REGION	POS	REF	ALT	REF_DP	REF_RV	REF_QUAL	ALT_DP	ALT_RV	ALT_QUAL	ALT_FREQ	TOTAL_DP	PVAL	PASS	GFF_FEATURE	REF_CODON	REF_AA	ALT_CODON	ALT_AA	POS_AA
NC_045512.2	350	C	T	677	6	33	1	0	34	0.00147493	678	0.500369	FALSE	ORF1ab:cds-YP_009724389.1	CGT	R	TGT	C	29
NC_045512.2	350	C	T	677	6	33	1	0	34	0.00147493	678	0.500369	FALSE	ORF1ab:cds-YP_009725295.1	CGT	R	TGT	C	29
NC_045512.2	357	T	C	1057	11	33	1	0	34	0.00094518	1058	0.750355	FALSE	ORF1ab:cds-YP_009724389.1	TTT	F	TCT	S	31
NC_045512.2	357	T	C	1057	11	33	1	0	34	0.00094518	1058	0.750355	FALSE	ORF1ab:cds-YP_009725295.1	TTT	F	TCT	S	31
NC_045512.2	368	G	T	1338	31	35	2	0	34	0.00149254	1340	0.50028	FALSE	ORF1ab:cds-YP_009724389.1	GTG	V	TTG	L	35
NC_045512.2	368	G	T	1338	31	35	2	0	34	0.00149254	1340	0.50028	FALSE	ORF1ab:cds-YP_009725295.1	GTG	V	TTG	L	35
NC_045512.2	375	A	G	1388	111	37	1	0	34	0.000719942	1389	0.75027	FALSE	ORF1ab:cds-YP_009724389.1	GAG	E	GGG	G	37
NC_045512.2	375	A	G	1388	111	37	1	0	34	0.000719942	1389	0.75027	FALSE	ORF1ab:cds-YP_009725295.1	GAG	E	GGG	G	37
NC_045512.2	377	G	T	1649	117	37	1	0	34	0.000606061	1650	0.750227	FALSE	ORF1ab:cds-YP_009724389.1	GTC	V	TTC	F	38
NC_045512.2	377	G	T	1649	117	37	1	0	34	0.000606061	1650	0.750227	FALSE	ORF1ab:cds-YP_009725295.1	GTC	V	TTC	F	38
NC_045512.2	378	T	G	1640	119	37	1	0	34	0.000609385	1641	0.750229	FALSE	ORF1ab:cds-YP_009724389.1	GTC	V	GGC	G	38
NC_045512.2	378	T	G	1640	119	37	1	0	34	0.000609385	1641	0.750229	FALSE	ORF1ab:cds-YP_009725295.1	GTC	V	GGC	G	38
NC_045512.2	382	A	C	1741	135	37	1	0	26	0.000574053	1742	0.999996	FALSE	ORF1ab:cds-YP_009724389.1	TTA	L	TTC	F	39
NC_045512.2	382	A	C	1741	135	37	1	0	26	0.000574053	1742	0.999996	FALSE	ORF1ab:cds-YP_009725295.1	TTA	L	TTC	F	39
NC_045512.2	384	C	G	1749	136	37	2	0	26	0.00114155	1752	0.999963	FALSE	ORF1ab:cds-YP_009724389.1	TCA	S	TGA	*	40
NC_045512.2	384	C	G	1749	136	37	2	0	26	0.00114155	1752	0.999963	FALSE	ORF1ab:cds-YP_009725295.1	TCA	S	TGA	*	40
NC_045512.2	384	C	A	1749	136	37	1	0	34	0.000570776	1752	0.749929	FALSE	ORF1ab:cds-YP_009724389.1	TCA	S	TAA	*	40
NC_045512.2	384	C	A	1749	136	37	1	0	34	0.000570776	1752	0.749929	FALSE	ORF1ab:cds-YP_009725295.1	TCA	S	TAA	*	40
NC_045512.2	392	C	T	1967	150	37	2	0	34	0.00101574	1969	0.500191	FALSE	ORF1ab:cds-YP_009724389.1	CGT	R	TGT	C	43
NC_045512.2	392	C	T	1967	150	37	2	0	34	0.00101574	1969	0.500191	FALSE	ORF1ab:cds-YP_009725295.1	CGT	R	TGT	C	43
NC_045512.2	402	T	C	2187	166	37	1	0	34	0.000457038	2188	0.875171	FALSE	ORF1ab:cds-YP_009724389.1	CTT	L	CCT	P	46
NC_045512.2	402	T	C	2187	166	37	1	0	34	0.000457038	2188	0.875171	FALSE	ORF1ab:cds-YP_009725295.1	CTT	L	CCT	P	46
NC_045512.2	403	T	C	2186	178	38	1	0	60	0.000457247	2187	0.500114	FALSE	ORF1ab:cds-YP_009724389.1	CTT	L	CTC	L	46
NC_045512.2	403	T	C	2186	178	38	1	0	60	0.000457247	2187	0.500114	FALSE	ORF1ab:cds-YP_009725295.1	CTT	L	CTC	L	46
NC_045512.2	404	A	G	2196	178	38	1	1	68	0.000455166	2197	0.500114	FALSE	ORF1ab:cds-YP_009724389.1	AAA	K	GAA	E	47
NC_045512.2	404	A	G	2196	178	38	1	1	68	0.000455166	2197	0.500114	FALSE	ORF1ab:cds-YP_009725295.1	AAA	K	GAA	E	47
NC_045512.2	405	A	G	0	0	0	2201	179	38	1	2201	0	TRUE	ORF1ab:cds-YP_009724389.1	AAA	K	AGA	R	47
NC_045512.2	405	A	G	0	0	0	2201	179	38	1	2201	0	TRUE	ORF1ab:cds-YP_009725295.1	AAA	K	AGA	R	47
NC_045512.2	406	A	G	2186	191	37	2	0	30	0.000914077	2188	0.687757	FALSE	ORF1ab:cds-YP_009724389.1	AAA	K	AAG	K	47
NC_045512.2	406	A	G	2186	191	37	2	0	30	0.000914077	2188	0.687757	FALSE	ORF1ab:cds-YP_009725295.1	AAA	K	AAG	K	47
NC_045512.2	412	C	T	2249	225	39	1	0	34	0.000444444	2250	0.875167	FALSE	ORF1ab:cds-YP_009724389.1	GGC	G	GGT	G	49
NC_045512.2	412	C	T	2249	225	39	1	0	34	0.000444444	2250	0.875167	FALSE	ORF1ab:cds-YP_009725295.1	GGC	G	GGT	G	49
NC_045512.2	422	T	G	2258	291	40	1	0	34	0.000442674	2259	0.875166	FALSE	ORF1ab:cds-YP_009724389.1	TTA	L	GTA	V	53
NC_045512.2	422	T	G	2258	291	40	1	0	34	0.000442674	2259	0.875166	FALSE	ORF1ab:cds-YP_009725295.1	TTA	L	GTA	V	53
NC_045512.2	432	T	C	2333	316	40	1	0	34	0.000428449	2334	0.875161	FALSE	ORF1ab:cds-YP_009724389.1	GTT	V	GCT	A	56
NC_045512.2	432	T	C	2333	316	40	1	0	34	0.000428449	2334	0.875161	FALSE	ORF1ab:cds-YP_009725295.1	GTT	V	GCT	A	56
NC_045512.2	434	G	T	2312	319	41	1	0	34	0.000432339	2313	0.875162	FALSE	ORF1ab:cds-YP_009724389.1	GAA	E	TAA	*	57
NC_045512.2	434	G	T	2312	319	41	1	0	34	0.000432339	2313	0.875162	FALSE	ORF1ab:cds-YP_009725295.1	GAA	E	TAA	*	57
NC_045512.2	434	G	-A	2312	319	41	1	0	20	0.000432339	2313	1	FALSE	NA	NA	NA	NA	NA	NA
NC_045512.2	439	A	G	2280	330	40	1	0	34	0.000438404	2281	0.875164	FALSE	ORF1ab:cds-YP_009724389.1	AAA	K	AAG	K	58
NC_045512.2	439	A	G	2280	330	40	1	0	34	0.000438404	2281	0.875164	FALSE	ORF1ab:cds-YP_009725295.1	AAA	K	AAG	K	58
NC_045512.2	440	G	T	2268	334	41	1	0	34	0.000440723	2269	0.875165	FALSE	ORF1ab:cds-YP_009724389.1	GGC	G	TGC	C	59
NC_045512.2	440	G	T	2268	334	41	1	0	34	0.000440723	2269	0.875165	FALSE	ORF1ab:cds-YP_009725295.1	GGC	G	TGC	C	59
NC_045512.2	443	G	-T	2122	371	41	2	0	20	0.000942507	2122	0.999997	FALSE	NA	NA	NA	NA	NA	NA
NC_045512.2	448	G	T	1959	433	40	2	0	34	0.00101989	1961	0.500191	FALSE	ORF1ab:cds-YP_009724389.1	TTG	L	TTT	F	61
NC_045512.2	448	G	T	1959	433	40	2	0	34	0.00101989	1961	0.500191	FALSE	ORF1ab:cds-YP_009725295.1	TTG	L	TTT	F	61
NC_045512.2	449	C	T	1911	440	40	1	0	26	0.000523013	1912	0.999999	FALSE	ORF1ab:cds-YP_009724389.1	CCT	P	TCT	S	62
NC_045512.2	449	C	T	1911	440	40	1	0	26	0.000523013	1912	0.999999	FALSE	ORF1ab:cds-YP_009725295.1	CCT	P	TCT	S	62
NC_045512.2	451	T	C	1936	443	40	2	0	51	0.00103199	1938	0.250065	FALSE	ORF1ab:cds-YP_009724389.1	CCT	P	CCC	P	62
NC_045512.2	451	T	C	1936	443	40	2	0	51	0.00103199	1938	0.250065	FALSE	ORF1ab:cds-YP_009725295.1	CCT	P	CCC	P	62
NC_045512.2	454	A	G	1899	469	39	1	0	26	0.000526316	1900	0.999999	FALSE	ORF1ab:cds-YP_009724389.1	CAA	Q	CAG	Q	63
NC_045512.2	454	A	G	1899	469	39	1	0	26	0.000526316	1900	0.999999	FALSE	ORF1ab:cds-YP_009725295.1	CAA	Q	CAG	Q	63
NC_045512.2	461	C	T	1854	588	39	1	0	34	0.000539084	1855	0.750202	FALSE	ORF1ab:cds-YP_009724389.1	CAG	Q	TAG	*	66
NC_045512.2	461	C	T	1854	588	39	1	0	34	0.000539084	1855	0.750202	FALSE	ORF1ab:cds-YP_009725295.1	CAG	Q	TAG	*	66
NC_045512.2	476	A	G	1876	627	39	1	1	34	0.000532765	1877	0.7502	FALSE	ORF1ab:cds-YP_009724389.1	ATC	I	GTC	V	71
NC_045512.2	476	A	G	1876	627	39	1	1	34	0.000532765	1877	0.7502	FALSE	ORF1ab:cds-YP_009725295.1	ATC	I	GTC	V	71
NC_045512.2	477	T	C	1817	661	38	1	1	34	0.000550055	1818	0.750206	FALSE	ORF1ab:cds-YP_009724389.1	ATC	I	ACC	T	71
NC_045512.2	477	T	C	1817	661	38	1	1	34	0.000550055	1818	0.750206	FALSE	ORF1ab:cds-YP_009725295.1	ATC	I	ACC	T	71
NC_045512.2	479	A	G	1746	650	38	1	0	34	0.00057241	1747	0.750215	FALSE	ORF1ab:cds-YP_009724389.1	AAA	K	GAA	E	72
NC_045512.2	479	A	G	1746	650	38	1	0	34	0.00057241	1747	0.750215	FALSE	ORF1ab:cds-YP_009725295.1	AAA	K	GAA	E	72
NC_045512.2	490	T	C	1789	740	38	1	0	34	0.000558659	1790	0.75021	FALSE	ORF1ab:cds-YP_009724389.1	GAT	D	GAC	D	75
NC_045512.2	490	T	C	1789	740	38	1	0	34	0.000558659	1790	0.75021	FALSE	ORF1ab:cds-YP_009725295.1	GAT	D	GAC	D	75
NC_045512.2	500	G	A	1651	886	37	1	0	34	0.000605327	1652	0.750227	FALSE	ORF1ab:cds-YP_009724389.1	GCA	A	ACA	T	79
NC_045512.2	500	G	A	1651	886	37	1	0	34	0.000605327	1652	0.750227	FALSE	ORF1ab:cds-YP_009725295.1	GCA	A	ACA	T	79
NC_045512.2	505	T	A	1661	858	37	1	0	26	0.000601685	1662	0.999993	FALSE	ORF1ab:cds-YP_009724389.1	CCT	P	CCA	P	80
NC_045512.2	505	T	A	1661	858	37	1	0	26	0.000601685	1662	0.999993	FALSE	ORF1ab:cds-YP_009725295.1	CCT	P	CCA	P	80
NC_045512.2	515	G	A	1809	930	37	1	0	34	0.000552486	1810	0.750207	FALSE	ORF1ab:cds-YP_009724389.1	GTT	V	ATT	I	84
NC_045512.2	515	G	A	1809	930	37	1	0	34	0.000552486	1810	0.750207	FALSE	ORF1ab:cds-YP_009725295.1	GTT	V	ATT	I	84
NC_045512.2	516	T	C	1812	946	37	1	1	34	0.000551572	1813	0.750207	FALSE	ORF1ab:cds-YP_009724389.1	GTT	V	GCT	A	84
NC_045512.2	516	T	C	1812	946	37	1	1	34	0.000551572	1813	0.750207	FALSE	ORF1ab:cds-YP_009725295.1	GTT	V	GCT	A	84
NC_045512.2	520	G	A	1798	910	37	1	0	34	0.000555864	1799	0.750209	FALSE	ORF1ab:cds-YP_009724389.1	ATG	M	ATA	I	85
NC_045512.2	520	G	A	1798	910	37	1	0	34	0.000555864	1799	0.750209	FALSE	ORF1ab:cds-YP_009725295.1	ATG	M	ATA	I	85
NC_045512.2	526	G	T	1722	868	37	1	0	34	0.000580383	1723	0.750218	FALSE	ORF1ab:cds-YP_009724389.1	GAG	E	GAT	D	87
NC_045512.2	526	G	T	1722	868	37	1	0	34	0.000580383	1723	0.750218	FALSE	ORF1ab:cds-YP_009725295.1	GAG	E	GAT	D	87
NC_045512.2	529	G	T	1763	909	37	1	1	26	0.000566893	1764	0.999996	FALSE	ORF1ab:cds-YP_009724389.1	CTG	L	CTT	L	88
NC_045512.2	529	G	T	1763	909	37	1	1	26	0.000566893	1764	0.999996	FALSE	ORF1ab:cds-YP_009725295.1	CTG	L	CTT	L	88
NC_045512.2	544	A	G	1805	968	38	1	1	34	0.00055371	1806	0.750208	FALSE	ORF1ab:cds-YP_009724389.1	GAA	E	GAG	E	93
NC_045512.2	544	A	G	1805	968	38	1	1	34	0.00055371	1806	0.750208	FALSE	ORF1ab:cds-YP_009725295.1	GAA	E	GAG	E	93
NC_045512.2	551	C	A	1867	957	38	1	0	34	0.000535332	1868	0.750201	FALSE	ORF1ab:cds-YP_009724389.1	CAG	Q	AAG	K	96
NC_045512.2	551	C	A	1867	957	38	1	0	34	0.000535332	1868	0.750201	FALSE	ORF1ab:cds-YP_009725295.1	CAG	Q	AAG	K	96
NC_045512.2	556	C	T	1910	1092	38	1	0	34	0.000522739	1913	0.749935	FALSE	ORF1ab:cds-YP_009724389.1	TAC	Y	TAT	Y	97
NC_045512.2	556	C	T	1910	1092	38	1	0	34	0.000522739	1913	0.749935	FALSE	ORF1ab:cds-YP_009725295.1	TAC	Y	TAT	Y	97
NC_045512.2	556	C	A	1910	1092	38	2	1	34	0.00104548	1913	0.5	FALSE	ORF1ab:cds-YP_009724389.1	TAC	Y	TAA	*	97
NC_045512.2	556	C	A	1910	1092	38	2	1	34	0.00104548	1913	0.5	FALSE	ORF1ab:cds-YP_009725295.1	TAC	Y	TAA	*	97
NC_045512.2	557	G	T	1854	1036	38	1	1	34	0.000539084	1855	0.750202	FALSE	ORF1ab:cds-YP_009724389.1	GGT	G	TGT	C	98
NC_045512.2	557	G	T	1854	1036	38	1	1	34	0.000539084	1855	0.750202	FALSE	ORF1ab:cds-YP_009725295.1	GGT	G	TGT	C	98
NC_045512.2	558	G	T	1893	1053	38	1	0	34	0.000527983	1894	0.750198	FALSE	ORF1ab:cds-YP_009724389.1	GGT	G	GTT	V	98
NC_045512.2	558	G	T	1893	1053	38	1	0	34	0.000527983	1894	0.750198	FALSE	ORF1ab:cds-YP_009725295.1	GGT	G	GTT	V	98
NC_045512.2	571	G	C	1586	952	36	1	1	26	0.00063012	1587	0.999985	FALSE	ORF1ab:cds-YP_009724389.1	GAG	E	GAC	D	102
NC_045512.2	571	G	C	1586	952	36	1	1	26	0.00063012	1587	0.999985	FALSE	ORF1ab:cds-YP_009725295.1	GAG	E	GAC	D	102
NC_045512.2	578	G	A	1686	1072	37	1	1	34	0.000592768	1687	0.750222	FALSE	ORF1ab:cds-YP_009724389.1	GGT	G	AGT	S	105
NC_045512.2	578	G	A	1686	1072	37	1	1	34	0.000592768	1687	0.750222	FALSE	ORF1ab:cds-YP_009725295.1	GGT	G	AGT	S	105
NC_045512.2	579	G	T	1779	1177	38	1	1	34	0.000561798	1780	0.750211	FALSE	ORF1ab:cds-YP_009724389.1	GGT	G	GTT	V	105
NC_045512.2	579	G	T	1779	1177	38	1	1	34	0.000561798	1780	0.750211	FALSE	ORF1ab:cds-YP_009725295.1	GGT	G	GTT	V	105
NC_045512.2	580	T	C	1751	1147	38	1	1	34	0.000570776	1752	0.750214	FALSE	ORF1ab:cds-YP_009724389.1	GGT	G	GGC	G	105
NC_045512.2	580	T	C	1751	1147	38	1	1	34	0.000570776	1752	0.750214	FALSE	ORF1ab:cds-YP_009725295.1	GGT	G	GGC	G	105
NC_045512.2	583	C	A	1762	1150	38	1	1	34	0.000567215	1763	0.750213	FALSE	ORF1ab:cds-YP_009724389.1	GTC	V	GTA	V	106
NC_045512.2	583	C	A	1762	1150	38	1	1	34	0.000567215	1763	0.750213	FALSE	ORF1ab:cds-YP_009725295.1	GTC	V	GTA	V	106
NC_045512.2	586	T	C	1699	1093	38	2	1	30	0.00117578	1701	0.500221	FALSE	ORF1ab:cds-YP_009724389.1	CTT	L	CTC	L	107
NC_045512.2	586	T	C	1699	1093	38	2	1	30	0.00117578	1701	0.500221	FALSE	ORF1ab:cds-YP_009725295.1	CTT	L	CTC	L	107
NC_045512.2	591	C	G	1775	1197	38	1	0	26	0.000562746	1777	0.999996	FALSE	ORF1ab:cds-YP_009724389.1	CCT	P	CGT	R	109
NC_045512.2	591	C	G	1775	1197	38	1	0	26	0.000562746	1777	0.999996	FALSE	ORF1ab:cds-YP_009725295.1	CCT	P	CGT	R	109
NC_045512.2	591	C	A	1775	1197	38	1	0	26	0.000562746	1777	0.999996	FALSE	ORF1ab:cds-YP_009724389.1	CCT	P	CAT	H	109
NC_045512.2	591	C	A	1775	1197	38	1	0	26	0.000562746	1777	0.999996	FALSE	ORF1ab:cds-YP_009725295.1	CCT	P	CAT	H	109
NC_045512.2	592	T	C	1780	1182	39	1	0	34	0.000561482	1781	0.750211	FALSE	ORF1ab:cds-YP_009724389.1	CCT	P	CCC	P	109
NC_045512.2	592	T	C	1780	1182	39	1	0	34	0.000561482	1781	0.750211	FALSE	ORF1ab:cds-YP_009725295.1	CCT	P	CCC	P	109
NC_045512.2	594	A	G	1766	1173	39	1	1	24	0.000565931	1767	0.999996	FALSE	ORF1ab:cds-YP_009724389.1	CAT	H	CGT	R	110
NC_045512.2	594	A	G	1766	1173	39	1	1	24	0.000565931	1767	0.999996	FALSE	ORF1ab:cds-YP_009725295.1	CAT	H	CGT	R	110
NC_045512.2	600	G	A	1709	1155	39	1	0	34	0.000584795	1710	0.750219	FALSE	ORF1ab:cds-YP_009724389.1	GGC	G	GAC	D	112
NC_045512.2	600	G	A	1709	1155	39	1	0	34	0.000584795	1710	0.750219	FALSE	ORF1ab:cds-YP_009725295.1	GGC	G	GAC	D	112
NC_045512.2	601	C	T	1	0	34	1697	1153	39	0.999411	1698	0	TRUE	ORF1ab:cds-YP_009724389.1	GGC	G	GGT	G	112
NC_045512.2	601	C	T	1	0	34	1697	1153	39	0.999411	1698	0	TRUE	ORF1ab:cds-YP_009725295.1	GGC	G	GGT	G	112
NC_045512.2	602	G	T	1688	1136	39	1	1	68	0.000591716	1690	0.5	FALSE	ORF1ab:cds-YP_009724389.1	GAA	E	TAA	*	113
NC_045512.2	602	G	T	1688	1136	39	1	1	68	0.000591716	1690	0.5	FALSE	ORF1ab:cds-YP_009725295.1	GAA	E	TAA	*	113
NC_045512.2	602	G	A	1688	1136	39	1	1	34	0.000591716	1690	0.750074	FALSE	ORF1ab:cds-YP_009724389.1	GAA	E	AAA	K	113
NC_045512.2	602	G	A	1688	1136	39	1	1	34	0.000591716	1690	0.750074	FALSE	ORF1ab:cds-YP_009725295.1	GAA	E	AAA	K	113
NC_045512.2	605	A	G	1744	1244	39	1	0	34	0.000573066	1745	0.750215	FALSE	ORF1ab:cds-YP_009724389.1	ATA	I	GTA	V	114
NC_045512.2	605	A	G	1744	1244	39	1	0	34	0.000573066	1745	0.750215	FALSE	ORF1ab:cds-YP_009725295.1	ATA	I	GTA	V	114
NC_045512.2	610	A	G	1678	1188	39	1	1	34	0.000595593	1679	0.750223	FALSE	ORF1ab:cds-YP_009724389.1	CCA	P	CCG	P	115
NC_045512.2	610	A	G	1678	1188	39	1	1	34	0.000595593	1679	0.750223	FALSE	ORF1ab:cds-YP_009725295.1	CCA	P	CCG	P	115
NC_045512.2	612	T	C	1674	1221	39	1	1	68	0.000597015	1675	0.500149	FALSE	ORF1ab:cds-YP_009724389.1	GTG	V	GCG	A	116
NC_045512.2	612	T	C	1674	1221	39	1	1	68	0.000597015	1675	0.500149	FALSE	ORF1ab:cds-YP_009725295.1	GTG	V	GCG	A	116
NC_045512.2	616	T	C	1653	1261	38	1	1	34	0.000604595	1654	0.750227	FALSE	ORF1ab:cds-YP_009724389.1	GCT	A	GCC	A	117
NC_045512.2	616	T	C	1653	1261	38	1	1	34	0.000604595	1654	0.750227	FALSE	ORF1ab:cds-YP_009725295.1	GCT	A	GCC	A	117
NC_045512.2	620	C	A	2277	2003	40	1	1	34	0.000438982	2278	0.875165	FALSE	ORF1ab:cds-YP_009724389.1	CGC	R	AGC	S	119
NC_045512.2	620	C	A	2277	2003	40	1	1	34	0.000438982	2278	0.875165	FALSE	ORF1ab:cds-YP_009725295.1	CGC	R	AGC	S	119
NC_045512.2	627	T	G	2240	1978	40	1	1	60	0.00044603	2242	0.5	FALSE	ORF1ab:cds-YP_009724389.1	GTT	V	GGT	G	121
NC_045512.2	627	T	G	2240	1978	40	1	1	60	0.00044603	2242	0.5	FALSE	ORF1ab:cds-YP_009725295.1	GTT	V	GGT	G	121
NC_045512.2	627	T	A	2240	1978	40	1	1	68	0.00044603	2242	0.5	FALSE	ORF1ab:cds-YP_009724389.1	GTT	V	GAT	D	121
NC_045512.2	627	T	A	2240	1978	40	1	1	68	0.00044603	2242	0.5	FALSE	ORF1ab:cds-YP_009725295.1	GTT	V	GAT	D	121
NC_045512.2	633	T	C	2043	1794	39	1	0	68	0.000489237	2044	0.500122	FALSE	ORF1ab:cds-YP_009724389.1	CTT	L	CCT	P	123
NC_045512.2	633	T	C	2043	1794	39	1	0	68	0.000489237	2044	0.500122	FALSE	ORF1ab:cds-YP_009725295.1	CTT	L	CCT	P	123
NC_045512.2	637	T	A	2106	1865	40	1	1	34	0.000474608	2107	0.875178	FALSE	ORF1ab:cds-YP_009724389.1	CGT	R	CGA	R	124
NC_045512.2	637	T	A	2106	1865	40	1	1	34	0.000474608	2107	0.875178	FALSE	ORF1ab:cds-YP_009725295.1	CGT	R	CGA	R	124
NC_045512.2	644	G	T	2066	1845	40	1	1	24	0.000483793	2067	1	FALSE	ORF1ab:cds-YP_009724389.1	GGT	G	TGT	C	127
NC_045512.2	644	G	T	2066	1845	40	1	1	24	0.000483793	2067	1	FALSE	ORF1ab:cds-YP_009725295.1	GGT	G	TGT	C	127
NC_045512.2	646	T	C	2036	1814	39	2	2	34	0.000981354	2038	0.687776	FALSE	ORF1ab:cds-YP_009724389.1	GGT	G	GGC	G	127
NC_045512.2	646	T	C	2036	1814	39	2	2	34	0.000981354	2038	0.687776	FALSE	ORF1ab:cds-YP_009725295.1	GGT	G	GGC	G	127
NC_045512.2	647	A	G	2046	1832	39	1	1	34	0.000488281	2048	0.875092	FALSE	ORF1ab:cds-YP_009724389.1	AAT	N	GAT	D	128
NC_045512.2	647	A	G	2046	1832	39	1	1	34	0.000488281	2048	0.875092	FALSE	ORF1ab:cds-YP_009725295.1	AAT	N	GAT	D	128
NC_045512.2	647	A	C	2046	1832	39	1	1	34	0.000488281	2048	0.875092	FALSE	ORF1ab:cds-YP_009724389.1	AAT	N	CAT	H	128
NC_045512.2	647	A	C	2046	1832	39	1	1	34	0.000488281	2048	0.875092	FALSE	ORF1ab:cds-YP_009725295.1	AAT	N	CAT	H	128
NC_045512.2	648	A	G	2074	1862	40	1	1	34	0.000481928	2075	0.875181	FALSE	ORF1ab:cds-YP_009724389.1	AAT	N	AGT	S	128
NC_045512.2	648	A	G	2074	1862	40	1	1	34	0.000481928	2075	0.875181	FALSE	ORF1ab:cds-YP_009725295.1	AAT	N	AGT	S	128
NC_045512.2	651	A	G	1977	1775	39	1	1	34	0.000505561	1978	0.75019	FALSE	ORF1ab:cds-YP_009724389.1	AAA	K	AGA	R	129
NC_045512.2	651	A	G	1977	1775	39	1	1	34	0.000505561	1978	0.75019	FALSE	ORF1ab:cds-YP_009725295.1	AAA	K	AGA	R	129
NC_045512.2	658	T	C	1773	1627	38	1	1	34	0.000563698	1774	0.750211	FALSE	ORF1ab:cds-YP_009724389.1	GCT	A	GCC	A	131
NC_045512.2	658	T	C	1773	1627	38	1	1	34	0.000563698	1774	0.750211	FALSE	ORF1ab:cds-YP_009725295.1	GCT	A	GCC	A	131
NC_045512.2	659	G	C	1850	1705	38	1	1	34	0.000540249	1851	0.750203	FALSE	ORF1ab:cds-YP_009724389.1	GGT	G	CGT	R	132
NC_045512.2	659	G	C	1850	1705	38	1	1	34	0.000540249	1851	0.750203	FALSE	ORF1ab:cds-YP_009725295.1	GGT	G	CGT	R	132
NC_045512.2	663	G	T	1841	1701	38	1	1	34	0.000542888	1842	0.750204	FALSE	ORF1ab:cds-YP_009724389.1	GGC	G	GTC	V	133
NC_045512.2	663	G	T	1841	1701	38	1	1	34	0.000542888	1842	0.750204	FALSE	ORF1ab:cds-YP_009725295.1	GGC	G	GTC	V	133
NC_045512.2	664	C	A	1847	1714	38	1	1	27	0.000541126	1848	0.999998	FALSE	ORF1ab:cds-YP_009724389.1	GGC	G	GGA	G	133
NC_045512.2	664	C	A	1847	1714	38	1	1	27	0.000541126	1848	0.999998	FALSE	ORF1ab:cds-YP_009725295.1	GGC	G	GGA	G	133
NC_045512.2	668	A	C	1807	1704	37	1	1	34	0.000553097	1808	0.750207	FALSE	ORF1ab:cds-YP_009724389.1	AGT	S	CGT	R	135
NC_045512.2	668	A	C	1807	1704	37	1	1	34	0.000553097	1808	0.750207	FALSE	ORF1ab:cds-YP_009725295.1	AGT	S	CGT	R	135
NC_045512.2	670	T	G	0	0	0	1799	1698	37	1	1799	0	TRUE	ORF1ab:cds-YP_009724389.1	AGT	S	AGG	R	135
NC_045512.2	670	T	G	0	0	0	1799	1698	37	1	1799	0	TRUE	ORF1ab:cds-YP_009725295.1	AGT	S	AGG	R	135
NC_045512.2	675	G	A	3454	1644	35	1	0	68	0.000289436	3455	0.500072	FALSE	ORF1ab:cds-YP_009724389.1	GGC	G	GAC	D	137
NC_045512.2	675	G	A	3454	1644	35	1	0	68	0.000289436	3455	0.500072	FALSE	ORF1ab:cds-YP_009725295.1	GGC	G	GAC	D	137
NC_045512.2	678	C	A	3404	1621	36	1	1	34	0.000293686	3405	0.937592	FALSE	ORF1ab:cds-YP_009724389.1	GCC	A	GAC	D	138
NC_045512.2	678	C	A	3404	1621	36	1	1	34	0.000293686	3405	0.937592	FALSE	ORF1ab:cds-YP_009725295.1	GCC	A	GAC	D	138
NC_045512.2	680	G	T	3457	1519	36	1	0	34	0.000289184	3458	0.93759	FALSE	ORF1ab:cds-YP_009724389.1	GAT	D	TAT	Y	139
NC_045512.2	680	G	T	3457	1519	36	1	0	34	0.000289184	3458	0.93759	FALSE	ORF1ab:cds-YP_009725295.1	GAT	D	TAT	Y	139
NC_045512.2	683	C	T	3539	1552	36	1	1	34	0.000282486	3540	0.937588	FALSE	ORF1ab:cds-YP_009724389.1	CTA	L	TTA	L	140
NC_045512.2	683	C	T	3539	1552	36	1	1	34	0.000282486	3540	0.937588	FALSE	ORF1ab:cds-YP_009725295.1	CTA	L	TTA	L	140
NC_045512.2	684	T	G	3487	1524	36	1	0	34	0.000286697	3488	0.93759	FALSE	ORF1ab:cds-YP_009724389.1	CTA	L	CGA	R	140
NC_045512.2	684	T	G	3487	1524	36	1	0	34	0.000286697	3488	0.93759	FALSE	ORF1ab:cds-YP_009725295.1	CTA	L	CGA	R	140
NC_045512.2	687	A	G	3494	1498	36	2	1	34	0.000571429	3500	0.812321	FALSE	ORF1ab:cds-YP_009724389.1	AAG	K	AGG	R	141
NC_045512.2	687	A	G	3494	1498	36	2	1	34	0.000571429	3500	0.812321	FALSE	ORF1ab:cds-YP_009725295.1	AAG	K	AGG	R	141
NC_045512.2	687	A	C	3494	1498	36	4	4	34	0.00114286	3500	0.499844	FALSE	ORF1ab:cds-YP_009724389.1	AAG	K	ACG	T	141
NC_045512.2	687	A	C	3494	1498	36	4	4	34	0.00114286	3500	0.499844	FALSE	ORF1ab:cds-YP_009725295.1	AAG	K	ACG	T	141
NC_045512.2	689	T	C	3360	1356	35	1	0	34	0.00029753	3361	0.937593	FALSE	ORF1ab:cds-YP_009724389.1	TCA	S	CCA	P	142
NC_045512.2	689	T	C	3360	1356	35	1	0	34	0.00029753	3361	0.937593	FALSE	ORF1ab:cds-YP_009725295.1	TCA	S	CCA	P	142
NC_045512.2	692	T	C	3311	1304	35	1	1	34	0.000301932	3312	0.937594	FALSE	ORF1ab:cds-YP_009724389.1	TTT	F	CTT	L	143
NC_045512.2	692	T	C	3311	1304	35	1	1	34	0.000301932	3312	0.937594	FALSE	ORF1ab:cds-YP_009725295.1	TTT	F	CTT	L	143
NC_045512.2	693	T	C	3283	1250	35	2	0	34	0.000608828	3285	0.81269	FALSE	ORF1ab:cds-YP_009724389.1	TTT	F	TCT	S	143
NC_045512.2	693	T	C	3283	1250	35	2	0	34	0.000608828	3285	0.81269	FALSE	ORF1ab:cds-YP_009725295.1	TTT	F	TCT	S	143
NC_045512.2	694	T	C	3429	1406	36	1	0	34	0.000291545	3430	0.937591	FALSE	ORF1ab:cds-YP_009724389.1	TTT	F	TTC	F	143
NC_045512.2	694	T	C	3429	1406	36	1	0	34	0.000291545	3430	0.937591	FALSE	ORF1ab:cds-YP_009725295.1	TTT	F	TTC	F	143
NC_045512.2	696	A	G	3500	1403	36	1	0	34	0.000285633	3501	0.937589	FALSE	ORF1ab:cds-YP_009724389.1	GAC	D	GGC	G	144
NC_045512.2	696	A	G	3500	1403	36	1	0	34	0.000285633	3501	0.937589	FALSE	ORF1ab:cds-YP_009725295.1	GAC	D	GGC	G	144
NC_045512.2	697	C	G	3536	1410	36	3	0	26	0.000847458	3540	1	FALSE	ORF1ab:cds-YP_009724389.1	GAC	D	GAG	E	144
NC_045512.2	697	C	G	3536	1410	36	3	0	26	0.000847458	3540	1	FALSE	ORF1ab:cds-YP_009725295.1	GAC	D	GAG	E	144
NC_045512.2	697	C	A	3536	1410	36	1	1	34	0.000282486	3540	0.937482	FALSE	ORF1ab:cds-YP_009724389.1	GAC	D	GAA	E	144
NC_045512.2	697	C	A	3536	1410	36	1	1	34	0.000282486	3540	0.937482	FALSE	ORF1ab:cds-YP_009725295.1	GAC	D	GAA	E	144
NC_045512.2	698	T	G	3510	1387	36	1	0	26	0.000284819	3511	1	FALSE	ORF1ab:cds-YP_009724389.1	TTA	L	GTA	V	145
NC_045512.2	698	T	G	3510	1387	36	1	0	26	0.000284819	3511	1	FALSE	ORF1ab:cds-YP_009725295.1	TTA	L	GTA	V	145
NC_045512.2	699	T	C	3470	1347	36	1	1	34	0.000288101	3471	0.93759	FALSE	ORF1ab:cds-YP_009724389.1	TTA	L	TCA	S	145
NC_045512.2	699	T	C	3470	1347	36	1	1	34	0.000288101	3471	0.93759	FALSE	ORF1ab:cds-YP_009725295.1	TTA	L	TCA	S	145
NC_045512.2	709	G	T	2752	228	36	3	0	26	0.00108893	2755	1	FALSE	ORF1ab:cds-YP_009724389.1	GAG	E	GAT	D	148
NC_045512.2	709	G	T	2752	228	36	3	0	26	0.00108893	2755	1	FALSE	ORF1ab:cds-YP_009725295.1	GAG	E	GAT	D	148
NC_045512.2	710	C	G	2723	233	36	1	0	34	0.000367107	2724	0.875138	FALSE	ORF1ab:cds-YP_009724389.1	CTT	L	GTT	V	149
NC_045512.2	710	C	G	2723	233	36	1	0	34	0.000367107	2724	0.875138	FALSE	ORF1ab:cds-YP_009725295.1	CTT	L	GTT	V	149
NC_045512.2	711	T	C	2763	244	37	1	0	34	0.000361795	2764	0.875136	FALSE	ORF1ab:cds-YP_009724389.1	CTT	L	CCT	P	149
NC_045512.2	711	T	C	2763	244	37	1	0	34	0.000361795	2764	0.875136	FALSE	ORF1ab:cds-YP_009725295.1	CTT	L	CCT	P	149
NC_045512.2	712	T	C	2769	241	37	1	1	60	0.000361011	2770	0.50009	FALSE	ORF1ab:cds-YP_009724389.1	CTT	L	CTC	L	149
NC_045512.2	712	T	C	2769	241	37	1	1	60	0.000361011	2770	0.50009	FALSE	ORF1ab:cds-YP_009725295.1	CTT	L	CTC	L	149
NC_045512.2	720	A	C	3011	329	38	1	1	34	0.000332005	3012	0.937604	FALSE	ORF1ab:cds-YP_009724389.1	GAT	D	GCT	A	152
NC_045512.2	720	A	C	3011	329	38	1	1	34	0.000332005	3012	0.937604	FALSE	ORF1ab:cds-YP_009725295.1	GAT	D	GCT	A	152
NC_045512.2	730	A	G	3121	383	39	1	0	34	0.000320307	3122	0.9376	FALSE	ORF1ab:cds-YP_009724389.1	GAA	E	GAG	E	155
NC_045512.2	730	A	G	3121	383	39	1	0	34	0.000320307	3122	0.9376	FALSE	ORF1ab:cds-YP_009725295.1	GAA	E	GAG	E	155
NC_045512.2	731	G	C	3120	381	39	1	0	34	0.00032041	3121	0.9376	FALSE	ORF1ab:cds-YP_009724389.1	GAT	D	CAT	H	156
NC_045512.2	731	G	C	3120	381	39	1	0	34	0.00032041	3121	0.9376	FALSE	ORF1ab:cds-YP_009725295.1	GAT	D	CAT	H	156
NC_045512.2	733	T	C	3111	384	39	1	0	26	0.000321337	3112	1	FALSE	ORF1ab:cds-YP_009724389.1	GAT	D	GAC	D	156
NC_045512.2	733	T	C	3111	384	39	1	0	26	0.000321337	3112	1	FALSE	ORF1ab:cds-YP_009725295.1	GAT	D	GAC	D	156
NC_045512.2	736	T	A	3107	387	39	1	0	34	0.00032175	3108	0.937601	FALSE	ORF1ab:cds-YP_009724389.1	TTT	F	TTA	L	157
NC_045512.2	736	T	A	3107	387	39	1	0	34	0.00032175	3108	0.937601	FALSE	ORF1ab:cds-YP_009725295.1	TTT	F	TTA	L	157
NC_045512.2	737	C	G	3127	396	39	1	0	26	0.000319693	3128	1	FALSE	ORF1ab:cds-YP_009724389.1	CAA	Q	GAA	E	158
NC_045512.2	737	C	G	3127	396	39	1	0	26	0.000319693	3128	1	FALSE	ORF1ab:cds-YP_009725295.1	CAA	Q	GAA	E	158
NC_045512.2	739	A	G	2918	397	38	1	0	34	0.000342583	2919	0.875128	FALSE	ORF1ab:cds-YP_009724389.1	CAA	Q	CAG	Q	158
NC_045512.2	739	A	G	2918	397	38	1	0	34	0.000342583	2919	0.875128	FALSE	ORF1ab:cds-YP_009725295.1	CAA	Q	CAG	Q	158
NC_045512.2	742	A	G	3136	409	39	1	0	34	0.000318776	3137	0.9376	FALSE	ORF1ab:cds-YP_009724389.1	GAA	E	GAG	E	159
NC_045512.2	742	A	G	3136	409	39	1	0	34	0.000318776	3137	0.9376	FALSE	ORF1ab:cds-YP_009725295.1	GAA	E	GAG	E	159
NC_045512.2	744	A	G	3092	421	39	2	0	34	0.000646412	3094	0.812702	FALSE	ORF1ab:cds-YP_009724389.1	AAC	N	AGC	S	160
NC_045512.2	744	A	G	3092	421	39	2	0	34	0.000646412	3094	0.812702	FALSE	ORF1ab:cds-YP_009725295.1	AAC	N	AGC	S	160
NC_045512.2	752	A	G	3339	446	40	1	0	34	0.000299401	3340	0.937594	FALSE	ORF1ab:cds-YP_009724389.1	ACT	T	GCT	A	163
NC_045512.2	752	A	G	3339	446	40	1	0	34	0.000299401	3340	0.937594	FALSE	ORF1ab:cds-YP_009725295.1	ACT	T	GCT	A	163
NC_045512.2	755	A	G	3312	499	40	1	0	34	0.000301841	3313	0.937594	FALSE	ORF1ab:cds-YP_009724389.1	AAA	K	GAA	E	164
NC_045512.2	755	A	G	3312	499	40	1	0	34	0.000301841	3313	0.937594	FALSE	ORF1ab:cds-YP_009725295.1	AAA	K	GAA	E	164
NC_045512.2	759	A	C	3360	500	40	1	1	27	0.00029753	3361	1	FALSE	ORF1ab:cds-YP_009724389.1	CAT	H	CCT	P	165
NC_045512.2	759	A	C	3360	500	40	1	1	27	0.00029753	3361	1	FALSE	ORF1ab:cds-YP_009725295.1	CAT	H	CCT	P	165
NC_045512.2	762	G	A	3393	522	40	2	1	34	0.000589102	3395	0.812684	FALSE	ORF1ab:cds-YP_009724389.1	AGC	S	AAC	N	166
NC_045512.2	762	G	A	3393	522	40	2	1	34	0.000589102	3395	0.812684	FALSE	ORF1ab:cds-YP_009725295.1	AGC	S	AAC	N	166
NC_045512.2	765	G	A	2910	671	39	1	0	34	0.000343525	2911	0.875129	FALSE	ORF1ab:cds-YP_009724389.1	AGT	S	AAT	N	167
NC_045512.2	765	G	A	2910	671	39	1	0	34	0.000343525	2911	0.875129	FALSE	ORF1ab:cds-YP_009725295.1	AGT	S	AAT	N	167
NC_045512.2	766	T	C	2822	697	40	1	0	34	0.000354233	2823	0.875133	FALSE	ORF1ab:cds-YP_009724389.1	AGT	S	AGC	S	167
NC_045512.2	766	T	C	2822	697	40	1	0	34	0.000354233	2823	0.875133	FALSE	ORF1ab:cds-YP_009725295.1	AGT	S	AGC	S	167
NC_045512.2	772	T	C	2722	790	39	4	3	42	0.00146735	2726	0.062477	FALSE	ORF1ab:cds-YP_009724389.1	GTT	V	GTC	V	169
NC_045512.2	772	T	C	2722	790	39	4	3	42	0.00146735	2726	0.062477	FALSE	ORF1ab:cds-YP_009725295.1	GTT	V	GTC	V	169
NC_045512.2	777	G	A	2788	794	39	2	1	51	0.000716846	2790	0.250045	FALSE	ORF1ab:cds-YP_009724389.1	CGT	R	CAT	H	171
NC_045512.2	777	G	A	2788	794	39	2	1	51	0.000716846	2790	0.250045	FALSE	ORF1ab:cds-YP_009725295.1	CGT	R	CAT	H	171
NC_045512.2	780	A	G	2791	786	39	1	0	34	0.000358166	2792	0.875134	FALSE	ORF1ab:cds-YP_009724389.1	GAA	E	GGA	G	172
NC_045512.2	780	A	G	2791	786	39	1	0	34	0.000358166	2792	0.875134	FALSE	ORF1ab:cds-YP_009725295.1	GAA	E	GGA	G	172
NC_045512.2	792	A	T	2678	909	38	1	0	26	0.000373134	2680	1	FALSE	ORF1ab:cds-YP_009724389.1	GAG	E	GTG	V	176
NC_045512.2	792	A	T	2678	909	38	1	0	26	0.000373134	2680	1	FALSE	ORF1ab:cds-YP_009725295.1	GAG	E	GTG	V	176
NC_045512.2	792	A	C	2678	909	38	1	1	34	0.000373134	2680	0.87507	FALSE	ORF1ab:cds-YP_009724389.1	GAG	E	GCG	A	176
NC_045512.2	792	A	C	2678	909	38	1	1	34	0.000373134	2680	0.87507	FALSE	ORF1ab:cds-YP_009725295.1	GAG	E	GCG	A	176
NC_045512.2	793	G	T	2880	918	38	2	0	26	0.000693963	2882	1	FALSE	ORF1ab:cds-YP_009724389.1	GAG	E	GAT	D	176
NC_045512.2	793	G	T	2880	918	38	2	0	26	0.000693963	2882	1	FALSE	ORF1ab:cds-YP_009725295.1	GAG	E	GAT	D	176
NC_045512.2	797	A	G	2837	941	38	3	1	31	0.00105634	2840	0.500165	FALSE	ORF1ab:cds-YP_009724389.1	AAC	N	GAC	D	178
NC_045512.2	797	A	G	2837	941	38	3	1	31	0.00105634	2840	0.500165	FALSE	ORF1ab:cds-YP_009725295.1	AAC	N	GAC	D	178
NC_045512.2	800	G	T	2902	997	38	1	0	34	0.000344471	2903	0.875129	FALSE	ORF1ab:cds-YP_009724389.1	GGA	G	TGA	*	179
NC_045512.2	800	G	T	2902	997	38	1	0	34	0.000344471	2903	0.875129	FALSE	ORF1ab:cds-YP_009725295.1	GGA	G	TGA	*	179
NC_045512.2	802	A	G	2833	949	38	1	1	68	0.000352858	2834	0.500088	FALSE	ORF1ab:cds-YP_009724389.1	GGA	G	GGG	G	179
NC_045512.2	802	A	G	2833	949	38	1	1	68	0.000352858	2834	0.500088	FALSE	ORF1ab:cds-YP_009725295.1	GGA	G	GGG	G	179
NC_045512.2	805	G	T	3150	994	38	2	0	34	0.000634518	3152	0.812698	FALSE	ORF1ab:cds-YP_009724389.1	GGG	G	GGT	G	180
NC_045512.2	805	G	T	3150	994	38	2	0	34	0.000634518	3152	0.812698	FALSE	ORF1ab:cds-YP_009725295.1	GGG	G	GGT	G	180
NC_045512.2	808	A	G	3146	1026	38	1	0	34	0.000317763	3147	0.937599	FALSE	ORF1ab:cds-YP_009724389.1	GCA	A	GCG	A	181
NC_045512.2	808	A	G	3146	1026	38	1	0	34	0.000317763	3147	0.937599	FALSE	ORF1ab:cds-YP_009725295.1	GCA	A	GCG	A	181
NC_045512.2	809	T	G	3137	1034	38	1	0	34	0.000318573	3139	0.93756	FALSE	ORF1ab:cds-YP_009724389.1	TAC	Y	GAC	D	182
NC_045512.2	809	T	G	3137	1034	38	1	0	34	0.000318573	3139	0.93756	FALSE	ORF1ab:cds-YP_009725295.1	TAC	Y	GAC	D	182
NC_045512.2	809	T	C	3137	1034	38	1	0	34	0.000318573	3139	0.93756	FALSE	ORF1ab:cds-YP_009724389.1	TAC	Y	CAC	H	182
NC_045512.2	809	T	C	3137	1034	38	1	0	34	0.000318573	3139	0.93756	FALSE	ORF1ab:cds-YP_009725295.1	TAC	Y	CAC	H	182
NC_045512.2	811	C	G	2942	1065	38	1	0	27	0.000339789	2943	1	FALSE	ORF1ab:cds-YP_009724389.1	TAC	Y	TAG	*	182
NC_045512.2	811	C	G	2942	1065	38	1	0	27	0.000339789	2943	1	FALSE	ORF1ab:cds-YP_009725295.1	TAC	Y	TAG	*	182
NC_045512.2	813	C	A	2851	1094	37	1	1	26	0.000350631	2852	1	FALSE	ORF1ab:cds-YP_009724389.1	ACT	T	AAT	N	183
NC_045512.2	813	C	A	2851	1094	37	1	1	26	0.000350631	2852	1	FALSE	ORF1ab:cds-YP_009725295.1	ACT	T	AAT	N	183
NC_045512.2	814	T	C	2745	1002	37	2	0	34	0.000728067	2747	0.687705	FALSE	ORF1ab:cds-YP_009724389.1	ACT	T	ACC	T	183
NC_045512.2	814	T	C	2745	1002	37	2	0	34	0.000728067	2747	0.687705	FALSE	ORF1ab:cds-YP_009725295.1	ACT	T	ACC	T	183
NC_045512.2	817	C	A	2774	995	37	1	0	34	0.00036036	2775	0.875135	FALSE	ORF1ab:cds-YP_009724389.1	CGC	R	CGA	R	184
NC_045512.2	817	C	A	2774	995	37	1	0	34	0.00036036	2775	0.875135	FALSE	ORF1ab:cds-YP_009725295.1	CGC	R	CGA	R	184
NC_045512.2	820	T	C	2706	974	37	1	0	34	0.000369413	2707	0.875139	FALSE	ORF1ab:cds-YP_009724389.1	TAT	Y	TAC	Y	185
NC_045512.2	820	T	C	2706	974	37	1	0	34	0.000369413	2707	0.875139	FALSE	ORF1ab:cds-YP_009725295.1	TAT	Y	TAC	Y	185
NC_045512.2	823	C	G	2750	977	37	1	0	34	0.000363504	2751	0.875136	FALSE	ORF1ab:cds-YP_009724389.1	GTC	V	GTG	V	186
NC_045512.2	823	C	G	2750	977	37	1	0	34	0.000363504	2751	0.875136	FALSE	ORF1ab:cds-YP_009725295.1	GTC	V	GTG	V	186
NC_045512.2	827	A	T	2504	1001	36	1	0	26	0.000399042	2506	1	FALSE	ORF1ab:cds-YP_009724389.1	AAC	N	TAC	Y	188
NC_045512.2	827	A	T	2504	1001	36	1	0	26	0.000399042	2506	1	FALSE	ORF1ab:cds-YP_009725295.1	AAC	N	TAC	Y	188
NC_045512.2	827	A	G	2504	1001	36	1	1	34	0.000399042	2506	0.875075	FALSE	ORF1ab:cds-YP_009724389.1	AAC	N	GAC	D	188
NC_045512.2	827	A	G	2504	1001	36	1	1	34	0.000399042	2506	0.875075	FALSE	ORF1ab:cds-YP_009725295.1	AAC	N	GAC	D	188
NC_045512.2	829	C	T	2798	1011	37	1	1	34	0.00035727	2799	0.875134	FALSE	ORF1ab:cds-YP_009724389.1	AAC	N	AAT	N	188
NC_045512.2	829	C	T	2798	1011	37	1	1	34	0.00035727	2799	0.875134	FALSE	ORF1ab:cds-YP_009725295.1	AAC	N	AAT	N	188
NC_045512.2	832	C	A	2766	973	37	1	1	26	0.000361402	2767	1	FALSE	ORF1ab:cds-YP_009724389.1	AAC	N	AAA	K	189
NC_045512.2	832	C	A	2766	973	37	1	1	26	0.000361402	2767	1	FALSE	ORF1ab:cds-YP_009725295.1	AAC	N	AAA	K	189
NC_045512.2	835	C	G	2780	980	37	1	0	34	0.000359583	2781	0.875135	FALSE	ORF1ab:cds-YP_009724389.1	TTC	F	TTG	L	190
NC_045512.2	835	C	G	2780	980	37	1	0	34	0.000359583	2781	0.875135	FALSE	ORF1ab:cds-YP_009725295.1	TTC	F	TTG	L	190
NC_045512.2	836	T	A	2761	966	37	1	0	26	0.000362056	2762	1	FALSE	ORF1ab:cds-YP_009724389.1	TGT	C	AGT	S	191
NC_045512.2	836	T	A	2761	966	37	1	0	26	0.000362056	2762	1	FALSE	ORF1ab:cds-YP_009725295.1	TGT	C	AGT	S	191
NC_045512.2	841	C	T	2821	972	37	2	0	34	0.000708466	2823	0.687699	FALSE	ORF1ab:cds-YP_009724389.1	GGC	G	GGT	G	192
NC_045512.2	841	C	T	2821	972	37	2	0	34	0.000708466	2823	0.687699	FALSE	ORF1ab:cds-YP_009725295.1	GGC	G	GGT	G	192
NC_045512.2	847	T	C	3001	1133	38	1	1	68	0.000333111	3002	0.500083	FALSE	ORF1ab:cds-YP_009724389.1	GAT	D	GAC	D	194
NC_045512.2	847	T	C	3001	1133	38	1	1	68	0.000333111	3002	0.500083	FALSE	ORF1ab:cds-YP_009725295.1	GAT	D	GAC	D	194
NC_045512.2	850	C	T	2954	1206	38	1	0	34	0.000338295	2956	0.875063	FALSE	ORF1ab:cds-YP_009724389.1	GGC	G	GGT	G	195
NC_045512.2	850	C	T	2954	1206	38	1	0	34	0.000338295	2956	0.875063	FALSE	ORF1ab:cds-YP_009725295.1	GGC	G	GGT	G	195
NC_045512.2	850	C	G	2954	1206	38	1	0	26	0.000338295	2956	1	FALSE	ORF1ab:cds-YP_009724389.1	GGC	G	GGG	G	195
NC_045512.2	850	C	G	2954	1206	38	1	0	26	0.000338295	2956	1	FALSE	ORF1ab:cds-YP_009725295.1	GGC	G	GGG	G	195
NC_045512.2	851	T	G	2931	1190	38	1	0	26	0.000340948	2933	1	FALSE	ORF1ab:cds-YP_009724389.1	TAC	Y	GAC	D	196
NC_045512.2	851	T	G	2931	1190	38	1	0	26	0.000340948	2933	1	FALSE	ORF1ab:cds-YP_009725295.1	TAC	Y	GAC	D	196
NC_045512.2	851	T	C	2931	1190	38	1	0	34	0.000340948	2933	0.875064	FALSE	ORF1ab:cds-YP_009724389.1	TAC	Y	CAC	H	196
NC_045512.2	851	T	C	2931	1190	38	1	0	34	0.000340948	2933	0.875064	FALSE	ORF1ab:cds-YP_009725295.1	TAC	Y	CAC	H	196
NC_045512.2	852	A	C	3419	1821	41	1	1	27	0.000292398	3420	1	FALSE	ORF1ab:cds-YP_009724389.1	TAC	Y	TCC	S	196
NC_045512.2	852	A	C	3419	1821	41	1	1	27	0.000292398	3420	1	FALSE	ORF1ab:cds-YP_009725295.1	TAC	Y	TCC	S	196
NC_045512.2	853	C	T	3482	1895	41	3	3	34	0.000860832	3485	0.656452	FALSE	ORF1ab:cds-YP_009724389.1	TAC	Y	TAT	Y	196
NC_045512.2	853	C	T	3482	1895	41	3	3	34	0.000860832	3485	0.656452	FALSE	ORF1ab:cds-YP_009725295.1	TAC	Y	TAT	Y	196
NC_045512.2	854	C	T	3503	1878	41	1	0	68	0.000285388	3504	0.500071	FALSE	ORF1ab:cds-YP_009724389.1	CCT	P	TCT	S	197
NC_045512.2	854	C	T	3503	1878	41	1	0	68	0.000285388	3504	0.500071	FALSE	ORF1ab:cds-YP_009725295.1	CCT	P	TCT	S	197
NC_045512.2	856	T	C	3398	1868	41	1	0	34	0.000294204	3399	0.937592	FALSE	ORF1ab:cds-YP_009724389.1	CCT	P	CCC	P	197
NC_045512.2	856	T	C	3398	1868	41	1	0	34	0.000294204	3399	0.937592	FALSE	ORF1ab:cds-YP_009725295.1	CCT	P	CCC	P	197
NC_045512.2	859	T	C	3392	1932	41	1	0	24	0.000294724	3393	1	FALSE	ORF1ab:cds-YP_009724389.1	CTT	L	CTC	L	198
NC_045512.2	859	T	C	3392	1932	41	1	0	24	0.000294724	3393	1	FALSE	ORF1ab:cds-YP_009725295.1	CTT	L	CTC	L	198
NC_045512.2	861	A	G	3526	2098	42	1	0	34	0.000283527	3527	0.937589	FALSE	ORF1ab:cds-YP_009724389.1	GAG	E	GGG	G	199
NC_045512.2	861	A	G	3526	2098	42	1	0	34	0.000283527	3527	0.937589	FALSE	ORF1ab:cds-YP_009725295.1	GAG	E	GGG	G	199
NC_045512.2	867	T	C	3412	2025	41	1	1	26	0.000292997	3413	1	FALSE	ORF1ab:cds-YP_009724389.1	ATT	I	ACT	T	201
NC_045512.2	867	T	C	3412	2025	41	1	1	26	0.000292997	3413	1	FALSE	ORF1ab:cds-YP_009725295.1	ATT	I	ACT	T	201
NC_045512.2	870	A	C	3372	2143	40	1	0	34	0.000296472	3373	0.937593	FALSE	ORF1ab:cds-YP_009724389.1	AAA	K	ACA	T	202
NC_045512.2	870	A	C	3372	2143	40	1	0	34	0.000296472	3373	0.937593	FALSE	ORF1ab:cds-YP_009725295.1	AAA	K	ACA	T	202
NC_045512.2	882	C	T	3338	2134	40	1	0	34	0.000299491	3339	0.937594	FALSE	ORF1ab:cds-YP_009724389.1	GCA	A	GTA	V	206
NC_045512.2	882	C	T	3338	2134	40	1	0	34	0.000299491	3339	0.937594	FALSE	ORF1ab:cds-YP_009725295.1	GCA	A	GTA	V	206
NC_045512.2	888	C	T	3233	2073	40	1	1	26	0.000309215	3234	1	FALSE	ORF1ab:cds-YP_009724389.1	GCT	A	GTT	V	208
NC_045512.2	888	C	T	3233	2073	40	1	1	26	0.000309215	3234	1	FALSE	ORF1ab:cds-YP_009725295.1	GCT	A	GTT	V	208
NC_045512.2	889	T	C	2707	1541	38	3	2	45	0.00110579	2713	0.124793	FALSE	ORF1ab:cds-YP_009724389.1	GCT	A	GCC	A	208
NC_045512.2	889	T	C	2707	1541	38	3	2	45	0.00110579	2713	0.124793	FALSE	ORF1ab:cds-YP_009725295.1	GCT	A	GCC	A	208
NC_045512.2	889	T	A	2707	1541	38	3	3	24	0.00110579	2713	1	FALSE	ORF1ab:cds-YP_009724389.1	GCT	A	GCA	A	208
NC_045512.2	889	T	A	2707	1541	38	3	3	24	0.00110579	2713	1	FALSE	ORF1ab:cds-YP_009725295.1	GCT	A	GCA	A	208
NC_045512.2	894	A	G	3364	2348	40	1	1	34	0.000297177	3365	0.937593	FALSE	ORF1ab:cds-YP_009724389.1	AAA	K	AGA	R	210
NC_045512.2	894	A	G	3364	2348	40	1	1	34	0.000297177	3365	0.937593	FALSE	ORF1ab:cds-YP_009725295.1	AAA	K	AGA	R	210
NC_045512.2	895	A	G	3340	2327	40	1	1	26	0.000299312	3341	1	FALSE	ORF1ab:cds-YP_009724389.1	AAA	K	AAG	K	210
NC_045512.2	895	A	G	3340	2327	40	1	1	26	0.000299312	3341	1	FALSE	ORF1ab:cds-YP_009725295.1	AAA	K	AAG	K	210
NC_045512.2	898	T	A	3392	2387	40	1	1	27	0.000294724	3393	1	FALSE	ORF1ab:cds-YP_009724389.1	GCT	A	GCA	A	211
NC_045512.2	898	T	A	3392	2387	40	1	1	27	0.000294724	3393	1	FALSE	ORF1ab:cds-YP_009725295.1	GCT	A	GCA	A	211
NC_045512.2	901	A	G	3369	2365	40	1	1	60	0.000296736	3370	0.500074	FALSE	ORF1ab:cds-YP_009724389.1	TCA	S	TCG	S	212
NC_045512.2	901	A	G	3369	2365	40	1	1	60	0.000296736	3370	0.500074	FALSE	ORF1ab:cds-YP_009725295.1	TCA	S	TCG	S	212
NC_045512.2	908	T	C	3412	2670	39	1	0	68	0.000292997	3413	0.500073	FALSE	ORF1ab:cds-YP_009724389.1	TTG	L	CTG	L	215
NC_045512.2	908	T	C	3412	2670	39	1	0	68	0.000292997	3413	0.500073	FALSE	ORF1ab:cds-YP_009725295.1	TTG	L	CTG	L	215
NC_045512.2	909	T	C	3401	2674	39	1	1	34	0.000293945	3402	0.937592	FALSE	ORF1ab:cds-YP_009724389.1	TTG	L	TCG	S	215
NC_045512.2	909	T	C	3401	2674	39	1	1	34	0.000293945	3402	0.937592	FALSE	ORF1ab:cds-YP_009725295.1	TTG	L	TCG	S	215
NC_045512.2	912	C	T	3448	2723	39	1	0	34	0.000289855	3450	0.937554	FALSE	ORF1ab:cds-YP_009724389.1	TCC	S	TTC	F	216
NC_045512.2	912	C	T	3448	2723	39	1	0	34	0.000289855	3450	0.937554	FALSE	ORF1ab:cds-YP_009725295.1	TCC	S	TTC	F	216
NC_045512.2	912	C	A	3448	2723	39	1	1	34	0.000289855	3450	0.937554	FALSE	ORF1ab:cds-YP_009724389.1	TCC	S	TAC	Y	216
NC_045512.2	912	C	A	3448	2723	39	1	1	34	0.000289855	3450	0.937554	FALSE	ORF1ab:cds-YP_009725295.1	TCC	S	TAC	Y	216
NC_045512.2	920	C	A	3556	2952	39	1	0	34	0.000281136	3557	0.937588	FALSE	ORF1ab:cds-YP_009724389.1	CTG	L	ATG	M	219
NC_045512.2	920	C	A	3556	2952	39	1	0	34	0.000281136	3557	0.937588	FALSE	ORF1ab:cds-YP_009725295.1	CTG	L	ATG	M	219
NC_045512.2	921	T	C	3666	3097	39	2	1	51	0.000545256	3668	0.250034	FALSE	ORF1ab:cds-YP_009724389.1	CTG	L	CCG	P	219
NC_045512.2	921	T	C	3666	3097	39	2	1	51	0.000545256	3668	0.250034	FALSE	ORF1ab:cds-YP_009725295.1	CTG	L	CCG	P	219
NC_045512.2	922	G	T	3626	3051	39	1	1	34	0.000275406	3631	0.937448	FALSE	ORF1ab:cds-YP_009724389.1	CTG	L	CTT	L	219
NC_045512.2	922	G	T	3626	3051	39	1	1	34	0.000275406	3631	0.937448	FALSE	ORF1ab:cds-YP_009725295.1	CTG	L	CTT	L	219
NC_045512.2	922	G	C	3626	3051	39	4	4	34	0.00110162	3631	0.5	FALSE	ORF1ab:cds-YP_009724389.1	CTG	L	CTC	L	219
NC_045512.2	922	G	C	3626	3051	39	4	4	34	0.00110162	3631	0.5	FALSE	ORF1ab:cds-YP_009725295.1	CTG	L	CTC	L	219
NC_045512.2	925	C	A	3730	3174	39	1	1	26	0.000268025	3731	1	FALSE	ORF1ab:cds-YP_009724389.1	GAC	D	GAA	E	220
NC_045512.2	925	C	A	3730	3174	39	1	1	26	0.000268025	3731	1	FALSE	ORF1ab:cds-YP_009725295.1	GAC	D	GAA	E	220
NC_045512.2	928	T	C	3416	2893	38	1	1	34	0.000292569	3418	0.937555	FALSE	ORF1ab:cds-YP_009724389.1	TTT	F	TTC	F	221
NC_045512.2	928	T	C	3416	2893	38	1	1	34	0.000292569	3418	0.937555	FALSE	ORF1ab:cds-YP_009725295.1	TTT	F	TTC	F	221
NC_045512.2	928	T	A	3416	2893	38	1	1	26	0.000292569	3418	1	FALSE	ORF1ab:cds-YP_009724389.1	TTT	F	TTA	L	221
NC_045512.2	928	T	A	3416	2893	38	1	1	26	0.000292569	3418	1	FALSE	ORF1ab:cds-YP_009725295.1	TTT	F	TTA	L	221
NC_045512.2	930	T	C	3286	2777	37	1	1	34	0.000304229	3287	0.937595	FALSE	ORF1ab:cds-YP_009724389.1	ATT	I	ACT	T	222
NC_045512.2	930	T	C	3286	2777	37	1	1	34	0.000304229	3287	0.937595	FALSE	ORF1ab:cds-YP_009725295.1	ATT	I	ACT	T	222
NC_045512.2	933	A	T	3861	3395	39	1	1	26	0.000258933	3862	1	FALSE	ORF1ab:cds-YP_009724389.1	GAC	D	GTC	V	223
NC_045512.2	933	A	T	3861	3395	39	1	1	26	0.000258933	3862	1	FALSE	ORF1ab:cds-YP_009725295.1	GAC	D	GTC	V	223
NC_045512.2	940	G	A	3941	3518	40	1	1	34	0.000253678	3942	0.937579	FALSE	ORF1ab:cds-YP_009724389.1	AAG	K	AAA	K	225
NC_045512.2	940	G	A	3941	3518	40	1	1	34	0.000253678	3942	0.937579	FALSE	ORF1ab:cds-YP_009725295.1	AAG	K	AAA	K	225
NC_045512.2	941	A	G	3911	3509	39	1	1	34	0.000255624	3912	0.93758	FALSE	ORF1ab:cds-YP_009724389.1	AGG	R	GGG	G	226
NC_045512.2	941	A	G	3911	3509	39	1	1	34	0.000255624	3912	0.93758	FALSE	ORF1ab:cds-YP_009725295.1	AGG	R	GGG	G	226
NC_045512.2	943	G	C	3758	3370	39	1	1	26	0.000266028	3759	1	FALSE	ORF1ab:cds-YP_009724389.1	AGG	R	AGC	S	226
NC_045512.2	943	G	C	3758	3370	39	1	1	26	0.000266028	3759	1	FALSE	ORF1ab:cds-YP_009725295.1	AGG	R	AGC	S	226
NC_045512.2	945	G	A	3754	3364	39	1	0	60	0.000266312	3755	0.500067	FALSE	ORF1ab:cds-YP_009724389.1	GGT	G	GAT	D	227
NC_045512.2	945	G	A	3754	3364	39	1	0	60	0.000266312	3755	0.500067	FALSE	ORF1ab:cds-YP_009725295.1	GGT	G	GAT	D	227
NC_045512.2	946	T	A	3669	3292	39	1	0	24	0.00027248	3670	1	FALSE	ORF1ab:cds-YP_009724389.1	GGT	G	GGA	G	227
NC_045512.2	946	T	A	3669	3292	39	1	0	24	0.00027248	3670	1	FALSE	ORF1ab:cds-YP_009725295.1	GGT	G	GGA	G	227
NC_045512.2	947	G	A	3656	3278	39	1	1	34	0.000273448	3657	0.937585	FALSE	ORF1ab:cds-YP_009724389.1	GTA	V	ATA	I	228
NC_045512.2	947	G	A	3656	3278	39	1	1	34	0.000273448	3657	0.937585	FALSE	ORF1ab:cds-YP_009725295.1	GTA	V	ATA	I	228
NC_045512.2	948	T	C	3575	3237	38	1	1	34	0.000279642	3576	0.937587	FALSE	ORF1ab:cds-YP_009724389.1	GTA	V	GCA	A	228
NC_045512.2	948	T	C	3575	3237	38	1	1	34	0.000279642	3576	0.937587	FALSE	ORF1ab:cds-YP_009725295.1	GTA	V	GCA	A	228
NC_045512.2	949	A	G	3597	3267	38	1	1	26	0.000277932	3598	1	FALSE	ORF1ab:cds-YP_009724389.1	GTA	V	GTG	V	228
NC_045512.2	949	A	G	3597	3267	38	1	1	26	0.000277932	3598	1	FALSE	ORF1ab:cds-YP_009725295.1	GTA	V	GTG	V	228
NC_045512.2	951	A	G	3501	3184	38	1	1	34	0.00028547	3503	0.937554	FALSE	ORF1ab:cds-YP_009724389.1	TAC	Y	TGC	C	229
NC_045512.2	951	A	G	3501	3184	38	1	1	34	0.00028547	3503	0.937554	FALSE	ORF1ab:cds-YP_009725295.1	TAC	Y	TGC	C	229
NC_045512.2	951	A	C	3501	3184	38	1	1	34	0.00028547	3503	0.937554	FALSE	ORF1ab:cds-YP_009724389.1	TAC	Y	TCC	S	229
NC_045512.2	951	A	C	3501	3184	38	1	1	34	0.00028547	3503	0.937554	FALSE	ORF1ab:cds-YP_009725295.1	TAC	Y	TCC	S	229
NC_045512.2	952	C	A	3494	3246	37	1	1	26	0.000286123	3495	1	FALSE	ORF1ab:cds-YP_009724389.1	TAC	Y	TAA	*	229
NC_045512.2	952	C	A	3494	3246	37	1	1	26	0.000286123	3495	1	FALSE	ORF1ab:cds-YP_009725295.1	TAC	Y	TAA	*	229
NC_045512.2	954	G	A	2554	2323	38	1	1	34	0.000391389	2555	0.875147	FALSE	ORF1ab:cds-YP_009724389.1	TGC	C	TAC	Y	230
NC_045512.2	954	G	A	2554	2323	38	1	1	34	0.000391389	2555	0.875147	FALSE	ORF1ab:cds-YP_009725295.1	TGC	C	TAC	Y	230
NC_045512.2	958	C	T	2321	2117	38	1	1	34	0.000430663	2322	0.875162	FALSE	ORF1ab:cds-YP_009724389.1	TGC	C	TGT	C	231
NC_045512.2	958	C	T	2321	2117	38	1	1	34	0.000430663	2322	0.875162	FALSE	ORF1ab:cds-YP_009725295.1	TGC	C	TGT	C	231
NC_045512.2	960	G	A	2304	2101	38	1	1	34	0.000433839	2305	0.875163	FALSE	ORF1ab:cds-YP_009724389.1	CGT	R	CAT	H	232
NC_045512.2	960	G	A	2304	2101	38	1	1	34	0.000433839	2305	0.875163	FALSE	ORF1ab:cds-YP_009725295.1	CGT	R	CAT	H	232
NC_045512.2	963	A	G	2184	1997	38	2	2	34	0.000914077	2188	0.687414	FALSE	ORF1ab:cds-YP_009724389.1	GAA	E	GGA	G	233
NC_045512.2	963	A	G	2184	1997	38	2	2	34	0.000914077	2188	0.687414	FALSE	ORF1ab:cds-YP_009725295.1	GAA	E	GGA	G	233
NC_045512.2	963	A	C	2184	1997	38	2	2	34	0.000914077	2188	0.687414	FALSE	ORF1ab:cds-YP_009724389.1	GAA	E	GCA	A	233
NC_045512.2	963	A	C	2184	1997	38	2	2	34	0.000914077	2188	0.687414	FALSE	ORF1ab:cds-YP_009725295.1	GAA	E	GCA	A	233
NC_045512.2	965	C	A	2176	2016	37	1	1	26	0.000459348	2177	1	FALSE	ORF1ab:cds-YP_009724389.1	CAT	H	AAT	N	234
NC_045512.2	965	C	A	2176	2016	37	1	1	26	0.000459348	2177	1	FALSE	ORF1ab:cds-YP_009725295.1	CAT	H	AAT	N	234
NC_045512.2	975	A	G	3206	1973	36	1	1	34	0.000311818	3207	0.937597	FALSE	ORF1ab:cds-YP_009724389.1	GAA	E	GGA	G	237
NC_045512.2	975	A	G	3206	1973	36	1	1	34	0.000311818	3207	0.937597	FALSE	ORF1ab:cds-YP_009725295.1	GAA	E	GGA	G	237
NC_045512.2	979	T	C	3191	1954	36	1	1	34	0.000313283	3192	0.937598	FALSE	ORF1ab:cds-YP_009724389.1	ATT	I	ATC	I	238
NC_045512.2	979	T	C	3191	1954	36	1	1	34	0.000313283	3192	0.937598	FALSE	ORF1ab:cds-YP_009725295.1	ATT	I	ATC	I	238
NC_045512.2	982	T	G	3290	1954	36	1	0	34	0.000303859	3291	0.937595	FALSE	ORF1ab:cds-YP_009724389.1	GCT	A	GCG	A	239
NC_045512.2	982	T	G	3290	1954	36	1	0	34	0.000303859	3291	0.937595	FALSE	ORF1ab:cds-YP_009725295.1	GCT	A	GCG	A	239
NC_045512.2	983	T	A	3354	1935	35	1	0	34	0.000298063	3355	0.937593	FALSE	ORF1ab:cds-YP_009724389.1	TGG	W	AGG	R	240
NC_045512.2	983	T	A	3354	1935	35	1	0	34	0.000298063	3355	0.937593	FALSE	ORF1ab:cds-YP_009725295.1	TGG	W	AGG	R	240
NC_045512.2	984	G	C	3355	1900	36	1	0	34	0.000296472	3373	0.936959	FALSE	ORF1ab:cds-YP_009724389.1	TGG	W	TCG	S	240
NC_045512.2	984	G	C	3355	1900	36	1	0	34	0.000296472	3373	0.936959	FALSE	ORF1ab:cds-YP_009725295.1	TGG	W	TCG	S	240
NC_045512.2	984	G	A	3355	1900	36	17	16	36	0.00504002	3373	0.00127067	TRUE	ORF1ab:cds-YP_009724389.1	TGG	W	TAG	*	240
NC_045512.2	984	G	A	3355	1900	36	17	16	36	0.00504002	3373	0.00127067	TRUE	ORF1ab:cds-YP_009725295.1	TGG	W	TAG	*	240
NC_045512.2	985	G	T	3673	1934	36	1	0	26	0.000272183	3674	1	FALSE	ORF1ab:cds-YP_009724389.1	TGG	W	TGT	C	240
NC_045512.2	985	G	T	3673	1934	36	1	0	26	0.000272183	3674	1	FALSE	ORF1ab:cds-YP_009725295.1	TGG	W	TGT	C	240
NC_045512.2	987	A	T	3732	1925	35	1	1	26	0.000267738	3735	1	FALSE	ORF1ab:cds-YP_009724389.1	TAC	Y	TTC	F	241
NC_045512.2	987	A	T	3732	1925	35	1	1	26	0.000267738	3735	1	FALSE	ORF1ab:cds-YP_009725295.1	TAC	Y	TTC	F	241
NC_045512.2	987	A	G	3732	1925	35	1	0	26	0.000267738	3735	1	FALSE	ORF1ab:cds-YP_009724389.1	TAC	Y	TGC	C	241
NC_045512.2	987	A	G	3732	1925	35	1	0	26	0.000267738	3735	1	FALSE	ORF1ab:cds-YP_009725295.1	TAC	Y	TGC	C	241
NC_045512.2	987	A	C	3732	1925	35	1	0	26	0.000267738	3735	1	FALSE	ORF1ab:cds-YP_009724389.1	TAC	Y	TCC	S	241
NC_045512.2	987	A	C	3732	1925	35	1	0	26	0.000267738	3735	1	FALSE	ORF1ab:cds-YP_009725295.1	TAC	Y	TCC	S	241
NC_045512.2	990	C	A	3822	1897	35	1	0	27	0.000261575	3823	1	FALSE	ORF1ab:cds-YP_009724389.1	ACG	T	AAG	K	242
NC_045512.2	990	C	A	3822	1897	35	1	0	27	0.000261575	3823	1	FALSE	ORF1ab:cds-YP_009725295.1	ACG	T	AAG	K	242
NC_045512.2	991	G	T	3806	1867	35	1	1	26	0.000262674	3807	1	FALSE	ORF1ab:cds-YP_009724389.1	ACG	T	ACT	T	242
NC_045512.2	991	G	T	3806	1867	35	1	1	26	0.000262674	3807	1	FALSE	ORF1ab:cds-YP_009725295.1	ACG	T	ACT	T	242
NC_045512.2	993	A	C	3939	1820	35	1	1	26	0.000253807	3940	1	FALSE	ORF1ab:cds-YP_009724389.1	GAA	E	GCA	A	243
NC_045512.2	993	A	C	3939	1820	35	1	1	26	0.000253807	3940	1	FALSE	ORF1ab:cds-YP_009725295.1	GAA	E	GCA	A	243
NC_045512.2	996	G	C	3876	1525	35	1	1	26	0.000257931	3877	1	FALSE	ORF1ab:cds-YP_009724389.1	CGT	R	CCT	P	244
NC_045512.2	996	G	C	3876	1525	35	1	1	26	0.000257931	3877	1	FALSE	ORF1ab:cds-YP_009725295.1	CGT	R	CCT	P	244
NC_045512.2	1000	T	C	3859	1515	35	1	1	34	0.000259067	3860	0.937581	FALSE	ORF1ab:cds-YP_009724389.1	TCT	S	TCC	S	245
NC_045512.2	1000	T	C	3859	1515	35	1	1	34	0.000259067	3860	0.937581	FALSE	ORF1ab:cds-YP_009725295.1	TCT	S	TCC	S	245
NC_045512.2	1001	G	A	3921	1502	35	1	1	34	0.000254972	3922	0.93758	FALSE	ORF1ab:cds-YP_009724389.1	GAA	E	AAA	K	246
NC_045512.2	1001	G	A	3921	1502	35	1	1	34	0.000254972	3922	0.93758	FALSE	ORF1ab:cds-YP_009725295.1	GAA	E	AAA	K	246
NC_045512.2	1003	A	G	3898	1475	35	1	0	34	0.00025641	3900	0.937548	FALSE	ORF1ab:cds-YP_009724389.1	GAA	E	GAG	E	246
NC_045512.2	1003	A	G	3898	1475	35	1	0	34	0.00025641	3900	0.937548	FALSE	ORF1ab:cds-YP_009725295.1	GAA	E	GAG	E	246
NC_045512.2	1003	A	C	3898	1475	35	1	1	26	0.00025641	3900	1	FALSE	ORF1ab:cds-YP_009724389.1	GAA	E	GAC	D	246
NC_045512.2	1003	A	C	3898	1475	35	1	1	26	0.00025641	3900	1	FALSE	ORF1ab:cds-YP_009725295.1	GAA	E	GAC	D	246
NC_045512.2	1004	A	T	3908	1479	35	1	1	26	0.00025582	3909	1	FALSE	ORF1ab:cds-YP_009724389.1	AAG	K	TAG	*	247
NC_045512.2	1004	A	T	3908	1479	35	1	1	26	0.00025582	3909	1	FALSE	ORF1ab:cds-YP_009725295.1	AAG	K	TAG	*	247
NC_045512.2	1007	A	T	3149	1212	33	1	0	26	0.00031746	3150	1	FALSE	ORF1ab:cds-YP_009724389.1	AGC	S	TGC	C	248
NC_045512.2	1007	A	T	3149	1212	33	1	0	26	0.00031746	3150	1	FALSE	ORF1ab:cds-YP_009725295.1	AGC	S	TGC	C	248
NC_045512.2	1008	G	A	3768	1219	35	1	0	34	0.000265322	3769	0.937583	FALSE	ORF1ab:cds-YP_009724389.1	AGC	S	AAC	N	248
NC_045512.2	1008	G	A	3768	1219	35	1	0	34	0.000265322	3769	0.937583	FALSE	ORF1ab:cds-YP_009725295.1	AGC	S	AAC	N	248
NC_045512.2	1010	T	C	3636	1090	35	1	0	34	0.000274952	3637	0.937586	FALSE	ORF1ab:cds-YP_009724389.1	TAT	Y	CAT	H	249
NC_045512.2	1010	T	C	3636	1090	35	1	0	34	0.000274952	3637	0.937586	FALSE	ORF1ab:cds-YP_009725295.1	TAT	Y	CAT	H	249
NC_045512.2	1015	A	G	2762	211	36	1	0	26	0.000361925	2763	1	FALSE	ORF1ab:cds-YP_009724389.1	GAA	E	GAG	E	250
NC_045512.2	1015	A	G	2762	211	36	1	0	26	0.000361925	2763	1	FALSE	ORF1ab:cds-YP_009725295.1	GAA	E	GAG	E	250
NC_045512.2	1017	T	G	2804	211	37	1	0	34	0.000356379	2806	0.875067	FALSE	ORF1ab:cds-YP_009724389.1	TTG	L	TGG	W	251
NC_045512.2	1017	T	G	2804	211	37	1	0	34	0.000356379	2806	0.875067	FALSE	ORF1ab:cds-YP_009725295.1	TTG	L	TGG	W	251
NC_045512.2	1017	T	C	2804	211	37	1	0	34	0.000356379	2806	0.875067	FALSE	ORF1ab:cds-YP_009724389.1	TTG	L	TCG	S	251
NC_045512.2	1017	T	C	2804	211	37	1	0	34	0.000356379	2806	0.875067	FALSE	ORF1ab:cds-YP_009725295.1	TTG	L	TCG	S	251
NC_045512.2	1018	G	A	2877	212	37	1	0	34	0.000347464	2878	0.87513	FALSE	ORF1ab:cds-YP_009724389.1	TTG	L	TTA	L	251
NC_045512.2	1018	G	A	2877	212	37	1	0	34	0.000347464	2878	0.87513	FALSE	ORF1ab:cds-YP_009725295.1	TTG	L	TTA	L	251
NC_045512.2	1019	C	T	2877	228	37	1	0	34	0.000347464	2878	0.87513	FALSE	ORF1ab:cds-YP_009724389.1	CAG	Q	TAG	*	252
NC_045512.2	1019	C	T	2877	228	37	1	0	34	0.000347464	2878	0.87513	FALSE	ORF1ab:cds-YP_009725295.1	CAG	Q	TAG	*	252
NC_045512.2	1022	A	T	2905	270	38	1	0	34	0.000344116	2906	0.875129	FALSE	ORF1ab:cds-YP_009724389.1	ACA	T	TCA	S	253
NC_045512.2	1022	A	T	2905	270	38	1	0	34	0.000344116	2906	0.875129	FALSE	ORF1ab:cds-YP_009725295.1	ACA	T	TCA	S	253
NC_045512.2	1023	C	A	2966	298	39	1	1	68	0.000337041	2967	0.500084	FALSE	ORF1ab:cds-YP_009724389.1	ACA	T	AAA	K	253
NC_045512.2	1023	C	A	2966	298	39	1	1	68	0.000337041	2967	0.500084	FALSE	ORF1ab:cds-YP_009725295.1	ACA	T	AAA	K	253
NC_045512.2	1027	T	C	3190	319	38	2	0	34	0.000626566	3192	0.812696	FALSE	ORF1ab:cds-YP_009724389.1	CCT	P	CCC	P	254
NC_045512.2	1027	T	C	3190	319	38	2	0	34	0.000626566	3192	0.812696	FALSE	ORF1ab:cds-YP_009725295.1	CCT	P	CCC	P	254
NC_045512.2	1028	T	G	3171	336	38	1	0	34	0.000315159	3173	0.937559	FALSE	ORF1ab:cds-YP_009724389.1	TTT	F	GTT	V	255
NC_045512.2	1028	T	G	3171	336	38	1	0	34	0.000315159	3173	0.937559	FALSE	ORF1ab:cds-YP_009725295.1	TTT	F	GTT	V	255
NC_045512.2	1028	T	C	3171	336	38	1	0	34	0.000315159	3173	0.937559	FALSE	ORF1ab:cds-YP_009724389.1	TTT	F	CTT	L	255
NC_045512.2	1028	T	C	3171	336	38	1	0	34	0.000315159	3173	0.937559	FALSE	ORF1ab:cds-YP_009725295.1	TTT	F	CTT	L	255
NC_045512.2	1034	A	G	3219	352	39	1	0	34	0.000310559	3220	0.937597	FALSE	ORF1ab:cds-YP_009724389.1	ATT	I	GTT	V	257
NC_045512.2	1034	A	G	3219	352	39	1	0	34	0.000310559	3220	0.937597	FALSE	ORF1ab:cds-YP_009725295.1	ATT	I	GTT	V	257
NC_045512.2	1035	T	G	3203	353	39	1	0	34	0.00031211	3204	0.937598	FALSE	ORF1ab:cds-YP_009724389.1	ATT	I	AGT	S	257
NC_045512.2	1035	T	G	3203	353	39	1	0	34	0.00031211	3204	0.937598	FALSE	ORF1ab:cds-YP_009725295.1	ATT	I	AGT	S	257
NC_045512.2	1038	A	C	3055	347	38	1	1	34	0.000327225	3056	0.937602	FALSE	ORF1ab:cds-YP_009724389.1	AAA	K	ACA	T	258
NC_045512.2	1038	A	C	3055	347	38	1	1	34	0.000327225	3056	0.937602	FALSE	ORF1ab:cds-YP_009725295.1	AAA	K	ACA	T	258
NC_045512.2	1040	T	A	3235	355	39	1	0	34	0.000309023	3236	0.937597	FALSE	ORF1ab:cds-YP_009724389.1	TTG	L	ATG	M	259
NC_045512.2	1040	T	A	3235	355	39	1	0	34	0.000309023	3236	0.937597	FALSE	ORF1ab:cds-YP_009725295.1	TTG	L	ATG	M	259
NC_045512.2	1041	T	G	3150	352	38	1	0	34	0.000317259	3152	0.93756	FALSE	ORF1ab:cds-YP_009724389.1	TTG	L	TGG	W	259
NC_045512.2	1041	T	G	3150	352	38	1	0	34	0.000317259	3152	0.93756	FALSE	ORF1ab:cds-YP_009725295.1	TTG	L	TGG	W	259
NC_045512.2	1041	T	C	3150	352	38	1	0	34	0.000317259	3152	0.93756	FALSE	ORF1ab:cds-YP_009724389.1	TTG	L	TCG	S	259
NC_045512.2	1041	T	C	3150	352	38	1	0	34	0.000317259	3152	0.93756	FALSE	ORF1ab:cds-YP_009725295.1	TTG	L	TCG	S	259
NC_045512.2	1042	G	A	3329	357	39	1	0	34	0.0003003	3330	0.937594	FALSE	ORF1ab:cds-YP_009724389.1	TTG	L	TTA	L	259
NC_045512.2	1042	G	A	3329	357	39	1	0	34	0.0003003	3330	0.937594	FALSE	ORF1ab:cds-YP_009725295.1	TTG	L	TTA	L	259
NC_045512.2	1043	G	A	3298	355	39	2	0	34	0.000606061	3300	0.812689	FALSE	ORF1ab:cds-YP_009724389.1	GCA	A	ACA	T	260
NC_045512.2	1043	G	A	3298	355	39	2	0	34	0.000606061	3300	0.812689	FALSE	ORF1ab:cds-YP_009725295.1	GCA	A	ACA	T	260
NC_045512.2	1044	C	G	3323	371	39	1	0	34	0.000300842	3324	0.937594	FALSE	ORF1ab:cds-YP_009724389.1	GCA	A	GGA	G	260
NC_045512.2	1044	C	G	3323	371	39	1	0	34	0.000300842	3324	0.937594	FALSE	ORF1ab:cds-YP_009725295.1	GCA	A	GGA	G	260
NC_045512.2	1046	A	G	3344	370	39	1	0	26	0.000298954	3345	1	FALSE	ORF1ab:cds-YP_009724389.1	AAG	K	GAG	E	261
NC_045512.2	1046	A	G	3344	370	39	1	0	26	0.000298954	3345	1	FALSE	ORF1ab:cds-YP_009725295.1	AAG	K	GAG	E	261
NC_045512.2	1054	T	C	3211	414	38	1	0	34	0.000311333	3212	0.937597	FALSE	ORF1ab:cds-YP_009724389.1	TTT	F	TTC	F	263
NC_045512.2	1054	T	C	3211	414	38	1	0	34	0.000311333	3212	0.937597	FALSE	ORF1ab:cds-YP_009725295.1	TTT	F	TTC	F	263
NC_045512.2	1055	G	T	3198	418	39	1	0	26	0.000312598	3199	1	FALSE	ORF1ab:cds-YP_009724389.1	GAC	D	TAC	Y	264
NC_045512.2	1055	G	T	3198	418	39	1	0	26	0.000312598	3199	1	FALSE	ORF1ab:cds-YP_009725295.1	GAC	D	TAC	Y	264
NC_045512.2	1056	A	T	3225	424	39	1	0	34	0.000309981	3226	0.937597	FALSE	ORF1ab:cds-YP_009724389.1	GAC	D	GTC	V	264
NC_045512.2	1056	A	T	3225	424	39	1	0	34	0.000309981	3226	0.937597	FALSE	ORF1ab:cds-YP_009725295.1	GAC	D	GTC	V	264
NC_045512.2	1057	C	T	3056	471	39	1	1	68	0.000327118	3057	0.500082	FALSE	ORF1ab:cds-YP_009724389.1	GAC	D	GAT	D	264
NC_045512.2	1057	C	T	3056	471	39	1	1	68	0.000327118	3057	0.500082	FALSE	ORF1ab:cds-YP_009725295.1	GAC	D	GAT	D	264
NC_045512.2	1062	T	G	3076	517	39	1	0	34	0.000324781	3079	0.93752	FALSE	ORF1ab:cds-YP_009724389.1	TTC	F	TGC	C	266
NC_045512.2	1062	T	G	3076	517	39	1	0	34	0.000324781	3079	0.93752	FALSE	ORF1ab:cds-YP_009725295.1	TTC	F	TGC	C	266
NC_045512.2	1062	T	C	3076	517	39	2	0	34	0.000649562	3079	0.812602	FALSE	ORF1ab:cds-YP_009724389.1	TTC	F	TCC	S	266
NC_045512.2	1062	T	C	3076	517	39	2	0	34	0.000649562	3079	0.812602	FALSE	ORF1ab:cds-YP_009725295.1	TTC	F	TCC	S	266
NC_045512.2	1064	A	G	2926	549	39	1	1	34	0.000341647	2927	0.875128	FALSE	ORF1ab:cds-YP_009724389.1	AAT	N	GAT	D	267
NC_045512.2	1064	A	G	2926	549	39	1	1	34	0.000341647	2927	0.875128	FALSE	ORF1ab:cds-YP_009725295.1	AAT	N	GAT	D	267
NC_045512.2	1066	T	A	2935	591	39	1	0	26	0.000340599	2936	1	FALSE	ORF1ab:cds-YP_009724389.1	AAT	N	AAA	K	267
NC_045512.2	1066	T	A	2935	591	39	1	0	26	0.000340599	2936	1	FALSE	ORF1ab:cds-YP_009725295.1	AAT	N	AAA	K	267
NC_045512.2	1072	A	G	2674	581	39	1	0	68	0.000373832	2675	0.500093	FALSE	ORF1ab:cds-YP_009724389.1	GAA	E	GAG	E	269
NC_045512.2	1072	A	G	2674	581	39	1	0	68	0.000373832	2675	0.500093	FALSE	ORF1ab:cds-YP_009725295.1	GAA	E	GAG	E	269
NC_045512.2	1076	C	T	2734	574	39	1	0	34	0.000365631	2735	0.875137	FALSE	ORF1ab:cds-YP_009724389.1	CCA	P	TCA	S	271
NC_045512.2	1076	C	T	2734	574	39	1	0	34	0.000365631	2735	0.875137	FALSE	ORF1ab:cds-YP_009725295.1	CCA	P	TCA	S	271
NC_045512.2	1084	T	C	2741	857	40	1	0	34	0.000364697	2742	0.875137	FALSE	ORF1ab:cds-YP_009724389.1	TTT	F	TTC	F	273
NC_045512.2	1084	T	C	2741	857	40	1	0	34	0.000364697	2742	0.875137	FALSE	ORF1ab:cds-YP_009725295.1	TTT	F	TTC	F	273
NC_045512.2	1092	C	A	2321	975	39	1	0	26	0.000430663	2322	1	FALSE	ORF1ab:cds-YP_009724389.1	CCC	P	CAC	H	276
NC_045512.2	1092	C	A	2321	975	39	1	0	26	0.000430663	2322	1	FALSE	ORF1ab:cds-YP_009725295.1	CCC	P	CAC	H	276
NC_045512.2	1094	T	A	2341	987	39	1	0	34	0.000426985	2342	0.87516	FALSE	ORF1ab:cds-YP_009724389.1	TTA	L	ATA	I	277
NC_045512.2	1094	T	A	2341	987	39	1	0	34	0.000426985	2342	0.87516	FALSE	ORF1ab:cds-YP_009725295.1	TTA	L	ATA	I	277
NC_045512.2	1100	T	C	2198	1057	38	1	0	68	0.000454752	2199	0.500114	FALSE	ORF1ab:cds-YP_009724389.1	TCC	S	CCC	P	279
NC_045512.2	1100	T	C	2198	1057	38	1	0	68	0.000454752	2199	0.500114	FALSE	ORF1ab:cds-YP_009725295.1	TCC	S	CCC	P	279
NC_045512.2	1107	T	C	2333	1106	38	1	0	34	0.000428449	2334	0.875161	FALSE	ORF1ab:cds-YP_009724389.1	ATC	I	ACC	T	281
NC_045512.2	1107	T	C	2333	1106	38	1	0	34	0.000428449	2334	0.875161	FALSE	ORF1ab:cds-YP_009725295.1	ATC	I	ACC	T	281
NC_045512.2	1109	A	T	2279	1105	38	1	1	34	0.000438596	2280	0.875164	FALSE	ORF1ab:cds-YP_009724389.1	AAG	K	TAG	*	282
NC_045512.2	1109	A	T	2279	1105	38	1	1	34	0.000438596	2280	0.875164	FALSE	ORF1ab:cds-YP_009725295.1	AAG	K	TAG	*	282
NC_045512.2	1114	T	A	2062	890	36	1	1	26	0.000484731	2063	1	FALSE	ORF1ab:cds-YP_009724389.1	ACT	T	ACA	T	283
NC_045512.2	1114	T	A	2062	890	36	1	1	26	0.000484731	2063	1	FALSE	ORF1ab:cds-YP_009725295.1	ACT	T	ACA	T	283
NC_045512.2	1116	T	G	2254	1020	37	1	1	26	0.000443459	2255	1	FALSE	ORF1ab:cds-YP_009724389.1	ATT	I	AGT	S	284
NC_045512.2	1116	T	G	2254	1020	37	1	1	26	0.000443459	2255	1	FALSE	ORF1ab:cds-YP_009725295.1	ATT	I	AGT	S	284
NC_045512.2	1118	C	A	2301	1123	37	1	1	26	0.000434405	2302	1	FALSE	ORF1ab:cds-YP_009724389.1	CAA	Q	AAA	K	285
NC_045512.2	1118	C	A	2301	1123	37	1	1	26	0.000434405	2302	1	FALSE	ORF1ab:cds-YP_009725295.1	CAA	Q	AAA	K	285
NC_045512.2	1120	A	G	2223	1077	36	2	1	51	0.000898876	2225	0.250056	FALSE	ORF1ab:cds-YP_009724389.1	CAA	Q	CAG	Q	285
NC_045512.2	1120	A	G	2223	1077	36	2	1	51	0.000898876	2225	0.250056	FALSE	ORF1ab:cds-YP_009725295.1	CAA	Q	CAG	Q	285
NC_045512.2	1129	T	C	2084	1085	37	1	1	68	0.000479616	2085	0.50012	FALSE	ORF1ab:cds-YP_009724389.1	GTT	V	GTC	V	288
NC_045512.2	1129	T	C	2084	1085	37	1	1	68	0.000479616	2085	0.50012	FALSE	ORF1ab:cds-YP_009725295.1	GTT	V	GTC	V	288
NC_045512.2	1134	A	G	2273	1268	37	2	0	68	0.000879121	2275	0.250055	FALSE	ORF1ab:cds-YP_009724389.1	AAG	K	AGG	R	290
NC_045512.2	1134	A	G	2273	1268	37	2	0	68	0.000879121	2275	0.250055	FALSE	ORF1ab:cds-YP_009725295.1	AAG	K	AGG	R	290
NC_045512.2	1135	G	T	2333	1262	37	1	0	34	0.000428449	2334	0.875161	FALSE	ORF1ab:cds-YP_009724389.1	AAG	K	AAT	N	290
NC_045512.2	1135	G	T	2333	1262	37	1	0	34	0.000428449	2334	0.875161	FALSE	ORF1ab:cds-YP_009725295.1	AAG	K	AAT	N	290
NC_045512.2	1142	C	A	2435	1450	38	1	0	34	0.000410509	2436	0.875154	FALSE	ORF1ab:cds-YP_009724389.1	CTT	L	ATT	I	293
NC_045512.2	1142	C	A	2435	1450	38	1	0	34	0.000410509	2436	0.875154	FALSE	ORF1ab:cds-YP_009725295.1	CTT	L	ATT	I	293
NC_045512.2	1144	T	C	2343	1373	37	1	1	34	0.000426621	2344	0.87516	FALSE	ORF1ab:cds-YP_009724389.1	CTT	L	CTC	L	293
NC_045512.2	1144	T	C	2343	1373	37	1	1	34	0.000426621	2344	0.87516	FALSE	ORF1ab:cds-YP_009725295.1	CTT	L	CTC	L	293
NC_045512.2	1145	G	A	2412	1429	38	1	0	34	0.000414422	2413	0.875155	FALSE	ORF1ab:cds-YP_009724389.1	GAT	D	AAT	N	294
NC_045512.2	1145	G	A	2412	1429	38	1	0	34	0.000414422	2413	0.875155	FALSE	ORF1ab:cds-YP_009725295.1	GAT	D	AAT	N	294
NC_045512.2	1151	T	C	2463	1447	37	1	0	24	0.000405844	2464	1	FALSE	ORF1ab:cds-YP_009724389.1	TTT	F	CTT	L	296
NC_045512.2	1151	T	C	2463	1447	37	1	0	24	0.000405844	2464	1	FALSE	ORF1ab:cds-YP_009725295.1	TTT	F	CTT	L	296
NC_045512.2	1154	A	C	2593	1592	38	1	1	34	0.000385505	2594	0.875145	FALSE	ORF1ab:cds-YP_009724389.1	ATG	M	CTG	L	297
NC_045512.2	1154	A	C	2593	1592	38	1	1	34	0.000385505	2594	0.875145	FALSE	ORF1ab:cds-YP_009725295.1	ATG	M	CTG	L	297
NC_045512.2	1160	A	T	2578	1569	38	1	1	26	0.000387747	2579	1	FALSE	ORF1ab:cds-YP_009724389.1	AGA	R	TGA	*	299
NC_045512.2	1160	A	T	2578	1569	38	1	1	26	0.000387747	2579	1	FALSE	ORF1ab:cds-YP_009725295.1	AGA	R	TGA	*	299
NC_045512.2	1165	T	G	2548	1627	37	1	0	34	0.000392311	2549	0.875147	FALSE	ORF1ab:cds-YP_009724389.1	ATT	I	ATG	M	300
NC_045512.2	1165	T	G	2548	1627	37	1	0	34	0.000392311	2549	0.875147	FALSE	ORF1ab:cds-YP_009725295.1	ATT	I	ATG	M	300
NC_045512.2	1166	C	T	2545	1605	37	1	1	34	0.000392773	2546	0.875147	FALSE	ORF1ab:cds-YP_009724389.1	CGA	R	TGA	*	301
NC_045512.2	1166	C	T	2545	1605	37	1	1	34	0.000392773	2546	0.875147	FALSE	ORF1ab:cds-YP_009725295.1	CGA	R	TGA	*	301
NC_045512.2	1167	G	A	2538	1592	37	1	1	34	0.000393856	2539	0.875148	FALSE	ORF1ab:cds-YP_009724389.1	CGA	R	CAA	Q	301
NC_045512.2	1167	G	A	2538	1592	37	1	1	34	0.000393856	2539	0.875148	FALSE	ORF1ab:cds-YP_009725295.1	CGA	R	CAA	Q	301
NC_045512.2	1172	G	A	2719	1593	37	1	0	34	0.000367647	2720	0.875138	FALSE	ORF1ab:cds-YP_009724389.1	GTC	V	ATC	I	303
NC_045512.2	1172	G	A	2719	1593	37	1	0	34	0.000367647	2720	0.875138	FALSE	ORF1ab:cds-YP_009725295.1	GTC	V	ATC	I	303
NC_045512.2	1174	C	T	2740	1594	37	1	1	34	0.00036483	2741	0.875137	FALSE	ORF1ab:cds-YP_009724389.1	GTC	V	GTT	V	303
NC_045512.2	1174	C	T	2740	1594	37	1	1	34	0.00036483	2741	0.875137	FALSE	ORF1ab:cds-YP_009725295.1	GTC	V	GTT	V	303
NC_045512.2	1176	A	T	2802	1592	37	1	1	68	0.000356761	2803	0.500089	FALSE	ORF1ab:cds-YP_009724389.1	TAT	Y	TTT	F	304
NC_045512.2	1176	A	T	2802	1592	37	1	1	68	0.000356761	2803	0.500089	FALSE	ORF1ab:cds-YP_009725295.1	TAT	Y	TTT	F	304
NC_045512.2	1180	A	C	2609	1379	37	1	1	26	0.000383142	2610	1	FALSE	ORF1ab:cds-YP_009724389.1	CCA	P	CCC	P	305
NC_045512.2	1180	A	C	2609	1379	37	1	1	26	0.000383142	2610	1	FALSE	ORF1ab:cds-YP_009725295.1	CCA	P	CCC	P	305
NC_045512.2	1182	T	C	2560	1386	38	1	0	34	0.000390472	2561	0.875146	FALSE	ORF1ab:cds-YP_009724389.1	GTT	V	GCT	A	306
NC_045512.2	1182	T	C	2560	1386	38	1	0	34	0.000390472	2561	0.875146	FALSE	ORF1ab:cds-YP_009725295.1	GTT	V	GCT	A	306
NC_045512.2	1183	T	C	2539	1366	38	1	0	68	0.000393701	2540	0.500098	FALSE	ORF1ab:cds-YP_009724389.1	GTT	V	GTC	V	306
NC_045512.2	1183	T	C	2539	1366	38	1	0	68	0.000393701	2540	0.500098	FALSE	ORF1ab:cds-YP_009725295.1	GTT	V	GTC	V	306
NC_045512.2	1188	C	T	2510	1301	38	1	1	34	0.000398248	2511	0.875149	FALSE	ORF1ab:cds-YP_009724389.1	TCA	S	TTA	L	308
NC_045512.2	1188	C	T	2510	1301	38	1	1	34	0.000398248	2511	0.875149	FALSE	ORF1ab:cds-YP_009725295.1	TCA	S	TTA	L	308
NC_045512.2	1191	C	G	2480	1299	38	1	0	27	0.000403063	2481	1	FALSE	ORF1ab:cds-YP_009724389.1	CCA	P	CGA	R	309
NC_045512.2	1191	C	G	2480	1299	38	1	0	27	0.000403063	2481	1	FALSE	ORF1ab:cds-YP_009725295.1	CCA	P	CGA	R	309
NC_045512.2	1202	A	G	2597	1440	38	1	0	34	0.000384911	2598	0.875144	FALSE	ORF1ab:cds-YP_009724389.1	AAC	N	GAC	D	313
NC_045512.2	1202	A	G	2597	1440	38	1	0	34	0.000384911	2598	0.875144	FALSE	ORF1ab:cds-YP_009725295.1	AAC	N	GAC	D	313
NC_045512.2	1206	A	G	2491	1427	37	2	0	34	0.000802246	2493	0.687726	FALSE	ORF1ab:cds-YP_009724389.1	CAA	Q	CGA	R	314
NC_045512.2	1206	A	G	2491	1427	37	2	0	34	0.000802246	2493	0.687726	FALSE	ORF1ab:cds-YP_009725295.1	CAA	Q	CGA	R	314
NC_045512.2	1209	T	C	2532	1479	38	1	1	34	0.000394789	2533	0.875148	FALSE	ORF1ab:cds-YP_009724389.1	ATG	M	ACG	T	315
NC_045512.2	1209	T	C	2532	1479	38	1	1	34	0.000394789	2533	0.875148	FALSE	ORF1ab:cds-YP_009725295.1	ATG	M	ACG	T	315
NC_045512.2	1212	G	C	2427	1405	37	1	1	26	0.000411862	2428	1	FALSE	ORF1ab:cds-YP_009724389.1	TGC	C	TCC	S	316
NC_045512.2	1212	G	C	2427	1405	37	1	1	26	0.000411862	2428	1	FALSE	ORF1ab:cds-YP_009725295.1	TGC	C	TCC	S	316
NC_045512.2	1213	C	T	2419	1461	37	1	1	34	0.000413223	2420	0.875155	FALSE	ORF1ab:cds-YP_009724389.1	TGC	C	TGT	C	316
NC_045512.2	1213	C	T	2419	1461	37	1	1	34	0.000413223	2420	0.875155	FALSE	ORF1ab:cds-YP_009725295.1	TGC	C	TGT	C	316
NC_045512.2	1214	C	T	2417	1533	37	1	0	34	0.000413394	2419	0.875078	FALSE	ORF1ab:cds-YP_009724389.1	CTT	L	TTT	F	317
NC_045512.2	1214	C	T	2417	1533	37	1	0	34	0.000413394	2419	0.875078	FALSE	ORF1ab:cds-YP_009725295.1	CTT	L	TTT	F	317
NC_045512.2	1214	C	A	2417	1533	37	1	0	34	0.000413394	2419	0.875078	FALSE	ORF1ab:cds-YP_009724389.1	CTT	L	ATT	I	317
NC_045512.2	1214	C	A	2417	1533	37	1	0	34	0.000413394	2419	0.875078	FALSE	ORF1ab:cds-YP_009725295.1	CTT	L	ATT	I	317
NC_045512.2	1215	T	C	2437	1528	37	1	1	34	0.000410172	2438	0.875154	FALSE	ORF1ab:cds-YP_009724389.1	CTT	L	CCT	P	317
NC_045512.2	1215	T	C	2437	1528	37	1	1	34	0.000410172	2438	0.875154	FALSE	ORF1ab:cds-YP_009725295.1	CTT	L	CCT	P	317
NC_045512.2	1224	T	C	2435	1528	37	2	0	47	0.000820681	2437	0.250051	FALSE	ORF1ab:cds-YP_009724389.1	CTC	L	CCC	P	320
NC_045512.2	1224	T	C	2435	1528	37	2	0	47	0.000820681	2437	0.250051	FALSE	ORF1ab:cds-YP_009725295.1	CTC	L	CCC	P	320
NC_045512.2	1227	T	C	2349	1450	37	1	1	68	0.000425532	2350	0.500106	FALSE	ORF1ab:cds-YP_009724389.1	ATG	M	ACG	T	321
NC_045512.2	1227	T	C	2349	1450	37	1	1	68	0.000425532	2350	0.500106	FALSE	ORF1ab:cds-YP_009725295.1	ATG	M	ACG	T	321
NC_045512.2	1230	A	G	2460	1587	37	1	0	34	0.000406339	2461	0.875152	FALSE	ORF1ab:cds-YP_009724389.1	AAG	K	AGG	R	322
NC_045512.2	1230	A	G	2460	1587	37	1	0	34	0.000406339	2461	0.875152	FALSE	ORF1ab:cds-YP_009725295.1	AAG	K	AGG	R	322
NC_045512.2	1243	T	C	2720	2007	41	2	2	51	0.000734754	2722	0.250046	FALSE	ORF1ab:cds-YP_009724389.1	TGT	C	TGC	C	326
NC_045512.2	1243	T	C	2720	2007	41	2	2	51	0.000734754	2722	0.250046	FALSE	ORF1ab:cds-YP_009725295.1	TGT	C	TGC	C	326
NC_045512.2	1247	G	A	2839	2153	41	1	1	34	0.000352113	2840	0.875132	FALSE	ORF1ab:cds-YP_009724389.1	GAA	E	AAA	K	328
NC_045512.2	1247	G	A	2839	2153	41	1	1	34	0.000352113	2840	0.875132	FALSE	ORF1ab:cds-YP_009725295.1	GAA	E	AAA	K	328
NC_045512.2	1252	T	C	2784	2182	40	2	2	30	0.000717875	2786	0.687702	FALSE	ORF1ab:cds-YP_009724389.1	ACT	T	ACC	T	329
NC_045512.2	1252	T	C	2784	2182	40	2	2	30	0.000717875	2786	0.687702	FALSE	ORF1ab:cds-YP_009725295.1	ACT	T	ACC	T	329
NC_045512.2	1253	T	G	2662	2066	40	1	1	34	0.000375375	2664	0.87507	FALSE	ORF1ab:cds-YP_009724389.1	TCA	S	GCA	A	330
NC_045512.2	1253	T	G	2662	2066	40	1	1	34	0.000375375	2664	0.87507	FALSE	ORF1ab:cds-YP_009725295.1	TCA	S	GCA	A	330
NC_045512.2	1253	T	A	2662	2066	40	1	1	26	0.000375375	2664	1	FALSE	ORF1ab:cds-YP_009724389.1	TCA	S	ACA	T	330
NC_045512.2	1253	T	A	2662	2066	40	1	1	26	0.000375375	2664	1	FALSE	ORF1ab:cds-YP_009725295.1	TCA	S	ACA	T	330
NC_045512.2	1262	A	C	2818	2331	41	1	1	34	0.000354736	2819	0.875133	FALSE	ORF1ab:cds-YP_009724389.1	ACG	T	CCG	P	333
NC_045512.2	1262	A	C	2818	2331	41	1	1	34	0.000354736	2819	0.875133	FALSE	ORF1ab:cds-YP_009725295.1	ACG	T	CCG	P	333
NC_045512.2	1267	C	T	2795	2324	40	1	1	34	0.000357654	2796	0.875134	FALSE	ORF1ab:cds-YP_009724389.1	GGC	G	GGT	G	334
NC_045512.2	1267	C	T	2795	2324	40	1	1	34	0.000357654	2796	0.875134	FALSE	ORF1ab:cds-YP_009725295.1	GGC	G	GGT	G	334
NC_045512.2	1271	T	C	2530	2070	38	1	0	34	0.000395101	2531	0.875148	FALSE	ORF1ab:cds-YP_009724389.1	TTT	F	CTT	L	336
NC_045512.2	1271	T	C	2530	2070	38	1	0	34	0.000395101	2531	0.875148	FALSE	ORF1ab:cds-YP_009725295.1	TTT	F	CTT	L	336
NC_045512.2	1273	T	C	2641	2284	37	1	1	34	0.000378501	2642	0.875142	FALSE	ORF1ab:cds-YP_009724389.1	TTT	F	TTC	F	336
NC_045512.2	1273	T	C	2641	2284	37	1	1	34	0.000378501	2642	0.875142	FALSE	ORF1ab:cds-YP_009725295.1	TTT	F	TTC	F	336
NC_045512.2	1275	T	G	2708	2351	37	1	1	34	0.00036914	2709	0.875138	FALSE	ORF1ab:cds-YP_009724389.1	GTT	V	GGT	G	337
NC_045512.2	1275	T	G	2708	2351	37	1	1	34	0.00036914	2709	0.875138	FALSE	ORF1ab:cds-YP_009725295.1	GTT	V	GGT	G	337
NC_045512.2	1277	A	T	2695	2431	36	1	0	27	0.000370782	2697	1	FALSE	ORF1ab:cds-YP_009724389.1	AAA	K	TAA	*	338
NC_045512.2	1277	A	T	2695	2431	36	1	0	27	0.000370782	2697	1	FALSE	ORF1ab:cds-YP_009725295.1	AAA	K	TAA	*	338
NC_045512.2	1277	A	G	2695	2431	36	1	1	60	0.000370782	2697	0.5	FALSE	ORF1ab:cds-YP_009724389.1	AAA	K	GAA	E	338
NC_045512.2	1277	A	G	2695	2431	36	1	1	60	0.000370782	2697	0.5	FALSE	ORF1ab:cds-YP_009725295.1	AAA	K	GAA	E	338
NC_045512.2	1280	G	T	2638	2405	35	1	1	34	0.000378931	2639	0.875142	FALSE	ORF1ab:cds-YP_009724389.1	GCC	A	TCC	S	339
NC_045512.2	1280	G	T	2638	2405	35	1	1	34	0.000378931	2639	0.875142	FALSE	ORF1ab:cds-YP_009725295.1	GCC	A	TCC	S	339
NC_045512.2	1287	G	A	2583	2315	36	1	1	34	0.000386997	2584	0.875145	FALSE	ORF1ab:cds-YP_009724389.1	TGC	C	TAC	Y	341
NC_045512.2	1287	G	A	2583	2315	36	1	1	34	0.000386997	2584	0.875145	FALSE	ORF1ab:cds-YP_009725295.1	TGC	C	TAC	Y	341
NC_045512.2	1291	A	C	2584	2317	36	1	1	34	0.000386847	2585	0.875145	FALSE	ORF1ab:cds-YP_009724389.1	GAA	E	GAC	D	342
NC_045512.2	1291	A	C	2584	2317	36	1	1	34	0.000386847	2585	0.875145	FALSE	ORF1ab:cds-YP_009725295.1	GAA	E	GAC	D	342
NC_045512.2	1293	T	G	2340	2075	34	1	1	34	0.000427168	2341	0.87516	FALSE	ORF1ab:cds-YP_009724389.1	TTT	F	TGT	C	343
NC_045512.2	1293	T	G	2340	2075	34	1	1	34	0.000427168	2341	0.87516	FALSE	ORF1ab:cds-YP_009725295.1	TTT	F	TGT	C	343
NC_045512.2	1294	T	C	2581	2322	36	1	1	34	0.000387297	2582	0.875145	FALSE	ORF1ab:cds-YP_009724389.1	TTT	F	TTC	F	343
NC_045512.2	1294	T	C	2581	2322	36	1	1	34	0.000387297	2582	0.875145	FALSE	ORF1ab:cds-YP_009725295.1	TTT	F	TTC	F	343
NC_045512.2	1297	T	C	2450	2196	36	2	2	34	0.000815661	2452	0.68773	FALSE	ORF1ab:cds-YP_009724389.1	TGT	C	TGC	C	344
NC_045512.2	1297	T	C	2450	2196	36	2	2	34	0.000815661	2452	0.68773	FALSE	ORF1ab:cds-YP_009725295.1	TGT	C	TGC	C	344
NC_045512.2	1302	C	A	2361	2134	35	1	1	34	0.00042337	2362	0.875159	FALSE	ORF1ab:cds-YP_009724389.1	ACT	T	AAT	N	346
NC_045512.2	1302	C	A	2361	2134	35	1	1	34	0.00042337	2362	0.875159	FALSE	ORF1ab:cds-YP_009725295.1	ACT	T	AAT	N	346
NC_045512.2	1305	A	C	2267	2058	35	3	3	28	0.00132159	2270	0.999991	FALSE	ORF1ab:cds-YP_009724389.1	GAG	E	GCG	A	347
NC_045512.2	1305	A	C	2267	2058	35	3	3	28	0.00132159	2270	0.999991	FALSE	ORF1ab:cds-YP_009725295.1	GAG	E	GCG	A	347
NC_045512.2	1307	A	T	2205	2066	34	1	0	34	0.000453309	2206	0.87517	FALSE	ORF1ab:cds-YP_009724389.1	AAT	N	TAT	Y	348
NC_045512.2	1307	A	T	2205	2066	34	1	0	34	0.000453309	2206	0.87517	FALSE	ORF1ab:cds-YP_009725295.1	AAT	N	TAT	Y	348
NC_045512.2	1308	A	C	2238	2023	35	2	2	34	0.000892857	2240	0.687751	FALSE	ORF1ab:cds-YP_009724389.1	AAT	N	ACT	T	348
NC_045512.2	1308	A	C	2238	2023	35	2	2	34	0.000892857	2240	0.687751	FALSE	ORF1ab:cds-YP_009725295.1	AAT	N	ACT	T	348
NC_045512.2	1310	T	G	2056	1849	34	1	1	26	0.000486145	2057	1	FALSE	ORF1ab:cds-YP_009724389.1	TTG	L	GTG	V	349
NC_045512.2	1310	T	G	2056	1849	34	1	1	26	0.000486145	2057	1	FALSE	ORF1ab:cds-YP_009725295.1	TTG	L	GTG	V	349
NC_045512.2	1311	T	C	2185	1978	35	1	1	34	0.000457457	2186	0.875172	FALSE	ORF1ab:cds-YP_009724389.1	TTG	L	TCG	S	349
NC_045512.2	1311	T	C	2185	1978	35	1	1	34	0.000457457	2186	0.875172	FALSE	ORF1ab:cds-YP_009725295.1	TTG	L	TCG	S	349
NC_045512.2	1315	T	C	2073	1917	35	2	2	47	0.000963855	2075	0.25006	FALSE	ORF1ab:cds-YP_009724389.1	ACT	T	ACC	T	350
NC_045512.2	1315	T	C	2073	1917	35	2	2	47	0.000963855	2075	0.25006	FALSE	ORF1ab:cds-YP_009725295.1	ACT	T	ACC	T	350
NC_045512.2	1318	A	C	2075	1892	35	1	1	34	0.000481696	2076	0.875181	FALSE	ORF1ab:cds-YP_009724389.1	AAA	K	AAC	N	351
NC_045512.2	1318	A	C	2075	1892	35	1	1	34	0.000481696	2076	0.875181	FALSE	ORF1ab:cds-YP_009725295.1	AAA	K	AAC	N	351
NC_045512.2	1321	A	G	1961	1793	34	1	1	34	0.000509684	1962	0.750191	FALSE	ORF1ab:cds-YP_009724389.1	GAA	E	GAG	E	352
NC_045512.2	1321	A	G	1961	1793	34	1	1	34	0.000509684	1962	0.750191	FALSE	ORF1ab:cds-YP_009725295.1	GAA	E	GAG	E	352
NC_045512.2	1322	G	T	1961	1825	34	1	1	26	0.000509684	1962	0.999999	FALSE	ORF1ab:cds-YP_009724389.1	GGT	G	TGT	C	353
NC_045512.2	1322	G	T	1961	1825	34	1	1	26	0.000509684	1962	0.999999	FALSE	ORF1ab:cds-YP_009725295.1	GGT	G	TGT	C	353
NC_045512.2	1324	T	A	1805	1696	34	1	1	34	0.00055371	1806	0.750208	FALSE	ORF1ab:cds-YP_009724389.1	GGT	G	GGA	G	353
NC_045512.2	1324	T	A	1805	1696	34	1	1	34	0.00055371	1806	0.750208	FALSE	ORF1ab:cds-YP_009725295.1	GGT	G	GGA	G	353
NC_045512.2	1325	G	T	1610	1502	33	1	1	34	0.000620732	1611	0.750233	FALSE	ORF1ab:cds-YP_009724389.1	GCC	A	TCC	S	354
NC_045512.2	1325	G	T	1610	1502	33	1	1	34	0.000620732	1611	0.750233	FALSE	ORF1ab:cds-YP_009725295.1	GCC	A	TCC	S	354
NC_045512.2	1329	C	A	1790	1697	34	1	1	34	0.000558347	1791	0.750209	FALSE	ORF1ab:cds-YP_009724389.1	ACT	T	AAT	N	355
NC_045512.2	1329	C	A	1790	1697	34	1	1	34	0.000558347	1791	0.750209	FALSE	ORF1ab:cds-YP_009725295.1	ACT	T	AAT	N	355
NC_045512.2	1385	C	T	0	0	0	89	13	37	1	89	8.74119e-53	TRUE	ORF1ab:cds-YP_009724389.1	CAC	H	TAC	Y	374
NC_045512.2	1385	C	T	0	0	0	89	13	37	1	89	8.74119e-53	TRUE	ORF1ab:cds-YP_009725295.1	CAC	H	TAC	Y	374
NC_045512.2	1388	A	G	87	15	37	1	0	34	0.0113636	88	0.502857	FALSE	ORF1ab:cds-YP_009724389.1	AAT	N	GAT	D	375
NC_045512.2	1388	A	G	87	15	37	1	0	34	0.0113636	88	0.502857	FALSE	ORF1ab:cds-YP_009725295.1	AAT	N	GAT	D	375
NC_045512.2	1480	C	-T	89	63	39	10	0	20	0.11236	89	0.00138108	TRUE	NA	NA	NA	NA	NA	NA
NC_045512.2	1483	T	G	89	63	40	1	0	34	0.0111111	90	0.502793	FALSE	ORF1ab:cds-YP_009724389.1	TTT	F	TTG	L	406
NC_045512.2	1483	T	G	89	63	40	1	0	34	0.0111111	90	0.502793	FALSE	ORF1ab:cds-YP_009725295.1	TTT	F	TTG	L	406
NC_045512.2	1880	G	T	9092	471	33	2	0	34	0.000219708	9103	0.994129	FALSE	ORF1ab:cds-YP_009724389.1	GAG	E	TAG	*	539
NC_045512.2	1880	G	T	9092	471	33	2	0	34	0.000219708	9103	0.994129	FALSE	ORF1ab:cds-YP_009725295.1	GAG	E	TAG	*	539
NC_045512.2	1880	G	C	9092	471	33	9	0	34	0.000988685	9103	0.592689	FALSE	ORF1ab:cds-YP_009724389.1	GAG	E	CAG	Q	539
NC_045512.2	1880	G	C	9092	471	33	9	0	34	0.000988685	9103	0.592689	FALSE	ORF1ab:cds-YP_009725295.1	GAG	E	CAG	Q	539
NC_045512.2	1881	A	T	9053	537	33	1	0	34	0.0001104	9058	0.999024	FALSE	ORF1ab:cds-YP_009724389.1	GAG	E	GTG	V	539
NC_045512.2	1881	A	T	9053	537	33	1	0	34	0.0001104	9058	0.999024	FALSE	ORF1ab:cds-YP_009725295.1	GAG	E	GTG	V	539
NC_045512.2	1881	A	G	9053	537	33	4	0	34	0.000441599	9058	0.953915	FALSE	ORF1ab:cds-YP_009724389.1	GAG	E	GGG	G	539
NC_045512.2	1881	A	G	9053	537	33	4	0	34	0.000441599	9058	0.953915	FALSE	ORF1ab:cds-YP_009725295.1	GAG	E	GGG	G	539
NC_045512.2	1882	G	T	12765	600	34	5	0	27	0.000391543	12770	1	FALSE	ORF1ab:cds-YP_009724389.1	GAG	E	GAT	D	539
NC_045512.2	1882	G	T	12765	600	34	5	0	27	0.000391543	12770	1	FALSE	ORF1ab:cds-YP_009725295.1	GAG	E	GAT	D	539
NC_045512.2	1883	G	A	13070	605	34	33	1	32	0.00251851	13103	0.00225148	TRUE	ORF1ab:cds-YP_009724389.1	GCT	A	ACT	T	540
NC_045512.2	1883	G	A	13070	605	34	33	1	32	0.00251851	13103	0.00225148	TRUE	ORF1ab:cds-YP_009725295.1	GCT	A	ACT	T	540
NC_045512.2	1884	C	T	13470	630	34	1	0	34	7.4228e-05	13472	0.999939	FALSE	ORF1ab:cds-YP_009724389.1	GCT	A	GTT	V	540
NC_045512.2	1884	C	T	13470	630	34	1	0	34	7.4228e-05	13472	0.999939	FALSE	ORF1ab:cds-YP_009725295.1	GCT	A	GTT	V	540
NC_045512.2	1884	C	G	13470	630	34	1	0	34	7.4228e-05	13472	0.999939	FALSE	ORF1ab:cds-YP_009724389.1	GCT	A	GGT	G	540
NC_045512.2	1884	C	G	13470	630	34	1	0	34	7.4228e-05	13472	0.999939	FALSE	ORF1ab:cds-YP_009725295.1	GCT	A	GGT	G	540
NC_045512.2	1886	G	T	13897	641	34	1	0	26	7.19476e-05	13899	1	FALSE	ORF1ab:cds-YP_009724389.1	GCT	A	TCT	S	541
NC_045512.2	1886	G	T	13897	641	34	1	0	26	7.19476e-05	13899	1	FALSE	ORF1ab:cds-YP_009725295.1	GCT	A	TCT	S	541
NC_045512.2	1886	G	A	13897	641	34	1	0	34	7.19476e-05	13899	0.999939	FALSE	ORF1ab:cds-YP_009724389.1	GCT	A	ACT	T	541
NC_045512.2	1886	G	A	13897	641	34	1	0	34	7.19476e-05	13899	0.999939	FALSE	ORF1ab:cds-YP_009725295.1	GCT	A	ACT	T	541
NC_045512.2	1887	C	T	14073	647	34	1	0	34	7.1053e-05	14074	0.99997	FALSE	ORF1ab:cds-YP_009724389.1	GCT	A	GTT	V	541
NC_045512.2	1887	C	T	14073	647	34	1	0	34	7.1053e-05	14074	0.99997	FALSE	ORF1ab:cds-YP_009725295.1	GCT	A	GTT	V	541
NC_045512.2	1888	T	G	14103	715	34	1	0	68	7.08918e-05	14106	0.499982	FALSE	ORF1ab:cds-YP_009724389.1	GCT	A	GCG	A	541
NC_045512.2	1888	T	G	14103	715	34	1	0	68	7.08918e-05	14106	0.499982	FALSE	ORF1ab:cds-YP_009725295.1	GCT	A	GCG	A	541
NC_045512.2	1888	T	C	14103	715	34	2	0	34	0.000141784	14106	0.999741	FALSE	ORF1ab:cds-YP_009724389.1	GCT	A	GCC	A	541
NC_045512.2	1888	T	C	14103	715	34	2	0	34	0.000141784	14106	0.999741	FALSE	ORF1ab:cds-YP_009725295.1	GCT	A	GCC	A	541
NC_045512.2	1889	C	T	14442	725	34	4	0	32	0.000276893	14446	0.996242	FALSE	ORF1ab:cds-YP_009724389.1	CGT	R	TGT	C	542
NC_045512.2	1889	C	T	14442	725	34	4	0	32	0.000276893	14446	0.996242	FALSE	ORF1ab:cds-YP_009725295.1	CGT	R	TGT	C	542
NC_045512.2	1890	G	T	15419	747	34	5	0	30	0.00032417	15424	0.994107	FALSE	ORF1ab:cds-YP_009724389.1	CGT	R	CTT	L	542
NC_045512.2	1890	G	T	15419	747	34	5	0	30	0.00032417	15424	0.994107	FALSE	ORF1ab:cds-YP_009725295.1	CGT	R	CTT	L	542
NC_045512.2	1891	T	G	15373	779	34	4	0	32	0.000260061	15381	0.99779	FALSE	ORF1ab:cds-YP_009724389.1	CGT	R	CGG	R	542
NC_045512.2	1891	T	G	15373	779	34	4	0	32	0.000260061	15381	0.99779	FALSE	ORF1ab:cds-YP_009725295.1	CGT	R	CGG	R	542
NC_045512.2	1891	T	C	15373	779	34	4	0	32	0.000260061	15381	0.99779	FALSE	ORF1ab:cds-YP_009724389.1	CGT	R	CGC	R	542
NC_045512.2	1891	T	C	15373	779	34	4	0	32	0.000260061	15381	0.99779	FALSE	ORF1ab:cds-YP_009725295.1	CGT	R	CGC	R	542
NC_045512.2	1892	G	A	15497	785	35	1	0	34	6.45245e-05	15498	0.999985	FALSE	ORF1ab:cds-YP_009724389.1	GTT	V	ATT	I	543
NC_045512.2	1892	G	A	15497	785	35	1	0	34	6.45245e-05	15498	0.999985	FALSE	ORF1ab:cds-YP_009725295.1	GTT	V	ATT	I	543
NC_045512.2	1893	T	C	15521	804	35	4	0	34	0.000257649	15525	0.997794	FALSE	ORF1ab:cds-YP_009724389.1	GTT	V	GCT	A	543
NC_045512.2	1893	T	C	15521	804	35	4	0	34	0.000257649	15525	0.997794	FALSE	ORF1ab:cds-YP_009725295.1	GTT	V	GCT	A	543
NC_045512.2	1894	T	C	15521	803	35	2	1	34	0.000128841	15523	0.999863	FALSE	ORF1ab:cds-YP_009724389.1	GTT	V	GTC	V	543
NC_045512.2	1894	T	C	15521	803	35	2	1	34	0.000128841	15523	0.999863	FALSE	ORF1ab:cds-YP_009725295.1	GTT	V	GTC	V	543
NC_045512.2	1895	G	A	15701	803	35	1	0	34	6.36862e-05	15702	0.999985	FALSE	ORF1ab:cds-YP_009724389.1	GTA	V	ATA	I	544
NC_045512.2	1895	G	A	15701	803	35	1	0	34	6.36862e-05	15702	0.999985	FALSE	ORF1ab:cds-YP_009725295.1	GTA	V	ATA	I	544
NC_045512.2	1896	T	C	15514	814	35	2	0	34	0.000128899	15516	0.999863	FALSE	ORF1ab:cds-YP_009724389.1	GTA	V	GCA	A	544
NC_045512.2	1896	T	C	15514	814	35	2	0	34	0.000128899	15516	0.999863	FALSE	ORF1ab:cds-YP_009725295.1	GTA	V	GCA	A	544
NC_045512.2	1898	C	T	15626	892	35	6	0	39	0.000383828	15632	0.986728	FALSE	ORF1ab:cds-YP_009724389.1	CGA	R	TGA	*	545
NC_045512.2	1898	C	T	15626	892	35	6	0	39	0.000383828	15632	0.986728	FALSE	ORF1ab:cds-YP_009725295.1	CGA	R	TGA	*	545
NC_045512.2	1899	G	A	15767	903	35	3	0	34	0.000190235	15770	0.999346	FALSE	ORF1ab:cds-YP_009724389.1	CGA	R	CAA	Q	545
NC_045512.2	1899	G	A	15767	903	35	3	0	34	0.000190235	15770	0.999346	FALSE	ORF1ab:cds-YP_009725295.1	CGA	R	CAA	Q	545
NC_045512.2	1900	A	G	15472	1150	36	1	0	34	6.46287e-05	15473	0.999985	FALSE	ORF1ab:cds-YP_009724389.1	CGA	R	CGG	R	545
NC_045512.2	1900	A	G	15472	1150	36	1	0	34	6.46287e-05	15473	0.999985	FALSE	ORF1ab:cds-YP_009725295.1	CGA	R	CGG	R	545
NC_045512.2	1901	T	C	15817	1150	36	1	1	34	6.32191e-05	15818	0.999985	FALSE	ORF1ab:cds-YP_009724389.1	TCA	S	CCA	P	546
NC_045512.2	1901	T	C	15817	1150	36	1	1	34	6.32191e-05	15818	0.999985	FALSE	ORF1ab:cds-YP_009725295.1	TCA	S	CCA	P	546
NC_045512.2	1902	C	T	16094	1154	36	10	1	34	0.000620964	16104	0.915792	FALSE	ORF1ab:cds-YP_009724389.1	TCA	S	TTA	L	546
NC_045512.2	1902	C	T	16094	1154	36	10	1	34	0.000620964	16104	0.915792	FALSE	ORF1ab:cds-YP_009725295.1	TCA	S	TTA	L	546
NC_045512.2	1904	A	G	16246	1294	36	2	0	30	0.000123084	16249	0.999928	FALSE	ORF1ab:cds-YP_009724389.1	ATT	I	GTT	V	547
NC_045512.2	1904	A	G	16246	1294	36	2	0	30	0.000123084	16249	0.999928	FALSE	ORF1ab:cds-YP_009725295.1	ATT	I	GTT	V	547
NC_045512.2	1904	A	C	16246	1294	36	1	0	34	6.15422e-05	16249	0.999992	FALSE	ORF1ab:cds-YP_009724389.1	ATT	I	CTT	L	547
NC_045512.2	1904	A	C	16246	1294	36	1	0	34	6.15422e-05	16249	0.999992	FALSE	ORF1ab:cds-YP_009725295.1	ATT	I	CTT	L	547
NC_045512.2	1905	T	G	16372	1316	36	5	0	30	0.000305288	16378	0.99641	FALSE	ORF1ab:cds-YP_009724389.1	ATT	I	AGT	S	547
NC_045512.2	1905	T	G	16372	1316	36	5	0	30	0.000305288	16378	0.99641	FALSE	ORF1ab:cds-YP_009725295.1	ATT	I	AGT	S	547
NC_045512.2	1905	T	C	16372	1316	36	1	0	34	6.10575e-05	16378	0.999992	FALSE	ORF1ab:cds-YP_009724389.1	ATT	I	ACT	T	547
NC_045512.2	1905	T	C	16372	1316	36	1	0	34	6.10575e-05	16378	0.999992	FALSE	ORF1ab:cds-YP_009725295.1	ATT	I	ACT	T	547
NC_045512.2	1906	T	G	16342	1317	36	2	0	30	0.000122354	16346	0.999928	FALSE	ORF1ab:cds-YP_009724389.1	ATT	I	ATG	M	547
NC_045512.2	1906	T	G	16342	1317	36	2	0	30	0.000122354	16346	0.999928	FALSE	ORF1ab:cds-YP_009725295.1	ATT	I	ATG	M	547
NC_045512.2	1906	T	C	16342	1317	36	2	0	30	0.000122354	16346	0.999928	FALSE	ORF1ab:cds-YP_009724389.1	ATT	I	ATC	I	547
NC_045512.2	1906	T	C	16342	1317	36	2	0	30	0.000122354	16346	0.999928	FALSE	ORF1ab:cds-YP_009725295.1	ATT	I	ATC	I	547
NC_045512.2	1907	T	C	16372	1314	36	3	0	30	0.000183206	16375	0.999637	FALSE	ORF1ab:cds-YP_009724389.1	TTC	F	CTC	L	548
NC_045512.2	1907	T	C	16372	1314	36	3	0	30	0.000183206	16375	0.999637	FALSE	ORF1ab:cds-YP_009725295.1	TTC	F	CTC	L	548
NC_045512.2	1908	T	C	16070	1195	35	1	0	34	6.22239e-05	16071	0.999992	FALSE	ORF1ab:cds-YP_009724389.1	TTC	F	TCC	S	548
NC_045512.2	1908	T	C	16070	1195	35	1	0	34	6.22239e-05	16071	0.999992	FALSE	ORF1ab:cds-YP_009725295.1	TTC	F	TCC	S	548
NC_045512.2	1910	T	G	16687	1372	37	6	0	31	0.000359368	16696	0.991561	FALSE	ORF1ab:cds-YP_009724389.1	TCC	S	GCC	A	549
NC_045512.2	1910	T	G	16687	1372	37	6	0	31	0.000359368	16696	0.991561	FALSE	ORF1ab:cds-YP_009725295.1	TCC	S	GCC	A	549
NC_045512.2	1910	T	C	16687	1372	37	3	0	34	0.000179684	16696	0.999636	FALSE	ORF1ab:cds-YP_009724389.1	TCC	S	CCC	P	549
NC_045512.2	1910	T	C	16687	1372	37	3	0	34	0.000179684	16696	0.999636	FALSE	ORF1ab:cds-YP_009725295.1	TCC	S	CCC	P	549
NC_045512.2	1911	C	G	16768	1412	37	1	0	34	5.96267e-05	16771	0.999992	FALSE	ORF1ab:cds-YP_009724389.1	TCC	S	TGC	C	549
NC_045512.2	1911	C	G	16768	1412	37	1	0	34	5.96267e-05	16771	0.999992	FALSE	ORF1ab:cds-YP_009725295.1	TCC	S	TGC	C	549
NC_045512.2	1911	C	A	16768	1412	37	2	0	30	0.000119253	16771	0.999928	FALSE	ORF1ab:cds-YP_009724389.1	TCC	S	TAC	Y	549
NC_045512.2	1911	C	A	16768	1412	37	2	0	30	0.000119253	16771	0.999928	FALSE	ORF1ab:cds-YP_009725295.1	TCC	S	TAC	Y	549
NC_045512.2	1912	C	T	16537	1419	37	2	1	51	0.000120802	16556	0.249751	FALSE	ORF1ab:cds-YP_009724389.1	TCC	S	TCT	S	549
NC_045512.2	1912	C	T	16537	1419	37	2	1	51	0.000120802	16556	0.249751	FALSE	ORF1ab:cds-YP_009725295.1	TCC	S	TCT	S	549
NC_045512.2	1912	C	G	16537	1419	37	11	0	29	0.000664412	16556	1	FALSE	ORF1ab:cds-YP_009724389.1	TCC	S	TCG	S	549
NC_045512.2	1912	C	G	16537	1419	37	11	0	29	0.000664412	16556	1	FALSE	ORF1ab:cds-YP_009725295.1	TCC	S	TCG	S	549
NC_045512.2	1912	C	A	16537	1419	37	6	0	31	0.000362406	16556	0.991529	FALSE	ORF1ab:cds-YP_009724389.1	TCC	S	TCA	S	549
NC_045512.2	1912	C	A	16537	1419	37	6	0	31	0.000362406	16556	0.991529	FALSE	ORF1ab:cds-YP_009725295.1	TCC	S	TCA	S	549
NC_045512.2	1913	C	T	16771	1554	37	1	0	34	5.96054e-05	16777	0.999992	FALSE	ORF1ab:cds-YP_009724389.1	CGC	R	TGC	C	550
NC_045512.2	1913	C	T	16771	1554	37	1	0	34	5.96054e-05	16777	0.999992	FALSE	ORF1ab:cds-YP_009725295.1	CGC	R	TGC	C	550
NC_045512.2	1913	C	G	16771	1554	37	3	0	34	0.000178816	16777	0.999637	FALSE	ORF1ab:cds-YP_009724389.1	CGC	R	GGC	G	550
NC_045512.2	1913	C	G	16771	1554	37	3	0	34	0.000178816	16777	0.999637	FALSE	ORF1ab:cds-YP_009725295.1	CGC	R	GGC	G	550
NC_045512.2	1913	C	A	16771	1554	37	2	2	30	0.000119211	16777	0.999928	FALSE	ORF1ab:cds-YP_009724389.1	CGC	R	AGC	S	550
NC_045512.2	1913	C	A	16771	1554	37	2	2	30	0.000119211	16777	0.999928	FALSE	ORF1ab:cds-YP_009725295.1	CGC	R	AGC	S	550
NC_045512.2	1914	G	T	16801	1537	37	1	0	34	5.94884e-05	16810	0.999992	FALSE	ORF1ab:cds-YP_009724389.1	CGC	R	CTC	L	550
NC_045512.2	1914	G	T	16801	1537	37	1	0	34	5.94884e-05	16810	0.999992	FALSE	ORF1ab:cds-YP_009725295.1	CGC	R	CTC	L	550
NC_045512.2	1914	G	A	16801	1537	37	8	0	34	0.000475907	16810	0.96809	FALSE	ORF1ab:cds-YP_009724389.1	CGC	R	CAC	H	550
NC_045512.2	1914	G	A	16801	1537	37	8	0	34	0.000475907	16810	0.96809	FALSE	ORF1ab:cds-YP_009725295.1	CGC	R	CAC	H	550
NC_045512.2	1916	A	G	16723	1569	37	1	0	26	5.97943e-05	16724	1	FALSE	ORF1ab:cds-YP_009724389.1	ACT	T	GCT	A	551
NC_045512.2	1916	A	G	16723	1569	37	1	0	26	5.97943e-05	16724	1	FALSE	ORF1ab:cds-YP_009725295.1	ACT	T	GCT	A	551
NC_045512.2	1917	C	T	19214	1635	37	1	0	34	5.204e-05	19216	0.999999	FALSE	ORF1ab:cds-YP_009724389.1	ACT	T	ATT	I	551
NC_045512.2	1917	C	T	19214	1635	37	1	0	34	5.204e-05	19216	0.999999	FALSE	ORF1ab:cds-YP_009725295.1	ACT	T	ATT	I	551
NC_045512.2	1917	C	G	19214	1635	37	1	0	34	5.204e-05	19216	0.999999	FALSE	ORF1ab:cds-YP_009724389.1	ACT	T	AGT	S	551
NC_045512.2	1917	C	G	19214	1635	37	1	0	34	5.204e-05	19216	0.999999	FALSE	ORF1ab:cds-YP_009725295.1	ACT	T	AGT	S	551
NC_045512.2	1918	T	C	19261	1717	37	2	0	34	0.000103821	19264	0.99999	FALSE	ORF1ab:cds-YP_009724389.1	ACT	T	ACC	T	551
NC_045512.2	1918	T	C	19261	1717	37	2	0	34	0.000103821	19264	0.99999	FALSE	ORF1ab:cds-YP_009725295.1	ACT	T	ACC	T	551
NC_045512.2	1918	T	A	19261	1717	37	1	0	34	5.19103e-05	19264	0.999999	FALSE	ORF1ab:cds-YP_009724389.1	ACT	T	ACA	T	551
NC_045512.2	1918	T	A	19261	1717	37	1	0	34	5.19103e-05	19264	0.999999	FALSE	ORF1ab:cds-YP_009725295.1	ACT	T	ACA	T	551
NC_045512.2	1919	C	G	19801	1834	38	2	0	30	0.00010099	19804	0.99999	FALSE	ORF1ab:cds-YP_009724389.1	CTT	L	GTT	V	552
NC_045512.2	1919	C	G	19801	1834	38	2	0	30	0.00010099	19804	0.99999	FALSE	ORF1ab:cds-YP_009725295.1	CTT	L	GTT	V	552
NC_045512.2	1919	C	A	19801	1834	38	1	0	68	5.04948e-05	19804	0.499987	FALSE	ORF1ab:cds-YP_009724389.1	CTT	L	ATT	I	552
NC_045512.2	1919	C	A	19801	1834	38	1	0	68	5.04948e-05	19804	0.499987	FALSE	ORF1ab:cds-YP_009725295.1	CTT	L	ATT	I	552
NC_045512.2	1920	T	G	19652	1859	37	7	0	31	0.000356017	19662	0.99533	FALSE	ORF1ab:cds-YP_009724389.1	CTT	L	CGT	R	552
NC_045512.2	1920	T	G	19652	1859	37	7	0	31	0.000356017	19662	0.99533	FALSE	ORF1ab:cds-YP_009725295.1	CTT	L	CGT	R	552
NC_045512.2	1920	T	C	19652	1859	37	2	0	34	0.000101719	19662	0.99999	FALSE	ORF1ab:cds-YP_009724389.1	CTT	L	CCT	P	552
NC_045512.2	1920	T	C	19652	1859	37	2	0	34	0.000101719	19662	0.99999	FALSE	ORF1ab:cds-YP_009725295.1	CTT	L	CCT	P	552
NC_045512.2	1920	T	A	19652	1859	37	1	0	24	5.08595e-05	19662	1	FALSE	ORF1ab:cds-YP_009724389.1	CTT	L	CAT	H	552
NC_045512.2	1920	T	A	19652	1859	37	1	0	24	5.08595e-05	19662	1	FALSE	ORF1ab:cds-YP_009725295.1	CTT	L	CAT	H	552
NC_045512.2	1921	T	C	19551	1928	38	4	0	34	0.000204541	19556	0.999757	FALSE	ORF1ab:cds-YP_009724389.1	CTT	L	CTC	L	552
NC_045512.2	1921	T	C	19551	1928	38	4	0	34	0.000204541	19556	0.999757	FALSE	ORF1ab:cds-YP_009725295.1	CTT	L	CTC	L	552
NC_045512.2	1921	T	A	19551	1928	38	1	0	34	5.11352e-05	19556	0.999999	FALSE	ORF1ab:cds-YP_009724389.1	CTT	L	CTA	L	552
NC_045512.2	1921	T	A	19551	1928	38	1	0	34	5.11352e-05	19556	0.999999	FALSE	ORF1ab:cds-YP_009725295.1	CTT	L	CTA	L	552
NC_045512.2	1922	G	A	19779	1936	38	1	0	34	5.05561e-05	19780	0.999999	FALSE	ORF1ab:cds-YP_009724389.1	GAA	E	AAA	K	553
NC_045512.2	1922	G	A	19779	1936	38	1	0	34	5.05561e-05	19780	0.999999	FALSE	ORF1ab:cds-YP_009725295.1	GAA	E	AAA	K	553
NC_045512.2	1923	A	G	19871	2019	38	1	1	68	5.03221e-05	19872	0.500013	FALSE	ORF1ab:cds-YP_009724389.1	GAA	E	GGA	G	553
NC_045512.2	1923	A	G	19871	2019	38	1	1	68	5.03221e-05	19872	0.500013	FALSE	ORF1ab:cds-YP_009725295.1	GAA	E	GGA	G	553
NC_045512.2	1924	A	G	19835	2028	38	2	0	34	0.000100822	19837	0.99999	FALSE	ORF1ab:cds-YP_009724389.1	GAA	E	GAG	E	553
NC_045512.2	1924	A	G	19835	2028	38	2	0	34	0.000100822	19837	0.99999	FALSE	ORF1ab:cds-YP_009725295.1	GAA	E	GAG	E	553
NC_045512.2	1925	A	G	19761	2058	38	2	0	34	0.000101199	19763	0.99999	FALSE	ORF1ab:cds-YP_009724389.1	ACT	T	GCT	A	554
NC_045512.2	1925	A	G	19761	2058	38	2	0	34	0.000101199	19763	0.99999	FALSE	ORF1ab:cds-YP_009725295.1	ACT	T	GCT	A	554
NC_045512.2	1926	C	T	19856	2087	38	1	0	34	5.03601e-05	19857	0.999999	FALSE	ORF1ab:cds-YP_009724389.1	ACT	T	ATT	I	554
NC_045512.2	1926	C	T	19856	2087	38	1	0	34	5.03601e-05	19857	0.999999	FALSE	ORF1ab:cds-YP_009725295.1	ACT	T	ATT	I	554
NC_045512.2	1927	T	C	19712	2090	38	2	0	34	0.000101451	19714	0.99999	FALSE	ORF1ab:cds-YP_009724389.1	ACT	T	ACC	T	554
NC_045512.2	1927	T	C	19712	2090	38	2	0	34	0.000101451	19714	0.99999	FALSE	ORF1ab:cds-YP_009725295.1	ACT	T	ACC	T	554
NC_045512.2	1928	G	T	20088	2090	38	3	0	31	0.000149276	20097	0.999967	FALSE	ORF1ab:cds-YP_009724389.1	GCT	A	TCT	S	555
NC_045512.2	1928	G	T	20088	2090	38	3	0	31	0.000149276	20097	0.999967	FALSE	ORF1ab:cds-YP_009725295.1	GCT	A	TCT	S	555
NC_045512.2	1928	G	A	20088	2090	38	6	0	38	0.000298552	20097	0.998756	FALSE	ORF1ab:cds-YP_009724389.1	GCT	A	ACT	T	555
NC_045512.2	1928	G	A	20088	2090	38	6	0	38	0.000298552	20097	0.998756	FALSE	ORF1ab:cds-YP_009725295.1	GCT	A	ACT	T	555
NC_045512.2	1929	C	T	20057	2206	39	2	0	30	9.97009e-05	20060	0.999995	FALSE	ORF1ab:cds-YP_009724389.1	GCT	A	GTT	V	555
NC_045512.2	1929	C	T	20057	2206	39	2	0	30	9.97009e-05	20060	0.999995	FALSE	ORF1ab:cds-YP_009725295.1	GCT	A	GTT	V	555
NC_045512.2	1929	C	G	20057	2206	39	1	0	34	4.98504e-05	20060	1	FALSE	ORF1ab:cds-YP_009724389.1	GCT	A	GGT	G	555
NC_045512.2	1929	C	G	20057	2206	39	1	0	34	4.98504e-05	20060	1	FALSE	ORF1ab:cds-YP_009725295.1	GCT	A	GGT	G	555
NC_045512.2	1930	T	G	20202	2210	39	1	0	34	4.94927e-05	20205	1	FALSE	ORF1ab:cds-YP_009724389.1	GCT	A	GCG	A	555
NC_045512.2	1930	T	G	20202	2210	39	1	0	34	4.94927e-05	20205	1	FALSE	ORF1ab:cds-YP_009725295.1	GCT	A	GCG	A	555
NC_045512.2	1930	T	C	20202	2210	39	2	1	68	9.89854e-05	20205	0.249994	FALSE	ORF1ab:cds-YP_009724389.1	GCT	A	GCC	A	555
NC_045512.2	1930	T	C	20202	2210	39	2	1	68	9.89854e-05	20205	0.249994	FALSE	ORF1ab:cds-YP_009725295.1	GCT	A	GCC	A	555
NC_045512.2	1931	C	A	20307	2209	39	1	0	34	4.92417e-05	20308	1	FALSE	ORF1ab:cds-YP_009724389.1	CAA	Q	AAA	K	556
NC_045512.2	1931	C	A	20307	2209	39	1	0	34	4.92417e-05	20308	1	FALSE	ORF1ab:cds-YP_009725295.1	CAA	Q	AAA	K	556
NC_045512.2	1931	C	-A	20307	2209	39	1	0	20	4.92417e-05	20308	1	FALSE	NA	NA	NA	NA	NA	NA
NC_045512.2	1932	A	G	19210	2212	38	2	0	30	0.000104102	19212	0.99999	FALSE	ORF1ab:cds-YP_009724389.1	CAA	Q	CGA	R	556
NC_045512.2	1932	A	G	19210	2212	38	2	0	30	0.000104102	19212	0.99999	FALSE	ORF1ab:cds-YP_009725295.1	CAA	Q	CGA	R	556
NC_045512.2	1933	A	T	20252	2331	39	1	0	34	4.93705e-05	20255	1	FALSE	ORF1ab:cds-YP_009724389.1	CAA	Q	CAT	H	556
NC_045512.2	1933	A	T	20252	2331	39	1	0	34	4.93705e-05	20255	1	FALSE	ORF1ab:cds-YP_009725295.1	CAA	Q	CAT	H	556
NC_045512.2	1933	A	G	20252	2331	39	2	0	29	9.87411e-05	20255	1	FALSE	ORF1ab:cds-YP_009724389.1	CAA	Q	CAG	Q	556
NC_045512.2	1933	A	G	20252	2331	39	2	0	29	9.87411e-05	20255	1	FALSE	ORF1ab:cds-YP_009725295.1	CAA	Q	CAG	Q	556
NC_045512.2	1934	A	G	18968	2330	38	1	0	34	5.27148e-05	18970	0.999998	FALSE	ORF1ab:cds-YP_009724389.1	AAT	N	GAT	D	557
NC_045512.2	1934	A	G	18968	2330	38	1	0	34	5.27148e-05	18970	0.999998	FALSE	ORF1ab:cds-YP_009725295.1	AAT	N	GAT	D	557
NC_045512.2	1934	A	C	18968	2330	38	1	0	26	5.27148e-05	18970	1	FALSE	ORF1ab:cds-YP_009724389.1	AAT	N	CAT	H	557
NC_045512.2	1934	A	C	18968	2330	38	1	0	26	5.27148e-05	18970	1	FALSE	ORF1ab:cds-YP_009725295.1	AAT	N	CAT	H	557
NC_045512.2	1935	A	T	20479	2332	39	1	0	34	4.88257e-05	20481	1	FALSE	ORF1ab:cds-YP_009724389.1	AAT	N	ATT	I	557
NC_045512.2	1935	A	T	20479	2332	39	1	0	34	4.88257e-05	20481	1	FALSE	ORF1ab:cds-YP_009725295.1	AAT	N	ATT	I	557
NC_045512.2	1935	A	G	20479	2332	39	1	0	46	4.88257e-05	20481	0.875009	FALSE	ORF1ab:cds-YP_009724389.1	AAT	N	AGT	S	557
NC_045512.2	1935	A	G	20479	2332	39	1	0	46	4.88257e-05	20481	0.875009	FALSE	ORF1ab:cds-YP_009725295.1	AAT	N	AGT	S	557
NC_045512.2	1936	T	C	20406	2311	39	2	1	46	9.7996e-05	20409	0.687509	FALSE	ORF1ab:cds-YP_009724389.1	AAT	N	AAC	N	557
NC_045512.2	1936	T	C	20406	2311	39	2	1	46	9.7996e-05	20409	0.687509	FALSE	ORF1ab:cds-YP_009725295.1	AAT	N	AAC	N	557
NC_045512.2	1936	T	A	20406	2311	39	1	1	24	4.8998e-05	20409	1	FALSE	ORF1ab:cds-YP_009724389.1	AAT	N	AAA	K	557
NC_045512.2	1936	T	A	20406	2311	39	1	1	24	4.8998e-05	20409	1	FALSE	ORF1ab:cds-YP_009725295.1	AAT	N	AAA	K	557
NC_045512.2	1939	T	G	20525	2401	39	1	0	34	4.8714e-05	20528	1	FALSE	ORF1ab:cds-YP_009724389.1	TCT	S	TCG	S	558
NC_045512.2	1939	T	G	20525	2401	39	1	0	34	4.8714e-05	20528	1	FALSE	ORF1ab:cds-YP_009725295.1	TCT	S	TCG	S	558
NC_045512.2	1939	T	C	20525	2401	39	2	0	29	9.74279e-05	20528	1	FALSE	ORF1ab:cds-YP_009724389.1	TCT	S	TCC	S	558
NC_045512.2	1939	T	C	20525	2401	39	2	0	29	9.74279e-05	20528	1	FALSE	ORF1ab:cds-YP_009725295.1	TCT	S	TCC	S	558
NC_045512.2	1940	G	C	20709	2398	39	1	1	26	4.82835e-05	20711	1	FALSE	ORF1ab:cds-YP_009724389.1	GTG	V	CTG	L	559
NC_045512.2	1940	G	C	20709	2398	39	1	1	26	4.82835e-05	20711	1	FALSE	ORF1ab:cds-YP_009725295.1	GTG	V	CTG	L	559
NC_045512.2	1940	G	A	20709	2398	39	1	1	68	4.82835e-05	20711	0.5	FALSE	ORF1ab:cds-YP_009724389.1	GTG	V	ATG	M	559
NC_045512.2	1940	G	A	20709	2398	39	1	1	68	4.82835e-05	20711	0.5	FALSE	ORF1ab:cds-YP_009725295.1	GTG	V	ATG	M	559
NC_045512.2	1941	T	G	20551	2379	39	1	0	34	4.86547e-05	20553	1	FALSE	ORF1ab:cds-YP_009724389.1	GTG	V	GGG	G	559
NC_045512.2	1941	T	G	20551	2379	39	1	0	34	4.86547e-05	20553	1	FALSE	ORF1ab:cds-YP_009725295.1	GTG	V	GGG	G	559
NC_045512.2	1941	T	C	20551	2379	39	1	0	34	4.86547e-05	20553	1	FALSE	ORF1ab:cds-YP_009724389.1	GTG	V	GCG	A	559
NC_045512.2	1941	T	C	20551	2379	39	1	0	34	4.86547e-05	20553	1	FALSE	ORF1ab:cds-YP_009725295.1	GTG	V	GCG	A	559
NC_045512.2	1943	C	T	20369	2410	39	1	0	34	4.9087e-05	20372	1	FALSE	ORF1ab:cds-YP_009724389.1	CGT	R	TGT	C	560
NC_045512.2	1943	C	T	20369	2410	39	1	0	34	4.9087e-05	20372	1	FALSE	ORF1ab:cds-YP_009725295.1	CGT	R	TGT	C	560
NC_045512.2	1943	C	G	20369	2410	39	2	0	34	9.8174e-05	20372	0.999995	FALSE	ORF1ab:cds-YP_009724389.1	CGT	R	GGT	G	560
NC_045512.2	1943	C	G	20369	2410	39	2	0	34	9.8174e-05	20372	0.999995	FALSE	ORF1ab:cds-YP_009725295.1	CGT	R	GGT	G	560
NC_045512.2	1944	G	T	21343	2443	39	4	0	32	0.000187292	21357	0.999922	FALSE	ORF1ab:cds-YP_009724389.1	CGT	R	CTT	L	560
NC_045512.2	1944	G	T	21343	2443	39	4	0	32	0.000187292	21357	0.999922	FALSE	ORF1ab:cds-YP_009725295.1	CGT	R	CTT	L	560
NC_045512.2	1944	G	C	21343	2443	39	1	0	34	4.68231e-05	21357	1	FALSE	ORF1ab:cds-YP_009724389.1	CGT	R	CCT	P	560
NC_045512.2	1944	G	C	21343	2443	39	1	0	34	4.68231e-05	21357	1	FALSE	ORF1ab:cds-YP_009725295.1	CGT	R	CCT	P	560
NC_045512.2	1944	G	A	21343	2443	39	9	0	39	0.000421408	21357	0.991945	FALSE	ORF1ab:cds-YP_009724389.1	CGT	R	CAT	H	560
NC_045512.2	1944	G	A	21343	2443	39	9	0	39	0.000421408	21357	0.991945	FALSE	ORF1ab:cds-YP_009725295.1	CGT	R	CAT	H	560
NC_045512.2	1945	T	C	21473	2505	39	2	0	34	9.31315e-05	21475	0.999997	FALSE	ORF1ab:cds-YP_009724389.1	CGT	R	CGC	R	560
NC_045512.2	1945	T	C	21473	2505	39	2	0	34	9.31315e-05	21475	0.999997	FALSE	ORF1ab:cds-YP_009725295.1	CGT	R	CGC	R	560
NC_045512.2	1946	G	T	22357	2507	39	2	0	30	8.94494e-05	22359	0.999999	FALSE	ORF1ab:cds-YP_009724389.1	GTT	V	TTT	F	561
NC_045512.2	1946	G	T	22357	2507	39	2	0	30	8.94494e-05	22359	0.999999	FALSE	ORF1ab:cds-YP_009725295.1	GTT	V	TTT	F	561
NC_045512.2	1946	G	-T	22357	2507	39	2	0	20	8.94494e-05	22359	1	FALSE	NA	NA	NA	NA	NA	NA
NC_045512.2	1947	T	G	22259	2549	39	11	0	29	0.000493849	22274	1	FALSE	ORF1ab:cds-YP_009724389.1	GTT	V	GGT	G	561
NC_045512.2	1947	T	G	22259	2549	39	11	0	29	0.000493849	22274	1	FALSE	ORF1ab:cds-YP_009725295.1	GTT	V	GGT	G	561
NC_045512.2	1947	T	C	22259	2549	39	2	1	47	8.97908e-05	22274	0.687273	FALSE	ORF1ab:cds-YP_009724389.1	GTT	V	GCT	A	561
NC_045512.2	1947	T	C	22259	2549	39	2	1	47	8.97908e-05	22274	0.687273	FALSE	ORF1ab:cds-YP_009725295.1	GTT	V	GCT	A	561
NC_045512.2	1947	T	A	22259	2549	39	2	0	34	8.97908e-05	22274	0.999999	FALSE	ORF1ab:cds-YP_009724389.1	GTT	V	GAT	D	561
NC_045512.2	1947	T	A	22259	2549	39	2	0	34	8.97908e-05	22274	0.999999	FALSE	ORF1ab:cds-YP_009725295.1	GTT	V	GAT	D	561
NC_045512.2	1948	T	G	22088	2343	37	2	1	27	9.05305e-05	22092	1	FALSE	ORF1ab:cds-YP_009724389.1	GTT	V	GTG	V	561
NC_045512.2	1948	T	G	22088	2343	37	2	1	27	9.05305e-05	22092	1	FALSE	ORF1ab:cds-YP_009725295.1	GTT	V	GTG	V	561
NC_045512.2	1948	T	A	22088	2343	37	2	0	30	9.05305e-05	22092	0.999999	FALSE	ORF1ab:cds-YP_009724389.1	GTT	V	GTA	V	561
NC_045512.2	1948	T	A	22088	2343	37	2	0	30	9.05305e-05	22092	0.999999	FALSE	ORF1ab:cds-YP_009725295.1	GTT	V	GTA	V	561
NC_045512.2	1949	T	G	22603	2608	39	2	0	34	8.84643e-05	22608	0.999999	FALSE	ORF1ab:cds-YP_009724389.1	TTA	L	GTA	V	562
NC_045512.2	1949	T	G	22603	2608	39	2	0	34	8.84643e-05	22608	0.999999	FALSE	ORF1ab:cds-YP_009725295.1	TTA	L	GTA	V	562
NC_045512.2	1949	T	C	22603	2608	39	1	0	26	4.42321e-05	22608	1	FALSE	ORF1ab:cds-YP_009724389.1	TTA	L	CTA	L	562
NC_045512.2	1949	T	C	22603	2608	39	1	0	26	4.42321e-05	22608	1	FALSE	ORF1ab:cds-YP_009725295.1	TTA	L	CTA	L	562
NC_045512.2	1949	T	A	22603	2608	39	2	0	34	8.84643e-05	22608	0.999999	FALSE	ORF1ab:cds-YP_009724389.1	TTA	L	ATA	I	562
NC_045512.2	1949	T	A	22603	2608	39	2	0	34	8.84643e-05	22608	0.999999	FALSE	ORF1ab:cds-YP_009725295.1	TTA	L	ATA	I	562
NC_045512.2	1950	T	C	22624	2618	39	3	0	34	0.000132573	22629	0.99999	FALSE	ORF1ab:cds-YP_009724389.1	TTA	L	TCA	S	562
NC_045512.2	1950	T	C	22624	2618	39	3	0	34	0.000132573	22629	0.99999	FALSE	ORF1ab:cds-YP_009725295.1	TTA	L	TCA	S	562
NC_045512.2	1950	T	A	22624	2618	39	2	0	30	8.83822e-05	22629	0.999999	FALSE	ORF1ab:cds-YP_009724389.1	TTA	L	TAA	*	562
NC_045512.2	1950	T	A	22624	2618	39	2	0	30	8.83822e-05	22629	0.999999	FALSE	ORF1ab:cds-YP_009725295.1	TTA	L	TAA	*	562
NC_045512.2	1951	A	T	22704	2591	39	1	0	34	4.40412e-05	22706	1	FALSE	ORF1ab:cds-YP_009724389.1	TTA	L	TTT	F	562
NC_045512.2	1951	A	T	22704	2591	39	1	0	34	4.40412e-05	22706	1	FALSE	ORF1ab:cds-YP_009725295.1	TTA	L	TTT	F	562
NC_045512.2	1951	A	C	22704	2591	39	1	0	26	4.40412e-05	22706	1	FALSE	ORF1ab:cds-YP_009724389.1	TTA	L	TTC	F	562
NC_045512.2	1951	A	C	22704	2591	39	1	0	26	4.40412e-05	22706	1	FALSE	ORF1ab:cds-YP_009725295.1	TTA	L	TTC	F	562
NC_045512.2	1952	C	T	22805	2607	39	3	1	34	0.000131533	22808	0.99999	FALSE	ORF1ab:cds-YP_009724389.1	CAG	Q	TAG	*	563
NC_045512.2	1952	C	T	22805	2607	39	3	1	34	0.000131533	22808	0.99999	FALSE	ORF1ab:cds-YP_009725295.1	CAG	Q	TAG	*	563
NC_045512.2	1953	A	T	22447	2607	39	2	0	26	8.90789e-05	22452	1	FALSE	ORF1ab:cds-YP_009724389.1	CAG	Q	CTG	L	563
NC_045512.2	1953	A	T	22447	2607	39	2	0	26	8.90789e-05	22452	1	FALSE	ORF1ab:cds-YP_009725295.1	CAG	Q	CTG	L	563
NC_045512.2	1953	A	G	22447	2607	39	3	0	34	0.000133618	22452	0.99999	FALSE	ORF1ab:cds-YP_009724389.1	CAG	Q	CGG	R	563
NC_045512.2	1953	A	G	22447	2607	39	3	0	34	0.000133618	22452	0.99999	FALSE	ORF1ab:cds-YP_009725295.1	CAG	Q	CGG	R	563
NC_045512.2	1954	G	-A	23030	2609	39	1	0	20	4.34216e-05	23030	1	FALSE	NA	NA	NA	NA	NA	NA
NC_045512.2	1955	A	T	22989	2880	40	1	0	34	4.34953e-05	22991	1	FALSE	ORF1ab:cds-YP_009724389.1	AAG	K	TAG	*	564
NC_045512.2	1955	A	T	22989	2880	40	1	0	34	4.34953e-05	22991	1	FALSE	ORF1ab:cds-YP_009725295.1	AAG	K	TAG	*	564
NC_045512.2	1955	A	C	22989	2880	40	1	0	34	4.34953e-05	22991	1	FALSE	ORF1ab:cds-YP_009724389.1	AAG	K	CAG	Q	564
NC_045512.2	1955	A	C	22989	2880	40	1	0	34	4.34953e-05	22991	1	FALSE	ORF1ab:cds-YP_009725295.1	AAG	K	CAG	Q	564
NC_045512.2	1956	A	T	22845	2895	40	1	0	34	4.37694e-05	22847	1	FALSE	ORF1ab:cds-YP_009724389.1	AAG	K	ATG	M	564
NC_045512.2	1956	A	T	22845	2895	40	1	0	34	4.37694e-05	22847	1	FALSE	ORF1ab:cds-YP_009725295.1	AAG	K	ATG	M	564
NC_045512.2	1956	A	C	22845	2895	40	1	0	26	4.37694e-05	22847	1	FALSE	ORF1ab:cds-YP_009724389.1	AAG	K	ACG	T	564
NC_045512.2	1956	A	C	22845	2895	40	1	0	26	4.37694e-05	22847	1	FALSE	ORF1ab:cds-YP_009725295.1	AAG	K	ACG	T	564
NC_045512.2	1957	G	T	23098	2889	40	1	0	26	4.329e-05	23100	1	FALSE	ORF1ab:cds-YP_009724389.1	AAG	K	AAT	N	564
NC_045512.2	1957	G	T	23098	2889	40	1	0	26	4.329e-05	23100	1	FALSE	ORF1ab:cds-YP_009725295.1	AAG	K	AAT	N	564
NC_045512.2	1957	G	A	23098	2889	40	1	0	34	4.329e-05	23100	1	FALSE	ORF1ab:cds-YP_009724389.1	AAG	K	AAA	K	564
NC_045512.2	1957	G	A	23098	2889	40	1	0	34	4.329e-05	23100	1	FALSE	ORF1ab:cds-YP_009725295.1	AAG	K	AAA	K	564
NC_045512.2	1958	G	A	22942	2904	40	1	0	34	4.35863e-05	22943	1	FALSE	ORF1ab:cds-YP_009724389.1	GCC	A	ACC	T	565
NC_045512.2	1958	G	A	22942	2904	40	1	0	34	4.35863e-05	22943	1	FALSE	ORF1ab:cds-YP_009725295.1	GCC	A	ACC	T	565
NC_045512.2	1959	C	T	23226	2998	40	2	0	34	8.60993e-05	23229	0.999999	FALSE	ORF1ab:cds-YP_009724389.1	GCC	A	GTC	V	565
NC_045512.2	1959	C	T	23226	2998	40	2	0	34	8.60993e-05	23229	0.999999	FALSE	ORF1ab:cds-YP_009725295.1	GCC	A	GTC	V	565
NC_045512.2	1959	C	G	23226	2998	40	1	0	27	4.30496e-05	23229	1	FALSE	ORF1ab:cds-YP_009724389.1	GCC	A	GGC	G	565
NC_045512.2	1959	C	G	23226	2998	40	1	0	27	4.30496e-05	23229	1	FALSE	ORF1ab:cds-YP_009725295.1	GCC	A	GGC	G	565
NC_045512.2	1960	C	G	22432	3194	40	1	0	34	4.45772e-05	22433	1	FALSE	ORF1ab:cds-YP_009724389.1	GCC	A	GCG	A	565
NC_045512.2	1960	C	G	22432	3194	40	1	0	34	4.45772e-05	22433	1	FALSE	ORF1ab:cds-YP_009725295.1	GCC	A	GCG	A	565
NC_045512.2	1961	G	A	22662	3188	40	3	0	34	0.000132363	22665	0.99999	FALSE	ORF1ab:cds-YP_009724389.1	GCT	A	ACT	T	566
NC_045512.2	1961	G	A	22662	3188	40	3	0	34	0.000132363	22665	0.99999	FALSE	ORF1ab:cds-YP_009725295.1	GCT	A	ACT	T	566
NC_045512.2	1963	T	G	19821	3557	38	1	0	34	5.04465e-05	19823	0.999999	FALSE	ORF1ab:cds-YP_009724389.1	GCT	A	GCG	A	566
NC_045512.2	1963	T	G	19821	3557	38	1	0	34	5.04465e-05	19823	0.999999	FALSE	ORF1ab:cds-YP_009725295.1	GCT	A	GCG	A	566
NC_045512.2	1963	T	C	19821	3557	38	1	0	34	5.04465e-05	19823	0.999999	FALSE	ORF1ab:cds-YP_009724389.1	GCT	A	GCC	A	566
NC_045512.2	1963	T	C	19821	3557	38	1	0	34	5.04465e-05	19823	0.999999	FALSE	ORF1ab:cds-YP_009725295.1	GCT	A	GCC	A	566
NC_045512.2	1964	A	T	19915	3884	39	1	0	26	5.02109e-05	19916	1	FALSE	ORF1ab:cds-YP_009724389.1	ATA	I	TTA	L	567
NC_045512.2	1964	A	T	19915	3884	39	1	0	26	5.02109e-05	19916	1	FALSE	ORF1ab:cds-YP_009725295.1	ATA	I	TTA	L	567
NC_045512.2	1965	T	C	20513	3851	39	1	0	34	4.87472e-05	20514	1	FALSE	ORF1ab:cds-YP_009724389.1	ATA	I	ACA	T	567
NC_045512.2	1965	T	C	20513	3851	39	1	0	34	4.87472e-05	20514	1	FALSE	ORF1ab:cds-YP_009725295.1	ATA	I	ACA	T	567
NC_045512.2	1966	A	G	19633	3888	38	2	1	34	0.000101849	19637	0.99999	FALSE	ORF1ab:cds-YP_009724389.1	ATA	I	ATG	M	567
NC_045512.2	1966	A	G	19633	3888	38	2	1	34	0.000101849	19637	0.99999	FALSE	ORF1ab:cds-YP_009725295.1	ATA	I	ATG	M	567
NC_045512.2	1966	A	C	19633	3888	38	2	0	34	0.000101849	19637	0.99999	FALSE	ORF1ab:cds-YP_009724389.1	ATA	I	ATC	I	567
NC_045512.2	1966	A	C	19633	3888	38	2	0	34	0.000101849	19637	0.99999	FALSE	ORF1ab:cds-YP_009725295.1	ATA	I	ATC	I	567
NC_045512.2	1967	A	G	20648	4234	39	3	1	45	0.000145271	20651	0.500023	FALSE	ORF1ab:cds-YP_009724389.1	ACA	T	GCA	A	568
NC_045512.2	1967	A	G	20648	4234	39	3	1	45	0.000145271	20651	0.500023	FALSE	ORF1ab:cds-YP_009725295.1	ACA	T	GCA	A	568
NC_045512.2	1968	C	T	20829	4311	40	1	0	46	4.80054e-05	20831	0.875009	FALSE	ORF1ab:cds-YP_009724389.1	ACA	T	ATA	I	568
NC_045512.2	1968	C	T	20829	4311	40	1	0	46	4.80054e-05	20831	0.875009	FALSE	ORF1ab:cds-YP_009725295.1	ACA	T	ATA	I	568
NC_045512.2	1968	C	A	20829	4311	40	1	1	34	4.80054e-05	20831	1	FALSE	ORF1ab:cds-YP_009724389.1	ACA	T	AAA	K	568
NC_045512.2	1968	C	A	20829	4311	40	1	1	34	4.80054e-05	20831	1	FALSE	ORF1ab:cds-YP_009725295.1	ACA	T	AAA	K	568
NC_045512.2	1969	A	T	20523	4197	39	1	0	34	4.87021e-05	20533	1	FALSE	ORF1ab:cds-YP_009724389.1	ACA	T	ACT	T	568
NC_045512.2	1969	A	T	20523	4197	39	1	0	34	4.87021e-05	20533	1	FALSE	ORF1ab:cds-YP_009725295.1	ACA	T	ACT	T	568
NC_045512.2	1969	A	G	20523	4197	39	6	0	39	0.000292213	20533	0.998755	FALSE	ORF1ab:cds-YP_009724389.1	ACA	T	ACG	T	568
NC_045512.2	1969	A	G	20523	4197	39	6	0	39	0.000292213	20533	0.998755	FALSE	ORF1ab:cds-YP_009725295.1	ACA	T	ACG	T	568
NC_045512.2	1969	A	C	20523	4197	39	3	1	34	0.000146106	20533	0.999967	FALSE	ORF1ab:cds-YP_009724389.1	ACA	T	ACC	T	568
NC_045512.2	1969	A	C	20523	4197	39	3	1	34	0.000146106	20533	0.999967	FALSE	ORF1ab:cds-YP_009725295.1	ACA	T	ACC	T	568
NC_045512.2	1970	A	G	20773	4423	39	3	0	34	0.000144397	20776	0.999967	FALSE	ORF1ab:cds-YP_009724389.1	ATA	I	GTA	V	569
NC_045512.2	1970	A	G	20773	4423	39	3	0	34	0.000144397	20776	0.999967	FALSE	ORF1ab:cds-YP_009725295.1	ATA	I	GTA	V	569
NC_045512.2	1971	T	C	20456	4301	39	3	1	30	0.000146635	20459	0.999967	FALSE	ORF1ab:cds-YP_009724389.1	ATA	I	ACA	T	569
NC_045512.2	1971	T	C	20456	4301	39	3	1	30	0.000146635	20459	0.999967	FALSE	ORF1ab:cds-YP_009725295.1	ATA	I	ACA	T	569
NC_045512.2	1972	A	G	20571	4837	40	1	1	68	4.86098e-05	20572	0.500012	FALSE	ORF1ab:cds-YP_009724389.1	ATA	I	ATG	M	569
NC_045512.2	1972	A	G	20571	4837	40	1	1	68	4.86098e-05	20572	0.500012	FALSE	ORF1ab:cds-YP_009725295.1	ATA	I	ATG	M	569
NC_045512.2	1973	C	A	20568	5496	41	1	1	34	4.86169e-05	20569	1	FALSE	ORF1ab:cds-YP_009724389.1	CTA	L	ATA	I	570
NC_045512.2	1973	C	A	20568	5496	41	1	1	34	4.86169e-05	20569	1	FALSE	ORF1ab:cds-YP_009725295.1	CTA	L	ATA	I	570
NC_045512.2	1974	T	G	19740	5339	40	1	0	34	5.06483e-05	19744	0.999999	FALSE	ORF1ab:cds-YP_009724389.1	CTA	L	CGA	R	570
NC_045512.2	1974	T	G	19740	5339	40	1	0	34	5.06483e-05	19744	0.999999	FALSE	ORF1ab:cds-YP_009725295.1	CTA	L	CGA	R	570
NC_045512.2	1974	T	C	19740	5339	40	2	2	56	0.000101297	19744	0.249981	FALSE	ORF1ab:cds-YP_009724389.1	CTA	L	CCA	P	570
NC_045512.2	1974	T	C	19740	5339	40	2	2	56	0.000101297	19744	0.249981	FALSE	ORF1ab:cds-YP_009725295.1	CTA	L	CCA	P	570
NC_045512.2	1974	T	A	19740	5339	40	1	0	26	5.06483e-05	19744	1	FALSE	ORF1ab:cds-YP_009724389.1	CTA	L	CAA	Q	570
NC_045512.2	1974	T	A	19740	5339	40	1	0	26	5.06483e-05	19744	1	FALSE	ORF1ab:cds-YP_009725295.1	CTA	L	CAA	Q	570
NC_045512.2	1975	A	G	20411	5408	41	5	1	32	0.000244906	20416	0.999546	FALSE	ORF1ab:cds-YP_009724389.1	CTA	L	CTG	L	570
NC_045512.2	1975	A	G	20411	5408	41	5	1	32	0.000244906	20416	0.999546	FALSE	ORF1ab:cds-YP_009725295.1	CTA	L	CTG	L	570
NC_045512.2	1976	G	A	19980	5529	41	1	0	34	5.00475e-05	19981	0.999999	FALSE	ORF1ab:cds-YP_009724389.1	GAT	D	AAT	N	571
NC_045512.2	1976	G	A	19980	5529	41	1	0	34	5.00475e-05	19981	0.999999	FALSE	ORF1ab:cds-YP_009725295.1	GAT	D	AAT	N	571
NC_045512.2	1977	A	T	19243	5580	40	1	0	26	5.19561e-05	19247	1	FALSE	ORF1ab:cds-YP_009724389.1	GAT	D	GTT	V	571
NC_045512.2	1977	A	T	19243	5580	40	1	0	26	5.19561e-05	19247	1	FALSE	ORF1ab:cds-YP_009725295.1	GAT	D	GTT	V	571
NC_045512.2	1977	A	G	19243	5580	40	1	0	34	5.19561e-05	19247	0.999999	FALSE	ORF1ab:cds-YP_009724389.1	GAT	D	GGT	G	571
NC_045512.2	1977	A	G	19243	5580	40	1	0	34	5.19561e-05	19247	0.999999	FALSE	ORF1ab:cds-YP_009725295.1	GAT	D	GGT	G	571
NC_045512.2	1977	A	C	19243	5580	40	2	1	34	0.000103912	19247	0.99999	FALSE	ORF1ab:cds-YP_009724389.1	GAT	D	GCT	A	571
NC_045512.2	1977	A	C	19243	5580	40	2	1	34	0.000103912	19247	0.99999	FALSE	ORF1ab:cds-YP_009725295.1	GAT	D	GCT	A	571
NC_045512.2	1978	T	C	19509	5576	40	1	1	34	5.12558e-05	19510	0.999999	FALSE	ORF1ab:cds-YP_009724389.1	GAT	D	GAC	D	571
NC_045512.2	1978	T	C	19509	5576	40	1	1	34	5.12558e-05	19510	0.999999	FALSE	ORF1ab:cds-YP_009725295.1	GAT	D	GAC	D	571
NC_045512.2	1980	G	T	19768	5697	41	1	0	34	5.05842e-05	19769	0.999999	FALSE	ORF1ab:cds-YP_009724389.1	GGA	G	GTA	V	572
NC_045512.2	1980	G	T	19768	5697	41	1	0	34	5.05842e-05	19769	0.999999	FALSE	ORF1ab:cds-YP_009725295.1	GGA	G	GTA	V	572
NC_045512.2	1981	A	G	19759	5818	41	5	1	39	0.000252985	19764	0.999231	FALSE	ORF1ab:cds-YP_009724389.1	GGA	G	GGG	G	572
NC_045512.2	1981	A	G	19759	5818	41	5	1	39	0.000252985	19764	0.999231	FALSE	ORF1ab:cds-YP_009725295.1	GGA	G	GGG	G	572
NC_045512.2	1983	T	G	17036	6171	39	1	1	26	5.86889e-05	17039	1	FALSE	ORF1ab:cds-YP_009724389.1	ATT	I	AGT	S	573
NC_045512.2	1983	T	G	17036	6171	39	1	1	26	5.86889e-05	17039	1	FALSE	ORF1ab:cds-YP_009725295.1	ATT	I	AGT	S	573
NC_045512.2	1983	T	C	17036	6171	39	1	1	68	5.86889e-05	17039	0.499985	FALSE	ORF1ab:cds-YP_009724389.1	ATT	I	ACT	T	573
NC_045512.2	1983	T	C	17036	6171	39	1	1	68	5.86889e-05	17039	0.499985	FALSE	ORF1ab:cds-YP_009725295.1	ATT	I	ACT	T	573
NC_045512.2	1983	T	A	17036	6171	39	1	0	34	5.86889e-05	17039	0.999996	FALSE	ORF1ab:cds-YP_009724389.1	ATT	I	AAT	N	573
NC_045512.2	1983	T	A	17036	6171	39	1	0	34	5.86889e-05	17039	0.999996	FALSE	ORF1ab:cds-YP_009725295.1	ATT	I	AAT	N	573
NC_045512.2	1984	T	C	16772	6270	39	1	1	68	5.96161e-05	16774	0.5	FALSE	ORF1ab:cds-YP_009724389.1	ATT	I	ATC	I	573
NC_045512.2	1984	T	C	16772	6270	39	1	1	68	5.96161e-05	16774	0.5	FALSE	ORF1ab:cds-YP_009725295.1	ATT	I	ATC	I	573
NC_045512.2	1984	T	A	16772	6270	39	1	0	26	5.96161e-05	16774	1	FALSE	ORF1ab:cds-YP_009724389.1	ATT	I	ATA	I	573
NC_045512.2	1984	T	A	16772	6270	39	1	0	26	5.96161e-05	16774	1	FALSE	ORF1ab:cds-YP_009725295.1	ATT	I	ATA	I	573
NC_045512.2	1985	T	C	17214	6915	39	4	1	31	0.000232302	17219	0.999257	FALSE	ORF1ab:cds-YP_009724389.1	TCA	S	CCA	P	574
NC_045512.2	1985	T	C	17214	6915	39	4	1	31	0.000232302	17219	0.999257	FALSE	ORF1ab:cds-YP_009725295.1	TCA	S	CCA	P	574
NC_045512.2	1985	T	A	17214	6915	39	1	0	26	5.80754e-05	17219	1	FALSE	ORF1ab:cds-YP_009724389.1	TCA	S	ACA	T	574
NC_045512.2	1985	T	A	17214	6915	39	1	0	26	5.80754e-05	17219	1	FALSE	ORF1ab:cds-YP_009725295.1	TCA	S	ACA	T	574
NC_045512.2	1986	C	T	17346	7125	39	1	0	68	5.76435e-05	17348	0.5	FALSE	ORF1ab:cds-YP_009724389.1	TCA	S	TTA	L	574
NC_045512.2	1986	C	T	17346	7125	39	1	0	68	5.76435e-05	17348	0.5	FALSE	ORF1ab:cds-YP_009725295.1	TCA	S	TTA	L	574
NC_045512.2	1986	C	G	17346	7125	39	1	0	26	5.76435e-05	17348	1	FALSE	ORF1ab:cds-YP_009724389.1	TCA	S	TGA	*	574
NC_045512.2	1986	C	G	17346	7125	39	1	0	26	5.76435e-05	17348	1	FALSE	ORF1ab:cds-YP_009725295.1	TCA	S	TGA	*	574
NC_045512.2	1987	A	G	17309	7072	39	5	1	32	0.000288784	17314	0.997835	FALSE	ORF1ab:cds-YP_009724389.1	TCA	S	TCG	S	574
NC_045512.2	1987	A	G	17309	7072	39	5	1	32	0.000288784	17314	0.997835	FALSE	ORF1ab:cds-YP_009725295.1	TCA	S	TCG	S	574
NC_045512.2	1988	C	T	17300	7128	39	1	0	68	5.77968e-05	17302	0.5	FALSE	ORF1ab:cds-YP_009724389.1	CAG	Q	TAG	*	575
NC_045512.2	1988	C	T	17300	7128	39	1	0	68	5.77968e-05	17302	0.5	FALSE	ORF1ab:cds-YP_009725295.1	CAG	Q	TAG	*	575
NC_045512.2	1988	C	A	17300	7128	39	1	0	26	5.77968e-05	17302	1	FALSE	ORF1ab:cds-YP_009724389.1	CAG	Q	AAG	K	575
NC_045512.2	1988	C	A	17300	7128	39	1	0	26	5.77968e-05	17302	1	FALSE	ORF1ab:cds-YP_009725295.1	CAG	Q	AAG	K	575
NC_045512.2	1989	A	G	17026	7014	39	1	1	34	5.87303e-05	17027	0.999996	FALSE	ORF1ab:cds-YP_009724389.1	CAG	Q	CGG	R	575
NC_045512.2	1989	A	G	17026	7014	39	1	1	34	5.87303e-05	17027	0.999996	FALSE	ORF1ab:cds-YP_009725295.1	CAG	Q	CGG	R	575
NC_045512.2	1990	G	T	18067	7167	39	5	0	29	0.000276671	18072	1	FALSE	ORF1ab:cds-YP_009724389.1	CAG	Q	CAT	H	575
NC_045512.2	1990	G	T	18067	7167	39	5	0	29	0.000276671	18072	1	FALSE	ORF1ab:cds-YP_009725295.1	CAG	Q	CAT	H	575
NC_045512.2	1991	T	G	17180	7259	38	1	0	20	5.82038e-05	17181	1	FALSE	ORF1ab:cds-YP_009724389.1	TAT	Y	GAT	D	576
NC_045512.2	1991	T	G	17180	7259	38	1	0	20	5.82038e-05	17181	1	FALSE	ORF1ab:cds-YP_009725295.1	TAT	Y	GAT	D	576
NC_045512.2	1992	A	G	17987	7654	39	1	1	38	5.55926e-05	17988	0.999996	FALSE	ORF1ab:cds-YP_009724389.1	TAT	Y	TGT	C	576
NC_045512.2	1992	A	G	17987	7654	39	1	1	38	5.55926e-05	17988	0.999996	FALSE	ORF1ab:cds-YP_009725295.1	TAT	Y	TGT	C	576
NC_045512.2	1994	T	G	17803	7635	39	1	0	34	5.61545e-05	17808	0.999996	FALSE	ORF1ab:cds-YP_009724389.1	TCA	S	GCA	A	577
NC_045512.2	1994	T	G	17803	7635	39	1	0	34	5.61545e-05	17808	0.999996	FALSE	ORF1ab:cds-YP_009725295.1	TCA	S	GCA	A	577
NC_045512.2	1994	T	C	17803	7635	39	3	2	31	0.000168464	17808	0.999799	FALSE	ORF1ab:cds-YP_009724389.1	TCA	S	CCA	P	577
NC_045512.2	1994	T	C	17803	7635	39	3	2	31	0.000168464	17808	0.999799	FALSE	ORF1ab:cds-YP_009725295.1	TCA	S	CCA	P	577
NC_045512.2	1994	T	A	17803	7635	39	1	0	26	5.61545e-05	17808	1	FALSE	ORF1ab:cds-YP_009724389.1	TCA	S	ACA	T	577
NC_045512.2	1994	T	A	17803	7635	39	1	0	26	5.61545e-05	17808	1	FALSE	ORF1ab:cds-YP_009725295.1	TCA	S	ACA	T	577
NC_045512.2	1995	C	G	18406	7732	39	3	0	29	0.000162946	18411	1	FALSE	ORF1ab:cds-YP_009724389.1	TCA	S	TGA	*	577
NC_045512.2	1995	C	G	18406	7732	39	3	0	29	0.000162946	18411	1	FALSE	ORF1ab:cds-YP_009725295.1	TCA	S	TGA	*	577
NC_045512.2	1995	C	A	18406	7732	39	2	0	30	0.000108631	18411	0.99998	FALSE	ORF1ab:cds-YP_009724389.1	TCA	S	TAA	*	577
NC_045512.2	1995	C	A	18406	7732	39	2	0	30	0.000108631	18411	0.99998	FALSE	ORF1ab:cds-YP_009725295.1	TCA	S	TAA	*	577
NC_045512.2	1996	A	G	17842	7703	38	1	1	34	5.6035e-05	17846	0.999996	FALSE	ORF1ab:cds-YP_009724389.1	TCA	S	TCG	S	577
NC_045512.2	1996	A	G	17842	7703	38	1	1	34	5.6035e-05	17846	0.999996	FALSE	ORF1ab:cds-YP_009725295.1	TCA	S	TCG	S	577
NC_045512.2	1996	A	C	17842	7703	38	3	2	28	0.000168105	17846	1	FALSE	ORF1ab:cds-YP_009724389.1	TCA	S	TCC	S	577
NC_045512.2	1996	A	C	17842	7703	38	3	2	28	0.000168105	17846	1	FALSE	ORF1ab:cds-YP_009725295.1	TCA	S	TCC	S	577
NC_045512.2	1997	C	T	18517	7824	39	1	1	34	5.40015e-05	18518	0.999998	FALSE	ORF1ab:cds-YP_009724389.1	CTG	L	TTG	L	578
NC_045512.2	1997	C	T	18517	7824	39	1	1	34	5.40015e-05	18518	0.999998	FALSE	ORF1ab:cds-YP_009725295.1	CTG	L	TTG	L	578
NC_045512.2	1998	T	C	18512	7889	39	2	0	34	0.000108021	18515	0.99998	FALSE	ORF1ab:cds-YP_009724389.1	CTG	L	CCG	P	578
NC_045512.2	1998	T	C	18512	7889	39	2	0	34	0.000108021	18515	0.99998	FALSE	ORF1ab:cds-YP_009725295.1	CTG	L	CCG	P	578
NC_045512.2	1998	T	A	18512	7889	39	1	1	34	5.40103e-05	18515	0.999998	FALSE	ORF1ab:cds-YP_009724389.1	CTG	L	CAG	Q	578
NC_045512.2	1998	T	A	18512	7889	39	1	1	34	5.40103e-05	18515	0.999998	FALSE	ORF1ab:cds-YP_009725295.1	CTG	L	CAG	Q	578
NC_045512.2	1999	G	T	18470	7815	39	1	0	46	5.41389e-05	18471	0.75002	FALSE	ORF1ab:cds-YP_009724389.1	CTG	L	CTT	L	578
NC_045512.2	1999	G	T	18470	7815	39	1	0	46	5.41389e-05	18471	0.75002	FALSE	ORF1ab:cds-YP_009725295.1	CTG	L	CTT	L	578
NC_045512.2	2000	A	G	18113	7484	39	4	1	40	0.000220787	18117	0.1875	FALSE	ORF1ab:cds-YP_009724389.1	AGA	R	GGA	G	579
NC_045512.2	2000	A	G	18113	7484	39	4	1	40	0.000220787	18117	0.1875	FALSE	ORF1ab:cds-YP_009725295.1	AGA	R	GGA	G	579
NC_045512.2	2002	A	T	16681	7327	38	3	0	26	0.00017977	16688	1	FALSE	ORF1ab:cds-YP_009724389.1	AGA	R	AGT	S	579
NC_045512.2	2002	A	T	16681	7327	38	3	0	26	0.00017977	16688	1	FALSE	ORF1ab:cds-YP_009725295.1	AGA	R	AGT	S	579
NC_045512.2	2002	A	G	16681	7327	38	4	2	34	0.000239693	16688	0.998714	FALSE	ORF1ab:cds-YP_009724389.1	AGA	R	AGG	R	579
NC_045512.2	2002	A	G	16681	7327	38	4	2	34	0.000239693	16688	0.998714	FALSE	ORF1ab:cds-YP_009725295.1	AGA	R	AGG	R	579
NC_045512.2	2003	C	A	17584	7538	38	1	1	26	5.68666e-05	17585	1	FALSE	ORF1ab:cds-YP_009724389.1	CTC	L	ATC	I	580
NC_045512.2	2003	C	A	17584	7538	38	1	1	26	5.68666e-05	17585	1	FALSE	ORF1ab:cds-YP_009725295.1	CTC	L	ATC	I	580
NC_045512.2	2004	T	C	17609	7255	39	1	1	34	5.67859e-05	17610	0.999996	FALSE	ORF1ab:cds-YP_009724389.1	CTC	L	CCC	P	580
NC_045512.2	2004	T	C	17609	7255	39	1	1	34	5.67859e-05	17610	0.999996	FALSE	ORF1ab:cds-YP_009725295.1	CTC	L	CCC	P	580
NC_045512.2	2005	C	T	18065	7282	39	1	0	34	5.53495e-05	18067	0.999998	FALSE	ORF1ab:cds-YP_009724389.1	CTC	L	CTT	L	580
NC_045512.2	2005	C	T	18065	7282	39	1	0	34	5.53495e-05	18067	0.999998	FALSE	ORF1ab:cds-YP_009725295.1	CTC	L	CTT	L	580
NC_045512.2	2005	C	G	18065	7282	39	1	0	34	5.53495e-05	18067	0.999998	FALSE	ORF1ab:cds-YP_009724389.1	CTC	L	CTG	L	580
NC_045512.2	2005	C	G	18065	7282	39	1	0	34	5.53495e-05	18067	0.999998	FALSE	ORF1ab:cds-YP_009725295.1	CTC	L	CTG	L	580
NC_045512.2	2006	A	T	17748	7302	38	1	1	26	5.63412e-05	17749	1	FALSE	ORF1ab:cds-YP_009724389.1	ATT	I	TTT	F	581
NC_045512.2	2006	A	T	17748	7302	38	1	1	26	5.63412e-05	17749	1	FALSE	ORF1ab:cds-YP_009725295.1	ATT	I	TTT	F	581
NC_045512.2	2007	T	C	17088	6428	38	1	0	34	5.85172e-05	17089	0.999996	FALSE	ORF1ab:cds-YP_009724389.1	ATT	I	ACT	T	581
NC_045512.2	2007	T	C	17088	6428	38	1	0	34	5.85172e-05	17089	0.999996	FALSE	ORF1ab:cds-YP_009725295.1	ATT	I	ACT	T	581
NC_045512.2	2008	T	C	18188	7638	39	5	3	34	0.000274816	18194	0.998704	FALSE	ORF1ab:cds-YP_009724389.1	ATT	I	ATC	I	581
NC_045512.2	2008	T	C	18188	7638	39	5	3	34	0.000274816	18194	0.998704	FALSE	ORF1ab:cds-YP_009725295.1	ATT	I	ATC	I	581
NC_045512.2	2008	T	A	18188	7638	39	1	0	26	5.49632e-05	18194	1	FALSE	ORF1ab:cds-YP_009724389.1	ATT	I	ATA	I	581
NC_045512.2	2008	T	A	18188	7638	39	1	0	26	5.49632e-05	18194	1	FALSE	ORF1ab:cds-YP_009725295.1	ATT	I	ATA	I	581
NC_045512.2	2009	G	A	18499	7800	39	1	0	34	5.40541e-05	18500	0.999998	FALSE	ORF1ab:cds-YP_009724389.1	GAT	D	AAT	N	582
NC_045512.2	2009	G	A	18499	7800	39	1	0	34	5.40541e-05	18500	0.999998	FALSE	ORF1ab:cds-YP_009725295.1	GAT	D	AAT	N	582
NC_045512.2	2010	A	G	18674	7743	39	1	0	34	5.35475e-05	18675	0.999998	FALSE	ORF1ab:cds-YP_009724389.1	GAT	D	GGT	G	582
NC_045512.2	2010	A	G	18674	7743	39	1	0	34	5.35475e-05	18675	0.999998	FALSE	ORF1ab:cds-YP_009725295.1	GAT	D	GGT	G	582
NC_045512.2	2012	G	T	18943	7710	39	1	0	34	5.27788e-05	18947	0.999998	FALSE	ORF1ab:cds-YP_009724389.1	GCT	A	TCT	S	583
NC_045512.2	2012	G	T	18943	7710	39	1	0	34	5.27788e-05	18947	0.999998	FALSE	ORF1ab:cds-YP_009725295.1	GCT	A	TCT	S	583
NC_045512.2	2012	G	A	18943	7710	39	3	1	35	0.000158336	18947	0.99989	FALSE	ORF1ab:cds-YP_009724389.1	GCT	A	ACT	T	583
NC_045512.2	2012	G	A	18943	7710	39	3	1	35	0.000158336	18947	0.99989	FALSE	ORF1ab:cds-YP_009725295.1	GCT	A	ACT	T	583
NC_045512.2	2013	C	T	19082	8016	39	1	0	34	5.23917e-05	19087	0.999999	FALSE	ORF1ab:cds-YP_009724389.1	GCT	A	GTT	V	583
NC_045512.2	2013	C	T	19082	8016	39	1	0	34	5.23917e-05	19087	0.999999	FALSE	ORF1ab:cds-YP_009725295.1	GCT	A	GTT	V	583
NC_045512.2	2013	C	G	19082	8016	39	2	1	34	0.000104783	19087	0.99999	FALSE	ORF1ab:cds-YP_009724389.1	GCT	A	GGT	G	583
NC_045512.2	2013	C	G	19082	8016	39	2	1	34	0.000104783	19087	0.99999	FALSE	ORF1ab:cds-YP_009725295.1	GCT	A	GGT	G	583
NC_045512.2	2013	C	A	19082	8016	39	2	2	26	0.000104783	19087	1	FALSE	ORF1ab:cds-YP_009724389.1	GCT	A	GAT	D	583
NC_045512.2	2013	C	A	19082	8016	39	2	2	26	0.000104783	19087	1	FALSE	ORF1ab:cds-YP_009725295.1	GCT	A	GAT	D	583
NC_045512.2	2014	T	C	18979	7818	39	1	0	34	5.2687e-05	18980	0.999998	FALSE	ORF1ab:cds-YP_009724389.1	GCT	A	GCC	A	583
NC_045512.2	2014	T	C	18979	7818	39	1	0	34	5.2687e-05	18980	0.999998	FALSE	ORF1ab:cds-YP_009725295.1	GCT	A	GCC	A	583
NC_045512.2	2015	A	T	19226	7877	39	1	1	27	5.20102e-05	19227	1	FALSE	ORF1ab:cds-YP_009724389.1	ATG	M	TTG	L	584
NC_045512.2	2015	A	T	19226	7877	39	1	1	27	5.20102e-05	19227	1	FALSE	ORF1ab:cds-YP_009725295.1	ATG	M	TTG	L	584
NC_045512.2	2016	T	C	19178	7814	39	3	1	31	0.000156388	19183	0.99994	FALSE	ORF1ab:cds-YP_009724389.1	ATG	M	ACG	T	584
NC_045512.2	2016	T	C	19178	7814	39	3	1	31	0.000156388	19183	0.99994	FALSE	ORF1ab:cds-YP_009725295.1	ATG	M	ACG	T	584
NC_045512.2	2016	T	A	19178	7814	39	2	1	30	0.000104259	19183	0.99999	FALSE	ORF1ab:cds-YP_009724389.1	ATG	M	AAG	K	584
NC_045512.2	2016	T	A	19178	7814	39	2	1	30	0.000104259	19183	0.99999	FALSE	ORF1ab:cds-YP_009725295.1	ATG	M	AAG	K	584
NC_045512.2	2017	G	A	19455	7903	39	1	0	34	5.1398e-05	19456	0.999999	FALSE	ORF1ab:cds-YP_009724389.1	ATG	M	ATA	I	584
NC_045512.2	2017	G	A	19455	7903	39	1	0	34	5.1398e-05	19456	0.999999	FALSE	ORF1ab:cds-YP_009725295.1	ATG	M	ATA	I	584
NC_045512.2	2018	A	T	17491	8277	38	3	3	26	0.000171438	17499	1	FALSE	ORF1ab:cds-YP_009724389.1	ATG	M	TTG	L	585
NC_045512.2	2018	A	T	17491	8277	38	3	3	26	0.000171438	17499	1	FALSE	ORF1ab:cds-YP_009725295.1	ATG	M	TTG	L	585
NC_045512.2	2018	A	G	17491	8277	38	3	0	34	0.000171438	17499	0.999799	FALSE	ORF1ab:cds-YP_009724389.1	ATG	M	GTG	V	585
NC_045512.2	2018	A	G	17491	8277	38	3	0	34	0.000171438	17499	0.999799	FALSE	ORF1ab:cds-YP_009725295.1	ATG	M	GTG	V	585
NC_045512.2	2018	A	C	17491	8277	38	2	2	26	0.000114292	17499	1	FALSE	ORF1ab:cds-YP_009724389.1	ATG	M	CTG	L	585
NC_045512.2	2018	A	C	17491	8277	38	2	2	26	0.000114292	17499	1	FALSE	ORF1ab:cds-YP_009725295.1	ATG	M	CTG	L	585
NC_045512.2	2020	G	T	17691	8092	38	4	1	30	0.000226053	17695	0.999258	FALSE	ORF1ab:cds-YP_009724389.1	ATG	M	ATT	I	585
NC_045512.2	2020	G	T	17691	8092	38	4	1	30	0.000226053	17695	0.999258	FALSE	ORF1ab:cds-YP_009725295.1	ATG	M	ATT	I	585
NC_045512.2	2021	T	C	17676	8180	38	1	1	34	5.65707e-05	17677	0.999996	FALSE	ORF1ab:cds-YP_009724389.1	TTC	F	CTC	L	586
NC_045512.2	2021	T	C	17676	8180	38	1	1	34	5.65707e-05	17677	0.999996	FALSE	ORF1ab:cds-YP_009725295.1	TTC	F	CTC	L	586
NC_045512.2	2022	T	G	17996	8551	38	2	0	34	0.000111117	17999	0.999962	FALSE	ORF1ab:cds-YP_009724389.1	TTC	F	TGC	C	586
NC_045512.2	2022	T	G	17996	8551	38	2	0	34	0.000111117	17999	0.999962	FALSE	ORF1ab:cds-YP_009725295.1	TTC	F	TGC	C	586
NC_045512.2	2022	T	C	17996	8551	38	1	1	34	5.55586e-05	17999	0.999996	FALSE	ORF1ab:cds-YP_009724389.1	TTC	F	TCC	S	586
NC_045512.2	2022	T	C	17996	8551	38	1	1	34	5.55586e-05	17999	0.999996	FALSE	ORF1ab:cds-YP_009725295.1	TTC	F	TCC	S	586
NC_045512.2	2024	A	T	17562	8251	38	2	2	34	0.000113856	17566	0.999962	FALSE	ORF1ab:cds-YP_009724389.1	ACA	T	TCA	S	587
NC_045512.2	2024	A	T	17562	8251	38	2	2	34	0.000113856	17566	0.999962	FALSE	ORF1ab:cds-YP_009725295.1	ACA	T	TCA	S	587
NC_045512.2	2024	A	G	17562	8251	38	1	0	34	5.69282e-05	17566	0.999996	FALSE	ORF1ab:cds-YP_009724389.1	ACA	T	GCA	A	587
NC_045512.2	2024	A	G	17562	8251	38	1	0	34	5.69282e-05	17566	0.999996	FALSE	ORF1ab:cds-YP_009725295.1	ACA	T	GCA	A	587
NC_045512.2	2024	A	C	17562	8251	38	1	1	34	5.69282e-05	17566	0.999996	FALSE	ORF1ab:cds-YP_009724389.1	ACA	T	CCA	P	587
NC_045512.2	2024	A	C	17562	8251	38	1	1	34	5.69282e-05	17566	0.999996	FALSE	ORF1ab:cds-YP_009725295.1	ACA	T	CCA	P	587
NC_045512.2	2025	C	T	18108	8363	38	1	1	34	5.52059e-05	18114	0.999998	FALSE	ORF1ab:cds-YP_009724389.1	ACA	T	ATA	I	587
NC_045512.2	2025	C	T	18108	8363	38	1	1	34	5.52059e-05	18114	0.999998	FALSE	ORF1ab:cds-YP_009725295.1	ACA	T	ATA	I	587
NC_045512.2	2025	C	G	18108	8363	38	2	0	30	0.000110412	18114	0.99998	FALSE	ORF1ab:cds-YP_009724389.1	ACA	T	AGA	R	587
NC_045512.2	2025	C	G	18108	8363	38	2	0	30	0.000110412	18114	0.99998	FALSE	ORF1ab:cds-YP_009725295.1	ACA	T	AGA	R	587
NC_045512.2	2025	C	A	18108	8363	38	3	2	28	0.000165618	18114	1	FALSE	ORF1ab:cds-YP_009724389.1	ACA	T	AAA	K	587
NC_045512.2	2025	C	A	18108	8363	38	3	2	28	0.000165618	18114	1	FALSE	ORF1ab:cds-YP_009725295.1	ACA	T	AAA	K	587
NC_045512.2	2028	C	A	17760	8339	38	1	1	26	5.63031e-05	17761	1	FALSE	ORF1ab:cds-YP_009724389.1	TCT	S	TAT	Y	588
NC_045512.2	2028	C	A	17760	8339	38	1	1	26	5.63031e-05	17761	1	FALSE	ORF1ab:cds-YP_009725295.1	TCT	S	TAT	Y	588
NC_045512.2	2029	T	C	17580	8187	38	2	1	30	0.000113753	17582	0.999962	FALSE	ORF1ab:cds-YP_009724389.1	TCT	S	TCC	S	588
NC_045512.2	2029	T	C	17580	8187	38	2	1	30	0.000113753	17582	0.999962	FALSE	ORF1ab:cds-YP_009725295.1	TCT	S	TCC	S	588
NC_045512.2	2031	A	G	18353	9055	39	3	0	34	0.000163434	18356	0.99989	FALSE	ORF1ab:cds-YP_009724389.1	GAT	D	GGT	G	589
NC_045512.2	2031	A	G	18353	9055	39	3	0	34	0.000163434	18356	0.99989	FALSE	ORF1ab:cds-YP_009725295.1	GAT	D	GGT	G	589
NC_045512.2	2032	T	C	18471	9282	39	1	1	34	5.4136e-05	18472	0.999998	FALSE	ORF1ab:cds-YP_009724389.1	GAT	D	GAC	D	589
NC_045512.2	2032	T	C	18471	9282	39	1	1	34	5.4136e-05	18472	0.999998	FALSE	ORF1ab:cds-YP_009725295.1	GAT	D	GAC	D	589
NC_045512.2	2033	T	G	18276	9111	38	1	0	34	5.47136e-05	18277	0.999998	FALSE	ORF1ab:cds-YP_009724389.1	TTG	L	GTG	V	590
NC_045512.2	2033	T	G	18276	9111	38	1	0	34	5.47136e-05	18277	0.999998	FALSE	ORF1ab:cds-YP_009725295.1	TTG	L	GTG	V	590
NC_045512.2	2034	T	C	18117	9069	39	7	6	43	0.000386228	18124	0.0351472	FALSE	ORF1ab:cds-YP_009724389.1	TTG	L	TCG	S	590
NC_045512.2	2034	T	C	18117	9069	39	7	6	43	0.000386228	18124	0.0351472	FALSE	ORF1ab:cds-YP_009725295.1	TTG	L	TCG	S	590
NC_045512.2	2035	G	T	18286	9046	39	1	0	34	5.46837e-05	18287	0.999998	FALSE	ORF1ab:cds-YP_009724389.1	TTG	L	TTT	F	590
NC_045512.2	2035	G	T	18286	9046	39	1	0	34	5.46837e-05	18287	0.999998	FALSE	ORF1ab:cds-YP_009725295.1	TTG	L	TTT	F	590
NC_045512.2	2036	G	A	18321	9103	39	1	1	60	5.45792e-05	18322	0.500014	FALSE	ORF1ab:cds-YP_009724389.1	GCT	A	ACT	T	591
NC_045512.2	2036	G	A	18321	9103	39	1	1	60	5.45792e-05	18322	0.500014	FALSE	ORF1ab:cds-YP_009725295.1	GCT	A	ACT	T	591
NC_045512.2	2037	C	T	18340	9171	39	2	2	47	0.000109039	18342	0.50002	FALSE	ORF1ab:cds-YP_009724389.1	GCT	A	GTT	V	591
NC_045512.2	2037	C	T	18340	9171	39	2	2	47	0.000109039	18342	0.50002	FALSE	ORF1ab:cds-YP_009725295.1	GCT	A	GTT	V	591
NC_045512.2	2038	T	C	18405	9178	39	1	1	34	5.43301e-05	18406	0.999998	FALSE	ORF1ab:cds-YP_009724389.1	GCT	A	GCC	A	591
NC_045512.2	2038	T	C	18405	9178	39	1	1	34	5.43301e-05	18406	0.999998	FALSE	ORF1ab:cds-YP_009725295.1	GCT	A	GCC	A	591
NC_045512.2	2039	A	T	18268	8985	39	2	2	30	0.000109451	18273	0.99998	FALSE	ORF1ab:cds-YP_009724389.1	ACT	T	TCT	S	592
NC_045512.2	2039	A	T	18268	8985	39	2	2	30	0.000109451	18273	0.99998	FALSE	ORF1ab:cds-YP_009725295.1	ACT	T	TCT	S	592
NC_045512.2	2039	A	G	18268	8985	39	3	2	31	0.000164177	18273	0.99989	FALSE	ORF1ab:cds-YP_009724389.1	ACT	T	GCT	A	592
NC_045512.2	2039	A	G	18268	8985	39	3	2	31	0.000164177	18273	0.99989	FALSE	ORF1ab:cds-YP_009725295.1	ACT	T	GCT	A	592
NC_045512.2	2040	C	T	18285	9109	39	1	0	34	5.46807e-05	18288	0.999998	FALSE	ORF1ab:cds-YP_009724389.1	ACT	T	ATT	I	592
NC_045512.2	2040	C	T	18285	9109	39	1	0	34	5.46807e-05	18288	0.999998	FALSE	ORF1ab:cds-YP_009725295.1	ACT	T	ATT	I	592
NC_045512.2	2040	C	G	18285	9109	39	1	0	34	5.46807e-05	18288	0.999998	FALSE	ORF1ab:cds-YP_009724389.1	ACT	T	AGT	S	592
NC_045512.2	2040	C	G	18285	9109	39	1	0	34	5.46807e-05	18288	0.999998	FALSE	ORF1ab:cds-YP_009725295.1	ACT	T	AGT	S	592
NC_045512.2	2040	C	A	18285	9109	39	1	0	26	5.46807e-05	18288	1	FALSE	ORF1ab:cds-YP_009724389.1	ACT	T	AAT	N	592
NC_045512.2	2040	C	A	18285	9109	39	1	0	26	5.46807e-05	18288	1	FALSE	ORF1ab:cds-YP_009725295.1	ACT	T	AAT	N	592
NC_045512.2	2041	T	C	18036	8833	38	1	1	68	5.54416e-05	18037	0.500014	FALSE	ORF1ab:cds-YP_009724389.1	ACT	T	ACC	T	592
NC_045512.2	2041	T	C	18036	8833	38	1	1	68	5.54416e-05	18037	0.500014	FALSE	ORF1ab:cds-YP_009725295.1	ACT	T	ACC	T	592
NC_045512.2	2042	A	T	18644	9555	39	1	0	26	5.36222e-05	18649	1	FALSE	ORF1ab:cds-YP_009724389.1	AAC	N	TAC	Y	593
NC_045512.2	2042	A	T	18644	9555	39	1	0	26	5.36222e-05	18649	1	FALSE	ORF1ab:cds-YP_009725295.1	AAC	N	TAC	Y	593
NC_045512.2	2042	A	C	18644	9555	39	4	4	28	0.000214489	18649	1	FALSE	ORF1ab:cds-YP_009724389.1	AAC	N	CAC	H	593
NC_045512.2	2042	A	C	18644	9555	39	4	4	28	0.000214489	18649	1	FALSE	ORF1ab:cds-YP_009725295.1	AAC	N	CAC	H	593
NC_045512.2	2043	A	T	18761	10226	39	1	1	20	5.32793e-05	18769	1	FALSE	ORF1ab:cds-YP_009724389.1	AAC	N	ATC	I	593
NC_045512.2	2043	A	T	18761	10226	39	1	1	20	5.32793e-05	18769	1	FALSE	ORF1ab:cds-YP_009725295.1	AAC	N	ATC	I	593
NC_045512.2	2043	A	G	18761	10226	39	5	2	34	0.000266397	18769	0.998703	FALSE	ORF1ab:cds-YP_009724389.1	AAC	N	AGC	S	593
NC_045512.2	2043	A	G	18761	10226	39	5	2	34	0.000266397	18769	0.998703	FALSE	ORF1ab:cds-YP_009725295.1	AAC	N	AGC	S	593
NC_045512.2	2043	A	C	18761	10226	39	2	2	34	0.000106559	18769	0.99998	FALSE	ORF1ab:cds-YP_009724389.1	AAC	N	ACC	T	593
NC_045512.2	2043	A	C	18761	10226	39	2	2	34	0.000106559	18769	0.99998	FALSE	ORF1ab:cds-YP_009725295.1	AAC	N	ACC	T	593
NC_045512.2	2044	C	A	18983	10431	39	2	2	30	0.000105346	18985	0.99998	FALSE	ORF1ab:cds-YP_009724389.1	AAC	N	AAA	K	593
NC_045512.2	2044	C	A	18983	10431	39	2	2	30	0.000105346	18985	0.99998	FALSE	ORF1ab:cds-YP_009725295.1	AAC	N	AAA	K	593
NC_045512.2	2045	A	T	18568	10243	39	2	1	30	0.000107683	18573	0.99998	FALSE	ORF1ab:cds-YP_009724389.1	AAT	N	TAT	Y	594
NC_045512.2	2045	A	T	18568	10243	39	2	1	30	0.000107683	18573	0.99998	FALSE	ORF1ab:cds-YP_009725295.1	AAT	N	TAT	Y	594
NC_045512.2	2045	A	G	18568	10243	39	3	1	34	0.000161525	18573	0.99989	FALSE	ORF1ab:cds-YP_009724389.1	AAT	N	GAT	D	594
NC_045512.2	2045	A	G	18568	10243	39	3	1	34	0.000161525	18573	0.99989	FALSE	ORF1ab:cds-YP_009725295.1	AAT	N	GAT	D	594
NC_045512.2	2046	A	C	18370	9960	38	1	1	27	5.44336e-05	18371	1	FALSE	ORF1ab:cds-YP_009724389.1	AAT	N	ACT	T	594
NC_045512.2	2046	A	C	18370	9960	38	1	1	27	5.44336e-05	18371	1	FALSE	ORF1ab:cds-YP_009725295.1	AAT	N	ACT	T	594
NC_045512.2	2047	T	C	16709	8748	37	1	1	34	5.98337e-05	16713	0.999992	FALSE	ORF1ab:cds-YP_009724389.1	AAT	N	AAC	N	594
NC_045512.2	2047	T	C	16709	8748	37	1	1	34	5.98337e-05	16713	0.999992	FALSE	ORF1ab:cds-YP_009725295.1	AAT	N	AAC	N	594
NC_045512.2	2047	T	A	16709	8748	37	3	3	31	0.000179501	16713	0.999637	FALSE	ORF1ab:cds-YP_009724389.1	AAT	N	AAA	K	594
NC_045512.2	2047	T	A	16709	8748	37	3	3	31	0.000179501	16713	0.999637	FALSE	ORF1ab:cds-YP_009725295.1	AAT	N	AAA	K	594
NC_045512.2	2049	T	G	17918	10181	38	1	0	34	5.58005e-05	17921	0.999996	FALSE	ORF1ab:cds-YP_009724389.1	CTA	L	CGA	R	595
NC_045512.2	2049	T	G	17918	10181	38	1	0	34	5.58005e-05	17921	0.999996	FALSE	ORF1ab:cds-YP_009725295.1	CTA	L	CGA	R	595
NC_045512.2	2049	T	C	17918	10181	38	2	0	51	0.000111601	17921	0.249993	FALSE	ORF1ab:cds-YP_009724389.1	CTA	L	CCA	P	595
NC_045512.2	2049	T	C	17918	10181	38	2	0	51	0.000111601	17921	0.249993	FALSE	ORF1ab:cds-YP_009725295.1	CTA	L	CCA	P	595
NC_045512.2	2050	A	T	18363	10454	38	1	1	34	5.44455e-05	18367	0.999998	FALSE	ORF1ab:cds-YP_009724389.1	CTA	L	CTT	L	595
NC_045512.2	2050	A	T	18363	10454	38	1	1	34	5.44455e-05	18367	0.999998	FALSE	ORF1ab:cds-YP_009725295.1	CTA	L	CTT	L	595
NC_045512.2	2050	A	G	18363	10454	38	3	0	31	0.000163336	18367	0.99989	FALSE	ORF1ab:cds-YP_009724389.1	CTA	L	CTG	L	595
NC_045512.2	2050	A	G	18363	10454	38	3	0	31	0.000163336	18367	0.99989	FALSE	ORF1ab:cds-YP_009725295.1	CTA	L	CTG	L	595
NC_045512.2	2051	G	C	18489	10525	38	1	1	26	5.40833e-05	18490	1	FALSE	ORF1ab:cds-YP_009724389.1	GTT	V	CTT	L	596
NC_045512.2	2051	G	C	18489	10525	38	1	1	26	5.40833e-05	18490	1	FALSE	ORF1ab:cds-YP_009725295.1	GTT	V	CTT	L	596
NC_045512.2	2052	T	G	18081	10404	38	1	1	26	5.52975e-05	18084	1	FALSE	ORF1ab:cds-YP_009724389.1	GTT	V	GGT	G	596
NC_045512.2	2052	T	G	18081	10404	38	1	1	26	5.52975e-05	18084	1	FALSE	ORF1ab:cds-YP_009725295.1	GTT	V	GGT	G	596
NC_045512.2	2052	T	C	18081	10404	38	2	1	46	0.000110595	18084	0.5	FALSE	ORF1ab:cds-YP_009724389.1	GTT	V	GCT	A	596
NC_045512.2	2052	T	C	18081	10404	38	2	1	46	0.000110595	18084	0.5	FALSE	ORF1ab:cds-YP_009725295.1	GTT	V	GCT	A	596
NC_045512.2	2054	G	C	18946	11103	39	2	2	34	0.000105541	18950	0.99998	FALSE	ORF1ab:cds-YP_009724389.1	GTA	V	CTA	L	597
NC_045512.2	2054	G	C	18946	11103	39	2	2	34	0.000105541	18950	0.99998	FALSE	ORF1ab:cds-YP_009725295.1	GTA	V	CTA	L	597
NC_045512.2	2054	G	A	18946	11103	39	2	2	51	0.000105541	18950	0.24998	FALSE	ORF1ab:cds-YP_009724389.1	GTA	V	ATA	I	597
NC_045512.2	2054	G	A	18946	11103	39	2	2	51	0.000105541	18950	0.24998	FALSE	ORF1ab:cds-YP_009725295.1	GTA	V	ATA	I	597
NC_045512.2	2055	T	C	17564	10060	37	3	1	34	0.000170775	17567	0.9998	FALSE	ORF1ab:cds-YP_009724389.1	GTA	V	GCA	A	597
NC_045512.2	2055	T	C	17564	10060	37	3	1	34	0.000170775	17567	0.9998	FALSE	ORF1ab:cds-YP_009725295.1	GTA	V	GCA	A	597
NC_045512.2	2055	T	-A	17564	10060	37	1	0	20	5.69249e-05	17567	1	FALSE	NA	NA	NA	NA	NA	NA
NC_045512.2	2056	A	G	18484	10936	39	2	2	34	0.00010819	18486	0.99998	FALSE	ORF1ab:cds-YP_009724389.1	GTA	V	GTG	V	597
NC_045512.2	2056	A	G	18484	10936	39	2	2	34	0.00010819	18486	0.99998	FALSE	ORF1ab:cds-YP_009725295.1	GTA	V	GTG	V	597
NC_045512.2	2057	A	G	18708	11502	39	1	1	34	5.34502e-05	18709	0.999998	FALSE	ORF1ab:cds-YP_009724389.1	ATG	M	GTG	V	598
NC_045512.2	2057	A	G	18708	11502	39	1	1	34	5.34502e-05	18709	0.999998	FALSE	ORF1ab:cds-YP_009725295.1	ATG	M	GTG	V	598
NC_045512.2	2058	T	G	18983	11542	39	1	0	34	5.26732e-05	18985	0.999998	FALSE	ORF1ab:cds-YP_009724389.1	ATG	M	AGG	R	598
NC_045512.2	2058	T	G	18983	11542	39	1	0	34	5.26732e-05	18985	0.999998	FALSE	ORF1ab:cds-YP_009725295.1	ATG	M	AGG	R	598
NC_045512.2	2058	T	C	18983	11542	39	1	1	34	5.26732e-05	18985	0.999998	FALSE	ORF1ab:cds-YP_009724389.1	ATG	M	ACG	T	598
NC_045512.2	2058	T	C	18983	11542	39	1	1	34	5.26732e-05	18985	0.999998	FALSE	ORF1ab:cds-YP_009725295.1	ATG	M	ACG	T	598
NC_045512.2	2059	G	T	19066	11312	39	2	0	34	0.000104877	19070	0.99999	FALSE	ORF1ab:cds-YP_009724389.1	ATG	M	ATT	I	598
NC_045512.2	2059	G	T	19066	11312	39	2	0	34	0.000104877	19070	0.99999	FALSE	ORF1ab:cds-YP_009725295.1	ATG	M	ATT	I	598
NC_045512.2	2059	G	C	19066	11312	39	2	2	30	0.000104877	19070	0.99999	FALSE	ORF1ab:cds-YP_009724389.1	ATG	M	ATC	I	598
NC_045512.2	2059	G	C	19066	11312	39	2	2	30	0.000104877	19070	0.99999	FALSE	ORF1ab:cds-YP_009725295.1	ATG	M	ATC	I	598
NC_045512.2	2060	G	A	19171	11472	39	8	3	38	0.000417123	19179	0.990445	FALSE	ORF1ab:cds-YP_009724389.1	GCC	A	ACC	T	599
NC_045512.2	2060	G	A	19171	11472	39	8	3	38	0.000417123	19179	0.990445	FALSE	ORF1ab:cds-YP_009725295.1	GCC	A	ACC	T	599
NC_045512.2	2062	C	T	19315	12073	39	2	1	51	0.000103525	19319	0.249981	FALSE	ORF1ab:cds-YP_009724389.1	GCC	A	GCT	A	599
NC_045512.2	2062	C	T	19315	12073	39	2	1	51	0.000103525	19319	0.249981	FALSE	ORF1ab:cds-YP_009725295.1	GCC	A	GCT	A	599
NC_045512.2	2062	C	A	19315	12073	39	2	1	34	0.000103525	19319	0.99999	FALSE	ORF1ab:cds-YP_009724389.1	GCC	A	GCA	A	599
NC_045512.2	2062	C	A	19315	12073	39	2	1	34	0.000103525	19319	0.99999	FALSE	ORF1ab:cds-YP_009725295.1	GCC	A	GCA	A	599
NC_045512.2	2063	T	C	19196	11920	39	1	1	34	5.20915e-05	19197	0.999999	FALSE	ORF1ab:cds-YP_009724389.1	TAC	Y	CAC	H	600
NC_045512.2	2063	T	C	19196	11920	39	1	1	34	5.20915e-05	19197	0.999999	FALSE	ORF1ab:cds-YP_009725295.1	TAC	Y	CAC	H	600
NC_045512.2	2064	A	G	19775	11838	38	2	1	34	0.000101128	19777	0.99999	FALSE	ORF1ab:cds-YP_009724389.1	TAC	Y	TGC	C	600
NC_045512.2	2064	A	G	19775	11838	38	2	1	34	0.000101128	19777	0.99999	FALSE	ORF1ab:cds-YP_009725295.1	TAC	Y	TGC	C	600
NC_045512.2	2065	C	G	20053	12087	38	1	1	26	4.98629e-05	20055	1	FALSE	ORF1ab:cds-YP_009724389.1	TAC	Y	TAG	*	600
NC_045512.2	2065	C	G	20053	12087	38	1	1	26	4.98629e-05	20055	1	FALSE	ORF1ab:cds-YP_009725295.1	TAC	Y	TAG	*	600
NC_045512.2	2065	C	A	20053	12087	38	1	0	68	4.98629e-05	20055	0.5	FALSE	ORF1ab:cds-YP_009724389.1	TAC	Y	TAA	*	600
NC_045512.2	2065	C	A	20053	12087	38	1	0	68	4.98629e-05	20055	0.5	FALSE	ORF1ab:cds-YP_009725295.1	TAC	Y	TAA	*	600
NC_045512.2	2066	A	T	19938	12040	38	1	1	34	5.0153e-05	19939	0.999999	FALSE	ORF1ab:cds-YP_009724389.1	ATT	I	TTT	F	601
NC_045512.2	2066	A	T	19938	12040	38	1	1	34	5.0153e-05	19939	0.999999	FALSE	ORF1ab:cds-YP_009725295.1	ATT	I	TTT	F	601
NC_045512.2	2067	T	C	20092	12267	38	1	1	34	4.97686e-05	20093	1	FALSE	ORF1ab:cds-YP_009724389.1	ATT	I	ACT	T	601
NC_045512.2	2067	T	C	20092	12267	38	1	1	34	4.97686e-05	20093	1	FALSE	ORF1ab:cds-YP_009725295.1	ATT	I	ACT	T	601
NC_045512.2	2068	T	C	19491	11828	38	1	1	34	5.13005e-05	19493	0.999999	FALSE	ORF1ab:cds-YP_009724389.1	ATT	I	ATC	I	601
NC_045512.2	2068	T	C	19491	11828	38	1	1	34	5.13005e-05	19493	0.999999	FALSE	ORF1ab:cds-YP_009725295.1	ATT	I	ATC	I	601
NC_045512.2	2068	T	A	19491	11828	38	1	0	26	5.13005e-05	19493	1	FALSE	ORF1ab:cds-YP_009724389.1	ATT	I	ATA	I	601
NC_045512.2	2068	T	A	19491	11828	38	1	0	26	5.13005e-05	19493	1	FALSE	ORF1ab:cds-YP_009725295.1	ATT	I	ATA	I	601
NC_045512.2	2069	A	G	19421	11795	38	2	0	51	0.000102971	19423	0.250006	FALSE	ORF1ab:cds-YP_009724389.1	ACA	T	GCA	A	602
NC_045512.2	2069	A	G	19421	11795	38	2	0	51	0.000102971	19423	0.250006	FALSE	ORF1ab:cds-YP_009725295.1	ACA	T	GCA	A	602
NC_045512.2	2070	C	A	19299	11875	38	1	1	34	5.18135e-05	19300	0.999999	FALSE	ORF1ab:cds-YP_009724389.1	ACA	T	AAA	K	602
NC_045512.2	2070	C	A	19299	11875	38	1	1	34	5.18135e-05	19300	0.999999	FALSE	ORF1ab:cds-YP_009725295.1	ACA	T	AAA	K	602
NC_045512.2	2071	A	G	18884	11449	38	4	2	30	0.000211775	18888	0.999574	FALSE	ORF1ab:cds-YP_009724389.1	ACA	T	ACG	T	602
NC_045512.2	2071	A	G	18884	11449	38	4	2	30	0.000211775	18888	0.999574	FALSE	ORF1ab:cds-YP_009725295.1	ACA	T	ACG	T	602
NC_045512.2	2074	T	C	17645	10351	38	2	1	29	0.000113334	17647	1	FALSE	ORF1ab:cds-YP_009724389.1	GGT	G	GGC	G	603
NC_045512.2	2074	T	C	17645	10351	38	2	1	29	0.000113334	17647	1	FALSE	ORF1ab:cds-YP_009725295.1	GGT	G	GGC	G	603
NC_045512.2	2076	G	C	18878	11494	39	1	1	34	5.29689e-05	18879	0.999998	FALSE	ORF1ab:cds-YP_009724389.1	GGT	G	GCT	A	604
NC_045512.2	2076	G	C	18878	11494	39	1	1	34	5.29689e-05	18879	0.999998	FALSE	ORF1ab:cds-YP_009725295.1	GGT	G	GCT	A	604
NC_045512.2	2077	T	A	18598	11232	39	1	1	20	5.37663e-05	18599	1	FALSE	ORF1ab:cds-YP_009724389.1	GGT	G	GGA	G	604
NC_045512.2	2077	T	A	18598	11232	39	1	1	20	5.37663e-05	18599	1	FALSE	ORF1ab:cds-YP_009725295.1	GGT	G	GGA	G	604
NC_045512.2	2078	G	C	18848	11413	39	2	2	34	0.000106101	18850	0.99998	FALSE	ORF1ab:cds-YP_009724389.1	GTT	V	CTT	L	605
NC_045512.2	2078	G	C	18848	11413	39	2	2	34	0.000106101	18850	0.99998	FALSE	ORF1ab:cds-YP_009725295.1	GTT	V	CTT	L	605
NC_045512.2	2079	T	G	18842	11446	39	1	1	26	5.30673e-05	18844	1	FALSE	ORF1ab:cds-YP_009724389.1	GTT	V	GGT	G	605
NC_045512.2	2079	T	G	18842	11446	39	1	1	26	5.30673e-05	18844	1	FALSE	ORF1ab:cds-YP_009725295.1	GTT	V	GGT	G	605
NC_045512.2	2079	T	C	18842	11446	39	1	1	34	5.30673e-05	18844	0.999998	FALSE	ORF1ab:cds-YP_009724389.1	GTT	V	GCT	A	605
NC_045512.2	2079	T	C	18842	11446	39	1	1	34	5.30673e-05	18844	0.999998	FALSE	ORF1ab:cds-YP_009725295.1	GTT	V	GCT	A	605
NC_045512.2	2080	T	G	18571	11197	39	1	0	34	5.38445e-05	18572	0.999998	FALSE	ORF1ab:cds-YP_009724389.1	GTT	V	GTG	V	605
NC_045512.2	2080	T	G	18571	11197	39	1	0	34	5.38445e-05	18572	0.999998	FALSE	ORF1ab:cds-YP_009725295.1	GTT	V	GTG	V	605
NC_045512.2	2082	T	C	18571	11217	39	3	2	31	0.000161516	18574	0.99989	FALSE	ORF1ab:cds-YP_009724389.1	GTT	V	GCT	A	606
NC_045512.2	2082	T	C	18571	11217	39	3	2	31	0.000161516	18574	0.99989	FALSE	ORF1ab:cds-YP_009725295.1	GTT	V	GCT	A	606
NC_045512.2	2083	T	G	18614	11351	39	1	1	26	5.37172e-05	18616	1	FALSE	ORF1ab:cds-YP_009724389.1	GTT	V	GTG	V	606
NC_045512.2	2083	T	G	18614	11351	39	1	1	26	5.37172e-05	18616	1	FALSE	ORF1ab:cds-YP_009725295.1	GTT	V	GTG	V	606
NC_045512.2	2083	T	C	18614	11351	39	1	1	34	5.37172e-05	18616	0.999998	FALSE	ORF1ab:cds-YP_009724389.1	GTT	V	GTC	V	606
NC_045512.2	2083	T	C	18614	11351	39	1	1	34	5.37172e-05	18616	0.999998	FALSE	ORF1ab:cds-YP_009725295.1	GTT	V	GTC	V	606
NC_045512.2	2084	C	A	18527	11261	39	1	0	34	5.39724e-05	18528	0.999998	FALSE	ORF1ab:cds-YP_009724389.1	CAG	Q	AAG	K	607
NC_045512.2	2084	C	A	18527	11261	39	1	0	34	5.39724e-05	18528	0.999998	FALSE	ORF1ab:cds-YP_009725295.1	CAG	Q	AAG	K	607
NC_045512.2	2085	A	T	17849	10646	39	1	1	34	5.60224e-05	17850	0.999996	FALSE	ORF1ab:cds-YP_009724389.1	CAG	Q	CTG	L	607
NC_045512.2	2085	A	T	17849	10646	39	1	1	34	5.60224e-05	17850	0.999996	FALSE	ORF1ab:cds-YP_009725295.1	CAG	Q	CTG	L	607
NC_045512.2	2086	G	T	17886	10664	39	1	1	68	5.59003e-05	17889	0.499986	FALSE	ORF1ab:cds-YP_009724389.1	CAG	Q	CAT	H	607
NC_045512.2	2086	G	T	17886	10664	39	1	1	68	5.59003e-05	17889	0.499986	FALSE	ORF1ab:cds-YP_009725295.1	CAG	Q	CAT	H	607
NC_045512.2	2086	G	C	17886	10664	39	1	1	34	5.59003e-05	17889	0.999996	FALSE	ORF1ab:cds-YP_009724389.1	CAG	Q	CAC	H	607
NC_045512.2	2086	G	C	17886	10664	39	1	1	34	5.59003e-05	17889	0.999996	FALSE	ORF1ab:cds-YP_009725295.1	CAG	Q	CAC	H	607
NC_045512.2	2086	G	A	17886	10664	39	1	1	34	5.59003e-05	17889	0.999996	FALSE	ORF1ab:cds-YP_009724389.1	CAG	Q	CAA	Q	607
NC_045512.2	2086	G	A	17886	10664	39	1	1	34	5.59003e-05	17889	0.999996	FALSE	ORF1ab:cds-YP_009725295.1	CAG	Q	CAA	Q	607
NC_045512.2	2087	T	A	18221	11519	39	1	0	27	5.48787e-05	18222	1	FALSE	ORF1ab:cds-YP_009724389.1	TTG	L	ATG	M	608
NC_045512.2	2087	T	A	18221	11519	39	1	0	27	5.48787e-05	18222	1	FALSE	ORF1ab:cds-YP_009725295.1	TTG	L	ATG	M	608
NC_045512.2	2088	T	C	19410	12801	40	1	1	34	5.15172e-05	19411	0.999999	FALSE	ORF1ab:cds-YP_009724389.1	TTG	L	TCG	S	608
NC_045512.2	2088	T	C	19410	12801	40	1	1	34	5.15172e-05	19411	0.999999	FALSE	ORF1ab:cds-YP_009725295.1	TTG	L	TCG	S	608
NC_045512.2	2089	G	C	19775	13229	41	1	1	26	5.05663e-05	19776	1	FALSE	ORF1ab:cds-YP_009724389.1	TTG	L	TTC	F	608
NC_045512.2	2089	G	C	19775	13229	41	1	1	26	5.05663e-05	19776	1	FALSE	ORF1ab:cds-YP_009725295.1	TTG	L	TTC	F	608
NC_045512.2	2091	C	T	19074	13451	39	1	1	26	5.24191e-05	19077	1	FALSE	ORF1ab:cds-YP_009724389.1	ACT	T	ATT	I	609
NC_045512.2	2091	C	T	19074	13451	39	1	1	26	5.24191e-05	19077	1	FALSE	ORF1ab:cds-YP_009725295.1	ACT	T	ATT	I	609
NC_045512.2	2091	C	A	19074	13451	39	2	1	30	0.000104838	19077	0.99999	FALSE	ORF1ab:cds-YP_009724389.1	ACT	T	AAT	N	609
NC_045512.2	2091	C	A	19074	13451	39	2	1	30	0.000104838	19077	0.99999	FALSE	ORF1ab:cds-YP_009725295.1	ACT	T	AAT	N	609
NC_045512.2	2091	C	-T	19074	13451	39	1	0	20	5.24191e-05	19077	1	FALSE	NA	NA	NA	NA	NA	NA
NC_045512.2	2092	T	G	17055	11396	38	3	1	29	0.00017586	17059	1	FALSE	ORF1ab:cds-YP_009724389.1	ACT	T	ACG	T	609
NC_045512.2	2092	T	G	17055	11396	38	3	1	29	0.00017586	17059	1	FALSE	ORF1ab:cds-YP_009725295.1	ACT	T	ACG	T	609
NC_045512.2	2092	T	C	17055	11396	38	1	0	34	5.86201e-05	17059	0.999996	FALSE	ORF1ab:cds-YP_009724389.1	ACT	T	ACC	T	609
NC_045512.2	2092	T	C	17055	11396	38	1	0	34	5.86201e-05	17059	0.999996	FALSE	ORF1ab:cds-YP_009725295.1	ACT	T	ACC	T	609
NC_045512.2	2093	T	C	19050	13800	39	3	3	34	0.000157456	19053	0.99994	FALSE	ORF1ab:cds-YP_009724389.1	TCG	S	CCG	P	610
NC_045512.2	2093	T	C	19050	13800	39	3	3	34	0.000157456	19053	0.99994	FALSE	ORF1ab:cds-YP_009725295.1	TCG	S	CCG	P	610
NC_045512.2	2094	C	G	19275	13738	40	5	0	31	0.000259336	19280	0.999231	FALSE	ORF1ab:cds-YP_009724389.1	TCG	S	TGG	W	610
NC_045512.2	2094	C	G	19275	13738	40	5	0	31	0.000259336	19280	0.999231	FALSE	ORF1ab:cds-YP_009725295.1	TCG	S	TGG	W	610
NC_045512.2	2095	G	T	19098	13555	40	1	1	34	5.23533e-05	19101	0.999999	FALSE	ORF1ab:cds-YP_009724389.1	TCG	S	TCT	S	610
NC_045512.2	2095	G	T	19098	13555	40	1	1	34	5.23533e-05	19101	0.999999	FALSE	ORF1ab:cds-YP_009725295.1	TCG	S	TCT	S	610
NC_045512.2	2095	G	A	19098	13555	40	2	1	34	0.000104707	19101	0.99999	FALSE	ORF1ab:cds-YP_009724389.1	TCG	S	TCA	S	610
NC_045512.2	2095	G	A	19098	13555	40	2	1	34	0.000104707	19101	0.99999	FALSE	ORF1ab:cds-YP_009725295.1	TCG	S	TCA	S	610
NC_045512.2	2097	A	T	18841	13677	39	1	1	34	5.30645e-05	18845	0.999998	FALSE	ORF1ab:cds-YP_009724389.1	CAG	Q	CTG	L	611
NC_045512.2	2097	A	T	18841	13677	39	1	1	34	5.30645e-05	18845	0.999998	FALSE	ORF1ab:cds-YP_009725295.1	CAG	Q	CTG	L	611
NC_045512.2	2097	A	G	18841	13677	39	3	2	34	0.000159193	18845	0.99989	FALSE	ORF1ab:cds-YP_009724389.1	CAG	Q	CGG	R	611
NC_045512.2	2097	A	G	18841	13677	39	3	2	34	0.000159193	18845	0.99989	FALSE	ORF1ab:cds-YP_009725295.1	CAG	Q	CGG	R	611
NC_045512.2	2099	T	C	19414	14419	40	3	2	45	0.000154496	19418	0.31249	FALSE	ORF1ab:cds-YP_009724389.1	TGG	W	CGG	R	612
NC_045512.2	2099	T	C	19414	14419	40	3	2	45	0.000154496	19418	0.31249	FALSE	ORF1ab:cds-YP_009725295.1	TGG	W	CGG	R	612
NC_045512.2	2099	T	A	19414	14419	40	1	1	24	5.14986e-05	19418	1	FALSE	ORF1ab:cds-YP_009724389.1	TGG	W	AGG	R	612
NC_045512.2	2099	T	A	19414	14419	40	1	1	24	5.14986e-05	19418	1	FALSE	ORF1ab:cds-YP_009725295.1	TGG	W	AGG	R	612
NC_045512.2	2100	G	T	19614	14430	40	2	1	30	0.000101952	19617	0.99999	FALSE	ORF1ab:cds-YP_009724389.1	TGG	W	TTG	L	612
NC_045512.2	2100	G	T	19614	14430	40	2	1	30	0.000101952	19617	0.99999	FALSE	ORF1ab:cds-YP_009725295.1	TGG	W	TTG	L	612
NC_045512.2	2100	G	A	19614	14430	40	1	0	34	5.09762e-05	19617	0.999999	FALSE	ORF1ab:cds-YP_009724389.1	TGG	W	TAG	*	612
NC_045512.2	2100	G	A	19614	14430	40	1	0	34	5.09762e-05	19617	0.999999	FALSE	ORF1ab:cds-YP_009725295.1	TGG	W	TAG	*	612
NC_045512.2	2101	G	C	19567	14425	40	7	7	34	0.000357581	19576	0.995332	FALSE	ORF1ab:cds-YP_009724389.1	TGG	W	TGC	C	612
NC_045512.2	2101	G	C	19567	14425	40	7	7	34	0.000357581	19576	0.995332	FALSE	ORF1ab:cds-YP_009725295.1	TGG	W	TGC	C	612
NC_045512.2	2101	G	A	19567	14425	40	2	2	51	0.000102166	19576	0.249917	FALSE	ORF1ab:cds-YP_009724389.1	TGG	W	TGA	*	612
NC_045512.2	2101	G	A	19567	14425	40	2	2	51	0.000102166	19576	0.249917	FALSE	ORF1ab:cds-YP_009725295.1	TGG	W	TGA	*	612
NC_045512.2	2102	C	T	19559	14639	40	1	1	34	5.11247e-05	19560	0.999999	FALSE	ORF1ab:cds-YP_009724389.1	CTA	L	TTA	L	613
NC_045512.2	2102	C	T	19559	14639	40	1	1	34	5.11247e-05	19560	0.999999	FALSE	ORF1ab:cds-YP_009725295.1	CTA	L	TTA	L	613
NC_045512.2	2103	T	G	19159	14230	39	1	1	34	5.21866e-05	19162	0.999999	FALSE	ORF1ab:cds-YP_009724389.1	CTA	L	CGA	R	613
NC_045512.2	2103	T	G	19159	14230	39	1	1	34	5.21866e-05	19162	0.999999	FALSE	ORF1ab:cds-YP_009725295.1	CTA	L	CGA	R	613
NC_045512.2	2103	T	C	19159	14230	39	1	0	34	5.21866e-05	19162	0.999999	FALSE	ORF1ab:cds-YP_009724389.1	CTA	L	CCA	P	613
NC_045512.2	2103	T	C	19159	14230	39	1	0	34	5.21866e-05	19162	0.999999	FALSE	ORF1ab:cds-YP_009725295.1	CTA	L	CCA	P	613
NC_045512.2	2103	T	A	19159	14230	39	1	1	26	5.21866e-05	19162	1	FALSE	ORF1ab:cds-YP_009724389.1	CTA	L	CAA	Q	613
NC_045512.2	2103	T	A	19159	14230	39	1	1	26	5.21866e-05	19162	1	FALSE	ORF1ab:cds-YP_009725295.1	CTA	L	CAA	Q	613
NC_045512.2	2104	A	G	19350	14422	40	1	1	34	5.16769e-05	19351	0.999999	FALSE	ORF1ab:cds-YP_009724389.1	CTA	L	CTG	L	613
NC_045512.2	2104	A	G	19350	14422	40	1	1	34	5.16769e-05	19351	0.999999	FALSE	ORF1ab:cds-YP_009725295.1	CTA	L	CTG	L	613
NC_045512.2	2105	A	G	19606	14738	39	1	1	20	5.10022e-05	19607	1	FALSE	ORF1ab:cds-YP_009724389.1	ACT	T	GCT	A	614
NC_045512.2	2105	A	G	19606	14738	39	1	1	20	5.10022e-05	19607	1	FALSE	ORF1ab:cds-YP_009725295.1	ACT	T	GCT	A	614
NC_045512.2	2106	C	G	19686	15018	39	2	0	34	0.000101585	19688	0.99999	FALSE	ORF1ab:cds-YP_009724389.1	ACT	T	AGT	S	614
NC_045512.2	2106	C	G	19686	15018	39	2	0	34	0.000101585	19688	0.99999	FALSE	ORF1ab:cds-YP_009725295.1	ACT	T	AGT	S	614
NC_045512.2	2107	T	C	19596	14986	39	2	2	34	0.000102046	19599	0.99999	FALSE	ORF1ab:cds-YP_009724389.1	ACT	T	ACC	T	614
NC_045512.2	2107	T	C	19596	14986	39	2	2	34	0.000102046	19599	0.99999	FALSE	ORF1ab:cds-YP_009725295.1	ACT	T	ACC	T	614
NC_045512.2	2107	T	A	19596	14986	39	1	1	34	5.1023e-05	19599	0.999999	FALSE	ORF1ab:cds-YP_009724389.1	ACT	T	ACA	T	614
NC_045512.2	2107	T	A	19596	14986	39	1	1	34	5.1023e-05	19599	0.999999	FALSE	ORF1ab:cds-YP_009725295.1	ACT	T	ACA	T	614
NC_045512.2	2108	A	T	19599	15090	39	3	1	42	0.000152999	19608	0.312395	FALSE	ORF1ab:cds-YP_009724389.1	AAC	N	TAC	Y	615
NC_045512.2	2108	A	T	19599	15090	39	3	1	42	0.000152999	19608	0.312395	FALSE	ORF1ab:cds-YP_009725295.1	AAC	N	TAC	Y	615
NC_045512.2	2108	A	G	19599	15090	39	6	4	38	0.000305998	19608	0.997965	FALSE	ORF1ab:cds-YP_009724389.1	AAC	N	GAC	D	615
NC_045512.2	2108	A	G	19599	15090	39	6	4	38	0.000305998	19608	0.997965	FALSE	ORF1ab:cds-YP_009725295.1	AAC	N	GAC	D	615
NC_045512.2	2109	A	T	19101	14626	39	1	0	34	5.23423e-05	19105	0.999999	FALSE	ORF1ab:cds-YP_009724389.1	AAC	N	ATC	I	615
NC_045512.2	2109	A	T	19101	14626	39	1	0	34	5.23423e-05	19105	0.999999	FALSE	ORF1ab:cds-YP_009725295.1	AAC	N	ATC	I	615
NC_045512.2	2109	A	G	19101	14626	39	3	3	30	0.000157027	19105	0.99994	FALSE	ORF1ab:cds-YP_009724389.1	AAC	N	AGC	S	615
NC_045512.2	2109	A	G	19101	14626	39	3	3	30	0.000157027	19105	0.99994	FALSE	ORF1ab:cds-YP_009725295.1	AAC	N	AGC	S	615
NC_045512.2	2112	T	C	16846	12611	37	2	2	30	0.000118694	16850	0.999928	FALSE	ORF1ab:cds-YP_009724389.1	ATC	I	ACC	T	616
NC_045512.2	2112	T	C	16846	12611	37	2	2	30	0.000118694	16850	0.999928	FALSE	ORF1ab:cds-YP_009725295.1	ATC	I	ACC	T	616
NC_045512.2	2112	T	A	16846	12611	37	2	2	26	0.000118694	16850	1	FALSE	ORF1ab:cds-YP_009724389.1	ATC	I	AAC	N	616
NC_045512.2	2112	T	A	16846	12611	37	2	2	26	0.000118694	16850	1	FALSE	ORF1ab:cds-YP_009725295.1	ATC	I	AAC	N	616
NC_045512.2	2113	C	T	18859	14711	39	1	1	26	5.30223e-05	18860	1	FALSE	ORF1ab:cds-YP_009724389.1	ATC	I	ATT	I	616
NC_045512.2	2113	C	T	18859	14711	39	1	1	26	5.30223e-05	18860	1	FALSE	ORF1ab:cds-YP_009725295.1	ATC	I	ATT	I	616
NC_045512.2	2114	T	C	18744	14596	39	5	4	41	0.000266681	18749	0.109369	FALSE	ORF1ab:cds-YP_009724389.1	TTT	F	CTT	L	617
NC_045512.2	2114	T	C	18744	14596	39	5	4	41	0.000266681	18749	0.109369	FALSE	ORF1ab:cds-YP_009725295.1	TTT	F	CTT	L	617
NC_045512.2	2115	T	C	17749	13618	38	1	1	26	5.6338e-05	17750	1	FALSE	ORF1ab:cds-YP_009724389.1	TTT	F	TCT	S	617
NC_045512.2	2115	T	C	17749	13618	38	1	1	26	5.6338e-05	17750	1	FALSE	ORF1ab:cds-YP_009725295.1	TTT	F	TCT	S	617
NC_045512.2	2116	T	C	18405	14573	39	3	3	34	0.000162955	18410	0.99989	FALSE	ORF1ab:cds-YP_009724389.1	TTT	F	TTC	F	617
NC_045512.2	2116	T	C	18405	14573	39	3	3	34	0.000162955	18410	0.99989	FALSE	ORF1ab:cds-YP_009725295.1	TTT	F	TTC	F	617
NC_045512.2	2116	T	A	18405	14573	39	2	2	34	0.000108637	18410	0.99998	FALSE	ORF1ab:cds-YP_009724389.1	TTT	F	TTA	L	617
NC_045512.2	2116	T	A	18405	14573	39	2	2	34	0.000108637	18410	0.99998	FALSE	ORF1ab:cds-YP_009725295.1	TTT	F	TTA	L	617
NC_045512.2	2117	G	C	18485	14612	39	1	1	34	5.4095e-05	18486	0.999998	FALSE	ORF1ab:cds-YP_009724389.1	GGC	G	CGC	R	618
NC_045512.2	2117	G	C	18485	14612	39	1	1	34	5.4095e-05	18486	0.999998	FALSE	ORF1ab:cds-YP_009725295.1	GGC	G	CGC	R	618
NC_045512.2	2118	G	A	18350	14545	39	3	1	42	0.000163461	18353	0.31251	FALSE	ORF1ab:cds-YP_009724389.1	GGC	G	GAC	D	618
NC_045512.2	2118	G	A	18350	14545	39	3	1	42	0.000163461	18353	0.31251	FALSE	ORF1ab:cds-YP_009725295.1	GGC	G	GAC	D	618
NC_045512.2	2119	C	T	18522	14751	39	7	7	34	0.000377766	18530	0.9927	FALSE	ORF1ab:cds-YP_009724389.1	GGC	G	GGT	G	618
NC_045512.2	2119	C	T	18522	14751	39	7	7	34	0.000377766	18530	0.9927	FALSE	ORF1ab:cds-YP_009725295.1	GGC	G	GGT	G	618
NC_045512.2	2119	C	A	18522	14751	39	1	1	34	5.39665e-05	18530	0.999998	FALSE	ORF1ab:cds-YP_009724389.1	GGC	G	GGA	G	618
NC_045512.2	2119	C	A	18522	14751	39	1	1	34	5.39665e-05	18530	0.999998	FALSE	ORF1ab:cds-YP_009725295.1	GGC	G	GGA	G	618
NC_045512.2	2120	A	T	18233	14509	38	1	1	34	5.48366e-05	18236	0.999998	FALSE	ORF1ab:cds-YP_009724389.1	ACT	T	TCT	S	619
NC_045512.2	2120	A	T	18233	14509	38	1	1	34	5.48366e-05	18236	0.999998	FALSE	ORF1ab:cds-YP_009725295.1	ACT	T	TCT	S	619
NC_045512.2	2120	A	G	18233	14509	38	2	2	51	0.000109673	18236	0.249993	FALSE	ORF1ab:cds-YP_009724389.1	ACT	T	GCT	A	619
NC_045512.2	2120	A	G	18233	14509	38	2	2	51	0.000109673	18236	0.249993	FALSE	ORF1ab:cds-YP_009725295.1	ACT	T	GCT	A	619
NC_045512.2	2122	T	C	17833	14222	39	2	2	30	0.000112139	17835	0.999962	FALSE	ORF1ab:cds-YP_009724389.1	ACT	T	ACC	T	619
NC_045512.2	2122	T	C	17833	14222	39	2	2	30	0.000112139	17835	0.999962	FALSE	ORF1ab:cds-YP_009725295.1	ACT	T	ACC	T	619
NC_045512.2	2123	G	C	17807	13999	38	3	3	28	0.000168445	17810	1	FALSE	ORF1ab:cds-YP_009724389.1	GTT	V	CTT	L	620
NC_045512.2	2123	G	C	17807	13999	38	3	3	28	0.000168445	17810	1	FALSE	ORF1ab:cds-YP_009725295.1	GTT	V	CTT	L	620
NC_045512.2	2123	G	-T	17807	13999	38	1	0	20	5.61482e-05	17810	1	FALSE	NA	NA	NA	NA	NA	NA
NC_045512.2	2124	T	G	14700	10936	36	1	1	26	6.80087e-05	14704	1	FALSE	ORF1ab:cds-YP_009724389.1	GTT	V	GGT	G	620
NC_045512.2	2124	T	G	14700	10936	36	1	1	26	6.80087e-05	14704	1	FALSE	ORF1ab:cds-YP_009725295.1	GTT	V	GGT	G	620
NC_045512.2	2124	T	C	14700	10936	36	3	3	31	0.000204026	14704	0.998828	FALSE	ORF1ab:cds-YP_009724389.1	GTT	V	GCT	A	620
NC_045512.2	2124	T	C	14700	10936	36	3	3	31	0.000204026	14704	0.998828	FALSE	ORF1ab:cds-YP_009725295.1	GTT	V	GCT	A	620
NC_045512.2	2125	T	C	18120	14400	39	1	1	26	5.51846e-05	18121	1	FALSE	ORF1ab:cds-YP_009724389.1	GTT	V	GTC	V	620
NC_045512.2	2125	T	C	18120	14400	39	1	1	26	5.51846e-05	18121	1	FALSE	ORF1ab:cds-YP_009725295.1	GTT	V	GTC	V	620
NC_045512.2	2126	T	C	17854	14251	38	1	1	34	5.60067e-05	17855	0.999996	FALSE	ORF1ab:cds-YP_009724389.1	TAT	Y	CAT	H	621
NC_045512.2	2126	T	C	17854	14251	38	1	1	34	5.60067e-05	17855	0.999996	FALSE	ORF1ab:cds-YP_009725295.1	TAT	Y	CAT	H	621
NC_045512.2	2127	A	C	18837	15459	39	1	1	26	5.30842e-05	18838	1	FALSE	ORF1ab:cds-YP_009724389.1	TAT	Y	TCT	S	621
NC_045512.2	2127	A	C	18837	15459	39	1	1	26	5.30842e-05	18838	1	FALSE	ORF1ab:cds-YP_009725295.1	TAT	Y	TCT	S	621
NC_045512.2	2128	T	C	18709	15312	39	2	1	29	0.000106883	18712	1	FALSE	ORF1ab:cds-YP_009724389.1	TAT	Y	TAC	Y	621
NC_045512.2	2128	T	C	18709	15312	39	2	1	29	0.000106883	18712	1	FALSE	ORF1ab:cds-YP_009725295.1	TAT	Y	TAC	Y	621
NC_045512.2	2128	T	A	18709	15312	39	1	1	68	5.34416e-05	18712	0.499987	FALSE	ORF1ab:cds-YP_009724389.1	TAT	Y	TAA	*	621
NC_045512.2	2128	T	A	18709	15312	39	1	1	68	5.34416e-05	18712	0.499987	FALSE	ORF1ab:cds-YP_009725295.1	TAT	Y	TAA	*	621
NC_045512.2	2130	A	T	18743	15489	38	1	1	34	5.33447e-05	18746	0.999998	FALSE	ORF1ab:cds-YP_009724389.1	GAA	E	GTA	V	622
NC_045512.2	2130	A	T	18743	15489	38	1	1	34	5.33447e-05	18746	0.999998	FALSE	ORF1ab:cds-YP_009725295.1	GAA	E	GTA	V	622
NC_045512.2	2130	A	G	18743	15489	38	2	2	34	0.000106689	18746	0.99998	FALSE	ORF1ab:cds-YP_009724389.1	GAA	E	GGA	G	622
NC_045512.2	2130	A	G	18743	15489	38	2	2	34	0.000106689	18746	0.99998	FALSE	ORF1ab:cds-YP_009725295.1	GAA	E	GGA	G	622
NC_045512.2	2131	A	T	18998	15737	39	1	1	26	5.26288e-05	19001	1	FALSE	ORF1ab:cds-YP_009724389.1	GAA	E	GAT	D	622
NC_045512.2	2131	A	T	18998	15737	39	1	1	26	5.26288e-05	19001	1	FALSE	ORF1ab:cds-YP_009725295.1	GAA	E	GAT	D	622
NC_045512.2	2131	A	G	18998	15737	39	2	1	30	0.000105258	19001	0.99999	FALSE	ORF1ab:cds-YP_009724389.1	GAA	E	GAG	E	622
NC_045512.2	2131	A	G	18998	15737	39	2	1	30	0.000105258	19001	0.99999	FALSE	ORF1ab:cds-YP_009725295.1	GAA	E	GAG	E	622
NC_045512.2	2132	A	T	18272	15124	39	2	2	34	0.000109433	18276	0.99998	FALSE	ORF1ab:cds-YP_009724389.1	AAA	K	TAA	*	623
NC_045512.2	2132	A	T	18272	15124	39	2	2	34	0.000109433	18276	0.99998	FALSE	ORF1ab:cds-YP_009725295.1	AAA	K	TAA	*	623
NC_045512.2	2132	A	G	18272	15124	39	1	1	34	5.47166e-05	18276	0.999998	FALSE	ORF1ab:cds-YP_009724389.1	AAA	K	GAA	E	623
NC_045512.2	2132	A	G	18272	15124	39	1	1	34	5.47166e-05	18276	0.999998	FALSE	ORF1ab:cds-YP_009725295.1	AAA	K	GAA	E	623
NC_045512.2	2132	A	C	18272	15124	39	1	1	27	5.47166e-05	18276	1	FALSE	ORF1ab:cds-YP_009724389.1	AAA	K	CAA	Q	623
NC_045512.2	2132	A	C	18272	15124	39	1	1	27	5.47166e-05	18276	1	FALSE	ORF1ab:cds-YP_009725295.1	AAA	K	CAA	Q	623
NC_045512.2	2133	A	C	19023	16103	40	1	1	34	5.25652e-05	19024	0.999999	FALSE	ORF1ab:cds-YP_009724389.1	AAA	K	ACA	T	623
NC_045512.2	2133	A	C	19023	16103	40	1	1	34	5.25652e-05	19024	0.999999	FALSE	ORF1ab:cds-YP_009725295.1	AAA	K	ACA	T	623
NC_045512.2	2134	A	G	19001	16175	39	1	1	34	5.2626e-05	19002	0.999999	FALSE	ORF1ab:cds-YP_009724389.1	AAA	K	AAG	K	623
NC_045512.2	2134	A	G	19001	16175	39	1	1	34	5.2626e-05	19002	0.999999	FALSE	ORF1ab:cds-YP_009725295.1	AAA	K	AAG	K	623
NC_045512.2	2135	C	A	19306	16435	40	1	1	34	5.17947e-05	19307	0.999999	FALSE	ORF1ab:cds-YP_009724389.1	CTC	L	ATC	I	624
NC_045512.2	2135	C	A	19306	16435	40	1	1	34	5.17947e-05	19307	0.999999	FALSE	ORF1ab:cds-YP_009725295.1	CTC	L	ATC	I	624
NC_045512.2	2136	T	C	18864	15969	40	2	2	34	0.000106011	18866	0.99998	FALSE	ORF1ab:cds-YP_009724389.1	CTC	L	CCC	P	624
NC_045512.2	2136	T	C	18864	15969	40	2	2	34	0.000106011	18866	0.99998	FALSE	ORF1ab:cds-YP_009725295.1	CTC	L	CCC	P	624
NC_045512.2	2137	C	T	20003	17337	40	3	3	31	0.000149955	20006	0.999967	FALSE	ORF1ab:cds-YP_009724389.1	CTC	L	CTT	L	624
NC_045512.2	2137	C	T	20003	17337	40	3	3	31	0.000149955	20006	0.999967	FALSE	ORF1ab:cds-YP_009725295.1	CTC	L	CTT	L	624
NC_045512.2	2138	A	G	19964	17298	40	2	1	53	0.000100165	19967	0.249994	FALSE	ORF1ab:cds-YP_009724389.1	AAA	K	GAA	E	625
NC_045512.2	2138	A	G	19964	17298	40	2	1	53	0.000100165	19967	0.249994	FALSE	ORF1ab:cds-YP_009725295.1	AAA	K	GAA	E	625
NC_045512.2	2138	A	C	19964	17298	40	1	1	34	5.00826e-05	19967	0.999999	FALSE	ORF1ab:cds-YP_009724389.1	AAA	K	CAA	Q	625
NC_045512.2	2138	A	C	19964	17298	40	1	1	34	5.00826e-05	19967	0.999999	FALSE	ORF1ab:cds-YP_009725295.1	AAA	K	CAA	Q	625
NC_045512.2	2139	A	G	19650	16977	40	1	1	34	5.0888e-05	19651	0.999999	FALSE	ORF1ab:cds-YP_009724389.1	AAA	K	AGA	R	625
NC_045512.2	2139	A	G	19650	16977	40	1	1	34	5.0888e-05	19651	0.999999	FALSE	ORF1ab:cds-YP_009725295.1	AAA	K	AGA	R	625
NC_045512.2	2140	A	T	19478	16989	39	1	1	34	5.13321e-05	19481	0.999999	FALSE	ORF1ab:cds-YP_009724389.1	AAA	K	AAT	N	625
NC_045512.2	2140	A	T	19478	16989	39	1	1	34	5.13321e-05	19481	0.999999	FALSE	ORF1ab:cds-YP_009725295.1	AAA	K	AAT	N	625
NC_045512.2	2140	A	C	19478	16989	39	2	2	34	0.000102664	19481	0.99999	FALSE	ORF1ab:cds-YP_009724389.1	AAA	K	AAC	N	625
NC_045512.2	2140	A	C	19478	16989	39	2	2	34	0.000102664	19481	0.99999	FALSE	ORF1ab:cds-YP_009725295.1	AAA	K	AAC	N	625
NC_045512.2	2142	C	T	20258	17787	40	2	1	47	9.87069e-05	20262	0.687491	FALSE	ORF1ab:cds-YP_009724389.1	CCC	P	CTC	L	626
NC_045512.2	2142	C	T	20258	17787	40	2	1	47	9.87069e-05	20262	0.687491	FALSE	ORF1ab:cds-YP_009725295.1	CCC	P	CTC	L	626
NC_045512.2	2142	C	A	20258	17787	40	2	2	34	9.87069e-05	20262	0.999995	FALSE	ORF1ab:cds-YP_009724389.1	CCC	P	CAC	H	626
NC_045512.2	2142	C	A	20258	17787	40	2	2	34	9.87069e-05	20262	0.999995	FALSE	ORF1ab:cds-YP_009725295.1	CCC	P	CAC	H	626
NC_045512.2	2143	C	T	19824	17445	41	1	1	34	5.04363e-05	19827	0.999999	FALSE	ORF1ab:cds-YP_009724389.1	CCC	P	CCT	P	626
NC_045512.2	2143	C	T	19824	17445	41	1	1	34	5.04363e-05	19827	0.999999	FALSE	ORF1ab:cds-YP_009725295.1	CCC	P	CCT	P	626
NC_045512.2	2143	C	A	19824	17445	41	2	2	34	0.000100873	19827	0.99999	FALSE	ORF1ab:cds-YP_009724389.1	CCC	P	CCA	P	626
NC_045512.2	2143	C	A	19824	17445	41	2	2	34	0.000100873	19827	0.99999	FALSE	ORF1ab:cds-YP_009725295.1	CCC	P	CCA	P	626
NC_045512.2	2144	G	T	18895	16496	41	1	0	68	5.29157e-05	18898	0.499987	FALSE	ORF1ab:cds-YP_009724389.1	GTC	V	TTC	F	627
NC_045512.2	2144	G	T	18895	16496	41	1	0	68	5.29157e-05	18898	0.499987	FALSE	ORF1ab:cds-YP_009725295.1	GTC	V	TTC	F	627
NC_045512.2	2144	G	C	18895	16496	41	2	2	34	0.000105831	18898	0.99998	FALSE	ORF1ab:cds-YP_009724389.1	GTC	V	CTC	L	627
NC_045512.2	2144	G	C	18895	16496	41	2	2	34	0.000105831	18898	0.99998	FALSE	ORF1ab:cds-YP_009725295.1	GTC	V	CTC	L	627
NC_045512.2	2145	T	C	18617	16239	41	7	7	32	0.000375839	18625	0.992699	FALSE	ORF1ab:cds-YP_009724389.1	GTC	V	GCC	A	627
NC_045512.2	2145	T	C	18617	16239	41	7	7	32	0.000375839	18625	0.992699	FALSE	ORF1ab:cds-YP_009725295.1	GTC	V	GCC	A	627
NC_045512.2	2145	T	A	18617	16239	41	1	1	26	5.36913e-05	18625	1	FALSE	ORF1ab:cds-YP_009724389.1	GTC	V	GAC	D	627
NC_045512.2	2145	T	A	18617	16239	41	1	1	26	5.36913e-05	18625	1	FALSE	ORF1ab:cds-YP_009725295.1	GTC	V	GAC	D	627
NC_045512.2	2147	C	T	19041	16773	40	2	1	51	0.00010502	19044	0.249993	FALSE	ORF1ab:cds-YP_009724389.1	CTT	L	TTT	F	628
NC_045512.2	2147	C	T	19041	16773	40	2	1	51	0.00010502	19044	0.249993	FALSE	ORF1ab:cds-YP_009725295.1	CTT	L	TTT	F	628
NC_045512.2	2147	C	A	19041	16773	40	1	1	34	5.251e-05	19044	0.999999	FALSE	ORF1ab:cds-YP_009724389.1	CTT	L	ATT	I	628
NC_045512.2	2147	C	A	19041	16773	40	1	1	34	5.251e-05	19044	0.999999	FALSE	ORF1ab:cds-YP_009725295.1	CTT	L	ATT	I	628
NC_045512.2	2148	T	C	18628	16351	40	2	2	29	0.000107354	18630	1	FALSE	ORF1ab:cds-YP_009724389.1	CTT	L	CCT	P	628
NC_045512.2	2148	T	C	18628	16351	40	2	2	29	0.000107354	18630	1	FALSE	ORF1ab:cds-YP_009725295.1	CTT	L	CCT	P	628
NC_045512.2	2149	T	C	18765	16490	40	1	1	34	5.32879e-05	18766	0.999998	FALSE	ORF1ab:cds-YP_009724389.1	CTT	L	CTC	L	628
NC_045512.2	2149	T	C	18765	16490	40	1	1	34	5.32879e-05	18766	0.999998	FALSE	ORF1ab:cds-YP_009725295.1	CTT	L	CTC	L	628
NC_045512.2	2150	G	T	18919	16647	41	1	1	34	5.28513e-05	18921	0.999998	FALSE	ORF1ab:cds-YP_009724389.1	GAT	D	TAT	Y	629
NC_045512.2	2150	G	T	18919	16647	41	1	1	34	5.28513e-05	18921	0.999998	FALSE	ORF1ab:cds-YP_009725295.1	GAT	D	TAT	Y	629
NC_045512.2	2150	G	A	18919	16647	41	1	1	26	5.28513e-05	18921	1	FALSE	ORF1ab:cds-YP_009724389.1	GAT	D	AAT	N	629
NC_045512.2	2150	G	A	18919	16647	41	1	1	26	5.28513e-05	18921	1	FALSE	ORF1ab:cds-YP_009725295.1	GAT	D	AAT	N	629
NC_045512.2	2151	A	C	18869	16702	40	1	1	34	5.29942e-05	18870	0.999998	FALSE	ORF1ab:cds-YP_009724389.1	GAT	D	GCT	A	629
NC_045512.2	2151	A	C	18869	16702	40	1	1	34	5.29942e-05	18870	0.999998	FALSE	ORF1ab:cds-YP_009725295.1	GAT	D	GCT	A	629
NC_045512.2	2152	T	C	18551	16395	40	1	1	34	5.38996e-05	18553	0.999998	FALSE	ORF1ab:cds-YP_009724389.1	GAT	D	GAC	D	629
NC_045512.2	2152	T	C	18551	16395	40	1	1	34	5.38996e-05	18553	0.999998	FALSE	ORF1ab:cds-YP_009725295.1	GAT	D	GAC	D	629
NC_045512.2	2152	T	A	18551	16395	40	1	1	34	5.38996e-05	18553	0.999998	FALSE	ORF1ab:cds-YP_009724389.1	GAT	D	GAA	E	629
NC_045512.2	2152	T	A	18551	16395	40	1	1	34	5.38996e-05	18553	0.999998	FALSE	ORF1ab:cds-YP_009725295.1	GAT	D	GAA	E	629
NC_045512.2	2153	T	C	18276	16136	40	6	6	34	0.000328156	18284	0.996702	FALSE	ORF1ab:cds-YP_009724389.1	TGG	W	CGG	R	630
NC_045512.2	2153	T	C	18276	16136	40	6	6	34	0.000328156	18284	0.996702	FALSE	ORF1ab:cds-YP_009725295.1	TGG	W	CGG	R	630
NC_045512.2	2153	T	A	18276	16136	40	2	2	30	0.000109385	18284	0.99998	FALSE	ORF1ab:cds-YP_009724389.1	TGG	W	AGG	R	630
NC_045512.2	2153	T	A	18276	16136	40	2	2	30	0.000109385	18284	0.99998	FALSE	ORF1ab:cds-YP_009725295.1	TGG	W	AGG	R	630
NC_045512.2	2154	G	T	18002	15876	40	1	1	34	5.55401e-05	18005	0.999998	FALSE	ORF1ab:cds-YP_009724389.1	TGG	W	TTG	L	630
NC_045512.2	2154	G	T	18002	15876	40	1	1	34	5.55401e-05	18005	0.999998	FALSE	ORF1ab:cds-YP_009725295.1	TGG	W	TTG	L	630
NC_045512.2	2154	G	A	18002	15876	40	2	1	40	0.00011108	18005	0.5	FALSE	ORF1ab:cds-YP_009724389.1	TGG	W	TAG	*	630
NC_045512.2	2154	G	A	18002	15876	40	2	1	40	0.00011108	18005	0.5	FALSE	ORF1ab:cds-YP_009725295.1	TGG	W	TAG	*	630
NC_045512.2	2155	G	T	17982	15935	40	2	2	26	0.000111167	17991	1	FALSE	ORF1ab:cds-YP_009724389.1	TGG	W	TGT	C	630
NC_045512.2	2155	G	T	17982	15935	40	2	2	26	0.000111167	17991	1	FALSE	ORF1ab:cds-YP_009725295.1	TGG	W	TGT	C	630
NC_045512.2	2155	G	C	17982	15935	40	6	6	34	0.0003335	17991	0.994697	FALSE	ORF1ab:cds-YP_009724389.1	TGG	W	TGC	C	630
NC_045512.2	2155	G	C	17982	15935	40	6	6	34	0.0003335	17991	0.994697	FALSE	ORF1ab:cds-YP_009725295.1	TGG	W	TGC	C	630
NC_045512.2	2155	G	A	17982	15935	40	1	1	34	5.55833e-05	17991	0.999996	FALSE	ORF1ab:cds-YP_009724389.1	TGG	W	TGA	*	630
NC_045512.2	2155	G	A	17982	15935	40	1	1	34	5.55833e-05	17991	0.999996	FALSE	ORF1ab:cds-YP_009725295.1	TGG	W	TGA	*	630
NC_045512.2	2156	C	T	17773	15725	40	2	2	34	0.000112505	17777	0.999962	FALSE	ORF1ab:cds-YP_009724389.1	CTT	L	TTT	F	631
NC_045512.2	2156	C	T	17773	15725	40	2	2	34	0.000112505	17777	0.999962	FALSE	ORF1ab:cds-YP_009725295.1	CTT	L	TTT	F	631
NC_045512.2	2156	C	A	17773	15725	40	2	2	30	0.000112505	17777	0.999962	FALSE	ORF1ab:cds-YP_009724389.1	CTT	L	ATT	I	631
NC_045512.2	2156	C	A	17773	15725	40	2	2	30	0.000112505	17777	0.999962	FALSE	ORF1ab:cds-YP_009725295.1	CTT	L	ATT	I	631
NC_045512.2	2157	T	C	16926	14891	40	3	3	34	0.000177211	16929	0.999637	FALSE	ORF1ab:cds-YP_009724389.1	CTT	L	CCT	P	631
NC_045512.2	2157	T	C	16926	14891	40	3	3	34	0.000177211	16929	0.999637	FALSE	ORF1ab:cds-YP_009725295.1	CTT	L	CCT	P	631
NC_045512.2	2159	G	T	16916	14932	40	2	0	34	0.000118217	16918	0.999928	FALSE	ORF1ab:cds-YP_009724389.1	GAA	E	TAA	*	632
NC_045512.2	2159	G	T	16916	14932	40	2	0	34	0.000118217	16918	0.999928	FALSE	ORF1ab:cds-YP_009725295.1	GAA	E	TAA	*	632
NC_045512.2	2161	A	G	16777	15012	40	3	2	38	0.000178784	16780	0.999637	FALSE	ORF1ab:cds-YP_009724389.1	GAA	E	GAG	E	632
NC_045512.2	2161	A	G	16777	15012	40	3	2	38	0.000178784	16780	0.999637	FALSE	ORF1ab:cds-YP_009725295.1	GAA	E	GAG	E	632
NC_045512.2	2162	G	A	16874	15099	40	1	1	68	5.92593e-05	16875	0.500015	FALSE	ORF1ab:cds-YP_009724389.1	GAG	E	AAG	K	633
NC_045512.2	2162	G	A	16874	15099	40	1	1	68	5.92593e-05	16875	0.500015	FALSE	ORF1ab:cds-YP_009725295.1	GAG	E	AAG	K	633
NC_045512.2	2163	A	T	16134	14548	38	2	1	27	0.000123923	16139	1	FALSE	ORF1ab:cds-YP_009724389.1	GAG	E	GTG	V	633
NC_045512.2	2163	A	T	16134	14548	38	2	1	27	0.000123923	16139	1	FALSE	ORF1ab:cds-YP_009725295.1	GAG	E	GTG	V	633
NC_045512.2	2163	A	G	16134	14548	38	3	3	30	0.000185885	16139	0.999637	FALSE	ORF1ab:cds-YP_009724389.1	GAG	E	GGG	G	633
NC_045512.2	2163	A	G	16134	14548	38	3	3	30	0.000185885	16139	0.999637	FALSE	ORF1ab:cds-YP_009725295.1	GAG	E	GGG	G	633
NC_045512.2	2165	A	T	15967	14739	37	1	0	26	6.26213e-05	15969	1	FALSE	ORF1ab:cds-YP_009724389.1	AAG	K	TAG	*	634
NC_045512.2	2165	A	T	15967	14739	37	1	0	26	6.26213e-05	15969	1	FALSE	ORF1ab:cds-YP_009725295.1	AAG	K	TAG	*	634
NC_045512.2	2165	A	G	15967	14739	37	1	1	34	6.26213e-05	15969	0.999985	FALSE	ORF1ab:cds-YP_009724389.1	AAG	K	GAG	E	634
NC_045512.2	2165	A	G	15967	14739	37	1	1	34	6.26213e-05	15969	0.999985	FALSE	ORF1ab:cds-YP_009725295.1	AAG	K	GAG	E	634
NC_045512.2	2166	A	G	15990	14823	38	1	1	34	6.25352e-05	15991	0.999985	FALSE	ORF1ab:cds-YP_009724389.1	AAG	K	AGG	R	634
NC_045512.2	2166	A	G	15990	14823	38	1	1	34	6.25352e-05	15991	0.999985	FALSE	ORF1ab:cds-YP_009725295.1	AAG	K	AGG	R	634
NC_045512.2	2167	G	C	16065	14901	38	1	1	34	6.22394e-05	16067	0.999992	FALSE	ORF1ab:cds-YP_009724389.1	AAG	K	AAC	N	634
NC_045512.2	2167	G	C	16065	14901	38	1	1	34	6.22394e-05	16067	0.999992	FALSE	ORF1ab:cds-YP_009725295.1	AAG	K	AAC	N	634
NC_045512.2	2167	G	A	16065	14901	38	1	1	68	6.22394e-05	16067	0.5	FALSE	ORF1ab:cds-YP_009724389.1	AAG	K	AAA	K	634
NC_045512.2	2167	G	A	16065	14901	38	1	1	68	6.22394e-05	16067	0.5	FALSE	ORF1ab:cds-YP_009725295.1	AAG	K	AAA	K	634
NC_045512.2	2168	T	G	12932	11795	36	1	1	34	7.73156e-05	12934	0.999878	FALSE	ORF1ab:cds-YP_009724389.1	TTT	F	GTT	V	635
NC_045512.2	2168	T	G	12932	11795	36	1	1	34	7.73156e-05	12934	0.999878	FALSE	ORF1ab:cds-YP_009725295.1	TTT	F	GTT	V	635
NC_045512.2	2168	T	C	12932	11795	36	1	1	34	7.73156e-05	12934	0.999878	FALSE	ORF1ab:cds-YP_009724389.1	TTT	F	CTT	L	635
NC_045512.2	2168	T	C	12932	11795	36	1	1	34	7.73156e-05	12934	0.999878	FALSE	ORF1ab:cds-YP_009725295.1	TTT	F	CTT	L	635
NC_045512.2	2170	T	C	15137	14015	37	2	2	34	0.0001321	15140	0.999863	FALSE	ORF1ab:cds-YP_009724389.1	TTT	F	TTC	F	635
NC_045512.2	2170	T	C	15137	14015	37	2	2	34	0.0001321	15140	0.999863	FALSE	ORF1ab:cds-YP_009725295.1	TTT	F	TTC	F	635
NC_045512.2	2170	T	A	15137	14015	37	1	1	34	6.60502e-05	15140	0.999985	FALSE	ORF1ab:cds-YP_009724389.1	TTT	F	TTA	L	635
NC_045512.2	2170	T	A	15137	14015	37	1	1	34	6.60502e-05	15140	0.999985	FALSE	ORF1ab:cds-YP_009725295.1	TTT	F	TTA	L	635
NC_045512.2	2170	T	-A	15137	14015	37	1	0	20	6.60502e-05	15140	1	FALSE	NA	NA	NA	NA	NA	NA
NC_045512.2	2171	A	G	15506	14417	37	1	1	34	6.4487e-05	15507	0.999985	FALSE	ORF1ab:cds-YP_009724389.1	AAG	K	GAG	E	636
NC_045512.2	2171	A	G	15506	14417	37	1	1	34	6.4487e-05	15507	0.999985	FALSE	ORF1ab:cds-YP_009725295.1	AAG	K	GAG	E	636
NC_045512.2	2172	A	G	15580	14540	37	1	1	34	6.41766e-05	15582	0.999985	FALSE	ORF1ab:cds-YP_009724389.1	AAG	K	AGG	R	636
NC_045512.2	2172	A	G	15580	14540	37	1	1	34	6.41766e-05	15582	0.999985	FALSE	ORF1ab:cds-YP_009725295.1	AAG	K	AGG	R	636
NC_045512.2	2172	A	C	15580	14540	37	1	1	34	6.41766e-05	15582	0.999985	FALSE	ORF1ab:cds-YP_009724389.1	AAG	K	ACG	T	636
NC_045512.2	2172	A	C	15580	14540	37	1	1	34	6.41766e-05	15582	0.999985	FALSE	ORF1ab:cds-YP_009725295.1	AAG	K	ACG	T	636
NC_045512.2	2173	G	C	15589	14566	37	1	1	34	6.41437e-05	15590	0.999985	FALSE	ORF1ab:cds-YP_009724389.1	AAG	K	AAC	N	636
NC_045512.2	2173	G	C	15589	14566	37	1	1	34	6.41437e-05	15590	0.999985	FALSE	ORF1ab:cds-YP_009725295.1	AAG	K	AAC	N	636
NC_045512.2	2174	G	A	15599	14593	37	1	1	34	6.41026e-05	15600	0.999985	FALSE	ORF1ab:cds-YP_009724389.1	GAA	E	AAA	K	637
NC_045512.2	2174	G	A	15599	14593	37	1	1	34	6.41026e-05	15600	0.999985	FALSE	ORF1ab:cds-YP_009725295.1	GAA	E	AAA	K	637
NC_045512.2	2175	A	C	15085	14084	37	1	1	26	6.62866e-05	15086	1	FALSE	ORF1ab:cds-YP_009724389.1	GAA	E	GCA	A	637
NC_045512.2	2175	A	C	15085	14084	37	1	1	26	6.62866e-05	15086	1	FALSE	ORF1ab:cds-YP_009725295.1	GAA	E	GCA	A	637
NC_045512.2	2176	A	G	13674	12703	38	2	2	29	0.000146242	13676	1	FALSE	ORF1ab:cds-YP_009724389.1	GAA	E	GAG	E	637
NC_045512.2	2176	A	G	13674	12703	38	2	2	29	0.000146242	13676	1	FALSE	ORF1ab:cds-YP_009725295.1	GAA	E	GAG	E	637
NC_045512.2	2177	G	C	13481	12627	37	1	1	27	7.4173e-05	13482	1	FALSE	ORF1ab:cds-YP_009724389.1	GGT	G	CGT	R	638
NC_045512.2	2177	G	C	13481	12627	37	1	1	27	7.4173e-05	13482	1	FALSE	ORF1ab:cds-YP_009725295.1	GGT	G	CGT	R	638
NC_045512.2	2178	G	A	13674	12821	37	1	1	34	7.31261e-05	13675	0.999939	FALSE	ORF1ab:cds-YP_009724389.1	GGT	G	GAT	D	638
NC_045512.2	2178	G	A	13674	12821	37	1	1	34	7.31261e-05	13675	0.999939	FALSE	ORF1ab:cds-YP_009725295.1	GGT	G	GAT	D	638
NC_045512.2	2179	T	C	13447	12619	37	1	0	24	7.43605e-05	13448	1	FALSE	ORF1ab:cds-YP_009724389.1	GGT	G	GGC	G	638
NC_045512.2	2179	T	C	13447	12619	37	1	0	24	7.43605e-05	13448	1	FALSE	ORF1ab:cds-YP_009725295.1	GGT	G	GGC	G	638
NC_045512.2	2180	G	A	13678	12851	37	1	1	34	7.31048e-05	13679	0.999939	FALSE	ORF1ab:cds-YP_009724389.1	GTA	V	ATA	I	639
NC_045512.2	2180	G	A	13678	12851	37	1	1	34	7.31048e-05	13679	0.999939	FALSE	ORF1ab:cds-YP_009725295.1	GTA	V	ATA	I	639
NC_045512.2	2181	T	C	13659	12839	37	1	1	34	7.32011e-05	13661	0.999939	FALSE	ORF1ab:cds-YP_009724389.1	GTA	V	GCA	A	639
NC_045512.2	2181	T	C	13659	12839	37	1	1	34	7.32011e-05	13661	0.999939	FALSE	ORF1ab:cds-YP_009725295.1	GTA	V	GCA	A	639
NC_045512.2	2181	T	A	13659	12839	37	1	1	34	7.32011e-05	13661	0.999939	FALSE	ORF1ab:cds-YP_009724389.1	GTA	V	GAA	E	639
NC_045512.2	2181	T	A	13659	12839	37	1	1	34	7.32011e-05	13661	0.999939	FALSE	ORF1ab:cds-YP_009725295.1	GTA	V	GAA	E	639
NC_045512.2	2182	A	T	13577	12822	37	1	1	34	7.36485e-05	13578	0.999939	FALSE	ORF1ab:cds-YP_009724389.1	GTA	V	GTT	V	639
NC_045512.2	2182	A	T	13577	12822	37	1	1	34	7.36485e-05	13578	0.999939	FALSE	ORF1ab:cds-YP_009725295.1	GTA	V	GTT	V	639
NC_045512.2	2185	G	C	13516	12786	37	1	1	34	7.39809e-05	13517	0.999939	FALSE	ORF1ab:cds-YP_009724389.1	GAG	E	GAC	D	640
NC_045512.2	2185	G	C	13516	12786	37	1	1	34	7.39809e-05	13517	0.999939	FALSE	ORF1ab:cds-YP_009725295.1	GAG	E	GAC	D	640
NC_045512.2	2186	T	C	12307	11588	37	3	3	34	0.000243704	12310	0.996318	FALSE	ORF1ab:cds-YP_009724389.1	TTT	F	CTT	L	641
NC_045512.2	2186	T	C	12307	11588	37	3	3	34	0.000243704	12310	0.996318	FALSE	ORF1ab:cds-YP_009725295.1	TTT	F	CTT	L	641
NC_045512.2	2191	T	C	10128	9520	37	1	1	34	9.87264e-05	10129	0.999513	FALSE	ORF1ab:cds-YP_009724389.1	CTT	L	CTC	L	642
NC_045512.2	2191	T	C	10128	9520	37	1	1	34	9.87264e-05	10129	0.999513	FALSE	ORF1ab:cds-YP_009725295.1	CTT	L	CTC	L	642
NC_045512.2	2192	A	G	9920	9321	37	1	1	34	0.000100786	9922	0.999026	FALSE	ORF1ab:cds-YP_009724389.1	AGA	R	GGA	G	643
NC_045512.2	2192	A	G	9920	9321	37	1	1	34	0.000100786	9922	0.999026	FALSE	ORF1ab:cds-YP_009725295.1	AGA	R	GGA	G	643
NC_045512.2	2192	A	C	9920	9321	37	1	1	34	0.000100786	9922	0.999026	FALSE	ORF1ab:cds-YP_009724389.1	AGA	R	CGA	R	643
NC_045512.2	2192	A	C	9920	9321	37	1	1	34	0.000100786	9922	0.999026	FALSE	ORF1ab:cds-YP_009725295.1	AGA	R	CGA	R	643
NC_045512.2	2193	G	C	9959	9364	37	3	3	34	0.000301144	9962	0.980749	FALSE	ORF1ab:cds-YP_009724389.1	AGA	R	ACA	T	643
NC_045512.2	2193	G	C	9959	9364	37	3	3	34	0.000301144	9962	0.980749	FALSE	ORF1ab:cds-YP_009725295.1	AGA	R	ACA	T	643
NC_045512.2	2194	A	C	9539	8966	37	1	1	34	0.000104822	9540	0.999026	FALSE	ORF1ab:cds-YP_009724389.1	AGA	R	AGC	S	643
NC_045512.2	2194	A	C	9539	8966	37	1	1	34	0.000104822	9540	0.999026	FALSE	ORF1ab:cds-YP_009725295.1	AGA	R	AGC	S	643
NC_045512.2	2196	A	G	9308	8750	36	1	1	34	0.000107411	9310	0.999026	FALSE	ORF1ab:cds-YP_009724389.1	GAC	D	GGC	G	644
NC_045512.2	2196	A	G	9308	8750	36	1	1	34	0.000107411	9310	0.999026	FALSE	ORF1ab:cds-YP_009725295.1	GAC	D	GGC	G	644
NC_045512.2	2196	A	C	9308	8750	36	1	1	34	0.000107411	9310	0.999026	FALSE	ORF1ab:cds-YP_009724389.1	GAC	D	GCC	A	644
NC_045512.2	2196	A	C	9308	8750	36	1	1	34	0.000107411	9310	0.999026	FALSE	ORF1ab:cds-YP_009725295.1	GAC	D	GCC	A	644
NC_045512.2	2197	C	A	9149	8578	37	2	2	26	0.000218555	9151	1	FALSE	ORF1ab:cds-YP_009724389.1	GAC	D	GAA	E	644
NC_045512.2	2197	C	A	9149	8578	37	2	2	26	0.000218555	9151	1	FALSE	ORF1ab:cds-YP_009725295.1	GAC	D	GAA	E	644
NC_045512.2	2198	G	T	8600	8043	37	2	2	34	0.000232288	8610	0.98924	FALSE	ORF1ab:cds-YP_009724389.1	GGT	G	TGT	C	645
NC_045512.2	2198	G	T	8600	8043	37	2	2	34	0.000232288	8610	0.98924	FALSE	ORF1ab:cds-YP_009725295.1	GGT	G	TGT	C	645
NC_045512.2	2198	G	C	8600	8043	37	7	7	34	0.000813008	8610	0.696301	FALSE	ORF1ab:cds-YP_009724389.1	GGT	G	CGT	R	645
NC_045512.2	2198	G	C	8600	8043	37	7	7	34	0.000813008	8610	0.696301	FALSE	ORF1ab:cds-YP_009725295.1	GGT	G	CGT	R	645
NC_045512.2	2198	G	A	8600	8043	37	1	1	34	0.000116144	8610	0.998043	FALSE	ORF1ab:cds-YP_009724389.1	GGT	G	AGT	S	645
NC_045512.2	2198	G	A	8600	8043	37	1	1	34	0.000116144	8610	0.998043	FALSE	ORF1ab:cds-YP_009725295.1	GGT	G	AGT	S	645
NC_045512.2	2200	T	G	7941	7424	36	1	1	34	0.000125897	7943	0.996101	FALSE	ORF1ab:cds-YP_009724389.1	GGT	G	GGG	G	645
NC_045512.2	2200	T	G	7941	7424	36	1	1	34	0.000125897	7943	0.996101	FALSE	ORF1ab:cds-YP_009725295.1	GGT	G	GGG	G	645
NC_045512.2	2200	T	C	7941	7424	36	1	1	34	0.000125897	7943	0.996101	FALSE	ORF1ab:cds-YP_009724389.1	GGT	G	GGC	G	645
NC_045512.2	2200	T	C	7941	7424	36	1	1	34	0.000125897	7943	0.996101	FALSE	ORF1ab:cds-YP_009725295.1	GGT	G	GGC	G	645
NC_045512.2	2201	T	C	8047	7609	37	1	1	34	0.000124254	8048	0.998052	FALSE	ORF1ab:cds-YP_009724389.1	TGG	W	CGG	R	646
NC_045512.2	2201	T	C	8047	7609	37	1	1	34	0.000124254	8048	0.998052	FALSE	ORF1ab:cds-YP_009725295.1	TGG	W	CGG	R	646
NC_045512.2	2202	G	T	8012	7576	37	1	1	34	0.000124719	8018	0.998047	FALSE	ORF1ab:cds-YP_009724389.1	TGG	W	TTG	L	646
NC_045512.2	2202	G	T	8012	7576	37	1	1	34	0.000124719	8018	0.998047	FALSE	ORF1ab:cds-YP_009725295.1	TGG	W	TTG	L	646
NC_045512.2	2202	G	C	8012	7576	37	5	5	32	0.000623597	8018	0.866675	FALSE	ORF1ab:cds-YP_009724389.1	TGG	W	TCG	S	646
NC_045512.2	2202	G	C	8012	7576	37	5	5	32	0.000623597	8018	0.866675	FALSE	ORF1ab:cds-YP_009725295.1	TGG	W	TCG	S	646
NC_045512.2	2203	G	T	7950	7516	37	1	1	34	0.000125628	7960	0.996085	FALSE	ORF1ab:cds-YP_009724389.1	TGG	W	TGT	C	646
NC_045512.2	2203	G	T	7950	7516	37	1	1	34	0.000125628	7960	0.996085	FALSE	ORF1ab:cds-YP_009725295.1	TGG	W	TGT	C	646
NC_045512.2	2203	G	C	7950	7516	37	7	7	30	0.000879397	7960	0.604598	FALSE	ORF1ab:cds-YP_009724389.1	TGG	W	TGC	C	646
NC_045512.2	2203	G	C	7950	7516	37	7	7	30	0.000879397	7960	0.604598	FALSE	ORF1ab:cds-YP_009725295.1	TGG	W	TGC	C	646
NC_045512.2	2203	G	A	7950	7516	37	2	2	51	0.000251256	7960	0.249764	FALSE	ORF1ab:cds-YP_009724389.1	TGG	W	TGA	*	646
NC_045512.2	2203	G	A	7950	7516	37	2	2	51	0.000251256	7960	0.249764	FALSE	ORF1ab:cds-YP_009725295.1	TGG	W	TGA	*	646
NC_045512.2	2204	G	A	8025	7591	37	1	1	34	0.000124595	8026	0.998052	FALSE	ORF1ab:cds-YP_009724389.1	GAA	E	AAA	K	647
NC_045512.2	2204	G	A	8025	7591	37	1	1	34	0.000124595	8026	0.998052	FALSE	ORF1ab:cds-YP_009725295.1	GAA	E	AAA	K	647
NC_045512.2	2205	A	T	7958	7547	36	1	1	34	0.000125628	7960	0.996101	FALSE	ORF1ab:cds-YP_009724389.1	GAA	E	GTA	V	647
NC_045512.2	2205	A	T	7958	7547	36	1	1	34	0.000125628	7960	0.996101	FALSE	ORF1ab:cds-YP_009725295.1	GAA	E	GTA	V	647
NC_045512.2	2205	A	G	7958	7547	36	1	1	34	0.000125628	7960	0.996101	FALSE	ORF1ab:cds-YP_009724389.1	GAA	E	GGA	G	647
NC_045512.2	2205	A	G	7958	7547	36	1	1	34	0.000125628	7960	0.996101	FALSE	ORF1ab:cds-YP_009725295.1	GAA	E	GGA	G	647
NC_045512.2	2206	A	G	7724	7342	36	1	1	34	0.00012945	7725	0.996103	FALSE	ORF1ab:cds-YP_009724389.1	GAA	E	GAG	E	647
NC_045512.2	2206	A	G	7724	7342	36	1	1	34	0.00012945	7725	0.996103	FALSE	ORF1ab:cds-YP_009725295.1	GAA	E	GAG	E	647
NC_045512.2	2207	A	T	7589	7228	36	1	1	34	0.000131614	7598	0.996087	FALSE	ORF1ab:cds-YP_009724389.1	ATT	I	TTT	F	648
NC_045512.2	2207	A	T	7589	7228	36	1	1	34	0.000131614	7598	0.996087	FALSE	ORF1ab:cds-YP_009725295.1	ATT	I	TTT	F	648
NC_045512.2	2207	A	C	7589	7228	36	8	8	30	0.00105291	7598	0.5	FALSE	ORF1ab:cds-YP_009724389.1	ATT	I	CTT	L	648
NC_045512.2	2207	A	C	7589	7228	36	8	8	30	0.00105291	7598	0.5	FALSE	ORF1ab:cds-YP_009725295.1	ATT	I	CTT	L	648
NC_045512.2	2210	G	T	7165	6829	36	3	3	34	0.000418527	7168	0.945398	FALSE	ORF1ab:cds-YP_009724389.1	GTT	V	TTT	F	649
NC_045512.2	2210	G	T	7165	6829	36	3	3	34	0.000418527	7168	0.945398	FALSE	ORF1ab:cds-YP_009725295.1	GTT	V	TTT	F	649
NC_045512.2	2213	A	G	7039	6739	36	2	2	34	0.000284051	7041	0.980509	FALSE	ORF1ab:cds-YP_009724389.1	AAA	K	GAA	E	650
NC_045512.2	2213	A	G	7039	6739	36	2	2	34	0.000284051	7041	0.980509	FALSE	ORF1ab:cds-YP_009725295.1	AAA	K	GAA	E	650
NC_045512.2	2221	C	T	6748	6525	35	1	1	68	0.00014817	6749	0.500037	FALSE	ORF1ab:cds-YP_009724389.1	ATC	I	ATT	I	652
NC_045512.2	2221	C	T	6748	6525	35	1	1	68	0.00014817	6749	0.500037	FALSE	ORF1ab:cds-YP_009725295.1	ATC	I	ATT	I	652
NC_045512.2	2515	A	T	953	42	34	1	0	34	0.00104822	954	0.500262	FALSE	ORF1ab:cds-YP_009724389.1	GAA	E	GAT	D	750
NC_045512.2	2515	A	T	953	42	34	1	0	34	0.00104822	954	0.500262	FALSE	ORF1ab:cds-YP_009725295.1	GAA	E	GAT	D	750
NC_045512.2	2516	G	T	1183	46	34	2	0	30	0.00168776	1185	0.500317	FALSE	ORF1ab:cds-YP_009724389.1	GTG	V	TTG	L	751
NC_045512.2	2516	G	T	1183	46	34	2	0	30	0.00168776	1185	0.500317	FALSE	ORF1ab:cds-YP_009725295.1	GTG	V	TTG	L	751
NC_045512.2	2517	T	G	1202	45	34	3	0	34	0.00248963	1205	0.312656	FALSE	ORF1ab:cds-YP_009724389.1	GTG	V	GGG	G	751
NC_045512.2	2517	T	G	1202	45	34	3	0	34	0.00248963	1205	0.312656	FALSE	ORF1ab:cds-YP_009725295.1	GTG	V	GGG	G	751
NC_045512.2	2518	G	T	1758	57	34	1	0	34	0.000568505	1759	0.750213	FALSE	ORF1ab:cds-YP_009724389.1	GTG	V	GTT	V	751
NC_045512.2	2518	G	T	1758	57	34	1	0	34	0.000568505	1759	0.750213	FALSE	ORF1ab:cds-YP_009725295.1	GTG	V	GTT	V	751
NC_045512.2	2522	A	G	1281	63	32	1	0	34	0.000780031	1282	0.750293	FALSE	ORF1ab:cds-YP_009724389.1	ACA	T	GCA	A	753
NC_045512.2	2522	A	G	1281	63	32	1	0	34	0.000780031	1282	0.750293	FALSE	ORF1ab:cds-YP_009725295.1	ACA	T	GCA	A	753
NC_045512.2	2529	A	G	1884	72	35	2	1	68	0.00106045	1886	0.250066	FALSE	ORF1ab:cds-YP_009724389.1	GAA	E	GGA	G	755
NC_045512.2	2529	A	G	1884	72	35	2	1	68	0.00106045	1886	0.250066	FALSE	ORF1ab:cds-YP_009725295.1	GAA	E	GGA	G	755
NC_045512.2	2542	A	G	1968	138	37	1	0	34	0.000507872	1969	0.750191	FALSE	ORF1ab:cds-YP_009724389.1	AAA	K	AAG	K	759
NC_045512.2	2542	A	G	1968	138	37	1	0	34	0.000507872	1969	0.750191	FALSE	ORF1ab:cds-YP_009725295.1	AAA	K	AAG	K	759
NC_045512.2	2545	T	G	1963	141	37	3	0	34	0.00152439	1968	0.312214	FALSE	ORF1ab:cds-YP_009724389.1	ACT	T	ACG	T	760
NC_045512.2	2545	T	G	1963	141	37	3	0	34	0.00152439	1968	0.312214	FALSE	ORF1ab:cds-YP_009725295.1	ACT	T	ACG	T	760
NC_045512.2	2545	T	C	1963	141	37	2	0	34	0.00101626	1968	0.499618	FALSE	ORF1ab:cds-YP_009724389.1	ACT	T	ACC	T	760
NC_045512.2	2545	T	C	1963	141	37	2	0	34	0.00101626	1968	0.499618	FALSE	ORF1ab:cds-YP_009725295.1	ACT	T	ACC	T	760
NC_045512.2	2548	T	G	1964	144	37	3	0	31	0.00152439	1968	0.312405	FALSE	ORF1ab:cds-YP_009724389.1	GGT	G	GGG	G	761
NC_045512.2	2548	T	G	1964	144	37	3	0	31	0.00152439	1968	0.312405	FALSE	ORF1ab:cds-YP_009725295.1	GGT	G	GGG	G	761
NC_045512.2	2548	T	C	1964	144	37	1	0	34	0.00050813	1968	0.749809	FALSE	ORF1ab:cds-YP_009724389.1	GGT	G	GGC	G	761
NC_045512.2	2548	T	C	1964	144	37	1	0	34	0.00050813	1968	0.749809	FALSE	ORF1ab:cds-YP_009725295.1	GGT	G	GGC	G	761
NC_045512.2	2552	T	A	2057	146	37	1	0	26	0.000485909	2058	1	FALSE	ORF1ab:cds-YP_009724389.1	TTA	L	ATA	I	763
NC_045512.2	2552	T	A	2057	146	37	1	0	26	0.000485909	2058	1	FALSE	ORF1ab:cds-YP_009725295.1	TTA	L	ATA	I	763
NC_045512.2	2553	T	C	2048	145	37	2	0	34	0.00097561	2050	0.687775	FALSE	ORF1ab:cds-YP_009724389.1	TTA	L	TCA	S	763
NC_045512.2	2553	T	C	2048	145	37	2	0	34	0.00097561	2050	0.687775	FALSE	ORF1ab:cds-YP_009725295.1	TTA	L	TCA	S	763
NC_045512.2	2555	C	A	2066	149	37	1	0	26	0.000483793	2067	1	FALSE	ORF1ab:cds-YP_009724389.1	CAA	Q	AAA	K	764
NC_045512.2	2555	C	A	2066	149	37	1	0	26	0.000483793	2067	1	FALSE	ORF1ab:cds-YP_009725295.1	CAA	Q	AAA	K	764
NC_045512.2	2566	A	G	2374	264	39	2	0	34	0.000841751	2376	0.687737	FALSE	ORF1ab:cds-YP_009724389.1	GAA	E	GAG	E	767
NC_045512.2	2566	A	G	2374	264	39	2	0	34	0.000841751	2376	0.687737	FALSE	ORF1ab:cds-YP_009725295.1	GAA	E	GAG	E	767
NC_045512.2	2575	T	C	2957	314	39	1	0	34	0.000338066	2958	0.875127	FALSE	ORF1ab:cds-YP_009724389.1	ACT	T	ACC	T	770
NC_045512.2	2575	T	C	2957	314	39	1	0	34	0.000338066	2958	0.875127	FALSE	ORF1ab:cds-YP_009725295.1	ACT	T	ACC	T	770
NC_045512.2	2584	T	C	2988	365	39	3	2	45	0.00100301	2991	0.125	FALSE	ORF1ab:cds-YP_009724389.1	GCT	A	GCC	A	773
NC_045512.2	2584	T	C	2988	365	39	3	2	45	0.00100301	2991	0.125	FALSE	ORF1ab:cds-YP_009725295.1	GCT	A	GCC	A	773
NC_045512.2	2585	G	A	3094	376	40	1	0	34	0.000323102	3095	0.937601	FALSE	ORF1ab:cds-YP_009724389.1	GTT	V	ATT	I	774
NC_045512.2	2585	G	A	3094	376	40	1	0	34	0.000323102	3095	0.937601	FALSE	ORF1ab:cds-YP_009725295.1	GTT	V	ATT	I	774
NC_045512.2	2587	T	C	3090	404	41	1	0	34	0.00032352	3091	0.937601	FALSE	ORF1ab:cds-YP_009724389.1	GTT	V	GTC	V	774
NC_045512.2	2587	T	C	3090	404	41	1	0	34	0.00032352	3091	0.937601	FALSE	ORF1ab:cds-YP_009725295.1	GTT	V	GTC	V	774
NC_045512.2	2590	A	G	3073	400	40	1	1	24	0.000325309	3074	1	FALSE	ORF1ab:cds-YP_009724389.1	GAA	E	GAG	E	775
NC_045512.2	2590	A	G	3073	400	40	1	1	24	0.000325309	3074	1	FALSE	ORF1ab:cds-YP_009725295.1	GAA	E	GAG	E	775
NC_045512.2	2592	C	T	3111	405	40	1	0	34	0.000321337	3112	0.9376	FALSE	ORF1ab:cds-YP_009724389.1	GCT	A	GTT	V	776
NC_045512.2	2592	C	T	3111	405	40	1	0	34	0.000321337	3112	0.9376	FALSE	ORF1ab:cds-YP_009725295.1	GCT	A	GTT	V	776
NC_045512.2	2593	T	C	3133	400	40	1	1	60	0.000319081	3134	0.50008	FALSE	ORF1ab:cds-YP_009724389.1	GCT	A	GCC	A	776
NC_045512.2	2593	T	C	3133	400	40	1	1	60	0.000319081	3134	0.50008	FALSE	ORF1ab:cds-YP_009725295.1	GCT	A	GCC	A	776
NC_045512.2	2598	T	G	2973	460	40	1	0	34	0.000336134	2975	0.875063	FALSE	ORF1ab:cds-YP_009724389.1	TTG	L	TGG	W	778
NC_045512.2	2598	T	G	2973	460	40	1	0	34	0.000336134	2975	0.875063	FALSE	ORF1ab:cds-YP_009725295.1	TTG	L	TGG	W	778
NC_045512.2	2598	T	A	2973	460	40	1	0	34	0.000336134	2975	0.875063	FALSE	ORF1ab:cds-YP_009724389.1	TTG	L	TAG	*	778
NC_045512.2	2598	T	A	2973	460	40	1	0	34	0.000336134	2975	0.875063	FALSE	ORF1ab:cds-YP_009725295.1	TTG	L	TAG	*	778
NC_045512.2	2605	T	C	3213	530	40	2	0	34	0.000622084	3215	0.812694	FALSE	ORF1ab:cds-YP_009724389.1	GGT	G	GGC	G	780
NC_045512.2	2605	T	C	3213	530	40	2	0	34	0.000622084	3215	0.812694	FALSE	ORF1ab:cds-YP_009725295.1	GGT	G	GGC	G	780
NC_045512.2	2606	A	G	3218	531	40	1	1	68	0.000310655	3219	0.500078	FALSE	ORF1ab:cds-YP_009724389.1	ACA	T	GCA	A	781
NC_045512.2	2606	A	G	3218	531	40	1	1	68	0.000310655	3219	0.500078	FALSE	ORF1ab:cds-YP_009725295.1	ACA	T	GCA	A	781
NC_045512.2	2611	A	G	3059	591	39	1	0	34	0.000326797	3060	0.937602	FALSE	ORF1ab:cds-YP_009724389.1	CCA	P	CCG	P	782
NC_045512.2	2611	A	G	3059	591	39	1	0	34	0.000326797	3060	0.937602	FALSE	ORF1ab:cds-YP_009725295.1	CCA	P	CCG	P	782
NC_045512.2	2614	T	C	3087	584	39	1	0	34	0.000323834	3088	0.937601	FALSE	ORF1ab:cds-YP_009724389.1	GTT	V	GTC	V	783
NC_045512.2	2614	T	C	3087	584	39	1	0	34	0.000323834	3088	0.937601	FALSE	ORF1ab:cds-YP_009725295.1	GTT	V	GTC	V	783
NC_045512.2	2617	T	C	2894	648	38	1	1	24	0.000345423	2895	1	FALSE	ORF1ab:cds-YP_009724389.1	TGT	C	TGC	C	784
NC_045512.2	2617	T	C	2894	648	38	1	1	24	0.000345423	2895	1	FALSE	ORF1ab:cds-YP_009725295.1	TGT	C	TGC	C	784
NC_045512.2	2629	T	G	3015	974	38	1	0	34	0.000331565	3016	0.937604	FALSE	ORF1ab:cds-YP_009724389.1	CTT	L	CTG	L	788
NC_045512.2	2629	T	G	3015	974	38	1	0	34	0.000331565	3016	0.937604	FALSE	ORF1ab:cds-YP_009725295.1	CTT	L	CTG	L	788
NC_045512.2	2634	T	G	2923	902	38	1	0	34	0.000341763	2926	0.875	FALSE	ORF1ab:cds-YP_009724389.1	TTG	L	TGG	W	790
NC_045512.2	2634	T	G	2923	902	38	1	0	34	0.000341763	2926	0.875	FALSE	ORF1ab:cds-YP_009725295.1	TTG	L	TGG	W	790
NC_045512.2	2634	T	C	2923	902	38	2	0	34	0.000683527	2926	0.687564	FALSE	ORF1ab:cds-YP_009724389.1	TTG	L	TCG	S	790
NC_045512.2	2634	T	C	2923	902	38	2	0	34	0.000683527	2926	0.687564	FALSE	ORF1ab:cds-YP_009725295.1	TTG	L	TCG	S	790
NC_045512.2	2637	T	C	2922	908	38	3	0	34	0.00102564	2925	0.50016	FALSE	ORF1ab:cds-YP_009724389.1	CTC	L	CCC	P	791
NC_045512.2	2637	T	C	2922	908	38	3	0	34	0.00102564	2925	0.50016	FALSE	ORF1ab:cds-YP_009725295.1	CTC	L	CCC	P	791
NC_045512.2	2638	C	T	2920	912	38	1	0	34	0.000342349	2921	0.875128	FALSE	ORF1ab:cds-YP_009724389.1	CTC	L	CTT	L	791
NC_045512.2	2638	C	T	2920	912	38	1	0	34	0.000342349	2921	0.875128	FALSE	ORF1ab:cds-YP_009725295.1	CTC	L	CTT	L	791
NC_045512.2	2655	A	T	3044	975	38	1	0	34	0.000328299	3046	0.937562	FALSE	ORF1ab:cds-YP_009724389.1	GAA	E	GTA	V	797
NC_045512.2	2655	A	T	3044	975	38	1	0	34	0.000328299	3046	0.937562	FALSE	ORF1ab:cds-YP_009725295.1	GAA	E	GTA	V	797
NC_045512.2	2655	A	G	3044	975	38	1	0	26	0.000328299	3046	1	FALSE	ORF1ab:cds-YP_009724389.1	GAA	E	GGA	G	797
NC_045512.2	2655	A	G	3044	975	38	1	0	26	0.000328299	3046	1	FALSE	ORF1ab:cds-YP_009725295.1	GAA	E	GGA	G	797
NC_045512.2	2657	A	G	3073	994	38	1	1	68	0.000325309	3074	0.500081	FALSE	ORF1ab:cds-YP_009724389.1	AAG	K	GAG	E	798
NC_045512.2	2657	A	G	3073	994	38	1	1	68	0.000325309	3074	0.500081	FALSE	ORF1ab:cds-YP_009725295.1	AAG	K	GAG	E	798
NC_045512.2	2660	T	C	2957	1077	37	1	0	34	0.000338066	2958	0.875127	FALSE	ORF1ab:cds-YP_009724389.1	TAC	Y	CAC	H	799
NC_045512.2	2660	T	C	2957	1077	37	1	0	34	0.000338066	2958	0.875127	FALSE	ORF1ab:cds-YP_009725295.1	TAC	Y	CAC	H	799
NC_045512.2	2662	C	A	3033	1189	38	1	1	34	0.000329598	3034	0.937603	FALSE	ORF1ab:cds-YP_009724389.1	TAC	Y	TAA	*	799
NC_045512.2	2662	C	A	3033	1189	38	1	1	34	0.000329598	3034	0.937603	FALSE	ORF1ab:cds-YP_009725295.1	TAC	Y	TAA	*	799
NC_045512.2	2668	C	A	2842	978	38	1	0	34	0.000351741	2843	0.875132	FALSE	ORF1ab:cds-YP_009724389.1	GCC	A	GCA	A	801
NC_045512.2	2668	C	A	2842	978	38	1	0	34	0.000351741	2843	0.875132	FALSE	ORF1ab:cds-YP_009725295.1	GCC	A	GCA	A	801
NC_045512.2	2669	C	A	2488	1054	37	1	1	26	0.000401768	2489	1	FALSE	ORF1ab:cds-YP_009724389.1	CTT	L	ATT	I	802
NC_045512.2	2669	C	A	2488	1054	37	1	1	26	0.000401768	2489	1	FALSE	ORF1ab:cds-YP_009725295.1	CTT	L	ATT	I	802
NC_045512.2	2670	T	C	2513	1085	38	1	1	34	0.000397772	2514	0.875149	FALSE	ORF1ab:cds-YP_009724389.1	CTT	L	CCT	P	802
NC_045512.2	2670	T	C	2513	1085	38	1	1	34	0.000397772	2514	0.875149	FALSE	ORF1ab:cds-YP_009725295.1	CTT	L	CCT	P	802
NC_045512.2	2671	T	C	2495	1081	38	2	0	34	0.000800961	2497	0.687725	FALSE	ORF1ab:cds-YP_009724389.1	CTT	L	CTC	L	802
NC_045512.2	2671	T	C	2495	1081	38	2	0	34	0.000800961	2497	0.687725	FALSE	ORF1ab:cds-YP_009725295.1	CTT	L	CTC	L	802
NC_045512.2	2675	C	T	2493	1067	37	1	0	34	0.000400962	2494	0.87515	FALSE	ORF1ab:cds-YP_009724389.1	CCT	P	TCT	S	804
NC_045512.2	2675	C	T	2493	1067	37	1	0	34	0.000400962	2494	0.87515	FALSE	ORF1ab:cds-YP_009725295.1	CCT	P	TCT	S	804
NC_045512.2	2677	T	C	2692	1298	38	2	0	30	0.00074239	2694	0.687709	FALSE	ORF1ab:cds-YP_009724389.1	CCT	P	CCC	P	804
NC_045512.2	2677	T	C	2692	1298	38	2	0	30	0.00074239	2694	0.687709	FALSE	ORF1ab:cds-YP_009725295.1	CCT	P	CCC	P	804
NC_045512.2	2678	A	G	2700	1323	38	2	2	34	0.000740192	2702	0.687708	FALSE	ORF1ab:cds-YP_009724389.1	AAT	N	GAT	D	805
NC_045512.2	2678	A	G	2700	1323	38	2	2	34	0.000740192	2702	0.687708	FALSE	ORF1ab:cds-YP_009725295.1	AAT	N	GAT	D	805
NC_045512.2	2679	A	G	2740	1340	38	1	0	34	0.00036483	2741	0.875137	FALSE	ORF1ab:cds-YP_009724389.1	AAT	N	AGT	S	805
NC_045512.2	2679	A	G	2740	1340	38	1	0	34	0.00036483	2741	0.875137	FALSE	ORF1ab:cds-YP_009725295.1	AAT	N	AGT	S	805
NC_045512.2	2680	T	A	2726	1318	38	1	1	26	0.000366703	2727	1	FALSE	ORF1ab:cds-YP_009724389.1	AAT	N	AAA	K	805
NC_045512.2	2680	T	A	2726	1318	38	1	1	26	0.000366703	2727	1	FALSE	ORF1ab:cds-YP_009725295.1	AAT	N	AAA	K	805
NC_045512.2	2681	A	G	2680	1336	38	1	1	24	0.000372995	2681	1	FALSE	ORF1ab:cds-YP_009724389.1	ATG	M	GTG	V	806
NC_045512.2	2681	A	G	2680	1336	38	1	1	24	0.000372995	2681	1	FALSE	ORF1ab:cds-YP_009725295.1	ATG	M	GTG	V	806
NC_045512.2	2688	T	C	2565	1240	38	1	0	34	0.000389712	2566	0.875146	FALSE	ORF1ab:cds-YP_009724389.1	GTA	V	GCA	A	808
NC_045512.2	2688	T	C	2565	1240	38	1	0	34	0.000389712	2566	0.875146	FALSE	ORF1ab:cds-YP_009725295.1	GTA	V	GCA	A	808
NC_045512.2	2690	A	T	2665	1336	39	1	1	34	0.000375094	2666	0.875141	FALSE	ORF1ab:cds-YP_009724389.1	ACA	T	TCA	S	809
NC_045512.2	2690	A	T	2665	1336	39	1	1	34	0.000375094	2666	0.875141	FALSE	ORF1ab:cds-YP_009725295.1	ACA	T	TCA	S	809
NC_045512.2	2694	A	G	2474	1337	37	1	1	34	0.00040404	2475	0.875152	FALSE	ORF1ab:cds-YP_009724389.1	AAC	N	AGC	S	810
NC_045512.2	2694	A	G	2474	1337	37	1	1	34	0.00040404	2475	0.875152	FALSE	ORF1ab:cds-YP_009725295.1	AAC	N	AGC	S	810
NC_045512.2	2696	A	G	2589	1333	38	1	1	34	0.0003861	2590	0.875145	FALSE	ORF1ab:cds-YP_009724389.1	AAT	N	GAT	D	811
NC_045512.2	2696	A	G	2589	1333	38	1	1	34	0.0003861	2590	0.875145	FALSE	ORF1ab:cds-YP_009725295.1	AAT	N	GAT	D	811
NC_045512.2	2697	A	G	2607	1343	38	2	0	30	0.000766577	2609	0.687716	FALSE	ORF1ab:cds-YP_009724389.1	AAT	N	AGT	S	811
NC_045512.2	2697	A	G	2607	1343	38	2	0	30	0.000766577	2609	0.687716	FALSE	ORF1ab:cds-YP_009725295.1	AAT	N	AGT	S	811
NC_045512.2	2703	T	G	2520	1377	38	1	1	34	0.000396668	2521	0.875149	FALSE	ORF1ab:cds-YP_009724389.1	TTC	F	TGC	C	813
NC_045512.2	2703	T	G	2520	1377	38	1	1	34	0.000396668	2521	0.875149	FALSE	ORF1ab:cds-YP_009725295.1	TTC	F	TGC	C	813
NC_045512.2	2706	C	A	2465	1421	38	1	1	60	0.000405515	2466	0.500101	FALSE	ORF1ab:cds-YP_009724389.1	ACA	T	AAA	K	814
NC_045512.2	2706	C	A	2465	1421	38	1	1	60	0.000405515	2466	0.500101	FALSE	ORF1ab:cds-YP_009725295.1	ACA	T	AAA	K	814
NC_045512.2	2713	A	T	2303	1358	36	2	2	34	0.000867303	2306	0.687581	FALSE	ORF1ab:cds-YP_009724389.1	AAA	K	AAT	N	816
NC_045512.2	2713	A	T	2303	1358	36	2	2	34	0.000867303	2306	0.687581	FALSE	ORF1ab:cds-YP_009725295.1	AAA	K	AAT	N	816
NC_045512.2	2713	A	G	2303	1358	36	1	1	34	0.000433651	2306	0.875	FALSE	ORF1ab:cds-YP_009724389.1	AAA	K	AAG	K	816
NC_045512.2	2713	A	G	2303	1358	36	1	1	34	0.000433651	2306	0.875	FALSE	ORF1ab:cds-YP_009725295.1	AAA	K	AAG	K	816
NC_045512.2	2715	G	A	2449	1413	37	1	0	68	0.000408163	2450	0.500102	FALSE	ORF1ab:cds-YP_009724389.1	GGC	G	GAC	D	817
NC_045512.2	2715	G	A	2449	1413	37	1	0	68	0.000408163	2450	0.500102	FALSE	ORF1ab:cds-YP_009725295.1	GGC	G	GAC	D	817
NC_045512.2	2716	C	T	1218	735	37	1171	663	37	0.490163	2389	0	TRUE	ORF1ab:cds-YP_009724389.1	GGC	G	GGT	G	817
NC_045512.2	2716	C	T	1218	735	37	1171	663	37	0.490163	2389	0	TRUE	ORF1ab:cds-YP_009725295.1	GGC	G	GGT	G	817
NC_045512.2	2717	G	T	2250	1271	37	1	0	34	0.000444247	2251	0.875167	FALSE	ORF1ab:cds-YP_009724389.1	GGT	G	TGT	C	818
NC_045512.2	2717	G	T	2250	1271	37	1	0	34	0.000444247	2251	0.875167	FALSE	ORF1ab:cds-YP_009725295.1	GGT	G	TGT	C	818
NC_045512.2	2721	C	A	2271	1306	37	1	1	34	0.000440141	2272	0.875165	FALSE	ORF1ab:cds-YP_009724389.1	GCA	A	GAA	E	819
NC_045512.2	2721	C	A	2271	1306	37	1	1	34	0.000440141	2272	0.875165	FALSE	ORF1ab:cds-YP_009725295.1	GCA	A	GAA	E	819
NC_045512.2	2722	A	G	2244	1289	38	1	0	34	0.000445434	2245	0.875167	FALSE	ORF1ab:cds-YP_009724389.1	GCA	A	GCG	A	819
NC_045512.2	2722	A	G	2244	1289	38	1	0	34	0.000445434	2245	0.875167	FALSE	ORF1ab:cds-YP_009725295.1	GCA	A	GCG	A	819
NC_045512.2	2724	C	T	2195	1229	38	1	1	34	0.000455373	2196	0.875171	FALSE	ORF1ab:cds-YP_009724389.1	CCA	P	CTA	L	820
NC_045512.2	2724	C	T	2195	1229	38	1	1	34	0.000455373	2196	0.875171	FALSE	ORF1ab:cds-YP_009725295.1	CCA	P	CTA	L	820
NC_045512.2	2725	A	G	2160	1200	38	2	1	34	0.000925069	2162	0.68776	FALSE	ORF1ab:cds-YP_009724389.1	CCA	P	CCG	P	820
NC_045512.2	2725	A	G	2160	1200	38	2	1	34	0.000925069	2162	0.68776	FALSE	ORF1ab:cds-YP_009725295.1	CCA	P	CCG	P	820
NC_045512.2	2730	A	C	1905	1276	36	1	1	34	0.000524659	1906	0.750197	FALSE	ORF1ab:cds-YP_009724389.1	AAG	K	ACG	T	822
NC_045512.2	2730	A	C	1905	1276	36	1	1	34	0.000524659	1906	0.750197	FALSE	ORF1ab:cds-YP_009725295.1	AAG	K	ACG	T	822
NC_045512.2	2732	G	C	1996	1317	36	2	2	30	0.001001	1998	0.500188	FALSE	ORF1ab:cds-YP_009724389.1	GTT	V	CTT	L	823
NC_045512.2	2732	G	C	1996	1317	36	2	2	30	0.001001	1998	0.500188	FALSE	ORF1ab:cds-YP_009725295.1	GTT	V	CTT	L	823
NC_045512.2	2740	T	A	2030	1369	37	1	0	34	0.000492368	2031	0.875185	FALSE	ORF1ab:cds-YP_009724389.1	TTT	F	TTA	L	825
NC_045512.2	2740	T	A	2030	1369	37	1	0	34	0.000492368	2031	0.875185	FALSE	ORF1ab:cds-YP_009725295.1	TTT	F	TTA	L	825
NC_045512.2	2745	A	G	2112	1452	37	2	2	34	0.000946074	2114	0.687766	FALSE	ORF1ab:cds-YP_009724389.1	GAT	D	GGT	G	827
NC_045512.2	2745	A	G	2112	1452	37	2	2	34	0.000946074	2114	0.687766	FALSE	ORF1ab:cds-YP_009725295.1	GAT	D	GGT	G	827
NC_045512.2	2747	G	A	2133	1463	37	1	1	34	0.000468604	2134	0.875176	FALSE	ORF1ab:cds-YP_009724389.1	GAC	D	AAC	N	828
NC_045512.2	2747	G	A	2133	1463	37	1	1	34	0.000468604	2134	0.875176	FALSE	ORF1ab:cds-YP_009725295.1	GAC	D	AAC	N	828
NC_045512.2	2749	C	A	2576	1991	38	1	1	26	0.000388048	2577	1	FALSE	ORF1ab:cds-YP_009724389.1	GAC	D	GAA	E	828
NC_045512.2	2749	C	A	2576	1991	38	1	1	26	0.000388048	2577	1	FALSE	ORF1ab:cds-YP_009725295.1	GAC	D	GAA	E	828
NC_045512.2	2756	A	T	2853	2351	38	1	1	26	0.000350263	2855	1	FALSE	ORF1ab:cds-YP_009724389.1	ATA	I	TTA	L	831
NC_045512.2	2756	A	T	2853	2351	38	1	1	26	0.000350263	2855	1	FALSE	ORF1ab:cds-YP_009725295.1	ATA	I	TTA	L	831
NC_045512.2	2756	A	G	2853	2351	38	1	1	34	0.000350263	2855	0.875066	FALSE	ORF1ab:cds-YP_009724389.1	ATA	I	GTA	V	831
NC_045512.2	2756	A	G	2853	2351	38	1	1	34	0.000350263	2855	0.875066	FALSE	ORF1ab:cds-YP_009725295.1	ATA	I	GTA	V	831
NC_045512.2	2768	G	T	2856	2419	39	2	1	26	0.000699301	2860	1	FALSE	ORF1ab:cds-YP_009724389.1	GGT	G	TGT	C	835
NC_045512.2	2768	G	T	2856	2419	39	2	1	26	0.000699301	2860	1	FALSE	ORF1ab:cds-YP_009725295.1	GGT	G	TGT	C	835
NC_045512.2	2768	G	C	2856	2419	39	2	1	51	0.000699301	2860	0.249869	FALSE	ORF1ab:cds-YP_009724389.1	GGT	G	CGT	R	835
NC_045512.2	2768	G	C	2856	2419	39	2	1	51	0.000699301	2860	0.249869	FALSE	ORF1ab:cds-YP_009725295.1	GGT	G	CGT	R	835
NC_045512.2	2772	A	G	3078	2673	39	2	2	34	0.000649351	3080	0.812703	FALSE	ORF1ab:cds-YP_009724389.1	TAC	Y	TGC	C	836
NC_045512.2	2772	A	G	3078	2673	39	2	2	34	0.000649351	3080	0.812703	FALSE	ORF1ab:cds-YP_009725295.1	TAC	Y	TGC	C	836
NC_045512.2	2773	C	T	3319	2956	39	1	0	68	0.000301205	3320	0.500075	FALSE	ORF1ab:cds-YP_009724389.1	TAC	Y	TAT	Y	836
NC_045512.2	2773	C	T	3319	2956	39	1	0	68	0.000301205	3320	0.500075	FALSE	ORF1ab:cds-YP_009725295.1	TAC	Y	TAT	Y	836
NC_045512.2	2775	A	T	3331	2975	39	1	1	34	0.00030012	3332	0.937594	FALSE	ORF1ab:cds-YP_009724389.1	AAG	K	ATG	M	837
NC_045512.2	2775	A	T	3331	2975	39	1	1	34	0.00030012	3332	0.937594	FALSE	ORF1ab:cds-YP_009725295.1	AAG	K	ATG	M	837
NC_045512.2	2779	T	C	2998	2690	39	1	0	68	0.000333444	2999	0.500083	FALSE	ORF1ab:cds-YP_009724389.1	AGT	S	AGC	S	838
NC_045512.2	2779	T	C	2998	2690	39	1	0	68	0.000333444	2999	0.500083	FALSE	ORF1ab:cds-YP_009725295.1	AGT	S	AGC	S	838
NC_045512.2	2781	T	C	3003	2699	39	2	2	34	0.000665557	3005	0.812708	FALSE	ORF1ab:cds-YP_009724389.1	GTG	V	GCG	A	839
NC_045512.2	2781	T	C	3003	2699	39	2	2	34	0.000665557	3005	0.812708	FALSE	ORF1ab:cds-YP_009725295.1	GTG	V	GCG	A	839
NC_045512.2	2784	A	G	3000	2697	39	1	1	34	0.000333222	3001	0.937604	FALSE	ORF1ab:cds-YP_009724389.1	AAT	N	AGT	S	840
NC_045512.2	2784	A	G	3000	2697	39	1	1	34	0.000333222	3001	0.937604	FALSE	ORF1ab:cds-YP_009725295.1	AAT	N	AGT	S	840
NC_045512.2	2789	A	-C	2924	2637	39	1	0	20	0.000341997	2924	1	FALSE	NA	NA	NA	NA	NA	NA
NC_045512.2	2790	C	T	0	0	0	2858	2572	39	1	2858	0	TRUE	ORF1ab:cds-YP_009724389.1	ACT	T	ATT	I	842
NC_045512.2	2790	C	T	0	0	0	2858	2572	39	1	2858	0	TRUE	ORF1ab:cds-YP_009725295.1	ACT	T	ATT	I	842
NC_045512.2	2792	T	C	2824	2536	38	1	1	34	0.000353982	2825	0.875133	FALSE	ORF1ab:cds-YP_009724389.1	TTT	F	CTT	L	843
NC_045512.2	2792	T	C	2824	2536	38	1	1	34	0.000353982	2825	0.875133	FALSE	ORF1ab:cds-YP_009725295.1	TTT	F	CTT	L	843
NC_045512.2	2795	G	A	2886	2612	39	6	6	39	0.00207469	2892	0.144474	FALSE	ORF1ab:cds-YP_009724389.1	GAA	E	AAA	K	844
NC_045512.2	2795	G	A	2886	2612	39	6	6	39	0.00207469	2892	0.144474	FALSE	ORF1ab:cds-YP_009725295.1	GAA	E	AAA	K	844
NC_045512.2	2796	A	T	2857	2586	39	1	1	26	0.000349895	2858	1	FALSE	ORF1ab:cds-YP_009724389.1	GAA	E	GTA	V	844
NC_045512.2	2796	A	T	2857	2586	39	1	1	26	0.000349895	2858	1	FALSE	ORF1ab:cds-YP_009725295.1	GAA	E	GTA	V	844
NC_045512.2	2799	T	C	2508	2246	38	5	5	32	0.00198965	2513	0.226562	FALSE	ORF1ab:cds-YP_009724389.1	CTT	L	CCT	P	845
NC_045512.2	2799	T	C	2508	2246	38	5	5	32	0.00198965	2513	0.226562	FALSE	ORF1ab:cds-YP_009725295.1	CTT	L	CCT	P	845
NC_045512.2	2806	A	G	2682	2446	38	1	1	34	0.000372717	2683	0.87514	FALSE	ORF1ab:cds-YP_009724389.1	GAA	E	GAG	E	847
NC_045512.2	2806	A	G	2682	2446	38	1	1	34	0.000372717	2683	0.87514	FALSE	ORF1ab:cds-YP_009725295.1	GAA	E	GAG	E	847
NC_045512.2	2807	A	G	2703	2467	38	1	1	34	0.000369822	2704	0.875139	FALSE	ORF1ab:cds-YP_009724389.1	AGG	R	GGG	G	848
NC_045512.2	2807	A	G	2703	2467	38	1	1	34	0.000369822	2704	0.875139	FALSE	ORF1ab:cds-YP_009725295.1	AGG	R	GGG	G	848
NC_045512.2	2816	A	T	2627	2465	36	1	1	26	0.000380518	2628	1	FALSE	ORF1ab:cds-YP_009724389.1	AAA	K	TAA	*	851
NC_045512.2	2816	A	T	2627	2465	36	1	1	26	0.000380518	2628	1	FALSE	ORF1ab:cds-YP_009725295.1	AAA	K	TAA	*	851
NC_045512.2	2817	A	T	2637	2461	37	1	1	34	0.000378931	2639	0.875071	FALSE	ORF1ab:cds-YP_009724389.1	AAA	K	ATA	I	851
NC_045512.2	2817	A	T	2637	2461	37	1	1	34	0.000378931	2639	0.875071	FALSE	ORF1ab:cds-YP_009725295.1	AAA	K	ATA	I	851
NC_045512.2	2817	A	C	2637	2461	37	1	1	34	0.000378931	2639	0.875071	FALSE	ORF1ab:cds-YP_009724389.1	AAA	K	ACA	T	851
NC_045512.2	2817	A	C	2637	2461	37	1	1	34	0.000378931	2639	0.875071	FALSE	ORF1ab:cds-YP_009725295.1	AAA	K	ACA	T	851
NC_045512.2	2821	A	G	2590	2421	37	1	1	34	0.000385951	2591	0.875145	FALSE	ORF1ab:cds-YP_009724389.1	GTA	V	GTG	V	852
NC_045512.2	2821	A	G	2590	2421	37	1	1	34	0.000385951	2591	0.875145	FALSE	ORF1ab:cds-YP_009725295.1	GTA	V	GTG	V	852
NC_045512.2	2825	A	G	2468	2310	37	1	1	34	0.000405022	2469	0.875152	FALSE	ORF1ab:cds-YP_009724389.1	AAT	N	GAT	D	854
NC_045512.2	2825	A	G	2468	2310	37	1	1	34	0.000405022	2469	0.875152	FALSE	ORF1ab:cds-YP_009725295.1	AAT	N	GAT	D	854
NC_045512.2	2826	A	C	2529	2376	36	1	1	34	0.000395257	2530	0.875148	FALSE	ORF1ab:cds-YP_009724389.1	AAT	N	ACT	T	854
NC_045512.2	2826	A	C	2529	2376	36	1	1	34	0.000395257	2530	0.875148	FALSE	ORF1ab:cds-YP_009725295.1	AAT	N	ACT	T	854
NC_045512.2	2831	A	T	2398	2258	36	1	1	34	0.00041684	2399	0.875156	FALSE	ORF1ab:cds-YP_009724389.1	AAG	K	TAG	*	856
NC_045512.2	2831	A	T	2398	2258	36	1	1	34	0.00041684	2399	0.875156	FALSE	ORF1ab:cds-YP_009725295.1	AAG	K	TAG	*	856
NC_045512.2	2832	A	C	2444	2301	36	1	1	34	0.000408998	2445	0.875153	FALSE	ORF1ab:cds-YP_009724389.1	AAG	K	ACG	T	856
NC_045512.2	2832	A	C	2444	2301	36	1	1	34	0.000408998	2445	0.875153	FALSE	ORF1ab:cds-YP_009725295.1	AAG	K	ACG	T	856
NC_045512.2	2837	T	G	2272	2139	36	1	1	34	0.000439754	2274	0.875083	FALSE	ORF1ab:cds-YP_009724389.1	TCT	S	GCT	A	858
NC_045512.2	2837	T	G	2272	2139	36	1	1	34	0.000439754	2274	0.875083	FALSE	ORF1ab:cds-YP_009725295.1	TCT	S	GCT	A	858
NC_045512.2	2837	T	C	2272	2139	36	1	1	34	0.000439754	2274	0.875083	FALSE	ORF1ab:cds-YP_009724389.1	TCT	S	CCT	P	858
NC_045512.2	2837	T	C	2272	2139	36	1	1	34	0.000439754	2274	0.875083	FALSE	ORF1ab:cds-YP_009725295.1	TCT	S	CCT	P	858
NC_045512.2	2841	C	A	2301	2183	36	1	1	26	0.000434405	2302	1	FALSE	ORF1ab:cds-YP_009724389.1	GCC	A	GAC	D	859
NC_045512.2	2841	C	A	2301	2183	36	1	1	26	0.000434405	2302	1	FALSE	ORF1ab:cds-YP_009725295.1	GCC	A	GAC	D	859
NC_045512.2	2843	T	C	2216	2103	36	1	1	34	0.00045106	2217	0.875169	FALSE	ORF1ab:cds-YP_009724389.1	TAT	Y	CAT	H	860
NC_045512.2	2843	T	C	2216	2103	36	1	1	34	0.00045106	2217	0.875169	FALSE	ORF1ab:cds-YP_009725295.1	TAT	Y	CAT	H	860
NC_045512.2	2847	C	T	2156	2046	36	1	1	34	0.000463607	2157	0.875174	FALSE	ORF1ab:cds-YP_009724389.1	ACA	T	ATA	I	861
NC_045512.2	2847	C	T	2156	2046	36	1	1	34	0.000463607	2157	0.875174	FALSE	ORF1ab:cds-YP_009725295.1	ACA	T	ATA	I	861
NC_045512.2	2856	T	G	1068	1011	35	2	2	34	0.0018622	1074	0.49895	FALSE	ORF1ab:cds-YP_009724389.1	CTC	L	CGC	R	864
NC_045512.2	2856	T	G	1068	1011	35	2	2	34	0.0018622	1074	0.49895	FALSE	ORF1ab:cds-YP_009725295.1	CTC	L	CGC	R	864
NC_045512.2	2856	T	C	1068	1011	35	2	2	34	0.0018622	1074	0.49895	FALSE	ORF1ab:cds-YP_009724389.1	CTC	L	CCC	P	864
NC_045512.2	2856	T	C	1068	1011	35	2	2	34	0.0018622	1074	0.49895	FALSE	ORF1ab:cds-YP_009725295.1	CTC	L	CCC	P	864
NC_045512.2	2856	T	A	1068	1011	35	2	2	34	0.0018622	1074	0.49895	FALSE	ORF1ab:cds-YP_009724389.1	CTC	L	CAC	H	864
NC_045512.2	2856	T	A	1068	1011	35	2	2	34	0.0018622	1074	0.49895	FALSE	ORF1ab:cds-YP_009725295.1	CTC	L	CAC	H	864
NC_045512.2	2857	C	G	1064	1007	35	5	5	34	0.0046729	1070	0.109046	FALSE	ORF1ab:cds-YP_009724389.1	CTC	L	CTG	L	864
NC_045512.2	2857	C	G	1064	1007	35	5	5	34	0.0046729	1070	0.109046	FALSE	ORF1ab:cds-YP_009725295.1	CTC	L	CTG	L	864
NC_045512.2	2857	C	A	1064	1007	35	1	1	34	0.000934579	1070	0.749179	FALSE	ORF1ab:cds-YP_009724389.1	CTC	L	CTA	L	864
NC_045512.2	2857	C	A	1064	1007	35	1	1	34	0.000934579	1070	0.749179	FALSE	ORF1ab:cds-YP_009725295.1	CTC	L	CTA	L	864
NC_045512.2	3107	G	T	1054	0	33	1	0	26	0.000947867	1055	0.999527	FALSE	ORF1ab:cds-YP_009724389.1	GAG	E	TAG	*	948
NC_045512.2	3107	G	T	1054	0	33	1	0	26	0.000947867	1055	0.999527	FALSE	ORF1ab:cds-YP_009725295.1	GAG	E	TAG	*	948
NC_045512.2	3114	G	T	1594	0	33	1	0	26	0.000626959	1595	0.999985	FALSE	ORF1ab:cds-YP_009724389.1	GGT	G	GTT	V	950
NC_045512.2	3114	G	T	1594	0	33	1	0	26	0.000626959	1595	0.999985	FALSE	ORF1ab:cds-YP_009725295.1	GGT	G	GTT	V	950
NC_045512.2	3121	A	G	1700	18	33	1	0	34	0.000587889	1701	0.750221	FALSE	ORF1ab:cds-YP_009724389.1	GAA	E	GAG	E	952
NC_045512.2	3121	A	G	1700	18	33	1	0	34	0.000587889	1701	0.750221	FALSE	ORF1ab:cds-YP_009725295.1	GAA	E	GAG	E	952
NC_045512.2	3123	A	G	1682	22	33	1	0	34	0.000594177	1683	0.750223	FALSE	ORF1ab:cds-YP_009724389.1	GAT	D	GGT	G	953
NC_045512.2	3123	A	G	1682	22	33	1	0	34	0.000594177	1683	0.750223	FALSE	ORF1ab:cds-YP_009725295.1	GAT	D	GGT	G	953
NC_045512.2	3127	T	A	1806	38	33	1	0	34	0.000553403	1807	0.750208	FALSE	ORF1ab:cds-YP_009724389.1	GAT	D	GAA	E	954
NC_045512.2	3127	T	A	1806	38	33	1	0	34	0.000553403	1807	0.750208	FALSE	ORF1ab:cds-YP_009725295.1	GAT	D	GAA	E	954
NC_045512.2	3131	C	G	1816	47	33	3	0	31	0.00164745	1821	0.312191	FALSE	ORF1ab:cds-YP_009724389.1	CAA	Q	GAA	E	956
NC_045512.2	3131	C	G	1816	47	33	3	0	31	0.00164745	1821	0.312191	FALSE	ORF1ab:cds-YP_009725295.1	CAA	Q	GAA	E	956
NC_045512.2	3131	C	A	1816	47	33	2	0	30	0.0010983	1821	0.499588	FALSE	ORF1ab:cds-YP_009724389.1	CAA	Q	AAA	K	956
NC_045512.2	3131	C	A	1816	47	33	2	0	30	0.0010983	1821	0.499588	FALSE	ORF1ab:cds-YP_009725295.1	CAA	Q	AAA	K	956
NC_045512.2	3133	A	G	1881	52	33	1	0	34	0.00053135	1882	0.750199	FALSE	ORF1ab:cds-YP_009724389.1	CAA	Q	CAG	Q	956
NC_045512.2	3133	A	G	1881	52	33	1	0	34	0.00053135	1882	0.750199	FALSE	ORF1ab:cds-YP_009725295.1	CAA	Q	CAG	Q	956
NC_045512.2	3135	G	A	1989	68	34	1	0	34	0.000502513	1990	0.750188	FALSE	ORF1ab:cds-YP_009724389.1	GGT	G	GAT	D	957
NC_045512.2	3135	G	A	1989	68	34	1	0	34	0.000502513	1990	0.750188	FALSE	ORF1ab:cds-YP_009725295.1	GGT	G	GAT	D	957
NC_045512.2	3137	A	G	1992	73	34	2	0	30	0.00100301	1994	0.500188	FALSE	ORF1ab:cds-YP_009724389.1	AAA	K	GAA	E	958
NC_045512.2	3137	A	G	1992	73	34	2	0	30	0.00100301	1994	0.500188	FALSE	ORF1ab:cds-YP_009725295.1	AAA	K	GAA	E	958
NC_045512.2	3139	A	G	1647	81	31	3	0	31	0.00181818	1650	0.312614	FALSE	ORF1ab:cds-YP_009724389.1	AAA	K	AAG	K	958
NC_045512.2	3139	A	G	1647	81	31	3	0	31	0.00181818	1650	0.312614	FALSE	ORF1ab:cds-YP_009725295.1	AAA	K	AAG	K	958
NC_045512.2	3144	T	A	2051	119	34	1	0	34	0.000487329	2052	0.875183	FALSE	ORF1ab:cds-YP_009724389.1	TTG	L	TAG	*	960
NC_045512.2	3144	T	A	2051	119	34	1	0	34	0.000487329	2052	0.875183	FALSE	ORF1ab:cds-YP_009725295.1	TTG	L	TAG	*	960
NC_045512.2	3145	G	A	2088	118	34	1	0	34	0.000478698	2089	0.87518	FALSE	ORF1ab:cds-YP_009724389.1	TTG	L	TTA	L	960
NC_045512.2	3145	G	A	2088	118	34	1	0	34	0.000478698	2089	0.87518	FALSE	ORF1ab:cds-YP_009725295.1	TTG	L	TTA	L	960
NC_045512.2	3146	G	A	2099	120	34	1	0	34	0.00047619	2100	0.875179	FALSE	ORF1ab:cds-YP_009724389.1	GAA	E	AAA	K	961
NC_045512.2	3146	G	A	2099	120	34	1	0	34	0.00047619	2100	0.875179	FALSE	ORF1ab:cds-YP_009725295.1	GAA	E	AAA	K	961
NC_045512.2	3151	T	C	2111	139	34	1	1	34	0.000473485	2112	0.875178	FALSE	ORF1ab:cds-YP_009724389.1	TTT	F	TTC	F	962
NC_045512.2	3151	T	C	2111	139	34	1	1	34	0.000473485	2112	0.875178	FALSE	ORF1ab:cds-YP_009725295.1	TTT	F	TTC	F	962
NC_045512.2	3152	G	T	2117	143	34	1	0	34	0.000472144	2118	0.875177	FALSE	ORF1ab:cds-YP_009724389.1	GGT	G	TGT	C	963
NC_045512.2	3152	G	T	2117	143	34	1	0	34	0.000472144	2118	0.875177	FALSE	ORF1ab:cds-YP_009725295.1	GGT	G	TGT	C	963
NC_045512.2	3155	G	A	2139	151	35	1	0	34	0.00046729	2140	0.875175	FALSE	ORF1ab:cds-YP_009724389.1	GCC	A	ACC	T	964
NC_045512.2	3155	G	A	2139	151	35	1	0	34	0.00046729	2140	0.875175	FALSE	ORF1ab:cds-YP_009725295.1	GCC	A	ACC	T	964
NC_045512.2	3160	T	C	2218	155	35	1	1	34	0.000450653	2219	0.875169	FALSE	ORF1ab:cds-YP_009724389.1	ACT	T	ACC	T	965
NC_045512.2	3160	T	C	2218	155	35	1	1	34	0.000450653	2219	0.875169	FALSE	ORF1ab:cds-YP_009725295.1	ACT	T	ACC	T	965
NC_045512.2	3163	T	G	2262	179	35	2	0	30	0.000883002	2265	0.687583	FALSE	ORF1ab:cds-YP_009724389.1	TCT	S	TCG	S	966
NC_045512.2	3163	T	G	2262	179	35	2	0	30	0.000883002	2265	0.687583	FALSE	ORF1ab:cds-YP_009725295.1	TCT	S	TCG	S	966
NC_045512.2	3163	T	C	2262	179	35	1	0	34	0.000441501	2265	0.875	FALSE	ORF1ab:cds-YP_009724389.1	TCT	S	TCC	S	966
NC_045512.2	3163	T	C	2262	179	35	1	0	34	0.000441501	2265	0.875	FALSE	ORF1ab:cds-YP_009725295.1	TCT	S	TCC	S	966
NC_045512.2	3170	C	T	2343	223	37	1	1	34	0.000426439	2345	0.87508	FALSE	ORF1ab:cds-YP_009724389.1	CTT	L	TTT	F	969
NC_045512.2	3170	C	T	2343	223	37	1	1	34	0.000426439	2345	0.87508	FALSE	ORF1ab:cds-YP_009725295.1	CTT	L	TTT	F	969
NC_045512.2	3170	C	A	2343	223	37	1	0	34	0.000426439	2345	0.87508	FALSE	ORF1ab:cds-YP_009724389.1	CTT	L	ATT	I	969
NC_045512.2	3170	C	A	2343	223	37	1	0	34	0.000426439	2345	0.87508	FALSE	ORF1ab:cds-YP_009725295.1	CTT	L	ATT	I	969
NC_045512.2	3171	T	G	2347	224	36	1	0	34	0.000425894	2348	0.87516	FALSE	ORF1ab:cds-YP_009724389.1	CTT	L	CGT	R	969
NC_045512.2	3171	T	G	2347	224	36	1	0	34	0.000425894	2348	0.87516	FALSE	ORF1ab:cds-YP_009725295.1	CTT	L	CGT	R	969
NC_045512.2	3174	A	G	2311	241	37	1	1	34	0.000432526	2312	0.875162	FALSE	ORF1ab:cds-YP_009724389.1	CAA	Q	CGA	R	970
NC_045512.2	3174	A	G	2311	241	37	1	1	34	0.000432526	2312	0.875162	FALSE	ORF1ab:cds-YP_009725295.1	CAA	Q	CGA	R	970
NC_045512.2	3175	A	G	2184	244	35	1	1	68	0.000457666	2185	0.500114	FALSE	ORF1ab:cds-YP_009724389.1	CAA	Q	CAG	Q	970
NC_045512.2	3175	A	G	2184	244	35	1	1	68	0.000457666	2185	0.500114	FALSE	ORF1ab:cds-YP_009725295.1	CAA	Q	CAG	Q	970
NC_045512.2	3176	C	T	2420	251	37	1	0	34	0.000413052	2421	0.875155	FALSE	ORF1ab:cds-YP_009724389.1	CCT	P	TCT	S	971
NC_045512.2	3176	C	T	2420	251	37	1	0	34	0.000413052	2421	0.875155	FALSE	ORF1ab:cds-YP_009725295.1	CCT	P	TCT	S	971
NC_045512.2	3181	A	G	2384	263	37	1	1	24	0.000419287	2385	1	FALSE	ORF1ab:cds-YP_009724389.1	GAA	E	GAG	E	972
NC_045512.2	3181	A	G	2384	263	37	1	1	24	0.000419287	2385	1	FALSE	ORF1ab:cds-YP_009725295.1	GAA	E	GAG	E	972
NC_045512.2	3186	A	T	2358	277	37	1	0	34	0.000423908	2359	0.875159	FALSE	ORF1ab:cds-YP_009724389.1	GAG	E	GTG	V	974
NC_045512.2	3186	A	T	2358	277	37	1	0	34	0.000423908	2359	0.875159	FALSE	ORF1ab:cds-YP_009725295.1	GAG	E	GTG	V	974
NC_045512.2	3192	A	G	2294	302	37	1	0	34	0.00043573	2295	0.875163	FALSE	ORF1ab:cds-YP_009724389.1	GAA	E	GGA	G	976
NC_045512.2	3192	A	G	2294	302	37	1	0	34	0.00043573	2295	0.875163	FALSE	ORF1ab:cds-YP_009725295.1	GAA	E	GGA	G	976
NC_045512.2	3211	T	C	1674	470	37	1	0	34	0.000597015	1675	0.750224	FALSE	ORF1ab:cds-YP_009724389.1	GAT	D	GAC	D	982
NC_045512.2	3211	T	C	1674	470	37	1	0	34	0.000597015	1675	0.750224	FALSE	ORF1ab:cds-YP_009725295.1	GAT	D	GAC	D	982
NC_045512.2	3222	A	G	1520	600	37	1	1	34	0.000657462	1521	0.750247	FALSE	ORF1ab:cds-YP_009724389.1	CAA	Q	CGA	R	986
NC_045512.2	3222	A	G	1520	600	37	1	1	34	0.000657462	1521	0.750247	FALSE	ORF1ab:cds-YP_009725295.1	CAA	Q	CGA	R	986
NC_045512.2	3223	A	T	1533	608	37	1	1	26	0.00065189	1534	0.999985	FALSE	ORF1ab:cds-YP_009724389.1	CAA	Q	CAT	H	986
NC_045512.2	3223	A	T	1533	608	37	1	1	26	0.00065189	1534	0.999985	FALSE	ORF1ab:cds-YP_009725295.1	CAA	Q	CAT	H	986
NC_045512.2	3228	T	C	1481	606	37	1	1	34	0.000674764	1482	0.750253	FALSE	ORF1ab:cds-YP_009724389.1	GTT	V	GCT	A	988
NC_045512.2	3228	T	C	1481	606	37	1	1	34	0.000674764	1482	0.750253	FALSE	ORF1ab:cds-YP_009725295.1	GTT	V	GCT	A	988
NC_045512.2	3231	G	A	1507	616	37	1	0	34	0.00066313	1508	0.750249	FALSE	ORF1ab:cds-YP_009724389.1	GGT	G	GAT	D	989
NC_045512.2	3231	G	A	1507	616	37	1	0	34	0.00066313	1508	0.750249	FALSE	ORF1ab:cds-YP_009725295.1	GGT	G	GAT	D	989
NC_045512.2	3234	A	C	1446	655	37	1	1	34	0.000691085	1447	0.750259	FALSE	ORF1ab:cds-YP_009724389.1	CAA	Q	CCA	P	990
NC_045512.2	3234	A	C	1446	655	37	1	1	34	0.000691085	1447	0.750259	FALSE	ORF1ab:cds-YP_009725295.1	CAA	Q	CCA	P	990
NC_045512.2	3236	C	A	1485	699	37	1	0	34	0.000672948	1486	0.750252	FALSE	ORF1ab:cds-YP_009724389.1	CAA	Q	AAA	K	991
NC_045512.2	3236	C	A	1485	699	37	1	0	34	0.000672948	1486	0.750252	FALSE	ORF1ab:cds-YP_009725295.1	CAA	Q	AAA	K	991
NC_045512.2	3237	A	G	1457	681	37	1	0	34	0.000685401	1459	0.750086	FALSE	ORF1ab:cds-YP_009724389.1	CAA	Q	CGA	R	991
NC_045512.2	3237	A	G	1457	681	37	1	0	34	0.000685401	1459	0.750086	FALSE	ORF1ab:cds-YP_009725295.1	CAA	Q	CGA	R	991
NC_045512.2	3237	A	C	1457	681	37	1	1	34	0.000685401	1459	0.750086	FALSE	ORF1ab:cds-YP_009724389.1	CAA	Q	CCA	P	991
NC_045512.2	3237	A	C	1457	681	37	1	1	34	0.000685401	1459	0.750086	FALSE	ORF1ab:cds-YP_009725295.1	CAA	Q	CCA	P	991
NC_045512.2	3238	A	C	1509	689	37	2	2	34	0.00132363	1511	0.500248	FALSE	ORF1ab:cds-YP_009724389.1	CAA	Q	CAC	H	991
NC_045512.2	3238	A	C	1509	689	37	2	2	34	0.00132363	1511	0.500248	FALSE	ORF1ab:cds-YP_009725295.1	CAA	Q	CAC	H	991
NC_045512.2	3246	G	T	1565	746	37	1	1	34	0.00063857	1566	0.75024	FALSE	ORF1ab:cds-YP_009724389.1	AGT	S	ATT	I	994
NC_045512.2	3246	G	T	1565	746	37	1	1	34	0.00063857	1566	0.75024	FALSE	ORF1ab:cds-YP_009725295.1	AGT	S	ATT	I	994
NC_045512.2	3249	A	G	1737	969	38	2	0	34	0.00115009	1739	0.500216	FALSE	ORF1ab:cds-YP_009724389.1	GAG	E	GGG	G	995
NC_045512.2	3249	A	G	1737	969	38	2	0	34	0.00115009	1739	0.500216	FALSE	ORF1ab:cds-YP_009725295.1	GAG	E	GGG	G	995
NC_045512.2	3252	A	G	1738	957	38	1	0	68	0.000575043	1739	0.500144	FALSE	ORF1ab:cds-YP_009724389.1	GAC	D	GGC	G	996
NC_045512.2	3252	A	G	1738	957	38	1	0	68	0.000575043	1739	0.500144	FALSE	ORF1ab:cds-YP_009725295.1	GAC	D	GGC	G	996
NC_045512.2	3256	T	A	1811	990	38	1	0	34	0.000551876	1812	0.750207	FALSE	ORF1ab:cds-YP_009724389.1	AAT	N	AAA	K	997
NC_045512.2	3256	T	A	1811	990	38	1	0	34	0.000551876	1812	0.750207	FALSE	ORF1ab:cds-YP_009725295.1	AAT	N	AAA	K	997
NC_045512.2	3257	C	T	1751	986	38	28	14	37	0.0157392	1779	5.09652e-08	TRUE	ORF1ab:cds-YP_009724389.1	CAG	Q	TAG	*	998
NC_045512.2	3257	C	T	1751	986	38	28	14	37	0.0157392	1779	5.09652e-08	TRUE	ORF1ab:cds-YP_009725295.1	CAG	Q	TAG	*	998
NC_045512.2	3260	A	G	1750	970	37	1	0	34	0.000571102	1751	0.750214	FALSE	ORF1ab:cds-YP_009724389.1	ACA	T	GCA	A	999
NC_045512.2	3260	A	G	1750	970	37	1	0	34	0.000571102	1751	0.750214	FALSE	ORF1ab:cds-YP_009725295.1	ACA	T	GCA	A	999
NC_045512.2	3263	A	+T	1731	955	37	1	0	20	0.000577701	1731	0.999996	FALSE	NA	NA	NA	NA	NA	NA
NC_045512.2	3268	T	A	1691	879	37	1	0	34	0.000591017	1692	0.750222	FALSE	ORF1ab:cds-YP_009724389.1	ACT	T	ACA	T	1001
NC_045512.2	3268	T	A	1691	879	37	1	0	34	0.000591017	1692	0.750222	FALSE	ORF1ab:cds-YP_009725295.1	ACT	T	ACA	T	1001
NC_045512.2	3270	T	C	1724	918	37	1	1	34	0.00057971	1725	0.750217	FALSE	ORF1ab:cds-YP_009724389.1	ATT	I	ACT	T	1002
NC_045512.2	3270	T	C	1724	918	37	1	1	34	0.00057971	1725	0.750217	FALSE	ORF1ab:cds-YP_009725295.1	ATT	I	ACT	T	1002
NC_045512.2	3276	C	T	1902	1212	38	1	1	68	0.000525486	1903	0.500131	FALSE	ORF1ab:cds-YP_009724389.1	ACA	T	ATA	I	1004
NC_045512.2	3276	C	T	1902	1212	38	1	1	68	0.000525486	1903	0.500131	FALSE	ORF1ab:cds-YP_009725295.1	ACA	T	ATA	I	1004
NC_045512.2	3277	A	G	1868	1212	38	1	0	34	0.000535045	1869	0.750201	FALSE	ORF1ab:cds-YP_009724389.1	ACA	T	ACG	T	1004
NC_045512.2	3277	A	G	1868	1212	38	1	0	34	0.000535045	1869	0.750201	FALSE	ORF1ab:cds-YP_009725295.1	ACA	T	ACG	T	1004
NC_045512.2	3278	A	C	1855	1186	38	1	1	34	0.000538793	1856	0.750202	FALSE	ORF1ab:cds-YP_009724389.1	ATT	I	CTT	L	1005
NC_045512.2	3278	A	C	1855	1186	38	1	1	34	0.000538793	1856	0.750202	FALSE	ORF1ab:cds-YP_009725295.1	ATT	I	CTT	L	1005
NC_045512.2	3280	T	A	1847	1185	37	1	1	34	0.000541126	1848	0.750203	FALSE	ORF1ab:cds-YP_009724389.1	ATT	I	ATA	I	1005
NC_045512.2	3280	T	A	1847	1185	37	1	1	34	0.000541126	1848	0.750203	FALSE	ORF1ab:cds-YP_009725295.1	ATT	I	ATA	I	1005
NC_045512.2	3286	G	T	1940	1268	38	1	0	26	0.000515198	1941	0.999999	FALSE	ORF1ab:cds-YP_009724389.1	GAG	E	GAT	D	1007
NC_045512.2	3286	G	T	1940	1268	38	1	0	26	0.000515198	1941	0.999999	FALSE	ORF1ab:cds-YP_009725295.1	GAG	E	GAT	D	1007
NC_045512.2	3291	A	G	1943	1298	38	1	0	34	0.000514403	1944	0.750193	FALSE	ORF1ab:cds-YP_009724389.1	CAA	Q	CGA	R	1009
NC_045512.2	3291	A	G	1943	1298	38	1	0	34	0.000514403	1944	0.750193	FALSE	ORF1ab:cds-YP_009725295.1	CAA	Q	CGA	R	1009
NC_045512.2	3295	T	C	1907	1289	38	2	1	34	0.00104767	1909	0.500197	FALSE	ORF1ab:cds-YP_009724389.1	CCT	P	CCC	P	1010
NC_045512.2	3295	T	C	1907	1289	38	2	1	34	0.00104767	1909	0.500197	FALSE	ORF1ab:cds-YP_009725295.1	CCT	P	CCC	P	1010
NC_045512.2	3308	G	C	1876	1320	37	1	1	26	0.000532765	1877	0.999998	FALSE	ORF1ab:cds-YP_009724389.1	GAA	E	CAA	Q	1015
NC_045512.2	3308	G	C	1876	1320	37	1	1	26	0.000532765	1877	0.999998	FALSE	ORF1ab:cds-YP_009725295.1	GAA	E	CAA	Q	1015
NC_045512.2	3310	A	G	1941	1364	37	1	1	34	0.000514933	1942	0.750193	FALSE	ORF1ab:cds-YP_009724389.1	GAA	E	GAG	E	1015
NC_045512.2	3310	A	G	1941	1364	37	1	1	34	0.000514933	1942	0.750193	FALSE	ORF1ab:cds-YP_009725295.1	GAA	E	GAG	E	1015
NC_045512.2	3313	T	C	1911	1352	37	2	2	34	0.00104548	1913	0.500196	FALSE	ORF1ab:cds-YP_009724389.1	CTT	L	CTC	L	1016
NC_045512.2	3313	T	C	1911	1352	37	2	2	34	0.00104548	1913	0.500196	FALSE	ORF1ab:cds-YP_009725295.1	CTT	L	CTC	L	1016
NC_045512.2	3318	C	T	1883	1352	37	2	2	34	0.00106101	1885	0.500199	FALSE	ORF1ab:cds-YP_009724389.1	CCA	P	CTA	L	1018
NC_045512.2	3318	C	T	1883	1352	37	2	2	34	0.00106101	1885	0.500199	FALSE	ORF1ab:cds-YP_009725295.1	CCA	P	CTA	L	1018
NC_045512.2	3324	T	G	1867	1324	37	1	1	26	0.000535332	1868	0.999998	FALSE	ORF1ab:cds-YP_009724389.1	GTT	V	GGT	G	1020
NC_045512.2	3324	T	G	1867	1324	37	1	1	26	0.000535332	1868	0.999998	FALSE	ORF1ab:cds-YP_009725295.1	GTT	V	GGT	G	1020
NC_045512.2	3325	T	C	1899	1353	37	1	0	34	0.000526316	1900	0.750197	FALSE	ORF1ab:cds-YP_009724389.1	GTT	V	GTC	V	1020
NC_045512.2	3325	T	C	1899	1353	37	1	0	34	0.000526316	1900	0.750197	FALSE	ORF1ab:cds-YP_009725295.1	GTT	V	GTC	V	1020
NC_045512.2	3331	T	A	1745	1204	36	1	1	26	0.000572738	1746	0.999996	FALSE	ORF1ab:cds-YP_009724389.1	ACT	T	ACA	T	1022
NC_045512.2	3331	T	A	1745	1204	36	1	1	26	0.000572738	1746	0.999996	FALSE	ORF1ab:cds-YP_009725295.1	ACT	T	ACA	T	1022
NC_045512.2	3339	T	G	1622	1122	36	1	0	34	0.000616143	1623	0.750231	FALSE	ORF1ab:cds-YP_009724389.1	GTG	V	GGG	G	1025
NC_045512.2	3339	T	G	1622	1122	36	1	0	34	0.000616143	1623	0.750231	FALSE	ORF1ab:cds-YP_009725295.1	GTG	V	GGG	G	1025
NC_045512.2	3341	A	+CAACCACTG	1767	1256	37	1	0	20	0.000565931	1767	0.999996	FALSE	NA	NA	NA	NA	NA	NA
NC_045512.2	3342	A	T	1779	1266	37	1	1	34	0.000561798	1780	0.750211	FALSE	ORF1ab:cds-YP_009724389.1	AAT	N	ATT	I	1026
NC_045512.2	3342	A	T	1779	1266	37	1	1	34	0.000561798	1780	0.750211	FALSE	ORF1ab:cds-YP_009725295.1	AAT	N	ATT	I	1026
NC_045512.2	3344	A	G	1699	1256	36	1	1	34	0.000588235	1700	0.750221	FALSE	ORF1ab:cds-YP_009724389.1	AGT	S	GGT	G	1027
NC_045512.2	3344	A	G	1699	1256	36	1	1	34	0.000588235	1700	0.750221	FALSE	ORF1ab:cds-YP_009725295.1	AGT	S	GGT	G	1027
NC_045512.2	3347	T	C	1567	1086	37	2	2	34	0.0012747	1569	0.500239	FALSE	ORF1ab:cds-YP_009724389.1	TTT	F	CTT	L	1028
NC_045512.2	3347	T	C	1567	1086	37	2	2	34	0.0012747	1569	0.500239	FALSE	ORF1ab:cds-YP_009725295.1	TTT	F	CTT	L	1028
NC_045512.2	3363	A	G	1745	1432	37	1	0	60	0.000572082	1748	0.499857	FALSE	ORF1ab:cds-YP_009724389.1	AAA	K	AGA	R	1033
NC_045512.2	3363	A	G	1745	1432	37	1	0	60	0.000572082	1748	0.499857	FALSE	ORF1ab:cds-YP_009725295.1	AAA	K	AGA	R	1033
NC_045512.2	3363	A	C	1745	1432	37	2	1	30	0.00114416	1748	0.5	FALSE	ORF1ab:cds-YP_009724389.1	AAA	K	ACA	T	1033
NC_045512.2	3363	A	C	1745	1432	37	2	1	30	0.00114416	1748	0.5	FALSE	ORF1ab:cds-YP_009725295.1	AAA	K	ACA	T	1033
NC_045512.2	3365	C	-T	1800	1506	37	1	0	20	0.000555556	1800	0.999998	FALSE	NA	NA	NA	NA	NA	NA
NC_045512.2	3366	T	C	1749	1454	37	1	1	34	0.000571429	1750	0.750071	FALSE	ORF1ab:cds-YP_009724389.1	CTT	L	CCT	P	1034
NC_045512.2	3366	T	C	1749	1454	37	1	1	34	0.000571429	1750	0.750071	FALSE	ORF1ab:cds-YP_009725295.1	CTT	L	CCT	P	1034
NC_045512.2	3374	A	T	1966	1722	38	1	1	20	0.000508388	1967	0.999999	FALSE	ORF1ab:cds-YP_009724389.1	AAT	N	TAT	Y	1037
NC_045512.2	3374	A	T	1966	1722	38	1	1	20	0.000508388	1967	0.999999	FALSE	ORF1ab:cds-YP_009725295.1	AAT	N	TAT	Y	1037
NC_045512.2	3378	T	C	1752	1506	38	1	1	26	0.000570451	1753	0.999996	FALSE	ORF1ab:cds-YP_009724389.1	GTA	V	GCA	A	1038
NC_045512.2	3378	T	C	1752	1506	38	1	1	26	0.000570451	1753	0.999996	FALSE	ORF1ab:cds-YP_009725295.1	GTA	V	GCA	A	1038
NC_045512.2	3380	T	C	1806	1568	39	1	1	34	0.000553403	1807	0.750208	FALSE	ORF1ab:cds-YP_009724389.1	TAC	Y	CAC	H	1039
NC_045512.2	3380	T	C	1806	1568	39	1	1	34	0.000553403	1807	0.750208	FALSE	ORF1ab:cds-YP_009725295.1	TAC	Y	CAC	H	1039
NC_045512.2	3394	A	C	1745	1571	39	1	1	34	0.000572738	1746	0.750215	FALSE	ORF1ab:cds-YP_009724389.1	GCA	A	GCC	A	1043
NC_045512.2	3394	A	C	1745	1571	39	1	1	34	0.000572738	1746	0.750215	FALSE	ORF1ab:cds-YP_009725295.1	GCA	A	GCC	A	1043
NC_045512.2	3400	T	C	1680	1524	38	1	1	34	0.000594884	1681	0.750223	FALSE	ORF1ab:cds-YP_009724389.1	ATT	I	ATC	I	1045
NC_045512.2	3400	T	C	1680	1524	38	1	1	34	0.000594884	1681	0.750223	FALSE	ORF1ab:cds-YP_009725295.1	ATT	I	ATC	I	1045
NC_045512.2	3402	T	C	1696	1541	38	1	1	34	0.000589275	1697	0.750221	FALSE	ORF1ab:cds-YP_009724389.1	GTG	V	GCG	A	1046
NC_045512.2	3402	T	C	1696	1541	38	1	1	34	0.000589275	1697	0.750221	FALSE	ORF1ab:cds-YP_009725295.1	GTG	V	GCG	A	1046
NC_045512.2	3408	A	T	1609	1465	37	1	0	26	0.000621118	1610	0.999993	FALSE	ORF1ab:cds-YP_009724389.1	GAA	E	GTA	V	1048
NC_045512.2	3408	A	T	1609	1465	37	1	0	26	0.000621118	1610	0.999993	FALSE	ORF1ab:cds-YP_009725295.1	GAA	E	GTA	V	1048
NC_045512.2	3411	C	A	1583	1457	37	1	1	34	0.000631313	1584	0.750237	FALSE	ORF1ab:cds-YP_009724389.1	GCT	A	GAT	D	1049
NC_045512.2	3411	C	A	1583	1457	37	1	1	34	0.000631313	1584	0.750237	FALSE	ORF1ab:cds-YP_009725295.1	GCT	A	GAT	D	1049
NC_045512.2	3412	T	-A	1513	1387	37	1	0	20	0.000660939	1513	0.999985	FALSE	NA	NA	NA	NA	NA	NA
NC_045512.2	3417	A	G	2370	1508	36	1	1	34	0.000421763	2371	0.875158	FALSE	ORF1ab:cds-YP_009724389.1	AAG	K	AGG	R	1051
NC_045512.2	3417	A	G	2370	1508	36	1	1	34	0.000421763	2371	0.875158	FALSE	ORF1ab:cds-YP_009725295.1	AAG	K	AGG	R	1051
NC_045512.2	3420	T	C	2199	1295	35	1	1	34	0.000454545	2200	0.87517	FALSE	ORF1ab:cds-YP_009724389.1	GTA	V	GCA	A	1052
NC_045512.2	3420	T	C	2199	1295	35	1	1	34	0.000454545	2200	0.87517	FALSE	ORF1ab:cds-YP_009725295.1	GTA	V	GCA	A	1052
NC_045512.2	3421	A	G	2385	1473	36	1	0	34	0.000419111	2386	0.875157	FALSE	ORF1ab:cds-YP_009724389.1	GTA	V	GTG	V	1052
NC_045512.2	3421	A	G	2385	1473	36	1	0	34	0.000419111	2386	0.875157	FALSE	ORF1ab:cds-YP_009725295.1	GTA	V	GTG	V	1052
NC_045512.2	3422	A	C	2365	1454	36	1	1	26	0.000422654	2366	1	FALSE	ORF1ab:cds-YP_009724389.1	AAA	K	CAA	Q	1053
NC_045512.2	3422	A	C	2365	1454	36	1	1	26	0.000422654	2366	1	FALSE	ORF1ab:cds-YP_009725295.1	AAA	K	CAA	Q	1053
NC_045512.2	3429	C	G	2631	1498	36	1	0	26	0.000379939	2632	1	FALSE	ORF1ab:cds-YP_009724389.1	ACA	T	AGA	R	1055
NC_045512.2	3429	C	G	2631	1498	36	1	0	26	0.000379939	2632	1	FALSE	ORF1ab:cds-YP_009725295.1	ACA	T	AGA	R	1055
NC_045512.2	3434	G	T	2757	1466	35	1	1	34	0.000362582	2758	0.875136	FALSE	ORF1ab:cds-YP_009724389.1	GTT	V	TTT	F	1057
NC_045512.2	3434	G	T	2757	1466	35	1	1	34	0.000362582	2758	0.875136	FALSE	ORF1ab:cds-YP_009725295.1	GTT	V	TTT	F	1057
NC_045512.2	3437	G	T	2879	1455	35	1	1	34	0.000347222	2880	0.87513	FALSE	ORF1ab:cds-YP_009724389.1	GTT	V	TTT	F	1058
NC_045512.2	3437	G	T	2879	1455	35	1	1	34	0.000347222	2880	0.87513	FALSE	ORF1ab:cds-YP_009725295.1	GTT	V	TTT	F	1058
NC_045512.2	3440	A	G	2800	1401	35	2	0	30	0.000713776	2802	0.687701	FALSE	ORF1ab:cds-YP_009724389.1	AAT	N	GAT	D	1059
NC_045512.2	3440	A	G	2800	1401	35	2	0	30	0.000713776	2802	0.687701	FALSE	ORF1ab:cds-YP_009725295.1	AAT	N	GAT	D	1059
NC_045512.2	3441	A	T	2811	1426	35	1	1	34	0.000355366	2814	0.875	FALSE	ORF1ab:cds-YP_009724389.1	AAT	N	ATT	I	1059
NC_045512.2	3441	A	T	2811	1426	35	1	1	34	0.000355366	2814	0.875	FALSE	ORF1ab:cds-YP_009725295.1	AAT	N	ATT	I	1059
NC_045512.2	3441	A	C	2811	1426	35	2	2	26	0.000710732	2814	1	FALSE	ORF1ab:cds-YP_009724389.1	AAT	N	ACT	T	1059
NC_045512.2	3441	A	C	2811	1426	35	2	2	26	0.000710732	2814	1	FALSE	ORF1ab:cds-YP_009725295.1	AAT	N	ACT	T	1059
NC_045512.2	3443	G	C	2815	1403	35	1	1	34	0.000354988	2817	0.875067	FALSE	ORF1ab:cds-YP_009724389.1	GCA	A	CCA	P	1060
NC_045512.2	3443	G	C	2815	1403	35	1	1	34	0.000354988	2817	0.875067	FALSE	ORF1ab:cds-YP_009725295.1	GCA	A	CCA	P	1060
NC_045512.2	3443	G	A	2815	1403	35	1	1	34	0.000354988	2817	0.875067	FALSE	ORF1ab:cds-YP_009724389.1	GCA	A	ACA	T	1060
NC_045512.2	3443	G	A	2815	1403	35	1	1	34	0.000354988	2817	0.875067	FALSE	ORF1ab:cds-YP_009725295.1	GCA	A	ACA	T	1060
NC_045512.2	3444	C	T	2814	1399	35	2	1	34	0.000710227	2816	0.6877	FALSE	ORF1ab:cds-YP_009724389.1	GCA	A	GTA	V	1060
NC_045512.2	3444	C	T	2814	1399	35	2	1	34	0.000710227	2816	0.6877	FALSE	ORF1ab:cds-YP_009725295.1	GCA	A	GTA	V	1060
NC_045512.2	3446	G	A	2875	1374	35	1	0	34	0.000347705	2876	0.87513	FALSE	ORF1ab:cds-YP_009724389.1	GCC	A	ACC	T	1061
NC_045512.2	3446	G	A	2875	1374	35	1	0	34	0.000347705	2876	0.87513	FALSE	ORF1ab:cds-YP_009725295.1	GCC	A	ACC	T	1061
NC_045512.2	3449	A	G	2852	1381	36	4	4	34	0.00140056	2856	0.343832	FALSE	ORF1ab:cds-YP_009724389.1	AAT	N	GAT	D	1062
NC_045512.2	3449	A	G	2852	1381	36	4	4	34	0.00140056	2856	0.343832	FALSE	ORF1ab:cds-YP_009725295.1	AAT	N	GAT	D	1062
NC_045512.2	3453	T	G	2460	900	36	1	0	34	0.000406174	2462	0.875076	FALSE	ORF1ab:cds-YP_009724389.1	GTT	V	GGT	G	1063
NC_045512.2	3453	T	G	2460	900	36	1	0	34	0.000406174	2462	0.875076	FALSE	ORF1ab:cds-YP_009725295.1	GTT	V	GGT	G	1063
NC_045512.2	3453	T	C	2460	900	36	1	0	34	0.000406174	2462	0.875076	FALSE	ORF1ab:cds-YP_009724389.1	GTT	V	GCT	A	1063
NC_045512.2	3453	T	C	2460	900	36	1	0	34	0.000406174	2462	0.875076	FALSE	ORF1ab:cds-YP_009725295.1	GTT	V	GCT	A	1063
NC_045512.2	3455	T	C	2587	1029	37	1	0	34	0.000386399	2588	0.875145	FALSE	ORF1ab:cds-YP_009724389.1	TAC	Y	CAC	H	1064
NC_045512.2	3455	T	C	2587	1029	37	1	0	34	0.000386399	2588	0.875145	FALSE	ORF1ab:cds-YP_009725295.1	TAC	Y	CAC	H	1064
NC_045512.2	3456	A	G	2636	1021	37	1	0	34	0.000379219	2637	0.875142	FALSE	ORF1ab:cds-YP_009724389.1	TAC	Y	TGC	C	1064
NC_045512.2	3456	A	G	2636	1021	37	1	0	34	0.000379219	2637	0.875142	FALSE	ORF1ab:cds-YP_009725295.1	TAC	Y	TGC	C	1064
NC_045512.2	3459	T	G	2637	934	36	1	0	34	0.000379075	2638	0.875142	FALSE	ORF1ab:cds-YP_009724389.1	CTT	L	CGT	R	1065
NC_045512.2	3459	T	G	2637	934	36	1	0	34	0.000379075	2638	0.875142	FALSE	ORF1ab:cds-YP_009725295.1	CTT	L	CGT	R	1065
NC_045512.2	3460	T	C	2690	989	37	1	1	68	0.000371609	2691	0.500093	FALSE	ORF1ab:cds-YP_009724389.1	CTT	L	CTC	L	1065
NC_045512.2	3460	T	C	2690	989	37	1	1	68	0.000371609	2691	0.500093	FALSE	ORF1ab:cds-YP_009725295.1	CTT	L	CTC	L	1065
NC_045512.2	3463	A	T	2217	1006	36	1	1	26	0.000450857	2218	1	FALSE	ORF1ab:cds-YP_009724389.1	AAA	K	AAT	N	1066
NC_045512.2	3463	A	T	2217	1006	36	1	1	26	0.000450857	2218	1	FALSE	ORF1ab:cds-YP_009725295.1	AAA	K	AAT	N	1066
NC_045512.2	3465	A	G	2639	953	38	1	1	34	0.000378788	2640	0.875142	FALSE	ORF1ab:cds-YP_009724389.1	CAT	H	CGT	R	1067
NC_045512.2	3465	A	G	2639	953	38	1	1	34	0.000378788	2640	0.875142	FALSE	ORF1ab:cds-YP_009725295.1	CAT	H	CGT	R	1067
NC_045512.2	3466	T	A	2679	959	38	1	0	34	0.000373134	2680	0.87514	FALSE	ORF1ab:cds-YP_009724389.1	CAT	H	CAA	Q	1067
NC_045512.2	3466	T	A	2679	959	38	1	0	34	0.000373134	2680	0.87514	FALSE	ORF1ab:cds-YP_009725295.1	CAT	H	CAA	Q	1067
NC_045512.2	3468	G	T	2060	264	39	1	0	34	0.000485201	2061	0.875182	FALSE	ORF1ab:cds-YP_009724389.1	GGA	G	GTA	V	1068
NC_045512.2	3468	G	T	2060	264	39	1	0	34	0.000485201	2061	0.875182	FALSE	ORF1ab:cds-YP_009725295.1	GGA	G	GTA	V	1068
NC_045512.2	3478	T	C	2299	334	40	1	0	34	0.000434783	2300	0.875163	FALSE	ORF1ab:cds-YP_009724389.1	GTT	V	GTC	V	1071
NC_045512.2	3478	T	C	2299	334	40	1	0	34	0.000434783	2300	0.875163	FALSE	ORF1ab:cds-YP_009725295.1	GTT	V	GTC	V	1071
NC_045512.2	3479	G	T	2316	339	40	2	0	34	0.000862813	2318	0.687743	FALSE	ORF1ab:cds-YP_009724389.1	GCA	A	TCA	S	1072
NC_045512.2	3479	G	T	2316	339	40	2	0	34	0.000862813	2318	0.687743	FALSE	ORF1ab:cds-YP_009725295.1	GCA	A	TCA	S	1072
NC_045512.2	3480	C	-AGGAGCCTTAAATA	2309	337	40	1	0	20	0.000433088	2309	1	FALSE	NA	NA	NA	NA	NA	NA
NC_045512.2	3487	C	G	2476	353	40	1	0	34	0.000403714	2477	0.875076	FALSE	ORF1ab:cds-YP_009724389.1	GCC	A	GCG	A	1074
NC_045512.2	3487	C	G	2476	353	40	1	0	34	0.000403714	2477	0.875076	FALSE	ORF1ab:cds-YP_009725295.1	GCC	A	GCG	A	1074
NC_045512.2	3488	T	G	2479	351	40	1	1	34	0.000403063	2481	0.875	FALSE	ORF1ab:cds-YP_009724389.1	TTA	L	GTA	V	1075
NC_045512.2	3488	T	G	2479	351	40	1	1	34	0.000403063	2481	0.875	FALSE	ORF1ab:cds-YP_009725295.1	TTA	L	GTA	V	1075
NC_045512.2	3488	T	C	2479	351	40	1	0	24	0.000403063	2481	1	FALSE	ORF1ab:cds-YP_009724389.1	TTA	L	CTA	L	1075
NC_045512.2	3488	T	C	2479	351	40	1	0	24	0.000403063	2481	1	FALSE	ORF1ab:cds-YP_009725295.1	TTA	L	CTA	L	1075
NC_045512.2	3493	T	G	2540	366	40	2	0	34	0.000786782	2542	0.687574	FALSE	ORF1ab:cds-YP_009724389.1	AAT	N	AAG	K	1076
NC_045512.2	3493	T	G	2540	366	40	2	0	34	0.000786782	2542	0.687574	FALSE	ORF1ab:cds-YP_009725295.1	AAT	N	AAG	K	1076
NC_045512.2	3498	C	A	2455	426	39	1	1	68	0.000407166	2456	0.500102	FALSE	ORF1ab:cds-YP_009724389.1	GCT	A	GAT	D	1078
NC_045512.2	3498	C	A	2455	426	39	1	1	68	0.000407166	2456	0.500102	FALSE	ORF1ab:cds-YP_009725295.1	GCT	A	GAT	D	1078
NC_045512.2	3502	T	C	2498	457	39	1	0	34	0.00040016	2499	0.87515	FALSE	ORF1ab:cds-YP_009724389.1	ACT	T	ACC	T	1079
NC_045512.2	3502	T	C	2498	457	39	1	0	34	0.00040016	2499	0.87515	FALSE	ORF1ab:cds-YP_009725295.1	ACT	T	ACC	T	1079
NC_045512.2	3506	A	G	2503	480	40	1	0	68	0.000399361	2504	0.5001	FALSE	ORF1ab:cds-YP_009724389.1	AAT	N	GAT	D	1081
NC_045512.2	3506	A	G	2503	480	40	1	0	68	0.000399361	2504	0.5001	FALSE	ORF1ab:cds-YP_009725295.1	AAT	N	GAT	D	1081
NC_045512.2	3507	A	G	2549	488	40	1	0	34	0.000392157	2550	0.875147	FALSE	ORF1ab:cds-YP_009724389.1	AAT	N	AGT	S	1081
NC_045512.2	3507	A	G	2549	488	40	1	0	34	0.000392157	2550	0.875147	FALSE	ORF1ab:cds-YP_009725295.1	AAT	N	AGT	S	1081
NC_045512.2	3508	T	C	2521	491	40	4	1	34	0.00158416	2525	0.343843	FALSE	ORF1ab:cds-YP_009724389.1	AAT	N	AAC	N	1081
NC_045512.2	3508	T	C	2521	491	40	4	1	34	0.00158416	2525	0.343843	FALSE	ORF1ab:cds-YP_009725295.1	AAT	N	AAC	N	1081
NC_045512.2	3512	A	T	2434	509	39	2	1	68	0.000821018	2436	0.250051	FALSE	ORF1ab:cds-YP_009724389.1	ATG	M	TTG	L	1083
NC_045512.2	3512	A	T	2434	509	39	2	1	68	0.000821018	2436	0.250051	FALSE	ORF1ab:cds-YP_009725295.1	ATG	M	TTG	L	1083
NC_045512.2	3515	C	T	2457	590	40	1	0	34	0.000406669	2459	0.875076	FALSE	ORF1ab:cds-YP_009724389.1	CAA	Q	TAA	*	1084
NC_045512.2	3515	C	T	2457	590	40	1	0	34	0.000406669	2459	0.875076	FALSE	ORF1ab:cds-YP_009725295.1	CAA	Q	TAA	*	1084
NC_045512.2	3515	C	G	2457	590	40	1	0	34	0.000406669	2459	0.875076	FALSE	ORF1ab:cds-YP_009724389.1	CAA	Q	GAA	E	1084
NC_045512.2	3515	C	G	2457	590	40	1	0	34	0.000406669	2459	0.875076	FALSE	ORF1ab:cds-YP_009725295.1	CAA	Q	GAA	E	1084
NC_045512.2	3517	A	G	2513	591	40	1	0	68	0.000397614	2515	0.5	FALSE	ORF1ab:cds-YP_009724389.1	CAA	Q	CAG	Q	1084
NC_045512.2	3517	A	G	2513	591	40	1	0	68	0.000397614	2515	0.5	FALSE	ORF1ab:cds-YP_009725295.1	CAA	Q	CAG	Q	1084
NC_045512.2	3517	A	C	2513	591	40	1	1	26	0.000397614	2515	1	FALSE	ORF1ab:cds-YP_009724389.1	CAA	Q	CAC	H	1084
NC_045512.2	3517	A	C	2513	591	40	1	1	26	0.000397614	2515	1	FALSE	ORF1ab:cds-YP_009725295.1	CAA	Q	CAC	H	1084
NC_045512.2	3523	A	G	2439	617	40	1	0	26	0.000409836	2440	1	FALSE	ORF1ab:cds-YP_009724389.1	GAA	E	GAG	E	1086
NC_045512.2	3523	A	G	2439	617	40	1	0	26	0.000409836	2440	1	FALSE	ORF1ab:cds-YP_009725295.1	GAA	E	GAG	E	1086
NC_045512.2	3525	C	A	2336	658	40	1	1	34	0.000427899	2337	0.87516	FALSE	ORF1ab:cds-YP_009724389.1	TCT	S	TAT	Y	1087
NC_045512.2	3525	C	A	2336	658	40	1	1	34	0.000427899	2337	0.87516	FALSE	ORF1ab:cds-YP_009725295.1	TCT	S	TAT	Y	1087
NC_045512.2	3533	T	C	2378	677	39	1	0	34	0.000420345	2379	0.875158	FALSE	ORF1ab:cds-YP_009724389.1	TAC	Y	CAC	H	1090
NC_045512.2	3533	T	C	2378	677	39	1	0	34	0.000420345	2379	0.875158	FALSE	ORF1ab:cds-YP_009725295.1	TAC	Y	CAC	H	1090
NC_045512.2	3537	T	G	2284	725	39	1	0	34	0.000437637	2285	0.875164	FALSE	ORF1ab:cds-YP_009724389.1	ATA	I	AGA	R	1091
NC_045512.2	3537	T	G	2284	725	39	1	0	34	0.000437637	2285	0.875164	FALSE	ORF1ab:cds-YP_009725295.1	ATA	I	AGA	R	1091
NC_045512.2	3541	T	C	2361	699	38	2	0	51	0.000846382	2363	0.250053	FALSE	ORF1ab:cds-YP_009724389.1	GCT	A	GCC	A	1092
NC_045512.2	3541	T	C	2361	699	38	2	0	51	0.000846382	2363	0.250053	FALSE	ORF1ab:cds-YP_009725295.1	GCT	A	GCC	A	1092
NC_045512.2	3543	C	A	2450	710	38	1	1	26	0.000407997	2451	1	FALSE	ORF1ab:cds-YP_009724389.1	ACT	T	AAT	N	1093
NC_045512.2	3543	C	A	2450	710	38	1	1	26	0.000407997	2451	1	FALSE	ORF1ab:cds-YP_009725295.1	ACT	T	AAT	N	1093
NC_045512.2	3545	A	T	2452	710	38	1	0	26	0.000407332	2455	1	FALSE	ORF1ab:cds-YP_009724389.1	AAT	N	TAT	Y	1094
NC_045512.2	3545	A	T	2452	710	38	1	0	26	0.000407332	2455	1	FALSE	ORF1ab:cds-YP_009725295.1	AAT	N	TAT	Y	1094
NC_045512.2	3545	A	G	2452	710	38	1	0	34	0.000407332	2455	0.875	FALSE	ORF1ab:cds-YP_009724389.1	AAT	N	GAT	D	1094
NC_045512.2	3545	A	G	2452	710	38	1	0	34	0.000407332	2455	0.875	FALSE	ORF1ab:cds-YP_009725295.1	AAT	N	GAT	D	1094
NC_045512.2	3545	A	C	2452	710	38	1	0	34	0.000407332	2455	0.875	FALSE	ORF1ab:cds-YP_009724389.1	AAT	N	CAT	H	1094
NC_045512.2	3545	A	C	2452	710	38	1	0	34	0.000407332	2455	0.875	FALSE	ORF1ab:cds-YP_009725295.1	AAT	N	CAT	H	1094
NC_045512.2	3547	T	C	2399	754	38	1	1	68	0.000416667	2400	0.500104	FALSE	ORF1ab:cds-YP_009724389.1	AAT	N	AAC	N	1094
NC_045512.2	3547	T	C	2399	754	38	1	1	68	0.000416667	2400	0.500104	FALSE	ORF1ab:cds-YP_009725295.1	AAT	N	AAC	N	1094
NC_045512.2	3549	G	T	2344	701	38	1	0	26	0.000426439	2345	1	FALSE	ORF1ab:cds-YP_009724389.1	GGA	G	GTA	V	1095
NC_045512.2	3549	G	T	2344	701	38	1	0	26	0.000426439	2345	1	FALSE	ORF1ab:cds-YP_009725295.1	GGA	G	GTA	V	1095
NC_045512.2	3555	T	C	2436	670	37	2	0	34	0.000820345	2438	0.687731	FALSE	ORF1ab:cds-YP_009724389.1	CTT	L	CCT	P	1097
NC_045512.2	3555	T	C	2436	670	37	2	0	34	0.000820345	2438	0.687731	FALSE	ORF1ab:cds-YP_009725295.1	CTT	L	CCT	P	1097
NC_045512.2	3561	T	A	2263	646	37	1	0	26	0.000441696	2264	1	FALSE	ORF1ab:cds-YP_009724389.1	GTG	V	GAG	E	1099
NC_045512.2	3561	T	A	2263	646	37	1	0	26	0.000441696	2264	1	FALSE	ORF1ab:cds-YP_009725295.1	GTG	V	GAG	E	1099
NC_045512.2	3563	G	A	2292	631	37	1	1	34	0.00043611	2293	0.875164	FALSE	ORF1ab:cds-YP_009724389.1	GGT	G	AGT	S	1100
NC_045512.2	3563	G	A	2292	631	37	1	1	34	0.00043611	2293	0.875164	FALSE	ORF1ab:cds-YP_009725295.1	GGT	G	AGT	S	1100
NC_045512.2	3566	G	A	2364	807	39	1	1	68	0.000422833	2365	0.500106	FALSE	ORF1ab:cds-YP_009724389.1	GGT	G	AGT	S	1101
NC_045512.2	3566	G	A	2364	807	39	1	1	68	0.000422833	2365	0.500106	FALSE	ORF1ab:cds-YP_009725295.1	GGT	G	AGT	S	1101
NC_045512.2	3571	T	A	2330	814	38	1	0	34	0.000429	2331	0.875161	FALSE	ORF1ab:cds-YP_009724389.1	AGT	S	AGA	R	1102
NC_045512.2	3571	T	A	2330	814	38	1	0	34	0.000429	2331	0.875161	FALSE	ORF1ab:cds-YP_009725295.1	AGT	S	AGA	R	1102
NC_045512.2	3572	T	C	2291	805	38	3	2	42	0.00130776	2294	0.125	FALSE	ORF1ab:cds-YP_009724389.1	TGT	C	CGT	R	1103
NC_045512.2	3572	T	C	2291	805	38	3	2	42	0.00130776	2294	0.125	FALSE	ORF1ab:cds-YP_009725295.1	TGT	C	CGT	R	1103
NC_045512.2	3573	G	T	2341	809	38	1	0	26	0.000426985	2342	1	FALSE	ORF1ab:cds-YP_009724389.1	TGT	C	TTT	F	1103
NC_045512.2	3573	G	T	2341	809	38	1	0	26	0.000426985	2342	1	FALSE	ORF1ab:cds-YP_009725295.1	TGT	C	TTT	F	1103
NC_045512.2	3574	T	C	2272	769	38	1	1	27	0.000439947	2273	1	FALSE	ORF1ab:cds-YP_009724389.1	TGT	C	TGC	C	1103
NC_045512.2	3574	T	C	2272	769	38	1	1	27	0.000439947	2273	1	FALSE	ORF1ab:cds-YP_009725295.1	TGT	C	TGC	C	1103
NC_045512.2	3577	T	C	2208	758	37	2	0	34	0.000904977	2210	0.687755	FALSE	ORF1ab:cds-YP_009724389.1	GTT	V	GTC	V	1104
NC_045512.2	3577	T	C	2208	758	37	2	0	34	0.000904977	2210	0.687755	FALSE	ORF1ab:cds-YP_009725295.1	GTT	V	GTC	V	1104
NC_045512.2	3578	T	C	2218	777	38	1	1	34	0.000450653	2219	0.875169	FALSE	ORF1ab:cds-YP_009724389.1	TTA	L	CTA	L	1105
NC_045512.2	3578	T	C	2218	777	38	1	1	34	0.000450653	2219	0.875169	FALSE	ORF1ab:cds-YP_009725295.1	TTA	L	CTA	L	1105
NC_045512.2	3583	C	T	2196	784	38	2	1	51	0.000909504	2199	0.249943	FALSE	ORF1ab:cds-YP_009724389.1	AGC	S	AGT	S	1106
NC_045512.2	3583	C	T	2196	784	38	2	1	51	0.000909504	2199	0.249943	FALSE	ORF1ab:cds-YP_009725295.1	AGC	S	AGT	S	1106
NC_045512.2	3583	C	G	2196	784	38	1	0	34	0.000454752	2199	0.875	FALSE	ORF1ab:cds-YP_009724389.1	AGC	S	AGG	R	1106
NC_045512.2	3583	C	G	2196	784	38	1	0	34	0.000454752	2199	0.875	FALSE	ORF1ab:cds-YP_009725295.1	AGC	S	AGG	R	1106
NC_045512.2	3600	A	T	2119	887	37	1	1	26	0.000471698	2120	1	FALSE	ORF1ab:cds-YP_009724389.1	AAA	K	ATA	I	1112
NC_045512.2	3600	A	T	2119	887	37	1	1	26	0.000471698	2120	1	FALSE	ORF1ab:cds-YP_009725295.1	AAA	K	ATA	I	1112
NC_045512.2	3604	C	A	2018	923	37	1	1	26	0.000495295	2019	1	FALSE	ORF1ab:cds-YP_009724389.1	CAC	H	CAA	Q	1113
NC_045512.2	3604	C	A	2018	923	37	1	1	26	0.000495295	2019	1	FALSE	ORF1ab:cds-YP_009725295.1	CAC	H	CAA	Q	1113
NC_045512.2	3605	T	G	1904	826	36	2	0	30	0.00104767	1909	0.499607	FALSE	ORF1ab:cds-YP_009724389.1	TGT	C	GGT	G	1114
NC_045512.2	3605	T	G	1904	826	36	2	0	30	0.00104767	1909	0.499607	FALSE	ORF1ab:cds-YP_009725295.1	TGT	C	GGT	G	1114
NC_045512.2	3605	T	C	1904	826	36	3	1	31	0.0015715	1909	0.312205	FALSE	ORF1ab:cds-YP_009724389.1	TGT	C	CGT	R	1114
NC_045512.2	3605	T	C	1904	826	36	3	1	31	0.0015715	1909	0.312205	FALSE	ORF1ab:cds-YP_009725295.1	TGT	C	CGT	R	1114
NC_045512.2	3606	G	A	2083	890	37	1	1	34	0.000479846	2084	0.87518	FALSE	ORF1ab:cds-YP_009724389.1	TGT	C	TAT	Y	1114
NC_045512.2	3606	G	A	2083	890	37	1	1	34	0.000479846	2084	0.87518	FALSE	ORF1ab:cds-YP_009725295.1	TGT	C	TAT	Y	1114
NC_045512.2	3607	T	C	2026	830	36	1	0	34	0.00049334	2027	0.875185	FALSE	ORF1ab:cds-YP_009724389.1	TGT	C	TGC	C	1114
NC_045512.2	3607	T	C	2026	830	36	1	0	34	0.00049334	2027	0.875185	FALSE	ORF1ab:cds-YP_009725295.1	TGT	C	TGC	C	1114
NC_045512.2	3609	T	C	2063	853	37	1	1	34	0.000484496	2064	0.875182	FALSE	ORF1ab:cds-YP_009724389.1	CTT	L	CCT	P	1115
NC_045512.2	3609	T	C	2063	853	37	1	1	34	0.000484496	2064	0.875182	FALSE	ORF1ab:cds-YP_009725295.1	CTT	L	CCT	P	1115
NC_045512.2	3613	T	C	2098	898	37	1	1	34	0.000476417	2099	0.875179	FALSE	ORF1ab:cds-YP_009724389.1	CAT	H	CAC	H	1116
NC_045512.2	3613	T	C	2098	898	37	1	1	34	0.000476417	2099	0.875179	FALSE	ORF1ab:cds-YP_009725295.1	CAT	H	CAC	H	1116
NC_045512.2	3616	T	A	2065	950	37	2	2	44	0.000967586	2067	0.25006	FALSE	ORF1ab:cds-YP_009724389.1	GTT	V	GTA	V	1117
NC_045512.2	3616	T	A	2065	950	37	2	2	44	0.000967586	2067	0.25006	FALSE	ORF1ab:cds-YP_009725295.1	GTT	V	GTA	V	1117
NC_045512.2	3618	T	C	2150	1071	38	1	0	34	0.0004649	2151	0.875174	FALSE	ORF1ab:cds-YP_009724389.1	GTC	V	GCC	A	1118
NC_045512.2	3618	T	C	2150	1071	38	1	0	34	0.0004649	2151	0.875174	FALSE	ORF1ab:cds-YP_009725295.1	GTC	V	GCC	A	1118
NC_045512.2	3619	C	T	2155	1065	38	2	0	51	0.000927214	2157	0.250058	FALSE	ORF1ab:cds-YP_009724389.1	GTC	V	GTT	V	1118
NC_045512.2	3619	C	T	2155	1065	38	2	0	51	0.000927214	2157	0.250058	FALSE	ORF1ab:cds-YP_009725295.1	GTC	V	GTT	V	1118
NC_045512.2	3621	G	A	2181	1061	38	1	1	34	0.000458295	2182	0.875172	FALSE	ORF1ab:cds-YP_009724389.1	GGC	G	GAC	D	1119
NC_045512.2	3621	G	A	2181	1061	38	1	1	34	0.000458295	2182	0.875172	FALSE	ORF1ab:cds-YP_009725295.1	GGC	G	GAC	D	1119
NC_045512.2	3622	C	A	2162	1060	38	1	1	34	0.000462321	2163	0.875173	FALSE	ORF1ab:cds-YP_009724389.1	GGC	G	GGA	G	1119
NC_045512.2	3622	C	A	2162	1060	38	1	1	34	0.000462321	2163	0.875173	FALSE	ORF1ab:cds-YP_009725295.1	GGC	G	GGA	G	1119
NC_045512.2	3623	C	T	2153	1057	38	1	1	26	0.000464253	2154	1	FALSE	ORF1ab:cds-YP_009724389.1	CCA	P	TCA	S	1120
NC_045512.2	3623	C	T	2153	1057	38	1	1	26	0.000464253	2154	1	FALSE	ORF1ab:cds-YP_009725295.1	CCA	P	TCA	S	1120
NC_045512.2	3625	A	G	2136	1046	38	1	1	34	0.000467946	2137	0.875176	FALSE	ORF1ab:cds-YP_009724389.1	CCA	P	CCG	P	1120
NC_045512.2	3625	A	G	2136	1046	38	1	1	34	0.000467946	2137	0.875176	FALSE	ORF1ab:cds-YP_009725295.1	CCA	P	CCG	P	1120
NC_045512.2	3627	A	G	2159	1057	38	1	1	34	0.000462963	2160	0.875174	FALSE	ORF1ab:cds-YP_009724389.1	AAT	N	AGT	S	1121
NC_045512.2	3627	A	G	2159	1057	38	1	1	34	0.000462963	2160	0.875174	FALSE	ORF1ab:cds-YP_009725295.1	AAT	N	AGT	S	1121
NC_045512.2	3632	A	G	2123	1102	38	1	1	68	0.00047081	2124	0.500118	FALSE	ORF1ab:cds-YP_009724389.1	AAC	N	GAC	D	1123
NC_045512.2	3632	A	G	2123	1102	38	1	1	68	0.00047081	2124	0.500118	FALSE	ORF1ab:cds-YP_009725295.1	AAC	N	GAC	D	1123
NC_045512.2	3633	A	C	2043	1107	37	1	1	26	0.000489237	2044	1	FALSE	ORF1ab:cds-YP_009724389.1	AAC	N	ACC	T	1123
NC_045512.2	3633	A	C	2043	1107	37	1	1	26	0.000489237	2044	1	FALSE	ORF1ab:cds-YP_009725295.1	AAC	N	ACC	T	1123
NC_045512.2	3636	A	G	2064	1087	38	1	0	34	0.000484262	2065	0.875182	FALSE	ORF1ab:cds-YP_009724389.1	AAA	K	AGA	R	1124
NC_045512.2	3636	A	G	2064	1087	38	1	0	34	0.000484262	2065	0.875182	FALSE	ORF1ab:cds-YP_009725295.1	AAA	K	AGA	R	1124
NC_045512.2	3642	A	G	2058	1149	38	1	1	34	0.000485673	2059	0.875182	FALSE	ORF1ab:cds-YP_009724389.1	GAA	E	GGA	G	1126
NC_045512.2	3642	A	G	2058	1149	38	1	1	34	0.000485673	2059	0.875182	FALSE	ORF1ab:cds-YP_009725295.1	GAA	E	GGA	G	1126
NC_045512.2	3643	A	G	2042	1166	38	1	0	68	0.000489476	2043	0.500122	FALSE	ORF1ab:cds-YP_009724389.1	GAA	E	GAG	E	1126
NC_045512.2	3643	A	G	2042	1166	38	1	0	68	0.000489476	2043	0.500122	FALSE	ORF1ab:cds-YP_009725295.1	GAA	E	GAG	E	1126
NC_045512.2	3663	G	A	2365	1744	38	1	1	34	0.000422654	2366	0.875159	FALSE	ORF1ab:cds-YP_009724389.1	AGT	S	AAT	N	1133
NC_045512.2	3663	G	A	2365	1744	38	1	1	34	0.000422654	2366	0.875159	FALSE	ORF1ab:cds-YP_009725295.1	AGT	S	AAT	N	1133
NC_045512.2	3676	T	C	2700	2290	39	2	0	34	0.000740192	2702	0.687708	FALSE	ORF1ab:cds-YP_009724389.1	AAT	N	AAC	N	1137
NC_045512.2	3676	T	C	2700	2290	39	2	0	34	0.000740192	2702	0.687708	FALSE	ORF1ab:cds-YP_009725295.1	AAT	N	AAC	N	1137
NC_045512.2	3680	A	G	2770	2371	39	2	1	68	0.000721241	2773	0.249955	FALSE	ORF1ab:cds-YP_009724389.1	AAT	N	GAT	D	1139
NC_045512.2	3680	A	G	2770	2371	39	2	1	68	0.000721241	2773	0.249955	FALSE	ORF1ab:cds-YP_009725295.1	AAT	N	GAT	D	1139
NC_045512.2	3680	A	C	2770	2371	39	1	1	27	0.00036062	2773	1	FALSE	ORF1ab:cds-YP_009724389.1	AAT	N	CAT	H	1139
NC_045512.2	3680	A	C	2770	2371	39	1	1	27	0.00036062	2773	1	FALSE	ORF1ab:cds-YP_009725295.1	AAT	N	CAT	H	1139
NC_045512.2	3684	A	G	2752	2369	39	1	1	34	0.000362845	2756	0.874932	FALSE	ORF1ab:cds-YP_009724389.1	CAG	Q	CGG	R	1140
NC_045512.2	3684	A	G	2752	2369	39	1	1	34	0.000362845	2756	0.874932	FALSE	ORF1ab:cds-YP_009725295.1	CAG	Q	CGG	R	1140
NC_045512.2	3684	A	C	2752	2369	39	3	3	26	0.00108853	2756	1	FALSE	ORF1ab:cds-YP_009724389.1	CAG	Q	CCG	P	1140
NC_045512.2	3684	A	C	2752	2369	39	3	3	26	0.00108853	2756	1	FALSE	ORF1ab:cds-YP_009725295.1	CAG	Q	CCG	P	1140
NC_045512.2	3685	G	A	2741	2362	39	1	1	34	0.000364697	2742	0.875137	FALSE	ORF1ab:cds-YP_009724389.1	CAG	Q	CAA	Q	1140
NC_045512.2	3685	G	A	2741	2362	39	1	1	34	0.000364697	2742	0.875137	FALSE	ORF1ab:cds-YP_009725295.1	CAG	Q	CAA	Q	1140
NC_045512.2	3690	A	T	2698	2358	38	1	1	26	0.000370508	2699	1	FALSE	ORF1ab:cds-YP_009724389.1	GAA	E	GTA	V	1142
NC_045512.2	3690	A	T	2698	2358	38	1	1	26	0.000370508	2699	1	FALSE	ORF1ab:cds-YP_009725295.1	GAA	E	GTA	V	1142
NC_045512.2	3699	T	G	2684	2420	38	1	1	34	0.000372439	2685	0.87514	FALSE	ORF1ab:cds-YP_009724389.1	CTT	L	CGT	R	1145
NC_045512.2	3699	T	G	2684	2420	38	1	1	34	0.000372439	2685	0.87514	FALSE	ORF1ab:cds-YP_009725295.1	CTT	L	CGT	R	1145
NC_045512.2	3707	T	C	2478	2289	36	1	0	68	0.000403388	2479	0.500101	FALSE	ORF1ab:cds-YP_009724389.1	TTA	L	CTA	L	1148
NC_045512.2	3707	T	C	2478	2289	36	1	0	68	0.000403388	2479	0.500101	FALSE	ORF1ab:cds-YP_009725295.1	TTA	L	CTA	L	1148
NC_045512.2	3713	T	G	2449	2245	36	1	1	34	0.000407997	2451	0.875077	FALSE	ORF1ab:cds-YP_009724389.1	TCA	S	GCA	A	1150
NC_045512.2	3713	T	G	2449	2245	36	1	1	34	0.000407997	2451	0.875077	FALSE	ORF1ab:cds-YP_009725295.1	TCA	S	GCA	A	1150
NC_045512.2	3713	T	C	2449	2245	36	1	1	26	0.000407997	2451	1	FALSE	ORF1ab:cds-YP_009724389.1	TCA	S	CCA	P	1150
NC_045512.2	3713	T	C	2449	2245	36	1	1	26	0.000407997	2451	1	FALSE	ORF1ab:cds-YP_009725295.1	TCA	S	CCA	P	1150
NC_045512.2	3714	C	A	2438	2235	36	1	1	26	0.000410004	2439	1	FALSE	ORF1ab:cds-YP_009724389.1	TCA	S	TAA	*	1150
NC_045512.2	3714	C	A	2438	2235	36	1	1	26	0.000410004	2439	1	FALSE	ORF1ab:cds-YP_009725295.1	TCA	S	TAA	*	1150
NC_045512.2	3720	G	A	2084	1871	36	1	1	34	0.000479616	2085	0.87518	FALSE	ORF1ab:cds-YP_009724389.1	GGT	G	GAT	D	1152
NC_045512.2	3720	G	A	2084	1871	36	1	1	34	0.000479616	2085	0.87518	FALSE	ORF1ab:cds-YP_009725295.1	GGT	G	GAT	D	1152
NC_045512.2	3722	A	-T	2105	1907	36	2	0	20	0.000950119	2105	0.999997	FALSE	NA	NA	NA	NA	NA	NA
NC_045512.2	3722	A	+T	2105	1907	36	29	0	20	0.0137767	2105	0.172261	FALSE	NA	NA	NA	NA	NA	NA
NC_045512.2	3727	T	C	2069	1875	36	1	1	34	0.000483092	2070	0.875181	FALSE	ORF1ab:cds-YP_009724389.1	TTT	F	TTC	F	1154
NC_045512.2	3727	T	C	2069	1875	36	1	1	34	0.000483092	2070	0.875181	FALSE	ORF1ab:cds-YP_009725295.1	TTT	F	TTC	F	1154
NC_045512.2	3734	G	C	2036	1847	36	1	1	34	0.000490918	2037	0.875184	FALSE	ORF1ab:cds-YP_009724389.1	GAC	D	CAC	H	1157
NC_045512.2	3734	G	C	2036	1847	36	1	1	34	0.000490918	2037	0.875184	FALSE	ORF1ab:cds-YP_009725295.1	GAC	D	CAC	H	1157
NC_045512.2	3738	C	T	1945	1785	35	1	1	26	0.000513875	1946	0.999999	FALSE	ORF1ab:cds-YP_009724389.1	CCT	P	CTT	L	1158
NC_045512.2	3738	C	T	1945	1785	35	1	1	26	0.000513875	1946	0.999999	FALSE	ORF1ab:cds-YP_009725295.1	CCT	P	CTT	L	1158
NC_045512.2	3739	T	C	1923	1765	35	1	1	34	0.000519751	1924	0.750195	FALSE	ORF1ab:cds-YP_009724389.1	CCT	P	CCC	P	1158
NC_045512.2	3739	T	C	1923	1765	35	1	1	34	0.000519751	1924	0.750195	FALSE	ORF1ab:cds-YP_009725295.1	CCT	P	CCC	P	1158
NC_045512.2	3740	A	C	1936	1778	35	1	1	26	0.000516262	1937	0.999999	FALSE	ORF1ab:cds-YP_009724389.1	ATA	I	CTA	L	1159
NC_045512.2	3740	A	C	1936	1778	35	1	1	26	0.000516262	1937	0.999999	FALSE	ORF1ab:cds-YP_009725295.1	ATA	I	CTA	L	1159
NC_045512.2	3743	C	A	1925	1767	35	1	1	34	0.000519211	1926	0.750195	FALSE	ORF1ab:cds-YP_009724389.1	CAT	H	AAT	N	1160
NC_045512.2	3743	C	A	1925	1767	35	1	1	34	0.000519211	1926	0.750195	FALSE	ORF1ab:cds-YP_009725295.1	CAT	H	AAT	N	1160
NC_045512.2	3755	G	C	1353	1239	34	1	1	26	0.000738552	1354	0.999941	FALSE	ORF1ab:cds-YP_009724389.1	GTT	V	CTT	L	1164
NC_045512.2	3755	G	C	1353	1239	34	1	1	26	0.000738552	1354	0.999941	FALSE	ORF1ab:cds-YP_009725295.1	GTT	V	CTT	L	1164
NC_045512.2	3756	T	G	293	219	30	1	1	34	0.00340136	294	0.500852	FALSE	ORF1ab:cds-YP_009724389.1	GTT	V	GGT	G	1164
NC_045512.2	3756	T	G	293	219	30	1	1	34	0.00340136	294	0.500852	FALSE	ORF1ab:cds-YP_009725295.1	GTT	V	GGT	G	1164
NC_045512.2	3777	C	A	91	5	36	1	0	34	0.0108696	92	0.502732	FALSE	ORF1ab:cds-YP_009724389.1	ACA	T	AAA	K	1171
NC_045512.2	3777	C	A	91	5	36	1	0	34	0.0108696	92	0.502732	FALSE	ORF1ab:cds-YP_009725295.1	ACA	T	AAA	K	1171
NC_045512.2	3784	C	T	123	5	35	44	0	34	0.263473	167	2.49138e-15	TRUE	ORF1ab:cds-YP_009724389.1	GTC	V	GTT	V	1173
NC_045512.2	3784	C	T	123	5	35	44	0	34	0.263473	167	2.49138e-15	TRUE	ORF1ab:cds-YP_009725295.1	GTC	V	GTT	V	1173
NC_045512.2	3790	A	G	169	5	34	1	0	34	0.00588235	170	0.501475	FALSE	ORF1ab:cds-YP_009724389.1	TTA	L	TTG	L	1175
NC_045512.2	3790	A	G	169	5	34	1	0	34	0.00588235	170	0.501475	FALSE	ORF1ab:cds-YP_009725295.1	TTA	L	TTG	L	1175
NC_045512.2	3862	T	A	146	36	36	1	0	34	0.00680272	147	0.501706	FALSE	ORF1ab:cds-YP_009724389.1	GTT	V	GTA	V	1199
NC_045512.2	3862	T	A	146	36	36	1	0	34	0.00680272	147	0.501706	FALSE	ORF1ab:cds-YP_009725295.1	GTT	V	GTA	V	1199
NC_045512.2	3875	G	C	135	34	37	1	1	34	0.00735294	136	0.501845	FALSE	ORF1ab:cds-YP_009724389.1	GCT	A	CCT	P	1204
NC_045512.2	3875	G	C	135	34	37	1	1	34	0.00735294	136	0.501845	FALSE	ORF1ab:cds-YP_009725295.1	GCT	A	CCT	P	1204
NC_045512.2	3901	G	A	63	44	36	30	18	34	0.322581	93	6.77808e-11	TRUE	ORF1ab:cds-YP_009724389.1	AAG	K	AAA	K	1212
NC_045512.2	3901	G	A	63	44	36	30	18	34	0.322581	93	6.77808e-11	TRUE	ORF1ab:cds-YP_009725295.1	AAG	K	AAA	K	1212
NC_045512.2	3905	T	C	98	62	36	2	2	34	0.02	100	0.251256	FALSE	ORF1ab:cds-YP_009724389.1	TTT	F	CTT	L	1214
NC_045512.2	3905	T	C	98	62	36	2	2	34	0.02	100	0.251256	FALSE	ORF1ab:cds-YP_009725295.1	TTT	F	CTT	L	1214
NC_045512.2	3962	A	T	123	86	37	1	1	34	0.00806452	124	0.502024	FALSE	ORF1ab:cds-YP_009724389.1	AAA	K	TAA	*	1233
NC_045512.2	3962	A	T	123	86	37	1	1	34	0.00806452	124	0.502024	FALSE	ORF1ab:cds-YP_009725295.1	AAA	K	TAA	*	1233
NC_045512.2	4029	T	C	186	132	36	1	1	26	0.00534759	187	0.752011	FALSE	ORF1ab:cds-YP_009724389.1	CTT	L	CCT	P	1255
NC_045512.2	4029	T	C	186	132	36	1	1	26	0.00534759	187	0.752011	FALSE	ORF1ab:cds-YP_009725295.1	CTT	L	CCT	P	1255
NC_045512.2	4057	T	-C	208	127	37	1	0	20	0.00480769	208	0.877693	FALSE	NA	NA	NA	NA	NA	NA
NC_045512.2	4064	T	C	87	12	39	1	0	34	0.0113636	88	0.502857	FALSE	ORF1ab:cds-YP_009724389.1	TCT	S	CCT	P	1267
NC_045512.2	4064	T	C	87	12	39	1	0	34	0.0113636	88	0.502857	FALSE	ORF1ab:cds-YP_009725295.1	TCT	S	CCT	P	1267
NC_045512.2	4098	T	G	119	22	40	1	0	34	0.00833333	120	0.502092	FALSE	ORF1ab:cds-YP_009724389.1	TTC	F	TGC	C	1278
NC_045512.2	4098	T	G	119	22	40	1	0	34	0.00833333	120	0.502092	FALSE	ORF1ab:cds-YP_009725295.1	TTC	F	TGC	C	1278
NC_045512.2	4184	G	A	0	0	0	180	76	41	1	180	2.02649e-107	TRUE	ORF1ab:cds-YP_009724389.1	GGT	G	AGT	S	1307
NC_045512.2	4184	G	A	0	0	0	180	76	41	1	180	2.02649e-107	TRUE	ORF1ab:cds-YP_009725295.1	GGT	G	AGT	S	1307
NC_045512.2	4195	T	G	190	95	44	1	1	26	0.0052356	191	0.751969	FALSE	ORF1ab:cds-YP_009724389.1	ACT	T	ACG	T	1310
NC_045512.2	4195	T	G	190	95	44	1	1	26	0.0052356	191	0.751969	FALSE	ORF1ab:cds-YP_009725295.1	ACT	T	ACG	T	1310
NC_045512.2	4246	C	T	156	126	41	1	1	34	0.00636943	157	0.501597	FALSE	ORF1ab:cds-YP_009724389.1	ACC	T	ACT	T	1327
NC_045512.2	4246	C	T	156	126	41	1	1	34	0.00636943	157	0.501597	FALSE	ORF1ab:cds-YP_009725295.1	ACC	T	ACT	T	1327
NC_045512.2	4277	A	G	161	139	38	1	1	68	0.00617284	162	0.501548	FALSE	ORF1ab:cds-YP_009724389.1	ACT	T	GCT	A	1338
NC_045512.2	4277	A	G	161	139	38	1	1	68	0.00617284	162	0.501548	FALSE	ORF1ab:cds-YP_009725295.1	ACT	T	GCT	A	1338
NC_045512.2	4321	C	T	0	0	0	88	78	41	1	88	3.47683e-52	TRUE	ORF1ab:cds-YP_009724389.1	GCC	A	GCT	A	1352
NC_045512.2	4321	C	T	0	0	0	88	78	41	1	88	3.47683e-52	TRUE	ORF1ab:cds-YP_009725295.1	GCC	A	GCT	A	1352
NC_045512.2	4654	T	C	1127	43	34	1	0	34	0.000886525	1128	0.750333	FALSE	ORF1ab:cds-YP_009724389.1	GCT	A	GCC	A	1463
NC_045512.2	4654	T	C	1127	43	34	1	0	34	0.000886525	1128	0.750333	FALSE	ORF1ab:cds-YP_009725295.1	GCT	A	GCC	A	1463
NC_045512.2	4657	G	T	4357	73	34	6	0	32	0.0013752	4363	0.377024	FALSE	ORF1ab:cds-YP_009724389.1	CGG	R	CGT	R	1464
NC_045512.2	4657	G	T	4357	73	34	6	0	32	0.0013752	4363	0.377024	FALSE	ORF1ab:cds-YP_009725295.1	CGG	R	CGT	R	1464
NC_045512.2	4662	T	G	4725	107	34	1	0	26	0.000211595	4726	1	FALSE	ORF1ab:cds-YP_009724389.1	ATG	M	AGG	R	1466
NC_045512.2	4662	T	G	4725	107	34	1	0	26	0.000211595	4726	1	FALSE	ORF1ab:cds-YP_009725295.1	ATG	M	AGG	R	1466
NC_045512.2	4663	G	A	4781	108	34	1	0	34	0.000209118	4782	0.968799	FALSE	ORF1ab:cds-YP_009724389.1	ATG	M	ATA	I	1466
NC_045512.2	4663	G	A	4781	108	34	1	0	34	0.000209118	4782	0.968799	FALSE	ORF1ab:cds-YP_009725295.1	ATG	M	ATA	I	1466
NC_045512.2	4664	A	G	4758	111	34	1	0	34	0.000210128	4759	0.968799	FALSE	ORF1ab:cds-YP_009724389.1	AGA	R	GGA	G	1467
NC_045512.2	4664	A	G	4758	111	34	1	0	34	0.000210128	4759	0.968799	FALSE	ORF1ab:cds-YP_009725295.1	AGA	R	GGA	G	1467
NC_045512.2	4667	T	C	4786	102	34	1	0	26	0.000208855	4788	1	FALSE	ORF1ab:cds-YP_009724389.1	TCT	S	CCT	P	1468
NC_045512.2	4667	T	C	4786	102	34	1	0	26	0.000208855	4788	1	FALSE	ORF1ab:cds-YP_009725295.1	TCT	S	CCT	P	1468
NC_045512.2	4667	T	A	4786	102	34	1	1	27	0.000208855	4788	1	FALSE	ORF1ab:cds-YP_009724389.1	TCT	S	ACT	T	1468
NC_045512.2	4667	T	A	4786	102	34	1	1	27	0.000208855	4788	1	FALSE	ORF1ab:cds-YP_009725295.1	TCT	S	ACT	T	1468
NC_045512.2	4668	C	G	5059	131	34	1	0	34	0.000197628	5060	0.984407	FALSE	ORF1ab:cds-YP_009724389.1	TCT	S	TGT	C	1468
NC_045512.2	4668	C	G	5059	131	34	1	0	34	0.000197628	5060	0.984407	FALSE	ORF1ab:cds-YP_009725295.1	TCT	S	TGT	C	1468
NC_045512.2	4669	T	C	5029	116	34	1	0	34	0.000198807	5030	0.984408	FALSE	ORF1ab:cds-YP_009724389.1	TCT	S	TCC	S	1468
NC_045512.2	4669	T	C	5029	116	34	1	0	34	0.000198807	5030	0.984408	FALSE	ORF1ab:cds-YP_009725295.1	TCT	S	TCC	S	1468
NC_045512.2	4672	C	A	5150	146	35	1	0	34	0.000194137	5151	0.984407	FALSE	ORF1ab:cds-YP_009724389.1	CTC	L	CTA	L	1469
NC_045512.2	4672	C	A	5150	146	35	1	0	34	0.000194137	5151	0.984407	FALSE	ORF1ab:cds-YP_009725295.1	CTC	L	CTA	L	1469
NC_045512.2	4678	G	C	5347	162	35	1	0	34	0.000186881	5351	0.984379	FALSE	ORF1ab:cds-YP_009724389.1	GTG	V	GTC	V	1471
NC_045512.2	4678	G	C	5347	162	35	1	0	34	0.000186881	5351	0.984379	FALSE	ORF1ab:cds-YP_009725295.1	GTG	V	GTC	V	1471
NC_045512.2	4678	G	A	5347	162	35	3	0	31	0.000560643	5351	0.855561	FALSE	ORF1ab:cds-YP_009724389.1	GTG	V	GTA	V	1471
NC_045512.2	4678	G	A	5347	162	35	3	0	31	0.000560643	5351	0.855561	FALSE	ORF1ab:cds-YP_009725295.1	GTG	V	GTA	V	1471
NC_045512.2	4680	C	G	5444	163	35	5	0	34	0.000917431	5450	0.623103	FALSE	ORF1ab:cds-YP_009724389.1	CCA	P	CGA	R	1472
NC_045512.2	4680	C	G	5444	163	35	5	0	34	0.000917431	5450	0.623103	FALSE	ORF1ab:cds-YP_009725295.1	CCA	P	CGA	R	1472
NC_045512.2	4680	C	A	5444	163	35	1	0	26	0.000183486	5450	1	FALSE	ORF1ab:cds-YP_009724389.1	CCA	P	CAA	Q	1472
NC_045512.2	4680	C	A	5444	163	35	1	0	26	0.000183486	5450	1	FALSE	ORF1ab:cds-YP_009725295.1	CCA	P	CAA	Q	1472
NC_045512.2	4681	A	T	5458	166	35	1	0	26	0.000183184	5459	1	FALSE	ORF1ab:cds-YP_009724389.1	CCA	P	CCT	P	1472
NC_045512.2	4681	A	T	5458	166	35	1	0	26	0.000183184	5459	1	FALSE	ORF1ab:cds-YP_009725295.1	CCA	P	CCT	P	1472
NC_045512.2	4682	G	T	5842	166	35	3	0	31	0.000513259	5845	0.855609	FALSE	ORF1ab:cds-YP_009724389.1	GCT	A	TCT	S	1473
NC_045512.2	4682	G	T	5842	166	35	3	0	31	0.000513259	5845	0.855609	FALSE	ORF1ab:cds-YP_009725295.1	GCT	A	TCT	S	1473
NC_045512.2	4684	T	C	5917	207	35	1	0	34	0.000168976	5918	0.984403	FALSE	ORF1ab:cds-YP_009724389.1	GCT	A	GCC	A	1473
NC_045512.2	4684	T	C	5917	207	35	1	0	34	0.000168976	5918	0.984403	FALSE	ORF1ab:cds-YP_009725295.1	GCT	A	GCC	A	1473
NC_045512.2	4685	A	G	5822	206	35	1	0	34	0.000171733	5823	0.984403	FALSE	ORF1ab:cds-YP_009724389.1	ACA	T	GCA	A	1474
NC_045512.2	4685	A	G	5822	206	35	1	0	34	0.000171733	5823	0.984403	FALSE	ORF1ab:cds-YP_009725295.1	ACA	T	GCA	A	1474
NC_045512.2	4687	A	T	5471	213	34	1	0	26	0.000182448	5481	1	FALSE	ORF1ab:cds-YP_009724389.1	ACA	T	ACT	T	1474
NC_045512.2	4687	A	T	5471	213	34	1	0	26	0.000182448	5481	1	FALSE	ORF1ab:cds-YP_009725295.1	ACA	T	ACT	T	1474
NC_045512.2	4687	A	G	5471	213	34	9	0	33	0.00164204	5481	0.211824	FALSE	ORF1ab:cds-YP_009724389.1	ACA	T	ACG	T	1474
NC_045512.2	4687	A	G	5471	213	34	9	0	33	0.00164204	5481	0.211824	FALSE	ORF1ab:cds-YP_009725295.1	ACA	T	ACG	T	1474
NC_045512.2	4688	G	T	6039	210	35	2	0	30	0.000331071	6041	0.964907	FALSE	ORF1ab:cds-YP_009724389.1	GTT	V	TTT	F	1475
NC_045512.2	4688	G	T	6039	210	35	2	0	30	0.000331071	6041	0.964907	FALSE	ORF1ab:cds-YP_009725295.1	GTT	V	TTT	F	1475
NC_045512.2	4692	C	T	6080	269	35	1	0	34	0.000164447	6081	0.992205	FALSE	ORF1ab:cds-YP_009724389.1	TCT	S	TTT	F	1476
NC_045512.2	4692	C	T	6080	269	35	1	0	34	0.000164447	6081	0.992205	FALSE	ORF1ab:cds-YP_009725295.1	TCT	S	TTT	F	1476
NC_045512.2	4693	T	G	6079	274	35	1	0	26	0.000164474	6080	1	FALSE	ORF1ab:cds-YP_009724389.1	TCT	S	TCG	S	1476
NC_045512.2	4693	T	G	6079	274	35	1	0	26	0.000164474	6080	1	FALSE	ORF1ab:cds-YP_009725295.1	TCT	S	TCG	S	1476
NC_045512.2	4697	T	A	6222	279	35	1	0	34	0.000160694	6223	0.992205	FALSE	ORF1ab:cds-YP_009724389.1	TCT	S	ACT	T	1478
NC_045512.2	4697	T	A	6222	279	35	1	0	34	0.000160694	6223	0.992205	FALSE	ORF1ab:cds-YP_009725295.1	TCT	S	ACT	T	1478
NC_045512.2	4698	C	G	6287	300	36	1	0	27	0.000159033	6288	1	FALSE	ORF1ab:cds-YP_009724389.1	TCT	S	TGT	C	1478
NC_045512.2	4698	C	G	6287	300	36	1	0	27	0.000159033	6288	1	FALSE	ORF1ab:cds-YP_009725295.1	TCT	S	TGT	C	1478
NC_045512.2	4702	A	G	6369	316	36	2	0	30	0.000313922	6371	0.964904	FALSE	ORF1ab:cds-YP_009724389.1	TCA	S	TCG	S	1479
NC_045512.2	4702	A	G	6369	316	36	2	0	30	0.000313922	6371	0.964904	FALSE	ORF1ab:cds-YP_009725295.1	TCA	S	TCG	S	1479
NC_045512.2	4705	T	C	6498	372	36	2	0	34	0.000307692	6500	0.964903	FALSE	ORF1ab:cds-YP_009724389.1	CCT	P	CCC	P	1480
NC_045512.2	4705	T	C	6498	372	36	2	0	34	0.000307692	6500	0.964903	FALSE	ORF1ab:cds-YP_009725295.1	CCT	P	CCC	P	1480
NC_045512.2	4710	C	T	7299	406	36	9	0	36	0.00123136	7309	0.401756	FALSE	ORF1ab:cds-YP_009724389.1	GCT	A	GTT	V	1482
NC_045512.2	4710	C	T	7299	406	36	9	0	36	0.00123136	7309	0.401756	FALSE	ORF1ab:cds-YP_009725295.1	GCT	A	GTT	V	1482
NC_045512.2	4710	C	G	7299	406	36	1	0	26	0.000136818	7309	1	FALSE	ORF1ab:cds-YP_009724389.1	GCT	A	GGT	G	1482
NC_045512.2	4710	C	G	7299	406	36	1	0	26	0.000136818	7309	1	FALSE	ORF1ab:cds-YP_009725295.1	GCT	A	GGT	G	1482
NC_045512.2	4711	T	C	7352	400	36	2	0	34	0.000271924	7355	0.980497	FALSE	ORF1ab:cds-YP_009724389.1	GCT	A	GCC	A	1482
NC_045512.2	4711	T	C	7352	400	36	2	0	34	0.000271924	7355	0.980497	FALSE	ORF1ab:cds-YP_009725295.1	GCT	A	GCC	A	1482
NC_045512.2	4711	T	A	7352	400	36	1	1	68	0.000135962	7355	0.499966	FALSE	ORF1ab:cds-YP_009724389.1	GCT	A	GCA	A	1482
NC_045512.2	4711	T	A	7352	400	36	1	1	68	0.000135962	7355	0.499966	FALSE	ORF1ab:cds-YP_009725295.1	GCT	A	GCA	A	1482
NC_045512.2	4713	T	A	7488	410	36	2	1	26	0.000267023	7490	1	FALSE	ORF1ab:cds-YP_009724389.1	GTT	V	GAT	D	1483
NC_045512.2	4713	T	A	7488	410	36	2	1	26	0.000267023	7490	1	FALSE	ORF1ab:cds-YP_009725295.1	GTT	V	GAT	D	1483
NC_045512.2	4715	A	G	7420	410	36	1	0	34	0.000134753	7421	0.996103	FALSE	ORF1ab:cds-YP_009724389.1	ACA	T	GCA	A	1484
NC_045512.2	4715	A	G	7420	410	36	1	0	34	0.000134753	7421	0.996103	FALSE	ORF1ab:cds-YP_009725295.1	ACA	T	GCA	A	1484
NC_045512.2	4717	A	T	7122	410	35	1	0	26	0.000140331	7126	1	FALSE	ORF1ab:cds-YP_009724389.1	ACA	T	ACT	T	1484
NC_045512.2	4717	A	T	7122	410	35	1	0	26	0.000140331	7126	1	FALSE	ORF1ab:cds-YP_009725295.1	ACA	T	ACT	T	1484
NC_045512.2	4717	A	G	7122	410	35	2	0	34	0.000280662	7126	0.980488	FALSE	ORF1ab:cds-YP_009724389.1	ACA	T	ACG	T	1484
NC_045512.2	4717	A	G	7122	410	35	2	0	34	0.000280662	7126	0.980488	FALSE	ORF1ab:cds-YP_009725295.1	ACA	T	ACG	T	1484
NC_045512.2	4717	A	C	7122	410	35	1	0	34	0.000140331	7126	0.996097	FALSE	ORF1ab:cds-YP_009724389.1	ACA	T	ACC	T	1484
NC_045512.2	4717	A	C	7122	410	35	1	0	34	0.000140331	7126	0.996097	FALSE	ORF1ab:cds-YP_009725295.1	ACA	T	ACC	T	1484
NC_045512.2	4720	G	T	8611	580	37	1	0	34	0.00011605	8617	0.998047	FALSE	ORF1ab:cds-YP_009724389.1	GCG	A	GCT	A	1485
NC_045512.2	4720	G	T	8611	580	37	1	0	34	0.00011605	8617	0.998047	FALSE	ORF1ab:cds-YP_009725295.1	GCG	A	GCT	A	1485
NC_045512.2	4720	G	A	8611	580	37	5	0	34	0.000580248	8617	0.866668	FALSE	ORF1ab:cds-YP_009724389.1	GCG	A	GCA	A	1485
NC_045512.2	4720	G	A	8611	580	37	5	0	34	0.000580248	8617	0.866668	FALSE	ORF1ab:cds-YP_009725295.1	GCG	A	GCA	A	1485
NC_045512.2	4721	T	C	8608	704	38	1	0	34	0.000116158	8609	0.998052	FALSE	ORF1ab:cds-YP_009724389.1	TAT	Y	CAT	H	1486
NC_045512.2	4721	T	C	8608	704	38	1	0	34	0.000116158	8609	0.998052	FALSE	ORF1ab:cds-YP_009725295.1	TAT	Y	CAT	H	1486
NC_045512.2	4724	A	G	8583	708	38	1	1	24	0.000116496	8584	1	FALSE	ORF1ab:cds-YP_009724389.1	AAT	N	GAT	D	1487
NC_045512.2	4724	A	G	8583	708	38	1	1	24	0.000116496	8584	1	FALSE	ORF1ab:cds-YP_009725295.1	AAT	N	GAT	D	1487
NC_045512.2	4726	T	G	8698	741	38	1	0	26	0.000114943	8700	1	FALSE	ORF1ab:cds-YP_009724389.1	AAT	N	AAG	K	1487
NC_045512.2	4726	T	G	8698	741	38	1	0	26	0.000114943	8700	1	FALSE	ORF1ab:cds-YP_009725295.1	AAT	N	AAG	K	1487
NC_045512.2	4726	T	C	8698	741	38	1	0	34	0.000114943	8700	0.998051	FALSE	ORF1ab:cds-YP_009724389.1	AAT	N	AAC	N	1487
NC_045512.2	4726	T	C	8698	741	38	1	0	34	0.000114943	8700	0.998051	FALSE	ORF1ab:cds-YP_009725295.1	AAT	N	AAC	N	1487
NC_045512.2	4727	G	C	8772	740	38	1	0	34	0.00011396	8775	0.99805	FALSE	ORF1ab:cds-YP_009724389.1	GGT	G	CGT	R	1488
NC_045512.2	4727	G	C	8772	740	38	1	0	34	0.00011396	8775	0.99805	FALSE	ORF1ab:cds-YP_009725295.1	GGT	G	CGT	R	1488
NC_045512.2	4727	G	A	8772	740	38	2	1	34	0.00022792	8775	0.989275	FALSE	ORF1ab:cds-YP_009724389.1	GGT	G	AGT	S	1488
NC_045512.2	4727	G	A	8772	740	38	2	1	34	0.00022792	8775	0.989275	FALSE	ORF1ab:cds-YP_009725295.1	GGT	G	AGT	S	1488
NC_045512.2	4729	T	A	8617	807	38	1	1	27	0.000116036	8618	1	FALSE	ORF1ab:cds-YP_009724389.1	GGT	G	GGA	G	1488
NC_045512.2	4729	T	A	8617	807	38	1	1	27	0.000116036	8618	1	FALSE	ORF1ab:cds-YP_009725295.1	GGT	G	GGA	G	1488
NC_045512.2	4732	T	G	8961	876	38	2	0	30	0.00022314	8963	0.98928	FALSE	ORF1ab:cds-YP_009724389.1	TAT	Y	TAG	*	1489
NC_045512.2	4732	T	G	8961	876	38	2	0	30	0.00022314	8963	0.98928	FALSE	ORF1ab:cds-YP_009725295.1	TAT	Y	TAG	*	1489
NC_045512.2	4733	C	G	8737	964	39	1	0	26	0.000114443	8738	1	FALSE	ORF1ab:cds-YP_009724389.1	CTT	L	GTT	V	1490
NC_045512.2	4733	C	G	8737	964	39	1	0	26	0.000114443	8738	1	FALSE	ORF1ab:cds-YP_009725295.1	CTT	L	GTT	V	1490
NC_045512.2	4737	C	T	8656	1063	39	1	0	26	0.000115513	8657	1	FALSE	ORF1ab:cds-YP_009724389.1	ACT	T	ATT	I	1491
NC_045512.2	4737	C	T	8656	1063	39	1	0	26	0.000115513	8657	1	FALSE	ORF1ab:cds-YP_009725295.1	ACT	T	ATT	I	1491
NC_045512.2	4738	T	G	8521	1066	39	1	0	26	0.00011733	8523	1	FALSE	ORF1ab:cds-YP_009724389.1	ACT	T	ACG	T	1491
NC_045512.2	4738	T	G	8521	1066	39	1	0	26	0.00011733	8523	1	FALSE	ORF1ab:cds-YP_009725295.1	ACT	T	ACG	T	1491
NC_045512.2	4738	T	C	8521	1066	39	1	0	34	0.00011733	8523	0.998051	FALSE	ORF1ab:cds-YP_009724389.1	ACT	T	ACC	T	1491
NC_045512.2	4738	T	C	8521	1066	39	1	0	34	0.00011733	8523	0.998051	FALSE	ORF1ab:cds-YP_009725295.1	ACT	T	ACC	T	1491
NC_045512.2	4741	T	C	8592	1069	39	1	0	34	0.000116374	8593	0.998052	FALSE	ORF1ab:cds-YP_009724389.1	TCT	S	TCC	S	1492
NC_045512.2	4741	T	C	8592	1069	39	1	0	34	0.000116374	8593	0.998052	FALSE	ORF1ab:cds-YP_009725295.1	TCT	S	TCC	S	1492
NC_045512.2	4744	T	C	8653	1181	40	1	0	34	0.000115554	8654	0.998052	FALSE	ORF1ab:cds-YP_009724389.1	TCT	S	TCC	S	1493
NC_045512.2	4744	T	C	8653	1181	40	1	0	34	0.000115554	8654	0.998052	FALSE	ORF1ab:cds-YP_009725295.1	TCT	S	TCC	S	1493
NC_045512.2	4745	T	A	8555	1158	40	1	0	34	0.000116877	8556	0.998052	FALSE	ORF1ab:cds-YP_009724389.1	TCT	S	ACT	T	1494
NC_045512.2	4745	T	A	8555	1158	40	1	0	34	0.000116877	8556	0.998052	FALSE	ORF1ab:cds-YP_009725295.1	TCT	S	ACT	T	1494
NC_045512.2	4746	C	A	8542	1222	40	1	0	34	0.000117055	8543	0.998052	FALSE	ORF1ab:cds-YP_009724389.1	TCT	S	TAT	Y	1494
NC_045512.2	4746	C	A	8542	1222	40	1	0	34	0.000117055	8543	0.998052	FALSE	ORF1ab:cds-YP_009725295.1	TCT	S	TAT	Y	1494
NC_045512.2	4748	A	G	8569	1236	40	1	1	34	0.000116686	8570	0.998052	FALSE	ORF1ab:cds-YP_009724389.1	AAA	K	GAA	E	1495
NC_045512.2	4748	A	G	8569	1236	40	1	1	34	0.000116686	8570	0.998052	FALSE	ORF1ab:cds-YP_009725295.1	AAA	K	GAA	E	1495
NC_045512.2	4749	A	G	8510	1241	40	1	1	46	0.000117495	8511	0.500029	FALSE	ORF1ab:cds-YP_009724389.1	AAA	K	AGA	R	1495
NC_045512.2	4749	A	G	8510	1241	40	1	1	46	0.000117495	8511	0.500029	FALSE	ORF1ab:cds-YP_009725295.1	AAA	K	AGA	R	1495
NC_045512.2	4750	A	T	8445	1249	40	1	1	34	0.000118357	8449	0.998049	FALSE	ORF1ab:cds-YP_009724389.1	AAA	K	AAT	N	1495
NC_045512.2	4750	A	T	8445	1249	40	1	1	34	0.000118357	8449	0.998049	FALSE	ORF1ab:cds-YP_009725295.1	AAA	K	AAT	N	1495
NC_045512.2	4750	A	G	8445	1249	40	3	1	56	0.000355072	8449	0.124978	FALSE	ORF1ab:cds-YP_009724389.1	AAA	K	AAG	K	1495
NC_045512.2	4750	A	G	8445	1249	40	3	1	56	0.000355072	8449	0.124978	FALSE	ORF1ab:cds-YP_009725295.1	AAA	K	AAG	K	1495
NC_045512.2	4751	A	G	8458	1258	40	1	0	34	0.000118217	8459	0.998052	FALSE	ORF1ab:cds-YP_009724389.1	ACA	T	GCA	A	1496
NC_045512.2	4751	A	G	8458	1258	40	1	0	34	0.000118217	8459	0.998052	FALSE	ORF1ab:cds-YP_009725295.1	ACA	T	GCA	A	1496
NC_045512.2	4752	C	T	8325	1297	40	1	0	34	0.000120106	8326	0.998052	FALSE	ORF1ab:cds-YP_009724389.1	ACA	T	ATA	I	1496
NC_045512.2	4752	C	T	8325	1297	40	1	0	34	0.000120106	8326	0.998052	FALSE	ORF1ab:cds-YP_009725295.1	ACA	T	ATA	I	1496
NC_045512.2	4756	T	C	5861	1716	38	1	0	34	0.00017059	5862	0.984403	FALSE	ORF1ab:cds-YP_009724389.1	CCT	P	CCC	P	1497
NC_045512.2	4756	T	C	5861	1716	38	1	0	34	0.00017059	5862	0.984403	FALSE	ORF1ab:cds-YP_009725295.1	CCT	P	CCC	P	1497
NC_045512.2	4759	A	G	5988	1854	38	2	2	51	0.00033389	5990	0.250021	FALSE	ORF1ab:cds-YP_009724389.1	GAA	E	GAG	E	1498
NC_045512.2	4759	A	G	5988	1854	38	2	2	51	0.00033389	5990	0.250021	FALSE	ORF1ab:cds-YP_009725295.1	GAA	E	GAG	E	1498
NC_045512.2	4760	G	T	5942	1853	38	1	1	34	0.000168265	5943	0.984403	FALSE	ORF1ab:cds-YP_009724389.1	GAA	E	TAA	*	1499
NC_045512.2	4760	G	T	5942	1853	38	1	1	34	0.000168265	5943	0.984403	FALSE	ORF1ab:cds-YP_009725295.1	GAA	E	TAA	*	1499
NC_045512.2	4761	A	G	5619	1843	37	1	0	34	0.000177936	5620	0.984404	FALSE	ORF1ab:cds-YP_009724389.1	GAA	E	GGA	G	1499
NC_045512.2	4761	A	G	5619	1843	37	1	0	34	0.000177936	5620	0.984404	FALSE	ORF1ab:cds-YP_009725295.1	GAA	E	GGA	G	1499
NC_045512.2	4762	A	G	5994	1847	38	1	0	34	0.000166806	5995	0.984402	FALSE	ORF1ab:cds-YP_009724389.1	GAA	E	GAG	E	1499
NC_045512.2	4762	A	G	5994	1847	38	1	0	34	0.000166806	5995	0.984402	FALSE	ORF1ab:cds-YP_009725295.1	GAA	E	GAG	E	1499
NC_045512.2	4763	C	T	6048	1848	38	1	1	34	0.000165317	6049	0.992206	FALSE	ORF1ab:cds-YP_009724389.1	CAT	H	TAT	Y	1500
NC_045512.2	4763	C	T	6048	1848	38	1	1	34	0.000165317	6049	0.992206	FALSE	ORF1ab:cds-YP_009725295.1	CAT	H	TAT	Y	1500
NC_045512.2	4764	A	G	6108	1935	38	4	3	40	0.00065445	6112	0.0624898	FALSE	ORF1ab:cds-YP_009724389.1	CAT	H	CGT	R	1500
NC_045512.2	4764	A	G	6108	1935	38	4	3	40	0.00065445	6112	0.0624898	FALSE	ORF1ab:cds-YP_009725295.1	CAT	H	CGT	R	1500
NC_045512.2	4765	T	C	6106	1958	38	1	0	34	0.000163747	6107	0.992205	FALSE	ORF1ab:cds-YP_009724389.1	CAT	H	CAC	H	1500
NC_045512.2	4765	T	C	6106	1958	38	1	0	34	0.000163747	6107	0.992205	FALSE	ORF1ab:cds-YP_009725295.1	CAT	H	CAC	H	1500
NC_045512.2	4767	T	A	6106	1985	38	1	1	34	0.000163747	6107	0.992205	FALSE	ORF1ab:cds-YP_009724389.1	TTT	F	TAT	Y	1501
NC_045512.2	4767	T	A	6106	1985	38	1	1	34	0.000163747	6107	0.992205	FALSE	ORF1ab:cds-YP_009725295.1	TTT	F	TAT	Y	1501
NC_045512.2	4768	T	C	5922	1858	37	1	0	26	0.000168805	5924	1	FALSE	ORF1ab:cds-YP_009724389.1	TTT	F	TTC	F	1501
NC_045512.2	4768	T	C	5922	1858	37	1	0	26	0.000168805	5924	1	FALSE	ORF1ab:cds-YP_009725295.1	TTT	F	TTC	F	1501
NC_045512.2	4768	T	A	5922	1858	37	1	1	26	0.000168805	5924	1	FALSE	ORF1ab:cds-YP_009724389.1	TTT	F	TTA	L	1501
NC_045512.2	4768	T	A	5922	1858	37	1	1	26	0.000168805	5924	1	FALSE	ORF1ab:cds-YP_009725295.1	TTT	F	TTA	L	1501
NC_045512.2	4769	A	T	6089	2076	38	1	1	34	0.000164177	6091	0.992201	FALSE	ORF1ab:cds-YP_009724389.1	ATT	I	TTT	F	1502
NC_045512.2	4769	A	T	6089	2076	38	1	1	34	0.000164177	6091	0.992201	FALSE	ORF1ab:cds-YP_009725295.1	ATT	I	TTT	F	1502
NC_045512.2	4769	A	G	6089	2076	38	1	0	34	0.000164177	6091	0.992201	FALSE	ORF1ab:cds-YP_009724389.1	ATT	I	GTT	V	1502
NC_045512.2	4769	A	G	6089	2076	38	1	0	34	0.000164177	6091	0.992201	FALSE	ORF1ab:cds-YP_009725295.1	ATT	I	GTT	V	1502
NC_045512.2	4772	G	A	6009	2098	38	1	0	68	0.000166389	6010	0.500042	FALSE	ORF1ab:cds-YP_009724389.1	GAA	E	AAA	K	1503
NC_045512.2	4772	G	A	6009	2098	38	1	0	68	0.000166389	6010	0.500042	FALSE	ORF1ab:cds-YP_009725295.1	GAA	E	AAA	K	1503
NC_045512.2	4773	A	G	6042	2118	38	1	0	34	0.000165481	6043	0.992206	FALSE	ORF1ab:cds-YP_009724389.1	GAA	E	GGA	G	1503
NC_045512.2	4773	A	G	6042	2118	38	1	0	34	0.000165481	6043	0.992206	FALSE	ORF1ab:cds-YP_009725295.1	GAA	E	GGA	G	1503
NC_045512.2	4777	C	T	6167	2293	38	1	0	34	0.000162127	6168	0.992205	FALSE	ORF1ab:cds-YP_009724389.1	ACC	T	ACT	T	1504
NC_045512.2	4777	C	T	6167	2293	38	1	0	34	0.000162127	6168	0.992205	FALSE	ORF1ab:cds-YP_009725295.1	ACC	T	ACT	T	1504
NC_045512.2	4779	T	C	5956	2113	37	1	0	34	0.000167842	5958	0.984395	FALSE	ORF1ab:cds-YP_009724389.1	ATC	I	ACC	T	1505
NC_045512.2	4779	T	C	5956	2113	37	1	0	34	0.000167842	5958	0.984395	FALSE	ORF1ab:cds-YP_009725295.1	ATC	I	ACC	T	1505
NC_045512.2	4779	T	A	5956	2113	37	1	1	20	0.000167842	5958	1	FALSE	ORF1ab:cds-YP_009724389.1	ATC	I	AAC	N	1505
NC_045512.2	4779	T	A	5956	2113	37	1	1	20	0.000167842	5958	1	FALSE	ORF1ab:cds-YP_009725295.1	ATC	I	AAC	N	1505
NC_045512.2	4780	C	A	6241	2463	38	1	0	68	0.000160205	6242	0.50004	FALSE	ORF1ab:cds-YP_009724389.1	ATC	I	ATA	I	1505
NC_045512.2	4780	C	A	6241	2463	38	1	0	68	0.000160205	6242	0.50004	FALSE	ORF1ab:cds-YP_009725295.1	ATC	I	ATA	I	1505
NC_045512.2	4782	C	A	6092	2555	38	1	0	26	0.000164123	6093	1	FALSE	ORF1ab:cds-YP_009724389.1	TCA	S	TAA	*	1506
NC_045512.2	4782	C	A	6092	2555	38	1	0	26	0.000164123	6093	1	FALSE	ORF1ab:cds-YP_009725295.1	TCA	S	TAA	*	1506
NC_045512.2	4784	C	G	6060	2555	38	2	0	30	0.000329924	6062	0.964907	FALSE	ORF1ab:cds-YP_009724389.1	CTT	L	GTT	V	1507
NC_045512.2	4784	C	G	6060	2555	38	2	0	30	0.000329924	6062	0.964907	FALSE	ORF1ab:cds-YP_009725295.1	CTT	L	GTT	V	1507
NC_045512.2	4785	T	C	5943	2468	38	1	1	34	0.000168237	5944	0.984403	FALSE	ORF1ab:cds-YP_009724389.1	CTT	L	CCT	P	1507
NC_045512.2	4785	T	C	5943	2468	38	1	1	34	0.000168237	5944	0.984403	FALSE	ORF1ab:cds-YP_009725295.1	CTT	L	CCT	P	1507
NC_045512.2	4788	C	T	6141	2754	38	1	0	34	0.000162787	6143	0.992201	FALSE	ORF1ab:cds-YP_009724389.1	GCT	A	GTT	V	1508
NC_045512.2	4788	C	T	6141	2754	38	1	0	34	0.000162787	6143	0.992201	FALSE	ORF1ab:cds-YP_009725295.1	GCT	A	GTT	V	1508
NC_045512.2	4788	C	G	6141	2754	38	1	0	34	0.000162787	6143	0.992201	FALSE	ORF1ab:cds-YP_009724389.1	GCT	A	GGT	G	1508
NC_045512.2	4788	C	G	6141	2754	38	1	0	34	0.000162787	6143	0.992201	FALSE	ORF1ab:cds-YP_009725295.1	GCT	A	GGT	G	1508
NC_045512.2	4789	T	C	6157	2737	38	1	1	34	0.00016239	6158	0.992205	FALSE	ORF1ab:cds-YP_009724389.1	GCT	A	GCC	A	1508
NC_045512.2	4789	T	C	6157	2737	38	1	1	34	0.00016239	6158	0.992205	FALSE	ORF1ab:cds-YP_009725295.1	GCT	A	GCC	A	1508
NC_045512.2	4790	G	C	6204	2739	38	4	4	34	0.00064433	6208	0.82829	FALSE	ORF1ab:cds-YP_009724389.1	GGT	G	CGT	R	1509
NC_045512.2	4790	G	C	6204	2739	38	4	4	34	0.00064433	6208	0.82829	FALSE	ORF1ab:cds-YP_009725295.1	GGT	G	CGT	R	1509
NC_045512.2	4792	T	G	6160	2661	38	1	1	24	0.000162311	6161	1	FALSE	ORF1ab:cds-YP_009724389.1	GGT	G	GGG	G	1509
NC_045512.2	4792	T	G	6160	2661	38	1	1	24	0.000162311	6161	1	FALSE	ORF1ab:cds-YP_009725295.1	GGT	G	GGG	G	1509
NC_045512.2	4796	T	C	6363	2869	38	1	0	34	0.000157134	6364	0.992205	FALSE	ORF1ab:cds-YP_009724389.1	TAT	Y	CAT	H	1511
NC_045512.2	4796	T	C	6363	2869	38	1	0	34	0.000157134	6364	0.992205	FALSE	ORF1ab:cds-YP_009725295.1	TAT	Y	CAT	H	1511
NC_045512.2	4798	T	C	6471	2961	39	2	1	34	0.000308976	6473	0.964903	FALSE	ORF1ab:cds-YP_009724389.1	TAT	Y	TAC	Y	1511
NC_045512.2	4798	T	C	6471	2961	39	2	1	34	0.000308976	6473	0.964903	FALSE	ORF1ab:cds-YP_009725295.1	TAT	Y	TAC	Y	1511
NC_045512.2	4800	A	C	6426	2953	38	1	1	34	0.000155594	6427	0.992205	FALSE	ORF1ab:cds-YP_009724389.1	AAA	K	ACA	T	1512
NC_045512.2	4800	A	C	6426	2953	38	1	1	34	0.000155594	6427	0.992205	FALSE	ORF1ab:cds-YP_009725295.1	AAA	K	ACA	T	1512
NC_045512.2	4802	G	T	6429	2923	38	1	1	20	0.000155497	6431	1	FALSE	ORF1ab:cds-YP_009724389.1	GAT	D	TAT	Y	1513
NC_045512.2	4802	G	T	6429	2923	38	1	1	20	0.000155497	6431	1	FALSE	ORF1ab:cds-YP_009725295.1	GAT	D	TAT	Y	1513
NC_045512.2	4802	G	C	6429	2923	38	1	1	34	0.000155497	6431	0.9922	FALSE	ORF1ab:cds-YP_009724389.1	GAT	D	CAT	H	1513
NC_045512.2	4802	G	C	6429	2923	38	1	1	34	0.000155497	6431	0.9922	FALSE	ORF1ab:cds-YP_009725295.1	GAT	D	CAT	H	1513
NC_045512.2	4803	A	G	6272	3061	37	1	1	34	0.000159413	6273	0.992205	FALSE	ORF1ab:cds-YP_009724389.1	GAT	D	GGT	G	1513
NC_045512.2	4803	A	G	6272	3061	37	1	1	34	0.000159413	6273	0.992205	FALSE	ORF1ab:cds-YP_009725295.1	GAT	D	GGT	G	1513
NC_045512.2	4807	G	T	6717	3154	38	1	0	26	0.000148832	6719	1	FALSE	ORF1ab:cds-YP_009724389.1	TGG	W	TGT	C	1514
NC_045512.2	4807	G	T	6717	3154	38	1	0	26	0.000148832	6719	1	FALSE	ORF1ab:cds-YP_009725295.1	TGG	W	TGT	C	1514
NC_045512.2	4807	G	A	6717	3154	38	1	1	34	0.000148832	6719	0.9922	FALSE	ORF1ab:cds-YP_009724389.1	TGG	W	TGA	*	1514
NC_045512.2	4807	G	A	6717	3154	38	1	1	34	0.000148832	6719	0.9922	FALSE	ORF1ab:cds-YP_009725295.1	TGG	W	TGA	*	1514
NC_045512.2	4809	C	A	6747	3358	38	1	1	34	0.000148192	6748	0.992204	FALSE	ORF1ab:cds-YP_009724389.1	TCC	S	TAC	Y	1515
NC_045512.2	4809	C	A	6747	3358	38	1	1	34	0.000148192	6748	0.992204	FALSE	ORF1ab:cds-YP_009725295.1	TCC	S	TAC	Y	1515
NC_045512.2	4810	C	A	6307	3441	37	1	0	34	0.000158529	6308	0.992205	FALSE	ORF1ab:cds-YP_009724389.1	TCC	S	TCA	S	1515
NC_045512.2	4810	C	A	6307	3441	37	1	0	34	0.000158529	6308	0.992205	FALSE	ORF1ab:cds-YP_009725295.1	TCC	S	TCA	S	1515
NC_045512.2	4811	T	C	6263	3320	37	1	0	26	0.000159617	6265	1	FALSE	ORF1ab:cds-YP_009724389.1	TAT	Y	CAT	H	1516
NC_045512.2	4811	T	C	6263	3320	37	1	0	26	0.000159617	6265	1	FALSE	ORF1ab:cds-YP_009725295.1	TAT	Y	CAT	H	1516
NC_045512.2	4811	T	A	6263	3320	37	1	1	34	0.000159617	6265	0.992201	FALSE	ORF1ab:cds-YP_009724389.1	TAT	Y	AAT	N	1516
NC_045512.2	4811	T	A	6263	3320	37	1	1	34	0.000159617	6265	0.992201	FALSE	ORF1ab:cds-YP_009725295.1	TAT	Y	AAT	N	1516
NC_045512.2	4812	A	G	6469	3431	37	1	0	34	0.00015456	6470	0.992204	FALSE	ORF1ab:cds-YP_009724389.1	TAT	Y	TGT	C	1516
NC_045512.2	4812	A	G	6469	3431	37	1	0	34	0.00015456	6470	0.992204	FALSE	ORF1ab:cds-YP_009725295.1	TAT	Y	TGT	C	1516
NC_045512.2	4814	T	G	6581	3486	37	1	0	26	0.00015193	6582	1	FALSE	ORF1ab:cds-YP_009724389.1	TCT	S	GCT	A	1517
NC_045512.2	4814	T	G	6581	3486	37	1	0	26	0.00015193	6582	1	FALSE	ORF1ab:cds-YP_009725295.1	TCT	S	GCT	A	1517
NC_045512.2	4815	C	A	6606	3569	37	3	2	28	0.000453926	6609	1	FALSE	ORF1ab:cds-YP_009724389.1	TCT	S	TAT	Y	1517
NC_045512.2	4815	C	A	6606	3569	37	3	2	28	0.000453926	6609	1	FALSE	ORF1ab:cds-YP_009725295.1	TCT	S	TAT	Y	1517
NC_045512.2	4817	G	T	6368	3322	37	2	1	30	0.000313972	6370	0.964904	FALSE	ORF1ab:cds-YP_009724389.1	GGA	G	TGA	*	1518
NC_045512.2	4817	G	T	6368	3322	37	2	1	30	0.000313972	6370	0.964904	FALSE	ORF1ab:cds-YP_009725295.1	GGA	G	TGA	*	1518
NC_045512.2	4820	C	G	5778	3486	36	1	0	34	0.00017304	5779	0.984403	FALSE	ORF1ab:cds-YP_009724389.1	CAA	Q	GAA	E	1519
NC_045512.2	4820	C	G	5778	3486	36	1	0	34	0.00017304	5779	0.984403	FALSE	ORF1ab:cds-YP_009725295.1	CAA	Q	GAA	E	1519
NC_045512.2	4821	A	T	5637	3338	36	1	0	34	0.000177368	5638	0.984404	FALSE	ORF1ab:cds-YP_009724389.1	CAA	Q	CTA	L	1519
NC_045512.2	4821	A	T	5637	3338	36	1	0	34	0.000177368	5638	0.984404	FALSE	ORF1ab:cds-YP_009725295.1	CAA	Q	CTA	L	1519
NC_045512.2	4822	A	T	5882	3405	36	1	1	26	0.000169952	5884	1	FALSE	ORF1ab:cds-YP_009724389.1	CAA	Q	CAT	H	1519
NC_045512.2	4822	A	T	5882	3405	36	1	1	26	0.000169952	5884	1	FALSE	ORF1ab:cds-YP_009725295.1	CAA	Q	CAT	H	1519
NC_045512.2	4822	A	C	5882	3405	36	1	1	34	0.000169952	5884	0.984395	FALSE	ORF1ab:cds-YP_009724389.1	CAA	Q	CAC	H	1519
NC_045512.2	4822	A	C	5882	3405	36	1	1	34	0.000169952	5884	0.984395	FALSE	ORF1ab:cds-YP_009725295.1	CAA	Q	CAC	H	1519
NC_045512.2	4824	C	A	5958	3427	36	2	2	34	0.00033557	5960	0.937583	FALSE	ORF1ab:cds-YP_009724389.1	TCT	S	TAT	Y	1520
NC_045512.2	4824	C	A	5958	3427	36	2	2	34	0.00033557	5960	0.937583	FALSE	ORF1ab:cds-YP_009725295.1	TCT	S	TAT	Y	1520
NC_045512.2	4825	T	C	5985	3455	36	1	1	34	0.000167029	5987	0.984395	FALSE	ORF1ab:cds-YP_009724389.1	TCT	S	TCC	S	1520
NC_045512.2	4825	T	C	5985	3455	36	1	1	34	0.000167029	5987	0.984395	FALSE	ORF1ab:cds-YP_009725295.1	TCT	S	TCC	S	1520
NC_045512.2	4825	T	A	5985	3455	36	1	1	34	0.000167029	5987	0.984395	FALSE	ORF1ab:cds-YP_009724389.1	TCT	S	TCA	S	1520
NC_045512.2	4825	T	A	5985	3455	36	1	1	34	0.000167029	5987	0.984395	FALSE	ORF1ab:cds-YP_009725295.1	TCT	S	TCA	S	1520
NC_045512.2	4830	A	G	6112	3533	36	1	0	34	0.000163586	6113	0.992205	FALSE	ORF1ab:cds-YP_009724389.1	CAA	Q	CGA	R	1522
NC_045512.2	4830	A	G	6112	3533	36	1	0	34	0.000163586	6113	0.992205	FALSE	ORF1ab:cds-YP_009725295.1	CAA	Q	CGA	R	1522
NC_045512.2	4832	C	T	6027	3524	36	1	0	34	0.000165865	6029	0.992201	FALSE	ORF1ab:cds-YP_009724389.1	CTA	L	TTA	L	1523
NC_045512.2	4832	C	T	6027	3524	36	1	0	34	0.000165865	6029	0.992201	FALSE	ORF1ab:cds-YP_009725295.1	CTA	L	TTA	L	1523
NC_045512.2	4832	C	A	6027	3524	36	1	1	34	0.000165865	6029	0.992201	FALSE	ORF1ab:cds-YP_009724389.1	CTA	L	ATA	I	1523
NC_045512.2	4832	C	A	6027	3524	36	1	1	34	0.000165865	6029	0.992201	FALSE	ORF1ab:cds-YP_009725295.1	CTA	L	ATA	I	1523
NC_045512.2	4834	A	G	5869	3387	36	1	0	34	0.000170358	5870	0.984403	FALSE	ORF1ab:cds-YP_009724389.1	CTA	L	CTG	L	1523
NC_045512.2	4834	A	G	5869	3387	36	1	0	34	0.000170358	5870	0.984403	FALSE	ORF1ab:cds-YP_009725295.1	CTA	L	CTG	L	1523
NC_045512.2	4835	G	T	5859	3332	36	1	0	26	0.000170648	5860	1	FALSE	ORF1ab:cds-YP_009724389.1	GGT	G	TGT	C	1524
NC_045512.2	4835	G	T	5859	3332	36	1	0	26	0.000170648	5860	1	FALSE	ORF1ab:cds-YP_009725295.1	GGT	G	TGT	C	1524
NC_045512.2	4836	G	A	6017	3379	36	1	1	34	0.000166168	6018	0.992206	FALSE	ORF1ab:cds-YP_009724389.1	GGT	G	GAT	D	1524
NC_045512.2	4836	G	A	6017	3379	36	1	1	34	0.000166168	6018	0.992206	FALSE	ORF1ab:cds-YP_009725295.1	GGT	G	GAT	D	1524
NC_045512.2	4837	T	G	6008	3388	36	1	0	34	0.000166389	6010	0.992201	FALSE	ORF1ab:cds-YP_009724389.1	GGT	G	GGG	G	1524
NC_045512.2	4837	T	G	6008	3388	36	1	0	34	0.000166389	6010	0.992201	FALSE	ORF1ab:cds-YP_009725295.1	GGT	G	GGG	G	1524
NC_045512.2	4837	T	A	6008	3388	36	1	0	34	0.000166389	6010	0.992201	FALSE	ORF1ab:cds-YP_009724389.1	GGT	G	GGA	G	1524
NC_045512.2	4837	T	A	6008	3388	36	1	0	34	0.000166389	6010	0.992201	FALSE	ORF1ab:cds-YP_009725295.1	GGT	G	GGA	G	1524
NC_045512.2	4839	T	C	6312	3753	37	1	1	26	0.000158403	6313	1	FALSE	ORF1ab:cds-YP_009724389.1	ATA	I	ACA	T	1525
NC_045512.2	4839	T	C	6312	3753	37	1	1	26	0.000158403	6313	1	FALSE	ORF1ab:cds-YP_009725295.1	ATA	I	ACA	T	1525
NC_045512.2	4840	A	G	6156	3700	37	1	1	34	0.000162417	6157	0.992205	FALSE	ORF1ab:cds-YP_009724389.1	ATA	I	ATG	M	1525
NC_045512.2	4840	A	G	6156	3700	37	1	1	34	0.000162417	6157	0.992205	FALSE	ORF1ab:cds-YP_009725295.1	ATA	I	ATG	M	1525
NC_045512.2	4841	G	A	6253	3688	37	1	1	34	0.000159898	6254	0.992205	FALSE	ORF1ab:cds-YP_009724389.1	GAA	E	AAA	K	1526
NC_045512.2	4841	G	A	6253	3688	37	1	1	34	0.000159898	6254	0.992205	FALSE	ORF1ab:cds-YP_009725295.1	GAA	E	AAA	K	1526
NC_045512.2	4842	A	G	6500	4061	37	2	2	34	0.000307598	6502	0.964903	FALSE	ORF1ab:cds-YP_009724389.1	GAA	E	GGA	G	1526
NC_045512.2	4842	A	G	6500	4061	37	2	2	34	0.000307598	6502	0.964903	FALSE	ORF1ab:cds-YP_009725295.1	GAA	E	GGA	G	1526
NC_045512.2	4844	T	C	6602	4104	37	1	1	34	0.000151446	6603	0.992204	FALSE	ORF1ab:cds-YP_009724389.1	TTT	F	CTT	L	1527
NC_045512.2	4844	T	C	6602	4104	37	1	1	34	0.000151446	6603	0.992204	FALSE	ORF1ab:cds-YP_009725295.1	TTT	F	CTT	L	1527
NC_045512.2	4846	T	C	6136	3632	36	4	4	32	0.000651466	6140	0.828292	FALSE	ORF1ab:cds-YP_009724389.1	TTT	F	TTC	F	1527
NC_045512.2	4846	T	C	6136	3632	36	4	4	32	0.000651466	6140	0.828292	FALSE	ORF1ab:cds-YP_009725295.1	TTT	F	TTC	F	1527
NC_045512.2	4847	C	-T	6546	4033	37	1	0	20	0.000152765	6546	1	FALSE	NA	NA	NA	NA	NA	NA
NC_045512.2	4848	T	C	6469	3957	37	1	1	34	0.00015456	6470	0.9922	FALSE	ORF1ab:cds-YP_009724389.1	CTT	L	CCT	P	1528
NC_045512.2	4848	T	C	6469	3957	37	1	1	34	0.00015456	6470	0.9922	FALSE	ORF1ab:cds-YP_009725295.1	CTT	L	CCT	P	1528
NC_045512.2	4852	G	A	6583	4068	38	1	0	34	0.000151883	6584	0.992204	FALSE	ORF1ab:cds-YP_009724389.1	AAG	K	AAA	K	1529
NC_045512.2	4852	G	A	6583	4068	38	1	0	34	0.000151883	6584	0.992204	FALSE	ORF1ab:cds-YP_009725295.1	AAG	K	AAA	K	1529
NC_045512.2	4854	G	T	6583	4075	37	2	1	34	0.000303721	6585	0.964902	FALSE	ORF1ab:cds-YP_009724389.1	AGA	R	ATA	I	1530
NC_045512.2	4854	G	T	6583	4075	37	2	1	34	0.000303721	6585	0.964902	FALSE	ORF1ab:cds-YP_009725295.1	AGA	R	ATA	I	1530
NC_045512.2	4856	G	C	6499	3964	37	1	1	26	0.000153846	6500	1	FALSE	ORF1ab:cds-YP_009724389.1	GGT	G	CGT	R	1531
NC_045512.2	4856	G	C	6499	3964	37	1	1	26	0.000153846	6500	1	FALSE	ORF1ab:cds-YP_009725295.1	GGT	G	CGT	R	1531
NC_045512.2	4857	G	C	6579	4022	37	1	1	34	0.000151976	6580	0.992204	FALSE	ORF1ab:cds-YP_009724389.1	GGT	G	GCT	A	1531
NC_045512.2	4857	G	C	6579	4022	37	1	1	34	0.000151976	6580	0.992204	FALSE	ORF1ab:cds-YP_009725295.1	GGT	G	GCT	A	1531
NC_045512.2	4858	T	A	6522	3992	37	1	1	26	0.000153304	6523	1	FALSE	ORF1ab:cds-YP_009724389.1	GGT	G	GGA	G	1531
NC_045512.2	4858	T	A	6522	3992	37	1	1	26	0.000153304	6523	1	FALSE	ORF1ab:cds-YP_009725295.1	GGT	G	GGA	G	1531
NC_045512.2	4859	G	A	6654	4091	38	1	1	34	0.000150263	6655	0.992204	FALSE	ORF1ab:cds-YP_009724389.1	GAT	D	AAT	N	1532
NC_045512.2	4859	G	A	6654	4091	38	1	1	34	0.000150263	6655	0.992204	FALSE	ORF1ab:cds-YP_009725295.1	GAT	D	AAT	N	1532
NC_045512.2	4860	A	T	6767	4214	38	1	0	34	0.000147754	6768	0.992204	FALSE	ORF1ab:cds-YP_009724389.1	GAT	D	GTT	V	1532
NC_045512.2	4860	A	T	6767	4214	38	1	0	34	0.000147754	6768	0.992204	FALSE	ORF1ab:cds-YP_009725295.1	GAT	D	GTT	V	1532
NC_045512.2	4861	T	C	6722	4244	38	1	1	34	0.000148743	6723	0.992204	FALSE	ORF1ab:cds-YP_009724389.1	GAT	D	GAC	D	1532
NC_045512.2	4861	T	C	6722	4244	38	1	1	34	0.000148743	6723	0.992204	FALSE	ORF1ab:cds-YP_009725295.1	GAT	D	GAC	D	1532
NC_045512.2	4862	A	G	6601	4202	37	1	0	34	0.000151469	6602	0.992204	FALSE	ORF1ab:cds-YP_009724389.1	AAA	K	GAA	E	1533
NC_045512.2	4862	A	G	6601	4202	37	1	0	34	0.000151469	6602	0.992204	FALSE	ORF1ab:cds-YP_009725295.1	AAA	K	GAA	E	1533
NC_045512.2	4863	A	C	6624	4248	37	2	2	34	0.000301841	6626	0.964902	FALSE	ORF1ab:cds-YP_009724389.1	AAA	K	ACA	T	1533
NC_045512.2	4863	A	C	6624	4248	37	2	2	34	0.000301841	6626	0.964902	FALSE	ORF1ab:cds-YP_009725295.1	AAA	K	ACA	T	1533
NC_045512.2	4864	A	G	6573	4217	37	1	1	34	0.000152091	6575	0.9922	FALSE	ORF1ab:cds-YP_009724389.1	AAA	K	AAG	K	1533
NC_045512.2	4864	A	G	6573	4217	37	1	1	34	0.000152091	6575	0.9922	FALSE	ORF1ab:cds-YP_009725295.1	AAA	K	AAG	K	1533
NC_045512.2	4864	A	C	6573	4217	37	1	1	34	0.000152091	6575	0.9922	FALSE	ORF1ab:cds-YP_009724389.1	AAA	K	AAC	N	1533
NC_045512.2	4864	A	C	6573	4217	37	1	1	34	0.000152091	6575	0.9922	FALSE	ORF1ab:cds-YP_009725295.1	AAA	K	AAC	N	1533
NC_045512.2	4868	G	A	6695	4237	38	1	1	34	0.000149343	6696	0.992204	FALSE	ORF1ab:cds-YP_009724389.1	GTA	V	ATA	I	1535
NC_045512.2	4868	G	A	6695	4237	38	1	1	34	0.000149343	6696	0.992204	FALSE	ORF1ab:cds-YP_009725295.1	GTA	V	ATA	I	1535
NC_045512.2	4871	T	A	6450	3908	37	1	1	26	0.000155015	6451	1	FALSE	ORF1ab:cds-YP_009724389.1	TAT	Y	AAT	N	1536
NC_045512.2	4871	T	A	6450	3908	37	1	1	26	0.000155015	6451	1	FALSE	ORF1ab:cds-YP_009725295.1	TAT	Y	AAT	N	1536
NC_045512.2	4872	A	T	6833	4315	38	1	0	34	0.000146306	6835	0.992199	FALSE	ORF1ab:cds-YP_009724389.1	TAT	Y	TTT	F	1536
NC_045512.2	4872	A	T	6833	4315	38	1	0	34	0.000146306	6835	0.992199	FALSE	ORF1ab:cds-YP_009725295.1	TAT	Y	TTT	F	1536
NC_045512.2	4872	A	C	6833	4315	38	1	1	26	0.000146306	6835	1	FALSE	ORF1ab:cds-YP_009724389.1	TAT	Y	TCT	S	1536
NC_045512.2	4872	A	C	6833	4315	38	1	1	26	0.000146306	6835	1	FALSE	ORF1ab:cds-YP_009725295.1	TAT	Y	TCT	S	1536
NC_045512.2	4876	C	A	7601	5342	39	1	1	34	0.000131544	7602	0.996103	FALSE	ORF1ab:cds-YP_009724389.1	TAC	Y	TAA	*	1537
NC_045512.2	4876	C	A	7601	5342	39	1	1	34	0.000131544	7602	0.996103	FALSE	ORF1ab:cds-YP_009725295.1	TAC	Y	TAA	*	1537
NC_045512.2	4877	A	G	7442	5209	39	1	1	34	0.000134354	7443	0.996103	FALSE	ORF1ab:cds-YP_009724389.1	ACT	T	GCT	A	1538
NC_045512.2	4877	A	G	7442	5209	39	1	1	34	0.000134354	7443	0.996103	FALSE	ORF1ab:cds-YP_009725295.1	ACT	T	GCT	A	1538
NC_045512.2	4881	G	C	7425	5085	39	1	1	34	0.000134662	7426	0.996103	FALSE	ORF1ab:cds-YP_009724389.1	AGT	S	ACT	T	1539
NC_045512.2	4881	G	C	7425	5085	39	1	1	34	0.000134662	7426	0.996103	FALSE	ORF1ab:cds-YP_009725295.1	AGT	S	ACT	T	1539
NC_045512.2	4882	T	C	7330	5046	39	1	1	24	0.000136407	7331	1	FALSE	ORF1ab:cds-YP_009724389.1	AGT	S	AGC	S	1539
NC_045512.2	4882	T	C	7330	5046	39	1	1	24	0.000136407	7331	1	FALSE	ORF1ab:cds-YP_009725295.1	AGT	S	AGC	S	1539
NC_045512.2	4883	A	T	7858	5759	40	1	1	26	0.000127226	7860	1	FALSE	ORF1ab:cds-YP_009724389.1	AAT	N	TAT	Y	1540
NC_045512.2	4883	A	T	7858	5759	40	1	1	26	0.000127226	7860	1	FALSE	ORF1ab:cds-YP_009725295.1	AAT	N	TAT	Y	1540
NC_045512.2	4883	A	C	7858	5759	40	1	1	34	0.000127226	7860	0.996101	FALSE	ORF1ab:cds-YP_009724389.1	AAT	N	CAT	H	1540
NC_045512.2	4883	A	C	7858	5759	40	1	1	34	0.000127226	7860	0.996101	FALSE	ORF1ab:cds-YP_009725295.1	AAT	N	CAT	H	1540
NC_045512.2	4888	T	C	7743	5645	40	1	0	60	0.000129132	7744	0.500032	FALSE	ORF1ab:cds-YP_009724389.1	CCT	P	CCC	P	1541
NC_045512.2	4888	T	C	7743	5645	40	1	0	60	0.000129132	7744	0.500032	FALSE	ORF1ab:cds-YP_009725295.1	CCT	P	CCC	P	1541
NC_045512.2	4890	C	T	7987	5946	41	1	1	34	0.000125188	7988	0.996103	FALSE	ORF1ab:cds-YP_009724389.1	ACC	T	ATC	I	1542
NC_045512.2	4890	C	T	7987	5946	41	1	1	34	0.000125188	7988	0.996103	FALSE	ORF1ab:cds-YP_009725295.1	ACC	T	ATC	I	1542
NC_045512.2	4892	A	G	8025	6037	41	1	1	34	0.000124595	8026	0.998052	FALSE	ORF1ab:cds-YP_009724389.1	ACA	T	GCA	A	1543
NC_045512.2	4892	A	G	8025	6037	41	1	1	34	0.000124595	8026	0.998052	FALSE	ORF1ab:cds-YP_009725295.1	ACA	T	GCA	A	1543
NC_045512.2	4896	T	C	8148	6336	41	1	1	34	0.000122714	8149	0.998052	FALSE	ORF1ab:cds-YP_009724389.1	TTC	F	TCC	S	1544
NC_045512.2	4896	T	C	8148	6336	41	1	1	34	0.000122714	8149	0.998052	FALSE	ORF1ab:cds-YP_009725295.1	TTC	F	TCC	S	1544
NC_045512.2	4898	C	T	6445	4953	41	1658	1313	40	0.204616	8103	0	TRUE	ORF1ab:cds-YP_009724389.1	CAC	H	TAC	Y	1545
NC_045512.2	4898	C	T	6445	4953	41	1658	1313	40	0.204616	8103	0	TRUE	ORF1ab:cds-YP_009725295.1	CAC	H	TAC	Y	1545
NC_045512.2	4899	A	G	8067	6241	41	1	0	68	0.000123946	8068	0.500031	FALSE	ORF1ab:cds-YP_009724389.1	CAC	H	CGC	R	1545
NC_045512.2	4899	A	G	8067	6241	41	1	0	68	0.000123946	8068	0.500031	FALSE	ORF1ab:cds-YP_009725295.1	CAC	H	CGC	R	1545
NC_045512.2	4900	C	A	8922	7347	42	1	0	60	0.00011207	8923	0.500028	FALSE	ORF1ab:cds-YP_009724389.1	CAC	H	CAA	Q	1545
NC_045512.2	4900	C	A	8922	7347	42	1	0	60	0.00011207	8923	0.500028	FALSE	ORF1ab:cds-YP_009725295.1	CAC	H	CAA	Q	1545
NC_045512.2	4901	C	A	8941	7411	42	1	1	34	0.000111832	8942	0.998052	FALSE	ORF1ab:cds-YP_009724389.1	CTA	L	ATA	I	1546
NC_045512.2	4901	C	A	8941	7411	42	1	1	34	0.000111832	8942	0.998052	FALSE	ORF1ab:cds-YP_009725295.1	CTA	L	ATA	I	1546
NC_045512.2	4902	T	C	7676	6155	41	1	1	68	0.000130242	7678	0.5	FALSE	ORF1ab:cds-YP_009724389.1	CTA	L	CCA	P	1546
NC_045512.2	4902	T	C	7676	6155	41	1	1	68	0.000130242	7678	0.5	FALSE	ORF1ab:cds-YP_009725295.1	CTA	L	CCA	P	1546
NC_045512.2	4902	T	A	7676	6155	41	1	1	34	0.000130242	7678	0.996101	FALSE	ORF1ab:cds-YP_009724389.1	CTA	L	CAA	Q	1546
NC_045512.2	4902	T	A	7676	6155	41	1	1	34	0.000130242	7678	0.996101	FALSE	ORF1ab:cds-YP_009725295.1	CTA	L	CAA	Q	1546
NC_045512.2	4905	A	G	8764	7273	42	1	1	34	0.00011409	8765	0.998052	FALSE	ORF1ab:cds-YP_009724389.1	GAT	D	GGT	G	1547
NC_045512.2	4905	A	G	8764	7273	42	1	1	34	0.00011409	8765	0.998052	FALSE	ORF1ab:cds-YP_009725295.1	GAT	D	GGT	G	1547
NC_045512.2	4906	T	C	8741	7232	43	1	1	34	0.00011439	8742	0.998052	FALSE	ORF1ab:cds-YP_009724389.1	GAT	D	GAC	D	1547
NC_045512.2	4906	T	C	8741	7232	43	1	1	34	0.00011439	8742	0.998052	FALSE	ORF1ab:cds-YP_009725295.1	GAT	D	GAC	D	1547
NC_045512.2	4907	G	T	8645	7140	43	1	1	27	0.000115647	8647	1	FALSE	ORF1ab:cds-YP_009724389.1	GGT	G	TGT	C	1548
NC_045512.2	4907	G	T	8645	7140	43	1	1	27	0.000115647	8647	1	FALSE	ORF1ab:cds-YP_009725295.1	GGT	G	TGT	C	1548
NC_045512.2	4907	G	C	8645	7140	43	1	1	26	0.000115647	8647	1	FALSE	ORF1ab:cds-YP_009724389.1	GGT	G	CGT	R	1548
NC_045512.2	4907	G	C	8645	7140	43	1	1	26	0.000115647	8647	1	FALSE	ORF1ab:cds-YP_009725295.1	GGT	G	CGT	R	1548
NC_045512.2	4908	G	T	8800	7530	42	2	2	30	0.000227195	8803	0.989275	FALSE	ORF1ab:cds-YP_009724389.1	GGT	G	GTT	V	1548
NC_045512.2	4908	G	T	8800	7530	42	2	2	30	0.000227195	8803	0.989275	FALSE	ORF1ab:cds-YP_009725295.1	GGT	G	GTT	V	1548
NC_045512.2	4908	G	C	8800	7530	42	1	1	34	0.000113598	8803	0.99805	FALSE	ORF1ab:cds-YP_009724389.1	GGT	G	GCT	A	1548
NC_045512.2	4908	G	C	8800	7530	42	1	1	34	0.000113598	8803	0.99805	FALSE	ORF1ab:cds-YP_009725295.1	GGT	G	GCT	A	1548
NC_045512.2	4909	T	C	8708	7454	42	2	2	34	0.000229621	8710	0.989281	FALSE	ORF1ab:cds-YP_009724389.1	GGT	G	GGC	G	1548
NC_045512.2	4909	T	C	8708	7454	42	2	2	34	0.000229621	8710	0.989281	FALSE	ORF1ab:cds-YP_009725295.1	GGT	G	GGC	G	1548
NC_045512.2	4910	G	T	8650	7397	42	1	1	34	0.000115567	8653	0.99805	FALSE	ORF1ab:cds-YP_009724389.1	GAA	E	TAA	*	1549
NC_045512.2	4910	G	T	8650	7397	42	1	1	34	0.000115567	8653	0.99805	FALSE	ORF1ab:cds-YP_009725295.1	GAA	E	TAA	*	1549
NC_045512.2	4910	G	C	8650	7397	42	2	2	30	0.000231134	8653	0.989276	FALSE	ORF1ab:cds-YP_009724389.1	GAA	E	CAA	Q	1549
NC_045512.2	4910	G	C	8650	7397	42	2	2	30	0.000231134	8653	0.989276	FALSE	ORF1ab:cds-YP_009725295.1	GAA	E	CAA	Q	1549
NC_045512.2	4913	G	A	8740	7677	41	2	1	51	0.000228781	8742	0.250014	FALSE	ORF1ab:cds-YP_009724389.1	GTT	V	ATT	I	1550
NC_045512.2	4913	G	A	8740	7677	41	2	1	51	0.000228781	8742	0.250014	FALSE	ORF1ab:cds-YP_009725295.1	GTT	V	ATT	I	1550
NC_045512.2	4916	A	G	8601	7546	41	1	1	34	0.000116252	8602	0.998052	FALSE	ORF1ab:cds-YP_009724389.1	ATC	I	GTC	V	1551
NC_045512.2	4916	A	G	8601	7546	41	1	1	34	0.000116252	8602	0.998052	FALSE	ORF1ab:cds-YP_009725295.1	ATC	I	GTC	V	1551
NC_045512.2	4918	C	A	8579	7535	41	1	1	34	0.00011655	8580	0.998052	FALSE	ORF1ab:cds-YP_009724389.1	ATC	I	ATA	I	1551
NC_045512.2	4918	C	A	8579	7535	41	1	1	34	0.00011655	8580	0.998052	FALSE	ORF1ab:cds-YP_009725295.1	ATC	I	ATA	I	1551
NC_045512.2	4921	C	-T	8485	7563	40	1	0	20	0.000117855	8485	1	FALSE	NA	NA	NA	NA	NA	NA
NC_045512.2	4922	T	G	8251	7335	40	1	1	34	0.000121168	8253	0.99805	FALSE	ORF1ab:cds-YP_009724389.1	TTT	F	GTT	V	1553
NC_045512.2	4922	T	G	8251	7335	40	1	1	34	0.000121168	8253	0.99805	FALSE	ORF1ab:cds-YP_009725295.1	TTT	F	GTT	V	1553
NC_045512.2	4922	T	C	8251	7335	40	1	1	26	0.000121168	8253	1	FALSE	ORF1ab:cds-YP_009724389.1	TTT	F	CTT	L	1553
NC_045512.2	4922	T	C	8251	7335	40	1	1	26	0.000121168	8253	1	FALSE	ORF1ab:cds-YP_009725295.1	TTT	F	CTT	L	1553
NC_045512.2	4927	C	A	8279	7438	40	1	1	26	0.000120773	8280	1	FALSE	ORF1ab:cds-YP_009724389.1	GAC	D	GAA	E	1554
NC_045512.2	4927	C	A	8279	7438	40	1	1	26	0.000120773	8280	1	FALSE	ORF1ab:cds-YP_009725295.1	GAC	D	GAA	E	1554
NC_045512.2	4928	A	T	8049	7226	39	1	1	34	0.000124208	8051	0.998051	FALSE	ORF1ab:cds-YP_009724389.1	AAT	N	TAT	Y	1555
NC_045512.2	4928	A	T	8049	7226	39	1	1	34	0.000124208	8051	0.998051	FALSE	ORF1ab:cds-YP_009725295.1	AAT	N	TAT	Y	1555
NC_045512.2	4928	A	C	8049	7226	39	1	1	34	0.000124208	8051	0.998051	FALSE	ORF1ab:cds-YP_009724389.1	AAT	N	CAT	H	1555
NC_045512.2	4928	A	C	8049	7226	39	1	1	34	0.000124208	8051	0.998051	FALSE	ORF1ab:cds-YP_009725295.1	AAT	N	CAT	H	1555
NC_045512.2	4929	A	C	7768	6934	39	1	1	34	0.000128717	7769	0.996103	FALSE	ORF1ab:cds-YP_009724389.1	AAT	N	ACT	T	1555
NC_045512.2	4929	A	C	7768	6934	39	1	1	34	0.000128717	7769	0.996103	FALSE	ORF1ab:cds-YP_009725295.1	AAT	N	ACT	T	1555
NC_045512.2	4930	T	A	6739	5950	38	1	0	24	0.000148368	6740	1	FALSE	ORF1ab:cds-YP_009724389.1	AAT	N	AAA	K	1555
NC_045512.2	4930	T	A	6739	5950	38	1	0	24	0.000148368	6740	1	FALSE	ORF1ab:cds-YP_009725295.1	AAT	N	AAA	K	1555
NC_045512.2	4933	T	C	7732	6971	39	1	1	34	0.000129316	7733	0.996103	FALSE	ORF1ab:cds-YP_009724389.1	CTT	L	CTC	L	1556
NC_045512.2	4933	T	C	7732	6971	39	1	1	34	0.000129316	7733	0.996103	FALSE	ORF1ab:cds-YP_009725295.1	CTT	L	CTC	L	1556
NC_045512.2	4935	A	G	7976	7218	39	1	1	34	0.000125345	7978	0.996101	FALSE	ORF1ab:cds-YP_009724389.1	AAG	K	AGG	R	1557
NC_045512.2	4935	A	G	7976	7218	39	1	1	34	0.000125345	7978	0.996101	FALSE	ORF1ab:cds-YP_009725295.1	AAG	K	AGG	R	1557
NC_045512.2	4935	A	C	7976	7218	39	1	1	26	0.000125345	7978	1	FALSE	ORF1ab:cds-YP_009724389.1	AAG	K	ACG	T	1557
NC_045512.2	4935	A	C	7976	7218	39	1	1	26	0.000125345	7978	1	FALSE	ORF1ab:cds-YP_009725295.1	AAG	K	ACG	T	1557
NC_045512.2	4938	C	T	7912	7235	39	1	1	26	0.000126358	7914	1	FALSE	ORF1ab:cds-YP_009724389.1	ACA	T	ATA	I	1558
NC_045512.2	4938	C	T	7912	7235	39	1	1	26	0.000126358	7914	1	FALSE	ORF1ab:cds-YP_009725295.1	ACA	T	ATA	I	1558
NC_045512.2	4938	C	A	7912	7235	39	1	1	26	0.000126358	7914	1	FALSE	ORF1ab:cds-YP_009724389.1	ACA	T	AAA	K	1558
NC_045512.2	4938	C	A	7912	7235	39	1	1	26	0.000126358	7914	1	FALSE	ORF1ab:cds-YP_009725295.1	ACA	T	AAA	K	1558
NC_045512.2	4939	A	G	7351	6681	39	6	6	39	0.00081555	7357	0.709644	FALSE	ORF1ab:cds-YP_009724389.1	ACA	T	ACG	T	1558
NC_045512.2	4939	A	G	7351	6681	39	6	6	39	0.00081555	7357	0.709644	FALSE	ORF1ab:cds-YP_009725295.1	ACA	T	ACG	T	1558
NC_045512.2	4941	T	C	6870	6213	39	2	2	34	0.000290994	6873	0.964884	FALSE	ORF1ab:cds-YP_009724389.1	CTT	L	CCT	P	1559
NC_045512.2	4941	T	C	6870	6213	39	2	2	34	0.000290994	6873	0.964884	FALSE	ORF1ab:cds-YP_009725295.1	CTT	L	CCT	P	1559
NC_045512.2	4941	T	A	6870	6213	39	1	1	34	0.000145497	6873	0.992195	FALSE	ORF1ab:cds-YP_009724389.1	CTT	L	CAT	H	1559
NC_045512.2	4941	T	A	6870	6213	39	1	1	34	0.000145497	6873	0.992195	FALSE	ORF1ab:cds-YP_009725295.1	CTT	L	CAT	H	1559
NC_045512.2	4942	T	C	6214	5558	38	1	1	34	0.000160875	6216	0.992201	FALSE	ORF1ab:cds-YP_009724389.1	CTT	L	CTC	L	1559
NC_045512.2	4942	T	C	6214	5558	38	1	1	34	0.000160875	6216	0.992201	FALSE	ORF1ab:cds-YP_009725295.1	CTT	L	CTC	L	1559
NC_045512.2	4942	T	A	6214	5558	38	1	1	34	0.000160875	6216	0.992201	FALSE	ORF1ab:cds-YP_009724389.1	CTT	L	CTA	L	1559
NC_045512.2	4942	T	A	6214	5558	38	1	1	34	0.000160875	6216	0.992201	FALSE	ORF1ab:cds-YP_009725295.1	CTT	L	CTA	L	1559
NC_045512.2	4943	C	T	6843	6186	39	1	1	34	0.000146092	6845	0.992199	FALSE	ORF1ab:cds-YP_009724389.1	CTT	L	TTT	F	1560
NC_045512.2	4943	C	T	6843	6186	39	1	1	34	0.000146092	6845	0.992199	FALSE	ORF1ab:cds-YP_009725295.1	CTT	L	TTT	F	1560
NC_045512.2	4943	C	A	6843	6186	39	1	1	34	0.000146092	6845	0.992199	FALSE	ORF1ab:cds-YP_009724389.1	CTT	L	ATT	I	1560
NC_045512.2	4943	C	A	6843	6186	39	1	1	34	0.000146092	6845	0.992199	FALSE	ORF1ab:cds-YP_009725295.1	CTT	L	ATT	I	1560
NC_045512.2	4945	T	C	6829	6178	39	1	1	34	0.000146391	6831	0.9922	FALSE	ORF1ab:cds-YP_009724389.1	CTT	L	CTC	L	1560
NC_045512.2	4945	T	C	6829	6178	39	1	1	34	0.000146391	6831	0.9922	FALSE	ORF1ab:cds-YP_009725295.1	CTT	L	CTC	L	1560
NC_045512.2	4945	T	A	6829	6178	39	1	1	26	0.000146391	6831	1	FALSE	ORF1ab:cds-YP_009724389.1	CTT	L	CTA	L	1560
NC_045512.2	4945	T	A	6829	6178	39	1	1	26	0.000146391	6831	1	FALSE	ORF1ab:cds-YP_009725295.1	CTT	L	CTA	L	1560
NC_045512.2	4950	T	C	6668	6062	39	1	1	34	0.000149948	6669	0.992204	FALSE	ORF1ab:cds-YP_009724389.1	TTG	L	TCG	S	1562
NC_045512.2	4950	T	C	6668	6062	39	1	1	34	0.000149948	6669	0.992204	FALSE	ORF1ab:cds-YP_009725295.1	TTG	L	TCG	S	1562
NC_045512.2	4951	G	T	6730	6124	39	1	1	34	0.000148566	6731	0.992204	FALSE	ORF1ab:cds-YP_009724389.1	TTG	L	TTT	F	1562
NC_045512.2	4951	G	T	6730	6124	39	1	1	34	0.000148566	6731	0.992204	FALSE	ORF1ab:cds-YP_009725295.1	TTG	L	TTT	F	1562
NC_045512.2	4952	A	G	6704	6101	39	1	0	46	0.000149142	6705	0.500037	FALSE	ORF1ab:cds-YP_009724389.1	AGA	R	GGA	G	1563
NC_045512.2	4952	A	G	6704	6101	39	1	0	46	0.000149142	6705	0.500037	FALSE	ORF1ab:cds-YP_009725295.1	AGA	R	GGA	G	1563
NC_045512.2	4953	G	T	6672	6067	39	1	1	26	0.000149768	6677	1	FALSE	ORF1ab:cds-YP_009724389.1	AGA	R	ATA	I	1563
NC_045512.2	4953	G	T	6672	6067	39	1	1	26	0.000149768	6677	1	FALSE	ORF1ab:cds-YP_009725295.1	AGA	R	ATA	I	1563
NC_045512.2	4953	G	C	6672	6067	39	4	4	32	0.000599071	6677	0.828217	FALSE	ORF1ab:cds-YP_009724389.1	AGA	R	ACA	T	1563
NC_045512.2	4953	G	C	6672	6067	39	4	4	32	0.000599071	6677	0.828217	FALSE	ORF1ab:cds-YP_009725295.1	AGA	R	ACA	T	1563
NC_045512.2	4955	G	A	6667	6074	39	1	1	34	0.00014997	6668	0.992204	FALSE	ORF1ab:cds-YP_009724389.1	GAA	E	AAA	K	1564
NC_045512.2	4955	G	A	6667	6074	39	1	1	34	0.00014997	6668	0.992204	FALSE	ORF1ab:cds-YP_009725295.1	GAA	E	AAA	K	1564
NC_045512.2	4960	G	C	6907	5932	38	1	1	34	0.00014476	6908	0.992203	FALSE	ORF1ab:cds-YP_009724389.1	GTG	V	GTC	V	1565
NC_045512.2	4960	G	C	6907	5932	38	1	1	34	0.00014476	6908	0.992203	FALSE	ORF1ab:cds-YP_009725295.1	GTG	V	GTC	V	1565
NC_045512.2	4961	A	T	6779	5809	38	1	1	34	0.000147449	6782	0.992196	FALSE	ORF1ab:cds-YP_009724389.1	AGG	R	TGG	W	1566
NC_045512.2	4961	A	T	6779	5809	38	1	1	34	0.000147449	6782	0.992196	FALSE	ORF1ab:cds-YP_009725295.1	AGG	R	TGG	W	1566
NC_045512.2	4961	A	G	6779	5809	38	2	2	34	0.000294898	6782	0.964884	FALSE	ORF1ab:cds-YP_009724389.1	AGG	R	GGG	G	1566
NC_045512.2	4961	A	G	6779	5809	38	2	2	34	0.000294898	6782	0.964884	FALSE	ORF1ab:cds-YP_009725295.1	AGG	R	GGG	G	1566
NC_045512.2	4962	G	T	6771	5775	38	1	1	34	0.000147667	6772	0.992204	FALSE	ORF1ab:cds-YP_009724389.1	AGG	R	ATG	M	1566
NC_045512.2	4962	G	T	6771	5775	38	1	1	34	0.000147667	6772	0.992204	FALSE	ORF1ab:cds-YP_009725295.1	AGG	R	ATG	M	1566
NC_045512.2	4964	A	C	6710	5734	38	1	0	34	0.000149009	6711	0.992204	FALSE	ORF1ab:cds-YP_009724389.1	ACT	T	CCT	P	1567
NC_045512.2	4964	A	C	6710	5734	38	1	0	34	0.000149009	6711	0.992204	FALSE	ORF1ab:cds-YP_009725295.1	ACT	T	CCT	P	1567
NC_045512.2	4965	C	A	6942	5787	37	1	1	26	0.00014403	6943	1	FALSE	ORF1ab:cds-YP_009724389.1	ACT	T	AAT	N	1567
NC_045512.2	4965	C	A	6942	5787	37	1	1	26	0.00014403	6943	1	FALSE	ORF1ab:cds-YP_009725295.1	ACT	T	AAT	N	1567
NC_045512.2	4966	T	A	6146	5009	36	2	1	25	0.000325309	6148	1	FALSE	ORF1ab:cds-YP_009724389.1	ACT	T	ACA	T	1567
NC_045512.2	4966	T	A	6146	5009	36	2	1	25	0.000325309	6148	1	FALSE	ORF1ab:cds-YP_009725295.1	ACT	T	ACA	T	1567
NC_045512.2	4970	A	C	6628	5476	37	5	5	30	0.000753807	6633	0.725756	FALSE	ORF1ab:cds-YP_009724389.1	AAG	K	CAG	Q	1569
NC_045512.2	4970	A	C	6628	5476	37	5	5	30	0.000753807	6633	0.725756	FALSE	ORF1ab:cds-YP_009725295.1	AAG	K	CAG	Q	1569
NC_045512.2	4973	G	C	6621	5495	36	1	1	26	0.000151012	6622	1	FALSE	ORF1ab:cds-YP_009724389.1	GTG	V	CTG	L	1570
NC_045512.2	4973	G	C	6621	5495	36	1	1	26	0.000151012	6622	1	FALSE	ORF1ab:cds-YP_009725295.1	GTG	V	CTG	L	1570
NC_045512.2	4974	T	G	5658	4569	36	1	1	34	0.00017671	5659	0.984404	FALSE	ORF1ab:cds-YP_009724389.1	GTG	V	GGG	G	1570
NC_045512.2	4974	T	G	5658	4569	36	1	1	34	0.00017671	5659	0.984404	FALSE	ORF1ab:cds-YP_009725295.1	GTG	V	GGG	G	1570
NC_045512.2	4979	A	T	5270	4121	35	1	1	34	0.000189717	5271	0.984406	FALSE	ORF1ab:cds-YP_009724389.1	ACA	T	TCA	S	1572
NC_045512.2	4979	A	T	5270	4121	35	1	1	34	0.000189717	5271	0.984406	FALSE	ORF1ab:cds-YP_009725295.1	ACA	T	TCA	S	1572
NC_045512.2	4980	C	A	5414	4256	36	1	1	26	0.000184672	5415	1	FALSE	ORF1ab:cds-YP_009724389.1	ACA	T	AAA	K	1572
NC_045512.2	4980	C	A	5414	4256	36	1	1	26	0.000184672	5415	1	FALSE	ORF1ab:cds-YP_009725295.1	ACA	T	AAA	K	1572
NC_045512.2	4982	A	G	5317	4118	36	2	2	34	0.000376011	5319	0.937593	FALSE	ORF1ab:cds-YP_009724389.1	ACA	T	GCA	A	1573
NC_045512.2	4982	A	G	5317	4118	36	2	2	34	0.000376011	5319	0.937593	FALSE	ORF1ab:cds-YP_009725295.1	ACA	T	GCA	A	1573
NC_045512.2	4990	C	T	4330	3132	35	1	0	34	0.000230787	4333	0.968768	FALSE	ORF1ab:cds-YP_009724389.1	GAC	D	GAT	D	1575
NC_045512.2	4990	C	T	4330	3132	35	1	0	34	0.000230787	4333	0.968768	FALSE	ORF1ab:cds-YP_009725295.1	GAC	D	GAT	D	1575
NC_045512.2	4990	C	A	4330	3132	35	2	2	26	0.000461574	4333	1	FALSE	ORF1ab:cds-YP_009724389.1	GAC	D	GAA	E	1575
NC_045512.2	4990	C	A	4330	3132	35	2	2	26	0.000461574	4333	1	FALSE	ORF1ab:cds-YP_009725295.1	GAC	D	GAA	E	1575
NC_045512.2	4991	A	G	3915	2735	35	2	1	34	0.000510595	3917	0.81266	FALSE	ORF1ab:cds-YP_009724389.1	AAC	N	GAC	D	1576
NC_045512.2	4991	A	G	3915	2735	35	2	1	34	0.000510595	3917	0.81266	FALSE	ORF1ab:cds-YP_009725295.1	AAC	N	GAC	D	1576
NC_045512.2	4995	T	G	1395	109	36	2	0	34	0.00143062	1398	0.5	FALSE	ORF1ab:cds-YP_009724389.1	ATT	I	AGT	S	1577
NC_045512.2	4995	T	G	1395	109	36	2	0	34	0.00143062	1398	0.5	FALSE	ORF1ab:cds-YP_009725295.1	ATT	I	AGT	S	1577
NC_045512.2	4995	T	A	1395	109	36	1	0	34	0.000715308	1398	0.74991	FALSE	ORF1ab:cds-YP_009724389.1	ATT	I	AAT	N	1577
NC_045512.2	4995	T	A	1395	109	36	1	0	34	0.000715308	1398	0.74991	FALSE	ORF1ab:cds-YP_009725295.1	ATT	I	AAT	N	1577
NC_045512.2	5004	A	G	1435	112	36	1	0	34	0.000696379	1436	0.750261	FALSE	ORF1ab:cds-YP_009724389.1	CAC	H	CGC	R	1580
NC_045512.2	5004	A	G	1435	112	36	1	0	34	0.000696379	1436	0.750261	FALSE	ORF1ab:cds-YP_009725295.1	CAC	H	CGC	R	1580
NC_045512.2	5005	C	T	1513	125	36	1	0	34	0.000660502	1514	0.750248	FALSE	ORF1ab:cds-YP_009724389.1	CAC	H	CAT	H	1580
NC_045512.2	5005	C	T	1513	125	36	1	0	34	0.000660502	1514	0.750248	FALSE	ORF1ab:cds-YP_009725295.1	CAC	H	CAT	H	1580
NC_045512.2	5006	A	G	1504	127	36	1	0	34	0.000664452	1505	0.750249	FALSE	ORF1ab:cds-YP_009724389.1	ACG	T	GCG	A	1581
NC_045512.2	5006	A	G	1504	127	36	1	0	34	0.000664452	1505	0.750249	FALSE	ORF1ab:cds-YP_009725295.1	ACG	T	GCG	A	1581
NC_045512.2	5027	A	G	1403	182	35	1	0	34	0.000712251	1404	0.750267	FALSE	ORF1ab:cds-YP_009724389.1	ATG	M	GTG	V	1588
NC_045512.2	5027	A	G	1403	182	35	1	0	34	0.000712251	1404	0.750267	FALSE	ORF1ab:cds-YP_009725295.1	ATG	M	GTG	V	1588
NC_045512.2	5032	A	G	1922	196	37	1	0	34	0.000519751	1924	0.750065	FALSE	ORF1ab:cds-YP_009724389.1	ACA	T	ACG	T	1589
NC_045512.2	5032	A	G	1922	196	37	1	0	34	0.000519751	1924	0.750065	FALSE	ORF1ab:cds-YP_009725295.1	ACA	T	ACG	T	1589
NC_045512.2	5032	A	C	1922	196	37	1	1	34	0.000519751	1924	0.750065	FALSE	ORF1ab:cds-YP_009724389.1	ACA	T	ACC	T	1589
NC_045512.2	5032	A	C	1922	196	37	1	1	34	0.000519751	1924	0.750065	FALSE	ORF1ab:cds-YP_009725295.1	ACA	T	ACC	T	1589
NC_045512.2	5041	A	G	1973	219	38	1	1	34	0.000506586	1974	0.75019	FALSE	ORF1ab:cds-YP_009724389.1	CAA	Q	CAG	Q	1592
NC_045512.2	5041	A	G	1973	219	38	1	1	34	0.000506586	1974	0.75019	FALSE	ORF1ab:cds-YP_009725295.1	CAA	Q	CAG	Q	1592
NC_045512.2	5045	T	G	1956	240	38	1	0	34	0.000510986	1957	0.750192	FALSE	ORF1ab:cds-YP_009724389.1	TTT	F	GTT	V	1594
NC_045512.2	5045	T	G	1956	240	38	1	0	34	0.000510986	1957	0.750192	FALSE	ORF1ab:cds-YP_009725295.1	TTT	F	GTT	V	1594
NC_045512.2	5052	C	T	1870	306	39	1	0	34	0.000534474	1871	0.7502	FALSE	ORF1ab:cds-YP_009724389.1	CCA	P	CTA	L	1596
NC_045512.2	5052	C	T	1870	306	39	1	0	34	0.000534474	1871	0.7502	FALSE	ORF1ab:cds-YP_009725295.1	CCA	P	CTA	L	1596
NC_045512.2	5062	G	T	1756	354	40	1	0	34	0.000568828	1758	0.750071	FALSE	ORF1ab:cds-YP_009724389.1	TTG	L	TTT	F	1599
NC_045512.2	5062	G	T	1756	354	40	1	0	34	0.000568828	1758	0.750071	FALSE	ORF1ab:cds-YP_009725295.1	TTG	L	TTT	F	1599
NC_045512.2	5062	G	A	1756	354	40	1	0	34	0.000568828	1758	0.750071	FALSE	ORF1ab:cds-YP_009724389.1	TTG	L	TTA	L	1599
NC_045512.2	5062	G	A	1756	354	40	1	0	34	0.000568828	1758	0.750071	FALSE	ORF1ab:cds-YP_009725295.1	TTG	L	TTA	L	1599
NC_045512.2	5063	G	C	1734	349	39	1	1	34	0.000576369	1735	0.750216	FALSE	ORF1ab:cds-YP_009724389.1	GAT	D	CAT	H	1600
NC_045512.2	5063	G	C	1734	349	39	1	1	34	0.000576369	1735	0.750216	FALSE	ORF1ab:cds-YP_009725295.1	GAT	D	CAT	H	1600
NC_045512.2	5068	A	G	1663	446	39	1	0	34	0.000600601	1665	0.750075	FALSE	ORF1ab:cds-YP_009724389.1	GGA	G	GGG	G	1601
NC_045512.2	5068	A	G	1663	446	39	1	0	34	0.000600601	1665	0.750075	FALSE	ORF1ab:cds-YP_009725295.1	GGA	G	GGG	G	1601
NC_045512.2	5068	A	C	1663	446	39	1	1	34	0.000600601	1665	0.750075	FALSE	ORF1ab:cds-YP_009724389.1	GGA	G	GGC	G	1601
NC_045512.2	5068	A	C	1663	446	39	1	1	34	0.000600601	1665	0.750075	FALSE	ORF1ab:cds-YP_009725295.1	GGA	G	GGC	G	1601
NC_045512.2	5074	T	G	1669	477	39	1	0	34	0.000598802	1670	0.750225	FALSE	ORF1ab:cds-YP_009724389.1	GAT	D	GAG	E	1603
NC_045512.2	5074	T	G	1669	477	39	1	0	34	0.000598802	1670	0.750225	FALSE	ORF1ab:cds-YP_009725295.1	GAT	D	GAG	E	1603
NC_045512.2	5075	G	T	1690	485	39	1	0	34	0.000591366	1691	0.750222	FALSE	ORF1ab:cds-YP_009724389.1	GTT	V	TTT	F	1604
NC_045512.2	5075	G	T	1690	485	39	1	0	34	0.000591366	1691	0.750222	FALSE	ORF1ab:cds-YP_009725295.1	GTT	V	TTT	F	1604
NC_045512.2	5086	A	C	1500	572	38	1	1	26	0.000666223	1501	0.999985	FALSE	ORF1ab:cds-YP_009724389.1	ATA	I	ATC	I	1607
NC_045512.2	5086	A	C	1500	572	38	1	1	26	0.000666223	1501	0.999985	FALSE	ORF1ab:cds-YP_009725295.1	ATA	I	ATC	I	1607
NC_045512.2	5099	T	C	1400	616	38	1	0	34	0.000713776	1401	0.750268	FALSE	ORF1ab:cds-YP_009724389.1	TCA	S	CCA	P	1612
NC_045512.2	5099	T	C	1400	616	38	1	0	34	0.000713776	1401	0.750268	FALSE	ORF1ab:cds-YP_009725295.1	TCA	S	CCA	P	1612
NC_045512.2	5114	A	C	1399	778	39	1	1	34	0.000714286	1400	0.750268	FALSE	ORF1ab:cds-YP_009724389.1	ACA	T	CCA	P	1617
NC_045512.2	5114	A	C	1399	778	39	1	1	34	0.000714286	1400	0.750268	FALSE	ORF1ab:cds-YP_009725295.1	ACA	T	CCA	P	1617
NC_045512.2	5131	T	C	1237	777	37	1	1	34	0.000807754	1238	0.750303	FALSE	ORF1ab:cds-YP_009724389.1	CCT	P	CCC	P	1622
NC_045512.2	5131	T	C	1237	777	37	1	1	34	0.000807754	1238	0.750303	FALSE	ORF1ab:cds-YP_009725295.1	CCT	P	CCC	P	1622
NC_045512.2	5132	A	G	1270	791	37	1	1	34	0.000786782	1271	0.750295	FALSE	ORF1ab:cds-YP_009724389.1	AAT	N	GAT	D	1623
NC_045512.2	5132	A	G	1270	791	37	1	1	34	0.000786782	1271	0.750295	FALSE	ORF1ab:cds-YP_009725295.1	AAT	N	GAT	D	1623
NC_045512.2	5144	C	G	1331	805	36	1	0	26	0.000750751	1332	0.999941	FALSE	ORF1ab:cds-YP_009724389.1	CTA	L	GTA	V	1627
NC_045512.2	5144	C	G	1331	805	36	1	0	26	0.000750751	1332	0.999941	FALSE	ORF1ab:cds-YP_009725295.1	CTA	L	GTA	V	1627
NC_045512.2	5145	T	C	1291	761	36	2	2	34	0.00154679	1293	0.50029	FALSE	ORF1ab:cds-YP_009724389.1	CTA	L	CCA	P	1627
NC_045512.2	5145	T	C	1291	761	36	2	2	34	0.00154679	1293	0.50029	FALSE	ORF1ab:cds-YP_009725295.1	CTA	L	CCA	P	1627
NC_045512.2	5150	G	T	1322	793	36	1	0	34	0.000755858	1323	0.750284	FALSE	ORF1ab:cds-YP_009724389.1	GTT	V	TTT	F	1629
NC_045512.2	5150	G	T	1322	793	36	1	0	34	0.000755858	1323	0.750284	FALSE	ORF1ab:cds-YP_009725295.1	GTT	V	TTT	F	1629
NC_045512.2	5154	A	T	1322	809	36	1	1	27	0.000755858	1323	0.999941	FALSE	ORF1ab:cds-YP_009724389.1	GAG	E	GTG	V	1630
NC_045512.2	5154	A	T	1322	809	36	1	1	27	0.000755858	1323	0.999941	FALSE	ORF1ab:cds-YP_009725295.1	GAG	E	GTG	V	1630
NC_045512.2	5158	T	G	1349	874	36	1	0	34	0.000740741	1350	0.750278	FALSE	ORF1ab:cds-YP_009724389.1	GCT	A	GCG	A	1631
NC_045512.2	5158	T	G	1349	874	36	1	0	34	0.000740741	1350	0.750278	FALSE	ORF1ab:cds-YP_009725295.1	GCT	A	GCG	A	1631
NC_045512.2	5159	T	C	1251	769	35	1	1	34	0.000798722	1252	0.7503	FALSE	ORF1ab:cds-YP_009724389.1	TTT	F	CTT	L	1632
NC_045512.2	5159	T	C	1251	769	35	1	1	34	0.000798722	1252	0.7503	FALSE	ORF1ab:cds-YP_009725295.1	TTT	F	CTT	L	1632
NC_045512.2	5160	T	G	1384	897	37	1	0	34	0.000722022	1385	0.750271	FALSE	ORF1ab:cds-YP_009724389.1	TTT	F	TGT	C	1632
NC_045512.2	5160	T	G	1384	897	37	1	0	34	0.000722022	1385	0.750271	FALSE	ORF1ab:cds-YP_009725295.1	TTT	F	TGT	C	1632
NC_045512.2	5163	A	G	1415	913	37	1	1	34	0.000706215	1416	0.750265	FALSE	ORF1ab:cds-YP_009724389.1	GAG	E	GGG	G	1633
NC_045512.2	5163	A	G	1415	913	37	1	1	34	0.000706215	1416	0.750265	FALSE	ORF1ab:cds-YP_009725295.1	GAG	E	GGG	G	1633
NC_045512.2	5168	T	C	1333	868	36	1	0	34	0.000749625	1334	0.750281	FALSE	ORF1ab:cds-YP_009724389.1	TAC	Y	CAC	H	1635
NC_045512.2	5168	T	C	1333	868	36	1	0	34	0.000749625	1334	0.750281	FALSE	ORF1ab:cds-YP_009725295.1	TAC	Y	CAC	H	1635
NC_045512.2	5178	C	A	1370	901	37	1	1	34	0.000729395	1371	0.750274	FALSE	ORF1ab:cds-YP_009724389.1	ACT	T	AAT	N	1638
NC_045512.2	5178	C	A	1370	901	37	1	1	34	0.000729395	1371	0.750274	FALSE	ORF1ab:cds-YP_009725295.1	ACT	T	AAT	N	1638
NC_045512.2	5183	C	T	676	430	36	636	414	37	0.484756	1312	2.53535e-234	TRUE	ORF1ab:cds-YP_009724389.1	CCT	P	TCT	S	1640
NC_045512.2	5183	C	T	676	430	36	636	414	37	0.484756	1312	2.53535e-234	TRUE	ORF1ab:cds-YP_009725295.1	CCT	P	TCT	S	1640
NC_045512.2	5188	T	G	1375	936	37	1	0	34	0.000726744	1376	0.750273	FALSE	ORF1ab:cds-YP_009724389.1	AGT	S	AGG	R	1641
NC_045512.2	5188	T	G	1375	936	37	1	0	34	0.000726744	1376	0.750273	FALSE	ORF1ab:cds-YP_009725295.1	AGT	S	AGG	R	1641
NC_045512.2	5191	T	G	1421	991	37	1	0	34	0.000703235	1422	0.750264	FALSE	ORF1ab:cds-YP_009724389.1	TTT	F	TTG	L	1642
NC_045512.2	5191	T	G	1421	991	37	1	0	34	0.000703235	1422	0.750264	FALSE	ORF1ab:cds-YP_009725295.1	TTT	F	TTG	L	1642
NC_045512.2	5198	A	T	1498	1065	38	1	1	26	0.000667111	1499	0.999971	FALSE	ORF1ab:cds-YP_009724389.1	AGG	R	TGG	W	1645
NC_045512.2	5198	A	T	1498	1065	38	1	1	26	0.000667111	1499	0.999971	FALSE	ORF1ab:cds-YP_009725295.1	AGG	R	TGG	W	1645
NC_045512.2	5199	G	C	1511	1065	38	1	1	34	0.000661376	1512	0.750248	FALSE	ORF1ab:cds-YP_009724389.1	AGG	R	ACG	T	1645
NC_045512.2	5199	G	C	1511	1065	38	1	1	34	0.000661376	1512	0.750248	FALSE	ORF1ab:cds-YP_009725295.1	AGG	R	ACG	T	1645
NC_045512.2	5212	A	G	1587	1201	41	3	2	34	0.00188679	1590	0.312618	FALSE	ORF1ab:cds-YP_009724389.1	GCA	A	GCG	A	1649
NC_045512.2	5212	A	G	1587	1201	41	3	2	34	0.00188679	1590	0.312618	FALSE	ORF1ab:cds-YP_009725295.1	GCA	A	GCG	A	1649
NC_045512.2	5218	T	A	1661	1343	40	1	1	26	0.000601685	1662	0.999993	FALSE	ORF1ab:cds-YP_009724389.1	AAT	N	AAA	K	1651
NC_045512.2	5218	T	A	1661	1343	40	1	1	26	0.000601685	1662	0.999993	FALSE	ORF1ab:cds-YP_009725295.1	AAT	N	AAA	K	1651
NC_045512.2	5221	C	T	1683	1367	41	1	1	68	0.000593824	1684	0.500149	FALSE	ORF1ab:cds-YP_009724389.1	CAC	H	CAT	H	1652
NC_045512.2	5221	C	T	1683	1367	41	1	1	68	0.000593824	1684	0.500149	FALSE	ORF1ab:cds-YP_009725295.1	CAC	H	CAT	H	1652
NC_045512.2	5224	T	C	1671	1359	41	1	1	34	0.000598086	1672	0.750224	FALSE	ORF1ab:cds-YP_009724389.1	ACT	T	ACC	T	1653
NC_045512.2	5224	T	C	1671	1359	41	1	1	34	0.000598086	1672	0.750224	FALSE	ORF1ab:cds-YP_009725295.1	ACT	T	ACC	T	1653
NC_045512.2	5227	A	C	1663	1351	41	1	1	27	0.000600962	1664	0.999993	FALSE	ORF1ab:cds-YP_009724389.1	AAA	K	AAC	N	1654
NC_045512.2	5227	A	C	1663	1351	41	1	1	27	0.000600962	1664	0.999993	FALSE	ORF1ab:cds-YP_009725295.1	AAA	K	AAC	N	1654
NC_045512.2	5230	G	C	1667	1373	41	2	2	30	0.00119832	1669	0.500225	FALSE	ORF1ab:cds-YP_009724389.1	AAG	K	AAC	N	1655
NC_045512.2	5230	G	C	1667	1373	41	2	2	30	0.00119832	1669	0.500225	FALSE	ORF1ab:cds-YP_009725295.1	AAG	K	AAC	N	1655
NC_045512.2	5231	T	G	1621	1327	40	1	1	26	0.000616523	1622	0.999993	FALSE	ORF1ab:cds-YP_009724389.1	TGG	W	GGG	G	1656
NC_045512.2	5231	T	G	1621	1327	40	1	1	26	0.000616523	1622	0.999993	FALSE	ORF1ab:cds-YP_009725295.1	TGG	W	GGG	G	1656
NC_045512.2	5232	G	C	1645	1349	41	1	1	26	0.000607533	1646	0.999993	FALSE	ORF1ab:cds-YP_009724389.1	TGG	W	TCG	S	1656
NC_045512.2	5232	G	C	1645	1349	41	1	1	26	0.000607533	1646	0.999993	FALSE	ORF1ab:cds-YP_009725295.1	TGG	W	TCG	S	1656
NC_045512.2	5254	T	G	1310	1123	38	1	1	26	0.000762777	1311	0.999941	FALSE	ORF1ab:cds-YP_009724389.1	GGT	G	GGG	G	1663
NC_045512.2	5254	T	G	1310	1123	38	1	1	26	0.000762777	1311	0.999941	FALSE	ORF1ab:cds-YP_009725295.1	GGT	G	GGG	G	1663
NC_045512.2	5255	T	G	1306	1122	39	1	1	26	0.000765111	1307	0.999941	FALSE	ORF1ab:cds-YP_009724389.1	TTA	L	GTA	V	1664
NC_045512.2	5255	T	G	1306	1122	39	1	1	26	0.000765111	1307	0.999941	FALSE	ORF1ab:cds-YP_009725295.1	TTA	L	GTA	V	1664
NC_045512.2	5259	C	A	1291	1123	38	1	1	34	0.000773994	1292	0.75029	FALSE	ORF1ab:cds-YP_009724389.1	ACT	T	AAT	N	1665
NC_045512.2	5259	C	A	1291	1123	38	1	1	34	0.000773994	1292	0.75029	FALSE	ORF1ab:cds-YP_009725295.1	ACT	T	AAT	N	1665
NC_045512.2	5276	G	T	1403	995	36	1	0	34	0.000712251	1404	0.750267	FALSE	ORF1ab:cds-YP_009724389.1	GAT	D	TAT	Y	1671
NC_045512.2	5276	G	T	1403	995	36	1	0	34	0.000712251	1404	0.750267	FALSE	ORF1ab:cds-YP_009725295.1	GAT	D	TAT	Y	1671
NC_045512.2	5277	A	T	1389	999	36	1	0	38	0.000719424	1390	0.75027	FALSE	ORF1ab:cds-YP_009724389.1	GAT	D	GTT	V	1671
NC_045512.2	5277	A	T	1389	999	36	1	0	38	0.000719424	1390	0.75027	FALSE	ORF1ab:cds-YP_009725295.1	GAT	D	GTT	V	1671
NC_045512.2	5280	A	T	1399	978	36	1	1	34	0.000714286	1400	0.750268	FALSE	ORF1ab:cds-YP_009724389.1	AAC	N	ATC	I	1672
NC_045512.2	5280	A	T	1399	978	36	1	1	34	0.000714286	1400	0.750268	FALSE	ORF1ab:cds-YP_009725295.1	AAC	N	ATC	I	1672
NC_045512.2	5282	A	T	1385	972	36	1	1	34	0.000721501	1386	0.750271	FALSE	ORF1ab:cds-YP_009724389.1	AAC	N	TAC	Y	1673
NC_045512.2	5282	A	T	1385	972	36	1	1	34	0.000721501	1386	0.750271	FALSE	ORF1ab:cds-YP_009725295.1	AAC	N	TAC	Y	1673
NC_045512.2	5283	A	T	1391	956	36	1	1	34	0.000718391	1392	0.750269	FALSE	ORF1ab:cds-YP_009724389.1	AAC	N	ATC	I	1673
NC_045512.2	5283	A	T	1391	956	36	1	1	34	0.000718391	1392	0.750269	FALSE	ORF1ab:cds-YP_009725295.1	AAC	N	ATC	I	1673
NC_045512.2	5288	T	C	1270	785	36	1	1	34	0.000786782	1271	0.750295	FALSE	ORF1ab:cds-YP_009724389.1	TAT	Y	CAT	H	1675
NC_045512.2	5288	T	C	1270	785	36	1	1	34	0.000786782	1271	0.750295	FALSE	ORF1ab:cds-YP_009725295.1	TAT	Y	CAT	H	1675
NC_045512.2	5289	A	T	1295	823	36	1	0	26	0.000771605	1296	0.999882	FALSE	ORF1ab:cds-YP_009724389.1	TAT	Y	TTT	F	1675
NC_045512.2	5289	A	T	1295	823	36	1	0	26	0.000771605	1296	0.999882	FALSE	ORF1ab:cds-YP_009725295.1	TAT	Y	TTT	F	1675
NC_045512.2	5298	C	T	1201	724	35	1	1	34	0.000831947	1202	0.750312	FALSE	ORF1ab:cds-YP_009724389.1	ACT	T	ATT	I	1678
NC_045512.2	5298	C	T	1201	724	35	1	1	34	0.000831947	1202	0.750312	FALSE	ORF1ab:cds-YP_009725295.1	ACT	T	ATT	I	1678
NC_045512.2	5321	A	C	756	142	37	1	0	26	0.001321	757	0.996186	FALSE	ORF1ab:cds-YP_009724389.1	ATA	I	CTA	L	1686
NC_045512.2	5321	A	C	756	142	37	1	0	26	0.001321	757	0.996186	FALSE	ORF1ab:cds-YP_009725295.1	ATA	I	CTA	L	1686
NC_045512.2	5328	T	G	834	172	38	1	0	26	0.0011976	835	0.998099	FALSE	ORF1ab:cds-YP_009724389.1	TTG	L	TGG	W	1688
NC_045512.2	5328	T	G	834	172	38	1	0	26	0.0011976	835	0.998099	FALSE	ORF1ab:cds-YP_009725295.1	TTG	L	TGG	W	1688
NC_045512.2	5355	A	T	854	237	37	1	0	27	0.00116959	855	0.998098	FALSE	ORF1ab:cds-YP_009724389.1	GAT	D	GTT	V	1697
NC_045512.2	5355	A	T	854	237	37	1	0	27	0.00116959	855	0.998098	FALSE	ORF1ab:cds-YP_009725295.1	GAT	D	GTT	V	1697
NC_045512.2	5370	C	T	994	236	38	1	1	34	0.00100402	996	0.5	FALSE	ORF1ab:cds-YP_009724389.1	GCA	A	GTA	V	1702
NC_045512.2	5370	C	T	994	236	38	1	1	34	0.00100402	996	0.5	FALSE	ORF1ab:cds-YP_009725295.1	GCA	A	GTA	V	1702
NC_045512.2	5370	C	G	994	236	38	1	0	34	0.00100402	996	0.5	FALSE	ORF1ab:cds-YP_009724389.1	GCA	A	GGA	G	1702
NC_045512.2	5370	C	G	994	236	38	1	0	34	0.00100402	996	0.5	FALSE	ORF1ab:cds-YP_009725295.1	GCA	A	GGA	G	1702
NC_045512.2	5417	T	C	696	246	36	1	0	34	0.00143472	697	0.500359	FALSE	ORF1ab:cds-YP_009724389.1	TGT	C	CGT	R	1718
NC_045512.2	5417	T	C	696	246	36	1	0	34	0.00143472	697	0.500359	FALSE	ORF1ab:cds-YP_009725295.1	TGT	C	CGT	R	1718
NC_045512.2	5422	T	C	750	249	36	1	0	34	0.00133156	751	0.500333	FALSE	ORF1ab:cds-YP_009724389.1	AAT	N	AAC	N	1719
NC_045512.2	5422	T	C	750	249	36	1	0	34	0.00133156	751	0.500333	FALSE	ORF1ab:cds-YP_009725295.1	AAT	N	AAC	N	1719
NC_045512.2	5423	A	T	702	256	36	1	0	26	0.00142248	703	0.996193	FALSE	ORF1ab:cds-YP_009724389.1	AAG	K	TAG	*	1720
NC_045512.2	5423	A	T	702	256	36	1	0	26	0.00142248	703	0.996193	FALSE	ORF1ab:cds-YP_009725295.1	AAG	K	TAG	*	1720
NC_045512.2	5439	T	C	776	275	37	1	1	34	0.001287	777	0.500322	FALSE	ORF1ab:cds-YP_009724389.1	TTA	L	TCA	S	1725
NC_045512.2	5439	T	C	776	275	37	1	1	34	0.001287	777	0.500322	FALSE	ORF1ab:cds-YP_009725295.1	TTA	L	TCA	S	1725
NC_045512.2	5443	T	C	773	277	37	1	0	34	0.00129199	774	0.500323	FALSE	ORF1ab:cds-YP_009724389.1	GGT	G	GGC	G	1726
NC_045512.2	5443	T	C	773	277	37	1	0	34	0.00129199	774	0.500323	FALSE	ORF1ab:cds-YP_009725295.1	GGT	G	GGC	G	1726
NC_045512.2	5448	T	C	728	268	36	1	0	26	0.00137174	729	0.99619	FALSE	ORF1ab:cds-YP_009724389.1	GTT	V	GCT	A	1728
NC_045512.2	5448	T	C	728	268	36	1	0	26	0.00137174	729	0.99619	FALSE	ORF1ab:cds-YP_009725295.1	GTT	V	GCT	A	1728
NC_045512.2	5462	A	C	713	374	37	1	1	34	0.00140056	714	0.50035	FALSE	ORF1ab:cds-YP_009724389.1	AGT	S	CGT	R	1733
NC_045512.2	5462	A	C	713	374	37	1	1	34	0.00140056	714	0.50035	FALSE	ORF1ab:cds-YP_009725295.1	AGT	S	CGT	R	1733
NC_045512.2	5472	T	C	782	491	38	1	1	68	0.00127714	783	0.500319	FALSE	ORF1ab:cds-YP_009724389.1	TTT	F	TCT	S	1736
NC_045512.2	5472	T	C	782	491	38	1	1	68	0.00127714	783	0.500319	FALSE	ORF1ab:cds-YP_009725295.1	TTT	F	TCT	S	1736
NC_045512.2	5484	A	C	890	634	38	1	0	34	0.00112233	891	0.500281	FALSE	ORF1ab:cds-YP_009724389.1	AAT	N	ACT	T	1740
NC_045512.2	5484	A	C	890	634	38	1	0	34	0.00112233	891	0.500281	FALSE	ORF1ab:cds-YP_009725295.1	AAT	N	ACT	T	1740
NC_045512.2	5497	C	T	986	745	39	2	0	34	0.00202429	988	0.250127	FALSE	ORF1ab:cds-YP_009724389.1	TGC	C	TGT	C	1744
NC_045512.2	5497	C	T	986	745	39	2	0	34	0.00202429	988	0.250127	FALSE	ORF1ab:cds-YP_009725295.1	TGC	C	TGT	C	1744
NC_045512.2	5498	A	G	981	745	39	1	0	68	0.00101833	982	0.500255	FALSE	ORF1ab:cds-YP_009724389.1	AAA	K	GAA	E	1745
NC_045512.2	5498	A	G	981	745	39	1	0	68	0.00101833	982	0.500255	FALSE	ORF1ab:cds-YP_009725295.1	AAA	K	GAA	E	1745
NC_045512.2	5507	T	C	995	774	38	1	1	26	0.00100402	996	0.99905	FALSE	ORF1ab:cds-YP_009724389.1	TTG	L	CTG	L	1748
NC_045512.2	5507	T	C	995	774	38	1	1	26	0.00100402	996	0.99905	FALSE	ORF1ab:cds-YP_009725295.1	TTG	L	CTG	L	1748
NC_045512.2	5510	A	G	1003	776	38	1	1	34	0.000996016	1004	0.750374	FALSE	ORF1ab:cds-YP_009724389.1	AAC	N	GAC	D	1749
NC_045512.2	5510	A	G	1003	776	38	1	1	34	0.000996016	1004	0.750374	FALSE	ORF1ab:cds-YP_009725295.1	AAC	N	GAC	D	1749
NC_045512.2	5517	T	C	958	755	38	1	1	34	0.00104275	959	0.500261	FALSE	ORF1ab:cds-YP_009724389.1	GTG	V	GCG	A	1751
NC_045512.2	5517	T	C	958	755	38	1	1	34	0.00104275	959	0.500261	FALSE	ORF1ab:cds-YP_009725295.1	GTG	V	GCG	A	1751
NC_045512.2	5518	G	T	983	769	38	1	1	34	0.00101626	984	0.500254	FALSE	ORF1ab:cds-YP_009724389.1	GTG	V	GTT	V	1751
NC_045512.2	5518	G	T	983	769	38	1	1	34	0.00101626	984	0.500254	FALSE	ORF1ab:cds-YP_009725295.1	GTG	V	GTT	V	1751
NC_045512.2	5519	T	C	951	773	36	1	1	34	0.00105042	952	0.500263	FALSE	ORF1ab:cds-YP_009724389.1	TGT	C	CGT	R	1752
NC_045512.2	5519	T	C	951	773	36	1	1	34	0.00105042	952	0.500263	FALSE	ORF1ab:cds-YP_009725295.1	TGT	C	CGT	R	1752
NC_045512.2	5524	A	C	1046	899	37	1	1	34	0.00095511	1047	0.750358	FALSE	ORF1ab:cds-YP_009724389.1	AAA	K	AAC	N	1753
NC_045512.2	5524	A	C	1046	899	37	1	1	34	0.00095511	1047	0.750358	FALSE	ORF1ab:cds-YP_009725295.1	AAA	K	AAC	N	1753
NC_045512.2	5534	C	T	1253	1156	38	1	1	34	0.000797448	1254	0.750299	FALSE	ORF1ab:cds-YP_009724389.1	CAA	Q	TAA	*	1757
NC_045512.2	5534	C	T	1253	1156	38	1	1	34	0.000797448	1254	0.750299	FALSE	ORF1ab:cds-YP_009725295.1	CAA	Q	TAA	*	1757
NC_045512.2	5535	A	G	1225	1128	37	1	1	34	0.000815661	1226	0.750306	FALSE	ORF1ab:cds-YP_009724389.1	CAA	Q	CGA	R	1757
NC_045512.2	5535	A	G	1225	1128	37	1	1	34	0.000815661	1226	0.750306	FALSE	ORF1ab:cds-YP_009725295.1	CAA	Q	CGA	R	1757
NC_045512.2	5542	G	A	1189	1116	37	1	0	68	0.000840336	1190	0.50021	FALSE	ORF1ab:cds-YP_009724389.1	CAG	Q	CAA	Q	1759
NC_045512.2	5542	G	A	1189	1116	37	1	0	68	0.000840336	1190	0.50021	FALSE	ORF1ab:cds-YP_009725295.1	CAG	Q	CAA	Q	1759
NC_045512.2	5545	A	C	1160	1090	37	2	2	34	0.00172117	1162	0.500323	FALSE	ORF1ab:cds-YP_009724389.1	ACA	T	ACC	T	1760
NC_045512.2	5545	A	C	1160	1090	37	2	2	34	0.00172117	1162	0.500323	FALSE	ORF1ab:cds-YP_009725295.1	ACA	T	ACC	T	1760
NC_045512.2	5553	A	G	1140	1085	36	1	1	26	0.000876424	1141	0.999764	FALSE	ORF1ab:cds-YP_009724389.1	AAG	K	AGG	R	1763
NC_045512.2	5553	A	G	1140	1085	36	1	1	26	0.000876424	1141	0.999764	FALSE	ORF1ab:cds-YP_009725295.1	AAG	K	AGG	R	1763
NC_045512.2	5557	T	A	942	890	36	1	1	26	0.00106045	943	0.999052	FALSE	ORF1ab:cds-YP_009724389.1	GGT	G	GGA	G	1764
NC_045512.2	5557	T	A	942	890	36	1	1	26	0.00106045	943	0.999052	FALSE	ORF1ab:cds-YP_009725295.1	GGT	G	GGA	G	1764
NC_045512.2	5567	G	C	881	838	36	2	2	34	0.00226501	883	0.250142	FALSE	ORF1ab:cds-YP_009724389.1	GTT	V	CTT	L	1768
NC_045512.2	5567	G	C	881	838	36	2	2	34	0.00226501	883	0.250142	FALSE	ORF1ab:cds-YP_009725295.1	GTT	V	CTT	L	1768
NC_045512.2	5575	C	T	829	788	36	1	1	34	0.00120482	830	0.500301	FALSE	ORF1ab:cds-YP_009724389.1	TAC	Y	TAT	Y	1770
NC_045512.2	5575	C	T	829	788	36	1	1	34	0.00120482	830	0.500301	FALSE	ORF1ab:cds-YP_009725295.1	TAC	Y	TAT	Y	1770
NC_045512.2	5580	G	C	692	656	36	1	1	26	0.00144092	694	0.992306	FALSE	ORF1ab:cds-YP_009724389.1	GGC	G	GCC	A	1772
NC_045512.2	5580	G	C	692	656	36	1	1	26	0.00144092	694	0.992306	FALSE	ORF1ab:cds-YP_009725295.1	GGC	G	GCC	A	1772
NC_045512.2	5580	G	A	692	656	36	1	1	34	0.00144092	694	0.5	FALSE	ORF1ab:cds-YP_009724389.1	GGC	G	GAC	D	1772
NC_045512.2	5580	G	A	692	656	36	1	1	34	0.00144092	694	0.5	FALSE	ORF1ab:cds-YP_009725295.1	GGC	G	GAC	D	1772
NC_045512.2	5586	T	G	599	567	37	1	1	34	0.00166667	600	0.500417	FALSE	ORF1ab:cds-YP_009724389.1	CTT	L	CGT	R	1774
NC_045512.2	5586	T	G	599	567	37	1	1	34	0.00166667	600	0.500417	FALSE	ORF1ab:cds-YP_009725295.1	CTT	L	CGT	R	1774
NC_045512.2	5587	T	C	588	558	37	2	2	34	0.00338983	590	0.250212	FALSE	ORF1ab:cds-YP_009724389.1	CTT	L	CTC	L	1774
NC_045512.2	5587	T	C	588	558	37	2	2	34	0.00338983	590	0.250212	FALSE	ORF1ab:cds-YP_009725295.1	CTT	L	CTC	L	1774
NC_045512.2	5589	C	-T	3221	655	34	1	0	20	0.000310463	3221	1	FALSE	NA	NA	NA	NA	NA	NA
NC_045512.2	5598	A	G	3340	666	35	2	0	51	0.000598444	3342	0.250037	FALSE	ORF1ab:cds-YP_009724389.1	CAA	Q	CGA	R	1778
NC_045512.2	5598	A	G	3340	666	35	2	0	51	0.000598444	3342	0.250037	FALSE	ORF1ab:cds-YP_009725295.1	CAA	Q	CGA	R	1778
NC_045512.2	5599	A	C	3668	669	35	1	1	34	0.000272554	3669	0.937585	FALSE	ORF1ab:cds-YP_009724389.1	CAA	Q	CAC	H	1778
NC_045512.2	5599	A	C	3668	669	35	1	1	34	0.000272554	3669	0.937585	FALSE	ORF1ab:cds-YP_009725295.1	CAA	Q	CAC	H	1778
NC_045512.2	5600	T	G	3578	621	34	6	0	32	0.00167411	3584	0.253906	FALSE	ORF1ab:cds-YP_009724389.1	TTT	F	GTT	V	1779
NC_045512.2	5600	T	G	3578	621	34	6	0	32	0.00167411	3584	0.253906	FALSE	ORF1ab:cds-YP_009725295.1	TTT	F	GTT	V	1779
NC_045512.2	5602	T	G	3694	683	35	1	0	26	0.000270636	3695	1	FALSE	ORF1ab:cds-YP_009724389.1	TTT	F	TTG	L	1779
NC_045512.2	5602	T	G	3694	683	35	1	0	26	0.000270636	3695	1	FALSE	ORF1ab:cds-YP_009725295.1	TTT	F	TTG	L	1779
NC_045512.2	5608	A	G	4040	705	35	1	0	34	0.000247402	4042	0.968789	FALSE	ORF1ab:cds-YP_009724389.1	AAA	K	AAG	K	1781
NC_045512.2	5608	A	G	4040	705	35	1	0	34	0.000247402	4042	0.968789	FALSE	ORF1ab:cds-YP_009725295.1	AAA	K	AAG	K	1781
NC_045512.2	5608	A	C	4040	705	35	1	0	34	0.000247402	4042	0.968789	FALSE	ORF1ab:cds-YP_009724389.1	AAA	K	AAC	N	1781
NC_045512.2	5608	A	C	4040	705	35	1	0	34	0.000247402	4042	0.968789	FALSE	ORF1ab:cds-YP_009725295.1	AAA	K	AAC	N	1781
NC_045512.2	5609	G	T	4923	720	35	4	0	32	0.000811853	4927	0.636885	FALSE	ORF1ab:cds-YP_009724389.1	GGT	G	TGT	C	1782
NC_045512.2	5609	G	T	4923	720	35	4	0	32	0.000811853	4927	0.636885	FALSE	ORF1ab:cds-YP_009725295.1	GGT	G	TGT	C	1782
NC_045512.2	5610	G	T	5262	725	35	2	0	30	0.000379939	5264	0.937593	FALSE	ORF1ab:cds-YP_009724389.1	GGT	G	GTT	V	1782
NC_045512.2	5610	G	T	5262	725	35	2	0	30	0.000379939	5264	0.937593	FALSE	ORF1ab:cds-YP_009725295.1	GGT	G	GTT	V	1782
NC_045512.2	5612	G	T	5561	718	35	1	0	26	0.000179791	5562	1	FALSE	ORF1ab:cds-YP_009724389.1	GTT	V	TTT	F	1783
NC_045512.2	5612	G	T	5561	718	35	1	0	26	0.000179791	5562	1	FALSE	ORF1ab:cds-YP_009725295.1	GTT	V	TTT	F	1783
NC_045512.2	5613	T	C	5569	833	36	1	0	34	0.000179533	5570	0.984404	FALSE	ORF1ab:cds-YP_009724389.1	GTT	V	GCT	A	1783
NC_045512.2	5613	T	C	5569	833	36	1	0	34	0.000179533	5570	0.984404	FALSE	ORF1ab:cds-YP_009725295.1	GTT	V	GCT	A	1783
NC_045512.2	5614	T	G	5607	856	36	2	0	26	0.000356443	5611	1	FALSE	ORF1ab:cds-YP_009724389.1	GTT	V	GTG	V	1783
NC_045512.2	5614	T	G	5607	856	36	2	0	26	0.000356443	5611	1	FALSE	ORF1ab:cds-YP_009725295.1	GTT	V	GTG	V	1783
NC_045512.2	5614	T	C	5607	856	36	2	0	34	0.000356443	5611	0.937529	FALSE	ORF1ab:cds-YP_009724389.1	GTT	V	GTC	V	1783
NC_045512.2	5614	T	C	5607	856	36	2	0	34	0.000356443	5611	0.937529	FALSE	ORF1ab:cds-YP_009725295.1	GTT	V	GTC	V	1783
NC_045512.2	5615	C	G	5778	858	36	1	0	34	0.00017304	5779	0.984403	FALSE	ORF1ab:cds-YP_009724389.1	CAG	Q	GAG	E	1784
NC_045512.2	5615	C	G	5778	858	36	1	0	34	0.00017304	5779	0.984403	FALSE	ORF1ab:cds-YP_009725295.1	CAG	Q	GAG	E	1784
NC_045512.2	5616	A	G	5752	846	36	1	0	34	0.000173822	5753	0.984404	FALSE	ORF1ab:cds-YP_009724389.1	CAG	Q	CGG	R	1784
NC_045512.2	5616	A	G	5752	846	36	1	0	34	0.000173822	5753	0.984404	FALSE	ORF1ab:cds-YP_009725295.1	CAG	Q	CGG	R	1784
NC_045512.2	5619	T	G	5393	442	37	1	0	34	0.000185322	5396	0.984388	FALSE	ORF1ab:cds-YP_009724389.1	ATA	I	AGA	R	1785
NC_045512.2	5619	T	G	5393	442	37	1	0	34	0.000185322	5396	0.984388	FALSE	ORF1ab:cds-YP_009725295.1	ATA	I	AGA	R	1785
NC_045512.2	5619	T	C	5393	442	37	2	0	34	0.000370645	5396	0.937561	FALSE	ORF1ab:cds-YP_009724389.1	ATA	I	ACA	T	1785
NC_045512.2	5619	T	C	5393	442	37	2	0	34	0.000370645	5396	0.937561	FALSE	ORF1ab:cds-YP_009725295.1	ATA	I	ACA	T	1785
NC_045512.2	5621	C	T	6009	462	37	1	0	34	0.000166362	6011	0.992201	FALSE	ORF1ab:cds-YP_009724389.1	CCT	P	TCT	S	1786
NC_045512.2	5621	C	T	6009	462	37	1	0	34	0.000166362	6011	0.992201	FALSE	ORF1ab:cds-YP_009725295.1	CCT	P	TCT	S	1786
NC_045512.2	5621	C	A	6009	462	37	1	0	34	0.000166362	6011	0.992201	FALSE	ORF1ab:cds-YP_009724389.1	CCT	P	ACT	T	1786
NC_045512.2	5621	C	A	6009	462	37	1	0	34	0.000166362	6011	0.992201	FALSE	ORF1ab:cds-YP_009725295.1	CCT	P	ACT	T	1786
NC_045512.2	5622	C	A	6012	462	37	2	0	34	0.000332557	6014	0.964907	FALSE	ORF1ab:cds-YP_009724389.1	CCT	P	CAT	H	1786
NC_045512.2	5622	C	A	6012	462	37	2	0	34	0.000332557	6014	0.964907	FALSE	ORF1ab:cds-YP_009725295.1	CCT	P	CAT	H	1786
NC_045512.2	5623	T	A	6194	473	37	1	0	34	0.000161421	6195	0.992205	FALSE	ORF1ab:cds-YP_009724389.1	CCT	P	CCA	P	1786
NC_045512.2	5623	T	A	6194	473	37	1	0	34	0.000161421	6195	0.992205	FALSE	ORF1ab:cds-YP_009725295.1	CCT	P	CCA	P	1786
NC_045512.2	5625	G	T	6242	484	37	1	0	34	0.000160154	6244	0.992201	FALSE	ORF1ab:cds-YP_009724389.1	TGT	C	TTT	F	1787
NC_045512.2	5625	G	T	6242	484	37	1	0	34	0.000160154	6244	0.992201	FALSE	ORF1ab:cds-YP_009725295.1	TGT	C	TTT	F	1787
NC_045512.2	5625	G	A	6242	484	37	1	0	34	0.000160154	6244	0.992201	FALSE	ORF1ab:cds-YP_009724389.1	TGT	C	TAT	Y	1787
NC_045512.2	5625	G	A	6242	484	37	1	0	34	0.000160154	6244	0.992201	FALSE	ORF1ab:cds-YP_009725295.1	TGT	C	TAT	Y	1787
NC_045512.2	5627	A	G	6090	496	36	1	0	34	0.000164177	6091	0.992205	FALSE	ORF1ab:cds-YP_009724389.1	ACG	T	GCG	A	1788
NC_045512.2	5627	A	G	6090	496	36	1	0	34	0.000164177	6091	0.992205	FALSE	ORF1ab:cds-YP_009725295.1	ACG	T	GCG	A	1788
NC_045512.2	5629	G	A	6442	507	37	2	0	30	0.000310366	6444	0.964903	FALSE	ORF1ab:cds-YP_009724389.1	ACG	T	ACA	T	1788
NC_045512.2	5629	G	A	6442	507	37	2	0	30	0.000310366	6444	0.964903	FALSE	ORF1ab:cds-YP_009725295.1	ACG	T	ACA	T	1788
NC_045512.2	5630	T	C	6431	543	37	1	0	34	0.000155473	6432	0.992204	FALSE	ORF1ab:cds-YP_009724389.1	TGT	C	CGT	R	1789
NC_045512.2	5630	T	C	6431	543	37	1	0	34	0.000155473	6432	0.992204	FALSE	ORF1ab:cds-YP_009725295.1	TGT	C	CGT	R	1789
NC_045512.2	5631	G	A	6617	545	37	1	0	34	0.000151103	6618	0.992204	FALSE	ORF1ab:cds-YP_009724389.1	TGT	C	TAT	Y	1789
NC_045512.2	5631	G	A	6617	545	37	1	0	34	0.000151103	6618	0.992204	FALSE	ORF1ab:cds-YP_009725295.1	TGT	C	TAT	Y	1789
NC_045512.2	5634	G	A	6706	581	37	1	0	34	0.000149098	6707	0.992204	FALSE	ORF1ab:cds-YP_009724389.1	GGT	G	GAT	D	1790
NC_045512.2	5634	G	A	6706	581	37	1	0	34	0.000149098	6707	0.992204	FALSE	ORF1ab:cds-YP_009725295.1	GGT	G	GAT	D	1790
NC_045512.2	5636	A	G	6697	591	37	1	0	34	0.000149298	6698	0.992204	FALSE	ORF1ab:cds-YP_009724389.1	AAA	K	GAA	E	1791
NC_045512.2	5636	A	G	6697	591	37	1	0	34	0.000149298	6698	0.992204	FALSE	ORF1ab:cds-YP_009725295.1	AAA	K	GAA	E	1791
NC_045512.2	5637	A	G	6722	586	38	2	0	30	0.000297442	6724	0.964901	FALSE	ORF1ab:cds-YP_009724389.1	AAA	K	AGA	R	1791
NC_045512.2	5637	A	G	6722	586	38	2	0	30	0.000297442	6724	0.964901	FALSE	ORF1ab:cds-YP_009725295.1	AAA	K	AGA	R	1791
NC_045512.2	5639	C	G	6700	594	38	2	0	30	0.000298418	6702	0.964901	FALSE	ORF1ab:cds-YP_009724389.1	CAA	Q	GAA	E	1792
NC_045512.2	5639	C	G	6700	594	38	2	0	30	0.000298418	6702	0.964901	FALSE	ORF1ab:cds-YP_009725295.1	CAA	Q	GAA	E	1792
NC_045512.2	5640	A	G	6688	592	37	3	0	31	0.000448363	6691	0.910267	FALSE	ORF1ab:cds-YP_009724389.1	CAA	Q	CGA	R	1792
NC_045512.2	5640	A	G	6688	592	37	3	0	31	0.000448363	6691	0.910267	FALSE	ORF1ab:cds-YP_009725295.1	CAA	Q	CGA	R	1792
NC_045512.2	5643	C	G	6888	679	38	1	0	34	0.000145159	6889	0.992203	FALSE	ORF1ab:cds-YP_009724389.1	GCT	A	GGT	G	1793
NC_045512.2	5643	C	G	6888	679	38	1	0	34	0.000145159	6889	0.992203	FALSE	ORF1ab:cds-YP_009725295.1	GCT	A	GGT	G	1793
NC_045512.2	5644	T	A	6906	679	38	1	0	34	0.000144781	6907	0.992203	FALSE	ORF1ab:cds-YP_009724389.1	GCT	A	GCA	A	1793
NC_045512.2	5644	T	A	6906	679	38	1	0	34	0.000144781	6907	0.992203	FALSE	ORF1ab:cds-YP_009725295.1	GCT	A	GCA	A	1793
NC_045512.2	5645	A	G	6863	682	38	1	0	34	0.000145688	6864	0.992203	FALSE	ORF1ab:cds-YP_009724389.1	ACA	T	GCA	A	1794
NC_045512.2	5645	A	G	6863	682	38	1	0	34	0.000145688	6864	0.992203	FALSE	ORF1ab:cds-YP_009725295.1	ACA	T	GCA	A	1794
NC_045512.2	5646	C	A	7013	763	39	1	0	26	0.000142572	7014	1	FALSE	ORF1ab:cds-YP_009724389.1	ACA	T	AAA	K	1794
NC_045512.2	5646	C	A	7013	763	39	1	0	26	0.000142572	7014	1	FALSE	ORF1ab:cds-YP_009725295.1	ACA	T	AAA	K	1794
NC_045512.2	5647	A	G	6869	759	39	3	0	34	0.000436554	6872	0.910264	FALSE	ORF1ab:cds-YP_009724389.1	ACA	T	ACG	T	1794
NC_045512.2	5647	A	G	6869	759	39	3	0	34	0.000436554	6872	0.910264	FALSE	ORF1ab:cds-YP_009725295.1	ACA	T	ACG	T	1794
NC_045512.2	5651	T	C	7109	916	40	1	0	34	0.000140647	7110	0.996104	FALSE	ORF1ab:cds-YP_009724389.1	TAT	Y	CAT	H	1796
NC_045512.2	5651	T	C	7109	916	40	1	0	34	0.000140647	7110	0.996104	FALSE	ORF1ab:cds-YP_009725295.1	TAT	Y	CAT	H	1796
NC_045512.2	5652	A	G	7162	932	40	1	0	26	0.000139606	7163	1	FALSE	ORF1ab:cds-YP_009724389.1	TAT	Y	TGT	C	1796
NC_045512.2	5652	A	G	7162	932	40	1	0	26	0.000139606	7163	1	FALSE	ORF1ab:cds-YP_009725295.1	TAT	Y	TGT	C	1796
NC_045512.2	5653	T	C	7261	901	39	1	0	26	0.000137703	7262	1	FALSE	ORF1ab:cds-YP_009724389.1	TAT	Y	TAC	Y	1796
NC_045512.2	5653	T	C	7261	901	39	1	0	26	0.000137703	7262	1	FALSE	ORF1ab:cds-YP_009725295.1	TAT	Y	TAC	Y	1796
NC_045512.2	5655	T	C	7321	947	40	1	0	34	0.000136575	7322	0.996103	FALSE	ORF1ab:cds-YP_009724389.1	CTA	L	CCA	P	1797
NC_045512.2	5655	T	C	7321	947	40	1	0	34	0.000136575	7322	0.996103	FALSE	ORF1ab:cds-YP_009725295.1	CTA	L	CCA	P	1797
NC_045512.2	5656	A	T	7341	972	40	1	0	34	0.000136184	7343	0.996101	FALSE	ORF1ab:cds-YP_009724389.1	CTA	L	CTT	L	1797
NC_045512.2	5656	A	T	7341	972	40	1	0	34	0.000136184	7343	0.996101	FALSE	ORF1ab:cds-YP_009725295.1	CTA	L	CTT	L	1797
NC_045512.2	5656	A	G	7341	972	40	1	0	26	0.000136184	7343	1	FALSE	ORF1ab:cds-YP_009724389.1	CTA	L	CTG	L	1797
NC_045512.2	5656	A	G	7341	972	40	1	0	26	0.000136184	7343	1	FALSE	ORF1ab:cds-YP_009725295.1	CTA	L	CTG	L	1797
NC_045512.2	5657	G	A	7491	974	40	1	0	68	0.000133476	7492	0.500033	FALSE	ORF1ab:cds-YP_009724389.1	GTA	V	ATA	I	1798
NC_045512.2	5657	G	A	7491	974	40	1	0	68	0.000133476	7492	0.500033	FALSE	ORF1ab:cds-YP_009725295.1	GTA	V	ATA	I	1798
NC_045512.2	5658	T	G	7392	989	40	1	0	34	0.000135245	7394	0.996101	FALSE	ORF1ab:cds-YP_009724389.1	GTA	V	GGA	G	1798
NC_045512.2	5658	T	G	7392	989	40	1	0	34	0.000135245	7394	0.996101	FALSE	ORF1ab:cds-YP_009725295.1	GTA	V	GGA	G	1798
NC_045512.2	5658	T	C	7392	989	40	1	0	34	0.000135245	7394	0.996101	FALSE	ORF1ab:cds-YP_009724389.1	GTA	V	GCA	A	1798
NC_045512.2	5658	T	C	7392	989	40	1	0	34	0.000135245	7394	0.996101	FALSE	ORF1ab:cds-YP_009725295.1	GTA	V	GCA	A	1798
NC_045512.2	5661	A	G	7671	1132	41	4	1	49	0.000521173	7675	0.0624919	FALSE	ORF1ab:cds-YP_009724389.1	CAA	Q	CGA	R	1799
NC_045512.2	5661	A	G	7671	1132	41	4	1	49	0.000521173	7675	0.0624919	FALSE	ORF1ab:cds-YP_009725295.1	CAA	Q	CGA	R	1799
NC_045512.2	5663	C	T	7642	1135	41	1	0	34	0.000130822	7644	0.996101	FALSE	ORF1ab:cds-YP_009724389.1	CAG	Q	TAG	*	1800
NC_045512.2	5663	C	T	7642	1135	41	1	0	34	0.000130822	7644	0.996101	FALSE	ORF1ab:cds-YP_009725295.1	CAG	Q	TAG	*	1800
NC_045512.2	5663	C	A	7642	1135	41	1	0	34	0.000130822	7644	0.996101	FALSE	ORF1ab:cds-YP_009724389.1	CAG	Q	AAG	K	1800
NC_045512.2	5663	C	A	7642	1135	41	1	0	34	0.000130822	7644	0.996101	FALSE	ORF1ab:cds-YP_009725295.1	CAG	Q	AAG	K	1800
NC_045512.2	5664	A	G	7559	1133	41	1	0	34	0.000132275	7560	0.996103	FALSE	ORF1ab:cds-YP_009724389.1	CAG	Q	CGG	R	1800
NC_045512.2	5664	A	G	7559	1133	41	1	0	34	0.000132275	7560	0.996103	FALSE	ORF1ab:cds-YP_009725295.1	CAG	Q	CGG	R	1800
NC_045512.2	5666	G	T	7793	1199	42	1	0	34	0.000128304	7794	0.996103	FALSE	ORF1ab:cds-YP_009724389.1	GAG	E	TAG	*	1801
NC_045512.2	5666	G	T	7793	1199	42	1	0	34	0.000128304	7794	0.996103	FALSE	ORF1ab:cds-YP_009725295.1	GAG	E	TAG	*	1801
NC_045512.2	5667	A	T	7680	1204	41	1	0	34	0.000130191	7681	0.996103	FALSE	ORF1ab:cds-YP_009724389.1	GAG	E	GTG	V	1801
NC_045512.2	5667	A	T	7680	1204	41	1	0	34	0.000130191	7681	0.996103	FALSE	ORF1ab:cds-YP_009725295.1	GAG	E	GTG	V	1801
NC_045512.2	5671	A	G	7142	1345	41	1	0	34	0.000139997	7143	0.996104	FALSE	ORF1ab:cds-YP_009724389.1	TCA	S	TCG	S	1802
NC_045512.2	5671	A	G	7142	1345	41	1	0	34	0.000139997	7143	0.996104	FALSE	ORF1ab:cds-YP_009725295.1	TCA	S	TCG	S	1802
NC_045512.2	5673	C	A	6848	1475	41	1	0	34	0.000146007	6849	0.992203	FALSE	ORF1ab:cds-YP_009724389.1	CCT	P	CAT	H	1803
NC_045512.2	5673	C	A	6848	1475	41	1	0	34	0.000146007	6849	0.992203	FALSE	ORF1ab:cds-YP_009725295.1	CCT	P	CAT	H	1803
NC_045512.2	5673	C	-T	6848	1475	41	1	0	20	0.000146007	6849	1	FALSE	NA	NA	NA	NA	NA	NA
NC_045512.2	5674	T	G	6873	1473	41	1	0	34	0.000145412	6877	0.992188	FALSE	ORF1ab:cds-YP_009724389.1	CCT	P	CCG	P	1803
NC_045512.2	5674	T	G	6873	1473	41	1	0	34	0.000145412	6877	0.992188	FALSE	ORF1ab:cds-YP_009725295.1	CCT	P	CCG	P	1803
NC_045512.2	5674	T	C	6873	1473	41	3	1	42	0.000436237	6877	0.124945	FALSE	ORF1ab:cds-YP_009724389.1	CCT	P	CCC	P	1803
NC_045512.2	5674	T	C	6873	1473	41	3	1	42	0.000436237	6877	0.124945	FALSE	ORF1ab:cds-YP_009725295.1	CCT	P	CCC	P	1803
NC_045512.2	5677	T	A	6703	1509	41	1	0	34	0.000149165	6704	0.992204	FALSE	ORF1ab:cds-YP_009724389.1	TTT	F	TTA	L	1804
NC_045512.2	5677	T	A	6703	1509	41	1	0	34	0.000149165	6704	0.992204	FALSE	ORF1ab:cds-YP_009725295.1	TTT	F	TTA	L	1804
NC_045512.2	5678	G	T	6829	1565	40	1	0	34	0.000146413	6830	0.992204	FALSE	ORF1ab:cds-YP_009724389.1	GTT	V	TTT	F	1805
NC_045512.2	5678	G	T	6829	1565	40	1	0	34	0.000146413	6830	0.992204	FALSE	ORF1ab:cds-YP_009725295.1	GTT	V	TTT	F	1805
NC_045512.2	5679	T	C	6853	1798	42	2	1	34	0.000291758	6855	0.9649	FALSE	ORF1ab:cds-YP_009724389.1	GTT	V	GCT	A	1805
NC_045512.2	5679	T	C	6853	1798	42	2	1	34	0.000291758	6855	0.9649	FALSE	ORF1ab:cds-YP_009725295.1	GTT	V	GCT	A	1805
NC_045512.2	5681	A	G	6604	1812	41	1	0	34	0.0001514	6605	0.992204	FALSE	ORF1ab:cds-YP_009724389.1	ATG	M	GTG	V	1806
NC_045512.2	5681	A	G	6604	1812	41	1	0	34	0.0001514	6605	0.992204	FALSE	ORF1ab:cds-YP_009725295.1	ATG	M	GTG	V	1806
NC_045512.2	5682	T	G	6768	1803	42	1	0	34	0.00014771	6770	0.9922	FALSE	ORF1ab:cds-YP_009724389.1	ATG	M	AGG	R	1806
NC_045512.2	5682	T	G	6768	1803	42	1	0	34	0.00014771	6770	0.9922	FALSE	ORF1ab:cds-YP_009725295.1	ATG	M	AGG	R	1806
NC_045512.2	5682	T	C	6768	1803	42	1	1	34	0.00014771	6770	0.9922	FALSE	ORF1ab:cds-YP_009724389.1	ATG	M	ACG	T	1806
NC_045512.2	5682	T	C	6768	1803	42	1	1	34	0.00014771	6770	0.9922	FALSE	ORF1ab:cds-YP_009725295.1	ATG	M	ACG	T	1806
NC_045512.2	5683	G	A	6799	1810	41	1	0	34	0.000147059	6800	0.992204	FALSE	ORF1ab:cds-YP_009724389.1	ATG	M	ATA	I	1806
NC_045512.2	5683	G	A	6799	1810	41	1	0	34	0.000147059	6800	0.992204	FALSE	ORF1ab:cds-YP_009725295.1	ATG	M	ATA	I	1806
NC_045512.2	5685	T	C	6907	1886	41	3	0	40	0.000434153	6910	0.125	FALSE	ORF1ab:cds-YP_009724389.1	ATG	M	ACG	T	1807
NC_045512.2	5685	T	C	6907	1886	41	3	0	40	0.000434153	6910	0.125	FALSE	ORF1ab:cds-YP_009725295.1	ATG	M	ACG	T	1807
NC_045512.2	5687	T	G	6897	1949	41	2	0	34	0.000289855	6900	0.964883	FALSE	ORF1ab:cds-YP_009724389.1	TCA	S	GCA	A	1808
NC_045512.2	5687	T	G	6897	1949	41	2	0	34	0.000289855	6900	0.964883	FALSE	ORF1ab:cds-YP_009725295.1	TCA	S	GCA	A	1808
NC_045512.2	5687	T	C	6897	1949	41	1	1	34	0.000144928	6900	0.992195	FALSE	ORF1ab:cds-YP_009724389.1	TCA	S	CCA	P	1808
NC_045512.2	5687	T	C	6897	1949	41	1	1	34	0.000144928	6900	0.992195	FALSE	ORF1ab:cds-YP_009725295.1	TCA	S	CCA	P	1808
NC_045512.2	5689	A	G	6985	1940	41	8	5	38	0.001144	6993	0.395316	FALSE	ORF1ab:cds-YP_009724389.1	TCA	S	TCG	S	1808
NC_045512.2	5689	A	G	6985	1940	41	8	5	38	0.001144	6993	0.395316	FALSE	ORF1ab:cds-YP_009725295.1	TCA	S	TCG	S	1808
NC_045512.2	5690	G	T	6907	1974	41	1	1	34	0.00014476	6908	0.992203	FALSE	ORF1ab:cds-YP_009724389.1	GCA	A	TCA	S	1809
NC_045512.2	5690	G	T	6907	1974	41	1	1	34	0.00014476	6908	0.992203	FALSE	ORF1ab:cds-YP_009725295.1	GCA	A	TCA	S	1809
NC_045512.2	5691	C	A	6888	1991	41	1	0	26	0.000145159	6889	1	FALSE	ORF1ab:cds-YP_009724389.1	GCA	A	GAA	E	1809
NC_045512.2	5691	C	A	6888	1991	41	1	0	26	0.000145159	6889	1	FALSE	ORF1ab:cds-YP_009725295.1	GCA	A	GAA	E	1809
NC_045512.2	5692	A	G	6903	2012	41	1	0	34	0.000144823	6905	0.992199	FALSE	ORF1ab:cds-YP_009724389.1	GCA	A	GCG	A	1809
NC_045512.2	5692	A	G	6903	2012	41	1	0	34	0.000144823	6905	0.992199	FALSE	ORF1ab:cds-YP_009725295.1	GCA	A	GCG	A	1809
NC_045512.2	5692	A	C	6903	2012	41	1	0	34	0.000144823	6905	0.992199	FALSE	ORF1ab:cds-YP_009724389.1	GCA	A	GCC	A	1809
NC_045512.2	5692	A	C	6903	2012	41	1	0	34	0.000144823	6905	0.992199	FALSE	ORF1ab:cds-YP_009725295.1	GCA	A	GCC	A	1809
NC_045512.2	5695	A	G	6947	1952	41	1	0	26	0.000143926	6948	1	FALSE	ORF1ab:cds-YP_009724389.1	CCA	P	CCG	P	1810
NC_045512.2	5695	A	G	6947	1952	41	1	0	26	0.000143926	6948	1	FALSE	ORF1ab:cds-YP_009725295.1	CCA	P	CCG	P	1810
NC_045512.2	5698	T	C	6638	2068	40	1	0	34	0.000150625	6639	0.992204	FALSE	ORF1ab:cds-YP_009724389.1	CCT	P	CCC	P	1811
NC_045512.2	5698	T	C	6638	2068	40	1	0	34	0.000150625	6639	0.992204	FALSE	ORF1ab:cds-YP_009725295.1	CCT	P	CCC	P	1811
NC_045512.2	5700	C	T	6804	2069	40	1	0	34	0.000146951	6805	0.992204	FALSE	ORF1ab:cds-YP_009724389.1	GCT	A	GTT	V	1812
NC_045512.2	5700	C	T	6804	2069	40	1	0	34	0.000146951	6805	0.992204	FALSE	ORF1ab:cds-YP_009725295.1	GCT	A	GTT	V	1812
NC_045512.2	5703	A	C	6616	2009	40	1	0	34	0.000151126	6617	0.992204	FALSE	ORF1ab:cds-YP_009724389.1	CAG	Q	CCG	P	1813
NC_045512.2	5703	A	C	6616	2009	40	1	0	34	0.000151126	6617	0.992204	FALSE	ORF1ab:cds-YP_009725295.1	CAG	Q	CCG	P	1813
NC_045512.2	5706	A	G	7104	2081	40	1	0	34	0.000140746	7105	0.996104	FALSE	ORF1ab:cds-YP_009724389.1	TAT	Y	TGT	C	1814
NC_045512.2	5706	A	G	7104	2081	40	1	0	34	0.000140746	7105	0.996104	FALSE	ORF1ab:cds-YP_009725295.1	TAT	Y	TGT	C	1814
NC_045512.2	5708	G	T	7129	2051	40	1	0	26	0.000140233	7131	1	FALSE	ORF1ab:cds-YP_009724389.1	GAA	E	TAA	*	1815
NC_045512.2	5708	G	T	7129	2051	40	1	0	26	0.000140233	7131	1	FALSE	ORF1ab:cds-YP_009725295.1	GAA	E	TAA	*	1815
NC_045512.2	5708	G	C	7129	2051	40	1	0	68	0.000140233	7131	0.5	FALSE	ORF1ab:cds-YP_009724389.1	GAA	E	CAA	Q	1815
NC_045512.2	5708	G	C	7129	2051	40	1	0	68	0.000140233	7131	0.5	FALSE	ORF1ab:cds-YP_009725295.1	GAA	E	CAA	Q	1815
NC_045512.2	5709	A	G	6867	2171	39	1	1	68	0.000145603	6868	0.500036	FALSE	ORF1ab:cds-YP_009724389.1	GAA	E	GGA	G	1815
NC_045512.2	5709	A	G	6867	2171	39	1	1	68	0.000145603	6868	0.500036	FALSE	ORF1ab:cds-YP_009725295.1	GAA	E	GGA	G	1815
NC_045512.2	5710	A	G	5773	2332	38	1	0	26	0.00017319	5774	1	FALSE	ORF1ab:cds-YP_009724389.1	GAA	E	GAG	E	1815
NC_045512.2	5710	A	G	5773	2332	38	1	0	26	0.00017319	5774	1	FALSE	ORF1ab:cds-YP_009725295.1	GAA	E	GAG	E	1815
NC_045512.2	5714	A	G	6116	2382	39	1	1	34	0.000163479	6117	0.992205	FALSE	ORF1ab:cds-YP_009724389.1	AAG	K	GAG	E	1817
NC_045512.2	5714	A	G	6116	2382	39	1	1	34	0.000163479	6117	0.992205	FALSE	ORF1ab:cds-YP_009725295.1	AAG	K	GAG	E	1817
NC_045512.2	5715	A	G	6057	2400	39	1	0	34	0.000165071	6058	0.992206	FALSE	ORF1ab:cds-YP_009724389.1	AAG	K	AGG	R	1817
NC_045512.2	5715	A	G	6057	2400	39	1	0	34	0.000165071	6058	0.992206	FALSE	ORF1ab:cds-YP_009725295.1	AAG	K	AGG	R	1817
NC_045512.2	5717	C	T	5981	2432	38	1	0	34	0.00016714	5983	0.984395	FALSE	ORF1ab:cds-YP_009724389.1	CAT	H	TAT	Y	1818
NC_045512.2	5717	C	T	5981	2432	38	1	0	34	0.00016714	5983	0.984395	FALSE	ORF1ab:cds-YP_009725295.1	CAT	H	TAT	Y	1818
NC_045512.2	5717	C	A	5981	2432	38	1	1	34	0.00016714	5983	0.984395	FALSE	ORF1ab:cds-YP_009724389.1	CAT	H	AAT	N	1818
NC_045512.2	5717	C	A	5981	2432	38	1	1	34	0.00016714	5983	0.984395	FALSE	ORF1ab:cds-YP_009725295.1	CAT	H	AAT	N	1818
NC_045512.2	5720	G	T	5920	2357	38	2	0	34	0.00033761	5924	0.937528	FALSE	ORF1ab:cds-YP_009724389.1	GGT	G	TGT	C	1819
NC_045512.2	5720	G	T	5920	2357	38	2	0	34	0.00033761	5924	0.937528	FALSE	ORF1ab:cds-YP_009725295.1	GGT	G	TGT	C	1819
NC_045512.2	5720	G	A	5920	2357	38	2	0	34	0.00033761	5924	0.937528	FALSE	ORF1ab:cds-YP_009724389.1	GGT	G	AGT	S	1819
NC_045512.2	5720	G	A	5920	2357	38	2	0	34	0.00033761	5924	0.937528	FALSE	ORF1ab:cds-YP_009725295.1	GGT	G	AGT	S	1819
NC_045512.2	5721	G	T	5971	2419	38	1	1	26	0.00016742	5973	1	FALSE	ORF1ab:cds-YP_009724389.1	GGT	G	GTT	V	1819
NC_045512.2	5721	G	T	5971	2419	38	1	1	26	0.00016742	5973	1	FALSE	ORF1ab:cds-YP_009725295.1	GGT	G	GTT	V	1819
NC_045512.2	5721	G	C	5971	2419	38	1	1	27	0.00016742	5973	1	FALSE	ORF1ab:cds-YP_009724389.1	GGT	G	GCT	A	1819
NC_045512.2	5721	G	C	5971	2419	38	1	1	27	0.00016742	5973	1	FALSE	ORF1ab:cds-YP_009725295.1	GGT	G	GCT	A	1819
NC_045512.2	5722	T	G	5844	2684	38	1	0	34	0.000171057	5846	0.984395	FALSE	ORF1ab:cds-YP_009724389.1	GGT	G	GGG	G	1819
NC_045512.2	5722	T	G	5844	2684	38	1	0	34	0.000171057	5846	0.984395	FALSE	ORF1ab:cds-YP_009725295.1	GGT	G	GGG	G	1819
NC_045512.2	5722	T	A	5844	2684	38	1	0	24	0.000171057	5846	1	FALSE	ORF1ab:cds-YP_009724389.1	GGT	G	GGA	G	1819
NC_045512.2	5722	T	A	5844	2684	38	1	0	24	0.000171057	5846	1	FALSE	ORF1ab:cds-YP_009725295.1	GGT	G	GGA	G	1819
NC_045512.2	5723	A	G	5557	2364	36	2	1	34	0.000359777	5559	0.937589	FALSE	ORF1ab:cds-YP_009724389.1	ACA	T	GCA	A	1820
NC_045512.2	5723	A	G	5557	2364	36	2	1	34	0.000359777	5559	0.937589	FALSE	ORF1ab:cds-YP_009725295.1	ACA	T	GCA	A	1820
NC_045512.2	5726	T	G	5687	2603	37	1	1	34	0.000175747	5690	0.984387	FALSE	ORF1ab:cds-YP_009724389.1	TTT	F	GTT	V	1821
NC_045512.2	5726	T	G	5687	2603	37	1	1	34	0.000175747	5690	0.984387	FALSE	ORF1ab:cds-YP_009725295.1	TTT	F	GTT	V	1821
NC_045512.2	5726	T	C	5687	2603	37	2	1	51	0.000351494	5690	0.249978	FALSE	ORF1ab:cds-YP_009724389.1	TTT	F	CTT	L	1821
NC_045512.2	5726	T	C	5687	2603	37	2	1	51	0.000351494	5690	0.249978	FALSE	ORF1ab:cds-YP_009725295.1	TTT	F	CTT	L	1821
NC_045512.2	5728	T	A	5793	2679	38	1	0	34	0.000172592	5794	0.984403	FALSE	ORF1ab:cds-YP_009724389.1	TTT	F	TTA	L	1821
NC_045512.2	5728	T	A	5793	2679	38	1	0	34	0.000172592	5794	0.984403	FALSE	ORF1ab:cds-YP_009725295.1	TTT	F	TTA	L	1821
NC_045512.2	5729	A	G	5659	2716	37	1	0	34	0.000176647	5661	0.984396	FALSE	ORF1ab:cds-YP_009724389.1	ACT	T	GCT	A	1822
NC_045512.2	5729	A	G	5659	2716	37	1	0	34	0.000176647	5661	0.984396	FALSE	ORF1ab:cds-YP_009725295.1	ACT	T	GCT	A	1822
NC_045512.2	5729	A	C	5659	2716	37	1	1	34	0.000176647	5661	0.984396	FALSE	ORF1ab:cds-YP_009724389.1	ACT	T	CCT	P	1822
NC_045512.2	5729	A	C	5659	2716	37	1	1	34	0.000176647	5661	0.984396	FALSE	ORF1ab:cds-YP_009725295.1	ACT	T	CCT	P	1822
NC_045512.2	5731	T	C	5614	2798	38	2	2	34	0.000356125	5616	0.937588	FALSE	ORF1ab:cds-YP_009724389.1	ACT	T	ACC	T	1822
NC_045512.2	5731	T	C	5614	2798	38	2	2	34	0.000356125	5616	0.937588	FALSE	ORF1ab:cds-YP_009725295.1	ACT	T	ACC	T	1822
NC_045512.2	5734	T	G	5664	2754	37	2	0	30	0.00035292	5667	0.937558	FALSE	ORF1ab:cds-YP_009724389.1	TGT	C	TGG	W	1823
NC_045512.2	5734	T	G	5664	2754	37	2	0	30	0.00035292	5667	0.937558	FALSE	ORF1ab:cds-YP_009725295.1	TGT	C	TGG	W	1823
NC_045512.2	5734	T	C	5664	2754	37	1	0	34	0.00017646	5667	0.984387	FALSE	ORF1ab:cds-YP_009724389.1	TGT	C	TGC	C	1823
NC_045512.2	5734	T	C	5664	2754	37	1	0	34	0.00017646	5667	0.984387	FALSE	ORF1ab:cds-YP_009725295.1	TGT	C	TGC	C	1823
NC_045512.2	5737	T	C	5668	2765	37	1	1	26	0.000176367	5670	1	FALSE	ORF1ab:cds-YP_009724389.1	GCT	A	GCC	A	1824
NC_045512.2	5737	T	C	5668	2765	37	1	1	26	0.000176367	5670	1	FALSE	ORF1ab:cds-YP_009725295.1	GCT	A	GCC	A	1824
NC_045512.2	5737	T	A	5668	2765	37	1	0	34	0.000176367	5670	0.984396	FALSE	ORF1ab:cds-YP_009724389.1	GCT	A	GCA	A	1824
NC_045512.2	5737	T	A	5668	2765	37	1	0	34	0.000176367	5670	0.984396	FALSE	ORF1ab:cds-YP_009725295.1	GCT	A	GCA	A	1824
NC_045512.2	5739	G	T	5891	2777	37	1	0	34	0.000169722	5892	0.984403	FALSE	ORF1ab:cds-YP_009724389.1	AGT	S	ATT	I	1825
NC_045512.2	5739	G	T	5891	2777	37	1	0	34	0.000169722	5892	0.984403	FALSE	ORF1ab:cds-YP_009725295.1	AGT	S	ATT	I	1825
NC_045512.2	5742	A	G	5774	2759	37	1	1	52	0.00017316	5775	0.500043	FALSE	ORF1ab:cds-YP_009724389.1	GAG	E	GGG	G	1826
NC_045512.2	5742	A	G	5774	2759	37	1	1	52	0.00017316	5775	0.500043	FALSE	ORF1ab:cds-YP_009725295.1	GAG	E	GGG	G	1826
NC_045512.2	5743	G	C	5924	2760	37	18	18	34	0.00302928	5942	0.00528066	TRUE	ORF1ab:cds-YP_009724389.1	GAG	E	GAC	D	1826
NC_045512.2	5743	G	C	5924	2760	37	18	18	34	0.00302928	5942	0.00528066	TRUE	ORF1ab:cds-YP_009725295.1	GAG	E	GAC	D	1826
NC_045512.2	5744	T	C	5821	2801	37	19	18	34	0.00325342	5840	0.00328274	TRUE	ORF1ab:cds-YP_009724389.1	TAC	Y	CAC	H	1827
NC_045512.2	5744	T	C	5821	2801	37	19	18	34	0.00325342	5840	0.00328274	TRUE	ORF1ab:cds-YP_009725295.1	TAC	Y	CAC	H	1827
NC_045512.2	5748	C	T	6002	3077	38	3	3	31	0.000499584	6005	0.910279	FALSE	ORF1ab:cds-YP_009724389.1	ACT	T	ATT	I	1828
NC_045512.2	5748	C	T	6002	3077	38	3	3	31	0.000499584	6005	0.910279	FALSE	ORF1ab:cds-YP_009725295.1	ACT	T	ATT	I	1828
NC_045512.2	5749	T	A	5801	2901	38	1	1	68	0.000172354	5802	0.500043	FALSE	ORF1ab:cds-YP_009724389.1	ACT	T	ACA	T	1828
NC_045512.2	5749	T	A	5801	2901	38	1	1	68	0.000172354	5802	0.500043	FALSE	ORF1ab:cds-YP_009725295.1	ACT	T	ACA	T	1828
NC_045512.2	5750	G	T	6224	2862	38	2	0	30	0.000321234	6226	0.964905	FALSE	ORF1ab:cds-YP_009724389.1	GGT	G	TGT	C	1829
NC_045512.2	5750	G	T	6224	2862	38	2	0	30	0.000321234	6226	0.964905	FALSE	ORF1ab:cds-YP_009725295.1	GGT	G	TGT	C	1829
NC_045512.2	5752	T	C	6184	2792	38	2	1	40	0.000323311	6186	0.25002	FALSE	ORF1ab:cds-YP_009724389.1	GGT	G	GGC	G	1829
NC_045512.2	5752	T	C	6184	2792	38	2	1	40	0.000323311	6186	0.25002	FALSE	ORF1ab:cds-YP_009725295.1	GGT	G	GGC	G	1829
NC_045512.2	5753	A	T	6127	2821	38	1	0	24	0.000163132	6130	1	FALSE	ORF1ab:cds-YP_009724389.1	AAT	N	TAT	Y	1830
NC_045512.2	5753	A	T	6127	2821	38	1	0	24	0.000163132	6130	1	FALSE	ORF1ab:cds-YP_009725295.1	AAT	N	TAT	Y	1830
NC_045512.2	5753	A	G	6127	2821	38	2	1	34	0.000326264	6130	0.964888	FALSE	ORF1ab:cds-YP_009724389.1	AAT	N	GAT	D	1830
NC_045512.2	5753	A	G	6127	2821	38	2	1	34	0.000326264	6130	0.964888	FALSE	ORF1ab:cds-YP_009725295.1	AAT	N	GAT	D	1830
NC_045512.2	5755	T	A	6285	2955	38	1	1	24	0.000159084	6286	1	FALSE	ORF1ab:cds-YP_009724389.1	AAT	N	AAA	K	1830
NC_045512.2	5755	T	A	6285	2955	38	1	1	24	0.000159084	6286	1	FALSE	ORF1ab:cds-YP_009725295.1	AAT	N	AAA	K	1830
NC_045512.2	5757	A	G	6199	2931	38	1	1	34	0.00016129	6200	0.992205	FALSE	ORF1ab:cds-YP_009724389.1	TAC	Y	TGC	C	1831
NC_045512.2	5757	A	G	6199	2931	38	1	1	34	0.00016129	6200	0.992205	FALSE	ORF1ab:cds-YP_009725295.1	TAC	Y	TGC	C	1831
NC_045512.2	5759	C	A	6240	3046	38	2	2	34	0.00032041	6242	0.964905	FALSE	ORF1ab:cds-YP_009724389.1	CAG	Q	AAG	K	1832
NC_045512.2	5759	C	A	6240	3046	38	2	2	34	0.00032041	6242	0.964905	FALSE	ORF1ab:cds-YP_009725295.1	CAG	Q	AAG	K	1832
NC_045512.2	5761	G	T	6043	2874	38	1	1	34	0.000165426	6045	0.992201	FALSE	ORF1ab:cds-YP_009724389.1	CAG	Q	CAT	H	1832
NC_045512.2	5761	G	T	6043	2874	38	1	1	34	0.000165426	6045	0.992201	FALSE	ORF1ab:cds-YP_009725295.1	CAG	Q	CAT	H	1832
NC_045512.2	5761	G	C	6043	2874	38	1	0	34	0.000165426	6045	0.992201	FALSE	ORF1ab:cds-YP_009724389.1	CAG	Q	CAC	H	1832
NC_045512.2	5761	G	C	6043	2874	38	1	0	34	0.000165426	6045	0.992201	FALSE	ORF1ab:cds-YP_009725295.1	CAG	Q	CAC	H	1832
NC_045512.2	5762	T	C	7048	4174	39	1	1	34	0.000141864	7049	0.996104	FALSE	ORF1ab:cds-YP_009724389.1	TGT	C	CGT	R	1833
NC_045512.2	5762	T	C	7048	4174	39	1	1	34	0.000141864	7049	0.996104	FALSE	ORF1ab:cds-YP_009725295.1	TGT	C	CGT	R	1833
NC_045512.2	5763	G	T	7152	4267	40	1	0	26	0.000139801	7153	1	FALSE	ORF1ab:cds-YP_009724389.1	TGT	C	TTT	F	1833
NC_045512.2	5763	G	T	7152	4267	40	1	0	26	0.000139801	7153	1	FALSE	ORF1ab:cds-YP_009725295.1	TGT	C	TTT	F	1833
NC_045512.2	5764	T	C	7007	4126	40	2	0	25	0.000285347	7009	1	FALSE	ORF1ab:cds-YP_009724389.1	TGT	C	TGC	C	1833
NC_045512.2	5764	T	C	7007	4126	40	2	0	25	0.000285347	7009	1	FALSE	ORF1ab:cds-YP_009725295.1	TGT	C	TGC	C	1833
NC_045512.2	5765	G	A	6963	4064	39	1	1	34	0.000143596	6964	0.992203	FALSE	ORF1ab:cds-YP_009724389.1	GGT	G	AGT	S	1834
NC_045512.2	5765	G	A	6963	4064	39	1	1	34	0.000143596	6964	0.992203	FALSE	ORF1ab:cds-YP_009725295.1	GGT	G	AGT	S	1834
NC_045512.2	5766	G	T	7004	4203	40	1	1	34	0.000142714	7007	0.996099	FALSE	ORF1ab:cds-YP_009724389.1	GGT	G	GTT	V	1834
NC_045512.2	5766	G	T	7004	4203	40	1	1	34	0.000142714	7007	0.996099	FALSE	ORF1ab:cds-YP_009725295.1	GGT	G	GTT	V	1834
NC_045512.2	5766	G	C	7004	4203	40	2	2	30	0.000285429	7007	0.980499	FALSE	ORF1ab:cds-YP_009724389.1	GGT	G	GCT	A	1834
NC_045512.2	5766	G	C	7004	4203	40	2	2	30	0.000285429	7007	0.980499	FALSE	ORF1ab:cds-YP_009725295.1	GGT	G	GCT	A	1834
NC_045512.2	5767	T	C	6909	4144	39	1	0	34	0.000144718	6910	0.992203	FALSE	ORF1ab:cds-YP_009724389.1	GGT	G	GGC	G	1834
NC_045512.2	5767	T	C	6909	4144	39	1	0	34	0.000144718	6910	0.992203	FALSE	ORF1ab:cds-YP_009725295.1	GGT	G	GGC	G	1834
NC_045512.2	5769	A	C	6907	4165	39	1	0	34	0.00014476	6908	0.992203	FALSE	ORF1ab:cds-YP_009724389.1	CAC	H	CCC	P	1835
NC_045512.2	5769	A	C	6907	4165	39	1	0	34	0.00014476	6908	0.992203	FALSE	ORF1ab:cds-YP_009725295.1	CAC	H	CCC	P	1835
NC_045512.2	5770	C	A	7516	4297	40	1	0	34	0.000133032	7517	0.996103	FALSE	ORF1ab:cds-YP_009724389.1	CAC	H	CAA	Q	1835
NC_045512.2	5770	C	A	7516	4297	40	1	0	34	0.000133032	7517	0.996103	FALSE	ORF1ab:cds-YP_009725295.1	CAC	H	CAA	Q	1835
NC_045512.2	5771	T	C	7322	4112	39	1	0	34	0.000136556	7323	0.996103	FALSE	ORF1ab:cds-YP_009724389.1	TAT	Y	CAT	H	1836
NC_045512.2	5771	T	C	7322	4112	39	1	0	34	0.000136556	7323	0.996103	FALSE	ORF1ab:cds-YP_009725295.1	TAT	Y	CAT	H	1836
NC_045512.2	5775	A	G	7385	4229	40	1	1	34	0.000135391	7386	0.996103	FALSE	ORF1ab:cds-YP_009724389.1	AAA	K	AGA	R	1837
NC_045512.2	5775	A	G	7385	4229	40	1	1	34	0.000135391	7386	0.996103	FALSE	ORF1ab:cds-YP_009725295.1	AAA	K	AGA	R	1837
NC_045512.2	5778	A	G	7498	4249	39	1	1	34	0.000133351	7499	0.996103	FALSE	ORF1ab:cds-YP_009724389.1	CAT	H	CGT	R	1838
NC_045512.2	5778	A	G	7498	4249	39	1	1	34	0.000133351	7499	0.996103	FALSE	ORF1ab:cds-YP_009725295.1	CAT	H	CGT	R	1838
NC_045512.2	5783	A	C	7082	3982	40	2	2	34	0.000282326	7084	0.980508	FALSE	ORF1ab:cds-YP_009724389.1	ACT	T	CCT	P	1840
NC_045512.2	5783	A	C	7082	3982	40	2	2	34	0.000282326	7084	0.980508	FALSE	ORF1ab:cds-YP_009725295.1	ACT	T	CCT	P	1840
NC_045512.2	5785	T	C	6949	4020	39	1	1	24	0.000143885	6950	1	FALSE	ORF1ab:cds-YP_009724389.1	ACT	T	ACC	T	1840
NC_045512.2	5785	T	C	6949	4020	39	1	1	24	0.000143885	6950	1	FALSE	ORF1ab:cds-YP_009725295.1	ACT	T	ACC	T	1840
NC_045512.2	5786	T	C	6720	3937	39	1	0	34	0.000148787	6721	0.992204	FALSE	ORF1ab:cds-YP_009724389.1	TCT	S	CCT	P	1841
NC_045512.2	5786	T	C	6720	3937	39	1	0	34	0.000148787	6721	0.992204	FALSE	ORF1ab:cds-YP_009725295.1	TCT	S	CCT	P	1841
NC_045512.2	5787	C	T	7082	4313	40	1	0	68	0.000141183	7083	0.500035	FALSE	ORF1ab:cds-YP_009724389.1	TCT	S	TTT	F	1841
NC_045512.2	5787	C	T	7082	4313	40	1	0	68	0.000141183	7083	0.500035	FALSE	ORF1ab:cds-YP_009725295.1	TCT	S	TTT	F	1841
NC_045512.2	5788	T	C	7124	4357	40	1	1	68	0.000140351	7125	0.500035	FALSE	ORF1ab:cds-YP_009724389.1	TCT	S	TCC	S	1841
NC_045512.2	5788	T	C	7124	4357	40	1	1	68	0.000140351	7125	0.500035	FALSE	ORF1ab:cds-YP_009725295.1	TCT	S	TCC	S	1841
NC_045512.2	5789	A	G	7181	4404	40	1	1	68	0.000139237	7182	0.500035	FALSE	ORF1ab:cds-YP_009724389.1	AAA	K	GAA	E	1842
NC_045512.2	5789	A	G	7181	4404	40	1	1	68	0.000139237	7182	0.500035	FALSE	ORF1ab:cds-YP_009725295.1	AAA	K	GAA	E	1842
NC_045512.2	5791	A	G	7158	4432	40	1	1	34	0.000139684	7159	0.996104	FALSE	ORF1ab:cds-YP_009724389.1	AAA	K	AAG	K	1842
NC_045512.2	5791	A	G	7158	4432	40	1	1	34	0.000139684	7159	0.996104	FALSE	ORF1ab:cds-YP_009725295.1	AAA	K	AAG	K	1842
NC_045512.2	5792	G	C	7162	4432	40	1	1	34	0.000139606	7163	0.996104	FALSE	ORF1ab:cds-YP_009724389.1	GAA	E	CAA	Q	1843
NC_045512.2	5792	G	C	7162	4432	40	1	1	34	0.000139606	7163	0.996104	FALSE	ORF1ab:cds-YP_009725295.1	GAA	E	CAA	Q	1843
NC_045512.2	5795	A	T	7172	4519	40	1	1	26	0.000139373	7175	1	FALSE	ORF1ab:cds-YP_009724389.1	ACT	T	TCT	S	1844
NC_045512.2	5795	A	T	7172	4519	40	1	1	26	0.000139373	7175	1	FALSE	ORF1ab:cds-YP_009725295.1	ACT	T	TCT	S	1844
NC_045512.2	5795	A	G	7172	4519	40	2	1	30	0.000278746	7175	0.980498	FALSE	ORF1ab:cds-YP_009724389.1	ACT	T	GCT	A	1844
NC_045512.2	5795	A	G	7172	4519	40	2	1	30	0.000278746	7175	0.980498	FALSE	ORF1ab:cds-YP_009725295.1	ACT	T	GCT	A	1844
NC_045512.2	5800	G	T	7123	4549	40	1	0	34	0.000140371	7124	0.996104	FALSE	ORF1ab:cds-YP_009724389.1	TTG	L	TTT	F	1845
NC_045512.2	5800	G	T	7123	4549	40	1	0	34	0.000140371	7124	0.996104	FALSE	ORF1ab:cds-YP_009725295.1	TTG	L	TTT	F	1845
NC_045512.2	5801	T	C	7245	4770	40	2	1	34	0.000275976	7247	0.980508	FALSE	ORF1ab:cds-YP_009724389.1	TAT	Y	CAT	H	1846
NC_045512.2	5801	T	C	7245	4770	40	2	1	34	0.000275976	7247	0.980508	FALSE	ORF1ab:cds-YP_009725295.1	TAT	Y	CAT	H	1846
NC_045512.2	5803	T	C	7457	4986	41	2	2	34	0.000268132	7459	0.980506	FALSE	ORF1ab:cds-YP_009724389.1	TAT	Y	TAC	Y	1846
NC_045512.2	5803	T	C	7457	4986	41	2	2	34	0.000268132	7459	0.980506	FALSE	ORF1ab:cds-YP_009725295.1	TAT	Y	TAC	Y	1846
NC_045512.2	5804	T	C	7373	4904	41	1	1	34	0.000135612	7374	0.996103	FALSE	ORF1ab:cds-YP_009724389.1	TGC	C	CGC	R	1847
NC_045512.2	5804	T	C	7373	4904	41	1	1	34	0.000135612	7374	0.996103	FALSE	ORF1ab:cds-YP_009725295.1	TGC	C	CGC	R	1847
NC_045512.2	5806	C	T	7293	5086	39	2	2	30	0.00027416	7295	0.980507	FALSE	ORF1ab:cds-YP_009724389.1	TGC	C	TGT	C	1847
NC_045512.2	5806	C	T	7293	5086	39	2	2	30	0.00027416	7295	0.980507	FALSE	ORF1ab:cds-YP_009725295.1	TGC	C	TGT	C	1847
NC_045512.2	5813	G	A	7045	4946	39	1	1	34	0.000141924	7046	0.996104	FALSE	ORF1ab:cds-YP_009724389.1	GGT	G	AGT	S	1850
NC_045512.2	5813	G	A	7045	4946	39	1	1	34	0.000141924	7046	0.996104	FALSE	ORF1ab:cds-YP_009725295.1	GGT	G	AGT	S	1850
NC_045512.2	5815	T	C	7139	5065	40	5	4	32	0.000699888	7144	0.806322	FALSE	ORF1ab:cds-YP_009724389.1	GGT	G	GGC	G	1850
NC_045512.2	5815	T	C	7139	5065	40	5	4	32	0.000699888	7144	0.806322	FALSE	ORF1ab:cds-YP_009725295.1	GGT	G	GGC	G	1850
NC_045512.2	5816	G	T	7153	5056	40	1	0	34	0.000139782	7154	0.996104	FALSE	ORF1ab:cds-YP_009724389.1	GCT	A	TCT	S	1851
NC_045512.2	5816	G	T	7153	5056	40	1	0	34	0.000139782	7154	0.996104	FALSE	ORF1ab:cds-YP_009725295.1	GCT	A	TCT	S	1851
NC_045512.2	5817	C	A	7083	5090	39	2	2	30	0.000282287	7085	0.980508	FALSE	ORF1ab:cds-YP_009724389.1	GCT	A	GAT	D	1851
NC_045512.2	5817	C	A	7083	5090	39	2	2	30	0.000282287	7085	0.980508	FALSE	ORF1ab:cds-YP_009725295.1	GCT	A	GAT	D	1851
NC_045512.2	5818	T	C	7077	5033	39	1	1	34	0.000141283	7078	0.996104	FALSE	ORF1ab:cds-YP_009724389.1	GCT	A	GCC	A	1851
NC_045512.2	5818	T	C	7077	5033	39	1	1	34	0.000141283	7078	0.996104	FALSE	ORF1ab:cds-YP_009725295.1	GCT	A	GCC	A	1851
NC_045512.2	5821	A	T	7041	5070	39	1	0	34	0.000142005	7042	0.996104	FALSE	ORF1ab:cds-YP_009724389.1	TTA	L	TTT	F	1852
NC_045512.2	5821	A	T	7041	5070	39	1	0	34	0.000142005	7042	0.996104	FALSE	ORF1ab:cds-YP_009725295.1	TTA	L	TTT	F	1852
NC_045512.2	5822	C	A	7148	5187	39	1	1	34	0.00013988	7149	0.996104	FALSE	ORF1ab:cds-YP_009724389.1	CTT	L	ATT	I	1853
NC_045512.2	5822	C	A	7148	5187	39	1	1	34	0.00013988	7149	0.996104	FALSE	ORF1ab:cds-YP_009725295.1	CTT	L	ATT	I	1853
NC_045512.2	5823	T	C	6923	4978	39	1	1	34	0.000144425	6924	0.992203	FALSE	ORF1ab:cds-YP_009724389.1	CTT	L	CCT	P	1853
NC_045512.2	5823	T	C	6923	4978	39	1	1	34	0.000144425	6924	0.992203	FALSE	ORF1ab:cds-YP_009725295.1	CTT	L	CCT	P	1853
NC_045512.2	5824	T	C	6906	4947	39	2	2	34	0.000289519	6908	0.964899	FALSE	ORF1ab:cds-YP_009724389.1	CTT	L	CTC	L	1853
NC_045512.2	5824	T	C	6906	4947	39	2	2	34	0.000289519	6908	0.964899	FALSE	ORF1ab:cds-YP_009725295.1	CTT	L	CTC	L	1853
NC_045512.2	5825	A	T	6902	4993	40	1	1	26	0.000144865	6903	1	FALSE	ORF1ab:cds-YP_009724389.1	ACA	T	TCA	S	1854
NC_045512.2	5825	A	T	6902	4993	40	1	1	26	0.000144865	6903	1	FALSE	ORF1ab:cds-YP_009725295.1	ACA	T	TCA	S	1854
NC_045512.2	5826	C	A	6892	5012	40	1	0	68	0.000145075	6893	0.500036	FALSE	ORF1ab:cds-YP_009724389.1	ACA	T	AAA	K	1854
NC_045512.2	5826	C	A	6892	5012	40	1	0	68	0.000145075	6893	0.500036	FALSE	ORF1ab:cds-YP_009725295.1	ACA	T	AAA	K	1854
NC_045512.2	5827	A	G	6901	5032	40	2	1	34	0.000289729	6903	0.964899	FALSE	ORF1ab:cds-YP_009724389.1	ACA	T	ACG	T	1854
NC_045512.2	5827	A	G	6901	5032	40	2	1	34	0.000289729	6903	0.964899	FALSE	ORF1ab:cds-YP_009725295.1	ACA	T	ACG	T	1854
NC_045512.2	5831	T	C	7404	5727	41	6	4	31	0.000809717	7410	0.709642	FALSE	ORF1ab:cds-YP_009724389.1	TCC	S	CCC	P	1856
NC_045512.2	5831	T	C	7404	5727	41	6	4	31	0.000809717	7410	0.709642	FALSE	ORF1ab:cds-YP_009725295.1	TCC	S	CCC	P	1856
NC_045512.2	5835	C	A	7614	6106	41	1	0	34	0.00013132	7615	0.996103	FALSE	ORF1ab:cds-YP_009724389.1	TCA	S	TAA	*	1857
NC_045512.2	5835	C	A	7614	6106	41	1	0	34	0.00013132	7615	0.996103	FALSE	ORF1ab:cds-YP_009725295.1	TCA	S	TAA	*	1857
NC_045512.2	5836	A	G	7606	6112	41	1	1	34	0.000131441	7608	0.996101	FALSE	ORF1ab:cds-YP_009724389.1	TCA	S	TCG	S	1857
NC_045512.2	5836	A	G	7606	6112	41	1	1	34	0.000131441	7608	0.996101	FALSE	ORF1ab:cds-YP_009725295.1	TCA	S	TCG	S	1857
NC_045512.2	5836	A	C	7606	6112	41	1	0	46	0.000131441	7608	0.5	FALSE	ORF1ab:cds-YP_009724389.1	TCA	S	TCC	S	1857
NC_045512.2	5836	A	C	7606	6112	41	1	0	46	0.000131441	7608	0.5	FALSE	ORF1ab:cds-YP_009725295.1	TCA	S	TCC	S	1857
NC_045512.2	5839	A	C	7663	6261	41	1	1	26	0.00013048	7664	1	FALSE	ORF1ab:cds-YP_009724389.1	GAA	E	GAC	D	1858
NC_045512.2	5839	A	C	7663	6261	41	1	1	26	0.00013048	7664	1	FALSE	ORF1ab:cds-YP_009725295.1	GAA	E	GAC	D	1858
NC_045512.2	5840	T	G	7694	6329	41	1	0	27	0.000129938	7696	1	FALSE	ORF1ab:cds-YP_009724389.1	TAC	Y	GAC	D	1859
NC_045512.2	5840	T	G	7694	6329	41	1	0	27	0.000129938	7696	1	FALSE	ORF1ab:cds-YP_009725295.1	TAC	Y	GAC	D	1859
NC_045512.2	5840	T	C	7694	6329	41	1	1	68	0.000129938	7696	0.5	FALSE	ORF1ab:cds-YP_009724389.1	TAC	Y	CAC	H	1859
NC_045512.2	5840	T	C	7694	6329	41	1	1	68	0.000129938	7696	0.5	FALSE	ORF1ab:cds-YP_009725295.1	TAC	Y	CAC	H	1859
NC_045512.2	5841	A	T	7637	6366	40	2	2	34	0.00026178	7640	0.980496	FALSE	ORF1ab:cds-YP_009724389.1	TAC	Y	TTC	F	1859
NC_045512.2	5841	A	T	7637	6366	40	2	2	34	0.00026178	7640	0.980496	FALSE	ORF1ab:cds-YP_009725295.1	TAC	Y	TTC	F	1859
NC_045512.2	5841	A	G	7637	6366	40	1	0	68	0.00013089	7640	0.499967	FALSE	ORF1ab:cds-YP_009724389.1	TAC	Y	TGC	C	1859
NC_045512.2	5841	A	G	7637	6366	40	1	0	68	0.00013089	7640	0.499967	FALSE	ORF1ab:cds-YP_009725295.1	TAC	Y	TGC	C	1859
NC_045512.2	5843	A	G	7637	6334	41	2	2	34	0.000261814	7639	0.980506	FALSE	ORF1ab:cds-YP_009724389.1	AAA	K	GAA	E	1860
NC_045512.2	5843	A	G	7637	6334	41	2	2	34	0.000261814	7639	0.980506	FALSE	ORF1ab:cds-YP_009725295.1	AAA	K	GAA	E	1860
NC_045512.2	5844	A	G	7706	6520	40	1	1	34	0.000129752	7707	0.996103	FALSE	ORF1ab:cds-YP_009724389.1	AAA	K	AGA	R	1860
NC_045512.2	5844	A	G	7706	6520	40	1	1	34	0.000129752	7707	0.996103	FALSE	ORF1ab:cds-YP_009725295.1	AAA	K	AGA	R	1860
NC_045512.2	5845	A	G	7789	6675	40	1	0	68	0.000128337	7792	0.499968	FALSE	ORF1ab:cds-YP_009724389.1	AAA	K	AAG	K	1860
NC_045512.2	5845	A	G	7789	6675	40	1	0	68	0.000128337	7792	0.499968	FALSE	ORF1ab:cds-YP_009725295.1	AAA	K	AAG	K	1860
NC_045512.2	5845	A	C	7789	6675	40	2	2	34	0.000256674	7792	0.980496	FALSE	ORF1ab:cds-YP_009724389.1	AAA	K	AAC	N	1860
NC_045512.2	5845	A	C	7789	6675	40	2	2	34	0.000256674	7792	0.980496	FALSE	ORF1ab:cds-YP_009725295.1	AAA	K	AAC	N	1860
NC_045512.2	5847	G	A	7564	6451	41	1	1	68	0.000132188	7565	0.500033	FALSE	ORF1ab:cds-YP_009724389.1	GGT	G	GAT	D	1861
NC_045512.2	5847	G	A	7564	6451	41	1	1	68	0.000132188	7565	0.500033	FALSE	ORF1ab:cds-YP_009725295.1	GGT	G	GAT	D	1861
NC_045512.2	5849	C	A	7341	6241	41	1	0	60	0.000136203	7342	0.500034	FALSE	ORF1ab:cds-YP_009724389.1	CCT	P	ACT	T	1862
NC_045512.2	5849	C	A	7341	6241	41	1	0	60	0.000136203	7342	0.500034	FALSE	ORF1ab:cds-YP_009725295.1	CCT	P	ACT	T	1862
NC_045512.2	5850	C	A	7299	6473	40	1	1	26	0.000136986	7300	1	FALSE	ORF1ab:cds-YP_009724389.1	CCT	P	CAT	H	1862
NC_045512.2	5850	C	A	7299	6473	40	1	1	26	0.000136986	7300	1	FALSE	ORF1ab:cds-YP_009725295.1	CCT	P	CAT	H	1862
NC_045512.2	5854	T	C	7277	6461	39	2	2	34	0.000274763	7279	0.980507	FALSE	ORF1ab:cds-YP_009724389.1	ATT	I	ATC	I	1863
NC_045512.2	5854	T	C	7277	6461	39	2	2	34	0.000274763	7279	0.980507	FALSE	ORF1ab:cds-YP_009725295.1	ATT	I	ATC	I	1863
NC_045512.2	5855	A	C	7130	6324	39	1	1	26	0.000140233	7131	1	FALSE	ORF1ab:cds-YP_009724389.1	ACG	T	CCG	P	1864
NC_045512.2	5855	A	C	7130	6324	39	1	1	26	0.000140233	7131	1	FALSE	ORF1ab:cds-YP_009725295.1	ACG	T	CCG	P	1864
NC_045512.2	5857	G	A	6981	6213	39	1	1	34	0.000143225	6982	0.992203	FALSE	ORF1ab:cds-YP_009724389.1	ACG	T	ACA	T	1864
NC_045512.2	5857	G	A	6981	6213	39	1	1	34	0.000143225	6982	0.992203	FALSE	ORF1ab:cds-YP_009725295.1	ACG	T	ACA	T	1864
NC_045512.2	5860	T	A	6857	6095	39	1	1	34	0.000145815	6858	0.992203	FALSE	ORF1ab:cds-YP_009724389.1	GAT	D	GAA	E	1865
NC_045512.2	5860	T	A	6857	6095	39	1	1	34	0.000145815	6858	0.992203	FALSE	ORF1ab:cds-YP_009725295.1	GAT	D	GAA	E	1865
NC_045512.2	5860	T	-GTTTTCTACAAAGAAAACA	6857	6095	39	1	0	20	0.000145815	6858	1	FALSE	NA	NA	NA	NA	NA	NA
NC_045512.2	5861	G	C	6837	6074	39	2	2	30	0.00029244	6839	0.964884	FALSE	ORF1ab:cds-YP_009724389.1	GTT	V	CTT	L	1866
NC_045512.2	5861	G	C	6837	6074	39	2	2	30	0.00029244	6839	0.964884	FALSE	ORF1ab:cds-YP_009725295.1	GTT	V	CTT	L	1866
NC_045512.2	5862	T	G	5338	4653	40	2	2	34	0.000374322	5343	0.937469	FALSE	ORF1ab:cds-YP_009724389.1	GTT	V	GGT	G	1866
NC_045512.2	5862	T	G	5338	4653	40	2	2	34	0.000374322	5343	0.937469	FALSE	ORF1ab:cds-YP_009725295.1	GTT	V	GGT	G	1866
NC_045512.2	5862	T	C	5338	4653	40	3	3	34	0.000561482	5343	0.855438	FALSE	ORF1ab:cds-YP_009724389.1	GTT	V	GCT	A	1866
NC_045512.2	5862	T	C	5338	4653	40	3	3	34	0.000561482	5343	0.855438	FALSE	ORF1ab:cds-YP_009725295.1	GTT	V	GCT	A	1866
NC_045512.2	5863	T	C	5212	4528	41	1	1	34	0.000191755	5215	0.984379	FALSE	ORF1ab:cds-YP_009724389.1	GTT	V	GTC	V	1866
NC_045512.2	5863	T	C	5212	4528	41	1	1	34	0.000191755	5215	0.984379	FALSE	ORF1ab:cds-YP_009725295.1	GTT	V	GTC	V	1866
NC_045512.2	5863	T	A	5212	4528	41	2	2	34	0.000383509	5215	0.937531	FALSE	ORF1ab:cds-YP_009724389.1	GTT	V	GTA	V	1866
NC_045512.2	5863	T	A	5212	4528	41	2	2	34	0.000383509	5215	0.937531	FALSE	ORF1ab:cds-YP_009725295.1	GTT	V	GTA	V	1866
NC_045512.2	5864	T	C	5151	4470	40	1	1	34	0.000194099	5152	0.984398	FALSE	ORF1ab:cds-YP_009724389.1	TTC	F	CTC	L	1867
NC_045512.2	5864	T	C	5151	4470	40	1	1	34	0.000194099	5152	0.984398	FALSE	ORF1ab:cds-YP_009725295.1	TTC	F	CTC	L	1867
NC_045512.2	5867	T	C	5135	4458	40	1	1	34	0.000194704	5136	0.984398	FALSE	ORF1ab:cds-YP_009724389.1	TAC	Y	CAC	H	1868
NC_045512.2	5867	T	C	5135	4458	40	1	1	34	0.000194704	5136	0.984398	FALSE	ORF1ab:cds-YP_009725295.1	TAC	Y	CAC	H	1868
NC_045512.2	5869	C	G	5099	4436	40	1	0	27	0.000196078	5100	1	FALSE	ORF1ab:cds-YP_009724389.1	TAC	Y	TAG	*	1868
NC_045512.2	5869	C	G	5099	4436	40	1	0	27	0.000196078	5100	1	FALSE	ORF1ab:cds-YP_009725295.1	TAC	Y	TAG	*	1868
NC_045512.2	5870	A	T	4993	4330	40	2	2	34	0.0004004	4995	0.890695	FALSE	ORF1ab:cds-YP_009724389.1	AAA	K	TAA	*	1869
NC_045512.2	5870	A	T	4993	4330	40	2	2	34	0.0004004	4995	0.890695	FALSE	ORF1ab:cds-YP_009725295.1	AAA	K	TAA	*	1869
NC_045512.2	5871	A	C	4905	4472	38	1	1	34	0.000203832	4906	0.968782	FALSE	ORF1ab:cds-YP_009724389.1	AAA	K	ACA	T	1869
NC_045512.2	5871	A	C	4905	4472	38	1	1	34	0.000203832	4906	0.968782	FALSE	ORF1ab:cds-YP_009725295.1	AAA	K	ACA	T	1869
NC_045512.2	5874	A	T	4918	4499	38	1	0	24	0.000203293	4919	1	FALSE	ORF1ab:cds-YP_009724389.1	GAA	E	GTA	V	1870
NC_045512.2	5874	A	T	4918	4499	38	1	0	24	0.000203293	4919	1	FALSE	ORF1ab:cds-YP_009725295.1	GAA	E	GTA	V	1870
NC_045512.2	5878	C	A	4894	4526	37	2	2	34	0.000408497	4896	0.890697	FALSE	ORF1ab:cds-YP_009724389.1	AAC	N	AAA	K	1871
NC_045512.2	5878	C	A	4894	4526	37	2	2	34	0.000408497	4896	0.890697	FALSE	ORF1ab:cds-YP_009725295.1	AAC	N	AAA	K	1871
NC_045512.2	5879	A	C	4264	3897	35	1	1	34	0.000234467	4265	0.968787	FALSE	ORF1ab:cds-YP_009724389.1	AGT	S	CGT	R	1872
NC_045512.2	5879	A	C	4264	3897	35	1	1	34	0.000234467	4265	0.968787	FALSE	ORF1ab:cds-YP_009725295.1	AGT	S	CGT	R	1872
NC_045512.2	5881	T	A	4764	4398	37	1	1	34	0.000209864	4765	0.968799	FALSE	ORF1ab:cds-YP_009724389.1	AGT	S	AGA	R	1872
NC_045512.2	5881	T	A	4764	4398	37	1	1	34	0.000209864	4765	0.968799	FALSE	ORF1ab:cds-YP_009725295.1	AGT	S	AGA	R	1872
NC_045512.2	5885	A	T	4693	4347	37	1	1	26	0.000213038	4694	1	FALSE	ORF1ab:cds-YP_009724389.1	ACA	T	TCA	S	1874
NC_045512.2	5885	A	T	4693	4347	37	1	1	26	0.000213038	4694	1	FALSE	ORF1ab:cds-YP_009725295.1	ACA	T	TCA	S	1874
NC_045512.2	5886	C	A	4695	4348	37	2	2	26	0.000425804	4697	1	FALSE	ORF1ab:cds-YP_009724389.1	ACA	T	AAA	K	1874
NC_045512.2	5886	C	A	4695	4348	37	2	2	26	0.000425804	4697	1	FALSE	ORF1ab:cds-YP_009725295.1	ACA	T	AAA	K	1874
NC_045512.2	5892	C	T	4093	3762	37	1	1	34	0.00024426	4094	0.968807	FALSE	ORF1ab:cds-YP_009724389.1	ACC	T	ATC	I	1876
NC_045512.2	5892	C	T	4093	3762	37	1	1	34	0.00024426	4094	0.968807	FALSE	ORF1ab:cds-YP_009725295.1	ACC	T	ATC	I	1876
NC_045512.2	5893	C	T	3980	3654	37	1	1	68	0.000251193	3981	0.500063	FALSE	ORF1ab:cds-YP_009724389.1	ACC	T	ACT	T	1876
NC_045512.2	5893	C	T	3980	3654	37	1	1	68	0.000251193	3981	0.500063	FALSE	ORF1ab:cds-YP_009725295.1	ACC	T	ACT	T	1876
NC_045512.2	5895	T	C	3784	3460	37	1	1	34	0.000264201	3785	0.937583	FALSE	ORF1ab:cds-YP_009724389.1	ATA	I	ACA	T	1877
NC_045512.2	5895	T	C	3784	3460	37	1	1	34	0.000264201	3785	0.937583	FALSE	ORF1ab:cds-YP_009725295.1	ATA	I	ACA	T	1877
NC_045512.2	5900	C	A	3874	3601	37	2	2	26	0.000515996	3876	1	FALSE	ORF1ab:cds-YP_009724389.1	CCA	P	ACA	T	1879
NC_045512.2	5900	C	A	3874	3601	37	2	2	26	0.000515996	3876	1	FALSE	ORF1ab:cds-YP_009725295.1	CCA	P	ACA	T	1879
NC_045512.2	5901	C	T	3554	3293	37	1	1	34	0.000281294	3555	0.937588	FALSE	ORF1ab:cds-YP_009724389.1	CCA	P	CTA	L	1879
NC_045512.2	5901	C	T	3554	3293	37	1	1	34	0.000281294	3555	0.937588	FALSE	ORF1ab:cds-YP_009725295.1	CCA	P	CTA	L	1879
NC_045512.2	5902	A	G	3280	3036	37	1	1	34	0.000304785	3281	0.937595	FALSE	ORF1ab:cds-YP_009724389.1	CCA	P	CCG	P	1879
NC_045512.2	5902	A	G	3280	3036	37	1	1	34	0.000304785	3281	0.937595	FALSE	ORF1ab:cds-YP_009725295.1	CCA	P	CCG	P	1879
NC_045512.2	5904	T	C	3228	2984	36	1	1	34	0.000309693	3229	0.937597	FALSE	ORF1ab:cds-YP_009724389.1	GTT	V	GCT	A	1880
NC_045512.2	5904	T	C	3228	2984	36	1	1	34	0.000309693	3229	0.937597	FALSE	ORF1ab:cds-YP_009725295.1	GTT	V	GCT	A	1880
NC_045512.2	5907	C	A	3313	3108	36	1	1	26	0.00030175	3314	1	FALSE	ORF1ab:cds-YP_009724389.1	ACT	T	AAT	N	1881
NC_045512.2	5907	C	A	3313	3108	36	1	1	26	0.00030175	3314	1	FALSE	ORF1ab:cds-YP_009725295.1	ACT	T	AAT	N	1881
NC_045512.2	5909	T	C	3070	2868	36	1	1	34	0.000325627	3071	0.937602	FALSE	ORF1ab:cds-YP_009724389.1	TAT	Y	CAT	H	1882
NC_045512.2	5909	T	C	3070	2868	36	1	1	34	0.000325627	3071	0.937602	FALSE	ORF1ab:cds-YP_009725295.1	TAT	Y	CAT	H	1882
NC_045512.2	5914	A	G	3068	2891	35	1	1	34	0.000325627	3071	0.93752	FALSE	ORF1ab:cds-YP_009724389.1	AAA	K	AAG	K	1883
NC_045512.2	5914	A	G	3068	2891	35	1	1	34	0.000325627	3071	0.93752	FALSE	ORF1ab:cds-YP_009725295.1	AAA	K	AAG	K	1883
NC_045512.2	5914	A	C	3068	2891	35	2	2	30	0.000651254	3071	0.812602	FALSE	ORF1ab:cds-YP_009724389.1	AAA	K	AAC	N	1883
NC_045512.2	5914	A	C	3068	2891	35	2	2	30	0.000651254	3071	0.812602	FALSE	ORF1ab:cds-YP_009725295.1	AAA	K	AAC	N	1883
NC_045512.2	5916	T	C	2335	2205	34	1	1	34	0.000428082	2336	0.875161	FALSE	ORF1ab:cds-YP_009724389.1	TTG	L	TCG	S	1884
NC_045512.2	5916	T	C	2335	2205	34	1	1	34	0.000428082	2336	0.875161	FALSE	ORF1ab:cds-YP_009725295.1	TTG	L	TCG	S	1884
NC_045512.2	5925	T	C	2654	2554	35	1	1	34	0.000376648	2655	0.875141	FALSE	ORF1ab:cds-YP_009724389.1	GTT	V	GCT	A	1887
NC_045512.2	5925	T	C	2654	2554	35	1	1	34	0.000376648	2655	0.875141	FALSE	ORF1ab:cds-YP_009725295.1	GTT	V	GCT	A	1887
NC_045512.2	5928	T	C	2043	1949	33	1	1	34	0.000489237	2044	0.875183	FALSE	ORF1ab:cds-YP_009724389.1	GTT	V	GCT	A	1888
NC_045512.2	5928	T	C	2043	1949	33	1	1	34	0.000489237	2044	0.875183	FALSE	ORF1ab:cds-YP_009725295.1	GTT	V	GCT	A	1888
NC_045512.2	6911	A	G	152	19	35	1	0	26	0.00653595	153	0.752459	FALSE	ORF1ab:cds-YP_009724389.1	AAT	N	GAT	D	2216
NC_045512.2	6911	A	G	152	19	35	1	0	26	0.00653595	153	0.752459	FALSE	ORF1ab:cds-YP_009725295.1	AAT	N	GAT	D	2216
NC_045512.2	6982	C	T	139	86	37	1	1	34	0.00714286	140	0.501792	FALSE	ORF1ab:cds-YP_009724389.1	TGC	C	TGT	C	2239
NC_045512.2	6982	C	T	139	86	37	1	1	34	0.00714286	140	0.501792	FALSE	ORF1ab:cds-YP_009725295.1	TGC	C	TGT	C	2239
NC_045512.2	7409	A	G	1797	113	33	1	0	34	0.000556174	1798	0.750209	FALSE	ORF1ab:cds-YP_009724389.1	AGA	R	GGA	G	2382
NC_045512.2	7409	A	G	1797	113	33	1	0	34	0.000556174	1798	0.750209	FALSE	ORF1ab:cds-YP_009725295.1	AGA	R	GGA	G	2382
NC_045512.2	7411	A	G	1549	119	30	1	0	34	0.000645161	1550	0.750242	FALSE	ORF1ab:cds-YP_009724389.1	AGA	R	AGG	R	2382
NC_045512.2	7411	A	G	1549	119	30	1	0	34	0.000645161	1550	0.750242	FALSE	ORF1ab:cds-YP_009725295.1	AGA	R	AGG	R	2382
NC_045512.2	7421	T	A	2622	183	35	1	0	34	0.000381243	2623	0.875143	FALSE	ORF1ab:cds-YP_009724389.1	TTC	F	ATC	I	2386
NC_045512.2	7421	T	A	2622	183	35	1	0	34	0.000381243	2623	0.875143	FALSE	ORF1ab:cds-YP_009725295.1	TTC	F	ATC	I	2386
NC_045512.2	7426	T	A	2665	199	35	1	1	34	0.000375094	2666	0.875141	FALSE	ORF1ab:cds-YP_009724389.1	TTT	F	TTA	L	2387
NC_045512.2	7426	T	A	2665	199	35	1	1	34	0.000375094	2666	0.875141	FALSE	ORF1ab:cds-YP_009725295.1	TTT	F	TTA	L	2387
NC_045512.2	7428	C	T	2691	208	35	1	0	26	0.000371195	2694	1	FALSE	ORF1ab:cds-YP_009724389.1	GCA	A	GTA	V	2388
NC_045512.2	7428	C	T	2691	208	35	1	0	26	0.000371195	2694	1	FALSE	ORF1ab:cds-YP_009725295.1	GCA	A	GTA	V	2388
NC_045512.2	7428	C	G	2691	208	35	1	0	34	0.000371195	2694	0.875	FALSE	ORF1ab:cds-YP_009724389.1	GCA	A	GGA	G	2388
NC_045512.2	7428	C	G	2691	208	35	1	0	34	0.000371195	2694	0.875	FALSE	ORF1ab:cds-YP_009725295.1	GCA	A	GGA	G	2388
NC_045512.2	7428	C	A	2691	208	35	1	0	34	0.000371195	2694	0.875	FALSE	ORF1ab:cds-YP_009724389.1	GCA	A	GAA	E	2388
NC_045512.2	7428	C	A	2691	208	35	1	0	34	0.000371195	2694	0.875	FALSE	ORF1ab:cds-YP_009725295.1	GCA	A	GAA	E	2388
NC_045512.2	7429	A	G	2694	210	35	1	0	34	0.000371058	2695	0.875139	FALSE	ORF1ab:cds-YP_009724389.1	GCA	A	GCG	A	2388
NC_045512.2	7429	A	G	2694	210	35	1	0	34	0.000371058	2695	0.875139	FALSE	ORF1ab:cds-YP_009725295.1	GCA	A	GCG	A	2388
NC_045512.2	7430	T	G	2742	206	35	3	0	26	0.0010925	2746	1	FALSE	ORF1ab:cds-YP_009724389.1	TCA	S	GCA	A	2389
NC_045512.2	7430	T	G	2742	206	35	3	0	26	0.0010925	2746	1	FALSE	ORF1ab:cds-YP_009725295.1	TCA	S	GCA	A	2389
NC_045512.2	7430	T	C	2742	206	35	1	0	26	0.000364166	2746	1	FALSE	ORF1ab:cds-YP_009724389.1	TCA	S	CCA	P	2389
NC_045512.2	7430	T	C	2742	206	35	1	0	26	0.000364166	2746	1	FALSE	ORF1ab:cds-YP_009725295.1	TCA	S	CCA	P	2389
NC_045512.2	7432	A	T	2931	224	35	1	0	26	0.000341064	2932	1	FALSE	ORF1ab:cds-YP_009724389.1	TCA	S	TCT	S	2389
NC_045512.2	7432	A	T	2931	224	35	1	0	26	0.000341064	2932	1	FALSE	ORF1ab:cds-YP_009725295.1	TCA	S	TCT	S	2389
NC_045512.2	7432	A	-T	2931	224	35	1	0	20	0.000341064	2932	1	FALSE	NA	NA	NA	NA	NA	NA
NC_045512.2	7434	T	G	2968	210	35	3	0	31	0.00100942	2972	0.5	FALSE	ORF1ab:cds-YP_009724389.1	TTT	F	TGT	C	2390
NC_045512.2	7434	T	G	2968	210	35	3	0	31	0.00100942	2972	0.5	FALSE	ORF1ab:cds-YP_009725295.1	TTT	F	TGT	C	2390
NC_045512.2	7434	T	A	2968	210	35	1	0	26	0.000336474	2972	1	FALSE	ORF1ab:cds-YP_009724389.1	TTT	F	TAT	Y	2390
NC_045512.2	7434	T	A	2968	210	35	1	0	26	0.000336474	2972	1	FALSE	ORF1ab:cds-YP_009725295.1	TTT	F	TAT	Y	2390
NC_045512.2	7439	T	C	3111	249	36	1	0	34	0.000321337	3112	0.9376	FALSE	ORF1ab:cds-YP_009724389.1	TAT	Y	CAT	H	2392
NC_045512.2	7439	T	C	3111	249	36	1	0	34	0.000321337	3112	0.9376	FALSE	ORF1ab:cds-YP_009725295.1	TAT	Y	CAT	H	2392
NC_045512.2	7440	A	G	3083	248	36	1	0	34	0.000324254	3084	0.937601	FALSE	ORF1ab:cds-YP_009724389.1	TAT	Y	TGT	C	2392
NC_045512.2	7440	A	G	3083	248	36	1	0	34	0.000324254	3084	0.937601	FALSE	ORF1ab:cds-YP_009725295.1	TAT	Y	TGT	C	2392
NC_045512.2	7443	T	G	3229	263	36	1	0	34	0.000309598	3230	0.937597	FALSE	ORF1ab:cds-YP_009724389.1	GTA	V	GGA	G	2393
NC_045512.2	7443	T	G	3229	263	36	1	0	34	0.000309598	3230	0.937597	FALSE	ORF1ab:cds-YP_009725295.1	GTA	V	GGA	G	2393
NC_045512.2	7444	A	G	3239	298	36	2	0	34	0.000617093	3241	0.812693	FALSE	ORF1ab:cds-YP_009724389.1	GTA	V	GTG	V	2393
NC_045512.2	7444	A	G	3239	298	36	2	0	34	0.000617093	3241	0.812693	FALSE	ORF1ab:cds-YP_009725295.1	GTA	V	GTG	V	2393
NC_045512.2	7445	T	C	3290	303	36	1	0	34	0.000303859	3291	0.937595	FALSE	ORF1ab:cds-YP_009724389.1	TGG	W	CGG	R	2394
NC_045512.2	7445	T	C	3290	303	36	1	0	34	0.000303859	3291	0.937595	FALSE	ORF1ab:cds-YP_009725295.1	TGG	W	CGG	R	2394
NC_045512.2	7447	G	T	3367	311	36	2	0	26	0.000593648	3369	1	FALSE	ORF1ab:cds-YP_009724389.1	TGG	W	TGT	C	2394
NC_045512.2	7447	G	T	3367	311	36	2	0	26	0.000593648	3369	1	FALSE	ORF1ab:cds-YP_009725295.1	TGG	W	TGT	C	2394
NC_045512.2	7451	A	G	3610	339	37	2	0	34	0.00055371	3612	0.812673	FALSE	ORF1ab:cds-YP_009724389.1	AGT	S	GGT	G	2396
NC_045512.2	7451	A	G	3610	339	37	2	0	34	0.00055371	3612	0.812673	FALSE	ORF1ab:cds-YP_009725295.1	AGT	S	GGT	G	2396
NC_045512.2	7454	T	C	3869	385	37	6	0	39	0.00154839	3875	0.253906	FALSE	ORF1ab:cds-YP_009724389.1	TAT	Y	CAT	H	2397
NC_045512.2	7454	T	C	3869	385	37	6	0	39	0.00154839	3875	0.253906	FALSE	ORF1ab:cds-YP_009725295.1	TAT	Y	CAT	H	2397
NC_045512.2	7457	G	T	4020	388	37	1	0	34	0.000248633	4022	0.968789	FALSE	ORF1ab:cds-YP_009724389.1	GTG	V	TTG	L	2398
NC_045512.2	7457	G	T	4020	388	37	1	0	34	0.000248633	4022	0.968789	FALSE	ORF1ab:cds-YP_009725295.1	GTG	V	TTG	L	2398
NC_045512.2	7457	G	A	4020	388	37	1	0	34	0.000248633	4022	0.968789	FALSE	ORF1ab:cds-YP_009724389.1	GTG	V	ATG	M	2398
NC_045512.2	7457	G	A	4020	388	37	1	0	34	0.000248633	4022	0.968789	FALSE	ORF1ab:cds-YP_009725295.1	GTG	V	ATG	M	2398
NC_045512.2	7463	G	T	4574	492	38	2	0	30	0.000437063	4576	0.890753	FALSE	ORF1ab:cds-YP_009724389.1	GTT	V	TTT	F	2400
NC_045512.2	7463	G	T	4574	492	38	2	0	30	0.000437063	4576	0.890753	FALSE	ORF1ab:cds-YP_009725295.1	GTT	V	TTT	F	2400
NC_045512.2	7464	T	G	4662	507	38	1	0	26	0.000214454	4663	1	FALSE	ORF1ab:cds-YP_009724389.1	GTT	V	GGT	G	2400
NC_045512.2	7464	T	G	4662	507	38	1	0	26	0.000214454	4663	1	FALSE	ORF1ab:cds-YP_009725295.1	GTT	V	GGT	G	2400
NC_045512.2	7465	T	C	4703	507	38	2	0	34	0.00042508	4705	0.89075	FALSE	ORF1ab:cds-YP_009724389.1	GTT	V	GTC	V	2400
NC_045512.2	7465	T	C	4703	507	38	2	0	34	0.00042508	4705	0.89075	FALSE	ORF1ab:cds-YP_009725295.1	GTT	V	GTC	V	2400
NC_045512.2	7467	T	C	4737	504	38	2	0	34	0.00042203	4739	0.890749	FALSE	ORF1ab:cds-YP_009724389.1	GTA	V	GCA	A	2401
NC_045512.2	7467	T	C	4737	504	38	2	0	34	0.00042203	4739	0.890749	FALSE	ORF1ab:cds-YP_009725295.1	GTA	V	GCA	A	2401
NC_045512.2	7473	G	T	5093	554	39	2	0	30	0.000392542	5095	0.937597	FALSE	ORF1ab:cds-YP_009724389.1	GGT	G	GTT	V	2403
NC_045512.2	7473	G	T	5093	554	39	2	0	30	0.000392542	5095	0.937597	FALSE	ORF1ab:cds-YP_009725295.1	GGT	G	GTT	V	2403
NC_045512.2	7477	T	G	5094	588	39	2	0	34	0.000392465	5096	0.937597	FALSE	ORF1ab:cds-YP_009724389.1	TGT	C	TGG	W	2404
NC_045512.2	7477	T	G	5094	588	39	2	0	34	0.000392465	5096	0.937597	FALSE	ORF1ab:cds-YP_009725295.1	TGT	C	TGG	W	2404
NC_045512.2	7481	T	A	5130	645	40	1	1	27	0.000194894	5131	1	FALSE	ORF1ab:cds-YP_009724389.1	TCA	S	ACA	T	2406
NC_045512.2	7481	T	A	5130	645	40	1	1	27	0.000194894	5131	1	FALSE	ORF1ab:cds-YP_009725295.1	TCA	S	ACA	T	2406
NC_045512.2	7482	C	G	5185	658	40	2	0	30	0.000385505	5188	0.937563	FALSE	ORF1ab:cds-YP_009724389.1	TCA	S	TGA	*	2406
NC_045512.2	7482	C	G	5185	658	40	2	0	30	0.000385505	5188	0.937563	FALSE	ORF1ab:cds-YP_009725295.1	TCA	S	TGA	*	2406
NC_045512.2	7482	C	A	5185	658	40	1	0	26	0.000192753	5188	1	FALSE	ORF1ab:cds-YP_009724389.1	TCA	S	TAA	*	2406
NC_045512.2	7482	C	A	5185	658	40	1	0	26	0.000192753	5188	1	FALSE	ORF1ab:cds-YP_009725295.1	TCA	S	TAA	*	2406
NC_045512.2	7485	C	T	5253	719	40	1	1	27	0.000190331	5254	1	FALSE	ORF1ab:cds-YP_009724389.1	TCA	S	TTA	L	2407
NC_045512.2	7485	C	T	5253	719	40	1	1	27	0.000190331	5254	1	FALSE	ORF1ab:cds-YP_009725295.1	TCA	S	TTA	L	2407
NC_045512.2	7489	T	C	5453	752	40	1	0	34	0.000183352	5454	0.984405	FALSE	ORF1ab:cds-YP_009724389.1	ACT	T	ACC	T	2408
NC_045512.2	7489	T	C	5453	752	40	1	0	34	0.000183352	5454	0.984405	FALSE	ORF1ab:cds-YP_009725295.1	ACT	T	ACC	T	2408
NC_045512.2	7490	T	C	5484	753	40	1	0	34	0.000182315	5485	0.984405	FALSE	ORF1ab:cds-YP_009724389.1	TGT	C	CGT	R	2409
NC_045512.2	7490	T	C	5484	753	40	1	0	34	0.000182315	5485	0.984405	FALSE	ORF1ab:cds-YP_009725295.1	TGT	C	CGT	R	2409
NC_045512.2	7492	T	C	5565	758	40	1	0	34	0.000179662	5566	0.984404	FALSE	ORF1ab:cds-YP_009724389.1	TGT	C	TGC	C	2409
NC_045512.2	7492	T	C	5565	758	40	1	0	34	0.000179662	5566	0.984404	FALSE	ORF1ab:cds-YP_009725295.1	TGT	C	TGC	C	2409
NC_045512.2	7493	A	G	5569	775	40	1	0	34	0.000179501	5571	0.984396	FALSE	ORF1ab:cds-YP_009724389.1	ATG	M	GTG	V	2410
NC_045512.2	7493	A	G	5569	775	40	1	0	34	0.000179501	5571	0.984396	FALSE	ORF1ab:cds-YP_009725295.1	ATG	M	GTG	V	2410
NC_045512.2	7493	A	C	5569	775	40	1	1	27	0.000179501	5571	1	FALSE	ORF1ab:cds-YP_009724389.1	ATG	M	CTG	L	2410
NC_045512.2	7493	A	C	5569	775	40	1	1	27	0.000179501	5571	1	FALSE	ORF1ab:cds-YP_009725295.1	ATG	M	CTG	L	2410
NC_045512.2	7494	T	G	5343	881	40	1	0	34	0.000187126	5344	0.984406	FALSE	ORF1ab:cds-YP_009724389.1	ATG	M	AGG	R	2410
NC_045512.2	7494	T	G	5343	881	40	1	0	34	0.000187126	5344	0.984406	FALSE	ORF1ab:cds-YP_009725295.1	ATG	M	AGG	R	2410
NC_045512.2	7496	A	G	5090	883	39	1	0	34	0.000196425	5091	0.984407	FALSE	ORF1ab:cds-YP_009724389.1	ATG	M	GTG	V	2411
NC_045512.2	7496	A	G	5090	883	39	1	0	34	0.000196425	5091	0.984407	FALSE	ORF1ab:cds-YP_009725295.1	ATG	M	GTG	V	2411
NC_045512.2	7497	T	C	5289	848	41	1	0	34	0.000189036	5290	0.984406	FALSE	ORF1ab:cds-YP_009724389.1	ATG	M	ACG	T	2411
NC_045512.2	7497	T	C	5289	848	41	1	0	34	0.000189036	5290	0.984406	FALSE	ORF1ab:cds-YP_009725295.1	ATG	M	ACG	T	2411
NC_045512.2	7500	G	A	5324	845	40	1	0	34	0.000187793	5325	0.984406	FALSE	ORF1ab:cds-YP_009724389.1	TGT	C	TAT	Y	2412
NC_045512.2	7500	G	A	5324	845	40	1	0	34	0.000187793	5325	0.984406	FALSE	ORF1ab:cds-YP_009725295.1	TGT	C	TAT	Y	2412
NC_045512.2	7501	T	C	5184	886	40	2	1	34	0.000385654	5186	0.937595	FALSE	ORF1ab:cds-YP_009724389.1	TGT	C	TGC	C	2412
NC_045512.2	7501	T	C	5184	886	40	2	1	34	0.000385654	5186	0.937595	FALSE	ORF1ab:cds-YP_009725295.1	TGT	C	TGC	C	2412
NC_045512.2	7502	T	C	5182	888	40	1	0	34	0.000192938	5183	0.984407	FALSE	ORF1ab:cds-YP_009724389.1	TAC	Y	CAC	H	2413
NC_045512.2	7502	T	C	5182	888	40	1	0	34	0.000192938	5183	0.984407	FALSE	ORF1ab:cds-YP_009725295.1	TAC	Y	CAC	H	2413
NC_045512.2	7503	A	G	5140	890	39	2	0	34	0.000388954	5142	0.937596	FALSE	ORF1ab:cds-YP_009724389.1	TAC	Y	TGC	C	2413
NC_045512.2	7503	A	G	5140	890	39	2	0	34	0.000388954	5142	0.937596	FALSE	ORF1ab:cds-YP_009725295.1	TAC	Y	TGC	C	2413
NC_045512.2	7504	C	A	5048	958	40	2	0	47	0.00039604	5050	0.250025	FALSE	ORF1ab:cds-YP_009724389.1	TAC	Y	TAA	*	2413
NC_045512.2	7504	C	A	5048	958	40	2	0	47	0.00039604	5050	0.250025	FALSE	ORF1ab:cds-YP_009725295.1	TAC	Y	TAA	*	2413
NC_045512.2	7505	A	T	4834	934	39	1	0	34	0.000206825	4835	0.968798	FALSE	ORF1ab:cds-YP_009724389.1	AAA	K	TAA	*	2414
NC_045512.2	7505	A	T	4834	934	39	1	0	34	0.000206825	4835	0.968798	FALSE	ORF1ab:cds-YP_009725295.1	AAA	K	TAA	*	2414
NC_045512.2	7509	G	T	4877	1025	39	1	0	26	0.00020496	4879	1	FALSE	ORF1ab:cds-YP_009724389.1	CGT	R	CTT	L	2415
NC_045512.2	7509	G	T	4877	1025	39	1	0	26	0.00020496	4879	1	FALSE	ORF1ab:cds-YP_009725295.1	CGT	R	CTT	L	2415
NC_045512.2	7509	G	C	4877	1025	39	1	0	26	0.00020496	4879	1	FALSE	ORF1ab:cds-YP_009724389.1	CGT	R	CCT	P	2415
NC_045512.2	7509	G	C	4877	1025	39	1	0	26	0.00020496	4879	1	FALSE	ORF1ab:cds-YP_009725295.1	CGT	R	CCT	P	2415
NC_045512.2	7511	A	C	4883	1092	38	1	0	26	0.00020475	4884	1	FALSE	ORF1ab:cds-YP_009724389.1	AAT	N	CAT	H	2416
NC_045512.2	7511	A	C	4883	1092	38	1	0	26	0.00020475	4884	1	FALSE	ORF1ab:cds-YP_009725295.1	AAT	N	CAT	H	2416
NC_045512.2	7514	A	T	4560	1215	38	1	0	34	0.000219202	4562	0.968784	FALSE	ORF1ab:cds-YP_009724389.1	AGA	R	TGA	*	2417
NC_045512.2	7514	A	T	4560	1215	38	1	0	34	0.000219202	4562	0.968784	FALSE	ORF1ab:cds-YP_009725295.1	AGA	R	TGA	*	2417
NC_045512.2	7514	A	G	4560	1215	38	1	0	34	0.000219202	4562	0.968784	FALSE	ORF1ab:cds-YP_009724389.1	AGA	R	GGA	G	2417
NC_045512.2	7514	A	G	4560	1215	38	1	0	34	0.000219202	4562	0.968784	FALSE	ORF1ab:cds-YP_009725295.1	AGA	R	GGA	G	2417
NC_045512.2	7516	A	G	4625	1231	37	2	0	29	0.000432246	4627	1	FALSE	ORF1ab:cds-YP_009724389.1	AGA	R	AGG	R	2417
NC_045512.2	7516	A	G	4625	1231	37	2	0	29	0.000432246	4627	1	FALSE	ORF1ab:cds-YP_009725295.1	AGA	R	AGG	R	2417
NC_045512.2	7528	C	G	4740	1368	39	1	0	26	0.000210881	4742	1	FALSE	ORF1ab:cds-YP_009724389.1	GTC	V	GTG	V	2421
NC_045512.2	7528	C	G	4740	1368	39	1	0	26	0.000210881	4742	1	FALSE	ORF1ab:cds-YP_009725295.1	GTC	V	GTG	V	2421
NC_045512.2	7528	C	A	4740	1368	39	1	0	34	0.000210881	4742	0.968783	FALSE	ORF1ab:cds-YP_009724389.1	GTC	V	GTA	V	2421
NC_045512.2	7528	C	A	4740	1368	39	1	0	34	0.000210881	4742	0.968783	FALSE	ORF1ab:cds-YP_009725295.1	GTC	V	GTA	V	2421
NC_045512.2	7529	G	A	4732	1366	39	1	1	68	0.000211282	4733	0.500053	FALSE	ORF1ab:cds-YP_009724389.1	GAA	E	AAA	K	2422
NC_045512.2	7529	G	A	4732	1366	39	1	1	68	0.000211282	4733	0.500053	FALSE	ORF1ab:cds-YP_009725295.1	GAA	E	AAA	K	2422
NC_045512.2	7530	A	G	4435	1457	38	1	0	34	0.000225428	4436	0.968803	FALSE	ORF1ab:cds-YP_009724389.1	GAA	E	GGA	G	2422
NC_045512.2	7530	A	G	4435	1457	38	1	0	34	0.000225428	4436	0.968803	FALSE	ORF1ab:cds-YP_009725295.1	GAA	E	GGA	G	2422
NC_045512.2	7533	G	A	4727	1514	38	2	1	34	0.000422922	4729	0.890749	FALSE	ORF1ab:cds-YP_009724389.1	TGT	C	TAT	Y	2423
NC_045512.2	7533	G	A	4727	1514	38	2	1	34	0.000422922	4729	0.890749	FALSE	ORF1ab:cds-YP_009725295.1	TGT	C	TAT	Y	2423
NC_045512.2	7535	A	C	4766	1577	39	1	0	34	0.000209776	4767	0.968799	FALSE	ORF1ab:cds-YP_009724389.1	ACA	T	CCA	P	2424
NC_045512.2	7535	A	C	4766	1577	39	1	0	34	0.000209776	4767	0.968799	FALSE	ORF1ab:cds-YP_009725295.1	ACA	T	CCA	P	2424
NC_045512.2	7537	A	G	4811	1644	39	1	0	34	0.000207814	4812	0.968799	FALSE	ORF1ab:cds-YP_009724389.1	ACA	T	ACG	T	2424
NC_045512.2	7537	A	G	4811	1644	39	1	0	34	0.000207814	4812	0.968799	FALSE	ORF1ab:cds-YP_009725295.1	ACA	T	ACG	T	2424
NC_045512.2	7538	A	G	4744	1660	39	1	0	24	0.000210748	4745	1	FALSE	ORF1ab:cds-YP_009724389.1	ACT	T	GCT	A	2425
NC_045512.2	7538	A	G	4744	1660	39	1	0	24	0.000210748	4745	1	FALSE	ORF1ab:cds-YP_009725295.1	ACT	T	GCT	A	2425
NC_045512.2	7545	T	C	4780	1607	38	1	0	34	0.000209161	4781	0.968799	FALSE	ORF1ab:cds-YP_009724389.1	GTT	V	GCT	A	2427
NC_045512.2	7545	T	C	4780	1607	38	1	0	34	0.000209161	4781	0.968799	FALSE	ORF1ab:cds-YP_009725295.1	GTT	V	GCT	A	2427
NC_045512.2	7551	G	T	5142	1966	39	1	0	34	0.000194439	5143	0.984407	FALSE	ORF1ab:cds-YP_009724389.1	GGT	G	GTT	V	2429
NC_045512.2	7551	G	T	5142	1966	39	1	0	34	0.000194439	5143	0.984407	FALSE	ORF1ab:cds-YP_009725295.1	GGT	G	GTT	V	2429
NC_045512.2	7555	T	G	4978	2062	39	1	1	26	0.000200844	4979	1	FALSE	ORF1ab:cds-YP_009724389.1	GTT	V	GTG	V	2430
NC_045512.2	7555	T	G	4978	2062	39	1	1	26	0.000200844	4979	1	FALSE	ORF1ab:cds-YP_009725295.1	GTT	V	GTG	V	2430
NC_045512.2	7556	A	T	4631	2074	38	1	0	26	0.000215843	4633	1	FALSE	ORF1ab:cds-YP_009724389.1	AGA	R	TGA	*	2431
NC_045512.2	7556	A	T	4631	2074	38	1	0	26	0.000215843	4633	1	FALSE	ORF1ab:cds-YP_009725295.1	AGA	R	TGA	*	2431
NC_045512.2	7556	A	G	4631	2074	38	1	1	34	0.000215843	4633	0.968784	FALSE	ORF1ab:cds-YP_009724389.1	AGA	R	GGA	G	2431
NC_045512.2	7556	A	G	4631	2074	38	1	1	34	0.000215843	4633	0.968784	FALSE	ORF1ab:cds-YP_009725295.1	AGA	R	GGA	G	2431
NC_045512.2	7557	G	A	4966	2064	39	1	1	68	0.000201329	4967	0.50005	FALSE	ORF1ab:cds-YP_009724389.1	AGA	R	AAA	K	2431
NC_045512.2	7557	G	A	4966	2064	39	1	1	68	0.000201329	4967	0.50005	FALSE	ORF1ab:cds-YP_009725295.1	AGA	R	AAA	K	2431
NC_045512.2	7558	A	T	4142	2078	37	1	0	34	0.000241371	4143	0.968807	FALSE	ORF1ab:cds-YP_009724389.1	AGA	R	AGT	S	2431
NC_045512.2	7558	A	T	4142	2078	37	1	0	34	0.000241371	4143	0.968807	FALSE	ORF1ab:cds-YP_009725295.1	AGA	R	AGT	S	2431
NC_045512.2	7560	G	A	4755	1923	39	1	0	34	0.000210261	4756	0.968799	FALSE	ORF1ab:cds-YP_009724389.1	AGG	R	AAG	K	2432
NC_045512.2	7560	G	A	4755	1923	39	1	0	34	0.000210261	4756	0.968799	FALSE	ORF1ab:cds-YP_009725295.1	AGG	R	AAG	K	2432
NC_045512.2	7565	T	G	4634	2179	38	1	0	34	0.000215703	4636	0.968784	FALSE	ORF1ab:cds-YP_009724389.1	TTT	F	GTT	V	2434
NC_045512.2	7565	T	G	4634	2179	38	1	0	34	0.000215703	4636	0.968784	FALSE	ORF1ab:cds-YP_009725295.1	TTT	F	GTT	V	2434
NC_045512.2	7565	T	C	4634	2179	38	1	1	34	0.000215703	4636	0.968784	FALSE	ORF1ab:cds-YP_009724389.1	TTT	F	CTT	L	2434
NC_045512.2	7565	T	C	4634	2179	38	1	1	34	0.000215703	4636	0.968784	FALSE	ORF1ab:cds-YP_009725295.1	TTT	F	CTT	L	2434
NC_045512.2	7566	T	C	4444	2011	37	1	0	34	0.000224972	4445	0.968803	FALSE	ORF1ab:cds-YP_009724389.1	TTT	F	TCT	S	2434
NC_045512.2	7566	T	C	4444	2011	37	1	0	34	0.000224972	4445	0.968803	FALSE	ORF1ab:cds-YP_009725295.1	TTT	F	TCT	S	2434
NC_045512.2	7568	T	G	4570	2137	38	1	0	34	0.000218771	4571	0.968801	FALSE	ORF1ab:cds-YP_009724389.1	TAT	Y	GAT	D	2435
NC_045512.2	7568	T	G	4570	2137	38	1	0	34	0.000218771	4571	0.968801	FALSE	ORF1ab:cds-YP_009725295.1	TAT	Y	GAT	D	2435
NC_045512.2	7571	G	T	4744	2229	38	1	0	34	0.000210748	4745	0.968799	FALSE	ORF1ab:cds-YP_009724389.1	GTC	V	TTC	F	2436
NC_045512.2	7571	G	T	4744	2229	38	1	0	34	0.000210748	4745	0.968799	FALSE	ORF1ab:cds-YP_009725295.1	GTC	V	TTC	F	2436
NC_045512.2	7573	C	T	4513	2232	38	1	1	68	0.000221533	4514	0.500055	FALSE	ORF1ab:cds-YP_009724389.1	GTC	V	GTT	V	2436
NC_045512.2	7573	C	T	4513	2232	38	1	1	68	0.000221533	4514	0.500055	FALSE	ORF1ab:cds-YP_009725295.1	GTC	V	GTT	V	2436
NC_045512.2	7574	T	C	4379	2088	37	1	0	34	0.000228311	4380	0.968803	FALSE	ORF1ab:cds-YP_009724389.1	TAT	Y	CAT	H	2437
NC_045512.2	7574	T	C	4379	2088	37	1	0	34	0.000228311	4380	0.968803	FALSE	ORF1ab:cds-YP_009725295.1	TAT	Y	CAT	H	2437
NC_045512.2	7575	A	G	4520	2177	37	1	0	68	0.00022119	4521	0.500055	FALSE	ORF1ab:cds-YP_009724389.1	TAT	Y	TGT	C	2437
NC_045512.2	7575	A	G	4520	2177	37	1	0	68	0.00022119	4521	0.500055	FALSE	ORF1ab:cds-YP_009725295.1	TAT	Y	TGT	C	2437
NC_045512.2	7577	G	T	4568	2169	38	1	0	34	0.000218866	4569	0.968801	FALSE	ORF1ab:cds-YP_009724389.1	GCT	A	TCT	S	2438
NC_045512.2	7577	G	T	4568	2169	38	1	0	34	0.000218866	4569	0.968801	FALSE	ORF1ab:cds-YP_009725295.1	GCT	A	TCT	S	2438
NC_045512.2	7579	T	C	4456	2055	37	1	1	34	0.000224316	4458	0.968785	FALSE	ORF1ab:cds-YP_009724389.1	GCT	A	GCC	A	2438
NC_045512.2	7579	T	C	4456	2055	37	1	1	34	0.000224316	4458	0.968785	FALSE	ORF1ab:cds-YP_009725295.1	GCT	A	GCC	A	2438
NC_045512.2	7579	T	A	4456	2055	37	1	1	34	0.000224316	4458	0.968785	FALSE	ORF1ab:cds-YP_009724389.1	GCT	A	GCA	A	2438
NC_045512.2	7579	T	A	4456	2055	37	1	1	34	0.000224316	4458	0.968785	FALSE	ORF1ab:cds-YP_009725295.1	GCT	A	GCA	A	2438
NC_045512.2	7580	A	G	4522	2105	38	1	0	26	0.000221092	4523	1	FALSE	ORF1ab:cds-YP_009724389.1	AAT	N	GAT	D	2439
NC_045512.2	7580	A	G	4522	2105	38	1	0	26	0.000221092	4523	1	FALSE	ORF1ab:cds-YP_009725295.1	AAT	N	GAT	D	2439
NC_045512.2	7581	A	C	4432	2232	37	1	0	26	0.000225581	4433	1	FALSE	ORF1ab:cds-YP_009724389.1	AAT	N	ACT	T	2439
NC_045512.2	7581	A	C	4432	2232	37	1	0	26	0.000225581	4433	1	FALSE	ORF1ab:cds-YP_009725295.1	AAT	N	ACT	T	2439
NC_045512.2	7582	T	C	4552	2218	38	1	1	26	0.000219635	4553	1	FALSE	ORF1ab:cds-YP_009724389.1	AAT	N	AAC	N	2439
NC_045512.2	7582	T	C	4552	2218	38	1	1	26	0.000219635	4553	1	FALSE	ORF1ab:cds-YP_009725295.1	AAT	N	AAC	N	2439
NC_045512.2	7583	G	T	4565	2246	38	1	1	34	0.00021901	4566	0.968801	FALSE	ORF1ab:cds-YP_009724389.1	GGA	G	TGA	*	2440
NC_045512.2	7583	G	T	4565	2246	38	1	1	34	0.00021901	4566	0.968801	FALSE	ORF1ab:cds-YP_009725295.1	GGA	G	TGA	*	2440
NC_045512.2	7585	A	T	4497	2129	38	1	1	34	0.000222321	4498	0.968802	FALSE	ORF1ab:cds-YP_009724389.1	GGA	G	GGT	G	2440
NC_045512.2	7585	A	T	4497	2129	38	1	1	34	0.000222321	4498	0.968802	FALSE	ORF1ab:cds-YP_009725295.1	GGA	G	GGT	G	2440
NC_045512.2	7588	T	C	4517	2193	38	2	2	34	0.000442576	4519	0.890755	FALSE	ORF1ab:cds-YP_009724389.1	GGT	G	GGC	G	2441
NC_045512.2	7588	T	C	4517	2193	38	2	2	34	0.000442576	4519	0.890755	FALSE	ORF1ab:cds-YP_009725295.1	GGT	G	GGC	G	2441
NC_045512.2	7588	T	-A	4517	2193	38	1	0	20	0.000221288	4519	1	FALSE	NA	NA	NA	NA	NA	NA
NC_045512.2	7589	A	G	4402	2219	38	3	0	34	0.000681044	4405	0.773531	FALSE	ORF1ab:cds-YP_009724389.1	AAA	K	GAA	E	2442
NC_045512.2	7589	A	G	4402	2219	38	3	0	34	0.000681044	4405	0.773531	FALSE	ORF1ab:cds-YP_009725295.1	AAA	K	GAA	E	2442
NC_045512.2	7591	A	G	4364	2246	38	1	1	34	0.000229095	4365	0.968804	FALSE	ORF1ab:cds-YP_009724389.1	AAA	K	AAG	K	2442
NC_045512.2	7591	A	G	4364	2246	38	1	1	34	0.000229095	4365	0.968804	FALSE	ORF1ab:cds-YP_009725295.1	AAA	K	AAG	K	2442
NC_045512.2	7592	G	T	4367	2241	37	1	0	26	0.000228885	4369	1	FALSE	ORF1ab:cds-YP_009724389.1	GGC	G	TGC	C	2443
NC_045512.2	7592	G	T	4367	2241	37	1	0	26	0.000228885	4369	1	FALSE	ORF1ab:cds-YP_009725295.1	GGC	G	TGC	C	2443
NC_045512.2	7592	G	A	4367	2241	37	1	1	34	0.000228885	4369	0.968786	FALSE	ORF1ab:cds-YP_009724389.1	GGC	G	AGC	S	2443
NC_045512.2	7592	G	A	4367	2241	37	1	1	34	0.000228885	4369	0.968786	FALSE	ORF1ab:cds-YP_009725295.1	GGC	G	AGC	S	2443
NC_045512.2	7593	G	T	4496	2428	38	1	0	34	0.00022237	4497	0.968802	FALSE	ORF1ab:cds-YP_009724389.1	GGC	G	GTC	V	2443
NC_045512.2	7593	G	T	4496	2428	38	1	0	34	0.00022237	4497	0.968802	FALSE	ORF1ab:cds-YP_009725295.1	GGC	G	GTC	V	2443
NC_045512.2	7597	T	C	4682	2738	39	1	0	34	0.000213538	4683	0.9688	FALSE	ORF1ab:cds-YP_009724389.1	TTT	F	TTC	F	2444
NC_045512.2	7597	T	C	4682	2738	39	1	0	34	0.000213538	4683	0.9688	FALSE	ORF1ab:cds-YP_009725295.1	TTT	F	TTC	F	2444
NC_045512.2	7598	T	C	4652	2709	39	1	1	68	0.000214915	4653	0.500054	FALSE	ORF1ab:cds-YP_009724389.1	TGC	C	CGC	R	2445
NC_045512.2	7598	T	C	4652	2709	39	1	1	68	0.000214915	4653	0.500054	FALSE	ORF1ab:cds-YP_009725295.1	TGC	C	CGC	R	2445
NC_045512.2	7600	C	T	4583	2784	39	1	1	34	0.000218103	4585	0.968784	FALSE	ORF1ab:cds-YP_009724389.1	TGC	C	TGT	C	2445
NC_045512.2	7600	C	T	4583	2784	39	1	1	34	0.000218103	4585	0.968784	FALSE	ORF1ab:cds-YP_009725295.1	TGC	C	TGT	C	2445
NC_045512.2	7600	C	G	4583	2784	39	1	0	34	0.000218103	4585	0.968784	FALSE	ORF1ab:cds-YP_009724389.1	TGC	C	TGG	W	2445
NC_045512.2	7600	C	G	4583	2784	39	1	0	34	0.000218103	4585	0.968784	FALSE	ORF1ab:cds-YP_009725295.1	TGC	C	TGG	W	2445
NC_045512.2	7601	A	G	4722	2913	39	2	0	30	0.00042337	4724	0.890749	FALSE	ORF1ab:cds-YP_009724389.1	AAA	K	GAA	E	2446
NC_045512.2	7601	A	G	4722	2913	39	2	0	30	0.00042337	4724	0.890749	FALSE	ORF1ab:cds-YP_009725295.1	AAA	K	GAA	E	2446
NC_045512.2	7605	T	A	4705	2929	38	1	0	26	0.000212495	4706	1	FALSE	ORF1ab:cds-YP_009724389.1	CTA	L	CAA	Q	2447
NC_045512.2	7605	T	A	4705	2929	38	1	0	26	0.000212495	4706	1	FALSE	ORF1ab:cds-YP_009725295.1	CTA	L	CAA	Q	2447
NC_045512.2	7610	A	T	4553	2844	38	1	1	26	0.000219587	4554	1	FALSE	ORF1ab:cds-YP_009724389.1	AAT	N	TAT	Y	2449
NC_045512.2	7610	A	T	4553	2844	38	1	1	26	0.000219587	4554	1	FALSE	ORF1ab:cds-YP_009725295.1	AAT	N	TAT	Y	2449
NC_045512.2	7612	T	G	4578	2905	38	1	1	34	0.000218341	4580	0.968784	FALSE	ORF1ab:cds-YP_009724389.1	AAT	N	AAG	K	2449
NC_045512.2	7612	T	G	4578	2905	38	1	1	34	0.000218341	4580	0.968784	FALSE	ORF1ab:cds-YP_009725295.1	AAT	N	AAG	K	2449
NC_045512.2	7612	T	C	4578	2905	38	1	1	34	0.000218341	4580	0.968784	FALSE	ORF1ab:cds-YP_009724389.1	AAT	N	AAC	N	2449
NC_045512.2	7612	T	C	4578	2905	38	1	1	34	0.000218341	4580	0.968784	FALSE	ORF1ab:cds-YP_009725295.1	AAT	N	AAC	N	2449
NC_045512.2	7614	G	C	4504	2817	38	2	2	30	0.000443853	4506	0.890755	FALSE	ORF1ab:cds-YP_009724389.1	TGG	W	TCG	S	2450
NC_045512.2	7614	G	C	4504	2817	38	2	2	30	0.000443853	4506	0.890755	FALSE	ORF1ab:cds-YP_009725295.1	TGG	W	TCG	S	2450
NC_045512.2	7616	A	T	4504	2878	38	1	1	34	0.000221926	4506	0.968785	FALSE	ORF1ab:cds-YP_009724389.1	AAT	N	TAT	Y	2451
NC_045512.2	7616	A	T	4504	2878	38	1	1	34	0.000221926	4506	0.968785	FALSE	ORF1ab:cds-YP_009725295.1	AAT	N	TAT	Y	2451
NC_045512.2	7616	A	G	4504	2878	38	1	0	34	0.000221926	4506	0.968785	FALSE	ORF1ab:cds-YP_009724389.1	AAT	N	GAT	D	2451
NC_045512.2	7616	A	G	4504	2878	38	1	0	34	0.000221926	4506	0.968785	FALSE	ORF1ab:cds-YP_009725295.1	AAT	N	GAT	D	2451
NC_045512.2	7619	T	C	4387	2801	38	2	1	34	0.000455581	4390	0.890705	FALSE	ORF1ab:cds-YP_009724389.1	TGT	C	CGT	R	2452
NC_045512.2	7619	T	C	4387	2801	38	2	1	34	0.000455581	4390	0.890705	FALSE	ORF1ab:cds-YP_009725295.1	TGT	C	CGT	R	2452
NC_045512.2	7619	T	A	4387	2801	38	1	0	34	0.00022779	4390	0.968768	FALSE	ORF1ab:cds-YP_009724389.1	TGT	C	AGT	S	2452
NC_045512.2	7619	T	A	4387	2801	38	1	0	34	0.00022779	4390	0.968768	FALSE	ORF1ab:cds-YP_009725295.1	TGT	C	AGT	S	2452
NC_045512.2	7620	G	C	4446	2795	38	1	1	34	0.000224871	4447	0.968803	FALSE	ORF1ab:cds-YP_009724389.1	TGT	C	TCT	S	2452
NC_045512.2	7620	G	C	4446	2795	38	1	1	34	0.000224871	4447	0.968803	FALSE	ORF1ab:cds-YP_009725295.1	TGT	C	TCT	S	2452
NC_045512.2	7621	T	C	4591	3016	39	2	1	30	0.000435445	4593	0.890753	FALSE	ORF1ab:cds-YP_009724389.1	TGT	C	TGC	C	2452
NC_045512.2	7621	T	C	4591	3016	39	2	1	30	0.000435445	4593	0.890753	FALSE	ORF1ab:cds-YP_009725295.1	TGT	C	TGC	C	2452
NC_045512.2	7628	T	C	4608	3114	39	2	0	51	0.000433839	4610	0.250027	FALSE	ORF1ab:cds-YP_009724389.1	TGT	C	CGT	R	2455
NC_045512.2	7628	T	C	4608	3114	39	2	0	51	0.000433839	4610	0.250027	FALSE	ORF1ab:cds-YP_009725295.1	TGT	C	CGT	R	2455
NC_045512.2	7632	A	G	4784	3312	39	1	1	34	0.000208899	4787	0.968766	FALSE	ORF1ab:cds-YP_009724389.1	GAT	D	GGT	G	2456
NC_045512.2	7632	A	G	4784	3312	39	1	1	34	0.000208899	4787	0.968766	FALSE	ORF1ab:cds-YP_009725295.1	GAT	D	GGT	G	2456
NC_045512.2	7632	A	C	4784	3312	39	2	2	26	0.000417798	4787	1	FALSE	ORF1ab:cds-YP_009724389.1	GAT	D	GCT	A	2456
NC_045512.2	7632	A	C	4784	3312	39	2	2	26	0.000417798	4787	1	FALSE	ORF1ab:cds-YP_009725295.1	GAT	D	GCT	A	2456
NC_045512.2	7638	T	C	4799	3365	39	1	0	34	0.000208333	4800	0.968799	FALSE	ORF1ab:cds-YP_009724389.1	TTC	F	TCC	S	2458
NC_045512.2	7638	T	C	4799	3365	39	1	0	34	0.000208333	4800	0.968799	FALSE	ORF1ab:cds-YP_009725295.1	TTC	F	TCC	S	2458
NC_045512.2	7639	C	T	4671	3384	38	1	1	34	0.000214041	4672	0.9688	FALSE	ORF1ab:cds-YP_009724389.1	TTC	F	TTT	F	2458
NC_045512.2	7639	C	T	4671	3384	38	1	1	34	0.000214041	4672	0.9688	FALSE	ORF1ab:cds-YP_009725295.1	TTC	F	TTT	F	2458
NC_045512.2	7642	T	C	4682	3303	39	1	0	26	0.000213538	4683	1	FALSE	ORF1ab:cds-YP_009724389.1	TGT	C	TGC	C	2459
NC_045512.2	7642	T	C	4682	3303	39	1	0	26	0.000213538	4683	1	FALSE	ORF1ab:cds-YP_009725295.1	TGT	C	TGC	C	2459
NC_045512.2	7644	C	A	4741	3470	39	1	1	26	0.000210881	4742	1	FALSE	ORF1ab:cds-YP_009724389.1	GCT	A	GAT	D	2460
NC_045512.2	7644	C	A	4741	3470	39	1	1	26	0.000210881	4742	1	FALSE	ORF1ab:cds-YP_009725295.1	GCT	A	GAT	D	2460
NC_045512.2	7648	T	C	4599	3310	40	2	2	34	0.000434688	4601	0.890752	FALSE	ORF1ab:cds-YP_009724389.1	GGT	G	GGC	G	2461
NC_045512.2	7648	T	C	4599	3310	40	2	2	34	0.000434688	4601	0.890752	FALSE	ORF1ab:cds-YP_009725295.1	GGT	G	GGC	G	2461
NC_045512.2	7650	G	A	4590	3275	40	1	1	34	0.000217817	4591	0.968801	FALSE	ORF1ab:cds-YP_009724389.1	AGT	S	AAT	N	2462
NC_045512.2	7650	G	A	4590	3275	40	1	1	34	0.000217817	4591	0.968801	FALSE	ORF1ab:cds-YP_009725295.1	AGT	S	AAT	N	2462
NC_045512.2	7655	T	C	4934	3998	39	1	0	24	0.000202634	4935	1	FALSE	ORF1ab:cds-YP_009724389.1	TTT	F	CTT	L	2464
NC_045512.2	7655	T	C	4934	3998	39	1	0	24	0.000202634	4935	1	FALSE	ORF1ab:cds-YP_009725295.1	TTT	F	CTT	L	2464
NC_045512.2	7661	A	G	5380	4575	41	1	1	34	0.000185736	5384	0.984379	FALSE	ORF1ab:cds-YP_009724389.1	AGT	S	GGT	G	2466
NC_045512.2	7661	A	G	5380	4575	41	1	1	34	0.000185736	5384	0.984379	FALSE	ORF1ab:cds-YP_009725295.1	AGT	S	GGT	G	2466
NC_045512.2	7661	A	C	5380	4575	41	3	3	31	0.000557207	5384	0.85556	FALSE	ORF1ab:cds-YP_009724389.1	AGT	S	CGT	R	2466
NC_045512.2	7661	A	C	5380	4575	41	3	3	31	0.000557207	5384	0.85556	FALSE	ORF1ab:cds-YP_009725295.1	AGT	S	CGT	R	2466
NC_045512.2	7663	T	C	5297	4555	41	1	1	34	0.000188715	5299	0.984397	FALSE	ORF1ab:cds-YP_009724389.1	AGT	S	AGC	S	2466
NC_045512.2	7663	T	C	5297	4555	41	1	1	34	0.000188715	5299	0.984397	FALSE	ORF1ab:cds-YP_009725295.1	AGT	S	AGC	S	2466
NC_045512.2	7663	T	A	5297	4555	41	1	0	26	0.000188715	5299	1	FALSE	ORF1ab:cds-YP_009724389.1	AGT	S	AGA	R	2466
NC_045512.2	7663	T	A	5297	4555	41	1	0	26	0.000188715	5299	1	FALSE	ORF1ab:cds-YP_009725295.1	AGT	S	AGA	R	2466
NC_045512.2	7664	G	T	5337	4630	41	1	1	34	0.000187336	5338	0.984406	FALSE	ORF1ab:cds-YP_009724389.1	GAT	D	TAT	Y	2467
NC_045512.2	7664	G	T	5337	4630	41	1	1	34	0.000187336	5338	0.984406	FALSE	ORF1ab:cds-YP_009725295.1	GAT	D	TAT	Y	2467
NC_045512.2	7665	A	G	5324	4623	41	1	1	24	0.000187793	5325	1	FALSE	ORF1ab:cds-YP_009724389.1	GAT	D	GGT	G	2467
NC_045512.2	7665	A	G	5324	4623	41	1	1	24	0.000187793	5325	1	FALSE	ORF1ab:cds-YP_009725295.1	GAT	D	GGT	G	2467
NC_045512.2	7669	A	G	5318	4637	40	1	0	27	0.000188005	5319	1	FALSE	ORF1ab:cds-YP_009724389.1	GAA	E	GAG	E	2468
NC_045512.2	7669	A	G	5318	4637	40	1	0	27	0.000188005	5319	1	FALSE	ORF1ab:cds-YP_009725295.1	GAA	E	GAG	E	2468
NC_045512.2	7670	G	A	5286	4608	40	1	1	26	0.000189143	5287	1	FALSE	ORF1ab:cds-YP_009724389.1	GTT	V	ATT	I	2469
NC_045512.2	7670	G	A	5286	4608	40	1	1	26	0.000189143	5287	1	FALSE	ORF1ab:cds-YP_009725295.1	GTT	V	ATT	I	2469
NC_045512.2	7673	G	T	5177	4559	40	1	0	60	0.000193125	5178	0.500048	FALSE	ORF1ab:cds-YP_009724389.1	GCG	A	TCG	S	2470
NC_045512.2	7673	G	T	5177	4559	40	1	0	60	0.000193125	5178	0.500048	FALSE	ORF1ab:cds-YP_009725295.1	GCG	A	TCG	S	2470
NC_045512.2	7678	A	G	5210	4694	37	1	1	34	0.000191902	5211	0.984406	FALSE	ORF1ab:cds-YP_009724389.1	AGA	R	AGG	R	2471
NC_045512.2	7678	A	G	5210	4694	37	1	1	34	0.000191902	5211	0.984406	FALSE	ORF1ab:cds-YP_009725295.1	AGA	R	AGG	R	2471
NC_045512.2	7679	G	T	5215	4679	39	1	1	34	0.000191718	5216	0.984406	FALSE	ORF1ab:cds-YP_009724389.1	GAC	D	TAC	Y	2472
NC_045512.2	7679	G	T	5215	4679	39	1	1	34	0.000191718	5216	0.984406	FALSE	ORF1ab:cds-YP_009725295.1	GAC	D	TAC	Y	2472
NC_045512.2	7681	C	G	5197	4668	39	1	1	26	0.000192382	5198	1	FALSE	ORF1ab:cds-YP_009724389.1	GAC	D	GAG	E	2472
NC_045512.2	7681	C	G	5197	4668	39	1	1	26	0.000192382	5198	1	FALSE	ORF1ab:cds-YP_009725295.1	GAC	D	GAG	E	2472
NC_045512.2	7682	T	C	5029	4506	39	1	1	34	0.000198807	5030	0.984408	FALSE	ORF1ab:cds-YP_009724389.1	TTG	L	CTG	L	2473
NC_045512.2	7682	T	C	5029	4506	39	1	1	34	0.000198807	5030	0.984408	FALSE	ORF1ab:cds-YP_009725295.1	TTG	L	CTG	L	2473
NC_045512.2	7683	T	C	4733	4214	38	1	1	34	0.000211238	4734	0.968799	FALSE	ORF1ab:cds-YP_009724389.1	TTG	L	TCG	S	2473
NC_045512.2	7683	T	C	4733	4214	38	1	1	34	0.000211238	4734	0.968799	FALSE	ORF1ab:cds-YP_009725295.1	TTG	L	TCG	S	2473
NC_045512.2	7684	G	A	5035	4515	39	1	0	27	0.00019857	5036	1	FALSE	ORF1ab:cds-YP_009724389.1	TTG	L	TTA	L	2473
NC_045512.2	7684	G	A	5035	4515	39	1	0	27	0.00019857	5036	1	FALSE	ORF1ab:cds-YP_009725295.1	TTG	L	TTA	L	2473
NC_045512.2	7685	T	C	4962	4447	38	1	1	34	0.000201491	4963	0.968797	FALSE	ORF1ab:cds-YP_009724389.1	TCA	S	CCA	P	2474
NC_045512.2	7685	T	C	4962	4447	38	1	1	34	0.000201491	4963	0.968797	FALSE	ORF1ab:cds-YP_009725295.1	TCA	S	CCA	P	2474
NC_045512.2	7687	A	G	4918	4452	38	1	1	34	0.000203252	4920	0.968782	FALSE	ORF1ab:cds-YP_009724389.1	TCA	S	TCG	S	2474
NC_045512.2	7687	A	G	4918	4452	38	1	1	34	0.000203252	4920	0.968782	FALSE	ORF1ab:cds-YP_009725295.1	TCA	S	TCG	S	2474
NC_045512.2	7687	A	C	4918	4452	38	1	1	34	0.000203252	4920	0.968782	FALSE	ORF1ab:cds-YP_009724389.1	TCA	S	TCC	S	2474
NC_045512.2	7687	A	C	4918	4452	38	1	1	34	0.000203252	4920	0.968782	FALSE	ORF1ab:cds-YP_009725295.1	TCA	S	TCC	S	2474
NC_045512.2	7689	T	C	4953	4489	39	1	1	34	0.000201857	4954	0.968797	FALSE	ORF1ab:cds-YP_009724389.1	CTA	L	CCA	P	2475
NC_045512.2	7689	T	C	4953	4489	39	1	1	34	0.000201857	4954	0.968797	FALSE	ORF1ab:cds-YP_009725295.1	CTA	L	CCA	P	2475
NC_045512.2	7690	A	C	4681	4216	37	1	1	26	0.000213584	4682	1	FALSE	ORF1ab:cds-YP_009724389.1	CTA	L	CTC	L	2475
NC_045512.2	7690	A	C	4681	4216	37	1	1	26	0.000213584	4682	1	FALSE	ORF1ab:cds-YP_009725295.1	CTA	L	CTC	L	2475
NC_045512.2	7691	C	T	4892	4431	39	1	1	26	0.000204248	4896	1	FALSE	ORF1ab:cds-YP_009724389.1	CAG	Q	TAG	*	2476
NC_045512.2	7691	C	T	4892	4431	39	1	1	26	0.000204248	4896	1	FALSE	ORF1ab:cds-YP_009725295.1	CAG	Q	TAG	*	2476
NC_045512.2	7691	C	G	4892	4431	39	3	2	42	0.000612745	4896	0.124962	FALSE	ORF1ab:cds-YP_009724389.1	CAG	Q	GAG	E	2476
NC_045512.2	7691	C	G	4892	4431	39	3	2	42	0.000612745	4896	0.124962	FALSE	ORF1ab:cds-YP_009725295.1	CAG	Q	GAG	E	2476
NC_045512.2	7692	A	G	4636	4187	39	1	1	26	0.000215657	4637	1	FALSE	ORF1ab:cds-YP_009724389.1	CAG	Q	CGG	R	2476
NC_045512.2	7692	A	G	4636	4187	39	1	1	26	0.000215657	4637	1	FALSE	ORF1ab:cds-YP_009725295.1	CAG	Q	CGG	R	2476
NC_045512.2	7697	A	T	4140	3736	39	1	1	34	0.000241488	4141	0.968807	FALSE	ORF1ab:cds-YP_009724389.1	AAA	K	TAA	*	2478
NC_045512.2	7697	A	T	4140	3736	39	1	1	34	0.000241488	4141	0.968807	FALSE	ORF1ab:cds-YP_009725295.1	AAA	K	TAA	*	2478
NC_045512.2	7700	A	G	4111	3708	39	2	2	51	0.000486263	4113	0.25003	FALSE	ORF1ab:cds-YP_009724389.1	AGA	R	GGA	G	2479
NC_045512.2	7700	A	G	4111	3708	39	2	2	51	0.000486263	4113	0.25003	FALSE	ORF1ab:cds-YP_009725295.1	AGA	R	GGA	G	2479
NC_045512.2	7701	G	T	4109	3707	39	1	1	26	0.00024325	4111	1	FALSE	ORF1ab:cds-YP_009724389.1	AGA	R	ATA	I	2479
NC_045512.2	7701	G	T	4109	3707	39	1	1	26	0.00024325	4111	1	FALSE	ORF1ab:cds-YP_009725295.1	AGA	R	ATA	I	2479
NC_045512.2	7701	G	A	4109	3707	39	1	1	34	0.00024325	4111	0.968788	FALSE	ORF1ab:cds-YP_009724389.1	AGA	R	AAA	K	2479
NC_045512.2	7701	G	A	4109	3707	39	1	1	34	0.00024325	4111	0.968788	FALSE	ORF1ab:cds-YP_009725295.1	AGA	R	AAA	K	2479
NC_045512.2	7702	A	T	3881	3497	39	3	3	31	0.000772002	3886	0.65619	FALSE	ORF1ab:cds-YP_009724389.1	AGA	R	AGT	S	2479
NC_045512.2	7702	A	T	3881	3497	39	3	3	31	0.000772002	3886	0.65619	FALSE	ORF1ab:cds-YP_009725295.1	AGA	R	AGT	S	2479
NC_045512.2	7702	A	C	3881	3497	39	2	2	30	0.000514668	3886	0.81242	FALSE	ORF1ab:cds-YP_009724389.1	AGA	R	AGC	S	2479
NC_045512.2	7702	A	C	3881	3497	39	2	2	30	0.000514668	3886	0.81242	FALSE	ORF1ab:cds-YP_009725295.1	AGA	R	AGC	S	2479
NC_045512.2	7704	C	A	3885	3518	38	1	1	46	0.000257334	3886	0.500064	FALSE	ORF1ab:cds-YP_009724389.1	CCA	P	CAA	Q	2480
NC_045512.2	7704	C	A	3885	3518	38	1	1	46	0.000257334	3886	0.500064	FALSE	ORF1ab:cds-YP_009725295.1	CCA	P	CAA	Q	2480
NC_045512.2	7705	A	G	3837	3468	38	1	1	34	0.000260552	3838	0.937581	FALSE	ORF1ab:cds-YP_009724389.1	CCA	P	CCG	P	2480
NC_045512.2	7705	A	G	3837	3468	38	1	1	34	0.000260552	3838	0.937581	FALSE	ORF1ab:cds-YP_009725295.1	CCA	P	CCG	P	2480
NC_045512.2	7708	A	G	3842	3496	38	1	1	34	0.000260213	3843	0.937581	FALSE	ORF1ab:cds-YP_009724389.1	ATA	I	ATG	M	2481
NC_045512.2	7708	A	G	3842	3496	38	1	1	34	0.000260213	3843	0.937581	FALSE	ORF1ab:cds-YP_009725295.1	ATA	I	ATG	M	2481
NC_045512.2	7711	T	C	3771	3435	38	1	1	34	0.000265111	3772	0.937583	FALSE	ORF1ab:cds-YP_009724389.1	AAT	N	AAC	N	2482
NC_045512.2	7711	T	C	3771	3435	38	1	1	34	0.000265111	3772	0.937583	FALSE	ORF1ab:cds-YP_009725295.1	AAT	N	AAC	N	2482
NC_045512.2	7719	A	T	3623	3319	38	1	1	26	0.00027571	3627	1	FALSE	ORF1ab:cds-YP_009724389.1	GAC	D	GTC	V	2485
NC_045512.2	7719	A	T	3623	3319	38	1	1	26	0.00027571	3627	1	FALSE	ORF1ab:cds-YP_009725295.1	GAC	D	GTC	V	2485
NC_045512.2	7719	A	C	3623	3319	38	3	3	34	0.00082713	3627	0.656315	FALSE	ORF1ab:cds-YP_009724389.1	GAC	D	GCC	A	2485
NC_045512.2	7719	A	C	3623	3319	38	3	3	34	0.00082713	3627	0.656315	FALSE	ORF1ab:cds-YP_009725295.1	GAC	D	GCC	A	2485
NC_045512.2	7721	C	A	3509	3245	37	1	1	34	0.0002849	3510	0.937589	FALSE	ORF1ab:cds-YP_009724389.1	CAG	Q	AAG	K	2486
NC_045512.2	7721	C	A	3509	3245	37	1	1	34	0.0002849	3510	0.937589	FALSE	ORF1ab:cds-YP_009725295.1	CAG	Q	AAG	K	2486
NC_045512.2	7722	A	T	3261	3004	37	2	2	51	0.000612745	3264	0.249962	FALSE	ORF1ab:cds-YP_009724389.1	CAG	Q	CTG	L	2486
NC_045512.2	7722	A	T	3261	3004	37	2	2	51	0.000612745	3264	0.249962	FALSE	ORF1ab:cds-YP_009725295.1	CAG	Q	CTG	L	2486
NC_045512.2	7722	A	G	3261	3004	37	1	1	34	0.000306373	3264	0.937519	FALSE	ORF1ab:cds-YP_009724389.1	CAG	Q	CGG	R	2486
NC_045512.2	7722	A	G	3261	3004	37	1	1	34	0.000306373	3264	0.937519	FALSE	ORF1ab:cds-YP_009725295.1	CAG	Q	CGG	R	2486
NC_045512.2	7724	T	A	3107	2860	36	1	1	34	0.00032175	3108	0.937601	FALSE	ORF1ab:cds-YP_009724389.1	TCT	S	ACT	T	2487
NC_045512.2	7724	T	A	3107	2860	36	1	1	34	0.00032175	3108	0.937601	FALSE	ORF1ab:cds-YP_009725295.1	TCT	S	ACT	T	2487
NC_045512.2	7726	T	C	3249	3003	37	2	2	34	0.000615195	3251	0.812692	FALSE	ORF1ab:cds-YP_009724389.1	TCT	S	TCC	S	2487
NC_045512.2	7726	T	C	3249	3003	37	2	2	34	0.000615195	3251	0.812692	FALSE	ORF1ab:cds-YP_009725295.1	TCT	S	TCC	S	2487
NC_045512.2	7729	T	C	3112	2902	37	3	3	29	0.000963082	3115	1	FALSE	ORF1ab:cds-YP_009724389.1	TCT	S	TCC	S	2488
NC_045512.2	7729	T	C	3112	2902	37	3	3	29	0.000963082	3115	1	FALSE	ORF1ab:cds-YP_009725295.1	TCT	S	TCC	S	2488
NC_045512.2	7730	T	C	3152	2946	37	1	1	34	0.000317158	3153	0.937599	FALSE	ORF1ab:cds-YP_009724389.1	TAC	Y	CAC	H	2489
NC_045512.2	7730	T	C	3152	2946	37	1	1	34	0.000317158	3153	0.937599	FALSE	ORF1ab:cds-YP_009725295.1	TAC	Y	CAC	H	2489
NC_045512.2	7731	A	C	3109	2900	36	2	2	26	0.00064288	3111	1	FALSE	ORF1ab:cds-YP_009724389.1	TAC	Y	TCC	S	2489
NC_045512.2	7731	A	C	3109	2900	36	2	2	26	0.00064288	3111	1	FALSE	ORF1ab:cds-YP_009725295.1	TAC	Y	TCC	S	2489
NC_045512.2	7741	T	C	2432	2346	35	1	1	34	0.000411015	2433	0.875154	FALSE	ORF1ab:cds-YP_009724389.1	GAT	D	GAC	D	2492
NC_045512.2	7741	T	C	2432	2346	35	1	1	34	0.000411015	2433	0.875154	FALSE	ORF1ab:cds-YP_009725295.1	GAT	D	GAC	D	2492
NC_045512.2	7742	A	G	2360	2289	35	1	1	26	0.000423549	2361	1	FALSE	ORF1ab:cds-YP_009724389.1	AGT	S	GGT	G	2493
NC_045512.2	7742	A	G	2360	2289	35	1	1	26	0.000423549	2361	1	FALSE	ORF1ab:cds-YP_009725295.1	AGT	S	GGT	G	2493
NC_045512.2	8024	G	T	362	21	33	1	0	34	0.00275482	363	0.50069	FALSE	ORF1ab:cds-YP_009724389.1	GCA	A	TCA	S	2587
NC_045512.2	8024	G	T	362	21	33	1	0	34	0.00275482	363	0.50069	FALSE	ORF1ab:cds-YP_009725295.1	GCA	A	TCA	S	2587
NC_045512.2	8043	C	T	499	35	34	1	0	34	0.002	500	0.500501	FALSE	ORF1ab:cds-YP_009724389.1	GCT	A	GTT	V	2593
NC_045512.2	8043	C	T	499	35	34	1	0	34	0.002	500	0.500501	FALSE	ORF1ab:cds-YP_009725295.1	GCT	A	GTT	V	2593
NC_045512.2	8047	C	T	578	53	36	1	0	34	0.00172712	579	0.500432	FALSE	ORF1ab:cds-YP_009724389.1	TAC	Y	TAT	Y	2594
NC_045512.2	8047	C	T	578	53	36	1	0	34	0.00172712	579	0.500432	FALSE	ORF1ab:cds-YP_009725295.1	TAC	Y	TAT	Y	2594
NC_045512.2	8057	T	G	591	58	37	1	0	34	0.00168919	592	0.500423	FALSE	ORF1ab:cds-YP_009724389.1	TTT	F	GTT	V	2598
NC_045512.2	8057	T	G	591	58	37	1	0	34	0.00168919	592	0.500423	FALSE	ORF1ab:cds-YP_009725295.1	TTT	F	GTT	V	2598
NC_045512.2	8074	C	A	814	77	37	1	0	34	0.00122699	815	0.500307	FALSE	ORF1ab:cds-YP_009724389.1	AAC	N	AAA	K	2603
NC_045512.2	8074	C	A	814	77	37	1	0	34	0.00122699	815	0.500307	FALSE	ORF1ab:cds-YP_009725295.1	AAC	N	AAA	K	2603
NC_045512.2	8075	G	A	831	77	37	1	0	34	0.00120192	832	0.500301	FALSE	ORF1ab:cds-YP_009724389.1	GTA	V	ATA	I	2604
NC_045512.2	8075	G	A	831	77	37	1	0	34	0.00120192	832	0.500301	FALSE	ORF1ab:cds-YP_009725295.1	GTA	V	ATA	I	2604
NC_045512.2	8081	A	G	848	80	37	1	0	34	0.00117786	849	0.500295	FALSE	ORF1ab:cds-YP_009724389.1	ATG	M	GTG	V	2606
NC_045512.2	8081	A	G	848	80	37	1	0	34	0.00117786	849	0.500295	FALSE	ORF1ab:cds-YP_009725295.1	ATG	M	GTG	V	2606
NC_045512.2	8091	T	A	1019	97	38	1	0	34	0.000980392	1020	0.750368	FALSE	ORF1ab:cds-YP_009724389.1	CTC	L	CAC	H	2609
NC_045512.2	8091	T	A	1019	97	38	1	0	34	0.000980392	1020	0.750368	FALSE	ORF1ab:cds-YP_009725295.1	CTC	L	CAC	H	2609
NC_045512.2	8097	C	G	1067	121	38	1	0	34	0.00093633	1068	0.750351	FALSE	ORF1ab:cds-YP_009724389.1	ACA	T	AGA	R	2611
NC_045512.2	8097	C	G	1067	121	38	1	0	34	0.00093633	1068	0.750351	FALSE	ORF1ab:cds-YP_009725295.1	ACA	T	AGA	R	2611
NC_045512.2	8111	G	A	1100	154	38	1	0	34	0.000908265	1101	0.750341	FALSE	ORF1ab:cds-YP_009724389.1	GCA	A	ACA	T	2616
NC_045512.2	8111	G	A	1100	154	38	1	0	34	0.000908265	1101	0.750341	FALSE	ORF1ab:cds-YP_009725295.1	GCA	A	ACA	T	2616
NC_045512.2	8116	A	C	1008	169	37	1	1	34	0.00099108	1009	0.750372	FALSE	ORF1ab:cds-YP_009724389.1	GAA	E	GAC	D	2617
NC_045512.2	8116	A	C	1008	169	37	1	1	34	0.00099108	1009	0.750372	FALSE	ORF1ab:cds-YP_009725295.1	GAA	E	GAC	D	2617
NC_045512.2	8118	C	G	1004	184	38	1	0	34	0.000995025	1005	0.750373	FALSE	ORF1ab:cds-YP_009724389.1	GCT	A	GGT	G	2618
NC_045512.2	8118	C	G	1004	184	38	1	0	34	0.000995025	1005	0.750373	FALSE	ORF1ab:cds-YP_009725295.1	GCT	A	GGT	G	2618
NC_045512.2	8124	T	G	1019	189	37	1	0	34	0.000980392	1020	0.750368	FALSE	ORF1ab:cds-YP_009724389.1	CTT	L	CGT	R	2620
NC_045512.2	8124	T	G	1019	189	37	1	0	34	0.000980392	1020	0.750368	FALSE	ORF1ab:cds-YP_009725295.1	CTT	L	CGT	R	2620
NC_045512.2	8147	A	G	1070	173	36	1	0	26	0.000933707	1071	0.999527	FALSE	ORF1ab:cds-YP_009724389.1	AAT	N	GAT	D	2628
NC_045512.2	8147	A	G	1070	173	36	1	0	26	0.000933707	1071	0.999527	FALSE	ORF1ab:cds-YP_009725295.1	AAT	N	GAT	D	2628
NC_045512.2	8153	T	C	1109	187	37	1	1	34	0.000900901	1110	0.750338	FALSE	ORF1ab:cds-YP_009724389.1	TTA	L	CTA	L	2630
NC_045512.2	8153	T	C	1109	187	37	1	1	34	0.000900901	1110	0.750338	FALSE	ORF1ab:cds-YP_009725295.1	TTA	L	CTA	L	2630
NC_045512.2	8161	T	G	1106	211	38	1	0	34	0.000903342	1107	0.750339	FALSE	ORF1ab:cds-YP_009724389.1	ACT	T	ACG	T	2632
NC_045512.2	8161	T	G	1106	211	38	1	0	34	0.000903342	1107	0.750339	FALSE	ORF1ab:cds-YP_009725295.1	ACT	T	ACG	T	2632
NC_045512.2	8166	T	C	1130	218	38	2	2	34	0.00176678	1132	0.500332	FALSE	ORF1ab:cds-YP_009724389.1	ATT	I	ACT	T	2634
NC_045512.2	8166	T	C	1130	218	38	2	2	34	0.00176678	1132	0.500332	FALSE	ORF1ab:cds-YP_009725295.1	ATT	I	ACT	T	2634
NC_045512.2	8168	T	C	1020	232	37	1	0	34	0.000979432	1021	0.750367	FALSE	ORF1ab:cds-YP_009724389.1	TCA	S	CCA	P	2635
NC_045512.2	8168	T	C	1020	232	37	1	0	34	0.000979432	1021	0.750367	FALSE	ORF1ab:cds-YP_009725295.1	TCA	S	CCA	P	2635
NC_045512.2	8194	T	C	987	355	38	1	0	26	0.00101215	988	0.99905	FALSE	ORF1ab:cds-YP_009724389.1	GAT	D	GAC	D	2643
NC_045512.2	8194	T	C	987	355	38	1	0	26	0.00101215	988	0.99905	FALSE	ORF1ab:cds-YP_009725295.1	GAT	D	GAC	D	2643
NC_045512.2	8195	T	A	970	343	38	1	0	34	0.00102987	971	0.500258	FALSE	ORF1ab:cds-YP_009724389.1	TCA	S	ACA	T	2644
NC_045512.2	8195	T	A	970	343	38	1	0	34	0.00102987	971	0.500258	FALSE	ORF1ab:cds-YP_009725295.1	TCA	S	ACA	T	2644
NC_045512.2	8200	T	C	1020	399	38	1	0	68	0.000979432	1021	0.500245	FALSE	ORF1ab:cds-YP_009724389.1	GAT	D	GAC	D	2645
NC_045512.2	8200	T	C	1020	399	38	1	0	68	0.000979432	1021	0.500245	FALSE	ORF1ab:cds-YP_009725295.1	GAT	D	GAC	D	2645
NC_045512.2	8207	A	G	969	412	38	1	0	26	0.00103093	970	0.999051	FALSE	ORF1ab:cds-YP_009724389.1	ACT	T	GCT	A	2648
NC_045512.2	8207	A	G	969	412	38	1	0	26	0.00103093	970	0.999051	FALSE	ORF1ab:cds-YP_009725295.1	ACT	T	GCT	A	2648
NC_045512.2	8211	A	G	987	439	38	1	1	26	0.00101215	988	0.99905	FALSE	ORF1ab:cds-YP_009724389.1	AAA	K	AGA	R	2649
NC_045512.2	8211	A	G	987	439	38	1	1	26	0.00101215	988	0.99905	FALSE	ORF1ab:cds-YP_009725295.1	AAA	K	AGA	R	2649
NC_045512.2	8219	G	A	1018	468	38	1	0	34	0.000981354	1019	0.750368	FALSE	ORF1ab:cds-YP_009724389.1	GTT	V	ATT	I	2652
NC_045512.2	8219	G	A	1018	468	38	1	0	34	0.000981354	1019	0.750368	FALSE	ORF1ab:cds-YP_009725295.1	GTT	V	ATT	I	2652
NC_045512.2	8228	C	A	1057	528	39	1	1	34	0.00094518	1058	0.750355	FALSE	ORF1ab:cds-YP_009724389.1	CTT	L	ATT	I	2655
NC_045512.2	8228	C	A	1057	528	39	1	1	34	0.00094518	1058	0.750355	FALSE	ORF1ab:cds-YP_009725295.1	CTT	L	ATT	I	2655
NC_045512.2	8265	G	A	1320	1070	39	2	2	68	0.00151286	1322	0.250095	FALSE	ORF1ab:cds-YP_009724389.1	GGC	G	GAC	D	2667
NC_045512.2	8265	G	A	1320	1070	39	2	2	68	0.00151286	1322	0.250095	FALSE	ORF1ab:cds-YP_009725295.1	GGC	G	GAC	D	2667
NC_045512.2	8279	A	T	1458	1290	38	1	0	26	0.000685401	1459	0.999971	FALSE	ORF1ab:cds-YP_009724389.1	AAC	N	TAC	Y	2672
NC_045512.2	8279	A	T	1458	1290	38	1	0	26	0.000685401	1459	0.999971	FALSE	ORF1ab:cds-YP_009725295.1	AAC	N	TAC	Y	2672
NC_045512.2	8281	C	A	1509	1320	40	1	1	34	0.000662252	1510	0.750248	FALSE	ORF1ab:cds-YP_009724389.1	AAC	N	AAA	K	2672
NC_045512.2	8281	C	A	1509	1320	40	1	1	34	0.000662252	1510	0.750248	FALSE	ORF1ab:cds-YP_009725295.1	AAC	N	AAA	K	2672
NC_045512.2	8299	C	A	1380	1262	39	1	1	34	0.000724113	1381	0.750272	FALSE	ORF1ab:cds-YP_009724389.1	AAC	N	AAA	K	2678
NC_045512.2	8299	C	A	1380	1262	39	1	1	34	0.000724113	1381	0.750272	FALSE	ORF1ab:cds-YP_009725295.1	AAC	N	AAA	K	2678
NC_045512.2	8312	A	T	1251	1153	38	1	1	34	0.000798085	1253	0.7501	FALSE	ORF1ab:cds-YP_009724389.1	ATG	M	TTG	L	2683
NC_045512.2	8312	A	T	1251	1153	38	1	1	34	0.000798085	1253	0.7501	FALSE	ORF1ab:cds-YP_009725295.1	ATG	M	TTG	L	2683
NC_045512.2	8312	A	G	1251	1153	38	1	1	34	0.000798085	1253	0.7501	FALSE	ORF1ab:cds-YP_009724389.1	ATG	M	GTG	V	2683
NC_045512.2	8312	A	G	1251	1153	38	1	1	34	0.000798085	1253	0.7501	FALSE	ORF1ab:cds-YP_009725295.1	ATG	M	GTG	V	2683
NC_045512.2	8332	T	G	1088	1028	37	1	1	34	0.000918274	1089	0.750345	FALSE	ORF1ab:cds-YP_009724389.1	GGT	G	GGG	G	2689
NC_045512.2	8332	T	G	1088	1028	37	1	1	34	0.000918274	1089	0.750345	FALSE	ORF1ab:cds-YP_009725295.1	GGT	G	GGG	G	2689
NC_045512.2	8333	G	A	1111	1049	37	1	1	34	0.000899281	1112	0.750337	FALSE	ORF1ab:cds-YP_009724389.1	GCT	A	ACT	T	2690
NC_045512.2	8333	G	A	1111	1049	37	1	1	34	0.000899281	1112	0.750337	FALSE	ORF1ab:cds-YP_009725295.1	GCT	A	ACT	T	2690
NC_045512.2	8335	T	C	1060	999	37	1	1	34	0.000942507	1061	0.750354	FALSE	ORF1ab:cds-YP_009724389.1	GCT	A	GCC	A	2690
NC_045512.2	8335	T	C	1060	999	37	1	1	34	0.000942507	1061	0.750354	FALSE	ORF1ab:cds-YP_009725295.1	GCT	A	GCC	A	2690
NC_045512.2	8336	T	A	1046	985	37	1	1	34	0.00095511	1047	0.750358	FALSE	ORF1ab:cds-YP_009724389.1	TGT	C	AGT	S	2691
NC_045512.2	8336	T	A	1046	985	37	1	1	34	0.00095511	1047	0.750358	FALSE	ORF1ab:cds-YP_009725295.1	TGT	C	AGT	S	2691
NC_045512.2	8341	T	C	1018	963	37	1	1	26	0.000981354	1019	0.999527	FALSE	ORF1ab:cds-YP_009724389.1	ATT	I	ATC	I	2692
NC_045512.2	8341	T	C	1018	963	37	1	1	26	0.000981354	1019	0.999527	FALSE	ORF1ab:cds-YP_009725295.1	ATT	I	ATC	I	2692
NC_045512.2	8971	T	G	176	17	37	1	0	34	0.00564972	177	0.501416	FALSE	ORF1ab:cds-YP_009724389.1	CTT	L	CTG	L	2902
NC_045512.2	8971	T	G	176	17	37	1	0	34	0.00564972	177	0.501416	FALSE	ORF1ab:cds-YP_009725295.1	CTT	L	CTG	L	2902
NC_045512.2	8977	G	A	201	16	37	1	0	26	0.0049505	202	0.876859	FALSE	ORF1ab:cds-YP_009724389.1	GAG	E	GAA	E	2904
NC_045512.2	8977	G	A	201	16	37	1	0	26	0.0049505	202	0.876859	FALSE	ORF1ab:cds-YP_009725295.1	GAG	E	GAA	E	2904
NC_045512.2	9009	T	C	231	24	39	1	0	34	0.00431034	232	0.50108	FALSE	ORF1ab:cds-YP_009724389.1	TTG	L	TCG	S	2915
NC_045512.2	9009	T	C	231	24	39	1	0	34	0.00431034	232	0.50108	FALSE	ORF1ab:cds-YP_009725295.1	TTG	L	TCG	S	2915
NC_045512.2	9023	A	G	240	24	39	1	0	34	0.00414938	241	0.50104	FALSE	ORF1ab:cds-YP_009724389.1	ACA	T	GCA	A	2920
NC_045512.2	9023	A	G	240	24	39	1	0	34	0.00414938	241	0.50104	FALSE	ORF1ab:cds-YP_009725295.1	ACA	T	GCA	A	2920
NC_045512.2	9071	A	G	169	57	39	1	0	34	0.00588235	170	0.501475	FALSE	ORF1ab:cds-YP_009724389.1	ACC	T	GCC	A	2936
NC_045512.2	9071	A	G	169	57	39	1	0	34	0.00588235	170	0.501475	FALSE	ORF1ab:cds-YP_009725295.1	ACC	T	GCC	A	2936
NC_045512.2	9091	T	C	204	75	38	1	0	34	0.00487805	205	0.501222	FALSE	ORF1ab:cds-YP_009724389.1	TCT	S	TCC	S	2942
NC_045512.2	9091	T	C	204	75	38	1	0	34	0.00487805	205	0.501222	FALSE	ORF1ab:cds-YP_009725295.1	TCT	S	TCC	S	2942
NC_045512.2	9121	A	G	232	115	38	1	1	68	0.00429185	233	0.501075	FALSE	ORF1ab:cds-YP_009724389.1	ACA	T	ACG	T	2952
NC_045512.2	9121	A	G	232	115	38	1	1	68	0.00429185	233	0.501075	FALSE	ORF1ab:cds-YP_009725295.1	ACA	T	ACG	T	2952
NC_045512.2	9122	C	T	253	131	38	1	0	68	0.00393701	254	0.500986	FALSE	ORF1ab:cds-YP_009724389.1	CGT	R	TGT	C	2953
NC_045512.2	9122	C	T	253	131	38	1	0	68	0.00393701	254	0.500986	FALSE	ORF1ab:cds-YP_009725295.1	CGT	R	TGT	C	2953
NC_045512.2	9124	T	C	259	132	38	1	1	34	0.00384615	260	0.500963	FALSE	ORF1ab:cds-YP_009724389.1	CGT	R	CGC	R	2953
NC_045512.2	9124	T	C	259	132	38	1	1	34	0.00384615	260	0.500963	FALSE	ORF1ab:cds-YP_009725295.1	CGT	R	CGC	R	2953
NC_045512.2	9185	A	G	210	151	34	1	0	68	0.00473934	211	0.501188	FALSE	ORF1ab:cds-YP_009724389.1	AGA	R	GGA	G	2974
NC_045512.2	9185	A	G	210	151	34	1	0	68	0.00473934	211	0.501188	FALSE	ORF1ab:cds-YP_009725295.1	AGA	R	GGA	G	2974
NC_045512.2	9212	T	C	367	219	37	1	0	34	0.00271739	368	0.50068	FALSE	ORF1ab:cds-YP_009724389.1	TAC	Y	CAC	H	2983
NC_045512.2	9212	T	C	367	219	37	1	0	34	0.00271739	368	0.50068	FALSE	ORF1ab:cds-YP_009725295.1	TAC	Y	CAC	H	2983
NC_045512.2	9215	T	C	373	221	36	1	0	46	0.0026738	374	0.500669	FALSE	ORF1ab:cds-YP_009724389.1	TGT	C	CGT	R	2984
NC_045512.2	9215	T	C	373	221	36	1	0	46	0.0026738	374	0.500669	FALSE	ORF1ab:cds-YP_009725295.1	TGT	C	CGT	R	2984
NC_045512.2	9252	T	C	249	83	34	1	1	34	0.004	250	0.501002	FALSE	ORF1ab:cds-YP_009724389.1	GTT	V	GCT	A	2996
NC_045512.2	9252	T	C	249	83	34	1	1	34	0.004	250	0.501002	FALSE	ORF1ab:cds-YP_009725295.1	GTT	V	GCT	A	2996
NC_045512.2	9254	T	C	360	196	35	1	1	34	0.00277008	361	0.500693	FALSE	ORF1ab:cds-YP_009724389.1	TGT	C	CGT	R	2997
NC_045512.2	9254	T	C	360	196	35	1	1	34	0.00277008	361	0.500693	FALSE	ORF1ab:cds-YP_009725295.1	TGT	C	CGT	R	2997
NC_045512.2	9292	T	C	276	125	36	1	0	34	0.00361011	277	0.500904	FALSE	ORF1ab:cds-YP_009724389.1	GAT	D	GAC	D	3009
NC_045512.2	9292	T	C	276	125	36	1	0	34	0.00361011	277	0.500904	FALSE	ORF1ab:cds-YP_009725295.1	GAT	D	GAC	D	3009
NC_045512.2	9344	C	T	0	0	0	225	69	37	1	225	1.82995e-134	TRUE	ORF1ab:cds-YP_009724389.1	CTT	L	TTT	F	3027
NC_045512.2	9344	C	T	0	0	0	225	69	37	1	225	1.82995e-134	TRUE	ORF1ab:cds-YP_009725295.1	CTT	L	TTT	F	3027
NC_045512.2	9361	A	C	230	78	38	1	1	34	0.004329	231	0.501085	FALSE	ORF1ab:cds-YP_009724389.1	ACA	T	ACC	T	3032
NC_045512.2	9361	A	C	230	78	38	1	1	34	0.004329	231	0.501085	FALSE	ORF1ab:cds-YP_009725295.1	ACA	T	ACC	T	3032
NC_045512.2	9424	A	G	0	0	0	229	130	40	1	229	7.21144e-137	TRUE	ORF1ab:cds-YP_009724389.1	GTA	V	GTG	V	3053
NC_045512.2	9424	A	G	0	0	0	229	130	40	1	229	7.21144e-137	TRUE	ORF1ab:cds-YP_009725295.1	GTA	V	GTG	V	3053
NC_045512.2	9501	C	T	203	193	36	1	1	68	0.00490196	204	0.501229	FALSE	ORF1ab:cds-YP_009724389.1	GCC	A	GTC	V	3079
NC_045512.2	9501	C	T	203	193	36	1	1	68	0.00490196	204	0.501229	FALSE	ORF1ab:cds-YP_009725295.1	GCC	A	GTC	V	3079
NC_045512.2	9503	T	C	3466	389	33	1	0	34	0.000288434	3467	0.93759	FALSE	ORF1ab:cds-YP_009724389.1	TTT	F	CTT	L	3080
NC_045512.2	9503	T	C	3466	389	33	1	0	34	0.000288434	3467	0.93759	FALSE	ORF1ab:cds-YP_009725295.1	TTT	F	CTT	L	3080
NC_045512.2	9506	A	G	3519	395	34	2	0	34	0.00056802	3521	0.812678	FALSE	ORF1ab:cds-YP_009724389.1	AAT	N	GAT	D	3081
NC_045512.2	9506	A	G	3519	395	34	2	0	34	0.00056802	3521	0.812678	FALSE	ORF1ab:cds-YP_009725295.1	AAT	N	GAT	D	3081
NC_045512.2	9507	A	C	3614	400	34	1	1	26	0.000276625	3615	1	FALSE	ORF1ab:cds-YP_009724389.1	AAT	N	ACT	T	3081
NC_045512.2	9507	A	C	3614	400	34	1	1	26	0.000276625	3615	1	FALSE	ORF1ab:cds-YP_009725295.1	AAT	N	ACT	T	3081
NC_045512.2	9510	C	T	3699	401	34	2	0	34	0.000540394	3701	0.812669	FALSE	ORF1ab:cds-YP_009724389.1	ACT	T	ATT	I	3082
NC_045512.2	9510	C	T	3699	401	34	2	0	34	0.000540394	3701	0.812669	FALSE	ORF1ab:cds-YP_009725295.1	ACT	T	ATT	I	3082
NC_045512.2	9514	A	G	4048	431	34	2	0	30	0.000493827	4050	0.89077	FALSE	ORF1ab:cds-YP_009724389.1	TTA	L	TTG	L	3083
NC_045512.2	9514	A	G	4048	431	34	2	0	30	0.000493827	4050	0.89077	FALSE	ORF1ab:cds-YP_009725295.1	TTA	L	TTG	L	3083
NC_045512.2	9517	A	G	4024	443	34	2	0	30	0.000496771	4026	0.890771	FALSE	ORF1ab:cds-YP_009724389.1	CTA	L	CTG	L	3084
NC_045512.2	9517	A	G	4024	443	34	2	0	30	0.000496771	4026	0.890771	FALSE	ORF1ab:cds-YP_009725295.1	CTA	L	CTG	L	3084
NC_045512.2	9519	T	G	4399	454	34	2	0	34	0.000454339	4402	0.890705	FALSE	ORF1ab:cds-YP_009724389.1	TTC	F	TGC	C	3085
NC_045512.2	9519	T	G	4399	454	34	2	0	34	0.000454339	4402	0.890705	FALSE	ORF1ab:cds-YP_009725295.1	TTC	F	TGC	C	3085
NC_045512.2	9519	T	A	4399	454	34	1	0	26	0.000227169	4402	1	FALSE	ORF1ab:cds-YP_009724389.1	TTC	F	TAC	Y	3085
NC_045512.2	9519	T	A	4399	454	34	1	0	26	0.000227169	4402	1	FALSE	ORF1ab:cds-YP_009725295.1	TTC	F	TAC	Y	3085
NC_045512.2	9522	T	C	4511	454	35	2	1	51	0.000443164	4513	0.250028	FALSE	ORF1ab:cds-YP_009724389.1	CTT	L	CCT	P	3086
NC_045512.2	9522	T	C	4511	454	35	2	1	51	0.000443164	4513	0.250028	FALSE	ORF1ab:cds-YP_009725295.1	CTT	L	CCT	P	3086
NC_045512.2	9524	A	G	4666	473	35	1	0	68	0.00021427	4667	0.500054	FALSE	ORF1ab:cds-YP_009724389.1	ATG	M	GTG	V	3087
NC_045512.2	9524	A	G	4666	473	35	1	0	68	0.00021427	4667	0.500054	FALSE	ORF1ab:cds-YP_009725295.1	ATG	M	GTG	V	3087
NC_045512.2	9526	G	T	4715	476	35	1	0	34	0.000212044	4716	0.9688	FALSE	ORF1ab:cds-YP_009724389.1	ATG	M	ATT	I	3087
NC_045512.2	9526	G	T	4715	476	35	1	0	34	0.000212044	4716	0.9688	FALSE	ORF1ab:cds-YP_009725295.1	ATG	M	ATT	I	3087
NC_045512.2	9527	T	C	4722	470	35	1	0	34	0.000211685	4724	0.968783	FALSE	ORF1ab:cds-YP_009724389.1	TCA	S	CCA	P	3088
NC_045512.2	9527	T	C	4722	470	35	1	0	34	0.000211685	4724	0.968783	FALSE	ORF1ab:cds-YP_009725295.1	TCA	S	CCA	P	3088
NC_045512.2	9527	T	A	4722	470	35	1	0	34	0.000211685	4724	0.968783	FALSE	ORF1ab:cds-YP_009724389.1	TCA	S	ACA	T	3088
NC_045512.2	9527	T	A	4722	470	35	1	0	34	0.000211685	4724	0.968783	FALSE	ORF1ab:cds-YP_009725295.1	TCA	S	ACA	T	3088
NC_045512.2	9528	C	T	4726	459	35	1	1	34	0.000211551	4727	0.9688	FALSE	ORF1ab:cds-YP_009724389.1	TCA	S	TTA	L	3088
NC_045512.2	9528	C	T	4726	459	35	1	1	34	0.000211551	4727	0.9688	FALSE	ORF1ab:cds-YP_009725295.1	TCA	S	TTA	L	3088
NC_045512.2	9529	A	G	4715	460	35	1	0	34	0.000212044	4716	0.9688	FALSE	ORF1ab:cds-YP_009724389.1	TCA	S	TCG	S	3088
NC_045512.2	9529	A	G	4715	460	35	1	0	34	0.000212044	4716	0.9688	FALSE	ORF1ab:cds-YP_009725295.1	TCA	S	TCG	S	3088
NC_045512.2	9531	T	C	4955	461	35	1	0	34	0.000201776	4956	0.968797	FALSE	ORF1ab:cds-YP_009724389.1	TTC	F	TCC	S	3089
NC_045512.2	9531	T	C	4955	461	35	1	0	34	0.000201776	4956	0.968797	FALSE	ORF1ab:cds-YP_009725295.1	TTC	F	TCC	S	3089
NC_045512.2	9532	C	G	4825	316	35	1	0	34	0.000207168	4827	0.968782	FALSE	ORF1ab:cds-YP_009724389.1	TTC	F	TTG	L	3089
NC_045512.2	9532	C	G	4825	316	35	1	0	34	0.000207168	4827	0.968782	FALSE	ORF1ab:cds-YP_009725295.1	TTC	F	TTG	L	3089
NC_045512.2	9532	C	A	4825	316	35	1	0	26	0.000207168	4827	1	FALSE	ORF1ab:cds-YP_009724389.1	TTC	F	TTA	L	3089
NC_045512.2	9532	C	A	4825	316	35	1	0	26	0.000207168	4827	1	FALSE	ORF1ab:cds-YP_009725295.1	TTC	F	TTA	L	3089
NC_045512.2	9533	A	G	5124	323	34	1	0	26	0.000195122	5125	1	FALSE	ORF1ab:cds-YP_009724389.1	ACT	T	GCT	A	3090
NC_045512.2	9533	A	G	5124	323	34	1	0	26	0.000195122	5125	1	FALSE	ORF1ab:cds-YP_009725295.1	ACT	T	GCT	A	3090
NC_045512.2	9534	C	T	1	0	34	5279	325	35	0.999811	5280	0	TRUE	ORF1ab:cds-YP_009724389.1	ACT	T	ATT	I	3090
NC_045512.2	9534	C	T	1	0	34	5279	325	35	0.999811	5280	0	TRUE	ORF1ab:cds-YP_009725295.1	ACT	T	ATT	I	3090
NC_045512.2	9536	G	A	5377	331	35	1	0	34	0.000185943	5378	0.984405	FALSE	ORF1ab:cds-YP_009724389.1	GTA	V	ATA	I	3091
NC_045512.2	9536	G	A	5377	331	35	1	0	34	0.000185943	5378	0.984405	FALSE	ORF1ab:cds-YP_009725295.1	GTA	V	ATA	I	3091
NC_045512.2	9537	T	G	5374	332	35	1	0	34	0.000186047	5375	0.984406	FALSE	ORF1ab:cds-YP_009724389.1	GTA	V	GGA	G	3091
NC_045512.2	9537	T	G	5374	332	35	1	0	34	0.000186047	5375	0.984406	FALSE	ORF1ab:cds-YP_009725295.1	GTA	V	GGA	G	3091
NC_045512.2	9538	A	C	5468	337	35	1	0	34	0.000182849	5469	0.984405	FALSE	ORF1ab:cds-YP_009724389.1	GTA	V	GTC	V	3091
NC_045512.2	9538	A	C	5468	337	35	1	0	34	0.000182849	5469	0.984405	FALSE	ORF1ab:cds-YP_009725295.1	GTA	V	GTC	V	3091
NC_045512.2	9542	T	G	5601	342	35	1	0	34	0.000178444	5604	0.984388	FALSE	ORF1ab:cds-YP_009724389.1	TGT	C	GGT	G	3093
NC_045512.2	9542	T	G	5601	342	35	1	0	34	0.000178444	5604	0.984388	FALSE	ORF1ab:cds-YP_009725295.1	TGT	C	GGT	G	3093
NC_045512.2	9542	T	C	5601	342	35	1	0	34	0.000178444	5604	0.984388	FALSE	ORF1ab:cds-YP_009724389.1	TGT	C	CGT	R	3093
NC_045512.2	9542	T	C	5601	342	35	1	0	34	0.000178444	5604	0.984388	FALSE	ORF1ab:cds-YP_009725295.1	TGT	C	CGT	R	3093
NC_045512.2	9542	T	A	5601	342	35	1	0	34	0.000178444	5604	0.984388	FALSE	ORF1ab:cds-YP_009724389.1	TGT	C	AGT	S	3093
NC_045512.2	9542	T	A	5601	342	35	1	0	34	0.000178444	5604	0.984388	FALSE	ORF1ab:cds-YP_009725295.1	TGT	C	AGT	S	3093
NC_045512.2	9543	G	T	6169	355	35	1	0	26	0.000162075	6170	1	FALSE	ORF1ab:cds-YP_009724389.1	TGT	C	TTT	F	3093
NC_045512.2	9543	G	T	6169	355	35	1	0	26	0.000162075	6170	1	FALSE	ORF1ab:cds-YP_009725295.1	TGT	C	TTT	F	3093
NC_045512.2	9545	T	C	6074	378	35	1	0	34	0.000164609	6075	0.992205	FALSE	ORF1ab:cds-YP_009724389.1	TTA	L	CTA	L	3094
NC_045512.2	9545	T	C	6074	378	35	1	0	34	0.000164609	6075	0.992205	FALSE	ORF1ab:cds-YP_009725295.1	TTA	L	CTA	L	3094
NC_045512.2	9552	C	T	6251	528	36	3	0	28	0.000479693	6254	1	FALSE	ORF1ab:cds-YP_009724389.1	CCA	P	CTA	L	3096
NC_045512.2	9552	C	T	6251	528	36	3	0	28	0.000479693	6254	1	FALSE	ORF1ab:cds-YP_009725295.1	CCA	P	CTA	L	3096
NC_045512.2	9553	A	G	6294	526	36	1	0	34	0.000158856	6295	0.992205	FALSE	ORF1ab:cds-YP_009724389.1	CCA	P	CCG	P	3096
NC_045512.2	9553	A	G	6294	526	36	1	0	34	0.000158856	6295	0.992205	FALSE	ORF1ab:cds-YP_009725295.1	CCA	P	CCG	P	3096
NC_045512.2	9556	T	C	6504	611	36	1	0	34	0.000153728	6505	0.992204	FALSE	ORF1ab:cds-YP_009724389.1	GTT	V	GTC	V	3097
NC_045512.2	9556	T	C	6504	611	36	1	0	34	0.000153728	6505	0.992204	FALSE	ORF1ab:cds-YP_009725295.1	GTT	V	GTC	V	3097
NC_045512.2	9557	T	C	6632	614	37	2	0	29	0.000301477	6634	1	FALSE	ORF1ab:cds-YP_009724389.1	TAC	Y	CAC	H	3098
NC_045512.2	9557	T	C	6632	614	37	2	0	29	0.000301477	6634	1	FALSE	ORF1ab:cds-YP_009725295.1	TAC	Y	CAC	H	3098
NC_045512.2	9559	C	T	6651	638	37	2	0	34	0.000300616	6653	0.964901	FALSE	ORF1ab:cds-YP_009724389.1	TAC	Y	TAT	Y	3098
NC_045512.2	9559	C	T	6651	638	37	2	0	34	0.000300616	6653	0.964901	FALSE	ORF1ab:cds-YP_009725295.1	TAC	Y	TAT	Y	3098
NC_045512.2	9560	T	G	6665	635	37	1	0	34	0.000149948	6669	0.992192	FALSE	ORF1ab:cds-YP_009724389.1	TCA	S	GCA	A	3099
NC_045512.2	9560	T	G	6665	635	37	1	0	34	0.000149948	6669	0.992192	FALSE	ORF1ab:cds-YP_009725295.1	TCA	S	GCA	A	3099
NC_045512.2	9560	T	C	6665	635	37	3	0	34	0.000449843	6669	0.91023	FALSE	ORF1ab:cds-YP_009724389.1	TCA	S	CCA	P	3099
NC_045512.2	9560	T	C	6665	635	37	3	0	34	0.000449843	6669	0.91023	FALSE	ORF1ab:cds-YP_009725295.1	TCA	S	CCA	P	3099
NC_045512.2	9561	C	G	7022	795	38	1	0	34	0.000142389	7023	0.996104	FALSE	ORF1ab:cds-YP_009724389.1	TCA	S	TGA	*	3099
NC_045512.2	9561	C	G	7022	795	38	1	0	34	0.000142389	7023	0.996104	FALSE	ORF1ab:cds-YP_009725295.1	TCA	S	TGA	*	3099
NC_045512.2	9562	A	G	6936	805	38	2	0	34	0.000288268	6938	0.964899	FALSE	ORF1ab:cds-YP_009724389.1	TCA	S	TCG	S	3099
NC_045512.2	9562	A	G	6936	805	38	2	0	34	0.000288268	6938	0.964899	FALSE	ORF1ab:cds-YP_009725295.1	TCA	S	TCG	S	3099
NC_045512.2	9563	T	G	7188	811	37	2	0	30	0.000278087	7192	0.980488	FALSE	ORF1ab:cds-YP_009724389.1	TTC	F	GTC	V	3100
NC_045512.2	9563	T	G	7188	811	37	2	0	30	0.000278087	7192	0.980488	FALSE	ORF1ab:cds-YP_009725295.1	TTC	F	GTC	V	3100
NC_045512.2	9563	T	C	7188	811	37	2	0	34	0.000278087	7192	0.980488	FALSE	ORF1ab:cds-YP_009724389.1	TTC	F	CTC	L	3100
NC_045512.2	9563	T	C	7188	811	37	2	0	34	0.000278087	7192	0.980488	FALSE	ORF1ab:cds-YP_009725295.1	TTC	F	CTC	L	3100
NC_045512.2	9564	T	C	7330	784	37	1	0	34	0.000136407	7331	0.996103	FALSE	ORF1ab:cds-YP_009724389.1	TTC	F	TCC	S	3100
NC_045512.2	9564	T	C	7330	784	37	1	0	34	0.000136407	7331	0.996103	FALSE	ORF1ab:cds-YP_009725295.1	TTC	F	TCC	S	3100
NC_045512.2	9570	C	A	7289	903	38	1	0	34	0.000137174	7290	0.996103	FALSE	ORF1ab:cds-YP_009724389.1	CCT	P	CAT	H	3102
NC_045512.2	9570	C	A	7289	903	38	1	0	34	0.000137174	7290	0.996103	FALSE	ORF1ab:cds-YP_009725295.1	CCT	P	CAT	H	3102
NC_045512.2	9571	T	G	7406	905	38	1	0	34	0.000134971	7409	0.996099	FALSE	ORF1ab:cds-YP_009724389.1	CCT	P	CCG	P	3102
NC_045512.2	9571	T	G	7406	905	38	1	0	34	0.000134971	7409	0.996099	FALSE	ORF1ab:cds-YP_009725295.1	CCT	P	CCG	P	3102
NC_045512.2	9571	T	A	7406	905	38	2	0	30	0.000269942	7409	0.980497	FALSE	ORF1ab:cds-YP_009724389.1	CCT	P	CCA	P	3102
NC_045512.2	9571	T	A	7406	905	38	2	0	30	0.000269942	7409	0.980497	FALSE	ORF1ab:cds-YP_009725295.1	CCT	P	CCA	P	3102
NC_045512.2	9573	G	T	7741	927	38	2	0	26	0.000258298	7743	1	FALSE	ORF1ab:cds-YP_009724389.1	GGT	G	GTT	V	3103
NC_045512.2	9573	G	T	7741	927	38	2	0	26	0.000258298	7743	1	FALSE	ORF1ab:cds-YP_009725295.1	GGT	G	GTT	V	3103
NC_045512.2	9574	T	G	7536	1062	39	2	0	34	0.000265322	7538	0.980506	FALSE	ORF1ab:cds-YP_009724389.1	GGT	G	GGG	G	3103
NC_045512.2	9574	T	G	7536	1062	39	2	0	34	0.000265322	7538	0.980506	FALSE	ORF1ab:cds-YP_009725295.1	GGT	G	GGG	G	3103
NC_045512.2	9575	G	T	8121	1072	39	2	0	47	0.000246214	8123	0.250015	FALSE	ORF1ab:cds-YP_009724389.1	GTT	V	TTT	F	3104
NC_045512.2	9575	G	T	8121	1072	39	2	0	47	0.000246214	8123	0.250015	FALSE	ORF1ab:cds-YP_009725295.1	GTT	V	TTT	F	3104
NC_045512.2	9575	G	-T	8121	1072	39	1	0	20	0.000123107	8123	1	FALSE	NA	NA	NA	NA	NA	NA
NC_045512.2	9577	T	A	7844	1219	39	1	0	34	0.00012747	7845	0.996103	FALSE	ORF1ab:cds-YP_009724389.1	GTT	V	GTA	V	3104
NC_045512.2	9577	T	A	7844	1219	39	1	0	34	0.00012747	7845	0.996103	FALSE	ORF1ab:cds-YP_009725295.1	GTT	V	GTA	V	3104
NC_045512.2	9578	T	C	8137	1207	40	1	1	34	0.00012288	8138	0.998052	FALSE	ORF1ab:cds-YP_009724389.1	TAT	Y	CAT	H	3105
NC_045512.2	9578	T	C	8137	1207	40	1	1	34	0.00012288	8138	0.998052	FALSE	ORF1ab:cds-YP_009725295.1	TAT	Y	CAT	H	3105
NC_045512.2	9580	T	C	8124	1236	40	1	0	34	0.000123077	8125	0.998052	FALSE	ORF1ab:cds-YP_009724389.1	TAT	Y	TAC	Y	3105
NC_045512.2	9580	T	C	8124	1236	40	1	0	34	0.000123077	8125	0.998052	FALSE	ORF1ab:cds-YP_009725295.1	TAT	Y	TAC	Y	3105
NC_045512.2	9581	T	C	8170	1237	40	1	0	34	0.000122384	8171	0.998052	FALSE	ORF1ab:cds-YP_009724389.1	TCT	S	CCT	P	3106
NC_045512.2	9581	T	C	8170	1237	40	1	0	34	0.000122384	8171	0.998052	FALSE	ORF1ab:cds-YP_009725295.1	TCT	S	CCT	P	3106
NC_045512.2	9582	C	+A	7436	1338	40	1	0	20	0.000134481	7436	1	FALSE	NA	NA	NA	NA	NA	NA
NC_045512.2	9583	T	G	7467	1291	40	1	0	34	0.000133905	7468	0.996103	FALSE	ORF1ab:cds-YP_009724389.1	TCT	S	TCG	S	3106
NC_045512.2	9583	T	G	7467	1291	40	1	0	34	0.000133905	7468	0.996103	FALSE	ORF1ab:cds-YP_009725295.1	TCT	S	TCG	S	3106
NC_045512.2	9587	A	T	7087	1382	39	3	0	26	0.000423071	7091	1	FALSE	ORF1ab:cds-YP_009724389.1	ATT	I	TTT	F	3108
NC_045512.2	9587	A	T	7087	1382	39	3	0	26	0.000423071	7091	1	FALSE	ORF1ab:cds-YP_009725295.1	ATT	I	TTT	F	3108
NC_045512.2	9587	A	G	7087	1382	39	1	0	34	0.000141024	7091	0.996097	FALSE	ORF1ab:cds-YP_009724389.1	ATT	I	GTT	V	3108
NC_045512.2	9587	A	G	7087	1382	39	1	0	34	0.000141024	7091	0.996097	FALSE	ORF1ab:cds-YP_009725295.1	ATT	I	GTT	V	3108
NC_045512.2	9593	T	G	6535	1611	39	4	0	30	0.000611527	6541	0.828156	FALSE	ORF1ab:cds-YP_009724389.1	TTG	L	GTG	V	3110
NC_045512.2	9593	T	G	6535	1611	39	4	0	30	0.000611527	6541	0.828156	FALSE	ORF1ab:cds-YP_009725295.1	TTG	L	GTG	V	3110
NC_045512.2	9593	T	C	6535	1611	39	2	1	30	0.000305764	6541	0.964835	FALSE	ORF1ab:cds-YP_009724389.1	TTG	L	CTG	L	3110
NC_045512.2	9593	T	C	6535	1611	39	2	1	30	0.000305764	6541	0.964835	FALSE	ORF1ab:cds-YP_009725295.1	TTG	L	CTG	L	3110
NC_045512.2	9594	T	C	6462	1629	39	1	0	34	0.000154727	6463	0.992204	FALSE	ORF1ab:cds-YP_009724389.1	TTG	L	TCG	S	3110
NC_045512.2	9594	T	C	6462	1629	39	1	0	34	0.000154727	6463	0.992204	FALSE	ORF1ab:cds-YP_009725295.1	TTG	L	TCG	S	3110
NC_045512.2	9596	T	C	6561	1665	39	1	0	68	0.000152393	6562	0.500038	FALSE	ORF1ab:cds-YP_009724389.1	TAC	Y	CAC	H	3111
NC_045512.2	9596	T	C	6561	1665	39	1	0	68	0.000152393	6562	0.500038	FALSE	ORF1ab:cds-YP_009725295.1	TAC	Y	CAC	H	3111
NC_045512.2	9597	A	T	6585	1676	39	1	1	24	0.000151837	6586	1	FALSE	ORF1ab:cds-YP_009724389.1	TAC	Y	TTC	F	3111
NC_045512.2	9597	A	T	6585	1676	39	1	1	24	0.000151837	6586	1	FALSE	ORF1ab:cds-YP_009725295.1	TAC	Y	TTC	F	3111
NC_045512.2	9598	C	-T	6497	1696	39	1	0	20	0.000153917	6497	1	FALSE	NA	NA	NA	NA	NA	NA
NC_045512.2	9600	T	G	6539	1740	39	1	0	26	0.000152905	6540	1	FALSE	ORF1ab:cds-YP_009724389.1	TTG	L	TGG	W	3112
NC_045512.2	9600	T	G	6539	1740	39	1	0	26	0.000152905	6540	1	FALSE	ORF1ab:cds-YP_009725295.1	TTG	L	TGG	W	3112
NC_045512.2	9602	A	T	6488	1805	40	1	0	68	0.000154107	6489	0.500039	FALSE	ORF1ab:cds-YP_009724389.1	ACA	T	TCA	S	3113
NC_045512.2	9602	A	T	6488	1805	40	1	0	68	0.000154107	6489	0.500039	FALSE	ORF1ab:cds-YP_009725295.1	ACA	T	TCA	S	3113
NC_045512.2	9603	C	G	6398	1852	39	1	0	34	0.000156274	6399	0.992205	FALSE	ORF1ab:cds-YP_009724389.1	ACA	T	AGA	R	3113
NC_045512.2	9603	C	G	6398	1852	39	1	0	34	0.000156274	6399	0.992205	FALSE	ORF1ab:cds-YP_009725295.1	ACA	T	AGA	R	3113
NC_045512.2	9604	A	G	6242	1806	39	1	0	60	0.000160179	6243	0.50004	FALSE	ORF1ab:cds-YP_009724389.1	ACA	T	ACG	T	3113
NC_045512.2	9604	A	G	6242	1806	39	1	0	60	0.000160179	6243	0.50004	FALSE	ORF1ab:cds-YP_009725295.1	ACA	T	ACG	T	3113
NC_045512.2	9605	T	G	6308	1846	39	1	0	34	0.000158504	6309	0.992205	FALSE	ORF1ab:cds-YP_009724389.1	TTT	F	GTT	V	3114
NC_045512.2	9605	T	G	6308	1846	39	1	0	34	0.000158504	6309	0.992205	FALSE	ORF1ab:cds-YP_009725295.1	TTT	F	GTT	V	3114
NC_045512.2	9607	T	C	6388	1847	39	1	0	34	0.000156519	6389	0.992205	FALSE	ORF1ab:cds-YP_009724389.1	TTT	F	TTC	F	3114
NC_045512.2	9607	T	C	6388	1847	39	1	0	34	0.000156519	6389	0.992205	FALSE	ORF1ab:cds-YP_009725295.1	TTT	F	TTC	F	3114
NC_045512.2	9609	A	G	6422	1897	39	1	0	34	0.00015569	6423	0.992205	FALSE	ORF1ab:cds-YP_009724389.1	TAT	Y	TGT	C	3115
NC_045512.2	9609	A	G	6422	1897	39	1	0	34	0.00015569	6423	0.992205	FALSE	ORF1ab:cds-YP_009725295.1	TAT	Y	TGT	C	3115
NC_045512.2	9610	T	C	6210	1761	39	2	0	30	0.000321958	6212	0.964905	FALSE	ORF1ab:cds-YP_009724389.1	TAT	Y	TAC	Y	3115
NC_045512.2	9610	T	C	6210	1761	39	2	0	30	0.000321958	6212	0.964905	FALSE	ORF1ab:cds-YP_009725295.1	TAT	Y	TAC	Y	3115
NC_045512.2	9614	A	C	6165	1934	39	1	1	27	0.00016218	6166	1	FALSE	ORF1ab:cds-YP_009724389.1	ACT	T	CCT	P	3117
NC_045512.2	9614	A	C	6165	1934	39	1	1	27	0.00016218	6166	1	FALSE	ORF1ab:cds-YP_009725295.1	ACT	T	CCT	P	3117
NC_045512.2	9619	T	C	6059	1949	39	1	1	34	0.000164989	6061	0.992201	FALSE	ORF1ab:cds-YP_009724389.1	AAT	N	AAC	N	3118
NC_045512.2	9619	T	C	6059	1949	39	1	1	34	0.000164989	6061	0.992201	FALSE	ORF1ab:cds-YP_009725295.1	AAT	N	AAC	N	3118
NC_045512.2	9619	T	A	6059	1949	39	1	0	26	0.000164989	6061	1	FALSE	ORF1ab:cds-YP_009724389.1	AAT	N	AAA	K	3118
NC_045512.2	9619	T	A	6059	1949	39	1	0	26	0.000164989	6061	1	FALSE	ORF1ab:cds-YP_009725295.1	AAT	N	AAA	K	3118
NC_045512.2	9621	A	G	5800	2009	38	1	1	24	0.000172384	5801	1	FALSE	ORF1ab:cds-YP_009724389.1	GAT	D	GGT	G	3119
NC_045512.2	9621	A	G	5800	2009	38	1	1	24	0.000172384	5801	1	FALSE	ORF1ab:cds-YP_009725295.1	GAT	D	GGT	G	3119
NC_045512.2	9624	T	C	5858	2020	39	1	0	34	0.000170678	5859	0.984403	FALSE	ORF1ab:cds-YP_009724389.1	GTT	V	GCT	A	3120
NC_045512.2	9624	T	C	5858	2020	39	1	0	34	0.000170678	5859	0.984403	FALSE	ORF1ab:cds-YP_009725295.1	GTT	V	GCT	A	3120
NC_045512.2	9625	T	C	5728	2026	39	1	0	34	0.000174551	5729	0.984404	FALSE	ORF1ab:cds-YP_009724389.1	GTT	V	GTC	V	3120
NC_045512.2	9625	T	C	5728	2026	39	1	0	34	0.000174551	5729	0.984404	FALSE	ORF1ab:cds-YP_009725295.1	GTT	V	GTC	V	3120
NC_045512.2	9626	T	C	5613	1923	37	2	2	51	0.000356125	5616	0.249978	FALSE	ORF1ab:cds-YP_009724389.1	TCT	S	CCT	P	3121
NC_045512.2	9626	T	C	5613	1923	37	2	2	51	0.000356125	5616	0.249978	FALSE	ORF1ab:cds-YP_009725295.1	TCT	S	CCT	P	3121
NC_045512.2	9626	T	A	5613	1923	37	1	1	26	0.000178063	5616	1	FALSE	ORF1ab:cds-YP_009724389.1	TCT	S	ACT	T	3121
NC_045512.2	9626	T	A	5613	1923	37	1	1	26	0.000178063	5616	1	FALSE	ORF1ab:cds-YP_009725295.1	TCT	S	ACT	T	3121
NC_045512.2	9627	C	-T	5704	2108	38	1	0	20	0.000175316	5704	1	FALSE	NA	NA	NA	NA	NA	NA
NC_045512.2	9630	T	C	5791	2178	39	1	1	27	0.000172652	5792	1	FALSE	ORF1ab:cds-YP_009724389.1	TTT	F	TCT	S	3122
NC_045512.2	9630	T	C	5791	2178	39	1	1	27	0.000172652	5792	1	FALSE	ORF1ab:cds-YP_009725295.1	TTT	F	TCT	S	3122
NC_045512.2	9631	T	C	5778	2179	39	1	1	34	0.00017304	5779	0.984403	FALSE	ORF1ab:cds-YP_009724389.1	TTT	F	TTC	F	3122
NC_045512.2	9631	T	C	5778	2179	39	1	1	34	0.00017304	5779	0.984403	FALSE	ORF1ab:cds-YP_009725295.1	TTT	F	TTC	F	3122
NC_045512.2	9633	T	G	6108	2887	39	2	0	34	0.000327279	6111	0.964889	FALSE	ORF1ab:cds-YP_009724389.1	TTA	L	TGA	*	3123
NC_045512.2	9633	T	G	6108	2887	39	2	0	34	0.000327279	6111	0.964889	FALSE	ORF1ab:cds-YP_009725295.1	TTA	L	TGA	*	3123
NC_045512.2	9633	T	A	6108	2887	39	1	0	27	0.000163639	6111	1	FALSE	ORF1ab:cds-YP_009724389.1	TTA	L	TAA	*	3123
NC_045512.2	9633	T	A	6108	2887	39	1	0	27	0.000163639	6111	1	FALSE	ORF1ab:cds-YP_009725295.1	TTA	L	TAA	*	3123
NC_045512.2	9635	G	T	5900	2961	38	1	1	34	0.000169463	5901	0.984403	FALSE	ORF1ab:cds-YP_009724389.1	GCA	A	TCA	S	3124
NC_045512.2	9635	G	T	5900	2961	38	1	1	34	0.000169463	5901	0.984403	FALSE	ORF1ab:cds-YP_009725295.1	GCA	A	TCA	S	3124
NC_045512.2	9636	C	A	5912	2999	38	1	0	26	0.000169119	5913	1	FALSE	ORF1ab:cds-YP_009724389.1	GCA	A	GAA	E	3124
NC_045512.2	9636	C	A	5912	2999	38	1	0	26	0.000169119	5913	1	FALSE	ORF1ab:cds-YP_009725295.1	GCA	A	GAA	E	3124
NC_045512.2	9637	A	G	5973	2997	38	1	0	34	0.000167392	5974	0.984402	FALSE	ORF1ab:cds-YP_009724389.1	GCA	A	GCG	A	3124
NC_045512.2	9637	A	G	5973	2997	38	1	0	34	0.000167392	5974	0.984402	FALSE	ORF1ab:cds-YP_009725295.1	GCA	A	GCG	A	3124
NC_045512.2	9638	C	A	6046	3079	38	1	0	34	0.000165371	6047	0.992206	FALSE	ORF1ab:cds-YP_009724389.1	CAT	H	AAT	N	3125
NC_045512.2	9638	C	A	6046	3079	38	1	0	34	0.000165371	6047	0.992206	FALSE	ORF1ab:cds-YP_009725295.1	CAT	H	AAT	N	3125
NC_045512.2	9639	A	G	6090	3051	38	3	1	34	0.000492368	6093	0.910277	FALSE	ORF1ab:cds-YP_009724389.1	CAT	H	CGT	R	3125
NC_045512.2	9639	A	G	6090	3051	38	3	1	34	0.000492368	6093	0.910277	FALSE	ORF1ab:cds-YP_009725295.1	CAT	H	CGT	R	3125
NC_045512.2	9641	A	T	6184	3115	38	1	1	34	0.000161681	6185	0.992205	FALSE	ORF1ab:cds-YP_009724389.1	ATT	I	TTT	F	3126
NC_045512.2	9641	A	T	6184	3115	38	1	1	34	0.000161681	6185	0.992205	FALSE	ORF1ab:cds-YP_009725295.1	ATT	I	TTT	F	3126
NC_045512.2	9643	T	C	6100	3180	38	2	0	34	0.000327761	6102	0.964906	FALSE	ORF1ab:cds-YP_009724389.1	ATT	I	ATC	I	3126
NC_045512.2	9643	T	C	6100	3180	38	2	0	34	0.000327761	6102	0.964906	FALSE	ORF1ab:cds-YP_009725295.1	ATT	I	ATC	I	3126
NC_045512.2	9645	A	C	5668	3180	37	1	0	34	0.000176398	5669	0.984404	FALSE	ORF1ab:cds-YP_009724389.1	CAG	Q	CCG	P	3127
NC_045512.2	9645	A	C	5668	3180	37	1	0	34	0.000176398	5669	0.984404	FALSE	ORF1ab:cds-YP_009725295.1	CAG	Q	CCG	P	3127
NC_045512.2	9646	G	A	5823	3190	37	1	1	34	0.000171703	5824	0.984403	FALSE	ORF1ab:cds-YP_009724389.1	CAG	Q	CAA	Q	3127
NC_045512.2	9646	G	A	5823	3190	37	1	1	34	0.000171703	5824	0.984403	FALSE	ORF1ab:cds-YP_009725295.1	CAG	Q	CAA	Q	3127
NC_045512.2	9647	T	C	5553	2967	37	1	0	68	0.000180018	5555	0.5	FALSE	ORF1ab:cds-YP_009724389.1	TGG	W	CGG	R	3128
NC_045512.2	9647	T	C	5553	2967	37	1	0	68	0.000180018	5555	0.5	FALSE	ORF1ab:cds-YP_009725295.1	TGG	W	CGG	R	3128
NC_045512.2	9647	T	A	5553	2967	37	1	0	26	0.000180018	5555	1	FALSE	ORF1ab:cds-YP_009724389.1	TGG	W	AGG	R	3128
NC_045512.2	9647	T	A	5553	2967	37	1	0	26	0.000180018	5555	1	FALSE	ORF1ab:cds-YP_009725295.1	TGG	W	AGG	R	3128
NC_045512.2	9648	G	T	5770	3126	37	1	0	34	0.00017328	5771	0.984403	FALSE	ORF1ab:cds-YP_009724389.1	TGG	W	TTG	L	3128
NC_045512.2	9648	G	T	5770	3126	37	1	0	34	0.00017328	5771	0.984403	FALSE	ORF1ab:cds-YP_009725295.1	TGG	W	TTG	L	3128
NC_045512.2	9649	G	T	5734	3123	37	1	1	34	0.000174368	5735	0.984404	FALSE	ORF1ab:cds-YP_009724389.1	TGG	W	TGT	C	3128
NC_045512.2	9649	G	T	5734	3123	37	1	1	34	0.000174368	5735	0.984404	FALSE	ORF1ab:cds-YP_009725295.1	TGG	W	TGT	C	3128
NC_045512.2	9651	T	G	5733	3108	37	1	0	34	0.000174368	5735	0.984395	FALSE	ORF1ab:cds-YP_009724389.1	ATG	M	AGG	R	3129
NC_045512.2	9651	T	G	5733	3108	37	1	0	34	0.000174368	5735	0.984395	FALSE	ORF1ab:cds-YP_009725295.1	ATG	M	AGG	R	3129
NC_045512.2	9651	T	A	5733	3108	37	1	0	34	0.000174368	5735	0.984395	FALSE	ORF1ab:cds-YP_009724389.1	ATG	M	AAG	K	3129
NC_045512.2	9651	T	A	5733	3108	37	1	0	34	0.000174368	5735	0.984395	FALSE	ORF1ab:cds-YP_009725295.1	ATG	M	AAG	K	3129
NC_045512.2	9652	G	C	5714	3101	37	1	0	34	0.000174978	5715	0.984404	FALSE	ORF1ab:cds-YP_009724389.1	ATG	M	ATC	I	3129
NC_045512.2	9652	G	C	5714	3101	37	1	0	34	0.000174978	5715	0.984404	FALSE	ORF1ab:cds-YP_009725295.1	ATG	M	ATC	I	3129
NC_045512.2	9653	G	A	6067	3209	37	2	1	34	0.000329544	6069	0.964907	FALSE	ORF1ab:cds-YP_009724389.1	GTT	V	ATT	I	3130
NC_045512.2	9653	G	A	6067	3209	37	2	1	34	0.000329544	6069	0.964907	FALSE	ORF1ab:cds-YP_009725295.1	GTT	V	ATT	I	3130
NC_045512.2	9654	T	C	6006	3287	37	2	1	34	0.000332889	6008	0.964907	FALSE	ORF1ab:cds-YP_009724389.1	GTT	V	GCT	A	3130
NC_045512.2	9654	T	C	6006	3287	37	2	1	34	0.000332889	6008	0.964907	FALSE	ORF1ab:cds-YP_009725295.1	GTT	V	GCT	A	3130
NC_045512.2	9655	T	C	5807	3123	37	3	2	34	0.000516351	5810	0.85561	FALSE	ORF1ab:cds-YP_009724389.1	GTT	V	GTC	V	3130
NC_045512.2	9655	T	C	5807	3123	37	3	2	34	0.000516351	5810	0.85561	FALSE	ORF1ab:cds-YP_009725295.1	GTT	V	GTC	V	3130
NC_045512.2	9656	A	C	5900	3264	37	1	0	34	0.000169463	5901	0.984403	FALSE	ORF1ab:cds-YP_009724389.1	ATG	M	CTG	L	3131
NC_045512.2	9656	A	C	5900	3264	37	1	0	34	0.000169463	5901	0.984403	FALSE	ORF1ab:cds-YP_009725295.1	ATG	M	CTG	L	3131
NC_045512.2	9658	G	A	6009	3234	37	1	0	34	0.000166389	6010	0.992206	FALSE	ORF1ab:cds-YP_009724389.1	ATG	M	ATA	I	3131
NC_045512.2	9658	G	A	6009	3234	37	1	0	34	0.000166389	6010	0.992206	FALSE	ORF1ab:cds-YP_009725295.1	ATG	M	ATA	I	3131
NC_045512.2	9660	T	C	5943	3227	37	2	1	34	0.000336417	5945	0.937583	FALSE	ORF1ab:cds-YP_009724389.1	TTC	F	TCC	S	3132
NC_045512.2	9660	T	C	5943	3227	37	2	1	34	0.000336417	5945	0.937583	FALSE	ORF1ab:cds-YP_009725295.1	TTC	F	TCC	S	3132
NC_045512.2	9661	C	A	5743	3327	37	2	1	26	0.000348129	5745	1	FALSE	ORF1ab:cds-YP_009724389.1	TTC	F	TTA	L	3132
NC_045512.2	9661	C	A	5743	3327	37	2	1	26	0.000348129	5745	1	FALSE	ORF1ab:cds-YP_009725295.1	TTC	F	TTA	L	3132
NC_045512.2	9664	A	G	5458	3317	37	2	2	34	0.0003663	5460	0.93759	FALSE	ORF1ab:cds-YP_009724389.1	ACA	T	ACG	T	3133
NC_045512.2	9664	A	G	5458	3317	37	2	2	34	0.0003663	5460	0.93759	FALSE	ORF1ab:cds-YP_009725295.1	ACA	T	ACG	T	3133
NC_045512.2	9669	T	C	5686	3367	37	1	1	34	0.00017584	5687	0.984404	FALSE	ORF1ab:cds-YP_009724389.1	TTA	L	TCA	S	3135
NC_045512.2	9669	T	C	5686	3367	37	1	1	34	0.00017584	5687	0.984404	FALSE	ORF1ab:cds-YP_009725295.1	TTA	L	TCA	S	3135
NC_045512.2	9670	A	G	5739	3396	37	1	1	34	0.000174216	5740	0.984404	FALSE	ORF1ab:cds-YP_009724389.1	TTA	L	TTG	L	3135
NC_045512.2	9670	A	G	5739	3396	37	1	1	34	0.000174216	5740	0.984404	FALSE	ORF1ab:cds-YP_009725295.1	TTA	L	TTG	L	3135
NC_045512.2	9672	T	C	5676	3671	36	2	1	34	0.000352237	5678	0.937587	FALSE	ORF1ab:cds-YP_009724389.1	GTA	V	GCA	A	3136
NC_045512.2	9672	T	C	5676	3671	36	2	1	34	0.000352237	5678	0.937587	FALSE	ORF1ab:cds-YP_009725295.1	GTA	V	GCA	A	3136
NC_045512.2	9673	A	C	5938	3650	37	1	0	60	0.000168379	5939	0.500042	FALSE	ORF1ab:cds-YP_009724389.1	GTA	V	GTC	V	3136
NC_045512.2	9673	A	C	5938	3650	37	1	0	60	0.000168379	5939	0.500042	FALSE	ORF1ab:cds-YP_009725295.1	GTA	V	GTC	V	3136
NC_045512.2	9675	C	A	5353	3499	37	1	1	26	0.000186776	5354	1	FALSE	ORF1ab:cds-YP_009724389.1	CCT	P	CAT	H	3137
NC_045512.2	9675	C	A	5353	3499	37	1	1	26	0.000186776	5354	1	FALSE	ORF1ab:cds-YP_009725295.1	CCT	P	CAT	H	3137
NC_045512.2	9676	T	C	5129	3280	36	1	1	26	0.000194932	5130	1	FALSE	ORF1ab:cds-YP_009724389.1	CCT	P	CCC	P	3137
NC_045512.2	9676	T	C	5129	3280	36	1	1	26	0.000194932	5130	1	FALSE	ORF1ab:cds-YP_009725295.1	CCT	P	CCC	P	3137
NC_045512.2	9683	A	T	5324	3418	37	1	0	34	0.000187793	5325	0.984406	FALSE	ORF1ab:cds-YP_009724389.1	ATA	I	TTA	L	3140
NC_045512.2	9683	A	T	5324	3418	37	1	0	34	0.000187793	5325	0.984406	FALSE	ORF1ab:cds-YP_009725295.1	ATA	I	TTA	L	3140
NC_045512.2	9685	A	G	5157	3399	36	1	1	34	0.000193874	5158	0.984407	FALSE	ORF1ab:cds-YP_009724389.1	ATA	I	ATG	M	3140
NC_045512.2	9685	A	G	5157	3399	36	1	1	34	0.000193874	5158	0.984407	FALSE	ORF1ab:cds-YP_009725295.1	ATA	I	ATG	M	3140
NC_045512.2	9687	C	A	5773	3995	37	2	1	34	0.00034632	5775	0.937585	FALSE	ORF1ab:cds-YP_009724389.1	ACA	T	AAA	K	3141
NC_045512.2	9687	C	A	5773	3995	37	2	1	34	0.00034632	5775	0.937585	FALSE	ORF1ab:cds-YP_009725295.1	ACA	T	AAA	K	3141
NC_045512.2	9688	A	G	5577	3873	37	2	0	26	0.000358487	5579	1	FALSE	ORF1ab:cds-YP_009724389.1	ACA	T	ACG	T	3141
NC_045512.2	9688	A	G	5577	3873	37	2	0	26	0.000358487	5579	1	FALSE	ORF1ab:cds-YP_009725295.1	ACA	T	ACG	T	3141
NC_045512.2	9689	A	G	5712	3951	37	1	1	34	0.000175039	5713	0.984404	FALSE	ORF1ab:cds-YP_009724389.1	ATT	I	GTT	V	3142
NC_045512.2	9689	A	G	5712	3951	37	1	1	34	0.000175039	5713	0.984404	FALSE	ORF1ab:cds-YP_009725295.1	ATT	I	GTT	V	3142
NC_045512.2	9691	T	C	5636	3929	37	1	0	34	0.000177399	5637	0.984404	FALSE	ORF1ab:cds-YP_009724389.1	ATT	I	ATC	I	3142
NC_045512.2	9691	T	C	5636	3929	37	1	0	34	0.000177399	5637	0.984404	FALSE	ORF1ab:cds-YP_009725295.1	ATT	I	ATC	I	3142
NC_045512.2	9695	T	C	5702	3942	37	1	1	34	0.000175346	5703	0.984404	FALSE	ORF1ab:cds-YP_009724389.1	TAT	Y	CAT	H	3144
NC_045512.2	9695	T	C	5702	3942	37	1	1	34	0.000175346	5703	0.984404	FALSE	ORF1ab:cds-YP_009725295.1	TAT	Y	CAT	H	3144
NC_045512.2	9698	A	G	5588	3906	37	2	0	30	0.000357782	5590	0.937588	FALSE	ORF1ab:cds-YP_009724389.1	ATC	I	GTC	V	3145
NC_045512.2	9698	A	G	5588	3906	37	2	0	30	0.000357782	5590	0.937588	FALSE	ORF1ab:cds-YP_009725295.1	ATC	I	GTC	V	3145
NC_045512.2	9699	T	C	5598	3903	37	2	1	29	0.000357143	5600	1	FALSE	ORF1ab:cds-YP_009724389.1	ATC	I	ACC	T	3145
NC_045512.2	9699	T	C	5598	3903	37	2	1	29	0.000357143	5600	1	FALSE	ORF1ab:cds-YP_009725295.1	ATC	I	ACC	T	3145
NC_045512.2	9700	C	T	5618	3864	37	4	2	34	0.000711364	5623	0.746181	FALSE	ORF1ab:cds-YP_009724389.1	ATC	I	ATT	I	3145
NC_045512.2	9700	C	T	5618	3864	37	4	2	34	0.000711364	5623	0.746181	FALSE	ORF1ab:cds-YP_009725295.1	ATC	I	ATT	I	3145
NC_045512.2	9700	C	A	5618	3864	37	1	1	34	0.000177841	5623	0.984371	FALSE	ORF1ab:cds-YP_009724389.1	ATC	I	ATA	I	3145
NC_045512.2	9700	C	A	5618	3864	37	1	1	34	0.000177841	5623	0.984371	FALSE	ORF1ab:cds-YP_009725295.1	ATC	I	ATA	I	3145
NC_045512.2	9701	A	G	5537	3790	37	1	1	34	0.000180538	5539	0.984396	FALSE	ORF1ab:cds-YP_009724389.1	ATT	I	GTT	V	3146
NC_045512.2	9701	A	G	5537	3790	37	1	1	34	0.000180538	5539	0.984396	FALSE	ORF1ab:cds-YP_009725295.1	ATT	I	GTT	V	3146
NC_045512.2	9701	A	C	5537	3790	37	1	1	26	0.000180538	5539	1	FALSE	ORF1ab:cds-YP_009724389.1	ATT	I	CTT	L	3146
NC_045512.2	9701	A	C	5537	3790	37	1	1	26	0.000180538	5539	1	FALSE	ORF1ab:cds-YP_009725295.1	ATT	I	CTT	L	3146
NC_045512.2	9703	T	G	5647	3957	38	1	1	34	0.000176897	5653	0.984363	FALSE	ORF1ab:cds-YP_009724389.1	ATT	I	ATG	M	3146
NC_045512.2	9703	T	G	5647	3957	38	1	1	34	0.000176897	5653	0.984363	FALSE	ORF1ab:cds-YP_009725295.1	ATT	I	ATG	M	3146
NC_045512.2	9703	T	C	5647	3957	38	5	5	30	0.000884486	5653	0.623101	FALSE	ORF1ab:cds-YP_009724389.1	ATT	I	ATC	I	3146
NC_045512.2	9703	T	C	5647	3957	38	5	5	30	0.000884486	5653	0.623101	FALSE	ORF1ab:cds-YP_009725295.1	ATT	I	ATC	I	3146
NC_045512.2	9704	T	G	5589	3973	37	1	0	34	0.000178795	5593	0.984379	FALSE	ORF1ab:cds-YP_009724389.1	TGT	C	GGT	G	3147
NC_045512.2	9704	T	G	5589	3973	37	1	0	34	0.000178795	5593	0.984379	FALSE	ORF1ab:cds-YP_009725295.1	TGT	C	GGT	G	3147
NC_045512.2	9704	T	C	5589	3973	37	3	2	38	0.000536385	5593	0.855557	FALSE	ORF1ab:cds-YP_009724389.1	TGT	C	CGT	R	3147
NC_045512.2	9704	T	C	5589	3973	37	3	2	38	0.000536385	5593	0.855557	FALSE	ORF1ab:cds-YP_009725295.1	TGT	C	CGT	R	3147
NC_045512.2	9705	G	T	5653	4006	37	1	1	34	0.000176866	5654	0.984404	FALSE	ORF1ab:cds-YP_009724389.1	TGT	C	TTT	F	3147
NC_045512.2	9705	G	T	5653	4006	37	1	1	34	0.000176866	5654	0.984404	FALSE	ORF1ab:cds-YP_009725295.1	TGT	C	TTT	F	3147
NC_045512.2	9708	T	C	5874	4290	38	1	1	34	0.000170213	5875	0.984403	FALSE	ORF1ab:cds-YP_009724389.1	ATT	I	ACT	T	3148
NC_045512.2	9708	T	C	5874	4290	38	1	1	34	0.000170213	5875	0.984403	FALSE	ORF1ab:cds-YP_009725295.1	ATT	I	ACT	T	3148
NC_045512.2	9710	T	C	5893	4338	38	2	2	30	0.000339271	5895	0.937583	FALSE	ORF1ab:cds-YP_009724389.1	TCC	S	CCC	P	3149
NC_045512.2	9710	T	C	5893	4338	38	2	2	30	0.000339271	5895	0.937583	FALSE	ORF1ab:cds-YP_009725295.1	TCC	S	CCC	P	3149
NC_045512.2	9711	C	A	5932	4368	38	1	0	68	0.000168549	5933	0.500042	FALSE	ORF1ab:cds-YP_009724389.1	TCC	S	TAC	Y	3149
NC_045512.2	9711	C	A	5932	4368	38	1	0	68	0.000168549	5933	0.500042	FALSE	ORF1ab:cds-YP_009725295.1	TCC	S	TAC	Y	3149
NC_045512.2	9712	C	A	5946	4390	38	1	1	34	0.000168152	5947	0.984403	FALSE	ORF1ab:cds-YP_009724389.1	TCC	S	TCA	S	3149
NC_045512.2	9712	C	A	5946	4390	38	1	1	34	0.000168152	5947	0.984403	FALSE	ORF1ab:cds-YP_009725295.1	TCC	S	TCA	S	3149
NC_045512.2	9713	A	G	6262	4775	38	1	1	26	0.000159668	6263	1	FALSE	ORF1ab:cds-YP_009724389.1	ACA	T	GCA	A	3150
NC_045512.2	9713	A	G	6262	4775	38	1	1	26	0.000159668	6263	1	FALSE	ORF1ab:cds-YP_009725295.1	ACA	T	GCA	A	3150
NC_045512.2	9714	C	A	6333	4878	38	1	1	34	0.000157878	6334	0.992205	FALSE	ORF1ab:cds-YP_009724389.1	ACA	T	AAA	K	3150
NC_045512.2	9714	C	A	6333	4878	38	1	1	34	0.000157878	6334	0.992205	FALSE	ORF1ab:cds-YP_009725295.1	ACA	T	AAA	K	3150
NC_045512.2	9717	A	C	6079	4847	37	1	1	34	0.000164474	6080	0.992205	FALSE	ORF1ab:cds-YP_009724389.1	AAG	K	ACG	T	3151
NC_045512.2	9717	A	C	6079	4847	37	1	1	34	0.000164474	6080	0.992205	FALSE	ORF1ab:cds-YP_009725295.1	AAG	K	ACG	T	3151
NC_045512.2	9719	C	G	6389	4932	38	1	1	26	0.00015647	6391	1	FALSE	ORF1ab:cds-YP_009724389.1	CAT	H	GAT	D	3152
NC_045512.2	9719	C	G	6389	4932	38	1	1	26	0.00015647	6391	1	FALSE	ORF1ab:cds-YP_009725295.1	CAT	H	GAT	D	3152
NC_045512.2	9719	C	A	6389	4932	38	1	1	27	0.00015647	6391	1	FALSE	ORF1ab:cds-YP_009724389.1	CAT	H	AAT	N	3152
NC_045512.2	9719	C	A	6389	4932	38	1	1	27	0.00015647	6391	1	FALSE	ORF1ab:cds-YP_009725295.1	CAT	H	AAT	N	3152
NC_045512.2	9721	T	C	6366	4930	38	1	1	34	0.00015706	6367	0.992205	FALSE	ORF1ab:cds-YP_009724389.1	CAT	H	CAC	H	3152
NC_045512.2	9721	T	C	6366	4930	38	1	1	34	0.00015706	6367	0.992205	FALSE	ORF1ab:cds-YP_009725295.1	CAT	H	CAC	H	3152
NC_045512.2	9725	T	C	6022	4534	38	2	2	34	0.00033195	6025	0.964889	FALSE	ORF1ab:cds-YP_009724389.1	TAT	Y	CAT	H	3154
NC_045512.2	9725	T	C	6022	4534	38	2	2	34	0.00033195	6025	0.964889	FALSE	ORF1ab:cds-YP_009725295.1	TAT	Y	CAT	H	3154
NC_045512.2	9725	T	A	6022	4534	38	1	1	27	0.000165975	6025	1	FALSE	ORF1ab:cds-YP_009724389.1	TAT	Y	AAT	N	3154
NC_045512.2	9725	T	A	6022	4534	38	1	1	27	0.000165975	6025	1	FALSE	ORF1ab:cds-YP_009725295.1	TAT	Y	AAT	N	3154
NC_045512.2	9726	A	T	6302	4852	38	1	1	34	0.000158655	6303	0.992205	FALSE	ORF1ab:cds-YP_009724389.1	TAT	Y	TTT	F	3154
NC_045512.2	9726	A	T	6302	4852	38	1	1	34	0.000158655	6303	0.992205	FALSE	ORF1ab:cds-YP_009725295.1	TAT	Y	TTT	F	3154
NC_045512.2	9730	G	T	6273	4781	38	2	0	30	0.000318725	6275	0.964905	FALSE	ORF1ab:cds-YP_009724389.1	TGG	W	TGT	C	3155
NC_045512.2	9730	G	T	6273	4781	38	2	0	30	0.000318725	6275	0.964905	FALSE	ORF1ab:cds-YP_009725295.1	TGG	W	TGT	C	3155
NC_045512.2	9731	T	G	6211	4724	38	1	1	26	0.000160953	6213	1	FALSE	ORF1ab:cds-YP_009724389.1	TTC	F	GTC	V	3156
NC_045512.2	9731	T	G	6211	4724	38	1	1	26	0.000160953	6213	1	FALSE	ORF1ab:cds-YP_009725295.1	TTC	F	GTC	V	3156
NC_045512.2	9731	T	C	6211	4724	38	1	1	34	0.000160953	6213	0.992201	FALSE	ORF1ab:cds-YP_009724389.1	TTC	F	CTC	L	3156
NC_045512.2	9731	T	C	6211	4724	38	1	1	34	0.000160953	6213	0.992201	FALSE	ORF1ab:cds-YP_009725295.1	TTC	F	CTC	L	3156
NC_045512.2	9732	T	C	6222	4759	38	1	1	34	0.000160694	6223	0.992205	FALSE	ORF1ab:cds-YP_009724389.1	TTC	F	TCC	S	3156
NC_045512.2	9732	T	C	6222	4759	38	1	1	34	0.000160694	6223	0.992205	FALSE	ORF1ab:cds-YP_009725295.1	TTC	F	TCC	S	3156
NC_045512.2	9733	C	A	6294	4803	39	3	3	29	0.000476417	6297	1	FALSE	ORF1ab:cds-YP_009724389.1	TTC	F	TTA	L	3156
NC_045512.2	9733	C	A	6294	4803	39	3	3	29	0.000476417	6297	1	FALSE	ORF1ab:cds-YP_009725295.1	TTC	F	TTA	L	3156
NC_045512.2	9735	T	G	5268	3805	38	1	1	24	0.000189789	5269	1	FALSE	ORF1ab:cds-YP_009724389.1	TTT	F	TGT	C	3157
NC_045512.2	9735	T	G	5268	3805	38	1	1	24	0.000189789	5269	1	FALSE	ORF1ab:cds-YP_009725295.1	TTT	F	TGT	C	3157
NC_045512.2	9737	A	T	5366	4086	38	1	0	26	0.000186254	5369	1	FALSE	ORF1ab:cds-YP_009724389.1	AGT	S	TGT	C	3158
NC_045512.2	9737	A	T	5366	4086	38	1	0	26	0.000186254	5369	1	FALSE	ORF1ab:cds-YP_009725295.1	AGT	S	TGT	C	3158
NC_045512.2	9737	A	G	5366	4086	38	2	2	34	0.000372509	5369	0.937561	FALSE	ORF1ab:cds-YP_009724389.1	AGT	S	GGT	G	3158
NC_045512.2	9737	A	G	5366	4086	38	2	2	34	0.000372509	5369	0.937561	FALSE	ORF1ab:cds-YP_009725295.1	AGT	S	GGT	G	3158
NC_045512.2	9739	T	C	5391	4039	38	2	2	30	0.000370851	5393	0.937591	FALSE	ORF1ab:cds-YP_009724389.1	AGT	S	AGC	S	3158
NC_045512.2	9739	T	C	5391	4039	38	2	2	30	0.000370851	5393	0.937591	FALSE	ORF1ab:cds-YP_009725295.1	AGT	S	AGC	S	3158
NC_045512.2	9741	A	T	5419	4113	38	1	0	20	0.000184468	5421	1	FALSE	ORF1ab:cds-YP_009724389.1	AAT	N	ATT	I	3159
NC_045512.2	9741	A	T	5419	4113	38	1	0	20	0.000184468	5421	1	FALSE	ORF1ab:cds-YP_009725295.1	AAT	N	ATT	I	3159
NC_045512.2	9741	A	C	5419	4113	38	1	1	27	0.000184468	5421	1	FALSE	ORF1ab:cds-YP_009724389.1	AAT	N	ACT	T	3159
NC_045512.2	9741	A	C	5419	4113	38	1	1	27	0.000184468	5421	1	FALSE	ORF1ab:cds-YP_009725295.1	AAT	N	ACT	T	3159
NC_045512.2	9743	T	C	5669	4504	39	1	1	34	0.000176336	5671	0.984396	FALSE	ORF1ab:cds-YP_009724389.1	TAC	Y	CAC	H	3160
NC_045512.2	9743	T	C	5669	4504	39	1	1	34	0.000176336	5671	0.984396	FALSE	ORF1ab:cds-YP_009725295.1	TAC	Y	CAC	H	3160
NC_045512.2	9743	T	A	5669	4504	39	1	1	34	0.000176336	5671	0.984396	FALSE	ORF1ab:cds-YP_009724389.1	TAC	Y	AAC	N	3160
NC_045512.2	9743	T	A	5669	4504	39	1	1	34	0.000176336	5671	0.984396	FALSE	ORF1ab:cds-YP_009725295.1	TAC	Y	AAC	N	3160
NC_045512.2	9744	A	G	5740	4531	39	1	1	34	0.000174155	5742	0.984395	FALSE	ORF1ab:cds-YP_009724389.1	TAC	Y	TGC	C	3160
NC_045512.2	9744	A	G	5740	4531	39	1	1	34	0.000174155	5742	0.984395	FALSE	ORF1ab:cds-YP_009725295.1	TAC	Y	TGC	C	3160
NC_045512.2	9744	A	C	5740	4531	39	1	1	34	0.000174155	5742	0.984395	FALSE	ORF1ab:cds-YP_009724389.1	TAC	Y	TCC	S	3160
NC_045512.2	9744	A	C	5740	4531	39	1	1	34	0.000174155	5742	0.984395	FALSE	ORF1ab:cds-YP_009725295.1	TAC	Y	TCC	S	3160
NC_045512.2	9746	C	A	5750	4587	38	1	1	26	0.000173883	5751	1	FALSE	ORF1ab:cds-YP_009724389.1	CTA	L	ATA	I	3161
NC_045512.2	9746	C	A	5750	4587	38	1	1	26	0.000173883	5751	1	FALSE	ORF1ab:cds-YP_009725295.1	CTA	L	ATA	I	3161
NC_045512.2	9747	T	C	5496	4345	38	1	0	68	0.000181917	5497	0.500045	FALSE	ORF1ab:cds-YP_009724389.1	CTA	L	CCA	P	3161
NC_045512.2	9747	T	C	5496	4345	38	1	0	68	0.000181917	5497	0.500045	FALSE	ORF1ab:cds-YP_009725295.1	CTA	L	CCA	P	3161
NC_045512.2	9748	A	T	5752	4591	39	1	1	26	0.000173822	5753	1	FALSE	ORF1ab:cds-YP_009724389.1	CTA	L	CTT	L	3161
NC_045512.2	9748	A	T	5752	4591	39	1	1	26	0.000173822	5753	1	FALSE	ORF1ab:cds-YP_009725295.1	CTA	L	CTT	L	3161
NC_045512.2	9749	A	G	5788	4681	39	1	1	34	0.000172741	5789	0.984403	FALSE	ORF1ab:cds-YP_009724389.1	AAG	K	GAG	E	3162
NC_045512.2	9749	A	G	5788	4681	39	1	1	34	0.000172741	5789	0.984403	FALSE	ORF1ab:cds-YP_009725295.1	AAG	K	GAG	E	3162
NC_045512.2	9750	A	G	5844	4758	38	1	0	68	0.000171086	5845	0.500043	FALSE	ORF1ab:cds-YP_009724389.1	AAG	K	AGG	R	3162
NC_045512.2	9750	A	G	5844	4758	38	1	0	68	0.000171086	5845	0.500043	FALSE	ORF1ab:cds-YP_009725295.1	AAG	K	AGG	R	3162
NC_045512.2	9752	A	T	5708	4672	37	1	0	24	0.000175162	5709	1	FALSE	ORF1ab:cds-YP_009724389.1	AGA	R	TGA	*	3163
NC_045512.2	9752	A	T	5708	4672	37	1	0	24	0.000175162	5709	1	FALSE	ORF1ab:cds-YP_009725295.1	AGA	R	TGA	*	3163
NC_045512.2	9756	G	C	6376	5530	39	3	3	28	0.000470293	6379	1	FALSE	ORF1ab:cds-YP_009724389.1	CGT	R	CCT	P	3164
NC_045512.2	9756	G	C	6376	5530	39	3	3	28	0.000470293	6379	1	FALSE	ORF1ab:cds-YP_009725295.1	CGT	R	CCT	P	3164
NC_045512.2	9757	T	C	6909	6181	39	1	1	34	0.000144718	6910	0.992203	FALSE	ORF1ab:cds-YP_009724389.1	CGT	R	CGC	R	3164
NC_045512.2	9757	T	C	6909	6181	39	1	1	34	0.000144718	6910	0.992203	FALSE	ORF1ab:cds-YP_009725295.1	CGT	R	CGC	R	3164
NC_045512.2	9764	T	C	6780	6178	39	2	2	34	0.000294898	6782	0.9649	FALSE	ORF1ab:cds-YP_009724389.1	TTT	F	CTT	L	3167
NC_045512.2	9764	T	C	6780	6178	39	2	2	34	0.000294898	6782	0.9649	FALSE	ORF1ab:cds-YP_009725295.1	TTT	F	CTT	L	3167
NC_045512.2	9766	T	C	6432	5912	38	1	1	34	0.000155448	6433	0.992204	FALSE	ORF1ab:cds-YP_009724389.1	TTT	F	TTC	F	3167
NC_045512.2	9766	T	C	6432	5912	38	1	1	34	0.000155448	6433	0.992204	FALSE	ORF1ab:cds-YP_009725295.1	TTT	F	TTC	F	3167
NC_045512.2	9767	A	T	6499	5994	38	1	1	34	0.000153846	6500	0.992204	FALSE	ORF1ab:cds-YP_009724389.1	AAT	N	TAT	Y	3168
NC_045512.2	9767	A	T	6499	5994	38	1	1	34	0.000153846	6500	0.992204	FALSE	ORF1ab:cds-YP_009725295.1	AAT	N	TAT	Y	3168
NC_045512.2	9769	T	G	6505	6017	38	1	1	27	0.000153681	6507	1	FALSE	ORF1ab:cds-YP_009724389.1	AAT	N	AAG	K	3168
NC_045512.2	9769	T	G	6505	6017	38	1	1	27	0.000153681	6507	1	FALSE	ORF1ab:cds-YP_009725295.1	AAT	N	AAG	K	3168
NC_045512.2	9769	T	A	6505	6017	38	1	0	27	0.000153681	6507	1	FALSE	ORF1ab:cds-YP_009724389.1	AAT	N	AAA	K	3168
NC_045512.2	9769	T	A	6505	6017	38	1	0	27	0.000153681	6507	1	FALSE	ORF1ab:cds-YP_009725295.1	AAT	N	AAA	K	3168
NC_045512.2	9773	G	C	5954	5489	38	2	2	30	0.000335796	5956	0.937583	FALSE	ORF1ab:cds-YP_009724389.1	GTT	V	CTT	L	3170
NC_045512.2	9773	G	C	5954	5489	38	2	2	30	0.000335796	5956	0.937583	FALSE	ORF1ab:cds-YP_009725295.1	GTT	V	CTT	L	3170
NC_045512.2	9774	T	C	5952	5487	38	1	0	68	0.000167983	5953	0.500042	FALSE	ORF1ab:cds-YP_009724389.1	GTT	V	GCT	A	3170
NC_045512.2	9774	T	C	5952	5487	38	1	0	68	0.000167983	5953	0.500042	FALSE	ORF1ab:cds-YP_009725295.1	GTT	V	GCT	A	3170
NC_045512.2	9776	T	C	5968	5517	38	2	2	34	0.000335008	5970	0.937582	FALSE	ORF1ab:cds-YP_009724389.1	TCC	S	CCC	P	3171
NC_045512.2	9776	T	C	5968	5517	38	2	2	34	0.000335008	5970	0.937582	FALSE	ORF1ab:cds-YP_009725295.1	TCC	S	CCC	P	3171
NC_045512.2	9778	C	T	5910	5493	37	1	1	34	0.000169147	5912	0.984395	FALSE	ORF1ab:cds-YP_009724389.1	TCC	S	TCT	S	3171
NC_045512.2	9778	C	T	5910	5493	37	1	1	34	0.000169147	5912	0.984395	FALSE	ORF1ab:cds-YP_009725295.1	TCC	S	TCT	S	3171
NC_045512.2	9778	C	A	5910	5493	37	1	1	34	0.000169147	5912	0.984395	FALSE	ORF1ab:cds-YP_009724389.1	TCC	S	TCA	S	3171
NC_045512.2	9778	C	A	5910	5493	37	1	1	34	0.000169147	5912	0.984395	FALSE	ORF1ab:cds-YP_009725295.1	TCC	S	TCA	S	3171
NC_045512.2	9780	T	G	5442	5028	36	1	1	34	0.000183722	5443	0.984405	FALSE	ORF1ab:cds-YP_009724389.1	TTT	F	TGT	C	3172
NC_045512.2	9780	T	G	5442	5028	36	1	1	34	0.000183722	5443	0.984405	FALSE	ORF1ab:cds-YP_009725295.1	TTT	F	TGT	C	3172
NC_045512.2	9781	T	C	5622	5207	37	1	1	34	0.000177841	5623	0.984404	FALSE	ORF1ab:cds-YP_009724389.1	TTT	F	TTC	F	3172
NC_045512.2	9781	T	C	5622	5207	37	1	1	34	0.000177841	5623	0.984404	FALSE	ORF1ab:cds-YP_009725295.1	TTT	F	TTC	F	3172
NC_045512.2	9782	A	G	5728	5354	37	1	1	68	0.000174551	5729	0.500044	FALSE	ORF1ab:cds-YP_009724389.1	AGT	S	GGT	G	3173
NC_045512.2	9782	A	G	5728	5354	37	1	1	68	0.000174551	5729	0.500044	FALSE	ORF1ab:cds-YP_009725295.1	AGT	S	GGT	G	3173
NC_045512.2	9783	G	T	5654	5277	37	2	2	34	0.000353544	5657	0.937558	FALSE	ORF1ab:cds-YP_009724389.1	AGT	S	ATT	I	3173
NC_045512.2	9783	G	T	5654	5277	37	2	2	34	0.000353544	5657	0.937558	FALSE	ORF1ab:cds-YP_009725295.1	AGT	S	ATT	I	3173
NC_045512.2	9783	G	C	5654	5277	37	1	1	34	0.000176772	5657	0.984387	FALSE	ORF1ab:cds-YP_009724389.1	AGT	S	ACT	T	3173
NC_045512.2	9783	G	C	5654	5277	37	1	1	34	0.000176772	5657	0.984387	FALSE	ORF1ab:cds-YP_009725295.1	AGT	S	ACT	T	3173
NC_045512.2	9785	A	T	5610	5262	36	1	1	26	0.000178221	5611	1	FALSE	ORF1ab:cds-YP_009724389.1	ACT	T	TCT	S	3174
NC_045512.2	9785	A	T	5610	5262	36	1	1	26	0.000178221	5611	1	FALSE	ORF1ab:cds-YP_009725295.1	ACT	T	TCT	S	3174
NC_045512.2	9786	C	A	5616	5276	37	3	3	34	0.000533903	5619	0.855615	FALSE	ORF1ab:cds-YP_009724389.1	ACT	T	AAT	N	3174
NC_045512.2	9786	C	A	5616	5276	37	3	3	34	0.000533903	5619	0.855615	FALSE	ORF1ab:cds-YP_009725295.1	ACT	T	AAT	N	3174
NC_045512.2	9787	T	C	5044	4708	37	5	5	34	0.000990295	5049	0.62323	FALSE	ORF1ab:cds-YP_009724389.1	ACT	T	ACC	T	3174
NC_045512.2	9787	T	C	5044	4708	37	5	5	34	0.000990295	5049	0.62323	FALSE	ORF1ab:cds-YP_009725295.1	ACT	T	ACC	T	3174
NC_045512.2	9790	T	C	5018	4677	37	1	1	34	0.000199243	5019	0.984408	FALSE	ORF1ab:cds-YP_009724389.1	TTT	F	TTC	F	3175
NC_045512.2	9790	T	C	5018	4677	37	1	1	34	0.000199243	5019	0.984408	FALSE	ORF1ab:cds-YP_009725295.1	TTT	F	TTC	F	3175
NC_045512.2	9792	A	G	4975	4635	37	1	1	68	0.000200924	4977	0.5	FALSE	ORF1ab:cds-YP_009724389.1	GAA	E	GGA	G	3176
NC_045512.2	9792	A	G	4975	4635	37	1	1	68	0.000200924	4977	0.5	FALSE	ORF1ab:cds-YP_009725295.1	GAA	E	GGA	G	3176
NC_045512.2	9792	A	C	4975	4635	37	1	1	34	0.000200924	4977	0.968781	FALSE	ORF1ab:cds-YP_009724389.1	GAA	E	GCA	A	3176
NC_045512.2	9792	A	C	4975	4635	37	1	1	34	0.000200924	4977	0.968781	FALSE	ORF1ab:cds-YP_009725295.1	GAA	E	GCA	A	3176
NC_045512.2	9794	G	A	5008	4703	37	1	1	34	0.000199641	5009	0.984408	FALSE	ORF1ab:cds-YP_009724389.1	GAA	E	AAA	K	3177
NC_045512.2	9794	G	A	5008	4703	37	1	1	34	0.000199641	5009	0.984408	FALSE	ORF1ab:cds-YP_009725295.1	GAA	E	AAA	K	3177
NC_045512.2	9798	C	A	4878	4596	37	1	1	34	0.00020496	4879	0.968798	FALSE	ORF1ab:cds-YP_009724389.1	GCT	A	GAT	D	3178
NC_045512.2	9798	C	A	4878	4596	37	1	1	34	0.00020496	4879	0.968798	FALSE	ORF1ab:cds-YP_009725295.1	GCT	A	GAT	D	3178
NC_045512.2	9800	G	C	4783	4501	36	1	1	20	0.000208986	4785	1	FALSE	ORF1ab:cds-YP_009724389.1	GCG	A	CCG	P	3179
NC_045512.2	9800	G	C	4783	4501	36	1	1	20	0.000208986	4785	1	FALSE	ORF1ab:cds-YP_009725295.1	GCG	A	CCG	P	3179
NC_045512.2	9800	G	A	4783	4501	36	1	0	68	0.000208986	4785	0.5	FALSE	ORF1ab:cds-YP_009724389.1	GCG	A	ACG	T	3179
NC_045512.2	9800	G	A	4783	4501	36	1	0	68	0.000208986	4785	0.5	FALSE	ORF1ab:cds-YP_009725295.1	GCG	A	ACG	T	3179
NC_045512.2	9802	G	T	4614	4332	36	1	1	34	0.000216685	4615	0.968801	FALSE	ORF1ab:cds-YP_009724389.1	GCG	A	GCT	A	3179
NC_045512.2	9802	G	T	4614	4332	36	1	1	34	0.000216685	4615	0.968801	FALSE	ORF1ab:cds-YP_009725295.1	GCG	A	GCT	A	3179
NC_045512.2	9804	T	C	4357	4094	36	1	1	34	0.000229463	4358	0.968804	FALSE	ORF1ab:cds-YP_009724389.1	CTG	L	CCG	P	3180
NC_045512.2	9804	T	C	4357	4094	36	1	1	34	0.000229463	4358	0.968804	FALSE	ORF1ab:cds-YP_009725295.1	CTG	L	CCG	P	3180
NC_045512.2	9807	G	A	4464	4200	36	5	3	47	0.00111882	4469	0.0312325	FALSE	ORF1ab:cds-YP_009724389.1	TGC	C	TAC	Y	3181
NC_045512.2	9807	G	A	4464	4200	36	5	3	47	0.00111882	4469	0.0312325	FALSE	ORF1ab:cds-YP_009725295.1	TGC	C	TAC	Y	3181
NC_045512.2	9808	C	T	4503	4238	36	2	2	34	0.000443951	4505	0.890755	FALSE	ORF1ab:cds-YP_009724389.1	TGC	C	TGT	C	3181
NC_045512.2	9808	C	T	4503	4238	36	2	2	34	0.000443951	4505	0.890755	FALSE	ORF1ab:cds-YP_009725295.1	TGC	C	TGT	C	3181
NC_045512.2	9810	C	G	4747	3917	36	1	1	34	0.000210615	4748	0.968799	FALSE	ORF1ab:cds-YP_009724389.1	ACC	T	AGC	S	3182
NC_045512.2	9810	C	G	4747	3917	36	1	1	34	0.000210615	4748	0.968799	FALSE	ORF1ab:cds-YP_009725295.1	ACC	T	AGC	S	3182
NC_045512.2	9811	C	-T	4653	3846	36	1	0	20	0.000214915	4653	1	FALSE	NA	NA	NA	NA	NA	NA
NC_045512.2	9812	T	G	4265	3472	35	1	1	34	0.000233973	4274	0.96864	FALSE	ORF1ab:cds-YP_009724389.1	TTT	F	GTT	V	3183
NC_045512.2	9812	T	G	4265	3472	35	1	1	34	0.000233973	4274	0.96864	FALSE	ORF1ab:cds-YP_009725295.1	TTT	F	GTT	V	3183
NC_045512.2	9812	T	C	4265	3472	35	8	7	34	0.00187178	4274	0.193565	FALSE	ORF1ab:cds-YP_009724389.1	TTT	F	CTT	L	3183
NC_045512.2	9812	T	C	4265	3472	35	8	7	34	0.00187178	4274	0.193565	FALSE	ORF1ab:cds-YP_009725295.1	TTT	F	CTT	L	3183
NC_045512.2	9813	T	C	4536	3742	36	2	0	34	0.000440723	4538	0.890754	FALSE	ORF1ab:cds-YP_009724389.1	TTT	F	TCT	S	3183
NC_045512.2	9813	T	C	4536	3742	36	2	0	34	0.000440723	4538	0.890754	FALSE	ORF1ab:cds-YP_009725295.1	TTT	F	TCT	S	3183
NC_045512.2	9814	T	G	3828	3036	36	1	1	26	0.000261097	3830	1	FALSE	ORF1ab:cds-YP_009724389.1	TTT	F	TTG	L	3183
NC_045512.2	9814	T	G	3828	3036	36	1	1	26	0.000261097	3830	1	FALSE	ORF1ab:cds-YP_009725295.1	TTT	F	TTG	L	3183
NC_045512.2	9814	T	C	3828	3036	36	1	1	24	0.000261097	3830	1	FALSE	ORF1ab:cds-YP_009724389.1	TTT	F	TTC	F	3183
NC_045512.2	9814	T	C	3828	3036	36	1	1	24	0.000261097	3830	1	FALSE	ORF1ab:cds-YP_009725295.1	TTT	F	TTC	F	3183
NC_045512.2	9816	T	C	3928	3132	36	1	1	34	0.000254518	3929	0.93758	FALSE	ORF1ab:cds-YP_009724389.1	TTG	L	TCG	S	3184
NC_045512.2	9816	T	C	3928	3132	36	1	1	34	0.000254518	3929	0.93758	FALSE	ORF1ab:cds-YP_009725295.1	TTG	L	TCG	S	3184
NC_045512.2	9817	G	A	3968	3179	36	1	1	34	0.000251953	3969	0.937579	FALSE	ORF1ab:cds-YP_009724389.1	TTG	L	TTA	L	3184
NC_045512.2	9817	G	A	3968	3179	36	1	1	34	0.000251953	3969	0.937579	FALSE	ORF1ab:cds-YP_009725295.1	TTG	L	TTA	L	3184
NC_045512.2	9819	T	G	3742	2991	36	1	0	26	0.000267023	3745	1	FALSE	ORF1ab:cds-YP_009724389.1	TTA	L	TGA	*	3185
NC_045512.2	9819	T	G	3742	2991	36	1	0	26	0.000267023	3745	1	FALSE	ORF1ab:cds-YP_009725295.1	TTA	L	TGA	*	3185
NC_045512.2	9819	T	C	3742	2991	36	2	2	30	0.000534045	3745	0.812583	FALSE	ORF1ab:cds-YP_009724389.1	TTA	L	TCA	S	3185
NC_045512.2	9819	T	C	3742	2991	36	2	2	30	0.000534045	3745	0.812583	FALSE	ORF1ab:cds-YP_009725295.1	TTA	L	TCA	S	3185
NC_045512.2	9824	A	C	3833	3096	36	3	3	34	0.000782065	3836	0.656433	FALSE	ORF1ab:cds-YP_009724389.1	AAA	K	CAA	Q	3187
NC_045512.2	9824	A	C	3833	3096	36	3	3	34	0.000782065	3836	0.656433	FALSE	ORF1ab:cds-YP_009725295.1	AAA	K	CAA	Q	3187
NC_045512.2	9825	A	G	3845	3097	36	1	0	34	0.00026001	3846	0.937581	FALSE	ORF1ab:cds-YP_009724389.1	AAA	K	AGA	R	3187
NC_045512.2	9825	A	G	3845	3097	36	1	0	34	0.00026001	3846	0.937581	FALSE	ORF1ab:cds-YP_009725295.1	AAA	K	AGA	R	3187
NC_045512.2	9827	G	T	3872	3086	36	2	1	26	0.000515996	3876	1	FALSE	ORF1ab:cds-YP_009724389.1	GAA	E	TAA	*	3188
NC_045512.2	9827	G	T	3872	3086	36	2	1	26	0.000515996	3876	1	FALSE	ORF1ab:cds-YP_009725295.1	GAA	E	TAA	*	3188
NC_045512.2	9827	G	C	3872	3086	36	2	2	34	0.000515996	3876	0.8125	FALSE	ORF1ab:cds-YP_009724389.1	GAA	E	CAA	Q	3188
NC_045512.2	9827	G	C	3872	3086	36	2	2	34	0.000515996	3876	0.8125	FALSE	ORF1ab:cds-YP_009725295.1	GAA	E	CAA	Q	3188
NC_045512.2	9834	A	G	3806	2979	36	1	0	34	0.000262674	3807	0.937582	FALSE	ORF1ab:cds-YP_009724389.1	TAT	Y	TGT	C	3190
NC_045512.2	9834	A	G	3806	2979	36	1	0	34	0.000262674	3807	0.937582	FALSE	ORF1ab:cds-YP_009725295.1	TAT	Y	TGT	C	3190
NC_045512.2	9835	T	G	3633	2811	35	2	0	30	0.000550206	3635	0.812672	FALSE	ORF1ab:cds-YP_009724389.1	TAT	Y	TAG	*	3190
NC_045512.2	9835	T	G	3633	2811	35	2	0	30	0.000550206	3635	0.812672	FALSE	ORF1ab:cds-YP_009725295.1	TAT	Y	TAG	*	3190
NC_045512.2	9836	C	A	3770	2962	35	1	1	34	0.000265182	3771	0.937583	FALSE	ORF1ab:cds-YP_009724389.1	CTA	L	ATA	I	3191
NC_045512.2	9836	C	A	3770	2962	35	1	1	34	0.000265182	3771	0.937583	FALSE	ORF1ab:cds-YP_009725295.1	CTA	L	ATA	I	3191
NC_045512.2	9837	T	C	3711	2905	35	1	1	34	0.000269397	3712	0.937584	FALSE	ORF1ab:cds-YP_009724389.1	CTA	L	CCA	P	3191
NC_045512.2	9837	T	C	3711	2905	35	1	1	34	0.000269397	3712	0.937584	FALSE	ORF1ab:cds-YP_009725295.1	CTA	L	CCA	P	3191
NC_045512.2	9848	A	G	887	77	37	1	0	34	0.00112613	888	0.500282	FALSE	ORF1ab:cds-YP_009724389.1	AGT	S	GGT	G	3195
NC_045512.2	9848	A	G	887	77	37	1	0	34	0.00112613	888	0.500282	FALSE	ORF1ab:cds-YP_009725295.1	AGT	S	GGT	G	3195
NC_045512.2	9854	G	T	987	97	38	1	0	34	0.00101215	988	0.500253	FALSE	ORF1ab:cds-YP_009724389.1	GTG	V	TTG	L	3197
NC_045512.2	9854	G	T	987	97	38	1	0	34	0.00101215	988	0.500253	FALSE	ORF1ab:cds-YP_009725295.1	GTG	V	TTG	L	3197
NC_045512.2	9856	G	T	1041	100	38	1	0	26	0.000959693	1042	0.999527	FALSE	ORF1ab:cds-YP_009724389.1	GTG	V	GTT	V	3197
NC_045512.2	9856	G	T	1041	100	38	1	0	26	0.000959693	1042	0.999527	FALSE	ORF1ab:cds-YP_009725295.1	GTG	V	GTT	V	3197
NC_045512.2	9862	A	T	1045	115	38	1	0	34	0.000956023	1046	0.750359	FALSE	ORF1ab:cds-YP_009724389.1	TTA	L	TTT	F	3199
NC_045512.2	9862	A	T	1045	115	38	1	0	34	0.000956023	1046	0.750359	FALSE	ORF1ab:cds-YP_009725295.1	TTA	L	TTT	F	3199
NC_045512.2	9864	C	G	1191	115	38	1	0	34	0.000838926	1192	0.750315	FALSE	ORF1ab:cds-YP_009724389.1	CCT	P	CGT	R	3200
NC_045512.2	9864	C	G	1191	115	38	1	0	34	0.000838926	1192	0.750315	FALSE	ORF1ab:cds-YP_009725295.1	CCT	P	CGT	R	3200
NC_045512.2	9865	T	C	1201	118	38	1	0	34	0.000831947	1202	0.750312	FALSE	ORF1ab:cds-YP_009724389.1	CCT	P	CCC	P	3200
NC_045512.2	9865	T	C	1201	118	38	1	0	34	0.000831947	1202	0.750312	FALSE	ORF1ab:cds-YP_009725295.1	CCT	P	CCC	P	3200
NC_045512.2	9866	C	T	1	0	34	1182	115	37	0.999155	1183	0	TRUE	ORF1ab:cds-YP_009724389.1	CTT	L	TTT	F	3201
NC_045512.2	9866	C	T	1	0	34	1182	115	37	0.999155	1183	0	TRUE	ORF1ab:cds-YP_009725295.1	CTT	L	TTT	F	3201
NC_045512.2	9874	A	C	1546	125	37	1	0	26	0.000646412	1547	0.999985	FALSE	ORF1ab:cds-YP_009724389.1	CAA	Q	CAC	H	3203
NC_045512.2	9874	A	C	1546	125	37	1	0	26	0.000646412	1547	0.999985	FALSE	ORF1ab:cds-YP_009725295.1	CAA	Q	CAC	H	3203
NC_045512.2	9882	G	A	1595	137	38	1	0	68	0.000626566	1596	0.500157	FALSE	ORF1ab:cds-YP_009724389.1	AGA	R	AAA	K	3206
NC_045512.2	9882	G	A	1595	137	38	1	0	68	0.000626566	1596	0.500157	FALSE	ORF1ab:cds-YP_009725295.1	AGA	R	AAA	K	3206
NC_045512.2	9886	C	A	1665	161	39	1	0	34	0.00060024	1666	0.750225	FALSE	ORF1ab:cds-YP_009724389.1	TAC	Y	TAA	*	3207
NC_045512.2	9886	C	A	1665	161	39	1	0	34	0.00060024	1666	0.750225	FALSE	ORF1ab:cds-YP_009725295.1	TAC	Y	TAA	*	3207
NC_045512.2	9887	T	C	1658	161	38	1	0	34	0.000602773	1659	0.750226	FALSE	ORF1ab:cds-YP_009724389.1	TTA	L	CTA	L	3208
NC_045512.2	9887	T	C	1658	161	38	1	0	34	0.000602773	1659	0.750226	FALSE	ORF1ab:cds-YP_009725295.1	TTA	L	CTA	L	3208
NC_045512.2	9901	T	C	1503	230	38	1	1	68	0.000664894	1504	0.500166	FALSE	ORF1ab:cds-YP_009724389.1	AAT	N	AAC	N	3212
NC_045512.2	9901	T	C	1503	230	38	1	1	68	0.000664894	1504	0.500166	FALSE	ORF1ab:cds-YP_009725295.1	AAT	N	AAC	N	3212
NC_045512.2	9904	G	T	1479	234	38	1	0	26	0.000675676	1480	0.999971	FALSE	ORF1ab:cds-YP_009724389.1	AAG	K	AAT	N	3213
NC_045512.2	9904	G	T	1479	234	38	1	0	26	0.000675676	1480	0.999971	FALSE	ORF1ab:cds-YP_009725295.1	AAG	K	AAT	N	3213
NC_045512.2	9938	A	G	1466	335	39	1	0	26	0.000681663	1467	0.999971	FALSE	ORF1ab:cds-YP_009724389.1	AGC	S	GGC	G	3225
NC_045512.2	9938	A	G	1466	335	39	1	0	26	0.000681663	1467	0.999971	FALSE	ORF1ab:cds-YP_009725295.1	AGC	S	GGC	G	3225
NC_045512.2	9947	G	C	1503	490	40	1	0	34	0.000664894	1504	0.750249	FALSE	ORF1ab:cds-YP_009724389.1	GAA	E	CAA	Q	3228
NC_045512.2	9947	G	C	1503	490	40	1	0	34	0.000664894	1504	0.750249	FALSE	ORF1ab:cds-YP_009725295.1	GAA	E	CAA	Q	3228
NC_045512.2	9948	A	G	1355	486	38	1	1	34	0.000737463	1356	0.750277	FALSE	ORF1ab:cds-YP_009724389.1	GAA	E	GGA	G	3228
NC_045512.2	9948	A	G	1355	486	38	1	1	34	0.000737463	1356	0.750277	FALSE	ORF1ab:cds-YP_009725295.1	GAA	E	GGA	G	3228
NC_045512.2	9954	C	A	1469	540	40	1	1	34	0.000680272	1470	0.750255	FALSE	ORF1ab:cds-YP_009724389.1	GCT	A	GAT	D	3230
NC_045512.2	9954	C	A	1469	540	40	1	1	34	0.000680272	1470	0.750255	FALSE	ORF1ab:cds-YP_009725295.1	GCT	A	GAT	D	3230
NC_045512.2	9955	T	C	1457	545	40	1	0	34	0.000685871	1458	0.750257	FALSE	ORF1ab:cds-YP_009724389.1	GCT	A	GCC	A	3230
NC_045512.2	9955	T	C	1457	545	40	1	0	34	0.000685871	1458	0.750257	FALSE	ORF1ab:cds-YP_009725295.1	GCT	A	GCC	A	3230
NC_045512.2	9956	T	C	1470	537	40	1	1	34	0.00067981	1471	0.750255	FALSE	ORF1ab:cds-YP_009724389.1	TGT	C	CGT	R	3231
NC_045512.2	9956	T	C	1470	537	40	1	1	34	0.00067981	1471	0.750255	FALSE	ORF1ab:cds-YP_009725295.1	TGT	C	CGT	R	3231
NC_045512.2	9963	A	G	1377	535	39	1	0	26	0.000725689	1378	0.999941	FALSE	ORF1ab:cds-YP_009724389.1	CAT	H	CGT	R	3233
NC_045512.2	9963	A	G	1377	535	39	1	0	26	0.000725689	1378	0.999941	FALSE	ORF1ab:cds-YP_009725295.1	CAT	H	CGT	R	3233
NC_045512.2	9968	G	A	1337	550	39	1	0	26	0.000747384	1338	0.999941	FALSE	ORF1ab:cds-YP_009724389.1	GCA	A	ACA	T	3235
NC_045512.2	9968	G	A	1337	550	39	1	0	26	0.000747384	1338	0.999941	FALSE	ORF1ab:cds-YP_009725295.1	GCA	A	ACA	T	3235
NC_045512.2	9972	A	G	1207	551	38	1	1	34	0.000827815	1208	0.750311	FALSE	ORF1ab:cds-YP_009724389.1	AAG	K	AGG	R	3236
NC_045512.2	9972	A	G	1207	551	38	1	1	34	0.000827815	1208	0.750311	FALSE	ORF1ab:cds-YP_009725295.1	AAG	K	AGG	R	3236
NC_045512.2	9984	A	G	1177	686	37	1	1	34	0.000848896	1178	0.750318	FALSE	ORF1ab:cds-YP_009724389.1	GAC	D	GGC	G	3240
NC_045512.2	9984	A	G	1177	686	37	1	1	34	0.000848896	1178	0.750318	FALSE	ORF1ab:cds-YP_009725295.1	GAC	D	GGC	G	3240
NC_045512.2	9986	T	C	1152	664	37	1	1	34	0.000867303	1153	0.750325	FALSE	ORF1ab:cds-YP_009724389.1	TTC	F	CTC	L	3241
NC_045512.2	9986	T	C	1152	664	37	1	1	34	0.000867303	1153	0.750325	FALSE	ORF1ab:cds-YP_009725295.1	TTC	F	CTC	L	3241
NC_045512.2	10009	T	C	1201	813	36	2	1	30	0.00166251	1203	0.500312	FALSE	ORF1ab:cds-YP_009724389.1	GTT	V	GTC	V	3248
NC_045512.2	10009	T	C	1201	813	36	2	1	30	0.00166251	1203	0.500312	FALSE	ORF1ab:cds-YP_009725295.1	GTT	V	GTC	V	3248
NC_045512.2	10021	A	G	1276	938	38	1	1	68	0.000783085	1277	0.500196	FALSE	ORF1ab:cds-YP_009724389.1	CCA	P	CCG	P	3252
NC_045512.2	10021	A	G	1276	938	38	1	1	68	0.000783085	1277	0.500196	FALSE	ORF1ab:cds-YP_009725295.1	CCA	P	CCG	P	3252
NC_045512.2	10029	C	T	0	0	0	1121	840	36	0.999109	1122	0	TRUE	ORF1ab:cds-YP_009724389.1	ACC	T	ATC	I	3255
NC_045512.2	10029	C	T	0	0	0	1121	840	36	0.999109	1122	0	TRUE	ORF1ab:cds-YP_009725295.1	ACC	T	ATC	I	3255
NC_045512.2	10029	C	A	0	0	0	1	1	34	0.000891266	1122	0.00178253	TRUE	ORF1ab:cds-YP_009724389.1	ACC	T	AAC	N	3255
NC_045512.2	10029	C	A	0	0	0	1	1	34	0.000891266	1122	0.00178253	TRUE	ORF1ab:cds-YP_009725295.1	ACC	T	AAC	N	3255
NC_045512.2	10031	T	A	1123	838	36	1	1	26	0.00088968	1124	0.999764	FALSE	ORF1ab:cds-YP_009724389.1	TCT	S	ACT	T	3256
NC_045512.2	10031	T	A	1123	838	36	1	1	26	0.00088968	1124	0.999764	FALSE	ORF1ab:cds-YP_009725295.1	TCT	S	ACT	T	3256
NC_045512.2	10035	T	C	1354	1111	37	1	1	68	0.000738007	1355	0.500185	FALSE	ORF1ab:cds-YP_009724389.1	ATC	I	ACC	T	3257
NC_045512.2	10035	T	C	1354	1111	37	1	1	68	0.000738007	1355	0.500185	FALSE	ORF1ab:cds-YP_009725295.1	ATC	I	ACC	T	3257
NC_045512.2	10039	C	-T	1402	1182	37	1	0	20	0.000713267	1402	0.999971	FALSE	NA	NA	NA	NA	NA	NA
NC_045512.2	10040	T	C	1186	975	37	1	1	34	0.00084246	1187	0.750105	FALSE	ORF1ab:cds-YP_009724389.1	TCA	S	CCA	P	3259
NC_045512.2	10040	T	C	1186	975	37	1	1	34	0.00084246	1187	0.750105	FALSE	ORF1ab:cds-YP_009725295.1	TCA	S	CCA	P	3259
NC_045512.2	10042	A	G	1225	1009	37	1	1	34	0.000815661	1226	0.750306	FALSE	ORF1ab:cds-YP_009724389.1	TCA	S	TCG	S	3259
NC_045512.2	10042	A	G	1225	1009	37	1	1	34	0.000815661	1226	0.750306	FALSE	ORF1ab:cds-YP_009725295.1	TCA	S	TCG	S	3259
NC_045512.2	10049	T	C	1343	1137	38	1	1	26	0.000744048	1344	0.999941	FALSE	ORF1ab:cds-YP_009724389.1	TTG	L	CTG	L	3262
NC_045512.2	10049	T	C	1343	1137	38	1	1	26	0.000744048	1344	0.999941	FALSE	ORF1ab:cds-YP_009725295.1	TTG	L	CTG	L	3262
NC_045512.2	10053	A	G	1329	1131	37	1	1	34	0.00075188	1330	0.750282	FALSE	ORF1ab:cds-YP_009724389.1	CAG	Q	CGG	R	3263
NC_045512.2	10053	A	G	1329	1131	37	1	1	34	0.00075188	1330	0.750282	FALSE	ORF1ab:cds-YP_009725295.1	CAG	Q	CGG	R	3263
NC_045512.2	10065	G	+A	1346	1203	37	1	0	20	0.000742942	1346	0.999942	FALSE	NA	NA	NA	NA	NA	NA
NC_045512.2	10072	G	A	1496	1378	37	1	1	68	0.000668003	1497	0.500167	FALSE	ORF1ab:cds-YP_009724389.1	ATG	M	ATA	I	3269
NC_045512.2	10072	G	A	1496	1378	37	1	1	68	0.000668003	1497	0.500167	FALSE	ORF1ab:cds-YP_009725295.1	ATG	M	ATA	I	3269
NC_045512.2	10073	G	A	1464	1343	38	5	2	61	0.00340368	1469	0.0311967	FALSE	ORF1ab:cds-YP_009724389.1	GCA	A	ACA	T	3270
NC_045512.2	10073	G	A	1464	1343	38	5	2	61	0.00340368	1469	0.0311967	FALSE	ORF1ab:cds-YP_009725295.1	GCA	A	ACA	T	3270
NC_045512.2	10078	C	T	1495	1394	36	2	2	34	0.00133601	1497	0.500251	FALSE	ORF1ab:cds-YP_009724389.1	TTC	F	TTT	F	3271
NC_045512.2	10078	C	T	1495	1394	36	2	2	34	0.00133601	1497	0.500251	FALSE	ORF1ab:cds-YP_009725295.1	TTC	F	TTT	F	3271
NC_045512.2	10087	T	C	1339	1255	37	1	1	26	0.000746269	1340	0.999941	FALSE	ORF1ab:cds-YP_009724389.1	GGT	G	GGC	G	3274
NC_045512.2	10087	T	C	1339	1255	37	1	1	26	0.000746269	1340	0.999941	FALSE	ORF1ab:cds-YP_009725295.1	GGT	G	GGC	G	3274
NC_045512.2	10089	A	C	1344	1264	37	1	1	34	0.000743494	1345	0.750279	FALSE	ORF1ab:cds-YP_009724389.1	AAA	K	ACA	T	3275
NC_045512.2	10089	A	C	1344	1264	37	1	1	34	0.000743494	1345	0.750279	FALSE	ORF1ab:cds-YP_009725295.1	AAA	K	ACA	T	3275
NC_045512.2	10092	T	C	1280	1201	35	1	1	34	0.00078064	1281	0.750293	FALSE	ORF1ab:cds-YP_009724389.1	GTT	V	GCT	A	3276
NC_045512.2	10092	T	C	1280	1201	35	1	1	34	0.00078064	1281	0.750293	FALSE	ORF1ab:cds-YP_009725295.1	GTT	V	GCT	A	3276
NC_045512.2	10095	A	G	1283	1207	37	1	1	34	0.000778816	1284	0.750292	FALSE	ORF1ab:cds-YP_009724389.1	GAG	E	GGG	G	3277
NC_045512.2	10095	A	G	1283	1207	37	1	1	34	0.000778816	1284	0.750292	FALSE	ORF1ab:cds-YP_009725295.1	GAG	E	GGG	G	3277
NC_045512.2	10096	G	T	1298	1223	37	2	2	34	0.00153846	1300	0.500289	FALSE	ORF1ab:cds-YP_009724389.1	GAG	E	GAT	D	3277
NC_045512.2	10096	G	T	1298	1223	37	2	2	34	0.00153846	1300	0.500289	FALSE	ORF1ab:cds-YP_009725295.1	GAG	E	GAT	D	3277
NC_045512.2	10098	G	C	1287	1211	37	2	2	30	0.00155159	1289	0.500291	FALSE	ORF1ab:cds-YP_009724389.1	GGT	G	GCT	A	3278
NC_045512.2	10098	G	C	1287	1211	37	2	2	30	0.00155159	1289	0.500291	FALSE	ORF1ab:cds-YP_009725295.1	GGT	G	GCT	A	3278
NC_045512.2	10105	G	A	6726	1447	34	1	0	34	0.000148655	6727	0.992204	FALSE	ORF1ab:cds-YP_009724389.1	ATG	M	ATA	I	3280
NC_045512.2	10105	G	A	6726	1447	34	1	0	34	0.000148655	6727	0.992204	FALSE	ORF1ab:cds-YP_009725295.1	ATG	M	ATA	I	3280
NC_045512.2	10106	G	T	7462	1482	34	3	0	31	0.000401875	7465	0.945395	FALSE	ORF1ab:cds-YP_009724389.1	GTA	V	TTA	L	3281
NC_045512.2	10106	G	T	7462	1482	34	3	0	31	0.000401875	7465	0.945395	FALSE	ORF1ab:cds-YP_009725295.1	GTA	V	TTA	L	3281
NC_045512.2	10108	A	G	7493	1458	34	1	0	34	0.00013344	7494	0.996103	FALSE	ORF1ab:cds-YP_009724389.1	GTA	V	GTG	V	3281
NC_045512.2	10108	A	G	7493	1458	34	1	0	34	0.00013344	7494	0.996103	FALSE	ORF1ab:cds-YP_009725295.1	GTA	V	GTG	V	3281
NC_045512.2	10110	A	C	7625	1446	35	1	0	34	0.00013113	7626	0.996103	FALSE	ORF1ab:cds-YP_009724389.1	CAA	Q	CCA	P	3282
NC_045512.2	10110	A	C	7625	1446	35	1	0	34	0.00013113	7626	0.996103	FALSE	ORF1ab:cds-YP_009725295.1	CAA	Q	CCA	P	3282
NC_045512.2	10111	A	G	7806	1468	35	1	0	34	0.00012809	7807	0.996103	FALSE	ORF1ab:cds-YP_009724389.1	CAA	Q	CAG	Q	3282
NC_045512.2	10111	A	G	7806	1468	35	1	0	34	0.00012809	7807	0.996103	FALSE	ORF1ab:cds-YP_009725295.1	CAA	Q	CAG	Q	3282
NC_045512.2	10112	G	T	7813	1481	35	1	1	34	0.000127975	7814	0.996103	FALSE	ORF1ab:cds-YP_009724389.1	GTA	V	TTA	L	3283
NC_045512.2	10112	G	T	7813	1481	35	1	1	34	0.000127975	7814	0.996103	FALSE	ORF1ab:cds-YP_009725295.1	GTA	V	TTA	L	3283
NC_045512.2	10113	T	C	7751	1460	35	1	1	34	0.000128999	7752	0.996103	FALSE	ORF1ab:cds-YP_009724389.1	GTA	V	GCA	A	3283
NC_045512.2	10113	T	C	7751	1460	35	1	1	34	0.000128999	7752	0.996103	FALSE	ORF1ab:cds-YP_009725295.1	GTA	V	GCA	A	3283
NC_045512.2	10115	A	G	7837	1455	35	1	0	68	0.000127584	7838	0.500032	FALSE	ORF1ab:cds-YP_009724389.1	ACT	T	GCT	A	3284
NC_045512.2	10115	A	G	7837	1455	35	1	0	68	0.000127584	7838	0.500032	FALSE	ORF1ab:cds-YP_009725295.1	ACT	T	GCT	A	3284
NC_045512.2	10116	C	A	7990	1474	35	1	0	34	0.000125141	7991	0.996103	FALSE	ORF1ab:cds-YP_009724389.1	ACT	T	AAT	N	3284
NC_045512.2	10116	C	A	7990	1474	35	1	0	34	0.000125141	7991	0.996103	FALSE	ORF1ab:cds-YP_009725295.1	ACT	T	AAT	N	3284
NC_045512.2	10117	T	C	7975	1452	35	3	1	34	0.000376034	7978	0.94539	FALSE	ORF1ab:cds-YP_009724389.1	ACT	T	ACC	T	3284
NC_045512.2	10117	T	C	7975	1452	35	3	1	34	0.000376034	7978	0.94539	FALSE	ORF1ab:cds-YP_009725295.1	ACT	T	ACC	T	3284
NC_045512.2	10118	T	C	7904	1454	35	1	0	34	0.000126502	7905	0.996103	FALSE	ORF1ab:cds-YP_009724389.1	TGT	C	CGT	R	3285
NC_045512.2	10118	T	C	7904	1454	35	1	0	34	0.000126502	7905	0.996103	FALSE	ORF1ab:cds-YP_009725295.1	TGT	C	CGT	R	3285
NC_045512.2	10119	G	C	8152	1468	35	1	1	34	0.000122639	8154	0.998051	FALSE	ORF1ab:cds-YP_009724389.1	TGT	C	TCT	S	3285
NC_045512.2	10119	G	C	8152	1468	35	1	1	34	0.000122639	8154	0.998051	FALSE	ORF1ab:cds-YP_009725295.1	TGT	C	TCT	S	3285
NC_045512.2	10119	G	A	8152	1468	35	1	0	34	0.000122639	8154	0.998051	FALSE	ORF1ab:cds-YP_009724389.1	TGT	C	TAT	Y	3285
NC_045512.2	10119	G	A	8152	1468	35	1	0	34	0.000122639	8154	0.998051	FALSE	ORF1ab:cds-YP_009725295.1	TGT	C	TAT	Y	3285
NC_045512.2	10120	T	G	8178	1411	35	1	0	34	0.000122264	8179	0.998052	FALSE	ORF1ab:cds-YP_009724389.1	TGT	C	TGG	W	3285
NC_045512.2	10120	T	G	8178	1411	35	1	0	34	0.000122264	8179	0.998052	FALSE	ORF1ab:cds-YP_009725295.1	TGT	C	TGG	W	3285
NC_045512.2	10121	G	T	8234	1455	35	1	0	26	0.000121433	8235	1	FALSE	ORF1ab:cds-YP_009724389.1	GGT	G	TGT	C	3286
NC_045512.2	10121	G	T	8234	1455	35	1	0	26	0.000121433	8235	1	FALSE	ORF1ab:cds-YP_009725295.1	GGT	G	TGT	C	3286
NC_045512.2	10123	T	C	8456	1447	35	2	0	34	0.000236463	8458	0.989281	FALSE	ORF1ab:cds-YP_009724389.1	GGT	G	GGC	G	3286
NC_045512.2	10123	T	C	8456	1447	35	2	0	34	0.000236463	8458	0.989281	FALSE	ORF1ab:cds-YP_009725295.1	GGT	G	GGC	G	3286
NC_045512.2	10124	A	C	8489	1463	35	1	1	34	0.000117786	8490	0.998052	FALSE	ORF1ab:cds-YP_009724389.1	ACA	T	CCA	P	3287
NC_045512.2	10124	A	C	8489	1463	35	1	1	34	0.000117786	8490	0.998052	FALSE	ORF1ab:cds-YP_009725295.1	ACA	T	CCA	P	3287
NC_045512.2	10126	A	G	9275	1469	35	5	1	30	0.000538793	9280	0.910333	FALSE	ORF1ab:cds-YP_009724389.1	ACA	T	ACG	T	3287
NC_045512.2	10126	A	G	9275	1469	35	5	1	30	0.000538793	9280	0.910333	FALSE	ORF1ab:cds-YP_009725295.1	ACA	T	ACG	T	3287
NC_045512.2	10127	A	G	9610	1467	35	1	0	34	0.000104047	9611	0.999026	FALSE	ORF1ab:cds-YP_009724389.1	ACT	T	GCT	A	3288
NC_045512.2	10127	A	G	9610	1467	35	1	0	34	0.000104047	9611	0.999026	FALSE	ORF1ab:cds-YP_009725295.1	ACT	T	GCT	A	3288
NC_045512.2	10128	C	G	9630	1523	35	1	0	26	0.000103821	9632	1	FALSE	ORF1ab:cds-YP_009724389.1	ACT	T	AGT	S	3288
NC_045512.2	10128	C	G	9630	1523	35	1	0	26	0.000103821	9632	1	FALSE	ORF1ab:cds-YP_009725295.1	ACT	T	AGT	S	3288
NC_045512.2	10128	C	A	9630	1523	35	1	0	34	0.000103821	9632	0.999026	FALSE	ORF1ab:cds-YP_009724389.1	ACT	T	AAT	N	3288
NC_045512.2	10128	C	A	9630	1523	35	1	0	34	0.000103821	9632	0.999026	FALSE	ORF1ab:cds-YP_009725295.1	ACT	T	AAT	N	3288
NC_045512.2	10130	A	G	9760	1477	35	2	0	34	0.000204876	9762	0.994154	FALSE	ORF1ab:cds-YP_009724389.1	ACA	T	GCA	A	3289
NC_045512.2	10130	A	G	9760	1477	35	2	0	34	0.000204876	9762	0.994154	FALSE	ORF1ab:cds-YP_009725295.1	ACA	T	GCA	A	3289
NC_045512.2	10131	C	G	9852	1479	35	6	0	31	0.000608396	9862	0.849075	FALSE	ORF1ab:cds-YP_009724389.1	ACA	T	AGA	R	3289
NC_045512.2	10131	C	G	9852	1479	35	6	0	31	0.000608396	9862	0.849075	FALSE	ORF1ab:cds-YP_009725295.1	ACA	T	AGA	R	3289
NC_045512.2	10131	C	A	9852	1479	35	4	1	32	0.000405597	9862	0.953822	FALSE	ORF1ab:cds-YP_009724389.1	ACA	T	AAA	K	3289
NC_045512.2	10131	C	A	9852	1479	35	4	1	32	0.000405597	9862	0.953822	FALSE	ORF1ab:cds-YP_009725295.1	ACA	T	AAA	K	3289
NC_045512.2	10132	A	T	9972	1471	35	1	0	26	0.000100271	9973	1	FALSE	ORF1ab:cds-YP_009724389.1	ACA	T	ACT	T	3289
NC_045512.2	10132	A	T	9972	1471	35	1	0	26	0.000100271	9973	1	FALSE	ORF1ab:cds-YP_009725295.1	ACA	T	ACT	T	3289
NC_045512.2	10133	C	T	10073	1469	35	1	0	34	9.92654e-05	10074	0.999513	FALSE	ORF1ab:cds-YP_009724389.1	CTT	L	TTT	F	3290
NC_045512.2	10133	C	T	10073	1469	35	1	0	34	9.92654e-05	10074	0.999513	FALSE	ORF1ab:cds-YP_009725295.1	CTT	L	TTT	F	3290
NC_045512.2	10136	A	G	9858	1304	35	3	0	31	0.000304198	9862	0.980741	FALSE	ORF1ab:cds-YP_009724389.1	AAC	N	GAC	D	3291
NC_045512.2	10136	A	G	9858	1304	35	3	0	31	0.000304198	9862	0.980741	FALSE	ORF1ab:cds-YP_009725295.1	AAC	N	GAC	D	3291
NC_045512.2	10136	A	C	9858	1304	35	1	0	26	0.000101399	9862	1	FALSE	ORF1ab:cds-YP_009724389.1	AAC	N	CAC	H	3291
NC_045512.2	10136	A	C	9858	1304	35	1	0	26	0.000101399	9862	1	FALSE	ORF1ab:cds-YP_009725295.1	AAC	N	CAC	H	3291
NC_045512.2	10137	A	G	8635	1304	34	1	0	34	0.000115794	8636	0.998052	FALSE	ORF1ab:cds-YP_009724389.1	AAC	N	AGC	S	3291
NC_045512.2	10137	A	G	8635	1304	34	1	0	34	0.000115794	8636	0.998052	FALSE	ORF1ab:cds-YP_009725295.1	AAC	N	AGC	S	3291
NC_045512.2	10138	C	G	9963	1327	36	1	0	34	0.000100361	9964	0.999026	FALSE	ORF1ab:cds-YP_009724389.1	AAC	N	AAG	K	3291
NC_045512.2	10138	C	G	9963	1327	36	1	0	34	0.000100361	9964	0.999026	FALSE	ORF1ab:cds-YP_009725295.1	AAC	N	AAG	K	3291
NC_045512.2	10143	T	C	10337	1290	36	1	0	34	9.67305e-05	10338	0.999513	FALSE	ORF1ab:cds-YP_009724389.1	CTT	L	CCT	P	3293
NC_045512.2	10143	T	C	10337	1290	36	1	0	34	9.67305e-05	10338	0.999513	FALSE	ORF1ab:cds-YP_009725295.1	CTT	L	CCT	P	3293
NC_045512.2	10144	T	G	10286	1291	36	1	0	26	9.72101e-05	10287	1	FALSE	ORF1ab:cds-YP_009724389.1	CTT	L	CTG	L	3293
NC_045512.2	10144	T	G	10286	1291	36	1	0	26	9.72101e-05	10287	1	FALSE	ORF1ab:cds-YP_009725295.1	CTT	L	CTG	L	3293
NC_045512.2	10146	G	T	10427	1341	36	2	1	34	0.000191755	10430	0.996833	FALSE	ORF1ab:cds-YP_009724389.1	TGG	W	TTG	L	3294
NC_045512.2	10146	G	T	10427	1341	36	2	1	34	0.000191755	10430	0.996833	FALSE	ORF1ab:cds-YP_009725295.1	TGG	W	TTG	L	3294
NC_045512.2	10146	G	A	10427	1341	36	1	0	26	9.58773e-05	10430	1	FALSE	ORF1ab:cds-YP_009724389.1	TGG	W	TAG	*	3294
NC_045512.2	10146	G	A	10427	1341	36	1	0	26	9.58773e-05	10430	1	FALSE	ORF1ab:cds-YP_009725295.1	TGG	W	TAG	*	3294
NC_045512.2	10147	G	C	9962	883	36	1	0	34	0.000100361	9964	0.999026	FALSE	ORF1ab:cds-YP_009724389.1	TGG	W	TGC	C	3294
NC_045512.2	10147	G	C	9962	883	36	1	0	34	0.000100361	9964	0.999026	FALSE	ORF1ab:cds-YP_009725295.1	TGG	W	TGC	C	3294
NC_045512.2	10147	G	A	9962	883	36	1	0	34	0.000100361	9964	0.999026	FALSE	ORF1ab:cds-YP_009724389.1	TGG	W	TGA	*	3294
NC_045512.2	10147	G	A	9962	883	36	1	0	34	0.000100361	9964	0.999026	FALSE	ORF1ab:cds-YP_009725295.1	TGG	W	TGA	*	3294
NC_045512.2	10149	T	G	9885	876	36	1	0	34	0.000101153	9886	0.999026	FALSE	ORF1ab:cds-YP_009724389.1	CTT	L	CGT	R	3295
NC_045512.2	10149	T	G	9885	876	36	1	0	34	0.000101153	9886	0.999026	FALSE	ORF1ab:cds-YP_009725295.1	CTT	L	CGT	R	3295
NC_045512.2	10150	T	G	9973	902	36	1	0	34	0.00010022	9978	0.999024	FALSE	ORF1ab:cds-YP_009724389.1	CTT	L	CTG	L	3295
NC_045512.2	10150	T	G	9973	902	36	1	0	34	0.00010022	9978	0.999024	FALSE	ORF1ab:cds-YP_009725295.1	CTT	L	CTG	L	3295
NC_045512.2	10150	T	C	9973	902	36	2	0	51	0.000200441	9978	0.249937	FALSE	ORF1ab:cds-YP_009724389.1	CTT	L	CTC	L	3295
NC_045512.2	10150	T	C	9973	902	36	2	0	51	0.000200441	9978	0.249937	FALSE	ORF1ab:cds-YP_009725295.1	CTT	L	CTC	L	3295
NC_045512.2	10150	T	A	9973	902	36	2	0	30	0.000200441	9978	0.994146	FALSE	ORF1ab:cds-YP_009724389.1	CTT	L	CTA	L	3295
NC_045512.2	10150	T	A	9973	902	36	2	0	30	0.000200441	9978	0.994146	FALSE	ORF1ab:cds-YP_009725295.1	CTT	L	CTA	L	3295
NC_045512.2	10152	A	G	9995	928	36	3	0	31	0.00030006	9998	0.980749	FALSE	ORF1ab:cds-YP_009724389.1	GAT	D	GGT	G	3296
NC_045512.2	10152	A	G	9995	928	36	3	0	31	0.00030006	9998	0.980749	FALSE	ORF1ab:cds-YP_009725295.1	GAT	D	GGT	G	3296
NC_045512.2	10153	T	C	10079	935	36	3	0	34	0.00029756	10082	0.988795	FALSE	ORF1ab:cds-YP_009724389.1	GAT	D	GAC	D	3296
NC_045512.2	10153	T	C	10079	935	36	3	0	34	0.00029756	10082	0.988795	FALSE	ORF1ab:cds-YP_009725295.1	GAT	D	GAC	D	3296
NC_045512.2	10154	G	T	10118	937	36	1	0	34	9.88142e-05	10120	0.999513	FALSE	ORF1ab:cds-YP_009724389.1	GAC	D	TAC	Y	3297
NC_045512.2	10154	G	T	10118	937	36	1	0	34	9.88142e-05	10120	0.999513	FALSE	ORF1ab:cds-YP_009725295.1	GAC	D	TAC	Y	3297
NC_045512.2	10154	G	A	10118	937	36	1	0	26	9.88142e-05	10120	1	FALSE	ORF1ab:cds-YP_009724389.1	GAC	D	AAC	N	3297
NC_045512.2	10154	G	A	10118	937	36	1	0	26	9.88142e-05	10120	1	FALSE	ORF1ab:cds-YP_009725295.1	GAC	D	AAC	N	3297
NC_045512.2	10155	A	G	9957	931	36	5	0	34	0.000501907	9962	0.910325	FALSE	ORF1ab:cds-YP_009724389.1	GAC	D	GGC	G	3297
NC_045512.2	10155	A	G	9957	931	36	5	0	34	0.000501907	9962	0.910325	FALSE	ORF1ab:cds-YP_009725295.1	GAC	D	GGC	G	3297
NC_045512.2	10157	G	T	10476	946	36	2	0	30	0.000190858	10479	0.996833	FALSE	ORF1ab:cds-YP_009724389.1	GTA	V	TTA	L	3298
NC_045512.2	10157	G	T	10476	946	36	2	0	30	0.000190858	10479	0.996833	FALSE	ORF1ab:cds-YP_009725295.1	GTA	V	TTA	L	3298
NC_045512.2	10157	G	A	10476	946	36	1	0	26	9.5429e-05	10479	1	FALSE	ORF1ab:cds-YP_009724389.1	GTA	V	ATA	I	3298
NC_045512.2	10157	G	A	10476	946	36	1	0	26	9.5429e-05	10479	1	FALSE	ORF1ab:cds-YP_009725295.1	GTA	V	ATA	I	3298
NC_045512.2	10158	T	C	10436	937	36	1	0	68	9.5813e-05	10437	0.500024	FALSE	ORF1ab:cds-YP_009724389.1	GTA	V	GCA	A	3298
NC_045512.2	10158	T	C	10436	937	36	1	0	68	9.5813e-05	10437	0.500024	FALSE	ORF1ab:cds-YP_009725295.1	GTA	V	GCA	A	3298
NC_045512.2	10159	A	G	10558	949	36	1	0	34	9.47059e-05	10559	0.999513	FALSE	ORF1ab:cds-YP_009724389.1	GTA	V	GTG	V	3298
NC_045512.2	10159	A	G	10558	949	36	1	0	34	9.47059e-05	10559	0.999513	FALSE	ORF1ab:cds-YP_009725295.1	GTA	V	GTG	V	3298
NC_045512.2	10160	G	T	10762	951	36	1	0	26	9.29023e-05	10764	1	FALSE	ORF1ab:cds-YP_009724389.1	GTT	V	TTT	F	3299
NC_045512.2	10160	G	T	10762	951	36	1	0	26	9.29023e-05	10764	1	FALSE	ORF1ab:cds-YP_009725295.1	GTT	V	TTT	F	3299
NC_045512.2	10160	G	A	10762	951	36	1	0	34	9.29023e-05	10764	0.999513	FALSE	ORF1ab:cds-YP_009724389.1	GTT	V	ATT	I	3299
NC_045512.2	10160	G	A	10762	951	36	1	0	34	9.29023e-05	10764	0.999513	FALSE	ORF1ab:cds-YP_009725295.1	GTT	V	ATT	I	3299
NC_045512.2	10161	T	G	10452	703	35	1	0	34	9.56663e-05	10453	0.999513	FALSE	ORF1ab:cds-YP_009724389.1	GTT	V	GGT	G	3299
NC_045512.2	10161	T	G	10452	703	35	1	0	34	9.56663e-05	10453	0.999513	FALSE	ORF1ab:cds-YP_009725295.1	GTT	V	GGT	G	3299
NC_045512.2	10162	T	A	10729	992	36	2	0	30	0.000186376	10731	0.996834	FALSE	ORF1ab:cds-YP_009724389.1	GTT	V	GTA	V	3299
NC_045512.2	10162	T	A	10729	992	36	2	0	30	0.000186376	10731	0.996834	FALSE	ORF1ab:cds-YP_009725295.1	GTT	V	GTA	V	3299
NC_045512.2	10163	T	C	10767	1023	36	2	0	34	0.000185718	10769	0.996834	FALSE	ORF1ab:cds-YP_009724389.1	TAC	Y	CAC	H	3300
NC_045512.2	10163	T	C	10767	1023	36	2	0	34	0.000185718	10769	0.996834	FALSE	ORF1ab:cds-YP_009725295.1	TAC	Y	CAC	H	3300
NC_045512.2	10164	A	G	10858	1099	37	1	1	68	9.2081e-05	10860	0.5	FALSE	ORF1ab:cds-YP_009724389.1	TAC	Y	TGC	C	3300
NC_045512.2	10164	A	G	10858	1099	37	1	1	68	9.2081e-05	10860	0.5	FALSE	ORF1ab:cds-YP_009725295.1	TAC	Y	TGC	C	3300
NC_045512.2	10164	A	C	10858	1099	37	1	0	34	9.2081e-05	10860	0.999513	FALSE	ORF1ab:cds-YP_009724389.1	TAC	Y	TCC	S	3300
NC_045512.2	10164	A	C	10858	1099	37	1	0	34	9.2081e-05	10860	0.999513	FALSE	ORF1ab:cds-YP_009725295.1	TAC	Y	TCC	S	3300
NC_045512.2	10165	C	G	10836	1105	37	2	0	30	0.000184536	10838	0.996834	FALSE	ORF1ab:cds-YP_009724389.1	TAC	Y	TAG	*	3300
NC_045512.2	10165	C	G	10836	1105	37	2	0	30	0.000184536	10838	0.996834	FALSE	ORF1ab:cds-YP_009725295.1	TAC	Y	TAG	*	3300
NC_045512.2	10167	G	T	11771	1121	37	3	0	28	0.000254755	11776	1	FALSE	ORF1ab:cds-YP_009724389.1	TGT	C	TTT	F	3301
NC_045512.2	10167	G	T	11771	1121	37	3	0	28	0.000254755	11776	1	FALSE	ORF1ab:cds-YP_009725295.1	TGT	C	TTT	F	3301
NC_045512.2	10167	G	A	11771	1121	37	2	1	51	0.000169837	11776	0.249947	FALSE	ORF1ab:cds-YP_009724389.1	TGT	C	TAT	Y	3301
NC_045512.2	10167	G	A	11771	1121	37	2	1	51	0.000169837	11776	0.249947	FALSE	ORF1ab:cds-YP_009725295.1	TGT	C	TAT	Y	3301
NC_045512.2	10168	T	G	11767	1126	37	1	0	34	8.49545e-05	11771	0.999756	FALSE	ORF1ab:cds-YP_009724389.1	TGT	C	TGG	W	3301
NC_045512.2	10168	T	G	11767	1126	37	1	0	34	8.49545e-05	11771	0.999756	FALSE	ORF1ab:cds-YP_009725295.1	TGT	C	TGG	W	3301
NC_045512.2	10168	T	C	11767	1126	37	2	1	34	0.000169909	11771	0.998294	FALSE	ORF1ab:cds-YP_009724389.1	TGT	C	TGC	C	3301
NC_045512.2	10168	T	C	11767	1126	37	2	1	34	0.000169909	11771	0.998294	FALSE	ORF1ab:cds-YP_009725295.1	TGT	C	TGC	C	3301
NC_045512.2	10168	T	A	11767	1126	37	1	0	26	8.49545e-05	11771	1	FALSE	ORF1ab:cds-YP_009724389.1	TGT	C	TGA	*	3301
NC_045512.2	10168	T	A	11767	1126	37	1	0	26	8.49545e-05	11771	1	FALSE	ORF1ab:cds-YP_009725295.1	TGT	C	TGA	*	3301
NC_045512.2	10170	C	A	11703	1389	38	1	0	26	8.54409e-05	11704	1	FALSE	ORF1ab:cds-YP_009724389.1	CCA	P	CAA	Q	3302
NC_045512.2	10170	C	A	11703	1389	38	1	0	26	8.54409e-05	11704	1	FALSE	ORF1ab:cds-YP_009725295.1	CCA	P	CAA	Q	3302
NC_045512.2	10171	A	G	11147	1396	37	1	0	26	8.97022e-05	11148	1	FALSE	ORF1ab:cds-YP_009724389.1	CCA	P	CCG	P	3302
NC_045512.2	10171	A	G	11147	1396	37	1	0	26	8.97022e-05	11148	1	FALSE	ORF1ab:cds-YP_009725295.1	CCA	P	CCG	P	3302
NC_045512.2	10172	A	T	11904	1403	38	2	2	34	0.000167983	11906	0.998296	FALSE	ORF1ab:cds-YP_009724389.1	AGA	R	TGA	*	3303
NC_045512.2	10172	A	T	11904	1403	38	2	2	34	0.000167983	11906	0.998296	FALSE	ORF1ab:cds-YP_009725295.1	AGA	R	TGA	*	3303
NC_045512.2	10173	G	T	12174	1414	38	1	0	26	8.21355e-05	12175	1	FALSE	ORF1ab:cds-YP_009724389.1	AGA	R	ATA	I	3303
NC_045512.2	10173	G	T	12174	1414	38	1	0	26	8.21355e-05	12175	1	FALSE	ORF1ab:cds-YP_009725295.1	AGA	R	ATA	I	3303
NC_045512.2	10174	A	T	10330	1489	37	4	0	30	0.000387072	10334	0.971367	FALSE	ORF1ab:cds-YP_009724389.1	AGA	R	AGT	S	3303
NC_045512.2	10174	A	T	10330	1489	37	4	0	30	0.000387072	10334	0.971367	FALSE	ORF1ab:cds-YP_009725295.1	AGA	R	AGT	S	3303
NC_045512.2	10177	T	C	12394	1529	38	1	0	34	8.06647e-05	12397	0.999878	FALSE	ORF1ab:cds-YP_009724389.1	CAT	H	CAC	H	3304
NC_045512.2	10177	T	C	12394	1529	38	1	0	34	8.06647e-05	12397	0.999878	FALSE	ORF1ab:cds-YP_009725295.1	CAT	H	CAC	H	3304
NC_045512.2	10177	T	A	12394	1529	38	2	0	30	0.000161329	12397	0.999087	FALSE	ORF1ab:cds-YP_009724389.1	CAT	H	CAA	Q	3304
NC_045512.2	10177	T	A	12394	1529	38	2	0	30	0.000161329	12397	0.999087	FALSE	ORF1ab:cds-YP_009725295.1	CAT	H	CAA	Q	3304
NC_045512.2	10178	G	A	12456	1536	38	1	0	34	8.02761e-05	12457	0.999878	FALSE	ORF1ab:cds-YP_009724389.1	GTG	V	ATG	M	3305
NC_045512.2	10178	G	A	12456	1536	38	1	0	34	8.02761e-05	12457	0.999878	FALSE	ORF1ab:cds-YP_009725295.1	GTG	V	ATG	M	3305
NC_045512.2	10179	T	C	12383	1620	39	2	0	34	0.000161473	12386	0.999087	FALSE	ORF1ab:cds-YP_009724389.1	GTG	V	GCG	A	3305
NC_045512.2	10179	T	C	12383	1620	39	2	0	34	0.000161473	12386	0.999087	FALSE	ORF1ab:cds-YP_009725295.1	GTG	V	GCG	A	3305
NC_045512.2	10179	T	A	12383	1620	39	1	0	26	8.07363e-05	12386	1	FALSE	ORF1ab:cds-YP_009724389.1	GTG	V	GAG	E	3305
NC_045512.2	10179	T	A	12383	1620	39	1	0	26	8.07363e-05	12386	1	FALSE	ORF1ab:cds-YP_009725295.1	GTG	V	GAG	E	3305
NC_045512.2	10181	A	G	12806	1619	39	2	1	51	0.000156152	12808	0.25001	FALSE	ORF1ab:cds-YP_009724389.1	ATC	I	GTC	V	3306
NC_045512.2	10181	A	G	12806	1619	39	2	1	51	0.000156152	12808	0.25001	FALSE	ORF1ab:cds-YP_009725295.1	ATC	I	GTC	V	3306
NC_045512.2	10182	T	C	12759	1607	39	1	0	34	7.83699e-05	12760	0.999878	FALSE	ORF1ab:cds-YP_009724389.1	ATC	I	ACC	T	3306
NC_045512.2	10182	T	C	12759	1607	39	1	0	34	7.83699e-05	12760	0.999878	FALSE	ORF1ab:cds-YP_009725295.1	ATC	I	ACC	T	3306
NC_045512.2	10184	T	C	12533	1682	39	3	1	26	0.000239311	12536	1	FALSE	ORF1ab:cds-YP_009724389.1	TGC	C	CGC	R	3307
NC_045512.2	10184	T	C	12533	1682	39	3	1	26	0.000239311	12536	1	FALSE	ORF1ab:cds-YP_009725295.1	TGC	C	CGC	R	3307
NC_045512.2	10185	G	T	12712	1678	39	1	0	34	7.86473e-05	12715	0.999878	FALSE	ORF1ab:cds-YP_009724389.1	TGC	C	TTC	F	3307
NC_045512.2	10185	G	T	12712	1678	39	1	0	34	7.86473e-05	12715	0.999878	FALSE	ORF1ab:cds-YP_009725295.1	TGC	C	TTC	F	3307
NC_045512.2	10185	G	A	12712	1678	39	2	0	34	0.000157295	12715	0.999087	FALSE	ORF1ab:cds-YP_009724389.1	TGC	C	TAC	Y	3307
NC_045512.2	10185	G	A	12712	1678	39	2	0	34	0.000157295	12715	0.999087	FALSE	ORF1ab:cds-YP_009725295.1	TGC	C	TAC	Y	3307
NC_045512.2	10186	C	A	12547	1699	39	1	0	34	7.9694e-05	12548	0.999878	FALSE	ORF1ab:cds-YP_009724389.1	TGC	C	TGA	*	3307
NC_045512.2	10186	C	A	12547	1699	39	1	0	34	7.9694e-05	12548	0.999878	FALSE	ORF1ab:cds-YP_009725295.1	TGC	C	TGA	*	3307
NC_045512.2	10187	A	C	12531	1686	39	1	1	27	7.97957e-05	12532	1	FALSE	ORF1ab:cds-YP_009724389.1	ACC	T	CCC	P	3308
NC_045512.2	10187	A	C	12531	1686	39	1	1	27	7.97957e-05	12532	1	FALSE	ORF1ab:cds-YP_009725295.1	ACC	T	CCC	P	3308
NC_045512.2	10188	C	A	13095	1689	39	1	0	34	7.63592e-05	13096	0.999939	FALSE	ORF1ab:cds-YP_009724389.1	ACC	T	AAC	N	3308
NC_045512.2	10188	C	A	13095	1689	39	1	0	34	7.63592e-05	13096	0.999939	FALSE	ORF1ab:cds-YP_009725295.1	ACC	T	AAC	N	3308
NC_045512.2	10190	T	C	12873	1764	39	2	0	47	0.000155328	12876	0.5	FALSE	ORF1ab:cds-YP_009724389.1	TCT	S	CCT	P	3309
NC_045512.2	10190	T	C	12873	1764	39	2	0	47	0.000155328	12876	0.5	FALSE	ORF1ab:cds-YP_009725295.1	TCT	S	CCT	P	3309
NC_045512.2	10190	T	A	12873	1764	39	1	1	26	7.76639e-05	12876	1	FALSE	ORF1ab:cds-YP_009724389.1	TCT	S	ACT	T	3309
NC_045512.2	10190	T	A	12873	1764	39	1	1	26	7.76639e-05	12876	1	FALSE	ORF1ab:cds-YP_009725295.1	TCT	S	ACT	T	3309
NC_045512.2	10191	C	T	12040	1960	39	1	0	34	8.30427e-05	12042	0.999878	FALSE	ORF1ab:cds-YP_009724389.1	TCT	S	TTT	F	3309
NC_045512.2	10191	C	T	12040	1960	39	1	0	34	8.30427e-05	12042	0.999878	FALSE	ORF1ab:cds-YP_009725295.1	TCT	S	TTT	F	3309
NC_045512.2	10191	C	A	12040	1960	39	1	0	34	8.30427e-05	12042	0.999878	FALSE	ORF1ab:cds-YP_009724389.1	TCT	S	TAT	Y	3309
NC_045512.2	10191	C	A	12040	1960	39	1	0	34	8.30427e-05	12042	0.999878	FALSE	ORF1ab:cds-YP_009725295.1	TCT	S	TAT	Y	3309
NC_045512.2	10194	A	G	12056	2005	39	3	1	56	0.000248777	12059	0.125	FALSE	ORF1ab:cds-YP_009724389.1	GAA	E	GGA	G	3310
NC_045512.2	10194	A	G	12056	2005	39	3	1	56	0.000248777	12059	0.125	FALSE	ORF1ab:cds-YP_009725295.1	GAA	E	GGA	G	3310
NC_045512.2	10195	A	T	11987	2026	39	1	0	34	8.34168e-05	11988	0.999757	FALSE	ORF1ab:cds-YP_009724389.1	GAA	E	GAT	D	3310
NC_045512.2	10195	A	T	11987	2026	39	1	0	34	8.34168e-05	11988	0.999757	FALSE	ORF1ab:cds-YP_009725295.1	GAA	E	GAT	D	3310
NC_045512.2	10197	A	G	10770	2054	38	1	0	34	9.28419e-05	10771	0.999513	FALSE	ORF1ab:cds-YP_009724389.1	GAC	D	GGC	G	3311
NC_045512.2	10197	A	G	10770	2054	38	1	0	34	9.28419e-05	10771	0.999513	FALSE	ORF1ab:cds-YP_009725295.1	GAC	D	GGC	G	3311
NC_045512.2	10198	C	T	1	0	34	11374	2038	39	0.999824	11376	0	TRUE	ORF1ab:cds-YP_009724389.1	GAC	D	GAT	D	3311
NC_045512.2	10198	C	T	1	0	34	11374	2038	39	0.999824	11376	0	TRUE	ORF1ab:cds-YP_009725295.1	GAC	D	GAT	D	3311
NC_045512.2	10198	C	A	1	0	34	1	0	34	8.79044e-05	11376	0.0021085	TRUE	ORF1ab:cds-YP_009724389.1	GAC	D	GAA	E	3311
NC_045512.2	10198	C	A	1	0	34	1	0	34	8.79044e-05	11376	0.0021085	TRUE	ORF1ab:cds-YP_009725295.1	GAC	D	GAA	E	3311
NC_045512.2	10199	A	G	10310	2067	38	1	1	34	9.69838e-05	10311	0.999513	FALSE	ORF1ab:cds-YP_009724389.1	ATG	M	GTG	V	3312
NC_045512.2	10199	A	G	10310	2067	38	1	1	34	9.69838e-05	10311	0.999513	FALSE	ORF1ab:cds-YP_009725295.1	ATG	M	GTG	V	3312
NC_045512.2	10200	T	G	10858	2062	39	3	0	27	0.000276167	10863	1	FALSE	ORF1ab:cds-YP_009724389.1	ATG	M	AGG	R	3312
NC_045512.2	10200	T	G	10858	2062	39	3	0	27	0.000276167	10863	1	FALSE	ORF1ab:cds-YP_009725295.1	ATG	M	AGG	R	3312
NC_045512.2	10200	T	C	10858	2062	39	2	0	34	0.000184111	10863	0.99683	FALSE	ORF1ab:cds-YP_009724389.1	ATG	M	ACG	T	3312
NC_045512.2	10200	T	C	10858	2062	39	2	0	34	0.000184111	10863	0.99683	FALSE	ORF1ab:cds-YP_009725295.1	ATG	M	ACG	T	3312
NC_045512.2	10202	C	T	10178	2271	38	1	0	34	9.82415e-05	10179	0.999513	FALSE	ORF1ab:cds-YP_009724389.1	CTT	L	TTT	F	3313
NC_045512.2	10202	C	T	10178	2271	38	1	0	34	9.82415e-05	10179	0.999513	FALSE	ORF1ab:cds-YP_009725295.1	CTT	L	TTT	F	3313
NC_045512.2	10203	T	C	10145	2211	38	1	0	34	9.85513e-05	10147	0.999513	FALSE	ORF1ab:cds-YP_009724389.1	CTT	L	CCT	P	3313
NC_045512.2	10203	T	C	10145	2211	38	1	0	34	9.85513e-05	10147	0.999513	FALSE	ORF1ab:cds-YP_009725295.1	CTT	L	CCT	P	3313
NC_045512.2	10203	T	A	10145	2211	38	1	0	34	9.85513e-05	10147	0.999513	FALSE	ORF1ab:cds-YP_009724389.1	CTT	L	CAT	H	3313
NC_045512.2	10203	T	A	10145	2211	38	1	0	34	9.85513e-05	10147	0.999513	FALSE	ORF1ab:cds-YP_009725295.1	CTT	L	CAT	H	3313
NC_045512.2	10204	T	C	10021	2203	38	1	0	34	9.97705e-05	10023	0.999513	FALSE	ORF1ab:cds-YP_009724389.1	CTT	L	CTC	L	3313
NC_045512.2	10204	T	C	10021	2203	38	1	0	34	9.97705e-05	10023	0.999513	FALSE	ORF1ab:cds-YP_009725295.1	CTT	L	CTC	L	3313
NC_045512.2	10204	T	A	10021	2203	38	1	0	34	9.97705e-05	10023	0.999513	FALSE	ORF1ab:cds-YP_009724389.1	CTT	L	CTA	L	3313
NC_045512.2	10204	T	A	10021	2203	38	1	0	34	9.97705e-05	10023	0.999513	FALSE	ORF1ab:cds-YP_009725295.1	CTT	L	CTA	L	3313
NC_045512.2	10205	A	G	9975	2200	38	2	0	30	0.000200461	9977	0.994154	FALSE	ORF1ab:cds-YP_009724389.1	AAC	N	GAC	D	3314
NC_045512.2	10205	A	G	9975	2200	38	2	0	30	0.000200461	9977	0.994154	FALSE	ORF1ab:cds-YP_009725295.1	AAC	N	GAC	D	3314
NC_045512.2	10207	C	T	9655	2441	38	1	1	68	0.000103563	9656	0.500026	FALSE	ORF1ab:cds-YP_009724389.1	AAC	N	AAT	N	3314
NC_045512.2	10207	C	T	9655	2441	38	1	1	68	0.000103563	9656	0.500026	FALSE	ORF1ab:cds-YP_009725295.1	AAC	N	AAT	N	3314
NC_045512.2	10209	C	T	9453	2453	38	1	0	34	0.000105764	9455	0.999026	FALSE	ORF1ab:cds-YP_009724389.1	CCT	P	CTT	L	3315
NC_045512.2	10209	C	T	9453	2453	38	1	0	34	0.000105764	9455	0.999026	FALSE	ORF1ab:cds-YP_009725295.1	CCT	P	CTT	L	3315
NC_045512.2	10209	C	A	9453	2453	38	1	1	34	0.000105764	9455	0.999026	FALSE	ORF1ab:cds-YP_009724389.1	CCT	P	CAT	H	3315
NC_045512.2	10209	C	A	9453	2453	38	1	1	34	0.000105764	9455	0.999026	FALSE	ORF1ab:cds-YP_009725295.1	CCT	P	CAT	H	3315
NC_045512.2	10210	T	G	8892	2281	36	12	4	36	0.00134725	8907	0.251439	FALSE	ORF1ab:cds-YP_009724389.1	CCT	P	CCG	P	3315
NC_045512.2	10210	T	G	8892	2281	36	12	4	36	0.00134725	8907	0.251439	FALSE	ORF1ab:cds-YP_009725295.1	CCT	P	CCG	P	3315
NC_045512.2	10210	T	C	8892	2281	36	3	1	56	0.000336814	8907	0.124747	FALSE	ORF1ab:cds-YP_009724389.1	CCT	P	CCC	P	3315
NC_045512.2	10210	T	C	8892	2281	36	3	1	56	0.000336814	8907	0.124747	FALSE	ORF1ab:cds-YP_009725295.1	CCT	P	CCC	P	3315
NC_045512.2	10213	T	G	9328	2442	38	1	0	26	0.000107193	9329	1	FALSE	ORF1ab:cds-YP_009724389.1	AAT	N	AAG	K	3316
NC_045512.2	10213	T	G	9328	2442	38	1	0	26	0.000107193	9329	1	FALSE	ORF1ab:cds-YP_009725295.1	AAT	N	AAG	K	3316
NC_045512.2	10214	T	A	9129	2395	37	1	0	26	0.000109529	9130	1	FALSE	ORF1ab:cds-YP_009724389.1	TAT	Y	AAT	N	3317
NC_045512.2	10214	T	A	9129	2395	37	1	0	26	0.000109529	9130	1	FALSE	ORF1ab:cds-YP_009725295.1	TAT	Y	AAT	N	3317
NC_045512.2	10216	T	C	9182	2352	38	1	1	34	0.000108897	9183	0.999026	FALSE	ORF1ab:cds-YP_009724389.1	TAT	Y	TAC	Y	3317
NC_045512.2	10216	T	C	9182	2352	38	1	1	34	0.000108897	9183	0.999026	FALSE	ORF1ab:cds-YP_009725295.1	TAT	Y	TAC	Y	3317
NC_045512.2	10217	G	A	9161	2464	38	1	0	34	0.000109146	9162	0.999026	FALSE	ORF1ab:cds-YP_009724389.1	GAA	E	AAA	K	3318
NC_045512.2	10217	G	A	9161	2464	38	1	0	34	0.000109146	9162	0.999026	FALSE	ORF1ab:cds-YP_009725295.1	GAA	E	AAA	K	3318
NC_045512.2	10218	A	G	9045	2480	37	3	0	31	0.000331565	9048	0.980753	FALSE	ORF1ab:cds-YP_009724389.1	GAA	E	GGA	G	3318
NC_045512.2	10218	A	G	9045	2480	37	3	0	31	0.000331565	9048	0.980753	FALSE	ORF1ab:cds-YP_009725295.1	GAA	E	GGA	G	3318
NC_045512.2	10219	A	T	9026	2456	37	1	0	34	0.000110717	9032	0.999024	FALSE	ORF1ab:cds-YP_009724389.1	GAA	E	GAT	D	3318
NC_045512.2	10219	A	T	9026	2456	37	1	0	34	0.000110717	9032	0.999024	FALSE	ORF1ab:cds-YP_009725295.1	GAA	E	GAT	D	3318
NC_045512.2	10219	A	G	9026	2456	37	3	0	34	0.000332152	9032	0.980726	FALSE	ORF1ab:cds-YP_009724389.1	GAA	E	GAG	E	3318
NC_045512.2	10219	A	G	9026	2456	37	3	0	34	0.000332152	9032	0.980726	FALSE	ORF1ab:cds-YP_009725295.1	GAA	E	GAG	E	3318
NC_045512.2	10219	A	C	9026	2456	37	2	2	34	0.000221435	9032	0.994144	FALSE	ORF1ab:cds-YP_009724389.1	GAA	E	GAC	D	3318
NC_045512.2	10219	A	C	9026	2456	37	2	2	34	0.000221435	9032	0.994144	FALSE	ORF1ab:cds-YP_009725295.1	GAA	E	GAC	D	3318
NC_045512.2	10221	A	G	8936	2613	37	1	0	26	0.000111894	8937	1	FALSE	ORF1ab:cds-YP_009724389.1	GAT	D	GGT	G	3319
NC_045512.2	10221	A	G	8936	2613	37	1	0	26	0.000111894	8937	1	FALSE	ORF1ab:cds-YP_009725295.1	GAT	D	GGT	G	3319
NC_045512.2	10222	T	C	8983	2452	37	1	1	34	0.000111309	8984	0.998052	FALSE	ORF1ab:cds-YP_009724389.1	GAT	D	GAC	D	3319
NC_045512.2	10222	T	C	8983	2452	37	1	1	34	0.000111309	8984	0.998052	FALSE	ORF1ab:cds-YP_009725295.1	GAT	D	GAC	D	3319
NC_045512.2	10224	T	C	8901	2539	37	1	0	34	0.000112334	8902	0.998052	FALSE	ORF1ab:cds-YP_009724389.1	TTA	L	TCA	S	3320
NC_045512.2	10224	T	C	8901	2539	37	1	0	34	0.000112334	8902	0.998052	FALSE	ORF1ab:cds-YP_009725295.1	TTA	L	TCA	S	3320
NC_045512.2	10227	T	C	8408	3083	38	1	0	38	0.00011892	8409	0.998052	FALSE	ORF1ab:cds-YP_009724389.1	CTC	L	CCC	P	3321
NC_045512.2	10227	T	C	8408	3083	38	1	0	38	0.00011892	8409	0.998052	FALSE	ORF1ab:cds-YP_009725295.1	CTC	L	CCC	P	3321
NC_045512.2	10229	A	G	8068	3056	37	1	0	26	0.000123931	8069	1	FALSE	ORF1ab:cds-YP_009724389.1	ATT	I	GTT	V	3322
NC_045512.2	10229	A	G	8068	3056	37	1	0	26	0.000123931	8069	1	FALSE	ORF1ab:cds-YP_009725295.1	ATT	I	GTT	V	3322
NC_045512.2	10231	T	G	8386	3131	38	1	0	34	0.000119204	8389	0.99805	FALSE	ORF1ab:cds-YP_009724389.1	ATT	I	ATG	M	3322
NC_045512.2	10231	T	G	8386	3131	38	1	0	34	0.000119204	8389	0.99805	FALSE	ORF1ab:cds-YP_009725295.1	ATT	I	ATG	M	3322
NC_045512.2	10231	T	C	8386	3131	38	1	0	34	0.000119204	8389	0.99805	FALSE	ORF1ab:cds-YP_009724389.1	ATT	I	ATC	I	3322
NC_045512.2	10231	T	C	8386	3131	38	1	0	34	0.000119204	8389	0.99805	FALSE	ORF1ab:cds-YP_009725295.1	ATT	I	ATC	I	3322
NC_045512.2	10231	T	A	8386	3131	38	1	0	26	0.000119204	8389	1	FALSE	ORF1ab:cds-YP_009724389.1	ATT	I	ATA	I	3322
NC_045512.2	10231	T	A	8386	3131	38	1	0	26	0.000119204	8389	1	FALSE	ORF1ab:cds-YP_009725295.1	ATT	I	ATA	I	3322
NC_045512.2	10232	C	T	8427	3350	38	1	1	68	0.000118652	8428	0.50003	FALSE	ORF1ab:cds-YP_009724389.1	CGT	R	TGT	C	3323
NC_045512.2	10232	C	T	8427	3350	38	1	1	68	0.000118652	8428	0.50003	FALSE	ORF1ab:cds-YP_009725295.1	CGT	R	TGT	C	3323
NC_045512.2	10234	T	C	8367	3359	38	1	1	34	0.000119503	8368	0.998052	FALSE	ORF1ab:cds-YP_009724389.1	CGT	R	CGC	R	3323
NC_045512.2	10234	T	C	8367	3359	38	1	1	34	0.000119503	8368	0.998052	FALSE	ORF1ab:cds-YP_009725295.1	CGT	R	CGC	R	3323
NC_045512.2	10238	T	C	8446	3322	37	1	0	34	0.000118385	8447	0.998052	FALSE	ORF1ab:cds-YP_009724389.1	TCT	S	CCT	P	3325
NC_045512.2	10238	T	C	8446	3322	37	1	0	34	0.000118385	8447	0.998052	FALSE	ORF1ab:cds-YP_009725295.1	TCT	S	CCT	P	3325
NC_045512.2	10240	T	C	8214	3450	37	5	3	32	0.000608347	8219	0.866721	FALSE	ORF1ab:cds-YP_009724389.1	TCT	S	TCC	S	3325
NC_045512.2	10240	T	C	8214	3450	37	5	3	32	0.000608347	8219	0.866721	FALSE	ORF1ab:cds-YP_009725295.1	TCT	S	TCC	S	3325
NC_045512.2	10240	T	-A	8214	3450	37	1	0	20	0.000121669	8219	1	FALSE	NA	NA	NA	NA	NA	NA
NC_045512.2	10241	A	G	8209	3493	37	1	0	34	0.000121803	8210	0.998051	FALSE	ORF1ab:cds-YP_009724389.1	AAT	N	GAT	D	3326
NC_045512.2	10241	A	G	8209	3493	37	1	0	34	0.000121803	8210	0.998051	FALSE	ORF1ab:cds-YP_009725295.1	AAT	N	GAT	D	3326
NC_045512.2	10242	A	C	8171	3577	37	1	1	24	0.000122369	8172	1	FALSE	ORF1ab:cds-YP_009724389.1	AAT	N	ACT	T	3326
NC_045512.2	10242	A	C	8171	3577	37	1	1	24	0.000122369	8172	1	FALSE	ORF1ab:cds-YP_009725295.1	AAT	N	ACT	T	3326
NC_045512.2	10244	C	A	8381	3591	38	1	0	26	0.000119303	8382	1	FALSE	ORF1ab:cds-YP_009724389.1	CAT	H	AAT	N	3327
NC_045512.2	10244	C	A	8381	3591	38	1	0	26	0.000119303	8382	1	FALSE	ORF1ab:cds-YP_009725295.1	CAT	H	AAT	N	3327
NC_045512.2	10245	A	G	8235	3563	37	2	1	34	0.000242807	8237	0.989282	FALSE	ORF1ab:cds-YP_009724389.1	CAT	H	CGT	R	3327
NC_045512.2	10245	A	G	8235	3563	37	2	1	34	0.000242807	8237	0.989282	FALSE	ORF1ab:cds-YP_009725295.1	CAT	H	CGT	R	3327
NC_045512.2	10246	T	G	8229	3488	37	1	0	26	0.000121507	8230	1	FALSE	ORF1ab:cds-YP_009724389.1	CAT	H	CAG	Q	3327
NC_045512.2	10246	T	G	8229	3488	37	1	0	26	0.000121507	8230	1	FALSE	ORF1ab:cds-YP_009725295.1	CAT	H	CAG	Q	3327
NC_045512.2	10247	A	C	8246	3808	38	1	1	34	0.000121256	8247	0.998052	FALSE	ORF1ab:cds-YP_009724389.1	AAT	N	CAT	H	3328
NC_045512.2	10247	A	C	8246	3808	38	1	1	34	0.000121256	8247	0.998052	FALSE	ORF1ab:cds-YP_009725295.1	AAT	N	CAT	H	3328
NC_045512.2	10249	T	C	8669	3998	38	1	1	26	0.00011534	8670	1	FALSE	ORF1ab:cds-YP_009724389.1	AAT	N	AAC	N	3328
NC_045512.2	10249	T	C	8669	3998	38	1	1	26	0.00011534	8670	1	FALSE	ORF1ab:cds-YP_009725295.1	AAT	N	AAC	N	3328
NC_045512.2	10250	T	C	8644	4004	38	1	0	34	0.000115674	8645	0.998052	FALSE	ORF1ab:cds-YP_009724389.1	TTC	F	CTC	L	3329
NC_045512.2	10250	T	C	8644	4004	38	1	0	34	0.000115674	8645	0.998052	FALSE	ORF1ab:cds-YP_009725295.1	TTC	F	CTC	L	3329
NC_045512.2	10254	T	C	8607	3905	38	2	2	34	0.000232288	8610	0.989276	FALSE	ORF1ab:cds-YP_009724389.1	TTG	L	TCG	S	3330
NC_045512.2	10254	T	C	8607	3905	38	2	2	34	0.000232288	8610	0.989276	FALSE	ORF1ab:cds-YP_009725295.1	TTG	L	TCG	S	3330
NC_045512.2	10254	T	A	8607	3905	38	1	1	34	0.000116144	8610	0.99805	FALSE	ORF1ab:cds-YP_009724389.1	TTG	L	TAG	*	3330
NC_045512.2	10254	T	A	8607	3905	38	1	1	34	0.000116144	8610	0.99805	FALSE	ORF1ab:cds-YP_009725295.1	TTG	L	TAG	*	3330
NC_045512.2	10257	T	C	8887	4164	38	2	0	34	0.000224997	8889	0.98928	FALSE	ORF1ab:cds-YP_009724389.1	GTA	V	GCA	A	3331
NC_045512.2	10257	T	C	8887	4164	38	2	0	34	0.000224997	8889	0.98928	FALSE	ORF1ab:cds-YP_009725295.1	GTA	V	GCA	A	3331
NC_045512.2	10258	A	G	8761	4175	38	1	0	34	0.000114129	8762	0.998052	FALSE	ORF1ab:cds-YP_009724389.1	GTA	V	GTG	V	3331
NC_045512.2	10258	A	G	8761	4175	38	1	0	34	0.000114129	8762	0.998052	FALSE	ORF1ab:cds-YP_009725295.1	GTA	V	GTG	V	3331
NC_045512.2	10259	C	T	8648	4206	38	1	1	34	0.00011562	8649	0.998052	FALSE	ORF1ab:cds-YP_009724389.1	CAG	Q	TAG	*	3332
NC_045512.2	10259	C	T	8648	4206	38	1	1	34	0.00011562	8649	0.998052	FALSE	ORF1ab:cds-YP_009725295.1	CAG	Q	TAG	*	3332
NC_045512.2	10260	A	G	8549	4110	38	1	0	34	0.000116945	8551	0.998051	FALSE	ORF1ab:cds-YP_009724389.1	CAG	Q	CGG	R	3332
NC_045512.2	10260	A	G	8549	4110	38	1	0	34	0.000116945	8551	0.998051	FALSE	ORF1ab:cds-YP_009725295.1	CAG	Q	CGG	R	3332
NC_045512.2	10260	A	C	8549	4110	38	1	1	34	0.000116945	8551	0.998051	FALSE	ORF1ab:cds-YP_009724389.1	CAG	Q	CCG	P	3332
NC_045512.2	10260	A	C	8549	4110	38	1	1	34	0.000116945	8551	0.998051	FALSE	ORF1ab:cds-YP_009725295.1	CAG	Q	CCG	P	3332
NC_045512.2	10261	G	T	9081	4174	37	1	0	34	0.000110108	9082	0.999026	FALSE	ORF1ab:cds-YP_009724389.1	CAG	Q	CAT	H	3332
NC_045512.2	10261	G	T	9081	4174	37	1	0	34	0.000110108	9082	0.999026	FALSE	ORF1ab:cds-YP_009725295.1	CAG	Q	CAT	H	3332
NC_045512.2	10263	C	T	9608	4812	38	2	1	34	0.000208117	9610	0.994155	FALSE	ORF1ab:cds-YP_009724389.1	GCT	A	GTT	V	3333
NC_045512.2	10263	C	T	9608	4812	38	2	1	34	0.000208117	9610	0.994155	FALSE	ORF1ab:cds-YP_009725295.1	GCT	A	GTT	V	3333
NC_045512.2	10264	T	C	9590	4789	38	3	2	42	0.000312728	9593	0.125	FALSE	ORF1ab:cds-YP_009724389.1	GCT	A	GCC	A	3333
NC_045512.2	10264	T	C	9590	4789	38	3	2	42	0.000312728	9593	0.125	FALSE	ORF1ab:cds-YP_009725295.1	GCT	A	GCC	A	3333
NC_045512.2	10264	T	-G	9590	4789	38	1	0	20	0.000104243	9593	1	FALSE	NA	NA	NA	NA	NA	NA
NC_045512.2	10266	G	T	9585	4625	38	2	1	34	0.000208616	9587	0.994155	FALSE	ORF1ab:cds-YP_009724389.1	GGT	G	GTT	V	3334
NC_045512.2	10266	G	T	9585	4625	38	2	1	34	0.000208616	9587	0.994155	FALSE	ORF1ab:cds-YP_009725295.1	GGT	G	GTT	V	3334
NC_045512.2	10268	A	G	8977	4770	37	1	1	34	0.000111383	8978	0.998052	FALSE	ORF1ab:cds-YP_009724389.1	AAT	N	GAT	D	3335
NC_045512.2	10268	A	G	8977	4770	37	1	1	34	0.000111383	8978	0.998052	FALSE	ORF1ab:cds-YP_009725295.1	AAT	N	GAT	D	3335
NC_045512.2	10271	G	T	8730	4350	37	1	0	34	0.000114534	8731	0.998052	FALSE	ORF1ab:cds-YP_009724389.1	GTT	V	TTT	F	3336
NC_045512.2	10271	G	T	8730	4350	37	1	0	34	0.000114534	8731	0.998052	FALSE	ORF1ab:cds-YP_009725295.1	GTT	V	TTT	F	3336
NC_045512.2	10272	T	C	8582	4211	37	2	2	34	0.000232992	8584	0.989281	FALSE	ORF1ab:cds-YP_009724389.1	GTT	V	GCT	A	3336
NC_045512.2	10272	T	C	8582	4211	37	2	2	34	0.000232992	8584	0.989281	FALSE	ORF1ab:cds-YP_009725295.1	GTT	V	GCT	A	3336
NC_045512.2	10273	T	C	8576	4316	37	1	0	34	0.000116591	8577	0.998052	FALSE	ORF1ab:cds-YP_009724389.1	GTT	V	GTC	V	3336
NC_045512.2	10273	T	C	8576	4316	37	1	0	34	0.000116591	8577	0.998052	FALSE	ORF1ab:cds-YP_009725295.1	GTT	V	GTC	V	3336
NC_045512.2	10274	C	T	8456	4348	37	1	1	26	0.000118231	8458	1	FALSE	ORF1ab:cds-YP_009724389.1	CAA	Q	TAA	*	3337
NC_045512.2	10274	C	T	8456	4348	37	1	1	26	0.000118231	8458	1	FALSE	ORF1ab:cds-YP_009725295.1	CAA	Q	TAA	*	3337
NC_045512.2	10274	C	A	8456	4348	37	1	1	34	0.000118231	8458	0.998051	FALSE	ORF1ab:cds-YP_009724389.1	CAA	Q	AAA	K	3337
NC_045512.2	10274	C	A	8456	4348	37	1	1	34	0.000118231	8458	0.998051	FALSE	ORF1ab:cds-YP_009725295.1	CAA	Q	AAA	K	3337
NC_045512.2	10280	A	G	8071	4174	36	2	1	34	0.000247739	8073	0.989282	FALSE	ORF1ab:cds-YP_009724389.1	AGG	R	GGG	G	3339
NC_045512.2	10280	A	G	8071	4174	36	2	1	34	0.000247739	8073	0.989282	FALSE	ORF1ab:cds-YP_009725295.1	AGG	R	GGG	G	3339
NC_045512.2	10281	G	A	8313	4220	37	1	0	68	0.000120279	8314	0.50003	FALSE	ORF1ab:cds-YP_009724389.1	AGG	R	AAG	K	3339
NC_045512.2	10281	G	A	8313	4220	37	1	0	68	0.000120279	8314	0.50003	FALSE	ORF1ab:cds-YP_009725295.1	AGG	R	AAG	K	3339
NC_045512.2	10286	A	T	8154	4230	36	1	0	34	0.000122624	8155	0.998052	FALSE	ORF1ab:cds-YP_009724389.1	ATT	I	TTT	F	3341
NC_045512.2	10286	A	T	8154	4230	36	1	0	34	0.000122624	8155	0.998052	FALSE	ORF1ab:cds-YP_009725295.1	ATT	I	TTT	F	3341
NC_045512.2	10288	T	C	8499	4404	37	2	0	34	0.000235266	8501	0.989281	FALSE	ORF1ab:cds-YP_009724389.1	ATT	I	ATC	I	3341
NC_045512.2	10288	T	C	8499	4404	37	2	0	34	0.000235266	8501	0.989281	FALSE	ORF1ab:cds-YP_009725295.1	ATT	I	ATC	I	3341
NC_045512.2	10293	A	T	7710	4310	36	1	0	26	0.000129685	7711	1	FALSE	ORF1ab:cds-YP_009724389.1	CAT	H	CTT	L	3343
NC_045512.2	10293	A	T	7710	4310	36	1	0	26	0.000129685	7711	1	FALSE	ORF1ab:cds-YP_009725295.1	CAT	H	CTT	L	3343
NC_045512.2	10295	T	C	7792	4345	36	3	2	31	0.000384862	7795	0.945391	FALSE	ORF1ab:cds-YP_009724389.1	TCT	S	CCT	P	3344
NC_045512.2	10295	T	C	7792	4345	36	3	2	31	0.000384862	7795	0.945391	FALSE	ORF1ab:cds-YP_009725295.1	TCT	S	CCT	P	3344
NC_045512.2	10296	C	T	7853	4534	36	1	1	34	0.000127307	7855	0.996101	FALSE	ORF1ab:cds-YP_009724389.1	TCT	S	TTT	F	3344
NC_045512.2	10296	C	T	7853	4534	36	1	1	34	0.000127307	7855	0.996101	FALSE	ORF1ab:cds-YP_009725295.1	TCT	S	TTT	F	3344
NC_045512.2	10296	C	A	7853	4534	36	1	0	34	0.000127307	7855	0.996101	FALSE	ORF1ab:cds-YP_009724389.1	TCT	S	TAT	Y	3344
NC_045512.2	10296	C	A	7853	4534	36	1	0	34	0.000127307	7855	0.996101	FALSE	ORF1ab:cds-YP_009725295.1	TCT	S	TAT	Y	3344
NC_045512.2	10297	T	C	7826	4506	36	2	2	34	0.000255493	7828	0.980505	FALSE	ORF1ab:cds-YP_009724389.1	TCT	S	TCC	S	3344
NC_045512.2	10297	T	C	7826	4506	36	2	2	34	0.000255493	7828	0.980505	FALSE	ORF1ab:cds-YP_009725295.1	TCT	S	TCC	S	3344
NC_045512.2	10299	T	G	7931	4514	36	1	1	24	0.000126056	7933	1	FALSE	ORF1ab:cds-YP_009724389.1	ATG	M	AGG	R	3345
NC_045512.2	10299	T	G	7931	4514	36	1	1	24	0.000126056	7933	1	FALSE	ORF1ab:cds-YP_009725295.1	ATG	M	AGG	R	3345
NC_045512.2	10299	T	A	7931	4514	36	1	1	34	0.000126056	7933	0.996101	FALSE	ORF1ab:cds-YP_009724389.1	ATG	M	AAG	K	3345
NC_045512.2	10299	T	A	7931	4514	36	1	1	34	0.000126056	7933	0.996101	FALSE	ORF1ab:cds-YP_009725295.1	ATG	M	AAG	K	3345
NC_045512.2	10301	C	T	7664	4586	36	1	0	34	0.000130446	7666	0.996101	FALSE	ORF1ab:cds-YP_009724389.1	CAA	Q	TAA	*	3346
NC_045512.2	10301	C	T	7664	4586	36	1	0	34	0.000130446	7666	0.996101	FALSE	ORF1ab:cds-YP_009725295.1	CAA	Q	TAA	*	3346
NC_045512.2	10301	C	G	7664	4586	36	1	0	34	0.000130446	7666	0.996101	FALSE	ORF1ab:cds-YP_009724389.1	CAA	Q	GAA	E	3346
NC_045512.2	10301	C	G	7664	4586	36	1	0	34	0.000130446	7666	0.996101	FALSE	ORF1ab:cds-YP_009725295.1	CAA	Q	GAA	E	3346
NC_045512.2	10304	A	T	7576	5020	35	1	1	26	0.000131978	7577	1	FALSE	ORF1ab:cds-YP_009724389.1	AAT	N	TAT	Y	3347
NC_045512.2	10304	A	T	7576	5020	35	1	1	26	0.000131978	7577	1	FALSE	ORF1ab:cds-YP_009725295.1	AAT	N	TAT	Y	3347
NC_045512.2	10306	T	C	8152	5022	36	1	1	34	0.000122654	8153	0.998052	FALSE	ORF1ab:cds-YP_009724389.1	AAT	N	AAC	N	3347
NC_045512.2	10306	T	C	8152	5022	36	1	1	34	0.000122654	8153	0.998052	FALSE	ORF1ab:cds-YP_009725295.1	AAT	N	AAC	N	3347
NC_045512.2	10307	T	C	7914	4880	36	2	2	34	0.000252653	7916	0.980504	FALSE	ORF1ab:cds-YP_009724389.1	TGT	C	CGT	R	3348
NC_045512.2	10307	T	C	7914	4880	36	2	2	34	0.000252653	7916	0.980504	FALSE	ORF1ab:cds-YP_009725295.1	TGT	C	CGT	R	3348
NC_045512.2	10310	G	C	8103	5027	36	1	1	34	0.000123396	8104	0.998052	FALSE	ORF1ab:cds-YP_009724389.1	GTA	V	CTA	L	3349
NC_045512.2	10310	G	C	8103	5027	36	1	1	34	0.000123396	8104	0.998052	FALSE	ORF1ab:cds-YP_009725295.1	GTA	V	CTA	L	3349
NC_045512.2	10317	A	C	8448	5446	36	1	1	34	0.000118357	8449	0.998052	FALSE	ORF1ab:cds-YP_009724389.1	AAG	K	ACG	T	3351
NC_045512.2	10317	A	C	8448	5446	36	1	1	34	0.000118357	8449	0.998052	FALSE	ORF1ab:cds-YP_009725295.1	AAG	K	ACG	T	3351
NC_045512.2	10320	T	C	8648	5572	36	1	1	34	0.00011562	8649	0.998052	FALSE	ORF1ab:cds-YP_009724389.1	CTT	L	CCT	P	3352
NC_045512.2	10320	T	C	8648	5572	36	1	1	34	0.00011562	8649	0.998052	FALSE	ORF1ab:cds-YP_009725295.1	CTT	L	CCT	P	3352
NC_045512.2	10323	A	G	8750	5703	37	1	1	34	0.000114273	8751	0.998052	FALSE	ORF1ab:cds-YP_009724389.1	AAG	K	AGG	R	3353
NC_045512.2	10323	A	G	8750	5703	37	1	1	34	0.000114273	8751	0.998052	FALSE	ORF1ab:cds-YP_009725295.1	AAG	K	AGG	R	3353
NC_045512.2	10324	G	A	8970	5702	37	1	1	34	0.00011147	8971	0.998052	FALSE	ORF1ab:cds-YP_009724389.1	AAG	K	AAA	K	3353
NC_045512.2	10324	G	A	8970	5702	37	1	1	34	0.00011147	8971	0.998052	FALSE	ORF1ab:cds-YP_009725295.1	AAG	K	AAA	K	3353
NC_045512.2	10327	T	A	7889	4700	36	1	1	26	0.000126743	7890	1	FALSE	ORF1ab:cds-YP_009724389.1	GTT	V	GTA	V	3354
NC_045512.2	10327	T	A	7889	4700	36	1	1	26	0.000126743	7890	1	FALSE	ORF1ab:cds-YP_009725295.1	GTT	V	GTA	V	3354
NC_045512.2	10330	T	C	8844	5582	37	2	1	34	0.000226091	8846	0.98928	FALSE	ORF1ab:cds-YP_009724389.1	GAT	D	GAC	D	3355
NC_045512.2	10330	T	C	8844	5582	37	2	1	34	0.000226091	8846	0.98928	FALSE	ORF1ab:cds-YP_009725295.1	GAT	D	GAC	D	3355
NC_045512.2	10331	A	G	8676	5767	37	1	1	34	0.000115247	8677	0.998052	FALSE	ORF1ab:cds-YP_009724389.1	ACA	T	GCA	A	3356
NC_045512.2	10331	A	G	8676	5767	37	1	1	34	0.000115247	8677	0.998052	FALSE	ORF1ab:cds-YP_009725295.1	ACA	T	GCA	A	3356
NC_045512.2	10332	C	T	8889	5753	37	1	1	34	0.000112473	8891	0.998051	FALSE	ORF1ab:cds-YP_009724389.1	ACA	T	ATA	I	3356
NC_045512.2	10332	C	T	8889	5753	37	1	1	34	0.000112473	8891	0.998051	FALSE	ORF1ab:cds-YP_009725295.1	ACA	T	ATA	I	3356
NC_045512.2	10332	C	A	8889	5753	37	1	1	26	0.000112473	8891	1	FALSE	ORF1ab:cds-YP_009724389.1	ACA	T	AAA	K	3356
NC_045512.2	10332	C	A	8889	5753	37	1	1	26	0.000112473	8891	1	FALSE	ORF1ab:cds-YP_009725295.1	ACA	T	AAA	K	3356
NC_045512.2	10335	C	T	9236	6159	38	1	1	26	0.00010826	9237	1	FALSE	ORF1ab:cds-YP_009724389.1	GCC	A	GTC	V	3357
NC_045512.2	10335	C	T	9236	6159	38	1	1	26	0.00010826	9237	1	FALSE	ORF1ab:cds-YP_009725295.1	GCC	A	GTC	V	3357
NC_045512.2	10336	C	T	9248	6173	38	1	0	24	0.000108108	9250	1	FALSE	ORF1ab:cds-YP_009724389.1	GCC	A	GCT	A	3357
NC_045512.2	10336	C	T	9248	6173	38	1	0	24	0.000108108	9250	1	FALSE	ORF1ab:cds-YP_009725295.1	GCC	A	GCT	A	3357
NC_045512.2	10336	C	A	9248	6173	38	1	0	34	0.000108108	9250	0.999026	FALSE	ORF1ab:cds-YP_009724389.1	GCC	A	GCA	A	3357
NC_045512.2	10336	C	A	9248	6173	38	1	0	34	0.000108108	9250	0.999026	FALSE	ORF1ab:cds-YP_009725295.1	GCC	A	GCA	A	3357
NC_045512.2	10337	A	G	9216	6140	38	1	0	34	0.000108495	9217	0.999026	FALSE	ORF1ab:cds-YP_009724389.1	AAT	N	GAT	D	3358
NC_045512.2	10337	A	G	9216	6140	38	1	0	34	0.000108495	9217	0.999026	FALSE	ORF1ab:cds-YP_009725295.1	AAT	N	GAT	D	3358
NC_045512.2	10338	A	G	8976	6265	37	1	0	34	0.000111396	8977	0.998052	FALSE	ORF1ab:cds-YP_009724389.1	AAT	N	AGT	S	3358
NC_045512.2	10338	A	G	8976	6265	37	1	0	34	0.000111396	8977	0.998052	FALSE	ORF1ab:cds-YP_009725295.1	AAT	N	AGT	S	3358
NC_045512.2	10342	T	C	9541	6330	38	4	3	34	0.000419068	9545	0.953931	FALSE	ORF1ab:cds-YP_009724389.1	CCT	P	CCC	P	3359
NC_045512.2	10342	T	C	9541	6330	38	4	3	34	0.000419068	9545	0.953931	FALSE	ORF1ab:cds-YP_009725295.1	CCT	P	CCC	P	3359
NC_045512.2	10342	T	-A	9541	6330	38	1	0	20	0.000104767	9545	1	FALSE	NA	NA	NA	NA	NA	NA
NC_045512.2	10344	A	T	9510	6306	38	1	1	34	0.00010513	9512	0.999026	FALSE	ORF1ab:cds-YP_009724389.1	AAG	K	ATG	M	3360
NC_045512.2	10344	A	T	9510	6306	38	1	1	34	0.00010513	9512	0.999026	FALSE	ORF1ab:cds-YP_009725295.1	AAG	K	ATG	M	3360
NC_045512.2	10344	A	G	9510	6306	38	1	0	34	0.00010513	9512	0.999026	FALSE	ORF1ab:cds-YP_009724389.1	AAG	K	AGG	R	3360
NC_045512.2	10344	A	G	9510	6306	38	1	0	34	0.00010513	9512	0.999026	FALSE	ORF1ab:cds-YP_009725295.1	AAG	K	AGG	R	3360
NC_045512.2	10346	A	G	9487	6714	37	1	0	34	0.000105396	9488	0.999026	FALSE	ORF1ab:cds-YP_009724389.1	ACA	T	GCA	A	3361
NC_045512.2	10346	A	G	9487	6714	37	1	0	34	0.000105396	9488	0.999026	FALSE	ORF1ab:cds-YP_009725295.1	ACA	T	GCA	A	3361
NC_045512.2	10348	A	G	9413	6371	38	1	0	34	0.000106225	9414	0.999026	FALSE	ORF1ab:cds-YP_009724389.1	ACA	T	ACG	T	3361
NC_045512.2	10348	A	G	9413	6371	38	1	0	34	0.000106225	9414	0.999026	FALSE	ORF1ab:cds-YP_009725295.1	ACA	T	ACG	T	3361
NC_045512.2	10349	C	T	9453	6346	38	1	1	34	0.000105775	9454	0.999026	FALSE	ORF1ab:cds-YP_009724389.1	CCT	P	TCT	S	3362
NC_045512.2	10349	C	T	9453	6346	38	1	1	34	0.000105775	9454	0.999026	FALSE	ORF1ab:cds-YP_009725295.1	CCT	P	TCT	S	3362
NC_045512.2	10352	A	T	9408	6411	38	2	2	51	0.000212517	9411	0.249987	FALSE	ORF1ab:cds-YP_009724389.1	AAG	K	TAG	*	3363
NC_045512.2	10352	A	T	9408	6411	38	2	2	51	0.000212517	9411	0.249987	FALSE	ORF1ab:cds-YP_009725295.1	AAG	K	TAG	*	3363
NC_045512.2	10352	A	C	9408	6411	38	1	1	26	0.000106259	9411	1	FALSE	ORF1ab:cds-YP_009724389.1	AAG	K	CAG	Q	3363
NC_045512.2	10352	A	C	9408	6411	38	1	1	26	0.000106259	9411	1	FALSE	ORF1ab:cds-YP_009725295.1	AAG	K	CAG	Q	3363
NC_045512.2	10353	A	G	9210	6411	38	1	0	24	0.000108566	9211	1	FALSE	ORF1ab:cds-YP_009724389.1	AAG	K	AGG	R	3363
NC_045512.2	10353	A	G	9210	6411	38	1	0	24	0.000108566	9211	1	FALSE	ORF1ab:cds-YP_009725295.1	AAG	K	AGG	R	3363
NC_045512.2	10354	G	T	9695	6480	38	1	1	26	0.000103135	9696	1	FALSE	ORF1ab:cds-YP_009724389.1	AAG	K	AAT	N	3363
NC_045512.2	10354	G	T	9695	6480	38	1	1	26	0.000103135	9696	1	FALSE	ORF1ab:cds-YP_009725295.1	AAG	K	AAT	N	3363
NC_045512.2	10356	A	G	9653	6578	38	2	1	34	0.000207147	9655	0.994155	FALSE	ORF1ab:cds-YP_009724389.1	TAT	Y	TGT	C	3364
NC_045512.2	10356	A	G	9653	6578	38	2	1	34	0.000207147	9655	0.994155	FALSE	ORF1ab:cds-YP_009725295.1	TAT	Y	TGT	C	3364
NC_045512.2	10357	T	C	9574	6530	38	1	1	34	0.000104439	9575	0.999026	FALSE	ORF1ab:cds-YP_009724389.1	TAT	Y	TAC	Y	3364
NC_045512.2	10357	T	C	9574	6530	38	1	1	34	0.000104439	9575	0.999026	FALSE	ORF1ab:cds-YP_009725295.1	TAT	Y	TAC	Y	3364
NC_045512.2	10358	A	G	9540	6594	38	2	2	34	0.0002096	9542	0.994155	FALSE	ORF1ab:cds-YP_009724389.1	AAG	K	GAG	E	3365
NC_045512.2	10358	A	G	9540	6594	38	2	2	34	0.0002096	9542	0.994155	FALSE	ORF1ab:cds-YP_009725295.1	AAG	K	GAG	E	3365
NC_045512.2	10359	A	G	9541	6625	38	1	1	68	0.0001048	9542	0.500026	FALSE	ORF1ab:cds-YP_009724389.1	AAG	K	AGG	R	3365
NC_045512.2	10359	A	G	9541	6625	38	1	1	68	0.0001048	9542	0.500026	FALSE	ORF1ab:cds-YP_009725295.1	AAG	K	AGG	R	3365
NC_045512.2	10360	G	A	9655	6625	39	1	1	26	0.000103563	9656	1	FALSE	ORF1ab:cds-YP_009724389.1	AAG	K	AAA	K	3365
NC_045512.2	10360	G	A	9655	6625	39	1	1	26	0.000103563	9656	1	FALSE	ORF1ab:cds-YP_009725295.1	AAG	K	AAA	K	3365
NC_045512.2	10361	T	G	9068	6115	38	2	2	34	0.000220507	9070	0.994155	FALSE	ORF1ab:cds-YP_009724389.1	TTT	F	GTT	V	3366
NC_045512.2	10361	T	G	9068	6115	38	2	2	34	0.000220507	9070	0.994155	FALSE	ORF1ab:cds-YP_009725295.1	TTT	F	GTT	V	3366
NC_045512.2	10362	T	G	9149	6585	38	1	0	34	0.000109278	9151	0.999026	FALSE	ORF1ab:cds-YP_009724389.1	TTT	F	TGT	C	3366
NC_045512.2	10362	T	G	9149	6585	38	1	0	34	0.000109278	9151	0.999026	FALSE	ORF1ab:cds-YP_009725295.1	TTT	F	TGT	C	3366
NC_045512.2	10362	T	C	9149	6585	38	1	1	34	0.000109278	9151	0.999026	FALSE	ORF1ab:cds-YP_009724389.1	TTT	F	TCT	S	3366
NC_045512.2	10362	T	C	9149	6585	38	1	1	34	0.000109278	9151	0.999026	FALSE	ORF1ab:cds-YP_009725295.1	TTT	F	TCT	S	3366
NC_045512.2	10363	T	C	8539	5979	38	1	1	34	0.000117096	8540	0.998052	FALSE	ORF1ab:cds-YP_009724389.1	TTT	F	TTC	F	3366
NC_045512.2	10363	T	C	8539	5979	38	1	1	34	0.000117096	8540	0.998052	FALSE	ORF1ab:cds-YP_009725295.1	TTT	F	TTC	F	3366
NC_045512.2	10365	T	G	7490	4961	37	2	2	30	0.000266951	7492	0.980506	FALSE	ORF1ab:cds-YP_009724389.1	GTT	V	GGT	G	3367
NC_045512.2	10365	T	G	7490	4961	37	2	2	30	0.000266951	7492	0.980506	FALSE	ORF1ab:cds-YP_009725295.1	GTT	V	GGT	G	3367
NC_045512.2	10367	C	T	9130	6841	39	2	0	34	0.00021901	9132	0.994155	FALSE	ORF1ab:cds-YP_009724389.1	CGC	R	TGC	C	3368
NC_045512.2	10367	C	T	9130	6841	39	2	0	34	0.00021901	9132	0.994155	FALSE	ORF1ab:cds-YP_009725295.1	CGC	R	TGC	C	3368
NC_045512.2	10368	G	A	9021	6738	38	9	8	37	0.000996678	9030	0.592874	FALSE	ORF1ab:cds-YP_009724389.1	CGC	R	CAC	H	3368
NC_045512.2	10368	G	A	9021	6738	38	9	8	37	0.000996678	9030	0.592874	FALSE	ORF1ab:cds-YP_009725295.1	CGC	R	CAC	H	3368
NC_045512.2	10369	C	T	9676	7497	39	1	1	26	0.000103327	9678	1	FALSE	ORF1ab:cds-YP_009724389.1	CGC	R	CGT	R	3368
NC_045512.2	10369	C	T	9676	7497	39	1	1	26	0.000103327	9678	1	FALSE	ORF1ab:cds-YP_009725295.1	CGC	R	CGT	R	3368
NC_045512.2	10369	C	G	9676	7497	39	1	0	34	0.000103327	9678	0.999026	FALSE	ORF1ab:cds-YP_009724389.1	CGC	R	CGG	R	3368
NC_045512.2	10369	C	G	9676	7497	39	1	0	34	0.000103327	9678	0.999026	FALSE	ORF1ab:cds-YP_009725295.1	CGC	R	CGG	R	3368
NC_045512.2	10370	A	G	9722	7537	39	1	0	34	0.000102849	9723	0.999026	FALSE	ORF1ab:cds-YP_009724389.1	ATT	I	GTT	V	3369
NC_045512.2	10370	A	G	9722	7537	39	1	0	34	0.000102849	9723	0.999026	FALSE	ORF1ab:cds-YP_009725295.1	ATT	I	GTT	V	3369
NC_045512.2	10374	A	T	9887	7799	39	1	1	26	0.000101133	9888	1	FALSE	ORF1ab:cds-YP_009724389.1	CAA	Q	CTA	L	3370
NC_045512.2	10374	A	T	9887	7799	39	1	1	26	0.000101133	9888	1	FALSE	ORF1ab:cds-YP_009725295.1	CAA	Q	CTA	L	3370
NC_045512.2	10375	A	G	10210	8205	39	2	2	34	0.000195848	10212	0.996835	FALSE	ORF1ab:cds-YP_009724389.1	CAA	Q	CAG	Q	3370
NC_045512.2	10375	A	G	10210	8205	39	2	2	34	0.000195848	10212	0.996835	FALSE	ORF1ab:cds-YP_009725295.1	CAA	Q	CAG	Q	3370
NC_045512.2	10377	C	A	10221	8351	39	1	1	26	9.78282e-05	10222	1	FALSE	ORF1ab:cds-YP_009724389.1	CCA	P	CAA	Q	3371
NC_045512.2	10377	C	A	10221	8351	39	1	1	26	9.78282e-05	10222	1	FALSE	ORF1ab:cds-YP_009725295.1	CCA	P	CAA	Q	3371
NC_045512.2	10378	A	G	10090	8202	39	1	1	34	9.90786e-05	10093	0.999513	FALSE	ORF1ab:cds-YP_009724389.1	CCA	P	CCG	P	3371
NC_045512.2	10378	A	G	10090	8202	39	1	1	34	9.90786e-05	10093	0.999513	FALSE	ORF1ab:cds-YP_009725295.1	CCA	P	CCG	P	3371
NC_045512.2	10378	A	C	10090	8202	39	2	2	34	0.000198157	10093	0.996833	FALSE	ORF1ab:cds-YP_009724389.1	CCA	P	CCC	P	3371
NC_045512.2	10378	A	C	10090	8202	39	2	2	34	0.000198157	10093	0.996833	FALSE	ORF1ab:cds-YP_009725295.1	CCA	P	CCC	P	3371
NC_045512.2	10379	G	C	10073	8133	39	1	1	68	9.92654e-05	10074	0.500025	FALSE	ORF1ab:cds-YP_009724389.1	GGA	G	CGA	R	3372
NC_045512.2	10379	G	C	10073	8133	39	1	1	68	9.92654e-05	10074	0.500025	FALSE	ORF1ab:cds-YP_009725295.1	GGA	G	CGA	R	3372
NC_045512.2	10380	G	T	10234	8296	39	1	1	34	9.76849e-05	10237	0.999513	FALSE	ORF1ab:cds-YP_009724389.1	GGA	G	GTA	V	3372
NC_045512.2	10380	G	T	10234	8296	39	1	1	34	9.76849e-05	10237	0.999513	FALSE	ORF1ab:cds-YP_009725295.1	GGA	G	GTA	V	3372
NC_045512.2	10380	G	C	10234	8296	39	1	1	34	9.76849e-05	10237	0.999513	FALSE	ORF1ab:cds-YP_009724389.1	GGA	G	GCA	A	3372
NC_045512.2	10380	G	C	10234	8296	39	1	1	34	9.76849e-05	10237	0.999513	FALSE	ORF1ab:cds-YP_009725295.1	GGA	G	GCA	A	3372
NC_045512.2	10380	G	A	10234	8296	39	1	1	34	9.76849e-05	10237	0.999513	FALSE	ORF1ab:cds-YP_009724389.1	GGA	G	GAA	E	3372
NC_045512.2	10380	G	A	10234	8296	39	1	1	34	9.76849e-05	10237	0.999513	FALSE	ORF1ab:cds-YP_009725295.1	GGA	G	GAA	E	3372
NC_045512.2	10381	A	G	10193	8259	39	1	1	34	9.80873e-05	10195	0.999513	FALSE	ORF1ab:cds-YP_009724389.1	GGA	G	GGG	G	3372
NC_045512.2	10381	A	G	10193	8259	39	1	1	34	9.80873e-05	10195	0.999513	FALSE	ORF1ab:cds-YP_009725295.1	GGA	G	GGG	G	3372
NC_045512.2	10381	A	C	10193	8259	39	1	1	34	9.80873e-05	10195	0.999513	FALSE	ORF1ab:cds-YP_009724389.1	GGA	G	GGC	G	3372
NC_045512.2	10381	A	C	10193	8259	39	1	1	34	9.80873e-05	10195	0.999513	FALSE	ORF1ab:cds-YP_009725295.1	GGA	G	GGC	G	3372
NC_045512.2	10382	C	T	10140	8322	38	2	2	30	0.00019718	10143	0.996833	FALSE	ORF1ab:cds-YP_009724389.1	CAG	Q	TAG	*	3373
NC_045512.2	10382	C	T	10140	8322	38	2	2	30	0.00019718	10143	0.996833	FALSE	ORF1ab:cds-YP_009725295.1	CAG	Q	TAG	*	3373
NC_045512.2	10382	C	G	10140	8322	38	1	1	68	9.85902e-05	10143	0.499975	FALSE	ORF1ab:cds-YP_009724389.1	CAG	Q	GAG	E	3373
NC_045512.2	10382	C	G	10140	8322	38	1	1	68	9.85902e-05	10143	0.499975	FALSE	ORF1ab:cds-YP_009725295.1	CAG	Q	GAG	E	3373
NC_045512.2	10383	A	T	9772	8033	38	1	1	26	0.000102323	9773	1	FALSE	ORF1ab:cds-YP_009724389.1	CAG	Q	CTG	L	3373
NC_045512.2	10383	A	T	9772	8033	38	1	1	26	0.000102323	9773	1	FALSE	ORF1ab:cds-YP_009725295.1	CAG	Q	CTG	L	3373
NC_045512.2	10385	A	T	9689	7994	38	1	1	26	0.000103199	9690	1	FALSE	ORF1ab:cds-YP_009724389.1	ACT	T	TCT	S	3374
NC_045512.2	10385	A	T	9689	7994	38	1	1	26	0.000103199	9690	1	FALSE	ORF1ab:cds-YP_009725295.1	ACT	T	TCT	S	3374
NC_045512.2	10386	C	-T	9755	8076	38	1	0	20	0.000102512	9755	1	FALSE	NA	NA	NA	NA	NA	NA
NC_045512.2	10391	T	A	9577	7936	38	1	1	34	0.000104406	9578	0.999026	FALSE	ORF1ab:cds-YP_009724389.1	TCA	S	ACA	T	3376
NC_045512.2	10391	T	A	9577	7936	38	1	1	34	0.000104406	9578	0.999026	FALSE	ORF1ab:cds-YP_009725295.1	TCA	S	ACA	T	3376
NC_045512.2	10394	G	T	9415	7810	38	1	1	34	0.000106202	9416	0.999026	FALSE	ORF1ab:cds-YP_009724389.1	GTG	V	TTG	L	3377
NC_045512.2	10394	G	T	9415	7810	38	1	1	34	0.000106202	9416	0.999026	FALSE	ORF1ab:cds-YP_009725295.1	GTG	V	TTG	L	3377
NC_045512.2	10396	G	A	9337	7734	38	1	1	34	0.000107089	9338	0.999026	FALSE	ORF1ab:cds-YP_009724389.1	GTG	V	GTA	V	3377
NC_045512.2	10396	G	A	9337	7734	38	1	1	34	0.000107089	9338	0.999026	FALSE	ORF1ab:cds-YP_009725295.1	GTG	V	GTA	V	3377
NC_045512.2	10398	T	C	9132	7549	38	4	4	30	0.000437828	9136	0.953934	FALSE	ORF1ab:cds-YP_009724389.1	TTA	L	TCA	S	3378
NC_045512.2	10398	T	C	9132	7549	38	4	4	30	0.000437828	9136	0.953934	FALSE	ORF1ab:cds-YP_009725295.1	TTA	L	TCA	S	3378
NC_045512.2	10399	A	G	8946	7549	37	2	1	34	0.000223514	8948	0.98928	FALSE	ORF1ab:cds-YP_009724389.1	TTA	L	TTG	L	3378
NC_045512.2	10399	A	G	8946	7549	37	2	1	34	0.000223514	8948	0.98928	FALSE	ORF1ab:cds-YP_009725295.1	TTA	L	TTG	L	3378
NC_045512.2	10400	G	T	9063	7553	38	1	1	26	0.000110302	9066	1	FALSE	ORF1ab:cds-YP_009724389.1	GCT	A	TCT	S	3379
NC_045512.2	10400	G	T	9063	7553	38	1	1	26	0.000110302	9066	1	FALSE	ORF1ab:cds-YP_009725295.1	GCT	A	TCT	S	3379
NC_045512.2	10400	G	A	9063	7553	38	2	1	40	0.000220604	9066	0.249986	FALSE	ORF1ab:cds-YP_009724389.1	GCT	A	ACT	T	3379
NC_045512.2	10400	G	A	9063	7553	38	2	1	40	0.000220604	9066	0.249986	FALSE	ORF1ab:cds-YP_009725295.1	GCT	A	ACT	T	3379
NC_045512.2	10402	T	C	9054	7553	38	1	1	34	0.000110436	9055	0.999026	FALSE	ORF1ab:cds-YP_009724389.1	GCT	A	GCC	A	3379
NC_045512.2	10402	T	C	9054	7553	38	1	1	34	0.000110436	9055	0.999026	FALSE	ORF1ab:cds-YP_009725295.1	GCT	A	GCC	A	3379
NC_045512.2	10403	T	G	8191	6699	38	1	0	27	0.000122026	8195	1	FALSE	ORF1ab:cds-YP_009724389.1	TGT	C	GGT	G	3380
NC_045512.2	10403	T	G	8191	6699	38	1	0	27	0.000122026	8195	1	FALSE	ORF1ab:cds-YP_009725295.1	TGT	C	GGT	G	3380
NC_045512.2	10403	T	C	8191	6699	38	3	3	31	0.000366077	8195	0.967329	FALSE	ORF1ab:cds-YP_009724389.1	TGT	C	CGT	R	3380
NC_045512.2	10403	T	C	8191	6699	38	3	3	31	0.000366077	8195	0.967329	FALSE	ORF1ab:cds-YP_009725295.1	TGT	C	CGT	R	3380
NC_045512.2	10404	G	A	8493	7009	38	1	1	34	0.00011773	8494	0.998052	FALSE	ORF1ab:cds-YP_009724389.1	TGT	C	TAT	Y	3380
NC_045512.2	10404	G	A	8493	7009	38	1	1	34	0.00011773	8494	0.998052	FALSE	ORF1ab:cds-YP_009725295.1	TGT	C	TAT	Y	3380
NC_045512.2	10405	T	C	8445	6963	38	2	2	26	0.00023677	8447	1	FALSE	ORF1ab:cds-YP_009724389.1	TGT	C	TGC	C	3380
NC_045512.2	10405	T	C	8445	6963	38	2	2	26	0.00023677	8447	1	FALSE	ORF1ab:cds-YP_009725295.1	TGT	C	TGC	C	3380
NC_045512.2	10406	T	C	8429	7002	38	1	0	34	0.000118624	8430	0.998052	FALSE	ORF1ab:cds-YP_009724389.1	TAC	Y	CAC	H	3381
NC_045512.2	10406	T	C	8429	7002	38	1	0	34	0.000118624	8430	0.998052	FALSE	ORF1ab:cds-YP_009725295.1	TAC	Y	CAC	H	3381
NC_045512.2	10407	A	G	8345	6940	38	1	1	34	0.000119818	8346	0.998052	FALSE	ORF1ab:cds-YP_009724389.1	TAC	Y	TGC	C	3381
NC_045512.2	10407	A	G	8345	6940	38	1	1	34	0.000119818	8346	0.998052	FALSE	ORF1ab:cds-YP_009725295.1	TAC	Y	TGC	C	3381
NC_045512.2	10407	A	-C	8345	6940	38	1	0	20	0.000119818	8346	1	FALSE	NA	NA	NA	NA	NA	NA
NC_045512.2	10409	A	T	8146	6802	37	1	1	34	0.000122714	8149	0.99805	FALSE	ORF1ab:cds-YP_009724389.1	AAT	N	TAT	Y	3382
NC_045512.2	10409	A	T	8146	6802	37	1	1	34	0.000122714	8149	0.99805	FALSE	ORF1ab:cds-YP_009725295.1	AAT	N	TAT	Y	3382
NC_045512.2	10409	A	G	8146	6802	37	2	2	34	0.000245429	8149	0.989277	FALSE	ORF1ab:cds-YP_009724389.1	AAT	N	GAT	D	3382
NC_045512.2	10409	A	G	8146	6802	37	2	2	34	0.000245429	8149	0.989277	FALSE	ORF1ab:cds-YP_009725295.1	AAT	N	GAT	D	3382
NC_045512.2	10410	A	C	8164	6762	38	1	1	34	0.000122474	8165	0.998052	FALSE	ORF1ab:cds-YP_009724389.1	AAT	N	ACT	T	3382
NC_045512.2	10410	A	C	8164	6762	38	1	1	34	0.000122474	8165	0.998052	FALSE	ORF1ab:cds-YP_009725295.1	AAT	N	ACT	T	3382
NC_045512.2	10411	T	C	7939	6572	38	2	1	34	0.000251857	7941	0.980504	FALSE	ORF1ab:cds-YP_009724389.1	AAT	N	AAC	N	3382
NC_045512.2	10411	T	C	7939	6572	38	2	1	34	0.000251857	7941	0.980504	FALSE	ORF1ab:cds-YP_009725295.1	AAT	N	AAC	N	3382
NC_045512.2	10414	T	C	6470	5173	36	1	1	34	0.000154536	6471	0.992204	FALSE	ORF1ab:cds-YP_009724389.1	GGT	G	GGC	G	3383
NC_045512.2	10414	T	C	6470	5173	36	1	1	34	0.000154536	6471	0.992204	FALSE	ORF1ab:cds-YP_009725295.1	GGT	G	GGC	G	3383
NC_045512.2	10417	A	C	7399	6113	38	2	2	34	0.000270234	7401	0.980507	FALSE	ORF1ab:cds-YP_009724389.1	TCA	S	TCC	S	3384
NC_045512.2	10417	A	C	7399	6113	38	2	2	34	0.000270234	7401	0.980507	FALSE	ORF1ab:cds-YP_009725295.1	TCA	S	TCC	S	3384
NC_045512.2	10420	A	G	7166	6085	37	1	1	34	0.000139528	7167	0.996104	FALSE	ORF1ab:cds-YP_009724389.1	CCA	P	CCG	P	3385
NC_045512.2	10420	A	G	7166	6085	37	1	1	34	0.000139528	7167	0.996104	FALSE	ORF1ab:cds-YP_009725295.1	CCA	P	CCG	P	3385
NC_045512.2	10421	T	C	6995	5897	37	1	0	34	0.000142939	6996	0.992203	FALSE	ORF1ab:cds-YP_009724389.1	TCT	S	CCT	P	3386
NC_045512.2	10421	T	C	6995	5897	37	1	0	34	0.000142939	6996	0.992203	FALSE	ORF1ab:cds-YP_009725295.1	TCT	S	CCT	P	3386
NC_045512.2	10425	G	T	7169	5838	36	1	1	26	0.00013947	7170	1	FALSE	ORF1ab:cds-YP_009724389.1	GGT	G	GTT	V	3387
NC_045512.2	10425	G	T	7169	5838	36	1	1	26	0.00013947	7170	1	FALSE	ORF1ab:cds-YP_009725295.1	GGT	G	GTT	V	3387
NC_045512.2	10427	G	T	7013	5668	36	1	1	34	0.000142572	7014	0.996104	FALSE	ORF1ab:cds-YP_009724389.1	GTT	V	TTT	F	3388
NC_045512.2	10427	G	T	7013	5668	36	1	1	34	0.000142572	7014	0.996104	FALSE	ORF1ab:cds-YP_009725295.1	GTT	V	TTT	F	3388
NC_045512.2	10428	T	C	5830	4508	35	1	1	34	0.000171497	5831	0.984403	FALSE	ORF1ab:cds-YP_009724389.1	GTT	V	GCT	A	3388
NC_045512.2	10428	T	C	5830	4508	35	1	1	34	0.000171497	5831	0.984403	FALSE	ORF1ab:cds-YP_009725295.1	GTT	V	GCT	A	3388
NC_045512.2	10430	T	C	6555	5275	36	1	1	26	0.000152509	6557	1	FALSE	ORF1ab:cds-YP_009724389.1	TAC	Y	CAC	H	3389
NC_045512.2	10430	T	C	6555	5275	36	1	1	26	0.000152509	6557	1	FALSE	ORF1ab:cds-YP_009725295.1	TAC	Y	CAC	H	3389
NC_045512.2	10430	T	A	6555	5275	36	1	1	68	0.000152509	6557	0.5	FALSE	ORF1ab:cds-YP_009724389.1	TAC	Y	AAC	N	3389
NC_045512.2	10430	T	A	6555	5275	36	1	1	68	0.000152509	6557	0.5	FALSE	ORF1ab:cds-YP_009725295.1	TAC	Y	AAC	N	3389
NC_045512.2	10431	A	C	6494	5213	36	1	1	34	0.000153965	6495	0.992204	FALSE	ORF1ab:cds-YP_009724389.1	TAC	Y	TCC	S	3389
NC_045512.2	10431	A	C	6494	5213	36	1	1	34	0.000153965	6495	0.992204	FALSE	ORF1ab:cds-YP_009725295.1	TAC	Y	TCC	S	3389
NC_045512.2	10433	C	T	6424	5186	36	1	1	34	0.000155618	6426	0.9922	FALSE	ORF1ab:cds-YP_009724389.1	CAA	Q	TAA	*	3390
NC_045512.2	10433	C	T	6424	5186	36	1	1	34	0.000155618	6426	0.9922	FALSE	ORF1ab:cds-YP_009725295.1	CAA	Q	TAA	*	3390
NC_045512.2	10433	C	A	6424	5186	36	1	1	26	0.000155618	6426	1	FALSE	ORF1ab:cds-YP_009724389.1	CAA	Q	AAA	K	3390
NC_045512.2	10433	C	A	6424	5186	36	1	1	26	0.000155618	6426	1	FALSE	ORF1ab:cds-YP_009725295.1	CAA	Q	AAA	K	3390
NC_045512.2	10434	A	G	5867	4644	36	1	0	34	0.000170416	5868	0.984403	FALSE	ORF1ab:cds-YP_009724389.1	CAA	Q	CGA	R	3390
NC_045512.2	10434	A	G	5867	4644	36	1	0	34	0.000170416	5868	0.984403	FALSE	ORF1ab:cds-YP_009725295.1	CAA	Q	CGA	R	3390
NC_045512.2	10435	A	C	5929	4691	36	1	1	34	0.000168634	5930	0.984403	FALSE	ORF1ab:cds-YP_009724389.1	CAA	Q	CAC	H	3390
NC_045512.2	10435	A	C	5929	4691	36	1	1	34	0.000168634	5930	0.984403	FALSE	ORF1ab:cds-YP_009725295.1	CAA	Q	CAC	H	3390
NC_045512.2	10437	G	T	5691	4419	36	1	1	26	0.000175593	5695	1	FALSE	ORF1ab:cds-YP_009724389.1	TGT	C	TTT	F	3391
NC_045512.2	10437	G	T	5691	4419	36	1	1	26	0.000175593	5695	1	FALSE	ORF1ab:cds-YP_009725295.1	TGT	C	TTT	F	3391
NC_045512.2	10437	G	C	5691	4419	36	3	3	31	0.000526778	5695	0.855555	FALSE	ORF1ab:cds-YP_009724389.1	TGT	C	TCT	S	3391
NC_045512.2	10437	G	C	5691	4419	36	3	3	31	0.000526778	5695	0.855555	FALSE	ORF1ab:cds-YP_009725295.1	TGT	C	TCT	S	3391
NC_045512.2	10438	T	C	5489	4236	36	3	3	34	0.000546249	5492	0.855618	FALSE	ORF1ab:cds-YP_009724389.1	TGT	C	TGC	C	3391
NC_045512.2	10438	T	C	5489	4236	36	3	3	34	0.000546249	5492	0.855618	FALSE	ORF1ab:cds-YP_009725295.1	TGT	C	TGC	C	3391
NC_045512.2	10443	T	C	5134	4093	35	1	1	34	0.000194742	5135	0.984407	FALSE	ORF1ab:cds-YP_009724389.1	ATG	M	ACG	T	3393
NC_045512.2	10443	T	C	5134	4093	35	1	1	34	0.000194742	5135	0.984407	FALSE	ORF1ab:cds-YP_009725295.1	ATG	M	ACG	T	3393
NC_045512.2	10444	G	C	5105	4063	35	2	2	30	0.000391543	5108	0.937564	FALSE	ORF1ab:cds-YP_009724389.1	ATG	M	ATC	I	3393
NC_045512.2	10444	G	C	5105	4063	35	2	2	30	0.000391543	5108	0.937564	FALSE	ORF1ab:cds-YP_009725295.1	ATG	M	ATC	I	3393
NC_045512.2	10444	G	A	5105	4063	35	1	1	34	0.000195771	5108	0.984389	FALSE	ORF1ab:cds-YP_009724389.1	ATG	M	ATA	I	3393
NC_045512.2	10444	G	A	5105	4063	35	1	1	34	0.000195771	5108	0.984389	FALSE	ORF1ab:cds-YP_009725295.1	ATG	M	ATA	I	3393
NC_045512.2	10445	A	C	4995	3985	35	5	5	31	0.001	5000	0.623108	FALSE	ORF1ab:cds-YP_009724389.1	AGG	R	CGG	R	3394
NC_045512.2	10445	A	C	4995	3985	35	5	5	31	0.001	5000	0.623108	FALSE	ORF1ab:cds-YP_009725295.1	AGG	R	CGG	R	3394
NC_045512.2	10447	G	A	1	1	34	4179	3324	35	0.999761	4180	0	TRUE	ORF1ab:cds-YP_009724389.1	AGG	R	AGA	R	3394
NC_045512.2	10447	G	A	1	1	34	4179	3324	35	0.999761	4180	0	TRUE	ORF1ab:cds-YP_009725295.1	AGG	R	AGA	R	3394
NC_045512.2	10449	C	A	0	0	0	4043	3093	35	1	4043	0	TRUE	ORF1ab:cds-YP_009724389.1	CCC	P	CAC	H	3395
NC_045512.2	10449	C	A	0	0	0	4043	3093	35	1	4043	0	TRUE	ORF1ab:cds-YP_009725295.1	CCC	P	CAC	H	3395
NC_045512.2	10454	T	G	3946	3026	35	1	0	26	0.000253357	3947	1	FALSE	ORF1ab:cds-YP_009724389.1	TTC	F	GTC	V	3397
NC_045512.2	10454	T	G	3946	3026	35	1	0	26	0.000253357	3947	1	FALSE	ORF1ab:cds-YP_009725295.1	TTC	F	GTC	V	3397
NC_045512.2	10457	A	G	3797	3001	34	2	1	34	0.000526454	3799	0.812665	FALSE	ORF1ab:cds-YP_009724389.1	ACT	T	GCT	A	3398
NC_045512.2	10457	A	G	3797	3001	34	2	1	34	0.000526454	3799	0.812665	FALSE	ORF1ab:cds-YP_009725295.1	ACT	T	GCT	A	3398
NC_045512.2	10460	A	G	3601	2778	35	1	0	34	0.000277624	3602	0.937587	FALSE	ORF1ab:cds-YP_009724389.1	ATT	I	GTT	V	3399
NC_045512.2	10460	A	G	3601	2778	35	1	0	34	0.000277624	3602	0.937587	FALSE	ORF1ab:cds-YP_009725295.1	ATT	I	GTT	V	3399
NC_045512.2	10473	T	A	820	72	36	1	0	26	0.00121803	821	0.9981	FALSE	ORF1ab:cds-YP_009724389.1	TTC	F	TAC	Y	3403
NC_045512.2	10473	T	A	820	72	36	1	0	26	0.00121803	821	0.9981	FALSE	ORF1ab:cds-YP_009725295.1	TTC	F	TAC	Y	3403
NC_045512.2	10491	G	C	1073	123	38	1	1	26	0.000931099	1074	0.999527	FALSE	ORF1ab:cds-YP_009724389.1	GGT	G	GCT	A	3409
NC_045512.2	10491	G	C	1073	123	38	1	1	26	0.000931099	1074	0.999527	FALSE	ORF1ab:cds-YP_009725295.1	GGT	G	GCT	A	3409
NC_045512.2	10494	G	A	1089	126	38	1	0	26	0.000917431	1090	0.999526	FALSE	ORF1ab:cds-YP_009724389.1	AGT	S	AAT	N	3410
NC_045512.2	10494	G	A	1089	126	38	1	0	26	0.000917431	1090	0.999526	FALSE	ORF1ab:cds-YP_009725295.1	AGT	S	AAT	N	3410
NC_045512.2	10495	T	G	1080	124	38	1	0	27	0.000925069	1081	0.999526	FALSE	ORF1ab:cds-YP_009724389.1	AGT	S	AGG	R	3410
NC_045512.2	10495	T	G	1080	124	38	1	0	27	0.000925069	1081	0.999526	FALSE	ORF1ab:cds-YP_009725295.1	AGT	S	AGG	R	3410
NC_045512.2	10503	T	G	1097	128	38	1	0	27	0.000910747	1098	0.999526	FALSE	ORF1ab:cds-YP_009724389.1	TTT	F	TGT	C	3413
NC_045512.2	10503	T	G	1097	128	38	1	0	27	0.000910747	1098	0.999526	FALSE	ORF1ab:cds-YP_009725295.1	TTT	F	TGT	C	3413
NC_045512.2	10509	T	G	937	145	38	1	0	27	0.0010661	938	0.999052	FALSE	ORF1ab:cds-YP_009724389.1	ATA	I	AGA	R	3415
NC_045512.2	10509	T	G	937	145	38	1	0	27	0.0010661	938	0.999052	FALSE	ORF1ab:cds-YP_009725295.1	ATA	I	AGA	R	3415
NC_045512.2	10514	T	G	990	151	37	1	0	27	0.00100908	991	0.99905	FALSE	ORF1ab:cds-YP_009724389.1	TAT	Y	GAT	D	3417
NC_045512.2	10514	T	G	990	151	37	1	0	27	0.00100908	991	0.99905	FALSE	ORF1ab:cds-YP_009725295.1	TAT	Y	GAT	D	3417
NC_045512.2	10522	T	A	895	134	37	1	0	26	0.00111607	896	0.998096	FALSE	ORF1ab:cds-YP_009724389.1	TGT	C	TGA	*	3419
NC_045512.2	10522	T	A	895	134	37	1	0	26	0.00111607	896	0.998096	FALSE	ORF1ab:cds-YP_009725295.1	TGT	C	TGA	*	3419
NC_045512.2	10524	T	A	906	139	36	1	1	26	0.00110254	907	0.999053	FALSE	ORF1ab:cds-YP_009724389.1	GTC	V	GAC	D	3420
NC_045512.2	10524	T	A	906	139	36	1	1	26	0.00110254	907	0.999053	FALSE	ORF1ab:cds-YP_009725295.1	GTC	V	GAC	D	3420
NC_045512.2	10535	T	G	869	175	37	1	1	34	0.00114943	870	0.500288	FALSE	ORF1ab:cds-YP_009724389.1	TAC	Y	GAC	D	3424
NC_045512.2	10535	T	G	869	175	37	1	1	34	0.00114943	870	0.500288	FALSE	ORF1ab:cds-YP_009725295.1	TAC	Y	GAC	D	3424
NC_045512.2	10541	C	A	805	199	36	3	3	34	0.00371287	808	0.125	FALSE	ORF1ab:cds-YP_009724389.1	CAC	H	AAC	N	3426
NC_045512.2	10541	C	A	805	199	36	3	3	34	0.00371287	808	0.125	FALSE	ORF1ab:cds-YP_009725295.1	CAC	H	AAC	N	3426
NC_045512.2	10546	T	G	813	220	36	1	1	34	0.00122699	815	0.5	FALSE	ORF1ab:cds-YP_009724389.1	CAT	H	CAG	Q	3427
NC_045512.2	10546	T	G	813	220	36	1	1	34	0.00122699	815	0.5	FALSE	ORF1ab:cds-YP_009725295.1	CAT	H	CAG	Q	3427
NC_045512.2	10546	T	C	813	220	36	1	0	34	0.00122699	815	0.5	FALSE	ORF1ab:cds-YP_009724389.1	CAT	H	CAC	H	3427
NC_045512.2	10546	T	C	813	220	36	1	0	34	0.00122699	815	0.5	FALSE	ORF1ab:cds-YP_009725295.1	CAT	H	CAC	H	3427
NC_045512.2	10557	C	A	858	245	37	1	0	26	0.00116414	859	0.998098	FALSE	ORF1ab:cds-YP_009724389.1	CCA	P	CAA	Q	3431
NC_045512.2	10557	C	A	858	245	37	1	0	26	0.00116414	859	0.998098	FALSE	ORF1ab:cds-YP_009725295.1	CCA	P	CAA	Q	3431
NC_045512.2	10570	T	C	770	277	36	1	0	34	0.00129702	771	0.500324	FALSE	ORF1ab:cds-YP_009724389.1	CAT	H	CAC	H	3435
NC_045512.2	10570	T	C	770	277	36	1	0	34	0.00129702	771	0.500324	FALSE	ORF1ab:cds-YP_009725295.1	CAT	H	CAC	H	3435
NC_045512.2	10573	T	A	738	277	36	1	0	26	0.00135318	739	0.996188	FALSE	ORF1ab:cds-YP_009724389.1	GCT	A	GCA	A	3436
NC_045512.2	10573	T	A	738	277	36	1	0	26	0.00135318	739	0.996188	FALSE	ORF1ab:cds-YP_009725295.1	GCT	A	GCA	A	3436
NC_045512.2	10581	A	G	770	278	36	1	1	34	0.00129534	772	0.5	FALSE	ORF1ab:cds-YP_009724389.1	GAC	D	GGC	G	3439
NC_045512.2	10581	A	G	770	278	36	1	1	34	0.00129534	772	0.5	FALSE	ORF1ab:cds-YP_009725295.1	GAC	D	GGC	G	3439
NC_045512.2	10581	A	C	770	278	36	1	1	34	0.00129534	772	0.5	FALSE	ORF1ab:cds-YP_009724389.1	GAC	D	GCC	A	3439
NC_045512.2	10581	A	C	770	278	36	1	1	34	0.00129534	772	0.5	FALSE	ORF1ab:cds-YP_009725295.1	GAC	D	GCC	A	3439
NC_045512.2	10585	A	C	723	331	37	1	1	34	0.00138122	724	0.500346	FALSE	ORF1ab:cds-YP_009724389.1	TTA	L	TTC	F	3440
NC_045512.2	10585	A	C	723	331	37	1	1	34	0.00138122	724	0.500346	FALSE	ORF1ab:cds-YP_009725295.1	TTA	L	TTC	F	3440
NC_045512.2	10598	T	C	681	331	36	1	1	34	0.00146628	682	0.500367	FALSE	ORF1ab:cds-YP_009724389.1	TAT	Y	CAT	H	3445
NC_045512.2	10598	T	C	681	331	36	1	1	34	0.00146628	682	0.500367	FALSE	ORF1ab:cds-YP_009725295.1	TAT	Y	CAT	H	3445
NC_045512.2	10603	A	C	697	358	36	1	0	34	0.00143266	698	0.500358	FALSE	ORF1ab:cds-YP_009724389.1	GGA	G	GGC	G	3446
NC_045512.2	10603	A	C	697	358	36	1	0	34	0.00143266	698	0.500358	FALSE	ORF1ab:cds-YP_009725295.1	GGA	G	GGC	G	3446
NC_045512.2	10612	T	G	661	407	36	1	0	34	0.00151057	662	0.500378	FALSE	ORF1ab:cds-YP_009724389.1	GTT	V	GTG	V	3449
NC_045512.2	10612	T	G	661	407	36	1	0	34	0.00151057	662	0.500378	FALSE	ORF1ab:cds-YP_009725295.1	GTT	V	GTG	V	3449
NC_045512.2	10616	A	G	655	397	36	1	0	34	0.00152439	656	0.500381	FALSE	ORF1ab:cds-YP_009724389.1	AGG	R	GGG	G	3451
NC_045512.2	10616	A	G	655	397	36	1	0	34	0.00152439	656	0.500381	FALSE	ORF1ab:cds-YP_009725295.1	AGG	R	GGG	G	3451
NC_045512.2	10639	T	C	720	449	36	1	0	34	0.00138696	721	0.500347	FALSE	ORF1ab:cds-YP_009724389.1	GGT	G	GGC	G	3458
NC_045512.2	10639	T	C	720	449	36	1	0	34	0.00138696	721	0.500347	FALSE	ORF1ab:cds-YP_009725295.1	GGT	G	GGC	G	3458
NC_045512.2	10649	A	C	831	583	37	1	1	34	0.00120192	832	0.500301	FALSE	ORF1ab:cds-YP_009724389.1	ACT	T	CCT	P	3462
NC_045512.2	10649	A	C	831	583	37	1	1	34	0.00120192	832	0.500301	FALSE	ORF1ab:cds-YP_009725295.1	ACT	T	CCT	P	3462
NC_045512.2	10656	C	A	822	569	36	1	1	34	0.00121507	823	0.500304	FALSE	ORF1ab:cds-YP_009724389.1	ACA	T	AAA	K	3464
NC_045512.2	10656	C	A	822	569	36	1	1	34	0.00121507	823	0.500304	FALSE	ORF1ab:cds-YP_009725295.1	ACA	T	AAA	K	3464
NC_045512.2	10666	T	C	785	554	36	1	1	34	0.00127226	786	0.500318	FALSE	ORF1ab:cds-YP_009724389.1	GTT	V	GTC	V	3467
NC_045512.2	10666	T	C	785	554	36	1	1	34	0.00127226	786	0.500318	FALSE	ORF1ab:cds-YP_009725295.1	GTT	V	GTC	V	3467
NC_045512.2	10694	A	C	1071	918	38	1	1	34	0.000932836	1072	0.75035	FALSE	ORF1ab:cds-YP_009724389.1	AAT	N	CAT	H	3477
NC_045512.2	10694	A	C	1071	918	38	1	1	34	0.000932836	1072	0.75035	FALSE	ORF1ab:cds-YP_009725295.1	AAT	N	CAT	H	3477
NC_045512.2	10696	T	C	1066	916	38	1	1	34	0.000937207	1067	0.750352	FALSE	ORF1ab:cds-YP_009724389.1	AAT	N	AAC	N	3477
NC_045512.2	10696	T	C	1066	916	38	1	1	34	0.000937207	1067	0.750352	FALSE	ORF1ab:cds-YP_009725295.1	AAT	N	AAC	N	3477
NC_045512.2	10698	G	T	1092	943	38	1	1	34	0.000914913	1093	0.750343	FALSE	ORF1ab:cds-YP_009724389.1	GGA	G	GTA	V	3478
NC_045512.2	10698	G	T	1092	943	38	1	1	34	0.000914913	1093	0.750343	FALSE	ORF1ab:cds-YP_009725295.1	GGA	G	GTA	V	3478
NC_045512.2	10719	G	C	983	858	38	1	1	34	0.00101626	984	0.500254	FALSE	ORF1ab:cds-YP_009724389.1	CGA	R	CCA	P	3485
NC_045512.2	10719	G	C	983	858	38	1	1	34	0.00101626	984	0.500254	FALSE	ORF1ab:cds-YP_009725295.1	CGA	R	CCA	P	3485
NC_045512.2	10723	T	C	844	724	35	1	1	60	0.00118343	845	0.500296	FALSE	ORF1ab:cds-YP_009724389.1	TTT	F	TTC	F	3486
NC_045512.2	10723	T	C	844	724	35	1	1	60	0.00118343	845	0.500296	FALSE	ORF1ab:cds-YP_009725295.1	TTT	F	TTC	F	3486
NC_045512.2	10736	A	G	902	809	37	1	0	38	0.00110742	903	0.500277	FALSE	ORF1ab:cds-YP_009724389.1	AAT	N	GAT	D	3491
NC_045512.2	10736	A	G	902	809	37	1	0	38	0.00110742	903	0.500277	FALSE	ORF1ab:cds-YP_009725295.1	AAT	N	GAT	D	3491
NC_045512.2	10737	A	C	902	807	37	1	1	26	0.00110742	903	0.999053	FALSE	ORF1ab:cds-YP_009724389.1	AAT	N	ACT	T	3491
NC_045512.2	10737	A	C	902	807	37	1	1	26	0.00110742	903	0.999053	FALSE	ORF1ab:cds-YP_009725295.1	AAT	N	ACT	T	3491
NC_045512.2	10749	T	C	1423	765	35	1	1	34	0.000702247	1424	0.750263	FALSE	ORF1ab:cds-YP_009724389.1	CTT	L	CCT	P	3495
NC_045512.2	10749	T	C	1423	765	35	1	1	34	0.000702247	1424	0.750263	FALSE	ORF1ab:cds-YP_009725295.1	CTT	L	CCT	P	3495
NC_045512.2	10750	T	C	1277	621	35	3	2	34	0.00234375	1280	0.312647	FALSE	ORF1ab:cds-YP_009724389.1	CTT	L	CTC	L	3495
NC_045512.2	10750	T	C	1277	621	35	3	2	34	0.00234375	1280	0.312647	FALSE	ORF1ab:cds-YP_009725295.1	CTT	L	CTC	L	3495
NC_045512.2	10769	T	G	1501	578	35	1	0	34	0.000665779	1502	0.75025	FALSE	ORF1ab:cds-YP_009724389.1	TAT	Y	GAT	D	3502
NC_045512.2	10769	T	G	1501	578	35	1	0	34	0.000665779	1502	0.75025	FALSE	ORF1ab:cds-YP_009725295.1	TAT	Y	GAT	D	3502
NC_045512.2	10771	T	A	1492	579	35	1	0	34	0.000669792	1493	0.750251	FALSE	ORF1ab:cds-YP_009724389.1	TAT	Y	TAA	*	3502
NC_045512.2	10771	T	A	1492	579	35	1	0	34	0.000669792	1493	0.750251	FALSE	ORF1ab:cds-YP_009725295.1	TAT	Y	TAA	*	3502
NC_045512.2	10776	C	A	1609	544	35	1	0	34	0.000621118	1610	0.750233	FALSE	ORF1ab:cds-YP_009724389.1	CCT	P	CAT	H	3504
NC_045512.2	10776	C	A	1609	544	35	1	0	34	0.000621118	1610	0.750233	FALSE	ORF1ab:cds-YP_009725295.1	CCT	P	CAT	H	3504
NC_045512.2	10794	T	G	1375	99	35	1	1	26	0.000726216	1377	0.999941	FALSE	ORF1ab:cds-YP_009724389.1	GTT	V	GGT	G	3510
NC_045512.2	10794	T	G	1375	99	35	1	1	26	0.000726216	1377	0.999941	FALSE	ORF1ab:cds-YP_009725295.1	GTT	V	GGT	G	3510
NC_045512.2	10794	T	C	1375	99	35	1	0	34	0.000726216	1377	0.750091	FALSE	ORF1ab:cds-YP_009724389.1	GTT	V	GCT	A	3510
NC_045512.2	10794	T	C	1375	99	35	1	0	34	0.000726216	1377	0.750091	FALSE	ORF1ab:cds-YP_009725295.1	GTT	V	GCT	A	3510
NC_045512.2	10796	G	T	1448	141	37	1	0	26	0.000690131	1449	0.999971	FALSE	ORF1ab:cds-YP_009724389.1	GAC	D	TAC	Y	3511
NC_045512.2	10796	G	T	1448	141	37	1	0	26	0.000690131	1449	0.999971	FALSE	ORF1ab:cds-YP_009725295.1	GAC	D	TAC	Y	3511
NC_045512.2	10797	A	G	1444	144	37	1	0	68	0.000692042	1445	0.500173	FALSE	ORF1ab:cds-YP_009724389.1	GAC	D	GGC	G	3511
NC_045512.2	10797	A	G	1444	144	37	1	0	68	0.000692042	1445	0.500173	FALSE	ORF1ab:cds-YP_009725295.1	GAC	D	GGC	G	3511
NC_045512.2	10802	C	T	1562	185	38	1	0	68	0.000639795	1563	0.50016	FALSE	ORF1ab:cds-YP_009724389.1	CTA	L	TTA	L	3513
NC_045512.2	10802	C	T	1562	185	38	1	0	68	0.000639795	1563	0.50016	FALSE	ORF1ab:cds-YP_009725295.1	CTA	L	TTA	L	3513
NC_045512.2	10804	A	G	1568	250	40	6	2	44	0.00381194	1574	0.0155803	FALSE	ORF1ab:cds-YP_009724389.1	CTA	L	CTG	L	3513
NC_045512.2	10804	A	G	1568	250	40	6	2	44	0.00381194	1574	0.0155803	FALSE	ORF1ab:cds-YP_009725295.1	CTA	L	CTG	L	3513
NC_045512.2	10805	G	A	1582	251	39	1	0	34	0.000631712	1583	0.750237	FALSE	ORF1ab:cds-YP_009724389.1	GGA	G	AGA	R	3514
NC_045512.2	10805	G	A	1582	251	39	1	0	34	0.000631712	1583	0.750237	FALSE	ORF1ab:cds-YP_009725295.1	GGA	G	AGA	R	3514
NC_045512.2	10806	G	-A	1613	274	40	1	0	20	0.000619963	1613	0.999993	FALSE	NA	NA	NA	NA	NA	NA
NC_045512.2	10823	A	C	1315	316	38	2	0	26	0.0015186	1317	0.999529	FALSE	ORF1ab:cds-YP_009724389.1	ACT	T	CCT	P	3520
NC_045512.2	10823	A	C	1315	316	38	2	0	26	0.0015186	1317	0.999529	FALSE	ORF1ab:cds-YP_009725295.1	ACT	T	CCT	P	3520
NC_045512.2	10825	T	C	1739	314	41	1	1	68	0.000574713	1740	0.500144	FALSE	ORF1ab:cds-YP_009724389.1	ACT	T	ACC	T	3520
NC_045512.2	10825	T	C	1739	314	41	1	1	68	0.000574713	1740	0.500144	FALSE	ORF1ab:cds-YP_009725295.1	ACT	T	ACC	T	3520
NC_045512.2	10826	G	A	1739	317	41	1	0	68	0.000574713	1740	0.500144	FALSE	ORF1ab:cds-YP_009724389.1	GGA	G	AGA	R	3521
NC_045512.2	10826	G	A	1739	317	41	1	0	68	0.000574713	1740	0.500144	FALSE	ORF1ab:cds-YP_009725295.1	GGA	G	AGA	R	3521
NC_045512.2	10833	C	T	1563	380	41	2	2	34	0.00127796	1565	0.50024	FALSE	ORF1ab:cds-YP_009724389.1	GCC	A	GTC	V	3523
NC_045512.2	10833	C	T	1563	380	41	2	2	34	0.00127796	1565	0.50024	FALSE	ORF1ab:cds-YP_009725295.1	GCC	A	GTC	V	3523
NC_045512.2	10843	T	A	1502	444	40	1	0	34	0.000665336	1503	0.75025	FALSE	ORF1ab:cds-YP_009724389.1	GAT	D	GAA	E	3526
NC_045512.2	10843	T	A	1502	444	40	1	0	34	0.000665336	1503	0.75025	FALSE	ORF1ab:cds-YP_009725295.1	GAT	D	GAA	E	3526
NC_045512.2	10844	A	T	1428	435	39	1	1	20	0.00069979	1429	0.999971	FALSE	ORF1ab:cds-YP_009724389.1	ATG	M	TTG	L	3527
NC_045512.2	10844	A	T	1428	435	39	1	1	20	0.00069979	1429	0.999971	FALSE	ORF1ab:cds-YP_009725295.1	ATG	M	TTG	L	3527
NC_045512.2	10851	C	A	1480	499	40	1	0	34	0.000675219	1481	0.750253	FALSE	ORF1ab:cds-YP_009724389.1	GCT	A	GAT	D	3529
NC_045512.2	10851	C	A	1480	499	40	1	0	34	0.000675219	1481	0.750253	FALSE	ORF1ab:cds-YP_009725295.1	GCT	A	GAT	D	3529
NC_045512.2	10856	T	C	1435	494	40	1	0	34	0.000696379	1436	0.750261	FALSE	ORF1ab:cds-YP_009724389.1	TTA	L	CTA	L	3531
NC_045512.2	10856	T	C	1435	494	40	1	0	34	0.000696379	1436	0.750261	FALSE	ORF1ab:cds-YP_009725295.1	TTA	L	CTA	L	3531
NC_045512.2	10860	A	C	1434	524	40	1	1	34	0.000696864	1435	0.750261	FALSE	ORF1ab:cds-YP_009724389.1	AAA	K	ACA	T	3532
NC_045512.2	10860	A	C	1434	524	40	1	1	34	0.000696864	1435	0.750261	FALSE	ORF1ab:cds-YP_009725295.1	AAA	K	ACA	T	3532
NC_045512.2	10863	A	G	1385	551	39	1	0	34	0.000721501	1386	0.750271	FALSE	ORF1ab:cds-YP_009724389.1	GAA	E	GGA	G	3533
NC_045512.2	10863	A	G	1385	551	39	1	0	34	0.000721501	1386	0.750271	FALSE	ORF1ab:cds-YP_009725295.1	GAA	E	GGA	G	3533
NC_045512.2	10869	T	C	1388	605	40	1	1	34	0.000719942	1389	0.75027	FALSE	ORF1ab:cds-YP_009724389.1	CTG	L	CCG	P	3535
NC_045512.2	10869	T	C	1388	605	40	1	1	34	0.000719942	1389	0.75027	FALSE	ORF1ab:cds-YP_009725295.1	CTG	L	CCG	P	3535
NC_045512.2	10870	G	A	1386	605	40	2	1	51	0.00144092	1388	0.25009	FALSE	ORF1ab:cds-YP_009724389.1	CTG	L	CTA	L	3535
NC_045512.2	10870	G	A	1386	605	40	2	1	51	0.00144092	1388	0.25009	FALSE	ORF1ab:cds-YP_009725295.1	CTG	L	CTA	L	3535
NC_045512.2	10872	A	G	1402	609	40	1	0	34	0.000712758	1403	0.750267	FALSE	ORF1ab:cds-YP_009724389.1	CAA	Q	CGA	R	3536
NC_045512.2	10872	A	G	1402	609	40	1	0	34	0.000712758	1403	0.750267	FALSE	ORF1ab:cds-YP_009725295.1	CAA	Q	CGA	R	3536
NC_045512.2	10881	T	C	1294	622	39	1	1	26	0.000772201	1295	0.999882	FALSE	ORF1ab:cds-YP_009724389.1	ATG	M	ACG	T	3539
NC_045512.2	10881	T	C	1294	622	39	1	1	26	0.000772201	1295	0.999882	FALSE	ORF1ab:cds-YP_009725295.1	ATG	M	ACG	T	3539
NC_045512.2	10888	A	G	1233	658	38	1	1	34	0.000810373	1234	0.750304	FALSE	ORF1ab:cds-YP_009724389.1	GGA	G	GGG	G	3541
NC_045512.2	10888	A	G	1233	658	38	1	1	34	0.000810373	1234	0.750304	FALSE	ORF1ab:cds-YP_009725295.1	GGA	G	GGG	G	3541
NC_045512.2	10892	A	G	1251	672	38	1	0	34	0.000798722	1252	0.7503	FALSE	ORF1ab:cds-YP_009724389.1	ACC	T	GCC	A	3543
NC_045512.2	10892	A	G	1251	672	38	1	0	34	0.000798722	1252	0.7503	FALSE	ORF1ab:cds-YP_009725295.1	ACC	T	GCC	A	3543
NC_045512.2	10895	A	G	1330	678	37	1	1	34	0.000751315	1331	0.750282	FALSE	ORF1ab:cds-YP_009724389.1	ATA	I	GTA	V	3544
NC_045512.2	10895	A	G	1330	678	37	1	1	34	0.000751315	1331	0.750282	FALSE	ORF1ab:cds-YP_009725295.1	ATA	I	GTA	V	3544
NC_045512.2	10897	A	T	1311	678	36	1	0	26	0.000762195	1312	0.999941	FALSE	ORF1ab:cds-YP_009724389.1	ATA	I	ATT	I	3544
NC_045512.2	10897	A	T	1311	678	36	1	0	26	0.000762195	1312	0.999941	FALSE	ORF1ab:cds-YP_009725295.1	ATA	I	ATT	I	3544
NC_045512.2	10899	T	-G	1319	667	37	1	0	20	0.00075815	1319	0.999942	FALSE	NA	NA	NA	NA	NA	NA
NC_045512.2	10901	G	C	1272	657	37	1	1	26	0.000785546	1273	0.999882	FALSE	ORF1ab:cds-YP_009724389.1	GGT	G	CGT	R	3546
NC_045512.2	10901	G	C	1272	657	37	1	1	26	0.000785546	1273	0.999882	FALSE	ORF1ab:cds-YP_009725295.1	GGT	G	CGT	R	3546
NC_045512.2	10919	G	C	1326	853	39	1	1	26	0.00075358	1327	0.999941	FALSE	ORF1ab:cds-YP_009724389.1	GAT	D	CAT	H	3552
NC_045512.2	10919	G	C	1326	853	39	1	1	26	0.00075358	1327	0.999941	FALSE	ORF1ab:cds-YP_009725295.1	GAT	D	CAT	H	3552
NC_045512.2	10920	A	G	1363	922	38	1	0	34	0.000733138	1364	0.750275	FALSE	ORF1ab:cds-YP_009724389.1	GAT	D	GGT	G	3552
NC_045512.2	10920	A	G	1363	922	38	1	0	34	0.000733138	1364	0.750275	FALSE	ORF1ab:cds-YP_009725295.1	GAT	D	GGT	G	3552
NC_045512.2	10927	T	G	1370	929	38	1	0	34	0.000729395	1371	0.750274	FALSE	ORF1ab:cds-YP_009724389.1	TTT	F	TTG	L	3554
NC_045512.2	10927	T	G	1370	929	38	1	0	34	0.000729395	1371	0.750274	FALSE	ORF1ab:cds-YP_009725295.1	TTT	F	TTG	L	3554
NC_045512.2	10928	A	G	1407	943	39	1	1	34	0.000710227	1408	0.750266	FALSE	ORF1ab:cds-YP_009724389.1	ACA	T	GCA	A	3555
NC_045512.2	10928	A	G	1407	943	39	1	1	34	0.000710227	1408	0.750266	FALSE	ORF1ab:cds-YP_009725295.1	ACA	T	GCA	A	3555
NC_045512.2	10930	A	C	1376	925	39	1	1	34	0.000726216	1377	0.750272	FALSE	ORF1ab:cds-YP_009724389.1	ACA	T	ACC	T	3555
NC_045512.2	10930	A	C	1376	925	39	1	1	34	0.000726216	1377	0.750272	FALSE	ORF1ab:cds-YP_009725295.1	ACA	T	ACC	T	3555
NC_045512.2	10933	T	C	1400	930	39	1	1	68	0.000713776	1401	0.500179	FALSE	ORF1ab:cds-YP_009724389.1	CCT	P	CCC	P	3556
NC_045512.2	10933	T	C	1400	930	39	1	1	68	0.000713776	1401	0.500179	FALSE	ORF1ab:cds-YP_009725295.1	CCT	P	CCC	P	3556
NC_045512.2	10939	T	C	1383	949	39	1	1	34	0.000722543	1384	0.750271	FALSE	ORF1ab:cds-YP_009724389.1	GAT	D	GAC	D	3558
NC_045512.2	10939	T	C	1383	949	39	1	1	34	0.000722543	1384	0.750271	FALSE	ORF1ab:cds-YP_009725295.1	GAT	D	GAC	D	3558
NC_045512.2	10941	T	C	1414	943	38	1	1	34	0.000706714	1415	0.750265	FALSE	ORF1ab:cds-YP_009724389.1	GTT	V	GCT	A	3559
NC_045512.2	10941	T	C	1414	943	38	1	1	34	0.000706714	1415	0.750265	FALSE	ORF1ab:cds-YP_009725295.1	GTT	V	GCT	A	3559
NC_045512.2	10943	G	T	1404	935	38	1	0	34	0.000711744	1405	0.750267	FALSE	ORF1ab:cds-YP_009724389.1	GTT	V	TTT	F	3560
NC_045512.2	10943	G	T	1404	935	38	1	0	34	0.000711744	1405	0.750267	FALSE	ORF1ab:cds-YP_009725295.1	GTT	V	TTT	F	3560
NC_045512.2	10944	T	G	1413	954	38	1	1	26	0.000707214	1414	0.999971	FALSE	ORF1ab:cds-YP_009724389.1	GTT	V	GGT	G	3560
NC_045512.2	10944	T	G	1413	954	38	1	1	26	0.000707214	1414	0.999971	FALSE	ORF1ab:cds-YP_009725295.1	GTT	V	GGT	G	3560
NC_045512.2	10955	T	G	1369	921	38	1	1	34	0.000729927	1370	0.750274	FALSE	ORF1ab:cds-YP_009724389.1	TCA	S	GCA	A	3564
NC_045512.2	10955	T	G	1369	921	38	1	1	34	0.000729927	1370	0.750274	FALSE	ORF1ab:cds-YP_009725295.1	TCA	S	GCA	A	3564
NC_045512.2	10959	G	C	1404	968	38	1	1	34	0.000711744	1405	0.750267	FALSE	ORF1ab:cds-YP_009724389.1	GGT	G	GCT	A	3565
NC_045512.2	10959	G	C	1404	968	38	1	1	34	0.000711744	1405	0.750267	FALSE	ORF1ab:cds-YP_009725295.1	GGT	G	GCT	A	3565
NC_045512.2	10961	G	T	1407	986	38	1	1	34	0.000710227	1408	0.750266	FALSE	ORF1ab:cds-YP_009724389.1	GTT	V	TTT	F	3566
NC_045512.2	10961	G	T	1407	986	38	1	1	34	0.000710227	1408	0.750266	FALSE	ORF1ab:cds-YP_009725295.1	GTT	V	TTT	F	3566
NC_045512.2	10962	T	C	1399	992	39	1	0	34	0.000714286	1400	0.750268	FALSE	ORF1ab:cds-YP_009724389.1	GTT	V	GCT	A	3566
NC_045512.2	10962	T	C	1399	992	39	1	0	34	0.000714286	1400	0.750268	FALSE	ORF1ab:cds-YP_009725295.1	GTT	V	GCT	A	3566
NC_045512.2	10971	A	G	1521	1153	40	1	1	24	0.00065703	1522	0.999985	FALSE	ORF1ab:cds-YP_009724389.1	CAA	Q	CGA	R	3569
NC_045512.2	10971	A	G	1521	1153	40	1	1	24	0.00065703	1522	0.999985	FALSE	ORF1ab:cds-YP_009725295.1	CAA	Q	CGA	R	3569
NC_045512.2	10973	A	C	1485	1132	40	1	1	34	0.000672948	1486	0.750252	FALSE	ORF1ab:cds-YP_009724389.1	AGT	S	CGT	R	3570
NC_045512.2	10973	A	C	1485	1132	40	1	1	34	0.000672948	1486	0.750252	FALSE	ORF1ab:cds-YP_009725295.1	AGT	S	CGT	R	3570
NC_045512.2	10974	G	C	1537	1166	41	1	1	34	0.000650195	1538	0.750244	FALSE	ORF1ab:cds-YP_009724389.1	AGT	S	ACT	T	3570
NC_045512.2	10974	G	C	1537	1166	41	1	1	34	0.000650195	1538	0.750244	FALSE	ORF1ab:cds-YP_009725295.1	AGT	S	ACT	T	3570
NC_045512.2	10981	G	T	1546	1197	40	1	1	34	0.000646412	1547	0.750242	FALSE	ORF1ab:cds-YP_009724389.1	GTG	V	GTT	V	3572
NC_045512.2	10981	G	T	1546	1197	40	1	1	34	0.000646412	1547	0.750242	FALSE	ORF1ab:cds-YP_009725295.1	GTG	V	GTT	V	3572
NC_045512.2	10983	A	C	1544	1209	40	1	1	27	0.000647249	1545	0.999985	FALSE	ORF1ab:cds-YP_009724389.1	AAA	K	ACA	T	3573
NC_045512.2	10983	A	C	1544	1209	40	1	1	27	0.000647249	1545	0.999985	FALSE	ORF1ab:cds-YP_009725295.1	AAA	K	ACA	T	3573
NC_045512.2	10984	A	G	1539	1205	40	2	1	34	0.00129786	1541	0.500244	FALSE	ORF1ab:cds-YP_009724389.1	AAA	K	AAG	K	3573
NC_045512.2	10984	A	G	1539	1205	40	2	1	34	0.00129786	1541	0.500244	FALSE	ORF1ab:cds-YP_009725295.1	AAA	K	AAG	K	3573
NC_045512.2	10987	A	C	1503	1196	39	1	1	34	0.000664894	1504	0.750249	FALSE	ORF1ab:cds-YP_009724389.1	AGA	R	AGC	S	3574
NC_045512.2	10987	A	C	1503	1196	39	1	1	34	0.000664894	1504	0.750249	FALSE	ORF1ab:cds-YP_009725295.1	AGA	R	AGC	S	3574
NC_045512.2	10990	A	G	1486	1169	40	1	1	68	0.000672495	1487	0.500168	FALSE	ORF1ab:cds-YP_009724389.1	ACA	T	ACG	T	3575
NC_045512.2	10990	A	G	1486	1169	40	1	1	68	0.000672495	1487	0.500168	FALSE	ORF1ab:cds-YP_009725295.1	ACA	T	ACG	T	3575
NC_045512.2	10995	A	G	1432	1170	37	1	0	26	0.000697837	1433	0.999971	FALSE	ORF1ab:cds-YP_009724389.1	AAG	K	AGG	R	3577
NC_045512.2	10995	A	G	1432	1170	37	1	0	26	0.000697837	1433	0.999971	FALSE	ORF1ab:cds-YP_009725295.1	AAG	K	AGG	R	3577
NC_045512.2	10998	G	T	1461	1235	37	1	1	34	0.000683995	1462	0.750257	FALSE	ORF1ab:cds-YP_009724389.1	GGT	G	GTT	V	3578
NC_045512.2	10998	G	T	1461	1235	37	1	1	34	0.000683995	1462	0.750257	FALSE	ORF1ab:cds-YP_009725295.1	GGT	G	GTT	V	3578
NC_045512.2	11001	C	A	1435	1225	37	1	1	34	0.000696379	1436	0.750261	FALSE	ORF1ab:cds-YP_009724389.1	ACA	T	AAA	K	3579
NC_045512.2	11001	C	A	1435	1225	37	1	1	34	0.000696379	1436	0.750261	FALSE	ORF1ab:cds-YP_009725295.1	ACA	T	AAA	K	3579
NC_045512.2	11002	A	G	1440	1239	37	1	1	34	0.000693963	1441	0.75026	FALSE	ORF1ab:cds-YP_009724389.1	ACA	T	ACG	T	3579
NC_045512.2	11002	A	G	1440	1239	37	1	1	34	0.000693963	1441	0.75026	FALSE	ORF1ab:cds-YP_009725295.1	ACA	T	ACG	T	3579
NC_045512.2	11003	C	A	1497	1307	38	2	2	30	0.00133422	1499	0.50025	FALSE	ORF1ab:cds-YP_009724389.1	CAC	H	AAC	N	3580
NC_045512.2	11003	C	A	1497	1307	38	2	2	30	0.00133422	1499	0.50025	FALSE	ORF1ab:cds-YP_009725295.1	CAC	H	AAC	N	3580
NC_045512.2	11004	A	C	1423	1247	38	1	1	34	0.000702247	1424	0.750263	FALSE	ORF1ab:cds-YP_009724389.1	CAC	H	CCC	P	3580
NC_045512.2	11004	A	C	1423	1247	38	1	1	34	0.000702247	1424	0.750263	FALSE	ORF1ab:cds-YP_009725295.1	CAC	H	CCC	P	3580
NC_045512.2	11007	A	C	1256	1083	38	1	1	34	0.000795545	1257	0.750298	FALSE	ORF1ab:cds-YP_009724389.1	CAC	H	CCC	P	3581
NC_045512.2	11007	A	C	1256	1083	38	1	1	34	0.000795545	1257	0.750298	FALSE	ORF1ab:cds-YP_009725295.1	CAC	H	CCC	P	3581
NC_045512.2	11013	T	C	1134	971	38	1	1	68	0.000881057	1135	0.50022	FALSE	ORF1ab:cds-YP_009724389.1	TTG	L	TCG	S	3583
NC_045512.2	11013	T	C	1134	971	38	1	1	68	0.000881057	1135	0.50022	FALSE	ORF1ab:cds-YP_009725295.1	TTG	L	TCG	S	3583
NC_045512.2	11014	G	-T	1130	967	39	1	0	20	0.000884956	1130	0.999765	FALSE	NA	NA	NA	NA	NA	NA
NC_045512.2	11032	T	G	2265	1005	35	1	1	68	0.000441306	2266	0.50011	FALSE	ORF1ab:cds-YP_009724389.1	ACT	T	ACG	T	3589
NC_045512.2	11032	T	G	2265	1005	35	1	1	68	0.000441306	2266	0.50011	FALSE	ORF1ab:cds-YP_009725295.1	ACT	T	ACG	T	3589
NC_045512.2	11033	T	A	2255	997	35	1	1	34	0.000443262	2256	0.875166	FALSE	ORF1ab:cds-YP_009724389.1	TCA	S	ACA	T	3590
NC_045512.2	11033	T	A	2255	997	35	1	1	34	0.000443262	2256	0.875166	FALSE	ORF1ab:cds-YP_009725295.1	TCA	S	ACA	T	3590
NC_045512.2	11038	T	A	2376	1038	35	1	0	34	0.000420698	2377	0.875158	FALSE	ORF1ab:cds-YP_009724389.1	CTT	L	CTA	L	3591
NC_045512.2	11038	T	A	2376	1038	35	1	0	34	0.000420698	2377	0.875158	FALSE	ORF1ab:cds-YP_009725295.1	CTT	L	CTA	L	3591
NC_045512.2	11040	T	G	2384	1011	35	2	0	30	0.000837872	2387	0.687579	FALSE	ORF1ab:cds-YP_009724389.1	TTA	L	TGA	*	3592
NC_045512.2	11040	T	G	2384	1011	35	2	0	30	0.000837872	2387	0.687579	FALSE	ORF1ab:cds-YP_009725295.1	TTA	L	TGA	*	3592
NC_045512.2	11040	T	C	2384	1011	35	1	0	34	0.000418936	2387	0.875	FALSE	ORF1ab:cds-YP_009724389.1	TTA	L	TCA	S	3592
NC_045512.2	11040	T	C	2384	1011	35	1	0	34	0.000418936	2387	0.875	FALSE	ORF1ab:cds-YP_009725295.1	TTA	L	TCA	S	3592
NC_045512.2	11044	T	C	2528	1073	34	1	1	34	0.000395257	2530	0.875074	FALSE	ORF1ab:cds-YP_009724389.1	GTT	V	GTC	V	3593
NC_045512.2	11044	T	C	2528	1073	34	1	1	34	0.000395257	2530	0.875074	FALSE	ORF1ab:cds-YP_009725295.1	GTT	V	GTC	V	3593
NC_045512.2	11044	T	A	2528	1073	34	1	0	34	0.000395257	2530	0.875074	FALSE	ORF1ab:cds-YP_009724389.1	GTT	V	GTA	V	3593
NC_045512.2	11044	T	A	2528	1073	34	1	0	34	0.000395257	2530	0.875074	FALSE	ORF1ab:cds-YP_009725295.1	GTT	V	GTA	V	3593
NC_045512.2	11047	A	C	2676	1057	35	1	1	34	0.000373552	2677	0.87514	FALSE	ORF1ab:cds-YP_009724389.1	TTA	L	TTC	F	3594
NC_045512.2	11047	A	C	2676	1057	35	1	1	34	0.000373552	2677	0.87514	FALSE	ORF1ab:cds-YP_009725295.1	TTA	L	TTC	F	3594
NC_045512.2	11048	G	T	2864	1050	34	1	0	26	0.00034904	2865	1	FALSE	ORF1ab:cds-YP_009724389.1	GTC	V	TTC	F	3595
NC_045512.2	11048	G	T	2864	1050	34	1	0	26	0.00034904	2865	1	FALSE	ORF1ab:cds-YP_009725295.1	GTC	V	TTC	F	3595
NC_045512.2	11051	C	T	2847	1064	34	1	1	34	0.000351124	2848	0.875132	FALSE	ORF1ab:cds-YP_009724389.1	CAG	Q	TAG	*	3596
NC_045512.2	11051	C	T	2847	1064	34	1	1	34	0.000351124	2848	0.875132	FALSE	ORF1ab:cds-YP_009725295.1	CAG	Q	TAG	*	3596
NC_045512.2	11054	A	C	3102	1058	34	1	0	34	0.000322269	3103	0.937601	FALSE	ORF1ab:cds-YP_009724389.1	AGT	S	CGT	R	3597
NC_045512.2	11054	A	C	3102	1058	34	1	0	34	0.000322269	3103	0.937601	FALSE	ORF1ab:cds-YP_009725295.1	AGT	S	CGT	R	3597
NC_045512.2	11056	T	C	3613	1048	34	1	1	34	0.000276702	3614	0.937586	FALSE	ORF1ab:cds-YP_009724389.1	AGT	S	AGC	S	3597
NC_045512.2	11056	T	C	3613	1048	34	1	1	34	0.000276702	3614	0.937586	FALSE	ORF1ab:cds-YP_009725295.1	AGT	S	AGC	S	3597
NC_045512.2	11060	C	A	3831	977	34	1	1	26	0.00026096	3832	1	FALSE	ORF1ab:cds-YP_009724389.1	CAA	Q	AAA	K	3599
NC_045512.2	11060	C	A	3831	977	34	1	1	26	0.00026096	3832	1	FALSE	ORF1ab:cds-YP_009725295.1	CAA	Q	AAA	K	3599
NC_045512.2	11063	T	G	3691	876	35	1	0	34	0.000270856	3692	0.937585	FALSE	ORF1ab:cds-YP_009724389.1	TGG	W	GGG	G	3600
NC_045512.2	11063	T	G	3691	876	35	1	0	34	0.000270856	3692	0.937585	FALSE	ORF1ab:cds-YP_009725295.1	TGG	W	GGG	G	3600
NC_045512.2	11066	T	G	3544	644	34	1	0	34	0.000282087	3545	0.937588	FALSE	ORF1ab:cds-YP_009724389.1	TCT	S	GCT	A	3601
NC_045512.2	11066	T	G	3544	644	34	1	0	34	0.000282087	3545	0.937588	FALSE	ORF1ab:cds-YP_009725295.1	TCT	S	GCT	A	3601
NC_045512.2	11072	T	A	3633	685	35	1	0	34	0.000275179	3634	0.937586	FALSE	ORF1ab:cds-YP_009724389.1	TTC	F	ATC	I	3603
NC_045512.2	11072	T	A	3633	685	35	1	0	34	0.000275179	3634	0.937586	FALSE	ORF1ab:cds-YP_009725295.1	TTC	F	ATC	I	3603
NC_045512.2	11073	T	C	3621	663	35	2	1	30	0.000552029	3623	0.812673	FALSE	ORF1ab:cds-YP_009724389.1	TTC	F	TCC	S	3603
NC_045512.2	11073	T	C	3621	663	35	2	1	30	0.000552029	3623	0.812673	FALSE	ORF1ab:cds-YP_009725295.1	TTC	F	TCC	S	3603
NC_045512.2	11074	C	-T	3635	692	36	20	0	20	0.00550206	3635	0.989736	FALSE	NA	NA	NA	NA	NA	NA
NC_045512.2	11074	C	+T	3635	692	36	11	0	20	0.00302613	3635	0.999955	FALSE	NA	NA	NA	NA	NA	NA
NC_045512.2	11082	T	G	3599	654	36	1	1	34	0.000277778	3600	0.937587	FALSE	ORF1ab:cds-YP_009724389.1	TTG	L	TGG	W	3606
NC_045512.2	11082	T	G	3599	654	36	1	1	34	0.000277778	3600	0.937587	FALSE	ORF1ab:cds-YP_009725295.1	TTG	L	TGG	W	3606
NC_045512.2	11084	T	C	3594	636	36	1	0	34	0.000278164	3595	0.937587	FALSE	ORF1ab:cds-YP_009724389.1	TAT	Y	CAT	H	3607
NC_045512.2	11084	T	C	3594	636	36	1	0	34	0.000278164	3595	0.937587	FALSE	ORF1ab:cds-YP_009725295.1	TAT	Y	CAT	H	3607
NC_045512.2	11085	A	G	3630	655	36	2	0	30	0.000550661	3632	0.812672	FALSE	ORF1ab:cds-YP_009724389.1	TAT	Y	TGT	C	3607
NC_045512.2	11085	A	G	3630	655	36	2	0	30	0.000550661	3632	0.812672	FALSE	ORF1ab:cds-YP_009725295.1	TAT	Y	TGT	C	3607
NC_045512.2	11086	T	A	3587	656	36	1	0	34	0.000278707	3588	0.937587	FALSE	ORF1ab:cds-YP_009724389.1	TAT	Y	TAA	*	3607
NC_045512.2	11086	T	A	3587	656	36	1	0	34	0.000278707	3588	0.937587	FALSE	ORF1ab:cds-YP_009725295.1	TAT	Y	TAA	*	3607
NC_045512.2	11087	G	A	3650	664	36	1	0	34	0.000273898	3651	0.937586	FALSE	ORF1ab:cds-YP_009724389.1	GAA	E	AAA	K	3608
NC_045512.2	11087	G	A	3650	664	36	1	0	34	0.000273898	3651	0.937586	FALSE	ORF1ab:cds-YP_009725295.1	GAA	E	AAA	K	3608
NC_045512.2	11088	A	G	2854	663	33	1	0	34	0.000350263	2855	0.875131	FALSE	ORF1ab:cds-YP_009724389.1	GAA	E	GGA	G	3608
NC_045512.2	11088	A	G	2854	663	33	1	0	34	0.000350263	2855	0.875131	FALSE	ORF1ab:cds-YP_009725295.1	GAA	E	GGA	G	3608
NC_045512.2	11090	A	C	3409	415	37	1	0	34	0.000293255	3410	0.937592	FALSE	ORF1ab:cds-YP_009724389.1	AAT	N	CAT	H	3609
NC_045512.2	11090	A	C	3409	415	37	1	0	34	0.000293255	3410	0.937592	FALSE	ORF1ab:cds-YP_009725295.1	AAT	N	CAT	H	3609
NC_045512.2	11091	A	G	3412	421	37	1	0	34	0.000292826	3415	0.937518	FALSE	ORF1ab:cds-YP_009724389.1	AAT	N	AGT	S	3609
NC_045512.2	11091	A	G	3412	421	37	1	0	34	0.000292826	3415	0.937518	FALSE	ORF1ab:cds-YP_009725295.1	AAT	N	AGT	S	3609
NC_045512.2	11091	A	C	3412	421	37	2	2	26	0.000585652	3415	1	FALSE	ORF1ab:cds-YP_009724389.1	AAT	N	ACT	T	3609
NC_045512.2	11091	A	C	3412	421	37	2	2	26	0.000585652	3415	1	FALSE	ORF1ab:cds-YP_009725295.1	AAT	N	ACT	T	3609
NC_045512.2	11092	T	A	3382	425	37	1	0	26	0.000295596	3383	1	FALSE	ORF1ab:cds-YP_009724389.1	AAT	N	AAA	K	3609
NC_045512.2	11092	T	A	3382	425	37	1	0	26	0.000295596	3383	1	FALSE	ORF1ab:cds-YP_009725295.1	AAT	N	AAA	K	3609
NC_045512.2	11093	G	C	3387	425	37	1	1	26	0.000295072	3389	1	FALSE	ORF1ab:cds-YP_009724389.1	GCC	A	CCC	P	3610
NC_045512.2	11093	G	C	3387	425	37	1	1	26	0.000295072	3389	1	FALSE	ORF1ab:cds-YP_009725295.1	GCC	A	CCC	P	3610
NC_045512.2	11093	G	A	3387	425	37	1	0	34	0.000295072	3389	0.937555	FALSE	ORF1ab:cds-YP_009724389.1	GCC	A	ACC	T	3610
NC_045512.2	11093	G	A	3387	425	37	1	0	34	0.000295072	3389	0.937555	FALSE	ORF1ab:cds-YP_009725295.1	GCC	A	ACC	T	3610
NC_045512.2	11094	C	T	3344	431	36	1	0	34	0.000298775	3347	0.937519	FALSE	ORF1ab:cds-YP_009724389.1	GCC	A	GTC	V	3610
NC_045512.2	11094	C	T	3344	431	36	1	0	34	0.000298775	3347	0.937519	FALSE	ORF1ab:cds-YP_009725295.1	GCC	A	GTC	V	3610
NC_045512.2	11094	C	G	3344	431	36	1	0	34	0.000298775	3347	0.937519	FALSE	ORF1ab:cds-YP_009724389.1	GCC	A	GGC	G	3610
NC_045512.2	11094	C	G	3344	431	36	1	0	34	0.000298775	3347	0.937519	FALSE	ORF1ab:cds-YP_009725295.1	GCC	A	GGC	G	3610
NC_045512.2	11094	C	A	3344	431	36	1	0	34	0.000298775	3347	0.937519	FALSE	ORF1ab:cds-YP_009724389.1	GCC	A	GAC	D	3610
NC_045512.2	11094	C	A	3344	431	36	1	0	34	0.000298775	3347	0.937519	FALSE	ORF1ab:cds-YP_009725295.1	GCC	A	GAC	D	3610
NC_045512.2	11104	T	G	3533	493	37	1	0	34	0.000282885	3535	0.937553	FALSE	ORF1ab:cds-YP_009724389.1	CCT	P	CCG	P	3613
NC_045512.2	11104	T	G	3533	493	37	1	0	34	0.000282885	3535	0.937553	FALSE	ORF1ab:cds-YP_009725295.1	CCT	P	CCG	P	3613
NC_045512.2	11104	T	C	3533	493	37	1	1	26	0.000282885	3535	1	FALSE	ORF1ab:cds-YP_009724389.1	CCT	P	CCC	P	3613
NC_045512.2	11104	T	C	3533	493	37	1	1	26	0.000282885	3535	1	FALSE	ORF1ab:cds-YP_009725295.1	CCT	P	CCC	P	3613
NC_045512.2	11107	T	C	3604	511	38	1	0	34	0.000277393	3605	0.937587	FALSE	ORF1ab:cds-YP_009724389.1	TTT	F	TTC	F	3614
NC_045512.2	11107	T	C	3604	511	38	1	0	34	0.000277393	3605	0.937587	FALSE	ORF1ab:cds-YP_009725295.1	TTT	F	TTC	F	3614
NC_045512.2	11109	C	A	3153	626	38	1	0	34	0.000317058	3154	0.937599	FALSE	ORF1ab:cds-YP_009724389.1	GCT	A	GAT	D	3615
NC_045512.2	11109	C	A	3153	626	38	1	0	34	0.000317058	3154	0.937599	FALSE	ORF1ab:cds-YP_009725295.1	GCT	A	GAT	D	3615
NC_045512.2	11110	T	A	3187	626	38	1	0	34	0.000313676	3188	0.937598	FALSE	ORF1ab:cds-YP_009724389.1	GCT	A	GCA	A	3615
NC_045512.2	11110	T	A	3187	626	38	1	0	34	0.000313676	3188	0.937598	FALSE	ORF1ab:cds-YP_009725295.1	GCT	A	GCA	A	3615
NC_045512.2	11113	G	T	3575	656	38	2	0	47	0.000558971	3578	0.249965	FALSE	ORF1ab:cds-YP_009724389.1	ATG	M	ATT	I	3616
NC_045512.2	11113	G	T	3575	656	38	2	0	47	0.000558971	3578	0.249965	FALSE	ORF1ab:cds-YP_009725295.1	ATG	M	ATT	I	3616
NC_045512.2	11113	G	A	3575	656	38	1	0	26	0.000279486	3578	1	FALSE	ORF1ab:cds-YP_009724389.1	ATG	M	ATA	I	3616
NC_045512.2	11113	G	A	3575	656	38	1	0	26	0.000279486	3578	1	FALSE	ORF1ab:cds-YP_009725295.1	ATG	M	ATA	I	3616
NC_045512.2	11116	T	C	3787	657	37	1	1	34	0.000263992	3788	0.937582	FALSE	ORF1ab:cds-YP_009724389.1	GGT	G	GGC	G	3617
NC_045512.2	11116	T	C	3787	657	37	1	1	34	0.000263992	3788	0.937582	FALSE	ORF1ab:cds-YP_009725295.1	GGT	G	GGC	G	3617
NC_045512.2	11121	T	C	3961	740	38	1	0	34	0.000252398	3962	0.937579	FALSE	ORF1ab:cds-YP_009724389.1	ATT	I	ACT	T	3619
NC_045512.2	11121	T	C	3961	740	38	1	0	34	0.000252398	3962	0.937579	FALSE	ORF1ab:cds-YP_009725295.1	ATT	I	ACT	T	3619
NC_045512.2	11124	C	A	3704	685	38	1	1	34	0.000269906	3705	0.937584	FALSE	ORF1ab:cds-YP_009724389.1	GCT	A	GAT	D	3620
NC_045512.2	11124	C	A	3704	685	38	1	1	34	0.000269906	3705	0.937584	FALSE	ORF1ab:cds-YP_009725295.1	GCT	A	GAT	D	3620
NC_045512.2	11127	T	C	3712	625	37	2	2	68	0.000538503	3714	0.250034	FALSE	ORF1ab:cds-YP_009724389.1	ATG	M	ACG	T	3621
NC_045512.2	11127	T	C	3712	625	37	2	2	68	0.000538503	3714	0.250034	FALSE	ORF1ab:cds-YP_009725295.1	ATG	M	ACG	T	3621
NC_045512.2	11129	T	A	3725	670	38	1	0	26	0.000268384	3726	1	FALSE	ORF1ab:cds-YP_009724389.1	TCT	S	ACT	T	3622
NC_045512.2	11129	T	A	3725	670	38	1	0	26	0.000268384	3726	1	FALSE	ORF1ab:cds-YP_009725295.1	TCT	S	ACT	T	3622
NC_045512.2	11134	T	G	3876	883	39	2	0	34	0.000515464	3880	0.8125	FALSE	ORF1ab:cds-YP_009724389.1	GCT	A	GCG	A	3623
NC_045512.2	11134	T	G	3876	883	39	2	0	34	0.000515464	3880	0.8125	FALSE	ORF1ab:cds-YP_009725295.1	GCT	A	GCG	A	3623
NC_045512.2	11134	T	C	3876	883	39	2	0	34	0.000515464	3880	0.8125	FALSE	ORF1ab:cds-YP_009724389.1	GCT	A	GCC	A	3623
NC_045512.2	11134	T	C	3876	883	39	2	0	34	0.000515464	3880	0.8125	FALSE	ORF1ab:cds-YP_009725295.1	GCT	A	GCC	A	3623
NC_045512.2	11141	A	G	3894	900	39	1	0	34	0.000256739	3895	0.93758	FALSE	ORF1ab:cds-YP_009724389.1	ATG	M	GTG	V	3626
NC_045512.2	11141	A	G	3894	900	39	1	0	34	0.000256739	3895	0.93758	FALSE	ORF1ab:cds-YP_009725295.1	ATG	M	GTG	V	3626
NC_045512.2	11143	G	A	3915	910	39	1	0	34	0.000255363	3916	0.93758	FALSE	ORF1ab:cds-YP_009724389.1	ATG	M	ATA	I	3626
NC_045512.2	11143	G	A	3915	910	39	1	0	34	0.000255363	3916	0.93758	FALSE	ORF1ab:cds-YP_009725295.1	ATG	M	ATA	I	3626
NC_045512.2	11151	T	A	3644	1002	38	1	0	26	0.000274348	3645	1	FALSE	ORF1ab:cds-YP_009724389.1	GTC	V	GAC	D	3629
NC_045512.2	11151	T	A	3644	1002	38	1	0	26	0.000274348	3645	1	FALSE	ORF1ab:cds-YP_009725295.1	GTC	V	GAC	D	3629
NC_045512.2	11160	A	G	3168	1205	36	1	1	34	0.000315557	3169	0.937599	FALSE	ORF1ab:cds-YP_009724389.1	AAG	K	AGG	R	3632
NC_045512.2	11160	A	G	3168	1205	36	1	1	34	0.000315557	3169	0.937599	FALSE	ORF1ab:cds-YP_009725295.1	AAG	K	AGG	R	3632
NC_045512.2	11168	T	G	3008	1189	36	1	0	34	0.000332336	3009	0.937604	FALSE	ORF1ab:cds-YP_009724389.1	TTT	F	GTT	V	3635
NC_045512.2	11168	T	G	3008	1189	36	1	0	34	0.000332336	3009	0.937604	FALSE	ORF1ab:cds-YP_009725295.1	TTT	F	GTT	V	3635
NC_045512.2	11169	T	C	3088	1183	37	1	0	34	0.000323729	3089	0.937601	FALSE	ORF1ab:cds-YP_009724389.1	TTT	F	TCT	S	3635
NC_045512.2	11169	T	C	3088	1183	37	1	0	34	0.000323729	3089	0.937601	FALSE	ORF1ab:cds-YP_009725295.1	TTT	F	TCT	S	3635
NC_045512.2	11170	T	C	2841	909	36	1	0	34	0.000351865	2842	0.875132	FALSE	ORF1ab:cds-YP_009724389.1	TTT	F	TTC	F	3635
NC_045512.2	11170	T	C	2841	909	36	1	0	34	0.000351865	2842	0.875132	FALSE	ORF1ab:cds-YP_009725295.1	TTT	F	TTC	F	3635
NC_045512.2	11172	T	C	3120	1238	37	1	0	34	0.00032041	3121	0.9376	FALSE	ORF1ab:cds-YP_009724389.1	CTC	L	CCC	P	3636
NC_045512.2	11172	T	C	3120	1238	37	1	0	34	0.00032041	3121	0.9376	FALSE	ORF1ab:cds-YP_009725295.1	CTC	L	CCC	P	3636
NC_045512.2	11177	T	C	3084	1258	37	1	1	34	0.000324149	3085	0.937601	FALSE	ORF1ab:cds-YP_009724389.1	TTG	L	CTG	L	3638
NC_045512.2	11177	T	C	3084	1258	37	1	1	34	0.000324149	3085	0.937601	FALSE	ORF1ab:cds-YP_009725295.1	TTG	L	CTG	L	3638
NC_045512.2	11178	T	C	3129	1250	38	1	1	26	0.000319489	3130	1	FALSE	ORF1ab:cds-YP_009724389.1	TTG	L	TCG	S	3638
NC_045512.2	11178	T	C	3129	1250	38	1	1	26	0.000319489	3130	1	FALSE	ORF1ab:cds-YP_009725295.1	TTG	L	TCG	S	3638
NC_045512.2	11181	T	C	3176	1318	38	1	0	34	0.000314762	3177	0.937598	FALSE	ORF1ab:cds-YP_009724389.1	TTT	F	TCT	S	3639
NC_045512.2	11181	T	C	3176	1318	38	1	0	34	0.000314762	3177	0.937598	FALSE	ORF1ab:cds-YP_009725295.1	TTT	F	TCT	S	3639
NC_045512.2	11184	T	C	3169	1302	38	1	1	26	0.000315457	3170	1	FALSE	ORF1ab:cds-YP_009724389.1	TTG	L	TCG	S	3640
NC_045512.2	11184	T	C	3169	1302	38	1	1	26	0.000315457	3170	1	FALSE	ORF1ab:cds-YP_009725295.1	TTG	L	TCG	S	3640
NC_045512.2	11193	C	T	3204	1333	38	1	0	34	0.000312012	3205	0.937597	FALSE	ORF1ab:cds-YP_009724389.1	TCT	S	TTT	F	3643
NC_045512.2	11193	C	T	3204	1333	38	1	0	34	0.000312012	3205	0.937597	FALSE	ORF1ab:cds-YP_009725295.1	TCT	S	TTT	F	3643
NC_045512.2	11204	G	T	3645	1918	39	1	1	26	0.000274273	3646	1	FALSE	ORF1ab:cds-YP_009724389.1	GTA	V	TTA	L	3647
NC_045512.2	11204	G	T	3645	1918	39	1	1	26	0.000274273	3646	1	FALSE	ORF1ab:cds-YP_009725295.1	GTA	V	TTA	L	3647
NC_045512.2	11211	A	T	3582	1956	39	1	1	26	0.000279018	3584	1	FALSE	ORF1ab:cds-YP_009724389.1	TAT	Y	TTT	F	3649
NC_045512.2	11211	A	T	3582	1956	39	1	1	26	0.000279018	3584	1	FALSE	ORF1ab:cds-YP_009725295.1	TAT	Y	TTT	F	3649
NC_045512.2	11211	A	G	3582	1956	39	1	1	34	0.000279018	3584	0.937552	FALSE	ORF1ab:cds-YP_009724389.1	TAT	Y	TGT	C	3649
NC_045512.2	11211	A	G	3582	1956	39	1	1	34	0.000279018	3584	0.937552	FALSE	ORF1ab:cds-YP_009725295.1	TAT	Y	TGT	C	3649
NC_045512.2	11219	A	T	3265	2383	37	1	0	26	0.000306091	3267	1	FALSE	ORF1ab:cds-YP_009724389.1	ATG	M	TTG	L	3652
NC_045512.2	11219	A	T	3265	2383	37	1	0	26	0.000306091	3267	1	FALSE	ORF1ab:cds-YP_009725295.1	ATG	M	TTG	L	3652
NC_045512.2	11219	A	G	3265	2383	37	1	0	24	0.000306091	3267	1	FALSE	ORF1ab:cds-YP_009724389.1	ATG	M	GTG	V	3652
NC_045512.2	11219	A	G	3265	2383	37	1	0	24	0.000306091	3267	1	FALSE	ORF1ab:cds-YP_009725295.1	ATG	M	GTG	V	3652
NC_045512.2	11221	G	T	3285	2303	37	1	0	34	0.000304321	3286	0.937595	FALSE	ORF1ab:cds-YP_009724389.1	ATG	M	ATT	I	3652
NC_045512.2	11221	G	T	3285	2303	37	1	0	34	0.000304321	3286	0.937595	FALSE	ORF1ab:cds-YP_009725295.1	ATG	M	ATT	I	3652
NC_045512.2	11222	G	T	3517	2397	37	1	0	26	0.000284252	3518	1	FALSE	ORF1ab:cds-YP_009724389.1	GTC	V	TTC	F	3653
NC_045512.2	11222	G	T	3517	2397	37	1	0	26	0.000284252	3518	1	FALSE	ORF1ab:cds-YP_009725295.1	GTC	V	TTC	F	3653
NC_045512.2	11226	A	G	3715	2532	38	1	0	34	0.000269107	3716	0.937584	FALSE	ORF1ab:cds-YP_009724389.1	TAT	Y	TGT	C	3654
NC_045512.2	11226	A	G	3715	2532	38	1	0	34	0.000269107	3716	0.937584	FALSE	ORF1ab:cds-YP_009725295.1	TAT	Y	TGT	C	3654
NC_045512.2	11227	T	A	3583	2439	37	1	1	34	0.000279018	3584	0.937587	FALSE	ORF1ab:cds-YP_009724389.1	TAT	Y	TAA	*	3654
NC_045512.2	11227	T	A	3583	2439	37	1	1	34	0.000279018	3584	0.937587	FALSE	ORF1ab:cds-YP_009725295.1	TAT	Y	TAA	*	3654
NC_045512.2	11230	G	A	3642	2543	37	2	2	34	0.000548847	3644	0.812672	FALSE	ORF1ab:cds-YP_009724389.1	ATG	M	ATA	I	3655
NC_045512.2	11230	G	A	3642	2543	37	2	2	34	0.000548847	3644	0.812672	FALSE	ORF1ab:cds-YP_009725295.1	ATG	M	ATA	I	3655
NC_045512.2	11232	C	A	3501	2390	38	2	2	30	0.000570939	3503	0.812678	FALSE	ORF1ab:cds-YP_009724389.1	CCT	P	CAT	H	3656
NC_045512.2	11232	C	A	3501	2390	38	2	2	30	0.000570939	3503	0.812678	FALSE	ORF1ab:cds-YP_009725295.1	CCT	P	CAT	H	3656
NC_045512.2	11235	C	G	3401	2291	38	1	1	34	0.000293945	3402	0.937592	FALSE	ORF1ab:cds-YP_009724389.1	GCT	A	GGT	G	3657
NC_045512.2	11235	C	G	3401	2291	38	1	1	34	0.000293945	3402	0.937592	FALSE	ORF1ab:cds-YP_009725295.1	GCT	A	GGT	G	3657
NC_045512.2	11237	A	G	3399	2316	38	1	1	34	0.000294118	3400	0.937592	FALSE	ORF1ab:cds-YP_009724389.1	AGT	S	GGT	G	3658
NC_045512.2	11237	A	G	3399	2316	38	1	1	34	0.000294118	3400	0.937592	FALSE	ORF1ab:cds-YP_009725295.1	AGT	S	GGT	G	3658
NC_045512.2	11238	G	T	3443	2338	38	1	0	26	0.00029036	3444	1	FALSE	ORF1ab:cds-YP_009724389.1	AGT	S	ATT	I	3658
NC_045512.2	11238	G	T	3443	2338	38	1	0	26	0.00029036	3444	1	FALSE	ORF1ab:cds-YP_009725295.1	AGT	S	ATT	I	3658
NC_045512.2	11240	T	C	3342	2265	37	1	1	34	0.000299133	3343	0.937593	FALSE	ORF1ab:cds-YP_009724389.1	TGG	W	CGG	R	3659
NC_045512.2	11240	T	C	3342	2265	37	1	1	34	0.000299133	3343	0.937593	FALSE	ORF1ab:cds-YP_009725295.1	TGG	W	CGG	R	3659
NC_045512.2	11241	G	C	3423	2337	38	1	1	26	0.000292056	3424	1	FALSE	ORF1ab:cds-YP_009724389.1	TGG	W	TCG	S	3659
NC_045512.2	11241	G	C	3423	2337	38	1	1	26	0.000292056	3424	1	FALSE	ORF1ab:cds-YP_009725295.1	TGG	W	TCG	S	3659
NC_045512.2	11244	T	A	3404	2471	37	1	0	26	0.000293686	3405	1	FALSE	ORF1ab:cds-YP_009724389.1	GTG	V	GAG	E	3660
NC_045512.2	11244	T	A	3404	2471	37	1	0	26	0.000293686	3405	1	FALSE	ORF1ab:cds-YP_009725295.1	GTG	V	GAG	E	3660
NC_045512.2	11245	G	T	3403	2448	38	1	1	34	0.000293772	3404	0.937592	FALSE	ORF1ab:cds-YP_009724389.1	GTG	V	GTT	V	3660
NC_045512.2	11245	G	T	3403	2448	38	1	1	34	0.000293772	3404	0.937592	FALSE	ORF1ab:cds-YP_009725295.1	GTG	V	GTT	V	3660
NC_045512.2	11249	C	T	3355	2416	37	2	2	51	0.000595593	3358	0.249963	FALSE	ORF1ab:cds-YP_009724389.1	CGT	R	TGT	C	3662
NC_045512.2	11249	C	T	3355	2416	37	2	2	51	0.000595593	3358	0.249963	FALSE	ORF1ab:cds-YP_009725295.1	CGT	R	TGT	C	3662
NC_045512.2	11249	C	A	3355	2416	37	1	1	34	0.000297796	3358	0.937519	FALSE	ORF1ab:cds-YP_009724389.1	CGT	R	AGT	S	3662
NC_045512.2	11249	C	A	3355	2416	37	1	1	34	0.000297796	3358	0.937519	FALSE	ORF1ab:cds-YP_009725295.1	CGT	R	AGT	S	3662
NC_045512.2	11251	T	C	3294	2290	37	1	1	34	0.00030349	3295	0.937595	FALSE	ORF1ab:cds-YP_009724389.1	CGT	R	CGC	R	3662
NC_045512.2	11251	T	C	3294	2290	37	1	1	34	0.00030349	3295	0.937595	FALSE	ORF1ab:cds-YP_009725295.1	CGT	R	CGC	R	3662
NC_045512.2	11258	A	G	3422	2497	37	2	0	68	0.000584112	3424	0.250037	FALSE	ORF1ab:cds-YP_009724389.1	ACA	T	GCA	A	3665
NC_045512.2	11258	A	G	3422	2497	37	2	0	68	0.000584112	3424	0.250037	FALSE	ORF1ab:cds-YP_009725295.1	ACA	T	GCA	A	3665
NC_045512.2	11262	G	A	3345	2473	37	3	3	34	0.000896057	3348	0.65646	FALSE	ORF1ab:cds-YP_009724389.1	TGG	W	TAG	*	3666
NC_045512.2	11262	G	A	3345	2473	37	3	3	34	0.000896057	3348	0.65646	FALSE	ORF1ab:cds-YP_009725295.1	TGG	W	TAG	*	3666
NC_045512.2	11267	G	C	3624	2776	37	1	1	26	0.000275862	3625	1	FALSE	ORF1ab:cds-YP_009724389.1	GAT	D	CAT	H	3668
NC_045512.2	11267	G	C	3624	2776	37	1	1	26	0.000275862	3625	1	FALSE	ORF1ab:cds-YP_009725295.1	GAT	D	CAT	H	3668
NC_045512.2	11269	T	C	3396	2555	37	2	2	34	0.000588582	3398	0.812684	FALSE	ORF1ab:cds-YP_009724389.1	GAT	D	GAC	D	3668
NC_045512.2	11269	T	C	3396	2555	37	2	2	34	0.000588582	3398	0.812684	FALSE	ORF1ab:cds-YP_009725295.1	GAT	D	GAC	D	3668
NC_045512.2	11275	T	C	3551	2687	37	1	1	68	0.000281532	3552	0.50007	FALSE	ORF1ab:cds-YP_009724389.1	GTT	V	GTC	V	3670
NC_045512.2	11275	T	C	3551	2687	37	1	1	68	0.000281532	3552	0.50007	FALSE	ORF1ab:cds-YP_009725295.1	GTT	V	GTC	V	3670
NC_045512.2	11279	A	T	3934	3165	38	1	1	34	0.000254065	3936	0.937548	FALSE	ORF1ab:cds-YP_009724389.1	ACT	T	TCT	S	3672
NC_045512.2	11279	A	T	3934	3165	38	1	1	34	0.000254065	3936	0.937548	FALSE	ORF1ab:cds-YP_009725295.1	ACT	T	TCT	S	3672
NC_045512.2	11279	A	G	3934	3165	38	1	1	34	0.000254065	3936	0.937548	FALSE	ORF1ab:cds-YP_009724389.1	ACT	T	GCT	A	3672
NC_045512.2	11279	A	G	3934	3165	38	1	1	34	0.000254065	3936	0.937548	FALSE	ORF1ab:cds-YP_009725295.1	ACT	T	GCT	A	3672
NC_045512.2	11279	A	-CTAGTTTGT	3934	3165	38	1	0	20	0.000254065	3936	1	FALSE	NA	NA	NA	NA	NA	NA
NC_045512.2	11280	C	A	3963	3171	39	1	0	34	0.00025227	3964	0.937579	FALSE	ORF1ab:cds-YP_009724389.1	ACT	T	AAT	N	3672
NC_045512.2	11280	C	A	3963	3171	39	1	0	34	0.00025227	3964	0.937579	FALSE	ORF1ab:cds-YP_009725295.1	ACT	T	AAT	N	3672
NC_045512.2	11282	A	-GTTTGTCTG	3857	3068	39	1	0	20	0.000259269	3857	1	FALSE	NA	NA	NA	NA	NA	NA
NC_045512.2	11285	T	C	3732	2963	38	1	1	34	0.000267881	3733	0.93755	FALSE	ORF1ab:cds-YP_009724389.1	TTG	L	CTG	L	3674
NC_045512.2	11285	T	C	3732	2963	38	1	1	34	0.000267881	3733	0.93755	FALSE	ORF1ab:cds-YP_009725295.1	TTG	L	CTG	L	3674
NC_045512.2	11286	T	A	3810	3057	38	1	1	34	0.000262398	3811	0.937549	FALSE	ORF1ab:cds-YP_009724389.1	TTG	L	TAG	*	3674
NC_045512.2	11286	T	A	3810	3057	38	1	1	34	0.000262398	3811	0.937549	FALSE	ORF1ab:cds-YP_009725295.1	TTG	L	TAG	*	3674
NC_045512.2	11287	G	-TCTGGTTTT	3831	3062	39	3682	0	20	0.960856	3832	0	TRUE	NA	NA	NA	NA	NA	NA
NC_045512.2	11288	T	A	0	0	0	20	0	32	1	20	1.42092e-50	TRUE	ORF1ab:cds-YP_009724389.1	TCT	S	ACT	T	3675
NC_045512.2	11288	T	A	0	0	0	20	0	32	1	20	1.42092e-50	TRUE	ORF1ab:cds-YP_009725295.1	TCT	S	ACT	T	3675
NC_045512.2	11291	G	A	0	0	0	84	63	38	1	84	3.13214e-170	TRUE	ORF1ab:cds-YP_009724389.1	GGT	G	AGT	S	3676
NC_045512.2	11291	G	A	0	0	0	84	63	38	1	84	3.13214e-170	TRUE	ORF1ab:cds-YP_009725295.1	GGT	G	AGT	S	3676
NC_045512.2	11296	T	G	0	0	0	334	311	35	1	334	0	TRUE	ORF1ab:cds-YP_009724389.1	TTT	F	TTG	L	3677
NC_045512.2	11296	T	G	0	0	0	334	311	35	1	334	0	TRUE	ORF1ab:cds-YP_009725295.1	TTT	F	TTG	L	3677
NC_045512.2	11298	A	C	4204	3614	39	1	1	26	0.000237812	4205	1	FALSE	ORF1ab:cds-YP_009724389.1	AAG	K	ACG	T	3678
NC_045512.2	11298	A	C	4204	3614	39	1	1	26	0.000237812	4205	1	FALSE	ORF1ab:cds-YP_009725295.1	AAG	K	ACG	T	3678
NC_045512.2	11301	T	G	4250	3637	39	1	0	34	0.000235239	4251	0.968805	FALSE	ORF1ab:cds-YP_009724389.1	CTA	L	CGA	R	3679
NC_045512.2	11301	T	G	4250	3637	39	1	0	34	0.000235239	4251	0.968805	FALSE	ORF1ab:cds-YP_009725295.1	CTA	L	CGA	R	3679
NC_045512.2	11302	A	G	4276	3665	39	1	0	68	0.000233809	4277	0.500058	FALSE	ORF1ab:cds-YP_009724389.1	CTA	L	CTG	L	3679
NC_045512.2	11302	A	G	4276	3665	39	1	0	68	0.000233809	4277	0.500058	FALSE	ORF1ab:cds-YP_009725295.1	CTA	L	CTG	L	3679
NC_045512.2	11303	A	G	4317	3712	39	2	1	25	0.00046307	4319	1	FALSE	ORF1ab:cds-YP_009724389.1	AAA	K	GAA	E	3680
NC_045512.2	11303	A	G	4317	3712	39	2	1	25	0.00046307	4319	1	FALSE	ORF1ab:cds-YP_009725295.1	AAA	K	GAA	E	3680
NC_045512.2	11305	A	C	4617	4051	40	1	1	34	0.000216544	4618	0.968801	FALSE	ORF1ab:cds-YP_009724389.1	AAA	K	AAC	N	3680
NC_045512.2	11305	A	C	4617	4051	40	1	1	34	0.000216544	4618	0.968801	FALSE	ORF1ab:cds-YP_009725295.1	AAA	K	AAC	N	3680
NC_045512.2	11312	G	A	3785	3268	40	1	1	34	0.000264131	3786	0.937583	FALSE	ORF1ab:cds-YP_009724389.1	GTT	V	ATT	I	3683
NC_045512.2	11312	G	A	3785	3268	40	1	1	34	0.000264131	3786	0.937583	FALSE	ORF1ab:cds-YP_009725295.1	GTT	V	ATT	I	3683
NC_045512.2	11314	T	G	3755	3244	40	1	1	26	0.00026617	3757	1	FALSE	ORF1ab:cds-YP_009724389.1	GTT	V	GTG	V	3683
NC_045512.2	11314	T	G	3755	3244	40	1	1	26	0.00026617	3757	1	FALSE	ORF1ab:cds-YP_009725295.1	GTT	V	GTG	V	3683
NC_045512.2	11314	T	C	3755	3244	40	1	1	26	0.00026617	3757	1	FALSE	ORF1ab:cds-YP_009724389.1	GTT	V	GTC	V	3683
NC_045512.2	11314	T	C	3755	3244	40	1	1	26	0.00026617	3757	1	FALSE	ORF1ab:cds-YP_009725295.1	GTT	V	GTC	V	3683
NC_045512.2	11318	T	-A	3672	3175	40	1	0	20	0.000272331	3672	1	FALSE	NA	NA	NA	NA	NA	NA
NC_045512.2	11321	G	A	3411	2938	40	1	1	34	0.000293083	3412	0.937592	FALSE	ORF1ab:cds-YP_009724389.1	GCA	A	ACA	T	3686
NC_045512.2	11321	G	A	3411	2938	40	1	1	34	0.000293083	3412	0.937592	FALSE	ORF1ab:cds-YP_009725295.1	GCA	A	ACA	T	3686
NC_045512.2	11323	A	T	3384	2922	40	1	1	34	0.000295421	3385	0.937592	FALSE	ORF1ab:cds-YP_009724389.1	GCA	A	GCT	A	3686
NC_045512.2	11323	A	T	3384	2922	40	1	1	34	0.000295421	3385	0.937592	FALSE	ORF1ab:cds-YP_009725295.1	GCA	A	GCT	A	3686
NC_045512.2	11328	C	G	3213	2864	38	1	0	34	0.000311139	3214	0.937597	FALSE	ORF1ab:cds-YP_009724389.1	GCT	A	GGT	G	3688
NC_045512.2	11328	C	G	3213	2864	38	1	0	34	0.000311139	3214	0.937597	FALSE	ORF1ab:cds-YP_009725295.1	GCT	A	GGT	G	3688
NC_045512.2	11335	G	T	8026	2940	35	1	0	34	0.000124564	8028	0.998051	FALSE	ORF1ab:cds-YP_009724389.1	GTG	V	GTT	V	3690
NC_045512.2	11335	G	T	8026	2940	35	1	0	34	0.000124564	8028	0.998051	FALSE	ORF1ab:cds-YP_009725295.1	GTG	V	GTT	V	3690
NC_045512.2	11335	G	C	8026	2940	35	1	1	26	0.000124564	8028	1	FALSE	ORF1ab:cds-YP_009724389.1	GTG	V	GTC	V	3690
NC_045512.2	11335	G	C	8026	2940	35	1	1	26	0.000124564	8028	1	FALSE	ORF1ab:cds-YP_009725295.1	GTG	V	GTC	V	3690
NC_045512.2	11336	T	C	8080	2874	35	2	0	34	0.000247463	8082	0.989282	FALSE	ORF1ab:cds-YP_009724389.1	TTA	L	CTA	L	3691
NC_045512.2	11336	T	C	8080	2874	35	2	0	34	0.000247463	8082	0.989282	FALSE	ORF1ab:cds-YP_009725295.1	TTA	L	CTA	L	3691
NC_045512.2	11337	T	C	8382	2859	35	2	1	34	0.000238464	8387	0.989266	FALSE	ORF1ab:cds-YP_009724389.1	TTA	L	TCA	S	3691
NC_045512.2	11337	T	C	8382	2859	35	2	1	34	0.000238464	8387	0.989266	FALSE	ORF1ab:cds-YP_009725295.1	TTA	L	TCA	S	3691
NC_045512.2	11337	T	A	8382	2859	35	3	3	34	0.000357696	8387	0.967314	FALSE	ORF1ab:cds-YP_009724389.1	TTA	L	TAA	*	3691
NC_045512.2	11337	T	A	8382	2859	35	3	3	34	0.000357696	8387	0.967314	FALSE	ORF1ab:cds-YP_009725295.1	TTA	L	TAA	*	3691
NC_045512.2	11338	A	T	8292	2843	35	1	1	34	0.000120569	8294	0.998051	FALSE	ORF1ab:cds-YP_009724389.1	TTA	L	TTT	F	3691
NC_045512.2	11338	A	T	8292	2843	35	1	1	34	0.000120569	8294	0.998051	FALSE	ORF1ab:cds-YP_009725295.1	TTA	L	TTT	F	3691
NC_045512.2	11338	A	G	8292	2843	35	1	1	34	0.000120569	8294	0.998051	FALSE	ORF1ab:cds-YP_009724389.1	TTA	L	TTG	L	3691
NC_045512.2	11338	A	G	8292	2843	35	1	1	34	0.000120569	8294	0.998051	FALSE	ORF1ab:cds-YP_009725295.1	TTA	L	TTG	L	3691
NC_045512.2	11340	T	C	8458	2846	35	2	1	34	0.000236407	8460	0.989281	FALSE	ORF1ab:cds-YP_009724389.1	CTA	L	CCA	P	3692
NC_045512.2	11340	T	C	8458	2846	35	2	1	34	0.000236407	8460	0.989281	FALSE	ORF1ab:cds-YP_009725295.1	CTA	L	CCA	P	3692
NC_045512.2	11341	A	G	8403	2800	35	1	0	68	0.000118991	8404	0.50003	FALSE	ORF1ab:cds-YP_009724389.1	CTA	L	CTG	L	3692
NC_045512.2	11341	A	G	8403	2800	35	1	0	68	0.000118991	8404	0.50003	FALSE	ORF1ab:cds-YP_009725295.1	CTA	L	CTG	L	3692
NC_045512.2	11344	C	T	9162	2909	35	1	1	34	0.000109135	9163	0.999026	FALSE	ORF1ab:cds-YP_009724389.1	ATC	I	ATT	I	3693
NC_045512.2	11344	C	T	9162	2909	35	1	1	34	0.000109135	9163	0.999026	FALSE	ORF1ab:cds-YP_009725295.1	ATC	I	ATT	I	3693
NC_045512.2	11345	C	A	9198	2895	35	1	1	26	0.000108707	9199	1	FALSE	ORF1ab:cds-YP_009724389.1	CTT	L	ATT	I	3694
NC_045512.2	11345	C	A	9198	2895	35	1	1	26	0.000108707	9199	1	FALSE	ORF1ab:cds-YP_009725295.1	CTT	L	ATT	I	3694
NC_045512.2	11346	T	A	9111	2817	35	1	0	34	0.000109745	9112	0.999026	FALSE	ORF1ab:cds-YP_009724389.1	CTT	L	CAT	H	3694
NC_045512.2	11346	T	A	9111	2817	35	1	0	34	0.000109745	9112	0.999026	FALSE	ORF1ab:cds-YP_009725295.1	CTT	L	CAT	H	3694
NC_045512.2	11347	T	G	8956	2731	35	2	0	26	0.000223239	8959	1	FALSE	ORF1ab:cds-YP_009724389.1	CTT	L	CTG	L	3694
NC_045512.2	11347	T	G	8956	2731	35	2	0	26	0.000223239	8959	1	FALSE	ORF1ab:cds-YP_009725295.1	CTT	L	CTG	L	3694
NC_045512.2	11347	T	C	8956	2731	35	1	0	34	0.00011162	8959	0.99805	FALSE	ORF1ab:cds-YP_009724389.1	CTT	L	CTC	L	3694
NC_045512.2	11347	T	C	8956	2731	35	1	0	34	0.00011162	8959	0.99805	FALSE	ORF1ab:cds-YP_009725295.1	CTT	L	CTC	L	3694
NC_045512.2	11351	A	T	9201	3007	35	1	1	34	0.000108648	9204	0.999025	FALSE	ORF1ab:cds-YP_009724389.1	ACA	T	TCA	S	3696
NC_045512.2	11351	A	T	9201	3007	35	1	1	34	0.000108648	9204	0.999025	FALSE	ORF1ab:cds-YP_009725295.1	ACA	T	TCA	S	3696
NC_045512.2	11351	A	G	9201	3007	35	2	0	34	0.000217297	9204	0.994152	FALSE	ORF1ab:cds-YP_009724389.1	ACA	T	GCA	A	3696
NC_045512.2	11351	A	G	9201	3007	35	2	0	34	0.000217297	9204	0.994152	FALSE	ORF1ab:cds-YP_009725295.1	ACA	T	GCA	A	3696
NC_045512.2	11352	C	G	9468	3027	35	1	0	34	0.000105608	9469	0.999026	FALSE	ORF1ab:cds-YP_009724389.1	ACA	T	AGA	R	3696
NC_045512.2	11352	C	G	9468	3027	35	1	0	34	0.000105608	9469	0.999026	FALSE	ORF1ab:cds-YP_009725295.1	ACA	T	AGA	R	3696
NC_045512.2	11353	A	G	9617	2906	35	2	0	34	0.000207922	9619	0.994155	FALSE	ORF1ab:cds-YP_009724389.1	ACA	T	ACG	T	3696
NC_045512.2	11353	A	G	9617	2906	35	2	0	34	0.000207922	9619	0.994155	FALSE	ORF1ab:cds-YP_009725295.1	ACA	T	ACG	T	3696
NC_045512.2	11354	G	A	9755	2867	35	14	1	33	0.0014331	9769	0.202367	FALSE	ORF1ab:cds-YP_009724389.1	GCA	A	ACA	T	3697
NC_045512.2	11354	G	A	9755	2867	35	14	1	33	0.0014331	9769	0.202367	FALSE	ORF1ab:cds-YP_009725295.1	GCA	A	ACA	T	3697
NC_045512.2	11355	C	G	9971	3006	36	2	0	30	0.000200521	9974	0.994151	FALSE	ORF1ab:cds-YP_009724389.1	GCA	A	GGA	G	3697
NC_045512.2	11355	C	G	9971	3006	36	2	0	30	0.000200521	9974	0.994151	FALSE	ORF1ab:cds-YP_009725295.1	GCA	A	GGA	G	3697
NC_045512.2	11355	C	A	9971	3006	36	1	0	34	0.000100261	9974	0.999025	FALSE	ORF1ab:cds-YP_009724389.1	GCA	A	GAA	E	3697
NC_045512.2	11355	C	A	9971	3006	36	1	0	34	0.000100261	9974	0.999025	FALSE	ORF1ab:cds-YP_009725295.1	GCA	A	GAA	E	3697
NC_045512.2	11355	C	-A	9971	3006	36	1	0	20	0.000100261	9974	1	FALSE	NA	NA	NA	NA	NA	NA
NC_045512.2	11356	A	G	9999	2996	36	1	1	34	0.0001	10000	0.999513	FALSE	ORF1ab:cds-YP_009724389.1	GCA	A	GCG	A	3697
NC_045512.2	11356	A	G	9999	2996	36	1	1	34	0.0001	10000	0.999513	FALSE	ORF1ab:cds-YP_009725295.1	GCA	A	GCG	A	3697
NC_045512.2	11357	A	G	9932	3010	36	5	0	32	0.000503119	9938	0.910294	FALSE	ORF1ab:cds-YP_009724389.1	AGA	R	GGA	G	3698
NC_045512.2	11357	A	G	9932	3010	36	5	0	32	0.000503119	9938	0.910294	FALSE	ORF1ab:cds-YP_009725295.1	AGA	R	GGA	G	3698
NC_045512.2	11357	A	C	9932	3010	36	1	0	26	0.000100624	9938	1	FALSE	ORF1ab:cds-YP_009724389.1	AGA	R	CGA	R	3698
NC_045512.2	11357	A	C	9932	3010	36	1	0	26	0.000100624	9938	1	FALSE	ORF1ab:cds-YP_009725295.1	AGA	R	CGA	R	3698
NC_045512.2	11359	A	T	8709	3004	34	1	0	26	0.000114811	8710	1	FALSE	ORF1ab:cds-YP_009724389.1	AGA	R	AGT	S	3698
NC_045512.2	11359	A	T	8709	3004	34	1	0	26	0.000114811	8710	1	FALSE	ORF1ab:cds-YP_009725295.1	AGA	R	AGT	S	3698
NC_045512.2	11360	A	G	10142	3105	36	4	0	30	0.000394205	10147	0.971356	FALSE	ORF1ab:cds-YP_009724389.1	ACT	T	GCT	A	3699
NC_045512.2	11360	A	G	10142	3105	36	4	0	30	0.000394205	10147	0.971356	FALSE	ORF1ab:cds-YP_009725295.1	ACT	T	GCT	A	3699
NC_045512.2	11360	A	C	10142	3105	36	1	0	34	9.85513e-05	10147	0.999512	FALSE	ORF1ab:cds-YP_009724389.1	ACT	T	CCT	P	3699
NC_045512.2	11360	A	C	10142	3105	36	1	0	34	9.85513e-05	10147	0.999512	FALSE	ORF1ab:cds-YP_009725295.1	ACT	T	CCT	P	3699
NC_045512.2	11361	C	A	10322	3153	36	1	1	34	9.68711e-05	10323	0.999513	FALSE	ORF1ab:cds-YP_009724389.1	ACT	T	AAT	N	3699
NC_045512.2	11361	C	A	10322	3153	36	1	1	34	9.68711e-05	10323	0.999513	FALSE	ORF1ab:cds-YP_009725295.1	ACT	T	AAT	N	3699
NC_045512.2	11362	T	C	10121	3045	36	3	1	45	0.000296326	10124	0.312519	FALSE	ORF1ab:cds-YP_009724389.1	ACT	T	ACC	T	3699
NC_045512.2	11362	T	C	10121	3045	36	3	1	45	0.000296326	10124	0.312519	FALSE	ORF1ab:cds-YP_009725295.1	ACT	T	ACC	T	3699
NC_045512.2	11363	G	T	11592	3102	35	4	0	30	0.000344917	11597	0.982451	FALSE	ORF1ab:cds-YP_009724389.1	GTG	V	TTG	L	3700
NC_045512.2	11363	G	T	11592	3102	35	4	0	30	0.000344917	11597	0.982451	FALSE	ORF1ab:cds-YP_009725295.1	GTG	V	TTG	L	3700
NC_045512.2	11363	G	A	11592	3102	35	1	0	34	8.62292e-05	11597	0.999756	FALSE	ORF1ab:cds-YP_009724389.1	GTG	V	ATG	M	3700
NC_045512.2	11363	G	A	11592	3102	35	1	0	34	8.62292e-05	11597	0.999756	FALSE	ORF1ab:cds-YP_009725295.1	GTG	V	ATG	M	3700
NC_045512.2	11364	T	C	11531	3136	36	2	2	34	0.000173415	11533	0.998296	FALSE	ORF1ab:cds-YP_009724389.1	GTG	V	GCG	A	3700
NC_045512.2	11364	T	C	11531	3136	36	2	2	34	0.000173415	11533	0.998296	FALSE	ORF1ab:cds-YP_009725295.1	GTG	V	GCG	A	3700
NC_045512.2	11365	G	T	11896	3150	36	1	0	34	8.40407e-05	11899	0.999756	FALSE	ORF1ab:cds-YP_009724389.1	GTG	V	GTT	V	3700
NC_045512.2	11365	G	T	11896	3150	36	1	0	34	8.40407e-05	11899	0.999756	FALSE	ORF1ab:cds-YP_009725295.1	GTG	V	GTT	V	3700
NC_045512.2	11365	G	C	11896	3150	36	1	1	26	8.40407e-05	11899	1	FALSE	ORF1ab:cds-YP_009724389.1	GTG	V	GTC	V	3700
NC_045512.2	11365	G	C	11896	3150	36	1	1	26	8.40407e-05	11899	1	FALSE	ORF1ab:cds-YP_009725295.1	GTG	V	GTC	V	3700
NC_045512.2	11365	G	A	11896	3150	36	1	1	34	8.40407e-05	11899	0.999756	FALSE	ORF1ab:cds-YP_009724389.1	GTG	V	GTA	V	3700
NC_045512.2	11365	G	A	11896	3150	36	1	1	34	8.40407e-05	11899	0.999756	FALSE	ORF1ab:cds-YP_009725295.1	GTG	V	GTA	V	3700
NC_045512.2	11366	T	G	11871	3159	36	1	0	26	8.42318e-05	11872	1	FALSE	ORF1ab:cds-YP_009724389.1	TAT	Y	GAT	D	3701
NC_045512.2	11366	T	G	11871	3159	36	1	0	26	8.42318e-05	11872	1	FALSE	ORF1ab:cds-YP_009725295.1	TAT	Y	GAT	D	3701
NC_045512.2	11367	A	G	11793	3135	36	1	1	68	8.47889e-05	11794	0.500021	FALSE	ORF1ab:cds-YP_009724389.1	TAT	Y	TGT	C	3701
NC_045512.2	11367	A	G	11793	3135	36	1	1	68	8.47889e-05	11794	0.500021	FALSE	ORF1ab:cds-YP_009725295.1	TAT	Y	TGT	C	3701
NC_045512.2	11368	T	C	11987	3159	36	1	1	46	8.34168e-05	11988	0.750031	FALSE	ORF1ab:cds-YP_009724389.1	TAT	Y	TAC	Y	3701
NC_045512.2	11368	T	C	11987	3159	36	1	1	46	8.34168e-05	11988	0.750031	FALSE	ORF1ab:cds-YP_009725295.1	TAT	Y	TAC	Y	3701
NC_045512.2	11372	G	A	11785	2911	36	1	0	34	8.48464e-05	11786	0.999757	FALSE	ORF1ab:cds-YP_009724389.1	GAT	D	AAT	N	3703
NC_045512.2	11372	G	A	11785	2911	36	1	0	34	8.48464e-05	11786	0.999757	FALSE	ORF1ab:cds-YP_009725295.1	GAT	D	AAT	N	3703
NC_045512.2	11373	A	T	11672	2854	36	2	2	34	0.000171306	11675	0.998295	FALSE	ORF1ab:cds-YP_009724389.1	GAT	D	GTT	V	3703
NC_045512.2	11373	A	T	11672	2854	36	2	2	34	0.000171306	11675	0.998295	FALSE	ORF1ab:cds-YP_009725295.1	GAT	D	GTT	V	3703
NC_045512.2	11373	A	G	11672	2854	36	1	0	26	8.56531e-05	11675	1	FALSE	ORF1ab:cds-YP_009724389.1	GAT	D	GGT	G	3703
NC_045512.2	11373	A	G	11672	2854	36	1	0	26	8.56531e-05	11675	1	FALSE	ORF1ab:cds-YP_009725295.1	GAT	D	GGT	G	3703
NC_045512.2	11374	T	G	11511	2733	36	1	0	34	8.68357e-05	11516	0.999756	FALSE	ORF1ab:cds-YP_009724389.1	GAT	D	GAG	E	3703
NC_045512.2	11374	T	G	11511	2733	36	1	0	34	8.68357e-05	11516	0.999756	FALSE	ORF1ab:cds-YP_009725295.1	GAT	D	GAG	E	3703
NC_045512.2	11374	T	C	11511	2733	36	4	3	40	0.000347343	11516	0.187473	FALSE	ORF1ab:cds-YP_009724389.1	GAT	D	GAC	D	3703
NC_045512.2	11374	T	C	11511	2733	36	4	3	40	0.000347343	11516	0.187473	FALSE	ORF1ab:cds-YP_009725295.1	GAT	D	GAC	D	3703
NC_045512.2	11375	G	T	11839	2814	36	1	0	34	8.44595e-05	11840	0.999757	FALSE	ORF1ab:cds-YP_009724389.1	GGT	G	TGT	C	3704
NC_045512.2	11375	G	T	11839	2814	36	1	0	34	8.44595e-05	11840	0.999757	FALSE	ORF1ab:cds-YP_009725295.1	GGT	G	TGT	C	3704
NC_045512.2	11376	G	T	12364	2872	36	4	0	32	0.000323415	12368	0.989389	FALSE	ORF1ab:cds-YP_009724389.1	GGT	G	GTT	V	3704
NC_045512.2	11376	G	T	12364	2872	36	4	0	32	0.000323415	12368	0.989389	FALSE	ORF1ab:cds-YP_009725295.1	GGT	G	GTT	V	3704
NC_045512.2	11377	T	G	13394	2883	36	3	0	28	0.000223931	13397	1	FALSE	ORF1ab:cds-YP_009724389.1	GGT	G	GGG	G	3704
NC_045512.2	11377	T	G	13394	2883	36	3	0	28	0.000223931	13397	1	FALSE	ORF1ab:cds-YP_009725295.1	GGT	G	GGG	G	3704
NC_045512.2	11378	G	A	13637	2890	36	1	0	34	7.33245e-05	13638	0.999939	FALSE	ORF1ab:cds-YP_009724389.1	GCT	A	ACT	T	3705
NC_045512.2	11378	G	A	13637	2890	36	1	0	34	7.33245e-05	13638	0.999939	FALSE	ORF1ab:cds-YP_009725295.1	GCT	A	ACT	T	3705
NC_045512.2	11379	C	G	13785	3228	37	1	0	34	7.25321e-05	13787	0.999939	FALSE	ORF1ab:cds-YP_009724389.1	GCT	A	GGT	G	3705
NC_045512.2	11379	C	G	13785	3228	37	1	0	34	7.25321e-05	13787	0.999939	FALSE	ORF1ab:cds-YP_009725295.1	GCT	A	GGT	G	3705
NC_045512.2	11379	C	A	13785	3228	37	1	1	34	7.25321e-05	13787	0.999939	FALSE	ORF1ab:cds-YP_009724389.1	GCT	A	GAT	D	3705
NC_045512.2	11379	C	A	13785	3228	37	1	1	34	7.25321e-05	13787	0.999939	FALSE	ORF1ab:cds-YP_009725295.1	GCT	A	GAT	D	3705
NC_045512.2	11381	A	T	13719	3222	37	1	0	34	7.2881e-05	13721	0.999939	FALSE	ORF1ab:cds-YP_009724389.1	AGG	R	TGG	W	3706
NC_045512.2	11381	A	T	13719	3222	37	1	0	34	7.2881e-05	13721	0.999939	FALSE	ORF1ab:cds-YP_009725295.1	AGG	R	TGG	W	3706
NC_045512.2	11381	A	G	13719	3222	37	1	0	34	7.2881e-05	13721	0.999939	FALSE	ORF1ab:cds-YP_009724389.1	AGG	R	GGG	G	3706
NC_045512.2	11381	A	G	13719	3222	37	1	0	34	7.2881e-05	13721	0.999939	FALSE	ORF1ab:cds-YP_009725295.1	AGG	R	GGG	G	3706
NC_045512.2	11383	G	A	13900	3263	37	1	0	34	7.19373e-05	13901	0.999939	FALSE	ORF1ab:cds-YP_009724389.1	AGG	R	AGA	R	3706
NC_045512.2	11383	G	A	13900	3263	37	1	0	34	7.19373e-05	13901	0.999939	FALSE	ORF1ab:cds-YP_009725295.1	AGG	R	AGA	R	3706
NC_045512.2	11386	A	T	9518	1500	34	1	0	34	0.000105009	9523	0.999024	FALSE	ORF1ab:cds-YP_009724389.1	AGA	R	AGT	S	3707
NC_045512.2	11386	A	T	9518	1500	34	1	0	34	0.000105009	9523	0.999024	FALSE	ORF1ab:cds-YP_009725295.1	AGA	R	AGT	S	3707
NC_045512.2	11386	A	G	9518	1500	34	4	0	34	0.000420036	9523	0.953912	FALSE	ORF1ab:cds-YP_009724389.1	AGA	R	AGG	R	3707
NC_045512.2	11386	A	G	9518	1500	34	4	0	34	0.000420036	9523	0.953912	FALSE	ORF1ab:cds-YP_009725295.1	AGA	R	AGG	R	3707
NC_045512.2	11387	G	T	13015	1515	37	1	0	26	7.68285e-05	13016	1	FALSE	ORF1ab:cds-YP_009724389.1	GTG	V	TTG	L	3708
NC_045512.2	11387	G	T	13015	1515	37	1	0	26	7.68285e-05	13016	1	FALSE	ORF1ab:cds-YP_009725295.1	GTG	V	TTG	L	3708
NC_045512.2	11388	T	C	12859	1553	37	1	0	26	7.77605e-05	12860	1	FALSE	ORF1ab:cds-YP_009724389.1	GTG	V	GCG	A	3708
NC_045512.2	11388	T	C	12859	1553	37	1	0	26	7.77605e-05	12860	1	FALSE	ORF1ab:cds-YP_009725295.1	GTG	V	GCG	A	3708
NC_045512.2	11390	T	G	12885	1658	37	1	0	34	7.75916e-05	12888	0.999878	FALSE	ORF1ab:cds-YP_009724389.1	TGG	W	GGG	G	3709
NC_045512.2	11390	T	G	12885	1658	37	1	0	34	7.75916e-05	12888	0.999878	FALSE	ORF1ab:cds-YP_009725295.1	TGG	W	GGG	G	3709
NC_045512.2	11390	T	C	12885	1658	37	2	1	40	0.000155183	12888	0.5	FALSE	ORF1ab:cds-YP_009724389.1	TGG	W	CGG	R	3709
NC_045512.2	11390	T	C	12885	1658	37	2	1	40	0.000155183	12888	0.5	FALSE	ORF1ab:cds-YP_009725295.1	TGG	W	CGG	R	3709
NC_045512.2	11393	A	G	13126	1656	37	8	0	31	0.00060906	13135	0.905465	FALSE	ORF1ab:cds-YP_009724389.1	ACA	T	GCA	A	3710
NC_045512.2	11393	A	G	13126	1656	37	8	0	31	0.00060906	13135	0.905465	FALSE	ORF1ab:cds-YP_009725295.1	ACA	T	GCA	A	3710
NC_045512.2	11393	A	C	13126	1656	37	1	0	34	7.61325e-05	13135	0.999939	FALSE	ORF1ab:cds-YP_009724389.1	ACA	T	CCA	P	3710
NC_045512.2	11393	A	C	13126	1656	37	1	0	34	7.61325e-05	13135	0.999939	FALSE	ORF1ab:cds-YP_009725295.1	ACA	T	CCA	P	3710
NC_045512.2	11395	A	G	12970	1794	38	3	0	34	0.00023125	12973	0.996317	FALSE	ORF1ab:cds-YP_009724389.1	ACA	T	ACG	T	3710
NC_045512.2	11395	A	G	12970	1794	38	3	0	34	0.00023125	12973	0.996317	FALSE	ORF1ab:cds-YP_009725295.1	ACA	T	ACG	T	3710
NC_045512.2	11396	C	T	13995	1830	38	1	0	34	7.1449e-05	13996	0.999939	FALSE	ORF1ab:cds-YP_009724389.1	CTT	L	TTT	F	3711
NC_045512.2	11396	C	T	13995	1830	38	1	0	34	7.1449e-05	13996	0.999939	FALSE	ORF1ab:cds-YP_009725295.1	CTT	L	TTT	F	3711
NC_045512.2	11397	T	G	13974	1866	38	2	1	40	0.000143082	13978	0.499973	FALSE	ORF1ab:cds-YP_009724389.1	CTT	L	CGT	R	3711
NC_045512.2	11397	T	G	13974	1866	38	2	1	40	0.000143082	13978	0.499973	FALSE	ORF1ab:cds-YP_009725295.1	CTT	L	CGT	R	3711
NC_045512.2	11397	T	C	13974	1866	38	2	0	34	0.000143082	13978	0.999513	FALSE	ORF1ab:cds-YP_009724389.1	CTT	L	CCT	P	3711
NC_045512.2	11397	T	C	13974	1866	38	2	0	34	0.000143082	13978	0.999513	FALSE	ORF1ab:cds-YP_009725295.1	CTT	L	CCT	P	3711
NC_045512.2	11398	T	C	13956	1869	38	2	0	34	0.000143287	13958	0.999513	FALSE	ORF1ab:cds-YP_009724389.1	CTT	L	CTC	L	3711
NC_045512.2	11398	T	C	13956	1869	38	2	0	34	0.000143287	13958	0.999513	FALSE	ORF1ab:cds-YP_009725295.1	CTT	L	CTC	L	3711
NC_045512.2	11399	A	G	14058	1923	38	2	0	34	0.000142248	14060	0.999742	FALSE	ORF1ab:cds-YP_009724389.1	ATG	M	GTG	V	3712
NC_045512.2	11399	A	G	14058	1923	38	2	0	34	0.000142248	14060	0.999742	FALSE	ORF1ab:cds-YP_009725295.1	ATG	M	GTG	V	3712
NC_045512.2	11400	T	C	14007	1907	38	2	0	34	0.000142765	14009	0.999742	FALSE	ORF1ab:cds-YP_009724389.1	ATG	M	ACG	T	3712
NC_045512.2	11400	T	C	14007	1907	38	2	0	34	0.000142765	14009	0.999742	FALSE	ORF1ab:cds-YP_009725295.1	ATG	M	ACG	T	3712
NC_045512.2	11401	G	A	14090	1930	38	1	0	34	7.09673e-05	14091	0.99997	FALSE	ORF1ab:cds-YP_009724389.1	ATG	M	ATA	I	3712
NC_045512.2	11401	G	A	14090	1930	38	1	0	34	7.09673e-05	14091	0.99997	FALSE	ORF1ab:cds-YP_009725295.1	ATG	M	ATA	I	3712
NC_045512.2	11402	A	G	14094	2004	38	2	0	34	0.000141884	14096	0.999742	FALSE	ORF1ab:cds-YP_009724389.1	AAT	N	GAT	D	3713
NC_045512.2	11402	A	G	14094	2004	38	2	0	34	0.000141884	14096	0.999742	FALSE	ORF1ab:cds-YP_009725295.1	AAT	N	GAT	D	3713
NC_045512.2	11403	A	C	13908	1991	38	1	1	24	7.18959e-05	13909	1	FALSE	ORF1ab:cds-YP_009724389.1	AAT	N	ACT	T	3713
NC_045512.2	11403	A	C	13908	1991	38	1	1	24	7.18959e-05	13909	1	FALSE	ORF1ab:cds-YP_009725295.1	AAT	N	ACT	T	3713
NC_045512.2	11405	G	T	14284	2097	38	1	0	34	6.99986e-05	14286	0.99997	FALSE	ORF1ab:cds-YP_009724389.1	GTC	V	TTC	F	3714
NC_045512.2	11405	G	T	14284	2097	38	1	0	34	6.99986e-05	14286	0.99997	FALSE	ORF1ab:cds-YP_009725295.1	GTC	V	TTC	F	3714
NC_045512.2	11405	G	A	14284	2097	38	1	1	34	6.99986e-05	14286	0.99997	FALSE	ORF1ab:cds-YP_009724389.1	GTC	V	ATC	I	3714
NC_045512.2	11405	G	A	14284	2097	38	1	1	34	6.99986e-05	14286	0.99997	FALSE	ORF1ab:cds-YP_009725295.1	GTC	V	ATC	I	3714
NC_045512.2	11406	T	C	14115	2011	37	1	0	34	7.08366e-05	14117	0.99997	FALSE	ORF1ab:cds-YP_009724389.1	GTC	V	GCC	A	3714
NC_045512.2	11406	T	C	14115	2011	37	1	0	34	7.08366e-05	14117	0.99997	FALSE	ORF1ab:cds-YP_009725295.1	GTC	V	GCC	A	3714
NC_045512.2	11406	T	A	14115	2011	37	1	1	26	7.08366e-05	14117	1	FALSE	ORF1ab:cds-YP_009724389.1	GTC	V	GAC	D	3714
NC_045512.2	11406	T	A	14115	2011	37	1	1	26	7.08366e-05	14117	1	FALSE	ORF1ab:cds-YP_009725295.1	GTC	V	GAC	D	3714
NC_045512.2	11407	C	T	14492	2359	39	1	1	34	6.89893e-05	14495	0.99997	FALSE	ORF1ab:cds-YP_009724389.1	GTC	V	GTT	V	3714
NC_045512.2	11407	C	T	14492	2359	39	1	1	34	6.89893e-05	14495	0.99997	FALSE	ORF1ab:cds-YP_009725295.1	GTC	V	GTT	V	3714
NC_045512.2	11407	C	G	14492	2359	39	2	0	30	0.000137979	14495	0.999741	FALSE	ORF1ab:cds-YP_009724389.1	GTC	V	GTG	V	3714
NC_045512.2	11407	C	G	14492	2359	39	2	0	30	0.000137979	14495	0.999741	FALSE	ORF1ab:cds-YP_009725295.1	GTC	V	GTG	V	3714
NC_045512.2	11408	T	C	14410	2255	38	1	0	34	6.93866e-05	14412	0.99997	FALSE	ORF1ab:cds-YP_009724389.1	TTG	L	CTG	L	3715
NC_045512.2	11408	T	C	14410	2255	38	1	0	34	6.93866e-05	14412	0.99997	FALSE	ORF1ab:cds-YP_009725295.1	TTG	L	CTG	L	3715
NC_045512.2	11408	T	A	14410	2255	38	1	0	34	6.93866e-05	14412	0.99997	FALSE	ORF1ab:cds-YP_009724389.1	TTG	L	ATG	M	3715
NC_045512.2	11408	T	A	14410	2255	38	1	0	34	6.93866e-05	14412	0.99997	FALSE	ORF1ab:cds-YP_009725295.1	TTG	L	ATG	M	3715
NC_045512.2	11409	T	C	14441	2593	40	4	1	40	0.000276912	14445	0.1875	FALSE	ORF1ab:cds-YP_009724389.1	TTG	L	TCG	S	3715
NC_045512.2	11409	T	C	14441	2593	40	4	1	40	0.000276912	14445	0.1875	FALSE	ORF1ab:cds-YP_009725295.1	TTG	L	TCG	S	3715
NC_045512.2	11410	G	A	14624	2633	40	1	1	34	6.83761e-05	14625	0.99997	FALSE	ORF1ab:cds-YP_009724389.1	TTG	L	TTA	L	3715
NC_045512.2	11410	G	A	14624	2633	40	1	1	34	6.83761e-05	14625	0.99997	FALSE	ORF1ab:cds-YP_009725295.1	TTG	L	TTA	L	3715
NC_045512.2	11411	A	G	14667	2654	40	1	0	34	6.81756e-05	14668	0.99997	FALSE	ORF1ab:cds-YP_009724389.1	ACA	T	GCA	A	3716
NC_045512.2	11411	A	G	14667	2654	40	1	0	34	6.81756e-05	14668	0.99997	FALSE	ORF1ab:cds-YP_009725295.1	ACA	T	GCA	A	3716
NC_045512.2	11412	C	A	14672	2670	40	2	1	30	0.000136295	14674	0.999742	FALSE	ORF1ab:cds-YP_009724389.1	ACA	T	AAA	K	3716
NC_045512.2	11412	C	A	14672	2670	40	2	1	30	0.000136295	14674	0.999742	FALSE	ORF1ab:cds-YP_009725295.1	ACA	T	AAA	K	3716
NC_045512.2	11413	A	T	13372	2648	39	5	0	30	0.000373748	13378	0.984586	FALSE	ORF1ab:cds-YP_009724389.1	ACA	T	ACT	T	3716
NC_045512.2	11413	A	T	13372	2648	39	5	0	30	0.000373748	13378	0.984586	FALSE	ORF1ab:cds-YP_009725295.1	ACA	T	ACT	T	3716
NC_045512.2	11413	A	G	13372	2648	39	1	1	34	7.47496e-05	13378	0.999939	FALSE	ORF1ab:cds-YP_009724389.1	ACA	T	ACG	T	3716
NC_045512.2	11413	A	G	13372	2648	39	1	1	34	7.47496e-05	13378	0.999939	FALSE	ORF1ab:cds-YP_009725295.1	ACA	T	ACG	T	3716
NC_045512.2	11414	C	A	14641	2977	41	2	1	51	0.000136584	14643	0.250009	FALSE	ORF1ab:cds-YP_009724389.1	CTC	L	ATC	I	3717
NC_045512.2	11414	C	A	14641	2977	41	2	1	51	0.000136584	14643	0.250009	FALSE	ORF1ab:cds-YP_009725295.1	CTC	L	ATC	I	3717
NC_045512.2	11415	T	G	14786	3003	41	1	0	34	6.76178e-05	14789	0.99997	FALSE	ORF1ab:cds-YP_009724389.1	CTC	L	CGC	R	3717
NC_045512.2	11415	T	G	14786	3003	41	1	0	34	6.76178e-05	14789	0.99997	FALSE	ORF1ab:cds-YP_009725295.1	CTC	L	CGC	R	3717
NC_045512.2	11415	T	C	14786	3003	41	1	1	68	6.76178e-05	14789	0.499983	FALSE	ORF1ab:cds-YP_009724389.1	CTC	L	CCC	P	3717
NC_045512.2	11415	T	C	14786	3003	41	1	1	68	6.76178e-05	14789	0.499983	FALSE	ORF1ab:cds-YP_009725295.1	CTC	L	CCC	P	3717
NC_045512.2	11415	T	A	14786	3003	41	1	0	68	6.76178e-05	14789	0.499983	FALSE	ORF1ab:cds-YP_009724389.1	CTC	L	CAC	H	3717
NC_045512.2	11415	T	A	14786	3003	41	1	0	68	6.76178e-05	14789	0.499983	FALSE	ORF1ab:cds-YP_009725295.1	CTC	L	CAC	H	3717
NC_045512.2	11416	C	T	15140	3037	41	1	1	68	6.60415e-05	15142	0.5	FALSE	ORF1ab:cds-YP_009724389.1	CTC	L	CTT	L	3717
NC_045512.2	11416	C	T	15140	3037	41	1	1	68	6.60415e-05	15142	0.5	FALSE	ORF1ab:cds-YP_009725295.1	CTC	L	CTT	L	3717
NC_045512.2	11416	C	G	15140	3037	41	1	0	26	6.60415e-05	15142	1	FALSE	ORF1ab:cds-YP_009724389.1	CTC	L	CTG	L	3717
NC_045512.2	11416	C	G	15140	3037	41	1	0	26	6.60415e-05	15142	1	FALSE	ORF1ab:cds-YP_009725295.1	CTC	L	CTG	L	3717
NC_045512.2	11417	G	A	15105	3029	41	1	0	34	6.61989e-05	15106	0.999985	FALSE	ORF1ab:cds-YP_009724389.1	GTT	V	ATT	I	3718
NC_045512.2	11417	G	A	15105	3029	41	1	0	34	6.61989e-05	15106	0.999985	FALSE	ORF1ab:cds-YP_009725295.1	GTT	V	ATT	I	3718
NC_045512.2	11418	T	C	14137	2698	39	3	3	56	0.000212164	14140	0.125	FALSE	ORF1ab:cds-YP_009724389.1	GTT	V	GCT	A	3718
NC_045512.2	11418	T	C	14137	2698	39	3	3	56	0.000212164	14140	0.125	FALSE	ORF1ab:cds-YP_009725295.1	GTT	V	GCT	A	3718
NC_045512.2	11420	T	A	14610	3180	41	1	0	26	6.84416e-05	14611	1	FALSE	ORF1ab:cds-YP_009724389.1	TAT	Y	AAT	N	3719
NC_045512.2	11420	T	A	14610	3180	41	1	0	26	6.84416e-05	14611	1	FALSE	ORF1ab:cds-YP_009725295.1	TAT	Y	AAT	N	3719
NC_045512.2	11422	T	C	14499	3279	40	1	0	34	6.89608e-05	14501	0.99997	FALSE	ORF1ab:cds-YP_009724389.1	TAT	Y	TAC	Y	3719
NC_045512.2	11422	T	C	14499	3279	40	1	0	34	6.89608e-05	14501	0.99997	FALSE	ORF1ab:cds-YP_009725295.1	TAT	Y	TAC	Y	3719
NC_045512.2	11422	T	A	14499	3279	40	1	0	34	6.89608e-05	14501	0.99997	FALSE	ORF1ab:cds-YP_009724389.1	TAT	Y	TAA	*	3719
NC_045512.2	11422	T	A	14499	3279	40	1	0	34	6.89608e-05	14501	0.99997	FALSE	ORF1ab:cds-YP_009725295.1	TAT	Y	TAA	*	3719
NC_045512.2	11423	A	G	13786	3292	40	1	1	68	7.25321e-05	13787	0.500018	FALSE	ORF1ab:cds-YP_009724389.1	AAA	K	GAA	E	3720
NC_045512.2	11423	A	G	13786	3292	40	1	1	68	7.25321e-05	13787	0.500018	FALSE	ORF1ab:cds-YP_009725295.1	AAA	K	GAA	E	3720
NC_045512.2	11424	A	T	13926	3358	40	1	0	26	7.17927e-05	13929	1	FALSE	ORF1ab:cds-YP_009724389.1	AAA	K	ATA	I	3720
NC_045512.2	11424	A	T	13926	3358	40	1	0	26	7.17927e-05	13929	1	FALSE	ORF1ab:cds-YP_009725295.1	AAA	K	ATA	I	3720
NC_045512.2	11424	A	G	13926	3358	40	2	1	43	0.000143585	13929	0.5	FALSE	ORF1ab:cds-YP_009724389.1	AAA	K	AGA	R	3720
NC_045512.2	11424	A	G	13926	3358	40	2	1	43	0.000143585	13929	0.5	FALSE	ORF1ab:cds-YP_009725295.1	AAA	K	AGA	R	3720
NC_045512.2	11425	A	T	13393	3333	40	2	1	30	0.000149287	13397	0.999513	FALSE	ORF1ab:cds-YP_009724389.1	AAA	K	AAT	N	3720
NC_045512.2	11425	A	T	13393	3333	40	2	1	30	0.000149287	13397	0.999513	FALSE	ORF1ab:cds-YP_009725295.1	AAA	K	AAT	N	3720
NC_045512.2	11425	A	G	13393	3333	40	2	1	51	0.000149287	13397	0.249972	FALSE	ORF1ab:cds-YP_009724389.1	AAA	K	AAG	K	3720
NC_045512.2	11425	A	G	13393	3333	40	2	1	51	0.000149287	13397	0.249972	FALSE	ORF1ab:cds-YP_009725295.1	AAA	K	AAG	K	3720
NC_045512.2	11426	G	C	14019	3431	40	1	0	34	7.13267e-05	14020	0.99997	FALSE	ORF1ab:cds-YP_009724389.1	GTT	V	CTT	L	3721
NC_045512.2	11426	G	C	14019	3431	40	1	0	34	7.13267e-05	14020	0.99997	FALSE	ORF1ab:cds-YP_009725295.1	GTT	V	CTT	L	3721
NC_045512.2	11427	T	C	13246	2738	38	1	0	34	7.54831e-05	13248	0.999939	FALSE	ORF1ab:cds-YP_009724389.1	GTT	V	GCT	A	3721
NC_045512.2	11427	T	C	13246	2738	38	1	0	34	7.54831e-05	13248	0.999939	FALSE	ORF1ab:cds-YP_009725295.1	GTT	V	GCT	A	3721
NC_045512.2	11427	T	A	13246	2738	38	1	0	34	7.54831e-05	13248	0.999939	FALSE	ORF1ab:cds-YP_009724389.1	GTT	V	GAT	D	3721
NC_045512.2	11427	T	A	13246	2738	38	1	0	34	7.54831e-05	13248	0.999939	FALSE	ORF1ab:cds-YP_009725295.1	GTT	V	GAT	D	3721
NC_045512.2	11428	T	G	12681	3656	39	1	0	27	7.88395e-05	12684	1	FALSE	ORF1ab:cds-YP_009724389.1	GTT	V	GTG	V	3721
NC_045512.2	11428	T	G	12681	3656	39	1	0	27	7.88395e-05	12684	1	FALSE	ORF1ab:cds-YP_009725295.1	GTT	V	GTG	V	3721
NC_045512.2	11428	T	A	12681	3656	39	2	1	51	0.000157679	12684	0.24999	FALSE	ORF1ab:cds-YP_009724389.1	GTT	V	GTA	V	3721
NC_045512.2	11428	T	A	12681	3656	39	2	1	51	0.000157679	12684	0.24999	FALSE	ORF1ab:cds-YP_009725295.1	GTT	V	GTA	V	3721
NC_045512.2	11429	T	C	12504	3469	39	1	1	34	7.9968e-05	12505	0.999878	FALSE	ORF1ab:cds-YP_009724389.1	TAT	Y	CAT	H	3722
NC_045512.2	11429	T	C	12504	3469	39	1	1	34	7.9968e-05	12505	0.999878	FALSE	ORF1ab:cds-YP_009725295.1	TAT	Y	CAT	H	3722
NC_045512.2	11430	A	C	12830	3741	40	1	1	34	7.79362e-05	12831	0.999878	FALSE	ORF1ab:cds-YP_009724389.1	TAT	Y	TCT	S	3722
NC_045512.2	11430	A	C	12830	3741	40	1	1	34	7.79362e-05	12831	0.999878	FALSE	ORF1ab:cds-YP_009725295.1	TAT	Y	TCT	S	3722
NC_045512.2	11431	T	C	12671	3791	39	1	0	34	7.89141e-05	12672	0.999878	FALSE	ORF1ab:cds-YP_009724389.1	TAT	Y	TAC	Y	3722
NC_045512.2	11431	T	C	12671	3791	39	1	0	34	7.89141e-05	12672	0.999878	FALSE	ORF1ab:cds-YP_009725295.1	TAT	Y	TAC	Y	3722
NC_045512.2	11434	T	G	12360	3824	39	1	0	34	8.08931e-05	12362	0.999878	FALSE	ORF1ab:cds-YP_009724389.1	TAT	Y	TAG	*	3723
NC_045512.2	11434	T	G	12360	3824	39	1	0	34	8.08931e-05	12362	0.999878	FALSE	ORF1ab:cds-YP_009725295.1	TAT	Y	TAG	*	3723
NC_045512.2	11434	T	C	12360	3824	39	1	1	34	8.08931e-05	12362	0.999878	FALSE	ORF1ab:cds-YP_009724389.1	TAT	Y	TAC	Y	3723
NC_045512.2	11434	T	C	12360	3824	39	1	1	34	8.08931e-05	12362	0.999878	FALSE	ORF1ab:cds-YP_009725295.1	TAT	Y	TAC	Y	3723
NC_045512.2	11436	G	A	12180	3825	39	1	0	34	8.20951e-05	12181	0.999878	FALSE	ORF1ab:cds-YP_009724389.1	GGT	G	GAT	D	3724
NC_045512.2	11436	G	A	12180	3825	39	1	0	34	8.20951e-05	12181	0.999878	FALSE	ORF1ab:cds-YP_009725295.1	GGT	G	GAT	D	3724
NC_045512.2	11437	T	C	11659	3467	38	1	0	34	8.57486e-05	11662	0.999756	FALSE	ORF1ab:cds-YP_009724389.1	GGT	G	GGC	G	3724
NC_045512.2	11437	T	C	11659	3467	38	1	0	34	8.57486e-05	11662	0.999756	FALSE	ORF1ab:cds-YP_009725295.1	GGT	G	GGC	G	3724
NC_045512.2	11437	T	A	11659	3467	38	2	2	26	0.000171497	11662	1	FALSE	ORF1ab:cds-YP_009724389.1	GGT	G	GGA	G	3724
NC_045512.2	11437	T	A	11659	3467	38	2	2	26	0.000171497	11662	1	FALSE	ORF1ab:cds-YP_009725295.1	GGT	G	GGA	G	3724
NC_045512.2	11438	A	G	11817	3818	39	1	1	34	8.46167e-05	11818	0.999757	FALSE	ORF1ab:cds-YP_009724389.1	AAT	N	GAT	D	3725
NC_045512.2	11438	A	G	11817	3818	39	1	1	34	8.46167e-05	11818	0.999757	FALSE	ORF1ab:cds-YP_009725295.1	AAT	N	GAT	D	3725
NC_045512.2	11439	A	T	11692	3776	38	1	1	24	8.55139e-05	11694	1	FALSE	ORF1ab:cds-YP_009724389.1	AAT	N	ATT	I	3725
NC_045512.2	11439	A	T	11692	3776	38	1	1	24	8.55139e-05	11694	1	FALSE	ORF1ab:cds-YP_009725295.1	AAT	N	ATT	I	3725
NC_045512.2	11439	A	G	11692	3776	38	1	1	34	8.55139e-05	11694	0.999757	FALSE	ORF1ab:cds-YP_009724389.1	AAT	N	AGT	S	3725
NC_045512.2	11439	A	G	11692	3776	38	1	1	34	8.55139e-05	11694	0.999757	FALSE	ORF1ab:cds-YP_009725295.1	AAT	N	AGT	S	3725
NC_045512.2	11440	T	C	11827	3990	39	1	0	34	8.45451e-05	11828	0.999757	FALSE	ORF1ab:cds-YP_009724389.1	AAT	N	AAC	N	3725
NC_045512.2	11440	T	C	11827	3990	39	1	0	34	8.45451e-05	11828	0.999757	FALSE	ORF1ab:cds-YP_009725295.1	AAT	N	AAC	N	3725
NC_045512.2	11441	G	T	12342	4019	39	1	0	26	8.10176e-05	12343	1	FALSE	ORF1ab:cds-YP_009724389.1	GCT	A	TCT	S	3726
NC_045512.2	11441	G	T	12342	4019	39	1	0	26	8.10176e-05	12343	1	FALSE	ORF1ab:cds-YP_009725295.1	GCT	A	TCT	S	3726
NC_045512.2	11442	C	-T	12314	4131	39	1	0	20	8.12084e-05	12314	1	FALSE	NA	NA	NA	NA	NA	NA
NC_045512.2	11443	T	G	12247	4004	39	1	1	34	8.1626e-05	12251	0.999878	FALSE	ORF1ab:cds-YP_009724389.1	GCT	A	GCG	A	3726
NC_045512.2	11443	T	G	12247	4004	39	1	1	34	8.1626e-05	12251	0.999878	FALSE	ORF1ab:cds-YP_009725295.1	GCT	A	GCG	A	3726
NC_045512.2	11443	T	C	12247	4004	39	3	2	45	0.000244878	12251	0.312454	FALSE	ORF1ab:cds-YP_009724389.1	GCT	A	GCC	A	3726
NC_045512.2	11443	T	C	12247	4004	39	3	2	45	0.000244878	12251	0.312454	FALSE	ORF1ab:cds-YP_009725295.1	GCT	A	GCC	A	3726
NC_045512.2	11444	T	G	12190	3987	39	1	0	34	8.2021e-05	12192	0.999878	FALSE	ORF1ab:cds-YP_009724389.1	TTA	L	GTA	V	3727
NC_045512.2	11444	T	G	12190	3987	39	1	0	34	8.2021e-05	12192	0.999878	FALSE	ORF1ab:cds-YP_009725295.1	TTA	L	GTA	V	3727
NC_045512.2	11444	T	C	12190	3987	39	1	0	34	8.2021e-05	12192	0.999878	FALSE	ORF1ab:cds-YP_009724389.1	TTA	L	CTA	L	3727
NC_045512.2	11444	T	C	12190	3987	39	1	0	34	8.2021e-05	12192	0.999878	FALSE	ORF1ab:cds-YP_009725295.1	TTA	L	CTA	L	3727
NC_045512.2	11445	T	C	11920	4155	39	3	0	34	0.000251615	11923	0.993546	FALSE	ORF1ab:cds-YP_009724389.1	TTA	L	TCA	S	3727
NC_045512.2	11445	T	C	11920	4155	39	3	0	34	0.000251615	11923	0.993546	FALSE	ORF1ab:cds-YP_009725295.1	TTA	L	TCA	S	3727
NC_045512.2	11446	A	T	11944	4102	38	1	1	34	8.3717e-05	11945	0.999757	FALSE	ORF1ab:cds-YP_009724389.1	TTA	L	TTT	F	3727
NC_045512.2	11446	A	T	11944	4102	38	1	1	34	8.3717e-05	11945	0.999757	FALSE	ORF1ab:cds-YP_009725295.1	TTA	L	TTT	F	3727
NC_045512.2	11447	G	T	12100	4164	39	1	0	26	8.26378e-05	12101	1	FALSE	ORF1ab:cds-YP_009724389.1	GAT	D	TAT	Y	3728
NC_045512.2	11447	G	T	12100	4164	39	1	0	26	8.26378e-05	12101	1	FALSE	ORF1ab:cds-YP_009725295.1	GAT	D	TAT	Y	3728
NC_045512.2	11449	T	C	12305	4510	39	2	2	34	0.000162509	12307	0.999087	FALSE	ORF1ab:cds-YP_009724389.1	GAT	D	GAC	D	3728
NC_045512.2	11449	T	C	12305	4510	39	2	2	34	0.000162509	12307	0.999087	FALSE	ORF1ab:cds-YP_009725295.1	GAT	D	GAC	D	3728
NC_045512.2	11450	C	A	12037	4274	39	1	1	68	8.30703e-05	12038	0.500021	FALSE	ORF1ab:cds-YP_009724389.1	CAA	Q	AAA	K	3729
NC_045512.2	11450	C	A	12037	4274	39	1	1	68	8.30703e-05	12038	0.500021	FALSE	ORF1ab:cds-YP_009725295.1	CAA	Q	AAA	K	3729
NC_045512.2	11454	C	T	11818	4568	39	4	2	30	0.000338352	11822	0.982457	FALSE	ORF1ab:cds-YP_009724389.1	GCC	A	GTC	V	3730
NC_045512.2	11454	C	T	11818	4568	39	4	2	30	0.000338352	11822	0.982457	FALSE	ORF1ab:cds-YP_009725295.1	GCC	A	GTC	V	3730
NC_045512.2	11455	C	A	11740	4588	39	1	1	34	8.51716e-05	11741	0.999757	FALSE	ORF1ab:cds-YP_009724389.1	GCC	A	GCA	A	3730
NC_045512.2	11455	C	A	11740	4588	39	1	1	34	8.51716e-05	11741	0.999757	FALSE	ORF1ab:cds-YP_009725295.1	GCC	A	GCA	A	3730
NC_045512.2	11456	A	G	11769	4505	39	2	0	51	0.000169909	11771	0.250011	FALSE	ORF1ab:cds-YP_009724389.1	ATT	I	GTT	V	3731
NC_045512.2	11456	A	G	11769	4505	39	2	0	51	0.000169909	11771	0.250011	FALSE	ORF1ab:cds-YP_009725295.1	ATT	I	GTT	V	3731
NC_045512.2	11457	T	C	11816	4527	39	3	2	34	0.000253829	11819	0.993546	FALSE	ORF1ab:cds-YP_009724389.1	ATT	I	ACT	T	3731
NC_045512.2	11457	T	C	11816	4527	39	3	2	34	0.000253829	11819	0.993546	FALSE	ORF1ab:cds-YP_009725295.1	ATT	I	ACT	T	3731
NC_045512.2	11459	T	C	12135	5063	40	4	2	34	0.000329516	12139	0.98939	FALSE	ORF1ab:cds-YP_009724389.1	TCC	S	CCC	P	3732
NC_045512.2	11459	T	C	12135	5063	40	4	2	34	0.000329516	12139	0.98939	FALSE	ORF1ab:cds-YP_009725295.1	TCC	S	CCC	P	3732
NC_045512.2	11461	C	T	12094	5181	40	1	1	34	8.26788e-05	12095	0.999878	FALSE	ORF1ab:cds-YP_009724389.1	TCC	S	TCT	S	3732
NC_045512.2	11461	C	T	12094	5181	40	1	1	34	8.26788e-05	12095	0.999878	FALSE	ORF1ab:cds-YP_009725295.1	TCC	S	TCT	S	3732
NC_045512.2	11462	A	G	12108	5147	40	1	1	34	8.25832e-05	12109	0.999878	FALSE	ORF1ab:cds-YP_009724389.1	ATG	M	GTG	V	3733
NC_045512.2	11462	A	G	12108	5147	40	1	1	34	8.25832e-05	12109	0.999878	FALSE	ORF1ab:cds-YP_009725295.1	ATG	M	GTG	V	3733
NC_045512.2	11465	T	C	11455	5684	39	1	0	26	8.72905e-05	11456	1	FALSE	ORF1ab:cds-YP_009724389.1	TGG	W	CGG	R	3734
NC_045512.2	11465	T	C	11455	5684	39	1	0	26	8.72905e-05	11456	1	FALSE	ORF1ab:cds-YP_009725295.1	TGG	W	CGG	R	3734
NC_045512.2	11466	G	T	11380	5708	39	1	1	34	8.7858e-05	11382	0.999757	FALSE	ORF1ab:cds-YP_009724389.1	TGG	W	TTG	L	3734
NC_045512.2	11466	G	T	11380	5708	39	1	1	34	8.7858e-05	11382	0.999757	FALSE	ORF1ab:cds-YP_009725295.1	TGG	W	TTG	L	3734
NC_045512.2	11466	G	A	11380	5708	39	1	0	34	8.7858e-05	11382	0.999757	FALSE	ORF1ab:cds-YP_009724389.1	TGG	W	TAG	*	3734
NC_045512.2	11466	G	A	11380	5708	39	1	0	34	8.7858e-05	11382	0.999757	FALSE	ORF1ab:cds-YP_009725295.1	TGG	W	TAG	*	3734
NC_045512.2	11467	G	T	11381	5691	39	1	1	34	8.7858e-05	11382	0.999757	FALSE	ORF1ab:cds-YP_009724389.1	TGG	W	TGT	C	3734
NC_045512.2	11467	G	T	11381	5691	39	1	1	34	8.7858e-05	11382	0.999757	FALSE	ORF1ab:cds-YP_009725295.1	TGG	W	TGT	C	3734
NC_045512.2	11468	G	A	11367	5657	39	2	1	34	0.000175917	11369	0.998296	FALSE	ORF1ab:cds-YP_009724389.1	GCT	A	ACT	T	3735
NC_045512.2	11468	G	A	11367	5657	39	2	1	34	0.000175917	11369	0.998296	FALSE	ORF1ab:cds-YP_009725295.1	GCT	A	ACT	T	3735
NC_045512.2	11469	C	T	11313	5685	39	1	0	34	8.83861e-05	11314	0.999757	FALSE	ORF1ab:cds-YP_009724389.1	GCT	A	GTT	V	3735
NC_045512.2	11469	C	T	11313	5685	39	1	0	34	8.83861e-05	11314	0.999757	FALSE	ORF1ab:cds-YP_009725295.1	GCT	A	GTT	V	3735
NC_045512.2	11470	T	C	10899	5300	38	5	2	34	0.000458547	10904	0.940849	FALSE	ORF1ab:cds-YP_009724389.1	GCT	A	GCC	A	3735
NC_045512.2	11470	T	C	10899	5300	38	5	2	34	0.000458547	10904	0.940849	FALSE	ORF1ab:cds-YP_009725295.1	GCT	A	GCC	A	3735
NC_045512.2	11471	C	G	11928	5828	39	1	0	26	8.38293e-05	11929	1	FALSE	ORF1ab:cds-YP_009724389.1	CTT	L	GTT	V	3736
NC_045512.2	11471	C	G	11928	5828	39	1	0	26	8.38293e-05	11929	1	FALSE	ORF1ab:cds-YP_009725295.1	CTT	L	GTT	V	3736
NC_045512.2	11472	T	G	11875	5793	39	1	0	34	8.41893e-05	11878	0.999756	FALSE	ORF1ab:cds-YP_009724389.1	CTT	L	CGT	R	3736
NC_045512.2	11472	T	G	11875	5793	39	1	0	34	8.41893e-05	11878	0.999756	FALSE	ORF1ab:cds-YP_009725295.1	CTT	L	CGT	R	3736
NC_045512.2	11472	T	C	11875	5793	39	2	0	34	0.000168379	11878	0.998295	FALSE	ORF1ab:cds-YP_009724389.1	CTT	L	CCT	P	3736
NC_045512.2	11472	T	C	11875	5793	39	2	0	34	0.000168379	11878	0.998295	FALSE	ORF1ab:cds-YP_009725295.1	CTT	L	CCT	P	3736
NC_045512.2	11473	T	C	11884	5810	39	1	0	34	8.41397e-05	11885	0.999757	FALSE	ORF1ab:cds-YP_009724389.1	CTT	L	CTC	L	3736
NC_045512.2	11473	T	C	11884	5810	39	1	0	34	8.41397e-05	11885	0.999757	FALSE	ORF1ab:cds-YP_009725295.1	CTT	L	CTC	L	3736
NC_045512.2	11474	A	G	11901	5829	39	1	0	34	8.40195e-05	11902	0.999757	FALSE	ORF1ab:cds-YP_009724389.1	ATA	I	GTA	V	3737
NC_045512.2	11474	A	G	11901	5829	39	1	0	34	8.40195e-05	11902	0.999757	FALSE	ORF1ab:cds-YP_009725295.1	ATA	I	GTA	V	3737
NC_045512.2	11475	T	C	12024	5911	39	3	2	31	0.000249439	12027	0.996318	FALSE	ORF1ab:cds-YP_009724389.1	ATA	I	ACA	T	3737
NC_045512.2	11475	T	C	12024	5911	39	3	2	31	0.000249439	12027	0.996318	FALSE	ORF1ab:cds-YP_009725295.1	ATA	I	ACA	T	3737
NC_045512.2	11475	T	-A	12024	5911	39	1	0	20	8.31463e-05	12027	1	FALSE	NA	NA	NA	NA	NA	NA
NC_045512.2	11476	A	T	11728	5829	38	1	1	34	8.52588e-05	11729	0.999757	FALSE	ORF1ab:cds-YP_009724389.1	ATA	I	ATT	I	3737
NC_045512.2	11476	A	T	11728	5829	38	1	1	34	8.52588e-05	11729	0.999757	FALSE	ORF1ab:cds-YP_009725295.1	ATA	I	ATT	I	3737
NC_045512.2	11478	T	C	9863	5262	36	1	0	34	0.000101379	9864	0.999026	FALSE	ORF1ab:cds-YP_009724389.1	ATC	I	ACC	T	3738
NC_045512.2	11478	T	C	9863	5262	36	1	0	34	0.000101379	9864	0.999026	FALSE	ORF1ab:cds-YP_009725295.1	ATC	I	ACC	T	3738
NC_045512.2	11479	C	A	10726	6186	38	1	1	34	9.32227e-05	10727	0.999513	FALSE	ORF1ab:cds-YP_009724389.1	ATC	I	ATA	I	3738
NC_045512.2	11479	C	A	10726	6186	38	1	1	34	9.32227e-05	10727	0.999513	FALSE	ORF1ab:cds-YP_009725295.1	ATC	I	ATA	I	3738
NC_045512.2	11482	T	G	10163	5666	37	2	1	34	0.000196754	10165	0.996835	FALSE	ORF1ab:cds-YP_009724389.1	TCT	S	TCG	S	3739
NC_045512.2	11482	T	G	10163	5666	37	2	1	34	0.000196754	10165	0.996835	FALSE	ORF1ab:cds-YP_009725295.1	TCT	S	TCG	S	3739
NC_045512.2	11483	G	T	10175	5674	37	1	0	34	9.82608e-05	10177	0.999513	FALSE	ORF1ab:cds-YP_009724389.1	GTT	V	TTT	F	3740
NC_045512.2	11483	G	T	10175	5674	37	1	0	34	9.82608e-05	10177	0.999513	FALSE	ORF1ab:cds-YP_009725295.1	GTT	V	TTT	F	3740
NC_045512.2	11483	G	A	10175	5674	37	1	1	34	9.82608e-05	10177	0.999513	FALSE	ORF1ab:cds-YP_009724389.1	GTT	V	ATT	I	3740
NC_045512.2	11483	G	A	10175	5674	37	1	1	34	9.82608e-05	10177	0.999513	FALSE	ORF1ab:cds-YP_009725295.1	GTT	V	ATT	I	3740
NC_045512.2	11484	T	C	9938	5725	37	3	2	28	0.000301781	9941	1	FALSE	ORF1ab:cds-YP_009724389.1	GTT	V	GCT	A	3740
NC_045512.2	11484	T	C	9938	5725	37	3	2	28	0.000301781	9941	1	FALSE	ORF1ab:cds-YP_009725295.1	GTT	V	GCT	A	3740
NC_045512.2	11485	T	C	9991	5704	37	2	0	30	0.00020014	9993	0.994154	FALSE	ORF1ab:cds-YP_009724389.1	GTT	V	GTC	V	3740
NC_045512.2	11485	T	C	9991	5704	37	2	0	30	0.00020014	9993	0.994154	FALSE	ORF1ab:cds-YP_009725295.1	GTT	V	GTC	V	3740
NC_045512.2	11486	A	G	10214	5734	37	1	0	34	9.78761e-05	10217	0.999513	FALSE	ORF1ab:cds-YP_009724389.1	ACT	T	GCT	A	3741
NC_045512.2	11486	A	G	10214	5734	37	1	0	34	9.78761e-05	10217	0.999513	FALSE	ORF1ab:cds-YP_009725295.1	ACT	T	GCT	A	3741
NC_045512.2	11486	A	C	10214	5734	37	2	2	30	0.000195752	10217	0.996833	FALSE	ORF1ab:cds-YP_009724389.1	ACT	T	CCT	P	3741
NC_045512.2	11486	A	C	10214	5734	37	2	2	30	0.000195752	10217	0.996833	FALSE	ORF1ab:cds-YP_009725295.1	ACT	T	CCT	P	3741
NC_045512.2	11487	C	T	9891	5918	37	1	1	34	0.000101092	9892	0.999026	FALSE	ORF1ab:cds-YP_009724389.1	ACT	T	ATT	I	3741
NC_045512.2	11487	C	T	9891	5918	37	1	1	34	0.000101092	9892	0.999026	FALSE	ORF1ab:cds-YP_009725295.1	ACT	T	ATT	I	3741
NC_045512.2	11488	T	G	9830	5882	37	1	0	26	0.000101719	9831	1	FALSE	ORF1ab:cds-YP_009724389.1	ACT	T	ACG	T	3741
NC_045512.2	11488	T	G	9830	5882	37	1	0	26	0.000101719	9831	1	FALSE	ORF1ab:cds-YP_009725295.1	ACT	T	ACG	T	3741
NC_045512.2	11489	T	A	9407	5555	36	1	1	34	0.000106293	9408	0.999026	FALSE	ORF1ab:cds-YP_009724389.1	TCT	S	ACT	T	3742
NC_045512.2	11489	T	A	9407	5555	36	1	1	34	0.000106293	9408	0.999026	FALSE	ORF1ab:cds-YP_009725295.1	TCT	S	ACT	T	3742
NC_045512.2	11490	C	T	9983	6061	37	1	1	34	0.00010016	9984	0.999026	FALSE	ORF1ab:cds-YP_009724389.1	TCT	S	TTT	F	3742
NC_045512.2	11490	C	T	9983	6061	37	1	1	34	0.00010016	9984	0.999026	FALSE	ORF1ab:cds-YP_009725295.1	TCT	S	TTT	F	3742
NC_045512.2	11491	T	A	9759	6001	36	1	1	34	0.000102459	9760	0.999026	FALSE	ORF1ab:cds-YP_009724389.1	TCT	S	TCA	S	3742
NC_045512.2	11491	T	A	9759	6001	36	1	1	34	0.000102459	9760	0.999026	FALSE	ORF1ab:cds-YP_009725295.1	TCT	S	TCA	S	3742
NC_045512.2	11493	A	G	9689	6230	36	1	0	34	0.000103199	9690	0.999026	FALSE	ORF1ab:cds-YP_009724389.1	AAC	N	AGC	S	3743
NC_045512.2	11493	A	G	9689	6230	36	1	0	34	0.000103199	9690	0.999026	FALSE	ORF1ab:cds-YP_009725295.1	AAC	N	AGC	S	3743
NC_045512.2	11497	C	T	10062	6625	37	2	1	30	0.000198708	10065	0.996833	FALSE	ORF1ab:cds-YP_009724389.1	TAC	Y	TAT	Y	3744
NC_045512.2	11497	C	T	10062	6625	37	2	1	30	0.000198708	10065	0.996833	FALSE	ORF1ab:cds-YP_009725295.1	TAC	Y	TAT	Y	3744
NC_045512.2	11497	C	A	10062	6625	37	1	1	34	9.93542e-05	10065	0.999513	FALSE	ORF1ab:cds-YP_009724389.1	TAC	Y	TAA	*	3744
NC_045512.2	11497	C	A	10062	6625	37	1	1	34	9.93542e-05	10065	0.999513	FALSE	ORF1ab:cds-YP_009725295.1	TAC	Y	TAA	*	3744
NC_045512.2	11498	T	C	10021	6603	37	1	1	24	9.97805e-05	10022	1	FALSE	ORF1ab:cds-YP_009724389.1	TCA	S	CCA	P	3745
NC_045512.2	11498	T	C	10021	6603	37	1	1	24	9.97805e-05	10022	1	FALSE	ORF1ab:cds-YP_009725295.1	TCA	S	CCA	P	3745
NC_045512.2	11499	C	T	10187	6768	37	1	0	34	9.81547e-05	10188	0.999513	FALSE	ORF1ab:cds-YP_009724389.1	TCA	S	TTA	L	3745
NC_045512.2	11499	C	T	10187	6768	37	1	0	34	9.81547e-05	10188	0.999513	FALSE	ORF1ab:cds-YP_009725295.1	TCA	S	TTA	L	3745
NC_045512.2	11500	A	G	9423	6501	36	1	1	34	0.000106112	9424	0.999026	FALSE	ORF1ab:cds-YP_009724389.1	TCA	S	TCG	S	3745
NC_045512.2	11500	A	G	9423	6501	36	1	1	34	0.000106112	9424	0.999026	FALSE	ORF1ab:cds-YP_009725295.1	TCA	S	TCG	S	3745
NC_045512.2	11503	T	C	10657	7080	37	1	0	34	9.38262e-05	10658	0.999513	FALSE	ORF1ab:cds-YP_009724389.1	GGT	G	GGC	G	3746
NC_045512.2	11503	T	C	10657	7080	37	1	0	34	9.38262e-05	10658	0.999513	FALSE	ORF1ab:cds-YP_009725295.1	GGT	G	GGC	G	3746
NC_045512.2	11505	T	C	10767	7283	37	1	1	34	9.28678e-05	10768	0.999513	FALSE	ORF1ab:cds-YP_009724389.1	GTA	V	GCA	A	3747
NC_045512.2	11505	T	C	10767	7283	37	1	1	34	9.28678e-05	10768	0.999513	FALSE	ORF1ab:cds-YP_009725295.1	GTA	V	GCA	A	3747
NC_045512.2	11506	A	G	10729	7048	37	1	1	34	9.31966e-05	10730	0.999513	FALSE	ORF1ab:cds-YP_009724389.1	GTA	V	GTG	V	3747
NC_045512.2	11506	A	G	10729	7048	37	1	1	34	9.31966e-05	10730	0.999513	FALSE	ORF1ab:cds-YP_009725295.1	GTA	V	GTG	V	3747
NC_045512.2	11509	T	C	11421	7833	38	1	1	68	8.75503e-05	11422	0.500022	FALSE	ORF1ab:cds-YP_009724389.1	GTT	V	GTC	V	3748
NC_045512.2	11509	T	C	11421	7833	38	1	1	68	8.75503e-05	11422	0.500022	FALSE	ORF1ab:cds-YP_009725295.1	GTT	V	GTC	V	3748
NC_045512.2	11510	A	G	9671	6188	35	1	0	34	0.000103381	9673	0.999026	FALSE	ORF1ab:cds-YP_009724389.1	ACA	T	GCA	A	3749
NC_045512.2	11510	A	G	9671	6188	35	1	0	34	0.000103381	9673	0.999026	FALSE	ORF1ab:cds-YP_009725295.1	ACA	T	GCA	A	3749
NC_045512.2	11510	A	C	9671	6188	35	1	1	34	0.000103381	9673	0.999026	FALSE	ORF1ab:cds-YP_009724389.1	ACA	T	CCA	P	3749
NC_045512.2	11510	A	C	9671	6188	35	1	1	34	0.000103381	9673	0.999026	FALSE	ORF1ab:cds-YP_009725295.1	ACA	T	CCA	P	3749
NC_045512.2	11511	C	T	11096	7555	38	1	0	34	9.01063e-05	11098	0.999757	FALSE	ORF1ab:cds-YP_009724389.1	ACA	T	ATA	I	3749
NC_045512.2	11511	C	T	11096	7555	38	1	0	34	9.01063e-05	11098	0.999757	FALSE	ORF1ab:cds-YP_009725295.1	ACA	T	ATA	I	3749
NC_045512.2	11511	C	G	11096	7555	38	1	0	34	9.01063e-05	11098	0.999757	FALSE	ORF1ab:cds-YP_009724389.1	ACA	T	AGA	R	3749
NC_045512.2	11511	C	G	11096	7555	38	1	0	34	9.01063e-05	11098	0.999757	FALSE	ORF1ab:cds-YP_009725295.1	ACA	T	AGA	R	3749
NC_045512.2	11514	C	G	10119	7651	36	1	0	27	9.88045e-05	10121	1	FALSE	ORF1ab:cds-YP_009724389.1	ACT	T	AGT	S	3750
NC_045512.2	11514	C	G	10119	7651	36	1	0	27	9.88045e-05	10121	1	FALSE	ORF1ab:cds-YP_009725295.1	ACT	T	AGT	S	3750
NC_045512.2	11514	C	A	10119	7651	36	1	1	34	9.88045e-05	10121	0.999513	FALSE	ORF1ab:cds-YP_009724389.1	ACT	T	AAT	N	3750
NC_045512.2	11514	C	A	10119	7651	36	1	1	34	9.88045e-05	10121	0.999513	FALSE	ORF1ab:cds-YP_009725295.1	ACT	T	AAT	N	3750
NC_045512.2	11517	T	C	10358	7150	37	4	4	34	0.000386026	10362	0.971367	FALSE	ORF1ab:cds-YP_009724389.1	GTC	V	GCC	A	3751
NC_045512.2	11517	T	C	10358	7150	37	4	4	34	0.000386026	10362	0.971367	FALSE	ORF1ab:cds-YP_009725295.1	GTC	V	GCC	A	3751
NC_045512.2	11518	C	A	10336	7153	37	1	1	26	9.67399e-05	10337	1	FALSE	ORF1ab:cds-YP_009724389.1	GTC	V	GTA	V	3751
NC_045512.2	11518	C	A	10336	7153	37	1	1	26	9.67399e-05	10337	1	FALSE	ORF1ab:cds-YP_009725295.1	GTC	V	GTA	V	3751
NC_045512.2	11519	A	T	10002	7151	37	3	1	26	0.00029973	10009	1	FALSE	ORF1ab:cds-YP_009724389.1	ATG	M	TTG	L	3752
NC_045512.2	11519	A	T	10002	7151	37	3	1	26	0.00029973	10009	1	FALSE	ORF1ab:cds-YP_009725295.1	ATG	M	TTG	L	3752
NC_045512.2	11519	A	G	10002	7151	37	2	1	47	0.00019982	10009	0.49985	FALSE	ORF1ab:cds-YP_009724389.1	ATG	M	GTG	V	3752
NC_045512.2	11519	A	G	10002	7151	37	2	1	47	0.00019982	10009	0.49985	FALSE	ORF1ab:cds-YP_009725295.1	ATG	M	GTG	V	3752
NC_045512.2	11519	A	C	10002	7151	37	2	1	34	0.00019982	10009	0.996827	FALSE	ORF1ab:cds-YP_009724389.1	ATG	M	CTG	L	3752
NC_045512.2	11519	A	C	10002	7151	37	2	1	34	0.00019982	10009	0.996827	FALSE	ORF1ab:cds-YP_009725295.1	ATG	M	CTG	L	3752
NC_045512.2	11521	G	-T	10438	7203	37	11	0	20	0.00105384	10438	1	FALSE	NA	NA	NA	NA	NA	NA
NC_045512.2	11523	T	C	10405	7216	37	1	1	34	9.60984e-05	10406	0.999513	FALSE	ORF1ab:cds-YP_009724389.1	TTT	F	TCT	S	3753
NC_045512.2	11523	T	C	10405	7216	37	1	1	34	9.60984e-05	10406	0.999513	FALSE	ORF1ab:cds-YP_009725295.1	TTT	F	TCT	S	3753
NC_045512.2	11526	T	C	10667	7568	38	3	3	34	0.000281162	10670	0.988794	FALSE	ORF1ab:cds-YP_009724389.1	TTG	L	TCG	S	3754
NC_045512.2	11526	T	C	10667	7568	38	3	3	34	0.000281162	10670	0.988794	FALSE	ORF1ab:cds-YP_009725295.1	TTG	L	TCG	S	3754
NC_045512.2	11527	G	A	10651	7570	38	1	0	68	9.38791e-05	10652	0.500023	FALSE	ORF1ab:cds-YP_009724389.1	TTG	L	TTA	L	3754
NC_045512.2	11527	G	A	10651	7570	38	1	0	68	9.38791e-05	10652	0.500023	FALSE	ORF1ab:cds-YP_009725295.1	TTG	L	TTA	L	3754
NC_045512.2	11528	G	C	10617	7553	38	4	4	30	0.000376541	10623	0.971342	FALSE	ORF1ab:cds-YP_009724389.1	GCC	A	CCC	P	3755
NC_045512.2	11528	G	C	10617	7553	38	4	4	30	0.000376541	10623	0.971342	FALSE	ORF1ab:cds-YP_009725295.1	GCC	A	CCC	P	3755
NC_045512.2	11528	G	A	10617	7553	38	2	2	34	0.000188271	10623	0.996828	FALSE	ORF1ab:cds-YP_009724389.1	GCC	A	ACC	T	3755
NC_045512.2	11528	G	A	10617	7553	38	2	2	34	0.000188271	10623	0.996828	FALSE	ORF1ab:cds-YP_009725295.1	GCC	A	ACC	T	3755
NC_045512.2	11529	C	T	10701	7686	38	4	3	34	0.000373622	10706	0.971353	FALSE	ORF1ab:cds-YP_009724389.1	GCC	A	GTC	V	3755
NC_045512.2	11529	C	T	10701	7686	38	4	3	34	0.000373622	10706	0.971353	FALSE	ORF1ab:cds-YP_009725295.1	GCC	A	GTC	V	3755
NC_045512.2	11529	C	A	10701	7686	38	1	1	34	9.34056e-05	10706	0.999512	FALSE	ORF1ab:cds-YP_009724389.1	GCC	A	GAC	D	3755
NC_045512.2	11529	C	A	10701	7686	38	1	1	34	9.34056e-05	10706	0.999512	FALSE	ORF1ab:cds-YP_009725295.1	GCC	A	GAC	D	3755
NC_045512.2	11532	G	T	9618	6540	36	1	0	34	0.000103961	9619	0.999026	FALSE	ORF1ab:cds-YP_009724389.1	AGA	R	ATA	I	3756
NC_045512.2	11532	G	T	9618	6540	36	1	0	34	0.000103961	9619	0.999026	FALSE	ORF1ab:cds-YP_009725295.1	AGA	R	ATA	I	3756
NC_045512.2	11533	A	G	10558	7683	37	1	1	26	9.47059e-05	10559	1	FALSE	ORF1ab:cds-YP_009724389.1	AGA	R	AGG	R	3756
NC_045512.2	11533	A	G	10558	7683	37	1	1	26	9.47059e-05	10559	1	FALSE	ORF1ab:cds-YP_009725295.1	AGA	R	AGG	R	3756
NC_045512.2	11535	G	T	10557	7488	37	1	1	26	9.47149e-05	10558	1	FALSE	ORF1ab:cds-YP_009724389.1	GGT	G	GTT	V	3757
NC_045512.2	11535	G	T	10557	7488	37	1	1	26	9.47149e-05	10558	1	FALSE	ORF1ab:cds-YP_009725295.1	GGT	G	GTT	V	3757
NC_045512.2	11536	T	G	9889	6994	36	1	0	34	0.000101102	9891	0.999026	FALSE	ORF1ab:cds-YP_009724389.1	GGT	G	GGG	G	3757
NC_045512.2	11536	T	G	9889	6994	36	1	0	34	0.000101102	9891	0.999026	FALSE	ORF1ab:cds-YP_009725295.1	GGT	G	GGG	G	3757
NC_045512.2	11536	T	C	9889	6994	36	1	1	34	0.000101102	9891	0.999026	FALSE	ORF1ab:cds-YP_009724389.1	GGT	G	GGC	G	3757
NC_045512.2	11536	T	C	9889	6994	36	1	1	34	0.000101102	9891	0.999026	FALSE	ORF1ab:cds-YP_009725295.1	GGT	G	GGC	G	3757
NC_045512.2	11539	T	C	11061	8132	38	2	1	34	0.000180783	11063	0.998296	FALSE	ORF1ab:cds-YP_009724389.1	ATT	I	ATC	I	3758
NC_045512.2	11539	T	C	11061	8132	38	2	1	34	0.000180783	11063	0.998296	FALSE	ORF1ab:cds-YP_009725295.1	ATT	I	ATC	I	3758
NC_045512.2	11540	G	-T	11136	8080	38	1	0	20	8.97989e-05	11136	1	FALSE	NA	NA	NA	NA	NA	NA
NC_045512.2	11542	T	C	10677	8009	37	1	0	34	9.36505e-05	10678	0.999513	FALSE	ORF1ab:cds-YP_009724389.1	GTT	V	GTC	V	3759
NC_045512.2	11542	T	C	10677	8009	37	1	0	34	9.36505e-05	10678	0.999513	FALSE	ORF1ab:cds-YP_009725295.1	GTT	V	GTC	V	3759
NC_045512.2	11543	T	C	9709	7097	36	1	1	34	0.000102987	9710	0.999026	FALSE	ORF1ab:cds-YP_009724389.1	TTT	F	CTT	L	3760
NC_045512.2	11543	T	C	9709	7097	36	1	1	34	0.000102987	9710	0.999026	FALSE	ORF1ab:cds-YP_009725295.1	TTT	F	CTT	L	3760
NC_045512.2	11544	T	C	10582	7996	37	1	0	34	9.44822e-05	10584	0.999513	FALSE	ORF1ab:cds-YP_009724389.1	TTT	F	TCT	S	3760
NC_045512.2	11544	T	C	10582	7996	37	1	0	34	9.44822e-05	10584	0.999513	FALSE	ORF1ab:cds-YP_009725295.1	TTT	F	TCT	S	3760
NC_045512.2	11544	T	A	10582	7996	37	1	0	34	9.44822e-05	10584	0.999513	FALSE	ORF1ab:cds-YP_009724389.1	TTT	F	TAT	Y	3760
NC_045512.2	11544	T	A	10582	7996	37	1	0	34	9.44822e-05	10584	0.999513	FALSE	ORF1ab:cds-YP_009725295.1	TTT	F	TAT	Y	3760
NC_045512.2	11546	A	G	10562	7969	37	2	1	34	0.000189304	10565	0.996833	FALSE	ORF1ab:cds-YP_009724389.1	ATG	M	GTG	V	3761
NC_045512.2	11546	A	G	10562	7969	37	2	1	34	0.000189304	10565	0.996833	FALSE	ORF1ab:cds-YP_009725295.1	ATG	M	GTG	V	3761
NC_045512.2	11546	A	C	10562	7969	37	1	0	34	9.46522e-05	10565	0.999513	FALSE	ORF1ab:cds-YP_009724389.1	ATG	M	CTG	L	3761
NC_045512.2	11546	A	C	10562	7969	37	1	0	34	9.46522e-05	10565	0.999513	FALSE	ORF1ab:cds-YP_009725295.1	ATG	M	CTG	L	3761
NC_045512.2	11548	G	A	10700	8186	37	1	1	34	9.34492e-05	10701	0.999513	FALSE	ORF1ab:cds-YP_009724389.1	ATG	M	ATA	I	3761
NC_045512.2	11548	G	A	10700	8186	37	1	1	34	9.34492e-05	10701	0.999513	FALSE	ORF1ab:cds-YP_009725295.1	ATG	M	ATA	I	3761
NC_045512.2	11550	G	T	10408	7732	37	1	1	34	9.60615e-05	10410	0.999513	FALSE	ORF1ab:cds-YP_009724389.1	TGT	C	TTT	F	3762
NC_045512.2	11550	G	T	10408	7732	37	1	1	34	9.60615e-05	10410	0.999513	FALSE	ORF1ab:cds-YP_009725295.1	TGT	C	TTT	F	3762
NC_045512.2	11550	G	A	10408	7732	37	1	0	34	9.60615e-05	10410	0.999513	FALSE	ORF1ab:cds-YP_009724389.1	TGT	C	TAT	Y	3762
NC_045512.2	11550	G	A	10408	7732	37	1	0	34	9.60615e-05	10410	0.999513	FALSE	ORF1ab:cds-YP_009725295.1	TGT	C	TAT	Y	3762
NC_045512.2	11551	T	C	10171	7616	37	1	1	34	9.82994e-05	10173	0.999513	FALSE	ORF1ab:cds-YP_009724389.1	TGT	C	TGC	C	3762
NC_045512.2	11551	T	C	10171	7616	37	1	1	34	9.82994e-05	10173	0.999513	FALSE	ORF1ab:cds-YP_009725295.1	TGT	C	TGC	C	3762
NC_045512.2	11551	T	A	10171	7616	37	1	1	26	9.82994e-05	10173	1	FALSE	ORF1ab:cds-YP_009724389.1	TGT	C	TGA	*	3762
NC_045512.2	11551	T	A	10171	7616	37	1	1	26	9.82994e-05	10173	1	FALSE	ORF1ab:cds-YP_009725295.1	TGT	C	TGA	*	3762
NC_045512.2	11553	T	C	9259	6660	36	2	2	34	0.000215959	9261	0.994155	FALSE	ORF1ab:cds-YP_009724389.1	GTT	V	GCT	A	3763
NC_045512.2	11553	T	C	9259	6660	36	2	2	34	0.000215959	9261	0.994155	FALSE	ORF1ab:cds-YP_009725295.1	GTT	V	GCT	A	3763
NC_045512.2	11556	A	T	10058	7421	37	2	1	30	0.000198807	10060	0.996835	FALSE	ORF1ab:cds-YP_009724389.1	GAG	E	GTG	V	3764
NC_045512.2	11556	A	T	10058	7421	37	2	1	30	0.000198807	10060	0.996835	FALSE	ORF1ab:cds-YP_009725295.1	GAG	E	GTG	V	3764
NC_045512.2	11557	G	C	9976	7310	37	1	1	34	0.00010022	9978	0.999026	FALSE	ORF1ab:cds-YP_009724389.1	GAG	E	GAC	D	3764
NC_045512.2	11557	G	C	9976	7310	37	1	1	34	0.00010022	9978	0.999026	FALSE	ORF1ab:cds-YP_009725295.1	GAG	E	GAC	D	3764
NC_045512.2	11557	G	A	9976	7310	37	1	1	34	0.00010022	9978	0.999026	FALSE	ORF1ab:cds-YP_009724389.1	GAG	E	GAA	E	3764
NC_045512.2	11557	G	A	9976	7310	37	1	1	34	0.00010022	9978	0.999026	FALSE	ORF1ab:cds-YP_009725295.1	GAG	E	GAA	E	3764
NC_045512.2	11558	T	C	9509	6886	36	1	0	34	0.000105152	9510	0.999026	FALSE	ORF1ab:cds-YP_009724389.1	TAT	Y	CAT	H	3765
NC_045512.2	11558	T	C	9509	6886	36	1	0	34	0.000105152	9510	0.999026	FALSE	ORF1ab:cds-YP_009725295.1	TAT	Y	CAT	H	3765
NC_045512.2	11559	A	C	9524	6936	37	2	2	30	0.000209952	9526	0.994155	FALSE	ORF1ab:cds-YP_009724389.1	TAT	Y	TCT	S	3765
NC_045512.2	11559	A	C	9524	6936	37	2	2	30	0.000209952	9526	0.994155	FALSE	ORF1ab:cds-YP_009725295.1	TAT	Y	TCT	S	3765
NC_045512.2	11561	T	C	9336	6857	37	4	4	34	0.000428266	9340	0.953932	FALSE	ORF1ab:cds-YP_009724389.1	TGC	C	CGC	R	3766
NC_045512.2	11561	T	C	9336	6857	37	4	4	34	0.000428266	9340	0.953932	FALSE	ORF1ab:cds-YP_009725295.1	TGC	C	CGC	R	3766
NC_045512.2	11563	C	T	9562	7163	37	3	0	30	0.000313643	9565	0.980751	FALSE	ORF1ab:cds-YP_009724389.1	TGC	C	TGT	C	3766
NC_045512.2	11563	C	T	9562	7163	37	3	0	30	0.000313643	9565	0.980751	FALSE	ORF1ab:cds-YP_009725295.1	TGC	C	TGT	C	3766
NC_045512.2	11564	C	A	9402	7003	37	1	1	34	0.000106349	9403	0.999026	FALSE	ORF1ab:cds-YP_009724389.1	CCT	P	ACT	T	3767
NC_045512.2	11564	C	A	9402	7003	37	1	1	34	0.000106349	9403	0.999026	FALSE	ORF1ab:cds-YP_009725295.1	CCT	P	ACT	T	3767
NC_045512.2	11565	C	T	9429	7083	38	1	1	34	0.000105977	9436	0.999023	FALSE	ORF1ab:cds-YP_009724389.1	CCT	P	CTT	L	3767
NC_045512.2	11565	C	T	9429	7083	38	1	1	34	0.000105977	9436	0.999023	FALSE	ORF1ab:cds-YP_009725295.1	CCT	P	CTT	L	3767
NC_045512.2	11565	C	G	9429	7083	38	1	0	34	0.000105977	9436	0.999023	FALSE	ORF1ab:cds-YP_009724389.1	CCT	P	CGT	R	3767
NC_045512.2	11565	C	G	9429	7083	38	1	0	34	0.000105977	9436	0.999023	FALSE	ORF1ab:cds-YP_009725295.1	CCT	P	CGT	R	3767
NC_045512.2	11565	C	A	9429	7083	38	5	4	39	0.000529886	9436	0.910266	FALSE	ORF1ab:cds-YP_009724389.1	CCT	P	CAT	H	3767
NC_045512.2	11565	C	A	9429	7083	38	5	4	39	0.000529886	9436	0.910266	FALSE	ORF1ab:cds-YP_009725295.1	CCT	P	CAT	H	3767
NC_045512.2	11566	T	C	8991	6627	37	2	0	30	0.000222395	8993	0.98928	FALSE	ORF1ab:cds-YP_009724389.1	CCT	P	CCC	P	3767
NC_045512.2	11566	T	C	8991	6627	37	2	0	30	0.000222395	8993	0.98928	FALSE	ORF1ab:cds-YP_009725295.1	CCT	P	CCC	P	3767
NC_045512.2	11567	A	G	9013	6762	37	1	1	34	0.000110939	9014	0.999026	FALSE	ORF1ab:cds-YP_009724389.1	ATT	I	GTT	V	3768
NC_045512.2	11567	A	G	9013	6762	37	1	1	34	0.000110939	9014	0.999026	FALSE	ORF1ab:cds-YP_009725295.1	ATT	I	GTT	V	3768
NC_045512.2	11567	A	-T	9013	6762	37	2	0	20	0.000221877	9014	1	FALSE	NA	NA	NA	NA	NA	NA
NC_045512.2	11569	T	C	9204	6847	38	2	2	34	0.00021725	9206	0.994155	FALSE	ORF1ab:cds-YP_009724389.1	ATT	I	ATC	I	3768
NC_045512.2	11569	T	C	9204	6847	38	2	2	34	0.00021725	9206	0.994155	FALSE	ORF1ab:cds-YP_009725295.1	ATT	I	ATC	I	3768
NC_045512.2	11570	T	G	9237	6898	38	1	0	34	0.000108237	9239	0.999026	FALSE	ORF1ab:cds-YP_009724389.1	TTC	F	GTC	V	3769
NC_045512.2	11570	T	G	9237	6898	38	1	0	34	0.000108237	9239	0.999026	FALSE	ORF1ab:cds-YP_009725295.1	TTC	F	GTC	V	3769
NC_045512.2	11570	T	C	9237	6898	38	1	1	34	0.000108237	9239	0.999026	FALSE	ORF1ab:cds-YP_009724389.1	TTC	F	CTC	L	3769
NC_045512.2	11570	T	C	9237	6898	38	1	1	34	0.000108237	9239	0.999026	FALSE	ORF1ab:cds-YP_009725295.1	TTC	F	CTC	L	3769
NC_045512.2	11571	T	C	8982	6663	37	3	3	31	0.00033389	8985	0.967339	FALSE	ORF1ab:cds-YP_009724389.1	TTC	F	TCC	S	3769
NC_045512.2	11571	T	C	8982	6663	37	3	3	31	0.00033389	8985	0.967339	FALSE	ORF1ab:cds-YP_009725295.1	TTC	F	TCC	S	3769
NC_045512.2	11574	T	C	8906	6912	37	3	3	28	0.000336738	8909	1	FALSE	ORF1ab:cds-YP_009724389.1	TTC	F	TCC	S	3770
NC_045512.2	11574	T	C	8906	6912	37	3	3	28	0.000336738	8909	1	FALSE	ORF1ab:cds-YP_009725295.1	TTC	F	TCC	S	3770
NC_045512.2	11575	C	T	8963	6971	37	1	0	20	0.000111545	8965	1	FALSE	ORF1ab:cds-YP_009724389.1	TTC	F	TTT	F	3770
NC_045512.2	11575	C	T	8963	6971	37	1	0	20	0.000111545	8965	1	FALSE	ORF1ab:cds-YP_009725295.1	TTC	F	TTT	F	3770
NC_045512.2	11575	C	G	8963	6971	37	1	0	27	0.000111545	8965	1	FALSE	ORF1ab:cds-YP_009724389.1	TTC	F	TTG	L	3770
NC_045512.2	11575	C	G	8963	6971	37	1	0	27	0.000111545	8965	1	FALSE	ORF1ab:cds-YP_009725295.1	TTC	F	TTG	L	3770
NC_045512.2	11576	A	T	8794	6776	37	1	1	26	0.000113662	8798	1	FALSE	ORF1ab:cds-YP_009724389.1	ATA	I	TTA	L	3771
NC_045512.2	11576	A	T	8794	6776	37	1	1	26	0.000113662	8798	1	FALSE	ORF1ab:cds-YP_009725295.1	ATA	I	TTA	L	3771
NC_045512.2	11576	A	G	8794	6776	37	2	2	29	0.000227324	8798	1	FALSE	ORF1ab:cds-YP_009724389.1	ATA	I	GTA	V	3771
NC_045512.2	11576	A	G	8794	6776	37	2	2	29	0.000227324	8798	1	FALSE	ORF1ab:cds-YP_009725295.1	ATA	I	GTA	V	3771
NC_045512.2	11576	A	C	8794	6776	37	1	1	26	0.000113662	8798	1	FALSE	ORF1ab:cds-YP_009724389.1	ATA	I	CTA	L	3771
NC_045512.2	11576	A	C	8794	6776	37	1	1	26	0.000113662	8798	1	FALSE	ORF1ab:cds-YP_009725295.1	ATA	I	CTA	L	3771
NC_045512.2	11578	A	T	8862	6901	37	1	1	34	0.000112816	8864	0.998051	FALSE	ORF1ab:cds-YP_009724389.1	ATA	I	ATT	I	3771
NC_045512.2	11578	A	T	8862	6901	37	1	1	34	0.000112816	8864	0.998051	FALSE	ORF1ab:cds-YP_009725295.1	ATA	I	ATT	I	3771
NC_045512.2	11578	A	G	8862	6901	37	1	0	34	0.000112816	8864	0.998051	FALSE	ORF1ab:cds-YP_009724389.1	ATA	I	ATG	M	3771
NC_045512.2	11578	A	G	8862	6901	37	1	0	34	0.000112816	8864	0.998051	FALSE	ORF1ab:cds-YP_009725295.1	ATA	I	ATG	M	3771
NC_045512.2	11579	A	G	8891	6901	37	1	1	34	0.000112461	8892	0.998052	FALSE	ORF1ab:cds-YP_009724389.1	ACT	T	GCT	A	3772
NC_045512.2	11579	A	G	8891	6901	37	1	1	34	0.000112461	8892	0.998052	FALSE	ORF1ab:cds-YP_009725295.1	ACT	T	GCT	A	3772
NC_045512.2	11581	T	C	9836	8053	37	3	2	31	0.000304878	9840	0.980742	FALSE	ORF1ab:cds-YP_009724389.1	ACT	T	ACC	T	3772
NC_045512.2	11581	T	C	9836	8053	37	3	2	31	0.000304878	9840	0.980742	FALSE	ORF1ab:cds-YP_009725295.1	ACT	T	ACC	T	3772
NC_045512.2	11581	T	A	9836	8053	37	1	1	34	0.000101626	9840	0.999025	FALSE	ORF1ab:cds-YP_009724389.1	ACT	T	ACA	T	3772
NC_045512.2	11581	T	A	9836	8053	37	1	1	34	0.000101626	9840	0.999025	FALSE	ORF1ab:cds-YP_009725295.1	ACT	T	ACA	T	3772
NC_045512.2	11584	T	A	8897	7034	37	2	2	26	0.000224744	8899	1	FALSE	ORF1ab:cds-YP_009724389.1	GGT	G	GGA	G	3773
NC_045512.2	11584	T	A	8897	7034	37	2	2	26	0.000224744	8899	1	FALSE	ORF1ab:cds-YP_009725295.1	GGT	G	GGA	G	3773
NC_045512.2	11584	T	-A	8897	7034	37	1	0	20	0.000112372	8899	1	FALSE	NA	NA	NA	NA	NA	NA
NC_045512.2	11587	T	G	10304	8522	37	1	0	26	9.70309e-05	10306	1	FALSE	ORF1ab:cds-YP_009724389.1	AAT	N	AAG	K	3774
NC_045512.2	11587	T	G	10304	8522	37	1	0	26	9.70309e-05	10306	1	FALSE	ORF1ab:cds-YP_009725295.1	AAT	N	AAG	K	3774
NC_045512.2	11587	T	C	10304	8522	37	1	1	68	9.70309e-05	10306	0.5	FALSE	ORF1ab:cds-YP_009724389.1	AAT	N	AAC	N	3774
NC_045512.2	11587	T	C	10304	8522	37	1	1	68	9.70309e-05	10306	0.5	FALSE	ORF1ab:cds-YP_009725295.1	AAT	N	AAC	N	3774
NC_045512.2	11588	A	G	10131	8664	37	5	4	46	0.000493291	10136	0.109363	FALSE	ORF1ab:cds-YP_009724389.1	ACA	T	GCA	A	3775
NC_045512.2	11588	A	G	10131	8664	37	5	4	46	0.000493291	10136	0.109363	FALSE	ORF1ab:cds-YP_009725295.1	ACA	T	GCA	A	3775
NC_045512.2	11589	C	A	10458	8682	38	1	1	26	9.56114e-05	10459	1	FALSE	ORF1ab:cds-YP_009724389.1	ACA	T	AAA	K	3775
NC_045512.2	11589	C	A	10458	8682	38	1	1	26	9.56114e-05	10459	1	FALSE	ORF1ab:cds-YP_009725295.1	ACA	T	AAA	K	3775
NC_045512.2	11591	C	A	10469	8710	38	2	1	34	0.000191004	10471	0.996835	FALSE	ORF1ab:cds-YP_009724389.1	CTT	L	ATT	I	3776
NC_045512.2	11591	C	A	10469	8710	38	2	1	34	0.000191004	10471	0.996835	FALSE	ORF1ab:cds-YP_009725295.1	CTT	L	ATT	I	3776
NC_045512.2	11591	C	-T	10469	8710	38	1	0	20	9.55019e-05	10471	1	FALSE	NA	NA	NA	NA	NA	NA
NC_045512.2	11593	T	C	10849	9248	38	3	2	45	0.000276447	10852	0.312517	FALSE	ORF1ab:cds-YP_009724389.1	CTT	L	CTC	L	3776
NC_045512.2	11593	T	C	10849	9248	38	3	2	45	0.000276447	10852	0.312517	FALSE	ORF1ab:cds-YP_009725295.1	CTT	L	CTC	L	3776
NC_045512.2	11595	A	G	10559	8998	38	2	2	30	0.000189376	10561	0.996835	FALSE	ORF1ab:cds-YP_009724389.1	CAG	Q	CGG	R	3777
NC_045512.2	11595	A	G	10559	8998	38	2	2	30	0.000189376	10561	0.996835	FALSE	ORF1ab:cds-YP_009725295.1	CAG	Q	CGG	R	3777
NC_045512.2	11599	T	C	10022	8429	38	1	1	34	9.97705e-05	10023	0.999513	FALSE	ORF1ab:cds-YP_009724389.1	TGT	C	TGC	C	3778
NC_045512.2	11599	T	C	10022	8429	38	1	1	34	9.97705e-05	10023	0.999513	FALSE	ORF1ab:cds-YP_009725295.1	TGT	C	TGC	C	3778
NC_045512.2	11600	A	G	10228	8659	39	2	1	34	0.000195503	10230	0.996835	FALSE	ORF1ab:cds-YP_009724389.1	ATA	I	GTA	V	3779
NC_045512.2	11600	A	G	10228	8659	39	2	1	34	0.000195503	10230	0.996835	FALSE	ORF1ab:cds-YP_009725295.1	ATA	I	GTA	V	3779
NC_045512.2	11600	A	-T	10228	8659	39	1	0	20	9.77517e-05	10230	1	FALSE	NA	NA	NA	NA	NA	NA
NC_045512.2	11604	T	C	10366	9029	39	1	1	34	9.64599e-05	10367	0.999513	FALSE	ORF1ab:cds-YP_009724389.1	ATG	M	ACG	T	3780
NC_045512.2	11604	T	C	10366	9029	39	1	1	34	9.64599e-05	10367	0.999513	FALSE	ORF1ab:cds-YP_009725295.1	ATG	M	ACG	T	3780
NC_045512.2	11606	C	T	10083	9015	38	2	2	34	0.000198236	10089	0.996829	FALSE	ORF1ab:cds-YP_009724389.1	CTA	L	TTA	L	3781
NC_045512.2	11606	C	T	10083	9015	38	2	2	34	0.000198236	10089	0.996829	FALSE	ORF1ab:cds-YP_009725295.1	CTA	L	TTA	L	3781
NC_045512.2	11606	C	A	10083	9015	38	4	4	28	0.000396471	10089	1	FALSE	ORF1ab:cds-YP_009724389.1	CTA	L	ATA	I	3781
NC_045512.2	11606	C	A	10083	9015	38	4	4	28	0.000396471	10089	1	FALSE	ORF1ab:cds-YP_009725295.1	CTA	L	ATA	I	3781
NC_045512.2	11607	T	C	9107	8037	39	5	5	30	0.000548727	9112	0.910335	FALSE	ORF1ab:cds-YP_009724389.1	CTA	L	CCA	P	3781
NC_045512.2	11607	T	C	9107	8037	39	5	5	30	0.000548727	9112	0.910335	FALSE	ORF1ab:cds-YP_009725295.1	CTA	L	CCA	P	3781
NC_045512.2	11608	A	C	9223	8156	39	1	1	34	0.000108413	9224	0.999026	FALSE	ORF1ab:cds-YP_009724389.1	CTA	L	CTC	L	3781
NC_045512.2	11608	A	C	9223	8156	39	1	1	34	0.000108413	9224	0.999026	FALSE	ORF1ab:cds-YP_009725295.1	CTA	L	CTC	L	3781
NC_045512.2	11613	A	C	8918	7852	39	1	1	26	0.00011212	8919	1	FALSE	ORF1ab:cds-YP_009724389.1	TAT	Y	TCT	S	3783
NC_045512.2	11613	A	C	8918	7852	39	1	1	26	0.00011212	8919	1	FALSE	ORF1ab:cds-YP_009725295.1	TAT	Y	TCT	S	3783
NC_045512.2	11614	T	A	9000	7945	39	1	1	26	0.000111099	9001	1	FALSE	ORF1ab:cds-YP_009724389.1	TAT	Y	TAA	*	3783
NC_045512.2	11614	T	A	9000	7945	39	1	1	26	0.000111099	9001	1	FALSE	ORF1ab:cds-YP_009725295.1	TAT	Y	TAA	*	3783
NC_045512.2	11615	T	C	8927	7880	39	4	3	51	0.000447828	8932	0.062479	FALSE	ORF1ab:cds-YP_009724389.1	TGT	C	CGT	R	3784
NC_045512.2	11615	T	C	8927	7880	39	4	3	51	0.000447828	8932	0.062479	FALSE	ORF1ab:cds-YP_009725295.1	TGT	C	CGT	R	3784
NC_045512.2	11615	T	A	8927	7880	39	1	0	38	0.000111957	8932	0.998048	FALSE	ORF1ab:cds-YP_009724389.1	TGT	C	AGT	S	3784
NC_045512.2	11615	T	A	8927	7880	39	1	0	38	0.000111957	8932	0.998048	FALSE	ORF1ab:cds-YP_009725295.1	TGT	C	AGT	S	3784
NC_045512.2	11616	G	C	8909	7856	39	1	1	34	0.000112221	8911	0.998051	FALSE	ORF1ab:cds-YP_009724389.1	TGT	C	TCT	S	3784
NC_045512.2	11616	G	C	8909	7856	39	1	1	34	0.000112221	8911	0.998051	FALSE	ORF1ab:cds-YP_009725295.1	TGT	C	TCT	S	3784
NC_045512.2	11616	G	A	8909	7856	39	1	0	68	0.000112221	8911	0.5	FALSE	ORF1ab:cds-YP_009724389.1	TGT	C	TAT	Y	3784
NC_045512.2	11616	G	A	8909	7856	39	1	0	68	0.000112221	8911	0.5	FALSE	ORF1ab:cds-YP_009725295.1	TGT	C	TAT	Y	3784
NC_045512.2	11616	G	+T	8909	7856	39	1	0	20	0.000112221	8911	1	FALSE	NA	NA	NA	NA	NA	NA
NC_045512.2	11619	T	C	8491	7459	38	1	1	34	0.000117758	8492	0.998052	FALSE	ORF1ab:cds-YP_009724389.1	TTC	F	TCC	S	3785
NC_045512.2	11619	T	C	8491	7459	38	1	1	34	0.000117758	8492	0.998052	FALSE	ORF1ab:cds-YP_009725295.1	TTC	F	TCC	S	3785
NC_045512.2	11619	T	-C	8491	7459	38	6	0	20	0.000706547	8492	1	FALSE	NA	NA	NA	NA	NA	NA
NC_045512.2	11620	C	T	2434	2157	39	6129	5384	38	0.715754	8563	0	TRUE	ORF1ab:cds-YP_009724389.1	TTC	F	TTT	F	3785
NC_045512.2	11620	C	T	2434	2157	39	6129	5384	38	0.715754	8563	0	TRUE	ORF1ab:cds-YP_009725295.1	TTC	F	TTT	F	3785
NC_045512.2	11623	A	T	8802	7803	39	1	1	34	0.000113585	8804	0.998051	FALSE	ORF1ab:cds-YP_009724389.1	TTA	L	TTT	F	3786
NC_045512.2	11623	A	T	8802	7803	39	1	1	34	0.000113585	8804	0.998051	FALSE	ORF1ab:cds-YP_009725295.1	TTA	L	TTT	F	3786
NC_045512.2	11623	A	G	8802	7803	39	1	1	26	0.000113585	8804	1	FALSE	ORF1ab:cds-YP_009724389.1	TTA	L	TTG	L	3786
NC_045512.2	11623	A	G	8802	7803	39	1	1	26	0.000113585	8804	1	FALSE	ORF1ab:cds-YP_009725295.1	TTA	L	TTG	L	3786
NC_045512.2	11624	G	A	8774	7773	39	1	1	34	0.00011396	8775	0.998052	FALSE	ORF1ab:cds-YP_009724389.1	GGC	G	AGC	S	3787
NC_045512.2	11624	G	A	8774	7773	39	1	1	34	0.00011396	8775	0.998052	FALSE	ORF1ab:cds-YP_009725295.1	GGC	G	AGC	S	3787
NC_045512.2	11626	C	A	8383	7403	39	2	2	34	0.000238521	8385	0.989281	FALSE	ORF1ab:cds-YP_009724389.1	GGC	G	GGA	G	3787
NC_045512.2	11626	C	A	8383	7403	39	2	2	34	0.000238521	8385	0.989281	FALSE	ORF1ab:cds-YP_009725295.1	GGC	G	GGA	G	3787
NC_045512.2	11628	A	-T	8215	7237	39	2	0	20	0.000243457	8215	1	FALSE	NA	NA	NA	NA	NA	NA
NC_045512.2	11631	T	G	7462	6481	38	1	1	34	0.000133994	7463	0.996103	FALSE	ORF1ab:cds-YP_009724389.1	TTT	F	TGT	C	3789
NC_045512.2	11631	T	G	7462	6481	38	1	1	34	0.000133994	7463	0.996103	FALSE	ORF1ab:cds-YP_009725295.1	TTT	F	TGT	C	3789
NC_045512.2	11632	T	G	8054	7076	39	1	1	34	0.000124146	8055	0.998052	FALSE	ORF1ab:cds-YP_009724389.1	TTT	F	TTG	L	3789
NC_045512.2	11632	T	G	8054	7076	39	1	1	34	0.000124146	8055	0.998052	FALSE	ORF1ab:cds-YP_009725295.1	TTT	F	TTG	L	3789
NC_045512.2	11633	T	C	7930	6992	39	2	2	30	0.000252143	7932	0.980504	FALSE	ORF1ab:cds-YP_009724389.1	TGT	C	CGT	R	3790
NC_045512.2	11633	T	C	7930	6992	39	2	2	30	0.000252143	7932	0.980504	FALSE	ORF1ab:cds-YP_009725295.1	TGT	C	CGT	R	3790
NC_045512.2	11635	T	C	7779	6861	39	1	1	34	0.000128535	7780	0.996103	FALSE	ORF1ab:cds-YP_009724389.1	TGT	C	TGC	C	3790
NC_045512.2	11635	T	C	7779	6861	39	1	1	34	0.000128535	7780	0.996103	FALSE	ORF1ab:cds-YP_009725295.1	TGT	C	TGC	C	3790
NC_045512.2	11636	A	G	7829	6956	38	1	1	34	0.000127714	7830	0.996103	FALSE	ORF1ab:cds-YP_009724389.1	ACT	T	GCT	A	3791
NC_045512.2	11636	A	G	7829	6956	38	1	1	34	0.000127714	7830	0.996103	FALSE	ORF1ab:cds-YP_009725295.1	ACT	T	GCT	A	3791
NC_045512.2	11638	T	C	7319	6452	39	1	1	26	0.000136612	7320	1	FALSE	ORF1ab:cds-YP_009724389.1	ACT	T	ACC	T	3791
NC_045512.2	11638	T	C	7319	6452	39	1	1	26	0.000136612	7320	1	FALSE	ORF1ab:cds-YP_009725295.1	ACT	T	ACC	T	3791
NC_045512.2	11643	A	G	7265	6473	38	1	1	34	0.000137627	7266	0.996103	FALSE	ORF1ab:cds-YP_009724389.1	TAC	Y	TGC	C	3793
NC_045512.2	11643	A	G	7265	6473	38	1	1	34	0.000137627	7266	0.996103	FALSE	ORF1ab:cds-YP_009725295.1	TAC	Y	TGC	C	3793
NC_045512.2	11644	C	A	7279	6518	38	1	1	34	0.000137363	7280	0.996103	FALSE	ORF1ab:cds-YP_009724389.1	TAC	Y	TAA	*	3793
NC_045512.2	11644	C	A	7279	6518	38	1	1	34	0.000137363	7280	0.996103	FALSE	ORF1ab:cds-YP_009725295.1	TAC	Y	TAA	*	3793
NC_045512.2	11645	T	G	7175	6390	38	1	1	34	0.000139334	7177	0.996101	FALSE	ORF1ab:cds-YP_009724389.1	TTT	F	GTT	V	3794
NC_045512.2	11645	T	G	7175	6390	38	1	1	34	0.000139334	7177	0.996101	FALSE	ORF1ab:cds-YP_009725295.1	TTT	F	GTT	V	3794
NC_045512.2	11645	T	C	7175	6390	38	1	1	34	0.000139334	7177	0.996101	FALSE	ORF1ab:cds-YP_009724389.1	TTT	F	CTT	L	3794
NC_045512.2	11645	T	C	7175	6390	38	1	1	34	0.000139334	7177	0.996101	FALSE	ORF1ab:cds-YP_009725295.1	TTT	F	CTT	L	3794
NC_045512.2	11649	G	A	6904	6141	38	4	4	32	0.000579039	6908	0.828273	FALSE	ORF1ab:cds-YP_009724389.1	GGC	G	GAC	D	3795
NC_045512.2	11649	G	A	6904	6141	38	4	4	32	0.000579039	6908	0.828273	FALSE	ORF1ab:cds-YP_009725295.1	GGC	G	GAC	D	3795
NC_045512.2	11650	C	T	6885	6201	38	1	1	34	0.000145222	6886	0.992203	FALSE	ORF1ab:cds-YP_009724389.1	GGC	G	GGT	G	3795
NC_045512.2	11650	C	T	6885	6201	38	1	1	34	0.000145222	6886	0.992203	FALSE	ORF1ab:cds-YP_009725295.1	GGC	G	GGT	G	3795
NC_045512.2	11651	C	A	6843	6207	37	3	3	31	0.000438212	6846	0.910264	FALSE	ORF1ab:cds-YP_009724389.1	CTC	L	ATC	I	3796
NC_045512.2	11651	C	A	6843	6207	37	3	3	31	0.000438212	6846	0.910264	FALSE	ORF1ab:cds-YP_009725295.1	CTC	L	ATC	I	3796
NC_045512.2	11652	T	A	6735	6107	37	1	1	24	0.000148456	6736	1	FALSE	ORF1ab:cds-YP_009724389.1	CTC	L	CAC	H	3796
NC_045512.2	11652	T	A	6735	6107	37	1	1	24	0.000148456	6736	1	FALSE	ORF1ab:cds-YP_009725295.1	CTC	L	CAC	H	3796
NC_045512.2	11654	T	G	6802	6171	37	1	1	34	0.000146972	6804	0.9922	FALSE	ORF1ab:cds-YP_009724389.1	TTT	F	GTT	V	3797
NC_045512.2	11654	T	G	6802	6171	37	1	1	34	0.000146972	6804	0.9922	FALSE	ORF1ab:cds-YP_009725295.1	TTT	F	GTT	V	3797
NC_045512.2	11654	T	C	6802	6171	37	1	1	34	0.000146972	6804	0.9922	FALSE	ORF1ab:cds-YP_009724389.1	TTT	F	CTT	L	3797
NC_045512.2	11654	T	C	6802	6171	37	1	1	34	0.000146972	6804	0.9922	FALSE	ORF1ab:cds-YP_009725295.1	TTT	F	CTT	L	3797
NC_045512.2	11655	T	C	6679	6054	37	1	1	34	0.000149701	6680	0.992204	FALSE	ORF1ab:cds-YP_009724389.1	TTT	F	TCT	S	3797
NC_045512.2	11655	T	C	6679	6054	37	1	1	34	0.000149701	6680	0.992204	FALSE	ORF1ab:cds-YP_009725295.1	TTT	F	TCT	S	3797
NC_045512.2	11656	T	C	6784	6185	37	1	1	34	0.000147384	6785	0.992204	FALSE	ORF1ab:cds-YP_009724389.1	TTT	F	TTC	F	3797
NC_045512.2	11656	T	C	6784	6185	37	1	1	34	0.000147384	6785	0.992204	FALSE	ORF1ab:cds-YP_009725295.1	TTT	F	TTC	F	3797
NC_045512.2	11657	T	C	6647	6054	37	2	2	34	0.000300797	6649	0.964901	FALSE	ORF1ab:cds-YP_009724389.1	TGT	C	CGT	R	3798
NC_045512.2	11657	T	C	6647	6054	37	2	2	34	0.000300797	6649	0.964901	FALSE	ORF1ab:cds-YP_009725295.1	TGT	C	CGT	R	3798
NC_045512.2	11659	T	C	5362	4816	35	1	1	34	0.000186463	5363	0.984406	FALSE	ORF1ab:cds-YP_009724389.1	TGT	C	TGC	C	3798
NC_045512.2	11659	T	C	5362	4816	35	1	1	34	0.000186463	5363	0.984406	FALSE	ORF1ab:cds-YP_009725295.1	TGT	C	TGC	C	3798
NC_045512.2	11660	T	C	6509	5964	37	2	2	34	0.000307172	6511	0.964903	FALSE	ORF1ab:cds-YP_009724389.1	TTA	L	CTA	L	3799
NC_045512.2	11660	T	C	6509	5964	37	2	2	34	0.000307172	6511	0.964903	FALSE	ORF1ab:cds-YP_009725295.1	TTA	L	CTA	L	3799
NC_045512.2	11664	T	C	5978	5467	37	3	3	42	0.000501588	5981	0.125	FALSE	ORF1ab:cds-YP_009724389.1	CTC	L	CCC	P	3800
NC_045512.2	11664	T	C	5978	5467	37	3	3	42	0.000501588	5981	0.125	FALSE	ORF1ab:cds-YP_009725295.1	CTC	L	CCC	P	3800
NC_045512.2	11665	C	T	5948	5444	37	2	2	30	0.000336078	5951	0.937555	FALSE	ORF1ab:cds-YP_009724389.1	CTC	L	CTT	L	3800
NC_045512.2	11665	C	T	5948	5444	37	2	2	30	0.000336078	5951	0.937555	FALSE	ORF1ab:cds-YP_009725295.1	CTC	L	CTT	L	3800
NC_045512.2	11665	C	G	5948	5444	37	1	1	34	0.000168039	5951	0.984387	FALSE	ORF1ab:cds-YP_009724389.1	CTC	L	CTG	L	3800
NC_045512.2	11665	C	G	5948	5444	37	1	1	34	0.000168039	5951	0.984387	FALSE	ORF1ab:cds-YP_009725295.1	CTC	L	CTG	L	3800
NC_045512.2	11670	G	A	5723	5243	37	2	2	34	0.000349345	5725	0.937586	FALSE	ORF1ab:cds-YP_009724389.1	CGC	R	CAC	H	3802
NC_045512.2	11670	G	A	5723	5243	37	2	2	34	0.000349345	5725	0.937586	FALSE	ORF1ab:cds-YP_009725295.1	CGC	R	CAC	H	3802
NC_045512.2	11671	C	A	5649	5195	37	1	1	26	0.000176991	5650	1	FALSE	ORF1ab:cds-YP_009724389.1	CGC	R	CGA	R	3802
NC_045512.2	11671	C	A	5649	5195	37	1	1	26	0.000176991	5650	1	FALSE	ORF1ab:cds-YP_009725295.1	CGC	R	CGA	R	3802
NC_045512.2	11674	C	T	5583	5134	37	1	1	34	0.000179083	5584	0.984404	FALSE	ORF1ab:cds-YP_009724389.1	TAC	Y	TAT	Y	3803
NC_045512.2	11674	C	T	5583	5134	37	1	1	34	0.000179083	5584	0.984404	FALSE	ORF1ab:cds-YP_009725295.1	TAC	Y	TAT	Y	3803
NC_045512.2	11681	C	A	5207	4878	36	2	2	34	0.000383951	5209	0.937594	FALSE	ORF1ab:cds-YP_009724389.1	CTG	L	ATG	M	3806
NC_045512.2	11681	C	A	5207	4878	36	2	2	34	0.000383951	5209	0.937594	FALSE	ORF1ab:cds-YP_009725295.1	CTG	L	ATG	M	3806
NC_045512.2	11682	T	A	3311	3066	36	1	1	34	0.000301932	3312	0.937594	FALSE	ORF1ab:cds-YP_009724389.1	CTG	L	CAG	Q	3806
NC_045512.2	11682	T	A	3311	3066	36	1	1	34	0.000301932	3312	0.937594	FALSE	ORF1ab:cds-YP_009725295.1	CTG	L	CAG	Q	3806
NC_045512.2	11683	G	A	3361	3115	36	1	1	34	0.000297442	3362	0.937593	FALSE	ORF1ab:cds-YP_009724389.1	CTG	L	CTA	L	3806
NC_045512.2	11683	G	A	3361	3115	36	1	1	34	0.000297442	3362	0.937593	FALSE	ORF1ab:cds-YP_009725295.1	CTG	L	CTA	L	3806
NC_045512.2	11750	C	T	0	0	0	8	3	55	1	8	0.0001554	TRUE	ORF1ab:cds-YP_009724389.1	CTC	L	TTC	F	3829
NC_045512.2	11750	C	T	0	0	0	8	3	55	1	8	0.0001554	TRUE	ORF1ab:cds-YP_009725295.1	CTC	L	TTC	F	3829
NC_045512.2	11956	C	T	0	0	0	1	1	34	1	1	1	FALSE	ORF1ab:cds-YP_009724389.1	GAC	D	GAT	D	3897
NC_045512.2	11956	C	T	0	0	0	1	1	34	1	1	1	FALSE	ORF1ab:cds-YP_009725295.1	GAC	D	GAT	D	3897
NC_045512.2	12269	G	A	1603	105	34	1	0	34	0.000623441	1604	0.750234	FALSE	ORF1ab:cds-YP_009724389.1	GAA	E	AAA	K	4002
NC_045512.2	12269	G	A	1603	105	34	1	0	34	0.000623441	1604	0.750234	FALSE	ORF1ab:cds-YP_009725295.1	GAA	E	AAA	K	4002
NC_045512.2	12270	A	G	1609	113	34	1	0	34	0.000621118	1610	0.750233	FALSE	ORF1ab:cds-YP_009724389.1	GAA	E	GGA	G	4002
NC_045512.2	12270	A	G	1609	113	34	1	0	34	0.000621118	1610	0.750233	FALSE	ORF1ab:cds-YP_009725295.1	GAA	E	GGA	G	4002
NC_045512.2	12273	A	G	1624	117	34	1	0	34	0.000615385	1625	0.750231	FALSE	ORF1ab:cds-YP_009724389.1	AAG	K	AGG	R	4003
NC_045512.2	12273	A	G	1624	117	34	1	0	34	0.000615385	1625	0.750231	FALSE	ORF1ab:cds-YP_009725295.1	AAG	K	AGG	R	4003
NC_045512.2	12276	T	G	1662	127	35	1	0	34	0.000601323	1663	0.750226	FALSE	ORF1ab:cds-YP_009724389.1	ATG	M	AGG	R	4004
NC_045512.2	12276	T	G	1662	127	35	1	0	34	0.000601323	1663	0.750226	FALSE	ORF1ab:cds-YP_009725295.1	ATG	M	AGG	R	4004
NC_045512.2	12280	T	C	1662	125	35	1	0	34	0.000601323	1663	0.750226	FALSE	ORF1ab:cds-YP_009724389.1	GCT	A	GCC	A	4005
NC_045512.2	12280	T	C	1662	125	35	1	0	34	0.000601323	1663	0.750226	FALSE	ORF1ab:cds-YP_009725295.1	GCT	A	GCC	A	4005
NC_045512.2	12286	A	G	1900	149	35	1	0	34	0.000526039	1901	0.750197	FALSE	ORF1ab:cds-YP_009724389.1	CAA	Q	CAG	Q	4007
NC_045512.2	12286	A	G	1900	149	35	1	0	34	0.000526039	1901	0.750197	FALSE	ORF1ab:cds-YP_009725295.1	CAA	Q	CAG	Q	4007
NC_045512.2	12287	G	T	1977	149	35	1	0	26	0.000505561	1978	0.999999	FALSE	ORF1ab:cds-YP_009724389.1	GCT	A	TCT	S	4008
NC_045512.2	12287	G	T	1977	149	35	1	0	26	0.000505561	1978	0.999999	FALSE	ORF1ab:cds-YP_009725295.1	GCT	A	TCT	S	4008
NC_045512.2	12289	T	C	1979	149	35	1	0	34	0.000505051	1980	0.750189	FALSE	ORF1ab:cds-YP_009724389.1	GCT	A	GCC	A	4008
NC_045512.2	12289	T	C	1979	149	35	1	0	34	0.000505051	1980	0.750189	FALSE	ORF1ab:cds-YP_009725295.1	GCT	A	GCC	A	4008
NC_045512.2	12293	A	G	2024	176	35	1	0	34	0.000493827	2025	0.875185	FALSE	ORF1ab:cds-YP_009724389.1	ACC	T	GCC	A	4010
NC_045512.2	12293	A	G	2024	176	35	1	0	34	0.000493827	2025	0.875185	FALSE	ORF1ab:cds-YP_009725295.1	ACC	T	GCC	A	4010
NC_045512.2	12296	C	A	2071	175	36	1	0	34	0.000482625	2072	0.875181	FALSE	ORF1ab:cds-YP_009724389.1	CAA	Q	AAA	K	4011
NC_045512.2	12296	C	A	2071	175	36	1	0	34	0.000482625	2072	0.875181	FALSE	ORF1ab:cds-YP_009725295.1	CAA	Q	AAA	K	4011
NC_045512.2	12305	A	G	2351	199	36	1	0	34	0.00042517	2352	0.875159	FALSE	ORF1ab:cds-YP_009724389.1	AAA	K	GAA	E	4014
NC_045512.2	12305	A	G	2351	199	36	1	0	34	0.00042517	2352	0.875159	FALSE	ORF1ab:cds-YP_009725295.1	AAA	K	GAA	E	4014
NC_045512.2	12307	A	G	1749	222	34	1	0	34	0.000571429	1750	0.750214	FALSE	ORF1ab:cds-YP_009724389.1	AAA	K	AAG	K	4014
NC_045512.2	12307	A	G	1749	222	34	1	0	34	0.000571429	1750	0.750214	FALSE	ORF1ab:cds-YP_009725295.1	AAA	K	AAG	K	4014
NC_045512.2	12313	T	A	2658	252	37	1	1	68	0.000376081	2659	0.500094	FALSE	ORF1ab:cds-YP_009724389.1	GCT	A	GCA	A	4016
NC_045512.2	12313	T	A	2658	252	37	1	1	68	0.000376081	2659	0.500094	FALSE	ORF1ab:cds-YP_009725295.1	GCT	A	GCA	A	4016
NC_045512.2	12319	T	C	2787	300	38	1	0	34	0.00035868	2788	0.875135	FALSE	ORF1ab:cds-YP_009724389.1	TCT	S	TCC	S	4018
NC_045512.2	12319	T	C	2787	300	38	1	0	34	0.00035868	2788	0.875135	FALSE	ORF1ab:cds-YP_009725295.1	TCT	S	TCC	S	4018
NC_045512.2	12320	G	T	2863	301	38	1	0	26	0.000349162	2864	1	FALSE	ORF1ab:cds-YP_009724389.1	GAG	E	TAG	*	4019
NC_045512.2	12320	G	T	2863	301	38	1	0	26	0.000349162	2864	1	FALSE	ORF1ab:cds-YP_009725295.1	GAG	E	TAG	*	4019
NC_045512.2	12321	A	G	2792	300	38	1	1	68	0.000358038	2793	0.50009	FALSE	ORF1ab:cds-YP_009724389.1	GAG	E	GGG	G	4019
NC_045512.2	12321	A	G	2792	300	38	1	1	68	0.000358038	2793	0.50009	FALSE	ORF1ab:cds-YP_009725295.1	GAG	E	GGG	G	4019
NC_045512.2	12327	A	G	2917	340	39	1	0	34	0.0003427	2918	0.875129	FALSE	ORF1ab:cds-YP_009724389.1	AAG	K	AGG	R	4021
NC_045512.2	12327	A	G	2917	340	39	1	0	34	0.0003427	2918	0.875129	FALSE	ORF1ab:cds-YP_009725295.1	AAG	K	AGG	R	4021
NC_045512.2	12330	G	T	2974	344	39	1	0	34	0.000336134	2975	0.875126	FALSE	ORF1ab:cds-YP_009724389.1	AGG	R	ATG	M	4022
NC_045512.2	12330	G	T	2974	344	39	1	0	34	0.000336134	2975	0.875126	FALSE	ORF1ab:cds-YP_009725295.1	AGG	R	ATG	M	4022
NC_045512.2	12332	G	A	2982	353	39	1	0	34	0.000335233	2983	0.875126	FALSE	ORF1ab:cds-YP_009724389.1	GCA	A	ACA	T	4023
NC_045512.2	12332	G	A	2982	353	39	1	0	34	0.000335233	2983	0.875126	FALSE	ORF1ab:cds-YP_009725295.1	GCA	A	ACA	T	4023
NC_045512.2	12333	C	T	2986	370	39	1	1	68	0.000334784	2987	0.500084	FALSE	ORF1ab:cds-YP_009724389.1	GCA	A	GTA	V	4023
NC_045512.2	12333	C	T	2986	370	39	1	1	68	0.000334784	2987	0.500084	FALSE	ORF1ab:cds-YP_009725295.1	GCA	A	GTA	V	4023
NC_045512.2	12333	C	-A	2986	370	39	1	0	20	0.000334784	2987	1	FALSE	NA	NA	NA	NA	NA	NA
NC_045512.2	12337	A	G	3046	376	39	2	0	29	0.000656168	3048	1	FALSE	ORF1ab:cds-YP_009724389.1	AAA	K	AAG	K	4024
NC_045512.2	12337	A	G	3046	376	39	2	0	29	0.000656168	3048	1	FALSE	ORF1ab:cds-YP_009725295.1	AAA	K	AAG	K	4024
NC_045512.2	12340	T	G	3045	402	39	3	0	31	0.000984252	3048	0.656481	FALSE	ORF1ab:cds-YP_009724389.1	GTT	V	GTG	V	4025
NC_045512.2	12340	T	G	3045	402	39	3	0	31	0.000984252	3048	0.656481	FALSE	ORF1ab:cds-YP_009725295.1	GTT	V	GTG	V	4025
NC_045512.2	12341	A	G	3095	405	40	1	0	34	0.000322997	3096	0.937601	FALSE	ORF1ab:cds-YP_009724389.1	ACT	T	GCT	A	4026
NC_045512.2	12341	A	G	3095	405	40	1	0	34	0.000322997	3096	0.937601	FALSE	ORF1ab:cds-YP_009725295.1	ACT	T	GCT	A	4026
NC_045512.2	12343	T	C	2984	424	39	1	0	34	0.000335008	2985	0.875126	FALSE	ORF1ab:cds-YP_009724389.1	ACT	T	ACC	T	4026
NC_045512.2	12343	T	C	2984	424	39	1	0	34	0.000335008	2985	0.875126	FALSE	ORF1ab:cds-YP_009725295.1	ACT	T	ACC	T	4026
NC_045512.2	12344	A	G	3016	426	40	1	0	34	0.000331455	3017	0.937604	FALSE	ORF1ab:cds-YP_009724389.1	AGT	S	GGT	G	4027
NC_045512.2	12344	A	G	3016	426	40	1	0	34	0.000331455	3017	0.937604	FALSE	ORF1ab:cds-YP_009725295.1	AGT	S	GGT	G	4027
NC_045512.2	12353	C	T	2462	624	39	1	0	34	0.000406009	2463	0.875152	FALSE	ORF1ab:cds-YP_009724389.1	CAG	Q	TAG	*	4030
NC_045512.2	12353	C	T	2462	624	39	1	0	34	0.000406009	2463	0.875152	FALSE	ORF1ab:cds-YP_009725295.1	CAG	Q	TAG	*	4030
NC_045512.2	12366	T	C	2497	752	39	1	0	34	0.00040032	2498	0.87515	FALSE	ORF1ab:cds-YP_009724389.1	TTC	F	TCC	S	4034
NC_045512.2	12366	T	C	2497	752	39	1	0	34	0.00040032	2498	0.87515	FALSE	ORF1ab:cds-YP_009725295.1	TTC	F	TCC	S	4034
NC_045512.2	12368	A	G	2480	734	39	1	0	34	0.000403063	2481	0.875151	FALSE	ORF1ab:cds-YP_009724389.1	ACT	T	GCT	A	4035
NC_045512.2	12368	A	G	2480	734	39	1	0	34	0.000403063	2481	0.875151	FALSE	ORF1ab:cds-YP_009725295.1	ACT	T	GCT	A	4035
NC_045512.2	12370	T	A	2489	736	40	1	0	34	0.000401606	2490	0.875151	FALSE	ORF1ab:cds-YP_009724389.1	ACT	T	ACA	T	4035
NC_045512.2	12370	T	A	2489	736	40	1	0	34	0.000401606	2490	0.875151	FALSE	ORF1ab:cds-YP_009725295.1	ACT	T	ACA	T	4035
NC_045512.2	12371	A	T	2476	730	39	1	1	34	0.000403714	2477	0.875151	FALSE	ORF1ab:cds-YP_009724389.1	ATG	M	TTG	L	4036
NC_045512.2	12371	A	T	2476	730	39	1	1	34	0.000403714	2477	0.875151	FALSE	ORF1ab:cds-YP_009725295.1	ATG	M	TTG	L	4036
NC_045512.2	12375	T	C	2503	711	39	1	1	34	0.000399361	2504	0.87515	FALSE	ORF1ab:cds-YP_009724389.1	CTT	L	CCT	P	4037
NC_045512.2	12375	T	C	2503	711	39	1	1	34	0.000399361	2504	0.87515	FALSE	ORF1ab:cds-YP_009725295.1	CTT	L	CCT	P	4037
NC_045512.2	12377	A	T	2503	725	39	1	0	68	0.000399361	2504	0.5001	FALSE	ORF1ab:cds-YP_009724389.1	AGA	R	TGA	*	4038
NC_045512.2	12377	A	T	2503	725	39	1	0	68	0.000399361	2504	0.5001	FALSE	ORF1ab:cds-YP_009725295.1	AGA	R	TGA	*	4038
NC_045512.2	12380	A	G	2543	765	39	1	0	26	0.000393082	2544	1	FALSE	ORF1ab:cds-YP_009724389.1	AAG	K	GAG	E	4039
NC_045512.2	12380	A	G	2543	765	39	1	0	26	0.000393082	2544	1	FALSE	ORF1ab:cds-YP_009725295.1	AAG	K	GAG	E	4039
NC_045512.2	12382	G	A	2462	762	39	1	1	34	0.000406009	2463	0.875152	FALSE	ORF1ab:cds-YP_009724389.1	AAG	K	AAA	K	4039
NC_045512.2	12382	G	A	2462	762	39	1	1	34	0.000406009	2463	0.875152	FALSE	ORF1ab:cds-YP_009725295.1	AAG	K	AAA	K	4039
NC_045512.2	12383	T	C	2379	749	39	1	1	34	0.000420168	2380	0.875158	FALSE	ORF1ab:cds-YP_009724389.1	TTG	L	CTG	L	4040
NC_045512.2	12383	T	C	2379	749	39	1	1	34	0.000420168	2380	0.875158	FALSE	ORF1ab:cds-YP_009725295.1	TTG	L	CTG	L	4040
NC_045512.2	12395	G	T	2346	794	38	1	0	34	0.000426076	2347	0.87516	FALSE	ORF1ab:cds-YP_009724389.1	GCA	A	TCA	S	4044
NC_045512.2	12395	G	T	2346	794	38	1	0	34	0.000426076	2347	0.87516	FALSE	ORF1ab:cds-YP_009725295.1	GCA	A	TCA	S	4044
NC_045512.2	12399	T	C	2501	946	39	1	0	34	0.00039968	2502	0.87515	FALSE	ORF1ab:cds-YP_009724389.1	CTC	L	CCC	P	4045
NC_045512.2	12399	T	C	2501	946	39	1	0	34	0.00039968	2502	0.87515	FALSE	ORF1ab:cds-YP_009725295.1	CTC	L	CCC	P	4045
NC_045512.2	12400	C	A	2422	973	39	1	0	68	0.000412712	2423	0.500103	FALSE	ORF1ab:cds-YP_009724389.1	CTC	L	CTA	L	4045
NC_045512.2	12400	C	A	2422	973	39	1	0	68	0.000412712	2423	0.500103	FALSE	ORF1ab:cds-YP_009725295.1	CTC	L	CTA	L	4045
NC_045512.2	12406	C	A	2497	1081	39	1	0	34	0.00040032	2498	0.87515	FALSE	ORF1ab:cds-YP_009724389.1	AAC	N	AAA	K	4047
NC_045512.2	12406	C	A	2497	1081	39	1	0	34	0.00040032	2498	0.87515	FALSE	ORF1ab:cds-YP_009725295.1	AAC	N	AAA	K	4047
NC_045512.2	12410	A	T	2422	1025	39	1	0	26	0.000412712	2423	1	FALSE	ORF1ab:cds-YP_009724389.1	ATC	I	TTC	F	4049
NC_045512.2	12410	A	T	2422	1025	39	1	0	26	0.000412712	2423	1	FALSE	ORF1ab:cds-YP_009725295.1	ATC	I	TTC	F	4049
NC_045512.2	12415	C	T	2223	1064	38	2	1	34	0.000898473	2226	0.687584	FALSE	ORF1ab:cds-YP_009724389.1	AAC	N	AAT	N	4050
NC_045512.2	12415	C	T	2223	1064	38	2	1	34	0.000898473	2226	0.687584	FALSE	ORF1ab:cds-YP_009725295.1	AAC	N	AAT	N	4050
NC_045512.2	12415	C	A	2223	1064	38	1	1	34	0.000449236	2226	0.875	FALSE	ORF1ab:cds-YP_009724389.1	AAC	N	AAA	K	4050
NC_045512.2	12415	C	A	2223	1064	38	1	1	34	0.000449236	2226	0.875	FALSE	ORF1ab:cds-YP_009725295.1	AAC	N	AAA	K	4050
NC_045512.2	12416	A	G	2136	963	38	11	8	40	0.00512343	2147	0.00048329	TRUE	ORF1ab:cds-YP_009724389.1	AAT	N	GAT	D	4051
NC_045512.2	12416	A	G	2136	963	38	11	8	40	0.00512343	2147	0.00048329	TRUE	ORF1ab:cds-YP_009725295.1	AAT	N	GAT	D	4051
NC_045512.2	12426	A	T	2007	1040	36	1	0	26	0.000498008	2008	1	FALSE	ORF1ab:cds-YP_009724389.1	GAT	D	GTT	V	4054
NC_045512.2	12426	A	T	2007	1040	36	1	0	26	0.000498008	2008	1	FALSE	ORF1ab:cds-YP_009725295.1	GAT	D	GTT	V	4054
NC_045512.2	12433	T	C	2195	1102	38	1	0	34	0.000455373	2196	0.875171	FALSE	ORF1ab:cds-YP_009724389.1	TGT	C	TGC	C	4056
NC_045512.2	12433	T	C	2195	1102	38	1	0	34	0.000455373	2196	0.875171	FALSE	ORF1ab:cds-YP_009725295.1	TGT	C	TGC	C	4056
NC_045512.2	12436	T	C	2356	1268	39	1	1	24	0.000424268	2357	1	FALSE	ORF1ab:cds-YP_009724389.1	GTT	V	GTC	V	4057
NC_045512.2	12436	T	C	2356	1268	39	1	1	24	0.000424268	2357	1	FALSE	ORF1ab:cds-YP_009725295.1	GTT	V	GTC	V	4057
NC_045512.2	12438	C	T	2325	1237	39	1	1	34	0.000429923	2326	0.875161	FALSE	ORF1ab:cds-YP_009724389.1	CCC	P	CTC	L	4058
NC_045512.2	12438	C	T	2325	1237	39	1	1	34	0.000429923	2326	0.875161	FALSE	ORF1ab:cds-YP_009725295.1	CCC	P	CTC	L	4058
NC_045512.2	12451	A	T	2324	1408	38	1	0	27	0.000430108	2325	1	FALSE	ORF1ab:cds-YP_009724389.1	ATA	I	ATT	I	4062
NC_045512.2	12451	A	T	2324	1408	38	1	0	27	0.000430108	2325	1	FALSE	ORF1ab:cds-YP_009725295.1	ATA	I	ATT	I	4062
NC_045512.2	12452	C	G	2373	1407	38	1	0	34	0.00042123	2374	0.875158	FALSE	ORF1ab:cds-YP_009724389.1	CCT	P	GCT	A	4063
NC_045512.2	12452	C	G	2373	1407	38	1	0	34	0.00042123	2374	0.875158	FALSE	ORF1ab:cds-YP_009725295.1	CCT	P	GCT	A	4063
NC_045512.2	12454	T	A	1928	945	36	1	1	26	0.000518403	1929	0.999999	FALSE	ORF1ab:cds-YP_009724389.1	CCT	P	CCA	P	4063
NC_045512.2	12454	T	A	1928	945	36	1	1	26	0.000518403	1929	0.999999	FALSE	ORF1ab:cds-YP_009725295.1	CCT	P	CCA	P	4063
NC_045512.2	12458	A	G	2267	1285	37	1	1	68	0.000440917	2268	0.50011	FALSE	ORF1ab:cds-YP_009724389.1	ACA	T	GCA	A	4065
NC_045512.2	12458	A	G	2267	1285	37	1	1	68	0.000440917	2268	0.50011	FALSE	ORF1ab:cds-YP_009725295.1	ACA	T	GCA	A	4065
NC_045512.2	12461	A	C	2354	1374	38	1	1	34	0.000424628	2355	0.875159	FALSE	ORF1ab:cds-YP_009724389.1	ACA	T	CCA	P	4066
NC_045512.2	12461	A	C	2354	1374	38	1	1	34	0.000424628	2355	0.875159	FALSE	ORF1ab:cds-YP_009725295.1	ACA	T	CCA	P	4066
NC_045512.2	12465	C	A	2197	1288	38	30	22	40	0.013471	2227	8.49839e-10	TRUE	ORF1ab:cds-YP_009724389.1	GCA	A	GAA	E	4067
NC_045512.2	12465	C	A	2197	1288	38	30	22	40	0.013471	2227	8.49839e-10	TRUE	ORF1ab:cds-YP_009725295.1	GCA	A	GAA	E	4067
NC_045512.2	12466	A	T	2225	1296	38	1	1	26	0.000449236	2226	1	FALSE	ORF1ab:cds-YP_009724389.1	GCA	A	GCT	A	4067
NC_045512.2	12466	A	T	2225	1296	38	1	1	26	0.000449236	2226	1	FALSE	ORF1ab:cds-YP_009725295.1	GCA	A	GCT	A	4067
NC_045512.2	12469	C	T	2252	1383	38	2	1	34	0.000887311	2254	0.68775	FALSE	ORF1ab:cds-YP_009724389.1	GCC	A	GCT	A	4068
NC_045512.2	12469	C	T	2252	1383	38	2	1	34	0.000887311	2254	0.68775	FALSE	ORF1ab:cds-YP_009725295.1	GCC	A	GCT	A	4068
NC_045512.2	12470	A	G	2232	1360	38	1	0	34	0.000447828	2233	0.875168	FALSE	ORF1ab:cds-YP_009724389.1	AAA	K	GAA	E	4069
NC_045512.2	12470	A	G	2232	1360	38	1	0	34	0.000447828	2233	0.875168	FALSE	ORF1ab:cds-YP_009725295.1	AAA	K	GAA	E	4069
NC_045512.2	12471	A	C	2256	1340	38	2	2	30	0.00088574	2258	0.687749	FALSE	ORF1ab:cds-YP_009724389.1	AAA	K	ACA	T	4069
NC_045512.2	12471	A	C	2256	1340	38	2	2	30	0.00088574	2258	0.687749	FALSE	ORF1ab:cds-YP_009725295.1	AAA	K	ACA	T	4069
NC_045512.2	12473	C	A	2322	1488	38	1	1	34	0.000430478	2323	0.875161	FALSE	ORF1ab:cds-YP_009724389.1	CTA	L	ATA	I	4070
NC_045512.2	12473	C	A	2322	1488	38	1	1	34	0.000430478	2323	0.875161	FALSE	ORF1ab:cds-YP_009725295.1	CTA	L	ATA	I	4070
NC_045512.2	12474	T	G	2264	1444	37	1	0	34	0.000441501	2265	0.875166	FALSE	ORF1ab:cds-YP_009724389.1	CTA	L	CGA	R	4070
NC_045512.2	12474	T	G	2264	1444	37	1	0	34	0.000441501	2265	0.875166	FALSE	ORF1ab:cds-YP_009725295.1	CTA	L	CGA	R	4070
NC_045512.2	12481	T	C	2320	1500	38	1	0	34	0.000430849	2321	0.875162	FALSE	ORF1ab:cds-YP_009724389.1	GTT	V	GTC	V	4072
NC_045512.2	12481	T	C	2320	1500	38	1	0	34	0.000430849	2321	0.875162	FALSE	ORF1ab:cds-YP_009725295.1	GTT	V	GTC	V	4072
NC_045512.2	12491	G	T	2523	1698	38	1	0	34	0.000396197	2524	0.875149	FALSE	ORF1ab:cds-YP_009724389.1	GAC	D	TAC	Y	4076
NC_045512.2	12491	G	T	2523	1698	38	1	0	34	0.000396197	2524	0.875149	FALSE	ORF1ab:cds-YP_009725295.1	GAC	D	TAC	Y	4076
NC_045512.2	12495	A	G	2559	1684	38	1	1	34	0.000390625	2560	0.875146	FALSE	ORF1ab:cds-YP_009724389.1	TAT	Y	TGT	C	4077
NC_045512.2	12495	A	G	2559	1684	38	1	1	34	0.000390625	2560	0.875146	FALSE	ORF1ab:cds-YP_009725295.1	TAT	Y	TGT	C	4077
NC_045512.2	12499	C	A	2590	1797	39	1	1	34	0.000385951	2591	0.875145	FALSE	ORF1ab:cds-YP_009724389.1	AAC	N	AAA	K	4078
NC_045512.2	12499	C	A	2590	1797	39	1	1	34	0.000385951	2591	0.875145	FALSE	ORF1ab:cds-YP_009725295.1	AAC	N	AAA	K	4078
NC_045512.2	12500	A	C	2462	1680	39	1	1	26	0.000406009	2463	1	FALSE	ORF1ab:cds-YP_009724389.1	ACA	T	CCA	P	4079
NC_045512.2	12500	A	C	2462	1680	39	1	1	26	0.000406009	2463	1	FALSE	ORF1ab:cds-YP_009725295.1	ACA	T	CCA	P	4079
NC_045512.2	12505	T	G	2337	1592	39	1	0	27	0.00042735	2340	1	FALSE	ORF1ab:cds-YP_009724389.1	TAT	Y	TAG	*	4080
NC_045512.2	12505	T	G	2337	1592	39	1	0	27	0.00042735	2340	1	FALSE	ORF1ab:cds-YP_009725295.1	TAT	Y	TAG	*	4080
NC_045512.2	12505	T	C	2337	1592	39	2	2	30	0.000854701	2340	0.68758	FALSE	ORF1ab:cds-YP_009724389.1	TAT	Y	TAC	Y	4080
NC_045512.2	12505	T	C	2337	1592	39	2	2	30	0.000854701	2340	0.68758	FALSE	ORF1ab:cds-YP_009725295.1	TAT	Y	TAC	Y	4080
NC_045512.2	12515	T	C	2274	1602	38	1	0	34	0.00043956	2275	0.875165	FALSE	ORF1ab:cds-YP_009724389.1	TGT	C	CGT	R	4084
NC_045512.2	12515	T	C	2274	1602	38	1	0	34	0.00043956	2275	0.875165	FALSE	ORF1ab:cds-YP_009725295.1	TGT	C	CGT	R	4084
NC_045512.2	12517	T	A	2530	1889	39	1	1	26	0.000395101	2531	1	FALSE	ORF1ab:cds-YP_009724389.1	TGT	C	TGA	*	4084
NC_045512.2	12517	T	A	2530	1889	39	1	1	26	0.000395101	2531	1	FALSE	ORF1ab:cds-YP_009725295.1	TGT	C	TGA	*	4084
NC_045512.2	12526	A	G	2637	2092	38	2	2	34	0.000757863	2639	0.687713	FALSE	ORF1ab:cds-YP_009724389.1	ACA	T	ACG	T	4087
NC_045512.2	12526	A	G	2637	2092	38	2	2	34	0.000757863	2639	0.687713	FALSE	ORF1ab:cds-YP_009725295.1	ACA	T	ACG	T	4087
NC_045512.2	12527	A	G	2641	2099	38	1	0	24	0.000378501	2642	1	FALSE	ORF1ab:cds-YP_009724389.1	ACA	T	GCA	A	4088
NC_045512.2	12527	A	G	2641	2099	38	1	0	24	0.000378501	2642	1	FALSE	ORF1ab:cds-YP_009725295.1	ACA	T	GCA	A	4088
NC_045512.2	12530	T	C	2646	2169	38	1	1	68	0.000377786	2647	0.500094	FALSE	ORF1ab:cds-YP_009724389.1	TTT	F	CTT	L	4089
NC_045512.2	12530	T	C	2646	2169	38	1	1	68	0.000377786	2647	0.500094	FALSE	ORF1ab:cds-YP_009725295.1	TTT	F	CTT	L	4089
NC_045512.2	12535	T	C	2906	2494	39	1	1	26	0.000343997	2907	1	FALSE	ORF1ab:cds-YP_009724389.1	ACT	T	ACC	T	4090
NC_045512.2	12535	T	C	2906	2494	39	1	1	26	0.000343997	2907	1	FALSE	ORF1ab:cds-YP_009725295.1	ACT	T	ACC	T	4090
NC_045512.2	12540	C	A	2687	2311	39	1	1	34	0.000372024	2688	0.87514	FALSE	ORF1ab:cds-YP_009724389.1	GCA	A	GAA	E	4092
NC_045512.2	12540	C	A	2687	2311	39	1	1	34	0.000372024	2688	0.87514	FALSE	ORF1ab:cds-YP_009725295.1	GCA	A	GAA	E	4092
NC_045512.2	12544	A	G	2574	2215	39	2	1	47	0.000776398	2576	0.250049	FALSE	ORF1ab:cds-YP_009724389.1	TCA	S	TCG	S	4093
NC_045512.2	12544	A	G	2574	2215	39	2	1	47	0.000776398	2576	0.250049	FALSE	ORF1ab:cds-YP_009725295.1	TCA	S	TCG	S	4093
NC_045512.2	12545	G	A	2455	2115	38	2	2	34	0.000814001	2457	0.687729	FALSE	ORF1ab:cds-YP_009724389.1	GCA	A	ACA	T	4094
NC_045512.2	12545	G	A	2455	2115	38	2	2	34	0.000814001	2457	0.687729	FALSE	ORF1ab:cds-YP_009725295.1	GCA	A	ACA	T	4094
NC_045512.2	12546	C	T	2576	2245	38	1	1	34	0.000388048	2577	0.875146	FALSE	ORF1ab:cds-YP_009724389.1	GCA	A	GTA	V	4094
NC_045512.2	12546	C	T	2576	2245	38	1	1	34	0.000388048	2577	0.875146	FALSE	ORF1ab:cds-YP_009725295.1	GCA	A	GTA	V	4094
NC_045512.2	12551	T	C	2713	2143	38	1	1	34	0.00036846	2714	0.875138	FALSE	ORF1ab:cds-YP_009724389.1	TGG	W	CGG	R	4096
NC_045512.2	12551	T	C	2713	2143	38	1	1	34	0.00036846	2714	0.875138	FALSE	ORF1ab:cds-YP_009725295.1	TGG	W	CGG	R	4096
NC_045512.2	12553	G	A	2698	2134	37	2	2	34	0.000740741	2700	0.687708	FALSE	ORF1ab:cds-YP_009724389.1	TGG	W	TGA	*	4096
NC_045512.2	12553	G	A	2698	2134	37	2	2	34	0.000740741	2700	0.687708	FALSE	ORF1ab:cds-YP_009725295.1	TGG	W	TGA	*	4096
NC_045512.2	12554	G	C	2632	2079	37	1	1	34	0.000379795	2633	0.875142	FALSE	ORF1ab:cds-YP_009724389.1	GAA	E	CAA	Q	4097
NC_045512.2	12554	G	C	2632	2079	37	1	1	34	0.000379795	2633	0.875142	FALSE	ORF1ab:cds-YP_009725295.1	GAA	E	CAA	Q	4097
NC_045512.2	12561	A	G	2666	2082	36	1	1	34	0.000374953	2667	0.875141	FALSE	ORF1ab:cds-YP_009724389.1	CAA	Q	CGA	R	4099
NC_045512.2	12561	A	G	2666	2082	36	1	1	34	0.000374953	2667	0.875141	FALSE	ORF1ab:cds-YP_009725295.1	CAA	Q	CGA	R	4099
NC_045512.2	12565	G	T	2722	2076	36	1	0	34	0.000367242	2723	0.875138	FALSE	ORF1ab:cds-YP_009724389.1	CAG	Q	CAT	H	4100
NC_045512.2	12565	G	T	2722	2076	36	1	0	34	0.000367242	2723	0.875138	FALSE	ORF1ab:cds-YP_009725295.1	CAG	Q	CAT	H	4100
NC_045512.2	12566	G	T	2684	2015	36	1	1	34	0.000372439	2685	0.87514	FALSE	ORF1ab:cds-YP_009724389.1	GTT	V	TTT	F	4101
NC_045512.2	12566	G	T	2684	2015	36	1	1	34	0.000372439	2685	0.87514	FALSE	ORF1ab:cds-YP_009725295.1	GTT	V	TTT	F	4101
NC_045512.2	12569	G	A	2715	2020	36	3	3	34	0.00110375	2718	0.500173	FALSE	ORF1ab:cds-YP_009724389.1	GTA	V	ATA	I	4102
NC_045512.2	12569	G	A	2715	2020	36	3	3	34	0.00110375	2718	0.500173	FALSE	ORF1ab:cds-YP_009725295.1	GTA	V	ATA	I	4102
NC_045512.2	12570	T	G	2686	1999	36	1	0	34	0.000372024	2688	0.87507	FALSE	ORF1ab:cds-YP_009724389.1	GTA	V	GGA	G	4102
NC_045512.2	12570	T	G	2686	1999	36	1	0	34	0.000372024	2688	0.87507	FALSE	ORF1ab:cds-YP_009725295.1	GTA	V	GGA	G	4102
NC_045512.2	12570	T	C	2686	1999	36	1	0	68	0.000372024	2688	0.5	FALSE	ORF1ab:cds-YP_009724389.1	GTA	V	GCA	A	4102
NC_045512.2	12570	T	C	2686	1999	36	1	0	68	0.000372024	2688	0.5	FALSE	ORF1ab:cds-YP_009725295.1	GTA	V	GCA	A	4102
NC_045512.2	12573	A	G	2702	2024	35	1	0	34	0.000369959	2703	0.875139	FALSE	ORF1ab:cds-YP_009724389.1	GAT	D	GGT	G	4103
NC_045512.2	12573	A	G	2702	2024	35	1	0	34	0.000369959	2703	0.875139	FALSE	ORF1ab:cds-YP_009725295.1	GAT	D	GGT	G	4103
NC_045512.2	12579	A	C	2469	1773	35	1	1	34	0.000404858	2470	0.875152	FALSE	ORF1ab:cds-YP_009724389.1	GAT	D	GCT	A	4105
NC_045512.2	12579	A	C	2469	1773	35	1	1	34	0.000404858	2470	0.875152	FALSE	ORF1ab:cds-YP_009725295.1	GAT	D	GCT	A	4105
NC_045512.2	12581	A	G	2486	1753	35	1	1	34	0.000402091	2487	0.875151	FALSE	ORF1ab:cds-YP_009724389.1	AGT	S	GGT	G	4106
NC_045512.2	12581	A	G	2486	1753	35	1	1	34	0.000402091	2487	0.875151	FALSE	ORF1ab:cds-YP_009725295.1	AGT	S	GGT	G	4106
NC_045512.2	12583	T	C	2501	1753	35	1	0	34	0.00039968	2502	0.87515	FALSE	ORF1ab:cds-YP_009724389.1	AGT	S	AGC	S	4106
NC_045512.2	12583	T	C	2501	1753	35	1	0	34	0.00039968	2502	0.87515	FALSE	ORF1ab:cds-YP_009725295.1	AGT	S	AGC	S	4106
NC_045512.2	12586	A	C	2375	1716	34	1	1	26	0.000420875	2376	1	FALSE	ORF1ab:cds-YP_009724389.1	AAA	K	AAC	N	4107
NC_045512.2	12586	A	C	2375	1716	34	1	1	26	0.000420875	2376	1	FALSE	ORF1ab:cds-YP_009725295.1	AAA	K	AAC	N	4107
NC_045512.2	12590	G	C	2325	1572	35	1	1	26	0.000429923	2326	1	FALSE	ORF1ab:cds-YP_009724389.1	GTT	V	CTT	L	4109
NC_045512.2	12590	G	C	2325	1572	35	1	1	26	0.000429923	2326	1	FALSE	ORF1ab:cds-YP_009725295.1	GTT	V	CTT	L	4109
NC_045512.2	12591	T	C	2278	1532	35	1	0	34	0.000438789	2279	0.875165	FALSE	ORF1ab:cds-YP_009724389.1	GTT	V	GCT	A	4109
NC_045512.2	12591	T	C	2278	1532	35	1	0	34	0.000438789	2279	0.875165	FALSE	ORF1ab:cds-YP_009725295.1	GTT	V	GCT	A	4109
NC_045512.2	12594	A	C	2161	1518	34	1	1	26	0.000462535	2162	1	FALSE	ORF1ab:cds-YP_009724389.1	CAA	Q	CCA	P	4110
NC_045512.2	12594	A	C	2161	1518	34	1	1	26	0.000462535	2162	1	FALSE	ORF1ab:cds-YP_009725295.1	CAA	Q	CCA	P	4110
NC_045512.2	12603	A	G	2050	1398	34	1	1	34	0.000487567	2051	0.875183	FALSE	ORF1ab:cds-YP_009724389.1	GAA	E	GGA	G	4113
NC_045512.2	12603	A	G	2050	1398	34	1	1	34	0.000487567	2051	0.875183	FALSE	ORF1ab:cds-YP_009725295.1	GAA	E	GGA	G	4113
NC_045512.2	12604	A	C	1974	1319	34	1	1	34	0.000506329	1975	0.75019	FALSE	ORF1ab:cds-YP_009724389.1	GAA	E	GAC	D	4113
NC_045512.2	12604	A	C	1974	1319	34	1	1	34	0.000506329	1975	0.75019	FALSE	ORF1ab:cds-YP_009725295.1	GAA	E	GAC	D	4113
NC_045512.2	12605	A	C	1967	1334	34	3	3	31	0.00152284	1970	0.312595	FALSE	ORF1ab:cds-YP_009724389.1	ATT	I	CTT	L	4114
NC_045512.2	12605	A	C	1967	1334	34	3	3	31	0.00152284	1970	0.312595	FALSE	ORF1ab:cds-YP_009725295.1	ATT	I	CTT	L	4114
NC_045512.2	12610	T	C	1929	1249	34	1	0	34	0.000518135	1930	0.750194	FALSE	ORF1ab:cds-YP_009724389.1	AGT	S	AGC	S	4115
NC_045512.2	12610	T	C	1929	1249	34	1	0	34	0.000518135	1930	0.750194	FALSE	ORF1ab:cds-YP_009725295.1	AGT	S	AGC	S	4115
NC_045512.2	12617	A	G	833	149	37	1	0	34	0.00119904	834	0.5003	FALSE	ORF1ab:cds-YP_009724389.1	AAT	N	GAT	D	4118
NC_045512.2	12617	A	G	833	149	37	1	0	34	0.00119904	834	0.5003	FALSE	ORF1ab:cds-YP_009725295.1	AAT	N	GAT	D	4118
NC_045512.2	12621	C	A	838	155	38	1	0	34	0.0011919	839	0.500298	FALSE	ORF1ab:cds-YP_009724389.1	TCA	S	TAA	*	4119
NC_045512.2	12621	C	A	838	155	38	1	0	34	0.0011919	839	0.500298	FALSE	ORF1ab:cds-YP_009725295.1	TCA	S	TAA	*	4119
NC_045512.2	12622	A	G	796	154	37	1	0	34	0.00125471	797	0.500314	FALSE	ORF1ab:cds-YP_009724389.1	TCA	S	TCG	S	4119
NC_045512.2	12622	A	G	796	154	37	1	0	34	0.00125471	797	0.500314	FALSE	ORF1ab:cds-YP_009725295.1	TCA	S	TCG	S	4119
NC_045512.2	12634	A	T	899	187	38	1	0	34	0.00108342	923	0.493963	FALSE	ORF1ab:cds-YP_009724389.1	GCA	A	GCT	A	4123
NC_045512.2	12634	A	T	899	187	38	1	0	34	0.00108342	923	0.493963	FALSE	ORF1ab:cds-YP_009725295.1	GCA	A	GCT	A	4123
NC_045512.2	12634	A	G	899	187	38	23	4	39	0.0249187	923	1.0375e-07	TRUE	ORF1ab:cds-YP_009724389.1	GCA	A	GCG	A	4123
NC_045512.2	12634	A	G	899	187	38	23	4	39	0.0249187	923	1.0375e-07	TRUE	ORF1ab:cds-YP_009725295.1	GCA	A	GCG	A	4123
NC_045512.2	12636	G	A	900	191	38	2	1	68	0.00221729	902	0.250139	FALSE	ORF1ab:cds-YP_009724389.1	TGG	W	TAG	*	4124
NC_045512.2	12636	G	A	900	191	38	2	1	68	0.00221729	902	0.250139	FALSE	ORF1ab:cds-YP_009725295.1	TGG	W	TAG	*	4124
NC_045512.2	12639	C	A	862	210	38	1	0	34	0.00115875	863	0.50029	FALSE	ORF1ab:cds-YP_009724389.1	CCT	P	CAT	H	4125
NC_045512.2	12639	C	A	862	210	38	1	0	34	0.00115875	863	0.50029	FALSE	ORF1ab:cds-YP_009725295.1	CCT	P	CAT	H	4125
NC_045512.2	12648	T	C	903	261	38	1	0	68	0.00110619	904	0.500277	FALSE	ORF1ab:cds-YP_009724389.1	GTA	V	GCA	A	4128
NC_045512.2	12648	T	C	903	261	38	1	0	68	0.00110619	904	0.500277	FALSE	ORF1ab:cds-YP_009725295.1	GTA	V	GCA	A	4128
NC_045512.2	12662	G	A	868	267	39	1	1	34	0.00115075	869	0.500288	FALSE	ORF1ab:cds-YP_009724389.1	GCC	A	ACC	T	4133
NC_045512.2	12662	G	A	868	267	39	1	1	34	0.00115075	869	0.500288	FALSE	ORF1ab:cds-YP_009725295.1	GCC	A	ACC	T	4133
NC_045512.2	12688	T	C	801	356	38	1	1	34	0.00124688	802	0.500312	FALSE	ORF1ab:cds-YP_009724389.1	AAT	N	AAC	N	4141
NC_045512.2	12688	T	C	801	356	38	1	1	34	0.00124688	802	0.500312	FALSE	ORF1ab:cds-YP_009725295.1	AAT	N	AAC	N	4141
NC_045512.2	12692	G	A	812	390	38	1	0	34	0.00123001	813	0.500308	FALSE	ORF1ab:cds-YP_009724389.1	GAG	E	AAG	K	4143
NC_045512.2	12692	G	A	812	390	38	1	0	34	0.00123001	813	0.500308	FALSE	ORF1ab:cds-YP_009725295.1	GAG	E	AAG	K	4143
NC_045512.2	12694	G	T	829	379	38	1	0	34	0.00120482	830	0.500301	FALSE	ORF1ab:cds-YP_009724389.1	GAG	E	GAT	D	4143
NC_045512.2	12694	G	T	829	379	38	1	0	34	0.00120482	830	0.500301	FALSE	ORF1ab:cds-YP_009725295.1	GAG	E	GAT	D	4143
NC_045512.2	12695	C	A	845	406	38	1	1	34	0.00118203	846	0.500296	FALSE	ORF1ab:cds-YP_009724389.1	CTT	L	ATT	I	4144
NC_045512.2	12695	C	A	845	406	38	1	1	34	0.00118203	846	0.500296	FALSE	ORF1ab:cds-YP_009725295.1	CTT	L	ATT	I	4144
NC_045512.2	12696	T	C	821	383	38	1	1	34	0.00121655	822	0.500304	FALSE	ORF1ab:cds-YP_009724389.1	CTT	L	CCT	P	4144
NC_045512.2	12696	T	C	821	383	38	1	1	34	0.00121655	822	0.500304	FALSE	ORF1ab:cds-YP_009725295.1	CTT	L	CCT	P	4144
NC_045512.2	12706	T	C	860	391	38	1	1	34	0.00116144	861	0.500291	FALSE	ORF1ab:cds-YP_009724389.1	GTT	V	GTC	V	4147
NC_045512.2	12706	T	C	860	391	38	1	1	34	0.00116144	861	0.500291	FALSE	ORF1ab:cds-YP_009725295.1	GTT	V	GTC	V	4147
NC_045512.2	12713	C	G	828	387	38	1	1	34	0.00120627	829	0.500302	FALSE	ORF1ab:cds-YP_009724389.1	CGA	R	GGA	G	4150
NC_045512.2	12713	C	G	828	387	38	1	1	34	0.00120627	829	0.500302	FALSE	ORF1ab:cds-YP_009725295.1	CGA	R	GGA	G	4150
NC_045512.2	12729	C	A	851	443	38	1	1	34	0.00117371	852	0.500294	FALSE	ORF1ab:cds-YP_009724389.1	GCT	A	GAT	D	4155
NC_045512.2	12729	C	A	851	443	38	1	1	34	0.00117371	852	0.500294	FALSE	ORF1ab:cds-YP_009725295.1	GCT	A	GAT	D	4155
NC_045512.2	12730	T	A	429	226	38	409	195	37	0.488067	838	7.85489e-153	TRUE	ORF1ab:cds-YP_009724389.1	GCT	A	GCA	A	4155
NC_045512.2	12730	T	A	429	226	38	409	195	37	0.488067	838	7.85489e-153	TRUE	ORF1ab:cds-YP_009725295.1	GCT	A	GCA	A	4155
NC_045512.2	12752	T	A	808	429	37	1	0	26	0.00123609	809	0.998101	FALSE	ORF1ab:cds-YP_009724389.1	TGC	C	AGC	S	4163
NC_045512.2	12752	T	A	808	429	37	1	0	26	0.00123609	809	0.998101	FALSE	ORF1ab:cds-YP_009725295.1	TGC	C	AGC	S	4163
NC_045512.2	12762	A	G	875	529	38	1	1	26	0.00114155	876	0.998097	FALSE	ORF1ab:cds-YP_009724389.1	GAC	D	GGC	G	4166
NC_045512.2	12762	A	G	875	529	38	1	1	26	0.00114155	876	0.998097	FALSE	ORF1ab:cds-YP_009725295.1	GAC	D	GGC	G	4166
NC_045512.2	12764	A	T	833	507	37	1	0	26	0.00119904	834	0.998099	FALSE	ORF1ab:cds-YP_009724389.1	AAT	N	TAT	Y	4167
NC_045512.2	12764	A	T	833	507	37	1	0	26	0.00119904	834	0.998099	FALSE	ORF1ab:cds-YP_009725295.1	AAT	N	TAT	Y	4167
NC_045512.2	12789	C	G	1002	675	39	1	1	34	0.000997009	1003	0.750374	FALSE	ORF1ab:cds-YP_009724389.1	ACA	T	AGA	R	4175
NC_045512.2	12789	C	G	1002	675	39	1	1	34	0.000997009	1003	0.750374	FALSE	ORF1ab:cds-YP_009725295.1	ACA	T	AGA	R	4175
NC_045512.2	12790	A	G	996	679	39	1	0	34	0.00100301	997	0.500251	FALSE	ORF1ab:cds-YP_009724389.1	ACA	T	ACG	T	4175
NC_045512.2	12790	A	G	996	679	39	1	0	34	0.00100301	997	0.500251	FALSE	ORF1ab:cds-YP_009725295.1	ACA	T	ACG	T	4175
NC_045512.2	12845	G	A	1010	916	38	2	2	34	0.00197628	1012	0.500371	FALSE	ORF1ab:cds-YP_009724389.1	GCT	A	ACT	T	4194
NC_045512.2	12845	G	A	1010	916	38	2	2	34	0.00197628	1012	0.500371	FALSE	ORF1ab:cds-YP_009725295.1	GCT	A	ACT	T	4194
NC_045512.2	12848	A	G	1000	917	37	1	1	68	0.000999001	1001	0.50025	FALSE	ORF1ab:cds-YP_009724389.1	AGA	R	GGA	G	4195
NC_045512.2	12848	A	G	1000	917	37	1	1	68	0.000999001	1001	0.50025	FALSE	ORF1ab:cds-YP_009725295.1	AGA	R	GGA	G	4195
NC_045512.2	12851	T	A	1004	924	38	1	1	34	0.000995025	1005	0.750373	FALSE	ORF1ab:cds-YP_009724389.1	TTC	F	ATC	I	4196
NC_045512.2	12851	T	A	1004	924	38	1	1	34	0.000995025	1005	0.750373	FALSE	ORF1ab:cds-YP_009725295.1	TTC	F	ATC	I	4196
NC_045512.2	12863	G	T	10819	1142	34	1	0	34	9.24129e-05	10821	0.999513	FALSE	ORF1ab:cds-YP_009724389.1	GAT	D	TAT	Y	4200
NC_045512.2	12863	G	T	10819	1142	34	1	0	34	9.24129e-05	10821	0.999513	FALSE	ORF1ab:cds-YP_009725295.1	GAT	D	TAT	Y	4200
NC_045512.2	12863	G	A	10819	1142	34	1	0	34	9.24129e-05	10821	0.999513	FALSE	ORF1ab:cds-YP_009724389.1	GAT	D	AAT	N	4200
NC_045512.2	12863	G	A	10819	1142	34	1	0	34	9.24129e-05	10821	0.999513	FALSE	ORF1ab:cds-YP_009725295.1	GAT	D	AAT	N	4200
NC_045512.2	12865	T	C	10772	1127	34	2	2	30	0.000185632	10774	0.996834	FALSE	ORF1ab:cds-YP_009724389.1	GAT	D	GAC	D	4200
NC_045512.2	12865	T	C	10772	1127	34	2	2	30	0.000185632	10774	0.996834	FALSE	ORF1ab:cds-YP_009725295.1	GAT	D	GAC	D	4200
NC_045512.2	12866	G	A	10841	1145	34	3	1	34	0.000276651	10844	0.988794	FALSE	ORF1ab:cds-YP_009724389.1	GGA	G	AGA	R	4201
NC_045512.2	12866	G	A	10841	1145	34	3	1	34	0.000276651	10844	0.988794	FALSE	ORF1ab:cds-YP_009725295.1	GGA	G	AGA	R	4201
NC_045512.2	12869	A	G	11623	1155	34	1	0	34	8.60215e-05	11625	0.999757	FALSE	ORF1ab:cds-YP_009724389.1	ACT	T	GCT	A	4202
NC_045512.2	12869	A	G	11623	1155	34	1	0	34	8.60215e-05	11625	0.999757	FALSE	ORF1ab:cds-YP_009725295.1	ACT	T	GCT	A	4202
NC_045512.2	12869	A	C	11623	1155	34	1	0	34	8.60215e-05	11625	0.999757	FALSE	ORF1ab:cds-YP_009724389.1	ACT	T	CCT	P	4202
NC_045512.2	12869	A	C	11623	1155	34	1	0	34	8.60215e-05	11625	0.999757	FALSE	ORF1ab:cds-YP_009725295.1	ACT	T	CCT	P	4202
NC_045512.2	12871	T	A	11749	1199	34	1	0	34	8.51064e-05	11750	0.999757	FALSE	ORF1ab:cds-YP_009724389.1	ACT	T	ACA	T	4202
NC_045512.2	12871	T	A	11749	1199	34	1	0	34	8.51064e-05	11750	0.999757	FALSE	ORF1ab:cds-YP_009725295.1	ACT	T	ACA	T	4202
NC_045512.2	12872	G	T	12392	1215	34	1	0	34	8.06907e-05	12393	0.999878	FALSE	ORF1ab:cds-YP_009724389.1	GGT	G	TGT	C	4203
NC_045512.2	12872	G	T	12392	1215	34	1	0	34	8.06907e-05	12393	0.999878	FALSE	ORF1ab:cds-YP_009725295.1	GGT	G	TGT	C	4203
NC_045512.2	12873	G	T	12574	1227	34	4	0	30	0.000317839	12585	0.989358	FALSE	ORF1ab:cds-YP_009724389.1	GGT	G	GTT	V	4203
NC_045512.2	12873	G	T	12574	1227	34	4	0	30	0.000317839	12585	0.989358	FALSE	ORF1ab:cds-YP_009725295.1	GGT	G	GTT	V	4203
NC_045512.2	12873	G	A	12574	1227	34	7	0	31	0.000556218	12585	0.916466	FALSE	ORF1ab:cds-YP_009724389.1	GGT	G	GAT	D	4203
NC_045512.2	12873	G	A	12574	1227	34	7	0	31	0.000556218	12585	0.916466	FALSE	ORF1ab:cds-YP_009725295.1	GGT	G	GAT	D	4203
NC_045512.2	12874	T	G	12523	1229	34	1	0	34	7.98339e-05	12526	0.999878	FALSE	ORF1ab:cds-YP_009724389.1	GGT	G	GGG	G	4203
NC_045512.2	12874	T	G	12523	1229	34	1	0	34	7.98339e-05	12526	0.999878	FALSE	ORF1ab:cds-YP_009725295.1	GGT	G	GGG	G	4203
NC_045512.2	12874	T	C	12523	1229	34	2	0	34	0.000159668	12526	0.999087	FALSE	ORF1ab:cds-YP_009724389.1	GGT	G	GGC	G	4203
NC_045512.2	12874	T	C	12523	1229	34	2	0	34	0.000159668	12526	0.999087	FALSE	ORF1ab:cds-YP_009725295.1	GGT	G	GGC	G	4203
NC_045512.2	12875	A	G	12622	1241	34	4	1	32	0.000316807	12626	0.989389	FALSE	ORF1ab:cds-YP_009724389.1	ACT	T	GCT	A	4204
NC_045512.2	12875	A	G	12622	1241	34	4	1	32	0.000316807	12626	0.989389	FALSE	ORF1ab:cds-YP_009725295.1	ACT	T	GCT	A	4204
NC_045512.2	12876	C	T	13596	1250	34	1	0	34	7.35456e-05	13597	0.999939	FALSE	ORF1ab:cds-YP_009724389.1	ACT	T	ATT	I	4204
NC_045512.2	12876	C	T	13596	1250	34	1	0	34	7.35456e-05	13597	0.999939	FALSE	ORF1ab:cds-YP_009725295.1	ACT	T	ATT	I	4204
NC_045512.2	12877	T	G	14041	1167	34	1	0	34	7.11997e-05	14045	0.99997	FALSE	ORF1ab:cds-YP_009724389.1	ACT	T	ACG	T	4204
NC_045512.2	12877	T	G	14041	1167	34	1	0	34	7.11997e-05	14045	0.99997	FALSE	ORF1ab:cds-YP_009725295.1	ACT	T	ACG	T	4204
NC_045512.2	12877	T	C	14041	1167	34	3	1	31	0.000213599	14045	0.998828	FALSE	ORF1ab:cds-YP_009724389.1	ACT	T	ACC	T	4204
NC_045512.2	12877	T	C	14041	1167	34	3	1	31	0.000213599	14045	0.998828	FALSE	ORF1ab:cds-YP_009725295.1	ACT	T	ACC	T	4204
NC_045512.2	12878	A	G	14351	1206	34	1	0	26	6.96767e-05	14352	1	FALSE	ORF1ab:cds-YP_009724389.1	ATC	I	GTC	V	4205
NC_045512.2	12878	A	G	14351	1206	34	1	0	26	6.96767e-05	14352	1	FALSE	ORF1ab:cds-YP_009725295.1	ATC	I	GTC	V	4205
NC_045512.2	12879	T	G	14584	1089	34	1	1	26	6.85636e-05	14585	1	FALSE	ORF1ab:cds-YP_009724389.1	ATC	I	AGC	S	4205
NC_045512.2	12879	T	G	14584	1089	34	1	1	26	6.85636e-05	14585	1	FALSE	ORF1ab:cds-YP_009725295.1	ATC	I	AGC	S	4205
NC_045512.2	12880	C	T	0	0	0	14642	1205	34	1	14642	0	TRUE	ORF1ab:cds-YP_009724389.1	ATC	I	ATT	I	4205
NC_045512.2	12880	C	T	0	0	0	14642	1205	34	1	14642	0	TRUE	ORF1ab:cds-YP_009725295.1	ATC	I	ATT	I	4205
NC_045512.2	12881	T	C	14544	1281	35	1	0	34	6.87521e-05	14545	0.99997	FALSE	ORF1ab:cds-YP_009724389.1	TAT	Y	CAT	H	4206
NC_045512.2	12881	T	C	14544	1281	35	1	0	34	6.87521e-05	14545	0.99997	FALSE	ORF1ab:cds-YP_009725295.1	TAT	Y	CAT	H	4206
NC_045512.2	12883	T	G	14952	1305	35	11	0	30	0.00073495	14967	0.787773	FALSE	ORF1ab:cds-YP_009724389.1	TAT	Y	TAG	*	4206
NC_045512.2	12883	T	G	14952	1305	35	11	0	30	0.00073495	14967	0.787773	FALSE	ORF1ab:cds-YP_009725295.1	TAT	Y	TAG	*	4206
NC_045512.2	12883	T	A	14952	1305	35	4	0	30	0.000267255	14967	0.996224	FALSE	ORF1ab:cds-YP_009724389.1	TAT	Y	TAA	*	4206
NC_045512.2	12883	T	A	14952	1305	35	4	0	30	0.000267255	14967	0.996224	FALSE	ORF1ab:cds-YP_009725295.1	TAT	Y	TAA	*	4206
NC_045512.2	12884	A	G	15114	1304	35	1	0	34	6.61594e-05	15115	0.999985	FALSE	ORF1ab:cds-YP_009724389.1	ACA	T	GCA	A	4207
NC_045512.2	12884	A	G	15114	1304	35	1	0	34	6.61594e-05	15115	0.999985	FALSE	ORF1ab:cds-YP_009725295.1	ACA	T	GCA	A	4207
NC_045512.2	12885	C	A	15146	1303	35	1	1	34	6.60197e-05	15147	0.999985	FALSE	ORF1ab:cds-YP_009724389.1	ACA	T	AAA	K	4207
NC_045512.2	12885	C	A	15146	1303	35	1	1	34	6.60197e-05	15147	0.999985	FALSE	ORF1ab:cds-YP_009725295.1	ACA	T	AAA	K	4207
NC_045512.2	12887	G	T	16145	1200	35	2	0	34	0.000123854	16148	0.999928	FALSE	ORF1ab:cds-YP_009724389.1	GAA	E	TAA	*	4208
NC_045512.2	12887	G	T	16145	1200	35	2	0	34	0.000123854	16148	0.999928	FALSE	ORF1ab:cds-YP_009725295.1	GAA	E	TAA	*	4208
NC_045512.2	12887	G	A	16145	1200	35	1	0	34	6.19272e-05	16148	0.999992	FALSE	ORF1ab:cds-YP_009724389.1	GAA	E	AAA	K	4208
NC_045512.2	12887	G	A	16145	1200	35	1	0	34	6.19272e-05	16148	0.999992	FALSE	ORF1ab:cds-YP_009725295.1	GAA	E	AAA	K	4208
NC_045512.2	12889	A	G	16142	1408	35	1	0	34	6.19464e-05	16143	0.999992	FALSE	ORF1ab:cds-YP_009724389.1	GAA	E	GAG	E	4208
NC_045512.2	12889	A	G	16142	1408	35	1	0	34	6.19464e-05	16143	0.999992	FALSE	ORF1ab:cds-YP_009725295.1	GAA	E	GAG	E	4208
NC_045512.2	12890	C	A	16426	1439	36	1	1	34	6.08754e-05	16427	0.999992	FALSE	ORF1ab:cds-YP_009724389.1	CTG	L	ATG	M	4209
NC_045512.2	12890	C	A	16426	1439	36	1	1	34	6.08754e-05	16427	0.999992	FALSE	ORF1ab:cds-YP_009725295.1	CTG	L	ATG	M	4209
NC_045512.2	12891	T	G	16363	1384	36	1	0	26	6.11023e-05	16366	1	FALSE	ORF1ab:cds-YP_009724389.1	CTG	L	CGG	R	4209
NC_045512.2	12891	T	G	16363	1384	36	1	0	26	6.11023e-05	16366	1	FALSE	ORF1ab:cds-YP_009725295.1	CTG	L	CGG	R	4209
NC_045512.2	12891	T	C	16363	1384	36	2	0	34	0.000122205	16366	0.999928	FALSE	ORF1ab:cds-YP_009724389.1	CTG	L	CCG	P	4209
NC_045512.2	12891	T	C	16363	1384	36	2	0	34	0.000122205	16366	0.999928	FALSE	ORF1ab:cds-YP_009725295.1	CTG	L	CCG	P	4209
NC_045512.2	12892	G	A	16039	974	36	1	0	34	6.23441e-05	16040	0.999992	FALSE	ORF1ab:cds-YP_009724389.1	CTG	L	CTA	L	4209
NC_045512.2	12892	G	A	16039	974	36	1	0	34	6.23441e-05	16040	0.999992	FALSE	ORF1ab:cds-YP_009725295.1	CTG	L	CTA	L	4209
NC_045512.2	12894	A	G	16159	1235	36	3	0	34	0.000185621	16162	0.999637	FALSE	ORF1ab:cds-YP_009724389.1	GAA	E	GGA	G	4210
NC_045512.2	12894	A	G	16159	1235	36	3	0	34	0.000185621	16162	0.999637	FALSE	ORF1ab:cds-YP_009725295.1	GAA	E	GGA	G	4210
NC_045512.2	12895	A	G	16195	1235	37	5	2	36	0.000308642	16200	0.996412	FALSE	ORF1ab:cds-YP_009724389.1	GAA	E	GAG	E	4210
NC_045512.2	12895	A	G	16195	1235	37	5	2	36	0.000308642	16200	0.996412	FALSE	ORF1ab:cds-YP_009725295.1	GAA	E	GAG	E	4210
NC_045512.2	12897	C	T	16231	1498	38	1	0	34	6.15953e-05	16235	0.999992	FALSE	ORF1ab:cds-YP_009724389.1	CCA	P	CTA	L	4211
NC_045512.2	12897	C	T	16231	1498	38	1	0	34	6.15953e-05	16235	0.999992	FALSE	ORF1ab:cds-YP_009725295.1	CCA	P	CTA	L	4211
NC_045512.2	12897	C	G	16231	1498	38	1	0	34	6.15953e-05	16235	0.999992	FALSE	ORF1ab:cds-YP_009724389.1	CCA	P	CGA	R	4211
NC_045512.2	12897	C	G	16231	1498	38	1	0	34	6.15953e-05	16235	0.999992	FALSE	ORF1ab:cds-YP_009725295.1	CCA	P	CGA	R	4211
NC_045512.2	12897	C	A	16231	1498	38	2	0	30	0.000123191	16235	0.999928	FALSE	ORF1ab:cds-YP_009724389.1	CCA	P	CAA	Q	4211
NC_045512.2	12897	C	A	16231	1498	38	2	0	30	0.000123191	16235	0.999928	FALSE	ORF1ab:cds-YP_009725295.1	CCA	P	CAA	Q	4211
NC_045512.2	12899	C	T	17450	1553	38	1	0	60	5.73033e-05	17451	0.500014	FALSE	ORF1ab:cds-YP_009724389.1	CCT	P	TCT	S	4212
NC_045512.2	12899	C	T	17450	1553	38	1	0	60	5.73033e-05	17451	0.500014	FALSE	ORF1ab:cds-YP_009725295.1	CCT	P	TCT	S	4212
NC_045512.2	12901	T	C	17561	1575	38	1	0	68	5.69411e-05	17562	0.500014	FALSE	ORF1ab:cds-YP_009724389.1	CCT	P	CCC	P	4212
NC_045512.2	12901	T	C	17561	1575	38	1	0	68	5.69411e-05	17562	0.500014	FALSE	ORF1ab:cds-YP_009725295.1	CCT	P	CCC	P	4212
NC_045512.2	12902	T	G	17451	1621	38	2	0	30	0.00011458	17455	0.999962	FALSE	ORF1ab:cds-YP_009724389.1	TGT	C	GGT	G	4213
NC_045512.2	12902	T	G	17451	1621	38	2	0	30	0.00011458	17455	0.999962	FALSE	ORF1ab:cds-YP_009725295.1	TGT	C	GGT	G	4213
NC_045512.2	12902	T	C	17451	1621	38	1	1	46	5.72902e-05	17455	0.749979	FALSE	ORF1ab:cds-YP_009724389.1	TGT	C	CGT	R	4213
NC_045512.2	12902	T	C	17451	1621	38	1	1	46	5.72902e-05	17455	0.749979	FALSE	ORF1ab:cds-YP_009725295.1	TGT	C	CGT	R	4213
NC_045512.2	12902	T	A	17451	1621	38	1	0	34	5.72902e-05	17455	0.999996	FALSE	ORF1ab:cds-YP_009724389.1	TGT	C	AGT	S	4213
NC_045512.2	12902	T	A	17451	1621	38	1	0	34	5.72902e-05	17455	0.999996	FALSE	ORF1ab:cds-YP_009725295.1	TGT	C	AGT	S	4213
NC_045512.2	12903	G	A	17627	1634	38	1	0	34	5.67279e-05	17628	0.999996	FALSE	ORF1ab:cds-YP_009724389.1	TGT	C	TAT	Y	4213
NC_045512.2	12903	G	A	17627	1634	38	1	0	34	5.67279e-05	17628	0.999996	FALSE	ORF1ab:cds-YP_009725295.1	TGT	C	TAT	Y	4213
NC_045512.2	12904	T	C	17073	1637	37	1	0	34	5.85686e-05	17074	0.999996	FALSE	ORF1ab:cds-YP_009724389.1	TGT	C	TGC	C	4213
NC_045512.2	12904	T	C	17073	1637	37	1	0	34	5.85686e-05	17074	0.999996	FALSE	ORF1ab:cds-YP_009725295.1	TGT	C	TGC	C	4213
NC_045512.2	12905	A	G	17557	1634	38	1	0	34	5.69541e-05	17558	0.999996	FALSE	ORF1ab:cds-YP_009724389.1	AGG	R	GGG	G	4214
NC_045512.2	12905	A	G	17557	1634	38	1	0	34	5.69541e-05	17558	0.999996	FALSE	ORF1ab:cds-YP_009725295.1	AGG	R	GGG	G	4214
NC_045512.2	12906	G	C	17779	1658	38	1	0	34	5.62398e-05	17781	0.999996	FALSE	ORF1ab:cds-YP_009724389.1	AGG	R	ACG	T	4214
NC_045512.2	12906	G	C	17779	1658	38	1	0	34	5.62398e-05	17781	0.999996	FALSE	ORF1ab:cds-YP_009725295.1	AGG	R	ACG	T	4214
NC_045512.2	12906	G	A	17779	1658	38	1	0	34	5.62398e-05	17781	0.999996	FALSE	ORF1ab:cds-YP_009724389.1	AGG	R	AAG	K	4214
NC_045512.2	12906	G	A	17779	1658	38	1	0	34	5.62398e-05	17781	0.999996	FALSE	ORF1ab:cds-YP_009725295.1	AGG	R	AAG	K	4214
NC_045512.2	12907	G	A	17973	1673	38	1	0	34	5.56359e-05	17974	0.999996	FALSE	ORF1ab:cds-YP_009724389.1	AGG	R	AGA	R	4214
NC_045512.2	12907	G	A	17973	1673	38	1	0	34	5.56359e-05	17974	0.999996	FALSE	ORF1ab:cds-YP_009725295.1	AGG	R	AGA	R	4214
NC_045512.2	12908	T	G	17562	1621	37	6	0	29	0.000341491	17570	1	FALSE	ORF1ab:cds-YP_009724389.1	TTT	F	GTT	V	4215
NC_045512.2	12908	T	G	17562	1621	37	6	0	29	0.000341491	17570	1	FALSE	ORF1ab:cds-YP_009725295.1	TTT	F	GTT	V	4215
NC_045512.2	12908	T	C	17562	1621	37	1	0	68	5.69152e-05	17570	0.499915	FALSE	ORF1ab:cds-YP_009724389.1	TTT	F	CTT	L	4215
NC_045512.2	12908	T	C	17562	1621	37	1	0	68	5.69152e-05	17570	0.499915	FALSE	ORF1ab:cds-YP_009725295.1	TTT	F	CTT	L	4215
NC_045512.2	12908	T	A	17562	1621	37	1	0	34	5.69152e-05	17570	0.999996	FALSE	ORF1ab:cds-YP_009724389.1	TTT	F	ATT	I	4215
NC_045512.2	12908	T	A	17562	1621	37	1	0	34	5.69152e-05	17570	0.999996	FALSE	ORF1ab:cds-YP_009725295.1	TTT	F	ATT	I	4215
NC_045512.2	12909	T	C	18009	1713	38	2	0	47	0.000111043	18011	0.500021	FALSE	ORF1ab:cds-YP_009724389.1	TTT	F	TCT	S	4215
NC_045512.2	12909	T	C	18009	1713	38	2	0	47	0.000111043	18011	0.500021	FALSE	ORF1ab:cds-YP_009725295.1	TTT	F	TCT	S	4215
NC_045512.2	12910	T	G	18067	1694	38	1	0	34	5.53403e-05	18070	0.999998	FALSE	ORF1ab:cds-YP_009724389.1	TTT	F	TTG	L	4215
NC_045512.2	12910	T	G	18067	1694	38	1	0	34	5.53403e-05	18070	0.999998	FALSE	ORF1ab:cds-YP_009725295.1	TTT	F	TTG	L	4215
NC_045512.2	12910	T	C	18067	1694	38	2	0	34	0.000110681	18070	0.99998	FALSE	ORF1ab:cds-YP_009724389.1	TTT	F	TTC	F	4215
NC_045512.2	12910	T	C	18067	1694	38	2	0	34	0.000110681	18070	0.99998	FALSE	ORF1ab:cds-YP_009725295.1	TTT	F	TTC	F	4215
NC_045512.2	12911	G	T	19520	1738	38	1	0	34	5.12269e-05	19521	0.999999	FALSE	ORF1ab:cds-YP_009724389.1	GTT	V	TTT	F	4216
NC_045512.2	12911	G	T	19520	1738	38	1	0	34	5.12269e-05	19521	0.999999	FALSE	ORF1ab:cds-YP_009725295.1	GTT	V	TTT	F	4216
NC_045512.2	12912	T	G	19539	1792	38	1	0	34	5.1164e-05	19545	0.999999	FALSE	ORF1ab:cds-YP_009724389.1	GTT	V	GGT	G	4216
NC_045512.2	12912	T	G	19539	1792	38	1	0	34	5.1164e-05	19545	0.999999	FALSE	ORF1ab:cds-YP_009725295.1	GTT	V	GGT	G	4216
NC_045512.2	12912	T	C	19539	1792	38	5	3	54	0.00025582	19545	0.031242	FALSE	ORF1ab:cds-YP_009724389.1	GTT	V	GCT	A	4216
NC_045512.2	12912	T	C	19539	1792	38	5	3	54	0.00025582	19545	0.031242	FALSE	ORF1ab:cds-YP_009725295.1	GTT	V	GCT	A	4216
NC_045512.2	12913	T	C	19561	1813	38	4	0	42	0.000204447	19565	0.1875	FALSE	ORF1ab:cds-YP_009724389.1	GTT	V	GTC	V	4216
NC_045512.2	12913	T	C	19561	1813	38	4	0	42	0.000204447	19565	0.1875	FALSE	ORF1ab:cds-YP_009725295.1	GTT	V	GTC	V	4216
NC_045512.2	12914	A	T	18874	1815	38	1	0	34	5.29689e-05	18879	0.999998	FALSE	ORF1ab:cds-YP_009724389.1	ACA	T	TCA	S	4217
NC_045512.2	12914	A	T	18874	1815	38	1	0	34	5.29689e-05	18879	0.999998	FALSE	ORF1ab:cds-YP_009725295.1	ACA	T	TCA	S	4217
NC_045512.2	12914	A	G	18874	1815	38	4	1	42	0.000211876	18879	0.187483	FALSE	ORF1ab:cds-YP_009724389.1	ACA	T	GCA	A	4217
NC_045512.2	12914	A	G	18874	1815	38	4	1	42	0.000211876	18879	0.187483	FALSE	ORF1ab:cds-YP_009725295.1	ACA	T	GCA	A	4217
NC_045512.2	12915	C	T	19704	1816	38	2	0	34	0.000101492	19706	0.99999	FALSE	ORF1ab:cds-YP_009724389.1	ACA	T	ATA	I	4217
NC_045512.2	12915	C	T	19704	1816	38	2	0	34	0.000101492	19706	0.99999	FALSE	ORF1ab:cds-YP_009725295.1	ACA	T	ATA	I	4217
NC_045512.2	12916	A	G	19105	1820	38	1	0	26	5.23396e-05	19106	1	FALSE	ORF1ab:cds-YP_009724389.1	ACA	T	ACG	T	4217
NC_045512.2	12916	A	G	19105	1820	38	1	0	26	5.23396e-05	19106	1	FALSE	ORF1ab:cds-YP_009725295.1	ACA	T	ACG	T	4217
NC_045512.2	12917	G	T	20139	1830	38	1	0	34	4.96475e-05	20142	1	FALSE	ORF1ab:cds-YP_009724389.1	GAC	D	TAC	Y	4218
NC_045512.2	12917	G	T	20139	1830	38	1	0	34	4.96475e-05	20142	1	FALSE	ORF1ab:cds-YP_009725295.1	GAC	D	TAC	Y	4218
NC_045512.2	12917	G	C	20139	1830	38	1	0	34	4.96475e-05	20142	1	FALSE	ORF1ab:cds-YP_009724389.1	GAC	D	CAC	H	4218
NC_045512.2	12917	G	C	20139	1830	38	1	0	34	4.96475e-05	20142	1	FALSE	ORF1ab:cds-YP_009725295.1	GAC	D	CAC	H	4218
NC_045512.2	12917	G	A	20139	1830	38	1	0	34	4.96475e-05	20142	1	FALSE	ORF1ab:cds-YP_009724389.1	GAC	D	AAC	N	4218
NC_045512.2	12917	G	A	20139	1830	38	1	0	34	4.96475e-05	20142	1	FALSE	ORF1ab:cds-YP_009725295.1	GAC	D	AAC	N	4218
NC_045512.2	12918	A	G	20139	1914	38	3	1	46	0.000148943	20142	0.500023	FALSE	ORF1ab:cds-YP_009724389.1	GAC	D	GGC	G	4218
NC_045512.2	12918	A	G	20139	1914	38	3	1	46	0.000148943	20142	0.500023	FALSE	ORF1ab:cds-YP_009725295.1	GAC	D	GGC	G	4218
NC_045512.2	12919	C	T	20575	2005	39	4	0	40	0.000194354	20581	0.343716	FALSE	ORF1ab:cds-YP_009724389.1	GAC	D	GAT	D	4218
NC_045512.2	12919	C	T	20575	2005	39	4	0	40	0.000194354	20581	0.343716	FALSE	ORF1ab:cds-YP_009725295.1	GAC	D	GAT	D	4218
NC_045512.2	12919	C	A	20575	2005	39	2	0	30	9.7177e-05	20581	0.999995	FALSE	ORF1ab:cds-YP_009724389.1	GAC	D	GAA	E	4218
NC_045512.2	12919	C	A	20575	2005	39	2	0	30	9.7177e-05	20581	0.999995	FALSE	ORF1ab:cds-YP_009725295.1	GAC	D	GAA	E	4218
NC_045512.2	12920	A	T	20412	1997	38	1	0	46	4.89884e-05	20413	0.875018	FALSE	ORF1ab:cds-YP_009724389.1	ACA	T	TCA	S	4219
NC_045512.2	12920	A	T	20412	1997	38	1	0	46	4.89884e-05	20413	0.875018	FALSE	ORF1ab:cds-YP_009725295.1	ACA	T	TCA	S	4219
NC_045512.2	12922	A	G	22140	2153	38	1	0	34	4.51651e-05	22141	1	FALSE	ORF1ab:cds-YP_009724389.1	ACA	T	ACG	T	4219
NC_045512.2	12922	A	G	22140	2153	38	1	0	34	4.51651e-05	22141	1	FALSE	ORF1ab:cds-YP_009725295.1	ACA	T	ACG	T	4219
NC_045512.2	12923	C	A	23238	2176	38	3	1	42	0.000129082	23241	0.50002	FALSE	ORF1ab:cds-YP_009724389.1	CCT	P	ACT	T	4220
NC_045512.2	12923	C	A	23238	2176	38	3	1	42	0.000129082	23241	0.50002	FALSE	ORF1ab:cds-YP_009725295.1	CCT	P	ACT	T	4220
NC_045512.2	12925	T	C	23130	2332	39	4	0	34	0.000172906	23134	0.999976	FALSE	ORF1ab:cds-YP_009724389.1	CCT	P	CCC	P	4220
NC_045512.2	12925	T	C	23130	2332	39	4	0	34	0.000172906	23134	0.999976	FALSE	ORF1ab:cds-YP_009725295.1	CCT	P	CCC	P	4220
NC_045512.2	12926	A	G	22832	2501	39	2	0	34	8.75887e-05	22834	0.999999	FALSE	ORF1ab:cds-YP_009724389.1	AAA	K	GAA	E	4221
NC_045512.2	12926	A	G	22832	2501	39	2	0	34	8.75887e-05	22834	0.999999	FALSE	ORF1ab:cds-YP_009725295.1	AAA	K	GAA	E	4221
NC_045512.2	12927	A	T	22281	2534	39	2	1	34	8.97424e-05	22286	0.999999	FALSE	ORF1ab:cds-YP_009724389.1	AAA	K	ATA	I	4221
NC_045512.2	12927	A	T	22281	2534	39	2	1	34	8.97424e-05	22286	0.999999	FALSE	ORF1ab:cds-YP_009725295.1	AAA	K	ATA	I	4221
NC_045512.2	12927	A	G	22281	2534	39	2	0	34	8.97424e-05	22286	0.999999	FALSE	ORF1ab:cds-YP_009724389.1	AAA	K	AGA	R	4221
NC_045512.2	12927	A	G	22281	2534	39	2	0	34	8.97424e-05	22286	0.999999	FALSE	ORF1ab:cds-YP_009725295.1	AAA	K	AGA	R	4221
NC_045512.2	12927	A	C	22281	2534	39	1	0	34	4.48712e-05	22286	1	FALSE	ORF1ab:cds-YP_009724389.1	AAA	K	ACA	T	4221
NC_045512.2	12927	A	C	22281	2534	39	1	0	34	4.48712e-05	22286	1	FALSE	ORF1ab:cds-YP_009725295.1	AAA	K	ACA	T	4221
NC_045512.2	12928	A	T	22194	2541	39	1	0	34	4.50491e-05	22198	1	FALSE	ORF1ab:cds-YP_009724389.1	AAA	K	AAT	N	4221
NC_045512.2	12928	A	T	22194	2541	39	1	0	34	4.50491e-05	22198	1	FALSE	ORF1ab:cds-YP_009725295.1	AAA	K	AAT	N	4221
NC_045512.2	12928	A	G	22194	2541	39	3	0	34	0.000135147	22198	0.99999	FALSE	ORF1ab:cds-YP_009724389.1	AAA	K	AAG	K	4221
NC_045512.2	12928	A	G	22194	2541	39	3	0	34	0.000135147	22198	0.99999	FALSE	ORF1ab:cds-YP_009725295.1	AAA	K	AAG	K	4221
NC_045512.2	12929	G	T	23629	2555	39	1	0	26	4.23173e-05	23631	1	FALSE	ORF1ab:cds-YP_009724389.1	GGT	G	TGT	C	4222
NC_045512.2	12929	G	T	23629	2555	39	1	0	26	4.23173e-05	23631	1	FALSE	ORF1ab:cds-YP_009725295.1	GGT	G	TGT	C	4222
NC_045512.2	12929	G	A	23629	2555	39	1	0	34	4.23173e-05	23631	1	FALSE	ORF1ab:cds-YP_009724389.1	GGT	G	AGT	S	4222
NC_045512.2	12929	G	A	23629	2555	39	1	0	34	4.23173e-05	23631	1	FALSE	ORF1ab:cds-YP_009725295.1	GGT	G	AGT	S	4222
NC_045512.2	12930	G	T	24345	2584	39	3	0	45	0.000123208	24349	0.5	FALSE	ORF1ab:cds-YP_009724389.1	GGT	G	GTT	V	4222
NC_045512.2	12930	G	T	24345	2584	39	3	0	45	0.000123208	24349	0.5	FALSE	ORF1ab:cds-YP_009725295.1	GGT	G	GTT	V	4222
NC_045512.2	12930	G	A	24345	2584	39	1	0	34	4.10694e-05	24349	1	FALSE	ORF1ab:cds-YP_009724389.1	GGT	G	GAT	D	4222
NC_045512.2	12930	G	A	24345	2584	39	1	0	34	4.10694e-05	24349	1	FALSE	ORF1ab:cds-YP_009725295.1	GGT	G	GAT	D	4222
NC_045512.2	12931	T	G	24350	2573	39	1	0	34	4.10627e-05	24353	1	FALSE	ORF1ab:cds-YP_009724389.1	GGT	G	GGG	G	4222
NC_045512.2	12931	T	G	24350	2573	39	1	0	34	4.10627e-05	24353	1	FALSE	ORF1ab:cds-YP_009725295.1	GGT	G	GGG	G	4222
NC_045512.2	12931	T	C	24350	2573	39	2	0	30	8.21254e-05	24353	1	FALSE	ORF1ab:cds-YP_009724389.1	GGT	G	GGC	G	4222
NC_045512.2	12931	T	C	24350	2573	39	2	0	30	8.21254e-05	24353	1	FALSE	ORF1ab:cds-YP_009725295.1	GGT	G	GGC	G	4222
NC_045512.2	12932	C	T	24479	2627	39	1	0	34	4.08497e-05	24480	1	FALSE	ORF1ab:cds-YP_009724389.1	CCT	P	TCT	S	4223
NC_045512.2	12932	C	T	24479	2627	39	1	0	34	4.08497e-05	24480	1	FALSE	ORF1ab:cds-YP_009725295.1	CCT	P	TCT	S	4223
NC_045512.2	12933	C	T	24455	2643	39	1	0	34	4.08881e-05	24457	1	FALSE	ORF1ab:cds-YP_009724389.1	CCT	P	CTT	L	4223
NC_045512.2	12933	C	T	24455	2643	39	1	0	34	4.08881e-05	24457	1	FALSE	ORF1ab:cds-YP_009725295.1	CCT	P	CTT	L	4223
NC_045512.2	12933	C	G	24455	2643	39	1	0	34	4.08881e-05	24457	1	FALSE	ORF1ab:cds-YP_009724389.1	CCT	P	CGT	R	4223
NC_045512.2	12933	C	G	24455	2643	39	1	0	34	4.08881e-05	24457	1	FALSE	ORF1ab:cds-YP_009725295.1	CCT	P	CGT	R	4223
NC_045512.2	12934	T	C	24494	2667	39	4	0	59	0.000163279	24498	0.0624974	FALSE	ORF1ab:cds-YP_009724389.1	CCT	P	CCC	P	4223
NC_045512.2	12934	T	C	24494	2667	39	4	0	59	0.000163279	24498	0.0624974	FALSE	ORF1ab:cds-YP_009725295.1	CCT	P	CCC	P	4223
NC_045512.2	12935	A	T	24229	2731	39	1	0	26	4.12712e-05	24230	1	FALSE	ORF1ab:cds-YP_009724389.1	AAA	K	TAA	*	4224
NC_045512.2	12935	A	T	24229	2731	39	1	0	26	4.12712e-05	24230	1	FALSE	ORF1ab:cds-YP_009725295.1	AAA	K	TAA	*	4224
NC_045512.2	12936	A	T	23996	2740	39	1	0	34	4.16632e-05	24002	1	FALSE	ORF1ab:cds-YP_009724389.1	AAA	K	ATA	I	4224
NC_045512.2	12936	A	T	23996	2740	39	1	0	34	4.16632e-05	24002	1	FALSE	ORF1ab:cds-YP_009725295.1	AAA	K	ATA	I	4224
NC_045512.2	12936	A	G	23996	2740	39	5	0	32	0.000208316	24002	0.999948	FALSE	ORF1ab:cds-YP_009724389.1	AAA	K	AGA	R	4224
NC_045512.2	12936	A	G	23996	2740	39	5	0	32	0.000208316	24002	0.999948	FALSE	ORF1ab:cds-YP_009725295.1	AAA	K	AGA	R	4224
NC_045512.2	12937	A	G	23970	2751	39	1	0	34	4.17153e-05	23972	1	FALSE	ORF1ab:cds-YP_009724389.1	AAA	K	AAG	K	4224
NC_045512.2	12937	A	G	23970	2751	39	1	0	34	4.17153e-05	23972	1	FALSE	ORF1ab:cds-YP_009725295.1	AAA	K	AAG	K	4224
NC_045512.2	12937	A	C	23970	2751	39	1	0	34	4.17153e-05	23972	1	FALSE	ORF1ab:cds-YP_009724389.1	AAA	K	AAC	N	4224
NC_045512.2	12937	A	C	23970	2751	39	1	0	34	4.17153e-05	23972	1	FALSE	ORF1ab:cds-YP_009725295.1	AAA	K	AAC	N	4224
NC_045512.2	12940	G	T	24852	2776	40	2	0	34	8.04602e-05	24857	1	FALSE	ORF1ab:cds-YP_009724389.1	GTG	V	GTT	V	4225
NC_045512.2	12940	G	T	24852	2776	40	2	0	34	8.04602e-05	24857	1	FALSE	ORF1ab:cds-YP_009725295.1	GTG	V	GTT	V	4225
NC_045512.2	12940	G	C	24852	2776	40	2	2	26	8.04602e-05	24857	1	FALSE	ORF1ab:cds-YP_009724389.1	GTG	V	GTC	V	4225
NC_045512.2	12940	G	C	24852	2776	40	2	2	26	8.04602e-05	24857	1	FALSE	ORF1ab:cds-YP_009725295.1	GTG	V	GTC	V	4225
NC_045512.2	12940	G	A	24852	2776	40	1	0	34	4.02301e-05	24857	1	FALSE	ORF1ab:cds-YP_009724389.1	GTG	V	GTA	V	4225
NC_045512.2	12940	G	A	24852	2776	40	1	0	34	4.02301e-05	24857	1	FALSE	ORF1ab:cds-YP_009725295.1	GTG	V	GTA	V	4225
NC_045512.2	12941	A	G	24561	2872	39	11	1	34	0.000447664	24572	0.991685	FALSE	ORF1ab:cds-YP_009724389.1	AAG	K	GAG	E	4226
NC_045512.2	12941	A	G	24561	2872	39	11	1	34	0.000447664	24572	0.991685	FALSE	ORF1ab:cds-YP_009725295.1	AAG	K	GAG	E	4226
NC_045512.2	12942	A	G	24713	2885	40	10	0	33	0.000404449	24725	0.995489	FALSE	ORF1ab:cds-YP_009724389.1	AAG	K	AGG	R	4226
NC_045512.2	12942	A	G	24713	2885	40	10	0	33	0.000404449	24725	0.995489	FALSE	ORF1ab:cds-YP_009725295.1	AAG	K	AGG	R	4226
NC_045512.2	12942	A	C	24713	2885	40	2	0	34	8.08898e-05	24725	1	FALSE	ORF1ab:cds-YP_009724389.1	AAG	K	ACG	T	4226
NC_045512.2	12942	A	C	24713	2885	40	2	0	34	8.08898e-05	24725	1	FALSE	ORF1ab:cds-YP_009725295.1	AAG	K	ACG	T	4226
NC_045512.2	12943	G	T	27653	2942	39	9	0	31	0.000325344	27663	0.999405	FALSE	ORF1ab:cds-YP_009724389.1	AAG	K	AAT	N	4226
NC_045512.2	12943	G	T	27653	2942	39	9	0	31	0.000325344	27663	0.999405	FALSE	ORF1ab:cds-YP_009725295.1	AAG	K	AAT	N	4226
NC_045512.2	12943	G	A	27653	2942	39	1	0	34	3.61494e-05	27663	1	FALSE	ORF1ab:cds-YP_009724389.1	AAG	K	AAA	K	4226
NC_045512.2	12943	G	A	27653	2942	39	1	0	34	3.61494e-05	27663	1	FALSE	ORF1ab:cds-YP_009725295.1	AAG	K	AAA	K	4226
NC_045512.2	12944	T	C	25773	3487	39	2	0	30	7.75946e-05	25775	1	FALSE	ORF1ab:cds-YP_009724389.1	TAT	Y	CAT	H	4227
NC_045512.2	12944	T	C	25773	3487	39	2	0	30	7.75946e-05	25775	1	FALSE	ORF1ab:cds-YP_009725295.1	TAT	Y	CAT	H	4227
NC_045512.2	12945	A	T	24257	3707	38	1	0	26	4.12201e-05	24260	1	FALSE	ORF1ab:cds-YP_009724389.1	TAT	Y	TTT	F	4227
NC_045512.2	12945	A	T	24257	3707	38	1	0	26	4.12201e-05	24260	1	FALSE	ORF1ab:cds-YP_009725295.1	TAT	Y	TTT	F	4227
NC_045512.2	12945	A	G	24257	3707	38	2	1	51	8.24402e-05	24260	0.249995	FALSE	ORF1ab:cds-YP_009724389.1	TAT	Y	TGT	C	4227
NC_045512.2	12945	A	G	24257	3707	38	2	1	51	8.24402e-05	24260	0.249995	FALSE	ORF1ab:cds-YP_009725295.1	TAT	Y	TGT	C	4227
NC_045512.2	12946	T	G	25365	3714	39	1	0	26	3.94197e-05	25368	1	FALSE	ORF1ab:cds-YP_009724389.1	TAT	Y	TAG	*	4227
NC_045512.2	12946	T	G	25365	3714	39	1	0	26	3.94197e-05	25368	1	FALSE	ORF1ab:cds-YP_009725295.1	TAT	Y	TAG	*	4227
NC_045512.2	12946	T	C	25365	3714	39	2	0	34	7.88395e-05	25368	1	FALSE	ORF1ab:cds-YP_009724389.1	TAT	Y	TAC	Y	4227
NC_045512.2	12946	T	C	25365	3714	39	2	0	34	7.88395e-05	25368	1	FALSE	ORF1ab:cds-YP_009725295.1	TAT	Y	TAC	Y	4227
NC_045512.2	12947	T	G	25369	3780	39	2	0	26	7.88208e-05	25374	1	FALSE	ORF1ab:cds-YP_009724389.1	TTA	L	GTA	V	4228
NC_045512.2	12947	T	G	25369	3780	39	2	0	26	7.88208e-05	25374	1	FALSE	ORF1ab:cds-YP_009725295.1	TTA	L	GTA	V	4228
NC_045512.2	12947	T	A	25369	3780	39	3	0	30	0.000118231	25374	0.999998	FALSE	ORF1ab:cds-YP_009724389.1	TTA	L	ATA	I	4228
NC_045512.2	12947	T	A	25369	3780	39	3	0	30	0.000118231	25374	0.999998	FALSE	ORF1ab:cds-YP_009725295.1	TTA	L	ATA	I	4228
NC_045512.2	12948	T	C	25363	3776	39	2	1	34	7.88457e-05	25366	1	FALSE	ORF1ab:cds-YP_009724389.1	TTA	L	TCA	S	4228
NC_045512.2	12948	T	C	25363	3776	39	2	1	34	7.88457e-05	25366	1	FALSE	ORF1ab:cds-YP_009725295.1	TTA	L	TCA	S	4228
NC_045512.2	12948	T	A	25363	3776	39	1	0	34	3.94228e-05	25366	1	FALSE	ORF1ab:cds-YP_009724389.1	TTA	L	TAA	*	4228
NC_045512.2	12948	T	A	25363	3776	39	1	0	34	3.94228e-05	25366	1	FALSE	ORF1ab:cds-YP_009725295.1	TTA	L	TAA	*	4228
NC_045512.2	12949	A	G	25309	3848	39	2	0	30	7.90139e-05	25312	1	FALSE	ORF1ab:cds-YP_009724389.1	TTA	L	TTG	L	4228
NC_045512.2	12949	A	G	25309	3848	39	2	0	30	7.90139e-05	25312	1	FALSE	ORF1ab:cds-YP_009725295.1	TTA	L	TTG	L	4228
NC_045512.2	12949	A	C	25309	3848	39	1	0	34	3.9507e-05	25312	1	FALSE	ORF1ab:cds-YP_009724389.1	TTA	L	TTC	F	4228
NC_045512.2	12949	A	C	25309	3848	39	1	0	34	3.9507e-05	25312	1	FALSE	ORF1ab:cds-YP_009725295.1	TTA	L	TTC	F	4228
NC_045512.2	12950	T	C	25355	3877	39	1	0	34	3.94384e-05	25356	1	FALSE	ORF1ab:cds-YP_009724389.1	TAC	Y	CAC	H	4229
NC_045512.2	12950	T	C	25355	3877	39	1	0	34	3.94384e-05	25356	1	FALSE	ORF1ab:cds-YP_009725295.1	TAC	Y	CAC	H	4229
NC_045512.2	12951	A	G	24755	3898	39	3	0	29	0.000121173	24758	1	FALSE	ORF1ab:cds-YP_009724389.1	TAC	Y	TGC	C	4229
NC_045512.2	12951	A	G	24755	3898	39	3	0	29	0.000121173	24758	1	FALSE	ORF1ab:cds-YP_009725295.1	TAC	Y	TGC	C	4229
NC_045512.2	12952	C	G	22206	4507	38	1	0	26	4.50288e-05	22208	1	FALSE	ORF1ab:cds-YP_009724389.1	TAC	Y	TAG	*	4229
NC_045512.2	12952	C	G	22206	4507	38	1	0	26	4.50288e-05	22208	1	FALSE	ORF1ab:cds-YP_009725295.1	TAC	Y	TAG	*	4229
NC_045512.2	12952	C	A	22206	4507	38	1	1	26	4.50288e-05	22208	1	FALSE	ORF1ab:cds-YP_009724389.1	TAC	Y	TAA	*	4229
NC_045512.2	12952	C	A	22206	4507	38	1	1	26	4.50288e-05	22208	1	FALSE	ORF1ab:cds-YP_009725295.1	TAC	Y	TAA	*	4229
NC_045512.2	12953	T	G	21810	4224	38	3	0	34	0.00013752	21815	0.999982	FALSE	ORF1ab:cds-YP_009724389.1	TTT	F	GTT	V	4230
NC_045512.2	12953	T	G	21810	4224	38	3	0	34	0.00013752	21815	0.999982	FALSE	ORF1ab:cds-YP_009725295.1	TTT	F	GTT	V	4230
NC_045512.2	12953	T	C	21810	4224	38	1	1	68	4.584e-05	21815	0.499966	FALSE	ORF1ab:cds-YP_009724389.1	TTT	F	CTT	L	4230
NC_045512.2	12953	T	C	21810	4224	38	1	1	68	4.584e-05	21815	0.499966	FALSE	ORF1ab:cds-YP_009725295.1	TTT	F	CTT	L	4230
NC_045512.2	12953	T	A	21810	4224	38	1	0	34	4.584e-05	21815	1	FALSE	ORF1ab:cds-YP_009724389.1	TTT	F	ATT	I	4230
NC_045512.2	12953	T	A	21810	4224	38	1	0	34	4.584e-05	21815	1	FALSE	ORF1ab:cds-YP_009725295.1	TTT	F	ATT	I	4230
NC_045512.2	12954	T	C	21984	4204	38	2	2	36	9.0967e-05	21986	0.999997	FALSE	ORF1ab:cds-YP_009724389.1	TTT	F	TCT	S	4230
NC_045512.2	12954	T	C	21984	4204	38	2	2	36	9.0967e-05	21986	0.999997	FALSE	ORF1ab:cds-YP_009725295.1	TTT	F	TCT	S	4230
NC_045512.2	12956	A	G	21925	4163	38	2	1	51	9.12117e-05	21927	0.250006	FALSE	ORF1ab:cds-YP_009724389.1	ATT	I	GTT	V	4231
NC_045512.2	12956	A	G	21925	4163	38	2	1	51	9.12117e-05	21927	0.250006	FALSE	ORF1ab:cds-YP_009725295.1	ATT	I	GTT	V	4231
NC_045512.2	12957	T	C	22152	4266	38	1	0	34	4.51386e-05	22154	1	FALSE	ORF1ab:cds-YP_009724389.1	ATT	I	ACT	T	4231
NC_045512.2	12957	T	C	22152	4266	38	1	0	34	4.51386e-05	22154	1	FALSE	ORF1ab:cds-YP_009725295.1	ATT	I	ACT	T	4231
NC_045512.2	12957	T	A	22152	4266	38	1	0	34	4.51386e-05	22154	1	FALSE	ORF1ab:cds-YP_009724389.1	ATT	I	AAT	N	4231
NC_045512.2	12957	T	A	22152	4266	38	1	0	34	4.51386e-05	22154	1	FALSE	ORF1ab:cds-YP_009725295.1	ATT	I	AAT	N	4231
NC_045512.2	12958	T	-A	22085	4277	38	1	0	20	4.52796e-05	22085	1	FALSE	NA	NA	NA	NA	NA	NA
NC_045512.2	12959	A	T	21568	4356	38	2	0	30	9.26999e-05	21575	0.999997	FALSE	ORF1ab:cds-YP_009724389.1	AAA	K	TAA	*	4232
NC_045512.2	12959	A	T	21568	4356	38	2	0	30	9.26999e-05	21575	0.999997	FALSE	ORF1ab:cds-YP_009725295.1	AAA	K	TAA	*	4232
NC_045512.2	12959	A	G	21568	4356	38	5	0	39	0.00023175	21575	0.999734	FALSE	ORF1ab:cds-YP_009724389.1	AAA	K	GAA	E	4232
NC_045512.2	12959	A	G	21568	4356	38	5	0	39	0.00023175	21575	0.999734	FALSE	ORF1ab:cds-YP_009725295.1	AAA	K	GAA	E	4232
NC_045512.2	12960	A	G	21368	4426	38	1	0	34	4.67968e-05	21369	1	FALSE	ORF1ab:cds-YP_009724389.1	AAA	K	AGA	R	4232
NC_045512.2	12960	A	G	21368	4426	38	1	0	34	4.67968e-05	21369	1	FALSE	ORF1ab:cds-YP_009725295.1	AAA	K	AGA	R	4232
NC_045512.2	12961	A	G	21474	4447	38	3	0	31	0.000139684	21477	0.999982	FALSE	ORF1ab:cds-YP_009724389.1	AAA	K	AAG	K	4232
NC_045512.2	12961	A	G	21474	4447	38	3	0	31	0.000139684	21477	0.999982	FALSE	ORF1ab:cds-YP_009725295.1	AAA	K	AAG	K	4232
NC_045512.2	12962	G	T	22245	4457	38	6	2	31	0.000269639	22252	0.999545	FALSE	ORF1ab:cds-YP_009724389.1	GGA	G	TGA	*	4233
NC_045512.2	12962	G	T	22245	4457	38	6	2	31	0.000269639	22252	0.999545	FALSE	ORF1ab:cds-YP_009725295.1	GGA	G	TGA	*	4233
NC_045512.2	12962	G	C	22245	4457	38	1	1	34	4.49398e-05	22252	1	FALSE	ORF1ab:cds-YP_009724389.1	GGA	G	CGA	R	4233
NC_045512.2	12962	G	C	22245	4457	38	1	1	34	4.49398e-05	22252	1	FALSE	ORF1ab:cds-YP_009725295.1	GGA	G	CGA	R	4233
NC_045512.2	12964	A	G	22573	4663	38	1	0	34	4.42988e-05	22574	1	FALSE	ORF1ab:cds-YP_009724389.1	GGA	G	GGG	G	4233
NC_045512.2	12964	A	G	22573	4663	38	1	0	34	4.42988e-05	22574	1	FALSE	ORF1ab:cds-YP_009725295.1	GGA	G	GGG	G	4233
NC_045512.2	12965	T	C	22597	4724	38	1	1	52	4.42517e-05	22598	0.500011	FALSE	ORF1ab:cds-YP_009724389.1	TTA	L	CTA	L	4234
NC_045512.2	12965	T	C	22597	4724	38	1	1	52	4.42517e-05	22598	0.500011	FALSE	ORF1ab:cds-YP_009725295.1	TTA	L	CTA	L	4234
NC_045512.2	12966	T	C	22394	4768	38	1	0	34	4.46508e-05	22396	1	FALSE	ORF1ab:cds-YP_009724389.1	TTA	L	TCA	S	4234
NC_045512.2	12966	T	C	22394	4768	38	1	0	34	4.46508e-05	22396	1	FALSE	ORF1ab:cds-YP_009725295.1	TTA	L	TCA	S	4234
NC_045512.2	12966	T	A	22394	4768	38	1	1	24	4.46508e-05	22396	1	FALSE	ORF1ab:cds-YP_009724389.1	TTA	L	TAA	*	4234
NC_045512.2	12966	T	A	22394	4768	38	1	1	24	4.46508e-05	22396	1	FALSE	ORF1ab:cds-YP_009725295.1	TTA	L	TAA	*	4234
NC_045512.2	12967	A	C	22202	4744	38	1	1	27	4.5039e-05	22203	1	FALSE	ORF1ab:cds-YP_009724389.1	TTA	L	TTC	F	4234
NC_045512.2	12967	A	C	22202	4744	38	1	1	27	4.5039e-05	22203	1	FALSE	ORF1ab:cds-YP_009725295.1	TTA	L	TTC	F	4234
NC_045512.2	12968	A	G	21853	4991	37	4	0	32	0.000183008	21857	0.999922	FALSE	ORF1ab:cds-YP_009724389.1	AAC	N	GAC	D	4235
NC_045512.2	12968	A	G	21853	4991	37	4	0	32	0.000183008	21857	0.999922	FALSE	ORF1ab:cds-YP_009725295.1	AAC	N	GAC	D	4235
NC_045512.2	12969	A	G	22590	5817	39	2	0	34	8.85269e-05	22592	0.999999	FALSE	ORF1ab:cds-YP_009724389.1	AAC	N	AGC	S	4235
NC_045512.2	12969	A	G	22590	5817	39	2	0	34	8.85269e-05	22592	0.999999	FALSE	ORF1ab:cds-YP_009725295.1	AAC	N	AGC	S	4235
NC_045512.2	12970	C	T	22505	5872	39	1	0	24	4.44306e-05	22507	1	FALSE	ORF1ab:cds-YP_009724389.1	AAC	N	AAT	N	4235
NC_045512.2	12970	C	T	22505	5872	39	1	0	24	4.44306e-05	22507	1	FALSE	ORF1ab:cds-YP_009725295.1	AAC	N	AAT	N	4235
NC_045512.2	12970	C	A	22505	5872	39	1	0	34	4.44306e-05	22507	1	FALSE	ORF1ab:cds-YP_009724389.1	AAC	N	AAA	K	4235
NC_045512.2	12970	C	A	22505	5872	39	1	0	34	4.44306e-05	22507	1	FALSE	ORF1ab:cds-YP_009725295.1	AAC	N	AAA	K	4235
NC_045512.2	12971	A	G	22393	5692	38	1	1	34	4.46548e-05	22394	1	FALSE	ORF1ab:cds-YP_009724389.1	AAC	N	GAC	D	4236
NC_045512.2	12971	A	G	22393	5692	38	1	1	34	4.46548e-05	22394	1	FALSE	ORF1ab:cds-YP_009725295.1	AAC	N	GAC	D	4236
NC_045512.2	12972	A	G	22612	5721	39	1	1	34	4.42204e-05	22614	1	FALSE	ORF1ab:cds-YP_009724389.1	AAC	N	AGC	S	4236
NC_045512.2	12972	A	G	22612	5721	39	1	1	34	4.42204e-05	22614	1	FALSE	ORF1ab:cds-YP_009725295.1	AAC	N	AGC	S	4236
NC_045512.2	12972	A	C	22612	5721	39	1	1	34	4.42204e-05	22614	1	FALSE	ORF1ab:cds-YP_009724389.1	AAC	N	ACC	T	4236
NC_045512.2	12972	A	C	22612	5721	39	1	1	34	4.42204e-05	22614	1	FALSE	ORF1ab:cds-YP_009725295.1	AAC	N	ACC	T	4236
NC_045512.2	12973	C	G	22553	5950	38	9	0	32	0.000398812	22567	0.994669	FALSE	ORF1ab:cds-YP_009724389.1	AAC	N	AAG	K	4236
NC_045512.2	12973	C	G	22553	5950	38	9	0	32	0.000398812	22567	0.994669	FALSE	ORF1ab:cds-YP_009725295.1	AAC	N	AAG	K	4236
NC_045512.2	12973	C	A	22553	5950	38	5	0	32	0.000221562	22567	0.999845	FALSE	ORF1ab:cds-YP_009724389.1	AAC	N	AAA	K	4236
NC_045512.2	12973	C	A	22553	5950	38	5	0	32	0.000221562	22567	0.999845	FALSE	ORF1ab:cds-YP_009725295.1	AAC	N	AAA	K	4236
NC_045512.2	12974	C	A	22671	6069	38	1	0	26	4.41073e-05	22672	1	FALSE	ORF1ab:cds-YP_009724389.1	CTA	L	ATA	I	4237
NC_045512.2	12974	C	A	22671	6069	38	1	0	26	4.41073e-05	22672	1	FALSE	ORF1ab:cds-YP_009725295.1	CTA	L	ATA	I	4237
NC_045512.2	12975	T	G	22737	6005	38	1	0	34	4.39734e-05	22741	1	FALSE	ORF1ab:cds-YP_009724389.1	CTA	L	CGA	R	4237
NC_045512.2	12975	T	G	22737	6005	38	1	0	34	4.39734e-05	22741	1	FALSE	ORF1ab:cds-YP_009725295.1	CTA	L	CGA	R	4237
NC_045512.2	12975	T	C	22737	6005	38	2	0	34	8.79469e-05	22741	0.999999	FALSE	ORF1ab:cds-YP_009724389.1	CTA	L	CCA	P	4237
NC_045512.2	12975	T	C	22737	6005	38	2	0	34	8.79469e-05	22741	0.999999	FALSE	ORF1ab:cds-YP_009725295.1	CTA	L	CCA	P	4237
NC_045512.2	12975	T	A	22737	6005	38	1	0	34	4.39734e-05	22741	1	FALSE	ORF1ab:cds-YP_009724389.1	CTA	L	CAA	Q	4237
NC_045512.2	12975	T	A	22737	6005	38	1	0	34	4.39734e-05	22741	1	FALSE	ORF1ab:cds-YP_009725295.1	CTA	L	CAA	Q	4237
NC_045512.2	12975	T	-A	22737	6005	38	2	0	20	8.79469e-05	22741	1	FALSE	NA	NA	NA	NA	NA	NA
NC_045512.2	12976	A	G	22944	6059	38	5	1	34	0.000217874	22949	0.999845	FALSE	ORF1ab:cds-YP_009724389.1	CTA	L	CTG	L	4237
NC_045512.2	12976	A	G	22944	6059	38	5	1	34	0.000217874	22949	0.999845	FALSE	ORF1ab:cds-YP_009725295.1	CTA	L	CTG	L	4237
NC_045512.2	12977	A	G	22814	6455	38	1	0	26	4.38289e-05	22816	1	FALSE	ORF1ab:cds-YP_009724389.1	AAT	N	GAT	D	4238
NC_045512.2	12977	A	G	22814	6455	38	1	0	26	4.38289e-05	22816	1	FALSE	ORF1ab:cds-YP_009725295.1	AAT	N	GAT	D	4238
NC_045512.2	12977	A	C	22814	6455	38	1	1	27	4.38289e-05	22816	1	FALSE	ORF1ab:cds-YP_009724389.1	AAT	N	CAT	H	4238
NC_045512.2	12977	A	C	22814	6455	38	1	1	27	4.38289e-05	22816	1	FALSE	ORF1ab:cds-YP_009725295.1	AAT	N	CAT	H	4238
NC_045512.2	12978	A	G	22147	6820	37	1	0	34	4.51508e-05	22148	1	FALSE	ORF1ab:cds-YP_009724389.1	AAT	N	AGT	S	4238
NC_045512.2	12978	A	G	22147	6820	37	1	0	34	4.51508e-05	22148	1	FALSE	ORF1ab:cds-YP_009725295.1	AAT	N	AGT	S	4238
NC_045512.2	12979	T	C	22605	6785	38	2	0	36	8.84564e-05	22610	0.999999	FALSE	ORF1ab:cds-YP_009724389.1	AAT	N	AAC	N	4238
NC_045512.2	12979	T	C	22605	6785	38	2	0	36	8.84564e-05	22610	0.999999	FALSE	ORF1ab:cds-YP_009725295.1	AAT	N	AAC	N	4238
NC_045512.2	12979	T	A	22605	6785	38	3	1	28	0.000132685	22610	1	FALSE	ORF1ab:cds-YP_009724389.1	AAT	N	AAA	K	4238
NC_045512.2	12979	T	A	22605	6785	38	3	1	28	0.000132685	22610	1	FALSE	ORF1ab:cds-YP_009725295.1	AAT	N	AAA	K	4238
NC_045512.2	12980	A	T	21558	6916	37	2	0	34	9.27601e-05	21561	0.999997	FALSE	ORF1ab:cds-YP_009724389.1	AGA	R	TGA	*	4239
NC_045512.2	12980	A	T	21558	6916	37	2	0	34	9.27601e-05	21561	0.999997	FALSE	ORF1ab:cds-YP_009725295.1	AGA	R	TGA	*	4239
NC_045512.2	12980	A	G	21558	6916	37	1	0	34	4.638e-05	21561	1	FALSE	ORF1ab:cds-YP_009724389.1	AGA	R	GGA	G	4239
NC_045512.2	12980	A	G	21558	6916	37	1	0	34	4.638e-05	21561	1	FALSE	ORF1ab:cds-YP_009725295.1	AGA	R	GGA	G	4239
NC_045512.2	12981	G	T	23027	6995	38	1	0	34	4.34254e-05	23028	1	FALSE	ORF1ab:cds-YP_009724389.1	AGA	R	ATA	I	4239
NC_045512.2	12981	G	T	23027	6995	38	1	0	34	4.34254e-05	23028	1	FALSE	ORF1ab:cds-YP_009725295.1	AGA	R	ATA	I	4239
NC_045512.2	12982	A	T	22550	6716	38	1	1	26	4.4338e-05	22554	1	FALSE	ORF1ab:cds-YP_009724389.1	AGA	R	AGT	S	4239
NC_045512.2	12982	A	T	22550	6716	38	1	1	26	4.4338e-05	22554	1	FALSE	ORF1ab:cds-YP_009725295.1	AGA	R	AGT	S	4239
NC_045512.2	12982	A	G	22550	6716	38	3	2	30	0.000133014	22554	0.99999	FALSE	ORF1ab:cds-YP_009724389.1	AGA	R	AGG	R	4239
NC_045512.2	12982	A	G	22550	6716	38	3	2	30	0.000133014	22554	0.99999	FALSE	ORF1ab:cds-YP_009725295.1	AGA	R	AGG	R	4239
NC_045512.2	12983	G	T	22634	6650	37	3	1	28	0.000132515	22639	1	FALSE	ORF1ab:cds-YP_009724389.1	GGT	G	TGT	C	4240
NC_045512.2	12983	G	T	22634	6650	37	3	1	28	0.000132515	22639	1	FALSE	ORF1ab:cds-YP_009725295.1	GGT	G	TGT	C	4240
NC_045512.2	12983	G	C	22634	6650	37	1	1	34	4.41716e-05	22639	1	FALSE	ORF1ab:cds-YP_009724389.1	GGT	G	CGT	R	4240
NC_045512.2	12983	G	C	22634	6650	37	1	1	34	4.41716e-05	22639	1	FALSE	ORF1ab:cds-YP_009725295.1	GGT	G	CGT	R	4240
NC_045512.2	12983	G	A	22634	6650	37	1	0	34	4.41716e-05	22639	1	FALSE	ORF1ab:cds-YP_009724389.1	GGT	G	AGT	S	4240
NC_045512.2	12983	G	A	22634	6650	37	1	0	34	4.41716e-05	22639	1	FALSE	ORF1ab:cds-YP_009725295.1	GGT	G	AGT	S	4240
NC_045512.2	12984	G	T	23584	6795	37	3	0	28	0.000127189	23587	1	FALSE	ORF1ab:cds-YP_009724389.1	GGT	G	GTT	V	4240
NC_045512.2	12984	G	T	23584	6795	37	3	0	28	0.000127189	23587	1	FALSE	ORF1ab:cds-YP_009725295.1	GGT	G	GTT	V	4240
NC_045512.2	12985	T	C	23402	6495	38	3	2	34	0.000128172	23406	0.999995	FALSE	ORF1ab:cds-YP_009724389.1	GGT	G	GGC	G	4240
NC_045512.2	12985	T	C	23402	6495	38	3	2	34	0.000128172	23406	0.999995	FALSE	ORF1ab:cds-YP_009725295.1	GGT	G	GGC	G	4240
NC_045512.2	12985	T	A	23402	6495	38	1	1	26	4.27241e-05	23406	1	FALSE	ORF1ab:cds-YP_009724389.1	GGT	G	GGA	G	4240
NC_045512.2	12985	T	A	23402	6495	38	1	1	26	4.27241e-05	23406	1	FALSE	ORF1ab:cds-YP_009725295.1	GGT	G	GGA	G	4240
NC_045512.2	12986	A	T	23622	6708	38	1	0	34	4.23298e-05	23624	1	FALSE	ORF1ab:cds-YP_009724389.1	ATG	M	TTG	L	4241
NC_045512.2	12986	A	T	23622	6708	38	1	0	34	4.23298e-05	23624	1	FALSE	ORF1ab:cds-YP_009725295.1	ATG	M	TTG	L	4241
NC_045512.2	12986	A	G	23622	6708	38	1	1	34	4.23298e-05	23624	1	FALSE	ORF1ab:cds-YP_009724389.1	ATG	M	GTG	V	4241
NC_045512.2	12986	A	G	23622	6708	38	1	1	34	4.23298e-05	23624	1	FALSE	ORF1ab:cds-YP_009725295.1	ATG	M	GTG	V	4241
NC_045512.2	12987	T	C	23749	6726	38	1	0	34	4.21053e-05	23750	1	FALSE	ORF1ab:cds-YP_009724389.1	ATG	M	ACG	T	4241
NC_045512.2	12987	T	C	23749	6726	38	1	0	34	4.21053e-05	23750	1	FALSE	ORF1ab:cds-YP_009725295.1	ATG	M	ACG	T	4241
NC_045512.2	12988	G	A	23005	6896	37	1	1	34	4.34669e-05	23006	1	FALSE	ORF1ab:cds-YP_009724389.1	ATG	M	ATA	I	4241
NC_045512.2	12988	G	A	23005	6896	37	1	1	34	4.34669e-05	23006	1	FALSE	ORF1ab:cds-YP_009725295.1	ATG	M	ATA	I	4241
NC_045512.2	12989	G	T	23745	6990	37	5	0	29	0.000210509	23752	1	FALSE	ORF1ab:cds-YP_009724389.1	GTA	V	TTA	L	4242
NC_045512.2	12989	G	T	23745	6990	37	5	0	29	0.000210509	23752	1	FALSE	ORF1ab:cds-YP_009725295.1	GTA	V	TTA	L	4242
NC_045512.2	12989	G	C	23745	6990	37	2	2	34	8.42034e-05	23752	0.999999	FALSE	ORF1ab:cds-YP_009724389.1	GTA	V	CTA	L	4242
NC_045512.2	12989	G	C	23745	6990	37	2	2	34	8.42034e-05	23752	0.999999	FALSE	ORF1ab:cds-YP_009725295.1	GTA	V	CTA	L	4242
NC_045512.2	12990	T	C	23816	7196	38	2	1	34	8.39701e-05	23818	0.999999	FALSE	ORF1ab:cds-YP_009724389.1	GTA	V	GCA	A	4242
NC_045512.2	12990	T	C	23816	7196	38	2	1	34	8.39701e-05	23818	0.999999	FALSE	ORF1ab:cds-YP_009725295.1	GTA	V	GCA	A	4242
NC_045512.2	12991	A	T	23866	7163	38	3	1	31	0.000125686	23869	0.999995	FALSE	ORF1ab:cds-YP_009724389.1	GTA	V	GTT	V	4242
NC_045512.2	12991	A	T	23866	7163	38	3	1	31	0.000125686	23869	0.999995	FALSE	ORF1ab:cds-YP_009725295.1	GTA	V	GTT	V	4242
NC_045512.2	12992	C	G	23708	7272	38	4	0	30	0.000168684	23713	0.999975	FALSE	ORF1ab:cds-YP_009724389.1	CTT	L	GTT	V	4243
NC_045512.2	12992	C	G	23708	7272	38	4	0	30	0.000168684	23713	0.999975	FALSE	ORF1ab:cds-YP_009725295.1	CTT	L	GTT	V	4243
NC_045512.2	12992	C	A	23708	7272	38	1	1	34	4.2171e-05	23713	1	FALSE	ORF1ab:cds-YP_009724389.1	CTT	L	ATT	I	4243
NC_045512.2	12992	C	A	23708	7272	38	1	1	34	4.2171e-05	23713	1	FALSE	ORF1ab:cds-YP_009725295.1	CTT	L	ATT	I	4243
NC_045512.2	12993	T	C	22595	6082	37	4	4	34	0.000176999	22599	0.999956	FALSE	ORF1ab:cds-YP_009724389.1	CTT	L	CCT	P	4243
NC_045512.2	12993	T	C	22595	6082	37	4	4	34	0.000176999	22599	0.999956	FALSE	ORF1ab:cds-YP_009725295.1	CTT	L	CCT	P	4243
NC_045512.2	12994	T	C	23392	6823	38	3	3	45	0.000128227	23396	0.5	FALSE	ORF1ab:cds-YP_009724389.1	CTT	L	CTC	L	4243
NC_045512.2	12994	T	C	23392	6823	38	3	3	45	0.000128227	23396	0.5	FALSE	ORF1ab:cds-YP_009725295.1	CTT	L	CTC	L	4243
NC_045512.2	12994	T	A	23392	6823	38	1	0	26	4.27423e-05	23396	1	FALSE	ORF1ab:cds-YP_009724389.1	CTT	L	CTA	L	4243
NC_045512.2	12994	T	A	23392	6823	38	1	0	26	4.27423e-05	23396	1	FALSE	ORF1ab:cds-YP_009725295.1	CTT	L	CTA	L	4243
NC_045512.2	12995	G	T	23407	6758	38	2	1	51	8.54299e-05	23411	0.249984	FALSE	ORF1ab:cds-YP_009724389.1	GGT	G	TGT	C	4244
NC_045512.2	12995	G	T	23407	6758	38	2	1	51	8.54299e-05	23411	0.249984	FALSE	ORF1ab:cds-YP_009725295.1	GGT	G	TGT	C	4244
NC_045512.2	12995	G	C	23407	6758	38	2	2	30	8.54299e-05	23411	0.999999	FALSE	ORF1ab:cds-YP_009724389.1	GGT	G	CGT	R	4244
NC_045512.2	12995	G	C	23407	6758	38	2	2	30	8.54299e-05	23411	0.999999	FALSE	ORF1ab:cds-YP_009725295.1	GGT	G	CGT	R	4244
NC_045512.2	12996	G	T	23396	6813	38	1	1	34	4.2735e-05	23400	1	FALSE	ORF1ab:cds-YP_009724389.1	GGT	G	GTT	V	4244
NC_045512.2	12996	G	T	23396	6813	38	1	1	34	4.2735e-05	23400	1	FALSE	ORF1ab:cds-YP_009725295.1	GGT	G	GTT	V	4244
NC_045512.2	12996	G	C	23396	6813	38	2	2	30	8.54701e-05	23400	0.999999	FALSE	ORF1ab:cds-YP_009724389.1	GGT	G	GCT	A	4244
NC_045512.2	12996	G	C	23396	6813	38	2	2	30	8.54701e-05	23400	0.999999	FALSE	ORF1ab:cds-YP_009725295.1	GGT	G	GCT	A	4244
NC_045512.2	12996	G	A	23396	6813	38	1	0	34	4.2735e-05	23400	1	FALSE	ORF1ab:cds-YP_009724389.1	GGT	G	GAT	D	4244
NC_045512.2	12996	G	A	23396	6813	38	1	0	34	4.2735e-05	23400	1	FALSE	ORF1ab:cds-YP_009725295.1	GGT	G	GAT	D	4244
NC_045512.2	12997	T	C	23497	6851	38	1	0	34	4.25568e-05	23498	1	FALSE	ORF1ab:cds-YP_009724389.1	GGT	G	GGC	G	4244
NC_045512.2	12997	T	C	23497	6851	38	1	0	34	4.25568e-05	23498	1	FALSE	ORF1ab:cds-YP_009725295.1	GGT	G	GGC	G	4244
NC_045512.2	12998	A	T	22945	6332	38	1	0	34	4.35787e-05	22947	1	FALSE	ORF1ab:cds-YP_009724389.1	AGT	S	TGT	C	4245
NC_045512.2	12998	A	T	22945	6332	38	1	0	34	4.35787e-05	22947	1	FALSE	ORF1ab:cds-YP_009725295.1	AGT	S	TGT	C	4245
NC_045512.2	12998	A	G	22945	6332	38	1	0	34	4.35787e-05	22947	1	FALSE	ORF1ab:cds-YP_009724389.1	AGT	S	GGT	G	4245
NC_045512.2	12998	A	G	22945	6332	38	1	0	34	4.35787e-05	22947	1	FALSE	ORF1ab:cds-YP_009725295.1	AGT	S	GGT	G	4245
NC_045512.2	12999	G	A	22918	6397	38	2	0	34	8.726e-05	22920	0.999999	FALSE	ORF1ab:cds-YP_009724389.1	AGT	S	AAT	N	4245
NC_045512.2	12999	G	A	22918	6397	38	2	0	34	8.726e-05	22920	0.999999	FALSE	ORF1ab:cds-YP_009725295.1	AGT	S	AAT	N	4245
NC_045512.2	13000	T	C	21975	6270	37	5	2	40	0.00022748	21980	0.226562	FALSE	ORF1ab:cds-YP_009724389.1	AGT	S	AGC	S	4245
NC_045512.2	13000	T	C	21975	6270	37	5	2	40	0.00022748	21980	0.226562	FALSE	ORF1ab:cds-YP_009725295.1	AGT	S	AGC	S	4245
NC_045512.2	13002	T	G	22246	6957	38	1	0	26	4.49378e-05	22253	1	FALSE	ORF1ab:cds-YP_009724389.1	TTA	L	TGA	*	4246
NC_045512.2	13002	T	G	22246	6957	38	1	0	26	4.49378e-05	22253	1	FALSE	ORF1ab:cds-YP_009725295.1	TTA	L	TGA	*	4246
NC_045512.2	13002	T	C	22246	6957	38	6	3	51	0.000269627	22253	0.0156197	FALSE	ORF1ab:cds-YP_009724389.1	TTA	L	TCA	S	4246
NC_045512.2	13002	T	C	22246	6957	38	6	3	51	0.000269627	22253	0.0156197	FALSE	ORF1ab:cds-YP_009725295.1	TTA	L	TCA	S	4246
NC_045512.2	13003	A	G	22536	6889	38	5	2	46	0.000221818	22541	0.226562	FALSE	ORF1ab:cds-YP_009724389.1	TTA	L	TTG	L	4246
NC_045512.2	13003	A	G	22536	6889	38	5	2	46	0.000221818	22541	0.226562	FALSE	ORF1ab:cds-YP_009725295.1	TTA	L	TTG	L	4246
NC_045512.2	13005	C	T	22258	7020	38	5	2	47	0.000224568	22265	0.226526	FALSE	ORF1ab:cds-YP_009724389.1	GCT	A	GTT	V	4247
NC_045512.2	13005	C	T	22258	7020	38	5	2	47	0.000224568	22265	0.226526	FALSE	ORF1ab:cds-YP_009725295.1	GCT	A	GTT	V	4247
NC_045512.2	13005	C	A	22258	7020	38	2	0	34	8.98271e-05	22265	0.999999	FALSE	ORF1ab:cds-YP_009724389.1	GCT	A	GAT	D	4247
NC_045512.2	13005	C	A	22258	7020	38	2	0	34	8.98271e-05	22265	0.999999	FALSE	ORF1ab:cds-YP_009725295.1	GCT	A	GAT	D	4247
NC_045512.2	13006	T	G	22398	7012	38	3	0	31	0.000133905	22404	0.99999	FALSE	ORF1ab:cds-YP_009724389.1	GCT	A	GCG	A	4247
NC_045512.2	13006	T	G	22398	7012	38	3	0	31	0.000133905	22404	0.99999	FALSE	ORF1ab:cds-YP_009725295.1	GCT	A	GCG	A	4247
NC_045512.2	13006	T	C	22398	7012	38	3	1	34	0.000133905	22404	0.99999	FALSE	ORF1ab:cds-YP_009724389.1	GCT	A	GCC	A	4247
NC_045512.2	13006	T	C	22398	7012	38	3	1	34	0.000133905	22404	0.99999	FALSE	ORF1ab:cds-YP_009725295.1	GCT	A	GCC	A	4247
NC_045512.2	13007	G	T	22520	6986	38	1	0	60	4.43991e-05	22523	0.499989	FALSE	ORF1ab:cds-YP_009724389.1	GCC	A	TCC	S	4248
NC_045512.2	13007	G	T	22520	6986	38	1	0	60	4.43991e-05	22523	0.499989	FALSE	ORF1ab:cds-YP_009725295.1	GCC	A	TCC	S	4248
NC_045512.2	13007	G	A	22520	6986	38	2	1	51	8.87981e-05	22523	0.249994	FALSE	ORF1ab:cds-YP_009724389.1	GCC	A	ACC	T	4248
NC_045512.2	13007	G	A	22520	6986	38	2	1	51	8.87981e-05	22523	0.249994	FALSE	ORF1ab:cds-YP_009725295.1	GCC	A	ACC	T	4248
NC_045512.2	13009	C	A	22711	7214	38	2	2	51	8.80553e-05	22713	0.250006	FALSE	ORF1ab:cds-YP_009724389.1	GCC	A	GCA	A	4248
NC_045512.2	13009	C	A	22711	7214	38	2	2	51	8.80553e-05	22713	0.250006	FALSE	ORF1ab:cds-YP_009725295.1	GCC	A	GCA	A	4248
NC_045512.2	13010	A	T	22556	6968	38	1	0	26	4.43302e-05	22558	1	FALSE	ORF1ab:cds-YP_009724389.1	ACA	T	TCA	S	4249
NC_045512.2	13010	A	T	22556	6968	38	1	0	26	4.43302e-05	22558	1	FALSE	ORF1ab:cds-YP_009725295.1	ACA	T	TCA	S	4249
NC_045512.2	13010	A	G	22556	6968	38	1	0	34	4.43302e-05	22558	1	FALSE	ORF1ab:cds-YP_009724389.1	ACA	T	GCA	A	4249
NC_045512.2	13010	A	G	22556	6968	38	1	0	34	4.43302e-05	22558	1	FALSE	ORF1ab:cds-YP_009725295.1	ACA	T	GCA	A	4249
NC_045512.2	13011	C	G	21984	7395	38	3	0	28	0.000136444	21987	1	FALSE	ORF1ab:cds-YP_009724389.1	ACA	T	AGA	R	4249
NC_045512.2	13011	C	G	21984	7395	38	3	0	28	0.000136444	21987	1	FALSE	ORF1ab:cds-YP_009725295.1	ACA	T	AGA	R	4249
NC_045512.2	13013	G	A	22164	7329	38	2	1	68	9.02283e-05	22166	0.250006	FALSE	ORF1ab:cds-YP_009724389.1	GTA	V	ATA	I	4250
NC_045512.2	13013	G	A	22164	7329	38	2	1	68	9.02283e-05	22166	0.250006	FALSE	ORF1ab:cds-YP_009725295.1	GTA	V	ATA	I	4250
NC_045512.2	13014	T	G	21943	7382	38	5	0	29	0.000227759	21953	1	FALSE	ORF1ab:cds-YP_009724389.1	GTA	V	GGA	G	4250
NC_045512.2	13014	T	G	21943	7382	38	5	0	29	0.000227759	21953	1	FALSE	ORF1ab:cds-YP_009725295.1	GTA	V	GGA	G	4250
NC_045512.2	13014	T	C	21943	7382	38	2	0	30	9.11037e-05	21953	0.999997	FALSE	ORF1ab:cds-YP_009724389.1	GTA	V	GCA	A	4250
NC_045512.2	13014	T	C	21943	7382	38	2	0	30	9.11037e-05	21953	0.999997	FALSE	ORF1ab:cds-YP_009725295.1	GTA	V	GCA	A	4250
NC_045512.2	13014	T	A	21943	7382	38	3	0	28	0.000136656	21953	1	FALSE	ORF1ab:cds-YP_009724389.1	GTA	V	GAA	E	4250
NC_045512.2	13014	T	A	21943	7382	38	3	0	28	0.000136656	21953	1	FALSE	ORF1ab:cds-YP_009725295.1	GTA	V	GAA	E	4250
NC_045512.2	13015	A	G	21903	7146	37	6	0	34	0.00027386	21909	0.999246	FALSE	ORF1ab:cds-YP_009724389.1	GTA	V	GTG	V	4250
NC_045512.2	13015	A	G	21903	7146	37	6	0	34	0.00027386	21909	0.999246	FALSE	ORF1ab:cds-YP_009725295.1	GTA	V	GTG	V	4250
NC_045512.2	13016	C	T	22406	7462	38	2	1	34	8.92538e-05	22408	0.999999	FALSE	ORF1ab:cds-YP_009724389.1	CGT	R	TGT	C	4251
NC_045512.2	13016	C	T	22406	7462	38	2	1	34	8.92538e-05	22408	0.999999	FALSE	ORF1ab:cds-YP_009725295.1	CGT	R	TGT	C	4251
NC_045512.2	13017	G	T	22701	7384	38	3	0	28	0.000132124	22706	1	FALSE	ORF1ab:cds-YP_009724389.1	CGT	R	CTT	L	4251
NC_045512.2	13017	G	T	22701	7384	38	3	0	28	0.000132124	22706	1	FALSE	ORF1ab:cds-YP_009725295.1	CGT	R	CTT	L	4251
NC_045512.2	13017	G	A	22701	7384	38	2	1	51	8.80824e-05	22706	0.249972	FALSE	ORF1ab:cds-YP_009724389.1	CGT	R	CAT	H	4251
NC_045512.2	13017	G	A	22701	7384	38	2	1	51	8.80824e-05	22706	0.249972	FALSE	ORF1ab:cds-YP_009725295.1	CGT	R	CAT	H	4251
NC_045512.2	13018	T	C	22891	7478	37	6	2	34	0.000262043	22897	0.999546	FALSE	ORF1ab:cds-YP_009724389.1	CGT	R	CGC	R	4251
NC_045512.2	13018	T	C	22891	7478	37	6	2	34	0.000262043	22897	0.999546	FALSE	ORF1ab:cds-YP_009725295.1	CGT	R	CGC	R	4251
NC_045512.2	13019	C	G	22818	7514	38	2	0	26	8.76424e-05	22820	1	FALSE	ORF1ab:cds-YP_009724389.1	CTA	L	GTA	V	4252
NC_045512.2	13019	C	G	22818	7514	38	2	0	26	8.76424e-05	22820	1	FALSE	ORF1ab:cds-YP_009725295.1	CTA	L	GTA	V	4252
NC_045512.2	13020	T	C	22818	7565	38	4	2	34	0.000175269	22822	0.999956	FALSE	ORF1ab:cds-YP_009724389.1	CTA	L	CCA	P	4252
NC_045512.2	13020	T	C	22818	7565	38	4	2	34	0.000175269	22822	0.999956	FALSE	ORF1ab:cds-YP_009725295.1	CTA	L	CCA	P	4252
NC_045512.2	13021	A	G	22487	7544	37	2	1	34	8.89324e-05	22489	0.999999	FALSE	ORF1ab:cds-YP_009724389.1	CTA	L	CTG	L	4252
NC_045512.2	13021	A	G	22487	7544	37	2	1	34	8.89324e-05	22489	0.999999	FALSE	ORF1ab:cds-YP_009725295.1	CTA	L	CTG	L	4252
NC_045512.2	13022	C	A	21731	7872	37	1	1	34	4.60151e-05	21732	1	FALSE	ORF1ab:cds-YP_009724389.1	CAA	Q	AAA	K	4253
NC_045512.2	13022	C	A	21731	7872	37	1	1	34	4.60151e-05	21732	1	FALSE	ORF1ab:cds-YP_009725295.1	CAA	Q	AAA	K	4253
NC_045512.2	13023	A	G	21222	7478	37	1	0	34	4.71187e-05	21223	1	FALSE	ORF1ab:cds-YP_009724389.1	CAA	Q	CGA	R	4253
NC_045512.2	13023	A	G	21222	7478	37	1	0	34	4.71187e-05	21223	1	FALSE	ORF1ab:cds-YP_009725295.1	CAA	Q	CGA	R	4253
NC_045512.2	13024	A	T	20716	7715	37	1	0	26	4.82672e-05	20718	1	FALSE	ORF1ab:cds-YP_009724389.1	CAA	Q	CAT	H	4253
NC_045512.2	13024	A	T	20716	7715	37	1	0	26	4.82672e-05	20718	1	FALSE	ORF1ab:cds-YP_009725295.1	CAA	Q	CAT	H	4253
NC_045512.2	13024	A	G	20716	7715	37	1	0	34	4.82672e-05	20718	1	FALSE	ORF1ab:cds-YP_009724389.1	CAA	Q	CAG	Q	4253
NC_045512.2	13024	A	G	20716	7715	37	1	0	34	4.82672e-05	20718	1	FALSE	ORF1ab:cds-YP_009725295.1	CAA	Q	CAG	Q	4253
NC_045512.2	13025	G	T	20803	7729	37	2	1	34	9.61307e-05	20805	0.999995	FALSE	ORF1ab:cds-YP_009724389.1	GCT	A	TCT	S	4254
NC_045512.2	13025	G	T	20803	7729	37	2	1	34	9.61307e-05	20805	0.999995	FALSE	ORF1ab:cds-YP_009725295.1	GCT	A	TCT	S	4254
NC_045512.2	13026	C	G	20791	7839	37	1	0	34	4.80931e-05	20793	1	FALSE	ORF1ab:cds-YP_009724389.1	GCT	A	GGT	G	4254
NC_045512.2	13026	C	G	20791	7839	37	1	0	34	4.80931e-05	20793	1	FALSE	ORF1ab:cds-YP_009725295.1	GCT	A	GGT	G	4254
NC_045512.2	13026	C	A	20791	7839	37	1	1	26	4.80931e-05	20793	1	FALSE	ORF1ab:cds-YP_009724389.1	GCT	A	GAT	D	4254
NC_045512.2	13026	C	A	20791	7839	37	1	1	26	4.80931e-05	20793	1	FALSE	ORF1ab:cds-YP_009725295.1	GCT	A	GAT	D	4254
NC_045512.2	13027	T	C	20354	7353	37	3	1	45	0.000147355	20359	0.499977	FALSE	ORF1ab:cds-YP_009724389.1	GCT	A	GCC	A	4254
NC_045512.2	13027	T	C	20354	7353	37	3	1	45	0.000147355	20359	0.499977	FALSE	ORF1ab:cds-YP_009725295.1	GCT	A	GCC	A	4254
NC_045512.2	13027	T	A	20354	7353	37	2	0	34	9.82367e-05	20359	0.999995	FALSE	ORF1ab:cds-YP_009724389.1	GCT	A	GCA	A	4254
NC_045512.2	13027	T	A	20354	7353	37	2	0	34	9.82367e-05	20359	0.999995	FALSE	ORF1ab:cds-YP_009725295.1	GCT	A	GCA	A	4254
NC_045512.2	13028	G	A	20533	7391	37	1	0	34	4.86997e-05	20534	1	FALSE	ORF1ab:cds-YP_009724389.1	GGT	G	AGT	S	4255
NC_045512.2	13028	G	A	20533	7391	37	1	0	34	4.86997e-05	20534	1	FALSE	ORF1ab:cds-YP_009725295.1	GGT	G	AGT	S	4255
NC_045512.2	13029	G	C	20729	7623	37	2	1	34	9.64739e-05	20731	0.999995	FALSE	ORF1ab:cds-YP_009724389.1	GGT	G	GCT	A	4255
NC_045512.2	13029	G	C	20729	7623	37	2	1	34	9.64739e-05	20731	0.999995	FALSE	ORF1ab:cds-YP_009725295.1	GGT	G	GCT	A	4255
NC_045512.2	13030	T	C	20408	7786	37	3	2	31	0.000146972	20412	0.999967	FALSE	ORF1ab:cds-YP_009724389.1	GGT	G	GGC	G	4255
NC_045512.2	13030	T	C	20408	7786	37	3	2	31	0.000146972	20412	0.999967	FALSE	ORF1ab:cds-YP_009725295.1	GGT	G	GGC	G	4255
NC_045512.2	13030	T	A	20408	7786	37	1	1	20	4.89908e-05	20412	1	FALSE	ORF1ab:cds-YP_009724389.1	GGT	G	GGA	G	4255
NC_045512.2	13030	T	A	20408	7786	37	1	1	20	4.89908e-05	20412	1	FALSE	ORF1ab:cds-YP_009725295.1	GGT	G	GGA	G	4255
NC_045512.2	13031	A	T	20261	8120	37	1	1	34	4.93486e-05	20264	1	FALSE	ORF1ab:cds-YP_009724389.1	AAT	N	TAT	Y	4256
NC_045512.2	13031	A	T	20261	8120	37	1	1	34	4.93486e-05	20264	1	FALSE	ORF1ab:cds-YP_009725295.1	AAT	N	TAT	Y	4256
NC_045512.2	13031	A	G	20261	8120	37	2	0	34	9.86972e-05	20264	0.999995	FALSE	ORF1ab:cds-YP_009724389.1	AAT	N	GAT	D	4256
NC_045512.2	13031	A	G	20261	8120	37	2	0	34	9.86972e-05	20264	0.999995	FALSE	ORF1ab:cds-YP_009725295.1	AAT	N	GAT	D	4256
NC_045512.2	13033	T	C	20607	8483	37	1	1	34	4.85248e-05	20608	1	FALSE	ORF1ab:cds-YP_009724389.1	AAT	N	AAC	N	4256
NC_045512.2	13033	T	C	20607	8483	37	1	1	34	4.85248e-05	20608	1	FALSE	ORF1ab:cds-YP_009725295.1	AAT	N	AAC	N	4256
NC_045512.2	13034	G	A	20669	8510	37	1	0	34	4.83793e-05	20670	1	FALSE	ORF1ab:cds-YP_009724389.1	GCA	A	ACA	T	4257
NC_045512.2	13034	G	A	20669	8510	37	1	0	34	4.83793e-05	20670	1	FALSE	ORF1ab:cds-YP_009725295.1	GCA	A	ACA	T	4257
NC_045512.2	13035	C	T	21076	8688	37	2	2	30	9.48767e-05	21080	0.999997	FALSE	ORF1ab:cds-YP_009724389.1	GCA	A	GTA	V	4257
NC_045512.2	13035	C	T	21076	8688	37	2	2	30	9.48767e-05	21080	0.999997	FALSE	ORF1ab:cds-YP_009725295.1	GCA	A	GTA	V	4257
NC_045512.2	13035	C	A	21076	8688	37	2	1	30	9.48767e-05	21080	0.999997	FALSE	ORF1ab:cds-YP_009724389.1	GCA	A	GAA	E	4257
NC_045512.2	13035	C	A	21076	8688	37	2	1	30	9.48767e-05	21080	0.999997	FALSE	ORF1ab:cds-YP_009725295.1	GCA	A	GAA	E	4257
NC_045512.2	13036	A	G	20854	8376	37	12	6	36	0.000575098	20866	0.944991	FALSE	ORF1ab:cds-YP_009724389.1	GCA	A	GCG	A	4257
NC_045512.2	13036	A	G	20854	8376	37	12	6	36	0.000575098	20866	0.944991	FALSE	ORF1ab:cds-YP_009725295.1	GCA	A	GCG	A	4257
NC_045512.2	13037	A	G	20787	8413	37	6	2	39	0.000288559	20793	0.998757	FALSE	ORF1ab:cds-YP_009724389.1	ACA	T	GCA	A	4258
NC_045512.2	13037	A	G	20787	8413	37	6	2	39	0.000288559	20793	0.998757	FALSE	ORF1ab:cds-YP_009725295.1	ACA	T	GCA	A	4258
NC_045512.2	13038	C	T	20929	8510	37	2	0	29	9.55475e-05	20932	1	FALSE	ORF1ab:cds-YP_009724389.1	ACA	T	ATA	I	4258
NC_045512.2	13038	C	T	20929	8510	37	2	0	29	9.55475e-05	20932	1	FALSE	ORF1ab:cds-YP_009725295.1	ACA	T	ATA	I	4258
NC_045512.2	13038	C	A	20929	8510	37	1	0	34	4.77737e-05	20932	1	FALSE	ORF1ab:cds-YP_009724389.1	ACA	T	AAA	K	4258
NC_045512.2	13038	C	A	20929	8510	37	1	0	34	4.77737e-05	20932	1	FALSE	ORF1ab:cds-YP_009725295.1	ACA	T	AAA	K	4258
NC_045512.2	13039	A	G	20717	8465	37	3	1	34	0.000144767	20723	0.999967	FALSE	ORF1ab:cds-YP_009724389.1	ACA	T	ACG	T	4258
NC_045512.2	13039	A	G	20717	8465	37	3	1	34	0.000144767	20723	0.999967	FALSE	ORF1ab:cds-YP_009725295.1	ACA	T	ACG	T	4258
NC_045512.2	13039	A	C	20717	8465	37	3	3	34	0.000144767	20723	0.999967	FALSE	ORF1ab:cds-YP_009724389.1	ACA	T	ACC	T	4258
NC_045512.2	13039	A	C	20717	8465	37	3	3	34	0.000144767	20723	0.999967	FALSE	ORF1ab:cds-YP_009725295.1	ACA	T	ACC	T	4258
NC_045512.2	13040	G	A	21010	8522	37	1	0	34	4.75941e-05	21011	1	FALSE	ORF1ab:cds-YP_009724389.1	GAA	E	AAA	K	4259
NC_045512.2	13040	G	A	21010	8522	37	1	0	34	4.75941e-05	21011	1	FALSE	ORF1ab:cds-YP_009725295.1	GAA	E	AAA	K	4259
NC_045512.2	13042	A	T	21031	8747	38	1	1	34	4.75353e-05	21037	1	FALSE	ORF1ab:cds-YP_009724389.1	GAA	E	GAT	D	4259
NC_045512.2	13042	A	T	21031	8747	38	1	1	34	4.75353e-05	21037	1	FALSE	ORF1ab:cds-YP_009725295.1	GAA	E	GAT	D	4259
NC_045512.2	13042	A	G	21031	8747	38	4	2	40	0.000190141	21037	0.343717	FALSE	ORF1ab:cds-YP_009724389.1	GAA	E	GAG	E	4259
NC_045512.2	13042	A	G	21031	8747	38	4	2	40	0.000190141	21037	0.343717	FALSE	ORF1ab:cds-YP_009725295.1	GAA	E	GAG	E	4259
NC_045512.2	13042	A	C	21031	8747	38	1	1	34	4.75353e-05	21037	1	FALSE	ORF1ab:cds-YP_009724389.1	GAA	E	GAC	D	4259
NC_045512.2	13042	A	C	21031	8747	38	1	1	34	4.75353e-05	21037	1	FALSE	ORF1ab:cds-YP_009725295.1	GAA	E	GAC	D	4259
NC_045512.2	13043	G	A	21109	8751	38	2	0	34	9.47373e-05	21111	0.999997	FALSE	ORF1ab:cds-YP_009724389.1	GTG	V	ATG	M	4260
NC_045512.2	13043	G	A	21109	8751	38	2	0	34	9.47373e-05	21111	0.999997	FALSE	ORF1ab:cds-YP_009725295.1	GTG	V	ATG	M	4260
NC_045512.2	13044	T	C	18360	8726	37	1	0	34	5.44633e-05	18361	0.999998	FALSE	ORF1ab:cds-YP_009724389.1	GTG	V	GCG	A	4260
NC_045512.2	13044	T	C	18360	8726	37	1	0	34	5.44633e-05	18361	0.999998	FALSE	ORF1ab:cds-YP_009725295.1	GTG	V	GCG	A	4260
NC_045512.2	13045	G	A	18579	8797	37	1	0	34	5.38213e-05	18580	0.999998	FALSE	ORF1ab:cds-YP_009724389.1	GTG	V	GTA	V	4260
NC_045512.2	13045	G	A	18579	8797	37	1	0	34	5.38213e-05	18580	0.999998	FALSE	ORF1ab:cds-YP_009725295.1	GTG	V	GTA	V	4260
NC_045512.2	13046	C	T	18481	9084	37	3	1	34	0.00016225	18490	0.99989	FALSE	ORF1ab:cds-YP_009724389.1	CCT	P	TCT	S	4261
NC_045512.2	13046	C	T	18481	9084	37	3	1	34	0.00016225	18490	0.99989	FALSE	ORF1ab:cds-YP_009725295.1	CCT	P	TCT	S	4261
NC_045512.2	13046	C	G	18481	9084	37	3	0	31	0.00016225	18490	0.99989	FALSE	ORF1ab:cds-YP_009724389.1	CCT	P	GCT	A	4261
NC_045512.2	13046	C	G	18481	9084	37	3	0	31	0.00016225	18490	0.99989	FALSE	ORF1ab:cds-YP_009725295.1	CCT	P	GCT	A	4261
NC_045512.2	13046	C	A	18481	9084	37	3	1	31	0.00016225	18490	0.99989	FALSE	ORF1ab:cds-YP_009724389.1	CCT	P	ACT	T	4261
NC_045512.2	13046	C	A	18481	9084	37	3	1	31	0.00016225	18490	0.99989	FALSE	ORF1ab:cds-YP_009725295.1	CCT	P	ACT	T	4261
NC_045512.2	13047	C	T	18546	9089	37	2	1	34	0.000107817	18550	0.99998	FALSE	ORF1ab:cds-YP_009724389.1	CCT	P	CTT	L	4261
NC_045512.2	13047	C	T	18546	9089	37	2	1	34	0.000107817	18550	0.99998	FALSE	ORF1ab:cds-YP_009725295.1	CCT	P	CTT	L	4261
NC_045512.2	13047	C	G	18546	9089	37	1	0	34	5.39084e-05	18550	0.999998	FALSE	ORF1ab:cds-YP_009724389.1	CCT	P	CGT	R	4261
NC_045512.2	13047	C	G	18546	9089	37	1	0	34	5.39084e-05	18550	0.999998	FALSE	ORF1ab:cds-YP_009725295.1	CCT	P	CGT	R	4261
NC_045512.2	13047	C	A	18546	9089	37	1	1	26	5.39084e-05	18550	1	FALSE	ORF1ab:cds-YP_009724389.1	CCT	P	CAT	H	4261
NC_045512.2	13047	C	A	18546	9089	37	1	1	26	5.39084e-05	18550	1	FALSE	ORF1ab:cds-YP_009725295.1	CCT	P	CAT	H	4261
NC_045512.2	13048	T	G	18634	9097	37	3	0	31	0.000160961	18638	0.99989	FALSE	ORF1ab:cds-YP_009724389.1	CCT	P	CCG	P	4261
NC_045512.2	13048	T	G	18634	9097	37	3	0	31	0.000160961	18638	0.99989	FALSE	ORF1ab:cds-YP_009725295.1	CCT	P	CCG	P	4261
NC_045512.2	13048	T	C	18634	9097	37	1	1	34	5.36538e-05	18638	0.999998	FALSE	ORF1ab:cds-YP_009724389.1	CCT	P	CCC	P	4261
NC_045512.2	13048	T	C	18634	9097	37	1	1	34	5.36538e-05	18638	0.999998	FALSE	ORF1ab:cds-YP_009725295.1	CCT	P	CCC	P	4261
NC_045512.2	13049	G	T	18618	9053	37	1	0	34	5.36884e-05	18626	0.999998	FALSE	ORF1ab:cds-YP_009724389.1	GCC	A	TCC	S	4262
NC_045512.2	13049	G	T	18618	9053	37	1	0	34	5.36884e-05	18626	0.999998	FALSE	ORF1ab:cds-YP_009725295.1	GCC	A	TCC	S	4262
NC_045512.2	13049	G	A	18618	9053	37	7	1	34	0.000375819	18626	0.992699	FALSE	ORF1ab:cds-YP_009724389.1	GCC	A	ACC	T	4262
NC_045512.2	13049	G	A	18618	9053	37	7	1	34	0.000375819	18626	0.992699	FALSE	ORF1ab:cds-YP_009725295.1	GCC	A	ACC	T	4262
NC_045512.2	13050	C	T	18535	9016	37	1	1	34	5.39491e-05	18536	0.999998	FALSE	ORF1ab:cds-YP_009724389.1	GCC	A	GTC	V	4262
NC_045512.2	13050	C	T	18535	9016	37	1	1	34	5.39491e-05	18536	0.999998	FALSE	ORF1ab:cds-YP_009725295.1	GCC	A	GTC	V	4262
NC_045512.2	13051	C	T	18668	9076	37	2	0	51	0.000107118	18671	0.249993	FALSE	ORF1ab:cds-YP_009724389.1	GCC	A	GCT	A	4262
NC_045512.2	13051	C	T	18668	9076	37	2	0	51	0.000107118	18671	0.249993	FALSE	ORF1ab:cds-YP_009725295.1	GCC	A	GCT	A	4262
NC_045512.2	13051	C	A	18668	9076	37	1	1	34	5.3559e-05	18671	0.999998	FALSE	ORF1ab:cds-YP_009724389.1	GCC	A	GCA	A	4262
NC_045512.2	13051	C	A	18668	9076	37	1	1	34	5.3559e-05	18671	0.999998	FALSE	ORF1ab:cds-YP_009725295.1	GCC	A	GCA	A	4262
NC_045512.2	13052	A	G	18295	8786	37	4	3	34	0.000218591	18299	0.999574	FALSE	ORF1ab:cds-YP_009724389.1	AAT	N	GAT	D	4263
NC_045512.2	13052	A	G	18295	8786	37	4	3	34	0.000218591	18299	0.999574	FALSE	ORF1ab:cds-YP_009725295.1	AAT	N	GAT	D	4263
NC_045512.2	13053	A	G	18296	8959	37	1	0	24	5.46538e-05	18297	1	FALSE	ORF1ab:cds-YP_009724389.1	AAT	N	AGT	S	4263
NC_045512.2	13053	A	G	18296	8959	37	1	0	24	5.46538e-05	18297	1	FALSE	ORF1ab:cds-YP_009725295.1	AAT	N	AGT	S	4263
NC_045512.2	13054	T	C	18844	9289	37	2	1	34	0.000106123	18846	0.99998	FALSE	ORF1ab:cds-YP_009724389.1	AAT	N	AAC	N	4263
NC_045512.2	13054	T	C	18844	9289	37	2	1	34	0.000106123	18846	0.99998	FALSE	ORF1ab:cds-YP_009725295.1	AAT	N	AAC	N	4263
NC_045512.2	13055	T	A	18294	8976	37	1	0	26	5.46597e-05	18295	1	FALSE	ORF1ab:cds-YP_009724389.1	TCA	S	ACA	T	4264
NC_045512.2	13055	T	A	18294	8976	37	1	0	26	5.46597e-05	18295	1	FALSE	ORF1ab:cds-YP_009725295.1	TCA	S	ACA	T	4264
NC_045512.2	13056	C	T	19170	9789	38	1	1	34	5.21621e-05	19171	0.999999	FALSE	ORF1ab:cds-YP_009724389.1	TCA	S	TTA	L	4264
NC_045512.2	13056	C	T	19170	9789	38	1	1	34	5.21621e-05	19171	0.999999	FALSE	ORF1ab:cds-YP_009725295.1	TCA	S	TTA	L	4264
NC_045512.2	13057	A	G	19000	9651	37	1	0	34	5.2626e-05	19002	0.999999	FALSE	ORF1ab:cds-YP_009724389.1	TCA	S	TCG	S	4264
NC_045512.2	13057	A	G	19000	9651	37	1	0	34	5.2626e-05	19002	0.999999	FALSE	ORF1ab:cds-YP_009725295.1	TCA	S	TCG	S	4264
NC_045512.2	13057	A	C	19000	9651	37	1	1	34	5.2626e-05	19002	0.999999	FALSE	ORF1ab:cds-YP_009724389.1	TCA	S	TCC	S	4264
NC_045512.2	13057	A	C	19000	9651	37	1	1	34	5.2626e-05	19002	0.999999	FALSE	ORF1ab:cds-YP_009725295.1	TCA	S	TCC	S	4264
NC_045512.2	13058	A	T	18583	9606	37	1	1	26	5.38097e-05	18584	1	FALSE	ORF1ab:cds-YP_009724389.1	ACT	T	TCT	S	4265
NC_045512.2	13058	A	T	18583	9606	37	1	1	26	5.38097e-05	18584	1	FALSE	ORF1ab:cds-YP_009725295.1	ACT	T	TCT	S	4265
NC_045512.2	13060	T	C	18500	9792	37	3	3	34	0.000162127	18504	0.99989	FALSE	ORF1ab:cds-YP_009724389.1	ACT	T	ACC	T	4265
NC_045512.2	13060	T	C	18500	9792	37	3	3	34	0.000162127	18504	0.99989	FALSE	ORF1ab:cds-YP_009725295.1	ACT	T	ACC	T	4265
NC_045512.2	13060	T	A	18500	9792	37	1	0	34	5.40424e-05	18504	0.999998	FALSE	ORF1ab:cds-YP_009724389.1	ACT	T	ACA	T	4265
NC_045512.2	13060	T	A	18500	9792	37	1	0	34	5.40424e-05	18504	0.999998	FALSE	ORF1ab:cds-YP_009725295.1	ACT	T	ACA	T	4265
NC_045512.2	13061	G	T	19251	9943	37	2	0	26	0.000103869	19255	1	FALSE	ORF1ab:cds-YP_009724389.1	GTA	V	TTA	L	4266
NC_045512.2	13061	G	T	19251	9943	37	2	0	26	0.000103869	19255	1	FALSE	ORF1ab:cds-YP_009725295.1	GTA	V	TTA	L	4266
NC_045512.2	13061	G	C	19251	9943	37	1	1	26	5.19346e-05	19255	1	FALSE	ORF1ab:cds-YP_009724389.1	GTA	V	CTA	L	4266
NC_045512.2	13061	G	C	19251	9943	37	1	1	26	5.19346e-05	19255	1	FALSE	ORF1ab:cds-YP_009725295.1	GTA	V	CTA	L	4266
NC_045512.2	13061	G	A	19251	9943	37	1	1	34	5.19346e-05	19255	0.999999	FALSE	ORF1ab:cds-YP_009724389.1	GTA	V	ATA	I	4266
NC_045512.2	13061	G	A	19251	9943	37	1	1	34	5.19346e-05	19255	0.999999	FALSE	ORF1ab:cds-YP_009725295.1	GTA	V	ATA	I	4266
NC_045512.2	13062	T	G	18800	9554	37	3	0	34	0.000159515	18807	0.99989	FALSE	ORF1ab:cds-YP_009724389.1	GTA	V	GGA	G	4266
NC_045512.2	13062	T	G	18800	9554	37	3	0	34	0.000159515	18807	0.99989	FALSE	ORF1ab:cds-YP_009725295.1	GTA	V	GGA	G	4266
NC_045512.2	13062	T	C	18800	9554	37	3	2	34	0.000159515	18807	0.99989	FALSE	ORF1ab:cds-YP_009724389.1	GTA	V	GCA	A	4266
NC_045512.2	13062	T	C	18800	9554	37	3	2	34	0.000159515	18807	0.99989	FALSE	ORF1ab:cds-YP_009725295.1	GTA	V	GCA	A	4266
NC_045512.2	13062	T	A	18800	9554	37	1	0	26	5.31717e-05	18807	1	FALSE	ORF1ab:cds-YP_009724389.1	GTA	V	GAA	E	4266
NC_045512.2	13062	T	A	18800	9554	37	1	0	26	5.31717e-05	18807	1	FALSE	ORF1ab:cds-YP_009725295.1	GTA	V	GAA	E	4266
NC_045512.2	13064	T	C	19503	10400	37	2	0	34	0.000102538	19505	0.99999	FALSE	ORF1ab:cds-YP_009724389.1	TTA	L	CTA	L	4267
NC_045512.2	13064	T	C	19503	10400	37	2	0	34	0.000102538	19505	0.99999	FALSE	ORF1ab:cds-YP_009725295.1	TTA	L	CTA	L	4267
NC_045512.2	13065	T	C	18582	10020	37	2	2	34	0.000107614	18585	0.99998	FALSE	ORF1ab:cds-YP_009724389.1	TTA	L	TCA	S	4267
NC_045512.2	13065	T	C	18582	10020	37	2	2	34	0.000107614	18585	0.99998	FALSE	ORF1ab:cds-YP_009725295.1	TTA	L	TCA	S	4267
NC_045512.2	13065	T	A	18582	10020	37	1	1	34	5.38068e-05	18585	0.999998	FALSE	ORF1ab:cds-YP_009724389.1	TTA	L	TAA	*	4267
NC_045512.2	13065	T	A	18582	10020	37	1	1	34	5.38068e-05	18585	0.999998	FALSE	ORF1ab:cds-YP_009725295.1	TTA	L	TAA	*	4267
NC_045512.2	13066	A	T	19698	11259	37	2	1	26	0.000101518	19701	1	FALSE	ORF1ab:cds-YP_009724389.1	TTA	L	TTT	F	4267
NC_045512.2	13066	A	T	19698	11259	37	2	1	26	0.000101518	19701	1	FALSE	ORF1ab:cds-YP_009725295.1	TTA	L	TTT	F	4267
NC_045512.2	13066	A	C	19698	11259	37	1	1	34	5.07588e-05	19701	0.999999	FALSE	ORF1ab:cds-YP_009724389.1	TTA	L	TTC	F	4267
NC_045512.2	13066	A	C	19698	11259	37	1	1	34	5.07588e-05	19701	0.999999	FALSE	ORF1ab:cds-YP_009725295.1	TTA	L	TTC	F	4267
NC_045512.2	13067	T	G	18627	9742	36	1	0	34	5.36769e-05	18630	0.999998	FALSE	ORF1ab:cds-YP_009724389.1	TCT	S	GCT	A	4268
NC_045512.2	13067	T	G	18627	9742	36	1	0	34	5.36769e-05	18630	0.999998	FALSE	ORF1ab:cds-YP_009725295.1	TCT	S	GCT	A	4268
NC_045512.2	13067	T	C	18627	9742	36	2	2	51	0.000107354	18630	0.249993	FALSE	ORF1ab:cds-YP_009724389.1	TCT	S	CCT	P	4268
NC_045512.2	13067	T	C	18627	9742	36	2	2	51	0.000107354	18630	0.249993	FALSE	ORF1ab:cds-YP_009725295.1	TCT	S	CCT	P	4268
NC_045512.2	13068	C	T	21141	12409	38	1	0	68	4.72947e-05	21144	0.499988	FALSE	ORF1ab:cds-YP_009724389.1	TCT	S	TTT	F	4268
NC_045512.2	13068	C	T	21141	12409	38	1	0	68	4.72947e-05	21144	0.499988	FALSE	ORF1ab:cds-YP_009725295.1	TCT	S	TTT	F	4268
NC_045512.2	13068	C	G	21141	12409	38	2	0	30	9.45895e-05	21144	0.999997	FALSE	ORF1ab:cds-YP_009724389.1	TCT	S	TGT	C	4268
NC_045512.2	13068	C	G	21141	12409	38	2	0	30	9.45895e-05	21144	0.999997	FALSE	ORF1ab:cds-YP_009725295.1	TCT	S	TGT	C	4268
NC_045512.2	13069	T	G	21074	12331	38	2	1	51	9.48857e-05	21078	0.249982	FALSE	ORF1ab:cds-YP_009724389.1	TCT	S	TCG	S	4268
NC_045512.2	13069	T	G	21074	12331	38	2	1	51	9.48857e-05	21078	0.249982	FALSE	ORF1ab:cds-YP_009725295.1	TCT	S	TCG	S	4268
NC_045512.2	13069	T	C	21074	12331	38	2	1	34	9.48857e-05	21078	0.999997	FALSE	ORF1ab:cds-YP_009724389.1	TCT	S	TCC	S	4268
NC_045512.2	13069	T	C	21074	12331	38	2	1	34	9.48857e-05	21078	0.999997	FALSE	ORF1ab:cds-YP_009725295.1	TCT	S	TCC	S	4268
NC_045512.2	13070	T	G	20621	12175	39	2	2	34	9.69697e-05	20625	0.999995	FALSE	ORF1ab:cds-YP_009724389.1	TTC	F	GTC	V	4269
NC_045512.2	13070	T	G	20621	12175	39	2	2	34	9.69697e-05	20625	0.999995	FALSE	ORF1ab:cds-YP_009725295.1	TTC	F	GTC	V	4269
NC_045512.2	13070	T	C	20621	12175	39	2	1	34	9.69697e-05	20625	0.999995	FALSE	ORF1ab:cds-YP_009724389.1	TTC	F	CTC	L	4269
NC_045512.2	13070	T	C	20621	12175	39	2	1	34	9.69697e-05	20625	0.999995	FALSE	ORF1ab:cds-YP_009725295.1	TTC	F	CTC	L	4269
NC_045512.2	13071	T	C	20720	12257	39	1	1	27	4.82602e-05	20721	1	FALSE	ORF1ab:cds-YP_009724389.1	TTC	F	TCC	S	4269
NC_045512.2	13071	T	C	20720	12257	39	1	1	27	4.82602e-05	20721	1	FALSE	ORF1ab:cds-YP_009725295.1	TTC	F	TCC	S	4269
NC_045512.2	13073	T	C	19839	12156	38	1	0	34	5.04032e-05	19840	0.999999	FALSE	ORF1ab:cds-YP_009724389.1	TGT	C	CGT	R	4270
NC_045512.2	13073	T	C	19839	12156	38	1	0	34	5.04032e-05	19840	0.999999	FALSE	ORF1ab:cds-YP_009725295.1	TGT	C	CGT	R	4270
NC_045512.2	13074	G	T	20265	12465	39	1	0	34	4.93437e-05	20266	1	FALSE	ORF1ab:cds-YP_009724389.1	TGT	C	TTT	F	4270
NC_045512.2	13074	G	T	20265	12465	39	1	0	34	4.93437e-05	20266	1	FALSE	ORF1ab:cds-YP_009725295.1	TGT	C	TTT	F	4270
NC_045512.2	13075	T	C	19902	12228	38	2	1	34	0.000100477	19905	0.99999	FALSE	ORF1ab:cds-YP_009724389.1	TGT	C	TGC	C	4270
NC_045512.2	13075	T	C	19902	12228	38	2	1	34	0.000100477	19905	0.99999	FALSE	ORF1ab:cds-YP_009725295.1	TGT	C	TGC	C	4270
NC_045512.2	13075	T	A	19902	12228	38	1	1	34	5.02386e-05	19905	0.999999	FALSE	ORF1ab:cds-YP_009724389.1	TGT	C	TGA	*	4270
NC_045512.2	13075	T	A	19902	12228	38	1	1	34	5.02386e-05	19905	0.999999	FALSE	ORF1ab:cds-YP_009725295.1	TGT	C	TGA	*	4270
NC_045512.2	13076	G	A	20095	12320	39	1	1	34	4.97611e-05	20096	1	FALSE	ORF1ab:cds-YP_009724389.1	GCT	A	ACT	T	4271
NC_045512.2	13076	G	A	20095	12320	39	1	1	34	4.97611e-05	20096	1	FALSE	ORF1ab:cds-YP_009725295.1	GCT	A	ACT	T	4271
NC_045512.2	13077	C	T	22711	16346	39	1	1	34	4.40257e-05	22714	1	FALSE	ORF1ab:cds-YP_009724389.1	GCT	A	GTT	V	4271
NC_045512.2	13077	C	T	22711	16346	39	1	1	34	4.40257e-05	22714	1	FALSE	ORF1ab:cds-YP_009725295.1	GCT	A	GTT	V	4271
NC_045512.2	13077	C	A	22711	16346	39	2	2	30	8.80514e-05	22714	0.999999	FALSE	ORF1ab:cds-YP_009724389.1	GCT	A	GAT	D	4271
NC_045512.2	13077	C	A	22711	16346	39	2	2	30	8.80514e-05	22714	0.999999	FALSE	ORF1ab:cds-YP_009725295.1	GCT	A	GAT	D	4271
NC_045512.2	13078	T	G	22666	16303	39	1	1	34	4.41151e-05	22668	1	FALSE	ORF1ab:cds-YP_009724389.1	GCT	A	GCG	A	4271
NC_045512.2	13078	T	G	22666	16303	39	1	1	34	4.41151e-05	22668	1	FALSE	ORF1ab:cds-YP_009725295.1	GCT	A	GCG	A	4271
NC_045512.2	13078	T	C	22666	16303	39	1	1	34	4.41151e-05	22668	1	FALSE	ORF1ab:cds-YP_009724389.1	GCT	A	GCC	A	4271
NC_045512.2	13078	T	C	22666	16303	39	1	1	34	4.41151e-05	22668	1	FALSE	ORF1ab:cds-YP_009725295.1	GCT	A	GCC	A	4271
NC_045512.2	13079	T	G	17374	11048	37	2	2	30	0.000115048	17384	0.999962	FALSE	ORF1ab:cds-YP_009724389.1	TTT	F	GTT	V	4272
NC_045512.2	13079	T	G	17374	11048	37	2	2	30	0.000115048	17384	0.999962	FALSE	ORF1ab:cds-YP_009725295.1	TTT	F	GTT	V	4272
NC_045512.2	13079	T	C	17374	11048	37	8	7	38	0.000460193	17384	0.978387	FALSE	ORF1ab:cds-YP_009724389.1	TTT	F	CTT	L	4272
NC_045512.2	13079	T	C	17374	11048	37	8	7	38	0.000460193	17384	0.978387	FALSE	ORF1ab:cds-YP_009725295.1	TTT	F	CTT	L	4272
NC_045512.2	13080	T	C	22835	16550	40	5	4	47	0.000218914	22840	0.226562	FALSE	ORF1ab:cds-YP_009724389.1	TTT	F	TCT	S	4272
NC_045512.2	13080	T	C	22835	16550	40	5	4	47	0.000218914	22840	0.226562	FALSE	ORF1ab:cds-YP_009725295.1	TTT	F	TCT	S	4272
NC_045512.2	13081	T	C	23388	17252	40	1	1	34	4.27551e-05	23389	1	FALSE	ORF1ab:cds-YP_009724389.1	TTT	F	TTC	F	4272
NC_045512.2	13081	T	C	23388	17252	40	1	1	34	4.27551e-05	23389	1	FALSE	ORF1ab:cds-YP_009725295.1	TTT	F	TTC	F	4272
NC_045512.2	13082	G	T	23462	17282	40	1	0	34	4.26167e-05	23465	1	FALSE	ORF1ab:cds-YP_009724389.1	GCT	A	TCT	S	4273
NC_045512.2	13082	G	T	23462	17282	40	1	0	34	4.26167e-05	23465	1	FALSE	ORF1ab:cds-YP_009725295.1	GCT	A	TCT	S	4273
NC_045512.2	13082	G	A	23462	17282	40	2	2	34	8.52333e-05	23465	0.999999	FALSE	ORF1ab:cds-YP_009724389.1	GCT	A	ACT	T	4273
NC_045512.2	13082	G	A	23462	17282	40	2	2	34	8.52333e-05	23465	0.999999	FALSE	ORF1ab:cds-YP_009725295.1	GCT	A	ACT	T	4273
NC_045512.2	13083	C	A	23066	17778	39	1	1	26	4.3352e-05	23067	1	FALSE	ORF1ab:cds-YP_009724389.1	GCT	A	GAT	D	4273
NC_045512.2	13083	C	A	23066	17778	39	1	1	26	4.3352e-05	23067	1	FALSE	ORF1ab:cds-YP_009725295.1	GCT	A	GAT	D	4273
NC_045512.2	13084	T	A	22884	17572	39	1	1	26	4.36967e-05	22885	1	FALSE	ORF1ab:cds-YP_009724389.1	GCT	A	GCA	A	4273
NC_045512.2	13084	T	A	22884	17572	39	1	1	26	4.36967e-05	22885	1	FALSE	ORF1ab:cds-YP_009725295.1	GCT	A	GCA	A	4273
NC_045512.2	13085	G	C	23077	17708	39	1	1	26	4.33313e-05	23078	1	FALSE	ORF1ab:cds-YP_009724389.1	GTA	V	CTA	L	4274
NC_045512.2	13085	G	C	23077	17708	39	1	1	26	4.33313e-05	23078	1	FALSE	ORF1ab:cds-YP_009725295.1	GTA	V	CTA	L	4274
NC_045512.2	13086	T	C	23337	18087	39	3	3	34	0.000128535	23340	0.999995	FALSE	ORF1ab:cds-YP_009724389.1	GTA	V	GCA	A	4274
NC_045512.2	13086	T	C	23337	18087	39	3	3	34	0.000128535	23340	0.999995	FALSE	ORF1ab:cds-YP_009725295.1	GTA	V	GCA	A	4274
NC_045512.2	13087	A	G	23402	18173	39	1	0	34	4.27296e-05	23403	1	FALSE	ORF1ab:cds-YP_009724389.1	GTA	V	GTG	V	4274
NC_045512.2	13087	A	G	23402	18173	39	1	0	34	4.27296e-05	23403	1	FALSE	ORF1ab:cds-YP_009725295.1	GTA	V	GTG	V	4274
NC_045512.2	13089	A	G	23062	18070	38	5	2	29	0.00021676	23067	1	FALSE	ORF1ab:cds-YP_009724389.1	GAT	D	GGT	G	4275
NC_045512.2	13089	A	G	23062	18070	38	5	2	29	0.00021676	23067	1	FALSE	ORF1ab:cds-YP_009725295.1	GAT	D	GGT	G	4275
NC_045512.2	13090	T	C	23122	18396	38	2	2	34	8.64902e-05	23124	0.999999	FALSE	ORF1ab:cds-YP_009724389.1	GAT	D	GAC	D	4275
NC_045512.2	13090	T	C	23122	18396	38	2	2	34	8.64902e-05	23124	0.999999	FALSE	ORF1ab:cds-YP_009725295.1	GAT	D	GAC	D	4275
NC_045512.2	13091	G	A	22578	17874	38	1	1	34	4.42889e-05	22579	1	FALSE	ORF1ab:cds-YP_009724389.1	GCT	A	ACT	T	4276
NC_045512.2	13091	G	A	22578	17874	38	1	1	34	4.42889e-05	22579	1	FALSE	ORF1ab:cds-YP_009725295.1	GCT	A	ACT	T	4276
NC_045512.2	13092	C	T	23709	19186	38	3	1	34	0.000126518	23712	0.999995	FALSE	ORF1ab:cds-YP_009724389.1	GCT	A	GTT	V	4276
NC_045512.2	13092	C	T	23709	19186	38	3	1	34	0.000126518	23712	0.999995	FALSE	ORF1ab:cds-YP_009725295.1	GCT	A	GTT	V	4276
NC_045512.2	13093	T	G	23539	19011	38	2	2	32	8.49401e-05	23546	0.999999	FALSE	ORF1ab:cds-YP_009724389.1	GCT	A	GCG	A	4276
NC_045512.2	13093	T	G	23539	19011	38	2	2	32	8.49401e-05	23546	0.999999	FALSE	ORF1ab:cds-YP_009725295.1	GCT	A	GCG	A	4276
NC_045512.2	13093	T	C	23539	19011	38	3	2	56	0.00012741	23546	0.124968	FALSE	ORF1ab:cds-YP_009724389.1	GCT	A	GCC	A	4276
NC_045512.2	13093	T	C	23539	19011	38	3	2	56	0.00012741	23546	0.124968	FALSE	ORF1ab:cds-YP_009725295.1	GCT	A	GCC	A	4276
NC_045512.2	13093	T	A	23539	19011	38	2	2	30	8.49401e-05	23546	0.999999	FALSE	ORF1ab:cds-YP_009724389.1	GCT	A	GCA	A	4276
NC_045512.2	13093	T	A	23539	19011	38	2	2	30	8.49401e-05	23546	0.999999	FALSE	ORF1ab:cds-YP_009725295.1	GCT	A	GCA	A	4276
NC_045512.2	13094	G	A	23981	19342	39	2	2	34	8.33924e-05	23983	0.999999	FALSE	ORF1ab:cds-YP_009724389.1	GCT	A	ACT	T	4277
NC_045512.2	13094	G	A	23981	19342	39	2	2	34	8.33924e-05	23983	0.999999	FALSE	ORF1ab:cds-YP_009725295.1	GCT	A	ACT	T	4277
NC_045512.2	13095	C	T	24129	19545	39	1	1	34	4.14422e-05	24130	1	FALSE	ORF1ab:cds-YP_009724389.1	GCT	A	GTT	V	4277
NC_045512.2	13095	C	T	24129	19545	39	1	1	34	4.14422e-05	24130	1	FALSE	ORF1ab:cds-YP_009725295.1	GCT	A	GTT	V	4277
NC_045512.2	13096	T	G	23890	19326	39	1	0	34	4.18568e-05	23891	1	FALSE	ORF1ab:cds-YP_009724389.1	GCT	A	GCG	A	4277
NC_045512.2	13096	T	G	23890	19326	39	1	0	34	4.18568e-05	23891	1	FALSE	ORF1ab:cds-YP_009725295.1	GCT	A	GCG	A	4277
NC_045512.2	13097	A	G	23856	19367	38	2	2	34	8.38293e-05	23858	0.999999	FALSE	ORF1ab:cds-YP_009724389.1	AAA	K	GAA	E	4278
NC_045512.2	13097	A	G	23856	19367	38	2	2	34	8.38293e-05	23858	0.999999	FALSE	ORF1ab:cds-YP_009725295.1	AAA	K	GAA	E	4278
NC_045512.2	13099	A	T	24087	19444	38	1	1	34	4.15127e-05	24089	1	FALSE	ORF1ab:cds-YP_009724389.1	AAA	K	AAT	N	4278
NC_045512.2	13099	A	T	24087	19444	38	1	1	34	4.15127e-05	24089	1	FALSE	ORF1ab:cds-YP_009725295.1	AAA	K	AAT	N	4278
NC_045512.2	13099	A	C	24087	19444	38	1	1	34	4.15127e-05	24089	1	FALSE	ORF1ab:cds-YP_009724389.1	AAA	K	AAC	N	4278
NC_045512.2	13099	A	C	24087	19444	38	1	1	34	4.15127e-05	24089	1	FALSE	ORF1ab:cds-YP_009725295.1	AAA	K	AAC	N	4278
NC_045512.2	13100	G	T	24149	19509	38	1	0	52	4.14044e-05	24152	0.49999	FALSE	ORF1ab:cds-YP_009724389.1	GCT	A	TCT	S	4279
NC_045512.2	13100	G	T	24149	19509	38	1	0	52	4.14044e-05	24152	0.49999	FALSE	ORF1ab:cds-YP_009725295.1	GCT	A	TCT	S	4279
NC_045512.2	13100	G	A	24149	19509	38	2	2	30	8.28089e-05	24152	1	FALSE	ORF1ab:cds-YP_009724389.1	GCT	A	ACT	T	4279
NC_045512.2	13100	G	A	24149	19509	38	2	2	30	8.28089e-05	24152	1	FALSE	ORF1ab:cds-YP_009725295.1	GCT	A	ACT	T	4279
NC_045512.2	13103	T	C	24262	19831	39	3	0	45	0.00012363	24266	0.5	FALSE	ORF1ab:cds-YP_009724389.1	TAC	Y	CAC	H	4280
NC_045512.2	13103	T	C	24262	19831	39	3	0	45	0.00012363	24266	0.5	FALSE	ORF1ab:cds-YP_009725295.1	TAC	Y	CAC	H	4280
NC_045512.2	13103	T	A	24262	19831	39	1	1	26	4.12099e-05	24266	1	FALSE	ORF1ab:cds-YP_009724389.1	TAC	Y	AAC	N	4280
NC_045512.2	13103	T	A	24262	19831	39	1	1	26	4.12099e-05	24266	1	FALSE	ORF1ab:cds-YP_009725295.1	TAC	Y	AAC	N	4280
NC_045512.2	13104	A	T	23916	19568	38	1	1	26	4.18078e-05	23919	1	FALSE	ORF1ab:cds-YP_009724389.1	TAC	Y	TTC	F	4280
NC_045512.2	13104	A	T	23916	19568	38	1	1	26	4.18078e-05	23919	1	FALSE	ORF1ab:cds-YP_009725295.1	TAC	Y	TTC	F	4280
NC_045512.2	13104	A	G	23916	19568	38	2	1	34	8.36155e-05	23919	0.999999	FALSE	ORF1ab:cds-YP_009724389.1	TAC	Y	TGC	C	4280
NC_045512.2	13104	A	G	23916	19568	38	2	1	34	8.36155e-05	23919	0.999999	FALSE	ORF1ab:cds-YP_009725295.1	TAC	Y	TGC	C	4280
NC_045512.2	13105	C	G	24267	19958	39	1	0	68	4.12065e-05	24268	0.50001	FALSE	ORF1ab:cds-YP_009724389.1	TAC	Y	TAG	*	4280
NC_045512.2	13105	C	G	24267	19958	39	1	0	68	4.12065e-05	24268	0.50001	FALSE	ORF1ab:cds-YP_009725295.1	TAC	Y	TAG	*	4280
NC_045512.2	13106	A	T	23978	19687	39	3	3	28	0.000125073	23986	1	FALSE	ORF1ab:cds-YP_009724389.1	AAA	K	TAA	*	4281
NC_045512.2	13106	A	T	23978	19687	39	3	3	28	0.000125073	23986	1	FALSE	ORF1ab:cds-YP_009725295.1	AAA	K	TAA	*	4281
NC_045512.2	13106	A	G	23978	19687	39	5	3	34	0.000208455	23986	0.99991	FALSE	ORF1ab:cds-YP_009724389.1	AAA	K	GAA	E	4281
NC_045512.2	13106	A	G	23978	19687	39	5	3	34	0.000208455	23986	0.99991	FALSE	ORF1ab:cds-YP_009725295.1	AAA	K	GAA	E	4281
NC_045512.2	13107	A	T	24196	19910	39	1	1	26	4.1324e-05	24199	1	FALSE	ORF1ab:cds-YP_009724389.1	AAA	K	ATA	I	4281
NC_045512.2	13107	A	T	24196	19910	39	1	1	26	4.1324e-05	24199	1	FALSE	ORF1ab:cds-YP_009725295.1	AAA	K	ATA	I	4281
NC_045512.2	13107	A	G	24196	19910	39	2	1	34	8.2648e-05	24199	1	FALSE	ORF1ab:cds-YP_009724389.1	AAA	K	AGA	R	4281
NC_045512.2	13107	A	G	24196	19910	39	2	1	34	8.2648e-05	24199	1	FALSE	ORF1ab:cds-YP_009725295.1	AAA	K	AGA	R	4281
NC_045512.2	13108	A	G	24018	19883	38	1	0	26	4.16302e-05	24021	1	FALSE	ORF1ab:cds-YP_009724389.1	AAA	K	AAG	K	4281
NC_045512.2	13108	A	G	24018	19883	38	1	0	26	4.16302e-05	24021	1	FALSE	ORF1ab:cds-YP_009725295.1	AAA	K	AAG	K	4281
NC_045512.2	13108	A	C	24018	19883	38	2	2	30	8.32605e-05	24021	1	FALSE	ORF1ab:cds-YP_009724389.1	AAA	K	AAC	N	4281
NC_045512.2	13108	A	C	24018	19883	38	2	2	30	8.32605e-05	24021	1	FALSE	ORF1ab:cds-YP_009725295.1	AAA	K	AAC	N	4281
NC_045512.2	13109	G	A	24158	19956	38	2	1	51	8.27815e-05	24160	0.250005	FALSE	ORF1ab:cds-YP_009724389.1	GAT	D	AAT	N	4282
NC_045512.2	13109	G	A	24158	19956	38	2	1	51	8.27815e-05	24160	0.250005	FALSE	ORF1ab:cds-YP_009725295.1	GAT	D	AAT	N	4282
NC_045512.2	13110	A	T	23689	19777	38	3	2	31	0.00012662	23693	0.999995	FALSE	ORF1ab:cds-YP_009724389.1	GAT	D	GTT	V	4282
NC_045512.2	13110	A	T	23689	19777	38	3	2	31	0.00012662	23693	0.999995	FALSE	ORF1ab:cds-YP_009725295.1	GAT	D	GTT	V	4282
NC_045512.2	13110	A	C	23689	19777	38	1	1	34	4.22066e-05	23693	1	FALSE	ORF1ab:cds-YP_009724389.1	GAT	D	GCT	A	4282
NC_045512.2	13110	A	C	23689	19777	38	1	1	34	4.22066e-05	23693	1	FALSE	ORF1ab:cds-YP_009725295.1	GAT	D	GCT	A	4282
NC_045512.2	13111	T	C	24038	19917	38	1	0	34	4.15991e-05	24039	1	FALSE	ORF1ab:cds-YP_009724389.1	GAT	D	GAC	D	4282
NC_045512.2	13111	T	C	24038	19917	38	1	0	34	4.15991e-05	24039	1	FALSE	ORF1ab:cds-YP_009725295.1	GAT	D	GAC	D	4282
NC_045512.2	13112	T	C	23542	19735	37	2	2	34	8.49437e-05	23545	0.999999	FALSE	ORF1ab:cds-YP_009724389.1	TAT	Y	CAT	H	4283
NC_045512.2	13112	T	C	23542	19735	37	2	2	34	8.49437e-05	23545	0.999999	FALSE	ORF1ab:cds-YP_009725295.1	TAT	Y	CAT	H	4283
NC_045512.2	13112	T	A	23542	19735	37	1	0	27	4.24719e-05	23545	1	FALSE	ORF1ab:cds-YP_009724389.1	TAT	Y	AAT	N	4283
NC_045512.2	13112	T	A	23542	19735	37	1	0	27	4.24719e-05	23545	1	FALSE	ORF1ab:cds-YP_009725295.1	TAT	Y	AAT	N	4283
NC_045512.2	13113	A	G	25375	21755	38	1	1	34	3.94073e-05	25376	1	FALSE	ORF1ab:cds-YP_009724389.1	TAT	Y	TGT	C	4283
NC_045512.2	13113	A	G	25375	21755	38	1	1	34	3.94073e-05	25376	1	FALSE	ORF1ab:cds-YP_009725295.1	TAT	Y	TGT	C	4283
NC_045512.2	13114	T	C	22229	18594	36	3	2	45	0.000134941	22232	0.500021	FALSE	ORF1ab:cds-YP_009724389.1	TAT	Y	TAC	Y	4283
NC_045512.2	13114	T	C	22229	18594	36	3	2	45	0.000134941	22232	0.500021	FALSE	ORF1ab:cds-YP_009725295.1	TAT	Y	TAC	Y	4283
NC_045512.2	13115	C	G	25690	22339	38	1	1	34	3.89241e-05	25691	1	FALSE	ORF1ab:cds-YP_009724389.1	CTA	L	GTA	V	4284
NC_045512.2	13115	C	G	25690	22339	38	1	1	34	3.89241e-05	25691	1	FALSE	ORF1ab:cds-YP_009725295.1	CTA	L	GTA	V	4284
NC_045512.2	13116	T	C	25733	22404	38	11	10	35	0.000427284	25744	0.99435	FALSE	ORF1ab:cds-YP_009724389.1	CTA	L	CCA	P	4284
NC_045512.2	13116	T	C	25733	22404	38	11	10	35	0.000427284	25744	0.99435	FALSE	ORF1ab:cds-YP_009725295.1	CTA	L	CCA	P	4284
NC_045512.2	13117	A	G	25615	22178	38	4	3	42	0.000156134	25619	0.343759	FALSE	ORF1ab:cds-YP_009724389.1	CTA	L	CTG	L	4284
NC_045512.2	13117	A	G	25615	22178	38	4	3	42	0.000156134	25619	0.343759	FALSE	ORF1ab:cds-YP_009725295.1	CTA	L	CTG	L	4284
NC_045512.2	13118	G	C	25504	22328	38	1	1	26	3.9208e-05	25505	1	FALSE	ORF1ab:cds-YP_009724389.1	GCT	A	CCT	P	4285
NC_045512.2	13118	G	C	25504	22328	38	1	1	26	3.9208e-05	25505	1	FALSE	ORF1ab:cds-YP_009725295.1	GCT	A	CCT	P	4285
NC_045512.2	13120	T	C	24992	22133	37	3	3	45	0.000120024	24995	0.500019	FALSE	ORF1ab:cds-YP_009724389.1	GCT	A	GCC	A	4285
NC_045512.2	13120	T	C	24992	22133	37	3	3	45	0.000120024	24995	0.500019	FALSE	ORF1ab:cds-YP_009725295.1	GCT	A	GCC	A	4285
NC_045512.2	13121	A	T	25090	22235	37	1	1	26	3.98533e-05	25092	1	FALSE	ORF1ab:cds-YP_009724389.1	AGT	S	TGT	C	4286
NC_045512.2	13121	A	T	25090	22235	37	1	1	26	3.98533e-05	25092	1	FALSE	ORF1ab:cds-YP_009725295.1	AGT	S	TGT	C	4286
NC_045512.2	13121	A	G	25090	22235	37	1	1	34	3.98533e-05	25092	1	FALSE	ORF1ab:cds-YP_009724389.1	AGT	S	GGT	G	4286
NC_045512.2	13121	A	G	25090	22235	37	1	1	34	3.98533e-05	25092	1	FALSE	ORF1ab:cds-YP_009725295.1	AGT	S	GGT	G	4286
NC_045512.2	13123	T	G	24643	21859	37	1	1	34	4.05778e-05	24644	1	FALSE	ORF1ab:cds-YP_009724389.1	AGT	S	AGG	R	4286
NC_045512.2	13123	T	G	24643	21859	37	1	1	34	4.05778e-05	24644	1	FALSE	ORF1ab:cds-YP_009725295.1	AGT	S	AGG	R	4286
NC_045512.2	13124	G	C	25585	22802	37	2	2	30	7.81647e-05	25587	1	FALSE	ORF1ab:cds-YP_009724389.1	GGG	G	CGG	R	4287
NC_045512.2	13124	G	C	25585	22802	37	2	2	30	7.81647e-05	25587	1	FALSE	ORF1ab:cds-YP_009725295.1	GGG	G	CGG	R	4287
NC_045512.2	13125	G	T	25579	22859	37	2	2	34	7.8183e-05	25581	1	FALSE	ORF1ab:cds-YP_009724389.1	GGG	G	GTG	V	4287
NC_045512.2	13125	G	T	25579	22859	37	2	2	34	7.8183e-05	25581	1	FALSE	ORF1ab:cds-YP_009725295.1	GGG	G	GTG	V	4287
NC_045512.2	13126	G	C	25353	22671	37	1	1	34	3.94384e-05	25356	1	FALSE	ORF1ab:cds-YP_009724389.1	GGG	G	GGC	G	4287
NC_045512.2	13126	G	C	25353	22671	37	1	1	34	3.94384e-05	25356	1	FALSE	ORF1ab:cds-YP_009725295.1	GGG	G	GGC	G	4287
NC_045512.2	13126	G	A	25353	22671	37	2	2	40	7.88768e-05	25356	0.687507	FALSE	ORF1ab:cds-YP_009724389.1	GGG	G	GGA	G	4287
NC_045512.2	13126	G	A	25353	22671	37	2	2	40	7.88768e-05	25356	0.687507	FALSE	ORF1ab:cds-YP_009725295.1	GGG	G	GGA	G	4287
NC_045512.2	13127	G	T	25112	22467	37	3	3	34	0.000119436	25118	0.999998	FALSE	ORF1ab:cds-YP_009724389.1	GGA	G	TGA	*	4288
NC_045512.2	13127	G	T	25112	22467	37	3	3	34	0.000119436	25118	0.999998	FALSE	ORF1ab:cds-YP_009725295.1	GGA	G	TGA	*	4288
NC_045512.2	13127	G	C	25112	22467	37	2	2	30	7.96242e-05	25118	1	FALSE	ORF1ab:cds-YP_009724389.1	GGA	G	CGA	R	4288
NC_045512.2	13127	G	C	25112	22467	37	2	2	30	7.96242e-05	25118	1	FALSE	ORF1ab:cds-YP_009725295.1	GGA	G	CGA	R	4288
NC_045512.2	13127	G	A	25112	22467	37	1	1	34	3.98121e-05	25118	1	FALSE	ORF1ab:cds-YP_009724389.1	GGA	G	AGA	R	4288
NC_045512.2	13127	G	A	25112	22467	37	1	1	34	3.98121e-05	25118	1	FALSE	ORF1ab:cds-YP_009725295.1	GGA	G	AGA	R	4288
NC_045512.2	13129	A	G	25181	22705	37	6	6	38	0.000238209	25188	0.999904	FALSE	ORF1ab:cds-YP_009724389.1	GGA	G	GGG	G	4288
NC_045512.2	13129	A	G	25181	22705	37	6	6	38	0.000238209	25188	0.999904	FALSE	ORF1ab:cds-YP_009725295.1	GGA	G	GGG	G	4288
NC_045512.2	13129	A	C	25181	22705	37	1	1	34	3.97014e-05	25188	1	FALSE	ORF1ab:cds-YP_009724389.1	GGA	G	GGC	G	4288
NC_045512.2	13129	A	C	25181	22705	37	1	1	34	3.97014e-05	25188	1	FALSE	ORF1ab:cds-YP_009725295.1	GGA	G	GGC	G	4288
NC_045512.2	13130	C	T	25490	23039	37	2	2	34	7.84406e-05	25497	1	FALSE	ORF1ab:cds-YP_009724389.1	CAA	Q	TAA	*	4289
NC_045512.2	13130	C	T	25490	23039	37	2	2	34	7.84406e-05	25497	1	FALSE	ORF1ab:cds-YP_009725295.1	CAA	Q	TAA	*	4289
NC_045512.2	13130	C	A	25490	23039	37	5	5	29	0.000196102	25497	1	FALSE	ORF1ab:cds-YP_009724389.1	CAA	Q	AAA	K	4289
NC_045512.2	13130	C	A	25490	23039	37	5	5	29	0.000196102	25497	1	FALSE	ORF1ab:cds-YP_009725295.1	CAA	Q	AAA	K	4289
NC_045512.2	13131	A	T	25690	23392	37	4	4	34	0.000155654	25698	0.999992	FALSE	ORF1ab:cds-YP_009724389.1	CAA	Q	CTA	L	4289
NC_045512.2	13131	A	T	25690	23392	37	4	4	34	0.000155654	25698	0.999992	FALSE	ORF1ab:cds-YP_009725295.1	CAA	Q	CTA	L	4289
NC_045512.2	13131	A	G	25690	23392	37	4	3	40	0.000155654	25698	0.343686	FALSE	ORF1ab:cds-YP_009724389.1	CAA	Q	CGA	R	4289
NC_045512.2	13131	A	G	25690	23392	37	4	3	40	0.000155654	25698	0.343686	FALSE	ORF1ab:cds-YP_009725295.1	CAA	Q	CGA	R	4289
NC_045512.2	13132	A	G	25935	23584	37	1	1	34	3.85564e-05	25936	1	FALSE	ORF1ab:cds-YP_009724389.1	CAA	Q	CAG	Q	4289
NC_045512.2	13132	A	G	25935	23584	37	1	1	34	3.85564e-05	25936	1	FALSE	ORF1ab:cds-YP_009725295.1	CAA	Q	CAG	Q	4289
NC_045512.2	13133	C	A	27116	24975	37	1	1	34	3.68772e-05	27117	1	FALSE	ORF1ab:cds-YP_009724389.1	CCA	P	ACA	T	4290
NC_045512.2	13133	C	A	27116	24975	37	1	1	34	3.68772e-05	27117	1	FALSE	ORF1ab:cds-YP_009725295.1	CCA	P	ACA	T	4290
NC_045512.2	13135	A	T	26328	24216	37	1	1	26	3.79737e-05	26334	1	FALSE	ORF1ab:cds-YP_009724389.1	CCA	P	CCT	P	4290
NC_045512.2	13135	A	T	26328	24216	37	1	1	26	3.79737e-05	26334	1	FALSE	ORF1ab:cds-YP_009725295.1	CCA	P	CCT	P	4290
NC_045512.2	13135	A	G	26328	24216	37	4	3	51	0.000151895	26334	0.0624881	FALSE	ORF1ab:cds-YP_009724389.1	CCA	P	CCG	P	4290
NC_045512.2	13135	A	G	26328	24216	37	4	3	51	0.000151895	26334	0.0624881	FALSE	ORF1ab:cds-YP_009725295.1	CCA	P	CCG	P	4290
NC_045512.2	13135	A	C	26328	24216	37	1	1	34	3.79737e-05	26334	1	FALSE	ORF1ab:cds-YP_009724389.1	CCA	P	CCC	P	4290
NC_045512.2	13135	A	C	26328	24216	37	1	1	34	3.79737e-05	26334	1	FALSE	ORF1ab:cds-YP_009725295.1	CCA	P	CCC	P	4290
NC_045512.2	13136	A	C	26283	24415	36	1	1	34	3.8046e-05	26284	1	FALSE	ORF1ab:cds-YP_009724389.1	ATC	I	CTC	L	4291
NC_045512.2	13136	A	C	26283	24415	36	1	1	34	3.8046e-05	26284	1	FALSE	ORF1ab:cds-YP_009725295.1	ATC	I	CTC	L	4291
NC_045512.2	13137	T	G	25769	23868	36	1	1	34	3.88003e-05	25773	1	FALSE	ORF1ab:cds-YP_009724389.1	ATC	I	AGC	S	4291
NC_045512.2	13137	T	G	25769	23868	36	1	1	34	3.88003e-05	25773	1	FALSE	ORF1ab:cds-YP_009725295.1	ATC	I	AGC	S	4291
NC_045512.2	13137	T	C	25769	23868	36	1	1	26	3.88003e-05	25773	1	FALSE	ORF1ab:cds-YP_009724389.1	ATC	I	ACC	T	4291
NC_045512.2	13137	T	C	25769	23868	36	1	1	26	3.88003e-05	25773	1	FALSE	ORF1ab:cds-YP_009725295.1	ATC	I	ACC	T	4291
NC_045512.2	13137	T	A	25769	23868	36	2	2	34	7.76006e-05	25773	1	FALSE	ORF1ab:cds-YP_009724389.1	ATC	I	AAC	N	4291
NC_045512.2	13137	T	A	25769	23868	36	2	2	34	7.76006e-05	25773	1	FALSE	ORF1ab:cds-YP_009725295.1	ATC	I	AAC	N	4291
NC_045512.2	13139	A	T	26171	24347	37	2	2	30	7.64088e-05	26175	1	FALSE	ORF1ab:cds-YP_009724389.1	ACT	T	TCT	S	4292
NC_045512.2	13139	A	T	26171	24347	37	2	2	30	7.64088e-05	26175	1	FALSE	ORF1ab:cds-YP_009725295.1	ACT	T	TCT	S	4292
NC_045512.2	13139	A	G	26171	24347	37	2	2	34	7.64088e-05	26175	1	FALSE	ORF1ab:cds-YP_009724389.1	ACT	T	GCT	A	4292
NC_045512.2	13139	A	G	26171	24347	37	2	2	34	7.64088e-05	26175	1	FALSE	ORF1ab:cds-YP_009725295.1	ACT	T	GCT	A	4292
NC_045512.2	13140	C	T	26240	24415	37	1	1	34	3.8101e-05	26246	1	FALSE	ORF1ab:cds-YP_009724389.1	ACT	T	ATT	I	4292
NC_045512.2	13140	C	T	26240	24415	37	1	1	34	3.8101e-05	26246	1	FALSE	ORF1ab:cds-YP_009725295.1	ACT	T	ATT	I	4292
NC_045512.2	13140	C	A	26240	24415	37	5	5	29	0.000190505	26246	1	FALSE	ORF1ab:cds-YP_009724389.1	ACT	T	AAT	N	4292
NC_045512.2	13140	C	A	26240	24415	37	5	5	29	0.000190505	26246	1	FALSE	ORF1ab:cds-YP_009725295.1	ACT	T	AAT	N	4292
NC_045512.2	13141	T	C	25388	23578	36	1	1	34	3.93871e-05	25389	1	FALSE	ORF1ab:cds-YP_009724389.1	ACT	T	ACC	T	4292
NC_045512.2	13141	T	C	25388	23578	36	1	1	34	3.93871e-05	25389	1	FALSE	ORF1ab:cds-YP_009725295.1	ACT	T	ACC	T	4292
NC_045512.2	13142	A	G	25324	23522	36	2	2	34	7.89671e-05	25327	1	FALSE	ORF1ab:cds-YP_009724389.1	AAT	N	GAT	D	4293
NC_045512.2	13142	A	G	25324	23522	36	2	2	34	7.89671e-05	25327	1	FALSE	ORF1ab:cds-YP_009725295.1	AAT	N	GAT	D	4293
NC_045512.2	13142	A	C	25324	23522	36	1	1	34	3.94836e-05	25327	1	FALSE	ORF1ab:cds-YP_009724389.1	AAT	N	CAT	H	4293
NC_045512.2	13142	A	C	25324	23522	36	1	1	34	3.94836e-05	25327	1	FALSE	ORF1ab:cds-YP_009725295.1	AAT	N	CAT	H	4293
NC_045512.2	13143	A	T	25633	23854	36	1	1	34	3.90107e-05	25634	1	FALSE	ORF1ab:cds-YP_009724389.1	AAT	N	ATT	I	4293
NC_045512.2	13143	A	T	25633	23854	36	1	1	34	3.90107e-05	25634	1	FALSE	ORF1ab:cds-YP_009725295.1	AAT	N	ATT	I	4293
NC_045512.2	13144	T	C	25899	24135	36	1	1	34	3.861e-05	25900	1	FALSE	ORF1ab:cds-YP_009724389.1	AAT	N	AAC	N	4293
NC_045512.2	13144	T	C	25899	24135	36	1	1	34	3.861e-05	25900	1	FALSE	ORF1ab:cds-YP_009725295.1	AAT	N	AAC	N	4293
NC_045512.2	13145	T	C	25668	23925	36	3	3	34	0.000116863	25671	0.999998	FALSE	ORF1ab:cds-YP_009724389.1	TGT	C	CGT	R	4294
NC_045512.2	13145	T	C	25668	23925	36	3	3	34	0.000116863	25671	0.999998	FALSE	ORF1ab:cds-YP_009725295.1	TGT	C	CGT	R	4294
NC_045512.2	13146	G	T	25546	23784	37	8	8	30	0.000312916	25566	0.99934	FALSE	ORF1ab:cds-YP_009724389.1	TGT	C	TTT	F	4294
NC_045512.2	13146	G	T	25546	23784	37	8	8	30	0.000312916	25566	0.99934	FALSE	ORF1ab:cds-YP_009725295.1	TGT	C	TTT	F	4294
NC_045512.2	13146	G	C	25546	23784	37	12	12	31	0.000469373	25566	0.989963	FALSE	ORF1ab:cds-YP_009724389.1	TGT	C	TCT	S	4294
NC_045512.2	13146	G	C	25546	23784	37	12	12	31	0.000469373	25566	0.989963	FALSE	ORF1ab:cds-YP_009725295.1	TGT	C	TCT	S	4294
NC_045512.2	13147	T	G	24662	22925	36	1	0	27	4.05433e-05	24665	1	FALSE	ORF1ab:cds-YP_009724389.1	TGT	C	TGG	W	4294
NC_045512.2	13147	T	G	24662	22925	36	1	0	27	4.05433e-05	24665	1	FALSE	ORF1ab:cds-YP_009725295.1	TGT	C	TGG	W	4294
NC_045512.2	13147	T	C	24662	22925	36	2	1	34	8.10866e-05	24665	1	FALSE	ORF1ab:cds-YP_009724389.1	TGT	C	TGC	C	4294
NC_045512.2	13147	T	C	24662	22925	36	2	1	34	8.10866e-05	24665	1	FALSE	ORF1ab:cds-YP_009725295.1	TGT	C	TGC	C	4294
NC_045512.2	13148	G	T	25198	23452	37	1	1	34	3.9681e-05	25201	1	FALSE	ORF1ab:cds-YP_009724389.1	GTT	V	TTT	F	4295
NC_045512.2	13148	G	T	25198	23452	37	1	1	34	3.9681e-05	25201	1	FALSE	ORF1ab:cds-YP_009725295.1	GTT	V	TTT	F	4295
NC_045512.2	13148	G	C	25198	23452	37	1	1	26	3.9681e-05	25201	1	FALSE	ORF1ab:cds-YP_009724389.1	GTT	V	CTT	L	4295
NC_045512.2	13148	G	C	25198	23452	37	1	1	26	3.9681e-05	25201	1	FALSE	ORF1ab:cds-YP_009725295.1	GTT	V	CTT	L	4295
NC_045512.2	13148	G	A	25198	23452	37	1	0	24	3.9681e-05	25201	1	FALSE	ORF1ab:cds-YP_009724389.1	GTT	V	ATT	I	4295
NC_045512.2	13148	G	A	25198	23452	37	1	0	24	3.9681e-05	25201	1	FALSE	ORF1ab:cds-YP_009725295.1	GTT	V	ATT	I	4295
NC_045512.2	13149	T	C	23847	22129	36	3	3	34	0.000125786	23850	0.999995	FALSE	ORF1ab:cds-YP_009724389.1	GTT	V	GCT	A	4295
NC_045512.2	13149	T	C	23847	22129	36	3	3	34	0.000125786	23850	0.999995	FALSE	ORF1ab:cds-YP_009725295.1	GTT	V	GCT	A	4295
NC_045512.2	13150	T	G	24947	23244	36	2	1	34	8.01539e-05	24952	1	FALSE	ORF1ab:cds-YP_009724389.1	GTT	V	GTG	V	4295
NC_045512.2	13150	T	G	24947	23244	36	2	1	34	8.01539e-05	24952	1	FALSE	ORF1ab:cds-YP_009725295.1	GTT	V	GTG	V	4295
NC_045512.2	13150	T	C	24947	23244	36	3	3	31	0.000120231	24952	0.999997	FALSE	ORF1ab:cds-YP_009724389.1	GTT	V	GTC	V	4295
NC_045512.2	13150	T	C	24947	23244	36	3	3	31	0.000120231	24952	0.999997	FALSE	ORF1ab:cds-YP_009725295.1	GTT	V	GTC	V	4295
NC_045512.2	13151	A	T	23868	22182	35	1	0	34	4.18883e-05	23873	1	FALSE	ORF1ab:cds-YP_009724389.1	AAG	K	TAG	*	4296
NC_045512.2	13151	A	T	23868	22182	35	1	0	34	4.18883e-05	23873	1	FALSE	ORF1ab:cds-YP_009725295.1	AAG	K	TAG	*	4296
NC_045512.2	13151	A	G	23868	22182	35	1	1	34	4.18883e-05	23873	1	FALSE	ORF1ab:cds-YP_009724389.1	AAG	K	GAG	E	4296
NC_045512.2	13151	A	G	23868	22182	35	1	1	34	4.18883e-05	23873	1	FALSE	ORF1ab:cds-YP_009725295.1	AAG	K	GAG	E	4296
NC_045512.2	13151	A	C	23868	22182	35	3	3	31	0.000125665	23873	0.999995	FALSE	ORF1ab:cds-YP_009724389.1	AAG	K	CAG	Q	4296
NC_045512.2	13151	A	C	23868	22182	35	3	3	31	0.000125665	23873	0.999995	FALSE	ORF1ab:cds-YP_009725295.1	AAG	K	CAG	Q	4296
NC_045512.2	13152	A	G	24886	23239	36	1	1	34	4.01816e-05	24887	1	FALSE	ORF1ab:cds-YP_009724389.1	AAG	K	AGG	R	4296
NC_045512.2	13152	A	G	24886	23239	36	1	1	34	4.01816e-05	24887	1	FALSE	ORF1ab:cds-YP_009725295.1	AAG	K	AGG	R	4296
NC_045512.2	13154	A	G	24746	23276	35	3	3	34	0.000121217	24749	0.999997	FALSE	ORF1ab:cds-YP_009724389.1	ATG	M	GTG	V	4297
NC_045512.2	13154	A	G	24746	23276	35	3	3	34	0.000121217	24749	0.999997	FALSE	ORF1ab:cds-YP_009725295.1	ATG	M	GTG	V	4297
NC_045512.2	13155	T	C	23901	22306	36	2	0	47	8.36715e-05	23903	0.687524	FALSE	ORF1ab:cds-YP_009724389.1	ATG	M	ACG	T	4297
NC_045512.2	13155	T	C	23901	22306	36	2	0	47	8.36715e-05	23903	0.687524	FALSE	ORF1ab:cds-YP_009725295.1	ATG	M	ACG	T	4297
NC_045512.2	13156	G	T	24400	22797	36	1	1	34	4.09769e-05	24404	1	FALSE	ORF1ab:cds-YP_009724389.1	ATG	M	ATT	I	4297
NC_045512.2	13156	G	T	24400	22797	36	1	1	34	4.09769e-05	24404	1	FALSE	ORF1ab:cds-YP_009725295.1	ATG	M	ATT	I	4297
NC_045512.2	13156	G	C	24400	22797	36	1	1	34	4.09769e-05	24404	1	FALSE	ORF1ab:cds-YP_009724389.1	ATG	M	ATC	I	4297
NC_045512.2	13156	G	C	24400	22797	36	1	1	34	4.09769e-05	24404	1	FALSE	ORF1ab:cds-YP_009725295.1	ATG	M	ATC	I	4297
NC_045512.2	13156	G	A	24400	22797	36	2	2	34	8.19538e-05	24404	1	FALSE	ORF1ab:cds-YP_009724389.1	ATG	M	ATA	I	4297
NC_045512.2	13156	G	A	24400	22797	36	2	2	34	8.19538e-05	24404	1	FALSE	ORF1ab:cds-YP_009725295.1	ATG	M	ATA	I	4297
NC_045512.2	13159	G	C	24107	22596	36	1	1	34	4.148e-05	24108	1	FALSE	ORF1ab:cds-YP_009724389.1	TTG	L	TTC	F	4298
NC_045512.2	13159	G	C	24107	22596	36	1	1	34	4.148e-05	24108	1	FALSE	ORF1ab:cds-YP_009725295.1	TTG	L	TTC	F	4298
NC_045512.2	13160	T	C	23622	22153	36	1	1	34	4.23316e-05	23623	1	FALSE	ORF1ab:cds-YP_009724389.1	TGT	C	CGT	R	4299
NC_045512.2	13160	T	C	23622	22153	36	1	1	34	4.23316e-05	23623	1	FALSE	ORF1ab:cds-YP_009725295.1	TGT	C	CGT	R	4299
NC_045512.2	13161	G	T	23790	22291	36	1	1	34	4.20186e-05	23799	1	FALSE	ORF1ab:cds-YP_009724389.1	TGT	C	TTT	F	4299
NC_045512.2	13161	G	T	23790	22291	36	1	1	34	4.20186e-05	23799	1	FALSE	ORF1ab:cds-YP_009725295.1	TGT	C	TTT	F	4299
NC_045512.2	13161	G	C	23790	22291	36	6	6	32	0.000252111	23799	0.999728	FALSE	ORF1ab:cds-YP_009724389.1	TGT	C	TCT	S	4299
NC_045512.2	13161	G	C	23790	22291	36	6	6	32	0.000252111	23799	0.999728	FALSE	ORF1ab:cds-YP_009725295.1	TGT	C	TCT	S	4299
NC_045512.2	13161	G	A	23790	22291	36	2	2	51	8.40371e-05	23799	0.249932	FALSE	ORF1ab:cds-YP_009724389.1	TGT	C	TAT	Y	4299
NC_045512.2	13161	G	A	23790	22291	36	2	2	51	8.40371e-05	23799	0.249932	FALSE	ORF1ab:cds-YP_009725295.1	TGT	C	TAT	Y	4299
NC_045512.2	13162	T	C	23677	22510	35	2	2	34	8.4463e-05	23679	0.999999	FALSE	ORF1ab:cds-YP_009724389.1	TGT	C	TGC	C	4299
NC_045512.2	13162	T	C	23677	22510	35	2	2	34	8.4463e-05	23679	0.999999	FALSE	ORF1ab:cds-YP_009725295.1	TGT	C	TGC	C	4299
NC_045512.2	13162	T	-AC	23677	22510	35	2	0	20	8.4463e-05	23679	1	FALSE	NA	NA	NA	NA	NA	NA
NC_045512.2	13163	A	C	23540	22371	35	2	2	30	8.49545e-05	23542	0.999999	FALSE	ORF1ab:cds-YP_009724389.1	ACA	T	CCA	P	4300
NC_045512.2	13163	A	C	23540	22371	35	2	2	30	8.49545e-05	23542	0.999999	FALSE	ORF1ab:cds-YP_009725295.1	ACA	T	CCA	P	4300
NC_045512.2	13164	C	T	23630	22487	35	5	5	32	0.000211542	23636	0.99991	FALSE	ORF1ab:cds-YP_009724389.1	ACA	T	ATA	I	4300
NC_045512.2	13164	C	T	23630	22487	35	5	5	32	0.000211542	23636	0.99991	FALSE	ORF1ab:cds-YP_009725295.1	ACA	T	ATA	I	4300
NC_045512.2	13164	C	A	23630	22487	35	1	1	34	4.23083e-05	23636	1	FALSE	ORF1ab:cds-YP_009724389.1	ACA	T	AAA	K	4300
NC_045512.2	13164	C	A	23630	22487	35	1	1	34	4.23083e-05	23636	1	FALSE	ORF1ab:cds-YP_009725295.1	ACA	T	AAA	K	4300
NC_045512.2	13165	A	G	22842	21710	35	1	1	34	4.37771e-05	22843	1	FALSE	ORF1ab:cds-YP_009724389.1	ACA	T	ACG	T	4300
NC_045512.2	13165	A	G	22842	21710	35	1	1	34	4.37771e-05	22843	1	FALSE	ORF1ab:cds-YP_009725295.1	ACA	T	ACG	T	4300
NC_045512.2	13166	C	T	22967	21880	35	1	1	34	4.35256e-05	22975	1	FALSE	ORF1ab:cds-YP_009724389.1	CAC	H	TAC	Y	4301
NC_045512.2	13166	C	T	22967	21880	35	1	1	34	4.35256e-05	22975	1	FALSE	ORF1ab:cds-YP_009725295.1	CAC	H	TAC	Y	4301
NC_045512.2	13166	C	G	22967	21880	35	1	1	34	4.35256e-05	22975	1	FALSE	ORF1ab:cds-YP_009724389.1	CAC	H	GAC	D	4301
NC_045512.2	13166	C	G	22967	21880	35	1	1	34	4.35256e-05	22975	1	FALSE	ORF1ab:cds-YP_009725295.1	CAC	H	GAC	D	4301
NC_045512.2	13166	C	A	22967	21880	35	6	6	34	0.000261153	22975	0.999545	FALSE	ORF1ab:cds-YP_009724389.1	CAC	H	AAC	N	4301
NC_045512.2	13166	C	A	22967	21880	35	6	6	34	0.000261153	22975	0.999545	FALSE	ORF1ab:cds-YP_009725295.1	CAC	H	AAC	N	4301
NC_045512.2	13167	A	G	21392	20329	35	2	2	34	9.34842e-05	21394	0.999997	FALSE	ORF1ab:cds-YP_009724389.1	CAC	H	CGC	R	4301
NC_045512.2	13167	A	G	21392	20329	35	2	2	34	9.34842e-05	21394	0.999997	FALSE	ORF1ab:cds-YP_009725295.1	CAC	H	CGC	R	4301
NC_045512.2	13168	C	A	21692	20630	35	4	4	30	0.000184366	21696	0.999922	FALSE	ORF1ab:cds-YP_009724389.1	CAC	H	CAA	Q	4301
NC_045512.2	13168	C	A	21692	20630	35	4	4	30	0.000184366	21696	0.999922	FALSE	ORF1ab:cds-YP_009725295.1	CAC	H	CAA	Q	4301
NC_045512.2	13169	A	T	20096	19048	35	2	2	26	9.94926e-05	20102	1	FALSE	ORF1ab:cds-YP_009724389.1	ACT	T	TCT	S	4302
NC_045512.2	13169	A	T	20096	19048	35	2	2	26	9.94926e-05	20102	1	FALSE	ORF1ab:cds-YP_009725295.1	ACT	T	TCT	S	4302
NC_045512.2	13169	A	G	20096	19048	35	1	1	34	4.97463e-05	20102	1	FALSE	ORF1ab:cds-YP_009724389.1	ACT	T	GCT	A	4302
NC_045512.2	13169	A	G	20096	19048	35	1	1	34	4.97463e-05	20102	1	FALSE	ORF1ab:cds-YP_009725295.1	ACT	T	GCT	A	4302
NC_045512.2	13169	A	C	20096	19048	35	3	3	34	0.000149239	20102	0.999967	FALSE	ORF1ab:cds-YP_009724389.1	ACT	T	CCT	P	4302
NC_045512.2	13169	A	C	20096	19048	35	3	3	34	0.000149239	20102	0.999967	FALSE	ORF1ab:cds-YP_009725295.1	ACT	T	CCT	P	4302
NC_045512.2	13170	C	A	20228	19214	35	2	2	30	9.88631e-05	20230	0.999995	FALSE	ORF1ab:cds-YP_009724389.1	ACT	T	AAT	N	4302
NC_045512.2	13170	C	A	20228	19214	35	2	2	30	9.88631e-05	20230	0.999995	FALSE	ORF1ab:cds-YP_009725295.1	ACT	T	AAT	N	4302
NC_045512.2	13172	G	A	18973	17988	35	3	3	45	0.000158094	18976	0.31251	FALSE	ORF1ab:cds-YP_009724389.1	GGT	G	AGT	S	4303
NC_045512.2	13172	G	A	18973	17988	35	3	3	45	0.000158094	18976	0.31251	FALSE	ORF1ab:cds-YP_009725295.1	GGT	G	AGT	S	4303
NC_045512.2	13173	G	A	18863	17880	35	3	3	34	0.000159016	18866	0.99989	FALSE	ORF1ab:cds-YP_009724389.1	GGT	G	GAT	D	4303
NC_045512.2	13173	G	A	18863	17880	35	3	3	34	0.000159016	18866	0.99989	FALSE	ORF1ab:cds-YP_009725295.1	GGT	G	GAT	D	4303
NC_045512.2	13174	T	C	18769	17786	35	1	1	34	5.32765e-05	18770	0.999998	FALSE	ORF1ab:cds-YP_009724389.1	GGT	G	GGC	G	4303
NC_045512.2	13174	T	C	18769	17786	35	1	1	34	5.32765e-05	18770	0.999998	FALSE	ORF1ab:cds-YP_009725295.1	GGT	G	GGC	G	4303
NC_045512.2	13176	C	A	18469	17551	35	10	10	30	0.000541155	18479	0.956493	FALSE	ORF1ab:cds-YP_009724389.1	ACT	T	AAT	N	4304
NC_045512.2	13176	C	A	18469	17551	35	10	10	30	0.000541155	18479	0.956493	FALSE	ORF1ab:cds-YP_009725295.1	ACT	T	AAT	N	4304
NC_045512.2	13177	T	C	14153	13303	35	3	3	29	0.000211924	14156	1	FALSE	ORF1ab:cds-YP_009724389.1	ACT	T	ACC	T	4304
NC_045512.2	13177	T	C	14153	13303	35	3	3	29	0.000211924	14156	1	FALSE	ORF1ab:cds-YP_009725295.1	ACT	T	ACC	T	4304
NC_045512.2	13177	T	-G	14153	13303	35	1	0	20	7.06414e-05	14156	1	FALSE	NA	NA	NA	NA	NA	NA
NC_045512.2	13178	G	A	14055	13208	35	1	1	34	7.1144e-05	14056	0.99997	FALSE	ORF1ab:cds-YP_009724389.1	GGT	G	AGT	S	4305
NC_045512.2	13178	G	A	14055	13208	35	1	1	34	7.1144e-05	14056	0.99997	FALSE	ORF1ab:cds-YP_009725295.1	GGT	G	AGT	S	4305
NC_045512.2	13179	G	C	13663	12823	35	1	1	34	7.3185e-05	13664	0.999939	FALSE	ORF1ab:cds-YP_009724389.1	GGT	G	GCT	A	4305
NC_045512.2	13179	G	C	13663	12823	35	1	1	34	7.3185e-05	13664	0.999939	FALSE	ORF1ab:cds-YP_009725295.1	GGT	G	GCT	A	4305
NC_045512.2	13180	T	C	13541	12712	35	1	1	34	7.38443e-05	13542	0.999939	FALSE	ORF1ab:cds-YP_009724389.1	GGT	G	GGC	G	4305
NC_045512.2	13180	T	C	13541	12712	35	1	1	34	7.38443e-05	13542	0.999939	FALSE	ORF1ab:cds-YP_009725295.1	GGT	G	GGC	G	4305
NC_045512.2	13181	C	A	12970	12152	35	2	2	30	0.000154178	12972	0.999087	FALSE	ORF1ab:cds-YP_009724389.1	CAG	Q	AAG	K	4306
NC_045512.2	13181	C	A	12970	12152	35	2	2	30	0.000154178	12972	0.999087	FALSE	ORF1ab:cds-YP_009725295.1	CAG	Q	AAG	K	4306
NC_045512.2	13182	A	C	12008	11199	35	3	3	31	0.000249771	12011	0.996318	FALSE	ORF1ab:cds-YP_009724389.1	CAG	Q	CCG	P	4306
NC_045512.2	13182	A	C	12008	11199	35	3	3	31	0.000249771	12011	0.996318	FALSE	ORF1ab:cds-YP_009725295.1	CAG	Q	CCG	P	4306
NC_045512.2	13184	G	A	12021	11338	35	3	3	34	0.000249501	12024	0.996318	FALSE	ORF1ab:cds-YP_009724389.1	GCA	A	ACA	T	4307
NC_045512.2	13184	G	A	12021	11338	35	3	3	34	0.000249501	12024	0.996318	FALSE	ORF1ab:cds-YP_009725295.1	GCA	A	ACA	T	4307
NC_045512.2	13185	C	A	12058	11389	35	1	1	26	8.29256e-05	12059	1	FALSE	ORF1ab:cds-YP_009724389.1	GCA	A	GAA	E	4307
NC_045512.2	13185	C	A	12058	11389	35	1	1	26	8.29256e-05	12059	1	FALSE	ORF1ab:cds-YP_009725295.1	GCA	A	GAA	E	4307
NC_045512.2	13186	A	G	11689	11027	34	21	19	37	0.00179319	11711	0.0549708	FALSE	ORF1ab:cds-YP_009724389.1	GCA	A	GCG	A	4307
NC_045512.2	13186	A	G	11689	11027	34	21	19	37	0.00179319	11711	0.0549708	FALSE	ORF1ab:cds-YP_009725295.1	GCA	A	GCG	A	4307
NC_045512.2	13186	A	C	11689	11027	34	1	1	34	8.53898e-05	11711	0.999754	FALSE	ORF1ab:cds-YP_009724389.1	GCA	A	GCC	A	4307
NC_045512.2	13186	A	C	11689	11027	34	1	1	34	8.53898e-05	11711	0.999754	FALSE	ORF1ab:cds-YP_009725295.1	GCA	A	GCC	A	4307
NC_045512.2	13187	A	G	11320	10666	35	2	2	47	0.000176632	11323	0.5	FALSE	ORF1ab:cds-YP_009724389.1	ATA	I	GTA	V	4308
NC_045512.2	13187	A	G	11320	10666	35	2	2	47	0.000176632	11323	0.5	FALSE	ORF1ab:cds-YP_009725295.1	ATA	I	GTA	V	4308
NC_045512.2	13187	A	C	11320	10666	35	1	1	34	8.83158e-05	11323	0.999756	FALSE	ORF1ab:cds-YP_009724389.1	ATA	I	CTA	L	4308
NC_045512.2	13187	A	C	11320	10666	35	1	1	34	8.83158e-05	11323	0.999756	FALSE	ORF1ab:cds-YP_009725295.1	ATA	I	CTA	L	4308
NC_045512.2	13188	T	C	11219	10577	34	1	1	34	8.91266e-05	11220	0.999757	FALSE	ORF1ab:cds-YP_009724389.1	ATA	I	ACA	T	4308
NC_045512.2	13188	T	C	11219	10577	34	1	1	34	8.91266e-05	11220	0.999757	FALSE	ORF1ab:cds-YP_009725295.1	ATA	I	ACA	T	4308
NC_045512.2	13190	A	G	11207	10579	34	1	1	26	8.9222e-05	11208	1	FALSE	ORF1ab:cds-YP_009724389.1	ACA	T	GCA	A	4309
NC_045512.2	13190	A	G	11207	10579	34	1	1	26	8.9222e-05	11208	1	FALSE	ORF1ab:cds-YP_009725295.1	ACA	T	GCA	A	4309
NC_045512.2	13191	C	A	11264	10630	34	3	3	28	0.000266264	11267	1	FALSE	ORF1ab:cds-YP_009724389.1	ACA	T	AAA	K	4309
NC_045512.2	13191	C	A	11264	10630	34	3	3	28	0.000266264	11267	1	FALSE	ORF1ab:cds-YP_009725295.1	ACA	T	AAA	K	4309
NC_045512.2	13192	A	T	9894	9281	34	1	1	26	0.000101051	9896	1	FALSE	ORF1ab:cds-YP_009724389.1	ACA	T	ACT	T	4309
NC_045512.2	13192	A	T	9894	9281	34	1	1	26	0.000101051	9896	1	FALSE	ORF1ab:cds-YP_009725295.1	ACA	T	ACT	T	4309
NC_045512.2	13192	A	C	9894	9281	34	1	1	34	0.000101051	9896	0.999026	FALSE	ORF1ab:cds-YP_009724389.1	ACA	T	ACC	T	4309
NC_045512.2	13192	A	C	9894	9281	34	1	1	34	0.000101051	9896	0.999026	FALSE	ORF1ab:cds-YP_009725295.1	ACA	T	ACC	T	4309
NC_045512.2	13193	G	A	9899	9363	34	1	1	34	0.00010101	9900	0.999026	FALSE	ORF1ab:cds-YP_009724389.1	GTT	V	ATT	I	4310
NC_045512.2	13193	G	A	9899	9363	34	1	1	34	0.00010101	9900	0.999026	FALSE	ORF1ab:cds-YP_009725295.1	GTT	V	ATT	I	4310
NC_045512.2	13194	T	C	9228	8727	34	3	3	34	0.000324992	9231	0.980752	FALSE	ORF1ab:cds-YP_009724389.1	GTT	V	GCT	A	4310
NC_045512.2	13194	T	C	9228	8727	34	3	3	34	0.000324992	9231	0.980752	FALSE	ORF1ab:cds-YP_009725295.1	GTT	V	GCT	A	4310
NC_045512.2	13197	C	T	9254	8831	34	1	1	34	0.00010805	9255	0.999026	FALSE	ORF1ab:cds-YP_009724389.1	ACA	T	ATA	I	4311
NC_045512.2	13197	C	T	9254	8831	34	1	1	34	0.00010805	9255	0.999026	FALSE	ORF1ab:cds-YP_009725295.1	ACA	T	ATA	I	4311
NC_045512.2	13199	C	T	9061	8721	34	2	2	34	0.00022058	9067	0.994144	FALSE	ORF1ab:cds-YP_009724389.1	CCG	P	TCG	S	4312
NC_045512.2	13199	C	T	9061	8721	34	2	2	34	0.00022058	9067	0.994144	FALSE	ORF1ab:cds-YP_009725295.1	CCG	P	TCG	S	4312
NC_045512.2	13199	C	A	9061	8721	34	4	4	34	0.00044116	9067	0.953896	FALSE	ORF1ab:cds-YP_009724389.1	CCG	P	ACG	T	4312
NC_045512.2	13199	C	A	9061	8721	34	4	4	34	0.00044116	9067	0.953896	FALSE	ORF1ab:cds-YP_009725295.1	CCG	P	ACG	T	4312
NC_045512.2	13200	C	T	8000	7721	34	1	1	34	0.000124969	8002	0.998051	FALSE	ORF1ab:cds-YP_009724389.1	CCG	P	CTG	L	4312
NC_045512.2	13200	C	T	8000	7721	34	1	1	34	0.000124969	8002	0.998051	FALSE	ORF1ab:cds-YP_009725295.1	CCG	P	CTG	L	4312
NC_045512.2	13200	C	A	8000	7721	34	1	1	26	0.000124969	8002	1	FALSE	ORF1ab:cds-YP_009724389.1	CCG	P	CAG	Q	4312
NC_045512.2	13200	C	A	8000	7721	34	1	1	26	0.000124969	8002	1	FALSE	ORF1ab:cds-YP_009725295.1	CCG	P	CAG	Q	4312
NC_045512.2	13201	G	T	7906	7627	34	1	1	26	0.000126406	7911	1	FALSE	ORF1ab:cds-YP_009724389.1	CCG	P	CCT	P	4312
NC_045512.2	13201	G	T	7906	7627	34	1	1	26	0.000126406	7911	1	FALSE	ORF1ab:cds-YP_009725295.1	CCG	P	CCT	P	4312
NC_045512.2	13201	G	C	7906	7627	34	2	2	34	0.000252813	7911	0.980478	FALSE	ORF1ab:cds-YP_009724389.1	CCG	P	CCC	P	4312
NC_045512.2	13201	G	C	7906	7627	34	2	2	34	0.000252813	7911	0.980478	FALSE	ORF1ab:cds-YP_009725295.1	CCG	P	CCC	P	4312
NC_045512.2	13201	G	A	7906	7627	34	2	2	34	0.000252813	7911	0.980478	FALSE	ORF1ab:cds-YP_009724389.1	CCG	P	CCA	P	4312
NC_045512.2	13201	G	A	7906	7627	34	2	2	34	0.000252813	7911	0.980478	FALSE	ORF1ab:cds-YP_009725295.1	CCG	P	CCA	P	4312
NC_045512.2	13202	G	C	7809	7539	34	1	1	26	0.000127992	7813	1	FALSE	ORF1ab:cds-YP_009724389.1	GAA	E	CAA	Q	4313
NC_045512.2	13202	G	C	7809	7539	34	1	1	26	0.000127992	7813	1	FALSE	ORF1ab:cds-YP_009725295.1	GAA	E	CAA	Q	4313
NC_045512.2	13202	G	A	7809	7539	34	3	3	34	0.000383975	7813	0.945369	FALSE	ORF1ab:cds-YP_009724389.1	GAA	E	AAA	K	4313
NC_045512.2	13202	G	A	7809	7539	34	3	3	34	0.000383975	7813	0.945369	FALSE	ORF1ab:cds-YP_009725295.1	GAA	E	AAA	K	4313
NC_045512.2	13203	A	C	7684	7414	34	4	4	32	0.000520291	7688	0.886845	FALSE	ORF1ab:cds-YP_009724389.1	GAA	E	GCA	A	4313
NC_045512.2	13203	A	C	7684	7414	34	4	4	32	0.000520291	7688	0.886845	FALSE	ORF1ab:cds-YP_009725295.1	GAA	E	GCA	A	4313
NC_045512.2	13207	C	A	7585	7332	34	1	1	34	0.000131822	7586	0.996103	FALSE	ORF1ab:cds-YP_009724389.1	GCC	A	GCA	A	4314
NC_045512.2	13207	C	A	7585	7332	34	1	1	34	0.000131822	7586	0.996103	FALSE	ORF1ab:cds-YP_009725295.1	GCC	A	GCA	A	4314
NC_045512.2	13208	A	G	7221	6976	33	4	4	34	0.000553633	7225	0.886853	FALSE	ORF1ab:cds-YP_009724389.1	AAT	N	GAT	D	4315
NC_045512.2	13208	A	G	7221	6976	33	4	4	34	0.000553633	7225	0.886853	FALSE	ORF1ab:cds-YP_009725295.1	AAT	N	GAT	D	4315
NC_045512.2	13209	A	T	7330	7132	34	1	1	34	0.000136388	7332	0.996101	FALSE	ORF1ab:cds-YP_009724389.1	AAT	N	ATT	I	4315
NC_045512.2	13209	A	T	7330	7132	34	1	1	34	0.000136388	7332	0.996101	FALSE	ORF1ab:cds-YP_009725295.1	AAT	N	ATT	I	4315
NC_045512.2	13209	A	G	7330	7132	34	1	1	34	0.000136388	7332	0.996101	FALSE	ORF1ab:cds-YP_009724389.1	AAT	N	AGT	S	4315
NC_045512.2	13209	A	G	7330	7132	34	1	1	34	0.000136388	7332	0.996101	FALSE	ORF1ab:cds-YP_009725295.1	AAT	N	AGT	S	4315
NC_045512.2	13211	A	G	7254	7100	33	1	1	34	0.000137836	7255	0.996103	FALSE	ORF1ab:cds-YP_009724389.1	ATG	M	GTG	V	4316
NC_045512.2	13211	A	G	7254	7100	33	1	1	34	0.000137836	7255	0.996103	FALSE	ORF1ab:cds-YP_009725295.1	ATG	M	GTG	V	4316
NC_045512.2	13212	T	C	7232	7073	33	1	1	34	0.000138255	7233	0.996103	FALSE	ORF1ab:cds-YP_009724389.1	ATG	M	ACG	T	4316
NC_045512.2	13212	T	C	7232	7073	33	1	1	34	0.000138255	7233	0.996103	FALSE	ORF1ab:cds-YP_009725295.1	ATG	M	ACG	T	4316
NC_045512.2	13213	G	C	5170	5057	33	1	1	26	0.000193386	5171	1	FALSE	ORF1ab:cds-YP_009724389.1	ATG	M	ATC	I	4316
NC_045512.2	13213	G	C	5170	5057	33	1	1	26	0.000193386	5171	1	FALSE	ORF1ab:cds-YP_009725295.1	ATG	M	ATC	I	4316
NC_045512.2	13492	C	A	548	7	33	1	0	34	0.00182149	549	0.500456	FALSE	ORF1ab:cds-YP_009724389.1	CGT	R	AGT	S	9
NC_045512.2	13493	G	T	1683	16	34	1	0	26	0.000593824	1684	0.999993	FALSE	ORF1ab:cds-YP_009724389.1	CGT	R	CTT	L	9
NC_045512.2	13494	T	A	1739	16	33	1	0	34	0.000574713	1740	0.750216	FALSE	ORF1ab:cds-YP_009724389.1	CGT	R	CGA	R	9
NC_045512.2	13496	T	C	1771	16	34	1	0	34	0.000564334	1772	0.750212	FALSE	ORF1ab:cds-YP_009724389.1	CTT	L	CCT	P	10
NC_045512.2	13500	A	C	1792	32	34	1	0	34	0.000557724	1793	0.750209	FALSE	ORF1ab:cds-YP_009724389.1	ACA	T	ACC	T	11
NC_045512.2	13502	C	A	2082	37	34	1	0	34	0.000480077	2083	0.87518	FALSE	ORF1ab:cds-YP_009724389.1	CCG	P	CAG	Q	12
NC_045512.2	13503	G	T	2272	40	34	2	0	26	0.000879507	2274	0.999999	FALSE	ORF1ab:cds-YP_009724389.1	CCG	P	CCT	P	12
NC_045512.2	13504	T	C	2276	43	34	1	0	34	0.000439174	2277	0.875165	FALSE	ORF1ab:cds-YP_009724389.1	TGC	C	CGC	R	13
NC_045512.2	13506	C	T	2277	45	34	2	0	34	0.000877578	2279	0.687747	FALSE	ORF1ab:cds-YP_009724389.1	TGC	C	TGT	C	13
NC_045512.2	13512	A	G	2349	47	34	1	0	34	0.000425532	2350	0.87516	FALSE	ORF1ab:cds-YP_009724389.1	ACA	T	ACG	T	15
NC_045512.2	13515	C	T	2583	56	34	1	0	34	0.000386997	2584	0.875145	FALSE	ORF1ab:cds-YP_009724389.1	GGC	G	GGT	G	16
NC_045512.2	13517	C	A	2634	73	35	1	0	26	0.000379507	2635	1	FALSE	ORF1ab:cds-YP_009724389.1	ACT	T	AAT	N	17
NC_045512.2	13523	C	G	2656	77	35	5	0	34	0.00187758	2663	0.226254	FALSE	ORF1ab:cds-YP_009724389.1	ACT	T	AGT	S	19
NC_045512.2	13523	C	A	2656	77	35	2	0	30	0.000751033	2663	0.687006	FALSE	ORF1ab:cds-YP_009724389.1	ACT	T	AAT	N	19
NC_045512.2	13524	T	G	2648	78	35	2	0	34	0.000754717	2650	0.687712	FALSE	ORF1ab:cds-YP_009724389.1	ACT	T	ACG	T	19
NC_045512.2	13525	G	A	2747	77	35	1	0	34	0.000363901	2748	0.875136	FALSE	ORF1ab:cds-YP_009724389.1	GAT	D	AAT	N	20
NC_045512.2	13528	G	A	2960	84	35	1	0	34	0.000337724	2961	0.875127	FALSE	ORF1ab:cds-YP_009724389.1	GTC	V	ATC	I	21
NC_045512.2	13529	T	C	2954	89	35	1	0	34	0.000338409	2955	0.875127	FALSE	ORF1ab:cds-YP_009724389.1	GTC	V	GCC	A	21
NC_045512.2	13531	G	T	3033	90	35	2	0	34	0.000658762	3036	0.812603	FALSE	ORF1ab:cds-YP_009724389.1	GTA	V	TTA	L	22
NC_045512.2	13531	G	A	3033	90	35	1	0	34	0.000329381	3036	0.937521	FALSE	ORF1ab:cds-YP_009724389.1	GTA	V	ATA	I	22
NC_045512.2	13532	T	C	3033	97	35	1	0	34	0.000329598	3034	0.937603	FALSE	ORF1ab:cds-YP_009724389.1	GTA	V	GCA	A	22
NC_045512.2	13539	G	A	3065	114	35	1	0	34	0.000326158	3066	0.937602	FALSE	ORF1ab:cds-YP_009724389.1	AGG	R	AGA	R	24
NC_045512.2	13540	G	A	3150	131	36	1	0	34	0.00031736	3151	0.937599	FALSE	ORF1ab:cds-YP_009724389.1	GCT	A	ACT	T	25
NC_045512.2	13545	T	C	3158	139	36	1	0	34	0.000316556	3159	0.937599	FALSE	ORF1ab:cds-YP_009724389.1	TTT	F	TTC	F	26
NC_045512.2	13550	T	G	3255	165	36	1	0	34	0.000307125	3256	0.937596	FALSE	ORF1ab:cds-YP_009724389.1	ATC	I	AGC	S	28
NC_045512.2	13552	T	C	3376	233	37	1	0	34	0.000296121	3377	0.937593	FALSE	ORF1ab:cds-YP_009724389.1	TAC	Y	CAC	H	29
NC_045512.2	13553	A	G	3348	235	37	1	0	34	0.000298597	3349	0.937593	FALSE	ORF1ab:cds-YP_009724389.1	TAC	Y	TGC	C	29
NC_045512.2	13558	G	A	3431	257	38	1	0	34	0.000291375	3432	0.937591	FALSE	ORF1ab:cds-YP_009724389.1	GAT	D	AAT	N	31
NC_045512.2	13560	T	A	3462	278	38	1	0	34	0.000288767	3463	0.93759	FALSE	ORF1ab:cds-YP_009724389.1	GAT	D	GAA	E	31
NC_045512.2	13561	A	G	3269	284	38	1	0	34	0.00030581	3270	0.937596	FALSE	ORF1ab:cds-YP_009724389.1	AAA	K	GAA	E	32
NC_045512.2	13566	A	G	3460	300	38	1	0	34	0.000288934	3461	0.93759	FALSE	ORF1ab:cds-YP_009724389.1	GTA	V	GTG	V	33
NC_045512.2	13570	G	T	3493	322	39	1	0	34	0.000286205	3494	0.937589	FALSE	ORF1ab:cds-YP_009724389.1	GGT	G	TGT	C	35
NC_045512.2	13574	T	C	3502	346	39	1	1	34	0.00028547	3503	0.937589	FALSE	ORF1ab:cds-YP_009724389.1	TTT	F	TCT	S	36
NC_045512.2	13575	T	-G	3502	348	39	1	0	20	0.000285551	3502	1	FALSE	NA	NA	NA	NA	NA	NA
NC_045512.2	13576	G	A	3514	347	39	1	0	34	0.000284495	3515	0.937553	FALSE	ORF1ab:cds-YP_009724389.1	GCT	A	ACT	T	37
NC_045512.2	13579	A	T	3245	403	39	1	1	24	0.000308071	3246	1	FALSE	ORF1ab:cds-YP_009724389.1	AAA	K	TAA	*	38
NC_045512.2	13580	A	C	3181	401	39	1	0	26	0.000314268	3182	1	FALSE	ORF1ab:cds-YP_009724389.1	AAA	K	ACA	T	38
NC_045512.2	13581	A	-T	3207	415	39	1	0	20	0.000311818	3207	1	FALSE	NA	NA	NA	NA	NA	NA
NC_045512.2	13583	T	C	3206	422	40	1	0	34	0.000311818	3207	0.937597	FALSE	ORF1ab:cds-YP_009724389.1	TTC	F	TCC	S	39
NC_045512.2	13586	T	C	3179	452	40	2	0	51	0.000628733	3181	0.250039	FALSE	ORF1ab:cds-YP_009724389.1	CTA	L	CCA	P	40
NC_045512.2	13588	A	T	3155	452	40	1	1	26	0.000316857	3156	1	FALSE	ORF1ab:cds-YP_009724389.1	AAA	K	TAA	*	41
NC_045512.2	13590	A	C	3186	455	40	1	0	34	0.000313775	3187	0.937598	FALSE	ORF1ab:cds-YP_009724389.1	AAA	K	AAC	N	41
NC_045512.2	13593	T	A	2271	597	38	1	0	46	0.000440141	2272	0.50011	FALSE	ORF1ab:cds-YP_009724389.1	ACT	T	ACA	T	42
NC_045512.2	13597	T	A	2260	597	38	1	1	26	0.000442282	2261	1	FALSE	ORF1ab:cds-YP_009724389.1	TGT	C	AGT	S	44
NC_045512.2	13602	T	C	2021	624	38	1	1	34	0.00049456	2022	0.875185	FALSE	ORF1ab:cds-YP_009724389.1	TGT	C	TGC	C	45
NC_045512.2	13607	T	C	1907	674	38	1	0	34	0.000524109	1908	0.750197	FALSE	ORF1ab:cds-YP_009724389.1	TTC	F	TCC	S	47
NC_045512.2	13608	C	T	1854	682	37	1	1	34	0.000539084	1855	0.750202	FALSE	ORF1ab:cds-YP_009724389.1	TTC	F	TTT	F	47
NC_045512.2	13611	A	T	1865	695	37	1	0	34	0.000535906	1866	0.750201	FALSE	ORF1ab:cds-YP_009724389.1	CAA	Q	CAT	H	48
NC_045512.2	13611	A	-G	1865	695	37	412	0	20	0.220793	1866	8.5581e-90	TRUE	NA	NA	NA	NA	NA	NA
NC_045512.2	13612	G	A	1425	533	37	42	3	33	0.0286299	1467	1.5462e-14	TRUE	ORF1ab:cds-YP_009724389.1	GAA	E	AAA	K	49
NC_045512.2	13615	A	C	1860	714	37	1	0	27	0.000537346	1861	0.999998	FALSE	ORF1ab:cds-YP_009724389.1	AAG	K	CAG	Q	50
NC_045512.2	13616	A	G	1754	727	37	3	3	34	0.00170648	1758	0.312393	FALSE	ORF1ab:cds-YP_009724389.1	AAG	K	AGG	R	50
NC_045512.2	13616	A	C	1754	727	37	1	0	34	0.000568828	1758	0.749786	FALSE	ORF1ab:cds-YP_009724389.1	AAG	K	ACG	T	50
NC_045512.2	13617	G	T	1765	717	37	1	1	34	0.000566251	1766	0.750212	FALSE	ORF1ab:cds-YP_009724389.1	AAG	K	AAT	N	50
NC_045512.2	13623	A	G	1737	776	37	1	1	34	0.000575374	1738	0.750216	FALSE	ORF1ab:cds-YP_009724389.1	GAA	E	GAG	E	52
NC_045512.2	13624	G	A	1766	775	37	1	1	34	0.000565931	1767	0.750212	FALSE	ORF1ab:cds-YP_009724389.1	GAT	D	AAT	N	53
NC_045512.2	13627	G	C	1836	905	37	1	1	34	0.000544366	1837	0.750204	FALSE	ORF1ab:cds-YP_009724389.1	GAC	D	CAC	H	54
NC_045512.2	13629	C	G	1701	938	37	1	0	26	0.000587544	1702	0.999996	FALSE	ORF1ab:cds-YP_009724389.1	GAC	D	GAG	E	54
NC_045512.2	13633	T	C	1630	937	36	1	0	34	0.000613121	1631	0.75023	FALSE	ORF1ab:cds-YP_009724389.1	TTA	L	CTA	L	56
NC_045512.2	13635	A	T	1631	917	36	1	1	26	0.000612745	1632	0.999993	FALSE	ORF1ab:cds-YP_009724389.1	TTA	L	TTT	F	56
NC_045512.2	13641	T	C	1671	963	36	1	0	34	0.000598086	1672	0.750224	FALSE	ORF1ab:cds-YP_009724389.1	GAT	D	GAC	D	58
NC_045512.2	13643	C	A	1668	985	36	1	1	26	0.000599161	1669	0.999993	FALSE	ORF1ab:cds-YP_009724389.1	TCT	S	TAT	Y	59
NC_045512.2	13644	T	A	1644	955	36	1	1	68	0.000607903	1645	0.500152	FALSE	ORF1ab:cds-YP_009724389.1	TCT	S	TCA	S	59
NC_045512.2	13654	G	T	1497	858	35	1	1	34	0.000667557	1498	0.75025	FALSE	ORF1ab:cds-YP_009724389.1	GTT	V	TTT	F	63
NC_045512.2	13656	T	G	1453	826	35	2	0	34	0.00137457	1455	0.500258	FALSE	ORF1ab:cds-YP_009724389.1	GTT	V	GTG	V	63
NC_045512.2	13668	T	C	1542	919	35	1	1	34	0.000648088	1543	0.750243	FALSE	ORF1ab:cds-YP_009724389.1	ACT	T	ACC	T	67
NC_045512.2	13674	T	C	1540	908	35	1	1	34	0.000648929	1541	0.750243	FALSE	ORF1ab:cds-YP_009724389.1	TCT	S	TCC	S	69
NC_045512.2	13679	A	G	1864	1237	37	1	1	26	0.000536193	1865	0.999998	FALSE	ORF1ab:cds-YP_009724389.1	TAC	Y	TGC	C	71
NC_045512.2	13696	A	C	2159	1617	37	1	1	34	0.000462963	2160	0.875174	FALSE	ORF1ab:cds-YP_009724389.1	ATT	I	CTT	L	77
NC_045512.2	13697	T	C	2108	1569	36	2	2	34	0.000947867	2110	0.687767	FALSE	ORF1ab:cds-YP_009724389.1	ATT	I	ACT	T	77
NC_045512.2	13705	T	C	2161	1636	37	1	1	34	0.000462535	2162	0.875173	FALSE	ORF1ab:cds-YP_009724389.1	TTA	L	CTA	L	80
NC_045512.2	13707	A	C	2211	1716	37	1	1	34	0.00045208	2212	0.87517	FALSE	ORF1ab:cds-YP_009724389.1	TTA	L	TTC	F	80
NC_045512.2	13717	T	A	2198	1708	37	1	1	26	0.000454752	2199	1	FALSE	ORF1ab:cds-YP_009724389.1	TGT	C	AGT	S	84
NC_045512.2	13719	T	A	2541	2045	38	1	0	34	0.000393391	2542	0.875148	FALSE	ORF1ab:cds-YP_009724389.1	TGT	C	TGA	*	84
NC_045512.2	13722	A	G	2623	2149	38	1	1	34	0.000381098	2624	0.875143	FALSE	ORF1ab:cds-YP_009724389.1	CCA	P	CCG	P	85
NC_045512.2	13728	T	C	2535	2083	38	1	1	34	0.000394322	2536	0.875148	FALSE	ORF1ab:cds-YP_009724389.1	GTT	V	GTC	V	87
NC_045512.2	13730	C	T	2791	2399	38	1	0	34	0.000358166	2792	0.875134	FALSE	ORF1ab:cds-YP_009724389.1	GCT	A	GTT	V	88
NC_045512.2	13731	T	C	2775	2382	38	1	1	34	0.000360231	2776	0.875135	FALSE	ORF1ab:cds-YP_009724389.1	GCT	A	GCC	A	88
NC_045512.2	13732	A	G	2791	2400	38	1	1	34	0.000358166	2792	0.875134	FALSE	ORF1ab:cds-YP_009724389.1	AAA	K	GAA	E	89
NC_045512.2	13744	T	C	2865	2542	38	1	1	26	0.000348918	2866	1	FALSE	ORF1ab:cds-YP_009724389.1	TTT	F	CTT	L	93
NC_045512.2	13751	T	C	2914	2632	37	1	1	34	0.000343053	2915	0.875129	FALSE	ORF1ab:cds-YP_009724389.1	TTT	F	TCT	S	95
NC_045512.2	13755	A	G	2952	2708	37	1	1	34	0.000338639	2953	0.875127	FALSE	ORF1ab:cds-YP_009724389.1	AGA	R	AGG	R	96
NC_045512.2	13761	C	T	2858	2642	37	1	1	34	0.00034965	2860	0.875066	FALSE	ORF1ab:cds-YP_009724389.1	GAC	D	GAT	D	98
NC_045512.2	13761	C	A	2858	2642	37	1	1	26	0.00034965	2860	1	FALSE	ORF1ab:cds-YP_009724389.1	GAC	D	GAA	E	98
NC_045512.2	13768	A	T	2724	2558	36	1	0	27	0.000366972	2725	1	FALSE	ORF1ab:cds-YP_009724389.1	ATG	M	TTG	L	101
NC_045512.2	13776	A	G	2547	2386	36	2	2	34	0.000784621	2549	0.687721	FALSE	ORF1ab:cds-YP_009724389.1	CCA	P	CCG	P	103
NC_045512.2	13777	C	T	2576	2423	36	1	1	34	0.000388048	2577	0.875146	FALSE	ORF1ab:cds-YP_009724389.1	CAT	H	TAT	Y	104
NC_045512.2	13779	T	C	2248	2096	35	1	1	34	0.000444642	2249	0.875167	FALSE	ORF1ab:cds-YP_009724389.1	CAT	H	CAC	H	104
NC_045512.2	13781	T	C	1933	1793	35	1	1	34	0.000517063	1934	0.750194	FALSE	ORF1ab:cds-YP_009724389.1	ATA	I	ACA	T	105
NC_045512.2	13788	T	C	1809	1680	36	2	2	30	0.00110436	1811	0.500207	FALSE	ORF1ab:cds-YP_009724389.1	CGT	R	CGC	R	107
NC_045512.2	13799	C	A	1710	1605	36	1	1	26	0.000584454	1711	0.999996	FALSE	ORF1ab:cds-YP_009724389.1	ACT	T	AAT	N	111
NC_045512.2	13800	T	C	1720	1616	36	1	1	26	0.000581058	1721	0.999996	FALSE	ORF1ab:cds-YP_009724389.1	ACT	T	ACC	T	111
NC_045512.2	13806	C	A	1621	1522	36	1	1	34	0.000616523	1622	0.750231	FALSE	ORF1ab:cds-YP_009724389.1	TAC	Y	TAA	*	113
NC_045512.2	13808	C	A	1527	1447	36	1	1	34	0.00065445	1528	0.750245	FALSE	ORF1ab:cds-YP_009724389.1	ACA	T	AAA	K	114
NC_045512.2	13815	A	G	1327	1267	35	1	1	34	0.000753012	1328	0.750282	FALSE	ORF1ab:cds-YP_009724389.1	GCA	A	GCG	A	116
NC_045512.2	13818	C	A	1283	1254	34	1	1	34	0.000778816	1284	0.750292	FALSE	ORF1ab:cds-YP_009724389.1	GAC	D	GAA	E	117
NC_045512.2	14123	G	A	418	95	38	1	0	34	0.00238663	419	0.500597	FALSE	ORF1ab:cds-YP_009724389.1	GGT	G	GAT	D	219
NC_045512.2	14144	A	G	439	134	40	1	0	34	0.00227273	440	0.500569	FALSE	ORF1ab:cds-YP_009724389.1	GAT	D	GGT	G	226
NC_045512.2	14149	T	C	481	130	40	2	2	68	0.00414079	483	0.250259	FALSE	ORF1ab:cds-YP_009724389.1	TAT	Y	CAT	H	228
NC_045512.2	14158	T	C	495	141	41	1	0	26	0.00201613	496	0.969222	FALSE	ORF1ab:cds-YP_009724389.1	TTG	L	CTG	L	231
NC_045512.2	14191	T	C	516	192	39	1	1	34	0.00193424	517	0.500484	FALSE	ORF1ab:cds-YP_009724389.1	TTA	L	CTA	L	242
NC_045512.2	14217	T	C	508	187	38	1	1	34	0.00196464	509	0.500492	FALSE	ORF1ab:cds-YP_009724389.1	ACT	T	ACC	T	250
NC_045512.2	14226	A	G	504	207	38	1	1	34	0.0019802	505	0.500496	FALSE	ORF1ab:cds-YP_009724389.1	ACA	T	ACG	T	253
NC_045512.2	14229	G	T	522	199	38	1	0	34	0.00191205	523	0.500478	FALSE	ORF1ab:cds-YP_009724389.1	AAG	K	AAT	N	254
NC_045512.2	14258	A	T	591	281	39	1	0	20	0.00168919	592	0.984651	FALSE	ORF1ab:cds-YP_009724389.1	TAT	Y	TTT	F	264
NC_045512.2	14270	A	G	624	330	41	1	0	68	0.0016	625	0.5004	FALSE	ORF1ab:cds-YP_009724389.1	GAA	E	GGA	G	268
NC_045512.2	14273	A	T	585	323	40	1	0	26	0.00170648	586	0.984654	FALSE	ORF1ab:cds-YP_009724389.1	GAG	E	GTG	V	269
NC_045512.2	14276	G	A	590	307	41	1	1	34	0.00169205	591	0.500423	FALSE	ORF1ab:cds-YP_009724389.1	AGG	R	AAG	K	270
NC_045512.2	14308	T	C	599	460	42	3	2	45	0.00498339	602	0.125	FALSE	ORF1ab:cds-YP_009724389.1	TGG	W	CGG	R	281
NC_045512.2	14310	G	T	592	469	40	1	1	26	0.00168634	593	0.984651	FALSE	ORF1ab:cds-YP_009724389.1	TGG	W	TGT	C	281
NC_045512.2	14311	G	T	594	472	41	1	1	68	0.00168067	595	0.500421	FALSE	ORF1ab:cds-YP_009724389.1	GAT	D	TAT	Y	282
NC_045512.2	14317	A	G	601	487	40	1	1	34	0.00166113	602	0.500416	FALSE	ORF1ab:cds-YP_009724389.1	ACA	T	GCA	A	284
NC_045512.2	14320	T	C	547	452	39	12	9	37	0.0214669	559	0.000232499	TRUE	ORF1ab:cds-YP_009724389.1	TAC	Y	CAC	H	285
NC_045512.2	14362	C	A	413	379	36	1	1	26	0.00241546	414	0.969315	FALSE	ORF1ab:cds-YP_009724389.1	CTG	L	ATG	M	299
NC_045512.2	14363	T	C	409	376	36	1	1	26	0.00243902	410	0.96932	FALSE	ORF1ab:cds-YP_009724389.1	CTG	L	CCG	P	299
NC_045512.2	14365	C	T	407	374	36	1	1	26	0.00245098	408	0.969323	FALSE	ORF1ab:cds-YP_009724389.1	CAT	H	TAT	Y	300
NC_045512.2	14369	G	C	357	325	36	1	1	27	0.0027933	358	0.938372	FALSE	ORF1ab:cds-YP_009724389.1	TGT	C	TCT	S	301
NC_045512.2	14407	C	A	106	94	35	1	1	26	0.00934579	107	0.753521	FALSE	ORF1ab:cds-YP_009724389.1	CCT	P	ACT	T	314
NC_045512.2	14408	C	T	0	0	0	85	74	35	1	85	2.18703e-50	TRUE	ORF1ab:cds-YP_009724389.1	CCT	P	CTT	L	314
NC_045512.2	14994	A	G	288	14	32	1	0	34	0.00346021	289	0.500867	FALSE	ORF1ab:cds-YP_009724389.1	TCA	S	TCG	S	509
NC_045512.2	15003	T	G	386	21	35	1	0	26	0.00258398	387	0.938307	FALSE	ORF1ab:cds-YP_009724389.1	TAT	Y	TAG	*	512
NC_045512.2	15025	G	A	442	37	36	2	0	34	0.0045045	444	0.250282	FALSE	ORF1ab:cds-YP_009724389.1	GCA	A	ACA	T	520
NC_045512.2	15039	T	C	506	77	39	1	0	34	0.00197239	507	0.500494	FALSE	ORF1ab:cds-YP_009724389.1	CGT	R	CGC	R	524
NC_045512.2	15051	T	C	598	94	41	2	0	51	0.00333333	600	0.250209	FALSE	ORF1ab:cds-YP_009724389.1	CCT	P	CCC	P	528
NC_045512.2	15052	A	G	607	95	41	1	0	34	0.00164474	608	0.500412	FALSE	ORF1ab:cds-YP_009724389.1	ACT	T	GCT	A	529
NC_045512.2	15065	T	C	675	97	40	1	0	34	0.00147929	676	0.50037	FALSE	ORF1ab:cds-YP_009724389.1	ATG	M	ACG	T	533
NC_045512.2	15067	A	G	676	98	40	1	0	26	0.0014771	677	0.992348	FALSE	ORF1ab:cds-YP_009724389.1	AAT	N	GAT	D	534
NC_045512.2	15069	T	A	615	88	38	1	0	26	0.00162338	616	0.992364	FALSE	ORF1ab:cds-YP_009724389.1	AAT	N	AAA	K	534
NC_045512.2	15071	T	G	640	109	39	1	0	26	0.00156006	641	0.992357	FALSE	ORF1ab:cds-YP_009724389.1	CTT	L	CGT	R	535
NC_045512.2	15077	A	C	556	117	38	1	0	34	0.00179533	557	0.500449	FALSE	ORF1ab:cds-YP_009724389.1	TAT	Y	TCT	S	537
NC_045512.2	15089	C	G	541	128	38	1	0	34	0.00184502	542	0.500462	FALSE	ORF1ab:cds-YP_009724389.1	GCA	A	GGA	G	541
NC_045512.2	15123	T	G	548	161	38	1	0	34	0.00182149	549	0.500456	FALSE	ORF1ab:cds-YP_009724389.1	TCT	S	TCG	S	552
NC_045512.2	15131	G	A	634	169	38	1	0	34	0.0015748	635	0.500394	FALSE	ORF1ab:cds-YP_009724389.1	AGT	S	AAT	N	555
NC_045512.2	15167	T	-G	521	199	38	1	0	20	0.00191939	521	0.984777	FALSE	NA	NA	NA	NA	NA	NA
NC_045512.2	15169	A	G	505	210	37	1	0	34	0.00197628	506	0.500495	FALSE	ORF1ab:cds-YP_009724389.1	AAA	K	GAA	E	568
NC_045512.2	15174	A	G	531	244	38	1	1	68	0.0018797	532	0.50047	FALSE	ORF1ab:cds-YP_009724389.1	TCA	S	TCG	S	569
NC_045512.2	15215	G	A	638	434	39	1	1	34	0.00156495	639	0.500392	FALSE	ORF1ab:cds-YP_009724389.1	AGC	S	AAC	N	583
NC_045512.2	15231	T	G	512	402	35	1	1	26	0.00194932	513	0.984694	FALSE	ORF1ab:cds-YP_009724389.1	GGT	G	GGG	G	588
NC_045512.2	15238	A	G	671	589	36	1	1	26	0.0014881	672	0.992349	FALSE	ORF1ab:cds-YP_009724389.1	AAC	N	GAC	D	591
NC_045512.2	15245	T	C	734	655	36	1	1	34	0.00136054	735	0.50034	FALSE	ORF1ab:cds-YP_009724389.1	TTA	L	TCA	S	593
NC_045512.2	15259	A	G	780	709	37	1	1	34	0.00128041	781	0.50032	FALSE	ORF1ab:cds-YP_009724389.1	AGT	S	GGT	G	598
NC_045512.2	15275	C	-T	692	625	37	1	0	20	0.00144509	692	0.992384	FALSE	NA	NA	NA	NA	NA	NA
NC_045512.2	15284	T	C	645	588	36	1	1	26	0.00154799	646	0.992356	FALSE	ORF1ab:cds-YP_009724389.1	ATG	M	ACG	T	606
NC_045512.2	15292	G	A	580	537	35	1	1	34	0.00172117	581	0.500431	FALSE	ORF1ab:cds-YP_009724389.1	GAT	D	AAT	N	609
NC_045512.2	15299	C	A	528	504	35	1	1	34	0.00189036	529	0.500473	FALSE	ORF1ab:cds-YP_009724389.1	CCT	P	CAT	H	611
NC_045512.2	15304	T	C	493	471	35	1	1	34	0.00202429	494	0.500507	FALSE	ORF1ab:cds-YP_009724389.1	TGT	C	CGT	R	613
NC_045512.2	15309	T	G	412	391	34	1	0	34	0.00241546	414	0.5	FALSE	ORF1ab:cds-YP_009724389.1	GAT	D	GAG	E	614
NC_045512.2	15309	T	C	412	391	34	1	1	34	0.00241546	414	0.5	FALSE	ORF1ab:cds-YP_009724389.1	GAT	D	GAC	D	614
NC_045512.2	15451	G	A	0	0	0	4	2	34	1	4	0.0285714	FALSE	ORF1ab:cds-YP_009724389.1	GGT	G	AGT	S	662
NC_045512.2	15563	T	C	10158	630	32	3	1	34	0.000295247	10161	0.988795	FALSE	ORF1ab:cds-YP_009724389.1	TTA	L	TCA	S	699
NC_045512.2	15563	T	-A	10158	630	32	1	0	20	9.84155e-05	10161	1	FALSE	NA	NA	NA	NA	NA	NA
NC_045512.2	15565	T	C	10770	645	33	3	1	34	0.000278474	10773	0.988794	FALSE	ORF1ab:cds-YP_009724389.1	TCT	S	CCT	P	700
NC_045512.2	15566	C	A	11052	756	34	1	0	34	9.04732e-05	11053	0.999757	FALSE	ORF1ab:cds-YP_009724389.1	TCT	S	TAT	Y	700
NC_045512.2	15568	A	T	11472	789	34	1	0	34	8.71612e-05	11473	0.999757	FALSE	ORF1ab:cds-YP_009724389.1	ACT	T	TCT	S	701
NC_045512.2	15569	C	A	11442	782	34	1	0	34	8.73897e-05	11443	0.999757	FALSE	ORF1ab:cds-YP_009724389.1	ACT	T	AAT	N	701
NC_045512.2	15570	T	C	11406	808	34	1	0	34	8.76578e-05	11408	0.999757	FALSE	ORF1ab:cds-YP_009724389.1	ACT	T	ACC	T	701
NC_045512.2	15570	T	A	11406	808	34	1	0	26	8.76578e-05	11408	1	FALSE	ORF1ab:cds-YP_009724389.1	ACT	T	ACA	T	701
NC_045512.2	15571	G	T	11572	815	34	1	0	27	8.6408e-05	11573	1	FALSE	ORF1ab:cds-YP_009724389.1	GAT	D	TAT	Y	702
NC_045512.2	15572	A	G	11627	826	34	2	0	34	0.000171984	11629	0.998296	FALSE	ORF1ab:cds-YP_009724389.1	GAT	D	GGT	G	702
NC_045512.2	15573	T	G	11639	833	34	3	0	34	0.000257643	11644	0.99354	FALSE	ORF1ab:cds-YP_009724389.1	GAT	D	GAG	E	702
NC_045512.2	15573	T	C	11639	833	34	2	0	34	0.000171762	11644	0.998293	FALSE	ORF1ab:cds-YP_009724389.1	GAT	D	GAC	D	702
NC_045512.2	15574	G	T	11618	832	34	2	0	34	0.000172073	11623	0.998293	FALSE	ORF1ab:cds-YP_009724389.1	GGT	G	TGT	C	703
NC_045512.2	15574	G	A	11618	832	34	3	0	31	0.000258109	11623	0.99354	FALSE	ORF1ab:cds-YP_009724389.1	GGT	G	AGT	S	703
NC_045512.2	15575	G	C	11754	840	34	1	0	34	8.50629e-05	11756	0.999757	FALSE	ORF1ab:cds-YP_009724389.1	GGT	G	GCT	A	703
NC_045512.2	15575	G	A	11754	840	34	1	0	26	8.50629e-05	11756	1	FALSE	ORF1ab:cds-YP_009724389.1	GGT	G	GAT	D	703
NC_045512.2	15576	T	A	11834	802	34	2	1	26	0.000168976	11836	1	FALSE	ORF1ab:cds-YP_009724389.1	GGT	G	GGA	G	703
NC_045512.2	15578	A	G	11927	867	34	2	0	34	0.000167659	11929	0.998296	FALSE	ORF1ab:cds-YP_009724389.1	AAC	N	AGC	S	704
NC_045512.2	15579	C	T	11829	865	34	1	0	34	8.45166e-05	11832	0.999756	FALSE	ORF1ab:cds-YP_009724389.1	AAC	N	AAT	N	704
NC_045512.2	15579	C	G	11829	865	34	1	0	34	8.45166e-05	11832	0.999756	FALSE	ORF1ab:cds-YP_009724389.1	AAC	N	AAG	K	704
NC_045512.2	15579	C	A	11829	865	34	1	0	34	8.45166e-05	11832	0.999756	FALSE	ORF1ab:cds-YP_009724389.1	AAC	N	AAA	K	704
NC_045512.2	15579	C	-A	11829	865	34	1	0	20	8.45166e-05	11832	1	FALSE	NA	NA	NA	NA	NA	NA
NC_045512.2	15580	A	G	10400	932	32	5	0	34	0.000480538	10405	0.940831	FALSE	ORF1ab:cds-YP_009724389.1	AAA	K	GAA	E	705
NC_045512.2	15581	A	G	12131	930	35	1	0	34	8.24266e-05	12132	0.999878	FALSE	ORF1ab:cds-YP_009724389.1	AAA	K	AGA	R	705
NC_045512.2	15583	A	G	12156	933	35	1	0	34	8.22571e-05	12157	0.999878	FALSE	ORF1ab:cds-YP_009724389.1	ATT	I	GTT	V	706
NC_045512.2	15584	T	G	12067	938	35	1	0	34	8.28638e-05	12068	0.999878	FALSE	ORF1ab:cds-YP_009724389.1	ATT	I	AGT	S	706
NC_045512.2	15585	T	A	12006	969	35	1	0	34	8.32848e-05	12007	0.999878	FALSE	ORF1ab:cds-YP_009724389.1	ATT	I	ATA	I	706
NC_045512.2	15586	G	A	12431	975	35	1	0	34	8.04376e-05	12432	0.999878	FALSE	ORF1ab:cds-YP_009724389.1	GCC	A	ACC	T	707
NC_045512.2	15589	G	T	12579	994	35	1	0	34	7.94849e-05	12581	0.999878	FALSE	ORF1ab:cds-YP_009724389.1	GAT	D	TAT	Y	708
NC_045512.2	15589	G	A	12579	994	35	1	0	27	7.94849e-05	12581	1	FALSE	ORF1ab:cds-YP_009724389.1	GAT	D	AAT	N	708
NC_045512.2	15591	T	G	12760	1035	35	8	0	32	0.000626517	12769	0.868506	FALSE	ORF1ab:cds-YP_009724389.1	GAT	D	GAG	E	708
NC_045512.2	15591	T	A	12760	1035	35	1	0	34	7.83147e-05	12769	0.999878	FALSE	ORF1ab:cds-YP_009724389.1	GAT	D	GAA	E	708
NC_045512.2	15592	A	T	11689	1032	34	1	0	26	8.55286e-05	11692	1	FALSE	ORF1ab:cds-YP_009724389.1	AAG	K	TAG	*	709
NC_045512.2	15592	A	G	11689	1032	34	2	0	34	0.000171057	11692	0.998295	FALSE	ORF1ab:cds-YP_009724389.1	AAG	K	GAG	E	709
NC_045512.2	15593	A	G	12861	1043	35	3	0	34	0.000233209	12864	0.996317	FALSE	ORF1ab:cds-YP_009724389.1	AAG	K	AGG	R	709
NC_045512.2	15595	T	C	13404	1045	35	1	0	34	7.4599e-05	13405	0.999939	FALSE	ORF1ab:cds-YP_009724389.1	TAT	Y	CAT	H	710
NC_045512.2	15596	A	G	13435	1113	35	3	0	31	0.000223248	13438	0.997916	FALSE	ORF1ab:cds-YP_009724389.1	TAT	Y	TGT	C	710
NC_045512.2	15597	T	C	13408	1095	35	1	0	34	7.45768e-05	13409	0.999939	FALSE	ORF1ab:cds-YP_009724389.1	TAT	Y	TAC	Y	710
NC_045512.2	15598	G	T	13617	1124	36	2	0	34	0.000146854	13619	0.999513	FALSE	ORF1ab:cds-YP_009724389.1	GTC	V	TTC	F	711
NC_045512.2	15599	T	C	13599	1129	36	3	0	34	0.000220556	13602	0.997916	FALSE	ORF1ab:cds-YP_009724389.1	GTC	V	GCC	A	711
NC_045512.2	15601	C	A	13629	1155	36	1	0	34	7.33676e-05	13630	0.999939	FALSE	ORF1ab:cds-YP_009724389.1	CGC	R	AGC	S	712
NC_045512.2	15602	G	A	13723	1150	36	7	0	34	0.000509832	13730	0.942426	FALSE	ORF1ab:cds-YP_009724389.1	CGC	R	CAC	H	712
NC_045512.2	15603	C	G	13742	1158	36	1	0	34	7.27643e-05	13743	0.999939	FALSE	ORF1ab:cds-YP_009724389.1	CGC	R	CGG	R	712
NC_045512.2	15604	A	G	13731	1190	36	2	0	34	0.000145635	13733	0.999513	FALSE	ORF1ab:cds-YP_009724389.1	AAT	N	GAT	D	713
NC_045512.2	15605	A	T	14373	1208	36	1	0	34	6.95652e-05	14375	0.99997	FALSE	ORF1ab:cds-YP_009724389.1	AAT	N	ATT	I	713
NC_045512.2	15605	A	G	14373	1208	36	1	0	34	6.95652e-05	14375	0.99997	FALSE	ORF1ab:cds-YP_009724389.1	AAT	N	AGT	S	713
NC_045512.2	15607	T	C	15138	1238	36	2	0	51	0.0001321	15140	0.250008	FALSE	ORF1ab:cds-YP_009724389.1	TTA	L	CTA	L	714
NC_045512.2	15608	T	A	15158	1242	36	2	0	26	0.000131926	15160	1	FALSE	ORF1ab:cds-YP_009724389.1	TTA	L	TAA	*	714
NC_045512.2	15609	A	G	15250	1205	36	3	1	34	0.000196683	15253	0.999346	FALSE	ORF1ab:cds-YP_009724389.1	TTA	L	TTG	L	714
NC_045512.2	15612	A	T	15797	1335	36	1	0	26	6.32911e-05	15800	1	FALSE	ORF1ab:cds-YP_009724389.1	CAA	Q	CAT	H	715
NC_045512.2	15612	A	G	15797	1335	36	2	0	34	0.000126582	15800	0.999863	FALSE	ORF1ab:cds-YP_009724389.1	CAA	Q	CAG	Q	715
NC_045512.2	15613	C	T	15834	1351	36	1	0	34	6.31512e-05	15835	0.999985	FALSE	ORF1ab:cds-YP_009724389.1	CAC	H	TAC	Y	716
NC_045512.2	15614	A	T	15485	1348	36	1	0	34	6.45703e-05	15487	0.999985	FALSE	ORF1ab:cds-YP_009724389.1	CAC	H	CTC	L	716
NC_045512.2	15614	A	G	15485	1348	36	1	0	34	6.45703e-05	15487	0.999985	FALSE	ORF1ab:cds-YP_009724389.1	CAC	H	CGC	R	716
NC_045512.2	15615	C	G	15733	1346	36	2	0	34	0.000127105	15735	0.999863	FALSE	ORF1ab:cds-YP_009724389.1	CAC	H	CAG	Q	716
NC_045512.2	15616	A	T	15648	1346	36	2	0	34	0.000127755	15655	0.999863	FALSE	ORF1ab:cds-YP_009724389.1	AGA	R	TGA	*	717
NC_045512.2	15616	A	G	15648	1346	36	5	0	30	0.000319387	15655	0.994102	FALSE	ORF1ab:cds-YP_009724389.1	AGA	R	GGA	G	717
NC_045512.2	15616	A	-G	15648	1346	36	1	0	20	6.38774e-05	15655	1	FALSE	NA	NA	NA	NA	NA	NA
NC_045512.2	15617	G	T	17522	1374	36	4	0	30	0.000228154	17532	0.999256	FALSE	ORF1ab:cds-YP_009724389.1	AGA	R	ATA	I	717
NC_045512.2	15617	G	C	17522	1374	36	6	0	34	0.000342231	17532	0.994693	FALSE	ORF1ab:cds-YP_009724389.1	AGA	R	ACA	T	717
NC_045512.2	15618	A	T	17352	1413	36	2	0	34	0.000115227	17357	0.999962	FALSE	ORF1ab:cds-YP_009724389.1	AGA	R	AGT	S	717
NC_045512.2	15618	A	G	17352	1413	36	3	0	31	0.000172841	17357	0.999799	FALSE	ORF1ab:cds-YP_009724389.1	AGA	R	AGG	R	717
NC_045512.2	15619	C	G	19762	1474	36	1	0	26	5.0597e-05	19764	1	FALSE	ORF1ab:cds-YP_009724389.1	CTT	L	GTT	V	718
NC_045512.2	15619	C	A	19762	1474	36	1	0	34	5.0597e-05	19764	0.999999	FALSE	ORF1ab:cds-YP_009724389.1	CTT	L	ATT	I	718
NC_045512.2	15620	T	G	19383	1411	35	1	0	34	5.1581e-05	19387	0.999999	FALSE	ORF1ab:cds-YP_009724389.1	CTT	L	CGT	R	718
NC_045512.2	15620	T	C	19383	1411	35	2	0	34	0.000103162	19387	0.99999	FALSE	ORF1ab:cds-YP_009724389.1	CTT	L	CCT	P	718
NC_045512.2	15620	T	A	19383	1411	35	1	0	34	5.1581e-05	19387	0.999999	FALSE	ORF1ab:cds-YP_009724389.1	CTT	L	CAT	H	718
NC_045512.2	15621	T	C	19782	1610	36	2	0	34	0.000101087	19785	0.99999	FALSE	ORF1ab:cds-YP_009724389.1	CTT	L	CTC	L	718
NC_045512.2	15621	T	A	19782	1610	36	1	0	34	5.05433e-05	19785	0.999999	FALSE	ORF1ab:cds-YP_009724389.1	CTT	L	CTA	L	718
NC_045512.2	15622	T	G	19932	1606	36	2	0	30	0.000100326	19935	0.99999	FALSE	ORF1ab:cds-YP_009724389.1	TAT	Y	GAT	D	719
NC_045512.2	15622	T	C	19932	1606	36	1	0	34	5.0163e-05	19935	0.999999	FALSE	ORF1ab:cds-YP_009724389.1	TAT	Y	CAT	H	719
NC_045512.2	15623	A	G	19795	1605	36	3	1	40	0.00015153	19798	0.312509	FALSE	ORF1ab:cds-YP_009724389.1	TAT	Y	TGT	C	719
NC_045512.2	15624	T	G	19969	1604	36	1	0	34	5.00726e-05	19971	0.999999	FALSE	ORF1ab:cds-YP_009724389.1	TAT	Y	TAG	*	719
NC_045512.2	15624	T	A	19969	1604	36	1	0	26	5.00726e-05	19971	1	FALSE	ORF1ab:cds-YP_009724389.1	TAT	Y	TAA	*	719
NC_045512.2	15626	A	G	19732	1620	36	4	0	32	0.000202675	19736	0.999757	FALSE	ORF1ab:cds-YP_009724389.1	GAG	E	GGG	G	720
NC_045512.2	15627	G	A	20243	1604	36	3	0	28	0.000148177	20246	1	FALSE	ORF1ab:cds-YP_009724389.1	GAG	E	GAA	E	720
NC_045512.2	15629	G	A	20418	1663	36	1	0	34	4.8974e-05	20419	1	FALSE	ORF1ab:cds-YP_009724389.1	TGT	C	TAT	Y	721
NC_045512.2	15630	T	C	19904	1843	36	3	0	45	0.000150693	19908	0.312491	FALSE	ORF1ab:cds-YP_009724389.1	TGT	C	TGC	C	721
NC_045512.2	15630	T	A	19904	1843	36	1	0	26	5.02311e-05	19908	1	FALSE	ORF1ab:cds-YP_009724389.1	TGT	C	TGA	*	721
NC_045512.2	15631	C	T	21287	1904	37	1	0	34	4.69748e-05	21288	1	FALSE	ORF1ab:cds-YP_009724389.1	CTC	L	TTC	F	722
NC_045512.2	15634	T	C	21689	1965	37	1	0	34	4.61042e-05	21690	1	FALSE	ORF1ab:cds-YP_009724389.1	TAT	Y	CAT	H	723
NC_045512.2	15635	A	G	21495	2180	37	6	0	28	0.000279057	21501	1	FALSE	ORF1ab:cds-YP_009724389.1	TAT	Y	TGT	C	723
NC_045512.2	15636	T	C	21837	2189	38	3	0	31	0.000137363	21840	0.999982	FALSE	ORF1ab:cds-YP_009724389.1	TAT	Y	TAC	Y	723
NC_045512.2	15637	A	G	20047	2194	37	6	0	31	0.000299207	20053	0.998757	FALSE	ORF1ab:cds-YP_009724389.1	AGA	R	GGA	G	724
NC_045512.2	15638	G	T	22285	2198	38	1	0	26	4.48712e-05	22286	1	FALSE	ORF1ab:cds-YP_009724389.1	AGA	R	ATA	I	724
NC_045512.2	15639	A	T	22146	2213	37	1	0	34	4.51508e-05	22148	1	FALSE	ORF1ab:cds-YP_009724389.1	AGA	R	AGT	S	724
NC_045512.2	15639	A	G	22146	2213	37	1	0	34	4.51508e-05	22148	1	FALSE	ORF1ab:cds-YP_009724389.1	AGA	R	AGG	R	724
NC_045512.2	15640	A	G	22463	2225	38	5	0	30	0.000222539	22468	0.999845	FALSE	ORF1ab:cds-YP_009724389.1	AAT	N	GAT	D	725
NC_045512.2	15641	A	G	22301	2300	38	1	0	34	4.4839e-05	22302	1	FALSE	ORF1ab:cds-YP_009724389.1	AAT	N	AGT	S	725
NC_045512.2	15642	T	G	22261	2220	38	1	0	26	4.49176e-05	22263	1	FALSE	ORF1ab:cds-YP_009724389.1	AAT	N	AAG	K	725
NC_045512.2	15642	T	A	22261	2220	38	1	0	26	4.49176e-05	22263	1	FALSE	ORF1ab:cds-YP_009724389.1	AAT	N	AAA	K	725
NC_045512.2	15643	A	T	21397	2254	37	4	0	30	0.000186898	21402	0.999922	FALSE	ORF1ab:cds-YP_009724389.1	AGA	R	TGA	*	726
NC_045512.2	15643	A	G	21397	2254	37	1	0	34	4.67246e-05	21402	1	FALSE	ORF1ab:cds-YP_009724389.1	AGA	R	GGA	G	726
NC_045512.2	15644	G	A	21644	2331	38	1	0	34	4.62e-05	21645	1	FALSE	ORF1ab:cds-YP_009724389.1	AGA	R	AAA	K	726
NC_045512.2	15645	A	G	19078	2494	36	1	0	34	5.24109e-05	19080	0.999999	FALSE	ORF1ab:cds-YP_009724389.1	AGA	R	AGG	R	726
NC_045512.2	15645	A	C	19078	2494	36	1	1	27	5.24109e-05	19080	1	FALSE	ORF1ab:cds-YP_009724389.1	AGA	R	AGC	S	726
NC_045512.2	15646	G	A	21173	2509	38	2	0	30	9.4451e-05	21175	0.999997	FALSE	ORF1ab:cds-YP_009724389.1	GAT	D	AAT	N	727
NC_045512.2	15646	G	+A	21173	2509	38	1	0	20	4.72255e-05	21175	1	FALSE	NA	NA	NA	NA	NA	NA
NC_045512.2	15647	A	T	18650	2518	35	1	0	34	5.36021e-05	18656	0.999998	FALSE	ORF1ab:cds-YP_009724389.1	GAT	D	GTT	V	727
NC_045512.2	15647	A	G	18650	2518	35	5	1	34	0.00026801	18656	0.998704	FALSE	ORF1ab:cds-YP_009724389.1	GAT	D	GGT	G	727
NC_045512.2	15649	G	T	20562	2671	37	2	0	34	9.72479e-05	20566	0.999995	FALSE	ORF1ab:cds-YP_009724389.1	GTT	V	TTT	F	728
NC_045512.2	15649	G	A	20562	2671	37	2	0	34	9.72479e-05	20566	0.999995	FALSE	ORF1ab:cds-YP_009724389.1	GTT	V	ATT	I	728
NC_045512.2	15650	T	C	19737	2622	37	2	1	34	0.000101317	19740	0.99999	FALSE	ORF1ab:cds-YP_009724389.1	GTT	V	GCT	A	728
NC_045512.2	15650	T	A	19737	2622	37	1	0	26	5.06586e-05	19740	1	FALSE	ORF1ab:cds-YP_009724389.1	GTT	V	GAT	D	728
NC_045512.2	15651	T	C	19225	2801	37	5	1	46	0.000259997	19231	0.109357	FALSE	ORF1ab:cds-YP_009724389.1	GTT	V	GTC	V	728
NC_045512.2	15651	T	A	19225	2801	37	1	0	26	5.19994e-05	19231	1	FALSE	ORF1ab:cds-YP_009724389.1	GTT	V	GTA	V	728
NC_045512.2	15652	G	T	20195	2927	37	1	0	34	4.95148e-05	20196	1	FALSE	ORF1ab:cds-YP_009724389.1	GAC	D	TAC	Y	729
NC_045512.2	15653	A	G	20318	3171	37	1	0	34	4.9215e-05	20319	1	FALSE	ORF1ab:cds-YP_009724389.1	GAC	D	GGC	G	729
NC_045512.2	15654	C	A	20452	3408	38	1	0	34	4.88926e-05	20453	1	FALSE	ORF1ab:cds-YP_009724389.1	GAC	D	GAA	E	729
NC_045512.2	15655	A	T	19696	3343	38	2	0	30	0.000101507	19703	0.99999	FALSE	ORF1ab:cds-YP_009724389.1	ACA	T	TCA	S	730
NC_045512.2	15655	A	G	19696	3343	38	5	0	34	0.000253768	19703	0.99923	FALSE	ORF1ab:cds-YP_009724389.1	ACA	T	GCA	A	730
NC_045512.2	15656	C	A	20395	3348	38	1	0	34	4.90292e-05	20396	1	FALSE	ORF1ab:cds-YP_009724389.1	ACA	T	AAA	K	730
NC_045512.2	15657	A	T	19673	3219	38	2	1	29	0.000101647	19676	1	FALSE	ORF1ab:cds-YP_009724389.1	ACA	T	ACT	T	730
NC_045512.2	15657	A	G	19673	3219	38	1	0	68	5.08233e-05	19676	0.499987	FALSE	ORF1ab:cds-YP_009724389.1	ACA	T	ACG	T	730
NC_045512.2	15660	C	G	18353	3598	37	2	0	34	0.000108944	18358	0.99998	FALSE	ORF1ab:cds-YP_009724389.1	GAC	D	GAG	E	731
NC_045512.2	15660	C	A	18353	3598	37	3	2	34	0.000163416	18358	0.99989	FALSE	ORF1ab:cds-YP_009724389.1	GAC	D	GAA	E	731
NC_045512.2	15661	T	G	17353	2707	36	1	0	26	5.7617e-05	17356	1	FALSE	ORF1ab:cds-YP_009724389.1	TTT	F	GTT	V	732
NC_045512.2	15661	T	C	17353	2707	36	1	0	26	5.7617e-05	17356	1	FALSE	ORF1ab:cds-YP_009724389.1	TTT	F	CTT	L	732
NC_045512.2	15661	T	A	17353	2707	36	1	0	26	5.7617e-05	17356	1	FALSE	ORF1ab:cds-YP_009724389.1	TTT	F	ATT	I	732
NC_045512.2	15662	T	A	18240	3848	38	1	0	26	5.48216e-05	18241	1	FALSE	ORF1ab:cds-YP_009724389.1	TTT	F	TAT	Y	732
NC_045512.2	15663	T	C	18280	3841	38	15	5	36	0.000819896	18295	0.756723	FALSE	ORF1ab:cds-YP_009724389.1	TTT	F	TTC	F	732
NC_045512.2	15665	T	G	17768	3808	37	1	0	34	5.62715e-05	17771	0.999996	FALSE	ORF1ab:cds-YP_009724389.1	GTG	V	GGG	G	733
NC_045512.2	15665	T	C	17768	3808	37	2	0	34	0.000112543	17771	0.999962	FALSE	ORF1ab:cds-YP_009724389.1	GTG	V	GCG	A	733
NC_045512.2	15666	G	C	18175	3930	38	1	1	26	5.50176e-05	18176	1	FALSE	ORF1ab:cds-YP_009724389.1	GTG	V	GTC	V	733
NC_045512.2	15667	A	G	17757	3825	37	5	2	32	0.0002815	17762	0.997835	FALSE	ORF1ab:cds-YP_009724389.1	AAT	N	GAT	D	734
NC_045512.2	15668	A	G	17476	3963	37	3	0	42	0.000171625	17480	0.312489	FALSE	ORF1ab:cds-YP_009724389.1	AAT	N	AGT	S	734
NC_045512.2	15668	A	C	17476	3963	37	1	0	34	5.72082e-05	17480	0.999996	FALSE	ORF1ab:cds-YP_009724389.1	AAT	N	ACT	T	734
NC_045512.2	15669	T	G	18025	4608	38	1	0	34	5.54754e-05	18026	0.999998	FALSE	ORF1ab:cds-YP_009724389.1	AAT	N	AAG	K	734
NC_045512.2	15670	G	A	18110	4657	38	2	1	51	0.000110424	18112	0.250007	FALSE	ORF1ab:cds-YP_009724389.1	GAG	E	AAG	K	735
NC_045512.2	15672	G	T	18437	4650	38	1	0	34	5.42329e-05	18439	0.999998	FALSE	ORF1ab:cds-YP_009724389.1	GAG	E	GAT	D	735
NC_045512.2	15672	G	C	18437	4650	38	1	1	26	5.42329e-05	18439	1	FALSE	ORF1ab:cds-YP_009724389.1	GAG	E	GAC	D	735
NC_045512.2	15672	G	-T	18437	4650	38	1	0	20	5.42329e-05	18439	1	FALSE	NA	NA	NA	NA	NA	NA
NC_045512.2	15673	T	G	18273	4742	38	1	0	34	5.47196e-05	18275	0.999998	FALSE	ORF1ab:cds-YP_009724389.1	TTT	F	GTT	V	736
NC_045512.2	15673	T	C	18273	4742	38	1	0	34	5.47196e-05	18275	0.999998	FALSE	ORF1ab:cds-YP_009724389.1	TTT	F	CTT	L	736
NC_045512.2	15675	T	A	18357	4813	38	2	0	34	0.000108938	18359	0.99998	FALSE	ORF1ab:cds-YP_009724389.1	TTT	F	TTA	L	736
NC_045512.2	15676	T	G	17833	4786	38	2	0	30	0.000112101	17841	0.999962	FALSE	ORF1ab:cds-YP_009724389.1	TAC	Y	GAC	D	737
NC_045512.2	15676	T	C	17833	4786	38	1	0	26	5.60507e-05	17841	1	FALSE	ORF1ab:cds-YP_009724389.1	TAC	Y	CAC	H	737
NC_045512.2	15676	T	A	17833	4786	38	5	0	30	0.000280253	17841	0.997832	FALSE	ORF1ab:cds-YP_009724389.1	TAC	Y	AAC	N	737
NC_045512.2	15677	A	T	18584	5095	39	1	1	34	5.3801e-05	18587	0.999998	FALSE	ORF1ab:cds-YP_009724389.1	TAC	Y	TTC	F	737
NC_045512.2	15677	A	G	18584	5095	39	2	0	51	0.000107602	18587	0.249993	FALSE	ORF1ab:cds-YP_009724389.1	TAC	Y	TGC	C	737
NC_045512.2	15678	C	T	18686	5131	39	1	1	34	5.3496e-05	18693	0.999998	FALSE	ORF1ab:cds-YP_009724389.1	TAC	Y	TAT	Y	737
NC_045512.2	15678	C	G	18686	5131	39	2	0	26	0.000106992	18693	1	FALSE	ORF1ab:cds-YP_009724389.1	TAC	Y	TAG	*	737
NC_045512.2	15678	C	A	18686	5131	39	4	0	30	0.000213984	18693	0.999573	FALSE	ORF1ab:cds-YP_009724389.1	TAC	Y	TAA	*	737
NC_045512.2	15679	G	T	18745	5096	39	1	0	34	5.33333e-05	18750	0.999998	FALSE	ORF1ab:cds-YP_009724389.1	GCA	A	TCA	S	738
NC_045512.2	15679	G	A	18745	5096	39	4	1	34	0.000213333	18750	0.999574	FALSE	ORF1ab:cds-YP_009724389.1	GCA	A	ACA	T	738
NC_045512.2	15680	C	T	18921	5216	39	1	1	34	5.28485e-05	18922	0.999998	FALSE	ORF1ab:cds-YP_009724389.1	GCA	A	GTA	V	738
NC_045512.2	15681	A	T	18621	5392	39	1	0	26	5.3697e-05	18623	1	FALSE	ORF1ab:cds-YP_009724389.1	GCA	A	GCT	A	738
NC_045512.2	15681	A	G	18621	5392	39	1	0	68	5.3697e-05	18623	0.5	FALSE	ORF1ab:cds-YP_009724389.1	GCA	A	GCG	A	738
NC_045512.2	15682	T	G	18512	4982	38	1	0	26	5.40161e-05	18513	1	FALSE	ORF1ab:cds-YP_009724389.1	TAT	Y	GAT	D	739
NC_045512.2	15683	A	G	18898	5423	39	1	0	34	5.29129e-05	18899	0.999998	FALSE	ORF1ab:cds-YP_009724389.1	TAT	Y	TGT	C	739
NC_045512.2	15684	T	G	17983	4331	37	1	1	34	5.5605e-05	17984	0.999996	FALSE	ORF1ab:cds-YP_009724389.1	TAT	Y	TAG	*	739
NC_045512.2	15685	T	C	19060	5429	39	5	1	40	0.000262261	19065	0.109369	FALSE	ORF1ab:cds-YP_009724389.1	TTG	L	CTG	L	740
NC_045512.2	15686	T	C	19080	5373	39	9	1	34	0.000471476	19089	0.98219	FALSE	ORF1ab:cds-YP_009724389.1	TTG	L	TCG	S	740
NC_045512.2	15687	G	A	19126	5448	39	1	0	60	5.22821e-05	19127	0.500013	FALSE	ORF1ab:cds-YP_009724389.1	TTG	L	TTA	L	740
NC_045512.2	15688	C	T	18886	5416	39	1	1	34	5.29437e-05	18888	0.999998	FALSE	ORF1ab:cds-YP_009724389.1	CGT	R	TGT	C	741
NC_045512.2	15688	C	G	18886	5416	39	1	0	26	5.29437e-05	18888	1	FALSE	ORF1ab:cds-YP_009724389.1	CGT	R	GGT	G	741
NC_045512.2	15689	G	C	19022	5418	39	1	1	34	5.25597e-05	19026	0.999999	FALSE	ORF1ab:cds-YP_009724389.1	CGT	R	CCT	P	741
NC_045512.2	15689	G	A	19022	5418	39	3	0	34	0.000157679	19026	0.99994	FALSE	ORF1ab:cds-YP_009724389.1	CGT	R	CAT	H	741
NC_045512.2	15690	T	G	18875	5462	39	1	0	34	5.29745e-05	18877	0.999998	FALSE	ORF1ab:cds-YP_009724389.1	CGT	R	CGG	R	741
NC_045512.2	15690	T	C	18875	5462	39	1	0	34	5.29745e-05	18877	0.999998	FALSE	ORF1ab:cds-YP_009724389.1	CGT	R	CGC	R	741
NC_045512.2	15690	T	-A	18875	5462	39	1	0	20	5.29745e-05	18877	1	FALSE	NA	NA	NA	NA	NA	NA
NC_045512.2	15691	A	G	18906	5525	39	5	0	34	0.000264396	18911	0.998704	FALSE	ORF1ab:cds-YP_009724389.1	AAA	K	GAA	E	742
NC_045512.2	15692	A	G	19078	5672	39	2	2	51	0.000104822	19080	0.250007	FALSE	ORF1ab:cds-YP_009724389.1	AAA	K	AGA	R	742
NC_045512.2	15694	C	A	19241	5868	39	1	0	34	5.19696e-05	19242	0.999999	FALSE	ORF1ab:cds-YP_009724389.1	CAT	H	AAT	N	743
NC_045512.2	15695	A	G	18508	5822	38	1	0	34	5.40278e-05	18509	0.999998	FALSE	ORF1ab:cds-YP_009724389.1	CAT	H	CGT	R	743
NC_045512.2	15696	T	C	19170	5899	39	1	0	34	5.21621e-05	19171	0.999999	FALSE	ORF1ab:cds-YP_009724389.1	CAT	H	CAC	H	743
NC_045512.2	15697	T	C	19170	5856	39	1	0	34	5.21621e-05	19171	0.999999	FALSE	ORF1ab:cds-YP_009724389.1	TTC	F	CTC	L	744
NC_045512.2	15698	T	C	18785	5336	38	1	1	68	5.32311e-05	18786	0.500013	FALSE	ORF1ab:cds-YP_009724389.1	TTC	F	TCC	S	744
NC_045512.2	15699	C	T	19339	5886	39	1	1	34	5.1701e-05	19342	0.999999	FALSE	ORF1ab:cds-YP_009724389.1	TTC	F	TTT	F	744
NC_045512.2	15699	C	A	19339	5886	39	2	1	34	0.000103402	19342	0.99999	FALSE	ORF1ab:cds-YP_009724389.1	TTC	F	TTA	L	744
NC_045512.2	15700	T	C	19309	5836	39	4	3	34	0.000207114	19313	0.999757	FALSE	ORF1ab:cds-YP_009724389.1	TCA	S	CCA	P	745
NC_045512.2	15701	C	T	19617	6251	39	2	0	34	0.000101942	19619	0.99999	FALSE	ORF1ab:cds-YP_009724389.1	TCA	S	TTA	L	745
NC_045512.2	15702	A	G	19200	6138	39	2	0	30	0.000104156	19202	0.99999	FALSE	ORF1ab:cds-YP_009724389.1	TCA	S	TCG	S	745
NC_045512.2	15703	A	T	19514	6215	39	1	1	26	5.12426e-05	19515	1	FALSE	ORF1ab:cds-YP_009724389.1	ATG	M	TTG	L	746
NC_045512.2	15705	G	T	19827	6201	39	2	1	34	0.000100857	19830	0.99999	FALSE	ORF1ab:cds-YP_009724389.1	ATG	M	ATT	I	746
NC_045512.2	15705	G	C	19827	6201	39	1	1	26	5.04286e-05	19830	1	FALSE	ORF1ab:cds-YP_009724389.1	ATG	M	ATC	I	746
NC_045512.2	15707	T	C	19266	6215	39	3	1	34	0.00015569	19269	0.99994	FALSE	ORF1ab:cds-YP_009724389.1	ATG	M	ACG	T	747
NC_045512.2	15708	G	T	18891	6380	39	1	0	34	5.29297e-05	18893	0.999998	FALSE	ORF1ab:cds-YP_009724389.1	ATG	M	ATT	I	747
NC_045512.2	15708	G	A	18891	6380	39	1	0	26	5.29297e-05	18893	1	FALSE	ORF1ab:cds-YP_009724389.1	ATG	M	ATA	I	747
NC_045512.2	15709	A	G	18570	6379	38	1	0	34	5.38474e-05	18571	0.999998	FALSE	ORF1ab:cds-YP_009724389.1	ATA	I	GTA	V	748
NC_045512.2	15710	T	G	18827	6390	38	1	0	26	5.30983e-05	18833	1	FALSE	ORF1ab:cds-YP_009724389.1	ATA	I	AGA	R	748
NC_045512.2	15710	T	C	18827	6390	38	5	1	34	0.000265491	18833	0.998704	FALSE	ORF1ab:cds-YP_009724389.1	ATA	I	ACA	T	748
NC_045512.2	15711	A	T	17880	6402	38	2	0	30	0.000111838	17883	0.999962	FALSE	ORF1ab:cds-YP_009724389.1	ATA	I	ATT	I	748
NC_045512.2	15711	A	G	17880	6402	38	1	0	34	5.5919e-05	17883	0.999996	FALSE	ORF1ab:cds-YP_009724389.1	ATA	I	ATG	M	748
NC_045512.2	15712	C	A	18801	6544	38	2	2	30	0.000106366	18803	0.99998	FALSE	ORF1ab:cds-YP_009724389.1	CTC	L	ATC	I	749
NC_045512.2	15712	C	+A	18801	6544	38	1	0	20	5.3183e-05	18803	1	FALSE	NA	NA	NA	NA	NA	NA
NC_045512.2	15713	T	C	18723	6389	38	4	4	32	0.000213595	18727	0.999574	FALSE	ORF1ab:cds-YP_009724389.1	CTC	L	CCC	P	749
NC_045512.2	15714	C	T	3	0	34	18579	6358	38	0.999785	18583	0	TRUE	ORF1ab:cds-YP_009724389.1	CTC	L	CTT	L	749
NC_045512.2	15714	C	G	3	0	34	1	0	34	5.38126e-05	18583	0.00408316	TRUE	ORF1ab:cds-YP_009724389.1	CTC	L	CTG	L	749
NC_045512.2	15714	C	-T	3	0	34	1	0	20	5.38126e-05	18583	0.0394364	FALSE	NA	NA	NA	NA	NA	NA
NC_045512.2	15716	C	T	17367	6594	38	1	0	34	5.75738e-05	17369	0.999996	FALSE	ORF1ab:cds-YP_009724389.1	TCT	S	TTT	F	750
NC_045512.2	15716	C	G	17367	6594	38	1	1	34	5.75738e-05	17369	0.999996	FALSE	ORF1ab:cds-YP_009724389.1	TCT	S	TGT	C	750
NC_045512.2	15718	G	A	17384	6562	38	1	1	34	5.75209e-05	17385	0.999996	FALSE	ORF1ab:cds-YP_009724389.1	GAC	D	AAC	N	751
NC_045512.2	15719	A	G	17367	6534	38	3	3	34	0.000172712	17370	0.9998	FALSE	ORF1ab:cds-YP_009724389.1	GAC	D	GGC	G	751
NC_045512.2	15721	G	C	15623	6685	37	2	2	30	0.000128	15625	0.999863	FALSE	ORF1ab:cds-YP_009724389.1	GAT	D	CAT	H	752
NC_045512.2	15722	A	T	16233	6882	37	1	1	26	6.15801e-05	16239	1	FALSE	ORF1ab:cds-YP_009724389.1	GAT	D	GTT	V	752
NC_045512.2	15722	A	G	16233	6882	37	1	0	26	6.15801e-05	16239	1	FALSE	ORF1ab:cds-YP_009724389.1	GAT	D	GGT	G	752
NC_045512.2	15722	A	C	16233	6882	37	4	4	30	0.000246321	16239	0.998715	FALSE	ORF1ab:cds-YP_009724389.1	GAT	D	GCT	A	752
NC_045512.2	15723	T	G	16144	6858	37	2	0	30	0.000123862	16147	0.999928	FALSE	ORF1ab:cds-YP_009724389.1	GAT	D	GAG	E	752
NC_045512.2	15723	T	A	16144	6858	37	1	0	34	6.1931e-05	16147	0.999992	FALSE	ORF1ab:cds-YP_009724389.1	GAT	D	GAA	E	752
NC_045512.2	15724	G	T	16381	6892	37	1	0	34	6.10277e-05	16386	0.999992	FALSE	ORF1ab:cds-YP_009724389.1	GCT	A	TCT	S	753
NC_045512.2	15724	G	C	16381	6892	37	3	3	31	0.000183083	16386	0.999637	FALSE	ORF1ab:cds-YP_009724389.1	GCT	A	CCT	P	753
NC_045512.2	15724	G	A	16381	6892	37	1	1	68	6.10277e-05	16386	0.499954	FALSE	ORF1ab:cds-YP_009724389.1	GCT	A	ACT	T	753
NC_045512.2	15725	C	T	16013	6995	37	3	0	34	0.000187301	16017	0.999637	FALSE	ORF1ab:cds-YP_009724389.1	GCT	A	GTT	V	753
NC_045512.2	15725	C	A	16013	6995	37	1	0	34	6.24337e-05	16017	0.999992	FALSE	ORF1ab:cds-YP_009724389.1	GCT	A	GAT	D	753
NC_045512.2	15726	T	G	16170	6927	37	1	1	34	6.18353e-05	16172	0.999992	FALSE	ORF1ab:cds-YP_009724389.1	GCT	A	GCG	A	753
NC_045512.2	15726	T	C	16170	6927	37	1	1	34	6.18353e-05	16172	0.999992	FALSE	ORF1ab:cds-YP_009724389.1	GCT	A	GCC	A	753
NC_045512.2	15727	G	T	16741	6995	37	3	0	31	0.000179158	16745	0.999637	FALSE	ORF1ab:cds-YP_009724389.1	GTT	V	TTT	F	754
NC_045512.2	15727	G	A	16741	6995	37	1	0	34	5.97193e-05	16745	0.999992	FALSE	ORF1ab:cds-YP_009724389.1	GTT	V	ATT	I	754
NC_045512.2	15729	T	C	16635	6993	37	1	0	34	6.01106e-05	16636	0.999992	FALSE	ORF1ab:cds-YP_009724389.1	GTT	V	GTC	V	754
NC_045512.2	15729	T	-G	16635	6993	37	1	0	20	6.01106e-05	16636	1	FALSE	NA	NA	NA	NA	NA	NA
NC_045512.2	15731	T	G	15808	6710	37	1	0	34	6.32391e-05	15813	0.999985	FALSE	ORF1ab:cds-YP_009724389.1	GTG	V	GGG	G	755
NC_045512.2	15731	T	C	15808	6710	37	3	2	31	0.000189717	15813	0.999345	FALSE	ORF1ab:cds-YP_009724389.1	GTG	V	GCG	A	755
NC_045512.2	15731	T	A	15808	6710	37	1	0	24	6.32391e-05	15813	1	FALSE	ORF1ab:cds-YP_009724389.1	GTG	V	GAG	E	755
NC_045512.2	15732	G	C	15982	6702	37	2	2	30	0.000125125	15984	0.999863	FALSE	ORF1ab:cds-YP_009724389.1	GTG	V	GTC	V	755
NC_045512.2	15733	T	C	15697	6621	37	1	0	34	6.36983e-05	15699	0.999985	FALSE	ORF1ab:cds-YP_009724389.1	TGT	C	CGT	R	756
NC_045512.2	15733	T	A	15697	6621	37	1	0	34	6.36983e-05	15699	0.999985	FALSE	ORF1ab:cds-YP_009724389.1	TGT	C	AGT	S	756
NC_045512.2	15734	G	C	15552	6662	36	1	1	34	6.42963e-05	15553	0.999985	FALSE	ORF1ab:cds-YP_009724389.1	TGT	C	TCT	S	756
NC_045512.2	15735	T	C	15522	6564	36	2	1	34	0.000128833	15524	0.999863	FALSE	ORF1ab:cds-YP_009724389.1	TGT	C	TGC	C	756
NC_045512.2	15737	T	C	15148	6336	36	2	2	34	0.000132013	15150	0.999863	FALSE	ORF1ab:cds-YP_009724389.1	TTC	F	TCC	S	757
NC_045512.2	15737	T	-C	15148	6336	36	1	0	20	6.60066e-05	15150	1	FALSE	NA	NA	NA	NA	NA	NA
NC_045512.2	15738	C	T	1	1	27	15174	6273	36	0.999802	15177	0	TRUE	ORF1ab:cds-YP_009724389.1	TTC	F	TTT	F	757
NC_045512.2	15738	C	G	1	1	27	1	0	34	6.58892e-05	15177	0.00210713	TRUE	ORF1ab:cds-YP_009724389.1	TTC	F	TTG	L	757
NC_045512.2	15738	C	A	1	1	27	1	0	34	6.58892e-05	15177	0.00210713	TRUE	ORF1ab:cds-YP_009724389.1	TTC	F	TTA	L	757
NC_045512.2	15739	A	T	14980	6380	36	2	2	34	0.000133476	14984	0.999741	FALSE	ORF1ab:cds-YP_009724389.1	AAT	N	TAT	Y	758
NC_045512.2	15739	A	C	14980	6380	36	2	2	30	0.000133476	14984	0.999741	FALSE	ORF1ab:cds-YP_009724389.1	AAT	N	CAT	H	758
NC_045512.2	15740	A	G	14973	6467	36	2	0	30	0.000133556	14975	0.999742	FALSE	ORF1ab:cds-YP_009724389.1	AAT	N	AGT	S	758
NC_045512.2	15741	T	G	14680	6473	36	1	0	34	6.81013e-05	14684	0.99997	FALSE	ORF1ab:cds-YP_009724389.1	AAT	N	AAG	K	758
NC_045512.2	15741	T	C	14680	6473	36	2	2	34	0.000136203	14684	0.999741	FALSE	ORF1ab:cds-YP_009724389.1	AAT	N	AAC	N	758
NC_045512.2	15741	T	A	14680	6473	36	1	0	26	6.81013e-05	14684	1	FALSE	ORF1ab:cds-YP_009724389.1	AAT	N	AAA	K	758
NC_045512.2	15742	A	T	13298	6316	35	1	0	34	7.5171e-05	13303	0.999939	FALSE	ORF1ab:cds-YP_009724389.1	AGC	S	TGC	C	759
NC_045512.2	15742	A	G	13298	6316	35	4	1	34	0.000300684	13303	0.993651	FALSE	ORF1ab:cds-YP_009724389.1	AGC	S	GGC	G	759
NC_045512.2	15743	G	T	14695	6314	36	1	0	26	6.80411e-05	14697	1	FALSE	ORF1ab:cds-YP_009724389.1	AGC	S	ATC	I	759
NC_045512.2	15743	G	A	14695	6314	36	1	0	26	6.80411e-05	14697	1	FALSE	ORF1ab:cds-YP_009724389.1	AGC	S	AAC	N	759
NC_045512.2	15744	C	T	15624	6902	36	1	0	34	6.39959e-05	15626	0.999985	FALSE	ORF1ab:cds-YP_009724389.1	AGC	S	AGT	S	759
NC_045512.2	15744	C	A	15624	6902	36	1	0	34	6.39959e-05	15626	0.999985	FALSE	ORF1ab:cds-YP_009724389.1	AGC	S	AGA	R	759
NC_045512.2	15748	T	C	15614	7448	36	2	1	47	0.000128074	15616	0.500024	FALSE	ORF1ab:cds-YP_009724389.1	TAT	Y	CAT	H	761
NC_045512.2	15749	A	G	15080	7497	36	1	0	34	6.63086e-05	15081	0.999985	FALSE	ORF1ab:cds-YP_009724389.1	TAT	Y	TGT	C	761
NC_045512.2	15750	T	C	15044	7499	36	3	1	31	0.000199375	15047	0.999346	FALSE	ORF1ab:cds-YP_009724389.1	TAT	Y	TAC	Y	761
NC_045512.2	15751	G	C	14949	7469	36	2	1	30	0.000133761	14952	0.999741	FALSE	ORF1ab:cds-YP_009724389.1	GCA	A	CCA	P	762
NC_045512.2	15751	G	A	14949	7469	36	1	0	26	6.68807e-05	14952	1	FALSE	ORF1ab:cds-YP_009724389.1	GCA	A	ACA	T	762
NC_045512.2	15752	C	T	14411	7553	36	3	3	34	0.000208088	14417	0.998827	FALSE	ORF1ab:cds-YP_009724389.1	GCA	A	GTA	V	762
NC_045512.2	15752	C	G	14411	7553	36	1	0	26	6.93626e-05	14417	1	FALSE	ORF1ab:cds-YP_009724389.1	GCA	A	GGA	G	762
NC_045512.2	15752	C	A	14411	7553	36	2	0	34	0.000138725	14417	0.999741	FALSE	ORF1ab:cds-YP_009724389.1	GCA	A	GAA	E	762
NC_045512.2	15753	A	G	14876	7969	36	1	0	34	6.72179e-05	14877	0.99997	FALSE	ORF1ab:cds-YP_009724389.1	GCA	A	GCG	A	762
NC_045512.2	15754	T	G	14396	6907	35	2	0	30	0.000138908	14398	0.999742	FALSE	ORF1ab:cds-YP_009724389.1	TCT	S	GCT	A	763
NC_045512.2	15757	C	G	15413	7888	36	1	0	34	6.48761e-05	15414	0.999985	FALSE	ORF1ab:cds-YP_009724389.1	CAA	Q	GAA	E	764
NC_045512.2	15759	A	G	15402	8305	36	5	2	34	0.000324507	15408	0.994104	FALSE	ORF1ab:cds-YP_009724389.1	CAA	Q	CAG	Q	764
NC_045512.2	15759	A	C	15402	8305	36	1	0	34	6.49013e-05	15408	0.999985	FALSE	ORF1ab:cds-YP_009724389.1	CAA	Q	CAC	H	764
NC_045512.2	15760	G	T	15448	8265	36	3	0	45	0.000194162	15451	0.312512	FALSE	ORF1ab:cds-YP_009724389.1	GGT	G	TGT	C	765
NC_045512.2	15761	G	T	16544	8722	36	5	0	30	0.000302097	16551	0.996409	FALSE	ORF1ab:cds-YP_009724389.1	GGT	G	GTT	V	765
NC_045512.2	15761	G	C	16544	8722	36	2	2	34	0.000120839	16551	0.999928	FALSE	ORF1ab:cds-YP_009724389.1	GGT	G	GCT	A	765
NC_045512.2	15762	T	G	15831	7990	36	2	0	34	0.000126295	15836	0.999863	FALSE	ORF1ab:cds-YP_009724389.1	GGT	G	GGG	G	765
NC_045512.2	15762	T	C	15831	7990	36	2	1	51	0.000126295	15836	0.249961	FALSE	ORF1ab:cds-YP_009724389.1	GGT	G	GGC	G	765
NC_045512.2	15762	T	A	15831	7990	36	1	0	26	6.31473e-05	15836	1	FALSE	ORF1ab:cds-YP_009724389.1	GGT	G	GGA	G	765
NC_045512.2	15764	T	C	16893	9136	37	2	0	34	0.000118378	16895	0.999928	FALSE	ORF1ab:cds-YP_009724389.1	CTA	L	CCA	P	766
NC_045512.2	15765	A	G	16928	9164	37	6	1	34	0.000354317	16934	0.99157	FALSE	ORF1ab:cds-YP_009724389.1	CTA	L	CTG	L	766
NC_045512.2	15766	G	T	17019	9224	37	1	1	26	5.87475e-05	17022	1	FALSE	ORF1ab:cds-YP_009724389.1	GTG	V	TTG	L	767
NC_045512.2	15766	G	C	17019	9224	37	2	1	43	0.000117495	17022	0.5	FALSE	ORF1ab:cds-YP_009724389.1	GTG	V	CTG	L	767
NC_045512.2	15767	T	C	17278	9557	37	1	1	34	5.78704e-05	17280	0.999996	FALSE	ORF1ab:cds-YP_009724389.1	GTG	V	GCG	A	767
NC_045512.2	15767	T	A	17278	9557	37	1	1	34	5.78704e-05	17280	0.999996	FALSE	ORF1ab:cds-YP_009724389.1	GTG	V	GAG	E	767
NC_045512.2	15768	G	T	17489	9574	37	1	1	34	5.71723e-05	17491	0.999996	FALSE	ORF1ab:cds-YP_009724389.1	GTG	V	GTT	V	767
NC_045512.2	15768	G	A	17489	9574	37	1	0	34	5.71723e-05	17491	0.999996	FALSE	ORF1ab:cds-YP_009724389.1	GTG	V	GTA	V	767
NC_045512.2	15769	G	T	17326	9362	37	3	2	42	0.00017312	17329	0.312511	FALSE	ORF1ab:cds-YP_009724389.1	GCT	A	TCT	S	768
NC_045512.2	15770	C	A	16353	8480	37	1	1	34	6.11471e-05	16354	0.999992	FALSE	ORF1ab:cds-YP_009724389.1	GCT	A	GAT	D	768
NC_045512.2	15771	T	C	16326	8452	37	3	2	34	0.000183722	16329	0.999637	FALSE	ORF1ab:cds-YP_009724389.1	GCT	A	GCC	A	768
NC_045512.2	15772	A	G	16261	8312	37	3	2	34	0.000184456	16264	0.999637	FALSE	ORF1ab:cds-YP_009724389.1	AGC	S	GGC	G	769
NC_045512.2	15773	G	T	16198	8290	37	1	0	34	6.17284e-05	16200	0.999992	FALSE	ORF1ab:cds-YP_009724389.1	AGC	S	ATC	I	769
NC_045512.2	15773	G	A	16198	8290	37	1	0	34	6.17284e-05	16200	0.999992	FALSE	ORF1ab:cds-YP_009724389.1	AGC	S	AAC	N	769
NC_045512.2	15774	C	T	16737	8889	37	1	0	26	5.97407e-05	16739	1	FALSE	ORF1ab:cds-YP_009724389.1	AGC	S	AGT	S	769
NC_045512.2	15774	C	G	16737	8889	37	1	0	34	5.97407e-05	16739	0.999992	FALSE	ORF1ab:cds-YP_009724389.1	AGC	S	AGG	R	769
NC_045512.2	15775	A	C	16899	8957	37	1	1	26	5.91716e-05	16900	1	FALSE	ORF1ab:cds-YP_009724389.1	ATA	I	CTA	L	770
NC_045512.2	15776	T	G	16490	9003	37	2	0	34	0.000121249	16495	0.999928	FALSE	ORF1ab:cds-YP_009724389.1	ATA	I	AGA	R	770
NC_045512.2	15776	T	C	16490	9003	37	3	2	34	0.000181873	16495	0.999637	FALSE	ORF1ab:cds-YP_009724389.1	ATA	I	ACA	T	770
NC_045512.2	15776	T	-AA	16490	9003	37	1	0	20	6.06244e-05	16495	1	FALSE	NA	NA	NA	NA	NA	NA
NC_045512.2	15776	T	-A	16490	9003	37	1	0	20	6.06244e-05	16495	1	FALSE	NA	NA	NA	NA	NA	NA
NC_045512.2	15777	A	G	16291	8780	37	2	0	30	0.000122752	16293	0.999928	FALSE	ORF1ab:cds-YP_009724389.1	ATA	I	ATG	M	770
NC_045512.2	15778	A	T	16519	8795	37	1	1	68	6.05327e-05	16520	0.5	FALSE	ORF1ab:cds-YP_009724389.1	AAG	K	TAG	*	771
NC_045512.2	15779	A	G	16172	8883	37	2	1	30	0.000123648	16175	0.999928	FALSE	ORF1ab:cds-YP_009724389.1	AAG	K	AGG	R	771
NC_045512.2	15779	A	C	16172	8883	37	1	0	34	6.18238e-05	16175	0.999992	FALSE	ORF1ab:cds-YP_009724389.1	AAG	K	ACG	T	771
NC_045512.2	15782	A	G	15908	8438	37	2	1	51	0.000125707	15910	0.250008	FALSE	ORF1ab:cds-YP_009724389.1	AAC	N	AGC	S	772
NC_045512.2	15783	C	T	16225	8577	37	1	0	26	6.16295e-05	16226	1	FALSE	ORF1ab:cds-YP_009724389.1	AAC	N	AAT	N	772
NC_045512.2	15784	T	G	15822	8294	37	3	0	28	0.00018955	15827	1	FALSE	ORF1ab:cds-YP_009724389.1	TTT	F	GTT	V	773
NC_045512.2	15784	T	C	15822	8294	37	2	1	51	0.000126366	15827	0.249961	FALSE	ORF1ab:cds-YP_009724389.1	TTT	F	CTT	L	773
NC_045512.2	15786	T	C	16231	8625	38	1	1	46	6.16067e-05	16232	0.750023	FALSE	ORF1ab:cds-YP_009724389.1	TTT	F	TTC	F	773
NC_045512.2	15787	A	T	16105	8555	37	1	1	34	6.20887e-05	16106	0.999992	FALSE	ORF1ab:cds-YP_009724389.1	AAG	K	TAG	*	774
NC_045512.2	15789	G	A	16232	8706	37	2	2	34	0.000123198	16234	0.999928	FALSE	ORF1ab:cds-YP_009724389.1	AAG	K	AAA	K	774
NC_045512.2	15790	T	G	16328	8891	37	1	0	27	6.1237e-05	16330	1	FALSE	ORF1ab:cds-YP_009724389.1	TCA	S	GCA	A	775
NC_045512.2	15790	T	C	16328	8891	37	1	1	34	6.1237e-05	16330	0.999992	FALSE	ORF1ab:cds-YP_009724389.1	TCA	S	CCA	P	775
NC_045512.2	15791	C	G	16421	9059	38	4	0	32	0.000243531	16425	0.998716	FALSE	ORF1ab:cds-YP_009724389.1	TCA	S	TGA	*	775
NC_045512.2	15793	G	T	16263	8758	38	1	0	68	6.14817e-05	16265	0.5	FALSE	ORF1ab:cds-YP_009724389.1	GTT	V	TTT	F	776
NC_045512.2	15793	G	A	16263	8758	38	1	0	34	6.14817e-05	16265	0.999992	FALSE	ORF1ab:cds-YP_009724389.1	GTT	V	ATT	I	776
NC_045512.2	15794	T	C	16501	9598	38	1	0	34	6.05987e-05	16502	0.999992	FALSE	ORF1ab:cds-YP_009724389.1	GTT	V	GCT	A	776
NC_045512.2	15795	T	A	17063	10229	38	1	0	27	5.86029e-05	17064	1	FALSE	ORF1ab:cds-YP_009724389.1	GTT	V	GTA	V	776
NC_045512.2	15796	C	A	17345	10564	38	1	1	68	5.76502e-05	17346	0.500014	FALSE	ORF1ab:cds-YP_009724389.1	CTT	L	ATT	I	777
NC_045512.2	15798	T	C	17296	10555	38	3	1	42	0.00017341	17300	0.312489	FALSE	ORF1ab:cds-YP_009724389.1	CTT	L	CTC	L	777
NC_045512.2	15798	T	A	17296	10555	38	1	0	34	5.78035e-05	17300	0.999996	FALSE	ORF1ab:cds-YP_009724389.1	CTT	L	CTA	L	777
NC_045512.2	15800	A	G	17287	10764	38	3	2	30	0.000173511	17290	0.9998	FALSE	ORF1ab:cds-YP_009724389.1	TAT	Y	TGT	C	778
NC_045512.2	15802	T	G	15935	9348	37	1	0	34	6.27431e-05	15938	0.999985	FALSE	ORF1ab:cds-YP_009724389.1	TAT	Y	GAT	D	779
NC_045512.2	15802	T	C	15935	9348	37	2	2	34	0.000125486	15938	0.999863	FALSE	ORF1ab:cds-YP_009724389.1	TAT	Y	CAT	H	779
NC_045512.2	15804	T	G	18214	11979	39	1	1	26	5.48938e-05	18217	1	FALSE	ORF1ab:cds-YP_009724389.1	TAT	Y	TAG	*	779
NC_045512.2	15804	T	C	18214	11979	39	2	1	34	0.000109788	18217	0.99998	FALSE	ORF1ab:cds-YP_009724389.1	TAT	Y	TAC	Y	779
NC_045512.2	15806	A	G	18384	12361	39	1	0	68	5.43922e-05	18385	0.500014	FALSE	ORF1ab:cds-YP_009724389.1	CAA	Q	CGA	R	780
NC_045512.2	15807	A	T	18172	12379	39	1	1	26	5.50267e-05	18173	1	FALSE	ORF1ab:cds-YP_009724389.1	CAA	Q	CAT	H	780
NC_045512.2	15808	A	G	18325	12356	39	1	0	68	5.45673e-05	18326	0.500014	FALSE	ORF1ab:cds-YP_009724389.1	AAC	N	GAC	D	781
NC_045512.2	15809	A	G	18557	12666	39	3	2	30	0.000161629	18561	0.99989	FALSE	ORF1ab:cds-YP_009724389.1	AAC	N	AGC	S	781
NC_045512.2	15809	A	C	18557	12666	39	1	0	24	5.38764e-05	18561	1	FALSE	ORF1ab:cds-YP_009724389.1	AAC	N	ACC	T	781
NC_045512.2	15811	A	T	18371	12446	39	1	0	24	5.44247e-05	18374	1	FALSE	ORF1ab:cds-YP_009724389.1	AAT	N	TAT	Y	782
NC_045512.2	15811	A	G	18371	12446	39	2	1	68	0.000108849	18374	0.249993	FALSE	ORF1ab:cds-YP_009724389.1	AAT	N	GAT	D	782
NC_045512.2	15812	A	T	18320	12422	39	3	3	28	0.000163675	18329	1	FALSE	ORF1ab:cds-YP_009724389.1	AAT	N	ATT	I	782
NC_045512.2	15812	A	C	18320	12422	39	6	6	30	0.00032735	18329	0.996701	FALSE	ORF1ab:cds-YP_009724389.1	AAT	N	ACT	T	782
NC_045512.2	15813	T	C	18175	12458	39	1	0	60	5.50176e-05	18176	0.500014	FALSE	ORF1ab:cds-YP_009724389.1	AAT	N	AAC	N	782
NC_045512.2	15814	G	C	18628	12829	39	1	1	34	5.36769e-05	18630	0.999998	FALSE	ORF1ab:cds-YP_009724389.1	GTT	V	CTT	L	783
NC_045512.2	15814	G	A	18628	12829	39	1	1	34	5.36769e-05	18630	0.999998	FALSE	ORF1ab:cds-YP_009724389.1	GTT	V	ATT	I	783
NC_045512.2	15816	T	C	19889	14344	39	1	1	34	5.02765e-05	19890	0.999999	FALSE	ORF1ab:cds-YP_009724389.1	GTT	V	GTC	V	783
NC_045512.2	15817	T	C	19492	13942	39	2	2	51	0.000102596	19494	0.250006	FALSE	ORF1ab:cds-YP_009724389.1	TTT	F	CTT	L	784
NC_045512.2	15818	T	C	20134	14627	40	2	2	30	9.93197e-05	20137	0.999995	FALSE	ORF1ab:cds-YP_009724389.1	TTT	F	TCT	S	784
NC_045512.2	15818	T	A	20134	14627	40	1	0	34	4.96598e-05	20137	1	FALSE	ORF1ab:cds-YP_009724389.1	TTT	F	TAT	Y	784
NC_045512.2	15819	T	A	19769	14552	38	1	0	26	5.05817e-05	19770	1	FALSE	ORF1ab:cds-YP_009724389.1	TTT	F	TTA	L	784
NC_045512.2	15820	A	T	20604	15234	40	1	1	26	4.85296e-05	20606	1	FALSE	ORF1ab:cds-YP_009724389.1	ATG	M	TTG	L	785
NC_045512.2	15820	A	G	20604	15234	40	1	1	34	4.85296e-05	20606	1	FALSE	ORF1ab:cds-YP_009724389.1	ATG	M	GTG	V	785
NC_045512.2	15821	T	C	20558	15395	39	2	1	34	9.72763e-05	20560	0.999995	FALSE	ORF1ab:cds-YP_009724389.1	ATG	M	ACG	T	785
NC_045512.2	15823	T	G	20017	15248	39	1	0	34	4.99426e-05	20023	1	FALSE	ORF1ab:cds-YP_009724389.1	TCT	S	GCT	A	786
NC_045512.2	15823	T	C	20017	15248	39	5	5	30	0.000249713	20023	0.999546	FALSE	ORF1ab:cds-YP_009724389.1	TCT	S	CCT	P	786
NC_045512.2	15824	C	T	21299	16790	40	1	0	68	4.69484e-05	21300	0.500012	FALSE	ORF1ab:cds-YP_009724389.1	TCT	S	TTT	F	786
NC_045512.2	15825	T	G	21821	17436	40	1	1	34	4.5819e-05	21825	1	FALSE	ORF1ab:cds-YP_009724389.1	TCT	S	TCG	S	786
NC_045512.2	15825	T	C	21821	17436	40	3	2	45	0.000137457	21825	0.5	FALSE	ORF1ab:cds-YP_009724389.1	TCT	S	TCC	S	786
NC_045512.2	15826	G	A	22161	17778	40	1	1	34	4.51223e-05	22162	1	FALSE	ORF1ab:cds-YP_009724389.1	GAA	E	AAA	K	787
NC_045512.2	15827	A	G	22661	18383	40	2	1	36	8.82496e-05	22663	0.999999	FALSE	ORF1ab:cds-YP_009724389.1	GAA	E	GGA	G	787
NC_045512.2	15828	A	T	22648	18643	40	3	3	45	0.000132398	22659	0.499855	FALSE	ORF1ab:cds-YP_009724389.1	GAA	E	GAT	D	787
NC_045512.2	15828	A	G	22648	18643	40	5	5	33	0.000220663	22659	0.999845	FALSE	ORF1ab:cds-YP_009724389.1	GAA	E	GAG	E	787
NC_045512.2	15828	A	C	22648	18643	40	3	3	34	0.000132398	22659	0.99999	FALSE	ORF1ab:cds-YP_009724389.1	GAA	E	GAC	D	787
NC_045512.2	15829	G	T	22651	18606	40	1	1	34	4.41462e-05	22652	1	FALSE	ORF1ab:cds-YP_009724389.1	GCA	A	TCA	S	788
NC_045512.2	15830	C	G	24096	20382	40	1	0	27	4.14989e-05	24097	1	FALSE	ORF1ab:cds-YP_009724389.1	GCA	A	GGA	G	788
NC_045512.2	15831	A	T	23762	20061	40	2	2	27	8.41503e-05	23767	1	FALSE	ORF1ab:cds-YP_009724389.1	GCA	A	GCT	A	788
NC_045512.2	15831	A	G	23762	20061	40	2	2	51	8.41503e-05	23767	0.249974	FALSE	ORF1ab:cds-YP_009724389.1	GCA	A	GCG	A	788
NC_045512.2	15831	A	C	23762	20061	40	1	1	34	4.20751e-05	23767	1	FALSE	ORF1ab:cds-YP_009724389.1	GCA	A	GCC	A	788
NC_045512.2	15832	A	G	23948	20212	40	8	6	42	0.000333946	23956	0.0546765	FALSE	ORF1ab:cds-YP_009724389.1	AAA	K	GAA	E	789
NC_045512.2	15833	A	T	23830	20306	40	1	1	34	4.19533e-05	23836	1	FALSE	ORF1ab:cds-YP_009724389.1	AAA	K	ATA	I	789
NC_045512.2	15833	A	G	23830	20306	40	2	2	26	8.39067e-05	23836	1	FALSE	ORF1ab:cds-YP_009724389.1	AAA	K	AGA	R	789
NC_045512.2	15833	A	C	23830	20306	40	3	3	31	0.00012586	23836	0.999995	FALSE	ORF1ab:cds-YP_009724389.1	AAA	K	ACA	T	789
NC_045512.2	15835	T	C	22987	19449	40	3	3	31	0.000130474	22993	0.99999	FALSE	ORF1ab:cds-YP_009724389.1	TGT	C	CGT	R	790
NC_045512.2	15835	T	A	22987	19449	40	3	3	26	0.000130474	22993	1	FALSE	ORF1ab:cds-YP_009724389.1	TGT	C	AGT	S	790
NC_045512.2	15836	G	T	24772	21281	40	1	1	26	4.03665e-05	24773	1	FALSE	ORF1ab:cds-YP_009724389.1	TGT	C	TTT	F	790
NC_045512.2	15837	T	C	24297	20807	40	3	3	34	0.000123457	24300	0.999997	FALSE	ORF1ab:cds-YP_009724389.1	TGT	C	TGC	C	790
NC_045512.2	15838	T	C	24284	20805	40	4	4	34	0.00016469	24288	0.999986	FALSE	ORF1ab:cds-YP_009724389.1	TGG	W	CGG	R	791
NC_045512.2	15839	G	A	24119	20745	40	1	1	34	4.14594e-05	24120	1	FALSE	ORF1ab:cds-YP_009724389.1	TGG	W	TAG	*	791
NC_045512.2	15840	G	A	24590	21220	40	2	2	34	8.13273e-05	24592	1	FALSE	ORF1ab:cds-YP_009724389.1	TGG	W	TGA	*	791
NC_045512.2	15841	A	G	24269	20887	40	2	1	51	8.24029e-05	24271	0.250005	FALSE	ORF1ab:cds-YP_009724389.1	ACT	T	GCT	A	792
NC_045512.2	15842	C	A	24420	21464	39	4	4	30	0.000163773	24424	0.999986	FALSE	ORF1ab:cds-YP_009724389.1	ACT	T	AAT	N	792
NC_045512.2	15843	T	C	23667	20737	39	4	4	40	0.000168983	23671	0.34376	FALSE	ORF1ab:cds-YP_009724389.1	ACT	T	ACC	T	792
NC_045512.2	15844	G	A	23691	20770	39	1	1	68	4.22083e-05	23692	0.500011	FALSE	ORF1ab:cds-YP_009724389.1	GAG	E	AAG	K	793
NC_045512.2	15845	A	G	23612	20694	39	4	4	42	0.000169377	23616	0.34376	FALSE	ORF1ab:cds-YP_009724389.1	GAG	E	GGG	G	793
NC_045512.2	15846	G	T	23637	20721	39	1	1	34	4.22994e-05	23641	1	FALSE	ORF1ab:cds-YP_009724389.1	GAG	E	GAT	D	793
NC_045512.2	15846	G	C	23637	20721	39	1	1	34	4.22994e-05	23641	1	FALSE	ORF1ab:cds-YP_009724389.1	GAG	E	GAC	D	793
NC_045512.2	15846	G	A	23637	20721	39	2	2	34	8.45988e-05	23641	0.999999	FALSE	ORF1ab:cds-YP_009724389.1	GAG	E	GAA	E	793
NC_045512.2	15847	A	T	23091	20580	38	1	0	34	4.32938e-05	23098	1	FALSE	ORF1ab:cds-YP_009724389.1	ACT	T	TCT	S	794
NC_045512.2	15847	A	G	23091	20580	38	6	6	34	0.000259763	23098	0.999728	FALSE	ORF1ab:cds-YP_009724389.1	ACT	T	GCT	A	794
NC_045512.2	15848	C	A	23493	20848	39	2	2	30	8.51245e-05	23495	0.999999	FALSE	ORF1ab:cds-YP_009724389.1	ACT	T	AAT	N	794
NC_045512.2	15849	T	G	22508	19893	39	1	1	24	4.44148e-05	22515	1	FALSE	ORF1ab:cds-YP_009724389.1	ACT	T	ACG	T	794
NC_045512.2	15849	T	C	22508	19893	39	6	6	34	0.000266489	22515	0.999545	FALSE	ORF1ab:cds-YP_009724389.1	ACT	T	ACC	T	794
NC_045512.2	15851	A	T	22707	20074	39	1	1	27	4.40276e-05	22713	1	FALSE	ORF1ab:cds-YP_009724389.1	GAC	D	GTC	V	795
NC_045512.2	15851	A	G	22707	20074	39	3	3	34	0.000132083	22713	0.99999	FALSE	ORF1ab:cds-YP_009724389.1	GAC	D	GGC	G	795
NC_045512.2	15851	A	C	22707	20074	39	2	2	30	8.80553e-05	22713	0.999999	FALSE	ORF1ab:cds-YP_009724389.1	GAC	D	GCC	A	795
NC_045512.2	15853	C	A	22481	20315	38	7	7	30	0.000311277	22488	0.998846	FALSE	ORF1ab:cds-YP_009724389.1	CTT	L	ATT	I	796
NC_045512.2	15854	T	G	21337	19189	38	2	2	34	9.37163e-05	21341	0.999997	FALSE	ORF1ab:cds-YP_009724389.1	CTT	L	CGT	R	796
NC_045512.2	15854	T	C	21337	19189	38	2	2	34	9.37163e-05	21341	0.999997	FALSE	ORF1ab:cds-YP_009724389.1	CTT	L	CCT	P	796
NC_045512.2	15855	T	C	21431	19290	38	1	1	34	4.66592e-05	21432	1	FALSE	ORF1ab:cds-YP_009724389.1	CTT	L	CTC	L	796
NC_045512.2	15856	A	G	20798	18682	37	1	1	34	4.80792e-05	20799	1	FALSE	ORF1ab:cds-YP_009724389.1	ACT	T	GCT	A	797
NC_045512.2	15857	C	T	21472	19379	38	1	1	34	4.65679e-05	21474	1	FALSE	ORF1ab:cds-YP_009724389.1	ACT	T	ATT	I	797
NC_045512.2	15857	C	G	21472	19379	38	1	1	34	4.65679e-05	21474	1	FALSE	ORF1ab:cds-YP_009724389.1	ACT	T	AGT	S	797
NC_045512.2	15858	T	C	21218	19126	38	3	3	34	0.000141356	21223	0.999982	FALSE	ORF1ab:cds-YP_009724389.1	ACT	T	ACC	T	797
NC_045512.2	15858	T	A	21218	19126	38	2	2	30	9.42374e-05	21223	0.999997	FALSE	ORF1ab:cds-YP_009724389.1	ACT	T	ACA	T	797
NC_045512.2	15859	A	G	20526	18494	38	3	3	34	0.000146128	20530	0.999967	FALSE	ORF1ab:cds-YP_009724389.1	AAA	K	GAA	E	798
NC_045512.2	15859	A	C	20526	18494	38	1	1	34	4.87092e-05	20530	1	FALSE	ORF1ab:cds-YP_009724389.1	AAA	K	CAA	Q	798
NC_045512.2	15860	A	T	20169	18141	38	1	1	26	4.95712e-05	20173	1	FALSE	ORF1ab:cds-YP_009724389.1	AAA	K	ATA	I	798
NC_045512.2	15860	A	G	20169	18141	38	1	1	34	4.95712e-05	20173	1	FALSE	ORF1ab:cds-YP_009724389.1	AAA	K	AGA	R	798
NC_045512.2	15860	A	C	20169	18141	38	2	2	30	9.91424e-05	20173	0.999995	FALSE	ORF1ab:cds-YP_009724389.1	AAA	K	ACA	T	798
NC_045512.2	15861	A	T	19946	18011	37	1	1	34	5.01303e-05	19948	0.999999	FALSE	ORF1ab:cds-YP_009724389.1	AAA	K	AAT	N	798
NC_045512.2	15861	A	C	19946	18011	37	1	1	34	5.01303e-05	19948	0.999999	FALSE	ORF1ab:cds-YP_009724389.1	AAA	K	AAC	N	798
NC_045512.2	15862	G	T	19964	18440	37	1	1	34	5.00801e-05	19968	0.999999	FALSE	ORF1ab:cds-YP_009724389.1	GGA	G	TGA	*	799
NC_045512.2	15862	G	C	19964	18440	37	2	2	30	0.00010016	19968	0.99999	FALSE	ORF1ab:cds-YP_009724389.1	GGA	G	CGA	R	799
NC_045512.2	15862	G	A	19964	18440	37	1	1	34	5.00801e-05	19968	0.999999	FALSE	ORF1ab:cds-YP_009724389.1	GGA	G	AGA	R	799
NC_045512.2	15863	G	C	20059	18540	37	2	2	34	9.96959e-05	20061	0.999995	FALSE	ORF1ab:cds-YP_009724389.1	GGA	G	GCA	A	799
NC_045512.2	15864	A	T	18689	17319	36	1	1	26	5.35017e-05	18691	1	FALSE	ORF1ab:cds-YP_009724389.1	GGA	G	GGT	G	799
NC_045512.2	15864	A	G	18689	17319	36	1	1	34	5.35017e-05	18691	0.999998	FALSE	ORF1ab:cds-YP_009724389.1	GGA	G	GGG	G	799
NC_045512.2	15865	C	T	18688	17299	37	1	1	34	5.35045e-05	18690	0.999998	FALSE	ORF1ab:cds-YP_009724389.1	CCT	P	TCT	S	800
NC_045512.2	15865	C	A	18688	17299	37	1	1	34	5.35045e-05	18690	0.999998	FALSE	ORF1ab:cds-YP_009724389.1	CCT	P	ACT	T	800
NC_045512.2	15866	C	T	18405	17045	37	2	2	34	0.000108648	18408	0.99998	FALSE	ORF1ab:cds-YP_009724389.1	CCT	P	CTT	L	800
NC_045512.2	15866	C	A	18405	17045	37	1	1	34	5.43242e-05	18408	0.999998	FALSE	ORF1ab:cds-YP_009724389.1	CCT	P	CAT	H	800
NC_045512.2	15867	T	C	18193	16824	37	3	2	31	0.000164853	18198	0.99989	FALSE	ORF1ab:cds-YP_009724389.1	CCT	P	CCC	P	800
NC_045512.2	15867	T	A	18193	16824	37	2	1	29	0.000109902	18198	1	FALSE	ORF1ab:cds-YP_009724389.1	CCT	P	CCA	P	800
NC_045512.2	15868	C	T	18236	16971	36	1	1	34	5.48336e-05	18237	0.999998	FALSE	ORF1ab:cds-YP_009724389.1	CAT	H	TAT	Y	801
NC_045512.2	15870	T	C	17952	16698	36	6	5	32	0.000334113	17958	0.994703	FALSE	ORF1ab:cds-YP_009724389.1	CAT	H	CAC	H	801
NC_045512.2	15873	A	-T	18104	16896	36	3	0	20	0.000165709	18104	1	FALSE	NA	NA	NA	NA	NA	NA
NC_045512.2	15874	T	C	17841	16792	36	5	5	34	0.000280175	17846	0.997834	FALSE	ORF1ab:cds-YP_009724389.1	TTT	F	CTT	L	803
NC_045512.2	15875	T	G	14407	13371	34	1	1	34	6.93914e-05	14411	0.99997	FALSE	ORF1ab:cds-YP_009724389.1	TTT	F	TGT	C	803
NC_045512.2	15875	T	C	14407	13371	34	3	3	34	0.000208174	14411	0.998828	FALSE	ORF1ab:cds-YP_009724389.1	TTT	F	TCT	S	803
NC_045512.2	15876	T	G	17004	15998	36	5	5	32	0.000293893	17013	0.997831	FALSE	ORF1ab:cds-YP_009724389.1	TTT	F	TTG	L	803
NC_045512.2	15876	T	C	17004	15998	36	4	4	34	0.000235114	17013	0.999256	FALSE	ORF1ab:cds-YP_009724389.1	TTT	F	TTC	F	803
NC_045512.2	15877	T	C	16896	15891	36	4	4	42	0.000236686	16900	0.1875	FALSE	ORF1ab:cds-YP_009724389.1	TGC	C	CGC	R	804
NC_045512.2	15878	G	C	17112	16111	36	2	2	34	0.000116857	17115	0.999962	FALSE	ORF1ab:cds-YP_009724389.1	TGC	C	TCC	S	804
NC_045512.2	15878	G	A	17112	16111	36	1	1	34	5.84283e-05	17115	0.999996	FALSE	ORF1ab:cds-YP_009724389.1	TGC	C	TAC	Y	804
NC_045512.2	15879	C	T	17156	16209	36	1	1	34	5.82852e-05	17157	0.999996	FALSE	ORF1ab:cds-YP_009724389.1	TGC	C	TGT	C	804
NC_045512.2	15880	T	C	14689	13732	34	3	3	34	0.000204193	14692	0.998829	FALSE	ORF1ab:cds-YP_009724389.1	TCT	S	CCT	P	805
NC_045512.2	15882	T	C	16944	16022	36	1	1	34	5.90145e-05	16945	0.999992	FALSE	ORF1ab:cds-YP_009724389.1	TCT	S	TCC	S	805
NC_045512.2	15884	A	T	16580	15816	35	1	1	34	6.03027e-05	16583	0.999992	FALSE	ORF1ab:cds-YP_009724389.1	CAA	Q	CTA	L	806
NC_045512.2	15884	A	C	16580	15816	35	2	2	34	0.000120605	16583	0.999928	FALSE	ORF1ab:cds-YP_009724389.1	CAA	Q	CCA	P	806
NC_045512.2	15885	A	T	16764	15998	35	1	1	34	5.96445e-05	16766	0.999992	FALSE	ORF1ab:cds-YP_009724389.1	CAA	Q	CAT	H	806
NC_045512.2	15885	A	C	16764	15998	35	1	1	34	5.96445e-05	16766	0.999992	FALSE	ORF1ab:cds-YP_009724389.1	CAA	Q	CAC	H	806
NC_045512.2	15886	C	T	19386	16159	35	1	1	34	5.1581e-05	19387	0.999999	FALSE	ORF1ab:cds-YP_009724389.1	CAT	H	TAT	Y	807
NC_045512.2	15887	A	T	19616	15903	35	2	1	34	0.000101916	19624	0.99999	FALSE	ORF1ab:cds-YP_009724389.1	CAT	H	CTT	L	807
NC_045512.2	15887	A	G	19616	15903	35	6	5	32	0.000305748	19624	0.997966	FALSE	ORF1ab:cds-YP_009724389.1	CAT	H	CGT	R	807
NC_045512.2	15888	T	C	19873	16037	35	3	2	56	0.000150936	19876	0.125	FALSE	ORF1ab:cds-YP_009724389.1	CAT	H	CAC	H	807
NC_045512.2	15889	A	T	18747	14932	34	1	1	26	5.33276e-05	18752	1	FALSE	ORF1ab:cds-YP_009724389.1	ACA	T	TCA	S	808
NC_045512.2	15889	A	G	18747	14932	34	2	2	34	0.000106655	18752	0.99998	FALSE	ORF1ab:cds-YP_009724389.1	ACA	T	GCA	A	808
NC_045512.2	15889	A	C	18747	14932	34	2	2	34	0.000106655	18752	0.99998	FALSE	ORF1ab:cds-YP_009724389.1	ACA	T	CCA	P	808
NC_045512.2	15890	C	T	19761	15897	35	3	2	34	0.00015176	19768	0.99994	FALSE	ORF1ab:cds-YP_009724389.1	ACA	T	ATA	I	808
NC_045512.2	15890	C	A	19761	15897	35	4	4	30	0.000202347	19768	0.999756	FALSE	ORF1ab:cds-YP_009724389.1	ACA	T	AAA	K	808
NC_045512.2	15891	A	C	19144	15278	35	1	1	26	5.2233e-05	19145	1	FALSE	ORF1ab:cds-YP_009724389.1	ACA	T	ACC	T	808
NC_045512.2	15892	A	C	18944	14811	35	1	1	34	5.27844e-05	18945	0.999998	FALSE	ORF1ab:cds-YP_009724389.1	ATG	M	CTG	L	809
NC_045512.2	15893	T	C	18876	14767	35	1	1	34	5.29745e-05	18877	0.999998	FALSE	ORF1ab:cds-YP_009724389.1	ATG	M	ACG	T	809
NC_045512.2	15894	G	T	18235	14232	35	5	5	30	0.000274078	18243	0.998703	FALSE	ORF1ab:cds-YP_009724389.1	ATG	M	ATT	I	809
NC_045512.2	15894	G	C	18235	14232	35	3	3	34	0.000164447	18243	0.99989	FALSE	ORF1ab:cds-YP_009724389.1	ATG	M	ATC	I	809
NC_045512.2	15895	C	T	18151	14149	34	1	1	34	5.50873e-05	18153	0.999998	FALSE	ORF1ab:cds-YP_009724389.1	CTA	L	TTA	L	810
NC_045512.2	15895	C	A	18151	14149	34	1	1	34	5.50873e-05	18153	0.999998	FALSE	ORF1ab:cds-YP_009724389.1	CTA	L	ATA	I	810
NC_045512.2	15896	T	G	17247	12872	34	1	1	26	5.79576e-05	17254	1	FALSE	ORF1ab:cds-YP_009724389.1	CTA	L	CGA	R	810
NC_045512.2	15896	T	C	17247	12872	34	6	6	31	0.000347745	17254	0.994702	FALSE	ORF1ab:cds-YP_009724389.1	CTA	L	CCA	P	810
NC_045512.2	15897	A	G	18211	13354	34	2	2	51	0.000109812	18213	0.250007	FALSE	ORF1ab:cds-YP_009724389.1	CTA	L	CTG	L	810
NC_045512.2	15898	G	T	18306	13359	35	1	0	34	5.4612e-05	18311	0.999998	FALSE	ORF1ab:cds-YP_009724389.1	GTT	V	TTT	F	811
NC_045512.2	15898	G	C	18306	13359	35	3	3	28	0.000163836	18311	1	FALSE	ORF1ab:cds-YP_009724389.1	GTT	V	CTT	L	811
NC_045512.2	15898	G	A	18306	13359	35	1	1	26	5.4612e-05	18311	1	FALSE	ORF1ab:cds-YP_009724389.1	GTT	V	ATT	I	811
NC_045512.2	15899	T	C	17695	12808	34	8	8	29	0.000451901	17703	1	FALSE	ORF1ab:cds-YP_009724389.1	GTT	V	GCT	A	811
NC_045512.2	15900	T	C	18241	13329	35	2	2	34	0.000109625	18244	0.99998	FALSE	ORF1ab:cds-YP_009724389.1	GTT	V	GTC	V	811
NC_045512.2	15900	T	A	18241	13329	35	1	1	34	5.48125e-05	18244	0.999998	FALSE	ORF1ab:cds-YP_009724389.1	GTT	V	GTA	V	811
NC_045512.2	15901	A	C	17680	12686	35	2	1	30	0.000113109	17682	0.999962	FALSE	ORF1ab:cds-YP_009724389.1	AAA	K	CAA	Q	812
NC_045512.2	15902	A	T	17212	12609	34	1	1	34	5.80821e-05	17217	0.999996	FALSE	ORF1ab:cds-YP_009724389.1	AAA	K	ATA	I	812
NC_045512.2	15902	A	G	17212	12609	34	2	1	47	0.000116164	17217	0.499956	FALSE	ORF1ab:cds-YP_009724389.1	AAA	K	AGA	R	812
NC_045512.2	15902	A	C	17212	12609	34	2	2	34	0.000116164	17217	0.999962	FALSE	ORF1ab:cds-YP_009724389.1	AAA	K	ACA	T	812
NC_045512.2	15903	A	T	17515	12612	34	1	1	34	5.70907e-05	17516	0.999996	FALSE	ORF1ab:cds-YP_009724389.1	AAA	K	AAT	N	812
NC_045512.2	15904	C	A	17653	12670	35	2	2	34	0.000113282	17655	0.999962	FALSE	ORF1ab:cds-YP_009724389.1	CAG	Q	AAG	K	813
NC_045512.2	15905	A	T	15952	11011	35	2	2	34	0.000125321	15959	0.999863	FALSE	ORF1ab:cds-YP_009724389.1	CAG	Q	CTG	L	813
NC_045512.2	15905	A	G	15952	11011	35	5	5	34	0.000313303	15959	0.994101	FALSE	ORF1ab:cds-YP_009724389.1	CAG	Q	CGG	R	813
NC_045512.2	15906	G	T	16297	10832	35	2	0	30	0.000122707	16299	0.999928	FALSE	ORF1ab:cds-YP_009724389.1	CAG	Q	CAT	H	813
NC_045512.2	15907	G	T	16045	10498	35	1	0	26	6.23208e-05	16046	1	FALSE	ORF1ab:cds-YP_009724389.1	GGT	G	TGT	C	814
NC_045512.2	15909	T	G	15760	10257	35	1	0	26	6.34397e-05	15763	1	FALSE	ORF1ab:cds-YP_009724389.1	GGT	G	GGG	G	814
NC_045512.2	15909	T	C	15760	10257	35	2	0	34	0.000126879	15763	0.999863	FALSE	ORF1ab:cds-YP_009724389.1	GGT	G	GGC	G	814
NC_045512.2	15910	G	T	15933	10303	35	1	1	34	6.27589e-05	15934	0.999985	FALSE	ORF1ab:cds-YP_009724389.1	GAT	D	TAT	Y	815
NC_045512.2	15911	A	G	15785	10233	35	3	2	34	0.000190018	15788	0.999346	FALSE	ORF1ab:cds-YP_009724389.1	GAT	D	GGT	G	815
NC_045512.2	15912	T	C	15932	10213	35	6	1	34	0.000376459	15938	0.986727	FALSE	ORF1ab:cds-YP_009724389.1	GAT	D	GAC	D	815
NC_045512.2	15913	G	T	16142	10285	35	1	0	26	6.19464e-05	16143	1	FALSE	ORF1ab:cds-YP_009724389.1	GAT	D	TAT	Y	816
NC_045512.2	15914	A	T	5896	362	35	1	0	34	0.000169578	5897	0.984403	FALSE	ORF1ab:cds-YP_009724389.1	GAT	D	GTT	V	816
NC_045512.2	15915	T	A	6001	380	36	1	0	34	0.000166611	6002	0.992206	FALSE	ORF1ab:cds-YP_009724389.1	GAT	D	GAA	E	816
NC_045512.2	15916	T	C	6100	378	36	1	0	34	0.000163908	6101	0.992205	FALSE	ORF1ab:cds-YP_009724389.1	TAT	Y	CAT	H	817
NC_045512.2	15917	A	G	6419	376	35	1	0	34	0.000155763	6420	0.992205	FALSE	ORF1ab:cds-YP_009724389.1	TAT	Y	TGT	C	817
NC_045512.2	15917	A	-TG	6419	376	35	1	0	20	0.000155763	6420	1	FALSE	NA	NA	NA	NA	NA	NA
NC_045512.2	15918	T	G	6409	400	35	1	0	34	0.000155982	6411	0.992196	FALSE	ORF1ab:cds-YP_009724389.1	TAT	Y	TAG	*	817
NC_045512.2	15918	T	C	6409	400	35	1	0	34	0.000155982	6411	0.992196	FALSE	ORF1ab:cds-YP_009724389.1	TAT	Y	TAC	Y	817
NC_045512.2	15920	T	C	6308	403	35	2	0	34	0.000316957	6310	0.964904	FALSE	ORF1ab:cds-YP_009724389.1	GTG	V	GCG	A	818
NC_045512.2	15922	T	G	6729	481	36	1	0	34	0.000148544	6732	0.992196	FALSE	ORF1ab:cds-YP_009724389.1	TAC	Y	GAC	D	819
NC_045512.2	15922	T	C	6729	481	36	2	0	34	0.000297089	6732	0.964884	FALSE	ORF1ab:cds-YP_009724389.1	TAC	Y	CAC	H	819
NC_045512.2	15923	A	G	6865	481	36	2	0	30	0.000291248	6867	0.964899	FALSE	ORF1ab:cds-YP_009724389.1	TAC	Y	TGC	C	819
NC_045512.2	15926	T	C	7043	495	36	3	0	45	0.000425773	7046	0.125	FALSE	ORF1ab:cds-YP_009724389.1	CTT	L	CCT	P	820
NC_045512.2	15927	T	C	8458	501	36	2	0	34	0.000236379	8461	0.989276	FALSE	ORF1ab:cds-YP_009724389.1	CTT	L	CTC	L	820
NC_045512.2	15927	T	A	8458	501	36	1	0	26	0.000118189	8461	1	FALSE	ORF1ab:cds-YP_009724389.1	CTT	L	CTA	L	820
NC_045512.2	15930	T	C	8528	537	36	31	0	37	0.00362192	8559	0.000145021	TRUE	ORF1ab:cds-YP_009724389.1	CCT	P	CCC	P	821
NC_045512.2	15932	A	-C	9233	539	36	1	0	20	0.000108307	9233	1	FALSE	NA	NA	NA	NA	NA	NA
NC_045512.2	15933	C	T	9278	563	36	2	0	30	0.000215517	9280	0.994152	FALSE	ORF1ab:cds-YP_009724389.1	TAC	Y	TAT	Y	822
NC_045512.2	15934	C	A	9203	595	36	1	0	34	0.000108648	9204	0.999026	FALSE	ORF1ab:cds-YP_009724389.1	CCA	P	ACA	T	823
NC_045512.2	15936	A	G	9287	588	36	2	0	34	0.000215308	9289	0.994155	FALSE	ORF1ab:cds-YP_009724389.1	CCA	P	CCG	P	823
NC_045512.2	15939	T	C	3	0	34	10009	679	37	0.999601	10013	0	TRUE	ORF1ab:cds-YP_009724389.1	GAT	D	GAC	D	824
NC_045512.2	15939	T	A	3	0	34	1	0	34	9.98702e-05	10013	0.0043864	TRUE	ORF1ab:cds-YP_009724389.1	GAT	D	GAA	E	824
NC_045512.2	15940	C	A	9937	680	36	1	0	26	0.000100624	9938	1	FALSE	ORF1ab:cds-YP_009724389.1	CCA	P	ACA	T	825
NC_045512.2	15941	C	G	10077	682	36	1	0	34	9.9226e-05	10078	0.999513	FALSE	ORF1ab:cds-YP_009724389.1	CCA	P	CGA	R	825
NC_045512.2	15942	A	T	10083	692	36	2	0	34	0.000198275	10087	0.996832	FALSE	ORF1ab:cds-YP_009724389.1	CCA	P	CCT	P	825
NC_045512.2	15942	A	G	10083	692	36	2	0	43	0.000198275	10087	0.499963	FALSE	ORF1ab:cds-YP_009724389.1	CCA	P	CCG	P	825
NC_045512.2	15943	T	G	10089	731	37	1	0	34	9.90982e-05	10091	0.999513	FALSE	ORF1ab:cds-YP_009724389.1	TCA	S	GCA	A	826
NC_045512.2	15943	T	C	10089	731	37	1	0	34	9.90982e-05	10091	0.999513	FALSE	ORF1ab:cds-YP_009724389.1	TCA	S	CCA	P	826
NC_045512.2	15944	C	T	10203	744	37	1	0	26	9.80008e-05	10204	1	FALSE	ORF1ab:cds-YP_009724389.1	TCA	S	TTA	L	826
NC_045512.2	15945	A	G	10235	785	37	1	0	34	9.76944e-05	10236	0.999513	FALSE	ORF1ab:cds-YP_009724389.1	TCA	S	TCG	S	826
NC_045512.2	15946	A	G	9931	776	36	2	0	47	0.000201349	9933	0.250013	FALSE	ORF1ab:cds-YP_009724389.1	AGA	R	GGA	G	827
NC_045512.2	15948	A	G	9680	788	36	1	0	38	0.000103295	9681	0.999026	FALSE	ORF1ab:cds-YP_009724389.1	AGA	R	AGG	R	827
NC_045512.2	15949	A	G	10291	797	37	1	0	34	9.71628e-05	10292	0.999513	FALSE	ORF1ab:cds-YP_009724389.1	ATC	I	GTC	V	828
NC_045512.2	15950	T	C	10378	750	36	2	1	36	0.00019266	10381	0.996833	FALSE	ORF1ab:cds-YP_009724389.1	ATC	I	ACC	T	828
NC_045512.2	15950	T	A	10378	750	36	1	0	26	9.63298e-05	10381	1	FALSE	ORF1ab:cds-YP_009724389.1	ATC	I	AAC	N	828
NC_045512.2	15953	T	G	10461	782	36	1	0	26	9.55657e-05	10464	1	FALSE	ORF1ab:cds-YP_009724389.1	CTA	L	CGA	R	829
NC_045512.2	15953	T	C	10461	782	36	2	0	34	0.000191131	10464	0.996833	FALSE	ORF1ab:cds-YP_009724389.1	CTA	L	CCA	P	829
NC_045512.2	15954	A	G	10400	832	37	1	0	34	9.61446e-05	10401	0.999513	FALSE	ORF1ab:cds-YP_009724389.1	CTA	L	CTG	L	829
NC_045512.2	15955	G	T	10558	848	37	1	0	34	9.47059e-05	10559	0.999513	FALSE	ORF1ab:cds-YP_009724389.1	GGG	G	TGG	W	830
NC_045512.2	15957	G	T	10542	915	38	1	0	26	9.48407e-05	10544	1	FALSE	ORF1ab:cds-YP_009724389.1	GGG	G	GGT	G	830
NC_045512.2	15957	G	A	10542	915	38	1	0	34	9.48407e-05	10544	0.999513	FALSE	ORF1ab:cds-YP_009724389.1	GGG	G	GGA	G	830
NC_045512.2	15959	C	T	10595	935	38	2	1	40	0.000188733	10597	0.500035	FALSE	ORF1ab:cds-YP_009724389.1	GCC	A	GTC	V	831
NC_045512.2	15960	C	T	10650	936	38	1	1	34	9.38879e-05	10651	0.999513	FALSE	ORF1ab:cds-YP_009724389.1	GCC	A	GCT	A	831
NC_045512.2	15961	G	A	10656	941	38	1	0	34	9.3835e-05	10657	0.999513	FALSE	ORF1ab:cds-YP_009724389.1	GGC	G	AGC	S	832
NC_045512.2	15962	G	A	10611	946	38	5	1	40	0.000470987	10616	0.109364	FALSE	ORF1ab:cds-YP_009724389.1	GGC	G	GAC	D	832
NC_045512.2	15963	C	G	10701	973	38	1	0	34	9.34405e-05	10702	0.999513	FALSE	ORF1ab:cds-YP_009724389.1	GGC	G	GGG	G	832
NC_045512.2	15964	T	G	10282	992	37	1	0	34	9.72479e-05	10283	0.999513	FALSE	ORF1ab:cds-YP_009724389.1	TGT	C	GGT	G	833
NC_045512.2	15965	G	T	10884	992	38	1	0	34	9.18611e-05	10886	0.999513	FALSE	ORF1ab:cds-YP_009724389.1	TGT	C	TTT	F	833
NC_045512.2	15965	G	A	10884	992	38	1	0	34	9.18611e-05	10886	0.999513	FALSE	ORF1ab:cds-YP_009724389.1	TGT	C	TAT	Y	833
NC_045512.2	15967	T	G	10642	963	37	2	2	25	0.000187882	10645	1	FALSE	ORF1ab:cds-YP_009724389.1	TTT	F	GTT	V	834
NC_045512.2	15967	T	C	10642	963	37	1	0	34	9.39408e-05	10645	0.999513	FALSE	ORF1ab:cds-YP_009724389.1	TTT	F	CTT	L	834
NC_045512.2	15969	T	G	10502	1229	39	1	0	26	9.51837e-05	10506	1	FALSE	ORF1ab:cds-YP_009724389.1	TTT	F	TTG	L	834
NC_045512.2	15969	T	C	10502	1229	39	2	0	34	0.000190367	10506	0.996832	FALSE	ORF1ab:cds-YP_009724389.1	TTT	F	TTC	F	834
NC_045512.2	15969	T	A	10502	1229	39	1	0	26	9.51837e-05	10506	1	FALSE	ORF1ab:cds-YP_009724389.1	TTT	F	TTA	L	834
NC_045512.2	15971	T	C	10590	1212	38	1	0	34	9.44198e-05	10591	0.999513	FALSE	ORF1ab:cds-YP_009724389.1	GTA	V	GCA	A	835
NC_045512.2	15972	A	G	10544	1234	38	1	1	34	9.48317e-05	10545	0.999513	FALSE	ORF1ab:cds-YP_009724389.1	GTA	V	GTG	V	835
NC_045512.2	15973	G	A	10730	1236	39	1	0	34	9.3188e-05	10731	0.999513	FALSE	ORF1ab:cds-YP_009724389.1	GAT	D	AAT	N	836
NC_045512.2	15974	A	T	10126	1368	39	1	0	34	9.87264e-05	10129	0.999513	FALSE	ORF1ab:cds-YP_009724389.1	GAT	D	GTT	V	836
NC_045512.2	15974	A	G	10126	1368	39	2	1	30	0.000197453	10129	0.996833	FALSE	ORF1ab:cds-YP_009724389.1	GAT	D	GGT	G	836
NC_045512.2	15975	T	C	10536	1336	39	2	0	60	0.000189789	10538	0.250012	FALSE	ORF1ab:cds-YP_009724389.1	GAT	D	GAC	D	836
NC_045512.2	15977	A	T	10504	1395	39	1	1	26	9.51928e-05	10505	1	FALSE	ORF1ab:cds-YP_009724389.1	GAT	D	GTT	V	837
NC_045512.2	15978	T	C	10494	1335	38	3	1	56	0.000285796	10497	0.125	FALSE	ORF1ab:cds-YP_009724389.1	GAT	D	GAC	D	837
NC_045512.2	15979	A	T	10080	1469	39	1	0	26	9.91965e-05	10081	1	FALSE	ORF1ab:cds-YP_009724389.1	ATC	I	TTC	F	838
NC_045512.2	15981	C	G	10194	1644	40	1	0	26	9.80873e-05	10195	1	FALSE	ORF1ab:cds-YP_009724389.1	ATC	I	ATG	M	838
NC_045512.2	15982	G	A	10166	1634	39	1	0	34	9.83574e-05	10167	0.999513	FALSE	ORF1ab:cds-YP_009724389.1	GTA	V	ATA	I	839
NC_045512.2	15983	T	-AA	10143	1677	40	1	0	20	9.85902e-05	10143	1	FALSE	NA	NA	NA	NA	NA	NA
NC_045512.2	15983	T	-A	10143	1677	40	1	0	20	9.85902e-05	10143	1	FALSE	NA	NA	NA	NA	NA	NA
NC_045512.2	15984	A	C	9477	1746	39	2	1	26	0.000210993	9479	1	FALSE	ORF1ab:cds-YP_009724389.1	GTA	V	GTC	V	839
NC_045512.2	15987	A	C	9521	1801	39	1	0	34	0.00010502	9522	0.999026	FALSE	ORF1ab:cds-YP_009724389.1	AAA	K	AAC	N	840
NC_045512.2	15990	A	T	9136	1863	38	2	0	30	0.000218818	9140	0.994149	FALSE	ORF1ab:cds-YP_009724389.1	ACA	T	ACT	T	841
NC_045512.2	15990	A	G	9136	1863	38	1	0	26	0.000109409	9140	1	FALSE	ORF1ab:cds-YP_009724389.1	ACA	T	ACG	T	841
NC_045512.2	15990	A	C	9136	1863	38	1	1	27	0.000109409	9140	1	FALSE	ORF1ab:cds-YP_009724389.1	ACA	T	ACC	T	841
NC_045512.2	15991	G	T	9653	1918	38	1	0	34	0.000103584	9654	0.999026	FALSE	ORF1ab:cds-YP_009724389.1	GAT	D	TAT	Y	842
NC_045512.2	15998	C	G	9300	2179	38	1	0	26	0.000107515	9301	1	FALSE	ORF1ab:cds-YP_009724389.1	ACA	T	AGA	R	844
NC_045512.2	16001	T	G	9619	2168	38	1	1	68	0.00010395	9620	0.500026	FALSE	ORF1ab:cds-YP_009724389.1	CTT	L	CGT	R	845
NC_045512.2	16005	G	A	9625	2117	38	1	0	34	0.000103885	9626	0.999026	FALSE	ORF1ab:cds-YP_009724389.1	ATG	M	ATA	I	846
NC_045512.2	16010	A	G	8953	2278	37	1	0	34	0.000111682	8954	0.998052	FALSE	ORF1ab:cds-YP_009724389.1	GAA	E	GGA	G	848
NC_045512.2	16011	A	G	9119	2334	38	2	0	30	0.000219274	9121	0.994155	FALSE	ORF1ab:cds-YP_009724389.1	GAA	E	GAG	E	848
NC_045512.2	16012	C	T	9012	2371	38	2	1	51	0.000221877	9014	0.250014	FALSE	ORF1ab:cds-YP_009724389.1	CGG	R	TGG	W	849
NC_045512.2	16014	G	T	9157	2348	37	2	0	30	0.000218317	9161	0.994149	FALSE	ORF1ab:cds-YP_009724389.1	CGG	R	CGT	R	849
NC_045512.2	16014	G	A	9157	2348	37	2	1	34	0.000218317	9161	0.994149	FALSE	ORF1ab:cds-YP_009724389.1	CGG	R	CGA	R	849
NC_045512.2	16016	T	G	9053	2392	37	1	0	27	0.000110424	9056	1	FALSE	ORF1ab:cds-YP_009724389.1	TTC	F	TGC	C	850
NC_045512.2	16016	T	C	9053	2392	37	2	0	30	0.000220848	9056	0.994152	FALSE	ORF1ab:cds-YP_009724389.1	TTC	F	TCC	S	850
NC_045512.2	16019	T	G	8702	2514	37	1	0	34	0.00011489	8704	0.998051	FALSE	ORF1ab:cds-YP_009724389.1	GTG	V	GGG	G	851
NC_045512.2	16019	T	A	8702	2514	37	1	0	26	0.00011489	8704	1	FALSE	ORF1ab:cds-YP_009724389.1	GTG	V	GAG	E	851
NC_045512.2	16021	T	C	8573	2350	36	1	0	68	0.000116632	8574	0.500029	FALSE	ORF1ab:cds-YP_009724389.1	TCT	S	CCT	P	852
NC_045512.2	16022	C	A	8711	2600	38	1	0	34	0.000114784	8712	0.998052	FALSE	ORF1ab:cds-YP_009724389.1	TCT	S	TAT	Y	852
NC_045512.2	16023	T	G	8554	2453	37	1	0	34	0.000116877	8556	0.998051	FALSE	ORF1ab:cds-YP_009724389.1	TCT	S	TCG	S	852
NC_045512.2	16023	T	C	8554	2453	37	1	1	68	0.000116877	8556	0.5	FALSE	ORF1ab:cds-YP_009724389.1	TCT	S	TCC	S	852
NC_045512.2	16025	T	C	8486	2498	37	3	2	34	0.000353357	8490	0.967328	FALSE	ORF1ab:cds-YP_009724389.1	TTA	L	TCA	S	853
NC_045512.2	16025	T	A	8486	2498	37	1	0	34	0.000117786	8490	0.998049	FALSE	ORF1ab:cds-YP_009724389.1	TTA	L	TAA	*	853
NC_045512.2	16027	G	C	8637	2472	37	1	0	34	0.000115768	8638	0.998052	FALSE	ORF1ab:cds-YP_009724389.1	GCT	A	CCT	P	854
NC_045512.2	16029	T	C	7821	2928	37	1	0	34	0.000127845	7822	0.996103	FALSE	ORF1ab:cds-YP_009724389.1	GCT	A	GCC	A	854
NC_045512.2	16030	A	G	7975	3027	37	1	0	26	0.000125376	7976	1	FALSE	ORF1ab:cds-YP_009724389.1	ATA	I	GTA	V	855
NC_045512.2	16032	A	G	7643	3041	36	1	0	34	0.000130804	7645	0.996101	FALSE	ORF1ab:cds-YP_009724389.1	ATA	I	ATG	M	855
NC_045512.2	16032	A	C	7643	3041	36	1	1	34	0.000130804	7645	0.996101	FALSE	ORF1ab:cds-YP_009724389.1	ATA	I	ATC	I	855
NC_045512.2	16034	A	T	7187	3168	35	1	0	34	0.000139121	7188	0.996104	FALSE	ORF1ab:cds-YP_009724389.1	GAT	D	GTT	V	856
NC_045512.2	16037	C	A	7286	3207	36	1	0	34	0.000137231	7287	0.996103	FALSE	ORF1ab:cds-YP_009724389.1	GCT	A	GAT	D	857
NC_045512.2	16038	T	C	7263	3121	36	1	1	26	0.000137665	7264	1	FALSE	ORF1ab:cds-YP_009724389.1	GCT	A	GCC	A	857
NC_045512.2	16039	T	C	7306	3196	36	1	0	34	0.000136855	7307	0.996103	FALSE	ORF1ab:cds-YP_009724389.1	TAC	Y	CAC	H	858
NC_045512.2	16043	C	T	7280	3393	36	2	2	30	0.00027465	7282	0.980507	FALSE	ORF1ab:cds-YP_009724389.1	CCA	P	CTA	L	859
NC_045512.2	16044	A	G	7322	3490	37	2	0	30	0.000273075	7324	0.980507	FALSE	ORF1ab:cds-YP_009724389.1	CCA	P	CCG	P	859
NC_045512.2	16049	C	T	7436	3545	36	1	0	27	0.000134463	7437	1	FALSE	ORF1ab:cds-YP_009724389.1	ACT	T	ATT	I	861
NC_045512.2	16050	T	A	7349	3469	36	1	1	34	0.000136054	7350	0.996103	FALSE	ORF1ab:cds-YP_009724389.1	ACT	T	ACA	T	861
NC_045512.2	16050	T	-A	7349	3469	36	1	0	20	0.000136054	7350	1	FALSE	NA	NA	NA	NA	NA	NA
NC_045512.2	16051	A	T	7575	3692	37	1	0	26	0.000131978	7577	1	FALSE	ORF1ab:cds-YP_009724389.1	AAA	K	TAA	*	862
NC_045512.2	16051	A	G	7575	3692	37	1	0	34	0.000131978	7577	0.996097	FALSE	ORF1ab:cds-YP_009724389.1	AAA	K	GAA	E	862
NC_045512.2	16054	C	T	7788	4015	37	1	1	34	0.000128386	7789	0.996103	FALSE	ORF1ab:cds-YP_009724389.1	CAT	H	TAT	Y	863
NC_045512.2	16055	A	G	7530	3702	37	1	0	68	0.000132784	7531	0.500033	FALSE	ORF1ab:cds-YP_009724389.1	CAT	H	CGT	R	863
NC_045512.2	16057	C	A	7762	3944	37	1	0	34	0.000128816	7763	0.996103	FALSE	ORF1ab:cds-YP_009724389.1	CCT	P	ACT	T	864
NC_045512.2	16060	A	T	8399	4211	37	1	0	26	0.000119019	8402	1	FALSE	ORF1ab:cds-YP_009724389.1	AAT	N	TAT	Y	865
NC_045512.2	16060	A	G	8399	4211	37	2	0	26	0.000238039	8402	1	FALSE	ORF1ab:cds-YP_009724389.1	AAT	N	GAT	D	865
NC_045512.2	16061	A	G	8351	4244	37	3	2	39	0.000359109	8354	0.967343	FALSE	ORF1ab:cds-YP_009724389.1	AAT	N	AGT	S	865
NC_045512.2	16063	C	T	8422	4311	37	1	1	34	0.000118723	8423	0.998052	FALSE	ORF1ab:cds-YP_009724389.1	CAG	Q	TAG	*	866
NC_045512.2	16064	A	G	8293	4210	37	1	1	34	0.000120569	8294	0.998052	FALSE	ORF1ab:cds-YP_009724389.1	CAG	Q	CGG	R	866
NC_045512.2	16065	G	T	8612	4188	37	1	0	26	0.000116104	8613	1	FALSE	ORF1ab:cds-YP_009724389.1	CAG	Q	CAT	H	866
NC_045512.2	16068	G	T	8697	4355	37	1	0	34	0.000114969	8698	0.998052	FALSE	ORF1ab:cds-YP_009724389.1	GAG	E	GAT	D	867
NC_045512.2	16069	T	G	8388	4137	37	1	1	26	0.000119204	8389	1	FALSE	ORF1ab:cds-YP_009724389.1	TAT	Y	GAT	D	868
NC_045512.2	16070	A	T	8459	4168	37	1	0	34	0.000118203	8460	0.998052	FALSE	ORF1ab:cds-YP_009724389.1	TAT	Y	TTT	F	868
NC_045512.2	16071	T	G	8551	4236	37	1	0	34	0.000116932	8552	0.998052	FALSE	ORF1ab:cds-YP_009724389.1	TAT	Y	TAG	*	868
NC_045512.2	16072	G	C	8512	4180	37	2	2	34	0.00023488	8515	0.989276	FALSE	ORF1ab:cds-YP_009724389.1	GCT	A	CCT	P	869
NC_045512.2	16072	G	A	8512	4180	37	1	1	68	0.00011744	8515	0.499971	FALSE	ORF1ab:cds-YP_009724389.1	GCT	A	ACT	T	869
NC_045512.2	16073	C	A	8599	4364	37	1	0	34	0.000116279	8600	0.998052	FALSE	ORF1ab:cds-YP_009724389.1	GCT	A	GAT	D	869
NC_045512.2	16075	G	A	8347	4088	37	1	1	34	0.000119789	8348	0.998052	FALSE	ORF1ab:cds-YP_009724389.1	GAT	D	AAT	N	870
NC_045512.2	16080	C	A	8226	4034	37	1	1	26	0.000121551	8227	1	FALSE	ORF1ab:cds-YP_009724389.1	GTC	V	GTA	V	871
NC_045512.2	16081	T	C	8158	3982	38	3	2	31	0.000367557	8162	0.96733	FALSE	ORF1ab:cds-YP_009724389.1	TTT	F	CTT	L	872
NC_045512.2	16081	T	A	8158	3982	38	1	1	34	0.000122519	8162	0.998049	FALSE	ORF1ab:cds-YP_009724389.1	TTT	F	ATT	I	872
NC_045512.2	16082	T	C	8143	3995	38	1	0	26	0.00012279	8144	1	FALSE	ORF1ab:cds-YP_009724389.1	TTT	F	TCT	S	872
NC_045512.2	16085	A	G	8310	4158	38	1	1	26	0.000120322	8311	1	FALSE	ORF1ab:cds-YP_009724389.1	CAT	H	CGT	R	873
NC_045512.2	16088	T	C	8250	4169	38	2	1	34	0.000242365	8252	0.989282	FALSE	ORF1ab:cds-YP_009724389.1	TTG	L	TCG	S	874
NC_045512.2	16090	T	G	8263	4360	38	1	0	34	0.000120963	8267	0.998049	FALSE	ORF1ab:cds-YP_009724389.1	TAC	Y	GAC	D	875
NC_045512.2	16090	T	C	8263	4360	38	3	1	45	0.000362889	8267	0.124977	FALSE	ORF1ab:cds-YP_009724389.1	TAC	Y	CAC	H	875
NC_045512.2	16092	C	T	8006	4515	38	1	1	26	0.000124891	8007	1	FALSE	ORF1ab:cds-YP_009724389.1	TAC	Y	TAT	Y	875
NC_045512.2	16095	A	T	7979	4490	38	1	1	34	0.000125266	7983	0.996097	FALSE	ORF1ab:cds-YP_009724389.1	TTA	L	TTT	F	876
NC_045512.2	16095	A	G	7979	4490	38	3	2	34	0.000375799	7983	0.945368	FALSE	ORF1ab:cds-YP_009724389.1	TTA	L	TTG	L	876
NC_045512.2	16098	A	G	7937	4572	37	1	1	34	0.00012596	7939	0.996101	FALSE	ORF1ab:cds-YP_009724389.1	CAA	Q	CAG	Q	877
NC_045512.2	16098	A	C	7937	4572	37	1	1	34	0.00012596	7939	0.996101	FALSE	ORF1ab:cds-YP_009724389.1	CAA	Q	CAC	H	877
NC_045512.2	16100	A	G	7690	4577	36	1	0	34	0.000130005	7692	0.996101	FALSE	ORF1ab:cds-YP_009724389.1	TAC	Y	TGC	C	878
NC_045512.2	16100	A	C	7690	4577	36	1	1	34	0.000130005	7692	0.996101	FALSE	ORF1ab:cds-YP_009724389.1	TAC	Y	TCC	S	878
NC_045512.2	16103	T	C	7630	4523	37	1	0	24	0.000131044	7631	1	FALSE	ORF1ab:cds-YP_009724389.1	ATA	I	ACA	T	879
NC_045512.2	16107	A	C	7349	4452	36	2	2	34	0.000272072	7351	0.980507	FALSE	ORF1ab:cds-YP_009724389.1	AGA	R	AGC	S	880
NC_045512.2	16111	C	A	7358	4403	37	1	1	24	0.000135888	7359	1	FALSE	ORF1ab:cds-YP_009724389.1	CTA	L	ATA	I	882
NC_045512.2	16114	C	T	7112	4410	36	1	1	26	0.000140588	7113	1	FALSE	ORF1ab:cds-YP_009724389.1	CAT	H	TAT	Y	883
NC_045512.2	16116	T	A	7685	5084	37	1	1	34	0.000130107	7686	0.996103	FALSE	ORF1ab:cds-YP_009724389.1	CAT	H	CAA	Q	883
NC_045512.2	16121	A	G	8845	6505	37	1	0	34	0.000113045	8846	0.998052	FALSE	ORF1ab:cds-YP_009724389.1	GAG	E	GGG	G	885
NC_045512.2	16122	G	C	8807	6455	37	1	1	34	0.000113533	8808	0.998052	FALSE	ORF1ab:cds-YP_009724389.1	GAG	E	GAC	D	885
NC_045512.2	16123	T	C	7603	5301	36	2	2	34	0.000262985	7605	0.980506	FALSE	ORF1ab:cds-YP_009724389.1	TTA	L	CTA	L	886
NC_045512.2	16125	A	G	8829	6509	37	1	1	34	0.00011325	8830	0.998052	FALSE	ORF1ab:cds-YP_009724389.1	TTA	L	TTG	L	886
NC_045512.2	16127	C	T	8728	6586	37	2	2	34	0.000229095	8730	0.98928	FALSE	ORF1ab:cds-YP_009724389.1	ACA	T	ATA	I	887
NC_045512.2	16128	A	G	8583	6471	37	2	2	34	0.000232964	8585	0.989281	FALSE	ORF1ab:cds-YP_009724389.1	ACA	T	ACG	T	887
NC_045512.2	16129	G	T	8505	6421	37	1	1	34	0.000117523	8509	0.998049	FALSE	ORF1ab:cds-YP_009724389.1	GGA	G	TGA	*	888
NC_045512.2	16129	G	C	8505	6421	37	3	3	34	0.000352568	8509	0.967328	FALSE	ORF1ab:cds-YP_009724389.1	GGA	G	CGA	R	888
NC_045512.2	16130	G	T	9694	7796	38	1	1	34	0.000103146	9695	0.999026	FALSE	ORF1ab:cds-YP_009724389.1	GGA	G	GTA	V	888
NC_045512.2	16131	A	T	9620	7768	38	1	1	24	0.000103928	9622	1	FALSE	ORF1ab:cds-YP_009724389.1	GGA	G	GGT	G	888
NC_045512.2	16131	A	G	9620	7768	38	1	1	34	0.000103928	9622	0.999026	FALSE	ORF1ab:cds-YP_009724389.1	GGA	G	GGG	G	888
NC_045512.2	16132	C	T	9656	7802	38	1	1	34	0.000103552	9657	0.999026	FALSE	ORF1ab:cds-YP_009724389.1	CAC	H	TAC	Y	889
NC_045512.2	16133	A	T	9531	7694	38	1	0	34	0.000104899	9533	0.999026	FALSE	ORF1ab:cds-YP_009724389.1	CAC	H	CTC	L	889
NC_045512.2	16133	A	G	9531	7694	38	1	0	34	0.000104899	9533	0.999026	FALSE	ORF1ab:cds-YP_009724389.1	CAC	H	CGC	R	889
NC_045512.2	16135	A	T	9615	7851	38	1	1	34	0.000103993	9616	0.999026	FALSE	ORF1ab:cds-YP_009724389.1	ATG	M	TTG	L	890
NC_045512.2	16136	T	A	9956	8355	37	1	1	34	0.000100432	9957	0.999026	FALSE	ORF1ab:cds-YP_009724389.1	ATG	M	AAG	K	890
NC_045512.2	16137	G	A	10389	8813	38	1	1	34	9.62464e-05	10390	0.999513	FALSE	ORF1ab:cds-YP_009724389.1	ATG	M	ATA	I	890
NC_045512.2	16138	T	G	10113	8633	37	1	0	34	9.88728e-05	10114	0.999513	FALSE	ORF1ab:cds-YP_009724389.1	TTA	L	GTA	V	891
NC_045512.2	16139	T	C	10616	9147	38	1	1	34	9.41886e-05	10617	0.999513	FALSE	ORF1ab:cds-YP_009724389.1	TTA	L	TCA	S	891
NC_045512.2	16143	C	T	12258	9606	37	1	1	34	8.15727e-05	12259	0.999878	FALSE	ORF1ab:cds-YP_009724389.1	GAC	D	GAT	D	892
NC_045512.2	16144	A	T	12114	9593	37	1	0	34	8.25355e-05	12116	0.999878	FALSE	ORF1ab:cds-YP_009724389.1	ATG	M	TTG	L	893
NC_045512.2	16144	A	G	12114	9593	37	1	1	34	8.25355e-05	12116	0.999878	FALSE	ORF1ab:cds-YP_009724389.1	ATG	M	GTG	V	893
NC_045512.2	16147	T	C	12442	9915	37	2	2	34	0.00016072	12444	0.999087	FALSE	ORF1ab:cds-YP_009724389.1	TAT	Y	CAT	H	894
NC_045512.2	16148	A	G	13095	10684	38	1	1	34	7.63592e-05	13096	0.999939	FALSE	ORF1ab:cds-YP_009724389.1	TAT	Y	TGT	C	894
NC_045512.2	16149	T	C	13380	10955	38	4	4	34	0.000298864	13384	0.993653	FALSE	ORF1ab:cds-YP_009724389.1	TAT	Y	TAC	Y	894
NC_045512.2	16150	T	C	13375	10987	38	4	3	38	0.000298976	13379	0.993653	FALSE	ORF1ab:cds-YP_009724389.1	TCT	S	CCT	P	895
NC_045512.2	16152	T	C	12938	10435	38	1	1	34	7.72798e-05	12940	0.999878	FALSE	ORF1ab:cds-YP_009724389.1	TCT	S	TCC	S	895
NC_045512.2	16152	T	A	12938	10435	38	1	1	34	7.72798e-05	12940	0.999878	FALSE	ORF1ab:cds-YP_009724389.1	TCT	S	TCA	S	895
NC_045512.2	16153	G	T	13266	10704	38	1	1	34	7.53693e-05	13268	0.999939	FALSE	ORF1ab:cds-YP_009724389.1	GTT	V	TTT	F	896
NC_045512.2	16153	G	C	13266	10704	38	1	0	68	7.53693e-05	13268	0.5	FALSE	ORF1ab:cds-YP_009724389.1	GTT	V	CTT	L	896
NC_045512.2	16154	T	C	13353	10851	38	1	1	34	7.48839e-05	13354	0.999939	FALSE	ORF1ab:cds-YP_009724389.1	GTT	V	GCT	A	896
NC_045512.2	16155	T	C	13018	10530	38	1	1	34	7.68108e-05	13019	0.999939	FALSE	ORF1ab:cds-YP_009724389.1	GTT	V	GTC	V	896
NC_045512.2	16156	A	G	12513	10146	37	1	1	34	7.99105e-05	12514	0.999878	FALSE	ORF1ab:cds-YP_009724389.1	ATG	M	GTG	V	897
NC_045512.2	16157	T	A	13021	10560	38	1	1	34	7.67931e-05	13022	0.999939	FALSE	ORF1ab:cds-YP_009724389.1	ATG	M	AAG	K	897
NC_045512.2	16159	C	G	12906	10630	37	1	0	34	7.74653e-05	12909	0.999878	FALSE	ORF1ab:cds-YP_009724389.1	CTT	L	GTT	V	898
NC_045512.2	16159	C	A	12906	10630	37	2	2	34	0.000154931	12909	0.999087	FALSE	ORF1ab:cds-YP_009724389.1	CTT	L	ATT	I	898
NC_045512.2	16160	T	C	12621	10329	37	1	1	26	7.92267e-05	12622	1	FALSE	ORF1ab:cds-YP_009724389.1	CTT	L	CCT	P	898
NC_045512.2	16161	T	C	12644	10363	37	1	1	34	7.90826e-05	12645	0.999878	FALSE	ORF1ab:cds-YP_009724389.1	CTT	L	CTC	L	898
NC_045512.2	16162	A	G	12329	10047	37	1	1	34	8.1103e-05	12330	0.999878	FALSE	ORF1ab:cds-YP_009724389.1	ACT	T	GCT	A	899
NC_045512.2	16163	C	A	12531	10227	37	1	1	34	7.97957e-05	12532	0.999878	FALSE	ORF1ab:cds-YP_009724389.1	ACT	T	AAT	N	899
NC_045512.2	16165	A	T	12434	10142	37	1	1	26	8.04117e-05	12436	1	FALSE	ORF1ab:cds-YP_009724389.1	AAT	N	TAT	Y	900
NC_045512.2	16165	A	G	12434	10142	37	1	0	34	8.04117e-05	12436	0.999878	FALSE	ORF1ab:cds-YP_009724389.1	AAT	N	GAT	D	900
NC_045512.2	16166	A	G	12299	10178	36	1	0	26	8.12942e-05	12301	1	FALSE	ORF1ab:cds-YP_009724389.1	AAT	N	AGT	S	900
NC_045512.2	16166	A	C	12299	10178	36	1	0	26	8.12942e-05	12301	1	FALSE	ORF1ab:cds-YP_009724389.1	AAT	N	ACT	T	900
NC_045512.2	16167	T	A	11873	9710	36	1	1	26	8.42176e-05	11874	1	FALSE	ORF1ab:cds-YP_009724389.1	AAT	N	AAA	K	900
NC_045512.2	16167	T	-G	11873	9710	36	1	0	20	8.42176e-05	11874	1	FALSE	NA	NA	NA	NA	NA	NA
NC_045512.2	16171	A	G	12182	10168	36	3	1	34	0.000246204	12185	0.996318	FALSE	ORF1ab:cds-YP_009724389.1	AAC	N	GAC	D	902
NC_045512.2	16174	A	T	12098	10015	36	1	1	34	8.26446e-05	12100	0.999878	FALSE	ORF1ab:cds-YP_009724389.1	ACT	T	TCT	S	903
NC_045512.2	16174	A	G	12098	10015	36	1	0	34	8.26446e-05	12100	0.999878	FALSE	ORF1ab:cds-YP_009724389.1	ACT	T	GCT	A	903
NC_045512.2	16175	C	A	12250	10124	36	1	1	34	8.1626e-05	12251	0.999878	FALSE	ORF1ab:cds-YP_009724389.1	ACT	T	AAT	N	903
NC_045512.2	16180	A	G	11774	9802	35	1	1	34	8.49257e-05	11775	0.999757	FALSE	ORF1ab:cds-YP_009724389.1	AGG	R	GGG	G	905
NC_045512.2	16181	G	T	12010	9908	36	1	1	34	8.3257e-05	12011	0.999878	FALSE	ORF1ab:cds-YP_009724389.1	AGG	R	ATG	M	905
NC_045512.2	16184	A	G	11715	9619	36	1	0	34	8.53534e-05	11716	0.999757	FALSE	ORF1ab:cds-YP_009724389.1	TAT	Y	TGT	C	906
NC_045512.2	16185	T	C	11716	9597	36	1	1	34	8.53461e-05	11717	0.999757	FALSE	ORF1ab:cds-YP_009724389.1	TAT	Y	TAC	Y	906
NC_045512.2	16186	T	G	11730	9627	36	1	0	34	8.52297e-05	11733	0.999756	FALSE	ORF1ab:cds-YP_009724389.1	TGG	W	GGG	G	907
NC_045512.2	16186	T	C	11730	9627	36	1	0	34	8.52297e-05	11733	0.999756	FALSE	ORF1ab:cds-YP_009724389.1	TGG	W	CGG	R	907
NC_045512.2	16186	T	A	11730	9627	36	1	1	68	8.52297e-05	11733	0.499979	FALSE	ORF1ab:cds-YP_009724389.1	TGG	W	AGG	R	907
NC_045512.2	16187	G	T	11733	9622	36	1	1	34	8.51861e-05	11739	0.999756	FALSE	ORF1ab:cds-YP_009724389.1	TGG	W	TTG	L	907
NC_045512.2	16187	G	C	11733	9622	36	5	5	32	0.000425931	11739	0.961643	FALSE	ORF1ab:cds-YP_009724389.1	TGG	W	TCG	S	907
NC_045512.2	16188	G	C	11739	9643	36	1	1	34	8.51716e-05	11741	0.999757	FALSE	ORF1ab:cds-YP_009724389.1	TGG	W	TGC	C	907
NC_045512.2	16188	G	A	11739	9643	36	1	1	34	8.51716e-05	11741	0.999757	FALSE	ORF1ab:cds-YP_009724389.1	TGG	W	TGA	*	907
NC_045512.2	16189	G	T	11698	9595	36	1	1	34	8.54409e-05	11704	0.999756	FALSE	ORF1ab:cds-YP_009724389.1	GAA	E	TAA	*	908
NC_045512.2	16189	G	C	11698	9595	36	5	5	29	0.000427204	11704	1	FALSE	ORF1ab:cds-YP_009724389.1	GAA	E	CAA	Q	908
NC_045512.2	16191	A	G	11295	9376	36	2	1	51	0.000177022	11298	0.249989	FALSE	ORF1ab:cds-YP_009724389.1	GAA	E	GAG	E	908
NC_045512.2	16191	A	C	11295	9376	36	1	0	26	8.85112e-05	11298	1	FALSE	ORF1ab:cds-YP_009724389.1	GAA	E	GAC	D	908
NC_045512.2	16192	C	T	11426	9379	36	1	1	34	8.7512e-05	11427	0.999757	FALSE	ORF1ab:cds-YP_009724389.1	CCT	P	TCT	S	909
NC_045512.2	16193	C	A	11365	9363	36	2	2	34	0.000175948	11367	0.998296	FALSE	ORF1ab:cds-YP_009724389.1	CCT	P	CAT	H	909
NC_045512.2	16194	T	C	11106	9095	35	3	1	34	0.000270051	11109	0.993547	FALSE	ORF1ab:cds-YP_009724389.1	CCT	P	CCC	P	909
NC_045512.2	16195	G	T	11349	9320	36	1	1	34	8.81057e-05	11350	0.999757	FALSE	ORF1ab:cds-YP_009724389.1	GAG	E	TAG	*	910
NC_045512.2	16196	A	T	11226	9197	36	1	1	26	8.90234e-05	11233	1	FALSE	ORF1ab:cds-YP_009724389.1	GAG	E	GTG	V	910
NC_045512.2	16196	A	C	11226	9197	36	6	6	31	0.00053414	11233	0.928344	FALSE	ORF1ab:cds-YP_009724389.1	GAG	E	GCG	A	910
NC_045512.2	16198	T	C	11207	9198	35	2	2	34	0.000178428	11209	0.998296	FALSE	ORF1ab:cds-YP_009724389.1	TTT	F	CTT	L	911
NC_045512.2	16199	T	C	10488	8546	34	1	1	68	9.5338e-05	10489	0.500024	FALSE	ORF1ab:cds-YP_009724389.1	TTT	F	TCT	S	911
NC_045512.2	16200	T	C	11336	9373	36	1	1	26	8.82068e-05	11337	1	FALSE	ORF1ab:cds-YP_009724389.1	TTT	F	TTC	F	911
NC_045512.2	16205	A	G	11046	9267	35	6	6	39	0.000542888	11052	0.928371	FALSE	ORF1ab:cds-YP_009724389.1	GAG	E	GGG	G	913
NC_045512.2	16206	G	T	11079	9223	35	1	1	27	9.02201e-05	11084	1	FALSE	ORF1ab:cds-YP_009724389.1	GAG	E	GAT	D	913
NC_045512.2	16206	G	C	11079	9223	35	4	4	34	0.000360881	11084	0.982452	FALSE	ORF1ab:cds-YP_009724389.1	GAG	E	GAC	D	913
NC_045512.2	16209	T	C	10787	8745	35	5	4	34	0.000463306	10792	0.94085	FALSE	ORF1ab:cds-YP_009724389.1	GCT	A	GCC	A	914
NC_045512.2	16210	A	G	11304	9170	35	1	0	34	8.84486e-05	11306	0.999757	FALSE	ORF1ab:cds-YP_009724389.1	ATG	M	GTG	V	915
NC_045512.2	16210	A	C	11304	9170	35	1	1	34	8.84486e-05	11306	0.999757	FALSE	ORF1ab:cds-YP_009724389.1	ATG	M	CTG	L	915
NC_045512.2	16211	T	C	11180	8994	35	1	1	34	8.94374e-05	11181	0.999757	FALSE	ORF1ab:cds-YP_009724389.1	ATG	M	ACG	T	915
NC_045512.2	16214	A	G	11365	9151	35	2	2	51	0.000175901	11370	0.249945	FALSE	ORF1ab:cds-YP_009724389.1	TAC	Y	TGC	C	916
NC_045512.2	16214	A	C	11365	9151	35	3	3	31	0.000263852	11370	0.993541	FALSE	ORF1ab:cds-YP_009724389.1	TAC	Y	TCC	S	916
NC_045512.2	16215	C	T	11356	9158	35	3	2	34	0.000264038	11362	0.993538	FALSE	ORF1ab:cds-YP_009724389.1	TAC	Y	TAT	Y	916
NC_045512.2	16215	C	A	11356	9158	35	3	3	31	0.000264038	11362	0.993538	FALSE	ORF1ab:cds-YP_009724389.1	TAC	Y	TAA	*	916
NC_045512.2	16216	A	G	10492	8284	36	4	4	34	0.000380989	10499	0.971331	FALSE	ORF1ab:cds-YP_009724389.1	ACA	T	GCA	A	917
NC_045512.2	16216	A	C	10492	8284	36	3	3	34	0.000285741	10499	0.988775	FALSE	ORF1ab:cds-YP_009724389.1	ACA	T	CCA	P	917
NC_045512.2	16217	C	A	10594	8352	36	3	3	31	0.000283099	10597	0.988794	FALSE	ORF1ab:cds-YP_009724389.1	ACA	T	AAA	K	917
NC_045512.2	16218	A	T	9908	7655	36	1	1	34	0.000100878	9913	0.999024	FALSE	ORF1ab:cds-YP_009724389.1	ACA	T	ACT	T	917
NC_045512.2	16218	A	G	9908	7655	36	2	1	34	0.000201755	9913	0.994146	FALSE	ORF1ab:cds-YP_009724389.1	ACA	T	ACG	T	917
NC_045512.2	16218	A	C	9908	7655	36	2	2	34	0.000201755	9913	0.994146	FALSE	ORF1ab:cds-YP_009724389.1	ACA	T	ACC	T	917
NC_045512.2	16219	C	T	9993	7698	36	2	1	51	0.00020002	9999	0.249912	FALSE	ORF1ab:cds-YP_009724389.1	CCG	P	TCG	S	918
NC_045512.2	16219	C	A	9993	7698	36	4	4	28	0.00040004	9999	1	FALSE	ORF1ab:cds-YP_009724389.1	CCG	P	ACG	T	918
NC_045512.2	16220	C	T	9031	6766	36	2	1	34	0.00022141	9033	0.994155	FALSE	ORF1ab:cds-YP_009724389.1	CCG	P	CTG	L	918
NC_045512.2	16221	G	C	8859	6545	36	1	1	34	0.000112841	8862	0.99805	FALSE	ORF1ab:cds-YP_009724389.1	CCG	P	CCC	P	918
NC_045512.2	16221	G	A	8859	6545	36	2	2	34	0.000225683	8862	0.989275	FALSE	ORF1ab:cds-YP_009724389.1	CCG	P	CCA	P	918
NC_045512.2	16226	C	T	8571	6515	36	1	1	34	0.000116645	8573	0.998051	FALSE	ORF1ab:cds-YP_009724389.1	ACA	T	ATA	I	920
NC_045512.2	16226	C	A	8571	6515	36	1	1	34	0.000116645	8573	0.998051	FALSE	ORF1ab:cds-YP_009724389.1	ACA	T	AAA	K	920
NC_045512.2	16227	A	G	7144	5199	36	2	2	34	0.000279838	7147	0.980498	FALSE	ORF1ab:cds-YP_009724389.1	ACA	T	ACG	T	920
NC_045512.2	16227	A	C	7144	5199	36	1	1	34	0.000139919	7147	0.996099	FALSE	ORF1ab:cds-YP_009724389.1	ACA	T	ACC	T	920
NC_045512.2	16228	G	A	7240	5164	36	1	0	34	0.000138102	7241	0.996103	FALSE	ORF1ab:cds-YP_009724389.1	GTC	V	ATC	I	921
NC_045512.2	16229	T	G	6312	4299	35	1	1	34	0.000158353	6315	0.992196	FALSE	ORF1ab:cds-YP_009724389.1	GTC	V	GGC	G	921
NC_045512.2	16229	T	C	6312	4299	35	1	1	34	0.000158353	6315	0.992196	FALSE	ORF1ab:cds-YP_009724389.1	GTC	V	GCC	A	921
NC_045512.2	16229	T	A	6312	4299	35	1	1	26	0.000158353	6315	1	FALSE	ORF1ab:cds-YP_009724389.1	GTC	V	GAC	D	921
NC_045512.2	16230	C	G	6519	4589	36	1	0	34	0.000153351	6521	0.9922	FALSE	ORF1ab:cds-YP_009724389.1	GTC	V	GTG	V	921
NC_045512.2	16230	C	A	6519	4589	36	1	1	34	0.000153351	6521	0.9922	FALSE	ORF1ab:cds-YP_009724389.1	GTC	V	GTA	V	921
NC_045512.2	16231	T	C	6305	4384	36	2	2	34	0.000317108	6307	0.964904	FALSE	ORF1ab:cds-YP_009724389.1	TTA	L	CTA	L	922
NC_045512.2	16235	A	G	5827	4169	36	2	2	34	0.000343053	5830	0.937556	FALSE	ORF1ab:cds-YP_009724389.1	CAG	Q	CGG	R	923
NC_045512.2	16235	A	C	5827	4169	36	1	0	34	0.000171527	5830	0.984387	FALSE	ORF1ab:cds-YP_009724389.1	CAG	Q	CCG	P	923
NC_045512.2	16238	C	G	1640	325	37	1	0	34	0.000609385	1641	0.750229	FALSE	ORF1ab:cds-YP_009724389.1	GCT	A	GGT	G	924
NC_045512.2	16239	T	A	1627	313	37	1	1	26	0.000614251	1628	0.999993	FALSE	ORF1ab:cds-YP_009724389.1	GCT	A	GCA	A	924
NC_045512.2	16248	T	G	1652	433	37	1	0	34	0.000604961	1653	0.750227	FALSE	ORF1ab:cds-YP_009724389.1	GCT	A	GCG	A	927
NC_045512.2	16249	T	C	1654	435	37	1	0	34	0.000603865	1656	0.750076	FALSE	ORF1ab:cds-YP_009724389.1	TGT	C	CGT	R	928
NC_045512.2	16249	T	A	1654	435	37	1	0	26	0.000603865	1656	0.999993	FALSE	ORF1ab:cds-YP_009724389.1	TGT	C	AGT	S	928
NC_045512.2	16255	C	T	1569	456	37	1	0	34	0.000636943	1570	0.750239	FALSE	ORF1ab:cds-YP_009724389.1	CTT	L	TTT	F	930
NC_045512.2	16260	C	G	1598	480	38	1	0	26	0.000625391	1599	0.999985	FALSE	ORF1ab:cds-YP_009724389.1	TGC	C	TGG	W	931
NC_045512.2	16264	T	C	1605	502	38	1	0	34	0.000622665	1606	0.750234	FALSE	ORF1ab:cds-YP_009724389.1	TCA	S	CCA	P	933
NC_045512.2	16270	A	G	1559	532	38	1	0	27	0.000641026	1560	0.999985	FALSE	ORF1ab:cds-YP_009724389.1	ACT	T	GCT	A	935
NC_045512.2	16272	T	C	1558	516	38	1	1	52	0.000641437	1559	0.50016	FALSE	ORF1ab:cds-YP_009724389.1	ACT	T	ACC	T	935
NC_045512.2	16278	A	G	1556	567	37	1	0	34	0.000642261	1557	0.750241	FALSE	ORF1ab:cds-YP_009724389.1	TTA	L	TTG	L	937
NC_045512.2	16283	G	C	1532	580	38	1	1	34	0.000652316	1533	0.750245	FALSE	ORF1ab:cds-YP_009724389.1	TGT	C	TCT	S	939
NC_045512.2	16284	T	C	1508	553	38	1	1	34	0.000662691	1509	0.750249	FALSE	ORF1ab:cds-YP_009724389.1	TGT	C	TGC	C	939
NC_045512.2	16286	G	C	1539	573	38	1	1	26	0.000649351	1540	0.999985	FALSE	ORF1ab:cds-YP_009724389.1	GGT	G	GCT	A	940
NC_045512.2	16289	C	T	1530	576	38	1	1	26	0.000653168	1531	0.999985	FALSE	ORF1ab:cds-YP_009724389.1	GCT	A	GTT	V	941
NC_045512.2	16292	G	T	1579	586	38	1	0	34	0.000632911	1580	0.750237	FALSE	ORF1ab:cds-YP_009724389.1	TGC	C	TTC	F	942
NC_045512.2	16294	A	T	1574	592	38	1	1	34	0.000634921	1575	0.750238	FALSE	ORF1ab:cds-YP_009724389.1	ATA	I	TTA	L	943
NC_045512.2	16297	C	G	1588	582	38	1	0	68	0.000629327	1589	0.500157	FALSE	ORF1ab:cds-YP_009724389.1	CGT	R	GGT	G	944
NC_045512.2	16304	C	G	1568	610	39	1	0	34	0.000637349	1569	0.750239	FALSE	ORF1ab:cds-YP_009724389.1	CCA	P	CGA	R	946
NC_045512.2	16307	T	A	1573	610	39	1	1	68	0.000635324	1574	0.500159	FALSE	ORF1ab:cds-YP_009724389.1	TTC	F	TAC	Y	947
NC_045512.2	16308	C	G	1475	668	38	1	0	34	0.000677507	1476	0.750254	FALSE	ORF1ab:cds-YP_009724389.1	TTC	F	TTG	L	947
NC_045512.2	16309	T	C	1473	675	38	1	1	68	0.000678426	1474	0.50017	FALSE	ORF1ab:cds-YP_009724389.1	TTA	L	CTA	L	948
NC_045512.2	16313	G	C	1362	698	38	1	1	26	0.000733676	1363	0.999941	FALSE	ORF1ab:cds-YP_009724389.1	TGT	C	TCT	S	949
NC_045512.2	16317	T	C	1334	676	38	1	1	34	0.000749064	1335	0.750281	FALSE	ORF1ab:cds-YP_009724389.1	TGT	C	TGC	C	950
NC_045512.2	16327	T	C	1264	712	37	1	0	34	0.000790514	1265	0.750297	FALSE	ORF1ab:cds-YP_009724389.1	TAC	Y	CAC	H	954
NC_045512.2	16335	T	C	1221	752	36	1	0	34	0.000818331	1222	0.750307	FALSE	ORF1ab:cds-YP_009724389.1	CAT	H	CAC	H	956
NC_045512.2	16342	T	C	0	0	0	1235	813	36	1	1235	0	TRUE	ORF1ab:cds-YP_009724389.1	TCA	S	CCA	P	959
NC_045512.2	16350	A	G	1257	868	37	1	1	34	0.000794913	1258	0.750298	FALSE	ORF1ab:cds-YP_009724389.1	TCA	S	TCG	S	961
NC_045512.2	16354	A	T	1334	953	37	1	0	24	0.000749064	1335	0.999941	FALSE	ORF1ab:cds-YP_009724389.1	AAA	K	TAA	*	963
NC_045512.2	16361	T	C	1313	934	36	1	1	34	0.000761035	1314	0.750285	FALSE	ORF1ab:cds-YP_009724389.1	GTC	V	GCC	A	965
NC_045512.2	16367	C	T	1400	1027	37	2	2	51	0.00142653	1402	0.250089	FALSE	ORF1ab:cds-YP_009724389.1	TCT	S	TTT	F	967
NC_045512.2	16368	T	C	1381	1009	37	1	1	34	0.000723589	1382	0.750271	FALSE	ORF1ab:cds-YP_009724389.1	TCT	S	TCC	S	967
NC_045512.2	16384	T	C	1612	1315	38	1	1	34	0.000619963	1613	0.750233	FALSE	ORF1ab:cds-YP_009724389.1	TGC	C	CGC	R	973
NC_045512.2	16386	C	T	1681	1401	38	1	1	34	0.00059453	1682	0.750223	FALSE	ORF1ab:cds-YP_009724389.1	TGC	C	TGT	C	973
NC_045512.2	16388	A	G	1685	1408	38	1	0	68	0.00059312	1686	0.500148	FALSE	ORF1ab:cds-YP_009724389.1	AAT	N	AGT	S	974
NC_045512.2	16389	T	C	1659	1381	38	1	1	26	0.00060241	1660	0.999993	FALSE	ORF1ab:cds-YP_009724389.1	AAT	N	AAC	N	974
NC_045512.2	16392	T	C	1667	1415	37	1	1	34	0.00059952	1668	0.750225	FALSE	ORF1ab:cds-YP_009724389.1	GCT	A	GCC	A	975
NC_045512.2	16395	A	G	1762	1528	37	1	1	34	0.000567215	1763	0.750213	FALSE	ORF1ab:cds-YP_009724389.1	CCA	P	CCG	P	976
NC_045512.2	16399	T	C	1910	1734	37	1	1	34	0.000523286	1911	0.750196	FALSE	ORF1ab:cds-YP_009724389.1	TGT	C	CGT	R	978
NC_045512.2	16400	G	C	1908	1733	38	1	1	34	0.00052356	1910	0.750065	FALSE	ORF1ab:cds-YP_009724389.1	TGT	C	TCT	S	978
NC_045512.2	16400	G	A	1908	1733	38	1	0	68	0.00052356	1910	0.5	FALSE	ORF1ab:cds-YP_009724389.1	TGT	C	TAT	Y	978
NC_045512.2	16401	T	C	1866	1694	37	1	1	34	0.000535619	1867	0.750201	FALSE	ORF1ab:cds-YP_009724389.1	TGT	C	TGC	C	978
NC_045512.2	16406	T	C	1819	1663	37	1	1	34	0.000549451	1820	0.750206	FALSE	ORF1ab:cds-YP_009724389.1	GTC	V	GCC	A	980
NC_045512.2	16412	A	C	1796	1663	37	1	1	26	0.000556483	1797	0.999996	FALSE	ORF1ab:cds-YP_009724389.1	GAT	D	GCT	A	982
NC_045512.2	16414	G	C	3031	1653	35	1	1	34	0.000329815	3032	0.937603	FALSE	ORF1ab:cds-YP_009724389.1	GTG	V	CTG	L	983
NC_045512.2	16417	A	G	3005	1600	35	1	0	34	0.000332668	3006	0.937604	FALSE	ORF1ab:cds-YP_009724389.1	ACT	T	GCT	A	984
NC_045512.2	16418	C	T	3183	1619	35	1	0	34	0.00031407	3184	0.937598	FALSE	ORF1ab:cds-YP_009724389.1	ACT	T	ATT	I	984
NC_045512.2	16421	A	T	3194	1576	35	1	1	34	0.000312989	3195	0.937598	FALSE	ORF1ab:cds-YP_009724389.1	CAA	Q	CTA	L	985
NC_045512.2	16426	T	G	3422	1595	34	1	0	26	0.000292141	3423	1	FALSE	ORF1ab:cds-YP_009724389.1	TAC	Y	GAC	D	987
NC_045512.2	16430	T	G	3487	1536	34	1	0	26	0.000286697	3488	1	FALSE	ORF1ab:cds-YP_009724389.1	TTA	L	TGA	*	988
NC_045512.2	16431	A	G	3505	1550	34	1	1	34	0.000285225	3506	0.937589	FALSE	ORF1ab:cds-YP_009724389.1	TTA	L	TTG	L	988
NC_045512.2	16432	G	T	3547	1562	34	1	0	34	0.000281849	3548	0.937588	FALSE	ORF1ab:cds-YP_009724389.1	GGA	G	TGA	*	989
NC_045512.2	16433	G	T	3567	1573	34	1	0	26	0.000280191	3569	1	FALSE	ORF1ab:cds-YP_009724389.1	GGA	G	GTA	V	989
NC_045512.2	16433	G	A	3567	1573	34	1	0	34	0.000280191	3569	0.937553	FALSE	ORF1ab:cds-YP_009724389.1	GGA	G	GAA	E	989
NC_045512.2	16434	A	T	3554	1536	34	1	1	34	0.000281294	3555	0.937588	FALSE	ORF1ab:cds-YP_009724389.1	GGA	G	GGT	G	989
NC_045512.2	16435	G	A	3687	1536	34	1	0	34	0.00027115	3688	0.937585	FALSE	ORF1ab:cds-YP_009724389.1	GGT	G	AGT	S	990
NC_045512.2	16436	G	T	3777	1552	34	1	1	34	0.00026462	3779	0.93755	FALSE	ORF1ab:cds-YP_009724389.1	GGT	G	GTT	V	990
NC_045512.2	16436	G	C	3777	1552	34	1	1	34	0.00026462	3779	0.93755	FALSE	ORF1ab:cds-YP_009724389.1	GGT	G	GCT	A	990
NC_045512.2	16440	G	T	3816	1547	34	1	0	34	0.000261986	3817	0.937582	FALSE	ORF1ab:cds-YP_009724389.1	ATG	M	ATT	I	991
NC_045512.2	16441	A	G	3741	1528	34	1	0	34	0.000267237	3742	0.937584	FALSE	ORF1ab:cds-YP_009724389.1	AGC	S	GGC	G	992
NC_045512.2	16443	C	A	3960	1548	34	1	1	34	0.000252461	3961	0.937579	FALSE	ORF1ab:cds-YP_009724389.1	AGC	S	AGA	R	992
NC_045512.2	16444	T	C	3746	1337	34	1	0	34	0.00026688	3747	0.937583	FALSE	ORF1ab:cds-YP_009724389.1	TAT	Y	CAT	H	993
NC_045512.2	16445	A	T	3839	1424	34	1	0	34	0.000260417	3840	0.937581	FALSE	ORF1ab:cds-YP_009724389.1	TAT	Y	TTT	F	993
NC_045512.2	16448	A	G	3862	1436	34	1	0	34	0.000258799	3864	0.937549	FALSE	ORF1ab:cds-YP_009724389.1	TAT	Y	TGT	C	994
NC_045512.2	16448	A	C	3862	1436	34	1	0	34	0.000258799	3864	0.937549	FALSE	ORF1ab:cds-YP_009724389.1	TAT	Y	TCT	S	994
NC_045512.2	16450	T	C	3857	1401	35	1	0	34	0.000259202	3858	0.937581	FALSE	ORF1ab:cds-YP_009724389.1	TGT	C	CGT	R	995
NC_045512.2	16452	T	G	3786	1338	35	1	0	26	0.000264061	3787	1	FALSE	ORF1ab:cds-YP_009724389.1	TGT	C	TGG	W	995
NC_045512.2	16453	A	G	3819	1321	35	1	1	34	0.00026178	3820	0.937582	FALSE	ORF1ab:cds-YP_009724389.1	AAA	K	GAA	E	996
NC_045512.2	16454	A	G	3822	1324	35	1	0	34	0.000261575	3823	0.937582	FALSE	ORF1ab:cds-YP_009724389.1	AAA	K	AGA	R	996
NC_045512.2	16457	C	A	3808	1291	35	1	0	34	0.000262536	3809	0.937582	FALSE	ORF1ab:cds-YP_009724389.1	TCA	S	TAA	*	997
NC_045512.2	16458	A	T	3892	1266	35	1	0	34	0.000256871	3893	0.93758	FALSE	ORF1ab:cds-YP_009724389.1	TCA	S	TCT	S	997
NC_045512.2	16461	T	A	3970	1298	35	1	1	34	0.000251826	3971	0.937579	FALSE	ORF1ab:cds-YP_009724389.1	CAT	H	CAA	Q	998
NC_045512.2	16464	A	C	2810	1279	33	2	1	34	0.000711238	2812	0.6877	FALSE	ORF1ab:cds-YP_009724389.1	AAA	K	AAC	N	999
NC_045512.2	16465	C	G	3994	1271	35	3	0	28	0.000750375	3998	1	FALSE	ORF1ab:cds-YP_009724389.1	CCA	P	GCA	A	1000
NC_045512.2	16465	C	A	3994	1271	35	1	0	34	0.000250125	3998	0.937484	FALSE	ORF1ab:cds-YP_009724389.1	CCA	P	ACA	T	1000
NC_045512.2	16468	C	T	4201	1176	35	1	1	34	0.000237925	4203	0.968787	FALSE	ORF1ab:cds-YP_009724389.1	CCC	P	TCC	S	1001
NC_045512.2	16468	C	G	4201	1176	35	1	0	34	0.000237925	4203	0.968787	FALSE	ORF1ab:cds-YP_009724389.1	CCC	P	GCC	A	1001
NC_045512.2	16469	C	A	4188	1179	35	1	0	34	0.00023872	4189	0.968806	FALSE	ORF1ab:cds-YP_009724389.1	CCC	P	CAC	H	1001
NC_045512.2	16472	T	C	4000	1066	35	1	1	68	0.000249938	4001	0.500062	FALSE	ORF1ab:cds-YP_009724389.1	ATT	I	ACT	T	1002
NC_045512.2	16473	T	C	3156	1031	35	965	61	36	0.23411	4122	1.74828e-309	TRUE	ORF1ab:cds-YP_009724389.1	ATT	I	ATC	I	1002
NC_045512.2	16473	T	A	3156	1031	35	1	0	26	0.000242601	4122	1	FALSE	ORF1ab:cds-YP_009724389.1	ATT	I	ATA	I	1002
NC_045512.2	16476	T	G	4140	953	35	2	0	64	0.000482859	4142	0.25003	FALSE	ORF1ab:cds-YP_009724389.1	AGT	S	AGG	R	1003
NC_045512.2	16477	T	C	4266	1024	36	1	1	34	0.000234357	4267	0.968805	FALSE	ORF1ab:cds-YP_009724389.1	TTT	F	CTT	L	1004
NC_045512.2	16479	T	G	4253	1008	36	1	0	34	0.000235073	4254	0.968805	FALSE	ORF1ab:cds-YP_009724389.1	TTT	F	TTG	L	1004
NC_045512.2	16480	C	G	3490	276	37	1	0	34	0.000286369	3492	0.937554	FALSE	ORF1ab:cds-YP_009724389.1	CCA	P	GCA	A	1005
NC_045512.2	16480	C	A	3490	276	37	1	0	26	0.000286369	3492	1	FALSE	ORF1ab:cds-YP_009724389.1	CCA	P	ACA	T	1005
NC_045512.2	16481	C	G	3511	281	37	1	0	34	0.000284738	3512	0.937589	FALSE	ORF1ab:cds-YP_009724389.1	CCA	P	CGA	R	1005
NC_045512.2	16482	A	T	3500	281	37	1	0	34	0.000285551	3502	0.937554	FALSE	ORF1ab:cds-YP_009724389.1	CCA	P	CCT	P	1005
NC_045512.2	16482	A	G	3500	281	37	1	0	34	0.000285551	3502	0.937554	FALSE	ORF1ab:cds-YP_009724389.1	CCA	P	CCG	P	1005
NC_045512.2	16484	T	G	3561	282	37	1	0	34	0.000280662	3563	0.937553	FALSE	ORF1ab:cds-YP_009724389.1	TTG	L	TGG	W	1006
NC_045512.2	16484	T	C	3561	282	37	1	0	34	0.000280662	3563	0.937553	FALSE	ORF1ab:cds-YP_009724389.1	TTG	L	TCG	S	1006
NC_045512.2	16486	T	A	3682	323	38	1	0	34	0.000271518	3683	0.937585	FALSE	ORF1ab:cds-YP_009724389.1	TGT	C	AGT	S	1007
NC_045512.2	16491	T	C	3871	340	37	1	0	34	0.000258264	3872	0.937581	FALSE	ORF1ab:cds-YP_009724389.1	GCT	A	GCC	A	1008
NC_045512.2	16492	A	G	3692	354	37	2	0	51	0.000541419	3694	0.250034	FALSE	ORF1ab:cds-YP_009724389.1	AAT	N	GAT	D	1009
NC_045512.2	16496	G	A	4057	368	38	1	0	34	0.000246427	4058	0.968808	FALSE	ORF1ab:cds-YP_009724389.1	GGA	G	GAA	E	1010
NC_045512.2	16497	A	T	3988	380	38	1	0	34	0.000250689	3989	0.937578	FALSE	ORF1ab:cds-YP_009724389.1	GGA	G	GGT	G	1010
NC_045512.2	16498	C	A	3873	400	38	1	0	34	0.000258131	3874	0.937581	FALSE	ORF1ab:cds-YP_009724389.1	CAA	Q	AAA	K	1011
NC_045512.2	16499	A	G	3786	400	37	4	0	34	0.00105541	3790	0.500144	FALSE	ORF1ab:cds-YP_009724389.1	CAA	Q	CGA	R	1011
NC_045512.2	16505	T	G	3998	444	38	1	0	27	0.00025	4000	1	FALSE	ORF1ab:cds-YP_009724389.1	TTT	F	TGT	C	1013
NC_045512.2	16505	T	C	3998	444	38	1	1	34	0.00025	4000	0.96877	FALSE	ORF1ab:cds-YP_009724389.1	TTT	F	TCT	S	1013
NC_045512.2	16506	T	C	3806	466	38	2	0	34	0.00052521	3808	0.812664	FALSE	ORF1ab:cds-YP_009724389.1	TTT	F	TTC	F	1013
NC_045512.2	16519	A	G	3603	765	38	1	0	26	0.000277469	3604	1	FALSE	ORF1ab:cds-YP_009724389.1	AAT	N	GAT	D	1018
NC_045512.2	16523	C	T	3509	860	38	1	0	34	0.0002849	3510	0.937589	FALSE	ORF1ab:cds-YP_009724389.1	ACA	T	ATA	I	1019
NC_045512.2	16524	A	G	3554	880	38	1	0	34	0.000281294	3555	0.937588	FALSE	ORF1ab:cds-YP_009724389.1	ACA	T	ACG	T	1019
NC_045512.2	16525	T	G	3582	896	38	2	0	30	0.000558036	3584	0.812674	FALSE	ORF1ab:cds-YP_009724389.1	TGT	C	GGT	G	1020
NC_045512.2	16527	T	G	3592	883	38	1	0	34	0.000278319	3593	0.937587	FALSE	ORF1ab:cds-YP_009724389.1	TGT	C	TGG	W	1020
NC_045512.2	16530	T	G	3532	918	38	1	0	34	0.000283046	3533	0.937588	FALSE	ORF1ab:cds-YP_009724389.1	GTT	V	GTG	V	1021
NC_045512.2	16533	T	C	3531	931	38	1	1	68	0.000283126	3532	0.500071	FALSE	ORF1ab:cds-YP_009724389.1	GGT	G	GGC	G	1022
NC_045512.2	16535	G	A	3558	928	38	2	0	34	0.000561798	3560	0.812676	FALSE	ORF1ab:cds-YP_009724389.1	AGC	S	AAC	N	1023
NC_045512.2	16537	G	A	3426	938	37	1	0	34	0.0002918	3427	0.937591	FALSE	ORF1ab:cds-YP_009724389.1	GAT	D	AAT	N	1024
NC_045512.2	16545	T	G	3305	932	37	1	0	34	0.000302297	3308	0.937519	FALSE	ORF1ab:cds-YP_009724389.1	GTT	V	GTG	V	1026
NC_045512.2	16545	T	C	3305	932	37	2	2	51	0.000604595	3308	0.249962	FALSE	ORF1ab:cds-YP_009724389.1	GTT	V	GTC	V	1026
NC_045512.2	16548	T	C	3286	942	37	1	0	24	0.000304229	3287	1	FALSE	ORF1ab:cds-YP_009724389.1	ACT	T	ACC	T	1027
NC_045512.2	16551	C	T	3386	930	37	1	0	26	0.000295247	3387	1	FALSE	ORF1ab:cds-YP_009724389.1	GAC	D	GAT	D	1028
NC_045512.2	16553	T	C	3302	869	37	1	1	34	0.000302663	3304	0.937557	FALSE	ORF1ab:cds-YP_009724389.1	TTT	F	TCT	S	1029
NC_045512.2	16553	T	A	3302	869	37	1	0	26	0.000302663	3304	1	FALSE	ORF1ab:cds-YP_009724389.1	TTT	F	TAT	Y	1029
NC_045512.2	16560	A	C	3186	975	37	1	0	34	0.000313775	3187	0.937598	FALSE	ORF1ab:cds-YP_009724389.1	GCA	A	GCC	A	1031
NC_045512.2	16562	T	G	3212	984	37	1	0	34	0.000311236	3213	0.937597	FALSE	ORF1ab:cds-YP_009724389.1	ATT	I	AGT	S	1032
NC_045512.2	16565	C	G	3244	1073	37	2	0	34	0.000616143	3246	0.812693	FALSE	ORF1ab:cds-YP_009724389.1	GCA	A	GGA	G	1033
NC_045512.2	16569	A	G	3179	1099	37	1	1	34	0.000314465	3180	0.937598	FALSE	ORF1ab:cds-YP_009724389.1	ACA	T	ACG	T	1034
NC_045512.2	16570	T	C	3098	1033	37	1	0	34	0.000322685	3099	0.937601	FALSE	ORF1ab:cds-YP_009724389.1	TGT	C	CGT	R	1035
NC_045512.2	16576	T	G	3154	1331	38	1	0	26	0.000316957	3155	1	FALSE	ORF1ab:cds-YP_009724389.1	TGG	W	GGG	G	1037
NC_045512.2	16577	G	T	3209	1310	37	1	0	34	0.000311526	3210	0.937597	FALSE	ORF1ab:cds-YP_009724389.1	TGG	W	TTG	L	1037
NC_045512.2	16579	A	G	3282	1327	37	1	1	68	0.000304599	3283	0.500076	FALSE	ORF1ab:cds-YP_009724389.1	ACA	T	GCA	A	1038
NC_045512.2	16581	A	G	3218	1306	37	1	1	34	0.000310655	3219	0.937597	FALSE	ORF1ab:cds-YP_009724389.1	ACA	T	ACG	T	1038
NC_045512.2	16585	G	T	3224	1302	37	1	0	34	0.000310078	3225	0.937597	FALSE	ORF1ab:cds-YP_009724389.1	GCT	A	TCT	S	1040
NC_045512.2	16586	C	A	3218	1583	38	1	0	34	0.000310655	3219	0.937597	FALSE	ORF1ab:cds-YP_009724389.1	GCT	A	GAT	D	1040
NC_045512.2	16588	G	C	3208	1534	38	1	1	34	0.000311624	3209	0.937597	FALSE	ORF1ab:cds-YP_009724389.1	GGT	G	CGT	R	1041
NC_045512.2	16597	A	G	3398	2045	38	1	0	34	0.000294204	3399	0.937592	FALSE	ORF1ab:cds-YP_009724389.1	ATT	I	GTT	V	1044
NC_045512.2	16597	A	-T	3398	2045	38	1	0	20	0.000294204	3399	1	FALSE	NA	NA	NA	NA	NA	NA
NC_045512.2	16600	T	G	3395	2057	38	1	1	34	0.000294464	3396	0.937592	FALSE	ORF1ab:cds-YP_009724389.1	TTA	L	GTA	V	1045
NC_045512.2	16601	T	C	3317	2113	38	1	0	34	0.000301386	3318	0.937594	FALSE	ORF1ab:cds-YP_009724389.1	TTA	L	TCA	S	1045
NC_045512.2	16602	A	G	3296	2146	38	1	0	26	0.000303306	3297	1	FALSE	ORF1ab:cds-YP_009724389.1	TTA	L	TTG	L	1045
NC_045512.2	16605	T	C	3328	2149	38	2	1	34	0.00060042	3331	0.812594	FALSE	ORF1ab:cds-YP_009724389.1	GCT	A	GCC	A	1046
NC_045512.2	16605	T	A	3328	2149	38	1	1	34	0.00030021	3331	0.937519	FALSE	ORF1ab:cds-YP_009724389.1	GCT	A	GCA	A	1046
NC_045512.2	16606	A	G	3407	2231	38	2	2	34	0.000586682	3409	0.812683	FALSE	ORF1ab:cds-YP_009724389.1	AAC	N	GAC	D	1047
NC_045512.2	16607	A	G	3329	2251	37	1	0	26	0.0003003	3330	1	FALSE	ORF1ab:cds-YP_009724389.1	AAC	N	AGC	S	1047
NC_045512.2	16608	C	T	3670	2356	38	1	1	34	0.000272405	3671	0.937585	FALSE	ORF1ab:cds-YP_009724389.1	AAC	N	AAT	N	1047
NC_045512.2	16611	C	A	3655	2351	38	1	1	34	0.000273523	3656	0.937585	FALSE	ORF1ab:cds-YP_009724389.1	ACC	T	ACA	T	1048
NC_045512.2	16613	G	T	3717	2309	38	1	0	34	0.000268889	3719	0.93755	FALSE	ORF1ab:cds-YP_009724389.1	TGT	C	TTT	F	1049
NC_045512.2	16613	G	C	3717	2309	38	1	1	34	0.000268889	3719	0.93755	FALSE	ORF1ab:cds-YP_009724389.1	TGT	C	TCT	S	1049
NC_045512.2	16615	A	G	3760	2342	38	1	0	26	0.000265887	3761	1	FALSE	ORF1ab:cds-YP_009724389.1	ACT	T	GCT	A	1050
NC_045512.2	16619	A	G	3686	2314	38	1	1	34	0.000271223	3687	0.937585	FALSE	ORF1ab:cds-YP_009724389.1	GAA	E	GGA	G	1051
NC_045512.2	16624	C	A	3534	2245	38	1	1	34	0.000282885	3535	0.937588	FALSE	ORF1ab:cds-YP_009724389.1	CTC	L	ATC	I	1053
NC_045512.2	16625	T	G	3513	2228	38	1	0	34	0.000284576	3514	0.937589	FALSE	ORF1ab:cds-YP_009724389.1	CTC	L	CGC	R	1053
NC_045512.2	16626	C	-A	3511	2247	38	1	0	20	0.000284819	3511	1	FALSE	NA	NA	NA	NA	NA	NA
NC_045512.2	16629	G	T	3495	2255	38	1	1	34	0.000286041	3496	0.937589	FALSE	ORF1ab:cds-YP_009724389.1	AAG	K	AAT	N	1054
NC_045512.2	16633	T	C	3563	2365	38	1	1	34	0.000280584	3564	0.937588	FALSE	ORF1ab:cds-YP_009724389.1	TTT	F	CTT	L	1056
NC_045512.2	16634	T	C	3635	2433	38	1	1	34	0.000275028	3636	0.937586	FALSE	ORF1ab:cds-YP_009724389.1	TTT	F	TCT	S	1056
NC_045512.2	16636	G	T	3594	2437	38	1	0	34	0.000278087	3596	0.937552	FALSE	ORF1ab:cds-YP_009724389.1	GCA	A	TCA	S	1057
NC_045512.2	16636	G	C	3594	2437	38	1	1	34	0.000278087	3596	0.937552	FALSE	ORF1ab:cds-YP_009724389.1	GCA	A	CCA	P	1057
NC_045512.2	16637	C	T	3590	2468	38	5	4	40	0.00139082	3595	0.0312283	FALSE	ORF1ab:cds-YP_009724389.1	GCA	A	GTA	V	1057
NC_045512.2	16638	A	G	3571	2455	38	1	0	34	0.000279955	3572	0.937587	FALSE	ORF1ab:cds-YP_009724389.1	GCA	A	GCG	A	1057
NC_045512.2	16639	G	A	3589	2460	38	1	1	34	0.000278552	3590	0.937587	FALSE	ORF1ab:cds-YP_009724389.1	GCA	A	ACA	T	1058
NC_045512.2	16641	A	C	3623	2533	38	1	1	34	0.000275938	3624	0.937586	FALSE	ORF1ab:cds-YP_009724389.1	GCA	A	GCC	A	1058
NC_045512.2	16644	A	G	3562	2528	38	1	1	34	0.000280662	3563	0.937588	FALSE	ORF1ab:cds-YP_009724389.1	GAA	E	GAG	E	1059
NC_045512.2	16653	A	G	3708	2780	37	1	1	34	0.000269614	3709	0.937584	FALSE	ORF1ab:cds-YP_009724389.1	AAA	K	AAG	K	1062
NC_045512.2	16656	T	A	3747	2757	38	1	1	26	0.000266809	3748	1	FALSE	ORF1ab:cds-YP_009724389.1	GCT	A	GCA	A	1063
NC_045512.2	16661	A	G	4211	3311	39	1	1	26	0.000237417	4212	1	FALSE	ORF1ab:cds-YP_009724389.1	GAG	E	GGG	G	1065
NC_045512.2	16664	A	T	4152	3314	38	1	1	34	0.000240732	4154	0.968788	FALSE	ORF1ab:cds-YP_009724389.1	GAG	E	GTG	V	1066
NC_045512.2	16664	A	C	4152	3314	38	1	1	34	0.000240732	4154	0.968788	FALSE	ORF1ab:cds-YP_009724389.1	GAG	E	GCG	A	1066
NC_045512.2	16668	A	G	1093	855	39	3280	2681	39	0.750057	4373	0	TRUE	ORF1ab:cds-YP_009724389.1	ACA	T	ACG	T	1067
NC_045512.2	16669	T	C	3519	2703	37	1	1	34	0.000284091	3520	0.937589	FALSE	ORF1ab:cds-YP_009724389.1	TTT	F	CTT	L	1068
NC_045512.2	16672	A	G	4338	3532	38	1	1	26	0.000230468	4339	1	FALSE	ORF1ab:cds-YP_009724389.1	AAA	K	GAA	E	1069
NC_045512.2	16673	A	G	4338	3573	38	2	1	51	0.000460829	4340	0.250029	FALSE	ORF1ab:cds-YP_009724389.1	AAA	K	AGA	R	1069
NC_045512.2	16675	C	A	4330	3648	38	2	2	30	0.000461681	4332	0.89076	FALSE	ORF1ab:cds-YP_009724389.1	CTG	L	ATG	M	1070
NC_045512.2	16676	T	A	3809	3131	38	1	1	26	0.000262467	3810	1	FALSE	ORF1ab:cds-YP_009724389.1	CTG	L	CAG	Q	1070
NC_045512.2	16679	C	A	4223	3502	39	1	0	34	0.000236742	4224	0.968805	FALSE	ORF1ab:cds-YP_009724389.1	TCT	S	TAT	Y	1071
NC_045512.2	16686	T	C	3684	2991	38	3	1	56	0.00081367	3687	0.125	FALSE	ORF1ab:cds-YP_009724389.1	GGT	G	GGC	G	1073
NC_045512.2	16691	C	A	3881	3214	39	1	1	34	0.000257599	3882	0.93758	FALSE	ORF1ab:cds-YP_009724389.1	GCT	A	GAT	D	1075
NC_045512.2	16693	A	T	3824	3151	39	1	1	34	0.000261438	3825	0.937582	FALSE	ORF1ab:cds-YP_009724389.1	ACT	T	TCT	S	1076
NC_045512.2	16694	C	A	3819	3167	39	1	1	34	0.00026178	3820	0.937582	FALSE	ORF1ab:cds-YP_009724389.1	ACT	T	AAT	N	1076
NC_045512.2	16695	T	C	3550	2908	39	1	1	34	0.000281611	3551	0.937588	FALSE	ORF1ab:cds-YP_009724389.1	ACT	T	ACC	T	1076
NC_045512.2	16697	T	C	3257	2629	39	1	1	34	0.000306937	3258	0.937596	FALSE	ORF1ab:cds-YP_009724389.1	GTA	V	GCA	A	1077
NC_045512.2	16699	C	G	3256	2624	39	1	0	34	0.000307031	3257	0.937596	FALSE	ORF1ab:cds-YP_009724389.1	CGT	R	GGT	G	1078
NC_045512.2	16709	T	C	2713	2325	36	2	2	34	0.000736648	2715	0.687707	FALSE	ORF1ab:cds-YP_009724389.1	CTG	L	CCG	P	1081
NC_045512.2	16711	T	C	2633	2252	36	1	1	34	0.000379651	2634	0.875142	FALSE	ORF1ab:cds-YP_009724389.1	TCT	S	CCT	P	1082
NC_045512.2	16720	G	T	10879	2282	34	1	0	34	9.19118e-05	10880	0.999513	FALSE	ORF1ab:cds-YP_009724389.1	GAA	E	TAA	*	1085
NC_045512.2	16721	A	T	9135	2316	33	1	0	26	0.000109433	9138	1	FALSE	ORF1ab:cds-YP_009724389.1	GAA	E	GTA	V	1085
NC_045512.2	16721	A	G	9135	2316	33	2	1	34	0.000218866	9138	0.994152	FALSE	ORF1ab:cds-YP_009724389.1	GAA	E	GGA	G	1085
NC_045512.2	16722	A	G	11007	2320	34	5	0	32	0.00045405	11012	0.961662	FALSE	ORF1ab:cds-YP_009724389.1	GAA	E	GAG	E	1085
NC_045512.2	16723	T	A	10991	2307	34	1	0	34	9.09753e-05	10992	0.999513	FALSE	ORF1ab:cds-YP_009724389.1	TTA	L	ATA	I	1086
NC_045512.2	16724	T	C	10969	2314	35	5	0	32	0.000455622	10974	0.940849	FALSE	ORF1ab:cds-YP_009724389.1	TTA	L	TCA	S	1086
NC_045512.2	16725	A	T	10993	2415	35	1	0	34	9.09339e-05	10997	0.999512	FALSE	ORF1ab:cds-YP_009724389.1	TTA	L	TTT	F	1086
NC_045512.2	16725	A	G	10993	2415	35	3	0	34	0.000272802	10997	0.988789	FALSE	ORF1ab:cds-YP_009724389.1	TTA	L	TTG	L	1086
NC_045512.2	16726	C	T	10919	2404	34	1	0	34	9.15751e-05	10920	0.999513	FALSE	ORF1ab:cds-YP_009724389.1	CAT	H	TAT	Y	1087
NC_045512.2	16727	A	T	10516	2362	34	1	0	34	9.5057e-05	10520	0.999512	FALSE	ORF1ab:cds-YP_009724389.1	CAT	H	CTT	L	1087
NC_045512.2	16727	A	G	10516	2362	34	1	1	34	9.5057e-05	10520	0.999512	FALSE	ORF1ab:cds-YP_009724389.1	CAT	H	CGT	R	1087
NC_045512.2	16727	A	C	10516	2362	34	2	2	34	0.000190114	10520	0.996832	FALSE	ORF1ab:cds-YP_009724389.1	CAT	H	CCT	P	1087
NC_045512.2	16729	C	T	10971	2207	35	1	0	34	9.11328e-05	10973	0.999513	FALSE	ORF1ab:cds-YP_009724389.1	CTT	L	TTT	F	1088
NC_045512.2	16729	C	A	10971	2207	35	1	1	60	9.11328e-05	10973	0.5	FALSE	ORF1ab:cds-YP_009724389.1	CTT	L	ATT	I	1088
NC_045512.2	16730	T	G	11110	2232	35	4	0	30	0.000359906	11114	0.982459	FALSE	ORF1ab:cds-YP_009724389.1	CTT	L	CGT	R	1088
NC_045512.2	16731	T	C	11151	2225	35	1	0	34	8.967e-05	11152	0.999757	FALSE	ORF1ab:cds-YP_009724389.1	CTT	L	CTC	L	1088
NC_045512.2	16734	A	G	10645	2336	35	1	0	34	9.3932e-05	10646	0.999513	FALSE	ORF1ab:cds-YP_009724389.1	TCA	S	TCG	S	1089
NC_045512.2	16735	T	G	11357	2402	36	8	0	33	0.000703792	11367	0.820409	FALSE	ORF1ab:cds-YP_009724389.1	TGG	W	GGG	G	1090
NC_045512.2	16735	T	C	11357	2402	36	1	0	34	8.7974e-05	11367	0.999756	FALSE	ORF1ab:cds-YP_009724389.1	TGG	W	CGG	R	1090
NC_045512.2	16735	T	A	11357	2402	36	1	0	34	8.7974e-05	11367	0.999756	FALSE	ORF1ab:cds-YP_009724389.1	TGG	W	AGG	R	1090
NC_045512.2	16737	G	C	11467	2398	36	1	1	34	8.71916e-05	11469	0.999757	FALSE	ORF1ab:cds-YP_009724389.1	TGG	W	TGC	C	1090
NC_045512.2	16737	G	A	11467	2398	36	1	0	34	8.71916e-05	11469	0.999757	FALSE	ORF1ab:cds-YP_009724389.1	TGG	W	TGA	*	1090
NC_045512.2	16738	G	T	11528	2413	36	2	1	51	0.00017343	11532	0.249967	FALSE	ORF1ab:cds-YP_009724389.1	GAA	E	TAA	*	1091
NC_045512.2	16738	G	A	11528	2413	36	2	0	47	0.00017343	11532	0.499967	FALSE	ORF1ab:cds-YP_009724389.1	GAA	E	AAA	K	1091
NC_045512.2	16739	A	T	11554	2354	36	1	0	34	8.65426e-05	11555	0.999757	FALSE	ORF1ab:cds-YP_009724389.1	GAA	E	GTA	V	1091
NC_045512.2	16740	A	G	11389	2328	36	7	0	31	0.000614197	11397	0.881151	FALSE	ORF1ab:cds-YP_009724389.1	GAA	E	GAG	E	1091
NC_045512.2	16740	A	C	11389	2328	36	1	0	34	8.77424e-05	11397	0.999756	FALSE	ORF1ab:cds-YP_009724389.1	GAA	E	GAC	D	1091
NC_045512.2	16743	T	C	11613	2322	36	5	0	39	0.000430367	11618	0.961658	FALSE	ORF1ab:cds-YP_009724389.1	GTT	V	GTC	V	1092
NC_045512.2	16745	G	C	12245	2374	36	1	1	27	8.16593e-05	12246	1	FALSE	ORF1ab:cds-YP_009724389.1	GGT	G	GCT	A	1093
NC_045512.2	16747	A	T	12241	2358	36	1	1	34	8.16727e-05	12244	0.999878	FALSE	ORF1ab:cds-YP_009724389.1	AAA	K	TAA	*	1094
NC_045512.2	16747	A	G	12241	2358	36	2	1	51	0.000163345	12244	0.24999	FALSE	ORF1ab:cds-YP_009724389.1	AAA	K	GAA	E	1094
NC_045512.2	16749	A	G	12647	2403	34	1	0	26	7.90576e-05	12649	1	FALSE	ORF1ab:cds-YP_009724389.1	AAA	K	AAG	K	1094
NC_045512.2	16749	A	C	12647	2403	34	1	0	26	7.90576e-05	12649	1	FALSE	ORF1ab:cds-YP_009724389.1	AAA	K	AAC	N	1094
NC_045512.2	16750	C	G	14359	2420	36	5	0	31	0.000348044	14366	0.99041	FALSE	ORF1ab:cds-YP_009724389.1	CCT	P	GCT	A	1095
NC_045512.2	16750	C	A	14359	2420	36	2	0	34	0.000139218	14366	0.999741	FALSE	ORF1ab:cds-YP_009724389.1	CCT	P	ACT	T	1095
NC_045512.2	16752	T	C	14262	2337	36	4	0	40	0.000280367	14267	0.187478	FALSE	ORF1ab:cds-YP_009724389.1	CCT	P	CCC	P	1095
NC_045512.2	16752	T	A	14262	2337	36	1	1	68	7.00918e-05	14267	0.499947	FALSE	ORF1ab:cds-YP_009724389.1	CCT	P	CCA	P	1095
NC_045512.2	16755	A	G	14090	2320	35	1	0	34	7.09673e-05	14091	0.99997	FALSE	ORF1ab:cds-YP_009724389.1	AGA	R	AGG	R	1096
NC_045512.2	16756	C	T	14725	2423	37	1	0	34	6.79025e-05	14727	0.99997	FALSE	ORF1ab:cds-YP_009724389.1	CCA	P	TCA	S	1097
NC_045512.2	16756	C	A	14725	2423	37	1	1	34	6.79025e-05	14727	0.99997	FALSE	ORF1ab:cds-YP_009724389.1	CCA	P	ACA	T	1097
NC_045512.2	16757	C	A	14443	2331	36	1	1	34	6.92329e-05	14444	0.99997	FALSE	ORF1ab:cds-YP_009724389.1	CCA	P	CAA	Q	1097
NC_045512.2	16759	C	T	14293	1715	37	1	0	34	6.99594e-05	14294	0.99997	FALSE	ORF1ab:cds-YP_009724389.1	CCA	P	TCA	S	1098
NC_045512.2	16760	C	G	14232	1715	37	2	0	34	0.000140509	14234	0.999742	FALSE	ORF1ab:cds-YP_009724389.1	CCA	P	CGA	R	1098
NC_045512.2	16761	A	T	14103	1727	37	1	0	26	7.09019e-05	14104	1	FALSE	ORF1ab:cds-YP_009724389.1	CCA	P	CCT	P	1098
NC_045512.2	16763	T	C	14079	1533	37	1	0	34	7.10227e-05	14080	0.99997	FALSE	ORF1ab:cds-YP_009724389.1	CTT	L	CCT	P	1099
NC_045512.2	16764	T	C	13329	1048	37	2	0	34	0.000150015	13332	0.999513	FALSE	ORF1ab:cds-YP_009724389.1	CTT	L	CTC	L	1099
NC_045512.2	16764	T	A	13329	1048	37	1	0	34	7.50075e-05	13332	0.999939	FALSE	ORF1ab:cds-YP_009724389.1	CTT	L	CTA	L	1099
NC_045512.2	16767	C	T	13517	1101	37	1	0	34	7.39754e-05	13518	0.999939	FALSE	ORF1ab:cds-YP_009724389.1	AAC	N	AAT	N	1100
NC_045512.2	16768	C	T	13517	1098	37	1	0	34	7.39754e-05	13518	0.999939	FALSE	ORF1ab:cds-YP_009724389.1	CGA	R	TGA	*	1101
NC_045512.2	16769	G	C	13560	1095	37	1	0	34	7.37354e-05	13562	0.999939	FALSE	ORF1ab:cds-YP_009724389.1	CGA	R	CCA	P	1101
NC_045512.2	16769	G	A	13560	1095	37	1	0	34	7.37354e-05	13562	0.999939	FALSE	ORF1ab:cds-YP_009724389.1	CGA	R	CAA	Q	1101
NC_045512.2	16770	A	G	13770	1168	37	5	0	34	0.000362976	13775	0.984591	FALSE	ORF1ab:cds-YP_009724389.1	CGA	R	CGG	R	1101
NC_045512.2	16771	A	G	13854	1195	37	1	0	34	7.21761e-05	13855	0.999939	FALSE	ORF1ab:cds-YP_009724389.1	AAT	N	GAT	D	1102
NC_045512.2	16772	A	G	14008	1205	38	1	0	34	7.13827e-05	14009	0.99997	FALSE	ORF1ab:cds-YP_009724389.1	AAT	N	AGT	S	1102
NC_045512.2	16773	T	C	13868	1212	38	1	1	68	7.20981e-05	13870	0.5	FALSE	ORF1ab:cds-YP_009724389.1	AAT	N	AAC	N	1102
NC_045512.2	16773	T	A	13868	1212	38	1	0	24	7.20981e-05	13870	1	FALSE	ORF1ab:cds-YP_009724389.1	AAT	N	AAA	K	1102
NC_045512.2	16774	T	G	13643	1210	37	2	0	30	0.000146552	13647	0.999513	FALSE	ORF1ab:cds-YP_009724389.1	TAT	Y	GAT	D	1103
NC_045512.2	16774	T	C	13643	1210	37	1	0	34	7.32762e-05	13647	0.999939	FALSE	ORF1ab:cds-YP_009724389.1	TAT	Y	CAT	H	1103
NC_045512.2	16774	T	A	13643	1210	37	1	0	34	7.32762e-05	13647	0.999939	FALSE	ORF1ab:cds-YP_009724389.1	TAT	Y	AAT	N	1103
NC_045512.2	16775	A	G	13747	1219	37	2	0	34	0.000145465	13749	0.999513	FALSE	ORF1ab:cds-YP_009724389.1	TAT	Y	TGT	C	1103
NC_045512.2	16776	T	C	13398	1208	36	3	0	34	0.000223847	13402	0.997915	FALSE	ORF1ab:cds-YP_009724389.1	TAT	Y	TAC	Y	1103
NC_045512.2	16776	T	A	13398	1208	36	1	1	20	7.46157e-05	13402	1	FALSE	ORF1ab:cds-YP_009724389.1	TAT	Y	TAA	*	1103
NC_045512.2	16777	G	T	14155	1229	38	1	0	26	7.06414e-05	14156	1	FALSE	ORF1ab:cds-YP_009724389.1	GTC	V	TTC	F	1104
NC_045512.2	16778	T	G	14025	1213	37	1	0	34	7.1286e-05	14028	0.99997	FALSE	ORF1ab:cds-YP_009724389.1	GTC	V	GGC	G	1104
NC_045512.2	16778	T	C	14025	1213	37	1	0	34	7.1286e-05	14028	0.99997	FALSE	ORF1ab:cds-YP_009724389.1	GTC	V	GCC	A	1104
NC_045512.2	16778	T	A	14025	1213	37	1	1	20	7.1286e-05	14028	1	FALSE	ORF1ab:cds-YP_009724389.1	GTC	V	GAC	D	1104
NC_045512.2	16779	C	G	14593	1237	38	2	0	26	0.000137014	14597	1	FALSE	ORF1ab:cds-YP_009724389.1	GTC	V	GTG	V	1104
NC_045512.2	16779	C	A	14593	1237	38	2	0	34	0.000137014	14597	0.999741	FALSE	ORF1ab:cds-YP_009724389.1	GTC	V	GTA	V	1104
NC_045512.2	16780	T	C	14625	1359	38	2	0	51	0.000136733	14627	0.250009	FALSE	ORF1ab:cds-YP_009724389.1	TTT	F	CTT	L	1105
NC_045512.2	16781	T	G	14706	1373	38	1	0	34	6.79856e-05	14709	0.99997	FALSE	ORF1ab:cds-YP_009724389.1	TTT	F	TGT	C	1105
NC_045512.2	16781	T	C	14706	1373	38	2	1	34	0.000135971	14709	0.999741	FALSE	ORF1ab:cds-YP_009724389.1	TTT	F	TCT	S	1105
NC_045512.2	16782	T	C	14656	1603	39	2	0	34	0.000136444	14658	0.999742	FALSE	ORF1ab:cds-YP_009724389.1	TTT	F	TTC	F	1105
NC_045512.2	16786	G	T	15215	1659	39	3	0	28	0.000197135	15218	1	FALSE	ORF1ab:cds-YP_009724389.1	GGT	G	TGT	C	1107
NC_045512.2	16787	G	A	15348	1662	39	1	0	34	6.51508e-05	15349	0.999985	FALSE	ORF1ab:cds-YP_009724389.1	GGT	G	GAT	D	1107
NC_045512.2	16788	T	C	15188	1660	39	2	1	47	0.000131666	15190	0.500025	FALSE	ORF1ab:cds-YP_009724389.1	GGT	G	GGC	G	1107
NC_045512.2	16789	T	G	15328	1659	39	2	0	34	0.000130446	15332	0.999863	FALSE	ORF1ab:cds-YP_009724389.1	TAT	Y	GAT	D	1108
NC_045512.2	16789	T	C	15328	1659	39	2	0	34	0.000130446	15332	0.999863	FALSE	ORF1ab:cds-YP_009724389.1	TAT	Y	CAT	H	1108
NC_045512.2	16793	G	A	15675	1699	39	1	0	34	6.37918e-05	15676	0.999985	FALSE	ORF1ab:cds-YP_009724389.1	CGT	R	CAT	H	1109
NC_045512.2	16794	T	C	15632	1689	39	2	0	34	0.000127926	15634	0.999863	FALSE	ORF1ab:cds-YP_009724389.1	CGT	R	CGC	R	1109
NC_045512.2	16795	G	T	15769	1692	39	1	0	34	6.33955e-05	15774	0.999985	FALSE	ORF1ab:cds-YP_009724389.1	GTA	V	TTA	L	1110
NC_045512.2	16795	G	A	15769	1692	39	4	0	34	0.000253582	15774	0.997793	FALSE	ORF1ab:cds-YP_009724389.1	GTA	V	ATA	I	1110
NC_045512.2	16796	T	-A	15725	1686	39	1	0	20	6.3593e-05	15725	1	FALSE	NA	NA	NA	NA	NA	NA
NC_045512.2	16798	A	G	15728	1785	39	2	0	29	0.000127137	15731	1	FALSE	ORF1ab:cds-YP_009724389.1	ACT	T	GCT	A	1111
NC_045512.2	16798	A	C	15728	1785	39	1	0	34	6.35687e-05	15731	0.999985	FALSE	ORF1ab:cds-YP_009724389.1	ACT	T	CCT	P	1111
NC_045512.2	16799	C	G	15329	1882	39	1	0	34	6.52316e-05	15330	0.999985	FALSE	ORF1ab:cds-YP_009724389.1	ACT	T	AGT	S	1111
NC_045512.2	16800	T	C	15301	1888	39	1	0	34	6.53509e-05	15302	0.999985	FALSE	ORF1ab:cds-YP_009724389.1	ACT	T	ACC	T	1111
NC_045512.2	16800	T	-A	15301	1888	39	3	0	20	0.000196053	15302	1	FALSE	NA	NA	NA	NA	NA	NA
NC_045512.2	16801	A	G	14755	1892	39	4	0	42	0.000271003	14760	0.187415	FALSE	ORF1ab:cds-YP_009724389.1	AAA	K	GAA	E	1112
NC_045512.2	16801	A	C	14755	1892	39	1	0	34	6.77507e-05	14760	0.999969	FALSE	ORF1ab:cds-YP_009724389.1	AAA	K	CAA	Q	1112
NC_045512.2	16802	A	G	13829	1863	38	1	0	34	7.23066e-05	13830	0.999939	FALSE	ORF1ab:cds-YP_009724389.1	AAA	K	AGA	R	1112
NC_045512.2	16803	A	G	15123	1885	39	2	0	34	0.000132231	15125	0.999863	FALSE	ORF1ab:cds-YP_009724389.1	AAA	K	AAG	K	1112
NC_045512.2	16805	A	G	13027	1962	38	3	0	34	0.00023022	13031	0.997915	FALSE	ORF1ab:cds-YP_009724389.1	AAC	N	AGC	S	1113
NC_045512.2	16805	A	C	13027	1962	38	1	1	27	7.67401e-05	13031	1	FALSE	ORF1ab:cds-YP_009724389.1	AAC	N	ACC	T	1113
NC_045512.2	16806	C	T	14040	2106	39	1	0	34	7.122e-05	14041	0.99997	FALSE	ORF1ab:cds-YP_009724389.1	AAC	N	AAT	N	1113
NC_045512.2	16807	A	G	13909	2042	39	2	0	30	0.000143771	13911	0.999513	FALSE	ORF1ab:cds-YP_009724389.1	AGT	S	GGT	G	1114
NC_045512.2	16808	G	A	13950	2063	38	2	0	51	0.000143349	13952	0.250009	FALSE	ORF1ab:cds-YP_009724389.1	AGT	S	AAT	N	1114
NC_045512.2	16809	T	G	13378	2171	38	2	0	30	0.000149466	13381	0.999513	FALSE	ORF1ab:cds-YP_009724389.1	AGT	S	AGG	R	1114
NC_045512.2	16809	T	A	13378	2171	38	1	0	26	7.47328e-05	13381	1	FALSE	ORF1ab:cds-YP_009724389.1	AGT	S	AGA	R	1114
NC_045512.2	16812	A	C	9008	2442	36	1	0	34	0.000111	9009	0.999026	FALSE	ORF1ab:cds-YP_009724389.1	AAA	K	AAC	N	1115
NC_045512.2	16813	G	T	11929	2450	38	2	0	34	0.000167602	11933	0.998294	FALSE	ORF1ab:cds-YP_009724389.1	GTA	V	TTA	L	1116
NC_045512.2	16813	G	A	11929	2450	38	2	1	68	0.000167602	11933	0.249969	FALSE	ORF1ab:cds-YP_009724389.1	GTA	V	ATA	I	1116
NC_045512.2	16816	C	G	12010	2528	38	1	0	26	8.3257e-05	12011	1	FALSE	ORF1ab:cds-YP_009724389.1	CAA	Q	GAA	E	1117
NC_045512.2	16817	A	T	12322	2422	37	2	0	26	0.000162285	12324	1	FALSE	ORF1ab:cds-YP_009724389.1	CAA	Q	CTA	L	1117
NC_045512.2	16818	A	C	12429	2497	37	1	0	34	8.04505e-05	12430	0.999878	FALSE	ORF1ab:cds-YP_009724389.1	CAA	Q	CAC	H	1117
NC_045512.2	16820	T	G	12424	2582	37	1	0	34	8.04699e-05	12427	0.999878	FALSE	ORF1ab:cds-YP_009724389.1	ATA	I	AGA	R	1118
NC_045512.2	16820	T	C	12424	2582	37	1	0	26	8.04699e-05	12427	1	FALSE	ORF1ab:cds-YP_009724389.1	ATA	I	ACA	T	1118
NC_045512.2	16820	T	A	12424	2582	37	1	0	26	8.04699e-05	12427	1	FALSE	ORF1ab:cds-YP_009724389.1	ATA	I	AAA	K	1118
NC_045512.2	16821	A	G	11154	2725	36	1	0	34	8.96459e-05	11155	0.999757	FALSE	ORF1ab:cds-YP_009724389.1	ATA	I	ATG	M	1118
NC_045512.2	16822	G	T	11533	2672	37	1	0	26	8.67002e-05	11534	1	FALSE	ORF1ab:cds-YP_009724389.1	GGA	G	TGA	*	1119
NC_045512.2	16825	G	T	12144	2664	36	1	0	34	8.23316e-05	12146	0.999878	FALSE	ORF1ab:cds-YP_009724389.1	GAG	E	TAG	*	1120
NC_045512.2	16825	G	C	12144	2664	36	1	1	34	8.23316e-05	12146	0.999878	FALSE	ORF1ab:cds-YP_009724389.1	GAG	E	CAG	Q	1120
NC_045512.2	16828	T	G	12294	2751	37	4	0	30	0.000325256	12298	0.989389	FALSE	ORF1ab:cds-YP_009724389.1	TAC	Y	GAC	D	1121
NC_045512.2	16829	A	G	12262	2776	37	2	0	34	0.000163079	12264	0.999087	FALSE	ORF1ab:cds-YP_009724389.1	TAC	Y	TGC	C	1121
NC_045512.2	16833	C	T	12534	3336	37	1	0	34	7.97766e-05	12535	0.999878	FALSE	ORF1ab:cds-YP_009724389.1	ACC	T	ACT	T	1122
NC_045512.2	16833	C	-T	12534	3336	37	1	0	20	7.97766e-05	12535	1	FALSE	NA	NA	NA	NA	NA	NA
NC_045512.2	16834	T	G	12048	2841	37	1	0	24	8.29807e-05	12051	1	FALSE	ORF1ab:cds-YP_009724389.1	TTT	F	GTT	V	1123
NC_045512.2	16834	T	C	12048	2841	37	2	1	30	0.000165961	12051	0.999087	FALSE	ORF1ab:cds-YP_009724389.1	TTT	F	CTT	L	1123
NC_045512.2	16835	T	C	12260	3086	37	3	0	38	0.000244638	12263	0.996318	FALSE	ORF1ab:cds-YP_009724389.1	TTT	F	TCT	S	1123
NC_045512.2	16836	T	C	12443	3307	38	1	0	34	8.036e-05	12444	0.999878	FALSE	ORF1ab:cds-YP_009724389.1	TTT	F	TTC	F	1123
NC_045512.2	16837	G	T	12510	3344	38	1	1	34	7.99297e-05	12511	0.999878	FALSE	ORF1ab:cds-YP_009724389.1	GAA	E	TAA	*	1124
NC_045512.2	16837	G	-A	12510	3344	38	8	0	20	0.000639437	12511	1	FALSE	NA	NA	NA	NA	NA	NA
NC_045512.2	16838	A	G	12437	3398	38	2	1	30	0.000160785	12439	0.999083	FALSE	ORF1ab:cds-YP_009724389.1	GAA	E	GGA	G	1124
NC_045512.2	16839	A	C	12518	3403	38	1	1	34	7.98786e-05	12519	0.999878	FALSE	ORF1ab:cds-YP_009724389.1	GAA	E	GAC	D	1124
NC_045512.2	16841	A	G	12405	3306	38	1	0	24	8.06062e-05	12406	1	FALSE	ORF1ab:cds-YP_009724389.1	AAA	K	AGA	R	1125
NC_045512.2	16842	A	G	12139	3257	37	10	1	34	0.000823113	12149	0.738425	FALSE	ORF1ab:cds-YP_009724389.1	AAA	K	AAG	K	1125
NC_045512.2	16843	G	A	12336	3370	38	1	1	34	8.1057e-05	12337	0.999878	FALSE	ORF1ab:cds-YP_009724389.1	GGT	G	AGT	S	1126
NC_045512.2	16845	T	G	12237	3552	38	1	0	34	8.17127e-05	12238	0.999878	FALSE	ORF1ab:cds-YP_009724389.1	GGT	G	GGG	G	1126
NC_045512.2	16846	G	T	12875	3641	38	2	0	34	0.000155316	12877	0.999087	FALSE	ORF1ab:cds-YP_009724389.1	GAC	D	TAC	Y	1127
NC_045512.2	16847	A	T	12803	3621	37	1	0	26	7.80823e-05	12807	1	FALSE	ORF1ab:cds-YP_009724389.1	GAC	D	GTC	V	1127
NC_045512.2	16847	A	G	12803	3621	37	3	0	40	0.000234247	12807	0.312485	FALSE	ORF1ab:cds-YP_009724389.1	GAC	D	GGC	G	1127
NC_045512.2	16848	C	T	11706	3972	37	2	1	34	0.000170823	11708	0.998296	FALSE	ORF1ab:cds-YP_009724389.1	GAC	D	GAT	D	1127
NC_045512.2	16849	T	C	11659	4007	37	1	0	34	8.57559e-05	11661	0.999757	FALSE	ORF1ab:cds-YP_009724389.1	TAT	Y	CAT	H	1128
NC_045512.2	16849	T	A	11659	4007	37	1	0	34	8.57559e-05	11661	0.999757	FALSE	ORF1ab:cds-YP_009724389.1	TAT	Y	AAT	N	1128
NC_045512.2	16850	A	T	11644	3944	37	1	1	34	8.5859e-05	11647	0.999756	FALSE	ORF1ab:cds-YP_009724389.1	TAT	Y	TTT	F	1128
NC_045512.2	16850	A	G	11644	3944	37	1	1	34	8.5859e-05	11647	0.999756	FALSE	ORF1ab:cds-YP_009724389.1	TAT	Y	TGT	C	1128
NC_045512.2	16850	A	C	11644	3944	37	1	1	26	8.5859e-05	11647	1	FALSE	ORF1ab:cds-YP_009724389.1	TAT	Y	TCT	S	1128
NC_045512.2	16852	G	C	11865	3975	37	2	2	30	0.000168535	11867	0.998296	FALSE	ORF1ab:cds-YP_009724389.1	GGT	G	CGT	R	1129
NC_045512.2	16853	G	T	11993	4050	37	1	1	26	8.33681e-05	11995	1	FALSE	ORF1ab:cds-YP_009724389.1	GGT	G	GTT	V	1129
NC_045512.2	16853	G	C	11993	4050	37	1	1	34	8.33681e-05	11995	0.999757	FALSE	ORF1ab:cds-YP_009724389.1	GGT	G	GCT	A	1129
NC_045512.2	16855	G	T	11998	4468	37	2	1	34	0.000166611	12004	0.999086	FALSE	ORF1ab:cds-YP_009724389.1	GAT	D	TAT	Y	1130
NC_045512.2	16855	G	A	11998	4468	37	4	1	34	0.000333222	12004	0.989381	FALSE	ORF1ab:cds-YP_009724389.1	GAT	D	AAT	N	1130
NC_045512.2	16857	T	C	12534	5104	38	1	1	34	7.97766e-05	12535	0.999878	FALSE	ORF1ab:cds-YP_009724389.1	GAT	D	GAC	D	1130
NC_045512.2	16858	G	A	12623	5166	38	2	2	34	0.000158416	12625	0.999087	FALSE	ORF1ab:cds-YP_009724389.1	GCT	A	ACT	T	1131
NC_045512.2	16859	C	T	12407	5308	38	1	1	34	8.05867e-05	12409	0.999878	FALSE	ORF1ab:cds-YP_009724389.1	GCT	A	GTT	V	1131
NC_045512.2	16859	C	G	12407	5308	38	1	1	68	8.05867e-05	12409	0.5	FALSE	ORF1ab:cds-YP_009724389.1	GCT	A	GGT	G	1131
NC_045512.2	16860	T	C	12306	5261	38	11	4	33	0.000893075	12317	0.661324	FALSE	ORF1ab:cds-YP_009724389.1	GCT	A	GCC	A	1131
NC_045512.2	16861	G	T	12767	5376	38	2	0	34	0.000156629	12769	0.999087	FALSE	ORF1ab:cds-YP_009724389.1	GTT	V	TTT	F	1132
NC_045512.2	16862	T	G	12673	5401	38	3	0	31	0.00023663	12678	0.996314	FALSE	ORF1ab:cds-YP_009724389.1	GTT	V	GGT	G	1132
NC_045512.2	16862	T	C	12673	5401	38	2	1	34	0.000157754	12678	0.999086	FALSE	ORF1ab:cds-YP_009724389.1	GTT	V	GCT	A	1132
NC_045512.2	16863	T	C	12765	5363	38	2	1	51	0.000156654	12767	0.25001	FALSE	ORF1ab:cds-YP_009724389.1	GTT	V	GTC	V	1132
NC_045512.2	16864	G	A	12935	5374	38	1	0	34	7.73036e-05	12936	0.999878	FALSE	ORF1ab:cds-YP_009724389.1	GTT	V	ATT	I	1133
NC_045512.2	16867	T	C	12845	5430	38	1	1	34	7.78452e-05	12846	0.999878	FALSE	ORF1ab:cds-YP_009724389.1	TAC	Y	CAC	H	1134
NC_045512.2	16868	A	G	12705	5423	38	1	0	34	7.8703e-05	12706	0.999878	FALSE	ORF1ab:cds-YP_009724389.1	TAC	Y	TGC	C	1134
NC_045512.2	16871	G	A	12856	5499	38	1	0	34	7.77786e-05	12857	0.999878	FALSE	ORF1ab:cds-YP_009724389.1	CGA	R	CAA	Q	1135
NC_045512.2	16872	A	G	13149	5640	38	8	5	34	0.000608041	13157	0.905494	FALSE	ORF1ab:cds-YP_009724389.1	CGA	R	CGG	R	1135
NC_045512.2	16875	T	G	13882	5492	37	1	0	34	7.20305e-05	13883	0.999939	FALSE	ORF1ab:cds-YP_009724389.1	GGT	G	GGG	G	1136
NC_045512.2	16876	A	G	13982	5753	38	5	1	27	0.000357449	13988	1	FALSE	ORF1ab:cds-YP_009724389.1	ACA	T	GCA	A	1137
NC_045512.2	16876	A	C	13982	5753	38	1	0	34	7.14898e-05	13988	0.999939	FALSE	ORF1ab:cds-YP_009724389.1	ACA	T	CCA	P	1137
NC_045512.2	16877	C	T	14131	5885	38	1	1	34	7.07614e-05	14132	0.99997	FALSE	ORF1ab:cds-YP_009724389.1	ACA	T	ATA	I	1137
NC_045512.2	16878	A	T	11158	4647	38	2850	1180	38	0.203383	14013	0	TRUE	ORF1ab:cds-YP_009724389.1	ACA	T	ACT	T	1137
NC_045512.2	16878	A	G	11158	4647	38	4	3	34	0.000285449	14013	0.986224	FALSE	ORF1ab:cds-YP_009724389.1	ACA	T	ACG	T	1137
NC_045512.2	16878	A	C	11158	4647	38	1	0	34	7.13623e-05	14013	0.999848	FALSE	ORF1ab:cds-YP_009724389.1	ACA	T	ACC	T	1137
NC_045512.2	16880	C	T	13872	6024	38	1	1	34	7.20773e-05	13874	0.999939	FALSE	ORF1ab:cds-YP_009724389.1	ACA	T	ATA	I	1138
NC_045512.2	16880	C	G	13872	6024	38	1	0	34	7.20773e-05	13874	0.999939	FALSE	ORF1ab:cds-YP_009724389.1	ACA	T	AGA	R	1138
NC_045512.2	16881	A	T	13993	6484	38	1	0	26	7.1449e-05	13996	1	FALSE	ORF1ab:cds-YP_009724389.1	ACA	T	ACT	T	1138
NC_045512.2	16881	A	G	13993	6484	38	2	0	34	0.000142898	13996	0.999513	FALSE	ORF1ab:cds-YP_009724389.1	ACA	T	ACG	T	1138
NC_045512.2	16882	A	G	14154	6535	38	1	0	34	7.06464e-05	14155	0.99997	FALSE	ORF1ab:cds-YP_009724389.1	ACT	T	GCT	A	1139
NC_045512.2	16884	T	C	13742	6135	38	2	1	51	0.000145518	13744	0.250009	FALSE	ORF1ab:cds-YP_009724389.1	ACT	T	ACC	T	1139
NC_045512.2	16885	T	G	13753	6200	38	2	1	30	0.000145381	13757	0.999513	FALSE	ORF1ab:cds-YP_009724389.1	TAC	Y	GAC	D	1140
NC_045512.2	16885	T	C	13753	6200	38	2	2	34	0.000145381	13757	0.999513	FALSE	ORF1ab:cds-YP_009724389.1	TAC	Y	CAC	H	1140
NC_045512.2	16886	A	G	13655	6121	38	2	2	34	0.000146434	13658	0.999513	FALSE	ORF1ab:cds-YP_009724389.1	TAC	Y	TGC	C	1140
NC_045512.2	16886	A	C	13655	6121	38	1	1	34	7.32172e-05	13658	0.999939	FALSE	ORF1ab:cds-YP_009724389.1	TAC	Y	TCC	S	1140
NC_045512.2	16887	C	A	13551	6249	38	1	1	34	7.37898e-05	13552	0.999939	FALSE	ORF1ab:cds-YP_009724389.1	TAC	Y	TAA	*	1140
NC_045512.2	16889	A	G	13836	6350	38	1	0	26	7.227e-05	13837	1	FALSE	ORF1ab:cds-YP_009724389.1	AAA	K	AGA	R	1141
NC_045512.2	16894	A	G	13377	6427	38	1	0	24	7.47496e-05	13378	1	FALSE	ORF1ab:cds-YP_009724389.1	AAT	N	GAT	D	1143
NC_045512.2	16896	T	C	13968	6963	38	1	1	34	7.15871e-05	13969	0.999939	FALSE	ORF1ab:cds-YP_009724389.1	AAT	N	AAC	N	1143
NC_045512.2	16897	G	C	14242	7218	39	1	1	34	7.0205e-05	14244	0.99997	FALSE	ORF1ab:cds-YP_009724389.1	GTT	V	CTT	L	1144
NC_045512.2	16897	G	A	14242	7218	39	1	0	34	7.0205e-05	14244	0.99997	FALSE	ORF1ab:cds-YP_009724389.1	GTT	V	ATT	I	1144
NC_045512.2	16898	T	G	13236	6247	38	1	1	34	7.55287e-05	13240	0.999939	FALSE	ORF1ab:cds-YP_009724389.1	GTT	V	GGT	G	1144
NC_045512.2	16898	T	C	13236	6247	38	3	3	42	0.000226586	13240	0.312486	FALSE	ORF1ab:cds-YP_009724389.1	GTT	V	GCT	A	1144
NC_045512.2	16900	G	T	14056	7343	39	1	0	34	7.11288e-05	14059	0.99997	FALSE	ORF1ab:cds-YP_009724389.1	GGT	G	TGT	C	1145
NC_045512.2	16900	G	C	14056	7343	39	2	2	34	0.000142258	14059	0.999741	FALSE	ORF1ab:cds-YP_009724389.1	GGT	G	CGT	R	1145
NC_045512.2	16901	G	T	14213	7523	39	1	1	34	7.03383e-05	14217	0.99997	FALSE	ORF1ab:cds-YP_009724389.1	GGT	G	GTT	V	1145
NC_045512.2	16901	G	C	14213	7523	39	3	3	31	0.000211015	14217	0.998828	FALSE	ORF1ab:cds-YP_009724389.1	GGT	G	GCT	A	1145
NC_045512.2	16902	T	G	14266	7657	39	2	0	30	0.000140164	14269	0.999741	FALSE	ORF1ab:cds-YP_009724389.1	GGT	G	GGG	G	1145
NC_045512.2	16902	T	A	14266	7657	39	1	1	34	7.0082e-05	14269	0.99997	FALSE	ORF1ab:cds-YP_009724389.1	GGT	G	GGA	G	1145
NC_045512.2	16904	A	G	13780	7766	38	1	1	34	7.25637e-05	13781	0.999939	FALSE	ORF1ab:cds-YP_009724389.1	GAT	D	GGT	G	1146
NC_045512.2	16906	T	C	14286	7699	39	3	3	29	0.000209952	14289	1	FALSE	ORF1ab:cds-YP_009724389.1	TAT	Y	CAT	H	1147
NC_045512.2	16907	A	T	14132	7992	38	3	0	28	0.000212239	14135	1	FALSE	ORF1ab:cds-YP_009724389.1	TAT	Y	TTT	F	1147
NC_045512.2	16909	T	G	11564	5110	37	4	4	26	0.000345752	11569	1	FALSE	ORF1ab:cds-YP_009724389.1	TTT	F	GTT	V	1148
NC_045512.2	16909	T	C	11564	5110	37	1	0	34	8.64379e-05	11569	0.999756	FALSE	ORF1ab:cds-YP_009724389.1	TTT	F	CTT	L	1148
NC_045512.2	16910	T	C	14551	8209	39	3	2	68	0.000206129	14554	0.125	FALSE	ORF1ab:cds-YP_009724389.1	TTT	F	TCT	S	1148
NC_045512.2	16911	T	C	14385	8208	38	2	1	34	0.000139014	14387	0.999742	FALSE	ORF1ab:cds-YP_009724389.1	TTT	F	TTC	F	1148
NC_045512.2	16913	T	C	14595	8327	39	2	2	34	0.000137014	14597	0.999742	FALSE	ORF1ab:cds-YP_009724389.1	GTG	V	GCG	A	1149
NC_045512.2	16914	G	C	14431	8454	39	1	1	34	6.92905e-05	14432	0.99997	FALSE	ORF1ab:cds-YP_009724389.1	GTG	V	GTC	V	1149
NC_045512.2	16915	C	T	14070	8648	38	3	3	31	0.000213159	14074	0.998828	FALSE	ORF1ab:cds-YP_009724389.1	CTG	L	TTG	L	1150
NC_045512.2	16915	C	A	14070	8648	38	1	1	68	7.1053e-05	14074	0.499964	FALSE	ORF1ab:cds-YP_009724389.1	CTG	L	ATG	M	1150
NC_045512.2	16916	T	C	13920	8445	38	2	1	34	0.000143658	13922	0.999513	FALSE	ORF1ab:cds-YP_009724389.1	CTG	L	CCG	P	1150
NC_045512.2	16919	C	T	14474	8725	38	1	0	34	6.90846e-05	14475	0.99997	FALSE	ORF1ab:cds-YP_009724389.1	ACA	T	ATA	I	1151
NC_045512.2	16920	A	T	14163	8746	38	2	1	30	0.000141173	14167	0.999741	FALSE	ORF1ab:cds-YP_009724389.1	ACA	T	ACT	T	1151
NC_045512.2	16920	A	G	14163	8746	38	2	2	34	0.000141173	14167	0.999741	FALSE	ORF1ab:cds-YP_009724389.1	ACA	T	ACG	T	1151
NC_045512.2	16921	T	C	14465	8720	38	1	0	34	6.91276e-05	14466	0.99997	FALSE	ORF1ab:cds-YP_009724389.1	TCA	S	CCA	P	1152
NC_045512.2	16923	A	G	14955	8714	38	1	1	34	6.68628e-05	14956	0.99997	FALSE	ORF1ab:cds-YP_009724389.1	TCA	S	TCG	S	1152
NC_045512.2	16924	C	A	15072	8795	38	1	1	34	6.63438e-05	15073	0.999985	FALSE	ORF1ab:cds-YP_009724389.1	CAT	H	AAT	N	1153
NC_045512.2	16925	A	G	14931	8652	37	2	1	34	0.000133905	14936	0.999741	FALSE	ORF1ab:cds-YP_009724389.1	CAT	H	CGT	R	1153
NC_045512.2	16925	A	C	14931	8652	37	3	3	26	0.000200857	14936	1	FALSE	ORF1ab:cds-YP_009724389.1	CAT	H	CCT	P	1153
NC_045512.2	16926	T	C	14722	8948	37	1	0	34	6.79209e-05	14723	0.99997	FALSE	ORF1ab:cds-YP_009724389.1	CAT	H	CAC	H	1153
NC_045512.2	16927	A	T	14430	8640	37	1	0	26	6.92857e-05	14433	1	FALSE	ORF1ab:cds-YP_009724389.1	ACA	T	TCA	S	1154
NC_045512.2	16927	A	G	14430	8640	37	2	2	34	0.000138571	14433	0.999741	FALSE	ORF1ab:cds-YP_009724389.1	ACA	T	GCA	A	1154
NC_045512.2	16928	C	A	14936	8826	37	1	1	26	6.69478e-05	14937	1	FALSE	ORF1ab:cds-YP_009724389.1	ACA	T	AAA	K	1154
NC_045512.2	16929	A	C	14710	8568	37	1	1	34	6.79763e-05	14711	0.99997	FALSE	ORF1ab:cds-YP_009724389.1	ACA	T	ACC	T	1154
NC_045512.2	16930	G	T	14748	8586	37	1	1	34	6.78012e-05	14749	0.99997	FALSE	ORF1ab:cds-YP_009724389.1	GTA	V	TTA	L	1155
NC_045512.2	16931	T	G	14230	8214	37	1	0	27	7.02642e-05	14232	1	FALSE	ORF1ab:cds-YP_009724389.1	GTA	V	GGA	G	1155
NC_045512.2	16931	T	C	14230	8214	37	1	1	26	7.02642e-05	14232	1	FALSE	ORF1ab:cds-YP_009724389.1	GTA	V	GCA	A	1155
NC_045512.2	16933	A	G	14005	8089	37	1	0	34	7.1398e-05	14006	0.99997	FALSE	ORF1ab:cds-YP_009724389.1	ATG	M	GTG	V	1156
NC_045512.2	16934	T	A	13848	8059	37	1	0	26	7.22074e-05	13849	1	FALSE	ORF1ab:cds-YP_009724389.1	ATG	M	AAG	K	1156
NC_045512.2	16936	C	T	14002	8082	37	2	1	34	0.000142786	14007	0.999741	FALSE	ORF1ab:cds-YP_009724389.1	CCA	P	TCA	S	1157
NC_045512.2	16936	C	A	14002	8082	37	3	3	28	0.000214179	14007	1	FALSE	ORF1ab:cds-YP_009724389.1	CCA	P	ACA	T	1157
NC_045512.2	16937	C	T	13661	7627	37	2	2	34	0.00014637	13664	0.999513	FALSE	ORF1ab:cds-YP_009724389.1	CCA	P	CTA	L	1157
NC_045512.2	16937	C	G	13661	7627	37	1	0	34	7.3185e-05	13664	0.999939	FALSE	ORF1ab:cds-YP_009724389.1	CCA	P	CGA	R	1157
NC_045512.2	16939	T	C	13594	7616	37	1	0	34	7.35565e-05	13595	0.999939	FALSE	ORF1ab:cds-YP_009724389.1	TTA	L	CTA	L	1158
NC_045512.2	16944	T	G	13504	7544	37	1	1	26	7.40412e-05	13506	1	FALSE	ORF1ab:cds-YP_009724389.1	AGT	S	AGG	R	1159
NC_045512.2	16944	T	C	13504	7544	37	1	0	34	7.40412e-05	13506	0.999939	FALSE	ORF1ab:cds-YP_009724389.1	AGT	S	AGC	S	1159
NC_045512.2	16945	G	C	13477	7512	37	1	1	26	7.4195e-05	13478	1	FALSE	ORF1ab:cds-YP_009724389.1	GCA	A	CCA	P	1160
NC_045512.2	16946	C	T	13577	7677	36	1	1	34	7.36485e-05	13578	0.999939	FALSE	ORF1ab:cds-YP_009724389.1	GCA	A	GTA	V	1160
NC_045512.2	16947	A	G	13901	7605	36	2	0	30	0.000143854	13903	0.999513	FALSE	ORF1ab:cds-YP_009724389.1	GCA	A	GCG	A	1160
NC_045512.2	16948	C	G	13969	7696	36	1	0	34	7.15768e-05	13971	0.999939	FALSE	ORF1ab:cds-YP_009724389.1	CCT	P	GCT	A	1161
NC_045512.2	16948	C	A	13969	7696	36	1	0	34	7.15768e-05	13971	0.999939	FALSE	ORF1ab:cds-YP_009724389.1	CCT	P	ACT	T	1161
NC_045512.2	16949	C	A	13914	7708	36	2	0	34	0.000143719	13916	0.999513	FALSE	ORF1ab:cds-YP_009724389.1	CCT	P	CAT	H	1161
NC_045512.2	16950	T	C	13873	7737	36	1	0	34	7.20773e-05	13874	0.999939	FALSE	ORF1ab:cds-YP_009724389.1	CCT	P	CCC	P	1161
NC_045512.2	16951	A	T	14129	7803	36	1	1	26	7.07364e-05	14137	1	FALSE	ORF1ab:cds-YP_009724389.1	ACA	T	TCA	S	1162
NC_045512.2	16951	A	G	14129	7803	36	1	0	68	7.07364e-05	14137	0.499894	FALSE	ORF1ab:cds-YP_009724389.1	ACA	T	GCA	A	1162
NC_045512.2	16951	A	C	14129	7803	36	6	6	30	0.000424418	14137	0.979333	FALSE	ORF1ab:cds-YP_009724389.1	ACA	T	CCA	P	1162
NC_045512.2	16952	C	G	14126	7883	36	1	0	34	7.07864e-05	14127	0.99997	FALSE	ORF1ab:cds-YP_009724389.1	ACA	T	AGA	R	1162
NC_045512.2	16953	A	G	13967	7757	36	5	0	29	0.000357807	13974	1	FALSE	ORF1ab:cds-YP_009724389.1	ACA	T	ACG	T	1162
NC_045512.2	16953	A	C	13967	7757	36	2	1	34	0.000143123	13974	0.999512	FALSE	ORF1ab:cds-YP_009724389.1	ACA	T	ACC	T	1162
NC_045512.2	16954	C	T	14053	7847	36	3	2	34	0.000213432	14056	0.998829	FALSE	ORF1ab:cds-YP_009724389.1	CTA	L	TTA	L	1163
NC_045512.2	16955	T	C	12909	6935	36	1	0	26	7.74593e-05	12910	1	FALSE	ORF1ab:cds-YP_009724389.1	CTA	L	CCA	P	1163
NC_045512.2	16957	G	A	12355	6309	36	2	1	30	0.000161852	12357	0.999087	FALSE	ORF1ab:cds-YP_009724389.1	GTG	V	ATG	M	1164
NC_045512.2	16958	T	G	12231	6242	36	2	0	34	0.000163492	12233	0.999087	FALSE	ORF1ab:cds-YP_009724389.1	GTG	V	GGG	G	1164
NC_045512.2	16959	G	C	12312	6207	36	1	1	26	8.12084e-05	12314	1	FALSE	ORF1ab:cds-YP_009724389.1	GTG	V	GTC	V	1164
NC_045512.2	16959	G	A	12312	6207	36	1	0	34	8.12084e-05	12314	0.999878	FALSE	ORF1ab:cds-YP_009724389.1	GTG	V	GTA	V	1164
NC_045512.2	16960	C	T	12198	6191	36	3	1	56	0.000245861	12202	0.124985	FALSE	ORF1ab:cds-YP_009724389.1	CCA	P	TCA	S	1165
NC_045512.2	16960	C	A	12198	6191	36	1	1	34	8.19538e-05	12202	0.999878	FALSE	ORF1ab:cds-YP_009724389.1	CCA	P	ACA	T	1165
NC_045512.2	16962	A	T	11928	6120	36	2	1	68	0.000167645	11930	0.25001	FALSE	ORF1ab:cds-YP_009724389.1	CCA	P	CCT	P	1165
NC_045512.2	16964	A	G	12030	6233	36	1	0	34	8.31186e-05	12031	0.999878	FALSE	ORF1ab:cds-YP_009724389.1	CAA	Q	CGA	R	1166
NC_045512.2	16965	A	T	11929	6162	36	1	1	26	8.37942e-05	11934	1	FALSE	ORF1ab:cds-YP_009724389.1	CAA	Q	CAT	H	1166
NC_045512.2	16965	A	G	11929	6162	36	2	0	30	0.000167588	11934	0.998293	FALSE	ORF1ab:cds-YP_009724389.1	CAA	Q	CAG	Q	1166
NC_045512.2	16965	A	C	11929	6162	36	2	2	34	0.000167588	11934	0.998293	FALSE	ORF1ab:cds-YP_009724389.1	CAA	Q	CAC	H	1166
NC_045512.2	16966	G	T	11992	6197	36	1	0	26	8.3375e-05	11994	1	FALSE	ORF1ab:cds-YP_009724389.1	GAG	E	TAG	*	1167
NC_045512.2	16966	G	A	11992	6197	36	1	1	34	8.3375e-05	11994	0.999757	FALSE	ORF1ab:cds-YP_009724389.1	GAG	E	AAG	K	1167
NC_045512.2	16967	A	T	10781	6073	35	2	0	26	0.00018546	10784	1	FALSE	ORF1ab:cds-YP_009724389.1	GAG	E	GTG	V	1167
NC_045512.2	16967	A	C	10781	6073	35	1	1	34	9.273e-05	10784	0.999513	FALSE	ORF1ab:cds-YP_009724389.1	GAG	E	GCG	A	1167
NC_045512.2	16968	G	T	11893	6046	36	1	0	34	8.4076e-05	11894	0.999757	FALSE	ORF1ab:cds-YP_009724389.1	GAG	E	GAT	D	1167
NC_045512.2	16970	A	G	11964	6251	36	2	1	34	0.00016714	11966	0.998296	FALSE	ORF1ab:cds-YP_009724389.1	CAC	H	CGC	R	1168
NC_045512.2	16972	T	C	11982	6632	37	2	0	34	0.000166889	11984	0.998296	FALSE	ORF1ab:cds-YP_009724389.1	TAT	Y	CAT	H	1169
NC_045512.2	16974	T	C	12729	7104	37	1	0	34	7.85546e-05	12730	0.999878	FALSE	ORF1ab:cds-YP_009724389.1	TAT	Y	TAC	Y	1169
NC_045512.2	16975	G	A	12443	7380	37	1	1	34	8.036e-05	12444	0.999878	FALSE	ORF1ab:cds-YP_009724389.1	GTT	V	ATT	I	1170
NC_045512.2	16976	T	G	12337	7386	37	4	0	32	0.000324123	12341	0.989389	FALSE	ORF1ab:cds-YP_009724389.1	GTT	V	GGT	G	1170
NC_045512.2	16977	T	G	12630	7816	37	1	0	26	7.91578e-05	12633	1	FALSE	ORF1ab:cds-YP_009724389.1	GTT	V	GTG	V	1170
NC_045512.2	16977	T	C	12630	7816	37	2	2	30	0.000158316	12633	0.999087	FALSE	ORF1ab:cds-YP_009724389.1	GTT	V	GTC	V	1170
NC_045512.2	16978	A	T	12575	7690	37	1	1	34	7.95102e-05	12577	0.999878	FALSE	ORF1ab:cds-YP_009724389.1	AGA	R	TGA	*	1171
NC_045512.2	16978	A	G	12575	7690	37	1	0	34	7.95102e-05	12577	0.999878	FALSE	ORF1ab:cds-YP_009724389.1	AGA	R	GGA	G	1171
NC_045512.2	16979	G	A	12720	7760	37	1	1	34	7.86102e-05	12721	0.999878	FALSE	ORF1ab:cds-YP_009724389.1	AGA	R	AAA	K	1171
NC_045512.2	16980	A	T	12436	7675	37	2	2	30	0.000160746	12442	0.999086	FALSE	ORF1ab:cds-YP_009724389.1	AGA	R	AGT	S	1171
NC_045512.2	16980	A	G	12436	7675	37	3	0	34	0.000241119	12442	0.996312	FALSE	ORF1ab:cds-YP_009724389.1	AGA	R	AGG	R	1171
NC_045512.2	16980	A	C	12436	7675	37	1	1	26	8.03729e-05	12442	1	FALSE	ORF1ab:cds-YP_009724389.1	AGA	R	AGC	S	1171
NC_045512.2	16981	A	G	12756	7884	37	1	1	34	7.83883e-05	12757	0.999878	FALSE	ORF1ab:cds-YP_009724389.1	ATT	I	GTT	V	1172
NC_045512.2	16983	T	C	13084	8613	38	2	2	51	0.000152835	13086	0.25001	FALSE	ORF1ab:cds-YP_009724389.1	ATT	I	ATC	I	1172
NC_045512.2	16984	A	T	13218	8875	38	3	2	31	0.00022686	13224	0.997913	FALSE	ORF1ab:cds-YP_009724389.1	ACT	T	TCT	S	1173
NC_045512.2	16984	A	G	13218	8875	38	3	2	31	0.00022686	13224	0.997913	FALSE	ORF1ab:cds-YP_009724389.1	ACT	T	GCT	A	1173
NC_045512.2	16986	T	C	13405	9011	38	1	1	34	7.45935e-05	13406	0.999939	FALSE	ORF1ab:cds-YP_009724389.1	ACT	T	ACC	T	1173
NC_045512.2	16987	G	C	13411	8986	38	2	2	30	0.000149109	13413	0.999513	FALSE	ORF1ab:cds-YP_009724389.1	GGC	G	CGC	R	1174
NC_045512.2	16988	G	T	13615	9228	39	1	0	60	7.3443e-05	13616	0.500018	FALSE	ORF1ab:cds-YP_009724389.1	GGC	G	GTC	V	1174
NC_045512.2	16990	T	G	13525	9318	38	1	0	34	7.39262e-05	13527	0.999939	FALSE	ORF1ab:cds-YP_009724389.1	TTA	L	GTA	V	1175
NC_045512.2	16990	T	C	13525	9318	38	1	1	34	7.39262e-05	13527	0.999939	FALSE	ORF1ab:cds-YP_009724389.1	TTA	L	CTA	L	1175
NC_045512.2	16991	T	C	13577	9452	38	1	1	34	7.36431e-05	13579	0.999939	FALSE	ORF1ab:cds-YP_009724389.1	TTA	L	TCA	S	1175
NC_045512.2	16991	T	A	13577	9452	38	1	0	26	7.36431e-05	13579	1	FALSE	ORF1ab:cds-YP_009724389.1	TTA	L	TAA	*	1175
NC_045512.2	16992	A	G	13821	9640	39	2	1	47	0.000144676	13824	0.5	FALSE	ORF1ab:cds-YP_009724389.1	TTA	L	TTG	L	1175
NC_045512.2	16992	A	C	13821	9640	39	1	1	34	7.2338e-05	13824	0.999939	FALSE	ORF1ab:cds-YP_009724389.1	TTA	L	TTC	F	1175
NC_045512.2	16993	T	C	16843	13266	40	1	1	34	5.93683e-05	16844	0.999992	FALSE	ORF1ab:cds-YP_009724389.1	TAC	Y	CAC	H	1176
NC_045512.2	16994	A	G	16877	13396	40	1	1	34	5.92487e-05	16878	0.999992	FALSE	ORF1ab:cds-YP_009724389.1	TAC	Y	TGC	C	1176
NC_045512.2	16995	C	A	16960	13408	40	4	4	34	0.000235793	16964	0.998716	FALSE	ORF1ab:cds-YP_009724389.1	TAC	Y	TAA	*	1176
NC_045512.2	16997	C	T	16154	12640	40	1	1	34	6.18927e-05	16157	0.999992	FALSE	ORF1ab:cds-YP_009724389.1	CCA	P	CTA	L	1177
NC_045512.2	16997	C	A	16154	12640	40	2	2	26	0.000123785	16157	1	FALSE	ORF1ab:cds-YP_009724389.1	CCA	P	CAA	Q	1177
NC_045512.2	16998	A	G	17081	13923	41	4	3	42	0.000234124	17085	0.1875	FALSE	ORF1ab:cds-YP_009724389.1	CCA	P	CCG	P	1177
NC_045512.2	16999	A	T	16901	13969	39	1	1	38	5.91646e-05	16902	0.999992	FALSE	ORF1ab:cds-YP_009724389.1	ACA	T	TCA	S	1178
NC_045512.2	17000	C	A	17222	14058	41	3	3	31	0.000174165	17225	0.9998	FALSE	ORF1ab:cds-YP_009724389.1	ACA	T	AAA	K	1178
NC_045512.2	17001	A	T	16583	13445	41	1	1	34	6.02991e-05	16584	0.999992	FALSE	ORF1ab:cds-YP_009724389.1	ACA	T	ACT	T	1178
NC_045512.2	17002	C	T	17010	13890	41	2	1	47	0.000117564	17012	0.500022	FALSE	ORF1ab:cds-YP_009724389.1	CTC	L	TTC	F	1179
NC_045512.2	17003	T	G	16558	13476	41	1	0	26	6.03573e-05	16568	1	FALSE	ORF1ab:cds-YP_009724389.1	CTC	L	CGC	R	1179
NC_045512.2	17003	T	C	16558	13476	41	7	6	37	0.000422501	16568	0.982674	FALSE	ORF1ab:cds-YP_009724389.1	CTC	L	CCC	P	1179
NC_045512.2	17003	T	A	16558	13476	41	2	1	34	0.000120715	16568	0.999928	FALSE	ORF1ab:cds-YP_009724389.1	CTC	L	CAC	H	1179
NC_045512.2	17005	A	G	16451	13384	41	5	5	34	0.000303841	16456	0.996412	FALSE	ORF1ab:cds-YP_009724389.1	AAT	N	GAT	D	1180
NC_045512.2	17006	A	T	16554	13468	41	1	0	26	6.03938e-05	16558	1	FALSE	ORF1ab:cds-YP_009724389.1	AAT	N	ATT	I	1180
NC_045512.2	17006	A	G	16554	13468	41	2	1	46	0.000120788	16558	0.499977	FALSE	ORF1ab:cds-YP_009724389.1	AAT	N	AGT	S	1180
NC_045512.2	17006	A	C	16554	13468	41	1	1	34	6.03938e-05	16558	0.999992	FALSE	ORF1ab:cds-YP_009724389.1	AAT	N	ACT	T	1180
NC_045512.2	17007	T	C	15395	12297	40	2	1	46	0.000129862	15401	0.499927	FALSE	ORF1ab:cds-YP_009724389.1	AAT	N	AAC	N	1180
NC_045512.2	17007	T	A	15395	12297	40	4	4	26	0.000259723	15401	1	FALSE	ORF1ab:cds-YP_009724389.1	AAT	N	AAA	K	1180
NC_045512.2	17009	T	C	14516	11473	40	1	1	34	6.88563e-05	14523	0.99997	FALSE	ORF1ab:cds-YP_009724389.1	ATC	I	ACC	T	1181
NC_045512.2	17009	T	A	14516	11473	40	6	6	30	0.000413138	14523	0.97934	FALSE	ORF1ab:cds-YP_009724389.1	ATC	I	AAC	N	1181
NC_045512.2	17011	T	C	16038	13011	41	1	1	68	6.2348e-05	16039	0.500016	FALSE	ORF1ab:cds-YP_009724389.1	TCA	S	CCA	P	1182
NC_045512.2	17012	C	G	16025	13044	41	1	0	34	6.23947e-05	16027	0.999992	FALSE	ORF1ab:cds-YP_009724389.1	TCA	S	TGA	*	1182
NC_045512.2	17012	C	A	16025	13044	41	1	1	34	6.23947e-05	16027	0.999992	FALSE	ORF1ab:cds-YP_009724389.1	TCA	S	TAA	*	1182
NC_045512.2	17014	G	T	15813	12857	41	2	2	51	0.000126446	15817	0.249976	FALSE	ORF1ab:cds-YP_009724389.1	GAT	D	TAT	Y	1183
NC_045512.2	17014	G	C	15813	12857	41	1	1	26	6.32231e-05	15817	1	FALSE	ORF1ab:cds-YP_009724389.1	GAT	D	CAT	H	1183
NC_045512.2	17014	G	A	15813	12857	41	1	0	68	6.32231e-05	15817	0.499968	FALSE	ORF1ab:cds-YP_009724389.1	GAT	D	AAT	N	1183
NC_045512.2	17015	A	G	15717	12804	41	1	1	34	6.36213e-05	15718	0.999985	FALSE	ORF1ab:cds-YP_009724389.1	GAT	D	GGT	G	1183
NC_045512.2	17016	T	C	15526	12597	41	2	2	34	0.0001288	15528	0.999863	FALSE	ORF1ab:cds-YP_009724389.1	GAT	D	GAC	D	1183
NC_045512.2	17018	A	G	16013	12639	40	1	1	34	6.24415e-05	16015	0.999992	FALSE	ORF1ab:cds-YP_009724389.1	GAG	E	GGG	G	1184
NC_045512.2	17018	A	C	16013	12639	40	1	0	34	6.24415e-05	16015	0.999992	FALSE	ORF1ab:cds-YP_009724389.1	GAG	E	GCG	A	1184
NC_045512.2	17020	T	G	16032	12705	40	1	1	34	6.23714e-05	16033	0.999992	FALSE	ORF1ab:cds-YP_009724389.1	TTT	F	GTT	V	1185
NC_045512.2	17023	T	C	12275	9087	36	1	1	34	8.14598e-05	12276	0.999878	FALSE	ORF1ab:cds-YP_009724389.1	TCT	S	CCT	P	1186
NC_045512.2	17024	C	T	16075	13172	38	1	0	68	6.22045e-05	16076	0.500016	FALSE	ORF1ab:cds-YP_009724389.1	TCT	S	TTT	F	1186
NC_045512.2	17026	A	G	16003	13140	38	2	2	30	0.000124961	16005	0.999928	FALSE	ORF1ab:cds-YP_009724389.1	AGC	S	GGC	G	1187
NC_045512.2	17027	G	A	16015	13113	38	2	1	60	0.000124867	16017	0.250008	FALSE	ORF1ab:cds-YP_009724389.1	AGC	S	AAC	N	1187
NC_045512.2	17030	A	T	15753	13098	37	1	1	34	6.34759e-05	15754	0.999985	FALSE	ORF1ab:cds-YP_009724389.1	AAT	N	ATT	I	1188
NC_045512.2	17032	G	-T	15817	13194	37	1	0	20	6.32231e-05	15817	1	FALSE	NA	NA	NA	NA	NA	NA
NC_045512.2	17033	T	C	15697	13080	37	1	1	34	6.37024e-05	15698	0.999985	FALSE	ORF1ab:cds-YP_009724389.1	GTT	V	GCT	A	1189
NC_045512.2	17034	T	C	15610	13012	37	1	1	34	6.40574e-05	15611	0.999985	FALSE	ORF1ab:cds-YP_009724389.1	GTT	V	GTC	V	1189
NC_045512.2	17035	G	T	15708	13090	37	1	1	26	6.36456e-05	15712	1	FALSE	ORF1ab:cds-YP_009724389.1	GCA	A	TCA	S	1190
NC_045512.2	17035	G	A	15708	13090	37	3	3	34	0.000190937	15712	0.999346	FALSE	ORF1ab:cds-YP_009724389.1	GCA	A	ACA	T	1190
NC_045512.2	17036	C	T	15772	13251	37	3	2	34	0.000190174	15775	0.999346	FALSE	ORF1ab:cds-YP_009724389.1	GCA	A	GTA	V	1190
NC_045512.2	17037	A	G	15313	12831	36	2	1	34	0.000130591	15315	0.999863	FALSE	ORF1ab:cds-YP_009724389.1	GCA	A	GCG	A	1190
NC_045512.2	17038	A	G	15559	13052	37	1	0	24	6.42674e-05	15560	1	FALSE	ORF1ab:cds-YP_009724389.1	AAT	N	GAT	D	1191
NC_045512.2	17039	A	G	15440	13088	36	1	1	34	6.47626e-05	15441	0.999985	FALSE	ORF1ab:cds-YP_009724389.1	AAT	N	AGT	S	1191
NC_045512.2	17040	T	C	15455	12960	37	1	0	34	6.46998e-05	15456	0.999985	FALSE	ORF1ab:cds-YP_009724389.1	AAT	N	AAC	N	1191
NC_045512.2	17041	T	C	14247	11786	36	2	2	34	0.000140341	14251	0.999741	FALSE	ORF1ab:cds-YP_009724389.1	TAT	Y	CAT	H	1192
NC_045512.2	17041	T	A	14247	11786	36	2	2	30	0.000140341	14251	0.999741	FALSE	ORF1ab:cds-YP_009724389.1	TAT	Y	AAT	N	1192
NC_045512.2	17042	A	G	15328	12881	36	1	1	34	6.52188e-05	15333	0.999985	FALSE	ORF1ab:cds-YP_009724389.1	TAT	Y	TGT	C	1192
NC_045512.2	17042	A	C	15328	12881	36	4	4	34	0.000260875	15333	0.997793	FALSE	ORF1ab:cds-YP_009724389.1	TAT	Y	TCT	S	1192
NC_045512.2	17044	C	T	15439	12979	37	2	2	30	0.000129525	15441	0.999863	FALSE	ORF1ab:cds-YP_009724389.1	CAA	Q	TAA	*	1193
NC_045512.2	17044	C	-A	15439	12979	37	1	0	20	6.47626e-05	15441	1	FALSE	NA	NA	NA	NA	NA	NA
NC_045512.2	17045	A	G	15381	12954	36	1	1	26	6.50111e-05	15382	1	FALSE	ORF1ab:cds-YP_009724389.1	CAA	Q	CGA	R	1193
NC_045512.2	17046	A	G	15065	12823	36	11	10	37	0.000729588	15077	0.836635	FALSE	ORF1ab:cds-YP_009724389.1	CAA	Q	CAG	Q	1193
NC_045512.2	17046	A	C	15065	12823	36	1	1	34	6.63262e-05	15077	0.999985	FALSE	ORF1ab:cds-YP_009724389.1	CAA	Q	CAC	H	1193
NC_045512.2	17047	A	G	14880	12744	35	1	1	34	6.71953e-05	14882	0.99997	FALSE	ORF1ab:cds-YP_009724389.1	AAG	K	GAG	E	1194
NC_045512.2	17047	A	C	14880	12744	35	1	1	26	6.71953e-05	14882	1	FALSE	ORF1ab:cds-YP_009724389.1	AAG	K	CAG	Q	1194
NC_045512.2	17049	G	T	15228	13350	34	2	2	34	0.000131303	15232	0.999863	FALSE	ORF1ab:cds-YP_009724389.1	AAG	K	AAT	N	1194
NC_045512.2	17049	G	C	15228	13350	34	2	2	34	0.000131303	15232	0.999863	FALSE	ORF1ab:cds-YP_009724389.1	AAG	K	AAC	N	1194
NC_045512.2	17050	G	A	15307	13483	35	2	2	30	0.000130642	15309	0.999863	FALSE	ORF1ab:cds-YP_009724389.1	GTT	V	ATT	I	1195
NC_045512.2	17052	T	C	14251	12481	34	6	6	34	0.000420846	14257	0.979348	FALSE	ORF1ab:cds-YP_009724389.1	GTT	V	GTC	V	1195
NC_045512.2	17053	G	T	14477	12782	34	2	2	34	0.000138064	14486	0.999741	FALSE	ORF1ab:cds-YP_009724389.1	GGT	G	TGT	C	1196
NC_045512.2	17053	G	C	14477	12782	34	7	6	32	0.000483225	14486	0.960863	FALSE	ORF1ab:cds-YP_009724389.1	GGT	G	CGT	R	1196
NC_045512.2	17054	G	C	14940	13229	34	1	1	26	6.69254e-05	14942	1	FALSE	ORF1ab:cds-YP_009724389.1	GGT	G	GCT	A	1196
NC_045512.2	17054	G	A	14940	13229	34	1	0	34	6.69254e-05	14942	0.99997	FALSE	ORF1ab:cds-YP_009724389.1	GGT	G	GAT	D	1196
NC_045512.2	17056	A	G	14919	13262	34	2	2	34	0.000134039	14921	0.999742	FALSE	ORF1ab:cds-YP_009724389.1	ATG	M	GTG	V	1197
NC_045512.2	17057	T	C	14820	13192	34	3	3	31	0.000202388	14823	0.998829	FALSE	ORF1ab:cds-YP_009724389.1	ATG	M	ACG	T	1197
NC_045512.2	17058	G	T	14718	13107	34	1	1	26	6.79256e-05	14722	1	FALSE	ORF1ab:cds-YP_009724389.1	ATG	M	ATT	I	1197
NC_045512.2	17058	G	A	14718	13107	34	3	3	34	0.000203777	14722	0.998828	FALSE	ORF1ab:cds-YP_009724389.1	ATG	M	ATA	I	1197
NC_045512.2	17059	C	T	14665	13187	34	2	1	34	0.000136342	14669	0.999741	FALSE	ORF1ab:cds-YP_009724389.1	CAA	Q	TAA	*	1198
NC_045512.2	17059	C	G	14665	13187	34	1	1	34	6.8171e-05	14669	0.99997	FALSE	ORF1ab:cds-YP_009724389.1	CAA	Q	GAA	E	1198
NC_045512.2	17059	C	A	14665	13187	34	1	1	34	6.8171e-05	14669	0.99997	FALSE	ORF1ab:cds-YP_009724389.1	CAA	Q	AAA	K	1198
NC_045512.2	17060	A	T	14528	13040	34	1	1	24	6.88279e-05	14529	1	FALSE	ORF1ab:cds-YP_009724389.1	CAA	Q	CTA	L	1198
NC_045512.2	17061	A	G	14574	13081	34	1	1	34	6.86059e-05	14576	0.99997	FALSE	ORF1ab:cds-YP_009724389.1	CAA	Q	CAG	Q	1198
NC_045512.2	17061	A	C	14574	13081	34	1	1	26	6.86059e-05	14576	1	FALSE	ORF1ab:cds-YP_009724389.1	CAA	Q	CAC	H	1198
NC_045512.2	17063	A	T	14315	12837	34	3	3	28	0.000209307	14333	1	FALSE	ORF1ab:cds-YP_009724389.1	AAG	K	ATG	M	1199
NC_045512.2	17063	A	C	14315	12837	34	15	15	32	0.00104654	14333	0.499849	FALSE	ORF1ab:cds-YP_009724389.1	AAG	K	ACG	T	1199
NC_045512.2	17065	T	C	13586	12183	34	2	2	34	0.000147167	13590	0.999513	FALSE	ORF1ab:cds-YP_009724389.1	TAT	Y	CAT	H	1200
NC_045512.2	17065	T	A	13586	12183	34	2	2	26	0.000147167	13590	1	FALSE	ORF1ab:cds-YP_009724389.1	TAT	Y	AAT	N	1200
NC_045512.2	17066	A	T	14283	12861	34	1	1	26	6.99986e-05	14286	1	FALSE	ORF1ab:cds-YP_009724389.1	TAT	Y	TTT	F	1200
NC_045512.2	17066	A	G	14283	12861	34	2	2	30	0.000139997	14286	0.999741	FALSE	ORF1ab:cds-YP_009724389.1	TAT	Y	TGT	C	1200
NC_045512.2	17068	T	C	13703	12296	34	9	9	28	0.000656359	13712	1	FALSE	ORF1ab:cds-YP_009724389.1	TCT	S	CCT	P	1201
NC_045512.2	17071	A	G	13640	12249	34	2	2	34	0.000146606	13642	0.999513	FALSE	ORF1ab:cds-YP_009724389.1	ACA	T	GCA	A	1202
NC_045512.2	17072	C	T	13664	12343	34	1	1	34	7.31689e-05	13667	0.999939	FALSE	ORF1ab:cds-YP_009724389.1	ACA	T	ATA	I	1202
NC_045512.2	17072	C	G	13664	12343	34	1	0	34	7.31689e-05	13667	0.999939	FALSE	ORF1ab:cds-YP_009724389.1	ACA	T	AGA	R	1202
NC_045512.2	17072	C	A	13664	12343	34	1	1	34	7.31689e-05	13667	0.999939	FALSE	ORF1ab:cds-YP_009724389.1	ACA	T	AAA	K	1202
NC_045512.2	17074	C	A	12832	11838	34	1	1	34	7.79241e-05	12833	0.999878	FALSE	ORF1ab:cds-YP_009724389.1	CTC	L	ATC	I	1203
NC_045512.2	17076	C	A	12012	11013	34	1	0	26	8.32432e-05	12013	1	FALSE	ORF1ab:cds-YP_009724389.1	CTC	L	CTA	L	1203
NC_045512.2	17077	C	T	11880	10881	34	1	1	34	8.4168e-05	11881	0.999757	FALSE	ORF1ab:cds-YP_009724389.1	CAG	Q	TAG	*	1204
NC_045512.2	17078	A	T	11263	10260	34	1	1	34	8.87469e-05	11268	0.999756	FALSE	ORF1ab:cds-YP_009724389.1	CAG	Q	CTG	L	1204
NC_045512.2	17078	A	G	11263	10260	34	4	4	34	0.000354988	11268	0.982451	FALSE	ORF1ab:cds-YP_009724389.1	CAG	Q	CGG	R	1204
NC_045512.2	17085	A	C	1076	221	40	284	59	40	0.208824	1360	2.37772e-93	TRUE	ORF1ab:cds-YP_009724389.1	CCA	P	CCC	P	1206
NC_045512.2	17089	G	T	1371	280	40	1	0	34	0.000728863	1372	0.750273	FALSE	ORF1ab:cds-YP_009724389.1	GGT	G	TGT	C	1208
NC_045512.2	17099	A	G	1463	359	42	1	0	34	0.00068306	1464	0.750256	FALSE	ORF1ab:cds-YP_009724389.1	AAG	K	AGG	R	1211
NC_045512.2	17101	A	G	1181	400	39	1	1	60	0.000846024	1182	0.500212	FALSE	ORF1ab:cds-YP_009724389.1	AGT	S	GGT	G	1212
NC_045512.2	17105	A	C	1233	434	39	1	1	34	0.000810373	1234	0.750304	FALSE	ORF1ab:cds-YP_009724389.1	CAT	H	CCT	P	1213
NC_045512.2	17109	T	C	1205	448	39	1	0	34	0.000829187	1206	0.750311	FALSE	ORF1ab:cds-YP_009724389.1	TTT	F	TTC	F	1214
NC_045512.2	17122	G	T	1231	466	38	1	0	34	0.000811688	1232	0.750305	FALSE	ORF1ab:cds-YP_009724389.1	GCT	A	TCT	S	1219
NC_045512.2	17131	T	C	1294	487	38	2	0	34	0.00154321	1296	0.50029	FALSE	ORF1ab:cds-YP_009724389.1	TAC	Y	CAC	H	1222
NC_045512.2	17144	G	A	1340	602	40	1	1	34	0.000745712	1341	0.75028	FALSE	ORF1ab:cds-YP_009724389.1	CGC	R	CAC	H	1226
NC_045512.2	17151	G	A	1610	620	40	1	0	34	0.000620732	1611	0.750233	FALSE	ORF1ab:cds-YP_009724389.1	GTG	V	GTA	V	1228
NC_045512.2	17155	A	C	1572	604	39	1	1	34	0.000635728	1573	0.750238	FALSE	ORF1ab:cds-YP_009724389.1	ACA	T	CCA	P	1230
NC_045512.2	17156	C	T	1579	609	39	1	0	34	0.000632911	1580	0.750237	FALSE	ORF1ab:cds-YP_009724389.1	ACA	T	ATA	I	1230
NC_045512.2	17167	C	A	1381	541	40	1	1	68	0.000723589	1382	0.500181	FALSE	ORF1ab:cds-YP_009724389.1	CAT	H	AAT	N	1234
NC_045512.2	17174	C	A	1297	581	39	1	0	34	0.000770416	1298	0.750289	FALSE	ORF1ab:cds-YP_009724389.1	GCT	A	GAT	D	1236
NC_045512.2	17176	G	T	1485	588	38	1	0	34	0.000672948	1486	0.750252	FALSE	ORF1ab:cds-YP_009724389.1	GTT	V	TTT	F	1237
NC_045512.2	17177	T	G	1435	532	37	1	0	34	0.000696379	1436	0.750261	FALSE	ORF1ab:cds-YP_009724389.1	GTT	V	GGT	G	1237
NC_045512.2	17178	T	G	1486	586	38	1	0	26	0.000672043	1488	0.999971	FALSE	ORF1ab:cds-YP_009724389.1	GTT	V	GTG	V	1237
NC_045512.2	17178	T	A	1486	586	38	1	0	26	0.000672043	1488	0.999971	FALSE	ORF1ab:cds-YP_009724389.1	GTT	V	GTA	V	1237
NC_045512.2	17181	T	G	1479	593	38	3	0	34	0.00202293	1483	0.312373	FALSE	ORF1ab:cds-YP_009724389.1	GAT	D	GAG	E	1238
NC_045512.2	17181	T	C	1479	593	38	1	0	34	0.000674309	1483	0.749747	FALSE	ORF1ab:cds-YP_009724389.1	GAT	D	GAC	D	1238
NC_045512.2	17183	C	T	1455	597	38	2	1	51	0.00137268	1457	0.250086	FALSE	ORF1ab:cds-YP_009724389.1	GCA	A	GTA	V	1239
NC_045512.2	17189	G	T	1404	564	37	1	0	34	0.000711744	1405	0.750267	FALSE	ORF1ab:cds-YP_009724389.1	TGT	C	TTT	F	1241
NC_045512.2	17203	A	G	1333	621	38	1	1	46	0.000749625	1334	0.500187	FALSE	ORF1ab:cds-YP_009724389.1	AAA	K	GAA	E	1246
NC_045512.2	17206	T	G	1292	599	38	1	0	34	0.000773395	1293	0.75029	FALSE	ORF1ab:cds-YP_009724389.1	TAT	Y	GAT	D	1247
NC_045512.2	17210	T	C	1364	674	39	2	1	47	0.00146413	1366	0.250092	FALSE	ORF1ab:cds-YP_009724389.1	TTG	L	TCG	S	1248
NC_045512.2	17218	G	T	1406	725	39	1	1	34	0.000710732	1407	0.750267	FALSE	ORF1ab:cds-YP_009724389.1	GAT	D	TAT	Y	1251
NC_045512.2	17220	T	C	1405	738	40	1	0	34	0.000711238	1406	0.750267	FALSE	ORF1ab:cds-YP_009724389.1	GAT	D	GAC	D	1251
NC_045512.2	17221	A	G	1410	764	40	1	0	34	0.000708717	1411	0.750266	FALSE	ORF1ab:cds-YP_009724389.1	AAA	K	GAA	E	1252
NC_045512.2	17222	A	G	1443	782	40	1	0	34	0.000692521	1444	0.75026	FALSE	ORF1ab:cds-YP_009724389.1	AAA	K	AGA	R	1252
NC_045512.2	17236	A	G	1329	808	40	167	121	40	0.111631	1496	4.18013e-53	TRUE	ORF1ab:cds-YP_009724389.1	ATA	I	GTA	V	1257
NC_045512.2	17240	C	A	1458	907	40	1	1	26	0.000685401	1459	0.999971	FALSE	ORF1ab:cds-YP_009724389.1	CCT	P	CAT	H	1258
NC_045512.2	17251	C	A	1339	994	39	1	1	68	0.000746269	1340	0.500187	FALSE	ORF1ab:cds-YP_009724389.1	CGT	R	AGT	S	1262
NC_045512.2	17269	A	G	1237	949	38	1	1	34	0.000807754	1238	0.750303	FALSE	ORF1ab:cds-YP_009724389.1	AAA	K	GAA	E	1268
NC_045512.2	17276	A	C	1238	931	39	1	1	68	0.000807103	1239	0.500202	FALSE	ORF1ab:cds-YP_009724389.1	AAA	K	ACA	T	1270
NC_045512.2	17277	A	T	1145	974	37	1	1	26	0.0008726	1146	0.999764	FALSE	ORF1ab:cds-YP_009724389.1	AAA	K	AAT	N	1270
NC_045512.2	17279	T	C	1166	993	37	1	1	34	0.000856898	1167	0.750321	FALSE	ORF1ab:cds-YP_009724389.1	GTG	V	GCG	A	1271
NC_045512.2	17282	A	C	1159	991	37	1	1	34	0.000862069	1160	0.750323	FALSE	ORF1ab:cds-YP_009724389.1	AAT	N	ACT	T	1272
NC_045512.2	17287	A	G	1212	1067	37	1	1	34	0.000824402	1213	0.750309	FALSE	ORF1ab:cds-YP_009724389.1	ACA	T	GCA	A	1274
NC_045512.2	17292	A	C	1229	1097	36	1	1	34	0.000813008	1230	0.750305	FALSE	ORF1ab:cds-YP_009724389.1	TTA	L	TTC	F	1275
NC_045512.2	17293	G	C	1242	1108	36	2	2	30	0.00160772	1244	0.500302	FALSE	ORF1ab:cds-YP_009724389.1	GAA	E	CAA	Q	1276
NC_045512.2	17299	T	C	1127	1004	37	2	2	34	0.00177148	1129	0.500332	FALSE	ORF1ab:cds-YP_009724389.1	TAT	Y	CAT	H	1278
NC_045512.2	17301	T	C	1092	970	37	1	1	26	0.000914913	1093	0.999526	FALSE	ORF1ab:cds-YP_009724389.1	TAT	Y	TAC	Y	1278
NC_045512.2	17310	T	C	1075	956	38	1	1	26	0.000929368	1076	0.999527	FALSE	ORF1ab:cds-YP_009724389.1	TGT	C	TGC	C	1281
NC_045512.2	17314	G	T	995	877	38	1	0	26	0.00100402	996	0.99905	FALSE	ORF1ab:cds-YP_009724389.1	GTA	V	TTA	L	1283
NC_045512.2	17316	A	G	982	865	38	1	1	34	0.00101729	983	0.500254	FALSE	ORF1ab:cds-YP_009724389.1	GTA	V	GTG	V	1283
NC_045512.2	17317	A	T	969	852	38	1	1	26	0.00103093	970	0.999051	FALSE	ORF1ab:cds-YP_009724389.1	AAT	N	TAT	Y	1284
NC_045512.2	17320	G	C	971	866	37	1	1	34	0.00102881	972	0.500257	FALSE	ORF1ab:cds-YP_009724389.1	GCA	A	CCA	P	1285
NC_045512.2	17323	T	G	895	790	38	1	1	34	0.00111483	897	0.5	FALSE	ORF1ab:cds-YP_009724389.1	TTG	L	GTG	V	1286
NC_045512.2	17323	T	C	895	790	38	1	1	34	0.00111483	897	0.5	FALSE	ORF1ab:cds-YP_009724389.1	TTG	L	CTG	L	1286
NC_045512.2	17328	T	G	759	673	38	1	1	34	0.00131579	760	0.500329	FALSE	ORF1ab:cds-YP_009724389.1	CCT	P	CCG	P	1287
NC_045512.2	17333	C	T	734	671	37	2	2	30	0.0027137	737	0.24983	FALSE	ORF1ab:cds-YP_009724389.1	ACG	T	ATG	M	1289
NC_045512.2	17333	C	A	734	671	37	1	1	26	0.00135685	737	0.996147	FALSE	ORF1ab:cds-YP_009724389.1	ACG	T	AAG	K	1289
NC_045512.2	17340	A	G	635	578	36	1	1	34	0.00157233	636	0.500393	FALSE	ORF1ab:cds-YP_009724389.1	GCA	A	GCG	A	1291
NC_045512.2	17348	T	C	544	502	36	1	1	34	0.00183486	545	0.500459	FALSE	ORF1ab:cds-YP_009724389.1	GTT	V	GCT	A	1294
NC_045512.2	17351	T	C	18739	1401	34	1	0	34	5.33618e-05	18740	0.999998	FALSE	ORF1ab:cds-YP_009724389.1	GTC	V	GCC	A	1295
NC_045512.2	17355	T	C	19174	1565	34	2	0	34	0.000104292	19177	0.99999	FALSE	ORF1ab:cds-YP_009724389.1	TTT	F	TTC	F	1296
NC_045512.2	17355	T	A	19174	1565	34	1	0	26	5.21458e-05	19177	1	FALSE	ORF1ab:cds-YP_009724389.1	TTT	F	TTA	L	1296
NC_045512.2	17356	G	T	19313	1553	34	1	0	34	5.17759e-05	19314	0.999999	FALSE	ORF1ab:cds-YP_009724389.1	GAT	D	TAT	Y	1297
NC_045512.2	17357	A	G	19450	1556	34	2	0	26	0.000102817	19452	1	FALSE	ORF1ab:cds-YP_009724389.1	GAT	D	GGT	G	1297
NC_045512.2	17358	T	C	19339	1901	35	1	1	34	5.17063e-05	19340	0.999999	FALSE	ORF1ab:cds-YP_009724389.1	GAT	D	GAC	D	1297
NC_045512.2	17360	A	T	18551	1881	33	1	1	34	5.39025e-05	18552	0.999998	FALSE	ORF1ab:cds-YP_009724389.1	GAA	E	GTA	V	1298
NC_045512.2	17361	A	T	19625	1881	35	1	1	26	5.09243e-05	19637	1	FALSE	ORF1ab:cds-YP_009724389.1	GAA	E	GAT	D	1298
NC_045512.2	17361	A	G	19625	1881	35	11	0	31	0.000560167	19637	0.950696	FALSE	ORF1ab:cds-YP_009724389.1	GAA	E	GAG	E	1298
NC_045512.2	17362	A	T	19825	1895	35	3	2	31	0.000151301	19828	0.99994	FALSE	ORF1ab:cds-YP_009724389.1	ATT	I	TTT	F	1299
NC_045512.2	17363	T	G	19681	1976	35	2	0	30	0.0001016	19685	0.99999	FALSE	ORF1ab:cds-YP_009724389.1	ATT	I	AGT	S	1299
NC_045512.2	17363	T	A	19681	1976	35	2	0	34	0.0001016	19685	0.99999	FALSE	ORF1ab:cds-YP_009724389.1	ATT	I	AAT	N	1299
NC_045512.2	17364	T	C	19598	1986	35	3	0	34	0.000153053	19601	0.99994	FALSE	ORF1ab:cds-YP_009724389.1	ATT	I	ATC	I	1299
NC_045512.2	17365	T	G	19550	2029	35	1	0	34	5.11457e-05	19552	0.999999	FALSE	ORF1ab:cds-YP_009724389.1	TCA	S	GCA	A	1300
NC_045512.2	17365	T	C	19550	2029	35	1	0	34	5.11457e-05	19552	0.999999	FALSE	ORF1ab:cds-YP_009724389.1	TCA	S	CCA	P	1300
NC_045512.2	17366	C	T	19746	2029	35	2	1	51	0.00010125	19753	0.249943	FALSE	ORF1ab:cds-YP_009724389.1	TCA	S	TTA	L	1300
NC_045512.2	17366	C	G	19746	2029	35	2	0	34	0.00010125	19753	0.99999	FALSE	ORF1ab:cds-YP_009724389.1	TCA	S	TGA	*	1300
NC_045512.2	17366	C	A	19746	2029	35	3	1	34	0.000151876	19753	0.99994	FALSE	ORF1ab:cds-YP_009724389.1	TCA	S	TAA	*	1300
NC_045512.2	17367	A	G	19850	2021	36	3	0	45	0.000151111	19853	0.312509	FALSE	ORF1ab:cds-YP_009724389.1	TCA	S	TCG	S	1300
NC_045512.2	17368	A	G	19461	2013	35	6	0	32	0.000308198	19468	0.997967	FALSE	ORF1ab:cds-YP_009724389.1	ATG	M	GTG	V	1301
NC_045512.2	17368	A	C	19461	2013	35	1	0	34	5.13663e-05	19468	0.999999	FALSE	ORF1ab:cds-YP_009724389.1	ATG	M	CTG	L	1301
NC_045512.2	17369	T	G	19666	2013	36	4	0	34	0.000203324	19673	0.999757	FALSE	ORF1ab:cds-YP_009724389.1	ATG	M	AGG	R	1301
NC_045512.2	17369	T	C	19666	2013	36	1	0	34	5.08311e-05	19673	0.999999	FALSE	ORF1ab:cds-YP_009724389.1	ATG	M	ACG	T	1301
NC_045512.2	17369	T	A	19666	2013	36	2	0	34	0.000101662	19673	0.99999	FALSE	ORF1ab:cds-YP_009724389.1	ATG	M	AAG	K	1301
NC_045512.2	17370	G	T	20053	2071	36	4	0	30	0.000199402	20060	0.999862	FALSE	ORF1ab:cds-YP_009724389.1	ATG	M	ATT	I	1301
NC_045512.2	17370	G	A	20053	2071	36	3	0	31	0.000149551	20060	0.999967	FALSE	ORF1ab:cds-YP_009724389.1	ATG	M	ATA	I	1301
NC_045512.2	17371	G	T	20107	2092	36	2	0	30	9.94481e-05	20111	0.999995	FALSE	ORF1ab:cds-YP_009724389.1	GCC	A	TCC	S	1302
NC_045512.2	17371	G	A	20107	2092	36	2	1	51	9.94481e-05	20111	0.249981	FALSE	ORF1ab:cds-YP_009724389.1	GCC	A	ACC	T	1302
NC_045512.2	17372	C	G	20152	2087	36	12	1	28	0.000595091	20165	1	FALSE	ORF1ab:cds-YP_009724389.1	GCC	A	GGC	G	1302
NC_045512.2	17372	C	A	20152	2087	36	1	0	34	4.95909e-05	20165	1	FALSE	ORF1ab:cds-YP_009724389.1	GCC	A	GAC	D	1302
NC_045512.2	17374	A	G	20511	2133	36	4	1	42	0.00019497	20516	0.343739	FALSE	ORF1ab:cds-YP_009724389.1	ACA	T	GCA	A	1303
NC_045512.2	17374	A	C	20511	2133	36	1	0	34	4.87424e-05	20516	1	FALSE	ORF1ab:cds-YP_009724389.1	ACA	T	CCA	P	1303
NC_045512.2	17375	C	G	20669	2295	36	4	0	32	0.000193489	20673	0.999862	FALSE	ORF1ab:cds-YP_009724389.1	ACA	T	AGA	R	1303
NC_045512.2	17376	A	G	20371	2325	36	2	0	34	9.81691e-05	20373	0.999995	FALSE	ORF1ab:cds-YP_009724389.1	ACA	T	ACG	T	1303
NC_045512.2	17377	A	G	20937	2339	36	2	0	34	9.55155e-05	20939	0.999995	FALSE	ORF1ab:cds-YP_009724389.1	AAT	N	GAT	D	1304
NC_045512.2	17378	A	G	20298	2108	36	2	0	34	9.85222e-05	20300	0.999995	FALSE	ORF1ab:cds-YP_009724389.1	AAT	N	AGT	S	1304
NC_045512.2	17380	T	A	20645	2026	36	1	0	26	4.84355e-05	20646	1	FALSE	ORF1ab:cds-YP_009724389.1	TAT	Y	AAT	N	1305
NC_045512.2	17381	A	G	21028	2249	37	6	0	39	0.000285252	21034	0.999246	FALSE	ORF1ab:cds-YP_009724389.1	TAT	Y	TGT	C	1305
NC_045512.2	17382	T	G	21044	2108	36	3	0	34	0.000142518	21050	0.999982	FALSE	ORF1ab:cds-YP_009724389.1	TAT	Y	TAG	*	1305
NC_045512.2	17382	T	C	21044	2108	36	3	0	45	0.000142518	21050	0.499955	FALSE	ORF1ab:cds-YP_009724389.1	TAT	Y	TAC	Y	1305
NC_045512.2	17384	A	G	21535	2316	37	1	1	68	4.64317e-05	21537	0.5	FALSE	ORF1ab:cds-YP_009724389.1	GAT	D	GGT	G	1306
NC_045512.2	17384	A	C	21535	2316	37	1	1	27	4.64317e-05	21537	1	FALSE	ORF1ab:cds-YP_009724389.1	GAT	D	GCT	A	1306
NC_045512.2	17385	T	A	21225	1629	36	1	0	26	4.7112e-05	21226	1	FALSE	ORF1ab:cds-YP_009724389.1	GAT	D	GAA	E	1306
NC_045512.2	17386	T	A	21414	2001	36	1	1	26	4.66962e-05	21415	1	FALSE	ORF1ab:cds-YP_009724389.1	TTG	L	ATG	M	1307
NC_045512.2	17387	T	C	21721	2433	37	1	0	34	4.60342e-05	21723	1	FALSE	ORF1ab:cds-YP_009724389.1	TTG	L	TCG	S	1307
NC_045512.2	17387	T	A	21721	2433	37	1	0	26	4.60342e-05	21723	1	FALSE	ORF1ab:cds-YP_009724389.1	TTG	L	TAG	*	1307
NC_045512.2	17388	G	A	22176	2447	37	2	0	34	9.01795e-05	22178	0.999999	FALSE	ORF1ab:cds-YP_009724389.1	TTG	L	TTA	L	1307
NC_045512.2	17389	A	T	22312	2539	38	4	0	34	0.000179219	22319	0.999956	FALSE	ORF1ab:cds-YP_009724389.1	AGT	S	TGT	C	1308
NC_045512.2	17389	A	G	22312	2539	38	2	0	34	8.96097e-05	22319	0.999999	FALSE	ORF1ab:cds-YP_009724389.1	AGT	S	GGT	G	1308
NC_045512.2	17389	A	C	22312	2539	38	1	0	24	4.48049e-05	22319	1	FALSE	ORF1ab:cds-YP_009724389.1	AGT	S	CGT	R	1308
NC_045512.2	17390	G	T	22250	2195	37	1	0	34	4.49398e-05	22252	1	FALSE	ORF1ab:cds-YP_009724389.1	AGT	S	ATT	I	1308
NC_045512.2	17390	G	A	22250	2195	37	1	0	34	4.49398e-05	22252	1	FALSE	ORF1ab:cds-YP_009724389.1	AGT	S	AAT	N	1308
NC_045512.2	17391	T	G	22460	2807	38	1	0	46	4.45177e-05	22463	0.875	FALSE	ORF1ab:cds-YP_009724389.1	AGT	S	AGG	R	1308
NC_045512.2	17391	T	C	22460	2807	38	2	0	34	8.90353e-05	22463	0.999999	FALSE	ORF1ab:cds-YP_009724389.1	AGT	S	AGC	S	1308
NC_045512.2	17392	G	A	22868	2838	38	2	0	30	8.74508e-05	22870	0.999999	FALSE	ORF1ab:cds-YP_009724389.1	GTT	V	ATT	I	1309
NC_045512.2	17394	T	C	22768	2834	38	3	0	31	0.000131747	22771	0.99999	FALSE	ORF1ab:cds-YP_009724389.1	GTT	V	GTC	V	1309
NC_045512.2	17395	G	T	23676	2941	38	3	0	31	0.000126684	23681	0.999995	FALSE	ORF1ab:cds-YP_009724389.1	GTC	V	TTC	F	1310
NC_045512.2	17395	G	A	23676	2941	38	2	0	51	8.44559e-05	23681	0.249974	FALSE	ORF1ab:cds-YP_009724389.1	GTC	V	ATC	I	1310
NC_045512.2	17396	T	G	23035	2951	38	1	0	27	4.33971e-05	23043	1	FALSE	ORF1ab:cds-YP_009724389.1	GTC	V	GGC	G	1310
NC_045512.2	17396	T	C	23035	2951	38	7	1	37	0.00030378	23043	0.999287	FALSE	ORF1ab:cds-YP_009724389.1	GTC	V	GCC	A	1310
NC_045512.2	17397	C	T	23755	3015	39	3	0	34	0.000126273	23758	0.999995	FALSE	ORF1ab:cds-YP_009724389.1	GTC	V	GTT	V	1310
NC_045512.2	17398	A	G	23506	3006	38	2	0	34	8.50774e-05	23508	0.999999	FALSE	ORF1ab:cds-YP_009724389.1	AAT	N	GAT	D	1311
NC_045512.2	17399	A	T	23037	3053	38	2	1	30	8.6798e-05	23042	0.999999	FALSE	ORF1ab:cds-YP_009724389.1	AAT	N	ATT	I	1311
NC_045512.2	17399	A	G	23037	3053	38	2	0	34	8.6798e-05	23042	0.999999	FALSE	ORF1ab:cds-YP_009724389.1	AAT	N	AGT	S	1311
NC_045512.2	17399	A	C	23037	3053	38	1	0	34	4.3399e-05	23042	1	FALSE	ORF1ab:cds-YP_009724389.1	AAT	N	ACT	T	1311
NC_045512.2	17400	T	C	24506	3061	38	1	0	46	4.08047e-05	24507	0.875015	FALSE	ORF1ab:cds-YP_009724389.1	AAT	N	AAC	N	1311
NC_045512.2	17401	G	T	24633	3061	38	1	0	34	4.0591e-05	24636	1	FALSE	ORF1ab:cds-YP_009724389.1	GCC	A	TCC	S	1312
NC_045512.2	17401	G	A	24633	3061	38	2	0	34	8.1182e-05	24636	1	FALSE	ORF1ab:cds-YP_009724389.1	GCC	A	ACC	T	1312
NC_045512.2	17402	C	T	24466	3110	38	3	0	34	0.000122604	24469	0.999997	FALSE	ORF1ab:cds-YP_009724389.1	GCC	A	GTC	V	1312
NC_045512.2	17403	C	T	24754	3113	39	1	0	34	4.03959e-05	24755	1	FALSE	ORF1ab:cds-YP_009724389.1	GCC	A	GCT	A	1312
NC_045512.2	17404	A	G	24656	3117	38	4	0	42	0.000162206	24660	0.34376	FALSE	ORF1ab:cds-YP_009724389.1	AGA	R	GGA	G	1313
NC_045512.2	17405	G	T	25225	3133	39	1	0	34	3.96416e-05	25226	1	FALSE	ORF1ab:cds-YP_009724389.1	AGA	R	ATA	I	1313
NC_045512.2	17406	A	T	25508	3165	37	1	0	26	3.92019e-05	25509	1	FALSE	ORF1ab:cds-YP_009724389.1	AGA	R	AGT	S	1313
NC_045512.2	17407	T	C	26580	3335	39	1	0	20	3.76209e-05	26581	1	FALSE	ORF1ab:cds-YP_009724389.1	TTA	L	CTA	L	1314
NC_045512.2	17408	T	G	26110	3339	39	2	0	30	7.65785e-05	26117	1	FALSE	ORF1ab:cds-YP_009724389.1	TTA	L	TGA	*	1314
NC_045512.2	17408	T	C	26110	3339	39	1	0	34	3.82892e-05	26117	1	FALSE	ORF1ab:cds-YP_009724389.1	TTA	L	TCA	S	1314
NC_045512.2	17408	T	A	26110	3339	39	4	0	32	0.000153157	26117	0.999996	FALSE	ORF1ab:cds-YP_009724389.1	TTA	L	TAA	*	1314
NC_045512.2	17409	A	G	26525	3350	38	4	0	32	0.000150778	26529	0.999996	FALSE	ORF1ab:cds-YP_009724389.1	TTA	L	TTG	L	1314
NC_045512.2	17410	C	T	0	0	0	26407	3349	38	0.999924	26409	0	TRUE	ORF1ab:cds-YP_009724389.1	CGT	R	TGT	C	1315
NC_045512.2	17410	C	A	0	0	0	2	0	34	7.57318e-05	26409	1.08393e-06	TRUE	ORF1ab:cds-YP_009724389.1	CGT	R	AGT	S	1315
NC_045512.2	17411	G	T	27631	3368	39	4	0	30	0.000144734	27637	0.999998	FALSE	ORF1ab:cds-YP_009724389.1	CGT	R	CTT	L	1315
NC_045512.2	17411	G	C	27631	3368	39	1	1	34	3.61834e-05	27637	1	FALSE	ORF1ab:cds-YP_009724389.1	CGT	R	CCT	P	1315
NC_045512.2	17411	G	A	27631	3368	39	1	1	60	3.61834e-05	27637	0.499964	FALSE	ORF1ab:cds-YP_009724389.1	CGT	R	CAT	H	1315
NC_045512.2	17412	T	G	27031	3382	38	1	0	34	3.69836e-05	27039	1	FALSE	ORF1ab:cds-YP_009724389.1	CGT	R	CGG	R	1315
NC_045512.2	17412	T	C	27031	3382	38	7	0	34	0.000258885	27039	0.999903	FALSE	ORF1ab:cds-YP_009724389.1	CGT	R	CGC	R	1315
NC_045512.2	17413	G	T	29372	3421	38	6	0	28	0.000204228	29379	1	FALSE	ORF1ab:cds-YP_009724389.1	GCT	A	TCT	S	1316
NC_045512.2	17413	G	A	29372	3421	38	1	0	34	3.40379e-05	29379	1	FALSE	ORF1ab:cds-YP_009724389.1	GCT	A	ACT	T	1316
NC_045512.2	17414	C	G	29271	3444	38	3	0	34	0.000102477	29275	1	FALSE	ORF1ab:cds-YP_009724389.1	GCT	A	GGT	G	1316
NC_045512.2	17414	C	A	29271	3444	38	1	0	26	3.41588e-05	29275	1	FALSE	ORF1ab:cds-YP_009724389.1	GCT	A	GAT	D	1316
NC_045512.2	17415	T	C	29427	3424	38	1	0	34	3.39812e-05	29428	1	FALSE	ORF1ab:cds-YP_009724389.1	GCT	A	GCC	A	1316
NC_045512.2	17416	A	G	29685	3437	38	3	1	34	0.000101051	29688	1	FALSE	ORF1ab:cds-YP_009724389.1	AAG	K	GAG	E	1317
NC_045512.2	17418	G	T	31259	3462	38	4	0	32	0.000127934	31266	1	FALSE	ORF1ab:cds-YP_009724389.1	AAG	K	AAT	N	1317
NC_045512.2	17418	G	A	31259	3462	38	3	2	54	9.59509e-05	31266	0.124976	FALSE	ORF1ab:cds-YP_009724389.1	AAG	K	AAA	K	1317
NC_045512.2	17419	C	A	31403	4813	41	3	1	48	9.55231e-05	31406	0.656272	FALSE	ORF1ab:cds-YP_009724389.1	CAC	H	AAC	N	1318
NC_045512.2	17420	A	G	31538	4797	41	1	0	34	3.17068e-05	31539	1	FALSE	ORF1ab:cds-YP_009724389.1	CAC	H	CGC	R	1318
NC_045512.2	17421	C	T	32986	4891	41	5	0	34	0.000151556	32991	0.999999	FALSE	ORF1ab:cds-YP_009724389.1	CAC	H	CAT	H	1318
NC_045512.2	17422	T	G	32856	4884	41	2	0	30	6.08587e-05	32863	1	FALSE	ORF1ab:cds-YP_009724389.1	TAT	Y	GAT	D	1319
NC_045512.2	17422	T	C	32856	4884	41	5	0	34	0.000152147	32863	0.999999	FALSE	ORF1ab:cds-YP_009724389.1	TAT	Y	CAT	H	1319
NC_045512.2	17423	A	T	35181	4979	40	1	0	26	2.84212e-05	35185	1	FALSE	ORF1ab:cds-YP_009724389.1	TAT	Y	TTT	F	1319
NC_045512.2	17423	A	G	35181	4979	40	3	1	45	8.52636e-05	35185	0.656257	FALSE	ORF1ab:cds-YP_009724389.1	TAT	Y	TGT	C	1319
NC_045512.2	17424	T	C	35570	5052	40	1	0	68	2.8112e-05	35572	0.5	FALSE	ORF1ab:cds-YP_009724389.1	TAT	Y	TAC	Y	1319
NC_045512.2	17424	T	A	35570	5052	40	1	0	34	2.8112e-05	35572	1	FALSE	ORF1ab:cds-YP_009724389.1	TAT	Y	TAA	*	1319
NC_045512.2	17425	G	T	37785	5144	40	3	0	34	7.93882e-05	37789	1	FALSE	ORF1ab:cds-YP_009724389.1	GTG	V	TTG	L	1320
NC_045512.2	17425	G	A	37785	5144	40	1	0	68	2.64627e-05	37789	0.499987	FALSE	ORF1ab:cds-YP_009724389.1	GTG	V	ATG	M	1320
NC_045512.2	17426	T	C	37560	5197	40	3	0	34	7.98616e-05	37565	1	FALSE	ORF1ab:cds-YP_009724389.1	GTG	V	GCG	A	1320
NC_045512.2	17426	T	A	37560	5197	40	2	0	30	5.3241e-05	37565	1	FALSE	ORF1ab:cds-YP_009724389.1	GTG	V	GAG	E	1320
NC_045512.2	17427	G	T	38516	5209	40	2	0	30	5.19211e-05	38520	1	FALSE	ORF1ab:cds-YP_009724389.1	GTG	V	GTT	V	1320
NC_045512.2	17427	G	A	38516	5209	40	2	0	34	5.19211e-05	38520	1	FALSE	ORF1ab:cds-YP_009724389.1	GTG	V	GTA	V	1320
NC_045512.2	17428	T	C	38267	5257	40	3	0	34	7.83904e-05	38270	1	FALSE	ORF1ab:cds-YP_009724389.1	TAC	Y	CAC	H	1321
NC_045512.2	17429	A	T	38484	5253	40	1	0	24	2.59808e-05	38490	1	FALSE	ORF1ab:cds-YP_009724389.1	TAC	Y	TTC	F	1321
NC_045512.2	17429	A	G	38484	5253	40	5	0	39	0.000129904	38490	1	FALSE	ORF1ab:cds-YP_009724389.1	TAC	Y	TGC	C	1321
NC_045512.2	17430	C	T	38685	5249	40	2	0	34	5.16943e-05	38689	1	FALSE	ORF1ab:cds-YP_009724389.1	TAC	Y	TAT	Y	1321
NC_045512.2	17430	C	G	38685	5249	40	2	0	30	5.16943e-05	38689	1	FALSE	ORF1ab:cds-YP_009724389.1	TAC	Y	TAG	*	1321
NC_045512.2	17431	A	T	38016	5104	40	1	0	26	2.63006e-05	38022	1	FALSE	ORF1ab:cds-YP_009724389.1	ATT	I	TTT	F	1322
NC_045512.2	17431	A	G	38016	5104	40	2	0	34	5.26011e-05	38022	1	FALSE	ORF1ab:cds-YP_009724389.1	ATT	I	GTT	V	1322
NC_045512.2	17431	A	C	38016	5104	40	3	0	34	7.89017e-05	38022	1	FALSE	ORF1ab:cds-YP_009724389.1	ATT	I	CTT	L	1322
NC_045512.2	17432	T	G	36682	5005	40	1	0	26	2.72584e-05	36686	1	FALSE	ORF1ab:cds-YP_009724389.1	ATT	I	AGT	S	1322
NC_045512.2	17432	T	C	36682	5005	40	3	0	34	8.17751e-05	36686	1	FALSE	ORF1ab:cds-YP_009724389.1	ATT	I	ACT	T	1322
NC_045512.2	17433	T	G	36196	5072	40	2	0	34	5.5241e-05	36205	1	FALSE	ORF1ab:cds-YP_009724389.1	ATT	I	ATG	M	1322
NC_045512.2	17433	T	C	36196	5072	40	7	2	37	0.000193343	36205	0.999999	FALSE	ORF1ab:cds-YP_009724389.1	ATT	I	ATC	I	1322
NC_045512.2	17434	G	T	36210	4965	40	3	1	45	8.28317e-05	36218	0.656205	FALSE	ORF1ab:cds-YP_009724389.1	GGC	G	TGC	C	1323
NC_045512.2	17434	G	A	36210	4965	40	5	2	47	0.000138053	36218	0.363243	FALSE	ORF1ab:cds-YP_009724389.1	GGC	G	AGC	S	1323
NC_045512.2	17435	G	T	36053	5028	40	1	0	34	2.77346e-05	36056	1	FALSE	ORF1ab:cds-YP_009724389.1	GGC	G	GTC	V	1323
NC_045512.2	17435	G	A	36053	5028	40	2	1	47	5.54693e-05	36056	0.812509	FALSE	ORF1ab:cds-YP_009724389.1	GGC	G	GAC	D	1323
NC_045512.2	17436	C	T	35084	5582	40	15	6	47	0.000427314	35103	0.00376327	TRUE	ORF1ab:cds-YP_009724389.1	GGC	G	GGT	G	1323
NC_045512.2	17436	C	G	35084	5582	40	2	0	34	5.69752e-05	35103	1	FALSE	ORF1ab:cds-YP_009724389.1	GGC	G	GGG	G	1323
NC_045512.2	17436	C	A	35084	5582	40	2	0	30	5.69752e-05	35103	1	FALSE	ORF1ab:cds-YP_009724389.1	GGC	G	GGA	G	1323
NC_045512.2	17437	G	A	35266	5593	40	5	0	36	0.00014176	35271	1	FALSE	ORF1ab:cds-YP_009724389.1	GAC	D	AAC	N	1324
NC_045512.2	17438	A	T	35449	5618	40	1	1	27	2.82072e-05	35452	1	FALSE	ORF1ab:cds-YP_009724389.1	GAC	D	GTC	V	1324
NC_045512.2	17438	A	G	35449	5618	40	2	1	34	5.64143e-05	35452	1	FALSE	ORF1ab:cds-YP_009724389.1	GAC	D	GGC	G	1324
NC_045512.2	17439	C	T	32927	6258	40	2	0	51	6.07349e-05	32930	0.249996	FALSE	ORF1ab:cds-YP_009724389.1	GAC	D	GAT	D	1324
NC_045512.2	17439	C	G	32927	6258	40	1	0	34	3.03674e-05	32930	1	FALSE	ORF1ab:cds-YP_009724389.1	GAC	D	GAG	E	1324
NC_045512.2	17440	C	A	31380	6606	39	2	0	34	6.37308e-05	31382	1	FALSE	ORF1ab:cds-YP_009724389.1	CCT	P	ACT	T	1325
NC_045512.2	17441	C	G	27967	7691	38	3	0	31	0.000107246	27973	1	FALSE	ORF1ab:cds-YP_009724389.1	CCT	P	CGT	R	1325
NC_045512.2	17441	C	A	27967	7691	38	3	0	31	0.000107246	27973	1	FALSE	ORF1ab:cds-YP_009724389.1	CCT	P	CAT	H	1325
NC_045512.2	17442	T	G	28526	8533	39	1	0	27	3.50484e-05	28532	1	FALSE	ORF1ab:cds-YP_009724389.1	CCT	P	CCG	P	1325
NC_045512.2	17442	T	C	28526	8533	39	5	1	34	0.000175242	28532	0.999995	FALSE	ORF1ab:cds-YP_009724389.1	CCT	P	CCC	P	1325
NC_045512.2	17443	G	T	28953	8507	39	2	0	30	6.90536e-05	28963	1	FALSE	ORF1ab:cds-YP_009724389.1	GCT	A	TCT	S	1326
NC_045512.2	17443	G	A	28953	8507	39	8	1	33	0.000276214	28963	0.999844	FALSE	ORF1ab:cds-YP_009724389.1	GCT	A	ACT	T	1326
NC_045512.2	17444	C	T	28736	8785	39	1	1	34	3.47983e-05	28737	1	FALSE	ORF1ab:cds-YP_009724389.1	GCT	A	GTT	V	1326
NC_045512.2	17445	T	C	28658	8661	38	8	4	45	0.000279076	28666	0.0546783	FALSE	ORF1ab:cds-YP_009724389.1	GCT	A	GCC	A	1326
NC_045512.2	17445	T	-C	28658	8661	38	1	0	20	3.48845e-05	28666	1	FALSE	NA	NA	NA	NA	NA	NA
NC_045512.2	17446	C	T	29353	8795	39	2	0	34	6.81292e-05	29356	1	FALSE	ORF1ab:cds-YP_009724389.1	CAA	Q	TAA	*	1327
NC_045512.2	17446	C	G	29353	8795	39	1	0	27	3.40646e-05	29356	1	FALSE	ORF1ab:cds-YP_009724389.1	CAA	Q	GAA	E	1327
NC_045512.2	17447	A	G	29333	8930	39	3	1	34	0.000102263	29336	1	FALSE	ORF1ab:cds-YP_009724389.1	CAA	Q	CGA	R	1327
NC_045512.2	17448	A	T	29448	9114	39	1	1	24	3.39501e-05	29455	1	FALSE	ORF1ab:cds-YP_009724389.1	CAA	Q	CAT	H	1327
NC_045512.2	17448	A	G	29448	9114	39	5	0	29	0.00016975	29455	1	FALSE	ORF1ab:cds-YP_009724389.1	CAA	Q	CAG	Q	1327
NC_045512.2	17448	A	C	29448	9114	39	1	1	27	3.39501e-05	29455	1	FALSE	ORF1ab:cds-YP_009724389.1	CAA	Q	CAC	H	1327
NC_045512.2	17449	T	C	29544	9142	39	1	1	24	3.38467e-05	29545	1	FALSE	ORF1ab:cds-YP_009724389.1	TTA	L	CTA	L	1328
NC_045512.2	17450	T	G	31499	9196	38	1	0	34	3.17349e-05	31511	1	FALSE	ORF1ab:cds-YP_009724389.1	TTA	L	TGA	*	1328
NC_045512.2	17450	T	C	31499	9196	38	11	2	33	0.000349084	31511	0.999531	FALSE	ORF1ab:cds-YP_009724389.1	TTA	L	TCA	S	1328
NC_045512.2	17451	A	T	31321	9149	38	1	1	34	3.19203e-05	31328	1	FALSE	ORF1ab:cds-YP_009724389.1	TTA	L	TTT	F	1328
NC_045512.2	17451	A	G	31321	9149	38	6	1	34	0.000191522	31328	0.999996	FALSE	ORF1ab:cds-YP_009724389.1	TTA	L	TTG	L	1328
NC_045512.2	17452	C	T	31454	9131	38	1	0	34	3.17914e-05	31455	1	FALSE	ORF1ab:cds-YP_009724389.1	CCT	P	TCT	S	1329
NC_045512.2	17453	C	T	31301	9226	38	2	0	51	6.38753e-05	31311	0.24994	FALSE	ORF1ab:cds-YP_009724389.1	CCT	P	CTT	L	1329
NC_045512.2	17453	C	G	31301	9226	38	5	0	29	0.000159688	31311	1	FALSE	ORF1ab:cds-YP_009724389.1	CCT	P	CGT	R	1329
NC_045512.2	17453	C	A	31301	9226	38	3	0	31	9.5813e-05	31311	1	FALSE	ORF1ab:cds-YP_009724389.1	CCT	P	CAT	H	1329
NC_045512.2	17454	T	G	31261	9140	38	2	0	30	6.39488e-05	31275	1	FALSE	ORF1ab:cds-YP_009724389.1	CCT	P	CCG	P	1329
NC_045512.2	17454	T	C	31261	9140	38	10	2	37	0.000319744	31275	0.999785	FALSE	ORF1ab:cds-YP_009724389.1	CCT	P	CCC	P	1329
NC_045512.2	17454	T	A	31261	9140	38	2	2	34	6.39488e-05	31275	1	FALSE	ORF1ab:cds-YP_009724389.1	CCT	P	CCA	P	1329
NC_045512.2	17455	G	T	31373	8947	38	2	0	26	6.37328e-05	31381	1	FALSE	ORF1ab:cds-YP_009724389.1	GCA	A	TCA	S	1330
NC_045512.2	17455	G	A	31373	8947	38	6	2	44	0.000191198	31381	0.253875	FALSE	ORF1ab:cds-YP_009724389.1	GCA	A	ACA	T	1330
NC_045512.2	17456	C	T	31771	9336	38	2	1	29	6.29465e-05	31773	1	FALSE	ORF1ab:cds-YP_009724389.1	GCA	A	GTA	V	1330
NC_045512.2	17457	A	G	31351	9263	38	3	2	45	9.56785e-05	31355	0.656257	FALSE	ORF1ab:cds-YP_009724389.1	GCA	A	GCG	A	1330
NC_045512.2	17457	A	C	31351	9263	38	1	1	27	3.18928e-05	31355	1	FALSE	ORF1ab:cds-YP_009724389.1	GCA	A	GCC	A	1330
NC_045512.2	17458	C	T	32047	9275	38	1	0	34	3.12003e-05	32051	1	FALSE	ORF1ab:cds-YP_009724389.1	CCA	P	TCA	S	1331
NC_045512.2	17458	C	A	32047	9275	38	3	3	29	9.36008e-05	32051	1	FALSE	ORF1ab:cds-YP_009724389.1	CCA	P	ACA	T	1331
NC_045512.2	17459	C	T	31389	8694	38	2	0	34	6.37105e-05	31392	1	FALSE	ORF1ab:cds-YP_009724389.1	CCA	P	CTA	L	1331
NC_045512.2	17459	C	G	31389	8694	38	1	0	34	3.18552e-05	31392	1	FALSE	ORF1ab:cds-YP_009724389.1	CCA	P	CGA	R	1331
NC_045512.2	17460	A	G	30374	8695	36	1	0	34	3.29218e-05	30375	1	FALSE	ORF1ab:cds-YP_009724389.1	CCA	P	CCG	P	1331
NC_045512.2	17461	C	T	31447	8746	38	4	2	32	0.000127182	31451	1	FALSE	ORF1ab:cds-YP_009724389.1	CGC	R	TGC	C	1332
NC_045512.2	17462	G	T	31384	8661	38	2	2	51	6.36963e-05	31399	0.2499	FALSE	ORF1ab:cds-YP_009724389.1	CGC	R	CTC	L	1332
NC_045512.2	17462	G	A	31384	8661	38	13	2	39	0.000414026	31399	0.998176	FALSE	ORF1ab:cds-YP_009724389.1	CGC	R	CAC	H	1332
NC_045512.2	17463	C	G	31366	8881	38	3	0	34	9.56358e-05	31369	1	FALSE	ORF1ab:cds-YP_009724389.1	CGC	R	CGG	R	1332
NC_045512.2	17464	A	T	29573	8479	37	2	0	34	6.76224e-05	29576	1	FALSE	ORF1ab:cds-YP_009724389.1	ACA	T	TCA	S	1333
NC_045512.2	17464	A	G	29573	8479	37	1	0	34	3.38112e-05	29576	1	FALSE	ORF1ab:cds-YP_009724389.1	ACA	T	GCA	A	1333
NC_045512.2	17465	C	T	31726	8841	38	2	0	34	6.30358e-05	31728	1	FALSE	ORF1ab:cds-YP_009724389.1	ACA	T	ATA	I	1333
NC_045512.2	17466	A	T	31049	8745	38	1	1	26	3.22051e-05	31051	1	FALSE	ORF1ab:cds-YP_009724389.1	ACA	T	ACT	T	1333
NC_045512.2	17466	A	G	31049	8745	38	1	0	34	3.22051e-05	31051	1	FALSE	ORF1ab:cds-YP_009724389.1	ACA	T	ACG	T	1333
NC_045512.2	17466	A	-T	31049	8745	38	1	0	20	3.22051e-05	31051	1	FALSE	NA	NA	NA	NA	NA	NA
NC_045512.2	17467	T	C	32115	8760	38	3	2	31	9.34056e-05	32118	1	FALSE	ORF1ab:cds-YP_009724389.1	TTG	L	CTG	L	1334
NC_045512.2	17468	T	C	32610	8792	38	2	0	34	6.13234e-05	32614	1	FALSE	ORF1ab:cds-YP_009724389.1	TTG	L	TCG	S	1334
NC_045512.2	17468	T	A	32610	8792	38	2	0	30	6.13234e-05	32614	1	FALSE	ORF1ab:cds-YP_009724389.1	TTG	L	TAG	*	1334
NC_045512.2	17469	G	T	32799	8716	38	1	0	26	3.04869e-05	32801	1	FALSE	ORF1ab:cds-YP_009724389.1	TTG	L	TTT	F	1334
NC_045512.2	17469	G	A	32799	8716	38	1	0	34	3.04869e-05	32801	1	FALSE	ORF1ab:cds-YP_009724389.1	TTG	L	TTA	L	1334
NC_045512.2	17470	C	T	32811	9285	39	2	0	34	6.09515e-05	32813	1	FALSE	ORF1ab:cds-YP_009724389.1	CTA	L	TTA	L	1335
NC_045512.2	17471	T	C	32683	9180	39	3	1	34	9.17824e-05	32686	1	FALSE	ORF1ab:cds-YP_009724389.1	CTA	L	CCA	P	1335
NC_045512.2	17472	A	G	33018	9084	38	3	1	34	9.08485e-05	33022	1	FALSE	ORF1ab:cds-YP_009724389.1	CTA	L	CTG	L	1335
NC_045512.2	17472	A	C	33018	9084	38	1	0	26	3.02828e-05	33022	1	FALSE	ORF1ab:cds-YP_009724389.1	CTA	L	CTC	L	1335
NC_045512.2	17473	A	G	27510	9216	37	4	1	40	0.000145365	27517	0.343707	FALSE	ORF1ab:cds-YP_009724389.1	ACT	T	GCT	A	1336
NC_045512.2	17473	A	C	27510	9216	37	3	0	34	0.000109024	27517	1	FALSE	ORF1ab:cds-YP_009724389.1	ACT	T	CCT	P	1336
NC_045512.2	17474	C	T	33272	9307	38	1	0	34	3.00544e-05	33273	1	FALSE	ORF1ab:cds-YP_009724389.1	ACT	T	ATT	I	1336
NC_045512.2	17475	T	G	33337	9544	39	1	0	34	2.9994e-05	33340	1	FALSE	ORF1ab:cds-YP_009724389.1	ACT	T	ACG	T	1336
NC_045512.2	17475	T	C	33337	9544	39	2	0	34	5.9988e-05	33340	1	FALSE	ORF1ab:cds-YP_009724389.1	ACT	T	ACC	T	1336
NC_045512.2	17477	A	G	30761	9056	38	1	1	68	3.25055e-05	30764	0.499992	FALSE	ORF1ab:cds-YP_009724389.1	AAG	K	AGG	R	1337
NC_045512.2	17477	A	C	30761	9056	38	2	1	23	6.50111e-05	30764	1	FALSE	ORF1ab:cds-YP_009724389.1	AAG	K	ACG	T	1337
NC_045512.2	17477	A	-G	30761	9056	38	1	0	20	3.25055e-05	30764	1	FALSE	NA	NA	NA	NA	NA	NA
NC_045512.2	17478	G	T	33156	9203	39	2	0	34	6.03154e-05	33159	1	FALSE	ORF1ab:cds-YP_009724389.1	AAG	K	AAT	N	1337
NC_045512.2	17478	G	A	33156	9203	39	1	0	34	3.01577e-05	33159	1	FALSE	ORF1ab:cds-YP_009724389.1	AAG	K	AAA	K	1337
NC_045512.2	17479	G	A	32775	9195	38	1	0	34	3.05101e-05	32776	1	FALSE	ORF1ab:cds-YP_009724389.1	GGC	G	AGC	S	1338
NC_045512.2	17480	G	T	32843	9225	38	1	0	26	3.04405e-05	32851	1	FALSE	ORF1ab:cds-YP_009724389.1	GGC	G	GTC	V	1338
NC_045512.2	17480	G	A	32843	9225	38	7	1	31	0.000213083	32851	0.999993	FALSE	ORF1ab:cds-YP_009724389.1	GGC	G	GAC	D	1338
NC_045512.2	17480	G	-CA	32843	9225	38	1	0	20	3.04405e-05	32851	1	FALSE	NA	NA	NA	NA	NA	NA
NC_045512.2	17481	C	T	32808	9228	39	7	2	37	0.000213311	32816	0.999993	FALSE	ORF1ab:cds-YP_009724389.1	GGC	G	GGT	G	1338
NC_045512.2	17481	C	A	32808	9228	39	1	0	34	3.04729e-05	32816	1	FALSE	ORF1ab:cds-YP_009724389.1	GGC	G	GGA	G	1338
NC_045512.2	17482	A	G	32633	8870	38	4	1	42	0.00012256	32637	0.5	FALSE	ORF1ab:cds-YP_009724389.1	ACA	T	GCA	A	1339
NC_045512.2	17483	C	T	33603	9227	39	1	0	34	2.97575e-05	33605	1	FALSE	ORF1ab:cds-YP_009724389.1	ACA	T	ATA	I	1339
NC_045512.2	17483	C	G	33603	9227	39	1	0	26	2.97575e-05	33605	1	FALSE	ORF1ab:cds-YP_009724389.1	ACA	T	AGA	R	1339
NC_045512.2	17484	A	G	33490	9110	38	2	0	34	5.97158e-05	33492	1	FALSE	ORF1ab:cds-YP_009724389.1	ACA	T	ACG	T	1339
NC_045512.2	17485	C	G	33418	9271	38	2	0	34	5.98444e-05	33420	1	FALSE	ORF1ab:cds-YP_009724389.1	CTA	L	GTA	V	1340
NC_045512.2	17486	T	C	33201	9213	38	3	0	45	9.03478e-05	33205	0.656257	FALSE	ORF1ab:cds-YP_009724389.1	CTA	L	CCA	P	1340
NC_045512.2	17486	T	A	33201	9213	38	1	1	26	3.01159e-05	33205	1	FALSE	ORF1ab:cds-YP_009724389.1	CTA	L	CAA	Q	1340
NC_045512.2	17487	A	T	32916	9223	38	1	0	24	3.03757e-05	32921	1	FALSE	ORF1ab:cds-YP_009724389.1	CTA	L	CTT	L	1340
NC_045512.2	17487	A	G	32916	9223	38	4	1	30	0.000121503	32921	1	FALSE	ORF1ab:cds-YP_009724389.1	CTA	L	CTG	L	1340
NC_045512.2	17488	G	T	33236	9196	39	3	1	34	9.025e-05	33241	1	FALSE	ORF1ab:cds-YP_009724389.1	GAA	E	TAA	*	1341
NC_045512.2	17488	G	C	33236	9196	39	2	2	30	6.01667e-05	33241	1	FALSE	ORF1ab:cds-YP_009724389.1	GAA	E	CAA	Q	1341
NC_045512.2	17489	A	T	32397	9519	38	3	3	30	9.25754e-05	32406	1	FALSE	ORF1ab:cds-YP_009724389.1	GAA	E	GTA	V	1341
NC_045512.2	17489	A	G	32397	9519	38	2	1	34	6.1717e-05	32406	1	FALSE	ORF1ab:cds-YP_009724389.1	GAA	E	GGA	G	1341
NC_045512.2	17489	A	C	32397	9519	38	4	4	32	0.000123434	32406	1	FALSE	ORF1ab:cds-YP_009724389.1	GAA	E	GCA	A	1341
NC_045512.2	17490	A	G	33587	9732	39	1	0	34	2.97725e-05	33588	1	FALSE	ORF1ab:cds-YP_009724389.1	GAA	E	GAG	E	1341
NC_045512.2	17491	C	G	33367	9763	39	1	0	34	2.9967e-05	33370	1	FALSE	ORF1ab:cds-YP_009724389.1	CCA	P	GCA	A	1342
NC_045512.2	17491	C	A	33367	9763	39	2	2	34	5.99341e-05	33370	1	FALSE	ORF1ab:cds-YP_009724389.1	CCA	P	ACA	T	1342
NC_045512.2	17492	C	G	32534	9290	39	1	0	34	3.07333e-05	32538	1	FALSE	ORF1ab:cds-YP_009724389.1	CCA	P	CGA	R	1342
NC_045512.2	17492	C	A	32534	9290	39	3	2	34	9.21999e-05	32538	1	FALSE	ORF1ab:cds-YP_009724389.1	CCA	P	CAA	Q	1342
NC_045512.2	17493	A	G	32351	9217	39	3	2	34	9.27185e-05	32356	1	FALSE	ORF1ab:cds-YP_009724389.1	CCA	P	CCG	P	1342
NC_045512.2	17493	A	C	32351	9217	39	2	0	30	6.18123e-05	32356	1	FALSE	ORF1ab:cds-YP_009724389.1	CCA	P	CCC	P	1342
NC_045512.2	17494	G	A	32771	9149	39	1	1	34	3.05139e-05	32772	1	FALSE	ORF1ab:cds-YP_009724389.1	GAA	E	AAA	K	1343
NC_045512.2	17495	A	T	32080	9738	38	2	1	51	6.23305e-05	32087	0.249965	FALSE	ORF1ab:cds-YP_009724389.1	GAA	E	GTA	V	1343
NC_045512.2	17495	A	G	32080	9738	38	5	2	43	0.000155826	32087	0.363256	FALSE	ORF1ab:cds-YP_009724389.1	GAA	E	GGA	G	1343
NC_045512.2	17496	A	G	33020	10353	39	2	0	34	6.0562e-05	33024	1	FALSE	ORF1ab:cds-YP_009724389.1	GAA	E	GAG	E	1343
NC_045512.2	17496	A	C	33020	10353	39	2	1	34	6.0562e-05	33024	1	FALSE	ORF1ab:cds-YP_009724389.1	GAA	E	GAC	D	1343
NC_045512.2	17497	T	G	31918	9558	39	8	0	28	0.000250556	31929	1	FALSE	ORF1ab:cds-YP_009724389.1	TAT	Y	GAT	D	1344
NC_045512.2	17497	T	C	31918	9558	39	1	0	34	3.13195e-05	31929	1	FALSE	ORF1ab:cds-YP_009724389.1	TAT	Y	CAT	H	1344
NC_045512.2	17497	T	A	31918	9558	39	2	0	30	6.2639e-05	31929	1	FALSE	ORF1ab:cds-YP_009724389.1	TAT	Y	AAT	N	1344
NC_045512.2	17498	A	G	32229	10727	39	1	0	34	3.1027e-05	32230	1	FALSE	ORF1ab:cds-YP_009724389.1	TAT	Y	TGT	C	1344
NC_045512.2	17499	T	G	33413	10695	39	1	0	26	2.99267e-05	33415	1	FALSE	ORF1ab:cds-YP_009724389.1	TAT	Y	TAG	*	1344
NC_045512.2	17499	T	C	33413	10695	39	1	0	34	2.99267e-05	33415	1	FALSE	ORF1ab:cds-YP_009724389.1	TAT	Y	TAC	Y	1344
NC_045512.2	17500	T	G	32946	10862	39	1	0	34	3.03509e-05	32948	1	FALSE	ORF1ab:cds-YP_009724389.1	TTC	F	GTC	V	1345
NC_045512.2	17500	T	C	32946	10862	39	1	0	34	3.03509e-05	32948	1	FALSE	ORF1ab:cds-YP_009724389.1	TTC	F	CTC	L	1345
NC_045512.2	17501	T	G	33010	10960	39	1	1	34	3.02847e-05	33020	1	FALSE	ORF1ab:cds-YP_009724389.1	TTC	F	TGC	C	1345
NC_045512.2	17501	T	C	33010	10960	39	8	2	37	0.000242277	33020	0.999987	FALSE	ORF1ab:cds-YP_009724389.1	TTC	F	TCC	S	1345
NC_045512.2	17501	T	A	33010	10960	39	1	0	26	3.02847e-05	33020	1	FALSE	ORF1ab:cds-YP_009724389.1	TTC	F	TAC	Y	1345
NC_045512.2	17502	C	T	33137	11288	40	3	1	34	9.05114e-05	33145	1	FALSE	ORF1ab:cds-YP_009724389.1	TTC	F	TTT	F	1345
NC_045512.2	17502	C	G	33137	11288	40	2	0	34	6.03409e-05	33145	1	FALSE	ORF1ab:cds-YP_009724389.1	TTC	F	TTG	L	1345
NC_045512.2	17502	C	A	33137	11288	40	3	0	31	9.05114e-05	33145	1	FALSE	ORF1ab:cds-YP_009724389.1	TTC	F	TTA	L	1345
NC_045512.2	17504	A	C	30903	11526	39	1	0	26	3.23583e-05	30904	1	FALSE	ORF1ab:cds-YP_009724389.1	AAT	N	ACT	T	1346
NC_045512.2	17505	T	C	32941	11398	39	4	0	38	0.000121414	32945	1	FALSE	ORF1ab:cds-YP_009724389.1	AAT	N	AAC	N	1346
NC_045512.2	17506	T	C	32908	11693	40	7	5	33	0.000212669	32915	0.999993	FALSE	ORF1ab:cds-YP_009724389.1	TCA	S	CCA	P	1347
NC_045512.2	17507	C	T	32127	11815	39	1	0	34	3.11236e-05	32130	1	FALSE	ORF1ab:cds-YP_009724389.1	TCA	S	TTA	L	1347
NC_045512.2	17507	C	G	32127	11815	39	1	0	34	3.11236e-05	32130	1	FALSE	ORF1ab:cds-YP_009724389.1	TCA	S	TGA	*	1347
NC_045512.2	17507	C	A	32127	11815	39	1	1	26	3.11236e-05	32130	1	FALSE	ORF1ab:cds-YP_009724389.1	TCA	S	TAA	*	1347
NC_045512.2	17508	A	G	31007	11374	39	5	0	34	0.000161223	31013	0.999999	FALSE	ORF1ab:cds-YP_009724389.1	TCA	S	TCG	S	1347
NC_045512.2	17508	A	C	31007	11374	39	1	0	34	3.22445e-05	31013	1	FALSE	ORF1ab:cds-YP_009724389.1	TCA	S	TCC	S	1347
NC_045512.2	17509	G	T	32395	11538	39	1	1	68	3.0868e-05	32396	0.500008	FALSE	ORF1ab:cds-YP_009724389.1	GTG	V	TTG	L	1348
NC_045512.2	17510	T	C	32655	12195	40	1	0	34	3.06213e-05	32657	1	FALSE	ORF1ab:cds-YP_009724389.1	GTG	V	GCG	A	1348
NC_045512.2	17510	T	A	32655	12195	40	1	0	68	3.06213e-05	32657	0.5	FALSE	ORF1ab:cds-YP_009724389.1	GTG	V	GAG	E	1348
NC_045512.2	17511	G	T	34706	12277	40	9	0	29	0.000259209	34721	1	FALSE	ORF1ab:cds-YP_009724389.1	GTG	V	GTT	V	1348
NC_045512.2	17511	G	C	34706	12277	40	2	2	34	5.7602e-05	34721	1	FALSE	ORF1ab:cds-YP_009724389.1	GTG	V	GTC	V	1348
NC_045512.2	17511	G	A	34706	12277	40	4	4	42	0.000115204	34721	0.499842	FALSE	ORF1ab:cds-YP_009724389.1	GTG	V	GTA	V	1348
NC_045512.2	17512	T	C	34059	12354	39	6	6	42	0.000176134	34065	0.253906	FALSE	ORF1ab:cds-YP_009724389.1	TGT	C	CGT	R	1349
NC_045512.2	17513	G	A	34176	12401	39	1	0	34	2.92594e-05	34177	1	FALSE	ORF1ab:cds-YP_009724389.1	TGT	C	TAT	Y	1349
NC_045512.2	17514	T	C	33193	12918	39	5	0	51	0.000150611	33198	0.0312476	FALSE	ORF1ab:cds-YP_009724389.1	TGT	C	TGC	C	1349
NC_045512.2	17515	A	G	32862	12750	39	2	1	34	6.08569e-05	32864	1	FALSE	ORF1ab:cds-YP_009724389.1	AGA	R	GGA	G	1350
NC_045512.2	17516	G	T	33355	12893	39	1	0	34	2.99796e-05	33356	1	FALSE	ORF1ab:cds-YP_009724389.1	AGA	R	ATA	I	1350
NC_045512.2	17517	A	T	32808	13298	39	2	0	34	6.09533e-05	32812	1	FALSE	ORF1ab:cds-YP_009724389.1	AGA	R	AGT	S	1350
NC_045512.2	17517	A	G	32808	13298	39	1	0	34	3.04767e-05	32812	1	FALSE	ORF1ab:cds-YP_009724389.1	AGA	R	AGG	R	1350
NC_045512.2	17517	A	C	32808	13298	39	1	1	27	3.04767e-05	32812	1	FALSE	ORF1ab:cds-YP_009724389.1	AGA	R	AGC	S	1350
NC_045512.2	17518	C	G	32395	13641	39	1	0	34	3.08671e-05	32397	1	FALSE	ORF1ab:cds-YP_009724389.1	CTT	L	GTT	V	1351
NC_045512.2	17518	C	A	32395	13641	39	1	1	34	3.08671e-05	32397	1	FALSE	ORF1ab:cds-YP_009724389.1	CTT	L	ATT	I	1351
NC_045512.2	17518	C	-T	32395	13641	39	1	0	20	3.08671e-05	32397	1	FALSE	NA	NA	NA	NA	NA	NA
NC_045512.2	17519	T	G	31708	13168	39	1	0	26	3.15328e-05	31713	1	FALSE	ORF1ab:cds-YP_009724389.1	CTT	L	CGT	R	1351
NC_045512.2	17519	T	C	31708	13168	39	3	2	45	9.45984e-05	31713	0.656228	FALSE	ORF1ab:cds-YP_009724389.1	CTT	L	CCT	P	1351
NC_045512.2	17519	T	A	31708	13168	39	1	0	34	3.15328e-05	31713	1	FALSE	ORF1ab:cds-YP_009724389.1	CTT	L	CAT	H	1351
NC_045512.2	17520	T	C	29381	10987	39	18	4	39	0.000612266	29399	0.960599	FALSE	ORF1ab:cds-YP_009724389.1	CTT	L	CTC	L	1351
NC_045512.2	17521	A	G	29328	10952	39	14	5	32	0.000477132	29342	0.99316	FALSE	ORF1ab:cds-YP_009724389.1	ATG	M	GTG	V	1352
NC_045512.2	17522	T	C	28667	11272	39	1	0	34	3.48821e-05	28668	1	FALSE	ORF1ab:cds-YP_009724389.1	ATG	M	ACG	T	1352
NC_045512.2	17523	G	A	28528	11239	39	1	0	60	3.50521e-05	28529	0.500009	FALSE	ORF1ab:cds-YP_009724389.1	ATG	M	ATA	I	1352
NC_045512.2	17523	G	-A	28528	11239	39	1	0	20	3.50521e-05	28529	1	FALSE	NA	NA	NA	NA	NA	NA
NC_045512.2	17524	A	T	28138	13051	39	1	1	26	3.55353e-05	28141	1	FALSE	ORF1ab:cds-YP_009724389.1	AAA	K	TAA	*	1353
NC_045512.2	17524	A	G	28138	13051	39	2	1	34	7.10707e-05	28141	1	FALSE	ORF1ab:cds-YP_009724389.1	AAA	K	GAA	E	1353
NC_045512.2	17525	A	C	27852	13052	39	1	1	34	3.59028e-05	27853	1	FALSE	ORF1ab:cds-YP_009724389.1	AAA	K	ACA	T	1353
NC_045512.2	17526	A	G	26645	13370	38	1	0	68	3.75291e-05	26646	0.500009	FALSE	ORF1ab:cds-YP_009724389.1	AAA	K	AAG	K	1353
NC_045512.2	17527	A	G	25254	13234	37	3	3	34	0.000118774	25258	0.999998	FALSE	ORF1ab:cds-YP_009724389.1	ACT	T	GCT	A	1354
NC_045512.2	17527	A	C	25254	13234	37	1	1	27	3.95914e-05	25258	1	FALSE	ORF1ab:cds-YP_009724389.1	ACT	T	CCT	P	1354
NC_045512.2	17529	T	A	25452	12092	37	1	1	26	3.92881e-05	25453	1	FALSE	ORF1ab:cds-YP_009724389.1	ACT	T	ACA	T	1354
NC_045512.2	17530	A	T	26334	13273	38	1	0	34	3.79694e-05	26337	1	FALSE	ORF1ab:cds-YP_009724389.1	ATA	I	TTA	L	1355
NC_045512.2	17530	A	G	26334	13273	38	1	1	34	3.79694e-05	26337	1	FALSE	ORF1ab:cds-YP_009724389.1	ATA	I	GTA	V	1355
NC_045512.2	17530	A	C	26334	13273	38	1	1	34	3.79694e-05	26337	1	FALSE	ORF1ab:cds-YP_009724389.1	ATA	I	CTA	L	1355
NC_045512.2	17531	T	C	26127	12847	38	2	1	51	7.65345e-05	26132	0.249976	FALSE	ORF1ab:cds-YP_009724389.1	ATA	I	ACA	T	1355
NC_045512.2	17531	T	A	26127	12847	38	3	3	31	0.000114802	26132	0.999999	FALSE	ORF1ab:cds-YP_009724389.1	ATA	I	AAA	K	1355
NC_045512.2	17532	A	T	26151	13410	38	3	0	28	0.000114675	26161	1	FALSE	ORF1ab:cds-YP_009724389.1	ATA	I	ATT	I	1355
NC_045512.2	17532	A	G	26151	13410	38	6	2	34	0.000229349	26161	0.999944	FALSE	ORF1ab:cds-YP_009724389.1	ATA	I	ATG	M	1355
NC_045512.2	17532	A	C	26151	13410	38	1	0	34	3.82248e-05	26161	1	FALSE	ORF1ab:cds-YP_009724389.1	ATA	I	ATC	I	1355
NC_045512.2	17534	G	T	27802	13713	38	4	0	28	0.000143854	27806	1	FALSE	ORF1ab:cds-YP_009724389.1	GGT	G	GTT	V	1356
NC_045512.2	17535	T	C	28727	15004	38	1	1	34	3.4808e-05	28729	1	FALSE	ORF1ab:cds-YP_009724389.1	GGT	G	GGC	G	1356
NC_045512.2	17535	T	A	28727	15004	38	1	0	34	3.4808e-05	28729	1	FALSE	ORF1ab:cds-YP_009724389.1	GGT	G	GGA	G	1356
NC_045512.2	17536	C	T	28825	15105	38	1	0	34	3.46873e-05	28829	1	FALSE	ORF1ab:cds-YP_009724389.1	CCA	P	TCA	S	1357
NC_045512.2	17536	C	A	28825	15105	38	3	3	26	0.000104062	28829	1	FALSE	ORF1ab:cds-YP_009724389.1	CCA	P	ACA	T	1357
NC_045512.2	17537	C	T	27931	14525	38	1	1	34	3.58012e-05	27932	1	FALSE	ORF1ab:cds-YP_009724389.1	CCA	P	CTA	L	1357
NC_045512.2	17538	A	T	28131	14508	38	1	1	26	3.55404e-05	28137	1	FALSE	ORF1ab:cds-YP_009724389.1	CCA	P	CCT	P	1357
NC_045512.2	17538	A	G	28131	14508	38	5	2	32	0.000177702	28137	0.999995	FALSE	ORF1ab:cds-YP_009724389.1	CCA	P	CCG	P	1357
NC_045512.2	17539	G	T	28352	14543	38	3	0	31	0.000105801	28355	1	FALSE	ORF1ab:cds-YP_009724389.1	GAC	D	TAC	Y	1358
NC_045512.2	17540	A	T	26854	15257	37	4	1	26	0.000148909	26862	1	FALSE	ORF1ab:cds-YP_009724389.1	GAC	D	GTC	V	1358
NC_045512.2	17540	A	C	26854	15257	37	4	4	30	0.000148909	26862	0.999996	FALSE	ORF1ab:cds-YP_009724389.1	GAC	D	GCC	A	1358
NC_045512.2	17541	C	T	28744	15331	38	2	1	51	6.95362e-05	28762	0.249865	FALSE	ORF1ab:cds-YP_009724389.1	GAC	D	GAT	D	1358
NC_045512.2	17541	C	G	28744	15331	38	11	0	29	0.000382449	28762	1	FALSE	ORF1ab:cds-YP_009724389.1	GAC	D	GAG	E	1358
NC_045512.2	17541	C	A	28744	15331	38	5	1	40	0.00017384	28762	0.226377	FALSE	ORF1ab:cds-YP_009724389.1	GAC	D	GAA	E	1358
NC_045512.2	17542	A	T	26883	15018	38	3	1	31	0.000111582	26886	0.999999	FALSE	ORF1ab:cds-YP_009724389.1	ATG	M	TTG	L	1359
NC_045512.2	17543	T	C	26366	13158	38	3	1	34	0.00011377	26369	0.999999	FALSE	ORF1ab:cds-YP_009724389.1	ATG	M	ACG	T	1359
NC_045512.2	17545	T	C	27266	14550	38	7	5	43	0.000256664	27273	0.0898347	FALSE	ORF1ab:cds-YP_009724389.1	TTC	F	CTC	L	1360
NC_045512.2	17546	T	C	27410	14668	39	1	1	68	3.64804e-05	27412	0.5	FALSE	ORF1ab:cds-YP_009724389.1	TTC	F	TCC	S	1360
NC_045512.2	17546	T	A	27410	14668	39	1	1	46	3.64804e-05	27412	0.875007	FALSE	ORF1ab:cds-YP_009724389.1	TTC	F	TAC	Y	1360
NC_045512.2	17547	C	T	27255	14779	38	1	0	34	3.66851e-05	27259	1	FALSE	ORF1ab:cds-YP_009724389.1	TTC	F	TTT	F	1360
NC_045512.2	17547	C	A	27255	14779	38	3	2	34	0.000110055	27259	1	FALSE	ORF1ab:cds-YP_009724389.1	TTC	F	TTA	L	1360
NC_045512.2	17549	T	C	27249	15165	39	3	1	45	0.000110084	27252	0.500017	FALSE	ORF1ab:cds-YP_009724389.1	CTC	L	CCC	P	1361
NC_045512.2	17550	C	T	26144	15662	38	1	1	26	3.82453e-05	26147	1	FALSE	ORF1ab:cds-YP_009724389.1	CTC	L	CTT	L	1361
NC_045512.2	17550	C	A	26144	15662	38	2	1	34	7.64906e-05	26147	1	FALSE	ORF1ab:cds-YP_009724389.1	CTC	L	CTA	L	1361
NC_045512.2	17551	G	C	26036	15592	38	1	1	34	3.84069e-05	26037	1	FALSE	ORF1ab:cds-YP_009724389.1	GGA	G	CGA	R	1362
NC_045512.2	17552	G	A	26110	15645	38	1	1	26	3.8298e-05	26111	1	FALSE	ORF1ab:cds-YP_009724389.1	GGA	G	GAA	E	1362
NC_045512.2	17553	A	T	25989	15493	38	1	1	26	3.84763e-05	25990	1	FALSE	ORF1ab:cds-YP_009724389.1	GGA	G	GGT	G	1362
NC_045512.2	17554	A	G	26014	15589	38	3	2	34	0.000115305	26018	0.999999	FALSE	ORF1ab:cds-YP_009724389.1	ACT	T	GCT	A	1363
NC_045512.2	17554	A	C	26014	15589	38	1	1	34	3.84349e-05	26018	1	FALSE	ORF1ab:cds-YP_009724389.1	ACT	T	CCT	P	1363
NC_045512.2	17555	C	T	0	0	0	1	0	34	3.8257e-05	26139	0.00103294	TRUE	ORF1ab:cds-YP_009724389.1	ACT	T	ATT	I	1363
NC_045512.2	17555	C	G	0	0	0	26138	15627	38	0.999962	26139	0	TRUE	ORF1ab:cds-YP_009724389.1	ACT	T	AGT	S	1363
NC_045512.2	17556	T	G	25904	15932	38	1	0	34	3.85981e-05	25908	1	FALSE	ORF1ab:cds-YP_009724389.1	ACT	T	ACG	T	1363
NC_045512.2	17556	T	C	25904	15932	38	2	2	34	7.71962e-05	25908	1	FALSE	ORF1ab:cds-YP_009724389.1	ACT	T	ACC	T	1363
NC_045512.2	17556	T	A	25904	15932	38	1	0	26	3.85981e-05	25908	1	FALSE	ORF1ab:cds-YP_009724389.1	ACT	T	ACA	T	1363
NC_045512.2	17557	T	C	24907	15337	37	2	1	34	8.02923e-05	24909	1	FALSE	ORF1ab:cds-YP_009724389.1	TGT	C	CGT	R	1364
NC_045512.2	17558	G	T	26081	16119	38	2	2	34	7.66636e-05	26088	1	FALSE	ORF1ab:cds-YP_009724389.1	TGT	C	TTT	F	1364
NC_045512.2	17558	G	C	26081	16119	38	2	2	30	7.66636e-05	26088	1	FALSE	ORF1ab:cds-YP_009724389.1	TGT	C	TCT	S	1364
NC_045512.2	17558	G	A	26081	16119	38	3	2	34	0.000114995	26088	0.999999	FALSE	ORF1ab:cds-YP_009724389.1	TGT	C	TAT	Y	1364
NC_045512.2	17559	T	C	26000	16238	38	2	2	34	7.69172e-05	26002	1	FALSE	ORF1ab:cds-YP_009724389.1	TGT	C	TGC	C	1364
NC_045512.2	17560	C	T	26068	16219	38	5	4	32	0.000191769	26073	0.999983	FALSE	ORF1ab:cds-YP_009724389.1	CGG	R	TGG	W	1365
NC_045512.2	17561	G	T	25933	16112	38	1	1	34	3.85594e-05	25934	1	FALSE	ORF1ab:cds-YP_009724389.1	CGG	R	CTG	L	1365
NC_045512.2	17562	G	T	26248	16138	38	1	1	34	3.80967e-05	26249	1	FALSE	ORF1ab:cds-YP_009724389.1	CGG	R	CGT	R	1365
NC_045512.2	17563	C	T	26118	16140	38	5	1	34	0.000191395	26124	0.999983	FALSE	ORF1ab:cds-YP_009724389.1	CGT	R	TGT	C	1366
NC_045512.2	17563	C	G	26118	16140	38	1	0	26	3.8279e-05	26124	1	FALSE	ORF1ab:cds-YP_009724389.1	CGT	R	GGT	G	1366
NC_045512.2	17564	G	T	25969	15995	38	1	0	34	3.85e-05	25974	1	FALSE	ORF1ab:cds-YP_009724389.1	CGT	R	CTT	L	1366
NC_045512.2	17564	G	C	25969	15995	38	1	1	26	3.85e-05	25974	1	FALSE	ORF1ab:cds-YP_009724389.1	CGT	R	CCT	P	1366
NC_045512.2	17564	G	A	25969	15995	38	3	1	45	0.0001155	25974	0.499982	FALSE	ORF1ab:cds-YP_009724389.1	CGT	R	CAT	H	1366
NC_045512.2	17565	T	C	26183	16276	38	4	2	34	0.000152742	26188	0.999996	FALSE	ORF1ab:cds-YP_009724389.1	CGT	R	CGC	R	1366
NC_045512.2	17565	T	A	26183	16276	38	1	0	26	3.81854e-05	26188	1	FALSE	ORF1ab:cds-YP_009724389.1	CGT	R	CGA	R	1366
NC_045512.2	17566	T	C	25737	16118	37	9	8	32	0.000349569	25746	0.998538	FALSE	ORF1ab:cds-YP_009724389.1	TGT	C	CGT	R	1367
NC_045512.2	17567	G	T	26675	16725	38	1	0	26	3.74799e-05	26681	1	FALSE	ORF1ab:cds-YP_009724389.1	TGT	C	TTT	F	1367
NC_045512.2	17567	G	C	26675	16725	38	2	2	30	7.49597e-05	26681	1	FALSE	ORF1ab:cds-YP_009724389.1	TGT	C	TCT	S	1367
NC_045512.2	17567	G	A	26675	16725	38	3	2	34	0.00011244	26681	0.999999	FALSE	ORF1ab:cds-YP_009724389.1	TGT	C	TAT	Y	1367
NC_045512.2	17568	T	C	26022	16989	37	1	1	34	3.84275e-05	26023	1	FALSE	ORF1ab:cds-YP_009724389.1	TGT	C	TGC	C	1367
NC_045512.2	17569	C	G	27961	19449	38	1	0	34	3.57615e-05	27963	1	FALSE	ORF1ab:cds-YP_009724389.1	CCT	P	GCT	A	1368
NC_045512.2	17569	C	A	27961	19449	38	1	1	34	3.57615e-05	27963	1	FALSE	ORF1ab:cds-YP_009724389.1	CCT	P	ACT	T	1368
NC_045512.2	17570	C	A	27917	19791	38	2	2	34	7.16358e-05	27919	1	FALSE	ORF1ab:cds-YP_009724389.1	CCT	P	CAT	H	1368
NC_045512.2	17571	T	C	27346	19292	38	5	3	40	0.000182809	27351	0.226562	FALSE	ORF1ab:cds-YP_009724389.1	CCT	P	CCC	P	1368
NC_045512.2	17572	G	T	27336	19157	38	1	1	34	3.65671e-05	27347	1	FALSE	ORF1ab:cds-YP_009724389.1	GCT	A	TCT	S	1369
NC_045512.2	17572	G	C	27336	19157	38	2	2	34	7.31342e-05	27347	1	FALSE	ORF1ab:cds-YP_009724389.1	GCT	A	CCT	P	1369
NC_045512.2	17572	G	A	27336	19157	38	8	4	38	0.000292537	27347	0.999747	FALSE	ORF1ab:cds-YP_009724389.1	GCT	A	ACT	T	1369
NC_045512.2	17573	C	T	27435	19433	38	3	2	42	0.000109333	27439	0.5	FALSE	ORF1ab:cds-YP_009724389.1	GCT	A	GTT	V	1369
NC_045512.2	17573	C	A	27435	19433	38	1	1	34	3.64445e-05	27439	1	FALSE	ORF1ab:cds-YP_009724389.1	GCT	A	GAT	D	1369
NC_045512.2	17574	T	C	27205	19333	38	5	4	34	0.000183756	27210	0.99999	FALSE	ORF1ab:cds-YP_009724389.1	GCT	A	GCC	A	1369
NC_045512.2	17575	G	T	27414	19414	38	2	1	30	7.29448e-05	27418	1	FALSE	ORF1ab:cds-YP_009724389.1	GAA	E	TAA	*	1370
NC_045512.2	17575	G	C	27414	19414	38	1	1	34	3.64724e-05	27418	1	FALSE	ORF1ab:cds-YP_009724389.1	GAA	E	CAA	Q	1370
NC_045512.2	17575	G	A	27414	19414	38	1	1	68	3.64724e-05	27418	0.499982	FALSE	ORF1ab:cds-YP_009724389.1	GAA	E	AAA	K	1370
NC_045512.2	17576	A	T	28156	20448	38	1	1	26	3.55139e-05	28158	1	FALSE	ORF1ab:cds-YP_009724389.1	GAA	E	GTA	V	1370
NC_045512.2	17576	A	G	28156	20448	38	1	1	26	3.55139e-05	28158	1	FALSE	ORF1ab:cds-YP_009724389.1	GAA	E	GGA	G	1370
NC_045512.2	17577	A	G	30025	22728	39	1	0	34	3.33045e-05	30026	1	FALSE	ORF1ab:cds-YP_009724389.1	GAA	E	GAG	E	1370
NC_045512.2	17578	A	G	30456	23007	39	4	2	40	0.00013132	30460	0.500018	FALSE	ORF1ab:cds-YP_009724389.1	ATT	I	GTT	V	1371
NC_045512.2	17579	T	C	31036	24034	39	3	3	28	9.66526e-05	31039	1	FALSE	ORF1ab:cds-YP_009724389.1	ATT	I	ACT	T	1371
NC_045512.2	17580	T	C	30262	23473	38	4	3	32	0.000132148	30269	1	FALSE	ORF1ab:cds-YP_009724389.1	ATT	I	ATC	I	1371
NC_045512.2	17580	T	A	30262	23473	38	3	1	28	9.91113e-05	30269	1	FALSE	ORF1ab:cds-YP_009724389.1	ATT	I	ATA	I	1371
NC_045512.2	17581	G	A	31205	23996	39	1	1	34	3.20451e-05	31206	1	FALSE	ORF1ab:cds-YP_009724389.1	GTT	V	ATT	I	1372
NC_045512.2	17582	T	G	23866	16691	37	7	7	27	0.00029312	23881	1	FALSE	ORF1ab:cds-YP_009724389.1	GTT	V	GGT	G	1372
NC_045512.2	17582	T	C	23866	16691	37	6	3	34	0.000251246	23881	0.999727	FALSE	ORF1ab:cds-YP_009724389.1	GTT	V	GCT	A	1372
NC_045512.2	17582	T	A	23866	16691	37	2	0	34	8.37486e-05	23881	0.999999	FALSE	ORF1ab:cds-YP_009724389.1	GTT	V	GAT	D	1372
NC_045512.2	17583	T	C	30287	23162	39	3	2	34	9.90295e-05	30294	1	FALSE	ORF1ab:cds-YP_009724389.1	GTT	V	GTC	V	1372
NC_045512.2	17583	T	A	30287	23162	39	4	4	28	0.000132039	30294	1	FALSE	ORF1ab:cds-YP_009724389.1	GTT	V	GTA	V	1372
NC_045512.2	17584	G	A	31436	24916	39	3	0	45	9.54229e-05	31439	0.656272	FALSE	ORF1ab:cds-YP_009724389.1	GAC	D	AAC	N	1373
NC_045512.2	17585	A	T	31362	24899	39	1	1	34	3.18837e-05	31364	1	FALSE	ORF1ab:cds-YP_009724389.1	GAC	D	GTC	V	1373
NC_045512.2	17585	A	G	31362	24899	39	1	1	34	3.18837e-05	31364	1	FALSE	ORF1ab:cds-YP_009724389.1	GAC	D	GGC	G	1373
NC_045512.2	17586	C	T	32450	26130	39	19	16	45	0.000585047	32476	0.000426275	TRUE	ORF1ab:cds-YP_009724389.1	GAC	D	GAT	D	1373
NC_045512.2	17586	C	G	32450	26130	39	1	1	24	3.0792e-05	32476	1	FALSE	ORF1ab:cds-YP_009724389.1	GAC	D	GAG	E	1373
NC_045512.2	17586	C	A	32450	26130	39	6	4	32	0.000184752	32476	0.999998	FALSE	ORF1ab:cds-YP_009724389.1	GAC	D	GAA	E	1373
NC_045512.2	17587	A	G	31855	25663	39	3	1	31	9.41679e-05	31858	1	FALSE	ORF1ab:cds-YP_009724389.1	ACT	T	GCT	A	1374
NC_045512.2	17588	C	T	32676	26395	39	1	1	34	3.06026e-05	32677	1	FALSE	ORF1ab:cds-YP_009724389.1	ACT	T	ATT	I	1374
NC_045512.2	17589	T	C	31903	25643	39	8	5	37	0.000250682	31913	0.999965	FALSE	ORF1ab:cds-YP_009724389.1	ACT	T	ACC	T	1374
NC_045512.2	17589	T	A	31903	25643	39	2	2	46	6.26704e-05	31913	0.812441	FALSE	ORF1ab:cds-YP_009724389.1	ACT	T	ACA	T	1374
NC_045512.2	17590	G	A	32367	25998	39	3	2	45	9.26784e-05	32370	0.656272	FALSE	ORF1ab:cds-YP_009724389.1	GTG	V	ATG	M	1375
NC_045512.2	17591	T	G	31474	25407	38	1	1	34	3.17672e-05	31479	1	FALSE	ORF1ab:cds-YP_009724389.1	GTG	V	GGG	G	1375
NC_045512.2	17591	T	C	31474	25407	38	3	3	29	9.53016e-05	31479	1	FALSE	ORF1ab:cds-YP_009724389.1	GTG	V	GCG	A	1375
NC_045512.2	17591	T	A	31474	25407	38	1	0	26	3.17672e-05	31479	1	FALSE	ORF1ab:cds-YP_009724389.1	GTG	V	GAG	E	1375
NC_045512.2	17592	G	T	32476	26150	39	1	0	68	3.0791e-05	32477	0.500008	FALSE	ORF1ab:cds-YP_009724389.1	GTG	V	GTT	V	1375
NC_045512.2	17593	A	T	32536	26358	39	1	1	26	3.07295e-05	32542	1	FALSE	ORF1ab:cds-YP_009724389.1	AGT	S	TGT	C	1376
NC_045512.2	17593	A	G	32536	26358	39	5	5	34	0.000153648	32542	0.999999	FALSE	ORF1ab:cds-YP_009724389.1	AGT	S	GGT	G	1376
NC_045512.2	17594	G	T	32665	26315	39	1	1	26	3.06063e-05	32673	1	FALSE	ORF1ab:cds-YP_009724389.1	AGT	S	ATT	I	1376
NC_045512.2	17594	G	C	32665	26315	39	7	7	30	0.000214244	32673	0.999993	FALSE	ORF1ab:cds-YP_009724389.1	AGT	S	ACT	T	1376
NC_045512.2	17595	T	G	33748	28050	39	1	1	34	2.96279e-05	33752	1	FALSE	ORF1ab:cds-YP_009724389.1	AGT	S	AGG	R	1376
NC_045512.2	17595	T	C	33748	28050	39	3	3	31	8.88836e-05	33752	1	FALSE	ORF1ab:cds-YP_009724389.1	AGT	S	AGC	S	1376
NC_045512.2	17596	G	T	33761	27907	40	3	2	45	8.88494e-05	33765	0.656257	FALSE	ORF1ab:cds-YP_009724389.1	GCT	A	TCT	S	1377
NC_045512.2	17596	G	C	33761	27907	40	1	1	27	2.96165e-05	33765	1	FALSE	ORF1ab:cds-YP_009724389.1	GCT	A	CCT	P	1377
NC_045512.2	17597	C	T	33414	27677	40	1	1	34	2.99204e-05	33422	1	FALSE	ORF1ab:cds-YP_009724389.1	GCT	A	GTT	V	1377
NC_045512.2	17597	C	G	33414	27677	40	2	2	34	5.98408e-05	33422	1	FALSE	ORF1ab:cds-YP_009724389.1	GCT	A	GGT	G	1377
NC_045512.2	17597	C	A	33414	27677	40	5	3	34	0.000149602	33422	1	FALSE	ORF1ab:cds-YP_009724389.1	GCT	A	GAT	D	1377
NC_045512.2	17598	T	C	33187	27502	40	5	3	38	0.000150639	33192	1	FALSE	ORF1ab:cds-YP_009724389.1	GCT	A	GCC	A	1377
NC_045512.2	17599	T	C	32970	27356	40	3	3	34	9.09835e-05	32973	1	FALSE	ORF1ab:cds-YP_009724389.1	TTG	L	CTG	L	1378
NC_045512.2	17600	T	G	33067	27687	40	1	1	26	3.0238e-05	33071	1	FALSE	ORF1ab:cds-YP_009724389.1	TTG	L	TGG	W	1378
NC_045512.2	17600	T	C	33067	27687	40	2	2	30	6.04759e-05	33071	1	FALSE	ORF1ab:cds-YP_009724389.1	TTG	L	TCG	S	1378
NC_045512.2	17600	T	A	33067	27687	40	1	1	34	3.0238e-05	33071	1	FALSE	ORF1ab:cds-YP_009724389.1	TTG	L	TAG	*	1378
NC_045512.2	17601	G	T	32684	27201	40	1	0	27	3.05941e-05	32686	1	FALSE	ORF1ab:cds-YP_009724389.1	TTG	L	TTT	F	1378
NC_045512.2	17601	G	A	32684	27201	40	1	1	34	3.05941e-05	32686	1	FALSE	ORF1ab:cds-YP_009724389.1	TTG	L	TTA	L	1378
NC_045512.2	17602	G	A	33047	27556	40	1	1	34	3.0259e-05	33048	1	FALSE	ORF1ab:cds-YP_009724389.1	GTT	V	ATT	I	1379
NC_045512.2	17603	T	G	22388	17098	38	2	1	30	8.93136e-05	22393	0.999999	FALSE	ORF1ab:cds-YP_009724389.1	GTT	V	GGT	G	1379
NC_045512.2	17603	T	C	22388	17098	38	3	2	56	0.00013397	22393	0.124983	FALSE	ORF1ab:cds-YP_009724389.1	GTT	V	GCT	A	1379
NC_045512.2	17604	T	C	37139	32569	41	9	9	34	0.000242274	37148	0.999995	FALSE	ORF1ab:cds-YP_009724389.1	GTT	V	GTC	V	1379
NC_045512.2	17605	T	C	36417	31913	41	2	2	34	5.49164e-05	36419	1	FALSE	ORF1ab:cds-YP_009724389.1	TAT	Y	CAT	H	1380
NC_045512.2	17606	A	G	36633	32143	41	3	2	40	8.18867e-05	36636	0.656269	FALSE	ORF1ab:cds-YP_009724389.1	TAT	Y	TGT	C	1380
NC_045512.2	17607	T	C	36460	31975	41	2	2	34	5.48501e-05	36463	1	FALSE	ORF1ab:cds-YP_009724389.1	TAT	Y	TAC	Y	1380
NC_045512.2	17607	T	A	36460	31975	41	1	1	26	2.74251e-05	36463	1	FALSE	ORF1ab:cds-YP_009724389.1	TAT	Y	TAA	*	1380
NC_045512.2	17608	G	T	36544	32077	41	1	0	24	2.73635e-05	36545	1	FALSE	ORF1ab:cds-YP_009724389.1	GAT	D	TAT	Y	1381
NC_045512.2	17609	A	T	36553	32230	40	1	1	26	2.73538e-05	36558	1	FALSE	ORF1ab:cds-YP_009724389.1	GAT	D	GTT	V	1381
NC_045512.2	17609	A	G	36553	32230	40	1	1	34	2.73538e-05	36558	1	FALSE	ORF1ab:cds-YP_009724389.1	GAT	D	GGT	G	1381
NC_045512.2	17609	A	C	36553	32230	40	3	3	34	8.20614e-05	36558	1	FALSE	ORF1ab:cds-YP_009724389.1	GAT	D	GCT	A	1381
NC_045512.2	17610	T	G	33626	29490	40	2	0	27	5.94672e-05	33632	1	FALSE	ORF1ab:cds-YP_009724389.1	GAT	D	GAG	E	1381
NC_045512.2	17610	T	C	33626	29490	40	1	0	46	2.97336e-05	33632	0.937491	FALSE	ORF1ab:cds-YP_009724389.1	GAT	D	GAC	D	1381
NC_045512.2	17610	T	A	33626	29490	40	3	3	31	8.92008e-05	33632	1	FALSE	ORF1ab:cds-YP_009724389.1	GAT	D	GAA	E	1381
NC_045512.2	17611	A	G	35413	31432	40	3	2	42	8.47051e-05	35417	0.656257	FALSE	ORF1ab:cds-YP_009724389.1	AAT	N	GAT	D	1382
NC_045512.2	17611	A	C	35413	31432	40	1	1	27	2.8235e-05	35417	1	FALSE	ORF1ab:cds-YP_009724389.1	AAT	N	CAT	H	1382
NC_045512.2	17612	A	T	35101	31977	39	1	0	68	2.84876e-05	35103	0.5	FALSE	ORF1ab:cds-YP_009724389.1	AAT	N	ATT	I	1382
NC_045512.2	17612	A	G	35101	31977	39	1	1	26	2.84876e-05	35103	1	FALSE	ORF1ab:cds-YP_009724389.1	AAT	N	AGT	S	1382
NC_045512.2	17613	T	C	34760	31636	39	2	2	30	5.75341e-05	34762	1	FALSE	ORF1ab:cds-YP_009724389.1	AAT	N	AAC	N	1382
NC_045512.2	17614	A	T	35005	31942	38	1	1	26	2.85608e-05	35013	1	FALSE	ORF1ab:cds-YP_009724389.1	AAG	K	TAG	*	1383
NC_045512.2	17614	A	G	35005	31942	38	4	4	34	0.000114243	35013	1	FALSE	ORF1ab:cds-YP_009724389.1	AAG	K	GAG	E	1383
NC_045512.2	17614	A	C	35005	31942	38	3	3	31	8.56825e-05	35013	1	FALSE	ORF1ab:cds-YP_009724389.1	AAG	K	CAG	Q	1383
NC_045512.2	17615	A	G	35276	32174	39	3	2	45	8.50364e-05	35279	0.65627	FALSE	ORF1ab:cds-YP_009724389.1	AAG	K	AGG	R	1383
NC_045512.2	17616	G	T	34889	31807	39	1	1	34	2.86607e-05	34891	1	FALSE	ORF1ab:cds-YP_009724389.1	AAG	K	AAT	N	1383
NC_045512.2	17616	G	A	34889	31807	39	1	1	34	2.86607e-05	34891	1	FALSE	ORF1ab:cds-YP_009724389.1	AAG	K	AAA	K	1383
NC_045512.2	17617	C	A	35121	32144	38	2	2	30	5.69427e-05	35123	1	FALSE	ORF1ab:cds-YP_009724389.1	CTT	L	ATT	I	1384
NC_045512.2	17618	T	G	34500	31546	39	3	1	29	8.69439e-05	34505	1	FALSE	ORF1ab:cds-YP_009724389.1	CTT	L	CGT	R	1384
NC_045512.2	17618	T	C	34500	31546	39	2	2	34	5.79626e-05	34505	1	FALSE	ORF1ab:cds-YP_009724389.1	CTT	L	CCT	P	1384
NC_045512.2	17619	T	C	34145	31201	38	7	7	29	0.000204942	34156	1	FALSE	ORF1ab:cds-YP_009724389.1	CTT	L	CTC	L	1384
NC_045512.2	17619	T	A	34145	31201	38	4	4	34	0.00011711	34156	1	FALSE	ORF1ab:cds-YP_009724389.1	CTT	L	CTA	L	1384
NC_045512.2	17621	A	T	34006	31082	39	1	1	26	2.94005e-05	34013	1	FALSE	ORF1ab:cds-YP_009724389.1	AAA	K	ATA	I	1385
NC_045512.2	17621	A	G	34006	31082	39	6	6	32	0.000176403	34013	0.999999	FALSE	ORF1ab:cds-YP_009724389.1	AAA	K	AGA	R	1385
NC_045512.2	17622	A	G	34142	31269	38	3	3	34	8.7858e-05	34146	1	FALSE	ORF1ab:cds-YP_009724389.1	AAA	K	AAG	K	1385
NC_045512.2	17622	A	C	34142	31269	38	1	1	34	2.9286e-05	34146	1	FALSE	ORF1ab:cds-YP_009724389.1	AAA	K	AAC	N	1385
NC_045512.2	17623	G	T	33821	30906	39	1	1	26	2.95666e-05	33822	1	FALSE	ORF1ab:cds-YP_009724389.1	GCA	A	TCA	S	1386
NC_045512.2	17624	C	A	33877	30968	39	4	4	34	0.00011806	33881	1	FALSE	ORF1ab:cds-YP_009724389.1	GCA	A	GAA	E	1386
NC_045512.2	17625	A	T	30983	28119	38	1	1	34	3.22726e-05	30986	1	FALSE	ORF1ab:cds-YP_009724389.1	GCA	A	GCT	A	1386
NC_045512.2	17625	A	G	30983	28119	38	2	2	34	6.45453e-05	30986	1	FALSE	ORF1ab:cds-YP_009724389.1	GCA	A	GCG	A	1386
NC_045512.2	17626	C	G	31874	29091	39	1	0	27	3.13725e-05	31875	1	FALSE	ORF1ab:cds-YP_009724389.1	CAT	H	GAT	D	1387
NC_045512.2	17628	T	C	32049	29279	39	3	3	42	9.35979e-05	32052	0.656272	FALSE	ORF1ab:cds-YP_009724389.1	CAT	H	CAC	H	1387
NC_045512.2	17628	T	-A	32049	29279	39	1	0	20	3.11993e-05	32052	1	FALSE	NA	NA	NA	NA	NA	NA
NC_045512.2	17629	A	G	31781	29265	38	2	2	30	6.29267e-05	31783	1	FALSE	ORF1ab:cds-YP_009724389.1	AAA	K	GAA	E	1388
NC_045512.2	17630	A	G	31698	29183	38	2	2	34	6.30915e-05	31700	1	FALSE	ORF1ab:cds-YP_009724389.1	AAA	K	AGA	R	1388
NC_045512.2	17631	A	T	31840	29363	38	1	1	34	3.14031e-05	31844	1	FALSE	ORF1ab:cds-YP_009724389.1	AAA	K	AAT	N	1388
NC_045512.2	17631	A	G	31840	29363	38	2	1	30	6.28062e-05	31844	1	FALSE	ORF1ab:cds-YP_009724389.1	AAA	K	AAG	K	1388
NC_045512.2	17631	A	C	31840	29363	38	1	1	34	3.14031e-05	31844	1	FALSE	ORF1ab:cds-YP_009724389.1	AAA	K	AAC	N	1388
NC_045512.2	17633	A	T	31547	29067	38	1	1	34	3.16937e-05	31552	1	FALSE	ORF1ab:cds-YP_009724389.1	GAC	D	GTC	V	1389
NC_045512.2	17633	A	G	31547	29067	38	3	3	34	9.50811e-05	31552	1	FALSE	ORF1ab:cds-YP_009724389.1	GAC	D	GGC	G	1389
NC_045512.2	17633	A	C	31547	29067	38	1	1	34	3.16937e-05	31552	1	FALSE	ORF1ab:cds-YP_009724389.1	GAC	D	GCC	A	1389
NC_045512.2	17634	C	T	31462	29621	37	1	1	34	3.17783e-05	31468	1	FALSE	ORF1ab:cds-YP_009724389.1	GAC	D	GAT	D	1389
NC_045512.2	17634	C	A	31462	29621	37	5	5	30	0.000158892	31468	0.999999	FALSE	ORF1ab:cds-YP_009724389.1	GAC	D	GAA	E	1389
NC_045512.2	17635	A	G	29530	27705	37	9	7	45	0.000304682	29539	0.0327067	FALSE	ORF1ab:cds-YP_009724389.1	AAA	K	GAA	E	1390
NC_045512.2	17636	A	T	29543	27713	37	1	1	34	3.38432e-05	29548	1	FALSE	ORF1ab:cds-YP_009724389.1	AAA	K	ATA	I	1390
NC_045512.2	17636	A	G	29543	27713	37	2	2	51	6.76865e-05	29548	0.249979	FALSE	ORF1ab:cds-YP_009724389.1	AAA	K	AGA	R	1390
NC_045512.2	17636	A	C	29543	27713	37	2	2	34	6.76865e-05	29548	1	FALSE	ORF1ab:cds-YP_009724389.1	AAA	K	ACA	T	1390
NC_045512.2	17637	A	T	29641	27839	37	1	1	34	3.37325e-05	29645	1	FALSE	ORF1ab:cds-YP_009724389.1	AAA	K	AAT	N	1390
NC_045512.2	17637	A	G	29641	27839	37	3	3	34	0.000101198	29645	1	FALSE	ORF1ab:cds-YP_009724389.1	AAA	K	AAG	K	1390
NC_045512.2	17639	C	A	29468	27837	37	4	4	30	0.000135722	29472	0.999999	FALSE	ORF1ab:cds-YP_009724389.1	TCA	S	TAA	*	1391
NC_045512.2	17640	A	T	28717	27091	37	3	3	31	0.000104435	28726	1	FALSE	ORF1ab:cds-YP_009724389.1	TCA	S	TCT	S	1391
NC_045512.2	17640	A	G	28717	27091	37	5	5	34	0.000174058	28726	0.999995	FALSE	ORF1ab:cds-YP_009724389.1	TCA	S	TCG	S	1391
NC_045512.2	17640	A	C	28717	27091	37	1	1	34	3.48117e-05	28726	1	FALSE	ORF1ab:cds-YP_009724389.1	TCA	S	TCC	S	1391
NC_045512.2	17641	G	C	28514	26888	37	3	3	31	0.000105193	28519	1	FALSE	ORF1ab:cds-YP_009724389.1	GCT	A	CCT	P	1392
NC_045512.2	17641	G	A	28514	26888	37	2	2	34	7.01287e-05	28519	1	FALSE	ORF1ab:cds-YP_009724389.1	GCT	A	ACT	T	1392
NC_045512.2	17643	T	A	28716	27099	37	2	2	34	6.96427e-05	28718	1	FALSE	ORF1ab:cds-YP_009724389.1	GCT	A	GCA	A	1392
NC_045512.2	17643	T	-C	28716	27099	37	1	0	20	3.48214e-05	28718	1	FALSE	NA	NA	NA	NA	NA	NA
NC_045512.2	17644	C	T	28491	26889	37	1	1	34	3.50963e-05	28493	1	FALSE	ORF1ab:cds-YP_009724389.1	CAA	Q	TAA	*	1393
NC_045512.2	17644	C	A	28491	26889	37	1	1	26	3.50963e-05	28493	1	FALSE	ORF1ab:cds-YP_009724389.1	CAA	Q	AAA	K	1393
NC_045512.2	17645	A	T	27324	25731	37	2	2	34	7.31609e-05	27337	1	FALSE	ORF1ab:cds-YP_009724389.1	CAA	Q	CTA	L	1393
NC_045512.2	17645	A	G	27324	25731	37	3	3	34	0.000109741	27337	1	FALSE	ORF1ab:cds-YP_009724389.1	CAA	Q	CGA	R	1393
NC_045512.2	17645	A	C	27324	25731	37	8	8	32	0.000292644	27337	0.999746	FALSE	ORF1ab:cds-YP_009724389.1	CAA	Q	CCA	P	1393
NC_045512.2	17646	A	T	27361	25780	37	1	1	34	3.65417e-05	27366	1	FALSE	ORF1ab:cds-YP_009724389.1	CAA	Q	CAT	H	1393
NC_045512.2	17646	A	G	27361	25780	37	1	1	34	3.65417e-05	27366	1	FALSE	ORF1ab:cds-YP_009724389.1	CAA	Q	CAG	Q	1393
NC_045512.2	17646	A	C	27361	25780	37	3	3	31	0.000109625	27366	1	FALSE	ORF1ab:cds-YP_009724389.1	CAA	Q	CAC	H	1393
NC_045512.2	17647	T	C	27335	25746	37	15	15	34	0.000548446	27350	0.978267	FALSE	ORF1ab:cds-YP_009724389.1	TGC	C	CGC	R	1394
NC_045512.2	17648	G	C	27208	25725	36	1	1	34	3.67525e-05	27209	1	FALSE	ORF1ab:cds-YP_009724389.1	TGC	C	TCC	S	1394
NC_045512.2	17649	C	G	27295	25831	36	1	1	34	3.66287e-05	27301	1	FALSE	ORF1ab:cds-YP_009724389.1	TGC	C	TGG	W	1394
NC_045512.2	17649	C	A	27295	25831	36	5	5	30	0.000183143	27301	0.99999	FALSE	ORF1ab:cds-YP_009724389.1	TGC	C	TGA	*	1394
NC_045512.2	17649	C	-T	27295	25831	36	1	0	20	3.66287e-05	27301	1	FALSE	NA	NA	NA	NA	NA	NA
NC_045512.2	17651	T	C	26015	24559	36	1	1	34	3.84379e-05	26016	1	FALSE	ORF1ab:cds-YP_009724389.1	TTT	F	TCT	S	1395
NC_045512.2	17652	T	C	26214	24754	37	3	3	31	0.00011443	26217	0.999999	FALSE	ORF1ab:cds-YP_009724389.1	TTT	F	TTC	F	1395
NC_045512.2	17652	T	-A	26214	24754	37	2	0	20	7.62864e-05	26217	1	FALSE	NA	NA	NA	NA	NA	NA
NC_045512.2	17652	T	+A	26214	24754	37	1	0	20	3.81432e-05	26217	1	FALSE	NA	NA	NA	NA	NA	NA
NC_045512.2	17653	A	G	26052	24616	37	1	1	26	3.83833e-05	26053	1	FALSE	ORF1ab:cds-YP_009724389.1	AAA	K	GAA	E	1396
NC_045512.2	17654	A	C	26029	24599	37	1	1	34	3.84172e-05	26030	1	FALSE	ORF1ab:cds-YP_009724389.1	AAA	K	ACA	T	1396
NC_045512.2	17656	A	C	25770	24368	36	3	3	28	0.000116401	25773	1	FALSE	ORF1ab:cds-YP_009724389.1	ATG	M	CTG	L	1397
NC_045512.2	17657	T	C	25556	24171	37	1	1	26	3.91282e-05	25557	1	FALSE	ORF1ab:cds-YP_009724389.1	ATG	M	ACG	T	1397
NC_045512.2	17658	G	T	25237	23892	36	2	1	51	7.92393e-05	25240	0.249995	FALSE	ORF1ab:cds-YP_009724389.1	ATG	M	ATT	I	1397
NC_045512.2	17658	G	C	25237	23892	36	1	1	34	3.96197e-05	25240	1	FALSE	ORF1ab:cds-YP_009724389.1	ATG	M	ATC	I	1397
NC_045512.2	17659	T	G	25260	23914	36	1	1	34	3.95867e-05	25261	1	FALSE	ORF1ab:cds-YP_009724389.1	TTT	F	GTT	V	1398
NC_045512.2	17660	T	C	22809	21476	35	2	2	30	8.7677e-05	22811	0.999999	FALSE	ORF1ab:cds-YP_009724389.1	TTT	F	TCT	S	1398
NC_045512.2	17661	T	C	24847	23507	36	1	1	34	4.02431e-05	24849	1	FALSE	ORF1ab:cds-YP_009724389.1	TTT	F	TTC	F	1398
NC_045512.2	17661	T	A	24847	23507	36	1	1	34	4.02431e-05	24849	1	FALSE	ORF1ab:cds-YP_009724389.1	TTT	F	TTA	L	1398
NC_045512.2	17662	T	C	24343	23009	36	3	3	28	0.000123224	24346	1	FALSE	ORF1ab:cds-YP_009724389.1	TAT	Y	CAT	H	1399
NC_045512.2	17663	A	T	24914	23770	36	2	2	30	8.02311e-05	24928	1	FALSE	ORF1ab:cds-YP_009724389.1	TAT	Y	TTT	F	1399
NC_045512.2	17663	A	G	24914	23770	36	1	1	34	4.01155e-05	24928	1	FALSE	ORF1ab:cds-YP_009724389.1	TAT	Y	TGT	C	1399
NC_045512.2	17663	A	C	24914	23770	36	11	11	32	0.000441271	24928	0.991676	FALSE	ORF1ab:cds-YP_009724389.1	TAT	Y	TCT	S	1399
NC_045512.2	17665	A	T	24773	23642	36	3	1	28	0.000121075	24778	1	FALSE	ORF1ab:cds-YP_009724389.1	AAG	K	TAG	*	1400
NC_045512.2	17665	A	G	24773	23642	36	2	2	34	8.07168e-05	24778	1	FALSE	ORF1ab:cds-YP_009724389.1	AAG	K	GAG	E	1400
NC_045512.2	17666	A	T	24714	23581	36	3	3	34	0.000121354	24721	0.999997	FALSE	ORF1ab:cds-YP_009724389.1	AAG	K	ATG	M	1400
NC_045512.2	17666	A	G	24714	23581	36	4	4	32	0.000161806	24721	0.999986	FALSE	ORF1ab:cds-YP_009724389.1	AAG	K	AGG	R	1400
NC_045512.2	17667	G	T	24244	23121	36	1	1	34	4.12422e-05	24247	1	FALSE	ORF1ab:cds-YP_009724389.1	AAG	K	AAT	N	1400
NC_045512.2	17667	G	A	24244	23121	36	2	2	34	8.24844e-05	24247	1	FALSE	ORF1ab:cds-YP_009724389.1	AAG	K	AAA	K	1400
NC_045512.2	17668	G	C	23905	22946	36	4	4	32	0.000167301	23909	0.999976	FALSE	ORF1ab:cds-YP_009724389.1	GGT	G	CGT	R	1401
NC_045512.2	17669	G	A	23951	22995	36	1	1	34	4.17502e-05	23952	1	FALSE	ORF1ab:cds-YP_009724389.1	GGT	G	GAT	D	1401
NC_045512.2	17670	T	C	20323	19424	35	1	1	34	4.92005e-05	20325	1	FALSE	ORF1ab:cds-YP_009724389.1	GGT	G	GGC	G	1401
NC_045512.2	17670	T	A	20323	19424	35	1	1	26	4.92005e-05	20325	1	FALSE	ORF1ab:cds-YP_009724389.1	GGT	G	GGA	G	1401
NC_045512.2	17671	G	T	20843	19955	36	1	1	34	4.79731e-05	20845	1	FALSE	ORF1ab:cds-YP_009724389.1	GTT	V	TTT	F	1402
NC_045512.2	17671	G	A	20843	19955	36	1	1	34	4.79731e-05	20845	1	FALSE	ORF1ab:cds-YP_009724389.1	GTT	V	ATT	I	1402
NC_045512.2	17672	T	A	20534	19658	36	1	1	26	4.86973e-05	20535	1	FALSE	ORF1ab:cds-YP_009724389.1	GTT	V	GAT	D	1402
NC_045512.2	17673	T	C	17825	16988	34	19	19	31	0.00106466	17846	0.43387	FALSE	ORF1ab:cds-YP_009724389.1	GTT	V	GTC	V	1402
NC_045512.2	17673	T	A	17825	16988	34	2	2	26	0.00011207	17846	1	FALSE	ORF1ab:cds-YP_009724389.1	GTT	V	GTA	V	1402
NC_045512.2	17674	A	G	20410	19601	36	1	1	34	4.89908e-05	20412	1	FALSE	ORF1ab:cds-YP_009724389.1	ATC	I	GTC	V	1403
NC_045512.2	17674	A	C	20410	19601	36	1	1	26	4.89908e-05	20412	1	FALSE	ORF1ab:cds-YP_009724389.1	ATC	I	CTC	L	1403
NC_045512.2	17675	T	C	20117	19286	36	1	1	34	4.97067e-05	20118	1	FALSE	ORF1ab:cds-YP_009724389.1	ATC	I	ACC	T	1403
NC_045512.2	17676	C	T	18733	17964	36	1	1	34	5.3376e-05	18735	0.999998	FALSE	ORF1ab:cds-YP_009724389.1	ATC	I	ATT	I	1403
NC_045512.2	17676	C	A	18733	17964	36	1	1	34	5.3376e-05	18735	0.999998	FALSE	ORF1ab:cds-YP_009724389.1	ATC	I	ATA	I	1403
NC_045512.2	17677	A	G	17934	17185	36	5	5	34	0.000278722	17939	0.997835	FALSE	ORF1ab:cds-YP_009724389.1	ACG	T	GCG	A	1404
NC_045512.2	17678	C	T	15215	14591	36	8	8	33	0.000525521	15223	0.953507	FALSE	ORF1ab:cds-YP_009724389.1	ACG	T	ATG	M	1404
NC_045512.2	17679	G	C	15034	14421	36	1	1	34	6.64805e-05	15042	0.999985	FALSE	ORF1ab:cds-YP_009724389.1	ACG	T	ACC	T	1404
NC_045512.2	17679	G	A	15034	14421	36	7	7	37	0.000465364	15042	0.973803	FALSE	ORF1ab:cds-YP_009724389.1	ACG	T	ACA	T	1404
NC_045512.2	17681	A	G	13781	13280	35	1	1	34	7.25584e-05	13782	0.999939	FALSE	ORF1ab:cds-YP_009724389.1	CAT	H	CGT	R	1405
NC_045512.2	17682	T	C	13590	13123	35	3	3	34	0.000220702	13593	0.997916	FALSE	ORF1ab:cds-YP_009724389.1	CAT	H	CAC	H	1405
NC_045512.2	17684	A	T	13220	12772	35	1	1	26	7.56258e-05	13223	1	FALSE	ORF1ab:cds-YP_009724389.1	GAT	D	GTT	V	1406
NC_045512.2	17684	A	G	13220	12772	35	2	2	34	0.000151252	13223	0.999513	FALSE	ORF1ab:cds-YP_009724389.1	GAT	D	GGT	G	1406
NC_045512.2	18138	C	T	0	0	0	5	1	34	1	5	0.00793651	TRUE	ORF1ab:cds-YP_009724389.1	TTC	F	TTT	F	1557
NC_045512.2	18163	A	G	0	0	0	4	1	59	1	4	0.0285714	FALSE	ORF1ab:cds-YP_009724389.1	ATA	I	GTA	V	1566
NC_045512.2	18281	G	T	116	6	35	1	0	34	0.00854701	117	0.502146	FALSE	ORF1ab:cds-YP_009724389.1	AGA	R	ATA	I	1605
NC_045512.2	18286	G	T	140	6	35	1	0	34	0.0070922	141	0.501779	FALSE	ORF1ab:cds-YP_009724389.1	GTA	V	TTA	L	1607
NC_045512.2	18297	G	T	166	10	37	1	0	26	0.00598802	167	0.752252	FALSE	ORF1ab:cds-YP_009724389.1	TGG	W	TGT	C	1610
NC_045512.2	18327	T	G	272	25	38	1	0	34	0.003663	273	0.500917	FALSE	ORF1ab:cds-YP_009724389.1	GCT	A	GCG	A	1620
NC_045512.2	18366	A	G	323	44	39	1	0	34	0.00308642	324	0.500773	FALSE	ORF1ab:cds-YP_009724389.1	CTA	L	CTG	L	1633
NC_045512.2	18378	A	G	307	56	38	2	0	34	0.00647249	309	0.250405	FALSE	ORF1ab:cds-YP_009724389.1	ACA	T	ACG	T	1637
NC_045512.2	18408	T	C	400	98	38	1	0	34	0.00249377	401	0.500624	FALSE	ORF1ab:cds-YP_009724389.1	GGT	G	GGC	G	1647
NC_045512.2	18423	T	C	393	112	39	1	1	34	0.00253807	394	0.500635	FALSE	ORF1ab:cds-YP_009724389.1	CCT	P	CCC	P	1652
NC_045512.2	18425	A	C	382	116	39	2	1	68	0.00520833	384	0.250326	FALSE	ORF1ab:cds-YP_009724389.1	AAT	N	ACT	T	1653
NC_045512.2	18436	T	G	390	146	39	1	0	26	0.00255754	391	0.938299	FALSE	ORF1ab:cds-YP_009724389.1	TTT	F	GTT	V	1657
NC_045512.2	18448	A	G	401	165	39	1	0	34	0.00248756	402	0.500623	FALSE	ORF1ab:cds-YP_009724389.1	AGT	S	GGT	G	1661
NC_045512.2	18465	T	C	398	176	39	1	1	68	0.00250627	399	0.500627	FALSE	ORF1ab:cds-YP_009724389.1	CCT	P	CCC	P	1666
NC_045512.2	18473	A	G	386	189	39	1	0	34	0.00258398	387	0.500647	FALSE	ORF1ab:cds-YP_009724389.1	CAA	Q	CGA	R	1669
NC_045512.2	18489	A	G	383	203	39	1	0	27	0.00260417	384	0.938313	FALSE	ORF1ab:cds-YP_009724389.1	ATA	I	ATG	M	1674
NC_045512.2	18490	C	T	374	206	39	1	1	68	0.00266667	375	0.500668	FALSE	ORF1ab:cds-YP_009724389.1	CCA	P	TCA	S	1675
NC_045512.2	18502	A	G	368	232	40	1	0	34	0.00271003	369	0.500678	FALSE	ORF1ab:cds-YP_009724389.1	AAA	K	GAA	E	1679
NC_045512.2	18516	G	C	396	297	40	1	1	26	0.00251889	397	0.938287	FALSE	ORF1ab:cds-YP_009724389.1	TGG	W	TGC	C	1683
NC_045512.2	18521	T	C	400	312	40	1	1	34	0.00249377	401	0.500624	FALSE	ORF1ab:cds-YP_009724389.1	GTA	V	GCA	A	1685
NC_045512.2	18559	C	A	378	340	39	1	0	68	0.00263852	379	0.500661	FALSE	ORF1ab:cds-YP_009724389.1	CTT	L	ATT	I	1698
NC_045512.2	18561	T	A	378	340	39	1	1	34	0.00263852	379	0.500661	FALSE	ORF1ab:cds-YP_009724389.1	CTT	L	CTA	L	1698
NC_045512.2	18561	T	-A	378	340	39	1	0	20	0.00263852	379	0.938324	FALSE	NA	NA	NA	NA	NA	NA
NC_045512.2	18568	C	A	367	332	39	1	1	26	0.00271739	368	0.938349	FALSE	ORF1ab:cds-YP_009724389.1	CTC	L	ATC	I	1701
NC_045512.2	18584	T	C	1578	456	34	1	0	34	0.000633312	1579	0.750238	FALSE	ORF1ab:cds-YP_009724389.1	GTA	V	GCA	A	1706
NC_045512.2	18588	T	C	1651	478	34	2	1	34	0.00120992	1653	0.500227	FALSE	ORF1ab:cds-YP_009724389.1	TTT	F	TTC	F	1707
NC_045512.2	18593	T	C	1847	438	34	1	0	34	0.000541126	1848	0.750203	FALSE	ORF1ab:cds-YP_009724389.1	TTA	L	TCA	S	1709
NC_045512.2	18598	G	T	2035	467	35	1	0	34	0.000490918	2037	0.875092	FALSE	ORF1ab:cds-YP_009724389.1	GCA	A	TCA	S	1711
NC_045512.2	18598	G	A	2035	467	35	1	0	34	0.000490918	2037	0.875092	FALSE	ORF1ab:cds-YP_009724389.1	GCA	A	ACA	T	1711
NC_045512.2	18604	G	A	2026	455	34	1	0	34	0.00049334	2027	0.875185	FALSE	ORF1ab:cds-YP_009724389.1	GGC	G	AGC	S	1713
NC_045512.2	18605	G	T	2334	453	35	1	0	34	0.000428082	2336	0.87508	FALSE	ORF1ab:cds-YP_009724389.1	GGC	G	GTC	V	1713
NC_045512.2	18605	G	A	2334	453	35	1	0	34	0.000428082	2336	0.87508	FALSE	ORF1ab:cds-YP_009724389.1	GGC	G	GAC	D	1713
NC_045512.2	18608	T	G	2370	519	36	2	0	26	0.00084317	2372	0.999999	FALSE	ORF1ab:cds-YP_009724389.1	TTT	F	TGT	C	1714
NC_045512.2	18609	T	C	2363	518	36	1	1	34	0.000422833	2365	0.875079	FALSE	ORF1ab:cds-YP_009724389.1	TTT	F	TTC	F	1714
NC_045512.2	18609	T	A	2363	518	36	1	0	34	0.000422833	2365	0.875079	FALSE	ORF1ab:cds-YP_009724389.1	TTT	F	TTA	L	1714
NC_045512.2	18610	G	C	2399	522	36	1	0	26	0.000416667	2400	1	FALSE	ORF1ab:cds-YP_009724389.1	GAG	E	CAG	Q	1715
NC_045512.2	18619	T	G	2593	571	37	2	0	26	0.000770713	2595	1	FALSE	ORF1ab:cds-YP_009724389.1	TCT	S	GCT	A	1718
NC_045512.2	18625	A	G	2592	453	37	2	1	34	0.00077101	2594	0.687717	FALSE	ORF1ab:cds-YP_009724389.1	AAG	K	GAG	E	1720
NC_045512.2	18627	G	A	2663	454	37	1	1	68	0.000375375	2664	0.500094	FALSE	ORF1ab:cds-YP_009724389.1	AAG	K	AAA	K	1720
NC_045512.2	18632	T	C	2678	471	37	1	1	34	0.000373274	2679	0.87514	FALSE	ORF1ab:cds-YP_009724389.1	TTT	F	TCT	S	1722
NC_045512.2	18635	T	G	2709	496	38	1	0	34	0.000368868	2711	0.875069	FALSE	ORF1ab:cds-YP_009724389.1	GTG	V	GGG	G	1723
NC_045512.2	18635	T	C	2709	496	38	1	1	68	0.000368868	2711	0.5	FALSE	ORF1ab:cds-YP_009724389.1	GTG	V	GCG	A	1723
NC_045512.2	18637	A	T	2626	510	38	1	0	26	0.000380662	2627	1	FALSE	ORF1ab:cds-YP_009724389.1	AAA	K	TAA	*	1724
NC_045512.2	18641	T	G	2833	526	38	1	0	34	0.000352858	2834	0.875132	FALSE	ORF1ab:cds-YP_009724389.1	ATA	I	AGA	R	1725
NC_045512.2	18642	A	G	2656	522	37	3	0	34	0.00112824	2659	0.500176	FALSE	ORF1ab:cds-YP_009724389.1	ATA	I	ATG	M	1725
NC_045512.2	18647	C	G	2988	546	38	1	0	34	0.000334448	2990	0.875063	FALSE	ORF1ab:cds-YP_009724389.1	CCT	P	CGT	R	1727
NC_045512.2	18647	C	A	2988	546	38	1	0	34	0.000334448	2990	0.875063	FALSE	ORF1ab:cds-YP_009724389.1	CCT	P	CAT	H	1727
NC_045512.2	18649	G	T	3130	547	38	1	0	34	0.000319387	3131	0.9376	FALSE	ORF1ab:cds-YP_009724389.1	GAG	E	TAG	*	1728
NC_045512.2	18650	A	G	3137	547	38	1	0	34	0.000318674	3138	0.9376	FALSE	ORF1ab:cds-YP_009724389.1	GAG	E	GGG	G	1728
NC_045512.2	18659	G	A	3582	617	38	1	0	34	0.000279096	3583	0.937587	FALSE	ORF1ab:cds-YP_009724389.1	TGT	C	TAT	Y	1731
NC_045512.2	18660	T	A	3569	620	38	1	0	26	0.000280112	3570	1	FALSE	ORF1ab:cds-YP_009724389.1	TGT	C	TGA	*	1731
NC_045512.2	18661	T	C	3500	624	38	1	0	34	0.000285551	3502	0.937554	FALSE	ORF1ab:cds-YP_009724389.1	TGT	C	CGT	R	1732
NC_045512.2	18661	T	A	3500	624	38	1	1	26	0.000285551	3502	1	FALSE	ORF1ab:cds-YP_009724389.1	TGT	C	AGT	S	1732
NC_045512.2	18667	T	C	3700	590	38	2	1	34	0.000540249	3702	0.812669	FALSE	ORF1ab:cds-YP_009724389.1	TGT	C	CGT	R	1734
NC_045512.2	18673	A	G	3507	634	37	1	0	34	0.000285063	3508	0.937589	FALSE	ORF1ab:cds-YP_009724389.1	AGA	R	GGA	G	1736
NC_045512.2	18677	G	T	3657	633	38	1	0	34	0.000273299	3659	0.937551	FALSE	ORF1ab:cds-YP_009724389.1	CGT	R	CTT	L	1737
NC_045512.2	18677	G	A	3657	633	38	1	0	34	0.000273299	3659	0.937551	FALSE	ORF1ab:cds-YP_009724389.1	CGT	R	CAT	H	1737
NC_045512.2	18678	T	C	3615	632	38	1	1	34	0.000276549	3616	0.937586	FALSE	ORF1ab:cds-YP_009724389.1	CGT	R	CGC	R	1737
NC_045512.2	18680	C	T	3473	692	38	1	1	68	0.000287853	3474	0.500072	FALSE	ORF1ab:cds-YP_009724389.1	GCC	A	GTC	V	1738
NC_045512.2	18682	A	T	3460	698	38	1	1	34	0.000288934	3461	0.93759	FALSE	ORF1ab:cds-YP_009724389.1	ACA	T	TCA	S	1739
NC_045512.2	18683	C	T	3298	730	38	1	0	34	0.000303122	3299	0.937595	FALSE	ORF1ab:cds-YP_009724389.1	ACA	T	ATA	I	1739
NC_045512.2	18684	A	G	3185	729	37	2	0	34	0.000627549	3187	0.812696	FALSE	ORF1ab:cds-YP_009724389.1	ACA	T	ACG	T	1739
NC_045512.2	18686	G	A	3298	729	38	2	0	34	0.000606061	3300	0.812689	FALSE	ORF1ab:cds-YP_009724389.1	TGC	C	TAC	Y	1740
NC_045512.2	18687	C	T	3352	739	37	1	0	34	0.000298151	3354	0.937556	FALSE	ORF1ab:cds-YP_009724389.1	TGC	C	TGT	C	1740
NC_045512.2	18687	C	G	3352	739	37	1	0	34	0.000298151	3354	0.937556	FALSE	ORF1ab:cds-YP_009724389.1	TGC	C	TGG	W	1740
NC_045512.2	18688	T	C	3366	754	38	1	0	34	0.000296472	3373	0.93737	FALSE	ORF1ab:cds-YP_009724389.1	TTT	F	CTT	L	1741
NC_045512.2	18688	T	A	3366	754	38	6	0	32	0.00177883	3373	0.25376	FALSE	ORF1ab:cds-YP_009724389.1	TTT	F	ATT	I	1741
NC_045512.2	18689	T	G	3346	740	37	1	0	34	0.000298686	3348	0.937556	FALSE	ORF1ab:cds-YP_009724389.1	TTT	F	TGT	C	1741
NC_045512.2	18689	T	C	3346	740	37	1	0	26	0.000298686	3348	1	FALSE	ORF1ab:cds-YP_009724389.1	TTT	F	TCT	S	1741
NC_045512.2	18690	T	A	3308	771	37	1	0	34	0.000302206	3309	0.937594	FALSE	ORF1ab:cds-YP_009724389.1	TTT	F	TTA	L	1741
NC_045512.2	18698	C	A	3243	841	37	1	0	26	0.000308261	3244	1	FALSE	ORF1ab:cds-YP_009724389.1	GCT	A	GAT	D	1744
NC_045512.2	18700	T	C	3344	838	37	1	0	34	0.000298954	3345	0.937593	FALSE	ORF1ab:cds-YP_009724389.1	TCA	S	CCA	P	1745
NC_045512.2	18703	G	T	0	0	0	3434	906	38	0.999709	3435	0	TRUE	ORF1ab:cds-YP_009724389.1	GAC	D	TAC	Y	1746
NC_045512.2	18703	G	C	0	0	0	1	1	68	0.000291121	3435	0.000291121	TRUE	ORF1ab:cds-YP_009724389.1	GAC	D	CAC	H	1746
NC_045512.2	18710	A	G	3543	1145	38	1	0	34	0.000282167	3544	0.937588	FALSE	ORF1ab:cds-YP_009724389.1	TAT	Y	TGT	C	1748
NC_045512.2	18713	C	T	3462	1151	38	9	2	41	0.00259291	3471	0.00194553	TRUE	ORF1ab:cds-YP_009724389.1	GCC	A	GTC	V	1749
NC_045512.2	18717	T	G	3185	967	37	2	1	30	0.000627156	3189	0.8125	FALSE	ORF1ab:cds-YP_009724389.1	TGT	C	TGG	W	1750
NC_045512.2	18717	T	C	3185	967	37	1	1	34	0.000313578	3189	0.93748	FALSE	ORF1ab:cds-YP_009724389.1	TGT	C	TGC	C	1750
NC_045512.2	18717	T	A	3185	967	37	1	0	34	0.000313578	3189	0.93748	FALSE	ORF1ab:cds-YP_009724389.1	TGT	C	TGA	*	1750
NC_045512.2	18718	T	C	3347	1132	38	1	1	34	0.000298686	3348	0.937593	FALSE	ORF1ab:cds-YP_009724389.1	TGG	W	CGG	R	1751
NC_045512.2	18720	G	A	3375	1179	39	2	0	51	0.000592242	3377	0.250037	FALSE	ORF1ab:cds-YP_009724389.1	TGG	W	TGA	*	1751
NC_045512.2	18723	T	C	3330	1207	38	3	3	42	0.00090009	3333	0.125	FALSE	ORF1ab:cds-YP_009724389.1	CAT	H	CAC	H	1752
NC_045512.2	18727	T	A	3418	1310	39	1	0	68	0.000292483	3419	0.500073	FALSE	ORF1ab:cds-YP_009724389.1	TCT	S	ACT	T	1754
NC_045512.2	18731	T	C	3498	1387	39	1	1	68	0.000285796	3499	0.500071	FALSE	ORF1ab:cds-YP_009724389.1	ATT	I	ACT	T	1755
NC_045512.2	18732	T	G	3480	1382	39	1	0	34	0.000287274	3481	0.93759	FALSE	ORF1ab:cds-YP_009724389.1	ATT	I	ATG	M	1755
NC_045512.2	18735	A	G	3602	1492	40	1	0	34	0.000277546	3603	0.937587	FALSE	ORF1ab:cds-YP_009724389.1	GGA	G	GGG	G	1756
NC_045512.2	18738	T	C	3524	1470	39	2	1	51	0.000567215	3526	0.250035	FALSE	ORF1ab:cds-YP_009724389.1	TTT	F	TTC	F	1757
NC_045512.2	18745	G	A	3633	1660	40	1	0	34	0.000275179	3634	0.937586	FALSE	ORF1ab:cds-YP_009724389.1	GTC	V	ATC	I	1760
NC_045512.2	18746	T	G	3731	1705	39	1	0	26	0.000267881	3733	1	FALSE	ORF1ab:cds-YP_009724389.1	GTC	V	GGC	G	1760
NC_045512.2	18746	T	C	3731	1705	39	1	1	68	0.000267881	3733	0.5	FALSE	ORF1ab:cds-YP_009724389.1	GTC	V	GCC	A	1760
NC_045512.2	18747	C	A	3775	1731	40	1	1	68	0.000264831	3776	0.500066	FALSE	ORF1ab:cds-YP_009724389.1	GTC	V	GTA	V	1760
NC_045512.2	18749	A	C	3795	1820	40	1	0	34	0.000263435	3796	0.937582	FALSE	ORF1ab:cds-YP_009724389.1	TAT	Y	TCT	S	1761
NC_045512.2	18752	A	G	3661	1811	39	1	0	68	0.000273075	3662	0.500068	FALSE	ORF1ab:cds-YP_009724389.1	AAT	N	AGT	S	1762
NC_045512.2	18753	T	C	3661	1793	40	1	1	34	0.000273075	3662	0.937585	FALSE	ORF1ab:cds-YP_009724389.1	AAT	N	AAC	N	1762
NC_045512.2	18755	C	G	3607	1817	39	1	0	34	0.000277162	3608	0.937587	FALSE	ORF1ab:cds-YP_009724389.1	CCG	P	CGG	R	1763
NC_045512.2	18756	G	C	3659	1795	39	1	0	34	0.000273224	3660	0.937585	FALSE	ORF1ab:cds-YP_009724389.1	CCG	P	CCC	P	1763
NC_045512.2	18758	T	C	3557	1862	39	1	0	46	0.000281057	3558	0.50007	FALSE	ORF1ab:cds-YP_009724389.1	TTT	F	TCT	S	1764
NC_045512.2	18759	T	C	3522	1869	39	1	1	34	0.000283849	3523	0.937589	FALSE	ORF1ab:cds-YP_009724389.1	TTT	F	TTC	F	1764
NC_045512.2	18763	A	G	3458	1917	38	1	0	34	0.000289101	3459	0.93759	FALSE	ORF1ab:cds-YP_009724389.1	ATT	I	GTT	V	1766
NC_045512.2	18765	T	C	3452	1885	39	1	1	34	0.000289603	3453	0.93759	FALSE	ORF1ab:cds-YP_009724389.1	ATT	I	ATC	I	1766
NC_045512.2	18771	T	C	3383	2021	38	1	1	34	0.000295508	3384	0.937592	FALSE	ORF1ab:cds-YP_009724389.1	GTT	V	GTC	V	1768
NC_045512.2	18777	A	C	3407	2128	38	1	1	27	0.000293427	3408	1	FALSE	ORF1ab:cds-YP_009724389.1	CAA	Q	CAC	H	1770
NC_045512.2	18786	T	G	3754	2559	39	2	0	30	0.000532481	3756	0.812666	FALSE	ORF1ab:cds-YP_009724389.1	TTT	F	TTG	L	1773
NC_045512.2	18787	A	G	3721	2549	38	1	0	27	0.000268673	3722	1	FALSE	ORF1ab:cds-YP_009724389.1	ACA	T	GCA	A	1774
NC_045512.2	18789	A	T	3649	2529	38	1	1	34	0.000273673	3654	0.937449	FALSE	ORF1ab:cds-YP_009724389.1	ACA	T	ACT	T	1774
NC_045512.2	18789	A	G	3649	2529	38	2	1	34	0.000547345	3654	0.812414	FALSE	ORF1ab:cds-YP_009724389.1	ACA	T	ACG	T	1774
NC_045512.2	18789	A	C	3649	2529	38	2	1	68	0.000547345	3654	0.249829	FALSE	ORF1ab:cds-YP_009724389.1	ACA	T	ACC	T	1774
NC_045512.2	18792	T	A	3734	2633	38	1	0	68	0.000267738	3735	0.500067	FALSE	ORF1ab:cds-YP_009724389.1	GGT	G	GGA	G	1775
NC_045512.2	18796	C	A	3844	2780	38	1	1	34	0.000260078	3845	0.937581	FALSE	ORF1ab:cds-YP_009724389.1	CTA	L	ATA	I	1777
NC_045512.2	18797	T	G	3784	2737	38	1	1	34	0.000264201	3785	0.937583	FALSE	ORF1ab:cds-YP_009724389.1	CTA	L	CGA	R	1777
NC_045512.2	18799	C	A	3758	2808	37	1	1	34	0.000266028	3759	0.937583	FALSE	ORF1ab:cds-YP_009724389.1	CAA	Q	AAA	K	1778
NC_045512.2	18803	G	A	3753	2832	37	1	1	24	0.000266383	3754	1	FALSE	ORF1ab:cds-YP_009724389.1	AGC	S	AAC	N	1779
NC_045512.2	18806	A	G	3691	2854	37	1	1	34	0.000270856	3692	0.937585	FALSE	ORF1ab:cds-YP_009724389.1	AAC	N	AGC	S	1780
NC_045512.2	18807	C	A	3627	2880	37	2	2	34	0.000551116	3629	0.812672	FALSE	ORF1ab:cds-YP_009724389.1	AAC	N	AAA	K	1780
NC_045512.2	18808	C	A	3271	2532	37	1	1	34	0.000305623	3272	0.937596	FALSE	ORF1ab:cds-YP_009724389.1	CAT	H	AAT	N	1781
NC_045512.2	18809	A	G	3245	2514	37	1	0	34	0.000307977	3247	0.937558	FALSE	ORF1ab:cds-YP_009724389.1	CAT	H	CGT	R	1781
NC_045512.2	18809	A	C	3245	2514	37	1	1	34	0.000307977	3247	0.937558	FALSE	ORF1ab:cds-YP_009724389.1	CAT	H	CCT	P	1781
NC_045512.2	18810	T	C	3259	2514	37	1	1	34	0.000306748	3260	0.937596	FALSE	ORF1ab:cds-YP_009724389.1	CAT	H	CAC	H	1781
NC_045512.2	18811	G	C	3285	2510	37	2	2	34	0.000608458	3287	0.81269	FALSE	ORF1ab:cds-YP_009724389.1	GAT	D	CAT	H	1782
NC_045512.2	18813	T	A	3398	2650	37	1	1	34	0.000294204	3399	0.937592	FALSE	ORF1ab:cds-YP_009724389.1	GAT	D	GAA	E	1782
NC_045512.2	18814	C	A	3378	2636	37	1	1	26	0.000295946	3379	1	FALSE	ORF1ab:cds-YP_009724389.1	CTG	L	ATG	M	1783
NC_045512.2	18815	T	C	3264	2528	37	1	1	68	0.000306279	3265	0.500077	FALSE	ORF1ab:cds-YP_009724389.1	CTG	L	CCG	P	1783
NC_045512.2	18816	G	A	3347	2548	37	1	1	34	0.000298686	3348	0.937593	FALSE	ORF1ab:cds-YP_009724389.1	CTG	L	CTA	L	1783
NC_045512.2	18817	T	A	3227	2433	37	3	3	26	0.000928793	3230	1	FALSE	ORF1ab:cds-YP_009724389.1	TAT	Y	AAT	N	1784
NC_045512.2	18820	T	G	3322	2541	38	1	1	34	0.000300933	3323	0.937594	FALSE	ORF1ab:cds-YP_009724389.1	TGT	C	GGT	G	1785
NC_045512.2	18824	A	G	3423	2645	38	1	0	34	0.000292056	3424	0.937591	FALSE	ORF1ab:cds-YP_009724389.1	CAA	Q	CGA	R	1786
NC_045512.2	18828	C	T	3598	2936	38	1	1	34	0.000277855	3599	0.937587	FALSE	ORF1ab:cds-YP_009724389.1	GTC	V	GTT	V	1787
NC_045512.2	18834	T	A	3495	2832	37	1	1	26	0.000286041	3496	1	FALSE	ORF1ab:cds-YP_009724389.1	GGT	G	GGA	G	1789
NC_045512.2	18838	G	A	3728	3122	39	1	1	34	0.000268168	3729	0.937584	FALSE	ORF1ab:cds-YP_009724389.1	GCA	A	ACA	T	1791
NC_045512.2	18841	C	A	3798	3212	39	1	1	34	0.000263227	3799	0.937582	FALSE	ORF1ab:cds-YP_009724389.1	CAT	H	AAT	N	1792
NC_045512.2	18843	T	C	3620	3033	39	2	2	34	0.000552181	3622	0.812673	FALSE	ORF1ab:cds-YP_009724389.1	CAT	H	CAC	H	1792
NC_045512.2	18845	T	C	3636	3085	39	1	0	68	0.000274952	3637	0.500069	FALSE	ORF1ab:cds-YP_009724389.1	GTA	V	GCA	A	1793
NC_045512.2	18850	A	G	3549	3068	39	1	1	34	0.00028169	3550	0.937588	FALSE	ORF1ab:cds-YP_009724389.1	AGT	S	GGT	G	1795
NC_045512.2	18851	G	C	3569	3072	39	3	3	28	0.000839866	3572	1	FALSE	ORF1ab:cds-YP_009724389.1	AGT	S	ACT	T	1795
NC_045512.2	18855	T	C	3595	3154	40	2	2	34	0.000556019	3597	0.812674	FALSE	ORF1ab:cds-YP_009724389.1	TGT	C	TGC	C	1796
NC_045512.2	18860	C	T	3589	3215	39	1	1	34	0.000278552	3590	0.937587	FALSE	ORF1ab:cds-YP_009724389.1	GCA	A	GTA	V	1798
NC_045512.2	18861	A	T	3556	3175	39	1	1	34	0.000280899	3560	0.937482	FALSE	ORF1ab:cds-YP_009724389.1	GCA	A	GCT	A	1798
NC_045512.2	18861	A	G	3556	3175	39	2	2	34	0.000561798	3560	0.8125	FALSE	ORF1ab:cds-YP_009724389.1	GCA	A	GCG	A	1798
NC_045512.2	18861	A	C	3556	3175	39	1	1	34	0.000280899	3560	0.937482	FALSE	ORF1ab:cds-YP_009724389.1	GCA	A	GCC	A	1798
NC_045512.2	18862	A	G	3549	3176	39	1	1	34	0.00028169	3550	0.937588	FALSE	ORF1ab:cds-YP_009724389.1	ATC	I	GTC	V	1799
NC_045512.2	18866	T	C	3510	3140	39	1	1	34	0.000284819	3511	0.937589	FALSE	ORF1ab:cds-YP_009724389.1	ATG	M	ACG	T	1800
NC_045512.2	18870	T	C	3501	3182	38	1	1	34	0.000285551	3502	0.937589	FALSE	ORF1ab:cds-YP_009724389.1	ACT	T	ACC	T	1801
NC_045512.2	18872	G	T	3408	3091	38	1	0	34	0.000293341	3409	0.937592	FALSE	ORF1ab:cds-YP_009724389.1	AGG	R	ATG	M	1802
NC_045512.2	18873	G	A	3415	3101	38	1	1	34	0.00029274	3416	0.937591	FALSE	ORF1ab:cds-YP_009724389.1	AGG	R	AGA	R	1802
NC_045512.2	18875	G	C	3265	2963	38	1	1	34	0.000306185	3266	0.937596	FALSE	ORF1ab:cds-YP_009724389.1	TGT	C	TCT	S	1803
NC_045512.2	18876	T	G	2677	2379	35	1	1	34	0.000373413	2678	0.87514	FALSE	ORF1ab:cds-YP_009724389.1	TGT	C	TGG	W	1803
NC_045512.2	18878	T	C	3189	2894	38	1	1	34	0.00031348	3190	0.937598	FALSE	ORF1ab:cds-YP_009724389.1	CTA	L	CCA	P	1804
NC_045512.2	18880	G	C	3185	2893	38	1	1	26	0.000313873	3186	1	FALSE	ORF1ab:cds-YP_009724389.1	GCT	A	CCT	P	1805
NC_045512.2	18881	C	A	3171	2906	38	1	1	34	0.000315259	3172	0.937599	FALSE	ORF1ab:cds-YP_009724389.1	GCT	A	GAT	D	1805
NC_045512.2	18883	G	T	2812	2552	38	1	1	27	0.000355366	2814	1	FALSE	ORF1ab:cds-YP_009724389.1	GTC	V	TTC	F	1806
NC_045512.2	18883	G	C	2812	2552	38	1	1	27	0.000355366	2814	1	FALSE	ORF1ab:cds-YP_009724389.1	GTC	V	CTC	L	1806
NC_045512.2	18890	A	C	2642	2396	38	1	1	34	0.000378358	2643	0.875142	FALSE	ORF1ab:cds-YP_009724389.1	GAG	E	GCG	A	1808
NC_045512.2	18892	T	C	2410	2174	38	1	1	34	0.000414766	2411	0.875156	FALSE	ORF1ab:cds-YP_009724389.1	TGC	C	CGC	R	1809
NC_045512.2	18896	T	C	3993	2263	36	2	1	34	0.000500626	3995	0.812656	FALSE	ORF1ab:cds-YP_009724389.1	TTT	F	TCT	S	1810
NC_045512.2	18897	T	C	3931	2156	35	3	2	34	0.000762583	3934	0.656429	FALSE	ORF1ab:cds-YP_009724389.1	TTT	F	TTC	F	1810
NC_045512.2	18900	T	C	4029	2208	36	1	0	34	0.000248139	4030	0.968808	FALSE	ORF1ab:cds-YP_009724389.1	GTT	V	GTC	V	1811
NC_045512.2	18905	G	T	4134	2100	36	1	1	34	0.000241255	4145	0.968618	FALSE	ORF1ab:cds-YP_009724389.1	CGT	R	CTT	L	1813
NC_045512.2	18905	G	C	4134	2100	36	1	1	26	0.000241255	4145	1	FALSE	ORF1ab:cds-YP_009724389.1	CGT	R	CCT	P	1813
NC_045512.2	18905	G	A	4134	2100	36	9	9	33	0.00217129	4145	0.133138	FALSE	ORF1ab:cds-YP_009724389.1	CGT	R	CAT	H	1813
NC_045512.2	18906	T	C	4041	2023	36	1	1	34	0.000247402	4042	0.968808	FALSE	ORF1ab:cds-YP_009724389.1	CGT	R	CGC	R	1813
NC_045512.2	18908	T	G	3804	1816	35	1	0	26	0.000262812	3805	1	FALSE	ORF1ab:cds-YP_009724389.1	GTT	V	GGT	G	1814
NC_045512.2	18911	A	G	4126	2030	36	1	0	34	0.000242307	4127	0.968807	FALSE	ORF1ab:cds-YP_009724389.1	GAC	D	GGC	G	1815
NC_045512.2	18913	T	G	4050	1993	35	2	0	30	0.000493583	4052	0.89077	FALSE	ORF1ab:cds-YP_009724389.1	TGG	W	GGG	G	1816
NC_045512.2	18914	G	T	4107	1910	36	1	0	34	0.000243368	4109	0.968788	FALSE	ORF1ab:cds-YP_009724389.1	TGG	W	TTG	L	1816
NC_045512.2	18914	G	A	4107	1910	36	1	1	34	0.000243368	4109	0.968788	FALSE	ORF1ab:cds-YP_009724389.1	TGG	W	TAG	*	1816
NC_045512.2	18918	T	G	4177	1817	35	1	1	26	0.000239349	4178	1	FALSE	ORF1ab:cds-YP_009724389.1	ACT	T	ACG	T	1817
NC_045512.2	18919	A	T	4322	1807	35	2	0	30	0.000462535	4324	0.890761	FALSE	ORF1ab:cds-YP_009724389.1	ATT	I	TTT	F	1818
NC_045512.2	18921	T	C	4305	1766	35	1	1	34	0.000232234	4306	0.968804	FALSE	ORF1ab:cds-YP_009724389.1	ATT	I	ATC	I	1818
NC_045512.2	18923	A	G	4107	1673	34	3	0	34	0.000729927	4110	0.773637	FALSE	ORF1ab:cds-YP_009724389.1	GAA	E	GGA	G	1819
NC_045512.2	18925	T	A	4213	1659	35	1	1	34	0.000237304	4214	0.968806	FALSE	ORF1ab:cds-YP_009724389.1	TAT	Y	AAT	N	1820
NC_045512.2	18927	T	G	4287	1504	35	1	1	34	0.0002331	4290	0.968768	FALSE	ORF1ab:cds-YP_009724389.1	TAT	Y	TAG	*	1820
NC_045512.2	18927	T	C	4287	1504	35	2	0	34	0.0004662	4290	0.890707	FALSE	ORF1ab:cds-YP_009724389.1	TAT	Y	TAC	Y	1820
NC_045512.2	18928	C	A	3999	1205	35	1	0	34	0.00025	4000	0.968789	FALSE	ORF1ab:cds-YP_009724389.1	CCT	P	ACT	T	1821
NC_045512.2	18932	T	G	4037	1204	35	1	0	34	0.000247647	4038	0.968808	FALSE	ORF1ab:cds-YP_009724389.1	ATA	I	AGA	R	1822
NC_045512.2	18935	T	G	2963	158	35	1	0	34	0.000337382	2964	0.875127	FALSE	ORF1ab:cds-YP_009724389.1	ATT	I	AGT	S	1823
NC_045512.2	18939	T	G	3041	205	35	1	0	34	0.000328731	3042	0.937603	FALSE	ORF1ab:cds-YP_009724389.1	GGT	G	GGG	G	1824
NC_045512.2	18949	A	G	3299	319	37	1	0	34	0.00030303	3300	0.937595	FALSE	ORF1ab:cds-YP_009724389.1	AAG	K	GAG	E	1828
NC_045512.2	18951	G	T	3383	324	37	1	0	34	0.000295421	3385	0.937555	FALSE	ORF1ab:cds-YP_009724389.1	AAG	K	AAT	N	1828
NC_045512.2	18951	G	A	3383	324	37	1	0	34	0.000295421	3385	0.937555	FALSE	ORF1ab:cds-YP_009724389.1	AAG	K	AAA	K	1828
NC_045512.2	18956	A	G	3269	375	38	2	0	34	0.000611434	3271	0.812691	FALSE	ORF1ab:cds-YP_009724389.1	AAT	N	AGT	S	1830
NC_045512.2	18959	C	T	3338	397	38	2	0	29	0.000598802	3340	1	FALSE	ORF1ab:cds-YP_009724389.1	GCG	A	GTG	V	1831
NC_045512.2	18963	T	G	3551	407	38	1	0	26	0.000281532	3552	1	FALSE	ORF1ab:cds-YP_009724389.1	GCT	A	GCG	A	1832
NC_045512.2	18965	G	T	3659	429	39	1	0	26	0.000273224	3660	1	FALSE	ORF1ab:cds-YP_009724389.1	TGT	C	TTT	F	1833
NC_045512.2	18966	T	C	3621	456	39	1	0	34	0.000276091	3622	0.937586	FALSE	ORF1ab:cds-YP_009724389.1	TGT	C	TGC	C	1833
NC_045512.2	18967	A	G	3613	459	39	2	0	34	0.00055325	3615	0.812673	FALSE	ORF1ab:cds-YP_009724389.1	AGA	R	GGA	G	1834
NC_045512.2	18975	T	C	3826	516	40	1	0	34	0.000261301	3827	0.937582	FALSE	ORF1ab:cds-YP_009724389.1	GTT	V	GTC	V	1836
NC_045512.2	18976	C	T	3808	544	40	1	1	26	0.000262536	3809	1	FALSE	ORF1ab:cds-YP_009724389.1	CAA	Q	TAA	*	1837
NC_045512.2	18978	A	G	3697	553	39	1	0	34	0.000270416	3698	0.937584	FALSE	ORF1ab:cds-YP_009724389.1	CAA	Q	CAG	Q	1837
NC_045512.2	18979	C	A	3821	553	40	1	0	34	0.000261643	3822	0.937582	FALSE	ORF1ab:cds-YP_009724389.1	CAC	H	AAC	N	1838
NC_045512.2	18980	A	G	3658	585	40	1	0	34	0.000273299	3659	0.937585	FALSE	ORF1ab:cds-YP_009724389.1	CAC	H	CGC	R	1838
NC_045512.2	18982	A	T	3703	582	40	1	0	34	0.000269978	3704	0.937584	FALSE	ORF1ab:cds-YP_009724389.1	ATG	M	TTG	L	1839
NC_045512.2	18986	T	C	3274	693	39	1	0	34	0.000305344	3275	0.937595	FALSE	ORF1ab:cds-YP_009724389.1	GTT	V	GCT	A	1840
NC_045512.2	18988	G	A	3297	672	39	1	1	34	0.000303214	3298	0.937595	FALSE	ORF1ab:cds-YP_009724389.1	GTT	V	ATT	I	1841
NC_045512.2	18991	A	G	3101	683	39	1	0	26	0.000322373	3102	1	FALSE	ORF1ab:cds-YP_009724389.1	AAA	K	GAA	E	1842
NC_045512.2	18995	C	T	2971	782	39	1	0	34	0.000336474	2972	0.875126	FALSE	ORF1ab:cds-YP_009724389.1	GCT	A	GTT	V	1843
NC_045512.2	18996	T	C	2948	740	39	1	1	34	0.000339098	2949	0.875127	FALSE	ORF1ab:cds-YP_009724389.1	GCT	A	GCC	A	1843
NC_045512.2	18997	G	A	3025	743	39	1	0	34	0.000330469	3026	0.937603	FALSE	ORF1ab:cds-YP_009724389.1	GCA	A	ACA	T	1844
NC_045512.2	18998	C	T	2976	770	39	7	2	38	0.00234663	2983	0.0897611	FALSE	ORF1ab:cds-YP_009724389.1	GCA	A	GTA	V	1844
NC_045512.2	18999	A	C	3055	817	39	1	1	34	0.000327225	3056	0.937602	FALSE	ORF1ab:cds-YP_009724389.1	GCA	A	GCC	A	1844
NC_045512.2	19002	A	C	3348	839	38	1	1	34	0.000298597	3349	0.937593	FALSE	ORF1ab:cds-YP_009724389.1	TTA	L	TTC	F	1845
NC_045512.2	19004	T	C	3402	887	39	1	0	34	0.000293858	3403	0.937592	FALSE	ORF1ab:cds-YP_009724389.1	TTA	L	TCA	S	1846
NC_045512.2	19015	T	C	3332	1196	40	1	0	68	0.00030003	3333	0.500075	FALSE	ORF1ab:cds-YP_009724389.1	TTC	F	CTC	L	1850
NC_045512.2	19016	T	C	3305	1202	40	2	2	34	0.000604778	3307	0.812689	FALSE	ORF1ab:cds-YP_009724389.1	TTC	F	TCC	S	1850
NC_045512.2	19017	C	T	0	0	0	3308	1204	39	1	3308	0	TRUE	ORF1ab:cds-YP_009724389.1	TTC	F	TTT	F	1850
NC_045512.2	19018	C	G	3269	1264	39	1	0	26	0.00030581	3270	1	FALSE	ORF1ab:cds-YP_009724389.1	CCA	P	GCA	A	1851
NC_045512.2	19020	A	G	3140	1295	38	1	0	24	0.00031837	3141	1	FALSE	ORF1ab:cds-YP_009724389.1	CCA	P	CCG	P	1851
NC_045512.2	19028	A	T	3029	1351	37	1	1	34	0.000329924	3031	0.937562	FALSE	ORF1ab:cds-YP_009724389.1	CAC	H	CTC	L	1854
NC_045512.2	19028	A	G	3029	1351	37	1	0	68	0.000329924	3031	0.5	FALSE	ORF1ab:cds-YP_009724389.1	CAC	H	CGC	R	1854
NC_045512.2	19029	C	G	3133	1428	37	1	0	34	0.000319081	3134	0.9376	FALSE	ORF1ab:cds-YP_009724389.1	CAC	H	CAG	Q	1854
NC_045512.2	19032	C	T	3168	1434	37	1	0	34	0.000315557	3169	0.937599	FALSE	ORF1ab:cds-YP_009724389.1	GAC	D	GAT	D	1855
NC_045512.2	19033	A	G	3122	1408	37	1	0	34	0.000320205	3123	0.9376	FALSE	ORF1ab:cds-YP_009724389.1	ATT	I	GTT	V	1856
NC_045512.2	19035	T	C	3155	1417	37	1	0	34	0.000316857	3156	0.937599	FALSE	ORF1ab:cds-YP_009724389.1	ATT	I	ATC	I	1856
NC_045512.2	19037	G	T	3194	1422	37	1	0	34	0.000312891	3196	0.937559	FALSE	ORF1ab:cds-YP_009724389.1	GGT	G	GTT	V	1857
NC_045512.2	19037	G	A	3194	1422	37	1	0	34	0.000312891	3196	0.937559	FALSE	ORF1ab:cds-YP_009724389.1	GGT	G	GAT	D	1857
NC_045512.2	19038	T	C	3157	1392	37	1	0	46	0.000316656	3158	0.500079	FALSE	ORF1ab:cds-YP_009724389.1	GGT	G	GGC	G	1857
NC_045512.2	19045	A	G	3348	1463	37	1	0	34	0.000298597	3349	0.937593	FALSE	ORF1ab:cds-YP_009724389.1	AAA	K	GAA	E	1860
NC_045512.2	19048	G	T	3405	1479	37	1	1	34	0.0002936	3406	0.937592	FALSE	ORF1ab:cds-YP_009724389.1	GCT	A	TCT	S	1861
NC_045512.2	19052	T	C	3178	1355	37	1	0	34	0.000314564	3179	0.937598	FALSE	ORF1ab:cds-YP_009724389.1	ATT	I	ACT	T	1862
NC_045512.2	19060	G	T	3325	1399	38	1	1	26	0.000300661	3326	1	FALSE	ORF1ab:cds-YP_009724389.1	GTA	V	TTA	L	1865
NC_045512.2	19065	T	G	3252	1447	37	1	1	34	0.000307314	3254	0.937558	FALSE	ORF1ab:cds-YP_009724389.1	CCT	P	CCG	P	1866
NC_045512.2	19065	T	C	3252	1447	37	1	1	34	0.000307314	3254	0.937558	FALSE	ORF1ab:cds-YP_009724389.1	CCT	P	CCC	P	1866
NC_045512.2	19069	G	T	3197	1391	37	1	1	34	0.000312598	3199	0.937559	FALSE	ORF1ab:cds-YP_009724389.1	GCT	A	TCT	S	1868
NC_045512.2	19069	G	C	3197	1391	37	1	1	26	0.000312598	3199	1	FALSE	ORF1ab:cds-YP_009724389.1	GCT	A	CCT	P	1868
NC_045512.2	19074	T	C	3099	1360	37	1	0	34	0.000322581	3100	0.937601	FALSE	ORF1ab:cds-YP_009724389.1	GAT	D	GAC	D	1869
NC_045512.2	19077	A	G	3108	1381	37	1	1	34	0.000321647	3109	0.937601	FALSE	ORF1ab:cds-YP_009724389.1	GTA	V	GTG	V	1870
NC_045512.2	19085	A	G	2941	1389	37	1	1	34	0.000339789	2943	0.875064	FALSE	ORF1ab:cds-YP_009724389.1	AAG	K	AGG	R	1873
NC_045512.2	19085	A	C	2941	1389	37	1	0	26	0.000339789	2943	1	FALSE	ORF1ab:cds-YP_009724389.1	AAG	K	ACG	T	1873
NC_045512.2	19100	A	G	3315	1896	38	1	0	34	0.000301568	3316	0.937594	FALSE	ORF1ab:cds-YP_009724389.1	CAG	Q	CGG	R	1878
NC_045512.2	19101	G	A	3320	1941	38	2	0	34	0.000602047	3322	0.812688	FALSE	ORF1ab:cds-YP_009724389.1	CAG	Q	CAA	Q	1878
NC_045512.2	19102	C	G	3238	1959	38	1	0	26	0.000308642	3240	1	FALSE	ORF1ab:cds-YP_009724389.1	CCT	P	GCT	A	1879
NC_045512.2	19102	C	A	3238	1959	38	1	1	34	0.000308642	3240	0.937558	FALSE	ORF1ab:cds-YP_009724389.1	CCT	P	ACT	T	1879
NC_045512.2	19104	T	C	3196	1907	38	1	1	34	0.000312793	3197	0.937598	FALSE	ORF1ab:cds-YP_009724389.1	CCT	P	CCC	P	1879
NC_045512.2	19107	T	C	3191	1920	38	1	1	34	0.000313283	3192	0.937598	FALSE	ORF1ab:cds-YP_009724389.1	TGT	C	TGC	C	1880
NC_045512.2	19110	T	C	2796	1523	38	1	0	34	0.000357526	2797	0.875134	FALSE	ORF1ab:cds-YP_009724389.1	AGT	S	AGC	S	1881
NC_045512.2	19114	A	G	2724	1608	38	1	0	34	0.000366972	2725	0.875138	FALSE	ORF1ab:cds-YP_009724389.1	AAA	K	GAA	E	1883
NC_045512.2	19121	A	C	2891	1637	38	1	1	34	0.000345781	2892	0.87513	FALSE	ORF1ab:cds-YP_009724389.1	TAT	Y	TCT	S	1885
NC_045512.2	19126	A	T	2906	1696	39	1	1	26	0.000343879	2908	1	FALSE	ORF1ab:cds-YP_009724389.1	ATA	I	TTA	L	1887
NC_045512.2	19126	A	C	2906	1696	39	1	1	26	0.000343879	2908	1	FALSE	ORF1ab:cds-YP_009724389.1	ATA	I	CTA	L	1887
NC_045512.2	19134	A	C	2773	1738	38	2	2	34	0.000720721	2775	0.687703	FALSE	ORF1ab:cds-YP_009724389.1	GAA	E	GAC	D	1889
NC_045512.2	19139	T	C	3072	2055	39	1	0	34	0.000325415	3073	0.937602	FALSE	ORF1ab:cds-YP_009724389.1	TTC	F	TCC	S	1891
NC_045512.2	19140	C	G	3004	2132	38	1	0	34	0.000332779	3005	0.937604	FALSE	ORF1ab:cds-YP_009724389.1	TTC	F	TTG	L	1891
NC_045512.2	19143	T	G	2939	2065	38	1	0	27	0.000340136	2940	1	FALSE	ORF1ab:cds-YP_009724389.1	TAT	Y	TAG	*	1892
NC_045512.2	19145	C	A	2939	2058	39	1	1	34	0.000340136	2940	0.875128	FALSE	ORF1ab:cds-YP_009724389.1	TCT	S	TAT	Y	1893
NC_045512.2	19146	T	C	2843	1969	39	1	1	68	0.000351617	2844	0.500088	FALSE	ORF1ab:cds-YP_009724389.1	TCT	S	TCC	S	1893
NC_045512.2	19150	G	T	2858	2068	38	1	0	34	0.000349773	2859	0.875131	FALSE	ORF1ab:cds-YP_009724389.1	GCC	A	TCC	S	1895
NC_045512.2	19151	C	A	2848	2084	38	1	1	26	0.000351	2849	1	FALSE	ORF1ab:cds-YP_009724389.1	GCC	A	GAC	D	1895
NC_045512.2	19152	C	T	2978	2230	39	1	1	34	0.000335683	2979	0.875126	FALSE	ORF1ab:cds-YP_009724389.1	GCC	A	GCT	A	1895
NC_045512.2	19153	A	T	2975	2225	38	1	1	34	0.000336022	2976	0.875126	FALSE	ORF1ab:cds-YP_009724389.1	ACA	T	TCA	S	1896
NC_045512.2	19155	A	G	3139	2425	39	1	0	34	0.000318471	3140	0.9376	FALSE	ORF1ab:cds-YP_009724389.1	ACA	T	ACG	T	1896
NC_045512.2	19156	C	-A	3103	2425	38	1	0	20	0.000322269	3103	1	FALSE	NA	NA	NA	NA	NA	NA
NC_045512.2	19157	A	T	3017	2354	38	1	1	34	0.000331345	3018	0.937562	FALSE	ORF1ab:cds-YP_009724389.1	CAT	H	CTT	L	1897
NC_045512.2	19158	T	C	3008	2355	38	1	0	34	0.000332336	3009	0.937604	FALSE	ORF1ab:cds-YP_009724389.1	CAT	H	CAC	H	1897
NC_045512.2	19159	T	A	2945	2323	38	1	1	34	0.000339443	2946	0.875127	FALSE	ORF1ab:cds-YP_009724389.1	TCT	S	ACT	T	1898
NC_045512.2	19163	A	G	3187	2625	38	1	1	34	0.000313676	3188	0.937598	FALSE	ORF1ab:cds-YP_009724389.1	GAC	D	GGC	G	1899
NC_045512.2	19165	A	G	3503	3063	38	1	0	68	0.000285388	3504	0.500071	FALSE	ORF1ab:cds-YP_009724389.1	AAA	K	GAA	E	1900
NC_045512.2	19167	A	G	3583	3143	39	1	1	26	0.000279018	3584	1	FALSE	ORF1ab:cds-YP_009724389.1	AAA	K	AAG	K	1900
NC_045512.2	19169	T	C	3720	3296	39	1	1	68	0.000268745	3721	0.500067	FALSE	ORF1ab:cds-YP_009724389.1	TTC	F	TCC	S	1901
NC_045512.2	19173	A	T	3733	3337	39	2	2	30	0.000535475	3735	0.812667	FALSE	ORF1ab:cds-YP_009724389.1	ACA	T	ACT	T	1902
NC_045512.2	19177	G	A	3598	3209	38	1	1	34	0.000277855	3599	0.937587	FALSE	ORF1ab:cds-YP_009724389.1	GGT	G	AGT	S	1904
NC_045512.2	19179	T	C	3652	3268	39	2	2	34	0.000547345	3654	0.812671	FALSE	ORF1ab:cds-YP_009724389.1	GGT	G	GGC	G	1904
NC_045512.2	19183	T	C	3635	3253	39	1	1	34	0.000275028	3636	0.937586	FALSE	ORF1ab:cds-YP_009724389.1	TGC	C	CGC	R	1906
NC_045512.2	19184	G	A	3598	3222	39	1	1	68	0.000277855	3599	0.500069	FALSE	ORF1ab:cds-YP_009724389.1	TGC	C	TAC	Y	1906
NC_045512.2	19186	C	A	3554	3214	38	3	3	29	0.000843407	3557	1	FALSE	ORF1ab:cds-YP_009724389.1	CTA	L	ATA	I	1907
NC_045512.2	19187	T	C	2913	2584	38	1	1	34	0.000343171	2914	0.875129	FALSE	ORF1ab:cds-YP_009724389.1	CTA	L	CCA	P	1907
NC_045512.2	19195	A	G	2770	2507	38	1	1	68	0.000360881	2771	0.50009	FALSE	ORF1ab:cds-YP_009724389.1	AAT	N	GAT	D	1910
NC_045512.2	19196	A	-T	2788	2527	38	1	0	20	0.00035868	2788	1	FALSE	NA	NA	NA	NA	NA	NA
NC_045512.2	19198	T	C	2739	2493	37	1	0	68	0.000364964	2740	0.500091	FALSE	ORF1ab:cds-YP_009724389.1	TGC	C	CGC	R	1911
NC_045512.2	19203	T	A	2631	2473	36	1	1	26	0.000379939	2632	1	FALSE	ORF1ab:cds-YP_009724389.1	AAT	N	AAA	K	1912
NC_045512.2	19206	C	A	2699	2547	36	1	1	34	0.00037037	2700	0.875139	FALSE	ORF1ab:cds-YP_009724389.1	GTC	V	GTA	V	1913
NC_045512.2	19217	C	A	2504	2373	36	1	0	34	0.000399202	2505	0.87515	FALSE	ORF1ab:cds-YP_009724389.1	CCT	P	CAT	H	1917
NC_045512.2	19218	T	C	2404	2269	36	1	1	34	0.0004158	2405	0.875156	FALSE	ORF1ab:cds-YP_009724389.1	CCT	P	CCC	P	1917
NC_045512.2	19222	A	C	2390	2259	36	1	1	34	0.000418235	2391	0.875157	FALSE	ORF1ab:cds-YP_009724389.1	AAT	N	CAT	H	1919
NC_045512.2	19225	T	A	2396	2267	36	1	1	34	0.000417188	2397	0.875156	FALSE	ORF1ab:cds-YP_009724389.1	TCC	S	ACC	T	1920
NC_045512.2	19226	C	T	2382	2255	36	1	1	34	0.000419639	2383	0.875157	FALSE	ORF1ab:cds-YP_009724389.1	TCC	S	TTC	F	1920
NC_045512.2	19228	A	G	2292	2166	36	1	1	34	0.00043611	2293	0.875164	FALSE	ORF1ab:cds-YP_009724389.1	ATT	I	GTT	V	1921
NC_045512.2	19230	T	C	2319	2196	36	3	3	34	0.00129199	2322	0.500202	FALSE	ORF1ab:cds-YP_009724389.1	ATT	I	ATC	I	1921
NC_045512.2	19231	G	C	2304	2180	36	1	1	26	0.000433839	2305	1	FALSE	ORF1ab:cds-YP_009724389.1	GTT	V	CTT	L	1922
NC_045512.2	19234	T	C	2231	2129	35	1	1	34	0.000448029	2232	0.875168	FALSE	ORF1ab:cds-YP_009724389.1	TGT	C	CGT	R	1923
NC_045512.2	19235	G	C	2219	2116	35	6	6	31	0.00269542	2226	0.14431	FALSE	ORF1ab:cds-YP_009724389.1	TGT	C	TCT	S	1923
NC_045512.2	19235	G	A	2219	2116	35	1	1	34	0.000449236	2226	0.874662	FALSE	ORF1ab:cds-YP_009724389.1	TGT	C	TAT	Y	1923
NC_045512.2	19237	A	G	1952	1856	36	1	1	34	0.000512033	1953	0.750192	FALSE	ORF1ab:cds-YP_009724389.1	AGA	R	GGA	G	1924
NC_045512.2	19239	A	G	1926	1849	35	1	1	34	0.000518672	1928	0.750065	FALSE	ORF1ab:cds-YP_009724389.1	AGA	R	AGG	R	1924
NC_045512.2	19239	A	C	1926	1849	35	1	1	34	0.000518672	1928	0.750065	FALSE	ORF1ab:cds-YP_009724389.1	AGA	R	AGC	S	1924
NC_045512.2	19242	T	C	1798	1724	35	1	1	34	0.000555864	1799	0.750209	FALSE	ORF1ab:cds-YP_009724389.1	TTT	F	TTC	F	1925
NC_045512.2	19244	A	G	1833	1765	35	2	2	34	0.00108992	1835	0.500204	FALSE	ORF1ab:cds-YP_009724389.1	GAC	D	GGC	G	1926
NC_045512.2	19246	A	G	1814	1749	35	1	1	34	0.000550964	1815	0.750207	FALSE	ORF1ab:cds-YP_009724389.1	ACT	T	GCT	A	1927
NC_045512.2	19326	A	G	0	0	0	11	2	36	1	11	2.83514e-06	TRUE	ORF1ab:cds-YP_009724389.1	CCA	P	CCG	P	1953
NC_045512.2	19521	T	A	2537	140	33	1	1	26	0.000394011	2538	1	FALSE	ORF1ab:cds-YP_009724389.1	TAT	Y	TAA	*	2018
NC_045512.2	19528	G	T	2852	195	34	1	0	34	0.000350508	2853	0.875131	FALSE	ORF1ab:cds-YP_009724389.1	GCT	A	TCT	S	2021
NC_045512.2	19529	C	G	2842	202	34	5	0	32	0.00175377	2851	0.225987	FALSE	ORF1ab:cds-YP_009724389.1	GCT	A	GGT	G	2021
NC_045512.2	19529	C	A	2842	202	34	4	0	30	0.00140302	2851	0.343009	FALSE	ORF1ab:cds-YP_009724389.1	GCT	A	GAT	D	2021
NC_045512.2	19532	A	T	2934	215	34	1	0	26	0.000340716	2935	1	FALSE	ORF1ab:cds-YP_009724389.1	TAT	Y	TTT	F	2022
NC_045512.2	19534	A	G	2927	220	34	2	0	34	0.000682827	2929	0.687692	FALSE	ORF1ab:cds-YP_009724389.1	AAC	N	GAC	D	2023
NC_045512.2	19536	C	G	3005	221	34	1	0	34	0.000332668	3006	0.937604	FALSE	ORF1ab:cds-YP_009724389.1	AAC	N	AAG	K	2023
NC_045512.2	19538	T	C	3014	219	34	1	1	34	0.000331675	3015	0.937604	FALSE	ORF1ab:cds-YP_009724389.1	ATG	M	ACG	T	2024
NC_045512.2	19541	T	C	3052	224	34	1	0	34	0.000327547	3053	0.937602	FALSE	ORF1ab:cds-YP_009724389.1	ATG	M	ACG	T	2025
NC_045512.2	19544	T	G	3083	207	34	1	0	34	0.000324254	3084	0.937601	FALSE	ORF1ab:cds-YP_009724389.1	ATC	I	AGC	S	2026
NC_045512.2	19545	C	T	3140	266	35	1	0	34	0.00031837	3141	0.937599	FALSE	ORF1ab:cds-YP_009724389.1	ATC	I	ATT	I	2026
NC_045512.2	19550	C	T	3311	291	35	1	0	34	0.000301932	3312	0.937594	FALSE	ORF1ab:cds-YP_009724389.1	GCT	A	GTT	V	2028
NC_045512.2	19553	G	T	3540	297	35	1	0	26	0.000282406	3541	1	FALSE	ORF1ab:cds-YP_009724389.1	GGC	G	GTC	V	2029
NC_045512.2	19556	T	C	3509	325	36	1	0	34	0.0002849	3510	0.937589	FALSE	ORF1ab:cds-YP_009724389.1	TTT	F	TCT	S	2030
NC_045512.2	19557	T	C	3512	331	36	1	0	34	0.000284657	3513	0.937589	FALSE	ORF1ab:cds-YP_009724389.1	TTT	F	TTC	F	2030
NC_045512.2	19558	A	G	3497	329	36	2	0	30	0.000571592	3499	0.812679	FALSE	ORF1ab:cds-YP_009724389.1	AGC	S	GGC	G	2031
NC_045512.2	19559	G	A	3589	327	36	1	0	26	0.000278552	3590	1	FALSE	ORF1ab:cds-YP_009724389.1	AGC	S	AAC	N	2031
NC_045512.2	19560	C	G	3592	354	36	1	0	26	0.000278319	3593	1	FALSE	ORF1ab:cds-YP_009724389.1	AGC	S	AGG	R	2031
NC_045512.2	19564	T	C	3588	379	37	2	0	30	0.000557103	3590	0.812674	FALSE	ORF1ab:cds-YP_009724389.1	TGG	W	CGG	R	2033
NC_045512.2	19565	G	A	3620	379	37	1	0	34	0.000276167	3621	0.937586	FALSE	ORF1ab:cds-YP_009724389.1	TGG	W	TAG	*	2033
NC_045512.2	19570	T	C	3667	420	37	1	0	34	0.000272628	3668	0.937585	FALSE	ORF1ab:cds-YP_009724389.1	TAC	Y	CAC	H	2035
NC_045512.2	19576	C	G	3720	501	38	1	0	34	0.000268745	3721	0.937584	FALSE	ORF1ab:cds-YP_009724389.1	CAA	Q	GAA	E	2037
NC_045512.2	19577	A	G	3696	503	38	4	0	34	0.00108108	3700	0.500148	FALSE	ORF1ab:cds-YP_009724389.1	CAA	Q	CGA	R	2037
NC_045512.2	19580	T	G	3756	550	38	1	0	34	0.00026617	3757	0.937583	FALSE	ORF1ab:cds-YP_009724389.1	TTT	F	TGT	C	2038
NC_045512.2	19583	A	G	3847	578	39	1	0	34	0.000259875	3848	0.937581	FALSE	ORF1ab:cds-YP_009724389.1	GAT	D	GGT	G	2039
NC_045512.2	19585	A	G	3790	603	39	1	0	34	0.000263783	3791	0.937582	FALSE	ORF1ab:cds-YP_009724389.1	ACT	T	GCT	A	2040
NC_045512.2	19586	C	T	4240	615	39	1	0	34	0.000235738	4242	0.968787	FALSE	ORF1ab:cds-YP_009724389.1	ACT	T	ATT	I	2040
NC_045512.2	19586	C	G	4240	615	39	1	0	34	0.000235738	4242	0.968787	FALSE	ORF1ab:cds-YP_009724389.1	ACT	T	AGT	S	2040
NC_045512.2	19589	A	G	4293	676	40	1	1	34	0.000232829	4295	0.968786	FALSE	ORF1ab:cds-YP_009724389.1	TAT	Y	TGT	C	2041
NC_045512.2	19589	A	C	4293	676	40	1	0	34	0.000232829	4295	0.968786	FALSE	ORF1ab:cds-YP_009724389.1	TAT	Y	TCT	S	2041
NC_045512.2	19590	T	-A	3999	657	37	1	0	20	0.000250063	3999	1	FALSE	NA	NA	NA	NA	NA	NA
NC_045512.2	19591	A	T	4169	682	38	1	0	34	0.000239808	4170	0.968787	FALSE	ORF1ab:cds-YP_009724389.1	AAC	N	TAC	Y	2042
NC_045512.2	19592	A	G	4284	692	40	1	0	26	0.000233372	4285	1	FALSE	ORF1ab:cds-YP_009724389.1	AAC	N	AGC	S	2042
NC_045512.2	19593	C	T	4330	722	40	1	0	34	0.000230894	4331	0.968804	FALSE	ORF1ab:cds-YP_009724389.1	AAC	N	AAT	N	2042
NC_045512.2	19596	C	G	4404	733	40	1	0	26	0.000227015	4405	1	FALSE	ORF1ab:cds-YP_009724389.1	CTC	L	CTG	L	2043
NC_045512.2	19597	T	G	4385	729	40	1	0	34	0.000227998	4386	0.968803	FALSE	ORF1ab:cds-YP_009724389.1	TGG	W	GGG	G	2044
NC_045512.2	19599	G	A	4385	753	40	1	0	68	0.000227998	4386	0.500057	FALSE	ORF1ab:cds-YP_009724389.1	TGG	W	TGA	*	2044
NC_045512.2	19603	A	G	3728	851	39	1	0	34	0.000268168	3729	0.937584	FALSE	ORF1ab:cds-YP_009724389.1	ACT	T	GCT	A	2046
NC_045512.2	19605	T	A	3535	894	39	1	0	34	0.000282805	3536	0.937588	FALSE	ORF1ab:cds-YP_009724389.1	ACT	T	ACA	T	2046
NC_045512.2	19606	T	G	3437	815	38	1	0	34	0.000290782	3439	0.937555	FALSE	ORF1ab:cds-YP_009724389.1	TTT	F	GTT	V	2047
NC_045512.2	19606	T	A	3437	815	38	1	0	34	0.000290782	3439	0.937555	FALSE	ORF1ab:cds-YP_009724389.1	TTT	F	ATT	I	2047
NC_045512.2	19607	T	C	3457	896	39	4	3	30	0.00115574	3461	0.500158	FALSE	ORF1ab:cds-YP_009724389.1	TTT	F	TCT	S	2047
NC_045512.2	19614	A	T	2881	1051	38	1	0	26	0.000346981	2882	1	FALSE	ORF1ab:cds-YP_009724389.1	AGA	R	AGT	S	2049
NC_045512.2	19621	A	G	2902	1179	38	2	0	34	0.000688468	2905	0.687565	FALSE	ORF1ab:cds-YP_009724389.1	AGT	S	GGT	G	2052
NC_045512.2	19621	A	C	2902	1179	38	1	0	34	0.000344234	2905	0.875	FALSE	ORF1ab:cds-YP_009724389.1	AGT	S	CGT	R	2052
NC_045512.2	19622	G	T	3046	1183	38	2	0	34	0.000656168	3048	0.812705	FALSE	ORF1ab:cds-YP_009724389.1	AGT	S	ATT	I	2052
NC_045512.2	19623	T	C	2903	1066	37	1	1	26	0.000344353	2904	1	FALSE	ORF1ab:cds-YP_009724389.1	AGT	S	AGC	S	2052
NC_045512.2	19624	T	G	2986	1170	38	1	0	46	0.000334784	2987	0.500084	FALSE	ORF1ab:cds-YP_009724389.1	TTA	L	GTA	V	2053
NC_045512.2	19626	A	C	2995	1160	38	2	2	30	0.000667334	2997	0.687688	FALSE	ORF1ab:cds-YP_009724389.1	TTA	L	TTC	F	2053
NC_045512.2	19627	G	A	2993	1155	38	1	0	68	0.000334001	2994	0.500084	FALSE	ORF1ab:cds-YP_009724389.1	GAA	E	AAA	K	2054
NC_045512.2	19629	A	C	2843	1218	38	1	0	68	0.000351617	2844	0.500088	FALSE	ORF1ab:cds-YP_009724389.1	GAA	E	GAC	D	2054
NC_045512.2	19631	A	G	2798	1245	38	1	0	68	0.00035727	2799	0.500089	FALSE	ORF1ab:cds-YP_009724389.1	AAT	N	AGT	S	2055
NC_045512.2	19634	T	G	2775	1265	38	1	0	26	0.000360231	2776	1	FALSE	ORF1ab:cds-YP_009724389.1	GTG	V	GGG	G	2056
NC_045512.2	19634	T	-GGC	2775	1265	38	1	0	20	0.000360231	2776	1	FALSE	NA	NA	NA	NA	NA	NA
NC_045512.2	19635	G	C	2801	1272	38	1	1	26	0.000356888	2802	1	FALSE	ORF1ab:cds-YP_009724389.1	GTG	V	GTC	V	2056
NC_045512.2	19639	T	A	2839	1320	37	1	0	46	0.000352113	2840	0.500088	FALSE	ORF1ab:cds-YP_009724389.1	TTT	F	ATT	I	2058
NC_045512.2	19646	T	C	3069	1610	38	1	1	68	0.000325733	3070	0.500081	FALSE	ORF1ab:cds-YP_009724389.1	GTT	V	GCT	A	2060
NC_045512.2	19647	T	C	3031	1576	38	1	1	26	0.000329815	3032	1	FALSE	ORF1ab:cds-YP_009724389.1	GTT	V	GTC	V	2060
NC_045512.2	19650	A	C	2998	1637	38	1	1	26	0.000333444	2999	1	FALSE	ORF1ab:cds-YP_009724389.1	GTA	V	GTC	V	2061
NC_045512.2	19655	A	G	2855	1631	37	1	1	34	0.00035014	2856	0.875131	FALSE	ORF1ab:cds-YP_009724389.1	AAG	K	AGG	R	2063
NC_045512.2	19659	A	G	2846	1609	37	1	1	34	0.000351247	2847	0.875132	FALSE	ORF1ab:cds-YP_009724389.1	GGA	G	GGG	G	2064
NC_045512.2	19660	C	T	2842	1633	37	1	1	68	0.000351741	2843	0.500088	FALSE	ORF1ab:cds-YP_009724389.1	CAC	H	TAC	Y	2065
NC_045512.2	19664	T	C	2791	1540	37	1	1	34	0.000358166	2792	0.875134	FALSE	ORF1ab:cds-YP_009724389.1	TTT	F	TCT	S	2066
NC_045512.2	19665	T	G	2828	1589	37	1	0	26	0.000353482	2829	1	FALSE	ORF1ab:cds-YP_009724389.1	TTT	F	TTG	L	2066
NC_045512.2	19667	A	G	2872	1586	37	2	0	34	0.000695894	2874	0.687696	FALSE	ORF1ab:cds-YP_009724389.1	GAT	D	GGT	G	2067
NC_045512.2	19668	T	G	2863	1606	37	1	0	26	0.000349162	2864	1	FALSE	ORF1ab:cds-YP_009724389.1	GAT	D	GAG	E	2067
NC_045512.2	19669	G	T	2874	1586	37	1	0	26	0.000347705	2876	1	FALSE	ORF1ab:cds-YP_009724389.1	GGA	G	TGA	*	2068
NC_045512.2	19669	G	A	2874	1586	37	1	1	34	0.000347705	2876	0.875065	FALSE	ORF1ab:cds-YP_009724389.1	GGA	G	AGA	R	2068
NC_045512.2	19670	G	A	2899	1618	37	1	0	34	0.000344828	2900	0.875129	FALSE	ORF1ab:cds-YP_009724389.1	GGA	G	GAA	E	2068
NC_045512.2	19675	C	A	2943	1577	37	1	1	34	0.000339674	2944	0.875127	FALSE	ORF1ab:cds-YP_009724389.1	CAG	Q	AAG	K	2070
NC_045512.2	19676	A	T	2829	1472	37	2	1	30	0.000705716	2834	0.687301	FALSE	ORF1ab:cds-YP_009724389.1	CAG	Q	CTG	L	2070
NC_045512.2	19676	A	G	2829	1472	37	3	3	34	0.00105857	2834	0.499834	FALSE	ORF1ab:cds-YP_009724389.1	CAG	Q	CGG	R	2070
NC_045512.2	19679	G	C	3106	1787	38	1	1	34	0.000321854	3107	0.937601	FALSE	ORF1ab:cds-YP_009724389.1	GGT	G	GCT	A	2071
NC_045512.2	19681	G	A	3053	1738	38	1	0	68	0.000327439	3054	0.500082	FALSE	ORF1ab:cds-YP_009724389.1	GAA	E	AAA	K	2072
NC_045512.2	19686	A	G	3140	1913	38	2	0	34	0.000636537	3142	0.812699	FALSE	ORF1ab:cds-YP_009724389.1	GTA	V	GTG	V	2073
NC_045512.2	19688	C	T	2945	1955	37	2	1	34	0.000678656	2947	0.687691	FALSE	ORF1ab:cds-YP_009724389.1	CCA	P	CTA	L	2074
NC_045512.2	19689	A	C	2833	1866	37	1	1	20	0.000352858	2834	1	FALSE	ORF1ab:cds-YP_009724389.1	CCA	P	CCC	P	2074
NC_045512.2	19694	C	T	2818	1877	37	1	1	34	0.000354736	2819	0.875133	FALSE	ORF1ab:cds-YP_009724389.1	TCT	S	TTT	F	2076
NC_045512.2	19696	A	G	2824	1897	37	1	1	34	0.000353982	2825	0.875133	FALSE	ORF1ab:cds-YP_009724389.1	ATC	I	GTC	V	2077
NC_045512.2	19701	T	A	2787	1800	36	1	0	26	0.00035868	2788	1	FALSE	ORF1ab:cds-YP_009724389.1	ATT	I	ATA	I	2078
NC_045512.2	19705	A	C	2791	1895	36	1	1	34	0.000358166	2792	0.875134	FALSE	ORF1ab:cds-YP_009724389.1	AAC	N	CAC	H	2080
NC_045512.2	19708	A	G	2816	1911	37	1	1	34	0.000354988	2817	0.875133	FALSE	ORF1ab:cds-YP_009724389.1	ACT	T	GCT	A	2081
NC_045512.2	19712	T	C	2046	1080	35	1	0	34	0.00048852	2047	0.875183	FALSE	ORF1ab:cds-YP_009724389.1	GTT	V	GCT	A	2082
NC_045512.2	19714	T	C	3272	2412	38	1	1	26	0.00030553	3273	1	FALSE	ORF1ab:cds-YP_009724389.1	TAC	Y	CAC	H	2083
NC_045512.2	19716	C	G	3241	2419	38	1	1	34	0.000308452	3242	0.937596	FALSE	ORF1ab:cds-YP_009724389.1	TAC	Y	TAG	*	2083
NC_045512.2	19717	A	G	3202	2402	37	3	3	34	0.000936037	3205	0.656469	FALSE	ORF1ab:cds-YP_009724389.1	ACA	T	GCA	A	2084
NC_045512.2	19719	A	G	3151	2352	38	1	1	34	0.000317259	3152	0.937599	FALSE	ORF1ab:cds-YP_009724389.1	ACA	T	ACG	T	2084
NC_045512.2	19720	A	G	3151	2350	38	1	1	34	0.000317259	3152	0.937599	FALSE	ORF1ab:cds-YP_009724389.1	AAA	K	GAA	E	2085
NC_045512.2	19723	G	A	3097	2382	37	1	1	34	0.000322789	3098	0.937601	FALSE	ORF1ab:cds-YP_009724389.1	GTT	V	ATT	I	2086
NC_045512.2	19724	T	G	2467	1759	35	1	1	26	0.000405022	2469	1	FALSE	ORF1ab:cds-YP_009724389.1	GTT	V	GGT	G	2086
NC_045512.2	19724	T	C	2467	1759	35	1	1	34	0.000405022	2469	0.875076	FALSE	ORF1ab:cds-YP_009724389.1	GTT	V	GCT	A	2086
NC_045512.2	19731	T	G	3008	2276	37	2	2	34	0.000664011	3012	0.8125	FALSE	ORF1ab:cds-YP_009724389.1	GGT	G	GGG	G	2088
NC_045512.2	19731	T	C	3008	2276	37	1	1	68	0.000332005	3012	0.499834	FALSE	ORF1ab:cds-YP_009724389.1	GGT	G	GGC	G	2088
NC_045512.2	19731	T	A	3008	2276	37	1	1	34	0.000332005	3012	0.937479	FALSE	ORF1ab:cds-YP_009724389.1	GGT	G	GGA	G	2088
NC_045512.2	19733	T	G	2481	1741	36	1	1	34	0.000402739	2483	0.875076	FALSE	ORF1ab:cds-YP_009724389.1	GTT	V	GGT	G	2089
NC_045512.2	19733	T	C	2481	1741	36	1	1	26	0.000402739	2483	1	FALSE	ORF1ab:cds-YP_009724389.1	GTT	V	GCT	A	2089
NC_045512.2	19736	A	G	3211	2449	38	1	1	34	0.000311333	3212	0.937597	FALSE	ORF1ab:cds-YP_009724389.1	GAT	D	GGT	G	2090
NC_045512.2	19747	T	G	2533	1865	37	1	1	26	0.000394322	2536	1	FALSE	ORF1ab:cds-YP_009724389.1	TTT	F	GTT	V	2094
NC_045512.2	19747	T	C	2533	1865	37	2	2	34	0.000788644	2536	0.687574	FALSE	ORF1ab:cds-YP_009724389.1	TTT	F	CTT	L	2094
NC_045512.2	19751	A	T	2684	2044	38	1	1	34	0.000372439	2685	0.87514	FALSE	ORF1ab:cds-YP_009724389.1	GAA	E	GTA	V	2095
NC_045512.2	19753	A	C	2661	2025	38	1	1	26	0.000375657	2662	1	FALSE	ORF1ab:cds-YP_009724389.1	AAT	N	CAT	H	2096
NC_045512.2	19766	T	G	2806	2276	38	1	0	34	0.000356252	2807	0.875134	FALSE	ORF1ab:cds-YP_009724389.1	TTA	L	TGA	*	2100
NC_045512.2	19773	T	C	2917	2490	37	1	0	34	0.0003427	2918	0.875129	FALSE	ORF1ab:cds-YP_009724389.1	GTT	V	GTC	V	2102
NC_045512.2	19779	A	G	2658	2290	38	1	0	68	0.000376081	2659	0.500094	FALSE	ORF1ab:cds-YP_009724389.1	GTA	V	GTG	V	2104
NC_045512.2	19780	G	A	2657	2295	37	1	1	34	0.000376223	2658	0.875141	FALSE	ORF1ab:cds-YP_009724389.1	GCA	A	ACA	T	2105
NC_045512.2	19781	C	T	2843	2506	38	2	2	34	0.000702988	2845	0.687698	FALSE	ORF1ab:cds-YP_009724389.1	GCA	A	GTA	V	2105
NC_045512.2	19784	T	G	2595	2262	38	1	1	34	0.000384468	2601	0.874783	FALSE	ORF1ab:cds-YP_009724389.1	TTT	F	TGT	C	2106
NC_045512.2	19784	T	C	2595	2262	38	5	5	32	0.00192234	2601	0.226405	FALSE	ORF1ab:cds-YP_009724389.1	TTT	F	TCT	S	2106
NC_045512.2	19792	T	A	2814	2583	39	1	1	34	0.00035524	2815	0.875133	FALSE	ORF1ab:cds-YP_009724389.1	TGG	W	AGG	R	2109
NC_045512.2	19794	G	A	2838	2606	39	1	0	60	0.000352237	2839	0.500088	FALSE	ORF1ab:cds-YP_009724389.1	TGG	W	TGA	*	2109
NC_045512.2	19803	C	T	2731	2552	38	2	2	30	0.000731797	2733	0.687706	FALSE	ORF1ab:cds-YP_009724389.1	CGC	R	CGT	R	2112
NC_045512.2	19806	C	A	2716	2543	37	1	1	26	0.000368053	2717	1	FALSE	ORF1ab:cds-YP_009724389.1	AAC	N	AAA	K	2113
NC_045512.2	19813	C	A	2618	2482	37	1	1	34	0.000381825	2619	0.875143	FALSE	ORF1ab:cds-YP_009724389.1	CCA	P	ACA	T	2116
NC_045512.2	19814	C	A	2515	2384	37	1	1	26	0.000397456	2516	1	FALSE	ORF1ab:cds-YP_009724389.1	CCA	P	CAA	Q	2116
NC_045512.2	19815	A	T	1911	1782	38	2	2	34	0.00104439	1915	0.499804	FALSE	ORF1ab:cds-YP_009724389.1	CCA	P	CCT	P	2116
NC_045512.2	19815	A	C	1911	1782	38	2	2	34	0.00104439	1915	0.499804	FALSE	ORF1ab:cds-YP_009724389.1	CCA	P	CCC	P	2116
NC_045512.2	19817	T	G	1909	1785	37	1	1	34	0.00052356	1910	0.750196	FALSE	ORF1ab:cds-YP_009724389.1	GTA	V	GGA	G	2117
NC_045512.2	19820	C	A	1866	1750	37	1	1	26	0.000535619	1867	0.999998	FALSE	ORF1ab:cds-YP_009724389.1	CCA	P	CAA	Q	2118
NC_045512.2	19829	A	T	1708	1608	37	1	1	34	0.000584795	1710	0.750073	FALSE	ORF1ab:cds-YP_009724389.1	AAA	K	ATA	I	2121
NC_045512.2	19829	A	G	1708	1608	37	1	1	34	0.000584795	1710	0.750073	FALSE	ORF1ab:cds-YP_009724389.1	AAA	K	AGA	R	2121
NC_045512.2	19832	T	G	1684	1605	36	1	1	26	0.000593472	1685	0.999993	FALSE	ORF1ab:cds-YP_009724389.1	ATA	I	AGA	R	2122
NC_045512.2	19834	C	A	1660	1587	36	1	1	34	0.000602047	1661	0.750226	FALSE	ORF1ab:cds-YP_009724389.1	CTC	L	ATC	I	2123
NC_045512.2	19840	A	T	1563	1506	36	1	1	34	0.000639386	1564	0.75024	FALSE	ORF1ab:cds-YP_009724389.1	AAT	N	TAT	Y	2125
NC_045512.2	19851	G	T	1509	1449	36	1	1	26	0.000662252	1510	0.999985	FALSE	ORF1ab:cds-YP_009724389.1	GTG	V	GTT	V	2128
NC_045512.2	19853	A	T	1514	1458	36	1	1	26	0.000660066	1515	0.999985	FALSE	ORF1ab:cds-YP_009724389.1	GAC	D	GTC	V	2129
NC_045512.2	19855	A	T	1394	1342	35	1	1	34	0.000716846	1395	0.750269	FALSE	ORF1ab:cds-YP_009724389.1	ATT	I	TTT	F	2130
NC_045512.2	19861	G	T	1314	1265	35	1	1	34	0.000759878	1316	0.750095	FALSE	ORF1ab:cds-YP_009724389.1	GCT	A	TCT	S	2132
NC_045512.2	19861	G	C	1314	1265	35	1	1	34	0.000759878	1316	0.750095	FALSE	ORF1ab:cds-YP_009724389.1	GCT	A	CCT	P	2132
NC_045512.2	19863	T	C	1248	1205	35	1	1	34	0.000800641	1249	0.7503	FALSE	ORF1ab:cds-YP_009724389.1	GCT	A	GCC	A	2132
NC_045512.2	19955	C	T	0	0	0	1	0	34	1	1	1	FALSE	ORF1ab:cds-YP_009724389.1	ACT	T	ATT	I	2163
NC_045512.2	20126	G	T	468	3	33	1	0	26	0.0021322	469	0.969249	FALSE	ORF1ab:cds-YP_009724389.1	GGA	G	GTA	V	2220
NC_045512.2	20132	C	G	481	3	33	1	0	34	0.00207469	482	0.500519	FALSE	ORF1ab:cds-YP_009724389.1	GCC	A	GGC	G	2222
NC_045512.2	20152	T	C	604	46	34	1	0	34	0.00165289	605	0.500414	FALSE	ORF1ab:cds-YP_009724389.1	TAT	Y	CAT	H	2229
NC_045512.2	20161	A	G	534	51	31	1	0	34	0.00186916	535	0.500468	FALSE	ORF1ab:cds-YP_009724389.1	AAA	K	GAA	E	2232
NC_045512.2	20164	G	A	709	53	34	1	0	34	0.00140845	710	0.500352	FALSE	ORF1ab:cds-YP_009724389.1	GTT	V	ATT	I	2233
NC_045512.2	20190	T	C	833	118	39	1	0	26	0.00119904	834	0.998099	FALSE	ORF1ab:cds-YP_009724389.1	CCT	P	CCC	P	2241
NC_045512.2	20203	A	G	869	234	39	1	0	34	0.00114943	870	0.500288	FALSE	ORF1ab:cds-YP_009724389.1	ACT	T	GCT	A	2246
NC_045512.2	20208	G	T	884	248	39	1	0	34	0.00112994	885	0.500283	FALSE	ORF1ab:cds-YP_009724389.1	CAG	Q	CAT	H	2247
NC_045512.2	20210	G	T	891	254	39	1	0	34	0.00112108	892	0.50028	FALSE	ORF1ab:cds-YP_009724389.1	AGT	S	ATT	I	2248
NC_045512.2	20211	T	C	890	255	39	1	0	34	0.00112233	891	0.500281	FALSE	ORF1ab:cds-YP_009724389.1	AGT	S	AGC	S	2248
NC_045512.2	20215	A	T	912	353	41	1	0	34	0.00109529	913	0.500274	FALSE	ORF1ab:cds-YP_009724389.1	AAT	N	TAT	Y	2250
NC_045512.2	20252	T	C	933	457	40	1	1	68	0.00107066	934	0.500268	FALSE	ORF1ab:cds-YP_009724389.1	ATT	I	ACT	T	2262
NC_045512.2	20272	A	C	900	491	39	1	1	26	0.00110988	901	0.999053	FALSE	ORF1ab:cds-YP_009724389.1	ATG	M	CTG	L	2269
NC_045512.2	20284	A	C	875	498	39	1	1	27	0.00114155	876	0.998097	FALSE	ORF1ab:cds-YP_009724389.1	ATT	I	CTT	L	2273
NC_045512.2	20288	A	G	888	516	39	2	0	34	0.00224719	890	0.250141	FALSE	ORF1ab:cds-YP_009724389.1	GAA	E	GGA	G	2274
NC_045512.2	20290	C	T	900	536	39	1	1	34	0.00110988	901	0.500278	FALSE	ORF1ab:cds-YP_009724389.1	CGG	R	TGG	W	2275
NC_045512.2	20292	G	T	1009	538	39	1	0	34	0.000990099	1010	0.750371	FALSE	ORF1ab:cds-YP_009724389.1	CGG	R	CGT	R	2275
NC_045512.2	20303	A	G	722	475	35	1	1	27	0.00138313	723	0.99619	FALSE	ORF1ab:cds-YP_009724389.1	GAA	E	GGA	G	2279
NC_045512.2	20315	T	A	700	365	37	1	1	34	0.00142653	701	0.500357	FALSE	ORF1ab:cds-YP_009724389.1	TTC	F	TAC	Y	2283
NC_045512.2	20319	A	C	715	361	37	1	1	34	0.00139665	716	0.500349	FALSE	ORF1ab:cds-YP_009724389.1	GAA	E	GAC	D	2284
NC_045512.2	20320	C	T	731	365	37	1	0	34	0.00136612	732	0.500342	FALSE	ORF1ab:cds-YP_009724389.1	CAT	H	TAT	Y	2285
NC_045512.2	20324	T	C	715	354	37	2	1	30	0.0027894	717	0.250174	FALSE	ORF1ab:cds-YP_009724389.1	ATC	I	ACC	T	2286
NC_045512.2	20328	T	G	686	344	37	1	1	34	0.0014556	687	0.500364	FALSE	ORF1ab:cds-YP_009724389.1	GTT	V	GTG	V	2287
NC_045512.2	20331	T	C	689	343	37	1	1	26	0.00144928	690	0.992345	FALSE	ORF1ab:cds-YP_009724389.1	TAT	Y	TAC	Y	2288
NC_045512.2	20345	A	G	748	460	39	1	0	34	0.00133511	749	0.500334	FALSE	ORF1ab:cds-YP_009724389.1	CAT	H	CGT	R	2293
NC_045512.2	20351	A	G	733	450	40	1	1	34	0.0013624	734	0.500341	FALSE	ORF1ab:cds-YP_009724389.1	CAG	Q	CGG	R	2295
NC_045512.2	20363	T	C	795	506	41	1	1	34	0.00125628	796	0.500314	FALSE	ORF1ab:cds-YP_009724389.1	TTA	L	TCA	S	2299
NC_045512.2	20372	T	G	744	493	41	1	0	34	0.00134228	745	0.500336	FALSE	ORF1ab:cds-YP_009724389.1	CTG	L	CGG	R	2302
NC_045512.2	20375	T	C	777	526	40	1	1	34	0.00128535	778	0.500322	FALSE	ORF1ab:cds-YP_009724389.1	ATT	I	ACT	T	2303
NC_045512.2	20379	A	T	766	521	40	1	1	26	0.00130378	767	0.996185	FALSE	ORF1ab:cds-YP_009724389.1	GGA	G	GGT	G	2304
NC_045512.2	20399	A	T	773	649	39	1	1	34	0.00129199	774	0.500323	FALSE	ORF1ab:cds-YP_009724389.1	GAA	E	GTA	V	2311
NC_045512.2	20401	T	C	730	610	37	1	1	34	0.00136799	731	0.500342	FALSE	ORF1ab:cds-YP_009724389.1	TCA	S	CCA	P	2312
NC_045512.2	20412	A	C	1021	648	36	1	1	26	0.000978474	1022	0.999527	FALSE	ORF1ab:cds-YP_009724389.1	GAA	E	GAC	D	2315
NC_045512.2	20422	T	C	1016	636	35	1	0	34	0.000983284	1017	0.750369	FALSE	ORF1ab:cds-YP_009724389.1	TTT	F	CTT	L	2319
NC_045512.2	20427	T	C	1022	651	35	1	0	34	0.000977517	1023	0.750367	FALSE	ORF1ab:cds-YP_009724389.1	ATT	I	ATC	I	2320
NC_045512.2	20428	C	T	1122	651	35	1	0	34	0.000890472	1123	0.750334	FALSE	ORF1ab:cds-YP_009724389.1	CCT	P	TCT	S	2321
NC_045512.2	20432	T	C	1097	620	34	1	1	34	0.000910747	1098	0.750342	FALSE	ORF1ab:cds-YP_009724389.1	ATG	M	ACG	T	2322
NC_045512.2	20441	C	T	1128	560	34	1	0	34	0.00088574	1129	0.750332	FALSE	ORF1ab:cds-YP_009724389.1	ACA	T	ATA	I	2325
NC_045512.2	20443	G	T	1069	492	34	1	0	34	0.000934579	1070	0.750351	FALSE	ORF1ab:cds-YP_009724389.1	GTT	V	TTT	F	2326
NC_045512.2	20453	A	T	932	373	34	1	1	26	0.00107181	933	0.999052	FALSE	ORF1ab:cds-YP_009724389.1	TAT	Y	TTT	F	2329
NC_045512.2	20458	A	G	952	380	34	2	0	34	0.00209644	954	0.250131	FALSE	ORF1ab:cds-YP_009724389.1	ATA	I	GTA	V	2331
NC_045512.2	20459	T	C	936	368	34	1	1	26	0.00106724	937	0.999052	FALSE	ORF1ab:cds-YP_009724389.1	ATA	I	ACA	T	2331
NC_045512.2	20460	A	G	943	378	34	1	0	68	0.00105932	944	0.500265	FALSE	ORF1ab:cds-YP_009724389.1	ATA	I	ATG	M	2331
NC_045512.2	20461	A	G	947	379	34	1	1	26	0.00105485	948	0.999052	FALSE	ORF1ab:cds-YP_009724389.1	ACA	T	GCA	A	2332
NC_045512.2	20468	C	T	898	310	34	2	0	34	0.00222222	900	0.250139	FALSE	ORF1ab:cds-YP_009724389.1	GCG	A	GTG	V	2334
NC_045512.2	20470	C	T	602	40	36	1	0	34	0.00165837	603	0.500415	FALSE	ORF1ab:cds-YP_009724389.1	CAA	Q	TAA	*	2335
NC_045512.2	20475	A	T	593	40	36	1	0	34	0.0016835	594	0.500421	FALSE	ORF1ab:cds-YP_009724389.1	ACA	T	ACT	T	2336
NC_045512.2	20478	T	C	637	41	36	1	1	34	0.0015674	638	0.500392	FALSE	ORF1ab:cds-YP_009724389.1	GGT	G	GGC	G	2337
NC_045512.2	20498	C	A	738	90	38	1	0	26	0.00135318	739	0.996188	FALSE	ORF1ab:cds-YP_009724389.1	TCT	S	TAT	Y	2344
NC_045512.2	20511	A	-T	640	113	38	1	0	20	0.0015625	640	0.992399	FALSE	NA	NA	NA	NA	NA	NA
NC_045512.2	20535	A	G	498	199	36	1	0	34	0.00200401	499	0.500502	FALSE	ORF1ab:cds-YP_009724389.1	ATA	I	ATG	M	2356
NC_045512.2	20546	A	T	535	219	37	1	1	34	0.00186567	536	0.500467	FALSE	ORF1ab:cds-YP_009724389.1	CAA	Q	CTA	L	2360
NC_045512.2	20564	C	T	584	245	37	1	0	68	0.0017094	585	0.500428	FALSE	ORF1ab:cds-YP_009724389.1	TCT	S	TTT	F	2366
NC_045512.2	20566	A	+AC	592	253	37	1	0	20	0.00168919	592	0.984729	FALSE	NA	NA	NA	NA	NA	NA
NC_045512.2	20575	A	G	552	242	37	1	1	34	0.00180832	553	0.500452	FALSE	ORF1ab:cds-YP_009724389.1	AAA	K	GAA	E	2370
NC_045512.2	20577	A	G	553	247	37	1	0	34	0.00180505	554	0.500452	FALSE	ORF1ab:cds-YP_009724389.1	AAA	K	AAG	K	2370
NC_045512.2	20583	T	C	526	243	36	1	1	34	0.00189753	527	0.500475	FALSE	ORF1ab:cds-YP_009724389.1	ACT	T	ACC	T	2372
NC_045512.2	20597	A	G	507	295	36	1	0	34	0.0019685	508	0.500493	FALSE	ORF1ab:cds-YP_009724389.1	GAA	E	GGA	G	2377
NC_045512.2	20615	G	T	554	359	36	1	0	26	0.0018018	555	0.98467	FALSE	ORF1ab:cds-YP_009724389.1	TGG	W	TTG	L	2383
NC_045512.2	20618	G	T	586	367	36	1	0	34	0.00170358	587	0.500426	FALSE	ORF1ab:cds-YP_009724389.1	TGT	C	TTT	F	2384
NC_045512.2	20631	T	A	458	216	36	1	1	26	0.00217865	459	0.96926	FALSE	ORF1ab:cds-YP_009724389.1	CAT	H	CAA	Q	2388
NC_045512.2	20640	A	G	551	321	37	1	0	34	0.00181159	552	0.500453	FALSE	ORF1ab:cds-YP_009724389.1	ACA	T	ACG	T	2391
NC_045512.2	20650	A	G	542	344	37	2	1	34	0.00367647	544	0.25023	FALSE	ORF1ab:cds-YP_009724389.1	AAA	K	GAA	E	2395
NC_045512.2	20654	T	C	555	355	37	1	1	34	0.00179856	556	0.50045	FALSE	ORF1ab:cds-YP_009724389.1	TTA	L	TCA	S	2396
NC_045512.2	20657	A	C	551	351	37	1	1	34	0.00181159	552	0.500453	FALSE	ORF1ab:cds-YP_009724389.1	CAA	Q	CCA	P	2397
NC_045512.2	20659	T	C	521	312	37	1	1	34	0.00191571	522	0.500479	FALSE	ORF1ab:cds-YP_009724389.1	TCT	S	CCT	P	2398
NC_045512.2	20675	A	G	762	627	40	1	1	34	0.00131062	763	0.500328	FALSE	ORF1ab:cds-YP_009724389.1	CAA	Q	CGA	R	2403
NC_045512.2	20679	G	A	750	618	40	1	1	34	0.00133156	751	0.500333	FALSE	ORF1ab:cds-YP_009724389.1	CCG	P	CCA	P	2404
NC_045512.2	20685	T	C	807	712	39	1	1	68	0.00123762	808	0.50031	FALSE	ORF1ab:cds-YP_009724389.1	GTT	V	GTC	V	2406
NC_045512.2	20686	G	A	807	712	39	1	1	34	0.00123762	808	0.50031	FALSE	ORF1ab:cds-YP_009724389.1	GCT	A	ACT	T	2407
NC_045512.2	20689	A	G	791	700	38	1	1	24	0.00126263	792	0.996182	FALSE	ORF1ab:cds-YP_009724389.1	ATG	M	GTG	V	2408
NC_045512.2	20698	C	A	726	644	38	1	1	34	0.00137552	727	0.500344	FALSE	ORF1ab:cds-YP_009724389.1	CTT	L	ATT	I	2411
NC_045512.2	20712	A	C	2246	690	35	1	0	34	0.000445038	2247	0.875167	FALSE	ORF1ab:cds-YP_009724389.1	CAA	Q	CAC	H	2415
NC_045512.2	20714	G	T	2994	699	35	1	0	34	0.00033389	2995	0.875125	FALSE	ORF1ab:cds-YP_009724389.1	AGA	R	ATA	I	2416
NC_045512.2	20715	A	G	2899	693	34	1	0	34	0.000344828	2900	0.875129	FALSE	ORF1ab:cds-YP_009724389.1	AGA	R	AGG	R	2416
NC_045512.2	20716	A	G	2905	710	34	3	0	31	0.00103164	2908	0.500161	FALSE	ORF1ab:cds-YP_009724389.1	ATG	M	GTG	V	2417
NC_045512.2	20720	T	G	2999	688	34	2	0	30	0.000666223	3002	0.812604	FALSE	ORF1ab:cds-YP_009724389.1	CTA	L	CGA	R	2418
NC_045512.2	20720	T	C	2999	688	34	1	1	34	0.000333111	3002	0.937521	FALSE	ORF1ab:cds-YP_009724389.1	CTA	L	CCA	P	2418
NC_045512.2	20727	A	G	3185	743	34	6	0	34	0.00188029	3191	0.253906	FALSE	ORF1ab:cds-YP_009724389.1	GAA	E	GAG	E	2420
NC_045512.2	20728	A	G	3273	743	34	2	0	34	0.000610687	3275	0.812691	FALSE	ORF1ab:cds-YP_009724389.1	AAG	K	GAG	E	2421
NC_045512.2	20730	G	T	3628	749	34	2	0	34	0.000550964	3630	0.812672	FALSE	ORF1ab:cds-YP_009724389.1	AAG	K	AAT	N	2421
NC_045512.2	20732	G	A	3623	740	34	2	2	34	0.000551724	3625	0.812672	FALSE	ORF1ab:cds-YP_009724389.1	TGT	C	TAT	Y	2422
NC_045512.2	20738	T	C	3628	790	35	2	0	34	0.000550812	3631	0.812586	FALSE	ORF1ab:cds-YP_009724389.1	CTT	L	CCT	P	2424
NC_045512.2	20738	T	A	3628	790	35	1	0	34	0.000275406	3631	0.937517	FALSE	ORF1ab:cds-YP_009724389.1	CTT	L	CAT	H	2424
NC_045512.2	20739	T	C	3643	799	36	5	0	40	0.00137061	3648	0.0312286	FALSE	ORF1ab:cds-YP_009724389.1	CTT	L	CTC	L	2424
NC_045512.2	20740	C	-A	3668	802	36	1	0	20	0.000272628	3668	1	FALSE	NA	NA	NA	NA	NA	NA
NC_045512.2	20744	A	G	3762	846	36	4	0	34	0.00106213	3766	0.500145	FALSE	ORF1ab:cds-YP_009724389.1	AAT	N	AGT	S	2426
NC_045512.2	20749	G	T	3843	858	37	2	1	34	0.000520156	3845	0.812663	FALSE	ORF1ab:cds-YP_009724389.1	GGT	G	TGT	C	2428
NC_045512.2	20750	G	A	3849	876	37	1	1	68	0.00025974	3850	0.500065	FALSE	ORF1ab:cds-YP_009724389.1	GGT	G	GAT	D	2428
NC_045512.2	20751	T	C	3807	840	37	2	2	34	0.000525072	3809	0.812664	FALSE	ORF1ab:cds-YP_009724389.1	GGT	G	GGC	G	2428
NC_045512.2	20759	C	T	4106	936	38	1	0	34	0.000243487	4107	0.968807	FALSE	ORF1ab:cds-YP_009724389.1	GCA	A	GTA	V	2431
NC_045512.2	20765	T	C	3715	513	39	1	0	34	0.000269034	3717	0.93755	FALSE	ORF1ab:cds-YP_009724389.1	TTA	L	TCA	S	2433
NC_045512.2	20765	T	A	3715	513	39	1	0	26	0.000269034	3717	1	FALSE	ORF1ab:cds-YP_009724389.1	TTA	L	TAA	*	2433
NC_045512.2	20766	A	T	3835	516	39	1	0	26	0.00026062	3837	1	FALSE	ORF1ab:cds-YP_009724389.1	TTA	L	TTT	F	2433
NC_045512.2	20766	A	G	3835	516	39	1	0	34	0.00026062	3837	0.937549	FALSE	ORF1ab:cds-YP_009724389.1	TTA	L	TTG	L	2433
NC_045512.2	20768	C	A	4107	529	39	1	0	34	0.000243427	4108	0.968807	FALSE	ORF1ab:cds-YP_009724389.1	CCT	P	CAT	H	2434
NC_045512.2	20772	A	T	3861	533	38	1	0	34	0.000258866	3863	0.937549	FALSE	ORF1ab:cds-YP_009724389.1	AAA	K	AAT	N	2435
NC_045512.2	20772	A	G	3861	533	38	1	0	26	0.000258866	3863	1	FALSE	ORF1ab:cds-YP_009724389.1	AAA	K	AAG	K	2435
NC_045512.2	20773	G	C	4207	533	39	1	1	34	0.000237643	4208	0.968806	FALSE	ORF1ab:cds-YP_009724389.1	GGC	G	CGC	R	2436
NC_045512.2	20774	G	A	4259	544	39	1	0	34	0.000234742	4260	0.968805	FALSE	ORF1ab:cds-YP_009724389.1	GGC	G	GAC	D	2436
NC_045512.2	20776	A	C	4317	549	40	3	3	28	0.000694444	4320	1	FALSE	ORF1ab:cds-YP_009724389.1	ATA	I	CTA	L	2437
NC_045512.2	20782	A	T	4498	558	39	1	0	26	0.000222222	4500	1	FALSE	ORF1ab:cds-YP_009724389.1	ATG	M	TTG	L	2439
NC_045512.2	20782	A	G	4498	558	39	1	0	34	0.000222222	4500	0.968785	FALSE	ORF1ab:cds-YP_009724389.1	ATG	M	GTG	V	2439
NC_045512.2	20785	A	G	4474	600	39	1	0	34	0.000223464	4475	0.968802	FALSE	ORF1ab:cds-YP_009724389.1	AAT	N	GAT	D	2440
NC_045512.2	20789	T	A	4216	710	39	1	0	26	0.000237135	4217	1	FALSE	ORF1ab:cds-YP_009724389.1	GTC	V	GAC	D	2441
NC_045512.2	20791	G	C	4104	737	39	1	0	34	0.000243368	4109	0.968731	FALSE	ORF1ab:cds-YP_009724389.1	GCA	A	CCA	P	2442
NC_045512.2	20791	G	A	4104	737	39	4	0	34	0.000973473	4109	0.636785	FALSE	ORF1ab:cds-YP_009724389.1	GCA	A	ACA	T	2442
NC_045512.2	20796	A	G	3919	875	39	1	0	34	0.000255102	3920	0.93758	FALSE	ORF1ab:cds-YP_009724389.1	AAA	K	AAG	K	2443
NC_045512.2	20798	A	T	3575	902	37	1	0	26	0.000279486	3578	1	FALSE	ORF1ab:cds-YP_009724389.1	TAT	Y	TTT	F	2444
NC_045512.2	20798	A	G	3575	902	37	2	0	34	0.000558971	3578	0.812587	FALSE	ORF1ab:cds-YP_009724389.1	TAT	Y	TGT	C	2444
NC_045512.2	20803	C	T	4077	948	39	1	0	34	0.000245218	4078	0.968807	FALSE	ORF1ab:cds-YP_009724389.1	CAA	Q	TAA	*	2446
NC_045512.2	20804	A	G	3977	931	38	2	0	30	0.000502639	3979	0.812657	FALSE	ORF1ab:cds-YP_009724389.1	CAA	Q	CGA	R	2446
NC_045512.2	20805	A	+C	3791	924	37	1	0	20	0.000263783	3791	1	FALSE	NA	NA	NA	NA	NA	NA
NC_045512.2	20806	C	T	4033	1053	39	1	0	26	0.000247893	4034	1	FALSE	ORF1ab:cds-YP_009724389.1	CTG	L	TTG	L	2447
NC_045512.2	20807	T	C	3935	983	39	1	1	26	0.000254065	3936	1	FALSE	ORF1ab:cds-YP_009724389.1	CTG	L	CCG	P	2447
NC_045512.2	20809	T	G	3998	1017	39	1	0	34	0.000250063	3999	0.937578	FALSE	ORF1ab:cds-YP_009724389.1	TGT	C	GGT	G	2448
NC_045512.2	20813	A	T	3878	1018	39	1	0	24	0.000257732	3880	1	FALSE	ORF1ab:cds-YP_009724389.1	CAA	Q	CTA	L	2449
NC_045512.2	20813	A	G	3878	1018	39	1	0	34	0.000257732	3880	0.937548	FALSE	ORF1ab:cds-YP_009724389.1	CAA	Q	CGA	R	2449
NC_045512.2	20818	T	A	3586	1201	39	1	0	34	0.000278784	3587	0.937587	FALSE	ORF1ab:cds-YP_009724389.1	TTA	L	ATA	I	2451
NC_045512.2	20820	A	G	3584	1193	39	1	0	34	0.00027894	3585	0.937587	FALSE	ORF1ab:cds-YP_009724389.1	TTA	L	TTG	L	2451
NC_045512.2	20822	A	G	2888	1226	37	1	0	26	0.000346141	2889	1	FALSE	ORF1ab:cds-YP_009724389.1	AAC	N	AGC	S	2452
NC_045512.2	20823	C	T	3554	1229	39	5	4	39	0.00140489	3559	0.363358	FALSE	ORF1ab:cds-YP_009724389.1	AAC	N	AAT	N	2452
NC_045512.2	20832	A	T	3619	1381	38	1	0	26	0.000276167	3621	1	FALSE	ORF1ab:cds-YP_009724389.1	ACA	T	ACT	T	2455
NC_045512.2	20832	A	G	3619	1381	38	1	0	34	0.000276167	3621	0.937552	FALSE	ORF1ab:cds-YP_009724389.1	ACA	T	ACG	T	2455
NC_045512.2	20835	A	G	3702	1401	38	1	0	24	0.000270051	3703	1	FALSE	ORF1ab:cds-YP_009724389.1	TTA	L	TTG	L	2456
NC_045512.2	20838	T	G	3803	1443	39	1	0	34	0.000262881	3804	0.937582	FALSE	ORF1ab:cds-YP_009724389.1	GCT	A	GCG	A	2457
NC_045512.2	20841	A	G	3840	1427	39	1	0	34	0.000260349	3841	0.937581	FALSE	ORF1ab:cds-YP_009724389.1	GTA	V	GTG	V	2458
NC_045512.2	20842	C	A	3865	1465	39	1	1	26	0.000258665	3866	1	FALSE	ORF1ab:cds-YP_009724389.1	CCC	P	ACC	T	2459
NC_045512.2	20844	C	A	3918	1418	39	1	0	68	0.000255167	3919	0.500064	FALSE	ORF1ab:cds-YP_009724389.1	CCC	P	CCA	P	2459
NC_045512.2	20845	T	C	3875	1383	39	5	0	34	0.00128866	3880	0.363352	FALSE	ORF1ab:cds-YP_009724389.1	TAT	Y	CAT	H	2460
NC_045512.2	20848	A	T	3897	1413	39	1	1	26	0.000256542	3898	1	FALSE	ORF1ab:cds-YP_009724389.1	AAT	N	TAT	Y	2461
NC_045512.2	20850	T	C	3887	1332	38	1	1	34	0.000257136	3889	0.937548	FALSE	ORF1ab:cds-YP_009724389.1	AAT	N	AAC	N	2461
NC_045512.2	20850	T	A	3887	1332	38	1	1	34	0.000257136	3889	0.937548	FALSE	ORF1ab:cds-YP_009724389.1	AAT	N	AAA	K	2461
NC_045512.2	20856	A	T	3694	1330	38	1	0	34	0.000270636	3695	0.937585	FALSE	ORF1ab:cds-YP_009724389.1	AGA	R	AGT	S	2463
NC_045512.2	20857	G	-T	3633	1146	37	1	0	20	0.000275255	3633	1	FALSE	NA	NA	NA	NA	NA	NA
NC_045512.2	20858	T	A	3735	1301	38	1	1	26	0.000267666	3736	1	FALSE	ORF1ab:cds-YP_009724389.1	GTT	V	GAT	D	2464
NC_045512.2	20860	A	T	3699	1393	38	1	0	34	0.000270197	3701	0.937551	FALSE	ORF1ab:cds-YP_009724389.1	ATA	I	TTA	L	2465
NC_045512.2	20860	A	C	3699	1393	38	1	1	34	0.000270197	3701	0.937551	FALSE	ORF1ab:cds-YP_009724389.1	ATA	I	CTA	L	2465
NC_045512.2	20861	T	A	3789	1315	38	1	1	26	0.000263852	3790	1	FALSE	ORF1ab:cds-YP_009724389.1	ATA	I	AAA	K	2465
NC_045512.2	20866	T	G	3631	1367	38	3	0	31	0.000825537	3634	0.656444	FALSE	ORF1ab:cds-YP_009724389.1	TTT	F	GTT	V	2467
NC_045512.2	20868	T	C	3374	1444	37	1	0	34	0.000296296	3375	0.937593	FALSE	ORF1ab:cds-YP_009724389.1	TTT	F	TTC	F	2467
NC_045512.2	20871	T	C	3491	1441	38	1	1	34	0.000286369	3492	0.937589	FALSE	ORF1ab:cds-YP_009724389.1	GGT	G	GGC	G	2468
NC_045512.2	20875	G	A	3428	1446	38	1	0	26	0.00029163	3429	1	FALSE	ORF1ab:cds-YP_009724389.1	GGT	G	AGT	S	2470
NC_045512.2	20876	G	T	3445	1455	38	1	1	34	0.000290023	3448	0.937518	FALSE	ORF1ab:cds-YP_009724389.1	GGT	G	GTT	V	2470
NC_045512.2	20876	G	C	3445	1455	38	2	2	30	0.000580046	3448	0.812591	FALSE	ORF1ab:cds-YP_009724389.1	GGT	G	GCT	A	2470
NC_045512.2	20880	T	C	3337	1534	37	1	1	34	0.000299312	3341	0.937481	FALSE	ORF1ab:cds-YP_009724389.1	TCT	S	TCC	S	2471
NC_045512.2	20880	T	A	3337	1534	37	3	1	34	0.000897935	3341	0.65632	FALSE	ORF1ab:cds-YP_009724389.1	TCT	S	TCA	S	2471
NC_045512.2	20887	G	T	3392	1515	37	2	1	30	0.000589275	3394	0.812684	FALSE	ORF1ab:cds-YP_009724389.1	GGA	G	TGA	*	2474
NC_045512.2	20892	T	C	3304	1518	37	1	1	34	0.000302572	3305	0.937595	FALSE	ORF1ab:cds-YP_009724389.1	GTT	V	GTC	V	2475
NC_045512.2	20896	C	T	3406	1609	37	1	0	34	0.000293513	3407	0.937592	FALSE	ORF1ab:cds-YP_009724389.1	CCA	P	TCA	S	2477
NC_045512.2	20900	G	T	3428	1580	37	1	0	34	0.00029163	3429	0.937591	FALSE	ORF1ab:cds-YP_009724389.1	GGT	G	GTT	V	2478
NC_045512.2	20905	G	A	3354	1505	37	1	0	26	0.000298063	3355	1	FALSE	ORF1ab:cds-YP_009724389.1	GCT	A	ACT	T	2480
NC_045512.2	20909	T	C	3525	1696	38	1	1	34	0.000283607	3526	0.937589	FALSE	ORF1ab:cds-YP_009724389.1	GTT	V	GCT	A	2481
NC_045512.2	20910	T	C	3645	1856	38	1	1	34	0.000274273	3646	0.937586	FALSE	ORF1ab:cds-YP_009724389.1	GTT	V	GTC	V	2481
NC_045512.2	20912	T	C	3647	1898	38	1	1	26	0.000274123	3648	1	FALSE	ORF1ab:cds-YP_009724389.1	TTA	L	TCA	S	2482
NC_045512.2	20917	C	A	3651	1924	38	2	2	26	0.000547495	3653	1	FALSE	ORF1ab:cds-YP_009724389.1	CAG	Q	AAG	K	2484
NC_045512.2	20921	G	T	4080	2441	40	1	0	34	0.000245038	4081	0.968807	FALSE	ORF1ab:cds-YP_009724389.1	TGG	W	TTG	L	2485
NC_045512.2	20923	T	A	4056	2427	40	1	0	34	0.000246488	4057	0.968808	FALSE	ORF1ab:cds-YP_009724389.1	TTG	L	ATG	M	2486
NC_045512.2	20924	T	C	4082	2476	40	1	0	34	0.000244918	4083	0.968807	FALSE	ORF1ab:cds-YP_009724389.1	TTG	L	TCG	S	2486
NC_045512.2	20928	T	C	4028	2574	40	2	1	34	0.000496278	4030	0.89077	FALSE	ORF1ab:cds-YP_009724389.1	CCT	P	CCC	P	2487
NC_045512.2	20929	A	G	4000	2539	40	1	0	34	0.000249938	4001	0.968809	FALSE	ORF1ab:cds-YP_009724389.1	ACG	T	GCG	A	2488
NC_045512.2	20930	C	T	4054	2615	39	1	1	68	0.000246609	4055	0.500062	FALSE	ORF1ab:cds-YP_009724389.1	ACG	T	ATG	M	2488
NC_045512.2	20936	C	T	3831	2554	39	2	2	34	0.000521785	3833	0.812663	FALSE	ORF1ab:cds-YP_009724389.1	ACG	T	ATG	M	2490
NC_045512.2	20937	G	A	3821	2545	39	3	2	45	0.000784519	3824	0.125	FALSE	ORF1ab:cds-YP_009724389.1	ACG	T	ACA	T	2490
NC_045512.2	20938	C	T	3830	2580	39	1	1	34	0.000261028	3831	0.937582	FALSE	ORF1ab:cds-YP_009724389.1	CTG	L	TTG	L	2491
NC_045512.2	20942	T	C	3627	2471	39	1	1	34	0.000275634	3628	0.937586	FALSE	ORF1ab:cds-YP_009724389.1	CTT	L	CCT	P	2492
NC_045512.2	20943	T	A	3571	2436	38	1	0	24	0.000279955	3572	1	FALSE	ORF1ab:cds-YP_009724389.1	CTT	L	CTA	L	2492
NC_045512.2	20952	A	G	3740	2790	39	2	2	30	0.000534474	3742	0.812667	FALSE	ORF1ab:cds-YP_009724389.1	TCA	S	TCG	S	2495
NC_045512.2	20955	T	C	3843	2936	39	2	2	29	0.000520156	3845	1	FALSE	ORF1ab:cds-YP_009724389.1	GAT	D	GAC	D	2496
NC_045512.2	20959	A	C	4573	3852	40	1	1	27	0.000218627	4574	1	FALSE	ORF1ab:cds-YP_009724389.1	AAT	N	CAT	H	2498
NC_045512.2	20963	A	T	4549	3842	39	1	1	26	0.00021978	4550	1	FALSE	ORF1ab:cds-YP_009724389.1	GAC	D	GTC	V	2499
NC_045512.2	20964	C	A	4644	3941	39	1	1	34	0.000215285	4645	0.9688	FALSE	ORF1ab:cds-YP_009724389.1	GAC	D	GAA	E	2499
NC_045512.2	20966	T	G	4886	4257	40	1	1	27	0.000204541	4889	1	FALSE	ORF1ab:cds-YP_009724389.1	TTT	F	TGT	C	2500
NC_045512.2	20966	T	C	4886	4257	40	2	2	30	0.000409082	4889	0.890697	FALSE	ORF1ab:cds-YP_009724389.1	TTT	F	TCT	S	2500
NC_045512.2	20967	T	C	4683	4056	39	3	3	34	0.000640205	4686	0.773613	FALSE	ORF1ab:cds-YP_009724389.1	TTT	F	TTC	F	2500
NC_045512.2	20968	G	T	4892	4264	40	1	1	34	0.000204374	4893	0.968798	FALSE	ORF1ab:cds-YP_009724389.1	GTC	V	TTC	F	2501
NC_045512.2	20969	T	C	4411	3780	39	3	3	34	0.000679656	4414	0.773623	FALSE	ORF1ab:cds-YP_009724389.1	GTC	V	GCC	A	2501
NC_045512.2	20971	T	C	4557	3936	39	1	1	34	0.000219394	4558	0.968801	FALSE	ORF1ab:cds-YP_009724389.1	TCT	S	CCT	P	2502
NC_045512.2	20977	G	A	4719	4132	40	1	1	34	0.000211864	4720	0.9688	FALSE	ORF1ab:cds-YP_009724389.1	GCA	A	ACA	T	2504
NC_045512.2	20979	A	T	4689	4105	40	1	1	34	0.00021322	4690	0.9688	FALSE	ORF1ab:cds-YP_009724389.1	GCA	A	GCT	A	2504
NC_045512.2	20981	A	G	4649	4084	39	1	1	34	0.000215054	4650	0.9688	FALSE	ORF1ab:cds-YP_009724389.1	GAT	D	GGT	G	2505
NC_045512.2	20985	A	C	4580	4058	39	6	6	31	0.00130833	4586	0.37702	FALSE	ORF1ab:cds-YP_009724389.1	TCA	S	TCC	S	2506
NC_045512.2	20988	T	C	4564	4067	39	1	1	34	0.000219058	4565	0.968801	FALSE	ORF1ab:cds-YP_009724389.1	ACT	T	ACC	T	2507
NC_045512.2	20990	T	C	4508	4011	39	1	0	68	0.000221779	4509	0.500055	FALSE	ORF1ab:cds-YP_009724389.1	TTG	L	TCG	S	2508
NC_045512.2	20994	T	C	4464	3998	39	1	1	34	0.000223964	4465	0.968802	FALSE	ORF1ab:cds-YP_009724389.1	ATT	I	ATC	I	2509
NC_045512.2	20996	G	A	4446	3991	39	1	1	34	0.000224871	4447	0.968803	FALSE	ORF1ab:cds-YP_009724389.1	GGT	G	GAT	D	2510
NC_045512.2	21003	T	C	4293	3959	37	1	1	34	0.000232883	4294	0.968805	FALSE	ORF1ab:cds-YP_009724389.1	TGT	C	TGC	C	2512
NC_045512.2	21005	C	T	2935	2722	37	1369	1268	37	0.318076	4304	0	TRUE	ORF1ab:cds-YP_009724389.1	GCA	A	GTA	V	2513
NC_045512.2	21009	T	G	3902	3677	36	1	1	34	0.000256148	3904	0.937548	FALSE	ORF1ab:cds-YP_009724389.1	ACT	T	ACG	T	2514
NC_045512.2	21009	T	C	3902	3677	36	1	1	34	0.000256148	3904	0.937548	FALSE	ORF1ab:cds-YP_009724389.1	ACT	T	ACC	T	2514
NC_045512.2	21011	T	C	3641	3422	36	1	1	34	0.000274574	3642	0.937586	FALSE	ORF1ab:cds-YP_009724389.1	GTA	V	GCA	A	2515
NC_045512.2	21012	A	G	3612	3389	36	1	1	34	0.000276702	3614	0.937552	FALSE	ORF1ab:cds-YP_009724389.1	GTA	V	GTG	V	2515
NC_045512.2	21012	A	C	3612	3389	36	1	1	34	0.000276702	3614	0.937552	FALSE	ORF1ab:cds-YP_009724389.1	GTA	V	GTC	V	2515
NC_045512.2	21013	C	T	3616	3395	36	1	1	34	0.000276472	3617	0.937586	FALSE	ORF1ab:cds-YP_009724389.1	CAT	H	TAT	Y	2516
NC_045512.2	21014	A	T	3581	3362	36	1	0	24	0.000279174	3582	1	FALSE	ORF1ab:cds-YP_009724389.1	CAT	H	CTT	L	2516
NC_045512.2	21016	A	G	3158	2956	36	2	2	34	0.000632911	3160	0.812698	FALSE	ORF1ab:cds-YP_009724389.1	ACA	T	GCA	A	2517
NC_045512.2	21018	A	G	4768	2780	35	2	1	34	0.000419287	4770	0.890748	FALSE	ORF1ab:cds-YP_009724389.1	ACA	T	ACG	T	2517
NC_045512.2	21021	T	A	4581	2555	35	1	0	26	0.000218245	4582	1	FALSE	ORF1ab:cds-YP_009724389.1	GCT	A	GCA	A	2518
NC_045512.2	21022	A	G	4601	2552	35	2	1	34	0.000434499	4603	0.890752	FALSE	ORF1ab:cds-YP_009724389.1	AAT	N	GAT	D	2519
NC_045512.2	21023	A	C	4466	2577	34	1	1	34	0.000223864	4467	0.968802	FALSE	ORF1ab:cds-YP_009724389.1	AAT	N	ACT	T	2519
NC_045512.2	21024	T	C	4608	2566	35	1	1	26	0.000216967	4609	1	FALSE	ORF1ab:cds-YP_009724389.1	AAT	N	AAC	N	2519
NC_045512.2	21025	A	C	4511	2566	34	1	1	34	0.000221631	4512	0.968802	FALSE	ORF1ab:cds-YP_009724389.1	AAA	K	CAA	Q	2520
NC_045512.2	21026	A	G	4537	2529	35	1	0	34	0.000220361	4538	0.968802	FALSE	ORF1ab:cds-YP_009724389.1	AAA	K	AGA	R	2520
NC_045512.2	21027	A	G	4451	2482	34	1	1	34	0.000224618	4452	0.968803	FALSE	ORF1ab:cds-YP_009724389.1	AAA	K	AAG	K	2520
NC_045512.2	21028	T	C	4447	2424	35	2	2	34	0.000449539	4449	0.890757	FALSE	ORF1ab:cds-YP_009724389.1	TGG	W	CGG	R	2521
NC_045512.2	21029	G	C	4401	2379	35	4	4	34	0.000908059	4405	0.636905	FALSE	ORF1ab:cds-YP_009724389.1	TGG	W	TCG	S	2521
NC_045512.2	21032	A	G	4293	2412	34	1	0	34	0.000232883	4294	0.968805	FALSE	ORF1ab:cds-YP_009724389.1	GAT	D	GGT	G	2522
NC_045512.2	21033	T	C	4051	2072	34	1	1	34	0.000246731	4053	0.968789	FALSE	ORF1ab:cds-YP_009724389.1	GAT	D	GAC	D	2522
NC_045512.2	21033	T	A	4051	2072	34	1	1	27	0.000246731	4053	1	FALSE	ORF1ab:cds-YP_009724389.1	GAT	D	GAA	E	2522
NC_045512.2	21034	C	A	4431	2430	35	1	1	34	0.000225632	4432	0.968803	FALSE	ORF1ab:cds-YP_009724389.1	CTC	L	ATC	I	2523
NC_045512.2	21035	T	C	4372	2373	34	1	0	26	0.000228624	4374	1	FALSE	ORF1ab:cds-YP_009724389.1	CTC	L	CCC	P	2523
NC_045512.2	21035	T	A	4372	2373	34	1	0	34	0.000228624	4374	0.968786	FALSE	ORF1ab:cds-YP_009724389.1	CTC	L	CAC	H	2523
NC_045512.2	21037	A	G	4524	2406	35	4	0	30	0.000883392	4528	0.6369	FALSE	ORF1ab:cds-YP_009724389.1	ATT	I	GTT	V	2524
NC_045512.2	21038	T	G	4558	2426	35	1	0	34	0.000219346	4559	0.968801	FALSE	ORF1ab:cds-YP_009724389.1	ATT	I	AGT	S	2524
NC_045512.2	21042	T	G	4566	2397	35	1	0	34	0.000218866	4569	0.968767	FALSE	ORF1ab:cds-YP_009724389.1	ATT	I	ATG	M	2525
NC_045512.2	21042	T	C	4566	2397	35	1	1	34	0.000218866	4569	0.968767	FALSE	ORF1ab:cds-YP_009724389.1	ATT	I	ATC	I	2525
NC_045512.2	21042	T	A	4566	2397	35	1	0	26	0.000218866	4569	1	FALSE	ORF1ab:cds-YP_009724389.1	ATT	I	ATA	I	2525
NC_045512.2	21043	A	G	4637	2330	34	1	0	34	0.00021561	4638	0.968801	FALSE	ORF1ab:cds-YP_009724389.1	AGT	S	GGT	G	2526
NC_045512.2	21044	G	T	4830	2350	35	2	0	30	0.000413907	4832	0.890746	FALSE	ORF1ab:cds-YP_009724389.1	AGT	S	ATT	I	2526
NC_045512.2	21054	C	T	2977	194	36	2	0	34	0.000671141	2980	0.687563	FALSE	ORF1ab:cds-YP_009724389.1	TAC	Y	TAT	Y	2529
NC_045512.2	21054	C	A	2977	194	36	1	0	34	0.00033557	2980	0.875	FALSE	ORF1ab:cds-YP_009724389.1	TAC	Y	TAA	*	2529
NC_045512.2	21063	G	T	3074	200	36	1	0	34	0.000325203	3075	0.937602	FALSE	ORF1ab:cds-YP_009724389.1	AAG	K	AAT	N	2532
NC_045512.2	21066	T	G	3098	214	36	1	0	26	0.000322685	3099	1	FALSE	ORF1ab:cds-YP_009724389.1	ACT	T	ACG	T	2533
NC_045512.2	21068	A	G	3124	255	38	1	0	34	0.00032	3125	0.9376	FALSE	ORF1ab:cds-YP_009724389.1	AAA	K	AGA	R	2534
NC_045512.2	21072	T	C	3107	262	38	1	0	34	0.00032175	3108	0.937601	FALSE	ORF1ab:cds-YP_009724389.1	AAT	N	AAC	N	2535
NC_045512.2	21080	A	T	2999	320	38	1	0	34	0.000333333	3000	0.937563	FALSE	ORF1ab:cds-YP_009724389.1	AAA	K	ATA	I	2538
NC_045512.2	21081	A	G	3197	316	38	1	0	34	0.000312695	3198	0.937598	FALSE	ORF1ab:cds-YP_009724389.1	AAA	K	AAG	K	2538
NC_045512.2	21082	G	-A	3181	303	37	2	0	20	0.000628733	3181	1	FALSE	NA	NA	NA	NA	NA	NA
NC_045512.2	21084	A	G	3135	330	39	18	1	37	0.00570885	3153	0.000734	TRUE	ORF1ab:cds-YP_009724389.1	GAA	E	GAG	E	2539
NC_045512.2	21086	A	G	3170	336	38	1	0	26	0.000315358	3171	1	FALSE	ORF1ab:cds-YP_009724389.1	AAT	N	AGT	S	2540
NC_045512.2	21093	T	G	3295	381	39	1	0	34	0.000303398	3296	0.937595	FALSE	ORF1ab:cds-YP_009724389.1	TCT	S	TCG	S	2542
NC_045512.2	21098	A	T	3029	410	39	1	0	20	0.000330033	3030	1	FALSE	ORF1ab:cds-YP_009724389.1	GAG	E	GTG	V	2544
NC_045512.2	21101	G	C	3099	434	40	1	0	34	0.000322581	3100	0.937601	FALSE	ORF1ab:cds-YP_009724389.1	GGT	G	GCT	A	2545
NC_045512.2	21101	G	-T	3099	434	40	2	0	20	0.000645161	3100	1	FALSE	NA	NA	NA	NA	NA	NA
NC_045512.2	21107	T	C	2959	516	41	1	0	34	0.000337838	2960	0.875127	FALSE	ORF1ab:cds-YP_009724389.1	TTC	F	TCC	S	2547
NC_045512.2	21109	A	C	2418	602	39	1	0	26	0.000413394	2419	1	FALSE	ORF1ab:cds-YP_009724389.1	ACT	T	CCT	P	2548
NC_045512.2	21112	T	C	2230	668	39	1	0	34	0.000448229	2231	0.875168	FALSE	ORF1ab:cds-YP_009724389.1	TAC	Y	CAC	H	2549
NC_045512.2	21113	A	C	2188	690	39	1	0	34	0.00045683	2189	0.875171	FALSE	ORF1ab:cds-YP_009724389.1	TAC	Y	TCC	S	2549
NC_045512.2	21115	A	T	2196	725	39	1	0	26	0.000455166	2197	1	FALSE	ORF1ab:cds-YP_009724389.1	ATT	I	TTT	F	2550
NC_045512.2	21119	G	T	2178	793	39	1	0	34	0.000458926	2179	0.875172	FALSE	ORF1ab:cds-YP_009724389.1	TGT	C	TTT	F	2551
NC_045512.2	21121	G	C	2140	816	39	1	1	34	0.000467071	2141	0.875175	FALSE	ORF1ab:cds-YP_009724389.1	GGG	G	CGG	R	2552
NC_045512.2	21129	A	G	2137	888	38	1	1	34	0.000467727	2138	0.875175	FALSE	ORF1ab:cds-YP_009724389.1	ATA	I	ATG	M	2554
NC_045512.2	21130	C	T	2311	899	39	2	1	51	0.000864678	2313	0.250054	FALSE	ORF1ab:cds-YP_009724389.1	CAA	Q	TAA	*	2555
NC_045512.2	21131	A	C	2236	833	39	1	1	26	0.000447027	2237	1	FALSE	ORF1ab:cds-YP_009724389.1	CAA	Q	CCA	P	2555
NC_045512.2	21134	A	G	2282	925	40	1	0	34	0.00043802	2283	0.875164	FALSE	ORF1ab:cds-YP_009724389.1	CAA	Q	CGA	R	2556
NC_045512.2	21140	T	C	2243	1021	39	1	0	34	0.000445633	2244	0.875167	FALSE	ORF1ab:cds-YP_009724389.1	CTA	L	CCA	P	2558
NC_045512.2	21144	T	A	1724	701	36	3	3	28	0.00173712	1727	0.999807	FALSE	ORF1ab:cds-YP_009724389.1	GCT	A	GCA	A	2559
NC_045512.2	21145	C	-T	2151	1161	38	1	0	20	0.0004649	2151	1	FALSE	NA	NA	NA	NA	NA	NA
NC_045512.2	21146	T	C	2071	1087	37	1	1	34	0.000482625	2072	0.875091	FALSE	ORF1ab:cds-YP_009724389.1	CTT	L	CCT	P	2560
NC_045512.2	21155	C	A	1997	1273	37	1	0	34	0.000500501	1998	0.750188	FALSE	ORF1ab:cds-YP_009724389.1	TCC	S	TAC	Y	2563
NC_045512.2	21157	G	A	1990	1278	37	1	1	34	0.00050226	1991	0.750188	FALSE	ORF1ab:cds-YP_009724389.1	GTG	V	ATG	M	2564
NC_045512.2	21158	T	C	1953	1287	37	2	2	30	0.00102302	1955	0.500192	FALSE	ORF1ab:cds-YP_009724389.1	GTG	V	GCG	A	2564
NC_045512.2	21160	G	T	2006	1282	37	1	1	34	0.000498256	2007	0.875187	FALSE	ORF1ab:cds-YP_009724389.1	GCT	A	TCT	S	2565
NC_045512.2	21170	T	A	1968	1210	36	1	1	24	0.000507872	1969	0.999999	FALSE	ORF1ab:cds-YP_009724389.1	ATA	I	AAA	K	2568
NC_045512.2	21178	C	T	2005	1256	37	1	1	34	0.000498504	2006	0.875187	FALSE	ORF1ab:cds-YP_009724389.1	CAT	H	TAT	Y	2571
NC_045512.2	21186	G	T	2010	1251	37	1	0	34	0.000497265	2011	0.875186	FALSE	ORF1ab:cds-YP_009724389.1	TGG	W	TGT	C	2573
NC_045512.2	21192	T	G	1994	1311	37	2	2	34	0.001002	1996	0.500188	FALSE	ORF1ab:cds-YP_009724389.1	GCT	A	GCG	A	2575
NC_045512.2	21195	T	G	2029	1349	37	1	0	26	0.000492611	2030	1	FALSE	ORF1ab:cds-YP_009724389.1	GAT	D	GAG	E	2576
NC_045512.2	21200	A	G	2096	1344	37	1	0	34	0.000476644	2098	0.875089	FALSE	ORF1ab:cds-YP_009724389.1	TAT	Y	TGT	C	2578
NC_045512.2	21200	A	C	2096	1344	37	1	1	34	0.000476644	2098	0.875089	FALSE	ORF1ab:cds-YP_009724389.1	TAT	Y	TCT	S	2578
NC_045512.2	21201	T	C	2128	1383	37	1	1	34	0.000469704	2129	0.875176	FALSE	ORF1ab:cds-YP_009724389.1	TAT	Y	TAC	Y	2578
NC_045512.2	21202	A	G	2074	1349	37	1	1	34	0.000481928	2075	0.875181	FALSE	ORF1ab:cds-YP_009724389.1	AAG	K	GAG	E	2579
NC_045512.2	21203	A	C	2101	1368	37	1	1	26	0.000475737	2102	1	FALSE	ORF1ab:cds-YP_009724389.1	AAG	K	ACG	T	2579
NC_045512.2	21206	T	C	2019	1211	36	2	2	51	0.000989609	2021	0.250062	FALSE	ORF1ab:cds-YP_009724389.1	CTC	L	CCC	P	2580
NC_045512.2	21210	G	T	2095	1291	37	1	1	34	0.000476644	2098	0.875	FALSE	ORF1ab:cds-YP_009724389.1	ATG	M	ATT	I	2581
NC_045512.2	21210	G	C	2095	1291	37	1	1	34	0.000476644	2098	0.875	FALSE	ORF1ab:cds-YP_009724389.1	ATG	M	ATC	I	2581
NC_045512.2	21210	G	A	2095	1291	37	1	1	34	0.000476644	2098	0.875	FALSE	ORF1ab:cds-YP_009724389.1	ATG	M	ATA	I	2581
NC_045512.2	21216	C	T	2087	1262	37	1	1	68	0.000478927	2088	0.50012	FALSE	ORF1ab:cds-YP_009724389.1	CAC	H	CAT	H	2583
NC_045512.2	21230	C	T	2179	1489	38	1	1	68	0.000458716	2180	0.500115	FALSE	ORF1ab:cds-YP_009724389.1	ACA	T	ATA	I	2588
NC_045512.2	21231	A	T	2096	1476	37	1	0	26	0.000476872	2097	1	FALSE	ORF1ab:cds-YP_009724389.1	ACA	T	ACT	T	2588
NC_045512.2	21234	C	A	2342	1654	39	3	3	34	0.00127932	2345	0.5002	FALSE	ORF1ab:cds-YP_009724389.1	GCC	A	GCA	A	2589
NC_045512.2	21237	T	C	2234	1561	39	1	1	26	0.000447427	2235	1	FALSE	ORF1ab:cds-YP_009724389.1	TTT	F	TTC	F	2590
NC_045512.2	21243	T	C	2158	1525	39	1	1	34	0.000463177	2159	0.875174	FALSE	ORF1ab:cds-YP_009724389.1	ACT	T	ACC	T	2592
NC_045512.2	21246	T	G	2167	1557	39	1	0	34	0.000461255	2168	0.875173	FALSE	ORF1ab:cds-YP_009724389.1	AAT	N	AAG	K	2593
NC_045512.2	21250	A	G	2150	1541	39	1	1	34	0.0004649	2151	0.875174	FALSE	ORF1ab:cds-YP_009724389.1	AAT	N	GAT	D	2595
NC_045512.2	21251	A	G	2135	1542	39	1	0	34	0.000468165	2136	0.875176	FALSE	ORF1ab:cds-YP_009724389.1	AAT	N	AGT	S	2595
NC_045512.2	21252	T	C	2147	1546	39	1	1	34	0.000465549	2148	0.875175	FALSE	ORF1ab:cds-YP_009724389.1	AAT	N	AAC	N	2595
NC_045512.2	21255	G	C	2153	1563	40	1	1	34	0.000464253	2154	0.875174	FALSE	ORF1ab:cds-YP_009724389.1	GCG	A	GCC	A	2596
NC_045512.2	21256	T	G	2107	1517	40	1	0	34	0.000474158	2109	0.875089	FALSE	ORF1ab:cds-YP_009724389.1	TCA	S	GCA	A	2597
NC_045512.2	21256	T	A	2107	1517	40	1	1	24	0.000474158	2109	1	FALSE	ORF1ab:cds-YP_009724389.1	TCA	S	ACA	T	2597
NC_045512.2	21264	T	C	2229	1722	40	1	1	34	0.00044843	2230	0.875168	FALSE	ORF1ab:cds-YP_009724389.1	TCT	S	TCC	S	2599
NC_045512.2	21267	A	G	2298	1819	41	1	0	26	0.000434972	2299	1	FALSE	ORF1ab:cds-YP_009724389.1	GAA	E	GAG	E	2600
NC_045512.2	21270	A	-T	2338	1894	40	1	0	20	0.000427716	2338	1	FALSE	NA	NA	NA	NA	NA	NA
NC_045512.2	21271	T	C	2351	1915	40	2	1	34	0.000849979	2353	0.68758	FALSE	ORF1ab:cds-YP_009724389.1	TTT	F	CTT	L	2602
NC_045512.2	21274	T	C	2382	1959	40	1	0	60	0.000419639	2383	0.500105	FALSE	ORF1ab:cds-YP_009724389.1	TTA	L	CTA	L	2603
NC_045512.2	21276	A	T	2468	2073	41	1	1	26	0.000405022	2469	1	FALSE	ORF1ab:cds-YP_009724389.1	TTA	L	TTT	F	2603
NC_045512.2	21287	A	C	2396	2043	40	1	1	34	0.000417188	2397	0.875156	FALSE	ORF1ab:cds-YP_009724389.1	AAT	N	ACT	T	2607
NC_045512.2	21288	T	C	2400	2044	40	1	1	34	0.000416493	2401	0.875156	FALSE	ORF1ab:cds-YP_009724389.1	AAT	N	AAC	N	2607
NC_045512.2	21294	T	C	2161	1839	40	1	1	34	0.000462535	2162	0.875173	FALSE	ORF1ab:cds-YP_009724389.1	CTT	L	CTC	L	2609
NC_045512.2	21296	G	C	2150	1832	40	1	1	34	0.000464684	2152	0.875087	FALSE	ORF1ab:cds-YP_009724389.1	GGC	G	GCC	A	2610
NC_045512.2	21296	G	A	2150	1832	40	1	1	34	0.000464684	2152	0.875087	FALSE	ORF1ab:cds-YP_009724389.1	GGC	G	GAC	D	2610
NC_045512.2	21297	C	T	2167	1864	40	3	3	31	0.00138249	2170	0.500216	FALSE	ORF1ab:cds-YP_009724389.1	GGC	G	GGT	G	2610
NC_045512.2	21302	C	T	2111	1839	39	1	1	34	0.000473485	2112	0.875178	FALSE	ORF1ab:cds-YP_009724389.1	CCA	P	CTA	L	2612
NC_045512.2	21303	A	C	2078	1808	39	1	1	34	0.000481	2079	0.87518	FALSE	ORF1ab:cds-YP_009724389.1	CCA	P	CCC	P	2612
NC_045512.2	21305	G	T	2062	1818	39	1	1	34	0.000484731	2063	0.875182	FALSE	ORF1ab:cds-YP_009724389.1	CGC	R	CTC	L	2613
NC_045512.2	21317	A	T	1902	1731	37	1	1	34	0.000525486	1903	0.750197	FALSE	ORF1ab:cds-YP_009724389.1	GAT	D	GTT	V	2617
NC_045512.2	21323	A	T	1918	1582	37	1	1	26	0.000520833	1920	0.999999	FALSE	ORF1ab:cds-YP_009724389.1	TAT	Y	TTT	F	2619
NC_045512.2	21323	A	G	1918	1582	37	1	1	34	0.000520833	1920	0.750065	FALSE	ORF1ab:cds-YP_009724389.1	TAT	Y	TGT	C	2619
NC_045512.2	21329	T	C	1427	1137	36	1	1	34	0.00070028	1428	0.750263	FALSE	ORF1ab:cds-YP_009724389.1	ATG	M	ACG	T	2621
NC_045512.2	21331	C	A	1414	1136	36	1	1	34	0.000706714	1415	0.750265	FALSE	ORF1ab:cds-YP_009724389.1	CAT	H	AAT	N	2622
NC_045512.2	21334	G	T	1318	1058	36	2	2	30	0.00151286	1322	0.499716	FALSE	ORF1ab:cds-YP_009724389.1	GCA	A	TCA	S	2623
NC_045512.2	21334	G	C	1318	1058	36	2	2	30	0.00151286	1322	0.499716	FALSE	ORF1ab:cds-YP_009724389.1	GCA	A	CCA	P	2623
NC_045512.2	21343	A	C	1253	1013	35	1	1	34	0.000797448	1254	0.750299	FALSE	ORF1ab:cds-YP_009724389.1	ATA	I	CTA	L	2626
NC_045512.2	21345	A	C	1209	974	35	1	1	34	0.000826446	1210	0.75031	FALSE	ORF1ab:cds-YP_009724389.1	ATA	I	ATC	I	2626
NC_045512.2	21352	A	C	1172	929	35	1	1	34	0.000852515	1173	0.75032	FALSE	ORF1ab:cds-YP_009724389.1	AGG	R	CGG	R	2629
NC_045512.2	21354	G	T	1141	901	35	1	1	34	0.000875657	1142	0.750329	FALSE	ORF1ab:cds-YP_009724389.1	AGG	R	AGT	S	2629
NC_045512.2	21414	T	A	292	60	38	1	0	26	0.00341297	293	0.876281	FALSE	ORF1ab:cds-YP_009724389.1	CTT	L	CTA	L	2649
NC_045512.2	21428	C	T	391	81	36	1	0	34	0.00255102	392	0.500639	FALSE	ORF1ab:cds-YP_009724389.1	ACT	T	ATT	I	2654
NC_045512.2	21429	T	G	393	79	36	1	0	34	0.00253807	394	0.500635	FALSE	ORF1ab:cds-YP_009724389.1	ACT	T	ACG	T	2654
NC_045512.2	21448	G	A	403	72	38	1	0	34	0.00247525	404	0.50062	FALSE	ORF1ab:cds-YP_009724389.1	GAA	E	AAA	K	2661
NC_045512.2	21456	A	G	413	74	37	1	0	34	0.00241546	414	0.500605	FALSE	ORF1ab:cds-YP_009724389.1	CAA	Q	CAG	Q	2663
NC_045512.2	21473	T	G	392	74	36	1	0	27	0.00254453	393	0.938295	FALSE	ORF1ab:cds-YP_009724389.1	TTA	L	TGA	*	2669
NC_045512.2	21474	A	G	405	84	38	1	0	34	0.00246305	406	0.500617	FALSE	ORF1ab:cds-YP_009724389.1	TTA	L	TTG	L	2669
NC_045512.2	21480	T	G	388	76	37	1	0	34	0.00257069	389	0.500644	FALSE	ORF1ab:cds-YP_009724389.1	CTT	L	CTG	L	2671
NC_045512.2	21505	A	G	437	142	40	1	0	68	0.00228311	438	0.500571	FALSE	ORF1ab:cds-YP_009724389.1	AGA	R	GGA	G	2680
NC_045512.2	21568	T	A	4043	760	35	1	0	34	0.00024728	4044	0.968808	FALSE	S:cds-YP_009724390.1	TTT	F	TTA	L	2
NC_045512.2	21570	T	C	4220	917	36	1	1	34	0.000236911	4221	0.968806	FALSE	S:cds-YP_009724390.1	GTT	V	GCT	A	3
NC_045512.2	21573	T	C	4310	949	36	1	0	34	0.000231965	4311	0.968804	FALSE	S:cds-YP_009724390.1	TTT	F	TCT	S	4
NC_045512.2	21574	T	A	4149	811	35	1	0	34	0.000240964	4150	0.968806	FALSE	S:cds-YP_009724390.1	TTT	F	TTA	L	4
NC_045512.2	21576	T	C	4325	942	36	1	0	34	0.00023116	4326	0.968804	FALSE	S:cds-YP_009724390.1	CTT	L	CCT	P	5
NC_045512.2	21578	G	T	4592	958	36	2	0	34	0.000435256	4595	0.890702	FALSE	S:cds-YP_009724390.1	GTT	V	TTT	F	6
NC_045512.2	21578	G	A	4592	958	36	1	0	34	0.000217628	4595	0.968767	FALSE	S:cds-YP_009724390.1	GTT	V	ATT	I	6
NC_045512.2	21579	T	G	4561	986	36	1	0	34	0.000219106	4564	0.968767	FALSE	S:cds-YP_009724390.1	GTT	V	GGT	G	6
NC_045512.2	21579	T	C	4561	986	36	1	0	46	0.000219106	4564	0.499945	FALSE	S:cds-YP_009724390.1	GTT	V	GCT	A	6
NC_045512.2	21579	T	A	4561	986	36	1	0	34	0.000219106	4564	0.968767	FALSE	S:cds-YP_009724390.1	GTT	V	GAT	D	6
NC_045512.2	21581	T	G	4658	981	36	1	0	26	0.000214638	4659	1	FALSE	S:cds-YP_009724390.1	TTA	L	GTA	V	7
NC_045512.2	21586	G	A	4770	1086	36	2	1	26	0.000419111	4772	1	FALSE	S:cds-YP_009724390.1	TTG	L	TTA	L	8
NC_045512.2	21587	C	T	5090	1124	36	1	0	34	0.000196386	5092	0.984398	FALSE	S:cds-YP_009724390.1	CCA	P	TCA	S	9
NC_045512.2	21587	C	A	5090	1124	36	1	0	34	0.000196386	5092	0.984398	FALSE	S:cds-YP_009724390.1	CCA	P	ACA	T	9
NC_045512.2	21588	C	A	5216	1199	37	1	0	34	0.000191681	5217	0.984406	FALSE	S:cds-YP_009724390.1	CCA	P	CAA	Q	9
NC_045512.2	21592	A	G	6003	1256	36	1	1	68	0.000166556	6004	0.500042	FALSE	S:cds-YP_009724390.1	CTA	L	CTG	L	10
NC_045512.2	21593	G	T	6177	1257	37	1	0	34	0.000161865	6178	0.992205	FALSE	S:cds-YP_009724390.1	GTC	V	TTC	F	11
NC_045512.2	21595	C	T	8422	1264	36	1	1	34	0.000118723	8423	0.998052	FALSE	S:cds-YP_009724390.1	GTC	V	GTT	V	11
NC_045512.2	21596	T	A	8277	1087	35	1	1	26	0.000120802	8278	1	FALSE	S:cds-YP_009724390.1	TCT	S	ACT	T	12
NC_045512.2	21597	C	T	8547	1254	36	1	1	34	0.000116986	8548	0.998052	FALSE	S:cds-YP_009724390.1	TCT	S	TTT	F	12
NC_045512.2	21599	A	G	8753	1250	36	2	0	30	0.000228441	8755	0.98928	FALSE	S:cds-YP_009724390.1	AGT	S	GGT	G	13
NC_045512.2	21604	G	T	9086	1256	36	1	0	34	0.000110035	9088	0.999026	FALSE	S:cds-YP_009724390.1	CAG	Q	CAT	H	14
NC_045512.2	21604	G	A	9086	1256	36	1	0	34	0.000110035	9088	0.999026	FALSE	S:cds-YP_009724390.1	CAG	Q	CAA	Q	14
NC_045512.2	21605	T	G	9077	1296	36	1	0	34	0.000110156	9078	0.999026	FALSE	S:cds-YP_009724390.1	TGT	C	GGT	G	15
NC_045512.2	21606	G	T	9772	1304	36	1	0	34	0.000102312	9774	0.999026	FALSE	S:cds-YP_009724390.1	TGT	C	TTT	F	15
NC_045512.2	21606	G	A	9772	1304	36	1	0	34	0.000102312	9774	0.999026	FALSE	S:cds-YP_009724390.1	TGT	C	TAT	Y	15
NC_045512.2	21608	G	A	9834	1323	36	1	0	34	0.000101678	9835	0.999026	FALSE	S:cds-YP_009724390.1	GTT	V	ATT	I	16
NC_045512.2	21609	T	C	9573	1139	35	1	0	68	0.00010445	9574	0.500026	FALSE	S:cds-YP_009724390.1	GTT	V	GCT	A	16
NC_045512.2	21610	T	C	9796	1335	36	1	1	68	0.000102062	9798	0.5	FALSE	S:cds-YP_009724390.1	GTT	V	GTC	V	16
NC_045512.2	21610	T	A	9796	1335	36	1	0	34	0.000102062	9798	0.999026	FALSE	S:cds-YP_009724390.1	GTT	V	GTA	V	16
NC_045512.2	21611	A	T	8716	1327	35	1	0	34	0.000114692	8719	0.99805	FALSE	S:cds-YP_009724390.1	AAT	N	TAT	Y	17
NC_045512.2	21611	A	G	8716	1327	35	2	1	34	0.000229384	8719	0.989275	FALSE	S:cds-YP_009724390.1	AAT	N	GAT	D	17
NC_045512.2	21613	T	G	9914	1374	36	1	0	26	0.000100857	9915	1	FALSE	S:cds-YP_009724390.1	AAT	N	AAG	K	17
NC_045512.2	21614	C	-T	10241	1443	36	2	0	20	0.000195293	10241	1	FALSE	NA	NA	NA	NA	NA	NA
NC_045512.2	21615	T	G	10213	1394	36	1	0	34	9.78953e-05	10215	0.999513	FALSE	S:cds-YP_009724390.1	CTT	L	CGT	R	18
NC_045512.2	21615	T	C	10213	1394	36	1	1	34	9.78953e-05	10215	0.999513	FALSE	S:cds-YP_009724390.1	CTT	L	CCT	P	18
NC_045512.2	21616	T	C	10100	1285	36	1	0	34	9.90001e-05	10101	0.999513	FALSE	S:cds-YP_009724390.1	CTT	L	CTC	L	18
NC_045512.2	21618	C	T	1	0	34	10137	1417	36	0.999901	10138	0	TRUE	S:cds-YP_009724390.1	ACA	T	ATA	I	19
NC_045512.2	21622	C	T	10389	1432	36	1	1	34	9.62001e-05	10395	0.999512	FALSE	S:cds-YP_009724390.1	ACC	T	ACT	T	20
NC_045512.2	21622	C	G	10389	1432	36	3	0	34	0.0002886	10395	0.98878	FALSE	S:cds-YP_009724390.1	ACC	T	ACG	T	20
NC_045512.2	21622	C	A	10389	1432	36	2	0	34	0.0001924	10395	0.996828	FALSE	S:cds-YP_009724390.1	ACC	T	ACA	T	20
NC_045512.2	21623	A	G	10541	1411	37	1	1	34	9.48587e-05	10542	0.999513	FALSE	S:cds-YP_009724390.1	AGA	R	GGA	G	21
NC_045512.2	21624	G	T	10395	1402	36	3	0	28	0.000288517	10398	1	FALSE	S:cds-YP_009724390.1	AGA	R	ATA	I	21
NC_045512.2	21625	A	T	10015	1409	36	1	0	34	9.98403e-05	10016	0.999513	FALSE	S:cds-YP_009724390.1	AGA	R	AGT	S	21
NC_045512.2	21626	A	G	10408	1401	36	1	0	34	9.60707e-05	10409	0.999513	FALSE	S:cds-YP_009724390.1	ACT	T	GCT	A	22
NC_045512.2	21628	T	A	10391	1395	36	1	0	34	9.62279e-05	10392	0.999513	FALSE	S:cds-YP_009724390.1	ACT	T	ACA	T	22
NC_045512.2	21630	A	G	10181	1396	36	1	0	24	9.82125e-05	10182	1	FALSE	S:cds-YP_009724390.1	CAA	Q	CGA	R	23
NC_045512.2	21630	A	-ATTACCCCC	10181	1396	36	2	0	20	0.000196425	10182	1	FALSE	NA	NA	NA	NA	NA	NA
NC_045512.2	21631	A	G	10389	1390	36	1	0	34	9.62464e-05	10390	0.999513	FALSE	S:cds-YP_009724390.1	CAA	Q	CAG	Q	23
NC_045512.2	21631	A	-TTACCCCCT	10389	1390	36	10	0	20	0.000962464	10390	1	FALSE	NA	NA	NA	NA	NA	NA
NC_045512.2	21632	T	-TACCCCCTG	10334	1341	36	10283	0	20	0.994872	10336	0	TRUE	NA	NA	NA	NA	NA	NA
NC_045512.2	21633	T	C	0	0	0	1	1	34	1	1	0.00105902	TRUE	S:cds-YP_009724390.1	TTA	L	TCA	S	24
NC_045512.2	21641	G	T	0	0	0	9	3	33	0.818182	11	2.3593e-26	TRUE	S:cds-YP_009724390.1	GCA	A	TCA	S	27
NC_045512.2	21641	G	C	0	0	0	1	0	34	0.0909091	11	0.0010583	TRUE	S:cds-YP_009724390.1	GCA	A	CCA	P	27
NC_045512.2	21641	G	A	0	0	0	1	0	26	0.0909091	11	0.0100058	FALSE	S:cds-YP_009724390.1	GCA	A	ACA	T	27
NC_045512.2	21643	A	G	11711	1642	37	4	0	34	0.000341443	11715	0.982457	FALSE	S:cds-YP_009724390.1	GCA	A	GCG	A	27
NC_045512.2	21645	A	T	11652	1651	37	1	0	34	8.58074e-05	11654	0.999757	FALSE	S:cds-YP_009724390.1	TAC	Y	TTC	F	28
NC_045512.2	21645	A	G	11652	1651	37	1	0	26	8.58074e-05	11654	1	FALSE	S:cds-YP_009724390.1	TAC	Y	TGC	C	28
NC_045512.2	21647	A	T	12221	1667	37	1	0	34	8.1813e-05	12223	0.999878	FALSE	S:cds-YP_009724390.1	ACT	T	TCT	S	29
NC_045512.2	21647	A	G	12221	1667	37	1	0	34	8.1813e-05	12223	0.999878	FALSE	S:cds-YP_009724390.1	ACT	T	GCT	A	29
NC_045512.2	21648	C	T	12376	1677	37	1	0	34	8.0795e-05	12377	0.999878	FALSE	S:cds-YP_009724390.1	ACT	T	ATT	I	29
NC_045512.2	21649	T	C	12255	1673	37	2	0	30	0.000163172	12257	0.999087	FALSE	S:cds-YP_009724390.1	ACT	T	ACC	T	29
NC_045512.2	21650	A	G	12302	1662	37	1	0	34	8.1281e-05	12303	0.999878	FALSE	S:cds-YP_009724390.1	AAT	N	GAT	D	30
NC_045512.2	21651	A	C	11797	1681	36	1	0	26	8.47601e-05	11798	1	FALSE	S:cds-YP_009724390.1	AAT	N	ACT	T	30
NC_045512.2	21652	T	G	12319	1761	37	1	0	26	8.11557e-05	12322	1	FALSE	S:cds-YP_009724390.1	AAT	N	AAG	K	30
NC_045512.2	21652	T	C	12319	1761	37	2	0	34	0.000162311	12322	0.999087	FALSE	S:cds-YP_009724390.1	AAT	N	AAC	N	30
NC_045512.2	21653	T	G	12017	1670	36	1	0	26	8.31808e-05	12022	1	FALSE	S:cds-YP_009724390.1	TCT	S	GCT	A	31
NC_045512.2	21653	T	C	12017	1670	36	2	0	34	0.000166362	12022	0.999086	FALSE	S:cds-YP_009724390.1	TCT	S	CCT	P	31
NC_045512.2	21653	T	A	12017	1670	36	2	0	26	0.000166362	12022	1	FALSE	S:cds-YP_009724390.1	TCT	S	ACT	T	31
NC_045512.2	21654	C	A	11728	1949	37	1	0	26	8.52588e-05	11729	1	FALSE	S:cds-YP_009724390.1	TCT	S	TAT	Y	31
NC_045512.2	21656	T	A	11677	1941	37	1	0	26	8.56311e-05	11678	1	FALSE	S:cds-YP_009724390.1	TTC	F	ATC	I	32
NC_045512.2	21657	T	A	11307	2015	37	1	0	34	8.8433e-05	11308	0.999757	FALSE	S:cds-YP_009724390.1	TTC	F	TAC	Y	32
NC_045512.2	21660	C	T	10980	2188	37	1	0	34	9.10581e-05	10982	0.999513	FALSE	S:cds-YP_009724390.1	ACA	T	ATA	I	33
NC_045512.2	21660	C	G	10980	2188	37	1	0	34	9.10581e-05	10982	0.999513	FALSE	S:cds-YP_009724390.1	ACA	T	AGA	R	33
NC_045512.2	21661	A	G	10981	2152	37	3	1	31	0.000273125	10984	0.988793	FALSE	S:cds-YP_009724390.1	ACA	T	ACG	T	33
NC_045512.2	21662	C	A	11007	2405	37	1	1	68	9.0843e-05	11008	0.500023	FALSE	S:cds-YP_009724390.1	CGT	R	AGT	S	34
NC_045512.2	21663	G	A	10922	2412	37	1	0	34	9.15499e-05	10923	0.999513	FALSE	S:cds-YP_009724390.1	CGT	R	CAT	H	34
NC_045512.2	21664	T	G	10880	2401	37	1	0	34	9.18864e-05	10883	0.999513	FALSE	S:cds-YP_009724390.1	CGT	R	CGG	R	34
NC_045512.2	21664	T	C	10880	2401	37	1	0	34	9.18864e-05	10883	0.999513	FALSE	S:cds-YP_009724390.1	CGT	R	CGC	R	34
NC_045512.2	21664	T	A	10880	2401	37	1	0	26	9.18864e-05	10883	1	FALSE	S:cds-YP_009724390.1	CGT	R	CGA	R	34
NC_045512.2	21665	G	C	10974	2398	37	1	1	26	9.11079e-05	10976	1	FALSE	S:cds-YP_009724390.1	GGT	G	CGT	R	35
NC_045512.2	21665	G	A	10974	2398	37	1	0	34	9.11079e-05	10976	0.999513	FALSE	S:cds-YP_009724390.1	GGT	G	AGT	S	35
NC_045512.2	21666	G	A	11445	2414	37	1	0	34	8.73668e-05	11446	0.999757	FALSE	S:cds-YP_009724390.1	GGT	G	GAT	D	35
NC_045512.2	21667	T	G	11590	2812	38	2	0	34	0.000172518	11593	0.998295	FALSE	S:cds-YP_009724390.1	GGT	G	GGG	G	35
NC_045512.2	21667	T	C	11590	2812	38	1	1	34	8.62589e-05	11593	0.999756	FALSE	S:cds-YP_009724390.1	GGT	G	GGC	G	35
NC_045512.2	21668	G	T	12006	2913	38	1	0	34	8.32778e-05	12008	0.999878	FALSE	S:cds-YP_009724390.1	GTT	V	TTT	F	36
NC_045512.2	21668	G	C	12006	2913	38	1	0	68	8.32778e-05	12008	0.5	FALSE	S:cds-YP_009724390.1	GTT	V	CTT	L	36
NC_045512.2	21669	T	G	11627	2761	37	1	0	34	8.59919e-05	11629	0.999757	FALSE	S:cds-YP_009724390.1	GTT	V	GGT	G	36
NC_045512.2	21669	T	C	11627	2761	37	1	0	34	8.59919e-05	11629	0.999757	FALSE	S:cds-YP_009724390.1	GTT	V	GCT	A	36
NC_045512.2	21670	T	G	12304	3322	39	1	0	34	8.12678e-05	12305	0.999878	FALSE	S:cds-YP_009724390.1	GTT	V	GTG	V	36
NC_045512.2	21671	T	C	12142	2938	38	3	2	45	0.000247015	12145	0.312515	FALSE	S:cds-YP_009724390.1	TAT	Y	CAT	H	37
NC_045512.2	21672	A	G	11357	2598	39	2	0	51	0.000176072	11359	0.250011	FALSE	S:cds-YP_009724390.1	TAT	Y	TGT	C	37
NC_045512.2	21673	T	C	11265	2606	39	1	0	34	8.87626e-05	11266	0.999757	FALSE	S:cds-YP_009724390.1	TAT	Y	TAC	Y	37
NC_045512.2	21674	T	A	11286	2691	39	1	0	26	8.85975e-05	11287	1	FALSE	S:cds-YP_009724390.1	TAC	Y	AAC	N	38
NC_045512.2	21675	A	T	10590	2710	38	1	0	26	9.43931e-05	10594	1	FALSE	S:cds-YP_009724390.1	TAC	Y	TTC	F	38
NC_045512.2	21675	A	G	10590	2710	38	3	1	56	0.000283179	10594	0.124982	FALSE	S:cds-YP_009724390.1	TAC	Y	TGC	C	38
NC_045512.2	21678	C	G	11220	2748	39	1	0	34	8.90948e-05	11224	0.999756	FALSE	S:cds-YP_009724390.1	CCT	P	CGT	R	39
NC_045512.2	21678	C	A	11220	2748	39	3	1	45	0.000267284	11224	0.312483	FALSE	S:cds-YP_009724390.1	CCT	P	CAT	H	39
NC_045512.2	21679	T	G	11039	2682	39	1	0	26	9.05633e-05	11042	1	FALSE	S:cds-YP_009724390.1	CCT	P	CCG	P	39
NC_045512.2	21679	T	C	11039	2682	39	2	1	68	0.000181127	11042	0.249989	FALSE	S:cds-YP_009724390.1	CCT	P	CCC	P	39
NC_045512.2	21682	C	G	11306	2916	40	1	0	26	8.8433e-05	11308	1	FALSE	S:cds-YP_009724390.1	GAC	D	GAG	E	40
NC_045512.2	21682	C	A	11306	2916	40	1	0	26	8.8433e-05	11308	1	FALSE	S:cds-YP_009724390.1	GAC	D	GAA	E	40
NC_045512.2	21683	A	G	11144	2867	39	1	0	34	8.97263e-05	11145	0.999757	FALSE	S:cds-YP_009724390.1	AAA	K	GAA	E	41
NC_045512.2	21685	A	G	11318	2942	40	1	0	34	8.8347e-05	11319	0.999757	FALSE	S:cds-YP_009724390.1	AAA	K	AAG	K	41
NC_045512.2	21686	G	-T	11593	2959	39	1	0	20	8.62589e-05	11593	1	FALSE	NA	NA	NA	NA	NA	NA
NC_045512.2	21687	T	C	11668	3021	40	1	0	34	8.56971e-05	11669	0.999757	FALSE	S:cds-YP_009724390.1	GTT	V	GCT	A	42
NC_045512.2	21689	T	C	11702	3241	40	1	0	34	8.54263e-05	11706	0.999756	FALSE	S:cds-YP_009724390.1	TTC	F	CTC	L	43
NC_045512.2	21689	T	A	11702	3241	40	3	1	25	0.000256279	11706	1	FALSE	S:cds-YP_009724390.1	TTC	F	ATC	I	43
NC_045512.2	21691	C	T	9842	2757	40	1735	494	40	0.149866	11577	0	TRUE	S:cds-YP_009724390.1	TTC	F	TTT	F	43
NC_045512.2	21692	A	T	11782	3257	40	1	1	34	8.48464e-05	11786	0.999756	FALSE	S:cds-YP_009724390.1	AGA	R	TGA	*	44
NC_045512.2	21692	A	G	11782	3257	40	3	2	34	0.000254539	11786	0.993543	FALSE	S:cds-YP_009724390.1	AGA	R	GGA	G	44
NC_045512.2	21694	A	G	11603	3705	40	1	0	34	8.61698e-05	11605	0.999757	FALSE	S:cds-YP_009724390.1	AGA	R	AGG	R	44
NC_045512.2	21694	A	C	11603	3705	40	1	1	27	8.61698e-05	11605	1	FALSE	S:cds-YP_009724390.1	AGA	R	AGC	S	44
NC_045512.2	21695	T	A	11987	3845	41	1	0	26	8.34168e-05	11988	1	FALSE	S:cds-YP_009724390.1	TCC	S	ACC	T	45
NC_045512.2	21696	C	G	11747	3909	41	1	0	20	8.51136e-05	11749	1	FALSE	S:cds-YP_009724390.1	TCC	S	TGC	C	45
NC_045512.2	21696	C	A	11747	3909	41	1	0	34	8.51136e-05	11749	0.999757	FALSE	S:cds-YP_009724390.1	TCC	S	TAC	Y	45
NC_045512.2	21698	T	G	11846	3968	41	3	0	31	0.000253165	11850	0.993543	FALSE	S:cds-YP_009724390.1	TCA	S	GCA	A	46
NC_045512.2	21698	T	C	11846	3968	41	1	1	34	8.43882e-05	11850	0.999756	FALSE	S:cds-YP_009724390.1	TCA	S	CCA	P	46
NC_045512.2	21699	C	G	11908	3948	41	1	0	34	8.39701e-05	11909	0.999757	FALSE	S:cds-YP_009724390.1	TCA	S	TGA	*	46
NC_045512.2	21700	A	G	11812	3976	41	3	0	34	0.000253915	11815	0.993546	FALSE	S:cds-YP_009724390.1	TCA	S	TCG	S	46
NC_045512.2	21701	G	T	12116	3978	41	2	0	34	0.000165044	12118	0.999087	FALSE	S:cds-YP_009724390.1	GTT	V	TTT	F	47
NC_045512.2	21706	A	T	10386	4610	39	1	0	26	9.62649e-05	10388	1	FALSE	S:cds-YP_009724390.1	TTA	L	TTT	F	48
NC_045512.2	21706	A	G	10386	4610	39	1	0	68	9.62649e-05	10388	0.5	FALSE	S:cds-YP_009724390.1	TTA	L	TTG	L	48
NC_045512.2	21707	C	A	10484	4889	40	1	0	34	9.53743e-05	10485	0.999513	FALSE	S:cds-YP_009724390.1	CAT	H	AAT	N	49
NC_045512.2	21708	A	T	10466	4877	40	1	0	27	9.55384e-05	10467	1	FALSE	S:cds-YP_009724390.1	CAT	H	CTT	L	49
NC_045512.2	21710	T	G	10213	4761	39	2	0	34	0.000195752	10217	0.996832	FALSE	S:cds-YP_009724390.1	TCA	S	GCA	A	50
NC_045512.2	21710	T	C	10213	4761	39	2	1	34	0.000195752	10217	0.996832	FALSE	S:cds-YP_009724390.1	TCA	S	CCA	P	50
NC_045512.2	21711	C	A	10171	4813	39	1	0	34	9.83091e-05	10172	0.999513	FALSE	S:cds-YP_009724390.1	TCA	S	TAA	*	50
NC_045512.2	21712	A	G	9910	4989	39	1	0	34	0.000100898	9911	0.999026	FALSE	S:cds-YP_009724390.1	TCA	S	TCG	S	50
NC_045512.2	21716	C	G	10355	5477	39	2	1	34	0.000193087	10358	0.996833	FALSE	S:cds-YP_009724390.1	CAG	Q	GAG	E	52
NC_045512.2	21716	C	A	10355	5477	39	1	0	26	9.65437e-05	10358	1	FALSE	S:cds-YP_009724390.1	CAG	Q	AAG	K	52
NC_045512.2	21717	A	C	10213	5430	39	1	1	34	9.79048e-05	10214	0.999513	FALSE	S:cds-YP_009724390.1	CAG	Q	CCG	P	52
NC_045512.2	21719	G	A	10688	5682	39	1	1	34	9.35541e-05	10689	0.999513	FALSE	S:cds-YP_009724390.1	GAC	D	AAC	N	53
NC_045512.2	21720	A	C	10349	5595	39	1	0	34	9.66184e-05	10350	0.999513	FALSE	S:cds-YP_009724390.1	GAC	D	GCC	A	53
NC_045512.2	21721	C	A	10536	5673	39	1	1	34	9.49037e-05	10537	0.999513	FALSE	S:cds-YP_009724390.1	GAC	D	GAA	E	53
NC_045512.2	21722	T	C	10455	5601	39	1	1	34	9.56389e-05	10456	0.999513	FALSE	S:cds-YP_009724390.1	TTG	L	CTG	L	54
NC_045512.2	21723	T	C	10491	5611	39	2	2	34	0.000190603	10493	0.996835	FALSE	S:cds-YP_009724390.1	TTG	L	TCG	S	54
NC_045512.2	21724	G	C	10548	5636	39	2	2	30	0.000189573	10550	0.996835	FALSE	S:cds-YP_009724390.1	TTG	L	TTC	F	54
NC_045512.2	21726	T	C	10309	5493	38	1	1	26	9.69932e-05	10310	1	FALSE	S:cds-YP_009724390.1	TTC	F	TCC	S	55
NC_045512.2	21727	C	T	10494	5886	39	2	2	34	0.000190531	10497	0.996833	FALSE	S:cds-YP_009724390.1	TTC	F	TTT	F	55
NC_045512.2	21727	C	A	10494	5886	39	1	1	26	9.52653e-05	10497	1	FALSE	S:cds-YP_009724390.1	TTC	F	TTA	L	55
NC_045512.2	21727	C	-T	10494	5886	39	1	0	20	9.52653e-05	10497	1	FALSE	NA	NA	NA	NA	NA	NA
NC_045512.2	21728	T	C	10480	5801	39	1	1	34	9.54107e-05	10481	0.999513	FALSE	S:cds-YP_009724390.1	TTA	L	CTA	L	56
NC_045512.2	21730	A	G	10286	5795	39	1	1	24	9.72101e-05	10287	1	FALSE	S:cds-YP_009724390.1	TTA	L	TTG	L	56
NC_045512.2	21731	C	G	10318	5801	39	2	0	34	0.00019378	10321	0.996833	FALSE	S:cds-YP_009724390.1	CCT	P	GCT	A	57
NC_045512.2	21731	C	A	10318	5801	39	1	0	34	9.68898e-05	10321	0.999513	FALSE	S:cds-YP_009724390.1	CCT	P	ACT	T	57
NC_045512.2	21732	C	T	10146	5852	39	2	2	34	0.000197083	10148	0.996835	FALSE	S:cds-YP_009724390.1	CCT	P	CTT	L	57
NC_045512.2	21733	T	C	10001	5661	39	1	1	34	9.997e-05	10003	0.999513	FALSE	S:cds-YP_009724390.1	CCT	P	CCC	P	57
NC_045512.2	21733	T	A	10001	5661	39	1	0	68	9.997e-05	10003	0.5	FALSE	S:cds-YP_009724390.1	CCT	P	CCA	P	57
NC_045512.2	21734	T	C	10011	5659	39	3	1	30	0.000299581	10014	0.988796	FALSE	S:cds-YP_009724390.1	TTC	F	CTC	L	58
NC_045512.2	21735	T	A	9782	5539	37	1	0	34	0.000102218	9783	0.999026	FALSE	S:cds-YP_009724390.1	TTC	F	TAC	Y	58
NC_045512.2	21736	C	T	10265	6202	39	1	1	68	9.73805e-05	10269	0.499951	FALSE	S:cds-YP_009724390.1	TTC	F	TTT	F	58
NC_045512.2	21736	C	G	10265	6202	39	1	0	26	9.73805e-05	10269	1	FALSE	S:cds-YP_009724390.1	TTC	F	TTG	L	58
NC_045512.2	21736	C	A	10265	6202	39	2	1	30	0.000194761	10269	0.996832	FALSE	S:cds-YP_009724390.1	TTC	F	TTA	L	58
NC_045512.2	21737	T	C	10317	6283	38	5	5	30	0.000484402	10322	0.940854	FALSE	S:cds-YP_009724390.1	TTT	F	CTT	L	59
NC_045512.2	21738	T	C	10281	6226	39	1	1	46	9.72573e-05	10282	0.750036	FALSE	S:cds-YP_009724390.1	TTT	F	TCT	S	59
NC_045512.2	21739	T	C	10290	6333	39	2	1	51	0.000194326	10292	0.250012	FALSE	S:cds-YP_009724390.1	TTT	F	TTC	F	59
NC_045512.2	21740	T	C	10279	6342	38	6	5	38	0.000583374	10285	0.895068	FALSE	S:cds-YP_009724390.1	TCC	S	CCC	P	60
NC_045512.2	21741	C	T	9909	6500	38	1	0	34	0.000100908	9910	0.999026	FALSE	S:cds-YP_009724390.1	TCC	S	TTC	F	60
NC_045512.2	21742	C	T	9968	6525	38	1	0	34	0.000100311	9969	0.999026	FALSE	S:cds-YP_009724390.1	TCC	S	TCT	S	60
NC_045512.2	21743	A	G	9986	6496	38	1	0	34	0.00010013	9987	0.999026	FALSE	S:cds-YP_009724390.1	AAT	N	GAT	D	61
NC_045512.2	21744	A	G	9983	6447	38	1	0	34	0.00010016	9984	0.999026	FALSE	S:cds-YP_009724390.1	AAT	N	AGT	S	61
NC_045512.2	21746	G	C	10239	6559	38	2	1	26	0.000195293	10241	1	FALSE	S:cds-YP_009724390.1	GTT	V	CTT	L	62
NC_045512.2	21749	A	T	10061	6575	37	3	1	42	0.000298003	10067	0.312407	FALSE	S:cds-YP_009724390.1	ACT	T	TCT	S	63
NC_045512.2	21749	A	G	10061	6575	37	3	1	34	0.000298003	10067	0.98878	FALSE	S:cds-YP_009724390.1	ACT	T	GCT	A	63
NC_045512.2	21751	T	A	8673	5645	37	1526	978	37	0.149623	10199	0	TRUE	S:cds-YP_009724390.1	ACT	T	ACA	T	63
NC_045512.2	21752	T	C	10207	6656	37	3	2	34	0.00029383	10210	0.988795	FALSE	S:cds-YP_009724390.1	TGG	W	CGG	R	64
NC_045512.2	21753	G	A	10136	6607	38	1	1	34	9.86485e-05	10137	0.999513	FALSE	S:cds-YP_009724390.1	TGG	W	TAG	*	64
NC_045512.2	21754	G	T	10487	6715	38	1	0	26	9.53471e-05	10488	1	FALSE	S:cds-YP_009724390.1	TGG	W	TGT	C	64
NC_045512.2	21755	T	C	10352	6676	37	3	2	45	0.000289715	10355	0.312518	FALSE	S:cds-YP_009724390.1	TTC	F	CTC	L	65
NC_045512.2	21756	T	G	10260	6644	37	1	0	34	9.74374e-05	10263	0.999513	FALSE	S:cds-YP_009724390.1	TTC	F	TGC	C	65
NC_045512.2	21756	T	C	10260	6644	37	2	1	34	0.000194875	10263	0.996833	FALSE	S:cds-YP_009724390.1	TTC	F	TCC	S	65
NC_045512.2	21759	A	G	10627	6494	37	3	3	34	0.00028222	10630	0.988794	FALSE	S:cds-YP_009724390.1	CAT	H	CGT	R	66
NC_045512.2	21760	T	C	10707	6545	37	2	2	34	0.000186741	10710	0.996833	FALSE	S:cds-YP_009724390.1	CAT	H	CAC	H	66
NC_045512.2	21760	T	A	10707	6545	37	1	1	68	9.33707e-05	10710	0.499977	FALSE	S:cds-YP_009724390.1	CAT	H	CAA	Q	66
NC_045512.2	21762	C	A	11656	7418	38	1	1	34	8.57854e-05	11657	0.999757	FALSE	S:cds-YP_009724390.1	GCT	A	GAT	D	67
NC_045512.2	21764	A	G	11548	7100	38	1	0	26	8.65801e-05	11550	1	FALSE	S:cds-YP_009724390.1	ATA	I	GTA	V	68
NC_045512.2	21764	A	C	11548	7100	38	1	1	34	8.65801e-05	11550	0.999757	FALSE	S:cds-YP_009724390.1	ATA	I	CTA	L	68
NC_045512.2	21766	A	G	11388	7098	37	1	0	68	8.77963e-05	11390	0.5	FALSE	S:cds-YP_009724390.1	ATA	I	ATG	M	68
NC_045512.2	21766	A	C	11388	7098	37	1	1	34	8.77963e-05	11390	0.999757	FALSE	S:cds-YP_009724390.1	ATA	I	ATC	I	68
NC_045512.2	21767	C	T	12126	8163	38	1	1	34	8.24198e-05	12133	0.999878	FALSE	S:cds-YP_009724390.1	CAT	H	TAT	Y	69
NC_045512.2	21767	C	A	12126	8163	38	6	6	31	0.000494519	12133	0.951935	FALSE	S:cds-YP_009724390.1	CAT	H	AAT	N	69
NC_045512.2	21768	A	T	11440	7477	38	1	1	26	8.73973e-05	11442	1	FALSE	S:cds-YP_009724390.1	CAT	H	CTT	L	69
NC_045512.2	21768	A	G	11440	7477	38	1	1	34	8.73973e-05	11442	0.999757	FALSE	S:cds-YP_009724390.1	CAT	H	CGT	R	69
NC_045512.2	21769	T	C	11293	7805	38	2	2	30	0.000177054	11296	0.998295	FALSE	S:cds-YP_009724390.1	CAT	H	CAC	H	69
NC_045512.2	21769	T	A	11293	7805	38	1	1	34	8.85269e-05	11296	0.999756	FALSE	S:cds-YP_009724390.1	CAT	H	CAA	Q	69
NC_045512.2	21771	T	C	9969	6727	36	1	1	34	0.000100291	9971	0.999026	FALSE	S:cds-YP_009724390.1	GTC	V	GCC	A	70
NC_045512.2	21771	T	A	9969	6727	36	1	0	34	0.000100291	9971	0.999026	FALSE	S:cds-YP_009724390.1	GTC	V	GAC	D	70
NC_045512.2	21772	C	T	11198	7826	38	1	0	34	8.92857e-05	11200	0.999757	FALSE	S:cds-YP_009724390.1	GTC	V	GTT	V	70
NC_045512.2	21772	C	A	11198	7826	38	1	1	26	8.92857e-05	11200	1	FALSE	S:cds-YP_009724390.1	GTC	V	GTA	V	70
NC_045512.2	21773	T	C	10194	6829	37	1	1	34	9.80873e-05	10195	0.999513	FALSE	S:cds-YP_009724390.1	TCT	S	CCT	P	71
NC_045512.2	21774	C	A	10908	7545	38	1	0	34	9.16674e-05	10909	0.999513	FALSE	S:cds-YP_009724390.1	TCT	S	TAT	Y	71
NC_045512.2	21775	T	C	10565	7219	38	2	1	34	0.000189233	10569	0.996832	FALSE	S:cds-YP_009724390.1	TCT	S	TCC	S	71
NC_045512.2	21775	T	A	10565	7219	38	2	2	26	0.000189233	10569	1	FALSE	S:cds-YP_009724390.1	TCT	S	TCA	S	71
NC_045512.2	21776	G	A	10770	7432	38	3	2	45	0.000278474	10773	0.312517	FALSE	S:cds-YP_009724390.1	GGG	G	AGG	R	72
NC_045512.2	21777	G	T	10793	7441	38	1	1	26	9.26269e-05	10796	1	FALSE	S:cds-YP_009724390.1	GGG	G	GTG	V	72
NC_045512.2	21777	G	C	10793	7441	38	2	1	30	0.000185254	10796	0.996833	FALSE	S:cds-YP_009724390.1	GGG	G	GCG	A	72
NC_045512.2	21778	G	T	10944	7519	38	1	1	34	9.13576e-05	10946	0.999513	FALSE	S:cds-YP_009724390.1	GGG	G	GGT	G	72
NC_045512.2	21778	G	A	10944	7519	38	1	0	34	9.13576e-05	10946	0.999513	FALSE	S:cds-YP_009724390.1	GGG	G	GGA	G	72
NC_045512.2	21779	A	G	10935	7499	38	4	3	49	0.000365664	10939	0.1875	FALSE	S:cds-YP_009724390.1	ACC	T	GCC	A	73
NC_045512.2	21781	C	A	10903	7443	38	1	1	26	9.17095e-05	10904	1	FALSE	S:cds-YP_009724390.1	ACC	T	ACA	T	73
NC_045512.2	21782	A	G	10759	7297	38	4	4	34	0.000371644	10763	0.971365	FALSE	S:cds-YP_009724390.1	AAT	N	GAT	D	74
NC_045512.2	21783	A	T	10955	7443	38	1	1	26	9.12742e-05	10956	1	FALSE	S:cds-YP_009724390.1	AAT	N	ATT	I	74
NC_045512.2	21784	T	G	10771	7314	38	3	0	28	0.000278371	10777	1	FALSE	S:cds-YP_009724390.1	AAT	N	AAG	K	74
NC_045512.2	21784	T	C	10771	7314	38	3	1	45	0.000278371	10777	0.312413	FALSE	S:cds-YP_009724390.1	AAT	N	AAC	N	74
NC_045512.2	21785	G	C	10835	7337	38	2	2	30	0.000184553	10837	0.996834	FALSE	S:cds-YP_009724390.1	GGT	G	CGT	R	75
NC_045512.2	21787	T	G	10841	7388	38	1	0	34	9.21999e-05	10846	0.999512	FALSE	S:cds-YP_009724390.1	GGT	G	GGG	G	75
NC_045512.2	21787	T	C	10841	7388	38	4	4	32	0.0003688	10846	0.971353	FALSE	S:cds-YP_009724390.1	GGT	G	GGC	G	75
NC_045512.2	21788	A	G	10933	7453	38	1	1	46	9.14578e-05	10934	0.750034	FALSE	S:cds-YP_009724390.1	ACT	T	GCT	A	76
NC_045512.2	21789	C	G	10957	7503	38	3	0	31	0.000273673	10962	0.988784	FALSE	S:cds-YP_009724390.1	ACT	T	AGT	S	76
NC_045512.2	21789	C	A	10957	7503	38	2	2	30	0.000182448	10962	0.99683	FALSE	S:cds-YP_009724390.1	ACT	T	AAT	N	76
NC_045512.2	21790	T	C	10759	7293	38	1	1	34	9.29368e-05	10760	0.999513	FALSE	S:cds-YP_009724390.1	ACT	T	ACC	T	76
NC_045512.2	21791	A	G	10755	7348	38	3	3	34	0.000278862	10758	0.988794	FALSE	S:cds-YP_009724390.1	AAG	K	GAG	E	77
NC_045512.2	21792	A	G	10700	7268	38	2	0	34	0.000186881	10702	0.996834	FALSE	S:cds-YP_009724390.1	AAG	K	AGG	R	77
NC_045512.2	21793	G	C	10781	7314	38	1	1	26	9.27472e-05	10782	1	FALSE	S:cds-YP_009724390.1	AAG	K	AAC	N	77
NC_045512.2	21794	A	G	10314	7274	37	1	0	34	9.6918e-05	10318	0.999512	FALSE	S:cds-YP_009724390.1	AGG	R	GGG	G	78
NC_045512.2	21794	A	C	10314	7274	37	3	3	31	0.000290754	10318	0.98879	FALSE	S:cds-YP_009724390.1	AGG	R	CGG	R	78
NC_045512.2	21795	G	T	10195	6716	38	1	1	34	9.80681e-05	10197	0.999513	FALSE	S:cds-YP_009724390.1	AGG	R	ATG	M	78
NC_045512.2	21795	G	C	10195	6716	38	1	1	34	9.80681e-05	10197	0.999513	FALSE	S:cds-YP_009724390.1	AGG	R	ACG	T	78
NC_045512.2	21796	G	T	10550	7226	39	1	0	34	9.47777e-05	10551	0.999513	FALSE	S:cds-YP_009724390.1	AGG	R	AGT	S	78
NC_045512.2	21797	T	C	10032	6790	38	1	1	68	9.96711e-05	10033	0.500025	FALSE	S:cds-YP_009724390.1	TTT	F	CTT	L	79
NC_045512.2	21799	T	C	10414	7069	39	2	1	34	0.000192012	10416	0.996835	FALSE	S:cds-YP_009724390.1	TTT	F	TTC	F	79
NC_045512.2	21801	A	G	10737	7444	39	1	0	68	9.31272e-05	10738	0.500023	FALSE	S:cds-YP_009724390.1	GAT	D	GGT	G	80
NC_045512.2	21802	T	G	10190	7051	38	2	0	27	0.000196213	10193	1	FALSE	S:cds-YP_009724390.1	GAT	D	GAG	E	80
NC_045512.2	21802	T	A	10190	7051	38	1	1	34	9.81065e-05	10193	0.999513	FALSE	S:cds-YP_009724390.1	GAT	D	GAA	E	80
NC_045512.2	21803	A	G	10372	7531	38	14	9	34	0.00134797	10386	0.270589	FALSE	S:cds-YP_009724390.1	AAC	N	GAC	D	81
NC_045512.2	21804	A	T	10663	7504	39	1	0	26	9.37559e-05	10666	1	FALSE	S:cds-YP_009724390.1	AAC	N	ATC	I	81
NC_045512.2	21804	A	G	10663	7504	39	2	2	34	0.000187512	10666	0.996833	FALSE	S:cds-YP_009724390.1	AAC	N	AGC	S	81
NC_045512.2	21805	C	A	10809	7656	39	2	2	30	0.000184997	10811	0.996834	FALSE	S:cds-YP_009724390.1	AAC	N	AAA	K	81
NC_045512.2	21807	C	A	10684	7622	39	4	4	32	0.000374251	10688	0.971365	FALSE	S:cds-YP_009724390.1	CCT	P	CAT	H	82
NC_045512.2	21808	T	G	10151	7083	39	1	0	34	9.84834e-05	10154	0.999513	FALSE	S:cds-YP_009724390.1	CCT	P	CCG	P	82
NC_045512.2	21808	T	C	10151	7083	39	2	2	34	0.000196967	10154	0.996833	FALSE	S:cds-YP_009724390.1	CCT	P	CCC	P	82
NC_045512.2	21809	G	T	10298	7172	39	1	1	34	9.70968e-05	10299	0.999513	FALSE	S:cds-YP_009724390.1	GTC	V	TTC	F	83
NC_045512.2	21810	T	C	0	0	0	10810	7863	40	1	10810	0	TRUE	S:cds-YP_009724390.1	GTC	V	GCC	A	83
NC_045512.2	21811	C	G	10860	7925	40	1	0	34	9.20726e-05	10861	0.999513	FALSE	S:cds-YP_009724390.1	GTC	V	GTG	V	83
NC_045512.2	21813	T	C	10210	7508	39	1	1	26	9.79336e-05	10211	1	FALSE	S:cds-YP_009724390.1	CTA	L	CCA	P	84
NC_045512.2	21815	C	T	11520	8987	41	1	1	26	8.6798e-05	11521	1	FALSE	S:cds-YP_009724390.1	CCA	P	TCA	S	85
NC_045512.2	21816	C	T	11444	8999	41	1	1	34	8.73591e-05	11447	0.999756	FALSE	S:cds-YP_009724390.1	CCA	P	CTA	L	85
NC_045512.2	21816	C	A	11444	8999	41	2	2	34	0.000174718	11447	0.998295	FALSE	S:cds-YP_009724390.1	CCA	P	CAA	Q	85
NC_045512.2	21817	A	T	11576	9124	41	1	1	26	8.63782e-05	11577	1	FALSE	S:cds-YP_009724390.1	CCA	P	CCT	P	85
NC_045512.2	21817	A	-T	11576	9124	41	1	0	20	8.63782e-05	11577	1	FALSE	NA	NA	NA	NA	NA	NA
NC_045512.2	21818	T	C	10931	8510	41	1	1	46	9.14746e-05	10932	0.750034	FALSE	S:cds-YP_009724390.1	TTT	F	CTT	L	86
NC_045512.2	21819	T	G	10050	7676	40	1	1	26	9.94926e-05	10051	1	FALSE	S:cds-YP_009724390.1	TTT	F	TGT	C	86
NC_045512.2	21823	T	C	11861	9814	42	1	1	34	8.43028e-05	11862	0.999757	FALSE	S:cds-YP_009724390.1	AAT	N	AAC	N	87
NC_045512.2	21825	A	T	11715	9809	41	2	2	39	0.000170678	11718	0.998295	FALSE	S:cds-YP_009724390.1	GAT	D	GTT	V	88
NC_045512.2	21825	A	G	11715	9809	41	1	1	68	8.53388e-05	11718	0.499979	FALSE	S:cds-YP_009724390.1	GAT	D	GGT	G	88
NC_045512.2	21826	T	C	11590	9685	41	4	3	32	0.000345006	11594	0.982458	FALSE	S:cds-YP_009724390.1	GAT	D	GAC	D	88
NC_045512.2	21828	G	A	11597	9670	42	2	2	29	0.000172429	11599	1	FALSE	S:cds-YP_009724390.1	GGT	G	GAT	D	89
NC_045512.2	21829	T	G	11646	9742	42	1	0	34	8.5859e-05	11647	0.999757	FALSE	S:cds-YP_009724390.1	GGT	G	GGG	G	89
NC_045512.2	21830	G	C	11132	9206	42	1	1	34	8.9823e-05	11133	0.999757	FALSE	S:cds-YP_009724390.1	GTT	V	CTT	L	90
NC_045512.2	21831	T	C	11254	9337	41	1	0	68	8.88494e-05	11255	0.500022	FALSE	S:cds-YP_009724390.1	GTT	V	GCT	A	90
NC_045512.2	21832	T	C	11685	9781	42	1	1	34	8.55725e-05	11686	0.999757	FALSE	S:cds-YP_009724390.1	GTT	V	GTC	V	90
NC_045512.2	21833	T	C	11480	9558	42	1	1	34	8.71004e-05	11481	0.999757	FALSE	S:cds-YP_009724390.1	TAT	Y	CAT	H	91
NC_045512.2	21834	A	T	11664	9753	42	1	1	26	8.57192e-05	11666	1	FALSE	S:cds-YP_009724390.1	TAT	Y	TTT	F	91
NC_045512.2	21834	A	G	11664	9753	42	1	1	24	8.57192e-05	11666	1	FALSE	S:cds-YP_009724390.1	TAT	Y	TGT	C	91
NC_045512.2	21835	T	C	11658	9754	42	3	3	31	0.000257268	11661	0.993546	FALSE	S:cds-YP_009724390.1	TAT	Y	TAC	Y	91
NC_045512.2	21836	T	C	10794	8900	42	2	1	68	0.000185254	10796	0.250012	FALSE	S:cds-YP_009724390.1	TTT	F	CTT	L	92
NC_045512.2	21837	T	G	10186	8293	42	1	1	34	9.80873e-05	10195	0.999511	FALSE	S:cds-YP_009724390.1	TTT	F	TGT	C	92
NC_045512.2	21837	T	C	10186	8293	42	7	7	30	0.000686611	10195	0.833898	FALSE	S:cds-YP_009724390.1	TTT	F	TCT	S	92
NC_045512.2	21837	T	A	10186	8293	42	1	1	34	9.80873e-05	10195	0.999511	FALSE	S:cds-YP_009724390.1	TTT	F	TAT	Y	92
NC_045512.2	21838	T	C	10782	8901	42	7	5	48	0.000648749	10790	0.0351309	FALSE	S:cds-YP_009724390.1	TTT	F	TTC	F	92
NC_045512.2	21838	T	A	10782	8901	42	1	1	26	9.26784e-05	10790	1	FALSE	S:cds-YP_009724390.1	TTT	F	TTA	L	92
NC_045512.2	21839	G	C	10971	9090	42	2	2	30	0.000182249	10974	0.996833	FALSE	S:cds-YP_009724390.1	GCT	A	CCT	P	93
NC_045512.2	21839	G	A	10971	9090	42	1	1	26	9.11245e-05	10974	1	FALSE	S:cds-YP_009724390.1	GCT	A	ACT	T	93
NC_045512.2	21841	T	C	10357	8487	42	14	14	38	0.00134992	10371	0.270589	FALSE	S:cds-YP_009724390.1	GCT	A	GCC	A	93
NC_045512.2	21842	T	C	10716	8852	42	4	3	49	0.0003731	10721	0.187471	FALSE	S:cds-YP_009724390.1	TCC	S	CCC	P	94
NC_045512.2	21842	T	A	10716	8852	42	1	1	34	9.32749e-05	10721	0.999512	FALSE	S:cds-YP_009724390.1	TCC	S	ACC	T	94
NC_045512.2	21844	C	A	10840	9068	42	1	1	34	9.22424e-05	10841	0.999513	FALSE	S:cds-YP_009724390.1	TCC	S	TCA	S	94
NC_045512.2	21845	A	G	10829	9039	42	1	1	34	9.23276e-05	10831	0.999513	FALSE	S:cds-YP_009724390.1	ACT	T	GCT	A	95
NC_045512.2	21845	A	C	10829	9039	42	1	1	34	9.23276e-05	10831	0.999513	FALSE	S:cds-YP_009724390.1	ACT	T	CCT	P	95
NC_045512.2	21848	G	A	10763	9084	41	1	1	34	9.29023e-05	10764	0.999513	FALSE	S:cds-YP_009724390.1	GAG	E	AAG	K	96
NC_045512.2	21850	G	A	10745	9103	41	1	1	34	9.30579e-05	10746	0.999513	FALSE	S:cds-YP_009724390.1	GAG	E	GAA	E	96
NC_045512.2	21852	A	G	10526	8909	41	1	1	34	9.49938e-05	10527	0.999513	FALSE	S:cds-YP_009724390.1	AAG	K	AGG	R	97
NC_045512.2	21854	T	C	10171	8571	40	1	1	68	9.83091e-05	10172	0.500025	FALSE	S:cds-YP_009724390.1	TCT	S	CCT	P	98
NC_045512.2	21856	T	A	10239	8782	40	1	1	26	9.76563e-05	10240	1	FALSE	S:cds-YP_009724390.1	TCT	S	TCA	S	98
NC_045512.2	21857	A	G	10244	8777	41	2	2	34	0.000195198	10246	0.996835	FALSE	S:cds-YP_009724390.1	AAC	N	GAC	D	99
NC_045512.2	21858	A	G	10272	8840	40	1	0	68	9.73425e-05	10273	0.500024	FALSE	S:cds-YP_009724390.1	AAC	N	AGC	S	99
NC_045512.2	21861	T	C	9887	8724	39	1	1	34	0.000101133	9888	0.999026	FALSE	S:cds-YP_009724390.1	ATA	I	ACA	T	100
NC_045512.2	21861	T	-A	9887	8724	39	1	0	20	0.000101133	9888	1	FALSE	NA	NA	NA	NA	NA	NA
NC_045512.2	21863	A	T	9040	8108	38	1	1	26	0.000110607	9041	1	FALSE	S:cds-YP_009724390.1	ATA	I	TTA	L	101
NC_045512.2	21865	A	C	8886	8071	38	6	6	30	0.000674764	8892	0.78818	FALSE	S:cds-YP_009724390.1	ATA	I	ATC	I	101
NC_045512.2	21868	A	T	7739	6983	38	3	3	34	0.000387447	7743	0.945369	FALSE	S:cds-YP_009724390.1	AGA	R	AGT	S	102
NC_045512.2	21868	A	G	7739	6983	38	1	1	26	0.000129149	7743	1	FALSE	S:cds-YP_009724390.1	AGA	R	AGG	R	102
NC_045512.2	21869	G	C	7721	6956	38	2	2	34	0.000258967	7723	0.980505	FALSE	S:cds-YP_009724390.1	GGC	G	CGC	R	103
NC_045512.2	21872	T	C	6861	6205	38	3	3	34	0.000437063	6864	0.910264	FALSE	S:cds-YP_009724390.1	TGG	W	CGG	R	104
NC_045512.2	21873	G	C	6833	6169	38	3	3	31	0.000438789	6837	0.910228	FALSE	S:cds-YP_009724390.1	TGG	W	TCG	S	104
NC_045512.2	21873	G	A	6833	6169	38	1	1	34	0.000146263	6837	0.992192	FALSE	S:cds-YP_009724390.1	TGG	W	TAG	*	104
NC_045512.2	21878	T	C	6785	6145	38	1	1	34	0.000147362	6786	0.992204	FALSE	S:cds-YP_009724390.1	TTT	F	CTT	L	106
NC_045512.2	21879	T	C	6682	6074	37	1	1	34	0.000149633	6683	0.992204	FALSE	S:cds-YP_009724390.1	TTT	F	TCT	S	106
NC_045512.2	21880	T	C	6709	6103	38	7	7	32	0.00104229	6716	0.500109	FALSE	S:cds-YP_009724390.1	TTT	F	TTC	F	106
NC_045512.2	21881	G	C	6726	6124	38	3	3	34	0.000445831	6729	0.910266	FALSE	S:cds-YP_009724390.1	GGT	G	CGT	R	107
NC_045512.2	21884	A	C	6451	5931	37	3	3	31	0.000464828	6454	0.910271	FALSE	S:cds-YP_009724390.1	ACT	T	CCT	P	108
NC_045512.2	21886	T	C	6391	6001	36	3	3	34	0.00046919	6394	0.910272	FALSE	S:cds-YP_009724390.1	ACT	T	ACC	T	108
NC_045512.2	21887	A	C	6364	5986	36	1	1	34	0.000157109	6365	0.992205	FALSE	S:cds-YP_009724390.1	ACT	T	CCT	P	109
NC_045512.2	21889	T	G	6228	5856	36	1	1	34	0.000160539	6229	0.992205	FALSE	S:cds-YP_009724390.1	ACT	T	ACG	T	109
NC_045512.2	21890	T	C	6236	5868	36	2	2	34	0.000320513	6240	0.96487	FALSE	S:cds-YP_009724390.1	TTA	L	CTA	L	110
NC_045512.2	21890	T	A	6236	5868	36	2	1	47	0.000320513	6240	0.24994	FALSE	S:cds-YP_009724390.1	TTA	L	ATA	I	110
NC_045512.2	21891	T	C	6228	5874	36	1	1	34	0.000160539	6229	0.992205	FALSE	S:cds-YP_009724390.1	TTA	L	TCA	S	110
NC_045512.2	21892	A	G	6248	5885	36	6	6	34	0.000959386	6254	0.612955	FALSE	S:cds-YP_009724390.1	TTA	L	TTG	L	110
NC_045512.2	21895	T	A	6099	5704	36	1	1	34	0.000163934	6100	0.992205	FALSE	S:cds-YP_009724390.1	GAT	D	GAA	E	111
NC_045512.2	21896	T	A	5384	5037	36	1	0	26	0.000185701	5385	1	FALSE	S:cds-YP_009724390.1	TCG	S	ACG	T	112
NC_045512.2	21897	C	T	5149	4821	36	2	1	51	0.000388274	5151	0.250024	FALSE	S:cds-YP_009724390.1	TCG	S	TTG	L	112
NC_045512.2	21899	A	G	5124	4811	35	3	3	34	0.000585138	5127	0.855629	FALSE	S:cds-YP_009724390.1	AAG	K	GAG	E	113
NC_045512.2	21900	A	G	5099	4817	35	1	1	34	0.000196078	5100	0.984407	FALSE	S:cds-YP_009724390.1	AAG	K	AGG	R	113
NC_045512.2	21987	G	A	0	0	0	153	37	43	1	153	3.3661e-91	TRUE	S:cds-YP_009724390.1	GGT	G	GAT	D	142
NC_045512.2	21990	T	-TTA	136	41	41	118	0	20	0.867647	136	2.21005e-26	TRUE	NA	NA	NA	NA	NA	NA
NC_045512.2	21994	T	C	128	51	42	2	0	34	0.0153846	130	0.250965	FALSE	S:cds-YP_009724390.1	TAT	Y	TAC	Y	144
NC_045512.2	21999	A	-C	132	52	43	7	0	20	0.0530303	132	0.0398911	FALSE	NA	NA	NA	NA	NA	NA
NC_045512.2	22000	C	A	0	0	0	122	53	42	1	122	2.30061e-74	TRUE	S:cds-YP_009724390.1	CAC	H	CAA	Q	146
NC_045512.2	22060	C	G	107	70	37	1	1	34	0.00925926	108	0.502326	FALSE	S:cds-YP_009724390.1	TGC	C	TGG	W	166
NC_045512.2	22061	A	C	105	69	37	1	0	34	0.00943396	106	0.50237	FALSE	S:cds-YP_009724390.1	ACT	T	CCT	P	167
NC_045512.2	22085	T	C	103	48	37	1	1	34	0.00961538	104	0.502415	FALSE	S:cds-YP_009724390.1	TTT	F	CTT	L	175
NC_045512.2	22101	A	T	0	0	0	98	51	38	1	98	3.49859e-58	TRUE	S:cds-YP_009724390.1	GAA	E	GTA	V	180
NC_045512.2	22109	C	G	0	0	0	93	49	37	1	93	3.49021e-55	TRUE	S:cds-YP_009724390.1	CAG	Q	GAG	E	183
NC_045512.2	22189	T	C	95	90	36	1	1	34	0.0104167	96	0.502618	FALSE	S:cds-YP_009724390.1	CCT	P	CCC	P	209
NC_045512.2	22200	T	A	0	0	0	99	94	36	1	99	8.79087e-59	TRUE	S:cds-YP_009724390.1	GTG	V	GAG	E	213
NC_045512.2	22218	G	-T	84	82	35	1	0	20	0.0119048	84	0.505952	FALSE	NA	NA	NA	NA	NA	NA
NC_045512.2	22237	A	C	32	31	36	1	1	34	0.030303	33	0.507692	FALSE	S:cds-YP_009724390.1	CCA	P	CCC	P	225
NC_045512.2	22238	T	A	26	25	35	1	1	34	0.037037	27	0.509434	FALSE	S:cds-YP_009724390.1	TTG	L	ATG	M	226
NC_045512.2	22444	C	T	153	9	35	1	0	34	0.00649351	154	0.501629	FALSE	S:cds-YP_009724390.1	GAC	D	GAT	D	294
NC_045512.2	22453	A	-G	161	10	35	52	0	20	0.322981	161	2.78487e-13	TRUE	NA	NA	NA	NA	NA	NA
NC_045512.2	22469	T	C	170	13	36	1	0	34	0.00584795	171	0.501466	FALSE	S:cds-YP_009724390.1	TTG	L	CTG	L	303
NC_045512.2	22480	C	T	116	10	38	60	5	37	0.340909	176	2.35993e-21	TRUE	S:cds-YP_009724390.1	TTC	F	TTT	F	306
NC_045512.2	22577	G	C	0	0	0	138	97	37	1	138	3.43288e-82	TRUE	S:cds-YP_009724390.1	GGT	G	CGT	R	339
NC_045512.2	22578	G	A	0	0	0	140	99	37	1	140	2.16102e-83	TRUE	S:cds-YP_009724390.1	GGT	G	GAT	D	339
NC_045512.2	22599	G	C	0	0	0	140	98	38	1	140	2.16102e-83	TRUE	S:cds-YP_009724390.1	AGA	R	ACA	T	346
NC_045512.2	22624	C	A	100	66	37	36	30	36	0.264706	136	1.15692e-12	TRUE	S:cds-YP_009724390.1	AAC	N	AAA	K	354
NC_045512.2	22636	C	A	132	92	38	1	1	26	0.0075188	133	0.75283	FALSE	S:cds-YP_009724390.1	ATC	I	ATA	I	358
NC_045512.2	22664	C	A	0	0	0	102	81	37	1	102	1.39418e-60	TRUE	S:cds-YP_009724390.1	CTA	L	ATA	I	368
NC_045512.2	22674	C	T	0	0	0	94	75	37	0.989474	95	4.38609e-56	TRUE	S:cds-YP_009724390.1	TCC	S	TTC	F	371
NC_045512.2	22674	C	A	0	0	0	1	0	60	0.0105263	95	0.0105263	FALSE	S:cds-YP_009724390.1	TCC	S	TAC	Y	371
NC_045512.2	22679	T	C	0	0	0	91	71	38	1	91	5.52412e-54	TRUE	S:cds-YP_009724390.1	TCA	S	CCA	P	373
NC_045512.2	22686	C	T	0	0	0	101	84	38	1	101	5.54937e-60	TRUE	S:cds-YP_009724390.1	TCC	S	TTC	F	375
NC_045512.2	22688	A	G	0	0	0	102	85	38	1	102	1.39418e-60	TRUE	S:cds-YP_009724390.1	ACT	T	GCT	A	376
NC_045512.2	22775	G	A	0	0	0	34	34	34	1	34	7.02913e-20	TRUE	S:cds-YP_009724390.1	GAT	D	AAT	N	405
NC_045512.2	22784	A	G	2207	217	34	1	0	34	0.000452899	2208	0.87517	FALSE	S:cds-YP_009724390.1	AGA	R	GGA	G	408
NC_045512.2	22786	A	C	1	1	34	2355	220	34	0.999576	2356	0	TRUE	S:cds-YP_009724390.1	AGA	R	AGC	S	408
NC_045512.2	22790	A	G	2438	235	34	1	0	26	0.000410004	2439	1	FALSE	S:cds-YP_009724390.1	ATC	I	GTC	V	410
NC_045512.2	22794	C	G	2803	250	34	1	0	26	0.000356506	2805	1	FALSE	S:cds-YP_009724390.1	GCT	A	GGT	G	411
NC_045512.2	22794	C	A	2803	250	34	1	0	34	0.000356506	2805	0.875067	FALSE	S:cds-YP_009724390.1	GCT	A	GAT	D	411
NC_045512.2	22795	T	G	2838	309	35	1	0	34	0.000352237	2839	0.875132	FALSE	S:cds-YP_009724390.1	GCT	A	GCG	A	411
NC_045512.2	22796	C	A	2851	325	35	1	0	34	0.000350631	2852	0.875131	FALSE	S:cds-YP_009724390.1	CCA	P	ACA	T	412
NC_045512.2	22799	G	T	2964	331	35	1	0	26	0.000337268	2965	1	FALSE	S:cds-YP_009724390.1	GGG	G	TGG	W	413
NC_045512.2	22801	G	A	2988	334	35	4	1	34	0.0013369	2992	0.343828	FALSE	S:cds-YP_009724390.1	GGG	G	GGA	G	413
NC_045512.2	22803	A	G	2991	375	35	3	0	31	0.001002	2994	0.500157	FALSE	S:cds-YP_009724390.1	CAA	Q	CGA	R	414
NC_045512.2	22805	A	G	1580	376	33	1	0	34	0.000632111	1582	0.750079	FALSE	S:cds-YP_009724390.1	ACT	T	GCT	A	415
NC_045512.2	22805	A	C	1580	376	33	1	0	34	0.000632111	1582	0.750079	FALSE	S:cds-YP_009724390.1	ACT	T	CCT	P	415
NC_045512.2	22807	T	C	3248	387	35	1	0	34	0.000307787	3249	0.937596	FALSE	S:cds-YP_009724390.1	ACT	T	ACC	T	415
NC_045512.2	22811	A	G	3336	390	35	1	1	38	0.00029967	3337	0.937594	FALSE	S:cds-YP_009724390.1	AAG	K	GAG	E	417
NC_045512.2	22813	G	T	1	0	27	3407	381	35	0.999707	3408	0	TRUE	S:cds-YP_009724390.1	AAG	K	AAT	N	417
NC_045512.2	22818	C	T	3462	459	36	1	0	34	0.000288767	3463	0.93759	FALSE	S:cds-YP_009724390.1	GCT	A	GTT	V	419
NC_045512.2	22820	G	T	3653	458	36	1	0	34	0.000273673	3654	0.937586	FALSE	S:cds-YP_009724390.1	GAT	D	TAT	Y	420
NC_045512.2	22824	A	G	3691	535	36	2	0	34	0.000541565	3693	0.812669	FALSE	S:cds-YP_009724390.1	TAT	Y	TGT	C	421
NC_045512.2	22825	T	A	3621	548	36	1	0	34	0.000276091	3622	0.937586	FALSE	S:cds-YP_009724390.1	TAT	Y	TAA	*	421
NC_045512.2	22826	A	G	3683	621	36	1	0	34	0.000271444	3684	0.937585	FALSE	S:cds-YP_009724390.1	AAT	N	GAT	D	422
NC_045512.2	22830	A	G	3878	646	37	1	1	34	0.000257798	3879	0.937581	FALSE	S:cds-YP_009724390.1	TAT	Y	TGT	C	423
NC_045512.2	22831	T	C	3880	651	38	1	0	60	0.000257666	3881	0.500064	FALSE	S:cds-YP_009724390.1	TAT	Y	TAC	Y	423
NC_045512.2	22834	A	C	3280	655	36	1	0	26	0.000304785	3281	1	FALSE	S:cds-YP_009724390.1	AAA	K	AAC	N	424
NC_045512.2	22835	T	G	3892	657	37	1	0	34	0.000256805	3894	0.937548	FALSE	S:cds-YP_009724390.1	TTA	L	GTA	V	425
NC_045512.2	22835	T	C	3892	657	37	1	0	26	0.000256805	3894	1	FALSE	S:cds-YP_009724390.1	TTA	L	CTA	L	425
NC_045512.2	22849	T	A	4333	821	38	1	0	34	0.000230734	4334	0.968804	FALSE	S:cds-YP_009724390.1	TTT	F	TTA	L	429
NC_045512.2	22850	A	G	4391	812	39	1	0	34	0.000227635	4393	0.968786	FALSE	S:cds-YP_009724390.1	ACA	T	GCA	A	430
NC_045512.2	22850	A	C	4391	812	39	1	0	34	0.000227635	4393	0.968786	FALSE	S:cds-YP_009724390.1	ACA	T	CCA	P	430
NC_045512.2	22852	A	T	4362	809	39	1	0	34	0.000229095	4365	0.968768	FALSE	S:cds-YP_009724390.1	ACA	T	ACT	T	430
NC_045512.2	22852	A	G	4362	809	39	1	0	26	0.000229095	4365	1	FALSE	S:cds-YP_009724390.1	ACA	T	ACG	T	430
NC_045512.2	22852	A	C	4362	809	39	1	0	34	0.000229095	4365	0.968768	FALSE	S:cds-YP_009724390.1	ACA	T	ACC	T	430
NC_045512.2	22855	C	G	4554	852	39	1	0	34	0.000219443	4557	0.968767	FALSE	S:cds-YP_009724390.1	GGC	G	GGG	G	431
NC_045512.2	22855	C	A	4554	852	39	2	0	34	0.000438885	4557	0.890702	FALSE	S:cds-YP_009724390.1	GGC	G	GGA	G	431
NC_045512.2	22860	T	C	4911	891	39	1	1	20	0.000203583	4912	1	FALSE	S:cds-YP_009724390.1	GTT	V	GCT	A	433
NC_045512.2	22864	A	T	4033	910	37	1	0	34	0.000247831	4035	0.968789	FALSE	S:cds-YP_009724390.1	ATA	I	ATT	I	434
NC_045512.2	22864	A	G	4033	910	37	1	1	34	0.000247831	4035	0.968789	FALSE	S:cds-YP_009724390.1	ATA	I	ATG	M	434
NC_045512.2	22867	T	G	4216	815	38	1	1	24	0.000237135	4217	1	FALSE	S:cds-YP_009724390.1	GCT	A	GCG	A	435
NC_045512.2	22869	G	A	4281	830	39	1	0	34	0.000233536	4282	0.968805	FALSE	S:cds-YP_009724390.1	TGG	W	TAG	*	436
NC_045512.2	22871	A	G	4136	871	38	1	0	68	0.000241721	4137	0.50006	FALSE	S:cds-YP_009724390.1	AAT	N	GAT	D	437
NC_045512.2	22874	T	C	3462	793	36	2	0	34	0.000577367	3464	0.81268	FALSE	S:cds-YP_009724390.1	TCT	S	CCT	P	438
NC_045512.2	22875	C	A	3586	990	37	1	0	34	0.000278784	3587	0.937587	FALSE	S:cds-YP_009724390.1	TCT	S	TAT	Y	438
NC_045512.2	22882	T	G	0	0	0	3728	973	37	1	3728	0	TRUE	S:cds-YP_009724390.1	AAT	N	AAG	K	440
NC_045512.2	22884	T	C	3715	995	36	1	1	34	0.000269107	3716	0.937584	FALSE	S:cds-YP_009724390.1	CTT	L	CCT	P	441
NC_045512.2	22886	G	T	3678	1018	36	2	1	29	0.000543331	3681	1	FALSE	S:cds-YP_009724390.1	GAT	D	TAT	Y	442
NC_045512.2	22886	G	A	3678	1018	36	1	0	34	0.000271665	3681	0.937517	FALSE	S:cds-YP_009724390.1	GAT	D	AAT	N	442
NC_045512.2	22887	A	G	3953	1054	36	1	0	26	0.000252908	3954	1	FALSE	S:cds-YP_009724390.1	GAT	D	GGT	G	442
NC_045512.2	22888	T	A	3989	1059	36	1	0	26	0.000250627	3990	1	FALSE	S:cds-YP_009724390.1	GAT	D	GAA	E	442
NC_045512.2	22889	T	A	3932	1011	36	1	0	34	0.000254259	3933	0.937579	FALSE	S:cds-YP_009724390.1	TCT	S	ACT	T	443
NC_045512.2	22891	T	C	3908	1023	36	1	0	34	0.00025582	3909	0.93758	FALSE	S:cds-YP_009724390.1	TCT	S	TCC	S	443
NC_045512.2	22895	G	C	0	0	0	3348	973	35	1	3348	0	TRUE	S:cds-YP_009724390.1	GTT	V	CTT	L	445
NC_045512.2	22896	T	C	0	0	0	3308	883	35	0.999698	3309	0	TRUE	S:cds-YP_009724390.1	GTT	V	GCT	A	445
NC_045512.2	22896	T	A	0	0	0	1	0	34	0.000302206	3309	0.00120882	TRUE	S:cds-YP_009724390.1	GTT	V	GAT	D	445
NC_045512.2	22897	T	C	3446	1060	36	2	2	34	0.000580046	3448	0.812681	FALSE	S:cds-YP_009724390.1	GTT	V	GTC	V	445
NC_045512.2	22898	G	C	0	0	0	1	1	26	0.00029036	3444	0.0101626	FALSE	S:cds-YP_009724390.1	GGT	G	CGT	R	446
NC_045512.2	22898	G	A	0	0	0	3443	1059	36	0.99971	3444	0	TRUE	S:cds-YP_009724390.1	GGT	G	AGT	S	446
NC_045512.2	22901	G	A	3831	1215	37	1	1	34	0.00026096	3832	0.937582	FALSE	S:cds-YP_009724390.1	GGT	G	AGT	S	447
NC_045512.2	22908	A	T	3938	1469	37	1	0	27	0.000253807	3940	1	FALSE	S:cds-YP_009724390.1	TAT	Y	TTT	F	449
NC_045512.2	22908	A	G	3938	1469	37	1	1	46	0.000253807	3940	0.5	FALSE	S:cds-YP_009724390.1	TAT	Y	TGT	C	449
NC_045512.2	22913	T	C	3974	1585	37	2	2	30	0.000503018	3976	0.812657	FALSE	S:cds-YP_009724390.1	TAC	Y	CAC	H	451
NC_045512.2	22914	A	T	3990	1497	37	1	1	26	0.000250501	3992	1	FALSE	S:cds-YP_009724390.1	TAC	Y	TTC	F	451
NC_045512.2	22914	A	C	3990	1497	37	1	1	26	0.000250501	3992	1	FALSE	S:cds-YP_009724390.1	TAC	Y	TCC	S	451
NC_045512.2	22915	C	T	4306	1661	37	1	0	34	0.00023218	4307	0.968804	FALSE	S:cds-YP_009724390.1	TAC	Y	TAT	Y	451
NC_045512.2	22917	T	C	4293	1644	38	2	1	34	0.000465658	4295	0.890761	FALSE	S:cds-YP_009724390.1	CTG	L	CCG	P	452
NC_045512.2	22919	T	C	4597	1616	37	1	1	34	0.000217486	4598	0.968801	FALSE	S:cds-YP_009724390.1	TAT	Y	CAT	H	453
NC_045512.2	22920	A	G	4658	1636	37	4	1	34	0.000858001	4662	0.636895	FALSE	S:cds-YP_009724390.1	TAT	Y	TGT	C	453
NC_045512.2	22922	A	G	4391	1619	37	1	0	34	0.000227687	4392	0.968803	FALSE	S:cds-YP_009724390.1	AGA	R	GGA	G	454
NC_045512.2	22925	T	C	4538	1736	37	1	0	34	0.000220313	4539	0.968802	FALSE	S:cds-YP_009724390.1	TTG	L	CTG	L	455
NC_045512.2	22929	T	G	4427	1634	38	1	0	34	0.000225836	4428	0.968803	FALSE	S:cds-YP_009724390.1	TTT	F	TGT	C	456
NC_045512.2	22930	T	G	0	0	0	4471	1649	38	0.999776	4472	0	TRUE	S:cds-YP_009724390.1	TTT	F	TTG	L	456
NC_045512.2	22930	T	A	0	0	0	1	0	34	0.000223614	4472	0.00111807	TRUE	S:cds-YP_009724390.1	TTT	F	TTA	L	456
NC_045512.2	22934	A	G	4489	1701	38	1	0	34	0.000222717	4490	0.968802	FALSE	S:cds-YP_009724390.1	AAG	K	GAG	E	458
NC_045512.2	22936	G	A	4735	1685	38	1	0	34	0.000211149	4736	0.968799	FALSE	S:cds-YP_009724390.1	AAG	K	AAA	K	458
NC_045512.2	22938	C	T	4719	1685	38	1	1	34	0.000211864	4720	0.9688	FALSE	S:cds-YP_009724390.1	TCT	S	TTT	F	459
NC_045512.2	22939	T	C	4741	1715	38	1	1	68	0.000210881	4742	0.500053	FALSE	S:cds-YP_009724390.1	TCT	S	TCC	S	459
NC_045512.2	22942	T	G	1	0	34	4738	1714	38	0.999789	4739	0	TRUE	S:cds-YP_009724390.1	AAT	N	AAG	K	460
NC_045512.2	22945	C	T	4461	1743	38	1	1	34	0.000224115	4462	0.968803	FALSE	S:cds-YP_009724390.1	CTC	L	CTT	L	461
NC_045512.2	22945	C	-A	4461	1743	38	1	0	20	0.000224115	4462	1	FALSE	NA	NA	NA	NA	NA	NA
NC_045512.2	22946	A	G	4439	1722	38	2	0	47	0.000450349	4441	0.249972	FALSE	S:cds-YP_009724390.1	AAA	K	GAA	E	462
NC_045512.2	22948	A	G	3866	1737	36	3	0	31	0.000775194	3870	0.656311	FALSE	S:cds-YP_009724390.1	AAA	K	AAG	K	462
NC_045512.2	22948	A	C	3866	1737	36	1	0	34	0.000258398	3870	0.937484	FALSE	S:cds-YP_009724390.1	AAA	K	AAC	N	462
NC_045512.2	22950	C	A	4366	1702	38	1	0	34	0.00022899	4367	0.968804	FALSE	S:cds-YP_009724390.1	CCT	P	CAT	H	463
NC_045512.2	22952	T	C	4193	1568	37	1	0	34	0.000238436	4194	0.968806	FALSE	S:cds-YP_009724390.1	TTT	F	CTT	L	464
NC_045512.2	22954	T	A	4241	1630	38	1	1	27	0.000235738	4242	1	FALSE	S:cds-YP_009724390.1	TTT	F	TTA	L	464
NC_045512.2	22955	G	A	4271	1666	38	1	1	34	0.000234082	4272	0.968805	FALSE	S:cds-YP_009724390.1	GAG	E	AAG	K	465
NC_045512.2	22967	T	C	4025	1858	37	1	1	26	0.000248385	4026	1	FALSE	S:cds-YP_009724390.1	TCA	S	CCA	P	469
NC_045512.2	22971	C	A	4063	2007	37	1	1	34	0.000246063	4064	0.968808	FALSE	S:cds-YP_009724390.1	ACT	T	AAT	N	470
NC_045512.2	22973	G	T	4075	1989	37	1	0	68	0.000245339	4076	0.500061	FALSE	S:cds-YP_009724390.1	GAA	E	TAA	*	471
NC_045512.2	22975	A	C	4049	1969	37	1	1	68	0.000246914	4050	0.500062	FALSE	S:cds-YP_009724390.1	GAA	E	GAC	D	471
NC_045512.2	22977	T	C	3902	1839	36	2	2	34	0.000512295	3904	0.81266	FALSE	S:cds-YP_009724390.1	ATC	I	ACC	T	472
NC_045512.2	22979	T	C	3973	1788	36	1	0	68	0.000251636	3974	0.500063	FALSE	S:cds-YP_009724390.1	TAT	Y	CAT	H	473
NC_045512.2	22980	A	G	4190	2002	37	2	1	34	0.000477099	4192	0.890765	FALSE	S:cds-YP_009724390.1	TAT	Y	TGT	C	473
NC_045512.2	22985	G	C	3895	2046	36	1	1	26	0.000256608	3897	1	FALSE	S:cds-YP_009724390.1	GCC	A	CCC	P	475
NC_045512.2	22985	G	A	3895	2046	36	1	1	34	0.000256608	3897	0.937548	FALSE	S:cds-YP_009724390.1	GCC	A	ACC	T	475
NC_045512.2	22987	C	T	3636	2027	36	1	1	34	0.000274952	3637	0.937586	FALSE	S:cds-YP_009724390.1	GCC	A	GCT	A	475
NC_045512.2	22988	G	A	3649	2025	36	1	0	34	0.000273973	3650	0.937586	FALSE	S:cds-YP_009724390.1	GGT	G	AGT	S	476
NC_045512.2	22992	G	A	0	0	0	3534	1967	35	1	3534	0	TRUE	S:cds-YP_009724390.1	AGC	S	AAC	N	477
NC_045512.2	22995	C	G	0	0	0	3228	1897	35	0.977589	3302	0	TRUE	S:cds-YP_009724390.1	ACA	T	AGA	R	478
NC_045512.2	22995	C	A	0	0	0	74	4	34	0.0224107	3302	4.38148e-149	TRUE	S:cds-YP_009724390.1	ACA	T	AAA	K	478
NC_045512.2	22996	A	G	3261	1894	35	1	1	34	0.00030656	3262	0.937596	FALSE	S:cds-YP_009724390.1	ACA	T	ACG	T	478
NC_045512.2	22999	T	C	2990	1658	35	1	1	26	0.000334225	2992	1	FALSE	S:cds-YP_009724390.1	CCT	P	CCC	P	479
NC_045512.2	22999	T	A	2990	1658	35	1	1	34	0.000334225	2992	0.875063	FALSE	S:cds-YP_009724390.1	CCT	P	CCA	P	479
NC_045512.2	23001	G	T	2997	1654	35	1	0	26	0.000333556	2998	1	FALSE	S:cds-YP_009724390.1	TGT	C	TTT	F	480
NC_045512.2	23002	T	A	2905	1621	35	1	0	26	0.000344116	2906	1	FALSE	S:cds-YP_009724390.1	TGT	C	TGA	*	480
NC_045512.2	23003	A	G	2919	1636	35	1	1	34	0.000342466	2920	0.875128	FALSE	S:cds-YP_009724390.1	AAT	N	GAT	D	481
NC_045512.2	23006	G	T	2756	1526	35	61	8	33	0.0216542	2817	1.62509e-16	TRUE	S:cds-YP_009724390.1	GGT	G	TGT	C	482
NC_045512.2	23009	G	C	2595	1375	35	1	1	26	0.000385208	2596	1	FALSE	S:cds-YP_009724390.1	GTT	V	CTT	L	483
NC_045512.2	23012	G	C	2492	1287	35	1	1	26	0.000401123	2493	1	FALSE	S:cds-YP_009724390.1	GAA	E	CAA	Q	484
NC_045512.2	23013	A	T	0	0	0	1	1	34	0.00042123	2374	0.00126369	TRUE	S:cds-YP_009724390.1	GAA	E	GTA	V	484
NC_045512.2	23013	A	C	0	0	0	2373	1279	35	0.999579	2374	0	TRUE	S:cds-YP_009724390.1	GAA	E	GCA	A	484
NC_045512.2	23018	T	C	0	0	0	1712	1134	34	1	1712	0	TRUE	S:cds-YP_009724390.1	TTT	F	CTT	L	486
NC_045512.2	23019	T	C	0	0	0	2089	1542	35	1	2089	0	TRUE	S:cds-YP_009724390.1	TTT	F	TCT	S	486
NC_045512.2	23021	A	T	2344	1647	34	1	0	26	0.000426439	2345	1	FALSE	S:cds-YP_009724390.1	AAT	N	TAT	Y	487
NC_045512.2	23031	T	C	0	0	0	2102	1575	36	0.999524	2103	0	TRUE	S:cds-YP_009724390.1	TTT	F	TCT	S	490
NC_045512.2	23031	T	A	0	0	0	1	1	68	0.000475511	2103	0.000475511	TRUE	S:cds-YP_009724390.1	TTT	F	TAT	Y	490
NC_045512.2	23037	T	C	2611	2011	36	2	2	30	0.000765404	2613	0.687715	FALSE	S:cds-YP_009724390.1	TTA	L	TCA	S	492
NC_045512.2	23038	A	G	2633	2019	36	1	1	34	0.000379651	2634	0.875142	FALSE	S:cds-YP_009724390.1	TTA	L	TTG	L	492
NC_045512.2	23040	A	G	2610	1991	35	2	1	34	0.000765697	2612	0.687715	FALSE	S:cds-YP_009724390.1	CAA	Q	CGA	R	493
NC_045512.2	23041	A	G	2730	2025	35	1	1	34	0.000366166	2731	0.875137	FALSE	S:cds-YP_009724390.1	CAA	Q	CAG	Q	493
NC_045512.2	23042	T	A	2729	2030	35	1	0	26	0.0003663	2730	1	FALSE	S:cds-YP_009724390.1	TCA	S	ACA	T	494
NC_045512.2	23045	T	C	2675	1983	35	3	0	34	0.00112024	2678	0.500175	FALSE	S:cds-YP_009724390.1	TAT	Y	CAT	H	495
NC_045512.2	23046	A	G	2701	2002	35	1	1	34	0.000370096	2702	0.875139	FALSE	S:cds-YP_009724390.1	TAT	Y	TGT	C	495
NC_045512.2	23047	T	A	2718	2014	35	1	0	34	0.000367782	2719	0.875138	FALSE	S:cds-YP_009724390.1	TAT	Y	TAA	*	495
NC_045512.2	23048	G	A	2756	2034	35	2	1	34	0.000725163	2758	0.687704	FALSE	S:cds-YP_009724390.1	GGT	G	AGT	S	496
NC_045512.2	23049	G	A	2811	2028	35	1	0	34	0.000355619	2812	0.875133	FALSE	S:cds-YP_009724390.1	GGT	G	GAT	D	496
NC_045512.2	23054	C	A	2845	2053	35	1	0	34	0.00035137	2846	0.875132	FALSE	S:cds-YP_009724390.1	CAA	Q	AAA	K	498
NC_045512.2	23055	A	G	1	0	34	2862	2065	36	0.999651	2863	0	TRUE	S:cds-YP_009724390.1	CAA	Q	CGA	R	498
NC_045512.2	23058	C	A	2856	2053	36	1	1	34	0.000350018	2857	0.875131	FALSE	S:cds-YP_009724390.1	CCC	P	CAC	H	499
NC_045512.2	23060	A	G	2876	2039	35	1	1	34	0.000347584	2877	0.87513	FALSE	S:cds-YP_009724390.1	ACT	T	GCT	A	500
NC_045512.2	23063	A	T	1	0	34	2921	2074	35	0.999316	2923	0	TRUE	S:cds-YP_009724390.1	AAT	N	TAT	Y	501
NC_045512.2	23063	A	G	1	0	34	1	0	26	0.000342114	2923	0.020418	FALSE	S:cds-YP_009724390.1	AAT	N	GAT	D	501
NC_045512.2	23068	T	C	2627	1749	35	2	2	34	0.000760746	2629	0.687714	FALSE	S:cds-YP_009724390.1	GGT	G	GGC	G	502
NC_045512.2	23071	T	G	2524	1638	36	1	1	34	0.000395883	2526	0.875074	FALSE	S:cds-YP_009724390.1	GTT	V	GTG	V	503
NC_045512.2	23071	T	A	2524	1638	36	1	0	34	0.000395883	2526	0.875074	FALSE	S:cds-YP_009724390.1	GTT	V	GTA	V	503
NC_045512.2	23074	T	C	2554	1601	35	1	1	34	0.000391389	2555	0.875147	FALSE	S:cds-YP_009724390.1	GGT	G	GGC	G	504
NC_045512.2	23075	T	C	0	0	0	2622	1669	36	1	2622	0	TRUE	S:cds-YP_009724390.1	TAC	Y	CAC	H	505
NC_045512.2	23076	A	G	2445	1508	36	153	146	36	0.0588915	2598	2.88234e-44	TRUE	S:cds-YP_009724390.1	TAC	Y	TGC	C	505
NC_045512.2	23078	C	T	2719	1678	36	3	2	34	0.00110213	2722	0.500172	FALSE	S:cds-YP_009724390.1	CAA	Q	TAA	*	506
NC_045512.2	23082	C	T	2814	1677	36	1	0	34	0.00035524	2815	0.875133	FALSE	S:cds-YP_009724390.1	CCA	P	CTA	L	507
NC_045512.2	23085	A	G	2764	1585	35	1	1	34	0.000361664	2765	0.875136	FALSE	S:cds-YP_009724390.1	TAC	Y	TGC	C	508
NC_045512.2	23089	A	G	2994	1676	36	3	2	34	0.000999667	3001	0.655859	FALSE	S:cds-YP_009724390.1	AGA	R	AGG	R	509
NC_045512.2	23089	A	C	2994	1676	36	4	4	30	0.00133289	3001	0.499635	FALSE	S:cds-YP_009724390.1	AGA	R	AGC	S	509
NC_045512.2	23091	T	A	3003	1681	36	1	0	34	0.000332889	3004	0.937604	FALSE	S:cds-YP_009724390.1	GTA	V	GAA	E	510
NC_045512.2	23094	T	C	3053	1689	36	1	1	26	0.000327439	3054	1	FALSE	S:cds-YP_009724390.1	GTA	V	GCA	A	511
NC_045512.2	23102	T	C	2932	1568	35	3	3	34	0.00102215	2935	0.50016	FALSE	S:cds-YP_009724390.1	TCT	S	CCT	P	514
NC_045512.2	23110	A	G	2982	1715	36	1	0	34	0.000335233	2983	0.875126	FALSE	S:cds-YP_009724390.1	GAA	E	GAG	E	516
NC_045512.2	23111	C	T	3091	1740	36	1	0	34	0.000323311	3093	0.937561	FALSE	S:cds-YP_009724390.1	CTT	L	TTT	F	517
NC_045512.2	23111	C	A	3091	1740	36	1	0	34	0.000323311	3093	0.937561	FALSE	S:cds-YP_009724390.1	CTT	L	ATT	I	517
NC_045512.2	23117	C	T	1549	289	37	1	0	34	0.000645161	1550	0.750242	FALSE	S:cds-YP_009724390.1	CAT	H	TAT	Y	519
NC_045512.2	23127	C	T	1678	565	39	1	0	34	0.000595593	1679	0.750223	FALSE	S:cds-YP_009724390.1	GCA	A	GTA	V	522
NC_045512.2	23130	C	T	1585	597	39	1	0	68	0.000630517	1586	0.500158	FALSE	S:cds-YP_009724390.1	ACT	T	ATT	I	523
NC_045512.2	23135	T	C	1600	617	39	2	2	34	0.00124844	1602	0.500234	FALSE	S:cds-YP_009724390.1	TGT	C	CGT	R	525
NC_045512.2	23143	T	-A	1741	776	39	1	0	20	0.000574383	1741	0.999996	FALSE	NA	NA	NA	NA	NA	NA
NC_045512.2	23144	A	G	1742	794	39	1	1	34	0.000573723	1743	0.750072	FALSE	S:cds-YP_009724390.1	AAA	K	GAA	E	528
NC_045512.2	23147	A	G	1731	784	39	1	0	34	0.000577367	1732	0.750217	FALSE	S:cds-YP_009724390.1	AAG	K	GAG	E	529
NC_045512.2	23160	T	G	1629	802	39	1	0	26	0.000613497	1630	0.999993	FALSE	S:cds-YP_009724390.1	TTG	L	TGG	W	533
NC_045512.2	23171	A	C	1588	822	38	1	1	34	0.000629327	1589	0.750236	FALSE	S:cds-YP_009724390.1	AAA	K	CAA	Q	537
NC_045512.2	23177	G	A	1529	824	38	1	0	34	0.000653595	1530	0.750245	FALSE	S:cds-YP_009724390.1	GTC	V	ATC	I	539
NC_045512.2	23178	T	C	1501	841	38	1	1	34	0.000665779	1502	0.75025	FALSE	S:cds-YP_009724390.1	GTC	V	GCC	A	539
NC_045512.2	23180	A	T	1422	838	37	1	0	26	0.000702741	1423	0.999971	FALSE	S:cds-YP_009724390.1	AAT	N	TAT	Y	540
NC_045512.2	23186	A	C	1523	1061	38	1	1	34	0.000656168	1524	0.750246	FALSE	S:cds-YP_009724390.1	AAC	N	CAC	H	542
NC_045512.2	23190	T	G	1445	1053	37	1	1	34	0.000691085	1447	0.750086	FALSE	S:cds-YP_009724390.1	TTC	F	TGC	C	543
NC_045512.2	23190	T	C	1445	1053	37	1	1	26	0.000691085	1447	0.999971	FALSE	S:cds-YP_009724390.1	TTC	F	TCC	S	543
NC_045512.2	23191	C	G	1546	1179	37	1	0	27	0.000646412	1547	0.999985	FALSE	S:cds-YP_009724390.1	TTC	F	TTG	L	543
NC_045512.2	23198	T	G	1550	1183	37	1	1	34	0.000644745	1551	0.750242	FALSE	S:cds-YP_009724390.1	TTA	L	GTA	V	546
NC_045512.2	23203	A	G	1600	1238	37	1	1	34	0.00062461	1601	0.750234	FALSE	S:cds-YP_009724390.1	ACA	T	ACG	T	547
NC_045512.2	23205	G	T	1614	1245	37	1	0	34	0.000619195	1615	0.750232	FALSE	S:cds-YP_009724390.1	GGC	G	GTC	V	548
NC_045512.2	23206	C	T	1641	1267	38	1	1	34	0.000609013	1642	0.750228	FALSE	S:cds-YP_009724390.1	GGC	G	GGT	G	548
NC_045512.2	23209	A	T	1615	1238	37	1	1	24	0.000618812	1616	0.999993	FALSE	S:cds-YP_009724390.1	ACA	T	ACT	T	549
NC_045512.2	23214	T	C	1660	1299	38	2	2	34	0.00120337	1662	0.500226	FALSE	S:cds-YP_009724390.1	GTT	V	GCT	A	551
NC_045512.2	23216	C	A	1622	1312	37	1	1	26	0.000616143	1623	0.999993	FALSE	S:cds-YP_009724390.1	CTT	L	ATT	I	552
NC_045512.2	23221	T	C	1532	1240	37	1	1	34	0.000652316	1533	0.750245	FALSE	S:cds-YP_009724390.1	ACT	T	ACC	T	553
NC_045512.2	23225	T	A	1205	927	36	1	1	34	0.000829187	1206	0.750311	FALSE	S:cds-YP_009724390.1	TCT	S	ACT	T	555
NC_045512.2	23241	T	C	1450	1271	36	1	1	34	0.00068918	1451	0.750259	FALSE	S:cds-YP_009724390.1	CTG	L	CCG	P	560
NC_045512.2	23242	G	A	1451	1269	36	1	1	34	0.000688705	1452	0.750258	FALSE	S:cds-YP_009724390.1	CTG	L	CTA	L	560
NC_045512.2	23255	T	C	2711	1301	34	1	1	34	0.000368732	2712	0.875138	FALSE	S:cds-YP_009724390.1	TTT	F	CTT	L	565
NC_045512.2	23256	T	C	2634	1206	34	1	1	26	0.000379507	2635	1	FALSE	S:cds-YP_009724390.1	TTT	F	TCT	S	565
NC_045512.2	23258	G	T	3173	1382	34	1	0	26	0.00031506	3174	1	FALSE	S:cds-YP_009724390.1	GGC	G	TGC	C	566
NC_045512.2	23261	A	C	3280	1423	35	1	0	26	0.000304785	3281	1	FALSE	S:cds-YP_009724390.1	AGA	R	CGA	R	567
NC_045512.2	23263	A	T	3618	1487	34	1	0	34	0.000276243	3620	0.937552	FALSE	S:cds-YP_009724390.1	AGA	R	AGT	S	567
NC_045512.2	23263	A	G	3618	1487	34	1	1	26	0.000276243	3620	1	FALSE	S:cds-YP_009724390.1	AGA	R	AGG	R	567
NC_045512.2	23264	G	C	3993	1515	35	1	0	26	0.000250376	3994	1	FALSE	S:cds-YP_009724390.1	GAC	D	CAC	H	568
NC_045512.2	23265	A	T	3613	1455	33	1	0	26	0.000276702	3614	1	FALSE	S:cds-YP_009724390.1	GAC	D	GTC	V	568
NC_045512.2	23266	C	T	4268	1532	35	1	1	34	0.000234137	4271	0.968768	FALSE	S:cds-YP_009724390.1	GAC	D	GAT	D	568
NC_045512.2	23266	C	G	4268	1532	35	1	0	34	0.000234137	4271	0.968768	FALSE	S:cds-YP_009724390.1	GAC	D	GAG	E	568
NC_045512.2	23266	C	A	4268	1532	35	1	0	34	0.000234137	4271	0.968768	FALSE	S:cds-YP_009724390.1	GAC	D	GAA	E	568
NC_045512.2	23268	T	C	4435	1539	34	1	0	34	0.000225428	4436	0.968803	FALSE	S:cds-YP_009724390.1	ATT	I	ACT	T	569
NC_045512.2	23269	T	C	4522	1532	34	3	3	45	0.000662983	4525	0.125	FALSE	S:cds-YP_009724390.1	ATT	I	ATC	I	569
NC_045512.2	23270	G	A	4744	1528	34	1	1	34	0.000210748	4745	0.968799	FALSE	S:cds-YP_009724390.1	GCT	A	ACT	T	570
NC_045512.2	23271	C	G	4754	1537	34	1	1	34	0.000210305	4755	0.968799	FALSE	S:cds-YP_009724390.1	GCT	A	GGT	G	570
NC_045512.2	23272	T	G	4821	1490	34	1	0	34	0.000207297	4824	0.968766	FALSE	S:cds-YP_009724390.1	GCT	A	GCG	A	570
NC_045512.2	23272	T	C	4821	1490	34	2	0	34	0.000414594	4824	0.890698	FALSE	S:cds-YP_009724390.1	GCT	A	GCC	A	570
NC_045512.2	23274	A	G	5054	1523	35	1	0	26	0.000197824	5055	1	FALSE	S:cds-YP_009724390.1	GAC	D	GGC	G	571
NC_045512.2	23275	C	T	5386	1560	35	1	1	26	0.000185632	5387	1	FALSE	S:cds-YP_009724390.1	GAC	D	GAT	D	571
NC_045512.2	23276	A	C	5277	1532	34	1	0	34	0.000189466	5278	0.984406	FALSE	S:cds-YP_009724390.1	ACT	T	CCT	P	572
NC_045512.2	23279	A	T	7276	1554	35	1	0	34	0.000137419	7277	0.996103	FALSE	S:cds-YP_009724390.1	ACT	T	TCT	S	573
NC_045512.2	23280	C	T	7441	1583	35	1	0	34	0.000134372	7442	0.996103	FALSE	S:cds-YP_009724390.1	ACT	T	ATT	I	573
NC_045512.2	23281	T	C	7404	1611	35	1	0	34	0.000135044	7405	0.996103	FALSE	S:cds-YP_009724390.1	ACT	T	ACC	T	573
NC_045512.2	23282	G	C	7527	1623	35	1	1	34	0.000132837	7528	0.996103	FALSE	S:cds-YP_009724390.1	GAT	D	CAT	H	574
NC_045512.2	23283	A	G	7580	1614	35	2	0	34	0.000263783	7582	0.980506	FALSE	S:cds-YP_009724390.1	GAT	D	GGT	G	574
NC_045512.2	23287	T	C	7287	1372	35	1	0	34	0.000137212	7288	0.996103	FALSE	S:cds-YP_009724390.1	GCT	A	GCC	A	575
NC_045512.2	23288	G	T	7700	1393	35	1	0	26	0.000129853	7701	1	FALSE	S:cds-YP_009724390.1	GTC	V	TTC	F	576
NC_045512.2	23289	T	C	7604	1328	35	1	1	34	0.000131492	7605	0.996103	FALSE	S:cds-YP_009724390.1	GTC	V	GCC	A	576
NC_045512.2	23291	C	T	7699	1315	35	1	0	34	0.00012987	7700	0.996103	FALSE	S:cds-YP_009724390.1	CGT	R	TGT	C	577
NC_045512.2	23292	G	A	7807	1320	35	3	2	45	0.000384123	7810	0.125	FALSE	S:cds-YP_009724390.1	CGT	R	CAT	H	577
NC_045512.2	23293	T	C	7744	1341	35	1	0	34	0.000129116	7745	0.996103	FALSE	S:cds-YP_009724390.1	CGT	R	CGC	R	577
NC_045512.2	23294	G	T	7901	1337	35	3	0	34	0.000379507	7905	0.945368	FALSE	S:cds-YP_009724390.1	GAT	D	TAT	Y	578
NC_045512.2	23294	G	A	7901	1337	35	1	0	34	0.000126502	7905	0.996097	FALSE	S:cds-YP_009724390.1	GAT	D	AAT	N	578
NC_045512.2	23296	T	G	8162	1358	35	1	0	34	0.000122474	8165	0.99805	FALSE	S:cds-YP_009724390.1	GAT	D	GAG	E	578
NC_045512.2	23296	T	C	8162	1358	35	2	0	34	0.000244948	8165	0.989277	FALSE	S:cds-YP_009724390.1	GAT	D	GAC	D	578
NC_045512.2	23297	C	A	8226	1302	35	1	0	34	0.000121551	8227	0.998052	FALSE	S:cds-YP_009724390.1	CCA	P	ACA	T	579
NC_045512.2	23298	C	G	8207	1300	35	1	0	34	0.000121818	8209	0.998051	FALSE	S:cds-YP_009724390.1	CCA	P	CGA	R	579
NC_045512.2	23298	C	A	8207	1300	35	1	0	34	0.000121818	8209	0.998051	FALSE	S:cds-YP_009724390.1	CCA	P	CAA	Q	579
NC_045512.2	23302	G	T	8240	1287	35	1	0	26	0.000121344	8241	1	FALSE	S:cds-YP_009724390.1	CAG	Q	CAT	H	580
NC_045512.2	23305	A	G	8412	1284	35	4	0	32	0.000475285	8416	0.927102	FALSE	S:cds-YP_009724390.1	ACA	T	ACG	T	581
NC_045512.2	23306	C	A	8859	1310	36	1	1	34	0.000112867	8860	0.998052	FALSE	S:cds-YP_009724390.1	CTT	L	ATT	I	582
NC_045512.2	23307	T	G	8665	1291	35	5	0	32	0.000576502	8673	0.866577	FALSE	S:cds-YP_009724390.1	CTT	L	CGT	R	582
NC_045512.2	23307	T	C	8665	1291	35	1	0	34	0.0001153	8673	0.998045	FALSE	S:cds-YP_009724390.1	CTT	L	CCT	P	582
NC_045512.2	23307	T	A	8665	1291	35	2	0	34	0.000230601	8673	0.98925	FALSE	S:cds-YP_009724390.1	CTT	L	CAT	H	582
NC_045512.2	23308	T	G	8752	1292	36	1	0	26	0.000114233	8754	1	FALSE	S:cds-YP_009724390.1	CTT	L	CTG	L	582
NC_045512.2	23308	T	A	8752	1292	36	1	0	26	0.000114233	8754	1	FALSE	S:cds-YP_009724390.1	CTT	L	CTA	L	582
NC_045512.2	23310	A	G	8738	1293	35	1	1	38	0.00011443	8739	0.998052	FALSE	S:cds-YP_009724390.1	GAG	E	GGG	G	583
NC_045512.2	23311	G	A	8844	1295	36	1	0	68	0.000113058	8845	0.500028	FALSE	S:cds-YP_009724390.1	GAG	E	GAA	E	583
NC_045512.2	23312	A	G	8433	1552	36	1	1	34	0.000118554	8435	0.998051	FALSE	S:cds-YP_009724390.1	ATT	I	GTT	V	584
NC_045512.2	23312	A	C	8433	1552	36	1	1	26	0.000118554	8435	1	FALSE	S:cds-YP_009724390.1	ATT	I	CTT	L	584
NC_045512.2	23314	T	C	8788	1424	37	1	0	34	0.000113779	8789	0.998052	FALSE	S:cds-YP_009724390.1	ATT	I	ATC	I	584
NC_045512.2	23315	C	A	8984	1511	38	1	1	34	0.000111297	8985	0.998052	FALSE	S:cds-YP_009724390.1	CTT	L	ATT	I	585
NC_045512.2	23318	G	A	9006	1513	38	1	0	34	0.000111025	9007	0.999026	FALSE	S:cds-YP_009724390.1	GAC	D	AAC	N	586
NC_045512.2	23320	C	A	10163	1672	38	1	0	68	9.83865e-05	10164	0.500025	FALSE	S:cds-YP_009724390.1	GAC	D	GAA	E	586
NC_045512.2	23322	T	G	10105	1633	38	1	0	34	9.89315e-05	10108	0.999513	FALSE	S:cds-YP_009724390.1	ATT	I	AGT	S	587
NC_045512.2	23322	T	C	10105	1633	38	2	0	30	0.000197863	10108	0.996833	FALSE	S:cds-YP_009724390.1	ATT	I	ACT	T	587
NC_045512.2	23324	A	T	9404	1078	38	1	0	26	0.000106304	9407	1	FALSE	S:cds-YP_009724390.1	ACA	T	TCA	S	588
NC_045512.2	23324	A	G	9404	1078	38	2	0	34	0.000212608	9407	0.994152	FALSE	S:cds-YP_009724390.1	ACA	T	GCA	A	588
NC_045512.2	23325	C	T	9659	1105	39	2	1	51	0.000206932	9665	0.249909	FALSE	S:cds-YP_009724390.1	ACA	T	ATA	I	588
NC_045512.2	23325	C	G	9659	1105	39	4	0	30	0.000413864	9665	0.953894	FALSE	S:cds-YP_009724390.1	ACA	T	AGA	R	588
NC_045512.2	23327	C	G	9760	1153	39	2	0	34	0.000204876	9762	0.994154	FALSE	S:cds-YP_009724390.1	CCA	P	GCA	A	589
NC_045512.2	23328	C	G	9695	1151	39	1	0	34	0.000103135	9696	0.999026	FALSE	S:cds-YP_009724390.1	CCA	P	CGA	R	589
NC_045512.2	23329	A	G	9934	1162	38	1	1	24	0.000100654	9935	1	FALSE	S:cds-YP_009724390.1	CCA	P	CCG	P	589
NC_045512.2	23331	G	T	10027	1222	39	1	0	34	9.97108e-05	10029	0.999513	FALSE	S:cds-YP_009724390.1	TGT	C	TTT	F	590
NC_045512.2	23331	G	A	10027	1222	39	1	0	34	9.97108e-05	10029	0.999513	FALSE	S:cds-YP_009724390.1	TGT	C	TAT	Y	590
NC_045512.2	23332	T	C	9794	1241	38	1	0	34	0.000102093	9795	0.999026	FALSE	S:cds-YP_009724390.1	TGT	C	TGC	C	590
NC_045512.2	23333	T	C	9943	1209	38	1	0	34	0.000100563	9944	0.999026	FALSE	S:cds-YP_009724390.1	TCT	S	CCT	P	591
NC_045512.2	23334	C	G	10155	1284	39	2	0	30	0.000196909	10157	0.996835	FALSE	S:cds-YP_009724390.1	TCT	S	TGT	C	591
NC_045512.2	23334	C	-T	10155	1284	39	1	0	20	9.84543e-05	10157	1	FALSE	NA	NA	NA	NA	NA	NA
NC_045512.2	23335	T	C	10177	1314	39	2	0	51	0.000196483	10179	0.249988	FALSE	S:cds-YP_009724390.1	TCT	S	TCC	S	591
NC_045512.2	23336	T	G	9957	1321	39	1	0	34	0.000100422	9958	0.999026	FALSE	S:cds-YP_009724390.1	TTT	F	GTT	V	592
NC_045512.2	23338	T	C	9864	1353	39	1	0	34	0.000101368	9865	0.999026	FALSE	S:cds-YP_009724390.1	TTT	F	TTC	F	592
NC_045512.2	23339	G	A	9942	1356	39	1	1	38	0.000100573	9943	0.999026	FALSE	S:cds-YP_009724390.1	GGT	G	AGT	S	593
NC_045512.2	23340	G	T	9949	1397	39	1	0	34	0.000100503	9950	0.999026	FALSE	S:cds-YP_009724390.1	GGT	G	GTT	V	593
NC_045512.2	23341	T	G	9915	1406	39	1	0	34	0.000100827	9918	0.999025	FALSE	S:cds-YP_009724390.1	GGT	G	GGG	G	593
NC_045512.2	23341	T	C	9915	1406	39	1	0	34	0.000100827	9918	0.999025	FALSE	S:cds-YP_009724390.1	GGT	G	GGC	G	593
NC_045512.2	23341	T	A	9915	1406	39	1	0	26	0.000100827	9918	1	FALSE	S:cds-YP_009724390.1	GGT	G	GGA	G	593
NC_045512.2	23342	G	T	9994	1398	39	1	0	34	0.00010005	9995	0.999026	FALSE	S:cds-YP_009724390.1	GGT	G	TGT	C	594
NC_045512.2	23343	G	T	10136	1422	39	1	0	34	9.86485e-05	10137	0.999513	FALSE	S:cds-YP_009724390.1	GGT	G	GTT	V	594
NC_045512.2	23346	T	C	10135	1469	39	2	1	51	0.000197297	10137	0.250012	FALSE	S:cds-YP_009724390.1	GTC	V	GCC	A	595
NC_045512.2	23347	C	A	10114	1478	39	2	0	30	0.000197707	10116	0.996835	FALSE	S:cds-YP_009724390.1	GTC	V	GTA	V	595
NC_045512.2	23348	A	T	9421	1447	38	2	0	30	0.000212247	9423	0.994155	FALSE	S:cds-YP_009724390.1	AGT	S	TGT	C	596
NC_045512.2	23349	G	T	11052	1501	38	2	0	34	0.000180914	11055	0.998295	FALSE	S:cds-YP_009724390.1	AGT	S	ATT	I	596
NC_045512.2	23349	G	A	11052	1501	38	1	0	27	9.04568e-05	11055	1	FALSE	S:cds-YP_009724390.1	AGT	S	AAT	N	596
NC_045512.2	23350	T	G	11084	1602	39	1	0	34	9.01876e-05	11088	0.999756	FALSE	S:cds-YP_009724390.1	AGT	S	AGG	R	596
NC_045512.2	23350	T	C	11084	1602	39	2	0	34	0.000180375	11088	0.998294	FALSE	S:cds-YP_009724390.1	AGT	S	AGC	S	596
NC_045512.2	23350	T	A	11084	1602	39	1	0	26	9.01876e-05	11088	1	FALSE	S:cds-YP_009724390.1	AGT	S	AGA	R	596
NC_045512.2	23351	G	A	11422	1598	39	1	0	34	8.75427e-05	11423	0.999757	FALSE	S:cds-YP_009724390.1	GTT	V	ATT	I	597
NC_045512.2	23352	T	G	11478	1608	39	1	0	26	8.70928e-05	11482	1	FALSE	S:cds-YP_009724390.1	GTT	V	GGT	G	597
NC_045512.2	23352	T	C	11478	1608	39	3	1	45	0.000261279	11482	0.312484	FALSE	S:cds-YP_009724390.1	GTT	V	GCT	A	597
NC_045512.2	23353	T	C	11343	1602	38	2	1	34	0.000176289	11345	0.998296	FALSE	S:cds-YP_009724390.1	GTT	V	GTC	V	597
NC_045512.2	23354	A	T	11115	1783	38	1	0	34	8.99604e-05	11116	0.999757	FALSE	S:cds-YP_009724390.1	ATA	I	TTA	L	598
NC_045512.2	23355	T	C	11013	1774	38	1	0	34	9.07935e-05	11014	0.999757	FALSE	S:cds-YP_009724390.1	ATA	I	ACA	T	598
NC_045512.2	23356	A	T	10411	1801	38	1	0	34	9.60338e-05	10413	0.999513	FALSE	S:cds-YP_009724390.1	ATA	I	ATT	I	598
NC_045512.2	23356	A	G	10411	1801	38	1	0	68	9.60338e-05	10413	0.5	FALSE	S:cds-YP_009724390.1	ATA	I	ATG	M	598
NC_045512.2	23359	A	-C	11003	1884	39	1	0	20	9.08843e-05	11003	1	FALSE	NA	NA	NA	NA	NA	NA
NC_045512.2	23360	C	A	11092	1887	39	1	1	26	9.01469e-05	11093	1	FALSE	S:cds-YP_009724390.1	CCA	P	ACA	T	600
NC_045512.2	23361	C	T	10925	1821	39	1	0	34	9.15164e-05	10927	0.999513	FALSE	S:cds-YP_009724390.1	CCA	P	CTA	L	600
NC_045512.2	23361	C	A	10925	1821	39	1	0	34	9.15164e-05	10927	0.999513	FALSE	S:cds-YP_009724390.1	CCA	P	CAA	Q	600
NC_045512.2	23362	A	T	11005	1797	39	1	0	26	9.08348e-05	11009	1	FALSE	S:cds-YP_009724390.1	CCA	P	CCT	P	600
NC_045512.2	23362	A	G	11005	1797	39	3	0	34	0.000272504	11009	0.993544	FALSE	S:cds-YP_009724390.1	CCA	P	CCG	P	600
NC_045512.2	23363	G	C	10940	1801	39	1	1	27	9.13993e-05	10941	1	FALSE	S:cds-YP_009724390.1	GGA	G	CGA	R	601
NC_045512.2	23364	G	-A	10978	2018	39	1	0	20	9.10913e-05	10978	1	FALSE	NA	NA	NA	NA	NA	NA
NC_045512.2	23366	A	G	10202	2072	38	2	1	51	0.000196002	10204	0.250012	FALSE	S:cds-YP_009724390.1	ACA	T	GCA	A	602
NC_045512.2	23368	A	G	10540	2073	39	3	0	34	0.000284549	10543	0.988794	FALSE	S:cds-YP_009724390.1	ACA	T	ACG	T	602
NC_045512.2	23369	A	G	10557	2110	39	1	0	34	9.47149e-05	10558	0.999513	FALSE	S:cds-YP_009724390.1	AAT	N	GAT	D	603
NC_045512.2	23371	T	C	10256	2091	39	1	0	34	9.74944e-05	10257	0.999513	FALSE	S:cds-YP_009724390.1	AAT	N	AAC	N	603
NC_045512.2	23372	A	T	9762	2223	38	3	0	28	0.00030722	9765	1	FALSE	S:cds-YP_009724390.1	ACT	T	TCT	S	604
NC_045512.2	23373	C	T	10482	2301	39	1	0	34	9.53925e-05	10483	0.999513	FALSE	S:cds-YP_009724390.1	ACT	T	ATT	I	604
NC_045512.2	23374	T	G	10366	2217	39	1	0	27	9.64506e-05	10368	1	FALSE	S:cds-YP_009724390.1	ACT	T	ACG	T	604
NC_045512.2	23374	T	C	10366	2217	39	1	1	34	9.64506e-05	10368	0.999513	FALSE	S:cds-YP_009724390.1	ACT	T	ACC	T	604
NC_045512.2	23375	T	C	10075	1991	38	2	1	51	0.000198452	10078	0.249988	FALSE	S:cds-YP_009724390.1	TCT	S	CCT	P	605
NC_045512.2	23375	T	A	10075	1991	38	1	1	26	9.9226e-05	10078	1	FALSE	S:cds-YP_009724390.1	TCT	S	ACT	T	605
NC_045512.2	23377	T	G	9005	2486	38	2	0	30	0.00022205	9007	0.994156	FALSE	S:cds-YP_009724390.1	TCT	S	TCG	S	605
NC_045512.2	23379	A	G	7980	2582	36	2	0	30	0.000250532	7983	0.980495	FALSE	S:cds-YP_009724390.1	AAC	N	AGC	S	606
NC_045512.2	23379	A	C	7980	2582	36	1	0	34	0.000125266	7983	0.996099	FALSE	S:cds-YP_009724390.1	AAC	N	ACC	T	606
NC_045512.2	23381	C	T	8801	2684	38	1	0	34	0.000113572	8805	0.998049	FALSE	S:cds-YP_009724390.1	CAG	Q	TAG	*	607
NC_045512.2	23381	C	A	8801	2684	38	3	1	29	0.000340716	8805	1	FALSE	S:cds-YP_009724390.1	CAG	Q	AAG	K	607
NC_045512.2	23382	A	G	8634	2563	38	2	0	30	0.000231589	8636	0.989281	FALSE	S:cds-YP_009724390.1	CAG	Q	CGG	R	607
NC_045512.2	23383	G	T	8724	2573	38	1	0	34	0.000114613	8725	0.998052	FALSE	S:cds-YP_009724390.1	CAG	Q	CAT	H	607
NC_045512.2	23385	T	C	8658	2605	37	1	1	68	0.000115487	8659	0.500029	FALSE	S:cds-YP_009724390.1	GTT	V	GCT	A	608
NC_045512.2	23386	T	C	8797	2738	38	2	2	26	0.000227299	8799	1	FALSE	S:cds-YP_009724390.1	GTT	V	GTC	V	608
NC_045512.2	23388	C	G	8442	2884	37	1	0	26	0.000118441	8443	1	FALSE	S:cds-YP_009724390.1	GCT	A	GGT	G	609
NC_045512.2	23389	T	C	8418	2826	37	1	1	34	0.000118751	8421	0.99805	FALSE	S:cds-YP_009724390.1	GCT	A	GCC	A	609
NC_045512.2	23389	T	A	8418	2826	37	2	2	30	0.000237501	8421	0.989276	FALSE	S:cds-YP_009724390.1	GCT	A	GCA	A	609
NC_045512.2	23390	G	T	8873	2900	38	1	0	68	0.000112651	8877	0.499944	FALSE	S:cds-YP_009724390.1	GTT	V	TTT	F	610
NC_045512.2	23390	G	C	8873	2900	38	3	2	45	0.000337952	8877	0.124979	FALSE	S:cds-YP_009724390.1	GTT	V	CTT	L	610
NC_045512.2	23392	T	C	8753	2796	37	1	0	34	0.00011422	8755	0.998051	FALSE	S:cds-YP_009724390.1	GTT	V	GTC	V	610
NC_045512.2	23392	T	A	8753	2796	37	1	0	26	0.00011422	8755	1	FALSE	S:cds-YP_009724390.1	GTT	V	GTA	V	610
NC_045512.2	23393	C	A	8755	2907	38	2	1	30	0.000228389	8757	0.98928	FALSE	S:cds-YP_009724390.1	CTT	L	ATT	I	611
NC_045512.2	23395	T	G	8802	2882	38	1	0	26	0.000113585	8804	1	FALSE	S:cds-YP_009724390.1	CTT	L	CTG	L	611
NC_045512.2	23395	T	C	8802	2882	38	1	0	34	0.000113585	8804	0.998051	FALSE	S:cds-YP_009724390.1	CTT	L	CTC	L	611
NC_045512.2	23397	A	G	8676	2948	37	1	0	34	0.000115247	8677	0.998052	FALSE	S:cds-YP_009724390.1	TAT	Y	TGT	C	612
NC_045512.2	23399	C	T	8568	2949	37	1	1	68	0.0001167	8569	0.500029	FALSE	S:cds-YP_009724390.1	CAG	Q	TAG	*	613
NC_045512.2	23400	A	G	8383	2857	37	2	2	34	0.000238521	8385	0.989281	FALSE	S:cds-YP_009724390.1	CAG	Q	CGG	R	613
NC_045512.2	23403	A	G	0	0	0	9294	2902	37	1	9294	0	TRUE	S:cds-YP_009724390.1	GAT	D	GGT	G	614
NC_045512.2	23404	T	C	9069	2701	37	2	0	34	0.000220459	9072	0.994152	FALSE	S:cds-YP_009724390.1	GAT	D	GAC	D	614
NC_045512.2	23404	T	A	9069	2701	37	1	0	34	0.000110229	9072	0.999025	FALSE	S:cds-YP_009724390.1	GAT	D	GAA	E	614
NC_045512.2	23405	G	A	8966	2954	37	1	1	34	0.00011152	8967	0.998052	FALSE	S:cds-YP_009724390.1	GTT	V	ATT	I	615
NC_045512.2	23407	T	C	8844	3055	37	1	1	34	0.000113058	8845	0.998052	FALSE	S:cds-YP_009724390.1	GTT	V	GTC	V	615
NC_045512.2	23408	A	G	8391	3053	36	1	1	34	0.000119161	8392	0.998052	FALSE	S:cds-YP_009724390.1	AAC	N	GAC	D	616
NC_045512.2	23409	A	C	8568	3132	36	1	1	26	0.0001167	8569	1	FALSE	S:cds-YP_009724390.1	AAC	N	ACC	T	616
NC_045512.2	23410	C	T	9107	3141	37	1	0	34	0.000109769	9110	0.999025	FALSE	S:cds-YP_009724390.1	AAC	N	AAT	N	616
NC_045512.2	23410	C	A	9107	3141	37	2	1	30	0.000219539	9110	0.994152	FALSE	S:cds-YP_009724390.1	AAC	N	AAA	K	616
NC_045512.2	23411	T	C	8561	2686	37	1	0	68	0.000116795	8562	0.500029	FALSE	S:cds-YP_009724390.1	TGC	C	CGC	R	617
NC_045512.2	23412	G	T	8752	2664	37	1	0	34	0.000114233	8754	0.998051	FALSE	S:cds-YP_009724390.1	TGC	C	TTC	F	617
NC_045512.2	23412	G	A	8752	2664	37	1	1	34	0.000114233	8754	0.998051	FALSE	S:cds-YP_009724390.1	TGC	C	TAC	Y	617
NC_045512.2	23413	C	T	8718	2669	37	1	1	68	0.000114679	8720	0.5	FALSE	S:cds-YP_009724390.1	TGC	C	TGT	C	617
NC_045512.2	23413	C	A	8718	2669	37	1	1	34	0.000114679	8720	0.998051	FALSE	S:cds-YP_009724390.1	TGC	C	TGA	*	617
NC_045512.2	23414	A	G	4503	1366	37	4217	1271	37	0.483601	8720	0	TRUE	S:cds-YP_009724390.1	ACA	T	GCA	A	618
NC_045512.2	23418	A	G	9144	3272	38	1	0	38	0.000109349	9145	0.999026	FALSE	S:cds-YP_009724390.1	GAA	E	GGA	G	619
NC_045512.2	23419	A	T	8926	3113	38	1	0	34	0.00011197	8931	0.998048	FALSE	S:cds-YP_009724390.1	GAA	E	GAT	D	619
NC_045512.2	23419	A	G	8926	3113	38	3	1	31	0.000335909	8931	0.967312	FALSE	S:cds-YP_009724390.1	GAA	E	GAG	E	619
NC_045512.2	23419	A	C	8926	3113	38	1	1	34	0.00011197	8931	0.998048	FALSE	S:cds-YP_009724390.1	GAA	E	GAC	D	619
NC_045512.2	23420	G	T	8334	3258	37	1	0	26	0.000119976	8335	1	FALSE	S:cds-YP_009724390.1	GTC	V	TTC	F	620
NC_045512.2	23421	T	C	8183	3196	37	1	0	34	0.00012219	8184	0.998052	FALSE	S:cds-YP_009724390.1	GTC	V	GCC	A	620
NC_045512.2	23427	T	C	8604	3601	38	1	0	34	0.000116212	8605	0.998052	FALSE	S:cds-YP_009724390.1	GTT	V	GCT	A	622
NC_045512.2	23428	T	A	8855	3902	38	1	0	34	0.000112918	8856	0.998052	FALSE	S:cds-YP_009724390.1	GTT	V	GTA	V	622
NC_045512.2	23429	G	C	8817	3845	38	2	2	34	0.000226783	8819	0.98928	FALSE	S:cds-YP_009724390.1	GCT	A	CCT	P	623
NC_045512.2	23430	C	T	8825	4127	38	1	1	34	0.000113289	8827	0.998051	FALSE	S:cds-YP_009724390.1	GCT	A	GTT	V	623
NC_045512.2	23430	C	G	8825	4127	38	1	0	34	0.000113289	8827	0.998051	FALSE	S:cds-YP_009724390.1	GCT	A	GGT	G	623
NC_045512.2	23431	T	G	8587	3872	38	2	0	34	0.000232829	8590	0.989276	FALSE	S:cds-YP_009724390.1	GCT	A	GCG	A	623
NC_045512.2	23431	T	A	8587	3872	38	1	0	34	0.000116414	8590	0.99805	FALSE	S:cds-YP_009724390.1	GCT	A	GCA	A	623
NC_045512.2	23432	A	G	8784	4080	38	1	0	26	0.00011383	8785	1	FALSE	S:cds-YP_009724390.1	ATT	I	GTT	V	624
NC_045512.2	23433	T	C	8676	3947	38	3	3	31	0.000345662	8679	0.967341	FALSE	S:cds-YP_009724390.1	ATT	I	ACT	T	624
NC_045512.2	23439	C	T	8667	4131	38	5	2	40	0.000576502	8673	0.031232	FALSE	S:cds-YP_009724390.1	GCA	A	GTA	V	626
NC_045512.2	23439	C	G	8667	4131	38	1	0	34	0.0001153	8673	0.998047	FALSE	S:cds-YP_009724390.1	GCA	A	GGA	G	626
NC_045512.2	23440	A	G	8569	4005	38	1	0	26	0.000116686	8570	1	FALSE	S:cds-YP_009724390.1	GCA	A	GCG	A	626
NC_045512.2	23441	G	A	8757	4067	38	1	0	68	0.000114181	8758	0.500029	FALSE	S:cds-YP_009724390.1	GAT	D	AAT	N	627
NC_045512.2	23442	A	G	8750	4103	38	1	0	34	0.000114273	8751	0.998052	FALSE	S:cds-YP_009724390.1	GAT	D	GGT	G	627
NC_045512.2	23443	T	C	9172	4633	39	1	1	34	0.000109004	9174	0.999026	FALSE	S:cds-YP_009724390.1	GAT	D	GAC	D	627
NC_045512.2	23443	T	A	9172	4633	39	1	1	34	0.000109004	9174	0.999026	FALSE	S:cds-YP_009724390.1	GAT	D	GAA	E	627
NC_045512.2	23446	A	G	8974	4735	38	1	0	34	0.000111421	8975	0.998052	FALSE	S:cds-YP_009724390.1	CAA	Q	CAG	Q	628
NC_045512.2	23447	C	A	9110	4839	38	1	0	34	0.000109757	9111	0.999026	FALSE	S:cds-YP_009724390.1	CTT	L	ATT	I	629
NC_045512.2	23449	T	C	8950	4805	38	1	0	34	0.000111719	8951	0.998052	FALSE	S:cds-YP_009724390.1	CTT	L	CTC	L	629
NC_045512.2	23452	T	C	8233	5016	37	2	0	29	0.000242866	8235	1	FALSE	S:cds-YP_009724390.1	ACT	T	ACC	T	630
NC_045512.2	23454	C	G	8444	5287	37	1	0	34	0.000118413	8445	0.998052	FALSE	S:cds-YP_009724390.1	CCT	P	CGT	R	631
NC_045512.2	23456	A	G	8401	5256	38	2	2	34	0.00023801	8403	0.989281	FALSE	S:cds-YP_009724390.1	ACT	T	GCT	A	632
NC_045512.2	23459	T	C	8983	5996	38	1	1	34	0.000111297	8985	0.998051	FALSE	S:cds-YP_009724390.1	TGG	W	CGG	R	633
NC_045512.2	23459	T	A	8983	5996	38	1	0	26	0.000111297	8985	1	FALSE	S:cds-YP_009724390.1	TGG	W	AGG	R	633
NC_045512.2	23461	G	A	9034	6080	38	1	1	34	0.000110681	9035	0.999026	FALSE	S:cds-YP_009724390.1	TGG	W	TGA	*	633
NC_045512.2	23463	G	A	9181	6240	38	1	1	34	0.000108909	9182	0.999026	FALSE	S:cds-YP_009724390.1	CGT	R	CAT	H	634
NC_045512.2	23464	T	G	8971	6045	38	2	2	51	0.000222891	8973	0.250014	FALSE	S:cds-YP_009724390.1	CGT	R	CGG	R	634
NC_045512.2	23465	G	A	8959	6091	38	1	0	68	0.000111607	8960	0.500028	FALSE	S:cds-YP_009724390.1	GTT	V	ATT	I	635
NC_045512.2	23467	T	C	9094	6238	38	1	0	34	0.000109951	9095	0.999026	FALSE	S:cds-YP_009724390.1	GTT	V	GTC	V	635
NC_045512.2	23469	A	T	8963	6358	37	1	0	26	0.000111545	8965	1	FALSE	S:cds-YP_009724390.1	TAT	Y	TTT	F	636
NC_045512.2	23469	A	G	8963	6358	37	1	1	34	0.000111545	8965	0.998051	FALSE	S:cds-YP_009724390.1	TAT	Y	TGT	C	636
NC_045512.2	23470	T	C	9495	6754	38	1	1	34	0.000105307	9496	0.999026	FALSE	S:cds-YP_009724390.1	TAT	Y	TAC	Y	636
NC_045512.2	23471	T	G	9476	6722	38	1	0	34	0.000105519	9477	0.999026	FALSE	S:cds-YP_009724390.1	TCT	S	GCT	A	637
NC_045512.2	23473	T	C	9201	6701	38	1	1	34	0.000108672	9202	0.999026	FALSE	S:cds-YP_009724390.1	TCT	S	TCC	S	637
NC_045512.2	23475	C	A	9069	6708	37	2	2	34	0.000220483	9071	0.994155	FALSE	S:cds-YP_009724390.1	ACA	T	AAA	K	638
NC_045512.2	23476	A	T	9099	6664	37	1	1	34	0.000109854	9103	0.999025	FALSE	S:cds-YP_009724390.1	ACA	T	ACT	T	638
NC_045512.2	23476	A	C	9099	6664	37	3	2	28	0.000329562	9103	1	FALSE	S:cds-YP_009724390.1	ACA	T	ACC	T	638
NC_045512.2	23477	G	T	8943	6602	37	1	1	34	0.000111807	8944	0.998052	FALSE	S:cds-YP_009724390.1	GGT	G	TGT	C	639
NC_045512.2	23479	T	C	9786	7514	37	1	1	34	0.000102176	9787	0.999026	FALSE	S:cds-YP_009724390.1	GGT	G	GGC	G	639
NC_045512.2	23482	T	C	9756	7293	38	2	2	30	0.00020496	9758	0.994154	FALSE	S:cds-YP_009724390.1	TCT	S	TCC	S	640
NC_045512.2	23483	A	G	10004	7552	38	2	2	34	0.00019988	10006	0.996835	FALSE	S:cds-YP_009724390.1	AAT	N	GAT	D	641
NC_045512.2	23485	T	C	9813	7702	37	1	0	34	0.000101885	9815	0.999026	FALSE	S:cds-YP_009724390.1	AAT	N	AAC	N	641
NC_045512.2	23485	T	A	9813	7702	37	1	0	34	0.000101885	9815	0.999026	FALSE	S:cds-YP_009724390.1	AAT	N	AAA	K	641
NC_045512.2	23486	G	T	9892	7757	37	3	2	28	0.000303122	9897	1	FALSE	S:cds-YP_009724390.1	GTT	V	TTT	F	642
NC_045512.2	23486	G	C	9892	7757	37	2	2	30	0.000202081	9897	0.994146	FALSE	S:cds-YP_009724390.1	GTT	V	CTT	L	642
NC_045512.2	23487	T	C	9911	7570	38	1	1	34	0.000100888	9912	0.999026	FALSE	S:cds-YP_009724390.1	GTT	V	GCT	A	642
NC_045512.2	23489	T	C	10168	7836	38	1	0	34	9.83381e-05	10169	0.999513	FALSE	S:cds-YP_009724390.1	TTT	F	CTT	L	643
NC_045512.2	23490	T	C	10029	7705	38	1	1	34	9.97009e-05	10030	0.999513	FALSE	S:cds-YP_009724390.1	TTT	F	TCT	S	643
NC_045512.2	23491	T	C	10123	7955	38	2	2	36	0.000197531	10125	0.996835	FALSE	S:cds-YP_009724390.1	TTT	F	TTC	F	643
NC_045512.2	23493	A	T	10087	7915	38	1	1	26	9.91277e-05	10088	1	FALSE	S:cds-YP_009724390.1	CAA	Q	CTA	L	644
NC_045512.2	23494	A	C	9945	7840	38	1	1	34	0.000100543	9946	0.999026	FALSE	S:cds-YP_009724390.1	CAA	Q	CAC	H	644
NC_045512.2	23495	A	G	10133	8159	37	2	2	40	0.000197336	10135	0.500037	FALSE	S:cds-YP_009724390.1	ACA	T	GCA	A	645
NC_045512.2	23498	C	T	10292	8242	37	1	1	34	9.71534e-05	10293	0.999513	FALSE	S:cds-YP_009724390.1	CGT	R	TGT	C	646
NC_045512.2	23499	G	C	10197	8294	37	1	1	26	9.80584e-05	10198	1	FALSE	S:cds-YP_009724390.1	CGT	R	CCT	P	646
NC_045512.2	23500	T	A	10218	8164	37	1	0	27	9.78569e-05	10219	1	FALSE	S:cds-YP_009724390.1	CGT	R	CGA	R	646
NC_045512.2	23502	C	A	10540	9127	36	1	1	34	9.48677e-05	10541	0.999513	FALSE	S:cds-YP_009724390.1	GCA	A	GAA	E	647
NC_045512.2	23503	A	C	10362	9072	36	2	2	30	0.000192976	10364	0.996835	FALSE	S:cds-YP_009724390.1	GCA	A	GCC	A	647
NC_045512.2	23503	A	-G	10362	9072	36	1	0	20	9.64878e-05	10364	1	FALSE	NA	NA	NA	NA	NA	NA
NC_045512.2	23505	G	T	10531	9040	37	1	1	34	9.49487e-05	10532	0.999513	FALSE	S:cds-YP_009724390.1	GGC	G	GTC	V	648
NC_045512.2	23507	T	G	10294	9033	36	2	0	27	0.000194231	10297	1	FALSE	S:cds-YP_009724390.1	TGT	C	GGT	G	649
NC_045512.2	23507	T	C	10294	9033	36	1	1	34	9.71157e-05	10297	0.999513	FALSE	S:cds-YP_009724390.1	TGT	C	CGT	R	649
NC_045512.2	23508	G	T	10666	8975	37	2	0	34	0.000187424	10671	0.99683	FALSE	S:cds-YP_009724390.1	TGT	C	TTT	F	649
NC_045512.2	23508	G	A	10666	8975	37	3	1	45	0.000281136	10671	0.312447	FALSE	S:cds-YP_009724390.1	TGT	C	TAT	Y	649
NC_045512.2	23509	T	C	9519	7888	35	1	1	26	0.000105042	9520	1	FALSE	S:cds-YP_009724390.1	TGT	C	TGC	C	649
NC_045512.2	23511	T	A	10405	8859	36	1	1	26	9.60984e-05	10406	1	FALSE	S:cds-YP_009724390.1	TTA	L	TAA	*	650
NC_045512.2	23513	A	C	10479	9045	36	2	2	34	0.000190821	10481	0.996835	FALSE	S:cds-YP_009724390.1	ATA	I	CTA	L	651
NC_045512.2	23515	A	T	10102	8836	35	1	1	68	9.89609e-05	10105	0.499975	FALSE	S:cds-YP_009724390.1	ATA	I	ATT	I	651
NC_045512.2	23515	A	G	10102	8836	35	1	1	34	9.89609e-05	10105	0.999513	FALSE	S:cds-YP_009724390.1	ATA	I	ATG	M	651
NC_045512.2	23515	A	C	10102	8836	35	1	1	34	9.89609e-05	10105	0.999513	FALSE	S:cds-YP_009724390.1	ATA	I	ATC	I	651
NC_045512.2	23517	G	T	9787	8312	36	1	1	26	0.000102166	9788	1	FALSE	S:cds-YP_009724390.1	GGG	G	GTG	V	652
NC_045512.2	23518	G	A	9849	8393	36	1	1	34	0.000101523	9850	0.999026	FALSE	S:cds-YP_009724390.1	GGG	G	GGA	G	652
NC_045512.2	23519	G	A	9835	8374	36	1	0	34	0.000101667	9836	0.999026	FALSE	S:cds-YP_009724390.1	GCT	A	ACT	T	653
NC_045512.2	23521	T	G	10208	8896	36	2	2	30	0.000195867	10211	0.996833	FALSE	S:cds-YP_009724390.1	GCT	A	GCG	A	653
NC_045512.2	23521	T	C	10208	8896	36	1	1	34	9.79336e-05	10211	0.999513	FALSE	S:cds-YP_009724390.1	GCT	A	GCC	A	653
NC_045512.2	23522	G	C	10381	9003	37	1	1	34	9.63113e-05	10383	0.999513	FALSE	S:cds-YP_009724390.1	GAA	E	CAA	Q	654
NC_045512.2	23522	G	A	10381	9003	37	1	0	34	9.63113e-05	10383	0.999513	FALSE	S:cds-YP_009724390.1	GAA	E	AAA	K	654
NC_045512.2	23523	A	G	10653	9325	37	1	1	34	9.38615e-05	10654	0.999513	FALSE	S:cds-YP_009724390.1	GAA	E	GGA	G	654
NC_045512.2	23524	A	T	10926	9667	37	1	0	24	9.15164e-05	10927	1	FALSE	S:cds-YP_009724390.1	GAA	E	GAT	D	654
NC_045512.2	23525	C	T	1	1	34	10986	9903	36	0.999818	10988	0	TRUE	S:cds-YP_009724390.1	CAT	H	TAT	Y	655
NC_045512.2	23525	C	A	1	1	34	1	1	34	9.10084e-05	10988	0.00200109	TRUE	S:cds-YP_009724390.1	CAT	H	AAT	N	655
NC_045512.2	23526	A	T	11574	10613	37	1	0	24	8.63931e-05	11575	1	FALSE	S:cds-YP_009724390.1	CAT	H	CTT	L	655
NC_045512.2	23527	T	C	11590	10706	37	4	4	32	0.000344976	11595	0.982451	FALSE	S:cds-YP_009724390.1	CAT	H	CAC	H	655
NC_045512.2	23527	T	A	11590	10706	37	1	1	26	8.62441e-05	11595	1	FALSE	S:cds-YP_009724390.1	CAT	H	CAA	Q	655
NC_045512.2	23528	G	T	11950	11073	38	2	2	34	0.000167336	11952	0.998296	FALSE	S:cds-YP_009724390.1	GTC	V	TTC	F	656
NC_045512.2	23529	T	C	11488	10616	38	5	5	34	0.000435047	11493	0.961659	FALSE	S:cds-YP_009724390.1	GTC	V	GCC	A	656
NC_045512.2	23531	A	G	11203	10347	38	1	1	34	8.92538e-05	11204	0.999757	FALSE	S:cds-YP_009724390.1	AAC	N	GAC	D	657
NC_045512.2	23532	A	G	11193	10387	37	1	1	34	8.93256e-05	11195	0.999757	FALSE	S:cds-YP_009724390.1	AAC	N	AGC	S	657
NC_045512.2	23532	A	C	11193	10387	37	1	1	34	8.93256e-05	11195	0.999757	FALSE	S:cds-YP_009724390.1	AAC	N	ACC	T	657
NC_045512.2	23534	A	G	10914	10096	37	1	1	34	9.1617e-05	10915	0.999513	FALSE	S:cds-YP_009724390.1	AAC	N	GAC	D	658
NC_045512.2	23535	A	C	11089	10257	38	1	1	34	9.01713e-05	11090	0.999757	FALSE	S:cds-YP_009724390.1	AAC	N	ACC	T	658
NC_045512.2	23538	C	G	11049	10235	38	2	1	30	0.000180979	11051	0.998296	FALSE	S:cds-YP_009724390.1	TCA	S	TGA	*	659
NC_045512.2	23539	A	T	10955	10151	37	1	1	34	9.12659e-05	10957	0.999513	FALSE	S:cds-YP_009724390.1	TCA	S	TCT	S	659
NC_045512.2	23539	A	C	10955	10151	37	1	1	34	9.12659e-05	10957	0.999513	FALSE	S:cds-YP_009724390.1	TCA	S	TCC	S	659
NC_045512.2	23540	T	C	10421	9624	37	2	2	34	0.000191883	10423	0.996835	FALSE	S:cds-YP_009724390.1	TAT	Y	CAT	H	660
NC_045512.2	23541	A	G	10951	10165	37	1	0	34	9.13075e-05	10952	0.999513	FALSE	S:cds-YP_009724390.1	TAT	Y	TGT	C	660
NC_045512.2	23543	G	A	11002	10253	37	2	2	34	0.000181752	11004	0.998296	FALSE	S:cds-YP_009724390.1	GAG	E	AAG	K	661
NC_045512.2	23544	A	T	10288	9555	37	1	1	34	9.71534e-05	10293	0.999512	FALSE	S:cds-YP_009724390.1	GAG	E	GTG	V	661
NC_045512.2	23544	A	G	10288	9555	37	2	2	29	0.000194307	10293	1	FALSE	S:cds-YP_009724390.1	GAG	E	GGG	G	661
NC_045512.2	23544	A	C	10288	9555	37	2	2	34	0.000194307	10293	0.99683	FALSE	S:cds-YP_009724390.1	GAG	E	GCG	A	661
NC_045512.2	23546	T	C	9687	8964	37	1	1	34	0.00010322	9688	0.999026	FALSE	S:cds-YP_009724390.1	TGT	C	CGT	R	662
NC_045512.2	23547	G	T	10200	9515	37	1	1	34	9.80296e-05	10201	0.999513	FALSE	S:cds-YP_009724390.1	TGT	C	TTT	F	662
NC_045512.2	23548	T	C	9909	9224	37	2	2	30	0.000201796	9911	0.994154	FALSE	S:cds-YP_009724390.1	TGT	C	TGC	C	662
NC_045512.2	23550	A	G	10065	9407	37	5	5	47	0.000496524	10070	0.109363	FALSE	S:cds-YP_009724390.1	GAC	D	GGC	G	663
NC_045512.2	23551	C	A	10140	9504	37	1	1	34	9.86096e-05	10141	0.999513	FALSE	S:cds-YP_009724390.1	GAC	D	GAA	E	663
NC_045512.2	23552	A	G	9846	9219	37	2	2	34	0.000203087	9848	0.994154	FALSE	S:cds-YP_009724390.1	ATA	I	GTA	V	664
NC_045512.2	23553	T	C	9848	9217	37	1	1	34	0.000101533	9849	0.999026	FALSE	S:cds-YP_009724390.1	ATA	I	ACA	T	664
NC_045512.2	23554	A	G	9526	8904	37	6	6	34	0.000629459	9532	0.849265	FALSE	S:cds-YP_009724390.1	ATA	I	ATG	M	664
NC_045512.2	23555	C	T	9561	8945	37	1	1	26	0.00010457	9563	1	FALSE	S:cds-YP_009724390.1	CCC	P	TCC	S	665
NC_045512.2	23555	C	G	9561	8945	37	1	0	27	0.00010457	9563	1	FALSE	S:cds-YP_009724390.1	CCC	P	GCC	A	665
NC_045512.2	23556	C	A	9406	8801	37	1	1	34	0.000106304	9407	0.999026	FALSE	S:cds-YP_009724390.1	CCC	P	CAC	H	665
NC_045512.2	23557	C	T	9224	8620	37	2	1	47	0.000216755	9227	0.249986	FALSE	S:cds-YP_009724390.1	CCC	P	CCT	P	665
NC_045512.2	23557	C	A	9224	8620	37	1	1	26	0.000108378	9227	1	FALSE	S:cds-YP_009724390.1	CCC	P	CCA	P	665
NC_045512.2	23558	A	T	8242	7656	37	1	1	34	0.000121242	8248	0.998047	FALSE	S:cds-YP_009724390.1	ATT	I	TTT	F	666
NC_045512.2	23558	A	G	8242	7656	37	1	1	34	0.000121242	8248	0.998047	FALSE	S:cds-YP_009724390.1	ATT	I	GTT	V	666
NC_045512.2	23558	A	C	8242	7656	37	4	4	34	0.000484966	8248	0.927046	FALSE	S:cds-YP_009724390.1	ATT	I	CTT	L	666
NC_045512.2	23559	T	C	7999	7413	37	3	3	31	0.000374906	8002	0.967346	FALSE	S:cds-YP_009724390.1	ATT	I	ACT	T	666
NC_045512.2	23561	G	T	8163	7570	38	1	1	34	0.000122489	8164	0.998052	FALSE	S:cds-YP_009724390.1	GGT	G	TGT	C	667
NC_045512.2	23565	C	T	7865	7346	37	3	3	31	0.000381243	7869	0.945368	FALSE	S:cds-YP_009724390.1	GCA	A	GTA	V	668
NC_045512.2	23565	C	A	7865	7346	37	1	1	26	0.000127081	7869	1	FALSE	S:cds-YP_009724390.1	GCA	A	GAA	E	668
NC_045512.2	23566	A	G	7686	7145	37	2	2	34	0.000260146	7688	0.980505	FALSE	S:cds-YP_009724390.1	GCA	A	GCG	A	668
NC_045512.2	23567	G	T	7704	7163	37	1	1	34	0.000129786	7705	0.996103	FALSE	S:cds-YP_009724390.1	GGT	G	TGT	C	669
NC_045512.2	23570	A	G	7588	7099	37	1	1	34	0.00013177	7589	0.996103	FALSE	S:cds-YP_009724390.1	ATA	I	GTA	V	670
NC_045512.2	23571	T	C	7055	6577	37	1	1	34	0.000141723	7056	0.996104	FALSE	S:cds-YP_009724390.1	ATA	I	ACA	T	670
NC_045512.2	23572	A	G	7108	6667	36	1	1	34	0.000140667	7109	0.996104	FALSE	S:cds-YP_009724390.1	ATA	I	ATG	M	670
NC_045512.2	23573	T	C	7145	6680	37	1	1	34	0.000139938	7146	0.996104	FALSE	S:cds-YP_009724390.1	TGC	C	CGC	R	671
NC_045512.2	23575	C	T	6900	6440	37	2	2	34	0.000289771	6902	0.964899	FALSE	S:cds-YP_009724390.1	TGC	C	TGT	C	671
NC_045512.2	23576	G	C	6324	5866	37	1	1	34	0.000158103	6325	0.992205	FALSE	S:cds-YP_009724390.1	GCT	A	CCT	P	672
NC_045512.2	23577	C	A	6225	5845	37	1	1	26	0.000160617	6226	1	FALSE	S:cds-YP_009724390.1	GCT	A	GAT	D	672
NC_045512.2	23579	A	G	5951	5577	37	1	1	34	0.000168011	5952	0.984403	FALSE	S:cds-YP_009724390.1	AGT	S	GGT	G	673
NC_045512.2	23581	T	C	7302	5597	36	1	1	34	0.00013693	7303	0.996103	FALSE	S:cds-YP_009724390.1	AGT	S	AGC	S	673
NC_045512.2	23582	T	A	6803	5126	35	1	1	26	0.000146972	6804	1	FALSE	S:cds-YP_009724390.1	TAT	Y	AAT	N	674
NC_045512.2	23585	C	A	7270	5525	36	1	1	34	0.000137533	7271	0.996103	FALSE	S:cds-YP_009724390.1	CAG	Q	AAG	K	675
NC_045512.2	23586	A	G	7019	5281	36	2	1	34	0.00028486	7021	0.980509	FALSE	S:cds-YP_009724390.1	CAG	Q	CGG	R	675
NC_045512.2	23587	G	C	7120	5307	36	2	2	34	0.00028082	7122	0.980508	FALSE	S:cds-YP_009724390.1	CAG	Q	CAC	H	675
NC_045512.2	23589	C	A	6883	5053	36	1	1	34	0.000145264	6884	0.992203	FALSE	S:cds-YP_009724390.1	ACT	T	AAT	N	676
NC_045512.2	23591	C	T	6791	4974	36	1	1	26	0.00014721	6793	1	FALSE	S:cds-YP_009724390.1	CAG	Q	TAG	*	677
NC_045512.2	23591	C	G	6791	4974	36	1	0	26	0.00014721	6793	1	FALSE	S:cds-YP_009724390.1	CAG	Q	GAG	E	677
NC_045512.2	23592	A	T	6665	4882	36	1	1	26	0.000149903	6671	1	FALSE	S:cds-YP_009724390.1	CAG	Q	CTG	L	677
NC_045512.2	23592	A	G	6665	4882	36	3	0	31	0.000449708	6671	0.910156	FALSE	S:cds-YP_009724390.1	CAG	Q	CGG	R	677
NC_045512.2	23592	A	C	6665	4882	36	2	2	34	0.000299805	6671	0.964836	FALSE	S:cds-YP_009724390.1	CAG	Q	CCG	P	677
NC_045512.2	23593	G	T	6917	4939	36	1	0	34	0.00014455	6918	0.992203	FALSE	S:cds-YP_009724390.1	CAG	Q	CAT	H	677
NC_045512.2	23594	A	C	6851	4901	37	2	2	30	0.000291843	6853	0.9649	FALSE	S:cds-YP_009724390.1	ACT	T	CCT	P	678
NC_045512.2	23595	C	T	6843	4895	37	1	1	34	0.000146071	6846	0.992195	FALSE	S:cds-YP_009724390.1	ACT	T	ATT	I	678
NC_045512.2	23595	C	A	6843	4895	37	2	2	30	0.000292141	6846	0.964884	FALSE	S:cds-YP_009724390.1	ACT	T	AAT	N	678
NC_045512.2	23596	T	C	6532	4605	37	1	1	26	0.000153069	6533	1	FALSE	S:cds-YP_009724390.1	ACT	T	ACC	T	678
NC_045512.2	23597	A	G	6456	4534	37	2	0	30	0.000309693	6458	0.964903	FALSE	S:cds-YP_009724390.1	AAT	N	GAT	D	679
NC_045512.2	23599	T	G	0	0	0	6544	4628	36	1	6544	0	TRUE	S:cds-YP_009724390.1	AAT	N	AAG	K	679
NC_045512.2	23600	T	C	5861	4007	35	3	2	45	0.000511596	5864	0.125	FALSE	S:cds-YP_009724390.1	TCT	S	CCT	P	680
NC_045512.2	23602	T	G	5526	3664	36	1	0	34	0.00018093	5527	0.984405	FALSE	S:cds-YP_009724390.1	TCT	S	TCG	S	680
NC_045512.2	23604	C	A	0	0	0	5708	3832	37	1	5708	0	TRUE	S:cds-YP_009724390.1	CCT	P	CAT	H	681
NC_045512.2	23605	T	C	5725	3875	37	1	1	34	0.000174642	5726	0.984404	FALSE	S:cds-YP_009724390.1	CCT	P	CCC	P	681
NC_045512.2	23607	G	A	5630	3797	36	1	1	34	0.000177588	5631	0.984404	FALSE	S:cds-YP_009724390.1	CGG	R	CAG	Q	682
NC_045512.2	23611	G	T	1812	120	37	1	0	34	0.000551572	1813	0.750207	FALSE	S:cds-YP_009724390.1	CGG	R	CGT	R	683
NC_045512.2	23613	C	G	1840	122	37	1	0	34	0.000543183	1841	0.750204	FALSE	S:cds-YP_009724390.1	GCA	A	GGA	G	684
NC_045512.2	23616	G	A	1885	124	37	1	0	34	0.000530223	1886	0.750199	FALSE	S:cds-YP_009724390.1	CGT	R	CAT	H	685
NC_045512.2	23628	G	A	2139	144	37	1	0	34	0.00046729	2140	0.875175	FALSE	S:cds-YP_009724390.1	AGT	S	AAT	N	689
NC_045512.2	23641	T	G	2408	182	37	1	0	34	0.000414766	2411	0.875	FALSE	S:cds-YP_009724390.1	ATT	I	ATG	M	693
NC_045512.2	23641	T	C	2408	182	37	1	0	34	0.000414766	2411	0.875	FALSE	S:cds-YP_009724390.1	ATT	I	ATC	I	693
NC_045512.2	23641	T	A	2408	182	37	1	0	34	0.000414766	2411	0.875	FALSE	S:cds-YP_009724390.1	ATT	I	ATA	I	693
NC_045512.2	23642	G	T	2526	181	37	1	0	34	0.000395726	2527	0.875148	FALSE	S:cds-YP_009724390.1	GCC	A	TCC	S	694
NC_045512.2	23645	T	C	2528	189	37	1	0	26	0.000395413	2529	1	FALSE	S:cds-YP_009724390.1	TAC	Y	CAC	H	695
NC_045512.2	23646	A	C	2564	191	37	1	0	34	0.000389864	2565	0.875146	FALSE	S:cds-YP_009724390.1	TAC	Y	TCC	S	695
NC_045512.2	23647	C	T	2617	199	37	1	0	34	0.000381971	2618	0.875143	FALSE	S:cds-YP_009724390.1	TAC	Y	TAT	Y	695
NC_045512.2	23664	C	T	2500	315	39	1	0	34	0.00039984	2501	0.87515	FALSE	S:cds-YP_009724390.1	GCA	A	GTA	V	701
NC_045512.2	23671	T	G	2008	458	38	1	0	34	0.00049776	2009	0.875187	FALSE	S:cds-YP_009724390.1	AAT	N	AAG	K	703
NC_045512.2	23674	A	G	1942	454	38	3	2	42	0.00154242	1945	0.125	FALSE	S:cds-YP_009724390.1	TCA	S	TCG	S	704
NC_045512.2	23677	T	C	2022	534	38	1	0	34	0.000494315	2023	0.875185	FALSE	S:cds-YP_009724390.1	GTT	V	GTC	V	705
NC_045512.2	23680	T	C	1982	621	39	1	1	34	0.000504286	1983	0.750189	FALSE	S:cds-YP_009724390.1	GCT	A	GCC	A	706
NC_045512.2	23687	A	G	2063	678	39	1	1	34	0.000484496	2064	0.875182	FALSE	S:cds-YP_009724390.1	AAT	N	GAT	D	709
NC_045512.2	23710	A	G	2004	858	40	1	0	34	0.000498753	2005	0.875187	FALSE	S:cds-YP_009724390.1	ACA	T	ACG	T	716
NC_045512.2	23728	T	G	1916	957	39	1	0	34	0.000521648	1917	0.750196	FALSE	S:cds-YP_009724390.1	GTT	V	GTG	V	722
NC_045512.2	23729	A	G	1908	959	39	1	0	34	0.000523834	1909	0.750196	FALSE	S:cds-YP_009724390.1	ACC	T	GCC	A	723
NC_045512.2	23739	T	A	1871	998	39	1	1	26	0.000534188	1872	0.999998	FALSE	S:cds-YP_009724390.1	ATT	I	AAT	N	726
NC_045512.2	23743	A	C	1754	1063	37	2	2	34	0.00113895	1756	0.500214	FALSE	S:cds-YP_009724390.1	CTA	L	CTC	L	727
NC_045512.2	23748	T	G	1696	1097	37	1	0	26	0.000589275	1697	0.999993	FALSE	S:cds-YP_009724390.1	GTG	V	GGG	G	729
NC_045512.2	23754	T	G	1758	1280	36	1	0	34	0.000568505	1759	0.750213	FALSE	S:cds-YP_009724390.1	ATG	M	AGG	R	731
NC_045512.2	23758	C	A	1887	1422	37	1	1	34	0.000529661	1888	0.750199	FALSE	S:cds-YP_009724390.1	ACC	T	ACA	T	732
NC_045512.2	23759	A	G	1894	1426	37	1	1	34	0.000527704	1895	0.750198	FALSE	S:cds-YP_009724390.1	AAG	K	GAG	E	733
NC_045512.2	23760	A	G	1891	1428	37	1	1	26	0.000528541	1892	0.999998	FALSE	S:cds-YP_009724390.1	AAG	K	AGG	R	733
NC_045512.2	23778	C	A	2178	1665	38	1	1	34	0.000458926	2179	0.875172	FALSE	S:cds-YP_009724390.1	ACA	T	AAA	K	739
NC_045512.2	23779	A	T	2102	1602	38	1	1	34	0.000475511	2103	0.875178	FALSE	S:cds-YP_009724390.1	ACA	T	ACT	T	739
NC_045512.2	23791	T	C	2015	1548	39	1	1	34	0.000496032	2016	0.875186	FALSE	S:cds-YP_009724390.1	TGT	C	TGC	C	743
NC_045512.2	23796	A	T	2106	1688	39	1	0	60	0.000474383	2108	0.5	FALSE	S:cds-YP_009724390.1	GAT	D	GTT	V	745
NC_045512.2	23796	A	G	2106	1688	39	1	0	27	0.000474383	2108	1	FALSE	S:cds-YP_009724390.1	GAT	D	GGT	G	745
NC_045512.2	23798	T	G	2113	1708	39	1	0	27	0.000473037	2114	1	FALSE	S:cds-YP_009724390.1	TCA	S	GCA	A	746
NC_045512.2	23800	A	T	2094	1686	38	1	1	26	0.000477327	2095	1	FALSE	S:cds-YP_009724390.1	TCA	S	TCT	S	746
NC_045512.2	23803	T	C	2087	1689	38	1	1	34	0.000478927	2088	0.87518	FALSE	S:cds-YP_009724390.1	ACT	T	ACC	T	747
NC_045512.2	23810	A	G	2149	1755	39	1	1	34	0.000465116	2150	0.875174	FALSE	S:cds-YP_009724390.1	AGC	S	GGC	G	750
NC_045512.2	23820	T	C	2036	1708	39	1	1	68	0.000490918	2037	0.500123	FALSE	S:cds-YP_009724390.1	TTG	L	TCG	S	753
NC_045512.2	23823	T	G	2112	1821	39	1	1	68	0.000473261	2113	0.500118	FALSE	S:cds-YP_009724390.1	TTG	L	TGG	W	754
NC_045512.2	23826	A	C	2127	1846	39	2	2	30	0.000939408	2129	0.687764	FALSE	S:cds-YP_009724390.1	CAA	Q	CCA	P	755
NC_045512.2	23832	G	A	2199	1930	39	1	1	34	0.000454545	2200	0.87517	FALSE	S:cds-YP_009724390.1	GGC	G	GAC	D	757
NC_045512.2	23834	A	G	2141	1872	39	11	11	36	0.00511152	2152	0.0111575	FALSE	S:cds-YP_009724390.1	AGT	S	GGT	G	758
NC_045512.2	23836	T	C	1986	1720	38	1	1	34	0.000503271	1987	0.750189	FALSE	S:cds-YP_009724390.1	AGT	S	AGC	S	758
NC_045512.2	23840	T	C	2124	1874	39	1	1	34	0.000470588	2125	0.875176	FALSE	S:cds-YP_009724390.1	TGT	C	CGT	R	760
NC_045512.2	23848	A	+T	2003	1773	39	1	0	20	0.000499251	2003	1	FALSE	NA	NA	NA	NA	NA	NA
NC_045512.2	23851	A	G	1964	1765	38	1	1	34	0.000508906	1965	0.750191	FALSE	S:cds-YP_009724390.1	TTA	L	TTG	L	763
NC_045512.2	23852	A	T	1952	1758	38	1	1	34	0.000512033	1953	0.750192	FALSE	S:cds-YP_009724390.1	AAC	N	TAC	Y	764
NC_045512.2	23854	C	A	0	0	0	1947	1755	38	1	1947	0	TRUE	S:cds-YP_009724390.1	AAC	N	AAA	K	764
NC_045512.2	23858	G	A	1529	1358	39	1	1	34	0.000653595	1530	0.750245	FALSE	S:cds-YP_009724390.1	GCT	A	ACT	T	766
NC_045512.2	23863	A	T	1489	1329	38	1	1	26	0.000671141	1490	0.999971	FALSE	S:cds-YP_009724390.1	TTA	L	TTT	F	767
NC_045512.2	23869	A	T	1429	1302	38	1	1	26	0.000699301	1430	0.999971	FALSE	S:cds-YP_009724390.1	GGA	G	GGT	G	769
NC_045512.2	23870	A	G	1430	1304	37	1	1	24	0.000698812	1431	0.999971	FALSE	S:cds-YP_009724390.1	ATA	I	GTA	V	770
NC_045512.2	23871	T	A	1397	1285	37	1	0	24	0.000715308	1398	0.999941	FALSE	S:cds-YP_009724390.1	ATA	I	AAA	K	770
NC_045512.2	23887	C	A	1466	786	35	1	1	26	0.000681663	1467	0.999971	FALSE	S:cds-YP_009724390.1	GAC	D	GAA	E	775
NC_045512.2	23888	A	G	1360	682	35	1	0	34	0.000734754	1361	0.750276	FALSE	S:cds-YP_009724390.1	AAA	K	GAA	E	776
NC_045512.2	23892	A	C	1263	655	34	1	1	34	0.000791139	1264	0.750297	FALSE	S:cds-YP_009724390.1	AAC	N	ACC	T	777
NC_045512.2	23897	C	T	1216	544	35	1	0	34	0.000821693	1217	0.750308	FALSE	S:cds-YP_009724390.1	CAA	Q	TAA	*	779
NC_045512.2	23898	A	G	1180	534	35	2	0	34	0.00169205	1182	0.500318	FALSE	S:cds-YP_009724390.1	CAA	Q	CGA	R	779
NC_045512.2	23901	A	G	1130	534	34	1	0	34	0.000884173	1131	0.750332	FALSE	S:cds-YP_009724390.1	GAA	E	GGA	G	780
NC_045512.2	23911	A	G	753	38	36	1	0	34	0.00132626	754	0.500332	FALSE	S:cds-YP_009724390.1	GCA	A	GCG	A	783
NC_045512.2	23915	G	T	804	43	36	1	0	34	0.00124224	805	0.500311	FALSE	S:cds-YP_009724390.1	GTC	V	TTC	F	785
NC_045512.2	23916	T	C	802	46	36	1	0	34	0.00124533	803	0.500312	FALSE	S:cds-YP_009724390.1	GTC	V	GCC	A	785
NC_045512.2	23922	A	T	790	51	36	1	0	26	0.00126422	791	0.996182	FALSE	S:cds-YP_009724390.1	CAA	Q	CTA	L	787
NC_045512.2	23929	C	A	827	55	37	1	0	34	0.00120773	828	0.500302	FALSE	S:cds-YP_009724390.1	TAC	Y	TAA	*	789
NC_045512.2	23942	A	G	838	64	36	1	0	34	0.0011919	839	0.500298	FALSE	S:cds-YP_009724390.1	ATT	I	GTT	V	794
NC_045512.2	23948	G	T	0	0	0	964	66	37	1	964	0	TRUE	S:cds-YP_009724390.1	GAT	D	TAT	Y	796
NC_045512.2	23964	A	T	966	105	39	1	1	26	0.00103413	967	0.999051	FALSE	S:cds-YP_009724390.1	AAT	N	ATT	I	801
NC_045512.2	23970	C	G	782	138	38	1	0	34	0.00127714	783	0.500319	FALSE	S:cds-YP_009724390.1	TCA	S	TGA	*	803
NC_045512.2	23977	A	G	684	192	37	1	1	34	0.00145985	685	0.500365	FALSE	S:cds-YP_009724390.1	ATA	I	ATG	M	805
NC_045512.2	23979	T	C	764	205	38	1	1	34	0.00130719	765	0.500327	FALSE	S:cds-YP_009724390.1	TTA	L	TCA	S	806
NC_045512.2	23980	A	G	737	214	38	1	0	34	0.00135501	738	0.500339	FALSE	S:cds-YP_009724390.1	TTA	L	TTG	L	806
NC_045512.2	24022	T	C	771	295	37	1	1	34	0.00129534	772	0.500324	FALSE	S:cds-YP_009724390.1	GAT	D	GAC	D	820
NC_045512.2	24029	T	C	798	327	38	1	1	27	0.00125156	799	0.996181	FALSE	S:cds-YP_009724390.1	TTC	F	CTC	L	823
NC_045512.2	24034	C	A	770	333	37	1	0	26	0.00129702	771	0.996184	FALSE	S:cds-YP_009724390.1	AAC	N	AAA	K	824
NC_045512.2	24037	A	G	745	322	37	1	0	34	0.00134048	746	0.500335	FALSE	S:cds-YP_009724390.1	AAA	K	AAG	K	825
NC_045512.2	24043	A	C	737	355	37	1	1	34	0.00135501	738	0.500339	FALSE	S:cds-YP_009724390.1	ACA	T	ACC	T	827
NC_045512.2	24053	G	A	799	358	37	2	2	68	0.00249688	801	0.250156	FALSE	S:cds-YP_009724390.1	GCT	A	ACT	T	831
NC_045512.2	24065	A	G	797	356	37	2	1	34	0.00250313	799	0.250157	FALSE	S:cds-YP_009724390.1	AAA	K	GAA	E	835
NC_045512.2	24078	A	G	794	360	36	1	0	34	0.00125786	795	0.500315	FALSE	S:cds-YP_009724390.1	GAT	D	GGT	G	839
NC_045512.2	24091	T	C	835	452	36	1	0	34	0.00119617	836	0.500299	FALSE	S:cds-YP_009724390.1	GAT	D	GAC	D	843
NC_045512.2	24092	A	T	865	519	37	1	0	24	0.00115473	866	0.998097	FALSE	S:cds-YP_009724390.1	ATT	I	TTT	F	844
NC_045512.2	24110	A	C	983	626	39	1	1	26	0.00101626	984	0.99905	FALSE	S:cds-YP_009724390.1	ATT	I	CTT	L	850
NC_045512.2	24113	T	C	972	625	39	1	0	34	0.00102775	973	0.500257	FALSE	S:cds-YP_009724390.1	TGT	C	CGT	R	851
NC_045512.2	24131	G	T	1001	689	39	1	1	34	0.000998004	1002	0.750374	FALSE	S:cds-YP_009724390.1	GGC	G	TGC	C	857
NC_045512.2	24139	T	C	1030	733	39	1	1	34	0.000969932	1031	0.750364	FALSE	S:cds-YP_009724390.1	ACT	T	ACC	T	859
NC_045512.2	24146	C	T	1084	842	40	1	0	68	0.000921659	1085	0.500231	FALSE	S:cds-YP_009724390.1	CCA	P	TCA	S	862
NC_045512.2	24151	T	C	1105	921	40	1	1	34	0.000904159	1106	0.750339	FALSE	S:cds-YP_009724390.1	CCT	P	CCC	P	863
NC_045512.2	24155	C	T	1196	1017	41	1	0	34	0.000835422	1197	0.750313	FALSE	S:cds-YP_009724390.1	CTC	L	TTC	F	865
NC_045512.2	24177	A	T	1093	981	38	1	1	26	0.000914077	1094	0.999526	FALSE	S:cds-YP_009724390.1	CAA	Q	CTA	L	872
NC_045512.2	24192	T	G	823	740	38	1	1	34	0.00121359	824	0.500304	FALSE	S:cds-YP_009724390.1	CTG	L	CGG	R	877
NC_045512.2	24199	G	T	1574	770	35	1	0	34	0.000634921	1575	0.750238	FALSE	S:cds-YP_009724390.1	GCG	A	GCT	A	879
NC_045512.2	24200	G	T	1550	720	35	1	0	34	0.000644745	1551	0.750242	FALSE	S:cds-YP_009724390.1	GGT	G	TGT	C	880
NC_045512.2	24212	T	G	1498	614	36	1	0	34	0.000667111	1499	0.75025	FALSE	S:cds-YP_009724390.1	TCT	S	GCT	A	884
NC_045512.2	24217	T	C	1449	543	35	1	1	34	0.000689655	1450	0.750259	FALSE	S:cds-YP_009724390.1	GGT	G	GGC	G	885
NC_045512.2	24223	C	G	1627	554	36	1	0	34	0.000614251	1628	0.75023	FALSE	S:cds-YP_009724390.1	ACC	T	ACG	T	887
NC_045512.2	24224	T	G	1619	544	36	1	1	34	0.000617284	1620	0.750232	FALSE	S:cds-YP_009724390.1	TTT	F	GTT	V	888
NC_045512.2	24252	C	A	1415	150	38	1	0	26	0.000706215	1416	0.999971	FALSE	S:cds-YP_009724390.1	CCA	P	CAA	Q	897
NC_045512.2	24256	T	C	1414	163	38	2	0	34	0.00141243	1416	0.500265	FALSE	S:cds-YP_009724390.1	TTT	F	TTC	F	898
NC_045512.2	24258	C	T	1441	165	39	1	0	34	0.000693481	1442	0.75026	FALSE	S:cds-YP_009724390.1	GCT	A	GTT	V	899
NC_045512.2	24263	C	G	1449	167	39	1	0	34	0.000689655	1450	0.750259	FALSE	S:cds-YP_009724390.1	CAA	Q	GAA	E	901
NC_045512.2	24264	A	G	1462	166	39	1	0	34	0.000683527	1463	0.750256	FALSE	S:cds-YP_009724390.1	CAA	Q	CGA	R	901
NC_045512.2	24268	G	T	1730	176	38	1	0	26	0.000577701	1731	0.999996	FALSE	S:cds-YP_009724390.1	ATG	M	ATT	I	902
NC_045512.2	24270	C	T	1898	189	38	1	0	34	0.000526593	1899	0.750198	FALSE	S:cds-YP_009724390.1	GCT	A	GTT	V	903
NC_045512.2	24275	A	T	1825	198	38	1	0	34	0.000547645	1826	0.750205	FALSE	S:cds-YP_009724390.1	AGG	R	TGG	W	905
NC_045512.2	24291	G	T	1776	293	38	1	0	34	0.000562746	1777	0.750211	FALSE	S:cds-YP_009724390.1	GGA	G	GTA	V	910
NC_045512.2	24297	C	A	1594	321	38	1	0	34	0.000626959	1595	0.750235	FALSE	S:cds-YP_009724390.1	ACA	T	AAA	K	912
NC_045512.2	24298	A	G	1536	325	37	2	0	34	0.00130039	1538	0.500244	FALSE	S:cds-YP_009724390.1	ACA	T	ACG	T	912
NC_045512.2	24299	C	A	1586	324	37	1	0	34	0.00063012	1587	0.750236	FALSE	S:cds-YP_009724390.1	CAG	Q	AAG	K	913
NC_045512.2	24313	T	C	1534	354	38	1	0	24	0.000651042	1536	0.999985	FALSE	S:cds-YP_009724390.1	TAT	Y	TAC	Y	917
NC_045512.2	24313	T	A	1534	354	38	1	0	26	0.000651042	1536	0.999985	FALSE	S:cds-YP_009724390.1	TAT	Y	TAA	*	917
NC_045512.2	24328	G	T	1413	398	38	1	0	34	0.000707214	1414	0.750265	FALSE	S:cds-YP_009724390.1	TTG	L	TTT	F	922
NC_045512.2	24347	A	T	1490	682	38	1	1	26	0.000670691	1491	0.999971	FALSE	S:cds-YP_009724390.1	AGT	S	TGT	C	929
NC_045512.2	24349	T	A	1453	627	38	1	0	26	0.000687758	1454	0.999971	FALSE	S:cds-YP_009724390.1	AGT	S	AGA	R	929
NC_045512.2	24366	A	G	1599	805	40	1	1	34	0.000625	1600	0.750234	FALSE	S:cds-YP_009724390.1	CAA	Q	CGA	R	935
NC_045512.2	24371	T	C	1289	858	37	1	0	34	0.000775194	1290	0.750291	FALSE	S:cds-YP_009724390.1	TCA	S	CCA	P	937
NC_045512.2	24377	T	A	1170	741	35	1	0	34	0.000853971	1171	0.75032	FALSE	S:cds-YP_009724390.1	TCT	S	ACT	T	939
NC_045512.2	24378	C	G	1296	869	37	1	0	26	0.00077101	1297	0.999882	FALSE	S:cds-YP_009724390.1	TCT	S	TGT	C	939
NC_045512.2	24383	A	C	1272	855	37	1	1	26	0.000785546	1273	0.999882	FALSE	S:cds-YP_009724390.1	ACA	T	CCA	P	941
NC_045512.2	24384	C	T	1286	861	37	1	1	34	0.000777001	1287	0.750291	FALSE	S:cds-YP_009724390.1	ACA	T	ATA	I	941
NC_045512.2	24385	A	G	1258	850	37	1	0	34	0.000794281	1259	0.750298	FALSE	S:cds-YP_009724390.1	ACA	T	ACG	T	941
NC_045512.2	24390	G	A	1256	870	36	1	0	68	0.000795545	1257	0.500199	FALSE	S:cds-YP_009724390.1	AGT	S	AAT	N	943
NC_045512.2	24396	T	C	1182	863	36	2	1	34	0.00168919	1184	0.500317	FALSE	S:cds-YP_009724390.1	CTT	L	CCT	P	945
NC_045512.2	24405	T	C	1230	936	36	1	1	34	0.000812348	1231	0.750305	FALSE	S:cds-YP_009724390.1	CTT	L	CCT	P	948
NC_045512.2	24406	T	C	1255	965	36	1	1	34	0.000796178	1256	0.750299	FALSE	S:cds-YP_009724390.1	CTT	L	CTC	L	948
NC_045512.2	24412	T	C	1279	1008	36	1	1	34	0.00078125	1280	0.750293	FALSE	S:cds-YP_009724390.1	GAT	D	GAC	D	950
NC_045512.2	24424	A	T	0	0	0	1215	910	35	1	1215	0	TRUE	S:cds-YP_009724390.1	CAA	Q	CAT	H	954
NC_045512.2	24426	A	T	1255	953	36	1	1	34	0.000796178	1256	0.750299	FALSE	S:cds-YP_009724390.1	AAT	N	ATT	I	955
NC_045512.2	24428	G	C	1224	923	36	1	1	34	0.000815661	1226	0.750102	FALSE	S:cds-YP_009724390.1	GCA	A	CCA	P	956
NC_045512.2	24428	G	A	1224	923	36	1	1	34	0.000815661	1226	0.750102	FALSE	S:cds-YP_009724390.1	GCA	A	ACA	T	956
NC_045512.2	24429	C	A	1254	974	36	1	1	34	0.000796813	1255	0.750299	FALSE	S:cds-YP_009724390.1	GCA	A	GAA	E	956
NC_045512.2	24451	T	G	1192	1015	36	1	0	34	0.000838223	1193	0.750314	FALSE	S:cds-YP_009724390.1	GTT	V	GTG	V	963
NC_045512.2	24452	A	T	1168	993	35	1	1	34	0.000855432	1169	0.750321	FALSE	S:cds-YP_009724390.1	AAA	K	TAA	*	964
NC_045512.2	24453	A	G	7325	1330	33	1	0	34	0.0001365	7326	0.996103	FALSE	S:cds-YP_009724390.1	AAA	K	AGA	R	964
NC_045512.2	24455	C	T	8034	1693	35	2	1	30	0.000248849	8037	0.989277	FALSE	S:cds-YP_009724390.1	CAA	Q	TAA	*	965
NC_045512.2	24455	C	A	8034	1693	35	1	0	34	0.000124425	8037	0.99805	FALSE	S:cds-YP_009724390.1	CAA	Q	AAA	K	965
NC_045512.2	24456	A	G	7974	1652	35	2	0	34	0.000250752	7976	0.980504	FALSE	S:cds-YP_009724390.1	CAA	Q	CGA	R	965
NC_045512.2	24458	C	A	8511	1692	35	1	0	34	0.000117481	8512	0.998052	FALSE	S:cds-YP_009724390.1	CTT	L	ATT	I	966
NC_045512.2	24460	T	C	8358	1633	35	3	0	45	0.000358809	8361	0.125	FALSE	S:cds-YP_009724390.1	CTT	L	CTC	L	966
NC_045512.2	24461	A	G	8538	1751	35	1	0	46	0.00011711	8539	0.500029	FALSE	S:cds-YP_009724390.1	AGC	S	GGC	G	967
NC_045512.2	24462	G	T	8700	1724	35	2	0	26	0.000229806	8703	1	FALSE	S:cds-YP_009724390.1	AGC	S	ATC	I	967
NC_045512.2	24462	G	A	8700	1724	35	1	0	34	0.000114903	8703	0.99805	FALSE	S:cds-YP_009724390.1	AGC	S	AAC	N	967
NC_045512.2	24464	T	G	8629	1746	35	12	0	32	0.00138809	8645	0.251347	FALSE	S:cds-YP_009724390.1	TCC	S	GCC	A	968
NC_045512.2	24464	T	C	8629	1746	35	3	1	34	0.000347021	8645	0.967159	FALSE	S:cds-YP_009724390.1	TCC	S	CCC	P	968
NC_045512.2	24464	T	A	8629	1746	35	1	0	26	0.000115674	8645	1	FALSE	S:cds-YP_009724390.1	TCC	S	ACC	T	968
NC_045512.2	24465	C	G	8686	1737	35	4	1	32	0.000460246	8691	0.927071	FALSE	S:cds-YP_009724390.1	TCC	S	TGC	C	968
NC_045512.2	24465	C	A	8686	1737	35	1	0	34	0.000115062	8691	0.998048	FALSE	S:cds-YP_009724390.1	TCC	S	TAC	Y	968
NC_045512.2	24468	A	G	8364	1695	34	1	0	34	0.000119546	8365	0.998052	FALSE	S:cds-YP_009724390.1	AAT	N	AGT	S	969
NC_045512.2	24469	T	G	0	0	0	2	0	34	0.000229727	8706	1.18729e-06	TRUE	S:cds-YP_009724390.1	AAT	N	AAG	K	969
NC_045512.2	24469	T	A	0	0	0	8704	1702	35	0.99977	8706	0	TRUE	S:cds-YP_009724390.1	AAT	N	AAA	K	969
NC_045512.2	24472	T	C	8702	1620	35	1	1	34	0.000114903	8703	0.998052	FALSE	S:cds-YP_009724390.1	TTT	F	TTC	F	970
NC_045512.2	24473	G	T	8777	1665	35	2	0	34	0.000227764	8781	0.98927	FALSE	S:cds-YP_009724390.1	GGT	G	TGT	C	971
NC_045512.2	24473	G	C	8777	1665	35	1	1	26	0.000113882	8781	1	FALSE	S:cds-YP_009724390.1	GGT	G	CGT	R	971
NC_045512.2	24473	G	A	8777	1665	35	1	0	34	0.000113882	8781	0.998049	FALSE	S:cds-YP_009724390.1	GGT	G	AGT	S	971
NC_045512.2	24474	G	T	8906	1700	35	1	0	26	0.000112233	8910	1	FALSE	S:cds-YP_009724390.1	GGT	G	GTT	V	971
NC_045512.2	24474	G	A	8906	1700	35	3	1	34	0.0003367	8910	0.967326	FALSE	S:cds-YP_009724390.1	GGT	G	GAT	D	971
NC_045512.2	24475	T	C	8766	1534	35	3	0	34	0.000342114	8769	0.96734	FALSE	S:cds-YP_009724390.1	GGT	G	GGC	G	971
NC_045512.2	24477	C	T	8866	1719	35	1	0	34	0.000112778	8867	0.998052	FALSE	S:cds-YP_009724390.1	GCA	A	GTA	V	972
NC_045512.2	24478	A	G	9181	1690	35	2	0	30	0.000217794	9183	0.994155	FALSE	S:cds-YP_009724390.1	GCA	A	GCG	A	972
NC_045512.2	24479	A	G	9306	1732	35	6	1	31	0.00064433	9312	0.849269	FALSE	S:cds-YP_009724390.1	ATT	I	GTT	V	973
NC_045512.2	24480	T	G	9390	1757	35	1	0	34	0.000106485	9391	0.999026	FALSE	S:cds-YP_009724390.1	ATT	I	AGT	S	973
NC_045512.2	24481	T	C	9373	1733	35	3	0	45	0.000319966	9376	0.125	FALSE	S:cds-YP_009724390.1	ATT	I	ATC	I	973
NC_045512.2	24482	T	G	9352	1740	35	1	0	34	0.000106906	9354	0.999026	FALSE	S:cds-YP_009724390.1	TCA	S	GCA	A	974
NC_045512.2	24482	T	C	9352	1740	35	1	0	34	0.000106906	9354	0.999026	FALSE	S:cds-YP_009724390.1	TCA	S	CCA	P	974
NC_045512.2	24484	A	G	9297	1749	35	4	0	32	0.000430061	9301	0.953932	FALSE	S:cds-YP_009724390.1	TCA	S	TCG	S	974
NC_045512.2	24485	A	G	9098	1766	35	2	0	34	0.00021978	9100	0.994155	FALSE	S:cds-YP_009724390.1	AGT	S	GGT	G	975
NC_045512.2	24487	T	G	9370	1879	36	2	0	34	0.000213379	9373	0.994152	FALSE	S:cds-YP_009724390.1	AGT	S	AGG	R	975
NC_045512.2	24487	T	C	9370	1879	36	1	0	34	0.000106689	9373	0.999025	FALSE	S:cds-YP_009724390.1	AGT	S	AGC	S	975
NC_045512.2	24488	G	T	10009	1912	36	3	1	34	0.00029964	10012	0.988796	FALSE	S:cds-YP_009724390.1	GTT	V	TTT	F	976
NC_045512.2	24489	T	A	9996	1997	37	1	1	68	0.00010003	9997	0.500025	FALSE	S:cds-YP_009724390.1	GTT	V	GAT	D	976
NC_045512.2	24491	T	C	10052	2051	37	1	0	34	9.94728e-05	10053	0.999513	FALSE	S:cds-YP_009724390.1	TTA	L	CTA	L	977
NC_045512.2	24492	T	A	10033	2043	37	1	0	34	9.96612e-05	10034	0.999513	FALSE	S:cds-YP_009724390.1	TTA	L	TAA	*	977
NC_045512.2	24496	T	C	10493	2089	37	1	0	34	9.52925e-05	10494	0.999513	FALSE	S:cds-YP_009724390.1	AAT	N	AAC	N	978
NC_045512.2	24497	G	T	10428	2035	37	1	0	34	9.58773e-05	10430	0.999513	FALSE	S:cds-YP_009724390.1	GAT	D	TAT	Y	979
NC_045512.2	24497	G	A	10428	2035	37	1	0	34	9.58773e-05	10430	0.999513	FALSE	S:cds-YP_009724390.1	GAT	D	AAT	N	979
NC_045512.2	24498	A	G	10330	2042	37	1	0	68	9.67961e-05	10331	0.500024	FALSE	S:cds-YP_009724390.1	GAT	D	GGT	G	979
NC_045512.2	24500	A	T	9471	2053	36	1	0	34	0.000105574	9472	0.999026	FALSE	S:cds-YP_009724390.1	ATC	I	TTC	F	980
NC_045512.2	24505	T	C	10925	1951	37	1	0	34	9.15248e-05	10926	0.999513	FALSE	S:cds-YP_009724390.1	CTT	L	CTC	L	981
NC_045512.2	24506	T	C	11041	2140	38	4	1	34	0.000362155	11045	0.98246	FALSE	S:cds-YP_009724390.1	TCA	S	CCA	P	982
NC_045512.2	24508	A	G	10965	2110	38	2	0	30	0.000182365	10967	0.996834	FALSE	S:cds-YP_009724390.1	TCA	S	TCG	S	982
NC_045512.2	24509	C	T	11235	2145	38	1	0	34	8.89838e-05	11238	0.999756	FALSE	S:cds-YP_009724390.1	CGT	R	TGT	C	983
NC_045512.2	24509	C	G	11235	2145	38	1	0	26	8.89838e-05	11238	1	FALSE	S:cds-YP_009724390.1	CGT	R	GGT	G	983
NC_045512.2	24509	C	A	11235	2145	38	1	0	26	8.89838e-05	11238	1	FALSE	S:cds-YP_009724390.1	CGT	R	AGT	S	983
NC_045512.2	24510	G	T	11257	2151	38	1	0	34	8.88257e-05	11258	0.999757	FALSE	S:cds-YP_009724390.1	CGT	R	CTT	L	983
NC_045512.2	24511	T	C	11049	1968	37	4	3	32	0.000361893	11053	0.98246	FALSE	S:cds-YP_009724390.1	CGT	R	CGC	R	983
NC_045512.2	24513	T	C	11074	1906	37	1	0	34	9.02935e-05	11075	0.999757	FALSE	S:cds-YP_009724390.1	CTT	L	CCT	P	984
NC_045512.2	24514	T	C	11265	2083	38	4	0	42	0.000354956	11269	0.1875	FALSE	S:cds-YP_009724390.1	CTT	L	CTC	L	984
NC_045512.2	24515	G	A	11335	2102	38	1	0	26	8.82145e-05	11336	1	FALSE	S:cds-YP_009724390.1	GAC	D	AAC	N	985
NC_045512.2	24516	A	G	11409	2136	38	1	0	34	8.76424e-05	11410	0.999757	FALSE	S:cds-YP_009724390.1	GAC	D	GGC	G	985
NC_045512.2	24517	C	T	11400	2155	38	1	0	34	8.77116e-05	11401	0.999757	FALSE	S:cds-YP_009724390.1	GAC	D	GAT	D	985
NC_045512.2	24518	A	T	10687	2114	37	4	0	27	0.000373972	10696	1	FALSE	S:cds-YP_009724390.1	AAA	K	TAA	*	986
NC_045512.2	24518	A	G	10687	2114	37	4	1	38	0.000373972	10696	0.971308	FALSE	S:cds-YP_009724390.1	AAA	K	GAA	E	986
NC_045512.2	24518	A	C	10687	2114	37	1	1	34	9.34929e-05	10696	0.999511	FALSE	S:cds-YP_009724390.1	AAA	K	CAA	Q	986
NC_045512.2	24523	T	C	11611	2216	38	1	0	34	8.61178e-05	11612	0.999757	FALSE	S:cds-YP_009724390.1	GTT	V	GTC	V	987
NC_045512.2	24525	A	G	11847	2205	38	4	0	30	0.000337496	11852	0.98245	FALSE	S:cds-YP_009724390.1	GAG	E	GGG	G	988
NC_045512.2	24525	A	C	11847	2205	38	1	1	27	8.43739e-05	11852	1	FALSE	S:cds-YP_009724390.1	GAG	E	GCG	A	988
NC_045512.2	24526	G	T	11865	2214	38	2	1	34	0.00016852	11868	0.998295	FALSE	S:cds-YP_009724390.1	GAG	E	GAT	D	988
NC_045512.2	24526	G	A	11865	2214	38	1	0	34	8.42602e-05	11868	0.999756	FALSE	S:cds-YP_009724390.1	GAG	E	GAA	E	988
NC_045512.2	24529	T	C	11849	2197	38	4	2	42	0.000337467	11853	0.1875	FALSE	S:cds-YP_009724390.1	GCT	A	GCC	A	989
NC_045512.2	24530	G	T	11873	2164	38	1	0	34	8.42034e-05	11876	0.999756	FALSE	S:cds-YP_009724390.1	GAA	E	TAA	*	990
NC_045512.2	24530	G	A	11873	2164	38	2	1	34	0.000168407	11876	0.998295	FALSE	S:cds-YP_009724390.1	GAA	E	AAA	K	990
NC_045512.2	24531	A	G	11894	2151	39	3	1	34	0.000252164	11897	0.993546	FALSE	S:cds-YP_009724390.1	GAA	E	GGA	G	990
NC_045512.2	24534	T	G	11749	2235	39	2	0	30	0.000170184	11752	0.998295	FALSE	S:cds-YP_009724390.1	GTG	V	GGG	G	991
NC_045512.2	24534	T	A	11749	2235	39	1	0	34	8.50919e-05	11752	0.999756	FALSE	S:cds-YP_009724390.1	GTG	V	GAG	E	991
NC_045512.2	24535	G	A	9876	2483	38	3	0	34	0.000303674	9879	0.98075	FALSE	S:cds-YP_009724390.1	GTG	V	GTA	V	991
NC_045512.2	24536	C	T	9337	2553	38	4	1	42	0.00042822	9341	0.0624933	FALSE	S:cds-YP_009724390.1	CAA	Q	TAA	*	992
NC_045512.2	24537	A	G	9384	2510	38	4	1	34	0.00042603	9389	0.953913	FALSE	S:cds-YP_009724390.1	CAA	Q	CGA	R	992
NC_045512.2	24537	A	C	9384	2510	38	1	1	34	0.000106508	9389	0.999024	FALSE	S:cds-YP_009724390.1	CAA	Q	CCA	P	992
NC_045512.2	24539	A	G	6740	2595	36	2	0	30	0.000296516	6745	0.964852	FALSE	S:cds-YP_009724390.1	ATT	I	GTT	V	993
NC_045512.2	24539	A	C	6740	2595	36	3	0	26	0.000444774	6745	1	FALSE	S:cds-YP_009724390.1	ATT	I	CTT	L	993
NC_045512.2	24545	A	G	7770	1527	36	3	0	34	0.000385951	7773	0.945392	FALSE	S:cds-YP_009724390.1	AGG	R	GGG	G	995
NC_045512.2	24546	G	T	8151	1515	37	1	0	34	0.000122669	8152	0.998052	FALSE	S:cds-YP_009724390.1	AGG	R	ATG	M	995
NC_045512.2	24547	G	T	8302	1573	36	3	0	31	0.000361228	8305	0.967343	FALSE	S:cds-YP_009724390.1	AGG	R	AGT	S	995
NC_045512.2	24549	T	G	8069	1630	36	1	0	26	0.0001239	8071	1	FALSE	S:cds-YP_009724390.1	TTG	L	TGG	W	996
NC_045512.2	24549	T	C	8069	1630	36	1	0	34	0.0001239	8071	0.998051	FALSE	S:cds-YP_009724390.1	TTG	L	TCG	S	996
NC_045512.2	24550	G	T	7704	1720	36	1	0	34	0.000129769	7706	0.996101	FALSE	S:cds-YP_009724390.1	TTG	L	TTT	F	996
NC_045512.2	24550	G	A	7704	1720	36	1	0	34	0.000129769	7706	0.996101	FALSE	S:cds-YP_009724390.1	TTG	L	TTA	L	996
NC_045512.2	24551	A	G	7906	1732	36	1	0	34	0.00012647	7907	0.996103	FALSE	S:cds-YP_009724390.1	ATC	I	GTC	V	997
NC_045512.2	24552	T	C	7856	1679	36	1	0	34	0.000127275	7857	0.996103	FALSE	S:cds-YP_009724390.1	ATC	I	ACC	T	997
NC_045512.2	24555	C	G	7717	1755	36	1	0	34	0.000129567	7718	0.996103	FALSE	S:cds-YP_009724390.1	ACA	T	AGA	R	998
NC_045512.2	24558	G	A	7524	2031	37	3	1	34	0.000398565	7527	0.945394	FALSE	S:cds-YP_009724390.1	GGC	G	GAC	D	999
NC_045512.2	24559	C	T	7562	2036	37	2	1	34	0.000264375	7565	0.980497	FALSE	S:cds-YP_009724390.1	GGC	G	GGT	G	999
NC_045512.2	24559	C	A	7562	2036	37	1	0	34	0.000132188	7565	0.996099	FALSE	S:cds-YP_009724390.1	GGC	G	GGA	G	999
NC_045512.2	24563	C	T	8803	2531	37	1	0	34	0.000113572	8805	0.998051	FALSE	S:cds-YP_009724390.1	CTT	L	TTT	F	1001
NC_045512.2	24563	C	G	8803	2531	37	1	0	26	0.000113572	8805	1	FALSE	S:cds-YP_009724390.1	CTT	L	GTT	V	1001
NC_045512.2	24564	T	G	8713	2434	37	1	0	34	0.000114745	8715	0.998051	FALSE	S:cds-YP_009724390.1	CTT	L	CGT	R	1001
NC_045512.2	24564	T	C	8713	2434	37	1	0	34	0.000114745	8715	0.998051	FALSE	S:cds-YP_009724390.1	CTT	L	CCT	P	1001
NC_045512.2	24565	T	C	8882	2677	37	2	1	34	0.000225124	8884	0.98928	FALSE	S:cds-YP_009724390.1	CTT	L	CTC	L	1001
NC_045512.2	24567	A	G	8947	2727	37	1	1	34	0.000111744	8949	0.998051	FALSE	S:cds-YP_009724390.1	CAA	Q	CGA	R	1002
NC_045512.2	24567	A	C	8947	2727	37	1	0	34	0.000111744	8949	0.998051	FALSE	S:cds-YP_009724390.1	CAA	Q	CCA	P	1002
NC_045512.2	24568	A	T	5476	1865	38	3609	1122	38	0.397204	9086	0	TRUE	S:cds-YP_009724390.1	CAA	Q	CAT	H	1002
NC_045512.2	24568	A	C	5476	1865	38	1	1	34	0.000110059	9086	0.991083	FALSE	S:cds-YP_009724390.1	CAA	Q	CAC	H	1002
NC_045512.2	24570	G	T	9156	3034	38	1	0	34	0.000109206	9157	0.999026	FALSE	S:cds-YP_009724390.1	AGT	S	ATT	I	1003
NC_045512.2	24573	T	C	9137	3021	38	1	1	26	0.000109433	9138	1	FALSE	S:cds-YP_009724390.1	TTG	L	TCG	S	1004
NC_045512.2	24575	C	T	9092	3049	38	6	2	32	0.000659486	9098	0.849272	FALSE	S:cds-YP_009724390.1	CAG	Q	TAG	*	1005
NC_045512.2	24576	A	G	9099	2996	37	1	1	34	0.000109878	9101	0.999026	FALSE	S:cds-YP_009724390.1	CAG	Q	CGG	R	1005
NC_045512.2	24576	A	C	9099	2996	37	1	0	34	0.000109878	9101	0.999026	FALSE	S:cds-YP_009724390.1	CAG	Q	CCG	P	1005
NC_045512.2	24577	G	T	9762	3072	38	1	0	26	0.000102417	9764	1	FALSE	S:cds-YP_009724390.1	CAG	Q	CAT	H	1005
NC_045512.2	24577	G	A	9762	3072	38	1	0	34	0.000102417	9764	0.999026	FALSE	S:cds-YP_009724390.1	CAG	Q	CAA	Q	1005
NC_045512.2	24578	A	G	9692	3239	38	4	0	34	0.000412541	9696	0.953929	FALSE	S:cds-YP_009724390.1	ACA	T	GCA	A	1006
NC_045512.2	24580	A	G	9820	3294	37	2	0	30	0.000203625	9822	0.994154	FALSE	S:cds-YP_009724390.1	ACA	T	ACG	T	1006
NC_045512.2	24581	T	G	10039	3245	37	1	0	27	9.96016e-05	10040	1	FALSE	S:cds-YP_009724390.1	TAT	Y	GAT	D	1007
NC_045512.2	24582	A	G	10032	3282	37	2	1	51	0.000199322	10034	0.250012	FALSE	S:cds-YP_009724390.1	TAT	Y	TGT	C	1007
NC_045512.2	24583	T	C	10108	3223	37	2	0	46	0.000197824	10110	0.500037	FALSE	S:cds-YP_009724390.1	TAT	Y	TAC	Y	1007
NC_045512.2	24585	T	A	9931	3110	37	1	1	34	0.000100685	9932	0.999026	FALSE	S:cds-YP_009724390.1	GTG	V	GAG	E	1008
NC_045512.2	24586	G	A	9937	2990	38	1	1	34	0.000100624	9938	0.999026	FALSE	S:cds-YP_009724390.1	GTG	V	GTA	V	1008
NC_045512.2	24588	C	A	9490	3082	37	1	1	26	0.000105363	9491	1	FALSE	S:cds-YP_009724390.1	ACT	T	AAT	N	1009
NC_045512.2	24589	T	C	9335	2944	37	1	0	34	0.000107101	9337	0.999026	FALSE	S:cds-YP_009724390.1	ACT	T	ACC	T	1009
NC_045512.2	24589	T	A	9335	2944	37	1	0	34	0.000107101	9337	0.999026	FALSE	S:cds-YP_009724390.1	ACT	T	ACA	T	1009
NC_045512.2	24591	A	G	9249	2847	37	2	0	30	0.000216169	9252	0.994152	FALSE	S:cds-YP_009724390.1	CAA	Q	CGA	R	1010
NC_045512.2	24591	A	C	9249	2847	37	1	1	34	0.000108085	9252	0.999025	FALSE	S:cds-YP_009724390.1	CAA	Q	CCA	P	1010
NC_045512.2	24592	A	G	9280	2836	37	1	0	34	0.000107747	9281	0.999026	FALSE	S:cds-YP_009724390.1	CAA	Q	CAG	Q	1010
NC_045512.2	24593	C	G	9432	2891	37	3	0	34	0.000317898	9437	0.980734	FALSE	S:cds-YP_009724390.1	CAA	Q	GAA	E	1011
NC_045512.2	24593	C	A	9432	2891	37	2	0	34	0.000211932	9437	0.994146	FALSE	S:cds-YP_009724390.1	CAA	Q	AAA	K	1011
NC_045512.2	24594	A	G	9236	2705	37	4	1	34	0.0004329	9240	0.953933	FALSE	S:cds-YP_009724390.1	CAA	Q	CGA	R	1011
NC_045512.2	24598	A	G	9419	2870	37	1	1	34	0.000106157	9420	0.999026	FALSE	S:cds-YP_009724390.1	TTA	L	TTG	L	1012
NC_045512.2	24600	T	C	9306	2789	37	1	0	34	0.000107434	9308	0.999026	FALSE	S:cds-YP_009724390.1	ATT	I	ACT	T	1013
NC_045512.2	24600	T	A	9306	2789	37	1	0	34	0.000107434	9308	0.999026	FALSE	S:cds-YP_009724390.1	ATT	I	AAT	N	1013
NC_045512.2	24601	T	C	9203	2832	37	1	1	34	0.000108648	9204	0.999026	FALSE	S:cds-YP_009724390.1	ATT	I	ATC	I	1013
NC_045512.2	24602	A	G	9257	2794	37	1	0	34	0.000108015	9258	0.999026	FALSE	S:cds-YP_009724390.1	AGA	R	GGA	G	1014
NC_045512.2	24603	G	C	9116	2864	37	1	1	26	0.000109685	9117	1	FALSE	S:cds-YP_009724390.1	AGA	R	ACA	T	1014
NC_045512.2	24605	G	T	8903	2809	37	1	0	34	0.000112296	8905	0.998051	FALSE	S:cds-YP_009724390.1	GCT	A	TCT	S	1015
NC_045512.2	24605	G	C	8903	2809	37	1	1	34	0.000112296	8905	0.998051	FALSE	S:cds-YP_009724390.1	GCT	A	CCT	P	1015
NC_045512.2	24606	C	G	9058	3032	37	1	0	26	0.000110387	9059	1	FALSE	S:cds-YP_009724390.1	GCT	A	GGT	G	1015
NC_045512.2	24607	T	G	8920	2966	37	5	0	34	0.000560161	8926	0.866665	FALSE	S:cds-YP_009724390.1	GCT	A	GCG	A	1015
NC_045512.2	24607	T	C	8920	2966	37	1	0	34	0.000112032	8926	0.998047	FALSE	S:cds-YP_009724390.1	GCT	A	GCC	A	1015
NC_045512.2	24608	G	T	9171	2979	37	2	0	30	0.000218031	9173	0.994155	FALSE	S:cds-YP_009724390.1	GCA	A	TCA	S	1016
NC_045512.2	24609	C	G	9056	3047	37	1	0	34	0.000110412	9057	0.999026	FALSE	S:cds-YP_009724390.1	GCA	A	GGA	G	1016
NC_045512.2	24612	A	G	8998	3177	37	1	0	26	0.000111123	8999	1	FALSE	S:cds-YP_009724390.1	GAA	E	GGA	G	1017
NC_045512.2	24613	A	G	9356	3272	37	1	0	34	0.000106872	9357	0.999026	FALSE	S:cds-YP_009724390.1	GAA	E	GAG	E	1017
NC_045512.2	24614	A	G	9518	3474	38	2	0	34	0.000210062	9521	0.994152	FALSE	S:cds-YP_009724390.1	ATC	I	GTC	V	1018
NC_045512.2	24614	A	C	9518	3474	38	1	0	27	0.000105031	9521	1	FALSE	S:cds-YP_009724390.1	ATC	I	CTC	L	1018
NC_045512.2	24615	T	C	9685	3768	38	1	1	68	0.000103242	9686	0.500026	FALSE	S:cds-YP_009724390.1	ATC	I	ACC	T	1018
NC_045512.2	24615	T	-C	9685	3768	38	1	0	20	0.000103242	9686	1	FALSE	NA	NA	NA	NA	NA	NA
NC_045512.2	24616	C	T	9643	3761	38	2	2	51	0.000207361	9645	0.249987	FALSE	S:cds-YP_009724390.1	ATC	I	ATT	I	1018
NC_045512.2	24620	G	A	9653	3821	38	1	0	34	0.000103584	9654	0.999026	FALSE	S:cds-YP_009724390.1	GCT	A	ACT	T	1020
NC_045512.2	24622	T	C	9377	3937	38	1	1	34	0.000106633	9378	0.999026	FALSE	S:cds-YP_009724390.1	GCT	A	GCC	A	1020
NC_045512.2	24625	T	C	9668	4016	38	1	1	34	0.000103423	9669	0.999026	FALSE	S:cds-YP_009724390.1	TCT	S	TCC	S	1021
NC_045512.2	24627	C	A	9796	4161	39	1	1	34	0.000102072	9797	0.999026	FALSE	S:cds-YP_009724390.1	GCT	A	GAT	D	1022
NC_045512.2	24628	T	G	9753	4111	38	1	0	34	0.000102501	9756	0.999025	FALSE	S:cds-YP_009724390.1	GCT	A	GCG	A	1022
NC_045512.2	24628	T	C	9753	4111	38	2	0	34	0.000205002	9756	0.994152	FALSE	S:cds-YP_009724390.1	GCT	A	GCC	A	1022
NC_045512.2	24629	A	T	9684	4044	38	1	1	34	0.000103252	9685	0.999026	FALSE	S:cds-YP_009724390.1	AAT	N	TAT	Y	1023
NC_045512.2	24632	C	T	10069	4592	39	1	0	34	9.93049e-05	10070	0.999513	FALSE	S:cds-YP_009724390.1	CTT	L	TTT	F	1024
NC_045512.2	24633	T	C	9890	4438	39	3	2	31	0.000303245	9893	0.98075	FALSE	S:cds-YP_009724390.1	CTT	L	CCT	P	1024
NC_045512.2	24635	G	C	9849	4411	39	1	1	34	0.000101523	9850	0.999026	FALSE	S:cds-YP_009724390.1	GCT	A	CCT	P	1025
NC_045512.2	24637	T	C	9874	4543	39	1	0	34	0.000101266	9875	0.999026	FALSE	S:cds-YP_009724390.1	GCT	A	GCC	A	1025
NC_045512.2	24638	G	T	9837	4495	39	1	1	26	0.000101636	9839	1	FALSE	S:cds-YP_009724390.1	GCT	A	TCT	S	1026
NC_045512.2	24638	G	C	9837	4495	39	1	1	34	0.000101636	9839	0.999026	FALSE	S:cds-YP_009724390.1	GCT	A	CCT	P	1026
NC_045512.2	24639	C	T	9722	5099	39	1	1	68	0.000102849	9723	0.500026	FALSE	S:cds-YP_009724390.1	GCT	A	GTT	V	1026
NC_045512.2	24640	T	C	9687	5095	39	1	1	24	0.00010321	9689	1	FALSE	S:cds-YP_009724390.1	GCT	A	GCC	A	1026
NC_045512.2	24640	T	A	9687	5095	39	1	1	34	0.00010321	9689	0.999026	FALSE	S:cds-YP_009724390.1	GCT	A	GCA	A	1026
NC_045512.2	24641	A	G	9861	5253	39	2	1	47	0.000202778	9863	0.250013	FALSE	S:cds-YP_009724390.1	ACT	T	GCT	A	1027
NC_045512.2	24643	T	C	10077	5477	39	1	1	34	9.9226e-05	10078	0.999513	FALSE	S:cds-YP_009724390.1	ACT	T	ACC	T	1027
NC_045512.2	24643	T	-A	10077	5477	39	1	0	20	9.9226e-05	10078	1	FALSE	NA	NA	NA	NA	NA	NA
NC_045512.2	24643	T	+A	10077	5477	39	1	0	20	9.9226e-05	10078	1	FALSE	NA	NA	NA	NA	NA	NA
NC_045512.2	24644	A	G	9955	5377	39	1	1	34	0.000100442	9956	0.999026	FALSE	S:cds-YP_009724390.1	AAA	K	GAA	E	1028
NC_045512.2	24646	A	T	10926	6633	40	1	1	26	9.15081e-05	10928	1	FALSE	S:cds-YP_009724390.1	AAA	K	AAT	N	1028
NC_045512.2	24646	A	C	10926	6633	40	1	1	34	9.15081e-05	10928	0.999513	FALSE	S:cds-YP_009724390.1	AAA	K	AAC	N	1028
NC_045512.2	24648	T	C	10641	6688	39	2	2	34	0.000187882	10645	0.996831	FALSE	S:cds-YP_009724390.1	ATG	M	ACG	T	1029
NC_045512.2	24648	T	A	10641	6688	39	2	2	30	0.000187882	10645	0.996831	FALSE	S:cds-YP_009724390.1	ATG	M	AAG	K	1029
NC_045512.2	24649	G	T	11083	7003	40	1	1	34	9.02201e-05	11084	0.999757	FALSE	S:cds-YP_009724390.1	ATG	M	ATT	I	1029
NC_045512.2	24652	A	T	10771	6963	40	1	0	24	9.2816e-05	10774	1	FALSE	S:cds-YP_009724390.1	TCA	S	TCT	S	1030
NC_045512.2	24652	A	G	10771	6963	40	2	1	34	0.000185632	10774	0.996833	FALSE	S:cds-YP_009724390.1	TCA	S	TCG	S	1030
NC_045512.2	24654	A	G	11431	7590	40	2	1	30	0.000174932	11433	0.998296	FALSE	S:cds-YP_009724390.1	GAG	E	GGG	G	1031
NC_045512.2	24656	T	C	11471	7502	40	1	1	34	8.71688e-05	11472	0.999757	FALSE	S:cds-YP_009724390.1	TGT	C	CGT	R	1032
NC_045512.2	24657	G	T	11785	7599	40	1	0	34	8.48392e-05	11787	0.999757	FALSE	S:cds-YP_009724390.1	TGT	C	TTT	F	1032
NC_045512.2	24657	G	A	11785	7599	40	1	1	34	8.48392e-05	11787	0.999757	FALSE	S:cds-YP_009724390.1	TGT	C	TAT	Y	1032
NC_045512.2	24659	G	T	11779	7526	40	1	0	34	8.48896e-05	11780	0.999757	FALSE	S:cds-YP_009724390.1	GTA	V	TTA	L	1033
NC_045512.2	24660	T	G	11915	7569	40	1	0	27	8.39137e-05	11917	1	FALSE	S:cds-YP_009724390.1	GTA	V	GGA	G	1033
NC_045512.2	24660	T	C	11915	7569	40	1	0	68	8.39137e-05	11917	0.5	FALSE	S:cds-YP_009724390.1	GTA	V	GCA	A	1033
NC_045512.2	24661	A	G	11912	7664	40	1	0	20	8.39349e-05	11914	1	FALSE	S:cds-YP_009724390.1	GTA	V	GTG	V	1033
NC_045512.2	24661	A	C	11912	7664	40	1	1	34	8.39349e-05	11914	0.999757	FALSE	S:cds-YP_009724390.1	GTA	V	GTC	V	1033
NC_045512.2	24662	C	T	11594	7975	39	1	0	34	8.62441e-05	11595	0.999757	FALSE	S:cds-YP_009724390.1	CTT	L	TTT	F	1034
NC_045512.2	24664	T	C	10431	6887	39	1	1	34	9.58497e-05	10433	0.999513	FALSE	S:cds-YP_009724390.1	CTT	L	CTC	L	1034
NC_045512.2	24664	T	A	10431	6887	39	1	0	34	9.58497e-05	10433	0.999513	FALSE	S:cds-YP_009724390.1	CTT	L	CTA	L	1034
NC_045512.2	24664	T	-G	10431	6887	39	1	0	20	9.58497e-05	10433	1	FALSE	NA	NA	NA	NA	NA	NA
NC_045512.2	24665	G	A	10977	7418	39	1	1	34	9.10913e-05	10978	0.999513	FALSE	S:cds-YP_009724390.1	GGA	G	AGA	R	1035
NC_045512.2	24667	A	G	11413	8011	40	3	2	34	0.000262789	11416	0.993546	FALSE	S:cds-YP_009724390.1	GGA	G	GGG	G	1035
NC_045512.2	24668	C	T	11414	8031	40	1	1	68	8.75887e-05	11417	0.499978	FALSE	S:cds-YP_009724390.1	CAA	Q	TAA	*	1036
NC_045512.2	24668	C	G	11414	8031	40	1	0	34	8.75887e-05	11417	0.999756	FALSE	S:cds-YP_009724390.1	CAA	Q	GAA	E	1036
NC_045512.2	24668	C	A	11414	8031	40	1	1	34	8.75887e-05	11417	0.999756	FALSE	S:cds-YP_009724390.1	CAA	Q	AAA	K	1036
NC_045512.2	24669	A	T	10821	7507	40	1	1	34	9.23873e-05	10824	0.999513	FALSE	S:cds-YP_009724390.1	CAA	Q	CTA	L	1036
NC_045512.2	24669	A	G	10821	7507	40	2	2	34	0.000184775	10824	0.996833	FALSE	S:cds-YP_009724390.1	CAA	Q	CGA	R	1036
NC_045512.2	24672	C	-A	11191	7790	40	1	0	20	8.93575e-05	11191	1	FALSE	NA	NA	NA	NA	NA	NA
NC_045512.2	24672	C	+A	11191	7790	40	1	0	20	8.93575e-05	11191	1	FALSE	NA	NA	NA	NA	NA	NA
NC_045512.2	24674	A	G	11131	8014	39	2	1	34	0.000179646	11133	0.998296	FALSE	S:cds-YP_009724390.1	AAA	K	GAA	E	1038
NC_045512.2	24675	A	C	11308	7994	40	1	1	34	8.84251e-05	11309	0.999757	FALSE	S:cds-YP_009724390.1	AAA	K	ACA	T	1038
NC_045512.2	24676	A	G	11115	7808	40	1	0	24	8.99604e-05	11116	1	FALSE	S:cds-YP_009724390.1	AAA	K	AAG	K	1038
NC_045512.2	24677	A	G	11217	8004	40	1	0	34	8.91345e-05	11219	0.999757	FALSE	S:cds-YP_009724390.1	AGA	R	GGA	G	1039
NC_045512.2	24677	A	C	11217	8004	40	1	1	34	8.91345e-05	11219	0.999757	FALSE	S:cds-YP_009724390.1	AGA	R	CGA	R	1039
NC_045512.2	24678	G	C	11168	8242	39	1	1	34	8.95335e-05	11169	0.999757	FALSE	S:cds-YP_009724390.1	AGA	R	ACA	T	1039
NC_045512.2	24679	A	G	10429	8068	38	2	0	30	0.000191736	10431	0.996835	FALSE	S:cds-YP_009724390.1	AGA	R	AGG	R	1039
NC_045512.2	24681	T	G	8119	5575	36	1	1	26	0.000123153	8120	1	FALSE	S:cds-YP_009724390.1	GTT	V	GGT	G	1040
NC_045512.2	24682	T	A	10323	7858	38	2	2	26	0.000193705	10325	1	FALSE	S:cds-YP_009724390.1	GTT	V	GTA	V	1040
NC_045512.2	24684	A	G	10994	8596	38	4	4	31	0.000363603	11001	0.982437	FALSE	S:cds-YP_009724390.1	GAT	D	GGT	G	1041
NC_045512.2	24684	A	C	10994	8596	38	3	3	34	0.000272702	11001	0.993535	FALSE	S:cds-YP_009724390.1	GAT	D	GCT	A	1041
NC_045512.2	24684	A	-T	10994	8596	38	1	0	20	9.09008e-05	11001	1	FALSE	NA	NA	NA	NA	NA	NA
NC_045512.2	24684	A	+T	10994	8596	38	2	0	20	0.000181802	11001	1	FALSE	NA	NA	NA	NA	NA	NA
NC_045512.2	24685	T	C	10600	8365	37	2	2	34	0.000188644	10602	0.996833	FALSE	S:cds-YP_009724390.1	GAT	D	GAC	D	1041
NC_045512.2	24688	T	C	11006	8619	38	4	4	32	0.000363306	11010	0.98246	FALSE	S:cds-YP_009724390.1	TTT	F	TTC	F	1042
NC_045512.2	24689	T	C	11008	8659	38	1	1	24	9.08348e-05	11009	1	FALSE	S:cds-YP_009724390.1	TGT	C	CGT	R	1043
NC_045512.2	24691	T	C	11061	8742	38	2	2	34	0.000180783	11063	0.998296	FALSE	S:cds-YP_009724390.1	TGT	C	TGC	C	1043
NC_045512.2	24693	G	-A	11614	9465	39	1	0	20	8.6103e-05	11614	1	FALSE	NA	NA	NA	NA	NA	NA
NC_045512.2	24694	A	G	11569	9538	39	1	1	34	8.64304e-05	11570	0.999757	FALSE	S:cds-YP_009724390.1	GGA	G	GGG	G	1044
NC_045512.2	24695	A	G	11452	9422	38	1	1	34	8.73134e-05	11453	0.999757	FALSE	S:cds-YP_009724390.1	AAG	K	GAG	E	1045
NC_045512.2	24696	A	-G	11526	9546	38	1	0	20	8.67604e-05	11526	1	FALSE	NA	NA	NA	NA	NA	NA
NC_045512.2	24698	G	T	11903	9841	39	1	1	34	8.39983e-05	11905	0.999757	FALSE	S:cds-YP_009724390.1	GGC	G	TGC	C	1046
NC_045512.2	24698	G	A	11903	9841	39	1	1	34	8.39983e-05	11905	0.999757	FALSE	S:cds-YP_009724390.1	GGC	G	AGC	S	1046
NC_045512.2	24699	G	C	11858	9901	38	1	1	34	8.4317e-05	11860	0.999757	FALSE	S:cds-YP_009724390.1	GGC	G	GCC	A	1046
NC_045512.2	24699	G	A	11858	9901	38	1	1	68	8.4317e-05	11860	0.5	FALSE	S:cds-YP_009724390.1	GGC	G	GAC	D	1046
NC_045512.2	24700	C	T	11831	9938	38	1	1	34	8.44951e-05	11835	0.999756	FALSE	S:cds-YP_009724390.1	GGC	G	GGT	G	1046
NC_045512.2	24700	C	G	11831	9938	38	1	0	34	8.44951e-05	11835	0.999756	FALSE	S:cds-YP_009724390.1	GGC	G	GGG	G	1046
NC_045512.2	24700	C	A	11831	9938	38	2	1	30	0.00016899	11835	0.998294	FALSE	S:cds-YP_009724390.1	GGC	G	GGA	G	1046
NC_045512.2	24701	T	C	11546	9598	38	2	2	30	0.00017319	11548	0.998296	FALSE	S:cds-YP_009724390.1	TAT	Y	CAT	H	1047
NC_045512.2	24702	A	G	11978	10077	38	1	0	34	8.34725e-05	11980	0.999757	FALSE	S:cds-YP_009724390.1	TAT	Y	TGT	C	1047
NC_045512.2	24702	A	C	11978	10077	38	1	1	26	8.34725e-05	11980	1	FALSE	S:cds-YP_009724390.1	TAT	Y	TCT	S	1047
NC_045512.2	24703	T	C	12149	10197	38	1	0	34	8.22978e-05	12151	0.999878	FALSE	S:cds-YP_009724390.1	TAT	Y	TAC	Y	1047
NC_045512.2	24703	T	A	12149	10197	38	1	1	34	8.22978e-05	12151	0.999878	FALSE	S:cds-YP_009724390.1	TAT	Y	TAA	*	1047
NC_045512.2	24706	T	C	11955	9950	38	1	1	34	8.364e-05	11956	0.999757	FALSE	S:cds-YP_009724390.1	CAT	H	CAC	H	1048
NC_045512.2	24708	T	C	12112	10200	38	1	1	68	8.25491e-05	12114	0.5	FALSE	S:cds-YP_009724390.1	CTT	L	CCT	P	1049
NC_045512.2	24708	T	A	12112	10200	38	1	1	34	8.25491e-05	12114	0.999878	FALSE	S:cds-YP_009724390.1	CTT	L	CAT	H	1049
NC_045512.2	24709	T	C	12068	10161	38	4	3	32	0.000331345	12072	0.98939	FALSE	S:cds-YP_009724390.1	CTT	L	CTC	L	1049
NC_045512.2	24710	A	C	12126	10217	38	1	1	26	8.24606e-05	12127	1	FALSE	S:cds-YP_009724390.1	ATG	M	CTG	L	1050
NC_045512.2	24711	T	C	11877	10014	38	1	1	34	8.41893e-05	11878	0.999757	FALSE	S:cds-YP_009724390.1	ATG	M	ACG	T	1050
NC_045512.2	24713	T	C	11688	9763	38	3	3	34	0.000256542	11694	0.993537	FALSE	S:cds-YP_009724390.1	TCC	S	CCC	P	1051
NC_045512.2	24713	T	A	11688	9763	38	3	3	34	0.000256542	11694	0.993537	FALSE	S:cds-YP_009724390.1	TCC	S	ACC	T	1051
NC_045512.2	24714	C	A	11850	10034	38	1	1	34	8.43811e-05	11851	0.999757	FALSE	S:cds-YP_009724390.1	TCC	S	TAC	Y	1051
NC_045512.2	24715	C	T	11654	9879	38	2	2	30	0.000171556	11658	0.998294	FALSE	S:cds-YP_009724390.1	TCC	S	TCT	S	1051
NC_045512.2	24715	C	A	11654	9879	38	2	2	26	0.000171556	11658	1	FALSE	S:cds-YP_009724390.1	TCC	S	TCA	S	1051
NC_045512.2	24716	T	G	11285	9509	38	1	1	26	8.85504e-05	11293	1	FALSE	S:cds-YP_009724390.1	TTC	F	GTC	V	1052
NC_045512.2	24716	T	C	11285	9509	38	5	5	32	0.000442752	11293	0.961616	FALSE	S:cds-YP_009724390.1	TTC	F	CTC	L	1052
NC_045512.2	24716	T	A	11285	9509	38	2	1	34	0.000177101	11293	0.998291	FALSE	S:cds-YP_009724390.1	TTC	F	ATC	I	1052
NC_045512.2	24717	T	C	11330	9553	38	1	1	34	8.82535e-05	11331	0.999757	FALSE	S:cds-YP_009724390.1	TTC	F	TCC	S	1052
NC_045512.2	24718	C	T	11357	9574	38	1	1	34	8.80437e-05	11358	0.999757	FALSE	S:cds-YP_009724390.1	TTC	F	TTT	F	1052
NC_045512.2	24720	C	A	11351	9625	39	2	2	34	0.000176165	11353	0.998296	FALSE	S:cds-YP_009724390.1	CCT	P	CAT	H	1053
NC_045512.2	24721	T	G	11222	9521	39	1	1	26	8.90869e-05	11225	1	FALSE	S:cds-YP_009724390.1	CCT	P	CCG	P	1053
NC_045512.2	24721	T	C	11222	9521	39	2	2	30	0.000178174	11225	0.998295	FALSE	S:cds-YP_009724390.1	CCT	P	CCC	P	1053
NC_045512.2	24722	C	A	11211	9492	39	1	1	34	8.91902e-05	11212	0.999757	FALSE	S:cds-YP_009724390.1	CAG	Q	AAG	K	1054
NC_045512.2	24723	A	C	11217	9432	39	1	1	34	8.91424e-05	11218	0.999757	FALSE	S:cds-YP_009724390.1	CAG	Q	CCG	P	1054
NC_045512.2	24725	T	C	11556	10001	39	1	1	26	8.65276e-05	11557	1	FALSE	S:cds-YP_009724390.1	TCA	S	CCA	P	1055
NC_045512.2	24727	A	G	11338	9814	39	1	1	34	8.81912e-05	11339	0.999757	FALSE	S:cds-YP_009724390.1	TCA	S	TCG	S	1055
NC_045512.2	24728	G	T	11271	9733	39	1	1	34	8.86918e-05	11275	0.999756	FALSE	S:cds-YP_009724390.1	GCA	A	TCA	S	1056
NC_045512.2	24728	G	A	11271	9733	39	3	2	45	0.000266075	11275	0.312483	FALSE	S:cds-YP_009724390.1	GCA	A	ACA	T	1056
NC_045512.2	24729	C	T	12069	10707	40	5	4	40	0.000414113	12074	0.109365	FALSE	S:cds-YP_009724390.1	GCA	A	GTA	V	1056
NC_045512.2	24730	A	G	11995	10636	40	2	2	34	0.000166694	11998	0.998295	FALSE	S:cds-YP_009724390.1	GCA	A	GCG	A	1056
NC_045512.2	24730	A	C	11995	10636	40	1	1	26	8.33472e-05	11998	1	FALSE	S:cds-YP_009724390.1	GCA	A	GCC	A	1056
NC_045512.2	24732	C	T	11766	10420	40	1	1	60	8.49834e-05	11767	0.500021	FALSE	S:cds-YP_009724390.1	CCT	P	CTT	L	1057
NC_045512.2	24733	T	C	11471	10137	40	3	3	45	0.000261461	11474	0.312516	FALSE	S:cds-YP_009724390.1	CCT	P	CCC	P	1057
NC_045512.2	24735	A	G	11344	10008	40	1	0	34	8.81446e-05	11345	0.999757	FALSE	S:cds-YP_009724390.1	CAT	H	CGT	R	1058
NC_045512.2	24736	T	C	11455	10128	40	2	2	34	0.000174566	11457	0.998296	FALSE	S:cds-YP_009724390.1	CAT	H	CAC	H	1058
NC_045512.2	24738	G	T	11342	10011	40	1	1	34	8.81601e-05	11343	0.999757	FALSE	S:cds-YP_009724390.1	GGT	G	GTT	V	1059
NC_045512.2	24739	T	C	11039	9739	40	1	1	60	9.05797e-05	11040	0.500023	FALSE	S:cds-YP_009724390.1	GGT	G	GGC	G	1059
NC_045512.2	24740	G	A	10622	9353	40	1	1	68	9.41354e-05	10623	0.500024	FALSE	S:cds-YP_009724390.1	GTA	V	ATA	I	1060
NC_045512.2	24741	T	C	10481	9219	40	1	1	34	9.54016e-05	10482	0.999513	FALSE	S:cds-YP_009724390.1	GTA	V	GCA	A	1060
NC_045512.2	24742	A	T	10216	8991	40	1	1	26	9.78569e-05	10219	1	FALSE	S:cds-YP_009724390.1	GTA	V	GTT	V	1060
NC_045512.2	24742	A	G	10216	8991	40	2	1	46	0.000195714	10219	0.5	FALSE	S:cds-YP_009724390.1	GTA	V	GTG	V	1060
NC_045512.2	24743	G	T	10296	9074	40	2	2	30	0.000194156	10301	0.99683	FALSE	S:cds-YP_009724390.1	GTC	V	TTC	F	1061
NC_045512.2	24743	G	C	10296	9074	40	3	3	28	0.000291234	10301	1	FALSE	S:cds-YP_009724390.1	GTC	V	CTC	L	1061
NC_045512.2	24744	T	C	9637	8433	39	2	2	26	0.00020749	9639	1	FALSE	S:cds-YP_009724390.1	GTC	V	GCC	A	1061
NC_045512.2	24745	C	T	10110	8905	40	1	0	68	9.88924e-05	10112	0.5	FALSE	S:cds-YP_009724390.1	GTC	V	GTT	V	1061
NC_045512.2	24745	C	A	10110	8905	40	1	1	34	9.88924e-05	10112	0.999513	FALSE	S:cds-YP_009724390.1	GTC	V	GTA	V	1061
NC_045512.2	24746	T	G	9828	8640	40	1	1	34	0.000101709	9832	0.999025	FALSE	S:cds-YP_009724390.1	TTC	F	GTC	V	1062
NC_045512.2	24746	T	C	9828	8640	40	2	2	34	0.000203417	9832	0.994149	FALSE	S:cds-YP_009724390.1	TTC	F	CTC	L	1062
NC_045512.2	24746	T	A	9828	8640	40	1	1	34	0.000101709	9832	0.999025	FALSE	S:cds-YP_009724390.1	TTC	F	ATC	I	1062
NC_045512.2	24751	G	T	8335	7317	40	1	1	34	0.000119962	8336	0.998052	FALSE	S:cds-YP_009724390.1	TTG	L	TTT	F	1063
NC_045512.2	24752	C	T	7720	6735	41	1	0	68	0.000129517	7721	0.500032	FALSE	S:cds-YP_009724390.1	CAT	H	TAT	Y	1064
NC_045512.2	24753	A	T	7613	6625	40	2	2	30	0.000262605	7616	0.980496	FALSE	S:cds-YP_009724390.1	CAT	H	CTT	L	1064
NC_045512.2	24753	A	G	7613	6625	40	1	0	27	0.000131303	7616	1	FALSE	S:cds-YP_009724390.1	CAT	H	CGT	R	1064
NC_045512.2	24754	T	C	7541	6599	41	2	2	34	0.000265146	7543	0.980506	FALSE	S:cds-YP_009724390.1	CAT	H	CAC	H	1064
NC_045512.2	24755	G	A	7540	6622	40	1	0	68	0.000132608	7541	0.500033	FALSE	S:cds-YP_009724390.1	GTG	V	ATG	M	1065
NC_045512.2	24757	G	A	7372	6567	39	1	1	34	0.00013563	7373	0.996103	FALSE	S:cds-YP_009724390.1	GTG	V	GTA	V	1065
NC_045512.2	24760	T	C	7258	6631	38	1	1	38	0.000137741	7260	0.996101	FALSE	S:cds-YP_009724390.1	ACT	T	ACC	T	1066
NC_045512.2	24760	T	A	7258	6631	38	1	1	26	0.000137741	7260	1	FALSE	S:cds-YP_009724390.1	ACT	T	ACA	T	1066
NC_045512.2	24761	T	C	6869	6240	37	1	1	34	0.000145539	6871	0.992199	FALSE	S:cds-YP_009724390.1	TAT	Y	CAT	H	1067
NC_045512.2	24761	T	A	6869	6240	37	1	1	34	0.000145539	6871	0.992199	FALSE	S:cds-YP_009724390.1	TAT	Y	AAT	N	1067
NC_045512.2	24762	A	T	7052	6427	38	4	4	30	0.000566813	7057	0.88681	FALSE	S:cds-YP_009724390.1	TAT	Y	TTT	F	1067
NC_045512.2	24762	A	G	7052	6427	38	1	1	34	0.000141703	7057	0.996095	FALSE	S:cds-YP_009724390.1	TAT	Y	TGT	C	1067
NC_045512.2	24763	T	A	6861	6237	38	2	2	26	0.000291418	6863	1	FALSE	S:cds-YP_009724390.1	TAT	Y	TAA	*	1067
NC_045512.2	24765	T	C	6754	6132	38	2	2	34	0.000296033	6756	0.9649	FALSE	S:cds-YP_009724390.1	GTC	V	GCC	A	1068
NC_045512.2	24766	C	T	6936	6316	38	1	1	34	0.000144155	6937	0.992203	FALSE	S:cds-YP_009724390.1	GTC	V	GTT	V	1068
NC_045512.2	24767	C	T	6332	5719	38	1	1	34	0.000157903	6333	0.992205	FALSE	S:cds-YP_009724390.1	CCT	P	TCT	S	1069
NC_045512.2	24768	C	A	6061	5520	38	1	1	26	0.000164962	6062	1	FALSE	S:cds-YP_009724390.1	CCT	P	CAT	H	1069
NC_045512.2	24770	G	A	5935	5394	38	1	1	34	0.000168464	5936	0.984403	FALSE	S:cds-YP_009724390.1	GCA	A	ACA	T	1070
NC_045512.2	24772	A	C	5894	5358	38	1	1	34	0.000169635	5895	0.984403	FALSE	S:cds-YP_009724390.1	GCA	A	GCC	A	1070
NC_045512.2	24773	C	T	5899	5366	38	1	1	34	0.000169463	5901	0.984395	FALSE	S:cds-YP_009724390.1	CAA	Q	TAA	*	1071
NC_045512.2	24773	C	A	5899	5366	38	1	1	34	0.000169463	5901	0.984395	FALSE	S:cds-YP_009724390.1	CAA	Q	AAA	K	1071
NC_045512.2	24774	A	G	5617	5089	38	1	1	34	0.000177999	5618	0.984404	FALSE	S:cds-YP_009724390.1	CAA	Q	CGA	R	1071
NC_045512.2	24775	A	G	5605	5075	38	1	1	34	0.000178348	5607	0.984396	FALSE	S:cds-YP_009724390.1	CAA	Q	CAG	Q	1071
NC_045512.2	24775	A	C	5605	5075	38	1	1	26	0.000178348	5607	1	FALSE	S:cds-YP_009724390.1	CAA	Q	CAC	H	1071
NC_045512.2	24777	A	T	6203	5095	37	1	0	26	0.000161186	6204	1	FALSE	S:cds-YP_009724390.1	GAA	E	GTA	V	1072
NC_045512.2	24778	A	G	6308	5089	38	1	1	34	0.000158504	6309	0.992205	FALSE	S:cds-YP_009724390.1	GAA	E	GAG	E	1072
NC_045512.2	24780	A	G	6206	5006	38	5	5	34	0.000805023	6211	0.725768	FALSE	S:cds-YP_009724390.1	AAG	K	AGG	R	1073
NC_045512.2	24783	A	G	6118	4917	38	1	0	34	0.000163425	6119	0.992205	FALSE	S:cds-YP_009724390.1	AAC	N	AGC	S	1074
NC_045512.2	24784	C	T	6269	4911	38	1	1	34	0.00015949	6270	0.992205	FALSE	S:cds-YP_009724390.1	AAC	N	AAT	N	1074
NC_045512.2	24785	T	C	5946	4602	38	1	1	26	0.000168152	5947	1	FALSE	S:cds-YP_009724390.1	TTC	F	CTC	L	1075
NC_045512.2	24786	T	C	5841	4501	38	5	5	34	0.000855139	5847	0.6231	FALSE	S:cds-YP_009724390.1	TTC	F	TCC	S	1075
NC_045512.2	24786	T	A	5841	4501	38	1	1	34	0.000171028	5847	0.984363	FALSE	S:cds-YP_009724390.1	TTC	F	TAC	Y	1075
NC_045512.2	24789	C	G	6003	4593	38	1	0	34	0.000166528	6005	0.992201	FALSE	S:cds-YP_009724390.1	ACA	T	AGA	R	1076
NC_045512.2	24789	C	A	6003	4593	38	1	1	34	0.000166528	6005	0.992201	FALSE	S:cds-YP_009724390.1	ACA	T	AAA	K	1076
NC_045512.2	24790	A	T	5779	4369	38	1	1	34	0.00017301	5780	0.984403	FALSE	S:cds-YP_009724390.1	ACA	T	ACT	T	1076
NC_045512.2	24791	A	C	5819	4414	38	1	1	34	0.000171821	5820	0.984403	FALSE	S:cds-YP_009724390.1	ACT	T	CCT	P	1077
NC_045512.2	24792	C	A	5817	4422	38	1	1	34	0.00017188	5818	0.984403	FALSE	S:cds-YP_009724390.1	ACT	T	AAT	N	1077
NC_045512.2	24793	T	C	4888	3532	38	1	0	68	0.000204541	4889	0.500051	FALSE	S:cds-YP_009724390.1	ACT	T	ACC	T	1077
NC_045512.2	24794	G	T	4904	3508	38	1	1	34	0.000203791	4907	0.968766	FALSE	S:cds-YP_009724390.1	GCT	A	TCT	S	1078
NC_045512.2	24794	G	C	4904	3508	38	2	2	34	0.000407581	4907	0.890697	FALSE	S:cds-YP_009724390.1	GCT	A	CCT	P	1078
NC_045512.2	24795	C	G	4876	3468	38	1	0	26	0.000205044	4877	1	FALSE	S:cds-YP_009724390.1	GCT	A	GGT	G	1078
NC_045512.2	24796	T	C	4705	3296	38	2	2	34	0.000424899	4707	0.890749	FALSE	S:cds-YP_009724390.1	GCT	A	GCC	A	1078
NC_045512.2	24799	T	C	4508	3207	37	1	1	34	0.000221779	4509	0.968802	FALSE	S:cds-YP_009724390.1	CCT	P	CCC	P	1079
NC_045512.2	24800	G	C	4564	3227	37	1	1	26	0.000219058	4565	1	FALSE	S:cds-YP_009724390.1	GCC	A	CCC	P	1080
NC_045512.2	24801	C	T	4555	3217	37	1	1	34	0.000219491	4556	0.968801	FALSE	S:cds-YP_009724390.1	GCC	A	GTC	V	1080
NC_045512.2	24804	T	C	3864	2601	36	1	1	34	0.000258732	3865	0.937581	FALSE	S:cds-YP_009724390.1	ATT	I	ACT	T	1081
NC_045512.2	24808	T	A	3952	2755	36	1	1	34	0.000252972	3953	0.937579	FALSE	S:cds-YP_009724390.1	TGT	C	TGA	*	1082
NC_045512.2	24810	A	G	3776	2600	36	1	1	38	0.00026476	3777	0.937583	FALSE	S:cds-YP_009724390.1	CAT	H	CGT	R	1083
NC_045512.2	24811	T	G	1118	91	36	1	0	34	0.000893655	1119	0.750335	FALSE	S:cds-YP_009724390.1	CAT	H	CAG	Q	1083
NC_045512.2	24813	A	G	1136	105	36	1	0	34	0.000879507	1137	0.75033	FALSE	S:cds-YP_009724390.1	GAT	D	GGT	G	1084
NC_045512.2	24835	T	G	1268	163	39	1	0	34	0.000788022	1269	0.750296	FALSE	S:cds-YP_009724390.1	CGT	R	CGG	R	1091
NC_045512.2	24846	T	C	1301	212	42	1	1	24	0.000768049	1302	0.999941	FALSE	S:cds-YP_009724390.1	TTT	F	TCT	S	1095
NC_045512.2	24847	T	G	1306	216	42	1	0	27	0.000765111	1307	0.999941	FALSE	S:cds-YP_009724390.1	TTT	F	TTG	L	1095
NC_045512.2	24850	T	G	1320	219	42	1	0	34	0.000757002	1321	0.750284	FALSE	S:cds-YP_009724390.1	GTT	V	GTG	V	1096
NC_045512.2	24851	T	G	1327	218	42	1	0	34	0.000753012	1328	0.750282	FALSE	S:cds-YP_009724390.1	TCA	S	GCA	A	1097
NC_045512.2	24853	A	G	1331	221	42	1	0	34	0.000750751	1332	0.750282	FALSE	S:cds-YP_009724390.1	TCA	S	TCG	S	1097
NC_045512.2	24856	T	A	1345	234	42	1	0	34	0.000742942	1346	0.750279	FALSE	S:cds-YP_009724390.1	AAT	N	AAA	K	1098
NC_045512.2	24862	A	G	1230	295	40	1	1	68	0.000812348	1231	0.500203	FALSE	S:cds-YP_009724390.1	ACA	T	ACG	T	1100
NC_045512.2	24867	G	T	1198	309	39	1	0	34	0.000834028	1199	0.750313	FALSE	S:cds-YP_009724390.1	TGG	W	TTG	L	1102
NC_045512.2	24881	A	C	1000	369	38	1	0	26	0.000999001	1001	0.999528	FALSE	S:cds-YP_009724390.1	AGG	R	CGG	R	1107
NC_045512.2	24884	A	G	1135	375	40	2	1	51	0.00175901	1137	0.25011	FALSE	S:cds-YP_009724390.1	AAT	N	GAT	D	1108
NC_045512.2	24889	T	G	1072	446	40	1	0	34	0.000931966	1073	0.75035	FALSE	S:cds-YP_009724390.1	TTT	F	TTG	L	1109
NC_045512.2	24900	A	G	1161	630	39	1	0	34	0.000860585	1162	0.750323	FALSE	S:cds-YP_009724390.1	CAA	Q	CGA	R	1113
NC_045512.2	24902	A	C	1104	619	38	1	1	27	0.000904977	1105	0.999764	FALSE	S:cds-YP_009724390.1	ATC	I	CTC	L	1114
NC_045512.2	24912	C	G	1241	666	39	1	0	34	0.000805153	1242	0.750302	FALSE	S:cds-YP_009724390.1	ACA	T	AGA	R	1117
NC_045512.2	24913	A	C	1213	629	39	1	1	34	0.000823723	1214	0.750309	FALSE	S:cds-YP_009724390.1	ACA	T	ACC	T	1117
NC_045512.2	24915	A	C	1219	636	40	1	1	27	0.000819672	1220	0.999882	FALSE	S:cds-YP_009724390.1	GAC	D	GCC	A	1118
NC_045512.2	24920	A	G	1201	616	39	1	0	34	0.000831947	1202	0.750312	FALSE	S:cds-YP_009724390.1	ACA	T	GCA	A	1120
NC_045512.2	24923	T	G	1100	541	37	1	1	27	0.000908265	1101	0.999764	FALSE	S:cds-YP_009724390.1	TTT	F	GTT	V	1121
NC_045512.2	24930	C	A	1184	617	39	1	1	26	0.000843882	1185	0.999764	FALSE	S:cds-YP_009724390.1	TCT	S	TAT	Y	1123
NC_045512.2	24942	A	G	1159	574	39	1	1	34	0.000862069	1160	0.750323	FALSE	S:cds-YP_009724390.1	GAT	D	GGT	G	1127
NC_045512.2	24948	T	G	1140	551	40	1	0	34	0.000876424	1141	0.750329	FALSE	S:cds-YP_009724390.1	GTA	V	GGA	G	1129
NC_045512.2	24955	A	G	1250	714	41	1	1	26	0.000799361	1251	0.999882	FALSE	S:cds-YP_009724390.1	GGA	G	GGG	G	1131
NC_045512.2	24969	C	T	1169	791	38	1	0	34	0.000854701	1170	0.750321	FALSE	S:cds-YP_009724390.1	ACA	T	ATA	I	1136
NC_045512.2	24975	A	G	1218	801	38	1	1	26	0.000820345	1219	0.999882	FALSE	S:cds-YP_009724390.1	TAT	Y	TGT	C	1138
NC_045512.2	24979	T	C	1220	804	38	1	1	34	0.000819001	1221	0.750307	FALSE	S:cds-YP_009724390.1	GAT	D	GAC	D	1139
NC_045512.2	24981	C	G	1147	746	38	1	0	26	0.00087108	1148	0.999764	FALSE	S:cds-YP_009724390.1	CCT	P	CGT	R	1140
NC_045512.2	24983	T	C	1129	725	39	1	1	34	0.000884956	1130	0.750332	FALSE	S:cds-YP_009724390.1	TTG	L	CTG	L	1141
NC_045512.2	24990	C	T	1127	723	39	1	1	34	0.000886525	1128	0.750333	FALSE	S:cds-YP_009724390.1	CCT	P	CTT	L	1143
NC_045512.2	24991	T	C	1013	629	39	3	3	34	0.00295276	1016	0.312685	FALSE	S:cds-YP_009724390.1	CCT	P	CCC	P	1143
NC_045512.2	25000	C	T	0	0	0	1138	791	40	1	1138	0	TRUE	S:cds-YP_009724390.1	GAC	D	GAT	D	1146
NC_045512.2	25012	G	C	1002	718	40	1	1	26	0.000997009	1003	0.999528	FALSE	S:cds-YP_009724390.1	GAG	E	GAC	D	1150
NC_045512.2	25017	T	C	1007	748	40	1	1	34	0.000992063	1008	0.750372	FALSE	S:cds-YP_009724390.1	TTA	L	TCA	S	1152
NC_045512.2	25023	A	C	957	725	39	1	1	34	0.00104384	958	0.500261	FALSE	S:cds-YP_009724390.1	AAA	K	ACA	T	1154
NC_045512.2	25036	T	A	1038	870	39	1	1	34	0.000962464	1039	0.750361	FALSE	S:cds-YP_009724390.1	AAT	N	AAA	K	1158
NC_045512.2	25039	T	A	1036	887	39	1	1	34	0.00096432	1037	0.750362	FALSE	S:cds-YP_009724390.1	CAT	H	CAA	Q	1159
NC_045512.2	25045	A	G	1045	901	39	1	0	26	0.000956023	1046	0.999527	FALSE	S:cds-YP_009724390.1	TCA	S	TCG	S	1161
NC_045512.2	25052	G	C	984	855	39	1	1	27	0.00101523	985	0.99905	FALSE	S:cds-YP_009724390.1	GTT	V	CTT	L	1164
NC_045512.2	25058	T	G	805	690	40	1	1	34	0.00124069	806	0.50031	FALSE	S:cds-YP_009724390.1	TTA	L	GTA	V	1166
NC_045512.2	25065	A	G	756	653	39	1	1	34	0.001321	757	0.50033	FALSE	S:cds-YP_009724390.1	GAC	D	GGC	G	1168
NC_045512.2	25068	T	C	586	487	37	1	1	34	0.00170068	588	0.5	FALSE	S:cds-YP_009724390.1	ATC	I	ACC	T	1169
NC_045512.2	25068	T	A	586	487	37	1	1	26	0.00170068	588	0.984574	FALSE	S:cds-YP_009724390.1	ATC	I	AAC	N	1169
NC_045512.2	25073	G	T	715	667	36	1	1	34	0.00139665	716	0.500349	FALSE	S:cds-YP_009724390.1	GGC	G	TGC	C	1171
NC_045512.2	25080	A	G	642	599	36	1	1	34	0.00155521	643	0.500389	FALSE	S:cds-YP_009724390.1	AAT	N	AGT	S	1173
NC_045512.2	25082	G	T	2303	662	34	104	1	33	0.0431894	2408	2.34012e-29	TRUE	S:cds-YP_009724390.1	GCT	A	TCT	S	1174
NC_045512.2	25082	G	A	2303	662	34	1	0	34	0.000415282	2408	0.866702	FALSE	S:cds-YP_009724390.1	GCT	A	ACT	T	1174
NC_045512.2	25088	G	T	3199	618	34	2	0	30	0.000624805	3201	0.812695	FALSE	S:cds-YP_009724390.1	GTT	V	TTT	F	1176
NC_045512.2	25096	C	G	3298	765	36	2	0	34	0.000606061	3300	0.812689	FALSE	S:cds-YP_009724390.1	AAC	N	AAG	K	1178
NC_045512.2	25098	T	G	3204	672	37	5	0	30	0.00155812	3209	0.363366	FALSE	S:cds-YP_009724390.1	ATT	I	AGT	S	1179
NC_045512.2	25099	T	G	3127	602	37	1	0	34	0.000319591	3129	0.93756	FALSE	S:cds-YP_009724390.1	ATT	I	ATG	M	1179
NC_045512.2	25099	T	C	3127	602	37	1	1	34	0.000319591	3129	0.93756	FALSE	S:cds-YP_009724390.1	ATT	I	ATC	I	1179
NC_045512.2	25100	C	A	3117	575	37	1	1	34	0.000320718	3118	0.9376	FALSE	S:cds-YP_009724390.1	CAA	Q	AAA	K	1180
NC_045512.2	25101	A	C	3039	619	36	1	0	26	0.000328947	3040	1	FALSE	S:cds-YP_009724390.1	CAA	Q	CCA	P	1180
NC_045512.2	25103	A	G	2831	621	36	1	0	34	0.000353107	2832	0.875132	FALSE	S:cds-YP_009724390.1	AAA	K	GAA	E	1181
NC_045512.2	25105	A	G	3120	585	37	1	0	34	0.00032041	3121	0.9376	FALSE	S:cds-YP_009724390.1	AAA	K	AAG	K	1181
NC_045512.2	25107	A	G	2955	622	35	1	0	34	0.000338295	2956	0.875127	FALSE	S:cds-YP_009724390.1	GAA	E	GGA	G	1182
NC_045512.2	25108	A	G	3294	626	37	1	0	34	0.00030349	3295	0.937595	FALSE	S:cds-YP_009724390.1	GAA	E	GAG	E	1182
NC_045512.2	25111	T	C	3215	643	37	1	0	34	0.000310945	3216	0.937597	FALSE	S:cds-YP_009724390.1	ATT	I	ATC	I	1183
NC_045512.2	25113	A	G	3237	662	37	1	0	34	0.000308833	3238	0.937597	FALSE	S:cds-YP_009724390.1	GAC	D	GGC	G	1184
NC_045512.2	25114	C	T	3298	667	38	1	0	34	0.000303122	3299	0.937595	FALSE	S:cds-YP_009724390.1	GAC	D	GAT	D	1184
NC_045512.2	25116	G	T	3395	615	37	2	0	34	0.000588755	3397	0.812684	FALSE	S:cds-YP_009724390.1	CGC	R	CTC	L	1185
NC_045512.2	25118	C	G	3747	677	38	5	0	30	0.00133262	3752	0.363354	FALSE	S:cds-YP_009724390.1	CTC	L	GTC	V	1186
NC_045512.2	25121	A	G	3643	393	38	2	0	51	0.000548697	3645	0.250034	FALSE	S:cds-YP_009724390.1	AAT	N	GAT	D	1187
NC_045512.2	25122	A	C	3600	397	37	1	0	34	0.000277701	3601	0.937587	FALSE	S:cds-YP_009724390.1	AAT	N	ACT	T	1187
NC_045512.2	25128	T	G	3745	476	39	1	0	34	0.000266951	3746	0.937583	FALSE	S:cds-YP_009724390.1	GTT	V	GGT	G	1189
NC_045512.2	25133	A	G	3729	482	39	2	0	34	0.000536049	3731	0.812668	FALSE	S:cds-YP_009724390.1	AAG	K	GAG	E	1191
NC_045512.2	25135	G	T	3879	480	39	1	0	26	0.000257732	3880	1	FALSE	S:cds-YP_009724390.1	AAG	K	AAT	N	1191
NC_045512.2	25136	A	G	2926	477	36	1	0	34	0.000341647	2927	0.875128	FALSE	S:cds-YP_009724390.1	AAT	N	GAT	D	1192
NC_045512.2	25137	A	T	3924	500	39	1	0	26	0.000254777	3925	1	FALSE	S:cds-YP_009724390.1	AAT	N	ATT	I	1192
NC_045512.2	25143	A	G	3709	509	38	1	0	34	0.000269542	3710	0.937584	FALSE	S:cds-YP_009724390.1	AAT	N	AGT	S	1194
NC_045512.2	25146	A	G	3946	527	39	1	0	26	0.000253357	3947	1	FALSE	S:cds-YP_009724390.1	GAA	E	GGA	G	1195
NC_045512.2	25147	A	G	4001	564	39	1	0	34	0.000249875	4002	0.968809	FALSE	S:cds-YP_009724390.1	GAA	E	GAG	E	1195
NC_045512.2	25150	T	G	4009	537	38	1	0	26	0.000249377	4010	1	FALSE	S:cds-YP_009724390.1	TCT	S	TCG	S	1196
NC_045512.2	25155	T	C	4118	627	40	1	0	34	0.000242777	4119	0.968807	FALSE	S:cds-YP_009724390.1	ATC	I	ACC	T	1198
NC_045512.2	25161	T	C	4187	644	40	1	0	34	0.000238777	4188	0.968806	FALSE	S:cds-YP_009724390.1	CTC	L	CCC	P	1200
NC_045512.2	25163	C	T	4234	740	41	1	0	34	0.000236128	4235	0.968805	FALSE	S:cds-YP_009724390.1	CAA	Q	TAA	*	1201
NC_045512.2	25165	A	G	4159	761	41	2	0	30	0.000480654	4161	0.890766	FALSE	S:cds-YP_009724390.1	CAA	Q	CAG	Q	1201
NC_045512.2	25171	T	C	3640	887	39	1	1	34	0.00027465	3641	0.937586	FALSE	S:cds-YP_009724390.1	CTT	L	CTC	L	1203
NC_045512.2	25173	G	A	3702	931	40	1	0	34	0.000270051	3703	0.937584	FALSE	S:cds-YP_009724390.1	GGA	G	GAA	E	1204
NC_045512.2	25177	G	T	3667	1067	39	1	0	26	0.000272554	3669	1	FALSE	S:cds-YP_009724390.1	AAG	K	AAT	N	1205
NC_045512.2	25177	G	C	3667	1067	39	1	0	34	0.000272554	3669	0.937551	FALSE	S:cds-YP_009724390.1	AAG	K	AAC	N	1205
NC_045512.2	25181	G	T	3652	1153	39	1	0	26	0.000273748	3653	1	FALSE	S:cds-YP_009724390.1	GAG	E	TAG	*	1207
NC_045512.2	25182	A	G	3538	1182	39	1	0	34	0.000282566	3539	0.937588	FALSE	S:cds-YP_009724390.1	GAG	E	GGG	G	1207
NC_045512.2	25184	C	A	3551	1212	39	2	2	26	0.000562905	3553	1	FALSE	S:cds-YP_009724390.1	CAG	Q	AAG	K	1208
NC_045512.2	25186	G	T	4197	1187	38	3	0	34	0.000714286	4200	0.773633	FALSE	S:cds-YP_009724390.1	CAG	Q	CAT	H	1208
NC_045512.2	25188	A	T	4296	1262	38	1	0	34	0.000232721	4297	0.968805	FALSE	S:cds-YP_009724390.1	TAT	Y	TTT	F	1209
NC_045512.2	25192	A	G	3884	1442	38	1	0	27	0.0002574	3885	1	FALSE	S:cds-YP_009724390.1	ATA	I	ATG	M	1210
NC_045512.2	25196	T	C	3668	1239	38	1	0	34	0.000272554	3669	0.937585	FALSE	S:cds-YP_009724390.1	TGG	W	CGG	R	1212
NC_045512.2	25199	C	T	3652	1246	38	2	1	30	0.000547196	3655	0.812586	FALSE	S:cds-YP_009724390.1	CCA	P	TCA	S	1213
NC_045512.2	25199	C	G	3652	1246	38	1	0	34	0.000273598	3655	0.937517	FALSE	S:cds-YP_009724390.1	CCA	P	GCA	A	1213
NC_045512.2	25205	T	C	3850	1308	38	1	0	34	0.000259673	3851	0.937581	FALSE	S:cds-YP_009724390.1	TAC	Y	CAC	H	1215
NC_045512.2	25211	T	C	3871	1387	38	1	1	68	0.000258264	3872	0.500065	FALSE	S:cds-YP_009724390.1	TGG	W	CGG	R	1217
NC_045512.2	25214	C	A	3883	1421	39	1	0	34	0.000257467	3884	0.93758	FALSE	S:cds-YP_009724390.1	CTA	L	ATA	I	1218
NC_045512.2	25215	T	C	3858	1409	39	1	1	34	0.000259134	3859	0.937581	FALSE	S:cds-YP_009724390.1	CTA	L	CCA	P	1218
NC_045512.2	25216	A	G	3808	1400	39	2	0	30	0.000524934	3810	0.812664	FALSE	S:cds-YP_009724390.1	CTA	L	CTG	L	1218
NC_045512.2	25218	G	-T	3773	1542	38	1	0	20	0.000265041	3773	1	FALSE	NA	NA	NA	NA	NA	NA
NC_045512.2	25219	T	G	3796	1611	38	1	0	34	0.000263366	3797	0.937549	FALSE	S:cds-YP_009724390.1	GGT	G	GGG	G	1219
NC_045512.2	25222	T	A	3674	1607	37	1	0	26	0.000272109	3675	1	FALSE	S:cds-YP_009724390.1	TTT	F	TTA	L	1220
NC_045512.2	25224	T	C	3724	1672	38	1	0	34	0.000268456	3725	0.937584	FALSE	S:cds-YP_009724390.1	ATA	I	ACA	T	1221
NC_045512.2	25230	G	A	3663	1592	38	1	1	34	0.000272926	3664	0.937585	FALSE	S:cds-YP_009724390.1	GGC	G	GAC	D	1223
NC_045512.2	25235	A	G	3665	1603	38	1	0	34	0.000272777	3666	0.937585	FALSE	S:cds-YP_009724390.1	ATT	I	GTT	V	1225
NC_045512.2	25237	T	C	3608	1623	38	2	0	34	0.000554017	3610	0.812673	FALSE	S:cds-YP_009724390.1	ATT	I	ATC	I	1225
NC_045512.2	25238	G	A	3595	1607	38	1	0	34	0.000278087	3596	0.937587	FALSE	S:cds-YP_009724390.1	GCC	A	ACC	T	1226
NC_045512.2	25239	C	T	3722	1650	38	2	0	34	0.000537057	3724	0.812668	FALSE	S:cds-YP_009724390.1	GCC	A	GTC	V	1226
NC_045512.2	25241	A	T	3722	1644	38	1	1	26	0.000268601	3723	1	FALSE	S:cds-YP_009724390.1	ATA	I	TTA	L	1227
NC_045512.2	25245	T	C	4187	2110	38	1	1	34	0.000238777	4188	0.968806	FALSE	S:cds-YP_009724390.1	GTA	V	GCA	A	1228
NC_045512.2	25247	A	C	4222	2131	39	1	1	26	0.000236798	4223	1	FALSE	S:cds-YP_009724390.1	ATG	M	CTG	L	1229
NC_045512.2	25250	G	T	4243	2246	39	1	0	34	0.000235627	4244	0.968805	FALSE	S:cds-YP_009724390.1	GTG	V	TTG	L	1230
NC_045512.2	25251	T	C	4234	2293	39	2	2	68	0.000472144	4236	0.25003	FALSE	S:cds-YP_009724390.1	GTG	V	GCG	A	1230
NC_045512.2	25253	A	G	4190	2273	39	2	1	47	0.000477099	4192	0.25003	FALSE	S:cds-YP_009724390.1	ACA	T	GCA	A	1231
NC_045512.2	25255	A	G	4332	2338	39	1	1	26	0.000230787	4333	1	FALSE	S:cds-YP_009724390.1	ACA	T	ACG	T	1231
NC_045512.2	25257	T	C	4439	2367	39	1	1	27	0.000225225	4440	1	FALSE	S:cds-YP_009724390.1	ATT	I	ACT	T	1232
NC_045512.2	25260	T	C	4484	2471	40	1	0	34	0.000222965	4485	0.968802	FALSE	S:cds-YP_009724390.1	ATG	M	ACG	T	1233
NC_045512.2	25263	T	C	4190	2304	39	1	1	34	0.000238607	4191	0.968806	FALSE	S:cds-YP_009724390.1	CTT	L	CCT	P	1234
NC_045512.2	25264	T	G	4606	2732	41	2	2	34	0.000433839	4610	0.89065	FALSE	S:cds-YP_009724390.1	CTT	L	CTG	L	1234
NC_045512.2	25264	T	C	4606	2732	41	2	0	51	0.000433839	4610	0.249919	FALSE	S:cds-YP_009724390.1	CTT	L	CTC	L	1234
NC_045512.2	25266	G	T	4620	2711	41	1	1	34	0.000216357	4622	0.968784	FALSE	S:cds-YP_009724390.1	TGC	C	TTC	F	1235
NC_045512.2	25266	G	A	4620	2711	41	1	0	34	0.000216357	4622	0.968784	FALSE	S:cds-YP_009724390.1	TGC	C	TAC	Y	1235
NC_045512.2	25267	C	T	4629	2739	40	1	0	34	0.000215983	4630	0.968801	FALSE	S:cds-YP_009724390.1	TGC	C	TGT	C	1235
NC_045512.2	25269	G	A	4633	2702	41	1	1	34	0.000215796	4634	0.968801	FALSE	S:cds-YP_009724390.1	TGT	C	TAT	Y	1236
NC_045512.2	25271	A	G	4653	2721	41	1	1	34	0.000214869	4654	0.9688	FALSE	S:cds-YP_009724390.1	ATG	M	GTG	V	1237
NC_045512.2	25274	A	G	4553	2717	40	1	0	34	0.000219587	4554	0.968801	FALSE	S:cds-YP_009724390.1	ACC	T	GCC	A	1238
NC_045512.2	25274	A	-C	4553	2717	40	1	0	20	0.000219587	4554	1	FALSE	NA	NA	NA	NA	NA	NA
NC_045512.2	25276	C	A	4553	2742	41	1	1	34	0.000219587	4554	0.968801	FALSE	S:cds-YP_009724390.1	ACC	T	ACA	T	1238
NC_045512.2	25278	G	T	4437	2685	40	1	0	26	0.000225276	4439	1	FALSE	S:cds-YP_009724390.1	AGT	S	ATT	I	1239
NC_045512.2	25278	G	C	4437	2685	40	1	1	34	0.000225276	4439	0.968785	FALSE	S:cds-YP_009724390.1	AGT	S	ACT	T	1239
NC_045512.2	25284	G	A	4590	2861	41	1	0	34	0.000217817	4591	0.968801	FALSE	S:cds-YP_009724390.1	TGT	C	TAT	Y	1241
NC_045512.2	25285	T	G	4586	2887	41	1	1	34	0.00021796	4588	0.968784	FALSE	S:cds-YP_009724390.1	TGT	C	TGG	W	1241
NC_045512.2	25285	T	C	4586	2887	41	1	0	68	0.00021796	4588	0.5	FALSE	S:cds-YP_009724390.1	TGT	C	TGC	C	1241
NC_045512.2	25289	T	C	4122	2995	38	1	1	34	0.000242542	4123	0.968807	FALSE	S:cds-YP_009724390.1	TGT	C	CGT	R	1243
NC_045512.2	25292	C	T	4212	3023	38	1	1	34	0.000237361	4213	0.968806	FALSE	S:cds-YP_009724390.1	CTC	L	TTC	F	1244
NC_045512.2	25296	A	T	4079	2910	38	1	1	27	0.000245098	4080	1	FALSE	S:cds-YP_009724390.1	AAG	K	ATG	M	1245
NC_045512.2	25300	C	T	4018	3001	37	2	1	30	0.000497512	4020	0.890771	FALSE	S:cds-YP_009724390.1	GGC	G	GGT	G	1246
NC_045512.2	25301	T	C	4069	2962	38	1	0	26	0.0002457	4070	1	FALSE	S:cds-YP_009724390.1	TGT	C	CGT	R	1247
NC_045512.2	25303	T	G	4163	3035	38	1	0	24	0.000240154	4164	1	FALSE	S:cds-YP_009724390.1	TGT	C	TGG	W	1247
NC_045512.2	25304	T	C	4154	3027	38	1	0	34	0.000240674	4155	0.968806	FALSE	S:cds-YP_009724390.1	TGT	C	CGT	R	1248
NC_045512.2	25309	T	C	4224	3115	38	1	1	68	0.000236686	4225	0.500059	FALSE	S:cds-YP_009724390.1	TCT	S	TCC	S	1249
NC_045512.2	25310	T	C	4250	3116	38	1	1	68	0.000235239	4251	0.500059	FALSE	S:cds-YP_009724390.1	TGT	C	CGT	R	1250
NC_045512.2	25314	G	C	4092	2979	38	3	3	31	0.000732601	4095	0.773638	FALSE	S:cds-YP_009724390.1	GGA	G	GCA	A	1251
NC_045512.2	25319	T	C	3772	2810	37	2	2	34	0.000529942	3774	0.812666	FALSE	S:cds-YP_009724390.1	TGC	C	CGC	R	1253
NC_045512.2	25323	G	A	3964	3024	38	1	1	34	0.000252207	3965	0.937579	FALSE	S:cds-YP_009724390.1	TGC	C	TAC	Y	1254
NC_045512.2	25325	A	G	3927	3002	38	7	5	38	0.00177936	3934	0.171823	FALSE	S:cds-YP_009724390.1	AAA	K	GAA	E	1255
NC_045512.2	25326	A	G	3948	3008	38	1	0	34	0.000253229	3949	0.937579	FALSE	S:cds-YP_009724390.1	AAA	K	AGA	R	1255
NC_045512.2	25327	A	G	3877	2974	38	1	0	34	0.000257865	3878	0.937581	FALSE	S:cds-YP_009724390.1	AAA	K	AAG	K	1255
NC_045512.2	25329	T	C	3935	3044	38	1	1	34	0.000254065	3936	0.937579	FALSE	S:cds-YP_009724390.1	TTT	F	TCT	S	1256
NC_045512.2	25332	A	C	4023	3161	38	3	3	31	0.000745156	4026	0.773641	FALSE	S:cds-YP_009724390.1	GAT	D	GCT	A	1257
NC_045512.2	25333	T	A	3995	3146	38	1	1	34	0.00025025	3996	0.937578	FALSE	S:cds-YP_009724390.1	GAT	D	GAA	E	1257
NC_045512.2	25334	G	T	4082	3230	38	1	1	34	0.000244918	4083	0.968807	FALSE	S:cds-YP_009724390.1	GAA	E	TAA	*	1258
NC_045512.2	25336	A	G	4138	3306	38	1	1	24	0.000241604	4139	1	FALSE	S:cds-YP_009724390.1	GAA	E	GAG	E	1258
NC_045512.2	25337	G	T	4262	3437	39	1	0	60	0.000234577	4263	0.500059	FALSE	S:cds-YP_009724390.1	GAC	D	TAC	Y	1259
NC_045512.2	25342	C	A	4333	3681	38	1	1	26	0.000230734	4334	1	FALSE	S:cds-YP_009724390.1	GAC	D	GAA	E	1260
NC_045512.2	25343	T	C	4056	3404	37	1	1	34	0.000246488	4057	0.968808	FALSE	S:cds-YP_009724390.1	TCT	S	CCT	P	1261
NC_045512.2	25346	G	T	3650	3030	38	2	2	68	0.000547645	3652	0.250034	FALSE	S:cds-YP_009724390.1	GAG	E	TAG	*	1262
NC_045512.2	25349	C	A	3681	3077	38	2	2	34	0.000543036	3683	0.81267	FALSE	S:cds-YP_009724390.1	CCA	P	ACA	T	1263
NC_045512.2	25350	C	T	3487	2890	39	1	1	60	0.000286697	3488	0.500072	FALSE	S:cds-YP_009724390.1	CCA	P	CTA	L	1263
NC_045512.2	25351	A	G	3278	2683	39	1	1	34	0.000304971	3279	0.937595	FALSE	S:cds-YP_009724390.1	CCA	P	CCG	P	1263
NC_045512.2	25353	T	C	3601	3115	40	1	0	68	0.000277624	3602	0.500069	FALSE	S:cds-YP_009724390.1	GTG	V	GCG	A	1264
NC_045512.2	25356	T	C	3562	3168	39	1	1	34	0.000280662	3563	0.937588	FALSE	S:cds-YP_009724390.1	CTC	L	CCC	P	1265
NC_045512.2	25366	C	T	3073	2502	38	1	1	34	0.000325309	3074	0.937602	FALSE	S:cds-YP_009724390.1	GTC	V	GTT	V	1268
NC_045512.2	25367	A	T	2999	2427	38	1	1	26	0.000333333	3000	1	FALSE	S:cds-YP_009724390.1	AAA	K	TAA	*	1269
NC_045512.2	25368	A	C	2979	2421	37	1	1	34	0.00033557	2980	0.875126	FALSE	S:cds-YP_009724390.1	AAA	K	ACA	T	1269
NC_045512.2	25371	T	C	3040	2513	38	1	0	34	0.000328839	3041	0.937603	FALSE	S:cds-YP_009724390.1	TTA	L	TCA	S	1270
NC_045512.2	25377	A	T	2899	2366	37	1	1	26	0.00034459	2902	1	FALSE	S:cds-YP_009724390.1	TAC	Y	TTC	F	1272
NC_045512.2	25377	A	G	2899	2366	37	1	1	34	0.00034459	2902	0.875	FALSE	S:cds-YP_009724390.1	TAC	Y	TGC	C	1272
NC_045512.2	25377	A	C	2899	2366	37	1	1	34	0.00034459	2902	0.875	FALSE	S:cds-YP_009724390.1	TAC	Y	TCC	S	1272
NC_045512.2	25380	C	A	2864	2350	37	1	1	26	0.00034904	2865	1	FALSE	S:cds-YP_009724390.1	ACA	T	AAA	K	1273
NC_045512.2	25384	A	G	2647	2166	36	1	1	34	0.000377644	2648	0.875142	FALSE	S:cds-YP_009724390.1	TAA	*	TAG	*	1274
NC_045512.2	25385	A	G	2463	2181	35	1	1	34	0.000405844	2464	0.875152	FALSE	NA	NA	NA	NA	NA	NA
NC_045512.2	25388	A	G	2508	2026	36	1	1	34	0.000398565	2509	0.875149	FALSE	NA	NA	NA	NA	NA	NA
NC_045512.2	25397	A	C	2426	1981	35	1	1	34	0.000412031	2427	0.875155	FALSE	ORF3a:cds-YP_009724391.1	GAT	D	GCT	A	2
NC_045512.2	25402	T	G	1388	983	32	1	1	34	0.000719942	1389	0.75027	FALSE	ORF3a:cds-YP_009724391.1	TTT	F	GTT	V	4
NC_045512.2	25405	A	C	2255	1852	35	1	1	26	0.000443262	2256	1	FALSE	ORF3a:cds-YP_009724391.1	ATG	M	CTG	L	5
NC_045512.2	25408	A	C	2266	1889	34	1	1	34	0.000441112	2267	0.875165	FALSE	ORF3a:cds-YP_009724391.1	AGA	R	CGA	R	6
NC_045512.2	25411	A	C	2042	1687	34	1	1	34	0.000489476	2043	0.875184	FALSE	ORF3a:cds-YP_009724391.1	ATC	I	CTC	L	7
NC_045512.2	25412	T	C	1927	1573	33	1	1	34	0.000518672	1928	0.750195	FALSE	ORF3a:cds-YP_009724391.1	ATC	I	ACC	T	7
NC_045512.2	25413	C	T	2059	1698	34	1	1	26	0.000485437	2060	1	FALSE	ORF3a:cds-YP_009724391.1	ATC	I	ATT	I	7
NC_045512.2	25415	T	A	2041	1683	34	1	0	26	0.000489716	2042	1	FALSE	ORF3a:cds-YP_009724391.1	TTC	F	TAC	Y	8
NC_045512.2	25416	C	T	0	0	0	2036	1684	34	1	2036	0	TRUE	ORF3a:cds-YP_009724391.1	TTC	F	TTT	F	8
NC_045512.2	25422	T	C	1815	1452	34	3	2	28	0.00165017	1818	0.999894	FALSE	ORF3a:cds-YP_009724391.1	ATT	I	ATC	I	10
NC_045512.2	25423	G	C	1836	1472	34	1	1	34	0.000544366	1837	0.750204	FALSE	ORF3a:cds-YP_009724391.1	GGA	G	CGA	R	11
NC_045512.2	25428	T	G	1593	1229	34	1	1	34	0.000627353	1594	0.750235	FALSE	ORF3a:cds-YP_009724391.1	ACT	T	ACG	T	12
NC_045512.2	25433	C	T	1568	1192	34	9	9	33	0.00570704	1577	0.0106725	FALSE	ORF3a:cds-YP_009724391.1	ACT	T	ATT	I	14
NC_045512.2	25479	T	C	344	125	38	1	0	34	0.00289855	345	0.500726	FALSE	ORF3a:cds-YP_009724391.1	GTT	V	GTC	V	29
NC_045512.2	25489	G	A	368	133	37	1	0	34	0.00271003	369	0.500678	FALSE	ORF3a:cds-YP_009724391.1	GCA	A	ACA	T	33
NC_045512.2	25514	T	C	328	92	36	1	0	34	0.00303951	329	0.500761	FALSE	ORF3a:cds-YP_009724391.1	CTC	L	CCC	P	41
NC_045512.2	25521	C	T	409	185	39	1	1	34	0.00243902	410	0.500611	FALSE	ORF3a:cds-YP_009724391.1	TTC	F	TTT	F	43
NC_045512.2	25529	T	C	425	198	39	1	1	24	0.00234742	426	0.969299	FALSE	ORF3a:cds-YP_009724391.1	CTT	L	CCT	P	46
NC_045512.2	25533	T	C	440	198	39	2	2	68	0.00452489	442	0.250283	FALSE	ORF3a:cds-YP_009724391.1	ATT	I	ATC	I	47
NC_045512.2	25534	G	A	445	204	39	1	0	34	0.00224215	446	0.500561	FALSE	ORF3a:cds-YP_009724391.1	GTT	V	ATT	I	48
NC_045512.2	25542	T	C	428	185	40	2	0	34	0.00465116	430	0.250291	FALSE	ORF3a:cds-YP_009724391.1	GTT	V	GTC	V	50
NC_045512.2	25573	A	G	429	236	39	1	1	34	0.00232558	430	0.500582	FALSE	ORF3a:cds-YP_009724391.1	AAA	K	GAA	E	61
NC_045512.2	25584	C	T	0	0	0	391	214	37	0.997449	392	1.37831e-234	TRUE	ORF3a:cds-YP_009724391.1	ACC	T	ACT	T	64
NC_045512.2	25584	C	A	0	0	0	1	1	34	0.00255102	392	0.00255102	TRUE	ORF3a:cds-YP_009724391.1	ACC	T	ACA	T	64
NC_045512.2	25589	A	C	424	249	39	1	1	26	0.00235294	425	0.9693	FALSE	ORF3a:cds-YP_009724391.1	AAA	K	ACA	T	66
NC_045512.2	25597	T	A	455	293	39	2	2	34	0.00437637	457	0.250274	FALSE	ORF3a:cds-YP_009724391.1	TGG	W	AGG	R	69
NC_045512.2	25602	A	G	463	319	38	1	1	34	0.00215517	464	0.500539	FALSE	ORF3a:cds-YP_009724391.1	CAA	Q	CAG	Q	70
NC_045512.2	25604	T	C	452	313	38	1	0	68	0.00220751	453	0.500552	FALSE	ORF3a:cds-YP_009724391.1	CTA	L	CCA	P	71
NC_045512.2	25649	T	C	412	344	38	1	1	34	0.00242131	413	0.500606	FALSE	ORF3a:cds-YP_009724391.1	TTG	L	TCG	S	86
NC_045512.2	25668	A	G	335	280	38	2	1	51	0.00593472	337	0.250371	FALSE	ORF3a:cds-YP_009724391.1	TCA	S	TCG	S	92
NC_045512.2	25672	C	-T	338	282	38	1	0	20	0.00295858	338	0.938788	FALSE	NA	NA	NA	NA	NA	NA
NC_045512.2	25688	C	T	1023	270	35	1	0	34	0.000974659	1026	0.749878	FALSE	ORF3a:cds-YP_009724391.1	GCT	A	GTT	V	99
NC_045512.2	25688	C	G	1023	270	35	1	0	34	0.000974659	1026	0.749878	FALSE	ORF3a:cds-YP_009724391.1	GCT	A	GGT	G	99
NC_045512.2	25688	C	A	1023	270	35	1	0	34	0.000974659	1026	0.749878	FALSE	ORF3a:cds-YP_009724391.1	GCT	A	GAT	D	99
NC_045512.2	25689	T	C	1027	269	35	1	1	34	0.000972763	1028	0.750365	FALSE	ORF3a:cds-YP_009724391.1	GCT	A	GCC	A	99
NC_045512.2	25699	G	+C	1053	236	35	1	0	20	0.000949668	1053	0.999529	FALSE	NA	NA	NA	NA	NA	NA
NC_045512.2	25703	C	-T	1062	215	35	1	0	20	0.00094162	1062	0.999529	FALSE	NA	NA	NA	NA	NA	NA
NC_045512.2	25704	T	C	1003	214	34	1	0	34	0.000996016	1004	0.750125	FALSE	ORF3a:cds-YP_009724391.1	CCT	P	CCC	P	104
NC_045512.2	25723	T	C	979	59	36	1	0	26	0.00102041	980	0.999051	FALSE	ORF3a:cds-YP_009724391.1	TTA	L	CTA	L	111
NC_045512.2	25728	C	T	1055	64	35	1	0	34	0.00094697	1056	0.750355	FALSE	ORF3a:cds-YP_009724391.1	GTC	V	GTT	V	112
NC_045512.2	25732	T	G	1098	71	35	1	0	27	0.000909918	1099	0.999526	FALSE	ORF3a:cds-YP_009724391.1	TTC	F	GTC	V	114
NC_045512.2	25746	A	G	1398	78	35	1	0	34	0.000714796	1399	0.750268	FALSE	ORF3a:cds-YP_009724391.1	ATA	I	ATG	M	118
NC_045512.2	25747	A	C	1404	77	35	1	1	34	0.000711744	1405	0.750267	FALSE	ORF3a:cds-YP_009724391.1	AAC	N	CAC	H	119
NC_045512.2	25751	T	C	1393	96	36	1	0	34	0.00071736	1394	0.750269	FALSE	ORF3a:cds-YP_009724391.1	TTT	F	TCT	S	120
NC_045512.2	25752	T	C	1423	93	36	1	0	34	0.000702247	1424	0.750263	FALSE	ORF3a:cds-YP_009724391.1	TTT	F	TTC	F	120
NC_045512.2	25757	G	T	1533	98	36	1	0	34	0.00065189	1534	0.750245	FALSE	ORF3a:cds-YP_009724391.1	AGA	R	ATA	I	122
NC_045512.2	25760	T	G	1383	112	36	2	0	34	0.00144404	1385	0.500271	FALSE	ORF3a:cds-YP_009724391.1	ATA	I	AGA	R	123
NC_045512.2	25762	A	G	1333	122	36	1	0	34	0.000749625	1334	0.750281	FALSE	ORF3a:cds-YP_009724391.1	ATA	I	GTA	V	124
NC_045512.2	25766	T	C	1218	132	36	1	1	34	0.000820345	1219	0.750308	FALSE	ORF3a:cds-YP_009724391.1	ATG	M	ACG	T	125
NC_045512.2	25770	G	A	1211	215	37	1	0	34	0.000825083	1212	0.75031	FALSE	ORF3a:cds-YP_009724391.1	AGG	R	AGA	R	126
NC_045512.2	25772	T	G	1136	239	37	1	0	34	0.000879507	1137	0.75033	FALSE	ORF3a:cds-YP_009724391.1	CTT	L	CGT	R	127
NC_045512.2	25787	A	G	1162	368	38	1	0	34	0.000859845	1163	0.750323	FALSE	ORF3a:cds-YP_009724391.1	AAA	K	AGA	R	132
NC_045512.2	25791	C	T	1155	372	38	1	0	60	0.000865052	1156	0.500216	FALSE	ORF3a:cds-YP_009724391.1	TGC	C	TGT	C	133
NC_045512.2	25797	C	-A	1181	379	38	1	0	20	0.00084674	1181	0.999765	FALSE	NA	NA	NA	NA	NA	NA
NC_045512.2	25806	A	-T	1146	395	38	1	0	20	0.0008726	1146	0.999765	FALSE	NA	NA	NA	NA	NA	NA
NC_045512.2	25816	G	T	1165	414	38	1	0	34	0.000857633	1166	0.750322	FALSE	ORF3a:cds-YP_009724391.1	GAT	D	TAT	Y	142
NC_045512.2	25831	C	A	1077	461	38	1	0	26	0.000927644	1078	0.999527	FALSE	ORF3a:cds-YP_009724391.1	CTT	L	ATT	I	147
NC_045512.2	25832	T	C	1066	446	38	1	1	34	0.000937207	1067	0.750352	FALSE	ORF3a:cds-YP_009724391.1	CTT	L	CCT	P	147
NC_045512.2	25837	T	C	1059	449	38	1	1	34	0.000943396	1060	0.750354	FALSE	ORF3a:cds-YP_009724391.1	TGG	W	CGG	R	149
NC_045512.2	25841	A	T	990	480	37	1	0	68	0.00100806	992	0.5	FALSE	ORF3a:cds-YP_009724391.1	CAT	H	CTT	L	150
NC_045512.2	25841	A	G	990	480	37	1	1	34	0.00100806	992	0.5	FALSE	ORF3a:cds-YP_009724391.1	CAT	H	CGT	R	150
NC_045512.2	25853	A	T	1026	632	37	1	1	26	0.00097371	1027	0.999527	FALSE	ORF3a:cds-YP_009724391.1	TAC	Y	TTC	F	154
NC_045512.2	25860	T	C	1106	676	36	1	1	34	0.000903342	1107	0.750339	FALSE	ORF3a:cds-YP_009724391.1	TAT	Y	TAC	Y	156
NC_045512.2	25863	T	C	1116	678	36	2	2	30	0.00178891	1118	0.500336	FALSE	ORF3a:cds-YP_009724391.1	TGT	C	TGC	C	157
NC_045512.2	25879	G	C	1009	444	36	1	1	34	0.000990099	1010	0.750371	FALSE	ORF3a:cds-YP_009724391.1	GTA	V	CTA	L	163
NC_045512.2	25894	G	C	1350	840	37	1	1	34	0.000740192	1351	0.750278	FALSE	ORF3a:cds-YP_009724391.1	GTC	V	CTC	L	168
NC_045512.2	25897	A	G	1327	850	37	1	0	26	0.000753012	1328	0.999941	FALSE	ORF3a:cds-YP_009724391.1	ATT	I	GTT	V	169
NC_045512.2	25899	T	C	1387	903	38	1	0	34	0.000719942	1389	0.75009	FALSE	ORF3a:cds-YP_009724391.1	ATT	I	ATC	I	169
NC_045512.2	25899	T	A	1387	903	38	1	1	26	0.000719942	1389	0.999941	FALSE	ORF3a:cds-YP_009724391.1	ATT	I	ATA	I	169
NC_045512.2	25902	T	G	1413	924	38	1	0	24	0.000707214	1414	0.999971	FALSE	ORF3a:cds-YP_009724391.1	ACT	T	ACG	T	170
NC_045512.2	25905	A	G	1409	925	38	1	1	34	0.00070922	1410	0.750266	FALSE	ORF3a:cds-YP_009724391.1	TCA	S	TCG	S	171
NC_045512.2	25910	A	G	1461	1046	39	1	1	34	0.000683995	1462	0.750257	FALSE	ORF3a:cds-YP_009724391.1	GAT	D	GGT	G	173
NC_045512.2	25915	A	C	1465	1037	38	1	1	34	0.000682128	1466	0.750256	FALSE	ORF3a:cds-YP_009724391.1	ACA	T	CCA	P	175
NC_045512.2	25919	C	T	1536	1111	39	1	1	34	0.000650618	1537	0.750244	FALSE	ORF3a:cds-YP_009724391.1	ACA	T	ATA	I	176
NC_045512.2	25925	C	T	1531	1120	39	1	1	34	0.00065189	1534	0.749918	FALSE	ORF3a:cds-YP_009724391.1	CCT	P	CTT	L	178
NC_045512.2	25925	C	A	1531	1120	39	2	2	34	0.00130378	1534	0.5	FALSE	ORF3a:cds-YP_009724391.1	CCT	P	CAT	H	178
NC_045512.2	25927	A	G	1526	1119	39	1	1	68	0.000654879	1527	0.500164	FALSE	ORF3a:cds-YP_009724391.1	ATT	I	GTT	V	179
NC_045512.2	25929	T	C	1536	1127	40	2	2	30	0.00130039	1538	0.500244	FALSE	ORF3a:cds-YP_009724391.1	ATT	I	ATC	I	179
NC_045512.2	25930	T	C	1559	1158	40	1	1	34	0.000641026	1560	0.75024	FALSE	ORF3a:cds-YP_009724391.1	TCT	S	CCT	P	180
NC_045512.2	25932	T	C	1517	1144	40	1	1	68	0.000658762	1518	0.500165	FALSE	ORF3a:cds-YP_009724391.1	TCT	S	TCC	S	180
NC_045512.2	25937	A	T	1632	1281	41	1	0	34	0.00061237	1633	0.75023	FALSE	ORF3a:cds-YP_009724391.1	CAT	H	CTT	L	182
NC_045512.2	25943	A	G	1815	1529	42	1	1	68	0.000550661	1816	0.500138	FALSE	ORF3a:cds-YP_009724391.1	TAC	Y	TGC	C	184
NC_045512.2	25945	C	T	1817	1538	42	1	1	34	0.000550055	1818	0.750206	FALSE	ORF3a:cds-YP_009724391.1	CAG	Q	TAG	*	185
NC_045512.2	25946	A	T	1703	1428	42	1	1	34	0.000586854	1704	0.75022	FALSE	ORF3a:cds-YP_009724391.1	CAG	Q	CTG	L	185
NC_045512.2	25950	T	A	1635	1365	42	1	1	34	0.000611247	1636	0.750229	FALSE	ORF3a:cds-YP_009724391.1	ATT	I	ATA	I	186
NC_045512.2	25963	G	A	1573	1394	40	1	1	34	0.000635324	1574	0.750238	FALSE	ORF3a:cds-YP_009724391.1	GAA	E	AAA	K	191
NC_045512.2	25970	G	A	1540	1432	37	1	1	24	0.000648929	1541	0.999985	FALSE	ORF3a:cds-YP_009724391.1	TGG	W	TAG	*	193
NC_045512.2	25974	A	G	1524	1420	37	1	0	68	0.000655738	1525	0.500164	FALSE	ORF3a:cds-YP_009724391.1	GAA	E	GAG	E	194
NC_045512.2	25983	A	G	1509	1416	36	1	1	34	0.000662252	1510	0.750248	FALSE	ORF3a:cds-YP_009724391.1	GTA	V	GTG	V	197
NC_045512.2	25986	A	G	3135	1563	35	1	1	34	0.000318878	3136	0.9376	FALSE	ORF3a:cds-YP_009724391.1	AAA	K	AAG	K	198
NC_045512.2	25989	C	A	3165	1533	35	1	1	34	0.000315856	3166	0.937599	FALSE	ORF3a:cds-YP_009724391.1	GAC	D	GAA	E	199
NC_045512.2	25990	T	C	2749	1132	35	2	1	34	0.000726744	2752	0.687568	FALSE	ORF3a:cds-YP_009724391.1	TGT	C	CGT	R	200
NC_045512.2	25990	T	A	2749	1132	35	1	1	34	0.000363372	2752	0.875	FALSE	ORF3a:cds-YP_009724391.1	TGT	C	AGT	S	200
NC_045512.2	25991	G	T	3482	1150	35	3	0	34	0.000859845	3489	0.655914	FALSE	ORF3a:cds-YP_009724391.1	TGT	C	TTT	F	200
NC_045512.2	25991	G	C	3482	1150	35	4	4	32	0.00114646	3489	0.499686	FALSE	ORF3a:cds-YP_009724391.1	TGT	C	TCT	S	200
NC_045512.2	25994	T	C	3633	1146	35	1	0	34	0.000275179	3634	0.937586	FALSE	ORF3a:cds-YP_009724391.1	GTT	V	GCT	A	201
NC_045512.2	25996	G	T	4560	1161	35	1	0	34	0.00021925	4561	0.968801	FALSE	ORF3a:cds-YP_009724391.1	GTA	V	TTA	L	202
NC_045512.2	25997	T	C	4394	1005	34	1	0	34	0.000227531	4395	0.968803	FALSE	ORF3a:cds-YP_009724391.1	GTA	V	GCA	A	202
NC_045512.2	25999	T	G	4740	1148	35	1	0	26	0.000210926	4741	1	FALSE	ORF3a:cds-YP_009724391.1	TTA	L	GTA	V	203
NC_045512.2	26003	A	G	4682	1093	35	2	0	34	0.000426985	4684	0.89075	FALSE	ORF3a:cds-YP_009724391.1	CAC	H	CGC	R	204
NC_045512.2	26004	C	G	5069	1098	35	9	0	34	0.00177165	5080	0.211704	FALSE	ORF3a:cds-YP_009724391.1	CAC	H	CAG	Q	204
NC_045512.2	26004	C	A	5069	1098	35	2	0	34	0.000393701	5080	0.937306	FALSE	ORF3a:cds-YP_009724391.1	CAC	H	CAA	Q	204
NC_045512.2	26005	A	G	4962	986	35	5	0	34	0.00100664	4967	0.500124	FALSE	ORF3a:cds-YP_009724391.1	AGT	S	GGT	G	205
NC_045512.2	26006	G	T	9095	1038	34	10	0	29	0.00109794	9108	1	FALSE	ORF3a:cds-YP_009724391.1	AGT	S	ATT	I	205
NC_045512.2	26006	G	A	9095	1038	34	3	0	34	0.000329381	9108	0.980664	FALSE	ORF3a:cds-YP_009724391.1	AGT	S	AAT	N	205
NC_045512.2	26006	G	-T	9095	1038	34	1	0	20	0.000109794	9108	1	FALSE	NA	NA	NA	NA	NA	NA
NC_045512.2	26007	T	G	9030	1045	35	1	0	34	0.00011073	9031	0.999026	FALSE	ORF3a:cds-YP_009724391.1	AGT	S	AGG	R	205
NC_045512.2	26009	A	T	8499	1032	34	3	0	26	0.000352734	8505	1	FALSE	ORF3a:cds-YP_009724391.1	TAC	Y	TTC	F	206
NC_045512.2	26009	A	G	8499	1032	34	2	0	34	0.000235156	8505	0.98926	FALSE	ORF3a:cds-YP_009724391.1	TAC	Y	TGC	C	206
NC_045512.2	26009	A	C	8499	1032	34	1	1	26	0.000117578	8505	1	FALSE	ORF3a:cds-YP_009724391.1	TAC	Y	TCC	S	206
NC_045512.2	26010	C	T	8056	1057	33	1	0	34	0.0001241	8058	0.998051	FALSE	ORF3a:cds-YP_009724391.1	TAC	Y	TAT	Y	206
NC_045512.2	26010	C	G	8056	1057	33	1	0	34	0.0001241	8058	0.998051	FALSE	ORF3a:cds-YP_009724391.1	TAC	Y	TAG	*	206
NC_045512.2	26011	T	G	9187	1047	35	3	0	34	0.000326406	9191	0.980744	FALSE	ORF3a:cds-YP_009724391.1	TTC	F	GTC	V	207
NC_045512.2	26011	T	A	9187	1047	35	1	0	34	0.000108802	9191	0.999025	FALSE	ORF3a:cds-YP_009724391.1	TTC	F	ATC	I	207
NC_045512.2	26012	T	C	9193	1039	35	1	1	34	0.000108767	9194	0.999026	FALSE	ORF3a:cds-YP_009724391.1	TTC	F	TCC	S	207
NC_045512.2	26016	T	G	9351	1021	35	2	0	30	0.000213835	9353	0.994155	FALSE	ORF3a:cds-YP_009724391.1	ACT	T	ACG	T	208
NC_045512.2	26017	T	C	9367	1082	35	1	0	68	0.000106746	9368	0.500027	FALSE	ORF3a:cds-YP_009724391.1	TCA	S	CCA	P	209
NC_045512.2	26018	C	A	9438	1078	35	1	0	34	0.000105943	9439	0.999026	FALSE	ORF3a:cds-YP_009724391.1	TCA	S	TAA	*	209
NC_045512.2	26019	A	G	9421	1056	35	1	0	34	0.000106135	9422	0.999026	FALSE	ORF3a:cds-YP_009724391.1	TCA	S	TCG	S	209
NC_045512.2	26021	A	T	9627	1111	36	1	0	26	0.000103842	9630	1	FALSE	ORF3a:cds-YP_009724391.1	GAC	D	GTC	V	210
NC_045512.2	26021	A	G	9627	1111	36	2	0	30	0.000207684	9630	0.994152	FALSE	ORF3a:cds-YP_009724391.1	GAC	D	GGC	G	210
NC_045512.2	26022	C	T	9746	1125	36	1	0	34	0.000102596	9747	0.999026	FALSE	ORF3a:cds-YP_009724391.1	GAC	D	GAT	D	210
NC_045512.2	26023	T	C	9045	502	35	1	0	34	0.000110546	9046	0.999026	FALSE	ORF3a:cds-YP_009724391.1	TAT	Y	CAT	H	211
NC_045512.2	26024	A	T	9646	558	36	1	0	34	0.000103659	9647	0.999026	FALSE	ORF3a:cds-YP_009724391.1	TAT	Y	TTT	F	211
NC_045512.2	26027	A	G	9374	571	35	1	0	34	0.000106667	9375	0.999026	FALSE	ORF3a:cds-YP_009724391.1	TAC	Y	TGC	C	212
NC_045512.2	26029	C	T	9726	571	36	3	0	31	0.000308356	9729	0.98075	FALSE	ORF3a:cds-YP_009724391.1	CAG	Q	TAG	*	213
NC_045512.2	26031	G	T	10253	577	36	2	0	30	0.000195027	10255	0.996835	FALSE	ORF3a:cds-YP_009724391.1	CAG	Q	CAT	H	213
NC_045512.2	26034	G	T	10558	646	36	2	0	34	0.000189358	10562	0.996832	FALSE	ORF3a:cds-YP_009724391.1	CTG	L	CTT	L	214
NC_045512.2	26034	G	A	10558	646	36	2	0	34	0.000189358	10562	0.996832	FALSE	ORF3a:cds-YP_009724391.1	CTG	L	CTA	L	214
NC_045512.2	26036	A	T	10480	689	36	1	0	34	9.52744e-05	10496	0.999509	FALSE	ORF3a:cds-YP_009724391.1	TAC	Y	TTC	F	215
NC_045512.2	26036	A	G	10480	689	36	15	0	29	0.00142912	10496	1	FALSE	ORF3a:cds-YP_009724391.1	TAC	Y	TGC	C	215
NC_045512.2	26037	C	T	10724	690	36	1	1	68	9.32314e-05	10726	0.5	FALSE	ORF3a:cds-YP_009724391.1	TAC	Y	TAT	Y	215
NC_045512.2	26037	C	A	10724	690	36	1	0	34	9.32314e-05	10726	0.999513	FALSE	ORF3a:cds-YP_009724391.1	TAC	Y	TAA	*	215
NC_045512.2	26038	T	G	10701	693	36	1	0	27	9.34317e-05	10703	1	FALSE	ORF3a:cds-YP_009724391.1	TCA	S	GCA	A	216
NC_045512.2	26038	T	C	10701	693	36	1	0	34	9.34317e-05	10703	0.999513	FALSE	ORF3a:cds-YP_009724391.1	TCA	S	CCA	P	216
NC_045512.2	26040	A	T	11780	700	36	1	1	24	8.4868e-05	11783	1	FALSE	ORF3a:cds-YP_009724391.1	TCA	S	TCT	S	216
NC_045512.2	26040	A	G	11780	700	36	2	0	26	0.000169736	11783	1	FALSE	ORF3a:cds-YP_009724391.1	TCA	S	TCG	S	216
NC_045512.2	26041	A	G	11675	704	36	4	2	40	0.000342495	11679	0.1875	FALSE	ORF3a:cds-YP_009724391.1	ACT	T	GCT	A	217
NC_045512.2	26042	C	T	11907	733	36	2	1	51	0.00016794	11909	0.25001	FALSE	ORF3a:cds-YP_009724391.1	ACT	T	ATT	I	217
NC_045512.2	26044	C	T	11993	757	36	1	0	34	8.3375e-05	11994	0.999757	FALSE	ORF3a:cds-YP_009724391.1	CAA	Q	TAA	*	218
NC_045512.2	26045	A	T	11647	794	36	1	0	26	8.58443e-05	11649	1	FALSE	ORF3a:cds-YP_009724391.1	CAA	Q	CTA	L	218
NC_045512.2	26045	A	G	11647	794	36	1	0	68	8.58443e-05	11649	0.5	FALSE	ORF3a:cds-YP_009724391.1	CAA	Q	CGA	R	218
NC_045512.2	26046	A	T	12086	798	36	1	0	34	8.2713e-05	12090	0.999878	FALSE	ORF3a:cds-YP_009724391.1	CAA	Q	CAT	H	218
NC_045512.2	26046	A	G	12086	798	36	3	0	34	0.000248139	12090	0.996316	FALSE	ORF3a:cds-YP_009724391.1	CAA	Q	CAG	Q	218
NC_045512.2	26048	T	C	11941	789	36	1	0	34	8.37311e-05	11943	0.999757	FALSE	ORF3a:cds-YP_009724391.1	TTG	L	TCG	S	219
NC_045512.2	26048	T	A	11941	789	36	1	0	26	8.37311e-05	11943	1	FALSE	ORF3a:cds-YP_009724391.1	TTG	L	TAG	*	219
NC_045512.2	26049	G	T	12182	800	36	1	0	34	8.20816e-05	12183	0.999878	FALSE	ORF3a:cds-YP_009724391.1	TTG	L	TTT	F	219
NC_045512.2	26050	A	T	12080	795	36	1	0	34	8.27609e-05	12083	0.999878	FALSE	ORF3a:cds-YP_009724391.1	AGT	S	TGT	C	220
NC_045512.2	26050	A	G	12080	795	36	2	0	30	0.000165522	12083	0.999087	FALSE	ORF3a:cds-YP_009724391.1	AGT	S	GGT	G	220
NC_045512.2	26051	G	T	12563	804	36	2	0	34	0.000159147	12567	0.999086	FALSE	ORF3a:cds-YP_009724391.1	AGT	S	ATT	I	220
NC_045512.2	26051	G	A	12563	804	36	2	0	34	0.000159147	12567	0.999086	FALSE	ORF3a:cds-YP_009724391.1	AGT	S	AAT	N	220
NC_045512.2	26052	T	C	12545	807	36	2	0	51	0.000159401	12547	0.25001	FALSE	ORF3a:cds-YP_009724391.1	AGT	S	AGC	S	220
NC_045512.2	26053	A	C	12711	814	36	3	0	34	0.00023596	12714	0.996317	FALSE	ORF3a:cds-YP_009724391.1	ACA	T	CCA	P	221
NC_045512.2	26054	C	G	12928	820	36	3	0	34	0.000231983	12932	0.996315	FALSE	ORF3a:cds-YP_009724391.1	ACA	T	AGA	R	221
NC_045512.2	26054	C	A	12928	820	36	1	0	34	7.73276e-05	12932	0.999878	FALSE	ORF3a:cds-YP_009724391.1	ACA	T	AAA	K	221
NC_045512.2	26055	A	G	13034	817	36	1	0	34	7.67106e-05	13036	0.999939	FALSE	ORF3a:cds-YP_009724391.1	ACA	T	ACG	T	221
NC_045512.2	26055	A	C	13034	817	36	1	0	34	7.67106e-05	13036	0.999939	FALSE	ORF3a:cds-YP_009724391.1	ACA	T	ACC	T	221
NC_045512.2	26056	G	T	14592	837	36	1	0	34	6.8526e-05	14593	0.99997	FALSE	ORF3a:cds-YP_009724391.1	GAC	D	TAC	Y	222
NC_045512.2	26057	A	G	14641	877	36	1	0	26	6.82967e-05	14642	1	FALSE	ORF3a:cds-YP_009724391.1	GAC	D	GGC	G	222
NC_045512.2	26058	C	G	14762	883	36	1	1	26	6.77369e-05	14763	1	FALSE	ORF3a:cds-YP_009724391.1	GAC	D	GAG	E	222
NC_045512.2	26059	A	G	14851	878	36	1	0	34	6.7331e-05	14852	0.99997	FALSE	ORF3a:cds-YP_009724391.1	ACT	T	GCT	A	223
NC_045512.2	26060	C	T	1	1	34	14643	885	36	0.999795	14646	0	TRUE	ORF3a:cds-YP_009724391.1	ACT	T	ATT	I	223
NC_045512.2	26060	C	A	1	1	34	2	1	47	0.000136556	14646	8.3893e-08	TRUE	ORF3a:cds-YP_009724391.1	ACT	T	AAT	N	223
NC_045512.2	26061	T	G	14741	900	36	3	0	31	0.000203404	14749	0.998826	FALSE	ORF3a:cds-YP_009724391.1	ACT	T	ACG	T	223
NC_045512.2	26061	T	C	14741	900	36	5	0	34	0.000339006	14749	0.990406	FALSE	ORF3a:cds-YP_009724391.1	ACT	T	ACC	T	223
NC_045512.2	26064	T	G	14895	922	36	1	0	34	6.71321e-05	14896	0.99997	FALSE	ORF3a:cds-YP_009724391.1	GGT	G	GGG	G	224
NC_045512.2	26065	G	A	15054	923	36	1	0	34	6.64231e-05	15055	0.999985	FALSE	ORF3a:cds-YP_009724391.1	GTT	V	ATT	I	225
NC_045512.2	26069	A	G	15026	988	37	5	0	32	0.000332646	15031	0.994107	FALSE	ORF3a:cds-YP_009724391.1	GAA	E	GGA	G	226
NC_045512.2	26071	C	T	15043	1007	37	1	1	68	6.64717e-05	15044	0.500017	FALSE	ORF3a:cds-YP_009724391.1	CAT	H	TAT	Y	227
NC_045512.2	26072	A	T	15072	972	36	1	0	26	6.63438e-05	15073	1	FALSE	ORF3a:cds-YP_009724391.1	CAT	H	CTT	L	227
NC_045512.2	26073	T	C	14994	1010	37	1	0	34	6.668e-05	14997	0.99997	FALSE	ORF3a:cds-YP_009724391.1	CAT	H	CAC	H	227
NC_045512.2	26073	T	A	14994	1010	37	2	0	30	0.00013336	14997	0.999741	FALSE	ORF3a:cds-YP_009724391.1	CAT	H	CAA	Q	227
NC_045512.2	26074	G	C	15100	998	37	1	1	27	6.62208e-05	15101	1	FALSE	ORF3a:cds-YP_009724391.1	GTT	V	CTT	L	228
NC_045512.2	26075	T	C	15073	1018	37	1	0	34	6.6335e-05	15075	0.999985	FALSE	ORF3a:cds-YP_009724391.1	GTT	V	GCT	A	228
NC_045512.2	26075	T	A	15073	1018	37	1	0	26	6.6335e-05	15075	1	FALSE	ORF3a:cds-YP_009724391.1	GTT	V	GAT	D	228
NC_045512.2	26076	T	G	15045	1020	37	1	0	34	6.64275e-05	15054	0.999985	FALSE	ORF3a:cds-YP_009724391.1	GTT	V	GTG	V	228
NC_045512.2	26076	T	C	15045	1020	37	8	0	33	0.00053142	15054	0.953492	FALSE	ORF3a:cds-YP_009724391.1	GTT	V	GTC	V	228
NC_045512.2	26077	A	T	14876	1026	37	2	0	25	0.000134409	14880	1	FALSE	ORF3a:cds-YP_009724391.1	ACC	T	TCC	S	229
NC_045512.2	26077	A	G	14876	1026	37	1	0	34	6.72043e-05	14880	0.99997	FALSE	ORF3a:cds-YP_009724391.1	ACC	T	GCC	A	229
NC_045512.2	26077	A	C	14876	1026	37	1	0	34	6.72043e-05	14880	0.99997	FALSE	ORF3a:cds-YP_009724391.1	ACC	T	CCC	P	229
NC_045512.2	26079	C	T	14792	1052	36	2	0	51	0.00013519	14794	0.250008	FALSE	ORF3a:cds-YP_009724391.1	ACC	T	ACT	T	229
NC_045512.2	26080	T	C	14773	1047	37	1	0	34	6.76865e-05	14774	0.99997	FALSE	ORF3a:cds-YP_009724391.1	TTC	F	CTC	L	230
NC_045512.2	26081	T	C	14666	958	36	1	0	34	6.81756e-05	14668	0.99997	FALSE	ORF3a:cds-YP_009724391.1	TTC	F	TCC	S	230
NC_045512.2	26081	T	A	14666	958	36	1	1	34	6.81756e-05	14668	0.99997	FALSE	ORF3a:cds-YP_009724391.1	TTC	F	TAC	Y	230
NC_045512.2	26082	C	T	14364	1075	36	1	0	34	6.96136e-05	14365	0.99997	FALSE	ORF3a:cds-YP_009724391.1	TTC	F	TTT	F	230
NC_045512.2	26083	T	C	14268	1081	36	2	1	34	0.000140144	14271	0.999741	FALSE	ORF3a:cds-YP_009724391.1	TTC	F	CTC	L	231
NC_045512.2	26083	T	A	14268	1081	36	1	0	34	7.00722e-05	14271	0.99997	FALSE	ORF3a:cds-YP_009724391.1	TTC	F	ATC	I	231
NC_045512.2	26084	T	C	14240	1056	36	2	1	30	0.00014043	14242	0.999742	FALSE	ORF3a:cds-YP_009724391.1	TTC	F	TCC	S	231
NC_045512.2	26085	C	G	14333	1078	36	1	0	34	6.97593e-05	14335	0.99997	FALSE	ORF3a:cds-YP_009724391.1	TTC	F	TTG	L	231
NC_045512.2	26085	C	A	14333	1078	36	1	0	34	6.97593e-05	14335	0.99997	FALSE	ORF3a:cds-YP_009724391.1	TTC	F	TTA	L	231
NC_045512.2	26086	A	G	14299	1148	37	8	0	33	0.000559167	14307	0.933196	FALSE	ORF3a:cds-YP_009724391.1	ATC	I	GTC	V	232
NC_045512.2	26087	T	A	14166	1174	37	2	1	23	0.000141163	14168	1	FALSE	ORF3a:cds-YP_009724391.1	ATC	I	AAC	N	232
NC_045512.2	26088	C	T	14150	1202	37	1	0	34	7.06564e-05	14153	0.99997	FALSE	ORF3a:cds-YP_009724391.1	ATC	I	ATT	I	232
NC_045512.2	26088	C	G	14150	1202	37	2	0	30	0.000141313	14153	0.999741	FALSE	ORF3a:cds-YP_009724391.1	ATC	I	ATG	M	232
NC_045512.2	26089	T	C	14071	1199	37	1	1	26	7.10631e-05	14072	1	FALSE	ORF3a:cds-YP_009724391.1	TAC	Y	CAC	H	233
NC_045512.2	26090	A	T	14061	1201	37	1	0	34	7.11086e-05	14063	0.99997	FALSE	ORF3a:cds-YP_009724391.1	TAC	Y	TTC	F	233
NC_045512.2	26090	A	G	14061	1201	37	1	1	68	7.11086e-05	14063	0.5	FALSE	ORF3a:cds-YP_009724391.1	TAC	Y	TGC	C	233
NC_045512.2	26091	C	T	13584	1200	36	1	0	34	7.36106e-05	13585	0.999939	FALSE	ORF3a:cds-YP_009724391.1	TAC	Y	TAT	Y	233
NC_045512.2	26092	A	G	13449	1298	36	1	0	34	7.43494e-05	13450	0.999939	FALSE	ORF3a:cds-YP_009724391.1	AAT	N	GAT	D	234
NC_045512.2	26093	A	G	13481	1292	36	1	0	26	7.4173e-05	13482	1	FALSE	ORF3a:cds-YP_009724391.1	AAT	N	AGT	S	234
NC_045512.2	26095	A	T	12042	1317	36	5	0	29	0.000415041	12047	1	FALSE	ORF3a:cds-YP_009724391.1	AAA	K	TAA	*	235
NC_045512.2	26096	A	T	13131	1308	36	1	0	26	7.61441e-05	13133	1	FALSE	ORF3a:cds-YP_009724391.1	AAA	K	ATA	I	235
NC_045512.2	26096	A	G	13131	1308	36	1	0	34	7.61441e-05	13133	0.999939	FALSE	ORF3a:cds-YP_009724391.1	AAA	K	AGA	R	235
NC_045512.2	26097	A	G	11761	1399	35	2	0	34	0.000170025	11763	0.998296	FALSE	ORF3a:cds-YP_009724391.1	AAA	K	AAG	K	235
NC_045512.2	26100	T	G	12445	1350	36	1	1	34	8.03277e-05	12449	0.999878	FALSE	ORF3a:cds-YP_009724391.1	ATT	I	ATG	M	236
NC_045512.2	26100	T	C	12445	1350	36	2	1	30	0.000160655	12449	0.999086	FALSE	ORF3a:cds-YP_009724391.1	ATT	I	ATC	I	236
NC_045512.2	26100	T	A	12445	1350	36	1	0	26	8.03277e-05	12449	1	FALSE	ORF3a:cds-YP_009724391.1	ATT	I	ATA	I	236
NC_045512.2	26101	G	A	12541	1348	36	1	0	34	7.97321e-05	12542	0.999878	FALSE	ORF3a:cds-YP_009724391.1	GTT	V	ATT	I	237
NC_045512.2	26102	T	C	12489	1308	36	1	0	60	8.00641e-05	12490	0.50002	FALSE	ORF3a:cds-YP_009724391.1	GTT	V	GCT	A	237
NC_045512.2	26104	G	T	12464	1272	36	1	0	34	8.02182e-05	12466	0.999878	FALSE	ORF3a:cds-YP_009724391.1	GAT	D	TAT	Y	238
NC_045512.2	26104	G	A	12464	1272	36	1	0	52	8.02182e-05	12466	0.5	FALSE	ORF3a:cds-YP_009724391.1	GAT	D	AAT	N	238
NC_045512.2	26105	A	T	11895	1262	35	1	1	26	8.40477e-05	11898	1	FALSE	ORF3a:cds-YP_009724391.1	GAT	D	GTT	V	238
NC_045512.2	26105	A	G	11895	1262	35	2	0	34	0.000168095	11898	0.998295	FALSE	ORF3a:cds-YP_009724391.1	GAT	D	GGT	G	238
NC_045512.2	26108	A	G	8495	1577	35	1	0	34	0.000117702	8496	0.998052	FALSE	ORF3a:cds-YP_009724391.1	GAG	E	GGG	G	239
NC_045512.2	26110	C	T	9210	1947	36	2	0	30	0.000217108	9212	0.994155	FALSE	ORF3a:cds-YP_009724391.1	CCT	P	TCT	S	240
NC_045512.2	26112	T	C	9257	1898	36	1	0	34	0.000108003	9259	0.999026	FALSE	ORF3a:cds-YP_009724391.1	CCT	P	CCC	P	240
NC_045512.2	26112	T	A	9257	1898	36	1	0	34	0.000108003	9259	0.999026	FALSE	ORF3a:cds-YP_009724391.1	CCT	P	CCA	P	240
NC_045512.2	26113	G	T	9008	1573	35	1	0	34	0.000111	9009	0.999026	FALSE	ORF3a:cds-YP_009724391.1	GAA	E	TAA	*	241
NC_045512.2	26114	A	G	9409	1999	36	1	0	34	0.00010627	9410	0.999026	FALSE	ORF3a:cds-YP_009724391.1	GAA	E	GGA	G	241
NC_045512.2	26115	A	G	9064	1918	36	1	0	34	0.000110314	9065	0.999026	FALSE	ORF3a:cds-YP_009724391.1	GAA	E	GAG	E	241
NC_045512.2	26117	A	T	8375	1980	35	1	0	26	0.000119374	8377	1	FALSE	ORF3a:cds-YP_009724391.1	GAA	E	GTA	V	242
NC_045512.2	26117	A	G	8375	1980	35	1	0	60	0.000119374	8377	0.5	FALSE	ORF3a:cds-YP_009724391.1	GAA	E	GGA	G	242
NC_045512.2	26118	A	T	8965	1828	36	1	0	34	0.000111532	8966	0.998052	FALSE	ORF3a:cds-YP_009724391.1	GAA	E	GAT	D	242
NC_045512.2	26120	A	T	8665	1518	35	3	3	29	0.000346061	8669	1	FALSE	ORF3a:cds-YP_009724391.1	CAT	H	CTT	L	243
NC_045512.2	26120	A	G	8665	1518	35	1	0	34	0.000115354	8669	0.998049	FALSE	ORF3a:cds-YP_009724391.1	CAT	H	CGT	R	243
NC_045512.2	26121	T	C	8906	1858	36	2	0	34	0.000224517	8908	0.98928	FALSE	ORF3a:cds-YP_009724391.1	CAT	H	CAC	H	243
NC_045512.2	26123	T	A	8265	1380	35	2	0	47	0.000241926	8267	0.250015	FALSE	ORF3a:cds-YP_009724391.1	GTC	V	GAC	D	244
NC_045512.2	26125	C	A	7780	1179	35	2	1	30	0.000257003	7782	0.980505	FALSE	ORF3a:cds-YP_009724391.1	CAA	Q	AAA	K	245
NC_045512.2	26126	A	G	8502	2060	36	2	0	47	0.000235183	8504	0.250015	FALSE	ORF3a:cds-YP_009724391.1	CAA	Q	CGA	R	245
NC_045512.2	26127	A	T	8609	2075	36	1	0	34	0.000116131	8611	0.998051	FALSE	ORF3a:cds-YP_009724391.1	CAA	Q	CAT	H	245
NC_045512.2	26127	A	G	8609	2075	36	1	0	34	0.000116131	8611	0.998051	FALSE	ORF3a:cds-YP_009724391.1	CAA	Q	CAG	Q	245
NC_045512.2	26128	A	T	7991	1678	35	4	4	28	0.000500313	7995	1	FALSE	ORF3a:cds-YP_009724391.1	ATT	I	TTT	F	246
NC_045512.2	26130	T	A	7627	1071	35	16	16	27	0.00209342	7643	1	FALSE	ORF3a:cds-YP_009724391.1	ATT	I	ATA	I	246
NC_045512.2	26133	C	T	8035	2065	36	2	0	34	0.000248818	8038	0.989277	FALSE	ORF3a:cds-YP_009724391.1	CAC	H	CAT	H	247
NC_045512.2	26133	C	A	8035	2065	36	1	1	34	0.000124409	8038	0.99805	FALSE	ORF3a:cds-YP_009724391.1	CAC	H	CAA	Q	247
NC_045512.2	26134	A	G	8402	2505	37	4	1	32	0.000475851	8406	0.927103	FALSE	ORF3a:cds-YP_009724391.1	ACA	T	GCA	A	248
NC_045512.2	26137	A	G	7676	1775	36	1	0	34	0.000130259	7677	0.996103	FALSE	ORF3a:cds-YP_009724391.1	ATC	I	GTC	V	249
NC_045512.2	26138	T	C	8460	2713	37	1	1	34	0.000118189	8461	0.998052	FALSE	ORF3a:cds-YP_009724391.1	ATC	I	ACC	T	249
NC_045512.2	26139	C	A	7751	2915	37	1	0	34	0.000128999	7752	0.996103	FALSE	ORF3a:cds-YP_009724391.1	ATC	I	ATA	I	249
NC_045512.2	26142	C	T	7708	2984	37	2	1	51	0.000259403	7710	0.250016	FALSE	ORF3a:cds-YP_009724391.1	GAC	D	GAT	D	250
NC_045512.2	26143	G	C	7658	2933	37	1	1	34	0.000130565	7659	0.996103	FALSE	ORF3a:cds-YP_009724391.1	GGT	G	CGT	R	251
NC_045512.2	26145	T	G	8025	3399	37	2	1	34	0.000249128	8028	0.989277	FALSE	ORF3a:cds-YP_009724391.1	GGT	G	GGG	G	251
NC_045512.2	26145	T	C	8025	3399	37	1	1	34	0.000124564	8028	0.99805	FALSE	ORF3a:cds-YP_009724391.1	GGT	G	GGC	G	251
NC_045512.2	26146	T	A	7686	3068	37	1	1	26	0.00013009	7687	1	FALSE	ORF3a:cds-YP_009724391.1	TCA	S	ACA	T	252
NC_045512.2	26148	A	G	7978	3595	37	1	0	34	0.000125298	7981	0.996099	FALSE	ORF3a:cds-YP_009724391.1	TCA	S	TCG	S	252
NC_045512.2	26148	A	C	7978	3595	37	2	0	26	0.000250595	7981	1	FALSE	ORF3a:cds-YP_009724391.1	TCA	S	TCC	S	252
NC_045512.2	26152	G	A	8560	4548	38	1	1	34	0.000116809	8561	0.998052	FALSE	ORF3a:cds-YP_009724391.1	GGA	G	AGA	R	254
NC_045512.2	26159	T	A	7344	5032	37	1	0	26	0.000136147	7345	1	FALSE	ORF3a:cds-YP_009724391.1	GTT	V	GAT	D	256
NC_045512.2	26160	T	C	7050	4749	36	3	1	34	0.000425351	7053	0.9454	FALSE	ORF3a:cds-YP_009724391.1	GTT	V	GTC	V	256
NC_045512.2	26161	A	G	7250	4955	36	1	1	34	0.000137912	7251	0.996103	FALSE	ORF3a:cds-YP_009724391.1	AAT	N	GAT	D	257
NC_045512.2	26164	C	T	7146	4981	36	2	1	68	0.000279799	7148	0.250017	FALSE	ORF3a:cds-YP_009724391.1	CCA	P	TCA	S	258
NC_045512.2	26165	C	G	7146	4984	36	1	0	34	0.000139919	7147	0.996104	FALSE	ORF3a:cds-YP_009724391.1	CCA	P	CGA	R	258
NC_045512.2	26166	A	G	6953	4845	36	1	1	34	0.000143802	6954	0.992203	FALSE	ORF3a:cds-YP_009724391.1	CCA	P	CCG	P	258
NC_045512.2	26173	G	T	7097	5068	36	1	1	26	0.000140885	7098	1	FALSE	ORF3a:cds-YP_009724391.1	GAA	E	TAA	*	261
NC_045512.2	26174	A	G	7195	5218	36	2	2	47	0.000277894	7197	0.250017	FALSE	ORF3a:cds-YP_009724391.1	GAA	E	GGA	G	261
NC_045512.2	26175	A	T	7548	5655	36	1	0	34	0.00013245	7550	0.996101	FALSE	ORF3a:cds-YP_009724391.1	GAA	E	GAT	D	261
NC_045512.2	26175	A	G	7548	5655	36	1	1	34	0.00013245	7550	0.996101	FALSE	ORF3a:cds-YP_009724391.1	GAA	E	GAG	E	261
NC_045512.2	26178	A	T	7551	5598	36	1	1	26	0.00013238	7554	1	FALSE	ORF3a:cds-YP_009724391.1	CCA	P	CCT	P	262
NC_045512.2	26178	A	G	7551	5598	36	2	2	34	0.00026476	7554	0.980497	FALSE	ORF3a:cds-YP_009724391.1	CCA	P	CCG	P	262
NC_045512.2	26179	A	T	7627	5599	36	1	1	34	0.000131027	7632	0.996095	FALSE	ORF3a:cds-YP_009724391.1	ATT	I	TTT	F	263
NC_045512.2	26179	A	C	7627	5599	36	4	4	30	0.000524109	7632	0.886803	FALSE	ORF3a:cds-YP_009724391.1	ATT	I	CTT	L	263
NC_045512.2	26181	T	C	7690	5713	36	1	1	34	0.000130022	7691	0.996103	FALSE	ORF3a:cds-YP_009724391.1	ATT	I	ATC	I	263
NC_045512.2	26186	A	G	8118	6160	36	1	0	68	0.000123138	8121	0.499969	FALSE	ORF3a:cds-YP_009724391.1	GAT	D	GGT	G	265
NC_045512.2	26186	A	C	8118	6160	36	2	2	26	0.000246275	8121	1	FALSE	ORF3a:cds-YP_009724391.1	GAT	D	GCT	A	265
NC_045512.2	26187	T	G	7923	5958	36	2	1	30	0.000252302	7927	0.980486	FALSE	ORF3a:cds-YP_009724391.1	GAT	D	GAG	E	265
NC_045512.2	26187	T	C	7923	5958	36	2	1	30	0.000252302	7927	0.980486	FALSE	ORF3a:cds-YP_009724391.1	GAT	D	GAC	D	265
NC_045512.2	26191	C	T	8461	6610	37	1	1	34	0.000118175	8462	0.998052	FALSE	ORF3a:cds-YP_009724391.1	CCG	P	TCG	S	267
NC_045512.2	26193	G	T	8513	6629	37	1	0	26	0.00011744	8515	1	FALSE	ORF3a:cds-YP_009724391.1	CCG	P	CCT	P	267
NC_045512.2	26193	G	A	8513	6629	37	1	1	34	0.00011744	8515	0.998051	FALSE	ORF3a:cds-YP_009724391.1	CCG	P	CCA	P	267
NC_045512.2	26195	C	T	8525	6648	37	1	1	34	0.000117288	8526	0.998052	FALSE	ORF3a:cds-YP_009724391.1	ACG	T	ATG	M	268
NC_045512.2	26197	A	G	8536	6636	37	1	1	26	0.000117137	8537	1	FALSE	ORF3a:cds-YP_009724391.1	ACG	T	GCG	A	269
NC_045512.2	26198	C	T	8575	6690	37	2	2	34	0.000233182	8577	0.989281	FALSE	ORF3a:cds-YP_009724391.1	ACG	T	ATG	M	269
NC_045512.2	26199	G	T	8628	6671	36	1	0	26	0.000115875	8630	1	FALSE	ORF3a:cds-YP_009724391.1	ACG	T	ACT	T	269
NC_045512.2	26199	G	A	8628	6671	36	1	0	68	0.000115875	8630	0.5	FALSE	ORF3a:cds-YP_009724391.1	ACG	T	ACA	T	269
NC_045512.2	26200	A	G	8662	6739	36	6	5	38	0.000692201	8668	0.788184	FALSE	ORF3a:cds-YP_009724391.1	ACT	T	GCT	A	270
NC_045512.2	26201	C	T	8919	6818	37	1	0	34	0.000112108	8920	0.998052	FALSE	ORF3a:cds-YP_009724391.1	ACT	T	ATT	I	270
NC_045512.2	26202	T	C	8817	6723	36	1	1	24	0.000113404	8818	1	FALSE	ORF3a:cds-YP_009724391.1	ACT	T	ACC	T	270
NC_045512.2	26203	A	G	8806	6711	36	1	1	34	0.000113546	8807	0.998052	FALSE	ORF3a:cds-YP_009724391.1	ACT	T	GCT	A	271
NC_045512.2	26205	T	C	8844	6743	36	6	5	31	0.00067789	8851	0.788118	FALSE	ORF3a:cds-YP_009724391.1	ACT	T	ACC	T	271
NC_045512.2	26205	T	A	8844	6743	36	1	1	26	0.000112982	8851	1	FALSE	ORF3a:cds-YP_009724391.1	ACT	T	ACA	T	271
NC_045512.2	26206	A	C	8848	6772	36	1	1	34	0.000113007	8849	0.998052	FALSE	ORF3a:cds-YP_009724391.1	AGC	S	CGC	R	272
NC_045512.2	26208	C	T	8689	6784	36	1	1	34	0.000115062	8691	0.998051	FALSE	ORF3a:cds-YP_009724391.1	AGC	S	AGT	S	272
NC_045512.2	26208	C	G	8689	6784	36	1	0	34	0.000115062	8691	0.998051	FALSE	ORF3a:cds-YP_009724391.1	AGC	S	AGG	R	272
NC_045512.2	26209	G	C	8709	6793	36	1	1	34	0.000114797	8711	0.998051	FALSE	ORF3a:cds-YP_009724391.1	GTG	V	CTG	L	273
NC_045512.2	26209	G	A	8709	6793	36	1	1	60	0.000114797	8711	0.5	FALSE	ORF3a:cds-YP_009724391.1	GTG	V	ATG	M	273
NC_045512.2	26210	T	C	8089	6328	36	2	2	34	0.000247188	8091	0.989282	FALSE	ORF3a:cds-YP_009724391.1	GTG	V	GCG	A	273
NC_045512.2	26212	C	T	8055	6314	36	1	1	60	0.000124131	8056	0.500031	FALSE	ORF3a:cds-YP_009724391.1	CCT	P	TCT	S	274
NC_045512.2	26213	C	T	7993	6288	36	1	1	26	0.000125063	7996	1	FALSE	ORF3a:cds-YP_009724391.1	CCT	P	CTT	L	274
NC_045512.2	26213	C	A	7993	6288	36	2	2	34	0.000250125	7996	0.980495	FALSE	ORF3a:cds-YP_009724391.1	CCT	P	CAT	H	274
NC_045512.2	26214	T	G	7453	5712	35	2	2	30	0.000268276	7455	0.980506	FALSE	ORF3a:cds-YP_009724391.1	CCT	P	CCG	P	274
NC_045512.2	26215	T	C	8002	6265	36	1	1	26	0.000124953	8003	1	FALSE	ORF3a:cds-YP_009724391.1	TTG	L	CTG	L	275
NC_045512.2	26216	T	C	7990	6222	36	2	1	34	0.00025025	7992	0.980504	FALSE	ORF3a:cds-YP_009724391.1	TTG	L	TCG	S	275
NC_045512.2	26217	G	C	7997	6257	36	1	1	26	0.000125031	7998	1	FALSE	ORF3a:cds-YP_009724391.1	TTG	L	TTC	F	275
NC_045512.2	26219	A	G	8038	6311	36	4	4	34	0.000497389	8042	0.927107	FALSE	ORF3a:cds-YP_009724391.1	TAA	*	TGA	*	276
NC_045512.2	26220	A	G	7974	6250	36	1	1	34	0.00012536	7977	0.996099	FALSE	ORF3a:cds-YP_009724391.1	TAA	*	TAG	*	276
NC_045512.2	26220	A	C	7974	6250	36	2	2	30	0.000250721	7977	0.980495	FALSE	ORF3a:cds-YP_009724391.1	TAA	*	TAC	Y	276
NC_045512.2	26222	C	A	8095	6459	36	1	1	34	0.000123518	8096	0.998052	FALSE	NA	NA	NA	NA	NA	NA
NC_045512.2	26223	A	T	7904	6264	36	1	1	34	0.000126502	7905	0.996103	FALSE	NA	NA	NA	NA	NA	NA
NC_045512.2	26225	A	G	7768	6131	35	3	1	34	0.000386001	7772	0.945369	FALSE	NA	NA	NA	NA	NA	NA
NC_045512.2	26225	A	C	7768	6131	35	1	1	26	0.000128667	7772	1	FALSE	NA	NA	NA	NA	NA	NA
NC_045512.2	26226	A	G	8005	6355	36	2	2	30	0.000249781	8007	0.989282	FALSE	NA	NA	NA	NA	NA	NA
NC_045512.2	26229	T	C	8418	6880	36	1	0	34	0.000118779	8419	0.998052	FALSE	NA	NA	NA	NA	NA	NA
NC_045512.2	26230	G	T	8293	6724	36	1	0	34	0.000120569	8294	0.998052	FALSE	NA	NA	NA	NA	NA	NA
NC_045512.2	26231	A	G	8318	6744	36	2	0	30	0.000240385	8320	0.989282	FALSE	NA	NA	NA	NA	NA	NA
NC_045512.2	26232	T	C	8395	6822	36	1	1	34	0.000119104	8396	0.998052	FALSE	NA	NA	NA	NA	NA	NA
NC_045512.2	26234	A	T	7920	6365	36	3	3	42	0.000378549	7925	0.124953	FALSE	NA	NA	NA	NA	NA	NA
NC_045512.2	26234	A	G	7920	6365	36	1	1	26	0.000126183	7925	1	FALSE	NA	NA	NA	NA	NA	NA
NC_045512.2	26234	A	C	7920	6365	36	1	1	34	0.000126183	7925	0.996095	FALSE	NA	NA	NA	NA	NA	NA
NC_045512.2	26235	G	A	8050	6367	36	1	1	34	0.000124208	8051	0.998052	FALSE	NA	NA	NA	NA	NA	NA
NC_045512.2	26236	T	C	8479	6904	36	2	2	34	0.000235821	8481	0.989281	FALSE	NA	NA	NA	NA	NA	NA
NC_045512.2	26237	A	G	8415	6833	36	1	1	34	0.000118821	8416	0.998052	FALSE	NA	NA	NA	NA	NA	NA
NC_045512.2	26238	C	T	8438	6981	36	2	2	34	0.000236967	8440	0.989281	FALSE	NA	NA	NA	NA	NA	NA
NC_045512.2	26241	A	G	8658	7495	35	1	1	34	0.000115487	8659	0.998052	FALSE	NA	NA	NA	NA	NA	NA
NC_045512.2	26242	C	T	8934	7536	36	1	1	26	0.000111919	8935	1	FALSE	NA	NA	NA	NA	NA	NA
NC_045512.2	26243	T	C	8886	7501	36	1	1	34	0.000112524	8887	0.998052	FALSE	NA	NA	NA	NA	NA	NA
NC_045512.2	26244	T	A	8365	7008	36	2	2	26	0.000239034	8367	1	FALSE	NA	NA	NA	NA	NA	NA
NC_045512.2	26245	A	T	8838	7547	36	1	1	34	0.000113122	8840	0.998051	FALSE	E:cds-YP_009724392.1	ATG	M	TTG	L	1
NC_045512.2	26245	A	C	8838	7547	36	1	1	26	0.000113122	8840	1	FALSE	E:cds-YP_009724392.1	ATG	M	CTG	L	1
NC_045512.2	26246	T	C	8794	7508	36	2	2	30	0.000227376	8796	0.98928	FALSE	E:cds-YP_009724392.1	ATG	M	ACG	T	1
NC_045512.2	26247	G	T	9042	7759	36	1	1	34	0.000110583	9043	0.999026	FALSE	E:cds-YP_009724392.1	ATG	M	ATT	I	1
NC_045512.2	26248	T	C	8970	7746	36	1	0	34	0.00011147	8971	0.998052	FALSE	E:cds-YP_009724392.1	TAC	Y	CAC	H	2
NC_045512.2	26250	C	A	11660	10642	36	2	2	30	0.000171497	11662	0.998296	FALSE	E:cds-YP_009724392.1	TAC	Y	TAA	*	2
NC_045512.2	26251	T	C	10838	9804	37	1	1	34	9.22594e-05	10839	0.999513	FALSE	E:cds-YP_009724392.1	TCA	S	CCA	P	3
NC_045512.2	26253	A	G	10949	9966	37	2	1	30	0.000182632	10951	0.996834	FALSE	E:cds-YP_009724392.1	TCA	S	TCG	S	3
NC_045512.2	26254	T	C	11181	10219	37	2	2	51	0.000178843	11183	0.250011	FALSE	E:cds-YP_009724392.1	TTC	F	CTC	L	4
NC_045512.2	26255	T	C	10974	10011	36	6	6	39	0.000546448	10980	0.89506	FALSE	E:cds-YP_009724392.1	TTC	F	TCC	S	4
NC_045512.2	26257	G	T	10998	10085	36	1	1	34	9.09091e-05	11000	0.999756	FALSE	E:cds-YP_009724392.1	GTT	V	TTT	F	5
NC_045512.2	26257	G	A	10998	10085	36	1	1	34	9.09091e-05	11000	0.999756	FALSE	E:cds-YP_009724392.1	GTT	V	ATT	I	5
NC_045512.2	26259	T	C	11031	10186	36	1	1	34	9.06454e-05	11032	0.999757	FALSE	E:cds-YP_009724392.1	GTT	V	GTC	V	5
NC_045512.2	26262	G	A	10877	10029	36	1	1	34	9.19287e-05	10878	0.999513	FALSE	E:cds-YP_009724392.1	TCG	S	TCA	S	6
NC_045512.2	26264	A	T	10883	10061	36	1	1	34	9.1878e-05	10884	0.999513	FALSE	E:cds-YP_009724392.1	GAA	E	GTA	V	7
NC_045512.2	26265	A	G	10907	10097	36	2	1	34	0.000183335	10909	0.996834	FALSE	E:cds-YP_009724392.1	GAA	E	GAG	E	7
NC_045512.2	26266	G	C	10932	10133	36	1	1	26	9.14578e-05	10934	1	FALSE	E:cds-YP_009724392.1	GAG	E	CAG	Q	8
NC_045512.2	26266	G	A	10932	10133	36	1	1	34	9.14578e-05	10934	0.999513	FALSE	E:cds-YP_009724392.1	GAG	E	AAG	K	8
NC_045512.2	26267	A	T	10750	10001	36	1	0	20	9.30146e-05	10751	1	FALSE	E:cds-YP_009724392.1	GAG	E	GTG	V	8
NC_045512.2	26268	G	A	10806	10022	36	1	1	68	9.25326e-05	10807	0.500023	FALSE	E:cds-YP_009724392.1	GAG	E	GAA	E	8
NC_045512.2	26269	A	G	10689	9999	35	1	1	34	9.35454e-05	10690	0.999513	FALSE	E:cds-YP_009724392.1	ACA	T	GCA	A	9
NC_045512.2	26270	C	T	0	0	0	10751	9982	36	0.999907	10752	0	TRUE	E:cds-YP_009724392.1	ACA	T	ATA	I	9
NC_045512.2	26270	C	A	0	0	0	1	1	26	9.3006e-05	10752	0.0100446	FALSE	E:cds-YP_009724392.1	ACA	T	AAA	K	9
NC_045512.2	26272	G	T	10501	9728	36	1	1	34	9.52109e-05	10503	0.999513	FALSE	E:cds-YP_009724392.1	GGT	G	TGT	C	10
NC_045512.2	26272	G	A	10501	9728	36	1	1	34	9.52109e-05	10503	0.999513	FALSE	E:cds-YP_009724392.1	GGT	G	AGT	S	10
NC_045512.2	26273	G	A	10650	9884	36	1	1	34	9.38879e-05	10651	0.999513	FALSE	E:cds-YP_009724392.1	GGT	G	GAT	D	10
NC_045512.2	26274	T	C	10297	9543	35	2	2	34	0.000194194	10299	0.996835	FALSE	E:cds-YP_009724392.1	GGT	G	GGC	G	10
NC_045512.2	26275	A	T	0	0	0	1	1	26	9.67867e-05	10332	0.0100658	FALSE	E:cds-YP_009724392.1	ACG	T	TCG	S	11
NC_045512.2	26275	A	G	0	0	0	10330	9578	36	0.999806	10332	0	TRUE	E:cds-YP_009724392.1	ACG	T	GCG	A	11
NC_045512.2	26275	A	C	0	0	0	1	1	34	9.67867e-05	10332	0.00106465	TRUE	E:cds-YP_009724392.1	ACG	T	CCG	P	11
NC_045512.2	26276	C	T	9957	9226	36	1	1	34	0.000100422	9958	0.999026	FALSE	E:cds-YP_009724392.1	ACG	T	ATG	M	11
NC_045512.2	26278	T	G	6675	5946	33	1	1	34	0.00014979	6676	0.992204	FALSE	E:cds-YP_009724392.1	TTA	L	GTA	V	12
NC_045512.2	26279	T	G	9834	9135	35	1	1	34	0.000101667	9836	0.999026	FALSE	E:cds-YP_009724392.1	TTA	L	TGA	*	12
NC_045512.2	26279	T	C	9834	9135	35	1	1	26	0.000101667	9836	1	FALSE	E:cds-YP_009724392.1	TTA	L	TCA	S	12
NC_045512.2	26281	A	T	9896	9220	35	1	1	34	0.000101041	9897	0.999026	FALSE	E:cds-YP_009724392.1	ATA	I	TTA	L	13
NC_045512.2	26283	A	G	9801	9183	35	2	1	34	0.000204019	9803	0.994154	FALSE	E:cds-YP_009724392.1	ATA	I	ATG	M	13
NC_045512.2	26285	T	G	7646	6997	33	2	2	30	0.000261506	7648	0.980506	FALSE	E:cds-YP_009724392.1	GTT	V	GGT	G	14
NC_045512.2	26286	T	C	8919	8274	34	1	1	34	0.000112108	8920	0.998052	FALSE	E:cds-YP_009724392.1	GTT	V	GTC	V	14
NC_045512.2	26287	A	G	9288	8643	35	1	1	34	0.000107654	9289	0.999026	FALSE	E:cds-YP_009724392.1	AAT	N	GAT	D	15
NC_045512.2	26291	G	A	9113	8495	35	1	1	34	0.000109721	9114	0.999026	FALSE	E:cds-YP_009724392.1	AGC	S	AAC	N	16
NC_045512.2	26292	C	T	8612	8018	35	1	1	34	0.000116104	8613	0.998052	FALSE	E:cds-YP_009724392.1	AGC	S	AGT	S	16
NC_045512.2	26293	G	A	8544	7939	35	4	3	34	0.000467946	8548	0.927101	FALSE	E:cds-YP_009724392.1	GTA	V	ATA	I	17
NC_045512.2	26294	T	C	8362	7782	35	1	1	34	0.00011956	8364	0.998051	FALSE	E:cds-YP_009724392.1	GTA	V	GCA	A	17
NC_045512.2	26294	T	A	8362	7782	35	1	1	26	0.00011956	8364	1	FALSE	E:cds-YP_009724392.1	GTA	V	GAA	E	17
NC_045512.2	26296	C	T	8543	7978	35	3	3	34	0.000351	8547	0.967328	FALSE	E:cds-YP_009724392.1	CTT	L	TTT	F	18
NC_045512.2	26296	C	G	8543	7978	35	1	1	34	0.000117	8547	0.998049	FALSE	E:cds-YP_009724392.1	CTT	L	GTT	V	18
NC_045512.2	26297	T	C	8457	7890	35	1	1	26	0.000118231	8458	1	FALSE	E:cds-YP_009724392.1	CTT	L	CCT	P	18
NC_045512.2	26299	C	-T	8465	7950	35	1	0	20	0.000118133	8465	1	FALSE	NA	NA	NA	NA	NA	NA
NC_045512.2	26300	T	G	8328	7823	34	1	1	34	0.000120062	8329	0.998051	FALSE	E:cds-YP_009724392.1	CTT	L	CGT	R	19
NC_045512.2	26302	T	C	8356	7931	34	1	1	34	0.00011966	8357	0.998052	FALSE	E:cds-YP_009724392.1	TTT	F	CTT	L	20
NC_045512.2	26304	T	C	7586	7166	32	1	1	34	0.000131804	7587	0.996103	FALSE	E:cds-YP_009724392.1	TTT	F	TTC	F	20
NC_045512.2	26305	C	A	8212	7817	34	1	1	34	0.000121758	8213	0.998052	FALSE	E:cds-YP_009724392.1	CTT	L	ATT	I	21
NC_045512.2	26306	T	C	8218	7821	34	5	5	29	0.000608051	8223	1	FALSE	E:cds-YP_009724392.1	CTT	L	CCT	P	21
NC_045512.2	26309	C	T	8115	7734	34	1	1	34	0.000123213	8116	0.998052	FALSE	E:cds-YP_009724392.1	GCT	A	GTT	V	22
NC_045512.2	26310	T	G	8140	7752	34	1	1	34	0.000122835	8141	0.998052	FALSE	E:cds-YP_009724392.1	GCT	A	GCG	A	22
NC_045512.2	26311	T	C	4714	4333	30	2	2	34	0.000424088	4716	0.890749	FALSE	E:cds-YP_009724392.1	TTC	F	CTC	L	23
NC_045512.2	26314	G	C	8112	7754	34	1	1	34	0.000123259	8113	0.998052	FALSE	E:cds-YP_009724392.1	GTG	V	CTG	L	24
NC_045512.2	26315	T	C	8056	7733	34	1	1	34	0.000124116	8057	0.998052	FALSE	E:cds-YP_009724392.1	GTG	V	GCG	A	24
NC_045512.2	26316	G	C	8034	7705	34	1	1	34	0.000124456	8035	0.998052	FALSE	E:cds-YP_009724392.1	GTG	V	GTC	V	24
NC_045512.2	26320	T	C	7822	7523	34	9	9	30	0.00114928	7831	0.40186	FALSE	E:cds-YP_009724392.1	TTC	F	CTC	L	26
NC_045512.2	26321	T	C	7405	7127	33	2	2	34	0.000270015	7407	0.980507	FALSE	E:cds-YP_009724392.1	TTC	F	TCC	S	26
NC_045512.2	26322	C	A	7888	7632	34	2	2	30	0.000253485	7890	0.980504	FALSE	E:cds-YP_009724392.1	TTC	F	TTA	L	26
NC_045512.2	26324	T	C	7659	7411	34	3	3	34	0.000391543	7662	0.945393	FALSE	E:cds-YP_009724392.1	TTG	L	TCG	S	27
NC_045512.2	26326	C	A	7403	7240	34	1	1	34	0.000135062	7404	0.996103	FALSE	E:cds-YP_009724392.1	CTA	L	ATA	I	28
NC_045512.2	26327	T	C	7148	6993	33	2	2	34	0.00027972	7150	0.980508	FALSE	E:cds-YP_009724392.1	CTA	L	CCA	P	28
NC_045512.2	26332	A	G	6643	6537	33	1	1	34	0.000150512	6644	0.992204	FALSE	E:cds-YP_009724392.1	ACA	T	GCA	A	30
NC_045512.2	26333	C	T	6693	6584	33	1	1	34	0.000149365	6695	0.9922	FALSE	E:cds-YP_009724392.1	ACA	T	ATA	I	30
NC_045512.2	26333	C	G	6693	6584	33	1	1	34	0.000149365	6695	0.9922	FALSE	E:cds-YP_009724392.1	ACA	T	AGA	R	30
NC_045512.2	26334	A	G	6619	6515	33	1	1	34	0.000151057	6620	0.992204	FALSE	E:cds-YP_009724392.1	ACA	T	ACG	T	30
NC_045512.2	26626	T	C	11355	584	33	2	0	34	0.000176103	11357	0.998296	FALSE	M:cds-YP_009724393.1	CTA	L	CCA	P	35
NC_045512.2	26627	A	G	11322	580	33	2	0	34	0.000176616	11324	0.998296	FALSE	M:cds-YP_009724393.1	CTA	L	CTG	L	35
NC_045512.2	26628	C	G	12687	651	34	1	0	26	7.88146e-05	12688	1	FALSE	M:cds-YP_009724393.1	CAA	Q	GAA	E	36
NC_045512.2	26632	T	C	12756	721	34	2	0	34	0.00015674	12760	0.999086	FALSE	M:cds-YP_009724393.1	TTT	F	TCT	S	37
NC_045512.2	26632	T	A	12756	721	34	2	0	30	0.00015674	12760	0.999086	FALSE	M:cds-YP_009724393.1	TTT	F	TAT	Y	37
NC_045512.2	26633	T	C	12871	810	34	1	0	34	7.7688e-05	12872	0.999878	FALSE	M:cds-YP_009724393.1	TTT	F	TTC	F	37
NC_045512.2	26635	C	T	14461	1003	34	17	2	36	0.0011742	14478	0.36005	FALSE	M:cds-YP_009724393.1	GCC	A	GTC	V	38
NC_045512.2	26636	C	G	14445	1010	34	9	0	33	0.000622321	14462	0.894859	FALSE	M:cds-YP_009724393.1	GCC	A	GCG	A	38
NC_045512.2	26636	C	A	14445	1010	34	8	0	32	0.000553174	14462	0.933005	FALSE	M:cds-YP_009724393.1	GCC	A	GCA	A	38
NC_045512.2	26637	T	G	14547	984	34	1	0	34	6.87238e-05	14551	0.99997	FALSE	M:cds-YP_009724393.1	TAT	Y	GAT	D	39
NC_045512.2	26637	T	C	14547	984	34	3	0	34	0.000206171	14551	0.998828	FALSE	M:cds-YP_009724393.1	TAT	Y	CAT	H	39
NC_045512.2	26639	T	G	15472	1075	34	5	0	30	0.00032306	15477	0.994107	FALSE	M:cds-YP_009724393.1	TAT	Y	TAG	*	39
NC_045512.2	26640	G	C	15913	1117	35	1	0	34	6.2818e-05	15919	0.999985	FALSE	M:cds-YP_009724393.1	GCC	A	CCC	P	40
NC_045512.2	26640	G	A	15913	1117	35	5	0	34	0.00031409	15919	0.994104	FALSE	M:cds-YP_009724393.1	GCC	A	ACC	T	40
NC_045512.2	26641	C	A	15893	1217	35	2	0	26	0.000125826	15895	1	FALSE	M:cds-YP_009724393.1	GCC	A	GAC	D	40
NC_045512.2	26642	C	T	16030	1221	35	2	1	51	0.000124743	16033	0.249992	FALSE	M:cds-YP_009724393.1	GCC	A	GCT	A	40
NC_045512.2	26642	C	G	16030	1221	35	1	0	34	6.23714e-05	16033	0.999992	FALSE	M:cds-YP_009724393.1	GCC	A	GCG	A	40
NC_045512.2	26643	A	G	16328	1226	35	1	0	34	6.12407e-05	16329	0.999992	FALSE	M:cds-YP_009724393.1	AAC	N	GAC	D	41
NC_045512.2	26644	A	T	10639	1232	32	1	1	26	9.39232e-05	10647	1	FALSE	M:cds-YP_009724393.1	AAC	N	ATC	I	41
NC_045512.2	26644	A	G	10639	1232	32	6	0	31	0.000563539	10647	0.894995	FALSE	M:cds-YP_009724393.1	AAC	N	AGC	S	41
NC_045512.2	26644	A	C	10639	1232	32	1	0	26	9.39232e-05	10647	1	FALSE	M:cds-YP_009724393.1	AAC	N	ACC	T	41
NC_045512.2	26645	C	G	16617	1249	35	23	0	30	0.00138163	16647	0.167965	FALSE	M:cds-YP_009724393.1	AAC	N	AAG	K	41
NC_045512.2	26645	C	A	16617	1249	35	7	0	29	0.000420496	16647	1	FALSE	M:cds-YP_009724393.1	AAC	N	AAA	K	41
NC_045512.2	26646	A	G	16347	1249	34	3	0	34	0.000183486	16350	0.999637	FALSE	M:cds-YP_009724393.1	AGG	R	GGG	G	42
NC_045512.2	26647	G	T	18106	1266	35	6	0	27	0.000331272	18112	1	FALSE	M:cds-YP_009724393.1	AGG	R	ATG	M	42
NC_045512.2	26648	G	T	19481	1653	35	1	0	26	5.13294e-05	19482	1	FALSE	M:cds-YP_009724393.1	AGG	R	AGT	S	42
NC_045512.2	26649	A	G	19233	1730	35	3	1	30	0.000155958	19236	0.99994	FALSE	M:cds-YP_009724393.1	AAT	N	GAT	D	43
NC_045512.2	26650	A	G	19256	1782	35	15	1	29	0.000778372	19271	1	FALSE	M:cds-YP_009724393.1	AAT	N	AGT	S	43
NC_045512.2	26650	A	-T	19256	1782	35	2	0	20	0.000103783	19271	1	FALSE	NA	NA	NA	NA	NA	NA
NC_045512.2	26651	T	G	19323	1769	35	28	1	34	0.00144643	19358	0.12105	FALSE	M:cds-YP_009724393.1	AAT	N	AAG	K	43
NC_045512.2	26651	T	C	19323	1769	35	7	0	34	0.000361608	19358	0.995282	FALSE	M:cds-YP_009724393.1	AAT	N	AAC	N	43
NC_045512.2	26652	A	T	18614	1788	35	4	0	32	0.000214673	18633	0.999571	FALSE	M:cds-YP_009724393.1	AGG	R	TGG	W	44
NC_045512.2	26652	A	G	18614	1788	35	14	1	35	0.000751355	18633	0.811395	FALSE	M:cds-YP_009724393.1	AGG	R	GGG	G	44
NC_045512.2	26652	A	C	18614	1788	35	1	0	34	5.36682e-05	18633	0.999998	FALSE	M:cds-YP_009724393.1	AGG	R	CGG	R	44
NC_045512.2	26652	A	+T	18614	1788	35	3	0	20	0.000161005	18633	1	FALSE	NA	NA	NA	NA	NA	NA
NC_045512.2	26653	G	T	25767	1893	35	18	0	29	0.00069808	25785	1	FALSE	M:cds-YP_009724393.1	AGG	R	ATG	M	44
NC_045512.2	26654	G	T	26253	1931	35	1	0	34	3.80894e-05	26254	1	FALSE	M:cds-YP_009724393.1	AGG	R	AGT	S	44
NC_045512.2	26655	T	G	25164	1928	35	3	0	34	0.00011919	25170	0.999998	FALSE	M:cds-YP_009724393.1	TTT	F	GTT	V	45
NC_045512.2	26655	T	C	25164	1928	35	1	1	68	3.97298e-05	25170	0.49996	FALSE	M:cds-YP_009724393.1	TTT	F	CTT	L	45
NC_045512.2	26655	T	A	25164	1928	35	2	0	30	7.94597e-05	25170	1	FALSE	M:cds-YP_009724393.1	TTT	F	ATT	I	45
NC_045512.2	26656	T	C	25728	1975	35	1	0	34	3.88666e-05	25729	1	FALSE	M:cds-YP_009724393.1	TTT	F	TCT	S	45
NC_045512.2	26657	T	C	26154	1700	35	2	0	30	7.64643e-05	26156	1	FALSE	M:cds-YP_009724393.1	TTT	F	TTC	F	45
NC_045512.2	26658	T	G	26521	2010	35	5	0	29	0.00018848	26528	1	FALSE	M:cds-YP_009724393.1	TTG	L	GTG	V	46
NC_045512.2	26658	T	C	26521	2010	35	1	0	34	3.7696e-05	26528	1	FALSE	M:cds-YP_009724393.1	TTG	L	CTG	L	46
NC_045512.2	26658	T	A	26521	2010	35	1	0	26	3.7696e-05	26528	1	FALSE	M:cds-YP_009724393.1	TTG	L	ATG	M	46
NC_045512.2	26659	T	C	26583	2027	35	2	0	34	7.52276e-05	26586	1	FALSE	M:cds-YP_009724393.1	TTG	L	TCG	S	46
NC_045512.2	26659	T	A	26583	2027	35	1	0	34	3.76138e-05	26586	1	FALSE	M:cds-YP_009724393.1	TTG	L	TAG	*	46
NC_045512.2	26660	G	T	28265	2030	35	6	0	31	0.000212224	28272	0.999981	FALSE	M:cds-YP_009724393.1	TTG	L	TTT	F	46
NC_045512.2	26660	G	A	28265	2030	35	1	0	26	3.53707e-05	28272	1	FALSE	M:cds-YP_009724393.1	TTG	L	TTA	L	46
NC_045512.2	26661	T	C	28380	2194	36	2	0	34	7.04647e-05	28383	1	FALSE	M:cds-YP_009724393.1	TAT	Y	CAT	H	47
NC_045512.2	26661	T	A	28380	2194	36	1	0	34	3.52324e-05	28383	1	FALSE	M:cds-YP_009724393.1	TAT	Y	AAT	N	47
NC_045512.2	26663	T	G	28778	2284	36	1	0	34	3.47464e-05	28780	1	FALSE	M:cds-YP_009724393.1	TAT	Y	TAG	*	47
NC_045512.2	26663	T	C	28778	2284	36	1	0	34	3.47464e-05	28780	1	FALSE	M:cds-YP_009724393.1	TAT	Y	TAC	Y	47
NC_045512.2	26664	A	G	28404	2395	36	4	0	32	0.000140805	28408	0.999999	FALSE	M:cds-YP_009724393.1	ATA	I	GTA	V	48
NC_045512.2	26665	T	G	29297	2399	36	1	0	27	3.41309e-05	29299	1	FALSE	M:cds-YP_009724393.1	ATA	I	AGA	R	48
NC_045512.2	26665	T	C	29297	2399	36	1	0	26	3.41309e-05	29299	1	FALSE	M:cds-YP_009724393.1	ATA	I	ACA	T	48
NC_045512.2	26667	A	G	29528	2487	36	2	0	34	6.77254e-05	29531	1	FALSE	M:cds-YP_009724393.1	ATT	I	GTT	V	49
NC_045512.2	26667	A	C	29528	2487	36	1	0	26	3.38627e-05	29531	1	FALSE	M:cds-YP_009724393.1	ATT	I	CTT	L	49
NC_045512.2	26668	T	G	28746	2460	35	3	0	31	0.000104351	28749	1	FALSE	M:cds-YP_009724393.1	ATT	I	AGT	S	49
NC_045512.2	26669	T	G	23012	2480	33	4	0	28	0.000173785	23017	1	FALSE	M:cds-YP_009724393.1	ATT	I	ATG	M	49
NC_045512.2	26669	T	C	23012	2480	33	1	0	34	4.34461e-05	23017	1	FALSE	M:cds-YP_009724393.1	ATT	I	ATC	I	49
NC_045512.2	26670	A	G	29555	2525	36	4	0	34	0.000135323	29559	0.999999	FALSE	M:cds-YP_009724393.1	AAG	K	GAG	E	50
NC_045512.2	26672	G	A	29896	2559	36	1	0	34	3.34482e-05	29897	1	FALSE	M:cds-YP_009724393.1	AAG	K	AAA	K	50
NC_045512.2	26673	T	G	29419	2304	36	2	0	26	6.79717e-05	29424	1	FALSE	M:cds-YP_009724393.1	TTA	L	GTA	V	51
NC_045512.2	26673	T	C	29419	2304	36	3	1	31	0.000101958	29424	1	FALSE	M:cds-YP_009724393.1	TTA	L	CTA	L	51
NC_045512.2	26674	T	C	29650	2483	36	1	0	26	3.37245e-05	29652	1	FALSE	M:cds-YP_009724393.1	TTA	L	TCA	S	51
NC_045512.2	26674	T	A	29650	2483	36	1	0	34	3.37245e-05	29652	1	FALSE	M:cds-YP_009724393.1	TTA	L	TAA	*	51
NC_045512.2	26675	A	G	29127	2632	36	3	0	34	0.000102987	29130	1	FALSE	M:cds-YP_009724393.1	TTA	L	TTG	L	51
NC_045512.2	26676	A	-T	29546	2774	36	1	0	20	3.38455e-05	29546	1	FALSE	NA	NA	NA	NA	NA	NA
NC_045512.2	26677	T	G	30331	2828	36	7	0	34	0.000230696	30343	0.999979	FALSE	M:cds-YP_009724393.1	ATT	I	AGT	S	52
NC_045512.2	26677	T	C	30331	2828	36	2	1	47	6.59131e-05	30343	0.812407	FALSE	M:cds-YP_009724393.1	ATT	I	ACT	T	52
NC_045512.2	26677	T	A	30331	2828	36	3	0	28	9.88696e-05	30343	1	FALSE	M:cds-YP_009724393.1	ATT	I	AAT	N	52
NC_045512.2	26678	T	G	30258	2855	36	5	0	32	0.000165202	30266	0.999998	FALSE	M:cds-YP_009724393.1	ATT	I	ATG	M	52
NC_045512.2	26678	T	C	30258	2855	36	2	0	34	6.60808e-05	30266	1	FALSE	M:cds-YP_009724393.1	ATT	I	ATC	I	52
NC_045512.2	26678	T	A	30258	2855	36	1	0	34	3.30404e-05	30266	1	FALSE	M:cds-YP_009724393.1	ATT	I	ATA	I	52
NC_045512.2	26679	T	C	30342	2845	36	7	1	36	0.00023065	30349	0.999979	FALSE	M:cds-YP_009724393.1	TTC	F	CTC	L	53
NC_045512.2	26681	C	T	30533	2875	36	1	1	34	3.27504e-05	30534	1	FALSE	M:cds-YP_009724393.1	TTC	F	TTT	F	53
NC_045512.2	26682	C	T	30705	3429	37	2	1	34	6.51232e-05	30711	1	FALSE	M:cds-YP_009724393.1	CTC	L	TTC	F	54
NC_045512.2	26682	C	G	30705	3429	37	3	0	26	9.76849e-05	30711	1	FALSE	M:cds-YP_009724393.1	CTC	L	GTC	V	54
NC_045512.2	26682	C	A	30705	3429	37	1	0	34	3.25616e-05	30711	1	FALSE	M:cds-YP_009724393.1	CTC	L	ATC	I	54
NC_045512.2	26683	T	G	30667	3274	37	14	0	31	0.000456249	30685	0.995228	FALSE	M:cds-YP_009724393.1	CTC	L	CGC	R	54
NC_045512.2	26683	T	A	30667	3274	37	4	0	28	0.000130357	30685	1	FALSE	M:cds-YP_009724393.1	CTC	L	CAC	H	54
NC_045512.2	26684	C	T	31137	3485	37	1	0	34	3.21151e-05	31138	1	FALSE	M:cds-YP_009724393.1	CTC	L	CTT	L	54
NC_045512.2	26685	T	C	30979	3400	37	1	0	34	3.22789e-05	30980	1	FALSE	M:cds-YP_009724393.1	TGG	W	CGG	R	55
NC_045512.2	26686	G	T	31917	3523	37	3	0	34	9.39791e-05	31922	1	FALSE	M:cds-YP_009724393.1	TGG	W	TTG	L	55
NC_045512.2	26686	G	A	31917	3523	37	2	0	34	6.26527e-05	31922	1	FALSE	M:cds-YP_009724393.1	TGG	W	TAG	*	55
NC_045512.2	26687	G	A	31931	3523	37	2	0	34	6.26311e-05	31933	1	FALSE	M:cds-YP_009724393.1	TGG	W	TGA	*	55
NC_045512.2	26688	C	T	32351	4043	38	2	1	51	6.18142e-05	32355	0.249988	FALSE	M:cds-YP_009724393.1	CTG	L	TTG	L	56
NC_045512.2	26688	C	G	32351	4043	38	2	0	34	6.18142e-05	32355	1	FALSE	M:cds-YP_009724393.1	CTG	L	GTG	V	56
NC_045512.2	26689	T	C	32856	4190	38	6	0	34	0.000182576	32863	0.999998	FALSE	M:cds-YP_009724393.1	CTG	L	CCG	P	56
NC_045512.2	26689	T	A	32856	4190	38	1	0	34	3.04294e-05	32863	1	FALSE	M:cds-YP_009724393.1	CTG	L	CAG	Q	56
NC_045512.2	26690	G	T	35427	4343	38	6	0	30	0.000169315	35437	1	FALSE	M:cds-YP_009724393.1	CTG	L	CTT	L	56
NC_045512.2	26690	G	A	35427	4343	38	4	0	32	0.000112876	35437	1	FALSE	M:cds-YP_009724393.1	CTG	L	CTA	L	56
NC_045512.2	26691	T	G	35295	4397	38	1	0	34	2.83222e-05	35308	1	FALSE	M:cds-YP_009724393.1	TTA	L	GTA	V	57
NC_045512.2	26691	T	C	35295	4397	38	11	1	39	0.000311544	35308	0.999922	FALSE	M:cds-YP_009724393.1	TTA	L	CTA	L	57
NC_045512.2	26691	T	A	35295	4397	38	1	1	20	2.83222e-05	35308	1	FALSE	M:cds-YP_009724393.1	TTA	L	ATA	I	57
NC_045512.2	26692	T	G	34688	4184	37	1	0	34	2.88243e-05	34693	1	FALSE	M:cds-YP_009724393.1	TTA	L	TGA	*	57
NC_045512.2	26692	T	C	34688	4184	37	4	1	51	0.000115297	34693	0.0624946	FALSE	M:cds-YP_009724393.1	TTA	L	TCA	S	57
NC_045512.2	26693	A	T	16842	4729	36	218	0	28	0.0127769	17062	0.00813647	TRUE	M:cds-YP_009724393.1	TTA	L	TTT	F	57
NC_045512.2	26693	A	G	16842	4729	36	2	0	51	0.00011722	17062	0.246803	FALSE	M:cds-YP_009724393.1	TTA	L	TTG	L	57
NC_045512.2	26694	T	G	35604	4448	38	1	0	26	2.80836e-05	35608	1	FALSE	M:cds-YP_009724393.1	TGG	W	GGG	G	58
NC_045512.2	26694	T	C	35604	4448	38	2	0	34	5.61672e-05	35608	1	FALSE	M:cds-YP_009724393.1	TGG	W	CGG	R	58
NC_045512.2	26694	T	A	35604	4448	38	1	0	34	2.80836e-05	35608	1	FALSE	M:cds-YP_009724393.1	TGG	W	AGG	R	58
NC_045512.2	26695	G	T	35863	4479	38	2	0	34	5.57631e-05	35866	1	FALSE	M:cds-YP_009724393.1	TGG	W	TTG	L	58
NC_045512.2	26695	G	A	35863	4479	38	1	0	34	2.78816e-05	35866	1	FALSE	M:cds-YP_009724393.1	TGG	W	TAG	*	58
NC_045512.2	26696	G	C	36155	4850	38	3	1	34	8.29646e-05	36160	1	FALSE	M:cds-YP_009724393.1	TGG	W	TGC	C	58
NC_045512.2	26696	G	A	36155	4850	38	2	1	51	5.53097e-05	36160	0.249983	FALSE	M:cds-YP_009724393.1	TGG	W	TGA	*	58
NC_045512.2	26697	C	T	36253	4924	39	7	3	43	0.000193024	36265	0.171813	FALSE	M:cds-YP_009724393.1	CCA	P	TCA	S	59
NC_045512.2	26697	C	G	36253	4924	39	4	0	32	0.000110299	36265	1	FALSE	M:cds-YP_009724393.1	CCA	P	GCA	A	59
NC_045512.2	26697	C	A	36253	4924	39	1	0	34	2.75748e-05	36265	1	FALSE	M:cds-YP_009724393.1	CCA	P	ACA	T	59
NC_045512.2	26698	C	T	36464	4957	38	5	0	34	0.000137091	36472	1	FALSE	M:cds-YP_009724393.1	CCA	P	CTA	L	59
NC_045512.2	26698	C	A	36464	4957	38	3	0	45	8.22549e-05	36472	0.656205	FALSE	M:cds-YP_009724393.1	CCA	P	CAA	Q	59
NC_045512.2	26699	A	G	36280	4935	38	6	1	34	0.000165353	36286	1	FALSE	M:cds-YP_009724393.1	CCA	P	CCG	P	59
NC_045512.2	26700	G	T	37831	5001	38	4	1	40	0.000105711	37839	0.499957	FALSE	M:cds-YP_009724393.1	GTA	V	TTA	L	60
NC_045512.2	26700	G	A	37831	5001	38	4	1	59	0.000105711	37839	0.0624851	FALSE	M:cds-YP_009724393.1	GTA	V	ATA	I	60
NC_045512.2	26701	T	C	37722	5654	39	3	1	30	7.95165e-05	37728	1	FALSE	M:cds-YP_009724393.1	GTA	V	GCA	A	60
NC_045512.2	26701	T	A	37722	5654	39	3	2	28	7.95165e-05	37728	1	FALSE	M:cds-YP_009724393.1	GTA	V	GAA	E	60
NC_045512.2	26702	A	T	37031	5733	39	1	0	34	2.70022e-05	37034	1	FALSE	M:cds-YP_009724393.1	GTA	V	GTT	V	60
NC_045512.2	26702	A	G	37031	5733	39	2	0	34	5.40044e-05	37034	1	FALSE	M:cds-YP_009724393.1	GTA	V	GTG	V	60
NC_045512.2	26703	A	T	38060	5749	39	4	0	27	0.000105072	38069	1	FALSE	M:cds-YP_009724393.1	ACT	T	TCT	S	61
NC_045512.2	26703	A	G	38060	5749	39	4	0	34	0.000105072	38069	1	FALSE	M:cds-YP_009724393.1	ACT	T	GCT	A	61
NC_045512.2	26703	A	C	38060	5749	39	1	0	26	2.62681e-05	38069	1	FALSE	M:cds-YP_009724393.1	ACT	T	CCT	P	61
NC_045512.2	26704	C	A	39102	5816	39	1	0	26	2.55735e-05	39103	1	FALSE	M:cds-YP_009724393.1	ACT	T	AAT	N	61
NC_045512.2	26705	T	G	38879	6045	39	1	1	27	2.57195e-05	38881	1	FALSE	M:cds-YP_009724393.1	ACT	T	ACG	T	61
NC_045512.2	26705	T	C	38879	6045	39	1	1	27	2.57195e-05	38881	1	FALSE	M:cds-YP_009724393.1	ACT	T	ACC	T	61
NC_045512.2	26706	T	A	38571	6024	39	2	0	30	5.18497e-05	38573	1	FALSE	M:cds-YP_009724393.1	TTA	L	ATA	I	62
NC_045512.2	26707	T	A	37436	6343	39	1	0	24	2.67115e-05	37437	1	FALSE	M:cds-YP_009724393.1	TTA	L	TAA	*	62
NC_045512.2	26708	A	G	37621	6351	39	1	1	68	2.65795e-05	37623	0.5	FALSE	M:cds-YP_009724393.1	TTA	L	TTG	L	62
NC_045512.2	26708	A	C	37621	6351	39	1	1	27	2.65795e-05	37623	1	FALSE	M:cds-YP_009724393.1	TTA	L	TTC	F	62
NC_045512.2	26709	G	C	2	0	30	1	0	34	2.82087e-05	35450	0.00304337	TRUE	M:cds-YP_009724393.1	GCT	A	CCT	P	63
NC_045512.2	26709	G	A	2	0	30	35447	6557	38	0.999915	35450	0	TRUE	M:cds-YP_009724393.1	GCT	A	ACT	T	63
NC_045512.2	26710	C	A	37053	6886	39	1	0	26	2.69876e-05	37054	1	FALSE	M:cds-YP_009724393.1	GCT	A	GAT	D	63
NC_045512.2	26711	T	G	36813	6873	39	1	0	34	2.71606e-05	36818	1	FALSE	M:cds-YP_009724393.1	GCT	A	GCG	A	63
NC_045512.2	26711	T	C	36813	6873	39	4	1	42	0.000108643	36818	0.5	FALSE	M:cds-YP_009724393.1	GCT	A	GCC	A	63
NC_045512.2	26712	T	G	36532	6837	39	1	0	27	2.7371e-05	36535	1	FALSE	M:cds-YP_009724393.1	TGT	C	GGT	G	64
NC_045512.2	26712	T	C	36532	6837	39	2	0	34	5.4742e-05	36535	1	FALSE	M:cds-YP_009724393.1	TGT	C	CGT	R	64
NC_045512.2	26713	G	T	37694	6736	39	2	0	30	5.3056e-05	37696	1	FALSE	M:cds-YP_009724393.1	TGT	C	TTT	F	64
NC_045512.2	26714	T	C	37609	7027	39	1	0	34	2.6588e-05	37611	1	FALSE	M:cds-YP_009724393.1	TGT	C	TGC	C	64
NC_045512.2	26714	T	A	37609	7027	39	1	0	26	2.6588e-05	37611	1	FALSE	M:cds-YP_009724393.1	TGT	C	TGA	*	64
NC_045512.2	26715	T	G	36564	6426	38	1	1	27	2.73478e-05	36566	1	FALSE	M:cds-YP_009724393.1	TTT	F	GTT	V	65
NC_045512.2	26715	T	C	36564	6426	38	1	0	34	2.73478e-05	36566	1	FALSE	M:cds-YP_009724393.1	TTT	F	CTT	L	65
NC_045512.2	26716	T	C	35393	7741	39	1	0	34	2.82526e-05	35395	1	FALSE	M:cds-YP_009724393.1	TTT	F	TCT	S	65
NC_045512.2	26716	T	A	35393	7741	39	1	0	34	2.82526e-05	35395	1	FALSE	M:cds-YP_009724393.1	TTT	F	TAT	Y	65
NC_045512.2	26717	T	C	35290	7756	39	6	1	39	0.000169981	35298	1	FALSE	M:cds-YP_009724393.1	TTT	F	TTC	F	65
NC_045512.2	26717	T	A	35290	7756	39	2	0	30	5.66604e-05	35298	1	FALSE	M:cds-YP_009724393.1	TTT	F	TTA	L	65
NC_045512.2	26718	G	T	35594	7780	39	1	0	34	2.8093e-05	35596	1	FALSE	M:cds-YP_009724393.1	GTG	V	TTG	L	66
NC_045512.2	26718	G	A	35594	7780	39	1	0	68	2.8093e-05	35596	0.5	FALSE	M:cds-YP_009724393.1	GTG	V	ATG	M	66
NC_045512.2	26719	T	G	35887	9440	40	1	0	34	2.78567e-05	35898	1	FALSE	M:cds-YP_009724393.1	GTG	V	GGG	G	66
NC_045512.2	26719	T	C	35887	9440	40	8	2	46	0.000222854	35898	0.113245	FALSE	M:cds-YP_009724393.1	GTG	V	GCG	A	66
NC_045512.2	26719	T	A	35887	9440	40	2	0	30	5.57134e-05	35898	1	FALSE	M:cds-YP_009724393.1	GTG	V	GAG	E	66
NC_045512.2	26720	G	T	36703	9418	40	4	0	32	0.00010895	36714	1	FALSE	M:cds-YP_009724393.1	GTG	V	GTT	V	66
NC_045512.2	26720	G	A	36703	9418	40	7	0	31	0.000190663	36714	0.999999	FALSE	M:cds-YP_009724393.1	GTG	V	GTA	V	66
NC_045512.2	26721	C	T	34663	9931	40	1	1	34	2.88484e-05	34664	1	FALSE	M:cds-YP_009724393.1	CTT	L	TTT	F	67
NC_045512.2	26722	T	G	35116	9810	40	1	0	26	2.84754e-05	35118	1	FALSE	M:cds-YP_009724393.1	CTT	L	CGT	R	67
NC_045512.2	26722	T	C	35116	9810	40	1	0	34	2.84754e-05	35118	1	FALSE	M:cds-YP_009724393.1	CTT	L	CCT	P	67
NC_045512.2	26723	T	G	35001	9802	40	1	0	34	2.85649e-05	35008	1	FALSE	M:cds-YP_009724393.1	CTT	L	CTG	L	67
NC_045512.2	26723	T	C	35001	9802	40	5	1	40	0.000142824	35008	0.363258	FALSE	M:cds-YP_009724393.1	CTT	L	CTC	L	67
NC_045512.2	26723	T	A	35001	9802	40	1	0	34	2.85649e-05	35008	1	FALSE	M:cds-YP_009724393.1	CTT	L	CTA	L	67
NC_045512.2	26724	G	A	35085	9915	40	2	0	34	5.70012e-05	35087	1	FALSE	M:cds-YP_009724393.1	GCT	A	ACT	T	68
NC_045512.2	26725	C	T	34851	10022	40	8	5	42	0.000229496	34859	0.113272	FALSE	M:cds-YP_009724393.1	GCT	A	GTT	V	68
NC_045512.2	26726	T	C	35556	10691	40	6	2	38	0.000168715	35563	1	FALSE	M:cds-YP_009724393.1	GCT	A	GCC	A	68
NC_045512.2	26726	T	A	35556	10691	40	1	0	26	2.81191e-05	35563	1	FALSE	M:cds-YP_009724393.1	GCT	A	GCA	A	68
NC_045512.2	26727	G	T	35715	10484	40	2	1	51	5.53495e-05	36134	0.24711	FALSE	M:cds-YP_009724393.1	GCT	A	TCT	S	69
NC_045512.2	26727	G	A	35715	10484	40	417	89	39	0.0115404	36134	4.57814e-84	TRUE	M:cds-YP_009724393.1	GCT	A	ACT	T	69
NC_045512.2	26728	C	T	35138	11006	40	3	3	45	8.53704e-05	35141	0.65627	FALSE	M:cds-YP_009724393.1	GCT	A	GTT	V	69
NC_045512.2	26729	T	C	35502	10891	40	2	0	34	5.63317e-05	35504	1	FALSE	M:cds-YP_009724393.1	GCT	A	GCC	A	69
NC_045512.2	26730	G	T	35834	10955	40	1	0	34	2.79026e-05	35839	1	FALSE	M:cds-YP_009724393.1	GTT	V	TTT	F	70
NC_045512.2	26730	G	C	35834	10955	40	1	1	34	2.79026e-05	35839	1	FALSE	M:cds-YP_009724393.1	GTT	V	CTT	L	70
NC_045512.2	26730	G	A	35834	10955	40	3	0	34	8.37077e-05	35839	1	FALSE	M:cds-YP_009724393.1	GTT	V	ATT	I	70
NC_045512.2	26731	T	G	32112	7302	37	1	1	26	3.114e-05	32113	1	FALSE	M:cds-YP_009724393.1	GTT	V	GGT	G	70
NC_045512.2	26732	T	C	35778	10943	40	2	1	40	5.58971e-05	35780	0.812517	FALSE	M:cds-YP_009724393.1	GTT	V	GTC	V	70
NC_045512.2	26733	T	G	36077	10937	40	1	0	34	2.77154e-05	36081	1	FALSE	M:cds-YP_009724393.1	TAC	Y	GAC	D	71
NC_045512.2	26733	T	C	36077	10937	40	2	0	51	5.54308e-05	36081	0.24999	FALSE	M:cds-YP_009724393.1	TAC	Y	CAC	H	71
NC_045512.2	26733	T	A	36077	10937	40	1	0	26	2.77154e-05	36081	1	FALSE	M:cds-YP_009724393.1	TAC	Y	AAC	N	71
NC_045512.2	26734	A	G	35805	10745	40	2	1	34	5.58519e-05	35809	1	FALSE	M:cds-YP_009724393.1	TAC	Y	TGC	C	71
NC_045512.2	26734	A	C	35805	10745	40	2	0	34	5.58519e-05	35809	1	FALSE	M:cds-YP_009724393.1	TAC	Y	TCC	S	71
NC_045512.2	26735	C	T	34866	11048	39	8	1	42	0.000229397	34874	0.113272	FALSE	M:cds-YP_009724393.1	TAC	Y	TAT	Y	71
NC_045512.2	26736	A	G	34179	10503	39	1	0	34	2.92569e-05	34180	1	FALSE	M:cds-YP_009724393.1	AGA	R	GGA	G	72
NC_045512.2	26737	G	T	35666	10801	39	1	0	34	2.80348e-05	35670	1	FALSE	M:cds-YP_009724393.1	AGA	R	ATA	I	72
NC_045512.2	26737	G	A	35666	10801	39	3	1	34	8.41043e-05	35670	1	FALSE	M:cds-YP_009724393.1	AGA	R	AAA	K	72
NC_045512.2	26738	A	T	36164	11749	40	2	0	68	5.52318e-05	36211	0.249693	FALSE	M:cds-YP_009724393.1	AGA	R	AGT	S	72
NC_045512.2	26738	A	G	36164	11749	40	45	10	37	0.00124272	36211	0.18692	FALSE	M:cds-YP_009724393.1	AGA	R	AGG	R	72
NC_045512.2	26740	T	G	35857	12288	40	1	0	34	2.78862e-05	35860	1	FALSE	M:cds-YP_009724393.1	ATA	I	AGA	R	73
NC_045512.2	26740	T	C	35857	12288	40	2	0	47	5.57724e-05	35860	0.812509	FALSE	M:cds-YP_009724393.1	ATA	I	ACA	T	73
NC_045512.2	26741	A	T	34607	12030	39	1	0	34	2.88934e-05	34610	1	FALSE	M:cds-YP_009724393.1	ATA	I	ATT	I	73
NC_045512.2	26741	A	G	34607	12030	39	2	2	34	5.77868e-05	34610	1	FALSE	M:cds-YP_009724393.1	ATA	I	ATG	M	73
NC_045512.2	26742	A	T	34636	12121	39	3	0	29	8.66076e-05	34639	1	FALSE	M:cds-YP_009724393.1	AAT	N	TAT	Y	74
NC_045512.2	26743	A	G	34349	12168	39	3	0	42	8.73261e-05	34354	0.656243	FALSE	M:cds-YP_009724393.1	AAT	N	AGT	S	74
NC_045512.2	26743	A	C	34349	12168	39	2	1	26	5.82174e-05	34354	1	FALSE	M:cds-YP_009724393.1	AAT	N	ACT	T	74
NC_045512.2	26744	T	C	35445	12276	40	2	1	34	5.64223e-05	35447	1	FALSE	M:cds-YP_009724393.1	AAT	N	AAC	N	74
NC_045512.2	26745	T	C	35179	12538	40	8	3	33	0.000227357	35187	0.999996	FALSE	M:cds-YP_009724393.1	TGG	W	CGG	R	75
NC_045512.2	26746	G	T	34698	12085	40	1	0	34	2.88168e-05	34702	1	FALSE	M:cds-YP_009724393.1	TGG	W	TTG	L	75
NC_045512.2	26746	G	C	34698	12085	40	1	1	34	2.88168e-05	34702	1	FALSE	M:cds-YP_009724393.1	TGG	W	TCG	S	75
NC_045512.2	26746	G	A	34698	12085	40	2	1	34	5.76336e-05	34702	1	FALSE	M:cds-YP_009724393.1	TGG	W	TAG	*	75
NC_045512.2	26747	G	C	34555	12177	39	1	1	34	2.89352e-05	34560	1	FALSE	M:cds-YP_009724393.1	TGG	W	TGC	C	75
NC_045512.2	26747	G	A	34555	12177	39	4	1	34	0.000115741	34560	1	FALSE	M:cds-YP_009724393.1	TGG	W	TGA	*	75
NC_045512.2	26748	A	G	33790	12222	39	2	1	34	5.91856e-05	33792	1	FALSE	M:cds-YP_009724393.1	ATC	I	GTC	V	76
NC_045512.2	26749	T	C	33484	12852	39	4	2	49	0.000119446	33488	0.500016	FALSE	M:cds-YP_009724393.1	ATC	I	ACC	T	76
NC_045512.2	26750	C	G	33728	13294	40	1	0	26	2.96481e-05	33729	1	FALSE	M:cds-YP_009724393.1	ATC	I	ATG	M	76
NC_045512.2	26752	C	T	33766	13425	39	1	0	34	2.96121e-05	33770	1	FALSE	M:cds-YP_009724393.1	ACC	T	ATC	I	77
NC_045512.2	26752	C	G	33766	13425	39	1	0	27	2.96121e-05	33770	1	FALSE	M:cds-YP_009724393.1	ACC	T	AGC	S	77
NC_045512.2	26752	C	A	33766	13425	39	2	0	34	5.92242e-05	33770	1	FALSE	M:cds-YP_009724393.1	ACC	T	AAC	N	77
NC_045512.2	26753	C	T	30225	14601	38	3	0	34	9.92457e-05	30228	1	FALSE	M:cds-YP_009724393.1	ACC	T	ACT	T	77
NC_045512.2	26754	G	C	30235	14546	38	1	1	34	3.30699e-05	30239	1	FALSE	M:cds-YP_009724393.1	GGT	G	CGT	R	78
NC_045512.2	26754	G	A	30235	14546	38	3	2	56	9.92096e-05	30239	0.124994	FALSE	M:cds-YP_009724393.1	GGT	G	AGT	S	78
NC_045512.2	26755	G	T	30597	14732	38	2	1	47	6.53616e-05	30599	0.81252	FALSE	M:cds-YP_009724393.1	GGT	G	GTT	V	78
NC_045512.2	26756	T	G	30258	14416	38	1	1	26	3.30458e-05	30261	1	FALSE	M:cds-YP_009724393.1	GGT	G	GGG	G	78
NC_045512.2	26756	T	C	30258	14416	38	2	1	34	6.60917e-05	30261	1	FALSE	M:cds-YP_009724393.1	GGT	G	GGC	G	78
NC_045512.2	26756	T	-G	30258	14416	38	1	0	20	3.30458e-05	30261	1	FALSE	NA	NA	NA	NA	NA	NA
NC_045512.2	26757	G	T	30491	14467	38	6	4	41	0.000196702	30503	0.253793	FALSE	M:cds-YP_009724393.1	GGA	G	TGA	*	79
NC_045512.2	26757	G	C	30491	14467	38	3	3	29	9.8351e-05	30503	1	FALSE	M:cds-YP_009724393.1	GGA	G	CGA	R	79
NC_045512.2	26757	G	A	30491	14467	38	3	1	31	9.8351e-05	30503	1	FALSE	M:cds-YP_009724393.1	GGA	G	AGA	R	79
NC_045512.2	26759	A	T	28600	14802	36	2	2	26	6.99105e-05	28608	1	FALSE	M:cds-YP_009724393.1	GGA	G	GGT	G	79
NC_045512.2	26759	A	G	28600	14802	36	6	3	31	0.000209732	28608	0.999981	FALSE	M:cds-YP_009724393.1	GGA	G	GGG	G	79
NC_045512.2	26760	A	T	30833	14883	38	1	0	26	3.24307e-05	30835	1	FALSE	M:cds-YP_009724393.1	ATT	I	TTT	F	80
NC_045512.2	26760	A	G	30833	14883	38	1	1	34	3.24307e-05	30835	1	FALSE	M:cds-YP_009724393.1	ATT	I	GTT	V	80
NC_045512.2	26762	T	C	28131	14493	37	5	2	32	0.000177702	28137	0.999995	FALSE	M:cds-YP_009724393.1	ATT	I	ATC	I	80
NC_045512.2	26762	T	A	28131	14493	37	1	0	27	3.55404e-05	28137	1	FALSE	M:cds-YP_009724393.1	ATT	I	ATA	I	80
NC_045512.2	26763	G	T	29512	15095	38	1	1	60	3.38799e-05	29516	0.499983	FALSE	M:cds-YP_009724393.1	GCT	A	TCT	S	81
NC_045512.2	26763	G	A	29512	15095	38	3	2	34	0.00010164	29516	1	FALSE	M:cds-YP_009724393.1	GCT	A	ACT	T	81
NC_045512.2	26764	C	T	29737	15866	38	40	23	39	0.00134332	29777	0.114092	FALSE	M:cds-YP_009724393.1	GCT	A	GTT	V	81
NC_045512.2	26765	T	C	27102	13203	37	11	6	35	0.00040568	27115	0.997458	FALSE	M:cds-YP_009724393.1	GCT	A	GCC	A	81
NC_045512.2	26765	T	A	27102	13203	37	2	2	26	7.37599e-05	27115	1	FALSE	M:cds-YP_009724393.1	GCT	A	GCA	A	81
NC_045512.2	26766	A	G	29723	15741	38	2	1	34	6.72812e-05	29726	1	FALSE	M:cds-YP_009724393.1	ATC	I	GTC	V	82
NC_045512.2	26766	A	C	29723	15741	38	1	0	26	3.36406e-05	29726	1	FALSE	M:cds-YP_009724393.1	ATC	I	CTC	L	82
NC_045512.2	26767	T	G	29150	15700	37	10	0	30	0.000342912	29162	0.999469	FALSE	M:cds-YP_009724393.1	ATC	I	AGC	S	82
NC_045512.2	26767	T	C	29150	15700	37	1	1	34	3.42912e-05	29162	1	FALSE	M:cds-YP_009724393.1	ATC	I	ACC	T	82
NC_045512.2	26767	T	A	29150	15700	37	1	0	34	3.42912e-05	29162	1	FALSE	M:cds-YP_009724393.1	ATC	I	AAC	N	82
NC_045512.2	26768	C	T	29965	15819	38	23	13	38	0.000766973	29988	0.83426	FALSE	M:cds-YP_009724393.1	ATC	I	ATT	I	82
NC_045512.2	26769	G	T	30086	15776	38	1	0	34	3.3227e-05	30096	1	FALSE	M:cds-YP_009724393.1	GCA	A	TCA	S	83
NC_045512.2	26769	G	C	30086	15776	38	1	1	26	3.3227e-05	30096	1	FALSE	M:cds-YP_009724393.1	GCA	A	CCA	P	83
NC_045512.2	26769	G	A	30086	15776	38	8	7	35	0.000265816	30096	0.999942	FALSE	M:cds-YP_009724393.1	GCA	A	ACA	T	83
NC_045512.2	26770	C	T	30195	15860	38	2	2	34	6.62274e-05	30199	1	FALSE	M:cds-YP_009724393.1	GCA	A	GTA	V	83
NC_045512.2	26770	C	A	30195	15860	38	2	2	34	6.62274e-05	30199	1	FALSE	M:cds-YP_009724393.1	GCA	A	GAA	E	83
NC_045512.2	26771	A	T	29747	15500	38	1	0	26	3.36055e-05	29757	1	FALSE	M:cds-YP_009724393.1	GCA	A	GCT	A	83
NC_045512.2	26771	A	G	29747	15500	38	7	4	38	0.000235239	29757	0.999965	FALSE	M:cds-YP_009724393.1	GCA	A	GCG	A	83
NC_045512.2	26771	A	C	29747	15500	38	2	2	34	6.72111e-05	29757	1	FALSE	M:cds-YP_009724393.1	GCA	A	GCC	A	83
NC_045512.2	26772	A	G	29695	15748	38	1	1	34	3.36746e-05	29696	1	FALSE	M:cds-YP_009724393.1	ATG	M	GTG	V	84
NC_045512.2	26773	T	C	29830	15874	38	1	1	68	3.35211e-05	29832	0.5	FALSE	M:cds-YP_009724393.1	ATG	M	ACG	T	84
NC_045512.2	26773	T	A	29830	15874	38	1	0	26	3.35211e-05	29832	1	FALSE	M:cds-YP_009724393.1	ATG	M	AAG	K	84
NC_045512.2	26774	G	T	30977	15859	38	1	0	26	3.22789e-05	30980	1	FALSE	M:cds-YP_009724393.1	ATG	M	ATT	I	84
NC_045512.2	26774	G	C	30977	15859	38	1	1	26	3.22789e-05	30980	1	FALSE	M:cds-YP_009724393.1	ATG	M	ATC	I	84
NC_045512.2	26774	G	A	30977	15859	38	1	0	34	3.22789e-05	30980	1	FALSE	M:cds-YP_009724393.1	ATG	M	ATA	I	84
NC_045512.2	26775	G	T	30951	15821	38	4	3	40	0.000129195	30961	0.499912	FALSE	M:cds-YP_009724393.1	GCT	A	TCT	S	85
NC_045512.2	26775	G	C	30951	15821	38	2	2	26	6.45974e-05	30961	1	FALSE	M:cds-YP_009724393.1	GCT	A	CCT	P	85
NC_045512.2	26775	G	A	30951	15821	38	4	2	45	0.000129195	30961	0.499912	FALSE	M:cds-YP_009724393.1	GCT	A	ACT	T	85
NC_045512.2	26776	C	T	30906	16103	38	3	2	34	9.70528e-05	30911	1	FALSE	M:cds-YP_009724393.1	GCT	A	GTT	V	85
NC_045512.2	26776	C	A	30906	16103	38	2	2	34	6.47019e-05	30911	1	FALSE	M:cds-YP_009724393.1	GCT	A	GAT	D	85
NC_045512.2	26777	T	G	33902	19834	39	1	0	27	2.94907e-05	33909	1	FALSE	M:cds-YP_009724393.1	GCT	A	GCG	A	85
NC_045512.2	26777	T	C	33902	19834	39	5	2	34	0.000147453	33909	1	FALSE	M:cds-YP_009724393.1	GCT	A	GCC	A	85
NC_045512.2	26777	T	A	33902	19834	39	1	0	24	2.94907e-05	33909	1	FALSE	M:cds-YP_009724393.1	GCT	A	GCA	A	85
NC_045512.2	26778	T	C	33314	19557	38	3	3	45	9.00441e-05	33317	0.656271	FALSE	M:cds-YP_009724393.1	TGT	C	CGT	R	86
NC_045512.2	26779	G	T	35080	20092	39	4	2	30	0.000114009	35085	1	FALSE	M:cds-YP_009724393.1	TGT	C	TTT	F	86
NC_045512.2	26779	G	A	35080	20092	39	1	1	34	2.85022e-05	35085	1	FALSE	M:cds-YP_009724393.1	TGT	C	TAT	Y	86
NC_045512.2	26780	T	G	34558	19559	38	1	0	68	2.89335e-05	34562	0.499986	FALSE	M:cds-YP_009724393.1	TGT	C	TGG	W	86
NC_045512.2	26780	T	C	34558	19559	38	3	1	56	8.68005e-05	34562	0.124995	FALSE	M:cds-YP_009724393.1	TGT	C	TGC	C	86
NC_045512.2	26782	T	G	35616	20388	39	4	0	28	0.000112284	35624	1	FALSE	M:cds-YP_009724393.1	CTT	L	CGT	R	87
NC_045512.2	26782	T	C	35616	20388	39	2	1	34	5.61419e-05	35624	1	FALSE	M:cds-YP_009724393.1	CTT	L	CCT	P	87
NC_045512.2	26782	T	A	35616	20388	39	2	0	30	5.61419e-05	35624	1	FALSE	M:cds-YP_009724393.1	CTT	L	CAT	H	87
NC_045512.2	26783	T	C	34369	19406	39	2	1	51	5.81852e-05	34373	0.249989	FALSE	M:cds-YP_009724393.1	CTT	L	CTC	L	87
NC_045512.2	26783	T	A	34369	19406	39	2	1	30	5.81852e-05	34373	1	FALSE	M:cds-YP_009724393.1	CTT	L	CTA	L	87
NC_045512.2	26784	G	C	34655	19443	39	1	1	26	2.88542e-05	34657	1	FALSE	M:cds-YP_009724393.1	GTA	V	CTA	L	88
NC_045512.2	26784	G	A	34655	19443	39	1	1	34	2.88542e-05	34657	1	FALSE	M:cds-YP_009724393.1	GTA	V	ATA	I	88
NC_045512.2	26785	T	G	34655	19656	39	1	0	34	2.88517e-05	34660	1	FALSE	M:cds-YP_009724393.1	GTA	V	GGA	G	88
NC_045512.2	26785	T	C	34655	19656	39	4	1	34	0.000115407	34660	1	FALSE	M:cds-YP_009724393.1	GTA	V	GCA	A	88
NC_045512.2	26786	A	T	34841	19833	39	1	1	34	2.86961e-05	34848	1	FALSE	M:cds-YP_009724393.1	GTA	V	GTT	V	88
NC_045512.2	26786	A	G	34841	19833	39	6	3	34	0.000172176	34848	0.999999	FALSE	M:cds-YP_009724393.1	GTA	V	GTG	V	88
NC_045512.2	26788	G	T	35710	21267	39	116	54	39	0.00323742	35831	1.16212e-11	TRUE	M:cds-YP_009724393.1	GGC	G	GTC	V	89
NC_045512.2	26788	G	C	35710	21267	39	3	3	31	8.37264e-05	35831	1	FALSE	M:cds-YP_009724393.1	GGC	G	GCC	A	89
NC_045512.2	26788	G	A	35710	21267	39	2	1	34	5.58176e-05	35831	1	FALSE	M:cds-YP_009724393.1	GGC	G	GAC	D	89
NC_045512.2	26789	C	A	34421	22144	38	2	1	30	5.81007e-05	34423	1	FALSE	M:cds-YP_009724393.1	GGC	G	GGA	G	89
NC_045512.2	26790	T	G	31451	19195	37	2	1	34	6.35708e-05	31461	1	FALSE	M:cds-YP_009724393.1	TTG	L	GTG	V	90
NC_045512.2	26790	T	C	31451	19195	37	6	4	45	0.000190712	31461	0.253844	FALSE	M:cds-YP_009724393.1	TTG	L	CTG	L	90
NC_045512.2	26790	T	A	31451	19195	37	2	1	51	6.35708e-05	31461	0.24994	FALSE	M:cds-YP_009724393.1	TTG	L	ATG	M	90
NC_045512.2	26791	T	C	33915	21710	38	7	5	34	0.00020635	33923	0.999996	FALSE	M:cds-YP_009724393.1	TTG	L	TCG	S	90
NC_045512.2	26791	T	A	33915	21710	38	1	0	24	2.94785e-05	33923	1	FALSE	M:cds-YP_009724393.1	TTG	L	TAG	*	90
NC_045512.2	26792	G	T	34330	21882	38	1	1	34	2.91273e-05	34332	1	FALSE	M:cds-YP_009724393.1	TTG	L	TTT	F	90
NC_045512.2	26792	G	C	34330	21882	38	1	1	34	2.91273e-05	34332	1	FALSE	M:cds-YP_009724393.1	TTG	L	TTC	F	90
NC_045512.2	26793	A	G	34728	22019	38	6	4	39	0.000172741	34734	0.999999	FALSE	M:cds-YP_009724393.1	ATG	M	GTG	V	91
NC_045512.2	26794	T	C	35157	22683	38	4	3	31	0.000113762	35161	1	FALSE	M:cds-YP_009724393.1	ATG	M	ACG	T	91
NC_045512.2	26795	G	T	35488	22944	39	1	1	26	2.81777e-05	35489	1	FALSE	M:cds-YP_009724393.1	ATG	M	ATT	I	91
NC_045512.2	26796	T	C	34397	22251	38	10	8	31	0.000290622	34409	0.999947	FALSE	M:cds-YP_009724393.1	TGG	W	CGG	R	92
NC_045512.2	26796	T	A	34397	22251	38	2	1	29	5.81243e-05	34409	1	FALSE	M:cds-YP_009724393.1	TGG	W	AGG	R	92
NC_045512.2	26797	G	T	34789	22401	38	2	1	34	5.74828e-05	34793	1	FALSE	M:cds-YP_009724393.1	TGG	W	TTG	L	92
NC_045512.2	26797	G	C	34789	22401	38	1	1	26	2.87414e-05	34793	1	FALSE	M:cds-YP_009724393.1	TGG	W	TCG	S	92
NC_045512.2	26797	G	A	34789	22401	38	1	1	34	2.87414e-05	34793	1	FALSE	M:cds-YP_009724393.1	TGG	W	TAG	*	92
NC_045512.2	26798	G	T	34733	22361	38	2	1	64	5.75705e-05	34740	0.249968	FALSE	M:cds-YP_009724393.1	TGG	W	TGT	C	92
NC_045512.2	26798	G	C	34733	22361	38	4	4	30	0.000115141	34740	1	FALSE	M:cds-YP_009724393.1	TGG	W	TGC	C	92
NC_045512.2	26798	G	A	34733	22361	38	1	0	34	2.87853e-05	34740	1	FALSE	M:cds-YP_009724393.1	TGG	W	TGA	*	92
NC_045512.2	26799	C	T	34168	22899	38	2	2	34	5.85257e-05	34173	1	FALSE	M:cds-YP_009724393.1	CTC	L	TTC	F	93
NC_045512.2	26799	C	A	34168	22899	38	3	1	31	8.77886e-05	34173	1	FALSE	M:cds-YP_009724393.1	CTC	L	ATC	I	93
NC_045512.2	26800	T	G	34108	22876	38	2	2	34	5.86184e-05	34119	1	FALSE	M:cds-YP_009724393.1	CTC	L	CGC	R	93
NC_045512.2	26800	T	C	34108	22876	38	9	8	34	0.000263783	34119	0.999979	FALSE	M:cds-YP_009724393.1	CTC	L	CCC	P	93
NC_045512.2	26801	C	T	34304	22823	38	3	1	34	8.74432e-05	34308	1	FALSE	M:cds-YP_009724393.1	CTC	L	CTT	L	93
NC_045512.2	26801	C	G	34304	22823	38	1	1	34	2.91477e-05	34308	1	FALSE	M:cds-YP_009724393.1	CTC	L	CTG	L	93
NC_045512.2	26802	A	G	33937	22332	38	3	3	45	8.83913e-05	33940	0.656271	FALSE	M:cds-YP_009724393.1	AGC	S	GGC	G	94
NC_045512.2	26803	G	T	33920	22340	38	1	0	34	2.94768e-05	33925	1	FALSE	M:cds-YP_009724393.1	AGC	S	ATC	I	94
NC_045512.2	26803	G	A	33920	22340	38	4	1	34	0.000117907	33925	1	FALSE	M:cds-YP_009724393.1	AGC	S	AAC	N	94
NC_045512.2	26804	C	G	34111	23266	38	5	0	30	0.00014655	34118	1	FALSE	M:cds-YP_009724393.1	AGC	S	AGG	R	94
NC_045512.2	26804	C	A	34111	23266	38	2	0	34	5.86201e-05	34118	1	FALSE	M:cds-YP_009724393.1	AGC	S	AGA	R	94
NC_045512.2	26805	T	C	33780	22842	38	5	3	47	0.000147995	33785	0.363289	FALSE	M:cds-YP_009724393.1	TAC	Y	CAC	H	95
NC_045512.2	26806	A	T	33044	22244	38	1	1	26	3.02572e-05	33050	1	FALSE	M:cds-YP_009724393.1	TAC	Y	TTC	F	95
NC_045512.2	26806	A	G	33044	22244	38	3	1	39	9.07716e-05	33050	1	FALSE	M:cds-YP_009724393.1	TAC	Y	TGC	C	95
NC_045512.2	26806	A	C	33044	22244	38	2	2	34	6.05144e-05	33050	1	FALSE	M:cds-YP_009724393.1	TAC	Y	TCC	S	95
NC_045512.2	26807	C	T	35659	25301	38	1	0	34	2.80426e-05	35660	1	FALSE	M:cds-YP_009724393.1	TAC	Y	TAT	Y	95
NC_045512.2	26807	C	-T	35659	25301	38	1	0	20	2.80426e-05	35660	1	FALSE	NA	NA	NA	NA	NA	NA
NC_045512.2	26808	T	C	35483	25040	38	4	3	34	0.000112717	35487	1	FALSE	M:cds-YP_009724393.1	TTC	F	CTC	L	96
NC_045512.2	26809	T	G	35480	25029	38	2	1	30	5.63555e-05	35489	1	FALSE	M:cds-YP_009724393.1	TTC	F	TGC	C	96
NC_045512.2	26809	T	C	35480	25029	38	4	4	30	0.000112711	35489	1	FALSE	M:cds-YP_009724393.1	TTC	F	TCC	S	96
NC_045512.2	26809	T	A	35480	25029	38	3	2	34	8.45332e-05	35489	1	FALSE	M:cds-YP_009724393.1	TTC	F	TAC	Y	96
NC_045512.2	26811	A	T	35251	24885	38	1	1	34	2.8364e-05	35256	1	FALSE	M:cds-YP_009724393.1	ATT	I	TTT	F	97
NC_045512.2	26811	A	G	35251	24885	38	4	0	30	0.000113456	35256	1	FALSE	M:cds-YP_009724393.1	ATT	I	GTT	V	97
NC_045512.2	26812	T	A	38105	28290	39	1	1	34	2.62426e-05	38106	1	FALSE	M:cds-YP_009724393.1	ATT	I	AAT	N	97
NC_045512.2	26813	T	G	37843	28145	39	1	1	34	2.64201e-05	37850	1	FALSE	M:cds-YP_009724393.1	ATT	I	ATG	M	97
NC_045512.2	26813	T	C	37843	28145	39	6	4	34	0.00015852	37850	1	FALSE	M:cds-YP_009724393.1	ATT	I	ATC	I	97
NC_045512.2	26813	T	-G	37843	28145	39	1	0	20	2.64201e-05	37850	1	FALSE	NA	NA	NA	NA	NA	NA
NC_045512.2	26814	G	A	37500	28210	39	7	7	34	0.000186632	37507	1	FALSE	M:cds-YP_009724393.1	GCT	A	ACT	T	98
NC_045512.2	26815	C	T	31150	23301	39	6145	4745	39	0.164754	37298	0	TRUE	M:cds-YP_009724393.1	GCT	A	GTT	V	98
NC_045512.2	26815	C	G	31150	23301	39	1	0	34	2.68111e-05	37298	1	FALSE	M:cds-YP_009724393.1	GCT	A	GGT	G	98
NC_045512.2	26815	C	A	31150	23301	39	2	2	30	5.36222e-05	37298	1	FALSE	M:cds-YP_009724393.1	GCT	A	GAT	D	98
NC_045512.2	26816	T	C	36844	27597	39	2	2	34	5.42785e-05	36847	1	FALSE	M:cds-YP_009724393.1	GCT	A	GCC	A	98
NC_045512.2	26816	T	A	36844	27597	39	1	1	34	2.71393e-05	36847	1	FALSE	M:cds-YP_009724393.1	GCT	A	GCA	A	98
NC_045512.2	26817	T	G	34904	25864	37	5	1	31	0.000143209	34914	1	FALSE	M:cds-YP_009724393.1	TCT	S	GCT	A	99
NC_045512.2	26817	T	C	34904	25864	37	2	1	34	5.72836e-05	34914	1	FALSE	M:cds-YP_009724393.1	TCT	S	CCT	P	99
NC_045512.2	26817	T	A	34904	25864	37	3	2	42	8.59254e-05	34914	0.656176	FALSE	M:cds-YP_009724393.1	TCT	S	ACT	T	99
NC_045512.2	26818	C	A	37914	28363	39	2	2	30	5.27482e-05	37916	1	FALSE	M:cds-YP_009724393.1	TCT	S	TAT	Y	99
NC_045512.2	26818	C	-T	37914	28363	39	1	0	20	2.63741e-05	37916	1	FALSE	NA	NA	NA	NA	NA	NA
NC_045512.2	26819	T	G	35595	26118	39	1	1	34	2.80773e-05	35616	1	FALSE	M:cds-YP_009724393.1	TCT	S	TCG	S	99
NC_045512.2	26819	T	C	35595	26118	39	19	19	31	0.000533468	35616	0.990101	FALSE	M:cds-YP_009724393.1	TCT	S	TCC	S	99
NC_045512.2	26819	T	A	35595	26118	39	1	1	34	2.80773e-05	35616	1	FALSE	M:cds-YP_009724393.1	TCT	S	TCA	S	99
NC_045512.2	26820	T	G	35182	25870	39	2	2	47	5.68343e-05	35190	0.812464	FALSE	M:cds-YP_009724393.1	TTC	F	GTC	V	100
NC_045512.2	26820	T	C	35182	25870	39	4	2	40	0.000113669	35190	0.499953	FALSE	M:cds-YP_009724393.1	TTC	F	CTC	L	100
NC_045512.2	26820	T	A	35182	25870	39	2	2	30	5.68343e-05	35190	1	FALSE	M:cds-YP_009724393.1	TTC	F	ATC	I	100
NC_045512.2	26821	T	C	35528	26152	39	1	1	34	2.8146e-05	35529	1	FALSE	M:cds-YP_009724393.1	TTC	F	TCC	S	100
NC_045512.2	26822	C	A	35442	26091	39	1	1	34	2.82143e-05	35443	1	FALSE	M:cds-YP_009724393.1	TTC	F	TTA	L	100
NC_045512.2	26823	A	T	35108	25887	39	1	0	34	2.84779e-05	35115	1	FALSE	M:cds-YP_009724393.1	AGA	R	TGA	*	101
NC_045512.2	26823	A	G	35108	25887	39	5	0	39	0.000142389	35115	1	FALSE	M:cds-YP_009724393.1	AGA	R	GGA	G	101
NC_045512.2	26823	A	C	35108	25887	39	1	0	34	2.84779e-05	35115	1	FALSE	M:cds-YP_009724393.1	AGA	R	CGA	R	101
NC_045512.2	26824	G	A	35052	25725	39	1	0	34	2.85282e-05	35053	1	FALSE	M:cds-YP_009724393.1	AGA	R	AAA	K	101
NC_045512.2	26825	A	T	34786	25633	39	1	1	34	2.87439e-05	34790	1	FALSE	M:cds-YP_009724393.1	AGA	R	AGT	S	101
NC_045512.2	26825	A	G	34786	25633	39	3	2	45	8.62317e-05	34790	0.656257	FALSE	M:cds-YP_009724393.1	AGA	R	AGG	R	101
NC_045512.2	26825	A	+C	34786	25633	39	1	0	20	2.87439e-05	34790	1	FALSE	NA	NA	NA	NA	NA	NA
NC_045512.2	26826	C	A	34997	26334	39	2	2	30	5.71445e-05	34999	1	FALSE	M:cds-YP_009724393.1	CTG	L	ATG	M	102
NC_045512.2	26827	T	G	34315	25960	39	4	0	32	0.00011655	34320	1	FALSE	M:cds-YP_009724393.1	CTG	L	CGG	R	102
NC_045512.2	26827	T	C	34315	25960	39	1	0	68	2.91375e-05	34320	0.499978	FALSE	M:cds-YP_009724393.1	CTG	L	CCG	P	102
NC_045512.2	26828	G	T	35718	26734	39	2	0	30	5.59879e-05	35722	1	FALSE	M:cds-YP_009724393.1	CTG	L	CTT	L	102
NC_045512.2	26828	G	C	35718	26734	39	1	1	26	2.7994e-05	35722	1	FALSE	M:cds-YP_009724393.1	CTG	L	CTC	L	102
NC_045512.2	26828	G	A	35718	26734	39	1	0	68	2.7994e-05	35722	0.499986	FALSE	M:cds-YP_009724393.1	CTG	L	CTA	L	102
NC_045512.2	26829	T	G	26445	17467	37	3	3	28	0.000113426	26449	1	FALSE	M:cds-YP_009724393.1	TTT	F	GTT	V	103
NC_045512.2	26829	T	C	26445	17467	37	1	1	68	3.78086e-05	26449	0.499981	FALSE	M:cds-YP_009724393.1	TTT	F	CTT	L	103
NC_045512.2	26830	T	C	35680	26785	39	3	2	40	8.40713e-05	35684	0.656257	FALSE	M:cds-YP_009724393.1	TTT	F	TCT	S	103
NC_045512.2	26830	T	A	35680	26785	39	1	1	26	2.80238e-05	35684	1	FALSE	M:cds-YP_009724393.1	TTT	F	TAT	Y	103
NC_045512.2	26831	T	C	35192	26463	39	10	9	36	0.000284075	35202	0.999967	FALSE	M:cds-YP_009724393.1	TTT	F	TTC	F	103
NC_045512.2	26832	G	T	35721	26913	39	2	2	34	5.59832e-05	35725	1	FALSE	M:cds-YP_009724393.1	GCG	A	TCG	S	104
NC_045512.2	26832	G	A	35721	26913	39	2	2	34	5.59832e-05	35725	1	FALSE	M:cds-YP_009724393.1	GCG	A	ACG	T	104
NC_045512.2	26833	C	T	35454	26871	39	42	34	36	0.00118313	35499	0.246995	FALSE	M:cds-YP_009724393.1	GCG	A	GTG	V	104
NC_045512.2	26833	C	G	35454	26871	39	1	0	34	2.81698e-05	35499	1	FALSE	M:cds-YP_009724393.1	GCG	A	GGG	G	104
NC_045512.2	26833	C	A	35454	26871	39	2	2	34	5.63396e-05	35499	1	FALSE	M:cds-YP_009724393.1	GCG	A	GAG	E	104
NC_045512.2	26834	G	A	35562	26915	39	2	2	30	5.62366e-05	35564	1	FALSE	M:cds-YP_009724393.1	GCG	A	GCA	A	104
NC_045512.2	26835	C	T	35301	26713	39	3	3	34	8.49762e-05	35304	1	FALSE	M:cds-YP_009724393.1	CGT	R	TGT	C	105
NC_045512.2	26836	G	C	35239	26653	38	1	0	68	2.83712e-05	35247	0.499957	FALSE	M:cds-YP_009724393.1	CGT	R	CCT	P	105
NC_045512.2	26836	G	A	35239	26653	38	7	5	34	0.000198598	35247	0.999999	FALSE	M:cds-YP_009724393.1	CGT	R	CAT	H	105
NC_045512.2	26837	T	C	33866	25276	39	5	4	40	0.000147619	33871	0.363289	FALSE	M:cds-YP_009724393.1	CGT	R	CGC	R	105
NC_045512.2	26838	A	G	33476	25567	38	1	0	68	2.98713e-05	33477	0.500007	FALSE	M:cds-YP_009724393.1	ACG	T	GCG	A	106
NC_045512.2	26839	C	T	33779	25756	39	6	4	39	0.000177578	33788	0.999999	FALSE	M:cds-YP_009724393.1	ACG	T	ATG	M	106
NC_045512.2	26839	C	G	33779	25756	39	2	1	34	5.91926e-05	33788	1	FALSE	M:cds-YP_009724393.1	ACG	T	AGG	R	106
NC_045512.2	26839	C	A	33779	25756	39	1	0	34	2.95963e-05	33788	1	FALSE	M:cds-YP_009724393.1	ACG	T	AAG	K	106
NC_045512.2	26840	G	A	33625	25600	38	3	2	31	8.92114e-05	33628	1	FALSE	M:cds-YP_009724393.1	ACG	T	ACA	T	106
NC_045512.2	26841	C	T	33894	25639	38	5	5	34	0.000147488	33901	1	FALSE	M:cds-YP_009724393.1	CGT	R	TGT	C	107
NC_045512.2	26841	C	A	33894	25639	38	2	2	30	5.89953e-05	33901	1	FALSE	M:cds-YP_009724393.1	CGT	R	AGT	S	107
NC_045512.2	26842	G	T	33968	25652	38	1	0	34	2.94325e-05	33976	1	FALSE	M:cds-YP_009724393.1	CGT	R	CTT	L	107
NC_045512.2	26842	G	A	33968	25652	38	7	5	38	0.000206028	33976	0.999996	FALSE	M:cds-YP_009724393.1	CGT	R	CAT	H	107
NC_045512.2	26843	T	G	33812	25726	38	1	0	34	2.95692e-05	33819	1	FALSE	M:cds-YP_009724393.1	CGT	R	CGG	R	107
NC_045512.2	26843	T	C	33812	25726	38	6	3	44	0.000177415	33819	0.253892	FALSE	M:cds-YP_009724393.1	CGT	R	CGC	R	107
NC_045512.2	26844	T	G	34607	26527	39	1	0	34	2.88909e-05	34613	1	FALSE	M:cds-YP_009724393.1	TCC	S	GCC	A	108
NC_045512.2	26844	T	C	34607	26527	39	5	3	34	0.000144454	34613	1	FALSE	M:cds-YP_009724393.1	TCC	S	CCC	P	108
NC_045512.2	26845	C	T	34525	26324	39	2	1	34	5.78938e-05	34546	1	FALSE	M:cds-YP_009724393.1	TCC	S	TTC	F	108
NC_045512.2	26845	C	A	34525	26324	39	19	17	35	0.000549991	34546	0.986521	FALSE	M:cds-YP_009724393.1	TCC	S	TAC	Y	108
NC_045512.2	26846	C	T	34138	25991	39	2	2	30	5.85806e-05	34141	1	FALSE	M:cds-YP_009724393.1	TCC	S	TCT	S	108
NC_045512.2	26846	C	A	34138	25991	39	1	0	68	2.92903e-05	34141	0.499993	FALSE	M:cds-YP_009724393.1	TCC	S	TCA	S	108
NC_045512.2	26847	A	T	34095	25979	39	2	2	34	5.86373e-05	34108	1	FALSE	M:cds-YP_009724393.1	ATG	M	TTG	L	109
NC_045512.2	26847	A	G	34095	25979	39	1	0	34	2.93186e-05	34108	1	FALSE	M:cds-YP_009724393.1	ATG	M	GTG	V	109
NC_045512.2	26847	A	C	34095	25979	39	10	10	31	0.000293186	34108	0.999947	FALSE	M:cds-YP_009724393.1	ATG	M	CTG	L	109
NC_045512.2	26848	T	G	34182	26109	39	1	0	34	2.92535e-05	34184	1	FALSE	M:cds-YP_009724393.1	ATG	M	AGG	R	109
NC_045512.2	26848	T	C	34182	26109	39	1	1	34	2.92535e-05	34184	1	FALSE	M:cds-YP_009724393.1	ATG	M	ACG	T	109
NC_045512.2	26849	G	A	34406	26283	39	2	2	34	5.8126e-05	34408	1	FALSE	M:cds-YP_009724393.1	ATG	M	ATA	I	109
NC_045512.2	26850	T	C	33406	25434	39	3	2	27	8.97935e-05	33410	1	FALSE	M:cds-YP_009724393.1	TGG	W	CGG	R	110
NC_045512.2	26850	T	A	33406	25434	39	1	1	34	2.99312e-05	33410	1	FALSE	M:cds-YP_009724393.1	TGG	W	AGG	R	110
NC_045512.2	26851	G	A	33193	25108	39	2	2	34	6.025e-05	33195	1	FALSE	M:cds-YP_009724393.1	TGG	W	TAG	*	110
NC_045512.2	26852	G	A	33181	25116	39	1	1	34	3.01368e-05	33182	1	FALSE	M:cds-YP_009724393.1	TGG	W	TGA	*	110
NC_045512.2	26853	T	C	33833	26289	39	2	1	51	5.91104e-05	33835	0.250004	FALSE	M:cds-YP_009724393.1	TCA	S	CCA	P	111
NC_045512.2	26854	C	T	33866	26374	39	1	1	34	2.95273e-05	33867	1	FALSE	M:cds-YP_009724393.1	TCA	S	TTA	L	111
NC_045512.2	26855	A	T	34107	26930	39	3	1	28	8.79404e-05	34114	1	FALSE	M:cds-YP_009724393.1	TCA	S	TCT	S	111
NC_045512.2	26855	A	G	34107	26930	39	2	2	30	5.8627e-05	34114	1	FALSE	M:cds-YP_009724393.1	TCA	S	TCG	S	111
NC_045512.2	26855	A	C	34107	26930	39	2	2	34	5.8627e-05	34114	1	FALSE	M:cds-YP_009724393.1	TCA	S	TCC	S	111
NC_045512.2	26856	T	G	34104	27063	39	2	1	26	5.8627e-05	34114	1	FALSE	M:cds-YP_009724393.1	TTC	F	GTC	V	112
NC_045512.2	26856	T	C	34104	27063	39	8	7	31	0.000234508	34114	0.999992	FALSE	M:cds-YP_009724393.1	TTC	F	CTC	L	112
NC_045512.2	26857	T	G	34805	27949	39	1	1	34	2.87307e-05	34806	1	FALSE	M:cds-YP_009724393.1	TTC	F	TGC	C	112
NC_045512.2	26858	C	T	1	1	34	34539	27762	39	0.999855	34544	0	TRUE	M:cds-YP_009724393.1	TTC	F	TTT	F	112
NC_045512.2	26858	C	G	1	1	34	2	0	34	5.78972e-05	34544	3.16536e-06	TRUE	M:cds-YP_009724393.1	TTC	F	TTG	L	112
NC_045512.2	26858	C	A	1	1	34	2	1	26	5.78972e-05	34544	0.000299808	TRUE	M:cds-YP_009724393.1	TTC	F	TTA	L	112
NC_045512.2	26859	A	T	34571	27837	39	1	1	26	2.89243e-05	34573	1	FALSE	M:cds-YP_009724393.1	AAT	N	TAT	Y	113
NC_045512.2	26859	A	G	34571	27837	39	1	1	34	2.89243e-05	34573	1	FALSE	M:cds-YP_009724393.1	AAT	N	GAT	D	113
NC_045512.2	26860	A	G	34929	28183	39	1	1	34	2.86279e-05	34931	1	FALSE	M:cds-YP_009724393.1	AAT	N	AGT	S	113
NC_045512.2	26860	A	C	34929	28183	39	1	1	34	2.86279e-05	34931	1	FALSE	M:cds-YP_009724393.1	AAT	N	ACT	T	113
NC_045512.2	26861	T	G	35077	28360	39	1	0	27	2.85038e-05	35083	1	FALSE	M:cds-YP_009724393.1	AAT	N	AAG	K	113
NC_045512.2	26861	T	C	35077	28360	39	3	2	34	8.55115e-05	35083	1	FALSE	M:cds-YP_009724393.1	AAT	N	AAC	N	113
NC_045512.2	26861	T	A	35077	28360	39	2	2	47	5.70077e-05	35083	0.812482	FALSE	M:cds-YP_009724393.1	AAT	N	AAA	K	113
NC_045512.2	26863	C	T	34837	28337	39	1	1	34	2.87035e-05	34839	1	FALSE	M:cds-YP_009724393.1	CCA	P	CTA	L	114
NC_045512.2	26863	C	A	34837	28337	39	1	1	26	2.87035e-05	34839	1	FALSE	M:cds-YP_009724393.1	CCA	P	CAA	Q	114
NC_045512.2	26864	A	T	33665	27136	39	1	1	34	2.96991e-05	33671	1	FALSE	M:cds-YP_009724393.1	CCA	P	CCT	P	114
NC_045512.2	26864	A	G	33665	27136	39	1	1	68	2.96991e-05	33671	0.49997	FALSE	M:cds-YP_009724393.1	CCA	P	CCG	P	114
NC_045512.2	26864	A	C	33665	27136	39	4	3	34	0.000118797	33671	1	FALSE	M:cds-YP_009724393.1	CCA	P	CCC	P	114
NC_045512.2	26866	A	T	36346	30552	40	1	1	34	2.75118e-05	36348	1	FALSE	M:cds-YP_009724393.1	GAA	E	GTA	V	115
NC_045512.2	26866	A	G	36346	30552	40	1	1	34	2.75118e-05	36348	1	FALSE	M:cds-YP_009724393.1	GAA	E	GGA	G	115
NC_045512.2	26867	A	T	36772	31089	40	3	3	28	8.15661e-05	36780	1	FALSE	M:cds-YP_009724393.1	GAA	E	GAT	D	115
NC_045512.2	26867	A	G	36772	31089	40	5	3	30	0.000135943	36780	1	FALSE	M:cds-YP_009724393.1	GAA	E	GAG	E	115
NC_045512.2	26868	A	C	36770	31188	40	1	1	27	2.71953e-05	36771	1	FALSE	M:cds-YP_009724393.1	ACT	T	CCT	P	116
NC_045512.2	26870	T	C	36753	31107	40	5	5	41	0.000136025	36758	0.363289	FALSE	M:cds-YP_009724393.1	ACT	T	ACC	T	116
NC_045512.2	26871	A	G	36960	31352	40	4	3	49	0.000108213	36964	0.500015	FALSE	M:cds-YP_009724393.1	AAC	N	GAC	D	117
NC_045512.2	26872	A	G	37713	32224	40	30	28	38	0.000794828	37744	0.835892	FALSE	M:cds-YP_009724393.1	AAC	N	AGC	S	117
NC_045512.2	26872	A	C	37713	32224	40	1	1	27	2.64943e-05	37744	1	FALSE	M:cds-YP_009724393.1	AAC	N	ACC	T	117
NC_045512.2	26873	C	T	25048	21262	41	12342	10647	39	0.330088	37390	0	TRUE	M:cds-YP_009724393.1	AAC	N	AAT	N	117
NC_045512.2	26874	A	T	37590	32365	40	2	1	23	5.31986e-05	37595	1	FALSE	M:cds-YP_009724393.1	ATT	I	TTT	F	118
NC_045512.2	26874	A	G	37590	32365	40	3	2	31	7.97978e-05	37595	1	FALSE	M:cds-YP_009724393.1	ATT	I	GTT	V	118
NC_045512.2	26874	A	-TTC	37590	32365	40	1	0	20	2.65993e-05	37595	1	FALSE	NA	NA	NA	NA	NA	NA
NC_045512.2	26875	T	C	37601	32715	39	4	3	40	0.000106366	37606	0.499985	FALSE	M:cds-YP_009724393.1	ATT	I	ACT	T	118
NC_045512.2	26875	T	A	37601	32715	39	1	1	26	2.65915e-05	37606	1	FALSE	M:cds-YP_009724393.1	ATT	I	AAT	N	118
NC_045512.2	26876	T	A	35606	30742	38	1	1	34	2.80844e-05	35607	1	FALSE	M:cds-YP_009724393.1	ATT	I	ATA	I	118
NC_045512.2	26876	T	+C	35606	30742	38	1	0	20	2.80836e-05	35608	1	FALSE	NA	NA	NA	NA	NA	NA
NC_045512.2	26877	C	T	37174	32334	40	2	2	34	5.37938e-05	37179	1	FALSE	M:cds-YP_009724393.1	CTT	L	TTT	F	119
NC_045512.2	26877	C	A	37174	32334	40	3	3	28	8.06907e-05	37179	1	FALSE	M:cds-YP_009724393.1	CTT	L	ATT	I	119
NC_045512.2	26878	T	G	32374	27637	40	1	1	34	3.08833e-05	32380	1	FALSE	M:cds-YP_009724393.1	CTT	L	CGT	R	119
NC_045512.2	26878	T	C	32374	27637	40	5	5	36	0.000154416	32380	0.999999	FALSE	M:cds-YP_009724393.1	CTT	L	CCT	P	119
NC_045512.2	26879	T	C	28466	23771	38	6	6	34	0.000210726	28473	0.999981	FALSE	M:cds-YP_009724393.1	CTT	L	CTC	L	119
NC_045512.2	26879	T	A	28466	23771	38	1	1	26	3.5121e-05	28473	1	FALSE	M:cds-YP_009724393.1	CTT	L	CTA	L	119
NC_045512.2	26880	C	T	32190	28188	39	1	1	34	3.10636e-05	32192	1	FALSE	M:cds-YP_009724393.1	CTC	L	TTC	F	120
NC_045512.2	26880	C	A	32190	28188	39	1	1	34	3.10636e-05	32192	1	FALSE	M:cds-YP_009724393.1	CTC	L	ATC	I	120
NC_045512.2	26881	T	C	31904	27893	39	2	2	34	6.26841e-05	31906	1	FALSE	M:cds-YP_009724393.1	CTC	L	CCC	P	120
NC_045512.2	26882	C	T	31889	27969	39	4	4	34	0.000125412	31895	1	FALSE	M:cds-YP_009724393.1	CTC	L	CTT	L	120
NC_045512.2	26882	C	A	31889	27969	39	2	2	34	6.27058e-05	31895	1	FALSE	M:cds-YP_009724393.1	CTC	L	CTA	L	120
NC_045512.2	26883	A	T	31392	27465	39	1	1	26	3.18512e-05	31396	1	FALSE	M:cds-YP_009724393.1	AAC	N	TAC	Y	121
NC_045512.2	26883	A	G	31392	27465	39	1	1	34	3.18512e-05	31396	1	FALSE	M:cds-YP_009724393.1	AAC	N	GAC	D	121
NC_045512.2	26883	A	C	31392	27465	39	2	2	34	6.37024e-05	31396	1	FALSE	M:cds-YP_009724393.1	AAC	N	CAC	H	121
NC_045512.2	26884	A	G	30946	27039	38	5	5	32	0.000161546	30951	0.999998	FALSE	M:cds-YP_009724393.1	AAC	N	AGC	S	121
NC_045512.2	26885	C	T	31792	27901	39	3	3	30	9.43515e-05	31796	1	FALSE	M:cds-YP_009724393.1	AAC	N	AAT	N	121
NC_045512.2	26885	C	A	31792	27901	39	1	1	34	3.14505e-05	31796	1	FALSE	M:cds-YP_009724393.1	AAC	N	AAA	K	121
NC_045512.2	26886	G	C	30998	27132	39	3	3	34	9.6768e-05	31002	1	FALSE	M:cds-YP_009724393.1	GTG	V	CTG	L	122
NC_045512.2	26886	G	A	30998	27132	39	1	1	34	3.2256e-05	31002	1	FALSE	M:cds-YP_009724393.1	GTG	V	ATG	M	122
NC_045512.2	26887	T	G	28046	24331	39	6	6	39	0.000213835	28059	0.999981	FALSE	M:cds-YP_009724393.1	GTG	V	GGG	G	122
NC_045512.2	26887	T	C	28046	24331	39	3	3	31	0.000106918	28059	1	FALSE	M:cds-YP_009724393.1	GTG	V	GCG	A	122
NC_045512.2	26887	T	A	28046	24331	39	4	2	48	0.000142557	28059	0.343608	FALSE	M:cds-YP_009724393.1	GTG	V	GAG	E	122
NC_045512.2	26888	G	C	27027	23612	38	2	1	46	7.39864e-05	27032	0.687479	FALSE	M:cds-YP_009724393.1	GTG	V	GTC	V	122
NC_045512.2	26888	G	A	27027	23612	38	3	2	45	0.00011098	27032	0.499983	FALSE	M:cds-YP_009724393.1	GTG	V	GTA	V	122
NC_045512.2	26889	C	T	28025	24715	39	3	1	60	0.000107032	28029	0.124993	FALSE	M:cds-YP_009724393.1	CCA	P	TCA	S	123
NC_045512.2	26889	C	G	28025	24715	39	1	1	34	3.56773e-05	28029	1	FALSE	M:cds-YP_009724393.1	CCA	P	GCA	A	123
NC_045512.2	26890	C	T	28036	24728	39	5	5	34	0.000178304	28042	0.999995	FALSE	M:cds-YP_009724393.1	CCA	P	CTA	L	123
NC_045512.2	26890	C	A	28036	24728	39	1	1	26	3.56608e-05	28042	1	FALSE	M:cds-YP_009724393.1	CCA	P	CAA	Q	123
NC_045512.2	26891	A	G	27506	24227	39	1	1	34	3.63544e-05	27507	1	FALSE	M:cds-YP_009724393.1	CCA	P	CCG	P	123
NC_045512.2	26892	C	A	27863	24795	38	1	1	34	3.58886e-05	27864	1	FALSE	M:cds-YP_009724393.1	CTC	L	ATC	I	124
NC_045512.2	26893	T	C	27648	24594	38	4	3	51	0.000144655	27652	0.0624977	FALSE	M:cds-YP_009724393.1	CTC	L	CCC	P	124
NC_045512.2	26894	C	T	27490	24432	38	3	1	34	0.000109111	27495	1	FALSE	M:cds-YP_009724393.1	CTC	L	CTT	L	124
NC_045512.2	26894	C	A	27490	24432	38	2	2	26	7.27405e-05	27495	1	FALSE	M:cds-YP_009724393.1	CTC	L	CTA	L	124
NC_045512.2	26895	C	A	26534	23510	38	3	3	28	0.00011305	26537	1	FALSE	M:cds-YP_009724393.1	CAT	H	AAT	N	125
NC_045512.2	26896	A	G	26084	23062	38	1	1	34	3.83347e-05	26086	1	FALSE	M:cds-YP_009724393.1	CAT	H	CGT	R	125
NC_045512.2	26896	A	C	26084	23062	38	1	1	34	3.83347e-05	26086	1	FALSE	M:cds-YP_009724393.1	CAT	H	CCT	P	125
NC_045512.2	26897	T	G	25958	22964	38	1	0	34	3.85089e-05	25968	1	FALSE	M:cds-YP_009724393.1	CAT	H	CAG	Q	125
NC_045512.2	26897	T	C	25958	22964	38	9	9	33	0.00034658	25968	0.998537	FALSE	M:cds-YP_009724393.1	CAT	H	CAC	H	125
NC_045512.2	26898	G	C	26140	23321	38	2	1	34	7.64994e-05	26144	1	FALSE	M:cds-YP_009724393.1	GGC	G	CGC	R	126
NC_045512.2	26898	G	A	26140	23321	38	2	1	47	7.64994e-05	26144	0.687493	FALSE	M:cds-YP_009724393.1	GGC	G	AGC	S	126
NC_045512.2	26899	G	T	26025	23252	38	1	0	34	3.84143e-05	26032	1	FALSE	M:cds-YP_009724393.1	GGC	G	GTC	V	126
NC_045512.2	26899	G	C	26025	23252	38	2	2	30	7.68285e-05	26032	1	FALSE	M:cds-YP_009724393.1	GGC	G	GCC	A	126
NC_045512.2	26899	G	A	26025	23252	38	4	4	32	0.000153657	26032	0.999996	FALSE	M:cds-YP_009724393.1	GGC	G	GAC	D	126
NC_045512.2	26900	C	T	25998	23197	38	1	1	34	3.84615e-05	26000	1	FALSE	M:cds-YP_009724393.1	GGC	G	GGT	G	126
NC_045512.2	26900	C	A	25998	23197	38	1	1	34	3.84615e-05	26000	1	FALSE	M:cds-YP_009724393.1	GGC	G	GGA	G	126
NC_045512.2	26901	A	T	24923	22146	38	1	1	34	4.01204e-05	24925	1	FALSE	M:cds-YP_009724393.1	ACT	T	TCT	S	127
NC_045512.2	26901	A	G	24923	22146	38	1	1	26	4.01204e-05	24925	1	FALSE	M:cds-YP_009724393.1	ACT	T	GCT	A	127
NC_045512.2	26903	T	C	23158	20653	37	1	1	34	4.31798e-05	23159	1	FALSE	M:cds-YP_009724393.1	ACT	T	ACC	T	127
NC_045512.2	26904	A	C	24058	21605	37	1	1	34	4.15645e-05	24059	1	FALSE	M:cds-YP_009724393.1	ATT	I	CTT	L	128
NC_045512.2	26905	T	G	24387	21868	38	1	1	26	4.10038e-05	24388	1	FALSE	M:cds-YP_009724393.1	ATT	I	AGT	S	128
NC_045512.2	26906	T	C	23541	21032	37	2	2	34	8.49473e-05	23544	0.999999	FALSE	M:cds-YP_009724393.1	ATT	I	ATC	I	128
NC_045512.2	26906	T	A	23541	21032	37	1	0	26	4.24737e-05	23544	1	FALSE	M:cds-YP_009724393.1	ATT	I	ATA	I	128
NC_045512.2	26907	C	T	24208	21849	37	1	0	68	4.1295e-05	24216	0.499938	FALSE	M:cds-YP_009724393.1	CTG	L	TTG	L	129
NC_045512.2	26907	C	A	24208	21849	37	7	7	28	0.000289065	24216	1	FALSE	M:cds-YP_009724393.1	CTG	L	ATG	M	129
NC_045512.2	26908	T	C	20771	18492	37	1	1	34	4.81417e-05	20772	1	FALSE	M:cds-YP_009724393.1	CTG	L	CCG	P	129
NC_045512.2	26909	G	T	21256	18954	38	2	2	34	9.40778e-05	21259	0.999997	FALSE	M:cds-YP_009724393.1	CTG	L	CTT	L	129
NC_045512.2	26909	G	A	21256	18954	38	1	1	34	4.70389e-05	21259	1	FALSE	M:cds-YP_009724393.1	CTG	L	CTA	L	129
NC_045512.2	26910	A	G	21087	18781	38	2	2	51	9.48362e-05	21089	0.250006	FALSE	M:cds-YP_009724393.1	ACC	T	GCC	A	130
NC_045512.2	26911	C	T	21149	18918	38	3	3	31	0.000141824	21153	0.999982	FALSE	M:cds-YP_009724393.1	ACC	T	ATC	I	130
NC_045512.2	26911	C	A	21149	18918	38	1	1	34	4.72746e-05	21153	1	FALSE	M:cds-YP_009724393.1	ACC	T	AAC	N	130
NC_045512.2	26912	C	T	20820	18605	38	1	1	34	4.80169e-05	20826	1	FALSE	M:cds-YP_009724393.1	ACC	T	ACT	T	130
NC_045512.2	26912	C	A	20820	18605	38	5	5	29	0.000240085	20826	1	FALSE	M:cds-YP_009724393.1	ACC	T	ACA	T	130
NC_045512.2	26913	A	G	16832	14763	38	1	1	38	5.94036e-05	16834	0.999992	FALSE	M:cds-YP_009724393.1	AGA	R	GGA	G	131
NC_045512.2	26913	A	C	16832	14763	38	1	1	34	5.94036e-05	16834	0.999992	FALSE	M:cds-YP_009724393.1	AGA	R	CGA	R	131
NC_045512.2	26914	G	C	16897	14833	38	1	1	26	5.91751e-05	16899	1	FALSE	M:cds-YP_009724393.1	AGA	R	ACA	T	131
NC_045512.2	26914	G	A	16897	14833	38	1	1	34	5.91751e-05	16899	0.999992	FALSE	M:cds-YP_009724393.1	AGA	R	AAA	K	131
NC_045512.2	26916	C	T	16787	14794	38	1	1	34	5.95664e-05	16788	0.999992	FALSE	M:cds-YP_009724393.1	CCG	P	TCG	S	132
NC_045512.2	26917	C	T	16635	14684	38	1	1	34	6.0107e-05	16637	0.999992	FALSE	M:cds-YP_009724393.1	CCG	P	CTG	L	132
NC_045512.2	26917	C	A	16635	14684	38	1	1	26	6.0107e-05	16637	1	FALSE	M:cds-YP_009724393.1	CCG	P	CAG	Q	132
NC_045512.2	26918	G	A	15877	13934	38	3	2	45	0.000188917	15880	0.312512	FALSE	M:cds-YP_009724393.1	CCG	P	CCA	P	132
NC_045512.2	26919	C	T	15818	14175	37	2	2	34	0.000126422	15820	0.999863	FALSE	M:cds-YP_009724393.1	CTT	L	TTT	F	133
NC_045512.2	26920	T	C	15887	14255	37	1	1	34	6.29406e-05	15888	0.999985	FALSE	M:cds-YP_009724393.1	CTT	L	CCT	P	133
NC_045512.2	26921	T	C	14871	13239	36	2	1	39	0.000134454	14875	0.999741	FALSE	M:cds-YP_009724393.1	CTT	L	CTC	L	133
NC_045512.2	26921	T	A	14871	13239	36	2	2	29	0.000134454	14875	1	FALSE	M:cds-YP_009724393.1	CTT	L	CTA	L	133
NC_045512.2	26922	C	T	15741	14099	37	1	1	26	6.35163e-05	15744	1	FALSE	M:cds-YP_009724393.1	CTA	L	TTA	L	134
NC_045512.2	26922	C	A	15741	14099	37	2	2	34	0.000127033	15744	0.999863	FALSE	M:cds-YP_009724393.1	CTA	L	ATA	I	134
NC_045512.2	26923	T	A	15666	14035	37	1	0	24	6.38284e-05	15667	1	FALSE	M:cds-YP_009724393.1	CTA	L	CAA	Q	134
NC_045512.2	26924	A	T	15606	13995	37	1	1	26	6.40574e-05	15611	1	FALSE	M:cds-YP_009724393.1	CTA	L	CTT	L	134
NC_045512.2	26924	A	G	15606	13995	37	1	0	24	6.40574e-05	15611	1	FALSE	M:cds-YP_009724393.1	CTA	L	CTG	L	134
NC_045512.2	26924	A	C	15606	13995	37	3	3	34	0.000192172	15611	0.999346	FALSE	M:cds-YP_009724393.1	CTA	L	CTC	L	134
NC_045512.2	26925	G	T	15580	13975	37	4	3	38	0.000256608	15588	0.99779	FALSE	M:cds-YP_009724393.1	GAA	E	TAA	*	135
NC_045512.2	26925	G	C	15580	13975	37	4	4	34	0.000256608	15588	0.99779	FALSE	M:cds-YP_009724393.1	GAA	E	CAA	Q	135
NC_045512.2	26926	A	C	15437	13977	36	1	1	26	6.47752e-05	15438	1	FALSE	M:cds-YP_009724393.1	GAA	E	GCA	A	135
NC_045512.2	26927	A	C	15302	13781	37	3	3	31	0.000196014	15305	0.999346	FALSE	M:cds-YP_009724393.1	GAA	E	GAC	D	135
NC_045512.2	26928	A	T	13893	12416	37	1	0	26	7.19683e-05	13895	1	FALSE	M:cds-YP_009724393.1	AGT	S	TGT	C	136
NC_045512.2	26928	A	G	13893	12416	37	1	1	34	7.19683e-05	13895	0.999939	FALSE	M:cds-YP_009724393.1	AGT	S	GGT	G	136
NC_045512.2	26930	T	C	13585	12442	36	1	1	34	7.36052e-05	13586	0.999939	FALSE	M:cds-YP_009724393.1	AGT	S	AGC	S	136
NC_045512.2	26932	A	G	13434	12304	36	1	1	34	7.44269e-05	13436	0.999939	FALSE	M:cds-YP_009724393.1	GAA	E	GGA	G	137
NC_045512.2	26932	A	C	13434	12304	36	1	1	26	7.44269e-05	13436	1	FALSE	M:cds-YP_009724393.1	GAA	E	GCA	A	137
NC_045512.2	26933	A	G	13387	12283	36	1	0	34	7.46938e-05	13388	0.999939	FALSE	M:cds-YP_009724393.1	GAA	E	GAG	E	137
NC_045512.2	26934	C	T	13359	12252	36	2	2	30	0.000149633	13366	0.999512	FALSE	M:cds-YP_009724393.1	CTC	L	TTC	F	138
NC_045512.2	26934	C	G	13359	12252	36	1	1	34	7.48167e-05	13366	0.999939	FALSE	M:cds-YP_009724393.1	CTC	L	GTC	V	138
NC_045512.2	26934	C	A	13359	12252	36	4	4	30	0.000299267	13366	0.993645	FALSE	M:cds-YP_009724393.1	CTC	L	ATC	I	138
NC_045512.2	26935	T	C	12487	11387	35	1	1	34	8.00705e-05	12489	0.999878	FALSE	M:cds-YP_009724393.1	CTC	L	CCC	P	138
NC_045512.2	26935	T	A	12487	11387	35	1	1	34	8.00705e-05	12489	0.999878	FALSE	M:cds-YP_009724393.1	CTC	L	CAC	H	138
NC_045512.2	26936	C	T	13371	12267	36	1	1	34	7.47831e-05	13372	0.999939	FALSE	M:cds-YP_009724393.1	CTC	L	CTT	L	138
NC_045512.2	26937	G	T	13295	12193	36	2	2	30	0.000150342	13303	0.999512	FALSE	M:cds-YP_009724393.1	GTA	V	TTA	L	139
NC_045512.2	26937	G	C	13295	12193	36	6	6	34	0.000451026	13303	0.968251	FALSE	M:cds-YP_009724393.1	GTA	V	CTA	L	139
NC_045512.2	26938	T	G	12915	11915	36	1	1	34	7.74234e-05	12916	0.999878	FALSE	M:cds-YP_009724393.1	GTA	V	GGA	G	139
NC_045512.2	26939	A	G	13147	12134	36	1	1	34	7.60572e-05	13148	0.999939	FALSE	M:cds-YP_009724393.1	GTA	V	GTG	V	139
NC_045512.2	26940	A	G	12982	11980	36	2	2	34	0.000154036	12984	0.999087	FALSE	M:cds-YP_009724393.1	ATC	I	GTC	V	140
NC_045512.2	26942	C	A	12959	12198	35	1	1	34	7.71605e-05	12960	0.999878	FALSE	M:cds-YP_009724393.1	ATC	I	ATA	I	140
NC_045512.2	26945	A	G	11945	11233	35	4	3	42	0.000334756	11949	0.1875	FALSE	M:cds-YP_009724393.1	GGA	G	GGG	G	141
NC_045512.2	26947	C	T	11884	11288	35	3	3	34	0.000252355	11888	0.993543	FALSE	M:cds-YP_009724393.1	GCT	A	GTT	V	142
NC_045512.2	26947	C	A	11884	11288	35	1	1	34	8.41184e-05	11888	0.999756	FALSE	M:cds-YP_009724393.1	GCT	A	GAT	D	142
NC_045512.2	26948	T	C	11534	10933	35	1	1	34	8.66852e-05	11536	0.999757	FALSE	M:cds-YP_009724393.1	GCT	A	GCC	A	142
NC_045512.2	26948	T	A	11534	10933	35	1	1	34	8.66852e-05	11536	0.999757	FALSE	M:cds-YP_009724393.1	GCT	A	GCA	A	142
NC_045512.2	26950	T	C	11456	10865	35	3	0	45	0.000261803	11459	0.312516	FALSE	M:cds-YP_009724393.1	GTG	V	GCG	A	143
NC_045512.2	26952	A	T	11395	10823	35	1	1	34	8.77501e-05	11396	0.999757	FALSE	M:cds-YP_009724393.1	ATC	I	TTC	F	144
NC_045512.2	27086	A	C	84	55	40	1	1	34	0.0117647	85	0.502959	FALSE	M:cds-YP_009724393.1	GCA	A	GCC	A	188
NC_045512.2	27181	T	C	51	46	35	1	1	34	0.0192308	52	0.504854	FALSE	M:cds-YP_009724393.1	CTT	L	CCT	P	220
NC_045512.2	27184	T	C	1475	46	33	1	0	34	0.000677507	1476	0.750254	FALSE	M:cds-YP_009724393.1	GTA	V	GCA	A	221
NC_045512.2	27186	C	A	1554	44	33	1	1	34	0.000643087	1555	0.750241	FALSE	M:cds-YP_009724393.1	CAG	Q	AAG	K	222
NC_045512.2	27188	G	T	1790	43	33	1	0	34	0.000558347	1791	0.750209	FALSE	M:cds-YP_009724393.1	CAG	Q	CAT	H	222
NC_045512.2	27191	A	G	1889	40	33	1	0	26	0.000529101	1890	0.999998	FALSE	M:cds-YP_009724393.1	TAA	*	TAG	*	223
NC_045512.2	27193	T	C	1936	54	33	1	0	34	0.000516262	1937	0.750194	FALSE	NA	NA	NA	NA	NA	NA
NC_045512.2	27196	C	G	2059	83	34	1	0	34	0.000485437	2060	0.875182	FALSE	NA	NA	NA	NA	NA	NA
NC_045512.2	27197	A	G	2003	83	33	1	0	34	0.000499002	2004	0.875187	FALSE	NA	NA	NA	NA	NA	NA
NC_045512.2	27199	C	G	2112	85	34	2	0	30	0.000946074	2114	0.687766	FALSE	NA	NA	NA	NA	NA	NA
NC_045512.2	27206	T	C	2237	150	34	1	0	34	0.000446828	2238	0.875168	FALSE	ORF6:cds-YP_009724394.1	TTT	F	TCT	S	2
NC_045512.2	27208	C	T	2254	150	34	1	0	34	0.000443262	2256	0.875083	FALSE	ORF6:cds-YP_009724394.1	CAT	H	TAT	Y	3
NC_045512.2	27208	C	G	2254	150	34	1	0	34	0.000443262	2256	0.875083	FALSE	ORF6:cds-YP_009724394.1	CAT	H	GAT	D	3
NC_045512.2	27209	A	G	2229	149	34	1	0	26	0.00044843	2230	1	FALSE	ORF6:cds-YP_009724394.1	CAT	H	CGT	R	3
NC_045512.2	27216	T	G	2257	139	34	2	0	34	0.000884956	2260	0.687583	FALSE	ORF6:cds-YP_009724394.1	GTT	V	GTG	V	5
NC_045512.2	27216	T	C	2257	139	34	1	0	34	0.000442478	2260	0.875	FALSE	ORF6:cds-YP_009724394.1	GTT	V	GTC	V	5
NC_045512.2	27220	T	C	2404	147	34	1	0	34	0.0004158	2405	0.875156	FALSE	ORF6:cds-YP_009724394.1	TTT	F	CTT	L	7
NC_045512.2	27223	C	T	2437	145	34	1	0	34	0.000410172	2438	0.875154	FALSE	ORF6:cds-YP_009724394.1	CAG	Q	TAG	*	8
NC_045512.2	27224	A	G	2388	146	34	1	0	34	0.000418585	2389	0.875157	FALSE	ORF6:cds-YP_009724394.1	CAG	Q	CGG	R	8
NC_045512.2	27226	G	A	2522	150	34	1	0	34	0.000396354	2523	0.875149	FALSE	ORF6:cds-YP_009724394.1	GTT	V	ATT	I	9
NC_045512.2	27229	A	C	2467	158	34	1	0	34	0.000405186	2468	0.875152	FALSE	ORF6:cds-YP_009724394.1	ACT	T	CCT	P	10
NC_045512.2	27232	A	G	2920	179	34	1	1	34	0.000342349	2921	0.875128	FALSE	ORF6:cds-YP_009724394.1	ATA	I	GTA	V	11
NC_045512.2	27236	C	G	3053	235	36	1	0	26	0.000327439	3054	1	FALSE	ORF6:cds-YP_009724394.1	GCA	A	GGA	G	12
NC_045512.2	27240	G	T	3343	265	36	1	0	34	0.000299043	3344	0.937593	FALSE	ORF6:cds-YP_009724394.1	GAG	E	GAT	D	13
NC_045512.2	27241	A	T	2872	263	34	1	0	26	0.000348068	2873	1	FALSE	ORF6:cds-YP_009724394.1	ATA	I	TTA	L	14
NC_045512.2	27244	T	C	3369	265	36	1	0	34	0.000296736	3370	0.937593	FALSE	ORF6:cds-YP_009724394.1	TTA	L	CTA	L	15
NC_045512.2	27247	C	A	3450	294	37	1	0	34	0.000289771	3451	0.937591	FALSE	ORF6:cds-YP_009724394.1	CTA	L	ATA	I	16
NC_045512.2	27255	T	G	3575	335	37	2	0	30	0.000559128	3577	0.812675	FALSE	ORF6:cds-YP_009724394.1	ATT	I	ATG	M	18
NC_045512.2	27257	T	G	3691	338	37	1	0	34	0.000270856	3692	0.937585	FALSE	ORF6:cds-YP_009724394.1	ATG	M	AGG	R	19
NC_045512.2	27259	A	C	1	1	34	3646	342	37	0.999726	3647	0	TRUE	ORF6:cds-YP_009724394.1	AGG	R	CGG	R	20
NC_045512.2	27260	G	T	3679	341	37	1	0	27	0.000271739	3680	1	FALSE	ORF6:cds-YP_009724394.1	AGG	R	ATG	M	20
NC_045512.2	27263	C	A	3683	411	38	1	0	34	0.000271444	3684	0.937585	FALSE	ORF6:cds-YP_009724394.1	ACT	T	AAT	N	21
NC_045512.2	27269	A	G	3362	520	38	1	0	34	0.000297354	3363	0.937593	FALSE	ORF6:cds-YP_009724394.1	AAA	K	AGA	R	23
NC_045512.2	27273	T	C	3220	567	38	1	0	34	0.000310463	3221	0.937597	FALSE	ORF6:cds-YP_009724394.1	GTT	V	GTC	V	24
NC_045512.2	27278	T	C	3166	609	38	1	0	34	0.000315756	3167	0.937599	FALSE	ORF6:cds-YP_009724394.1	ATT	I	ACT	T	26
NC_045512.2	27280	T	-G	2988	697	39	1	0	20	0.000334672	2988	1	FALSE	NA	NA	NA	NA	NA	NA
NC_045512.2	27284	A	G	2954	823	39	1	1	34	0.000338409	2955	0.875127	FALSE	ORF6:cds-YP_009724394.1	AAT	N	AGT	S	28
NC_045512.2	27293	A	G	2626	947	38	1	0	34	0.000380662	2627	0.875143	FALSE	ORF6:cds-YP_009724394.1	TAC	Y	TGC	C	31
NC_045512.2	27295	A	T	2757	956	38	3	0	28	0.00108696	2760	1	FALSE	ORF6:cds-YP_009724394.1	ATC	I	TTC	F	32
NC_045512.2	27304	C	A	2804	937	38	1	1	34	0.000356506	2805	0.875134	FALSE	ORF6:cds-YP_009724394.1	CTC	L	ATC	I	35
NC_045512.2	27307	A	G	2782	912	39	1	0	34	0.000359324	2783	0.875135	FALSE	ORF6:cds-YP_009724394.1	ATA	I	GTA	V	36
NC_045512.2	27311	T	G	2931	1060	39	1	0	34	0.000341064	2932	0.875128	FALSE	ORF6:cds-YP_009724394.1	ATT	I	AGT	S	37
NC_045512.2	27316	A	G	2939	1057	39	2	1	34	0.000680041	2941	0.687691	FALSE	ORF6:cds-YP_009724394.1	AAT	N	GAT	D	39
NC_045512.2	27320	T	A	2788	1051	38	1	0	26	0.000358551	2789	1	FALSE	ORF6:cds-YP_009724394.1	TTA	L	TAA	*	40
NC_045512.2	27324	T	C	2884	1135	39	1	1	34	0.00034662	2885	0.87513	FALSE	ORF6:cds-YP_009724394.1	TCT	S	TCC	S	41
NC_045512.2	27328	T	C	2978	1337	39	1	0	34	0.000335683	2979	0.875126	FALSE	ORF6:cds-YP_009724394.1	TCA	S	CCA	P	43
NC_045512.2	27333	A	G	2813	1427	38	1	0	27	0.000355366	2814	1	FALSE	ORF6:cds-YP_009724394.1	CTA	L	CTG	L	44
NC_045512.2	27336	T	C	2589	1273	38	1	1	34	0.0003861	2590	0.875145	FALSE	ORF6:cds-YP_009724394.1	ACT	T	ACC	T	45
NC_045512.2	27337	G	T	2702	1357	38	1	1	34	0.000369822	2704	0.875069	FALSE	ORF6:cds-YP_009724394.1	GAG	E	TAG	*	46
NC_045512.2	27337	G	A	2702	1357	38	1	1	34	0.000369822	2704	0.875069	FALSE	ORF6:cds-YP_009724394.1	GAG	E	AAG	K	46
NC_045512.2	27338	A	G	2713	1370	39	1	0	34	0.00036846	2714	0.875138	FALSE	ORF6:cds-YP_009724394.1	GAG	E	GGG	G	46
NC_045512.2	27340	A	G	2689	1430	38	1	1	34	0.000371747	2690	0.875139	FALSE	ORF6:cds-YP_009724394.1	AAT	N	GAT	D	47
NC_045512.2	27343	A	T	2611	1506	37	1	0	26	0.000382848	2612	1	FALSE	ORF6:cds-YP_009724394.1	AAA	K	TAA	*	48
NC_045512.2	27346	T	C	2704	1435	37	1	0	34	0.000369686	2705	0.875139	FALSE	ORF6:cds-YP_009724394.1	TAT	Y	CAT	H	49
NC_045512.2	27354	A	G	2626	1555	37	1	0	34	0.000380518	2628	0.875071	FALSE	ORF6:cds-YP_009724394.1	CAA	Q	CAG	Q	51
NC_045512.2	27354	A	C	2626	1555	37	1	1	34	0.000380518	2628	0.875071	FALSE	ORF6:cds-YP_009724394.1	CAA	Q	CAC	H	51
NC_045512.2	27357	A	G	2667	1552	37	2	2	30	0.000749344	2669	0.687711	FALSE	ORF6:cds-YP_009724394.1	TTA	L	TTG	L	52
NC_045512.2	27363	A	G	2922	1754	38	1	0	34	0.000342114	2923	0.875128	FALSE	ORF6:cds-YP_009724394.1	GAA	E	GAG	E	54
NC_045512.2	27369	A	G	2996	1906	38	1	0	34	0.000333667	2997	0.875125	FALSE	ORF6:cds-YP_009724394.1	CAA	Q	CAG	Q	56
NC_045512.2	27371	C	T	3117	1998	39	1	1	34	0.000320718	3118	0.9376	FALSE	ORF6:cds-YP_009724394.1	CCA	P	CTA	L	57
NC_045512.2	27380	T	A	2958	1872	38	1	0	34	0.000337952	2959	0.875127	FALSE	ORF6:cds-YP_009724394.1	ATT	I	AAT	N	60
NC_045512.2	27381	T	C	2705	1630	37	3	3	34	0.00110783	2708	0.500173	FALSE	ORF6:cds-YP_009724394.1	ATT	I	ATC	I	60
NC_045512.2	27382	G	C	0	0	0	2713	1781	38	1	2713	0	TRUE	ORF6:cds-YP_009724394.1	GAT	D	CAT	H	61
NC_045512.2	27383	A	T	1	1	34	2444	1514	36	0.998774	2447	0	TRUE	ORF6:cds-YP_009724394.1	GAT	D	GTT	V	61
NC_045512.2	27383	A	C	1	1	34	2	1	34	0.000817327	2447	6.00158e-06	TRUE	ORF6:cds-YP_009724394.1	GAT	D	GCT	A	61
NC_045512.2	27384	T	C	1	1	34	2615	1680	38	0.999618	2616	0	TRUE	ORF6:cds-YP_009724394.1	GAT	D	GAC	D	61
NC_045512.2	27386	A	G	3681	2228	39	1	0	34	0.000271592	3682	0.937585	FALSE	ORF6:cds-YP_009724394.1	TAA	*	TGA	*	62
NC_045512.2	27394	A	G	3735	2281	39	2	0	34	0.000535045	3738	0.812584	FALSE	ORF7a:cds-YP_009724395.1	ATG	M	GTG	V	1
NC_045512.2	27394	A	C	3735	2281	39	1	1	34	0.000267523	3738	0.937517	FALSE	ORF7a:cds-YP_009724395.1	ATG	M	CTG	L	1
NC_045512.2	27395	T	C	3732	2301	39	1	1	27	0.000267881	3733	1	FALSE	ORF7a:cds-YP_009724395.1	ATG	M	ACG	T	1
NC_045512.2	27397	A	G	3561	2264	38	2	1	51	0.000561325	3563	0.250035	FALSE	ORF7a:cds-YP_009724395.1	AAA	K	GAA	E	2
NC_045512.2	27400	A	C	3688	2384	38	2	2	26	0.000542005	3690	1	FALSE	ORF7a:cds-YP_009724395.1	ATT	I	CTT	L	3
NC_045512.2	27402	T	C	3594	2251	38	1	1	38	0.000278164	3595	0.937587	FALSE	ORF7a:cds-YP_009724395.1	ATT	I	ATC	I	3
NC_045512.2	27403	A	G	3707	2417	38	1	1	34	0.000269687	3708	0.937584	FALSE	ORF7a:cds-YP_009724395.1	ATT	I	GTT	V	4
NC_045512.2	27405	T	C	3673	2331	38	12	5	32	0.00325645	3685	0.0175103	FALSE	ORF7a:cds-YP_009724395.1	ATT	I	ATC	I	4
NC_045512.2	27407	T	C	3733	2379	38	1	0	26	0.000267809	3734	1	FALSE	ORF7a:cds-YP_009724395.1	CTT	L	CCT	P	5
NC_045512.2	27408	T	C	3907	2621	39	1	0	38	0.000255885	3908	0.93758	FALSE	ORF7a:cds-YP_009724395.1	CTT	L	CTC	L	5
NC_045512.2	27412	T	C	3677	2379	39	1	1	34	0.000271813	3679	0.937551	FALSE	ORF7a:cds-YP_009724395.1	TTG	L	CTG	L	7
NC_045512.2	27412	T	A	3677	2379	39	1	0	34	0.000271813	3679	0.937551	FALSE	ORF7a:cds-YP_009724395.1	TTG	L	ATG	M	7
NC_045512.2	27415	G	A	3886	2602	40	2	1	34	0.000514403	3888	0.812661	FALSE	ORF7a:cds-YP_009724395.1	GCA	A	ACA	T	8
NC_045512.2	27418	C	A	3998	2686	40	1	1	34	0.000250063	3999	0.937578	FALSE	ORF7a:cds-YP_009724395.1	CTG	L	ATG	M	9
NC_045512.2	27419	T	C	4016	2737	40	1	1	34	0.000248942	4017	0.968808	FALSE	ORF7a:cds-YP_009724395.1	CTG	L	CCG	P	9
NC_045512.2	27420	G	T	4165	2797	41	1	0	34	0.000239923	4168	0.968769	FALSE	ORF7a:cds-YP_009724395.1	CTG	L	CTT	L	9
NC_045512.2	27420	G	A	4165	2797	41	2	1	51	0.000479846	4168	0.24997	FALSE	ORF7a:cds-YP_009724395.1	CTG	L	CTA	L	9
NC_045512.2	27422	T	C	4005	2638	40	1	1	68	0.000249626	4006	0.500062	FALSE	ORF7a:cds-YP_009724395.1	ATA	I	ACA	T	10
NC_045512.2	27423	A	G	4078	2808	40	2	2	34	0.000490196	4080	0.890769	FALSE	ORF7a:cds-YP_009724395.1	ATA	I	ATG	M	10
NC_045512.2	27428	T	C	4081	2793	41	1	1	26	0.000244978	4082	1	FALSE	ORF7a:cds-YP_009724395.1	CTC	L	CCC	P	12
NC_045512.2	27432	T	G	4083	2765	41	1	1	34	0.000244858	4084	0.968807	FALSE	ORF7a:cds-YP_009724395.1	GCT	A	GCG	A	13
NC_045512.2	27437	G	C	4345	3083	42	1	1	34	0.000230097	4346	0.968804	FALSE	ORF7a:cds-YP_009724395.1	TGT	C	TCT	S	15
NC_045512.2	27442	C	T	4394	3292	42	1	1	34	0.000227531	4395	0.968803	FALSE	ORF7a:cds-YP_009724395.1	CTT	L	TTT	F	17
NC_045512.2	27443	T	G	4319	3235	42	1	1	34	0.000231481	4320	0.968804	FALSE	ORF7a:cds-YP_009724395.1	CTT	L	CGT	R	17
NC_045512.2	27445	T	A	4255	3229	42	1	1	27	0.000234962	4256	1	FALSE	ORF7a:cds-YP_009724395.1	TAT	Y	AAT	N	18
NC_045512.2	27446	A	C	4590	3574	43	1	1	34	0.000217817	4591	0.968801	FALSE	ORF7a:cds-YP_009724395.1	TAT	Y	TCT	S	18
NC_045512.2	27449	A	T	4566	3583	42	1	1	34	0.000218962	4567	0.968801	FALSE	ORF7a:cds-YP_009724395.1	CAC	H	CTC	L	19
NC_045512.2	27450	C	A	4614	3624	43	1	1	34	0.000216685	4615	0.968801	FALSE	ORF7a:cds-YP_009724395.1	CAC	H	CAA	Q	19
NC_045512.2	27451	T	C	4501	3513	43	1	1	26	0.000222124	4502	1	FALSE	ORF7a:cds-YP_009724395.1	TAC	Y	CAC	H	20
NC_045512.2	27452	A	G	4482	3494	43	3	3	46	0.000668896	4485	0.125	FALSE	ORF7a:cds-YP_009724395.1	TAC	Y	TGC	C	20
NC_045512.2	27453	C	A	4464	3518	43	1	1	24	0.000223964	4465	1	FALSE	ORF7a:cds-YP_009724395.1	TAC	Y	TAA	*	20
NC_045512.2	27455	A	G	4431	3491	43	1	1	34	0.000225632	4432	0.968803	FALSE	ORF7a:cds-YP_009724395.1	CAA	Q	CGA	R	21
NC_045512.2	27458	A	T	4359	3455	42	1	1	26	0.000229358	4360	1	FALSE	ORF7a:cds-YP_009724395.1	GAG	E	GTG	V	22
NC_045512.2	27462	T	G	4006	3121	42	1	1	68	0.000249439	4009	0.499938	FALSE	ORF7a:cds-YP_009724395.1	TGT	C	TGG	W	23
NC_045512.2	27462	T	C	4006	3121	42	1	1	34	0.000249439	4009	0.96877	FALSE	ORF7a:cds-YP_009724395.1	TGT	C	TGC	C	23
NC_045512.2	27462	T	A	4006	3121	42	1	1	26	0.000249439	4009	1	FALSE	ORF7a:cds-YP_009724395.1	TGT	C	TGA	*	23
NC_045512.2	27463	G	A	4150	3263	43	1	1	34	0.000240906	4151	0.968806	FALSE	ORF7a:cds-YP_009724395.1	GTT	V	ATT	I	24
NC_045512.2	27464	T	G	3670	2790	41	1	0	27	0.000272183	3674	1	FALSE	ORF7a:cds-YP_009724395.1	GTT	V	GGT	G	24
NC_045512.2	27464	T	C	3670	2790	41	3	1	42	0.000816549	3674	0.124949	FALSE	ORF7a:cds-YP_009724395.1	GTT	V	GCT	A	24
NC_045512.2	27467	G	T	4036	3210	42	1	1	34	0.000247709	4037	0.968808	FALSE	ORF7a:cds-YP_009724395.1	AGA	R	ATA	I	25
NC_045512.2	27471	T	C	3623	3032	39	1	0	68	0.000275938	3624	0.500069	FALSE	ORF7a:cds-YP_009724395.1	GGT	G	GGC	G	26
NC_045512.2	27472	A	G	3541	2960	38	1	0	34	0.000282326	3542	0.937588	FALSE	ORF7a:cds-YP_009724395.1	ACA	T	GCA	A	27
NC_045512.2	27474	A	G	3577	3011	39	1	1	34	0.000279486	3578	0.937587	FALSE	ORF7a:cds-YP_009724395.1	ACA	T	ACG	T	27
NC_045512.2	27475	A	T	3577	3027	39	1	1	34	0.000279486	3578	0.937587	FALSE	ORF7a:cds-YP_009724395.1	ACA	T	TCA	S	28
NC_045512.2	27476	C	A	3577	3039	38	2	2	30	0.000558815	3579	0.812675	FALSE	ORF7a:cds-YP_009724395.1	ACA	T	AAA	K	28
NC_045512.2	27477	A	G	3283	2763	39	1	1	34	0.000304507	3284	0.937595	FALSE	ORF7a:cds-YP_009724395.1	ACA	T	ACG	T	28
NC_045512.2	27478	G	T	4489	2792	37	1	0	34	0.000222618	4492	0.968767	FALSE	ORF7a:cds-YP_009724395.1	GTA	V	TTA	L	29
NC_045512.2	27478	G	C	4489	2792	37	2	2	30	0.000445236	4492	0.890703	FALSE	ORF7a:cds-YP_009724395.1	GTA	V	CTA	L	29
NC_045512.2	27484	T	A	4207	2550	36	1	0	68	0.000237643	4208	0.500059	FALSE	ORF7a:cds-YP_009724395.1	TTA	L	ATA	I	31
NC_045512.2	27487	A	G	4233	2574	37	3	2	34	0.000708215	4236	0.773631	FALSE	ORF7a:cds-YP_009724395.1	AAA	K	GAA	E	32
NC_045512.2	27489	A	G	4243	2569	37	2	2	68	0.000471143	4245	0.250029	FALSE	ORF7a:cds-YP_009724395.1	AAA	K	AAG	K	32
NC_045512.2	27491	A	G	4162	2568	36	1	0	34	0.000240211	4163	0.968806	FALSE	ORF7a:cds-YP_009724395.1	GAA	E	GGA	G	33
NC_045512.2	27497	G	T	4432	2585	37	1	1	34	0.000225581	4433	0.968803	FALSE	ORF7a:cds-YP_009724395.1	TGC	C	TTC	F	35
NC_045512.2	27498	C	T	4433	2621	36	1	0	34	0.000225378	4437	0.96875	FALSE	ORF7a:cds-YP_009724395.1	TGC	C	TGT	C	35
NC_045512.2	27498	C	G	4433	2621	36	1	0	34	0.000225378	4437	0.96875	FALSE	ORF7a:cds-YP_009724395.1	TGC	C	TGG	W	35
NC_045512.2	27498	C	A	4433	2621	36	2	0	34	0.000450755	4437	0.890651	FALSE	ORF7a:cds-YP_009724395.1	TGC	C	TGA	*	35
NC_045512.2	27500	C	A	4569	2607	36	1	1	34	0.000218818	4570	0.968801	FALSE	ORF7a:cds-YP_009724395.1	TCT	S	TAT	Y	36
NC_045512.2	27503	C	G	4552	2567	37	2	0	30	0.000439174	4554	0.890754	FALSE	ORF7a:cds-YP_009724395.1	TCT	S	TGT	C	37
NC_045512.2	27505	G	T	4539	2529	37	1	1	34	0.000220264	4540	0.968802	FALSE	ORF7a:cds-YP_009724395.1	GGA	G	TGA	*	38
NC_045512.2	27506	G	C	4587	2520	36	2	2	34	0.000435825	4589	0.890753	FALSE	ORF7a:cds-YP_009724395.1	GGA	G	GCA	A	38
NC_045512.2	27507	A	G	4308	2501	37	1	0	68	0.00021725	4603	0.48356	FALSE	ORF7a:cds-YP_009724395.1	GGA	G	GGG	G	38
NC_045512.2	27507	A	C	4308	2501	37	294	20	36	0.0638714	4603	5.79358e-84	TRUE	ORF7a:cds-YP_009724395.1	GGA	G	GGC	G	38
NC_045512.2	27511	T	C	4287	2235	37	1	1	34	0.000233209	4288	0.968805	FALSE	ORF7a:cds-YP_009724395.1	TAC	Y	CAC	H	40
NC_045512.2	27512	A	C	4254	2203	37	1	1	34	0.000235018	4255	0.968805	FALSE	ORF7a:cds-YP_009724395.1	TAC	Y	TCC	S	40
NC_045512.2	27513	C	A	4296	2240	37	1	1	34	0.000232721	4297	0.968805	FALSE	ORF7a:cds-YP_009724395.1	TAC	Y	TAA	*	40
NC_045512.2	27514	G	T	4234	2190	37	1	1	26	0.000236072	4236	1	FALSE	ORF7a:cds-YP_009724395.1	GAG	E	TAG	*	41
NC_045512.2	27514	G	C	4234	2190	37	1	1	34	0.000236072	4236	0.968787	FALSE	ORF7a:cds-YP_009724395.1	GAG	E	CAG	Q	41
NC_045512.2	27515	A	G	4080	2034	37	1	0	34	0.000245038	4081	0.968807	FALSE	ORF7a:cds-YP_009724395.1	GAG	E	GGG	G	41
NC_045512.2	27516	G	T	4077	2017	37	2	1	34	0.000490316	4079	0.890769	FALSE	ORF7a:cds-YP_009724395.1	GAG	E	GAT	D	41
NC_045512.2	27519	C	T	3961	1981	36	1	1	26	0.000252398	3962	1	FALSE	ORF7a:cds-YP_009724395.1	GGC	G	GGT	G	42
NC_045512.2	27520	A	T	3742	1750	36	1	1	26	0.000267165	3743	1	FALSE	ORF7a:cds-YP_009724395.1	AAT	N	TAT	Y	43
NC_045512.2	27523	T	G	3751	1808	36	2	0	34	0.00053234	3757	0.812333	FALSE	ORF7a:cds-YP_009724395.1	TCA	S	GCA	A	44
NC_045512.2	27523	T	C	3751	1808	36	4	2	34	0.00106468	3757	0.499854	FALSE	ORF7a:cds-YP_009724395.1	TCA	S	CCA	P	44
NC_045512.2	27524	C	A	3766	1822	36	1	1	26	0.000265463	3767	1	FALSE	ORF7a:cds-YP_009724395.1	TCA	S	TAA	*	44
NC_045512.2	27525	A	G	3622	1721	36	1	1	24	0.000276014	3623	1	FALSE	ORF7a:cds-YP_009724395.1	TCA	S	TCG	S	44
NC_045512.2	27527	C	T	3630	1729	37	1	1	34	0.000275406	3631	0.937586	FALSE	ORF7a:cds-YP_009724395.1	CCA	P	CTA	L	45
NC_045512.2	27528	A	G	3557	1634	37	4	3	42	0.00112328	3561	0.0624824	FALSE	ORF7a:cds-YP_009724395.1	CCA	P	CCG	P	45
NC_045512.2	27529	T	C	3610	1657	37	1	0	24	0.000276932	3611	1	FALSE	ORF7a:cds-YP_009724395.1	TTT	F	CTT	L	46
NC_045512.2	27530	T	C	3428	1494	36	1	1	34	0.00029163	3429	0.937591	FALSE	ORF7a:cds-YP_009724395.1	TTT	F	TCT	S	46
NC_045512.2	27536	C	G	2257	331	39	1	0	34	0.00044287	2258	0.875166	FALSE	ORF7a:cds-YP_009724395.1	CCT	P	CGT	R	48
NC_045512.2	27543	T	C	2285	348	39	1	0	68	0.000437445	2286	0.500109	FALSE	ORF7a:cds-YP_009724395.1	GCT	A	GCC	A	50
NC_045512.2	27544	G	A	2307	346	39	2	0	34	0.000866176	2309	0.687744	FALSE	ORF7a:cds-YP_009724395.1	GAT	D	AAT	N	51
NC_045512.2	27545	A	C	2340	432	41	1	1	34	0.000427168	2341	0.87516	FALSE	ORF7a:cds-YP_009724395.1	GAT	D	GCT	A	51
NC_045512.2	27547	A	T	2210	435	40	1	0	26	0.000452284	2211	1	FALSE	ORF7a:cds-YP_009724395.1	AAC	N	TAC	Y	52
NC_045512.2	27551	A	T	2384	538	43	1	1	24	0.000419287	2385	1	FALSE	ORF7a:cds-YP_009724395.1	AAA	K	ATA	I	53
NC_045512.2	27556	G	T	2411	546	43	1	0	34	0.000414594	2412	0.875155	FALSE	ORF7a:cds-YP_009724395.1	GCA	A	TCA	S	55
NC_045512.2	27557	C	T	2398	554	43	1	1	68	0.00041684	2399	0.500104	FALSE	ORF7a:cds-YP_009724395.1	GCA	A	GTA	V	55
NC_045512.2	27560	T	C	2081	647	41	1	0	34	0.000480307	2082	0.87518	FALSE	ORF7a:cds-YP_009724395.1	CTG	L	CCG	P	56
NC_045512.2	27570	T	C	1994	755	40	1	1	34	0.000501253	1995	0.750188	FALSE	ORF7a:cds-YP_009724395.1	TTT	F	TTC	F	59
NC_045512.2	27590	C	T	1982	838	39	1	1	34	0.000504286	1983	0.750189	FALSE	ORF7a:cds-YP_009724395.1	GCT	A	GTT	V	66
NC_045512.2	27591	T	G	479	208	39	1	0	26	0.000527426	1896	0.986541	FALSE	ORF7a:cds-YP_009724395.1	GCT	A	GCG	A	66
NC_045512.2	27591	T	C	479	208	39	1413	650	39	0.745253	1896	0	TRUE	ORF7a:cds-YP_009724395.1	GCT	A	GCC	A	66
NC_045512.2	27591	T	A	479	208	39	3	0	34	0.00158228	1896	0.028164	FALSE	ORF7a:cds-YP_009724395.1	GCT	A	GCA	A	66
NC_045512.2	27592	T	C	1874	834	39	1	0	34	0.000533333	1875	0.7502	FALSE	ORF7a:cds-YP_009724395.1	TGT	C	CGT	R	67
NC_045512.2	27597	T	C	1827	794	38	1	0	34	0.000547046	1828	0.750205	FALSE	ORF7a:cds-YP_009724395.1	CCT	P	CCC	P	68
NC_045512.2	27599	A	C	1822	801	37	1	0	26	0.000548546	1823	0.999998	FALSE	ORF7a:cds-YP_009724395.1	GAC	D	GCC	A	69
NC_045512.2	27602	G	A	1776	787	38	1	0	34	0.000562746	1777	0.750211	FALSE	ORF7a:cds-YP_009724395.1	GGC	G	GAC	D	70
NC_045512.2	27604	G	A	1748	799	38	1	0	34	0.000571755	1749	0.750214	FALSE	ORF7a:cds-YP_009724395.1	GTA	V	ATA	I	71
NC_045512.2	27605	T	-A	1766	838	38	2	0	20	0.0011325	1766	0.999964	FALSE	NA	NA	NA	NA	NA	NA
NC_045512.2	27607	A	G	1720	850	37	2	1	34	0.00116144	1722	0.500218	FALSE	ORF7a:cds-YP_009724395.1	AAA	K	GAA	E	72
NC_045512.2	27610	C	A	1748	867	37	1	1	34	0.000571755	1749	0.750214	FALSE	ORF7a:cds-YP_009724395.1	CAC	H	AAC	N	73
NC_045512.2	27611	A	G	1692	816	37	1	1	34	0.000590667	1693	0.750222	FALSE	ORF7a:cds-YP_009724395.1	CAC	H	CGC	R	73
NC_045512.2	27612	C	T	1668	835	37	1	1	26	0.000599161	1669	0.999993	FALSE	ORF7a:cds-YP_009724395.1	CAC	H	CAT	H	73
NC_045512.2	27613	G	C	1669	830	37	1	0	26	0.000598444	1671	0.999993	FALSE	ORF7a:cds-YP_009724395.1	GTC	V	CTC	L	74
NC_045512.2	27613	G	A	1669	830	37	1	0	34	0.000598444	1671	0.750075	FALSE	ORF7a:cds-YP_009724395.1	GTC	V	ATC	I	74
NC_045512.2	27616	T	C	1649	799	36	1	1	34	0.000606061	1650	0.750227	FALSE	ORF7a:cds-YP_009724395.1	TAT	Y	CAT	H	75
NC_045512.2	27622	T	G	1722	924	37	2	0	26	0.00116009	1724	0.999964	FALSE	ORF7a:cds-YP_009724395.1	TTA	L	GTA	V	77
NC_045512.2	27625	C	T	1775	992	37	2	2	34	0.00112549	1777	0.500211	FALSE	ORF7a:cds-YP_009724395.1	CGT	R	TGT	C	78
NC_045512.2	27629	C	T	1829	1095	37	1	0	34	0.000546448	1830	0.750205	FALSE	ORF7a:cds-YP_009724395.1	GCC	A	GTC	V	79
NC_045512.2	27631	A	G	1806	1077	37	1	0	34	0.000553403	1807	0.750208	FALSE	ORF7a:cds-YP_009724395.1	AGA	R	GGA	G	80
NC_045512.2	27633	A	G	1761	1102	37	1	1	34	0.000567537	1762	0.750213	FALSE	ORF7a:cds-YP_009724395.1	AGA	R	AGG	R	80
NC_045512.2	27638	T	C	1938	1112	37	1	1	60	0.00051573	1939	0.500129	FALSE	ORF7a:cds-YP_009724395.1	GTT	V	GCT	A	82
NC_045512.2	27639	T	C	1965	1171	37	2	1	34	0.00101678	1967	0.500191	FALSE	ORF7a:cds-YP_009724395.1	GTT	V	GTC	V	82
NC_045512.2	27640	T	A	482	257	38	1492	916	37	0.755826	1974	0	TRUE	ORF7a:cds-YP_009724395.1	TCA	S	ACA	T	83
NC_045512.2	27640	T	+A	482	257	38	1	0	20	0.000506586	1974	0.987706	FALSE	NA	NA	NA	NA	NA	NA
NC_045512.2	27650	T	G	1742	864	38	1	0	34	0.000573723	1743	0.750215	FALSE	ORF7a:cds-YP_009724395.1	CTG	L	CGG	R	86
NC_045512.2	27651	G	T	1831	885	38	1	0	26	0.000545852	1832	0.999998	FALSE	ORF7a:cds-YP_009724395.1	CTG	L	CTT	L	86
NC_045512.2	27656	T	G	1876	932	38	1	0	34	0.000532765	1877	0.7502	FALSE	ORF7a:cds-YP_009724395.1	ATC	I	AGC	S	88
NC_045512.2	27658	A	G	1850	924	38	1	0	34	0.000540249	1851	0.750203	FALSE	ORF7a:cds-YP_009724395.1	AGA	R	GGA	G	89
NC_045512.2	27667	G	T	1777	965	38	1	0	26	0.00056243	1778	0.999996	FALSE	ORF7a:cds-YP_009724395.1	GAA	E	TAA	*	92
NC_045512.2	27669	A	G	1761	955	38	1	0	34	0.000567537	1762	0.750213	FALSE	ORF7a:cds-YP_009724395.1	GAA	E	GAG	E	92
NC_045512.2	27672	T	A	1769	954	38	2	1	51	0.00112931	1771	0.250071	FALSE	ORF7a:cds-YP_009724395.1	GTT	V	GTA	V	93
NC_045512.2	27674	A	G	1733	933	38	1	1	34	0.000576701	1734	0.750216	FALSE	ORF7a:cds-YP_009724395.1	CAA	Q	CGA	R	94
NC_045512.2	27677	A	G	1617	982	36	1	0	34	0.000618047	1618	0.750232	FALSE	ORF7a:cds-YP_009724395.1	GAA	E	GGA	G	95
NC_045512.2	27679	C	-T	1797	985	38	1	0	20	0.000556483	1797	0.999996	FALSE	NA	NA	NA	NA	NA	NA
NC_045512.2	27689	C	G	1719	1004	38	1	0	34	0.000581395	1720	0.750218	FALSE	ORF7a:cds-YP_009724395.1	CCA	P	CGA	R	99
NC_045512.2	27694	T	G	1696	1054	37	1	1	34	0.000589275	1697	0.750221	FALSE	ORF7a:cds-YP_009724395.1	TTT	F	GTT	V	101
NC_045512.2	27700	A	G	1772	1115	38	1	0	26	0.000564016	1773	0.999996	FALSE	ORF7a:cds-YP_009724395.1	ATT	I	GTT	V	103
NC_045512.2	27716	T	A	1896	1412	39	1	0	26	0.000527148	1897	0.999998	FALSE	ORF7a:cds-YP_009724395.1	GTG	V	GAG	E	108
NC_045512.2	27731	G	A	5385	1530	35	1	1	34	0.000185667	5386	0.984405	FALSE	ORF7a:cds-YP_009724395.1	TGC	C	TAC	Y	113
NC_045512.2	27732	C	T	5393	1538	35	1	1	68	0.000185391	5394	0.500046	FALSE	ORF7a:cds-YP_009724395.1	TGC	C	TGT	C	113
NC_045512.2	27736	A	G	5546	1690	36	1	0	34	0.000180278	5547	0.984405	FALSE	ORF7a:cds-YP_009724395.1	ACA	T	GCA	A	115
NC_045512.2	27740	T	C	5621	1726	35	1	0	34	0.000177841	5623	0.984396	FALSE	ORF7a:cds-YP_009724395.1	CTC	L	CCC	P	116
NC_045512.2	27740	T	A	5621	1726	35	1	0	26	0.000177841	5623	1	FALSE	ORF7a:cds-YP_009724395.1	CTC	L	CAC	H	116
NC_045512.2	27742	A	G	5766	1922	35	3	0	34	0.000520021	5769	0.855611	FALSE	ORF7a:cds-YP_009724395.1	AAA	K	GAA	E	117
NC_045512.2	27744	A	G	5875	1935	35	2	1	51	0.00034031	5877	0.250021	FALSE	ORF7a:cds-YP_009724395.1	AAA	K	AAG	K	117
NC_045512.2	27746	G	A	6057	1941	35	1	1	34	0.000165071	6058	0.992206	FALSE	ORF7a:cds-YP_009724395.1	AGA	R	AAA	K	118
NC_045512.2	27747	A	G	5676	1932	34	1	0	26	0.000176149	5677	1	FALSE	ORF7a:cds-YP_009724395.1	AGA	R	AGG	R	118
NC_045512.2	27748	A	G	6004	1887	35	1	0	26	0.000166528	6005	1	FALSE	ORF7a:cds-YP_009724395.1	AAG	K	GAG	E	119
NC_045512.2	27749	A	G	5936	1779	34	3	0	31	0.000505051	5940	0.855552	FALSE	ORF7a:cds-YP_009724395.1	AAG	K	AGG	R	119
NC_045512.2	27749	A	C	5936	1779	34	1	1	34	0.00016835	5940	0.984379	FALSE	ORF7a:cds-YP_009724395.1	AAG	K	ACG	T	119
NC_045512.2	27753	A	G	6022	1841	35	1	0	34	0.00016603	6023	0.992206	FALSE	ORF7a:cds-YP_009724395.1	ACA	T	ACG	T	120
NC_045512.2	27759	A	G	6233	1799	34	1	0	34	0.000160411	6234	0.992205	FALSE	ORF7a:cds-YP_009724395.1	TGA	*	TGG	W	122
NC_045512.2	27759	A	G	6233	1799	34	1	0	34	0.000160411	6234	0.992205	FALSE	ORF7b:cds-YP_009725318.1	ATT	I	GTT	V	2
NC_045512.2	27761	T	C	6265	1798	35	3	1	31	0.000478393	6271	0.910156	FALSE	ORF7b:cds-YP_009725318.1	ATT	I	ATC	I	2
NC_045512.2	27761	T	A	6265	1798	35	3	0	28	0.000478393	6271	1	FALSE	ORF7b:cds-YP_009725318.1	ATT	I	ATA	I	2
NC_045512.2	27763	A	G	6261	1807	35	1	0	34	0.000159693	6262	0.992205	FALSE	ORF7b:cds-YP_009725318.1	GAA	E	GGA	G	3
NC_045512.2	27766	T	G	6407	1836	35	1	0	34	0.000156055	6408	0.992205	FALSE	ORF7b:cds-YP_009725318.1	CTT	L	CGT	R	4
NC_045512.2	27773	A	G	6422	1822	35	1	0	26	0.00015569	6423	1	FALSE	ORF7b:cds-YP_009725318.1	TTA	L	TTG	L	6
NC_045512.2	27779	C	T	6629	1718	35	158	146	35	0.0232798	6787	4.70204e-40	TRUE	ORF7b:cds-YP_009725318.1	GAC	D	GAT	D	8
NC_045512.2	27780	T	C	6787	1868	35	1	1	34	0.000147319	6788	0.992204	FALSE	ORF7b:cds-YP_009725318.1	TTC	F	CTC	L	9
NC_045512.2	27782	C	A	6949	1864	35	3	3	28	0.00043153	6952	1	FALSE	ORF7b:cds-YP_009725318.1	TTC	F	TTA	L	9
NC_045512.2	27783	T	C	6837	1723	35	1	1	34	0.000146242	6838	0.992203	FALSE	ORF7b:cds-YP_009725318.1	TAT	Y	CAT	H	10
NC_045512.2	27784	A	G	6903	1867	35	1	0	34	0.000144844	6904	0.992203	FALSE	ORF7b:cds-YP_009725318.1	TAT	Y	TGT	C	10
NC_045512.2	27785	T	C	6629	1527	35	1	0	34	0.00015083	6630	0.992204	FALSE	ORF7b:cds-YP_009725318.1	TAT	Y	TAC	Y	10
NC_045512.2	27789	T	C	6893	1851	35	2	2	34	0.000290065	6895	0.964899	FALSE	ORF7b:cds-YP_009725318.1	TGC	C	CGC	R	12
NC_045512.2	27791	C	A	7009	1862	36	1	0	34	0.000142653	7010	0.996104	FALSE	ORF7b:cds-YP_009725318.1	TGC	C	TGA	*	12
NC_045512.2	27793	T	C	7182	1848	36	1	0	34	0.000139179	7185	0.996099	FALSE	ORF7b:cds-YP_009725318.1	TTT	F	TCT	S	13
NC_045512.2	27793	T	A	7182	1848	36	2	0	30	0.000278358	7185	0.980498	FALSE	ORF7b:cds-YP_009725318.1	TTT	F	TAT	Y	13
NC_045512.2	27794	T	C	7165	1819	36	1	0	34	0.000139548	7166	0.996104	FALSE	ORF7b:cds-YP_009725318.1	TTT	F	TTC	F	13
NC_045512.2	27796	T	C	7176	1836	36	1	0	26	0.000139334	7177	1	FALSE	ORF7b:cds-YP_009725318.1	TTA	L	TCA	S	14
NC_045512.2	27797	A	G	7059	1828	36	1	0	34	0.000141643	7060	0.996104	FALSE	ORF7b:cds-YP_009725318.1	TTA	L	TTG	L	14
NC_045512.2	27798	G	T	7320	1830	36	1	0	34	0.000136593	7321	0.996103	FALSE	ORF7b:cds-YP_009725318.1	GCC	A	TCC	S	15
NC_045512.2	27799	C	A	7254	1824	36	1	0	34	0.000137836	7255	0.996103	FALSE	ORF7b:cds-YP_009725318.1	GCC	A	GAC	D	15
NC_045512.2	27801	T	G	7288	1705	36	1	1	34	0.000137193	7289	0.996103	FALSE	ORF7b:cds-YP_009725318.1	TTT	F	GTT	V	16
NC_045512.2	27806	G	T	8026	1731	36	1	0	34	0.000124564	8028	0.998051	FALSE	ORF7b:cds-YP_009725318.1	CTG	L	CTT	L	17
NC_045512.2	27806	G	C	8026	1731	36	1	1	26	0.000124564	8028	1	FALSE	ORF7b:cds-YP_009725318.1	CTG	L	CTC	L	17
NC_045512.2	27807	C	T	2	2	26	7963	1713	36	0.999749	7965	0	TRUE	ORF7b:cds-YP_009725318.1	CTA	L	TTA	L	18
NC_045512.2	27809	A	T	7632	1696	35	2	0	34	0.000261986	7634	0.980506	FALSE	ORF7b:cds-YP_009725318.1	CTA	L	CTT	L	18
NC_045512.2	27812	C	A	7646	1637	36	2	2	34	0.000261506	7648	0.980506	FALSE	ORF7b:cds-YP_009725318.1	TTC	F	TTA	L	19
NC_045512.2	27814	T	G	7264	1299	36	1	0	34	0.000137627	7266	0.996101	FALSE	ORF7b:cds-YP_009725318.1	CTT	L	CGT	R	20
NC_045512.2	27814	T	C	7264	1299	36	1	0	34	0.000137627	7266	0.996101	FALSE	ORF7b:cds-YP_009725318.1	CTT	L	CCT	P	20
NC_045512.2	27815	T	C	7080	1229	36	2	0	30	0.000282326	7084	0.980489	FALSE	ORF7b:cds-YP_009725318.1	CTT	L	CTC	L	20
NC_045512.2	27815	T	A	7080	1229	36	2	0	34	0.000282326	7084	0.980489	FALSE	ORF7b:cds-YP_009725318.1	CTT	L	CTA	L	20
NC_045512.2	27816	G	A	7231	1228	36	1	0	34	0.000138274	7232	0.996103	FALSE	ORF7b:cds-YP_009725318.1	GTT	V	ATT	I	21
NC_045512.2	27818	T	C	6318	1250	35	1	1	68	0.000158253	6319	0.50004	FALSE	ORF7b:cds-YP_009725318.1	GTT	V	GTC	V	21
NC_045512.2	27819	T	C	6144	1018	35	1	0	26	0.000162734	6145	1	FALSE	ORF7b:cds-YP_009725318.1	TTA	L	CTA	L	22
NC_045512.2	27821	A	G	5687	1316	35	1	0	34	0.000175809	5688	0.984404	FALSE	ORF7b:cds-YP_009725318.1	TTA	L	TTG	L	22
NC_045512.2	27822	A	G	5596	1330	35	2	0	30	0.00035727	5598	0.937588	FALSE	ORF7b:cds-YP_009725318.1	ATT	I	GTT	V	23
NC_045512.2	27827	G	A	4667	569	35	1	0	34	0.000214225	4668	0.9688	FALSE	ORF7b:cds-YP_009725318.1	ATG	M	ATA	I	24
NC_045512.2	27829	T	C	4608	892	36	1	1	34	0.000216967	4609	0.968801	FALSE	ORF7b:cds-YP_009725318.1	CTT	L	CCT	P	25
NC_045512.2	27834	A	T	4494	1060	35	1	0	26	0.000222469	4495	1	FALSE	ORF7b:cds-YP_009725318.1	ATC	I	TTC	F	27
NC_045512.2	27835	T	G	4541	982	36	1	0	34	0.000220119	4543	0.968784	FALSE	ORF7b:cds-YP_009725318.1	ATC	I	AGC	S	27
NC_045512.2	27835	T	C	4541	982	36	1	0	34	0.000220119	4543	0.968784	FALSE	ORF7b:cds-YP_009725318.1	ATC	I	ACC	T	27
NC_045512.2	27836	C	-T	4692	1162	36	1	0	20	0.000213129	4692	1	FALSE	NA	NA	NA	NA	NA	NA
NC_045512.2	27838	T	A	4679	1174	36	1	0	34	0.000213675	4680	0.9688	FALSE	ORF7b:cds-YP_009725318.1	TTT	F	TAT	Y	28
NC_045512.2	27841	G	A	4627	1196	36	1	0	34	0.000216076	4628	0.968801	FALSE	ORF7b:cds-YP_009725318.1	TGG	W	TAG	*	29
NC_045512.2	27844	T	C	4391	1029	36	2	0	34	0.00045527	4393	0.890758	FALSE	ORF7b:cds-YP_009725318.1	TTC	F	TCC	S	30
NC_045512.2	27846	T	G	4554	1267	36	2	0	30	0.000438885	4557	0.890702	FALSE	ORF7b:cds-YP_009725318.1	TCA	S	GCA	A	31
NC_045512.2	27846	T	A	4554	1267	36	1	0	34	0.000219443	4557	0.968767	FALSE	ORF7b:cds-YP_009725318.1	TCA	S	ACA	T	31
NC_045512.2	27848	A	G	5061	1283	36	1	0	34	0.00019755	5062	0.984407	FALSE	ORF7b:cds-YP_009725318.1	TCA	S	TCG	S	31
NC_045512.2	27851	T	A	4830	1255	36	1	0	26	0.000206996	4831	1	FALSE	ORF7b:cds-YP_009725318.1	CTT	L	CTA	L	32
NC_045512.2	27852	G	T	5089	1316	36	2	0	26	0.00039285	5091	1	FALSE	ORF7b:cds-YP_009725318.1	GAA	E	TAA	*	33
NC_045512.2	27853	A	G	5122	1335	36	3	0	34	0.000585366	5125	0.855629	FALSE	ORF7b:cds-YP_009725318.1	GAA	E	GGA	G	33
NC_045512.2	27856	T	C	5148	1426	36	1	0	34	0.000194212	5149	0.984407	FALSE	ORF7b:cds-YP_009725318.1	CTG	L	CCG	P	34
NC_045512.2	27857	G	A	5155	1416	36	2	1	34	0.000387822	5157	0.937595	FALSE	ORF7b:cds-YP_009725318.1	CTG	L	CTA	L	34
NC_045512.2	27859	A	G	5192	1451	36	1	0	26	0.00019253	5194	1	FALSE	ORF7b:cds-YP_009725318.1	CAA	Q	CGA	R	35
NC_045512.2	27859	A	C	5192	1451	36	1	1	34	0.00019253	5194	0.984398	FALSE	ORF7b:cds-YP_009725318.1	CAA	Q	CCA	P	35
NC_045512.2	27864	C	G	5327	1566	37	2	0	34	0.000375305	5329	0.937592	FALSE	ORF7b:cds-YP_009725318.1	CAT	H	GAT	D	37
NC_045512.2	27865	A	G	5324	1581	37	1	0	34	0.000187793	5325	0.984406	FALSE	ORF7b:cds-YP_009725318.1	CAT	H	CGT	R	37
NC_045512.2	27866	T	A	5429	1541	37	1	0	27	0.000184162	5430	1	FALSE	ORF7b:cds-YP_009725318.1	CAT	H	CAA	Q	37
NC_045512.2	27867	A	G	5511	1590	37	1	0	34	0.000181422	5512	0.984405	FALSE	ORF7b:cds-YP_009725318.1	AAT	N	GAT	D	38
NC_045512.2	27869	T	C	5402	1617	37	1	0	34	0.000185082	5403	0.984405	FALSE	ORF7b:cds-YP_009725318.1	AAT	N	AAC	N	38
NC_045512.2	27871	A	G	5339	1709	37	2	0	34	0.000374462	5341	0.937592	FALSE	ORF7b:cds-YP_009725318.1	GAA	E	GGA	G	39
NC_045512.2	27872	A	G	5413	1934	37	1	0	34	0.000184706	5414	0.984405	FALSE	ORF7b:cds-YP_009725318.1	GAA	E	GAG	E	39
NC_045512.2	27874	C	A	5551	1947	37	1	1	34	0.000180115	5552	0.984405	FALSE	ORF7b:cds-YP_009725318.1	ACT	T	AAT	N	40
NC_045512.2	27877	G	A	5651	1992	38	1	0	26	0.000176929	5652	1	FALSE	ORF7b:cds-YP_009725318.1	TGT	C	TAT	Y	41
NC_045512.2	27878	T	C	5740	2167	38	1	0	34	0.000174186	5741	0.984404	FALSE	ORF7b:cds-YP_009725318.1	TGT	C	TGC	C	41
NC_045512.2	27879	C	G	5693	2202	38	1	0	26	0.000175623	5694	1	FALSE	ORF7b:cds-YP_009725318.1	CAC	H	GAC	D	42
NC_045512.2	27881	C	T	5806	2213	38	3	1	34	0.00051644	5809	0.85561	FALSE	ORF7b:cds-YP_009725318.1	CAC	H	CAT	H	42
NC_045512.2	27882	G	A	5849	2188	38	2	1	34	0.000341822	5851	0.937584	FALSE	ORF7b:cds-YP_009725318.1	GCC	A	ACC	T	43
NC_045512.2	27885	T	G	5779	2244	38	1	0	34	0.00017298	5781	0.984395	FALSE	ORF7b:cds-YP_009725318.1	TAA	*	GAA	E	44
NC_045512.2	27885	T	C	5779	2244	38	1	0	34	0.00017298	5781	0.984395	FALSE	ORF7b:cds-YP_009725318.1	TAA	*	CAA	Q	44
NC_045512.2	27886	A	G	5865	2330	38	2	0	30	0.00034089	5867	0.937584	FALSE	ORF7b:cds-YP_009725318.1	TAA	*	TGA	*	44
NC_045512.2	27889	C	T	6032	2571	38	1	1	24	0.000165755	6033	1	FALSE	NA	NA	NA	NA	NA	NA
NC_045512.2	27891	A	G	6054	2638	39	2	1	30	0.000330251	6056	0.964907	FALSE	NA	NA	NA	NA	NA	NA
NC_045512.2	27894	A	G	5726	2777	38	2	1	68	0.000349162	5728	0.250022	FALSE	ORF8:cds-YP_009724396.1	ATG	M	GTG	V	1
NC_045512.2	27896	G	A	6002	2799	39	1	1	34	0.000166583	6003	0.992206	FALSE	ORF8:cds-YP_009724396.1	ATG	M	ATA	I	1
NC_045512.2	27897	A	G	5926	2800	38	1	1	26	0.000168719	5927	1	FALSE	ORF8:cds-YP_009724396.1	AAA	K	GAA	E	2
NC_045512.2	27898	A	G	5965	2796	39	2	1	34	0.000335064	5969	0.937528	FALSE	ORF8:cds-YP_009724396.1	AAA	K	AGA	R	2
NC_045512.2	27898	A	C	5965	2796	39	2	2	34	0.000335064	5969	0.937528	FALSE	ORF8:cds-YP_009724396.1	AAA	K	ACA	T	2
NC_045512.2	27899	A	G	6150	3049	39	1	0	34	0.000162575	6151	0.992205	FALSE	ORF8:cds-YP_009724396.1	AAA	K	AAG	K	2
NC_045512.2	27900	T	C	6154	3108	39	3	3	31	0.00048725	6157	0.910276	FALSE	ORF8:cds-YP_009724396.1	TTT	F	CTT	L	3
NC_045512.2	27904	T	C	5680	3130	38	1	0	34	0.000176025	5681	0.984404	FALSE	ORF8:cds-YP_009724396.1	CTT	L	CCT	P	4
NC_045512.2	27905	T	C	5746	3208	38	1	1	38	0.000174004	5747	0.984404	FALSE	ORF8:cds-YP_009724396.1	CTT	L	CTC	L	4
NC_045512.2	27906	G	C	5816	3249	38	1	1	34	0.00017191	5817	0.984403	FALSE	ORF8:cds-YP_009724396.1	GTT	V	CTT	L	5
NC_045512.2	27908	T	A	5974	3580	38	1	0	26	0.000167364	5975	1	FALSE	ORF8:cds-YP_009724396.1	GTT	V	GTA	V	5
NC_045512.2	27910	T	A	5479	3095	36	1	1	34	0.000182482	5480	0.984405	FALSE	ORF8:cds-YP_009724396.1	TTC	F	TAC	Y	6
NC_045512.2	27911	C	G	6209	3844	38	2	0	34	0.000322009	6211	0.964905	FALSE	ORF8:cds-YP_009724396.1	TTC	F	TTG	L	6
NC_045512.2	27911	C	-T	6209	3844	38	1	0	20	0.000161005	6211	1	FALSE	NA	NA	NA	NA	NA	NA
NC_045512.2	27913	T	G	6227	3867	38	1	0	34	0.000160539	6229	0.992201	FALSE	ORF8:cds-YP_009724396.1	TTA	L	TGA	*	7
NC_045512.2	27913	T	C	6227	3867	38	1	0	34	0.000160539	6229	0.992201	FALSE	ORF8:cds-YP_009724396.1	TTA	L	TCA	S	7
NC_045512.2	27915	G	T	1	0	68	5911	3543	38	0.999831	5912	0	TRUE	ORF8:cds-YP_009724396.1	GGA	G	TGA	*	8
NC_045512.2	27917	A	G	6344	4149	38	1	0	34	0.000157604	6345	0.992205	FALSE	ORF8:cds-YP_009724396.1	GGA	G	GGG	G	8
NC_045512.2	27918	A	G	6332	4124	38	1	1	26	0.000157903	6333	1	FALSE	ORF8:cds-YP_009724396.1	ATC	I	GTC	V	9
NC_045512.2	27919	T	C	6262	4041	38	2	1	51	0.000319285	6264	0.25002	FALSE	ORF8:cds-YP_009724396.1	ATC	I	ACC	T	9
NC_045512.2	27920	C	A	6458	4159	38	1	1	68	0.000154823	6459	0.500039	FALSE	ORF8:cds-YP_009724396.1	ATC	I	ATA	I	9
NC_045512.2	27929	T	A	6275	3972	38	1	1	34	0.000159337	6276	0.992205	FALSE	ORF8:cds-YP_009724396.1	ACT	T	ACA	T	12
NC_045512.2	27930	G	A	6481	4172	38	2	2	34	0.000308499	6483	0.964903	FALSE	ORF8:cds-YP_009724396.1	GTA	V	ATA	I	13
NC_045512.2	27933	G	C	6435	4125	38	1	1	34	0.000155376	6436	0.992204	FALSE	ORF8:cds-YP_009724396.1	GCT	A	CCT	P	14
NC_045512.2	27934	C	A	6380	4228	38	1	1	34	0.000156715	6381	0.992205	FALSE	ORF8:cds-YP_009724396.1	GCT	A	GAT	D	14
NC_045512.2	27935	T	G	6347	4183	38	1	1	34	0.000157456	6351	0.992192	FALSE	ORF8:cds-YP_009724396.1	GCT	A	GCG	A	14
NC_045512.2	27935	T	C	6347	4183	38	3	3	34	0.000472367	6351	0.910234	FALSE	ORF8:cds-YP_009724396.1	GCT	A	GCC	A	14
NC_045512.2	27936	G	A	6354	4152	38	3	3	34	0.000471921	6357	0.910272	FALSE	ORF8:cds-YP_009724396.1	GCA	A	ACA	T	15
NC_045512.2	27939	T	C	6807	4754	39	1	0	34	0.000146886	6808	0.992204	FALSE	ORF8:cds-YP_009724396.1	TTT	F	CTT	L	16
NC_045512.2	27941	T	G	6747	4704	39	1	0	27	0.00014817	6749	1	FALSE	ORF8:cds-YP_009724396.1	TTT	F	TTG	L	16
NC_045512.2	27941	T	C	6747	4704	39	1	1	34	0.00014817	6749	0.9922	FALSE	ORF8:cds-YP_009724396.1	TTT	F	TTC	F	16
NC_045512.2	27945	C	T	7213	5345	39	1	1	68	0.000138619	7214	0.500035	FALSE	ORF8:cds-YP_009724396.1	CAA	Q	TAA	*	18
NC_045512.2	27946	A	G	7121	5246	39	4	3	34	0.000561404	7125	0.886854	FALSE	ORF8:cds-YP_009724396.1	CAA	Q	CGA	R	18
NC_045512.2	27947	A	C	7173	5376	39	2	2	34	0.000278746	7175	0.980508	FALSE	ORF8:cds-YP_009724396.1	CAA	Q	CAC	H	18
NC_045512.2	27949	A	G	7014	5465	38	1	1	68	0.000142552	7015	0.500036	FALSE	ORF8:cds-YP_009724396.1	GAA	E	GGA	G	19
NC_045512.2	27950	A	G	7109	5532	38	2	0	47	0.000281254	7111	0.250018	FALSE	ORF8:cds-YP_009724396.1	GAA	E	GAG	E	19
NC_045512.2	27951	T	C	7094	5504	38	2	2	34	0.000281849	7096	0.980508	FALSE	ORF8:cds-YP_009724396.1	TGT	C	CGT	R	20
NC_045512.2	27952	G	C	7141	5545	38	1	1	34	0.000140017	7142	0.996104	FALSE	ORF8:cds-YP_009724396.1	TGT	C	TCT	S	20
NC_045512.2	27953	T	C	7075	5551	38	1	1	34	0.000141323	7076	0.996104	FALSE	ORF8:cds-YP_009724396.1	TGT	C	TGC	C	20
NC_045512.2	27956	T	G	3798	2237	35	1	1	26	0.000263227	3799	1	FALSE	ORF8:cds-YP_009724396.1	AGT	S	AGG	R	21
NC_045512.2	27957	T	G	7143	5590	38	1	0	34	0.000139978	7144	0.996104	FALSE	ORF8:cds-YP_009724396.1	TTA	L	GTA	V	22
NC_045512.2	27958	T	C	7151	5621	38	1	1	34	0.000139821	7152	0.996104	FALSE	ORF8:cds-YP_009724396.1	TTA	L	TCA	S	22
NC_045512.2	27960	C	T	7118	5581	37	2	1	34	0.000280859	7121	0.980498	FALSE	ORF8:cds-YP_009724396.1	CAG	Q	TAG	*	23
NC_045512.2	27960	C	G	7118	5581	37	1	0	27	0.00014043	7121	1	FALSE	ORF8:cds-YP_009724396.1	CAG	Q	GAG	E	23
NC_045512.2	27963	T	C	7191	5591	37	1	1	34	0.000139043	7192	0.996104	FALSE	ORF8:cds-YP_009724396.1	TCA	S	CCA	P	24
NC_045512.2	27965	A	C	7031	5382	37	1	1	34	0.000142207	7032	0.996104	FALSE	ORF8:cds-YP_009724396.1	TCA	S	TCC	S	24
NC_045512.2	27968	T	C	7148	5618	37	1	1	34	0.00013988	7149	0.996104	FALSE	ORF8:cds-YP_009724396.1	TGT	C	TGC	C	25
NC_045512.2	27970	C	T	7167	5586	37	1	1	34	0.000139509	7168	0.996104	FALSE	ORF8:cds-YP_009724396.1	ACT	T	ATT	I	26
NC_045512.2	27971	T	C	6922	5368	37	1	1	34	0.000144446	6923	0.992203	FALSE	ORF8:cds-YP_009724396.1	ACT	T	ACC	T	26
NC_045512.2	27972	C	A	6915	5363	37	1	1	26	0.000144592	6916	1	FALSE	ORF8:cds-YP_009724396.1	CAA	Q	AAA	K	27
NC_045512.2	27973	A	G	6886	5362	38	1	1	34	0.000145201	6887	0.992203	FALSE	ORF8:cds-YP_009724396.1	CAA	Q	CGA	R	27
NC_045512.2	27975	C	T	6919	5395	38	1	1	34	0.000144509	6920	0.992203	FALSE	ORF8:cds-YP_009724396.1	CAT	H	TAT	Y	28
NC_045512.2	27976	A	C	6806	5305	38	3	3	31	0.000440593	6809	0.910265	FALSE	ORF8:cds-YP_009724396.1	CAT	H	CCT	P	28
NC_045512.2	27977	T	C	6769	5326	37	1	1	34	0.00014771	6770	0.992204	FALSE	ORF8:cds-YP_009724396.1	CAT	H	CAC	H	28
NC_045512.2	27980	A	G	6349	5137	36	1	1	34	0.00015748	6350	0.992205	FALSE	ORF8:cds-YP_009724396.1	CAA	Q	CAG	Q	29
NC_045512.2	27982	C	T	6986	5689	38	2	2	34	0.000286205	6988	0.964899	FALSE	ORF8:cds-YP_009724396.1	CCA	P	CTA	L	30
NC_045512.2	27990	G	A	7456	6268	39	1	1	34	0.000134102	7457	0.996103	FALSE	ORF8:cds-YP_009724396.1	GTT	V	ATT	I	33
NC_045512.2	27991	T	G	5653	4459	37	1	1	26	0.000176835	5655	1	FALSE	ORF8:cds-YP_009724396.1	GTT	V	GGT	G	33
NC_045512.2	27991	T	C	5653	4459	37	1	1	26	0.000176835	5655	1	FALSE	ORF8:cds-YP_009724396.1	GTT	V	GCT	A	33
NC_045512.2	27992	T	G	7073	5913	39	1	0	34	0.000141323	7076	0.996099	FALSE	ORF8:cds-YP_009724396.1	GTT	V	GTG	V	33
NC_045512.2	27992	T	A	7073	5913	39	2	1	47	0.000282646	7076	0.249982	FALSE	ORF8:cds-YP_009724396.1	GTT	V	GTA	V	33
NC_045512.2	27993	G	A	7205	6049	40	1	0	46	0.000138773	7206	0.500035	FALSE	ORF8:cds-YP_009724396.1	GAT	D	AAT	N	34
NC_045512.2	27996	G	T	7266	6161	40	1	1	34	0.000137589	7268	0.996101	FALSE	ORF8:cds-YP_009724396.1	GAC	D	TAC	Y	35
NC_045512.2	27996	G	C	7266	6161	40	1	1	34	0.000137589	7268	0.996101	FALSE	ORF8:cds-YP_009724396.1	GAC	D	CAC	H	35
NC_045512.2	27997	A	G	7388	6322	39	1	1	68	0.000135336	7389	0.500034	FALSE	ORF8:cds-YP_009724396.1	GAC	D	GGC	G	35
NC_045512.2	27999	C	G	7526	6488	40	1	0	34	0.000132855	7527	0.996103	FALSE	ORF8:cds-YP_009724396.1	CCG	P	GCG	A	36
NC_045512.2	28001	G	A	7247	6208	40	3	3	34	0.000413793	7250	0.945397	FALSE	ORF8:cds-YP_009724396.1	CCG	P	CCA	P	36
NC_045512.2	28002	T	C	7112	6079	40	1	1	26	0.000140588	7113	1	FALSE	ORF8:cds-YP_009724396.1	TGT	C	CGT	R	37
NC_045512.2	28003	G	T	7188	6155	40	2	2	30	0.000278164	7190	0.980508	FALSE	ORF8:cds-YP_009724396.1	TGT	C	TTT	F	37
NC_045512.2	28004	T	C	7192	6166	40	2	2	30	0.000278009	7194	0.980508	FALSE	ORF8:cds-YP_009724396.1	TGT	C	TGC	C	37
NC_045512.2	28006	C	T	7136	6117	40	1	1	34	0.000140095	7138	0.996101	FALSE	ORF8:cds-YP_009724396.1	CCT	P	CTT	L	38
NC_045512.2	28006	C	A	7136	6117	40	1	1	34	0.000140095	7138	0.996101	FALSE	ORF8:cds-YP_009724396.1	CCT	P	CAT	H	38
NC_045512.2	28008	A	C	6789	5796	40	1	1	34	0.000147275	6790	0.992204	FALSE	ORF8:cds-YP_009724396.1	ATT	I	CTT	L	39
NC_045512.2	28010	T	C	6760	5757	40	2	1	47	0.00029577	6762	0.250018	FALSE	ORF8:cds-YP_009724396.1	ATT	I	ATC	I	39
NC_045512.2	28012	A	T	6363	5411	40	1	1	34	0.000157109	6365	0.9922	FALSE	ORF8:cds-YP_009724396.1	CAC	H	CTC	L	40
NC_045512.2	28012	A	C	6363	5411	40	1	1	34	0.000157109	6365	0.9922	FALSE	ORF8:cds-YP_009724396.1	CAC	H	CCC	P	40
NC_045512.2	28014	T	G	6369	5421	40	1	1	34	0.000156961	6371	0.9922	FALSE	ORF8:cds-YP_009724396.1	TTC	F	GTC	V	41
NC_045512.2	28014	T	C	6369	5421	40	1	1	34	0.000156961	6371	0.9922	FALSE	ORF8:cds-YP_009724396.1	TTC	F	CTC	L	41
NC_045512.2	28015	T	C	6330	5388	40	2	1	40	0.000315856	6332	0.25002	FALSE	ORF8:cds-YP_009724396.1	TTC	F	TCC	S	41
NC_045512.2	28016	C	A	6325	5396	40	1	1	34	0.000158078	6326	0.992205	FALSE	ORF8:cds-YP_009724396.1	TTC	F	TTA	L	41
NC_045512.2	28021	C	A	6108	5304	39	3	3	31	0.000490918	6111	0.910277	FALSE	ORF8:cds-YP_009724396.1	TCT	S	TAT	Y	43
NC_045512.2	28022	T	G	5661	4872	39	1	1	34	0.000176616	5662	0.984404	FALSE	ORF8:cds-YP_009724396.1	TCT	S	TCG	S	43
NC_045512.2	28026	T	G	13309	5651	36	2	0	26	0.000150252	13311	1	FALSE	ORF8:cds-YP_009724396.1	TGG	W	GGG	G	45
NC_045512.2	28027	G	T	13522	5363	35	1	0	34	7.39481e-05	13523	0.999939	FALSE	ORF8:cds-YP_009724396.1	TGG	W	TTG	L	45
NC_045512.2	28028	G	T	16774	5583	35	11	0	31	0.00065523	16788	0.876138	FALSE	ORF8:cds-YP_009724396.1	TGG	W	TGT	C	45
NC_045512.2	28028	G	A	16774	5583	35	3	1	31	0.000178699	16788	0.999635	FALSE	ORF8:cds-YP_009724396.1	TGG	W	TGA	*	45
NC_045512.2	28028	G	-TA	16774	5583	35	922	0	20	0.0549202	16788	3.12975e-122	TRUE	NA	NA	NA	NA	NA	NA
NC_045512.2	28029	T	C	15496	5430	35	1	1	34	6.45286e-05	15497	0.999988	FALSE	ORF8:cds-YP_009724396.1	TAT	Y	CAT	H	46
NC_045512.2	28030	A	T	16893	5597	35	4	0	32	0.000216603	18467	0.999247	FALSE	ORF8:cds-YP_009724396.1	TAT	Y	TTT	F	46
NC_045512.2	28030	A	G	16893	5597	35	1570	34	34	0.0850165	18467	0	TRUE	ORF8:cds-YP_009724396.1	TAT	Y	TGT	C	46
NC_045512.2	28031	T	C	19298	5017	35	2	1	30	0.000103616	19302	0.99999	FALSE	ORF8:cds-YP_009724396.1	TAT	Y	TAC	Y	46
NC_045512.2	28031	T	A	19298	5017	35	2	1	34	0.000103616	19302	0.99999	FALSE	ORF8:cds-YP_009724396.1	TAT	Y	TAA	*	46
NC_045512.2	28032	A	T	20125	5819	35	1	1	26	4.96845e-05	20127	1	FALSE	ORF8:cds-YP_009724396.1	ATT	I	TTT	F	47
NC_045512.2	28032	A	G	20125	5819	35	1	0	34	4.96845e-05	20127	1	FALSE	ORF8:cds-YP_009724396.1	ATT	I	GTT	V	47
NC_045512.2	28033	T	C	20011	5689	35	3	2	31	0.000149895	20014	0.999967	FALSE	ORF8:cds-YP_009724396.1	ATT	I	ACT	T	47
NC_045512.2	28034	T	G	20261	5956	36	1	0	34	4.93462e-05	20265	1	FALSE	ORF8:cds-YP_009724396.1	ATT	I	ATG	M	47
NC_045512.2	28034	T	C	20261	5956	36	3	0	34	0.000148038	20265	0.999967	FALSE	ORF8:cds-YP_009724396.1	ATT	I	ATC	I	47
NC_045512.2	28035	A	G	19833	5919	35	2	0	34	0.000100827	19836	0.99999	FALSE	ORF8:cds-YP_009724396.1	AGA	R	GGA	G	48
NC_045512.2	28035	A	C	19833	5919	35	1	1	34	5.04134e-05	19836	0.999999	FALSE	ORF8:cds-YP_009724396.1	AGA	R	CGA	R	48
NC_045512.2	28036	G	T	21214	5920	36	2	0	30	9.4264e-05	21217	0.999997	FALSE	ORF8:cds-YP_009724396.1	AGA	R	ATA	I	48
NC_045512.2	28036	G	A	21214	5920	36	1	0	34	4.7132e-05	21217	1	FALSE	ORF8:cds-YP_009724396.1	AGA	R	AAA	K	48
NC_045512.2	28038	G	T	21000	5493	36	3	0	34	0.000142823	21005	0.999982	FALSE	ORF8:cds-YP_009724396.1	GTA	V	TTA	L	49
NC_045512.2	28038	G	A	21000	5493	36	2	0	26	9.52154e-05	21005	1	FALSE	ORF8:cds-YP_009724396.1	GTA	V	ATA	I	49
NC_045512.2	28039	T	G	20440	5306	35	1	1	34	4.89189e-05	20442	1	FALSE	ORF8:cds-YP_009724396.1	GTA	V	GGA	G	49
NC_045512.2	28039	T	A	20440	5306	35	1	0	26	4.89189e-05	20442	1	FALSE	ORF8:cds-YP_009724396.1	GTA	V	GAA	E	49
NC_045512.2	28041	G	T	20858	5148	36	1	1	34	4.79363e-05	20861	1	FALSE	ORF8:cds-YP_009724396.1	GGA	G	TGA	*	50
NC_045512.2	28041	G	C	20858	5148	36	2	2	34	9.58727e-05	20861	0.999995	FALSE	ORF8:cds-YP_009724396.1	GGA	G	CGA	R	50
NC_045512.2	28042	G	T	21086	5202	36	1	0	34	4.74226e-05	21087	1	FALSE	ORF8:cds-YP_009724396.1	GGA	G	GTA	V	50
NC_045512.2	28042	G	+AGCT	21086	5202	36	1	0	20	4.74226e-05	21087	1	FALSE	NA	NA	NA	NA	NA	NA
NC_045512.2	28043	A	T	20499	4868	36	1	0	34	4.87567e-05	20510	1	FALSE	ORF8:cds-YP_009724396.1	GGA	G	GGT	G	50
NC_045512.2	28043	A	G	20499	4868	36	10	1	33	0.000487567	20510	0.978651	FALSE	ORF8:cds-YP_009724396.1	GGA	G	GGG	G	50
NC_045512.2	28044	G	T	21251	4847	36	1	0	34	4.70544e-05	21252	1	FALSE	ORF8:cds-YP_009724396.1	GCT	A	TCT	S	51
NC_045512.2	28045	C	G	21401	4717	36	1	0	34	4.67246e-05	21402	1	FALSE	ORF8:cds-YP_009724396.1	GCT	A	GGT	G	51
NC_045512.2	28046	T	C	21478	4750	36	10	6	40	0.000465354	21489	0.019274	FALSE	ORF8:cds-YP_009724396.1	GCT	A	GCC	A	51
NC_045512.2	28046	T	A	21478	4750	36	1	0	34	4.65354e-05	21489	1	FALSE	ORF8:cds-YP_009724396.1	GCT	A	GCA	A	51
NC_045512.2	28046	T	-AG	21478	4750	36	2	0	20	9.30709e-05	21489	1	FALSE	NA	NA	NA	NA	NA	NA
NC_045512.2	28047	A	T	21317	4700	36	1	0	34	4.69065e-05	21319	1	FALSE	ORF8:cds-YP_009724396.1	AGA	R	TGA	*	52
NC_045512.2	28047	A	G	21317	4700	36	1	1	34	4.69065e-05	21319	1	FALSE	ORF8:cds-YP_009724396.1	AGA	R	GGA	G	52
NC_045512.2	28048	G	A	21448	4700	36	2	0	30	9.32401e-05	21450	0.999997	FALSE	ORF8:cds-YP_009724396.1	AGA	R	AAA	K	52
NC_045512.2	28048	G	-AA	21448	4700	36	3883	0	20	0.181009	21452	0	TRUE	NA	NA	NA	NA	NA	NA
NC_045512.2	28049	A	G	15825	4647	34	1	0	68	6.31872e-05	15826	0.454339	FALSE	ORF8:cds-YP_009724396.1	AGA	R	AGG	R	52
NC_045512.2	28050	A	G	17766	4639	36	73	0	34	0.00409216	17839	3.07665e-10	TRUE	ORF8:cds-YP_009724396.1	AAA	K	GAA	E	53
NC_045512.2	28051	A	C	21123	4794	36	2	2	30	9.46746e-05	21125	0.999997	FALSE	ORF8:cds-YP_009724396.1	AAA	K	ACA	T	53
NC_045512.2	28052	A	G	21837	4822	36	1	0	34	4.57917e-05	21838	1	FALSE	ORF8:cds-YP_009724396.1	AAA	K	AAG	K	53
NC_045512.2	28053	T	G	21660	4861	36	5	0	32	0.000230766	21667	0.999734	FALSE	ORF8:cds-YP_009724396.1	TCA	S	GCA	A	54
NC_045512.2	28053	T	C	21660	4861	36	1	1	34	4.61531e-05	21667	1	FALSE	ORF8:cds-YP_009724396.1	TCA	S	CCA	P	54
NC_045512.2	28053	T	A	21660	4861	36	1	0	34	4.61531e-05	21667	1	FALSE	ORF8:cds-YP_009724396.1	TCA	S	ACA	T	54
NC_045512.2	28055	A	G	21608	4820	36	3	1	34	0.000138818	21611	0.999982	FALSE	ORF8:cds-YP_009724396.1	TCA	S	TCG	S	54
NC_045512.2	28056	G	T	21692	4818	36	1	0	34	4.60914e-05	21696	1	FALSE	ORF8:cds-YP_009724396.1	GCA	A	TCA	S	55
NC_045512.2	28056	G	A	21692	4818	36	3	2	31	0.000138274	21696	0.999982	FALSE	ORF8:cds-YP_009724396.1	GCA	A	ACA	T	55
NC_045512.2	28057	C	T	21664	4878	36	1	0	34	4.61553e-05	21666	1	FALSE	ORF8:cds-YP_009724396.1	GCA	A	GTA	V	55
NC_045512.2	28057	C	A	21664	4878	36	1	0	34	4.61553e-05	21666	1	FALSE	ORF8:cds-YP_009724396.1	GCA	A	GAA	E	55
NC_045512.2	28058	A	G	21619	4872	36	5	1	32	0.000231203	21626	0.999734	FALSE	ORF8:cds-YP_009724396.1	GCA	A	GCG	A	55
NC_045512.2	28058	A	C	21619	4872	36	2	2	34	9.24813e-05	21626	0.999997	FALSE	ORF8:cds-YP_009724396.1	GCA	A	GCC	A	55
NC_045512.2	28059	C	G	22159	4865	36	1	1	34	4.51264e-05	22160	1	FALSE	ORF8:cds-YP_009724396.1	CCT	P	GCT	A	56
NC_045512.2	28060	C	T	22036	4852	36	1	1	34	4.53597e-05	22046	1	FALSE	ORF8:cds-YP_009724396.1	CCT	P	CTT	L	56
NC_045512.2	28060	C	G	22036	4852	36	6	0	31	0.000272158	22046	0.999545	FALSE	ORF8:cds-YP_009724396.1	CCT	P	CGT	R	56
NC_045512.2	28060	C	A	22036	4852	36	3	0	34	0.000136079	22046	0.99999	FALSE	ORF8:cds-YP_009724396.1	CCT	P	CAT	H	56
NC_045512.2	28061	T	C	21997	4806	36	1	1	34	4.54587e-05	21998	1	FALSE	ORF8:cds-YP_009724396.1	CCT	P	CCC	P	56
NC_045512.2	28062	T	G	21807	4738	36	1	0	34	4.58484e-05	21811	1	FALSE	ORF8:cds-YP_009724396.1	TTA	L	GTA	V	57
NC_045512.2	28062	T	C	21807	4738	36	1	0	34	4.58484e-05	21811	1	FALSE	ORF8:cds-YP_009724396.1	TTA	L	CTA	L	57
NC_045512.2	28062	T	A	21807	4738	36	2	0	30	9.16969e-05	21811	0.999997	FALSE	ORF8:cds-YP_009724396.1	TTA	L	ATA	I	57
NC_045512.2	28063	T	C	22206	4873	36	3	2	34	0.00013508	22209	0.99999	FALSE	ORF8:cds-YP_009724396.1	TTA	L	TCA	S	57
NC_045512.2	28064	A	T	22338	4916	36	1	0	34	4.47608e-05	22341	1	FALSE	ORF8:cds-YP_009724396.1	TTA	L	TTT	F	57
NC_045512.2	28064	A	G	22338	4916	36	1	1	68	4.47608e-05	22341	0.499989	FALSE	ORF8:cds-YP_009724396.1	TTA	L	TTG	L	57
NC_045512.2	28064	A	C	22338	4916	36	1	1	34	4.47608e-05	22341	1	FALSE	ORF8:cds-YP_009724396.1	TTA	L	TTC	F	57
NC_045512.2	28066	T	G	22514	4896	36	7	0	31	0.000310821	22521	0.998846	FALSE	ORF8:cds-YP_009724396.1	ATT	I	AGT	S	58
NC_045512.2	28067	T	G	21330	3811	35	1	1	26	4.68735e-05	21334	1	FALSE	ORF8:cds-YP_009724396.1	ATT	I	ATG	M	58
NC_045512.2	28067	T	C	21330	3811	35	3	0	38	0.000140621	21334	0.999982	FALSE	ORF8:cds-YP_009724396.1	ATT	I	ATC	I	58
NC_045512.2	28068	G	T	22568	4803	36	1	0	26	4.43066e-05	22570	1	FALSE	ORF8:cds-YP_009724396.1	GAA	E	TAA	*	59
NC_045512.2	28068	G	C	22568	4803	36	1	1	26	4.43066e-05	22570	1	FALSE	ORF8:cds-YP_009724396.1	GAA	E	CAA	Q	59
NC_045512.2	28069	A	G	21797	4701	35	4	2	37	0.000183478	21801	0.999922	FALSE	ORF8:cds-YP_009724396.1	GAA	E	GGA	G	59
NC_045512.2	28070	A	G	22180	4655	35	3	1	34	0.000135233	22184	0.99999	FALSE	ORF8:cds-YP_009724396.1	GAA	E	GAG	E	59
NC_045512.2	28070	A	C	22180	4655	35	1	0	26	4.50775e-05	22184	1	FALSE	ORF8:cds-YP_009724396.1	GAA	E	GAC	D	59
NC_045512.2	28071	T	A	22410	4648	36	2	0	34	8.92379e-05	22412	0.999999	FALSE	ORF8:cds-YP_009724396.1	TTG	L	ATG	M	60
NC_045512.2	28072	T	C	22238	4594	36	4	1	34	0.00017984	22242	0.999956	FALSE	ORF8:cds-YP_009724396.1	TTG	L	TCG	S	60
NC_045512.2	28073	G	T	23288	4639	36	1	0	34	4.2935e-05	23291	1	FALSE	ORF8:cds-YP_009724396.1	TTG	L	TTT	F	60
NC_045512.2	28073	G	A	23288	4639	36	2	0	30	8.58701e-05	23291	0.999999	FALSE	ORF8:cds-YP_009724396.1	TTG	L	TTA	L	60
NC_045512.2	28074	T	G	22999	4418	36	2	0	30	8.69527e-05	23001	0.999999	FALSE	ORF8:cds-YP_009724396.1	TGC	C	GGC	G	61
NC_045512.2	28075	G	A	23275	4453	36	1	0	34	4.29627e-05	23276	1	FALSE	ORF8:cds-YP_009724396.1	TGC	C	TAC	Y	61
NC_045512.2	28076	C	T	23100	4601	36	2	0	51	8.65726e-05	23102	0.250005	FALSE	ORF8:cds-YP_009724396.1	TGC	C	TGT	C	61
NC_045512.2	28077	G	A	23227	4566	36	2	1	30	8.60993e-05	23229	0.999999	FALSE	ORF8:cds-YP_009724396.1	GTG	V	ATG	M	62
NC_045512.2	28078	T	G	23051	4545	36	1	0	34	4.33783e-05	23053	1	FALSE	ORF8:cds-YP_009724396.1	GTG	V	GGG	G	62
NC_045512.2	28078	T	C	23051	4545	36	1	0	34	4.33783e-05	23053	1	FALSE	ORF8:cds-YP_009724396.1	GTG	V	GCG	A	62
NC_045512.2	28079	G	T	20874	2064	36	2	0	34	9.58038e-05	20876	0.999995	FALSE	ORF8:cds-YP_009724396.1	GTG	V	GTT	V	62
NC_045512.2	28080	G	T	21367	2058	36	1	0	26	4.6799e-05	21368	1	FALSE	ORF8:cds-YP_009724396.1	GAT	D	TAT	Y	63
NC_045512.2	28082	T	C	21442	2149	37	3	1	45	0.000139893	21445	0.500022	FALSE	ORF8:cds-YP_009724396.1	GAT	D	GAC	D	63
NC_045512.2	28083	G	T	21517	2174	37	1	0	34	4.64684e-05	21520	1	FALSE	ORF8:cds-YP_009724396.1	GAG	E	TAG	*	64
NC_045512.2	28083	G	C	21517	2174	37	1	0	34	4.64684e-05	21520	1	FALSE	ORF8:cds-YP_009724396.1	GAG	E	CAG	Q	64
NC_045512.2	28083	G	A	21517	2174	37	1	1	34	4.64684e-05	21520	1	FALSE	ORF8:cds-YP_009724396.1	GAG	E	AAG	K	64
NC_045512.2	28084	A	T	20610	2176	36	2	0	34	9.7012e-05	20616	0.999995	FALSE	ORF8:cds-YP_009724396.1	GAG	E	GTG	V	64
NC_045512.2	28084	A	G	20610	2176	36	4	0	34	0.000194024	20616	0.999862	FALSE	ORF8:cds-YP_009724396.1	GAG	E	GGG	G	64
NC_045512.2	28085	G	T	21776	2185	37	2	0	34	9.18358e-05	21778	0.999997	FALSE	ORF8:cds-YP_009724396.1	GAG	E	GAT	D	64
NC_045512.2	28086	G	C	21668	2185	37	1	0	26	4.61425e-05	21672	1	FALSE	ORF8:cds-YP_009724396.1	GCT	A	CCT	P	65
NC_045512.2	28086	G	A	21668	2185	37	3	0	28	0.000138427	21672	1	FALSE	ORF8:cds-YP_009724396.1	GCT	A	ACT	T	65
NC_045512.2	28087	C	T	21573	2285	37	1	0	34	4.63521e-05	21574	1	FALSE	ORF8:cds-YP_009724396.1	GCT	A	GTT	V	65
NC_045512.2	28088	T	C	21705	2263	37	2	0	51	9.21362e-05	21707	0.250006	FALSE	ORF8:cds-YP_009724396.1	GCT	A	GCC	A	65
NC_045512.2	28089	G	T	21994	2285	37	1	0	34	4.54566e-05	21999	1	FALSE	ORF8:cds-YP_009724396.1	GGT	G	TGT	C	66
NC_045512.2	28089	G	A	21994	2285	37	4	0	32	0.000181826	21999	0.999922	FALSE	ORF8:cds-YP_009724396.1	GGT	G	AGT	S	66
NC_045512.2	28090	G	T	22838	2311	37	2	0	30	8.75657e-05	22840	0.999999	FALSE	ORF8:cds-YP_009724396.1	GGT	G	GTT	V	66
NC_045512.2	28091	T	A	23051	3549	40	1	0	34	4.33802e-05	23052	1	FALSE	ORF8:cds-YP_009724396.1	GGT	G	GGA	G	66
NC_045512.2	28092	T	C	23024	3461	39	2	0	34	8.68583e-05	23026	0.999999	FALSE	ORF8:cds-YP_009724396.1	TCT	S	CCT	P	67
NC_045512.2	28094	T	C	23309	3791	40	6	0	34	0.000257323	23317	0.999728	FALSE	ORF8:cds-YP_009724396.1	TCT	S	TCC	S	67
NC_045512.2	28094	T	A	23309	3791	40	2	0	34	8.57743e-05	23317	0.999999	FALSE	ORF8:cds-YP_009724396.1	TCT	S	TCA	S	67
NC_045512.2	28095	A	T	23150	3778	40	1	0	26	4.31891e-05	23154	1	FALSE	ORF8:cds-YP_009724396.1	AAA	K	TAA	*	68
NC_045512.2	28095	A	G	23150	3778	40	3	0	31	0.000129567	23154	0.999995	FALSE	ORF8:cds-YP_009724396.1	AAA	K	GAA	E	68
NC_045512.2	28097	A	T	23438	3959	41	1	1	27	4.26639e-05	23439	1	FALSE	ORF8:cds-YP_009724396.1	AAA	K	AAT	N	68
NC_045512.2	28099	C	T	23742	4011	41	1	0	68	4.21177e-05	23743	0.500011	FALSE	ORF8:cds-YP_009724396.1	TCA	S	TTA	L	69
NC_045512.2	28100	A	T	23639	4029	41	2	1	51	8.45881e-05	23644	0.249974	FALSE	ORF8:cds-YP_009724396.1	TCA	S	TCT	S	69
NC_045512.2	28100	A	G	23639	4029	41	3	0	45	0.000126882	23644	0.49998	FALSE	ORF8:cds-YP_009724396.1	TCA	S	TCG	S	69
NC_045512.2	28102	C	A	23764	4189	41	1	0	34	4.20787e-05	23765	1	FALSE	ORF8:cds-YP_009724396.1	CCC	P	CAC	H	70
NC_045512.2	28103	C	T	23448	4211	41	1	0	34	4.26367e-05	23454	1	FALSE	ORF8:cds-YP_009724396.1	CCC	P	CCT	P	70
NC_045512.2	28103	C	G	23448	4211	41	1	0	27	4.26367e-05	23454	1	FALSE	ORF8:cds-YP_009724396.1	CCC	P	CCG	P	70
NC_045512.2	28103	C	A	23448	4211	41	4	1	32	0.000170547	23454	0.999975	FALSE	ORF8:cds-YP_009724396.1	CCC	P	CCA	P	70
NC_045512.2	28104	A	T	24426	4241	40	1	0	34	4.09366e-05	24428	1	FALSE	ORF8:cds-YP_009724396.1	ATT	I	TTT	F	71
NC_045512.2	28104	A	G	24426	4241	40	1	1	24	4.09366e-05	24428	1	FALSE	ORF8:cds-YP_009724396.1	ATT	I	GTT	V	71
NC_045512.2	28105	T	C	24362	4270	40	1	0	34	4.10458e-05	24363	1	FALSE	ORF8:cds-YP_009724396.1	ATT	I	ACT	T	71
NC_045512.2	28106	T	C	24618	4356	41	3	1	56	0.000121847	24621	0.125	FALSE	ORF8:cds-YP_009724396.1	ATT	I	ATC	I	71
NC_045512.2	28107	C	T	24560	4433	41	1	0	60	4.0715e-05	24561	0.50001	FALSE	ORF8:cds-YP_009724396.1	CAG	Q	TAG	*	72
NC_045512.2	28108	A	T	24321	4436	40	1	1	26	4.1115e-05	24322	1	FALSE	ORF8:cds-YP_009724396.1	CAG	Q	CTG	L	72
NC_045512.2	28109	G	A	24194	4618	40	1	1	68	4.13309e-05	24195	0.50001	FALSE	ORF8:cds-YP_009724396.1	CAG	Q	CAA	Q	72
NC_045512.2	28110	T	G	23861	4754	40	2	0	34	8.37942e-05	23868	0.999999	FALSE	ORF8:cds-YP_009724396.1	TAC	Y	GAC	D	73
NC_045512.2	28110	T	C	23861	4754	40	4	1	32	0.000167588	23868	0.999975	FALSE	ORF8:cds-YP_009724396.1	TAC	Y	CAC	H	73
NC_045512.2	28110	T	A	23861	4754	40	1	0	26	4.18971e-05	23868	1	FALSE	ORF8:cds-YP_009724396.1	TAC	Y	AAC	N	73
NC_045512.2	28111	A	T	23603	4749	40	1	1	20	4.23639e-05	23605	1	FALSE	ORF8:cds-YP_009724396.1	TAC	Y	TTC	F	73
NC_045512.2	28111	A	G	23603	4749	40	1	0	34	4.23639e-05	23605	1	FALSE	ORF8:cds-YP_009724396.1	TAC	Y	TGC	C	73
NC_045512.2	28112	C	T	23509	4804	40	1	0	34	4.25333e-05	23511	1	FALSE	ORF8:cds-YP_009724396.1	TAC	Y	TAT	Y	73
NC_045512.2	28112	C	A	23509	4804	40	1	1	26	4.25333e-05	23511	1	FALSE	ORF8:cds-YP_009724396.1	TAC	Y	TAA	*	73
NC_045512.2	28113	A	T	21607	4492	39	4	0	30	0.000185074	21613	0.999922	FALSE	ORF8:cds-YP_009724396.1	ATC	I	TTC	F	74
NC_045512.2	28113	A	G	21607	4492	39	2	0	34	9.25369e-05	21613	0.999997	FALSE	ORF8:cds-YP_009724396.1	ATC	I	GTC	V	74
NC_045512.2	28114	T	C	22333	4738	40	5	1	40	0.000223824	22339	0.226544	FALSE	ORF8:cds-YP_009724396.1	ATC	I	ACC	T	74
NC_045512.2	28114	T	A	22333	4738	40	1	1	68	4.47648e-05	22339	0.499955	FALSE	ORF8:cds-YP_009724396.1	ATC	I	AAC	N	74
NC_045512.2	28115	C	T	22376	4777	40	2	0	34	8.93655e-05	22380	0.999999	FALSE	ORF8:cds-YP_009724396.1	ATC	I	ATT	I	74
NC_045512.2	28115	C	A	22376	4777	40	2	0	34	8.93655e-05	22380	0.999999	FALSE	ORF8:cds-YP_009724396.1	ATC	I	ATA	I	74
NC_045512.2	28117	A	G	22199	4720	40	1	0	34	4.5045e-05	22200	1	FALSE	ORF8:cds-YP_009724396.1	GAT	D	GGT	G	75
NC_045512.2	28119	A	T	20547	4794	39	1	0	34	4.86618e-05	20550	1	FALSE	ORF8:cds-YP_009724396.1	ATC	I	TTC	F	76
NC_045512.2	28119	A	G	20547	4794	39	2	0	30	9.73236e-05	20550	0.999995	FALSE	ORF8:cds-YP_009724396.1	ATC	I	GTC	V	76
NC_045512.2	28120	T	G	21018	4800	40	4	0	30	0.000190259	21024	0.999922	FALSE	ORF8:cds-YP_009724396.1	ATC	I	AGC	S	76
NC_045512.2	28120	T	A	21018	4800	40	2	0	30	9.51294e-05	21024	0.999997	FALSE	ORF8:cds-YP_009724396.1	ATC	I	AAC	N	76
NC_045512.2	28121	C	T	21073	4839	40	4	1	49	0.000189762	21079	0.343717	FALSE	ORF8:cds-YP_009724396.1	ATC	I	ATT	I	76
NC_045512.2	28121	C	A	21073	4839	40	2	0	34	9.48812e-05	21079	0.999997	FALSE	ORF8:cds-YP_009724396.1	ATC	I	ATA	I	76
NC_045512.2	28122	G	T	20937	4804	40	2	0	51	9.55155e-05	20939	0.250006	FALSE	ORF8:cds-YP_009724396.1	GGT	G	TGT	C	77
NC_045512.2	28123	G	T	20958	4746	39	2	1	27	9.54107e-05	20962	1	FALSE	ORF8:cds-YP_009724396.1	GGT	G	GTT	V	77
NC_045512.2	28123	G	C	20958	4746	39	1	1	34	4.77054e-05	20962	1	FALSE	ORF8:cds-YP_009724396.1	GGT	G	GCT	A	77
NC_045512.2	28123	G	A	20958	4746	39	1	0	34	4.77054e-05	20962	1	FALSE	ORF8:cds-YP_009724396.1	GGT	G	GAT	D	77
NC_045512.2	28124	T	C	20419	4798	39	1	0	34	4.89692e-05	20421	1	FALSE	ORF8:cds-YP_009724396.1	GGT	G	GGC	G	77
NC_045512.2	28124	T	A	20419	4798	39	1	0	26	4.89692e-05	20421	1	FALSE	ORF8:cds-YP_009724396.1	GGT	G	GGA	G	77
NC_045512.2	28125	A	G	21152	5031	40	2	0	34	9.45448e-05	21154	0.999997	FALSE	ORF8:cds-YP_009724396.1	AAT	N	GAT	D	78
NC_045512.2	28126	A	C	21555	5120	40	1	1	34	4.63908e-05	21556	1	FALSE	ORF8:cds-YP_009724396.1	AAT	N	ACT	T	78
NC_045512.2	28127	T	G	21136	4939	39	1	0	34	4.73082e-05	21138	1	FALSE	ORF8:cds-YP_009724396.1	AAT	N	AAG	K	78
NC_045512.2	28127	T	C	21136	4939	39	1	0	34	4.73082e-05	21138	1	FALSE	ORF8:cds-YP_009724396.1	AAT	N	AAC	N	78
NC_045512.2	28128	T	C	20725	5181	39	1	1	34	4.82439e-05	20728	1	FALSE	ORF8:cds-YP_009724396.1	TAT	Y	CAT	H	79
NC_045512.2	28128	T	A	20725	5181	39	2	0	30	9.64878e-05	20728	0.999995	FALSE	ORF8:cds-YP_009724396.1	TAT	Y	AAT	N	79
NC_045512.2	28129	A	T	19277	5725	39	1	0	26	5.18699e-05	19279	1	FALSE	ORF8:cds-YP_009724396.1	TAT	Y	TTT	F	79
NC_045512.2	28129	A	G	19277	5725	39	1	0	34	5.18699e-05	19279	0.999999	FALSE	ORF8:cds-YP_009724396.1	TAT	Y	TGT	C	79
NC_045512.2	28131	A	G	17182	6029	37	4	4	34	0.000232734	17187	0.999258	FALSE	ORF8:cds-YP_009724396.1	ACA	T	GCA	A	80
NC_045512.2	28131	A	C	17182	6029	37	1	0	34	5.81835e-05	17187	0.999996	FALSE	ORF8:cds-YP_009724396.1	ACA	T	CCA	P	80
NC_045512.2	28132	C	G	16744	6194	38	1	0	34	5.97122e-05	16747	0.999992	FALSE	ORF8:cds-YP_009724396.1	ACA	T	AGA	R	80
NC_045512.2	28132	C	A	16744	6194	38	2	1	51	0.000119424	16747	0.249993	FALSE	ORF8:cds-YP_009724396.1	ACA	T	AAA	K	80
NC_045512.2	28133	A	T	16617	6037	38	1	0	34	6.01685e-05	16620	0.999992	FALSE	ORF8:cds-YP_009724396.1	ACA	T	ACT	T	80
NC_045512.2	28133	A	G	16617	6037	38	2	0	34	0.000120337	16620	0.999928	FALSE	ORF8:cds-YP_009724396.1	ACA	T	ACG	T	80
NC_045512.2	28134	G	A	16797	6081	38	1	0	60	5.95309e-05	16798	0.500015	FALSE	ORF8:cds-YP_009724396.1	GTT	V	ATT	I	81
NC_045512.2	28136	T	G	16889	6920	38	2	1	34	0.000118406	16891	0.999928	FALSE	ORF8:cds-YP_009724396.1	GTT	V	GTG	V	81
NC_045512.2	28137	T	G	16676	7007	38	1	0	34	5.99592e-05	16678	0.999992	FALSE	ORF8:cds-YP_009724396.1	TCC	S	GCC	A	82
NC_045512.2	28137	T	C	16676	7007	38	1	1	34	5.99592e-05	16678	0.999992	FALSE	ORF8:cds-YP_009724396.1	TCC	S	CCC	P	82
NC_045512.2	28137	T	+C	16676	7007	38	1	0	20	5.99592e-05	16678	1	FALSE	NA	NA	NA	NA	NA	NA
NC_045512.2	28139	C	T	16514	7165	38	1	1	34	6.05473e-05	16516	0.999992	FALSE	ORF8:cds-YP_009724396.1	TCC	S	TCT	S	82
NC_045512.2	28139	C	A	16514	7165	38	1	0	34	6.05473e-05	16516	0.999992	FALSE	ORF8:cds-YP_009724396.1	TCC	S	TCA	S	82
NC_045512.2	28140	T	C	16612	7205	38	1	0	34	6.01902e-05	16614	0.999992	FALSE	ORF8:cds-YP_009724396.1	TGT	C	CGT	R	83
NC_045512.2	28140	T	A	16612	7205	38	1	0	26	6.01902e-05	16614	1	FALSE	ORF8:cds-YP_009724396.1	TGT	C	AGT	S	83
NC_045512.2	28141	G	T	16763	7216	38	1	1	34	5.96516e-05	16764	0.999992	FALSE	ORF8:cds-YP_009724396.1	TGT	C	TTT	F	83
NC_045512.2	28142	T	C	14841	5393	36	2	1	34	0.000134744	14843	0.999742	FALSE	ORF8:cds-YP_009724396.1	TGT	C	TGC	C	83
NC_045512.2	28143	T	A	16499	7082	38	1	0	26	6.06061e-05	16500	1	FALSE	ORF8:cds-YP_009724396.1	TTA	L	ATA	I	84
NC_045512.2	28144	T	A	16442	7126	38	1	0	34	6.08162e-05	16443	0.999992	FALSE	ORF8:cds-YP_009724396.1	TTA	L	TAA	*	84
NC_045512.2	28145	A	G	16297	7082	38	2	0	34	0.000122707	16299	0.999928	FALSE	ORF8:cds-YP_009724396.1	TTA	L	TTG	L	84
NC_045512.2	28147	C	T	15766	7159	38	1	0	34	6.34236e-05	15767	0.999985	FALSE	ORF8:cds-YP_009724396.1	CCT	P	CTT	L	85
NC_045512.2	28147	C	-T	15766	7159	38	1	0	20	6.34236e-05	15767	1	FALSE	NA	NA	NA	NA	NA	NA
NC_045512.2	28148	T	G	15716	7100	38	3	3	34	0.000190852	15719	0.999346	FALSE	ORF8:cds-YP_009724396.1	CCT	P	CCG	P	85
NC_045512.2	28150	T	A	16075	7570	38	1	1	24	6.22045e-05	16076	1	FALSE	ORF8:cds-YP_009724396.1	TTT	F	TAT	Y	86
NC_045512.2	28152	A	G	15904	7624	38	1	0	34	6.28733e-05	15905	0.999985	FALSE	ORF8:cds-YP_009724396.1	ACA	T	GCA	A	87
NC_045512.2	28153	C	G	15987	7617	38	1	0	26	6.2543e-05	15989	1	FALSE	ORF8:cds-YP_009724396.1	ACA	T	AGA	R	87
NC_045512.2	28153	C	A	15987	7617	38	1	0	26	6.2543e-05	15989	1	FALSE	ORF8:cds-YP_009724396.1	ACA	T	AAA	K	87
NC_045512.2	28154	A	T	15724	7504	38	2	1	26	0.000127162	15728	1	FALSE	ORF8:cds-YP_009724396.1	ACA	T	ACT	T	87
NC_045512.2	28154	A	G	15724	7504	38	2	1	51	0.000127162	15728	0.249976	FALSE	ORF8:cds-YP_009724396.1	ACA	T	ACG	T	87
NC_045512.2	28155	A	G	15921	7541	38	2	1	34	0.000125604	15923	0.999863	FALSE	ORF8:cds-YP_009724396.1	ATT	I	GTT	V	88
NC_045512.2	28157	T	G	15572	7296	38	2	0	30	0.000128411	15575	0.999863	FALSE	ORF8:cds-YP_009724396.1	ATT	I	ATG	M	88
NC_045512.2	28157	T	C	15572	7296	38	1	0	34	6.42055e-05	15575	0.999985	FALSE	ORF8:cds-YP_009724396.1	ATT	I	ATC	I	88
NC_045512.2	28158	A	G	15920	7563	38	2	2	34	0.000125612	15922	0.999863	FALSE	ORF8:cds-YP_009724396.1	AAT	N	GAT	D	89
NC_045512.2	28159	A	G	14823	7580	37	1	1	26	6.74582e-05	14824	1	FALSE	ORF8:cds-YP_009724396.1	AAT	N	AGT	S	89
NC_045512.2	28161	T	G	15405	7741	38	1	0	34	6.48508e-05	15420	0.999985	FALSE	ORF8:cds-YP_009724396.1	TGC	C	GGC	G	90
NC_045512.2	28161	T	C	15405	7741	38	14	11	33	0.000907912	15420	0.64453	FALSE	ORF8:cds-YP_009724396.1	TGC	C	CGC	R	90
NC_045512.2	28162	G	A	15752	7793	38	3	0	34	0.000190416	15755	0.999346	FALSE	ORF8:cds-YP_009724396.1	TGC	C	TAC	Y	90
NC_045512.2	28164	C	T	15593	7843	38	1	0	34	6.41272e-05	15594	0.999985	FALSE	ORF8:cds-YP_009724396.1	CAG	Q	TAG	*	91
NC_045512.2	28165	A	G	15590	7831	38	1	1	34	6.41396e-05	15591	0.999985	FALSE	ORF8:cds-YP_009724396.1	CAG	Q	CGG	R	91
NC_045512.2	28166	G	T	15390	7843	38	2	2	34	0.000129938	15392	0.999863	FALSE	ORF8:cds-YP_009724396.1	CAG	Q	CAT	H	91
NC_045512.2	28167	G	A	15518	7903	38	1	0	26	6.44371e-05	15519	1	FALSE	ORF8:cds-YP_009724396.1	GAA	E	AAA	K	92
NC_045512.2	28168	A	G	15584	7867	37	1	0	34	6.41601e-05	15586	0.999985	FALSE	ORF8:cds-YP_009724396.1	GAA	E	GGA	G	92
NC_045512.2	28168	A	C	15584	7867	37	1	1	26	6.41601e-05	15586	1	FALSE	ORF8:cds-YP_009724396.1	GAA	E	GCA	A	92
NC_045512.2	28169	A	G	15554	7885	37	3	3	45	0.000192839	15557	0.312512	FALSE	ORF8:cds-YP_009724396.1	GAA	E	GAG	E	92
NC_045512.2	28171	C	T	15706	7935	37	1	0	34	6.36659e-05	15707	0.999985	FALSE	ORF8:cds-YP_009724396.1	CCT	P	CTT	L	93
NC_045512.2	28172	T	C	15682	7977	37	3	0	34	0.000191253	15686	0.999346	FALSE	ORF8:cds-YP_009724396.1	CCT	P	CCC	P	93
NC_045512.2	28172	T	A	15682	7977	37	1	0	34	6.37511e-05	15686	0.999985	FALSE	ORF8:cds-YP_009724396.1	CCT	P	CCA	P	93
NC_045512.2	28173	A	T	15664	7827	37	1	1	26	6.38284e-05	15667	1	FALSE	ORF8:cds-YP_009724396.1	AAA	K	TAA	*	94
NC_045512.2	28173	A	G	15664	7827	37	2	1	34	0.000127657	15667	0.999863	FALSE	ORF8:cds-YP_009724396.1	AAA	K	GAA	E	94
NC_045512.2	28174	A	G	15193	8035	37	1	0	24	6.58155e-05	15194	1	FALSE	ORF8:cds-YP_009724396.1	AAA	K	AGA	R	94
NC_045512.2	28175	A	C	14764	8018	36	1	0	26	6.77277e-05	14765	1	FALSE	ORF8:cds-YP_009724396.1	AAA	K	AAC	N	94
NC_045512.2	28176	T	C	15340	8392	37	1	0	26	6.51848e-05	15341	1	FALSE	ORF8:cds-YP_009724396.1	TTG	L	CTG	L	95
NC_045512.2	28177	T	C	14779	7812	36	4	1	34	0.000270581	14783	0.996241	FALSE	ORF8:cds-YP_009724396.1	TTG	L	TCG	S	95
NC_045512.2	28178	G	T	15512	8342	37	1	0	34	6.44621e-05	15513	0.999985	FALSE	ORF8:cds-YP_009724396.1	TTG	L	TTT	F	95
NC_045512.2	28180	G	A	15226	8274	37	2	1	34	0.000131337	15228	0.999863	FALSE	ORF8:cds-YP_009724396.1	GGT	G	GAT	D	96
NC_045512.2	28181	T	C	14686	8255	37	1	0	26	6.80874e-05	14687	1	FALSE	ORF8:cds-YP_009724396.1	GGT	G	GGC	G	96
NC_045512.2	28182	A	G	14510	8080	37	3	2	45	0.000206711	14513	0.312513	FALSE	ORF8:cds-YP_009724396.1	AGT	S	GGT	G	97
NC_045512.2	28183	G	T	16531	8238	37	6	0	30	0.000362823	16537	0.991571	FALSE	ORF8:cds-YP_009724396.1	AGT	S	ATT	I	97
NC_045512.2	28184	T	C	16291	8019	36	1	0	34	6.13798e-05	16292	0.999992	FALSE	ORF8:cds-YP_009724396.1	AGT	S	AGC	S	97
NC_045512.2	28186	T	G	16822	8534	36	1	1	34	5.94354e-05	16825	0.999992	FALSE	ORF8:cds-YP_009724396.1	CTT	L	CGT	R	98
NC_045512.2	28186	T	C	16822	8534	36	1	1	34	5.94354e-05	16825	0.999992	FALSE	ORF8:cds-YP_009724396.1	CTT	L	CCT	P	98
NC_045512.2	28186	T	A	16822	8534	36	1	1	34	5.94354e-05	16825	0.999992	FALSE	ORF8:cds-YP_009724396.1	CTT	L	CAT	H	98
NC_045512.2	28187	T	C	16691	8468	36	1	1	34	5.99053e-05	16693	0.999992	FALSE	ORF8:cds-YP_009724396.1	CTT	L	CTC	L	98
NC_045512.2	28187	T	A	16691	8468	36	1	1	34	5.99053e-05	16693	0.999992	FALSE	ORF8:cds-YP_009724396.1	CTT	L	CTA	L	98
NC_045512.2	28189	T	C	16859	8624	37	3	1	34	0.000177915	16862	0.999637	FALSE	ORF8:cds-YP_009724396.1	GTA	V	GCA	A	99
NC_045512.2	28190	A	G	16695	8709	37	1	1	34	5.98946e-05	16696	0.999992	FALSE	ORF8:cds-YP_009724396.1	GTA	V	GTG	V	99
NC_045512.2	28191	G	T	16144	8824	36	1	1	34	6.19387e-05	16145	0.999992	FALSE	ORF8:cds-YP_009724396.1	GTG	V	TTG	L	100
NC_045512.2	28192	T	G	12565	5360	35	1	1	26	7.95735e-05	12567	1	FALSE	ORF8:cds-YP_009724396.1	GTG	V	GGG	G	100
NC_045512.2	28192	T	C	12565	5360	35	1	1	26	7.95735e-05	12567	1	FALSE	ORF8:cds-YP_009724396.1	GTG	V	GCG	A	100
NC_045512.2	28193	G	T	13591	6362	36	1	1	26	7.35727e-05	13592	1	FALSE	ORF8:cds-YP_009724396.1	GTG	V	GTT	V	100
NC_045512.2	28194	C	T	13172	6117	36	4	3	34	0.000303582	13176	0.993654	FALSE	ORF8:cds-YP_009724396.1	CGT	R	TGT	C	101
NC_045512.2	28195	G	A	13330	6138	36	2	1	51	0.000150015	13332	0.250009	FALSE	ORF8:cds-YP_009724396.1	CGT	R	CAT	H	101
NC_045512.2	28197	T	C	13074	6081	36	1	1	34	7.64818e-05	13075	0.999939	FALSE	ORF8:cds-YP_009724396.1	TGT	C	CGT	R	102
NC_045512.2	28198	G	T	13177	6150	36	1	0	34	7.5884e-05	13178	0.999939	FALSE	ORF8:cds-YP_009724396.1	TGT	C	TTT	F	102
NC_045512.2	28199	T	C	12796	5806	36	4	2	42	0.0003125	12800	0.1875	FALSE	ORF8:cds-YP_009724396.1	TGT	C	TGC	C	102
NC_045512.2	28200	T	C	13093	6296	36	5	2	34	0.000381738	13098	0.984592	FALSE	ORF8:cds-YP_009724396.1	TCG	S	CCG	P	103
NC_045512.2	28201	C	T	12624	6247	36	1	1	34	7.92016e-05	12626	0.999878	FALSE	ORF8:cds-YP_009724396.1	TCG	S	TTG	L	103
NC_045512.2	28201	C	A	12624	6247	36	1	1	26	7.92016e-05	12626	1	FALSE	ORF8:cds-YP_009724396.1	TCG	S	TAG	*	103
NC_045512.2	28202	G	A	12497	6021	36	1	1	68	8.00128e-05	12498	0.50002	FALSE	ORF8:cds-YP_009724396.1	TCG	S	TCA	S	103
NC_045512.2	28203	T	G	12434	5997	36	3	1	31	0.000241099	12443	0.996307	FALSE	ORF8:cds-YP_009724396.1	TTC	F	GTC	V	104
NC_045512.2	28203	T	C	12434	5997	36	6	4	27	0.000482199	12443	1	FALSE	ORF8:cds-YP_009724396.1	TTC	F	CTC	L	104
NC_045512.2	28206	T	C	11365	5790	35	3	1	45	0.000263899	11368	0.312516	FALSE	ORF8:cds-YP_009724396.1	TAT	Y	CAT	H	105
NC_045512.2	28207	A	G	11714	6110	36	1	1	34	8.53606e-05	11715	0.999757	FALSE	ORF8:cds-YP_009724396.1	TAT	Y	TGT	C	105
NC_045512.2	28208	T	C	11686	6192	35	3	3	28	0.00025663	11690	1	FALSE	ORF8:cds-YP_009724396.1	TAT	Y	TAC	Y	105
NC_045512.2	28208	T	A	11686	6192	35	1	1	34	8.55432e-05	11690	0.999756	FALSE	ORF8:cds-YP_009724396.1	TAT	Y	TAA	*	105
NC_045512.2	28209	G	A	11667	6210	36	1	1	34	8.57045e-05	11668	0.999757	FALSE	ORF8:cds-YP_009724396.1	GAA	E	AAA	K	106
NC_045512.2	28210	A	T	11387	6603	35	1	0	34	8.77732e-05	11393	0.999756	FALSE	ORF8:cds-YP_009724396.1	GAA	E	GTA	V	106
NC_045512.2	28210	A	G	11387	6603	35	2	0	30	0.000175546	11393	0.998293	FALSE	ORF8:cds-YP_009724396.1	GAA	E	GGA	G	106
NC_045512.2	28210	A	C	11387	6603	35	3	3	34	0.00026332	11393	0.993538	FALSE	ORF8:cds-YP_009724396.1	GAA	E	GCA	A	106
NC_045512.2	28213	A	T	11247	6621	35	1	0	34	8.88336e-05	11257	0.999756	FALSE	ORF8:cds-YP_009724396.1	GAC	D	GTC	V	107
NC_045512.2	28213	A	G	11247	6621	35	9	0	31	0.000799503	11257	0.748374	FALSE	ORF8:cds-YP_009724396.1	GAC	D	GGC	G	107
NC_045512.2	28214	C	T	11517	6618	35	1	0	34	8.68206e-05	11518	0.999757	FALSE	ORF8:cds-YP_009724396.1	GAC	D	GAT	D	107
NC_045512.2	28215	T	G	11457	6626	35	1	1	34	8.72753e-05	11458	0.999757	FALSE	ORF8:cds-YP_009724396.1	TTT	F	GTT	V	108
NC_045512.2	28216	T	C	11491	6671	35	2	1	34	0.000174019	11493	0.998296	FALSE	ORF8:cds-YP_009724396.1	TTT	F	TCT	S	108
NC_045512.2	28217	T	G	11466	6618	35	1	0	34	8.72068e-05	11467	0.999757	FALSE	ORF8:cds-YP_009724396.1	TTT	F	TTG	L	108
NC_045512.2	28218	T	G	11437	6598	35	1	0	34	8.74202e-05	11439	0.999757	FALSE	ORF8:cds-YP_009724396.1	TTA	L	GTA	V	109
NC_045512.2	28218	T	C	11437	6598	35	1	1	27	8.74202e-05	11439	1	FALSE	ORF8:cds-YP_009724396.1	TTA	L	CTA	L	109
NC_045512.2	28219	T	C	14852	6991	35	2	0	29	0.000134644	14854	1	FALSE	ORF8:cds-YP_009724396.1	TTA	L	TCA	S	109
NC_045512.2	28220	A	G	14877	6973	35	4	3	34	0.000268763	14883	0.996238	FALSE	ORF8:cds-YP_009724396.1	TTA	L	TTG	L	109
NC_045512.2	28220	A	C	14877	6973	35	2	2	30	0.000134382	14883	0.999741	FALSE	ORF8:cds-YP_009724396.1	TTA	L	TTC	F	109
NC_045512.2	28221	G	T	15213	7007	35	1	0	34	6.57289e-05	15214	0.999985	FALSE	ORF8:cds-YP_009724396.1	GAG	E	TAG	*	110
NC_045512.2	28222	A	G	15193	7410	35	1	0	26	6.58155e-05	15194	1	FALSE	ORF8:cds-YP_009724396.1	GAG	E	GGG	G	110
NC_045512.2	28223	G	T	16678	7357	35	5	0	30	0.000299706	16683	0.996411	FALSE	ORF8:cds-YP_009724396.1	GAG	E	GAT	D	110
NC_045512.2	28224	T	A	16174	7201	35	2	2	26	0.00012364	16176	1	FALSE	ORF8:cds-YP_009724396.1	TAT	Y	AAT	N	111
NC_045512.2	28225	A	G	18878	8173	36	1	0	26	5.29689e-05	18879	1	FALSE	ORF8:cds-YP_009724396.1	TAT	Y	TGT	C	111
NC_045512.2	28226	T	A	18237	7572	35	3	1	31	0.000164474	18240	0.99989	FALSE	ORF8:cds-YP_009724396.1	TAT	Y	TAA	*	111
NC_045512.2	28227	C	T	19328	8919	36	1	0	34	5.17357e-05	19329	0.999999	FALSE	ORF8:cds-YP_009724396.1	CAT	H	TAT	Y	112
NC_045512.2	28229	T	C	19527	9174	36	3	1	34	0.00015361	19530	0.99994	FALSE	ORF8:cds-YP_009724396.1	CAT	H	CAC	H	112
NC_045512.2	28230	G	A	19511	9172	36	3	0	34	0.000153736	19514	0.99994	FALSE	ORF8:cds-YP_009724396.1	GAC	D	AAC	N	113
NC_045512.2	28231	A	G	19184	9068	34	1	1	34	5.21213e-05	19186	0.999999	FALSE	ORF8:cds-YP_009724396.1	GAC	D	GGC	G	113
NC_045512.2	28231	A	C	19184	9068	34	1	1	34	5.21213e-05	19186	0.999999	FALSE	ORF8:cds-YP_009724396.1	GAC	D	GCC	A	113
NC_045512.2	28232	C	T	19215	8698	36	3	1	34	0.000156079	19221	0.99994	FALSE	ORF8:cds-YP_009724396.1	GAC	D	GAT	D	113
NC_045512.2	28232	C	G	19215	8698	36	3	0	28	0.000156079	19221	1	FALSE	ORF8:cds-YP_009724396.1	GAC	D	GAG	E	113
NC_045512.2	28233	G	A	19263	8688	36	1	1	34	5.19103e-05	19264	0.999999	FALSE	ORF8:cds-YP_009724396.1	GTT	V	ATT	I	114
NC_045512.2	28234	T	G	17327	6675	35	1	1	26	5.77101e-05	17328	1	FALSE	ORF8:cds-YP_009724396.1	GTT	V	GGT	G	114
NC_045512.2	28235	T	G	18439	8055	36	1	0	26	5.42182e-05	18444	1	FALSE	ORF8:cds-YP_009724396.1	GTT	V	GTG	V	114
NC_045512.2	28235	T	C	18439	8055	36	4	1	42	0.000216873	18444	0.187483	FALSE	ORF8:cds-YP_009724396.1	GTT	V	GTC	V	114
NC_045512.2	28237	G	A	18399	7950	36	1	0	34	5.43478e-05	18400	0.999998	FALSE	ORF8:cds-YP_009724396.1	CGT	R	CAT	H	115
NC_045512.2	28238	T	C	18254	8042	36	1	0	26	5.47795e-05	18255	1	FALSE	ORF8:cds-YP_009724396.1	CGT	R	CGC	R	115
NC_045512.2	28240	T	G	18846	8660	36	1	1	34	5.3056e-05	18848	0.999998	FALSE	ORF8:cds-YP_009724396.1	GTT	V	GGT	G	116
NC_045512.2	28240	T	C	18846	8660	36	1	0	34	5.3056e-05	18848	0.999998	FALSE	ORF8:cds-YP_009724396.1	GTT	V	GCT	A	116
NC_045512.2	28241	T	C	18809	8783	36	1	0	26	5.31632e-05	18810	1	FALSE	ORF8:cds-YP_009724396.1	GTT	V	GTC	V	116
NC_045512.2	28242	G	T	19822	8691	36	2	0	30	0.000100878	19826	0.99999	FALSE	ORF8:cds-YP_009724396.1	GTT	V	TTT	F	117
NC_045512.2	28242	G	A	19822	8691	36	2	0	30	0.000100878	19826	0.99999	FALSE	ORF8:cds-YP_009724396.1	GTT	V	ATT	I	117
NC_045512.2	28242	G	-T	19822	8691	36	1	0	20	5.04388e-05	19826	1	FALSE	NA	NA	NA	NA	NA	NA
NC_045512.2	28243	T	G	19746	8541	36	2	1	34	0.000101271	19749	0.99999	FALSE	ORF8:cds-YP_009724396.1	GTT	V	GGT	G	117
NC_045512.2	28243	T	C	19746	8541	36	1	1	34	5.06355e-05	19749	0.999999	FALSE	ORF8:cds-YP_009724396.1	GTT	V	GCT	A	117
NC_045512.2	28244	T	G	19690	8519	36	2	0	34	0.000101559	19693	0.99999	FALSE	ORF8:cds-YP_009724396.1	GTT	V	GTG	V	117
NC_045512.2	28244	T	C	19690	8519	36	1	1	34	5.07795e-05	19693	0.999999	FALSE	ORF8:cds-YP_009724396.1	GTT	V	GTC	V	117
NC_045512.2	28245	T	C	20095	8919	36	1	1	34	4.97611e-05	20096	1	FALSE	ORF8:cds-YP_009724396.1	TTA	L	CTA	L	118
NC_045512.2	28246	T	G	20135	9128	36	2	1	26	9.9295e-05	20142	1	FALSE	ORF8:cds-YP_009724396.1	TTA	L	TGA	*	118
NC_045512.2	28246	T	C	20135	9128	36	4	4	30	0.00019859	20142	0.999862	FALSE	ORF8:cds-YP_009724396.1	TTA	L	TCA	S	118
NC_045512.2	28246	T	A	20135	9128	36	1	1	34	4.96475e-05	20142	1	FALSE	ORF8:cds-YP_009724396.1	TTA	L	TAA	*	118
NC_045512.2	28247	A	T	19666	9156	36	1	0	34	5.08363e-05	19671	0.999999	FALSE	ORF8:cds-YP_009724396.1	TTA	L	TTT	F	118
NC_045512.2	28247	A	G	19666	9156	36	1	0	34	5.08363e-05	19671	0.999999	FALSE	ORF8:cds-YP_009724396.1	TTA	L	TTG	L	118
NC_045512.2	28247	A	C	19666	9156	36	3	3	34	0.000152509	19671	0.99994	FALSE	ORF8:cds-YP_009724396.1	TTA	L	TTC	F	118
NC_045512.2	28248	G	T	20353	9068	36	1	0	34	4.91304e-05	20354	1	FALSE	ORF8:cds-YP_009724396.1	GAT	D	TAT	Y	119
NC_045512.2	28249	A	T	18221	9189	35	3	1	28	0.0001646	18226	1	FALSE	ORF8:cds-YP_009724396.1	GAT	D	GTT	V	119
NC_045512.2	28249	A	G	18221	9189	35	1	1	34	5.48667e-05	18226	0.999998	FALSE	ORF8:cds-YP_009724396.1	GAT	D	GGT	G	119
NC_045512.2	28249	A	C	18221	9189	35	1	1	34	5.48667e-05	18226	0.999998	FALSE	ORF8:cds-YP_009724396.1	GAT	D	GCT	A	119
NC_045512.2	28250	T	C	20644	9370	37	1	0	34	4.84379e-05	20645	1	FALSE	ORF8:cds-YP_009724396.1	GAT	D	GAC	D	119
NC_045512.2	28251	T	G	19423	8177	36	1	0	26	5.14801e-05	19425	1	FALSE	ORF8:cds-YP_009724396.1	TTC	F	GTC	V	120
NC_045512.2	28251	T	C	19423	8177	36	1	1	34	5.14801e-05	19425	0.999999	FALSE	ORF8:cds-YP_009724396.1	TTC	F	CTC	L	120
NC_045512.2	28252	T	C	19701	8433	37	17	4	35	0.000862156	19718	0.691275	FALSE	ORF8:cds-YP_009724396.1	TTC	F	TCC	S	120
NC_045512.2	28253	C	G	20055	8707	37	3	0	34	0.000149551	20060	0.999967	FALSE	ORF8:cds-YP_009724396.1	TTC	F	TTG	L	120
NC_045512.2	28253	C	A	20055	8707	37	2	0	30	9.97009e-05	20060	0.999995	FALSE	ORF8:cds-YP_009724396.1	TTC	F	TTA	L	120
NC_045512.2	28254	A	G	19816	8640	36	1	0	34	5.04566e-05	19819	0.999999	FALSE	ORF8:cds-YP_009724396.1	ATC	I	GTC	V	121
NC_045512.2	28254	A	C	19816	8640	36	2	2	30	0.000100913	19819	0.99999	FALSE	ORF8:cds-YP_009724396.1	ATC	I	CTC	L	121
NC_045512.2	28255	T	G	20024	8647	36	3	0	34	0.000149768	20031	0.999967	FALSE	ORF8:cds-YP_009724396.1	ATC	I	AGC	S	121
NC_045512.2	28255	T	A	20024	8647	36	4	3	26	0.00019969	20031	1	FALSE	ORF8:cds-YP_009724396.1	ATC	I	AAC	N	121
NC_045512.2	28257	T	G	20639	9307	37	1	0	26	4.84473e-05	20641	1	FALSE	ORF8:cds-YP_009724396.1	TAA	*	GAA	E	122
NC_045512.2	28257	T	A	20639	9307	37	1	0	34	4.84473e-05	20641	1	FALSE	ORF8:cds-YP_009724396.1	TAA	*	AAA	K	122
NC_045512.2	28257	T	-A	20639	9307	37	1	0	20	4.84473e-05	20641	1	FALSE	NA	NA	NA	NA	NA	NA
NC_045512.2	28261	C	T	21774	10743	38	1	1	34	4.592e-05	21777	1	FALSE	NA	NA	NA	NA	NA	NA
NC_045512.2	28261	C	A	21774	10743	38	2	1	30	9.184e-05	21777	0.999997	FALSE	NA	NA	NA	NA	NA	NA
NC_045512.2	28262	G	C	21604	10538	38	1	1	34	4.62813e-05	21607	1	FALSE	NA	NA	NA	NA	NA	NA
NC_045512.2	28262	G	A	21604	10538	38	2	1	34	9.25626e-05	21607	0.999997	FALSE	NA	NA	NA	NA	NA	NA
NC_045512.2	28263	A	T	22283	11314	38	1	0	34	4.48511e-05	22296	1	FALSE	NA	NA	NA	NA	NA	NA
NC_045512.2	28263	A	G	22283	11314	38	12	2	33	0.000538213	22296	0.971241	FALSE	NA	NA	NA	NA	NA	NA
NC_045512.2	28264	A	G	22108	11570	38	5	0	30	0.000226091	22115	0.999845	FALSE	NA	NA	NA	NA	NA	NA
NC_045512.2	28264	A	C	22108	11570	38	2	0	34	9.04364e-05	22115	0.999999	FALSE	NA	NA	NA	NA	NA	NA
NC_045512.2	28265	C	T	25445	12865	38	2	0	34	7.85855e-05	25450	1	FALSE	NA	NA	NA	NA	NA	NA
NC_045512.2	28265	C	G	25445	12865	38	2	0	34	7.85855e-05	25450	1	FALSE	NA	NA	NA	NA	NA	NA
NC_045512.2	28265	C	A	25445	12865	38	1	0	34	3.92927e-05	25450	1	FALSE	NA	NA	NA	NA	NA	NA
NC_045512.2	28266	A	G	24485	12098	37	1	1	34	4.08397e-05	24486	1	FALSE	NA	NA	NA	NA	NA	NA
NC_045512.2	28267	A	G	25939	13067	38	1	0	34	3.85505e-05	25940	1	FALSE	NA	NA	NA	NA	NA	NA
NC_045512.2	28268	A	G	24773	13146	38	3	1	31	0.000121075	24778	0.999997	FALSE	NA	NA	NA	NA	NA	NA
NC_045512.2	28268	A	C	24773	13146	38	2	2	30	8.07168e-05	24778	1	FALSE	NA	NA	NA	NA	NA	NA
NC_045512.2	28270	T	C	26698	13810	38	1	1	34	3.74532e-05	26700	1	FALSE	NA	NA	NA	NA	NA	NA
NC_045512.2	28270	T	A	26698	13810	38	1	0	34	3.74532e-05	26700	1	FALSE	NA	NA	NA	NA	NA	NA
NC_045512.2	28271	A	T	0	0	0	27154	14212	39	0.999963	27155	0	TRUE	NA	NA	NA	NA	NA	NA
NC_045512.2	28271	A	C	0	0	0	1	1	34	3.68256e-05	27155	0.00103112	TRUE	NA	NA	NA	NA	NA	NA
NC_045512.2	28272	A	T	27187	14157	39	1	1	34	3.67742e-05	27193	1	FALSE	NA	NA	NA	NA	NA	NA
NC_045512.2	28272	A	G	27187	14157	39	5	2	29	0.000183871	27193	1	FALSE	NA	NA	NA	NA	NA	NA
NC_045512.2	28273	A	G	26981	14061	38	1	1	68	3.70617e-05	26982	0.500009	FALSE	NA	NA	NA	NA	NA	NA
NC_045512.2	28274	A	G	26315	13779	38	6	1	34	0.000227955	26321	0.999944	FALSE	N:cds-YP_009724397.2	ATG	M	GTG	V	1
NC_045512.2	28275	T	A	26950	14122	38	1	0	26	3.71044e-05	26951	1	FALSE	N:cds-YP_009724397.2	ATG	M	AAG	K	1
NC_045512.2	28276	G	T	27326	14276	38	1	0	34	3.65925e-05	27328	1	FALSE	N:cds-YP_009724397.2	ATG	M	ATT	I	1
NC_045512.2	28276	G	A	27326	14276	38	1	0	34	3.65925e-05	27328	1	FALSE	N:cds-YP_009724397.2	ATG	M	ATA	I	1
NC_045512.2	28277	T	G	26498	13361	38	1	0	34	3.77287e-05	26505	1	FALSE	N:cds-YP_009724397.2	TCT	S	GCT	A	2
NC_045512.2	28277	T	C	26498	13361	38	4	3	51	0.000150915	26505	0.0624835	FALSE	N:cds-YP_009724397.2	TCT	S	CCT	P	2
NC_045512.2	28277	T	A	26498	13361	38	2	2	26	7.54575e-05	26505	1	FALSE	N:cds-YP_009724397.2	TCT	S	ACT	T	2
NC_045512.2	28278	C	T	26897	13713	38	1	1	26	3.71761e-05	26899	1	FALSE	N:cds-YP_009724397.2	TCT	S	TTT	F	2
NC_045512.2	28278	C	A	26897	13713	38	1	1	34	3.71761e-05	26899	1	FALSE	N:cds-YP_009724397.2	TCT	S	TAT	Y	2
NC_045512.2	28279	T	C	27488	14400	39	5	5	40	0.000181864	27493	0.226562	FALSE	N:cds-YP_009724397.2	TCT	S	TCC	S	2
NC_045512.2	28280	G	T	27846	14625	39	2	1	34	7.18133e-05	27850	1	FALSE	N:cds-YP_009724397.2	GAT	D	TAT	Y	3
NC_045512.2	28280	G	C	27846	14625	39	2	2	30	7.18133e-05	27850	1	FALSE	N:cds-YP_009724397.2	GAT	D	CAT	H	3
NC_045512.2	28281	A	T	28363	14897	39	1	1	26	3.5256e-05	28364	1	FALSE	N:cds-YP_009724397.2	GAT	D	GTT	V	3
NC_045512.2	28282	T	C	27831	14402	38	3	2	34	0.000107782	27834	1	FALSE	N:cds-YP_009724397.2	GAT	D	GAC	D	3
NC_045512.2	28283	A	T	27184	14923	38	1	0	34	3.67809e-05	27188	1	FALSE	N:cds-YP_009724397.2	AAT	N	TAT	Y	4
NC_045512.2	28283	A	G	27184	14923	38	2	0	30	7.35619e-05	27188	1	FALSE	N:cds-YP_009724397.2	AAT	N	GAT	D	4
NC_045512.2	28283	A	C	27184	14923	38	1	1	27	3.67809e-05	27188	1	FALSE	N:cds-YP_009724397.2	AAT	N	CAT	H	4
NC_045512.2	28284	A	T	29139	17485	38	1	0	26	3.40646e-05	29356	1	FALSE	N:cds-YP_009724397.2	AAT	N	ATT	I	4
NC_045512.2	28284	A	G	29139	17485	38	216	20	37	0.00735795	29356	5.88981e-37	TRUE	N:cds-YP_009724397.2	AAT	N	AGT	S	4
NC_045512.2	28285	T	G	29043	17264	38	1	1	26	3.44234e-05	29050	1	FALSE	N:cds-YP_009724397.2	AAT	N	AAG	K	4
NC_045512.2	28285	T	C	29043	17264	38	6	4	38	0.00020654	29050	0.999989	FALSE	N:cds-YP_009724397.2	AAT	N	AAC	N	4
NC_045512.2	28286	G	T	28918	17187	38	2	1	34	6.91491e-05	28923	1	FALSE	N:cds-YP_009724397.2	GGA	G	TGA	*	5
NC_045512.2	28286	G	A	28918	17187	38	3	1	45	0.000103724	28923	0.499984	FALSE	N:cds-YP_009724397.2	GGA	G	AGA	R	5
NC_045512.2	28287	G	C	29005	17270	38	1	1	26	3.44744e-05	29007	1	FALSE	N:cds-YP_009724397.2	GGA	G	GCA	A	5
NC_045512.2	28287	G	A	29005	17270	38	1	1	34	3.44744e-05	29007	1	FALSE	N:cds-YP_009724397.2	GGA	G	GAA	E	5
NC_045512.2	28290	C	G	29485	17236	38	1	0	34	3.39144e-05	29486	1	FALSE	N:cds-YP_009724397.2	CCC	P	CGC	R	6
NC_045512.2	28291	C	A	29598	17151	38	1	1	34	3.37849e-05	29599	1	FALSE	N:cds-YP_009724397.2	CCC	P	CCA	P	6
NC_045512.2	28292	C	T	29655	17168	38	2	1	30	6.74354e-05	29658	1	FALSE	N:cds-YP_009724397.2	CAA	Q	TAA	*	7
NC_045512.2	28292	C	A	29655	17168	38	1	1	34	3.37177e-05	29658	1	FALSE	N:cds-YP_009724397.2	CAA	Q	AAA	K	7
NC_045512.2	28292	C	-A	29655	17168	38	10	0	20	0.000337177	29658	1	FALSE	NA	NA	NA	NA	NA	NA
NC_045512.2	28293	A	G	29628	17146	38	11	8	33	0.00037087	29660	0.998881	FALSE	N:cds-YP_009724397.2	CAA	Q	CGA	R	7
NC_045512.2	28293	A	C	29628	17146	38	21	15	40	0.000708024	29660	3.27126e-05	TRUE	N:cds-YP_009724397.2	CAA	Q	CCA	P	7
NC_045512.2	28294	A	G	29776	17208	38	1	0	34	3.35818e-05	29778	1	FALSE	N:cds-YP_009724397.2	CAA	Q	CAG	Q	7
NC_045512.2	28294	A	C	29776	17208	38	1	1	34	3.35818e-05	29778	1	FALSE	N:cds-YP_009724397.2	CAA	Q	CAC	H	7
NC_045512.2	28295	A	T	31850	19993	38	1	1	26	3.13804e-05	31867	1	FALSE	N:cds-YP_009724397.2	AAT	N	TAT	Y	8
NC_045512.2	28295	A	G	31850	19993	38	16	1	32	0.000502087	31867	0.99071	FALSE	N:cds-YP_009724397.2	AAT	N	GAT	D	8
NC_045512.2	28296	A	C	33179	21172	38	1	0	34	3.01386e-05	33180	1	FALSE	N:cds-YP_009724397.2	AAT	N	ACT	T	8
NC_045512.2	28297	T	C	247	25	38	33168	21426	39	0.992578	33416	0	TRUE	N:cds-YP_009724397.2	AAT	N	AAC	N	8
NC_045512.2	28297	T	A	247	25	38	1	1	34	2.99258e-05	33416	0.222393	FALSE	N:cds-YP_009724397.2	AAT	N	AAA	K	8
NC_045512.2	28298	C	G	33089	21134	39	2	0	34	6.04376e-05	33092	1	FALSE	N:cds-YP_009724397.2	CAG	Q	GAG	E	9
NC_045512.2	28298	C	A	33089	21134	39	1	0	34	3.02188e-05	33092	1	FALSE	N:cds-YP_009724397.2	CAG	Q	AAG	K	9
NC_045512.2	28299	A	G	32208	20547	38	4	4	34	0.00012417	32214	1	FALSE	N:cds-YP_009724397.2	CAG	Q	CGG	R	9
NC_045512.2	28299	A	C	32208	20547	38	2	2	34	6.20848e-05	32214	1	FALSE	N:cds-YP_009724397.2	CAG	Q	CCG	P	9
NC_045512.2	28301	C	T	33246	21208	39	9	4	39	0.000270628	33256	0.999966	FALSE	N:cds-YP_009724397.2	CGA	R	TGA	*	10
NC_045512.2	28301	C	G	33246	21208	39	1	0	68	3.00698e-05	33256	0.49994	FALSE	N:cds-YP_009724397.2	CGA	R	GGA	G	10
NC_045512.2	28302	G	T	33630	21282	39	2	0	27	5.94654e-05	33633	1	FALSE	N:cds-YP_009724397.2	CGA	R	CTA	L	10
NC_045512.2	28302	G	A	33630	21282	39	1	0	34	2.97327e-05	33633	1	FALSE	N:cds-YP_009724397.2	CGA	R	CAA	Q	10
NC_045512.2	28302	G	-A	33630	21282	39	2	0	20	5.94654e-05	33633	1	FALSE	NA	NA	NA	NA	NA	NA
NC_045512.2	28303	A	C	33837	22094	39	1	1	34	2.95526e-05	33838	1	FALSE	N:cds-YP_009724397.2	CGA	R	CGC	R	10
NC_045512.2	28304	A	T	33659	21975	39	1	1	26	2.97027e-05	33667	1	FALSE	N:cds-YP_009724397.2	AAT	N	TAT	Y	11
NC_045512.2	28304	A	G	33659	21975	39	5	5	47	0.000148513	33667	0.363241	FALSE	N:cds-YP_009724397.2	AAT	N	GAT	D	11
NC_045512.2	28304	A	C	33659	21975	39	2	1	34	5.94054e-05	33667	1	FALSE	N:cds-YP_009724397.2	AAT	N	CAT	H	11
NC_045512.2	28305	A	G	33425	21609	39	5	3	32	0.000149562	33431	1	FALSE	N:cds-YP_009724397.2	AAT	N	AGT	S	11
NC_045512.2	28305	A	C	33425	21609	39	1	1	34	2.99124e-05	33431	1	FALSE	N:cds-YP_009724397.2	AAT	N	ACT	T	11
NC_045512.2	28306	T	G	33014	21560	39	2	0	30	6.05694e-05	33020	1	FALSE	N:cds-YP_009724397.2	AAT	N	AAG	K	11
NC_045512.2	28306	T	C	33014	21560	39	3	0	34	9.0854e-05	33020	1	FALSE	N:cds-YP_009724397.2	AAT	N	AAC	N	11
NC_045512.2	28306	T	A	33014	21560	39	1	1	26	3.02847e-05	33020	1	FALSE	N:cds-YP_009724397.2	AAT	N	AAA	K	11
NC_045512.2	28307	G	C	32942	21344	38	1	1	27	3.03509e-05	32948	1	FALSE	N:cds-YP_009724397.2	GCA	A	CCA	P	12
NC_045512.2	28307	G	A	32942	21344	38	5	4	47	0.000151754	32948	0.363273	FALSE	N:cds-YP_009724397.2	GCA	A	ACA	T	12
NC_045512.2	28308	C	T	33663	22502	39	9	6	40	0.000267284	33672	0.0729873	FALSE	N:cds-YP_009724397.2	GCA	A	GTA	V	12
NC_045512.2	28309	A	G	33253	21949	39	2	1	30	6.01395e-05	33256	1	FALSE	N:cds-YP_009724397.2	GCA	A	GCG	A	12
NC_045512.2	28309	A	C	33253	21949	39	1	1	27	3.00698e-05	33256	1	FALSE	N:cds-YP_009724397.2	GCA	A	GCC	A	12
NC_045512.2	28309	A	+CT	33253	21949	39	1	0	20	3.00698e-05	33256	1	FALSE	NA	NA	NA	NA	NA	NA
NC_045512.2	28310	C	T	33876	22806	40	1	1	34	2.95186e-05	33877	1	FALSE	N:cds-YP_009724397.2	CCC	P	TCC	S	13
NC_045512.2	28311	C	T	2	2	34	33180	22200	40	0.999879	33184	0	TRUE	N:cds-YP_009724397.2	CCC	P	CTC	L	13
NC_045512.2	28311	C	G	2	2	34	2	0	30	6.027e-05	33184	6.4744e-06	TRUE	N:cds-YP_009724397.2	CCC	P	CGC	R	13
NC_045512.2	28312	C	A	33372	22444	40	1	0	34	2.99643e-05	33373	1	FALSE	N:cds-YP_009724397.2	CCC	P	CCA	P	13
NC_045512.2	28313	C	T	33111	22370	39	1	1	34	3.01969e-05	33116	1	FALSE	N:cds-YP_009724397.2	CGC	R	TGC	C	14
NC_045512.2	28313	C	G	33111	22370	39	1	1	34	3.01969e-05	33116	1	FALSE	N:cds-YP_009724397.2	CGC	R	GGC	G	14
NC_045512.2	28313	C	A	33111	22370	39	3	2	40	9.05907e-05	33116	0.656243	FALSE	N:cds-YP_009724397.2	CGC	R	AGC	S	14
NC_045512.2	28314	G	T	32967	21844	39	5	2	32	0.000151469	33010	1	FALSE	N:cds-YP_009724397.2	CGC	R	CTC	L	14
NC_045512.2	28314	G	A	32967	21844	39	38	35	40	0.00115117	33010	5.18129e-09	TRUE	N:cds-YP_009724397.2	CGC	R	CAC	H	14
NC_045512.2	28315	C	T	32994	22341	39	4	2	30	0.000121219	32998	1	FALSE	N:cds-YP_009724397.2	CGC	R	CGT	R	14
NC_045512.2	28316	A	G	32502	22077	39	4	4	34	0.000123054	32506	1	FALSE	N:cds-YP_009724397.2	ATT	I	GTT	V	15
NC_045512.2	28316	A	-T	32502	22077	39	1	0	20	3.07636e-05	32506	1	FALSE	NA	NA	NA	NA	NA	NA
NC_045512.2	28317	T	G	32590	22384	39	1	1	68	3.06814e-05	32593	0.499985	FALSE	N:cds-YP_009724397.2	ATT	I	AGT	S	15
NC_045512.2	28317	T	C	32590	22384	39	2	2	34	6.13629e-05	32593	1	FALSE	N:cds-YP_009724397.2	ATT	I	ACT	T	15
NC_045512.2	28319	A	T	31931	21726	38	3	0	28	9.39144e-05	31944	1	FALSE	N:cds-YP_009724397.2	ACG	T	TCG	S	16
NC_045512.2	28319	A	G	31931	21726	38	9	5	32	0.000281743	31944	0.999909	FALSE	N:cds-YP_009724397.2	ACG	T	GCG	A	16
NC_045512.2	28319	A	C	31931	21726	38	1	1	34	3.13048e-05	31944	1	FALSE	N:cds-YP_009724397.2	ACG	T	CCG	P	16
NC_045512.2	28320	C	T	32865	22145	39	2	2	34	6.08476e-05	32869	1	FALSE	N:cds-YP_009724397.2	ACG	T	ATG	M	16
NC_045512.2	28320	C	A	32865	22145	39	2	2	30	6.08476e-05	32869	1	FALSE	N:cds-YP_009724397.2	ACG	T	AAG	K	16
NC_045512.2	28321	G	T	32510	21714	39	1	0	26	3.07579e-05	32512	1	FALSE	N:cds-YP_009724397.2	ACG	T	ACT	T	16
NC_045512.2	28321	G	A	32510	21714	39	1	1	34	3.07579e-05	32512	1	FALSE	N:cds-YP_009724397.2	ACG	T	ACA	T	16
NC_045512.2	28322	T	A	31361	20900	39	1	1	34	3.18857e-05	31362	1	FALSE	N:cds-YP_009724397.2	TTT	F	ATT	I	17
NC_045512.2	28323	T	G	30390	20011	39	1	1	34	3.28969e-05	30398	1	FALSE	N:cds-YP_009724397.2	TTT	F	TGT	C	17
NC_045512.2	28323	T	C	30390	20011	39	6	4	34	0.000197381	30398	0.999994	FALSE	N:cds-YP_009724397.2	TTT	F	TCT	S	17
NC_045512.2	28323	T	A	30390	20011	39	1	0	24	3.28969e-05	30398	1	FALSE	N:cds-YP_009724397.2	TTT	F	TAT	Y	17
NC_045512.2	28325	G	C	30509	20838	39	3	3	34	9.83155e-05	30514	1	FALSE	N:cds-YP_009724397.2	GGT	G	CGT	R	18
NC_045512.2	28325	G	A	30509	20838	39	2	0	34	6.55437e-05	30514	1	FALSE	N:cds-YP_009724397.2	GGT	G	AGT	S	18
NC_045512.2	28326	G	A	29964	21422	38	1	1	34	3.33723e-05	29965	1	FALSE	N:cds-YP_009724397.2	GGT	G	GAT	D	18
NC_045512.2	28327	T	C	29517	20999	37	10	8	36	0.000338673	29527	0.99947	FALSE	N:cds-YP_009724397.2	GGT	G	GGC	G	18
NC_045512.2	28328	G	A	28836	20614	38	3	3	31	0.000104026	28839	1	FALSE	N:cds-YP_009724397.2	GGA	G	AGA	R	19
NC_045512.2	28329	G	A	28778	20585	38	1	0	34	3.47476e-05	28779	1	FALSE	N:cds-YP_009724397.2	GGA	G	GAA	E	19
NC_045512.2	28330	A	T	28476	20340	38	3	3	34	0.000105319	28485	1	FALSE	N:cds-YP_009724397.2	GGA	G	GGT	G	19
NC_045512.2	28330	A	G	28476	20340	38	2	2	30	7.02124e-05	28485	1	FALSE	N:cds-YP_009724397.2	GGA	G	GGG	G	19
NC_045512.2	28330	A	C	28476	20340	38	4	4	34	0.000140425	28485	0.999999	FALSE	N:cds-YP_009724397.2	GGA	G	GGC	G	19
NC_045512.2	28331	C	T	28753	20498	38	1	1	34	3.47766e-05	28755	1	FALSE	N:cds-YP_009724397.2	CCC	P	TCC	S	20
NC_045512.2	28331	C	G	28753	20498	38	1	0	34	3.47766e-05	28755	1	FALSE	N:cds-YP_009724397.2	CCC	P	GCC	A	20
NC_045512.2	28332	C	T	28219	20328	37	1	1	26	3.54321e-05	28223	1	FALSE	N:cds-YP_009724397.2	CCC	P	CTC	L	20
NC_045512.2	28332	C	G	28219	20328	37	2	0	26	7.08642e-05	28223	1	FALSE	N:cds-YP_009724397.2	CCC	P	CGC	R	20
NC_045512.2	28332	C	A	28219	20328	37	1	1	26	3.54321e-05	28223	1	FALSE	N:cds-YP_009724397.2	CCC	P	CAC	H	20
NC_045512.2	28333	C	T	28566	20371	37	1	1	34	3.50042e-05	28568	1	FALSE	N:cds-YP_009724397.2	CCC	P	CCT	P	20
NC_045512.2	28333	C	A	28566	20371	37	1	1	34	3.50042e-05	28568	1	FALSE	N:cds-YP_009724397.2	CCC	P	CCA	P	20
NC_045512.2	28334	T	C	28428	20277	38	10	9	40	0.000351642	28438	0.01928	FALSE	N:cds-YP_009724397.2	TCA	S	CCA	P	21
NC_045512.2	28335	C	T	28397	20200	38	2	2	34	7.04176e-05	28402	1	FALSE	N:cds-YP_009724397.2	TCA	S	TTA	L	21
NC_045512.2	28335	C	G	28397	20200	38	1	0	34	3.52088e-05	28402	1	FALSE	N:cds-YP_009724397.2	TCA	S	TGA	*	21
NC_045512.2	28335	C	A	28397	20200	38	2	1	34	7.04176e-05	28402	1	FALSE	N:cds-YP_009724397.2	TCA	S	TAA	*	21
NC_045512.2	28336	A	G	28269	20154	37	3	1	34	0.000106112	28272	1	FALSE	N:cds-YP_009724397.2	TCA	S	TCG	S	21
NC_045512.2	28337	G	T	28455	20151	38	1	1	34	3.5142e-05	28456	1	FALSE	N:cds-YP_009724397.2	GAT	D	TAT	Y	22
NC_045512.2	28338	A	G	28552	20453	38	1	1	34	3.50226e-05	28553	1	FALSE	N:cds-YP_009724397.2	GAT	D	GGT	G	22
NC_045512.2	28339	T	G	28492	20400	38	2	0	34	7.0173e-05	28501	1	FALSE	N:cds-YP_009724397.2	GAT	D	GAG	E	22
NC_045512.2	28339	T	C	28492	20400	38	7	6	32	0.000245605	28501	0.999942	FALSE	N:cds-YP_009724397.2	GAT	D	GAC	D	22
NC_045512.2	28340	T	C	27983	19959	38	1	1	26	3.57347e-05	27984	1	FALSE	N:cds-YP_009724397.2	TCA	S	CCA	P	23
NC_045512.2	28341	C	T	28096	19980	38	1	1	34	3.5591e-05	28097	1	FALSE	N:cds-YP_009724397.2	TCA	S	TTA	L	23
NC_045512.2	28342	A	G	27715	19570	38	3	3	45	0.000108225	27720	0.499983	FALSE	N:cds-YP_009724397.2	TCA	S	TCG	S	23
NC_045512.2	28342	A	C	27715	19570	38	2	1	34	7.21501e-05	27720	1	FALSE	N:cds-YP_009724397.2	TCA	S	TCC	S	23
NC_045512.2	28344	C	T	27439	20118	37	2	2	34	7.28783e-05	27443	1	FALSE	N:cds-YP_009724397.2	ACT	T	ATT	I	24
NC_045512.2	28344	C	G	27439	20118	37	1	0	27	3.64392e-05	27443	1	FALSE	N:cds-YP_009724397.2	ACT	T	AGT	S	24
NC_045512.2	28344	C	A	27439	20118	37	1	0	46	3.64392e-05	27443	0.874993	FALSE	N:cds-YP_009724397.2	ACT	T	AAT	N	24
NC_045512.2	28345	T	C	27032	19736	37	3	3	31	0.000110967	27035	1	FALSE	N:cds-YP_009724397.2	ACT	T	ACC	T	24
NC_045512.2	28346	G	T	27106	19697	37	1	0	34	3.68908e-05	27107	1	FALSE	N:cds-YP_009724397.2	GGC	G	TGC	C	25
NC_045512.2	28347	G	C	27223	19772	38	1	0	34	3.67309e-05	27225	1	FALSE	N:cds-YP_009724397.2	GGC	G	GCC	A	25
NC_045512.2	28347	G	A	27223	19772	38	1	0	34	3.67309e-05	27225	1	FALSE	N:cds-YP_009724397.2	GGC	G	GAC	D	25
NC_045512.2	28348	C	T	27171	19903	37	7	6	32	0.000257561	27178	0.999903	FALSE	N:cds-YP_009724397.2	GGC	G	GGT	G	25
NC_045512.2	28349	A	T	26914	19616	37	1	1	34	3.71485e-05	26919	1	FALSE	N:cds-YP_009724397.2	AGT	S	TGT	C	26
NC_045512.2	28349	A	G	26914	19616	37	4	1	30	0.000148594	26919	0.999996	FALSE	N:cds-YP_009724397.2	AGT	S	GGT	G	26
NC_045512.2	28350	G	A	27121	19831	37	2	1	34	7.37382e-05	27123	1	FALSE	N:cds-YP_009724397.2	AGT	S	AAT	N	26
NC_045512.2	28351	T	A	25788	18687	37	3	3	25	0.00011632	25791	1	FALSE	N:cds-YP_009724397.2	AGT	S	AGA	R	26
NC_045512.2	28352	A	G	26803	19731	37	3	2	34	0.000111915	26806	0.999999	FALSE	N:cds-YP_009724397.2	AAC	N	GAC	D	27
NC_045512.2	28354	C	G	26739	19783	37	1	0	34	3.73958e-05	26741	1	FALSE	N:cds-YP_009724397.2	AAC	N	AAG	K	27
NC_045512.2	28354	C	A	26739	19783	37	1	0	34	3.73958e-05	26741	1	FALSE	N:cds-YP_009724397.2	AAC	N	AAA	K	27
NC_045512.2	28355	C	A	26756	19829	37	3	3	31	0.000112112	26759	0.999999	FALSE	N:cds-YP_009724397.2	CAG	Q	AAG	K	28
NC_045512.2	28356	A	G	24695	17929	36	3	3	31	0.000121467	24698	0.999997	FALSE	N:cds-YP_009724397.2	CAG	Q	CGG	R	28
NC_045512.2	28357	G	A	25980	19051	37	1	1	68	3.84897e-05	25981	0.50001	FALSE	N:cds-YP_009724397.2	CAG	Q	CAA	Q	28
NC_045512.2	28358	A	G	25567	18869	37	3	3	34	0.00011732	25571	0.999998	FALSE	N:cds-YP_009724397.2	AAT	N	GAT	D	29
NC_045512.2	28358	A	C	25567	18869	37	1	1	34	3.91068e-05	25571	1	FALSE	N:cds-YP_009724397.2	AAT	N	CAT	H	29
NC_045512.2	28359	A	G	25514	18730	37	2	2	30	7.83822e-05	25516	1	FALSE	N:cds-YP_009724397.2	AAT	N	AGT	S	29
NC_045512.2	28359	A	-TGGAGAACG	25514	18730	37	2	0	20	7.83822e-05	25516	1	FALSE	NA	NA	NA	NA	NA	NA
NC_045512.2	28360	T	-GGAGAACGC	25539	18719	37	13	0	20	0.000508986	25541	1	FALSE	NA	NA	NA	NA	NA	NA
NC_045512.2	28361	G	-GAGAACGCA	23923	17160	38	17269	0	20	0.721737	23927	0	TRUE	NA	NA	NA	NA	NA	NA
NC_045512.2	28362	G	-AGAACGCAGT	7138	4193	34	13	0	20	0.000520042	24998	1	FALSE	NA	NA	NA	NA	NA	NA
NC_045512.2	28363	A	T	0	0	0	519	403	35	1	519	0	TRUE	N:cds-YP_009724397.2	GGA	G	GGT	G	30
NC_045512.2	28365	A	G	0	0	0	1	0	34	1	1	0.00100649	TRUE	N:cds-YP_009724397.2	GAA	E	GGA	G	31
NC_045512.2	28370	A	G	2	2	34	141	6	35	0.986014	143	0	TRUE	N:cds-YP_009724397.2	AGT	S	GGT	G	33
NC_045512.2	28372	T	C	19145	13991	37	2	2	34	0.000104455	19147	0.999989	FALSE	N:cds-YP_009724397.2	AGT	S	AGC	S	33
NC_045512.2	28373	G	T	19299	14060	37	15	10	39	0.000776518	19317	0.804257	FALSE	N:cds-YP_009724397.2	GGG	G	TGG	W	34
NC_045512.2	28373	G	C	19299	14060	37	1	1	26	5.17679e-05	19317	1	FALSE	N:cds-YP_009724397.2	GGG	G	CGG	R	34
NC_045512.2	28373	G	A	19299	14060	37	2	1	34	0.000103536	19317	0.999989	FALSE	N:cds-YP_009724397.2	GGG	G	AGG	R	34
NC_045512.2	28374	G	T	19119	13886	37	6	6	30	0.00031348	19140	0.997956	FALSE	N:cds-YP_009724397.2	GGG	G	GTG	V	34
NC_045512.2	28374	G	C	19119	13886	37	14	14	32	0.000731452	19140	0.851792	FALSE	N:cds-YP_009724397.2	GGG	G	GCG	A	34
NC_045512.2	28374	G	A	19119	13886	37	1	1	34	5.22466e-05	19140	0.999999	FALSE	N:cds-YP_009724397.2	GGG	G	GAG	E	34
NC_045512.2	28375	G	T	19240	13999	37	1	1	34	5.19588e-05	19246	0.999999	FALSE	N:cds-YP_009724397.2	GGG	G	GGT	G	34
NC_045512.2	28375	G	C	19240	13999	37	5	5	32	0.000259794	19246	0.999231	FALSE	N:cds-YP_009724397.2	GGG	G	GGC	G	34
NC_045512.2	28376	G	A	19300	14050	37	2	0	51	0.000103616	19302	0.250006	FALSE	N:cds-YP_009724397.2	GCG	A	ACG	T	35
NC_045512.2	28378	G	A	19286	14028	37	1	1	34	5.18484e-05	19287	0.999999	FALSE	N:cds-YP_009724397.2	GCG	A	GCA	A	35
NC_045512.2	28379	C	T	19286	14080	37	17	10	41	0.000880692	19303	7.22829e-05	TRUE	N:cds-YP_009724397.2	CGA	R	TGA	*	36
NC_045512.2	28380	G	T	19377	14004	37	2	2	34	0.000103146	19390	0.99999	FALSE	N:cds-YP_009724397.2	CGA	R	CTA	L	36
NC_045512.2	28380	G	A	19377	14004	37	11	9	34	0.000567303	19390	0.950682	FALSE	N:cds-YP_009724397.2	CGA	R	CAA	Q	36
NC_045512.2	28381	A	G	19572	14236	37	1	1	26	5.10777e-05	19578	1	FALSE	N:cds-YP_009724397.2	CGA	R	CGG	R	36
NC_045512.2	28381	A	C	19572	14236	37	5	5	34	0.000255389	19578	0.99923	FALSE	N:cds-YP_009724397.2	CGA	R	CGC	R	36
NC_045512.2	28382	T	C	19692	14356	37	1	0	34	5.07795e-05	19693	0.999999	FALSE	N:cds-YP_009724397.2	TCA	S	CCA	P	37
NC_045512.2	28383	C	T	19650	14282	37	1	1	34	5.0888e-05	19651	0.999999	FALSE	N:cds-YP_009724397.2	TCA	S	TTA	L	37
NC_045512.2	28383	C	-A	19650	14282	37	2	0	20	0.000101776	19651	1	FALSE	NA	NA	NA	NA	NA	NA
NC_045512.2	28384	A	G	19348	14022	37	1	1	34	5.16823e-05	19349	0.999999	FALSE	N:cds-YP_009724397.2	TCA	S	TCG	S	37
NC_045512.2	28385	A	G	19763	14239	37	1	1	34	5.0597e-05	19764	0.999999	FALSE	N:cds-YP_009724397.2	AAA	K	GAA	E	38
NC_045512.2	28386	A	G	19705	14494	37	3	2	34	0.000152222	19708	0.99994	FALSE	N:cds-YP_009724397.2	AAA	K	AGA	R	38
NC_045512.2	28387	A	T	19714	14551	37	15	7	43	0.000760148	19733	0.000258519	TRUE	N:cds-YP_009724397.2	AAA	K	AAT	N	38
NC_045512.2	28387	A	G	19714	14551	37	2	2	34	0.000101353	19733	0.999989	FALSE	N:cds-YP_009724397.2	AAA	K	AAG	K	38
NC_045512.2	28387	A	C	19714	14551	37	2	1	30	0.000101353	19733	0.999989	FALSE	N:cds-YP_009724397.2	AAA	K	AAC	N	38
NC_045512.2	28388	C	T	19698	14646	37	1	1	34	5.07511e-05	19704	0.999999	FALSE	N:cds-YP_009724397.2	CAA	Q	TAA	*	39
NC_045512.2	28388	C	A	19698	14646	37	5	5	29	0.000253756	19704	1	FALSE	N:cds-YP_009724397.2	CAA	Q	AAA	K	39
NC_045512.2	28389	A	T	18007	13004	37	1	1	34	5.54723e-05	18027	0.999998	FALSE	N:cds-YP_009724397.2	CAA	Q	CTA	L	39
NC_045512.2	28389	A	G	18007	13004	37	17	17	36	0.00094303	18027	0.631998	FALSE	N:cds-YP_009724397.2	CAA	Q	CGA	R	39
NC_045512.2	28389	A	C	18007	13004	37	2	2	30	0.000110945	18027	0.99998	FALSE	N:cds-YP_009724397.2	CAA	Q	CCA	P	39
NC_045512.2	28390	A	T	17938	13007	37	1	1	26	5.57383e-05	17941	1	FALSE	N:cds-YP_009724397.2	CAA	Q	CAT	H	39
NC_045512.2	28390	A	G	17938	13007	37	2	1	34	0.000111477	17941	0.999962	FALSE	N:cds-YP_009724397.2	CAA	Q	CAG	Q	39
NC_045512.2	28391	C	T	7808	3468	38	2	0	51	0.000256049	7811	0.249984	FALSE	N:cds-YP_009724397.2	CGT	R	TGT	C	40
NC_045512.2	28391	C	G	7808	3468	38	1	0	34	0.000128025	7811	0.996099	FALSE	N:cds-YP_009724397.2	CGT	R	GGT	G	40
NC_045512.2	28392	G	A	7839	3484	38	3	0	31	0.000382555	7842	0.945391	FALSE	N:cds-YP_009724397.2	CGT	R	CAT	H	40
NC_045512.2	28393	T	G	7840	3533	38	1	0	34	0.000127535	7841	0.996103	FALSE	N:cds-YP_009724397.2	CGT	R	CGG	R	40
NC_045512.2	28394	C	T	7899	3540	38	1	0	34	0.000126582	7900	0.996103	FALSE	N:cds-YP_009724397.2	CGG	R	TGG	W	41
NC_045512.2	28395	G	A	7844	3519	38	1	1	34	0.00012747	7845	0.996103	FALSE	N:cds-YP_009724397.2	CGG	R	CAG	Q	41
NC_045512.2	28396	G	T	8105	3592	38	1	1	34	0.000123335	8108	0.99805	FALSE	N:cds-YP_009724397.2	CGG	R	CGT	R	41
NC_045512.2	28396	G	A	8105	3592	38	2	0	34	0.00024667	8108	0.989277	FALSE	N:cds-YP_009724397.2	CGG	R	CGA	R	41
NC_045512.2	28400	C	G	8106	4005	38	2	0	30	0.00024667	8108	0.989282	FALSE	N:cds-YP_009724397.2	CAA	Q	GAA	E	43
NC_045512.2	28400	C	+A	8106	4005	38	1	0	20	0.000123335	8108	1	FALSE	NA	NA	NA	NA	NA	NA
NC_045512.2	28402	A	C	8306	4259	39	1	1	68	0.00012038	8307	0.50003	FALSE	N:cds-YP_009724397.2	CAA	Q	CAC	H	43
NC_045512.2	28403	G	A	8465	4262	39	1	1	34	0.00011812	8466	0.998052	FALSE	N:cds-YP_009724397.2	GGT	G	AGT	S	44
NC_045512.2	28404	G	T	8494	4277	39	1	1	34	0.000117702	8496	0.998051	FALSE	N:cds-YP_009724397.2	GGT	G	GTT	V	44
NC_045512.2	28404	G	C	8494	4277	39	1	1	34	0.000117702	8496	0.998051	FALSE	N:cds-YP_009724397.2	GGT	G	GCT	A	44
NC_045512.2	28405	T	C	7789	3633	37	1	1	34	0.00012837	7790	0.996103	FALSE	N:cds-YP_009724397.2	GGT	G	GGC	G	44
NC_045512.2	28406	T	C	8639	4537	39	1	1	34	0.000115741	8640	0.998052	FALSE	N:cds-YP_009724397.2	TTA	L	CTA	L	45
NC_045512.2	28410	C	G	9239	5263	40	1	0	34	0.000108202	9242	0.999025	FALSE	N:cds-YP_009724397.2	CCC	P	CGC	R	46
NC_045512.2	28410	C	A	9239	5263	40	2	1	51	0.000216403	9242	0.249986	FALSE	N:cds-YP_009724397.2	CCC	P	CAC	H	46
NC_045512.2	28413	A	T	10016	5587	40	1	0	34	9.98104e-05	10019	0.999513	FALSE	N:cds-YP_009724397.2	AAT	N	ATT	I	47
NC_045512.2	28413	A	G	10016	5587	40	2	2	51	0.000199621	10019	0.249988	FALSE	N:cds-YP_009724397.2	AAT	N	AGT	S	47
NC_045512.2	28414	T	C	9750	5382	39	1	0	68	0.000102543	9752	0.5	FALSE	N:cds-YP_009724397.2	AAT	N	AAC	N	47
NC_045512.2	28414	T	A	9750	5382	39	1	0	26	0.000102543	9752	1	FALSE	N:cds-YP_009724397.2	AAT	N	AAA	K	47
NC_045512.2	28414	T	-A	9750	5382	39	1	0	20	0.000102543	9752	1	FALSE	NA	NA	NA	NA	NA	NA
NC_045512.2	28415	A	G	9878	5764	39	4	2	32	0.000404776	9882	0.95391	FALSE	N:cds-YP_009724397.2	AAT	N	GAT	D	48
NC_045512.2	28416	A	G	10041	5780	39	1	1	26	9.95818e-05	10042	1	FALSE	N:cds-YP_009724397.2	AAT	N	AGT	S	48
NC_045512.2	28417	T	C	10314	6299	40	1	1	34	9.69462e-05	10315	0.999513	FALSE	N:cds-YP_009724397.2	AAT	N	AAC	N	48
NC_045512.2	28418	A	G	10302	6338	39	1	1	34	9.70403e-05	10305	0.999513	FALSE	N:cds-YP_009724397.2	ACT	T	GCT	A	49
NC_045512.2	28418	A	C	10302	6338	39	2	2	30	0.000194081	10305	0.996833	FALSE	N:cds-YP_009724397.2	ACT	T	CCT	P	49
NC_045512.2	28419	C	A	10381	6560	39	1	1	34	9.63206e-05	10382	0.999513	FALSE	N:cds-YP_009724397.2	ACT	T	AAT	N	49
NC_045512.2	28420	T	C	10251	6461	39	3	3	56	0.000292569	10254	0.125	FALSE	N:cds-YP_009724397.2	ACT	T	ACC	T	49
NC_045512.2	28421	G	T	10266	6430	39	1	0	68	9.73899e-05	10268	0.5	FALSE	N:cds-YP_009724397.2	GCG	A	TCG	S	50
NC_045512.2	28421	G	A	10266	6430	39	1	1	34	9.73899e-05	10268	0.999513	FALSE	N:cds-YP_009724397.2	GCG	A	ACG	T	50
NC_045512.2	28423	G	A	10305	6448	40	1	0	68	9.70309e-05	10306	0.500024	FALSE	N:cds-YP_009724397.2	GCG	A	GCA	A	50
NC_045512.2	28425	C	T	10211	6568	39	1	1	68	9.79144e-05	10213	0.5	FALSE	N:cds-YP_009724397.2	TCT	S	TTT	F	51
NC_045512.2	28425	C	A	10211	6568	39	1	1	34	9.79144e-05	10213	0.999513	FALSE	N:cds-YP_009724397.2	TCT	S	TAT	Y	51
NC_045512.2	28426	T	G	10198	6570	39	1	0	34	9.80488e-05	10199	0.999513	FALSE	N:cds-YP_009724397.2	TCT	S	TCG	S	51
NC_045512.2	28427	T	C	10206	6585	39	1	0	34	9.7972e-05	10207	0.999513	FALSE	N:cds-YP_009724397.2	TGG	W	CGG	R	52
NC_045512.2	28428	G	C	10259	6590	39	1	1	34	9.74659e-05	10260	0.999513	FALSE	N:cds-YP_009724397.2	TGG	W	TCG	S	52
NC_045512.2	28430	T	C	10004	6575	38	1	1	34	9.995e-05	10005	0.999513	FALSE	N:cds-YP_009724397.2	TTC	F	CTC	L	53
NC_045512.2	28431	T	C	10157	6769	38	1	0	60	9.84446e-05	10158	0.500025	FALSE	N:cds-YP_009724397.2	TTC	F	TCC	S	53
NC_045512.2	28432	C	A	10145	6788	39	2	2	26	0.000197103	10147	1	FALSE	N:cds-YP_009724397.2	TTC	F	TTA	L	53
NC_045512.2	28433	A	G	9923	6601	39	3	2	31	0.000302237	9926	0.980749	FALSE	N:cds-YP_009724397.2	ACC	T	GCC	A	54
NC_045512.2	28434	C	T	10263	7038	39	2	1	34	0.000194837	10265	0.996835	FALSE	N:cds-YP_009724397.2	ACC	T	ATC	I	54
NC_045512.2	28435	C	T	10225	7027	39	1	1	34	9.77899e-05	10226	0.999513	FALSE	N:cds-YP_009724397.2	ACC	T	ACT	T	54
NC_045512.2	28436	G	A	10192	6983	39	1	1	34	9.81065e-05	10193	0.999513	FALSE	N:cds-YP_009724397.2	GCT	A	ACT	T	55
NC_045512.2	28438	T	C	9175	5800	37	1	1	34	0.00010898	9176	0.999026	FALSE	N:cds-YP_009724397.2	GCT	A	GCC	A	55
NC_045512.2	28439	C	A	10473	7476	39	1	1	26	9.54745e-05	10474	1	FALSE	N:cds-YP_009724397.2	CTC	L	ATC	I	56
NC_045512.2	28440	T	C	10414	7279	39	1	1	34	9.60061e-05	10416	0.999513	FALSE	N:cds-YP_009724397.2	CTC	L	CCC	P	56
NC_045512.2	28440	T	A	10414	7279	39	1	0	24	9.60061e-05	10416	1	FALSE	N:cds-YP_009724397.2	CTC	L	CAC	H	56
NC_045512.2	28441	C	A	11039	7992	40	2	0	26	0.000181143	11041	1	FALSE	N:cds-YP_009724397.2	CTC	L	CTA	L	56
NC_045512.2	28442	A	G	10962	7920	39	3	1	45	0.000273573	10966	0.312483	FALSE	N:cds-YP_009724397.2	ACT	T	GCT	A	57
NC_045512.2	28442	A	C	10962	7920	39	1	1	34	9.1191e-05	10966	0.999512	FALSE	N:cds-YP_009724397.2	ACT	T	CCT	P	57
NC_045512.2	28444	T	C	11028	8025	40	2	2	30	0.000181324	11030	0.998296	FALSE	N:cds-YP_009724397.2	ACT	T	ACC	T	57
NC_045512.2	28445	C	A	11064	8000	39	3	3	30	0.000271076	11067	0.993547	FALSE	N:cds-YP_009724397.2	CAA	Q	AAA	K	58
NC_045512.2	28446	A	G	10618	7598	40	3	3	34	0.000282459	10621	0.988794	FALSE	N:cds-YP_009724397.2	CAA	Q	CGA	R	58
NC_045512.2	28447	A	G	216	162	39	10443	7473	39	0.979735	10659	0	TRUE	N:cds-YP_009724397.2	CAA	Q	CAG	Q	58
NC_045512.2	28449	A	G	10947	8018	40	1	1	34	9.13325e-05	10949	0.999513	FALSE	N:cds-YP_009724397.2	CAT	H	CGT	R	59
NC_045512.2	28449	A	C	10947	8018	40	1	1	34	9.13325e-05	10949	0.999513	FALSE	N:cds-YP_009724397.2	CAT	H	CCT	P	59
NC_045512.2	28450	T	C	10852	7901	40	1	0	68	9.21404e-05	10853	0.500023	FALSE	N:cds-YP_009724397.2	CAT	H	CAC	H	59
NC_045512.2	28451	G	C	10839	7892	40	1	1	34	9.22509e-05	10840	0.999513	FALSE	N:cds-YP_009724397.2	GGC	G	CGC	R	60
NC_045512.2	28452	G	A	10859	7902	40	3	2	40	0.000276192	10862	0.312517	FALSE	N:cds-YP_009724397.2	GGC	G	GAC	D	60
NC_045512.2	28452	G	-C	10859	7902	40	1	0	20	9.20641e-05	10862	1	FALSE	NA	NA	NA	NA	NA	NA
NC_045512.2	28453	C	T	10925	7982	40	2	1	51	0.000183033	10927	0.249989	FALSE	N:cds-YP_009724397.2	GGC	G	GGT	G	60
NC_045512.2	28454	A	G	10716	7744	40	2	2	34	0.000186602	10718	0.996834	FALSE	N:cds-YP_009724397.2	AAG	K	GAG	E	61
NC_045512.2	28455	A	G	10788	7846	40	2	2	51	0.00018534	10791	0.249988	FALSE	N:cds-YP_009724397.2	AAG	K	AGG	R	61
NC_045512.2	28455	A	C	10788	7846	40	1	1	26	9.26698e-05	10791	1	FALSE	N:cds-YP_009724397.2	AAG	K	ACG	T	61
NC_045512.2	28456	G	T	10481	7559	40	2	2	34	0.000190694	10488	0.996827	FALSE	N:cds-YP_009724397.2	AAG	K	AAT	N	61
NC_045512.2	28456	G	C	10481	7559	40	4	4	30	0.000381388	10488	0.971331	FALSE	N:cds-YP_009724397.2	AAG	K	AAC	N	61
NC_045512.2	28456	G	A	10481	7559	40	1	1	34	9.53471e-05	10488	0.999512	FALSE	N:cds-YP_009724397.2	AAG	K	AAA	K	61
NC_045512.2	28457	G	C	10612	7828	40	1	1	34	9.42241e-05	10613	0.999513	FALSE	N:cds-YP_009724397.2	GAA	E	CAA	Q	62
NC_045512.2	28458	A	T	10520	7758	40	1	1	34	9.5039e-05	10522	0.999513	FALSE	N:cds-YP_009724397.2	GAA	E	GTA	V	62
NC_045512.2	28458	A	G	10520	7758	40	1	1	34	9.5039e-05	10522	0.999513	FALSE	N:cds-YP_009724397.2	GAA	E	GGA	G	62
NC_045512.2	28461	A	T	10278	7693	40	1	0	26	9.72763e-05	10280	1	FALSE	N:cds-YP_009724397.2	GAC	D	GTC	V	63
NC_045512.2	28461	A	G	10278	7693	40	1	0	24	9.72763e-05	10280	1	FALSE	N:cds-YP_009724397.2	GAC	D	GGC	G	63
NC_045512.2	28463	C	T	10377	7967	40	1	0	46	9.63577e-05	10378	0.750036	FALSE	N:cds-YP_009724397.2	CTT	L	TTT	F	64
NC_045512.2	28464	T	C	10344	7937	40	5	4	32	0.000482859	10355	0.940721	FALSE	N:cds-YP_009724397.2	CTT	L	CCT	P	64
NC_045512.2	28464	T	A	10344	7937	40	6	5	34	0.00057943	10355	0.89489	FALSE	N:cds-YP_009724397.2	CTT	L	CAT	H	64
NC_045512.2	28468	A	G	10220	8249	38	1	1	34	9.78378e-05	10221	0.999513	FALSE	N:cds-YP_009724397.2	AAA	K	AAG	K	65
NC_045512.2	28469	T	C	10392	8212	39	2	2	40	0.000192419	10394	0.500036	FALSE	N:cds-YP_009724397.2	TTC	F	CTC	L	66
NC_045512.2	28470	T	C	10195	8071	39	1	1	34	9.80777e-05	10196	0.999513	FALSE	N:cds-YP_009724397.2	TTC	F	TCC	S	66
NC_045512.2	28472	C	T	10080	8052	39	1	1	34	9.91965e-05	10081	0.999513	FALSE	N:cds-YP_009724397.2	CCT	P	TCT	S	67
NC_045512.2	28473	C	T	10198	8111	39	1	1	34	9.80488e-05	10199	0.999513	FALSE	N:cds-YP_009724397.2	CCT	P	CTT	L	67
NC_045512.2	28474	T	C	10203	8116	39	2	2	34	0.000195982	10205	0.996835	FALSE	N:cds-YP_009724397.2	CCT	P	CCC	P	67
NC_045512.2	28476	G	C	10448	8467	40	1	1	26	9.57029e-05	10449	1	FALSE	N:cds-YP_009724397.2	CGA	R	CCA	P	68
NC_045512.2	28477	A	G	10488	8508	40	1	1	34	9.53107e-05	10492	0.999512	FALSE	N:cds-YP_009724397.2	CGA	R	CGG	R	68
NC_045512.2	28477	A	C	10488	8508	40	3	3	31	0.000285932	10492	0.988789	FALSE	N:cds-YP_009724397.2	CGA	R	CGC	R	68
NC_045512.2	28478	G	A	10509	8492	40	1	0	68	9.51475e-05	10510	0.500024	FALSE	N:cds-YP_009724397.2	GGA	G	AGA	R	69
NC_045512.2	28479	G	T	10559	8564	40	1	1	26	9.4688e-05	10561	1	FALSE	N:cds-YP_009724397.2	GGA	G	GTA	V	69
NC_045512.2	28479	G	C	10559	8564	40	1	1	34	9.4688e-05	10561	0.999513	FALSE	N:cds-YP_009724397.2	GGA	G	GCA	A	69
NC_045512.2	28480	A	G	10582	8608	40	2	1	51	0.000188964	10584	0.250012	FALSE	N:cds-YP_009724397.2	GGA	G	GGG	G	69
NC_045512.2	28482	A	T	10377	8568	40	1	1	34	9.63484e-05	10379	0.999513	FALSE	N:cds-YP_009724397.2	CAA	Q	CTA	L	70
NC_045512.2	28482	A	G	10377	8568	40	1	1	34	9.63484e-05	10379	0.999513	FALSE	N:cds-YP_009724397.2	CAA	Q	CGA	R	70
NC_045512.2	28483	A	T	10441	8609	40	1	1	34	9.57213e-05	10447	0.999512	FALSE	N:cds-YP_009724397.2	CAA	Q	CAT	H	70
NC_045512.2	28483	A	G	10441	8609	40	3	3	34	0.000287164	10447	0.98878	FALSE	N:cds-YP_009724397.2	CAA	Q	CAG	Q	70
NC_045512.2	28483	A	C	10441	8609	40	2	2	34	0.000191443	10447	0.996828	FALSE	N:cds-YP_009724397.2	CAA	Q	CAC	H	70
NC_045512.2	28484	G	T	10425	8610	40	1	1	34	9.59049e-05	10427	0.999513	FALSE	N:cds-YP_009724397.2	GGC	G	TGC	C	71
NC_045512.2	28484	G	C	10425	8610	40	1	1	34	9.59049e-05	10427	0.999513	FALSE	N:cds-YP_009724397.2	GGC	G	CGC	R	71
NC_045512.2	28485	G	T	10435	8647	40	1	1	34	9.57854e-05	10440	0.999512	FALSE	N:cds-YP_009724397.2	GGC	G	GTC	V	71
NC_045512.2	28485	G	C	10435	8647	40	3	3	31	0.000287356	10440	0.988785	FALSE	N:cds-YP_009724397.2	GGC	G	GCC	A	71
NC_045512.2	28485	G	A	10435	8647	40	1	1	34	9.57854e-05	10440	0.999512	FALSE	N:cds-YP_009724397.2	GGC	G	GAC	D	71
NC_045512.2	28486	C	T	10566	8983	40	1	1	68	9.46074e-05	10570	0.499953	FALSE	N:cds-YP_009724397.2	GGC	G	GGT	G	71
NC_045512.2	28486	C	A	10566	8983	40	3	3	34	0.000283822	10570	0.988789	FALSE	N:cds-YP_009724397.2	GGC	G	GGA	G	71
NC_045512.2	28487	G	T	10188	8579	40	2	2	34	0.000196213	10193	0.99683	FALSE	N:cds-YP_009724397.2	GTT	V	TTT	F	72
NC_045512.2	28487	G	C	10188	8579	40	3	3	31	0.00029432	10193	0.988785	FALSE	N:cds-YP_009724397.2	GTT	V	CTT	L	72
NC_045512.2	28489	T	C	10610	9121	41	1	1	26	9.42418e-05	10611	1	FALSE	N:cds-YP_009724397.2	GTT	V	GTC	V	72
NC_045512.2	28490	C	G	10502	9016	41	1	0	34	9.52109e-05	10503	0.999513	FALSE	N:cds-YP_009724397.2	CCA	P	GCA	A	73
NC_045512.2	28491	C	A	10525	9041	41	2	1	60	0.000189988	10527	0.250012	FALSE	N:cds-YP_009724397.2	CCA	P	CAA	Q	73
NC_045512.2	28492	A	T	10019	8559	40	2	2	34	0.000199541	10023	0.996832	FALSE	N:cds-YP_009724397.2	CCA	P	CCT	P	73
NC_045512.2	28492	A	G	10019	8559	40	2	2	34	0.000199541	10023	0.996832	FALSE	N:cds-YP_009724397.2	CCA	P	CCG	P	73
NC_045512.2	28494	T	C	9927	8458	40	3	3	34	0.000302115	9930	0.980749	FALSE	N:cds-YP_009724397.2	ATT	I	ACT	T	74
NC_045512.2	28495	T	C	9753	8293	40	1	1	34	0.000102512	9755	0.999026	FALSE	N:cds-YP_009724397.2	ATT	I	ATC	I	74
NC_045512.2	28495	T	A	9753	8293	40	1	1	27	0.000102512	9755	1	FALSE	N:cds-YP_009724397.2	ATT	I	ATA	I	74
NC_045512.2	28495	T	-A	9753	8293	40	1	0	20	0.000102512	9755	1	FALSE	NA	NA	NA	NA	NA	NA
NC_045512.2	28496	A	G	10147	8697	40	2	2	34	0.000197064	10149	0.996833	FALSE	N:cds-YP_009724397.2	AAC	N	GAC	D	75
NC_045512.2	28497	A	G	10076	8760	39	3	2	34	0.000297649	10079	0.988795	FALSE	N:cds-YP_009724397.2	AAC	N	AGC	S	75
NC_045512.2	28498	C	T	10150	8839	40	1	1	34	9.85028e-05	10152	0.999513	FALSE	N:cds-YP_009724397.2	AAC	N	AAT	N	75
NC_045512.2	28498	C	A	10150	8839	40	1	1	34	9.85028e-05	10152	0.999513	FALSE	N:cds-YP_009724397.2	AAC	N	AAA	K	75
NC_045512.2	28499	A	G	9992	8683	40	1	1	68	0.00010007	9993	0.500025	FALSE	N:cds-YP_009724397.2	ACC	T	GCC	A	76
NC_045512.2	28500	C	A	10044	8739	40	2	2	30	0.000199084	10046	0.996835	FALSE	N:cds-YP_009724397.2	ACC	T	AAC	N	76
NC_045512.2	28501	C	T	9728	8427	40	1	1	34	0.000102775	9730	0.999026	FALSE	N:cds-YP_009724397.2	ACC	T	ACT	T	76
NC_045512.2	28501	C	A	9728	8427	40	1	0	68	0.000102775	9730	0.5	FALSE	N:cds-YP_009724397.2	ACC	T	ACA	T	76
NC_045512.2	28502	A	G	9347	8052	40	1	1	24	0.000106975	9348	1	FALSE	N:cds-YP_009724397.2	AAT	N	GAT	D	77
NC_045512.2	28503	A	G	9317	8069	40	3	2	42	0.000321888	9320	0.125	FALSE	N:cds-YP_009724397.2	AAT	N	AGT	S	77
NC_045512.2	28504	T	C	9067	7884	39	7	7	32	0.00077135	9075	0.772852	FALSE	N:cds-YP_009724397.2	AAT	N	AAC	N	77
NC_045512.2	28504	T	A	9067	7884	39	1	1	26	0.000110193	9075	1	FALSE	N:cds-YP_009724397.2	AAT	N	AAA	K	77
NC_045512.2	28507	C	A	8921	7766	40	5	5	32	0.000560161	8926	0.866709	FALSE	N:cds-YP_009724397.2	AGC	S	AGA	R	78
NC_045512.2	28508	A	G	8261	7133	40	1	1	34	0.000121036	8262	0.998052	FALSE	N:cds-YP_009724397.2	AGT	S	GGT	G	79
NC_045512.2	28509	G	T	8272	7155	40	2	2	30	0.000241692	8275	0.989276	FALSE	N:cds-YP_009724397.2	AGT	S	ATT	I	79
NC_045512.2	28509	G	C	8272	7155	40	1	1	27	0.000120846	8275	1	FALSE	N:cds-YP_009724397.2	AGT	S	ACT	T	79
NC_045512.2	28510	T	C	8143	7089	40	1	1	34	0.00012279	8144	0.998052	FALSE	N:cds-YP_009724397.2	AGT	S	AGC	S	79
NC_045512.2	28511	C	T	8014	7158	39	1	1	34	0.000124766	8015	0.998052	FALSE	N:cds-YP_009724397.2	CCA	P	TCA	S	80
NC_045512.2	28512	C	G	7991	7150	39	1	0	68	0.000125125	7992	0.500031	FALSE	N:cds-YP_009724397.2	CCA	P	CGA	R	80
NC_045512.2	28513	A	G	7774	6928	39	2	1	29	0.000257169	7777	1	FALSE	N:cds-YP_009724397.2	CCA	P	CCG	P	80
NC_045512.2	28513	A	C	7774	6928	39	1	1	34	0.000128584	7777	0.996099	FALSE	N:cds-YP_009724397.2	CCA	P	CCC	P	80
NC_045512.2	28515	A	C	7681	6953	38	1	1	34	0.000130174	7682	0.996103	FALSE	N:cds-YP_009724397.2	GAT	D	GCT	A	81
NC_045512.2	28518	A	G	6760	6073	38	1	0	34	0.000147907	6761	0.992204	FALSE	N:cds-YP_009724397.2	GAC	D	GGC	G	82
NC_045512.2	28519	C	T	6752	6069	38	1	1	34	0.000148082	6753	0.992204	FALSE	N:cds-YP_009724397.2	GAC	D	GAT	D	82
NC_045512.2	28520	C	A	6690	6014	38	1	1	34	0.000149454	6691	0.992204	FALSE	N:cds-YP_009724397.2	CAA	Q	AAA	K	83
NC_045512.2	28521	A	G	6634	5951	38	2	1	51	0.000301386	6636	0.250019	FALSE	N:cds-YP_009724397.2	CAA	Q	CGA	R	83
NC_045512.2	28522	A	C	6634	5987	38	1	1	26	0.000150716	6635	1	FALSE	N:cds-YP_009724397.2	CAA	Q	CAC	H	83
NC_045512.2	28524	T	C	6538	5903	38	1	0	68	0.000152929	6539	0.500038	FALSE	N:cds-YP_009724397.2	ATT	I	ACT	T	84
NC_045512.2	28525	T	C	6500	5898	37	3	2	56	0.000461326	6503	0.125	FALSE	N:cds-YP_009724397.2	ATT	I	ATC	I	84
NC_045512.2	28527	G	A	6474	5880	38	1	0	68	0.00015444	6475	0.500039	FALSE	N:cds-YP_009724397.2	GGC	G	GAC	D	85
NC_045512.2	28530	A	T	6303	5741	38	2	2	30	0.000317108	6307	0.96487	FALSE	N:cds-YP_009724397.2	TAC	Y	TTC	F	86
NC_045512.2	28530	A	G	6303	5741	38	1	1	34	0.000158554	6307	0.992192	FALSE	N:cds-YP_009724397.2	TAC	Y	TGC	C	86
NC_045512.2	28530	A	C	6303	5741	38	1	1	34	0.000158554	6307	0.992192	FALSE	N:cds-YP_009724397.2	TAC	Y	TCC	S	86
NC_045512.2	28531	C	G	6335	5784	38	1	1	34	0.000157828	6336	0.992205	FALSE	N:cds-YP_009724397.2	TAC	Y	TAG	*	86
NC_045512.2	28534	C	A	6227	5688	37	1	1	34	0.000160565	6228	0.992205	FALSE	N:cds-YP_009724397.2	TAC	Y	TAA	*	87
NC_045512.2	28537	A	G	5652	5153	37	1	1	34	0.000176897	5653	0.984404	FALSE	N:cds-YP_009724397.2	CGA	R	CGG	R	88
NC_045512.2	28538	A	C	5610	5184	37	1	1	34	0.000178221	5611	0.984404	FALSE	N:cds-YP_009724397.2	AGA	R	CGA	R	89
NC_045512.2	28540	A	T	4993	4609	37	1	1	26	0.00020008	4998	1	FALSE	N:cds-YP_009724397.2	AGA	R	AGT	S	89
NC_045512.2	28540	A	G	4993	4609	37	1	1	24	0.00020008	4998	1	FALSE	N:cds-YP_009724397.2	AGA	R	AGG	R	89
NC_045512.2	28540	A	C	4993	4609	37	3	3	31	0.00060024	4998	0.773438	FALSE	N:cds-YP_009724397.2	AGA	R	AGC	S	89
NC_045512.2	28541	G	T	10385	4749	35	1	0	26	9.62835e-05	10386	1	FALSE	N:cds-YP_009724397.2	GCT	A	TCT	S	90
NC_045512.2	28545	C	T	9894	4328	36	1	1	34	0.000101061	9895	0.999026	FALSE	N:cds-YP_009724397.2	ACC	T	ATC	I	91
NC_045512.2	28546	C	T	9797	4292	36	1	1	34	0.000102051	9799	0.999026	FALSE	N:cds-YP_009724397.2	ACC	T	ACT	T	91
NC_045512.2	28546	C	A	9797	4292	36	1	0	34	0.000102051	9799	0.999026	FALSE	N:cds-YP_009724397.2	ACC	T	ACA	T	91
NC_045512.2	28548	G	T	9739	4036	36	2	1	30	0.000205318	9741	0.994154	FALSE	N:cds-YP_009724397.2	AGA	R	ATA	I	92
NC_045512.2	28549	A	T	6839	4041	35	16	0	29	0.00233406	6855	1	FALSE	N:cds-YP_009724397.2	AGA	R	AGT	S	92
NC_045512.2	28550	C	G	9478	3786	36	111	103	37	0.0115758	9589	6.55442e-24	TRUE	N:cds-YP_009724397.2	CGA	R	GGA	G	93
NC_045512.2	28551	G	C	9408	3754	36	1	0	34	0.000106281	9409	0.999026	FALSE	N:cds-YP_009724397.2	CGA	R	CCA	P	93
NC_045512.2	28552	A	G	9617	3741	36	3	1	34	0.00031185	9620	0.980751	FALSE	N:cds-YP_009724397.2	CGA	R	CGG	R	93
NC_045512.2	28553	A	G	9577	3737	36	3	1	34	0.000313152	9580	0.980751	FALSE	N:cds-YP_009724397.2	ATT	I	GTT	V	94
NC_045512.2	28555	T	C	9546	3712	36	1	1	26	0.000104745	9547	1	FALSE	N:cds-YP_009724397.2	ATT	I	ATC	I	94
NC_045512.2	28556	C	T	9546	3681	36	3	0	34	0.000313873	9558	0.980675	FALSE	N:cds-YP_009724397.2	CGT	R	TGT	C	95
NC_045512.2	28556	C	G	9546	3681	36	5	0	30	0.000523122	9558	0.910105	FALSE	N:cds-YP_009724397.2	CGT	R	GGT	G	95
NC_045512.2	28556	C	A	9546	3681	36	4	1	30	0.000418498	9558	0.953784	FALSE	N:cds-YP_009724397.2	CGT	R	AGT	S	95
NC_045512.2	28558	T	A	9270	3454	36	1	0	34	0.000107863	9271	0.999026	FALSE	N:cds-YP_009724397.2	CGT	R	CGA	R	95
NC_045512.2	28559	G	T	9487	3505	36	1	1	34	0.000105385	9489	0.999026	FALSE	N:cds-YP_009724397.2	GGT	G	TGT	C	96
NC_045512.2	28559	G	C	9487	3505	36	1	1	26	0.000105385	9489	1	FALSE	N:cds-YP_009724397.2	GGT	G	CGT	R	96
NC_045512.2	28561	T	G	9124	3211	37	2	0	30	0.000219154	9126	0.994155	FALSE	N:cds-YP_009724397.2	GGT	G	GGG	G	96
NC_045512.2	28562	G	T	9301	3199	37	2	2	34	0.000214984	9303	0.994155	FALSE	N:cds-YP_009724397.2	GGT	G	TGT	C	97
NC_045512.2	28566	A	G	8874	2945	36	2	0	29	0.000225327	8876	1	FALSE	N:cds-YP_009724397.2	GAC	D	GGC	G	98
NC_045512.2	28567	C	T	9182	3012	37	8	6	34	0.000870511	9190	0.685632	FALSE	N:cds-YP_009724397.2	GAC	D	GAT	D	98
NC_045512.2	28570	T	C	6732	706	38	2	0	34	0.000297	6734	0.964901	FALSE	N:cds-YP_009724397.2	GGT	G	GGC	G	99
NC_045512.2	28571	A	G	6764	749	38	1	0	34	0.00014782	6765	0.992204	FALSE	N:cds-YP_009724397.2	AAA	K	GAA	E	100
NC_045512.2	28572	A	G	6797	757	39	1	0	27	0.000147102	6798	1	FALSE	N:cds-YP_009724397.2	AAA	K	AGA	R	100
NC_045512.2	28578	A	G	6892	865	39	1	0	26	0.000145075	6893	1	FALSE	N:cds-YP_009724397.2	AAA	K	AGA	R	102
NC_045512.2	28580	G	T	6950	863	40	1	0	34	0.000143843	6952	0.992199	FALSE	N:cds-YP_009724397.2	GAT	D	TAT	Y	103
NC_045512.2	28580	G	A	6950	863	40	1	0	34	0.000143843	6952	0.992199	FALSE	N:cds-YP_009724397.2	GAT	D	AAT	N	103
NC_045512.2	28581	A	G	6808	888	39	1	0	34	0.000146864	6809	0.992204	FALSE	N:cds-YP_009724397.2	GAT	D	GGT	G	103
NC_045512.2	28582	T	G	7043	857	39	2	0	26	0.000283809	7047	1	FALSE	N:cds-YP_009724397.2	GAT	D	GAG	E	103
NC_045512.2	28582	T	C	7043	857	39	1	0	68	0.000141904	7047	0.499929	FALSE	N:cds-YP_009724397.2	GAT	D	GAC	D	103
NC_045512.2	28582	T	A	7043	857	39	1	0	24	0.000141904	7047	1	FALSE	N:cds-YP_009724397.2	GAT	D	GAA	E	103
NC_045512.2	28586	A	G	7124	947	40	1	0	34	0.000140351	7125	0.996104	FALSE	N:cds-YP_009724397.2	AGT	S	GGT	G	105
NC_045512.2	28587	G	A	7889	969	40	1	0	34	0.000126743	7890	0.996103	FALSE	N:cds-YP_009724397.2	AGT	S	AAT	N	105
NC_045512.2	28592	A	G	7925	999	40	2	0	30	0.000252302	7927	0.980504	FALSE	N:cds-YP_009724397.2	AGA	R	GGA	G	107
NC_045512.2	28594	A	T	6746	1188	39	2	0	30	0.000296296	6750	0.964868	FALSE	N:cds-YP_009724397.2	AGA	R	AGT	S	107
NC_045512.2	28594	A	G	6746	1188	39	1	0	34	0.000148148	6750	0.992192	FALSE	N:cds-YP_009724397.2	AGA	R	AGG	R	107
NC_045512.2	28594	A	C	6746	1188	39	1	1	27	0.000148148	6750	1	FALSE	N:cds-YP_009724397.2	AGA	R	AGC	S	107
NC_045512.2	28596	G	T	8209	1227	41	1	0	34	0.000121803	8210	0.998052	FALSE	N:cds-YP_009724397.2	TGG	W	TTG	L	108
NC_045512.2	28597	G	T	8520	1249	41	1	0	34	0.000117357	8521	0.998052	FALSE	N:cds-YP_009724397.2	TGG	W	TGT	C	108
NC_045512.2	28598	T	C	8484	1262	41	1	0	34	0.000117855	8485	0.998052	FALSE	N:cds-YP_009724397.2	TAT	Y	CAT	H	109
NC_045512.2	28599	A	C	8522	1282	41	1	1	34	0.00011733	8523	0.998052	FALSE	N:cds-YP_009724397.2	TAT	Y	TCT	S	109
NC_045512.2	28601	T	G	8697	1291	41	1	0	26	0.000114956	8699	1	FALSE	N:cds-YP_009724397.2	TTC	F	GTC	V	110
NC_045512.2	28601	T	A	8697	1291	41	1	0	34	0.000114956	8699	0.998051	FALSE	N:cds-YP_009724397.2	TTC	F	ATC	I	110
NC_045512.2	28602	T	C	8761	1282	41	2	0	34	0.000228232	8763	0.98928	FALSE	N:cds-YP_009724397.2	TTC	F	TCC	S	110
NC_045512.2	28604	T	C	8882	1359	42	1	0	68	0.000112575	8883	0.500028	FALSE	N:cds-YP_009724397.2	TAC	Y	CAC	H	111
NC_045512.2	28605	A	G	8858	1362	42	2	0	51	0.000225734	8860	0.250014	FALSE	N:cds-YP_009724397.2	TAC	Y	TGC	C	111
NC_045512.2	28608	A	T	9275	1403	41	1	0	34	0.000107793	9277	0.999026	FALSE	N:cds-YP_009724397.2	TAC	Y	TTC	F	112
NC_045512.2	28608	A	G	9275	1403	41	1	0	34	0.000107793	9277	0.999026	FALSE	N:cds-YP_009724397.2	TAC	Y	TGC	C	112
NC_045512.2	28609	C	T	9972	1419	41	1	0	60	0.000100271	9973	0.500025	FALSE	N:cds-YP_009724397.2	TAC	Y	TAT	Y	112
NC_045512.2	28610	C	A	9946	1442	41	1	0	34	0.000100533	9947	0.999026	FALSE	N:cds-YP_009724397.2	CTA	L	ATA	I	113
NC_045512.2	28611	T	C	9964	1465	41	1	1	68	0.000100351	9965	0.500025	FALSE	N:cds-YP_009724397.2	CTA	L	CCA	P	113
NC_045512.2	28614	G	C	10085	1463	41	1	1	27	9.91473e-05	10086	1	FALSE	N:cds-YP_009724397.2	GGA	G	GCA	A	114
NC_045512.2	28615	A	G	10127	1490	41	2	0	34	0.000197453	10129	0.996835	FALSE	N:cds-YP_009724397.2	GGA	G	GGG	G	114
NC_045512.2	28616	A	G	9966	1534	41	1	0	34	0.000100331	9967	0.999026	FALSE	N:cds-YP_009724397.2	ACT	T	GCT	A	115
NC_045512.2	28617	C	T	10105	1547	42	1	0	34	9.89315e-05	10108	0.999513	FALSE	N:cds-YP_009724397.2	ACT	T	ATT	I	115
NC_045512.2	28617	C	G	10105	1547	42	2	0	34	0.000197863	10108	0.996833	FALSE	N:cds-YP_009724397.2	ACT	T	AGT	S	115
NC_045512.2	28619	G	A	10187	1542	42	1	0	34	9.81547e-05	10188	0.999513	FALSE	N:cds-YP_009724397.2	GGG	G	AGG	R	116
NC_045512.2	28621	G	C	10298	1555	42	1	1	27	9.70874e-05	10300	1	FALSE	N:cds-YP_009724397.2	GGG	G	GGC	G	116
NC_045512.2	28621	G	A	10298	1555	42	1	1	68	9.70874e-05	10300	0.5	FALSE	N:cds-YP_009724397.2	GGG	G	GGA	G	116
NC_045512.2	28622	C	T	9900	1650	41	2	1	51	0.000201959	9903	0.249987	FALSE	N:cds-YP_009724397.2	CCA	P	TCA	S	117
NC_045512.2	28622	C	A	9900	1650	41	1	1	34	0.00010098	9903	0.999025	FALSE	N:cds-YP_009724397.2	CCA	P	ACA	T	117
NC_045512.2	28624	A	G	9766	1650	41	2	0	30	0.00020475	9768	0.994154	FALSE	N:cds-YP_009724397.2	CCA	P	CCG	P	117
NC_045512.2	28626	A	T	8830	1801	39	1	0	34	0.000113212	8833	0.99805	FALSE	N:cds-YP_009724397.2	GAA	E	GTA	V	118
NC_045512.2	28626	A	G	8830	1801	39	2	0	30	0.000226424	8833	0.989275	FALSE	N:cds-YP_009724397.2	GAA	E	GGA	G	118
NC_045512.2	28627	A	G	9035	1973	40	4	0	30	0.000442527	9039	0.953935	FALSE	N:cds-YP_009724397.2	GAA	E	GAG	E	118
NC_045512.2	28629	C	T	8317	2187	39	2	0	34	0.000240414	8319	0.989282	FALSE	N:cds-YP_009724397.2	GCT	A	GTT	V	119
NC_045512.2	28630	T	G	8239	2190	40	1	0	68	0.000120584	8293	0.498427	FALSE	N:cds-YP_009724397.2	GCT	A	GCG	A	119
NC_045512.2	28630	T	C	8239	2190	40	52	9	40	0.00627035	8293	2.04286e-16	TRUE	N:cds-YP_009724397.2	GCT	A	GCC	A	119
NC_045512.2	28630	T	A	8239	2190	40	1	0	34	0.000120584	8293	0.997995	FALSE	N:cds-YP_009724397.2	GCT	A	GCA	A	119
NC_045512.2	28631	G	T	8357	2184	39	1	0	34	0.000119632	8359	0.998051	FALSE	N:cds-YP_009724397.2	GGA	G	TGA	*	120
NC_045512.2	28631	G	A	8357	2184	39	1	0	68	0.000119632	8359	0.5	FALSE	N:cds-YP_009724397.2	GGA	G	AGA	R	120
NC_045512.2	28633	A	G	8432	2287	40	2	1	51	0.000237135	8434	0.250015	FALSE	N:cds-YP_009724397.2	GGA	G	GGG	G	120
NC_045512.2	28634	C	A	7827	2537	39	1	0	68	0.000127747	7828	0.500032	FALSE	N:cds-YP_009724397.2	CTT	L	ATT	I	121
NC_045512.2	28636	T	G	8796	2587	38	1	0	34	0.000113662	8798	0.998051	FALSE	N:cds-YP_009724397.2	CTT	L	CTG	L	121
NC_045512.2	28636	T	C	8796	2587	38	1	0	34	0.000113662	8798	0.998051	FALSE	N:cds-YP_009724397.2	CTT	L	CTC	L	121
NC_045512.2	28637	C	A	8875	2609	39	1	0	34	0.000112663	8876	0.998052	FALSE	N:cds-YP_009724397.2	CCC	P	ACC	T	122
NC_045512.2	28638	C	G	8805	2626	38	2	0	34	0.000227092	8807	0.98928	FALSE	N:cds-YP_009724397.2	CCC	P	CGC	R	122
NC_045512.2	28639	C	G	8692	2698	38	1	0	34	0.000115009	8695	0.99805	FALSE	N:cds-YP_009724397.2	CCC	P	CCG	P	122
NC_045512.2	28639	C	A	8692	2698	38	2	1	30	0.000230017	8695	0.989275	FALSE	N:cds-YP_009724397.2	CCC	P	CCA	P	122
NC_045512.2	28640	T	G	8648	2679	38	1	0	34	0.00011562	8649	0.998052	FALSE	N:cds-YP_009724397.2	TAT	Y	GAT	D	123
NC_045512.2	28641	A	T	8659	2709	38	1	0	34	0.000115473	8660	0.998052	FALSE	N:cds-YP_009724397.2	TAT	Y	TTT	F	123
NC_045512.2	28644	G	T	8669	2832	38	1	0	68	0.000115327	8671	0.5	FALSE	N:cds-YP_009724397.2	GGT	G	GTT	V	124
NC_045512.2	28644	G	A	8669	2832	38	1	0	34	0.000115327	8671	0.998051	FALSE	N:cds-YP_009724397.2	GGT	G	GAT	D	124
NC_045512.2	28646	G	A	8298	2468	38	1	0	34	0.000120496	8299	0.998052	FALSE	N:cds-YP_009724397.2	GCT	A	ACT	T	125
NC_045512.2	28649	A	T	8187	2473	37	1	0	34	0.000122115	8189	0.998051	FALSE	N:cds-YP_009724397.2	AAC	N	TAC	Y	126
NC_045512.2	28649	A	G	8187	2473	37	1	0	34	0.000122115	8189	0.998051	FALSE	N:cds-YP_009724397.2	AAC	N	GAC	D	126
NC_045512.2	28651	C	T	8349	2495	38	1	0	34	0.00011976	8350	0.998052	FALSE	N:cds-YP_009724397.2	AAC	N	AAT	N	126
NC_045512.2	28652	A	T	8214	2460	37	1	0	26	0.000121699	8217	1	FALSE	N:cds-YP_009724397.2	AAA	K	TAA	*	127
NC_045512.2	28652	A	G	8214	2460	37	2	0	34	0.000243398	8217	0.989277	FALSE	N:cds-YP_009724397.2	AAA	K	GAA	E	127
NC_045512.2	28653	A	T	8190	2480	38	1	1	34	0.000122085	8191	0.998052	FALSE	N:cds-YP_009724397.2	AAA	K	ATA	I	127
NC_045512.2	28656	A	G	7879	2703	37	2	0	34	0.000253743	7882	0.980496	FALSE	N:cds-YP_009724397.2	GAC	D	GGC	G	128
NC_045512.2	28656	A	C	7879	2703	37	1	1	27	0.000126871	7882	1	FALSE	N:cds-YP_009724397.2	GAC	D	GCC	A	128
NC_045512.2	28659	G	T	8246	2625	38	1	0	26	0.000121197	8251	1	FALSE	N:cds-YP_009724397.2	GGC	G	GTC	V	129
NC_045512.2	28659	G	C	8246	2625	38	1	0	34	0.000121197	8251	0.998048	FALSE	N:cds-YP_009724397.2	GGC	G	GCC	A	129
NC_045512.2	28659	G	A	8246	2625	38	3	0	34	0.000363592	8251	0.967314	FALSE	N:cds-YP_009724397.2	GGC	G	GAC	D	129
NC_045512.2	28660	C	T	7080	2681	36	1	1	34	0.000141223	7081	0.996104	FALSE	N:cds-YP_009724397.2	GGC	G	GGT	G	129
NC_045512.2	28662	T	C	8436	2658	38	1	0	34	0.000118526	8437	0.998052	FALSE	N:cds-YP_009724397.2	ATC	I	ACC	T	130
NC_045512.2	28663	C	T	8613	2688	38	1	0	34	0.00011609	8614	0.998052	FALSE	N:cds-YP_009724397.2	ATC	I	ATT	I	130
NC_045512.2	28664	A	T	8298	2699	37	1	0	26	0.000120482	8300	1	FALSE	N:cds-YP_009724397.2	ATA	I	TTA	L	131
NC_045512.2	28664	A	G	8298	2699	37	1	0	34	0.000120482	8300	0.998051	FALSE	N:cds-YP_009724397.2	ATA	I	GTA	V	131
NC_045512.2	28666	A	T	7775	2737	37	2	0	26	0.00025697	7783	1	FALSE	N:cds-YP_009724397.2	ATA	I	ATT	I	131
NC_045512.2	28666	A	G	7775	2737	37	6	0	30	0.000770911	7783	0.709473	FALSE	N:cds-YP_009724397.2	ATA	I	ATG	M	131
NC_045512.2	28667	T	C	8626	2759	38	1	0	34	0.000115915	8627	0.998052	FALSE	N:cds-YP_009724397.2	TGG	W	CGG	R	132
NC_045512.2	28668	G	C	8424	2624	38	1	1	34	0.00011868	8426	0.998051	FALSE	N:cds-YP_009724397.2	TGG	W	TCG	S	132
NC_045512.2	28668	G	A	8424	2624	38	1	0	34	0.00011868	8426	0.998051	FALSE	N:cds-YP_009724397.2	TGG	W	TAG	*	132
NC_045512.2	28669	G	T	8675	2630	38	1	0	26	0.000115247	8677	1	FALSE	N:cds-YP_009724397.2	TGG	W	TGT	C	132
NC_045512.2	28669	G	A	8675	2630	38	1	0	34	0.000115247	8677	0.998051	FALSE	N:cds-YP_009724397.2	TGG	W	TGA	*	132
NC_045512.2	28670	G	T	8646	2580	37	1	0	24	0.000115607	8650	1	FALSE	N:cds-YP_009724397.2	GTT	V	TTT	F	133
NC_045512.2	28670	G	A	8646	2580	37	3	2	34	0.000346821	8650	0.967327	FALSE	N:cds-YP_009724397.2	GTT	V	ATT	I	133
NC_045512.2	28671	T	C	9032	3127	39	1	1	34	0.000110705	9033	0.999026	FALSE	N:cds-YP_009724397.2	GTT	V	GCT	A	133
NC_045512.2	28673	G	C	9181	3374	39	1	1	34	0.000108885	9184	0.999025	FALSE	N:cds-YP_009724397.2	GCA	A	CCA	P	134
NC_045512.2	28673	G	A	9181	3374	39	2	0	34	0.00021777	9184	0.994152	FALSE	N:cds-YP_009724397.2	GCA	A	ACA	T	134
NC_045512.2	28674	C	T	9236	3404	39	11	5	47	0.00118945	9248	0.00048683	TRUE	N:cds-YP_009724397.2	GCA	A	GTA	V	134
NC_045512.2	28674	C	G	9236	3404	39	1	0	34	0.000108131	9248	0.999021	FALSE	N:cds-YP_009724397.2	GCA	A	GGA	G	134
NC_045512.2	28675	A	G	9286	3379	39	2	2	34	0.000215332	9288	0.994155	FALSE	N:cds-YP_009724397.2	GCA	A	GCG	A	134
NC_045512.2	28676	A	T	9318	3393	39	1	1	34	0.000107296	9320	0.999026	FALSE	N:cds-YP_009724397.2	ACT	T	TCT	S	135
NC_045512.2	28676	A	G	9318	3393	39	1	0	34	0.000107296	9320	0.999026	FALSE	N:cds-YP_009724397.2	ACT	T	GCT	A	135
NC_045512.2	28678	T	C	9098	3195	39	1	0	26	0.000109902	9099	1	FALSE	N:cds-YP_009724397.2	ACT	T	ACC	T	135
NC_045512.2	28680	A	G	9164	3255	39	1	0	34	0.000109099	9166	0.999026	FALSE	N:cds-YP_009724397.2	GAG	E	GGG	G	136
NC_045512.2	28680	A	C	9164	3255	39	1	1	34	0.000109099	9166	0.999026	FALSE	N:cds-YP_009724397.2	GAG	E	GCG	A	136
NC_045512.2	28681	G	T	9131	3205	39	1	0	60	0.000109505	9132	0.500027	FALSE	N:cds-YP_009724397.2	GAG	E	GAT	D	136
NC_045512.2	28685	G	C	9437	3212	38	2	2	30	0.000211887	9439	0.994155	FALSE	N:cds-YP_009724397.2	GCC	A	CCC	P	138
NC_045512.2	28686	C	T	9415	3260	39	1	1	34	0.000106202	9416	0.999026	FALSE	N:cds-YP_009724397.2	GCC	A	GTC	V	138
NC_045512.2	28687	C	T	9134	3409	39	1	1	26	0.000109469	9135	1	FALSE	N:cds-YP_009724397.2	GCC	A	GCT	A	138
NC_045512.2	28688	T	G	9091	3383	39	1	1	34	0.000109938	9096	0.999024	FALSE	N:cds-YP_009724397.2	TTG	L	GTG	V	139
NC_045512.2	28688	T	C	9091	3383	39	1	0	34	0.000109938	9096	0.999024	FALSE	N:cds-YP_009724397.2	TTG	L	CTG	L	139
NC_045512.2	28688	T	A	9091	3383	39	3	0	42	0.000329815	9096	0.124959	FALSE	N:cds-YP_009724397.2	TTG	L	ATG	M	139
NC_045512.2	28689	T	G	9048	3401	38	1	0	34	0.000110497	9050	0.999026	FALSE	N:cds-YP_009724397.2	TTG	L	TGG	W	139
NC_045512.2	28689	T	C	9048	3401	38	1	1	34	0.000110497	9050	0.999026	FALSE	N:cds-YP_009724397.2	TTG	L	TCG	S	139
NC_045512.2	28690	G	T	9199	3421	39	1	1	34	0.000108696	9200	0.999026	FALSE	N:cds-YP_009724397.2	TTG	L	TTT	F	139
NC_045512.2	28691	A	G	9249	3496	39	2	0	26	0.000216193	9251	1	FALSE	N:cds-YP_009724397.2	AAT	N	GAT	D	140
NC_045512.2	28693	T	G	9242	3563	39	1	0	27	0.000108178	9244	1	FALSE	N:cds-YP_009724397.2	AAT	N	AAG	K	140
NC_045512.2	28693	T	C	9242	3563	39	1	1	26	0.000108178	9244	1	FALSE	N:cds-YP_009724397.2	AAT	N	AAC	N	140
NC_045512.2	28694	A	T	8453	3125	38	1	0	26	0.000118273	8455	1	FALSE	N:cds-YP_009724397.2	ACA	T	TCA	S	141
NC_045512.2	28694	A	G	8453	3125	38	1	0	34	0.000118273	8455	0.998051	FALSE	N:cds-YP_009724397.2	ACA	T	GCA	A	141
NC_045512.2	28695	C	T	8901	3200	39	1	1	26	0.000112334	8902	1	FALSE	N:cds-YP_009724397.2	ACA	T	ATA	I	141
NC_045512.2	28696	A	G	9006	3504	39	1	0	24	0.000111025	9007	1	FALSE	N:cds-YP_009724397.2	ACA	T	ACG	T	141
NC_045512.2	28697	C	T	8837	3560	39	1	0	34	0.000113148	8838	0.998052	FALSE	N:cds-YP_009724397.2	CCA	P	TCA	S	142
NC_045512.2	28698	C	-A	8842	3636	39	2	0	20	0.000226193	8842	1	FALSE	NA	NA	NA	NA	NA	NA
NC_045512.2	28699	A	G	8784	3538	39	4	4	32	0.000455166	8788	0.927043	FALSE	N:cds-YP_009724397.2	CCA	P	CCG	P	142
NC_045512.2	28700	A	G	8454	3575	38	2	1	51	0.000236518	8456	0.250015	FALSE	N:cds-YP_009724397.2	AAA	K	GAA	E	143
NC_045512.2	28702	A	C	9025	3987	40	1	1	34	0.000110791	9026	0.999026	FALSE	N:cds-YP_009724397.2	AAA	K	AAC	N	143
NC_045512.2	28703	G	T	9048	4008	40	1	0	34	0.000110509	9049	0.999026	FALSE	N:cds-YP_009724397.2	GAT	D	TAT	Y	144
NC_045512.2	28705	T	C	8897	3958	39	1	1	34	0.000112385	8898	0.998052	FALSE	N:cds-YP_009724397.2	GAT	D	GAC	D	144
NC_045512.2	28707	A	G	9095	4245	40	2	2	51	0.000219853	9097	0.250014	FALSE	N:cds-YP_009724397.2	CAC	H	CGC	R	145
NC_045512.2	28708	C	A	9003	4388	40	1	0	34	0.000111062	9004	0.999026	FALSE	N:cds-YP_009724397.2	CAC	H	CAA	Q	145
NC_045512.2	28709	A	T	8969	4352	39	1	1	27	0.00011147	8971	1	FALSE	N:cds-YP_009724397.2	ATT	I	TTT	F	146
NC_045512.2	28709	A	C	8969	4352	39	1	1	27	0.00011147	8971	1	FALSE	N:cds-YP_009724397.2	ATT	I	CTT	L	146
NC_045512.2	28710	T	C	8469	4364	39	1	1	34	0.000118064	8470	0.998052	FALSE	N:cds-YP_009724397.2	ATT	I	ACT	T	146
NC_045512.2	28711	T	C	8339	4325	39	4	3	34	0.000479444	8343	0.927103	FALSE	N:cds-YP_009724397.2	ATT	I	ATC	I	146
NC_045512.2	28713	G	A	8551	4428	39	1	0	34	0.000116932	8552	0.998052	FALSE	N:cds-YP_009724397.2	GGC	G	GAC	D	147
NC_045512.2	28714	C	T	8576	4536	39	1	0	34	0.000116577	8578	0.998051	FALSE	N:cds-YP_009724397.2	GGC	G	GGT	G	147
NC_045512.2	28714	C	G	8576	4536	39	1	1	34	0.000116577	8578	0.998051	FALSE	N:cds-YP_009724397.2	GGC	G	GGG	G	147
NC_045512.2	28715	A	G	8555	4517	39	1	0	27	0.000116863	8557	1	FALSE	N:cds-YP_009724397.2	ACC	T	GCC	A	148
NC_045512.2	28715	A	C	8555	4517	39	1	1	34	0.000116863	8557	0.998051	FALSE	N:cds-YP_009724397.2	ACC	T	CCC	P	148
NC_045512.2	28716	C	T	8590	4507	39	1	0	34	0.000116401	8591	0.998052	FALSE	N:cds-YP_009724397.2	ACC	T	ATC	I	148
NC_045512.2	28717	C	G	8561	4405	39	1	0	34	0.000116795	8562	0.998052	FALSE	N:cds-YP_009724397.2	ACC	T	ACG	T	148
NC_045512.2	28719	G	A	8596	4398	39	10	5	43	0.00116198	8606	0.000974577	TRUE	N:cds-YP_009724397.2	CGC	R	CAC	H	149
NC_045512.2	28720	C	G	8748	4730	39	1	0	34	0.000114299	8749	0.998052	FALSE	N:cds-YP_009724397.2	CGC	R	CGG	R	149
NC_045512.2	28721	A	G	8656	4628	39	1	1	34	0.000115513	8657	0.998052	FALSE	N:cds-YP_009724397.2	AAT	N	GAT	D	150
NC_045512.2	28722	A	G	8745	4721	39	1	0	34	0.000114338	8746	0.998052	FALSE	N:cds-YP_009724397.2	AAT	N	AGT	S	150
NC_045512.2	28723	T	C	8685	4662	39	1	0	34	0.000115128	8686	0.998052	FALSE	N:cds-YP_009724397.2	AAT	N	AAC	N	150
NC_045512.2	28726	T	C	8690	4728	39	3	2	31	0.000345105	8693	0.967341	FALSE	N:cds-YP_009724397.2	CCT	P	CCC	P	151
NC_045512.2	28727	G	A	8727	4693	39	4	4	34	0.000458138	8731	0.927099	FALSE	N:cds-YP_009724397.2	GCT	A	ACT	T	152
NC_045512.2	28730	A	G	8844	4839	39	2	1	34	0.000226091	8846	0.98928	FALSE	N:cds-YP_009724397.2	AAC	N	GAC	D	153
NC_045512.2	28731	A	G	8625	4940	39	1	1	46	0.000115915	8627	0.5	FALSE	N:cds-YP_009724397.2	AAC	N	AGC	S	153
NC_045512.2	28731	A	C	8625	4940	39	1	0	26	0.000115915	8627	1	FALSE	N:cds-YP_009724397.2	AAC	N	ACC	T	153
NC_045512.2	28732	C	T	9008	5075	39	1	1	34	0.000110988	9010	0.999026	FALSE	N:cds-YP_009724397.2	AAC	N	AAT	N	153
NC_045512.2	28732	C	A	9008	5075	39	1	1	26	0.000110988	9010	1	FALSE	N:cds-YP_009724397.2	AAC	N	AAA	K	153
NC_045512.2	28733	A	T	8685	4893	39	1	1	26	0.000115115	8687	1	FALSE	N:cds-YP_009724397.2	AAT	N	TAT	Y	154
NC_045512.2	28733	A	G	8685	4893	39	1	0	34	0.000115115	8687	0.998051	FALSE	N:cds-YP_009724397.2	AAT	N	GAT	D	154
NC_045512.2	28735	T	C	8705	4828	39	1	0	34	0.000114863	8706	0.998052	FALSE	N:cds-YP_009724397.2	AAT	N	AAC	N	154
NC_045512.2	28736	G	A	8708	4832	39	2	0	30	0.000229621	8710	0.989281	FALSE	N:cds-YP_009724397.2	GCT	A	ACT	T	155
NC_045512.2	28737	C	G	8199	5172	38	1	0	27	0.000121951	8200	1	FALSE	N:cds-YP_009724397.2	GCT	A	GGT	G	155
NC_045512.2	28739	G	A	8285	5257	38	1	1	34	0.000120685	8286	0.998052	FALSE	N:cds-YP_009724397.2	GCA	A	ACA	T	156
NC_045512.2	28740	C	T	8414	5430	38	1	1	34	0.000118835	8415	0.998052	FALSE	N:cds-YP_009724397.2	GCA	A	GTA	V	156
NC_045512.2	28741	A	T	8319	5340	38	1	1	34	0.000120178	8321	0.998051	FALSE	N:cds-YP_009724397.2	GCA	A	GCT	A	156
NC_045512.2	28741	A	G	8319	5340	38	1	1	34	0.000120178	8321	0.998051	FALSE	N:cds-YP_009724397.2	GCA	A	GCG	A	156
NC_045512.2	28742	A	G	8361	5408	38	1	0	34	0.000119517	8367	0.998047	FALSE	N:cds-YP_009724397.2	ATC	I	GTC	V	157
NC_045512.2	28742	A	C	8361	5408	38	5	5	34	0.000597586	8367	0.866671	FALSE	N:cds-YP_009724397.2	ATC	I	CTC	L	157
NC_045512.2	28744	C	A	8296	5458	38	1	0	24	0.000120525	8297	1	FALSE	N:cds-YP_009724397.2	ATC	I	ATA	I	157
NC_045512.2	28745	G	C	8285	5434	38	2	2	30	0.000241342	8287	0.989282	FALSE	N:cds-YP_009724397.2	GTG	V	CTG	L	158
NC_045512.2	28746	T	C	8419	5439	38	1	1	34	0.000118751	8421	0.998051	FALSE	N:cds-YP_009724397.2	GTG	V	GCG	A	158
NC_045512.2	28746	T	A	8419	5439	38	1	1	34	0.000118751	8421	0.998051	FALSE	N:cds-YP_009724397.2	GTG	V	GAG	E	158
NC_045512.2	28747	G	A	8405	5408	38	2	2	34	0.000237897	8407	0.989281	FALSE	N:cds-YP_009724397.2	GTG	V	GTA	V	158
NC_045512.2	28748	C	T	8339	5490	38	1	1	34	0.000119904	8340	0.998052	FALSE	N:cds-YP_009724397.2	CTA	L	TTA	L	159
NC_045512.2	28749	T	C	8864	6105	39	3	2	34	0.000338333	8867	0.96734	FALSE	N:cds-YP_009724397.2	CTA	L	CCA	P	159
NC_045512.2	28750	A	G	8688	6012	38	1	0	34	0.000115088	8689	0.998052	FALSE	N:cds-YP_009724397.2	CTA	L	CTG	L	159
NC_045512.2	28751	C	G	9015	6301	39	1	1	38	0.000110914	9016	0.999026	FALSE	N:cds-YP_009724397.2	CAA	Q	GAA	E	160
NC_045512.2	28752	A	T	8899	6248	39	1	0	26	0.000112347	8901	1	FALSE	N:cds-YP_009724397.2	CAA	Q	CTA	L	160
NC_045512.2	28752	A	G	8899	6248	39	1	1	34	0.000112347	8901	0.998051	FALSE	N:cds-YP_009724397.2	CAA	Q	CGA	R	160
NC_045512.2	28753	A	T	8964	6243	39	1	1	34	0.000111495	8969	0.998048	FALSE	N:cds-YP_009724397.2	CAA	Q	CAT	H	160
NC_045512.2	28753	A	G	8964	6243	39	4	3	34	0.000445981	8969	0.927069	FALSE	N:cds-YP_009724397.2	CAA	Q	CAG	Q	160
NC_045512.2	28754	C	G	9032	6347	39	1	0	34	0.000110705	9033	0.999026	FALSE	N:cds-YP_009724397.2	CTT	L	GTT	V	161
NC_045512.2	28755	T	C	8603	5928	39	1	0	68	0.000116225	8604	0.500029	FALSE	N:cds-YP_009724397.2	CTT	L	CCT	P	161
NC_045512.2	28756	T	C	8626	5984	39	1	1	34	0.000115902	8628	0.998051	FALSE	N:cds-YP_009724397.2	CTT	L	CTC	L	161
NC_045512.2	28756	T	A	8626	5984	39	1	0	26	0.000115902	8628	1	FALSE	N:cds-YP_009724397.2	CTT	L	CTA	L	161
NC_045512.2	28758	C	T	8691	6127	39	1	1	34	0.000115048	8692	0.998052	FALSE	N:cds-YP_009724397.2	CCT	P	CTT	L	162
NC_045512.2	28759	T	-C	8846	6317	39	1	0	20	0.000113045	8846	1	FALSE	NA	NA	NA	NA	NA	NA
NC_045512.2	28761	A	C	8731	6249	39	1	1	26	0.000114521	8732	1	FALSE	N:cds-YP_009724397.2	CAA	Q	CCA	P	163
NC_045512.2	28765	A	G	9035	6448	38	1	1	34	0.000110668	9036	0.999026	FALSE	N:cds-YP_009724397.2	GGA	G	GGG	G	164
NC_045512.2	28766	A	G	8919	6383	38	3	1	34	0.00033621	8923	0.967326	FALSE	N:cds-YP_009724397.2	ACA	T	GCA	A	165
NC_045512.2	28766	A	C	8919	6383	38	1	1	34	0.00011207	8923	0.998049	FALSE	N:cds-YP_009724397.2	ACA	T	CCA	P	165
NC_045512.2	28767	C	T	4513	3098	38	4471	3298	37	0.497607	8985	0	TRUE	N:cds-YP_009724397.2	ACA	T	ATA	I	165
NC_045512.2	28767	C	G	4513	3098	38	1	0	26	0.000111297	8985	1	FALSE	N:cds-YP_009724397.2	ACA	T	AGA	R	165
NC_045512.2	28768	A	G	9039	6595	38	1	1	34	0.000110619	9040	0.999026	FALSE	N:cds-YP_009724397.2	ACA	T	ACG	T	165
NC_045512.2	28770	C	A	9074	6734	38	1	1	34	0.000110193	9075	0.999026	FALSE	N:cds-YP_009724397.2	ACA	T	AAA	K	166
NC_045512.2	28772	T	C	7934	5659	37	1	1	24	0.000126024	7935	1	FALSE	N:cds-YP_009724397.2	TTG	L	CTG	L	167
NC_045512.2	28773	T	C	7685	5482	38	1	1	34	0.00013009	7687	0.996101	FALSE	N:cds-YP_009724397.2	TTG	L	TCG	S	167
NC_045512.2	28773	T	A	7685	5482	38	1	1	34	0.00013009	7687	0.996101	FALSE	N:cds-YP_009724397.2	TTG	L	TAG	*	167
NC_045512.2	28774	G	A	7974	5687	38	1	1	68	0.000125392	7975	0.500031	FALSE	N:cds-YP_009724397.2	TTG	L	TTA	L	167
NC_045512.2	28775	C	T	7941	5784	38	3	1	56	0.000377644	7944	0.125	FALSE	N:cds-YP_009724397.2	CCA	P	TCA	S	168
NC_045512.2	28776	C	T	7969	5845	38	1	1	34	0.000125455	7971	0.996101	FALSE	N:cds-YP_009724397.2	CCA	P	CTA	L	168
NC_045512.2	28776	C	A	7969	5845	38	1	0	34	0.000125455	7971	0.996101	FALSE	N:cds-YP_009724397.2	CCA	P	CAA	Q	168
NC_045512.2	28776	C	-A	7969	5845	38	5	0	20	0.000627274	7971	1	FALSE	NA	NA	NA	NA	NA	NA
NC_045512.2	28777	A	G	7861	5740	38	1	1	24	0.000127194	7862	1	FALSE	N:cds-YP_009724397.2	CCA	P	CCG	P	168
NC_045512.2	28778	A	G	7909	5918	38	2	2	34	0.000252813	7911	0.980504	FALSE	N:cds-YP_009724397.2	AAA	K	GAA	E	169
NC_045512.2	28779	A	G	7930	5842	38	1	1	34	0.000126088	7931	0.996103	FALSE	N:cds-YP_009724397.2	AAA	K	AGA	R	169
NC_045512.2	28780	A	T	7989	5922	38	1	1	34	0.000125078	7995	0.996093	FALSE	N:cds-YP_009724397.2	AAA	K	AAT	N	169
NC_045512.2	28780	A	G	7989	5922	38	5	1	40	0.000625391	7995	0.0312305	FALSE	N:cds-YP_009724397.2	AAA	K	AAG	K	169
NC_045512.2	28782	G	-CTT	8024	5958	38	1	0	20	0.000124626	8024	1	FALSE	NA	NA	NA	NA	NA	NA
NC_045512.2	28784	T	C	8060	6049	38	2	1	34	0.000248077	8062	0.989277	FALSE	N:cds-YP_009724397.2	TTC	F	CTC	L	171
NC_045512.2	28785	T	C	8346	6356	38	2	2	34	0.00023955	8349	0.989271	FALSE	N:cds-YP_009724397.2	TTC	F	TCC	S	171
NC_045512.2	28785	T	A	8346	6356	38	1	1	34	0.000119775	8349	0.998049	FALSE	N:cds-YP_009724397.2	TTC	F	TAC	Y	171
NC_045512.2	28786	C	G	8239	6567	37	1	1	34	0.000121359	8240	0.998052	FALSE	N:cds-YP_009724397.2	TTC	F	TTG	L	171
NC_045512.2	28787	T	C	8417	6817	38	1	0	68	0.000118779	8419	0.5	FALSE	N:cds-YP_009724397.2	TAC	Y	CAC	H	172
NC_045512.2	28787	T	A	8417	6817	38	1	1	34	0.000118779	8419	0.998051	FALSE	N:cds-YP_009724397.2	TAC	Y	AAC	N	172
NC_045512.2	28789	C	T	8702	6989	38	1	1	34	0.000114903	8703	0.998052	FALSE	N:cds-YP_009724397.2	TAC	Y	TAT	Y	172
NC_045512.2	28790	G	-C	8649	6927	38	1	0	20	0.00011562	8649	1	FALSE	NA	NA	NA	NA	NA	NA
NC_045512.2	28791	C	T	8663	7006	38	1	1	34	0.000115407	8665	0.99805	FALSE	N:cds-YP_009724397.2	GCA	A	GTA	V	173
NC_045512.2	28791	C	A	8663	7006	38	1	1	26	0.000115407	8665	1	FALSE	N:cds-YP_009724397.2	GCA	A	GAA	E	173
NC_045512.2	28792	A	T	8493	6858	38	1	1	34	0.00011773	8494	0.998052	FALSE	N:cds-YP_009724397.2	GCA	A	GCT	A	173
NC_045512.2	28794	A	G	8844	7176	38	1	1	34	0.000113045	8846	0.998051	FALSE	N:cds-YP_009724397.2	GAA	E	GGA	G	174
NC_045512.2	28794	A	C	8844	7176	38	1	1	34	0.000113045	8846	0.998051	FALSE	N:cds-YP_009724397.2	GAA	E	GCA	A	174
NC_045512.2	28795	A	T	8911	7211	38	2	2	30	0.000224391	8913	0.98928	FALSE	N:cds-YP_009724397.2	GAA	E	GAT	D	174
NC_045512.2	28796	G	T	8930	7287	38	1	0	34	0.000111944	8933	0.99805	FALSE	N:cds-YP_009724397.2	GGG	G	TGG	W	175
NC_045512.2	28796	G	C	8930	7287	38	1	1	34	0.000111944	8933	0.99805	FALSE	N:cds-YP_009724397.2	GGG	G	CGG	R	175
NC_045512.2	28796	G	A	8930	7287	38	1	1	34	0.000111944	8933	0.99805	FALSE	N:cds-YP_009724397.2	GGG	G	AGG	R	175
NC_045512.2	28797	G	T	8450	6822	38	1	1	34	0.000118315	8452	0.998051	FALSE	N:cds-YP_009724397.2	GGG	G	GTG	V	175
NC_045512.2	28797	G	C	8450	6822	38	1	1	34	0.000118315	8452	0.998051	FALSE	N:cds-YP_009724397.2	GGG	G	GCG	A	175
NC_045512.2	28799	A	T	8906	7336	39	1	1	34	0.000112246	8909	0.99805	FALSE	N:cds-YP_009724397.2	AGC	S	TGC	C	176
NC_045512.2	28799	A	G	8906	7336	39	1	1	34	0.000112246	8909	0.99805	FALSE	N:cds-YP_009724397.2	AGC	S	GGC	G	176
NC_045512.2	28799	A	C	8906	7336	39	1	1	34	0.000112246	8909	0.99805	FALSE	N:cds-YP_009724397.2	AGC	S	CGC	R	176
NC_045512.2	28800	G	T	8863	7291	39	1	1	26	0.000112803	8865	1	FALSE	N:cds-YP_009724397.2	AGC	S	ATC	I	176
NC_045512.2	28800	G	A	8863	7291	39	1	1	34	0.000112803	8865	0.998051	FALSE	N:cds-YP_009724397.2	AGC	S	AAC	N	176
NC_045512.2	28800	G	-C	8863	7291	39	1	0	20	0.000112803	8865	1	FALSE	NA	NA	NA	NA	NA	NA
NC_045512.2	28801	C	T	8916	7380	39	2	2	34	0.000224266	8918	0.989275	FALSE	N:cds-YP_009724397.2	AGC	S	AGT	S	176
NC_045512.2	28802	A	G	8416	6875	39	2	2	30	0.000237586	8418	0.989281	FALSE	N:cds-YP_009724397.2	AGA	R	GGA	G	177
NC_045512.2	28804	A	G	8954	7627	40	1	1	34	0.000111669	8955	0.998052	FALSE	N:cds-YP_009724397.2	AGA	R	AGG	R	177
NC_045512.2	28807	C	T	9009	7838	41	1	0	34	0.000110988	9010	0.999026	FALSE	N:cds-YP_009724397.2	GGC	G	GGT	G	178
NC_045512.2	28808	G	A	9022	7838	41	1	1	26	0.000110828	9023	1	FALSE	N:cds-YP_009724397.2	GGC	G	AGC	S	179
NC_045512.2	28809	G	A	8953	7815	41	3	3	34	0.000334971	8956	0.967339	FALSE	N:cds-YP_009724397.2	GGC	G	GAC	D	179
NC_045512.2	28810	C	T	8967	7823	41	3	3	34	0.000334448	8970	0.967339	FALSE	N:cds-YP_009724397.2	GGC	G	GGT	G	179
NC_045512.2	28812	G	C	9003	7856	41	1	1	34	0.000111062	9004	0.999026	FALSE	N:cds-YP_009724397.2	AGT	S	ACT	T	180
NC_045512.2	28813	T	C	8950	7827	41	1	0	34	0.000111719	8951	0.998052	FALSE	N:cds-YP_009724397.2	AGT	S	AGC	S	180
NC_045512.2	28815	A	T	8833	7708	40	1	1	34	0.000113186	8835	0.998051	FALSE	N:cds-YP_009724397.2	CAA	Q	CTA	L	181
NC_045512.2	28815	A	G	8833	7708	40	1	1	68	0.000113186	8835	0.5	FALSE	N:cds-YP_009724397.2	CAA	Q	CGA	R	181
NC_045512.2	28816	A	T	8874	7748	41	1	0	68	0.000112676	8875	0.500028	FALSE	N:cds-YP_009724397.2	CAA	Q	CAT	H	181
NC_045512.2	28819	C	A	8795	7767	40	2	2	34	0.00022735	8797	0.98928	FALSE	N:cds-YP_009724397.2	GCC	A	GCA	A	182
NC_045512.2	28820	T	C	7550	6531	38	2	1	51	0.000264831	7552	0.250017	FALSE	N:cds-YP_009724397.2	TCT	S	CCT	P	183
NC_045512.2	28822	T	C	8480	7483	40	1	1	34	0.000117911	8481	0.998052	FALSE	N:cds-YP_009724397.2	TCT	S	TCC	S	183
NC_045512.2	28823	T	G	6458	5458	37	1	0	27	0.000154775	6461	1	FALSE	N:cds-YP_009724397.2	TCT	S	GCT	A	184
NC_045512.2	28823	T	C	6458	5458	37	2	2	34	0.00030955	6461	0.964886	FALSE	N:cds-YP_009724397.2	TCT	S	CCT	P	184
NC_045512.2	28826	C	T	8266	7360	40	1	1	34	0.000120963	8267	0.998052	FALSE	N:cds-YP_009724397.2	CGT	R	TGT	C	185
NC_045512.2	28827	G	T	8198	7299	40	1	1	34	0.000121951	8200	0.998051	FALSE	N:cds-YP_009724397.2	CGT	R	CTT	L	185
NC_045512.2	28827	G	C	8198	7299	40	1	1	34	0.000121951	8200	0.998051	FALSE	N:cds-YP_009724397.2	CGT	R	CCT	P	185
NC_045512.2	28828	T	G	7956	7093	39	1	1	34	0.000125628	7960	0.996097	FALSE	N:cds-YP_009724397.2	CGT	R	CGG	R	185
NC_045512.2	28828	T	C	7956	7093	39	3	2	45	0.000376884	7960	0.124976	FALSE	N:cds-YP_009724397.2	CGT	R	CGC	R	185
NC_045512.2	28829	T	C	8166	7298	39	2	2	34	0.000244858	8168	0.989282	FALSE	N:cds-YP_009724397.2	TCC	S	CCC	P	186
NC_045512.2	28830	C	T	8012	7168	39	1	1	34	0.000124797	8013	0.998052	FALSE	N:cds-YP_009724397.2	TCC	S	TTC	F	186
NC_045512.2	28831	C	T	7922	7097	39	1	1	34	0.000126183	7925	0.996099	FALSE	N:cds-YP_009724397.2	TCC	S	TCT	S	186
NC_045512.2	28831	C	A	7922	7097	39	2	2	34	0.000252366	7925	0.980495	FALSE	N:cds-YP_009724397.2	TCC	S	TCA	S	186
NC_045512.2	28832	T	C	7583	6756	39	5	5	34	0.000658935	7588	0.806312	FALSE	N:cds-YP_009724397.2	TCA	S	CCA	P	187
NC_045512.2	28838	C	A	7476	6718	39	1	1	34	0.000133743	7477	0.996103	FALSE	N:cds-YP_009724397.2	CGT	R	AGT	S	189
NC_045512.2	28840	T	C	7217	6471	39	2	2	29	0.000277047	7219	1	FALSE	N:cds-YP_009724397.2	CGT	R	CGC	R	189
NC_045512.2	28841	A	G	7090	6352	39	1	1	34	0.000141024	7091	0.996104	FALSE	N:cds-YP_009724397.2	AGT	S	GGT	G	190
NC_045512.2	28842	G	T	7084	6340	39	1	1	26	0.000141123	7086	1	FALSE	N:cds-YP_009724397.2	AGT	S	ATT	I	190
NC_045512.2	28842	G	A	7084	6340	39	1	1	34	0.000141123	7086	0.996101	FALSE	N:cds-YP_009724397.2	AGT	S	AAT	N	190
NC_045512.2	28844	C	T	6989	6248	39	1	1	34	0.000143062	6990	0.992203	FALSE	N:cds-YP_009724397.2	CGC	R	TGC	C	191
NC_045512.2	28845	G	T	6916	6181	39	1	1	34	0.000144488	6921	0.992188	FALSE	N:cds-YP_009724397.2	CGC	R	CTC	L	191
NC_045512.2	28845	G	A	6916	6181	39	4	4	32	0.000577951	6921	0.828214	FALSE	N:cds-YP_009724397.2	CGC	R	CAC	H	191
NC_045512.2	28846	C	T	6905	6264	38	1	1	34	0.000144802	6906	0.992203	FALSE	N:cds-YP_009724397.2	CGC	R	CGT	R	191
NC_045512.2	28847	A	G	6830	6192	38	2	2	34	0.00029274	6832	0.9649	FALSE	N:cds-YP_009724397.2	AAC	N	GAC	D	192
NC_045512.2	28848	A	G	6855	6225	38	1	1	34	0.000145858	6856	0.992203	FALSE	N:cds-YP_009724397.2	AAC	N	AGC	S	192
NC_045512.2	28849	C	A	6837	6212	38	5	5	29	0.00073078	6842	1	FALSE	N:cds-YP_009724397.2	AAC	N	AAA	K	192
NC_045512.2	28851	G	A	6078	5475	39	2	2	36	0.000328947	6080	0.964907	FALSE	N:cds-YP_009724397.2	AGT	S	AAT	N	193
NC_045512.2	28852	T	C	5272	4681	38	2	2	34	0.000379219	5274	0.937593	FALSE	N:cds-YP_009724397.2	AGT	S	AGC	S	193
NC_045512.2	28853	T	C	5833	5241	39	3	3	28	0.000514051	5836	1	FALSE	N:cds-YP_009724397.2	TCA	S	CCA	P	194
NC_045512.2	28855	A	G	9525	5375	36	1	0	34	0.000104976	9526	0.999026	FALSE	N:cds-YP_009724397.2	TCA	S	TCG	S	194
NC_045512.2	28856	A	G	10160	5409	37	3	1	45	0.000295188	10163	0.312518	FALSE	N:cds-YP_009724397.2	AGA	R	GGA	G	195
NC_045512.2	28857	G	T	10160	5383	36	2	2	30	0.000196754	10165	0.99683	FALSE	N:cds-YP_009724397.2	AGA	R	ATA	I	195
NC_045512.2	28857	G	C	10160	5383	36	3	3	28	0.00029513	10165	1	FALSE	N:cds-YP_009724397.2	AGA	R	ACA	T	195
NC_045512.2	28858	A	G	9149	5414	35	2	1	34	0.000218555	9151	0.994155	FALSE	N:cds-YP_009724397.2	AGA	R	AGG	R	195
NC_045512.2	28859	A	T	10159	5366	37	1	1	26	9.84155e-05	10161	1	FALSE	N:cds-YP_009724397.2	AAT	N	TAT	Y	196
NC_045512.2	28859	A	G	10159	5366	37	1	1	34	9.84155e-05	10161	0.999513	FALSE	N:cds-YP_009724397.2	AAT	N	GAT	D	196
NC_045512.2	28864	A	G	9970	5185	36	2	1	30	0.000200562	9972	0.994154	FALSE	N:cds-YP_009724397.2	TCA	S	TCG	S	197
NC_045512.2	28865	A	G	9587	5246	35	2	1	29	0.000208572	9589	1	FALSE	N:cds-YP_009724397.2	ACT	T	GCT	A	198
NC_045512.2	28867	T	G	10221	5199	36	1	0	27	9.77804e-05	10227	1	FALSE	N:cds-YP_009724397.2	ACT	T	ACG	T	198
NC_045512.2	28867	T	C	10221	5199	36	5	3	30	0.000488902	10227	0.940833	FALSE	N:cds-YP_009724397.2	ACT	T	ACC	T	198
NC_045512.2	28868	C	G	10377	5302	36	1	0	34	9.63484e-05	10379	0.999513	FALSE	N:cds-YP_009724397.2	CCA	P	GCA	A	199
NC_045512.2	28868	C	A	10377	5302	36	1	1	34	9.63484e-05	10379	0.999513	FALSE	N:cds-YP_009724397.2	CCA	P	ACA	T	199
NC_045512.2	28870	A	G	10251	4996	36	6	4	38	0.000584966	10257	0.895068	FALSE	N:cds-YP_009724397.2	CCA	P	CCG	P	199
NC_045512.2	28871	G	T	10205	5066	36	2	1	34	0.000195925	10208	0.996833	FALSE	N:cds-YP_009724397.2	GGC	G	TGC	C	200
NC_045512.2	28871	G	A	10205	5066	36	1	0	34	9.79624e-05	10208	0.999513	FALSE	N:cds-YP_009724397.2	GGC	G	AGC	S	200
NC_045512.2	28872	G	T	10236	5022	36	2	2	30	0.000195274	10242	0.996829	FALSE	N:cds-YP_009724397.2	GGC	G	GTC	V	200
NC_045512.2	28872	G	C	10236	5022	36	4	4	32	0.000390549	10242	0.971343	FALSE	N:cds-YP_009724397.2	GGC	G	GCC	A	200
NC_045512.2	28874	A	T	10076	4827	36	1	1	34	9.92063e-05	10080	0.999513	FALSE	N:cds-YP_009724397.2	AGC	S	TGC	C	201
NC_045512.2	28874	A	G	10076	4827	36	2	2	34	0.000198413	10080	0.996832	FALSE	N:cds-YP_009724397.2	AGC	S	GGC	G	201
NC_045512.2	28874	A	C	10076	4827	36	1	1	34	9.92063e-05	10080	0.999513	FALSE	N:cds-YP_009724397.2	AGC	S	CGC	R	201
NC_045512.2	28875	G	A	9958	4736	36	1	0	34	0.000100412	9959	0.999026	FALSE	N:cds-YP_009724397.2	AGC	S	AAC	N	201
NC_045512.2	28876	C	A	9983	4775	36	1	1	26	0.00010016	9984	1	FALSE	N:cds-YP_009724397.2	AGC	S	AGA	R	201
NC_045512.2	28877	A	G	9930	4701	36	2	1	34	0.000201369	9932	0.994154	FALSE	N:cds-YP_009724397.2	AGT	S	GGT	G	202
NC_045512.2	28878	G	T	9940	4724	36	1	0	34	0.000100594	9941	0.999026	FALSE	N:cds-YP_009724397.2	AGT	S	ATT	I	202
NC_045512.2	28881	G	C	3	1	31	1	1	34	0.000120337	8310	0.00432432	TRUE	N:cds-YP_009724397.2	AGG	R	ACG	T	203
NC_045512.2	28881	G	A	3	1	31	8306	3365	35	0.999519	8310	0	TRUE	N:cds-YP_009724397.2	AGG	R	AAG	K	203
NC_045512.2	28882	G	A	0	0	0	7745	3345	34	1	7745	0	TRUE	N:cds-YP_009724397.2	AGG	R	AGA	R	203
NC_045512.2	28883	G	C	0	0	0	8473	3432	35	1	8473	0	TRUE	N:cds-YP_009724397.2	GGA	G	CGA	R	204
NC_045512.2	28884	G	T	9168	3478	36	1	0	34	0.000109063	9169	0.999026	FALSE	N:cds-YP_009724397.2	GGA	G	GTA	V	204
NC_045512.2	28886	A	G	9292	3451	35	2	1	34	0.000215193	9294	0.994155	FALSE	N:cds-YP_009724397.2	ACT	T	GCT	A	205
NC_045512.2	28888	T	C	9333	3516	36	1	0	26	0.000107135	9334	1	FALSE	N:cds-YP_009724397.2	ACT	T	ACC	T	205
NC_045512.2	28889	T	C	8946	2977	35	1	0	34	0.000111757	8948	0.998051	FALSE	N:cds-YP_009724397.2	TCT	S	CCT	P	206
NC_045512.2	28889	T	A	8946	2977	35	1	0	34	0.000111757	8948	0.998051	FALSE	N:cds-YP_009724397.2	TCT	S	ACT	T	206
NC_045512.2	28891	T	C	6493	577	36	1	0	34	0.000153988	6494	0.992204	FALSE	N:cds-YP_009724397.2	TCT	S	TCC	S	206
NC_045512.2	28893	C	A	6553	624	36	1	0	34	0.000152579	6554	0.992204	FALSE	N:cds-YP_009724397.2	CCT	P	CAT	H	207
NC_045512.2	28894	T	C	6625	643	37	2	1	34	0.000301796	6627	0.964902	FALSE	N:cds-YP_009724397.2	CCT	P	CCC	P	207
NC_045512.2	28896	C	G	6781	653	37	1	0	34	0.000147427	6783	0.9922	FALSE	N:cds-YP_009724397.2	GCT	A	GGT	G	208
NC_045512.2	28896	C	A	6781	653	37	1	0	26	0.000147427	6783	1	FALSE	N:cds-YP_009724397.2	GCT	A	GAT	D	208
NC_045512.2	28899	G	A	6863	682	37	2	0	34	0.000291333	6865	0.9649	FALSE	N:cds-YP_009724397.2	AGA	R	AAA	K	209
NC_045512.2	28900	A	T	6200	706	36	1	0	26	0.000161264	6201	1	FALSE	N:cds-YP_009724397.2	AGA	R	AGT	S	209
NC_045512.2	28902	T	C	6846	756	38	1	0	34	0.000146049	6847	0.992203	FALSE	N:cds-YP_009724397.2	ATG	M	ACG	T	210
NC_045512.2	28903	G	C	6914	760	38	1	1	26	0.000144613	6915	1	FALSE	N:cds-YP_009724397.2	ATG	M	ATC	I	210
NC_045512.2	28905	C	G	6939	773	38	2	0	30	0.000288143	6941	0.964899	FALSE	N:cds-YP_009724397.2	GCT	A	GGT	G	211
NC_045512.2	28906	T	C	6969	769	38	1	0	34	0.000143451	6971	0.992199	FALSE	N:cds-YP_009724397.2	GCT	A	GCC	A	211
NC_045512.2	28906	T	A	6969	769	38	1	0	26	0.000143451	6971	1	FALSE	N:cds-YP_009724397.2	GCT	A	GCA	A	211
NC_045512.2	28907	G	A	7165	768	38	3	1	56	0.000418527	7168	0.125	FALSE	N:cds-YP_009724397.2	GGC	G	AGC	S	212
NC_045512.2	28908	G	A	7171	818	38	3	0	34	0.000418177	7174	0.945398	FALSE	N:cds-YP_009724397.2	GGC	G	GAC	D	212
NC_045512.2	28913	G	A	7401	886	38	1	0	34	0.000135099	7402	0.996103	FALSE	N:cds-YP_009724397.2	GGC	G	AGC	S	214
NC_045512.2	28915	C	G	7562	905	38	1	0	34	0.000132205	7564	0.996101	FALSE	N:cds-YP_009724397.2	GGC	G	GGG	G	214
NC_045512.2	28915	C	A	7562	905	38	1	0	34	0.000132205	7564	0.996101	FALSE	N:cds-YP_009724397.2	GGC	G	GGA	G	214
NC_045512.2	28916	G	T	7605	902	39	1	0	34	0.000131389	7611	0.996093	FALSE	N:cds-YP_009724397.2	GGT	G	TGT	C	215
NC_045512.2	28916	G	A	7605	902	39	5	0	34	0.000656944	7611	0.806248	FALSE	N:cds-YP_009724397.2	GGT	G	AGT	S	215
NC_045512.2	28920	A	G	7749	948	38	1	0	34	0.000129032	7750	0.996103	FALSE	N:cds-YP_009724397.2	GAT	D	GGT	G	216
NC_045512.2	28924	T	C	7876	990	39	1	0	34	0.000126952	7877	0.996103	FALSE	N:cds-YP_009724397.2	GCT	A	GCC	A	217
NC_045512.2	28925	G	T	8229	990	39	1	0	34	0.000121507	8230	0.998052	FALSE	N:cds-YP_009724397.2	GCT	A	TCT	S	218
NC_045512.2	28927	T	A	8249	953	38	1	0	34	0.000121212	8250	0.998052	FALSE	N:cds-YP_009724397.2	GCT	A	GCA	A	218
NC_045512.2	28928	C	T	8347	1021	39	1	0	34	0.000119775	8349	0.998051	FALSE	N:cds-YP_009724397.2	CTT	L	TTT	F	219
NC_045512.2	28928	C	G	8347	1021	39	1	0	26	0.000119775	8349	1	FALSE	N:cds-YP_009724397.2	CTT	L	GTT	V	219
NC_045512.2	28929	T	G	8339	1025	39	1	1	34	0.000119904	8340	0.998052	FALSE	N:cds-YP_009724397.2	CTT	L	CGT	R	219
NC_045512.2	28930	T	C	8268	1059	39	3	0	45	0.000362713	8271	0.125	FALSE	N:cds-YP_009724397.2	CTT	L	CTC	L	219
NC_045512.2	28931	G	T	8576	1060	39	1	0	34	0.000116577	8578	0.998051	FALSE	N:cds-YP_009724397.2	GCT	A	TCT	S	220
NC_045512.2	28931	G	A	8576	1060	39	1	0	27	0.000116577	8578	1	FALSE	N:cds-YP_009724397.2	GCT	A	ACT	T	220
NC_045512.2	28934	T	A	8440	1012	39	1	0	34	0.000118469	8441	0.998052	FALSE	N:cds-YP_009724397.2	TTG	L	ATG	M	221
NC_045512.2	28936	G	T	8429	1101	39	1	0	34	0.000118624	8430	0.998052	FALSE	N:cds-YP_009724397.2	TTG	L	TTT	F	221
NC_045512.2	28937	C	T	8156	1147	39	1	0	34	0.000122564	8159	0.99805	FALSE	N:cds-YP_009724397.2	CTG	L	TTG	L	222
NC_045512.2	28937	C	G	8156	1147	39	2	0	30	0.000245128	8159	0.989277	FALSE	N:cds-YP_009724397.2	CTG	L	GTG	V	222
NC_045512.2	28938	T	G	8186	1140	39	1	0	34	0.000122145	8187	0.998052	FALSE	N:cds-YP_009724397.2	CTG	L	CGG	R	222
NC_045512.2	28939	G	T	8254	1140	39	1	0	34	0.000121095	8258	0.998049	FALSE	N:cds-YP_009724397.2	CTG	L	CTT	L	222
NC_045512.2	28939	G	A	8254	1140	39	3	2	34	0.000363284	8258	0.967329	FALSE	N:cds-YP_009724397.2	CTG	L	CTA	L	222
NC_045512.2	28941	T	G	6515	1526	38	1	0	34	0.000153468	6516	0.992204	FALSE	N:cds-YP_009724397.2	CTG	L	CGG	R	223
NC_045512.2	28942	G	T	6760	1528	38	1	0	26	0.000147907	6761	1	FALSE	N:cds-YP_009724397.2	CTG	L	CTT	L	223
NC_045512.2	28943	C	T	6775	1639	38	1	0	34	0.000147536	6778	0.992196	FALSE	N:cds-YP_009724397.2	CTT	L	TTT	F	224
NC_045512.2	28943	C	G	6775	1639	38	1	0	34	0.000147536	6778	0.992196	FALSE	N:cds-YP_009724397.2	CTT	L	GTT	V	224
NC_045512.2	28943	C	A	6775	1639	38	1	0	34	0.000147536	6778	0.992196	FALSE	N:cds-YP_009724397.2	CTT	L	ATT	I	224
NC_045512.2	28944	T	G	6761	1574	38	1	1	34	0.000147885	6762	0.992204	FALSE	N:cds-YP_009724397.2	CTT	L	CGT	R	224
NC_045512.2	28945	T	G	6763	1715	38	1	0	34	0.00014782	6765	0.9922	FALSE	N:cds-YP_009724397.2	CTT	L	CTG	L	224
NC_045512.2	28945	T	A	6763	1715	38	1	1	68	0.00014782	6765	0.5	FALSE	N:cds-YP_009724397.2	CTT	L	CTA	L	224
NC_045512.2	28947	A	C	6704	1731	38	1	1	34	0.000149142	6705	0.992204	FALSE	N:cds-YP_009724397.2	GAC	D	GCC	A	225
NC_045512.2	28949	A	G	6093	1681	37	1	0	34	0.000164096	6094	0.992205	FALSE	N:cds-YP_009724397.2	AGA	R	GGA	G	226
NC_045512.2	28950	G	A	6741	1697	38	1	0	34	0.000148324	6742	0.992204	FALSE	N:cds-YP_009724397.2	AGA	R	AAA	K	226
NC_045512.2	28951	A	C	6636	1729	38	2	2	34	0.000301296	6638	0.964901	FALSE	N:cds-YP_009724397.2	AGA	R	AGC	S	226
NC_045512.2	28954	G	T	6490	1784	38	1	0	34	0.000154059	6491	0.992204	FALSE	N:cds-YP_009724397.2	TTG	L	TTT	F	227
NC_045512.2	28956	A	G	5622	1788	36	2	1	34	0.000355619	5624	0.937588	FALSE	N:cds-YP_009724397.2	AAC	N	AGC	S	228
NC_045512.2	28961	C	G	6352	1769	38	2	0	30	0.000314762	6354	0.964904	FALSE	N:cds-YP_009724397.2	CTT	L	GTT	V	230
NC_045512.2	28965	A	G	6381	1776	38	1	0	34	0.000156691	6382	0.992205	FALSE	N:cds-YP_009724397.2	GAG	E	GGG	G	231
NC_045512.2	28966	G	T	6294	1798	38	1	0	34	0.000158831	6296	0.992201	FALSE	N:cds-YP_009724397.2	GAG	E	GAT	D	231
NC_045512.2	28966	G	A	6294	1798	38	1	0	34	0.000158831	6296	0.992201	FALSE	N:cds-YP_009724397.2	GAG	E	GAA	E	231
NC_045512.2	28967	A	T	5375	1803	36	1	0	26	0.000185977	5377	1	FALSE	N:cds-YP_009724397.2	AGC	S	TGC	C	232
NC_045512.2	28967	A	G	5375	1803	36	1	1	27	0.000185977	5377	1	FALSE	N:cds-YP_009724397.2	AGC	S	GGC	G	232
NC_045512.2	28969	C	T	6148	1783	37	1	0	34	0.000162602	6150	0.992201	FALSE	N:cds-YP_009724397.2	AGC	S	AGT	S	232
NC_045512.2	28969	C	A	6148	1783	37	1	0	26	0.000162602	6150	1	FALSE	N:cds-YP_009724397.2	AGC	S	AGA	R	232
NC_045512.2	28969	C	-A	6148	1783	37	3	0	20	0.000487805	6150	1	FALSE	NA	NA	NA	NA	NA	NA
NC_045512.2	28970	A	G	6076	1710	37	4	1	34	0.000657895	6080	0.828091	FALSE	N:cds-YP_009724397.2	AAA	K	GAA	E	233
NC_045512.2	28971	A	G	6044	1782	37	1	0	34	0.000165426	6045	0.992206	FALSE	N:cds-YP_009724397.2	AAA	K	AGA	R	233
NC_045512.2	28972	A	G	5170	1903	36	2	0	34	0.000386698	5172	0.937595	FALSE	N:cds-YP_009724397.2	AAA	K	AAG	K	233
NC_045512.2	28973	A	C	6184	1951	38	1	1	34	0.000161681	6185	0.992205	FALSE	N:cds-YP_009724397.2	ATG	M	CTG	L	234
NC_045512.2	28977	C	T	5998	2235	38	1	0	34	0.000166694	5999	0.984402	FALSE	N:cds-YP_009724397.2	TCT	S	TTT	F	235
NC_045512.2	28978	T	C	5975	2207	38	1	0	34	0.000167336	5976	0.984402	FALSE	N:cds-YP_009724397.2	TCT	S	TCC	S	235
NC_045512.2	28979	G	T	6149	2211	38	2	1	30	0.000325098	6152	0.964888	FALSE	N:cds-YP_009724397.2	GGT	G	TGT	C	236
NC_045512.2	28979	G	C	6149	2211	38	1	1	34	0.000162549	6152	0.992196	FALSE	N:cds-YP_009724397.2	GGT	G	CGT	R	236
NC_045512.2	28981	T	G	6418	2541	38	1	0	34	0.000155788	6419	0.992205	FALSE	N:cds-YP_009724397.2	GGT	G	GGG	G	236
NC_045512.2	28983	A	T	6386	2567	38	1	0	68	0.000156568	6387	0.500039	FALSE	N:cds-YP_009724397.2	AAA	K	ATA	I	237
NC_045512.2	28984	A	G	6009	2525	38	1	0	34	0.000166362	6011	0.992201	FALSE	N:cds-YP_009724397.2	AAA	K	AAG	K	237
NC_045512.2	28984	A	C	6009	2525	38	1	1	34	0.000166362	6011	0.992201	FALSE	N:cds-YP_009724397.2	AAA	K	AAC	N	237
NC_045512.2	28985	G	T	6462	2535	38	2	2	68	0.000309358	6465	0.249981	FALSE	N:cds-YP_009724397.2	GGC	G	TGC	C	238
NC_045512.2	28985	G	A	6462	2535	38	1	1	68	0.000154679	6465	0.499961	FALSE	N:cds-YP_009724397.2	GGC	G	AGC	S	238
NC_045512.2	28986	G	A	6471	2669	38	2	0	34	0.000308976	6473	0.964903	FALSE	N:cds-YP_009724397.2	GGC	G	GAC	D	238
NC_045512.2	28987	C	T	6734	3083	39	4	2	42	0.00059356	6739	0.0624722	FALSE	N:cds-YP_009724397.2	GGC	G	GGT	G	238
NC_045512.2	28987	C	A	6734	3083	39	1	1	26	0.00014839	6739	1	FALSE	N:cds-YP_009724397.2	GGC	G	GGA	G	238
NC_045512.2	28987	C	-CAA	6734	3083	39	26	0	20	0.00385814	6739	0.999996	FALSE	NA	NA	NA	NA	NA	NA
NC_045512.2	28988	C	T	6651	3013	39	1	0	34	0.000150331	6652	0.992101	FALSE	N:cds-YP_009724397.2	CAA	Q	TAA	*	239
NC_045512.2	28989	A	G	6636	2970	39	1	1	68	0.00015067	6637	0.499098	FALSE	N:cds-YP_009724397.2	CAA	Q	CGA	R	239
NC_045512.2	28990	A	G	6244	3043	38	1	0	34	0.000160128	6245	0.992095	FALSE	N:cds-YP_009724397.2	CAA	Q	CAG	Q	239
NC_045512.2	28995	A	G	6681	3007	39	1	1	34	0.000149656	6682	0.992204	FALSE	N:cds-YP_009724397.2	CAA	Q	CGA	R	241
NC_045512.2	28997	C	G	6643	3066	39	1	0	27	0.000150489	6645	1	FALSE	N:cds-YP_009724397.2	CAA	Q	GAA	E	242
NC_045512.2	28997	C	A	6643	3066	39	1	1	34	0.000150489	6645	0.9922	FALSE	N:cds-YP_009724397.2	CAA	Q	AAA	K	242
NC_045512.2	28998	A	G	6482	2950	38	5	3	34	0.000770772	6487	0.72576	FALSE	N:cds-YP_009724397.2	CAA	Q	CGA	R	242
NC_045512.2	28999	A	G	6610	2972	39	2	2	30	0.00030248	6612	0.964902	FALSE	N:cds-YP_009724397.2	CAA	Q	CAG	Q	242
NC_045512.2	29000	G	A	6708	3020	39	2	0	34	0.000298063	6710	0.964901	FALSE	N:cds-YP_009724397.2	GGC	G	AGC	S	243
NC_045512.2	29001	G	T	6782	3033	39	1	0	34	0.000147384	6785	0.992196	FALSE	N:cds-YP_009724397.2	GGC	G	GTC	V	243
NC_045512.2	29001	G	A	6782	3033	39	2	0	51	0.000294768	6785	0.249982	FALSE	N:cds-YP_009724397.2	GGC	G	GAC	D	243
NC_045512.2	29004	A	T	6587	2951	39	1	0	26	0.000151768	6589	1	FALSE	N:cds-YP_009724397.2	CAA	Q	CTA	L	244
NC_045512.2	29004	A	G	6587	2951	39	1	1	34	0.000151768	6589	0.9922	FALSE	N:cds-YP_009724397.2	CAA	Q	CGA	R	244
NC_045512.2	29005	A	T	6686	3044	39	1	1	34	0.000149522	6688	0.9922	FALSE	N:cds-YP_009724397.2	CAA	Q	CAT	H	244
NC_045512.2	29005	A	G	6686	3044	39	1	0	34	0.000149522	6688	0.9922	FALSE	N:cds-YP_009724397.2	CAA	Q	CAG	Q	244
NC_045512.2	29006	A	G	6361	3014	38	2	2	34	0.000314317	6363	0.964904	FALSE	N:cds-YP_009724397.2	ACT	T	GCT	A	245
NC_045512.2	29009	G	T	6617	3069	39	1	1	34	0.000151035	6621	0.992192	FALSE	N:cds-YP_009724397.2	GTC	V	TTC	F	246
NC_045512.2	29009	G	C	6617	3069	39	1	0	26	0.000151035	6621	1	FALSE	N:cds-YP_009724397.2	GTC	V	CTC	L	246
NC_045512.2	29009	G	A	6617	3069	39	2	1	34	0.000302069	6621	0.964869	FALSE	N:cds-YP_009724397.2	GTC	V	ATC	I	246
NC_045512.2	29011	C	A	6632	3073	39	1	1	34	0.000150761	6633	0.992204	FALSE	N:cds-YP_009724397.2	GTC	V	GTA	V	246
NC_045512.2	29012	A	T	6449	2974	38	1	0	20	0.000155039	6450	1	FALSE	N:cds-YP_009724397.2	ACT	T	TCT	S	247
NC_045512.2	29015	A	T	7014	3729	40	1	0	20	0.000142552	7015	1	FALSE	N:cds-YP_009724397.2	AAG	K	TAG	*	248
NC_045512.2	29016	A	C	6874	3797	39	1	1	27	0.000145455	6875	1	FALSE	N:cds-YP_009724397.2	AAG	K	ACG	T	248
NC_045512.2	29019	A	G	7051	3909	40	1	1	34	0.000141804	7052	0.996104	FALSE	N:cds-YP_009724397.2	AAA	K	AGA	R	249
NC_045512.2	29020	A	G	6995	3834	39	1	0	26	0.000142939	6996	1	FALSE	N:cds-YP_009724397.2	AAA	K	AAG	K	249
NC_045512.2	29021	T	G	6858	3840	39	1	0	27	0.000145794	6859	1	FALSE	N:cds-YP_009724397.2	TCT	S	GCT	A	250
NC_045512.2	29022	C	A	7018	4011	39	1	1	26	0.00014247	7019	1	FALSE	N:cds-YP_009724397.2	TCT	S	TAT	Y	250
NC_045512.2	29024	G	A	6985	3962	39	1	0	68	0.000143143	6986	0.500036	FALSE	N:cds-YP_009724397.2	GCT	A	ACT	T	251
NC_045512.2	29027	G	A	6910	4030	39	1	0	34	0.000144697	6911	0.992203	FALSE	N:cds-YP_009724397.2	GCT	A	ACT	T	252
NC_045512.2	29029	T	C	6820	4038	39	1	1	34	0.000146606	6821	0.992204	FALSE	N:cds-YP_009724397.2	GCT	A	GCC	A	252
NC_045512.2	29031	A	G	6735	3972	39	1	1	34	0.000148456	6736	0.992204	FALSE	N:cds-YP_009724397.2	GAG	E	GGG	G	253
NC_045512.2	29032	G	A	6804	4022	38	1	0	34	0.000146951	6805	0.992204	FALSE	N:cds-YP_009724397.2	GAG	E	GAA	E	253
NC_045512.2	29033	G	C	6809	4023	38	1	1	34	0.000146843	6810	0.992204	FALSE	N:cds-YP_009724397.2	GCT	A	CCT	P	254
NC_045512.2	29035	T	G	6992	4088	38	3	3	34	0.000428694	6998	0.910156	FALSE	N:cds-YP_009724397.2	GCT	A	GCG	A	254
NC_045512.2	29035	T	C	6992	4088	38	1	1	34	0.000142898	6998	0.992184	FALSE	N:cds-YP_009724397.2	GCT	A	GCC	A	254
NC_045512.2	29035	T	A	6992	4088	38	2	2	47	0.000285796	6998	0.249875	FALSE	N:cds-YP_009724397.2	GCT	A	GCA	A	254
NC_045512.2	29039	A	T	7019	4057	38	2	2	51	0.00028486	7021	0.250018	FALSE	N:cds-YP_009724397.2	AAG	K	TAG	*	256
NC_045512.2	29040	A	T	7015	4107	38	3	1	34	0.000427472	7018	0.9454	FALSE	N:cds-YP_009724397.2	AAG	K	ATG	M	256
NC_045512.2	29042	A	T	5883	4032	36	2	1	30	0.000339847	5885	0.937584	FALSE	N:cds-YP_009724397.2	AAG	K	TAG	*	257
NC_045512.2	29044	G	T	6438	3887	37	1	1	34	0.000155304	6439	0.992204	FALSE	N:cds-YP_009724397.2	AAG	K	AAT	N	257
NC_045512.2	29046	C	A	6509	4018	38	1	1	34	0.00015361	6510	0.992204	FALSE	N:cds-YP_009724397.2	CCT	P	CAT	H	258
NC_045512.2	29047	T	C	6408	3944	38	4	3	32	0.00062383	6412	0.828285	FALSE	N:cds-YP_009724397.2	CCT	P	CCC	P	258
NC_045512.2	29049	G	A	6482	3923	38	2	1	34	0.000308452	6484	0.964903	FALSE	N:cds-YP_009724397.2	CGG	R	CAG	Q	259
NC_045512.2	29050	G	C	6716	4188	38	1	1	34	0.00014881	6720	0.992192	FALSE	N:cds-YP_009724397.2	CGG	R	CGC	R	259
NC_045512.2	29050	G	A	6716	4188	38	3	3	45	0.000446429	6720	0.124972	FALSE	N:cds-YP_009724397.2	CGG	R	CGA	R	259
NC_045512.2	29051	C	A	6649	4278	38	2	1	30	0.000300707	6651	0.964901	FALSE	N:cds-YP_009724397.2	CAA	Q	AAA	K	260
NC_045512.2	29052	A	C	6326	3952	37	1	1	26	0.000158053	6327	1	FALSE	N:cds-YP_009724397.2	CAA	Q	CCA	P	260
NC_045512.2	29055	A	G	6786	4459	38	1	1	34	0.000147275	6790	0.992192	FALSE	N:cds-YP_009724397.2	AAA	K	AGA	R	261
NC_045512.2	29055	A	C	6786	4459	38	3	3	34	0.000441826	6790	0.910229	FALSE	N:cds-YP_009724397.2	AAA	K	ACA	T	261
NC_045512.2	29056	A	C	6799	4471	38	1	0	26	0.000147059	6800	1	FALSE	N:cds-YP_009724397.2	AAA	K	AAC	N	261
NC_045512.2	29058	G	A	6817	4490	38	1	0	34	0.000146671	6818	0.992204	FALSE	N:cds-YP_009724397.2	CGT	R	CAT	H	262
NC_045512.2	29059	T	C	6586	4298	37	2	0	34	0.000303582	6588	0.964902	FALSE	N:cds-YP_009724397.2	CGT	R	CGC	R	262
NC_045512.2	29060	A	G	7104	4880	38	1	0	68	0.000140726	7106	0.5	FALSE	N:cds-YP_009724397.2	ACT	T	GCT	A	263
NC_045512.2	29060	A	C	7104	4880	38	1	0	34	0.000140726	7106	0.996101	FALSE	N:cds-YP_009724397.2	ACT	T	CCT	P	263
NC_045512.2	29062	T	C	6990	4879	38	1	1	34	0.000143041	6991	0.992203	FALSE	N:cds-YP_009724397.2	ACT	T	ACC	T	263
NC_045512.2	29063	G	-C	6903	4723	38	1	0	20	0.000144865	6903	1	FALSE	NA	NA	NA	NA	NA	NA
NC_045512.2	29064	C	A	7118	4920	38	2	1	30	0.000280899	7120	0.980498	FALSE	N:cds-YP_009724397.2	GCC	A	GAC	D	264
NC_045512.2	29068	T	C	7314	5125	38	3	1	42	0.000410004	7317	0.125	FALSE	N:cds-YP_009724397.2	ACT	T	ACC	T	265
NC_045512.2	29069	A	G	7320	4999	38	3	1	45	0.000409668	7323	0.125	FALSE	N:cds-YP_009724397.2	AAA	K	GAA	E	266
NC_045512.2	29071	A	G	7508	5130	38	1	1	24	0.000133174	7509	1	FALSE	N:cds-YP_009724397.2	AAA	K	AAG	K	266
NC_045512.2	29074	A	G	7732	5314	39	1	0	24	0.000129316	7733	1	FALSE	N:cds-YP_009724397.2	GCA	A	GCG	A	267
NC_045512.2	29076	A	G	7630	5358	39	1	0	34	0.000131027	7632	0.996101	FALSE	N:cds-YP_009724397.2	TAC	Y	TGC	C	268
NC_045512.2	29076	A	C	7630	5358	39	1	1	27	0.000131027	7632	1	FALSE	N:cds-YP_009724397.2	TAC	Y	TCC	S	268
NC_045512.2	29077	C	A	7815	5414	39	1	1	34	0.000127943	7816	0.996103	FALSE	N:cds-YP_009724397.2	TAC	Y	TAA	*	268
NC_045512.2	29079	A	G	7868	5204	39	1	0	68	0.000127065	7870	0.5	FALSE	N:cds-YP_009724397.2	AAT	N	AGT	S	269
NC_045512.2	29079	A	C	7868	5204	39	1	1	26	0.000127065	7870	1	FALSE	N:cds-YP_009724397.2	AAT	N	ACT	T	269
NC_045512.2	29080	T	A	7383	4866	38	1	0	34	0.000135428	7384	0.996103	FALSE	N:cds-YP_009724397.2	AAT	N	AAA	K	269
NC_045512.2	29082	T	C	6999	4513	38	1	1	68	0.000142857	7000	0.500036	FALSE	N:cds-YP_009724397.2	GTA	V	GCA	A	270
NC_045512.2	29083	A	G	7335	4881	39	2	1	34	0.000272591	7337	0.980507	FALSE	N:cds-YP_009724397.2	GTA	V	GTG	V	270
NC_045512.2	29084	A	C	7419	4904	39	1	1	26	0.000134771	7420	1	FALSE	N:cds-YP_009724397.2	ACA	T	CCA	P	271
NC_045512.2	29087	C	A	7227	4831	39	2	2	51	0.000276663	7229	0.250017	FALSE	N:cds-YP_009724397.2	CAA	Q	AAA	K	272
NC_045512.2	29089	A	C	6608	4234	39	1	1	34	0.000151309	6609	0.992204	FALSE	N:cds-YP_009724397.2	CAA	Q	CAC	H	272
NC_045512.2	29090	G	T	6607	4271	39	1	1	26	0.000151286	6610	1	FALSE	N:cds-YP_009724397.2	GCT	A	TCT	S	273
NC_045512.2	29090	G	A	6607	4271	39	2	2	47	0.000302572	6610	0.249981	FALSE	N:cds-YP_009724397.2	GCT	A	ACT	T	273
NC_045512.2	29094	T	C	6672	4483	39	1	0	68	0.000149858	6673	0.500037	FALSE	N:cds-YP_009724397.2	TTC	F	TCC	S	274
NC_045512.2	29097	G	A	6639	4497	39	2	1	51	0.000301159	6641	0.250019	FALSE	N:cds-YP_009724397.2	GGC	G	GAC	D	275
NC_045512.2	29098	C	T	6727	4597	39	2	2	68	0.000297221	6729	0.250019	FALSE	N:cds-YP_009724397.2	GGC	G	GGT	G	275
NC_045512.2	29101	A	G	6824	4886	39	1	0	34	0.00014652	6825	0.992204	FALSE	N:cds-YP_009724397.2	AGA	R	AGG	R	276
NC_045512.2	29102	C	T	6857	4954	39	1	1	34	0.000145794	6859	0.992199	FALSE	N:cds-YP_009724397.2	CGT	R	TGT	C	277
NC_045512.2	29102	C	A	6857	4954	39	1	0	34	0.000145794	6859	0.992199	FALSE	N:cds-YP_009724397.2	CGT	R	AGT	S	277
NC_045512.2	29103	G	C	6837	4939	39	1	1	34	0.000146199	6840	0.992195	FALSE	N:cds-YP_009724397.2	CGT	R	CCT	P	277
NC_045512.2	29103	G	A	6837	4939	39	2	0	34	0.000292398	6840	0.964884	FALSE	N:cds-YP_009724397.2	CGT	R	CAT	H	277
NC_045512.2	29107	T	G	7144	5097	40	1	0	26	0.000139938	7146	1	FALSE	N:cds-YP_009724397.2	GGT	G	GGG	G	278
NC_045512.2	29107	T	A	7144	5097	40	1	0	34	0.000139938	7146	0.996101	FALSE	N:cds-YP_009724397.2	GGT	G	GGA	G	278
NC_045512.2	29109	C	G	7171	5265	39	1	0	34	0.000139412	7173	0.996101	FALSE	N:cds-YP_009724397.2	CCA	P	CGA	R	279
NC_045512.2	29109	C	A	7171	5265	39	1	0	26	0.000139412	7173	1	FALSE	N:cds-YP_009724397.2	CCA	P	CAA	Q	279
NC_045512.2	29111	G	T	7139	5119	40	3	3	34	0.00042005	7142	0.945399	FALSE	N:cds-YP_009724397.2	GAA	E	TAA	*	280
NC_045512.2	29112	A	G	7587	5807	41	2	1	51	0.000263539	7589	0.250016	FALSE	N:cds-YP_009724397.2	GAA	E	GGA	G	280
NC_045512.2	29115	A	T	7434	5948	43	1	0	24	0.000134481	7436	1	FALSE	N:cds-YP_009724397.2	CAA	Q	CTA	L	281
NC_045512.2	29115	A	C	7434	5948	43	1	1	34	0.000134481	7436	0.996101	FALSE	N:cds-YP_009724397.2	CAA	Q	CCA	P	281
NC_045512.2	29116	A	T	7348	5862	43	1	1	26	0.000136036	7351	1	FALSE	N:cds-YP_009724397.2	CAA	Q	CAT	H	281
NC_045512.2	29116	A	G	7348	5862	43	1	0	60	0.000136036	7351	0.499966	FALSE	N:cds-YP_009724397.2	CAA	Q	CAG	Q	281
NC_045512.2	29116	A	C	7348	5862	43	1	1	34	0.000136036	7351	0.996099	FALSE	N:cds-YP_009724397.2	CAA	Q	CAC	H	281
NC_045512.2	29119	C	A	7517	6127	43	2	2	30	0.000265993	7519	0.980506	FALSE	N:cds-YP_009724397.2	ACC	T	ACA	T	282
NC_045512.2	29120	C	T	7418	6127	44	1	1	68	0.000134789	7419	0.500034	FALSE	N:cds-YP_009724397.2	CAA	Q	TAA	*	283
NC_045512.2	29121	A	C	7267	5979	43	1	1	27	0.000137589	7268	1	FALSE	N:cds-YP_009724397.2	CAA	Q	CCA	P	283
NC_045512.2	29126	A	G	7300	6038	43	1	1	34	0.000136968	7301	0.996103	FALSE	N:cds-YP_009724397.2	AAT	N	GAT	D	285
NC_045512.2	29127	A	-T	7332	6080	44	2	0	20	0.000272777	7332	1	FALSE	NA	NA	NA	NA	NA	NA
NC_045512.2	29128	T	G	7279	6074	43	1	0	27	0.000137363	7280	1	FALSE	N:cds-YP_009724397.2	AAT	N	AAG	K	285
NC_045512.2	29129	T	G	7199	5993	43	1	1	34	0.000138831	7203	0.996097	FALSE	N:cds-YP_009724397.2	TTT	F	GTT	V	286
NC_045512.2	29129	T	C	7199	5993	43	3	2	45	0.000416493	7203	0.124974	FALSE	N:cds-YP_009724397.2	TTT	F	CTT	L	286
NC_045512.2	29130	T	C	7253	6048	43	1	1	34	0.000137855	7254	0.996103	FALSE	N:cds-YP_009724397.2	TTT	F	TCT	S	286
NC_045512.2	29131	T	G	7173	5971	43	7	6	38	0.000974252	7185	0.604379	FALSE	N:cds-YP_009724397.2	TTT	F	TTG	L	286
NC_045512.2	29131	T	C	7173	5971	43	5	5	47	0.000695894	7185	0.031163	FALSE	N:cds-YP_009724397.2	TTT	F	TTC	F	286
NC_045512.2	29132	G	A	7327	6119	43	1	1	34	0.000136463	7328	0.996103	FALSE	N:cds-YP_009724397.2	GGG	G	AGG	R	287
NC_045512.2	29133	G	T	7270	6119	43	2	2	34	0.000275028	7272	0.980507	FALSE	N:cds-YP_009724397.2	GGG	G	GTG	V	287
NC_045512.2	29134	G	A	7224	6096	43	2	2	34	0.000276778	7226	0.980508	FALSE	N:cds-YP_009724397.2	GGG	G	GGA	G	287
NC_045512.2	29135	G	C	7245	6204	42	1	1	26	0.000137988	7247	1	FALSE	N:cds-YP_009724397.2	GAC	D	CAC	H	288
NC_045512.2	29135	G	A	7245	6204	42	1	0	68	0.000137988	7247	0.5	FALSE	N:cds-YP_009724397.2	GAC	D	AAC	N	288
NC_045512.2	29136	A	T	7108	6069	42	1	1	26	0.000140667	7109	1	FALSE	N:cds-YP_009724397.2	GAC	D	GTC	V	288
NC_045512.2	29138	C	A	7203	6220	42	1	1	34	0.000138812	7204	0.996104	FALSE	N:cds-YP_009724397.2	CAG	Q	AAG	K	289
NC_045512.2	29139	A	T	6969	5988	41	1	1	34	0.000143451	6971	0.992199	FALSE	N:cds-YP_009724397.2	CAG	Q	CTG	L	289
NC_045512.2	29139	A	C	6969	5988	41	1	1	34	0.000143451	6971	0.992199	FALSE	N:cds-YP_009724397.2	CAG	Q	CCG	P	289
NC_045512.2	29140	G	C	7028	6049	42	1	1	26	0.000142248	7030	1	FALSE	N:cds-YP_009724397.2	CAG	Q	CAC	H	289
NC_045512.2	29140	G	A	7028	6049	42	1	1	34	0.000142248	7030	0.996102	FALSE	N:cds-YP_009724397.2	CAG	Q	CAA	Q	289
NC_045512.2	29141	G	T	6991	6017	42	2	2	34	0.000285959	6994	0.964883	FALSE	N:cds-YP_009724397.2	GAA	E	TAA	*	290
NC_045512.2	29141	G	C	6991	6017	42	1	1	26	0.00014298	6994	1	FALSE	N:cds-YP_009724397.2	GAA	E	CAA	Q	290
NC_045512.2	29142	A	T	7017	6042	41	1	1	34	0.00014245	7020	0.996099	FALSE	N:cds-YP_009724397.2	GAA	E	GTA	V	290
NC_045512.2	29142	A	G	7017	6042	41	2	2	47	0.0002849	7020	0.249982	FALSE	N:cds-YP_009724397.2	GAA	E	GGA	G	290
NC_045512.2	29143	A	G	6989	6023	41	1	1	68	0.000143062	6990	0.500036	FALSE	N:cds-YP_009724397.2	GAA	E	GAG	E	290
NC_045512.2	29144	C	T	7008	6039	42	1	1	34	0.000142674	7009	0.996104	FALSE	N:cds-YP_009724397.2	CTA	L	TTA	L	291
NC_045512.2	29145	T	C	6775	5823	41	1	1	34	0.00014758	6776	0.992204	FALSE	N:cds-YP_009724397.2	CTA	L	CCA	P	291
NC_045512.2	29148	T	G	6727	5761	42	1	1	34	0.000148633	6728	0.992204	FALSE	N:cds-YP_009724397.2	ATC	I	AGC	S	292
NC_045512.2	29149	C	A	6750	5832	42	1	1	34	0.000148126	6751	0.992204	FALSE	N:cds-YP_009724397.2	ATC	I	ATA	I	292
NC_045512.2	29150	A	C	6386	5485	42	1	1	26	0.000156568	6387	1	FALSE	N:cds-YP_009724397.2	AGA	R	CGA	R	293
NC_045512.2	29155	A	C	6091	5246	42	2	2	34	0.000328246	6093	0.964907	FALSE	N:cds-YP_009724397.2	CAA	Q	CAC	H	294
NC_045512.2	29156	G	T	6083	5248	42	1	1	68	0.000164366	6084	0.500041	FALSE	N:cds-YP_009724397.2	GGA	G	TGA	*	295
NC_045512.2	29157	G	A	6063	5233	41	1	1	34	0.000164908	6064	0.992206	FALSE	N:cds-YP_009724397.2	GGA	G	GAA	E	295
NC_045512.2	29158	A	C	6077	5256	41	1	1	24	0.000164528	6078	1	FALSE	N:cds-YP_009724397.2	GGA	G	GGC	G	295
NC_045512.2	29160	C	A	6069	5250	42	3	3	34	0.000494071	6072	0.910278	FALSE	N:cds-YP_009724397.2	ACT	T	AAT	N	296
NC_045512.2	29161	T	C	5406	4612	42	1	1	34	0.000184945	5407	0.984405	FALSE	N:cds-YP_009724397.2	ACT	T	ACC	T	296
NC_045512.2	29162	G	C	5538	4745	42	1	1	34	0.000180538	5539	0.984405	FALSE	N:cds-YP_009724397.2	GAT	D	CAT	H	297
NC_045512.2	29165	T	G	5475	4731	42	1	1	26	0.000182615	5476	1	FALSE	N:cds-YP_009724397.2	TAC	Y	GAC	D	298
NC_045512.2	29166	A	G	14214	4255	35	1	0	34	7.03482e-05	14215	0.99997	FALSE	N:cds-YP_009724397.2	TAC	Y	TGC	C	298
NC_045512.2	29167	C	T	15211	5048	36	2	1	34	0.000131467	15213	0.999863	FALSE	N:cds-YP_009724397.2	TAC	Y	TAT	Y	298
NC_045512.2	29168	A	T	15122	5019	36	1	1	24	6.61244e-05	15123	1	FALSE	N:cds-YP_009724397.2	AAA	K	TAA	*	299
NC_045512.2	29170	A	G	13630	5159	34	1	0	34	7.33622e-05	13631	0.999939	FALSE	N:cds-YP_009724397.2	AAA	K	AAG	K	299
NC_045512.2	29173	T	C	14898	4668	36	1	0	34	6.71141e-05	14900	0.99997	FALSE	N:cds-YP_009724397.2	CAT	H	CAC	H	300
NC_045512.2	29173	T	A	14898	4668	36	1	0	26	6.71141e-05	14900	1	FALSE	N:cds-YP_009724397.2	CAT	H	CAA	Q	300
NC_045512.2	29174	T	C	14566	5283	37	2	1	34	0.000137287	14568	0.999742	FALSE	N:cds-YP_009724397.2	TGG	W	CGG	R	301
NC_045512.2	29174	T	-G	14566	5283	37	1	0	20	6.86436e-05	14568	1	FALSE	NA	NA	NA	NA	NA	NA
NC_045512.2	29175	G	T	15239	5386	38	1	0	34	6.56082e-05	15242	0.999985	FALSE	N:cds-YP_009724397.2	TGG	W	TTG	L	301
NC_045512.2	29175	G	A	15239	5386	38	2	0	34	0.000131216	15242	0.999863	FALSE	N:cds-YP_009724397.2	TGG	W	TAG	*	301
NC_045512.2	29176	G	T	15276	5353	38	4	0	32	0.000261763	15281	0.997793	FALSE	N:cds-YP_009724397.2	TGG	W	TGT	C	301
NC_045512.2	29176	G	A	15276	5353	38	1	0	34	6.54407e-05	15281	0.999985	FALSE	N:cds-YP_009724397.2	TGG	W	TGA	*	301
NC_045512.2	29177	C	T	15360	5489	38	3	1	34	0.000195274	15363	0.999346	FALSE	N:cds-YP_009724397.2	CCG	P	TCG	S	302
NC_045512.2	29178	C	T	15331	5448	38	2	2	34	0.000130421	15335	0.999863	FALSE	N:cds-YP_009724397.2	CCG	P	CTG	L	302
NC_045512.2	29178	C	G	15331	5448	38	1	0	34	6.52103e-05	15335	0.999985	FALSE	N:cds-YP_009724397.2	CCG	P	CGG	R	302
NC_045512.2	29178	C	A	15331	5448	38	1	1	34	6.52103e-05	15335	0.999985	FALSE	N:cds-YP_009724397.2	CCG	P	CAG	Q	302
NC_045512.2	29179	G	A	15261	5384	38	12	1	36	0.0007857	15273	0.779119	FALSE	N:cds-YP_009724397.2	CCG	P	CCA	P	302
NC_045512.2	29180	C	T	15364	5718	39	3	2	28	0.000195198	15369	1	FALSE	N:cds-YP_009724397.2	CAA	Q	TAA	*	303
NC_045512.2	29180	C	G	15364	5718	39	1	0	34	6.5066e-05	15369	0.999985	FALSE	N:cds-YP_009724397.2	CAA	Q	GAA	E	303
NC_045512.2	29180	C	A	15364	5718	39	1	1	26	6.5066e-05	15369	1	FALSE	N:cds-YP_009724397.2	CAA	Q	AAA	K	303
NC_045512.2	29181	A	G	15421	5704	38	10	1	31	0.000648046	15431	0.885365	FALSE	N:cds-YP_009724397.2	CAA	Q	CGA	R	303
NC_045512.2	29182	A	T	15561	5675	38	1	1	34	6.4255e-05	15563	0.999985	FALSE	N:cds-YP_009724397.2	CAA	Q	CAT	H	303
NC_045512.2	29182	A	G	15561	5675	38	1	0	27	6.4255e-05	15563	1	FALSE	N:cds-YP_009724397.2	CAA	Q	CAG	Q	303
NC_045512.2	29183	A	C	15061	5702	38	6	6	31	0.000398221	15067	0.986729	FALSE	N:cds-YP_009724397.2	ATT	I	CTT	L	304
NC_045512.2	29185	T	C	15595	5701	38	5	1	34	0.000320513	15600	0.994106	FALSE	N:cds-YP_009724397.2	ATT	I	ATC	I	304
NC_045512.2	29186	G	T	15983	5736	39	2	1	30	0.000125078	15990	0.999863	FALSE	N:cds-YP_009724397.2	GCA	A	TCA	S	305
NC_045512.2	29186	G	A	15983	5736	39	5	1	34	0.000312695	15990	0.994101	FALSE	N:cds-YP_009724397.2	GCA	A	ACA	T	305
NC_045512.2	29187	C	T	15970	5770	39	3	3	42	0.000187735	15980	0.312347	FALSE	N:cds-YP_009724397.2	GCA	A	GTA	V	305
NC_045512.2	29187	C	G	15970	5770	39	5	0	31	0.000312891	15980	0.994095	FALSE	N:cds-YP_009724397.2	GCA	A	GGA	G	305
NC_045512.2	29187	C	A	15970	5770	39	2	1	26	0.000125156	15980	1	FALSE	N:cds-YP_009724397.2	GCA	A	GAA	E	305
NC_045512.2	29188	A	G	15950	5673	39	1	0	34	6.2692e-05	15951	0.999985	FALSE	N:cds-YP_009724397.2	GCA	A	GCG	A	305
NC_045512.2	29190	A	T	16182	5580	39	1	1	26	6.17894e-05	16184	1	FALSE	N:cds-YP_009724397.2	CAA	Q	CTA	L	306
NC_045512.2	29190	A	G	16182	5580	39	1	0	34	6.17894e-05	16184	0.999992	FALSE	N:cds-YP_009724397.2	CAA	Q	CGA	R	306
NC_045512.2	29192	T	G	16550	5631	39	6	0	30	0.000362341	16559	0.991561	FALSE	N:cds-YP_009724397.2	TTT	F	GTT	V	307
NC_045512.2	29192	T	C	16550	5631	39	1	0	68	6.03901e-05	16559	0.499894	FALSE	N:cds-YP_009724397.2	TTT	F	CTT	L	307
NC_045512.2	29192	T	A	16550	5631	39	2	0	40	0.00012078	16559	0.499864	FALSE	N:cds-YP_009724397.2	TTT	F	ATT	I	307
NC_045512.2	29193	T	G	16520	5612	39	2	0	34	0.000121007	16528	0.999928	FALSE	N:cds-YP_009724397.2	TTT	F	TGT	C	307
NC_045512.2	29193	T	C	16520	5612	39	6	1	37	0.00036302	16528	0.991564	FALSE	N:cds-YP_009724397.2	TTT	F	TCT	S	307
NC_045512.2	29194	T	C	16210	5601	38	9	2	44	0.000554905	16219	0.0107354	FALSE	N:cds-YP_009724397.2	TTT	F	TTC	F	307
NC_045512.2	29195	G	T	16842	5574	39	1	0	27	5.93613e-05	16846	1	FALSE	N:cds-YP_009724397.2	GCC	A	TCC	S	308
NC_045512.2	29195	G	A	16842	5574	39	3	1	34	0.000178084	16846	0.999637	FALSE	N:cds-YP_009724397.2	GCC	A	ACC	T	308
NC_045512.2	29196	C	T	16895	5604	39	11	3	43	0.000650657	16906	0.00317049	TRUE	N:cds-YP_009724397.2	GCC	A	GTC	V	308
NC_045512.2	29198	C	A	16892	5526	39	1	0	34	5.91961e-05	16893	0.999992	FALSE	N:cds-YP_009724397.2	CCC	P	ACC	T	309
NC_045512.2	29199	C	T	16791	5412	39	1	0	34	5.95451e-05	16794	0.999992	FALSE	N:cds-YP_009724397.2	CCC	P	CTC	L	309
NC_045512.2	29199	C	A	16791	5412	39	2	1	30	0.00011909	16794	0.999928	FALSE	N:cds-YP_009724397.2	CCC	P	CAC	H	309
NC_045512.2	29200	C	G	16788	5285	39	3	1	31	0.000178657	16792	0.999637	FALSE	N:cds-YP_009724397.2	CCC	P	CCG	P	309
NC_045512.2	29200	C	A	16788	5285	39	1	1	34	5.95522e-05	16792	0.999992	FALSE	N:cds-YP_009724397.2	CCC	P	CCA	P	309
NC_045512.2	29201	A	G	16501	5050	39	3	2	34	0.000181774	16504	0.999637	FALSE	N:cds-YP_009724397.2	AGC	S	GGC	G	310
NC_045512.2	29202	G	T	16892	5076	39	1	0	34	5.91961e-05	16893	0.999992	FALSE	N:cds-YP_009724397.2	AGC	S	ATC	I	310
NC_045512.2	29203	C	T	13681	2066	39	2	0	34	0.000146167	13683	0.999513	FALSE	N:cds-YP_009724397.2	AGC	S	AGT	S	310
NC_045512.2	29204	G	A	13880	2066	39	3	1	45	0.000216092	13883	0.312514	FALSE	N:cds-YP_009724397.2	GCT	A	ACT	T	311
NC_045512.2	29205	C	A	14354	2093	39	1	0	34	6.96621e-05	14355	0.99997	FALSE	N:cds-YP_009724397.2	GCT	A	GAT	D	311
NC_045512.2	29206	T	G	14355	2077	39	2	1	51	0.000139295	14358	0.249991	FALSE	N:cds-YP_009724397.2	GCT	A	GCG	A	311
NC_045512.2	29206	T	C	14355	2077	39	1	1	24	6.96476e-05	14358	1	FALSE	N:cds-YP_009724397.2	GCT	A	GCC	A	311
NC_045512.2	29207	T	C	14414	2077	39	1	0	34	6.93674e-05	14416	0.99997	FALSE	N:cds-YP_009724397.2	TCA	S	CCA	P	312
NC_045512.2	29207	T	A	14414	2077	39	1	1	34	6.93674e-05	14416	0.99997	FALSE	N:cds-YP_009724397.2	TCA	S	ACA	T	312
NC_045512.2	29210	G	A	14586	2060	39	2	0	34	0.000137099	14588	0.999742	FALSE	N:cds-YP_009724397.2	GCG	A	ACG	T	313
NC_045512.2	29211	C	T	14604	2131	39	4	1	38	0.000273785	14610	0.996238	FALSE	N:cds-YP_009724397.2	GCG	A	GTG	V	313
NC_045512.2	29211	C	A	14604	2131	39	2	1	47	0.000136893	14610	0.499923	FALSE	N:cds-YP_009724397.2	GCG	A	GAG	E	313
NC_045512.2	29212	G	A	14755	2143	39	3	0	45	0.00020328	14758	0.312513	FALSE	N:cds-YP_009724397.2	GCG	A	GCA	A	313
NC_045512.2	29213	T	C	14639	2130	39	1	1	68	6.83013e-05	14641	0.5	FALSE	N:cds-YP_009724397.2	TTC	F	CTC	L	314
NC_045512.2	29213	T	A	14639	2130	39	1	0	34	6.83013e-05	14641	0.99997	FALSE	N:cds-YP_009724397.2	TTC	F	ATC	I	314
NC_045512.2	29214	T	G	14642	2088	39	1	0	27	6.82734e-05	14647	1	FALSE	N:cds-YP_009724397.2	TTC	F	TGC	C	314
NC_045512.2	29214	T	C	14642	2088	39	4	2	40	0.000273093	14647	0.187479	FALSE	N:cds-YP_009724397.2	TTC	F	TCC	S	314
NC_045512.2	29216	T	G	15391	2217	39	1	0	34	6.49646e-05	15393	0.999985	FALSE	N:cds-YP_009724397.2	TTC	F	GTC	V	315
NC_045512.2	29216	T	C	15391	2217	39	1	0	68	6.49646e-05	15393	0.5	FALSE	N:cds-YP_009724397.2	TTC	F	CTC	L	315
NC_045512.2	29217	T	G	15652	2249	39	1	0	34	6.38774e-05	15655	0.999985	FALSE	N:cds-YP_009724397.2	TTC	F	TGC	C	315
NC_045512.2	29217	T	C	15652	2249	39	2	0	51	0.000127755	15655	0.249992	FALSE	N:cds-YP_009724397.2	TTC	F	TCC	S	315
NC_045512.2	29218	C	A	15767	2266	39	2	0	34	0.000126831	15769	0.999863	FALSE	N:cds-YP_009724397.2	TTC	F	TTA	L	315
NC_045512.2	29219	G	T	15759	2264	39	3	2	28	0.000190319	15763	1	FALSE	N:cds-YP_009724397.2	GGA	G	TGA	*	316
NC_045512.2	29219	G	A	15759	2264	39	1	0	34	6.34397e-05	15763	0.999985	FALSE	N:cds-YP_009724397.2	GGA	G	AGA	R	316
NC_045512.2	29220	G	T	15842	2290	39	1	0	34	6.31194e-05	15843	0.999985	FALSE	N:cds-YP_009724397.2	GGA	G	GTA	V	316
NC_045512.2	29220	G	-A	15842	2290	39	1	0	20	6.31194e-05	15843	1	FALSE	NA	NA	NA	NA	NA	NA
NC_045512.2	29221	A	T	15805	2297	39	1	1	34	6.32511e-05	15810	0.999985	FALSE	N:cds-YP_009724397.2	GGA	G	GGT	G	316
NC_045512.2	29221	A	G	15805	2297	39	4	1	45	0.000253004	15810	0.18746	FALSE	N:cds-YP_009724397.2	GGA	G	GGG	G	316
NC_045512.2	29224	G	T	16278	2374	39	1	0	34	6.14288e-05	16279	0.999992	FALSE	N:cds-YP_009724397.2	ATG	M	ATT	I	317
NC_045512.2	29225	T	C	16231	2365	39	1	1	34	6.16029e-05	16233	0.999992	FALSE	N:cds-YP_009724397.2	TCG	S	CCG	P	318
NC_045512.2	29225	T	A	16231	2365	39	1	0	34	6.16029e-05	16233	0.999992	FALSE	N:cds-YP_009724397.2	TCG	S	ACG	T	318
NC_045512.2	29226	C	T	16332	2375	40	2	1	40	0.000122444	16334	0.500023	FALSE	N:cds-YP_009724397.2	TCG	S	TTG	L	318
NC_045512.2	29227	G	T	16327	2378	39	1	0	34	6.1207e-05	16338	0.999992	FALSE	N:cds-YP_009724397.2	TCG	S	TCT	S	318
NC_045512.2	29227	G	A	16327	2378	39	10	0	40	0.00061207	16338	0.0058528	TRUE	N:cds-YP_009724397.2	TCG	S	TCA	S	318
NC_045512.2	29228	C	G	16374	2390	39	1	0	27	6.10687e-05	16375	1	FALSE	N:cds-YP_009724397.2	CGC	R	GGC	G	319
NC_045512.2	29229	G	T	16424	2368	39	1	0	34	6.08717e-05	16428	0.999992	FALSE	N:cds-YP_009724397.2	CGC	R	CTC	L	319
NC_045512.2	29229	G	A	16424	2368	39	3	0	56	0.000182615	16428	0.124989	FALSE	N:cds-YP_009724397.2	CGC	R	CAC	H	319
NC_045512.2	29230	C	T	16515	2413	40	3	1	45	0.00018162	16518	0.312511	FALSE	N:cds-YP_009724397.2	CGC	R	CGT	R	319
NC_045512.2	29231	A	T	16471	2417	39	1	0	34	6.07091e-05	16472	0.999992	FALSE	N:cds-YP_009724397.2	ATT	I	TTT	F	320
NC_045512.2	29232	T	G	16359	2411	39	1	0	27	6.1121e-05	16361	1	FALSE	N:cds-YP_009724397.2	ATT	I	AGT	S	320
NC_045512.2	29232	T	C	16359	2411	39	1	0	34	6.1121e-05	16361	0.999992	FALSE	N:cds-YP_009724397.2	ATT	I	ACT	T	320
NC_045512.2	29233	T	C	16242	2451	39	2	1	51	0.000123122	16244	0.250008	FALSE	N:cds-YP_009724397.2	ATT	I	ATC	I	320
NC_045512.2	29234	G	T	17164	2453	39	3	0	31	0.000174754	17167	0.9998	FALSE	N:cds-YP_009724397.2	GGC	G	TGC	C	321
NC_045512.2	29235	G	T	17495	2449	39	3	0	28	0.000171429	17500	1	FALSE	N:cds-YP_009724397.2	GGC	G	GTC	V	321
NC_045512.2	29235	G	A	17495	2449	39	2	0	34	0.000114286	17500	0.999962	FALSE	N:cds-YP_009724397.2	GGC	G	GAC	D	321
NC_045512.2	29236	C	T	17592	2470	39	1	0	68	5.68343e-05	17595	0.499986	FALSE	N:cds-YP_009724397.2	GGC	G	GGT	G	321
NC_045512.2	29236	C	A	17592	2470	39	2	0	30	0.000113669	17595	0.999962	FALSE	N:cds-YP_009724397.2	GGC	G	GGA	G	321
NC_045512.2	29237	A	G	17585	2469	39	1	0	34	5.68602e-05	17587	0.999996	FALSE	N:cds-YP_009724397.2	ATG	M	GTG	V	322
NC_045512.2	29237	A	C	17585	2469	39	1	0	26	5.68602e-05	17587	1	FALSE	N:cds-YP_009724397.2	ATG	M	CTG	L	322
NC_045512.2	29238	T	C	17530	2475	39	5	0	32	0.000285128	17536	0.997834	FALSE	N:cds-YP_009724397.2	ATG	M	ACG	T	322
NC_045512.2	29238	T	A	17530	2475	39	1	0	26	5.70255e-05	17536	1	FALSE	N:cds-YP_009724397.2	ATG	M	AAG	K	322
NC_045512.2	29239	G	T	17674	2490	39	1	0	34	5.65739e-05	17676	0.999996	FALSE	N:cds-YP_009724397.2	ATG	M	ATT	I	322
NC_045512.2	29239	G	A	17674	2490	39	1	0	34	5.65739e-05	17676	0.999996	FALSE	N:cds-YP_009724397.2	ATG	M	ATA	I	322
NC_045512.2	29240	G	A	17904	2495	39	1	0	34	5.58503e-05	17905	0.999996	FALSE	N:cds-YP_009724397.2	GAA	E	AAA	K	323
NC_045512.2	29241	A	T	18292	2761	40	1	0	27	5.46627e-05	18294	1	FALSE	N:cds-YP_009724397.2	GAA	E	GTA	V	323
NC_045512.2	29241	A	G	18292	2761	40	1	1	38	5.46627e-05	18294	0.999998	FALSE	N:cds-YP_009724397.2	GAA	E	GGA	G	323
NC_045512.2	29242	A	T	18640	2774	40	1	0	27	5.36366e-05	18644	1	FALSE	N:cds-YP_009724397.2	GAA	E	GAT	D	323
NC_045512.2	29242	A	G	18640	2774	40	3	0	31	0.00016091	18644	0.99989	FALSE	N:cds-YP_009724397.2	GAA	E	GAG	E	323
NC_045512.2	29243	G	T	18687	2774	40	1	0	34	5.35103e-05	18688	0.999998	FALSE	N:cds-YP_009724397.2	GTC	V	TTC	F	324
NC_045512.2	29244	T	C	18556	2770	40	5	3	36	0.000269382	18561	0.998705	FALSE	N:cds-YP_009724397.2	GTC	V	GCC	A	324
NC_045512.2	29245	C	G	18712	2849	40	2	0	34	0.000106866	18715	0.99998	FALSE	N:cds-YP_009724397.2	GTC	V	GTG	V	324
NC_045512.2	29245	C	A	18712	2849	40	1	0	34	5.34331e-05	18715	0.999998	FALSE	N:cds-YP_009724397.2	GTC	V	GTA	V	324
NC_045512.2	29246	A	G	18390	3013	40	2	0	34	0.000108737	18393	0.99998	FALSE	N:cds-YP_009724397.2	ACA	T	GCA	A	325
NC_045512.2	29246	A	C	18390	3013	40	1	1	27	5.43685e-05	18393	1	FALSE	N:cds-YP_009724397.2	ACA	T	CCA	P	325
NC_045512.2	29247	C	G	17683	3298	40	2	0	30	0.00011309	17685	0.999962	FALSE	N:cds-YP_009724397.2	ACA	T	AGA	R	325
NC_045512.2	29248	A	C	17527	3352	40	1	0	34	5.70516e-05	17528	0.999996	FALSE	N:cds-YP_009724397.2	ACA	T	ACC	T	325
NC_045512.2	29250	C	T	15827	3813	39	1	0	34	6.31792e-05	15828	0.999985	FALSE	N:cds-YP_009724397.2	CCT	P	CTT	L	326
NC_045512.2	29251	T	G	15750	3700	39	1	0	26	6.3488e-05	15751	1	FALSE	N:cds-YP_009724397.2	CCT	P	CCG	P	326
NC_045512.2	29252	T	G	15805	3709	39	1	0	34	6.32631e-05	15807	0.999985	FALSE	N:cds-YP_009724397.2	TCG	S	GCG	A	327
NC_045512.2	29252	T	C	15805	3709	39	1	0	34	6.32631e-05	15807	0.999985	FALSE	N:cds-YP_009724397.2	TCG	S	CCG	P	327
NC_045512.2	29253	C	A	15870	3802	39	1	0	34	6.3008e-05	15871	0.999985	FALSE	N:cds-YP_009724397.2	TCG	S	TAG	*	327
NC_045512.2	29254	G	A	15820	3787	39	3	0	31	0.000189597	15823	0.999346	FALSE	N:cds-YP_009724397.2	TCG	S	TCA	S	327
NC_045512.2	29257	A	G	15501	3768	39	2	1	30	0.000129007	15503	0.999863	FALSE	N:cds-YP_009724397.2	GGA	G	GGG	G	328
NC_045512.2	29258	A	G	14802	4213	39	5	1	34	0.000337633	14809	0.99041	FALSE	N:cds-YP_009724397.2	ACG	T	GCG	A	329
NC_045512.2	29258	A	C	14802	4213	39	2	0	30	0.000135053	14809	0.999741	FALSE	N:cds-YP_009724397.2	ACG	T	CCG	P	329
NC_045512.2	29259	C	T	15014	4272	39	2	0	34	0.000133174	15018	0.999863	FALSE	N:cds-YP_009724397.2	ACG	T	ATG	M	329
NC_045512.2	29259	C	A	15014	4272	39	2	0	34	0.000133174	15018	0.999863	FALSE	N:cds-YP_009724397.2	ACG	T	AAG	K	329
NC_045512.2	29260	G	C	15028	4246	39	1	1	34	6.65336e-05	15030	0.999985	FALSE	N:cds-YP_009724397.2	ACG	T	ACC	T	329
NC_045512.2	29260	G	A	15028	4246	39	1	0	34	6.65336e-05	15030	0.999985	FALSE	N:cds-YP_009724397.2	ACG	T	ACA	T	329
NC_045512.2	29261	T	C	15506	4218	39	4	1	34	0.000257898	15510	0.997794	FALSE	N:cds-YP_009724397.2	TGG	W	CGG	R	330
NC_045512.2	29262	G	T	15600	4218	39	12	1	39	0.00076859	15613	0.779065	FALSE	N:cds-YP_009724397.2	TGG	W	TTG	L	330
NC_045512.2	29262	G	A	15600	4218	39	1	0	34	6.40492e-05	15613	0.999985	FALSE	N:cds-YP_009724397.2	TGG	W	TAG	*	330
NC_045512.2	29263	G	T	14603	4550	38	2	1	29	0.000136939	14605	1	FALSE	N:cds-YP_009724397.2	TGG	W	TGT	C	330
NC_045512.2	29264	T	G	13603	3849	37	2	0	30	0.000147005	13605	0.999513	FALSE	N:cds-YP_009724397.2	TTG	L	GTG	V	331
NC_045512.2	29265	T	G	13974	4727	38	1	0	34	7.1541e-05	13978	0.999939	FALSE	N:cds-YP_009724397.2	TTG	L	TGG	W	331
NC_045512.2	29265	T	C	13974	4727	38	3	0	34	0.000214623	13978	0.997915	FALSE	N:cds-YP_009724397.2	TTG	L	TCG	S	331
NC_045512.2	29266	G	T	17821	4854	37	8	0	29	0.000448707	17829	1	FALSE	N:cds-YP_009724397.2	TTG	L	TTT	F	331
NC_045512.2	29267	A	G	18161	4887	37	3	1	34	0.000165153	18165	0.99989	FALSE	N:cds-YP_009724397.2	ACC	T	GCC	A	332
NC_045512.2	29267	A	C	18161	4887	37	1	1	34	5.50509e-05	18165	0.999998	FALSE	N:cds-YP_009724397.2	ACC	T	CCC	P	332
NC_045512.2	29268	C	T	18303	4910	37	2	1	64	0.00010926	18305	0.250007	FALSE	N:cds-YP_009724397.2	ACC	T	ATC	I	332
NC_045512.2	29269	C	A	18288	4964	37	1	1	34	5.46777e-05	18289	0.999998	FALSE	N:cds-YP_009724397.2	ACC	T	ACA	T	332
NC_045512.2	29270	T	G	18369	5132	37	3	1	34	0.000163212	18381	0.999889	FALSE	N:cds-YP_009724397.2	TAC	Y	GAC	D	333
NC_045512.2	29270	T	C	18369	5132	37	8	4	34	0.000435232	18381	0.985533	FALSE	N:cds-YP_009724397.2	TAC	Y	CAC	H	333
NC_045512.2	29270	T	A	18369	5132	37	1	0	34	5.4404e-05	18381	0.999998	FALSE	N:cds-YP_009724397.2	TAC	Y	AAC	N	333
NC_045512.2	29271	A	G	19619	5038	37	5	2	32	0.00025479	19624	0.999231	FALSE	N:cds-YP_009724397.2	TAC	Y	TGC	C	333
NC_045512.2	29272	C	T	20019	5636	38	2	1	51	9.98851e-05	20023	0.249981	FALSE	N:cds-YP_009724397.2	TAC	Y	TAT	Y	333
NC_045512.2	29272	C	A	20019	5636	38	2	0	34	9.98851e-05	20023	0.999995	FALSE	N:cds-YP_009724397.2	TAC	Y	TAA	*	333
NC_045512.2	29273	A	G	19768	5588	38	13	5	39	0.000657196	19781	0.892456	FALSE	N:cds-YP_009724397.2	ACA	T	GCA	A	334
NC_045512.2	29274	C	T	19940	5548	38	1	0	34	5.01404e-05	19944	0.999999	FALSE	N:cds-YP_009724397.2	ACA	T	ATA	I	334
NC_045512.2	29274	C	A	19940	5548	38	3	2	26	0.000150421	19944	1	FALSE	N:cds-YP_009724397.2	ACA	T	AAA	K	334
NC_045512.2	29275	A	T	18688	4381	38	1	1	27	5.35074e-05	18689	1	FALSE	N:cds-YP_009724397.2	ACA	T	ACT	T	334
NC_045512.2	29276	G	T	18709	4338	38	1	0	26	5.34445e-05	18711	1	FALSE	N:cds-YP_009724397.2	GGT	G	TGT	C	335
NC_045512.2	29276	G	A	18709	4338	38	1	0	34	5.34445e-05	18711	0.999998	FALSE	N:cds-YP_009724397.2	GGT	G	AGT	S	335
NC_045512.2	29277	G	A	18600	4419	38	1	0	34	5.37606e-05	18601	0.999998	FALSE	N:cds-YP_009724397.2	GGT	G	GAT	D	335
NC_045512.2	29278	T	C	18475	4337	38	1	0	34	5.41213e-05	18477	0.999998	FALSE	N:cds-YP_009724397.2	GGT	G	GGC	G	335
NC_045512.2	29278	T	A	18475	4337	38	1	0	26	5.41213e-05	18477	1	FALSE	N:cds-YP_009724397.2	GGT	G	GGA	G	335
NC_045512.2	29279	G	A	18537	4317	38	2	0	29	0.000107881	18539	1	FALSE	N:cds-YP_009724397.2	GCC	A	ACC	T	336
NC_045512.2	29280	C	T	18069	3879	38	2	1	34	0.000110662	18073	0.99998	FALSE	N:cds-YP_009724397.2	GCC	A	GTC	V	336
NC_045512.2	29280	C	G	18069	3879	38	1	0	26	5.53312e-05	18073	1	FALSE	N:cds-YP_009724397.2	GCC	A	GGC	G	336
NC_045512.2	29280	C	A	18069	3879	38	1	1	34	5.53312e-05	18073	0.999998	FALSE	N:cds-YP_009724397.2	GCC	A	GAC	D	336
NC_045512.2	29281	C	T	18017	3932	38	1	0	34	5.54847e-05	18023	0.999998	FALSE	N:cds-YP_009724397.2	GCC	A	GCT	A	336
NC_045512.2	29281	C	G	18017	3932	38	4	1	42	0.000221939	18023	0.187465	FALSE	N:cds-YP_009724397.2	GCC	A	GCG	A	336
NC_045512.2	29281	C	A	18017	3932	38	1	0	34	5.54847e-05	18023	0.999998	FALSE	N:cds-YP_009724397.2	GCC	A	GCA	A	336
NC_045512.2	29281	C	-A	18017	3932	38	1	0	20	5.54847e-05	18023	1	FALSE	NA	NA	NA	NA	NA	NA
NC_045512.2	29282	A	G	18301	4230	38	1	1	34	5.46388e-05	18302	0.999998	FALSE	N:cds-YP_009724397.2	ATC	I	GTC	V	337
NC_045512.2	29283	T	C	18131	4308	38	1	1	68	5.51511e-05	18132	0.500014	FALSE	N:cds-YP_009724397.2	ATC	I	ACC	T	337
NC_045512.2	29286	A	G	17773	4228	37	2	2	51	0.000112518	17775	0.250007	FALSE	N:cds-YP_009724397.2	AAA	K	AGA	R	338
NC_045512.2	29287	A	G	18026	4259	38	1	1	68	5.54693e-05	18028	0.5	FALSE	N:cds-YP_009724397.2	AAA	K	AAG	K	338
NC_045512.2	29287	A	C	18026	4259	38	1	1	34	5.54693e-05	18028	0.999998	FALSE	N:cds-YP_009724397.2	AAA	K	AAC	N	338
NC_045512.2	29289	T	G	17736	4148	38	1	0	34	5.63761e-05	17738	0.999996	FALSE	N:cds-YP_009724397.2	TTG	L	TGG	W	339
NC_045512.2	29289	T	A	17736	4148	38	1	0	46	5.63761e-05	17738	0.750007	FALSE	N:cds-YP_009724397.2	TTG	L	TAG	*	339
NC_045512.2	29290	G	T	17882	4222	38	2	0	30	0.000111819	17886	0.999962	FALSE	N:cds-YP_009724397.2	TTG	L	TTT	F	339
NC_045512.2	29290	G	A	17882	4222	38	2	0	34	0.000111819	17886	0.999962	FALSE	N:cds-YP_009724397.2	TTG	L	TTA	L	339
NC_045512.2	29291	G	T	17965	4358	38	1	0	34	5.56545e-05	17968	0.999996	FALSE	N:cds-YP_009724397.2	GAT	D	TAT	Y	340
NC_045512.2	29291	G	A	17965	4358	38	2	0	34	0.000111309	17968	0.999962	FALSE	N:cds-YP_009724397.2	GAT	D	AAT	N	340
NC_045512.2	29292	A	G	17909	4590	38	2	1	34	0.000111663	17911	0.999962	FALSE	N:cds-YP_009724397.2	GAT	D	GGT	G	340
NC_045512.2	29293	T	C	17404	4169	37	4	1	34	0.000229766	17409	0.999257	FALSE	N:cds-YP_009724397.2	GAT	D	GAC	D	340
NC_045512.2	29293	T	A	17404	4169	37	1	1	34	5.74416e-05	17409	0.999996	FALSE	N:cds-YP_009724397.2	GAT	D	GAA	E	340
NC_045512.2	29294	G	A	17858	4594	38	2	1	34	0.000111982	17860	0.999962	FALSE	N:cds-YP_009724397.2	GAC	D	AAC	N	341
NC_045512.2	29295	A	T	17513	4573	38	3	1	34	0.000171252	17518	0.999799	FALSE	N:cds-YP_009724397.2	GAC	D	GTC	V	341
NC_045512.2	29295	A	G	17513	4573	38	2	1	47	0.000114168	17518	0.499957	FALSE	N:cds-YP_009724397.2	GAC	D	GGC	G	341
NC_045512.2	29296	C	G	17607	4675	38	17	0	31	0.000964265	17630	0.567622	FALSE	N:cds-YP_009724397.2	GAC	D	GAG	E	341
NC_045512.2	29296	C	A	17607	4675	38	6	0	31	0.000340329	17630	0.994668	FALSE	N:cds-YP_009724397.2	GAC	D	GAA	E	341
NC_045512.2	29297	A	T	17248	4666	38	1	0	34	5.79576e-05	17254	0.999996	FALSE	N:cds-YP_009724397.2	AAA	K	TAA	*	342
NC_045512.2	29297	A	G	17248	4666	38	5	2	46	0.000289788	17254	0.109355	FALSE	N:cds-YP_009724397.2	AAA	K	GAA	E	342
NC_045512.2	29298	A	G	17649	4700	38	3	0	34	0.000169952	17652	0.9998	FALSE	N:cds-YP_009724397.2	AAA	K	AGA	R	342
NC_045512.2	29299	A	G	16625	4623	37	5	2	31	0.000300661	16630	0.996412	FALSE	N:cds-YP_009724397.2	AAA	K	AAG	K	342
NC_045512.2	29300	G	T	17616	4595	38	2	1	30	0.00011352	17618	0.999962	FALSE	N:cds-YP_009724397.2	GAT	D	TAT	Y	343
NC_045512.2	29301	A	T	15873	4768	37	1	0	26	6.29683e-05	15881	1	FALSE	N:cds-YP_009724397.2	GAT	D	GTT	V	343
NC_045512.2	29301	A	G	15873	4768	37	7	1	29	0.000440778	15881	1	FALSE	N:cds-YP_009724397.2	GAT	D	GGT	G	343
NC_045512.2	29302	T	C	17468	4722	38	1	1	38	5.72443e-05	17469	0.999996	FALSE	N:cds-YP_009724397.2	GAT	D	GAC	D	343
NC_045512.2	29303	C	T	17342	4808	38	1	0	34	5.76568e-05	17344	0.999996	FALSE	N:cds-YP_009724397.2	CCA	P	TCA	S	344
NC_045512.2	29303	C	A	17342	4808	38	1	0	26	5.76568e-05	17344	1	FALSE	N:cds-YP_009724397.2	CCA	P	ACA	T	344
NC_045512.2	29305	A	G	17087	4734	38	4	1	34	0.000234041	17091	0.999258	FALSE	N:cds-YP_009724397.2	CCA	P	CCG	P	344
NC_045512.2	29306	A	G	16475	4964	37	1	0	34	6.06907e-05	16477	0.999992	FALSE	N:cds-YP_009724397.2	AAT	N	GAT	D	345
NC_045512.2	29306	A	C	16475	4964	37	1	1	26	6.06907e-05	16477	1	FALSE	N:cds-YP_009724397.2	AAT	N	CAT	H	345
NC_045512.2	29307	A	G	17189	5036	38	1	0	34	5.817e-05	17191	0.999996	FALSE	N:cds-YP_009724397.2	AAT	N	AGT	S	345
NC_045512.2	29307	A	C	17189	5036	38	1	1	26	5.817e-05	17191	1	FALSE	N:cds-YP_009724397.2	AAT	N	ACT	T	345
NC_045512.2	29308	T	C	17220	5068	38	1	0	26	5.80686e-05	17221	1	FALSE	N:cds-YP_009724397.2	AAT	N	AAC	N	345
NC_045512.2	29309	T	C	17136	5034	38	1	1	34	5.83533e-05	17137	0.999996	FALSE	N:cds-YP_009724397.2	TTC	F	CTC	L	346
NC_045512.2	29310	T	C	17182	5104	38	2	1	30	0.000116381	17185	0.999962	FALSE	N:cds-YP_009724397.2	TTC	F	TCC	S	346
NC_045512.2	29310	T	A	17182	5104	38	1	0	26	5.81903e-05	17185	1	FALSE	N:cds-YP_009724397.2	TTC	F	TAC	Y	346
NC_045512.2	29311	C	T	15256	4507	38	2073	698	38	0.119626	17329	0	TRUE	N:cds-YP_009724397.2	TTC	F	TTT	F	346
NC_045512.2	29312	A	G	17197	5112	38	1	0	34	5.81463e-05	17198	0.999996	FALSE	N:cds-YP_009724397.2	AAA	K	GAA	E	347
NC_045512.2	29313	A	T	16676	5178	38	1	1	34	5.99449e-05	16682	0.999992	FALSE	N:cds-YP_009724397.2	AAA	K	ATA	I	347
NC_045512.2	29313	A	G	16676	5178	38	5	2	34	0.000299724	16682	0.99641	FALSE	N:cds-YP_009724397.2	AAA	K	AGA	R	347
NC_045512.2	29314	A	G	16095	5226	37	1	0	34	6.21272e-05	16096	0.999992	FALSE	N:cds-YP_009724397.2	AAA	K	AAG	K	347
NC_045512.2	29315	G	T	15211	4603	38	1	0	34	5.77434e-05	17318	0.999988	FALSE	N:cds-YP_009724397.2	GAT	D	TAT	Y	348
NC_045512.2	29315	G	C	15211	4603	38	2106	618	38	0.121608	17318	0	TRUE	N:cds-YP_009724397.2	GAT	D	CAT	H	348
NC_045512.2	29316	A	G	16585	5613	38	2	0	30	0.000120576	16587	0.999928	FALSE	N:cds-YP_009724397.2	GAT	D	GGT	G	348
NC_045512.2	29318	C	T	16884	5728	38	1	0	68	5.92207e-05	16886	0.5	FALSE	N:cds-YP_009724397.2	CAA	Q	TAA	*	349
NC_045512.2	29318	C	A	16884	5728	38	1	1	34	5.92207e-05	16886	0.999992	FALSE	N:cds-YP_009724397.2	CAA	Q	AAA	K	349
NC_045512.2	29319	A	G	16786	5620	38	3	2	34	0.000178678	16790	0.999637	FALSE	N:cds-YP_009724397.2	CAA	Q	CGA	R	349
NC_045512.2	29319	A	C	16786	5620	38	1	1	34	5.95593e-05	16790	0.999992	FALSE	N:cds-YP_009724397.2	CAA	Q	CCA	P	349
NC_045512.2	29320	A	G	16734	5606	38	1	0	26	5.9755e-05	16735	1	FALSE	N:cds-YP_009724397.2	CAA	Q	CAG	Q	349
NC_045512.2	29322	T	C	16592	5537	38	1	1	24	6.02664e-05	16593	1	FALSE	N:cds-YP_009724397.2	GTC	V	GCC	A	350
NC_045512.2	29323	C	T	16969	5956	39	1	0	34	5.8924e-05	16971	0.999992	FALSE	N:cds-YP_009724397.2	GTC	V	GTT	V	350
NC_045512.2	29323	C	A	16969	5956	39	1	0	34	5.8924e-05	16971	0.999992	FALSE	N:cds-YP_009724397.2	GTC	V	GTA	V	350
NC_045512.2	29324	A	-T	16848	5867	39	1	0	20	5.93542e-05	16848	1	FALSE	NA	NA	NA	NA	NA	NA
NC_045512.2	29326	T	C	16454	5787	38	2	1	51	0.000121536	16456	0.250008	FALSE	N:cds-YP_009724397.2	ATT	I	ATC	I	351
NC_045512.2	29327	T	C	16849	6155	39	4	1	42	0.000237332	16854	0.187481	FALSE	N:cds-YP_009724397.2	TTG	L	CTG	L	352
NC_045512.2	29327	T	A	16849	6155	39	1	0	34	5.93331e-05	16854	0.999992	FALSE	N:cds-YP_009724397.2	TTG	L	ATG	M	352
NC_045512.2	29328	T	C	16738	6170	39	6	5	34	0.000358337	16744	0.99157	FALSE	N:cds-YP_009724397.2	TTG	L	TCG	S	352
NC_045512.2	29329	G	T	16749	6043	39	2	1	51	0.000119396	16751	0.250007	FALSE	N:cds-YP_009724397.2	TTG	L	TTT	F	352
NC_045512.2	29330	C	T	16621	6290	39	10	3	37	0.000601251	16632	0.915765	FALSE	N:cds-YP_009724397.2	CTG	L	TTG	L	353
NC_045512.2	29330	C	A	16621	6290	39	1	0	34	6.01251e-05	16632	0.999992	FALSE	N:cds-YP_009724397.2	CTG	L	ATG	M	353
NC_045512.2	29331	T	C	16769	6218	39	6	5	38	0.000357675	16775	0.99157	FALSE	N:cds-YP_009724397.2	CTG	L	CCG	P	353
NC_045512.2	29334	A	G	17374	6312	39	3	1	42	0.000172642	17377	0.312511	FALSE	N:cds-YP_009724397.2	AAT	N	AGT	S	354
NC_045512.2	29336	A	T	16423	6544	38	1	0	46	6.08754e-05	16427	0.749977	FALSE	N:cds-YP_009724397.2	AAG	K	TAG	*	355
NC_045512.2	29336	A	G	16423	6544	38	3	1	34	0.000182626	16427	0.999637	FALSE	N:cds-YP_009724397.2	AAG	K	GAG	E	355
NC_045512.2	29337	A	G	16711	6569	38	3	0	34	0.00017949	16714	0.999637	FALSE	N:cds-YP_009724397.2	AAG	K	AGG	R	355
NC_045512.2	29338	G	T	17226	6511	38	3	0	31	0.000174105	17231	0.999799	FALSE	N:cds-YP_009724397.2	AAG	K	AAT	N	355
NC_045512.2	29338	G	A	17226	6511	38	2	0	34	0.00011607	17231	0.999962	FALSE	N:cds-YP_009724397.2	AAG	K	AAA	K	355
NC_045512.2	29339	C	T	17254	6656	38	1	1	34	5.79542e-05	17255	0.999996	FALSE	N:cds-YP_009724397.2	CAT	H	TAT	Y	356
NC_045512.2	29340	A	G	17186	6485	38	4	1	32	0.000232666	17192	0.999257	FALSE	N:cds-YP_009724397.2	CAT	H	CGT	R	356
NC_045512.2	29340	A	C	17186	6485	38	2	2	30	0.000116333	17192	0.999962	FALSE	N:cds-YP_009724397.2	CAT	H	CCT	P	356
NC_045512.2	29341	T	C	16215	5512	37	1	1	34	6.16675e-05	16216	0.999992	FALSE	N:cds-YP_009724397.2	CAT	H	CAC	H	356
NC_045512.2	29342	A	G	16629	6266	38	2	2	47	0.000120228	16635	0.499932	FALSE	N:cds-YP_009724397.2	ATT	I	GTT	V	357
NC_045512.2	29342	A	C	16629	6266	38	4	4	32	0.000240457	16635	0.998715	FALSE	N:cds-YP_009724397.2	ATT	I	CTT	L	357
NC_045512.2	29343	T	C	16313	6143	37	1	1	34	6.1297e-05	16314	0.999992	FALSE	N:cds-YP_009724397.2	ATT	I	ACT	T	357
NC_045512.2	29344	T	C	16465	6451	38	6	0	32	0.000364277	16471	0.991571	FALSE	N:cds-YP_009724397.2	ATT	I	ATC	I	357
NC_045512.2	29345	G	T	16639	6395	38	1	0	26	6.00925e-05	16641	1	FALSE	N:cds-YP_009724397.2	GAC	D	TAC	Y	358
NC_045512.2	29345	G	A	16639	6395	38	1	0	26	6.00925e-05	16641	1	FALSE	N:cds-YP_009724397.2	GAC	D	AAC	N	358
NC_045512.2	29346	A	G	16290	6240	38	18	8	35	0.00110375	16308	0.432119	FALSE	N:cds-YP_009724397.2	GAC	D	GGC	G	358
NC_045512.2	29347	C	T	16367	6237	39	6	2	34	0.000366435	16374	0.991568	FALSE	N:cds-YP_009724397.2	GAC	D	GAT	D	358
NC_045512.2	29347	C	A	16367	6237	39	1	1	34	6.10724e-05	16374	0.999992	FALSE	N:cds-YP_009724397.2	GAC	D	GAA	E	358
NC_045512.2	29348	G	A	16180	6089	38	3	0	34	0.00018538	16183	0.999637	FALSE	N:cds-YP_009724397.2	GCA	A	ACA	T	359
NC_045512.2	29349	C	T	15855	6129	38	1	0	34	6.30676e-05	15856	0.999985	FALSE	N:cds-YP_009724397.2	GCA	A	GTA	V	359
NC_045512.2	29350	A	G	16270	6100	38	2	0	34	0.000122911	16272	0.999928	FALSE	N:cds-YP_009724397.2	GCA	A	GCG	A	359
NC_045512.2	29351	T	C	16273	6261	38	1	1	34	6.14477e-05	16274	0.999992	FALSE	N:cds-YP_009724397.2	TAC	Y	CAC	H	360
NC_045512.2	29352	A	T	16079	6238	38	1	0	34	6.21659e-05	16086	0.999992	FALSE	N:cds-YP_009724397.2	TAC	Y	TTC	F	360
NC_045512.2	29352	A	G	16079	6238	38	5	2	54	0.000310829	16086	0.0312354	FALSE	N:cds-YP_009724397.2	TAC	Y	TGC	C	360
NC_045512.2	29352	A	C	16079	6238	38	1	1	26	6.21659e-05	16086	1	FALSE	N:cds-YP_009724397.2	TAC	Y	TCC	S	360
NC_045512.2	29352	A	-C	16079	6238	38	1	0	20	6.21659e-05	16086	1	FALSE	NA	NA	NA	NA	NA	NA
NC_045512.2	29353	C	T	16564	6663	39	1	0	34	6.03682e-05	16565	0.999992	FALSE	N:cds-YP_009724397.2	TAC	Y	TAT	Y	360
NC_045512.2	29354	A	G	16418	6559	39	4	2	34	0.000243576	16422	0.998716	FALSE	N:cds-YP_009724397.2	AAA	K	GAA	E	361
NC_045512.2	29355	A	G	16495	6568	39	2	1	34	0.000121234	16497	0.999928	FALSE	N:cds-YP_009724397.2	AAA	K	AGA	R	361
NC_045512.2	29356	A	G	14508	6716	37	2	1	34	0.000137826	14511	0.999741	FALSE	N:cds-YP_009724397.2	AAA	K	AAG	K	361
NC_045512.2	29356	A	C	14508	6716	37	1	0	34	6.89132e-05	14511	0.99997	FALSE	N:cds-YP_009724397.2	AAA	K	AAC	N	361
NC_045512.2	29357	A	G	16456	6729	38	2	2	29	0.000121455	16467	1	FALSE	N:cds-YP_009724397.2	ACA	T	GCA	A	362
NC_045512.2	29357	A	C	16456	6729	38	9	2	37	0.000546548	16467	0.946174	FALSE	N:cds-YP_009724397.2	ACA	T	CCA	P	362
NC_045512.2	29358	C	A	16663	6801	39	4	4	30	0.000239995	16667	0.998716	FALSE	N:cds-YP_009724397.2	ACA	T	AAA	K	362
NC_045512.2	29359	A	T	16105	6332	39	1	0	26	6.20732e-05	16110	1	FALSE	N:cds-YP_009724397.2	ACA	T	ACT	T	362
NC_045512.2	29359	A	G	16105	6332	39	4	0	34	0.000248293	16110	0.998715	FALSE	N:cds-YP_009724397.2	ACA	T	ACG	T	362
NC_045512.2	29361	T	C	15984	6553	39	4	2	42	0.000250188	15988	0.1875	FALSE	N:cds-YP_009724397.2	TTC	F	TCC	S	363
NC_045512.2	29362	C	T	16283	6852	39	2	1	34	0.00012279	16288	0.999928	FALSE	N:cds-YP_009724397.2	TTC	F	TTT	F	363
NC_045512.2	29362	C	A	16283	6852	39	3	0	34	0.000184185	16288	0.999637	FALSE	N:cds-YP_009724397.2	TTC	F	TTA	L	363
NC_045512.2	29364	C	T	16934	7045	39	1	0	34	5.90493e-05	16935	0.999992	FALSE	N:cds-YP_009724397.2	CCA	P	CTA	L	364
NC_045512.2	29365	A	G	16825	7003	39	1	1	34	5.94318e-05	16826	0.999992	FALSE	N:cds-YP_009724397.2	CCA	P	CCG	P	364
NC_045512.2	29367	C	T	14385	7605	37	1	1	46	6.95072e-05	14387	0.750009	FALSE	N:cds-YP_009724397.2	CCA	P	CTA	L	365
NC_045512.2	29367	C	A	14385	7605	37	1	0	26	6.95072e-05	14387	1	FALSE	N:cds-YP_009724397.2	CCA	P	CAA	Q	365
NC_045512.2	29368	A	G	14374	7539	37	3	1	31	0.000208652	14378	0.998828	FALSE	N:cds-YP_009724397.2	CCA	P	CCG	P	365
NC_045512.2	29368	A	C	14374	7539	37	1	1	26	6.95507e-05	14378	1	FALSE	N:cds-YP_009724397.2	CCA	P	CCC	P	365
NC_045512.2	29370	C	T	14085	7714	37	1	1	34	7.09774e-05	14089	0.99997	FALSE	N:cds-YP_009724397.2	ACA	T	ATA	I	366
NC_045512.2	29370	C	G	14085	7714	37	1	0	26	7.09774e-05	14089	1	FALSE	N:cds-YP_009724397.2	ACA	T	AGA	R	366
NC_045512.2	29370	C	A	14085	7714	37	2	2	51	0.000141955	14089	0.249973	FALSE	N:cds-YP_009724397.2	ACA	T	AAA	K	366
NC_045512.2	29371	A	G	13493	7248	37	3	2	34	0.000222288	13496	0.997916	FALSE	N:cds-YP_009724397.2	ACA	T	ACG	T	366
NC_045512.2	29372	G	T	12649	7370	36	1	1	34	7.90514e-05	12650	0.999878	FALSE	N:cds-YP_009724397.2	GAG	E	TAG	*	367
NC_045512.2	29373	A	G	12281	7005	36	2	0	34	0.000162827	12283	0.999087	FALSE	N:cds-YP_009724397.2	GAG	E	GGG	G	367
NC_045512.2	29374	G	T	12550	6896	36	1	0	26	7.96749e-05	12551	1	FALSE	N:cds-YP_009724397.2	GAG	E	GAT	D	367
NC_045512.2	29375	C	G	12612	6923	36	1	0	26	7.92707e-05	12615	1	FALSE	N:cds-YP_009724397.2	CCT	P	GCT	A	368
NC_045512.2	29375	C	A	12612	6923	36	2	1	34	0.000158541	12615	0.999087	FALSE	N:cds-YP_009724397.2	CCT	P	ACT	T	368
NC_045512.2	29376	C	T	12680	7107	36	2	0	34	0.000157679	12684	0.999086	FALSE	N:cds-YP_009724397.2	CCT	P	CTT	L	368
NC_045512.2	29376	C	A	12680	7107	36	2	2	34	0.000157679	12684	0.999086	FALSE	N:cds-YP_009724397.2	CCT	P	CAT	H	368
NC_045512.2	29377	T	C	12737	7214	36	1	0	34	7.85053e-05	12738	0.999878	FALSE	N:cds-YP_009724397.2	CCT	P	CCC	P	368
NC_045512.2	29379	A	T	12730	7163	36	1	1	26	7.85423e-05	12732	1	FALSE	N:cds-YP_009724397.2	AAA	K	ATA	I	369
NC_045512.2	29379	A	G	12730	7163	36	1	0	26	7.85423e-05	12732	1	FALSE	N:cds-YP_009724397.2	AAA	K	AGA	R	369
NC_045512.2	29380	A	G	12357	7155	36	3	1	31	0.000242718	12360	0.996317	FALSE	N:cds-YP_009724397.2	AAA	K	AAG	K	369
NC_045512.2	29381	A	T	12501	6967	36	1	1	26	7.99808e-05	12503	1	FALSE	N:cds-YP_009724397.2	AAG	K	TAG	*	370
NC_045512.2	29381	A	G	12501	6967	36	1	1	34	7.99808e-05	12503	0.999878	FALSE	N:cds-YP_009724397.2	AAG	K	GAG	E	370
NC_045512.2	29382	A	G	12550	7092	36	1	1	34	7.96749e-05	12551	0.999878	FALSE	N:cds-YP_009724397.2	AAG	K	AGG	R	370
NC_045512.2	29383	G	A	12206	6609	36	1	1	34	8.19202e-05	12207	0.999878	FALSE	N:cds-YP_009724397.2	AAG	K	AAA	K	370
NC_045512.2	29385	A	G	12442	6809	36	1	0	34	8.03536e-05	12445	0.999878	FALSE	N:cds-YP_009724397.2	GAC	D	GGC	G	371
NC_045512.2	29385	A	C	12442	6809	36	2	2	34	0.000160707	12445	0.999087	FALSE	N:cds-YP_009724397.2	GAC	D	GCC	A	371
NC_045512.2	29386	C	T	1560	803	36	10757	5954	36	0.873346	12317	0	TRUE	N:cds-YP_009724397.2	GAC	D	GAT	D	371
NC_045512.2	29388	A	G	12407	6799	36	1	0	34	8.05932e-05	12408	0.999878	FALSE	N:cds-YP_009724397.2	AAA	K	AGA	R	372
NC_045512.2	29390	A	G	12676	7060	36	1	0	68	7.8883e-05	12677	0.50002	FALSE	N:cds-YP_009724397.2	AAG	K	GAG	E	373
NC_045512.2	29391	A	T	12447	7045	36	1	0	68	8.03277e-05	12449	0.5	FALSE	N:cds-YP_009724397.2	AAG	K	ATG	M	373
NC_045512.2	29391	A	G	12447	7045	36	1	0	34	8.03277e-05	12449	0.999878	FALSE	N:cds-YP_009724397.2	AAG	K	AGG	R	373
NC_045512.2	29393	A	T	11750	6820	35	2	2	26	0.000170169	11753	1	FALSE	N:cds-YP_009724397.2	AAG	K	TAG	*	374
NC_045512.2	29393	A	C	11750	6820	35	1	1	34	8.50847e-05	11753	0.999756	FALSE	N:cds-YP_009724397.2	AAG	K	CAG	Q	374
NC_045512.2	29394	A	G	12377	6819	36	1	0	34	8.07885e-05	12378	0.999878	FALSE	N:cds-YP_009724397.2	AAG	K	AGG	R	374
NC_045512.2	29395	G	T	12412	6867	36	1	1	34	8.05477e-05	12415	0.999878	FALSE	N:cds-YP_009724397.2	AAG	K	AAT	N	374
NC_045512.2	29395	G	C	12412	6867	36	2	2	30	0.000161095	12415	0.999087	FALSE	N:cds-YP_009724397.2	AAG	K	AAC	N	374
NC_045512.2	29396	A	G	11178	6761	34	1	1	34	8.94534e-05	11179	0.999757	FALSE	N:cds-YP_009724397.2	AAG	K	GAG	E	375
NC_045512.2	29397	A	G	12199	6696	36	2	0	34	0.000163908	12202	0.999087	FALSE	N:cds-YP_009724397.2	AAG	K	AGG	R	375
NC_045512.2	29397	A	C	12199	6696	36	1	1	26	8.19538e-05	12202	1	FALSE	N:cds-YP_009724397.2	AAG	K	ACG	T	375
NC_045512.2	29398	G	T	12342	6762	36	1	0	26	8.10176e-05	12343	1	FALSE	N:cds-YP_009724397.2	AAG	K	AAT	N	375
NC_045512.2	29399	G	C	12836	7361	36	2	2	34	0.000155775	12839	0.999087	FALSE	N:cds-YP_009724397.2	GCT	A	CCT	P	376
NC_045512.2	29399	G	A	12836	7361	36	1	1	68	7.78877e-05	12839	0.499981	FALSE	N:cds-YP_009724397.2	GCT	A	ACT	T	376
NC_045512.2	29400	C	T	13019	7609	37	1	1	26	7.68049e-05	13020	1	FALSE	N:cds-YP_009724397.2	GCT	A	GTT	V	376
NC_045512.2	29401	T	C	12487	7059	36	1	1	34	8.00641e-05	12490	0.999878	FALSE	N:cds-YP_009724397.2	GCT	A	GCC	A	376
NC_045512.2	29401	T	A	12487	7059	36	2	2	26	0.000160128	12490	1	FALSE	N:cds-YP_009724397.2	GCT	A	GCA	A	376
NC_045512.2	29402	G	T	12978	7409	37	3	1	31	0.000231089	12982	0.996315	FALSE	N:cds-YP_009724397.2	GAT	D	TAT	Y	377
NC_045512.2	29402	G	A	12978	7409	37	1	0	34	7.70297e-05	12982	0.999878	FALSE	N:cds-YP_009724397.2	GAT	D	AAT	N	377
NC_045512.2	29404	T	C	13188	7653	37	2	1	30	0.000151619	13191	0.999513	FALSE	N:cds-YP_009724397.2	GAT	D	GAC	D	377
NC_045512.2	29404	T	A	13188	7653	37	1	0	34	7.58093e-05	13191	0.999939	FALSE	N:cds-YP_009724397.2	GAT	D	GAA	E	377
NC_045512.2	29405	G	A	13226	7680	37	1	0	46	7.56029e-05	13227	0.750028	FALSE	N:cds-YP_009724397.2	GAA	E	AAA	K	378
NC_045512.2	29407	A	G	13132	7567	37	2	2	36	0.000152277	13134	0.999513	FALSE	N:cds-YP_009724397.2	GAA	E	GAG	E	378
NC_045512.2	29408	A	G	13445	7741	37	1	1	34	7.43716e-05	13446	0.999939	FALSE	N:cds-YP_009724397.2	ACT	T	GCT	A	379
NC_045512.2	29409	C	T	15755	10531	38	1	1	34	6.34679e-05	15756	0.999985	FALSE	N:cds-YP_009724397.2	ACT	T	ATT	I	379
NC_045512.2	29410	T	C	15764	10602	38	6	3	38	0.000380469	15770	0.986728	FALSE	N:cds-YP_009724397.2	ACT	T	ACC	T	379
NC_045512.2	29411	C	T	15792	10685	38	1	1	34	6.33192e-05	15793	0.999985	FALSE	N:cds-YP_009724397.2	CAA	Q	TAA	*	380
NC_045512.2	29412	A	G	15557	10461	38	5	5	32	0.000321295	15562	0.994106	FALSE	N:cds-YP_009724397.2	CAA	Q	CGA	R	380
NC_045512.2	29413	A	G	15563	10440	38	3	2	34	0.000192728	15566	0.999346	FALSE	N:cds-YP_009724397.2	CAA	Q	CAG	Q	380
NC_045512.2	29414	G	T	15670	10498	38	1	0	26	6.38081e-05	15672	1	FALSE	N:cds-YP_009724397.2	GCC	A	TCC	S	381
NC_045512.2	29414	G	A	15670	10498	38	1	1	34	6.38081e-05	15672	0.999985	FALSE	N:cds-YP_009724397.2	GCC	A	ACC	T	381
NC_045512.2	29415	C	T	16742	11730	38	3	2	34	0.000179137	16747	0.999637	FALSE	N:cds-YP_009724397.2	GCC	A	GTC	V	381
NC_045512.2	29415	C	A	16742	11730	38	2	2	34	0.000119424	16747	0.999928	FALSE	N:cds-YP_009724397.2	GCC	A	GAC	D	381
NC_045512.2	29417	T	C	16504	11428	39	2	2	34	0.000121168	16506	0.999928	FALSE	N:cds-YP_009724397.2	TTA	L	CTA	L	382
NC_045512.2	29420	C	T	20648	16474	41	4	4	42	0.000193686	20652	0.343761	FALSE	N:cds-YP_009724397.2	CCG	P	TCG	S	383
NC_045512.2	29421	C	T	20648	16504	41	2	2	34	9.68476e-05	20651	0.999995	FALSE	N:cds-YP_009724397.2	CCG	P	CTG	L	383
NC_045512.2	29421	C	A	20648	16504	41	1	0	34	4.84238e-05	20651	1	FALSE	N:cds-YP_009724397.2	CCG	P	CAG	Q	383
NC_045512.2	29422	G	T	20447	16297	41	1	0	68	4.88926e-05	20453	0.499951	FALSE	N:cds-YP_009724397.2	CCG	P	CCT	P	383
NC_045512.2	29422	G	A	20447	16297	41	5	4	54	0.000244463	20453	0.0312424	FALSE	N:cds-YP_009724397.2	CCG	P	CCA	P	383
NC_045512.2	29423	C	T	20467	16328	41	2	1	34	9.7704e-05	20470	0.999995	FALSE	N:cds-YP_009724397.2	CAG	Q	TAG	*	384
NC_045512.2	29423	C	G	20467	16328	41	1	0	27	4.8852e-05	20470	1	FALSE	N:cds-YP_009724397.2	CAG	Q	GAG	E	384
NC_045512.2	29424	A	T	20257	16110	41	1	1	34	4.93535e-05	20262	1	FALSE	N:cds-YP_009724397.2	CAG	Q	CTG	L	384
NC_045512.2	29424	A	G	20257	16110	41	3	3	34	0.00014806	20262	0.999967	FALSE	N:cds-YP_009724397.2	CAG	Q	CGG	R	384
NC_045512.2	29424	A	C	20257	16110	41	1	1	34	4.93535e-05	20262	1	FALSE	N:cds-YP_009724397.2	CAG	Q	CCG	P	384
NC_045512.2	29426	A	T	20182	16110	41	1	1	34	4.95368e-05	20187	1	FALSE	N:cds-YP_009724397.2	AGA	R	TGA	*	385
NC_045512.2	29426	A	G	20182	16110	41	2	0	68	9.90737e-05	20187	0.249969	FALSE	N:cds-YP_009724397.2	AGA	R	GGA	G	385
NC_045512.2	29426	A	C	20182	16110	41	2	2	34	9.90737e-05	20187	0.999995	FALSE	N:cds-YP_009724397.2	AGA	R	CGA	R	385
NC_045512.2	29429	C	G	20180	16042	41	1	0	68	4.95516e-05	20181	0.500012	FALSE	N:cds-YP_009724397.2	CAG	Q	GAG	E	386
NC_045512.2	29430	A	G	19924	15865	41	2	1	51	0.000100371	19926	0.250006	FALSE	N:cds-YP_009724397.2	CAG	Q	CGG	R	386
NC_045512.2	29431	G	A	19959	15851	41	2	2	51	0.000100195	19961	0.250006	FALSE	N:cds-YP_009724397.2	CAG	Q	CAA	Q	386
NC_045512.2	29432	A	C	19863	15789	41	1	1	34	5.03423e-05	19864	0.999999	FALSE	N:cds-YP_009724397.2	AAG	K	CAG	Q	387
NC_045512.2	29433	A	G	19749	15974	41	2	2	51	0.00010125	19753	0.249981	FALSE	N:cds-YP_009724397.2	AAG	K	AGG	R	387
NC_045512.2	29433	A	C	19749	15974	41	2	2	30	0.00010125	19753	0.99999	FALSE	N:cds-YP_009724397.2	AAG	K	ACG	T	387
NC_045512.2	29434	G	T	19740	15975	41	1	1	26	5.0656e-05	19741	1	FALSE	N:cds-YP_009724397.2	AAG	K	AAT	N	387
NC_045512.2	29436	A	T	18870	15123	40	1	1	26	5.29857e-05	18873	1	FALSE	N:cds-YP_009724397.2	AAA	K	ATA	I	388
NC_045512.2	29436	A	G	18870	15123	40	1	0	68	5.29857e-05	18873	0.499987	FALSE	N:cds-YP_009724397.2	AAA	K	AGA	R	388
NC_045512.2	29436	A	C	18870	15123	40	1	1	27	5.29857e-05	18873	1	FALSE	N:cds-YP_009724397.2	AAA	K	ACA	T	388
NC_045512.2	29437	A	C	19448	15727	41	2	2	34	0.000102828	19450	0.99999	FALSE	N:cds-YP_009724397.2	AAA	K	AAC	N	388
NC_045512.2	29438	C	T	19364	15967	40	2	2	34	0.000103268	19367	0.99999	FALSE	N:cds-YP_009724397.2	CAG	Q	TAG	*	389
NC_045512.2	29438	C	A	19364	15967	40	1	0	68	5.16342e-05	19367	0.499987	FALSE	N:cds-YP_009724397.2	CAG	Q	AAG	K	389
NC_045512.2	29439	A	G	18772	15383	40	1	1	34	5.3268e-05	18773	0.999998	FALSE	N:cds-YP_009724397.2	CAG	Q	CGG	R	389
NC_045512.2	29440	G	A	18803	15414	40	2	1	51	0.000106355	18805	0.250007	FALSE	N:cds-YP_009724397.2	CAG	Q	CAA	Q	389
NC_045512.2	29443	A	G	18797	15584	40	2	2	30	0.000106389	18799	0.99998	FALSE	N:cds-YP_009724397.2	CAA	Q	CAG	Q	390
NC_045512.2	29444	A	G	17910	15403	37	2	1	51	0.000111657	17912	0.250007	FALSE	N:cds-YP_009724397.2	ACT	T	GCT	A	391
NC_045512.2	29446	T	G	17724	14617	39	3	2	45	0.000169214	17729	0.312468	FALSE	N:cds-YP_009724397.2	ACT	T	ACG	T	391
NC_045512.2	29446	T	C	17724	14617	39	2	2	30	0.00011281	17729	0.999962	FALSE	N:cds-YP_009724397.2	ACT	T	ACC	T	391
NC_045512.2	29447	G	A	18693	15585	39	1	1	34	5.34931e-05	18694	0.999998	FALSE	N:cds-YP_009724397.2	GTG	V	ATG	M	392
NC_045512.2	29448	T	G	18284	15201	40	1	0	34	5.46866e-05	18286	0.999998	FALSE	N:cds-YP_009724397.2	GTG	V	GGG	G	392
NC_045512.2	29448	T	C	18284	15201	40	1	1	34	5.46866e-05	18286	0.999998	FALSE	N:cds-YP_009724397.2	GTG	V	GCG	A	392
NC_045512.2	29450	A	T	18045	15092	39	1	1	34	5.54078e-05	18048	0.999998	FALSE	N:cds-YP_009724397.2	ACT	T	TCT	S	393
NC_045512.2	29450	A	G	18045	15092	39	2	2	29	0.000110816	18048	1	FALSE	N:cds-YP_009724397.2	ACT	T	GCT	A	393
NC_045512.2	29451	C	T	18377	15701	39	1	1	34	5.44129e-05	18378	0.999998	FALSE	N:cds-YP_009724397.2	ACT	T	ATT	I	393
NC_045512.2	29452	T	C	17200	14479	38	3	2	42	0.000174368	17205	0.312467	FALSE	N:cds-YP_009724397.2	ACT	T	ACC	T	393
NC_045512.2	29452	T	A	17200	14479	38	2	2	34	0.000116245	17205	0.999962	FALSE	N:cds-YP_009724397.2	ACT	T	ACA	T	393
NC_045512.2	29454	T	G	17653	15002	39	1	1	26	5.66412e-05	17655	1	FALSE	N:cds-YP_009724397.2	CTT	L	CGT	R	394
NC_045512.2	29454	T	A	17653	15002	39	1	1	34	5.66412e-05	17655	0.999996	FALSE	N:cds-YP_009724397.2	CTT	L	CAT	H	394
NC_045512.2	29455	T	A	14699	12057	36	1	1	34	6.80272e-05	14700	0.99997	FALSE	N:cds-YP_009724397.2	CTT	L	CTA	L	394
NC_045512.2	29456	C	G	17598	14998	39	1	0	26	5.68182e-05	17600	1	FALSE	N:cds-YP_009724397.2	CTT	L	GTT	V	395
NC_045512.2	29456	C	A	17598	14998	39	1	1	26	5.68182e-05	17600	1	FALSE	N:cds-YP_009724397.2	CTT	L	ATT	I	395
NC_045512.2	29457	T	G	17257	14670	39	1	1	34	5.79374e-05	17260	0.999996	FALSE	N:cds-YP_009724397.2	CTT	L	CGT	R	395
NC_045512.2	29457	T	C	17257	14670	39	2	2	30	0.000115875	17260	0.999962	FALSE	N:cds-YP_009724397.2	CTT	L	CCT	P	395
NC_045512.2	29458	T	G	15711	13134	37	1	0	34	6.36335e-05	15715	0.999985	FALSE	N:cds-YP_009724397.2	CTT	L	CTG	L	395
NC_045512.2	29458	T	C	15711	13134	37	3	2	34	0.0001909	15715	0.999346	FALSE	N:cds-YP_009724397.2	CTT	L	CTC	L	395
NC_045512.2	29459	C	A	17108	14606	39	1	1	34	5.84488e-05	17109	0.999996	FALSE	N:cds-YP_009724397.2	CCT	P	ACT	T	396
NC_045512.2	29460	C	A	16751	14512	38	1	1	26	5.96944e-05	16752	1	FALSE	N:cds-YP_009724397.2	CCT	P	CAT	H	396
NC_045512.2	29460	C	-T	16751	14512	38	1	0	20	5.96944e-05	16752	1	FALSE	NA	NA	NA	NA	NA	NA
NC_045512.2	29462	G	C	16365	14136	38	1	1	34	6.10986e-05	16367	0.999992	FALSE	N:cds-YP_009724397.2	GCT	A	CCT	P	397
NC_045512.2	29462	G	A	16365	14136	38	1	1	34	6.10986e-05	16367	0.999992	FALSE	N:cds-YP_009724397.2	GCT	A	ACT	T	397
NC_045512.2	29463	C	T	16257	14382	38	1	1	34	6.15082e-05	16258	0.999992	FALSE	N:cds-YP_009724397.2	GCT	A	GTT	V	397
NC_045512.2	29465	G	C	15773	13899	38	1	1	34	6.33834e-05	15777	0.999985	FALSE	N:cds-YP_009724397.2	GCA	A	CCA	P	398
NC_045512.2	29465	G	A	15773	13899	38	3	3	31	0.00019015	15777	0.999346	FALSE	N:cds-YP_009724397.2	GCA	A	ACA	T	398
NC_045512.2	29466	C	A	15795	13964	38	1	1	34	6.33072e-05	15796	0.999985	FALSE	N:cds-YP_009724397.2	GCA	A	GAA	E	398
NC_045512.2	29467	A	G	15512	13684	37	2	2	30	0.000128916	15514	0.999863	FALSE	N:cds-YP_009724397.2	GCA	A	GCG	A	398
NC_045512.2	29468	G	C	15733	13948	37	1	1	26	6.35566e-05	15734	1	FALSE	N:cds-YP_009724397.2	GAT	D	CAT	H	399
NC_045512.2	29469	A	T	15550	13825	37	1	1	24	6.43004e-05	15552	1	FALSE	N:cds-YP_009724397.2	GAT	D	GTT	V	399
NC_045512.2	29469	A	G	15550	13825	37	1	1	34	6.43004e-05	15552	0.999985	FALSE	N:cds-YP_009724397.2	GAT	D	GGT	G	399
NC_045512.2	29471	T	C	14943	13205	37	1	1	34	6.69165e-05	14944	0.99997	FALSE	N:cds-YP_009724397.2	TTG	L	CTG	L	400
NC_045512.2	29472	T	C	14783	13055	37	3	2	34	0.000202881	14787	0.998828	FALSE	N:cds-YP_009724397.2	TTG	L	TCG	S	400
NC_045512.2	29472	T	A	14783	13055	37	1	0	68	6.7627e-05	14787	0.499966	FALSE	N:cds-YP_009724397.2	TTG	L	TAG	*	400
NC_045512.2	29473	G	T	15327	13592	37	1	1	34	6.52316e-05	15330	0.999985	FALSE	N:cds-YP_009724397.2	TTG	L	TTT	F	400
NC_045512.2	29473	G	A	15327	13592	37	2	2	51	0.000130463	15330	0.249992	FALSE	N:cds-YP_009724397.2	TTG	L	TTA	L	400
NC_045512.2	29474	G	A	15291	13585	37	2	2	34	0.000130779	15293	0.999863	FALSE	N:cds-YP_009724397.2	GAT	D	AAT	N	401
NC_045512.2	29475	A	G	15202	13774	37	4	4	42	0.000263054	15206	0.1875	FALSE	N:cds-YP_009724397.2	GAT	D	GGT	G	401
NC_045512.2	29477	G	T	14878	13463	37	1	1	34	6.72088e-05	14879	0.99997	FALSE	N:cds-YP_009724397.2	GAT	D	TAT	Y	402
NC_045512.2	29478	A	G	14769	13421	36	1	1	34	6.77048e-05	14770	0.99997	FALSE	N:cds-YP_009724397.2	GAT	D	GGT	G	402
NC_045512.2	29479	T	C	14654	13263	37	10	10	32	0.000681942	14664	0.846411	FALSE	N:cds-YP_009724397.2	GAT	D	GAC	D	402
NC_045512.2	29480	T	C	15202	13439	37	4	3	32	0.000263054	15206	0.997794	FALSE	N:cds-YP_009724397.2	TTC	F	CTC	L	403
NC_045512.2	29481	T	C	12378	10553	34	3	1	43	0.000242307	12381	0.312515	FALSE	N:cds-YP_009724397.2	TTC	F	TCC	S	403
NC_045512.2	29483	T	C	15230	13506	36	2	2	30	0.000131303	15232	0.999863	FALSE	N:cds-YP_009724397.2	TCC	S	CCC	P	404
NC_045512.2	29484	C	T	15098	13399	36	1	1	34	6.62252e-05	15100	0.999985	FALSE	N:cds-YP_009724397.2	TCC	S	TTC	F	404
NC_045512.2	29484	C	G	15098	13399	36	1	1	34	6.62252e-05	15100	0.999985	FALSE	N:cds-YP_009724397.2	TCC	S	TGC	C	404
NC_045512.2	29485	C	A	15077	13388	36	2	2	34	0.000132635	15079	0.999863	FALSE	N:cds-YP_009724397.2	TCC	S	TCA	S	404
NC_045512.2	29486	A	T	14774	13042	36	1	1	34	6.76133e-05	14790	0.999969	FALSE	N:cds-YP_009724397.2	AAA	K	TAA	*	405
NC_045512.2	29486	A	G	14774	13042	36	12	12	36	0.000811359	14790	0.721314	FALSE	N:cds-YP_009724397.2	AAA	K	GAA	E	405
NC_045512.2	29486	A	C	14774	13042	36	3	3	34	0.00020284	14790	0.998822	FALSE	N:cds-YP_009724397.2	AAA	K	CAA	Q	405
NC_045512.2	29487	A	G	14891	13199	36	1	1	34	6.71501e-05	14892	0.99997	FALSE	N:cds-YP_009724397.2	AAA	K	AGA	R	405
NC_045512.2	29488	A	G	14745	13079	36	1	1	34	6.78104e-05	14747	0.99997	FALSE	N:cds-YP_009724397.2	AAA	K	AAG	K	405
NC_045512.2	29488	A	C	14745	13079	36	1	1	27	6.78104e-05	14747	1	FALSE	N:cds-YP_009724397.2	AAA	K	AAC	N	405
NC_045512.2	29489	C	T	14966	13106	36	4	4	34	0.000267094	14976	0.996232	FALSE	N:cds-YP_009724397.2	CAA	Q	TAA	*	406
NC_045512.2	29489	C	A	14966	13106	36	6	6	30	0.000400641	14976	0.979316	FALSE	N:cds-YP_009724397.2	CAA	Q	AAA	K	406
NC_045512.2	29490	A	T	14726	12890	36	1	1	34	6.78887e-05	14730	0.99997	FALSE	N:cds-YP_009724397.2	CAA	Q	CTA	L	406
NC_045512.2	29490	A	C	14726	12890	36	3	3	31	0.000203666	14730	0.998828	FALSE	N:cds-YP_009724397.2	CAA	Q	CCA	P	406
NC_045512.2	29491	A	G	14674	12836	36	1	1	34	6.81431e-05	14675	0.99997	FALSE	N:cds-YP_009724397.2	CAA	Q	CAG	Q	406
NC_045512.2	29493	T	C	14569	12862	36	1	1	34	6.86295e-05	14571	0.99997	FALSE	N:cds-YP_009724397.2	TTG	L	TCG	S	407
NC_045512.2	29493	T	A	14569	12862	36	1	0	34	6.86295e-05	14571	0.99997	FALSE	N:cds-YP_009724397.2	TTG	L	TAG	*	407
NC_045512.2	29494	G	C	14686	12948	36	1	1	34	6.80874e-05	14687	0.99997	FALSE	N:cds-YP_009724397.2	TTG	L	TTC	F	407
NC_045512.2	29495	C	T	14642	12904	36	1	1	34	6.82874e-05	14644	0.99997	FALSE	N:cds-YP_009724397.2	CAA	Q	TAA	*	408
NC_045512.2	29495	C	A	14642	12904	36	1	0	26	6.82874e-05	14644	1	FALSE	N:cds-YP_009724397.2	CAA	Q	AAA	K	408
NC_045512.2	29496	A	T	14047	12307	35	1	1	34	7.11339e-05	14058	0.999969	FALSE	N:cds-YP_009724397.2	CAA	Q	CTA	L	408
NC_045512.2	29496	A	G	14047	12307	35	10	10	34	0.000711339	14058	0.846376	FALSE	N:cds-YP_009724397.2	CAA	Q	CGA	R	408
NC_045512.2	29497	A	G	14438	12641	36	3	3	34	0.000207742	14441	0.998829	FALSE	N:cds-YP_009724397.2	CAA	Q	CAG	Q	408
NC_045512.2	29498	C	T	14302	12584	36	1	1	34	6.99007e-05	14306	0.99997	FALSE	N:cds-YP_009724397.2	CAA	Q	TAA	*	409
NC_045512.2	29498	C	A	14302	12584	36	3	2	31	0.000209702	14306	0.998828	FALSE	N:cds-YP_009724397.2	CAA	Q	AAA	K	409
NC_045512.2	29499	A	G	13751	12057	35	6	6	34	0.000436142	13757	0.968272	FALSE	N:cds-YP_009724397.2	CAA	Q	CGA	R	409
NC_045512.2	29500	A	G	13691	11938	35	2	2	34	0.00014606	13693	0.999513	FALSE	N:cds-YP_009724397.2	CAA	Q	CAG	Q	409
NC_045512.2	29501	T	A	13967	12052	36	1	0	26	7.15922e-05	13968	1	FALSE	N:cds-YP_009724397.2	TCC	S	ACC	T	410
NC_045512.2	29502	C	T	13924	12100	35	1	1	34	7.1803e-05	13927	0.999939	FALSE	N:cds-YP_009724397.2	TCC	S	TTC	F	410
NC_045512.2	29502	C	A	13924	12100	35	2	1	30	0.000143606	13927	0.999513	FALSE	N:cds-YP_009724397.2	TCC	S	TAC	Y	410
NC_045512.2	29504	A	T	13428	11647	35	1	1	26	7.44546e-05	13431	1	FALSE	N:cds-YP_009724397.2	ATG	M	TTG	L	411
NC_045512.2	29504	A	G	13428	11647	35	2	2	34	0.000148909	13431	0.999513	FALSE	N:cds-YP_009724397.2	ATG	M	GTG	V	411
NC_045512.2	29506	G	A	13567	11746	35	1	1	34	7.37028e-05	13568	0.999939	FALSE	N:cds-YP_009724397.2	ATG	M	ATA	I	411
NC_045512.2	29507	A	T	13409	11648	35	1	1	34	7.45657e-05	13411	0.999939	FALSE	N:cds-YP_009724397.2	AGC	S	TGC	C	412
NC_045512.2	29507	A	G	13409	11648	35	1	1	34	7.45657e-05	13411	0.999939	FALSE	N:cds-YP_009724397.2	AGC	S	GGC	G	412
NC_045512.2	29508	G	A	12368	10548	34	2	2	34	0.000161681	12370	0.999087	FALSE	N:cds-YP_009724397.2	AGC	S	AAC	N	412
NC_045512.2	29510	A	C	0	0	0	1212	154	36	1	1212	0	TRUE	N:cds-YP_009724397.2	AGT	S	CGT	R	413
NC_045512.2	29517	A	T	801	196	34	5	0	27	0.00620347	806	0.868042	FALSE	N:cds-YP_009724397.2	GAC	D	GTC	V	415
NC_045512.2	29518	C	G	798	207	34	31	0	27	0.0373945	829	0.000127098	TRUE	N:cds-YP_009724397.2	GAC	D	GAG	E	415
NC_045512.2	29519	T	A	1594	197	36	1	0	34	0.000626959	1595	0.750235	FALSE	N:cds-YP_009724397.2	TCA	S	ACA	T	416
NC_045512.2	29519	T	-CAA	1594	197	36	1	0	20	0.000626959	1595	0.999985	FALSE	NA	NA	NA	NA	NA	NA
NC_045512.2	29524	T	C	1714	205	36	2	1	40	0.0011655	1716	0.250073	FALSE	N:cds-YP_009724397.2	ACT	T	ACC	T	417
NC_045512.2	29526	A	G	1666	205	36	1	0	68	0.00059988	1667	0.50015	FALSE	N:cds-YP_009724397.2	CAG	Q	CGG	R	418
NC_045512.2	29527	G	A	2024	209	36	1	0	34	0.000493827	2025	0.875185	FALSE	N:cds-YP_009724397.2	CAG	Q	CAA	Q	418
NC_045512.2	29531	T	G	2069	236	36	1	0	34	0.000483092	2070	0.875181	FALSE	N:cds-YP_009724397.2	TAA	*	GAA	E	420
NC_045512.2	29534	A	C	1888	237	34	1	1	68	0.000529381	1889	0.500132	FALSE	NA	NA	NA	NA	NA	NA
NC_045512.2	29536	T	A	2272	231	36	1	0	34	0.000439947	2273	0.875165	FALSE	NA	NA	NA	NA	NA	NA
NC_045512.2	29538	A	T	2325	270	37	1	0	34	0.000429923	2326	0.875161	FALSE	NA	NA	NA	NA	NA	NA
NC_045512.2	29539	T	C	2343	263	37	1	1	34	0.000426621	2344	0.87516	FALSE	NA	NA	NA	NA	NA	NA
NC_045512.2	29541	C	T	2374	285	37	3	0	45	0.0012621	2377	0.125	FALSE	NA	NA	NA	NA	NA	NA
NC_045512.2	29543	G	T	2522	282	37	1	0	34	0.000396354	2523	0.875149	FALSE	NA	NA	NA	NA	NA	NA
NC_045512.2	29546	C	G	2552	315	38	1	0	27	0.000391696	2553	1	FALSE	NA	NA	NA	NA	NA	NA
NC_045512.2	29548	C	T	2761	344	38	1	0	34	0.000362056	2762	0.875136	FALSE	NA	NA	NA	NA	NA	NA
NC_045512.2	29549	A	G	2768	343	38	1	0	34	0.000361141	2769	0.875135	FALSE	NA	NA	NA	NA	NA	NA
NC_045512.2	29552	A	C	2860	358	38	1	0	34	0.000349528	2861	0.875131	FALSE	NA	NA	NA	NA	NA	NA
NC_045512.2	29555	C	T	2931	388	38	1	0	34	0.000341064	2932	0.875128	FALSE	NA	NA	NA	NA	NA	NA
NC_045512.2	29558	A	G	2879	390	38	1	0	26	0.000347222	2880	1	FALSE	ORF10:cds-YP_009725255.1	ATG	M	GTG	V	1
NC_045512.2	29559	T	G	2942	404	38	1	0	27	0.000339674	2944	1	FALSE	ORF10:cds-YP_009725255.1	ATG	M	AGG	R	1
NC_045512.2	29559	T	C	2942	404	38	1	0	34	0.000339674	2944	0.875064	FALSE	ORF10:cds-YP_009725255.1	ATG	M	ACG	T	1
NC_045512.2	29565	A	T	3083	407	38	1	0	34	0.000324254	3084	0.937601	FALSE	ORF10:cds-YP_009725255.1	TAT	Y	TTT	F	3
NC_045512.2	29567	A	T	2781	428	37	1	1	34	0.000359454	2782	0.875135	FALSE	ORF10:cds-YP_009725255.1	ATA	I	TTA	L	4
NC_045512.2	29568	T	G	3061	425	38	1	0	34	0.000326584	3062	0.937602	FALSE	ORF10:cds-YP_009725255.1	ATA	I	AGA	R	4
NC_045512.2	29568	T	-A	3061	425	38	1	0	20	0.000326584	3062	1	FALSE	NA	NA	NA	NA	NA	NA
NC_045512.2	29575	T	A	2897	435	38	1	0	26	0.000345066	2898	1	FALSE	ORF10:cds-YP_009725255.1	GTT	V	GTA	V	6
NC_045512.2	29577	T	A	2885	438	38	1	0	34	0.0003465	2886	0.87513	FALSE	ORF10:cds-YP_009725255.1	TTC	F	TAC	Y	7
NC_045512.2	29579	G	C	2918	440	38	1	1	34	0.000342583	2919	0.875128	FALSE	ORF10:cds-YP_009725255.1	GCT	A	CCT	P	8
NC_045512.2	29580	C	T	2911	466	38	1	0	34	0.000343407	2912	0.875129	FALSE	ORF10:cds-YP_009725255.1	GCT	A	GTT	V	8
NC_045512.2	29580	C	-T	2911	466	38	2	0	20	0.000686813	2912	1	FALSE	NA	NA	NA	NA	NA	NA
NC_045512.2	29581	T	C	2857	464	38	1	0	34	0.000349895	2858	0.875066	FALSE	ORF10:cds-YP_009725255.1	GCT	A	GCC	A	8
NC_045512.2	29582	T	C	2871	469	38	1	0	68	0.000348189	2872	0.500087	FALSE	ORF10:cds-YP_009725255.1	TTT	F	CTT	L	9
NC_045512.2	29583	T	G	2883	475	38	1	0	26	0.000346741	2884	1	FALSE	ORF10:cds-YP_009725255.1	TTT	F	TGT	C	9
NC_045512.2	29588	T	G	2618	300	36	1	1	26	0.000381679	2620	1	FALSE	ORF10:cds-YP_009725255.1	TTT	F	GTT	V	11
NC_045512.2	29588	T	C	2618	300	36	1	0	68	0.000381679	2620	0.5	FALSE	ORF10:cds-YP_009725255.1	TTT	F	CTT	L	11
NC_045512.2	29592	C	A	2826	570	39	1	0	34	0.000353732	2827	0.875133	FALSE	ORF10:cds-YP_009725255.1	ACG	T	AAG	K	12
NC_045512.2	29596	A	T	2900	735	39	1	0	26	0.000344709	2901	1	FALSE	ORF10:cds-YP_009725255.1	ATA	I	ATT	I	13
NC_045512.2	29597	T	A	3115	728	40	1	0	26	0.000320924	3116	1	FALSE	ORF10:cds-YP_009725255.1	TAT	Y	AAT	N	14
NC_045512.2	29599	T	G	3127	831	41	2	0	51	0.000638366	3133	0.249721	FALSE	ORF10:cds-YP_009725255.1	TAT	Y	TAG	*	14
NC_045512.2	29599	T	C	3127	831	41	4	0	34	0.00127673	3133	0.499825	FALSE	ORF10:cds-YP_009725255.1	TAT	Y	TAC	Y	14
NC_045512.2	29600	A	G	3139	819	41	1	0	34	0.000318471	3140	0.9376	FALSE	ORF10:cds-YP_009725255.1	AGT	S	GGT	G	15
NC_045512.2	29601	G	T	3485	839	40	1	0	34	0.000286862	3486	0.93759	FALSE	ORF10:cds-YP_009725255.1	AGT	S	ATT	I	15
NC_045512.2	29604	T	C	3387	929	41	1	0	34	0.000295159	3388	0.937592	FALSE	ORF10:cds-YP_009725255.1	CTA	L	CCA	P	16
NC_045512.2	29607	T	C	3318	869	40	2	0	34	0.00060241	3320	0.812688	FALSE	ORF10:cds-YP_009725255.1	CTC	L	CCC	P	17
NC_045512.2	29608	C	T	3380	930	41	1	0	34	0.00029577	3381	0.937592	FALSE	ORF10:cds-YP_009725255.1	CTC	L	CTT	L	17
NC_045512.2	29614	C	T	3165	908	40	1	0	26	0.000315856	3166	1	FALSE	ORF10:cds-YP_009725255.1	TGC	C	TGT	C	19
NC_045512.2	29617	A	G	3148	951	40	1	1	24	0.000317561	3149	1	FALSE	ORF10:cds-YP_009725255.1	AGA	R	AGG	R	20
NC_045512.2	29620	G	A	3154	956	40	1	0	34	0.000316957	3155	0.937599	FALSE	ORF10:cds-YP_009725255.1	ATG	M	ATA	I	21
NC_045512.2	29621	A	G	2986	951	39	1	0	26	0.000334784	2987	1	FALSE	ORF10:cds-YP_009725255.1	AAT	N	GAT	D	22
NC_045512.2	29625	C	T	2074	658	40	1014	326	40	0.328368	3088	0	TRUE	ORF10:cds-YP_009725255.1	TCT	S	TTT	F	23
NC_045512.2	29626	T	C	2927	985	39	1	0	34	0.00034153	2928	0.875128	FALSE	ORF10:cds-YP_009725255.1	TCT	S	TCC	S	23
NC_045512.2	29631	A	G	2943	1025	39	1	0	34	0.000339674	2944	0.875127	FALSE	ORF10:cds-YP_009725255.1	AAC	N	AGC	S	25
NC_045512.2	29637	T	G	2894	1069	38	1	0	34	0.000345423	2895	0.87513	FALSE	ORF10:cds-YP_009725255.1	ATA	I	AGA	R	27
NC_045512.2	29638	A	G	2833	1046	39	1	0	34	0.000352858	2834	0.875132	FALSE	ORF10:cds-YP_009725255.1	ATA	I	ATG	M	27
NC_045512.2	29641	A	-C	2911	1096	39	1	0	20	0.000343525	2911	1	FALSE	NA	NA	NA	NA	NA	NA
NC_045512.2	29646	T	G	2983	1201	39	1	0	34	0.000335121	2984	0.875126	FALSE	ORF10:cds-YP_009725255.1	GTA	V	GGA	G	30
NC_045512.2	29649	A	T	2660	1248	38	1	0	26	0.000375799	2661	1	FALSE	ORF10:cds-YP_009725255.1	GAT	D	GTT	V	31
NC_045512.2	29650	T	C	2878	1260	39	1	1	34	0.000347343	2879	0.87513	FALSE	ORF10:cds-YP_009725255.1	GAT	D	GAC	D	31
NC_045512.2	29652	T	G	2874	1243	38	3	0	34	0.00104275	2877	0.500163	FALSE	ORF10:cds-YP_009725255.1	GTA	V	GGA	G	32
NC_045512.2	29656	T	C	2872	1228	38	1	1	68	0.000348068	2873	0.500087	FALSE	ORF10:cds-YP_009725255.1	GTT	V	GTC	V	33
NC_045512.2	29657	A	T	2711	1112	37	1	0	24	0.000368732	2712	1	FALSE	ORF10:cds-YP_009725255.1	AAC	N	TAC	Y	34
NC_045512.2	29664	A	G	2791	1270	38	1	0	26	0.000358166	2792	1	FALSE	ORF10:cds-YP_009725255.1	AAT	N	AGT	S	36
NC_045512.2	29666	C	T	2728	1328	37	1	1	34	0.0003663	2730	0.875069	FALSE	ORF10:cds-YP_009725255.1	CTC	L	TTC	F	37
NC_045512.2	29666	C	A	2728	1328	37	1	1	26	0.0003663	2730	1	FALSE	ORF10:cds-YP_009725255.1	CTC	L	ATC	I	37
NC_045512.2	29667	T	C	2728	1317	37	1	0	34	0.000366435	2729	0.875137	FALSE	ORF10:cds-YP_009725255.1	CTC	L	CCC	P	37
NC_045512.2	29675	C	T	2985	1684	39	1	1	34	0.000334896	2986	0.875126	FALSE	NA	NA	NA	NA	NA	NA
NC_045512.2	29676	A	T	2999	1678	39	1	1	24	0.000333333	3000	1	FALSE	NA	NA	NA	NA	NA	NA
NC_045512.2	29678	T	C	3022	1655	39	1	1	60	0.000330797	3023	0.500083	FALSE	NA	NA	NA	NA	NA	NA
NC_045512.2	29685	T	A	3301	1999	40	1	0	26	0.000302847	3302	1	FALSE	NA	NA	NA	NA	NA	NA
NC_045512.2	29686	C	A	3302	1992	40	1	1	26	0.000302755	3303	1	FALSE	NA	NA	NA	NA	NA	NA
NC_045512.2	29687	A	G	3166	1876	40	1	1	34	0.000315756	3167	0.937599	FALSE	NA	NA	NA	NA	NA	NA
NC_045512.2	29691	T	C	3305	1906	40	1	0	68	0.00030248	3306	0.500076	FALSE	NA	NA	NA	NA	NA	NA
NC_045512.2	29694	A	T	3296	1968	40	1	1	34	0.000303214	3298	0.937557	FALSE	NA	NA	NA	NA	NA	NA
NC_045512.2	29694	A	C	3296	1968	40	1	1	24	0.000303214	3298	1	FALSE	NA	NA	NA	NA	NA	NA
NC_045512.2	29695	A	T	3289	1995	40	1	1	24	0.000303951	3290	1	FALSE	NA	NA	NA	NA	NA	NA
NC_045512.2	29697	A	T	2921	1760	39	1	1	27	0.000342231	2922	1	FALSE	NA	NA	NA	NA	NA	NA
NC_045512.2	29698	T	C	2992	1783	40	1	1	26	0.000334113	2993	1	FALSE	NA	NA	NA	NA	NA	NA
NC_045512.2	29700	A	G	2817	1650	39	1	0	34	0.000354862	2818	0.875133	FALSE	NA	NA	NA	NA	NA	NA
NC_045512.2	29704	A	G	2549	1634	39	1	1	68	0.000392157	2550	0.500098	FALSE	NA	NA	NA	NA	NA	NA
NC_045512.2	29705	G	A	2522	1592	39	1	1	34	0.000396354	2523	0.875149	FALSE	NA	NA	NA	NA	NA	NA
NC_045512.2	29708	C	T	2652	1781	39	1	0	34	0.000376932	2653	0.875141	FALSE	NA	NA	NA	NA	NA	NA
NC_045512.2	29713	A	C	3267	2562	42	4	4	28	0.00122287	3271	1	FALSE	NA	NA	NA	NA	NA	NA
NC_045512.2	29716	A	G	3145	2509	40	1	1	34	0.000317864	3146	0.937599	FALSE	NA	NA	NA	NA	NA	NA
NC_045512.2	29718	C	A	3153	2489	42	1	1	26	0.000317058	3154	1	FALSE	NA	NA	NA	NA	NA	NA
NC_045512.2	29720	A	G	3150	2481	42	1	0	34	0.00031736	3151	0.937599	FALSE	NA	NA	NA	NA	NA	NA
NC_045512.2	29725	A	-T	3123	2478	41	2	0	20	0.00064041	3123	1	FALSE	NA	NA	NA	NA	NA	NA
NC_045512.2	29728	T	C	3107	2481	41	3	3	30	0.00096463	3110	0.656476	FALSE	NA	NA	NA	NA	NA	NA
NC_045512.2	29729	T	C	3098	2478	41	1	0	34	0.000322685	3099	0.937601	FALSE	NA	NA	NA	NA	NA	NA
NC_045512.2	29732	C	-CGAGGCCACGCGGAGTACGATCGAGT	3060	2497	41	1	0	20	0.000326797	3060	1	FALSE	NA	NA	NA	NA	NA	NA
NC_045512.2	29733	C	-GAGGCCACGCGGAGTACGATCGAGTG	3055	2539	40	2412	0	20	0.789525	3055	0	TRUE	NA	NA	NA	NA	NA	NA
NC_045512.2	29734	G	T	0	0	0	12	10	42	1	12	6.47239e-33	TRUE	NA	NA	NA	NA	NA	NA
NC_045512.2	29762	C	T	2524	2257	38	1	1	34	0.00039604	2525	0.875149	FALSE	NA	NA	NA	NA	NA	NA
NC_045512.2	29767	A	G	2511	2244	38	2	2	34	0.000795862	2513	0.687724	FALSE	NA	NA	NA	NA	NA	NA
NC_045512.2	29768	A	G	2449	2196	37	2	2	34	0.000815661	2452	0.687577	FALSE	NA	NA	NA	NA	NA	NA
NC_045512.2	29768	A	C	2449	2196	37	1	1	34	0.00040783	2452	0.875	FALSE	NA	NA	NA	NA	NA	NA
NC_045512.2	29770	A	G	2512	2248	38	1	1	34	0.000397931	2513	0.875149	FALSE	NA	NA	NA	NA	NA	NA
NC_045512.2	29773	G	T	2522	2256	38	1	1	26	0.000396354	2523	1	FALSE	NA	NA	NA	NA	NA	NA
NC_045512.2	29778	G	T	2521	2255	38	1	1	34	0.000396354	2523	0.875074	FALSE	NA	NA	NA	NA	NA	NA
NC_045512.2	29778	G	C	2521	2255	38	1	1	34	0.000396354	2523	0.875074	FALSE	NA	NA	NA	NA	NA	NA
NC_045512.2	29780	A	G	2527	2262	38	1	0	34	0.00039557	2528	0.875148	FALSE	NA	NA	NA	NA	NA	NA
NC_045512.2	29784	C	T	2523	2265	38	1	1	26	0.000396197	2524	1	FALSE	NA	NA	NA	NA	NA	NA
NC_045512.2	29786	G	A	2505	2248	38	1	1	34	0.000399042	2506	0.87515	FALSE	NA	NA	NA	NA	NA	NA
NC_045512.2	29788	C	A	2501	2243	38	1	1	34	0.00039968	2502	0.87515	FALSE	NA	NA	NA	NA	NA	NA
NC_045512.2	29792	A	G	2411	2162	38	2	2	34	0.000828844	2413	0.687733	FALSE	NA	NA	NA	NA	NA	NA
NC_045512.2	29796	A	G	2218	1985	38	1	1	46	0.000450653	2219	0.500113	FALSE	NA	NA	NA	NA	NA	NA
NC_045512.2	29798	G	T	2133	1901	38	1	1	34	0.000468604	2134	0.875176	FALSE	NA	NA	NA	NA	NA	NA
NC_045512.2	29801	C	T	1859	1655	38	1	1	34	0.000537634	1860	0.750202	FALSE	NA	NA	NA	NA	NA	NA
NC_045512.2	29802	C	A	1863	1658	38	2	2	30	0.00107239	1865	0.500201	FALSE	NA	NA	NA	NA	NA	NA
NC_045512.2	29803	C	A	1826	1658	37	1	0	34	0.000547345	1827	0.750205	FALSE	NA	NA	NA	NA	NA	NA
NC_045512.2	29804	T	C	1751	1586	37	2	2	34	0.0011409	1753	0.500214	FALSE	NA	NA	NA	NA	NA	NA
NC_045512.2	29806	A	C	1706	1550	37	4	4	30	0.00233918	1710	0.1875	FALSE	NA	NA	NA	NA	NA	NA
NC_045512.2	29807	T	G	1706	1548	37	1	0	24	0.00058548	1708	0.999996	FALSE	NA	NA	NA	NA	NA	NA
NC_045512.2	29807	T	C	1706	1548	37	1	1	26	0.00058548	1708	0.999996	FALSE	NA	NA	NA	NA	NA	NA
NC_045512.2	29808	G	T	1711	1551	37	1	1	34	0.000584112	1712	0.750219	FALSE	NA	NA	NA	NA	NA	NA
NC_045512.2	29812	A	G	1365	1221	37	1	1	34	0.000732064	1366	0.750275	FALSE	NA	NA	NA	NA	NA	NA
NC_045512.2	29821	T	C	1279	1204	36	1	1	26	0.00078125	1280	0.999882	FALSE	NA	NA	NA	NA	NA	NA
