REGION	POS	REF	ALT	REF_DP	REF_RV	REF_QUAL	ALT_DP	ALT_RV	ALT_QUAL	ALT_FREQ	TOTAL_DP	PVAL	PASS	GFF_FEATURE	REF_CODON	REF_AA	ALT_CODON	ALT_AA	POS_AA
NC_045512.2	100	C	A	348	53	38	2	2	37	0.00571429	350	0.250358	FALSE	NA	NA	NA	NA	NA	NA
NC_045512.2	105	G	A	446	57	38	1	0	37	0.00223714	447	0.50056	FALSE	NA	NA	NA	NA	NA	NA
NC_045512.2	106	C	T	451	62	38	1	0	37	0.00220751	453	0.5	FALSE	NA	NA	NA	NA	NA	NA
NC_045512.2	106	C	A	451	62	38	1	0	37	0.00220751	453	0.5	FALSE	NA	NA	NA	NA	NA	NA
NC_045512.2	114	G	A	542	65	38	1	0	37	0.00184162	543	0.500461	FALSE	NA	NA	NA	NA	NA	NA
NC_045512.2	116	G	A	546	67	38	1	1	37	0.00182815	547	0.500457	FALSE	NA	NA	NA	NA	NA	NA
NC_045512.2	123	C	T	595	71	38	1	0	37	0.00167785	596	0.50042	FALSE	NA	NA	NA	NA	NA	NA
NC_045512.2	124	G	A	592	70	38	3	3	37	0.00504202	595	0.125	FALSE	NA	NA	NA	NA	NA	NA
NC_045512.2	125	C	T	613	72	38	1	0	37	0.00162866	614	0.500407	FALSE	NA	NA	NA	NA	NA	NA
NC_045512.2	138	A	G	840	110	39	1	1	37	0.00118906	841	0.500297	FALSE	NA	NA	NA	NA	NA	NA
NC_045512.2	143	A	G	876	113	39	1	0	37	0.00114025	877	0.500285	FALSE	NA	NA	NA	NA	NA	NA
NC_045512.2	144	T	C	889	124	40	1	0	74	0.0011236	890	0.500281	FALSE	NA	NA	NA	NA	NA	NA
NC_045512.2	148	T	C	893	132	40	2	0	31	0.00223464	895	0.25014	FALSE	NA	NA	NA	NA	NA	NA
NC_045512.2	151	C	T	977	146	41	1	0	37	0.00102249	978	0.500256	FALSE	NA	NA	NA	NA	NA	NA
NC_045512.2	162	C	T	1029	171	41	1	0	37	0.000970874	1030	0.750364	FALSE	NA	NA	NA	NA	NA	NA
NC_045512.2	163	A	+G	1003	170	40	1	0	20	0.000997009	1003	0.99953	FALSE	NA	NA	NA	NA	NA	NA
NC_045512.2	164	C	T	1083	173	41	1	0	37	0.000921659	1085	0.750115	FALSE	NA	NA	NA	NA	NA	NA
NC_045512.2	164	C	G	1083	173	41	1	0	37	0.000921659	1085	0.750115	FALSE	NA	NA	NA	NA	NA	NA
NC_045512.2	166	A	G	1062	176	41	2	0	31	0.0018797	1064	0.500353	FALSE	NA	NA	NA	NA	NA	NA
NC_045512.2	175	T	C	1128	217	42	1	0	37	0.00088574	1129	0.750332	FALSE	NA	NA	NA	NA	NA	NA
NC_045512.2	181	T	G	1140	265	42	1	1	37	0.000876424	1141	0.750329	FALSE	NA	NA	NA	NA	NA	NA
NC_045512.2	182	T	G	1170	268	43	1	0	37	0.000853971	1171	0.75032	FALSE	NA	NA	NA	NA	NA	NA
NC_045512.2	187	A	G	1141	281	42	1	0	37	0.000875657	1142	0.750329	FALSE	NA	NA	NA	NA	NA	NA
NC_045512.2	191	T	C	1127	274	42	1	0	37	0.000886525	1128	0.750333	FALSE	NA	NA	NA	NA	NA	NA
NC_045512.2	196	A	G	1174	301	42	1	1	37	0.000851064	1175	0.750319	FALSE	NA	NA	NA	NA	NA	NA
NC_045512.2	199	G	T	1197	307	42	1	0	37	0.000834725	1198	0.750313	FALSE	NA	NA	NA	NA	NA	NA
NC_045512.2	201	T	C	1154	279	41	2	0	37	0.0017301	1156	0.500325	FALSE	NA	NA	NA	NA	NA	NA
NC_045512.2	206	C	T	1112	314	41	1	1	37	0.000898473	1113	0.750337	FALSE	NA	NA	NA	NA	NA	NA
NC_045512.2	208	G	A	1124	333	42	2	1	37	0.0017762	1126	0.500333	FALSE	NA	NA	NA	NA	NA	NA
NC_045512.2	210	G	A	1106	345	41	1	0	37	0.000903342	1107	0.750339	FALSE	NA	NA	NA	NA	NA	NA
NC_045512.2	213	G	A	1109	371	41	1	1	37	0.000900901	1110	0.750338	FALSE	NA	NA	NA	NA	NA	NA
NC_045512.2	214	C	T	1117	372	42	1	1	37	0.000894454	1118	0.750336	FALSE	NA	NA	NA	NA	NA	NA
NC_045512.2	219	G	A	1083	374	41	1	1	74	0.000922509	1084	0.500231	FALSE	NA	NA	NA	NA	NA	NA
NC_045512.2	227	G	A	1078	399	41	1	0	37	0.000926784	1079	0.750348	FALSE	NA	NA	NA	NA	NA	NA
NC_045512.2	234	T	C	1017	489	39	1	0	37	0.000982318	1018	0.750369	FALSE	NA	NA	NA	NA	NA	NA
NC_045512.2	241	C	T	0	0	0	1029	467	40	1	1029	0	TRUE	NA	NA	NA	NA	NA	NA
NC_045512.2	243	T	C	1061	482	40	2	1	55	0.00188147	1063	0.250118	FALSE	NA	NA	NA	NA	NA	NA
NC_045512.2	244	C	T	1057	481	40	1	1	74	0.00094518	1058	0.500236	FALSE	NA	NA	NA	NA	NA	NA
NC_045512.2	246	G	A	1041	464	40	1	0	37	0.000959693	1042	0.75036	FALSE	NA	NA	NA	NA	NA	NA
NC_045512.2	253	A	G	1000	484	41	1	0	37	0.000999001	1001	0.750375	FALSE	NA	NA	NA	NA	NA	NA
NC_045512.2	259	A	G	951	455	40	1	1	37	0.00104932	953	0.5	FALSE	NA	NA	NA	NA	NA	NA
NC_045512.2	259	A	C	951	455	40	1	1	20	0.00104932	953	0.999046	FALSE	NA	NA	NA	NA	NA	NA
NC_045512.2	263	A	T	1024	563	42	1	0	74	0.00097561	1025	0.500244	FALSE	NA	NA	NA	NA	NA	NA
NC_045512.2	264	A	T	1021	555	41	1	1	37	0.000978474	1022	0.750367	FALSE	NA	NA	NA	NA	NA	NA
NC_045512.2	268	G	A	1024	565	41	1	0	37	0.00097561	1025	0.750366	FALSE	ORF1ab:cds-YP_009724389.1	ATG	M	ATA	I	1
NC_045512.2	268	G	A	1024	565	41	1	0	37	0.00097561	1025	0.750366	FALSE	ORF1ab:cds-YP_009725295.1	ATG	M	ATA	I	1
NC_045512.2	272	A	G	987	539	41	1	0	37	0.00101112	989	0.5	FALSE	ORF1ab:cds-YP_009724389.1	AGC	S	GGC	G	3
NC_045512.2	272	A	G	987	539	41	1	0	37	0.00101112	989	0.5	FALSE	ORF1ab:cds-YP_009725295.1	AGC	S	GGC	G	3
NC_045512.2	272	A	C	987	539	41	1	0	37	0.00101112	989	0.5	FALSE	ORF1ab:cds-YP_009724389.1	AGC	S	CGC	R	3
NC_045512.2	272	A	C	987	539	41	1	0	37	0.00101112	989	0.5	FALSE	ORF1ab:cds-YP_009725295.1	AGC	S	CGC	R	3
NC_045512.2	276	T	C	994	584	41	1	1	62	0.00100402	996	0.5	FALSE	ORF1ab:cds-YP_009724389.1	CTT	L	CCT	P	4
NC_045512.2	276	T	C	994	584	41	1	1	62	0.00100402	996	0.5	FALSE	ORF1ab:cds-YP_009725295.1	CTT	L	CCT	P	4
NC_045512.2	276	T	A	994	584	41	1	0	37	0.00100402	996	0.5	FALSE	ORF1ab:cds-YP_009724389.1	CTT	L	CAT	H	4
NC_045512.2	276	T	A	994	584	41	1	0	37	0.00100402	996	0.5	FALSE	ORF1ab:cds-YP_009725295.1	CTT	L	CAT	H	4
NC_045512.2	290	A	G	1062	757	43	1	1	74	0.000940734	1063	0.500235	FALSE	ORF1ab:cds-YP_009724389.1	AAC	N	GAC	D	9
NC_045512.2	290	A	G	1062	757	43	1	1	74	0.000940734	1063	0.500235	FALSE	ORF1ab:cds-YP_009725295.1	AAC	N	GAC	D	9
NC_045512.2	292	C	T	1061	761	43	1	0	74	0.00094162	1062	0.500236	FALSE	ORF1ab:cds-YP_009724389.1	AAC	N	AAT	N	9
NC_045512.2	292	C	T	1061	761	43	1	0	74	0.00094162	1062	0.500236	FALSE	ORF1ab:cds-YP_009725295.1	AAC	N	AAT	N	9
NC_045512.2	303	A	+G	1027	789	41	1	0	20	0.00097371	1027	0.99953	FALSE	NA	NA	NA	NA	NA	NA
NC_045512.2	315	G	A	1101	893	43	1	1	25	0.000907441	1102	0.999764	FALSE	ORF1ab:cds-YP_009724389.1	AGT	S	AAT	N	17
NC_045512.2	315	G	A	1101	893	43	1	1	25	0.000907441	1102	0.999764	FALSE	ORF1ab:cds-YP_009725295.1	AGT	S	AAT	N	17
NC_045512.2	319	G	A	1103	902	43	3	1	74	0.00271248	1106	0.125	FALSE	ORF1ab:cds-YP_009724389.1	TTG	L	TTA	L	18
NC_045512.2	319	G	A	1103	902	43	3	1	74	0.00271248	1106	0.125	FALSE	ORF1ab:cds-YP_009725295.1	TTG	L	TTA	L	18
NC_045512.2	320	C	T	1102	905	43	2	2	37	0.00181159	1104	0.50034	FALSE	ORF1ab:cds-YP_009724389.1	CCT	P	TCT	S	19
NC_045512.2	320	C	T	1102	905	43	2	2	37	0.00181159	1104	0.50034	FALSE	ORF1ab:cds-YP_009725295.1	CCT	P	TCT	S	19
NC_045512.2	322	T	A	1107	916	44	2	2	37	0.00180343	1109	0.500338	FALSE	ORF1ab:cds-YP_009724389.1	CCT	P	CCA	P	19
NC_045512.2	322	T	A	1107	916	44	2	2	37	0.00180343	1109	0.500338	FALSE	ORF1ab:cds-YP_009725295.1	CCT	P	CCA	P	19
NC_045512.2	326	T	C	1126	931	43	1	0	37	0.000887311	1127	0.750333	FALSE	ORF1ab:cds-YP_009724389.1	TTA	L	CTA	L	21
NC_045512.2	326	T	C	1126	931	43	1	0	37	0.000887311	1127	0.750333	FALSE	ORF1ab:cds-YP_009725295.1	TTA	L	CTA	L	21
NC_045512.2	330	A	T	1171	988	44	1	1	20	0.000853242	1172	0.999764	FALSE	ORF1ab:cds-YP_009724389.1	CAG	Q	CTG	L	22
NC_045512.2	330	A	T	1171	988	44	1	1	20	0.000853242	1172	0.999764	FALSE	ORF1ab:cds-YP_009725295.1	CAG	Q	CTG	L	22
NC_045512.2	338	G	A	1108	988	42	2	2	37	0.0018018	1110	0.500338	FALSE	ORF1ab:cds-YP_009724389.1	GAC	D	AAC	N	25
NC_045512.2	338	G	A	1108	988	42	2	2	37	0.0018018	1110	0.500338	FALSE	ORF1ab:cds-YP_009725295.1	GAC	D	AAC	N	25
NC_045512.2	344	C	T	1049	948	41	1	1	37	0.000952381	1050	0.750357	FALSE	ORF1ab:cds-YP_009724389.1	CTC	L	TTC	F	27
NC_045512.2	344	C	T	1049	948	41	1	1	37	0.000952381	1050	0.750357	FALSE	ORF1ab:cds-YP_009725295.1	CTC	L	TTC	F	27
NC_045512.2	349	A	G	1044	949	41	2	2	37	0.00191205	1046	0.500359	FALSE	ORF1ab:cds-YP_009724389.1	GTA	V	GTG	V	28
NC_045512.2	349	A	G	1044	949	41	2	2	37	0.00191205	1046	0.500359	FALSE	ORF1ab:cds-YP_009725295.1	GTA	V	GTG	V	28
NC_045512.2	350	C	-GTG	1036	942	41	1	0	20	0.000965251	1036	0.99953	FALSE	NA	NA	NA	NA	NA	NA
NC_045512.2	354	G	A	1008	913	41	2	2	37	0.0019802	1010	0.500372	FALSE	ORF1ab:cds-YP_009724389.1	GGC	G	GAC	D	30
NC_045512.2	354	G	A	1008	913	41	2	2	37	0.0019802	1010	0.500372	FALSE	ORF1ab:cds-YP_009725295.1	GGC	G	GAC	D	30
NC_045512.2	355	C	T	1002	907	41	1	1	37	0.000997009	1003	0.750374	FALSE	ORF1ab:cds-YP_009724389.1	GGC	G	GGT	G	30
NC_045512.2	355	C	T	1002	907	41	1	1	37	0.000997009	1003	0.750374	FALSE	ORF1ab:cds-YP_009725295.1	GGC	G	GGT	G	30
NC_045512.2	357	T	C	981	891	41	1	1	37	0.00101833	982	0.500255	FALSE	ORF1ab:cds-YP_009724389.1	TTT	F	TCT	S	31
NC_045512.2	357	T	C	981	891	41	1	1	37	0.00101833	982	0.500255	FALSE	ORF1ab:cds-YP_009725295.1	TTT	F	TCT	S	31
NC_045512.2	367	C	T	861	800	39	1	1	37	0.00116009	862	0.50029	FALSE	ORF1ab:cds-YP_009724389.1	TCC	S	TCT	S	34
NC_045512.2	367	C	T	861	800	39	1	1	37	0.00116009	862	0.50029	FALSE	ORF1ab:cds-YP_009725295.1	TCC	S	TCT	S	34
NC_045512.2	369	T	C	863	805	39	1	1	37	0.00115741	864	0.50029	FALSE	ORF1ab:cds-YP_009724389.1	GTG	V	GCG	A	35
NC_045512.2	369	T	C	863	805	39	1	1	37	0.00115741	864	0.50029	FALSE	ORF1ab:cds-YP_009725295.1	GTG	V	GCG	A	35
NC_045512.2	369	T	+GGA	863	805	39	1	0	20	0.00115741	864	0.998097	FALSE	NA	NA	NA	NA	NA	NA
NC_045512.2	375	A	G	745	714	38	1	1	37	0.00134048	746	0.500335	FALSE	ORF1ab:cds-YP_009724389.1	GAG	E	GGG	G	37
NC_045512.2	375	A	G	745	714	38	1	1	37	0.00134048	746	0.500335	FALSE	ORF1ab:cds-YP_009725295.1	GAG	E	GGG	G	37
NC_045512.2	393	G	A	458	432	38	1	1	37	0.00217865	459	0.500545	FALSE	ORF1ab:cds-YP_009724389.1	CGT	R	CAT	H	43
NC_045512.2	393	G	A	458	432	38	1	1	37	0.00217865	459	0.500545	FALSE	ORF1ab:cds-YP_009725295.1	CGT	R	CAT	H	43
NC_045512.2	395	C	T	458	431	38	1	1	37	0.00217865	459	0.500545	FALSE	ORF1ab:cds-YP_009724389.1	CAA	Q	TAA	*	44
NC_045512.2	395	C	T	458	431	38	1	1	37	0.00217865	459	0.500545	FALSE	ORF1ab:cds-YP_009725295.1	CAA	Q	TAA	*	44
NC_045512.2	405	A	G	0	0	0	362	349	37	1	362	7.64526e-217	TRUE	ORF1ab:cds-YP_009724389.1	AAA	K	AGA	R	47
NC_045512.2	405	A	G	0	0	0	362	349	37	1	362	7.64526e-217	TRUE	ORF1ab:cds-YP_009725295.1	AAA	K	AGA	R	47
NC_045512.2	410	G	T	235	223	38	1	1	37	0.00423729	236	0.501062	FALSE	ORF1ab:cds-YP_009724389.1	GGC	G	TGC	C	49
NC_045512.2	410	G	T	235	223	38	1	1	37	0.00423729	236	0.501062	FALSE	ORF1ab:cds-YP_009725295.1	GGC	G	TGC	C	49
NC_045512.2	667	T	C	11434	740	36	1	0	37	8.74508e-05	11435	0.999757	FALSE	ORF1ab:cds-YP_009724389.1	CAT	H	CAC	H	134
NC_045512.2	667	T	C	11434	740	36	1	0	37	8.74508e-05	11435	0.999757	FALSE	ORF1ab:cds-YP_009725295.1	CAT	H	CAC	H	134
NC_045512.2	668	A	T	11585	848	37	2	0	37	0.000172518	11593	0.998291	FALSE	ORF1ab:cds-YP_009724389.1	AGT	S	TGT	C	135
NC_045512.2	668	A	T	11585	848	37	2	0	37	0.000172518	11593	0.998291	FALSE	ORF1ab:cds-YP_009725295.1	AGT	S	TGT	C	135
NC_045512.2	668	A	G	11585	848	37	6	2	37	0.000517554	11593	0.928317	FALSE	ORF1ab:cds-YP_009724389.1	AGT	S	GGT	G	135
NC_045512.2	668	A	G	11585	848	37	6	2	37	0.000517554	11593	0.928317	FALSE	ORF1ab:cds-YP_009725295.1	AGT	S	GGT	G	135
NC_045512.2	669	G	T	11735	874	37	3	0	37	0.00025558	11738	0.993546	FALSE	ORF1ab:cds-YP_009724389.1	AGT	S	ATT	I	135
NC_045512.2	669	G	T	11735	874	37	3	0	37	0.00025558	11738	0.993546	FALSE	ORF1ab:cds-YP_009725295.1	AGT	S	ATT	I	135
NC_045512.2	670	T	G	0	0	0	13972	1052	38	0.999714	13976	0	TRUE	ORF1ab:cds-YP_009724389.1	AGT	S	AGG	R	135
NC_045512.2	670	T	G	0	0	0	13972	1052	38	0.999714	13976	0	TRUE	ORF1ab:cds-YP_009725295.1	AGT	S	AGG	R	135
NC_045512.2	670	T	A	0	0	0	4	0	37	0.000286205	13976	1.49648e-12	TRUE	ORF1ab:cds-YP_009724389.1	AGT	S	AGA	R	135
NC_045512.2	670	T	A	0	0	0	4	0	37	0.000286205	13976	1.49648e-12	TRUE	ORF1ab:cds-YP_009725295.1	AGT	S	AGA	R	135
NC_045512.2	671	T	C	14027	1095	38	2	0	31	0.000142562	14029	0.999742	FALSE	ORF1ab:cds-YP_009724389.1	TAC	Y	CAC	H	136
NC_045512.2	671	T	C	14027	1095	38	2	0	31	0.000142562	14029	0.999742	FALSE	ORF1ab:cds-YP_009725295.1	TAC	Y	CAC	H	136
NC_045512.2	673	C	T	14106	1124	38	10	0	37	0.000708316	14118	0.846334	FALSE	ORF1ab:cds-YP_009724389.1	TAC	Y	TAT	Y	136
NC_045512.2	673	C	T	14106	1124	38	10	0	37	0.000708316	14118	0.846334	FALSE	ORF1ab:cds-YP_009725295.1	TAC	Y	TAT	Y	136
NC_045512.2	673	C	A	14106	1124	38	2	0	37	0.000141663	14118	0.99974	FALSE	ORF1ab:cds-YP_009724389.1	TAC	Y	TAA	*	136
NC_045512.2	673	C	A	14106	1124	38	2	0	37	0.000141663	14118	0.99974	FALSE	ORF1ab:cds-YP_009725295.1	TAC	Y	TAA	*	136
NC_045512.2	674	G	T	14100	1140	38	1	0	37	7.08968e-05	14105	0.99997	FALSE	ORF1ab:cds-YP_009724389.1	GGC	G	TGC	C	137
NC_045512.2	674	G	T	14100	1140	38	1	0	37	7.08968e-05	14105	0.99997	FALSE	ORF1ab:cds-YP_009725295.1	GGC	G	TGC	C	137
NC_045512.2	674	G	A	14100	1140	38	4	0	37	0.000283587	14105	0.99624	FALSE	ORF1ab:cds-YP_009724389.1	GGC	G	AGC	S	137
NC_045512.2	674	G	A	14100	1140	38	4	0	37	0.000283587	14105	0.99624	FALSE	ORF1ab:cds-YP_009725295.1	GGC	G	AGC	S	137
NC_045512.2	675	G	T	14623	1380	39	1	0	37	6.83714e-05	14626	0.99997	FALSE	ORF1ab:cds-YP_009724389.1	GGC	G	GTC	V	137
NC_045512.2	675	G	T	14623	1380	39	1	0	37	6.83714e-05	14626	0.99997	FALSE	ORF1ab:cds-YP_009725295.1	GGC	G	GTC	V	137
NC_045512.2	675	G	A	14623	1380	39	2	0	55	0.000136743	14626	0.249991	FALSE	ORF1ab:cds-YP_009724389.1	GGC	G	GAC	D	137
NC_045512.2	675	G	A	14623	1380	39	2	0	55	0.000136743	14626	0.249991	FALSE	ORF1ab:cds-YP_009725295.1	GGC	G	GAC	D	137
NC_045512.2	676	C	T	14672	1410	39	2	0	37	0.000136258	14678	0.999741	FALSE	ORF1ab:cds-YP_009724389.1	GGC	G	GGT	G	137
NC_045512.2	676	C	T	14672	1410	39	2	0	37	0.000136258	14678	0.999741	FALSE	ORF1ab:cds-YP_009725295.1	GGC	G	GGT	G	137
NC_045512.2	676	C	A	14672	1410	39	4	0	34	0.000272517	14678	0.996238	FALSE	ORF1ab:cds-YP_009724389.1	GGC	G	GGA	G	137
NC_045512.2	676	C	A	14672	1410	39	4	0	34	0.000272517	14678	0.996238	FALSE	ORF1ab:cds-YP_009725295.1	GGC	G	GGA	G	137
NC_045512.2	677	G	A	14667	1431	39	1	0	74	6.81756e-05	14668	0.500017	FALSE	ORF1ab:cds-YP_009724389.1	GCC	A	ACC	T	138
NC_045512.2	677	G	A	14667	1431	39	1	0	74	6.81756e-05	14668	0.500017	FALSE	ORF1ab:cds-YP_009725295.1	GCC	A	ACC	T	138
NC_045512.2	678	C	T	14682	1426	39	6	0	37	0.000408469	14689	0.979339	FALSE	ORF1ab:cds-YP_009724389.1	GCC	A	GTC	V	138
NC_045512.2	678	C	T	14682	1426	39	6	0	37	0.000408469	14689	0.979339	FALSE	ORF1ab:cds-YP_009725295.1	GCC	A	GTC	V	138
NC_045512.2	678	C	A	14682	1426	39	1	0	37	6.80782e-05	14689	0.99997	FALSE	ORF1ab:cds-YP_009724389.1	GCC	A	GAC	D	138
NC_045512.2	678	C	A	14682	1426	39	1	0	37	6.80782e-05	14689	0.99997	FALSE	ORF1ab:cds-YP_009725295.1	GCC	A	GAC	D	138
NC_045512.2	679	C	T	14647	1416	39	17	2	36	0.00115906	14667	0.359835	FALSE	ORF1ab:cds-YP_009724389.1	GCC	A	GCT	A	138
NC_045512.2	679	C	T	14647	1416	39	17	2	36	0.00115906	14667	0.359835	FALSE	ORF1ab:cds-YP_009725295.1	GCC	A	GCT	A	138
NC_045512.2	679	C	A	14647	1416	39	3	0	37	0.000204541	14667	0.99882	FALSE	ORF1ab:cds-YP_009724389.1	GCC	A	GCA	A	138
NC_045512.2	679	C	A	14647	1416	39	3	0	37	0.000204541	14667	0.99882	FALSE	ORF1ab:cds-YP_009725295.1	GCC	A	GCA	A	138
NC_045512.2	680	G	T	17144	1504	39	1	0	37	5.82751e-05	17160	0.999996	FALSE	ORF1ab:cds-YP_009724389.1	GAT	D	TAT	Y	139
NC_045512.2	680	G	T	17144	1504	39	1	0	37	5.82751e-05	17160	0.999996	FALSE	ORF1ab:cds-YP_009725295.1	GAT	D	TAT	Y	139
NC_045512.2	680	G	A	17144	1504	39	15	2	33	0.000874126	17160	0.701779	FALSE	ORF1ab:cds-YP_009724389.1	GAT	D	AAT	N	139
NC_045512.2	680	G	A	17144	1504	39	15	2	33	0.000874126	17160	0.701779	FALSE	ORF1ab:cds-YP_009725295.1	GAT	D	AAT	N	139
NC_045512.2	681	A	G	18215	1516	39	3	0	37	0.000164672	18218	0.99989	FALSE	ORF1ab:cds-YP_009724389.1	GAT	D	GGT	G	139
NC_045512.2	681	A	G	18215	1516	39	3	0	37	0.000164672	18218	0.99989	FALSE	ORF1ab:cds-YP_009725295.1	GAT	D	GGT	G	139
NC_045512.2	682	T	C	18248	1654	39	2	0	37	0.000109577	18252	0.99998	FALSE	ORF1ab:cds-YP_009724389.1	GAT	D	GAC	D	139
NC_045512.2	682	T	C	18248	1654	39	2	0	37	0.000109577	18252	0.99998	FALSE	ORF1ab:cds-YP_009725295.1	GAT	D	GAC	D	139
NC_045512.2	682	T	A	18248	1654	39	2	0	25	0.000109577	18252	1	FALSE	ORF1ab:cds-YP_009724389.1	GAT	D	GAA	E	139
NC_045512.2	682	T	A	18248	1654	39	2	0	25	0.000109577	18252	1	FALSE	ORF1ab:cds-YP_009725295.1	GAT	D	GAA	E	139
NC_045512.2	683	C	T	18287	1624	39	1	0	37	5.46747e-05	18290	0.999998	FALSE	ORF1ab:cds-YP_009724389.1	CTA	L	TTA	L	140
NC_045512.2	683	C	T	18287	1624	39	1	0	37	5.46747e-05	18290	0.999998	FALSE	ORF1ab:cds-YP_009725295.1	CTA	L	TTA	L	140
NC_045512.2	683	C	A	18287	1624	39	2	1	49	0.000109349	18290	0.5	FALSE	ORF1ab:cds-YP_009724389.1	CTA	L	ATA	I	140
NC_045512.2	683	C	A	18287	1624	39	2	1	49	0.000109349	18290	0.5	FALSE	ORF1ab:cds-YP_009725295.1	CTA	L	ATA	I	140
NC_045512.2	684	T	C	18304	1684	39	7	0	42	0.000382263	18312	0.0351413	FALSE	ORF1ab:cds-YP_009724389.1	CTA	L	CCA	P	140
NC_045512.2	684	T	C	18304	1684	39	7	0	42	0.000382263	18312	0.0351413	FALSE	ORF1ab:cds-YP_009725295.1	CTA	L	CCA	P	140
NC_045512.2	684	T	A	18304	1684	39	1	0	37	5.4609e-05	18312	0.999998	FALSE	ORF1ab:cds-YP_009724389.1	CTA	L	CAA	Q	140
NC_045512.2	684	T	A	18304	1684	39	1	0	37	5.4609e-05	18312	0.999998	FALSE	ORF1ab:cds-YP_009725295.1	CTA	L	CAA	Q	140
NC_045512.2	685	A	G	18423	1683	39	1	0	37	5.4277e-05	18424	0.999998	FALSE	ORF1ab:cds-YP_009724389.1	CTA	L	CTG	L	140
NC_045512.2	685	A	G	18423	1683	39	1	0	37	5.4277e-05	18424	0.999998	FALSE	ORF1ab:cds-YP_009725295.1	CTA	L	CTG	L	140
NC_045512.2	686	A	T	18423	1677	39	1	1	22	5.42711e-05	18426	1	FALSE	ORF1ab:cds-YP_009724389.1	AAG	K	TAG	*	141
NC_045512.2	686	A	T	18423	1677	39	1	1	22	5.42711e-05	18426	1	FALSE	ORF1ab:cds-YP_009725295.1	AAG	K	TAG	*	141
NC_045512.2	686	A	G	18423	1677	39	2	0	37	0.000108542	18426	0.99998	FALSE	ORF1ab:cds-YP_009724389.1	AAG	K	GAG	E	141
NC_045512.2	686	A	G	18423	1677	39	2	0	37	0.000108542	18426	0.99998	FALSE	ORF1ab:cds-YP_009725295.1	AAG	K	GAG	E	141
NC_045512.2	687	A	G	18424	1718	40	3	1	37	0.000162796	18428	0.99989	FALSE	ORF1ab:cds-YP_009724389.1	AAG	K	AGG	R	141
NC_045512.2	687	A	G	18424	1718	40	3	1	37	0.000162796	18428	0.99989	FALSE	ORF1ab:cds-YP_009725295.1	AAG	K	AGG	R	141
NC_045512.2	687	A	C	18424	1718	40	1	0	37	5.42652e-05	18428	0.999998	FALSE	ORF1ab:cds-YP_009724389.1	AAG	K	ACG	T	141
NC_045512.2	687	A	C	18424	1718	40	1	0	37	5.42652e-05	18428	0.999998	FALSE	ORF1ab:cds-YP_009725295.1	AAG	K	ACG	T	141
NC_045512.2	688	G	T	18559	1719	40	1	1	25	5.38793e-05	18560	1	FALSE	ORF1ab:cds-YP_009724389.1	AAG	K	AAT	N	141
NC_045512.2	688	G	T	18559	1719	40	1	1	25	5.38793e-05	18560	1	FALSE	ORF1ab:cds-YP_009725295.1	AAG	K	AAT	N	141
NC_045512.2	689	T	C	18628	1789	40	8	1	35	0.000429254	18637	0.985548	FALSE	ORF1ab:cds-YP_009724389.1	TCA	S	CCA	P	142
NC_045512.2	689	T	C	18628	1789	40	8	1	35	0.000429254	18637	0.985548	FALSE	ORF1ab:cds-YP_009725295.1	TCA	S	CCA	P	142
NC_045512.2	689	T	A	18628	1789	40	1	0	25	5.36567e-05	18637	1	FALSE	ORF1ab:cds-YP_009724389.1	TCA	S	ACA	T	142
NC_045512.2	689	T	A	18628	1789	40	1	0	25	5.36567e-05	18637	1	FALSE	ORF1ab:cds-YP_009725295.1	TCA	S	ACA	T	142
NC_045512.2	690	C	T	19509	1786	40	4	1	42	0.000204992	19513	0.1875	FALSE	ORF1ab:cds-YP_009724389.1	TCA	S	TTA	L	142
NC_045512.2	690	C	T	19509	1786	40	4	1	42	0.000204992	19513	0.1875	FALSE	ORF1ab:cds-YP_009725295.1	TCA	S	TTA	L	142
NC_045512.2	691	A	G	19372	1790	39	1	0	37	5.16182e-05	19373	0.999999	FALSE	ORF1ab:cds-YP_009724389.1	TCA	S	TCG	S	142
NC_045512.2	691	A	G	19372	1790	39	1	0	37	5.16182e-05	19373	0.999999	FALSE	ORF1ab:cds-YP_009725295.1	TCA	S	TCG	S	142
NC_045512.2	692	T	G	19004	1806	39	2	0	25	0.000105202	19011	1	FALSE	ORF1ab:cds-YP_009724389.1	TTT	F	GTT	V	143
NC_045512.2	692	T	G	19004	1806	39	2	0	25	0.000105202	19011	1	FALSE	ORF1ab:cds-YP_009725295.1	TTT	F	GTT	V	143
NC_045512.2	692	T	C	19004	1806	39	4	0	46	0.000210405	19011	0.187451	FALSE	ORF1ab:cds-YP_009724389.1	TTT	F	CTT	L	143
NC_045512.2	692	T	C	19004	1806	39	4	0	46	0.000210405	19011	0.187451	FALSE	ORF1ab:cds-YP_009725295.1	TTT	F	CTT	L	143
NC_045512.2	692	T	A	19004	1806	39	1	0	37	5.26011e-05	19011	0.999999	FALSE	ORF1ab:cds-YP_009724389.1	TTT	F	ATT	I	143
NC_045512.2	692	T	A	19004	1806	39	1	0	37	5.26011e-05	19011	0.999999	FALSE	ORF1ab:cds-YP_009725295.1	TTT	F	ATT	I	143
NC_045512.2	693	T	A	19208	1814	39	3	0	33	0.000156161	19211	0.99994	FALSE	ORF1ab:cds-YP_009724389.1	TTT	F	TAT	Y	143
NC_045512.2	693	T	A	19208	1814	39	3	0	33	0.000156161	19211	0.99994	FALSE	ORF1ab:cds-YP_009725295.1	TTT	F	TAT	Y	143
NC_045512.2	694	T	G	19527	1907	40	3	3	37	0.000153586	19533	0.99994	FALSE	ORF1ab:cds-YP_009724389.1	TTT	F	TTG	L	143
NC_045512.2	694	T	G	19527	1907	40	3	3	37	0.000153586	19533	0.99994	FALSE	ORF1ab:cds-YP_009725295.1	TTT	F	TTG	L	143
NC_045512.2	694	T	C	19527	1907	40	1	0	37	5.11954e-05	19533	0.999999	FALSE	ORF1ab:cds-YP_009724389.1	TTT	F	TTC	F	143
NC_045512.2	694	T	C	19527	1907	40	1	0	37	5.11954e-05	19533	0.999999	FALSE	ORF1ab:cds-YP_009725295.1	TTT	F	TTC	F	143
NC_045512.2	694	T	A	19527	1907	40	2	0	31	0.000102391	19533	0.99999	FALSE	ORF1ab:cds-YP_009724389.1	TTT	F	TTA	L	143
NC_045512.2	694	T	A	19527	1907	40	2	0	31	0.000102391	19533	0.99999	FALSE	ORF1ab:cds-YP_009725295.1	TTT	F	TTA	L	143
NC_045512.2	695	G	C	20183	1912	40	1	0	37	4.95417e-05	20185	1	FALSE	ORF1ab:cds-YP_009724389.1	GAC	D	CAC	H	144
NC_045512.2	695	G	C	20183	1912	40	1	0	37	4.95417e-05	20185	1	FALSE	ORF1ab:cds-YP_009725295.1	GAC	D	CAC	H	144
NC_045512.2	695	G	A	20183	1912	40	1	0	37	4.95417e-05	20185	1	FALSE	ORF1ab:cds-YP_009724389.1	GAC	D	AAC	N	144
NC_045512.2	695	G	A	20183	1912	40	1	0	37	4.95417e-05	20185	1	FALSE	ORF1ab:cds-YP_009725295.1	GAC	D	AAC	N	144
NC_045512.2	696	A	G	20233	1914	40	2	0	37	9.88386e-05	20235	0.999995	FALSE	ORF1ab:cds-YP_009724389.1	GAC	D	GGC	G	144
NC_045512.2	696	A	G	20233	1914	40	2	0	37	9.88386e-05	20235	0.999995	FALSE	ORF1ab:cds-YP_009725295.1	GAC	D	GGC	G	144
NC_045512.2	697	C	T	20275	1904	40	4	0	34	0.000197248	20279	0.999862	FALSE	ORF1ab:cds-YP_009724389.1	GAC	D	GAT	D	144
NC_045512.2	697	C	T	20275	1904	40	4	0	34	0.000197248	20279	0.999862	FALSE	ORF1ab:cds-YP_009725295.1	GAC	D	GAT	D	144
NC_045512.2	698	T	G	20149	1918	40	1	0	37	4.96204e-05	20153	1	FALSE	ORF1ab:cds-YP_009724389.1	TTA	L	GTA	V	145
NC_045512.2	698	T	G	20149	1918	40	1	0	37	4.96204e-05	20153	1	FALSE	ORF1ab:cds-YP_009725295.1	TTA	L	GTA	V	145
NC_045512.2	698	T	C	20149	1918	40	1	0	25	4.96204e-05	20153	1	FALSE	ORF1ab:cds-YP_009724389.1	TTA	L	CTA	L	145
NC_045512.2	698	T	C	20149	1918	40	1	0	25	4.96204e-05	20153	1	FALSE	ORF1ab:cds-YP_009725295.1	TTA	L	CTA	L	145
NC_045512.2	698	T	A	20149	1918	40	2	0	31	9.92408e-05	20153	0.999995	FALSE	ORF1ab:cds-YP_009724389.1	TTA	L	ATA	I	145
NC_045512.2	698	T	A	20149	1918	40	2	0	31	9.92408e-05	20153	0.999995	FALSE	ORF1ab:cds-YP_009725295.1	TTA	L	ATA	I	145
NC_045512.2	699	T	C	20296	1928	40	2	0	37	9.8527e-05	20299	0.999995	FALSE	ORF1ab:cds-YP_009724389.1	TTA	L	TCA	S	145
NC_045512.2	699	T	C	20296	1928	40	2	0	37	9.8527e-05	20299	0.999995	FALSE	ORF1ab:cds-YP_009725295.1	TTA	L	TCA	S	145
NC_045512.2	699	T	A	20296	1928	40	1	0	37	4.92635e-05	20299	1	FALSE	ORF1ab:cds-YP_009724389.1	TTA	L	TAA	*	145
NC_045512.2	699	T	A	20296	1928	40	1	0	37	4.92635e-05	20299	1	FALSE	ORF1ab:cds-YP_009725295.1	TTA	L	TAA	*	145
NC_045512.2	700	A	G	20306	1923	40	9	2	35	0.000443001	20316	0.987965	FALSE	ORF1ab:cds-YP_009724389.1	TTA	L	TTG	L	145
NC_045512.2	700	A	G	20306	1923	40	9	2	35	0.000443001	20316	0.987965	FALSE	ORF1ab:cds-YP_009725295.1	TTA	L	TTG	L	145
NC_045512.2	700	A	C	20306	1923	40	1	0	37	4.92223e-05	20316	1	FALSE	ORF1ab:cds-YP_009724389.1	TTA	L	TTC	F	145
NC_045512.2	700	A	C	20306	1923	40	1	0	37	4.92223e-05	20316	1	FALSE	ORF1ab:cds-YP_009725295.1	TTA	L	TTC	F	145
NC_045512.2	701	G	T	20633	2345	41	2	0	37	9.6918e-05	20636	0.999995	FALSE	ORF1ab:cds-YP_009724389.1	GGC	G	TGC	C	146
NC_045512.2	701	G	T	20633	2345	41	2	0	37	9.6918e-05	20636	0.999995	FALSE	ORF1ab:cds-YP_009725295.1	GGC	G	TGC	C	146
NC_045512.2	701	G	A	20633	2345	41	1	0	37	4.8459e-05	20636	1	FALSE	ORF1ab:cds-YP_009724389.1	GGC	G	AGC	S	146
NC_045512.2	701	G	A	20633	2345	41	1	0	37	4.8459e-05	20636	1	FALSE	ORF1ab:cds-YP_009725295.1	GGC	G	AGC	S	146
NC_045512.2	702	G	A	20691	2351	41	2	0	37	9.6651e-05	20693	0.999995	FALSE	ORF1ab:cds-YP_009724389.1	GGC	G	GAC	D	146
NC_045512.2	702	G	A	20691	2351	41	2	0	37	9.6651e-05	20693	0.999995	FALSE	ORF1ab:cds-YP_009725295.1	GGC	G	GAC	D	146
NC_045512.2	703	C	T	20769	2351	41	15	1	44	0.000721674	20785	0.00117268	TRUE	ORF1ab:cds-YP_009724389.1	GGC	G	GGT	G	146
NC_045512.2	703	C	T	20769	2351	41	15	1	44	0.000721674	20785	0.00117268	TRUE	ORF1ab:cds-YP_009725295.1	GGC	G	GGT	G	146
NC_045512.2	703	C	A	20769	2351	41	1	0	37	4.81116e-05	20785	1	FALSE	ORF1ab:cds-YP_009724389.1	GGC	G	GGA	G	146
NC_045512.2	703	C	A	20769	2351	41	1	0	37	4.81116e-05	20785	1	FALSE	ORF1ab:cds-YP_009725295.1	GGC	G	GGA	G	146
NC_045512.2	704	G	T	20780	2421	42	1	0	37	4.81116e-05	20785	1	FALSE	ORF1ab:cds-YP_009724389.1	GAC	D	TAC	Y	147
NC_045512.2	704	G	T	20780	2421	42	1	0	37	4.81116e-05	20785	1	FALSE	ORF1ab:cds-YP_009725295.1	GAC	D	TAC	Y	147
NC_045512.2	704	G	A	20780	2421	42	4	0	34	0.000192446	20785	0.999862	FALSE	ORF1ab:cds-YP_009724389.1	GAC	D	AAC	N	147
NC_045512.2	704	G	A	20780	2421	42	4	0	34	0.000192446	20785	0.999862	FALSE	ORF1ab:cds-YP_009725295.1	GAC	D	AAC	N	147
NC_045512.2	705	A	G	20814	2420	41	2	1	25	9.60799e-05	20816	1	FALSE	ORF1ab:cds-YP_009724389.1	GAC	D	GGC	G	147
NC_045512.2	705	A	G	20814	2420	41	2	1	25	9.60799e-05	20816	1	FALSE	ORF1ab:cds-YP_009725295.1	GAC	D	GGC	G	147
NC_045512.2	706	C	T	20810	2485	42	15	2	41	0.000720254	20826	0.00117269	TRUE	ORF1ab:cds-YP_009724389.1	GAC	D	GAT	D	147
NC_045512.2	706	C	T	20810	2485	42	15	2	41	0.000720254	20826	0.00117269	TRUE	ORF1ab:cds-YP_009725295.1	GAC	D	GAT	D	147
NC_045512.2	706	C	A	20810	2485	42	1	0	37	4.80169e-05	20826	1	FALSE	ORF1ab:cds-YP_009724389.1	GAC	D	GAA	E	147
NC_045512.2	706	C	A	20810	2485	42	1	0	37	4.80169e-05	20826	1	FALSE	ORF1ab:cds-YP_009725295.1	GAC	D	GAA	E	147
NC_045512.2	706	C	-G	20810	2485	42	1	0	20	4.80169e-05	20826	1	FALSE	NA	NA	NA	NA	NA	NA
NC_045512.2	707	G	T	20874	2501	42	1	0	37	4.78996e-05	20877	1	FALSE	ORF1ab:cds-YP_009724389.1	GAG	E	TAG	*	148
NC_045512.2	707	G	T	20874	2501	42	1	0	37	4.78996e-05	20877	1	FALSE	ORF1ab:cds-YP_009725295.1	GAG	E	TAG	*	148
NC_045512.2	707	G	A	20874	2501	42	2	0	28	9.57992e-05	20877	1	FALSE	ORF1ab:cds-YP_009724389.1	GAG	E	AAG	K	148
NC_045512.2	707	G	A	20874	2501	42	2	0	28	9.57992e-05	20877	1	FALSE	ORF1ab:cds-YP_009725295.1	GAG	E	AAG	K	148
NC_045512.2	709	G	A	23742	2559	41	10	1	48	0.000421017	23752	0.0192786	FALSE	ORF1ab:cds-YP_009724389.1	GAG	E	GAA	E	148
NC_045512.2	709	G	A	23742	2559	41	10	1	48	0.000421017	23752	0.0192786	FALSE	ORF1ab:cds-YP_009725295.1	GAG	E	GAA	E	148
NC_045512.2	710	C	T	23845	2544	41	9	0	39	0.000377216	23859	0.996504	FALSE	ORF1ab:cds-YP_009724389.1	CTT	L	TTT	F	149
NC_045512.2	710	C	T	23845	2544	41	9	0	39	0.000377216	23859	0.996504	FALSE	ORF1ab:cds-YP_009725295.1	CTT	L	TTT	F	149
NC_045512.2	710	C	G	23845	2544	41	4	1	37	0.000167652	23859	0.999975	FALSE	ORF1ab:cds-YP_009724389.1	CTT	L	GTT	V	149
NC_045512.2	710	C	G	23845	2544	41	4	1	37	0.000167652	23859	0.999975	FALSE	ORF1ab:cds-YP_009725295.1	CTT	L	GTT	V	149
NC_045512.2	710	C	A	23845	2544	41	1	0	37	4.19129e-05	23859	1	FALSE	ORF1ab:cds-YP_009724389.1	CTT	L	ATT	I	149
NC_045512.2	710	C	A	23845	2544	41	1	0	37	4.19129e-05	23859	1	FALSE	ORF1ab:cds-YP_009725295.1	CTT	L	ATT	I	149
NC_045512.2	710	C	-T	23845	2544	41	1	0	20	4.19129e-05	23859	1	FALSE	NA	NA	NA	NA	NA	NA
NC_045512.2	711	T	G	23600	2708	41	1	0	74	4.23621e-05	23606	0.499947	FALSE	ORF1ab:cds-YP_009724389.1	CTT	L	CGT	R	149
NC_045512.2	711	T	G	23600	2708	41	1	0	74	4.23621e-05	23606	0.499947	FALSE	ORF1ab:cds-YP_009725295.1	CTT	L	CGT	R	149
NC_045512.2	711	T	C	23600	2708	41	5	1	37	0.000211811	23606	0.99991	FALSE	ORF1ab:cds-YP_009724389.1	CTT	L	CCT	P	149
NC_045512.2	711	T	C	23600	2708	41	5	1	37	0.000211811	23606	0.99991	FALSE	ORF1ab:cds-YP_009725295.1	CTT	L	CCT	P	149
NC_045512.2	712	T	C	23870	2719	42	5	1	42	0.000209398	23878	0.226511	FALSE	ORF1ab:cds-YP_009724389.1	CTT	L	CTC	L	149
NC_045512.2	712	T	C	23870	2719	42	5	1	42	0.000209398	23878	0.226511	FALSE	ORF1ab:cds-YP_009725295.1	CTT	L	CTC	L	149
NC_045512.2	712	T	A	23870	2719	42	3	1	37	0.000125639	23878	0.999995	FALSE	ORF1ab:cds-YP_009724389.1	CTT	L	CTA	L	149
NC_045512.2	712	T	A	23870	2719	42	3	1	37	0.000125639	23878	0.999995	FALSE	ORF1ab:cds-YP_009725295.1	CTT	L	CTA	L	149
NC_045512.2	713	G	A	24046	3649	44	10	6	37	0.000415697	24056	0.995493	FALSE	ORF1ab:cds-YP_009724389.1	GGC	G	AGC	S	150
NC_045512.2	713	G	A	24046	3649	44	10	6	37	0.000415697	24056	0.995493	FALSE	ORF1ab:cds-YP_009725295.1	GGC	G	AGC	S	150
NC_045512.2	714	G	T	25742	3714	44	1	0	74	3.88259e-05	25756	0.499883	FALSE	ORF1ab:cds-YP_009724389.1	GGC	G	GTC	V	150
NC_045512.2	714	G	T	25742	3714	44	1	0	74	3.88259e-05	25756	0.499883	FALSE	ORF1ab:cds-YP_009725295.1	GGC	G	GTC	V	150
NC_045512.2	714	G	A	25742	3714	44	13	2	42	0.000504737	25756	0.00368858	TRUE	ORF1ab:cds-YP_009724389.1	GGC	G	GAC	D	150
NC_045512.2	714	G	A	25742	3714	44	13	2	42	0.000504737	25756	0.00368858	TRUE	ORF1ab:cds-YP_009725295.1	GGC	G	GAC	D	150
NC_045512.2	715	C	T	26018	3732	44	19	1	38	0.000729703	26038	0.883755	FALSE	ORF1ab:cds-YP_009724389.1	GGC	G	GGT	G	150
NC_045512.2	715	C	T	26018	3732	44	19	1	38	0.000729703	26038	0.883755	FALSE	ORF1ab:cds-YP_009725295.1	GGC	G	GGT	G	150
NC_045512.2	715	C	A	26018	3732	44	1	0	37	3.84054e-05	26038	1	FALSE	ORF1ab:cds-YP_009724389.1	GGC	G	GGA	G	150
NC_045512.2	715	C	A	26018	3732	44	1	0	37	3.84054e-05	26038	1	FALSE	ORF1ab:cds-YP_009725295.1	GGC	G	GGA	G	150
NC_045512.2	716	A	T	25814	3736	43	1	1	29	3.87342e-05	25817	1	FALSE	ORF1ab:cds-YP_009724389.1	ACT	T	TCT	S	151
NC_045512.2	716	A	T	25814	3736	43	1	1	29	3.87342e-05	25817	1	FALSE	ORF1ab:cds-YP_009725295.1	ACT	T	TCT	S	151
NC_045512.2	716	A	G	25814	3736	43	2	0	31	7.74683e-05	25817	1	FALSE	ORF1ab:cds-YP_009724389.1	ACT	T	GCT	A	151
NC_045512.2	716	A	G	25814	3736	43	2	0	31	7.74683e-05	25817	1	FALSE	ORF1ab:cds-YP_009725295.1	ACT	T	GCT	A	151
NC_045512.2	717	C	T	26040	3744	44	2	1	55	7.67961e-05	26043	0.249995	FALSE	ORF1ab:cds-YP_009724389.1	ACT	T	ATT	I	151
NC_045512.2	717	C	T	26040	3744	44	2	1	55	7.67961e-05	26043	0.249995	FALSE	ORF1ab:cds-YP_009725295.1	ACT	T	ATT	I	151
NC_045512.2	717	C	A	26040	3744	44	1	0	37	3.8398e-05	26043	1	FALSE	ORF1ab:cds-YP_009724389.1	ACT	T	AAT	N	151
NC_045512.2	717	C	A	26040	3744	44	1	0	37	3.8398e-05	26043	1	FALSE	ORF1ab:cds-YP_009725295.1	ACT	T	AAT	N	151
NC_045512.2	718	T	C	25984	3779	44	8	0	55	0.000307763	25994	0.00390355	TRUE	ORF1ab:cds-YP_009724389.1	ACT	T	ACC	T	151
NC_045512.2	718	T	C	25984	3779	44	8	0	55	0.000307763	25994	0.00390355	TRUE	ORF1ab:cds-YP_009725295.1	ACT	T	ACC	T	151
NC_045512.2	718	T	A	25984	3779	44	2	0	28	7.69408e-05	25994	1	FALSE	ORF1ab:cds-YP_009724389.1	ACT	T	ACA	T	151
NC_045512.2	718	T	A	25984	3779	44	2	0	28	7.69408e-05	25994	1	FALSE	ORF1ab:cds-YP_009725295.1	ACT	T	ACA	T	151
NC_045512.2	719	G	T	26109	3829	44	1	1	74	3.82804e-05	26123	0.499885	FALSE	ORF1ab:cds-YP_009724389.1	GAT	D	TAT	Y	152
NC_045512.2	719	G	T	26109	3829	44	1	1	74	3.82804e-05	26123	0.499885	FALSE	ORF1ab:cds-YP_009725295.1	GAT	D	TAT	Y	152
NC_045512.2	719	G	C	26109	3829	44	1	1	74	3.82804e-05	26123	0.499885	FALSE	ORF1ab:cds-YP_009724389.1	GAT	D	CAT	H	152
NC_045512.2	719	G	C	26109	3829	44	1	1	74	3.82804e-05	26123	0.499885	FALSE	ORF1ab:cds-YP_009725295.1	GAT	D	CAT	H	152
NC_045512.2	719	G	A	26109	3829	44	12	2	45	0.000459365	26123	0.00646271	TRUE	ORF1ab:cds-YP_009724389.1	GAT	D	AAT	N	152
NC_045512.2	719	G	A	26109	3829	44	12	2	45	0.000459365	26123	0.00646271	TRUE	ORF1ab:cds-YP_009725295.1	GAT	D	AAT	N	152
NC_045512.2	720	A	G	26099	3847	44	3	0	33	0.000114934	26102	0.999999	FALSE	ORF1ab:cds-YP_009724389.1	GAT	D	GGT	G	152
NC_045512.2	720	A	G	26099	3847	44	3	0	33	0.000114934	26102	0.999999	FALSE	ORF1ab:cds-YP_009725295.1	GAT	D	GGT	G	152
NC_045512.2	721	T	G	26014	3878	44	1	0	25	3.84364e-05	26017	1	FALSE	ORF1ab:cds-YP_009724389.1	GAT	D	GAG	E	152
NC_045512.2	721	T	G	26014	3878	44	1	0	25	3.84364e-05	26017	1	FALSE	ORF1ab:cds-YP_009725295.1	GAT	D	GAG	E	152
NC_045512.2	721	T	C	26014	3878	44	1	0	74	3.84364e-05	26017	0.49999	FALSE	ORF1ab:cds-YP_009724389.1	GAT	D	GAC	D	152
NC_045512.2	721	T	C	26014	3878	44	1	0	74	3.84364e-05	26017	0.49999	FALSE	ORF1ab:cds-YP_009725295.1	GAT	D	GAC	D	152
NC_045512.2	721	T	A	26014	3878	44	1	0	25	3.84364e-05	26017	1	FALSE	ORF1ab:cds-YP_009724389.1	GAT	D	GAA	E	152
NC_045512.2	721	T	A	26014	3878	44	1	0	25	3.84364e-05	26017	1	FALSE	ORF1ab:cds-YP_009725295.1	GAT	D	GAA	E	152
NC_045512.2	722	C	T	26207	3863	44	3	1	49	0.000114456	26211	0.5	FALSE	ORF1ab:cds-YP_009724389.1	CCT	P	TCT	S	153
NC_045512.2	722	C	T	26207	3863	44	3	1	49	0.000114456	26211	0.5	FALSE	ORF1ab:cds-YP_009725295.1	CCT	P	TCT	S	153
NC_045512.2	722	C	A	26207	3863	44	1	1	22	3.81519e-05	26211	1	FALSE	ORF1ab:cds-YP_009724389.1	CCT	P	ACT	T	153
NC_045512.2	722	C	A	26207	3863	44	1	1	22	3.81519e-05	26211	1	FALSE	ORF1ab:cds-YP_009725295.1	CCT	P	ACT	T	153
NC_045512.2	723	C	T	26200	3917	44	2	0	37	7.63126e-05	26208	1	FALSE	ORF1ab:cds-YP_009724389.1	CCT	P	CTT	L	153
NC_045512.2	723	C	T	26200	3917	44	2	0	37	7.63126e-05	26208	1	FALSE	ORF1ab:cds-YP_009725295.1	CCT	P	CTT	L	153
NC_045512.2	723	C	A	26200	3917	44	6	0	41	0.000228938	26208	0.1445	FALSE	ORF1ab:cds-YP_009724389.1	CCT	P	CAT	H	153
NC_045512.2	723	C	A	26200	3917	44	6	0	41	0.000228938	26208	0.1445	FALSE	ORF1ab:cds-YP_009725295.1	CCT	P	CAT	H	153
NC_045512.2	724	T	G	25666	3938	43	2	0	37	7.79059e-05	25672	1	FALSE	ORF1ab:cds-YP_009724389.1	CCT	P	CCG	P	153
NC_045512.2	724	T	G	25666	3938	43	2	0	37	7.79059e-05	25672	1	FALSE	ORF1ab:cds-YP_009725295.1	CCT	P	CCG	P	153
NC_045512.2	724	T	C	25666	3938	43	4	1	46	0.000155812	25672	0.343723	FALSE	ORF1ab:cds-YP_009724389.1	CCT	P	CCC	P	153
NC_045512.2	724	T	C	25666	3938	43	4	1	46	0.000155812	25672	0.343723	FALSE	ORF1ab:cds-YP_009725295.1	CCT	P	CCC	P	153
NC_045512.2	725	T	G	25639	3952	43	1	0	25	3.89955e-05	25644	1	FALSE	ORF1ab:cds-YP_009724389.1	TAT	Y	GAT	D	154
NC_045512.2	725	T	G	25639	3952	43	1	0	25	3.89955e-05	25644	1	FALSE	ORF1ab:cds-YP_009725295.1	TAT	Y	GAT	D	154
NC_045512.2	725	T	C	25639	3952	43	4	0	46	0.000155982	25644	0.343741	FALSE	ORF1ab:cds-YP_009724389.1	TAT	Y	CAT	H	154
NC_045512.2	725	T	C	25639	3952	43	4	0	46	0.000155982	25644	0.343741	FALSE	ORF1ab:cds-YP_009725295.1	TAT	Y	CAT	H	154
NC_045512.2	726	A	T	26414	3933	44	1	0	25	3.7853e-05	26418	1	FALSE	ORF1ab:cds-YP_009724389.1	TAT	Y	TTT	F	154
NC_045512.2	726	A	T	26414	3933	44	1	0	25	3.7853e-05	26418	1	FALSE	ORF1ab:cds-YP_009725295.1	TAT	Y	TTT	F	154
NC_045512.2	726	A	G	26414	3933	44	2	1	37	7.5706e-05	26418	1	FALSE	ORF1ab:cds-YP_009724389.1	TAT	Y	TGT	C	154
NC_045512.2	726	A	G	26414	3933	44	2	1	37	7.5706e-05	26418	1	FALSE	ORF1ab:cds-YP_009725295.1	TAT	Y	TGT	C	154
NC_045512.2	726	A	C	26414	3933	44	1	0	25	3.7853e-05	26418	1	FALSE	ORF1ab:cds-YP_009724389.1	TAT	Y	TCT	S	154
NC_045512.2	726	A	C	26414	3933	44	1	0	25	3.7853e-05	26418	1	FALSE	ORF1ab:cds-YP_009725295.1	TAT	Y	TCT	S	154
NC_045512.2	727	T	C	26163	3953	44	2	0	29	7.64351e-05	26166	1	FALSE	ORF1ab:cds-YP_009724389.1	TAT	Y	TAC	Y	154
NC_045512.2	727	T	C	26163	3953	44	2	0	29	7.64351e-05	26166	1	FALSE	ORF1ab:cds-YP_009725295.1	TAT	Y	TAC	Y	154
NC_045512.2	727	T	A	26163	3953	44	1	0	37	3.82175e-05	26166	1	FALSE	ORF1ab:cds-YP_009724389.1	TAT	Y	TAA	*	154
NC_045512.2	727	T	A	26163	3953	44	1	0	37	3.82175e-05	26166	1	FALSE	ORF1ab:cds-YP_009725295.1	TAT	Y	TAA	*	154
NC_045512.2	728	G	A	26434	3947	44	1	1	36	3.78286e-05	26435	1	FALSE	ORF1ab:cds-YP_009724389.1	GAA	E	AAA	K	155
NC_045512.2	728	G	A	26434	3947	44	1	1	36	3.78286e-05	26435	1	FALSE	ORF1ab:cds-YP_009725295.1	GAA	E	AAA	K	155
NC_045512.2	729	A	T	26484	4203	45	1	0	37	3.77472e-05	26492	1	FALSE	ORF1ab:cds-YP_009724389.1	GAA	E	GTA	V	155
NC_045512.2	729	A	T	26484	4203	45	1	0	37	3.77472e-05	26492	1	FALSE	ORF1ab:cds-YP_009725295.1	GAA	E	GTA	V	155
NC_045512.2	729	A	G	26484	4203	45	6	2	47	0.000226483	26492	0.1445	FALSE	ORF1ab:cds-YP_009724389.1	GAA	E	GGA	G	155
NC_045512.2	729	A	G	26484	4203	45	6	2	47	0.000226483	26492	0.1445	FALSE	ORF1ab:cds-YP_009725295.1	GAA	E	GGA	G	155
NC_045512.2	729	A	C	26484	4203	45	1	1	37	3.77472e-05	26492	1	FALSE	ORF1ab:cds-YP_009724389.1	GAA	E	GCA	A	155
NC_045512.2	729	A	C	26484	4203	45	1	1	37	3.77472e-05	26492	1	FALSE	ORF1ab:cds-YP_009725295.1	GAA	E	GCA	A	155
NC_045512.2	730	A	T	26481	4238	45	8	2	46	0.000301898	26499	0.0546112	FALSE	ORF1ab:cds-YP_009724389.1	GAA	E	GAT	D	155
NC_045512.2	730	A	T	26481	4238	45	8	2	46	0.000301898	26499	0.0546112	FALSE	ORF1ab:cds-YP_009725295.1	GAA	E	GAT	D	155
NC_045512.2	730	A	G	26481	4238	45	10	3	46	0.000377373	26499	0.0192552	FALSE	ORF1ab:cds-YP_009724389.1	GAA	E	GAG	E	155
NC_045512.2	730	A	G	26481	4238	45	10	3	46	0.000377373	26499	0.0192552	FALSE	ORF1ab:cds-YP_009725295.1	GAA	E	GAG	E	155
NC_045512.2	731	G	T	26152	4253	44	1	1	25	3.82365e-05	26153	1	FALSE	ORF1ab:cds-YP_009724389.1	GAT	D	TAT	Y	156
NC_045512.2	731	G	T	26152	4253	44	1	1	25	3.82365e-05	26153	1	FALSE	ORF1ab:cds-YP_009725295.1	GAT	D	TAT	Y	156
NC_045512.2	732	A	G	26494	4276	44	1	1	62	3.7743e-05	26495	0.500009	FALSE	ORF1ab:cds-YP_009724389.1	GAT	D	GGT	G	156
NC_045512.2	732	A	G	26494	4276	44	1	1	62	3.7743e-05	26495	0.500009	FALSE	ORF1ab:cds-YP_009725295.1	GAT	D	GGT	G	156
NC_045512.2	732	A	-T	26494	4276	44	9	0	20	0.000339687	26495	1	FALSE	NA	NA	NA	NA	NA	NA
NC_045512.2	733	T	C	26528	4287	45	2	1	37	7.53835e-05	26531	1	FALSE	ORF1ab:cds-YP_009724389.1	GAT	D	GAC	D	156
NC_045512.2	733	T	C	26528	4287	45	2	1	37	7.53835e-05	26531	1	FALSE	ORF1ab:cds-YP_009725295.1	GAT	D	GAC	D	156
NC_045512.2	733	T	A	26528	4287	45	1	0	37	3.76918e-05	26531	1	FALSE	ORF1ab:cds-YP_009724389.1	GAT	D	GAA	E	156
NC_045512.2	733	T	A	26528	4287	45	1	0	37	3.76918e-05	26531	1	FALSE	ORF1ab:cds-YP_009725295.1	GAT	D	GAA	E	156
NC_045512.2	734	T	C	26503	4301	45	4	2	36	0.000150904	26507	0.999996	FALSE	ORF1ab:cds-YP_009724389.1	TTT	F	CTT	L	157
NC_045512.2	734	T	C	26503	4301	45	4	2	36	0.000150904	26507	0.999996	FALSE	ORF1ab:cds-YP_009725295.1	TTT	F	CTT	L	157
NC_045512.2	735	T	C	26527	4320	45	6	2	40	0.000226116	26535	0.1445	FALSE	ORF1ab:cds-YP_009724389.1	TTT	F	TCT	S	157
NC_045512.2	735	T	C	26527	4320	45	6	2	40	0.000226116	26535	0.1445	FALSE	ORF1ab:cds-YP_009725295.1	TTT	F	TCT	S	157
NC_045512.2	735	T	A	26527	4320	45	2	1	55	7.53721e-05	26535	0.249948	FALSE	ORF1ab:cds-YP_009724389.1	TTT	F	TAT	Y	157
NC_045512.2	735	T	A	26527	4320	45	2	1	55	7.53721e-05	26535	0.249948	FALSE	ORF1ab:cds-YP_009725295.1	TTT	F	TAT	Y	157
NC_045512.2	736	T	C	26560	4325	45	3	1	40	0.000112935	26564	0.5	FALSE	ORF1ab:cds-YP_009724389.1	TTT	F	TTC	F	157
NC_045512.2	736	T	C	26560	4325	45	3	1	40	0.000112935	26564	0.5	FALSE	ORF1ab:cds-YP_009725295.1	TTT	F	TTC	F	157
NC_045512.2	736	T	A	26560	4325	45	1	0	74	3.76449e-05	26564	0.499981	FALSE	ORF1ab:cds-YP_009724389.1	TTT	F	TTA	L	157
NC_045512.2	736	T	A	26560	4325	45	1	0	74	3.76449e-05	26564	0.499981	FALSE	ORF1ab:cds-YP_009725295.1	TTT	F	TTA	L	157
NC_045512.2	737	C	T	26588	4495	46	2	0	37	7.52162e-05	26590	1	FALSE	ORF1ab:cds-YP_009724389.1	CAA	Q	TAA	*	158
NC_045512.2	737	C	T	26588	4495	46	2	0	37	7.52162e-05	26590	1	FALSE	ORF1ab:cds-YP_009725295.1	CAA	Q	TAA	*	158
NC_045512.2	738	A	G	26543	4508	45	10	3	61	0.000376605	26553	0.000975919	TRUE	ORF1ab:cds-YP_009724389.1	CAA	Q	CGA	R	158
NC_045512.2	738	A	G	26543	4508	45	10	3	61	0.000376605	26553	0.000975919	TRUE	ORF1ab:cds-YP_009725295.1	CAA	Q	CGA	R	158
NC_045512.2	739	A	G	26510	4520	45	3	1	49	0.000113144	26515	0.499982	FALSE	ORF1ab:cds-YP_009724389.1	CAA	Q	CAG	Q	158
NC_045512.2	739	A	G	26510	4520	45	3	1	49	0.000113144	26515	0.499982	FALSE	ORF1ab:cds-YP_009725295.1	CAA	Q	CAG	Q	158
NC_045512.2	739	A	C	26510	4520	45	2	0	37	7.5429e-05	26515	1	FALSE	ORF1ab:cds-YP_009724389.1	CAA	Q	CAC	H	158
NC_045512.2	739	A	C	26510	4520	45	2	0	37	7.5429e-05	26515	1	FALSE	ORF1ab:cds-YP_009725295.1	CAA	Q	CAC	H	158
NC_045512.2	740	G	T	26458	4636	46	1	0	37	3.77929e-05	26460	1	FALSE	ORF1ab:cds-YP_009724389.1	GAA	E	TAA	*	159
NC_045512.2	740	G	T	26458	4636	46	1	0	37	3.77929e-05	26460	1	FALSE	ORF1ab:cds-YP_009725295.1	GAA	E	TAA	*	159
NC_045512.2	740	G	A	26458	4636	46	1	0	37	3.77929e-05	26460	1	FALSE	ORF1ab:cds-YP_009724389.1	GAA	E	AAA	K	159
NC_045512.2	740	G	A	26458	4636	46	1	0	37	3.77929e-05	26460	1	FALSE	ORF1ab:cds-YP_009725295.1	GAA	E	AAA	K	159
NC_045512.2	740	G	-A	26458	4636	46	1	0	20	3.77929e-05	26460	1	FALSE	NA	NA	NA	NA	NA	NA
NC_045512.2	741	A	T	26447	4644	45	1	0	37	3.78072e-05	26450	1	FALSE	ORF1ab:cds-YP_009724389.1	GAA	E	GTA	V	159
NC_045512.2	741	A	T	26447	4644	45	1	0	37	3.78072e-05	26450	1	FALSE	ORF1ab:cds-YP_009725295.1	GAA	E	GTA	V	159
NC_045512.2	741	A	G	26447	4644	45	1	0	74	3.78072e-05	26450	0.499981	FALSE	ORF1ab:cds-YP_009724389.1	GAA	E	GGA	G	159
NC_045512.2	741	A	G	26447	4644	45	1	0	74	3.78072e-05	26450	0.499981	FALSE	ORF1ab:cds-YP_009725295.1	GAA	E	GGA	G	159
NC_045512.2	741	A	C	26447	4644	45	1	1	74	3.78072e-05	26450	0.499981	FALSE	ORF1ab:cds-YP_009724389.1	GAA	E	GCA	A	159
NC_045512.2	741	A	C	26447	4644	45	1	1	74	3.78072e-05	26450	0.499981	FALSE	ORF1ab:cds-YP_009725295.1	GAA	E	GCA	A	159
NC_045512.2	742	A	G	26482	4657	45	3	1	28	0.000113272	26485	1	FALSE	ORF1ab:cds-YP_009724389.1	GAA	E	GAG	E	159
NC_045512.2	742	A	G	26482	4657	45	3	1	28	0.000113272	26485	1	FALSE	ORF1ab:cds-YP_009725295.1	GAA	E	GAG	E	159
NC_045512.2	743	A	G	26766	4781	46	5	0	42	0.000186769	26771	0.226562	FALSE	ORF1ab:cds-YP_009724389.1	AAC	N	GAC	D	160
NC_045512.2	743	A	G	26766	4781	46	5	0	42	0.000186769	26771	0.226562	FALSE	ORF1ab:cds-YP_009725295.1	AAC	N	GAC	D	160
NC_045512.2	744	A	T	26600	4790	46	2	0	37	7.5171e-05	26606	1	FALSE	ORF1ab:cds-YP_009724389.1	AAC	N	ATC	I	160
NC_045512.2	744	A	T	26600	4790	46	2	0	37	7.5171e-05	26606	1	FALSE	ORF1ab:cds-YP_009725295.1	AAC	N	ATC	I	160
NC_045512.2	744	A	G	26600	4790	46	4	4	46	0.000150342	26606	0.343724	FALSE	ORF1ab:cds-YP_009724389.1	AAC	N	AGC	S	160
NC_045512.2	744	A	G	26600	4790	46	4	4	46	0.000150342	26606	0.343724	FALSE	ORF1ab:cds-YP_009725295.1	AAC	N	AGC	S	160
NC_045512.2	745	C	T	27267	4802	46	4	1	55	0.000146671	27272	0.0624931	FALSE	ORF1ab:cds-YP_009724389.1	AAC	N	AAT	N	160
NC_045512.2	745	C	T	27267	4802	46	4	1	55	0.000146671	27272	0.0624931	FALSE	ORF1ab:cds-YP_009725295.1	AAC	N	AAT	N	160
NC_045512.2	745	C	A	27267	4802	46	1	0	37	3.66676e-05	27272	1	FALSE	ORF1ab:cds-YP_009724389.1	AAC	N	AAA	K	160
NC_045512.2	745	C	A	27267	4802	46	1	0	37	3.66676e-05	27272	1	FALSE	ORF1ab:cds-YP_009725295.1	AAC	N	AAA	K	160
NC_045512.2	746	T	C	26042	5315	45	4	1	43	0.000153557	26049	0.343705	FALSE	ORF1ab:cds-YP_009724389.1	TGG	W	CGG	R	161
NC_045512.2	746	T	C	26042	5315	45	4	1	43	0.000153557	26049	0.343705	FALSE	ORF1ab:cds-YP_009725295.1	TGG	W	CGG	R	161
NC_045512.2	746	T	A	26042	5315	45	3	2	37	0.000115168	26049	0.999999	FALSE	ORF1ab:cds-YP_009724389.1	TGG	W	AGG	R	161
NC_045512.2	746	T	A	26042	5315	45	3	2	37	0.000115168	26049	0.999999	FALSE	ORF1ab:cds-YP_009725295.1	TGG	W	AGG	R	161
NC_045512.2	747	G	T	25770	5409	45	2	0	37	7.76006e-05	25773	1	FALSE	ORF1ab:cds-YP_009724389.1	TGG	W	TTG	L	161
NC_045512.2	747	G	T	25770	5409	45	2	0	37	7.76006e-05	25773	1	FALSE	ORF1ab:cds-YP_009725295.1	TGG	W	TTG	L	161
NC_045512.2	747	G	C	25770	5409	45	1	0	25	3.88003e-05	25773	1	FALSE	ORF1ab:cds-YP_009724389.1	TGG	W	TCG	S	161
NC_045512.2	747	G	C	25770	5409	45	1	0	25	3.88003e-05	25773	1	FALSE	ORF1ab:cds-YP_009725295.1	TGG	W	TCG	S	161
NC_045512.2	749	A	G	25487	5735	45	2	0	31	7.84652e-05	25489	1	FALSE	ORF1ab:cds-YP_009724389.1	AAC	N	GAC	D	162
NC_045512.2	749	A	G	25487	5735	45	2	0	31	7.84652e-05	25489	1	FALSE	ORF1ab:cds-YP_009725295.1	AAC	N	GAC	D	162
NC_045512.2	750	A	T	25382	6028	44	1	1	37	3.93887e-05	25388	1	FALSE	ORF1ab:cds-YP_009724389.1	AAC	N	ATC	I	162
NC_045512.2	750	A	T	25382	6028	44	1	1	37	3.93887e-05	25388	1	FALSE	ORF1ab:cds-YP_009725295.1	AAC	N	ATC	I	162
NC_045512.2	750	A	G	25382	6028	44	4	0	37	0.000157555	25388	0.999992	FALSE	ORF1ab:cds-YP_009724389.1	AAC	N	AGC	S	162
NC_045512.2	750	A	G	25382	6028	44	4	0	37	0.000157555	25388	0.999992	FALSE	ORF1ab:cds-YP_009725295.1	AAC	N	AGC	S	162
NC_045512.2	750	A	C	25382	6028	44	1	1	20	3.93887e-05	25388	1	FALSE	ORF1ab:cds-YP_009724389.1	AAC	N	ACC	T	162
NC_045512.2	750	A	C	25382	6028	44	1	1	20	3.93887e-05	25388	1	FALSE	ORF1ab:cds-YP_009725295.1	AAC	N	ACC	T	162
NC_045512.2	751	C	T	26102	6073	44	1	0	37	3.83098e-05	26103	1	FALSE	ORF1ab:cds-YP_009724389.1	AAC	N	AAT	N	162
NC_045512.2	751	C	T	26102	6073	44	1	0	37	3.83098e-05	26103	1	FALSE	ORF1ab:cds-YP_009725295.1	AAC	N	AAT	N	162
NC_045512.2	752	A	G	26279	6068	44	2	0	37	7.61006e-05	26281	1	FALSE	ORF1ab:cds-YP_009724389.1	ACT	T	GCT	A	163
NC_045512.2	752	A	G	26279	6068	44	2	0	37	7.61006e-05	26281	1	FALSE	ORF1ab:cds-YP_009725295.1	ACT	T	GCT	A	163
NC_045512.2	753	C	T	26339	6163	44	3	1	57	0.000113887	26342	0.125	FALSE	ORF1ab:cds-YP_009724389.1	ACT	T	ATT	I	163
NC_045512.2	753	C	T	26339	6163	44	3	1	57	0.000113887	26342	0.125	FALSE	ORF1ab:cds-YP_009725295.1	ACT	T	ATT	I	163
NC_045512.2	754	T	G	26034	6214	44	1	1	37	3.84039e-05	26039	1	FALSE	ORF1ab:cds-YP_009724389.1	ACT	T	ACG	T	163
NC_045512.2	754	T	G	26034	6214	44	1	1	37	3.84039e-05	26039	1	FALSE	ORF1ab:cds-YP_009725295.1	ACT	T	ACG	T	163
NC_045512.2	754	T	C	26034	6214	44	4	0	30	0.000153616	26039	0.999996	FALSE	ORF1ab:cds-YP_009724389.1	ACT	T	ACC	T	163
NC_045512.2	754	T	C	26034	6214	44	4	0	30	0.000153616	26039	0.999996	FALSE	ORF1ab:cds-YP_009725295.1	ACT	T	ACC	T	163
NC_045512.2	755	A	G	27951	6658	43	5	1	42	0.000178852	27956	0.226562	FALSE	ORF1ab:cds-YP_009724389.1	AAA	K	GAA	E	164
NC_045512.2	755	A	G	27951	6658	43	5	1	42	0.000178852	27956	0.226562	FALSE	ORF1ab:cds-YP_009725295.1	AAA	K	GAA	E	164
NC_045512.2	756	A	G	27825	6565	43	18	18	40	0.000646482	27843	0.000200845	TRUE	ORF1ab:cds-YP_009724389.1	AAA	K	AGA	R	164
NC_045512.2	756	A	G	27825	6565	43	18	18	40	0.000646482	27843	0.000200845	TRUE	ORF1ab:cds-YP_009725295.1	AAA	K	AGA	R	164
NC_045512.2	757	A	T	29055	6601	42	2	0	31	6.88184e-05	29062	1	FALSE	ORF1ab:cds-YP_009724389.1	AAA	K	AAT	N	164
NC_045512.2	757	A	T	29055	6601	42	2	0	31	6.88184e-05	29062	1	FALSE	ORF1ab:cds-YP_009725295.1	AAA	K	AAT	N	164
NC_045512.2	757	A	G	29055	6601	42	5	0	39	0.000172046	29062	0.999997	FALSE	ORF1ab:cds-YP_009724389.1	AAA	K	AAG	K	164
NC_045512.2	757	A	G	29055	6601	42	5	0	39	0.000172046	29062	0.999997	FALSE	ORF1ab:cds-YP_009725295.1	AAA	K	AAG	K	164
NC_045512.2	758	C	T	29542	6919	43	3	0	37	0.000101537	29546	1	FALSE	ORF1ab:cds-YP_009724389.1	CAT	H	TAT	Y	165
NC_045512.2	758	C	T	29542	6919	43	3	0	37	0.000101537	29546	1	FALSE	ORF1ab:cds-YP_009725295.1	CAT	H	TAT	Y	165
NC_045512.2	758	C	A	29542	6919	43	1	1	74	3.38455e-05	29546	0.499983	FALSE	ORF1ab:cds-YP_009724389.1	CAT	H	AAT	N	165
NC_045512.2	758	C	A	29542	6919	43	1	1	74	3.38455e-05	29546	0.499983	FALSE	ORF1ab:cds-YP_009725295.1	CAT	H	AAT	N	165
NC_045512.2	759	A	G	29194	6527	42	2	1	37	6.84932e-05	29200	1	FALSE	ORF1ab:cds-YP_009724389.1	CAT	H	CGT	R	165
NC_045512.2	759	A	G	29194	6527	42	2	1	37	6.84932e-05	29200	1	FALSE	ORF1ab:cds-YP_009725295.1	CAT	H	CGT	R	165
NC_045512.2	759	A	C	29194	6527	42	4	0	37	0.000136986	29200	0.999999	FALSE	ORF1ab:cds-YP_009724389.1	CAT	H	CCT	P	165
NC_045512.2	759	A	C	29194	6527	42	4	0	37	0.000136986	29200	0.999999	FALSE	ORF1ab:cds-YP_009725295.1	CAT	H	CCT	P	165
NC_045512.2	760	T	C	29896	7206	43	2	0	37	6.68896e-05	29900	1	FALSE	ORF1ab:cds-YP_009724389.1	CAT	H	CAC	H	165
NC_045512.2	760	T	C	29896	7206	43	2	0	37	6.68896e-05	29900	1	FALSE	ORF1ab:cds-YP_009725295.1	CAT	H	CAC	H	165
NC_045512.2	760	T	A	29896	7206	43	2	0	49	6.68896e-05	29900	0.687494	FALSE	ORF1ab:cds-YP_009724389.1	CAT	H	CAA	Q	165
NC_045512.2	760	T	A	29896	7206	43	2	0	49	6.68896e-05	29900	0.687494	FALSE	ORF1ab:cds-YP_009725295.1	CAT	H	CAA	Q	165
NC_045512.2	760	T	+AGC	29896	7206	43	1	0	20	3.34448e-05	29900	1	FALSE	NA	NA	NA	NA	NA	NA
NC_045512.2	761	A	T	29822	7151	43	1	0	74	3.35233e-05	29830	0.49995	FALSE	ORF1ab:cds-YP_009724389.1	AGC	S	TGC	C	166
NC_045512.2	761	A	T	29822	7151	43	1	0	74	3.35233e-05	29830	0.49995	FALSE	ORF1ab:cds-YP_009725295.1	AGC	S	TGC	C	166
NC_045512.2	761	A	G	29822	7151	43	7	3	37	0.000234663	29830	0.999965	FALSE	ORF1ab:cds-YP_009724389.1	AGC	S	GGC	G	166
NC_045512.2	761	A	G	29822	7151	43	7	3	37	0.000234663	29830	0.999965	FALSE	ORF1ab:cds-YP_009725295.1	AGC	S	GGC	G	166
NC_045512.2	762	G	T	31327	7904	44	2	0	37	6.38284e-05	31334	1	FALSE	ORF1ab:cds-YP_009724389.1	AGC	S	ATC	I	166
NC_045512.2	762	G	T	31327	7904	44	2	0	37	6.38284e-05	31334	1	FALSE	ORF1ab:cds-YP_009725295.1	AGC	S	ATC	I	166
NC_045512.2	762	G	A	31327	7904	44	5	0	37	0.000159571	31334	0.999999	FALSE	ORF1ab:cds-YP_009724389.1	AGC	S	AAC	N	166
NC_045512.2	762	G	A	31327	7904	44	5	0	37	0.000159571	31334	0.999999	FALSE	ORF1ab:cds-YP_009725295.1	AGC	S	AAC	N	166
NC_045512.2	763	C	T	30614	8626	43	10	4	35	0.00032652	30626	0.999661	FALSE	ORF1ab:cds-YP_009724389.1	AGC	S	AGT	S	166
NC_045512.2	763	C	T	30614	8626	43	10	4	35	0.00032652	30626	0.999661	FALSE	ORF1ab:cds-YP_009725295.1	AGC	S	AGT	S	166
NC_045512.2	763	C	G	30614	8626	43	1	0	37	3.2652e-05	30626	1	FALSE	ORF1ab:cds-YP_009724389.1	AGC	S	AGG	R	166
NC_045512.2	763	C	G	30614	8626	43	1	0	37	3.2652e-05	30626	1	FALSE	ORF1ab:cds-YP_009725295.1	AGC	S	AGG	R	166
NC_045512.2	763	C	A	30614	8626	43	1	0	37	3.2652e-05	30626	1	FALSE	ORF1ab:cds-YP_009724389.1	AGC	S	AGA	R	166
NC_045512.2	763	C	A	30614	8626	43	1	0	37	3.2652e-05	30626	1	FALSE	ORF1ab:cds-YP_009725295.1	AGC	S	AGA	R	166
NC_045512.2	764	A	G	29678	8439	43	1	0	37	3.3687e-05	29685	1	FALSE	ORF1ab:cds-YP_009724389.1	AGT	S	GGT	G	167
NC_045512.2	764	A	G	29678	8439	43	1	0	37	3.3687e-05	29685	1	FALSE	ORF1ab:cds-YP_009725295.1	AGT	S	GGT	G	167
NC_045512.2	764	A	C	29678	8439	43	6	0	37	0.000202122	29685	0.999989	FALSE	ORF1ab:cds-YP_009724389.1	AGT	S	CGT	R	167
NC_045512.2	764	A	C	29678	8439	43	6	0	37	0.000202122	29685	0.999989	FALSE	ORF1ab:cds-YP_009725295.1	AGT	S	CGT	R	167
NC_045512.2	765	G	-T	30153	9025	43	2	0	20	6.63284e-05	30153	1	FALSE	NA	NA	NA	NA	NA	NA
NC_045512.2	766	T	G	29649	8845	43	1	1	37	3.37234e-05	29653	1	FALSE	ORF1ab:cds-YP_009724389.1	AGT	S	AGG	R	167
NC_045512.2	766	T	G	29649	8845	43	1	1	37	3.37234e-05	29653	1	FALSE	ORF1ab:cds-YP_009725295.1	AGT	S	AGG	R	167
NC_045512.2	766	T	C	29649	8845	43	3	2	45	0.00010117	29653	0.499968	FALSE	ORF1ab:cds-YP_009724389.1	AGT	S	AGC	S	167
NC_045512.2	766	T	C	29649	8845	43	3	2	45	0.00010117	29653	0.499968	FALSE	ORF1ab:cds-YP_009725295.1	AGT	S	AGC	S	167
NC_045512.2	767	G	T	31917	8929	43	6	0	37	0.000187917	31929	0.999996	FALSE	ORF1ab:cds-YP_009724389.1	GGT	G	TGT	C	168
NC_045512.2	767	G	T	31917	8929	43	6	0	37	0.000187917	31929	0.999996	FALSE	ORF1ab:cds-YP_009725295.1	GGT	G	TGT	C	168
NC_045512.2	767	G	A	31917	8929	43	6	0	33	0.000187917	31929	0.999996	FALSE	ORF1ab:cds-YP_009724389.1	GGT	G	AGT	S	168
NC_045512.2	767	G	A	31917	8929	43	6	0	33	0.000187917	31929	0.999996	FALSE	ORF1ab:cds-YP_009725295.1	GGT	G	AGT	S	168
NC_045512.2	768	G	A	32225	9020	42	7	2	37	0.000217175	32232	0.999993	FALSE	ORF1ab:cds-YP_009724389.1	GGT	G	GAT	D	168
NC_045512.2	768	G	A	32225	9020	42	7	2	37	0.000217175	32232	0.999993	FALSE	ORF1ab:cds-YP_009725295.1	GGT	G	GAT	D	168
NC_045512.2	769	T	C	31653	8906	42	6	1	35	0.00018952	31659	0.999996	FALSE	ORF1ab:cds-YP_009724389.1	GGT	G	GGC	G	168
NC_045512.2	769	T	C	31653	8906	42	6	1	35	0.00018952	31659	0.999996	FALSE	ORF1ab:cds-YP_009725295.1	GGT	G	GGC	G	168
NC_045512.2	770	G	T	32075	9012	43	3	1	31	9.34842e-05	32091	1	FALSE	ORF1ab:cds-YP_009724389.1	GTT	V	TTT	F	169
NC_045512.2	770	G	T	32075	9012	43	3	1	31	9.34842e-05	32091	1	FALSE	ORF1ab:cds-YP_009725295.1	GTT	V	TTT	F	169
NC_045512.2	770	G	C	32075	9012	43	1	0	25	3.11614e-05	32091	1	FALSE	ORF1ab:cds-YP_009724389.1	GTT	V	CTT	L	169
NC_045512.2	770	G	C	32075	9012	43	1	0	25	3.11614e-05	32091	1	FALSE	ORF1ab:cds-YP_009725295.1	GTT	V	CTT	L	169
NC_045512.2	770	G	A	32075	9012	43	12	3	49	0.000373937	32091	0.01756	FALSE	ORF1ab:cds-YP_009724389.1	GTT	V	ATT	I	169
NC_045512.2	770	G	A	32075	9012	43	12	3	49	0.000373937	32091	0.01756	FALSE	ORF1ab:cds-YP_009725295.1	GTT	V	ATT	I	169
NC_045512.2	771	T	C	30526	9123	41	3	0	49	9.82543e-05	30533	0.656212	FALSE	ORF1ab:cds-YP_009724389.1	GTT	V	GCT	A	169
NC_045512.2	771	T	C	30526	9123	41	3	0	49	9.82543e-05	30533	0.656212	FALSE	ORF1ab:cds-YP_009725295.1	GTT	V	GCT	A	169
NC_045512.2	771	T	A	30526	9123	41	4	0	31	0.000131006	30533	1	FALSE	ORF1ab:cds-YP_009724389.1	GTT	V	GAT	D	169
NC_045512.2	771	T	A	30526	9123	41	4	0	31	0.000131006	30533	1	FALSE	ORF1ab:cds-YP_009725295.1	GTT	V	GAT	D	169
NC_045512.2	772	T	C	30705	9344	42	1	0	37	3.25669e-05	30706	1	FALSE	ORF1ab:cds-YP_009724389.1	GTT	V	GTC	V	169
NC_045512.2	772	T	C	30705	9344	42	1	0	37	3.25669e-05	30706	1	FALSE	ORF1ab:cds-YP_009725295.1	GTT	V	GTC	V	169
NC_045512.2	773	A	T	30804	9475	42	1	1	25	3.2457e-05	30810	1	FALSE	ORF1ab:cds-YP_009724389.1	ACC	T	TCC	S	170
NC_045512.2	773	A	T	30804	9475	42	1	1	25	3.2457e-05	30810	1	FALSE	ORF1ab:cds-YP_009725295.1	ACC	T	TCC	S	170
NC_045512.2	773	A	G	30804	9475	42	5	3	44	0.000162285	30810	0.363272	FALSE	ORF1ab:cds-YP_009724389.1	ACC	T	GCC	A	170
NC_045512.2	773	A	G	30804	9475	42	5	3	44	0.000162285	30810	0.363272	FALSE	ORF1ab:cds-YP_009725295.1	ACC	T	GCC	A	170
NC_045512.2	773	A	-C	30804	9475	42	1	0	20	3.2457e-05	30810	1	FALSE	NA	NA	NA	NA	NA	NA
NC_045512.2	773	A	+C	30804	9475	42	1	0	20	3.2457e-05	30810	1	FALSE	NA	NA	NA	NA	NA	NA
NC_045512.2	774	C	T	31882	9813	42	7	1	42	0.000219484	31893	0.171804	FALSE	ORF1ab:cds-YP_009724389.1	ACC	T	ATC	I	170
NC_045512.2	774	C	T	31882	9813	42	7	1	42	0.000219484	31893	0.171804	FALSE	ORF1ab:cds-YP_009725295.1	ACC	T	ATC	I	170
NC_045512.2	774	C	G	31882	9813	42	2	0	37	6.27097e-05	31893	1	FALSE	ORF1ab:cds-YP_009724389.1	ACC	T	AGC	S	170
NC_045512.2	774	C	G	31882	9813	42	2	0	37	6.27097e-05	31893	1	FALSE	ORF1ab:cds-YP_009725295.1	ACC	T	AGC	S	170
NC_045512.2	774	C	A	31882	9813	42	2	1	30	6.27097e-05	31893	1	FALSE	ORF1ab:cds-YP_009724389.1	ACC	T	AAC	N	170
NC_045512.2	774	C	A	31882	9813	42	2	1	30	6.27097e-05	31893	1	FALSE	ORF1ab:cds-YP_009725295.1	ACC	T	AAC	N	170
NC_045512.2	775	C	T	31915	9979	42	4	2	55	0.000125317	31919	0.062498	FALSE	ORF1ab:cds-YP_009724389.1	ACC	T	ACT	T	170
NC_045512.2	775	C	T	31915	9979	42	4	2	55	0.000125317	31919	0.062498	FALSE	ORF1ab:cds-YP_009725295.1	ACC	T	ACT	T	170
NC_045512.2	776	C	T	31267	9587	42	2	0	37	6.39591e-05	31270	1	FALSE	ORF1ab:cds-YP_009724389.1	CGT	R	TGT	C	171
NC_045512.2	776	C	T	31267	9587	42	2	0	37	6.39591e-05	31270	1	FALSE	ORF1ab:cds-YP_009725295.1	CGT	R	TGT	C	171
NC_045512.2	776	C	A	31267	9587	42	1	0	37	3.19795e-05	31270	1	FALSE	ORF1ab:cds-YP_009724389.1	CGT	R	AGT	S	171
NC_045512.2	776	C	A	31267	9587	42	1	0	37	3.19795e-05	31270	1	FALSE	ORF1ab:cds-YP_009725295.1	CGT	R	AGT	S	171
NC_045512.2	777	G	T	31122	9556	42	1	0	37	3.2079e-05	31173	1	FALSE	ORF1ab:cds-YP_009724389.1	CGT	R	CTT	L	171
NC_045512.2	777	G	T	31122	9556	42	1	0	37	3.2079e-05	31173	1	FALSE	ORF1ab:cds-YP_009725295.1	CGT	R	CTT	L	171
NC_045512.2	777	G	C	31122	9556	42	3	1	37	9.62371e-05	31173	1	FALSE	ORF1ab:cds-YP_009724389.1	CGT	R	CCT	P	171
NC_045512.2	777	G	C	31122	9556	42	3	1	37	9.62371e-05	31173	1	FALSE	ORF1ab:cds-YP_009725295.1	CGT	R	CCT	P	171
NC_045512.2	777	G	A	31122	9556	42	47	13	41	0.00150772	31173	1.82226e-11	TRUE	ORF1ab:cds-YP_009724389.1	CGT	R	CAT	H	171
NC_045512.2	777	G	A	31122	9556	42	47	13	41	0.00150772	31173	1.82226e-11	TRUE	ORF1ab:cds-YP_009725295.1	CGT	R	CAT	H	171
NC_045512.2	778	T	C	30998	9503	42	3	1	32	9.6768e-05	31002	1	FALSE	ORF1ab:cds-YP_009724389.1	CGT	R	CGC	R	171
NC_045512.2	778	T	C	30998	9503	42	3	1	32	9.6768e-05	31002	1	FALSE	ORF1ab:cds-YP_009725295.1	CGT	R	CGC	R	171
NC_045512.2	778	T	A	30998	9503	42	1	0	37	3.2256e-05	31002	1	FALSE	ORF1ab:cds-YP_009724389.1	CGT	R	CGA	R	171
NC_045512.2	778	T	A	30998	9503	42	1	0	37	3.2256e-05	31002	1	FALSE	ORF1ab:cds-YP_009725295.1	CGT	R	CGA	R	171
NC_045512.2	779	G	T	31349	9510	42	1	1	37	3.18949e-05	31353	1	FALSE	ORF1ab:cds-YP_009724389.1	GAA	E	TAA	*	172
NC_045512.2	779	G	T	31349	9510	42	1	1	37	3.18949e-05	31353	1	FALSE	ORF1ab:cds-YP_009725295.1	GAA	E	TAA	*	172
NC_045512.2	779	G	A	31349	9510	42	3	1	45	9.56846e-05	31353	0.656257	FALSE	ORF1ab:cds-YP_009724389.1	GAA	E	AAA	K	172
NC_045512.2	779	G	A	31349	9510	42	3	1	45	9.56846e-05	31353	0.656257	FALSE	ORF1ab:cds-YP_009725295.1	GAA	E	AAA	K	172
NC_045512.2	780	A	T	31408	9527	42	1	1	25	3.1834e-05	31413	1	FALSE	ORF1ab:cds-YP_009724389.1	GAA	E	GTA	V	172
NC_045512.2	780	A	T	31408	9527	42	1	1	25	3.1834e-05	31413	1	FALSE	ORF1ab:cds-YP_009725295.1	GAA	E	GTA	V	172
NC_045512.2	780	A	G	31408	9527	42	4	1	52	0.000127336	31413	0.062494	FALSE	ORF1ab:cds-YP_009724389.1	GAA	E	GGA	G	172
NC_045512.2	780	A	G	31408	9527	42	4	1	52	0.000127336	31413	0.062494	FALSE	ORF1ab:cds-YP_009725295.1	GAA	E	GGA	G	172
NC_045512.2	781	A	G	30163	10013	41	4	1	46	0.000132591	30168	0.5	FALSE	ORF1ab:cds-YP_009724389.1	GAA	E	GAG	E	172
NC_045512.2	781	A	G	30163	10013	41	4	1	46	0.000132591	30168	0.5	FALSE	ORF1ab:cds-YP_009725295.1	GAA	E	GAG	E	172
NC_045512.2	781	A	C	30163	10013	41	1	1	29	3.31477e-05	30168	1	FALSE	ORF1ab:cds-YP_009724389.1	GAA	E	GAC	D	172
NC_045512.2	781	A	C	30163	10013	41	1	1	29	3.31477e-05	30168	1	FALSE	ORF1ab:cds-YP_009725295.1	GAA	E	GAC	D	172
NC_045512.2	782	C	T	30139	10560	41	3	2	37	9.95256e-05	30143	1	FALSE	ORF1ab:cds-YP_009724389.1	CTC	L	TTC	F	173
NC_045512.2	782	C	T	30139	10560	41	3	2	37	9.95256e-05	30143	1	FALSE	ORF1ab:cds-YP_009725295.1	CTC	L	TTC	F	173
NC_045512.2	782	C	A	30139	10560	41	1	0	37	3.31752e-05	30143	1	FALSE	ORF1ab:cds-YP_009724389.1	CTC	L	ATC	I	173
NC_045512.2	782	C	A	30139	10560	41	1	0	37	3.31752e-05	30143	1	FALSE	ORF1ab:cds-YP_009725295.1	CTC	L	ATC	I	173
NC_045512.2	783	T	C	29953	10516	41	7	1	37	0.000233614	29964	0.999965	FALSE	ORF1ab:cds-YP_009724389.1	CTC	L	CCC	P	173
NC_045512.2	783	T	C	29953	10516	41	7	1	37	0.000233614	29964	0.999965	FALSE	ORF1ab:cds-YP_009725295.1	CTC	L	CCC	P	173
NC_045512.2	783	T	A	29953	10516	41	4	1	26	0.000133494	29964	1	FALSE	ORF1ab:cds-YP_009724389.1	CTC	L	CAC	H	173
NC_045512.2	783	T	A	29953	10516	41	4	1	26	0.000133494	29964	1	FALSE	ORF1ab:cds-YP_009725295.1	CTC	L	CAC	H	173
NC_045512.2	784	C	T	30070	10617	41	1	1	74	3.32524e-05	30073	0.499992	FALSE	ORF1ab:cds-YP_009724389.1	CTC	L	CTT	L	173
NC_045512.2	784	C	T	30070	10617	41	1	1	74	3.32524e-05	30073	0.499992	FALSE	ORF1ab:cds-YP_009725295.1	CTC	L	CTT	L	173
NC_045512.2	784	C	A	30070	10617	41	2	0	37	6.65048e-05	30073	1	FALSE	ORF1ab:cds-YP_009724389.1	CTC	L	CTA	L	173
NC_045512.2	784	C	A	30070	10617	41	2	0	37	6.65048e-05	30073	1	FALSE	ORF1ab:cds-YP_009725295.1	CTC	L	CTA	L	173
NC_045512.2	785	A	G	29872	10496	41	5	2	42	0.000167347	29878	0.226549	FALSE	ORF1ab:cds-YP_009724389.1	ATG	M	GTG	V	174
NC_045512.2	785	A	G	29872	10496	41	5	2	42	0.000167347	29878	0.226549	FALSE	ORF1ab:cds-YP_009725295.1	ATG	M	GTG	V	174
NC_045512.2	785	A	C	29872	10496	41	1	0	37	3.34694e-05	29878	1	FALSE	ORF1ab:cds-YP_009724389.1	ATG	M	CTG	L	174
NC_045512.2	785	A	C	29872	10496	41	1	0	37	3.34694e-05	29878	1	FALSE	ORF1ab:cds-YP_009725295.1	ATG	M	CTG	L	174
NC_045512.2	786	T	C	30442	10674	41	2	1	37	6.56944e-05	30444	1	FALSE	ORF1ab:cds-YP_009724389.1	ATG	M	ACG	T	174
NC_045512.2	786	T	C	30442	10674	41	2	1	37	6.56944e-05	30444	1	FALSE	ORF1ab:cds-YP_009725295.1	ATG	M	ACG	T	174
NC_045512.2	787	G	T	30478	10719	41	4	1	55	0.000131199	30488	0.0624734	FALSE	ORF1ab:cds-YP_009724389.1	ATG	M	ATT	I	174
NC_045512.2	787	G	T	30478	10719	41	4	1	55	0.000131199	30488	0.0624734	FALSE	ORF1ab:cds-YP_009725295.1	ATG	M	ATT	I	174
NC_045512.2	787	G	C	30478	10719	41	1	0	37	3.27998e-05	30488	1	FALSE	ORF1ab:cds-YP_009724389.1	ATG	M	ATC	I	174
NC_045512.2	787	G	C	30478	10719	41	1	0	37	3.27998e-05	30488	1	FALSE	ORF1ab:cds-YP_009725295.1	ATG	M	ATC	I	174
NC_045512.2	787	G	A	30478	10719	41	5	2	51	0.000163999	30488	0.0312346	FALSE	ORF1ab:cds-YP_009724389.1	ATG	M	ATA	I	174
NC_045512.2	787	G	A	30478	10719	41	5	2	51	0.000163999	30488	0.0312346	FALSE	ORF1ab:cds-YP_009725295.1	ATG	M	ATA	I	174
NC_045512.2	788	C	T	30451	10712	41	30	6	37	0.000984155	30483	0.551264	FALSE	ORF1ab:cds-YP_009724389.1	CGT	R	TGT	C	175
NC_045512.2	788	C	T	30451	10712	41	30	6	37	0.000984155	30483	0.551264	FALSE	ORF1ab:cds-YP_009725295.1	CGT	R	TGT	C	175
NC_045512.2	788	C	G	30451	10712	41	1	0	37	3.28052e-05	30483	1	FALSE	ORF1ab:cds-YP_009724389.1	CGT	R	GGT	G	175
NC_045512.2	788	C	G	30451	10712	41	1	0	37	3.28052e-05	30483	1	FALSE	ORF1ab:cds-YP_009725295.1	CGT	R	GGT	G	175
NC_045512.2	788	C	A	30451	10712	41	1	0	37	3.28052e-05	30483	1	FALSE	ORF1ab:cds-YP_009724389.1	CGT	R	AGT	S	175
NC_045512.2	788	C	A	30451	10712	41	1	0	37	3.28052e-05	30483	1	FALSE	ORF1ab:cds-YP_009725295.1	CGT	R	AGT	S	175
NC_045512.2	789	G	T	30410	10797	41	5	4	44	0.000164322	30428	0.363057	FALSE	ORF1ab:cds-YP_009724389.1	CGT	R	CTT	L	175
NC_045512.2	789	G	T	30410	10797	41	5	4	44	0.000164322	30428	0.363057	FALSE	ORF1ab:cds-YP_009725295.1	CGT	R	CTT	L	175
NC_045512.2	789	G	C	30410	10797	41	3	2	33	9.85934e-05	30428	1	FALSE	ORF1ab:cds-YP_009724389.1	CGT	R	CCT	P	175
NC_045512.2	789	G	C	30410	10797	41	3	2	33	9.85934e-05	30428	1	FALSE	ORF1ab:cds-YP_009725295.1	CGT	R	CCT	P	175
NC_045512.2	789	G	A	30410	10797	41	10	3	40	0.000328645	30428	0.0460852	FALSE	ORF1ab:cds-YP_009724389.1	CGT	R	CAT	H	175
NC_045512.2	789	G	A	30410	10797	41	10	3	40	0.000328645	30428	0.0460852	FALSE	ORF1ab:cds-YP_009725295.1	CGT	R	CAT	H	175
NC_045512.2	790	T	C	29993	10755	41	3	0	37	0.000100013	29996	1	FALSE	ORF1ab:cds-YP_009724389.1	CGT	R	CGC	R	175
NC_045512.2	790	T	C	29993	10755	41	3	0	37	0.000100013	29996	1	FALSE	ORF1ab:cds-YP_009725295.1	CGT	R	CGC	R	175
NC_045512.2	791	G	T	29801	10818	41	1	0	25	3.35525e-05	29804	1	FALSE	ORF1ab:cds-YP_009724389.1	GAG	E	TAG	*	176
NC_045512.2	791	G	T	29801	10818	41	1	0	25	3.35525e-05	29804	1	FALSE	ORF1ab:cds-YP_009725295.1	GAG	E	TAG	*	176
NC_045512.2	791	G	A	29801	10818	41	2	0	55	6.71051e-05	29804	0.249996	FALSE	ORF1ab:cds-YP_009724389.1	GAG	E	AAG	K	176
NC_045512.2	791	G	A	29801	10818	41	2	0	55	6.71051e-05	29804	0.249996	FALSE	ORF1ab:cds-YP_009725295.1	GAG	E	AAG	K	176
NC_045512.2	792	A	T	29808	10826	41	1	0	37	3.35379e-05	29817	1	FALSE	ORF1ab:cds-YP_009724389.1	GAG	E	GTG	V	176
NC_045512.2	792	A	T	29808	10826	41	1	0	37	3.35379e-05	29817	1	FALSE	ORF1ab:cds-YP_009725295.1	GAG	E	GTG	V	176
NC_045512.2	792	A	G	29808	10826	41	8	3	37	0.000268303	29817	0.999905	FALSE	ORF1ab:cds-YP_009724389.1	GAG	E	GGG	G	176
NC_045512.2	792	A	G	29808	10826	41	8	3	37	0.000268303	29817	0.999905	FALSE	ORF1ab:cds-YP_009725295.1	GAG	E	GGG	G	176
NC_045512.2	793	G	T	31581	10847	41	1	0	37	3.16546e-05	31591	1	FALSE	ORF1ab:cds-YP_009724389.1	GAG	E	GAT	D	176
NC_045512.2	793	G	T	31581	10847	41	1	0	37	3.16546e-05	31591	1	FALSE	ORF1ab:cds-YP_009725295.1	GAG	E	GAT	D	176
NC_045512.2	793	G	A	31581	10847	41	9	1	41	0.000284891	31591	0.0729789	FALSE	ORF1ab:cds-YP_009724389.1	GAG	E	GAA	E	176
NC_045512.2	793	G	A	31581	10847	41	9	1	41	0.000284891	31591	0.0729789	FALSE	ORF1ab:cds-YP_009725295.1	GAG	E	GAA	E	176
NC_045512.2	794	C	T	31631	10838	41	7	0	35	0.000221239	31640	0.999988	FALSE	ORF1ab:cds-YP_009724389.1	CTT	L	TTT	F	177
NC_045512.2	794	C	T	31631	10838	41	7	0	35	0.000221239	31640	0.999988	FALSE	ORF1ab:cds-YP_009725295.1	CTT	L	TTT	F	177
NC_045512.2	794	C	G	31631	10838	41	1	0	37	3.16056e-05	31640	1	FALSE	ORF1ab:cds-YP_009724389.1	CTT	L	GTT	V	177
NC_045512.2	794	C	G	31631	10838	41	1	0	37	3.16056e-05	31640	1	FALSE	ORF1ab:cds-YP_009725295.1	CTT	L	GTT	V	177
NC_045512.2	794	C	A	31631	10838	41	1	1	37	3.16056e-05	31640	1	FALSE	ORF1ab:cds-YP_009724389.1	CTT	L	ATT	I	177
NC_045512.2	794	C	A	31631	10838	41	1	1	37	3.16056e-05	31640	1	FALSE	ORF1ab:cds-YP_009725295.1	CTT	L	ATT	I	177
NC_045512.2	795	T	G	31538	10718	41	1	0	37	3.16997e-05	31546	1	FALSE	ORF1ab:cds-YP_009724389.1	CTT	L	CGT	R	177
NC_045512.2	795	T	G	31538	10718	41	1	0	37	3.16997e-05	31546	1	FALSE	ORF1ab:cds-YP_009725295.1	CTT	L	CGT	R	177
NC_045512.2	795	T	C	31538	10718	41	7	1	37	0.000221898	31546	0.999988	FALSE	ORF1ab:cds-YP_009724389.1	CTT	L	CCT	P	177
NC_045512.2	795	T	C	31538	10718	41	7	1	37	0.000221898	31546	0.999988	FALSE	ORF1ab:cds-YP_009725295.1	CTT	L	CCT	P	177
NC_045512.2	796	T	C	31250	10867	40	2	0	37	6.39939e-05	31253	1	FALSE	ORF1ab:cds-YP_009724389.1	CTT	L	CTC	L	177
NC_045512.2	796	T	C	31250	10867	40	2	0	37	6.39939e-05	31253	1	FALSE	ORF1ab:cds-YP_009725295.1	CTT	L	CTC	L	177
NC_045512.2	796	T	A	31250	10867	40	1	0	37	3.19969e-05	31253	1	FALSE	ORF1ab:cds-YP_009724389.1	CTT	L	CTA	L	177
NC_045512.2	796	T	A	31250	10867	40	1	0	37	3.19969e-05	31253	1	FALSE	ORF1ab:cds-YP_009725295.1	CTT	L	CTA	L	177
NC_045512.2	797	A	T	31744	11482	41	1	0	37	3.14941e-05	31752	1	FALSE	ORF1ab:cds-YP_009724389.1	AAC	N	TAC	Y	178
NC_045512.2	797	A	T	31744	11482	41	1	0	37	3.14941e-05	31752	1	FALSE	ORF1ab:cds-YP_009725295.1	AAC	N	TAC	Y	178
NC_045512.2	797	A	G	31744	11482	41	6	3	37	0.000188964	31752	0.999996	FALSE	ORF1ab:cds-YP_009724389.1	AAC	N	GAC	D	178
NC_045512.2	797	A	G	31744	11482	41	6	3	37	0.000188964	31752	0.999996	FALSE	ORF1ab:cds-YP_009725295.1	AAC	N	GAC	D	178
NC_045512.2	797	A	C	31744	11482	41	1	1	37	3.14941e-05	31752	1	FALSE	ORF1ab:cds-YP_009724389.1	AAC	N	CAC	H	178
NC_045512.2	797	A	C	31744	11482	41	1	1	37	3.14941e-05	31752	1	FALSE	ORF1ab:cds-YP_009725295.1	AAC	N	CAC	H	178
NC_045512.2	798	A	T	29314	10820	41	1	1	37	3.0977e-05	32282	1	FALSE	ORF1ab:cds-YP_009724389.1	AAC	N	ATC	I	178
NC_045512.2	798	A	T	29314	10820	41	1	1	37	3.0977e-05	32282	1	FALSE	ORF1ab:cds-YP_009725295.1	AAC	N	ATC	I	178
NC_045512.2	798	A	G	29314	10820	41	2967	1099	41	0.0919088	32282	0	TRUE	ORF1ab:cds-YP_009724389.1	AAC	N	AGC	S	178
NC_045512.2	798	A	G	29314	10820	41	2967	1099	41	0.0919088	32282	0	TRUE	ORF1ab:cds-YP_009725295.1	AAC	N	AGC	S	178
NC_045512.2	799	C	T	32479	12125	41	10	5	37	0.000307768	32492	0.999865	FALSE	ORF1ab:cds-YP_009724389.1	AAC	N	AAT	N	178
NC_045512.2	799	C	T	32479	12125	41	10	5	37	0.000307768	32492	0.999865	FALSE	ORF1ab:cds-YP_009725295.1	AAC	N	AAT	N	178
NC_045512.2	799	C	G	32479	12125	41	2	2	37	6.15536e-05	32492	1	FALSE	ORF1ab:cds-YP_009724389.1	AAC	N	AAG	K	178
NC_045512.2	799	C	G	32479	12125	41	2	2	37	6.15536e-05	32492	1	FALSE	ORF1ab:cds-YP_009725295.1	AAC	N	AAG	K	178
NC_045512.2	799	C	A	32479	12125	41	1	1	37	3.07768e-05	32492	1	FALSE	ORF1ab:cds-YP_009724389.1	AAC	N	AAA	K	178
NC_045512.2	799	C	A	32479	12125	41	1	1	37	3.07768e-05	32492	1	FALSE	ORF1ab:cds-YP_009725295.1	AAC	N	AAA	K	178
NC_045512.2	800	G	A	32395	12145	41	9	3	37	0.000277743	32404	0.999944	FALSE	ORF1ab:cds-YP_009724389.1	GGA	G	AGA	R	179
NC_045512.2	800	G	A	32395	12145	41	9	3	37	0.000277743	32404	0.999944	FALSE	ORF1ab:cds-YP_009725295.1	GGA	G	AGA	R	179
NC_045512.2	801	G	T	32602	12162	41	1	0	37	3.06664e-05	32609	1	FALSE	ORF1ab:cds-YP_009724389.1	GGA	G	GTA	V	179
NC_045512.2	801	G	T	32602	12162	41	1	0	37	3.06664e-05	32609	1	FALSE	ORF1ab:cds-YP_009725295.1	GGA	G	GTA	V	179
NC_045512.2	801	G	C	32602	12162	41	2	0	37	6.13328e-05	32609	1	FALSE	ORF1ab:cds-YP_009724389.1	GGA	G	GCA	A	179
NC_045512.2	801	G	C	32602	12162	41	2	0	37	6.13328e-05	32609	1	FALSE	ORF1ab:cds-YP_009725295.1	GGA	G	GCA	A	179
NC_045512.2	801	G	A	32602	12162	41	4	2	46	0.000122666	32609	0.499966	FALSE	ORF1ab:cds-YP_009724389.1	GGA	G	GAA	E	179
NC_045512.2	801	G	A	32602	12162	41	4	2	46	0.000122666	32609	0.499966	FALSE	ORF1ab:cds-YP_009725295.1	GGA	G	GAA	E	179
NC_045512.2	802	A	G	31594	11381	41	11	6	39	0.000348046	31605	0.999532	FALSE	ORF1ab:cds-YP_009724389.1	GGA	G	GGG	G	179
NC_045512.2	802	A	G	31594	11381	41	11	6	39	0.000348046	31605	0.999532	FALSE	ORF1ab:cds-YP_009725295.1	GGA	G	GGG	G	179
NC_045512.2	802	A	-G	31594	11381	41	10	0	20	0.000316406	31605	1	FALSE	NA	NA	NA	NA	NA	NA
NC_045512.2	803	G	T	32090	11446	41	5	2	34	0.000155763	32100	0.999999	FALSE	ORF1ab:cds-YP_009724389.1	GGG	G	TGG	W	180
NC_045512.2	803	G	T	32090	11446	41	5	2	34	0.000155763	32100	0.999999	FALSE	ORF1ab:cds-YP_009725295.1	GGG	G	TGG	W	180
NC_045512.2	803	G	A	32090	11446	41	5	4	37	0.000155763	32100	0.999999	FALSE	ORF1ab:cds-YP_009724389.1	GGG	G	AGG	R	180
NC_045512.2	803	G	A	32090	11446	41	5	4	37	0.000155763	32100	0.999999	FALSE	ORF1ab:cds-YP_009725295.1	GGG	G	AGG	R	180
NC_045512.2	804	G	T	32525	12005	41	8	2	35	0.000245889	32535	0.999979	FALSE	ORF1ab:cds-YP_009724389.1	GGG	G	GTG	V	180
NC_045512.2	804	G	T	32525	12005	41	8	2	35	0.000245889	32535	0.999979	FALSE	ORF1ab:cds-YP_009725295.1	GGG	G	GTG	V	180
NC_045512.2	804	G	A	32525	12005	41	2	1	37	6.14723e-05	32535	1	FALSE	ORF1ab:cds-YP_009724389.1	GGG	G	GAG	E	180
NC_045512.2	804	G	A	32525	12005	41	2	1	37	6.14723e-05	32535	1	FALSE	ORF1ab:cds-YP_009725295.1	GGG	G	GAG	E	180
NC_045512.2	805	G	T	35306	11882	41	3	0	37	8.49594e-05	35311	1	FALSE	ORF1ab:cds-YP_009724389.1	GGG	G	GGT	G	180
NC_045512.2	805	G	T	35306	11882	41	3	0	37	8.49594e-05	35311	1	FALSE	ORF1ab:cds-YP_009725295.1	GGG	G	GGT	G	180
NC_045512.2	805	G	A	35306	11882	41	2	1	37	5.66396e-05	35311	1	FALSE	ORF1ab:cds-YP_009724389.1	GGG	G	GGA	G	180
NC_045512.2	805	G	A	35306	11882	41	2	1	37	5.66396e-05	35311	1	FALSE	ORF1ab:cds-YP_009725295.1	GGG	G	GGA	G	180
NC_045512.2	806	G	T	35708	12270	41	4	0	46	0.000111872	35755	0.499357	FALSE	ORF1ab:cds-YP_009724389.1	GCA	A	TCA	S	181
NC_045512.2	806	G	T	35708	12270	41	4	0	46	0.000111872	35755	0.499357	FALSE	ORF1ab:cds-YP_009725295.1	GCA	A	TCA	S	181
NC_045512.2	806	G	C	35708	12270	41	1	0	37	2.79681e-05	35755	1	FALSE	ORF1ab:cds-YP_009724389.1	GCA	A	CCA	P	181
NC_045512.2	806	G	C	35708	12270	41	1	0	37	2.79681e-05	35755	1	FALSE	ORF1ab:cds-YP_009725295.1	GCA	A	CCA	P	181
NC_045512.2	806	G	A	35708	12270	41	42	16	42	0.00117466	35755	4.27331e-10	TRUE	ORF1ab:cds-YP_009724389.1	GCA	A	ACA	T	181
NC_045512.2	806	G	A	35708	12270	41	42	16	42	0.00117466	35755	4.27331e-10	TRUE	ORF1ab:cds-YP_009725295.1	GCA	A	ACA	T	181
NC_045512.2	807	C	T	35681	12134	41	21	4	40	0.000588186	35703	0.000138279	TRUE	ORF1ab:cds-YP_009724389.1	GCA	A	GTA	V	181
NC_045512.2	807	C	T	35681	12134	41	21	4	40	0.000588186	35703	0.000138279	TRUE	ORF1ab:cds-YP_009725295.1	GCA	A	GTA	V	181
NC_045512.2	807	C	G	35681	12134	41	1	0	37	2.80089e-05	35703	1	FALSE	ORF1ab:cds-YP_009724389.1	GCA	A	GGA	G	181
NC_045512.2	807	C	G	35681	12134	41	1	0	37	2.80089e-05	35703	1	FALSE	ORF1ab:cds-YP_009725295.1	GCA	A	GGA	G	181
NC_045512.2	808	A	T	35171	12186	41	5	2	41	0.000142114	35183	0.36318	FALSE	ORF1ab:cds-YP_009724389.1	GCA	A	GCT	A	181
NC_045512.2	808	A	T	35171	12186	41	5	2	41	0.000142114	35183	0.36318	FALSE	ORF1ab:cds-YP_009725295.1	GCA	A	GCT	A	181
NC_045512.2	808	A	G	35171	12186	41	7	2	45	0.00019896	35183	0.171811	FALSE	ORF1ab:cds-YP_009724389.1	GCA	A	GCG	A	181
NC_045512.2	808	A	G	35171	12186	41	7	2	45	0.00019896	35183	0.171811	FALSE	ORF1ab:cds-YP_009725295.1	GCA	A	GCG	A	181
NC_045512.2	809	T	G	35345	12224	41	1	1	37	2.82861e-05	35353	1	FALSE	ORF1ab:cds-YP_009724389.1	TAC	Y	GAC	D	182
NC_045512.2	809	T	G	35345	12224	41	1	1	37	2.82861e-05	35353	1	FALSE	ORF1ab:cds-YP_009725295.1	TAC	Y	GAC	D	182
NC_045512.2	809	T	C	35345	12224	41	7	2	35	0.000198003	35353	0.999999	FALSE	ORF1ab:cds-YP_009724389.1	TAC	Y	CAC	H	182
NC_045512.2	809	T	C	35345	12224	41	7	2	35	0.000198003	35353	0.999999	FALSE	ORF1ab:cds-YP_009725295.1	TAC	Y	CAC	H	182
NC_045512.2	810	A	G	33786	12653	40	8	4	46	0.000236728	33794	0.113272	FALSE	ORF1ab:cds-YP_009724389.1	TAC	Y	TGC	C	182
NC_045512.2	810	A	G	33786	12653	40	8	4	46	0.000236728	33794	0.113272	FALSE	ORF1ab:cds-YP_009725295.1	TAC	Y	TGC	C	182
NC_045512.2	811	C	T	34088	12710	40	10	5	40	0.000293264	34099	0.0461272	FALSE	ORF1ab:cds-YP_009724389.1	TAC	Y	TAT	Y	182
NC_045512.2	811	C	T	34088	12710	40	10	5	40	0.000293264	34099	0.0461272	FALSE	ORF1ab:cds-YP_009725295.1	TAC	Y	TAT	Y	182
NC_045512.2	811	C	A	34088	12710	40	1	0	37	2.93264e-05	34099	1	FALSE	ORF1ab:cds-YP_009724389.1	TAC	Y	TAA	*	182
NC_045512.2	811	C	A	34088	12710	40	1	0	37	2.93264e-05	34099	1	FALSE	ORF1ab:cds-YP_009725295.1	TAC	Y	TAA	*	182
NC_045512.2	812	A	G	33961	12663	40	1	1	25	2.94438e-05	33963	1	FALSE	ORF1ab:cds-YP_009724389.1	ACT	T	GCT	A	183
NC_045512.2	812	A	G	33961	12663	40	1	1	25	2.94438e-05	33963	1	FALSE	ORF1ab:cds-YP_009725295.1	ACT	T	GCT	A	183
NC_045512.2	812	A	C	33961	12663	40	1	0	37	2.94438e-05	33963	1	FALSE	ORF1ab:cds-YP_009724389.1	ACT	T	CCT	P	183
NC_045512.2	812	A	C	33961	12663	40	1	0	37	2.94438e-05	33963	1	FALSE	ORF1ab:cds-YP_009725295.1	ACT	T	CCT	P	183
NC_045512.2	813	C	T	33976	12638	40	9	6	48	0.000264799	33988	0.072966	FALSE	ORF1ab:cds-YP_009724389.1	ACT	T	ATT	I	183
NC_045512.2	813	C	T	33976	12638	40	9	6	48	0.000264799	33988	0.072966	FALSE	ORF1ab:cds-YP_009725295.1	ACT	T	ATT	I	183
NC_045512.2	813	C	A	33976	12638	40	3	2	37	8.82664e-05	33988	1	FALSE	ORF1ab:cds-YP_009724389.1	ACT	T	AAT	N	183
NC_045512.2	813	C	A	33976	12638	40	3	2	37	8.82664e-05	33988	1	FALSE	ORF1ab:cds-YP_009725295.1	ACT	T	AAT	N	183
NC_045512.2	814	T	C	32027	11087	40	58	1	37	0.0018077	32085	0.00400282	TRUE	ORF1ab:cds-YP_009724389.1	ACT	T	ACC	T	183
NC_045512.2	814	T	C	32027	11087	40	58	1	37	0.0018077	32085	0.00400282	TRUE	ORF1ab:cds-YP_009725295.1	ACT	T	ACC	T	183
NC_045512.2	815	C	A	31396	11250	40	1	1	37	3.18502e-05	31397	1	FALSE	ORF1ab:cds-YP_009724389.1	CGC	R	AGC	S	184
NC_045512.2	815	C	A	31396	11250	40	1	1	37	3.18502e-05	31397	1	FALSE	ORF1ab:cds-YP_009725295.1	CGC	R	AGC	S	184
NC_045512.2	816	G	T	31229	11284	40	3	2	33	9.59693e-05	31260	1	FALSE	ORF1ab:cds-YP_009724389.1	CGC	R	CTC	L	184
NC_045512.2	816	G	T	31229	11284	40	3	2	33	9.59693e-05	31260	1	FALSE	ORF1ab:cds-YP_009725295.1	CGC	R	CTC	L	184
NC_045512.2	816	G	A	31229	11284	40	28	9	43	0.000895713	31260	2.31149e-06	TRUE	ORF1ab:cds-YP_009724389.1	CGC	R	CAC	H	184
NC_045512.2	816	G	A	31229	11284	40	28	9	43	0.000895713	31260	2.31149e-06	TRUE	ORF1ab:cds-YP_009725295.1	CGC	R	CAC	H	184
NC_045512.2	817	C	T	31269	11231	40	1	0	37	3.19754e-05	31274	1	FALSE	ORF1ab:cds-YP_009724389.1	CGC	R	CGT	R	184
NC_045512.2	817	C	T	31269	11231	40	1	0	37	3.19754e-05	31274	1	FALSE	ORF1ab:cds-YP_009725295.1	CGC	R	CGT	R	184
NC_045512.2	817	C	A	31269	11231	40	4	0	37	0.000127902	31274	1	FALSE	ORF1ab:cds-YP_009724389.1	CGC	R	CGA	R	184
NC_045512.2	817	C	A	31269	11231	40	4	0	37	0.000127902	31274	1	FALSE	ORF1ab:cds-YP_009725295.1	CGC	R	CGA	R	184
NC_045512.2	818	T	C	31301	11484	40	7	3	35	0.000223571	31310	0.999988	FALSE	ORF1ab:cds-YP_009724389.1	TAT	Y	CAT	H	185
NC_045512.2	818	T	C	31301	11484	40	7	3	35	0.000223571	31310	0.999988	FALSE	ORF1ab:cds-YP_009725295.1	TAT	Y	CAT	H	185
NC_045512.2	818	T	A	31301	11484	40	2	1	37	6.38774e-05	31310	1	FALSE	ORF1ab:cds-YP_009724389.1	TAT	Y	AAT	N	185
NC_045512.2	818	T	A	31301	11484	40	2	1	37	6.38774e-05	31310	1	FALSE	ORF1ab:cds-YP_009725295.1	TAT	Y	AAT	N	185
NC_045512.2	819	A	T	31267	11383	40	2	2	28	6.39509e-05	31274	1	FALSE	ORF1ab:cds-YP_009724389.1	TAT	Y	TTT	F	185
NC_045512.2	819	A	T	31267	11383	40	2	2	28	6.39509e-05	31274	1	FALSE	ORF1ab:cds-YP_009725295.1	TAT	Y	TTT	F	185
NC_045512.2	819	A	G	31267	11383	40	4	2	37	0.000127902	31274	1	FALSE	ORF1ab:cds-YP_009724389.1	TAT	Y	TGT	C	185
NC_045512.2	819	A	G	31267	11383	40	4	2	37	0.000127902	31274	1	FALSE	ORF1ab:cds-YP_009725295.1	TAT	Y	TGT	C	185
NC_045512.2	819	A	C	31267	11383	40	1	0	37	3.19754e-05	31274	1	FALSE	ORF1ab:cds-YP_009724389.1	TAT	Y	TCT	S	185
NC_045512.2	819	A	C	31267	11383	40	1	0	37	3.19754e-05	31274	1	FALSE	ORF1ab:cds-YP_009725295.1	TAT	Y	TCT	S	185
NC_045512.2	819	A	+C	31267	11383	40	1	0	20	3.19754e-05	31274	1	FALSE	NA	NA	NA	NA	NA	NA
NC_045512.2	820	T	C	31274	11329	40	1	0	37	3.19734e-05	31276	1	FALSE	ORF1ab:cds-YP_009724389.1	TAT	Y	TAC	Y	185
NC_045512.2	820	T	C	31274	11329	40	1	0	37	3.19734e-05	31276	1	FALSE	ORF1ab:cds-YP_009725295.1	TAT	Y	TAC	Y	185
NC_045512.2	820	T	A	31274	11329	40	1	1	37	3.19734e-05	31276	1	FALSE	ORF1ab:cds-YP_009724389.1	TAT	Y	TAA	*	185
NC_045512.2	820	T	A	31274	11329	40	1	1	37	3.19734e-05	31276	1	FALSE	ORF1ab:cds-YP_009725295.1	TAT	Y	TAA	*	185
NC_045512.2	821	G	T	31904	11313	40	9	6	39	0.000281973	31918	0.999909	FALSE	ORF1ab:cds-YP_009724389.1	GTC	V	TTC	F	186
NC_045512.2	821	G	T	31904	11313	40	9	6	39	0.000281973	31918	0.999909	FALSE	ORF1ab:cds-YP_009725295.1	GTC	V	TTC	F	186
NC_045512.2	821	G	A	31904	11313	40	5	1	37	0.000156651	31918	0.999999	FALSE	ORF1ab:cds-YP_009724389.1	GTC	V	ATC	I	186
NC_045512.2	821	G	A	31904	11313	40	5	1	37	0.000156651	31918	0.999999	FALSE	ORF1ab:cds-YP_009725295.1	GTC	V	ATC	I	186
NC_045512.2	822	T	C	31763	11329	40	2	0	37	6.29624e-05	31765	1	FALSE	ORF1ab:cds-YP_009724389.1	GTC	V	GCC	A	186
NC_045512.2	822	T	C	31763	11329	40	2	0	37	6.29624e-05	31765	1	FALSE	ORF1ab:cds-YP_009725295.1	GTC	V	GCC	A	186
NC_045512.2	822	T	+C	31763	11329	40	1	0	20	3.14812e-05	31765	1	FALSE	NA	NA	NA	NA	NA	NA
NC_045512.2	823	C	T	31811	11217	40	8	2	50	0.000251406	31821	0.00390404	TRUE	ORF1ab:cds-YP_009724389.1	GTC	V	GTT	V	186
NC_045512.2	823	C	T	31811	11217	40	8	2	50	0.000251406	31821	0.00390404	TRUE	ORF1ab:cds-YP_009725295.1	GTC	V	GTT	V	186
NC_045512.2	823	C	G	31811	11217	40	1	1	37	3.14258e-05	31821	1	FALSE	ORF1ab:cds-YP_009724389.1	GTC	V	GTG	V	186
NC_045512.2	823	C	G	31811	11217	40	1	1	37	3.14258e-05	31821	1	FALSE	ORF1ab:cds-YP_009725295.1	GTC	V	GTG	V	186
NC_045512.2	823	C	A	31811	11217	40	1	0	37	3.14258e-05	31821	1	FALSE	ORF1ab:cds-YP_009724389.1	GTC	V	GTA	V	186
NC_045512.2	823	C	A	31811	11217	40	1	0	37	3.14258e-05	31821	1	FALSE	ORF1ab:cds-YP_009725295.1	GTC	V	GTA	V	186
NC_045512.2	824	G	T	31639	11193	40	2	0	36	6.31792e-05	31656	1	FALSE	ORF1ab:cds-YP_009724389.1	GAT	D	TAT	Y	187
NC_045512.2	824	G	T	31639	11193	40	2	0	36	6.31792e-05	31656	1	FALSE	ORF1ab:cds-YP_009725295.1	GAT	D	TAT	Y	187
NC_045512.2	824	G	A	31639	11193	40	15	7	40	0.000473844	31656	0.00376413	TRUE	ORF1ab:cds-YP_009724389.1	GAT	D	AAT	N	187
NC_045512.2	824	G	A	31639	11193	40	15	7	40	0.000473844	31656	0.00376413	TRUE	ORF1ab:cds-YP_009725295.1	GAT	D	AAT	N	187
NC_045512.2	825	A	G	31974	11776	40	7	5	37	0.00021888	31981	0.999988	FALSE	ORF1ab:cds-YP_009724389.1	GAT	D	GGT	G	187
NC_045512.2	825	A	G	31974	11776	40	7	5	37	0.00021888	31981	0.999988	FALSE	ORF1ab:cds-YP_009725295.1	GAT	D	GGT	G	187
NC_045512.2	826	T	G	31644	11852	40	2	0	25	6.31872e-05	31652	1	FALSE	ORF1ab:cds-YP_009724389.1	GAT	D	GAG	E	187
NC_045512.2	826	T	G	31644	11852	40	2	0	25	6.31872e-05	31652	1	FALSE	ORF1ab:cds-YP_009725295.1	GAT	D	GAG	E	187
NC_045512.2	826	T	C	31644	11852	40	5	4	37	0.000157968	31652	0.999999	FALSE	ORF1ab:cds-YP_009724389.1	GAT	D	GAC	D	187
NC_045512.2	826	T	C	31644	11852	40	5	4	37	0.000157968	31652	0.999999	FALSE	ORF1ab:cds-YP_009725295.1	GAT	D	GAC	D	187
NC_045512.2	826	T	A	31644	11852	40	1	0	37	3.15936e-05	31652	1	FALSE	ORF1ab:cds-YP_009724389.1	GAT	D	GAA	E	187
NC_045512.2	826	T	A	31644	11852	40	1	0	37	3.15936e-05	31652	1	FALSE	ORF1ab:cds-YP_009725295.1	GAT	D	GAA	E	187
NC_045512.2	827	A	G	31663	11529	40	6	3	47	0.000189454	31670	0.253891	FALSE	ORF1ab:cds-YP_009724389.1	AAC	N	GAC	D	188
NC_045512.2	827	A	G	31663	11529	40	6	3	47	0.000189454	31670	0.253891	FALSE	ORF1ab:cds-YP_009725295.1	AAC	N	GAC	D	188
NC_045512.2	827	A	C	31663	11529	40	1	1	25	3.15756e-05	31670	1	FALSE	ORF1ab:cds-YP_009724389.1	AAC	N	CAC	H	188
NC_045512.2	827	A	C	31663	11529	40	1	1	25	3.15756e-05	31670	1	FALSE	ORF1ab:cds-YP_009725295.1	AAC	N	CAC	H	188
NC_045512.2	828	A	T	31356	11314	40	1	1	37	3.18867e-05	31361	1	FALSE	ORF1ab:cds-YP_009724389.1	AAC	N	ATC	I	188
NC_045512.2	828	A	T	31356	11314	40	1	1	37	3.18867e-05	31361	1	FALSE	ORF1ab:cds-YP_009725295.1	AAC	N	ATC	I	188
NC_045512.2	828	A	G	31356	11314	40	3	1	49	9.56602e-05	31361	0.656243	FALSE	ORF1ab:cds-YP_009724389.1	AAC	N	AGC	S	188
NC_045512.2	828	A	G	31356	11314	40	3	1	49	9.56602e-05	31361	0.656243	FALSE	ORF1ab:cds-YP_009725295.1	AAC	N	AGC	S	188
NC_045512.2	828	A	C	31356	11314	40	1	1	25	3.18867e-05	31361	1	FALSE	ORF1ab:cds-YP_009724389.1	AAC	N	ACC	T	188
NC_045512.2	828	A	C	31356	11314	40	1	1	25	3.18867e-05	31361	1	FALSE	ORF1ab:cds-YP_009725295.1	AAC	N	ACC	T	188
NC_045512.2	829	C	T	32516	11892	40	4	1	37	0.00012299	32523	1	FALSE	ORF1ab:cds-YP_009724389.1	AAC	N	AAT	N	188
NC_045512.2	829	C	T	32516	11892	40	4	1	37	0.00012299	32523	1	FALSE	ORF1ab:cds-YP_009725295.1	AAC	N	AAT	N	188
NC_045512.2	829	C	A	32516	11892	40	3	1	40	9.22424e-05	32523	0.656214	FALSE	ORF1ab:cds-YP_009724389.1	AAC	N	AAA	K	188
NC_045512.2	829	C	A	32516	11892	40	3	1	40	9.22424e-05	32523	0.656214	FALSE	ORF1ab:cds-YP_009725295.1	AAC	N	AAA	K	188
NC_045512.2	830	A	G	31403	10915	40	3	1	37	9.5514e-05	31409	1	FALSE	ORF1ab:cds-YP_009724389.1	AAC	N	GAC	D	189
NC_045512.2	830	A	G	31403	10915	40	3	1	37	9.5514e-05	31409	1	FALSE	ORF1ab:cds-YP_009725295.1	AAC	N	GAC	D	189
NC_045512.2	830	A	C	31403	10915	40	3	2	30	9.5514e-05	31409	1	FALSE	ORF1ab:cds-YP_009724389.1	AAC	N	CAC	H	189
NC_045512.2	830	A	C	31403	10915	40	3	2	30	9.5514e-05	31409	1	FALSE	ORF1ab:cds-YP_009725295.1	AAC	N	CAC	H	189
NC_045512.2	831	A	T	31054	10702	39	1	1	25	3.21926e-05	31063	1	FALSE	ORF1ab:cds-YP_009724389.1	AAC	N	ATC	I	189
NC_045512.2	831	A	T	31054	10702	39	1	1	25	3.21926e-05	31063	1	FALSE	ORF1ab:cds-YP_009725295.1	AAC	N	ATC	I	189
NC_045512.2	831	A	G	31054	10702	39	7	3	51	0.000225348	31063	0.00780898	TRUE	ORF1ab:cds-YP_009724389.1	AAC	N	AGC	S	189
NC_045512.2	831	A	G	31054	10702	39	7	3	51	0.000225348	31063	0.00780898	TRUE	ORF1ab:cds-YP_009725295.1	AAC	N	AGC	S	189
NC_045512.2	831	A	C	31054	10702	39	1	1	25	3.21926e-05	31063	1	FALSE	ORF1ab:cds-YP_009724389.1	AAC	N	ACC	T	189
NC_045512.2	831	A	C	31054	10702	39	1	1	25	3.21926e-05	31063	1	FALSE	ORF1ab:cds-YP_009725295.1	AAC	N	ACC	T	189
NC_045512.2	832	C	T	32283	11580	40	2	0	37	6.19464e-05	32286	1	FALSE	ORF1ab:cds-YP_009724389.1	AAC	N	AAT	N	189
NC_045512.2	832	C	T	32283	11580	40	2	0	37	6.19464e-05	32286	1	FALSE	ORF1ab:cds-YP_009725295.1	AAC	N	AAT	N	189
NC_045512.2	832	C	A	32283	11580	40	1	1	25	3.09732e-05	32286	1	FALSE	ORF1ab:cds-YP_009724389.1	AAC	N	AAA	K	189
NC_045512.2	832	C	A	32283	11580	40	1	1	25	3.09732e-05	32286	1	FALSE	ORF1ab:cds-YP_009725295.1	AAC	N	AAA	K	189
NC_045512.2	833	T	G	31495	11182	39	1	1	37	3.1743e-05	31503	1	FALSE	ORF1ab:cds-YP_009724389.1	TTC	F	GTC	V	190
NC_045512.2	833	T	G	31495	11182	39	1	1	37	3.1743e-05	31503	1	FALSE	ORF1ab:cds-YP_009725295.1	TTC	F	GTC	V	190
NC_045512.2	833	T	C	31495	11182	39	6	3	37	0.000190458	31503	0.999996	FALSE	ORF1ab:cds-YP_009724389.1	TTC	F	CTC	L	190
NC_045512.2	833	T	C	31495	11182	39	6	3	37	0.000190458	31503	0.999996	FALSE	ORF1ab:cds-YP_009725295.1	TTC	F	CTC	L	190
NC_045512.2	833	T	A	31495	11182	39	1	1	37	3.1743e-05	31503	1	FALSE	ORF1ab:cds-YP_009724389.1	TTC	F	ATC	I	190
NC_045512.2	833	T	A	31495	11182	39	1	1	37	3.1743e-05	31503	1	FALSE	ORF1ab:cds-YP_009725295.1	TTC	F	ATC	I	190
NC_045512.2	834	T	A	32181	11454	40	1	1	29	3.10733e-05	32182	1	FALSE	ORF1ab:cds-YP_009724389.1	TTC	F	TAC	Y	190
NC_045512.2	834	T	A	32181	11454	40	1	1	29	3.10733e-05	32182	1	FALSE	ORF1ab:cds-YP_009725295.1	TTC	F	TAC	Y	190
NC_045512.2	835	C	A	32799	11496	40	2	1	37	6.09738e-05	32801	1	FALSE	ORF1ab:cds-YP_009724389.1	TTC	F	TTA	L	190
NC_045512.2	835	C	A	32799	11496	40	2	1	37	6.09738e-05	32801	1	FALSE	ORF1ab:cds-YP_009725295.1	TTC	F	TTA	L	190
NC_045512.2	836	T	C	32719	11528	40	5	3	37	0.000152788	32725	0.999999	FALSE	ORF1ab:cds-YP_009724389.1	TGT	C	CGT	R	191
NC_045512.2	836	T	C	32719	11528	40	5	3	37	0.000152788	32725	0.999999	FALSE	ORF1ab:cds-YP_009725295.1	TGT	C	CGT	R	191
NC_045512.2	836	T	A	32719	11528	40	1	0	37	3.05577e-05	32725	1	FALSE	ORF1ab:cds-YP_009724389.1	TGT	C	AGT	S	191
NC_045512.2	836	T	A	32719	11528	40	1	0	37	3.05577e-05	32725	1	FALSE	ORF1ab:cds-YP_009725295.1	TGT	C	AGT	S	191
NC_045512.2	837	G	T	32925	11669	41	1	0	25	3.03674e-05	32930	1	FALSE	ORF1ab:cds-YP_009724389.1	TGT	C	TTT	F	191
NC_045512.2	837	G	T	32925	11669	41	1	0	25	3.03674e-05	32930	1	FALSE	ORF1ab:cds-YP_009725295.1	TGT	C	TTT	F	191
NC_045512.2	837	G	A	32925	11669	41	4	2	46	0.00012147	32930	0.5	FALSE	ORF1ab:cds-YP_009724389.1	TGT	C	TAT	Y	191
NC_045512.2	837	G	A	32925	11669	41	4	2	46	0.00012147	32930	0.5	FALSE	ORF1ab:cds-YP_009725295.1	TGT	C	TAT	Y	191
NC_045512.2	838	T	G	32364	11200	40	1	1	25	3.08966e-05	32366	1	FALSE	ORF1ab:cds-YP_009724389.1	TGT	C	TGG	W	191
NC_045512.2	838	T	G	32364	11200	40	1	1	25	3.08966e-05	32366	1	FALSE	ORF1ab:cds-YP_009725295.1	TGT	C	TGG	W	191
NC_045512.2	838	T	C	32364	11200	40	1	0	37	3.08966e-05	32366	1	FALSE	ORF1ab:cds-YP_009724389.1	TGT	C	TGC	C	191
NC_045512.2	838	T	C	32364	11200	40	1	0	37	3.08966e-05	32366	1	FALSE	ORF1ab:cds-YP_009725295.1	TGT	C	TGC	C	191
NC_045512.2	839	G	T	32557	11285	41	1	1	37	3.07097e-05	32563	1	FALSE	ORF1ab:cds-YP_009724389.1	GGC	G	TGC	C	192
NC_045512.2	839	G	T	32557	11285	41	1	1	37	3.07097e-05	32563	1	FALSE	ORF1ab:cds-YP_009725295.1	GGC	G	TGC	C	192
NC_045512.2	839	G	A	32557	11285	41	5	2	41	0.000153549	32563	0.363273	FALSE	ORF1ab:cds-YP_009724389.1	GGC	G	AGC	S	192
NC_045512.2	839	G	A	32557	11285	41	5	2	41	0.000153549	32563	0.363273	FALSE	ORF1ab:cds-YP_009725295.1	GGC	G	AGC	S	192
NC_045512.2	840	G	T	32803	11294	41	1	1	37	3.0472e-05	32817	1	FALSE	ORF1ab:cds-YP_009724389.1	GGC	G	GTC	V	192
NC_045512.2	840	G	T	32803	11294	41	1	1	37	3.0472e-05	32817	1	FALSE	ORF1ab:cds-YP_009725295.1	GGC	G	GTC	V	192
NC_045512.2	840	G	A	32803	11294	41	13	3	39	0.000396136	32817	0.998775	FALSE	ORF1ab:cds-YP_009724389.1	GGC	G	GAC	D	192
NC_045512.2	840	G	A	32803	11294	41	13	3	39	0.000396136	32817	0.998775	FALSE	ORF1ab:cds-YP_009725295.1	GGC	G	GAC	D	192
NC_045512.2	840	G	-C	32803	11294	41	1	0	20	3.0472e-05	32817	1	FALSE	NA	NA	NA	NA	NA	NA
NC_045512.2	841	C	T	32653	11063	41	25	10	40	0.00076497	32681	1.36573e-05	TRUE	ORF1ab:cds-YP_009724389.1	GGC	G	GGT	G	192
NC_045512.2	841	C	T	32653	11063	41	25	10	40	0.00076497	32681	1.36573e-05	TRUE	ORF1ab:cds-YP_009725295.1	GGC	G	GGT	G	192
NC_045512.2	841	C	G	32653	11063	41	2	2	33	6.11976e-05	32681	1	FALSE	ORF1ab:cds-YP_009724389.1	GGC	G	GGG	G	192
NC_045512.2	841	C	G	32653	11063	41	2	2	33	6.11976e-05	32681	1	FALSE	ORF1ab:cds-YP_009725295.1	GGC	G	GGG	G	192
NC_045512.2	841	C	A	32653	11063	41	1	0	37	3.05988e-05	32681	1	FALSE	ORF1ab:cds-YP_009724389.1	GGC	G	GGA	G	192
NC_045512.2	841	C	A	32653	11063	41	1	0	37	3.05988e-05	32681	1	FALSE	ORF1ab:cds-YP_009725295.1	GGC	G	GGA	G	192
NC_045512.2	842	C	T	33433	12323	42	2	0	37	5.9814e-05	33437	1	FALSE	ORF1ab:cds-YP_009724389.1	CCT	P	TCT	S	193
NC_045512.2	842	C	T	33433	12323	42	2	0	37	5.9814e-05	33437	1	FALSE	ORF1ab:cds-YP_009725295.1	CCT	P	TCT	S	193
NC_045512.2	842	C	G	33433	12323	42	1	1	37	2.9907e-05	33437	1	FALSE	ORF1ab:cds-YP_009724389.1	CCT	P	GCT	A	193
NC_045512.2	842	C	G	33433	12323	42	1	1	37	2.9907e-05	33437	1	FALSE	ORF1ab:cds-YP_009725295.1	CCT	P	GCT	A	193
NC_045512.2	842	C	A	33433	12323	42	1	1	37	2.9907e-05	33437	1	FALSE	ORF1ab:cds-YP_009724389.1	CCT	P	ACT	T	193
NC_045512.2	842	C	A	33433	12323	42	1	1	37	2.9907e-05	33437	1	FALSE	ORF1ab:cds-YP_009725295.1	CCT	P	ACT	T	193
NC_045512.2	843	C	T	33480	12394	42	1	0	37	2.98614e-05	33488	1	FALSE	ORF1ab:cds-YP_009724389.1	CCT	P	CTT	L	193
NC_045512.2	843	C	T	33480	12394	42	1	0	37	2.98614e-05	33488	1	FALSE	ORF1ab:cds-YP_009725295.1	CCT	P	CTT	L	193
NC_045512.2	843	C	A	33480	12394	42	7	2	45	0.00020903	33488	0.171857	FALSE	ORF1ab:cds-YP_009724389.1	CCT	P	CAT	H	193
NC_045512.2	843	C	A	33480	12394	42	7	2	45	0.00020903	33488	0.171857	FALSE	ORF1ab:cds-YP_009725295.1	CCT	P	CAT	H	193
NC_045512.2	844	T	G	32982	12203	42	6	3	49	0.000181807	33002	0.253697	FALSE	ORF1ab:cds-YP_009724389.1	CCT	P	CCG	P	193
NC_045512.2	844	T	G	32982	12203	42	6	3	49	0.000181807	33002	0.253697	FALSE	ORF1ab:cds-YP_009725295.1	CCT	P	CCG	P	193
NC_045512.2	844	T	C	32982	12203	42	11	6	40	0.000333313	33002	0.028644	FALSE	ORF1ab:cds-YP_009724389.1	CCT	P	CCC	P	193
NC_045512.2	844	T	C	32982	12203	42	11	6	40	0.000333313	33002	0.028644	FALSE	ORF1ab:cds-YP_009725295.1	CCT	P	CCC	P	193
NC_045512.2	844	T	A	32982	12203	42	3	1	31	9.09036e-05	33002	1	FALSE	ORF1ab:cds-YP_009724389.1	CCT	P	CCA	P	193
NC_045512.2	844	T	A	32982	12203	42	3	1	31	9.09036e-05	33002	1	FALSE	ORF1ab:cds-YP_009725295.1	CCT	P	CCA	P	193
NC_045512.2	844	T	-G	32982	12203	42	2	0	20	6.06024e-05	33002	1	FALSE	NA	NA	NA	NA	NA	NA
NC_045512.2	845	G	T	33663	12852	42	2	2	37	5.93701e-05	33687	1	FALSE	ORF1ab:cds-YP_009724389.1	GAT	D	TAT	Y	194
NC_045512.2	845	G	T	33663	12852	42	2	2	37	5.93701e-05	33687	1	FALSE	ORF1ab:cds-YP_009725295.1	GAT	D	TAT	Y	194
NC_045512.2	845	G	A	33663	12852	42	22	8	39	0.000653071	33687	0.947641	FALSE	ORF1ab:cds-YP_009724389.1	GAT	D	AAT	N	194
NC_045512.2	845	G	A	33663	12852	42	22	8	39	0.000653071	33687	0.947641	FALSE	ORF1ab:cds-YP_009725295.1	GAT	D	AAT	N	194
NC_045512.2	846	A	T	33149	12851	42	2	1	49	6.03082e-05	33163	0.812406	FALSE	ORF1ab:cds-YP_009724389.1	GAT	D	GTT	V	194
NC_045512.2	846	A	T	33149	12851	42	2	1	49	6.03082e-05	33163	0.812406	FALSE	ORF1ab:cds-YP_009725295.1	GAT	D	GTT	V	194
NC_045512.2	846	A	G	33149	12851	42	11	3	47	0.000331695	33163	0.0286663	FALSE	ORF1ab:cds-YP_009724389.1	GAT	D	GGT	G	194
NC_045512.2	846	A	G	33149	12851	42	11	3	47	0.000331695	33163	0.0286663	FALSE	ORF1ab:cds-YP_009725295.1	GAT	D	GGT	G	194
NC_045512.2	846	A	C	33149	12851	42	1	0	37	3.01541e-05	33163	1	FALSE	ORF1ab:cds-YP_009724389.1	GAT	D	GCT	A	194
NC_045512.2	846	A	C	33149	12851	42	1	0	37	3.01541e-05	33163	1	FALSE	ORF1ab:cds-YP_009725295.1	GAT	D	GCT	A	194
NC_045512.2	847	T	G	33426	12727	42	1	1	25	2.9915e-05	33428	1	FALSE	ORF1ab:cds-YP_009724389.1	GAT	D	GAG	E	194
NC_045512.2	847	T	G	33426	12727	42	1	1	25	2.9915e-05	33428	1	FALSE	ORF1ab:cds-YP_009725295.1	GAT	D	GAG	E	194
NC_045512.2	847	T	A	33426	12727	42	1	0	37	2.9915e-05	33428	1	FALSE	ORF1ab:cds-YP_009724389.1	GAT	D	GAA	E	194
NC_045512.2	847	T	A	33426	12727	42	1	0	37	2.9915e-05	33428	1	FALSE	ORF1ab:cds-YP_009725295.1	GAT	D	GAA	E	194
NC_045512.2	848	G	T	34042	13109	42	2	1	55	5.87441e-05	34046	0.249989	FALSE	ORF1ab:cds-YP_009724389.1	GGC	G	TGC	C	195
NC_045512.2	848	G	T	34042	13109	42	2	1	55	5.87441e-05	34046	0.249989	FALSE	ORF1ab:cds-YP_009725295.1	GGC	G	TGC	C	195
NC_045512.2	848	G	A	34042	13109	42	2	2	37	5.87441e-05	34046	1	FALSE	ORF1ab:cds-YP_009724389.1	GGC	G	AGC	S	195
NC_045512.2	848	G	A	34042	13109	42	2	2	37	5.87441e-05	34046	1	FALSE	ORF1ab:cds-YP_009725295.1	GGC	G	AGC	S	195
NC_045512.2	849	G	T	33700	12827	42	5	3	34	0.000148245	33728	1	FALSE	ORF1ab:cds-YP_009724389.1	GGC	G	GTC	V	195
NC_045512.2	849	G	T	33700	12827	42	5	3	34	0.000148245	33728	1	FALSE	ORF1ab:cds-YP_009725295.1	GGC	G	GTC	V	195
NC_045512.2	849	G	C	33700	12827	42	2	0	37	5.92979e-05	33728	1	FALSE	ORF1ab:cds-YP_009724389.1	GGC	G	GCC	A	195
NC_045512.2	849	G	C	33700	12827	42	2	0	37	5.92979e-05	33728	1	FALSE	ORF1ab:cds-YP_009725295.1	GGC	G	GCC	A	195
NC_045512.2	849	G	A	33700	12827	42	21	6	42	0.000622628	33728	0.000138037	TRUE	ORF1ab:cds-YP_009724389.1	GGC	G	GAC	D	195
NC_045512.2	849	G	A	33700	12827	42	21	6	42	0.000622628	33728	0.000138037	TRUE	ORF1ab:cds-YP_009725295.1	GGC	G	GAC	D	195
NC_045512.2	850	C	T	33977	13183	42	29	12	42	0.000852715	34009	1.27088e-06	TRUE	ORF1ab:cds-YP_009724389.1	GGC	G	GGT	G	195
NC_045512.2	850	C	T	33977	13183	42	29	12	42	0.000852715	34009	1.27088e-06	TRUE	ORF1ab:cds-YP_009725295.1	GGC	G	GGT	G	195
NC_045512.2	850	C	A	33977	13183	42	3	0	45	8.82119e-05	34009	0.655871	FALSE	ORF1ab:cds-YP_009724389.1	GGC	G	GGA	G	195
NC_045512.2	850	C	A	33977	13183	42	3	0	45	8.82119e-05	34009	0.655871	FALSE	ORF1ab:cds-YP_009725295.1	GGC	G	GGA	G	195
NC_045512.2	851	T	G	33078	13109	41	2	1	37	6.04485e-05	33086	1	FALSE	ORF1ab:cds-YP_009724389.1	TAC	Y	GAC	D	196
NC_045512.2	851	T	G	33078	13109	41	2	1	37	6.04485e-05	33086	1	FALSE	ORF1ab:cds-YP_009725295.1	TAC	Y	GAC	D	196
NC_045512.2	851	T	C	33078	13109	41	6	1	35	0.000181346	33086	0.999999	FALSE	ORF1ab:cds-YP_009724389.1	TAC	Y	CAC	H	196
NC_045512.2	851	T	C	33078	13109	41	6	1	35	0.000181346	33086	0.999999	FALSE	ORF1ab:cds-YP_009725295.1	TAC	Y	CAC	H	196
NC_045512.2	852	A	G	37124	19168	46	8	2	37	0.00021543	37135	0.999998	FALSE	ORF1ab:cds-YP_009724389.1	TAC	Y	TGC	C	196
NC_045512.2	852	A	G	37124	19168	46	8	2	37	0.00021543	37135	0.999998	FALSE	ORF1ab:cds-YP_009725295.1	TAC	Y	TGC	C	196
NC_045512.2	852	A	C	37124	19168	46	3	1	29	8.07863e-05	37135	1	FALSE	ORF1ab:cds-YP_009724389.1	TAC	Y	TCC	S	196
NC_045512.2	852	A	C	37124	19168	46	3	1	29	8.07863e-05	37135	1	FALSE	ORF1ab:cds-YP_009725295.1	TAC	Y	TCC	S	196
NC_045512.2	852	A	+C	37124	19168	46	1	0	20	2.69288e-05	37135	1	FALSE	NA	NA	NA	NA	NA	NA
NC_045512.2	853	C	T	37476	19425	46	14	6	52	0.000372846	37549	6.03047e-05	TRUE	ORF1ab:cds-YP_009724389.1	TAC	Y	TAT	Y	196
NC_045512.2	853	C	T	37476	19425	46	14	6	52	0.000372846	37549	6.03047e-05	TRUE	ORF1ab:cds-YP_009725295.1	TAC	Y	TAT	Y	196
NC_045512.2	853	C	G	37476	19425	46	58	57	36	0.00154465	37549	0.0196551	FALSE	ORF1ab:cds-YP_009724389.1	TAC	Y	TAG	*	196
NC_045512.2	853	C	G	37476	19425	46	58	57	36	0.00154465	37549	0.0196551	FALSE	ORF1ab:cds-YP_009725295.1	TAC	Y	TAG	*	196
NC_045512.2	853	C	A	37476	19425	46	1	1	37	2.66319e-05	37549	1	FALSE	ORF1ab:cds-YP_009724389.1	TAC	Y	TAA	*	196
NC_045512.2	853	C	A	37476	19425	46	1	1	37	2.66319e-05	37549	1	FALSE	ORF1ab:cds-YP_009725295.1	TAC	Y	TAA	*	196
NC_045512.2	854	C	T	37808	19366	46	1	0	74	2.64459e-05	37813	0.49998	FALSE	ORF1ab:cds-YP_009724389.1	CCT	P	TCT	S	197
NC_045512.2	854	C	T	37808	19366	46	1	0	74	2.64459e-05	37813	0.49998	FALSE	ORF1ab:cds-YP_009725295.1	CCT	P	TCT	S	197
NC_045512.2	854	C	A	37808	19366	46	4	3	35	0.000105784	37813	1	FALSE	ORF1ab:cds-YP_009724389.1	CCT	P	ACT	T	197
NC_045512.2	854	C	A	37808	19366	46	4	3	35	0.000105784	37813	1	FALSE	ORF1ab:cds-YP_009725295.1	CCT	P	ACT	T	197
NC_045512.2	854	C	-CT	37808	19366	46	1	0	20	2.64459e-05	37813	1	FALSE	NA	NA	NA	NA	NA	NA
NC_045512.2	855	C	T	38922	21024	47	10	1	39	0.000256819	38938	0.999992	FALSE	ORF1ab:cds-YP_009724389.1	CCT	P	CTT	L	197
NC_045512.2	855	C	T	38922	21024	47	10	1	39	0.000256819	38938	0.999992	FALSE	ORF1ab:cds-YP_009725295.1	CCT	P	CTT	L	197
NC_045512.2	855	C	A	38922	21024	47	6	3	47	0.000154091	38938	0.253767	FALSE	ORF1ab:cds-YP_009724389.1	CCT	P	CAT	H	197
NC_045512.2	855	C	A	38922	21024	47	6	3	47	0.000154091	38938	0.253767	FALSE	ORF1ab:cds-YP_009725295.1	CCT	P	CAT	H	197
NC_045512.2	855	C	+A	38922	21024	47	1	0	20	2.56812e-05	38939	1	FALSE	NA	NA	NA	NA	NA	NA
NC_045512.2	856	T	G	37457	21132	46	4	3	34	0.000106746	37472	1	FALSE	ORF1ab:cds-YP_009724389.1	CCT	P	CCG	P	197
NC_045512.2	856	T	G	37457	21132	46	4	3	34	0.000106746	37472	1	FALSE	ORF1ab:cds-YP_009725295.1	CCT	P	CCG	P	197
NC_045512.2	856	T	C	37457	21132	46	10	4	36	0.000266866	37472	0.999988	FALSE	ORF1ab:cds-YP_009724389.1	CCT	P	CCC	P	197
NC_045512.2	856	T	C	37457	21132	46	10	4	36	0.000266866	37472	0.999988	FALSE	ORF1ab:cds-YP_009725295.1	CCT	P	CCC	P	197
NC_045512.2	856	T	A	37457	21132	46	1	1	22	2.66866e-05	37472	1	FALSE	ORF1ab:cds-YP_009724389.1	CCT	P	CCA	P	197
NC_045512.2	856	T	A	37457	21132	46	1	1	22	2.66866e-05	37472	1	FALSE	ORF1ab:cds-YP_009725295.1	CCT	P	CCA	P	197
NC_045512.2	857	C	T	37876	21083	46	2	1	49	5.27927e-05	37884	0.812467	FALSE	ORF1ab:cds-YP_009724389.1	CTT	L	TTT	F	198
NC_045512.2	857	C	T	37876	21083	46	2	1	49	5.27927e-05	37884	0.812467	FALSE	ORF1ab:cds-YP_009725295.1	CTT	L	TTT	F	198
NC_045512.2	857	C	G	37876	21083	46	5	0	37	0.000131982	37884	1	FALSE	ORF1ab:cds-YP_009724389.1	CTT	L	GTT	V	198
NC_045512.2	857	C	G	37876	21083	46	5	0	37	0.000131982	37884	1	FALSE	ORF1ab:cds-YP_009725295.1	CTT	L	GTT	V	198
NC_045512.2	857	C	A	37876	21083	46	1	1	37	2.63964e-05	37884	1	FALSE	ORF1ab:cds-YP_009724389.1	CTT	L	ATT	I	198
NC_045512.2	857	C	A	37876	21083	46	1	1	37	2.63964e-05	37884	1	FALSE	ORF1ab:cds-YP_009725295.1	CTT	L	ATT	I	198
NC_045512.2	858	T	G	36687	21467	44	2	2	25	5.45019e-05	36696	1	FALSE	ORF1ab:cds-YP_009724389.1	CTT	L	CGT	R	198
NC_045512.2	858	T	G	36687	21467	44	2	2	25	5.45019e-05	36696	1	FALSE	ORF1ab:cds-YP_009725295.1	CTT	L	CGT	R	198
NC_045512.2	858	T	C	36687	21467	44	7	3	52	0.000190756	36696	0.00780952	TRUE	ORF1ab:cds-YP_009724389.1	CTT	L	CCT	P	198
NC_045512.2	858	T	C	36687	21467	44	7	3	52	0.000190756	36696	0.00780952	TRUE	ORF1ab:cds-YP_009725295.1	CTT	L	CCT	P	198
NC_045512.2	859	T	G	36977	21570	45	1	0	25	2.70387e-05	36984	1	FALSE	ORF1ab:cds-YP_009724389.1	CTT	L	CTG	L	198
NC_045512.2	859	T	G	36977	21570	45	1	0	25	2.70387e-05	36984	1	FALSE	ORF1ab:cds-YP_009725295.1	CTT	L	CTG	L	198
NC_045512.2	859	T	C	36977	21570	45	5	3	37	0.000135194	36984	1	FALSE	ORF1ab:cds-YP_009724389.1	CTT	L	CTC	L	198
NC_045512.2	859	T	C	36977	21570	45	5	3	37	0.000135194	36984	1	FALSE	ORF1ab:cds-YP_009725295.1	CTT	L	CTC	L	198
NC_045512.2	859	T	A	36977	21570	45	1	0	29	2.70387e-05	36984	1	FALSE	ORF1ab:cds-YP_009724389.1	CTT	L	CTA	L	198
NC_045512.2	859	T	A	36977	21570	45	1	0	29	2.70387e-05	36984	1	FALSE	ORF1ab:cds-YP_009725295.1	CTT	L	CTA	L	198
NC_045512.2	860	G	A	37627	22238	46	4	1	47	0.000106295	37631	0.500015	FALSE	ORF1ab:cds-YP_009724389.1	GAG	E	AAG	K	199
NC_045512.2	860	G	A	37627	22238	46	4	1	47	0.000106295	37631	0.500015	FALSE	ORF1ab:cds-YP_009725295.1	GAG	E	AAG	K	199
NC_045512.2	861	A	T	36362	21460	45	2	2	51	5.49904e-05	36370	0.249962	FALSE	ORF1ab:cds-YP_009724389.1	GAG	E	GTG	V	199
NC_045512.2	861	A	T	36362	21460	45	2	2	51	5.49904e-05	36370	0.249962	FALSE	ORF1ab:cds-YP_009725295.1	GAG	E	GTG	V	199
NC_045512.2	861	A	G	36362	21460	45	3	3	61	8.24856e-05	36370	0.124974	FALSE	ORF1ab:cds-YP_009724389.1	GAG	E	GGG	G	199
NC_045512.2	861	A	G	36362	21460	45	3	3	61	8.24856e-05	36370	0.124974	FALSE	ORF1ab:cds-YP_009725295.1	GAG	E	GGG	G	199
NC_045512.2	861	A	C	36362	21460	45	3	1	37	8.24856e-05	36370	1	FALSE	ORF1ab:cds-YP_009724389.1	GAG	E	GCG	A	199
NC_045512.2	861	A	C	36362	21460	45	3	1	37	8.24856e-05	36370	1	FALSE	ORF1ab:cds-YP_009725295.1	GAG	E	GCG	A	199
NC_045512.2	862	G	T	36425	21575	46	6	1	49	0.000164681	36434	0.253866	FALSE	ORF1ab:cds-YP_009724389.1	GAG	E	GAT	D	199
NC_045512.2	862	G	T	36425	21575	46	6	1	49	0.000164681	36434	0.253866	FALSE	ORF1ab:cds-YP_009725295.1	GAG	E	GAT	D	199
NC_045512.2	862	G	A	36425	21575	46	3	1	49	8.23407e-05	36434	0.656192	FALSE	ORF1ab:cds-YP_009724389.1	GAG	E	GAA	E	199
NC_045512.2	862	G	A	36425	21575	46	3	1	49	8.23407e-05	36434	0.656192	FALSE	ORF1ab:cds-YP_009725295.1	GAG	E	GAA	E	199
NC_045512.2	863	T	C	34882	21063	45	7	4	40	0.000200636	34889	0.171869	FALSE	ORF1ab:cds-YP_009724389.1	TGC	C	CGC	R	200
NC_045512.2	863	T	C	34882	21063	45	7	4	40	0.000200636	34889	0.171869	FALSE	ORF1ab:cds-YP_009725295.1	TGC	C	CGC	R	200
NC_045512.2	864	G	T	34875	20790	45	1	1	25	2.86402e-05	34916	1	FALSE	ORF1ab:cds-YP_009724389.1	TGC	C	TTC	F	200
NC_045512.2	864	G	T	34875	20790	45	1	1	25	2.86402e-05	34916	1	FALSE	ORF1ab:cds-YP_009725295.1	TGC	C	TTC	F	200
NC_045512.2	864	G	C	34875	20790	45	1	0	25	2.86402e-05	34916	1	FALSE	ORF1ab:cds-YP_009724389.1	TGC	C	TCC	S	200
NC_045512.2	864	G	C	34875	20790	45	1	0	25	2.86402e-05	34916	1	FALSE	ORF1ab:cds-YP_009725295.1	TGC	C	TCC	S	200
NC_045512.2	864	G	A	34875	20790	45	39	21	40	0.00111697	34916	2.78894e-09	TRUE	ORF1ab:cds-YP_009724389.1	TGC	C	TAC	Y	200
NC_045512.2	864	G	A	34875	20790	45	39	21	40	0.00111697	34916	2.78894e-09	TRUE	ORF1ab:cds-YP_009725295.1	TGC	C	TAC	Y	200
NC_045512.2	865	C	T	35195	21064	45	19	16	45	0.000539436	35222	0.000426289	TRUE	ORF1ab:cds-YP_009724389.1	TGC	C	TGT	C	200
NC_045512.2	865	C	T	35195	21064	45	19	16	45	0.000539436	35222	0.000426289	TRUE	ORF1ab:cds-YP_009725295.1	TGC	C	TGT	C	200
NC_045512.2	865	C	G	35195	21064	45	4	3	37	0.000113565	35222	1	FALSE	ORF1ab:cds-YP_009724389.1	TGC	C	TGG	W	200
NC_045512.2	865	C	G	35195	21064	45	4	3	37	0.000113565	35222	1	FALSE	ORF1ab:cds-YP_009725295.1	TGC	C	TGG	W	200
NC_045512.2	865	C	A	35195	21064	45	4	2	43	0.000113565	35222	0.499658	FALSE	ORF1ab:cds-YP_009724389.1	TGC	C	TGA	*	200
NC_045512.2	865	C	A	35195	21064	45	4	2	43	0.000113565	35222	0.499658	FALSE	ORF1ab:cds-YP_009725295.1	TGC	C	TGA	*	200
NC_045512.2	865	C	+A	35195	21064	45	1	0	20	2.83913e-05	35222	1	FALSE	NA	NA	NA	NA	NA	NA
NC_045512.2	866	A	G	34530	20670	44	2	2	37	5.78854e-05	34551	1	FALSE	ORF1ab:cds-YP_009724389.1	ATT	I	GTT	V	201
NC_045512.2	866	A	G	34530	20670	44	2	2	37	5.78854e-05	34551	1	FALSE	ORF1ab:cds-YP_009725295.1	ATT	I	GTT	V	201
NC_045512.2	866	A	C	34530	20670	44	19	0	33	0.000549912	34551	0.986521	FALSE	ORF1ab:cds-YP_009724389.1	ATT	I	CTT	L	201
NC_045512.2	866	A	C	34530	20670	44	19	0	33	0.000549912	34551	0.986521	FALSE	ORF1ab:cds-YP_009725295.1	ATT	I	CTT	L	201
NC_045512.2	867	T	C	34444	20537	44	6	5	31	0.000174135	34456	0.999999	FALSE	ORF1ab:cds-YP_009724389.1	ATT	I	ACT	T	201
NC_045512.2	867	T	C	34444	20537	44	6	5	31	0.000174135	34456	0.999999	FALSE	ORF1ab:cds-YP_009725295.1	ATT	I	ACT	T	201
NC_045512.2	867	T	A	34444	20537	44	6	3	31	0.000174135	34456	0.999999	FALSE	ORF1ab:cds-YP_009724389.1	ATT	I	AAT	N	201
NC_045512.2	867	T	A	34444	20537	44	6	3	31	0.000174135	34456	0.999999	FALSE	ORF1ab:cds-YP_009725295.1	ATT	I	AAT	N	201
NC_045512.2	868	T	C	34269	21509	43	2	0	55	5.83567e-05	34272	0.249996	FALSE	ORF1ab:cds-YP_009724389.1	ATT	I	ATC	I	201
NC_045512.2	868	T	C	34269	21509	43	2	0	55	5.83567e-05	34272	0.249996	FALSE	ORF1ab:cds-YP_009725295.1	ATT	I	ATC	I	201
NC_045512.2	868	T	A	34269	21509	43	1	1	37	2.91783e-05	34272	1	FALSE	ORF1ab:cds-YP_009724389.1	ATT	I	ATA	I	201
NC_045512.2	868	T	A	34269	21509	43	1	1	37	2.91783e-05	34272	1	FALSE	ORF1ab:cds-YP_009725295.1	ATT	I	ATA	I	201
NC_045512.2	869	A	G	34054	21557	43	2	1	74	5.87251e-05	34057	0.249996	FALSE	ORF1ab:cds-YP_009724389.1	AAA	K	GAA	E	202
NC_045512.2	869	A	G	34054	21557	43	2	1	74	5.87251e-05	34057	0.249996	FALSE	ORF1ab:cds-YP_009725295.1	AAA	K	GAA	E	202
NC_045512.2	869	A	C	34054	21557	43	1	1	25	2.93625e-05	34057	1	FALSE	ORF1ab:cds-YP_009724389.1	AAA	K	CAA	Q	202
NC_045512.2	869	A	C	34054	21557	43	1	1	25	2.93625e-05	34057	1	FALSE	ORF1ab:cds-YP_009725295.1	AAA	K	CAA	Q	202
NC_045512.2	870	A	T	34090	21688	43	2	2	25	5.86545e-05	34098	1	FALSE	ORF1ab:cds-YP_009724389.1	AAA	K	ATA	I	202
NC_045512.2	870	A	T	34090	21688	43	2	2	25	5.86545e-05	34098	1	FALSE	ORF1ab:cds-YP_009725295.1	AAA	K	ATA	I	202
NC_045512.2	870	A	G	34090	21688	43	4	3	37	0.000117309	34098	1	FALSE	ORF1ab:cds-YP_009724389.1	AAA	K	AGA	R	202
NC_045512.2	870	A	G	34090	21688	43	4	3	37	0.000117309	34098	1	FALSE	ORF1ab:cds-YP_009725295.1	AAA	K	AGA	R	202
NC_045512.2	870	A	C	34090	21688	43	2	2	31	5.86545e-05	34098	1	FALSE	ORF1ab:cds-YP_009724389.1	AAA	K	ACA	T	202
NC_045512.2	870	A	C	34090	21688	43	2	2	31	5.86545e-05	34098	1	FALSE	ORF1ab:cds-YP_009725295.1	AAA	K	ACA	T	202
NC_045512.2	871	A	T	34352	21971	43	2	1	37	5.8214e-05	34356	1	FALSE	ORF1ab:cds-YP_009724389.1	AAA	K	AAT	N	202
NC_045512.2	871	A	T	34352	21971	43	2	1	37	5.8214e-05	34356	1	FALSE	ORF1ab:cds-YP_009725295.1	AAA	K	AAT	N	202
NC_045512.2	871	A	G	34352	21971	43	2	1	37	5.8214e-05	34356	1	FALSE	ORF1ab:cds-YP_009724389.1	AAA	K	AAG	K	202
NC_045512.2	871	A	G	34352	21971	43	2	1	37	5.8214e-05	34356	1	FALSE	ORF1ab:cds-YP_009725295.1	AAA	K	AAG	K	202
NC_045512.2	872	G	T	34393	22280	43	3	1	27	8.72118e-05	34399	1	FALSE	ORF1ab:cds-YP_009724389.1	GAC	D	TAC	Y	203
NC_045512.2	872	G	T	34393	22280	43	3	1	27	8.72118e-05	34399	1	FALSE	ORF1ab:cds-YP_009725295.1	GAC	D	TAC	Y	203
NC_045512.2	872	G	C	34393	22280	43	1	1	37	2.90706e-05	34399	1	FALSE	ORF1ab:cds-YP_009724389.1	GAC	D	CAC	H	203
NC_045512.2	872	G	C	34393	22280	43	1	1	37	2.90706e-05	34399	1	FALSE	ORF1ab:cds-YP_009725295.1	GAC	D	CAC	H	203
NC_045512.2	872	G	A	34393	22280	43	2	2	37	5.81412e-05	34399	1	FALSE	ORF1ab:cds-YP_009724389.1	GAC	D	AAC	N	203
NC_045512.2	872	G	A	34393	22280	43	2	2	37	5.81412e-05	34399	1	FALSE	ORF1ab:cds-YP_009725295.1	GAC	D	AAC	N	203
NC_045512.2	873	A	T	34102	21794	44	2	1	37	5.86373e-05	34108	1	FALSE	ORF1ab:cds-YP_009724389.1	GAC	D	GTC	V	203
NC_045512.2	873	A	T	34102	21794	44	2	1	37	5.86373e-05	34108	1	FALSE	ORF1ab:cds-YP_009725295.1	GAC	D	GTC	V	203
NC_045512.2	873	A	G	34102	21794	44	4	3	46	0.000117275	34108	0.499984	FALSE	ORF1ab:cds-YP_009724389.1	GAC	D	GGC	G	203
NC_045512.2	873	A	G	34102	21794	44	4	3	46	0.000117275	34108	0.499984	FALSE	ORF1ab:cds-YP_009725295.1	GAC	D	GGC	G	203
NC_045512.2	874	C	T	34326	21672	44	9	5	46	0.000262085	34340	0.0729523	FALSE	ORF1ab:cds-YP_009724389.1	GAC	D	GAT	D	203
NC_045512.2	874	C	T	34326	21672	44	9	5	46	0.000262085	34340	0.0729523	FALSE	ORF1ab:cds-YP_009725295.1	GAC	D	GAT	D	203
NC_045512.2	874	C	G	34326	21672	44	2	2	37	5.82411e-05	34340	1	FALSE	ORF1ab:cds-YP_009724389.1	GAC	D	GAG	E	203
NC_045512.2	874	C	G	34326	21672	44	2	2	37	5.82411e-05	34340	1	FALSE	ORF1ab:cds-YP_009725295.1	GAC	D	GAG	E	203
NC_045512.2	874	C	A	34326	21672	44	3	3	49	8.73617e-05	34340	0.65612	FALSE	ORF1ab:cds-YP_009724389.1	GAC	D	GAA	E	203
NC_045512.2	874	C	A	34326	21672	44	3	3	49	8.73617e-05	34340	0.65612	FALSE	ORF1ab:cds-YP_009725295.1	GAC	D	GAA	E	203
NC_045512.2	875	C	T	33582	21451	43	5	3	37	0.000148841	33593	1	FALSE	ORF1ab:cds-YP_009724389.1	CTT	L	TTT	F	204
NC_045512.2	875	C	T	33582	21451	43	5	3	37	0.000148841	33593	1	FALSE	ORF1ab:cds-YP_009725295.1	CTT	L	TTT	F	204
NC_045512.2	875	C	A	33582	21451	43	6	4	46	0.000178609	33593	0.253833	FALSE	ORF1ab:cds-YP_009724389.1	CTT	L	ATT	I	204
NC_045512.2	875	C	A	33582	21451	43	6	4	46	0.000178609	33593	0.253833	FALSE	ORF1ab:cds-YP_009725295.1	CTT	L	ATT	I	204
NC_045512.2	875	C	-T	33582	21451	43	2	0	20	5.95362e-05	33593	1	FALSE	NA	NA	NA	NA	NA	NA
NC_045512.2	876	T	G	32981	21037	43	4	3	31	0.00012123	32995	1	FALSE	ORF1ab:cds-YP_009724389.1	CTT	L	CGT	R	204
NC_045512.2	876	T	G	32981	21037	43	4	3	31	0.00012123	32995	1	FALSE	ORF1ab:cds-YP_009725295.1	CTT	L	CGT	R	204
NC_045512.2	876	T	C	32981	21037	43	8	3	38	0.000242461	32995	0.999979	FALSE	ORF1ab:cds-YP_009724389.1	CTT	L	CCT	P	204
NC_045512.2	876	T	C	32981	21037	43	8	3	38	0.000242461	32995	0.999979	FALSE	ORF1ab:cds-YP_009725295.1	CTT	L	CCT	P	204
NC_045512.2	876	T	A	32981	21037	43	2	1	55	6.06152e-05	32995	0.249898	FALSE	ORF1ab:cds-YP_009724389.1	CTT	L	CAT	H	204
NC_045512.2	876	T	A	32981	21037	43	2	1	55	6.06152e-05	32995	0.249898	FALSE	ORF1ab:cds-YP_009725295.1	CTT	L	CAT	H	204
NC_045512.2	877	T	C	33148	21135	43	6	3	34	0.000180968	33155	0.999999	FALSE	ORF1ab:cds-YP_009724389.1	CTT	L	CTC	L	204
NC_045512.2	877	T	C	33148	21135	43	6	3	34	0.000180968	33155	0.999999	FALSE	ORF1ab:cds-YP_009725295.1	CTT	L	CTC	L	204
NC_045512.2	877	T	A	33148	21135	43	1	0	37	3.01614e-05	33155	1	FALSE	ORF1ab:cds-YP_009724389.1	CTT	L	CTA	L	204
NC_045512.2	877	T	A	33148	21135	43	1	0	37	3.01614e-05	33155	1	FALSE	ORF1ab:cds-YP_009725295.1	CTT	L	CTA	L	204
NC_045512.2	878	C	T	33856	21839	44	2	1	74	5.90685e-05	33859	0.249996	FALSE	ORF1ab:cds-YP_009724389.1	CTA	L	TTA	L	205
NC_045512.2	878	C	T	33856	21839	44	2	1	74	5.90685e-05	33859	0.249996	FALSE	ORF1ab:cds-YP_009725295.1	CTA	L	TTA	L	205
NC_045512.2	878	C	A	33856	21839	44	1	1	37	2.95342e-05	33859	1	FALSE	ORF1ab:cds-YP_009724389.1	CTA	L	ATA	I	205
NC_045512.2	878	C	A	33856	21839	44	1	1	37	2.95342e-05	33859	1	FALSE	ORF1ab:cds-YP_009725295.1	CTA	L	ATA	I	205
NC_045512.2	879	T	G	32989	21012	43	2	2	25	6.06097e-05	32998	1	FALSE	ORF1ab:cds-YP_009724389.1	CTA	L	CGA	R	205
NC_045512.2	879	T	G	32989	21012	43	2	2	25	6.06097e-05	32998	1	FALSE	ORF1ab:cds-YP_009725295.1	CTA	L	CGA	R	205
NC_045512.2	879	T	C	32989	21012	43	6	4	42	0.000181829	32998	0.253861	FALSE	ORF1ab:cds-YP_009724389.1	CTA	L	CCA	P	205
NC_045512.2	879	T	C	32989	21012	43	6	4	42	0.000181829	32998	0.253861	FALSE	ORF1ab:cds-YP_009725295.1	CTA	L	CCA	P	205
NC_045512.2	879	T	A	32989	21012	43	1	0	37	3.03049e-05	32998	1	FALSE	ORF1ab:cds-YP_009724389.1	CTA	L	CAA	Q	205
NC_045512.2	879	T	A	32989	21012	43	1	0	37	3.03049e-05	32998	1	FALSE	ORF1ab:cds-YP_009725295.1	CTA	L	CAA	Q	205
NC_045512.2	880	A	G	32639	21388	42	5	1	37	0.000153153	32647	0.999999	FALSE	ORF1ab:cds-YP_009724389.1	CTA	L	CTG	L	205
NC_045512.2	880	A	G	32639	21388	42	5	1	37	0.000153153	32647	0.999999	FALSE	ORF1ab:cds-YP_009725295.1	CTA	L	CTG	L	205
NC_045512.2	880	A	C	32639	21388	42	3	1	29	9.18921e-05	32647	1	FALSE	ORF1ab:cds-YP_009724389.1	CTA	L	CTC	L	205
NC_045512.2	880	A	C	32639	21388	42	3	1	29	9.18921e-05	32647	1	FALSE	ORF1ab:cds-YP_009725295.1	CTA	L	CTC	L	205
NC_045512.2	881	G	T	33699	21924	43	1	1	37	2.96701e-05	33704	1	FALSE	ORF1ab:cds-YP_009724389.1	GCA	A	TCA	S	206
NC_045512.2	881	G	T	33699	21924	43	1	1	37	2.96701e-05	33704	1	FALSE	ORF1ab:cds-YP_009725295.1	GCA	A	TCA	S	206
NC_045512.2	881	G	C	33699	21924	43	1	1	74	2.96701e-05	33704	0.499978	FALSE	ORF1ab:cds-YP_009724389.1	GCA	A	CCA	P	206
NC_045512.2	881	G	C	33699	21924	43	1	1	74	2.96701e-05	33704	0.499978	FALSE	ORF1ab:cds-YP_009725295.1	GCA	A	CCA	P	206
NC_045512.2	881	G	A	33699	21924	43	3	1	31	8.90102e-05	33704	1	FALSE	ORF1ab:cds-YP_009724389.1	GCA	A	ACA	T	206
NC_045512.2	881	G	A	33699	21924	43	3	1	31	8.90102e-05	33704	1	FALSE	ORF1ab:cds-YP_009725295.1	GCA	A	ACA	T	206
NC_045512.2	882	C	T	33603	21936	43	22	15	42	0.000654197	33629	7.79922e-05	TRUE	ORF1ab:cds-YP_009724389.1	GCA	A	GTA	V	206
NC_045512.2	882	C	T	33603	21936	43	22	15	42	0.000654197	33629	7.79922e-05	TRUE	ORF1ab:cds-YP_009725295.1	GCA	A	GTA	V	206
NC_045512.2	882	C	G	33603	21936	43	1	1	37	2.97362e-05	33629	1	FALSE	ORF1ab:cds-YP_009724389.1	GCA	A	GGA	G	206
NC_045512.2	882	C	G	33603	21936	43	1	1	37	2.97362e-05	33629	1	FALSE	ORF1ab:cds-YP_009725295.1	GCA	A	GGA	G	206
NC_045512.2	882	C	A	33603	21936	43	3	3	49	8.92087e-05	33629	0.65595	FALSE	ORF1ab:cds-YP_009724389.1	GCA	A	GAA	E	206
NC_045512.2	882	C	A	33603	21936	43	3	3	49	8.92087e-05	33629	0.65595	FALSE	ORF1ab:cds-YP_009725295.1	GCA	A	GAA	E	206
NC_045512.2	882	C	-A	33603	21936	43	1	0	20	2.97362e-05	33629	1	FALSE	NA	NA	NA	NA	NA	NA
NC_045512.2	883	A	G	32957	21392	43	5	3	34	0.00015169	32962	0.999999	FALSE	ORF1ab:cds-YP_009724389.1	GCA	A	GCG	A	206
NC_045512.2	883	A	G	32957	21392	43	5	3	34	0.00015169	32962	0.999999	FALSE	ORF1ab:cds-YP_009725295.1	GCA	A	GCG	A	206
NC_045512.2	884	C	T	32939	21302	43	2	2	55	6.07109e-05	32943	0.249989	FALSE	ORF1ab:cds-YP_009724389.1	CGT	R	TGT	C	207
NC_045512.2	884	C	T	32939	21302	43	2	2	55	6.07109e-05	32943	0.249989	FALSE	ORF1ab:cds-YP_009725295.1	CGT	R	TGT	C	207
NC_045512.2	884	C	A	32939	21302	43	2	2	37	6.07109e-05	32943	1	FALSE	ORF1ab:cds-YP_009724389.1	CGT	R	AGT	S	207
NC_045512.2	884	C	A	32939	21302	43	2	2	37	6.07109e-05	32943	1	FALSE	ORF1ab:cds-YP_009725295.1	CGT	R	AGT	S	207
NC_045512.2	885	G	C	32892	21329	43	1	0	37	3.03961e-05	32899	1	FALSE	ORF1ab:cds-YP_009724389.1	CGT	R	CCT	P	207
NC_045512.2	885	G	C	32892	21329	43	1	0	37	3.03961e-05	32899	1	FALSE	ORF1ab:cds-YP_009725295.1	CGT	R	CCT	P	207
NC_045512.2	885	G	A	32892	21329	43	6	2	55	0.000182376	32899	0.0156214	FALSE	ORF1ab:cds-YP_009724389.1	CGT	R	CAT	H	207
NC_045512.2	885	G	A	32892	21329	43	6	2	55	0.000182376	32899	0.0156214	FALSE	ORF1ab:cds-YP_009725295.1	CGT	R	CAT	H	207
NC_045512.2	886	T	C	32715	21195	43	1	1	37	3.05651e-05	32717	1	FALSE	ORF1ab:cds-YP_009724389.1	CGT	R	CGC	R	207
NC_045512.2	886	T	C	32715	21195	43	1	1	37	3.05651e-05	32717	1	FALSE	ORF1ab:cds-YP_009725295.1	CGT	R	CGC	R	207
NC_045512.2	886	T	A	32715	21195	43	1	1	25	3.05651e-05	32717	1	FALSE	ORF1ab:cds-YP_009724389.1	CGT	R	CGA	R	207
NC_045512.2	886	T	A	32715	21195	43	1	1	25	3.05651e-05	32717	1	FALSE	ORF1ab:cds-YP_009725295.1	CGT	R	CGA	R	207
NC_045512.2	887	G	T	32604	21324	43	3	2	33	9.19597e-05	32623	1	FALSE	ORF1ab:cds-YP_009724389.1	GCT	A	TCT	S	208
NC_045512.2	887	G	T	32604	21324	43	3	2	33	9.19597e-05	32623	1	FALSE	ORF1ab:cds-YP_009725295.1	GCT	A	TCT	S	208
NC_045512.2	887	G	A	32604	21324	43	16	14	45	0.000490452	32623	0.0022089	TRUE	ORF1ab:cds-YP_009724389.1	GCT	A	ACT	T	208
NC_045512.2	887	G	A	32604	21324	43	16	14	45	0.000490452	32623	0.0022089	TRUE	ORF1ab:cds-YP_009725295.1	GCT	A	ACT	T	208
NC_045512.2	888	C	T	32713	21603	43	17	11	39	0.000519369	32732	0.989374	FALSE	ORF1ab:cds-YP_009724389.1	GCT	A	GTT	V	208
NC_045512.2	888	C	T	32713	21603	43	17	11	39	0.000519369	32732	0.989374	FALSE	ORF1ab:cds-YP_009725295.1	GCT	A	GTT	V	208
NC_045512.2	888	C	A	32713	21603	43	2	1	55	6.11023e-05	32732	0.249874	FALSE	ORF1ab:cds-YP_009724389.1	GCT	A	GAT	D	208
NC_045512.2	888	C	A	32713	21603	43	2	1	55	6.11023e-05	32732	0.249874	FALSE	ORF1ab:cds-YP_009725295.1	GCT	A	GAT	D	208
NC_045512.2	889	T	G	30057	19050	41	9	8	30	0.000299222	30078	0.999853	FALSE	ORF1ab:cds-YP_009724389.1	GCT	A	GCG	A	208
NC_045512.2	889	T	G	30057	19050	41	9	8	30	0.000299222	30078	0.999853	FALSE	ORF1ab:cds-YP_009725295.1	GCT	A	GCG	A	208
NC_045512.2	889	T	C	30057	19050	41	10	7	42	0.000332469	30078	0.0460672	FALSE	ORF1ab:cds-YP_009724389.1	GCT	A	GCC	A	208
NC_045512.2	889	T	C	30057	19050	41	10	7	42	0.000332469	30078	0.0460672	FALSE	ORF1ab:cds-YP_009725295.1	GCT	A	GCC	A	208
NC_045512.2	889	T	A	30057	19050	41	2	2	55	6.64938e-05	30078	0.249846	FALSE	ORF1ab:cds-YP_009724389.1	GCT	A	GCA	A	208
NC_045512.2	889	T	A	30057	19050	41	2	2	55	6.64938e-05	30078	0.249846	FALSE	ORF1ab:cds-YP_009725295.1	GCT	A	GCA	A	208
NC_045512.2	890	G	T	33355	21727	43	3	2	74	8.99173e-05	33364	0.124966	FALSE	ORF1ab:cds-YP_009724389.1	GGT	G	TGT	C	209
NC_045512.2	890	G	T	33355	21727	43	3	2	74	8.99173e-05	33364	0.124966	FALSE	ORF1ab:cds-YP_009725295.1	GGT	G	TGT	C	209
NC_045512.2	890	G	C	33355	21727	43	1	0	37	2.99724e-05	33364	1	FALSE	ORF1ab:cds-YP_009724389.1	GGT	G	CGT	R	209
NC_045512.2	890	G	C	33355	21727	43	1	0	37	2.99724e-05	33364	1	FALSE	ORF1ab:cds-YP_009725295.1	GGT	G	CGT	R	209
NC_045512.2	890	G	A	33355	21727	43	5	3	44	0.000149862	33364	0.363224	FALSE	ORF1ab:cds-YP_009724389.1	GGT	G	AGT	S	209
NC_045512.2	890	G	A	33355	21727	43	5	3	44	0.000149862	33364	0.363224	FALSE	ORF1ab:cds-YP_009725295.1	GGT	G	AGT	S	209
NC_045512.2	891	G	T	33389	21745	43	1	1	37	2.9941e-05	33399	1	FALSE	ORF1ab:cds-YP_009724389.1	GGT	G	GTT	V	209
NC_045512.2	891	G	T	33389	21745	43	1	1	37	2.9941e-05	33399	1	FALSE	ORF1ab:cds-YP_009725295.1	GGT	G	GTT	V	209
NC_045512.2	891	G	A	33389	21745	43	9	5	41	0.000269469	33399	0.07298	FALSE	ORF1ab:cds-YP_009724389.1	GGT	G	GAT	D	209
NC_045512.2	891	G	A	33389	21745	43	9	5	41	0.000269469	33399	0.07298	FALSE	ORF1ab:cds-YP_009725295.1	GGT	G	GAT	D	209
NC_045512.2	892	T	C	33292	21732	43	9	4	38	0.000270262	33301	0.999966	FALSE	ORF1ab:cds-YP_009724389.1	GGT	G	GGC	G	209
NC_045512.2	892	T	C	33292	21732	43	9	4	38	0.000270262	33301	0.999966	FALSE	ORF1ab:cds-YP_009725295.1	GGT	G	GGC	G	209
NC_045512.2	893	A	G	33764	22666	43	1	1	37	2.96165e-05	33765	1	FALSE	ORF1ab:cds-YP_009724389.1	AAA	K	GAA	E	210
NC_045512.2	893	A	G	33764	22666	43	1	1	37	2.96165e-05	33765	1	FALSE	ORF1ab:cds-YP_009725295.1	AAA	K	GAA	E	210
NC_045512.2	894	A	G	32822	22810	42	2	1	49	6.09255e-05	32827	0.81249	FALSE	ORF1ab:cds-YP_009724389.1	AAA	K	AGA	R	210
NC_045512.2	894	A	G	32822	22810	42	2	1	49	6.09255e-05	32827	0.81249	FALSE	ORF1ab:cds-YP_009725295.1	AAA	K	AGA	R	210
NC_045512.2	894	A	C	32822	22810	42	3	3	37	9.13882e-05	32827	1	FALSE	ORF1ab:cds-YP_009724389.1	AAA	K	ACA	T	210
NC_045512.2	894	A	C	32822	22810	42	3	3	37	9.13882e-05	32827	1	FALSE	ORF1ab:cds-YP_009725295.1	AAA	K	ACA	T	210
NC_045512.2	895	A	T	32987	23005	42	2	1	55	6.06042e-05	33001	0.249913	FALSE	ORF1ab:cds-YP_009724389.1	AAA	K	AAT	N	210
NC_045512.2	895	A	T	32987	23005	42	2	1	55	6.06042e-05	33001	0.249913	FALSE	ORF1ab:cds-YP_009725295.1	AAA	K	AAT	N	210
NC_045512.2	895	A	G	32987	23005	42	9	7	40	0.000272719	33001	0.0729504	FALSE	ORF1ab:cds-YP_009724389.1	AAA	K	AAG	K	210
NC_045512.2	895	A	G	32987	23005	42	9	7	40	0.000272719	33001	0.0729504	FALSE	ORF1ab:cds-YP_009725295.1	AAA	K	AAG	K	210
NC_045512.2	895	A	C	32987	23005	42	3	2	33	9.09063e-05	33001	1	FALSE	ORF1ab:cds-YP_009724389.1	AAA	K	AAC	N	210
NC_045512.2	895	A	C	32987	23005	42	3	2	33	9.09063e-05	33001	1	FALSE	ORF1ab:cds-YP_009725295.1	AAA	K	AAC	N	210
NC_045512.2	896	G	T	33678	23625	43	3	0	38	8.90446e-05	33691	1	FALSE	ORF1ab:cds-YP_009724389.1	GCT	A	TCT	S	211
NC_045512.2	896	G	T	33678	23625	43	3	0	38	8.90446e-05	33691	1	FALSE	ORF1ab:cds-YP_009725295.1	GCT	A	TCT	S	211
NC_045512.2	896	G	A	33678	23625	43	10	10	39	0.000296815	33691	0.999915	FALSE	ORF1ab:cds-YP_009724389.1	GCT	A	ACT	T	211
NC_045512.2	896	G	A	33678	23625	43	10	10	39	0.000296815	33691	0.999915	FALSE	ORF1ab:cds-YP_009725295.1	GCT	A	ACT	T	211
NC_045512.2	897	C	T	33601	23651	43	9	6	45	0.000267738	33615	0.0729513	FALSE	ORF1ab:cds-YP_009724389.1	GCT	A	GTT	V	211
NC_045512.2	897	C	T	33601	23651	43	9	6	45	0.000267738	33615	0.0729513	FALSE	ORF1ab:cds-YP_009725295.1	GCT	A	GTT	V	211
NC_045512.2	897	C	G	33601	23651	43	1	1	37	2.97486e-05	33615	1	FALSE	ORF1ab:cds-YP_009724389.1	GCT	A	GGT	G	211
NC_045512.2	897	C	G	33601	23651	43	1	1	37	2.97486e-05	33615	1	FALSE	ORF1ab:cds-YP_009725295.1	GCT	A	GGT	G	211
NC_045512.2	897	C	A	33601	23651	43	4	3	55	0.000118994	33615	0.062461	FALSE	ORF1ab:cds-YP_009724389.1	GCT	A	GAT	D	211
NC_045512.2	897	C	A	33601	23651	43	4	3	55	0.000118994	33615	0.062461	FALSE	ORF1ab:cds-YP_009725295.1	GCT	A	GAT	D	211
NC_045512.2	898	T	G	32480	22471	42	1	1	25	3.07759e-05	32493	1	FALSE	ORF1ab:cds-YP_009724389.1	GCT	A	GCG	A	211
NC_045512.2	898	T	G	32480	22471	42	1	1	25	3.07759e-05	32493	1	FALSE	ORF1ab:cds-YP_009725295.1	GCT	A	GCG	A	211
NC_045512.2	898	T	C	32480	22471	42	9	3	35	0.000276983	32493	0.999944	FALSE	ORF1ab:cds-YP_009724389.1	GCT	A	GCC	A	211
NC_045512.2	898	T	C	32480	22471	42	9	3	35	0.000276983	32493	0.999944	FALSE	ORF1ab:cds-YP_009725295.1	GCT	A	GCC	A	211
NC_045512.2	898	T	A	32480	22471	42	3	3	37	9.23276e-05	32493	1	FALSE	ORF1ab:cds-YP_009724389.1	GCT	A	GCA	A	211
NC_045512.2	898	T	A	32480	22471	42	3	3	37	9.23276e-05	32493	1	FALSE	ORF1ab:cds-YP_009725295.1	GCT	A	GCA	A	211
NC_045512.2	899	T	C	31883	22111	43	4	2	34	0.000125443	31887	1	FALSE	ORF1ab:cds-YP_009724389.1	TCA	S	CCA	P	212
NC_045512.2	899	T	C	31883	22111	43	4	2	34	0.000125443	31887	1	FALSE	ORF1ab:cds-YP_009725295.1	TCA	S	CCA	P	212
NC_045512.2	900	C	T	31981	22187	43	4	3	37	0.000125047	31988	1	FALSE	ORF1ab:cds-YP_009724389.1	TCA	S	TTA	L	212
NC_045512.2	900	C	T	31981	22187	43	4	3	37	0.000125047	31988	1	FALSE	ORF1ab:cds-YP_009725295.1	TCA	S	TTA	L	212
NC_045512.2	900	C	G	31981	22187	43	1	1	29	3.12617e-05	31988	1	FALSE	ORF1ab:cds-YP_009724389.1	TCA	S	TGA	*	212
NC_045512.2	900	C	G	31981	22187	43	1	1	29	3.12617e-05	31988	1	FALSE	ORF1ab:cds-YP_009725295.1	TCA	S	TGA	*	212
NC_045512.2	900	C	A	31981	22187	43	2	2	37	6.25234e-05	31988	1	FALSE	ORF1ab:cds-YP_009724389.1	TCA	S	TAA	*	212
NC_045512.2	900	C	A	31981	22187	43	2	2	37	6.25234e-05	31988	1	FALSE	ORF1ab:cds-YP_009725295.1	TCA	S	TAA	*	212
NC_045512.2	901	A	T	31516	21755	42	1	1	37	3.17209e-05	31525	1	FALSE	ORF1ab:cds-YP_009724389.1	TCA	S	TCT	S	212
NC_045512.2	901	A	T	31516	21755	42	1	1	37	3.17209e-05	31525	1	FALSE	ORF1ab:cds-YP_009725295.1	TCA	S	TCT	S	212
NC_045512.2	901	A	G	31516	21755	42	6	4	36	0.000190325	31525	0.999996	FALSE	ORF1ab:cds-YP_009724389.1	TCA	S	TCG	S	212
NC_045512.2	901	A	G	31516	21755	42	6	4	36	0.000190325	31525	0.999996	FALSE	ORF1ab:cds-YP_009725295.1	TCA	S	TCG	S	212
NC_045512.2	901	A	C	31516	21755	42	2	2	33	6.34417e-05	31525	1	FALSE	ORF1ab:cds-YP_009724389.1	TCA	S	TCC	S	212
NC_045512.2	901	A	C	31516	21755	42	2	2	33	6.34417e-05	31525	1	FALSE	ORF1ab:cds-YP_009725295.1	TCA	S	TCC	S	212
NC_045512.2	902	T	G	31644	22000	42	1	1	25	3.15956e-05	31650	1	FALSE	ORF1ab:cds-YP_009724389.1	TGC	C	GGC	G	213
NC_045512.2	902	T	G	31644	22000	42	1	1	25	3.15956e-05	31650	1	FALSE	ORF1ab:cds-YP_009725295.1	TGC	C	GGC	G	213
NC_045512.2	902	T	C	31644	22000	42	5	4	44	0.000157978	31650	0.363273	FALSE	ORF1ab:cds-YP_009724389.1	TGC	C	CGC	R	213
NC_045512.2	902	T	C	31644	22000	42	5	4	44	0.000157978	31650	0.363273	FALSE	ORF1ab:cds-YP_009725295.1	TGC	C	CGC	R	213
NC_045512.2	903	G	T	31893	22299	43	12	9	43	0.000375869	31926	0.0175156	FALSE	ORF1ab:cds-YP_009724389.1	TGC	C	TTC	F	213
NC_045512.2	903	G	T	31893	22299	43	12	9	43	0.000375869	31926	0.0175156	FALSE	ORF1ab:cds-YP_009725295.1	TGC	C	TTC	F	213
NC_045512.2	903	G	C	31893	22299	43	2	0	36	6.26449e-05	31926	1	FALSE	ORF1ab:cds-YP_009724389.1	TGC	C	TCC	S	213
NC_045512.2	903	G	C	31893	22299	43	2	0	36	6.26449e-05	31926	1	FALSE	ORF1ab:cds-YP_009725295.1	TGC	C	TCC	S	213
NC_045512.2	903	G	A	31893	22299	43	19	11	42	0.000595126	31926	0.000425488	TRUE	ORF1ab:cds-YP_009724389.1	TGC	C	TAC	Y	213
NC_045512.2	903	G	A	31893	22299	43	19	11	42	0.000595126	31926	0.000425488	TRUE	ORF1ab:cds-YP_009725295.1	TGC	C	TAC	Y	213
NC_045512.2	904	C	T	32631	23749	43	33	24	44	0.00101029	32664	1.129e-07	TRUE	ORF1ab:cds-YP_009724389.1	TGC	C	TGT	C	213
NC_045512.2	904	C	T	32631	23749	43	33	24	44	0.00101029	32664	1.129e-07	TRUE	ORF1ab:cds-YP_009725295.1	TGC	C	TGT	C	213
NC_045512.2	905	A	T	31910	23166	43	3	1	33	9.39761e-05	31923	1	FALSE	ORF1ab:cds-YP_009724389.1	ACT	T	TCT	S	214
NC_045512.2	905	A	T	31910	23166	43	3	1	33	9.39761e-05	31923	1	FALSE	ORF1ab:cds-YP_009725295.1	ACT	T	TCT	S	214
NC_045512.2	905	A	G	31910	23166	43	4	3	55	0.000125302	31923	0.0624628	FALSE	ORF1ab:cds-YP_009724389.1	ACT	T	GCT	A	214
NC_045512.2	905	A	G	31910	23166	43	4	3	55	0.000125302	31923	0.0624628	FALSE	ORF1ab:cds-YP_009725295.1	ACT	T	GCT	A	214
NC_045512.2	905	A	C	31910	23166	43	6	0	37	0.000187952	31923	0.999996	FALSE	ORF1ab:cds-YP_009724389.1	ACT	T	CCT	P	214
NC_045512.2	905	A	C	31910	23166	43	6	0	37	0.000187952	31923	0.999996	FALSE	ORF1ab:cds-YP_009725295.1	ACT	T	CCT	P	214
NC_045512.2	906	C	T	31109	24234	41	2	1	37	6.42818e-05	31113	1	FALSE	ORF1ab:cds-YP_009724389.1	ACT	T	ATT	I	214
NC_045512.2	906	C	T	31109	24234	41	2	1	37	6.42818e-05	31113	1	FALSE	ORF1ab:cds-YP_009725295.1	ACT	T	ATT	I	214
NC_045512.2	906	C	A	31109	24234	41	2	2	37	6.42818e-05	31113	1	FALSE	ORF1ab:cds-YP_009724389.1	ACT	T	AAT	N	214
NC_045512.2	906	C	A	31109	24234	41	2	2	37	6.42818e-05	31113	1	FALSE	ORF1ab:cds-YP_009725295.1	ACT	T	AAT	N	214
NC_045512.2	907	T	G	30632	23874	41	1	1	37	3.26413e-05	30636	1	FALSE	ORF1ab:cds-YP_009724389.1	ACT	T	ACG	T	214
NC_045512.2	907	T	G	30632	23874	41	1	1	37	3.26413e-05	30636	1	FALSE	ORF1ab:cds-YP_009725295.1	ACT	T	ACG	T	214
NC_045512.2	907	T	C	30632	23874	41	2	2	37	6.52827e-05	30636	1	FALSE	ORF1ab:cds-YP_009724389.1	ACT	T	ACC	T	214
NC_045512.2	907	T	C	30632	23874	41	2	2	37	6.52827e-05	30636	1	FALSE	ORF1ab:cds-YP_009725295.1	ACT	T	ACC	T	214
NC_045512.2	907	T	A	30632	23874	41	1	0	25	3.26413e-05	30636	1	FALSE	ORF1ab:cds-YP_009724389.1	ACT	T	ACA	T	214
NC_045512.2	907	T	A	30632	23874	41	1	0	25	3.26413e-05	30636	1	FALSE	ORF1ab:cds-YP_009725295.1	ACT	T	ACA	T	214
NC_045512.2	908	T	C	30626	23855	41	4	3	34	0.000130587	30631	1	FALSE	ORF1ab:cds-YP_009724389.1	TTG	L	CTG	L	215
NC_045512.2	908	T	C	30626	23855	41	4	3	34	0.000130587	30631	1	FALSE	ORF1ab:cds-YP_009725295.1	TTG	L	CTG	L	215
NC_045512.2	908	T	A	30626	23855	41	1	1	37	3.26467e-05	30631	1	FALSE	ORF1ab:cds-YP_009724389.1	TTG	L	ATG	M	215
NC_045512.2	908	T	A	30626	23855	41	1	1	37	3.26467e-05	30631	1	FALSE	ORF1ab:cds-YP_009725295.1	TTG	L	ATG	M	215
NC_045512.2	909	T	G	31176	24641	41	3	3	37	9.62094e-05	31182	1	FALSE	ORF1ab:cds-YP_009724389.1	TTG	L	TGG	W	215
NC_045512.2	909	T	G	31176	24641	41	3	3	37	9.62094e-05	31182	1	FALSE	ORF1ab:cds-YP_009725295.1	TTG	L	TGG	W	215
NC_045512.2	909	T	C	31176	24641	41	1	1	37	3.20698e-05	31182	1	FALSE	ORF1ab:cds-YP_009724389.1	TTG	L	TCG	S	215
NC_045512.2	909	T	C	31176	24641	41	1	1	37	3.20698e-05	31182	1	FALSE	ORF1ab:cds-YP_009725295.1	TTG	L	TCG	S	215
NC_045512.2	909	T	A	31176	24641	41	2	2	37	6.41396e-05	31182	1	FALSE	ORF1ab:cds-YP_009724389.1	TTG	L	TAG	*	215
NC_045512.2	909	T	A	31176	24641	41	2	2	37	6.41396e-05	31182	1	FALSE	ORF1ab:cds-YP_009725295.1	TTG	L	TAG	*	215
NC_045512.2	910	G	A	31420	24897	42	6	3	41	0.000190925	31426	0.253906	FALSE	ORF1ab:cds-YP_009724389.1	TTG	L	TTA	L	215
NC_045512.2	910	G	A	31420	24897	42	6	3	41	0.000190925	31426	0.253906	FALSE	ORF1ab:cds-YP_009725295.1	TTG	L	TTA	L	215
NC_045512.2	911	T	C	31376	24871	42	2	1	36	6.37389e-05	31378	1	FALSE	ORF1ab:cds-YP_009724389.1	TCC	S	CCC	P	216
NC_045512.2	911	T	C	31376	24871	42	2	1	36	6.37389e-05	31378	1	FALSE	ORF1ab:cds-YP_009725295.1	TCC	S	CCC	P	216
NC_045512.2	912	C	T	31240	24848	41	8	8	41	0.000255992	31251	0.11324	FALSE	ORF1ab:cds-YP_009724389.1	TCC	S	TTC	F	216
NC_045512.2	912	C	T	31240	24848	41	8	8	41	0.000255992	31251	0.11324	FALSE	ORF1ab:cds-YP_009725295.1	TCC	S	TTC	F	216
NC_045512.2	912	C	A	31240	24848	41	3	3	37	9.59969e-05	31251	1	FALSE	ORF1ab:cds-YP_009724389.1	TCC	S	TAC	Y	216
NC_045512.2	912	C	A	31240	24848	41	3	3	37	9.59969e-05	31251	1	FALSE	ORF1ab:cds-YP_009725295.1	TCC	S	TAC	Y	216
NC_045512.2	913	C	T	30854	24492	41	6	4	37	0.00019442	30861	0.999994	FALSE	ORF1ab:cds-YP_009724389.1	TCC	S	TCT	S	216
NC_045512.2	913	C	T	30854	24492	41	6	4	37	0.00019442	30861	0.999994	FALSE	ORF1ab:cds-YP_009725295.1	TCC	S	TCT	S	216
NC_045512.2	913	C	A	30854	24492	41	1	1	37	3.24034e-05	30861	1	FALSE	ORF1ab:cds-YP_009724389.1	TCC	S	TCA	S	216
NC_045512.2	913	C	A	30854	24492	41	1	1	37	3.24034e-05	30861	1	FALSE	ORF1ab:cds-YP_009725295.1	TCC	S	TCA	S	216
NC_045512.2	913	C	-G	30854	24492	41	1	0	20	3.24034e-05	30861	1	FALSE	NA	NA	NA	NA	NA	NA
NC_045512.2	914	G	T	31823	25871	42	1	0	37	3.1413e-05	31834	1	FALSE	ORF1ab:cds-YP_009724389.1	GAA	E	TAA	*	217
NC_045512.2	914	G	T	31823	25871	42	1	0	37	3.1413e-05	31834	1	FALSE	ORF1ab:cds-YP_009725295.1	GAA	E	TAA	*	217
NC_045512.2	914	G	C	31823	25871	42	2	2	55	6.28259e-05	31834	0.249925	FALSE	ORF1ab:cds-YP_009724389.1	GAA	E	CAA	Q	217
NC_045512.2	914	G	C	31823	25871	42	2	2	55	6.28259e-05	31834	0.249925	FALSE	ORF1ab:cds-YP_009725295.1	GAA	E	CAA	Q	217
NC_045512.2	914	G	A	31823	25871	42	8	7	46	0.000251304	31834	0.113231	FALSE	ORF1ab:cds-YP_009724389.1	GAA	E	AAA	K	217
NC_045512.2	914	G	A	31823	25871	42	8	7	46	0.000251304	31834	0.113231	FALSE	ORF1ab:cds-YP_009725295.1	GAA	E	AAA	K	217
NC_045512.2	915	A	T	31349	25392	42	2	2	31	6.37877e-05	31354	1	FALSE	ORF1ab:cds-YP_009724389.1	GAA	E	GTA	V	217
NC_045512.2	915	A	T	31349	25392	42	2	2	31	6.37877e-05	31354	1	FALSE	ORF1ab:cds-YP_009725295.1	GAA	E	GTA	V	217
NC_045512.2	915	A	G	31349	25392	42	2	2	37	6.37877e-05	31354	1	FALSE	ORF1ab:cds-YP_009724389.1	GAA	E	GGA	G	217
NC_045512.2	915	A	G	31349	25392	42	2	2	37	6.37877e-05	31354	1	FALSE	ORF1ab:cds-YP_009725295.1	GAA	E	GGA	G	217
NC_045512.2	915	A	C	31349	25392	42	1	1	25	3.18939e-05	31354	1	FALSE	ORF1ab:cds-YP_009724389.1	GAA	E	GCA	A	217
NC_045512.2	915	A	C	31349	25392	42	1	1	25	3.18939e-05	31354	1	FALSE	ORF1ab:cds-YP_009725295.1	GAA	E	GCA	A	217
NC_045512.2	916	A	G	31815	26300	42	18	17	38	0.000565451	31833	0.977854	FALSE	ORF1ab:cds-YP_009724389.1	GAA	E	GAG	E	217
NC_045512.2	916	A	G	31815	26300	42	18	17	38	0.000565451	31833	0.977854	FALSE	ORF1ab:cds-YP_009725295.1	GAA	E	GAG	E	217
NC_045512.2	917	C	T	32924	27298	42	3	2	49	9.11079e-05	32928	0.656257	FALSE	ORF1ab:cds-YP_009724389.1	CAA	Q	TAA	*	218
NC_045512.2	917	C	T	32924	27298	42	3	2	49	9.11079e-05	32928	0.656257	FALSE	ORF1ab:cds-YP_009725295.1	CAA	Q	TAA	*	218
NC_045512.2	917	C	A	32924	27298	42	1	0	37	3.03693e-05	32928	1	FALSE	ORF1ab:cds-YP_009724389.1	CAA	Q	AAA	K	218
NC_045512.2	917	C	A	32924	27298	42	1	0	37	3.03693e-05	32928	1	FALSE	ORF1ab:cds-YP_009725295.1	CAA	Q	AAA	K	218
NC_045512.2	917	C	-A	32924	27298	42	2	0	20	6.07386e-05	32928	1	FALSE	NA	NA	NA	NA	NA	NA
NC_045512.2	918	A	T	32644	27036	42	1	1	25	3.06297e-05	32648	1	FALSE	ORF1ab:cds-YP_009724389.1	CAA	Q	CTA	L	218
NC_045512.2	918	A	T	32644	27036	42	1	1	25	3.06297e-05	32648	1	FALSE	ORF1ab:cds-YP_009725295.1	CAA	Q	CTA	L	218
NC_045512.2	918	A	G	32644	27036	42	3	3	37	9.18892e-05	32648	1	FALSE	ORF1ab:cds-YP_009724389.1	CAA	Q	CGA	R	218
NC_045512.2	918	A	G	32644	27036	42	3	3	37	9.18892e-05	32648	1	FALSE	ORF1ab:cds-YP_009725295.1	CAA	Q	CGA	R	218
NC_045512.2	919	A	G	32058	26524	42	3	2	45	9.35687e-05	32062	0.656257	FALSE	ORF1ab:cds-YP_009724389.1	CAA	Q	CAG	Q	218
NC_045512.2	919	A	G	32058	26524	42	3	2	45	9.35687e-05	32062	0.656257	FALSE	ORF1ab:cds-YP_009725295.1	CAA	Q	CAG	Q	218
NC_045512.2	919	A	C	32058	26524	42	1	1	25	3.11896e-05	32062	1	FALSE	ORF1ab:cds-YP_009724389.1	CAA	Q	CAC	H	218
NC_045512.2	919	A	C	32058	26524	42	1	1	25	3.11896e-05	32062	1	FALSE	ORF1ab:cds-YP_009725295.1	CAA	Q	CAC	H	218
NC_045512.2	920	C	T	32798	27249	42	2	1	61	6.09719e-05	32802	0.249989	FALSE	ORF1ab:cds-YP_009724389.1	CTG	L	TTG	L	219
NC_045512.2	920	C	T	32798	27249	42	2	1	61	6.09719e-05	32802	0.249989	FALSE	ORF1ab:cds-YP_009725295.1	CTG	L	TTG	L	219
NC_045512.2	920	C	G	32798	27249	42	1	1	22	3.04859e-05	32802	1	FALSE	ORF1ab:cds-YP_009724389.1	CTG	L	GTG	V	219
NC_045512.2	920	C	G	32798	27249	42	1	1	22	3.04859e-05	32802	1	FALSE	ORF1ab:cds-YP_009725295.1	CTG	L	GTG	V	219
NC_045512.2	920	C	A	32798	27249	42	1	1	37	3.04859e-05	32802	1	FALSE	ORF1ab:cds-YP_009724389.1	CTG	L	ATG	M	219
NC_045512.2	920	C	A	32798	27249	42	1	1	37	3.04859e-05	32802	1	FALSE	ORF1ab:cds-YP_009725295.1	CTG	L	ATG	M	219
NC_045512.2	921	T	G	33427	28178	43	2	2	31	5.98158e-05	33436	1	FALSE	ORF1ab:cds-YP_009724389.1	CTG	L	CGG	R	219
NC_045512.2	921	T	G	33427	28178	43	2	2	31	5.98158e-05	33436	1	FALSE	ORF1ab:cds-YP_009725295.1	CTG	L	CGG	R	219
NC_045512.2	921	T	C	33427	28178	43	6	3	55	0.000179447	33436	0.0156187	FALSE	ORF1ab:cds-YP_009724389.1	CTG	L	CCG	P	219
NC_045512.2	921	T	C	33427	28178	43	6	3	55	0.000179447	33436	0.0156187	FALSE	ORF1ab:cds-YP_009725295.1	CTG	L	CCG	P	219
NC_045512.2	921	T	A	33427	28178	43	1	0	22	2.99079e-05	33436	1	FALSE	ORF1ab:cds-YP_009724389.1	CTG	L	CAG	Q	219
NC_045512.2	921	T	A	33427	28178	43	1	0	22	2.99079e-05	33436	1	FALSE	ORF1ab:cds-YP_009725295.1	CTG	L	CAG	Q	219
NC_045512.2	922	G	T	33274	28395	42	3	3	34	9.01415e-05	33281	1	FALSE	ORF1ab:cds-YP_009724389.1	CTG	L	CTT	L	219
NC_045512.2	922	G	T	33274	28395	42	3	3	34	9.01415e-05	33281	1	FALSE	ORF1ab:cds-YP_009725295.1	CTG	L	CTT	L	219
NC_045512.2	922	G	A	33274	28395	42	4	4	37	0.000120189	33281	1	FALSE	ORF1ab:cds-YP_009724389.1	CTG	L	CTA	L	219
NC_045512.2	922	G	A	33274	28395	42	4	4	37	0.000120189	33281	1	FALSE	ORF1ab:cds-YP_009725295.1	CTG	L	CTA	L	219
NC_045512.2	923	G	A	33457	28621	42	3	2	49	8.96593e-05	33460	0.656271	FALSE	ORF1ab:cds-YP_009724389.1	GAC	D	AAC	N	220
NC_045512.2	923	G	A	33457	28621	42	3	2	49	8.96593e-05	33460	0.656271	FALSE	ORF1ab:cds-YP_009725295.1	GAC	D	AAC	N	220
NC_045512.2	924	A	T	33416	28542	42	4	4	43	0.000119664	33427	0.499902	FALSE	ORF1ab:cds-YP_009724389.1	GAC	D	GTC	V	220
NC_045512.2	924	A	T	33416	28542	42	4	4	43	0.000119664	33427	0.499902	FALSE	ORF1ab:cds-YP_009725295.1	GAC	D	GTC	V	220
NC_045512.2	924	A	G	33416	28542	42	7	5	52	0.000209412	33427	0.00780759	TRUE	ORF1ab:cds-YP_009724389.1	GAC	D	GGC	G	220
NC_045512.2	924	A	G	33416	28542	42	7	5	52	0.000209412	33427	0.00780759	TRUE	ORF1ab:cds-YP_009725295.1	GAC	D	GGC	G	220
NC_045512.2	924	A	-C	33416	28542	42	1	0	20	2.99159e-05	33427	1	FALSE	NA	NA	NA	NA	NA	NA
NC_045512.2	925	C	T	33357	28547	42	1	1	37	2.99751e-05	33361	1	FALSE	ORF1ab:cds-YP_009724389.1	GAC	D	GAT	D	220
NC_045512.2	925	C	T	33357	28547	42	1	1	37	2.99751e-05	33361	1	FALSE	ORF1ab:cds-YP_009725295.1	GAC	D	GAT	D	220
NC_045512.2	925	C	G	33357	28547	42	1	0	74	2.99751e-05	33361	0.499978	FALSE	ORF1ab:cds-YP_009724389.1	GAC	D	GAG	E	220
NC_045512.2	925	C	G	33357	28547	42	1	0	74	2.99751e-05	33361	0.499978	FALSE	ORF1ab:cds-YP_009725295.1	GAC	D	GAG	E	220
NC_045512.2	925	C	A	33357	28547	42	2	2	31	5.99502e-05	33361	1	FALSE	ORF1ab:cds-YP_009724389.1	GAC	D	GAA	E	220
NC_045512.2	925	C	A	33357	28547	42	2	2	31	5.99502e-05	33361	1	FALSE	ORF1ab:cds-YP_009725295.1	GAC	D	GAA	E	220
NC_045512.2	925	C	-T	33357	28547	42	1	0	20	2.99742e-05	33362	1	FALSE	NA	NA	NA	NA	NA	NA
NC_045512.2	926	T	G	33382	28865	43	3	3	37	8.98473e-05	33390	1	FALSE	ORF1ab:cds-YP_009724389.1	TTT	F	GTT	V	221
NC_045512.2	926	T	G	33382	28865	43	3	3	37	8.98473e-05	33390	1	FALSE	ORF1ab:cds-YP_009725295.1	TTT	F	GTT	V	221
NC_045512.2	926	T	C	33382	28865	43	4	2	37	0.000119796	33390	1	FALSE	ORF1ab:cds-YP_009724389.1	TTT	F	CTT	L	221
NC_045512.2	926	T	C	33382	28865	43	4	2	37	0.000119796	33390	1	FALSE	ORF1ab:cds-YP_009725295.1	TTT	F	CTT	L	221
NC_045512.2	926	T	A	33382	28865	43	1	1	37	2.99491e-05	33390	1	FALSE	ORF1ab:cds-YP_009724389.1	TTT	F	ATT	I	221
NC_045512.2	926	T	A	33382	28865	43	1	1	37	2.99491e-05	33390	1	FALSE	ORF1ab:cds-YP_009725295.1	TTT	F	ATT	I	221
NC_045512.2	927	T	C	33365	28894	43	2	2	37	5.99323e-05	33371	1	FALSE	ORF1ab:cds-YP_009724389.1	TTT	F	TCT	S	221
NC_045512.2	927	T	C	33365	28894	43	2	2	37	5.99323e-05	33371	1	FALSE	ORF1ab:cds-YP_009725295.1	TTT	F	TCT	S	221
NC_045512.2	927	T	A	33365	28894	43	4	4	33	0.000119865	33371	1	FALSE	ORF1ab:cds-YP_009724389.1	TTT	F	TAT	Y	221
NC_045512.2	927	T	A	33365	28894	43	4	4	33	0.000119865	33371	1	FALSE	ORF1ab:cds-YP_009725295.1	TTT	F	TAT	Y	221
NC_045512.2	928	T	C	33299	28823	43	6	5	49	0.000180137	33308	0.253862	FALSE	ORF1ab:cds-YP_009724389.1	TTT	F	TTC	F	221
NC_045512.2	928	T	C	33299	28823	43	6	5	49	0.000180137	33308	0.253862	FALSE	ORF1ab:cds-YP_009725295.1	TTT	F	TTC	F	221
NC_045512.2	928	T	A	33299	28823	43	3	3	37	9.00685e-05	33308	1	FALSE	ORF1ab:cds-YP_009724389.1	TTT	F	TTA	L	221
NC_045512.2	928	T	A	33299	28823	43	3	3	37	9.00685e-05	33308	1	FALSE	ORF1ab:cds-YP_009725295.1	TTT	F	TTA	L	221
NC_045512.2	929	A	G	33050	28568	43	2	2	31	6.05089e-05	33053	1	FALSE	ORF1ab:cds-YP_009724389.1	ATT	I	GTT	V	222
NC_045512.2	929	A	G	33050	28568	43	2	2	31	6.05089e-05	33053	1	FALSE	ORF1ab:cds-YP_009725295.1	ATT	I	GTT	V	222
NC_045512.2	929	A	C	33050	28568	43	1	1	25	3.02544e-05	33053	1	FALSE	ORF1ab:cds-YP_009724389.1	ATT	I	CTT	L	222
NC_045512.2	929	A	C	33050	28568	43	1	1	25	3.02544e-05	33053	1	FALSE	ORF1ab:cds-YP_009725295.1	ATT	I	CTT	L	222
NC_045512.2	930	T	C	33159	28959	42	2	2	37	6.03118e-05	33161	1	FALSE	ORF1ab:cds-YP_009724389.1	ATT	I	ACT	T	222
NC_045512.2	930	T	C	33159	28959	42	2	2	37	6.03118e-05	33161	1	FALSE	ORF1ab:cds-YP_009725295.1	ATT	I	ACT	T	222
NC_045512.2	931	T	G	33077	29011	43	2	2	31	6.04485e-05	33086	1	FALSE	ORF1ab:cds-YP_009724389.1	ATT	I	ATG	M	222
NC_045512.2	931	T	G	33077	29011	43	2	2	31	6.04485e-05	33086	1	FALSE	ORF1ab:cds-YP_009725295.1	ATT	I	ATG	M	222
NC_045512.2	931	T	C	33077	29011	43	1	1	74	3.02243e-05	33086	0.499947	FALSE	ORF1ab:cds-YP_009724389.1	ATT	I	ATC	I	222
NC_045512.2	931	T	C	33077	29011	43	1	1	74	3.02243e-05	33086	0.499947	FALSE	ORF1ab:cds-YP_009725295.1	ATT	I	ATC	I	222
NC_045512.2	931	T	A	33077	29011	43	6	6	37	0.000181346	33086	0.999999	FALSE	ORF1ab:cds-YP_009724389.1	ATT	I	ATA	I	222
NC_045512.2	931	T	A	33077	29011	43	6	6	37	0.000181346	33086	0.999999	FALSE	ORF1ab:cds-YP_009725295.1	ATT	I	ATA	I	222
NC_045512.2	932	G	T	33474	29454	43	2	2	37	5.97389e-05	33479	1	FALSE	ORF1ab:cds-YP_009724389.1	GAC	D	TAC	Y	223
NC_045512.2	932	G	T	33474	29454	43	2	2	37	5.97389e-05	33479	1	FALSE	ORF1ab:cds-YP_009725295.1	GAC	D	TAC	Y	223
NC_045512.2	932	G	A	33474	29454	43	3	2	40	8.96084e-05	33479	0.656243	FALSE	ORF1ab:cds-YP_009724389.1	GAC	D	AAC	N	223
NC_045512.2	932	G	A	33474	29454	43	3	2	40	8.96084e-05	33479	0.656243	FALSE	ORF1ab:cds-YP_009725295.1	GAC	D	AAC	N	223
NC_045512.2	933	A	G	32842	29138	42	22	21	38	0.000669426	32864	0.933257	FALSE	ORF1ab:cds-YP_009724389.1	GAC	D	GGC	G	223
NC_045512.2	933	A	G	32842	29138	42	22	21	38	0.000669426	32864	0.933257	FALSE	ORF1ab:cds-YP_009725295.1	GAC	D	GGC	G	223
NC_045512.2	934	C	T	33976	30351	43	5	5	34	0.000147137	33982	1	FALSE	ORF1ab:cds-YP_009724389.1	GAC	D	GAT	D	223
NC_045512.2	934	C	T	33976	30351	43	5	5	34	0.000147137	33982	1	FALSE	ORF1ab:cds-YP_009725295.1	GAC	D	GAT	D	223
NC_045512.2	934	C	G	33976	30351	43	1	1	37	2.94273e-05	33982	1	FALSE	ORF1ab:cds-YP_009724389.1	GAC	D	GAG	E	223
NC_045512.2	934	C	G	33976	30351	43	1	1	37	2.94273e-05	33982	1	FALSE	ORF1ab:cds-YP_009725295.1	GAC	D	GAG	E	223
NC_045512.2	935	A	T	33245	29670	42	1	1	25	3.0077e-05	33248	1	FALSE	ORF1ab:cds-YP_009724389.1	ACT	T	TCT	S	224
NC_045512.2	935	A	T	33245	29670	42	1	1	25	3.0077e-05	33248	1	FALSE	ORF1ab:cds-YP_009725295.1	ACT	T	TCT	S	224
NC_045512.2	935	A	G	33245	29670	42	1	1	25	3.0077e-05	33248	1	FALSE	ORF1ab:cds-YP_009724389.1	ACT	T	GCT	A	224
NC_045512.2	935	A	G	33245	29670	42	1	1	25	3.0077e-05	33248	1	FALSE	ORF1ab:cds-YP_009725295.1	ACT	T	GCT	A	224
NC_045512.2	935	A	C	33245	29670	42	1	1	25	3.0077e-05	33248	1	FALSE	ORF1ab:cds-YP_009724389.1	ACT	T	CCT	P	224
NC_045512.2	935	A	C	33245	29670	42	1	1	25	3.0077e-05	33248	1	FALSE	ORF1ab:cds-YP_009725295.1	ACT	T	CCT	P	224
NC_045512.2	935	A	+G	33245	29670	42	5	0	20	0.000150385	33248	1	FALSE	NA	NA	NA	NA	NA	NA
NC_045512.2	936	C	T	33895	30483	43	1	1	37	2.9489e-05	33911	1	FALSE	ORF1ab:cds-YP_009724389.1	ACT	T	ATT	I	224
NC_045512.2	936	C	T	33895	30483	43	1	1	37	2.9489e-05	33911	1	FALSE	ORF1ab:cds-YP_009725295.1	ACT	T	ATT	I	224
NC_045512.2	936	C	G	33895	30483	43	15	15	34	0.000442334	33911	0.997251	FALSE	ORF1ab:cds-YP_009724389.1	ACT	T	AGT	S	224
NC_045512.2	936	C	G	33895	30483	43	15	15	34	0.000442334	33911	0.997251	FALSE	ORF1ab:cds-YP_009725295.1	ACT	T	AGT	S	224
NC_045512.2	937	T	C	33742	30343	42	5	4	49	0.000148161	33747	0.363289	FALSE	ORF1ab:cds-YP_009724389.1	ACT	T	ACC	T	224
NC_045512.2	937	T	C	33742	30343	42	5	4	49	0.000148161	33747	0.363289	FALSE	ORF1ab:cds-YP_009725295.1	ACT	T	ACC	T	224
NC_045512.2	938	A	T	33656	30252	42	2	2	31	5.94195e-05	33659	1	FALSE	ORF1ab:cds-YP_009724389.1	AAG	K	TAG	*	225
NC_045512.2	938	A	T	33656	30252	42	2	2	31	5.94195e-05	33659	1	FALSE	ORF1ab:cds-YP_009725295.1	AAG	K	TAG	*	225
NC_045512.2	938	A	G	33656	30252	42	1	0	74	2.97097e-05	33659	0.499993	FALSE	ORF1ab:cds-YP_009724389.1	AAG	K	GAG	E	225
NC_045512.2	938	A	G	33656	30252	42	1	0	74	2.97097e-05	33659	0.499993	FALSE	ORF1ab:cds-YP_009725295.1	AAG	K	GAG	E	225
NC_045512.2	939	A	T	33398	29988	42	1	1	37	2.99347e-05	33406	1	FALSE	ORF1ab:cds-YP_009724389.1	AAG	K	ATG	M	225
NC_045512.2	939	A	T	33398	29988	42	1	1	37	2.99347e-05	33406	1	FALSE	ORF1ab:cds-YP_009725295.1	AAG	K	ATG	M	225
NC_045512.2	939	A	G	33398	29988	42	6	5	49	0.000179608	33406	0.253877	FALSE	ORF1ab:cds-YP_009724389.1	AAG	K	AGG	R	225
NC_045512.2	939	A	G	33398	29988	42	6	5	49	0.000179608	33406	0.253877	FALSE	ORF1ab:cds-YP_009725295.1	AAG	K	AGG	R	225
NC_045512.2	939	A	C	33398	29988	42	1	1	37	2.99347e-05	33406	1	FALSE	ORF1ab:cds-YP_009724389.1	AAG	K	ACG	T	225
NC_045512.2	939	A	C	33398	29988	42	1	1	37	2.99347e-05	33406	1	FALSE	ORF1ab:cds-YP_009725295.1	AAG	K	ACG	T	225
NC_045512.2	940	G	T	33902	30527	43	1	1	37	2.9495e-05	33904	1	FALSE	ORF1ab:cds-YP_009724389.1	AAG	K	AAT	N	225
NC_045512.2	940	G	T	33902	30527	43	1	1	37	2.9495e-05	33904	1	FALSE	ORF1ab:cds-YP_009725295.1	AAG	K	AAT	N	225
NC_045512.2	940	G	A	33902	30527	43	1	1	25	2.9495e-05	33904	1	FALSE	ORF1ab:cds-YP_009724389.1	AAG	K	AAA	K	225
NC_045512.2	940	G	A	33902	30527	43	1	1	25	2.9495e-05	33904	1	FALSE	ORF1ab:cds-YP_009725295.1	AAG	K	AAA	K	225
NC_045512.2	941	A	T	33685	30480	42	1	1	37	2.96798e-05	33693	1	FALSE	ORF1ab:cds-YP_009724389.1	AGG	R	TGG	W	226
NC_045512.2	941	A	T	33685	30480	42	1	1	37	2.96798e-05	33693	1	FALSE	ORF1ab:cds-YP_009725295.1	AGG	R	TGG	W	226
NC_045512.2	941	A	G	33685	30480	42	6	5	45	0.000178079	33693	0.253877	FALSE	ORF1ab:cds-YP_009724389.1	AGG	R	GGG	G	226
NC_045512.2	941	A	G	33685	30480	42	6	5	45	0.000178079	33693	0.253877	FALSE	ORF1ab:cds-YP_009725295.1	AGG	R	GGG	G	226
NC_045512.2	941	A	C	33685	30480	42	1	1	37	2.96798e-05	33693	1	FALSE	ORF1ab:cds-YP_009724389.1	AGG	R	CGG	R	226
NC_045512.2	941	A	C	33685	30480	42	1	1	37	2.96798e-05	33693	1	FALSE	ORF1ab:cds-YP_009725295.1	AGG	R	CGG	R	226
NC_045512.2	941	A	-GG	33685	30480	42	1	0	20	2.96798e-05	33693	1	FALSE	NA	NA	NA	NA	NA	NA
NC_045512.2	941	A	-G	33685	30480	42	6	0	20	0.000178079	33693	1	FALSE	NA	NA	NA	NA	NA	NA
NC_045512.2	942	G	T	33729	30529	42	3	3	37	8.89337e-05	33733	1	FALSE	ORF1ab:cds-YP_009724389.1	AGG	R	ATG	M	226
NC_045512.2	942	G	T	33729	30529	42	3	3	37	8.89337e-05	33733	1	FALSE	ORF1ab:cds-YP_009725295.1	AGG	R	ATG	M	226
NC_045512.2	942	G	A	33729	30529	42	1	1	37	2.96446e-05	33733	1	FALSE	ORF1ab:cds-YP_009724389.1	AGG	R	AAG	K	226
NC_045512.2	942	G	A	33729	30529	42	1	1	37	2.96446e-05	33733	1	FALSE	ORF1ab:cds-YP_009725295.1	AGG	R	AAG	K	226
NC_045512.2	943	G	T	31816	28692	42	4	4	37	0.000125695	31823	1	FALSE	ORF1ab:cds-YP_009724389.1	AGG	R	AGT	S	226
NC_045512.2	943	G	T	31816	28692	42	4	4	37	0.000125695	31823	1	FALSE	ORF1ab:cds-YP_009725295.1	AGG	R	AGT	S	226
NC_045512.2	943	G	A	31816	28692	42	3	3	37	9.42714e-05	31823	1	FALSE	ORF1ab:cds-YP_009724389.1	AGG	R	AGA	R	226
NC_045512.2	943	G	A	31816	28692	42	3	3	37	9.42714e-05	31823	1	FALSE	ORF1ab:cds-YP_009725295.1	AGG	R	AGA	R	226
NC_045512.2	944	G	A	31656	28537	42	2	2	31	6.31752e-05	31658	1	FALSE	ORF1ab:cds-YP_009724389.1	GGT	G	AGT	S	227
NC_045512.2	944	G	A	31656	28537	42	2	2	31	6.31752e-05	31658	1	FALSE	ORF1ab:cds-YP_009725295.1	GGT	G	AGT	S	227
NC_045512.2	945	G	T	31679	28556	43	4	3	46	0.000126203	31695	0.49981	FALSE	ORF1ab:cds-YP_009724389.1	GGT	G	GTT	V	227
NC_045512.2	945	G	T	31679	28556	43	4	3	46	0.000126203	31695	0.49981	FALSE	ORF1ab:cds-YP_009725295.1	GGT	G	GTT	V	227
NC_045512.2	945	G	A	31679	28556	43	12	11	43	0.000378609	31695	0.0175597	FALSE	ORF1ab:cds-YP_009724389.1	GGT	G	GAT	D	227
NC_045512.2	945	G	A	31679	28556	43	12	11	43	0.000378609	31695	0.0175597	FALSE	ORF1ab:cds-YP_009725295.1	GGT	G	GAT	D	227
NC_045512.2	946	T	C	30917	27905	42	2	1	31	6.4681e-05	30921	1	FALSE	ORF1ab:cds-YP_009724389.1	GGT	G	GGC	G	227
NC_045512.2	946	T	C	30917	27905	42	2	1	31	6.4681e-05	30921	1	FALSE	ORF1ab:cds-YP_009725295.1	GGT	G	GGC	G	227
NC_045512.2	946	T	A	30917	27905	42	2	2	31	6.4681e-05	30921	1	FALSE	ORF1ab:cds-YP_009724389.1	GGT	G	GGA	G	227
NC_045512.2	946	T	A	30917	27905	42	2	2	31	6.4681e-05	30921	1	FALSE	ORF1ab:cds-YP_009725295.1	GGT	G	GGA	G	227
NC_045512.2	947	G	T	30837	27832	42	3	2	49	9.72353e-05	30853	0.656075	FALSE	ORF1ab:cds-YP_009724389.1	GTA	V	TTA	L	228
NC_045512.2	947	G	T	30837	27832	42	3	2	49	9.72353e-05	30853	0.656075	FALSE	ORF1ab:cds-YP_009725295.1	GTA	V	TTA	L	228
NC_045512.2	947	G	C	30837	27832	42	1	1	37	3.24118e-05	30853	1	FALSE	ORF1ab:cds-YP_009724389.1	GTA	V	CTA	L	228
NC_045512.2	947	G	C	30837	27832	42	1	1	37	3.24118e-05	30853	1	FALSE	ORF1ab:cds-YP_009725295.1	GTA	V	CTA	L	228
NC_045512.2	947	G	A	30837	27832	42	12	11	48	0.000388941	30853	0.0175592	FALSE	ORF1ab:cds-YP_009724389.1	GTA	V	ATA	I	228
NC_045512.2	947	G	A	30837	27832	42	12	11	48	0.000388941	30853	0.0175592	FALSE	ORF1ab:cds-YP_009725295.1	GTA	V	ATA	I	228
NC_045512.2	948	T	C	30872	28075	42	5	4	44	0.000161933	30877	0.36329	FALSE	ORF1ab:cds-YP_009724389.1	GTA	V	GCA	A	228
NC_045512.2	948	T	C	30872	28075	42	5	4	44	0.000161933	30877	0.36329	FALSE	ORF1ab:cds-YP_009725295.1	GTA	V	GCA	A	228
NC_045512.2	949	A	T	30415	27645	42	1	1	25	3.28699e-05	30423	1	FALSE	ORF1ab:cds-YP_009724389.1	GTA	V	GTT	V	228
NC_045512.2	949	A	T	30415	27645	42	1	1	25	3.28699e-05	30423	1	FALSE	ORF1ab:cds-YP_009725295.1	GTA	V	GTT	V	228
NC_045512.2	949	A	G	30415	27645	42	7	7	38	0.000230089	30423	0.999979	FALSE	ORF1ab:cds-YP_009724389.1	GTA	V	GTG	V	228
NC_045512.2	949	A	G	30415	27645	42	7	7	38	0.000230089	30423	0.999979	FALSE	ORF1ab:cds-YP_009725295.1	GTA	V	GTG	V	228
NC_045512.2	950	T	C	30388	27633	42	6	4	40	0.000197401	30395	0.25389	FALSE	ORF1ab:cds-YP_009724389.1	TAC	Y	CAC	H	229
NC_045512.2	950	T	C	30388	27633	42	6	4	40	0.000197401	30395	0.25389	FALSE	ORF1ab:cds-YP_009725295.1	TAC	Y	CAC	H	229
NC_045512.2	950	T	A	30388	27633	42	1	1	37	3.29001e-05	30395	1	FALSE	ORF1ab:cds-YP_009724389.1	TAC	Y	AAC	N	229
NC_045512.2	950	T	A	30388	27633	42	1	1	37	3.29001e-05	30395	1	FALSE	ORF1ab:cds-YP_009725295.1	TAC	Y	AAC	N	229
NC_045512.2	950	T	-A	30388	27633	42	2	0	20	6.58003e-05	30395	1	FALSE	NA	NA	NA	NA	NA	NA
NC_045512.2	951	A	T	29457	26750	42	2	2	31	6.78817e-05	29463	1	FALSE	ORF1ab:cds-YP_009724389.1	TAC	Y	TTC	F	229
NC_045512.2	951	A	T	29457	26750	42	2	2	31	6.78817e-05	29463	1	FALSE	ORF1ab:cds-YP_009725295.1	TAC	Y	TTC	F	229
NC_045512.2	951	A	G	29457	26750	42	4	4	37	0.000135763	29463	0.999999	FALSE	ORF1ab:cds-YP_009724389.1	TAC	Y	TGC	C	229
NC_045512.2	951	A	G	29457	26750	42	4	4	37	0.000135763	29463	0.999999	FALSE	ORF1ab:cds-YP_009725295.1	TAC	Y	TGC	C	229
NC_045512.2	952	C	T	29303	26614	42	17	17	37	0.00057969	29326	0.972973	FALSE	ORF1ab:cds-YP_009724389.1	TAC	Y	TAT	Y	229
NC_045512.2	952	C	T	29303	26614	42	17	17	37	0.00057969	29326	0.972973	FALSE	ORF1ab:cds-YP_009725295.1	TAC	Y	TAT	Y	229
NC_045512.2	952	C	G	29303	26614	42	3	3	37	0.000102298	29326	1	FALSE	ORF1ab:cds-YP_009724389.1	TAC	Y	TAG	*	229
NC_045512.2	952	C	G	29303	26614	42	3	3	37	0.000102298	29326	1	FALSE	ORF1ab:cds-YP_009725295.1	TAC	Y	TAG	*	229
NC_045512.2	952	C	A	29303	26614	42	3	3	37	0.000102298	29326	1	FALSE	ORF1ab:cds-YP_009724389.1	TAC	Y	TAA	*	229
NC_045512.2	952	C	A	29303	26614	42	3	3	37	0.000102298	29326	1	FALSE	ORF1ab:cds-YP_009725295.1	TAC	Y	TAA	*	229
NC_045512.2	953	T	C	21105	18907	43	20	2	37	0.000946746	21125	0.622444	FALSE	ORF1ab:cds-YP_009724389.1	TGC	C	CGC	R	230
NC_045512.2	953	T	C	21105	18907	43	20	2	37	0.000946746	21125	0.622444	FALSE	ORF1ab:cds-YP_009725295.1	TGC	C	CGC	R	230
NC_045512.2	954	G	T	20943	18826	43	1	1	37	4.77054e-05	20962	1	FALSE	ORF1ab:cds-YP_009724389.1	TGC	C	TTC	F	230
NC_045512.2	954	G	T	20943	18826	43	1	1	37	4.77054e-05	20962	1	FALSE	ORF1ab:cds-YP_009725295.1	TGC	C	TTC	F	230
NC_045512.2	954	G	C	20943	18826	43	1	0	37	4.77054e-05	20962	1	FALSE	ORF1ab:cds-YP_009724389.1	TGC	C	TCC	S	230
NC_045512.2	954	G	C	20943	18826	43	1	0	37	4.77054e-05	20962	1	FALSE	ORF1ab:cds-YP_009725295.1	TGC	C	TCC	S	230
NC_045512.2	954	G	A	20943	18826	43	17	16	44	0.000810991	20962	0.000363115	TRUE	ORF1ab:cds-YP_009724389.1	TGC	C	TAC	Y	230
NC_045512.2	954	G	A	20943	18826	43	17	16	44	0.000810991	20962	0.000363115	TRUE	ORF1ab:cds-YP_009725295.1	TGC	C	TAC	Y	230
NC_045512.2	955	C	T	20754	18867	42	11	9	45	0.000529738	20765	0.0112229	FALSE	ORF1ab:cds-YP_009724389.1	TGC	C	TGT	C	230
NC_045512.2	955	C	T	20754	18867	42	11	9	45	0.000529738	20765	0.0112229	FALSE	ORF1ab:cds-YP_009725295.1	TGC	C	TGT	C	230
NC_045512.2	956	T	C	18519	16739	42	7	4	35	0.000377847	18526	0.992702	FALSE	ORF1ab:cds-YP_009724389.1	TGC	C	CGC	R	231
NC_045512.2	956	T	C	18519	16739	42	7	4	35	0.000377847	18526	0.992702	FALSE	ORF1ab:cds-YP_009725295.1	TGC	C	CGC	R	231
NC_045512.2	957	G	T	18542	16783	42	1	1	37	5.39171e-05	18547	0.999998	FALSE	ORF1ab:cds-YP_009724389.1	TGC	C	TTC	F	231
NC_045512.2	957	G	T	18542	16783	42	1	1	37	5.39171e-05	18547	0.999998	FALSE	ORF1ab:cds-YP_009725295.1	TGC	C	TTC	F	231
NC_045512.2	957	G	A	18542	16783	42	4	4	37	0.000215668	18547	0.999574	FALSE	ORF1ab:cds-YP_009724389.1	TGC	C	TAC	Y	231
NC_045512.2	957	G	A	18542	16783	42	4	4	37	0.000215668	18547	0.999574	FALSE	ORF1ab:cds-YP_009725295.1	TGC	C	TAC	Y	231
NC_045512.2	958	C	T	18387	16823	41	14	13	39	0.000760828	18401	0.811603	FALSE	ORF1ab:cds-YP_009724389.1	TGC	C	TGT	C	231
NC_045512.2	958	C	T	18387	16823	41	14	13	39	0.000760828	18401	0.811603	FALSE	ORF1ab:cds-YP_009725295.1	TGC	C	TGT	C	231
NC_045512.2	959	C	T	18308	16737	41	6	6	41	0.000327582	18316	0.0624731	FALSE	ORF1ab:cds-YP_009724389.1	CGT	R	TGT	C	232
NC_045512.2	959	C	T	18308	16737	41	6	6	41	0.000327582	18316	0.0624731	FALSE	ORF1ab:cds-YP_009725295.1	CGT	R	TGT	C	232
NC_045512.2	959	C	A	18308	16737	41	2	2	37	0.000109194	18316	0.99998	FALSE	ORF1ab:cds-YP_009724389.1	CGT	R	AGT	S	232
NC_045512.2	959	C	A	18308	16737	41	2	2	37	0.000109194	18316	0.99998	FALSE	ORF1ab:cds-YP_009725295.1	CGT	R	AGT	S	232
NC_045512.2	960	G	A	18417	16854	42	24	21	43	0.00130145	18441	7.70024e-07	TRUE	ORF1ab:cds-YP_009724389.1	CGT	R	CAT	H	232
NC_045512.2	960	G	A	18417	16854	42	24	21	43	0.00130145	18441	7.70024e-07	TRUE	ORF1ab:cds-YP_009725295.1	CGT	R	CAT	H	232
NC_045512.2	961	T	C	17768	16226	42	1	1	37	5.62778e-05	17769	0.999996	FALSE	ORF1ab:cds-YP_009724389.1	CGT	R	CGC	R	232
NC_045512.2	961	T	C	17768	16226	42	1	1	37	5.62778e-05	17769	0.999996	FALSE	ORF1ab:cds-YP_009725295.1	CGT	R	CGC	R	232
NC_045512.2	962	G	T	17737	16188	42	1	1	25	5.63761e-05	17738	1	FALSE	ORF1ab:cds-YP_009724389.1	GAA	E	TAA	*	233
NC_045512.2	962	G	T	17737	16188	42	1	1	25	5.63761e-05	17738	1	FALSE	ORF1ab:cds-YP_009725295.1	GAA	E	TAA	*	233
NC_045512.2	963	A	G	17699	16176	42	3	3	33	0.000169472	17702	0.9998	FALSE	ORF1ab:cds-YP_009724389.1	GAA	E	GGA	G	233
NC_045512.2	963	A	G	17699	16176	42	3	3	33	0.000169472	17702	0.9998	FALSE	ORF1ab:cds-YP_009725295.1	GAA	E	GGA	G	233
NC_045512.2	964	A	T	17574	16098	41	1	1	74	5.68828e-05	17580	0.499943	FALSE	ORF1ab:cds-YP_009724389.1	GAA	E	GAT	D	233
NC_045512.2	964	A	T	17574	16098	41	1	1	74	5.68828e-05	17580	0.499943	FALSE	ORF1ab:cds-YP_009725295.1	GAA	E	GAT	D	233
NC_045512.2	964	A	G	17574	16098	41	4	4	46	0.000227531	17580	0.187464	FALSE	ORF1ab:cds-YP_009724389.1	GAA	E	GAG	E	233
NC_045512.2	964	A	G	17574	16098	41	4	4	46	0.000227531	17580	0.187464	FALSE	ORF1ab:cds-YP_009725295.1	GAA	E	GAG	E	233
NC_045512.2	964	A	C	17574	16098	41	1	1	37	5.68828e-05	17580	0.999996	FALSE	ORF1ab:cds-YP_009724389.1	GAA	E	GAC	D	233
NC_045512.2	964	A	C	17574	16098	41	1	1	37	5.68828e-05	17580	0.999996	FALSE	ORF1ab:cds-YP_009725295.1	GAA	E	GAC	D	233
NC_045512.2	965	C	T	17623	16239	41	1	1	37	5.67408e-05	17624	0.999996	FALSE	ORF1ab:cds-YP_009724389.1	CAT	H	TAT	Y	234
NC_045512.2	965	C	T	17623	16239	41	1	1	37	5.67408e-05	17624	0.999996	FALSE	ORF1ab:cds-YP_009725295.1	CAT	H	TAT	Y	234
NC_045512.2	967	T	C	17057	15863	40	5	5	41	0.000293032	17063	0.109354	FALSE	ORF1ab:cds-YP_009724389.1	CAT	H	CAC	H	234
NC_045512.2	967	T	C	17057	15863	40	5	5	41	0.000293032	17063	0.109354	FALSE	ORF1ab:cds-YP_009725295.1	CAT	H	CAC	H	234
NC_045512.2	967	T	A	17057	15863	40	1	1	37	5.86063e-05	17063	0.999996	FALSE	ORF1ab:cds-YP_009724389.1	CAT	H	CAA	Q	234
NC_045512.2	967	T	A	17057	15863	40	1	1	37	5.86063e-05	17063	0.999996	FALSE	ORF1ab:cds-YP_009725295.1	CAT	H	CAA	Q	234
NC_045512.2	968	G	T	17101	15991	40	1	1	74	5.84659e-05	17104	0.499985	FALSE	ORF1ab:cds-YP_009724389.1	GAG	E	TAG	*	235
NC_045512.2	968	G	T	17101	15991	40	1	1	74	5.84659e-05	17104	0.499985	FALSE	ORF1ab:cds-YP_009725295.1	GAG	E	TAG	*	235
NC_045512.2	968	G	A	17101	15991	40	2	1	37	0.000116932	17104	0.999962	FALSE	ORF1ab:cds-YP_009724389.1	GAG	E	AAG	K	235
NC_045512.2	968	G	A	17101	15991	40	2	1	37	0.000116932	17104	0.999962	FALSE	ORF1ab:cds-YP_009725295.1	GAG	E	AAG	K	235
NC_045512.2	969	A	G	16800	15687	40	3	3	33	0.00017854	16803	0.999637	FALSE	ORF1ab:cds-YP_009724389.1	GAG	E	GGG	G	235
NC_045512.2	969	A	G	16800	15687	40	3	3	33	0.00017854	16803	0.999637	FALSE	ORF1ab:cds-YP_009725295.1	GAG	E	GGG	G	235
NC_045512.2	970	G	A	16773	15667	40	10	10	38	0.000595841	16783	0.915787	FALSE	ORF1ab:cds-YP_009724389.1	GAG	E	GAA	E	235
NC_045512.2	970	G	A	16773	15667	40	10	10	38	0.000595841	16783	0.915787	FALSE	ORF1ab:cds-YP_009725295.1	GAG	E	GAA	E	235
NC_045512.2	971	C	T	16061	14949	40	2	2	37	0.000124502	16064	0.999928	FALSE	ORF1ab:cds-YP_009724389.1	CAT	H	TAT	Y	236
NC_045512.2	971	C	T	16061	14949	40	2	2	37	0.000124502	16064	0.999928	FALSE	ORF1ab:cds-YP_009725295.1	CAT	H	TAT	Y	236
NC_045512.2	971	C	A	16061	14949	40	1	0	74	6.2251e-05	16064	0.499984	FALSE	ORF1ab:cds-YP_009724389.1	CAT	H	AAT	N	236
NC_045512.2	971	C	A	16061	14949	40	1	0	74	6.2251e-05	16064	0.499984	FALSE	ORF1ab:cds-YP_009725295.1	CAT	H	AAT	N	236
NC_045512.2	973	T	C	16023	14955	40	2	2	31	0.000124797	16026	0.999928	FALSE	ORF1ab:cds-YP_009724389.1	CAT	H	CAC	H	236
NC_045512.2	973	T	C	16023	14955	40	2	2	31	0.000124797	16026	0.999928	FALSE	ORF1ab:cds-YP_009725295.1	CAT	H	CAC	H	236
NC_045512.2	973	T	A	16023	14955	40	1	1	25	6.23986e-05	16026	1	FALSE	ORF1ab:cds-YP_009724389.1	CAT	H	CAA	Q	236
NC_045512.2	973	T	A	16023	14955	40	1	1	25	6.23986e-05	16026	1	FALSE	ORF1ab:cds-YP_009725295.1	CAT	H	CAA	Q	236
NC_045512.2	974	G	T	15987	14937	40	1	1	25	6.25352e-05	15991	1	FALSE	ORF1ab:cds-YP_009724389.1	GAA	E	TAA	*	237
NC_045512.2	974	G	T	15987	14937	40	1	1	25	6.25352e-05	15991	1	FALSE	ORF1ab:cds-YP_009725295.1	GAA	E	TAA	*	237
NC_045512.2	974	G	C	15987	14937	40	1	0	37	6.25352e-05	15991	0.999985	FALSE	ORF1ab:cds-YP_009724389.1	GAA	E	CAA	Q	237
NC_045512.2	974	G	C	15987	14937	40	1	0	37	6.25352e-05	15991	0.999985	FALSE	ORF1ab:cds-YP_009725295.1	GAA	E	CAA	Q	237
NC_045512.2	974	G	A	15987	14937	40	2	2	37	0.00012507	15991	0.999863	FALSE	ORF1ab:cds-YP_009724389.1	GAA	E	AAA	K	237
NC_045512.2	974	G	A	15987	14937	40	2	2	37	0.00012507	15991	0.999863	FALSE	ORF1ab:cds-YP_009725295.1	GAA	E	AAA	K	237
NC_045512.2	975	A	G	15954	15016	40	2	2	31	0.000125337	15957	0.999863	FALSE	ORF1ab:cds-YP_009724389.1	GAA	E	GGA	G	237
NC_045512.2	975	A	G	15954	15016	40	2	2	31	0.000125337	15957	0.999863	FALSE	ORF1ab:cds-YP_009725295.1	GAA	E	GGA	G	237
NC_045512.2	975	A	C	15954	15016	40	1	1	37	6.26684e-05	15957	0.999985	FALSE	ORF1ab:cds-YP_009724389.1	GAA	E	GCA	A	237
NC_045512.2	975	A	C	15954	15016	40	1	1	37	6.26684e-05	15957	0.999985	FALSE	ORF1ab:cds-YP_009725295.1	GAA	E	GCA	A	237
NC_045512.2	976	A	T	15902	15036	39	4	4	28	0.000251446	15908	1	FALSE	ORF1ab:cds-YP_009724389.1	GAA	E	GAT	D	237
NC_045512.2	976	A	T	15902	15036	39	4	4	28	0.000251446	15908	1	FALSE	ORF1ab:cds-YP_009725295.1	GAA	E	GAT	D	237
NC_045512.2	976	A	G	15902	15036	39	2	2	37	0.000125723	15908	0.999863	FALSE	ORF1ab:cds-YP_009724389.1	GAA	E	GAG	E	237
NC_045512.2	976	A	G	15902	15036	39	2	2	37	0.000125723	15908	0.999863	FALSE	ORF1ab:cds-YP_009725295.1	GAA	E	GAG	E	237
NC_045512.2	977	A	T	15895	15054	39	1	1	25	6.29089e-05	15896	1	FALSE	ORF1ab:cds-YP_009724389.1	ATT	I	TTT	F	238
NC_045512.2	977	A	T	15895	15054	39	1	1	25	6.29089e-05	15896	1	FALSE	ORF1ab:cds-YP_009725295.1	ATT	I	TTT	F	238
NC_045512.2	978	T	G	15557	14732	38	1	1	25	6.42715e-05	15559	1	FALSE	ORF1ab:cds-YP_009724389.1	ATT	I	AGT	S	238
NC_045512.2	978	T	G	15557	14732	38	1	1	25	6.42715e-05	15559	1	FALSE	ORF1ab:cds-YP_009725295.1	ATT	I	AGT	S	238
NC_045512.2	978	T	C	15557	14732	38	1	1	37	6.42715e-05	15559	0.999985	FALSE	ORF1ab:cds-YP_009724389.1	ATT	I	ACT	T	238
NC_045512.2	978	T	C	15557	14732	38	1	1	37	6.42715e-05	15559	0.999985	FALSE	ORF1ab:cds-YP_009725295.1	ATT	I	ACT	T	238
NC_045512.2	980	G	T	15141	14314	39	1	1	37	6.59935e-05	15153	0.999985	FALSE	ORF1ab:cds-YP_009724389.1	GCT	A	TCT	S	239
NC_045512.2	980	G	T	15141	14314	39	1	1	37	6.59935e-05	15153	0.999985	FALSE	ORF1ab:cds-YP_009725295.1	GCT	A	TCT	S	239
NC_045512.2	980	G	A	15141	14314	39	11	10	40	0.000725929	15153	0.00316904	TRUE	ORF1ab:cds-YP_009724389.1	GCT	A	ACT	T	239
NC_045512.2	980	G	A	15141	14314	39	11	10	40	0.000725929	15153	0.00316904	TRUE	ORF1ab:cds-YP_009725295.1	GCT	A	ACT	T	239
NC_045512.2	981	C	T	14939	14140	39	20	19	37	0.00133663	14963	0.195466	FALSE	ORF1ab:cds-YP_009724389.1	GCT	A	GTT	V	239
NC_045512.2	981	C	T	14939	14140	39	20	19	37	0.00133663	14963	0.195466	FALSE	ORF1ab:cds-YP_009725295.1	GCT	A	GTT	V	239
NC_045512.2	981	C	G	14939	14140	39	2	2	31	0.000133663	14963	0.999739	FALSE	ORF1ab:cds-YP_009724389.1	GCT	A	GGT	G	239
NC_045512.2	981	C	G	14939	14140	39	2	2	31	0.000133663	14963	0.999739	FALSE	ORF1ab:cds-YP_009725295.1	GCT	A	GGT	G	239
NC_045512.2	981	C	A	14939	14140	39	2	2	37	0.000133663	14963	0.999739	FALSE	ORF1ab:cds-YP_009724389.1	GCT	A	GAT	D	239
NC_045512.2	981	C	A	14939	14140	39	2	2	37	0.000133663	14963	0.999739	FALSE	ORF1ab:cds-YP_009725295.1	GCT	A	GAT	D	239
NC_045512.2	982	T	C	15037	14246	39	1	1	25	6.64982e-05	15038	1	FALSE	ORF1ab:cds-YP_009724389.1	GCT	A	GCC	A	239
NC_045512.2	982	T	C	15037	14246	39	1	1	25	6.64982e-05	15038	1	FALSE	ORF1ab:cds-YP_009725295.1	GCT	A	GCC	A	239
NC_045512.2	983	T	C	15094	14295	39	1	1	37	6.62427e-05	15096	0.999985	FALSE	ORF1ab:cds-YP_009724389.1	TGG	W	CGG	R	240
NC_045512.2	983	T	C	15094	14295	39	1	1	37	6.62427e-05	15096	0.999985	FALSE	ORF1ab:cds-YP_009725295.1	TGG	W	CGG	R	240
NC_045512.2	983	T	A	15094	14295	39	1	1	37	6.62427e-05	15096	0.999985	FALSE	ORF1ab:cds-YP_009724389.1	TGG	W	AGG	R	240
NC_045512.2	983	T	A	15094	14295	39	1	1	37	6.62427e-05	15096	0.999985	FALSE	ORF1ab:cds-YP_009725295.1	TGG	W	AGG	R	240
NC_045512.2	984	G	T	14899	14099	39	1	1	37	6.71096e-05	14901	0.99997	FALSE	ORF1ab:cds-YP_009724389.1	TGG	W	TTG	L	240
NC_045512.2	984	G	T	14899	14099	39	1	1	37	6.71096e-05	14901	0.99997	FALSE	ORF1ab:cds-YP_009725295.1	TGG	W	TTG	L	240
NC_045512.2	984	G	A	14899	14099	39	1	1	37	6.71096e-05	14901	0.99997	FALSE	ORF1ab:cds-YP_009724389.1	TGG	W	TAG	*	240
NC_045512.2	984	G	A	14899	14099	39	1	1	37	6.71096e-05	14901	0.99997	FALSE	ORF1ab:cds-YP_009725295.1	TGG	W	TAG	*	240
NC_045512.2	985	G	A	14936	14151	39	1	1	37	6.69478e-05	14937	0.99997	FALSE	ORF1ab:cds-YP_009724389.1	TGG	W	TGA	*	240
NC_045512.2	985	G	A	14936	14151	39	1	1	37	6.69478e-05	14937	0.99997	FALSE	ORF1ab:cds-YP_009725295.1	TGG	W	TGA	*	240
NC_045512.2	986	T	G	14902	14119	39	1	1	25	6.70961e-05	14904	1	FALSE	ORF1ab:cds-YP_009724389.1	TAC	Y	GAC	D	241
NC_045512.2	986	T	G	14902	14119	39	1	1	25	6.70961e-05	14904	1	FALSE	ORF1ab:cds-YP_009725295.1	TAC	Y	GAC	D	241
NC_045512.2	986	T	C	14902	14119	39	1	1	37	6.70961e-05	14904	0.99997	FALSE	ORF1ab:cds-YP_009724389.1	TAC	Y	CAC	H	241
NC_045512.2	986	T	C	14902	14119	39	1	1	37	6.70961e-05	14904	0.99997	FALSE	ORF1ab:cds-YP_009725295.1	TAC	Y	CAC	H	241
NC_045512.2	987	A	G	14854	14085	39	1	1	37	6.73174e-05	14855	0.99997	FALSE	ORF1ab:cds-YP_009724389.1	TAC	Y	TGC	C	241
NC_045512.2	987	A	G	14854	14085	39	1	1	37	6.73174e-05	14855	0.99997	FALSE	ORF1ab:cds-YP_009725295.1	TAC	Y	TGC	C	241
NC_045512.2	988	C	T	14838	14071	39	6	6	37	0.000404204	14844	0.979346	FALSE	ORF1ab:cds-YP_009724389.1	TAC	Y	TAT	Y	241
NC_045512.2	988	C	T	14838	14071	39	6	6	37	0.000404204	14844	0.979346	FALSE	ORF1ab:cds-YP_009725295.1	TAC	Y	TAT	Y	241
NC_045512.2	989	A	G	14092	13348	39	2	2	55	0.000141894	14095	0.249991	FALSE	ORF1ab:cds-YP_009724389.1	ACG	T	GCG	A	242
NC_045512.2	989	A	G	14092	13348	39	2	2	55	0.000141894	14095	0.249991	FALSE	ORF1ab:cds-YP_009725295.1	ACG	T	GCG	A	242
NC_045512.2	989	A	C	14092	13348	39	1	0	37	7.09471e-05	14095	0.99997	FALSE	ORF1ab:cds-YP_009724389.1	ACG	T	CCG	P	242
NC_045512.2	989	A	C	14092	13348	39	1	0	37	7.09471e-05	14095	0.99997	FALSE	ORF1ab:cds-YP_009725295.1	ACG	T	CCG	P	242
NC_045512.2	990	C	T	14153	13421	39	10	10	37	0.000706015	14164	0.846375	FALSE	ORF1ab:cds-YP_009724389.1	ACG	T	ATG	M	242
NC_045512.2	990	C	T	14153	13421	39	10	10	37	0.000706015	14164	0.846375	FALSE	ORF1ab:cds-YP_009725295.1	ACG	T	ATG	M	242
NC_045512.2	990	C	A	14153	13421	39	1	1	37	7.06015e-05	14164	0.999969	FALSE	ORF1ab:cds-YP_009724389.1	ACG	T	AAG	K	242
NC_045512.2	990	C	A	14153	13421	39	1	1	37	7.06015e-05	14164	0.999969	FALSE	ORF1ab:cds-YP_009725295.1	ACG	T	AAG	K	242
NC_045512.2	991	G	T	14146	13713	38	3	3	49	0.000212014	14150	0.312487	FALSE	ORF1ab:cds-YP_009724389.1	ACG	T	ACT	T	242
NC_045512.2	991	G	T	14146	13713	38	3	3	49	0.000212014	14150	0.312487	FALSE	ORF1ab:cds-YP_009725295.1	ACG	T	ACT	T	242
NC_045512.2	991	G	A	14146	13713	38	1	1	37	7.06714e-05	14150	0.99997	FALSE	ORF1ab:cds-YP_009724389.1	ACG	T	ACA	T	242
NC_045512.2	991	G	A	14146	13713	38	1	1	37	7.06714e-05	14150	0.99997	FALSE	ORF1ab:cds-YP_009725295.1	ACG	T	ACA	T	242
NC_045512.2	992	G	T	14129	13699	38	1	0	37	7.07514e-05	14134	0.99997	FALSE	ORF1ab:cds-YP_009724389.1	GAA	E	TAA	*	243
NC_045512.2	992	G	T	14129	13699	38	1	0	37	7.07514e-05	14134	0.99997	FALSE	ORF1ab:cds-YP_009725295.1	GAA	E	TAA	*	243
NC_045512.2	992	G	A	14129	13699	38	4	4	37	0.000283006	14134	0.99624	FALSE	ORF1ab:cds-YP_009724389.1	GAA	E	AAA	K	243
NC_045512.2	992	G	A	14129	13699	38	4	4	37	0.000283006	14134	0.99624	FALSE	ORF1ab:cds-YP_009725295.1	GAA	E	AAA	K	243
NC_045512.2	993	A	G	13953	13523	38	2	2	37	0.000143318	13955	0.999513	FALSE	ORF1ab:cds-YP_009724389.1	GAA	E	GGA	G	243
NC_045512.2	993	A	G	13953	13523	38	2	2	37	0.000143318	13955	0.999513	FALSE	ORF1ab:cds-YP_009725295.1	GAA	E	GGA	G	243
NC_045512.2	994	A	T	12814	12409	38	1	1	37	7.80336e-05	12815	0.999878	FALSE	ORF1ab:cds-YP_009724389.1	GAA	E	GAT	D	243
NC_045512.2	994	A	T	12814	12409	38	1	1	37	7.80336e-05	12815	0.999878	FALSE	ORF1ab:cds-YP_009725295.1	GAA	E	GAT	D	243
NC_045512.2	995	C	T	12644	12234	38	6	6	43	0.000474308	12650	0.062487	FALSE	ORF1ab:cds-YP_009724389.1	CGT	R	TGT	C	244
NC_045512.2	995	C	T	12644	12234	38	6	6	43	0.000474308	12650	0.062487	FALSE	ORF1ab:cds-YP_009725295.1	CGT	R	TGT	C	244
NC_045512.2	996	G	T	12293	11901	38	4	2	33	0.000324254	12336	0.989213	FALSE	ORF1ab:cds-YP_009724389.1	CGT	R	CTT	L	244
NC_045512.2	996	G	T	12293	11901	38	4	2	33	0.000324254	12336	0.989213	FALSE	ORF1ab:cds-YP_009725295.1	CGT	R	CTT	L	244
NC_045512.2	996	G	C	12293	11901	38	38	37	37	0.00308042	12336	0.00015021	TRUE	ORF1ab:cds-YP_009724389.1	CGT	R	CCT	P	244
NC_045512.2	996	G	C	12293	11901	38	38	37	37	0.00308042	12336	0.00015021	TRUE	ORF1ab:cds-YP_009725295.1	CGT	R	CCT	P	244
NC_045512.2	996	G	A	12293	11901	38	1	1	25	8.10636e-05	12336	1	FALSE	ORF1ab:cds-YP_009724389.1	CGT	R	CAT	H	244
NC_045512.2	996	G	A	12293	11901	38	1	1	25	8.10636e-05	12336	1	FALSE	ORF1ab:cds-YP_009725295.1	CGT	R	CAT	H	244
NC_045512.2	997	T	A	12220	11923	38	1	1	37	8.18264e-05	12221	0.999878	FALSE	ORF1ab:cds-YP_009724389.1	CGT	R	CGA	R	244
NC_045512.2	997	T	A	12220	11923	38	1	1	37	8.18264e-05	12221	0.999878	FALSE	ORF1ab:cds-YP_009725295.1	CGT	R	CGA	R	244
NC_045512.2	998	T	C	12132	11866	37	2	1	37	0.000164813	12135	0.999087	FALSE	ORF1ab:cds-YP_009724389.1	TCT	S	CCT	P	245
NC_045512.2	998	T	C	12132	11866	37	2	1	37	0.000164813	12135	0.999087	FALSE	ORF1ab:cds-YP_009725295.1	TCT	S	CCT	P	245
NC_045512.2	998	T	A	12132	11866	37	1	1	37	8.24063e-05	12135	0.999878	FALSE	ORF1ab:cds-YP_009724389.1	TCT	S	ACT	T	245
NC_045512.2	998	T	A	12132	11866	37	1	1	37	8.24063e-05	12135	0.999878	FALSE	ORF1ab:cds-YP_009725295.1	TCT	S	ACT	T	245
NC_045512.2	999	C	T	12066	11828	37	1	1	37	8.28638e-05	12068	0.999878	FALSE	ORF1ab:cds-YP_009724389.1	TCT	S	TTT	F	245
NC_045512.2	999	C	T	12066	11828	37	1	1	37	8.28638e-05	12068	0.999878	FALSE	ORF1ab:cds-YP_009725295.1	TCT	S	TTT	F	245
NC_045512.2	999	C	A	12066	11828	37	1	1	37	8.28638e-05	12068	0.999878	FALSE	ORF1ab:cds-YP_009724389.1	TCT	S	TAT	Y	245
NC_045512.2	999	C	A	12066	11828	37	1	1	37	8.28638e-05	12068	0.999878	FALSE	ORF1ab:cds-YP_009725295.1	TCT	S	TAT	Y	245
NC_045512.2	1000	T	C	12042	11706	37	6	6	37	0.000498008	12048	0.951953	FALSE	ORF1ab:cds-YP_009724389.1	TCT	S	TCC	S	245
NC_045512.2	1000	T	C	12042	11706	37	6	6	37	0.000498008	12048	0.951953	FALSE	ORF1ab:cds-YP_009725295.1	TCT	S	TCC	S	245
NC_045512.2	1001	G	C	12086	11735	37	5	5	37	0.000413462	12093	0.975508	FALSE	ORF1ab:cds-YP_009724389.1	GAA	E	CAA	Q	246
NC_045512.2	1001	G	C	12086	11735	37	5	5	37	0.000413462	12093	0.975508	FALSE	ORF1ab:cds-YP_009725295.1	GAA	E	CAA	Q	246
NC_045512.2	1001	G	A	12086	11735	37	2	2	37	0.000165385	12093	0.999085	FALSE	ORF1ab:cds-YP_009724389.1	GAA	E	AAA	K	246
NC_045512.2	1001	G	A	12086	11735	37	2	2	37	0.000165385	12093	0.999085	FALSE	ORF1ab:cds-YP_009725295.1	GAA	E	AAA	K	246
NC_045512.2	1003	A	G	11885	11539	37	1	0	74	8.41326e-05	11886	0.500021	FALSE	ORF1ab:cds-YP_009724389.1	GAA	E	GAG	E	246
NC_045512.2	1003	A	G	11885	11539	37	1	0	74	8.41326e-05	11886	0.500021	FALSE	ORF1ab:cds-YP_009725295.1	GAA	E	GAG	E	246
NC_045512.2	1004	A	G	11722	11371	37	2	2	37	0.000170576	11725	0.998295	FALSE	ORF1ab:cds-YP_009724389.1	AAG	K	GAG	E	247
NC_045512.2	1004	A	G	11722	11371	37	2	2	37	0.000170576	11725	0.998295	FALSE	ORF1ab:cds-YP_009725295.1	AAG	K	GAG	E	247
NC_045512.2	1004	A	C	11722	11371	37	1	1	37	8.52878e-05	11725	0.999756	FALSE	ORF1ab:cds-YP_009724389.1	AAG	K	CAG	Q	247
NC_045512.2	1004	A	C	11722	11371	37	1	1	37	8.52878e-05	11725	0.999756	FALSE	ORF1ab:cds-YP_009725295.1	AAG	K	CAG	Q	247
NC_045512.2	1005	A	C	10173	9860	37	1	1	37	9.82898e-05	10174	0.999513	FALSE	ORF1ab:cds-YP_009724389.1	AAG	K	ACG	T	247
NC_045512.2	1005	A	C	10173	9860	37	1	1	37	9.82898e-05	10174	0.999513	FALSE	ORF1ab:cds-YP_009725295.1	AAG	K	ACG	T	247
NC_045512.2	1007	A	G	10091	9761	37	3	3	37	0.000297177	10095	0.98879	FALSE	ORF1ab:cds-YP_009724389.1	AGC	S	GGC	G	248
NC_045512.2	1007	A	G	10091	9761	37	3	3	37	0.000297177	10095	0.98879	FALSE	ORF1ab:cds-YP_009725295.1	AGC	S	GGC	G	248
NC_045512.2	1007	A	C	10091	9761	37	1	1	37	9.90589e-05	10095	0.999513	FALSE	ORF1ab:cds-YP_009724389.1	AGC	S	CGC	R	248
NC_045512.2	1007	A	C	10091	9761	37	1	1	37	9.90589e-05	10095	0.999513	FALSE	ORF1ab:cds-YP_009725295.1	AGC	S	CGC	R	248
NC_045512.2	1008	G	T	10098	9758	37	1	1	37	9.89903e-05	10102	0.999513	FALSE	ORF1ab:cds-YP_009724389.1	AGC	S	ATC	I	248
NC_045512.2	1008	G	T	10098	9758	37	1	1	37	9.89903e-05	10102	0.999513	FALSE	ORF1ab:cds-YP_009725295.1	AGC	S	ATC	I	248
NC_045512.2	1008	G	C	10098	9758	37	1	1	37	9.89903e-05	10102	0.999513	FALSE	ORF1ab:cds-YP_009724389.1	AGC	S	ACC	T	248
NC_045512.2	1008	G	C	10098	9758	37	1	1	37	9.89903e-05	10102	0.999513	FALSE	ORF1ab:cds-YP_009725295.1	AGC	S	ACC	T	248
NC_045512.2	1008	G	A	10098	9758	37	2	2	37	0.000197981	10102	0.996832	FALSE	ORF1ab:cds-YP_009724389.1	AGC	S	AAC	N	248
NC_045512.2	1008	G	A	10098	9758	37	2	2	37	0.000197981	10102	0.996832	FALSE	ORF1ab:cds-YP_009725295.1	AGC	S	AAC	N	248
NC_045512.2	1009	C	T	9977	9637	37	10	10	37	0.0010012	9988	0.5	FALSE	ORF1ab:cds-YP_009724389.1	AGC	S	AGT	S	248
NC_045512.2	1009	C	T	9977	9637	37	10	10	37	0.0010012	9988	0.5	FALSE	ORF1ab:cds-YP_009725295.1	AGC	S	AGT	S	248
NC_045512.2	1009	C	A	9977	9637	37	1	1	37	0.00010012	9988	0.999021	FALSE	ORF1ab:cds-YP_009724389.1	AGC	S	AGA	R	248
NC_045512.2	1009	C	A	9977	9637	37	1	1	37	0.00010012	9988	0.999021	FALSE	ORF1ab:cds-YP_009725295.1	AGC	S	AGA	R	248
NC_045512.2	1010	T	G	8835	8504	37	1	1	37	0.000113122	8840	0.998048	FALSE	ORF1ab:cds-YP_009724389.1	TAT	Y	GAT	D	249
NC_045512.2	1010	T	G	8835	8504	37	1	1	37	0.000113122	8840	0.998048	FALSE	ORF1ab:cds-YP_009725295.1	TAT	Y	GAT	D	249
NC_045512.2	1010	T	C	8835	8504	37	4	1	37	0.000452489	8840	0.92707	FALSE	ORF1ab:cds-YP_009724389.1	TAT	Y	CAT	H	249
NC_045512.2	1010	T	C	8835	8504	37	4	1	37	0.000452489	8840	0.92707	FALSE	ORF1ab:cds-YP_009725295.1	TAT	Y	CAT	H	249
NC_045512.2	1011	A	T	8790	8469	37	1	1	37	0.000113753	8791	0.998052	FALSE	ORF1ab:cds-YP_009724389.1	TAT	Y	TTT	F	249
NC_045512.2	1011	A	T	8790	8469	37	1	1	37	0.000113753	8791	0.998052	FALSE	ORF1ab:cds-YP_009725295.1	TAT	Y	TTT	F	249
NC_045512.2	1013	G	T	8777	8449	37	1	1	37	0.000113908	8779	0.998051	FALSE	ORF1ab:cds-YP_009724389.1	GAA	E	TAA	*	250
NC_045512.2	1013	G	T	8777	8449	37	1	1	37	0.000113908	8779	0.998051	FALSE	ORF1ab:cds-YP_009725295.1	GAA	E	TAA	*	250
NC_045512.2	1013	G	C	8777	8449	37	1	1	25	0.000113908	8779	1	FALSE	ORF1ab:cds-YP_009724389.1	GAA	E	CAA	Q	250
NC_045512.2	1013	G	C	8777	8449	37	1	1	25	0.000113908	8779	1	FALSE	ORF1ab:cds-YP_009725295.1	GAA	E	CAA	Q	250
NC_045512.2	1014	A	G	8706	8381	37	1	1	37	0.00011485	8707	0.998052	FALSE	ORF1ab:cds-YP_009724389.1	GAA	E	GGA	G	250
NC_045512.2	1014	A	G	8706	8381	37	1	1	37	0.00011485	8707	0.998052	FALSE	ORF1ab:cds-YP_009725295.1	GAA	E	GGA	G	250
NC_045512.2	1053	T	A	203	21	42	1	0	22	0.00490196	204	0.87684	FALSE	ORF1ab:cds-YP_009724389.1	TTT	F	TAT	Y	263
NC_045512.2	1053	T	A	203	21	42	1	0	22	0.00490196	204	0.87684	FALSE	ORF1ab:cds-YP_009725295.1	TTT	F	TAT	Y	263
NC_045512.2	1072	A	C	218	29	41	1	0	25	0.00456621	219	0.876714	FALSE	ORF1ab:cds-YP_009724389.1	GAA	E	GAC	D	269
NC_045512.2	1072	A	C	218	29	41	1	0	25	0.00456621	219	0.876714	FALSE	ORF1ab:cds-YP_009725295.1	GAA	E	GAC	D	269
NC_045512.2	1074	G	A	253	29	44	1	0	74	0.00393701	254	0.500986	FALSE	ORF1ab:cds-YP_009724389.1	TGT	C	TAT	Y	270
NC_045512.2	1074	G	A	253	29	44	1	0	74	0.00393701	254	0.500986	FALSE	ORF1ab:cds-YP_009725295.1	TGT	C	TAT	Y	270
NC_045512.2	1075	T	C	252	29	44	1	0	37	0.00395257	253	0.50099	FALSE	ORF1ab:cds-YP_009724389.1	TGT	C	TGC	C	270
NC_045512.2	1075	T	C	252	29	44	1	0	37	0.00395257	253	0.50099	FALSE	ORF1ab:cds-YP_009725295.1	TGT	C	TGC	C	270
NC_045512.2	1131	A	G	229	104	40	1	0	37	0.00434783	230	0.501089	FALSE	ORF1ab:cds-YP_009724389.1	GAA	E	GGA	G	289
NC_045512.2	1131	A	G	229	104	40	1	0	37	0.00434783	230	0.501089	FALSE	ORF1ab:cds-YP_009725295.1	GAA	E	GGA	G	289
NC_045512.2	1140	A	G	247	128	41	1	1	37	0.00403226	248	0.50101	FALSE	ORF1ab:cds-YP_009724389.1	AAG	K	AGG	R	292
NC_045512.2	1140	A	G	247	128	41	1	1	37	0.00403226	248	0.50101	FALSE	ORF1ab:cds-YP_009725295.1	AAG	K	AGG	R	292
NC_045512.2	1167	G	A	256	153	40	1	0	37	0.00389105	257	0.500975	FALSE	ORF1ab:cds-YP_009724389.1	CGA	R	CAA	Q	301
NC_045512.2	1167	G	A	256	153	40	1	0	37	0.00389105	257	0.500975	FALSE	ORF1ab:cds-YP_009725295.1	CGA	R	CAA	Q	301
NC_045512.2	1169	T	+C	258	155	40	1	0	20	0.00387597	258	0.877173	FALSE	NA	NA	NA	NA	NA	NA
NC_045512.2	1171	T	A	250	146	39	1	0	25	0.00398406	251	0.876496	FALSE	ORF1ab:cds-YP_009724389.1	TCT	S	TCA	S	302
NC_045512.2	1171	T	A	250	146	39	1	0	25	0.00398406	251	0.876496	FALSE	ORF1ab:cds-YP_009725295.1	TCT	S	TCA	S	302
NC_045512.2	1172	G	C	269	150	40	1	1	37	0.0037037	270	0.500928	FALSE	ORF1ab:cds-YP_009724389.1	GTC	V	CTC	L	303
NC_045512.2	1172	G	C	269	150	40	1	1	37	0.0037037	270	0.500928	FALSE	ORF1ab:cds-YP_009725295.1	GTC	V	CTC	L	303
NC_045512.2	1182	T	C	254	132	39	1	0	37	0.00392157	255	0.500982	FALSE	ORF1ab:cds-YP_009724389.1	GTT	V	GCT	A	306
NC_045512.2	1182	T	C	254	132	39	1	0	37	0.00392157	255	0.500982	FALSE	ORF1ab:cds-YP_009725295.1	GTT	V	GCT	A	306
NC_045512.2	1216	T	A	221	136	39	1	0	25	0.0045045	222	0.876691	FALSE	ORF1ab:cds-YP_009724389.1	CTT	L	CTA	L	317
NC_045512.2	1216	T	A	221	136	39	1	0	25	0.0045045	222	0.876691	FALSE	ORF1ab:cds-YP_009725295.1	CTT	L	CTA	L	317
NC_045512.2	1219	A	G	221	138	39	2	1	55	0.00896861	223	0.250562	FALSE	ORF1ab:cds-YP_009724389.1	TCA	S	TCG	S	318
NC_045512.2	1219	A	G	221	138	39	2	1	55	0.00896861	223	0.250562	FALSE	ORF1ab:cds-YP_009725295.1	TCA	S	TCG	S	318
NC_045512.2	1222	T	C	220	142	39	1	0	37	0.00452489	221	0.501134	FALSE	ORF1ab:cds-YP_009724389.1	ACT	T	ACC	T	319
NC_045512.2	1222	T	C	220	142	39	1	0	37	0.00452489	221	0.501134	FALSE	ORF1ab:cds-YP_009725295.1	ACT	T	ACC	T	319
NC_045512.2	1226	A	G	228	133	38	1	1	37	0.00436681	229	0.501094	FALSE	ORF1ab:cds-YP_009724389.1	ATG	M	GTG	V	321
NC_045512.2	1226	A	G	228	133	38	1	1	37	0.00436681	229	0.501094	FALSE	ORF1ab:cds-YP_009725295.1	ATG	M	GTG	V	321
NC_045512.2	1248	A	G	217	147	44	1	1	37	0.00458716	218	0.501149	FALSE	ORF1ab:cds-YP_009724389.1	GAA	E	GGA	G	328
NC_045512.2	1248	A	G	217	147	44	1	1	37	0.00458716	218	0.501149	FALSE	ORF1ab:cds-YP_009725295.1	GAA	E	GGA	G	328
NC_045512.2	1252	T	C	207	140	43	1	1	20	0.00480769	208	0.876805	FALSE	ORF1ab:cds-YP_009724389.1	ACT	T	ACC	T	329
NC_045512.2	1252	T	C	207	140	43	1	1	20	0.00480769	208	0.876805	FALSE	ORF1ab:cds-YP_009725295.1	ACT	T	ACC	T	329
NC_045512.2	1258	G	A	236	195	48	1	0	74	0.00421941	237	0.501057	FALSE	ORF1ab:cds-YP_009724389.1	TGG	W	TGA	*	331
NC_045512.2	1258	G	A	236	195	48	1	0	74	0.00421941	237	0.501057	FALSE	ORF1ab:cds-YP_009725295.1	TGG	W	TGA	*	331
NC_045512.2	1287	G	A	207	182	43	1	1	37	0.00480769	208	0.501205	FALSE	ORF1ab:cds-YP_009724389.1	TGC	C	TAC	Y	341
NC_045512.2	1287	G	A	207	182	43	1	1	37	0.00480769	208	0.501205	FALSE	ORF1ab:cds-YP_009725295.1	TGC	C	TAC	Y	341
NC_045512.2	1303	T	A	170	153	42	29	26	42	0.145729	199	6.68834e-10	TRUE	ORF1ab:cds-YP_009724389.1	ACT	T	ACA	T	346
NC_045512.2	1303	T	A	170	153	42	29	26	42	0.145729	199	6.68834e-10	TRUE	ORF1ab:cds-YP_009725295.1	ACT	T	ACA	T	346
NC_045512.2	1329	C	A	157	148	38	1	0	25	0.00632911	158	0.752381	FALSE	ORF1ab:cds-YP_009724389.1	ACT	T	AAT	N	355
NC_045512.2	1329	C	A	157	148	38	1	0	25	0.00632911	158	0.752381	FALSE	ORF1ab:cds-YP_009725295.1	ACT	T	AAT	N	355
NC_045512.2	1349	C	-A	5	1	37	1	0	20	0.2	5	0.6	FALSE	NA	NA	NA	NA	NA	NA
NC_045512.2	1601	C	G	4541	16	36	1	0	37	0.000220167	4542	0.968802	FALSE	ORF1ab:cds-YP_009724389.1	CTT	L	GTT	V	446
NC_045512.2	1601	C	G	4541	16	36	1	0	37	0.000220167	4542	0.968802	FALSE	ORF1ab:cds-YP_009725295.1	CTT	L	GTT	V	446
NC_045512.2	1602	T	G	4549	18	36	1	0	37	0.000219732	4551	0.968784	FALSE	ORF1ab:cds-YP_009724389.1	CTT	L	CGT	R	446
NC_045512.2	1602	T	G	4549	18	36	1	0	37	0.000219732	4551	0.968784	FALSE	ORF1ab:cds-YP_009725295.1	CTT	L	CGT	R	446
NC_045512.2	1602	T	A	4549	18	36	1	0	37	0.000219732	4551	0.968784	FALSE	ORF1ab:cds-YP_009724389.1	CTT	L	CAT	H	446
NC_045512.2	1602	T	A	4549	18	36	1	0	37	0.000219732	4551	0.968784	FALSE	ORF1ab:cds-YP_009725295.1	CTT	L	CAT	H	446
NC_045512.2	1603	T	C	4549	18	36	1	0	37	0.000219732	4551	0.968784	FALSE	ORF1ab:cds-YP_009724389.1	CTT	L	CTC	L	446
NC_045512.2	1603	T	C	4549	18	36	1	0	37	0.000219732	4551	0.968784	FALSE	ORF1ab:cds-YP_009725295.1	CTT	L	CTC	L	446
NC_045512.2	1603	T	A	4549	18	36	1	0	37	0.000219732	4551	0.968784	FALSE	ORF1ab:cds-YP_009724389.1	CTT	L	CTA	L	446
NC_045512.2	1603	T	A	4549	18	36	1	0	37	0.000219732	4551	0.968784	FALSE	ORF1ab:cds-YP_009725295.1	CTT	L	CTA	L	446
NC_045512.2	1607	G	A	5077	32	36	1	0	37	0.000196928	5078	0.984407	FALSE	ORF1ab:cds-YP_009724389.1	GAC	D	AAC	N	448
NC_045512.2	1607	G	A	5077	32	36	1	0	37	0.000196928	5078	0.984407	FALSE	ORF1ab:cds-YP_009725295.1	GAC	D	AAC	N	448
NC_045512.2	1608	A	G	5066	34	36	1	0	37	0.000197355	5067	0.984407	FALSE	ORF1ab:cds-YP_009724389.1	GAC	D	GGC	G	448
NC_045512.2	1608	A	G	5066	34	36	1	0	37	0.000197355	5067	0.984407	FALSE	ORF1ab:cds-YP_009725295.1	GAC	D	GGC	G	448
NC_045512.2	1609	C	T	5134	61	37	3	0	37	0.000583998	5137	0.855628	FALSE	ORF1ab:cds-YP_009724389.1	GAC	D	GAT	D	448
NC_045512.2	1609	C	T	5134	61	37	3	0	37	0.000583998	5137	0.855628	FALSE	ORF1ab:cds-YP_009725295.1	GAC	D	GAT	D	448
NC_045512.2	1610	A	G	5135	72	37	1	1	37	0.000194704	5136	0.984407	FALSE	ORF1ab:cds-YP_009724389.1	AAC	N	GAC	D	449
NC_045512.2	1610	A	G	5135	72	37	1	1	37	0.000194704	5136	0.984407	FALSE	ORF1ab:cds-YP_009725295.1	AAC	N	GAC	D	449
NC_045512.2	1610	A	+G	5135	72	37	1	0	20	0.000194704	5136	1	FALSE	NA	NA	NA	NA	NA	NA
NC_045512.2	1613	C	A	5305	77	37	1	0	37	0.000188466	5306	0.984406	FALSE	ORF1ab:cds-YP_009724389.1	CTT	L	ATT	I	450
NC_045512.2	1613	C	A	5305	77	37	1	0	37	0.000188466	5306	0.984406	FALSE	ORF1ab:cds-YP_009725295.1	CTT	L	ATT	I	450
NC_045512.2	1614	T	G	5276	75	36	1	0	37	0.000189502	5277	0.984406	FALSE	ORF1ab:cds-YP_009724389.1	CTT	L	CGT	R	450
NC_045512.2	1614	T	G	5276	75	36	1	0	37	0.000189502	5277	0.984406	FALSE	ORF1ab:cds-YP_009725295.1	CTT	L	CGT	R	450
NC_045512.2	1618	T	C	5799	105	36	2	0	37	0.000344768	5801	0.937585	FALSE	ORF1ab:cds-YP_009724389.1	CTT	L	CTC	L	451
NC_045512.2	1618	T	C	5799	105	36	2	0	37	0.000344768	5801	0.937585	FALSE	ORF1ab:cds-YP_009725295.1	CTT	L	CTC	L	451
NC_045512.2	1620	A	G	5938	130	36	1	0	37	0.000168379	5939	0.984403	FALSE	ORF1ab:cds-YP_009724389.1	GAA	E	GGA	G	452
NC_045512.2	1620	A	G	5938	130	36	1	0	37	0.000168379	5939	0.984403	FALSE	ORF1ab:cds-YP_009725295.1	GAA	E	GGA	G	452
NC_045512.2	1623	T	G	5976	171	37	1	1	37	0.000167308	5977	0.984402	FALSE	ORF1ab:cds-YP_009724389.1	ATA	I	AGA	R	453
NC_045512.2	1623	T	G	5976	171	37	1	1	37	0.000167308	5977	0.984402	FALSE	ORF1ab:cds-YP_009725295.1	ATA	I	AGA	R	453
NC_045512.2	1624	A	G	6110	176	37	1	0	37	0.000163639	6111	0.992205	FALSE	ORF1ab:cds-YP_009724389.1	ATA	I	ATG	M	453
NC_045512.2	1624	A	G	6110	176	37	1	0	37	0.000163639	6111	0.992205	FALSE	ORF1ab:cds-YP_009725295.1	ATA	I	ATG	M	453
NC_045512.2	1625	C	T	6184	175	37	3	0	37	0.000484888	6187	0.910276	FALSE	ORF1ab:cds-YP_009724389.1	CTC	L	TTC	F	454
NC_045512.2	1625	C	T	6184	175	37	3	0	37	0.000484888	6187	0.910276	FALSE	ORF1ab:cds-YP_009725295.1	CTC	L	TTC	F	454
NC_045512.2	1626	T	C	6171	178	37	4	0	37	0.000647459	6178	0.828092	FALSE	ORF1ab:cds-YP_009724389.1	CTC	L	CCC	P	454
NC_045512.2	1626	T	C	6171	178	37	4	0	37	0.000647459	6178	0.828092	FALSE	ORF1ab:cds-YP_009725295.1	CTC	L	CCC	P	454
NC_045512.2	1626	T	A	6171	178	37	3	0	33	0.000485594	6178	0.910116	FALSE	ORF1ab:cds-YP_009724389.1	CTC	L	CAC	H	454
NC_045512.2	1626	T	A	6171	178	37	3	0	33	0.000485594	6178	0.910116	FALSE	ORF1ab:cds-YP_009725295.1	CTC	L	CAC	H	454
NC_045512.2	1628	C	-A	6244	208	37	3	0	20	0.000480461	6244	1	FALSE	NA	NA	NA	NA	NA	NA
NC_045512.2	1628	C	+A	6244	208	37	2	0	20	0.000320307	6244	1	FALSE	NA	NA	NA	NA	NA	NA
NC_045512.2	1629	A	G	6251	212	37	2	0	37	0.000319846	6253	0.964853	FALSE	ORF1ab:cds-YP_009724389.1	CAA	Q	CGA	R	455
NC_045512.2	1629	A	G	6251	212	37	2	0	37	0.000319846	6253	0.964853	FALSE	ORF1ab:cds-YP_009725295.1	CAA	Q	CGA	R	455
NC_045512.2	1630	A	G	6292	241	37	1	0	25	0.000158907	6293	1	FALSE	ORF1ab:cds-YP_009724389.1	CAA	Q	CAG	Q	455
NC_045512.2	1630	A	G	6292	241	37	1	0	25	0.000158907	6293	1	FALSE	ORF1ab:cds-YP_009725295.1	CAA	Q	CAG	Q	455
NC_045512.2	1632	A	G	6287	224	37	1	0	37	0.000159033	6288	0.992205	FALSE	ORF1ab:cds-YP_009724389.1	AAA	K	AGA	R	456
NC_045512.2	1632	A	G	6287	224	37	1	0	37	0.000159033	6288	0.992205	FALSE	ORF1ab:cds-YP_009725295.1	AAA	K	AGA	R	456
NC_045512.2	1635	A	G	6405	272	36	1	0	37	0.000156104	6406	0.992205	FALSE	ORF1ab:cds-YP_009724389.1	GAG	E	GGG	G	457
NC_045512.2	1635	A	G	6405	272	36	1	0	37	0.000156104	6406	0.992205	FALSE	ORF1ab:cds-YP_009725295.1	GAG	E	GGG	G	457
NC_045512.2	1636	G	-A	6549	284	38	1	0	20	0.000152695	6549	1	FALSE	NA	NA	NA	NA	NA	NA
NC_045512.2	1637	A	T	6555	294	37	1	0	37	0.000152509	6557	0.992196	FALSE	ORF1ab:cds-YP_009724389.1	AAA	K	TAA	*	458
NC_045512.2	1637	A	T	6555	294	37	1	0	37	0.000152509	6557	0.992196	FALSE	ORF1ab:cds-YP_009725295.1	AAA	K	TAA	*	458
NC_045512.2	1637	A	G	6555	294	37	1	0	37	0.000152509	6557	0.992196	FALSE	ORF1ab:cds-YP_009724389.1	AAA	K	GAA	E	458
NC_045512.2	1637	A	G	6555	294	37	1	0	37	0.000152509	6557	0.992196	FALSE	ORF1ab:cds-YP_009725295.1	AAA	K	GAA	E	458
NC_045512.2	1639	A	G	6657	287	38	1	0	25	0.000150195	6658	1	FALSE	ORF1ab:cds-YP_009724389.1	AAA	K	AAG	K	458
NC_045512.2	1639	A	G	6657	287	38	1	0	25	0.000150195	6658	1	FALSE	ORF1ab:cds-YP_009725295.1	AAA	K	AAG	K	458
NC_045512.2	1639	A	-G	6657	287	38	1	0	20	0.000150195	6658	1	FALSE	NA	NA	NA	NA	NA	NA
NC_045512.2	1641	T	C	7011	293	38	1	0	37	0.000142592	7013	0.996102	FALSE	ORF1ab:cds-YP_009724389.1	GTC	V	GCC	A	459
NC_045512.2	1641	T	C	7011	293	38	1	0	37	0.000142592	7013	0.996102	FALSE	ORF1ab:cds-YP_009725295.1	GTC	V	GCC	A	459
NC_045512.2	1641	T	A	7011	293	38	1	0	37	0.000142592	7013	0.996102	FALSE	ORF1ab:cds-YP_009724389.1	GTC	V	GAC	D	459
NC_045512.2	1641	T	A	7011	293	38	1	0	37	0.000142592	7013	0.996102	FALSE	ORF1ab:cds-YP_009725295.1	GTC	V	GAC	D	459
NC_045512.2	1643	A	G	7000	456	39	1	1	37	0.000142837	7001	0.996104	FALSE	ORF1ab:cds-YP_009724389.1	AAC	N	GAC	D	460
NC_045512.2	1643	A	G	7000	456	39	1	1	37	0.000142837	7001	0.996104	FALSE	ORF1ab:cds-YP_009725295.1	AAC	N	GAC	D	460
NC_045512.2	1644	A	T	7064	495	39	1	0	74	0.000141143	7085	0.499329	FALSE	ORF1ab:cds-YP_009724389.1	AAC	N	ATC	I	460
NC_045512.2	1644	A	T	7064	495	39	1	0	74	0.000141143	7085	0.499329	FALSE	ORF1ab:cds-YP_009725295.1	AAC	N	ATC	I	460
NC_045512.2	1644	A	G	7064	495	39	20	20	36	0.00282287	7085	0.00952267	TRUE	ORF1ab:cds-YP_009724389.1	AAC	N	AGC	S	460
NC_045512.2	1644	A	G	7064	495	39	20	20	36	0.00282287	7085	0.00952267	TRUE	ORF1ab:cds-YP_009725295.1	AAC	N	AGC	S	460
NC_045512.2	1645	C	T	8185	528	39	3	0	37	0.00036639	8188	0.967344	FALSE	ORF1ab:cds-YP_009724389.1	AAC	N	AAT	N	460
NC_045512.2	1645	C	T	8185	528	39	3	0	37	0.00036639	8188	0.967344	FALSE	ORF1ab:cds-YP_009725295.1	AAC	N	AAT	N	460
NC_045512.2	1646	A	T	8008	526	38	1	0	37	0.000124813	8012	0.998049	FALSE	ORF1ab:cds-YP_009724389.1	ATC	I	TTC	F	461
NC_045512.2	1646	A	T	8008	526	38	1	0	37	0.000124813	8012	0.998049	FALSE	ORF1ab:cds-YP_009725295.1	ATC	I	TTC	F	461
NC_045512.2	1646	A	G	8008	526	38	3	0	33	0.000374438	8012	0.96733	FALSE	ORF1ab:cds-YP_009724389.1	ATC	I	GTC	V	461
NC_045512.2	1646	A	G	8008	526	38	3	0	33	0.000374438	8012	0.96733	FALSE	ORF1ab:cds-YP_009725295.1	ATC	I	GTC	V	461
NC_045512.2	1646	A	+T	8008	526	38	1	0	20	0.000124813	8012	1	FALSE	NA	NA	NA	NA	NA	NA
NC_045512.2	1646	A	+G	8008	526	38	8	0	20	0.000998502	8012	1	FALSE	NA	NA	NA	NA	NA	NA
NC_045512.2	1647	T	C	8461	527	39	2	0	37	0.000236295	8464	0.989276	FALSE	ORF1ab:cds-YP_009724389.1	ATC	I	ACC	T	461
NC_045512.2	1647	T	C	8461	527	39	2	0	37	0.000236295	8464	0.989276	FALSE	ORF1ab:cds-YP_009725295.1	ATC	I	ACC	T	461
NC_045512.2	1647	T	A	8461	527	39	1	0	37	0.000118147	8464	0.99805	FALSE	ORF1ab:cds-YP_009724389.1	ATC	I	AAC	N	461
NC_045512.2	1647	T	A	8461	527	39	1	0	37	0.000118147	8464	0.99805	FALSE	ORF1ab:cds-YP_009725295.1	ATC	I	AAC	N	461
NC_045512.2	1649	A	G	8655	546	38	2	1	37	0.000231027	8657	0.989281	FALSE	ORF1ab:cds-YP_009724389.1	AAT	N	GAT	D	462
NC_045512.2	1649	A	G	8655	546	38	2	1	37	0.000231027	8657	0.989281	FALSE	ORF1ab:cds-YP_009725295.1	AAT	N	GAT	D	462
NC_045512.2	1650	A	G	8892	687	40	1	0	37	0.000112448	8893	0.998052	FALSE	ORF1ab:cds-YP_009724389.1	AAT	N	AGT	S	462
NC_045512.2	1650	A	G	8892	687	40	1	0	37	0.000112448	8893	0.998052	FALSE	ORF1ab:cds-YP_009725295.1	AAT	N	AGT	S	462
NC_045512.2	1652	A	G	8943	712	40	1	0	37	0.000111807	8944	0.998052	FALSE	ORF1ab:cds-YP_009724389.1	ATT	I	GTT	V	463
NC_045512.2	1652	A	G	8943	712	40	1	0	37	0.000111807	8944	0.998052	FALSE	ORF1ab:cds-YP_009725295.1	ATT	I	GTT	V	463
NC_045512.2	1653	T	C	8895	729	40	1	0	37	0.00011241	8896	0.998052	FALSE	ORF1ab:cds-YP_009724389.1	ATT	I	ACT	T	463
NC_045512.2	1653	T	C	8895	729	40	1	0	37	0.00011241	8896	0.998052	FALSE	ORF1ab:cds-YP_009725295.1	ATT	I	ACT	T	463
NC_045512.2	1654	T	C	9026	730	40	1	0	37	0.000110767	9028	0.999026	FALSE	ORF1ab:cds-YP_009724389.1	ATT	I	ATC	I	463
NC_045512.2	1654	T	C	9026	730	40	1	0	37	0.000110767	9028	0.999026	FALSE	ORF1ab:cds-YP_009725295.1	ATT	I	ATC	I	463
NC_045512.2	1654	T	A	9026	730	40	1	0	37	0.000110767	9028	0.999026	FALSE	ORF1ab:cds-YP_009724389.1	ATT	I	ATA	I	463
NC_045512.2	1654	T	A	9026	730	40	1	0	37	0.000110767	9028	0.999026	FALSE	ORF1ab:cds-YP_009725295.1	ATT	I	ATA	I	463
NC_045512.2	1655	G	T	9377	839	41	1	0	37	0.000106598	9381	0.999025	FALSE	ORF1ab:cds-YP_009724389.1	GTT	V	TTT	F	464
NC_045512.2	1655	G	T	9377	839	41	1	0	37	0.000106598	9381	0.999025	FALSE	ORF1ab:cds-YP_009725295.1	GTT	V	TTT	F	464
NC_045512.2	1655	G	A	9377	839	41	3	0	37	0.000319795	9381	0.980743	FALSE	ORF1ab:cds-YP_009724389.1	GTT	V	ATT	I	464
NC_045512.2	1655	G	A	9377	839	41	3	0	37	0.000319795	9381	0.980743	FALSE	ORF1ab:cds-YP_009725295.1	GTT	V	ATT	I	464
NC_045512.2	1656	T	C	9260	830	40	1	0	37	0.00010798	9261	0.999026	FALSE	ORF1ab:cds-YP_009724389.1	GTT	V	GCT	A	464
NC_045512.2	1656	T	C	9260	830	40	1	0	37	0.00010798	9261	0.999026	FALSE	ORF1ab:cds-YP_009725295.1	GTT	V	GCT	A	464
NC_045512.2	1657	T	C	9380	855	41	1	0	37	0.000106598	9381	0.999026	FALSE	ORF1ab:cds-YP_009724389.1	GTT	V	GTC	V	464
NC_045512.2	1657	T	C	9380	855	41	1	0	37	0.000106598	9381	0.999026	FALSE	ORF1ab:cds-YP_009725295.1	GTT	V	GTC	V	464
NC_045512.2	1658	G	T	9428	915	42	1	0	37	0.000106045	9430	0.999026	FALSE	ORF1ab:cds-YP_009724389.1	GGT	G	TGT	C	465
NC_045512.2	1658	G	T	9428	915	42	1	0	37	0.000106045	9430	0.999026	FALSE	ORF1ab:cds-YP_009725295.1	GGT	G	TGT	C	465
NC_045512.2	1658	G	A	9428	915	42	1	0	37	0.000106045	9430	0.999026	FALSE	ORF1ab:cds-YP_009724389.1	GGT	G	AGT	S	465
NC_045512.2	1658	G	A	9428	915	42	1	0	37	0.000106045	9430	0.999026	FALSE	ORF1ab:cds-YP_009725295.1	GGT	G	AGT	S	465
NC_045512.2	1660	T	C	9352	946	42	2	0	37	0.000213789	9355	0.994152	FALSE	ORF1ab:cds-YP_009724389.1	GGT	G	GGC	G	465
NC_045512.2	1660	T	C	9352	946	42	2	0	37	0.000213789	9355	0.994152	FALSE	ORF1ab:cds-YP_009725295.1	GGT	G	GGC	G	465
NC_045512.2	1660	T	A	9352	946	42	1	1	37	0.000106895	9355	0.999025	FALSE	ORF1ab:cds-YP_009724389.1	GGT	G	GGA	G	465
NC_045512.2	1660	T	A	9352	946	42	1	1	37	0.000106895	9355	0.999025	FALSE	ORF1ab:cds-YP_009725295.1	GGT	G	GGA	G	465
NC_045512.2	1661	G	T	9483	951	42	1	0	37	0.00010543	9485	0.999026	FALSE	ORF1ab:cds-YP_009724389.1	GAC	D	TAC	Y	466
NC_045512.2	1661	G	T	9483	951	42	1	0	37	0.00010543	9485	0.999026	FALSE	ORF1ab:cds-YP_009725295.1	GAC	D	TAC	Y	466
NC_045512.2	1661	G	C	9483	951	42	1	0	37	0.00010543	9485	0.999026	FALSE	ORF1ab:cds-YP_009724389.1	GAC	D	CAC	H	466
NC_045512.2	1661	G	C	9483	951	42	1	0	37	0.00010543	9485	0.999026	FALSE	ORF1ab:cds-YP_009725295.1	GAC	D	CAC	H	466
NC_045512.2	1662	A	T	9995	949	41	1	0	37	0.00010002	9998	0.999025	FALSE	ORF1ab:cds-YP_009724389.1	GAC	D	GTC	V	466
NC_045512.2	1662	A	T	9995	949	41	1	0	37	0.00010002	9998	0.999025	FALSE	ORF1ab:cds-YP_009725295.1	GAC	D	GTC	V	466
NC_045512.2	1662	A	G	9995	949	41	2	0	37	0.00020004	9998	0.994151	FALSE	ORF1ab:cds-YP_009724389.1	GAC	D	GGC	G	466
NC_045512.2	1662	A	G	9995	949	41	2	0	37	0.00020004	9998	0.994151	FALSE	ORF1ab:cds-YP_009725295.1	GAC	D	GGC	G	466
NC_045512.2	1663	C	A	10699	959	41	1	0	37	9.34579e-05	10700	0.999513	FALSE	ORF1ab:cds-YP_009724389.1	GAC	D	GAA	E	466
NC_045512.2	1663	C	A	10699	959	41	1	0	37	9.34579e-05	10700	0.999513	FALSE	ORF1ab:cds-YP_009725295.1	GAC	D	GAA	E	466
NC_045512.2	1664	T	G	10699	959	41	2	0	37	0.000186846	10704	0.99683	FALSE	ORF1ab:cds-YP_009724389.1	TTT	F	GTT	V	467
NC_045512.2	1664	T	G	10699	959	41	2	0	37	0.000186846	10704	0.99683	FALSE	ORF1ab:cds-YP_009725295.1	TTT	F	GTT	V	467
NC_045512.2	1664	T	C	10699	959	41	1	0	37	9.3423e-05	10704	0.999512	FALSE	ORF1ab:cds-YP_009724389.1	TTT	F	CTT	L	467
NC_045512.2	1664	T	C	10699	959	41	1	0	37	9.3423e-05	10704	0.999512	FALSE	ORF1ab:cds-YP_009725295.1	TTT	F	CTT	L	467
NC_045512.2	1664	T	A	10699	959	41	2	0	31	0.000186846	10704	0.99683	FALSE	ORF1ab:cds-YP_009724389.1	TTT	F	ATT	I	467
NC_045512.2	1664	T	A	10699	959	41	2	0	31	0.000186846	10704	0.99683	FALSE	ORF1ab:cds-YP_009725295.1	TTT	F	ATT	I	467
NC_045512.2	1665	T	G	10723	971	41	1	0	37	9.32401e-05	10725	0.999513	FALSE	ORF1ab:cds-YP_009724389.1	TTT	F	TGT	C	467
NC_045512.2	1665	T	G	10723	971	41	1	0	37	9.32401e-05	10725	0.999513	FALSE	ORF1ab:cds-YP_009725295.1	TTT	F	TGT	C	467
NC_045512.2	1665	T	A	10723	971	41	1	0	25	9.32401e-05	10725	1	FALSE	ORF1ab:cds-YP_009724389.1	TTT	F	TAT	Y	467
NC_045512.2	1665	T	A	10723	971	41	1	0	25	9.32401e-05	10725	1	FALSE	ORF1ab:cds-YP_009725295.1	TTT	F	TAT	Y	467
NC_045512.2	1666	T	C	10807	1025	42	2	1	37	0.000185031	10809	0.996834	FALSE	ORF1ab:cds-YP_009724389.1	TTT	F	TTC	F	467
NC_045512.2	1666	T	C	10807	1025	42	2	1	37	0.000185031	10809	0.996834	FALSE	ORF1ab:cds-YP_009725295.1	TTT	F	TTC	F	467
NC_045512.2	1667	A	G	10816	1027	41	1	0	25	9.24471e-05	10817	1	FALSE	ORF1ab:cds-YP_009724389.1	AAA	K	GAA	E	468
NC_045512.2	1667	A	G	10816	1027	41	1	0	25	9.24471e-05	10817	1	FALSE	ORF1ab:cds-YP_009725295.1	AAA	K	GAA	E	468
NC_045512.2	1668	A	G	10708	1026	41	1	0	37	9.33794e-05	10709	0.999513	FALSE	ORF1ab:cds-YP_009724389.1	AAA	K	AGA	R	468
NC_045512.2	1668	A	G	10708	1026	41	1	0	37	9.33794e-05	10709	0.999513	FALSE	ORF1ab:cds-YP_009725295.1	AAA	K	AGA	R	468
NC_045512.2	1669	A	G	10593	1029	40	1	0	37	9.43931e-05	10594	0.999513	FALSE	ORF1ab:cds-YP_009724389.1	AAA	K	AAG	K	468
NC_045512.2	1669	A	G	10593	1029	40	1	0	37	9.43931e-05	10594	0.999513	FALSE	ORF1ab:cds-YP_009725295.1	AAA	K	AAG	K	468
NC_045512.2	1670	C	T	11012	1031	41	2	1	37	0.000181571	11015	0.998295	FALSE	ORF1ab:cds-YP_009724389.1	CTT	L	TTT	F	469
NC_045512.2	1670	C	T	11012	1031	41	2	1	37	0.000181571	11015	0.998295	FALSE	ORF1ab:cds-YP_009725295.1	CTT	L	TTT	F	469
NC_045512.2	1670	C	A	11012	1031	41	1	0	37	9.07853e-05	11015	0.999756	FALSE	ORF1ab:cds-YP_009724389.1	CTT	L	ATT	I	469
NC_045512.2	1670	C	A	11012	1031	41	1	0	37	9.07853e-05	11015	0.999756	FALSE	ORF1ab:cds-YP_009725295.1	CTT	L	ATT	I	469
NC_045512.2	1671	T	C	11068	1027	41	2	0	29	0.000180652	11071	1	FALSE	ORF1ab:cds-YP_009724389.1	CTT	L	CCT	P	469
NC_045512.2	1671	T	C	11068	1027	41	2	0	29	0.000180652	11071	1	FALSE	ORF1ab:cds-YP_009725295.1	CTT	L	CCT	P	469
NC_045512.2	1671	T	A	11068	1027	41	1	0	37	9.03261e-05	11071	0.999756	FALSE	ORF1ab:cds-YP_009724389.1	CTT	L	CAT	H	469
NC_045512.2	1671	T	A	11068	1027	41	1	0	37	9.03261e-05	11071	0.999756	FALSE	ORF1ab:cds-YP_009725295.1	CTT	L	CAT	H	469
NC_045512.2	1672	T	C	11041	1047	41	4	1	33	0.000362155	11045	0.98246	FALSE	ORF1ab:cds-YP_009724389.1	CTT	L	CTC	L	469
NC_045512.2	1672	T	C	11041	1047	41	4	1	33	0.000362155	11045	0.98246	FALSE	ORF1ab:cds-YP_009725295.1	CTT	L	CTC	L	469
NC_045512.2	1672	T	-A	11041	1047	41	1	0	20	9.05387e-05	11045	1	FALSE	NA	NA	NA	NA	NA	NA
NC_045512.2	1673	A	T	11171	1051	42	1	0	37	8.95095e-05	11172	0.999757	FALSE	ORF1ab:cds-YP_009724389.1	AAT	N	TAT	Y	470
NC_045512.2	1673	A	T	11171	1051	42	1	0	37	8.95095e-05	11172	0.999757	FALSE	ORF1ab:cds-YP_009725295.1	AAT	N	TAT	Y	470
NC_045512.2	1674	A	G	11147	1048	41	1	0	37	8.97022e-05	11148	0.999757	FALSE	ORF1ab:cds-YP_009724389.1	AAT	N	AGT	S	470
NC_045512.2	1674	A	G	11147	1048	41	1	0	37	8.97022e-05	11148	0.999757	FALSE	ORF1ab:cds-YP_009725295.1	AAT	N	AGT	S	470
NC_045512.2	1676	G	C	11100	1060	41	1	0	37	9.0082e-05	11101	0.999757	FALSE	ORF1ab:cds-YP_009724389.1	GAA	E	CAA	Q	471
NC_045512.2	1676	G	C	11100	1060	41	1	0	37	9.0082e-05	11101	0.999757	FALSE	ORF1ab:cds-YP_009725295.1	GAA	E	CAA	Q	471
NC_045512.2	1677	A	G	11047	1064	41	1	0	37	9.05059e-05	11049	0.999757	FALSE	ORF1ab:cds-YP_009724389.1	GAA	E	GGA	G	471
NC_045512.2	1677	A	G	11047	1064	41	1	0	37	9.05059e-05	11049	0.999757	FALSE	ORF1ab:cds-YP_009725295.1	GAA	E	GGA	G	471
NC_045512.2	1677	A	C	11047	1064	41	1	1	20	9.05059e-05	11049	1	FALSE	ORF1ab:cds-YP_009724389.1	GAA	E	GCA	A	471
NC_045512.2	1677	A	C	11047	1064	41	1	1	20	9.05059e-05	11049	1	FALSE	ORF1ab:cds-YP_009725295.1	GAA	E	GCA	A	471
NC_045512.2	1677	A	+AG	11047	1064	41	1	0	20	9.05059e-05	11049	1	FALSE	NA	NA	NA	NA	NA	NA
NC_045512.2	1678	A	T	11126	1117	42	1	0	37	8.98473e-05	11130	0.999756	FALSE	ORF1ab:cds-YP_009724389.1	GAA	E	GAT	D	471
NC_045512.2	1678	A	T	11126	1117	42	1	0	37	8.98473e-05	11130	0.999756	FALSE	ORF1ab:cds-YP_009725295.1	GAA	E	GAT	D	471
NC_045512.2	1678	A	G	11126	1117	42	2	0	37	0.000179695	11130	0.998294	FALSE	ORF1ab:cds-YP_009724389.1	GAA	E	GAG	E	471
NC_045512.2	1678	A	G	11126	1117	42	2	0	37	0.000179695	11130	0.998294	FALSE	ORF1ab:cds-YP_009725295.1	GAA	E	GAG	E	471
NC_045512.2	1678	A	C	11126	1117	42	1	0	25	8.98473e-05	11130	1	FALSE	ORF1ab:cds-YP_009724389.1	GAA	E	GAC	D	471
NC_045512.2	1678	A	C	11126	1117	42	1	0	25	8.98473e-05	11130	1	FALSE	ORF1ab:cds-YP_009725295.1	GAA	E	GAC	D	471
NC_045512.2	1680	A	G	11212	1417	43	1	0	37	8.91822e-05	11213	0.999757	FALSE	ORF1ab:cds-YP_009724389.1	GAG	E	GGG	G	472
NC_045512.2	1680	A	G	11212	1417	43	1	0	37	8.91822e-05	11213	0.999757	FALSE	ORF1ab:cds-YP_009725295.1	GAG	E	GGG	G	472
NC_045512.2	1681	G	A	11259	1445	44	1	0	37	8.88099e-05	11260	0.999757	FALSE	ORF1ab:cds-YP_009724389.1	GAG	E	GAA	E	472
NC_045512.2	1681	G	A	11259	1445	44	1	0	37	8.88099e-05	11260	0.999757	FALSE	ORF1ab:cds-YP_009725295.1	GAG	E	GAA	E	472
NC_045512.2	1682	A	G	11368	1449	44	2	0	29	0.000175901	11370	1	FALSE	ORF1ab:cds-YP_009724389.1	ATC	I	GTC	V	473
NC_045512.2	1682	A	G	11368	1449	44	2	0	29	0.000175901	11370	1	FALSE	ORF1ab:cds-YP_009725295.1	ATC	I	GTC	V	473
NC_045512.2	1684	C	T	11197	1509	43	6	1	49	0.000535571	11203	0.0624854	FALSE	ORF1ab:cds-YP_009724389.1	ATC	I	ATT	I	473
NC_045512.2	1684	C	T	11197	1509	43	6	1	49	0.000535571	11203	0.0624854	FALSE	ORF1ab:cds-YP_009725295.1	ATC	I	ATT	I	473
NC_045512.2	1685	G	T	11097	1635	44	2	0	31	0.000180002	11111	0.998286	FALSE	ORF1ab:cds-YP_009724389.1	GCC	A	TCC	S	474
NC_045512.2	1685	G	T	11097	1635	44	2	0	31	0.000180002	11111	0.998286	FALSE	ORF1ab:cds-YP_009725295.1	GCC	A	TCC	S	474
NC_045512.2	1685	G	A	11097	1635	44	12	3	40	0.00108001	11111	0.00170385	TRUE	ORF1ab:cds-YP_009724389.1	GCC	A	ACC	T	474
NC_045512.2	1685	G	A	11097	1635	44	12	3	40	0.00108001	11111	0.00170385	TRUE	ORF1ab:cds-YP_009725295.1	GCC	A	ACC	T	474
NC_045512.2	1686	C	T	11430	1648	44	8	0	37	0.000699423	11438	0.82051	FALSE	ORF1ab:cds-YP_009724389.1	GCC	A	GTC	V	474
NC_045512.2	1686	C	T	11430	1648	44	8	0	37	0.000699423	11438	0.82051	FALSE	ORF1ab:cds-YP_009725295.1	GCC	A	GTC	V	474
NC_045512.2	1689	T	C	11132	1748	43	2	0	55	0.000179614	11135	0.249989	FALSE	ORF1ab:cds-YP_009724389.1	ATT	I	ACT	T	475
NC_045512.2	1689	T	C	11132	1748	43	2	0	55	0.000179614	11135	0.249989	FALSE	ORF1ab:cds-YP_009725295.1	ATT	I	ACT	T	475
NC_045512.2	1689	T	A	11132	1748	43	1	0	37	8.98069e-05	11135	0.999756	FALSE	ORF1ab:cds-YP_009724389.1	ATT	I	AAT	N	475
NC_045512.2	1689	T	A	11132	1748	43	1	0	37	8.98069e-05	11135	0.999756	FALSE	ORF1ab:cds-YP_009725295.1	ATT	I	AAT	N	475
NC_045512.2	1690	T	A	11111	1813	44	1	0	25	8.99928e-05	11112	1	FALSE	ORF1ab:cds-YP_009724389.1	ATT	I	ATA	I	475
NC_045512.2	1690	T	A	11111	1813	44	1	0	25	8.99928e-05	11112	1	FALSE	ORF1ab:cds-YP_009725295.1	ATT	I	ATA	I	475
NC_045512.2	1691	A	G	10611	1942	43	1	1	37	9.42329e-05	10612	0.999513	FALSE	ORF1ab:cds-YP_009724389.1	ATT	I	GTT	V	476
NC_045512.2	1691	A	G	10611	1942	43	1	1	37	9.42329e-05	10612	0.999513	FALSE	ORF1ab:cds-YP_009725295.1	ATT	I	GTT	V	476
NC_045512.2	1691	A	-T	10611	1942	43	4	0	20	0.000376932	10612	1	FALSE	NA	NA	NA	NA	NA	NA
NC_045512.2	1692	T	C	10432	1970	42	1	0	37	9.58405e-05	10434	0.999512	FALSE	ORF1ab:cds-YP_009724389.1	ATT	I	ACT	T	476
NC_045512.2	1692	T	C	10432	1970	42	1	0	37	9.58405e-05	10434	0.999512	FALSE	ORF1ab:cds-YP_009725295.1	ATT	I	ACT	T	476
NC_045512.2	1692	T	A	10432	1970	42	1	1	74	9.58405e-05	10434	0.499904	FALSE	ORF1ab:cds-YP_009724389.1	ATT	I	AAT	N	476
NC_045512.2	1692	T	A	10432	1970	42	1	1	74	9.58405e-05	10434	0.499904	FALSE	ORF1ab:cds-YP_009725295.1	ATT	I	AAT	N	476
NC_045512.2	1693	T	G	10541	1973	43	1	0	25	9.48407e-05	10544	1	FALSE	ORF1ab:cds-YP_009724389.1	ATT	I	ATG	M	476
NC_045512.2	1693	T	G	10541	1973	43	1	0	25	9.48407e-05	10544	1	FALSE	ORF1ab:cds-YP_009725295.1	ATT	I	ATG	M	476
NC_045512.2	1693	T	C	10541	1973	43	2	0	55	0.000189681	10544	0.249988	FALSE	ORF1ab:cds-YP_009724389.1	ATT	I	ATC	I	476
NC_045512.2	1693	T	C	10541	1973	43	2	0	55	0.000189681	10544	0.249988	FALSE	ORF1ab:cds-YP_009725295.1	ATT	I	ATC	I	476
NC_045512.2	1695	T	C	10565	1997	43	2	1	74	0.000189268	10567	0.250012	FALSE	ORF1ab:cds-YP_009724389.1	TTG	L	TCG	S	477
NC_045512.2	1695	T	C	10565	1997	43	2	1	74	0.000189268	10567	0.250012	FALSE	ORF1ab:cds-YP_009725295.1	TTG	L	TCG	S	477
NC_045512.2	1696	G	T	10505	2073	43	5	1	59	0.000475602	10513	0.0312203	FALSE	ORF1ab:cds-YP_009724389.1	TTG	L	TTT	F	477
NC_045512.2	1696	G	T	10505	2073	43	5	1	59	0.000475602	10513	0.0312203	FALSE	ORF1ab:cds-YP_009725295.1	TTG	L	TTT	F	477
NC_045512.2	1696	G	A	10505	2073	43	3	0	37	0.000285361	10513	0.98877	FALSE	ORF1ab:cds-YP_009724389.1	TTG	L	TTA	L	477
NC_045512.2	1696	G	A	10505	2073	43	3	0	37	0.000285361	10513	0.98877	FALSE	ORF1ab:cds-YP_009725295.1	TTG	L	TTA	L	477
NC_045512.2	1697	G	A	10435	2114	43	18	4	48	0.00172199	10453	3.7929e-05	TRUE	ORF1ab:cds-YP_009724389.1	GCA	A	ACA	T	478
NC_045512.2	1697	G	A	10435	2114	43	18	4	48	0.00172199	10453	3.7929e-05	TRUE	ORF1ab:cds-YP_009725295.1	GCA	A	ACA	T	478
NC_045512.2	1698	C	T	10519	2119	44	6	1	35	0.000570071	10525	0.895065	FALSE	ORF1ab:cds-YP_009724389.1	GCA	A	GTA	V	478
NC_045512.2	1698	C	T	10519	2119	44	6	1	35	0.000570071	10525	0.895065	FALSE	ORF1ab:cds-YP_009725295.1	GCA	A	GTA	V	478
NC_045512.2	1699	A	G	10183	2248	43	2	0	25	0.000196348	10186	1	FALSE	ORF1ab:cds-YP_009724389.1	GCA	A	GCG	A	478
NC_045512.2	1699	A	G	10183	2248	43	2	0	25	0.000196348	10186	1	FALSE	ORF1ab:cds-YP_009725295.1	GCA	A	GCG	A	478
NC_045512.2	1699	A	C	10183	2248	43	1	0	37	9.8174e-05	10186	0.999513	FALSE	ORF1ab:cds-YP_009724389.1	GCA	A	GCC	A	478
NC_045512.2	1699	A	C	10183	2248	43	1	0	37	9.8174e-05	10186	0.999513	FALSE	ORF1ab:cds-YP_009725295.1	GCA	A	GCC	A	478
NC_045512.2	1700	T	C	9160	2570	41	2	0	37	0.000218293	9162	0.994155	FALSE	ORF1ab:cds-YP_009724389.1	TCT	S	CCT	P	479
NC_045512.2	1700	T	C	9160	2570	41	2	0	37	0.000218293	9162	0.994155	FALSE	ORF1ab:cds-YP_009725295.1	TCT	S	CCT	P	479
NC_045512.2	1701	C	T	9402	2597	41	1	0	37	0.000106349	9403	0.999026	FALSE	ORF1ab:cds-YP_009724389.1	TCT	S	TTT	F	479
NC_045512.2	1701	C	T	9402	2597	41	1	0	37	0.000106349	9403	0.999026	FALSE	ORF1ab:cds-YP_009725295.1	TCT	S	TTT	F	479
NC_045512.2	1701	C	-T	9402	2597	41	3	0	20	0.000319047	9403	1	FALSE	NA	NA	NA	NA	NA	NA
NC_045512.2	1702	T	C	9308	2583	41	11	3	48	0.00118026	9320	0.00048598	TRUE	ORF1ab:cds-YP_009724389.1	TCT	S	TCC	S	479
NC_045512.2	1702	T	C	9308	2583	41	11	3	48	0.00118026	9320	0.00048598	TRUE	ORF1ab:cds-YP_009725295.1	TCT	S	TCC	S	479
NC_045512.2	1702	T	A	9308	2583	41	1	0	37	0.000107296	9320	0.999019	FALSE	ORF1ab:cds-YP_009724389.1	TCT	S	TCA	S	479
NC_045512.2	1702	T	A	9308	2583	41	1	0	37	0.000107296	9320	0.999019	FALSE	ORF1ab:cds-YP_009725295.1	TCT	S	TCA	S	479
NC_045512.2	1703	T	A	9365	2639	41	1	0	37	0.000106769	9366	0.999026	FALSE	ORF1ab:cds-YP_009724389.1	TTT	F	ATT	I	480
NC_045512.2	1703	T	A	9365	2639	41	1	0	37	0.000106769	9366	0.999026	FALSE	ORF1ab:cds-YP_009725295.1	TTT	F	ATT	I	480
NC_045512.2	1704	T	A	9358	2646	41	1	0	37	0.000106849	9359	0.999026	FALSE	ORF1ab:cds-YP_009724389.1	TTT	F	TAT	Y	480
NC_045512.2	1704	T	A	9358	2646	41	1	0	37	0.000106849	9359	0.999026	FALSE	ORF1ab:cds-YP_009725295.1	TTT	F	TAT	Y	480
NC_045512.2	1705	T	A	9296	2658	41	2	1	37	0.0002151	9298	0.994155	FALSE	ORF1ab:cds-YP_009724389.1	TTT	F	TTA	L	480
NC_045512.2	1705	T	A	9296	2658	41	2	1	37	0.0002151	9298	0.994155	FALSE	ORF1ab:cds-YP_009725295.1	TTT	F	TTA	L	480
NC_045512.2	1707	C	T	9008	2746	40	4	1	46	0.000443853	9012	0.0624931	FALSE	ORF1ab:cds-YP_009724389.1	TCT	S	TTT	F	481
NC_045512.2	1707	C	T	9008	2746	40	4	1	46	0.000443853	9012	0.0624931	FALSE	ORF1ab:cds-YP_009725295.1	TCT	S	TTT	F	481
NC_045512.2	1708	T	C	9046	2750	40	2	1	55	0.000221043	9048	0.250014	FALSE	ORF1ab:cds-YP_009724389.1	TCT	S	TCC	S	481
NC_045512.2	1708	T	C	9046	2750	40	2	1	55	0.000221043	9048	0.250014	FALSE	ORF1ab:cds-YP_009725295.1	TCT	S	TCC	S	481
NC_045512.2	1709	G	A	9109	2741	40	1	1	37	0.000109769	9110	0.999026	FALSE	ORF1ab:cds-YP_009724389.1	GCT	A	ACT	T	482
NC_045512.2	1709	G	A	9109	2741	40	1	1	37	0.000109769	9110	0.999026	FALSE	ORF1ab:cds-YP_009725295.1	GCT	A	ACT	T	482
NC_045512.2	1710	C	T	9066	2704	40	4	1	46	0.000441014	9070	0.0624931	FALSE	ORF1ab:cds-YP_009724389.1	GCT	A	GTT	V	482
NC_045512.2	1710	C	T	9066	2704	40	4	1	46	0.000441014	9070	0.0624931	FALSE	ORF1ab:cds-YP_009725295.1	GCT	A	GTT	V	482
NC_045512.2	1711	T	C	9110	2619	40	2	1	37	0.000219467	9113	0.994152	FALSE	ORF1ab:cds-YP_009724389.1	GCT	A	GCC	A	482
NC_045512.2	1711	T	C	9110	2619	40	2	1	37	0.000219467	9113	0.994152	FALSE	ORF1ab:cds-YP_009725295.1	GCT	A	GCC	A	482
NC_045512.2	1711	T	A	9110	2619	40	1	0	37	0.000109733	9113	0.999025	FALSE	ORF1ab:cds-YP_009724389.1	GCT	A	GCA	A	482
NC_045512.2	1711	T	A	9110	2619	40	1	0	37	0.000109733	9113	0.999025	FALSE	ORF1ab:cds-YP_009725295.1	GCT	A	GCA	A	482
NC_045512.2	1712	T	G	9156	2769	40	1	0	74	0.000109206	9157	0.500027	FALSE	ORF1ab:cds-YP_009724389.1	TCC	S	GCC	A	483
NC_045512.2	1712	T	G	9156	2769	40	1	0	74	0.000109206	9157	0.500027	FALSE	ORF1ab:cds-YP_009725295.1	TCC	S	GCC	A	483
NC_045512.2	1713	C	T	9196	2797	40	1	0	37	0.000108719	9198	0.999026	FALSE	ORF1ab:cds-YP_009724389.1	TCC	S	TTC	F	483
NC_045512.2	1713	C	T	9196	2797	40	1	0	37	0.000108719	9198	0.999026	FALSE	ORF1ab:cds-YP_009725295.1	TCC	S	TTC	F	483
NC_045512.2	1713	C	A	9196	2797	40	1	0	37	0.000108719	9198	0.999026	FALSE	ORF1ab:cds-YP_009724389.1	TCC	S	TAC	Y	483
NC_045512.2	1713	C	A	9196	2797	40	1	0	37	0.000108719	9198	0.999026	FALSE	ORF1ab:cds-YP_009725295.1	TCC	S	TAC	Y	483
NC_045512.2	1715	A	G	9298	2795	40	1	0	37	0.000107538	9299	0.999026	FALSE	ORF1ab:cds-YP_009724389.1	ACA	T	GCA	A	484
NC_045512.2	1715	A	G	9298	2795	40	1	0	37	0.000107538	9299	0.999026	FALSE	ORF1ab:cds-YP_009725295.1	ACA	T	GCA	A	484
NC_045512.2	1716	C	G	9075	2877	40	1	0	37	0.000110181	9076	0.999026	FALSE	ORF1ab:cds-YP_009724389.1	ACA	T	AGA	R	484
NC_045512.2	1716	C	G	9075	2877	40	1	0	37	0.000110181	9076	0.999026	FALSE	ORF1ab:cds-YP_009725295.1	ACA	T	AGA	R	484
NC_045512.2	1717	A	T	8874	2762	39	1	1	37	0.000112651	8877	0.99805	FALSE	ORF1ab:cds-YP_009724389.1	ACA	T	ACT	T	484
NC_045512.2	1717	A	T	8874	2762	39	1	1	37	0.000112651	8877	0.99805	FALSE	ORF1ab:cds-YP_009725295.1	ACA	T	ACT	T	484
NC_045512.2	1717	A	G	8874	2762	39	2	1	37	0.000225301	8877	0.989275	FALSE	ORF1ab:cds-YP_009724389.1	ACA	T	ACG	T	484
NC_045512.2	1717	A	G	8874	2762	39	2	1	37	0.000225301	8877	0.989275	FALSE	ORF1ab:cds-YP_009725295.1	ACA	T	ACG	T	484
NC_045512.2	1718	A	T	8892	2822	39	1	0	37	0.000112448	8893	0.998052	FALSE	ORF1ab:cds-YP_009724389.1	AGT	S	TGT	C	485
NC_045512.2	1718	A	T	8892	2822	39	1	0	37	0.000112448	8893	0.998052	FALSE	ORF1ab:cds-YP_009725295.1	AGT	S	TGT	C	485
NC_045512.2	1719	G	A	9034	2983	39	1	1	37	0.000110681	9035	0.999026	FALSE	ORF1ab:cds-YP_009724389.1	AGT	S	AAT	N	485
NC_045512.2	1719	G	A	9034	2983	39	1	1	37	0.000110681	9035	0.999026	FALSE	ORF1ab:cds-YP_009725295.1	AGT	S	AAT	N	485
NC_045512.2	1721	G	A	9244	3099	40	4	1	46	0.000432526	9248	0.0624932	FALSE	ORF1ab:cds-YP_009724389.1	GCT	A	ACT	T	486
NC_045512.2	1721	G	A	9244	3099	40	4	1	46	0.000432526	9248	0.0624932	FALSE	ORF1ab:cds-YP_009725295.1	GCT	A	ACT	T	486
NC_045512.2	1722	C	A	9283	3083	40	1	0	37	0.000107712	9284	0.999026	FALSE	ORF1ab:cds-YP_009724389.1	GCT	A	GAT	D	486
NC_045512.2	1722	C	A	9283	3083	40	1	0	37	0.000107712	9284	0.999026	FALSE	ORF1ab:cds-YP_009725295.1	GCT	A	GAT	D	486
NC_045512.2	1722	C	-T	9283	3083	40	2	0	20	0.000215424	9284	1	FALSE	NA	NA	NA	NA	NA	NA
NC_045512.2	1723	T	C	9270	3046	40	2	0	37	0.000215703	9272	0.994149	FALSE	ORF1ab:cds-YP_009724389.1	GCT	A	GCC	A	486
NC_045512.2	1723	T	C	9270	3046	40	2	0	37	0.000215703	9272	0.994149	FALSE	ORF1ab:cds-YP_009725295.1	GCT	A	GCC	A	486
NC_045512.2	1724	T	G	9005	3065	39	4	0	37	0.000444	9009	0.953935	FALSE	ORF1ab:cds-YP_009724389.1	TTT	F	GTT	V	487
NC_045512.2	1724	T	G	9005	3065	39	4	0	37	0.000444	9009	0.953935	FALSE	ORF1ab:cds-YP_009725295.1	TTT	F	GTT	V	487
NC_045512.2	1727	G	A	9276	3085	40	2	0	37	0.000215564	9278	0.994155	FALSE	ORF1ab:cds-YP_009724389.1	GTG	V	ATG	M	488
NC_045512.2	1727	G	A	9276	3085	40	2	0	37	0.000215564	9278	0.994155	FALSE	ORF1ab:cds-YP_009725295.1	GTG	V	ATG	M	488
NC_045512.2	1727	G	-T	9276	3085	40	1	0	20	0.000107782	9278	1	FALSE	NA	NA	NA	NA	NA	NA
NC_045512.2	1729	G	T	9220	3057	40	1	1	37	0.000108436	9222	0.999026	FALSE	ORF1ab:cds-YP_009724389.1	GTG	V	GTT	V	488
NC_045512.2	1729	G	T	9220	3057	40	1	1	37	0.000108436	9222	0.999026	FALSE	ORF1ab:cds-YP_009725295.1	GTG	V	GTT	V	488
NC_045512.2	1729	G	C	9220	3057	40	1	0	74	0.000108436	9222	0.5	FALSE	ORF1ab:cds-YP_009724389.1	GTG	V	GTC	V	488
NC_045512.2	1729	G	C	9220	3057	40	1	0	74	0.000108436	9222	0.5	FALSE	ORF1ab:cds-YP_009725295.1	GTG	V	GTC	V	488
NC_045512.2	1730	G	T	9192	3067	40	2	0	31	0.00021751	9195	0.994152	FALSE	ORF1ab:cds-YP_009724389.1	GAA	E	TAA	*	489
NC_045512.2	1730	G	T	9192	3067	40	2	0	31	0.00021751	9195	0.994152	FALSE	ORF1ab:cds-YP_009725295.1	GAA	E	TAA	*	489
NC_045512.2	1730	G	A	9192	3067	40	1	0	25	0.000108755	9195	1	FALSE	ORF1ab:cds-YP_009724389.1	GAA	E	AAA	K	489
NC_045512.2	1730	G	A	9192	3067	40	1	0	25	0.000108755	9195	1	FALSE	ORF1ab:cds-YP_009725295.1	GAA	E	AAA	K	489
NC_045512.2	1731	A	G	9279	3127	40	2	2	37	0.000215494	9281	0.994155	FALSE	ORF1ab:cds-YP_009724389.1	GAA	E	GGA	G	489
NC_045512.2	1731	A	G	9279	3127	40	2	2	37	0.000215494	9281	0.994155	FALSE	ORF1ab:cds-YP_009725295.1	GAA	E	GGA	G	489
NC_045512.2	1732	A	G	9150	3144	40	1	0	37	0.000109278	9151	0.999026	FALSE	ORF1ab:cds-YP_009724389.1	GAA	E	GAG	E	489
NC_045512.2	1732	A	G	9150	3144	40	1	0	37	0.000109278	9151	0.999026	FALSE	ORF1ab:cds-YP_009725295.1	GAA	E	GAG	E	489
NC_045512.2	1733	A	G	9197	3170	40	1	1	37	0.000108719	9198	0.999026	FALSE	ORF1ab:cds-YP_009724389.1	ACT	T	GCT	A	490
NC_045512.2	1733	A	G	9197	3170	40	1	1	37	0.000108719	9198	0.999026	FALSE	ORF1ab:cds-YP_009725295.1	ACT	T	GCT	A	490
NC_045512.2	1734	C	T	9791	3199	40	1	0	37	0.000102093	9795	0.999025	FALSE	ORF1ab:cds-YP_009724389.1	ACT	T	ATT	I	490
NC_045512.2	1734	C	T	9791	3199	40	1	0	37	0.000102093	9795	0.999025	FALSE	ORF1ab:cds-YP_009725295.1	ACT	T	ATT	I	490
NC_045512.2	1734	C	G	9791	3199	40	1	0	37	0.000102093	9795	0.999025	FALSE	ORF1ab:cds-YP_009724389.1	ACT	T	AGT	S	490
NC_045512.2	1734	C	G	9791	3199	40	1	0	37	0.000102093	9795	0.999025	FALSE	ORF1ab:cds-YP_009725295.1	ACT	T	AGT	S	490
NC_045512.2	1734	C	A	9791	3199	40	2	1	31	0.000204186	9795	0.994149	FALSE	ORF1ab:cds-YP_009724389.1	ACT	T	AAT	N	490
NC_045512.2	1734	C	A	9791	3199	40	2	1	31	0.000204186	9795	0.994149	FALSE	ORF1ab:cds-YP_009725295.1	ACT	T	AAT	N	490
NC_045512.2	1735	T	A	9659	3207	40	1	0	37	0.00010352	9660	0.999026	FALSE	ORF1ab:cds-YP_009724389.1	ACT	T	ACA	T	490
NC_045512.2	1735	T	A	9659	3207	40	1	0	37	0.00010352	9660	0.999026	FALSE	ORF1ab:cds-YP_009725295.1	ACT	T	ACA	T	490
NC_045512.2	1736	G	A	10312	3808	41	7	3	37	0.00067836	10319	0.833998	FALSE	ORF1ab:cds-YP_009724389.1	GTG	V	ATG	M	491
NC_045512.2	1736	G	A	10312	3808	41	7	3	37	0.00067836	10319	0.833998	FALSE	ORF1ab:cds-YP_009725295.1	GTG	V	ATG	M	491
NC_045512.2	1737	T	C	10149	3817	41	1	1	37	9.85222e-05	10150	0.999513	FALSE	ORF1ab:cds-YP_009724389.1	GTG	V	GCG	A	491
NC_045512.2	1737	T	C	10149	3817	41	1	1	37	9.85222e-05	10150	0.999513	FALSE	ORF1ab:cds-YP_009725295.1	GTG	V	GCG	A	491
NC_045512.2	1738	G	-A	10352	3858	41	3	0	20	0.000289799	10352	1	FALSE	NA	NA	NA	NA	NA	NA
NC_045512.2	1739	A	G	10278	3860	41	3	0	49	0.0002918	10281	0.312409	FALSE	ORF1ab:cds-YP_009724389.1	AAA	K	GAA	E	492
NC_045512.2	1739	A	G	10278	3860	41	3	0	49	0.0002918	10281	0.312409	FALSE	ORF1ab:cds-YP_009725295.1	AAA	K	GAA	E	492
NC_045512.2	1740	A	G	10118	3827	41	1	0	37	9.8824e-05	10119	0.999513	FALSE	ORF1ab:cds-YP_009724389.1	AAA	K	AGA	R	492
NC_045512.2	1740	A	G	10118	3827	41	1	0	37	9.8824e-05	10119	0.999513	FALSE	ORF1ab:cds-YP_009725295.1	AAA	K	AGA	R	492
NC_045512.2	1741	A	C	9996	3988	41	1	1	37	0.00010003	9997	0.999026	FALSE	ORF1ab:cds-YP_009724389.1	AAA	K	AAC	N	492
NC_045512.2	1741	A	C	9996	3988	41	1	1	37	0.00010003	9997	0.999026	FALSE	ORF1ab:cds-YP_009725295.1	AAA	K	AAC	N	492
NC_045512.2	1742	G	T	10659	3990	41	1	0	37	9.38086e-05	10660	0.999513	FALSE	ORF1ab:cds-YP_009724389.1	GGT	G	TGT	C	493
NC_045512.2	1742	G	T	10659	3990	41	1	0	37	9.38086e-05	10660	0.999513	FALSE	ORF1ab:cds-YP_009725295.1	GGT	G	TGT	C	493
NC_045512.2	1743	G	-T	10702	4021	41	1	0	20	9.34405e-05	10702	1	FALSE	NA	NA	NA	NA	NA	NA
NC_045512.2	1744	T	G	10046	3712	40	1	0	20	9.93345e-05	10067	1	FALSE	ORF1ab:cds-YP_009724389.1	GGT	G	GGG	G	493
NC_045512.2	1744	T	G	10046	3712	40	1	0	20	9.93345e-05	10067	1	FALSE	ORF1ab:cds-YP_009725295.1	GGT	G	GGG	G	493
NC_045512.2	1744	T	C	10046	3712	40	20	0	37	0.00198669	10067	0.0492157	FALSE	ORF1ab:cds-YP_009724389.1	GGT	G	GGC	G	493
NC_045512.2	1744	T	C	10046	3712	40	20	0	37	0.00198669	10067	0.0492157	FALSE	ORF1ab:cds-YP_009725295.1	GGT	G	GGC	G	493
NC_045512.2	1745	T	C	9831	3682	40	6	1	35	0.000609942	9837	0.849261	FALSE	ORF1ab:cds-YP_009724389.1	TTG	L	CTG	L	494
NC_045512.2	1745	T	C	9831	3682	40	6	1	35	0.000609942	9837	0.849261	FALSE	ORF1ab:cds-YP_009725295.1	TTG	L	CTG	L	494
NC_045512.2	1747	G	T	9777	3793	40	1	1	37	0.00010227	9778	0.999026	FALSE	ORF1ab:cds-YP_009724389.1	TTG	L	TTT	F	494
NC_045512.2	1747	G	T	9777	3793	40	1	1	37	0.00010227	9778	0.999026	FALSE	ORF1ab:cds-YP_009725295.1	TTG	L	TTT	F	494
NC_045512.2	1748	G	T	9641	4007	40	1	0	37	0.000103681	9645	0.999025	FALSE	ORF1ab:cds-YP_009724389.1	GAT	D	TAT	Y	495
NC_045512.2	1748	G	T	9641	4007	40	1	0	37	0.000103681	9645	0.999025	FALSE	ORF1ab:cds-YP_009725295.1	GAT	D	TAT	Y	495
NC_045512.2	1748	G	A	9641	4007	40	3	0	37	0.000311042	9645	0.980742	FALSE	ORF1ab:cds-YP_009724389.1	GAT	D	AAT	N	495
NC_045512.2	1748	G	A	9641	4007	40	3	0	37	0.000311042	9645	0.980742	FALSE	ORF1ab:cds-YP_009725295.1	GAT	D	AAT	N	495
NC_045512.2	1749	A	G	9680	4068	40	3	1	33	0.000309821	9683	0.98075	FALSE	ORF1ab:cds-YP_009724389.1	GAT	D	GGT	G	495
NC_045512.2	1749	A	G	9680	4068	40	3	1	33	0.000309821	9683	0.98075	FALSE	ORF1ab:cds-YP_009725295.1	GAT	D	GGT	G	495
NC_045512.2	1750	T	C	9520	4049	39	5	1	37	0.000524879	9526	0.910297	FALSE	ORF1ab:cds-YP_009724389.1	GAT	D	GAC	D	495
NC_045512.2	1750	T	C	9520	4049	39	5	1	37	0.000524879	9526	0.910297	FALSE	ORF1ab:cds-YP_009725295.1	GAT	D	GAC	D	495
NC_045512.2	1750	T	A	9520	4049	39	1	1	48	0.000104976	9526	0.499895	FALSE	ORF1ab:cds-YP_009724389.1	GAT	D	GAA	E	495
NC_045512.2	1750	T	A	9520	4049	39	1	1	48	0.000104976	9526	0.499895	FALSE	ORF1ab:cds-YP_009725295.1	GAT	D	GAA	E	495
NC_045512.2	1751	T	A	9345	3869	40	1	0	37	0.000106998	9346	0.999026	FALSE	ORF1ab:cds-YP_009724389.1	TAT	Y	AAT	N	496
NC_045512.2	1751	T	A	9345	3869	40	1	0	37	0.000106998	9346	0.999026	FALSE	ORF1ab:cds-YP_009725295.1	TAT	Y	AAT	N	496
NC_045512.2	1754	A	G	10359	5206	42	1	0	37	9.65251e-05	10360	0.999513	FALSE	ORF1ab:cds-YP_009724389.1	AAA	K	GAA	E	497
NC_045512.2	1754	A	G	10359	5206	42	1	0	37	9.65251e-05	10360	0.999513	FALSE	ORF1ab:cds-YP_009725295.1	AAA	K	GAA	E	497
NC_045512.2	1755	A	T	10299	5175	42	1	0	74	9.70685e-05	10302	0.499976	FALSE	ORF1ab:cds-YP_009724389.1	AAA	K	ATA	I	497
NC_045512.2	1755	A	T	10299	5175	42	1	0	74	9.70685e-05	10302	0.499976	FALSE	ORF1ab:cds-YP_009725295.1	AAA	K	ATA	I	497
NC_045512.2	1755	A	G	10299	5175	42	1	0	74	9.70685e-05	10302	0.499976	FALSE	ORF1ab:cds-YP_009724389.1	AAA	K	AGA	R	497
NC_045512.2	1755	A	G	10299	5175	42	1	0	74	9.70685e-05	10302	0.499976	FALSE	ORF1ab:cds-YP_009725295.1	AAA	K	AGA	R	497
NC_045512.2	1755	A	C	10299	5175	42	1	1	37	9.70685e-05	10302	0.999513	FALSE	ORF1ab:cds-YP_009724389.1	AAA	K	ACA	T	497
NC_045512.2	1755	A	C	10299	5175	42	1	1	37	9.70685e-05	10302	0.999513	FALSE	ORF1ab:cds-YP_009725295.1	AAA	K	ACA	T	497
NC_045512.2	1756	A	T	9945	5091	42	1	1	37	0.000100543	9946	0.999026	FALSE	ORF1ab:cds-YP_009724389.1	AAA	K	AAT	N	497
NC_045512.2	1756	A	T	9945	5091	42	1	1	37	0.000100543	9946	0.999026	FALSE	ORF1ab:cds-YP_009725295.1	AAA	K	AAT	N	497
NC_045512.2	1757	G	T	9865	5061	41	1	1	25	0.000101256	9876	1	FALSE	ORF1ab:cds-YP_009724389.1	GCA	A	TCA	S	498
NC_045512.2	1757	G	T	9865	5061	41	1	1	25	0.000101256	9876	1	FALSE	ORF1ab:cds-YP_009725295.1	GCA	A	TCA	S	498
NC_045512.2	1757	G	A	9865	5061	41	10	3	39	0.00101256	9876	0.5	FALSE	ORF1ab:cds-YP_009724389.1	GCA	A	ACA	T	498
NC_045512.2	1757	G	A	9865	5061	41	10	3	39	0.00101256	9876	0.5	FALSE	ORF1ab:cds-YP_009725295.1	GCA	A	ACA	T	498
NC_045512.2	1758	C	T	10138	5270	42	2	1	31	0.0001972	10142	0.996832	FALSE	ORF1ab:cds-YP_009724389.1	GCA	A	GTA	V	498
NC_045512.2	1758	C	T	10138	5270	42	2	1	31	0.0001972	10142	0.996832	FALSE	ORF1ab:cds-YP_009725295.1	GCA	A	GTA	V	498
NC_045512.2	1758	C	A	10138	5270	42	2	1	27	0.0001972	10142	1	FALSE	ORF1ab:cds-YP_009724389.1	GCA	A	GAA	E	498
NC_045512.2	1758	C	A	10138	5270	42	2	1	27	0.0001972	10142	1	FALSE	ORF1ab:cds-YP_009725295.1	GCA	A	GAA	E	498
NC_045512.2	1760	T	C	10170	5318	42	2	2	37	0.000196599	10173	0.996833	FALSE	ORF1ab:cds-YP_009724389.1	TTC	F	CTC	L	499
NC_045512.2	1760	T	C	10170	5318	42	2	2	37	0.000196599	10173	0.996833	FALSE	ORF1ab:cds-YP_009725295.1	TTC	F	CTC	L	499
NC_045512.2	1760	T	A	10170	5318	42	1	1	25	9.82994e-05	10173	1	FALSE	ORF1ab:cds-YP_009724389.1	TTC	F	ATC	I	499
NC_045512.2	1760	T	A	10170	5318	42	1	1	25	9.82994e-05	10173	1	FALSE	ORF1ab:cds-YP_009725295.1	TTC	F	ATC	I	499
NC_045512.2	1762	C	A	10148	5344	42	1	1	37	9.85319e-05	10149	0.999513	FALSE	ORF1ab:cds-YP_009724389.1	TTC	F	TTA	L	499
NC_045512.2	1762	C	A	10148	5344	42	1	1	37	9.85319e-05	10149	0.999513	FALSE	ORF1ab:cds-YP_009725295.1	TTC	F	TTA	L	499
NC_045512.2	1763	A	T	9973	5549	42	2	2	27	0.000200461	9977	1	FALSE	ORF1ab:cds-YP_009724389.1	AAA	K	TAA	*	500
NC_045512.2	1763	A	T	9973	5549	42	2	2	27	0.000200461	9977	1	FALSE	ORF1ab:cds-YP_009725295.1	AAA	K	TAA	*	500
NC_045512.2	1763	A	G	9973	5549	42	2	2	37	0.000200461	9977	0.994149	FALSE	ORF1ab:cds-YP_009724389.1	AAA	K	GAA	E	500
NC_045512.2	1763	A	G	9973	5549	42	2	2	37	0.000200461	9977	0.994149	FALSE	ORF1ab:cds-YP_009725295.1	AAA	K	GAA	E	500
NC_045512.2	1764	A	G	9535	5696	40	1	0	37	0.000104866	9536	0.999026	FALSE	ORF1ab:cds-YP_009724389.1	AAA	K	AGA	R	500
NC_045512.2	1764	A	G	9535	5696	40	1	0	37	0.000104866	9536	0.999026	FALSE	ORF1ab:cds-YP_009725295.1	AAA	K	AGA	R	500
NC_045512.2	1766	C	A	9571	5766	40	1	0	37	0.000104471	9572	0.999026	FALSE	ORF1ab:cds-YP_009724389.1	CAA	Q	AAA	K	501
NC_045512.2	1766	C	A	9571	5766	40	1	0	37	0.000104471	9572	0.999026	FALSE	ORF1ab:cds-YP_009725295.1	CAA	Q	AAA	K	501
NC_045512.2	1767	A	G	9518	5696	40	1	1	37	0.000105053	9519	0.999026	FALSE	ORF1ab:cds-YP_009724389.1	CAA	Q	CGA	R	501
NC_045512.2	1767	A	G	9518	5696	40	1	1	37	0.000105053	9519	0.999026	FALSE	ORF1ab:cds-YP_009725295.1	CAA	Q	CGA	R	501
NC_045512.2	1771	T	G	10204	6543	41	2	2	37	0.000195963	10206	0.996835	FALSE	ORF1ab:cds-YP_009724389.1	ATT	I	ATG	M	502
NC_045512.2	1771	T	G	10204	6543	41	2	2	37	0.000195963	10206	0.996835	FALSE	ORF1ab:cds-YP_009725295.1	ATT	I	ATG	M	502
NC_045512.2	1772	G	A	10619	6537	41	3	2	32	0.000282433	10622	0.988794	FALSE	ORF1ab:cds-YP_009724389.1	GTT	V	ATT	I	503
NC_045512.2	1772	G	A	10619	6537	41	3	2	32	0.000282433	10622	0.988794	FALSE	ORF1ab:cds-YP_009725295.1	GTT	V	ATT	I	503
NC_045512.2	1773	T	C	10657	6565	41	3	1	37	0.000281426	10660	0.988794	FALSE	ORF1ab:cds-YP_009724389.1	GTT	V	GCT	A	503
NC_045512.2	1773	T	C	10657	6565	41	3	1	37	0.000281426	10660	0.988794	FALSE	ORF1ab:cds-YP_009725295.1	GTT	V	GCT	A	503
NC_045512.2	1774	T	C	10617	6560	41	2	1	55	0.000188342	10619	0.250012	FALSE	ORF1ab:cds-YP_009724389.1	GTT	V	GTC	V	503
NC_045512.2	1774	T	C	10617	6560	41	2	1	55	0.000188342	10619	0.250012	FALSE	ORF1ab:cds-YP_009725295.1	GTT	V	GTC	V	503
NC_045512.2	1775	G	A	10642	6600	41	1	1	37	9.39585e-05	10643	0.999513	FALSE	ORF1ab:cds-YP_009724389.1	GAA	E	AAA	K	504
NC_045512.2	1775	G	A	10642	6600	41	1	1	37	9.39585e-05	10643	0.999513	FALSE	ORF1ab:cds-YP_009725295.1	GAA	E	AAA	K	504
NC_045512.2	1776	A	T	10653	6597	41	1	0	74	9.38438e-05	10656	0.499977	FALSE	ORF1ab:cds-YP_009724389.1	GAA	E	GTA	V	504
NC_045512.2	1776	A	T	10653	6597	41	1	0	74	9.38438e-05	10656	0.499977	FALSE	ORF1ab:cds-YP_009725295.1	GAA	E	GTA	V	504
NC_045512.2	1776	A	G	10653	6597	41	2	2	37	0.000187688	10656	0.996833	FALSE	ORF1ab:cds-YP_009724389.1	GAA	E	GGA	G	504
NC_045512.2	1776	A	G	10653	6597	41	2	2	37	0.000187688	10656	0.996833	FALSE	ORF1ab:cds-YP_009725295.1	GAA	E	GGA	G	504
NC_045512.2	1777	A	G	10863	6635	41	2	2	49	0.000184077	10865	0.500035	FALSE	ORF1ab:cds-YP_009724389.1	GAA	E	GAG	E	504
NC_045512.2	1777	A	G	10863	6635	41	2	2	49	0.000184077	10865	0.500035	FALSE	ORF1ab:cds-YP_009725295.1	GAA	E	GAG	E	504
NC_045512.2	1778	T	C	10933	6719	41	1	0	74	9.14578e-05	10934	0.500023	FALSE	ORF1ab:cds-YP_009724389.1	TCC	S	CCC	P	505
NC_045512.2	1778	T	C	10933	6719	41	1	0	74	9.14578e-05	10934	0.500023	FALSE	ORF1ab:cds-YP_009725295.1	TCC	S	CCC	P	505
NC_045512.2	1779	C	T	10685	6484	41	1	1	37	9.35629e-05	10688	0.999513	FALSE	ORF1ab:cds-YP_009724389.1	TCC	S	TTC	F	505
NC_045512.2	1779	C	T	10685	6484	41	1	1	37	9.35629e-05	10688	0.999513	FALSE	ORF1ab:cds-YP_009725295.1	TCC	S	TTC	F	505
NC_045512.2	1779	C	A	10685	6484	41	2	2	37	0.000187126	10688	0.996833	FALSE	ORF1ab:cds-YP_009724389.1	TCC	S	TAC	Y	505
NC_045512.2	1779	C	A	10685	6484	41	2	2	37	0.000187126	10688	0.996833	FALSE	ORF1ab:cds-YP_009725295.1	TCC	S	TAC	Y	505
NC_045512.2	1781	T	C	10054	5963	41	3	2	37	0.000298211	10060	0.98878	FALSE	ORF1ab:cds-YP_009724389.1	TGT	C	CGT	R	506
NC_045512.2	1781	T	C	10054	5963	41	3	2	37	0.000298211	10060	0.98878	FALSE	ORF1ab:cds-YP_009725295.1	TGT	C	CGT	R	506
NC_045512.2	1781	T	A	10054	5963	41	3	2	34	0.000298211	10060	0.98878	FALSE	ORF1ab:cds-YP_009724389.1	TGT	C	AGT	S	506
NC_045512.2	1781	T	A	10054	5963	41	3	2	34	0.000298211	10060	0.98878	FALSE	ORF1ab:cds-YP_009725295.1	TGT	C	AGT	S	506
NC_045512.2	1782	G	A	10192	6024	41	1	1	37	9.81065e-05	10193	0.999513	FALSE	ORF1ab:cds-YP_009724389.1	TGT	C	TAT	Y	506
NC_045512.2	1782	G	A	10192	6024	41	1	1	37	9.81065e-05	10193	0.999513	FALSE	ORF1ab:cds-YP_009725295.1	TGT	C	TAT	Y	506
NC_045512.2	1784	G	T	10276	6170	41	1	1	62	9.73047e-05	10277	0.500024	FALSE	ORF1ab:cds-YP_009724389.1	GGT	G	TGT	C	507
NC_045512.2	1784	G	T	10276	6170	41	1	1	62	9.73047e-05	10277	0.500024	FALSE	ORF1ab:cds-YP_009725295.1	GGT	G	TGT	C	507
NC_045512.2	1786	T	C	10166	6096	41	1	0	37	9.83574e-05	10167	0.999513	FALSE	ORF1ab:cds-YP_009724389.1	GGT	G	GGC	G	507
NC_045512.2	1786	T	C	10166	6096	41	1	0	37	9.83574e-05	10167	0.999513	FALSE	ORF1ab:cds-YP_009725295.1	GGT	G	GGC	G	507
NC_045512.2	1789	T	A	10172	6156	41	1	0	37	9.82994e-05	10173	0.999513	FALSE	ORF1ab:cds-YP_009724389.1	AAT	N	AAA	K	508
NC_045512.2	1789	T	A	10172	6156	41	1	0	37	9.82994e-05	10173	0.999513	FALSE	ORF1ab:cds-YP_009725295.1	AAT	N	AAA	K	508
NC_045512.2	1793	A	G	10266	6387	41	3	3	37	0.000292141	10269	0.988795	FALSE	ORF1ab:cds-YP_009724389.1	AAA	K	GAA	E	510
NC_045512.2	1793	A	G	10266	6387	41	3	3	37	0.000292141	10269	0.988795	FALSE	ORF1ab:cds-YP_009725295.1	AAA	K	GAA	E	510
NC_045512.2	1794	A	G	10190	6331	41	3	0	49	0.00029432	10193	0.312518	FALSE	ORF1ab:cds-YP_009724389.1	AAA	K	AGA	R	510
NC_045512.2	1794	A	G	10190	6331	41	3	0	49	0.00029432	10193	0.312518	FALSE	ORF1ab:cds-YP_009725295.1	AAA	K	AGA	R	510
NC_045512.2	1795	A	G	10227	6436	41	4	2	46	0.00039093	10232	0.187469	FALSE	ORF1ab:cds-YP_009724389.1	AAA	K	AAG	K	510
NC_045512.2	1795	A	G	10227	6436	41	4	2	46	0.00039093	10232	0.187469	FALSE	ORF1ab:cds-YP_009725295.1	AAA	K	AAG	K	510
NC_045512.2	1795	A	C	10227	6436	41	1	1	25	9.77326e-05	10232	1	FALSE	ORF1ab:cds-YP_009724389.1	AAA	K	AAC	N	510
NC_045512.2	1795	A	C	10227	6436	41	1	1	25	9.77326e-05	10232	1	FALSE	ORF1ab:cds-YP_009725295.1	AAA	K	AAC	N	510
NC_045512.2	1798	T	C	10381	6565	41	1	1	37	9.63113e-05	10383	0.999513	FALSE	ORF1ab:cds-YP_009724389.1	GTT	V	GTC	V	511
NC_045512.2	1798	T	C	10381	6565	41	1	1	37	9.63113e-05	10383	0.999513	FALSE	ORF1ab:cds-YP_009725295.1	GTT	V	GTC	V	511
NC_045512.2	1798	T	A	10381	6565	41	1	1	37	9.63113e-05	10383	0.999513	FALSE	ORF1ab:cds-YP_009724389.1	GTT	V	GTA	V	511
NC_045512.2	1798	T	A	10381	6565	41	1	1	37	9.63113e-05	10383	0.999513	FALSE	ORF1ab:cds-YP_009725295.1	GTT	V	GTA	V	511
NC_045512.2	1799	A	G	10393	6590	42	1	0	37	9.62094e-05	10394	0.999513	FALSE	ORF1ab:cds-YP_009724389.1	ACA	T	GCA	A	512
NC_045512.2	1799	A	G	10393	6590	42	1	0	37	9.62094e-05	10394	0.999513	FALSE	ORF1ab:cds-YP_009725295.1	ACA	T	GCA	A	512
NC_045512.2	1800	C	-A	10361	6593	41	1	0	20	9.65158e-05	10361	1	FALSE	NA	NA	NA	NA	NA	NA
NC_045512.2	1800	C	+A	10361	6593	41	1	0	20	9.65158e-05	10361	1	FALSE	NA	NA	NA	NA	NA	NA
NC_045512.2	1801	A	G	10385	6653	42	1	0	37	9.62835e-05	10386	0.999513	FALSE	ORF1ab:cds-YP_009724389.1	ACA	T	ACG	T	512
NC_045512.2	1801	A	G	10385	6653	42	1	0	37	9.62835e-05	10386	0.999513	FALSE	ORF1ab:cds-YP_009725295.1	ACA	T	ACG	T	512
NC_045512.2	1802	A	T	10264	6680	41	1	1	74	9.74089e-05	10266	0.5	FALSE	ORF1ab:cds-YP_009724389.1	AAA	K	TAA	*	513
NC_045512.2	1802	A	T	10264	6680	41	1	1	74	9.74089e-05	10266	0.5	FALSE	ORF1ab:cds-YP_009725295.1	AAA	K	TAA	*	513
NC_045512.2	1802	A	C	10264	6680	41	1	0	37	9.74089e-05	10266	0.999513	FALSE	ORF1ab:cds-YP_009724389.1	AAA	K	CAA	Q	513
NC_045512.2	1802	A	C	10264	6680	41	1	0	37	9.74089e-05	10266	0.999513	FALSE	ORF1ab:cds-YP_009725295.1	AAA	K	CAA	Q	513
NC_045512.2	1803	A	T	10172	6604	41	1	1	37	9.82994e-05	10173	0.999513	FALSE	ORF1ab:cds-YP_009724389.1	AAA	K	ATA	I	513
NC_045512.2	1803	A	T	10172	6604	41	1	1	37	9.82994e-05	10173	0.999513	FALSE	ORF1ab:cds-YP_009725295.1	AAA	K	ATA	I	513
NC_045512.2	1804	A	T	10203	6640	41	2	2	37	0.000195963	10206	0.996833	FALSE	ORF1ab:cds-YP_009724389.1	AAA	K	AAT	N	513
NC_045512.2	1804	A	T	10203	6640	41	2	2	37	0.000195963	10206	0.996833	FALSE	ORF1ab:cds-YP_009725295.1	AAA	K	AAT	N	513
NC_045512.2	1804	A	G	10203	6640	41	1	1	37	9.79816e-05	10206	0.999513	FALSE	ORF1ab:cds-YP_009724389.1	AAA	K	AAG	K	513
NC_045512.2	1804	A	G	10203	6640	41	1	1	37	9.79816e-05	10206	0.999513	FALSE	ORF1ab:cds-YP_009725295.1	AAA	K	AAG	K	513
NC_045512.2	1805	G	T	10201	6621	41	1	0	62	9.802e-05	10202	0.500025	FALSE	ORF1ab:cds-YP_009724389.1	GGA	G	TGA	*	514
NC_045512.2	1805	G	T	10201	6621	41	1	0	62	9.802e-05	10202	0.500025	FALSE	ORF1ab:cds-YP_009725295.1	GGA	G	TGA	*	514
NC_045512.2	1806	G	C	10259	6695	41	1	1	37	9.74564e-05	10261	0.999513	FALSE	ORF1ab:cds-YP_009724389.1	GGA	G	GCA	A	514
NC_045512.2	1806	G	C	10259	6695	41	1	1	37	9.74564e-05	10261	0.999513	FALSE	ORF1ab:cds-YP_009725295.1	GGA	G	GCA	A	514
NC_045512.2	1806	G	A	10259	6695	41	1	1	37	9.74564e-05	10261	0.999513	FALSE	ORF1ab:cds-YP_009724389.1	GGA	G	GAA	E	514
NC_045512.2	1806	G	A	10259	6695	41	1	1	37	9.74564e-05	10261	0.999513	FALSE	ORF1ab:cds-YP_009725295.1	GGA	G	GAA	E	514
NC_045512.2	1806	G	-A	10259	6695	41	2	0	20	0.000194913	10261	1	FALSE	NA	NA	NA	NA	NA	NA
NC_045512.2	1807	A	T	10346	6719	41	1	1	25	9.66277e-05	10349	1	FALSE	ORF1ab:cds-YP_009724389.1	GGA	G	GGT	G	514
NC_045512.2	1807	A	T	10346	6719	41	1	1	25	9.66277e-05	10349	1	FALSE	ORF1ab:cds-YP_009725295.1	GGA	G	GGT	G	514
NC_045512.2	1807	A	G	10346	6719	41	2	2	37	0.000193255	10349	0.99683	FALSE	ORF1ab:cds-YP_009724389.1	GGA	G	GGG	G	514
NC_045512.2	1807	A	G	10346	6719	41	2	2	37	0.000193255	10349	0.99683	FALSE	ORF1ab:cds-YP_009725295.1	GGA	G	GGG	G	514
NC_045512.2	1808	A	G	10279	6712	41	1	1	37	9.72763e-05	10280	0.999513	FALSE	ORF1ab:cds-YP_009724389.1	AAA	K	GAA	E	515
NC_045512.2	1808	A	G	10279	6712	41	1	1	37	9.72763e-05	10280	0.999513	FALSE	ORF1ab:cds-YP_009725295.1	AAA	K	GAA	E	515
NC_045512.2	1809	A	C	10243	6643	41	2	2	31	0.000195217	10245	0.996835	FALSE	ORF1ab:cds-YP_009724389.1	AAA	K	ACA	T	515
NC_045512.2	1809	A	C	10243	6643	41	2	2	31	0.000195217	10245	0.996835	FALSE	ORF1ab:cds-YP_009725295.1	AAA	K	ACA	T	515
NC_045512.2	1810	A	G	10187	6693	40	3	1	49	0.000294406	10190	0.312518	FALSE	ORF1ab:cds-YP_009724389.1	AAA	K	AAG	K	515
NC_045512.2	1810	A	G	10187	6693	40	3	1	49	0.000294406	10190	0.312518	FALSE	ORF1ab:cds-YP_009725295.1	AAA	K	AAG	K	515
NC_045512.2	1811	G	T	10360	6793	41	1	1	37	9.64785e-05	10365	0.999512	FALSE	ORF1ab:cds-YP_009724389.1	GCT	A	TCT	S	516
NC_045512.2	1811	G	T	10360	6793	41	1	1	37	9.64785e-05	10365	0.999512	FALSE	ORF1ab:cds-YP_009725295.1	GCT	A	TCT	S	516
NC_045512.2	1811	G	C	10360	6793	41	1	1	25	9.64785e-05	10365	1	FALSE	ORF1ab:cds-YP_009724389.1	GCT	A	CCT	P	516
NC_045512.2	1811	G	C	10360	6793	41	1	1	25	9.64785e-05	10365	1	FALSE	ORF1ab:cds-YP_009725295.1	GCT	A	CCT	P	516
NC_045512.2	1811	G	A	10360	6793	41	3	1	37	0.000289436	10365	0.988785	FALSE	ORF1ab:cds-YP_009724389.1	GCT	A	ACT	T	516
NC_045512.2	1811	G	A	10360	6793	41	3	1	37	0.000289436	10365	0.988785	FALSE	ORF1ab:cds-YP_009725295.1	GCT	A	ACT	T	516
NC_045512.2	1812	C	T	10583	7100	41	1	1	37	9.44822e-05	10584	0.999513	FALSE	ORF1ab:cds-YP_009724389.1	GCT	A	GTT	V	516
NC_045512.2	1812	C	T	10583	7100	41	1	1	37	9.44822e-05	10584	0.999513	FALSE	ORF1ab:cds-YP_009725295.1	GCT	A	GTT	V	516
NC_045512.2	1813	T	A	10552	7061	41	1	1	37	9.47598e-05	10553	0.999513	FALSE	ORF1ab:cds-YP_009724389.1	GCT	A	GCA	A	516
NC_045512.2	1813	T	A	10552	7061	41	1	1	37	9.47598e-05	10553	0.999513	FALSE	ORF1ab:cds-YP_009725295.1	GCT	A	GCA	A	516
NC_045512.2	1813	T	-A	10552	7061	41	44	0	20	0.00416943	10553	1	FALSE	NA	NA	NA	NA	NA	NA
NC_045512.2	1814	A	T	10446	7030	41	1	1	25	9.56755e-05	10452	1	FALSE	ORF1ab:cds-YP_009724389.1	AAA	K	TAA	*	517
NC_045512.2	1814	A	T	10446	7030	41	1	1	25	9.56755e-05	10452	1	FALSE	ORF1ab:cds-YP_009725295.1	AAA	K	TAA	*	517
NC_045512.2	1814	A	G	10446	7030	41	5	4	44	0.000478377	10452	0.108338	FALSE	ORF1ab:cds-YP_009724389.1	AAA	K	GAA	E	517
NC_045512.2	1814	A	G	10446	7030	41	5	4	44	0.000478377	10452	0.108338	FALSE	ORF1ab:cds-YP_009725295.1	AAA	K	GAA	E	517
NC_045512.2	1816	A	G	10366	7027	41	3	1	40	0.000289324	10369	0.312518	FALSE	ORF1ab:cds-YP_009724389.1	AAA	K	AAG	K	517
NC_045512.2	1816	A	G	10366	7027	41	3	1	40	0.000289324	10369	0.312518	FALSE	ORF1ab:cds-YP_009725295.1	AAA	K	AAG	K	517
NC_045512.2	1817	A	T	10333	7025	41	1	1	74	9.67586e-05	10335	0.5	FALSE	ORF1ab:cds-YP_009724389.1	AAA	K	TAA	*	518
NC_045512.2	1817	A	T	10333	7025	41	1	1	74	9.67586e-05	10335	0.5	FALSE	ORF1ab:cds-YP_009725295.1	AAA	K	TAA	*	518
NC_045512.2	1817	A	G	10333	7025	41	1	1	37	9.67586e-05	10335	0.999513	FALSE	ORF1ab:cds-YP_009724389.1	AAA	K	GAA	E	518
NC_045512.2	1817	A	G	10333	7025	41	1	1	37	9.67586e-05	10335	0.999513	FALSE	ORF1ab:cds-YP_009725295.1	AAA	K	GAA	E	518
NC_045512.2	1819	A	G	10240	7075	41	7	3	52	0.00068306	10248	0.0078045	TRUE	ORF1ab:cds-YP_009724389.1	AAA	K	AAG	K	518
NC_045512.2	1819	A	G	10240	7075	41	7	3	52	0.00068306	10248	0.0078045	TRUE	ORF1ab:cds-YP_009725295.1	AAA	K	AAG	K	518
NC_045512.2	1819	A	C	10240	7075	41	1	1	37	9.758e-05	10248	0.999511	FALSE	ORF1ab:cds-YP_009724389.1	AAA	K	AAC	N	518
NC_045512.2	1819	A	C	10240	7075	41	1	1	37	9.758e-05	10248	0.999511	FALSE	ORF1ab:cds-YP_009725295.1	AAA	K	AAC	N	518
NC_045512.2	1820	G	T	10121	6991	41	1	0	25	9.87752e-05	10124	1	FALSE	ORF1ab:cds-YP_009724389.1	GGT	G	TGT	C	519
NC_045512.2	1820	G	T	10121	6991	41	1	0	25	9.87752e-05	10124	1	FALSE	ORF1ab:cds-YP_009725295.1	GGT	G	TGT	C	519
NC_045512.2	1820	G	A	10121	6991	41	2	1	37	0.00019755	10124	0.996833	FALSE	ORF1ab:cds-YP_009724389.1	GGT	G	AGT	S	519
NC_045512.2	1820	G	A	10121	6991	41	2	1	37	0.00019755	10124	0.996833	FALSE	ORF1ab:cds-YP_009725295.1	GGT	G	AGT	S	519
NC_045512.2	1821	G	A	10118	7007	41	2	0	37	0.000197628	10120	0.996835	FALSE	ORF1ab:cds-YP_009724389.1	GGT	G	GAT	D	519
NC_045512.2	1821	G	A	10118	7007	41	2	0	37	0.000197628	10120	0.996835	FALSE	ORF1ab:cds-YP_009725295.1	GGT	G	GAT	D	519
NC_045512.2	1822	T	C	10017	6861	41	2	2	37	0.000199621	10019	0.996835	FALSE	ORF1ab:cds-YP_009724389.1	GGT	G	GGC	G	519
NC_045512.2	1822	T	C	10017	6861	41	2	2	37	0.000199621	10019	0.996835	FALSE	ORF1ab:cds-YP_009725295.1	GGT	G	GGC	G	519
NC_045512.2	1823	G	A	10074	6927	41	3	1	37	0.000297708	10077	0.988796	FALSE	ORF1ab:cds-YP_009724389.1	GCC	A	ACC	T	520
NC_045512.2	1823	G	A	10074	6927	41	3	1	37	0.000297708	10077	0.988796	FALSE	ORF1ab:cds-YP_009725295.1	GCC	A	ACC	T	520
NC_045512.2	1824	C	T	10013	6891	41	12	8	37	0.00119701	10025	0.415952	FALSE	ORF1ab:cds-YP_009724389.1	GCC	A	GTC	V	520
NC_045512.2	1824	C	T	10013	6891	41	12	8	37	0.00119701	10025	0.415952	FALSE	ORF1ab:cds-YP_009725295.1	GCC	A	GTC	V	520
NC_045512.2	1825	C	T	10189	7126	41	2	2	37	0.000196252	10191	0.996835	FALSE	ORF1ab:cds-YP_009724389.1	GCC	A	GCT	A	520
NC_045512.2	1825	C	T	10189	7126	41	2	2	37	0.000196252	10191	0.996835	FALSE	ORF1ab:cds-YP_009725295.1	GCC	A	GCT	A	520
NC_045512.2	1826	T	C	11425	8679	43	4	4	43	0.000348038	11493	0.18576	FALSE	ORF1ab:cds-YP_009724389.1	TGG	W	CGG	R	521
NC_045512.2	1826	T	C	11425	8679	43	4	4	43	0.000348038	11493	0.18576	FALSE	ORF1ab:cds-YP_009725295.1	TGG	W	CGG	R	521
NC_045512.2	1826	T	A	11425	8679	43	64	63	36	0.00556861	11493	1.45268e-10	TRUE	ORF1ab:cds-YP_009724389.1	TGG	W	AGG	R	521
NC_045512.2	1826	T	A	11425	8679	43	64	63	36	0.00556861	11493	1.45268e-10	TRUE	ORF1ab:cds-YP_009725295.1	TGG	W	AGG	R	521
NC_045512.2	1827	G	T	11507	8875	43	1	1	37	8.68961e-05	11508	0.999757	FALSE	ORF1ab:cds-YP_009724389.1	TGG	W	TTG	L	521
NC_045512.2	1827	G	T	11507	8875	43	1	1	37	8.68961e-05	11508	0.999757	FALSE	ORF1ab:cds-YP_009725295.1	TGG	W	TTG	L	521
NC_045512.2	1828	G	T	11816	9005	43	1	0	37	8.46095e-05	11819	0.999756	FALSE	ORF1ab:cds-YP_009724389.1	TGG	W	TGT	C	521
NC_045512.2	1828	G	T	11816	9005	43	1	0	37	8.46095e-05	11819	0.999756	FALSE	ORF1ab:cds-YP_009725295.1	TGG	W	TGT	C	521
NC_045512.2	1828	G	A	11816	9005	43	2	1	55	0.000169219	11819	0.249989	FALSE	ORF1ab:cds-YP_009724389.1	TGG	W	TGA	*	521
NC_045512.2	1828	G	A	11816	9005	43	2	1	55	0.000169219	11819	0.249989	FALSE	ORF1ab:cds-YP_009725295.1	TGG	W	TGA	*	521
NC_045512.2	1829	A	T	11787	8944	43	1	1	25	8.48248e-05	11789	1	FALSE	ORF1ab:cds-YP_009724389.1	AAT	N	TAT	Y	522
NC_045512.2	1829	A	T	11787	8944	43	1	1	25	8.48248e-05	11789	1	FALSE	ORF1ab:cds-YP_009725295.1	AAT	N	TAT	Y	522
NC_045512.2	1829	A	G	11787	8944	43	1	0	37	8.48248e-05	11789	0.999757	FALSE	ORF1ab:cds-YP_009724389.1	AAT	N	GAT	D	522
NC_045512.2	1829	A	G	11787	8944	43	1	0	37	8.48248e-05	11789	0.999757	FALSE	ORF1ab:cds-YP_009725295.1	AAT	N	GAT	D	522
NC_045512.2	1830	A	C	11593	8879	41	1	0	25	8.62515e-05	11594	1	FALSE	ORF1ab:cds-YP_009724389.1	AAT	N	ACT	T	522
NC_045512.2	1830	A	C	11593	8879	41	1	0	25	8.62515e-05	11594	1	FALSE	ORF1ab:cds-YP_009725295.1	AAT	N	ACT	T	522
NC_045512.2	1833	T	C	11691	8859	43	1	1	37	8.55213e-05	11693	0.999757	FALSE	ORF1ab:cds-YP_009724389.1	ATT	I	ACT	T	523
NC_045512.2	1833	T	C	11691	8859	43	1	1	37	8.55213e-05	11693	0.999757	FALSE	ORF1ab:cds-YP_009725295.1	ATT	I	ACT	T	523
NC_045512.2	1833	T	A	11691	8859	43	1	0	37	8.55213e-05	11693	0.999757	FALSE	ORF1ab:cds-YP_009724389.1	ATT	I	AAT	N	523
NC_045512.2	1833	T	A	11691	8859	43	1	0	37	8.55213e-05	11693	0.999757	FALSE	ORF1ab:cds-YP_009725295.1	ATT	I	AAT	N	523
NC_045512.2	1834	T	C	11621	8791	43	3	1	37	0.000258087	11624	0.993546	FALSE	ORF1ab:cds-YP_009724389.1	ATT	I	ATC	I	523
NC_045512.2	1834	T	C	11621	8791	43	3	1	37	0.000258087	11624	0.993546	FALSE	ORF1ab:cds-YP_009725295.1	ATT	I	ATC	I	523
NC_045512.2	1835	G	T	11425	8974	41	1	0	25	8.75044e-05	11428	1	FALSE	ORF1ab:cds-YP_009724389.1	GGT	G	TGT	C	524
NC_045512.2	1835	G	T	11425	8974	41	1	0	25	8.75044e-05	11428	1	FALSE	ORF1ab:cds-YP_009725295.1	GGT	G	TGT	C	524
NC_045512.2	1835	G	A	11425	8974	41	2	2	37	0.000175009	11428	0.998295	FALSE	ORF1ab:cds-YP_009724389.1	GGT	G	AGT	S	524
NC_045512.2	1835	G	A	11425	8974	41	2	2	37	0.000175009	11428	0.998295	FALSE	ORF1ab:cds-YP_009725295.1	GGT	G	AGT	S	524
NC_045512.2	1836	G	T	11857	9623	42	1	0	74	8.4317e-05	11860	0.499979	FALSE	ORF1ab:cds-YP_009724389.1	GGT	G	GTT	V	524
NC_045512.2	1836	G	T	11857	9623	42	1	0	74	8.4317e-05	11860	0.499979	FALSE	ORF1ab:cds-YP_009725295.1	GGT	G	GTT	V	524
NC_045512.2	1836	G	A	11857	9623	42	2	2	37	0.000168634	11860	0.998295	FALSE	ORF1ab:cds-YP_009724389.1	GGT	G	GAT	D	524
NC_045512.2	1836	G	A	11857	9623	42	2	2	37	0.000168634	11860	0.998295	FALSE	ORF1ab:cds-YP_009725295.1	GGT	G	GAT	D	524
NC_045512.2	1838	G	A	11033	8921	42	2	2	37	0.000181242	11035	0.998296	FALSE	ORF1ab:cds-YP_009724389.1	GAA	E	AAA	K	525
NC_045512.2	1838	G	A	11033	8921	42	2	2	37	0.000181242	11035	0.998296	FALSE	ORF1ab:cds-YP_009725295.1	GAA	E	AAA	K	525
NC_045512.2	1839	A	G	10955	8845	42	2	2	37	0.000182532	10957	0.996834	FALSE	ORF1ab:cds-YP_009724389.1	GAA	E	GGA	G	525
NC_045512.2	1839	A	G	10955	8845	42	2	2	37	0.000182532	10957	0.996834	FALSE	ORF1ab:cds-YP_009725295.1	GAA	E	GGA	G	525
NC_045512.2	1840	A	T	10922	8803	42	1	1	25	9.15416e-05	10924	1	FALSE	ORF1ab:cds-YP_009724389.1	GAA	E	GAT	D	525
NC_045512.2	1840	A	T	10922	8803	42	1	1	25	9.15416e-05	10924	1	FALSE	ORF1ab:cds-YP_009725295.1	GAA	E	GAT	D	525
NC_045512.2	1840	A	G	10922	8803	42	1	1	37	9.15416e-05	10924	0.999513	FALSE	ORF1ab:cds-YP_009724389.1	GAA	E	GAG	E	525
NC_045512.2	1840	A	G	10922	8803	42	1	1	37	9.15416e-05	10924	0.999513	FALSE	ORF1ab:cds-YP_009725295.1	GAA	E	GAG	E	525
NC_045512.2	1841	C	T	11005	8869	42	3	3	37	0.000272504	11009	0.993544	FALSE	ORF1ab:cds-YP_009724389.1	CAG	Q	TAG	*	526
NC_045512.2	1841	C	T	11005	8869	42	3	3	37	0.000272504	11009	0.993544	FALSE	ORF1ab:cds-YP_009725295.1	CAG	Q	TAG	*	526
NC_045512.2	1841	C	A	11005	8869	42	1	1	37	9.08348e-05	11009	0.999756	FALSE	ORF1ab:cds-YP_009724389.1	CAG	Q	AAG	K	526
NC_045512.2	1841	C	A	11005	8869	42	1	1	37	9.08348e-05	11009	0.999756	FALSE	ORF1ab:cds-YP_009725295.1	CAG	Q	AAG	K	526
NC_045512.2	1842	A	G	10980	8873	42	1	1	25	9.10664e-05	10981	1	FALSE	ORF1ab:cds-YP_009724389.1	CAG	Q	CGG	R	526
NC_045512.2	1842	A	G	10980	8873	42	1	1	25	9.10664e-05	10981	1	FALSE	ORF1ab:cds-YP_009725295.1	CAG	Q	CGG	R	526
NC_045512.2	1843	G	T	10862	9128	41	3	3	37	0.000276065	10867	0.988784	FALSE	ORF1ab:cds-YP_009724389.1	CAG	Q	CAT	H	526
NC_045512.2	1843	G	T	10862	9128	41	3	3	37	0.000276065	10867	0.988784	FALSE	ORF1ab:cds-YP_009725295.1	CAG	Q	CAT	H	526
NC_045512.2	1843	G	A	10862	9128	41	2	2	42	0.000184043	10867	0.499931	FALSE	ORF1ab:cds-YP_009724389.1	CAG	Q	CAA	Q	526
NC_045512.2	1843	G	A	10862	9128	41	2	2	42	0.000184043	10867	0.499931	FALSE	ORF1ab:cds-YP_009725295.1	CAG	Q	CAA	Q	526
NC_045512.2	1843	G	-A	10862	9128	41	1	0	20	9.20217e-05	10867	1	FALSE	NA	NA	NA	NA	NA	NA
NC_045512.2	1844	A	G	10766	9045	41	1	1	37	9.28764e-05	10767	0.999513	FALSE	ORF1ab:cds-YP_009724389.1	AAA	K	GAA	E	527
NC_045512.2	1844	A	G	10766	9045	41	1	1	37	9.28764e-05	10767	0.999513	FALSE	ORF1ab:cds-YP_009725295.1	AAA	K	GAA	E	527
NC_045512.2	1845	A	T	10817	8872	41	1	1	25	9.243e-05	10819	1	FALSE	ORF1ab:cds-YP_009724389.1	AAA	K	ATA	I	527
NC_045512.2	1845	A	T	10817	8872	41	1	1	25	9.243e-05	10819	1	FALSE	ORF1ab:cds-YP_009725295.1	AAA	K	ATA	I	527
NC_045512.2	1845	A	G	10817	8872	41	1	0	74	9.243e-05	10819	0.5	FALSE	ORF1ab:cds-YP_009724389.1	AAA	K	AGA	R	527
NC_045512.2	1845	A	G	10817	8872	41	1	0	74	9.243e-05	10819	0.5	FALSE	ORF1ab:cds-YP_009725295.1	AAA	K	AGA	R	527
NC_045512.2	1846	A	G	10926	8978	41	1	1	37	9.15164e-05	10927	0.999513	FALSE	ORF1ab:cds-YP_009724389.1	AAA	K	AAG	K	527
NC_045512.2	1846	A	G	10926	8978	41	1	1	37	9.15164e-05	10927	0.999513	FALSE	ORF1ab:cds-YP_009725295.1	AAA	K	AAG	K	527
NC_045512.2	1847	T	C	10952	9011	41	2	1	37	0.000182582	10954	0.996834	FALSE	ORF1ab:cds-YP_009724389.1	TCA	S	CCA	P	528
NC_045512.2	1847	T	C	10952	9011	41	2	1	37	0.000182582	10954	0.996834	FALSE	ORF1ab:cds-YP_009725295.1	TCA	S	CCA	P	528
NC_045512.2	1848	C	T	10941	9172	40	1	0	37	9.13826e-05	10943	0.999513	FALSE	ORF1ab:cds-YP_009724389.1	TCA	S	TTA	L	528
NC_045512.2	1848	C	T	10941	9172	40	1	0	37	9.13826e-05	10943	0.999513	FALSE	ORF1ab:cds-YP_009725295.1	TCA	S	TTA	L	528
NC_045512.2	1848	C	A	10941	9172	40	1	1	37	9.13826e-05	10943	0.999513	FALSE	ORF1ab:cds-YP_009724389.1	TCA	S	TAA	*	528
NC_045512.2	1848	C	A	10941	9172	40	1	1	37	9.13826e-05	10943	0.999513	FALSE	ORF1ab:cds-YP_009725295.1	TCA	S	TAA	*	528
NC_045512.2	1849	A	T	10719	8956	40	1	1	37	9.32836e-05	10720	0.999513	FALSE	ORF1ab:cds-YP_009724389.1	TCA	S	TCT	S	528
NC_045512.2	1849	A	T	10719	8956	40	1	1	37	9.32836e-05	10720	0.999513	FALSE	ORF1ab:cds-YP_009725295.1	TCA	S	TCT	S	528
NC_045512.2	1849	A	-AT	10719	8956	40	1	0	20	9.32836e-05	10720	1	FALSE	NA	NA	NA	NA	NA	NA
NC_045512.2	1850	A	T	10609	8845	40	1	1	25	9.42507e-05	10610	1	FALSE	ORF1ab:cds-YP_009724389.1	ATA	I	TTA	L	529
NC_045512.2	1850	A	T	10609	8845	40	1	1	25	9.42507e-05	10610	1	FALSE	ORF1ab:cds-YP_009725295.1	ATA	I	TTA	L	529
NC_045512.2	1851	T	C	10599	8929	40	1	1	37	9.43396e-05	10600	0.999513	FALSE	ORF1ab:cds-YP_009724389.1	ATA	I	ACA	T	529
NC_045512.2	1851	T	C	10599	8929	40	1	1	37	9.43396e-05	10600	0.999513	FALSE	ORF1ab:cds-YP_009725295.1	ATA	I	ACA	T	529
NC_045512.2	1852	A	T	10652	9039	40	1	1	20	9.38615e-05	10654	1	FALSE	ORF1ab:cds-YP_009724389.1	ATA	I	ATT	I	529
NC_045512.2	1852	A	T	10652	9039	40	1	1	20	9.38615e-05	10654	1	FALSE	ORF1ab:cds-YP_009725295.1	ATA	I	ATT	I	529
NC_045512.2	1852	A	G	10652	9039	40	1	1	37	9.38615e-05	10654	0.999513	FALSE	ORF1ab:cds-YP_009724389.1	ATA	I	ATG	M	529
NC_045512.2	1852	A	G	10652	9039	40	1	1	37	9.38615e-05	10654	0.999513	FALSE	ORF1ab:cds-YP_009725295.1	ATA	I	ATG	M	529
NC_045512.2	1853	C	T	10800	9211	41	3	3	33	0.000277675	10804	0.988789	FALSE	ORF1ab:cds-YP_009724389.1	CTG	L	TTG	L	530
NC_045512.2	1853	C	T	10800	9211	41	3	3	33	0.000277675	10804	0.988789	FALSE	ORF1ab:cds-YP_009725295.1	CTG	L	TTG	L	530
NC_045512.2	1853	C	A	10800	9211	41	1	1	37	9.25583e-05	10804	0.999512	FALSE	ORF1ab:cds-YP_009724389.1	CTG	L	ATG	M	530
NC_045512.2	1853	C	A	10800	9211	41	1	1	37	9.25583e-05	10804	0.999512	FALSE	ORF1ab:cds-YP_009725295.1	CTG	L	ATG	M	530
NC_045512.2	1854	T	G	9610	8215	42	1	1	37	0.000104026	9613	0.999025	FALSE	ORF1ab:cds-YP_009724389.1	CTG	L	CGG	R	530
NC_045512.2	1854	T	G	9610	8215	42	1	1	37	0.000104026	9613	0.999025	FALSE	ORF1ab:cds-YP_009725295.1	CTG	L	CGG	R	530
NC_045512.2	1854	T	C	9610	8215	42	2	1	55	0.000208052	9613	0.249987	FALSE	ORF1ab:cds-YP_009724389.1	CTG	L	CCG	P	530
NC_045512.2	1854	T	C	9610	8215	42	2	1	55	0.000208052	9613	0.249987	FALSE	ORF1ab:cds-YP_009725295.1	CTG	L	CCG	P	530
NC_045512.2	1856	A	G	9594	8247	43	2	2	37	0.00020842	9596	0.994155	FALSE	ORF1ab:cds-YP_009724389.1	AGT	S	GGT	G	531
NC_045512.2	1856	A	G	9594	8247	43	2	2	37	0.00020842	9596	0.994155	FALSE	ORF1ab:cds-YP_009725295.1	AGT	S	GGT	G	531
NC_045512.2	1858	T	C	9719	8436	43	2	2	37	0.00020574	9721	0.994154	FALSE	ORF1ab:cds-YP_009724389.1	AGT	S	AGC	S	531
NC_045512.2	1858	T	C	9719	8436	43	2	2	37	0.00020574	9721	0.994154	FALSE	ORF1ab:cds-YP_009725295.1	AGT	S	AGC	S	531
NC_045512.2	1859	C	G	9579	8404	43	1	1	37	0.000104384	9580	0.999026	FALSE	ORF1ab:cds-YP_009724389.1	CCT	P	GCT	A	532
NC_045512.2	1859	C	G	9579	8404	43	1	1	37	0.000104384	9580	0.999026	FALSE	ORF1ab:cds-YP_009725295.1	CCT	P	GCT	A	532
NC_045512.2	1860	C	G	9626	8461	44	1	1	37	0.000103864	9628	0.999026	FALSE	ORF1ab:cds-YP_009724389.1	CCT	P	CGT	R	532
NC_045512.2	1860	C	G	9626	8461	44	1	1	37	0.000103864	9628	0.999026	FALSE	ORF1ab:cds-YP_009725295.1	CCT	P	CGT	R	532
NC_045512.2	1860	C	A	9626	8461	44	1	1	37	0.000103864	9628	0.999026	FALSE	ORF1ab:cds-YP_009724389.1	CCT	P	CAT	H	532
NC_045512.2	1860	C	A	9626	8461	44	1	1	37	0.000103864	9628	0.999026	FALSE	ORF1ab:cds-YP_009725295.1	CCT	P	CAT	H	532
NC_045512.2	1861	T	C	9328	8160	43	1	1	74	0.000107193	9329	0.500027	FALSE	ORF1ab:cds-YP_009724389.1	CCT	P	CCC	P	532
NC_045512.2	1861	T	C	9328	8160	43	1	1	74	0.000107193	9329	0.500027	FALSE	ORF1ab:cds-YP_009725295.1	CCT	P	CCC	P	532
NC_045512.2	1862	C	T	9440	8267	44	2	2	55	0.000211797	9443	0.249987	FALSE	ORF1ab:cds-YP_009724389.1	CTT	L	TTT	F	533
NC_045512.2	1862	C	T	9440	8267	44	2	2	55	0.000211797	9443	0.249987	FALSE	ORF1ab:cds-YP_009725295.1	CTT	L	TTT	F	533
NC_045512.2	1862	C	A	9440	8267	44	1	1	25	0.000105899	9443	1	FALSE	ORF1ab:cds-YP_009724389.1	CTT	L	ATT	I	533
NC_045512.2	1862	C	A	9440	8267	44	1	1	25	0.000105899	9443	1	FALSE	ORF1ab:cds-YP_009725295.1	CTT	L	ATT	I	533
NC_045512.2	1863	T	G	9471	8308	44	1	1	25	0.000105563	9473	1	FALSE	ORF1ab:cds-YP_009724389.1	CTT	L	CGT	R	533
NC_045512.2	1863	T	G	9471	8308	44	1	1	25	0.000105563	9473	1	FALSE	ORF1ab:cds-YP_009725295.1	CTT	L	CGT	R	533
NC_045512.2	1863	T	C	9471	8308	44	1	1	37	0.000105563	9473	0.999026	FALSE	ORF1ab:cds-YP_009724389.1	CTT	L	CCT	P	533
NC_045512.2	1863	T	C	9471	8308	44	1	1	37	0.000105563	9473	0.999026	FALSE	ORF1ab:cds-YP_009725295.1	CTT	L	CCT	P	533
NC_045512.2	1864	T	C	9449	8293	44	1	1	22	0.00010582	9450	1	FALSE	ORF1ab:cds-YP_009724389.1	CTT	L	CTC	L	533
NC_045512.2	1864	T	C	9449	8293	44	1	1	22	0.00010582	9450	1	FALSE	ORF1ab:cds-YP_009725295.1	CTT	L	CTC	L	533
NC_045512.2	1865	T	A	9453	8303	44	1	0	22	0.000105775	9454	1	FALSE	ORF1ab:cds-YP_009724389.1	TAT	Y	AAT	N	534
NC_045512.2	1865	T	A	9453	8303	44	1	0	22	0.000105775	9454	1	FALSE	ORF1ab:cds-YP_009725295.1	TAT	Y	AAT	N	534
NC_045512.2	1867	T	C	9288	8145	44	3	3	45	0.000322893	9291	0.125	FALSE	ORF1ab:cds-YP_009724389.1	TAT	Y	TAC	Y	534
NC_045512.2	1867	T	C	9288	8145	44	3	3	45	0.000322893	9291	0.125	FALSE	ORF1ab:cds-YP_009725295.1	TAT	Y	TAC	Y	534
NC_045512.2	1868	G	A	9281	8143	43	4	4	33	0.000430802	9285	0.953933	FALSE	ORF1ab:cds-YP_009724389.1	GCA	A	ACA	T	535
NC_045512.2	1868	G	A	9281	8143	43	4	4	33	0.000430802	9285	0.953933	FALSE	ORF1ab:cds-YP_009725295.1	GCA	A	ACA	T	535
NC_045512.2	1869	C	T	9151	8017	44	7	7	37	0.000764276	9159	0.772851	FALSE	ORF1ab:cds-YP_009724389.1	GCA	A	GTA	V	535
NC_045512.2	1869	C	T	9151	8017	44	7	7	37	0.000764276	9159	0.772851	FALSE	ORF1ab:cds-YP_009725295.1	GCA	A	GTA	V	535
NC_045512.2	1869	C	G	9151	8017	44	1	1	37	0.000109182	9159	0.999023	FALSE	ORF1ab:cds-YP_009724389.1	GCA	A	GGA	G	535
NC_045512.2	1869	C	G	9151	8017	44	1	1	37	0.000109182	9159	0.999023	FALSE	ORF1ab:cds-YP_009725295.1	GCA	A	GGA	G	535
NC_045512.2	1870	A	T	8947	7816	44	1	1	25	0.000111732	8950	1	FALSE	ORF1ab:cds-YP_009724389.1	GCA	A	GCT	A	535
NC_045512.2	1870	A	T	8947	7816	44	1	1	25	0.000111732	8950	1	FALSE	ORF1ab:cds-YP_009725295.1	GCA	A	GCT	A	535
NC_045512.2	1870	A	G	8947	7816	44	2	2	37	0.000223464	8950	0.989275	FALSE	ORF1ab:cds-YP_009724389.1	GCA	A	GCG	A	535
NC_045512.2	1870	A	G	8947	7816	44	2	2	37	0.000223464	8950	0.989275	FALSE	ORF1ab:cds-YP_009725295.1	GCA	A	GCG	A	535
NC_045512.2	1871	T	C	8233	7182	44	13	0	36	0.00157652	8246	0.191579	FALSE	ORF1ab:cds-YP_009724389.1	TTT	F	CTT	L	536
NC_045512.2	1871	T	C	8233	7182	44	13	0	36	0.00157652	8246	0.191579	FALSE	ORF1ab:cds-YP_009725295.1	TTT	F	CTT	L	536
NC_045512.2	1872	T	A	7898	6842	43	1	1	37	0.000126598	7899	0.996103	FALSE	ORF1ab:cds-YP_009724389.1	TTT	F	TAT	Y	536
NC_045512.2	1872	T	A	7898	6842	43	1	1	37	0.000126598	7899	0.996103	FALSE	ORF1ab:cds-YP_009725295.1	TTT	F	TAT	Y	536
NC_045512.2	1873	T	G	8228	7399	42	1	1	25	0.000121492	8231	1	FALSE	ORF1ab:cds-YP_009724389.1	TTT	F	TTG	L	536
NC_045512.2	1873	T	G	8228	7399	42	1	1	25	0.000121492	8231	1	FALSE	ORF1ab:cds-YP_009725295.1	TTT	F	TTG	L	536
NC_045512.2	1873	T	C	8228	7399	42	2	2	31	0.000242984	8231	0.989276	FALSE	ORF1ab:cds-YP_009724389.1	TTT	F	TTC	F	536
NC_045512.2	1873	T	C	8228	7399	42	2	2	31	0.000242984	8231	0.989276	FALSE	ORF1ab:cds-YP_009725295.1	TTT	F	TTC	F	536
NC_045512.2	1874	G	A	8221	7395	42	7	6	42	0.000850754	8228	0.00780585	TRUE	ORF1ab:cds-YP_009724389.1	GCA	A	ACA	T	537
NC_045512.2	1874	G	A	8221	7395	42	7	6	42	0.000850754	8228	0.00780585	TRUE	ORF1ab:cds-YP_009725295.1	GCA	A	ACA	T	537
NC_045512.2	1875	C	T	8207	7383	42	5	5	37	0.000608865	8212	0.866721	FALSE	ORF1ab:cds-YP_009724389.1	GCA	A	GTA	V	537
NC_045512.2	1875	C	T	8207	7383	42	5	5	37	0.000608865	8212	0.866721	FALSE	ORF1ab:cds-YP_009725295.1	GCA	A	GTA	V	537
NC_045512.2	1876	A	G	8224	7397	42	2	2	37	0.000243132	8226	0.989282	FALSE	ORF1ab:cds-YP_009724389.1	GCA	A	GCG	A	537
NC_045512.2	1876	A	G	8224	7397	42	2	2	37	0.000243132	8226	0.989282	FALSE	ORF1ab:cds-YP_009725295.1	GCA	A	GCG	A	537
NC_045512.2	1877	T	C	8215	7389	42	4	3	37	0.000486677	8219	0.927105	FALSE	ORF1ab:cds-YP_009724389.1	TCA	S	CCA	P	538
NC_045512.2	1877	T	C	8215	7389	42	4	3	37	0.000486677	8219	0.927105	FALSE	ORF1ab:cds-YP_009725295.1	TCA	S	CCA	P	538
NC_045512.2	1878	C	T	8133	7391	42	1	1	37	0.000122941	8134	0.998052	FALSE	ORF1ab:cds-YP_009724389.1	TCA	S	TTA	L	538
NC_045512.2	1878	C	T	8133	7391	42	1	1	37	0.000122941	8134	0.998052	FALSE	ORF1ab:cds-YP_009725295.1	TCA	S	TTA	L	538
NC_045512.2	1881	A	G	8090	7370	41	3	3	37	0.000370691	8093	0.967345	FALSE	ORF1ab:cds-YP_009724389.1	GAG	E	GGG	G	539
NC_045512.2	1881	A	G	8090	7370	41	3	3	37	0.000370691	8093	0.967345	FALSE	ORF1ab:cds-YP_009725295.1	GAG	E	GGG	G	539
NC_045512.2	1881	A	+G	8090	7370	41	1	0	20	0.000123564	8093	1	FALSE	NA	NA	NA	NA	NA	NA
NC_045512.2	1883	G	T	8021	7317	41	2	2	37	0.00024919	8026	0.989266	FALSE	ORF1ab:cds-YP_009724389.1	GCT	A	TCT	S	540
NC_045512.2	1883	G	T	8021	7317	41	2	2	37	0.00024919	8026	0.989266	FALSE	ORF1ab:cds-YP_009725295.1	GCT	A	TCT	S	540
NC_045512.2	1883	G	A	8021	7317	41	3	3	33	0.000373785	8026	0.967315	FALSE	ORF1ab:cds-YP_009724389.1	GCT	A	ACT	T	540
NC_045512.2	1883	G	A	8021	7317	41	3	3	33	0.000373785	8026	0.967315	FALSE	ORF1ab:cds-YP_009725295.1	GCT	A	ACT	T	540
NC_045512.2	1884	C	T	7762	7056	41	3	3	49	0.000386349	7765	0.125	FALSE	ORF1ab:cds-YP_009724389.1	GCT	A	GTT	V	540
NC_045512.2	1884	C	T	7762	7056	41	3	3	49	0.000386349	7765	0.125	FALSE	ORF1ab:cds-YP_009725295.1	GCT	A	GTT	V	540
NC_045512.2	1885	T	C	7725	7021	42	2	2	37	0.000258766	7729	0.980487	FALSE	ORF1ab:cds-YP_009724389.1	GCT	A	GCC	A	540
NC_045512.2	1885	T	C	7725	7021	42	2	2	37	0.000258766	7729	0.980487	FALSE	ORF1ab:cds-YP_009725295.1	GCT	A	GCC	A	540
NC_045512.2	1885	T	A	7725	7021	42	2	2	37	0.000258766	7729	0.980487	FALSE	ORF1ab:cds-YP_009724389.1	GCT	A	GCA	A	540
NC_045512.2	1885	T	A	7725	7021	42	2	2	37	0.000258766	7729	0.980487	FALSE	ORF1ab:cds-YP_009725295.1	GCT	A	GCA	A	540
NC_045512.2	1886	G	A	7702	7001	41	7	6	47	0.00090803	7709	0.00780541	TRUE	ORF1ab:cds-YP_009724389.1	GCT	A	ACT	T	541
NC_045512.2	1886	G	A	7702	7001	41	7	6	47	0.00090803	7709	0.00780541	TRUE	ORF1ab:cds-YP_009725295.1	GCT	A	ACT	T	541
NC_045512.2	1887	C	T	7608	6909	41	11	10	35	0.00144338	7621	0.240122	FALSE	ORF1ab:cds-YP_009724389.1	GCT	A	GTT	V	541
NC_045512.2	1887	C	T	7608	6909	41	11	10	35	0.00144338	7621	0.240122	FALSE	ORF1ab:cds-YP_009725295.1	GCT	A	GTT	V	541
NC_045512.2	1887	C	G	7608	6909	41	1	1	37	0.000131216	7621	0.996078	FALSE	ORF1ab:cds-YP_009724389.1	GCT	A	GGT	G	541
NC_045512.2	1887	C	G	7608	6909	41	1	1	37	0.000131216	7621	0.996078	FALSE	ORF1ab:cds-YP_009725295.1	GCT	A	GGT	G	541
NC_045512.2	1887	C	A	7608	6909	41	1	1	37	0.000131216	7621	0.996078	FALSE	ORF1ab:cds-YP_009724389.1	GCT	A	GAT	D	541
NC_045512.2	1887	C	A	7608	6909	41	1	1	37	0.000131216	7621	0.996078	FALSE	ORF1ab:cds-YP_009725295.1	GCT	A	GAT	D	541
NC_045512.2	1888	T	C	7668	6976	41	1	1	37	0.000130378	7670	0.996101	FALSE	ORF1ab:cds-YP_009724389.1	GCT	A	GCC	A	541
NC_045512.2	1888	T	C	7668	6976	41	1	1	37	0.000130378	7670	0.996101	FALSE	ORF1ab:cds-YP_009725295.1	GCT	A	GCC	A	541
NC_045512.2	1888	T	A	7668	6976	41	1	1	37	0.000130378	7670	0.996101	FALSE	ORF1ab:cds-YP_009724389.1	GCT	A	GCA	A	541
NC_045512.2	1888	T	A	7668	6976	41	1	1	37	0.000130378	7670	0.996101	FALSE	ORF1ab:cds-YP_009725295.1	GCT	A	GCA	A	541
NC_045512.2	1888	T	-CGTGTTGTA	7668	6976	41	1	0	20	0.000130378	7670	1	FALSE	NA	NA	NA	NA	NA	NA
NC_045512.2	1889	C	T	7563	6912	41	1	1	37	0.000132188	7565	0.996099	FALSE	ORF1ab:cds-YP_009724389.1	CGT	R	TGT	C	542
NC_045512.2	1889	C	T	7563	6912	41	1	1	37	0.000132188	7565	0.996099	FALSE	ORF1ab:cds-YP_009725295.1	CGT	R	TGT	C	542
NC_045512.2	1889	C	A	7563	6912	41	1	1	37	0.000132188	7565	0.996099	FALSE	ORF1ab:cds-YP_009724389.1	CGT	R	AGT	S	542
NC_045512.2	1889	C	A	7563	6912	41	1	1	37	0.000132188	7565	0.996099	FALSE	ORF1ab:cds-YP_009725295.1	CGT	R	AGT	S	542
NC_045512.2	1890	G	T	7593	6960	41	1	1	25	0.000131666	7595	1	FALSE	ORF1ab:cds-YP_009724389.1	CGT	R	CTT	L	542
NC_045512.2	1890	G	T	7593	6960	41	1	1	25	0.000131666	7595	1	FALSE	ORF1ab:cds-YP_009725295.1	CGT	R	CTT	L	542
NC_045512.2	1890	G	A	7593	6960	41	1	1	37	0.000131666	7595	0.996099	FALSE	ORF1ab:cds-YP_009724389.1	CGT	R	CAT	H	542
NC_045512.2	1890	G	A	7593	6960	41	1	1	37	0.000131666	7595	0.996099	FALSE	ORF1ab:cds-YP_009725295.1	CGT	R	CAT	H	542
NC_045512.2	1890	G	-TGTT	7593	6960	41	1	0	20	0.000131648	7596	1	FALSE	NA	NA	NA	NA	NA	NA
NC_045512.2	1891	T	C	7464	6834	41	4	4	37	0.000535619	7468	0.886762	FALSE	ORF1ab:cds-YP_009724389.1	CGT	R	CGC	R	542
NC_045512.2	1891	T	C	7464	6834	41	4	4	37	0.000535619	7468	0.886762	FALSE	ORF1ab:cds-YP_009725295.1	CGT	R	CGC	R	542
NC_045512.2	1892	G	C	7493	6858	41	1	1	74	0.000133404	7496	0.4999	FALSE	ORF1ab:cds-YP_009724389.1	GTT	V	CTT	L	543
NC_045512.2	1892	G	C	7493	6858	41	1	1	74	0.000133404	7496	0.4999	FALSE	ORF1ab:cds-YP_009725295.1	GTT	V	CTT	L	543
NC_045512.2	1892	G	A	7493	6858	41	2	2	37	0.000266809	7496	0.980478	FALSE	ORF1ab:cds-YP_009724389.1	GTT	V	ATT	I	543
NC_045512.2	1892	G	A	7493	6858	41	2	2	37	0.000266809	7496	0.980478	FALSE	ORF1ab:cds-YP_009725295.1	GTT	V	ATT	I	543
NC_045512.2	1893	T	C	7383	6754	41	1	1	37	0.000135428	7384	0.996099	FALSE	ORF1ab:cds-YP_009724389.1	GTT	V	GCT	A	543
NC_045512.2	1893	T	C	7383	6754	41	1	1	37	0.000135428	7384	0.996099	FALSE	ORF1ab:cds-YP_009725295.1	GTT	V	GCT	A	543
NC_045512.2	1894	T	C	7320	6686	41	1	1	37	0.000136593	7321	0.996099	FALSE	ORF1ab:cds-YP_009724389.1	GTT	V	GTC	V	543
NC_045512.2	1894	T	C	7320	6686	41	1	1	37	0.000136593	7321	0.996099	FALSE	ORF1ab:cds-YP_009725295.1	GTT	V	GTC	V	543
NC_045512.2	1895	G	A	7284	6652	41	4	4	37	0.000548847	7288	0.886807	FALSE	ORF1ab:cds-YP_009724389.1	GTA	V	ATA	I	544
NC_045512.2	1895	G	A	7284	6652	41	4	4	37	0.000548847	7288	0.886807	FALSE	ORF1ab:cds-YP_009725295.1	GTA	V	ATA	I	544
NC_045512.2	1896	T	C	7261	6629	41	1	1	74	0.000137703	7262	0.5	FALSE	ORF1ab:cds-YP_009724389.1	GTA	V	GCA	A	544
NC_045512.2	1896	T	C	7261	6629	41	1	1	74	0.000137703	7262	0.5	FALSE	ORF1ab:cds-YP_009725295.1	GTA	V	GCA	A	544
NC_045512.2	1898	C	T	7135	6511	41	4	3	46	0.000560303	7139	0.0624912	FALSE	ORF1ab:cds-YP_009724389.1	CGA	R	TGA	*	545
NC_045512.2	1898	C	T	7135	6511	41	4	3	46	0.000560303	7139	0.0624912	FALSE	ORF1ab:cds-YP_009725295.1	CGA	R	TGA	*	545
NC_045512.2	1899	G	T	6815	6196	41	2	2	37	0.000293341	6818	0.964884	FALSE	ORF1ab:cds-YP_009724389.1	CGA	R	CTA	L	545
NC_045512.2	1899	G	T	6815	6196	41	2	2	37	0.000293341	6818	0.964884	FALSE	ORF1ab:cds-YP_009725295.1	CGA	R	CTA	L	545
NC_045512.2	1899	G	A	6815	6196	41	1	1	37	0.000146671	6818	0.992196	FALSE	ORF1ab:cds-YP_009724389.1	CGA	R	CAA	Q	545
NC_045512.2	1899	G	A	6815	6196	41	1	1	37	0.000146671	6818	0.992196	FALSE	ORF1ab:cds-YP_009725295.1	CGA	R	CAA	Q	545
NC_045512.2	1900	A	T	6685	6066	41	1	1	37	0.000149544	6687	0.9922	FALSE	ORF1ab:cds-YP_009724389.1	CGA	R	CGT	R	545
NC_045512.2	1900	A	T	6685	6066	41	1	1	37	0.000149544	6687	0.9922	FALSE	ORF1ab:cds-YP_009725295.1	CGA	R	CGT	R	545
NC_045512.2	1900	A	G	6685	6066	41	1	1	37	0.000149544	6687	0.9922	FALSE	ORF1ab:cds-YP_009724389.1	CGA	R	CGG	R	545
NC_045512.2	1900	A	G	6685	6066	41	1	1	37	0.000149544	6687	0.9922	FALSE	ORF1ab:cds-YP_009725295.1	CGA	R	CGG	R	545
NC_045512.2	1901	T	C	6760	6143	41	1	1	37	0.000147907	6761	0.992204	FALSE	ORF1ab:cds-YP_009724389.1	TCA	S	CCA	P	546
NC_045512.2	1901	T	C	6760	6143	41	1	1	37	0.000147907	6761	0.992204	FALSE	ORF1ab:cds-YP_009725295.1	TCA	S	CCA	P	546
NC_045512.2	1903	A	G	6776	6159	41	1	1	37	0.000147558	6777	0.992204	FALSE	ORF1ab:cds-YP_009724389.1	TCA	S	TCG	S	546
NC_045512.2	1903	A	G	6776	6159	41	1	1	37	0.000147558	6777	0.992204	FALSE	ORF1ab:cds-YP_009725295.1	TCA	S	TCG	S	546
NC_045512.2	1904	A	-T	6691	6072	41	3	0	20	0.000448363	6691	1	FALSE	NA	NA	NA	NA	NA	NA
NC_045512.2	1905	T	C	6708	6112	41	1	1	37	0.000149054	6709	0.992192	FALSE	ORF1ab:cds-YP_009724389.1	ATT	I	ACT	T	547
NC_045512.2	1905	T	C	6708	6112	41	1	1	37	0.000149054	6709	0.992192	FALSE	ORF1ab:cds-YP_009725295.1	ATT	I	ACT	T	547
NC_045512.2	1906	T	G	6706	6117	41	1	1	37	0.000149076	6708	0.9922	FALSE	ORF1ab:cds-YP_009724389.1	ATT	I	ATG	M	547
NC_045512.2	1906	T	G	6706	6117	41	1	1	37	0.000149076	6708	0.9922	FALSE	ORF1ab:cds-YP_009725295.1	ATT	I	ATG	M	547
NC_045512.2	1906	T	C	6706	6117	41	1	1	74	0.000149076	6708	0.5	FALSE	ORF1ab:cds-YP_009724389.1	ATT	I	ATC	I	547
NC_045512.2	1906	T	C	6706	6117	41	1	1	74	0.000149076	6708	0.5	FALSE	ORF1ab:cds-YP_009725295.1	ATT	I	ATC	I	547
NC_045512.2	1907	T	C	6742	6153	41	2	1	37	0.00029656	6744	0.964901	FALSE	ORF1ab:cds-YP_009724389.1	TTC	F	CTC	L	548
NC_045512.2	1907	T	C	6742	6153	41	2	1	37	0.00029656	6744	0.964901	FALSE	ORF1ab:cds-YP_009725295.1	TTC	F	CTC	L	548
NC_045512.2	1909	C	T	6700	6110	41	2	1	55	0.000298418	6702	0.250019	FALSE	ORF1ab:cds-YP_009724389.1	TTC	F	TTT	F	548
NC_045512.2	1909	C	T	6700	6110	41	2	1	55	0.000298418	6702	0.250019	FALSE	ORF1ab:cds-YP_009725295.1	TTC	F	TTT	F	548
NC_045512.2	1910	T	C	7196	6139	41	2	2	55	0.000277855	7198	0.250017	FALSE	ORF1ab:cds-YP_009724389.1	TCC	S	CCC	P	549
NC_045512.2	1910	T	C	7196	6139	41	2	2	55	0.000277855	7198	0.250017	FALSE	ORF1ab:cds-YP_009725295.1	TCC	S	CCC	P	549
NC_045512.2	1913	C	T	6720	5748	40	1	1	37	0.000148743	6723	0.992196	FALSE	ORF1ab:cds-YP_009724389.1	CGC	R	TGC	C	550
NC_045512.2	1913	C	T	6720	5748	40	1	1	37	0.000148743	6723	0.992196	FALSE	ORF1ab:cds-YP_009725295.1	CGC	R	TGC	C	550
NC_045512.2	1913	C	A	6720	5748	40	2	2	55	0.000297486	6723	0.249981	FALSE	ORF1ab:cds-YP_009724389.1	CGC	R	AGC	S	550
NC_045512.2	1913	C	A	6720	5748	40	2	2	55	0.000297486	6723	0.249981	FALSE	ORF1ab:cds-YP_009725295.1	CGC	R	AGC	S	550
NC_045512.2	1914	G	A	6736	5765	40	15	13	46	0.00222189	6751	3.03146e-05	TRUE	ORF1ab:cds-YP_009724389.1	CGC	R	CAC	H	550
NC_045512.2	1914	G	A	6736	5765	40	15	13	46	0.00222189	6751	3.03146e-05	TRUE	ORF1ab:cds-YP_009725295.1	CGC	R	CAC	H	550
NC_045512.2	1916	A	G	6719	5747	40	1	1	37	0.00014881	6720	0.992204	FALSE	ORF1ab:cds-YP_009724389.1	ACT	T	GCT	A	551
NC_045512.2	1916	A	G	6719	5747	40	1	1	37	0.00014881	6720	0.992204	FALSE	ORF1ab:cds-YP_009725295.1	ACT	T	GCT	A	551
NC_045512.2	1917	C	T	7083	5776	40	1	1	37	0.000141163	7084	0.996104	FALSE	ORF1ab:cds-YP_009724389.1	ACT	T	ATT	I	551
NC_045512.2	1917	C	T	7083	5776	40	1	1	37	0.000141163	7084	0.996104	FALSE	ORF1ab:cds-YP_009725295.1	ACT	T	ATT	I	551
NC_045512.2	1918	T	C	6903	5598	40	1	1	74	0.000144844	6904	0.500036	FALSE	ORF1ab:cds-YP_009724389.1	ACT	T	ACC	T	551
NC_045512.2	1918	T	C	6903	5598	40	1	1	74	0.000144844	6904	0.500036	FALSE	ORF1ab:cds-YP_009725295.1	ACT	T	ACC	T	551
NC_045512.2	1919	C	A	7011	5629	40	2	2	31	0.000285185	7013	0.980509	FALSE	ORF1ab:cds-YP_009724389.1	CTT	L	ATT	I	552
NC_045512.2	1919	C	A	7011	5629	40	2	2	31	0.000285185	7013	0.980509	FALSE	ORF1ab:cds-YP_009725295.1	CTT	L	ATT	I	552
NC_045512.2	1920	T	C	6971	5594	40	3	3	37	0.000430108	6975	0.910227	FALSE	ORF1ab:cds-YP_009724389.1	CTT	L	CCT	P	552
NC_045512.2	1920	T	C	6971	5594	40	3	3	37	0.000430108	6975	0.910227	FALSE	ORF1ab:cds-YP_009725295.1	CTT	L	CCT	P	552
NC_045512.2	1920	T	A	6971	5594	40	1	1	74	0.000143369	6975	0.499928	FALSE	ORF1ab:cds-YP_009724389.1	CTT	L	CAT	H	552
NC_045512.2	1920	T	A	6971	5594	40	1	1	74	0.000143369	6975	0.499928	FALSE	ORF1ab:cds-YP_009725295.1	CTT	L	CAT	H	552
NC_045512.2	1921	T	G	7001	5631	40	1	1	37	0.000142796	7003	0.996102	FALSE	ORF1ab:cds-YP_009724389.1	CTT	L	CTG	L	552
NC_045512.2	1921	T	G	7001	5631	40	1	1	37	0.000142796	7003	0.996102	FALSE	ORF1ab:cds-YP_009725295.1	CTT	L	CTG	L	552
NC_045512.2	1921	T	C	7001	5631	40	1	1	37	0.000142796	7003	0.996102	FALSE	ORF1ab:cds-YP_009724389.1	CTT	L	CTC	L	552
NC_045512.2	1921	T	C	7001	5631	40	1	1	37	0.000142796	7003	0.996102	FALSE	ORF1ab:cds-YP_009725295.1	CTT	L	CTC	L	552
NC_045512.2	1923	A	G	6993	5627	40	1	1	37	0.00014298	6994	0.992203	FALSE	ORF1ab:cds-YP_009724389.1	GAA	E	GGA	G	553
NC_045512.2	1923	A	G	6993	5627	40	1	1	37	0.00014298	6994	0.992203	FALSE	ORF1ab:cds-YP_009725295.1	GAA	E	GGA	G	553
NC_045512.2	1924	A	G	6960	5617	40	1	0	50	0.000143658	6961	0.500036	FALSE	ORF1ab:cds-YP_009724389.1	GAA	E	GAG	E	553
NC_045512.2	1924	A	G	6960	5617	40	1	0	50	0.000143658	6961	0.500036	FALSE	ORF1ab:cds-YP_009725295.1	GAA	E	GAG	E	553
NC_045512.2	1925	A	T	6935	5597	40	1	1	37	0.000144134	6938	0.992195	FALSE	ORF1ab:cds-YP_009724389.1	ACT	T	TCT	S	554
NC_045512.2	1925	A	T	6935	5597	40	1	1	37	0.000144134	6938	0.992195	FALSE	ORF1ab:cds-YP_009725295.1	ACT	T	TCT	S	554
NC_045512.2	1925	A	G	6935	5597	40	1	1	37	0.000144134	6938	0.992195	FALSE	ORF1ab:cds-YP_009724389.1	ACT	T	GCT	A	554
NC_045512.2	1925	A	G	6935	5597	40	1	1	37	0.000144134	6938	0.992195	FALSE	ORF1ab:cds-YP_009725295.1	ACT	T	GCT	A	554
NC_045512.2	1925	A	C	6935	5597	40	1	1	37	0.000144134	6938	0.992195	FALSE	ORF1ab:cds-YP_009724389.1	ACT	T	CCT	P	554
NC_045512.2	1925	A	C	6935	5597	40	1	1	37	0.000144134	6938	0.992195	FALSE	ORF1ab:cds-YP_009725295.1	ACT	T	CCT	P	554
NC_045512.2	1927	T	C	4527	3253	42	6	1	37	0.00132363	4533	0.377021	FALSE	ORF1ab:cds-YP_009724389.1	ACT	T	ACC	T	554
NC_045512.2	1927	T	C	4527	3253	42	6	1	37	0.00132363	4533	0.377021	FALSE	ORF1ab:cds-YP_009725295.1	ACT	T	ACC	T	554
NC_045512.2	1928	G	C	4532	3161	42	1	0	37	0.000220022	4545	0.968595	FALSE	ORF1ab:cds-YP_009724389.1	GCT	A	CCT	P	555
NC_045512.2	1928	G	C	4532	3161	42	1	0	37	0.000220022	4545	0.968595	FALSE	ORF1ab:cds-YP_009725295.1	GCT	A	CCT	P	555
NC_045512.2	1928	G	A	4532	3161	42	12	9	49	0.00264026	4545	0.000242372	TRUE	ORF1ab:cds-YP_009724389.1	GCT	A	ACT	T	555
NC_045512.2	1928	G	A	4532	3161	42	12	9	49	0.00264026	4545	0.000242372	TRUE	ORF1ab:cds-YP_009725295.1	GCT	A	ACT	T	555
NC_045512.2	1930	T	C	4487	3229	40	1	1	37	0.000222816	4488	0.968802	FALSE	ORF1ab:cds-YP_009724389.1	GCT	A	GCC	A	555
NC_045512.2	1930	T	C	4487	3229	40	1	1	37	0.000222816	4488	0.968802	FALSE	ORF1ab:cds-YP_009725295.1	GCT	A	GCC	A	555
NC_045512.2	1932	A	G	4487	3225	40	1	1	37	0.000222816	4488	0.968802	FALSE	ORF1ab:cds-YP_009724389.1	CAA	Q	CGA	R	556
NC_045512.2	1932	A	G	4487	3225	40	1	1	37	0.000222816	4488	0.968802	FALSE	ORF1ab:cds-YP_009725295.1	CAA	Q	CGA	R	556
NC_045512.2	1935	A	-T	4387	3134	40	1	0	20	0.000227946	4387	1	FALSE	NA	NA	NA	NA	NA	NA
NC_045512.2	1936	T	A	4416	3172	40	1	1	25	0.000226398	4417	1	FALSE	ORF1ab:cds-YP_009724389.1	AAT	N	AAA	K	557
NC_045512.2	1936	T	A	4416	3172	40	1	1	25	0.000226398	4417	1	FALSE	ORF1ab:cds-YP_009725295.1	AAT	N	AAA	K	557
NC_045512.2	1937	T	C	3689	2445	41	1	1	74	0.000270929	3691	0.5	FALSE	ORF1ab:cds-YP_009724389.1	TCT	S	CCT	P	558
NC_045512.2	1937	T	C	3689	2445	41	1	1	74	0.000270929	3691	0.5	FALSE	ORF1ab:cds-YP_009725295.1	TCT	S	CCT	P	558
NC_045512.2	1937	T	A	3689	2445	41	1	1	37	0.000270929	3691	0.937551	FALSE	ORF1ab:cds-YP_009724389.1	TCT	S	ACT	T	558
NC_045512.2	1937	T	A	3689	2445	41	1	1	37	0.000270929	3691	0.937551	FALSE	ORF1ab:cds-YP_009725295.1	TCT	S	ACT	T	558
NC_045512.2	1938	C	T	3681	2437	41	1	1	37	0.000271592	3682	0.937585	FALSE	ORF1ab:cds-YP_009724389.1	TCT	S	TTT	F	558
NC_045512.2	1938	C	T	3681	2437	41	1	1	37	0.000271592	3682	0.937585	FALSE	ORF1ab:cds-YP_009725295.1	TCT	S	TTT	F	558
NC_045512.2	1939	T	C	3558	2329	41	2	0	31	0.000561798	3560	0.812676	FALSE	ORF1ab:cds-YP_009724389.1	TCT	S	TCC	S	558
NC_045512.2	1939	T	C	3558	2329	41	2	0	31	0.000561798	3560	0.812676	FALSE	ORF1ab:cds-YP_009725295.1	TCT	S	TCC	S	558
NC_045512.2	1941	T	C	3532	2308	41	1	1	37	0.000283046	3533	0.937588	FALSE	ORF1ab:cds-YP_009724389.1	GTG	V	GCG	A	559
NC_045512.2	1941	T	C	3532	2308	41	1	1	37	0.000283046	3533	0.937588	FALSE	ORF1ab:cds-YP_009725295.1	GTG	V	GCG	A	559
NC_045512.2	1942	G	A	1110	90	40	1	0	74	0.00090009	1111	0.500225	FALSE	ORF1ab:cds-YP_009724389.1	GTG	V	GTA	V	559
NC_045512.2	1942	G	A	1110	90	40	1	0	74	0.00090009	1111	0.500225	FALSE	ORF1ab:cds-YP_009725295.1	GTG	V	GTA	V	559
NC_045512.2	1943	C	T	1108	90	40	1	0	37	0.000901713	1109	0.750338	FALSE	ORF1ab:cds-YP_009724389.1	CGT	R	TGT	C	560
NC_045512.2	1943	C	T	1108	90	40	1	0	37	0.000901713	1109	0.750338	FALSE	ORF1ab:cds-YP_009725295.1	CGT	R	TGT	C	560
NC_045512.2	1949	T	A	1227	98	40	1	0	37	0.000814332	1228	0.750305	FALSE	ORF1ab:cds-YP_009724389.1	TTA	L	ATA	I	562
NC_045512.2	1949	T	A	1227	98	40	1	0	37	0.000814332	1228	0.750305	FALSE	ORF1ab:cds-YP_009725295.1	TTA	L	ATA	I	562
NC_045512.2	1961	G	A	1292	122	42	5	1	37	0.00385505	1297	0.109284	FALSE	ORF1ab:cds-YP_009724389.1	GCT	A	ACT	T	566
NC_045512.2	1961	G	A	1292	122	42	5	1	37	0.00385505	1297	0.109284	FALSE	ORF1ab:cds-YP_009725295.1	GCT	A	ACT	T	566
NC_045512.2	1968	C	A	1419	168	43	1	0	37	0.000704225	1420	0.750264	FALSE	ORF1ab:cds-YP_009724389.1	ACA	T	AAA	K	568
NC_045512.2	1968	C	A	1419	168	43	1	0	37	0.000704225	1420	0.750264	FALSE	ORF1ab:cds-YP_009725295.1	ACA	T	AAA	K	568
NC_045512.2	1969	A	G	1421	166	43	1	0	37	0.000703235	1422	0.750264	FALSE	ORF1ab:cds-YP_009724389.1	ACA	T	ACG	T	568
NC_045512.2	1969	A	G	1421	166	43	1	0	37	0.000703235	1422	0.750264	FALSE	ORF1ab:cds-YP_009725295.1	ACA	T	ACG	T	568
NC_045512.2	1974	T	C	1468	228	46	2	1	37	0.00136054	1470	0.500255	FALSE	ORF1ab:cds-YP_009724389.1	CTA	L	CCA	P	570
NC_045512.2	1974	T	C	1468	228	46	2	1	37	0.00136054	1470	0.500255	FALSE	ORF1ab:cds-YP_009725295.1	CTA	L	CCA	P	570
NC_045512.2	1978	T	A	1470	234	46	1	1	37	0.00067981	1471	0.750255	FALSE	ORF1ab:cds-YP_009724389.1	GAT	D	GAA	E	571
NC_045512.2	1978	T	A	1470	234	46	1	1	37	0.00067981	1471	0.750255	FALSE	ORF1ab:cds-YP_009725295.1	GAT	D	GAA	E	571
NC_045512.2	1984	T	G	1574	278	47	1	1	37	0.000634921	1575	0.750238	FALSE	ORF1ab:cds-YP_009724389.1	ATT	I	ATG	M	573
NC_045512.2	1984	T	G	1574	278	47	1	1	37	0.000634921	1575	0.750238	FALSE	ORF1ab:cds-YP_009725295.1	ATT	I	ATG	M	573
NC_045512.2	1988	C	T	1614	280	48	1	1	62	0.000619195	1615	0.500155	FALSE	ORF1ab:cds-YP_009724389.1	CAG	Q	TAG	*	575
NC_045512.2	1988	C	T	1614	280	48	1	1	62	0.000619195	1615	0.500155	FALSE	ORF1ab:cds-YP_009725295.1	CAG	Q	TAG	*	575
NC_045512.2	1989	A	G	1612	291	48	3	0	45	0.00185759	1615	0.125	FALSE	ORF1ab:cds-YP_009724389.1	CAG	Q	CGG	R	575
NC_045512.2	1989	A	G	1612	291	48	3	0	45	0.00185759	1615	0.125	FALSE	ORF1ab:cds-YP_009725295.1	CAG	Q	CGG	R	575
NC_045512.2	1990	G	A	1742	301	47	1	0	37	0.000573723	1743	0.750215	FALSE	ORF1ab:cds-YP_009724389.1	CAG	Q	CAA	Q	575
NC_045512.2	1990	G	A	1742	301	47	1	0	37	0.000573723	1743	0.750215	FALSE	ORF1ab:cds-YP_009725295.1	CAG	Q	CAA	Q	575
NC_045512.2	1992	A	G	1674	362	45	1	1	37	0.000597015	1675	0.750224	FALSE	ORF1ab:cds-YP_009724389.1	TAT	Y	TGT	C	576
NC_045512.2	1992	A	G	1674	362	45	1	1	37	0.000597015	1675	0.750224	FALSE	ORF1ab:cds-YP_009725295.1	TAT	Y	TGT	C	576
NC_045512.2	2003	C	T	1739	386	44	1	0	37	0.000574713	1740	0.750216	FALSE	ORF1ab:cds-YP_009724389.1	CTC	L	TTC	F	580
NC_045512.2	2003	C	T	1739	386	44	1	0	37	0.000574713	1740	0.750216	FALSE	ORF1ab:cds-YP_009725295.1	CTC	L	TTC	F	580
NC_045512.2	2004	T	C	1717	387	44	5	0	37	0.0029036	1722	0.109307	FALSE	ORF1ab:cds-YP_009724389.1	CTC	L	CCC	P	580
NC_045512.2	2004	T	C	1717	387	44	5	0	37	0.0029036	1722	0.109307	FALSE	ORF1ab:cds-YP_009725295.1	CTC	L	CCC	P	580
NC_045512.2	2007	T	A	1697	417	43	1	0	74	0.000588928	1698	0.500147	FALSE	ORF1ab:cds-YP_009724389.1	ATT	I	AAT	N	581
NC_045512.2	2007	T	A	1697	417	43	1	0	74	0.000588928	1698	0.500147	FALSE	ORF1ab:cds-YP_009725295.1	ATT	I	AAT	N	581
NC_045512.2	2010	A	G	1763	462	43	1	0	48	0.000566893	1764	0.500142	FALSE	ORF1ab:cds-YP_009724389.1	GAT	D	GGT	G	582
NC_045512.2	2010	A	G	1763	462	43	1	0	48	0.000566893	1764	0.500142	FALSE	ORF1ab:cds-YP_009725295.1	GAT	D	GGT	G	582
NC_045512.2	2013	C	T	1815	482	44	1	0	37	0.000550661	1816	0.750207	FALSE	ORF1ab:cds-YP_009724389.1	GCT	A	GTT	V	583
NC_045512.2	2013	C	T	1815	482	44	1	0	37	0.000550661	1816	0.750207	FALSE	ORF1ab:cds-YP_009725295.1	GCT	A	GTT	V	583
NC_045512.2	2018	A	C	1655	568	41	1	0	37	0.000603865	1656	0.750227	FALSE	ORF1ab:cds-YP_009724389.1	ATG	M	CTG	L	585
NC_045512.2	2018	A	C	1655	568	41	1	0	37	0.000603865	1656	0.750227	FALSE	ORF1ab:cds-YP_009725295.1	ATG	M	CTG	L	585
NC_045512.2	2019	T	G	1621	575	41	1	0	25	0.000616523	1622	0.999993	FALSE	ORF1ab:cds-YP_009724389.1	ATG	M	AGG	R	585
NC_045512.2	2019	T	G	1621	575	41	1	0	25	0.000616523	1622	0.999993	FALSE	ORF1ab:cds-YP_009725295.1	ATG	M	AGG	R	585
NC_045512.2	2021	T	C	1696	633	41	1	1	37	0.000589275	1697	0.750221	FALSE	ORF1ab:cds-YP_009724389.1	TTC	F	CTC	L	586
NC_045512.2	2021	T	C	1696	633	41	1	1	37	0.000589275	1697	0.750221	FALSE	ORF1ab:cds-YP_009725295.1	TTC	F	CTC	L	586
NC_045512.2	2026	A	G	1757	639	42	1	0	37	0.000568828	1758	0.750213	FALSE	ORF1ab:cds-YP_009724389.1	ACA	T	ACG	T	587
NC_045512.2	2026	A	G	1757	639	42	1	0	37	0.000568828	1758	0.750213	FALSE	ORF1ab:cds-YP_009725295.1	ACA	T	ACG	T	587
NC_045512.2	2026	A	-T	1757	639	42	1	0	20	0.000568828	1758	0.999996	FALSE	NA	NA	NA	NA	NA	NA
NC_045512.2	2029	T	A	1680	660	41	1	0	37	0.000594884	1681	0.750223	FALSE	ORF1ab:cds-YP_009724389.1	TCT	S	TCA	S	588
NC_045512.2	2029	T	A	1680	660	41	1	0	37	0.000594884	1681	0.750223	FALSE	ORF1ab:cds-YP_009725295.1	TCT	S	TCA	S	588
NC_045512.2	2036	G	A	1690	671	41	1	1	37	0.000591366	1691	0.750222	FALSE	ORF1ab:cds-YP_009724389.1	GCT	A	ACT	T	591
NC_045512.2	2036	G	A	1690	671	41	1	1	37	0.000591366	1691	0.750222	FALSE	ORF1ab:cds-YP_009725295.1	GCT	A	ACT	T	591
NC_045512.2	2037	C	T	1688	662	41	1	0	37	0.000592066	1689	0.750222	FALSE	ORF1ab:cds-YP_009724389.1	GCT	A	GTT	V	591
NC_045512.2	2037	C	T	1688	662	41	1	0	37	0.000592066	1689	0.750222	FALSE	ORF1ab:cds-YP_009725295.1	GCT	A	GTT	V	591
NC_045512.2	2041	T	C	1694	659	41	1	0	37	0.000589971	1695	0.750221	FALSE	ORF1ab:cds-YP_009724389.1	ACT	T	ACC	T	592
NC_045512.2	2041	T	C	1694	659	41	1	0	37	0.000589971	1695	0.750221	FALSE	ORF1ab:cds-YP_009725295.1	ACT	T	ACC	T	592
NC_045512.2	2045	A	G	1702	707	41	1	0	48	0.000587199	1703	0.500147	FALSE	ORF1ab:cds-YP_009724389.1	AAT	N	GAT	D	594
NC_045512.2	2045	A	G	1702	707	41	1	0	48	0.000587199	1703	0.500147	FALSE	ORF1ab:cds-YP_009725295.1	AAT	N	GAT	D	594
NC_045512.2	2045	A	+G	1702	707	41	1	0	20	0.000587199	1703	0.999996	FALSE	NA	NA	NA	NA	NA	NA
NC_045512.2	2047	T	A	1702	743	41	1	1	37	0.000587199	1703	0.75022	FALSE	ORF1ab:cds-YP_009724389.1	AAT	N	AAA	K	594
NC_045512.2	2047	T	A	1702	743	41	1	1	37	0.000587199	1703	0.75022	FALSE	ORF1ab:cds-YP_009725295.1	AAT	N	AAA	K	594
NC_045512.2	2050	A	G	1693	721	41	1	1	37	0.000589971	1695	0.750074	FALSE	ORF1ab:cds-YP_009724389.1	CTA	L	CTG	L	595
NC_045512.2	2050	A	G	1693	721	41	1	1	37	0.000589971	1695	0.750074	FALSE	ORF1ab:cds-YP_009725295.1	CTA	L	CTG	L	595
NC_045512.2	2050	A	C	1693	721	41	1	0	37	0.000589971	1695	0.750074	FALSE	ORF1ab:cds-YP_009724389.1	CTA	L	CTC	L	595
NC_045512.2	2050	A	C	1693	721	41	1	0	37	0.000589971	1695	0.750074	FALSE	ORF1ab:cds-YP_009725295.1	CTA	L	CTC	L	595
NC_045512.2	2052	T	A	1716	755	41	1	1	25	0.000582411	1717	0.999996	FALSE	ORF1ab:cds-YP_009724389.1	GTT	V	GAT	D	596
NC_045512.2	2052	T	A	1716	755	41	1	1	25	0.000582411	1717	0.999996	FALSE	ORF1ab:cds-YP_009725295.1	GTT	V	GAT	D	596
NC_045512.2	2058	T	C	1711	732	41	1	0	37	0.000584112	1712	0.750219	FALSE	ORF1ab:cds-YP_009724389.1	ATG	M	ACG	T	598
NC_045512.2	2058	T	C	1711	732	41	1	0	37	0.000584112	1712	0.750219	FALSE	ORF1ab:cds-YP_009725295.1	ATG	M	ACG	T	598
NC_045512.2	2059	G	T	1772	731	41	1	0	25	0.000563698	1774	0.999996	FALSE	ORF1ab:cds-YP_009724389.1	ATG	M	ATT	I	598
NC_045512.2	2059	G	T	1772	731	41	1	0	25	0.000563698	1774	0.999996	FALSE	ORF1ab:cds-YP_009725295.1	ATG	M	ATT	I	598
NC_045512.2	2059	G	A	1772	731	41	1	0	37	0.000563698	1774	0.750071	FALSE	ORF1ab:cds-YP_009724389.1	ATG	M	ATA	I	598
NC_045512.2	2059	G	A	1772	731	41	1	0	37	0.000563698	1774	0.750071	FALSE	ORF1ab:cds-YP_009725295.1	ATG	M	ATA	I	598
NC_045512.2	2061	C	T	1764	727	41	1	0	37	0.000566572	1765	0.750213	FALSE	ORF1ab:cds-YP_009724389.1	GCC	A	GTC	V	599
NC_045512.2	2061	C	T	1764	727	41	1	0	37	0.000566572	1765	0.750213	FALSE	ORF1ab:cds-YP_009725295.1	GCC	A	GTC	V	599
NC_045512.2	2062	C	T	1802	754	41	1	0	37	0.000554631	1803	0.750208	FALSE	ORF1ab:cds-YP_009724389.1	GCC	A	GCT	A	599
NC_045512.2	2062	C	T	1802	754	41	1	0	37	0.000554631	1803	0.750208	FALSE	ORF1ab:cds-YP_009725295.1	GCC	A	GCT	A	599
NC_045512.2	2063	T	G	1791	757	41	1	0	74	0.000558036	1792	0.50014	FALSE	ORF1ab:cds-YP_009724389.1	TAC	Y	GAC	D	600
NC_045512.2	2063	T	G	1791	757	41	1	0	74	0.000558036	1792	0.50014	FALSE	ORF1ab:cds-YP_009725295.1	TAC	Y	GAC	D	600
NC_045512.2	2064	A	G	1966	756	41	1	0	37	0.000508388	1967	0.750191	FALSE	ORF1ab:cds-YP_009724389.1	TAC	Y	TGC	C	600
NC_045512.2	2064	A	G	1966	756	41	1	0	37	0.000508388	1967	0.750191	FALSE	ORF1ab:cds-YP_009725295.1	TAC	Y	TGC	C	600
NC_045512.2	2065	C	T	1363	527	41	674	237	40	0.330879	2037	1.06182e-232	TRUE	ORF1ab:cds-YP_009724389.1	TAC	Y	TAT	Y	600
NC_045512.2	2065	C	T	1363	527	41	674	237	40	0.330879	2037	1.06182e-232	TRUE	ORF1ab:cds-YP_009725295.1	TAC	Y	TAT	Y	600
NC_045512.2	2067	T	A	2038	796	40	1	0	37	0.000490436	2039	0.875184	FALSE	ORF1ab:cds-YP_009724389.1	ATT	I	AAT	N	601
NC_045512.2	2067	T	A	2038	796	40	1	0	37	0.000490436	2039	0.875184	FALSE	ORF1ab:cds-YP_009725295.1	ATT	I	AAT	N	601
NC_045512.2	2074	T	A	1801	637	40	2	2	37	0.00110926	1803	0.500208	FALSE	ORF1ab:cds-YP_009724389.1	GGT	G	GGA	G	603
NC_045512.2	2074	T	A	1801	637	40	2	2	37	0.00110926	1803	0.500208	FALSE	ORF1ab:cds-YP_009725295.1	GGT	G	GGA	G	603
NC_045512.2	2075	G	A	1879	743	42	1	1	74	0.000531915	1880	0.500133	FALSE	ORF1ab:cds-YP_009724389.1	GGT	G	AGT	S	604
NC_045512.2	2075	G	A	1879	743	42	1	1	74	0.000531915	1880	0.500133	FALSE	ORF1ab:cds-YP_009725295.1	GGT	G	AGT	S	604
NC_045512.2	2079	T	C	1945	756	41	1	0	37	0.000513875	1946	0.750193	FALSE	ORF1ab:cds-YP_009724389.1	GTT	V	GCT	A	605
NC_045512.2	2079	T	C	1945	756	41	1	0	37	0.000513875	1946	0.750193	FALSE	ORF1ab:cds-YP_009725295.1	GTT	V	GCT	A	605
NC_045512.2	2082	T	C	1953	760	41	1	1	74	0.000511771	1954	0.500128	FALSE	ORF1ab:cds-YP_009724389.1	GTT	V	GCT	A	606
NC_045512.2	2082	T	C	1953	760	41	1	1	74	0.000511771	1954	0.500128	FALSE	ORF1ab:cds-YP_009725295.1	GTT	V	GCT	A	606
NC_045512.2	2083	T	C	1944	759	41	2	1	25	0.00102722	1947	0.99999	FALSE	ORF1ab:cds-YP_009724389.1	GTT	V	GTC	V	606
NC_045512.2	2083	T	C	1944	759	41	2	1	25	0.00102722	1947	0.99999	FALSE	ORF1ab:cds-YP_009725295.1	GTT	V	GTC	V	606
NC_045512.2	2083	T	A	1944	759	41	1	0	37	0.000513611	1947	0.749936	FALSE	ORF1ab:cds-YP_009724389.1	GTT	V	GTA	V	606
NC_045512.2	2083	T	A	1944	759	41	1	0	37	0.000513611	1947	0.749936	FALSE	ORF1ab:cds-YP_009725295.1	GTT	V	GTA	V	606
NC_045512.2	2084	C	T	1947	761	41	1	1	74	0.000513347	1948	0.500128	FALSE	ORF1ab:cds-YP_009724389.1	CAG	Q	TAG	*	607
NC_045512.2	2084	C	T	1947	761	41	1	1	74	0.000513347	1948	0.500128	FALSE	ORF1ab:cds-YP_009725295.1	CAG	Q	TAG	*	607
NC_045512.2	2085	A	C	1919	774	43	1	0	37	0.000520833	1920	0.750195	FALSE	ORF1ab:cds-YP_009724389.1	CAG	Q	CCG	P	607
NC_045512.2	2085	A	C	1919	774	43	1	0	37	0.000520833	1920	0.750195	FALSE	ORF1ab:cds-YP_009725295.1	CAG	Q	CCG	P	607
NC_045512.2	2091	C	T	1932	922	43	1	0	37	0.000517331	1933	0.750194	FALSE	ORF1ab:cds-YP_009724389.1	ACT	T	ATT	I	609
NC_045512.2	2091	C	T	1932	922	43	1	0	37	0.000517331	1933	0.750194	FALSE	ORF1ab:cds-YP_009725295.1	ACT	T	ATT	I	609
NC_045512.2	2093	T	C	1951	955	43	1	1	37	0.000512295	1952	0.750192	FALSE	ORF1ab:cds-YP_009724389.1	TCG	S	CCG	P	610
NC_045512.2	2093	T	C	1951	955	43	1	1	37	0.000512295	1952	0.750192	FALSE	ORF1ab:cds-YP_009725295.1	TCG	S	CCG	P	610
NC_045512.2	2094	C	T	1955	954	43	1	1	74	0.000511247	1956	0.500128	FALSE	ORF1ab:cds-YP_009724389.1	TCG	S	TTG	L	610
NC_045512.2	2094	C	T	1955	954	43	1	1	74	0.000511247	1956	0.500128	FALSE	ORF1ab:cds-YP_009725295.1	TCG	S	TTG	L	610
NC_045512.2	2095	G	A	1939	946	43	6	1	47	0.00308483	1945	0.0155888	FALSE	ORF1ab:cds-YP_009724389.1	TCG	S	TCA	S	610
NC_045512.2	2095	G	A	1939	946	43	6	1	47	0.00308483	1945	0.0155888	FALSE	ORF1ab:cds-YP_009725295.1	TCG	S	TCA	S	610
NC_045512.2	2096	C	T	1934	975	42	2	0	37	0.00103306	1936	0.500194	FALSE	ORF1ab:cds-YP_009724389.1	CAG	Q	TAG	*	611
NC_045512.2	2096	C	T	1934	975	42	2	0	37	0.00103306	1936	0.500194	FALSE	ORF1ab:cds-YP_009725295.1	CAG	Q	TAG	*	611
NC_045512.2	2100	G	A	1950	962	42	1	1	37	0.000512558	1951	0.750192	FALSE	ORF1ab:cds-YP_009724389.1	TGG	W	TAG	*	612
NC_045512.2	2100	G	A	1950	962	42	1	1	37	0.000512558	1951	0.750192	FALSE	ORF1ab:cds-YP_009725295.1	TGG	W	TAG	*	612
NC_045512.2	2101	G	T	1943	958	42	1	0	37	0.000513347	1948	0.749679	FALSE	ORF1ab:cds-YP_009724389.1	TGG	W	TGT	C	612
NC_045512.2	2101	G	T	1943	958	42	1	0	37	0.000513347	1948	0.749679	FALSE	ORF1ab:cds-YP_009725295.1	TGG	W	TGT	C	612
NC_045512.2	2101	G	A	1943	958	42	4	3	37	0.00205339	1948	0.187339	FALSE	ORF1ab:cds-YP_009724389.1	TGG	W	TGA	*	612
NC_045512.2	2101	G	A	1943	958	42	4	3	37	0.00205339	1948	0.187339	FALSE	ORF1ab:cds-YP_009725295.1	TGG	W	TGA	*	612
NC_045512.2	2103	T	C	1947	980	42	1	1	74	0.000513347	1948	0.500128	FALSE	ORF1ab:cds-YP_009724389.1	CTA	L	CCA	P	613
NC_045512.2	2103	T	C	1947	980	42	1	1	74	0.000513347	1948	0.500128	FALSE	ORF1ab:cds-YP_009725295.1	CTA	L	CCA	P	613
NC_045512.2	2103	T	-A	1947	980	42	1	0	20	0.000513347	1948	0.999999	FALSE	NA	NA	NA	NA	NA	NA
NC_045512.2	2104	A	C	1941	982	41	1	0	29	0.000514933	1942	0.999999	FALSE	ORF1ab:cds-YP_009724389.1	CTA	L	CTC	L	613
NC_045512.2	2104	A	C	1941	982	41	1	0	29	0.000514933	1942	0.999999	FALSE	ORF1ab:cds-YP_009725295.1	CTA	L	CTC	L	613
NC_045512.2	2106	C	T	1317	701	41	628	298	41	0.322879	1945	4.54755e-216	TRUE	ORF1ab:cds-YP_009724389.1	ACT	T	ATT	I	614
NC_045512.2	2106	C	T	1317	701	41	628	298	41	0.322879	1945	4.54755e-216	TRUE	ORF1ab:cds-YP_009725295.1	ACT	T	ATT	I	614
NC_045512.2	2107	T	C	1948	1006	41	3	1	37	0.00153767	1951	0.312596	FALSE	ORF1ab:cds-YP_009724389.1	ACT	T	ACC	T	614
NC_045512.2	2107	T	C	1948	1006	41	3	1	37	0.00153767	1951	0.312596	FALSE	ORF1ab:cds-YP_009725295.1	ACT	T	ACC	T	614
NC_045512.2	2109	A	G	1895	959	41	1	0	37	0.000527426	1896	0.750198	FALSE	ORF1ab:cds-YP_009724389.1	AAC	N	AGC	S	615
NC_045512.2	2109	A	G	1895	959	41	1	0	37	0.000527426	1896	0.750198	FALSE	ORF1ab:cds-YP_009725295.1	AAC	N	AGC	S	615
NC_045512.2	2118	G	A	1855	962	41	1	0	37	0.000538793	1856	0.750202	FALSE	ORF1ab:cds-YP_009724389.1	GGC	G	GAC	D	618
NC_045512.2	2118	G	A	1855	962	41	1	0	37	0.000538793	1856	0.750202	FALSE	ORF1ab:cds-YP_009725295.1	GGC	G	GAC	D	618
NC_045512.2	2119	C	T	1853	961	41	2	2	37	0.00107759	1856	0.5	FALSE	ORF1ab:cds-YP_009724389.1	GGC	G	GGT	G	618
NC_045512.2	2119	C	T	1853	961	41	2	2	37	0.00107759	1856	0.5	FALSE	ORF1ab:cds-YP_009725295.1	GGC	G	GGT	G	618
NC_045512.2	2119	C	A	1853	961	41	1	1	37	0.000538793	1856	0.749933	FALSE	ORF1ab:cds-YP_009724389.1	GGC	G	GGA	G	618
NC_045512.2	2119	C	A	1853	961	41	1	1	37	0.000538793	1856	0.749933	FALSE	ORF1ab:cds-YP_009725295.1	GGC	G	GGA	G	618
NC_045512.2	2120	A	T	1846	959	41	1	1	25	0.000541419	1847	0.999998	FALSE	ORF1ab:cds-YP_009724389.1	ACT	T	TCT	S	619
NC_045512.2	2120	A	T	1846	959	41	1	1	25	0.000541419	1847	0.999998	FALSE	ORF1ab:cds-YP_009725295.1	ACT	T	TCT	S	619
NC_045512.2	2120	A	+C	1846	959	41	1	0	20	0.000541419	1847	0.999998	FALSE	NA	NA	NA	NA	NA	NA
NC_045512.2	2121	C	T	1788	956	40	1	0	62	0.000558659	1790	0.5	FALSE	ORF1ab:cds-YP_009724389.1	ACT	T	ATT	I	619
NC_045512.2	2121	C	T	1788	956	40	1	0	62	0.000558659	1790	0.5	FALSE	ORF1ab:cds-YP_009725295.1	ACT	T	ATT	I	619
NC_045512.2	2121	C	A	1788	956	40	1	0	37	0.000558659	1790	0.75007	FALSE	ORF1ab:cds-YP_009724389.1	ACT	T	AAT	N	619
NC_045512.2	2121	C	A	1788	956	40	1	0	37	0.000558659	1790	0.75007	FALSE	ORF1ab:cds-YP_009725295.1	ACT	T	AAT	N	619
NC_045512.2	2125	T	C	1692	870	40	1	0	25	0.000590319	1694	0.999993	FALSE	ORF1ab:cds-YP_009724389.1	GTT	V	GTC	V	620
NC_045512.2	2125	T	C	1692	870	40	1	0	25	0.000590319	1694	0.999993	FALSE	ORF1ab:cds-YP_009725295.1	GTT	V	GTC	V	620
NC_045512.2	2125	T	A	1692	870	40	1	0	37	0.000590319	1694	0.750074	FALSE	ORF1ab:cds-YP_009724389.1	GTT	V	GTA	V	620
NC_045512.2	2125	T	A	1692	870	40	1	0	37	0.000590319	1694	0.750074	FALSE	ORF1ab:cds-YP_009725295.1	GTT	V	GTA	V	620
NC_045512.2	2128	T	C	1329	735	41	415	216	42	0.237959	1744	8.95104e-138	TRUE	ORF1ab:cds-YP_009724389.1	TAT	Y	TAC	Y	621
NC_045512.2	2128	T	C	1329	735	41	415	216	42	0.237959	1744	8.95104e-138	TRUE	ORF1ab:cds-YP_009725295.1	TAT	Y	TAC	Y	621
NC_045512.2	2133	A	G	1718	969	41	1	1	37	0.000581734	1719	0.750218	FALSE	ORF1ab:cds-YP_009724389.1	AAA	K	AGA	R	623
NC_045512.2	2133	A	G	1718	969	41	1	1	37	0.000581734	1719	0.750218	FALSE	ORF1ab:cds-YP_009725295.1	AAA	K	AGA	R	623
NC_045512.2	2136	T	C	1762	985	42	1	0	37	0.000566893	1764	0.750071	FALSE	ORF1ab:cds-YP_009724389.1	CTC	L	CCC	P	624
NC_045512.2	2136	T	C	1762	985	42	1	0	37	0.000566893	1764	0.750071	FALSE	ORF1ab:cds-YP_009725295.1	CTC	L	CCC	P	624
NC_045512.2	2136	T	A	1762	985	42	1	0	37	0.000566893	1764	0.750071	FALSE	ORF1ab:cds-YP_009724389.1	CTC	L	CAC	H	624
NC_045512.2	2136	T	A	1762	985	42	1	0	37	0.000566893	1764	0.750071	FALSE	ORF1ab:cds-YP_009725295.1	CTC	L	CAC	H	624
NC_045512.2	2138	A	G	1783	1020	43	1	0	37	0.000560538	1784	0.75021	FALSE	ORF1ab:cds-YP_009724389.1	AAA	K	GAA	E	625
NC_045512.2	2138	A	G	1783	1020	43	1	0	37	0.000560538	1784	0.75021	FALSE	ORF1ab:cds-YP_009725295.1	AAA	K	GAA	E	625
NC_045512.2	2140	A	G	1727	978	41	1	0	37	0.000578369	1729	0.750072	FALSE	ORF1ab:cds-YP_009724389.1	AAA	K	AAG	K	625
NC_045512.2	2140	A	G	1727	978	41	1	0	37	0.000578369	1729	0.750072	FALSE	ORF1ab:cds-YP_009725295.1	AAA	K	AAG	K	625
NC_045512.2	2140	A	C	1727	978	41	1	1	29	0.000578369	1729	0.999996	FALSE	ORF1ab:cds-YP_009724389.1	AAA	K	AAC	N	625
NC_045512.2	2140	A	C	1727	978	41	1	1	29	0.000578369	1729	0.999996	FALSE	ORF1ab:cds-YP_009725295.1	AAA	K	AAC	N	625
NC_045512.2	2141	C	A	1779	1024	43	1	0	25	0.000561798	1780	0.999996	FALSE	ORF1ab:cds-YP_009724389.1	CCC	P	ACC	T	626
NC_045512.2	2141	C	A	1779	1024	43	1	0	25	0.000561798	1780	0.999996	FALSE	ORF1ab:cds-YP_009725295.1	CCC	P	ACC	T	626
NC_045512.2	2143	C	T	1692	949	43	2	2	37	0.00117994	1695	0.5	FALSE	ORF1ab:cds-YP_009724389.1	CCC	P	CCT	P	626
NC_045512.2	2143	C	T	1692	949	43	2	2	37	0.00117994	1695	0.5	FALSE	ORF1ab:cds-YP_009725295.1	CCC	P	CCT	P	626
NC_045512.2	2143	C	A	1692	949	43	1	0	74	0.000589971	1695	0.499852	FALSE	ORF1ab:cds-YP_009724389.1	CCC	P	CCA	P	626
NC_045512.2	2143	C	A	1692	949	43	1	0	74	0.000589971	1695	0.499852	FALSE	ORF1ab:cds-YP_009725295.1	CCC	P	CCA	P	626
NC_045512.2	2144	G	A	1696	943	43	1	1	37	0.000589275	1697	0.750221	FALSE	ORF1ab:cds-YP_009724389.1	GTC	V	ATC	I	627
NC_045512.2	2144	G	A	1696	943	43	1	1	37	0.000589275	1697	0.750221	FALSE	ORF1ab:cds-YP_009725295.1	GTC	V	ATC	I	627
NC_045512.2	2145	T	A	1684	943	43	1	0	25	0.000593472	1685	0.999993	FALSE	ORF1ab:cds-YP_009724389.1	GTC	V	GAC	D	627
NC_045512.2	2145	T	A	1684	943	43	1	0	25	0.000593472	1685	0.999993	FALSE	ORF1ab:cds-YP_009725295.1	GTC	V	GAC	D	627
NC_045512.2	2149	T	C	1659	956	42	1	0	37	0.00060241	1660	0.750226	FALSE	ORF1ab:cds-YP_009724389.1	CTT	L	CTC	L	628
NC_045512.2	2149	T	C	1659	956	42	1	0	37	0.00060241	1660	0.750226	FALSE	ORF1ab:cds-YP_009725295.1	CTT	L	CTC	L	628
NC_045512.2	2154	G	A	1664	940	42	1	1	74	0.000600601	1665	0.50015	FALSE	ORF1ab:cds-YP_009724389.1	TGG	W	TAG	*	630
NC_045512.2	2154	G	A	1664	940	42	1	1	74	0.000600601	1665	0.50015	FALSE	ORF1ab:cds-YP_009725295.1	TGG	W	TAG	*	630
NC_045512.2	2155	G	A	1648	952	42	2	2	37	0.00121212	1650	0.500227	FALSE	ORF1ab:cds-YP_009724389.1	TGG	W	TGA	*	630
NC_045512.2	2155	G	A	1648	952	42	2	2	37	0.00121212	1650	0.500227	FALSE	ORF1ab:cds-YP_009725295.1	TGG	W	TGA	*	630
NC_045512.2	2156	C	T	1627	932	41	4	3	37	0.00245248	1631	0.1875	FALSE	ORF1ab:cds-YP_009724389.1	CTT	L	TTT	F	631
NC_045512.2	2156	C	T	1627	932	41	4	3	37	0.00245248	1631	0.1875	FALSE	ORF1ab:cds-YP_009725295.1	CTT	L	TTT	F	631
NC_045512.2	2158	T	A	1657	990	42	1	0	37	0.000603136	1658	0.750226	FALSE	ORF1ab:cds-YP_009724389.1	CTT	L	CTA	L	631
NC_045512.2	2158	T	A	1657	990	42	1	0	37	0.000603136	1658	0.750226	FALSE	ORF1ab:cds-YP_009725295.1	CTT	L	CTA	L	631
NC_045512.2	2166	A	G	1829	1504	42	1	1	37	0.000546448	1830	0.750205	FALSE	ORF1ab:cds-YP_009724389.1	AAG	K	AGG	R	634
NC_045512.2	2166	A	G	1829	1504	42	1	1	37	0.000546448	1830	0.750205	FALSE	ORF1ab:cds-YP_009725295.1	AAG	K	AGG	R	634
NC_045512.2	2170	T	C	1859	1526	42	1	0	37	0.000537634	1860	0.750202	FALSE	ORF1ab:cds-YP_009724389.1	TTT	F	TTC	F	635
NC_045512.2	2170	T	C	1859	1526	42	1	0	37	0.000537634	1860	0.750202	FALSE	ORF1ab:cds-YP_009725295.1	TTT	F	TTC	F	635
NC_045512.2	2175	A	C	1980	1731	44	1	0	37	0.000504796	1981	0.750189	FALSE	ORF1ab:cds-YP_009724389.1	GAA	E	GCA	A	637
NC_045512.2	2175	A	C	1980	1731	44	1	0	37	0.000504796	1981	0.750189	FALSE	ORF1ab:cds-YP_009725295.1	GAA	E	GCA	A	637
NC_045512.2	2176	A	C	1840	1608	43	4	0	37	0.0021692	1844	0.1875	FALSE	ORF1ab:cds-YP_009724389.1	GAA	E	GAC	D	637
NC_045512.2	2176	A	C	1840	1608	43	4	0	37	0.0021692	1844	0.1875	FALSE	ORF1ab:cds-YP_009725295.1	GAA	E	GAC	D	637
NC_045512.2	2182	A	G	1867	1682	43	2	2	37	0.00107009	1869	0.500201	FALSE	ORF1ab:cds-YP_009724389.1	GTA	V	GTG	V	639
NC_045512.2	2182	A	G	1867	1682	43	2	2	37	0.00107009	1869	0.500201	FALSE	ORF1ab:cds-YP_009725295.1	GTA	V	GTG	V	639
NC_045512.2	2186	T	C	1728	1547	43	1	1	37	0.000578369	1729	0.750217	FALSE	ORF1ab:cds-YP_009724389.1	TTT	F	CTT	L	641
NC_045512.2	2186	T	C	1728	1547	43	1	1	37	0.000578369	1729	0.750217	FALSE	ORF1ab:cds-YP_009725295.1	TTT	F	CTT	L	641
NC_045512.2	2187	T	C	1583	1411	44	1	1	37	0.000631313	1584	0.750237	FALSE	ORF1ab:cds-YP_009724389.1	TTT	F	TCT	S	641
NC_045512.2	2187	T	C	1583	1411	44	1	1	37	0.000631313	1584	0.750237	FALSE	ORF1ab:cds-YP_009725295.1	TTT	F	TCT	S	641
NC_045512.2	2192	A	T	1557	1397	43	1	0	48	0.000641849	1558	0.500161	FALSE	ORF1ab:cds-YP_009724389.1	AGA	R	TGA	*	643
NC_045512.2	2192	A	T	1557	1397	43	1	0	48	0.000641849	1558	0.500161	FALSE	ORF1ab:cds-YP_009725295.1	AGA	R	TGA	*	643
NC_045512.2	2194	A	G	1502	1342	43	1	1	37	0.000665336	1503	0.75025	FALSE	ORF1ab:cds-YP_009724389.1	AGA	R	AGG	R	643
NC_045512.2	2194	A	G	1502	1342	43	1	1	37	0.000665336	1503	0.75025	FALSE	ORF1ab:cds-YP_009725295.1	AGA	R	AGG	R	643
NC_045512.2	2197	C	T	1496	1338	43	1	1	37	0.000668003	1497	0.750251	FALSE	ORF1ab:cds-YP_009724389.1	GAC	D	GAT	D	644
NC_045512.2	2197	C	T	1496	1338	43	1	1	37	0.000668003	1497	0.750251	FALSE	ORF1ab:cds-YP_009725295.1	GAC	D	GAT	D	644
NC_045512.2	2199	G	A	1483	1331	43	1	1	37	0.000673854	1484	0.750253	FALSE	ORF1ab:cds-YP_009724389.1	GGT	G	GAT	D	645
NC_045512.2	2199	G	A	1483	1331	43	1	1	37	0.000673854	1484	0.750253	FALSE	ORF1ab:cds-YP_009725295.1	GGT	G	GAT	D	645
NC_045512.2	2201	T	A	1495	1359	42	1	1	37	0.000668449	1496	0.750251	FALSE	ORF1ab:cds-YP_009724389.1	TGG	W	AGG	R	646
NC_045512.2	2201	T	A	1495	1359	42	1	1	37	0.000668449	1496	0.750251	FALSE	ORF1ab:cds-YP_009725295.1	TGG	W	AGG	R	646
NC_045512.2	2204	G	-A	1493	1359	42	1	0	20	0.000669792	1493	0.999971	FALSE	NA	NA	NA	NA	NA	NA
NC_045512.2	2208	T	C	1432	1323	41	1	1	37	0.000697837	1433	0.750262	FALSE	ORF1ab:cds-YP_009724389.1	ATT	I	ACT	T	648
NC_045512.2	2208	T	C	1432	1323	41	1	1	37	0.000697837	1433	0.750262	FALSE	ORF1ab:cds-YP_009725295.1	ATT	I	ACT	T	648
NC_045512.2	2211	T	C	1426	1319	41	1	0	37	0.000700771	1427	0.750263	FALSE	ORF1ab:cds-YP_009724389.1	GTT	V	GCT	A	649
NC_045512.2	2211	T	C	1426	1319	41	1	0	37	0.000700771	1427	0.750263	FALSE	ORF1ab:cds-YP_009725295.1	GTT	V	GCT	A	649
NC_045512.2	2220	T	C	1405	1326	40	1	0	74	0.000711238	1406	0.500178	FALSE	ORF1ab:cds-YP_009724389.1	ATC	I	ACC	T	652
NC_045512.2	2220	T	C	1405	1326	40	1	0	74	0.000711238	1406	0.500178	FALSE	ORF1ab:cds-YP_009725295.1	ATC	I	ACC	T	652
NC_045512.2	2221	C	T	1410	1330	40	1	1	74	0.000708717	1411	0.500177	FALSE	ORF1ab:cds-YP_009724389.1	ATC	I	ATT	I	652
NC_045512.2	2221	C	T	1410	1330	40	1	1	74	0.000708717	1411	0.500177	FALSE	ORF1ab:cds-YP_009725295.1	ATC	I	ATT	I	652
NC_045512.2	2224	A	G	839	790	40	552	534	39	0.396837	1391	3.51538e-194	TRUE	ORF1ab:cds-YP_009724389.1	TCA	S	TCG	S	653
NC_045512.2	2224	A	G	839	790	40	552	534	39	0.396837	1391	3.51538e-194	TRUE	ORF1ab:cds-YP_009725295.1	TCA	S	TCG	S	653
NC_045512.2	2227	C	A	1384	1318	39	1	1	25	0.000722022	1385	0.999941	FALSE	ORF1ab:cds-YP_009724389.1	ACC	T	ACA	T	654
NC_045512.2	2227	C	A	1384	1318	39	1	1	25	0.000722022	1385	0.999941	FALSE	ORF1ab:cds-YP_009725295.1	ACC	T	ACA	T	654
NC_045512.2	2231	G	T	1275	1209	39	2	2	37	0.00156617	1277	0.500294	FALSE	ORF1ab:cds-YP_009724389.1	GCT	A	TCT	S	656
NC_045512.2	2231	G	T	1275	1209	39	2	2	37	0.00156617	1277	0.500294	FALSE	ORF1ab:cds-YP_009725295.1	GCT	A	TCT	S	656
NC_045512.2	2232	C	T	1258	1192	40	1	1	37	0.000794281	1259	0.750298	FALSE	ORF1ab:cds-YP_009724389.1	GCT	A	GTT	V	656
NC_045512.2	2232	C	T	1258	1192	40	1	1	37	0.000794281	1259	0.750298	FALSE	ORF1ab:cds-YP_009725295.1	GCT	A	GTT	V	656
NC_045512.2	2233	T	C	1223	1157	40	1	1	25	0.000816993	1224	0.999882	FALSE	ORF1ab:cds-YP_009724389.1	GCT	A	GCC	A	656
NC_045512.2	2233	T	C	1223	1157	40	1	1	25	0.000816993	1224	0.999882	FALSE	ORF1ab:cds-YP_009725295.1	GCT	A	GCC	A	656
NC_045512.2	2234	T	G	1181	1118	40	2	0	37	0.00168919	1184	0.5	FALSE	ORF1ab:cds-YP_009724389.1	TGT	C	GGT	G	657
NC_045512.2	2234	T	G	1181	1118	40	2	0	37	0.00168919	1184	0.5	FALSE	ORF1ab:cds-YP_009725295.1	TGT	C	GGT	G	657
NC_045512.2	2234	T	C	1181	1118	40	1	0	37	0.000844595	1184	0.749894	FALSE	ORF1ab:cds-YP_009724389.1	TGT	C	CGT	R	657
NC_045512.2	2234	T	C	1181	1118	40	1	0	37	0.000844595	1184	0.749894	FALSE	ORF1ab:cds-YP_009725295.1	TGT	C	CGT	R	657
NC_045512.2	2237	G	A	1168	1123	39	1	1	37	0.000855432	1169	0.750321	FALSE	ORF1ab:cds-YP_009724389.1	GAA	E	AAA	K	658
NC_045512.2	2237	G	A	1168	1123	39	1	1	37	0.000855432	1169	0.750321	FALSE	ORF1ab:cds-YP_009725295.1	GAA	E	AAA	K	658
NC_045512.2	2250	G	C	1088	1056	38	1	1	37	0.000917431	1090	0.750115	FALSE	ORF1ab:cds-YP_009724389.1	GGA	G	GCA	A	662
NC_045512.2	2250	G	C	1088	1056	38	1	1	37	0.000917431	1090	0.750115	FALSE	ORF1ab:cds-YP_009725295.1	GGA	G	GCA	A	662
NC_045512.2	2250	G	A	1088	1056	38	1	1	37	0.000917431	1090	0.750115	FALSE	ORF1ab:cds-YP_009724389.1	GGA	G	GAA	E	662
NC_045512.2	2250	G	A	1088	1056	38	1	1	37	0.000917431	1090	0.750115	FALSE	ORF1ab:cds-YP_009725295.1	GGA	G	GAA	E	662
NC_045512.2	2251	A	G	1083	1051	38	1	1	37	0.000922509	1084	0.750346	FALSE	ORF1ab:cds-YP_009724389.1	GGA	G	GGG	G	662
NC_045512.2	2251	A	G	1083	1051	38	1	1	37	0.000922509	1084	0.750346	FALSE	ORF1ab:cds-YP_009725295.1	GGA	G	GGG	G	662
NC_045512.2	2252	C	-A	1088	1057	38	1	0	20	0.000919118	1088	0.999529	FALSE	NA	NA	NA	NA	NA	NA
NC_045512.2	2622	A	T	398	47	41	1	0	37	0.00250627	399	0.500627	FALSE	ORF1ab:cds-YP_009724389.1	AAC	N	ATC	I	786
NC_045512.2	2622	A	T	398	47	41	1	0	37	0.00250627	399	0.500627	FALSE	ORF1ab:cds-YP_009725295.1	AAC	N	ATC	I	786
NC_045512.2	2626	G	A	460	48	41	1	0	37	0.0021692	461	0.500543	FALSE	ORF1ab:cds-YP_009724389.1	GGG	G	GGA	G	787
NC_045512.2	2626	G	A	460	48	41	1	0	37	0.0021692	461	0.500543	FALSE	ORF1ab:cds-YP_009725295.1	GGG	G	GGA	G	787
NC_045512.2	2631	T	C	457	48	41	1	0	37	0.00218341	458	0.500546	FALSE	ORF1ab:cds-YP_009724389.1	ATG	M	ACG	T	789
NC_045512.2	2631	T	C	457	48	41	1	0	37	0.00218341	458	0.500546	FALSE	ORF1ab:cds-YP_009725295.1	ATG	M	ACG	T	789
NC_045512.2	2638	C	A	465	53	42	1	0	37	0.00214592	466	0.500537	FALSE	ORF1ab:cds-YP_009724389.1	CTC	L	CTA	L	791
NC_045512.2	2638	C	A	465	53	42	1	0	37	0.00214592	466	0.500537	FALSE	ORF1ab:cds-YP_009725295.1	CTC	L	CTA	L	791
NC_045512.2	2657	A	C	535	73	42	1	0	74	0.00186567	536	0.500467	FALSE	ORF1ab:cds-YP_009724389.1	AAG	K	CAG	Q	798
NC_045512.2	2657	A	C	535	73	42	1	0	74	0.00186567	536	0.500467	FALSE	ORF1ab:cds-YP_009725295.1	AAG	K	CAG	Q	798
NC_045512.2	2658	A	G	530	72	42	1	0	37	0.00188324	531	0.500471	FALSE	ORF1ab:cds-YP_009724389.1	AAG	K	AGG	R	798
NC_045512.2	2658	A	G	530	72	42	1	0	37	0.00188324	531	0.500471	FALSE	ORF1ab:cds-YP_009725295.1	AAG	K	AGG	R	798
NC_045512.2	2667	C	T	491	102	42	2	1	37	0.0040568	493	0.250254	FALSE	ORF1ab:cds-YP_009724389.1	GCC	A	GTC	V	801
NC_045512.2	2667	C	T	491	102	42	2	1	37	0.0040568	493	0.250254	FALSE	ORF1ab:cds-YP_009725295.1	GCC	A	GTC	V	801
NC_045512.2	2672	G	A	457	125	41	1	1	37	0.00218341	458	0.500546	FALSE	ORF1ab:cds-YP_009724389.1	GCA	A	ACA	T	803
NC_045512.2	2672	G	A	457	125	41	1	1	37	0.00218341	458	0.500546	FALSE	ORF1ab:cds-YP_009725295.1	GCA	A	ACA	T	803
NC_045512.2	2705	A	G	489	220	42	1	1	25	0.00204082	490	0.969227	FALSE	ORF1ab:cds-YP_009724389.1	ACA	T	GCA	A	814
NC_045512.2	2705	A	G	489	220	42	1	1	25	0.00204082	490	0.969227	FALSE	ORF1ab:cds-YP_009725295.1	ACA	T	GCA	A	814
NC_045512.2	2720	G	A	478	208	41	1	0	37	0.00208768	479	0.500522	FALSE	ORF1ab:cds-YP_009724389.1	GCA	A	ACA	T	819
NC_045512.2	2720	G	A	478	208	41	1	0	37	0.00208768	479	0.500522	FALSE	ORF1ab:cds-YP_009725295.1	GCA	A	ACA	T	819
NC_045512.2	2735	A	T	453	224	40	1	1	20	0.00220264	454	0.969265	FALSE	ORF1ab:cds-YP_009724389.1	ACT	T	TCT	S	824
NC_045512.2	2735	A	T	453	224	40	1	1	20	0.00220264	454	0.969265	FALSE	ORF1ab:cds-YP_009725295.1	ACT	T	TCT	S	824
NC_045512.2	2749	C	G	501	298	43	1	0	37	0.00199203	502	0.500499	FALSE	ORF1ab:cds-YP_009724389.1	GAC	D	GAG	E	828
NC_045512.2	2749	C	G	501	298	43	1	0	37	0.00199203	502	0.500499	FALSE	ORF1ab:cds-YP_009725295.1	GAC	D	GAG	E	828
NC_045512.2	2750	A	G	489	285	43	1	1	37	0.00204082	490	0.500511	FALSE	ORF1ab:cds-YP_009724389.1	ACT	T	GCT	A	829
NC_045512.2	2750	A	G	489	285	43	1	1	37	0.00204082	490	0.500511	FALSE	ORF1ab:cds-YP_009725295.1	ACT	T	GCT	A	829
NC_045512.2	2752	T	A	496	304	43	1	1	37	0.00201207	497	0.500504	FALSE	ORF1ab:cds-YP_009724389.1	ACT	T	ACA	T	829
NC_045512.2	2752	T	A	496	304	43	1	1	37	0.00201207	497	0.500504	FALSE	ORF1ab:cds-YP_009725295.1	ACT	T	ACA	T	829
NC_045512.2	2767	A	G	505	368	41	2	2	37	0.00394477	507	0.250247	FALSE	ORF1ab:cds-YP_009724389.1	CAA	Q	CAG	Q	834
NC_045512.2	2767	A	G	505	368	41	2	2	37	0.00394477	507	0.250247	FALSE	ORF1ab:cds-YP_009725295.1	CAA	Q	CAG	Q	834
NC_045512.2	2789	A	-C	442	316	42	1	0	20	0.00226244	442	0.969453	FALSE	NA	NA	NA	NA	NA	NA
NC_045512.2	2790	C	T	0	0	0	438	314	42	1	438	7.36478e-263	TRUE	ORF1ab:cds-YP_009724389.1	ACT	T	ATT	I	842
NC_045512.2	2790	C	T	0	0	0	438	314	42	1	438	7.36478e-263	TRUE	ORF1ab:cds-YP_009725295.1	ACT	T	ATT	I	842
NC_045512.2	2793	T	C	455	346	42	2	1	74	0.00437637	457	0.250274	FALSE	ORF1ab:cds-YP_009724389.1	TTT	F	TCT	S	843
NC_045512.2	2793	T	C	455	346	42	2	1	74	0.00437637	457	0.250274	FALSE	ORF1ab:cds-YP_009725295.1	TTT	F	TCT	S	843
NC_045512.2	2802	A	T	451	362	42	2	2	37	0.00441501	453	0.250276	FALSE	ORF1ab:cds-YP_009724389.1	GAT	D	GTT	V	846
NC_045512.2	2802	A	T	451	362	42	2	2	37	0.00441501	453	0.250276	FALSE	ORF1ab:cds-YP_009725295.1	GAT	D	GTT	V	846
NC_045512.2	2819	G	A	489	443	41	1	1	37	0.00204082	490	0.500511	FALSE	ORF1ab:cds-YP_009724389.1	GTA	V	ATA	I	852
NC_045512.2	2819	G	A	489	443	41	1	1	37	0.00204082	490	0.500511	FALSE	ORF1ab:cds-YP_009725295.1	GTA	V	ATA	I	852
NC_045512.2	2835	G	A	457	419	40	1	1	25	0.00218341	458	0.969261	FALSE	ORF1ab:cds-YP_009724389.1	TGC	C	TAC	Y	857
NC_045512.2	2835	G	A	457	419	40	1	1	25	0.00218341	458	0.969261	FALSE	ORF1ab:cds-YP_009725295.1	TGC	C	TAC	Y	857
NC_045512.2	2848	A	T	359	327	40	1	1	37	0.00277778	360	0.500695	FALSE	ORF1ab:cds-YP_009724389.1	ACA	T	ACT	T	861
NC_045512.2	2848	A	T	359	327	40	1	1	37	0.00277778	360	0.500695	FALSE	ORF1ab:cds-YP_009725295.1	ACA	T	ACT	T	861
NC_045512.2	2851	T	C	341	310	40	1	0	37	0.00292398	342	0.500732	FALSE	ORF1ab:cds-YP_009724389.1	GTT	V	GTC	V	862
NC_045512.2	2851	T	C	341	310	40	1	0	37	0.00292398	342	0.500732	FALSE	ORF1ab:cds-YP_009725295.1	GTT	V	GTC	V	862
NC_045512.2	2853	A	C	320	290	40	1	1	37	0.00311526	321	0.50078	FALSE	ORF1ab:cds-YP_009724389.1	GAA	E	GCA	A	863
NC_045512.2	2853	A	C	320	290	40	1	1	37	0.00311526	321	0.50078	FALSE	ORF1ab:cds-YP_009725295.1	GAA	E	GCA	A	863
NC_045512.2	2856	T	C	307	278	40	1	1	37	0.00324675	308	0.500813	FALSE	ORF1ab:cds-YP_009724389.1	CTC	L	CCC	P	864
NC_045512.2	2856	T	C	307	278	40	1	1	37	0.00324675	308	0.500813	FALSE	ORF1ab:cds-YP_009725295.1	CTC	L	CCC	P	864
NC_045512.2	2860	T	C	275	246	40	2	2	37	0.00722022	277	0.250452	FALSE	ORF1ab:cds-YP_009724389.1	GGT	G	GGC	G	865
NC_045512.2	2860	T	C	275	246	40	2	2	37	0.00722022	277	0.250452	FALSE	ORF1ab:cds-YP_009725295.1	GGT	G	GGC	G	865
NC_045512.2	2868	T	C	216	192	41	2	0	37	0.00917431	218	0.250575	FALSE	ORF1ab:cds-YP_009724389.1	GTA	V	GCA	A	868
NC_045512.2	2868	T	C	216	192	41	2	0	37	0.00917431	218	0.250575	FALSE	ORF1ab:cds-YP_009725295.1	GTA	V	GCA	A	868
NC_045512.2	2890	G	T	214	136	37	1	0	37	0.00465116	215	0.501166	FALSE	ORF1ab:cds-YP_009724389.1	GTG	V	GTT	V	875
NC_045512.2	2890	G	T	214	136	37	1	0	37	0.00465116	215	0.501166	FALSE	ORF1ab:cds-YP_009725295.1	GTG	V	GTT	V	875
NC_045512.2	2895	A	G	193	117	37	4	0	37	0.0203046	197	0.0621783	FALSE	ORF1ab:cds-YP_009724389.1	GAT	D	GGT	G	877
NC_045512.2	2895	A	G	193	117	37	4	0	37	0.0203046	197	0.0621783	FALSE	ORF1ab:cds-YP_009725295.1	GAT	D	GGT	G	877
NC_045512.2	2900	G	A	87	12	38	5	1	37	0.0543478	92	0.0303821	FALSE	ORF1ab:cds-YP_009724389.1	GTC	V	ATC	I	879
NC_045512.2	2900	G	A	87	12	38	5	1	37	0.0543478	92	0.0303821	FALSE	ORF1ab:cds-YP_009725295.1	GTC	V	ATC	I	879
NC_045512.2	2921	G	A	108	17	38	1	0	74	0.00917431	109	0.502304	FALSE	ORF1ab:cds-YP_009724389.1	GTA	V	ATA	I	886
NC_045512.2	2921	G	A	108	17	38	1	0	74	0.00917431	109	0.502304	FALSE	ORF1ab:cds-YP_009725295.1	GTA	V	ATA	I	886
NC_045512.2	2956	A	G	132	33	46	1	0	37	0.0075188	133	0.501887	FALSE	ORF1ab:cds-YP_009724389.1	TTA	L	TTG	L	897
NC_045512.2	2956	A	G	132	33	46	1	0	37	0.0075188	133	0.501887	FALSE	ORF1ab:cds-YP_009725295.1	TTA	L	TTG	L	897
NC_045512.2	2995	G	A	133	43	41	1	0	37	0.00746269	134	0.501873	FALSE	ORF1ab:cds-YP_009724389.1	GAG	E	GAA	E	910
NC_045512.2	2995	G	A	133	43	41	1	0	37	0.00746269	134	0.501873	FALSE	ORF1ab:cds-YP_009725295.1	GAG	E	GAA	E	910
NC_045512.2	3015	C	T	138	58	40	1	0	37	0.00719424	139	0.501805	FALSE	ORF1ab:cds-YP_009724389.1	GCT	A	GTT	V	917
NC_045512.2	3015	C	T	138	58	40	1	0	37	0.00719424	139	0.501805	FALSE	ORF1ab:cds-YP_009725295.1	GCT	A	GTT	V	917
NC_045512.2	3037	C	T	1	1	74	130	56	42	0.992366	131	7.17906e-76	TRUE	ORF1ab:cds-YP_009724389.1	TTC	F	TTT	F	924
NC_045512.2	3037	C	T	1	1	74	130	56	42	0.992366	131	7.17906e-76	TRUE	ORF1ab:cds-YP_009725295.1	TTC	F	TTT	F	924
NC_045512.2	3068	G	A	117	70	42	1	0	37	0.00847458	118	0.502128	FALSE	ORF1ab:cds-YP_009724389.1	GAT	D	AAT	N	935
NC_045512.2	3068	G	A	117	70	42	1	0	37	0.00847458	118	0.502128	FALSE	ORF1ab:cds-YP_009725295.1	GAT	D	AAT	N	935
NC_045512.2	3090	A	G	110	81	40	1	0	37	0.00900901	111	0.502262	FALSE	ORF1ab:cds-YP_009724389.1	GAG	E	GGG	G	942
NC_045512.2	3090	A	G	110	81	40	1	0	37	0.00900901	111	0.502262	FALSE	ORF1ab:cds-YP_009725295.1	GAG	E	GGG	G	942
NC_045512.2	3097	A	G	109	84	41	1	1	37	0.00909091	110	0.502283	FALSE	ORF1ab:cds-YP_009724389.1	TCA	S	TCG	S	944
NC_045512.2	3097	A	G	109	84	41	1	1	37	0.00909091	110	0.502283	FALSE	ORF1ab:cds-YP_009725295.1	TCA	S	TCG	S	944
NC_045512.2	3340	G	A	23	12	42	1	1	37	0.0416667	24	0.510638	FALSE	ORF1ab:cds-YP_009724389.1	GTG	V	GTA	V	1025
NC_045512.2	3340	G	A	23	12	42	1	1	37	0.0416667	24	0.510638	FALSE	ORF1ab:cds-YP_009725295.1	GTG	V	GTA	V	1025
NC_045512.2	3572	T	C	193	17	40	1	0	37	0.00515464	194	0.501292	FALSE	ORF1ab:cds-YP_009724389.1	TGT	C	CGT	R	1103
NC_045512.2	3572	T	C	193	17	40	1	0	37	0.00515464	194	0.501292	FALSE	ORF1ab:cds-YP_009725295.1	TGT	C	CGT	R	1103
NC_045512.2	3583	C	A	207	23	41	1	1	37	0.00480769	208	0.501205	FALSE	ORF1ab:cds-YP_009724389.1	AGC	S	AGA	R	1106
NC_045512.2	3583	C	A	207	23	41	1	1	37	0.00480769	208	0.501205	FALSE	ORF1ab:cds-YP_009725295.1	AGC	S	AGA	R	1106
NC_045512.2	3596	G	A	254	28	40	1	0	25	0.00392157	255	0.876472	FALSE	ORF1ab:cds-YP_009724389.1	GCT	A	ACT	T	1111
NC_045512.2	3596	G	A	254	28	40	1	0	25	0.00392157	255	0.876472	FALSE	ORF1ab:cds-YP_009725295.1	GCT	A	ACT	T	1111
NC_045512.2	3601	A	C	265	38	42	1	0	37	0.0037594	266	0.500942	FALSE	ORF1ab:cds-YP_009724389.1	AAA	K	AAC	N	1112
NC_045512.2	3601	A	C	265	38	42	1	0	37	0.0037594	266	0.500942	FALSE	ORF1ab:cds-YP_009725295.1	AAA	K	AAC	N	1112
NC_045512.2	3602	C	T	260	37	43	6	1	43	0.0225564	266	0.0153593	FALSE	ORF1ab:cds-YP_009724389.1	CAC	H	TAC	Y	1113
NC_045512.2	3602	C	T	260	37	43	6	1	43	0.0225564	266	0.0153593	FALSE	ORF1ab:cds-YP_009725295.1	CAC	H	TAC	Y	1113
NC_045512.2	3603	A	G	263	37	43	2	0	37	0.00754717	265	0.250473	FALSE	ORF1ab:cds-YP_009724389.1	CAC	H	CGC	R	1113
NC_045512.2	3603	A	G	263	37	43	2	0	37	0.00754717	265	0.250473	FALSE	ORF1ab:cds-YP_009725295.1	CAC	H	CGC	R	1113
NC_045512.2	3609	T	A	313	39	42	1	0	37	0.00318471	314	0.500797	FALSE	ORF1ab:cds-YP_009724389.1	CTT	L	CAT	H	1115
NC_045512.2	3609	T	A	313	39	42	1	0	37	0.00318471	314	0.500797	FALSE	ORF1ab:cds-YP_009725295.1	CTT	L	CAT	H	1115
NC_045512.2	3633	A	G	315	62	43	1	0	37	0.00316456	316	0.500792	FALSE	ORF1ab:cds-YP_009724389.1	AAC	N	AGC	S	1123
NC_045512.2	3633	A	G	315	62	43	1	0	37	0.00316456	316	0.500792	FALSE	ORF1ab:cds-YP_009725295.1	AAC	N	AGC	S	1123
NC_045512.2	3635	A	G	316	63	44	1	0	25	0.00315457	317	0.938485	FALSE	ORF1ab:cds-YP_009724389.1	AAA	K	GAA	E	1124
NC_045512.2	3635	A	G	316	63	44	1	0	25	0.00315457	317	0.938485	FALSE	ORF1ab:cds-YP_009725295.1	AAA	K	GAA	E	1124
NC_045512.2	3649	T	C	303	104	44	1	0	37	0.00328947	304	0.500824	FALSE	ORF1ab:cds-YP_009724389.1	ATT	I	ATC	I	1128
NC_045512.2	3649	T	C	303	104	44	1	0	37	0.00328947	304	0.500824	FALSE	ORF1ab:cds-YP_009725295.1	ATT	I	ATC	I	1128
NC_045512.2	3673	A	G	315	178	45	1	0	36	0.00316456	316	0.500792	FALSE	ORF1ab:cds-YP_009724389.1	GAA	E	GAG	E	1136
NC_045512.2	3673	A	G	315	178	45	1	0	36	0.00316456	316	0.500792	FALSE	ORF1ab:cds-YP_009725295.1	GAA	E	GAG	E	1136
NC_045512.2	3683	C	T	315	183	45	1	1	48	0.00316456	316	0.500792	FALSE	ORF1ab:cds-YP_009724389.1	CAG	Q	TAG	*	1140
NC_045512.2	3683	C	T	315	183	45	1	1	48	0.00316456	316	0.500792	FALSE	ORF1ab:cds-YP_009725295.1	CAG	Q	TAG	*	1140
NC_045512.2	3684	A	C	307	173	45	1	0	37	0.00324675	308	0.500813	FALSE	ORF1ab:cds-YP_009724389.1	CAG	Q	CCG	P	1140
NC_045512.2	3684	A	C	307	173	45	1	0	37	0.00324675	308	0.500813	FALSE	ORF1ab:cds-YP_009725295.1	CAG	Q	CCG	P	1140
NC_045512.2	3694	T	C	340	212	46	1	0	37	0.00293255	341	0.500734	FALSE	ORF1ab:cds-YP_009724389.1	GTT	V	GTC	V	1143
NC_045512.2	3694	T	C	340	212	46	1	0	37	0.00293255	341	0.500734	FALSE	ORF1ab:cds-YP_009725295.1	GTT	V	GTC	V	1143
NC_045512.2	3704	C	A	318	203	44	1	1	25	0.0031348	319	0.938479	FALSE	ORF1ab:cds-YP_009724389.1	CCA	P	ACA	T	1147
NC_045512.2	3704	C	A	318	203	44	1	1	25	0.0031348	319	0.938479	FALSE	ORF1ab:cds-YP_009725295.1	CCA	P	ACA	T	1147
NC_045512.2	3716	G	A	298	200	40	1	1	37	0.00334448	299	0.500838	FALSE	ORF1ab:cds-YP_009724389.1	GCT	A	ACT	T	1151
NC_045512.2	3716	G	A	298	200	40	1	1	37	0.00334448	299	0.500838	FALSE	ORF1ab:cds-YP_009725295.1	GCT	A	ACT	T	1151
NC_045512.2	3718	T	A	298	202	40	2	0	55	0.00666667	300	0.250417	FALSE	ORF1ab:cds-YP_009724389.1	GCT	A	GCA	A	1151
NC_045512.2	3718	T	A	298	202	40	2	0	55	0.00666667	300	0.250417	FALSE	ORF1ab:cds-YP_009725295.1	GCT	A	GCA	A	1151
NC_045512.2	3720	G	A	310	199	40	1	1	37	0.00321543	311	0.500805	FALSE	ORF1ab:cds-YP_009724389.1	GGT	G	GAT	D	1152
NC_045512.2	3720	G	A	310	199	40	1	1	37	0.00321543	311	0.500805	FALSE	ORF1ab:cds-YP_009725295.1	GGT	G	GAT	D	1152
NC_045512.2	3728	G	T	163	112	41	149	92	38	0.477564	312	1.057e-55	TRUE	ORF1ab:cds-YP_009724389.1	GGT	G	TGT	C	1155
NC_045512.2	3728	G	T	163	112	41	149	92	38	0.477564	312	1.057e-55	TRUE	ORF1ab:cds-YP_009725295.1	GGT	G	TGT	C	1155
NC_045512.2	3745	T	C	294	183	38	1	1	37	0.00338983	295	0.500849	FALSE	ORF1ab:cds-YP_009724389.1	CAT	H	CAC	H	1160
NC_045512.2	3745	T	C	294	183	38	1	1	37	0.00338983	295	0.500849	FALSE	ORF1ab:cds-YP_009725295.1	CAT	H	CAC	H	1160
NC_045512.2	3761	G	C	267	164	39	1	0	37	0.00373134	268	0.500935	FALSE	ORF1ab:cds-YP_009724389.1	GTA	V	CTA	L	1166
NC_045512.2	3761	G	C	267	164	39	1	0	37	0.00373134	268	0.500935	FALSE	ORF1ab:cds-YP_009725295.1	GTA	V	CTA	L	1166
NC_045512.2	3763	A	G	258	155	39	1	0	37	0.003861	259	0.500967	FALSE	ORF1ab:cds-YP_009724389.1	GTA	V	GTG	V	1166
NC_045512.2	3763	A	G	258	155	39	1	0	37	0.003861	259	0.500967	FALSE	ORF1ab:cds-YP_009725295.1	GTA	V	GTG	V	1166
NC_045512.2	3774	G	A	233	134	41	1	1	37	0.0042735	234	0.501071	FALSE	ORF1ab:cds-YP_009724389.1	CGC	R	CAC	H	1170
NC_045512.2	3774	G	A	233	134	41	1	1	37	0.0042735	234	0.501071	FALSE	ORF1ab:cds-YP_009725295.1	CGC	R	CAC	H	1170
NC_045512.2	3777	C	-A	237	139	41	1	0	20	0.00421941	237	0.877365	FALSE	NA	NA	NA	NA	NA	NA
NC_045512.2	3811	C	A	205	128	43	1	1	25	0.00485437	206	0.876823	FALSE	ORF1ab:cds-YP_009724389.1	CTC	L	CTA	L	1182
NC_045512.2	3811	C	A	205	128	43	1	1	25	0.00485437	206	0.876823	FALSE	ORF1ab:cds-YP_009725295.1	CTC	L	CTA	L	1182
NC_045512.2	3829	A	G	282	136	39	1	0	37	0.00353357	283	0.500885	FALSE	ORF1ab:cds-YP_009724389.1	TCA	S	TCG	S	1188
NC_045512.2	3829	A	G	282	136	39	1	0	37	0.00353357	283	0.500885	FALSE	ORF1ab:cds-YP_009725295.1	TCA	S	TCG	S	1188
NC_045512.2	3832	C	-T	285	139	39	1	0	20	0.00350877	285	0.876968	FALSE	NA	NA	NA	NA	NA	NA
NC_045512.2	3851	G	-A	323	139	38	1	0	20	0.00309598	323	0.938848	FALSE	NA	NA	NA	NA	NA	NA
NC_045512.2	3852	A	G	322	140	38	1	1	37	0.00309598	323	0.5	FALSE	ORF1ab:cds-YP_009724389.1	GAA	E	GGA	G	1196
NC_045512.2	3852	A	G	322	140	38	1	1	37	0.00309598	323	0.5	FALSE	ORF1ab:cds-YP_009725295.1	GAA	E	GGA	G	1196
NC_045512.2	3869	A	G	330	119	38	1	1	25	0.00302115	331	0.938443	FALSE	ORF1ab:cds-YP_009724389.1	AAG	K	GAG	E	1202
NC_045512.2	3869	A	G	330	119	38	1	1	25	0.00302115	331	0.938443	FALSE	ORF1ab:cds-YP_009725295.1	AAG	K	GAG	E	1202
NC_045512.2	3870	A	T	337	120	38	1	0	37	0.00295858	338	0.500741	FALSE	ORF1ab:cds-YP_009724389.1	AAG	K	ATG	M	1202
NC_045512.2	3870	A	T	337	120	38	1	0	37	0.00295858	338	0.500741	FALSE	ORF1ab:cds-YP_009725295.1	AAG	K	ATG	M	1202
NC_045512.2	3931	T	C	370	84	41	1	0	37	0.00269542	371	0.500675	FALSE	ORF1ab:cds-YP_009724389.1	GTT	V	GTC	V	1222
NC_045512.2	3931	T	C	370	84	41	1	0	37	0.00269542	371	0.500675	FALSE	ORF1ab:cds-YP_009725295.1	GTT	V	GTC	V	1222
NC_045512.2	3967	T	G	349	113	40	1	1	25	0.00285714	350	0.938392	FALSE	ORF1ab:cds-YP_009724389.1	GCT	A	GCG	A	1234
NC_045512.2	3967	T	G	349	113	40	1	1	25	0.00285714	350	0.938392	FALSE	ORF1ab:cds-YP_009725295.1	GCT	A	GCG	A	1234
NC_045512.2	3971	G	T	354	118	40	1	0	25	0.0028169	355	0.93838	FALSE	ORF1ab:cds-YP_009724389.1	GTT	V	TTT	F	1236
NC_045512.2	3971	G	T	354	118	40	1	0	25	0.0028169	355	0.93838	FALSE	ORF1ab:cds-YP_009725295.1	GTT	V	TTT	F	1236
NC_045512.2	3976	A	G	353	120	40	1	1	37	0.00282486	354	0.500707	FALSE	ORF1ab:cds-YP_009724389.1	GAA	E	GAG	E	1237
NC_045512.2	3976	A	G	353	120	40	1	1	37	0.00282486	354	0.500707	FALSE	ORF1ab:cds-YP_009725295.1	GAA	E	GAG	E	1237
NC_045512.2	3996	A	C	356	127	41	1	1	37	0.00280112	357	0.500701	FALSE	ORF1ab:cds-YP_009724389.1	GAA	E	GCA	A	1244
NC_045512.2	3996	A	C	356	127	41	1	1	37	0.00280112	357	0.500701	FALSE	ORF1ab:cds-YP_009725295.1	GAA	E	GCA	A	1244
NC_045512.2	4003	T	A	360	131	41	1	1	25	0.00277008	361	0.938365	FALSE	ORF1ab:cds-YP_009724389.1	ACT	T	ACA	T	1246
NC_045512.2	4003	T	A	360	131	41	1	1	25	0.00277008	361	0.938365	FALSE	ORF1ab:cds-YP_009725295.1	ACT	T	ACA	T	1246
NC_045512.2	4040	A	G	368	232	42	1	1	37	0.00271003	369	0.500678	FALSE	ORF1ab:cds-YP_009724389.1	ATT	I	GTT	V	1259
NC_045512.2	4040	A	G	368	232	42	1	1	37	0.00271003	369	0.500678	FALSE	ORF1ab:cds-YP_009725295.1	ATT	I	GTT	V	1259
NC_045512.2	4047	G	A	382	266	43	1	1	37	0.00261097	383	0.500654	FALSE	ORF1ab:cds-YP_009724389.1	GGC	G	GAC	D	1261
NC_045512.2	4047	G	A	382	266	43	1	1	37	0.00261097	383	0.500654	FALSE	ORF1ab:cds-YP_009725295.1	GGC	G	GAC	D	1261
NC_045512.2	4053	T	C	385	268	44	1	0	37	0.00259067	386	0.500649	FALSE	ORF1ab:cds-YP_009724389.1	CTT	L	CCT	P	1263
NC_045512.2	4053	T	C	385	268	44	1	0	37	0.00259067	386	0.500649	FALSE	ORF1ab:cds-YP_009725295.1	CTT	L	CCT	P	1263
NC_045512.2	4067	G	A	390	295	44	1	1	37	0.00255754	391	0.50064	FALSE	ORF1ab:cds-YP_009724389.1	GCC	A	ACC	T	1268
NC_045512.2	4067	G	A	390	295	44	1	1	37	0.00255754	391	0.50064	FALSE	ORF1ab:cds-YP_009725295.1	GCC	A	ACC	T	1268
NC_045512.2	4091	A	G	340	279	40	1	1	37	0.00293255	341	0.500734	FALSE	ORF1ab:cds-YP_009724389.1	ATC	I	GTC	V	1276
NC_045512.2	4091	A	G	340	279	40	1	1	37	0.00293255	341	0.500734	FALSE	ORF1ab:cds-YP_009725295.1	ATC	I	GTC	V	1276
NC_045512.2	4105	G	A	315	271	39	1	1	37	0.00316456	316	0.500792	FALSE	ORF1ab:cds-YP_009724389.1	AAG	K	AAA	K	1280
NC_045512.2	4105	G	A	315	271	39	1	1	37	0.00316456	316	0.500792	FALSE	ORF1ab:cds-YP_009725295.1	AAG	K	AAA	K	1280
NC_045512.2	4109	G	A	310	271	39	1	1	37	0.00321543	311	0.500805	FALSE	ORF1ab:cds-YP_009724389.1	GAT	D	AAT	N	1282
NC_045512.2	4109	G	A	310	271	39	1	1	37	0.00321543	311	0.500805	FALSE	ORF1ab:cds-YP_009725295.1	GAT	D	AAT	N	1282
NC_045512.2	4114	T	C	459	269	38	1	0	37	0.00217391	460	0.500544	FALSE	ORF1ab:cds-YP_009724389.1	GCT	A	GCC	A	1283
NC_045512.2	4114	T	C	459	269	38	1	0	37	0.00217391	460	0.500544	FALSE	ORF1ab:cds-YP_009725295.1	GCT	A	GCC	A	1283
NC_045512.2	4129	T	A	740	166	37	1	0	37	0.00134953	741	0.500338	FALSE	ORF1ab:cds-YP_009724389.1	GGT	G	GGA	G	1288
NC_045512.2	4129	T	A	740	166	37	1	0	37	0.00134953	741	0.500338	FALSE	ORF1ab:cds-YP_009725295.1	GGT	G	GGA	G	1288
NC_045512.2	4133	G	A	761	162	37	1	0	37	0.00131234	762	0.500328	FALSE	ORF1ab:cds-YP_009724389.1	GTT	V	ATT	I	1290
NC_045512.2	4133	G	A	761	162	37	1	0	37	0.00131234	762	0.500328	FALSE	ORF1ab:cds-YP_009725295.1	GTT	V	ATT	I	1290
NC_045512.2	4141	A	G	862	125	37	1	0	37	0.00115875	863	0.50029	FALSE	ORF1ab:cds-YP_009724389.1	CAA	Q	CAG	Q	1292
NC_045512.2	4141	A	G	862	125	37	1	0	37	0.00115875	863	0.50029	FALSE	ORF1ab:cds-YP_009725295.1	CAA	Q	CAG	Q	1292
NC_045512.2	4145	G	A	757	28	38	1	0	37	0.00131926	758	0.50033	FALSE	ORF1ab:cds-YP_009724389.1	GGT	G	AGT	S	1294
NC_045512.2	4145	G	A	757	28	38	1	0	37	0.00131926	758	0.50033	FALSE	ORF1ab:cds-YP_009725295.1	GGT	G	AGT	S	1294
NC_045512.2	4148	G	T	826	31	38	1	0	37	0.00120919	827	0.500302	FALSE	ORF1ab:cds-YP_009724389.1	GTT	V	TTT	F	1295
NC_045512.2	4148	G	T	826	31	38	1	0	37	0.00120919	827	0.500302	FALSE	ORF1ab:cds-YP_009725295.1	GTT	V	TTT	F	1295
NC_045512.2	4158	C	T	877	51	40	1	0	37	0.00113895	878	0.500285	FALSE	ORF1ab:cds-YP_009724389.1	GCT	A	GTT	V	1298
NC_045512.2	4158	C	T	877	51	40	1	0	37	0.00113895	878	0.500285	FALSE	ORF1ab:cds-YP_009725295.1	GCT	A	GTT	V	1298
NC_045512.2	4159	T	C	876	55	40	1	0	37	0.00114025	877	0.500285	FALSE	ORF1ab:cds-YP_009724389.1	GCT	A	GCC	A	1298
NC_045512.2	4159	T	C	876	55	40	1	0	37	0.00114025	877	0.500285	FALSE	ORF1ab:cds-YP_009725295.1	GCT	A	GCC	A	1298
NC_045512.2	4161	T	A	892	56	40	1	0	37	0.00111982	893	0.50028	FALSE	ORF1ab:cds-YP_009724389.1	GTG	V	GAG	E	1299
NC_045512.2	4161	T	A	892	56	40	1	0	37	0.00111982	893	0.50028	FALSE	ORF1ab:cds-YP_009725295.1	GTG	V	GAG	E	1299
NC_045512.2	4167	T	A	1111	71	40	1	0	22	0.000899281	1112	0.999764	FALSE	ORF1ab:cds-YP_009724389.1	ATA	I	AAA	K	1301
NC_045512.2	4167	T	A	1111	71	40	1	0	22	0.000899281	1112	0.999764	FALSE	ORF1ab:cds-YP_009725295.1	ATA	I	AAA	K	1301
NC_045512.2	4174	T	-A	1143	120	42	2	0	20	0.00174978	1143	0.998357	FALSE	NA	NA	NA	NA	NA	NA
NC_045512.2	4179	A	G	1144	136	42	1	1	37	0.000873362	1145	0.750328	FALSE	ORF1ab:cds-YP_009724389.1	AAG	K	AGG	R	1305
NC_045512.2	4179	A	G	1144	136	42	1	1	37	0.000873362	1145	0.750328	FALSE	ORF1ab:cds-YP_009725295.1	AAG	K	AGG	R	1305
NC_045512.2	4184	G	A	0	0	0	1219	153	43	1	1219	0	TRUE	ORF1ab:cds-YP_009724389.1	GGT	G	AGT	S	1307
NC_045512.2	4184	G	A	0	0	0	1219	153	43	1	1219	0	TRUE	ORF1ab:cds-YP_009725295.1	GGT	G	AGT	S	1307
NC_045512.2	4186	T	A	1219	209	45	1	1	37	0.000819672	1220	0.750308	FALSE	ORF1ab:cds-YP_009724389.1	GGT	G	GGA	G	1307
NC_045512.2	4186	T	A	1219	209	45	1	1	37	0.000819672	1220	0.750308	FALSE	ORF1ab:cds-YP_009725295.1	GGT	G	GGA	G	1307
NC_045512.2	4188	G	T	1226	247	47	1	0	37	0.00081367	1229	0.749898	FALSE	ORF1ab:cds-YP_009724389.1	GGC	G	GTC	V	1308
NC_045512.2	4188	G	T	1226	247	47	1	0	37	0.00081367	1229	0.749898	FALSE	ORF1ab:cds-YP_009725295.1	GGC	G	GTC	V	1308
NC_045512.2	4188	G	A	1226	247	47	2	0	37	0.00162734	1229	0.5	FALSE	ORF1ab:cds-YP_009724389.1	GGC	G	GAC	D	1308
NC_045512.2	4188	G	A	1226	247	47	2	0	37	0.00162734	1229	0.5	FALSE	ORF1ab:cds-YP_009725295.1	GGC	G	GAC	D	1308
NC_045512.2	4189	C	T	1238	250	48	2	1	43	0.0016129	1240	0.250101	FALSE	ORF1ab:cds-YP_009724389.1	GGC	G	GGT	G	1308
NC_045512.2	4189	C	T	1238	250	48	2	1	43	0.0016129	1240	0.250101	FALSE	ORF1ab:cds-YP_009725295.1	GGC	G	GGT	G	1308
NC_045512.2	4191	C	A	1256	249	48	1	0	25	0.000795545	1257	0.999882	FALSE	ORF1ab:cds-YP_009724389.1	ACT	T	AAT	N	1309
NC_045512.2	4191	C	A	1256	249	48	1	0	25	0.000795545	1257	0.999882	FALSE	ORF1ab:cds-YP_009725295.1	ACT	T	AAT	N	1309
NC_045512.2	4195	T	A	1327	258	47	1	0	25	0.000753012	1328	0.999941	FALSE	ORF1ab:cds-YP_009724389.1	ACT	T	ACA	T	1310
NC_045512.2	4195	T	A	1327	258	47	1	0	25	0.000753012	1328	0.999941	FALSE	ORF1ab:cds-YP_009725295.1	ACT	T	ACA	T	1310
NC_045512.2	4201	G	T	1335	328	50	1	0	37	0.000748503	1336	0.750281	FALSE	ORF1ab:cds-YP_009724389.1	ATG	M	ATT	I	1312
NC_045512.2	4201	G	T	1335	328	50	1	0	37	0.000748503	1336	0.750281	FALSE	ORF1ab:cds-YP_009725295.1	ATG	M	ATT	I	1312
NC_045512.2	4202	C	T	1330	322	50	1	1	74	0.000751315	1331	0.500188	FALSE	ORF1ab:cds-YP_009724389.1	CTA	L	TTA	L	1313
NC_045512.2	4202	C	T	1330	322	50	1	1	74	0.000751315	1331	0.500188	FALSE	ORF1ab:cds-YP_009725295.1	CTA	L	TTA	L	1313
NC_045512.2	4206	C	T	1333	331	49	1	0	37	0.000749625	1334	0.750281	FALSE	ORF1ab:cds-YP_009724389.1	GCG	A	GTG	V	1314
NC_045512.2	4206	C	T	1333	331	49	1	0	37	0.000749625	1334	0.750281	FALSE	ORF1ab:cds-YP_009725295.1	GCG	A	GTG	V	1314
NC_045512.2	4212	C	T	1350	346	50	1	0	25	0.000740192	1351	0.999941	FALSE	ORF1ab:cds-YP_009724389.1	GCT	A	GTT	V	1316
NC_045512.2	4212	C	T	1350	346	50	1	0	25	0.000740192	1351	0.999941	FALSE	ORF1ab:cds-YP_009725295.1	GCT	A	GTT	V	1316
NC_045512.2	4214	T	A	1302	366	49	1	0	25	0.00076746	1303	0.999941	FALSE	ORF1ab:cds-YP_009724389.1	TTG	L	ATG	M	1317
NC_045512.2	4214	T	A	1302	366	49	1	0	25	0.00076746	1303	0.999941	FALSE	ORF1ab:cds-YP_009725295.1	TTG	L	ATG	M	1317
NC_045512.2	4218	G	C	1204	475	46	1	1	25	0.000829876	1205	0.999882	FALSE	ORF1ab:cds-YP_009724389.1	AGA	R	ACA	T	1318
NC_045512.2	4218	G	C	1204	475	46	1	1	25	0.000829876	1205	0.999882	FALSE	ORF1ab:cds-YP_009725295.1	AGA	R	ACA	T	1318
NC_045512.2	4218	G	-A	1204	475	46	1	0	20	0.000829876	1205	0.999882	FALSE	NA	NA	NA	NA	NA	NA
NC_045512.2	4225	G	A	1188	482	45	1	0	25	0.000841043	1189	0.999764	FALSE	ORF1ab:cds-YP_009724389.1	GTG	V	GTA	V	1320
NC_045512.2	4225	G	A	1188	482	45	1	0	25	0.000841043	1189	0.999764	FALSE	ORF1ab:cds-YP_009725295.1	GTG	V	GTA	V	1320
NC_045512.2	4226	C	T	1179	485	45	2	0	37	0.00169348	1181	0.500318	FALSE	ORF1ab:cds-YP_009724389.1	CCA	P	TCA	S	1321
NC_045512.2	4226	C	T	1179	485	45	2	0	37	0.00169348	1181	0.500318	FALSE	ORF1ab:cds-YP_009725295.1	CCA	P	TCA	S	1321
NC_045512.2	4227	C	A	1160	507	44	1	0	37	0.000861326	1161	0.750323	FALSE	ORF1ab:cds-YP_009724389.1	CCA	P	CAA	Q	1321
NC_045512.2	4227	C	A	1160	507	44	1	0	37	0.000861326	1161	0.750323	FALSE	ORF1ab:cds-YP_009725295.1	CCA	P	CAA	Q	1321
NC_045512.2	4231	A	G	1159	511	44	1	1	50	0.000862069	1160	0.500216	FALSE	ORF1ab:cds-YP_009724389.1	ACA	T	ACG	T	1322
NC_045512.2	4231	A	G	1159	511	44	1	1	50	0.000862069	1160	0.500216	FALSE	ORF1ab:cds-YP_009725295.1	ACA	T	ACG	T	1322
NC_045512.2	4234	C	T	904	400	44	275	127	44	0.233249	1179	2.4807e-91	TRUE	ORF1ab:cds-YP_009724389.1	GAC	D	GAT	D	1323
NC_045512.2	4234	C	T	904	400	44	275	127	44	0.233249	1179	2.4807e-91	TRUE	ORF1ab:cds-YP_009725295.1	GAC	D	GAT	D	1323
NC_045512.2	4237	T	C	1130	566	41	1	1	37	0.000884173	1131	0.750332	FALSE	ORF1ab:cds-YP_009724389.1	AAT	N	AAC	N	1324
NC_045512.2	4237	T	C	1130	566	41	1	1	37	0.000884173	1131	0.750332	FALSE	ORF1ab:cds-YP_009725295.1	AAT	N	AAC	N	1324
NC_045512.2	4241	A	G	1166	575	42	1	1	74	0.000856898	1167	0.500214	FALSE	ORF1ab:cds-YP_009724389.1	ATA	I	GTA	V	1326
NC_045512.2	4241	A	G	1166	575	42	1	1	74	0.000856898	1167	0.500214	FALSE	ORF1ab:cds-YP_009725295.1	ATA	I	GTA	V	1326
NC_045512.2	4248	C	T	1197	621	43	1	1	74	0.000834725	1198	0.500209	FALSE	ORF1ab:cds-YP_009724389.1	ACT	T	ATT	I	1328
NC_045512.2	4248	C	T	1197	621	43	1	1	74	0.000834725	1198	0.500209	FALSE	ORF1ab:cds-YP_009725295.1	ACT	T	ATT	I	1328
NC_045512.2	4251	A	G	1173	624	41	1	0	74	0.000851789	1174	0.500213	FALSE	ORF1ab:cds-YP_009724389.1	TAC	Y	TGC	C	1329
NC_045512.2	4251	A	G	1173	624	41	1	0	74	0.000851789	1174	0.500213	FALSE	ORF1ab:cds-YP_009725295.1	TAC	Y	TGC	C	1329
NC_045512.2	4253	C	T	1192	644	42	1	0	37	0.000838223	1193	0.750314	FALSE	ORF1ab:cds-YP_009724389.1	CCG	P	TCG	S	1330
NC_045512.2	4253	C	T	1192	644	42	1	0	37	0.000838223	1193	0.750314	FALSE	ORF1ab:cds-YP_009725295.1	CCG	P	TCG	S	1330
NC_045512.2	4255	G	T	1175	619	43	1	0	37	0.00085034	1176	0.750319	FALSE	ORF1ab:cds-YP_009724389.1	CCG	P	CCT	P	1330
NC_045512.2	4255	G	T	1175	619	43	1	0	37	0.00085034	1176	0.750319	FALSE	ORF1ab:cds-YP_009725295.1	CCG	P	CCT	P	1330
NC_045512.2	4273	T	C	1083	572	39	1	1	37	0.000922509	1084	0.750346	FALSE	ORF1ab:cds-YP_009724389.1	GGT	G	GGC	G	1336
NC_045512.2	4273	T	C	1083	572	39	1	1	37	0.000922509	1084	0.750346	FALSE	ORF1ab:cds-YP_009725295.1	GGT	G	GGC	G	1336
NC_045512.2	4287	A	G	1108	470	39	1	0	37	0.000901713	1109	0.750338	FALSE	ORF1ab:cds-YP_009724389.1	GAG	E	GGG	G	1341
NC_045512.2	4287	A	G	1108	470	39	1	0	37	0.000901713	1109	0.750338	FALSE	ORF1ab:cds-YP_009725295.1	GAG	E	GGG	G	1341
NC_045512.2	4290	C	T	1175	416	39	4	1	37	0.00339271	1179	0.1875	FALSE	ORF1ab:cds-YP_009724389.1	GCA	A	GTA	V	1342
NC_045512.2	4290	C	T	1175	416	39	4	1	37	0.00339271	1179	0.1875	FALSE	ORF1ab:cds-YP_009725295.1	GCA	A	GTA	V	1342
NC_045512.2	4294	G	A	1126	430	38	1	1	37	0.000887311	1127	0.750333	FALSE	ORF1ab:cds-YP_009724389.1	AAG	K	AAA	K	1343
NC_045512.2	4294	G	A	1126	430	38	1	1	37	0.000887311	1127	0.750333	FALSE	ORF1ab:cds-YP_009725295.1	AAG	K	AAA	K	1343
NC_045512.2	4308	A	G	1018	345	38	1	1	37	0.000981354	1019	0.750368	FALSE	ORF1ab:cds-YP_009724389.1	AAG	K	AGG	R	1348
NC_045512.2	4308	A	G	1018	345	38	1	1	37	0.000981354	1019	0.750368	FALSE	ORF1ab:cds-YP_009725295.1	AAG	K	AGG	R	1348
NC_045512.2	4316	A	T	1063	352	38	1	0	37	0.00093985	1064	0.750353	FALSE	ORF1ab:cds-YP_009724389.1	AGT	S	TGT	C	1351
NC_045512.2	4316	A	T	1063	352	38	1	0	37	0.00093985	1064	0.750353	FALSE	ORF1ab:cds-YP_009725295.1	AGT	S	TGT	C	1351
NC_045512.2	4317	G	A	1066	357	38	1	0	37	0.000937207	1067	0.750352	FALSE	ORF1ab:cds-YP_009724389.1	AGT	S	AAT	N	1351
NC_045512.2	4317	G	A	1066	357	38	1	0	37	0.000937207	1067	0.750352	FALSE	ORF1ab:cds-YP_009725295.1	AGT	S	AAT	N	1351
NC_045512.2	4319	G	A	1047	336	38	1	0	37	0.000954198	1048	0.750358	FALSE	ORF1ab:cds-YP_009724389.1	GCC	A	ACC	T	1352
NC_045512.2	4319	G	A	1047	336	38	1	0	37	0.000954198	1048	0.750358	FALSE	ORF1ab:cds-YP_009725295.1	GCC	A	ACC	T	1352
NC_045512.2	4321	C	T	0	0	0	1059	349	39	1	1059	0	TRUE	ORF1ab:cds-YP_009724389.1	GCC	A	GCT	A	1352
NC_045512.2	4321	C	T	0	0	0	1059	349	39	1	1059	0	TRUE	ORF1ab:cds-YP_009725295.1	GCC	A	GCT	A	1352
NC_045512.2	4329	T	C	1039	344	39	1	0	37	0.000961538	1040	0.750361	FALSE	ORF1ab:cds-YP_009724389.1	ATT	I	ACT	T	1355
NC_045512.2	4329	T	C	1039	344	39	1	0	37	0.000961538	1040	0.750361	FALSE	ORF1ab:cds-YP_009725295.1	ATT	I	ACT	T	1355
NC_045512.2	4332	T	C	1062	347	39	1	0	37	0.000940734	1063	0.750353	FALSE	ORF1ab:cds-YP_009724389.1	CTA	L	CCA	P	1356
NC_045512.2	4332	T	C	1062	347	39	1	0	37	0.000940734	1063	0.750353	FALSE	ORF1ab:cds-YP_009725295.1	CTA	L	CCA	P	1356
NC_045512.2	4336	A	T	1096	428	40	1	1	37	0.000911577	1097	0.750342	FALSE	ORF1ab:cds-YP_009724389.1	CCA	P	CCT	P	1357
NC_045512.2	4336	A	T	1096	428	40	1	1	37	0.000911577	1097	0.750342	FALSE	ORF1ab:cds-YP_009725295.1	CCA	P	CCT	P	1357
NC_045512.2	4339	T	C	1154	452	41	1	0	37	0.000865801	1155	0.750325	FALSE	ORF1ab:cds-YP_009724389.1	TCT	S	TCC	S	1358
NC_045512.2	4339	T	C	1154	452	41	1	0	37	0.000865801	1155	0.750325	FALSE	ORF1ab:cds-YP_009725295.1	TCT	S	TCC	S	1358
NC_045512.2	4343	A	G	1130	435	41	1	0	37	0.000884173	1131	0.750332	FALSE	ORF1ab:cds-YP_009724389.1	ATC	I	GTC	V	1360
NC_045512.2	4343	A	G	1130	435	41	1	0	37	0.000884173	1131	0.750332	FALSE	ORF1ab:cds-YP_009725295.1	ATC	I	GTC	V	1360
NC_045512.2	4346	T	C	1121	454	41	1	1	37	0.000891266	1122	0.750334	FALSE	ORF1ab:cds-YP_009724389.1	TCT	S	CCT	P	1361
NC_045512.2	4346	T	C	1121	454	41	1	1	37	0.000891266	1122	0.750334	FALSE	ORF1ab:cds-YP_009725295.1	TCT	S	CCT	P	1361
NC_045512.2	4350	A	G	1039	391	41	1	0	37	0.000961538	1040	0.750361	FALSE	ORF1ab:cds-YP_009724389.1	AAT	N	AGT	S	1362
NC_045512.2	4350	A	G	1039	391	41	1	0	37	0.000961538	1040	0.750361	FALSE	ORF1ab:cds-YP_009725295.1	AAT	N	AGT	S	1362
NC_045512.2	4351	T	C	1063	409	41	1	0	37	0.00093985	1064	0.750353	FALSE	ORF1ab:cds-YP_009724389.1	AAT	N	AAC	N	1362
NC_045512.2	4351	T	C	1063	409	41	1	0	37	0.00093985	1064	0.750353	FALSE	ORF1ab:cds-YP_009725295.1	AAT	N	AAC	N	1362
NC_045512.2	4352	G	C	1068	417	41	1	1	37	0.000935454	1069	0.750351	FALSE	ORF1ab:cds-YP_009724389.1	GAG	E	CAG	Q	1363
NC_045512.2	4352	G	C	1068	417	41	1	1	37	0.000935454	1069	0.750351	FALSE	ORF1ab:cds-YP_009725295.1	GAG	E	CAG	Q	1363
NC_045512.2	4353	A	T	1042	394	41	1	0	25	0.000958773	1043	0.999527	FALSE	ORF1ab:cds-YP_009724389.1	GAG	E	GTG	V	1363
NC_045512.2	4353	A	T	1042	394	41	1	0	25	0.000958773	1043	0.999527	FALSE	ORF1ab:cds-YP_009725295.1	GAG	E	GTG	V	1363
NC_045512.2	4356	A	G	1022	389	42	3	2	28	0.00292683	1025	0.989024	FALSE	ORF1ab:cds-YP_009724389.1	AAG	K	AGG	R	1364
NC_045512.2	4356	A	G	1022	389	42	3	2	28	0.00292683	1025	0.989024	FALSE	ORF1ab:cds-YP_009725295.1	AAG	K	AGG	R	1364
NC_045512.2	4357	G	C	990	390	42	1	0	37	0.00100806	992	0.5	FALSE	ORF1ab:cds-YP_009724389.1	AAG	K	AAC	N	1364
NC_045512.2	4357	G	C	990	390	42	1	0	37	0.00100806	992	0.5	FALSE	ORF1ab:cds-YP_009725295.1	AAG	K	AAC	N	1364
NC_045512.2	4357	G	A	990	390	42	1	1	37	0.00100806	992	0.5	FALSE	ORF1ab:cds-YP_009724389.1	AAG	K	AAA	K	1364
NC_045512.2	4357	G	A	990	390	42	1	1	37	0.00100806	992	0.5	FALSE	ORF1ab:cds-YP_009725295.1	AAG	K	AAA	K	1364
NC_045512.2	4362	A	G	988	419	42	1	1	37	0.00101112	989	0.500253	FALSE	ORF1ab:cds-YP_009724389.1	GAA	E	GGA	G	1366
NC_045512.2	4362	A	G	988	419	42	1	1	37	0.00101112	989	0.500253	FALSE	ORF1ab:cds-YP_009725295.1	GAA	E	GGA	G	1366
NC_045512.2	4363	A	G	979	418	42	1	1	37	0.00102041	980	0.500255	FALSE	ORF1ab:cds-YP_009724389.1	GAA	E	GAG	E	1366
NC_045512.2	4363	A	G	979	418	42	1	1	37	0.00102041	980	0.500255	FALSE	ORF1ab:cds-YP_009725295.1	GAA	E	GAG	E	1366
NC_045512.2	4368	T	C	1005	476	43	1	0	37	0.000993049	1007	0.750124	FALSE	ORF1ab:cds-YP_009724389.1	CTT	L	CCT	P	1368
NC_045512.2	4368	T	C	1005	476	43	1	0	37	0.000993049	1007	0.750124	FALSE	ORF1ab:cds-YP_009725295.1	CTT	L	CCT	P	1368
NC_045512.2	4368	T	A	1005	476	43	1	1	25	0.000993049	1007	0.999525	FALSE	ORF1ab:cds-YP_009724389.1	CTT	L	CAT	H	1368
NC_045512.2	4368	T	A	1005	476	43	1	1	25	0.000993049	1007	0.999525	FALSE	ORF1ab:cds-YP_009725295.1	CTT	L	CAT	H	1368
NC_045512.2	4369	T	C	1011	488	43	1	0	37	0.000988142	1012	0.750371	FALSE	ORF1ab:cds-YP_009724389.1	CTT	L	CTC	L	1368
NC_045512.2	4369	T	C	1011	488	43	1	0	37	0.000988142	1012	0.750371	FALSE	ORF1ab:cds-YP_009725295.1	CTT	L	CTC	L	1368
NC_045512.2	4370	G	T	1028	503	43	1	0	37	0.000971817	1029	0.750365	FALSE	ORF1ab:cds-YP_009724389.1	GGA	G	TGA	*	1369
NC_045512.2	4370	G	T	1028	503	43	1	0	37	0.000971817	1029	0.750365	FALSE	ORF1ab:cds-YP_009725295.1	GGA	G	TGA	*	1369
NC_045512.2	4373	A	G	1350	1029	48	1	1	37	0.000740192	1351	0.750278	FALSE	ORF1ab:cds-YP_009724389.1	ACT	T	GCT	A	1370
NC_045512.2	4373	A	G	1350	1029	48	1	1	37	0.000740192	1351	0.750278	FALSE	ORF1ab:cds-YP_009725295.1	ACT	T	GCT	A	1370
NC_045512.2	4376	G	A	1368	1055	50	1	1	62	0.00073046	1369	0.500183	FALSE	ORF1ab:cds-YP_009724389.1	GTT	V	ATT	I	1371
NC_045512.2	4376	G	A	1368	1055	50	1	1	62	0.00073046	1369	0.500183	FALSE	ORF1ab:cds-YP_009725295.1	GTT	V	ATT	I	1371
NC_045512.2	4377	T	G	1355	1052	48	1	0	37	0.000737463	1356	0.750277	FALSE	ORF1ab:cds-YP_009724389.1	GTT	V	GGT	G	1371
NC_045512.2	4377	T	G	1355	1052	48	1	0	37	0.000737463	1356	0.750277	FALSE	ORF1ab:cds-YP_009725295.1	GTT	V	GGT	G	1371
NC_045512.2	4378	T	G	1345	1051	48	1	0	29	0.00074239	1347	0.999941	FALSE	ORF1ab:cds-YP_009724389.1	GTT	V	GTG	V	1371
NC_045512.2	4378	T	G	1345	1051	48	1	0	29	0.00074239	1347	0.999941	FALSE	ORF1ab:cds-YP_009725295.1	GTT	V	GTG	V	1371
NC_045512.2	4378	T	C	1345	1051	48	1	1	37	0.00074239	1347	0.750093	FALSE	ORF1ab:cds-YP_009724389.1	GTT	V	GTC	V	1371
NC_045512.2	4378	T	C	1345	1051	48	1	1	37	0.00074239	1347	0.750093	FALSE	ORF1ab:cds-YP_009725295.1	GTT	V	GTC	V	1371
NC_045512.2	4379	T	C	1335	1082	46	1	1	37	0.000748503	1336	0.750281	FALSE	ORF1ab:cds-YP_009724389.1	TCT	S	CCT	P	1372
NC_045512.2	4379	T	C	1335	1082	46	1	1	37	0.000748503	1336	0.750281	FALSE	ORF1ab:cds-YP_009725295.1	TCT	S	CCT	P	1372
NC_045512.2	4382	T	C	1330	1125	45	2	2	55	0.0015015	1332	0.250094	FALSE	ORF1ab:cds-YP_009724389.1	TGG	W	CGG	R	1373
NC_045512.2	4382	T	C	1330	1125	45	2	2	55	0.0015015	1332	0.250094	FALSE	ORF1ab:cds-YP_009725295.1	TGG	W	CGG	R	1373
NC_045512.2	4393	A	G	1300	1165	42	1	1	25	0.00076864	1301	0.999941	FALSE	ORF1ab:cds-YP_009724389.1	CGA	R	CGG	R	1376
NC_045512.2	4393	A	G	1300	1165	42	1	1	25	0.00076864	1301	0.999941	FALSE	ORF1ab:cds-YP_009725295.1	CGA	R	CGG	R	1376
NC_045512.2	4405	A	G	1285	1169	41	1	1	37	0.000777605	1286	0.750292	FALSE	ORF1ab:cds-YP_009724389.1	GCA	A	GCG	A	1380
NC_045512.2	4405	A	G	1285	1169	41	1	1	37	0.000777605	1286	0.750292	FALSE	ORF1ab:cds-YP_009725295.1	GCA	A	GCG	A	1380
NC_045512.2	4409	G	A	1222	1112	41	1	1	37	0.000817661	1223	0.750307	FALSE	ORF1ab:cds-YP_009724389.1	GCA	A	ACA	T	1382
NC_045512.2	4409	G	A	1222	1112	41	1	1	37	0.000817661	1223	0.750307	FALSE	ORF1ab:cds-YP_009725295.1	GCA	A	ACA	T	1382
NC_045512.2	4410	C	T	1226	1137	40	2	2	37	0.00162866	1228	0.500306	FALSE	ORF1ab:cds-YP_009724389.1	GCA	A	GTA	V	1382
NC_045512.2	4410	C	T	1226	1137	40	2	2	37	0.00162866	1228	0.500306	FALSE	ORF1ab:cds-YP_009725295.1	GCA	A	GTA	V	1382
NC_045512.2	4412	G	T	1210	1123	40	1	1	37	0.000825764	1211	0.75031	FALSE	ORF1ab:cds-YP_009724389.1	GAA	E	TAA	*	1383
NC_045512.2	4412	G	T	1210	1123	40	1	1	37	0.000825764	1211	0.75031	FALSE	ORF1ab:cds-YP_009725295.1	GAA	E	TAA	*	1383
NC_045512.2	4414	A	G	1219	1131	40	1	1	37	0.000819672	1220	0.750308	FALSE	ORF1ab:cds-YP_009724389.1	GAA	E	GAG	E	1383
NC_045512.2	4414	A	G	1219	1131	40	1	1	37	0.000819672	1220	0.750308	FALSE	ORF1ab:cds-YP_009725295.1	GAA	E	GAG	E	1383
NC_045512.2	4415	G	T	1210	1123	40	2	2	37	0.00165017	1212	0.50031	FALSE	ORF1ab:cds-YP_009724389.1	GAA	E	TAA	*	1384
NC_045512.2	4415	G	T	1210	1123	40	2	2	37	0.00165017	1212	0.50031	FALSE	ORF1ab:cds-YP_009725295.1	GAA	E	TAA	*	1384
NC_045512.2	4419	C	T	1201	1114	41	1	1	37	0.000831947	1202	0.750312	FALSE	ORF1ab:cds-YP_009724389.1	ACA	T	ATA	I	1385
NC_045512.2	4419	C	T	1201	1114	41	1	1	37	0.000831947	1202	0.750312	FALSE	ORF1ab:cds-YP_009725295.1	ACA	T	ATA	I	1385
NC_045512.2	4423	C	T	1171	1090	40	1	1	37	0.000853242	1172	0.75032	FALSE	ORF1ab:cds-YP_009724389.1	CGC	R	CGT	R	1386
NC_045512.2	4423	C	T	1171	1090	40	1	1	37	0.000853242	1172	0.75032	FALSE	ORF1ab:cds-YP_009725295.1	CGC	R	CGT	R	1386
NC_045512.2	4431	T	C	1727	1104	39	1	0	37	0.000578704	1728	0.750217	FALSE	ORF1ab:cds-YP_009724389.1	ATG	M	ACG	T	1389
NC_045512.2	4431	T	C	1727	1104	39	1	0	37	0.000578704	1728	0.750217	FALSE	ORF1ab:cds-YP_009725295.1	ATG	M	ACG	T	1389
NC_045512.2	4432	G	A	1765	1111	39	2	1	31	0.00113186	1767	0.500212	FALSE	ORF1ab:cds-YP_009724389.1	ATG	M	ATA	I	1389
NC_045512.2	4432	G	A	1765	1111	39	2	1	31	0.00113186	1767	0.500212	FALSE	ORF1ab:cds-YP_009725295.1	ATG	M	ATA	I	1389
NC_045512.2	4433	C	T	1766	1112	38	3	2	61	0.00169587	1769	0.125	FALSE	ORF1ab:cds-YP_009724389.1	CCT	P	TCT	S	1390
NC_045512.2	4433	C	T	1766	1112	38	3	2	61	0.00169587	1769	0.125	FALSE	ORF1ab:cds-YP_009725295.1	CCT	P	TCT	S	1390
NC_045512.2	4435	T	A	1632	971	38	1	0	37	0.00061237	1633	0.75023	FALSE	ORF1ab:cds-YP_009724389.1	CCT	P	CCA	P	1390
NC_045512.2	4435	T	A	1632	971	38	1	0	37	0.00061237	1633	0.75023	FALSE	ORF1ab:cds-YP_009725295.1	CCT	P	CCA	P	1390
NC_045512.2	4442	G	T	1632	973	38	1	0	37	0.00061237	1633	0.75023	FALSE	ORF1ab:cds-YP_009724389.1	GTG	V	TTG	L	1393
NC_045512.2	4442	G	T	1632	973	38	1	0	37	0.00061237	1633	0.75023	FALSE	ORF1ab:cds-YP_009725295.1	GTG	V	TTG	L	1393
NC_045512.2	4443	T	C	1633	971	38	1	0	37	0.000611995	1634	0.75023	FALSE	ORF1ab:cds-YP_009724389.1	GTG	V	GCG	A	1393
NC_045512.2	4443	T	C	1633	971	38	1	0	37	0.000611995	1634	0.75023	FALSE	ORF1ab:cds-YP_009725295.1	GTG	V	GCG	A	1393
NC_045512.2	4444	G	C	1617	960	38	1	0	25	0.000618047	1618	0.999993	FALSE	ORF1ab:cds-YP_009724389.1	GTG	V	GTC	V	1393
NC_045512.2	4444	G	C	1617	960	38	1	0	25	0.000618047	1618	0.999993	FALSE	ORF1ab:cds-YP_009725295.1	GTG	V	GTC	V	1393
NC_045512.2	4450	T	-A	1650	946	37	1	0	20	0.000606061	1650	0.999993	FALSE	NA	NA	NA	NA	NA	NA
NC_045512.2	4453	A	T	1635	930	37	1	1	25	0.000611247	1636	0.999993	FALSE	ORF1ab:cds-YP_009724389.1	AAA	K	AAT	N	1396
NC_045512.2	4453	A	T	1635	930	37	1	1	25	0.000611247	1636	0.999993	FALSE	ORF1ab:cds-YP_009725295.1	AAA	K	AAT	N	1396
NC_045512.2	4464	C	T	1530	85	39	1	0	37	0.000653168	1531	0.750245	FALSE	ORF1ab:cds-YP_009724389.1	TCA	S	TTA	L	1400
NC_045512.2	4464	C	T	1530	85	39	1	0	37	0.000653168	1531	0.750245	FALSE	ORF1ab:cds-YP_009725295.1	TCA	S	TTA	L	1400
NC_045512.2	4466	A	G	1598	86	38	1	0	37	0.000625391	1599	0.750235	FALSE	ORF1ab:cds-YP_009724389.1	ACT	T	GCT	A	1401
NC_045512.2	4466	A	G	1598	86	38	1	0	37	0.000625391	1599	0.750235	FALSE	ORF1ab:cds-YP_009725295.1	ACT	T	GCT	A	1401
NC_045512.2	4471	A	G	1634	93	39	1	0	37	0.000611621	1635	0.750229	FALSE	ORF1ab:cds-YP_009724389.1	ATA	I	ATG	M	1402
NC_045512.2	4471	A	G	1634	93	39	1	0	37	0.000611621	1635	0.750229	FALSE	ORF1ab:cds-YP_009725295.1	ATA	I	ATG	M	1402
NC_045512.2	4472	C	T	1644	94	39	2	0	37	0.00121507	1646	0.500228	FALSE	ORF1ab:cds-YP_009724389.1	CAG	Q	TAG	*	1403
NC_045512.2	4472	C	T	1644	94	39	2	0	37	0.00121507	1646	0.500228	FALSE	ORF1ab:cds-YP_009725295.1	CAG	Q	TAG	*	1403
NC_045512.2	4473	A	+G	1600	102	38	1	0	20	0.000625	1600	0.999993	FALSE	NA	NA	NA	NA	NA	NA
NC_045512.2	4475	C	T	1790	115	40	1	0	37	0.000558347	1791	0.750209	FALSE	ORF1ab:cds-YP_009724389.1	CGT	R	TGT	C	1404
NC_045512.2	4475	C	T	1790	115	40	1	0	37	0.000558347	1791	0.750209	FALSE	ORF1ab:cds-YP_009725295.1	CGT	R	TGT	C	1404
NC_045512.2	4481	T	G	2093	134	39	1	0	25	0.000477555	2094	1	FALSE	ORF1ab:cds-YP_009724389.1	TAT	Y	GAT	D	1406
NC_045512.2	4481	T	G	2093	134	39	1	0	25	0.000477555	2094	1	FALSE	ORF1ab:cds-YP_009725295.1	TAT	Y	GAT	D	1406
NC_045512.2	4488	G	C	2268	159	40	1	0	37	0.000440723	2269	0.875165	FALSE	ORF1ab:cds-YP_009724389.1	GGT	G	GCT	A	1408
NC_045512.2	4488	G	C	2268	159	40	1	0	37	0.000440723	2269	0.875165	FALSE	ORF1ab:cds-YP_009725295.1	GGT	G	GCT	A	1408
NC_045512.2	4492	T	A	2263	180	40	1	0	37	0.000441696	2264	0.875166	FALSE	ORF1ab:cds-YP_009724389.1	ATT	I	ATA	I	1409
NC_045512.2	4492	T	A	2263	180	40	1	0	37	0.000441696	2264	0.875166	FALSE	ORF1ab:cds-YP_009725295.1	ATT	I	ATA	I	1409
NC_045512.2	4497	T	A	2527	195	40	1	0	25	0.00039557	2528	1	FALSE	ORF1ab:cds-YP_009724389.1	ATA	I	AAA	K	1411
NC_045512.2	4497	T	A	2527	195	40	1	0	25	0.00039557	2528	1	FALSE	ORF1ab:cds-YP_009725295.1	ATA	I	AAA	K	1411
NC_045512.2	4499	C	A	2568	206	41	1	0	25	0.000389257	2569	1	FALSE	ORF1ab:cds-YP_009724389.1	CAA	Q	AAA	K	1412
NC_045512.2	4499	C	A	2568	206	41	1	0	25	0.000389257	2569	1	FALSE	ORF1ab:cds-YP_009725295.1	CAA	Q	AAA	K	1412
NC_045512.2	4500	A	C	2561	207	41	1	0	37	0.00039032	2562	0.875146	FALSE	ORF1ab:cds-YP_009724389.1	CAA	Q	CCA	P	1412
NC_045512.2	4500	A	C	2561	207	41	1	0	37	0.00039032	2562	0.875146	FALSE	ORF1ab:cds-YP_009725295.1	CAA	Q	CCA	P	1412
NC_045512.2	4502	G	T	2497	213	40	1	0	37	0.00040032	2498	0.87515	FALSE	ORF1ab:cds-YP_009724389.1	GAG	E	TAG	*	1413
NC_045512.2	4502	G	T	2497	213	40	1	0	37	0.00040032	2498	0.87515	FALSE	ORF1ab:cds-YP_009725295.1	GAG	E	TAG	*	1413
NC_045512.2	4503	A	T	2555	211	40	1	0	37	0.000391236	2556	0.875147	FALSE	ORF1ab:cds-YP_009724389.1	GAG	E	GTG	V	1413
NC_045512.2	4503	A	T	2555	211	40	1	0	37	0.000391236	2556	0.875147	FALSE	ORF1ab:cds-YP_009725295.1	GAG	E	GTG	V	1413
NC_045512.2	4504	G	T	2641	220	41	1	0	37	0.000378358	2643	0.875071	FALSE	ORF1ab:cds-YP_009724389.1	GAG	E	GAT	D	1413
NC_045512.2	4504	G	T	2641	220	41	1	0	37	0.000378358	2643	0.875071	FALSE	ORF1ab:cds-YP_009725295.1	GAG	E	GAT	D	1413
NC_045512.2	4504	G	A	2641	220	41	1	0	37	0.000378358	2643	0.875071	FALSE	ORF1ab:cds-YP_009724389.1	GAG	E	GAA	E	1413
NC_045512.2	4504	G	A	2641	220	41	1	0	37	0.000378358	2643	0.875071	FALSE	ORF1ab:cds-YP_009725295.1	GAG	E	GAA	E	1413
NC_045512.2	4505	G	T	2641	227	41	1	0	37	0.000378215	2644	0.875	FALSE	ORF1ab:cds-YP_009724389.1	GGT	G	TGT	C	1414
NC_045512.2	4505	G	T	2641	227	41	1	0	37	0.000378215	2644	0.875	FALSE	ORF1ab:cds-YP_009725295.1	GGT	G	TGT	C	1414
NC_045512.2	4505	G	C	2641	227	41	1	0	37	0.000378215	2644	0.875	FALSE	ORF1ab:cds-YP_009724389.1	GGT	G	CGT	R	1414
NC_045512.2	4505	G	C	2641	227	41	1	0	37	0.000378215	2644	0.875	FALSE	ORF1ab:cds-YP_009725295.1	GGT	G	CGT	R	1414
NC_045512.2	4505	G	A	2641	227	41	1	0	25	0.000378215	2644	1	FALSE	ORF1ab:cds-YP_009724389.1	GGT	G	AGT	S	1414
NC_045512.2	4505	G	A	2641	227	41	1	0	25	0.000378215	2644	1	FALSE	ORF1ab:cds-YP_009725295.1	GGT	G	AGT	S	1414
NC_045512.2	4506	G	C	2686	226	41	1	0	25	0.000372024	2688	1	FALSE	ORF1ab:cds-YP_009724389.1	GGT	G	GCT	A	1414
NC_045512.2	4506	G	C	2686	226	41	1	0	25	0.000372024	2688	1	FALSE	ORF1ab:cds-YP_009725295.1	GGT	G	GCT	A	1414
NC_045512.2	4506	G	A	2686	226	41	1	0	37	0.000372024	2688	0.87507	FALSE	ORF1ab:cds-YP_009724389.1	GGT	G	GAT	D	1414
NC_045512.2	4506	G	A	2686	226	41	1	0	37	0.000372024	2688	0.87507	FALSE	ORF1ab:cds-YP_009725295.1	GGT	G	GAT	D	1414
NC_045512.2	4515	A	T	2707	254	41	1	0	37	0.000369276	2708	0.875138	FALSE	ORF1ab:cds-YP_009724389.1	GAT	D	GTT	V	1417
NC_045512.2	4515	A	T	2707	254	41	1	0	37	0.000369276	2708	0.875138	FALSE	ORF1ab:cds-YP_009725295.1	GAT	D	GTT	V	1417
NC_045512.2	4516	T	C	2643	262	40	1	0	37	0.000378215	2644	0.875142	FALSE	ORF1ab:cds-YP_009724389.1	GAT	D	GAC	D	1417
NC_045512.2	4516	T	C	2643	262	40	1	0	37	0.000378215	2644	0.875142	FALSE	ORF1ab:cds-YP_009725295.1	GAT	D	GAC	D	1417
NC_045512.2	4518	A	G	2707	292	42	1	0	37	0.000369276	2708	0.875138	FALSE	ORF1ab:cds-YP_009724389.1	TAT	Y	TGT	C	1418
NC_045512.2	4518	A	G	2707	292	42	1	0	37	0.000369276	2708	0.875138	FALSE	ORF1ab:cds-YP_009725295.1	TAT	Y	TGT	C	1418
NC_045512.2	4521	G	T	2763	303	41	1	0	25	0.000361795	2764	1	FALSE	ORF1ab:cds-YP_009724389.1	GGT	G	GTT	V	1419
NC_045512.2	4521	G	T	2763	303	41	1	0	25	0.000361795	2764	1	FALSE	ORF1ab:cds-YP_009725295.1	GGT	G	GTT	V	1419
NC_045512.2	4523	G	T	2780	309	42	1	0	37	0.000359454	2782	0.875067	FALSE	ORF1ab:cds-YP_009724389.1	GCT	A	TCT	S	1420
NC_045512.2	4523	G	T	2780	309	42	1	0	37	0.000359454	2782	0.875067	FALSE	ORF1ab:cds-YP_009725295.1	GCT	A	TCT	S	1420
NC_045512.2	4523	G	A	2780	309	42	1	0	37	0.000359454	2782	0.875067	FALSE	ORF1ab:cds-YP_009724389.1	GCT	A	ACT	T	1420
NC_045512.2	4523	G	A	2780	309	42	1	0	37	0.000359454	2782	0.875067	FALSE	ORF1ab:cds-YP_009725295.1	GCT	A	ACT	T	1420
NC_045512.2	4524	C	T	2776	310	41	1	0	37	0.000360101	2777	0.875135	FALSE	ORF1ab:cds-YP_009724389.1	GCT	A	GTT	V	1420
NC_045512.2	4524	C	T	2776	310	41	1	0	37	0.000360101	2777	0.875135	FALSE	ORF1ab:cds-YP_009725295.1	GCT	A	GTT	V	1420
NC_045512.2	4525	T	A	2777	314	42	1	0	22	0.000359971	2778	1	FALSE	ORF1ab:cds-YP_009724389.1	GCT	A	GCA	A	1420
NC_045512.2	4525	T	A	2777	314	42	1	0	22	0.000359971	2778	1	FALSE	ORF1ab:cds-YP_009725295.1	GCT	A	GCA	A	1420
NC_045512.2	4534	C	T	2656	503	42	2	0	31	0.000752445	2658	0.687712	FALSE	ORF1ab:cds-YP_009724389.1	TAC	Y	TAT	Y	1423
NC_045512.2	4534	C	T	2656	503	42	2	0	31	0.000752445	2658	0.687712	FALSE	ORF1ab:cds-YP_009725295.1	TAC	Y	TAT	Y	1423
NC_045512.2	4534	C	+T	2656	503	42	1	0	20	0.000376223	2658	1	FALSE	NA	NA	NA	NA	NA	NA
NC_045512.2	4535	T	C	2655	502	42	1	0	37	0.000376506	2656	0.875141	FALSE	ORF1ab:cds-YP_009724389.1	TTT	F	CTT	L	1424
NC_045512.2	4535	T	C	2655	502	42	1	0	37	0.000376506	2656	0.875141	FALSE	ORF1ab:cds-YP_009725295.1	TTT	F	CTT	L	1424
NC_045512.2	4540	C	T	2645	526	43	1	0	37	0.000377929	2646	0.875142	FALSE	ORF1ab:cds-YP_009724389.1	TAC	Y	TAT	Y	1425
NC_045512.2	4540	C	T	2645	526	43	1	0	37	0.000377929	2646	0.875142	FALSE	ORF1ab:cds-YP_009725295.1	TAC	Y	TAT	Y	1425
NC_045512.2	4542	C	T	2662	531	43	2	0	37	0.000750751	2664	0.687711	FALSE	ORF1ab:cds-YP_009724389.1	ACC	T	ATC	I	1426
NC_045512.2	4542	C	T	2662	531	43	2	0	37	0.000750751	2664	0.687711	FALSE	ORF1ab:cds-YP_009725295.1	ACC	T	ATC	I	1426
NC_045512.2	4543	C	T	2654	524	42	1	0	37	0.000376648	2655	0.875141	FALSE	ORF1ab:cds-YP_009724389.1	ACC	T	ACT	T	1426
NC_045512.2	4543	C	T	2654	524	42	1	0	37	0.000376648	2655	0.875141	FALSE	ORF1ab:cds-YP_009725295.1	ACC	T	ACT	T	1426
NC_045512.2	4547	A	G	2693	527	43	1	1	74	0.000371195	2694	0.500093	FALSE	ORF1ab:cds-YP_009724389.1	AAA	K	GAA	E	1428
NC_045512.2	4547	A	G	2693	527	43	1	1	74	0.000371195	2694	0.500093	FALSE	ORF1ab:cds-YP_009725295.1	AAA	K	GAA	E	1428
NC_045512.2	4550	A	G	2567	538	41	1	0	37	0.000389408	2568	0.875146	FALSE	ORF1ab:cds-YP_009724389.1	ACA	T	GCA	A	1429
NC_045512.2	4550	A	G	2567	538	41	1	0	37	0.000389408	2568	0.875146	FALSE	ORF1ab:cds-YP_009725295.1	ACA	T	GCA	A	1429
NC_045512.2	4552	A	T	2722	531	42	1	0	25	0.000367242	2723	1	FALSE	ORF1ab:cds-YP_009724389.1	ACA	T	ACT	T	1429
NC_045512.2	4552	A	T	2722	531	42	1	0	25	0.000367242	2723	1	FALSE	ORF1ab:cds-YP_009725295.1	ACA	T	ACT	T	1429
NC_045512.2	4554	C	T	2753	529	42	2	0	55	0.000725953	2755	0.250045	FALSE	ORF1ab:cds-YP_009724389.1	ACT	T	ATT	I	1430
NC_045512.2	4554	C	T	2753	529	42	2	0	55	0.000725953	2755	0.250045	FALSE	ORF1ab:cds-YP_009725295.1	ACT	T	ATT	I	1430
NC_045512.2	4555	T	C	2740	537	42	1	0	37	0.00036483	2741	0.875137	FALSE	ORF1ab:cds-YP_009724389.1	ACT	T	ACC	T	1430
NC_045512.2	4555	T	C	2740	537	42	1	0	37	0.00036483	2741	0.875137	FALSE	ORF1ab:cds-YP_009725295.1	ACT	T	ACC	T	1430
NC_045512.2	4560	C	A	2673	547	42	1	0	37	0.000373972	2674	0.87514	FALSE	ORF1ab:cds-YP_009724389.1	GCG	A	GAG	E	1432
NC_045512.2	4560	C	A	2673	547	42	1	0	37	0.000373972	2674	0.87514	FALSE	ORF1ab:cds-YP_009725295.1	GCG	A	GAG	E	1432
NC_045512.2	4560	C	+T	2673	547	42	9	0	20	0.00336574	2674	0.999121	FALSE	NA	NA	NA	NA	NA	NA
NC_045512.2	4561	G	T	2678	555	42	1	0	37	0.000373274	2679	0.87514	FALSE	ORF1ab:cds-YP_009724389.1	GCG	A	GCT	A	1432
NC_045512.2	4561	G	T	2678	555	42	1	0	37	0.000373274	2679	0.87514	FALSE	ORF1ab:cds-YP_009725295.1	GCG	A	GCT	A	1432
NC_045512.2	4564	A	T	2660	570	43	1	0	37	0.000375799	2661	0.875141	FALSE	ORF1ab:cds-YP_009724389.1	TCA	S	TCT	S	1433
NC_045512.2	4564	A	T	2660	570	43	1	0	37	0.000375799	2661	0.875141	FALSE	ORF1ab:cds-YP_009725295.1	TCA	S	TCT	S	1433
NC_045512.2	4566	T	G	2555	1107	45	1	1	37	0.000391083	2557	0.875073	FALSE	ORF1ab:cds-YP_009724389.1	CTT	L	CGT	R	1434
NC_045512.2	4566	T	G	2555	1107	45	1	1	37	0.000391083	2557	0.875073	FALSE	ORF1ab:cds-YP_009725295.1	CTT	L	CGT	R	1434
NC_045512.2	4566	T	C	2555	1107	45	1	0	37	0.000391083	2557	0.875073	FALSE	ORF1ab:cds-YP_009724389.1	CTT	L	CCT	P	1434
NC_045512.2	4566	T	C	2555	1107	45	1	0	37	0.000391083	2557	0.875073	FALSE	ORF1ab:cds-YP_009725295.1	CTT	L	CCT	P	1434
NC_045512.2	4567	T	C	2593	1139	44	1	1	74	0.000385505	2594	0.500096	FALSE	ORF1ab:cds-YP_009724389.1	CTT	L	CTC	L	1434
NC_045512.2	4567	T	C	2593	1139	44	1	1	74	0.000385505	2594	0.500096	FALSE	ORF1ab:cds-YP_009725295.1	CTT	L	CTC	L	1434
NC_045512.2	4569	T	A	2645	1157	44	1	0	25	0.000377929	2646	1	FALSE	ORF1ab:cds-YP_009724389.1	ATC	I	AAC	N	1435
NC_045512.2	4569	T	A	2645	1157	44	1	0	25	0.000377929	2646	1	FALSE	ORF1ab:cds-YP_009725295.1	ATC	I	AAC	N	1435
NC_045512.2	4576	A	G	2555	1148	44	1	0	74	0.000391236	2556	0.500098	FALSE	ORF1ab:cds-YP_009724389.1	ACA	T	ACG	T	1437
NC_045512.2	4576	A	G	2555	1148	44	1	0	74	0.000391236	2556	0.500098	FALSE	ORF1ab:cds-YP_009725295.1	ACA	T	ACG	T	1437
NC_045512.2	4579	T	C	2542	1155	43	1	0	74	0.000393236	2543	0.500098	FALSE	ORF1ab:cds-YP_009724389.1	CTT	L	CTC	L	1438
NC_045512.2	4579	T	C	2542	1155	43	1	0	74	0.000393236	2543	0.500098	FALSE	ORF1ab:cds-YP_009725295.1	CTT	L	CTC	L	1438
NC_045512.2	4583	G	A	2383	1233	42	1	1	37	0.000419463	2384	0.875157	FALSE	ORF1ab:cds-YP_009724389.1	GAT	D	AAT	N	1440
NC_045512.2	4583	G	A	2383	1233	42	1	1	37	0.000419463	2384	0.875157	FALSE	ORF1ab:cds-YP_009725295.1	GAT	D	AAT	N	1440
NC_045512.2	4588	A	T	2387	1266	42	1	1	37	0.00041876	2388	0.875157	FALSE	ORF1ab:cds-YP_009724389.1	CTA	L	CTT	L	1441
NC_045512.2	4588	A	T	2387	1266	42	1	1	37	0.00041876	2388	0.875157	FALSE	ORF1ab:cds-YP_009725295.1	CTA	L	CTT	L	1441
NC_045512.2	4589	A	G	2364	1255	41	1	1	37	0.000422833	2365	0.875159	FALSE	ORF1ab:cds-YP_009724389.1	AAT	N	GAT	D	1442
NC_045512.2	4589	A	G	2364	1255	41	1	1	37	0.000422833	2365	0.875159	FALSE	ORF1ab:cds-YP_009725295.1	AAT	N	GAT	D	1442
NC_045512.2	4590	A	G	2340	1222	41	1	1	37	0.000427168	2341	0.87516	FALSE	ORF1ab:cds-YP_009724389.1	AAT	N	AGT	S	1442
NC_045512.2	4590	A	G	2340	1222	41	1	1	37	0.000427168	2341	0.87516	FALSE	ORF1ab:cds-YP_009725295.1	AAT	N	AGT	S	1442
NC_045512.2	4592	G	T	2386	1293	42	1	0	37	0.00041876	2388	0.875079	FALSE	ORF1ab:cds-YP_009724389.1	GAA	E	TAA	*	1443
NC_045512.2	4592	G	T	2386	1293	42	1	0	37	0.00041876	2388	0.875079	FALSE	ORF1ab:cds-YP_009725295.1	GAA	E	TAA	*	1443
NC_045512.2	4592	G	A	2386	1293	42	1	0	37	0.00041876	2388	0.875079	FALSE	ORF1ab:cds-YP_009724389.1	GAA	E	AAA	K	1443
NC_045512.2	4592	G	A	2386	1293	42	1	0	37	0.00041876	2388	0.875079	FALSE	ORF1ab:cds-YP_009725295.1	GAA	E	AAA	K	1443
NC_045512.2	4594	A	G	2334	1222	41	1	0	62	0.000428266	2335	0.500107	FALSE	ORF1ab:cds-YP_009724389.1	GAA	E	GAG	E	1443
NC_045512.2	4594	A	G	2334	1222	41	1	0	62	0.000428266	2335	0.500107	FALSE	ORF1ab:cds-YP_009725295.1	GAA	E	GAG	E	1443
NC_045512.2	4597	T	C	2232	1297	40	2	1	37	0.000895255	2234	0.687752	FALSE	ORF1ab:cds-YP_009724389.1	ACT	T	ACC	T	1444
NC_045512.2	4597	T	C	2232	1297	40	2	1	37	0.000895255	2234	0.687752	FALSE	ORF1ab:cds-YP_009725295.1	ACT	T	ACC	T	1444
NC_045512.2	4602	T	C	2235	1317	40	1	1	37	0.000447027	2237	0.875084	FALSE	ORF1ab:cds-YP_009724389.1	GTT	V	GCT	A	1446
NC_045512.2	4602	T	C	2235	1317	40	1	1	37	0.000447027	2237	0.875084	FALSE	ORF1ab:cds-YP_009725295.1	GTT	V	GCT	A	1446
NC_045512.2	4602	T	A	2235	1317	40	1	1	37	0.000447027	2237	0.875084	FALSE	ORF1ab:cds-YP_009724389.1	GTT	V	GAT	D	1446
NC_045512.2	4602	T	A	2235	1317	40	1	1	37	0.000447027	2237	0.875084	FALSE	ORF1ab:cds-YP_009725295.1	GTT	V	GAT	D	1446
NC_045512.2	4604	A	G	2258	1352	40	1	1	37	0.000442674	2259	0.875166	FALSE	ORF1ab:cds-YP_009724389.1	ACA	T	GCA	A	1447
NC_045512.2	4604	A	G	2258	1352	40	1	1	37	0.000442674	2259	0.875166	FALSE	ORF1ab:cds-YP_009725295.1	ACA	T	GCA	A	1447
NC_045512.2	4605	C	T	2243	1364	40	1	0	74	0.000445633	2244	0.500111	FALSE	ORF1ab:cds-YP_009724389.1	ACA	T	ATA	I	1447
NC_045512.2	4605	C	T	2243	1364	40	1	0	74	0.000445633	2244	0.500111	FALSE	ORF1ab:cds-YP_009725295.1	ACA	T	ATA	I	1447
NC_045512.2	4607	A	G	2163	1317	39	1	1	37	0.000461894	2165	0.875087	FALSE	ORF1ab:cds-YP_009724389.1	ATG	M	GTG	V	1448
NC_045512.2	4607	A	G	2163	1317	39	1	1	37	0.000461894	2165	0.875087	FALSE	ORF1ab:cds-YP_009725295.1	ATG	M	GTG	V	1448
NC_045512.2	4607	A	C	2163	1317	39	1	1	25	0.000461894	2165	1	FALSE	ORF1ab:cds-YP_009724389.1	ATG	M	CTG	L	1448
NC_045512.2	4607	A	C	2163	1317	39	1	1	25	0.000461894	2165	1	FALSE	ORF1ab:cds-YP_009725295.1	ATG	M	CTG	L	1448
NC_045512.2	4609	G	A	2204	1361	39	3	0	37	0.00135931	2207	0.500213	FALSE	ORF1ab:cds-YP_009724389.1	ATG	M	ATA	I	1448
NC_045512.2	4609	G	A	2204	1361	39	3	0	37	0.00135931	2207	0.500213	FALSE	ORF1ab:cds-YP_009725295.1	ATG	M	ATA	I	1448
NC_045512.2	4610	C	T	2243	1383	39	1	1	37	0.000445633	2244	0.875167	FALSE	ORF1ab:cds-YP_009724389.1	CCA	P	TCA	S	1449
NC_045512.2	4610	C	T	2243	1383	39	1	1	37	0.000445633	2244	0.875167	FALSE	ORF1ab:cds-YP_009725295.1	CCA	P	TCA	S	1449
NC_045512.2	4612	A	G	2236	1395	39	1	1	37	0.000447027	2237	0.875168	FALSE	ORF1ab:cds-YP_009724389.1	CCA	P	CCG	P	1449
NC_045512.2	4612	A	G	2236	1395	39	1	1	37	0.000447027	2237	0.875168	FALSE	ORF1ab:cds-YP_009725295.1	CCA	P	CCG	P	1449
NC_045512.2	4618	C	T	2305	1511	40	1	1	37	0.000433651	2306	0.875163	FALSE	ORF1ab:cds-YP_009724389.1	GGC	G	GGT	G	1451
NC_045512.2	4618	C	T	2305	1511	40	1	1	37	0.000433651	2306	0.875163	FALSE	ORF1ab:cds-YP_009725295.1	GGC	G	GGT	G	1451
NC_045512.2	4619	T	C	2289	1497	40	2	1	55	0.000872981	2291	0.250055	FALSE	ORF1ab:cds-YP_009724389.1	TAT	Y	CAT	H	1452
NC_045512.2	4619	T	C	2289	1497	40	2	1	55	0.000872981	2291	0.250055	FALSE	ORF1ab:cds-YP_009725295.1	TAT	Y	CAT	H	1452
NC_045512.2	4620	A	G	2438	1536	40	2	1	37	0.000819672	2440	0.687731	FALSE	ORF1ab:cds-YP_009724389.1	TAT	Y	TGT	C	1452
NC_045512.2	4620	A	G	2438	1536	40	2	1	37	0.000819672	2440	0.687731	FALSE	ORF1ab:cds-YP_009725295.1	TAT	Y	TGT	C	1452
NC_045512.2	4624	A	T	2385	1552	40	1	1	37	0.00041876	2388	0.875	FALSE	ORF1ab:cds-YP_009724389.1	GTA	V	GTT	V	1453
NC_045512.2	4624	A	T	2385	1552	40	1	1	37	0.00041876	2388	0.875	FALSE	ORF1ab:cds-YP_009725295.1	GTA	V	GTT	V	1453
NC_045512.2	4624	A	G	2385	1552	40	2	1	37	0.000837521	2388	0.687579	FALSE	ORF1ab:cds-YP_009724389.1	GTA	V	GTG	V	1453
NC_045512.2	4624	A	G	2385	1552	40	2	1	37	0.000837521	2388	0.687579	FALSE	ORF1ab:cds-YP_009725295.1	GTA	V	GTG	V	1453
NC_045512.2	4625	A	T	2401	1562	40	1	0	74	0.000416146	2403	0.5	FALSE	ORF1ab:cds-YP_009724389.1	ACA	T	TCA	S	1454
NC_045512.2	4625	A	T	2401	1562	40	1	0	74	0.000416146	2403	0.5	FALSE	ORF1ab:cds-YP_009725295.1	ACA	T	TCA	S	1454
NC_045512.2	4625	A	G	2401	1562	40	1	1	37	0.000416146	2403	0.875078	FALSE	ORF1ab:cds-YP_009724389.1	ACA	T	GCA	A	1454
NC_045512.2	4625	A	G	2401	1562	40	1	1	37	0.000416146	2403	0.875078	FALSE	ORF1ab:cds-YP_009725295.1	ACA	T	GCA	A	1454
NC_045512.2	4628	C	A	2885	2200	42	1	1	37	0.0003465	2886	0.87513	FALSE	ORF1ab:cds-YP_009724389.1	CAT	H	AAT	N	1455
NC_045512.2	4628	C	A	2885	2200	42	1	1	37	0.0003465	2886	0.87513	FALSE	ORF1ab:cds-YP_009725295.1	CAT	H	AAT	N	1455
NC_045512.2	4629	A	G	2672	2005	42	1	1	74	0.000374111	2673	0.500094	FALSE	ORF1ab:cds-YP_009724389.1	CAT	H	CGT	R	1455
NC_045512.2	4629	A	G	2672	2005	42	1	1	74	0.000374111	2673	0.500094	FALSE	ORF1ab:cds-YP_009725295.1	CAT	H	CGT	R	1455
NC_045512.2	4629	A	-T	2672	2005	42	2	0	20	0.000748223	2673	1	FALSE	NA	NA	NA	NA	NA	NA
NC_045512.2	4630	T	C	2719	2054	42	1	1	37	0.000367647	2720	0.875	FALSE	ORF1ab:cds-YP_009724389.1	CAT	H	CAC	H	1455
NC_045512.2	4630	T	C	2719	2054	42	1	1	37	0.000367647	2720	0.875	FALSE	ORF1ab:cds-YP_009725295.1	CAT	H	CAC	H	1455
NC_045512.2	4632	G	T	2708	2018	42	1	0	74	0.000369004	2710	0.5	FALSE	ORF1ab:cds-YP_009724389.1	GGC	G	GTC	V	1456
NC_045512.2	4632	G	T	2708	2018	42	1	0	74	0.000369004	2710	0.5	FALSE	ORF1ab:cds-YP_009725295.1	GGC	G	GTC	V	1456
NC_045512.2	4632	G	A	2708	2018	42	1	0	74	0.000369004	2710	0.5	FALSE	ORF1ab:cds-YP_009724389.1	GGC	G	GAC	D	1456
NC_045512.2	4632	G	A	2708	2018	42	1	0	74	0.000369004	2710	0.5	FALSE	ORF1ab:cds-YP_009725295.1	GGC	G	GAC	D	1456
NC_045512.2	4633	C	T	2711	2026	42	1	1	37	0.000368596	2713	0.875069	FALSE	ORF1ab:cds-YP_009724389.1	GGC	G	GGT	G	1456
NC_045512.2	4633	C	T	2711	2026	42	1	1	37	0.000368596	2713	0.875069	FALSE	ORF1ab:cds-YP_009725295.1	GGC	G	GGT	G	1456
NC_045512.2	4633	C	G	2711	2026	42	1	1	37	0.000368596	2713	0.875069	FALSE	ORF1ab:cds-YP_009724389.1	GGC	G	GGG	G	1456
NC_045512.2	4633	C	G	2711	2026	42	1	1	37	0.000368596	2713	0.875069	FALSE	ORF1ab:cds-YP_009725295.1	GGC	G	GGG	G	1456
NC_045512.2	4636	A	G	2711	2073	42	1	0	37	0.000368732	2712	0.875138	FALSE	ORF1ab:cds-YP_009724389.1	TTA	L	TTG	L	1457
NC_045512.2	4636	A	G	2711	2073	42	1	0	37	0.000368732	2712	0.875138	FALSE	ORF1ab:cds-YP_009725295.1	TTA	L	TTG	L	1457
NC_045512.2	4640	T	C	2742	2124	42	1	0	37	0.000364564	2743	0.875137	FALSE	ORF1ab:cds-YP_009724389.1	TTG	L	CTG	L	1459
NC_045512.2	4640	T	C	2742	2124	42	1	0	37	0.000364564	2743	0.875137	FALSE	ORF1ab:cds-YP_009725295.1	TTG	L	CTG	L	1459
NC_045512.2	4641	T	-G	2715	2097	43	1	0	20	0.000368324	2715	1	FALSE	NA	NA	NA	NA	NA	NA
NC_045512.2	4643	G	A	2717	2132	43	2	2	37	0.000735565	2719	0.687707	FALSE	ORF1ab:cds-YP_009724389.1	GAA	E	AAA	K	1460
NC_045512.2	4643	G	A	2717	2132	43	2	2	37	0.000735565	2719	0.687707	FALSE	ORF1ab:cds-YP_009725295.1	GAA	E	AAA	K	1460
NC_045512.2	4646	G	A	2715	2151	42	1	0	74	0.000368189	2716	0.500092	FALSE	ORF1ab:cds-YP_009724389.1	GAA	E	AAA	K	1461
NC_045512.2	4646	G	A	2715	2151	42	1	0	74	0.000368189	2716	0.500092	FALSE	ORF1ab:cds-YP_009725295.1	GAA	E	AAA	K	1461
NC_045512.2	4647	A	T	2682	2123	42	1	0	37	0.000372578	2684	0.87507	FALSE	ORF1ab:cds-YP_009724389.1	GAA	E	GTA	V	1461
NC_045512.2	4647	A	T	2682	2123	42	1	0	37	0.000372578	2684	0.87507	FALSE	ORF1ab:cds-YP_009725295.1	GAA	E	GTA	V	1461
NC_045512.2	4647	A	G	2682	2123	42	1	1	25	0.000372578	2684	1	FALSE	ORF1ab:cds-YP_009724389.1	GAA	E	GGA	G	1461
NC_045512.2	4647	A	G	2682	2123	42	1	1	25	0.000372578	2684	1	FALSE	ORF1ab:cds-YP_009725295.1	GAA	E	GGA	G	1461
NC_045512.2	4649	G	C	2703	2143	42	1	1	74	0.000369822	2704	0.500092	FALSE	ORF1ab:cds-YP_009724389.1	GCT	A	CCT	P	1462
NC_045512.2	4649	G	C	2703	2143	42	1	1	74	0.000369822	2704	0.500092	FALSE	ORF1ab:cds-YP_009725295.1	GCT	A	CCT	P	1462
NC_045512.2	4650	C	T	2706	2150	42	1	1	25	0.000369413	2707	1	FALSE	ORF1ab:cds-YP_009724389.1	GCT	A	GTT	V	1462
NC_045512.2	4650	C	T	2706	2150	42	1	1	25	0.000369413	2707	1	FALSE	ORF1ab:cds-YP_009725295.1	GCT	A	GTT	V	1462
NC_045512.2	4652	G	A	2696	2168	42	4	4	37	0.00148148	2700	0.343837	FALSE	ORF1ab:cds-YP_009724389.1	GCT	A	ACT	T	1463
NC_045512.2	4652	G	A	2696	2168	42	4	4	37	0.00148148	2700	0.343837	FALSE	ORF1ab:cds-YP_009725295.1	GCT	A	ACT	T	1463
NC_045512.2	4653	C	T	2695	2168	41	2	2	55	0.000741565	2697	0.250046	FALSE	ORF1ab:cds-YP_009724389.1	GCT	A	GTT	V	1463
NC_045512.2	4653	C	T	2695	2168	41	2	2	55	0.000741565	2697	0.250046	FALSE	ORF1ab:cds-YP_009725295.1	GCT	A	GTT	V	1463
NC_045512.2	4654	T	C	2695	2195	41	1	1	37	0.00037092	2696	0.875139	FALSE	ORF1ab:cds-YP_009724389.1	GCT	A	GCC	A	1463
NC_045512.2	4654	T	C	2695	2195	41	1	1	37	0.00037092	2696	0.875139	FALSE	ORF1ab:cds-YP_009725295.1	GCT	A	GCC	A	1463
NC_045512.2	4657	G	A	2801	2183	41	1	1	37	0.000356888	2802	0.875134	FALSE	ORF1ab:cds-YP_009724389.1	CGG	R	CGA	R	1464
NC_045512.2	4657	G	A	2801	2183	41	1	1	37	0.000356888	2802	0.875134	FALSE	ORF1ab:cds-YP_009725295.1	CGG	R	CGA	R	1464
NC_045512.2	4662	T	A	2836	2234	41	1	1	37	0.000352485	2837	0.875132	FALSE	ORF1ab:cds-YP_009724389.1	ATG	M	AAG	K	1466
NC_045512.2	4662	T	A	2836	2234	41	1	1	37	0.000352485	2837	0.875132	FALSE	ORF1ab:cds-YP_009725295.1	ATG	M	AAG	K	1466
NC_045512.2	4664	A	T	2782	2194	41	1	1	37	0.000359066	2785	0.875	FALSE	ORF1ab:cds-YP_009724389.1	AGA	R	TGA	*	1467
NC_045512.2	4664	A	T	2782	2194	41	1	1	37	0.000359066	2785	0.875	FALSE	ORF1ab:cds-YP_009725295.1	AGA	R	TGA	*	1467
NC_045512.2	4664	A	G	2782	2194	41	2	2	37	0.000718133	2785	0.687567	FALSE	ORF1ab:cds-YP_009724389.1	AGA	R	GGA	G	1467
NC_045512.2	4664	A	G	2782	2194	41	2	2	37	0.000718133	2785	0.687567	FALSE	ORF1ab:cds-YP_009725295.1	AGA	R	GGA	G	1467
NC_045512.2	4665	G	A	2782	2225	42	2	1	37	0.000718391	2784	0.687702	FALSE	ORF1ab:cds-YP_009724389.1	AGA	R	AAA	K	1467
NC_045512.2	4665	G	A	2782	2225	42	2	1	37	0.000718391	2784	0.687702	FALSE	ORF1ab:cds-YP_009725295.1	AGA	R	AAA	K	1467
NC_045512.2	4666	A	T	2128	1603	42	1	1	37	0.000468823	2133	0.874824	FALSE	ORF1ab:cds-YP_009724389.1	AGA	R	AGT	S	1467
NC_045512.2	4666	A	T	2128	1603	42	1	1	37	0.000468823	2133	0.874824	FALSE	ORF1ab:cds-YP_009725295.1	AGA	R	AGT	S	1467
NC_045512.2	4666	A	G	2128	1603	42	1	0	74	0.000468823	2133	0.499648	FALSE	ORF1ab:cds-YP_009724389.1	AGA	R	AGG	R	1467
NC_045512.2	4666	A	G	2128	1603	42	1	0	74	0.000468823	2133	0.499648	FALSE	ORF1ab:cds-YP_009725295.1	AGA	R	AGG	R	1467
NC_045512.2	4666	A	C	2128	1603	42	3	0	37	0.00140647	2133	0.49978	FALSE	ORF1ab:cds-YP_009724389.1	AGA	R	AGC	S	1467
NC_045512.2	4666	A	C	2128	1603	42	3	0	37	0.00140647	2133	0.49978	FALSE	ORF1ab:cds-YP_009725295.1	AGA	R	AGC	S	1467
NC_045512.2	4668	C	A	2136	1631	42	1	1	37	0.000467946	2137	0.875176	FALSE	ORF1ab:cds-YP_009724389.1	TCT	S	TAT	Y	1468
NC_045512.2	4668	C	A	2136	1631	42	1	1	37	0.000467946	2137	0.875176	FALSE	ORF1ab:cds-YP_009725295.1	TCT	S	TAT	Y	1468
NC_045512.2	4669	T	C	2129	1627	42	1	0	74	0.000469484	2130	0.500117	FALSE	ORF1ab:cds-YP_009724389.1	TCT	S	TCC	S	1468
NC_045512.2	4669	T	C	2129	1627	42	1	0	74	0.000469484	2130	0.500117	FALSE	ORF1ab:cds-YP_009725295.1	TCT	S	TCC	S	1468
NC_045512.2	4670	C	T	2141	1660	42	1	1	25	0.000466853	2142	1	FALSE	ORF1ab:cds-YP_009724389.1	CTC	L	TTC	F	1469
NC_045512.2	4670	C	T	2141	1660	42	1	1	25	0.000466853	2142	1	FALSE	ORF1ab:cds-YP_009725295.1	CTC	L	TTC	F	1469
NC_045512.2	4675	A	G	2130	1650	42	1	1	25	0.000469263	2131	1	FALSE	ORF1ab:cds-YP_009724389.1	AAA	K	AAG	K	1470
NC_045512.2	4675	A	G	2130	1650	42	1	1	25	0.000469263	2131	1	FALSE	ORF1ab:cds-YP_009725295.1	AAA	K	AAG	K	1470
NC_045512.2	4676	G	A	2139	1690	41	1	1	25	0.00046729	2140	1	FALSE	ORF1ab:cds-YP_009724389.1	GTG	V	ATG	M	1471
NC_045512.2	4676	G	A	2139	1690	41	1	1	25	0.00046729	2140	1	FALSE	ORF1ab:cds-YP_009725295.1	GTG	V	ATG	M	1471
NC_045512.2	4678	G	C	2127	1702	41	1	0	36	0.000469484	2130	0.875	FALSE	ORF1ab:cds-YP_009724389.1	GTG	V	GTC	V	1471
NC_045512.2	4678	G	C	2127	1702	41	1	0	36	0.000469484	2130	0.875	FALSE	ORF1ab:cds-YP_009725295.1	GTG	V	GTC	V	1471
NC_045512.2	4678	G	A	2127	1702	41	2	2	37	0.000938967	2130	0.687588	FALSE	ORF1ab:cds-YP_009724389.1	GTG	V	GTA	V	1471
NC_045512.2	4678	G	A	2127	1702	41	2	2	37	0.000938967	2130	0.687588	FALSE	ORF1ab:cds-YP_009725295.1	GTG	V	GTA	V	1471
NC_045512.2	4679	C	T	2112	1688	41	4	4	46	0.00189036	2116	0.0624704	FALSE	ORF1ab:cds-YP_009724389.1	CCA	P	TCA	S	1472
NC_045512.2	4679	C	T	2112	1688	41	4	4	46	0.00189036	2116	0.0624704	FALSE	ORF1ab:cds-YP_009725295.1	CCA	P	TCA	S	1472
NC_045512.2	4681	A	G	2133	1705	41	1	1	37	0.000468604	2134	0.875176	FALSE	ORF1ab:cds-YP_009724389.1	CCA	P	CCG	P	1472
NC_045512.2	4681	A	G	2133	1705	41	1	1	37	0.000468604	2134	0.875176	FALSE	ORF1ab:cds-YP_009725295.1	CCA	P	CCG	P	1472
NC_045512.2	4684	T	G	2228	1834	43	1	1	37	0.000448632	2229	0.875168	FALSE	ORF1ab:cds-YP_009724389.1	GCT	A	GCG	A	1473
NC_045512.2	4684	T	G	2228	1834	43	1	1	37	0.000448632	2229	0.875168	FALSE	ORF1ab:cds-YP_009725295.1	GCT	A	GCG	A	1473
NC_045512.2	4686	C	T	2227	1863	43	1	1	37	0.000448833	2228	0.875168	FALSE	ORF1ab:cds-YP_009724389.1	ACA	T	ATA	I	1474
NC_045512.2	4686	C	T	2227	1863	43	1	1	37	0.000448833	2228	0.875168	FALSE	ORF1ab:cds-YP_009725295.1	ACA	T	ATA	I	1474
NC_045512.2	4687	A	+G	2221	1861	43	2	0	20	0.000900495	2221	0.999999	FALSE	NA	NA	NA	NA	NA	NA
NC_045512.2	4688	G	C	2230	1872	43	1	1	37	0.000448229	2231	0.875168	FALSE	ORF1ab:cds-YP_009724389.1	GTT	V	CTT	L	1475
NC_045512.2	4688	G	C	2230	1872	43	1	1	37	0.000448229	2231	0.875168	FALSE	ORF1ab:cds-YP_009725295.1	GTT	V	CTT	L	1475
NC_045512.2	4689	T	C	2204	1873	42	1	0	37	0.000453515	2205	0.87517	FALSE	ORF1ab:cds-YP_009724389.1	GTT	V	GCT	A	1475
NC_045512.2	4689	T	C	2204	1873	42	1	0	37	0.000453515	2205	0.87517	FALSE	ORF1ab:cds-YP_009725295.1	GTT	V	GCT	A	1475
NC_045512.2	4693	T	C	2279	1984	44	1	1	37	0.000438596	2280	0.875164	FALSE	ORF1ab:cds-YP_009724389.1	TCT	S	TCC	S	1476
NC_045512.2	4693	T	C	2279	1984	44	1	1	37	0.000438596	2280	0.875164	FALSE	ORF1ab:cds-YP_009725295.1	TCT	S	TCC	S	1476
NC_045512.2	4696	T	C	2253	1967	43	1	1	37	0.000443656	2254	0.875166	FALSE	ORF1ab:cds-YP_009724389.1	GTT	V	GTC	V	1477
NC_045512.2	4696	T	C	2253	1967	43	1	1	37	0.000443656	2254	0.875166	FALSE	ORF1ab:cds-YP_009725295.1	GTT	V	GTC	V	1477
NC_045512.2	4701	C	T	2238	1963	43	1	1	37	0.000446628	2239	0.875168	FALSE	ORF1ab:cds-YP_009724389.1	TCA	S	TTA	L	1479
NC_045512.2	4701	C	T	2238	1963	43	1	1	37	0.000446628	2239	0.875168	FALSE	ORF1ab:cds-YP_009725295.1	TCA	S	TTA	L	1479
NC_045512.2	4702	A	G	2235	1960	43	1	1	37	0.000447227	2236	0.875168	FALSE	ORF1ab:cds-YP_009724389.1	TCA	S	TCG	S	1479
NC_045512.2	4702	A	G	2235	1960	43	1	1	37	0.000447227	2236	0.875168	FALSE	ORF1ab:cds-YP_009725295.1	TCA	S	TCG	S	1479
NC_045512.2	4706	G	A	2177	1918	43	1	1	74	0.000459137	2178	0.500115	FALSE	ORF1ab:cds-YP_009724389.1	GAT	D	AAT	N	1481
NC_045512.2	4706	G	A	2177	1918	43	1	1	74	0.000459137	2178	0.500115	FALSE	ORF1ab:cds-YP_009725295.1	GAT	D	AAT	N	1481
NC_045512.2	4709	G	A	2177	1921	43	1	1	37	0.000459137	2178	0.875172	FALSE	ORF1ab:cds-YP_009724389.1	GCT	A	ACT	T	1482
NC_045512.2	4709	G	A	2177	1921	43	1	1	37	0.000459137	2178	0.875172	FALSE	ORF1ab:cds-YP_009725295.1	GCT	A	ACT	T	1482
NC_045512.2	4710	C	T	2170	1919	43	2	2	37	0.00092081	2172	0.687759	FALSE	ORF1ab:cds-YP_009724389.1	GCT	A	GTT	V	1482
NC_045512.2	4710	C	T	2170	1919	43	2	2	37	0.00092081	2172	0.687759	FALSE	ORF1ab:cds-YP_009725295.1	GCT	A	GTT	V	1482
NC_045512.2	4712	G	A	2133	1892	42	1	1	37	0.000468604	2134	0.875176	FALSE	ORF1ab:cds-YP_009724389.1	GTT	V	ATT	I	1483
NC_045512.2	4712	G	A	2133	1892	42	1	1	37	0.000468604	2134	0.875176	FALSE	ORF1ab:cds-YP_009725295.1	GTT	V	ATT	I	1483
NC_045512.2	4713	T	A	2128	1889	42	1	1	37	0.000469704	2129	0.875176	FALSE	ORF1ab:cds-YP_009724389.1	GTT	V	GAT	D	1483
NC_045512.2	4713	T	A	2128	1889	42	1	1	37	0.000469704	2129	0.875176	FALSE	ORF1ab:cds-YP_009725295.1	GTT	V	GAT	D	1483
NC_045512.2	4717	A	G	2082	1850	42	2	2	37	0.000959233	2085	0.68759	FALSE	ORF1ab:cds-YP_009724389.1	ACA	T	ACG	T	1484
NC_045512.2	4717	A	G	2082	1850	42	2	2	37	0.000959233	2085	0.68759	FALSE	ORF1ab:cds-YP_009725295.1	ACA	T	ACG	T	1484
NC_045512.2	4717	A	C	2082	1850	42	1	0	37	0.000479616	2085	0.875	FALSE	ORF1ab:cds-YP_009724389.1	ACA	T	ACC	T	1484
NC_045512.2	4717	A	C	2082	1850	42	1	0	37	0.000479616	2085	0.875	FALSE	ORF1ab:cds-YP_009725295.1	ACA	T	ACC	T	1484
NC_045512.2	4718	G	T	2084	1860	42	1	1	37	0.000479386	2086	0.87509	FALSE	ORF1ab:cds-YP_009724389.1	GCG	A	TCG	S	1485
NC_045512.2	4718	G	T	2084	1860	42	1	1	37	0.000479386	2086	0.87509	FALSE	ORF1ab:cds-YP_009725295.1	GCG	A	TCG	S	1485
NC_045512.2	4718	G	C	2084	1860	42	1	1	37	0.000479386	2086	0.87509	FALSE	ORF1ab:cds-YP_009724389.1	GCG	A	CCG	P	1485
NC_045512.2	4718	G	C	2084	1860	42	1	1	37	0.000479386	2086	0.87509	FALSE	ORF1ab:cds-YP_009725295.1	GCG	A	CCG	P	1485
NC_045512.2	4720	G	T	1902	1688	42	6	0	37	0.00313972	1911	0.0621566	FALSE	ORF1ab:cds-YP_009724389.1	GCG	A	GCT	A	1485
NC_045512.2	4720	G	T	1902	1688	42	6	0	37	0.00313972	1911	0.0621566	FALSE	ORF1ab:cds-YP_009725295.1	GCG	A	GCT	A	1485
NC_045512.2	4720	G	C	1902	1688	42	1	0	37	0.000523286	1911	0.749147	FALSE	ORF1ab:cds-YP_009724389.1	GCG	A	GCC	A	1485
NC_045512.2	4720	G	C	1902	1688	42	1	0	37	0.000523286	1911	0.749147	FALSE	ORF1ab:cds-YP_009725295.1	GCG	A	GCC	A	1485
NC_045512.2	4720	G	A	1902	1688	42	2	2	55	0.00104657	1911	0.249148	FALSE	ORF1ab:cds-YP_009724389.1	GCG	A	GCA	A	1485
NC_045512.2	4720	G	A	1902	1688	42	2	2	55	0.00104657	1911	0.249148	FALSE	ORF1ab:cds-YP_009725295.1	GCG	A	GCA	A	1485
NC_045512.2	4728	G	T	1731	1592	40	1	1	37	0.000576701	1734	0.749928	FALSE	ORF1ab:cds-YP_009724389.1	GGT	G	GTT	V	1488
NC_045512.2	4728	G	T	1731	1592	40	1	1	37	0.000576701	1734	0.749928	FALSE	ORF1ab:cds-YP_009725295.1	GGT	G	GTT	V	1488
NC_045512.2	4728	G	A	1731	1592	40	2	2	37	0.0011534	1734	0.5	FALSE	ORF1ab:cds-YP_009724389.1	GGT	G	GAT	D	1488
NC_045512.2	4728	G	A	1731	1592	40	2	2	37	0.0011534	1734	0.5	FALSE	ORF1ab:cds-YP_009725295.1	GGT	G	GAT	D	1488
NC_045512.2	4730	T	C	1015	882	42	1	0	48	0.000984252	1016	0.500246	FALSE	ORF1ab:cds-YP_009724389.1	TAT	Y	CAT	H	1489
NC_045512.2	4730	T	C	1015	882	42	1	0	48	0.000984252	1016	0.500246	FALSE	ORF1ab:cds-YP_009725295.1	TAT	Y	CAT	H	1489
NC_045512.2	4734	T	A	964	836	42	1	1	37	0.00103627	965	0.500259	FALSE	ORF1ab:cds-YP_009724389.1	CTT	L	CAT	H	1490
NC_045512.2	4734	T	A	964	836	42	1	1	37	0.00103627	965	0.500259	FALSE	ORF1ab:cds-YP_009725295.1	CTT	L	CAT	H	1490
NC_045512.2	4744	T	C	828	706	43	1	0	74	0.00120627	829	0.500302	FALSE	ORF1ab:cds-YP_009724389.1	TCT	S	TCC	S	1493
NC_045512.2	4744	T	C	828	706	43	1	0	74	0.00120627	829	0.500302	FALSE	ORF1ab:cds-YP_009725295.1	TCT	S	TCC	S	1493
NC_045512.2	4750	A	G	828	706	43	1	1	37	0.00120627	829	0.500302	FALSE	ORF1ab:cds-YP_009724389.1	AAA	K	AAG	K	1495
NC_045512.2	4750	A	G	828	706	43	1	1	37	0.00120627	829	0.500302	FALSE	ORF1ab:cds-YP_009725295.1	AAA	K	AAG	K	1495
NC_045512.2	4751	A	T	834	713	42	1	1	37	0.0011976	835	0.5003	FALSE	ORF1ab:cds-YP_009724389.1	ACA	T	TCA	S	1496
NC_045512.2	4751	A	T	834	713	42	1	1	37	0.0011976	835	0.5003	FALSE	ORF1ab:cds-YP_009725295.1	ACA	T	TCA	S	1496
NC_045512.2	4764	A	-T	1210	694	37	1	0	20	0.000826446	1210	0.999883	FALSE	NA	NA	NA	NA	NA	NA
NC_045512.2	4765	T	A	1207	691	37	1	1	37	0.000827815	1208	0.750104	FALSE	ORF1ab:cds-YP_009724389.1	CAT	H	CAA	Q	1500
NC_045512.2	4765	T	A	1207	691	37	1	1	37	0.000827815	1208	0.750104	FALSE	ORF1ab:cds-YP_009725295.1	CAT	H	CAA	Q	1500
NC_045512.2	4767	T	C	1176	663	37	1	1	37	0.000849618	1177	0.750319	FALSE	ORF1ab:cds-YP_009724389.1	TTT	F	TCT	S	1501
NC_045512.2	4767	T	C	1176	663	37	1	1	37	0.000849618	1177	0.750319	FALSE	ORF1ab:cds-YP_009725295.1	TTT	F	TCT	S	1501
NC_045512.2	4773	A	G	655	70	37	1	0	37	0.00152439	656	0.500381	FALSE	ORF1ab:cds-YP_009724389.1	GAA	E	GGA	G	1503
NC_045512.2	4773	A	G	655	70	37	1	0	37	0.00152439	656	0.500381	FALSE	ORF1ab:cds-YP_009725295.1	GAA	E	GGA	G	1503
NC_045512.2	4776	C	G	791	99	38	1	0	37	0.00126263	792	0.500316	FALSE	ORF1ab:cds-YP_009724389.1	ACC	T	AGC	S	1504
NC_045512.2	4776	C	G	791	99	38	1	0	37	0.00126263	792	0.500316	FALSE	ORF1ab:cds-YP_009725295.1	ACC	T	AGC	S	1504
NC_045512.2	4786	T	G	952	185	40	4	3	34	0.0041841	956	0.0624344	FALSE	ORF1ab:cds-YP_009724389.1	CTT	L	CTG	L	1507
NC_045512.2	4786	T	G	952	185	40	4	3	34	0.0041841	956	0.0624344	FALSE	ORF1ab:cds-YP_009725295.1	CTT	L	CTG	L	1507
NC_045512.2	4787	G	A	999	193	40	1	0	37	0.001	1000	0.750125	FALSE	ORF1ab:cds-YP_009724389.1	GCT	A	ACT	T	1508
NC_045512.2	4787	G	A	999	193	40	1	0	37	0.001	1000	0.750125	FALSE	ORF1ab:cds-YP_009725295.1	GCT	A	ACT	T	1508
NC_045512.2	4788	C	T	993	191	40	1	0	37	0.00100604	994	0.500252	FALSE	ORF1ab:cds-YP_009724389.1	GCT	A	GTT	V	1508
NC_045512.2	4788	C	T	993	191	40	1	0	37	0.00100604	994	0.500252	FALSE	ORF1ab:cds-YP_009725295.1	GCT	A	GTT	V	1508
NC_045512.2	4799	A	G	1142	232	41	1	0	37	0.000874891	1143	0.750328	FALSE	ORF1ab:cds-YP_009724389.1	AAA	K	GAA	E	1512
NC_045512.2	4799	A	G	1142	232	41	1	0	37	0.000874891	1143	0.750328	FALSE	ORF1ab:cds-YP_009725295.1	AAA	K	GAA	E	1512
NC_045512.2	4801	A	G	1167	248	41	1	1	37	0.000856164	1168	0.750321	FALSE	ORF1ab:cds-YP_009724389.1	AAA	K	AAG	K	1512
NC_045512.2	4801	A	G	1167	248	41	1	1	37	0.000856164	1168	0.750321	FALSE	ORF1ab:cds-YP_009725295.1	AAA	K	AAG	K	1512
NC_045512.2	4805	T	A	1248	258	41	1	0	25	0.000800641	1249	0.999882	FALSE	ORF1ab:cds-YP_009724389.1	TGG	W	AGG	R	1514
NC_045512.2	4805	T	A	1248	258	41	1	0	25	0.000800641	1249	0.999882	FALSE	ORF1ab:cds-YP_009725295.1	TGG	W	AGG	R	1514
NC_045512.2	4806	G	T	1262	272	41	1	0	74	0.000791766	1263	0.500198	FALSE	ORF1ab:cds-YP_009724389.1	TGG	W	TTG	L	1514
NC_045512.2	4806	G	T	1262	272	41	1	0	74	0.000791766	1263	0.500198	FALSE	ORF1ab:cds-YP_009725295.1	TGG	W	TTG	L	1514
NC_045512.2	4807	G	T	1612	277	40	1	0	37	0.000619579	1614	0.750078	FALSE	ORF1ab:cds-YP_009724389.1	TGG	W	TGT	C	1514
NC_045512.2	4807	G	T	1612	277	40	1	0	37	0.000619579	1614	0.750078	FALSE	ORF1ab:cds-YP_009725295.1	TGG	W	TGT	C	1514
NC_045512.2	4807	G	A	1612	277	40	1	0	37	0.000619579	1614	0.750078	FALSE	ORF1ab:cds-YP_009724389.1	TGG	W	TGA	*	1514
NC_045512.2	4807	G	A	1612	277	40	1	0	37	0.000619579	1614	0.750078	FALSE	ORF1ab:cds-YP_009725295.1	TGG	W	TGA	*	1514
NC_045512.2	4808	T	C	1630	279	40	1	0	37	0.000613121	1631	0.75023	FALSE	ORF1ab:cds-YP_009724389.1	TCC	S	CCC	P	1515
NC_045512.2	4808	T	C	1630	279	40	1	0	37	0.000613121	1631	0.75023	FALSE	ORF1ab:cds-YP_009725295.1	TCC	S	CCC	P	1515
NC_045512.2	4809	C	T	1620	279	39	1	0	37	0.000616903	1621	0.750231	FALSE	ORF1ab:cds-YP_009724389.1	TCC	S	TTC	F	1515
NC_045512.2	4809	C	T	1620	279	39	1	0	37	0.000616903	1621	0.750231	FALSE	ORF1ab:cds-YP_009725295.1	TCC	S	TTC	F	1515
NC_045512.2	4810	C	A	1599	279	39	1	1	74	0.000625	1600	0.500156	FALSE	ORF1ab:cds-YP_009724389.1	TCC	S	TCA	S	1515
NC_045512.2	4810	C	A	1599	279	39	1	1	74	0.000625	1600	0.500156	FALSE	ORF1ab:cds-YP_009725295.1	TCC	S	TCA	S	1515
NC_045512.2	4813	T	C	1952	290	38	1	0	37	0.000512033	1953	0.750192	FALSE	ORF1ab:cds-YP_009724389.1	TAT	Y	TAC	Y	1516
NC_045512.2	4813	T	C	1952	290	38	1	0	37	0.000512033	1953	0.750192	FALSE	ORF1ab:cds-YP_009725295.1	TAT	Y	TAC	Y	1516
NC_045512.2	4817	G	A	2069	300	40	1	0	37	0.000483092	2070	0.875181	FALSE	ORF1ab:cds-YP_009724389.1	GGA	G	AGA	R	1518
NC_045512.2	4817	G	A	2069	300	40	1	0	37	0.000483092	2070	0.875181	FALSE	ORF1ab:cds-YP_009725295.1	GGA	G	AGA	R	1518
NC_045512.2	4819	A	T	2078	301	40	1	0	74	0.000480769	2080	0.5	FALSE	ORF1ab:cds-YP_009724389.1	GGA	G	GGT	G	1518
NC_045512.2	4819	A	T	2078	301	40	1	0	74	0.000480769	2080	0.5	FALSE	ORF1ab:cds-YP_009725295.1	GGA	G	GGT	G	1518
NC_045512.2	4819	A	G	2078	301	40	1	0	37	0.000480769	2080	0.87509	FALSE	ORF1ab:cds-YP_009724389.1	GGA	G	GGG	G	1518
NC_045512.2	4819	A	G	2078	301	40	1	0	37	0.000480769	2080	0.87509	FALSE	ORF1ab:cds-YP_009725295.1	GGA	G	GGG	G	1518
NC_045512.2	4820	C	T	2083	306	40	1	1	37	0.000479846	2084	0.87518	FALSE	ORF1ab:cds-YP_009724389.1	CAA	Q	TAA	*	1519
NC_045512.2	4820	C	T	2083	306	40	1	1	37	0.000479846	2084	0.87518	FALSE	ORF1ab:cds-YP_009725295.1	CAA	Q	TAA	*	1519
NC_045512.2	4821	A	G	2119	359	41	1	1	37	0.000471698	2120	0.875177	FALSE	ORF1ab:cds-YP_009724389.1	CAA	Q	CGA	R	1519
NC_045512.2	4821	A	G	2119	359	41	1	1	37	0.000471698	2120	0.875177	FALSE	ORF1ab:cds-YP_009725295.1	CAA	Q	CGA	R	1519
NC_045512.2	4822	A	G	2165	363	41	1	0	25	0.000461681	2166	1	FALSE	ORF1ab:cds-YP_009724389.1	CAA	Q	CAG	Q	1519
NC_045512.2	4822	A	G	2165	363	41	1	0	25	0.000461681	2166	1	FALSE	ORF1ab:cds-YP_009725295.1	CAA	Q	CAG	Q	1519
NC_045512.2	4827	C	T	2285	366	41	2	0	55	0.000874508	2287	0.250055	FALSE	ORF1ab:cds-YP_009724389.1	ACA	T	ATA	I	1521
NC_045512.2	4827	C	T	2285	366	41	2	0	55	0.000874508	2287	0.250055	FALSE	ORF1ab:cds-YP_009725295.1	ACA	T	ATA	I	1521
NC_045512.2	4828	A	G	2287	382	41	1	1	37	0.000437063	2288	0.875164	FALSE	ORF1ab:cds-YP_009724389.1	ACA	T	ACG	T	1521
NC_045512.2	4828	A	G	2287	382	41	1	1	37	0.000437063	2288	0.875164	FALSE	ORF1ab:cds-YP_009725295.1	ACA	T	ACG	T	1521
NC_045512.2	4831	A	G	2441	392	41	1	0	37	0.0004095	2442	0.875154	FALSE	ORF1ab:cds-YP_009724389.1	CAA	Q	CAG	Q	1522
NC_045512.2	4831	A	G	2441	392	41	1	0	37	0.0004095	2442	0.875154	FALSE	ORF1ab:cds-YP_009725295.1	CAA	Q	CAG	Q	1522
NC_045512.2	4837	T	C	2665	397	40	1	0	37	0.000375094	2666	0.875141	FALSE	ORF1ab:cds-YP_009724389.1	GGT	G	GGC	G	1524
NC_045512.2	4837	T	C	2665	397	40	1	0	37	0.000375094	2666	0.875141	FALSE	ORF1ab:cds-YP_009725295.1	GGT	G	GGC	G	1524
NC_045512.2	4839	T	C	2688	474	42	1	0	37	0.000371747	2690	0.87507	FALSE	ORF1ab:cds-YP_009724389.1	ATA	I	ACA	T	1525
NC_045512.2	4839	T	C	2688	474	42	1	0	37	0.000371747	2690	0.87507	FALSE	ORF1ab:cds-YP_009725295.1	ATA	I	ACA	T	1525
NC_045512.2	4839	T	A	2688	474	42	1	0	37	0.000371747	2690	0.87507	FALSE	ORF1ab:cds-YP_009724389.1	ATA	I	AAA	K	1525
NC_045512.2	4839	T	A	2688	474	42	1	0	37	0.000371747	2690	0.87507	FALSE	ORF1ab:cds-YP_009725295.1	ATA	I	AAA	K	1525
NC_045512.2	4840	A	G	2709	476	42	1	0	37	0.000369004	2710	0.875138	FALSE	ORF1ab:cds-YP_009724389.1	ATA	I	ATG	M	1525
NC_045512.2	4840	A	G	2709	476	42	1	0	37	0.000369004	2710	0.875138	FALSE	ORF1ab:cds-YP_009725295.1	ATA	I	ATG	M	1525
NC_045512.2	4845	T	C	2644	467	42	4	0	37	0.00151057	2648	0.343839	FALSE	ORF1ab:cds-YP_009724389.1	TTT	F	TCT	S	1527
NC_045512.2	4845	T	C	2644	467	42	4	0	37	0.00151057	2648	0.343839	FALSE	ORF1ab:cds-YP_009725295.1	TTT	F	TCT	S	1527
NC_045512.2	4852	G	A	2662	502	42	1	1	36	0.000375516	2663	0.875141	FALSE	ORF1ab:cds-YP_009724389.1	AAG	K	AAA	K	1529
NC_045512.2	4852	G	A	2662	502	42	1	1	36	0.000375516	2663	0.875141	FALSE	ORF1ab:cds-YP_009725295.1	AAG	K	AAA	K	1529
NC_045512.2	4855	A	G	2567	543	41	1	0	37	0.000389408	2568	0.875146	FALSE	ORF1ab:cds-YP_009724389.1	AGA	R	AGG	R	1530
NC_045512.2	4855	A	G	2567	543	41	1	0	37	0.000389408	2568	0.875146	FALSE	ORF1ab:cds-YP_009725295.1	AGA	R	AGG	R	1530
NC_045512.2	4858	T	C	2642	561	40	1	0	50	0.000378358	2643	0.500095	FALSE	ORF1ab:cds-YP_009724389.1	GGT	G	GGC	G	1531
NC_045512.2	4858	T	C	2642	561	40	1	0	50	0.000378358	2643	0.500095	FALSE	ORF1ab:cds-YP_009725295.1	GGT	G	GGC	G	1531
NC_045512.2	4859	G	A	2675	562	40	1	0	25	0.000373692	2676	1	FALSE	ORF1ab:cds-YP_009724389.1	GAT	D	AAT	N	1532
NC_045512.2	4859	G	A	2675	562	40	1	0	25	0.000373692	2676	1	FALSE	ORF1ab:cds-YP_009725295.1	GAT	D	AAT	N	1532
NC_045512.2	4862	A	G	2658	573	40	1	0	37	0.000376081	2659	0.875141	FALSE	ORF1ab:cds-YP_009724389.1	AAA	K	GAA	E	1533
NC_045512.2	4862	A	G	2658	573	40	1	0	37	0.000376081	2659	0.875141	FALSE	ORF1ab:cds-YP_009725295.1	AAA	K	GAA	E	1533
NC_045512.2	4868	G	T	2770	586	40	43	5	35	0.0152645	2817	2.48606e-11	TRUE	ORF1ab:cds-YP_009724389.1	GTA	V	TTA	L	1535
NC_045512.2	4868	G	T	2770	586	40	43	5	35	0.0152645	2817	2.48606e-11	TRUE	ORF1ab:cds-YP_009725295.1	GTA	V	TTA	L	1535
NC_045512.2	4868	G	A	2770	586	40	4	0	37	0.00141995	2817	0.336646	FALSE	ORF1ab:cds-YP_009724389.1	GTA	V	ATA	I	1535
NC_045512.2	4868	G	A	2770	586	40	4	0	37	0.00141995	2817	0.336646	FALSE	ORF1ab:cds-YP_009725295.1	GTA	V	ATA	I	1535
NC_045512.2	4870	A	G	2961	631	40	1	0	37	0.00033761	2962	0.875127	FALSE	ORF1ab:cds-YP_009724389.1	GTA	V	GTG	V	1535
NC_045512.2	4870	A	G	2961	631	40	1	0	37	0.00033761	2962	0.875127	FALSE	ORF1ab:cds-YP_009725295.1	GTA	V	GTG	V	1535
NC_045512.2	4874	T	C	3064	877	43	1	0	37	0.000326264	3065	0.937602	FALSE	ORF1ab:cds-YP_009724389.1	TAC	Y	CAC	H	1537
NC_045512.2	4874	T	C	3064	877	43	1	0	37	0.000326264	3065	0.937602	FALSE	ORF1ab:cds-YP_009725295.1	TAC	Y	CAC	H	1537
NC_045512.2	4882	T	A	3168	921	43	1	0	25	0.000315557	3169	1	FALSE	ORF1ab:cds-YP_009724389.1	AGT	S	AGA	R	1539
NC_045512.2	4882	T	A	3168	921	43	1	0	25	0.000315557	3169	1	FALSE	ORF1ab:cds-YP_009725295.1	AGT	S	AGA	R	1539
NC_045512.2	4884	A	G	3160	1040	44	2	1	31	0.000632511	3162	0.812698	FALSE	ORF1ab:cds-YP_009724389.1	AAT	N	AGT	S	1540
NC_045512.2	4884	A	G	3160	1040	44	2	1	31	0.000632511	3162	0.812698	FALSE	ORF1ab:cds-YP_009725295.1	AAT	N	AGT	S	1540
NC_045512.2	4886	C	T	3276	1061	44	1	0	37	0.000305157	3277	0.937595	FALSE	ORF1ab:cds-YP_009724389.1	CCT	P	TCT	S	1541
NC_045512.2	4886	C	T	3276	1061	44	1	0	37	0.000305157	3277	0.937595	FALSE	ORF1ab:cds-YP_009725295.1	CCT	P	TCT	S	1541
NC_045512.2	4888	T	C	3216	1027	44	1	0	37	0.000310752	3218	0.937558	FALSE	ORF1ab:cds-YP_009724389.1	CCT	P	CCC	P	1541
NC_045512.2	4888	T	C	3216	1027	44	1	0	37	0.000310752	3218	0.937558	FALSE	ORF1ab:cds-YP_009725295.1	CCT	P	CCC	P	1541
NC_045512.2	4888	T	A	3216	1027	44	1	0	37	0.000310752	3218	0.937558	FALSE	ORF1ab:cds-YP_009724389.1	CCT	P	CCA	P	1541
NC_045512.2	4888	T	A	3216	1027	44	1	0	37	0.000310752	3218	0.937558	FALSE	ORF1ab:cds-YP_009725295.1	CCT	P	CCA	P	1541
NC_045512.2	4890	C	T	3243	1059	45	2	0	37	0.000616333	3245	0.812693	FALSE	ORF1ab:cds-YP_009724389.1	ACC	T	ATC	I	1542
NC_045512.2	4890	C	T	3243	1059	45	2	0	37	0.000616333	3245	0.812693	FALSE	ORF1ab:cds-YP_009725295.1	ACC	T	ATC	I	1542
NC_045512.2	4892	A	G	3266	1084	45	1	1	37	0.000306091	3267	0.937596	FALSE	ORF1ab:cds-YP_009724389.1	ACA	T	GCA	A	1543
NC_045512.2	4892	A	G	3266	1084	45	1	1	37	0.000306091	3267	0.937596	FALSE	ORF1ab:cds-YP_009725295.1	ACA	T	GCA	A	1543
NC_045512.2	4893	C	A	3300	1101	45	1	0	74	0.000302939	3301	0.500076	FALSE	ORF1ab:cds-YP_009724389.1	ACA	T	AAA	K	1543
NC_045512.2	4893	C	A	3300	1101	45	1	0	74	0.000302939	3301	0.500076	FALSE	ORF1ab:cds-YP_009725295.1	ACA	T	AAA	K	1543
NC_045512.2	4896	T	C	3231	1116	45	1	1	37	0.00030931	3233	0.937558	FALSE	ORF1ab:cds-YP_009724389.1	TTC	F	TCC	S	1544
NC_045512.2	4896	T	C	3231	1116	45	1	1	37	0.00030931	3233	0.937558	FALSE	ORF1ab:cds-YP_009725295.1	TTC	F	TCC	S	1544
NC_045512.2	4896	T	A	3231	1116	45	1	0	25	0.00030931	3233	1	FALSE	ORF1ab:cds-YP_009724389.1	TTC	F	TAC	Y	1544
NC_045512.2	4896	T	A	3231	1116	45	1	0	25	0.00030931	3233	1	FALSE	ORF1ab:cds-YP_009725295.1	TTC	F	TAC	Y	1544
NC_045512.2	4899	A	T	3228	1094	45	1	0	25	0.000309693	3229	1	FALSE	ORF1ab:cds-YP_009724389.1	CAC	H	CTC	L	1545
NC_045512.2	4899	A	T	3228	1094	45	1	0	25	0.000309693	3229	1	FALSE	ORF1ab:cds-YP_009725295.1	CAC	H	CTC	L	1545
NC_045512.2	4900	C	T	3312	1256	46	1	0	37	0.00030175	3314	0.937557	FALSE	ORF1ab:cds-YP_009724389.1	CAC	H	CAT	H	1545
NC_045512.2	4900	C	T	3312	1256	46	1	0	37	0.00030175	3314	0.937557	FALSE	ORF1ab:cds-YP_009725295.1	CAC	H	CAT	H	1545
NC_045512.2	4900	C	A	3312	1256	46	1	0	37	0.00030175	3314	0.937557	FALSE	ORF1ab:cds-YP_009724389.1	CAC	H	CAA	Q	1545
NC_045512.2	4900	C	A	3312	1256	46	1	0	37	0.00030175	3314	0.937557	FALSE	ORF1ab:cds-YP_009725295.1	CAC	H	CAA	Q	1545
NC_045512.2	4902	T	C	3280	1256	47	1	0	37	0.000304785	3281	0.937595	FALSE	ORF1ab:cds-YP_009724389.1	CTA	L	CCA	P	1546
NC_045512.2	4902	T	C	3280	1256	47	1	0	37	0.000304785	3281	0.937595	FALSE	ORF1ab:cds-YP_009725295.1	CTA	L	CCA	P	1546
NC_045512.2	4906	T	C	3291	1277	46	1	0	37	0.000303767	3292	0.937595	FALSE	ORF1ab:cds-YP_009724389.1	GAT	D	GAC	D	1547
NC_045512.2	4906	T	C	3291	1277	46	1	0	37	0.000303767	3292	0.937595	FALSE	ORF1ab:cds-YP_009725295.1	GAT	D	GAC	D	1547
NC_045512.2	4907	G	C	3268	1275	46	1	0	37	0.000305904	3269	0.937596	FALSE	ORF1ab:cds-YP_009724389.1	GGT	G	CGT	R	1548
NC_045512.2	4907	G	C	3268	1275	46	1	0	37	0.000305904	3269	0.937596	FALSE	ORF1ab:cds-YP_009725295.1	GGT	G	CGT	R	1548
NC_045512.2	4908	G	A	3128	1366	44	1	0	37	0.000319591	3129	0.9376	FALSE	ORF1ab:cds-YP_009724389.1	GGT	G	GAT	D	1548
NC_045512.2	4908	G	A	3128	1366	44	1	0	37	0.000319591	3129	0.9376	FALSE	ORF1ab:cds-YP_009725295.1	GGT	G	GAT	D	1548
NC_045512.2	4909	T	C	3128	1369	45	1	0	37	0.000319591	3129	0.9376	FALSE	ORF1ab:cds-YP_009724389.1	GGT	G	GGC	G	1548
NC_045512.2	4909	T	C	3128	1369	45	1	0	37	0.000319591	3129	0.9376	FALSE	ORF1ab:cds-YP_009725295.1	GGT	G	GGC	G	1548
NC_045512.2	4918	C	T	3080	1504	42	1	1	37	0.00032457	3081	0.937601	FALSE	ORF1ab:cds-YP_009724389.1	ATC	I	ATT	I	1551
NC_045512.2	4918	C	T	3080	1504	42	1	1	37	0.00032457	3081	0.937601	FALSE	ORF1ab:cds-YP_009725295.1	ATC	I	ATT	I	1551
NC_045512.2	4926	A	T	3052	1634	43	1	0	37	0.000327439	3054	0.937561	FALSE	ORF1ab:cds-YP_009724389.1	GAC	D	GTC	V	1554
NC_045512.2	4926	A	T	3052	1634	43	1	0	37	0.000327439	3054	0.937561	FALSE	ORF1ab:cds-YP_009725295.1	GAC	D	GTC	V	1554
NC_045512.2	4926	A	G	3052	1634	43	1	1	48	0.000327439	3054	0.5	FALSE	ORF1ab:cds-YP_009724389.1	GAC	D	GGC	G	1554
NC_045512.2	4926	A	G	3052	1634	43	1	1	48	0.000327439	3054	0.5	FALSE	ORF1ab:cds-YP_009725295.1	GAC	D	GGC	G	1554
NC_045512.2	4927	C	T	3044	1629	43	1	0	37	0.000328407	3045	0.937603	FALSE	ORF1ab:cds-YP_009724389.1	GAC	D	GAT	D	1554
NC_045512.2	4927	C	T	3044	1629	43	1	0	37	0.000328407	3045	0.937603	FALSE	ORF1ab:cds-YP_009725295.1	GAC	D	GAT	D	1554
NC_045512.2	4928	A	T	3020	1624	43	1	1	25	0.000331016	3021	1	FALSE	ORF1ab:cds-YP_009724389.1	AAT	N	TAT	Y	1555
NC_045512.2	4928	A	T	3020	1624	43	1	1	25	0.000331016	3021	1	FALSE	ORF1ab:cds-YP_009725295.1	AAT	N	TAT	Y	1555
NC_045512.2	4929	A	C	2897	1527	42	2	0	37	0.000689893	2899	0.687694	FALSE	ORF1ab:cds-YP_009724389.1	AAT	N	ACT	T	1555
NC_045512.2	4929	A	C	2897	1527	42	2	0	37	0.000689893	2899	0.687694	FALSE	ORF1ab:cds-YP_009725295.1	AAT	N	ACT	T	1555
NC_045512.2	4930	T	C	3092	1632	42	1	0	37	0.000323311	3093	0.937601	FALSE	ORF1ab:cds-YP_009724389.1	AAT	N	AAC	N	1555
NC_045512.2	4930	T	C	3092	1632	42	1	0	37	0.000323311	3093	0.937601	FALSE	ORF1ab:cds-YP_009725295.1	AAT	N	AAC	N	1555
NC_045512.2	4932	T	G	3095	1684	42	1	0	74	0.000322997	3096	0.500081	FALSE	ORF1ab:cds-YP_009724389.1	CTT	L	CGT	R	1556
NC_045512.2	4932	T	G	3095	1684	42	1	0	74	0.000322997	3096	0.500081	FALSE	ORF1ab:cds-YP_009725295.1	CTT	L	CGT	R	1556
NC_045512.2	4937	A	T	3041	1788	41	1	1	25	0.000328731	3042	1	FALSE	ORF1ab:cds-YP_009724389.1	ACA	T	TCA	S	1558
NC_045512.2	4937	A	T	3041	1788	41	1	1	25	0.000328731	3042	1	FALSE	ORF1ab:cds-YP_009725295.1	ACA	T	TCA	S	1558
NC_045512.2	4938	C	T	3032	1773	42	2	2	55	0.000659196	3034	0.250041	FALSE	ORF1ab:cds-YP_009724389.1	ACA	T	ATA	I	1558
NC_045512.2	4938	C	T	3032	1773	42	2	2	55	0.000659196	3034	0.250041	FALSE	ORF1ab:cds-YP_009725295.1	ACA	T	ATA	I	1558
NC_045512.2	4941	T	C	3009	1801	43	1	0	25	0.000332226	3010	1	FALSE	ORF1ab:cds-YP_009724389.1	CTT	L	CCT	P	1559
NC_045512.2	4941	T	C	3009	1801	43	1	0	25	0.000332226	3010	1	FALSE	ORF1ab:cds-YP_009725295.1	CTT	L	CCT	P	1559
NC_045512.2	4943	C	A	3034	1838	43	1	1	37	0.000329489	3035	0.937603	FALSE	ORF1ab:cds-YP_009724389.1	CTT	L	ATT	I	1560
NC_045512.2	4943	C	A	3034	1838	43	1	1	37	0.000329489	3035	0.937603	FALSE	ORF1ab:cds-YP_009725295.1	CTT	L	ATT	I	1560
NC_045512.2	4947	C	A	3040	1918	43	2	2	25	0.000657462	3042	1	FALSE	ORF1ab:cds-YP_009724389.1	TCT	S	TAT	Y	1561
NC_045512.2	4947	C	A	3040	1918	43	2	2	25	0.000657462	3042	1	FALSE	ORF1ab:cds-YP_009725295.1	TCT	S	TAT	Y	1561
NC_045512.2	4948	T	A	3013	1900	42	1	1	37	0.000331785	3014	0.937604	FALSE	ORF1ab:cds-YP_009724389.1	TCT	S	TCA	S	1561
NC_045512.2	4948	T	A	3013	1900	42	1	1	37	0.000331785	3014	0.937604	FALSE	ORF1ab:cds-YP_009725295.1	TCT	S	TCA	S	1561
NC_045512.2	4951	G	T	3070	1959	44	1	1	37	0.000325627	3071	0.937602	FALSE	ORF1ab:cds-YP_009724389.1	TTG	L	TTT	F	1562
NC_045512.2	4951	G	T	3070	1959	44	1	1	37	0.000325627	3071	0.937602	FALSE	ORF1ab:cds-YP_009725295.1	TTG	L	TTT	F	1562
NC_045512.2	4954	A	G	3096	1997	44	2	2	37	0.000645578	3098	0.812702	FALSE	ORF1ab:cds-YP_009724389.1	AGA	R	AGG	R	1563
NC_045512.2	4954	A	G	3096	1997	44	2	2	37	0.000645578	3098	0.812702	FALSE	ORF1ab:cds-YP_009725295.1	AGA	R	AGG	R	1563
NC_045512.2	4956	A	G	3104	2005	44	1	1	37	0.000322061	3105	0.937601	FALSE	ORF1ab:cds-YP_009724389.1	GAA	E	GGA	G	1564
NC_045512.2	4956	A	G	3104	2005	44	1	1	37	0.000322061	3105	0.937601	FALSE	ORF1ab:cds-YP_009725295.1	GAA	E	GGA	G	1564
NC_045512.2	4957	A	G	3069	2062	43	2	2	37	0.000651254	3071	0.812704	FALSE	ORF1ab:cds-YP_009724389.1	GAA	E	GAG	E	1564
NC_045512.2	4957	A	G	3069	2062	43	2	2	37	0.000651254	3071	0.812704	FALSE	ORF1ab:cds-YP_009725295.1	GAA	E	GAG	E	1564
NC_045512.2	4959	T	C	3099	2084	43	1	1	37	0.000322581	3100	0.937601	FALSE	ORF1ab:cds-YP_009724389.1	GTG	V	GCG	A	1565
NC_045512.2	4959	T	C	3099	2084	43	1	1	37	0.000322581	3100	0.937601	FALSE	ORF1ab:cds-YP_009725295.1	GTG	V	GCG	A	1565
NC_045512.2	4961	A	T	3089	2087	43	1	1	37	0.000323625	3090	0.937601	FALSE	ORF1ab:cds-YP_009724389.1	AGG	R	TGG	W	1566
NC_045512.2	4961	A	T	3089	2087	43	1	1	37	0.000323625	3090	0.937601	FALSE	ORF1ab:cds-YP_009725295.1	AGG	R	TGG	W	1566
NC_045512.2	4966	T	C	3158	2100	42	3	3	37	0.000949067	3161	0.656473	FALSE	ORF1ab:cds-YP_009724389.1	ACT	T	ACC	T	1567
NC_045512.2	4966	T	C	3158	2100	42	3	3	37	0.000949067	3161	0.656473	FALSE	ORF1ab:cds-YP_009725295.1	ACT	T	ACC	T	1567
NC_045512.2	4973	G	A	3115	2237	40	1	0	25	0.000320924	3116	1	FALSE	ORF1ab:cds-YP_009724389.1	GTG	V	ATG	M	1570
NC_045512.2	4973	G	A	3115	2237	40	1	0	25	0.000320924	3116	1	FALSE	ORF1ab:cds-YP_009725295.1	GTG	V	ATG	M	1570
NC_045512.2	4975	G	A	3073	2268	44	1	1	25	0.000325309	3074	1	FALSE	ORF1ab:cds-YP_009724389.1	GTG	V	GTA	V	1570
NC_045512.2	4975	G	A	3073	2268	44	1	1	25	0.000325309	3074	1	FALSE	ORF1ab:cds-YP_009725295.1	GTG	V	GTA	V	1570
NC_045512.2	4978	T	C	2982	2191	43	1	0	74	0.000335233	2983	0.500084	FALSE	ORF1ab:cds-YP_009724389.1	TTT	F	TTC	F	1571
NC_045512.2	4978	T	C	2982	2191	43	1	0	74	0.000335233	2983	0.500084	FALSE	ORF1ab:cds-YP_009725295.1	TTT	F	TTC	F	1571
NC_045512.2	4980	C	T	2954	2272	42	1	1	37	0.000338409	2955	0.875127	FALSE	ORF1ab:cds-YP_009724389.1	ACA	T	ATA	I	1572
NC_045512.2	4980	C	T	2954	2272	42	1	1	37	0.000338409	2955	0.875127	FALSE	ORF1ab:cds-YP_009725295.1	ACA	T	ATA	I	1572
NC_045512.2	4981	A	G	2926	2256	42	1	1	37	0.000341647	2927	0.875128	FALSE	ORF1ab:cds-YP_009724389.1	ACA	T	ACG	T	1572
NC_045512.2	4981	A	G	2926	2256	42	1	1	37	0.000341647	2927	0.875128	FALSE	ORF1ab:cds-YP_009725295.1	ACA	T	ACG	T	1572
NC_045512.2	4982	A	T	2894	2217	42	1	1	37	0.000345423	2895	0.87513	FALSE	ORF1ab:cds-YP_009724389.1	ACA	T	TCA	S	1573
NC_045512.2	4982	A	T	2894	2217	42	1	1	37	0.000345423	2895	0.87513	FALSE	ORF1ab:cds-YP_009725295.1	ACA	T	TCA	S	1573
NC_045512.2	4983	C	T	2923	2249	42	1	0	74	0.000341997	2924	0.500086	FALSE	ORF1ab:cds-YP_009724389.1	ACA	T	ATA	I	1573
NC_045512.2	4983	C	T	2923	2249	42	1	0	74	0.000341997	2924	0.500086	FALSE	ORF1ab:cds-YP_009725295.1	ACA	T	ATA	I	1573
NC_045512.2	4984	A	G	2716	2040	43	1	1	37	0.000368053	2717	0.875138	FALSE	ORF1ab:cds-YP_009724389.1	ACA	T	ACG	T	1573
NC_045512.2	4984	A	G	2716	2040	43	1	1	37	0.000368053	2717	0.875138	FALSE	ORF1ab:cds-YP_009725295.1	ACA	T	ACG	T	1573
NC_045512.2	4990	C	T	2715	2108	42	3	2	49	0.00110335	2719	0.124931	FALSE	ORF1ab:cds-YP_009724389.1	GAC	D	GAT	D	1575
NC_045512.2	4990	C	T	2715	2108	42	3	2	49	0.00110335	2719	0.124931	FALSE	ORF1ab:cds-YP_009725295.1	GAC	D	GAT	D	1575
NC_045512.2	4990	C	G	2715	2108	42	1	1	37	0.000367782	2719	0.874931	FALSE	ORF1ab:cds-YP_009724389.1	GAC	D	GAG	E	1575
NC_045512.2	4990	C	G	2715	2108	42	1	1	37	0.000367782	2719	0.874931	FALSE	ORF1ab:cds-YP_009725295.1	GAC	D	GAG	E	1575
NC_045512.2	4991	A	G	2746	2177	43	3	3	37	0.00109131	2749	0.500171	FALSE	ORF1ab:cds-YP_009724389.1	AAC	N	GAC	D	1576
NC_045512.2	4991	A	G	2746	2177	43	3	3	37	0.00109131	2749	0.500171	FALSE	ORF1ab:cds-YP_009725295.1	AAC	N	GAC	D	1576
NC_045512.2	4998	A	G	2715	2208	44	1	0	22	0.000368189	2716	1	FALSE	ORF1ab:cds-YP_009724389.1	AAC	N	AGC	S	1578
NC_045512.2	4998	A	G	2715	2208	44	1	0	22	0.000368189	2716	1	FALSE	ORF1ab:cds-YP_009725295.1	AAC	N	AGC	S	1578
NC_045512.2	5000	C	A	2740	2240	44	1	1	37	0.00036483	2741	0.875137	FALSE	ORF1ab:cds-YP_009724389.1	CTC	L	ATC	I	1579
NC_045512.2	5000	C	A	2740	2240	44	1	1	37	0.00036483	2741	0.875137	FALSE	ORF1ab:cds-YP_009725295.1	CTC	L	ATC	I	1579
NC_045512.2	5008	G	T	2497	2074	45	1	1	37	0.00039984	2501	0.874925	FALSE	ORF1ab:cds-YP_009724389.1	ACG	T	ACT	T	1581
NC_045512.2	5008	G	T	2497	2074	45	1	1	37	0.00039984	2501	0.874925	FALSE	ORF1ab:cds-YP_009725295.1	ACG	T	ACT	T	1581
NC_045512.2	5008	G	A	2497	2074	45	3	3	37	0.00119952	2501	0.5	FALSE	ORF1ab:cds-YP_009724389.1	ACG	T	ACA	T	1581
NC_045512.2	5008	G	A	2497	2074	45	3	3	37	0.00119952	2501	0.5	FALSE	ORF1ab:cds-YP_009725295.1	ACG	T	ACA	T	1581
NC_045512.2	5015	G	A	2463	2126	43	1	1	37	0.000405844	2464	0.875152	FALSE	ORF1ab:cds-YP_009724389.1	GTG	V	ATG	M	1584
NC_045512.2	5015	G	A	2463	2126	43	1	1	37	0.000405844	2464	0.875152	FALSE	ORF1ab:cds-YP_009725295.1	GTG	V	ATG	M	1584
NC_045512.2	5016	T	C	2417	2081	43	3	2	49	0.00123967	2420	0.125	FALSE	ORF1ab:cds-YP_009724389.1	GTG	V	GCG	A	1584
NC_045512.2	5016	T	C	2417	2081	43	3	2	49	0.00123967	2420	0.125	FALSE	ORF1ab:cds-YP_009725295.1	GTG	V	GCG	A	1584
NC_045512.2	5025	C	T	2137	1823	43	1	1	37	0.000467727	2138	0.875175	FALSE	ORF1ab:cds-YP_009724389.1	TCA	S	TTA	L	1587
NC_045512.2	5025	C	T	2137	1823	43	1	1	37	0.000467727	2138	0.875175	FALSE	ORF1ab:cds-YP_009725295.1	TCA	S	TTA	L	1587
NC_045512.2	5026	A	G	2121	1812	43	1	1	74	0.000471254	2122	0.500118	FALSE	ORF1ab:cds-YP_009724389.1	TCA	S	TCG	S	1587
NC_045512.2	5026	A	G	2121	1812	43	1	1	74	0.000471254	2122	0.500118	FALSE	ORF1ab:cds-YP_009725295.1	TCA	S	TCG	S	1587
NC_045512.2	5030	A	G	2109	1814	43	1	1	25	0.000473934	2110	1	FALSE	ORF1ab:cds-YP_009724389.1	ACA	T	GCA	A	1589
NC_045512.2	5030	A	G	2109	1814	43	1	1	25	0.000473934	2110	1	FALSE	ORF1ab:cds-YP_009725295.1	ACA	T	GCA	A	1589
NC_045512.2	5031	C	T	2043	1792	42	1	1	37	0.000489237	2044	0.875183	FALSE	ORF1ab:cds-YP_009724389.1	ACA	T	ATA	I	1589
NC_045512.2	5031	C	T	2043	1792	42	1	1	37	0.000489237	2044	0.875183	FALSE	ORF1ab:cds-YP_009725295.1	ACA	T	ATA	I	1589
NC_045512.2	5032	A	G	2008	1760	42	1	1	37	0.00049776	2009	0.875187	FALSE	ORF1ab:cds-YP_009724389.1	ACA	T	ACG	T	1589
NC_045512.2	5032	A	G	2008	1760	42	1	1	37	0.00049776	2009	0.875187	FALSE	ORF1ab:cds-YP_009725295.1	ACA	T	ACG	T	1589
NC_045512.2	5033	T	C	2007	1759	42	1	1	37	0.000498008	2008	0.875187	FALSE	ORF1ab:cds-YP_009724389.1	TAT	Y	CAT	H	1590
NC_045512.2	5033	T	C	2007	1759	42	1	1	37	0.000498008	2008	0.875187	FALSE	ORF1ab:cds-YP_009725295.1	TAT	Y	CAT	H	1590
NC_045512.2	5042	C	T	1773	1539	42	1	1	37	0.000563698	1774	0.750211	FALSE	ORF1ab:cds-YP_009724389.1	CAG	Q	TAG	*	1593
NC_045512.2	5042	C	T	1773	1539	42	1	1	37	0.000563698	1774	0.750211	FALSE	ORF1ab:cds-YP_009725295.1	CAG	Q	TAG	*	1593
NC_045512.2	5050	T	C	1578	1344	43	1	1	37	0.000633312	1579	0.750238	FALSE	ORF1ab:cds-YP_009724389.1	GGT	G	GGC	G	1595
NC_045512.2	5050	T	C	1578	1344	43	1	1	37	0.000633312	1579	0.750238	FALSE	ORF1ab:cds-YP_009725295.1	GGT	G	GGC	G	1595
NC_045512.2	5067	G	A	1303	1185	40	1	0	37	0.000766871	1304	0.750288	FALSE	ORF1ab:cds-YP_009724389.1	GGA	G	GAA	E	1601
NC_045512.2	5067	G	A	1303	1185	40	1	0	37	0.000766871	1304	0.750288	FALSE	ORF1ab:cds-YP_009725295.1	GGA	G	GAA	E	1601
NC_045512.2	5070	C	T	1293	1186	39	3	3	37	0.00231481	1296	0.312645	FALSE	ORF1ab:cds-YP_009724389.1	GCT	A	GTT	V	1602
NC_045512.2	5070	C	T	1293	1186	39	3	3	37	0.00231481	1296	0.312645	FALSE	ORF1ab:cds-YP_009725295.1	GCT	A	GTT	V	1602
NC_045512.2	5071	T	C	1227	1121	39	1	1	37	0.000814332	1228	0.750305	FALSE	ORF1ab:cds-YP_009724389.1	GCT	A	GCC	A	1602
NC_045512.2	5071	T	C	1227	1121	39	1	1	37	0.000814332	1228	0.750305	FALSE	ORF1ab:cds-YP_009725295.1	GCT	A	GCC	A	1602
NC_045512.2	5074	T	C	1221	1123	39	1	1	37	0.000818331	1222	0.750307	FALSE	ORF1ab:cds-YP_009724389.1	GAT	D	GAC	D	1603
NC_045512.2	5074	T	C	1221	1123	39	1	1	37	0.000818331	1222	0.750307	FALSE	ORF1ab:cds-YP_009725295.1	GAT	D	GAC	D	1603
NC_045512.2	5075	G	A	1216	1118	39	1	1	37	0.000821693	1217	0.750308	FALSE	ORF1ab:cds-YP_009724389.1	GTT	V	ATT	I	1604
NC_045512.2	5075	G	A	1216	1118	39	1	1	37	0.000821693	1217	0.750308	FALSE	ORF1ab:cds-YP_009725295.1	GTT	V	ATT	I	1604
NC_045512.2	5077	T	C	652	599	39	1	1	37	0.00153139	653	0.500383	FALSE	ORF1ab:cds-YP_009724389.1	GTT	V	GTC	V	1604
NC_045512.2	5077	T	C	652	599	39	1	1	37	0.00153139	653	0.500383	FALSE	ORF1ab:cds-YP_009725295.1	GTT	V	GTC	V	1604
NC_045512.2	5080	T	C	646	593	39	1	1	37	0.0015456	647	0.500387	FALSE	ORF1ab:cds-YP_009724389.1	ACT	T	ACC	T	1605
NC_045512.2	5080	T	C	646	593	39	1	1	37	0.0015456	647	0.500387	FALSE	ORF1ab:cds-YP_009725295.1	ACT	T	ACC	T	1605
NC_045512.2	5377	T	C	438	8	36	1	0	37	0.0022779	439	0.50057	FALSE	ORF1ab:cds-YP_009724389.1	GCT	A	GCC	A	1704
NC_045512.2	5377	T	C	438	8	36	1	0	37	0.0022779	439	0.50057	FALSE	ORF1ab:cds-YP_009725295.1	GCT	A	GCC	A	1704
NC_045512.2	5386	T	C	479	10	37	1	0	37	0.00208333	480	0.500521	FALSE	ORF1ab:cds-YP_009724389.1	GCT	A	GCC	A	1707
NC_045512.2	5386	T	C	479	10	37	1	0	37	0.00208333	480	0.500521	FALSE	ORF1ab:cds-YP_009725295.1	GCT	A	GCC	A	1707
NC_045512.2	5387	G	A	496	13	37	1	0	37	0.00201207	497	0.500504	FALSE	ORF1ab:cds-YP_009724389.1	GCT	A	ACT	T	1708
NC_045512.2	5387	G	A	496	13	37	1	0	37	0.00201207	497	0.500504	FALSE	ORF1ab:cds-YP_009725295.1	GCT	A	ACT	T	1708
NC_045512.2	5399	G	C	557	21	38	1	0	37	0.00179211	558	0.500448	FALSE	ORF1ab:cds-YP_009724389.1	GCA	A	CCA	P	1712
NC_045512.2	5399	G	C	557	21	38	1	0	37	0.00179211	558	0.500448	FALSE	ORF1ab:cds-YP_009725295.1	GCA	A	CCA	P	1712
NC_045512.2	5408	T	A	632	26	38	1	0	37	0.00157978	633	0.500395	FALSE	ORF1ab:cds-YP_009724389.1	TTA	L	ATA	I	1715
NC_045512.2	5408	T	A	632	26	38	1	0	37	0.00157978	633	0.500395	FALSE	ORF1ab:cds-YP_009725295.1	TTA	L	ATA	I	1715
NC_045512.2	5411	G	A	638	27	38	1	0	37	0.00156495	639	0.500392	FALSE	ORF1ab:cds-YP_009724389.1	GCC	A	ACC	T	1716
NC_045512.2	5411	G	A	638	27	38	1	0	37	0.00156495	639	0.500392	FALSE	ORF1ab:cds-YP_009725295.1	GCC	A	ACC	T	1716
NC_045512.2	5426	A	G	785	66	41	2	2	37	0.0025413	787	0.250159	FALSE	ORF1ab:cds-YP_009724389.1	ACA	T	GCA	A	1721
NC_045512.2	5426	A	G	785	66	41	2	2	37	0.0025413	787	0.250159	FALSE	ORF1ab:cds-YP_009725295.1	ACA	T	GCA	A	1721
NC_045512.2	5429	G	A	847	72	41	1	0	25	0.00117925	848	0.998098	FALSE	ORF1ab:cds-YP_009724389.1	GTA	V	ATA	I	1722
NC_045512.2	5429	G	A	847	72	41	1	0	25	0.00117925	848	0.998098	FALSE	ORF1ab:cds-YP_009725295.1	GTA	V	ATA	I	1722
NC_045512.2	5429	G	-T	847	72	41	1	0	20	0.00117925	848	0.998098	FALSE	NA	NA	NA	NA	NA	NA
NC_045512.2	5444	G	A	911	82	41	1	0	37	0.00109649	912	0.500274	FALSE	ORF1ab:cds-YP_009724389.1	GAT	D	AAT	N	1727
NC_045512.2	5444	G	A	911	82	41	1	0	37	0.00109649	912	0.500274	FALSE	ORF1ab:cds-YP_009725295.1	GAT	D	AAT	N	1727
NC_045512.2	5445	A	G	921	85	42	1	0	37	0.0010846	922	0.500271	FALSE	ORF1ab:cds-YP_009724389.1	GAT	D	GGT	G	1727
NC_045512.2	5445	A	G	921	85	42	1	0	37	0.0010846	922	0.500271	FALSE	ORF1ab:cds-YP_009725295.1	GAT	D	GGT	G	1727
NC_045512.2	5450	A	G	927	96	42	1	0	37	0.00107759	928	0.50027	FALSE	ORF1ab:cds-YP_009724389.1	AGA	R	GGA	G	1729
NC_045512.2	5450	A	G	927	96	42	1	0	37	0.00107759	928	0.50027	FALSE	ORF1ab:cds-YP_009725295.1	AGA	R	GGA	G	1729
NC_045512.2	5456	A	G	926	170	46	1	1	37	0.00107875	927	0.50027	FALSE	ORF1ab:cds-YP_009724389.1	ACA	T	GCA	A	1731
NC_045512.2	5456	A	G	926	170	46	1	1	37	0.00107875	927	0.50027	FALSE	ORF1ab:cds-YP_009725295.1	ACA	T	GCA	A	1731
NC_045512.2	5462	A	G	821	231	44	1	1	37	0.00121655	822	0.500304	FALSE	ORF1ab:cds-YP_009724389.1	AGT	S	GGT	G	1733
NC_045512.2	5462	A	G	821	231	44	1	1	37	0.00121655	822	0.500304	FALSE	ORF1ab:cds-YP_009725295.1	AGT	S	GGT	G	1733
NC_045512.2	5480	G	A	803	378	44	2	0	37	0.00248447	805	0.250155	FALSE	ORF1ab:cds-YP_009724389.1	GCC	A	ACC	T	1739
NC_045512.2	5480	G	A	803	378	44	2	0	37	0.00248447	805	0.250155	FALSE	ORF1ab:cds-YP_009725295.1	GCC	A	ACC	T	1739
NC_045512.2	5481	C	T	807	376	44	1	0	37	0.00123762	808	0.50031	FALSE	ORF1ab:cds-YP_009724389.1	GCC	A	GTC	V	1739
NC_045512.2	5481	C	T	807	376	44	1	0	37	0.00123762	808	0.50031	FALSE	ORF1ab:cds-YP_009725295.1	GCC	A	GTC	V	1739
NC_045512.2	5483	A	G	808	377	44	1	1	37	0.00123609	809	0.500309	FALSE	ORF1ab:cds-YP_009724389.1	AAT	N	GAT	D	1740
NC_045512.2	5483	A	G	808	377	44	1	1	37	0.00123609	809	0.500309	FALSE	ORF1ab:cds-YP_009725295.1	AAT	N	GAT	D	1740
NC_045512.2	5491	T	A	807	386	43	1	1	37	0.00123762	808	0.50031	FALSE	ORF1ab:cds-YP_009724389.1	GAT	D	GAA	E	1742
NC_045512.2	5491	T	A	807	386	43	1	1	37	0.00123762	808	0.50031	FALSE	ORF1ab:cds-YP_009725295.1	GAT	D	GAA	E	1742
NC_045512.2	5502	G	A	789	419	43	1	1	37	0.00126582	790	0.500317	FALSE	ORF1ab:cds-YP_009724389.1	AGA	R	AAA	K	1746
NC_045512.2	5502	G	A	789	419	43	1	1	37	0.00126582	790	0.500317	FALSE	ORF1ab:cds-YP_009725295.1	AGA	R	AAA	K	1746
NC_045512.2	5506	C	T	794	426	41	2	2	37	0.00251256	796	0.250157	FALSE	ORF1ab:cds-YP_009724389.1	GTC	V	GTT	V	1747
NC_045512.2	5506	C	T	794	426	41	2	2	37	0.00251256	796	0.250157	FALSE	ORF1ab:cds-YP_009725295.1	GTC	V	GTT	V	1747
NC_045512.2	5509	G	A	807	447	42	1	1	37	0.00123762	808	0.50031	FALSE	ORF1ab:cds-YP_009724389.1	TTG	L	TTA	L	1748
NC_045512.2	5509	G	A	807	447	42	1	1	37	0.00123762	808	0.50031	FALSE	ORF1ab:cds-YP_009725295.1	TTG	L	TTA	L	1748
NC_045512.2	5513	G	C	765	425	41	1	0	37	0.00130548	766	0.500327	FALSE	ORF1ab:cds-YP_009724389.1	GTG	V	CTG	L	1750
NC_045512.2	5513	G	C	765	425	41	1	0	37	0.00130548	766	0.500327	FALSE	ORF1ab:cds-YP_009725295.1	GTG	V	CTG	L	1750
NC_045512.2	5516	G	A	766	428	41	1	0	37	0.00130378	767	0.500326	FALSE	ORF1ab:cds-YP_009724389.1	GTG	V	ATG	M	1751
NC_045512.2	5516	G	A	766	428	41	1	0	37	0.00130378	767	0.500326	FALSE	ORF1ab:cds-YP_009725295.1	GTG	V	ATG	M	1751
NC_045512.2	5518	G	A	826	439	41	1	0	37	0.00120919	827	0.500302	FALSE	ORF1ab:cds-YP_009724389.1	GTG	V	GTA	V	1751
NC_045512.2	5518	G	A	826	439	41	1	0	37	0.00120919	827	0.500302	FALSE	ORF1ab:cds-YP_009725295.1	GTG	V	GTA	V	1751
NC_045512.2	5525	A	C	787	488	39	1	1	37	0.00126904	788	0.500317	FALSE	ORF1ab:cds-YP_009724389.1	ACT	T	CCT	P	1754
NC_045512.2	5525	A	C	787	488	39	1	1	37	0.00126904	788	0.500317	FALSE	ORF1ab:cds-YP_009725295.1	ACT	T	CCT	P	1754
NC_045512.2	5527	T	C	739	444	40	2	0	37	0.00269906	741	0.250169	FALSE	ORF1ab:cds-YP_009724389.1	ACT	T	ACC	T	1754
NC_045512.2	5527	T	C	739	444	40	2	0	37	0.00269906	741	0.250169	FALSE	ORF1ab:cds-YP_009725295.1	ACT	T	ACC	T	1754
NC_045512.2	5534	C	T	768	513	40	1	0	37	0.00130039	769	0.500325	FALSE	ORF1ab:cds-YP_009724389.1	CAA	Q	TAA	*	1757
NC_045512.2	5534	C	T	768	513	40	1	0	37	0.00130039	769	0.500325	FALSE	ORF1ab:cds-YP_009725295.1	CAA	Q	TAA	*	1757
NC_045512.2	5537	C	T	762	517	39	1	0	37	0.00131062	763	0.500328	FALSE	ORF1ab:cds-YP_009724389.1	CAG	Q	TAG	*	1758
NC_045512.2	5537	C	T	762	517	39	1	0	37	0.00131062	763	0.500328	FALSE	ORF1ab:cds-YP_009725295.1	CAG	Q	TAG	*	1758
NC_045512.2	5538	A	G	754	520	39	2	0	37	0.0026455	756	0.250165	FALSE	ORF1ab:cds-YP_009724389.1	CAG	Q	CGG	R	1758
NC_045512.2	5538	A	G	754	520	39	2	0	37	0.0026455	756	0.250165	FALSE	ORF1ab:cds-YP_009725295.1	CAG	Q	CGG	R	1758
NC_045512.2	5539	G	A	760	522	39	3	2	37	0.00393185	763	0.125	FALSE	ORF1ab:cds-YP_009724389.1	CAG	Q	CAA	Q	1758
NC_045512.2	5539	G	A	760	522	39	3	2	37	0.00393185	763	0.125	FALSE	ORF1ab:cds-YP_009725295.1	CAG	Q	CAA	Q	1758
NC_045512.2	5543	A	G	765	534	39	1	1	25	0.00130548	766	0.996185	FALSE	ORF1ab:cds-YP_009724389.1	ACA	T	GCA	A	1760
NC_045512.2	5543	A	G	765	534	39	1	1	25	0.00130548	766	0.996185	FALSE	ORF1ab:cds-YP_009725295.1	ACA	T	GCA	A	1760
NC_045512.2	5544	C	T	768	535	39	1	1	37	0.00130039	769	0.500325	FALSE	ORF1ab:cds-YP_009724389.1	ACA	T	ATA	I	1760
NC_045512.2	5544	C	T	768	535	39	1	1	37	0.00130039	769	0.500325	FALSE	ORF1ab:cds-YP_009725295.1	ACA	T	ATA	I	1760
NC_045512.2	5546	A	G	762	519	38	1	1	37	0.00131062	763	0.500328	FALSE	ORF1ab:cds-YP_009724389.1	ACC	T	GCC	A	1761
NC_045512.2	5546	A	G	762	519	38	1	1	37	0.00131062	763	0.500328	FALSE	ORF1ab:cds-YP_009725295.1	ACC	T	GCC	A	1761
NC_045512.2	5557	T	C	704	379	38	1	0	37	0.00141844	705	0.500355	FALSE	ORF1ab:cds-YP_009724389.1	GGT	G	GGC	G	1764
NC_045512.2	5557	T	C	704	379	38	1	0	37	0.00141844	705	0.500355	FALSE	ORF1ab:cds-YP_009725295.1	GGT	G	GGC	G	1764
NC_045512.2	5563	A	G	703	404	38	1	1	50	0.00142045	704	0.500355	FALSE	ORF1ab:cds-YP_009724389.1	GAA	E	GAG	E	1766
NC_045512.2	5563	A	G	703	404	38	1	1	50	0.00142045	704	0.500355	FALSE	ORF1ab:cds-YP_009725295.1	GAA	E	GAG	E	1766
NC_045512.2	5567	G	T	739	403	39	1	0	37	0.00135135	740	0.500338	FALSE	ORF1ab:cds-YP_009724389.1	GTT	V	TTT	F	1768
NC_045512.2	5567	G	T	739	403	39	1	0	37	0.00135135	740	0.500338	FALSE	ORF1ab:cds-YP_009725295.1	GTT	V	TTT	F	1768
NC_045512.2	5567	G	-T	739	403	39	1	0	20	0.00135135	740	0.996188	FALSE	NA	NA	NA	NA	NA	NA
NC_045512.2	5580	G	C	681	344	40	1	0	74	0.00146628	682	0.500367	FALSE	ORF1ab:cds-YP_009724389.1	GGC	G	GCC	A	1772
NC_045512.2	5580	G	C	681	344	40	1	0	74	0.00146628	682	0.500367	FALSE	ORF1ab:cds-YP_009725295.1	GGC	G	GCC	A	1772
NC_045512.2	5590	T	G	670	343	40	1	0	25	0.00149031	671	0.99235	FALSE	ORF1ab:cds-YP_009724389.1	TCT	S	TCG	S	1775
NC_045512.2	5590	T	G	670	343	40	1	0	25	0.00149031	671	0.99235	FALSE	ORF1ab:cds-YP_009725295.1	TCT	S	TCG	S	1775
NC_045512.2	5607	A	C	694	409	42	1	1	37	0.00143885	695	0.50036	FALSE	ORF1ab:cds-YP_009724389.1	AAA	K	ACA	T	1781
NC_045512.2	5607	A	C	694	409	42	1	1	37	0.00143885	695	0.50036	FALSE	ORF1ab:cds-YP_009725295.1	AAA	K	ACA	T	1781
NC_045512.2	5609	G	T	683	403	43	1	0	37	0.00146199	684	0.500366	FALSE	ORF1ab:cds-YP_009724389.1	GGT	G	TGT	C	1782
NC_045512.2	5609	G	T	683	403	43	1	0	37	0.00146199	684	0.500366	FALSE	ORF1ab:cds-YP_009725295.1	GGT	G	TGT	C	1782
NC_045512.2	5610	G	A	692	406	43	1	1	37	0.001443	693	0.500361	FALSE	ORF1ab:cds-YP_009724389.1	GGT	G	GAT	D	1782
NC_045512.2	5610	G	A	692	406	43	1	1	37	0.001443	693	0.500361	FALSE	ORF1ab:cds-YP_009725295.1	GGT	G	GAT	D	1782
NC_045512.2	5631	G	T	750	570	49	1	1	25	0.00133156	751	0.996187	FALSE	ORF1ab:cds-YP_009724389.1	TGT	C	TTT	F	1789
NC_045512.2	5631	G	T	750	570	49	1	1	25	0.00133156	751	0.996187	FALSE	ORF1ab:cds-YP_009725295.1	TGT	C	TTT	F	1789
NC_045512.2	5647	A	G	719	588	47	1	1	37	0.00138889	720	0.500347	FALSE	ORF1ab:cds-YP_009724389.1	ACA	T	ACG	T	1794
NC_045512.2	5647	A	G	719	588	47	1	1	37	0.00138889	720	0.500347	FALSE	ORF1ab:cds-YP_009725295.1	ACA	T	ACG	T	1794
NC_045512.2	5660	C	T	694	620	42	1	1	37	0.00143885	695	0.50036	FALSE	ORF1ab:cds-YP_009724389.1	CAA	Q	TAA	*	1799
NC_045512.2	5660	C	T	694	620	42	1	1	37	0.00143885	695	0.50036	FALSE	ORF1ab:cds-YP_009725295.1	CAA	Q	TAA	*	1799
NC_045512.2	5674	T	A	580	540	39	1	1	37	0.00172117	581	0.500431	FALSE	ORF1ab:cds-YP_009724389.1	CCT	P	CCA	P	1803
NC_045512.2	5674	T	A	580	540	39	1	1	37	0.00172117	581	0.500431	FALSE	ORF1ab:cds-YP_009725295.1	CCT	P	CCA	P	1803
NC_045512.2	5681	A	T	564	528	39	1	1	20	0.00176991	565	0.984664	FALSE	ORF1ab:cds-YP_009724389.1	ATG	M	TTG	L	1806
NC_045512.2	5681	A	T	564	528	39	1	1	20	0.00176991	565	0.984664	FALSE	ORF1ab:cds-YP_009725295.1	ATG	M	TTG	L	1806
NC_045512.2	5691	C	T	512	486	39	3	3	33	0.00582524	515	0.125	FALSE	ORF1ab:cds-YP_009724389.1	GCA	A	GTA	V	1809
NC_045512.2	5691	C	T	512	486	39	3	3	33	0.00582524	515	0.125	FALSE	ORF1ab:cds-YP_009725295.1	GCA	A	GTA	V	1809
NC_045512.2	5699	G	A	470	448	39	4	4	37	0.00843882	474	0.0623674	FALSE	ORF1ab:cds-YP_009724389.1	GCT	A	ACT	T	1812
NC_045512.2	5699	G	A	470	448	39	4	4	37	0.00843882	474	0.0623674	FALSE	ORF1ab:cds-YP_009725295.1	GCT	A	ACT	T	1812
NC_045512.2	5703	A	G	1004	452	37	8	8	37	0.00790514	1012	0.0193921	FALSE	ORF1ab:cds-YP_009724389.1	CAG	Q	CGG	R	1813
NC_045512.2	5703	A	G	1004	452	37	8	8	37	0.00790514	1012	0.0193921	FALSE	ORF1ab:cds-YP_009725295.1	CAG	Q	CGG	R	1813
NC_045512.2	5704	G	A	1444	460	37	3	0	37	0.00207326	1447	0.31263	FALSE	ORF1ab:cds-YP_009724389.1	CAG	Q	CAA	Q	1813
NC_045512.2	5704	G	A	1444	460	37	3	0	37	0.00207326	1447	0.31263	FALSE	ORF1ab:cds-YP_009725295.1	CAG	Q	CAA	Q	1813
NC_045512.2	5706	A	T	1448	444	37	1	1	25	0.000690131	1449	0.999971	FALSE	ORF1ab:cds-YP_009724389.1	TAT	Y	TTT	F	1814
NC_045512.2	5706	A	T	1448	444	37	1	1	25	0.000690131	1449	0.999971	FALSE	ORF1ab:cds-YP_009725295.1	TAT	Y	TTT	F	1814
NC_045512.2	5709	A	G	1520	432	38	1	0	25	0.000657462	1521	0.999985	FALSE	ORF1ab:cds-YP_009724389.1	GAA	E	GGA	G	1815
NC_045512.2	5709	A	G	1520	432	38	1	0	25	0.000657462	1521	0.999985	FALSE	ORF1ab:cds-YP_009725295.1	GAA	E	GGA	G	1815
NC_045512.2	5715	A	G	1225	74	38	2	1	37	0.00162999	1227	0.500306	FALSE	ORF1ab:cds-YP_009724389.1	AAG	K	AGG	R	1817
NC_045512.2	5715	A	G	1225	74	38	2	1	37	0.00162999	1227	0.500306	FALSE	ORF1ab:cds-YP_009725295.1	AAG	K	AGG	R	1817
NC_045512.2	5717	C	T	1355	76	38	1	0	37	0.000737463	1356	0.750277	FALSE	ORF1ab:cds-YP_009724389.1	CAT	H	TAT	Y	1818
NC_045512.2	5717	C	T	1355	76	38	1	0	37	0.000737463	1356	0.750277	FALSE	ORF1ab:cds-YP_009725295.1	CAT	H	TAT	Y	1818
NC_045512.2	5720	G	A	953	61	39	421	20	37	0.306405	1374	1.40632e-141	TRUE	ORF1ab:cds-YP_009724389.1	GGT	G	AGT	S	1819
NC_045512.2	5720	G	A	953	61	39	421	20	37	0.306405	1374	1.40632e-141	TRUE	ORF1ab:cds-YP_009725295.1	GGT	G	AGT	S	1819
NC_045512.2	5722	T	G	1479	127	40	1	1	37	0.000675676	1480	0.750253	FALSE	ORF1ab:cds-YP_009724389.1	GGT	G	GGG	G	1819
NC_045512.2	5722	T	G	1479	127	40	1	1	37	0.000675676	1480	0.750253	FALSE	ORF1ab:cds-YP_009725295.1	GGT	G	GGG	G	1819
NC_045512.2	5724	C	T	1515	136	40	1	0	37	0.000659631	1516	0.750247	FALSE	ORF1ab:cds-YP_009724389.1	ACA	T	ATA	I	1820
NC_045512.2	5724	C	T	1515	136	40	1	0	37	0.000659631	1516	0.750247	FALSE	ORF1ab:cds-YP_009725295.1	ACA	T	ATA	I	1820
NC_045512.2	5729	A	G	1562	136	40	1	1	22	0.000639795	1563	0.999985	FALSE	ORF1ab:cds-YP_009724389.1	ACT	T	GCT	A	1822
NC_045512.2	5729	A	G	1562	136	40	1	1	22	0.000639795	1563	0.999985	FALSE	ORF1ab:cds-YP_009725295.1	ACT	T	GCT	A	1822
NC_045512.2	5732	T	C	1565	143	41	1	0	25	0.00063857	1566	0.999985	FALSE	ORF1ab:cds-YP_009724389.1	TGT	C	CGT	R	1823
NC_045512.2	5732	T	C	1565	143	41	1	0	25	0.00063857	1566	0.999985	FALSE	ORF1ab:cds-YP_009725295.1	TGT	C	CGT	R	1823
NC_045512.2	5735	G	A	1689	145	40	1	0	74	0.000591716	1690	0.500148	FALSE	ORF1ab:cds-YP_009724389.1	GCT	A	ACT	T	1824
NC_045512.2	5735	G	A	1689	145	40	1	0	74	0.000591716	1690	0.500148	FALSE	ORF1ab:cds-YP_009725295.1	GCT	A	ACT	T	1824
NC_045512.2	5736	C	A	1693	144	40	1	0	37	0.000590319	1694	0.750221	FALSE	ORF1ab:cds-YP_009724389.1	GCT	A	GAT	D	1824
NC_045512.2	5736	C	A	1693	144	40	1	0	37	0.000590319	1694	0.750221	FALSE	ORF1ab:cds-YP_009725295.1	GCT	A	GAT	D	1824
NC_045512.2	5737	T	C	1698	146	40	1	0	37	0.000588582	1699	0.750221	FALSE	ORF1ab:cds-YP_009724389.1	GCT	A	GCC	A	1824
NC_045512.2	5737	T	C	1698	146	40	1	0	37	0.000588582	1699	0.750221	FALSE	ORF1ab:cds-YP_009725295.1	GCT	A	GCC	A	1824
NC_045512.2	5743	G	C	1978	187	41	3	0	37	0.00151362	1982	0.312405	FALSE	ORF1ab:cds-YP_009724389.1	GAG	E	GAC	D	1826
NC_045512.2	5743	G	C	1978	187	41	3	0	37	0.00151362	1982	0.312405	FALSE	ORF1ab:cds-YP_009725295.1	GAG	E	GAC	D	1826
NC_045512.2	5743	G	A	1978	187	41	1	0	37	0.000504541	1982	0.749811	FALSE	ORF1ab:cds-YP_009724389.1	GAG	E	GAA	E	1826
NC_045512.2	5743	G	A	1978	187	41	1	0	37	0.000504541	1982	0.749811	FALSE	ORF1ab:cds-YP_009725295.1	GAG	E	GAA	E	1826
NC_045512.2	5744	T	C	1985	190	41	2	0	31	0.00100654	1987	0.500189	FALSE	ORF1ab:cds-YP_009724389.1	TAC	Y	CAC	H	1827
NC_045512.2	5744	T	C	1985	190	41	2	0	31	0.00100654	1987	0.500189	FALSE	ORF1ab:cds-YP_009725295.1	TAC	Y	CAC	H	1827
NC_045512.2	5749	T	A	2032	254	43	1	1	37	0.000491884	2033	0.875184	FALSE	ORF1ab:cds-YP_009724389.1	ACT	T	ACA	T	1828
NC_045512.2	5749	T	A	2032	254	43	1	1	37	0.000491884	2033	0.875184	FALSE	ORF1ab:cds-YP_009725295.1	ACT	T	ACA	T	1828
NC_045512.2	5749	T	-G	2032	254	43	1	0	20	0.000491884	2033	1	FALSE	NA	NA	NA	NA	NA	NA
NC_045512.2	5751	G	A	2404	263	42	1	0	37	0.0004158	2405	0.875156	FALSE	ORF1ab:cds-YP_009724389.1	GGT	G	GAT	D	1829
NC_045512.2	5751	G	A	2404	263	42	1	0	37	0.0004158	2405	0.875156	FALSE	ORF1ab:cds-YP_009725295.1	GGT	G	GAT	D	1829
NC_045512.2	5754	A	G	2411	279	42	1	1	37	0.000414594	2412	0.875155	FALSE	ORF1ab:cds-YP_009724389.1	AAT	N	AGT	S	1830
NC_045512.2	5754	A	G	2411	279	42	1	1	37	0.000414594	2412	0.875155	FALSE	ORF1ab:cds-YP_009725295.1	AAT	N	AGT	S	1830
NC_045512.2	5755	T	G	2495	302	43	1	0	37	0.000400641	2496	0.87515	FALSE	ORF1ab:cds-YP_009724389.1	AAT	N	AAG	K	1830
NC_045512.2	5755	T	G	2495	302	43	1	0	37	0.000400641	2496	0.87515	FALSE	ORF1ab:cds-YP_009725295.1	AAT	N	AAG	K	1830
NC_045512.2	5756	T	C	2509	305	43	1	0	37	0.000398248	2511	0.875075	FALSE	ORF1ab:cds-YP_009724389.1	TAC	Y	CAC	H	1831
NC_045512.2	5756	T	C	2509	305	43	1	0	37	0.000398248	2511	0.875075	FALSE	ORF1ab:cds-YP_009725295.1	TAC	Y	CAC	H	1831
NC_045512.2	5756	T	A	2509	305	43	1	0	25	0.000398248	2511	1	FALSE	ORF1ab:cds-YP_009724389.1	TAC	Y	AAC	N	1831
NC_045512.2	5756	T	A	2509	305	43	1	0	25	0.000398248	2511	1	FALSE	ORF1ab:cds-YP_009725295.1	TAC	Y	AAC	N	1831
NC_045512.2	5760	A	G	2536	319	43	1	0	37	0.000394166	2537	0.875148	FALSE	ORF1ab:cds-YP_009724389.1	CAG	Q	CGG	R	1832
NC_045512.2	5760	A	G	2536	319	43	1	0	37	0.000394166	2537	0.875148	FALSE	ORF1ab:cds-YP_009725295.1	CAG	Q	CGG	R	1832
NC_045512.2	5760	A	+GT	2536	319	43	1	0	20	0.000394166	2537	1	FALSE	NA	NA	NA	NA	NA	NA
NC_045512.2	5765	G	T	2585	328	43	7	2	52	0.00269854	2594	0.00777037	TRUE	ORF1ab:cds-YP_009724389.1	GGT	G	TGT	C	1834
NC_045512.2	5765	G	T	2585	328	43	7	2	52	0.00269854	2594	0.00777037	TRUE	ORF1ab:cds-YP_009725295.1	GGT	G	TGT	C	1834
NC_045512.2	5765	G	A	2585	328	43	2	0	37	0.00077101	2594	0.686703	FALSE	ORF1ab:cds-YP_009724389.1	GGT	G	AGT	S	1834
NC_045512.2	5765	G	A	2585	328	43	2	0	37	0.00077101	2594	0.686703	FALSE	ORF1ab:cds-YP_009725295.1	GGT	G	AGT	S	1834
NC_045512.2	5766	G	T	2594	338	43	1	0	25	0.00038506	2597	1	FALSE	ORF1ab:cds-YP_009724389.1	GGT	G	GTT	V	1834
NC_045512.2	5766	G	T	2594	338	43	1	0	25	0.00038506	2597	1	FALSE	ORF1ab:cds-YP_009725295.1	GGT	G	GTT	V	1834
NC_045512.2	5766	G	C	2594	338	43	2	0	37	0.000770119	2597	0.687572	FALSE	ORF1ab:cds-YP_009724389.1	GGT	G	GCT	A	1834
NC_045512.2	5766	G	C	2594	338	43	2	0	37	0.000770119	2597	0.687572	FALSE	ORF1ab:cds-YP_009725295.1	GGT	G	GCT	A	1834
NC_045512.2	5768	C	T	2598	335	43	1	0	74	0.000384763	2599	0.500096	FALSE	ORF1ab:cds-YP_009724389.1	CAC	H	TAC	Y	1835
NC_045512.2	5768	C	T	2598	335	43	1	0	74	0.000384763	2599	0.500096	FALSE	ORF1ab:cds-YP_009725295.1	CAC	H	TAC	Y	1835
NC_045512.2	5769	A	G	2601	357	43	1	1	37	0.00038432	2602	0.875144	FALSE	ORF1ab:cds-YP_009724389.1	CAC	H	CGC	R	1835
NC_045512.2	5769	A	G	2601	357	43	1	1	37	0.00038432	2602	0.875144	FALSE	ORF1ab:cds-YP_009725295.1	CAC	H	CGC	R	1835
NC_045512.2	5770	C	T	2848	362	43	1	0	37	0.000350877	2850	0.875066	FALSE	ORF1ab:cds-YP_009724389.1	CAC	H	CAT	H	1835
NC_045512.2	5770	C	T	2848	362	43	1	0	37	0.000350877	2850	0.875066	FALSE	ORF1ab:cds-YP_009725295.1	CAC	H	CAT	H	1835
NC_045512.2	5770	C	A	2848	362	43	1	0	37	0.000350877	2850	0.875066	FALSE	ORF1ab:cds-YP_009724389.1	CAC	H	CAA	Q	1835
NC_045512.2	5770	C	A	2848	362	43	1	0	37	0.000350877	2850	0.875066	FALSE	ORF1ab:cds-YP_009725295.1	CAC	H	CAA	Q	1835
NC_045512.2	5780	A	G	3042	368	43	1	0	37	0.000328623	3043	0.937603	FALSE	ORF1ab:cds-YP_009724389.1	ATA	I	GTA	V	1839
NC_045512.2	5780	A	G	3042	368	43	1	0	37	0.000328623	3043	0.937603	FALSE	ORF1ab:cds-YP_009725295.1	ATA	I	GTA	V	1839
NC_045512.2	5782	A	G	3045	393	43	1	0	37	0.000328299	3046	0.937603	FALSE	ORF1ab:cds-YP_009724389.1	ATA	I	ATG	M	1839
NC_045512.2	5782	A	G	3045	393	43	1	0	37	0.000328299	3046	0.937603	FALSE	ORF1ab:cds-YP_009725295.1	ATA	I	ATG	M	1839
NC_045512.2	5783	A	T	3049	395	43	1	0	37	0.000327654	3052	0.937521	FALSE	ORF1ab:cds-YP_009724389.1	ACT	T	TCT	S	1840
NC_045512.2	5783	A	T	3049	395	43	1	0	37	0.000327654	3052	0.937521	FALSE	ORF1ab:cds-YP_009725295.1	ACT	T	TCT	S	1840
NC_045512.2	5783	A	G	3049	395	43	2	0	37	0.000655308	3052	0.812602	FALSE	ORF1ab:cds-YP_009724389.1	ACT	T	GCT	A	1840
NC_045512.2	5783	A	G	3049	395	43	2	0	37	0.000655308	3052	0.812602	FALSE	ORF1ab:cds-YP_009725295.1	ACT	T	GCT	A	1840
NC_045512.2	5784	C	A	3069	400	43	2	1	29	0.000651254	3071	1	FALSE	ORF1ab:cds-YP_009724389.1	ACT	T	AAT	N	1840
NC_045512.2	5784	C	A	3069	400	43	2	1	29	0.000651254	3071	1	FALSE	ORF1ab:cds-YP_009725295.1	ACT	T	AAT	N	1840
NC_045512.2	5785	T	C	3055	392	43	1	0	37	0.000327225	3056	0.937602	FALSE	ORF1ab:cds-YP_009724389.1	ACT	T	ACC	T	1840
NC_045512.2	5785	T	C	3055	392	43	1	0	37	0.000327225	3056	0.937602	FALSE	ORF1ab:cds-YP_009725295.1	ACT	T	ACC	T	1840
NC_045512.2	5786	T	A	2975	458	44	1	0	25	0.000336022	2976	1	FALSE	ORF1ab:cds-YP_009724389.1	TCT	S	ACT	T	1841
NC_045512.2	5786	T	A	2975	458	44	1	0	25	0.000336022	2976	1	FALSE	ORF1ab:cds-YP_009725295.1	TCT	S	ACT	T	1841
NC_045512.2	5789	A	G	2961	491	44	1	0	37	0.00033761	2962	0.875127	FALSE	ORF1ab:cds-YP_009724389.1	AAA	K	GAA	E	1842
NC_045512.2	5789	A	G	2961	491	44	1	0	37	0.00033761	2962	0.875127	FALSE	ORF1ab:cds-YP_009725295.1	AAA	K	GAA	E	1842
NC_045512.2	5791	A	G	2941	496	43	1	0	25	0.000339905	2942	1	FALSE	ORF1ab:cds-YP_009724389.1	AAA	K	AAG	K	1842
NC_045512.2	5791	A	G	2941	496	43	1	0	25	0.000339905	2942	1	FALSE	ORF1ab:cds-YP_009725295.1	AAA	K	AAG	K	1842
NC_045512.2	5798	T	C	2940	573	43	1	0	37	0.00034002	2941	0.875128	FALSE	ORF1ab:cds-YP_009724389.1	TTG	L	CTG	L	1845
NC_045512.2	5798	T	C	2940	573	43	1	0	37	0.00034002	2941	0.875128	FALSE	ORF1ab:cds-YP_009725295.1	TTG	L	CTG	L	1845
NC_045512.2	5803	T	G	3014	763	44	1	1	37	0.000331675	3015	0.937604	FALSE	ORF1ab:cds-YP_009724389.1	TAT	Y	TAG	*	1846
NC_045512.2	5803	T	G	3014	763	44	1	1	37	0.000331675	3015	0.937604	FALSE	ORF1ab:cds-YP_009725295.1	TAT	Y	TAG	*	1846
NC_045512.2	5804	T	C	3011	752	45	8	0	37	0.00264988	3019	0.113174	FALSE	ORF1ab:cds-YP_009724389.1	TGC	C	CGC	R	1847
NC_045512.2	5804	T	C	3011	752	45	8	0	37	0.00264988	3019	0.113174	FALSE	ORF1ab:cds-YP_009725295.1	TGC	C	CGC	R	1847
NC_045512.2	5805	G	A	2838	854	42	5	3	51	0.00175871	2843	0.0312225	FALSE	ORF1ab:cds-YP_009724389.1	TGC	C	TAC	Y	1847
NC_045512.2	5805	G	A	2838	854	42	5	3	51	0.00175871	2843	0.0312225	FALSE	ORF1ab:cds-YP_009725295.1	TGC	C	TAC	Y	1847
NC_045512.2	5806	C	T	2840	859	42	1	0	37	0.000351865	2842	0.875066	FALSE	ORF1ab:cds-YP_009724389.1	TGC	C	TGT	C	1847
NC_045512.2	5806	C	T	2840	859	42	1	0	37	0.000351865	2842	0.875066	FALSE	ORF1ab:cds-YP_009725295.1	TGC	C	TGT	C	1847
NC_045512.2	5806	C	A	2840	859	42	1	0	37	0.000351865	2842	0.875066	FALSE	ORF1ab:cds-YP_009724389.1	TGC	C	TGA	*	1847
NC_045512.2	5806	C	A	2840	859	42	1	0	37	0.000351865	2842	0.875066	FALSE	ORF1ab:cds-YP_009725295.1	TGC	C	TGA	*	1847
NC_045512.2	5807	A	G	2854	869	42	1	1	37	0.000350263	2855	0.875131	FALSE	ORF1ab:cds-YP_009724389.1	ATA	I	GTA	V	1848
NC_045512.2	5807	A	G	2854	869	42	1	1	37	0.000350263	2855	0.875131	FALSE	ORF1ab:cds-YP_009725295.1	ATA	I	GTA	V	1848
NC_045512.2	5808	T	A	2853	875	43	1	1	37	0.000350385	2854	0.875131	FALSE	ORF1ab:cds-YP_009724389.1	ATA	I	AAA	K	1848
NC_045512.2	5808	T	A	2853	875	43	1	1	37	0.000350385	2854	0.875131	FALSE	ORF1ab:cds-YP_009725295.1	ATA	I	AAA	K	1848
NC_045512.2	5809	A	G	2819	851	43	1	1	37	0.000354359	2822	0.875	FALSE	ORF1ab:cds-YP_009724389.1	ATA	I	ATG	M	1848
NC_045512.2	5809	A	G	2819	851	43	1	1	37	0.000354359	2822	0.875	FALSE	ORF1ab:cds-YP_009725295.1	ATA	I	ATG	M	1848
NC_045512.2	5809	A	C	2819	851	43	2	0	37	0.000708717	2822	0.687566	FALSE	ORF1ab:cds-YP_009724389.1	ATA	I	ATC	I	1848
NC_045512.2	5809	A	C	2819	851	43	2	0	37	0.000708717	2822	0.687566	FALSE	ORF1ab:cds-YP_009725295.1	ATA	I	ATC	I	1848
NC_045512.2	5810	G	T	2750	869	41	1	0	25	0.000363504	2751	1	FALSE	ORF1ab:cds-YP_009724389.1	GAC	D	TAC	Y	1849
NC_045512.2	5810	G	T	2750	869	41	1	0	25	0.000363504	2751	1	FALSE	ORF1ab:cds-YP_009725295.1	GAC	D	TAC	Y	1849
NC_045512.2	5812	C	T	2764	880	42	1	1	37	0.000361664	2765	0.875136	FALSE	ORF1ab:cds-YP_009724389.1	GAC	D	GAT	D	1849
NC_045512.2	5812	C	T	2764	880	42	1	1	37	0.000361664	2765	0.875136	FALSE	ORF1ab:cds-YP_009725295.1	GAC	D	GAT	D	1849
NC_045512.2	5814	G	A	2911	860	42	2	1	31	0.000686577	2913	0.687693	FALSE	ORF1ab:cds-YP_009724389.1	GGT	G	GAT	D	1850
NC_045512.2	5814	G	A	2911	860	42	2	1	31	0.000686577	2913	0.687693	FALSE	ORF1ab:cds-YP_009725295.1	GGT	G	GAT	D	1850
NC_045512.2	5815	T	C	2943	916	42	1	0	37	0.000339674	2944	0.875127	FALSE	ORF1ab:cds-YP_009724389.1	GGT	G	GGC	G	1850
NC_045512.2	5815	T	C	2943	916	42	1	0	37	0.000339674	2944	0.875127	FALSE	ORF1ab:cds-YP_009725295.1	GGT	G	GGC	G	1850
NC_045512.2	5816	G	C	2945	915	42	1	0	37	0.000339213	2948	0.875	FALSE	ORF1ab:cds-YP_009724389.1	GCT	A	CCT	P	1851
NC_045512.2	5816	G	C	2945	915	42	1	0	37	0.000339213	2948	0.875	FALSE	ORF1ab:cds-YP_009725295.1	GCT	A	CCT	P	1851
NC_045512.2	5816	G	A	2945	915	42	2	0	37	0.000678426	2948	0.687564	FALSE	ORF1ab:cds-YP_009724389.1	GCT	A	ACT	T	1851
NC_045512.2	5816	G	A	2945	915	42	2	0	37	0.000678426	2948	0.687564	FALSE	ORF1ab:cds-YP_009725295.1	GCT	A	ACT	T	1851
NC_045512.2	5817	C	T	2865	930	41	5	2	37	0.00174216	2870	0.226562	FALSE	ORF1ab:cds-YP_009724389.1	GCT	A	GTT	V	1851
NC_045512.2	5817	C	T	2865	930	41	5	2	37	0.00174216	2870	0.226562	FALSE	ORF1ab:cds-YP_009725295.1	GCT	A	GTT	V	1851
NC_045512.2	5818	T	A	2883	956	42	1	1	37	0.000346741	2884	0.87513	FALSE	ORF1ab:cds-YP_009724389.1	GCT	A	GCA	A	1851
NC_045512.2	5818	T	A	2883	956	42	1	1	37	0.000346741	2884	0.87513	FALSE	ORF1ab:cds-YP_009725295.1	GCT	A	GCA	A	1851
NC_045512.2	5820	T	A	2891	959	42	1	0	25	0.000345781	2892	1	FALSE	ORF1ab:cds-YP_009724389.1	TTA	L	TAA	*	1852
NC_045512.2	5820	T	A	2891	959	42	1	0	25	0.000345781	2892	1	FALSE	ORF1ab:cds-YP_009725295.1	TTA	L	TAA	*	1852
NC_045512.2	5823	T	C	2784	906	41	1	0	37	0.000359066	2785	0.875135	FALSE	ORF1ab:cds-YP_009724389.1	CTT	L	CCT	P	1853
NC_045512.2	5823	T	C	2784	906	41	1	0	37	0.000359066	2785	0.875135	FALSE	ORF1ab:cds-YP_009725295.1	CTT	L	CCT	P	1853
NC_045512.2	5824	T	C	2771	913	42	1	1	37	0.00036075	2772	0.875135	FALSE	ORF1ab:cds-YP_009724389.1	CTT	L	CTC	L	1853
NC_045512.2	5824	T	C	2771	913	42	1	1	37	0.00036075	2772	0.875135	FALSE	ORF1ab:cds-YP_009725295.1	CTT	L	CTC	L	1853
NC_045512.2	5829	A	G	2799	1000	42	1	0	74	0.000357143	2800	0.500089	FALSE	ORF1ab:cds-YP_009724389.1	AAG	K	AGG	R	1855
NC_045512.2	5829	A	G	2799	1000	42	1	0	74	0.000357143	2800	0.500089	FALSE	ORF1ab:cds-YP_009725295.1	AAG	K	AGG	R	1855
NC_045512.2	5830	G	T	2879	1068	43	3	1	45	0.00104094	2882	0.125	FALSE	ORF1ab:cds-YP_009724389.1	AAG	K	AAT	N	1855
NC_045512.2	5830	G	T	2879	1068	43	3	1	45	0.00104094	2882	0.125	FALSE	ORF1ab:cds-YP_009725295.1	AAG	K	AAT	N	1855
NC_045512.2	5834	T	A	2881	1107	42	1	0	37	0.000346981	2882	0.87513	FALSE	ORF1ab:cds-YP_009724389.1	TCA	S	ACA	T	1857
NC_045512.2	5834	T	A	2881	1107	42	1	0	37	0.000346981	2882	0.87513	FALSE	ORF1ab:cds-YP_009725295.1	TCA	S	ACA	T	1857
NC_045512.2	5835	C	T	2583	992	43	315	143	42	0.108696	2898	1.90279e-99	TRUE	ORF1ab:cds-YP_009724389.1	TCA	S	TTA	L	1857
NC_045512.2	5835	C	T	2583	992	43	315	143	42	0.108696	2898	1.90279e-99	TRUE	ORF1ab:cds-YP_009725295.1	TCA	S	TTA	L	1857
NC_045512.2	5838	A	G	2958	1143	43	1	0	37	0.000337952	2959	0.875127	FALSE	ORF1ab:cds-YP_009724389.1	GAA	E	GGA	G	1858
NC_045512.2	5838	A	G	2958	1143	43	1	0	37	0.000337952	2959	0.875127	FALSE	ORF1ab:cds-YP_009725295.1	GAA	E	GGA	G	1858
NC_045512.2	5843	A	T	2921	1160	42	1	0	37	0.000342231	2922	0.875128	FALSE	ORF1ab:cds-YP_009724389.1	AAA	K	TAA	*	1860
NC_045512.2	5843	A	T	2921	1160	42	1	0	37	0.000342231	2922	0.875128	FALSE	ORF1ab:cds-YP_009725295.1	AAA	K	TAA	*	1860
NC_045512.2	5844	A	G	2862	1179	42	1	1	37	0.000349284	2863	0.875131	FALSE	ORF1ab:cds-YP_009724389.1	AAA	K	AGA	R	1860
NC_045512.2	5844	A	G	2862	1179	42	1	1	37	0.000349284	2863	0.875131	FALSE	ORF1ab:cds-YP_009725295.1	AAA	K	AGA	R	1860
NC_045512.2	5845	A	T	2918	1247	42	3	1	49	0.00102599	2924	0.124808	FALSE	ORF1ab:cds-YP_009724389.1	AAA	K	AAT	N	1860
NC_045512.2	5845	A	T	2918	1247	42	3	1	49	0.00102599	2924	0.124808	FALSE	ORF1ab:cds-YP_009725295.1	AAA	K	AAT	N	1860
NC_045512.2	5845	A	G	2918	1247	42	3	3	37	0.00102599	2924	0.499679	FALSE	ORF1ab:cds-YP_009724389.1	AAA	K	AAG	K	1860
NC_045512.2	5845	A	G	2918	1247	42	3	3	37	0.00102599	2924	0.499679	FALSE	ORF1ab:cds-YP_009725295.1	AAA	K	AAG	K	1860
NC_045512.2	5849	C	T	2868	1158	42	1	0	25	0.000348554	2869	1	FALSE	ORF1ab:cds-YP_009724389.1	CCT	P	TCT	S	1862
NC_045512.2	5849	C	T	2868	1158	42	1	0	25	0.000348554	2869	1	FALSE	ORF1ab:cds-YP_009725295.1	CCT	P	TCT	S	1862
NC_045512.2	5850	C	T	2812	1170	42	1	0	37	0.000355366	2814	0.875067	FALSE	ORF1ab:cds-YP_009724389.1	CCT	P	CTT	L	1862
NC_045512.2	5850	C	T	2812	1170	42	1	0	37	0.000355366	2814	0.875067	FALSE	ORF1ab:cds-YP_009725295.1	CCT	P	CTT	L	1862
NC_045512.2	5850	C	A	2812	1170	42	1	1	74	0.000355366	2814	0.5	FALSE	ORF1ab:cds-YP_009724389.1	CCT	P	CAT	H	1862
NC_045512.2	5850	C	A	2812	1170	42	1	1	74	0.000355366	2814	0.5	FALSE	ORF1ab:cds-YP_009725295.1	CCT	P	CAT	H	1862
NC_045512.2	5851	T	C	2694	1299	41	1	0	25	0.000371058	2695	1	FALSE	ORF1ab:cds-YP_009724389.1	CCT	P	CCC	P	1862
NC_045512.2	5851	T	C	2694	1299	41	1	0	25	0.000371058	2695	1	FALSE	ORF1ab:cds-YP_009725295.1	CCT	P	CCC	P	1862
NC_045512.2	5854	T	C	2746	1311	41	1	0	37	0.000364033	2747	0.875137	FALSE	ORF1ab:cds-YP_009724389.1	ATT	I	ATC	I	1863
NC_045512.2	5854	T	C	2746	1311	41	1	0	37	0.000364033	2747	0.875137	FALSE	ORF1ab:cds-YP_009725295.1	ATT	I	ATC	I	1863
NC_045512.2	5855	A	G	2712	1278	41	1	1	37	0.000368596	2713	0.875138	FALSE	ORF1ab:cds-YP_009724389.1	ACG	T	GCG	A	1864
NC_045512.2	5855	A	G	2712	1278	41	1	1	37	0.000368596	2713	0.875138	FALSE	ORF1ab:cds-YP_009725295.1	ACG	T	GCG	A	1864
NC_045512.2	5857	G	T	2660	1304	41	1	0	37	0.000375657	2662	0.87507	FALSE	ORF1ab:cds-YP_009724389.1	ACG	T	ACT	T	1864
NC_045512.2	5857	G	T	2660	1304	41	1	0	37	0.000375657	2662	0.87507	FALSE	ORF1ab:cds-YP_009725295.1	ACG	T	ACT	T	1864
NC_045512.2	5857	G	A	2660	1304	41	1	1	37	0.000375657	2662	0.87507	FALSE	ORF1ab:cds-YP_009724389.1	ACG	T	ACA	T	1864
NC_045512.2	5857	G	A	2660	1304	41	1	1	37	0.000375657	2662	0.87507	FALSE	ORF1ab:cds-YP_009725295.1	ACG	T	ACA	T	1864
NC_045512.2	5858	G	C	2686	1313	41	1	1	37	0.000372162	2687	0.87514	FALSE	ORF1ab:cds-YP_009724389.1	GAT	D	CAT	H	1865
NC_045512.2	5858	G	C	2686	1313	41	1	1	37	0.000372162	2687	0.87514	FALSE	ORF1ab:cds-YP_009725295.1	GAT	D	CAT	H	1865
NC_045512.2	5860	T	A	2680	1324	41	1	0	25	0.000372995	2681	1	FALSE	ORF1ab:cds-YP_009724389.1	GAT	D	GAA	E	1865
NC_045512.2	5860	T	A	2680	1324	41	1	0	25	0.000372995	2681	1	FALSE	ORF1ab:cds-YP_009725295.1	GAT	D	GAA	E	1865
NC_045512.2	5861	G	A	2706	1335	41	1	1	37	0.000369413	2707	0.875139	FALSE	ORF1ab:cds-YP_009724389.1	GTT	V	ATT	I	1866
NC_045512.2	5861	G	A	2706	1335	41	1	1	37	0.000369413	2707	0.875139	FALSE	ORF1ab:cds-YP_009725295.1	GTT	V	ATT	I	1866
NC_045512.2	5864	T	C	2703	1356	41	1	1	25	0.000369822	2704	1	FALSE	ORF1ab:cds-YP_009724389.1	TTC	F	CTC	L	1867
NC_045512.2	5864	T	C	2703	1356	41	1	1	25	0.000369822	2704	1	FALSE	ORF1ab:cds-YP_009725295.1	TTC	F	CTC	L	1867
NC_045512.2	5865	T	A	2680	1339	41	1	0	37	0.000372995	2681	0.87514	FALSE	ORF1ab:cds-YP_009724389.1	TTC	F	TAC	Y	1867
NC_045512.2	5865	T	A	2680	1339	41	1	0	37	0.000372995	2681	0.87514	FALSE	ORF1ab:cds-YP_009725295.1	TTC	F	TAC	Y	1867
NC_045512.2	5866	C	G	2657	1325	41	1	1	74	0.000376081	2659	0.5	FALSE	ORF1ab:cds-YP_009724389.1	TTC	F	TTG	L	1867
NC_045512.2	5866	C	G	2657	1325	41	1	1	74	0.000376081	2659	0.5	FALSE	ORF1ab:cds-YP_009725295.1	TTC	F	TTG	L	1867
NC_045512.2	5866	C	A	2657	1325	41	1	1	37	0.000376081	2659	0.875071	FALSE	ORF1ab:cds-YP_009724389.1	TTC	F	TTA	L	1867
NC_045512.2	5866	C	A	2657	1325	41	1	1	37	0.000376081	2659	0.875071	FALSE	ORF1ab:cds-YP_009725295.1	TTC	F	TTA	L	1867
NC_045512.2	5870	A	G	2639	1327	41	1	0	37	0.000378644	2641	0.875071	FALSE	ORF1ab:cds-YP_009724389.1	AAA	K	GAA	E	1869
NC_045512.2	5870	A	G	2639	1327	41	1	0	37	0.000378644	2641	0.875071	FALSE	ORF1ab:cds-YP_009725295.1	AAA	K	GAA	E	1869
NC_045512.2	5870	A	C	2639	1327	41	1	0	37	0.000378644	2641	0.875071	FALSE	ORF1ab:cds-YP_009724389.1	AAA	K	CAA	Q	1869
NC_045512.2	5870	A	C	2639	1327	41	1	0	37	0.000378644	2641	0.875071	FALSE	ORF1ab:cds-YP_009725295.1	AAA	K	CAA	Q	1869
NC_045512.2	5885	A	G	2579	1478	40	1	1	37	0.000387597	2580	0.875145	FALSE	ORF1ab:cds-YP_009724389.1	ACA	T	GCA	A	1874
NC_045512.2	5885	A	G	2579	1478	40	1	1	37	0.000387597	2580	0.875145	FALSE	ORF1ab:cds-YP_009725295.1	ACA	T	GCA	A	1874
NC_045512.2	5886	C	T	2583	1472	40	1	1	37	0.000386997	2584	0.875145	FALSE	ORF1ab:cds-YP_009724389.1	ACA	T	ATA	I	1874
NC_045512.2	5886	C	T	2583	1472	40	1	1	37	0.000386997	2584	0.875145	FALSE	ORF1ab:cds-YP_009725295.1	ACA	T	ATA	I	1874
NC_045512.2	5889	C	A	2476	1375	40	2	1	37	0.000807103	2478	0.687727	FALSE	ORF1ab:cds-YP_009724389.1	ACA	T	AAA	K	1875
NC_045512.2	5889	C	A	2476	1375	40	2	1	37	0.000807103	2478	0.687727	FALSE	ORF1ab:cds-YP_009725295.1	ACA	T	AAA	K	1875
NC_045512.2	5895	T	C	2420	1344	40	1	1	37	0.000413052	2421	0.875155	FALSE	ORF1ab:cds-YP_009724389.1	ATA	I	ACA	T	1877
NC_045512.2	5895	T	C	2420	1344	40	1	1	37	0.000413052	2421	0.875155	FALSE	ORF1ab:cds-YP_009725295.1	ATA	I	ACA	T	1877
NC_045512.2	5896	A	G	2370	1344	39	1	1	37	0.000421763	2371	0.875158	FALSE	ORF1ab:cds-YP_009724389.1	ATA	I	ATG	M	1877
NC_045512.2	5896	A	G	2370	1344	39	1	1	37	0.000421763	2371	0.875158	FALSE	ORF1ab:cds-YP_009725295.1	ATA	I	ATG	M	1877
NC_045512.2	5902	A	T	2093	1175	40	2	0	37	0.000954198	2096	0.68759	FALSE	ORF1ab:cds-YP_009724389.1	CCA	P	CCT	P	1879
NC_045512.2	5902	A	T	2093	1175	40	2	0	37	0.000954198	2096	0.68759	FALSE	ORF1ab:cds-YP_009725295.1	CCA	P	CCT	P	1879
NC_045512.2	5902	A	G	2093	1175	40	1	0	37	0.000477099	2096	0.875	FALSE	ORF1ab:cds-YP_009724389.1	CCA	P	CCG	P	1879
NC_045512.2	5902	A	G	2093	1175	40	1	0	37	0.000477099	2096	0.875	FALSE	ORF1ab:cds-YP_009725295.1	CCA	P	CCG	P	1879
NC_045512.2	5903	G	-T	2109	1189	39	1	0	20	0.000474158	2109	1	FALSE	NA	NA	NA	NA	NA	NA
NC_045512.2	5909	T	C	2221	1407	40	1	1	74	0.000450045	2222	0.500113	FALSE	ORF1ab:cds-YP_009724389.1	TAT	Y	CAT	H	1882
NC_045512.2	5909	T	C	2221	1407	40	1	1	74	0.000450045	2222	0.500113	FALSE	ORF1ab:cds-YP_009725295.1	TAT	Y	CAT	H	1882
NC_045512.2	5916	T	C	2367	1790	41	1	1	37	0.000422297	2368	0.875158	FALSE	ORF1ab:cds-YP_009724389.1	TTG	L	TCG	S	1884
NC_045512.2	5916	T	C	2367	1790	41	1	1	37	0.000422297	2368	0.875158	FALSE	ORF1ab:cds-YP_009725295.1	TTG	L	TCG	S	1884
NC_045512.2	5923	T	C	2475	1957	41	1	1	37	0.000403877	2476	0.875151	FALSE	ORF1ab:cds-YP_009724389.1	GGT	G	GGC	G	1886
NC_045512.2	5923	T	C	2475	1957	41	1	1	37	0.000403877	2476	0.875151	FALSE	ORF1ab:cds-YP_009725295.1	GGT	G	GGC	G	1886
NC_045512.2	5924	G	T	2466	1946	41	1	1	37	0.000405351	2467	0.875152	FALSE	ORF1ab:cds-YP_009724389.1	GTT	V	TTT	F	1887
NC_045512.2	5924	G	T	2466	1946	41	1	1	37	0.000405351	2467	0.875152	FALSE	ORF1ab:cds-YP_009725295.1	GTT	V	TTT	F	1887
NC_045512.2	5931	G	T	2711	2139	41	1	1	22	0.000368189	2716	1	FALSE	ORF1ab:cds-YP_009724389.1	TGT	C	TTT	F	1889
NC_045512.2	5931	G	T	2711	2139	41	1	1	22	0.000368189	2716	1	FALSE	ORF1ab:cds-YP_009725295.1	TGT	C	TTT	F	1889
NC_045512.2	5931	G	C	2711	2139	41	2	0	37	0.000736377	2716	0.687293	FALSE	ORF1ab:cds-YP_009724389.1	TGT	C	TCT	S	1889
NC_045512.2	5931	G	C	2711	2139	41	2	0	37	0.000736377	2716	0.687293	FALSE	ORF1ab:cds-YP_009725295.1	TGT	C	TCT	S	1889
NC_045512.2	5931	G	A	2711	2139	41	2	1	37	0.000736377	2716	0.687293	FALSE	ORF1ab:cds-YP_009724389.1	TGT	C	TAT	Y	1889
NC_045512.2	5931	G	A	2711	2139	41	2	1	37	0.000736377	2716	0.687293	FALSE	ORF1ab:cds-YP_009725295.1	TGT	C	TAT	Y	1889
NC_045512.2	5941	T	C	2662	2223	40	1	0	37	0.000375516	2663	0.875141	FALSE	ORF1ab:cds-YP_009724389.1	ATT	I	ATC	I	1892
NC_045512.2	5941	T	C	2662	2223	40	1	0	37	0.000375516	2663	0.875141	FALSE	ORF1ab:cds-YP_009725295.1	ATT	I	ATC	I	1892
NC_045512.2	5942	G	A	2658	2226	40	2	2	37	0.00075188	2660	0.687712	FALSE	ORF1ab:cds-YP_009724389.1	GAC	D	AAC	N	1893
NC_045512.2	5942	G	A	2658	2226	40	2	2	37	0.00075188	2660	0.687712	FALSE	ORF1ab:cds-YP_009725295.1	GAC	D	AAC	N	1893
NC_045512.2	5943	A	G	2693	2264	39	1	1	37	0.000371195	2694	0.875139	FALSE	ORF1ab:cds-YP_009724389.1	GAC	D	GGC	G	1893
NC_045512.2	5943	A	G	2693	2264	39	1	1	37	0.000371195	2694	0.875139	FALSE	ORF1ab:cds-YP_009725295.1	GAC	D	GGC	G	1893
NC_045512.2	5944	C	A	2686	2256	39	1	1	37	0.000372162	2687	0.87514	FALSE	ORF1ab:cds-YP_009724389.1	GAC	D	GAA	E	1893
NC_045512.2	5944	C	A	2686	2256	39	1	1	37	0.000372162	2687	0.87514	FALSE	ORF1ab:cds-YP_009725295.1	GAC	D	GAA	E	1893
NC_045512.2	5946	C	T	2591	2176	40	3	0	37	0.00115652	2594	0.500181	FALSE	ORF1ab:cds-YP_009724389.1	CCT	P	CTT	L	1894
NC_045512.2	5946	C	T	2591	2176	40	3	0	37	0.00115652	2594	0.500181	FALSE	ORF1ab:cds-YP_009725295.1	CCT	P	CTT	L	1894
NC_045512.2	5954	G	A	2446	2088	39	1	0	74	0.000408664	2447	0.500102	FALSE	ORF1ab:cds-YP_009724389.1	GAC	D	AAC	N	1897
NC_045512.2	5954	G	A	2446	2088	39	1	0	74	0.000408664	2447	0.500102	FALSE	ORF1ab:cds-YP_009725295.1	GAC	D	AAC	N	1897
NC_045512.2	5962	T	C	2318	1989	39	1	1	37	0.00043122	2319	0.875162	FALSE	ORF1ab:cds-YP_009724389.1	TAT	Y	TAC	Y	1899
NC_045512.2	5962	T	C	2318	1989	39	1	1	37	0.00043122	2319	0.875162	FALSE	ORF1ab:cds-YP_009725295.1	TAT	Y	TAC	Y	1899
NC_045512.2	5963	T	C	2320	1988	39	2	2	37	0.000861326	2322	0.687742	FALSE	ORF1ab:cds-YP_009724389.1	TAT	Y	CAT	H	1900
NC_045512.2	5963	T	C	2320	1988	39	2	2	37	0.000861326	2322	0.687742	FALSE	ORF1ab:cds-YP_009725295.1	TAT	Y	CAT	H	1900
NC_045512.2	5979	C	T	2148	1918	37	1	1	37	0.0004649	2151	0.875	FALSE	ORF1ab:cds-YP_009724389.1	TCT	S	TTT	F	1905
NC_045512.2	5979	C	T	2148	1918	37	1	1	37	0.0004649	2151	0.875	FALSE	ORF1ab:cds-YP_009725295.1	TCT	S	TTT	F	1905
NC_045512.2	5979	C	A	2148	1918	37	2	1	31	0.0009298	2151	0.687587	FALSE	ORF1ab:cds-YP_009724389.1	TCT	S	TAT	Y	1905
NC_045512.2	5979	C	A	2148	1918	37	2	1	31	0.0009298	2151	0.687587	FALSE	ORF1ab:cds-YP_009725295.1	TCT	S	TAT	Y	1905
NC_045512.2	5986	C	G	2030	1828	37	1	1	37	0.000492368	2031	0.875185	FALSE	ORF1ab:cds-YP_009724389.1	TTC	F	TTG	L	1907
NC_045512.2	5986	C	G	2030	1828	37	1	1	37	0.000492368	2031	0.875185	FALSE	ORF1ab:cds-YP_009725295.1	TTC	F	TTG	L	1907
NC_045512.2	5991	A	T	1947	1758	37	1	1	37	0.000513347	1948	0.750193	FALSE	ORF1ab:cds-YP_009724389.1	GAG	E	GTG	V	1909
NC_045512.2	5991	A	T	1947	1758	37	1	1	37	0.000513347	1948	0.750193	FALSE	ORF1ab:cds-YP_009725295.1	GAG	E	GTG	V	1909
NC_045512.2	5992	G	A	1976	1783	37	1	1	37	0.000505817	1977	0.75019	FALSE	ORF1ab:cds-YP_009724389.1	GAG	E	GAA	E	1909
NC_045512.2	5992	G	A	1976	1783	37	1	1	37	0.000505817	1977	0.75019	FALSE	ORF1ab:cds-YP_009725295.1	GAG	E	GAA	E	1909
NC_045512.2	5993	C	A	1977	1788	37	1	1	37	0.000505561	1978	0.75019	FALSE	ORF1ab:cds-YP_009724389.1	CAA	Q	AAA	K	1910
NC_045512.2	5993	C	A	1977	1788	37	1	1	37	0.000505561	1978	0.75019	FALSE	ORF1ab:cds-YP_009725295.1	CAA	Q	AAA	K	1910
NC_045512.2	5995	A	G	1903	1718	36	2	2	37	0.00104987	1905	0.500197	FALSE	ORF1ab:cds-YP_009724389.1	CAA	Q	CAG	Q	1910
NC_045512.2	5995	A	G	1903	1718	36	2	2	37	0.00104987	1905	0.500197	FALSE	ORF1ab:cds-YP_009725295.1	CAA	Q	CAG	Q	1910
NC_045512.2	5999	A	G	1807	1618	37	1	0	37	0.000553097	1808	0.750207	FALSE	ORF1ab:cds-YP_009724389.1	ATT	I	GTT	V	1912
NC_045512.2	5999	A	G	1807	1618	37	1	0	37	0.000553097	1808	0.750207	FALSE	ORF1ab:cds-YP_009725295.1	ATT	I	GTT	V	1912
NC_045512.2	6006	T	C	1612	1421	38	2	0	37	0.00123916	1614	0.500232	FALSE	ORF1ab:cds-YP_009724389.1	CTT	L	CCT	P	1914
NC_045512.2	6006	T	C	1612	1421	38	2	0	37	0.00123916	1614	0.500232	FALSE	ORF1ab:cds-YP_009725295.1	CTT	L	CCT	P	1914
NC_045512.2	6007	T	C	1597	1409	38	1	0	37	0.000625782	1598	0.750235	FALSE	ORF1ab:cds-YP_009724389.1	CTT	L	CTC	L	1914
NC_045512.2	6007	T	C	1597	1409	38	1	0	37	0.000625782	1598	0.750235	FALSE	ORF1ab:cds-YP_009725295.1	CTT	L	CTC	L	1914
NC_045512.2	6008	G	A	1528	1401	37	2	2	37	0.00130719	1530	0.500245	FALSE	ORF1ab:cds-YP_009724389.1	GTA	V	ATA	I	1915
NC_045512.2	6008	G	A	1528	1401	37	2	2	37	0.00130719	1530	0.500245	FALSE	ORF1ab:cds-YP_009725295.1	GTA	V	ATA	I	1915
NC_045512.2	6009	T	C	1515	1387	37	1	1	25	0.000659631	1516	0.999985	FALSE	ORF1ab:cds-YP_009724389.1	GTA	V	GCA	A	1915
NC_045512.2	6009	T	C	1515	1387	37	1	1	25	0.000659631	1516	0.999985	FALSE	ORF1ab:cds-YP_009725295.1	GTA	V	GCA	A	1915
NC_045512.2	6011	C	T	1502	1375	37	1	1	37	0.000665336	1503	0.75025	FALSE	ORF1ab:cds-YP_009724389.1	CCA	P	TCA	S	1916
NC_045512.2	6011	C	T	1502	1375	37	1	1	37	0.000665336	1503	0.75025	FALSE	ORF1ab:cds-YP_009725295.1	CCA	P	TCA	S	1916
NC_045512.2	6013	A	T	1174	1058	38	1	0	37	0.00085034	1176	0.750106	FALSE	ORF1ab:cds-YP_009724389.1	CCA	P	CCT	P	1916
NC_045512.2	6013	A	T	1174	1058	38	1	0	37	0.00085034	1176	0.750106	FALSE	ORF1ab:cds-YP_009725295.1	CCA	P	CCT	P	1916
NC_045512.2	6013	A	G	1174	1058	38	1	1	37	0.00085034	1176	0.750106	FALSE	ORF1ab:cds-YP_009724389.1	CCA	P	CCG	P	1916
NC_045512.2	6013	A	G	1174	1058	38	1	1	37	0.00085034	1176	0.750106	FALSE	ORF1ab:cds-YP_009725295.1	CCA	P	CCG	P	1916
NC_045512.2	6014	A	C	1165	1052	37	1	1	37	0.000857633	1166	0.750322	FALSE	ORF1ab:cds-YP_009724389.1	AAC	N	CAC	H	1917
NC_045512.2	6014	A	C	1165	1052	37	1	1	37	0.000857633	1166	0.750322	FALSE	ORF1ab:cds-YP_009725295.1	AAC	N	CAC	H	1917
NC_045512.2	6015	A	T	1158	1053	37	1	1	37	0.000862813	1159	0.750324	FALSE	ORF1ab:cds-YP_009724389.1	AAC	N	ATC	I	1917
NC_045512.2	6015	A	T	1158	1053	37	1	1	37	0.000862813	1159	0.750324	FALSE	ORF1ab:cds-YP_009725295.1	AAC	N	ATC	I	1917
NC_045512.2	6022	A	C	763	682	38	2	0	37	0.00261438	765	0.250164	FALSE	ORF1ab:cds-YP_009724389.1	CCA	P	CCC	P	1919
NC_045512.2	6022	A	C	763	682	38	2	0	37	0.00261438	765	0.250164	FALSE	ORF1ab:cds-YP_009725295.1	CCA	P	CCC	P	1919
NC_045512.2	6024	A	G	637	579	37	1	1	37	0.0015674	638	0.500392	FALSE	ORF1ab:cds-YP_009724389.1	TAT	Y	TGT	C	1920
NC_045512.2	6024	A	G	637	579	37	1	1	37	0.0015674	638	0.500392	FALSE	ORF1ab:cds-YP_009725295.1	TAT	Y	TGT	C	1920
NC_045512.2	6027	C	T	553	506	38	1	1	37	0.00180505	554	0.500452	FALSE	ORF1ab:cds-YP_009724389.1	CCA	P	CTA	L	1921
NC_045512.2	6027	C	T	553	506	38	1	1	37	0.00180505	554	0.500452	FALSE	ORF1ab:cds-YP_009725295.1	CCA	P	CTA	L	1921
NC_045512.2	6242	C	T	2012	38	36	3	0	37	0.0014881	2016	0.5	FALSE	ORF1ab:cds-YP_009724389.1	CAT	H	TAT	Y	1993
NC_045512.2	6242	C	T	2012	38	36	3	0	37	0.0014881	2016	0.5	FALSE	ORF1ab:cds-YP_009725295.1	CAT	H	TAT	Y	1993
NC_045512.2	6242	C	A	2012	38	36	1	0	37	0.000496032	2016	0.874907	FALSE	ORF1ab:cds-YP_009724389.1	CAT	H	AAT	N	1993
NC_045512.2	6242	C	A	2012	38	36	1	0	37	0.000496032	2016	0.874907	FALSE	ORF1ab:cds-YP_009725295.1	CAT	H	AAT	N	1993
NC_045512.2	6244	T	G	2052	53	36	2	2	37	0.00097371	2054	0.687774	FALSE	ORF1ab:cds-YP_009724389.1	CAT	H	CAG	Q	1993
NC_045512.2	6244	T	G	2052	53	36	2	2	37	0.00097371	2054	0.687774	FALSE	ORF1ab:cds-YP_009725295.1	CAT	H	CAG	Q	1993
NC_045512.2	6254	G	A	2260	156	38	4	0	46	0.00176678	2264	0.0624724	FALSE	ORF1ab:cds-YP_009724389.1	GCA	A	ACA	T	1997
NC_045512.2	6254	G	A	2260	156	38	4	0	46	0.00176678	2264	0.0624724	FALSE	ORF1ab:cds-YP_009725295.1	GCA	A	ACA	T	1997
NC_045512.2	6255	C	T	2267	157	38	5	0	34	0.0022007	2272	0.226562	FALSE	ORF1ab:cds-YP_009724389.1	GCA	A	GTA	V	1997
NC_045512.2	6255	C	T	2267	157	38	5	0	34	0.0022007	2272	0.226562	FALSE	ORF1ab:cds-YP_009725295.1	GCA	A	GTA	V	1997
NC_045512.2	6256	A	G	2261	158	38	1	0	37	0.000442087	2262	0.875166	FALSE	ORF1ab:cds-YP_009724389.1	GCA	A	GCG	A	1997
NC_045512.2	6256	A	G	2261	158	38	1	0	37	0.000442087	2262	0.875166	FALSE	ORF1ab:cds-YP_009725295.1	GCA	A	GCG	A	1997
NC_045512.2	6259	T	G	2446	176	38	1	1	37	0.000408497	2448	0.875077	FALSE	ORF1ab:cds-YP_009724389.1	ACT	T	ACG	T	1998
NC_045512.2	6259	T	G	2446	176	38	1	1	37	0.000408497	2448	0.875077	FALSE	ORF1ab:cds-YP_009725295.1	ACT	T	ACG	T	1998
NC_045512.2	6259	T	C	2446	176	38	1	1	74	0.000408497	2448	0.5	FALSE	ORF1ab:cds-YP_009724389.1	ACT	T	ACC	T	1998
NC_045512.2	6259	T	C	2446	176	38	1	1	74	0.000408497	2448	0.5	FALSE	ORF1ab:cds-YP_009725295.1	ACT	T	ACC	T	1998
NC_045512.2	6264	A	T	2546	195	39	1	0	37	0.000392465	2548	0.875074	FALSE	ORF1ab:cds-YP_009724389.1	AAA	K	ATA	I	2000
NC_045512.2	6264	A	T	2546	195	39	1	0	37	0.000392465	2548	0.875074	FALSE	ORF1ab:cds-YP_009725295.1	AAA	K	ATA	I	2000
NC_045512.2	6264	A	G	2546	195	39	1	0	37	0.000392465	2548	0.875074	FALSE	ORF1ab:cds-YP_009724389.1	AAA	K	AGA	R	2000
NC_045512.2	6264	A	G	2546	195	39	1	0	37	0.000392465	2548	0.875074	FALSE	ORF1ab:cds-YP_009725295.1	AAA	K	AGA	R	2000
NC_045512.2	6265	A	C	2524	198	39	1	0	37	0.00039604	2525	0.875149	FALSE	ORF1ab:cds-YP_009724389.1	AAA	K	AAC	N	2000
NC_045512.2	6265	A	C	2524	198	39	1	0	37	0.00039604	2525	0.875149	FALSE	ORF1ab:cds-YP_009725295.1	AAA	K	AAC	N	2000
NC_045512.2	6266	G	A	2667	208	39	1	0	37	0.000374813	2668	0.875141	FALSE	ORF1ab:cds-YP_009724389.1	GCC	A	ACC	T	2001
NC_045512.2	6266	G	A	2667	208	39	1	0	37	0.000374813	2668	0.875141	FALSE	ORF1ab:cds-YP_009725295.1	GCC	A	ACC	T	2001
NC_045512.2	6267	C	T	2703	212	39	3	0	37	0.00110865	2706	0.500173	FALSE	ORF1ab:cds-YP_009724389.1	GCC	A	GTC	V	2001
NC_045512.2	6267	C	T	2703	212	39	3	0	37	0.00110865	2706	0.500173	FALSE	ORF1ab:cds-YP_009725295.1	GCC	A	GTC	V	2001
NC_045512.2	6270	C	A	2980	219	39	1	0	74	0.000335458	2981	0.500084	FALSE	ORF1ab:cds-YP_009724389.1	ACG	T	AAG	K	2002
NC_045512.2	6270	C	A	2980	219	39	1	0	74	0.000335458	2981	0.500084	FALSE	ORF1ab:cds-YP_009725295.1	ACG	T	AAG	K	2002
NC_045512.2	6271	G	A	3229	220	39	2	0	37	0.000619003	3231	0.812693	FALSE	ORF1ab:cds-YP_009724389.1	ACG	T	ACA	T	2002
NC_045512.2	6271	G	A	3229	220	39	2	0	37	0.000619003	3231	0.812693	FALSE	ORF1ab:cds-YP_009725295.1	ACG	T	ACA	T	2002
NC_045512.2	6273	A	G	3245	219	39	2	0	37	0.000615953	3247	0.812693	FALSE	ORF1ab:cds-YP_009724389.1	TAT	Y	TGT	C	2003
NC_045512.2	6273	A	G	3245	219	39	2	0	37	0.000615953	3247	0.812693	FALSE	ORF1ab:cds-YP_009725295.1	TAT	Y	TGT	C	2003
NC_045512.2	6276	A	G	3289	288	40	3	3	37	0.0009113	3292	0.656464	FALSE	ORF1ab:cds-YP_009724389.1	AAA	K	AGA	R	2004
NC_045512.2	6276	A	G	3289	288	40	3	3	37	0.0009113	3292	0.656464	FALSE	ORF1ab:cds-YP_009725295.1	AAA	K	AGA	R	2004
NC_045512.2	6279	C	A	3751	320	40	1	0	25	0.000266525	3752	1	FALSE	ORF1ab:cds-YP_009724389.1	CCA	P	CAA	Q	2005
NC_045512.2	6279	C	A	3751	320	40	1	0	25	0.000266525	3752	1	FALSE	ORF1ab:cds-YP_009725295.1	CCA	P	CAA	Q	2005
NC_045512.2	6281	A	C	3808	415	41	1	0	37	0.000262536	3809	0.937582	FALSE	ORF1ab:cds-YP_009724389.1	AAT	N	CAT	H	2006
NC_045512.2	6281	A	C	3808	415	41	1	0	37	0.000262536	3809	0.937582	FALSE	ORF1ab:cds-YP_009725295.1	AAT	N	CAT	H	2006
NC_045512.2	6282	A	G	3801	419	41	5	5	34	0.00131337	3807	0.363209	FALSE	ORF1ab:cds-YP_009724389.1	AAT	N	AGT	S	2006
NC_045512.2	6282	A	G	3801	419	41	5	5	34	0.00131337	3807	0.363209	FALSE	ORF1ab:cds-YP_009725295.1	AAT	N	AGT	S	2006
NC_045512.2	6282	A	C	3801	419	41	1	1	29	0.000262674	3807	1	FALSE	ORF1ab:cds-YP_009724389.1	AAT	N	ACT	T	2006
NC_045512.2	6282	A	C	3801	419	41	1	1	29	0.000262674	3807	1	FALSE	ORF1ab:cds-YP_009725295.1	AAT	N	ACT	T	2006
NC_045512.2	6283	T	C	3921	435	41	1	0	25	0.000254972	3922	1	FALSE	ORF1ab:cds-YP_009724389.1	AAT	N	AAC	N	2006
NC_045512.2	6283	T	C	3921	435	41	1	0	25	0.000254972	3922	1	FALSE	ORF1ab:cds-YP_009725295.1	AAT	N	AAC	N	2006
NC_045512.2	6286	C	T	3985	480	42	1	0	37	0.000250878	3986	0.937578	FALSE	ORF1ab:cds-YP_009724389.1	ACC	T	ACT	T	2007
NC_045512.2	6286	C	T	3985	480	42	1	0	37	0.000250878	3986	0.937578	FALSE	ORF1ab:cds-YP_009725295.1	ACC	T	ACT	T	2007
NC_045512.2	6287	T	C	3978	469	41	2	0	43	0.000502008	3984	0.24978	FALSE	ORF1ab:cds-YP_009724389.1	TGG	W	CGG	R	2008
NC_045512.2	6287	T	C	3978	469	41	2	0	43	0.000502008	3984	0.24978	FALSE	ORF1ab:cds-YP_009725295.1	TGG	W	CGG	R	2008
NC_045512.2	6287	T	A	3978	469	41	4	3	34	0.00100402	3984	0.499863	FALSE	ORF1ab:cds-YP_009724389.1	TGG	W	AGG	R	2008
NC_045512.2	6287	T	A	3978	469	41	4	3	34	0.00100402	3984	0.499863	FALSE	ORF1ab:cds-YP_009725295.1	TGG	W	AGG	R	2008
NC_045512.2	6287	T	-G	3978	469	41	1	0	20	0.000251004	3984	1	FALSE	NA	NA	NA	NA	NA	NA
NC_045512.2	6288	G	C	4576	491	41	1	0	37	0.000218436	4578	0.968767	FALSE	ORF1ab:cds-YP_009724389.1	TGG	W	TCG	S	2008
NC_045512.2	6288	G	C	4576	491	41	1	0	37	0.000218436	4578	0.968767	FALSE	ORF1ab:cds-YP_009725295.1	TGG	W	TCG	S	2008
NC_045512.2	6288	G	A	4576	491	41	1	0	25	0.000218436	4578	1	FALSE	ORF1ab:cds-YP_009724389.1	TGG	W	TAG	*	2008
NC_045512.2	6288	G	A	4576	491	41	1	0	25	0.000218436	4578	1	FALSE	ORF1ab:cds-YP_009725295.1	TGG	W	TAG	*	2008
NC_045512.2	6289	G	A	5408	491	40	2	0	37	0.000369686	5410	0.937591	FALSE	ORF1ab:cds-YP_009724389.1	TGG	W	TGA	*	2008
NC_045512.2	6289	G	A	5408	491	40	2	0	37	0.000369686	5410	0.937591	FALSE	ORF1ab:cds-YP_009725295.1	TGG	W	TGA	*	2008
NC_045512.2	6290	T	C	5403	496	40	1	0	37	0.000185048	5404	0.984405	FALSE	ORF1ab:cds-YP_009724389.1	TGT	C	CGT	R	2009
NC_045512.2	6290	T	C	5403	496	40	1	0	37	0.000185048	5404	0.984405	FALSE	ORF1ab:cds-YP_009725295.1	TGT	C	CGT	R	2009
NC_045512.2	6291	G	T	5488	495	40	1	0	37	0.000182116	5491	0.984388	FALSE	ORF1ab:cds-YP_009724389.1	TGT	C	TTT	F	2009
NC_045512.2	6291	G	T	5488	495	40	1	0	37	0.000182116	5491	0.984388	FALSE	ORF1ab:cds-YP_009725295.1	TGT	C	TTT	F	2009
NC_045512.2	6291	G	A	5488	495	40	2	0	37	0.000364232	5491	0.93756	FALSE	ORF1ab:cds-YP_009724389.1	TGT	C	TAT	Y	2009
NC_045512.2	6291	G	A	5488	495	40	2	0	37	0.000364232	5491	0.93756	FALSE	ORF1ab:cds-YP_009725295.1	TGT	C	TAT	Y	2009
NC_045512.2	6294	T	C	5525	496	40	1	0	48	0.000180963	5526	0.500045	FALSE	ORF1ab:cds-YP_009724389.1	ATA	I	ACA	T	2010
NC_045512.2	6294	T	C	5525	496	40	1	0	48	0.000180963	5526	0.500045	FALSE	ORF1ab:cds-YP_009725295.1	ATA	I	ACA	T	2010
NC_045512.2	6296	C	T	5559	497	40	3	0	37	0.000539277	5563	0.855557	FALSE	ORF1ab:cds-YP_009724389.1	CGT	R	TGT	C	2011
NC_045512.2	6296	C	T	5559	497	40	3	0	37	0.000539277	5563	0.855557	FALSE	ORF1ab:cds-YP_009725295.1	CGT	R	TGT	C	2011
NC_045512.2	6296	C	A	5559	497	40	1	0	37	0.000179759	5563	0.984379	FALSE	ORF1ab:cds-YP_009724389.1	CGT	R	AGT	S	2011
NC_045512.2	6296	C	A	5559	497	40	1	0	37	0.000179759	5563	0.984379	FALSE	ORF1ab:cds-YP_009725295.1	CGT	R	AGT	S	2011
NC_045512.2	6297	G	A	5534	498	40	6	1	37	0.00108303	5540	0.500122	FALSE	ORF1ab:cds-YP_009724389.1	CGT	R	CAT	H	2011
NC_045512.2	6297	G	A	5534	498	40	6	1	37	0.00108303	5540	0.500122	FALSE	ORF1ab:cds-YP_009725295.1	CGT	R	CAT	H	2011
NC_045512.2	6298	T	C	5542	496	40	1	0	37	0.000180408	5543	0.984405	FALSE	ORF1ab:cds-YP_009724389.1	CGT	R	CGC	R	2011
NC_045512.2	6298	T	C	5542	496	40	1	0	37	0.000180408	5543	0.984405	FALSE	ORF1ab:cds-YP_009725295.1	CGT	R	CGC	R	2011
NC_045512.2	6300	G	A	5682	511	41	1	0	37	0.000175963	5683	0.984404	FALSE	ORF1ab:cds-YP_009724389.1	TGT	C	TAT	Y	2012
NC_045512.2	6300	G	A	5682	511	41	1	0	37	0.000175963	5683	0.984404	FALSE	ORF1ab:cds-YP_009725295.1	TGT	C	TAT	Y	2012
NC_045512.2	6302	C	T	5785	682	42	1	0	37	0.000172801	5787	0.984395	FALSE	ORF1ab:cds-YP_009724389.1	CTT	L	TTT	F	2013
NC_045512.2	6302	C	T	5785	682	42	1	0	37	0.000172801	5787	0.984395	FALSE	ORF1ab:cds-YP_009725295.1	CTT	L	TTT	F	2013
NC_045512.2	6302	C	A	5785	682	42	1	0	37	0.000172801	5787	0.984395	FALSE	ORF1ab:cds-YP_009724389.1	CTT	L	ATT	I	2013
NC_045512.2	6302	C	A	5785	682	42	1	0	37	0.000172801	5787	0.984395	FALSE	ORF1ab:cds-YP_009725295.1	CTT	L	ATT	I	2013
NC_045512.2	6303	T	A	5776	695	42	1	0	37	0.0001731	5777	0.984403	FALSE	ORF1ab:cds-YP_009724389.1	CTT	L	CAT	H	2013
NC_045512.2	6303	T	A	5776	695	42	1	0	37	0.0001731	5777	0.984403	FALSE	ORF1ab:cds-YP_009725295.1	CTT	L	CAT	H	2013
NC_045512.2	6305	T	C	5800	699	42	1	0	37	0.000172354	5802	0.984395	FALSE	ORF1ab:cds-YP_009724389.1	TGG	W	CGG	R	2014
NC_045512.2	6305	T	C	5800	699	42	1	0	37	0.000172354	5802	0.984395	FALSE	ORF1ab:cds-YP_009725295.1	TGG	W	CGG	R	2014
NC_045512.2	6305	T	A	5800	699	42	1	0	20	0.000172354	5802	1	FALSE	ORF1ab:cds-YP_009724389.1	TGG	W	AGG	R	2014
NC_045512.2	6305	T	A	5800	699	42	1	0	20	0.000172354	5802	1	FALSE	ORF1ab:cds-YP_009725295.1	TGG	W	AGG	R	2014
NC_045512.2	6306	G	T	5793	706	42	1	1	74	0.000172592	5794	0.500043	FALSE	ORF1ab:cds-YP_009724389.1	TGG	W	TTG	L	2014
NC_045512.2	6306	G	T	5793	706	42	1	1	74	0.000172592	5794	0.500043	FALSE	ORF1ab:cds-YP_009725295.1	TGG	W	TTG	L	2014
NC_045512.2	6308	A	T	5780	716	42	1	0	37	0.000172891	5784	0.984379	FALSE	ORF1ab:cds-YP_009724389.1	AGC	S	TGC	C	2015
NC_045512.2	6308	A	T	5780	716	42	1	0	37	0.000172891	5784	0.984379	FALSE	ORF1ab:cds-YP_009725295.1	AGC	S	TGC	C	2015
NC_045512.2	6308	A	G	5780	716	42	3	0	40	0.000518672	5784	0.124968	FALSE	ORF1ab:cds-YP_009724389.1	AGC	S	GGC	G	2015
NC_045512.2	6308	A	G	5780	716	42	3	0	40	0.000518672	5784	0.124968	FALSE	ORF1ab:cds-YP_009725295.1	AGC	S	GGC	G	2015
NC_045512.2	6309	G	T	5944	715	42	1	0	74	0.000168095	5949	0.499874	FALSE	ORF1ab:cds-YP_009724389.1	AGC	S	ATC	I	2015
NC_045512.2	6309	G	T	5944	715	42	1	0	74	0.000168095	5949	0.499874	FALSE	ORF1ab:cds-YP_009725295.1	AGC	S	ATC	I	2015
NC_045512.2	6309	G	A	5944	715	42	4	0	34	0.000672382	5949	0.746177	FALSE	ORF1ab:cds-YP_009724389.1	AGC	S	AAC	N	2015
NC_045512.2	6309	G	A	5944	715	42	4	0	34	0.000672382	5949	0.746177	FALSE	ORF1ab:cds-YP_009725295.1	AGC	S	AAC	N	2015
NC_045512.2	6310	C	T	5964	715	42	6	0	37	0.00100503	5970	0.500113	FALSE	ORF1ab:cds-YP_009724389.1	AGC	S	AGT	S	2015
NC_045512.2	6310	C	T	5964	715	42	6	0	37	0.00100503	5970	0.500113	FALSE	ORF1ab:cds-YP_009725295.1	AGC	S	AGT	S	2015
NC_045512.2	6311	A	C	5938	716	42	1	0	25	0.000168379	5939	1	FALSE	ORF1ab:cds-YP_009724389.1	ACA	T	CCA	P	2016
NC_045512.2	6311	A	C	5938	716	42	1	0	25	0.000168379	5939	1	FALSE	ORF1ab:cds-YP_009725295.1	ACA	T	CCA	P	2016
NC_045512.2	6312	C	-A	6009	719	42	5	0	20	0.000832085	6009	1	FALSE	NA	NA	NA	NA	NA	NA
NC_045512.2	6319	A	G	6003	798	42	1	0	37	0.000166556	6004	0.992206	FALSE	ORF1ab:cds-YP_009724389.1	CCA	P	CCG	P	2018
NC_045512.2	6319	A	G	6003	798	42	1	0	37	0.000166556	6004	0.992206	FALSE	ORF1ab:cds-YP_009725295.1	CCA	P	CCG	P	2018
NC_045512.2	6320	G	A	6028	805	43	2	0	31	0.000331675	6030	0.964907	FALSE	ORF1ab:cds-YP_009724389.1	GTT	V	ATT	I	2019
NC_045512.2	6320	G	A	6028	805	43	2	0	31	0.000331675	6030	0.964907	FALSE	ORF1ab:cds-YP_009725295.1	GTT	V	ATT	I	2019
NC_045512.2	6324	A	T	5818	933	42	1	0	25	0.000171851	5819	1	FALSE	ORF1ab:cds-YP_009724389.1	GAA	E	GTA	V	2020
NC_045512.2	6324	A	T	5818	933	42	1	0	25	0.000171851	5819	1	FALSE	ORF1ab:cds-YP_009725295.1	GAA	E	GTA	V	2020
NC_045512.2	6326	A	T	5805	941	43	1	0	37	0.000172206	5807	0.984395	FALSE	ORF1ab:cds-YP_009724389.1	ACA	T	TCA	S	2021
NC_045512.2	6326	A	T	5805	941	43	1	0	37	0.000172206	5807	0.984395	FALSE	ORF1ab:cds-YP_009725295.1	ACA	T	TCA	S	2021
NC_045512.2	6326	A	G	5805	941	43	1	1	74	0.000172206	5807	0.5	FALSE	ORF1ab:cds-YP_009724389.1	ACA	T	GCA	A	2021
NC_045512.2	6326	A	G	5805	941	43	1	1	74	0.000172206	5807	0.5	FALSE	ORF1ab:cds-YP_009725295.1	ACA	T	GCA	A	2021
NC_045512.2	6327	C	T	5922	965	42	1	0	37	0.000168833	5923	0.984403	FALSE	ORF1ab:cds-YP_009724389.1	ACA	T	ATA	I	2021
NC_045512.2	6327	C	T	5922	965	42	1	0	37	0.000168833	5923	0.984403	FALSE	ORF1ab:cds-YP_009725295.1	ACA	T	ATA	I	2021
NC_045512.2	6328	A	G	5898	980	43	1	0	74	0.000169463	5901	0.499958	FALSE	ORF1ab:cds-YP_009724389.1	ACA	T	ACG	T	2021
NC_045512.2	6328	A	G	5898	980	43	1	0	74	0.000169463	5901	0.499958	FALSE	ORF1ab:cds-YP_009725295.1	ACA	T	ACG	T	2021
NC_045512.2	6328	A	C	5898	980	43	2	0	37	0.000338926	5901	0.937556	FALSE	ORF1ab:cds-YP_009724389.1	ACA	T	ACC	T	2021
NC_045512.2	6328	A	C	5898	980	43	2	0	37	0.000338926	5901	0.937556	FALSE	ORF1ab:cds-YP_009725295.1	ACA	T	ACC	T	2021
NC_045512.2	6330	C	T	5182	1227	40	1	0	25	0.000192938	5183	1	FALSE	ORF1ab:cds-YP_009724389.1	TCA	S	TTA	L	2022
NC_045512.2	6330	C	T	5182	1227	40	1	0	25	0.000192938	5183	1	FALSE	ORF1ab:cds-YP_009725295.1	TCA	S	TTA	L	2022
NC_045512.2	6332	A	T	5094	1260	40	1	1	25	0.000196232	5096	1	FALSE	ORF1ab:cds-YP_009724389.1	AAT	N	TAT	Y	2023
NC_045512.2	6332	A	T	5094	1260	40	1	1	25	0.000196232	5096	1	FALSE	ORF1ab:cds-YP_009725295.1	AAT	N	TAT	Y	2023
NC_045512.2	6332	A	G	5094	1260	40	1	0	25	0.000196232	5096	1	FALSE	ORF1ab:cds-YP_009724389.1	AAT	N	GAT	D	2023
NC_045512.2	6332	A	G	5094	1260	40	1	0	25	0.000196232	5096	1	FALSE	ORF1ab:cds-YP_009725295.1	AAT	N	GAT	D	2023
NC_045512.2	6333	A	G	5094	1261	40	2	0	37	0.000392465	5096	0.937597	FALSE	ORF1ab:cds-YP_009724389.1	AAT	N	AGT	S	2023
NC_045512.2	6333	A	G	5094	1261	40	2	0	37	0.000392465	5096	0.937597	FALSE	ORF1ab:cds-YP_009725295.1	AAT	N	AGT	S	2023
NC_045512.2	6335	T	C	5159	1338	41	1	0	37	0.000193798	5160	0.984407	FALSE	ORF1ab:cds-YP_009724389.1	TCG	S	CCG	P	2024
NC_045512.2	6335	T	C	5159	1338	41	1	0	37	0.000193798	5160	0.984407	FALSE	ORF1ab:cds-YP_009725295.1	TCG	S	CCG	P	2024
NC_045512.2	6336	C	T	5157	1305	41	2	0	31	0.000387672	5159	0.937595	FALSE	ORF1ab:cds-YP_009724389.1	TCG	S	TTG	L	2024
NC_045512.2	6336	C	T	5157	1305	41	2	0	31	0.000387672	5159	0.937595	FALSE	ORF1ab:cds-YP_009725295.1	TCG	S	TTG	L	2024
NC_045512.2	6337	G	A	5174	1360	41	1	0	37	0.000193237	5175	0.984407	FALSE	ORF1ab:cds-YP_009724389.1	TCG	S	TCA	S	2024
NC_045512.2	6337	G	A	5174	1360	41	1	0	37	0.000193237	5175	0.984407	FALSE	ORF1ab:cds-YP_009725295.1	TCG	S	TCA	S	2024
NC_045512.2	6341	G	A	5244	1429	41	1	1	37	0.000190658	5245	0.984406	FALSE	ORF1ab:cds-YP_009724389.1	GAT	D	AAT	N	2026
NC_045512.2	6341	G	A	5244	1429	41	1	1	37	0.000190658	5245	0.984406	FALSE	ORF1ab:cds-YP_009725295.1	GAT	D	AAT	N	2026
NC_045512.2	6342	A	G	5137	1452	41	1	0	37	0.000194628	5138	0.984407	FALSE	ORF1ab:cds-YP_009724389.1	GAT	D	GGT	G	2026
NC_045512.2	6342	A	G	5137	1452	41	1	0	37	0.000194628	5138	0.984407	FALSE	ORF1ab:cds-YP_009725295.1	GAT	D	GGT	G	2026
NC_045512.2	6344	G	C	5508	1496	41	1	0	25	0.000181521	5509	1	FALSE	ORF1ab:cds-YP_009724389.1	GTA	V	CTA	L	2027
NC_045512.2	6344	G	C	5508	1496	41	1	0	25	0.000181521	5509	1	FALSE	ORF1ab:cds-YP_009725295.1	GTA	V	CTA	L	2027
NC_045512.2	6345	T	C	5502	1500	41	2	0	37	0.000363306	5505	0.93756	FALSE	ORF1ab:cds-YP_009724389.1	GTA	V	GCA	A	2027
NC_045512.2	6345	T	C	5502	1500	41	2	0	37	0.000363306	5505	0.93756	FALSE	ORF1ab:cds-YP_009725295.1	GTA	V	GCA	A	2027
NC_045512.2	6345	T	A	5502	1500	41	1	0	37	0.000181653	5505	0.984388	FALSE	ORF1ab:cds-YP_009724389.1	GTA	V	GAA	E	2027
NC_045512.2	6345	T	A	5502	1500	41	1	0	37	0.000181653	5505	0.984388	FALSE	ORF1ab:cds-YP_009725295.1	GTA	V	GAA	E	2027
NC_045512.2	6347	C	T	5668	1534	41	2	0	37	0.000352734	5670	0.937587	FALSE	ORF1ab:cds-YP_009724389.1	CTG	L	TTG	L	2028
NC_045512.2	6347	C	T	5668	1534	41	2	0	37	0.000352734	5670	0.937587	FALSE	ORF1ab:cds-YP_009725295.1	CTG	L	TTG	L	2028
NC_045512.2	6348	T	C	5653	1540	41	2	0	37	0.000353607	5656	0.937558	FALSE	ORF1ab:cds-YP_009724389.1	CTG	L	CCG	P	2028
NC_045512.2	6348	T	C	5653	1540	41	2	0	37	0.000353607	5656	0.937558	FALSE	ORF1ab:cds-YP_009725295.1	CTG	L	CCG	P	2028
NC_045512.2	6348	T	A	5653	1540	41	1	1	37	0.000176803	5656	0.984387	FALSE	ORF1ab:cds-YP_009724389.1	CTG	L	CAG	Q	2028
NC_045512.2	6348	T	A	5653	1540	41	1	1	37	0.000176803	5656	0.984387	FALSE	ORF1ab:cds-YP_009725295.1	CTG	L	CAG	Q	2028
NC_045512.2	6350	A	T	5634	1522	41	1	0	37	0.000177431	5636	0.984396	FALSE	ORF1ab:cds-YP_009724389.1	AAG	K	TAG	*	2029
NC_045512.2	6350	A	T	5634	1522	41	1	0	37	0.000177431	5636	0.984396	FALSE	ORF1ab:cds-YP_009725295.1	AAG	K	TAG	*	2029
NC_045512.2	6350	A	G	5634	1522	41	1	0	37	0.000177431	5636	0.984396	FALSE	ORF1ab:cds-YP_009724389.1	AAG	K	GAG	E	2029
NC_045512.2	6350	A	G	5634	1522	41	1	0	37	0.000177431	5636	0.984396	FALSE	ORF1ab:cds-YP_009725295.1	AAG	K	GAG	E	2029
NC_045512.2	6351	A	T	5695	1517	40	1	0	37	0.000175562	5696	0.984404	FALSE	ORF1ab:cds-YP_009724389.1	AAG	K	ATG	M	2029
NC_045512.2	6351	A	T	5695	1517	40	1	0	37	0.000175562	5696	0.984404	FALSE	ORF1ab:cds-YP_009725295.1	AAG	K	ATG	M	2029
NC_045512.2	6352	G	T	5830	1619	41	1	1	25	0.000171438	5833	1	FALSE	ORF1ab:cds-YP_009724389.1	AAG	K	AAT	N	2029
NC_045512.2	6352	G	T	5830	1619	41	1	1	25	0.000171438	5833	1	FALSE	ORF1ab:cds-YP_009725295.1	AAG	K	AAT	N	2029
NC_045512.2	6352	G	A	5830	1619	41	2	2	31	0.000342877	5833	0.937556	FALSE	ORF1ab:cds-YP_009724389.1	AAG	K	AAA	K	2029
NC_045512.2	6352	G	A	5830	1619	41	2	2	31	0.000342877	5833	0.937556	FALSE	ORF1ab:cds-YP_009725295.1	AAG	K	AAA	K	2029
NC_045512.2	6353	T	C	5813	1558	41	2	0	37	0.000343938	5815	0.937585	FALSE	ORF1ab:cds-YP_009724389.1	TCA	S	CCA	P	2030
NC_045512.2	6353	T	C	5813	1558	41	2	0	37	0.000343938	5815	0.937585	FALSE	ORF1ab:cds-YP_009725295.1	TCA	S	CCA	P	2030
NC_045512.2	6354	C	T	5885	1656	41	3	1	49	0.000509511	5888	0.125	FALSE	ORF1ab:cds-YP_009724389.1	TCA	S	TTA	L	2030
NC_045512.2	6354	C	T	5885	1656	41	3	1	49	0.000509511	5888	0.125	FALSE	ORF1ab:cds-YP_009725295.1	TCA	S	TTA	L	2030
NC_045512.2	6355	A	C	5751	1607	41	1	0	37	0.000173853	5752	0.984404	FALSE	ORF1ab:cds-YP_009724389.1	TCA	S	TCC	S	2030
NC_045512.2	6355	A	C	5751	1607	41	1	0	37	0.000173853	5752	0.984404	FALSE	ORF1ab:cds-YP_009725295.1	TCA	S	TCC	S	2030
NC_045512.2	6357	A	T	5819	1732	42	1	0	74	0.000171733	5823	0.499914	FALSE	ORF1ab:cds-YP_009724389.1	GAG	E	GTG	V	2031
NC_045512.2	6357	A	T	5819	1732	42	1	0	74	0.000171733	5823	0.499914	FALSE	ORF1ab:cds-YP_009725295.1	GAG	E	GTG	V	2031
NC_045512.2	6357	A	G	5819	1732	42	3	1	37	0.000515198	5823	0.855553	FALSE	ORF1ab:cds-YP_009724389.1	GAG	E	GGG	G	2031
NC_045512.2	6357	A	G	5819	1732	42	3	1	37	0.000515198	5823	0.855553	FALSE	ORF1ab:cds-YP_009725295.1	GAG	E	GGG	G	2031
NC_045512.2	6358	G	C	5884	1747	42	1	0	25	0.000169924	5885	1	FALSE	ORF1ab:cds-YP_009724389.1	GAG	E	GAC	D	2031
NC_045512.2	6358	G	C	5884	1747	42	1	0	25	0.000169924	5885	1	FALSE	ORF1ab:cds-YP_009725295.1	GAG	E	GAC	D	2031
NC_045512.2	6360	A	G	5769	1743	42	1	0	37	0.00017328	5771	0.984395	FALSE	ORF1ab:cds-YP_009724389.1	GAC	D	GGC	G	2032
NC_045512.2	6360	A	G	5769	1743	42	1	0	37	0.00017328	5771	0.984395	FALSE	ORF1ab:cds-YP_009725295.1	GAC	D	GGC	G	2032
NC_045512.2	6360	A	C	5769	1743	42	1	0	37	0.00017328	5771	0.984395	FALSE	ORF1ab:cds-YP_009724389.1	GAC	D	GCC	A	2032
NC_045512.2	6360	A	C	5769	1743	42	1	0	37	0.00017328	5771	0.984395	FALSE	ORF1ab:cds-YP_009725295.1	GAC	D	GCC	A	2032
NC_045512.2	6361	C	T	5755	1770	42	4	2	37	0.000694565	5759	0.746265	FALSE	ORF1ab:cds-YP_009724389.1	GAC	D	GAT	D	2032
NC_045512.2	6361	C	T	5755	1770	42	4	2	37	0.000694565	5759	0.746265	FALSE	ORF1ab:cds-YP_009725295.1	GAC	D	GAT	D	2032
NC_045512.2	6362	G	T	5752	1823	42	1	0	37	0.000173702	5757	0.984371	FALSE	ORF1ab:cds-YP_009724389.1	GCG	A	TCG	S	2033
NC_045512.2	6362	G	T	5752	1823	42	1	0	37	0.000173702	5757	0.984371	FALSE	ORF1ab:cds-YP_009725295.1	GCG	A	TCG	S	2033
NC_045512.2	6362	G	A	5752	1823	42	4	2	34	0.000694806	5757	0.746179	FALSE	ORF1ab:cds-YP_009724389.1	GCG	A	ACG	T	2033
NC_045512.2	6362	G	A	5752	1823	42	4	2	34	0.000694806	5757	0.746179	FALSE	ORF1ab:cds-YP_009725295.1	GCG	A	ACG	T	2033
NC_045512.2	6363	C	T	5773	1823	42	1	0	74	0.00017319	5774	0.500043	FALSE	ORF1ab:cds-YP_009724389.1	GCG	A	GTG	V	2033
NC_045512.2	6363	C	T	5773	1823	42	1	0	74	0.00017319	5774	0.500043	FALSE	ORF1ab:cds-YP_009725295.1	GCG	A	GTG	V	2033
NC_045512.2	6364	G	T	5763	1819	42	1	1	37	0.00017319	5774	0.984322	FALSE	ORF1ab:cds-YP_009724389.1	GCG	A	GCT	A	2033
NC_045512.2	6364	G	T	5763	1819	42	1	1	37	0.00017319	5774	0.984322	FALSE	ORF1ab:cds-YP_009725295.1	GCG	A	GCT	A	2033
NC_045512.2	6364	G	A	5763	1819	42	10	5	50	0.0017319	5774	0.000972761	TRUE	ORF1ab:cds-YP_009724389.1	GCG	A	GCA	A	2033
NC_045512.2	6364	G	A	5763	1819	42	10	5	50	0.0017319	5774	0.000972761	TRUE	ORF1ab:cds-YP_009725295.1	GCG	A	GCA	A	2033
NC_045512.2	6366	A	G	5691	1821	42	5	0	37	0.000877809	5696	0.623209	FALSE	ORF1ab:cds-YP_009724389.1	CAG	Q	CGG	R	2034
NC_045512.2	6366	A	G	5691	1821	42	5	0	37	0.000877809	5696	0.623209	FALSE	ORF1ab:cds-YP_009725295.1	CAG	Q	CGG	R	2034
NC_045512.2	6369	G	A	5953	1906	42	1	1	74	0.000167954	5954	0.500042	FALSE	ORF1ab:cds-YP_009724389.1	GGA	G	GAA	E	2035
NC_045512.2	6369	G	A	5953	1906	42	1	1	74	0.000167954	5954	0.500042	FALSE	ORF1ab:cds-YP_009725295.1	GGA	G	GAA	E	2035
NC_045512.2	6370	A	G	5931	1902	42	1	1	37	0.000168577	5932	0.984403	FALSE	ORF1ab:cds-YP_009724389.1	GGA	G	GGG	G	2035
NC_045512.2	6370	A	G	5931	1902	42	1	1	37	0.000168577	5932	0.984403	FALSE	ORF1ab:cds-YP_009725295.1	GGA	G	GGG	G	2035
NC_045512.2	6371	A	G	5089	1978	39	2	1	37	0.00039285	5091	0.937597	FALSE	ORF1ab:cds-YP_009724389.1	ATG	M	GTG	V	2036
NC_045512.2	6371	A	G	5089	1978	39	2	1	37	0.00039285	5091	0.937597	FALSE	ORF1ab:cds-YP_009725295.1	ATG	M	GTG	V	2036
NC_045512.2	6372	T	G	5604	2007	41	2	1	37	0.000355935	5619	0.937207	FALSE	ORF1ab:cds-YP_009724389.1	ATG	M	AGG	R	2036
NC_045512.2	6372	T	G	5604	2007	41	2	1	37	0.000355935	5619	0.937207	FALSE	ORF1ab:cds-YP_009725295.1	ATG	M	AGG	R	2036
NC_045512.2	6372	T	C	5604	2007	41	2	0	31	0.000355935	5619	0.937207	FALSE	ORF1ab:cds-YP_009724389.1	ATG	M	ACG	T	2036
NC_045512.2	6372	T	C	5604	2007	41	2	0	31	0.000355935	5619	0.937207	FALSE	ORF1ab:cds-YP_009725295.1	ATG	M	ACG	T	2036
NC_045512.2	6372	T	A	5604	2007	41	11	4	39	0.00195764	5619	0.104698	FALSE	ORF1ab:cds-YP_009724389.1	ATG	M	AAG	K	2036
NC_045512.2	6372	T	A	5604	2007	41	11	4	39	0.00195764	5619	0.104698	FALSE	ORF1ab:cds-YP_009725295.1	ATG	M	AAG	K	2036
NC_045512.2	6373	G	T	5971	2013	41	2	0	37	0.000334784	5974	0.937555	FALSE	ORF1ab:cds-YP_009724389.1	ATG	M	ATT	I	2036
NC_045512.2	6373	G	T	5971	2013	41	2	0	37	0.000334784	5974	0.937555	FALSE	ORF1ab:cds-YP_009725295.1	ATG	M	ATT	I	2036
NC_045512.2	6373	G	A	5971	2013	41	1	0	37	0.000167392	5974	0.984387	FALSE	ORF1ab:cds-YP_009724389.1	ATG	M	ATA	I	2036
NC_045512.2	6373	G	A	5971	2013	41	1	0	37	0.000167392	5974	0.984387	FALSE	ORF1ab:cds-YP_009725295.1	ATG	M	ATA	I	2036
NC_045512.2	6374	G	A	5980	2012	41	2	1	37	0.000334336	5982	0.937582	FALSE	ORF1ab:cds-YP_009724389.1	GAT	D	AAT	N	2037
NC_045512.2	6374	G	A	5980	2012	41	2	1	37	0.000334336	5982	0.937582	FALSE	ORF1ab:cds-YP_009725295.1	GAT	D	AAT	N	2037
NC_045512.2	6375	A	T	6009	2003	41	1	1	25	0.000166362	6011	1	FALSE	ORF1ab:cds-YP_009724389.1	GAT	D	GTT	V	2037
NC_045512.2	6375	A	T	6009	2003	41	1	1	25	0.000166362	6011	1	FALSE	ORF1ab:cds-YP_009725295.1	GAT	D	GTT	V	2037
NC_045512.2	6375	A	G	6009	2003	41	1	1	22	0.000166362	6011	1	FALSE	ORF1ab:cds-YP_009724389.1	GAT	D	GGT	G	2037
NC_045512.2	6375	A	G	6009	2003	41	1	1	22	0.000166362	6011	1	FALSE	ORF1ab:cds-YP_009725295.1	GAT	D	GGT	G	2037
NC_045512.2	6376	T	C	5985	2041	42	2	0	31	0.000333946	5989	0.937527	FALSE	ORF1ab:cds-YP_009724389.1	GAT	D	GAC	D	2037
NC_045512.2	6376	T	C	5985	2041	42	2	0	31	0.000333946	5989	0.937527	FALSE	ORF1ab:cds-YP_009725295.1	GAT	D	GAC	D	2037
NC_045512.2	6376	T	A	5985	2041	42	2	0	37	0.000333946	5989	0.937527	FALSE	ORF1ab:cds-YP_009724389.1	GAT	D	GAA	E	2037
NC_045512.2	6376	T	A	5985	2041	42	2	0	37	0.000333946	5989	0.937527	FALSE	ORF1ab:cds-YP_009725295.1	GAT	D	GAA	E	2037
NC_045512.2	6377	A	T	5966	2001	41	1	0	37	0.000167504	5970	0.984379	FALSE	ORF1ab:cds-YP_009724389.1	AAT	N	TAT	Y	2038
NC_045512.2	6377	A	T	5966	2001	41	1	0	37	0.000167504	5970	0.984379	FALSE	ORF1ab:cds-YP_009725295.1	AAT	N	TAT	Y	2038
NC_045512.2	6377	A	G	5966	2001	41	1	0	37	0.000167504	5970	0.984379	FALSE	ORF1ab:cds-YP_009724389.1	AAT	N	GAT	D	2038
NC_045512.2	6377	A	G	5966	2001	41	1	0	37	0.000167504	5970	0.984379	FALSE	ORF1ab:cds-YP_009725295.1	AAT	N	GAT	D	2038
NC_045512.2	6377	A	C	5966	2001	41	2	0	37	0.000335008	5970	0.937527	FALSE	ORF1ab:cds-YP_009724389.1	AAT	N	CAT	H	2038
NC_045512.2	6377	A	C	5966	2001	41	2	0	37	0.000335008	5970	0.937527	FALSE	ORF1ab:cds-YP_009725295.1	AAT	N	CAT	H	2038
NC_045512.2	6378	A	T	5774	1989	41	1	1	37	0.00017316	5775	0.984403	FALSE	ORF1ab:cds-YP_009724389.1	AAT	N	ATT	I	2038
NC_045512.2	6378	A	T	5774	1989	41	1	1	37	0.00017316	5775	0.984403	FALSE	ORF1ab:cds-YP_009725295.1	AAT	N	ATT	I	2038
NC_045512.2	6382	T	C	5352	1795	41	2	1	31	0.000373552	5354	0.937592	FALSE	ORF1ab:cds-YP_009724389.1	CTT	L	CTC	L	2039
NC_045512.2	6382	T	C	5352	1795	41	2	1	31	0.000373552	5354	0.937592	FALSE	ORF1ab:cds-YP_009725295.1	CTT	L	CTC	L	2039
NC_045512.2	6383	G	A	5372	1849	41	1	1	74	0.000186116	5373	0.500047	FALSE	ORF1ab:cds-YP_009724389.1	GCC	A	ACC	T	2040
NC_045512.2	6383	G	A	5372	1849	41	1	1	74	0.000186116	5373	0.500047	FALSE	ORF1ab:cds-YP_009725295.1	GCC	A	ACC	T	2040
NC_045512.2	6384	C	T	5294	1879	41	4	1	46	0.000754859	5299	0.0624646	FALSE	ORF1ab:cds-YP_009724389.1	GCC	A	GTC	V	2040
NC_045512.2	6384	C	T	5294	1879	41	4	1	46	0.000754859	5299	0.0624646	FALSE	ORF1ab:cds-YP_009725295.1	GCC	A	GTC	V	2040
NC_045512.2	6384	C	G	5294	1879	41	1	1	37	0.000188715	5299	0.984371	FALSE	ORF1ab:cds-YP_009724389.1	GCC	A	GGC	G	2040
NC_045512.2	6384	C	G	5294	1879	41	1	1	37	0.000188715	5299	0.984371	FALSE	ORF1ab:cds-YP_009725295.1	GCC	A	GGC	G	2040
NC_045512.2	6385	C	T	5320	1909	41	1	0	37	0.000187899	5322	0.984397	FALSE	ORF1ab:cds-YP_009724389.1	GCC	A	GCT	A	2040
NC_045512.2	6385	C	T	5320	1909	41	1	0	37	0.000187899	5322	0.984397	FALSE	ORF1ab:cds-YP_009725295.1	GCC	A	GCT	A	2040
NC_045512.2	6385	C	A	5320	1909	41	1	0	37	0.000187899	5322	0.984397	FALSE	ORF1ab:cds-YP_009724389.1	GCC	A	GCA	A	2040
NC_045512.2	6385	C	A	5320	1909	41	1	0	37	0.000187899	5322	0.984397	FALSE	ORF1ab:cds-YP_009725295.1	GCC	A	GCA	A	2040
NC_045512.2	6386	T	C	5250	1863	41	1	0	37	0.000190404	5252	0.984397	FALSE	ORF1ab:cds-YP_009724389.1	TGC	C	CGC	R	2041
NC_045512.2	6386	T	C	5250	1863	41	1	0	37	0.000190404	5252	0.984397	FALSE	ORF1ab:cds-YP_009725295.1	TGC	C	CGC	R	2041
NC_045512.2	6386	T	A	5250	1863	41	1	1	37	0.000190404	5252	0.984397	FALSE	ORF1ab:cds-YP_009724389.1	TGC	C	AGC	S	2041
NC_045512.2	6386	T	A	5250	1863	41	1	1	37	0.000190404	5252	0.984397	FALSE	ORF1ab:cds-YP_009725295.1	TGC	C	AGC	S	2041
NC_045512.2	6388	C	T	5340	1974	41	1	1	74	0.000187231	5341	0.500047	FALSE	ORF1ab:cds-YP_009724389.1	TGC	C	TGT	C	2041
NC_045512.2	6388	C	T	5340	1974	41	1	1	74	0.000187231	5341	0.500047	FALSE	ORF1ab:cds-YP_009725295.1	TGC	C	TGT	C	2041
NC_045512.2	6389	G	T	4944	2097	40	1	0	37	0.000202224	4945	0.968797	FALSE	ORF1ab:cds-YP_009724389.1	GAA	E	TAA	*	2042
NC_045512.2	6389	G	T	4944	2097	40	1	0	37	0.000202224	4945	0.968797	FALSE	ORF1ab:cds-YP_009725295.1	GAA	E	TAA	*	2042
NC_045512.2	6392	G	A	4549	2226	39	1	0	37	0.00021978	4550	0.968801	FALSE	ORF1ab:cds-YP_009724389.1	GAT	D	AAT	N	2043
NC_045512.2	6392	G	A	4549	2226	39	1	0	37	0.00021978	4550	0.968801	FALSE	ORF1ab:cds-YP_009725295.1	GAT	D	AAT	N	2043
NC_045512.2	6393	A	T	4661	2241	39	1	0	37	0.0002145	4662	0.9688	FALSE	ORF1ab:cds-YP_009724389.1	GAT	D	GTT	V	2043
NC_045512.2	6393	A	T	4661	2241	39	1	0	37	0.0002145	4662	0.9688	FALSE	ORF1ab:cds-YP_009725295.1	GAT	D	GTT	V	2043
NC_045512.2	6394	T	C	5035	2568	39	1	1	37	0.000198531	5037	0.984398	FALSE	ORF1ab:cds-YP_009724389.1	GAT	D	GAC	D	2043
NC_045512.2	6394	T	C	5035	2568	39	1	1	37	0.000198531	5037	0.984398	FALSE	ORF1ab:cds-YP_009725295.1	GAT	D	GAC	D	2043
NC_045512.2	6394	T	A	5035	2568	39	1	1	74	0.000198531	5037	0.5	FALSE	ORF1ab:cds-YP_009724389.1	GAT	D	GAA	E	2043
NC_045512.2	6394	T	A	5035	2568	39	1	1	74	0.000198531	5037	0.5	FALSE	ORF1ab:cds-YP_009725295.1	GAT	D	GAA	E	2043
NC_045512.2	6395	C	A	5184	2765	40	2	1	25	0.000385654	5186	1	FALSE	ORF1ab:cds-YP_009724389.1	CTA	L	ATA	I	2044
NC_045512.2	6395	C	A	5184	2765	40	2	1	25	0.000385654	5186	1	FALSE	ORF1ab:cds-YP_009725295.1	CTA	L	ATA	I	2044
NC_045512.2	6395	C	-T	5184	2765	40	1	0	20	0.000192827	5186	1	FALSE	NA	NA	NA	NA	NA	NA
NC_045512.2	6396	T	-A	5210	2810	40	1	0	20	0.000191902	5211	1	FALSE	NA	NA	NA	NA	NA	NA
NC_045512.2	6398	A	G	5214	2798	40	1	0	37	0.000191755	5215	0.984406	FALSE	ORF1ab:cds-YP_009724389.1	AAA	K	GAA	E	2045
NC_045512.2	6398	A	G	5214	2798	40	1	0	37	0.000191755	5215	0.984406	FALSE	ORF1ab:cds-YP_009725295.1	AAA	K	GAA	E	2045
NC_045512.2	6399	A	G	5168	2763	39	1	0	37	0.000193461	5169	0.984407	FALSE	ORF1ab:cds-YP_009724389.1	AAA	K	AGA	R	2045
NC_045512.2	6399	A	G	5168	2763	39	1	0	37	0.000193461	5169	0.984407	FALSE	ORF1ab:cds-YP_009725295.1	AAA	K	AGA	R	2045
NC_045512.2	6400	A	T	5087	2765	39	1	0	25	0.000196541	5088	1	FALSE	ORF1ab:cds-YP_009724389.1	AAA	K	AAT	N	2045
NC_045512.2	6400	A	T	5087	2765	39	1	0	25	0.000196541	5088	1	FALSE	ORF1ab:cds-YP_009725295.1	AAA	K	AAT	N	2045
NC_045512.2	6401	C	T	5287	3014	40	1	1	37	0.000189072	5289	0.984397	FALSE	ORF1ab:cds-YP_009724389.1	CCA	P	TCA	S	2046
NC_045512.2	6401	C	T	5287	3014	40	1	1	37	0.000189072	5289	0.984397	FALSE	ORF1ab:cds-YP_009725295.1	CCA	P	TCA	S	2046
NC_045512.2	6401	C	A	5287	3014	40	1	1	37	0.000189072	5289	0.984397	FALSE	ORF1ab:cds-YP_009724389.1	CCA	P	ACA	T	2046
NC_045512.2	6401	C	A	5287	3014	40	1	1	37	0.000189072	5289	0.984397	FALSE	ORF1ab:cds-YP_009725295.1	CCA	P	ACA	T	2046
NC_045512.2	6402	C	T	5111	2856	40	2	0	37	0.00039116	5113	0.937596	FALSE	ORF1ab:cds-YP_009724389.1	CCA	P	CTA	L	2046
NC_045512.2	6402	C	T	5111	2856	40	2	0	37	0.00039116	5113	0.937596	FALSE	ORF1ab:cds-YP_009725295.1	CCA	P	CTA	L	2046
NC_045512.2	6403	A	T	4888	2644	40	2	1	31	0.000408998	4890	0.890745	FALSE	ORF1ab:cds-YP_009724389.1	CCA	P	CCT	P	2046
NC_045512.2	6403	A	T	4888	2644	40	2	1	31	0.000408998	4890	0.890745	FALSE	ORF1ab:cds-YP_009725295.1	CCA	P	CCT	P	2046
NC_045512.2	6404	G	A	4922	2677	39	1	0	25	0.000203128	4923	1	FALSE	ORF1ab:cds-YP_009724389.1	GTC	V	ATC	I	2047
NC_045512.2	6404	G	A	4922	2677	39	1	0	25	0.000203128	4923	1	FALSE	ORF1ab:cds-YP_009725295.1	GTC	V	ATC	I	2047
NC_045512.2	6405	T	A	4952	2720	40	1	0	37	0.000201898	4953	0.968797	FALSE	ORF1ab:cds-YP_009724389.1	GTC	V	GAC	D	2047
NC_045512.2	6405	T	A	4952	2720	40	1	0	37	0.000201898	4953	0.968797	FALSE	ORF1ab:cds-YP_009725295.1	GTC	V	GAC	D	2047
NC_045512.2	6406	C	G	4990	2725	40	1	1	37	0.000200361	4991	0.968797	FALSE	ORF1ab:cds-YP_009724389.1	GTC	V	GTG	V	2047
NC_045512.2	6406	C	G	4990	2725	40	1	1	37	0.000200361	4991	0.968797	FALSE	ORF1ab:cds-YP_009725295.1	GTC	V	GTG	V	2047
NC_045512.2	6407	T	C	4966	2706	40	1	0	37	0.000201329	4967	0.968797	FALSE	ORF1ab:cds-YP_009724389.1	TCT	S	CCT	P	2048
NC_045512.2	6407	T	C	4966	2706	40	1	0	37	0.000201329	4967	0.968797	FALSE	ORF1ab:cds-YP_009725295.1	TCT	S	CCT	P	2048
NC_045512.2	6409	T	C	5030	2720	40	2	1	37	0.000397456	5032	0.937598	FALSE	ORF1ab:cds-YP_009724389.1	TCT	S	TCC	S	2048
NC_045512.2	6409	T	C	5030	2720	40	2	1	37	0.000397456	5032	0.937598	FALSE	ORF1ab:cds-YP_009725295.1	TCT	S	TCC	S	2048
NC_045512.2	6414	A	G	5104	2923	40	1	1	37	0.000195886	5105	0.984407	FALSE	ORF1ab:cds-YP_009724389.1	GAA	E	GGA	G	2050
NC_045512.2	6414	A	G	5104	2923	40	1	1	37	0.000195886	5105	0.984407	FALSE	ORF1ab:cds-YP_009725295.1	GAA	E	GGA	G	2050
NC_045512.2	6415	A	G	5069	2922	39	2	2	74	0.000394322	5072	0.249975	FALSE	ORF1ab:cds-YP_009724389.1	GAA	E	GAG	E	2050
NC_045512.2	6415	A	G	5069	2922	39	2	2	74	0.000394322	5072	0.249975	FALSE	ORF1ab:cds-YP_009725295.1	GAA	E	GAG	E	2050
NC_045512.2	6415	A	C	5069	2922	39	1	0	37	0.000197161	5072	0.984389	FALSE	ORF1ab:cds-YP_009724389.1	GAA	E	GAC	D	2050
NC_045512.2	6415	A	C	5069	2922	39	1	0	37	0.000197161	5072	0.984389	FALSE	ORF1ab:cds-YP_009725295.1	GAA	E	GAC	D	2050
NC_045512.2	6418	A	G	5041	2817	40	2	1	37	0.000396589	5043	0.937598	FALSE	ORF1ab:cds-YP_009724389.1	GTA	V	GTG	V	2051
NC_045512.2	6418	A	G	5041	2817	40	2	1	37	0.000396589	5043	0.937598	FALSE	ORF1ab:cds-YP_009725295.1	GTA	V	GTG	V	2051
NC_045512.2	6419	G	A	5105	2840	40	2	1	49	0.000391619	5107	0.250024	FALSE	ORF1ab:cds-YP_009724389.1	GTG	V	ATG	M	2052
NC_045512.2	6419	G	A	5105	2840	40	2	1	49	0.000391619	5107	0.250024	FALSE	ORF1ab:cds-YP_009725295.1	GTG	V	ATG	M	2052
NC_045512.2	6420	T	C	5083	2834	40	1	1	37	0.000196696	5084	0.984407	FALSE	ORF1ab:cds-YP_009724389.1	GTG	V	GCG	A	2052
NC_045512.2	6420	T	C	5083	2834	40	1	1	37	0.000196696	5084	0.984407	FALSE	ORF1ab:cds-YP_009725295.1	GTG	V	GCG	A	2052
NC_045512.2	6421	G	T	5105	2833	40	1	1	25	0.00019581	5107	1	FALSE	ORF1ab:cds-YP_009724389.1	GTG	V	GTT	V	2052
NC_045512.2	6421	G	T	5105	2833	40	1	1	25	0.00019581	5107	1	FALSE	ORF1ab:cds-YP_009725295.1	GTG	V	GTT	V	2052
NC_045512.2	6421	G	A	5105	2833	40	1	0	25	0.00019581	5107	1	FALSE	ORF1ab:cds-YP_009724389.1	GTG	V	GTA	V	2052
NC_045512.2	6421	G	A	5105	2833	40	1	0	25	0.00019581	5107	1	FALSE	ORF1ab:cds-YP_009725295.1	GTG	V	GTA	V	2052
NC_045512.2	6422	G	A	5110	2838	40	1	1	37	0.000195656	5111	0.984407	FALSE	ORF1ab:cds-YP_009724389.1	GAA	E	AAA	K	2053
NC_045512.2	6422	G	A	5110	2838	40	1	1	37	0.000195656	5111	0.984407	FALSE	ORF1ab:cds-YP_009725295.1	GAA	E	AAA	K	2053
NC_045512.2	6422	G	-A	5110	2838	40	3	0	20	0.000586969	5111	1	FALSE	NA	NA	NA	NA	NA	NA
NC_045512.2	6423	A	G	5108	2833	40	1	1	37	0.000195733	5109	0.98438	FALSE	ORF1ab:cds-YP_009724389.1	GAA	E	GGA	G	2053
NC_045512.2	6423	A	G	5108	2833	40	1	1	37	0.000195733	5109	0.98438	FALSE	ORF1ab:cds-YP_009725295.1	GAA	E	GGA	G	2053
NC_045512.2	6427	T	A	5107	2769	40	1	0	37	0.000195771	5108	0.984407	FALSE	ORF1ab:cds-YP_009724389.1	AAT	N	AAA	K	2054
NC_045512.2	6427	T	A	5107	2769	40	1	0	37	0.000195771	5108	0.984407	FALSE	ORF1ab:cds-YP_009725295.1	AAT	N	AAA	K	2054
NC_045512.2	6429	C	T	5042	2757	40	1	0	37	0.000198255	5044	0.984398	FALSE	ORF1ab:cds-YP_009724389.1	CCT	P	CTT	L	2055
NC_045512.2	6429	C	T	5042	2757	40	1	0	37	0.000198255	5044	0.984398	FALSE	ORF1ab:cds-YP_009725295.1	CCT	P	CTT	L	2055
NC_045512.2	6429	C	A	5042	2757	40	1	0	37	0.000198255	5044	0.984398	FALSE	ORF1ab:cds-YP_009724389.1	CCT	P	CAT	H	2055
NC_045512.2	6429	C	A	5042	2757	40	1	0	37	0.000198255	5044	0.984398	FALSE	ORF1ab:cds-YP_009725295.1	CCT	P	CAT	H	2055
NC_045512.2	6430	T	C	5050	2775	40	1	1	37	0.000197981	5051	0.984407	FALSE	ORF1ab:cds-YP_009724389.1	CCT	P	CCC	P	2055
NC_045512.2	6430	T	C	5050	2775	40	1	1	37	0.000197981	5051	0.984407	FALSE	ORF1ab:cds-YP_009725295.1	CCT	P	CCC	P	2055
NC_045512.2	6432	C	T	5138	2827	40	1	1	37	0.00019459	5139	0.984407	FALSE	ORF1ab:cds-YP_009724389.1	ACC	T	ATC	I	2056
NC_045512.2	6432	C	T	5138	2827	40	1	1	37	0.00019459	5139	0.984407	FALSE	ORF1ab:cds-YP_009725295.1	ACC	T	ATC	I	2056
NC_045512.2	6433	C	A	5139	2842	40	1	0	25	0.000194553	5140	1	FALSE	ORF1ab:cds-YP_009724389.1	ACC	T	ACA	T	2056
NC_045512.2	6433	C	A	5139	2842	40	1	0	25	0.000194553	5140	1	FALSE	ORF1ab:cds-YP_009725295.1	ACC	T	ACA	T	2056
NC_045512.2	6434	A	G	5106	2798	40	1	1	37	0.00019581	5107	0.984407	FALSE	ORF1ab:cds-YP_009724389.1	ATA	I	GTA	V	2057
NC_045512.2	6434	A	G	5106	2798	40	1	1	37	0.00019581	5107	0.984407	FALSE	ORF1ab:cds-YP_009725295.1	ATA	I	GTA	V	2057
NC_045512.2	6435	T	C	5072	2781	40	1	1	37	0.000197122	5073	0.984407	FALSE	ORF1ab:cds-YP_009724389.1	ATA	I	ACA	T	2057
NC_045512.2	6435	T	C	5072	2781	40	1	1	37	0.000197122	5073	0.984407	FALSE	ORF1ab:cds-YP_009725295.1	ATA	I	ACA	T	2057
NC_045512.2	6436	A	G	5020	2702	40	1	0	37	0.000199164	5021	0.984408	FALSE	ORF1ab:cds-YP_009724389.1	ATA	I	ATG	M	2057
NC_045512.2	6436	A	G	5020	2702	40	1	0	37	0.000199164	5021	0.984408	FALSE	ORF1ab:cds-YP_009725295.1	ATA	I	ATG	M	2057
NC_045512.2	6437	C	T	5093	2797	40	1	0	74	0.000196309	5094	0.500049	FALSE	ORF1ab:cds-YP_009724389.1	CAG	Q	TAG	*	2058
NC_045512.2	6437	C	T	5093	2797	40	1	0	74	0.000196309	5094	0.500049	FALSE	ORF1ab:cds-YP_009725295.1	CAG	Q	TAG	*	2058
NC_045512.2	6438	A	G	5030	2739	40	5	4	34	0.000993049	5035	0.62323	FALSE	ORF1ab:cds-YP_009724389.1	CAG	Q	CGG	R	2058
NC_045512.2	6438	A	G	5030	2739	40	5	4	34	0.000993049	5035	0.62323	FALSE	ORF1ab:cds-YP_009725295.1	CAG	Q	CGG	R	2058
NC_045512.2	6441	A	G	4955	2708	40	1	0	37	0.000201776	4956	0.968797	FALSE	ORF1ab:cds-YP_009724389.1	AAA	K	AGA	R	2059
NC_045512.2	6441	A	G	4955	2708	40	1	0	37	0.000201776	4956	0.968797	FALSE	ORF1ab:cds-YP_009725295.1	AAA	K	AGA	R	2059
NC_045512.2	6442	A	T	4937	2732	40	1	1	37	0.000202511	4938	0.968797	FALSE	ORF1ab:cds-YP_009724389.1	AAA	K	AAT	N	2059
NC_045512.2	6442	A	T	4937	2732	40	1	1	37	0.000202511	4938	0.968797	FALSE	ORF1ab:cds-YP_009725295.1	AAA	K	AAT	N	2059
NC_045512.2	6444	A	G	4969	2757	40	2	1	74	0.000402334	4971	0.250025	FALSE	ORF1ab:cds-YP_009724389.1	GAC	D	GGC	G	2060
NC_045512.2	6444	A	G	4969	2757	40	2	1	74	0.000402334	4971	0.250025	FALSE	ORF1ab:cds-YP_009725295.1	GAC	D	GGC	G	2060
NC_045512.2	6445	C	T	4858	2845	40	2	0	61	0.000411523	4860	0.250026	FALSE	ORF1ab:cds-YP_009724389.1	GAC	D	GAT	D	2060
NC_045512.2	6445	C	T	4858	2845	40	2	0	61	0.000411523	4860	0.250026	FALSE	ORF1ab:cds-YP_009725295.1	GAC	D	GAT	D	2060
NC_045512.2	6446	G	A	4897	2856	40	1	1	37	0.000204165	4898	0.968798	FALSE	ORF1ab:cds-YP_009724389.1	GTT	V	ATT	I	2061
NC_045512.2	6446	G	A	4897	2856	40	1	1	37	0.000204165	4898	0.968798	FALSE	ORF1ab:cds-YP_009725295.1	GTT	V	ATT	I	2061
NC_045512.2	6448	T	G	4821	2930	39	1	1	37	0.000207383	4822	0.968799	FALSE	ORF1ab:cds-YP_009724389.1	GTT	V	GTG	V	2061
NC_045512.2	6448	T	G	4821	2930	39	1	1	37	0.000207383	4822	0.968799	FALSE	ORF1ab:cds-YP_009725295.1	GTT	V	GTG	V	2061
NC_045512.2	6449	C	T	4818	2855	39	1	0	37	0.000207512	4819	0.968799	FALSE	ORF1ab:cds-YP_009724389.1	CTT	L	TTT	F	2062
NC_045512.2	6449	C	T	4818	2855	39	1	0	37	0.000207512	4819	0.968799	FALSE	ORF1ab:cds-YP_009725295.1	CTT	L	TTT	F	2062
NC_045512.2	6450	T	C	4905	2998	40	2	1	37	0.000407581	4907	0.890744	FALSE	ORF1ab:cds-YP_009724389.1	CTT	L	CCT	P	2062
NC_045512.2	6450	T	C	4905	2998	40	2	1	37	0.000407581	4907	0.890744	FALSE	ORF1ab:cds-YP_009725295.1	CTT	L	CCT	P	2062
NC_045512.2	6451	T	C	4916	3019	40	1	1	37	0.000203376	4917	0.968798	FALSE	ORF1ab:cds-YP_009724389.1	CTT	L	CTC	L	2062
NC_045512.2	6451	T	C	4916	3019	40	1	1	37	0.000203376	4917	0.968798	FALSE	ORF1ab:cds-YP_009725295.1	CTT	L	CTC	L	2062
NC_045512.2	6452	G	T	4876	3036	40	1	1	25	0.000205044	4877	1	FALSE	ORF1ab:cds-YP_009724389.1	GAG	E	TAG	*	2063
NC_045512.2	6452	G	T	4876	3036	40	1	1	25	0.000205044	4877	1	FALSE	ORF1ab:cds-YP_009725295.1	GAG	E	TAG	*	2063
NC_045512.2	6453	A	G	5566	3988	42	4	3	37	0.000718133	5570	0.746271	FALSE	ORF1ab:cds-YP_009724389.1	GAG	E	GGG	G	2063
NC_045512.2	6453	A	G	5566	3988	42	4	3	37	0.000718133	5570	0.746271	FALSE	ORF1ab:cds-YP_009725295.1	GAG	E	GGG	G	2063
NC_045512.2	6454	G	C	5723	4145	42	1	0	37	0.000174703	5724	0.984404	FALSE	ORF1ab:cds-YP_009724389.1	GAG	E	GAC	D	2063
NC_045512.2	6454	G	C	5723	4145	42	1	0	37	0.000174703	5724	0.984404	FALSE	ORF1ab:cds-YP_009725295.1	GAG	E	GAC	D	2063
NC_045512.2	6455	T	C	5692	4160	42	1	1	22	0.000175623	5694	1	FALSE	ORF1ab:cds-YP_009724389.1	TGT	C	CGT	R	2064
NC_045512.2	6455	T	C	5692	4160	42	1	1	22	0.000175623	5694	1	FALSE	ORF1ab:cds-YP_009725295.1	TGT	C	CGT	R	2064
NC_045512.2	6455	T	A	5692	4160	42	1	0	25	0.000175623	5694	1	FALSE	ORF1ab:cds-YP_009724389.1	TGT	C	AGT	S	2064
NC_045512.2	6455	T	A	5692	4160	42	1	0	25	0.000175623	5694	1	FALSE	ORF1ab:cds-YP_009725295.1	TGT	C	AGT	S	2064
NC_045512.2	6456	G	T	5663	4128	42	1	1	37	0.000176554	5664	0.984404	FALSE	ORF1ab:cds-YP_009724389.1	TGT	C	TTT	F	2064
NC_045512.2	6456	G	T	5663	4128	42	1	1	37	0.000176554	5664	0.984404	FALSE	ORF1ab:cds-YP_009725295.1	TGT	C	TTT	F	2064
NC_045512.2	6459	A	G	5462	3978	42	1	1	37	0.00018305	5463	0.984405	FALSE	ORF1ab:cds-YP_009724389.1	AAT	N	AGT	S	2065
NC_045512.2	6459	A	G	5462	3978	42	1	1	37	0.00018305	5463	0.984405	FALSE	ORF1ab:cds-YP_009725295.1	AAT	N	AGT	S	2065
NC_045512.2	6461	G	C	5519	3995	42	1	1	37	0.000181061	5523	0.984379	FALSE	ORF1ab:cds-YP_009724389.1	GTG	V	CTG	L	2066
NC_045512.2	6461	G	C	5519	3995	42	1	1	37	0.000181061	5523	0.984379	FALSE	ORF1ab:cds-YP_009725295.1	GTG	V	CTG	L	2066
NC_045512.2	6461	G	A	5519	3995	42	3	2	37	0.000543183	5523	0.855558	FALSE	ORF1ab:cds-YP_009724389.1	GTG	V	ATG	M	2066
NC_045512.2	6461	G	A	5519	3995	42	3	2	37	0.000543183	5523	0.855558	FALSE	ORF1ab:cds-YP_009725295.1	GTG	V	ATG	M	2066
NC_045512.2	6463	G	A	5363	3857	43	1	0	37	0.000186428	5364	0.984406	FALSE	ORF1ab:cds-YP_009724389.1	GTG	V	GTA	V	2066
NC_045512.2	6463	G	A	5363	3857	43	1	0	37	0.000186428	5364	0.984406	FALSE	ORF1ab:cds-YP_009725295.1	GTG	V	GTA	V	2066
NC_045512.2	6464	A	T	5411	3908	43	1	0	37	0.000184775	5412	0.984397	FALSE	ORF1ab:cds-YP_009724389.1	AAA	K	TAA	*	2067
NC_045512.2	6464	A	T	5411	3908	43	1	0	37	0.000184775	5412	0.984397	FALSE	ORF1ab:cds-YP_009725295.1	AAA	K	TAA	*	2067
NC_045512.2	6466	A	T	5370	3877	42	2	1	55	0.000372162	5374	0.24993	FALSE	ORF1ab:cds-YP_009724389.1	AAA	K	AAT	N	2067
NC_045512.2	6466	A	T	5370	3877	42	2	1	55	0.000372162	5374	0.24993	FALSE	ORF1ab:cds-YP_009725295.1	AAA	K	AAT	N	2067
NC_045512.2	6466	A	G	5370	3877	42	2	1	37	0.000372162	5374	0.937531	FALSE	ORF1ab:cds-YP_009724389.1	AAA	K	AAG	K	2067
NC_045512.2	6466	A	G	5370	3877	42	2	1	37	0.000372162	5374	0.937531	FALSE	ORF1ab:cds-YP_009725295.1	AAA	K	AAG	K	2067
NC_045512.2	6469	T	C	5337	3993	42	1	1	37	0.000187336	5338	0.984406	FALSE	ORF1ab:cds-YP_009724389.1	ACT	T	ACC	T	2068
NC_045512.2	6469	T	C	5337	3993	42	1	1	37	0.000187336	5338	0.984406	FALSE	ORF1ab:cds-YP_009725295.1	ACT	T	ACC	T	2068
NC_045512.2	6470	A	T	5290	3967	42	1	1	25	0.000189	5291	1	FALSE	ORF1ab:cds-YP_009724389.1	ACC	T	TCC	S	2069
NC_045512.2	6470	A	T	5290	3967	42	1	1	25	0.000189	5291	1	FALSE	ORF1ab:cds-YP_009725295.1	ACC	T	TCC	S	2069
NC_045512.2	6472	C	T	5275	3956	42	1	0	37	0.000189538	5276	0.984406	FALSE	ORF1ab:cds-YP_009724389.1	ACC	T	ACT	T	2069
NC_045512.2	6472	C	T	5275	3956	42	1	0	37	0.000189538	5276	0.984406	FALSE	ORF1ab:cds-YP_009725295.1	ACC	T	ACT	T	2069
NC_045512.2	6473	G	T	5358	4077	42	1	0	37	0.000186602	5359	0.984406	FALSE	ORF1ab:cds-YP_009724389.1	GAA	E	TAA	*	2070
NC_045512.2	6473	G	T	5358	4077	42	1	0	37	0.000186602	5359	0.984406	FALSE	ORF1ab:cds-YP_009725295.1	GAA	E	TAA	*	2070
NC_045512.2	6474	A	G	5192	4153	41	1	1	37	0.000192567	5193	0.984407	FALSE	ORF1ab:cds-YP_009724389.1	GAA	E	GGA	G	2070
NC_045512.2	6474	A	G	5192	4153	41	1	1	37	0.000192567	5193	0.984407	FALSE	ORF1ab:cds-YP_009725295.1	GAA	E	GGA	G	2070
NC_045512.2	6476	G	T	5292	4265	41	1	1	37	0.000188893	5294	0.984397	FALSE	ORF1ab:cds-YP_009724389.1	GTT	V	TTT	F	2071
NC_045512.2	6476	G	T	5292	4265	41	1	1	37	0.000188893	5294	0.984397	FALSE	ORF1ab:cds-YP_009725295.1	GTT	V	TTT	F	2071
NC_045512.2	6476	G	A	5292	4265	41	1	1	37	0.000188893	5294	0.984397	FALSE	ORF1ab:cds-YP_009724389.1	GTT	V	ATT	I	2071
NC_045512.2	6476	G	A	5292	4265	41	1	1	37	0.000188893	5294	0.984397	FALSE	ORF1ab:cds-YP_009725295.1	GTT	V	ATT	I	2071
NC_045512.2	6478	T	G	6284	5554	43	9	9	37	0.00143016	6293	0.303619	FALSE	ORF1ab:cds-YP_009724389.1	GTT	V	GTG	V	2071
NC_045512.2	6478	T	G	6284	5554	43	9	9	37	0.00143016	6293	0.303619	FALSE	ORF1ab:cds-YP_009725295.1	GTT	V	GTG	V	2071
NC_045512.2	6479	G	A	6337	5613	43	2	2	37	0.000315507	6339	0.964904	FALSE	ORF1ab:cds-YP_009724389.1	GTA	V	ATA	I	2072
NC_045512.2	6479	G	A	6337	5613	43	2	2	37	0.000315507	6339	0.964904	FALSE	ORF1ab:cds-YP_009725295.1	GTA	V	ATA	I	2072
NC_045512.2	6486	A	G	6237	5521	43	1	1	37	0.000160282	6239	0.992201	FALSE	ORF1ab:cds-YP_009724389.1	GAC	D	GGC	G	2074
NC_045512.2	6486	A	G	6237	5521	43	1	1	37	0.000160282	6239	0.992201	FALSE	ORF1ab:cds-YP_009725295.1	GAC	D	GGC	G	2074
NC_045512.2	6486	A	C	6237	5521	43	1	1	37	0.000160282	6239	0.992201	FALSE	ORF1ab:cds-YP_009724389.1	GAC	D	GCC	A	2074
NC_045512.2	6486	A	C	6237	5521	43	1	1	37	0.000160282	6239	0.992201	FALSE	ORF1ab:cds-YP_009725295.1	GAC	D	GCC	A	2074
NC_045512.2	6489	T	C	6062	5367	43	1	1	74	0.000164935	6063	0.500041	FALSE	ORF1ab:cds-YP_009724389.1	ATT	I	ACT	T	2075
NC_045512.2	6489	T	C	6062	5367	43	1	1	74	0.000164935	6063	0.500041	FALSE	ORF1ab:cds-YP_009725295.1	ATT	I	ACT	T	2075
NC_045512.2	6490	T	C	6056	5357	43	1	1	74	0.000165098	6057	0.500041	FALSE	ORF1ab:cds-YP_009724389.1	ATT	I	ATC	I	2075
NC_045512.2	6490	T	C	6056	5357	43	1	1	74	0.000165098	6057	0.500041	FALSE	ORF1ab:cds-YP_009725295.1	ATT	I	ATC	I	2075
NC_045512.2	6493	A	T	6015	5410	42	1	1	20	0.000166196	6017	1	FALSE	ORF1ab:cds-YP_009724389.1	ATA	I	ATT	I	2076
NC_045512.2	6493	A	T	6015	5410	42	1	1	20	0.000166196	6017	1	FALSE	ORF1ab:cds-YP_009725295.1	ATA	I	ATT	I	2076
NC_045512.2	6493	A	G	6015	5410	42	1	1	74	0.000166196	6017	0.5	FALSE	ORF1ab:cds-YP_009724389.1	ATA	I	ATG	M	2076
NC_045512.2	6493	A	G	6015	5410	42	1	1	74	0.000166196	6017	0.5	FALSE	ORF1ab:cds-YP_009725295.1	ATA	I	ATG	M	2076
NC_045512.2	6495	T	C	5491	4988	42	4	4	37	0.000727934	5495	0.746273	FALSE	ORF1ab:cds-YP_009724389.1	CTT	L	CCT	P	2077
NC_045512.2	6495	T	C	5491	4988	42	4	4	37	0.000727934	5495	0.746273	FALSE	ORF1ab:cds-YP_009725295.1	CTT	L	CCT	P	2077
NC_045512.2	6496	T	A	5339	4835	42	1	1	37	0.000187266	5340	0.984406	FALSE	ORF1ab:cds-YP_009724389.1	CTT	L	CTA	L	2077
NC_045512.2	6496	T	A	5339	4835	42	1	1	37	0.000187266	5340	0.984406	FALSE	ORF1ab:cds-YP_009725295.1	CTT	L	CTA	L	2077
NC_045512.2	6498	A	G	5279	4775	42	1	1	37	0.000189394	5280	0.984406	FALSE	ORF1ab:cds-YP_009724389.1	AAA	K	AGA	R	2078
NC_045512.2	6498	A	G	5279	4775	42	1	1	37	0.000189394	5280	0.984406	FALSE	ORF1ab:cds-YP_009725295.1	AAA	K	AGA	R	2078
NC_045512.2	6499	A	G	5299	4806	42	1	1	37	0.000188679	5300	0.984406	FALSE	ORF1ab:cds-YP_009724389.1	AAA	K	AAG	K	2078
NC_045512.2	6499	A	G	5299	4806	42	1	1	37	0.000188679	5300	0.984406	FALSE	ORF1ab:cds-YP_009725295.1	AAA	K	AAG	K	2078
NC_045512.2	6500	C	A	5270	4777	42	1	1	37	0.000189717	5271	0.984406	FALSE	ORF1ab:cds-YP_009724389.1	CCA	P	ACA	T	2079
NC_045512.2	6500	C	A	5270	4777	42	1	1	37	0.000189717	5271	0.984406	FALSE	ORF1ab:cds-YP_009725295.1	CCA	P	ACA	T	2079
NC_045512.2	6503	G	A	4948	4460	42	6	6	43	0.00121114	4954	0.0156108	FALSE	ORF1ab:cds-YP_009724389.1	GCA	A	ACA	T	2080
NC_045512.2	6503	G	A	4948	4460	42	6	6	43	0.00121114	4954	0.0156108	FALSE	ORF1ab:cds-YP_009725295.1	GCA	A	ACA	T	2080
NC_045512.2	6504	C	T	4980	4495	42	3	3	37	0.000602047	4983	0.773602	FALSE	ORF1ab:cds-YP_009724389.1	GCA	A	GTA	V	2080
NC_045512.2	6504	C	T	4980	4495	42	3	3	37	0.000602047	4983	0.773602	FALSE	ORF1ab:cds-YP_009725295.1	GCA	A	GTA	V	2080
NC_045512.2	6507	A	G	4796	4322	41	1	1	37	0.000208464	4797	0.968799	FALSE	ORF1ab:cds-YP_009724389.1	AAT	N	AGT	S	2081
NC_045512.2	6507	A	G	4796	4322	41	1	1	37	0.000208464	4797	0.968799	FALSE	ORF1ab:cds-YP_009725295.1	AAT	N	AGT	S	2081
NC_045512.2	6509	A	C	4787	4371	40	1	1	25	0.000208855	4788	1	FALSE	ORF1ab:cds-YP_009724389.1	AAT	N	CAT	H	2082
NC_045512.2	6509	A	C	4787	4371	40	1	1	25	0.000208855	4788	1	FALSE	ORF1ab:cds-YP_009725295.1	AAT	N	CAT	H	2082
NC_045512.2	6514	T	A	4536	4135	40	2	2	31	0.000440723	4538	0.890754	FALSE	ORF1ab:cds-YP_009724389.1	AGT	S	AGA	R	2083
NC_045512.2	6514	T	A	4536	4135	40	2	2	31	0.000440723	4538	0.890754	FALSE	ORF1ab:cds-YP_009725295.1	AGT	S	AGA	R	2083
NC_045512.2	6517	A	G	4730	4354	41	1	1	37	0.000211372	4731	0.9688	FALSE	ORF1ab:cds-YP_009724389.1	TTA	L	TTG	L	2084
NC_045512.2	6517	A	G	4730	4354	41	1	1	37	0.000211372	4731	0.9688	FALSE	ORF1ab:cds-YP_009725295.1	TTA	L	TTG	L	2084
NC_045512.2	6518	A	T	4723	4348	41	1	1	37	0.000211685	4724	0.9688	FALSE	ORF1ab:cds-YP_009724389.1	AAA	K	TAA	*	2085
NC_045512.2	6518	A	T	4723	4348	41	1	1	37	0.000211685	4724	0.9688	FALSE	ORF1ab:cds-YP_009725295.1	AAA	K	TAA	*	2085
NC_045512.2	6520	A	G	4652	4293	40	1	1	37	0.000214915	4653	0.9688	FALSE	ORF1ab:cds-YP_009724389.1	AAA	K	AAG	K	2085
NC_045512.2	6520	A	G	4652	4293	40	1	1	37	0.000214915	4653	0.9688	FALSE	ORF1ab:cds-YP_009725295.1	AAA	K	AAG	K	2085
NC_045512.2	6521	A	T	4639	4286	40	1	1	25	0.000215517	4640	1	FALSE	ORF1ab:cds-YP_009724389.1	ATT	I	TTT	F	2086
NC_045512.2	6521	A	T	4639	4286	40	1	1	25	0.000215517	4640	1	FALSE	ORF1ab:cds-YP_009725295.1	ATT	I	TTT	F	2086
NC_045512.2	6524	A	G	4676	4333	40	1	1	37	0.000213812	4677	0.9688	FALSE	ORF1ab:cds-YP_009724389.1	ACA	T	GCA	A	2087
NC_045512.2	6524	A	G	4676	4333	40	1	1	37	0.000213812	4677	0.9688	FALSE	ORF1ab:cds-YP_009725295.1	ACA	T	GCA	A	2087
NC_045512.2	6525	C	T	4695	4359	40	1	0	74	0.000212947	4696	0.500053	FALSE	ORF1ab:cds-YP_009724389.1	ACA	T	ATA	I	2087
NC_045512.2	6525	C	T	4695	4359	40	1	0	74	0.000212947	4696	0.500053	FALSE	ORF1ab:cds-YP_009725295.1	ACA	T	ATA	I	2087
NC_045512.2	6526	A	G	4616	4281	40	1	1	37	0.000216544	4618	0.968784	FALSE	ORF1ab:cds-YP_009724389.1	ACA	T	ACG	T	2087
NC_045512.2	6526	A	G	4616	4281	40	1	1	37	0.000216544	4618	0.968784	FALSE	ORF1ab:cds-YP_009725295.1	ACA	T	ACG	T	2087
NC_045512.2	6526	A	C	4616	4281	40	1	1	25	0.000216544	4618	1	FALSE	ORF1ab:cds-YP_009724389.1	ACA	T	ACC	T	2087
NC_045512.2	6526	A	C	4616	4281	40	1	1	25	0.000216544	4618	1	FALSE	ORF1ab:cds-YP_009725295.1	ACA	T	ACC	T	2087
NC_045512.2	6529	A	G	4409	4115	38	1	1	37	0.000226706	4411	0.968785	FALSE	ORF1ab:cds-YP_009724389.1	GAA	E	GAG	E	2088
NC_045512.2	6529	A	G	4409	4115	38	1	1	37	0.000226706	4411	0.968785	FALSE	ORF1ab:cds-YP_009725295.1	GAA	E	GAG	E	2088
NC_045512.2	6529	A	C	4409	4115	38	1	1	37	0.000226706	4411	0.968785	FALSE	ORF1ab:cds-YP_009724389.1	GAA	E	GAC	D	2088
NC_045512.2	6529	A	C	4409	4115	38	1	1	37	0.000226706	4411	0.968785	FALSE	ORF1ab:cds-YP_009725295.1	GAA	E	GAC	D	2088
NC_045512.2	6531	A	T	4435	4159	39	1	1	37	0.000225428	4436	0.968803	FALSE	ORF1ab:cds-YP_009724389.1	GAG	E	GTG	V	2089
NC_045512.2	6531	A	T	4435	4159	39	1	1	37	0.000225428	4436	0.968803	FALSE	ORF1ab:cds-YP_009725295.1	GAG	E	GTG	V	2089
NC_045512.2	6532	G	T	4478	4228	39	1	1	37	0.000223214	4480	0.968785	FALSE	ORF1ab:cds-YP_009724389.1	GAG	E	GAT	D	2089
NC_045512.2	6532	G	T	4478	4228	39	1	1	37	0.000223214	4480	0.968785	FALSE	ORF1ab:cds-YP_009725295.1	GAG	E	GAT	D	2089
NC_045512.2	6532	G	A	4478	4228	39	1	1	37	0.000223214	4480	0.968785	FALSE	ORF1ab:cds-YP_009724389.1	GAG	E	GAA	E	2089
NC_045512.2	6532	G	A	4478	4228	39	1	1	37	0.000223214	4480	0.968785	FALSE	ORF1ab:cds-YP_009725295.1	GAG	E	GAA	E	2089
NC_045512.2	6533	G	A	4474	4224	39	2	2	31	0.000446828	4476	0.890756	FALSE	ORF1ab:cds-YP_009724389.1	GTT	V	ATT	I	2090
NC_045512.2	6533	G	A	4474	4224	39	2	2	31	0.000446828	4476	0.890756	FALSE	ORF1ab:cds-YP_009725295.1	GTT	V	ATT	I	2090
NC_045512.2	6536	G	A	1971	1859	39	2449	2319	39	0.554072	4420	0	TRUE	ORF1ab:cds-YP_009724389.1	GGC	G	AGC	S	2091
NC_045512.2	6536	G	A	1971	1859	39	2449	2319	39	0.554072	4420	0	TRUE	ORF1ab:cds-YP_009725295.1	GGC	G	AGC	S	2091
NC_045512.2	6537	G	A	4406	4174	39	4	4	34	0.000907029	4410	0.636905	FALSE	ORF1ab:cds-YP_009724389.1	GGC	G	GAC	D	2091
NC_045512.2	6537	G	A	4406	4174	39	4	4	34	0.000907029	4410	0.636905	FALSE	ORF1ab:cds-YP_009725295.1	GGC	G	GAC	D	2091
NC_045512.2	6538	C	T	4397	4176	39	2	2	37	0.000454545	4400	0.890705	FALSE	ORF1ab:cds-YP_009724389.1	GGC	G	GGT	G	2091
NC_045512.2	6538	C	T	4397	4176	39	2	2	37	0.000454545	4400	0.890705	FALSE	ORF1ab:cds-YP_009725295.1	GGC	G	GGT	G	2091
NC_045512.2	6538	C	A	4397	4176	39	1	1	37	0.000227273	4400	0.968768	FALSE	ORF1ab:cds-YP_009724389.1	GGC	G	GGA	G	2091
NC_045512.2	6538	C	A	4397	4176	39	1	1	37	0.000227273	4400	0.968768	FALSE	ORF1ab:cds-YP_009725295.1	GGC	G	GGA	G	2091
NC_045512.2	6540	A	G	4271	4061	39	1	1	37	0.000234082	4272	0.968805	FALSE	ORF1ab:cds-YP_009724389.1	CAC	H	CGC	R	2092
NC_045512.2	6540	A	G	4271	4061	39	1	1	37	0.000234082	4272	0.968805	FALSE	ORF1ab:cds-YP_009725295.1	CAC	H	CGC	R	2092
NC_045512.2	6542	A	G	4199	3988	39	2	2	37	0.000476077	4201	0.890764	FALSE	ORF1ab:cds-YP_009724389.1	ACA	T	GCA	A	2093
NC_045512.2	6542	A	G	4199	3988	39	2	2	37	0.000476077	4201	0.890764	FALSE	ORF1ab:cds-YP_009725295.1	ACA	T	GCA	A	2093
NC_045512.2	6543	C	T	4196	3985	39	1	1	37	0.000238209	4198	0.968787	FALSE	ORF1ab:cds-YP_009724389.1	ACA	T	ATA	I	2093
NC_045512.2	6543	C	T	4196	3985	39	1	1	37	0.000238209	4198	0.968787	FALSE	ORF1ab:cds-YP_009725295.1	ACA	T	ATA	I	2093
NC_045512.2	6543	C	A	4196	3985	39	1	1	37	0.000238209	4198	0.968787	FALSE	ORF1ab:cds-YP_009724389.1	ACA	T	AAA	K	2093
NC_045512.2	6543	C	A	4196	3985	39	1	1	37	0.000238209	4198	0.968787	FALSE	ORF1ab:cds-YP_009725295.1	ACA	T	AAA	K	2093
NC_045512.2	6546	A	T	4040	3868	38	1	1	25	0.000247463	4041	1	FALSE	ORF1ab:cds-YP_009724389.1	GAT	D	GTT	V	2094
NC_045512.2	6546	A	T	4040	3868	38	1	1	25	0.000247463	4041	1	FALSE	ORF1ab:cds-YP_009725295.1	GAT	D	GTT	V	2094
NC_045512.2	6549	T	C	3972	3840	38	1	0	37	0.000251699	3973	0.937579	FALSE	ORF1ab:cds-YP_009724389.1	CTA	L	CCA	P	2095
NC_045512.2	6549	T	C	3972	3840	38	1	0	37	0.000251699	3973	0.937579	FALSE	ORF1ab:cds-YP_009725295.1	CTA	L	CCA	P	2095
NC_045512.2	6550	A	T	3924	3830	37	1	1	25	0.000254777	3925	1	FALSE	ORF1ab:cds-YP_009724389.1	CTA	L	CTT	L	2095
NC_045512.2	6550	A	T	3924	3830	37	1	1	25	0.000254777	3925	1	FALSE	ORF1ab:cds-YP_009725295.1	CTA	L	CTT	L	2095
NC_045512.2	6551	A	T	3850	3757	37	1	1	37	0.000259605	3852	0.937549	FALSE	ORF1ab:cds-YP_009724389.1	ATG	M	TTG	L	2096
NC_045512.2	6551	A	T	3850	3757	37	1	1	37	0.000259605	3852	0.937549	FALSE	ORF1ab:cds-YP_009725295.1	ATG	M	TTG	L	2096
NC_045512.2	6551	A	G	3850	3757	37	1	1	62	0.000259605	3852	0.5	FALSE	ORF1ab:cds-YP_009724389.1	ATG	M	GTG	V	2096
NC_045512.2	6551	A	G	3850	3757	37	1	1	62	0.000259605	3852	0.5	FALSE	ORF1ab:cds-YP_009725295.1	ATG	M	GTG	V	2096
NC_045512.2	6553	G	A	3899	3812	38	1	1	37	0.00025641	3900	0.93758	FALSE	ORF1ab:cds-YP_009724389.1	ATG	M	ATA	I	2096
NC_045512.2	6553	G	A	3899	3812	38	1	1	37	0.00025641	3900	0.93758	FALSE	ORF1ab:cds-YP_009725295.1	ATG	M	ATA	I	2096
NC_045512.2	6554	G	C	2506	2428	38	3	0	37	0.00119332	2514	0.499253	FALSE	ORF1ab:cds-YP_009724389.1	GCT	A	CCT	P	2097
NC_045512.2	6554	G	C	2506	2428	38	3	0	37	0.00119332	2514	0.499253	FALSE	ORF1ab:cds-YP_009725295.1	GCT	A	CCT	P	2097
NC_045512.2	6554	G	A	2506	2428	38	5	5	37	0.00198886	2514	0.226073	FALSE	ORF1ab:cds-YP_009724389.1	GCT	A	ACT	T	2097
NC_045512.2	6554	G	A	2506	2428	38	5	5	37	0.00198886	2514	0.226073	FALSE	ORF1ab:cds-YP_009725295.1	GCT	A	ACT	T	2097
NC_045512.2	6555	C	A	2428	2363	37	1	1	37	0.000411692	2429	0.875154	FALSE	ORF1ab:cds-YP_009724389.1	GCT	A	GAT	D	2097
NC_045512.2	6555	C	A	2428	2363	37	1	1	37	0.000411692	2429	0.875154	FALSE	ORF1ab:cds-YP_009725295.1	GCT	A	GAT	D	2097
NC_045512.2	6558	C	T	2211	2146	37	2	2	37	0.000903751	2213	0.687754	FALSE	ORF1ab:cds-YP_009724389.1	GCT	A	GTT	V	2098
NC_045512.2	6558	C	T	2211	2146	37	2	2	37	0.000903751	2213	0.687754	FALSE	ORF1ab:cds-YP_009725295.1	GCT	A	GTT	V	2098
NC_045512.2	6865	G	C	4994	171	36	1	0	37	0.0002002	4995	0.968797	FALSE	ORF1ab:cds-YP_009724389.1	AAG	K	AAC	N	2200
NC_045512.2	6865	G	C	4994	171	36	1	0	37	0.0002002	4995	0.968797	FALSE	ORF1ab:cds-YP_009725295.1	AAG	K	AAC	N	2200
NC_045512.2	6867	A	G	5270	174	36	1	0	37	0.000189717	5271	0.984406	FALSE	ORF1ab:cds-YP_009724389.1	AAT	N	AGT	S	2201
NC_045512.2	6867	A	G	5270	174	36	1	0	37	0.000189717	5271	0.984406	FALSE	ORF1ab:cds-YP_009725295.1	AAT	N	AGT	S	2201
NC_045512.2	6868	T	G	5282	196	36	1	0	37	0.000189286	5283	0.984406	FALSE	ORF1ab:cds-YP_009724389.1	AAT	N	AAG	K	2201
NC_045512.2	6868	T	G	5282	196	36	1	0	37	0.000189286	5283	0.984406	FALSE	ORF1ab:cds-YP_009725295.1	AAT	N	AAG	K	2201
NC_045512.2	6869	A	G	5442	193	37	2	0	31	0.000367377	5444	0.93759	FALSE	ORF1ab:cds-YP_009724389.1	ACT	T	GCT	A	2202
NC_045512.2	6869	A	G	5442	193	37	2	0	31	0.000367377	5444	0.93759	FALSE	ORF1ab:cds-YP_009725295.1	ACT	T	GCT	A	2202
NC_045512.2	6870	C	T	6814	198	37	5	0	37	0.000733138	6820	0.725669	FALSE	ORF1ab:cds-YP_009724389.1	ACT	T	ATT	I	2202
NC_045512.2	6870	C	T	6814	198	37	5	0	37	0.000733138	6820	0.725669	FALSE	ORF1ab:cds-YP_009725295.1	ACT	T	ATT	I	2202
NC_045512.2	6870	C	A	6814	198	37	1	0	37	0.000146628	6820	0.992183	FALSE	ORF1ab:cds-YP_009724389.1	ACT	T	AAT	N	2202
NC_045512.2	6870	C	A	6814	198	37	1	0	37	0.000146628	6820	0.992183	FALSE	ORF1ab:cds-YP_009725295.1	ACT	T	AAT	N	2202
NC_045512.2	6871	T	C	6902	202	36	1	0	37	0.000144865	6903	0.992203	FALSE	ORF1ab:cds-YP_009724389.1	ACT	T	ACC	T	2202
NC_045512.2	6871	T	C	6902	202	36	1	0	37	0.000144865	6903	0.992203	FALSE	ORF1ab:cds-YP_009725295.1	ACT	T	ACC	T	2202
NC_045512.2	6872	G	A	7325	204	37	2	0	37	0.000272963	7327	0.980507	FALSE	ORF1ab:cds-YP_009724389.1	GTT	V	ATT	I	2203
NC_045512.2	6872	G	A	7325	204	37	2	0	37	0.000272963	7327	0.980507	FALSE	ORF1ab:cds-YP_009725295.1	GTT	V	ATT	I	2203
NC_045512.2	6873	T	C	7288	206	36	1	0	37	0.000137174	7290	0.996101	FALSE	ORF1ab:cds-YP_009724389.1	GTT	V	GCT	A	2203
NC_045512.2	6873	T	C	7288	206	36	1	0	37	0.000137174	7290	0.996101	FALSE	ORF1ab:cds-YP_009725295.1	GTT	V	GCT	A	2203
NC_045512.2	6873	T	A	7288	206	36	1	0	37	0.000137174	7290	0.996101	FALSE	ORF1ab:cds-YP_009724389.1	GTT	V	GAT	D	2203
NC_045512.2	6873	T	A	7288	206	36	1	0	37	0.000137174	7290	0.996101	FALSE	ORF1ab:cds-YP_009725295.1	GTT	V	GAT	D	2203
NC_045512.2	6875	A	T	7377	226	37	1	0	37	0.00013552	7379	0.996101	FALSE	ORF1ab:cds-YP_009724389.1	AAG	K	TAG	*	2204
NC_045512.2	6875	A	T	7377	226	37	1	0	37	0.00013552	7379	0.996101	FALSE	ORF1ab:cds-YP_009725295.1	AAG	K	TAG	*	2204
NC_045512.2	6875	A	G	7377	226	37	1	0	37	0.00013552	7379	0.996101	FALSE	ORF1ab:cds-YP_009724389.1	AAG	K	GAG	E	2204
NC_045512.2	6875	A	G	7377	226	37	1	0	37	0.00013552	7379	0.996101	FALSE	ORF1ab:cds-YP_009725295.1	AAG	K	GAG	E	2204
NC_045512.2	6876	A	T	7370	247	37	1	0	37	0.000135667	7371	0.996103	FALSE	ORF1ab:cds-YP_009724389.1	AAG	K	ATG	M	2204
NC_045512.2	6876	A	T	7370	247	37	1	0	37	0.000135667	7371	0.996103	FALSE	ORF1ab:cds-YP_009725295.1	AAG	K	ATG	M	2204
NC_045512.2	6877	G	T	7401	307	37	1	0	37	0.000135099	7402	0.996103	FALSE	ORF1ab:cds-YP_009724389.1	AAG	K	AAT	N	2204
NC_045512.2	6877	G	T	7401	307	37	1	0	37	0.000135099	7402	0.996103	FALSE	ORF1ab:cds-YP_009725295.1	AAG	K	AAT	N	2204
NC_045512.2	6879	G	T	7436	349	38	1	0	37	0.000134427	7439	0.996099	FALSE	ORF1ab:cds-YP_009724389.1	AGT	S	ATT	I	2205
NC_045512.2	6879	G	T	7436	349	38	1	0	37	0.000134427	7439	0.996099	FALSE	ORF1ab:cds-YP_009725295.1	AGT	S	ATT	I	2205
NC_045512.2	6879	G	A	7436	349	38	2	0	37	0.000268853	7439	0.980497	FALSE	ORF1ab:cds-YP_009724389.1	AGT	S	AAT	N	2205
NC_045512.2	6879	G	A	7436	349	38	2	0	37	0.000268853	7439	0.980497	FALSE	ORF1ab:cds-YP_009725295.1	AGT	S	AAT	N	2205
NC_045512.2	6881	G	C	7434	353	38	1	0	37	0.000134499	7435	0.996103	FALSE	ORF1ab:cds-YP_009724389.1	GTC	V	CTC	L	2206
NC_045512.2	6881	G	C	7434	353	38	1	0	37	0.000134499	7435	0.996103	FALSE	ORF1ab:cds-YP_009725295.1	GTC	V	CTC	L	2206
NC_045512.2	6882	T	C	7398	353	37	1	0	37	0.000135153	7399	0.996103	FALSE	ORF1ab:cds-YP_009724389.1	GTC	V	GCC	A	2206
NC_045512.2	6882	T	C	7398	353	37	1	0	37	0.000135153	7399	0.996103	FALSE	ORF1ab:cds-YP_009725295.1	GTC	V	GCC	A	2206
NC_045512.2	6883	C	T	7482	418	38	2	0	37	0.000267237	7484	0.980506	FALSE	ORF1ab:cds-YP_009724389.1	GTC	V	GTT	V	2206
NC_045512.2	6883	C	T	7482	418	38	2	0	37	0.000267237	7484	0.980506	FALSE	ORF1ab:cds-YP_009725295.1	GTC	V	GTT	V	2206
NC_045512.2	6884	G	A	7506	427	38	2	0	37	0.000266383	7508	0.980506	FALSE	ORF1ab:cds-YP_009724389.1	GGT	G	AGT	S	2207
NC_045512.2	6884	G	A	7506	427	38	2	0	37	0.000266383	7508	0.980506	FALSE	ORF1ab:cds-YP_009725295.1	GGT	G	AGT	S	2207
NC_045512.2	6885	G	A	7516	431	38	7	2	52	0.00093048	7523	0.00780523	TRUE	ORF1ab:cds-YP_009724389.1	GGT	G	GAT	D	2207
NC_045512.2	6885	G	A	7516	431	38	7	2	52	0.00093048	7523	0.00780523	TRUE	ORF1ab:cds-YP_009725295.1	GGT	G	GAT	D	2207
NC_045512.2	6886	T	-A	7532	436	38	2	0	20	0.000265534	7532	1	FALSE	NA	NA	NA	NA	NA	NA
NC_045512.2	6887	A	G	7454	434	38	1	0	62	0.000134138	7455	0.499966	FALSE	ORF1ab:cds-YP_009724389.1	AAA	K	GAA	E	2208
NC_045512.2	6887	A	G	7454	434	38	1	0	62	0.000134138	7455	0.499966	FALSE	ORF1ab:cds-YP_009725295.1	AAA	K	GAA	E	2208
NC_045512.2	6888	A	C	7407	450	38	1	0	25	0.000134989	7408	1	FALSE	ORF1ab:cds-YP_009724389.1	AAA	K	ACA	T	2208
NC_045512.2	6888	A	C	7407	450	38	1	0	25	0.000134989	7408	1	FALSE	ORF1ab:cds-YP_009725295.1	AAA	K	ACA	T	2208
NC_045512.2	6890	T	C	7484	473	37	1	0	25	0.000133583	7486	1	FALSE	ORF1ab:cds-YP_009724389.1	TTT	F	CTT	L	2209
NC_045512.2	6890	T	C	7484	473	37	1	0	25	0.000133583	7486	1	FALSE	ORF1ab:cds-YP_009725295.1	TTT	F	CTT	L	2209
NC_045512.2	6890	T	A	7484	473	37	1	0	37	0.000133583	7486	0.996101	FALSE	ORF1ab:cds-YP_009724389.1	TTT	F	ATT	I	2209
NC_045512.2	6890	T	A	7484	473	37	1	0	37	0.000133583	7486	0.996101	FALSE	ORF1ab:cds-YP_009725295.1	TTT	F	ATT	I	2209
NC_045512.2	6892	T	C	7738	479	38	1	0	25	0.000129216	7739	1	FALSE	ORF1ab:cds-YP_009724389.1	TTT	F	TTC	F	2209
NC_045512.2	6892	T	C	7738	479	38	1	0	25	0.000129216	7739	1	FALSE	ORF1ab:cds-YP_009725295.1	TTT	F	TTC	F	2209
NC_045512.2	6893	T	G	7810	480	38	2	2	37	0.000256016	7812	0.980505	FALSE	ORF1ab:cds-YP_009724389.1	TGT	C	GGT	G	2210
NC_045512.2	6893	T	G	7810	480	38	2	2	37	0.000256016	7812	0.980505	FALSE	ORF1ab:cds-YP_009725295.1	TGT	C	GGT	G	2210
NC_045512.2	6894	G	A	8097	498	38	3	0	37	0.00037037	8100	0.967345	FALSE	ORF1ab:cds-YP_009724389.1	TGT	C	TAT	Y	2210
NC_045512.2	6894	G	A	8097	498	38	3	0	37	0.00037037	8100	0.967345	FALSE	ORF1ab:cds-YP_009725295.1	TGT	C	TAT	Y	2210
NC_045512.2	6895	T	C	8137	505	38	1	0	37	0.00012288	8138	0.998052	FALSE	ORF1ab:cds-YP_009724389.1	TGT	C	TGC	C	2210
NC_045512.2	6895	T	C	8137	505	38	1	0	37	0.00012288	8138	0.998052	FALSE	ORF1ab:cds-YP_009725295.1	TGT	C	TGC	C	2210
NC_045512.2	6896	C	T	8134	501	38	1	0	37	0.000122926	8135	0.998052	FALSE	ORF1ab:cds-YP_009724389.1	CTA	L	TTA	L	2211
NC_045512.2	6896	C	T	8134	501	38	1	0	37	0.000122926	8135	0.998052	FALSE	ORF1ab:cds-YP_009725295.1	CTA	L	TTA	L	2211
NC_045512.2	6898	A	G	8194	565	39	3	0	33	0.000365988	8197	0.967344	FALSE	ORF1ab:cds-YP_009724389.1	CTA	L	CTG	L	2211
NC_045512.2	6898	A	G	8194	565	39	3	0	33	0.000365988	8197	0.967344	FALSE	ORF1ab:cds-YP_009725295.1	CTA	L	CTG	L	2211
NC_045512.2	6899	G	T	7927	572	38	1	0	25	0.000126119	7929	1	FALSE	ORF1ab:cds-YP_009724389.1	GAG	E	TAG	*	2212
NC_045512.2	6899	G	T	7927	572	38	1	0	25	0.000126119	7929	1	FALSE	ORF1ab:cds-YP_009725295.1	GAG	E	TAG	*	2212
NC_045512.2	6899	G	C	7927	572	38	1	0	37	0.000126119	7929	0.996101	FALSE	ORF1ab:cds-YP_009724389.1	GAG	E	CAG	Q	2212
NC_045512.2	6899	G	C	7927	572	38	1	0	37	0.000126119	7929	0.996101	FALSE	ORF1ab:cds-YP_009725295.1	GAG	E	CAG	Q	2212
NC_045512.2	6900	A	G	8177	576	39	1	0	25	0.000122279	8178	1	FALSE	ORF1ab:cds-YP_009724389.1	GAG	E	GGG	G	2212
NC_045512.2	6900	A	G	8177	576	39	1	0	25	0.000122279	8178	1	FALSE	ORF1ab:cds-YP_009725295.1	GAG	E	GGG	G	2212
NC_045512.2	6901	G	A	8276	577	39	1	0	74	0.000120817	8277	0.50003	FALSE	ORF1ab:cds-YP_009724389.1	GAG	E	GAA	E	2212
NC_045512.2	6901	G	A	8276	577	39	1	0	74	0.000120817	8277	0.50003	FALSE	ORF1ab:cds-YP_009725295.1	GAG	E	GAA	E	2212
NC_045512.2	6902	G	C	8325	608	39	1	0	37	0.000120034	8331	0.998047	FALSE	ORF1ab:cds-YP_009724389.1	GCT	A	CCT	P	2213
NC_045512.2	6902	G	C	8325	608	39	1	0	37	0.000120034	8331	0.998047	FALSE	ORF1ab:cds-YP_009725295.1	GCT	A	CCT	P	2213
NC_045512.2	6902	G	A	8325	608	39	5	0	37	0.000600168	8331	0.866671	FALSE	ORF1ab:cds-YP_009724389.1	GCT	A	ACT	T	2213
NC_045512.2	6902	G	A	8325	608	39	5	0	37	0.000600168	8331	0.866671	FALSE	ORF1ab:cds-YP_009725295.1	GCT	A	ACT	T	2213
NC_045512.2	6903	C	T	8293	594	38	1	0	37	0.000120569	8294	0.998052	FALSE	ORF1ab:cds-YP_009724389.1	GCT	A	GTT	V	2213
NC_045512.2	6903	C	T	8293	594	38	1	0	37	0.000120569	8294	0.998052	FALSE	ORF1ab:cds-YP_009725295.1	GCT	A	GTT	V	2213
NC_045512.2	6903	C	-T	8293	594	38	1	0	20	0.000120569	8294	1	FALSE	NA	NA	NA	NA	NA	NA
NC_045512.2	6904	T	G	8117	611	38	2	0	28	0.000246184	8124	1	FALSE	ORF1ab:cds-YP_009724389.1	GCT	A	GCG	A	2213
NC_045512.2	6904	T	G	8117	611	38	2	0	28	0.000246184	8124	1	FALSE	ORF1ab:cds-YP_009725295.1	GCT	A	GCG	A	2213
NC_045512.2	6904	T	C	8117	611	38	2	0	37	0.000246184	8124	0.98925	FALSE	ORF1ab:cds-YP_009724389.1	GCT	A	GCC	A	2213
NC_045512.2	6904	T	C	8117	611	38	2	0	37	0.000246184	8124	0.98925	FALSE	ORF1ab:cds-YP_009725295.1	GCT	A	GCC	A	2213
NC_045512.2	6904	T	A	8117	611	38	3	2	49	0.000369276	8124	0.124885	FALSE	ORF1ab:cds-YP_009724389.1	GCT	A	GCA	A	2213
NC_045512.2	6904	T	A	8117	611	38	3	2	49	0.000369276	8124	0.124885	FALSE	ORF1ab:cds-YP_009725295.1	GCT	A	GCA	A	2213
NC_045512.2	6905	T	C	8340	687	39	1	0	37	0.00011989	8341	0.998052	FALSE	ORF1ab:cds-YP_009724389.1	TCA	S	CCA	P	2214
NC_045512.2	6905	T	C	8340	687	39	1	0	37	0.00011989	8341	0.998052	FALSE	ORF1ab:cds-YP_009725295.1	TCA	S	CCA	P	2214
NC_045512.2	6906	C	T	8386	694	39	2	0	37	0.000238436	8388	0.989281	FALSE	ORF1ab:cds-YP_009724389.1	TCA	S	TTA	L	2214
NC_045512.2	6906	C	T	8386	694	39	2	0	37	0.000238436	8388	0.989281	FALSE	ORF1ab:cds-YP_009725295.1	TCA	S	TTA	L	2214
NC_045512.2	6907	A	-T	8441	730	40	1	0	20	0.000118469	8441	1	FALSE	NA	NA	NA	NA	NA	NA
NC_045512.2	6909	T	C	8474	735	40	1	0	37	0.000117994	8475	0.998052	FALSE	ORF1ab:cds-YP_009724389.1	TTT	F	TCT	S	2215
NC_045512.2	6909	T	C	8474	735	40	1	0	37	0.000117994	8475	0.998052	FALSE	ORF1ab:cds-YP_009725295.1	TTT	F	TCT	S	2215
NC_045512.2	6910	T	C	8520	743	40	2	1	49	0.000234687	8522	0.250015	FALSE	ORF1ab:cds-YP_009724389.1	TTT	F	TTC	F	2215
NC_045512.2	6910	T	C	8520	743	40	2	1	49	0.000234687	8522	0.250015	FALSE	ORF1ab:cds-YP_009725295.1	TTT	F	TTC	F	2215
NC_045512.2	6913	T	C	8206	758	39	1	0	37	0.000121847	8207	0.998052	FALSE	ORF1ab:cds-YP_009724389.1	AAT	N	AAC	N	2216
NC_045512.2	6913	T	C	8206	758	39	1	0	37	0.000121847	8207	0.998052	FALSE	ORF1ab:cds-YP_009725295.1	AAT	N	AAC	N	2216
NC_045512.2	6917	T	G	8620	845	40	1	0	37	0.000115996	8621	0.998052	FALSE	ORF1ab:cds-YP_009724389.1	TTG	L	GTG	V	2218
NC_045512.2	6917	T	G	8620	845	40	1	0	37	0.000115996	8621	0.998052	FALSE	ORF1ab:cds-YP_009725295.1	TTG	L	GTG	V	2218
NC_045512.2	6918	T	C	8707	954	41	1	1	62	0.000114837	8708	0.500029	FALSE	ORF1ab:cds-YP_009724389.1	TTG	L	TCG	S	2218
NC_045512.2	6918	T	C	8707	954	41	1	1	62	0.000114837	8708	0.500029	FALSE	ORF1ab:cds-YP_009725295.1	TTG	L	TCG	S	2218
NC_045512.2	6919	G	A	8580	994	41	1	0	37	0.000116537	8581	0.998052	FALSE	ORF1ab:cds-YP_009724389.1	TTG	L	TTA	L	2218
NC_045512.2	6919	G	A	8580	994	41	1	0	37	0.000116537	8581	0.998052	FALSE	ORF1ab:cds-YP_009725295.1	TTG	L	TTA	L	2218
NC_045512.2	6920	A	T	8636	989	41	1	0	74	0.000115781	8637	0.500029	FALSE	ORF1ab:cds-YP_009724389.1	AAG	K	TAG	*	2219
NC_045512.2	6920	A	T	8636	989	41	1	0	74	0.000115781	8637	0.500029	FALSE	ORF1ab:cds-YP_009725295.1	AAG	K	TAG	*	2219
NC_045512.2	6923	T	C	8728	1000	42	3	0	37	0.000343446	8735	0.967285	FALSE	ORF1ab:cds-YP_009724389.1	TCA	S	CCA	P	2220
NC_045512.2	6923	T	C	8728	1000	42	3	0	37	0.000343446	8735	0.967285	FALSE	ORF1ab:cds-YP_009725295.1	TCA	S	CCA	P	2220
NC_045512.2	6923	T	A	8728	1000	42	4	0	40	0.000457928	8735	0.0624499	FALSE	ORF1ab:cds-YP_009724389.1	TCA	S	ACA	T	2220
NC_045512.2	6923	T	A	8728	1000	42	4	0	40	0.000457928	8735	0.0624499	FALSE	ORF1ab:cds-YP_009725295.1	TCA	S	ACA	T	2220
NC_045512.2	6924	C	T	8849	998	41	1	0	37	0.000112969	8852	0.99805	FALSE	ORF1ab:cds-YP_009724389.1	TCA	S	TTA	L	2220
NC_045512.2	6924	C	T	8849	998	41	1	0	37	0.000112969	8852	0.99805	FALSE	ORF1ab:cds-YP_009725295.1	TCA	S	TTA	L	2220
NC_045512.2	6924	C	G	8849	998	41	2	0	37	0.000225938	8852	0.989275	FALSE	ORF1ab:cds-YP_009724389.1	TCA	S	TGA	*	2220
NC_045512.2	6924	C	G	8849	998	41	2	0	37	0.000225938	8852	0.989275	FALSE	ORF1ab:cds-YP_009725295.1	TCA	S	TGA	*	2220
NC_045512.2	6925	A	T	8889	1021	42	1	0	37	0.000112473	8891	0.998051	FALSE	ORF1ab:cds-YP_009724389.1	TCA	S	TCT	S	2220
NC_045512.2	6925	A	T	8889	1021	42	1	0	37	0.000112473	8891	0.998051	FALSE	ORF1ab:cds-YP_009725295.1	TCA	S	TCT	S	2220
NC_045512.2	6925	A	G	8889	1021	42	1	0	37	0.000112473	8891	0.998051	FALSE	ORF1ab:cds-YP_009724389.1	TCA	S	TCG	S	2220
NC_045512.2	6925	A	G	8889	1021	42	1	0	37	0.000112473	8891	0.998051	FALSE	ORF1ab:cds-YP_009725295.1	TCA	S	TCG	S	2220
NC_045512.2	6926	C	T	8885	1016	41	1	0	37	0.000112537	8886	0.998052	FALSE	ORF1ab:cds-YP_009724389.1	CCT	P	TCT	S	2221
NC_045512.2	6926	C	T	8885	1016	41	1	0	37	0.000112537	8886	0.998052	FALSE	ORF1ab:cds-YP_009725295.1	CCT	P	TCT	S	2221
NC_045512.2	6928	T	C	8913	1137	42	1	0	37	0.000112183	8914	0.998052	FALSE	ORF1ab:cds-YP_009724389.1	CCT	P	CCC	P	2221
NC_045512.2	6928	T	C	8913	1137	42	1	0	37	0.000112183	8914	0.998052	FALSE	ORF1ab:cds-YP_009725295.1	CCT	P	CCC	P	2221
NC_045512.2	6930	A	T	8963	1142	42	1	0	37	0.000111545	8965	0.998051	FALSE	ORF1ab:cds-YP_009724389.1	AAT	N	ATT	I	2222
NC_045512.2	6930	A	T	8963	1142	42	1	0	37	0.000111545	8965	0.998051	FALSE	ORF1ab:cds-YP_009725295.1	AAT	N	ATT	I	2222
NC_045512.2	6930	A	G	8963	1142	42	1	0	37	0.000111545	8965	0.998051	FALSE	ORF1ab:cds-YP_009724389.1	AAT	N	AGT	S	2222
NC_045512.2	6930	A	G	8963	1142	42	1	0	37	0.000111545	8965	0.998051	FALSE	ORF1ab:cds-YP_009725295.1	AAT	N	AGT	S	2222
NC_045512.2	6930	A	-T	8963	1142	42	1	0	20	0.000111545	8965	1	FALSE	NA	NA	NA	NA	NA	NA
NC_045512.2	6932	T	G	8909	1140	42	1	0	37	0.000112233	8910	0.998052	FALSE	ORF1ab:cds-YP_009724389.1	TTT	F	GTT	V	2223
NC_045512.2	6932	T	G	8909	1140	42	1	0	37	0.000112233	8910	0.998052	FALSE	ORF1ab:cds-YP_009725295.1	TTT	F	GTT	V	2223
NC_045512.2	6935	T	C	9084	1239	43	3	0	33	0.000330142	9087	0.980753	FALSE	ORF1ab:cds-YP_009724389.1	TCT	S	CCT	P	2224
NC_045512.2	6935	T	C	9084	1239	43	3	0	33	0.000330142	9087	0.980753	FALSE	ORF1ab:cds-YP_009725295.1	TCT	S	CCT	P	2224
NC_045512.2	6936	C	A	8945	1240	42	1	0	25	0.000111782	8946	1	FALSE	ORF1ab:cds-YP_009724389.1	TCT	S	TAT	Y	2224
NC_045512.2	6936	C	A	8945	1240	42	1	0	25	0.000111782	8946	1	FALSE	ORF1ab:cds-YP_009725295.1	TCT	S	TAT	Y	2224
NC_045512.2	6938	A	G	9068	1249	43	2	0	37	0.000220507	9070	0.994155	FALSE	ORF1ab:cds-YP_009724389.1	AAA	K	GAA	E	2225
NC_045512.2	6938	A	G	9068	1249	43	2	0	37	0.000220507	9070	0.994155	FALSE	ORF1ab:cds-YP_009725295.1	AAA	K	GAA	E	2225
NC_045512.2	6939	A	T	8967	1277	43	1	0	25	0.000111508	8968	1	FALSE	ORF1ab:cds-YP_009724389.1	AAA	K	ATA	I	2225
NC_045512.2	6939	A	T	8967	1277	43	1	0	25	0.000111508	8968	1	FALSE	ORF1ab:cds-YP_009725295.1	AAA	K	ATA	I	2225
NC_045512.2	6940	A	G	8839	1317	43	2	1	37	0.000226219	8841	0.98928	FALSE	ORF1ab:cds-YP_009724389.1	AAA	K	AAG	K	2225
NC_045512.2	6940	A	G	8839	1317	43	2	1	37	0.000226219	8841	0.98928	FALSE	ORF1ab:cds-YP_009725295.1	AAA	K	AAG	K	2225
NC_045512.2	6942	T	C	8205	1530	42	1	0	37	0.000121847	8207	0.998051	FALSE	ORF1ab:cds-YP_009724389.1	CTG	L	CCG	P	2226
NC_045512.2	6942	T	C	8205	1530	42	1	0	37	0.000121847	8207	0.998051	FALSE	ORF1ab:cds-YP_009725295.1	CTG	L	CCG	P	2226
NC_045512.2	6942	T	A	8205	1530	42	1	0	25	0.000121847	8207	1	FALSE	ORF1ab:cds-YP_009724389.1	CTG	L	CAG	Q	2226
NC_045512.2	6942	T	A	8205	1530	42	1	0	25	0.000121847	8207	1	FALSE	ORF1ab:cds-YP_009725295.1	CTG	L	CAG	Q	2226
NC_045512.2	6943	G	T	8387	1520	42	1	0	74	0.000119161	8392	0.499911	FALSE	ORF1ab:cds-YP_009724389.1	CTG	L	CTT	L	2226
NC_045512.2	6943	G	T	8387	1520	42	1	0	74	0.000119161	8392	0.499911	FALSE	ORF1ab:cds-YP_009725295.1	CTG	L	CTT	L	2226
NC_045512.2	6943	G	C	8387	1520	42	2	0	31	0.000238322	8392	0.989266	FALSE	ORF1ab:cds-YP_009724389.1	CTG	L	CTC	L	2226
NC_045512.2	6943	G	C	8387	1520	42	2	0	31	0.000238322	8392	0.989266	FALSE	ORF1ab:cds-YP_009725295.1	CTG	L	CTC	L	2226
NC_045512.2	6943	G	A	8387	1520	42	2	1	55	0.000238322	8392	0.249926	FALSE	ORF1ab:cds-YP_009724389.1	CTG	L	CTA	L	2226
NC_045512.2	6943	G	A	8387	1520	42	2	1	55	0.000238322	8392	0.249926	FALSE	ORF1ab:cds-YP_009725295.1	CTG	L	CTA	L	2226
NC_045512.2	6945	T	+A	8513	1582	42	1	0	20	0.000117467	8513	1	FALSE	NA	NA	NA	NA	NA	NA
NC_045512.2	6947	A	G	8304	1595	42	1	1	25	0.000120409	8305	1	FALSE	ORF1ab:cds-YP_009724389.1	AAT	N	GAT	D	2228
NC_045512.2	6947	A	G	8304	1595	42	1	1	25	0.000120409	8305	1	FALSE	ORF1ab:cds-YP_009725295.1	AAT	N	GAT	D	2228
NC_045512.2	6949	T	G	8512	1638	42	1	0	37	0.000117454	8514	0.998051	FALSE	ORF1ab:cds-YP_009724389.1	AAT	N	AAG	K	2228
NC_045512.2	6949	T	G	8512	1638	42	1	0	37	0.000117454	8514	0.998051	FALSE	ORF1ab:cds-YP_009725295.1	AAT	N	AAG	K	2228
NC_045512.2	6949	T	A	8512	1638	42	1	0	25	0.000117454	8514	1	FALSE	ORF1ab:cds-YP_009724389.1	AAT	N	AAA	K	2228
NC_045512.2	6949	T	A	8512	1638	42	1	0	25	0.000117454	8514	1	FALSE	ORF1ab:cds-YP_009725295.1	AAT	N	AAA	K	2228
NC_045512.2	6950	A	C	8459	1592	41	4	0	34	0.000472646	8463	0.927102	FALSE	ORF1ab:cds-YP_009724389.1	ATT	I	CTT	L	2229
NC_045512.2	6950	A	C	8459	1592	41	4	0	34	0.000472646	8463	0.927102	FALSE	ORF1ab:cds-YP_009725295.1	ATT	I	CTT	L	2229
NC_045512.2	6951	T	G	8262	1937	43	1	0	25	0.000120992	8265	1	FALSE	ORF1ab:cds-YP_009724389.1	ATT	I	AGT	S	2229
NC_045512.2	6951	T	G	8262	1937	43	1	0	25	0.000120992	8265	1	FALSE	ORF1ab:cds-YP_009725295.1	ATT	I	AGT	S	2229
NC_045512.2	6951	T	C	8262	1937	43	2	1	31	0.000241984	8265	0.989276	FALSE	ORF1ab:cds-YP_009724389.1	ATT	I	ACT	T	2229
NC_045512.2	6951	T	C	8262	1937	43	2	1	31	0.000241984	8265	0.989276	FALSE	ORF1ab:cds-YP_009725295.1	ATT	I	ACT	T	2229
NC_045512.2	6952	T	C	8251	1901	43	4	1	37	0.000484555	8255	0.927104	FALSE	ORF1ab:cds-YP_009724389.1	ATT	I	ATC	I	2229
NC_045512.2	6952	T	C	8251	1901	43	4	1	37	0.000484555	8255	0.927104	FALSE	ORF1ab:cds-YP_009725295.1	ATT	I	ATC	I	2229
NC_045512.2	6953	A	G	7785	2030	42	2	0	37	0.000256838	7787	0.980505	FALSE	ORF1ab:cds-YP_009724389.1	ATA	I	GTA	V	2230
NC_045512.2	6953	A	G	7785	2030	42	2	0	37	0.000256838	7787	0.980505	FALSE	ORF1ab:cds-YP_009725295.1	ATA	I	GTA	V	2230
NC_045512.2	6954	T	C	7713	2055	42	1	0	37	0.000129634	7714	0.996103	FALSE	ORF1ab:cds-YP_009724389.1	ATA	I	ACA	T	2230
NC_045512.2	6954	T	C	7713	2055	42	1	0	37	0.000129634	7714	0.996103	FALSE	ORF1ab:cds-YP_009725295.1	ATA	I	ACA	T	2230
NC_045512.2	6956	A	G	7624	2295	42	1	0	37	0.000131148	7625	0.996103	FALSE	ORF1ab:cds-YP_009724389.1	ATT	I	GTT	V	2231
NC_045512.2	6956	A	G	7624	2295	42	1	0	37	0.000131148	7625	0.996103	FALSE	ORF1ab:cds-YP_009725295.1	ATT	I	GTT	V	2231
NC_045512.2	6957	T	C	7409	2276	42	1	0	25	0.000134953	7410	1	FALSE	ORF1ab:cds-YP_009724389.1	ATT	I	ACT	T	2231
NC_045512.2	6957	T	C	7409	2276	42	1	0	25	0.000134953	7410	1	FALSE	ORF1ab:cds-YP_009725295.1	ATT	I	ACT	T	2231
NC_045512.2	6959	T	G	7705	2385	43	1	1	37	0.000129769	7706	0.996103	FALSE	ORF1ab:cds-YP_009724389.1	TGG	W	GGG	G	2232
NC_045512.2	6959	T	G	7705	2385	43	1	1	37	0.000129769	7706	0.996103	FALSE	ORF1ab:cds-YP_009725295.1	TGG	W	GGG	G	2232
NC_045512.2	6960	G	T	7576	2384	42	2	0	37	0.000263922	7578	0.980506	FALSE	ORF1ab:cds-YP_009724389.1	TGG	W	TTG	L	2232
NC_045512.2	6960	G	T	7576	2384	42	2	0	37	0.000263922	7578	0.980506	FALSE	ORF1ab:cds-YP_009725295.1	TGG	W	TTG	L	2232
NC_045512.2	6961	G	T	7701	2630	43	3	1	41	0.000389358	7705	0.124976	FALSE	ORF1ab:cds-YP_009724389.1	TGG	W	TGT	C	2232
NC_045512.2	6961	G	T	7701	2630	43	3	1	41	0.000389358	7705	0.124976	FALSE	ORF1ab:cds-YP_009725295.1	TGG	W	TGT	C	2232
NC_045512.2	6961	G	A	7701	2630	43	1	1	74	0.000129786	7705	0.499935	FALSE	ORF1ab:cds-YP_009724389.1	TGG	W	TGA	*	2232
NC_045512.2	6961	G	A	7701	2630	43	1	1	74	0.000129786	7705	0.499935	FALSE	ORF1ab:cds-YP_009725295.1	TGG	W	TGA	*	2232
NC_045512.2	6961	G	-T	7701	2630	43	1	0	20	0.000129786	7705	1	FALSE	NA	NA	NA	NA	NA	NA
NC_045512.2	6962	T	G	7625	2613	43	1	0	37	0.000131113	7627	0.996099	FALSE	ORF1ab:cds-YP_009724389.1	TTT	F	GTT	V	2233
NC_045512.2	6962	T	G	7625	2613	43	1	0	37	0.000131113	7627	0.996099	FALSE	ORF1ab:cds-YP_009725295.1	TTT	F	GTT	V	2233
NC_045512.2	6962	T	A	7625	2613	43	1	1	20	0.000131113	7627	1	FALSE	ORF1ab:cds-YP_009724389.1	TTT	F	ATT	I	2233
NC_045512.2	6962	T	A	7625	2613	43	1	1	20	0.000131113	7627	1	FALSE	ORF1ab:cds-YP_009725295.1	TTT	F	ATT	I	2233
NC_045512.2	6963	T	G	7551	2743	43	1	0	37	0.000132398	7553	0.996101	FALSE	ORF1ab:cds-YP_009724389.1	TTT	F	TGT	C	2233
NC_045512.2	6963	T	G	7551	2743	43	1	0	37	0.000132398	7553	0.996101	FALSE	ORF1ab:cds-YP_009725295.1	TTT	F	TGT	C	2233
NC_045512.2	6963	T	C	7551	2743	43	1	0	74	0.000132398	7553	0.5	FALSE	ORF1ab:cds-YP_009724389.1	TTT	F	TCT	S	2233
NC_045512.2	6963	T	C	7551	2743	43	1	0	74	0.000132398	7553	0.5	FALSE	ORF1ab:cds-YP_009725295.1	TTT	F	TCT	S	2233
NC_045512.2	6964	T	C	7618	2732	43	1	0	37	0.000131251	7619	0.996103	FALSE	ORF1ab:cds-YP_009724389.1	TTT	F	TTC	F	2233
NC_045512.2	6964	T	C	7618	2732	43	1	0	37	0.000131251	7619	0.996103	FALSE	ORF1ab:cds-YP_009725295.1	TTT	F	TTC	F	2233
NC_045512.2	6966	T	G	7167	3143	43	3	3	37	0.00041841	7170	0.945398	FALSE	ORF1ab:cds-YP_009724389.1	TTA	L	TGA	*	2234
NC_045512.2	6966	T	G	7167	3143	43	3	3	37	0.00041841	7170	0.945398	FALSE	ORF1ab:cds-YP_009725295.1	TTA	L	TGA	*	2234
NC_045512.2	6967	A	G	7254	3222	43	1	1	37	0.000137836	7255	0.996103	FALSE	ORF1ab:cds-YP_009724389.1	TTA	L	TTG	L	2234
NC_045512.2	6967	A	G	7254	3222	43	1	1	37	0.000137836	7255	0.996103	FALSE	ORF1ab:cds-YP_009725295.1	TTA	L	TTG	L	2234
NC_045512.2	6968	C	T	7233	3283	41	1	1	37	0.000138217	7235	0.996101	FALSE	ORF1ab:cds-YP_009724389.1	CTA	L	TTA	L	2235
NC_045512.2	6968	C	T	7233	3283	41	1	1	37	0.000138217	7235	0.996101	FALSE	ORF1ab:cds-YP_009725295.1	CTA	L	TTA	L	2235
NC_045512.2	6968	C	G	7233	3283	41	1	1	37	0.000138217	7235	0.996101	FALSE	ORF1ab:cds-YP_009724389.1	CTA	L	GTA	V	2235
NC_045512.2	6968	C	G	7233	3283	41	1	1	37	0.000138217	7235	0.996101	FALSE	ORF1ab:cds-YP_009725295.1	CTA	L	GTA	V	2235
NC_045512.2	6969	T	C	7340	3284	42	3	1	37	0.000408552	7343	0.945396	FALSE	ORF1ab:cds-YP_009724389.1	CTA	L	CCA	P	2235
NC_045512.2	6969	T	C	7340	3284	42	3	1	37	0.000408552	7343	0.945396	FALSE	ORF1ab:cds-YP_009725295.1	CTA	L	CCA	P	2235
NC_045512.2	6970	A	T	7380	3325	42	2	1	31	0.000270929	7382	0.980507	FALSE	ORF1ab:cds-YP_009724389.1	CTA	L	CTT	L	2235
NC_045512.2	6970	A	T	7380	3325	42	2	1	31	0.000270929	7382	0.980507	FALSE	ORF1ab:cds-YP_009725295.1	CTA	L	CTT	L	2235
NC_045512.2	6971	T	G	6641	3594	40	1	0	22	0.000150557	6642	1	FALSE	ORF1ab:cds-YP_009724389.1	TTA	L	GTA	V	2236
NC_045512.2	6971	T	G	6641	3594	40	1	0	22	0.000150557	6642	1	FALSE	ORF1ab:cds-YP_009725295.1	TTA	L	GTA	V	2236
NC_045512.2	6973	A	T	6364	3680	39	2	1	31	0.00031407	6368	0.96487	FALSE	ORF1ab:cds-YP_009724389.1	TTA	L	TTT	F	2236
NC_045512.2	6973	A	T	6364	3680	39	2	1	31	0.00031407	6368	0.96487	FALSE	ORF1ab:cds-YP_009725295.1	TTA	L	TTT	F	2236
NC_045512.2	6973	A	G	6364	3680	39	1	0	37	0.000157035	6368	0.992192	FALSE	ORF1ab:cds-YP_009724389.1	TTA	L	TTG	L	2236
NC_045512.2	6973	A	G	6364	3680	39	1	0	37	0.000157035	6368	0.992192	FALSE	ORF1ab:cds-YP_009725295.1	TTA	L	TTG	L	2236
NC_045512.2	6973	A	C	6364	3680	39	1	0	37	0.000157035	6368	0.992192	FALSE	ORF1ab:cds-YP_009724389.1	TTA	L	TTC	F	2236
NC_045512.2	6973	A	C	6364	3680	39	1	0	37	0.000157035	6368	0.992192	FALSE	ORF1ab:cds-YP_009725295.1	TTA	L	TTC	F	2236
NC_045512.2	6974	A	G	6393	3721	39	2	2	37	0.000312744	6395	0.964904	FALSE	ORF1ab:cds-YP_009724389.1	AGT	S	GGT	G	2237
NC_045512.2	6974	A	G	6393	3721	39	2	2	37	0.000312744	6395	0.964904	FALSE	ORF1ab:cds-YP_009725295.1	AGT	S	GGT	G	2237
NC_045512.2	6975	G	A	6572	3734	39	1	1	37	0.000152138	6573	0.992204	FALSE	ORF1ab:cds-YP_009724389.1	AGT	S	AAT	N	2237
NC_045512.2	6975	G	A	6572	3734	39	1	1	37	0.000152138	6573	0.992204	FALSE	ORF1ab:cds-YP_009725295.1	AGT	S	AAT	N	2237
NC_045512.2	6976	T	C	6613	3711	39	2	2	37	0.000302343	6615	0.964902	FALSE	ORF1ab:cds-YP_009724389.1	AGT	S	AGC	S	2237
NC_045512.2	6976	T	C	6613	3711	39	2	2	37	0.000302343	6615	0.964902	FALSE	ORF1ab:cds-YP_009725295.1	AGT	S	AGC	S	2237
NC_045512.2	6978	T	C	6498	3633	39	1	0	37	0.00015387	6499	0.992204	FALSE	ORF1ab:cds-YP_009724389.1	GTT	V	GCT	A	2238
NC_045512.2	6978	T	C	6498	3633	39	1	0	37	0.00015387	6499	0.992204	FALSE	ORF1ab:cds-YP_009725295.1	GTT	V	GCT	A	2238
NC_045512.2	6980	T	C	6506	3613	39	1	1	37	0.000153681	6507	0.992204	FALSE	ORF1ab:cds-YP_009724389.1	TGC	C	CGC	R	2239
NC_045512.2	6980	T	C	6506	3613	39	1	1	37	0.000153681	6507	0.992204	FALSE	ORF1ab:cds-YP_009725295.1	TGC	C	CGC	R	2239
NC_045512.2	6982	C	A	6559	3677	39	3	1	32	0.000457178	6562	0.910269	FALSE	ORF1ab:cds-YP_009724389.1	TGC	C	TGA	*	2239
NC_045512.2	6982	C	A	6559	3677	39	3	1	32	0.000457178	6562	0.910269	FALSE	ORF1ab:cds-YP_009725295.1	TGC	C	TGA	*	2239
NC_045512.2	6984	T	C	6465	3558	39	3	2	44	0.000463822	6468	0.125	FALSE	ORF1ab:cds-YP_009724389.1	CTA	L	CCA	P	2240
NC_045512.2	6984	T	C	6465	3558	39	3	2	44	0.000463822	6468	0.125	FALSE	ORF1ab:cds-YP_009725295.1	CTA	L	CCA	P	2240
NC_045512.2	6985	A	T	6435	3546	39	1	1	37	0.000155328	6438	0.992196	FALSE	ORF1ab:cds-YP_009724389.1	CTA	L	CTT	L	2240
NC_045512.2	6985	A	T	6435	3546	39	1	1	37	0.000155328	6438	0.992196	FALSE	ORF1ab:cds-YP_009725295.1	CTA	L	CTT	L	2240
NC_045512.2	6985	A	G	6435	3546	39	2	1	55	0.000310655	6438	0.249981	FALSE	ORF1ab:cds-YP_009724389.1	CTA	L	CTG	L	2240
NC_045512.2	6985	A	G	6435	3546	39	2	1	55	0.000310655	6438	0.249981	FALSE	ORF1ab:cds-YP_009725295.1	CTA	L	CTG	L	2240
NC_045512.2	6986	G	T	6451	3588	39	1	1	37	0.000154991	6452	0.992204	FALSE	ORF1ab:cds-YP_009724389.1	GGT	G	TGT	C	2241
NC_045512.2	6986	G	T	6451	3588	39	1	1	37	0.000154991	6452	0.992204	FALSE	ORF1ab:cds-YP_009725295.1	GGT	G	TGT	C	2241
NC_045512.2	6987	G	T	6469	3595	39	1	0	37	0.000154536	6471	0.9922	FALSE	ORF1ab:cds-YP_009724389.1	GGT	G	GTT	V	2241
NC_045512.2	6987	G	T	6469	3595	39	1	0	37	0.000154536	6471	0.9922	FALSE	ORF1ab:cds-YP_009725295.1	GGT	G	GTT	V	2241
NC_045512.2	6987	G	A	6469	3595	39	1	1	37	0.000154536	6471	0.9922	FALSE	ORF1ab:cds-YP_009724389.1	GGT	G	GAT	D	2241
NC_045512.2	6987	G	A	6469	3595	39	1	1	37	0.000154536	6471	0.9922	FALSE	ORF1ab:cds-YP_009725295.1	GGT	G	GAT	D	2241
NC_045512.2	6988	T	A	6502	3614	39	1	0	37	0.000153775	6503	0.992204	FALSE	ORF1ab:cds-YP_009724389.1	GGT	G	GGA	G	2241
NC_045512.2	6988	T	A	6502	3614	39	1	0	37	0.000153775	6503	0.992204	FALSE	ORF1ab:cds-YP_009725295.1	GGT	G	GGA	G	2241
NC_045512.2	6991	T	C	6999	4270	39	3	2	57	0.000428388	7003	0.124973	FALSE	ORF1ab:cds-YP_009724389.1	TCT	S	TCC	S	2242
NC_045512.2	6991	T	C	6999	4270	39	3	2	57	0.000428388	7003	0.124973	FALSE	ORF1ab:cds-YP_009725295.1	TCT	S	TCC	S	2242
NC_045512.2	6991	T	A	6999	4270	39	1	0	37	0.000142796	7003	0.996097	FALSE	ORF1ab:cds-YP_009724389.1	TCT	S	TCA	S	2242
NC_045512.2	6991	T	A	6999	4270	39	1	0	37	0.000142796	7003	0.996097	FALSE	ORF1ab:cds-YP_009725295.1	TCT	S	TCA	S	2242
NC_045512.2	6992	T	C	7094	4378	40	2	2	31	0.000281849	7096	0.980508	FALSE	ORF1ab:cds-YP_009724389.1	TTA	L	CTA	L	2243
NC_045512.2	6992	T	C	7094	4378	40	2	2	31	0.000281849	7096	0.980508	FALSE	ORF1ab:cds-YP_009725295.1	TTA	L	CTA	L	2243
NC_045512.2	6993	T	C	7123	4407	40	2	1	37	0.000280702	7125	0.980508	FALSE	ORF1ab:cds-YP_009724389.1	TTA	L	TCA	S	2243
NC_045512.2	6993	T	C	7123	4407	40	2	1	37	0.000280702	7125	0.980508	FALSE	ORF1ab:cds-YP_009725295.1	TTA	L	TCA	S	2243
NC_045512.2	6994	A	G	7141	4384	40	1	1	37	0.000139997	7143	0.996101	FALSE	ORF1ab:cds-YP_009724389.1	TTA	L	TTG	L	2243
NC_045512.2	6994	A	G	7141	4384	40	1	1	37	0.000139997	7143	0.996101	FALSE	ORF1ab:cds-YP_009725295.1	TTA	L	TTG	L	2243
NC_045512.2	6994	A	C	7141	4384	40	1	0	37	0.000139997	7143	0.996101	FALSE	ORF1ab:cds-YP_009724389.1	TTA	L	TTC	F	2243
NC_045512.2	6994	A	C	7141	4384	40	1	0	37	0.000139997	7143	0.996101	FALSE	ORF1ab:cds-YP_009725295.1	TTA	L	TTC	F	2243
NC_045512.2	6996	T	C	7005	4490	39	1	0	37	0.000142735	7006	0.996104	FALSE	ORF1ab:cds-YP_009724389.1	ATC	I	ACC	T	2244
NC_045512.2	6996	T	C	7005	4490	39	1	0	37	0.000142735	7006	0.996104	FALSE	ORF1ab:cds-YP_009725295.1	ATC	I	ACC	T	2244
NC_045512.2	6997	C	T	7076	4440	39	1	1	37	0.000141303	7077	0.996104	FALSE	ORF1ab:cds-YP_009724389.1	ATC	I	ATT	I	2244
NC_045512.2	6997	C	T	7076	4440	39	1	1	37	0.000141303	7077	0.996104	FALSE	ORF1ab:cds-YP_009725295.1	ATC	I	ATT	I	2244
NC_045512.2	6998	T	C	7072	4430	39	2	1	55	0.000282686	7075	0.249982	FALSE	ORF1ab:cds-YP_009724389.1	TAC	Y	CAC	H	2245
NC_045512.2	6998	T	C	7072	4430	39	2	1	55	0.000282686	7075	0.249982	FALSE	ORF1ab:cds-YP_009725295.1	TAC	Y	CAC	H	2245
NC_045512.2	6998	T	A	7072	4430	39	1	0	74	0.000141343	7075	0.499965	FALSE	ORF1ab:cds-YP_009724389.1	TAC	Y	AAC	N	2245
NC_045512.2	6998	T	A	7072	4430	39	1	0	74	0.000141343	7075	0.499965	FALSE	ORF1ab:cds-YP_009725295.1	TAC	Y	AAC	N	2245
NC_045512.2	6999	A	G	7130	4401	39	1	0	37	0.000140233	7131	0.996104	FALSE	ORF1ab:cds-YP_009724389.1	TAC	Y	TGC	C	2245
NC_045512.2	6999	A	G	7130	4401	39	1	0	37	0.000140233	7131	0.996104	FALSE	ORF1ab:cds-YP_009725295.1	TAC	Y	TGC	C	2245
NC_045512.2	7000	C	A	7128	4422	39	1	0	37	0.000140272	7129	0.996104	FALSE	ORF1ab:cds-YP_009724389.1	TAC	Y	TAA	*	2245
NC_045512.2	7000	C	A	7128	4422	39	1	0	37	0.000140272	7129	0.996104	FALSE	ORF1ab:cds-YP_009725295.1	TAC	Y	TAA	*	2245
NC_045512.2	7001	T	C	7149	4427	39	2	2	37	0.000279681	7151	0.980508	FALSE	ORF1ab:cds-YP_009724389.1	TCA	S	CCA	P	2246
NC_045512.2	7001	T	C	7149	4427	39	2	2	37	0.000279681	7151	0.980508	FALSE	ORF1ab:cds-YP_009725295.1	TCA	S	CCA	P	2246
NC_045512.2	7004	A	C	6907	4302	38	1	1	25	0.00014476	6908	1	FALSE	ORF1ab:cds-YP_009724389.1	ACC	T	CCC	P	2247
NC_045512.2	7004	A	C	6907	4302	38	1	1	25	0.00014476	6908	1	FALSE	ORF1ab:cds-YP_009725295.1	ACC	T	CCC	P	2247
NC_045512.2	7005	C	T	7115	4519	39	2	2	37	0.000281017	7117	0.980508	FALSE	ORF1ab:cds-YP_009724389.1	ACC	T	ATC	I	2247
NC_045512.2	7005	C	T	7115	4519	39	2	2	37	0.000281017	7117	0.980508	FALSE	ORF1ab:cds-YP_009725295.1	ACC	T	ATC	I	2247
NC_045512.2	7007	G	T	6935	4413	39	2	0	37	0.000287894	6947	0.964741	FALSE	ORF1ab:cds-YP_009724389.1	GCT	A	TCT	S	2248
NC_045512.2	7007	G	T	6935	4413	39	2	0	37	0.000287894	6947	0.964741	FALSE	ORF1ab:cds-YP_009725295.1	GCT	A	TCT	S	2248
NC_045512.2	7007	G	A	6935	4413	39	10	4	37	0.00143947	6947	0.227029	FALSE	ORF1ab:cds-YP_009724389.1	GCT	A	ACT	T	2248
NC_045512.2	7007	G	A	6935	4413	39	10	4	37	0.00143947	6947	0.227029	FALSE	ORF1ab:cds-YP_009725295.1	GCT	A	ACT	T	2248
NC_045512.2	7008	C	T	6868	4372	39	1	0	37	0.000145582	6869	0.992203	FALSE	ORF1ab:cds-YP_009724389.1	GCT	A	GTT	V	2248
NC_045512.2	7008	C	T	6868	4372	39	1	0	37	0.000145582	6869	0.992203	FALSE	ORF1ab:cds-YP_009725295.1	GCT	A	GTT	V	2248
NC_045512.2	7009	T	A	6871	4411	39	1	0	25	0.000145518	6872	1	FALSE	ORF1ab:cds-YP_009724389.1	GCT	A	GCA	A	2248
NC_045512.2	7009	T	A	6871	4411	39	1	0	25	0.000145518	6872	1	FALSE	ORF1ab:cds-YP_009725295.1	GCT	A	GCA	A	2248
NC_045512.2	7010	G	T	7274	4391	39	1	0	37	0.000137363	7280	0.996093	FALSE	ORF1ab:cds-YP_009724389.1	GCT	A	TCT	S	2249
NC_045512.2	7010	G	T	7274	4391	39	1	0	37	0.000137363	7280	0.996093	FALSE	ORF1ab:cds-YP_009725295.1	GCT	A	TCT	S	2249
NC_045512.2	7010	G	C	7274	4391	39	1	0	25	0.000137363	7280	1	FALSE	ORF1ab:cds-YP_009724389.1	GCT	A	CCT	P	2249
NC_045512.2	7010	G	C	7274	4391	39	1	0	25	0.000137363	7280	1	FALSE	ORF1ab:cds-YP_009725295.1	GCT	A	CCT	P	2249
NC_045512.2	7010	G	A	7274	4391	39	4	3	37	0.000549451	7280	0.886763	FALSE	ORF1ab:cds-YP_009724389.1	GCT	A	ACT	T	2249
NC_045512.2	7010	G	A	7274	4391	39	4	3	37	0.000549451	7280	0.886763	FALSE	ORF1ab:cds-YP_009725295.1	GCT	A	ACT	T	2249
NC_045512.2	7011	C	T	7266	4379	39	2	1	31	0.000275179	7268	0.980507	FALSE	ORF1ab:cds-YP_009724389.1	GCT	A	GTT	V	2249
NC_045512.2	7011	C	T	7266	4379	39	2	1	31	0.000275179	7268	0.980507	FALSE	ORF1ab:cds-YP_009725295.1	GCT	A	GTT	V	2249
NC_045512.2	7011	C	-T	7266	4379	39	1	0	20	0.000137589	7268	1	FALSE	NA	NA	NA	NA	NA	NA
NC_045512.2	7012	T	C	7244	4415	38	1	1	37	0.000138026	7245	0.996101	FALSE	ORF1ab:cds-YP_009724389.1	GCT	A	GCC	A	2249
NC_045512.2	7012	T	C	7244	4415	38	1	1	37	0.000138026	7245	0.996101	FALSE	ORF1ab:cds-YP_009725295.1	GCT	A	GCC	A	2249
NC_045512.2	7014	T	C	7896	5121	40	1	0	37	0.00012663	7897	0.996103	FALSE	ORF1ab:cds-YP_009724389.1	TTA	L	TCA	S	2250
NC_045512.2	7014	T	C	7896	5121	40	1	0	37	0.00012663	7897	0.996103	FALSE	ORF1ab:cds-YP_009725295.1	TTA	L	TCA	S	2250
NC_045512.2	7015	A	G	7864	5143	40	1	1	37	0.000127146	7865	0.996103	FALSE	ORF1ab:cds-YP_009724389.1	TTA	L	TTG	L	2250
NC_045512.2	7015	A	G	7864	5143	40	1	1	37	0.000127146	7865	0.996103	FALSE	ORF1ab:cds-YP_009725295.1	TTA	L	TTG	L	2250
NC_045512.2	7016	G	T	7854	5199	40	2	1	37	0.00025455	7857	0.980496	FALSE	ORF1ab:cds-YP_009724389.1	GGT	G	TGT	C	2251
NC_045512.2	7016	G	T	7854	5199	40	2	1	37	0.00025455	7857	0.980496	FALSE	ORF1ab:cds-YP_009725295.1	GGT	G	TGT	C	2251
NC_045512.2	7016	G	A	7854	5199	40	1	1	37	0.000127275	7857	0.996099	FALSE	ORF1ab:cds-YP_009724389.1	GGT	G	AGT	S	2251
NC_045512.2	7016	G	A	7854	5199	40	1	1	37	0.000127275	7857	0.996099	FALSE	ORF1ab:cds-YP_009725295.1	GGT	G	AGT	S	2251
NC_045512.2	7017	G	A	7920	5238	40	1	0	37	0.000126247	7921	0.996103	FALSE	ORF1ab:cds-YP_009724389.1	GGT	G	GAT	D	2251
NC_045512.2	7017	G	A	7920	5238	40	1	0	37	0.000126247	7921	0.996103	FALSE	ORF1ab:cds-YP_009725295.1	GGT	G	GAT	D	2251
NC_045512.2	7018	T	G	7953	5319	40	3	3	37	0.000376979	7958	0.945346	FALSE	ORF1ab:cds-YP_009724389.1	GGT	G	GGG	G	2251
NC_045512.2	7018	T	G	7953	5319	40	3	3	37	0.000376979	7958	0.945346	FALSE	ORF1ab:cds-YP_009725295.1	GGT	G	GGG	G	2251
NC_045512.2	7018	T	C	7953	5319	40	2	2	37	0.000251319	7958	0.980478	FALSE	ORF1ab:cds-YP_009724389.1	GGT	G	GGC	G	2251
NC_045512.2	7018	T	C	7953	5319	40	2	2	37	0.000251319	7958	0.980478	FALSE	ORF1ab:cds-YP_009725295.1	GGT	G	GGC	G	2251
NC_045512.2	7019	G	-T	7900	5125	40	1	0	20	0.000126582	7900	1	FALSE	NA	NA	NA	NA	NA	NA
NC_045512.2	7022	T	G	7858	5113	40	2	1	37	0.000254356	7863	0.980478	FALSE	ORF1ab:cds-YP_009724389.1	TTA	L	GTA	V	2253
NC_045512.2	7022	T	G	7858	5113	40	2	1	37	0.000254356	7863	0.980478	FALSE	ORF1ab:cds-YP_009725295.1	TTA	L	GTA	V	2253
NC_045512.2	7022	T	C	7858	5113	40	3	0	49	0.000381534	7863	0.124952	FALSE	ORF1ab:cds-YP_009724389.1	TTA	L	CTA	L	2253
NC_045512.2	7022	T	C	7858	5113	40	3	0	49	0.000381534	7863	0.124952	FALSE	ORF1ab:cds-YP_009725295.1	TTA	L	CTA	L	2253
NC_045512.2	7023	T	A	7883	5116	40	1	0	25	0.000126839	7884	1	FALSE	ORF1ab:cds-YP_009724389.1	TTA	L	TAA	*	2253
NC_045512.2	7023	T	A	7883	5116	40	1	0	25	0.000126839	7884	1	FALSE	ORF1ab:cds-YP_009725295.1	TTA	L	TAA	*	2253
NC_045512.2	7024	A	G	8980	6482	42	1	1	37	0.000111346	8981	0.998052	FALSE	ORF1ab:cds-YP_009724389.1	TTA	L	TTG	L	2253
NC_045512.2	7024	A	G	8980	6482	42	1	1	37	0.000111346	8981	0.998052	FALSE	ORF1ab:cds-YP_009725295.1	TTA	L	TTG	L	2253
NC_045512.2	7025	A	T	8971	6617	41	1	1	37	0.000111458	8972	0.998052	FALSE	ORF1ab:cds-YP_009724389.1	ATG	M	TTG	L	2254
NC_045512.2	7025	A	T	8971	6617	41	1	1	37	0.000111458	8972	0.998052	FALSE	ORF1ab:cds-YP_009725295.1	ATG	M	TTG	L	2254
NC_045512.2	7026	T	C	8983	6616	42	2	2	37	0.000222593	8985	0.98928	FALSE	ORF1ab:cds-YP_009724389.1	ATG	M	ACG	T	2254
NC_045512.2	7026	T	C	8983	6616	42	2	2	37	0.000222593	8985	0.98928	FALSE	ORF1ab:cds-YP_009725295.1	ATG	M	ACG	T	2254
NC_045512.2	7028	T	A	8944	6505	42	1	1	74	0.000111794	8945	0.500028	FALSE	ORF1ab:cds-YP_009724389.1	TCT	S	ACT	T	2255
NC_045512.2	7028	T	A	8944	6505	42	1	1	74	0.000111794	8945	0.500028	FALSE	ORF1ab:cds-YP_009725295.1	TCT	S	ACT	T	2255
NC_045512.2	7029	C	T	8800	6374	41	2	2	37	0.000227221	8802	0.98928	FALSE	ORF1ab:cds-YP_009724389.1	TCT	S	TTT	F	2255
NC_045512.2	7029	C	T	8800	6374	41	2	2	37	0.000227221	8802	0.98928	FALSE	ORF1ab:cds-YP_009725295.1	TCT	S	TTT	F	2255
NC_045512.2	7030	T	C	8908	6515	42	2	1	31	0.000224467	8910	0.98928	FALSE	ORF1ab:cds-YP_009724389.1	TCT	S	TCC	S	2255
NC_045512.2	7030	T	C	8908	6515	42	2	1	31	0.000224467	8910	0.98928	FALSE	ORF1ab:cds-YP_009725295.1	TCT	S	TCC	S	2255
NC_045512.2	7032	A	G	9198	6789	42	1	1	37	0.000108707	9199	0.999026	FALSE	ORF1ab:cds-YP_009724389.1	AAT	N	AGT	S	2256
NC_045512.2	7032	A	G	9198	6789	42	1	1	37	0.000108707	9199	0.999026	FALSE	ORF1ab:cds-YP_009725295.1	AAT	N	AGT	S	2256
NC_045512.2	7035	T	C	9312	6968	42	2	2	37	0.000214731	9314	0.994155	FALSE	ORF1ab:cds-YP_009724389.1	TTA	L	TCA	S	2257
NC_045512.2	7035	T	C	9312	6968	42	2	2	37	0.000214731	9314	0.994155	FALSE	ORF1ab:cds-YP_009725295.1	TTA	L	TCA	S	2257
NC_045512.2	7038	G	A	9105	6775	42	6	4	55	0.000658545	9111	0.0156173	FALSE	ORF1ab:cds-YP_009724389.1	GGC	G	GAC	D	2258
NC_045512.2	7038	G	A	9105	6775	42	6	4	55	0.000658545	9111	0.0156173	FALSE	ORF1ab:cds-YP_009725295.1	GGC	G	GAC	D	2258
NC_045512.2	7039	C	T	9272	6982	43	3	3	49	0.000323415	9276	0.12498	FALSE	ORF1ab:cds-YP_009724389.1	GGC	G	GGT	G	2258
NC_045512.2	7039	C	T	9272	6982	43	3	3	49	0.000323415	9276	0.12498	FALSE	ORF1ab:cds-YP_009725295.1	GGC	G	GGT	G	2258
NC_045512.2	7039	C	G	9272	6982	43	1	1	37	0.000107805	9276	0.999025	FALSE	ORF1ab:cds-YP_009724389.1	GGC	G	GGG	G	2258
NC_045512.2	7039	C	G	9272	6982	43	1	1	37	0.000107805	9276	0.999025	FALSE	ORF1ab:cds-YP_009725295.1	GGC	G	GGG	G	2258
NC_045512.2	7040	A	C	9260	6952	43	1	0	37	0.00010798	9261	0.999026	FALSE	ORF1ab:cds-YP_009724389.1	ATG	M	CTG	L	2259
NC_045512.2	7040	A	C	9260	6952	43	1	0	37	0.00010798	9261	0.999026	FALSE	ORF1ab:cds-YP_009725295.1	ATG	M	CTG	L	2259
NC_045512.2	7041	T	G	9264	6962	43	4	4	31	0.000431499	9270	0.953895	FALSE	ORF1ab:cds-YP_009724389.1	ATG	M	AGG	R	2259
NC_045512.2	7041	T	G	9264	6962	43	4	4	31	0.000431499	9270	0.953895	FALSE	ORF1ab:cds-YP_009725295.1	ATG	M	AGG	R	2259
NC_045512.2	7041	T	A	9264	6962	43	2	2	37	0.00021575	9270	0.994144	FALSE	ORF1ab:cds-YP_009724389.1	ATG	M	AAG	K	2259
NC_045512.2	7041	T	A	9264	6962	43	2	2	37	0.00021575	9270	0.994144	FALSE	ORF1ab:cds-YP_009725295.1	ATG	M	AAG	K	2259
NC_045512.2	7042	G	A	9281	7049	42	5	3	44	0.000538445	9286	0.0312416	FALSE	ORF1ab:cds-YP_009724389.1	ATG	M	ATA	I	2259
NC_045512.2	7042	G	A	9281	7049	42	5	3	44	0.000538445	9286	0.0312416	FALSE	ORF1ab:cds-YP_009725295.1	ATG	M	ATA	I	2259
NC_045512.2	7043	C	T	9429	6980	42	12	7	34	0.00127105	9441	0.331812	FALSE	ORF1ab:cds-YP_009724389.1	CCT	P	TCT	S	2260
NC_045512.2	7043	C	T	9429	6980	42	12	7	34	0.00127105	9441	0.331812	FALSE	ORF1ab:cds-YP_009725295.1	CCT	P	TCT	S	2260
NC_045512.2	7044	C	T	9368	7054	41	1	1	74	0.000106735	9369	0.500027	FALSE	ORF1ab:cds-YP_009724389.1	CCT	P	CTT	L	2260
NC_045512.2	7044	C	T	9368	7054	41	1	1	74	0.000106735	9369	0.500027	FALSE	ORF1ab:cds-YP_009725295.1	CCT	P	CTT	L	2260
NC_045512.2	7045	T	G	9138	6813	41	1	0	37	0.000109409	9140	0.999026	FALSE	ORF1ab:cds-YP_009724389.1	CCT	P	CCG	P	2260
NC_045512.2	7045	T	G	9138	6813	41	1	0	37	0.000109409	9140	0.999026	FALSE	ORF1ab:cds-YP_009725295.1	CCT	P	CCG	P	2260
NC_045512.2	7045	T	C	9138	6813	41	1	1	37	0.000109409	9140	0.999026	FALSE	ORF1ab:cds-YP_009724389.1	CCT	P	CCC	P	2260
NC_045512.2	7045	T	C	9138	6813	41	1	1	37	0.000109409	9140	0.999026	FALSE	ORF1ab:cds-YP_009725295.1	CCT	P	CCC	P	2260
NC_045512.2	7046	T	C	9482	7184	42	2	2	55	0.000210881	9484	0.250013	FALSE	ORF1ab:cds-YP_009724389.1	TCT	S	CCT	P	2261
NC_045512.2	7046	T	C	9482	7184	42	2	2	55	0.000210881	9484	0.250013	FALSE	ORF1ab:cds-YP_009725295.1	TCT	S	CCT	P	2261
NC_045512.2	7049	T	C	9407	7188	41	1	1	37	0.000106293	9408	0.999026	FALSE	ORF1ab:cds-YP_009724389.1	TAC	Y	CAC	H	2262
NC_045512.2	7049	T	C	9407	7188	41	1	1	37	0.000106293	9408	0.999026	FALSE	ORF1ab:cds-YP_009725295.1	TAC	Y	CAC	H	2262
NC_045512.2	7050	A	+C	9419	7194	41	2	0	20	0.000212337	9419	1	FALSE	NA	NA	NA	NA	NA	NA
NC_045512.2	7051	C	A	9539	7271	41	1	1	37	0.000104822	9540	0.999026	FALSE	ORF1ab:cds-YP_009724389.1	TAC	Y	TAA	*	2262
NC_045512.2	7051	C	A	9539	7271	41	1	1	37	0.000104822	9540	0.999026	FALSE	ORF1ab:cds-YP_009725295.1	TAC	Y	TAA	*	2262
NC_045512.2	7052	T	A	9015	6744	41	1	1	37	0.000110914	9016	0.999026	FALSE	ORF1ab:cds-YP_009724389.1	TGT	C	AGT	S	2263
NC_045512.2	7052	T	A	9015	6744	41	1	1	37	0.000110914	9016	0.999026	FALSE	ORF1ab:cds-YP_009725295.1	TGT	C	AGT	S	2263
NC_045512.2	7053	G	A	9380	6997	41	2	1	37	0.000213174	9382	0.994155	FALSE	ORF1ab:cds-YP_009724389.1	TGT	C	TAT	Y	2263
NC_045512.2	7053	G	A	9380	6997	41	2	1	37	0.000213174	9382	0.994155	FALSE	ORF1ab:cds-YP_009725295.1	TGT	C	TAT	Y	2263
NC_045512.2	7055	A	T	9312	6909	41	2	2	31	0.000214707	9315	0.994152	FALSE	ORF1ab:cds-YP_009724389.1	ACT	T	TCT	S	2264
NC_045512.2	7055	A	T	9312	6909	41	2	2	31	0.000214707	9315	0.994152	FALSE	ORF1ab:cds-YP_009725295.1	ACT	T	TCT	S	2264
NC_045512.2	7055	A	G	9312	6909	41	1	1	37	0.000107354	9315	0.999025	FALSE	ORF1ab:cds-YP_009724389.1	ACT	T	GCT	A	2264
NC_045512.2	7055	A	G	9312	6909	41	1	1	37	0.000107354	9315	0.999025	FALSE	ORF1ab:cds-YP_009725295.1	ACT	T	GCT	A	2264
NC_045512.2	7056	C	T	9340	6949	41	3	2	45	0.000321062	9344	0.12498	FALSE	ORF1ab:cds-YP_009724389.1	ACT	T	ATT	I	2264
NC_045512.2	7056	C	T	9340	6949	41	3	2	45	0.000321062	9344	0.12498	FALSE	ORF1ab:cds-YP_009725295.1	ACT	T	ATT	I	2264
NC_045512.2	7056	C	G	9340	6949	41	1	1	37	0.000107021	9344	0.999025	FALSE	ORF1ab:cds-YP_009724389.1	ACT	T	AGT	S	2264
NC_045512.2	7056	C	G	9340	6949	41	1	1	37	0.000107021	9344	0.999025	FALSE	ORF1ab:cds-YP_009725295.1	ACT	T	AGT	S	2264
NC_045512.2	7057	T	C	8852	6457	41	2	2	37	0.000225887	8854	0.98928	FALSE	ORF1ab:cds-YP_009724389.1	ACT	T	ACC	T	2264
NC_045512.2	7057	T	C	8852	6457	41	2	2	37	0.000225887	8854	0.98928	FALSE	ORF1ab:cds-YP_009725295.1	ACT	T	ACC	T	2264
NC_045512.2	7057	T	-G	8852	6457	41	1	0	20	0.000112943	8854	1	FALSE	NA	NA	NA	NA	NA	NA
NC_045512.2	7059	G	-T	9179	6655	41	1	0	20	0.000108944	9179	1	FALSE	NA	NA	NA	NA	NA	NA
NC_045512.2	7060	T	G	8940	6416	41	1	1	25	0.000111832	8942	1	FALSE	ORF1ab:cds-YP_009724389.1	GGT	G	GGG	G	2265
NC_045512.2	7060	T	G	8940	6416	41	1	1	25	0.000111832	8942	1	FALSE	ORF1ab:cds-YP_009725295.1	GGT	G	GGG	G	2265
NC_045512.2	7060	T	C	8940	6416	41	1	0	37	0.000111832	8942	0.99805	FALSE	ORF1ab:cds-YP_009724389.1	GGT	G	GGC	G	2265
NC_045512.2	7060	T	C	8940	6416	41	1	0	37	0.000111832	8942	0.99805	FALSE	ORF1ab:cds-YP_009725295.1	GGT	G	GGC	G	2265
NC_045512.2	7061	T	C	8997	6529	41	1	1	37	0.000111136	8998	0.998052	FALSE	ORF1ab:cds-YP_009724389.1	TAC	Y	CAC	H	2266
NC_045512.2	7061	T	C	8997	6529	41	1	1	37	0.000111136	8998	0.998052	FALSE	ORF1ab:cds-YP_009725295.1	TAC	Y	CAC	H	2266
NC_045512.2	7064	A	T	8729	6248	41	2	2	37	0.000229016	8733	0.98927	FALSE	ORF1ab:cds-YP_009724389.1	AGA	R	TGA	*	2267
NC_045512.2	7064	A	T	8729	6248	41	2	2	37	0.000229016	8733	0.98927	FALSE	ORF1ab:cds-YP_009725295.1	AGA	R	TGA	*	2267
NC_045512.2	7064	A	G	8729	6248	41	2	0	37	0.000229016	8733	0.98927	FALSE	ORF1ab:cds-YP_009724389.1	AGA	R	GGA	G	2267
NC_045512.2	7064	A	G	8729	6248	41	2	0	37	0.000229016	8733	0.98927	FALSE	ORF1ab:cds-YP_009725295.1	AGA	R	GGA	G	2267
NC_045512.2	7065	G	T	8758	6282	41	1	1	37	0.000114155	8760	0.998051	FALSE	ORF1ab:cds-YP_009724389.1	AGA	R	ATA	I	2267
NC_045512.2	7065	G	T	8758	6282	41	1	1	37	0.000114155	8760	0.998051	FALSE	ORF1ab:cds-YP_009725295.1	AGA	R	ATA	I	2267
NC_045512.2	7065	G	A	8758	6282	41	1	1	37	0.000114155	8760	0.998051	FALSE	ORF1ab:cds-YP_009724389.1	AGA	R	AAA	K	2267
NC_045512.2	7065	G	A	8758	6282	41	1	1	37	0.000114155	8760	0.998051	FALSE	ORF1ab:cds-YP_009725295.1	AGA	R	AAA	K	2267
NC_045512.2	7066	A	G	8572	6087	41	2	2	31	0.000233263	8574	0.989281	FALSE	ORF1ab:cds-YP_009724389.1	AGA	R	AGG	R	2267
NC_045512.2	7066	A	G	8572	6087	41	2	2	31	0.000233263	8574	0.989281	FALSE	ORF1ab:cds-YP_009725295.1	AGA	R	AGG	R	2267
NC_045512.2	7067	G	T	8437	5971	42	1	1	37	0.000118469	8441	0.998049	FALSE	ORF1ab:cds-YP_009724389.1	GAA	E	TAA	*	2268
NC_045512.2	7067	G	T	8437	5971	42	1	1	37	0.000118469	8441	0.998049	FALSE	ORF1ab:cds-YP_009725295.1	GAA	E	TAA	*	2268
NC_045512.2	7067	G	C	8437	5971	42	3	0	37	0.000355408	8441	0.967328	FALSE	ORF1ab:cds-YP_009724389.1	GAA	E	CAA	Q	2268
NC_045512.2	7067	G	C	8437	5971	42	3	0	37	0.000355408	8441	0.967328	FALSE	ORF1ab:cds-YP_009725295.1	GAA	E	CAA	Q	2268
NC_045512.2	7068	A	G	8269	5856	41	1	1	74	0.000120919	8270	0.50003	FALSE	ORF1ab:cds-YP_009724389.1	GAA	E	GGA	G	2268
NC_045512.2	7068	A	G	8269	5856	41	1	1	74	0.000120919	8270	0.50003	FALSE	ORF1ab:cds-YP_009725295.1	GAA	E	GGA	G	2268
NC_045512.2	7069	A	T	8123	5847	41	1	1	37	0.000123077	8125	0.998051	FALSE	ORF1ab:cds-YP_009724389.1	GAA	E	GAT	D	2268
NC_045512.2	7069	A	T	8123	5847	41	1	1	37	0.000123077	8125	0.998051	FALSE	ORF1ab:cds-YP_009725295.1	GAA	E	GAT	D	2268
NC_045512.2	7069	A	C	8123	5847	41	1	1	37	0.000123077	8125	0.998051	FALSE	ORF1ab:cds-YP_009724389.1	GAA	E	GAC	D	2268
NC_045512.2	7069	A	C	8123	5847	41	1	1	37	0.000123077	8125	0.998051	FALSE	ORF1ab:cds-YP_009725295.1	GAA	E	GAC	D	2268
NC_045512.2	7070	G	T	8422	6195	41	1	1	37	0.00011868	8426	0.998049	FALSE	ORF1ab:cds-YP_009724389.1	GGC	G	TGC	C	2269
NC_045512.2	7070	G	T	8422	6195	41	1	1	37	0.00011868	8426	0.998049	FALSE	ORF1ab:cds-YP_009725295.1	GGC	G	TGC	C	2269
NC_045512.2	7070	G	C	8422	6195	41	1	0	37	0.00011868	8426	0.998049	FALSE	ORF1ab:cds-YP_009724389.1	GGC	G	CGC	R	2269
NC_045512.2	7070	G	C	8422	6195	41	1	0	37	0.00011868	8426	0.998049	FALSE	ORF1ab:cds-YP_009725295.1	GGC	G	CGC	R	2269
NC_045512.2	7070	G	A	8422	6195	41	2	2	37	0.000237361	8426	0.989271	FALSE	ORF1ab:cds-YP_009724389.1	GGC	G	AGC	S	2269
NC_045512.2	7070	G	A	8422	6195	41	2	2	37	0.000237361	8426	0.989271	FALSE	ORF1ab:cds-YP_009725295.1	GGC	G	AGC	S	2269
NC_045512.2	7071	G	T	8420	6278	41	1	1	62	0.00011868	8426	0.499881	FALSE	ORF1ab:cds-YP_009724389.1	GGC	G	GTC	V	2269
NC_045512.2	7071	G	T	8420	6278	41	1	1	62	0.00011868	8426	0.499881	FALSE	ORF1ab:cds-YP_009725295.1	GGC	G	GTC	V	2269
NC_045512.2	7071	G	A	8420	6278	41	5	2	42	0.000593401	8426	0.0312315	FALSE	ORF1ab:cds-YP_009724389.1	GGC	G	GAC	D	2269
NC_045512.2	7071	G	A	8420	6278	41	5	2	42	0.000593401	8426	0.0312315	FALSE	ORF1ab:cds-YP_009725295.1	GGC	G	GAC	D	2269
NC_045512.2	7072	C	T	8243	6103	40	4	1	37	0.000485025	8247	0.927105	FALSE	ORF1ab:cds-YP_009724389.1	GGC	G	GGT	G	2269
NC_045512.2	7072	C	T	8243	6103	40	4	1	37	0.000485025	8247	0.927105	FALSE	ORF1ab:cds-YP_009725295.1	GGC	G	GGT	G	2269
NC_045512.2	7073	T	C	8551	6444	41	1	1	37	0.000116932	8552	0.998052	FALSE	ORF1ab:cds-YP_009724389.1	TAT	Y	CAT	H	2270
NC_045512.2	7073	T	C	8551	6444	41	1	1	37	0.000116932	8552	0.998052	FALSE	ORF1ab:cds-YP_009725295.1	TAT	Y	CAT	H	2270
NC_045512.2	7074	A	T	8501	6388	41	1	1	37	0.000117592	8504	0.99805	FALSE	ORF1ab:cds-YP_009724389.1	TAT	Y	TTT	F	2270
NC_045512.2	7074	A	T	8501	6388	41	1	1	37	0.000117592	8504	0.99805	FALSE	ORF1ab:cds-YP_009725295.1	TAT	Y	TTT	F	2270
NC_045512.2	7074	A	G	8501	6388	41	1	0	37	0.000117592	8504	0.99805	FALSE	ORF1ab:cds-YP_009724389.1	TAT	Y	TGT	C	2270
NC_045512.2	7074	A	G	8501	6388	41	1	0	37	0.000117592	8504	0.99805	FALSE	ORF1ab:cds-YP_009725295.1	TAT	Y	TGT	C	2270
NC_045512.2	7074	A	C	8501	6388	41	1	0	37	0.000117592	8504	0.99805	FALSE	ORF1ab:cds-YP_009724389.1	TAT	Y	TCT	S	2270
NC_045512.2	7074	A	C	8501	6388	41	1	0	37	0.000117592	8504	0.99805	FALSE	ORF1ab:cds-YP_009725295.1	TAT	Y	TCT	S	2270
NC_045512.2	7075	T	C	8173	6074	39	1	1	37	0.000122339	8174	0.998052	FALSE	ORF1ab:cds-YP_009724389.1	TAT	Y	TAC	Y	2270
NC_045512.2	7075	T	C	8173	6074	39	1	1	37	0.000122339	8174	0.998052	FALSE	ORF1ab:cds-YP_009725295.1	TAT	Y	TAC	Y	2270
NC_045512.2	7077	T	C	8494	6508	41	1	1	37	0.000117716	8495	0.998052	FALSE	ORF1ab:cds-YP_009724389.1	TTG	L	TCG	S	2271
NC_045512.2	7077	T	C	8494	6508	41	1	1	37	0.000117716	8495	0.998052	FALSE	ORF1ab:cds-YP_009725295.1	TTG	L	TCG	S	2271
NC_045512.2	7078	G	A	8458	6477	41	2	2	37	0.000236407	8460	0.989281	FALSE	ORF1ab:cds-YP_009724389.1	TTG	L	TTA	L	2271
NC_045512.2	7078	G	A	8458	6477	41	2	2	37	0.000236407	8460	0.989281	FALSE	ORF1ab:cds-YP_009725295.1	TTG	L	TTA	L	2271
NC_045512.2	7079	A	G	8270	6281	40	1	1	37	0.000120904	8271	0.998052	FALSE	ORF1ab:cds-YP_009724389.1	AAC	N	GAC	D	2272
NC_045512.2	7079	A	G	8270	6281	40	1	1	37	0.000120904	8271	0.998052	FALSE	ORF1ab:cds-YP_009725295.1	AAC	N	GAC	D	2272
NC_045512.2	7080	A	G	8210	6234	40	1	0	74	0.000121788	8211	0.50003	FALSE	ORF1ab:cds-YP_009724389.1	AAC	N	AGC	S	2272
NC_045512.2	7080	A	G	8210	6234	40	1	0	74	0.000121788	8211	0.50003	FALSE	ORF1ab:cds-YP_009725295.1	AAC	N	AGC	S	2272
NC_045512.2	7082	T	G	8311	6368	41	1	1	37	0.000120236	8317	0.998047	FALSE	ORF1ab:cds-YP_009724389.1	TCT	S	GCT	A	2273
NC_045512.2	7082	T	G	8311	6368	41	1	1	37	0.000120236	8317	0.998047	FALSE	ORF1ab:cds-YP_009725295.1	TCT	S	GCT	A	2273
NC_045512.2	7082	T	C	8311	6368	41	1	1	37	0.000120236	8317	0.998047	FALSE	ORF1ab:cds-YP_009724389.1	TCT	S	CCT	P	2273
NC_045512.2	7082	T	C	8311	6368	41	1	1	37	0.000120236	8317	0.998047	FALSE	ORF1ab:cds-YP_009725295.1	TCT	S	CCT	P	2273
NC_045512.2	7082	T	A	8311	6368	41	4	1	34	0.000480943	8317	0.927046	FALSE	ORF1ab:cds-YP_009724389.1	TCT	S	ACT	T	2273
NC_045512.2	7082	T	A	8311	6368	41	4	1	34	0.000480943	8317	0.927046	FALSE	ORF1ab:cds-YP_009725295.1	TCT	S	ACT	T	2273
NC_045512.2	7083	C	T	8433	6250	40	1	1	37	0.000118554	8435	0.998051	FALSE	ORF1ab:cds-YP_009724389.1	TCT	S	TTT	F	2273
NC_045512.2	7083	C	T	8433	6250	40	1	1	37	0.000118554	8435	0.998051	FALSE	ORF1ab:cds-YP_009725295.1	TCT	S	TTT	F	2273
NC_045512.2	7083	C	A	8433	6250	40	1	0	37	0.000118554	8435	0.998051	FALSE	ORF1ab:cds-YP_009724389.1	TCT	S	TAT	Y	2273
NC_045512.2	7083	C	A	8433	6250	40	1	0	37	0.000118554	8435	0.998051	FALSE	ORF1ab:cds-YP_009725295.1	TCT	S	TAT	Y	2273
NC_045512.2	7084	T	G	8511	6334	40	1	0	25	0.000117454	8514	1	FALSE	ORF1ab:cds-YP_009724389.1	TCT	S	TCG	S	2273
NC_045512.2	7084	T	G	8511	6334	40	1	0	25	0.000117454	8514	1	FALSE	ORF1ab:cds-YP_009725295.1	TCT	S	TCG	S	2273
NC_045512.2	7084	T	C	8511	6334	40	1	1	37	0.000117454	8514	0.99805	FALSE	ORF1ab:cds-YP_009724389.1	TCT	S	TCC	S	2273
NC_045512.2	7084	T	C	8511	6334	40	1	1	37	0.000117454	8514	0.99805	FALSE	ORF1ab:cds-YP_009725295.1	TCT	S	TCC	S	2273
NC_045512.2	7084	T	A	8511	6334	40	1	0	25	0.000117454	8514	1	FALSE	ORF1ab:cds-YP_009724389.1	TCT	S	TCA	S	2273
NC_045512.2	7084	T	A	8511	6334	40	1	0	25	0.000117454	8514	1	FALSE	ORF1ab:cds-YP_009725295.1	TCT	S	TCA	S	2273
NC_045512.2	7086	C	T	8473	6290	40	2	1	37	0.000235988	8475	0.989281	FALSE	ORF1ab:cds-YP_009724389.1	ACT	T	ATT	I	2274
NC_045512.2	7086	C	T	8473	6290	40	2	1	37	0.000235988	8475	0.989281	FALSE	ORF1ab:cds-YP_009725295.1	ACT	T	ATT	I	2274
NC_045512.2	7087	T	C	8486	6336	40	2	2	31	0.000235627	8488	0.989281	FALSE	ORF1ab:cds-YP_009724389.1	ACT	T	ACC	T	2274
NC_045512.2	7087	T	C	8486	6336	40	2	2	31	0.000235627	8488	0.989281	FALSE	ORF1ab:cds-YP_009725295.1	ACT	T	ACC	T	2274
NC_045512.2	7088	A	T	8429	6290	40	1	1	37	0.000118596	8432	0.99805	FALSE	ORF1ab:cds-YP_009724389.1	AAT	N	TAT	Y	2275
NC_045512.2	7088	A	T	8429	6290	40	1	1	37	0.000118596	8432	0.99805	FALSE	ORF1ab:cds-YP_009725295.1	AAT	N	TAT	Y	2275
NC_045512.2	7088	A	G	8429	6290	40	2	2	31	0.000237192	8432	0.989276	FALSE	ORF1ab:cds-YP_009724389.1	AAT	N	GAT	D	2275
NC_045512.2	7088	A	G	8429	6290	40	2	2	31	0.000237192	8432	0.989276	FALSE	ORF1ab:cds-YP_009725295.1	AAT	N	GAT	D	2275
NC_045512.2	7090	T	G	8679	6778	41	2	0	37	0.000230388	8681	0.989281	FALSE	ORF1ab:cds-YP_009724389.1	AAT	N	AAG	K	2275
NC_045512.2	7090	T	G	8679	6778	41	2	0	37	0.000230388	8681	0.989281	FALSE	ORF1ab:cds-YP_009725295.1	AAT	N	AAG	K	2275
NC_045512.2	7091	G	A	8727	6873	41	2	2	55	0.000229121	8729	0.250014	FALSE	ORF1ab:cds-YP_009724389.1	GTC	V	ATC	I	2276
NC_045512.2	7091	G	A	8727	6873	41	2	2	55	0.000229121	8729	0.250014	FALSE	ORF1ab:cds-YP_009725295.1	GTC	V	ATC	I	2276
NC_045512.2	7092	T	C	7884	6049	42	1	0	37	0.000126823	7885	0.996103	FALSE	ORF1ab:cds-YP_009724389.1	GTC	V	GCC	A	2276
NC_045512.2	7092	T	C	7884	6049	42	1	0	37	0.000126823	7885	0.996103	FALSE	ORF1ab:cds-YP_009725295.1	GTC	V	GCC	A	2276
NC_045512.2	7094	A	G	7849	6021	42	2	2	37	0.000254745	7851	0.980505	FALSE	ORF1ab:cds-YP_009724389.1	ACT	T	GCT	A	2277
NC_045512.2	7094	A	G	7849	6021	42	2	2	37	0.000254745	7851	0.980505	FALSE	ORF1ab:cds-YP_009725295.1	ACT	T	GCT	A	2277
NC_045512.2	7096	T	C	7874	6113	42	1	1	37	0.000126984	7875	0.996103	FALSE	ORF1ab:cds-YP_009724389.1	ACT	T	ACC	T	2277
NC_045512.2	7096	T	C	7874	6113	42	1	1	37	0.000126984	7875	0.996103	FALSE	ORF1ab:cds-YP_009725295.1	ACT	T	ACC	T	2277
NC_045512.2	7097	A	T	7786	6038	42	1	1	37	0.000128403	7788	0.996101	FALSE	ORF1ab:cds-YP_009724389.1	ATT	I	TTT	F	2278
NC_045512.2	7097	A	T	7786	6038	42	1	1	37	0.000128403	7788	0.996101	FALSE	ORF1ab:cds-YP_009725295.1	ATT	I	TTT	F	2278
NC_045512.2	7097	A	G	7786	6038	42	1	1	25	0.000128403	7788	1	FALSE	ORF1ab:cds-YP_009724389.1	ATT	I	GTT	V	2278
NC_045512.2	7097	A	G	7786	6038	42	1	1	25	0.000128403	7788	1	FALSE	ORF1ab:cds-YP_009725295.1	ATT	I	GTT	V	2278
NC_045512.2	7098	T	A	7728	6048	41	3	1	31	0.000388048	7731	0.945392	FALSE	ORF1ab:cds-YP_009724389.1	ATT	I	AAT	N	2278
NC_045512.2	7098	T	A	7728	6048	41	3	1	31	0.000388048	7731	0.945392	FALSE	ORF1ab:cds-YP_009725295.1	ATT	I	AAT	N	2278
NC_045512.2	7099	T	G	7807	6142	42	1	1	37	0.000128074	7808	0.996103	FALSE	ORF1ab:cds-YP_009724389.1	ATT	I	ATG	M	2278
NC_045512.2	7099	T	G	7807	6142	42	1	1	37	0.000128074	7808	0.996103	FALSE	ORF1ab:cds-YP_009725295.1	ATT	I	ATG	M	2278
NC_045512.2	7100	G	T	7783	6159	42	2	2	37	0.000256608	7794	0.980424	FALSE	ORF1ab:cds-YP_009724389.1	GCA	A	TCA	S	2279
NC_045512.2	7100	G	T	7783	6159	42	2	2	37	0.000256608	7794	0.980424	FALSE	ORF1ab:cds-YP_009725295.1	GCA	A	TCA	S	2279
NC_045512.2	7100	G	A	7783	6159	42	9	5	41	0.00115473	7794	0.00194749	TRUE	ORF1ab:cds-YP_009724389.1	GCA	A	ACA	T	2279
NC_045512.2	7100	G	A	7783	6159	42	9	5	41	0.00115473	7794	0.00194749	TRUE	ORF1ab:cds-YP_009725295.1	GCA	A	ACA	T	2279
NC_045512.2	7101	C	T	7763	6139	42	11	9	43	0.00141479	7775	0.000486556	TRUE	ORF1ab:cds-YP_009724389.1	GCA	A	GTA	V	2279
NC_045512.2	7101	C	T	7763	6139	42	11	9	43	0.00141479	7775	0.000486556	TRUE	ORF1ab:cds-YP_009725295.1	GCA	A	GTA	V	2279
NC_045512.2	7101	C	G	7763	6139	42	1	1	74	0.000128617	7775	0.499678	FALSE	ORF1ab:cds-YP_009724389.1	GCA	A	GGA	G	2279
NC_045512.2	7101	C	G	7763	6139	42	1	1	74	0.000128617	7775	0.499678	FALSE	ORF1ab:cds-YP_009725295.1	GCA	A	GGA	G	2279
NC_045512.2	7102	A	G	7781	6153	42	1	0	37	0.000128502	7782	0.996103	FALSE	ORF1ab:cds-YP_009724389.1	GCA	A	GCG	A	2279
NC_045512.2	7102	A	G	7781	6153	42	1	0	37	0.000128502	7782	0.996103	FALSE	ORF1ab:cds-YP_009725295.1	GCA	A	GCG	A	2279
NC_045512.2	7104	C	G	7776	6188	42	3	3	37	0.000385654	7779	0.945392	FALSE	ORF1ab:cds-YP_009724389.1	ACC	T	AGC	S	2280
NC_045512.2	7104	C	G	7776	6188	42	3	3	37	0.000385654	7779	0.945392	FALSE	ORF1ab:cds-YP_009725295.1	ACC	T	AGC	S	2280
NC_045512.2	7106	T	C	7732	6031	42	5	5	34	0.000646245	7737	0.806309	FALSE	ORF1ab:cds-YP_009724389.1	TAC	Y	CAC	H	2281
NC_045512.2	7106	T	C	7732	6031	42	5	5	34	0.000646245	7737	0.806309	FALSE	ORF1ab:cds-YP_009725295.1	TAC	Y	CAC	H	2281
NC_045512.2	7108	C	T	7828	6104	42	2	1	55	0.000255428	7830	0.250016	FALSE	ORF1ab:cds-YP_009724389.1	TAC	Y	TAT	Y	2281
NC_045512.2	7108	C	T	7828	6104	42	2	1	55	0.000255428	7830	0.250016	FALSE	ORF1ab:cds-YP_009725295.1	TAC	Y	TAT	Y	2281
NC_045512.2	7110	G	T	7840	6098	42	1	1	37	0.000127502	7843	0.996099	FALSE	ORF1ab:cds-YP_009724389.1	TGT	C	TTT	F	2282
NC_045512.2	7110	G	T	7840	6098	42	1	1	37	0.000127502	7843	0.996099	FALSE	ORF1ab:cds-YP_009725295.1	TGT	C	TTT	F	2282
NC_045512.2	7110	G	A	7840	6098	42	2	1	31	0.000255004	7843	0.980496	FALSE	ORF1ab:cds-YP_009724389.1	TGT	C	TAT	Y	2282
NC_045512.2	7110	G	A	7840	6098	42	2	1	31	0.000255004	7843	0.980496	FALSE	ORF1ab:cds-YP_009725295.1	TGT	C	TAT	Y	2282
NC_045512.2	7111	T	C	7768	6252	40	1	1	37	0.000128717	7769	0.996103	FALSE	ORF1ab:cds-YP_009724389.1	TGT	C	TGC	C	2282
NC_045512.2	7111	T	C	7768	6252	40	1	1	37	0.000128717	7769	0.996103	FALSE	ORF1ab:cds-YP_009725295.1	TGT	C	TGC	C	2282
NC_045512.2	7113	C	T	7692	6201	41	3	3	37	0.000389813	7696	0.94537	FALSE	ORF1ab:cds-YP_009724389.1	ACT	T	ATT	I	2283
NC_045512.2	7113	C	T	7692	6201	41	3	3	37	0.000389813	7696	0.94537	FALSE	ORF1ab:cds-YP_009725295.1	ACT	T	ATT	I	2283
NC_045512.2	7113	C	A	7692	6201	41	1	1	37	0.000129938	7696	0.996097	FALSE	ORF1ab:cds-YP_009724389.1	ACT	T	AAT	N	2283
NC_045512.2	7113	C	A	7692	6201	41	1	1	37	0.000129938	7696	0.996097	FALSE	ORF1ab:cds-YP_009725295.1	ACT	T	AAT	N	2283
NC_045512.2	7114	T	C	6847	5364	41	2	0	74	0.0002918	6854	0.249836	FALSE	ORF1ab:cds-YP_009724389.1	ACT	T	ACC	T	2283
NC_045512.2	7114	T	C	6847	5364	41	2	0	74	0.0002918	6854	0.249836	FALSE	ORF1ab:cds-YP_009725295.1	ACT	T	ACC	T	2283
NC_045512.2	7114	T	A	6847	5364	41	5	5	37	0.000729501	6854	0.725586	FALSE	ORF1ab:cds-YP_009724389.1	ACT	T	ACA	T	2283
NC_045512.2	7114	T	A	6847	5364	41	5	5	37	0.000729501	6854	0.725586	FALSE	ORF1ab:cds-YP_009725295.1	ACT	T	ACA	T	2283
NC_045512.2	7116	G	A	6992	5321	41	1	1	37	0.000143	6993	0.992203	FALSE	ORF1ab:cds-YP_009724389.1	GGT	G	GAT	D	2284
NC_045512.2	7116	G	A	6992	5321	41	1	1	37	0.000143	6993	0.992203	FALSE	ORF1ab:cds-YP_009725295.1	GGT	G	GAT	D	2284
NC_045512.2	7117	T	C	6918	5258	41	2	1	29	0.000289017	6920	1	FALSE	ORF1ab:cds-YP_009724389.1	GGT	G	GGC	G	2284
NC_045512.2	7117	T	C	6918	5258	41	2	1	29	0.000289017	6920	1	FALSE	ORF1ab:cds-YP_009725295.1	GGT	G	GGC	G	2284
NC_045512.2	7118	T	C	6932	5297	41	1	0	37	0.000144238	6933	0.992203	FALSE	ORF1ab:cds-YP_009724389.1	TCT	S	CCT	P	2285
NC_045512.2	7118	T	C	6932	5297	41	1	0	37	0.000144238	6933	0.992203	FALSE	ORF1ab:cds-YP_009725295.1	TCT	S	CCT	P	2285
NC_045512.2	7120	T	C	6585	5029	41	1	1	37	0.000151837	6586	0.992204	FALSE	ORF1ab:cds-YP_009724389.1	TCT	S	TCC	S	2285
NC_045512.2	7120	T	C	6585	5029	41	1	1	37	0.000151837	6586	0.992204	FALSE	ORF1ab:cds-YP_009725295.1	TCT	S	TCC	S	2285
NC_045512.2	7121	A	T	6577	5021	41	1	0	74	0.000152022	6578	0.500038	FALSE	ORF1ab:cds-YP_009724389.1	ATA	I	TTA	L	2286
NC_045512.2	7121	A	T	6577	5021	41	1	0	74	0.000152022	6578	0.500038	FALSE	ORF1ab:cds-YP_009725295.1	ATA	I	TTA	L	2286
NC_045512.2	7122	T	C	6532	4974	41	2	2	37	0.000306091	6534	0.964902	FALSE	ORF1ab:cds-YP_009724389.1	ATA	I	ACA	T	2286
NC_045512.2	7122	T	C	6532	4974	41	2	2	37	0.000306091	6534	0.964902	FALSE	ORF1ab:cds-YP_009725295.1	ATA	I	ACA	T	2286
NC_045512.2	7126	T	G	4583	3066	42	1	0	37	0.000218103	4585	0.968784	FALSE	ORF1ab:cds-YP_009724389.1	CCT	P	CCG	P	2287
NC_045512.2	7126	T	G	4583	3066	42	1	0	37	0.000218103	4585	0.968784	FALSE	ORF1ab:cds-YP_009725295.1	CCT	P	CCG	P	2287
NC_045512.2	7126	T	A	4583	3066	42	1	1	74	0.000218103	4585	0.5	FALSE	ORF1ab:cds-YP_009724389.1	CCT	P	CCA	P	2287
NC_045512.2	7126	T	A	4583	3066	42	1	1	74	0.000218103	4585	0.5	FALSE	ORF1ab:cds-YP_009725295.1	CCT	P	CCA	P	2287
NC_045512.2	7127	T	G	4550	3046	42	15	0	37	0.00328515	4566	0.00954475	TRUE	ORF1ab:cds-YP_009724389.1	TGT	C	GGT	G	2288
NC_045512.2	7127	T	G	4550	3046	42	15	0	37	0.00328515	4566	0.00954475	TRUE	ORF1ab:cds-YP_009725295.1	TGT	C	GGT	G	2288
NC_045512.2	7127	T	C	4550	3046	42	1	0	74	0.00021901	4566	0.499232	FALSE	ORF1ab:cds-YP_009724389.1	TGT	C	CGT	R	2288
NC_045512.2	7127	T	C	4550	3046	42	1	0	74	0.00021901	4566	0.499232	FALSE	ORF1ab:cds-YP_009725295.1	TGT	C	CGT	R	2288
NC_045512.2	7128	G	A	4554	3070	42	1	1	37	0.000219539	4555	0.968801	FALSE	ORF1ab:cds-YP_009724389.1	TGT	C	TAT	Y	2288
NC_045512.2	7128	G	A	4554	3070	42	1	1	37	0.000219539	4555	0.968801	FALSE	ORF1ab:cds-YP_009725295.1	TGT	C	TAT	Y	2288
NC_045512.2	7130	A	C	4501	3033	42	1	1	37	0.000222124	4502	0.968802	FALSE	ORF1ab:cds-YP_009724389.1	AGT	S	CGT	R	2289
NC_045512.2	7130	A	C	4501	3033	42	1	1	37	0.000222124	4502	0.968802	FALSE	ORF1ab:cds-YP_009725295.1	AGT	S	CGT	R	2289
NC_045512.2	7131	G	T	4511	3041	42	1	1	37	0.000221582	4513	0.968785	FALSE	ORF1ab:cds-YP_009724389.1	AGT	S	ATT	I	2289
NC_045512.2	7131	G	T	4511	3041	42	1	1	37	0.000221582	4513	0.968785	FALSE	ORF1ab:cds-YP_009725295.1	AGT	S	ATT	I	2289
NC_045512.2	7131	G	C	4511	3041	42	1	1	37	0.000221582	4513	0.968785	FALSE	ORF1ab:cds-YP_009724389.1	AGT	S	ACT	T	2289
NC_045512.2	7131	G	C	4511	3041	42	1	1	37	0.000221582	4513	0.968785	FALSE	ORF1ab:cds-YP_009725295.1	AGT	S	ACT	T	2289
NC_045512.2	7132	T	C	4101	2674	43	1	1	37	0.000243784	4102	0.968807	FALSE	ORF1ab:cds-YP_009724389.1	AGT	S	AGC	S	2289
NC_045512.2	7132	T	C	4101	2674	43	1	1	37	0.000243784	4102	0.968807	FALSE	ORF1ab:cds-YP_009725295.1	AGT	S	AGC	S	2289
NC_045512.2	7133	G	A	4085	2645	43	2	2	37	0.000489356	4087	0.890768	FALSE	ORF1ab:cds-YP_009724389.1	GTT	V	ATT	I	2290
NC_045512.2	7133	G	A	4085	2645	43	2	2	37	0.000489356	4087	0.890768	FALSE	ORF1ab:cds-YP_009725295.1	GTT	V	ATT	I	2290
NC_045512.2	7134	T	C	3916	2527	42	3	3	33	0.000765501	3919	0.656429	FALSE	ORF1ab:cds-YP_009724389.1	GTT	V	GCT	A	2290
NC_045512.2	7134	T	C	3916	2527	42	3	3	33	0.000765501	3919	0.656429	FALSE	ORF1ab:cds-YP_009725295.1	GTT	V	GCT	A	2290
NC_045512.2	7135	T	C	3960	2560	43	1	0	37	0.000252461	3961	0.937579	FALSE	ORF1ab:cds-YP_009724389.1	GTT	V	GTC	V	2290
NC_045512.2	7135	T	C	3960	2560	43	1	0	37	0.000252461	3961	0.937579	FALSE	ORF1ab:cds-YP_009725295.1	GTT	V	GTC	V	2290
NC_045512.2	7136	T	-G	3992	2557	43	1	0	20	0.000250501	3992	1	FALSE	NA	NA	NA	NA	NA	NA
NC_045512.2	7140	T	G	3582	2226	43	1	0	25	0.000279096	3583	1	FALSE	ORF1ab:cds-YP_009724389.1	CTT	L	CGT	R	2292
NC_045512.2	7140	T	G	3582	2226	43	1	0	25	0.000279096	3583	1	FALSE	ORF1ab:cds-YP_009725295.1	CTT	L	CGT	R	2292
NC_045512.2	7144	T	C	3508	2299	42	1	1	37	0.000284981	3509	0.937589	FALSE	ORF1ab:cds-YP_009724389.1	AGT	S	AGC	S	2293
NC_045512.2	7144	T	C	3508	2299	42	1	1	37	0.000284981	3509	0.937589	FALSE	ORF1ab:cds-YP_009725295.1	AGT	S	AGC	S	2293
NC_045512.2	7145	G	C	3500	2289	42	1	0	37	0.000285633	3501	0.937589	FALSE	ORF1ab:cds-YP_009724389.1	GGT	G	CGT	R	2294
NC_045512.2	7145	G	C	3500	2289	42	1	0	37	0.000285633	3501	0.937589	FALSE	ORF1ab:cds-YP_009725295.1	GGT	G	CGT	R	2294
NC_045512.2	7146	G	A	3449	2258	42	1	1	37	0.000289855	3450	0.937591	FALSE	ORF1ab:cds-YP_009724389.1	GGT	G	GAT	D	2294
NC_045512.2	7146	G	A	3449	2258	42	1	1	37	0.000289855	3450	0.937591	FALSE	ORF1ab:cds-YP_009725295.1	GGT	G	GAT	D	2294
NC_045512.2	7147	T	C	3314	2128	41	3	0	37	0.000904159	3318	0.656321	FALSE	ORF1ab:cds-YP_009724389.1	GGT	G	GGC	G	2294
NC_045512.2	7147	T	C	3314	2128	41	3	0	37	0.000904159	3318	0.656321	FALSE	ORF1ab:cds-YP_009725295.1	GGT	G	GGC	G	2294
NC_045512.2	7147	T	A	3314	2128	41	1	1	37	0.000301386	3318	0.937481	FALSE	ORF1ab:cds-YP_009724389.1	GGT	G	GGA	G	2294
NC_045512.2	7147	T	A	3314	2128	41	1	1	37	0.000301386	3318	0.937481	FALSE	ORF1ab:cds-YP_009725295.1	GGT	G	GGA	G	2294
NC_045512.2	7150	A	T	3287	2161	41	1	0	37	0.000304044	3289	0.937557	FALSE	ORF1ab:cds-YP_009724389.1	TTA	L	TTT	F	2295
NC_045512.2	7150	A	T	3287	2161	41	1	0	37	0.000304044	3289	0.937557	FALSE	ORF1ab:cds-YP_009725295.1	TTA	L	TTT	F	2295
NC_045512.2	7150	A	G	3287	2161	41	1	1	37	0.000304044	3289	0.937557	FALSE	ORF1ab:cds-YP_009724389.1	TTA	L	TTG	L	2295
NC_045512.2	7150	A	G	3287	2161	41	1	1	37	0.000304044	3289	0.937557	FALSE	ORF1ab:cds-YP_009725295.1	TTA	L	TTG	L	2295
NC_045512.2	7152	A	G	3255	2175	41	1	1	37	0.000307125	3256	0.937596	FALSE	ORF1ab:cds-YP_009724389.1	GAT	D	GGT	G	2296
NC_045512.2	7152	A	G	3255	2175	41	1	1	37	0.000307125	3256	0.937596	FALSE	ORF1ab:cds-YP_009725295.1	GAT	D	GGT	G	2296
NC_045512.2	7153	T	C	3243	2177	41	1	1	37	0.000308261	3244	0.937596	FALSE	ORF1ab:cds-YP_009724389.1	GAT	D	GAC	D	2296
NC_045512.2	7153	T	C	3243	2177	41	1	1	37	0.000308261	3244	0.937596	FALSE	ORF1ab:cds-YP_009725295.1	GAT	D	GAC	D	2296
NC_045512.2	7157	T	G	2914	1970	40	1	0	37	0.000343053	2915	0.875129	FALSE	ORF1ab:cds-YP_009724389.1	TTA	L	GTA	V	2298
NC_045512.2	7157	T	G	2914	1970	40	1	0	37	0.000343053	2915	0.875129	FALSE	ORF1ab:cds-YP_009725295.1	TTA	L	GTA	V	2298
NC_045512.2	7162	C	G	2814	1995	39	1	1	37	0.00035524	2815	0.875133	FALSE	ORF1ab:cds-YP_009724389.1	GAC	D	GAG	E	2299
NC_045512.2	7162	C	G	2814	1995	39	1	1	37	0.00035524	2815	0.875133	FALSE	ORF1ab:cds-YP_009725295.1	GAC	D	GAG	E	2299
NC_045512.2	7163	A	C	2794	1971	39	1	0	25	0.000357782	2795	1	FALSE	ORF1ab:cds-YP_009724389.1	ACC	T	CCC	P	2300
NC_045512.2	7163	A	C	2794	1971	39	1	0	25	0.000357782	2795	1	FALSE	ORF1ab:cds-YP_009725295.1	ACC	T	CCC	P	2300
NC_045512.2	7165	C	T	2728	1926	39	1	1	37	0.000366435	2729	0.875137	FALSE	ORF1ab:cds-YP_009724389.1	ACC	T	ACT	T	2300
NC_045512.2	7165	C	T	2728	1926	39	1	1	37	0.000366435	2729	0.875137	FALSE	ORF1ab:cds-YP_009725295.1	ACC	T	ACT	T	2300
NC_045512.2	7166	T	C	2695	1905	39	1	0	37	0.00037092	2696	0.875139	FALSE	ORF1ab:cds-YP_009724389.1	TAT	Y	CAT	H	2301
NC_045512.2	7166	T	C	2695	1905	39	1	0	37	0.00037092	2696	0.875139	FALSE	ORF1ab:cds-YP_009725295.1	TAT	Y	CAT	H	2301
NC_045512.2	7171	T	C	2242	1514	39	1	0	37	0.000445831	2243	0.875167	FALSE	ORF1ab:cds-YP_009724389.1	CCT	P	CCC	P	2302
NC_045512.2	7171	T	C	2242	1514	39	1	0	37	0.000445831	2243	0.875167	FALSE	ORF1ab:cds-YP_009725295.1	CCT	P	CCC	P	2302
NC_045512.2	7175	T	C	1990	1305	39	2	0	37	0.00100402	1992	0.500188	FALSE	ORF1ab:cds-YP_009724389.1	TTA	L	CTA	L	2304
NC_045512.2	7175	T	C	1990	1305	39	2	0	37	0.00100402	1992	0.500188	FALSE	ORF1ab:cds-YP_009725295.1	TTA	L	CTA	L	2304
NC_045512.2	7183	T	C	1924	1259	39	3	1	37	0.00155682	1927	0.312597	FALSE	ORF1ab:cds-YP_009724389.1	ACT	T	ACC	T	2306
NC_045512.2	7183	T	C	1924	1259	39	3	1	37	0.00155682	1927	0.312597	FALSE	ORF1ab:cds-YP_009725295.1	ACT	T	ACC	T	2306
NC_045512.2	7184	A	T	1763	1295	37	1	1	25	0.000566893	1764	0.999996	FALSE	ORF1ab:cds-YP_009724389.1	ATA	I	TTA	L	2307
NC_045512.2	7184	A	T	1763	1295	37	1	1	25	0.000566893	1764	0.999996	FALSE	ORF1ab:cds-YP_009725295.1	ATA	I	TTA	L	2307
NC_045512.2	7185	T	C	1755	1295	37	1	1	74	0.000569476	1756	0.500142	FALSE	ORF1ab:cds-YP_009724389.1	ATA	I	ACA	T	2307
NC_045512.2	7185	T	C	1755	1295	37	1	1	74	0.000569476	1756	0.500142	FALSE	ORF1ab:cds-YP_009725295.1	ATA	I	ACA	T	2307
NC_045512.2	7186	A	G	1734	1274	37	1	1	37	0.000576369	1735	0.750216	FALSE	ORF1ab:cds-YP_009724389.1	ATA	I	ATG	M	2307
NC_045512.2	7186	A	G	1734	1274	37	1	1	37	0.000576369	1735	0.750216	FALSE	ORF1ab:cds-YP_009725295.1	ATA	I	ATG	M	2307
NC_045512.2	7194	C	A	792	378	37	1	0	74	0.00126103	793	0.500315	FALSE	ORF1ab:cds-YP_009724389.1	ACC	T	AAC	N	2310
NC_045512.2	7194	C	A	792	378	37	1	0	74	0.00126103	793	0.500315	FALSE	ORF1ab:cds-YP_009725295.1	ACC	T	AAC	N	2310
NC_045512.2	7296	C	A	18	7	39	2	0	37	0.1	20	0.25641	FALSE	ORF1ab:cds-YP_009724389.1	GCT	A	GAT	D	2344
NC_045512.2	7296	C	A	18	7	39	2	0	37	0.1	20	0.25641	FALSE	ORF1ab:cds-YP_009725295.1	GCT	A	GAT	D	2344
NC_045512.2	7423	C	T	10	10	44	7	6	42	0.411765	17	0.00455238	TRUE	ORF1ab:cds-YP_009724389.1	TTC	F	TTT	F	2386
NC_045512.2	7423	C	T	10	10	44	7	6	42	0.411765	17	0.00455238	TRUE	ORF1ab:cds-YP_009725295.1	TTC	F	TTT	F	2386
NC_045512.2	7425	T	C	14	13	41	1	1	37	0.0666667	15	0.517241	FALSE	ORF1ab:cds-YP_009724389.1	TTT	F	TCT	S	2387
NC_045512.2	7425	T	C	14	13	41	1	1	37	0.0666667	15	0.517241	FALSE	ORF1ab:cds-YP_009725295.1	TTT	F	TCT	S	2387
NC_045512.2	7539	C	A	97	17	44	1	0	37	0.0102041	98	0.502564	FALSE	ORF1ab:cds-YP_009724389.1	ACT	T	AAT	N	2425
NC_045512.2	7539	C	A	97	17	44	1	0	37	0.0102041	98	0.502564	FALSE	ORF1ab:cds-YP_009725295.1	ACT	T	AAT	N	2425
NC_045512.2	7578	C	T	134	38	43	1	0	37	0.00740741	135	0.501859	FALSE	ORF1ab:cds-YP_009724389.1	GCT	A	GTT	V	2438
NC_045512.2	7578	C	T	134	38	43	1	0	37	0.00740741	135	0.501859	FALSE	ORF1ab:cds-YP_009725295.1	GCT	A	GTT	V	2438
NC_045512.2	7589	A	G	134	40	44	1	1	36	0.00740741	135	0.501859	FALSE	ORF1ab:cds-YP_009724389.1	AAA	K	GAA	E	2442
NC_045512.2	7589	A	G	134	40	44	1	1	36	0.00740741	135	0.501859	FALSE	ORF1ab:cds-YP_009725295.1	AAA	K	GAA	E	2442
NC_045512.2	7638	T	C	131	67	45	1	1	74	0.00757576	132	0.501901	FALSE	ORF1ab:cds-YP_009724389.1	TTC	F	TCC	S	2458
NC_045512.2	7638	T	C	131	67	45	1	1	74	0.00757576	132	0.501901	FALSE	ORF1ab:cds-YP_009725295.1	TTC	F	TCC	S	2458
NC_045512.2	7661	A	G	119	73	45	1	1	74	0.00833333	120	0.502092	FALSE	ORF1ab:cds-YP_009724389.1	AGT	S	GGT	G	2466
NC_045512.2	7661	A	G	119	73	45	1	1	74	0.00833333	120	0.502092	FALSE	ORF1ab:cds-YP_009725295.1	AGT	S	GGT	G	2466
NC_045512.2	7764	C	T	31	26	40	16	13	40	0.340426	47	3.94742e-06	TRUE	ORF1ab:cds-YP_009724389.1	TCC	S	TTC	F	2500
NC_045512.2	7764	C	T	31	26	40	16	13	40	0.340426	47	3.94742e-06	TRUE	ORF1ab:cds-YP_009725295.1	TCC	S	TTC	F	2500
NC_045512.2	7778	T	A	42	36	40	1	1	37	0.0232558	43	0.505882	FALSE	ORF1ab:cds-YP_009724389.1	TTT	F	ATT	I	2505
NC_045512.2	7778	T	A	42	36	40	1	1	37	0.0232558	43	0.505882	FALSE	ORF1ab:cds-YP_009725295.1	TTT	F	ATT	I	2505
NC_045512.2	7804	T	A	383	31	37	1	0	25	0.00260417	384	0.938313	FALSE	ORF1ab:cds-YP_009724389.1	TAT	Y	TAA	*	2513
NC_045512.2	7804	T	A	383	31	37	1	0	25	0.00260417	384	0.938313	FALSE	ORF1ab:cds-YP_009725295.1	TAT	Y	TAA	*	2513
NC_045512.2	7808	A	G	391	31	37	1	0	25	0.00255102	392	0.938297	FALSE	ORF1ab:cds-YP_009724389.1	AGA	R	GGA	G	2515
NC_045512.2	7808	A	G	391	31	37	1	0	25	0.00255102	392	0.938297	FALSE	ORF1ab:cds-YP_009725295.1	AGA	R	GGA	G	2515
NC_045512.2	7810	A	G	438	29	36	1	0	37	0.0022779	439	0.50057	FALSE	ORF1ab:cds-YP_009724389.1	AGA	R	AGG	R	2515
NC_045512.2	7810	A	G	438	29	36	1	0	37	0.0022779	439	0.50057	FALSE	ORF1ab:cds-YP_009725295.1	AGA	R	AGG	R	2515
NC_045512.2	7813	T	C	441	33	36	1	0	37	0.00226244	442	0.500566	FALSE	ORF1ab:cds-YP_009724389.1	CAT	H	CAC	H	2516
NC_045512.2	7813	T	C	441	33	36	1	0	37	0.00226244	442	0.500566	FALSE	ORF1ab:cds-YP_009725295.1	CAT	H	CAC	H	2516
NC_045512.2	7813	T	-TC	441	33	36	1	0	20	0.00226244	442	0.969279	FALSE	NA	NA	NA	NA	NA	NA
NC_045512.2	7818	T	C	458	21	37	1	0	37	0.00217865	459	0.500545	FALSE	ORF1ab:cds-YP_009724389.1	CTC	L	CCC	P	2518
NC_045512.2	7818	T	C	458	21	37	1	0	37	0.00217865	459	0.500545	FALSE	ORF1ab:cds-YP_009725295.1	CTC	L	CCC	P	2518
NC_045512.2	7842	A	G	623	31	37	1	1	37	0.00160256	624	0.500401	FALSE	ORF1ab:cds-YP_009724389.1	AAC	N	AGC	S	2526
NC_045512.2	7842	A	G	623	31	37	1	1	37	0.00160256	624	0.500401	FALSE	ORF1ab:cds-YP_009725295.1	AAC	N	AGC	S	2526
NC_045512.2	7848	G	C	724	83	40	2	2	37	0.00275482	726	0.250172	FALSE	ORF1ab:cds-YP_009724389.1	AGA	R	ACA	T	2528
NC_045512.2	7848	G	C	724	83	40	2	2	37	0.00275482	726	0.250172	FALSE	ORF1ab:cds-YP_009725295.1	AGA	R	ACA	T	2528
NC_045512.2	7849	A	G	727	86	40	1	1	37	0.00137363	728	0.500344	FALSE	ORF1ab:cds-YP_009724389.1	AGA	R	AGG	R	2528
NC_045512.2	7849	A	G	727	86	40	1	1	37	0.00137363	728	0.500344	FALSE	ORF1ab:cds-YP_009725295.1	AGA	R	AGG	R	2528
NC_045512.2	7858	C	T	909	94	40	1	0	37	0.0010989	910	0.500275	FALSE	ORF1ab:cds-YP_009724389.1	AAC	N	AAT	N	2531
NC_045512.2	7858	C	T	909	94	40	1	0	37	0.0010989	910	0.500275	FALSE	ORF1ab:cds-YP_009725295.1	AAC	N	AAT	N	2531
NC_045512.2	7863	A	C	912	112	41	2	2	37	0.00218818	914	0.250137	FALSE	ORF1ab:cds-YP_009724389.1	AAA	K	ACA	T	2533
NC_045512.2	7863	A	C	912	112	41	2	2	37	0.00218818	914	0.250137	FALSE	ORF1ab:cds-YP_009725295.1	AAA	K	ACA	T	2533
NC_045512.2	7874	C	T	997	155	42	1	0	37	0.001002	998	0.500251	FALSE	ORF1ab:cds-YP_009724389.1	CCT	P	TCT	S	2537
NC_045512.2	7874	C	T	997	155	42	1	0	37	0.001002	998	0.500251	FALSE	ORF1ab:cds-YP_009725295.1	CCT	P	TCT	S	2537
NC_045512.2	7875	C	A	1056	203	44	1	0	37	0.000946074	1057	0.750355	FALSE	ORF1ab:cds-YP_009724389.1	CCT	P	CAT	H	2537
NC_045512.2	7875	C	A	1056	203	44	1	0	37	0.000946074	1057	0.750355	FALSE	ORF1ab:cds-YP_009725295.1	CCT	P	CAT	H	2537
NC_045512.2	7877	A	G	1059	208	45	1	0	25	0.000943396	1060	0.999527	FALSE	ORF1ab:cds-YP_009724389.1	ATT	I	GTT	V	2538
NC_045512.2	7877	A	G	1059	208	45	1	0	25	0.000943396	1060	0.999527	FALSE	ORF1ab:cds-YP_009725295.1	ATT	I	GTT	V	2538
NC_045512.2	7880	A	G	1080	213	45	1	0	37	0.000925069	1081	0.750347	FALSE	ORF1ab:cds-YP_009724389.1	AAT	N	GAT	D	2539
NC_045512.2	7880	A	G	1080	213	45	1	0	37	0.000925069	1081	0.750347	FALSE	ORF1ab:cds-YP_009725295.1	AAT	N	GAT	D	2539
NC_045512.2	7888	A	G	1067	241	44	1	0	37	0.00093633	1068	0.750351	FALSE	ORF1ab:cds-YP_009724389.1	ATA	I	ATG	M	2541
NC_045512.2	7888	A	G	1067	241	44	1	0	37	0.00093633	1068	0.750351	FALSE	ORF1ab:cds-YP_009725295.1	ATA	I	ATG	M	2541
NC_045512.2	7890	T	C	1068	241	43	1	0	37	0.000935454	1069	0.750351	FALSE	ORF1ab:cds-YP_009724389.1	GTT	V	GCT	A	2542
NC_045512.2	7890	T	C	1068	241	43	1	0	37	0.000935454	1069	0.750351	FALSE	ORF1ab:cds-YP_009725295.1	GTT	V	GCT	A	2542
NC_045512.2	7898	G	A	1029	324	43	1	0	37	0.000970874	1030	0.750364	FALSE	ORF1ab:cds-YP_009724389.1	GGT	G	AGT	S	2545
NC_045512.2	7898	G	A	1029	324	43	1	0	37	0.000970874	1030	0.750364	FALSE	ORF1ab:cds-YP_009725295.1	GGT	G	AGT	S	2545
NC_045512.2	7914	A	G	1041	408	43	1	1	37	0.000959693	1042	0.75036	FALSE	ORF1ab:cds-YP_009724389.1	GAA	E	GGA	G	2550
NC_045512.2	7914	A	G	1041	408	43	1	1	37	0.000959693	1042	0.75036	FALSE	ORF1ab:cds-YP_009725295.1	GAA	E	GGA	G	2550
NC_045512.2	7915	A	C	1043	414	43	1	0	37	0.000957854	1044	0.750359	FALSE	ORF1ab:cds-YP_009724389.1	GAA	E	GAC	D	2550
NC_045512.2	7915	A	C	1043	414	43	1	0	37	0.000957854	1044	0.750359	FALSE	ORF1ab:cds-YP_009725295.1	GAA	E	GAC	D	2550
NC_045512.2	7917	A	T	1031	412	43	1	1	37	0.000968992	1032	0.750364	FALSE	ORF1ab:cds-YP_009724389.1	GAA	E	GTA	V	2551
NC_045512.2	7917	A	T	1031	412	43	1	1	37	0.000968992	1032	0.750364	FALSE	ORF1ab:cds-YP_009725295.1	GAA	E	GTA	V	2551
NC_045512.2	7918	A	G	1039	414	42	1	0	37	0.000961538	1040	0.750361	FALSE	ORF1ab:cds-YP_009724389.1	GAA	E	GAG	E	2551
NC_045512.2	7918	A	G	1039	414	42	1	0	37	0.000961538	1040	0.750361	FALSE	ORF1ab:cds-YP_009725295.1	GAA	E	GAG	E	2551
NC_045512.2	7920	C	T	1030	423	42	1	0	37	0.000969932	1031	0.750364	FALSE	ORF1ab:cds-YP_009724389.1	TCA	S	TTA	L	2552
NC_045512.2	7920	C	T	1030	423	42	1	0	37	0.000969932	1031	0.750364	FALSE	ORF1ab:cds-YP_009725295.1	TCA	S	TTA	L	2552
NC_045512.2	7921	A	G	1042	438	43	1	1	25	0.000958773	1043	0.999527	FALSE	ORF1ab:cds-YP_009724389.1	TCA	S	TCG	S	2552
NC_045512.2	7921	A	G	1042	438	43	1	1	25	0.000958773	1043	0.999527	FALSE	ORF1ab:cds-YP_009725295.1	TCA	S	TCG	S	2552
NC_045512.2	7923	C	T	1025	438	43	2	0	55	0.00194742	1027	0.250122	FALSE	ORF1ab:cds-YP_009724389.1	TCT	S	TTT	F	2553
NC_045512.2	7923	C	T	1025	438	43	2	0	55	0.00194742	1027	0.250122	FALSE	ORF1ab:cds-YP_009725295.1	TCT	S	TTT	F	2553
NC_045512.2	7924	T	C	1035	444	43	1	1	74	0.000965251	1036	0.500241	FALSE	ORF1ab:cds-YP_009724389.1	TCT	S	TCC	S	2553
NC_045512.2	7924	T	C	1035	444	43	1	1	74	0.000965251	1036	0.500241	FALSE	ORF1ab:cds-YP_009725295.1	TCT	S	TCC	S	2553
NC_045512.2	7925	G	A	1037	443	43	3	2	49	0.00288462	1040	0.125	FALSE	ORF1ab:cds-YP_009724389.1	GCA	A	ACA	T	2554
NC_045512.2	7925	G	A	1037	443	43	3	2	49	0.00288462	1040	0.125	FALSE	ORF1ab:cds-YP_009725295.1	GCA	A	ACA	T	2554
NC_045512.2	7937	T	C	1031	474	42	1	1	74	0.000968992	1032	0.500242	FALSE	ORF1ab:cds-YP_009724389.1	TCT	S	CCT	P	2558
NC_045512.2	7937	T	C	1031	474	42	1	1	74	0.000968992	1032	0.500242	FALSE	ORF1ab:cds-YP_009725295.1	TCT	S	CCT	P	2558
NC_045512.2	7943	T	G	1166	511	42	1	1	37	0.000856898	1167	0.750321	FALSE	ORF1ab:cds-YP_009724389.1	TAC	Y	GAC	D	2560
NC_045512.2	7943	T	G	1166	511	42	1	1	37	0.000856898	1167	0.750321	FALSE	ORF1ab:cds-YP_009725295.1	TAC	Y	GAC	D	2560
NC_045512.2	7949	A	G	1086	462	41	1	0	37	0.000919118	1088	0.750115	FALSE	ORF1ab:cds-YP_009724389.1	AGT	S	GGT	G	2562
NC_045512.2	7949	A	G	1086	462	41	1	0	37	0.000919118	1088	0.750115	FALSE	ORF1ab:cds-YP_009725295.1	AGT	S	GGT	G	2562
NC_045512.2	7949	A	C	1086	462	41	1	0	37	0.000919118	1088	0.750115	FALSE	ORF1ab:cds-YP_009724389.1	AGT	S	CGT	R	2562
NC_045512.2	7949	A	C	1086	462	41	1	0	37	0.000919118	1088	0.750115	FALSE	ORF1ab:cds-YP_009725295.1	AGT	S	CGT	R	2562
NC_045512.2	7954	G	A	1112	479	40	2	0	37	0.00179533	1114	0.500337	FALSE	ORF1ab:cds-YP_009724389.1	CAG	Q	CAA	Q	2563
NC_045512.2	7954	G	A	1112	479	40	2	0	37	0.00179533	1114	0.500337	FALSE	ORF1ab:cds-YP_009725295.1	CAG	Q	CAA	Q	2563
NC_045512.2	7962	G	A	1137	569	40	1	0	37	0.000878735	1138	0.75033	FALSE	ORF1ab:cds-YP_009724389.1	TGT	C	TAT	Y	2566
NC_045512.2	7962	G	A	1137	569	40	1	0	37	0.000878735	1138	0.75033	FALSE	ORF1ab:cds-YP_009725295.1	TGT	C	TAT	Y	2566
NC_045512.2	7965	A	G	1162	546	40	1	0	37	0.000859845	1163	0.750323	FALSE	ORF1ab:cds-YP_009724389.1	CAA	Q	CGA	R	2567
NC_045512.2	7965	A	G	1162	546	40	1	0	37	0.000859845	1163	0.750323	FALSE	ORF1ab:cds-YP_009725295.1	CAA	Q	CGA	R	2567
NC_045512.2	7968	C	A	1282	552	39	1	1	37	0.000779423	1283	0.750292	FALSE	ORF1ab:cds-YP_009724389.1	CCT	P	CAT	H	2568
NC_045512.2	7968	C	A	1282	552	39	1	1	37	0.000779423	1283	0.750292	FALSE	ORF1ab:cds-YP_009725295.1	CCT	P	CAT	H	2568
NC_045512.2	7969	T	C	1239	527	39	3	0	37	0.00241546	1242	0.312651	FALSE	ORF1ab:cds-YP_009724389.1	CCT	P	CCC	P	2568
NC_045512.2	7969	T	C	1239	527	39	3	0	37	0.00241546	1242	0.312651	FALSE	ORF1ab:cds-YP_009725295.1	CCT	P	CCC	P	2568
NC_045512.2	7973	C	T	1257	529	39	2	0	37	0.00158856	1259	0.500298	FALSE	ORF1ab:cds-YP_009724389.1	CTG	L	TTG	L	2570
NC_045512.2	7973	C	T	1257	529	39	2	0	37	0.00158856	1259	0.500298	FALSE	ORF1ab:cds-YP_009725295.1	CTG	L	TTG	L	2570
NC_045512.2	7978	A	G	1134	457	39	1	0	37	0.000881057	1135	0.750331	FALSE	ORF1ab:cds-YP_009724389.1	TTA	L	TTG	L	2571
NC_045512.2	7978	A	G	1134	457	39	1	0	37	0.000881057	1135	0.750331	FALSE	ORF1ab:cds-YP_009725295.1	TTA	L	TTG	L	2571
NC_045512.2	7981	A	G	1130	451	39	1	0	37	0.000884173	1131	0.750332	FALSE	ORF1ab:cds-YP_009724389.1	CTA	L	CTG	L	2572
NC_045512.2	7981	A	G	1130	451	39	1	0	37	0.000884173	1131	0.750332	FALSE	ORF1ab:cds-YP_009725295.1	CTA	L	CTG	L	2572
NC_045512.2	7986	A	G	1108	453	39	1	1	37	0.000901713	1109	0.750338	FALSE	ORF1ab:cds-YP_009724389.1	CAG	Q	CGG	R	2574
NC_045512.2	7986	A	G	1108	453	39	1	1	37	0.000901713	1109	0.750338	FALSE	ORF1ab:cds-YP_009725295.1	CAG	Q	CGG	R	2574
NC_045512.2	8001	A	G	1116	415	39	1	1	37	0.000895255	1117	0.750336	FALSE	ORF1ab:cds-YP_009724389.1	GAT	D	GGT	G	2579
NC_045512.2	8001	A	G	1116	415	39	1	1	37	0.000895255	1117	0.750336	FALSE	ORF1ab:cds-YP_009725295.1	GAT	D	GGT	G	2579
NC_045512.2	8008	T	C	1136	429	40	1	1	25	0.000879507	1137	0.999764	FALSE	ORF1ab:cds-YP_009724389.1	GGT	G	GGC	G	2581
NC_045512.2	8008	T	C	1136	429	40	1	1	25	0.000879507	1137	0.999764	FALSE	ORF1ab:cds-YP_009725295.1	GGT	G	GGC	G	2581
NC_045512.2	8015	G	A	1126	429	41	1	1	37	0.000887311	1127	0.750333	FALSE	ORF1ab:cds-YP_009724389.1	GCG	A	ACG	T	2584
NC_045512.2	8015	G	A	1126	429	41	1	1	37	0.000887311	1127	0.750333	FALSE	ORF1ab:cds-YP_009725295.1	GCG	A	ACG	T	2584
NC_045512.2	8016	C	T	1116	427	41	2	0	37	0.00178891	1118	0.500336	FALSE	ORF1ab:cds-YP_009724389.1	GCG	A	GTG	V	2584
NC_045512.2	8016	C	T	1116	427	41	2	0	37	0.00178891	1118	0.500336	FALSE	ORF1ab:cds-YP_009725295.1	GCG	A	GTG	V	2584
NC_045512.2	8025	C	T	1109	453	42	1	1	37	0.000900901	1110	0.750338	FALSE	ORF1ab:cds-YP_009724389.1	GCA	A	GTA	V	2587
NC_045512.2	8025	C	T	1109	453	42	1	1	37	0.000900901	1110	0.750338	FALSE	ORF1ab:cds-YP_009725295.1	GCA	A	GTA	V	2587
NC_045512.2	8043	C	T	1119	635	44	1	1	25	0.000892857	1120	0.999764	FALSE	ORF1ab:cds-YP_009724389.1	GCT	A	GTT	V	2593
NC_045512.2	8043	C	T	1119	635	44	1	1	25	0.000892857	1120	0.999764	FALSE	ORF1ab:cds-YP_009725295.1	GCT	A	GTT	V	2593
NC_045512.2	8044	T	C	1086	604	44	1	0	37	0.000919963	1087	0.750345	FALSE	ORF1ab:cds-YP_009724389.1	GCT	A	GCC	A	2593
NC_045512.2	8044	T	C	1086	604	44	1	0	37	0.000919963	1087	0.750345	FALSE	ORF1ab:cds-YP_009725295.1	GCT	A	GCC	A	2593
NC_045512.2	8045	T	C	1089	612	44	1	1	37	0.000917431	1090	0.750344	FALSE	ORF1ab:cds-YP_009724389.1	TAC	Y	CAC	H	2594
NC_045512.2	8045	T	C	1089	612	44	1	1	37	0.000917431	1090	0.750344	FALSE	ORF1ab:cds-YP_009725295.1	TAC	Y	CAC	H	2594
NC_045512.2	8046	A	G	1177	744	46	4	4	37	0.00338696	1181	0.1875	FALSE	ORF1ab:cds-YP_009724389.1	TAC	Y	TGC	C	2594
NC_045512.2	8046	A	G	1177	744	46	4	4	37	0.00338696	1181	0.1875	FALSE	ORF1ab:cds-YP_009725295.1	TAC	Y	TGC	C	2594
NC_045512.2	8047	C	T	1203	755	46	1	0	37	0.000830565	1204	0.750312	FALSE	ORF1ab:cds-YP_009724389.1	TAC	Y	TAT	Y	2594
NC_045512.2	8047	C	T	1203	755	46	1	0	37	0.000830565	1204	0.750312	FALSE	ORF1ab:cds-YP_009725295.1	TAC	Y	TAT	Y	2594
NC_045512.2	8054	A	G	1209	810	47	1	0	37	0.000826446	1210	0.75031	FALSE	ORF1ab:cds-YP_009724389.1	ACG	T	GCG	A	2597
NC_045512.2	8054	A	G	1209	810	47	1	0	37	0.000826446	1210	0.75031	FALSE	ORF1ab:cds-YP_009725295.1	ACG	T	GCG	A	2597
NC_045512.2	8056	G	A	1093	737	47	2	2	37	0.00182648	1095	0.500343	FALSE	ORF1ab:cds-YP_009724389.1	ACG	T	ACA	T	2597
NC_045512.2	8056	G	A	1093	737	47	2	2	37	0.00182648	1095	0.500343	FALSE	ORF1ab:cds-YP_009725295.1	ACG	T	ACA	T	2597
NC_045512.2	8056	G	-T	1093	737	47	1	0	20	0.000913242	1095	0.999524	FALSE	NA	NA	NA	NA	NA	NA
NC_045512.2	8062	A	G	1086	750	46	1	1	48	0.000919963	1087	0.50023	FALSE	ORF1ab:cds-YP_009724389.1	TCA	S	TCG	S	2599
NC_045512.2	8062	A	G	1086	750	46	1	1	48	0.000919963	1087	0.50023	FALSE	ORF1ab:cds-YP_009725295.1	TCA	S	TCG	S	2599
NC_045512.2	8064	C	T	1080	742	46	1	1	37	0.000925069	1081	0.750347	FALSE	ORF1ab:cds-YP_009724389.1	TCA	S	TTA	L	2600
NC_045512.2	8064	C	T	1080	742	46	1	1	37	0.000925069	1081	0.750347	FALSE	ORF1ab:cds-YP_009725295.1	TCA	S	TTA	L	2600
NC_045512.2	8077	A	-C	935	748	42	1	0	20	0.00106952	935	0.999057	FALSE	NA	NA	NA	NA	NA	NA
NC_045512.2	8084	G	-A	921	749	42	1	0	20	0.00108578	921	0.999057	FALSE	NA	NA	NA	NA	NA	NA
NC_045512.2	8090	C	T	901	768	40	1	1	37	0.00110865	902	0.500277	FALSE	ORF1ab:cds-YP_009724389.1	CTC	L	TTC	F	2609
NC_045512.2	8090	C	T	901	768	40	1	1	37	0.00110865	902	0.500277	FALSE	ORF1ab:cds-YP_009725295.1	CTC	L	TTC	F	2609
NC_045512.2	8091	T	C	890	756	40	2	2	37	0.00224215	892	0.25014	FALSE	ORF1ab:cds-YP_009724389.1	CTC	L	CCC	P	2609
NC_045512.2	8091	T	C	890	756	40	2	2	37	0.00224215	892	0.25014	FALSE	ORF1ab:cds-YP_009725295.1	CTC	L	CCC	P	2609
NC_045512.2	8099	C	T	841	733	39	1	1	37	0.00118765	842	0.500297	FALSE	ORF1ab:cds-YP_009724389.1	CTA	L	TTA	L	2612
NC_045512.2	8099	C	T	841	733	39	1	1	37	0.00118765	842	0.500297	FALSE	ORF1ab:cds-YP_009725295.1	CTA	L	TTA	L	2612
NC_045512.2	8104	T	-G	806	721	39	1	0	20	0.00124069	806	0.998112	FALSE	NA	NA	NA	NA	NA	NA
NC_045512.2	8105	G	A	800	718	39	1	1	74	0.00124844	801	0.5	FALSE	ORF1ab:cds-YP_009724389.1	GCA	A	ACA	T	2614
NC_045512.2	8105	G	A	800	718	39	1	1	74	0.00124844	801	0.5	FALSE	ORF1ab:cds-YP_009725295.1	GCA	A	ACA	T	2614
NC_045512.2	8110	T	C	701	631	38	1	1	37	0.0014245	702	0.500356	FALSE	ORF1ab:cds-YP_009724389.1	ACT	T	ACC	T	2615
NC_045512.2	8110	T	C	701	631	38	1	1	37	0.0014245	702	0.500356	FALSE	ORF1ab:cds-YP_009725295.1	ACT	T	ACC	T	2615
NC_045512.2	8111	G	A	707	636	39	1	1	37	0.00141243	708	0.500353	FALSE	ORF1ab:cds-YP_009724389.1	GCA	A	ACA	T	2616
NC_045512.2	8111	G	A	707	636	39	1	1	37	0.00141243	708	0.500353	FALSE	ORF1ab:cds-YP_009725295.1	GCA	A	ACA	T	2616
NC_045512.2	8112	C	T	708	637	39	1	1	37	0.00141044	709	0.500353	FALSE	ORF1ab:cds-YP_009724389.1	GCA	A	GTA	V	2616
NC_045512.2	8112	C	T	708	637	39	1	1	37	0.00141044	709	0.500353	FALSE	ORF1ab:cds-YP_009725295.1	GCA	A	GTA	V	2616
NC_045512.2	8117	G	A	13091	1319	36	2	0	37	0.000152753	13093	0.999513	FALSE	ORF1ab:cds-YP_009724389.1	GCT	A	ACT	T	2618
NC_045512.2	8117	G	A	13091	1319	36	2	0	37	0.000152753	13093	0.999513	FALSE	ORF1ab:cds-YP_009725295.1	GCT	A	ACT	T	2618
NC_045512.2	8118	C	T	13126	1308	36	3	1	37	0.000228484	13130	0.997915	FALSE	ORF1ab:cds-YP_009724389.1	GCT	A	GTT	V	2618
NC_045512.2	8118	C	T	13126	1308	36	3	1	37	0.000228484	13130	0.997915	FALSE	ORF1ab:cds-YP_009725295.1	GCT	A	GTT	V	2618
NC_045512.2	8118	C	G	13126	1308	36	1	0	37	7.61615e-05	13130	0.999939	FALSE	ORF1ab:cds-YP_009724389.1	GCT	A	GGT	G	2618
NC_045512.2	8118	C	G	13126	1308	36	1	0	37	7.61615e-05	13130	0.999939	FALSE	ORF1ab:cds-YP_009725295.1	GCT	A	GGT	G	2618
NC_045512.2	8119	T	G	13038	1296	36	2	0	37	0.000153327	13044	0.999512	FALSE	ORF1ab:cds-YP_009724389.1	GCT	A	GCG	A	2618
NC_045512.2	8119	T	G	13038	1296	36	2	0	37	0.000153327	13044	0.999512	FALSE	ORF1ab:cds-YP_009725295.1	GCT	A	GCG	A	2618
NC_045512.2	8119	T	C	13038	1296	36	4	1	40	0.000306654	13044	0.187452	FALSE	ORF1ab:cds-YP_009724389.1	GCT	A	GCC	A	2618
NC_045512.2	8119	T	C	13038	1296	36	4	1	40	0.000306654	13044	0.187452	FALSE	ORF1ab:cds-YP_009725295.1	GCT	A	GCC	A	2618
NC_045512.2	8120	G	T	13145	1304	37	2	0	37	0.000152126	13147	0.999513	FALSE	ORF1ab:cds-YP_009724389.1	GAA	E	TAA	*	2619
NC_045512.2	8120	G	T	13145	1304	37	2	0	37	0.000152126	13147	0.999513	FALSE	ORF1ab:cds-YP_009725295.1	GAA	E	TAA	*	2619
NC_045512.2	8122	A	T	13111	1368	37	1	0	37	7.62544e-05	13114	0.999939	FALSE	ORF1ab:cds-YP_009724389.1	GAA	E	GAT	D	2619
NC_045512.2	8122	A	T	13111	1368	37	1	0	37	7.62544e-05	13114	0.999939	FALSE	ORF1ab:cds-YP_009725295.1	GAA	E	GAT	D	2619
NC_045512.2	8122	A	G	13111	1368	37	2	1	37	0.000152509	13114	0.999513	FALSE	ORF1ab:cds-YP_009724389.1	GAA	E	GAG	E	2619
NC_045512.2	8122	A	G	13111	1368	37	2	1	37	0.000152509	13114	0.999513	FALSE	ORF1ab:cds-YP_009725295.1	GAA	E	GAG	E	2619
NC_045512.2	8123	C	A	13462	1371	37	1	0	37	7.42776e-05	13463	0.999939	FALSE	ORF1ab:cds-YP_009724389.1	CTT	L	ATT	I	2620
NC_045512.2	8123	C	A	13462	1371	37	1	0	37	7.42776e-05	13463	0.999939	FALSE	ORF1ab:cds-YP_009725295.1	CTT	L	ATT	I	2620
NC_045512.2	8124	T	C	13423	1368	37	1	0	37	7.44934e-05	13424	0.999939	FALSE	ORF1ab:cds-YP_009724389.1	CTT	L	CCT	P	2620
NC_045512.2	8124	T	C	13423	1368	37	1	0	37	7.44934e-05	13424	0.999939	FALSE	ORF1ab:cds-YP_009725295.1	CTT	L	CCT	P	2620
NC_045512.2	8126	G	T	13818	1394	37	3	1	49	0.000216716	13843	0.311917	FALSE	ORF1ab:cds-YP_009724389.1	GCA	A	TCA	S	2621
NC_045512.2	8126	G	T	13818	1394	37	3	1	49	0.000216716	13843	0.311917	FALSE	ORF1ab:cds-YP_009725295.1	GCA	A	TCA	S	2621
NC_045512.2	8126	G	C	13818	1394	37	1	0	25	7.22387e-05	13843	1	FALSE	ORF1ab:cds-YP_009724389.1	GCA	A	CCA	P	2621
NC_045512.2	8126	G	C	13818	1394	37	1	0	25	7.22387e-05	13843	1	FALSE	ORF1ab:cds-YP_009725295.1	GCA	A	CCA	P	2621
NC_045512.2	8126	G	A	13818	1394	37	21	4	38	0.00151701	13843	0.114474	FALSE	ORF1ab:cds-YP_009724389.1	GCA	A	ACA	T	2621
NC_045512.2	8126	G	A	13818	1394	37	21	4	38	0.00151701	13843	0.114474	FALSE	ORF1ab:cds-YP_009725295.1	GCA	A	ACA	T	2621
NC_045512.2	8127	C	T	14016	1448	37	10	0	37	0.000712962	14026	0.846418	FALSE	ORF1ab:cds-YP_009724389.1	GCA	A	GTA	V	2621
NC_045512.2	8127	C	T	14016	1448	37	10	0	37	0.000712962	14026	0.846418	FALSE	ORF1ab:cds-YP_009725295.1	GCA	A	GTA	V	2621
NC_045512.2	8128	A	T	14050	1457	37	1	0	37	7.11592e-05	14053	0.99997	FALSE	ORF1ab:cds-YP_009724389.1	GCA	A	GCT	A	2621
NC_045512.2	8128	A	T	14050	1457	37	1	0	37	7.11592e-05	14053	0.99997	FALSE	ORF1ab:cds-YP_009725295.1	GCA	A	GCT	A	2621
NC_045512.2	8128	A	G	14050	1457	37	2	0	37	0.000142318	14053	0.999741	FALSE	ORF1ab:cds-YP_009724389.1	GCA	A	GCG	A	2621
NC_045512.2	8128	A	G	14050	1457	37	2	0	37	0.000142318	14053	0.999741	FALSE	ORF1ab:cds-YP_009725295.1	GCA	A	GCG	A	2621
NC_045512.2	8129	A	G	14123	1454	37	2	1	37	0.000141593	14125	0.999742	FALSE	ORF1ab:cds-YP_009724389.1	AAG	K	GAG	E	2622
NC_045512.2	8129	A	G	14123	1454	37	2	1	37	0.000141593	14125	0.999742	FALSE	ORF1ab:cds-YP_009725295.1	AAG	K	GAG	E	2622
NC_045512.2	8130	A	T	14005	1457	37	2	0	37	0.000142786	14007	0.999742	FALSE	ORF1ab:cds-YP_009724389.1	AAG	K	ATG	M	2622
NC_045512.2	8130	A	T	14005	1457	37	2	0	37	0.000142786	14007	0.999742	FALSE	ORF1ab:cds-YP_009725295.1	AAG	K	ATG	M	2622
NC_045512.2	8131	G	T	19454	1493	37	1	0	37	5.13954e-05	19457	0.999999	FALSE	ORF1ab:cds-YP_009724389.1	AAG	K	AAT	N	2622
NC_045512.2	8131	G	T	19454	1493	37	1	0	37	5.13954e-05	19457	0.999999	FALSE	ORF1ab:cds-YP_009725295.1	AAG	K	AAT	N	2622
NC_045512.2	8131	G	A	19454	1493	37	2	0	31	0.000102791	19457	0.99999	FALSE	ORF1ab:cds-YP_009724389.1	AAG	K	AAA	K	2622
NC_045512.2	8131	G	A	19454	1493	37	2	0	31	0.000102791	19457	0.99999	FALSE	ORF1ab:cds-YP_009725295.1	AAG	K	AAA	K	2622
NC_045512.2	8132	A	T	19714	1484	36	1	0	37	5.07177e-05	19717	0.999999	FALSE	ORF1ab:cds-YP_009724389.1	AAT	N	TAT	Y	2623
NC_045512.2	8132	A	T	19714	1484	36	1	0	37	5.07177e-05	19717	0.999999	FALSE	ORF1ab:cds-YP_009725295.1	AAT	N	TAT	Y	2623
NC_045512.2	8132	A	G	19714	1484	36	2	0	37	0.000101435	19717	0.99999	FALSE	ORF1ab:cds-YP_009724389.1	AAT	N	GAT	D	2623
NC_045512.2	8132	A	G	19714	1484	36	2	0	37	0.000101435	19717	0.99999	FALSE	ORF1ab:cds-YP_009725295.1	AAT	N	GAT	D	2623
NC_045512.2	8133	A	G	19048	939	36	3	0	37	0.000157464	19052	0.99994	FALSE	ORF1ab:cds-YP_009724389.1	AAT	N	AGT	S	2623
NC_045512.2	8133	A	G	19048	939	36	3	0	37	0.000157464	19052	0.99994	FALSE	ORF1ab:cds-YP_009725295.1	AAT	N	AGT	S	2623
NC_045512.2	8133	A	C	19048	939	36	1	0	25	5.24879e-05	19052	1	FALSE	ORF1ab:cds-YP_009724389.1	AAT	N	ACT	T	2623
NC_045512.2	8133	A	C	19048	939	36	1	0	25	5.24879e-05	19052	1	FALSE	ORF1ab:cds-YP_009725295.1	AAT	N	ACT	T	2623
NC_045512.2	8134	T	G	19346	1437	38	2	2	37	0.000103348	19352	0.99999	FALSE	ORF1ab:cds-YP_009724389.1	AAT	N	AAG	K	2623
NC_045512.2	8134	T	G	19346	1437	38	2	2	37	0.000103348	19352	0.99999	FALSE	ORF1ab:cds-YP_009725295.1	AAT	N	AAG	K	2623
NC_045512.2	8134	T	C	19346	1437	38	4	0	37	0.000206697	19352	0.999757	FALSE	ORF1ab:cds-YP_009724389.1	AAT	N	AAC	N	2623
NC_045512.2	8134	T	C	19346	1437	38	4	0	37	0.000206697	19352	0.999757	FALSE	ORF1ab:cds-YP_009725295.1	AAT	N	AAC	N	2623
NC_045512.2	8135	G	T	19465	1481	38	2	0	37	0.00010269	19476	0.99999	FALSE	ORF1ab:cds-YP_009724389.1	GTG	V	TTG	L	2624
NC_045512.2	8135	G	T	19465	1481	38	2	0	37	0.00010269	19476	0.99999	FALSE	ORF1ab:cds-YP_009725295.1	GTG	V	TTG	L	2624
NC_045512.2	8135	G	A	19465	1481	38	9	1	35	0.000462107	19476	0.982178	FALSE	ORF1ab:cds-YP_009724389.1	GTG	V	ATG	M	2624
NC_045512.2	8135	G	A	19465	1481	38	9	1	35	0.000462107	19476	0.982178	FALSE	ORF1ab:cds-YP_009725295.1	GTG	V	ATG	M	2624
NC_045512.2	8136	T	G	19503	1514	39	1	1	37	5.12453e-05	19514	0.999999	FALSE	ORF1ab:cds-YP_009724389.1	GTG	V	GGG	G	2624
NC_045512.2	8136	T	G	19503	1514	39	1	1	37	5.12453e-05	19514	0.999999	FALSE	ORF1ab:cds-YP_009725295.1	GTG	V	GGG	G	2624
NC_045512.2	8136	T	C	19503	1514	39	2	0	37	0.000102491	19514	0.99999	FALSE	ORF1ab:cds-YP_009724389.1	GTG	V	GCG	A	2624
NC_045512.2	8136	T	C	19503	1514	39	2	0	37	0.000102491	19514	0.99999	FALSE	ORF1ab:cds-YP_009725295.1	GTG	V	GCG	A	2624
NC_045512.2	8136	T	A	19503	1514	39	8	8	37	0.000409962	19514	0.990435	FALSE	ORF1ab:cds-YP_009724389.1	GTG	V	GAG	E	2624
NC_045512.2	8136	T	A	19503	1514	39	8	8	37	0.000409962	19514	0.990435	FALSE	ORF1ab:cds-YP_009725295.1	GTG	V	GAG	E	2624
NC_045512.2	8137	G	A	20076	1658	39	1	0	37	4.98082e-05	20077	1	FALSE	ORF1ab:cds-YP_009724389.1	GTG	V	GTA	V	2624
NC_045512.2	8137	G	A	20076	1658	39	1	0	37	4.98082e-05	20077	1	FALSE	ORF1ab:cds-YP_009725295.1	GTG	V	GTA	V	2624
NC_045512.2	8138	T	C	23913	1669	38	2	0	37	8.36295e-05	23915	0.999999	FALSE	ORF1ab:cds-YP_009724389.1	TCC	S	CCC	P	2625
NC_045512.2	8138	T	C	23913	1669	38	2	0	37	8.36295e-05	23915	0.999999	FALSE	ORF1ab:cds-YP_009725295.1	TCC	S	CCC	P	2625
NC_045512.2	8139	C	T	24404	1651	38	2	1	37	8.19403e-05	24408	1	FALSE	ORF1ab:cds-YP_009724389.1	TCC	S	TTC	F	2625
NC_045512.2	8139	C	T	24404	1651	38	2	1	37	8.19403e-05	24408	1	FALSE	ORF1ab:cds-YP_009725295.1	TCC	S	TTC	F	2625
NC_045512.2	8139	C	G	24404	1651	38	1	0	37	4.09702e-05	24408	1	FALSE	ORF1ab:cds-YP_009724389.1	TCC	S	TGC	C	2625
NC_045512.2	8139	C	G	24404	1651	38	1	0	37	4.09702e-05	24408	1	FALSE	ORF1ab:cds-YP_009725295.1	TCC	S	TGC	C	2625
NC_045512.2	8139	C	A	24404	1651	38	1	0	37	4.09702e-05	24408	1	FALSE	ORF1ab:cds-YP_009724389.1	TCC	S	TAC	Y	2625
NC_045512.2	8139	C	A	24404	1651	38	1	0	37	4.09702e-05	24408	1	FALSE	ORF1ab:cds-YP_009725295.1	TCC	S	TAC	Y	2625
NC_045512.2	8141	T	C	24446	1652	38	4	0	46	0.000163566	24455	0.343664	FALSE	ORF1ab:cds-YP_009724389.1	TTA	L	CTA	L	2626
NC_045512.2	8141	T	C	24446	1652	38	4	0	46	0.000163566	24455	0.343664	FALSE	ORF1ab:cds-YP_009725295.1	TTA	L	CTA	L	2626
NC_045512.2	8141	T	A	24446	1652	38	5	1	37	0.000204457	24455	0.999948	FALSE	ORF1ab:cds-YP_009724389.1	TTA	L	ATA	I	2626
NC_045512.2	8141	T	A	24446	1652	38	5	1	37	0.000204457	24455	0.999948	FALSE	ORF1ab:cds-YP_009725295.1	TTA	L	ATA	I	2626
NC_045512.2	8143	A	T	24758	1719	38	1	1	37	4.03861e-05	24761	1	FALSE	ORF1ab:cds-YP_009724389.1	TTA	L	TTT	F	2626
NC_045512.2	8143	A	T	24758	1719	38	1	1	37	4.03861e-05	24761	1	FALSE	ORF1ab:cds-YP_009725295.1	TTA	L	TTT	F	2626
NC_045512.2	8143	A	G	24758	1719	38	2	0	31	8.07722e-05	24761	1	FALSE	ORF1ab:cds-YP_009724389.1	TTA	L	TTG	L	2626
NC_045512.2	8143	A	G	24758	1719	38	2	0	31	8.07722e-05	24761	1	FALSE	ORF1ab:cds-YP_009725295.1	TTA	L	TTG	L	2626
NC_045512.2	8144	G	T	26095	1727	38	1	0	37	3.832e-05	26096	1	FALSE	ORF1ab:cds-YP_009724389.1	GAC	D	TAC	Y	2627
NC_045512.2	8144	G	T	26095	1727	38	1	0	37	3.832e-05	26096	1	FALSE	ORF1ab:cds-YP_009725295.1	GAC	D	TAC	Y	2627
NC_045512.2	8145	A	G	26341	1724	38	1	1	74	3.79622e-05	26342	0.500009	FALSE	ORF1ab:cds-YP_009724389.1	GAC	D	GGC	G	2627
NC_045512.2	8145	A	G	26341	1724	38	1	1	74	3.79622e-05	26342	0.500009	FALSE	ORF1ab:cds-YP_009725295.1	GAC	D	GGC	G	2627
NC_045512.2	8146	C	T	26315	1711	38	2	1	37	7.59907e-05	26319	1	FALSE	ORF1ab:cds-YP_009724389.1	GAC	D	GAT	D	2627
NC_045512.2	8146	C	T	26315	1711	38	2	1	37	7.59907e-05	26319	1	FALSE	ORF1ab:cds-YP_009725295.1	GAC	D	GAT	D	2627
NC_045512.2	8146	C	A	26315	1711	38	2	0	37	7.59907e-05	26319	1	FALSE	ORF1ab:cds-YP_009724389.1	GAC	D	GAA	E	2627
NC_045512.2	8146	C	A	26315	1711	38	2	0	37	7.59907e-05	26319	1	FALSE	ORF1ab:cds-YP_009725295.1	GAC	D	GAA	E	2627
NC_045512.2	8147	A	T	25777	1715	37	1	1	25	3.87898e-05	25780	1	FALSE	ORF1ab:cds-YP_009724389.1	AAT	N	TAT	Y	2628
NC_045512.2	8147	A	T	25777	1715	37	1	1	25	3.87898e-05	25780	1	FALSE	ORF1ab:cds-YP_009725295.1	AAT	N	TAT	Y	2628
NC_045512.2	8147	A	G	25777	1715	37	2	0	31	7.75795e-05	25780	1	FALSE	ORF1ab:cds-YP_009724389.1	AAT	N	GAT	D	2628
NC_045512.2	8147	A	G	25777	1715	37	2	0	31	7.75795e-05	25780	1	FALSE	ORF1ab:cds-YP_009725295.1	AAT	N	GAT	D	2628
NC_045512.2	8148	A	T	25708	1886	38	1	0	37	3.88833e-05	25718	1	FALSE	ORF1ab:cds-YP_009724389.1	AAT	N	ATT	I	2628
NC_045512.2	8148	A	T	25708	1886	38	1	0	37	3.88833e-05	25718	1	FALSE	ORF1ab:cds-YP_009725295.1	AAT	N	ATT	I	2628
NC_045512.2	8148	A	G	25708	1886	38	9	6	34	0.000349949	25718	0.998537	FALSE	ORF1ab:cds-YP_009724389.1	AAT	N	AGT	S	2628
NC_045512.2	8148	A	G	25708	1886	38	9	6	34	0.000349949	25718	0.998537	FALSE	ORF1ab:cds-YP_009725295.1	AAT	N	AGT	S	2628
NC_045512.2	8149	T	G	26488	1877	38	20	19	36	0.000754432	26510	0.849077	FALSE	ORF1ab:cds-YP_009724389.1	AAT	N	AAG	K	2628
NC_045512.2	8149	T	G	26488	1877	38	20	19	36	0.000754432	26510	0.849077	FALSE	ORF1ab:cds-YP_009725295.1	AAT	N	AAG	K	2628
NC_045512.2	8149	T	C	26488	1877	38	2	0	55	7.54432e-05	26510	0.249816	FALSE	ORF1ab:cds-YP_009724389.1	AAT	N	AAC	N	2628
NC_045512.2	8149	T	C	26488	1877	38	2	0	55	7.54432e-05	26510	0.249816	FALSE	ORF1ab:cds-YP_009725295.1	AAT	N	AAC	N	2628
NC_045512.2	8150	G	T	29920	1920	38	1	0	37	3.34146e-05	29927	1	FALSE	ORF1ab:cds-YP_009724389.1	GTC	V	TTC	F	2629
NC_045512.2	8150	G	T	29920	1920	38	1	0	37	3.34146e-05	29927	1	FALSE	ORF1ab:cds-YP_009725295.1	GTC	V	TTC	F	2629
NC_045512.2	8150	G	A	29920	1920	38	6	0	35	0.000200488	29927	0.999989	FALSE	ORF1ab:cds-YP_009724389.1	GTC	V	ATC	I	2629
NC_045512.2	8150	G	A	29920	1920	38	6	0	35	0.000200488	29927	0.999989	FALSE	ORF1ab:cds-YP_009725295.1	GTC	V	ATC	I	2629
NC_045512.2	8151	T	G	28500	1942	37	1	0	25	3.50853e-05	28502	1	FALSE	ORF1ab:cds-YP_009724389.1	GTC	V	GGC	G	2629
NC_045512.2	8151	T	G	28500	1942	37	1	0	25	3.50853e-05	28502	1	FALSE	ORF1ab:cds-YP_009725295.1	GTC	V	GGC	G	2629
NC_045512.2	8151	T	C	28500	1942	37	1	1	36	3.50853e-05	28502	1	FALSE	ORF1ab:cds-YP_009724389.1	GTC	V	GCC	A	2629
NC_045512.2	8151	T	C	28500	1942	37	1	1	36	3.50853e-05	28502	1	FALSE	ORF1ab:cds-YP_009725295.1	GTC	V	GCC	A	2629
NC_045512.2	8151	T	-CTTATCTA	28500	1942	37	1	0	20	3.50853e-05	28502	1	FALSE	NA	NA	NA	NA	NA	NA
NC_045512.2	8152	C	T	30236	1888	37	3	0	33	9.91998e-05	30242	1	FALSE	ORF1ab:cds-YP_009724389.1	GTC	V	GTT	V	2629
NC_045512.2	8152	C	T	30236	1888	37	3	0	33	9.91998e-05	30242	1	FALSE	ORF1ab:cds-YP_009725295.1	GTC	V	GTT	V	2629
NC_045512.2	8152	C	A	30236	1888	37	3	0	45	9.91998e-05	30242	0.656211	FALSE	ORF1ab:cds-YP_009724389.1	GTC	V	GTA	V	2629
NC_045512.2	8152	C	A	30236	1888	37	3	0	45	9.91998e-05	30242	0.656211	FALSE	ORF1ab:cds-YP_009725295.1	GTC	V	GTA	V	2629
NC_045512.2	8153	T	G	29389	2071	37	2	0	31	6.80342e-05	29397	1	FALSE	ORF1ab:cds-YP_009724389.1	TTA	L	GTA	V	2630
NC_045512.2	8153	T	G	29389	2071	37	2	0	31	6.80342e-05	29397	1	FALSE	ORF1ab:cds-YP_009725295.1	TTA	L	GTA	V	2630
NC_045512.2	8153	T	C	29389	2071	37	4	0	46	0.000136068	29397	0.343678	FALSE	ORF1ab:cds-YP_009724389.1	TTA	L	CTA	L	2630
NC_045512.2	8153	T	C	29389	2071	37	4	0	46	0.000136068	29397	0.343678	FALSE	ORF1ab:cds-YP_009725295.1	TTA	L	CTA	L	2630
NC_045512.2	8153	T	A	29389	2071	37	2	0	37	6.80342e-05	29397	1	FALSE	ORF1ab:cds-YP_009724389.1	TTA	L	ATA	I	2630
NC_045512.2	8153	T	A	29389	2071	37	2	0	37	6.80342e-05	29397	1	FALSE	ORF1ab:cds-YP_009725295.1	TTA	L	ATA	I	2630
NC_045512.2	8154	T	G	29773	2084	38	1	0	25	3.35841e-05	29776	1	FALSE	ORF1ab:cds-YP_009724389.1	TTA	L	TGA	*	2630
NC_045512.2	8154	T	G	29773	2084	38	1	0	25	3.35841e-05	29776	1	FALSE	ORF1ab:cds-YP_009725295.1	TTA	L	TGA	*	2630
NC_045512.2	8154	T	C	29773	2084	38	1	0	37	3.35841e-05	29776	1	FALSE	ORF1ab:cds-YP_009724389.1	TTA	L	TCA	S	2630
NC_045512.2	8154	T	C	29773	2084	38	1	0	37	3.35841e-05	29776	1	FALSE	ORF1ab:cds-YP_009725295.1	TTA	L	TCA	S	2630
NC_045512.2	8154	T	A	29773	2084	38	1	0	25	3.35841e-05	29776	1	FALSE	ORF1ab:cds-YP_009724389.1	TTA	L	TAA	*	2630
NC_045512.2	8154	T	A	29773	2084	38	1	0	25	3.35841e-05	29776	1	FALSE	ORF1ab:cds-YP_009725295.1	TTA	L	TAA	*	2630
NC_045512.2	8155	A	T	30687	2086	38	1	0	37	3.25828e-05	30691	1	FALSE	ORF1ab:cds-YP_009724389.1	TTA	L	TTT	F	2630
NC_045512.2	8155	A	T	30687	2086	38	1	0	37	3.25828e-05	30691	1	FALSE	ORF1ab:cds-YP_009725295.1	TTA	L	TTT	F	2630
NC_045512.2	8155	A	G	30687	2086	38	3	0	37	9.77485e-05	30691	1	FALSE	ORF1ab:cds-YP_009724389.1	TTA	L	TTG	L	2630
NC_045512.2	8155	A	G	30687	2086	38	3	0	37	9.77485e-05	30691	1	FALSE	ORF1ab:cds-YP_009725295.1	TTA	L	TTG	L	2630
NC_045512.2	8155	A	+TC	30687	2086	38	1	0	20	3.25818e-05	30692	1	FALSE	NA	NA	NA	NA	NA	NA
NC_045512.2	8156	T	C	30338	2091	38	2	0	37	6.59196e-05	30340	1	FALSE	ORF1ab:cds-YP_009724389.1	TCT	S	CCT	P	2631
NC_045512.2	8156	T	C	30338	2091	38	2	0	37	6.59196e-05	30340	1	FALSE	ORF1ab:cds-YP_009725295.1	TCT	S	CCT	P	2631
NC_045512.2	8157	C	T	30986	2090	38	2	0	37	6.45369e-05	30990	1	FALSE	ORF1ab:cds-YP_009724389.1	TCT	S	TTT	F	2631
NC_045512.2	8157	C	T	30986	2090	38	2	0	37	6.45369e-05	30990	1	FALSE	ORF1ab:cds-YP_009725295.1	TCT	S	TTT	F	2631
NC_045512.2	8157	C	A	30986	2090	38	2	0	37	6.45369e-05	30990	1	FALSE	ORF1ab:cds-YP_009724389.1	TCT	S	TAT	Y	2631
NC_045512.2	8157	C	A	30986	2090	38	2	0	37	6.45369e-05	30990	1	FALSE	ORF1ab:cds-YP_009725295.1	TCT	S	TAT	Y	2631
NC_045512.2	8157	C	-TACTTTTA	30986	2090	38	1	0	20	3.22674e-05	30991	1	FALSE	NA	NA	NA	NA	NA	NA
NC_045512.2	8157	C	-TACTTT	30986	2090	38	1	0	20	3.22674e-05	30991	1	FALSE	NA	NA	NA	NA	NA	NA
NC_045512.2	8158	T	G	31105	2751	40	4	4	37	0.000128551	31116	1	FALSE	ORF1ab:cds-YP_009724389.1	TCT	S	TCG	S	2631
NC_045512.2	8158	T	G	31105	2751	40	4	4	37	0.000128551	31116	1	FALSE	ORF1ab:cds-YP_009725295.1	TCT	S	TCG	S	2631
NC_045512.2	8158	T	C	31105	2751	40	6	0	35	0.000192827	31116	0.999996	FALSE	ORF1ab:cds-YP_009724389.1	TCT	S	TCC	S	2631
NC_045512.2	8158	T	C	31105	2751	40	6	0	35	0.000192827	31116	0.999996	FALSE	ORF1ab:cds-YP_009725295.1	TCT	S	TCC	S	2631
NC_045512.2	8158	T	A	31105	2751	40	1	0	37	3.21378e-05	31116	1	FALSE	ORF1ab:cds-YP_009724389.1	TCT	S	TCA	S	2631
NC_045512.2	8158	T	A	31105	2751	40	1	0	37	3.21378e-05	31116	1	FALSE	ORF1ab:cds-YP_009725295.1	TCT	S	TCA	S	2631
NC_045512.2	8159	A	G	31829	2789	40	1	0	25	3.14169e-05	31830	1	FALSE	ORF1ab:cds-YP_009724389.1	ACT	T	GCT	A	2632
NC_045512.2	8159	A	G	31829	2789	40	1	0	25	3.14169e-05	31830	1	FALSE	ORF1ab:cds-YP_009725295.1	ACT	T	GCT	A	2632
NC_045512.2	8160	C	T	31825	2795	40	1	0	37	3.14199e-05	31827	1	FALSE	ORF1ab:cds-YP_009724389.1	ACT	T	ATT	I	2632
NC_045512.2	8160	C	T	31825	2795	40	1	0	37	3.14199e-05	31827	1	FALSE	ORF1ab:cds-YP_009725295.1	ACT	T	ATT	I	2632
NC_045512.2	8160	C	G	31825	2795	40	1	0	37	3.14199e-05	31827	1	FALSE	ORF1ab:cds-YP_009724389.1	ACT	T	AGT	S	2632
NC_045512.2	8160	C	G	31825	2795	40	1	0	37	3.14199e-05	31827	1	FALSE	ORF1ab:cds-YP_009725295.1	ACT	T	AGT	S	2632
NC_045512.2	8160	C	-T	31825	2795	40	3	0	20	9.42537e-05	31829	1	FALSE	NA	NA	NA	NA	NA	NA
NC_045512.2	8161	T	C	31906	2797	40	15	0	43	0.000469866	31924	0.00375979	TRUE	ORF1ab:cds-YP_009724389.1	ACT	T	ACC	T	2632
NC_045512.2	8161	T	C	31906	2797	40	15	0	43	0.000469866	31924	0.00375979	TRUE	ORF1ab:cds-YP_009725295.1	ACT	T	ACC	T	2632
NC_045512.2	8161	T	A	31906	2797	40	3	0	37	9.39732e-05	31924	1	FALSE	ORF1ab:cds-YP_009724389.1	ACT	T	ACA	T	2632
NC_045512.2	8161	T	A	31906	2797	40	3	0	37	9.39732e-05	31924	1	FALSE	ORF1ab:cds-YP_009725295.1	ACT	T	ACA	T	2632
NC_045512.2	8162	T	G	31802	2816	40	1	0	25	3.14386e-05	31808	1	FALSE	ORF1ab:cds-YP_009724389.1	TTT	F	GTT	V	2633
NC_045512.2	8162	T	G	31802	2816	40	1	0	25	3.14386e-05	31808	1	FALSE	ORF1ab:cds-YP_009725295.1	TTT	F	GTT	V	2633
NC_045512.2	8162	T	C	31802	2816	40	1	0	37	3.14386e-05	31808	1	FALSE	ORF1ab:cds-YP_009724389.1	TTT	F	CTT	L	2633
NC_045512.2	8162	T	C	31802	2816	40	1	0	37	3.14386e-05	31808	1	FALSE	ORF1ab:cds-YP_009725295.1	TTT	F	CTT	L	2633
NC_045512.2	8162	T	A	31802	2816	40	4	0	46	0.000125755	31808	0.499948	FALSE	ORF1ab:cds-YP_009724389.1	TTT	F	ATT	I	2633
NC_045512.2	8162	T	A	31802	2816	40	4	0	46	0.000125755	31808	0.499948	FALSE	ORF1ab:cds-YP_009725295.1	TTT	F	ATT	I	2633
NC_045512.2	8163	T	C	31954	2872	40	4	0	37	0.00012516	31959	1	FALSE	ORF1ab:cds-YP_009724389.1	TTT	F	TCT	S	2633
NC_045512.2	8163	T	C	31954	2872	40	4	0	37	0.00012516	31959	1	FALSE	ORF1ab:cds-YP_009725295.1	TTT	F	TCT	S	2633
NC_045512.2	8163	T	A	31954	2872	40	1	0	25	3.12901e-05	31959	1	FALSE	ORF1ab:cds-YP_009724389.1	TTT	F	TAT	Y	2633
NC_045512.2	8163	T	A	31954	2872	40	1	0	25	3.12901e-05	31959	1	FALSE	ORF1ab:cds-YP_009725295.1	TTT	F	TAT	Y	2633
NC_045512.2	8164	T	C	32557	2885	40	3	1	37	9.21376e-05	32560	1	FALSE	ORF1ab:cds-YP_009724389.1	TTT	F	TTC	F	2633
NC_045512.2	8164	T	C	32557	2885	40	3	1	37	9.21376e-05	32560	1	FALSE	ORF1ab:cds-YP_009725295.1	TTT	F	TTC	F	2633
NC_045512.2	8165	A	T	32625	2939	40	1	0	37	3.06476e-05	32629	1	FALSE	ORF1ab:cds-YP_009724389.1	ATT	I	TTT	F	2634
NC_045512.2	8165	A	T	32625	2939	40	1	0	37	3.06476e-05	32629	1	FALSE	ORF1ab:cds-YP_009725295.1	ATT	I	TTT	F	2634
NC_045512.2	8165	A	G	32625	2939	40	3	0	33	9.19428e-05	32629	1	FALSE	ORF1ab:cds-YP_009724389.1	ATT	I	GTT	V	2634
NC_045512.2	8165	A	G	32625	2939	40	3	0	33	9.19428e-05	32629	1	FALSE	ORF1ab:cds-YP_009725295.1	ATT	I	GTT	V	2634
NC_045512.2	8166	T	C	32586	2963	40	2	0	37	6.13723e-05	32588	1	FALSE	ORF1ab:cds-YP_009724389.1	ATT	I	ACT	T	2634
NC_045512.2	8166	T	C	32586	2963	40	2	0	37	6.13723e-05	32588	1	FALSE	ORF1ab:cds-YP_009725295.1	ATT	I	ACT	T	2634
NC_045512.2	8167	T	C	32500	2973	40	3	0	37	9.22963e-05	32504	1	FALSE	ORF1ab:cds-YP_009724389.1	ATT	I	ATC	I	2634
NC_045512.2	8167	T	C	32500	2973	40	3	0	37	9.22963e-05	32504	1	FALSE	ORF1ab:cds-YP_009725295.1	ATT	I	ATC	I	2634
NC_045512.2	8167	T	A	32500	2973	40	1	0	22	3.07654e-05	32504	1	FALSE	ORF1ab:cds-YP_009724389.1	ATT	I	ATA	I	2634
NC_045512.2	8167	T	A	32500	2973	40	1	0	22	3.07654e-05	32504	1	FALSE	ORF1ab:cds-YP_009725295.1	ATT	I	ATA	I	2634
NC_045512.2	8168	T	C	32618	2979	40	2	0	37	6.13102e-05	32621	1	FALSE	ORF1ab:cds-YP_009724389.1	TCA	S	CCA	P	2635
NC_045512.2	8168	T	C	32618	2979	40	2	0	37	6.13102e-05	32621	1	FALSE	ORF1ab:cds-YP_009725295.1	TCA	S	CCA	P	2635
NC_045512.2	8168	T	A	32618	2979	40	1	0	37	3.06551e-05	32621	1	FALSE	ORF1ab:cds-YP_009724389.1	TCA	S	ACA	T	2635
NC_045512.2	8168	T	A	32618	2979	40	1	0	37	3.06551e-05	32621	1	FALSE	ORF1ab:cds-YP_009725295.1	TCA	S	ACA	T	2635
NC_045512.2	8169	C	T	32689	2988	40	4	1	46	0.00012235	32693	0.500017	FALSE	ORF1ab:cds-YP_009724389.1	TCA	S	TTA	L	2635
NC_045512.2	8169	C	T	32689	2988	40	4	1	46	0.00012235	32693	0.500017	FALSE	ORF1ab:cds-YP_009725295.1	TCA	S	TTA	L	2635
NC_045512.2	8170	A	G	32700	2941	40	5	0	39	0.000152882	32705	0.999999	FALSE	ORF1ab:cds-YP_009724389.1	TCA	S	TCG	S	2635
NC_045512.2	8170	A	G	32700	2941	40	5	0	39	0.000152882	32705	0.999999	FALSE	ORF1ab:cds-YP_009725295.1	TCA	S	TCG	S	2635
NC_045512.2	8171	G	T	32559	2987	40	2	0	37	6.13968e-05	32575	1	FALSE	ORF1ab:cds-YP_009724389.1	GCA	A	TCA	S	2636
NC_045512.2	8171	G	T	32559	2987	40	2	0	37	6.13968e-05	32575	1	FALSE	ORF1ab:cds-YP_009725295.1	GCA	A	TCA	S	2636
NC_045512.2	8171	G	A	32559	2987	40	14	2	46	0.000429777	32575	0.00635623	TRUE	ORF1ab:cds-YP_009724389.1	GCA	A	ACA	T	2636
NC_045512.2	8171	G	A	32559	2987	40	14	2	46	0.000429777	32575	0.00635623	TRUE	ORF1ab:cds-YP_009725295.1	GCA	A	ACA	T	2636
NC_045512.2	8172	C	T	32705	3204	40	18	2	39	0.000550021	32726	0.983605	FALSE	ORF1ab:cds-YP_009724389.1	GCA	A	GTA	V	2636
NC_045512.2	8172	C	T	32705	3204	40	18	2	39	0.000550021	32726	0.983605	FALSE	ORF1ab:cds-YP_009725295.1	GCA	A	GTA	V	2636
NC_045512.2	8172	C	G	32705	3204	40	2	0	49	6.11135e-05	32726	0.812338	FALSE	ORF1ab:cds-YP_009724389.1	GCA	A	GGA	G	2636
NC_045512.2	8172	C	G	32705	3204	40	2	0	49	6.11135e-05	32726	0.812338	FALSE	ORF1ab:cds-YP_009725295.1	GCA	A	GGA	G	2636
NC_045512.2	8172	C	A	32705	3204	40	1	0	25	3.05567e-05	32726	1	FALSE	ORF1ab:cds-YP_009724389.1	GCA	A	GAA	E	2636
NC_045512.2	8172	C	A	32705	3204	40	1	0	25	3.05567e-05	32726	1	FALSE	ORF1ab:cds-YP_009725295.1	GCA	A	GAA	E	2636
NC_045512.2	8173	A	G	32824	3220	41	7	0	44	0.000213207	32832	0.171856	FALSE	ORF1ab:cds-YP_009724389.1	GCA	A	GCG	A	2636
NC_045512.2	8173	A	G	32824	3220	41	7	0	44	0.000213207	32832	0.171856	FALSE	ORF1ab:cds-YP_009725295.1	GCA	A	GCG	A	2636
NC_045512.2	8173	A	C	32824	3220	41	1	1	37	3.04581e-05	32832	1	FALSE	ORF1ab:cds-YP_009724389.1	GCA	A	GCC	A	2636
NC_045512.2	8173	A	C	32824	3220	41	1	1	37	3.04581e-05	32832	1	FALSE	ORF1ab:cds-YP_009725295.1	GCA	A	GCC	A	2636
NC_045512.2	8174	G	T	32928	3336	41	2	0	37	6.07072e-05	32945	1	FALSE	ORF1ab:cds-YP_009724389.1	GCT	A	TCT	S	2637
NC_045512.2	8174	G	T	32928	3336	41	2	0	37	6.07072e-05	32945	1	FALSE	ORF1ab:cds-YP_009725295.1	GCT	A	TCT	S	2637
NC_045512.2	8174	G	A	32928	3336	41	15	0	39	0.000455304	32945	0.996038	FALSE	ORF1ab:cds-YP_009724389.1	GCT	A	ACT	T	2637
NC_045512.2	8174	G	A	32928	3336	41	15	0	39	0.000455304	32945	0.996038	FALSE	ORF1ab:cds-YP_009725295.1	GCT	A	ACT	T	2637
NC_045512.2	8175	C	T	32965	3354	41	14	0	38	0.0004245	32980	0.99774	FALSE	ORF1ab:cds-YP_009724389.1	GCT	A	GTT	V	2637
NC_045512.2	8175	C	T	32965	3354	41	14	0	38	0.0004245	32980	0.99774	FALSE	ORF1ab:cds-YP_009725295.1	GCT	A	GTT	V	2637
NC_045512.2	8175	C	G	32965	3354	41	1	0	37	3.03214e-05	32980	1	FALSE	ORF1ab:cds-YP_009724389.1	GCT	A	GGT	G	2637
NC_045512.2	8175	C	G	32965	3354	41	1	0	37	3.03214e-05	32980	1	FALSE	ORF1ab:cds-YP_009725295.1	GCT	A	GGT	G	2637
NC_045512.2	8176	T	G	32912	3358	41	2	0	31	6.0757e-05	32918	1	FALSE	ORF1ab:cds-YP_009724389.1	GCT	A	GCG	A	2637
NC_045512.2	8176	T	G	32912	3358	41	2	0	31	6.0757e-05	32918	1	FALSE	ORF1ab:cds-YP_009725295.1	GCT	A	GCG	A	2637
NC_045512.2	8176	T	C	32912	3358	41	4	1	34	0.000121514	32918	1	FALSE	ORF1ab:cds-YP_009724389.1	GCT	A	GCC	A	2637
NC_045512.2	8176	T	C	32912	3358	41	4	1	34	0.000121514	32918	1	FALSE	ORF1ab:cds-YP_009725295.1	GCT	A	GCC	A	2637
NC_045512.2	8177	C	T	34843	3372	41	7	0	35	0.000200861	34850	0.999998	FALSE	ORF1ab:cds-YP_009724389.1	CGG	R	TGG	W	2638
NC_045512.2	8177	C	T	34843	3372	41	7	0	35	0.000200861	34850	0.999998	FALSE	ORF1ab:cds-YP_009725295.1	CGG	R	TGG	W	2638
NC_045512.2	8178	G	A	34825	3413	40	9	1	34	0.000258368	34834	0.999979	FALSE	ORF1ab:cds-YP_009724389.1	CGG	R	CAG	Q	2638
NC_045512.2	8178	G	A	34825	3413	40	9	1	34	0.000258368	34834	0.999979	FALSE	ORF1ab:cds-YP_009725295.1	CGG	R	CAG	Q	2638
NC_045512.2	8179	G	T	34937	3455	41	3	0	37	8.57952e-05	34967	1	FALSE	ORF1ab:cds-YP_009724389.1	CGG	R	CGT	R	2638
NC_045512.2	8179	G	T	34937	3455	41	3	0	37	8.57952e-05	34967	1	FALSE	ORF1ab:cds-YP_009725295.1	CGG	R	CGT	R	2638
NC_045512.2	8179	G	A	34937	3455	41	27	0	39	0.000772157	34967	0.847214	FALSE	ORF1ab:cds-YP_009724389.1	CGG	R	CGA	R	2638
NC_045512.2	8179	G	A	34937	3455	41	27	0	39	0.000772157	34967	0.847214	FALSE	ORF1ab:cds-YP_009725295.1	CGG	R	CGA	R	2638
NC_045512.2	8180	C	T	34945	3456	41	5	1	36	0.000143057	34951	1	FALSE	ORF1ab:cds-YP_009724389.1	CAA	Q	TAA	*	2639
NC_045512.2	8180	C	T	34945	3456	41	5	1	36	0.000143057	34951	1	FALSE	ORF1ab:cds-YP_009725295.1	CAA	Q	TAA	*	2639
NC_045512.2	8180	C	A	34945	3456	41	1	0	37	2.86115e-05	34951	1	FALSE	ORF1ab:cds-YP_009724389.1	CAA	Q	AAA	K	2639
NC_045512.2	8180	C	A	34945	3456	41	1	0	37	2.86115e-05	34951	1	FALSE	ORF1ab:cds-YP_009725295.1	CAA	Q	AAA	K	2639
NC_045512.2	8180	C	+A	34945	3456	41	1	0	20	2.86115e-05	34951	1	FALSE	NA	NA	NA	NA	NA	NA
NC_045512.2	8181	A	T	34023	3550	40	1	0	22	2.93824e-05	34034	1	FALSE	ORF1ab:cds-YP_009724389.1	CAA	Q	CTA	L	2639
NC_045512.2	8181	A	T	34023	3550	40	1	0	22	2.93824e-05	34034	1	FALSE	ORF1ab:cds-YP_009725295.1	CAA	Q	CTA	L	2639
NC_045512.2	8181	A	G	34023	3550	40	5	2	49	0.000146912	34034	0.363193	FALSE	ORF1ab:cds-YP_009724389.1	CAA	Q	CGA	R	2639
NC_045512.2	8181	A	G	34023	3550	40	5	2	49	0.000146912	34034	0.363193	FALSE	ORF1ab:cds-YP_009725295.1	CAA	Q	CGA	R	2639
NC_045512.2	8181	A	C	34023	3550	40	5	5	37	0.000146912	34034	1	FALSE	ORF1ab:cds-YP_009724389.1	CAA	Q	CCA	P	2639
NC_045512.2	8181	A	C	34023	3550	40	5	5	37	0.000146912	34034	1	FALSE	ORF1ab:cds-YP_009725295.1	CAA	Q	CCA	P	2639
NC_045512.2	8182	A	G	33318	3621	40	8	2	40	0.000240046	33327	0.113262	FALSE	ORF1ab:cds-YP_009724389.1	CAA	Q	CAG	Q	2639
NC_045512.2	8182	A	G	33318	3621	40	8	2	40	0.000240046	33327	0.113262	FALSE	ORF1ab:cds-YP_009725295.1	CAA	Q	CAG	Q	2639
NC_045512.2	8182	A	C	33318	3621	40	1	0	25	3.00057e-05	33327	1	FALSE	ORF1ab:cds-YP_009724389.1	CAA	Q	CAC	H	2639
NC_045512.2	8182	A	C	33318	3621	40	1	0	25	3.00057e-05	33327	1	FALSE	ORF1ab:cds-YP_009725295.1	CAA	Q	CAC	H	2639
NC_045512.2	8183	G	T	35984	3652	41	6	2	41	0.00016669	35995	0.253838	FALSE	ORF1ab:cds-YP_009724389.1	GGG	G	TGG	W	2640
NC_045512.2	8183	G	T	35984	3652	41	6	2	41	0.00016669	35995	0.253838	FALSE	ORF1ab:cds-YP_009725295.1	GGG	G	TGG	W	2640
NC_045512.2	8183	G	A	35984	3652	41	5	0	37	0.000138908	35995	1	FALSE	ORF1ab:cds-YP_009724389.1	GGG	G	AGG	R	2640
NC_045512.2	8183	G	A	35984	3652	41	5	0	37	0.000138908	35995	1	FALSE	ORF1ab:cds-YP_009725295.1	GGG	G	AGG	R	2640
NC_045512.2	8183	G	+GGTTT	35984	3652	41	1	0	20	2.77816e-05	35995	1	FALSE	NA	NA	NA	NA	NA	NA
NC_045512.2	8184	G	T	38056	3656	41	4	0	37	0.000105092	38062	1	FALSE	ORF1ab:cds-YP_009724389.1	GGG	G	GTG	V	2640
NC_045512.2	8184	G	T	38056	3656	41	4	0	37	0.000105092	38062	1	FALSE	ORF1ab:cds-YP_009725295.1	GGG	G	GTG	V	2640
NC_045512.2	8184	G	A	38056	3656	41	2	0	37	5.25458e-05	38062	1	FALSE	ORF1ab:cds-YP_009724389.1	GGG	G	GAG	E	2640
NC_045512.2	8184	G	A	38056	3656	41	2	0	37	5.25458e-05	38062	1	FALSE	ORF1ab:cds-YP_009725295.1	GGG	G	GAG	E	2640
NC_045512.2	8185	G	C	38289	3665	41	1	0	37	2.61117e-05	38297	1	FALSE	ORF1ab:cds-YP_009724389.1	GGG	G	GGC	G	2640
NC_045512.2	8185	G	C	38289	3665	41	1	0	37	2.61117e-05	38297	1	FALSE	ORF1ab:cds-YP_009725295.1	GGG	G	GGC	G	2640
NC_045512.2	8185	G	A	38289	3665	41	7	1	42	0.000182782	38297	0.171859	FALSE	ORF1ab:cds-YP_009724389.1	GGG	G	GGA	G	2640
NC_045512.2	8185	G	A	38289	3665	41	7	1	42	0.000182782	38297	0.171859	FALSE	ORF1ab:cds-YP_009725295.1	GGG	G	GGA	G	2640
NC_045512.2	8185	G	-T	38289	3665	41	2	0	20	5.22234e-05	38297	1	FALSE	NA	NA	NA	NA	NA	NA
NC_045512.2	8186	T	G	37237	3716	40	1	0	25	2.685e-05	37244	1	FALSE	ORF1ab:cds-YP_009724389.1	TTT	F	GTT	V	2641
NC_045512.2	8186	T	G	37237	3716	40	1	0	25	2.685e-05	37244	1	FALSE	ORF1ab:cds-YP_009725295.1	TTT	F	GTT	V	2641
NC_045512.2	8186	T	C	37237	3716	40	4	2	40	0.0001074	37244	0.499941	FALSE	ORF1ab:cds-YP_009724389.1	TTT	F	CTT	L	2641
NC_045512.2	8186	T	C	37237	3716	40	4	2	40	0.0001074	37244	0.499941	FALSE	ORF1ab:cds-YP_009725295.1	TTT	F	CTT	L	2641
NC_045512.2	8186	T	A	37237	3716	40	2	0	37	5.36999e-05	37244	1	FALSE	ORF1ab:cds-YP_009724389.1	TTT	F	ATT	I	2641
NC_045512.2	8186	T	A	37237	3716	40	2	0	37	5.36999e-05	37244	1	FALSE	ORF1ab:cds-YP_009725295.1	TTT	F	ATT	I	2641
NC_045512.2	8187	T	G	37501	3786	40	1	0	25	2.66631e-05	37505	1	FALSE	ORF1ab:cds-YP_009724389.1	TTT	F	TGT	C	2641
NC_045512.2	8187	T	G	37501	3786	40	1	0	25	2.66631e-05	37505	1	FALSE	ORF1ab:cds-YP_009725295.1	TTT	F	TGT	C	2641
NC_045512.2	8187	T	C	37501	3786	40	2	0	31	5.33262e-05	37505	1	FALSE	ORF1ab:cds-YP_009724389.1	TTT	F	TCT	S	2641
NC_045512.2	8187	T	C	37501	3786	40	2	0	31	5.33262e-05	37505	1	FALSE	ORF1ab:cds-YP_009725295.1	TTT	F	TCT	S	2641
NC_045512.2	8187	T	A	37501	3786	40	1	0	37	2.66631e-05	37505	1	FALSE	ORF1ab:cds-YP_009724389.1	TTT	F	TAT	Y	2641
NC_045512.2	8187	T	A	37501	3786	40	1	0	37	2.66631e-05	37505	1	FALSE	ORF1ab:cds-YP_009725295.1	TTT	F	TAT	Y	2641
NC_045512.2	8188	T	G	38533	4991	43	3	1	37	7.78311e-05	38545	1	FALSE	ORF1ab:cds-YP_009724389.1	TTT	F	TTG	L	2641
NC_045512.2	8188	T	G	38533	4991	43	3	1	37	7.78311e-05	38545	1	FALSE	ORF1ab:cds-YP_009725295.1	TTT	F	TTG	L	2641
NC_045512.2	8188	T	C	38533	4991	43	6	0	43	0.000155662	38545	0.25383	FALSE	ORF1ab:cds-YP_009724389.1	TTT	F	TTC	F	2641
NC_045512.2	8188	T	C	38533	4991	43	6	0	43	0.000155662	38545	0.25383	FALSE	ORF1ab:cds-YP_009725295.1	TTT	F	TTC	F	2641
NC_045512.2	8188	T	A	38533	4991	43	3	1	29	7.78311e-05	38545	1	FALSE	ORF1ab:cds-YP_009724389.1	TTT	F	TTA	L	2641
NC_045512.2	8188	T	A	38533	4991	43	3	1	29	7.78311e-05	38545	1	FALSE	ORF1ab:cds-YP_009725295.1	TTT	F	TTA	L	2641
NC_045512.2	8189	G	T	38625	5370	43	4	3	55	0.000103522	38639	0.062466	FALSE	ORF1ab:cds-YP_009724389.1	GTT	V	TTT	F	2642
NC_045512.2	8189	G	T	38625	5370	43	4	3	55	0.000103522	38639	0.062466	FALSE	ORF1ab:cds-YP_009725295.1	GTT	V	TTT	F	2642
NC_045512.2	8189	G	C	38625	5370	43	1	0	37	2.58806e-05	38639	1	FALSE	ORF1ab:cds-YP_009724389.1	GTT	V	CTT	L	2642
NC_045512.2	8189	G	C	38625	5370	43	1	0	37	2.58806e-05	38639	1	FALSE	ORF1ab:cds-YP_009725295.1	GTT	V	CTT	L	2642
NC_045512.2	8189	G	A	38625	5370	43	9	1	48	0.000232925	38639	0.0729574	FALSE	ORF1ab:cds-YP_009724389.1	GTT	V	ATT	I	2642
NC_045512.2	8189	G	A	38625	5370	43	9	1	48	0.000232925	38639	0.0729574	FALSE	ORF1ab:cds-YP_009725295.1	GTT	V	ATT	I	2642
NC_045512.2	8190	T	C	38512	5477	43	5	0	34	0.000129813	38517	1	FALSE	ORF1ab:cds-YP_009724389.1	GTT	V	GCT	A	2642
NC_045512.2	8190	T	C	38512	5477	43	5	0	34	0.000129813	38517	1	FALSE	ORF1ab:cds-YP_009725295.1	GTT	V	GCT	A	2642
NC_045512.2	8191	T	G	38712	5485	44	1	0	25	2.58258e-05	38721	1	FALSE	ORF1ab:cds-YP_009724389.1	GTT	V	GTG	V	2642
NC_045512.2	8191	T	G	38712	5485	44	1	0	25	2.58258e-05	38721	1	FALSE	ORF1ab:cds-YP_009725295.1	GTT	V	GTG	V	2642
NC_045512.2	8191	T	C	38712	5485	44	5	2	56	0.000129129	38721	0.0312399	FALSE	ORF1ab:cds-YP_009724389.1	GTT	V	GTC	V	2642
NC_045512.2	8191	T	C	38712	5485	44	5	2	56	0.000129129	38721	0.0312399	FALSE	ORF1ab:cds-YP_009725295.1	GTT	V	GTC	V	2642
NC_045512.2	8191	T	A	38712	5485	44	3	2	32	7.74773e-05	38721	1	FALSE	ORF1ab:cds-YP_009724389.1	GTT	V	GTA	V	2642
NC_045512.2	8191	T	A	38712	5485	44	3	2	32	7.74773e-05	38721	1	FALSE	ORF1ab:cds-YP_009725295.1	GTT	V	GTA	V	2642
NC_045512.2	8192	G	A	38794	5510	44	3	0	33	7.73256e-05	38797	1	FALSE	ORF1ab:cds-YP_009724389.1	GAT	D	AAT	N	2643
NC_045512.2	8192	G	A	38794	5510	44	3	0	33	7.73256e-05	38797	1	FALSE	ORF1ab:cds-YP_009725295.1	GAT	D	AAT	N	2643
NC_045512.2	8193	A	T	39142	5911	44	2	0	37	5.10895e-05	39147	1	FALSE	ORF1ab:cds-YP_009724389.1	GAT	D	GTT	V	2643
NC_045512.2	8193	A	T	39142	5911	44	2	0	37	5.10895e-05	39147	1	FALSE	ORF1ab:cds-YP_009725295.1	GAT	D	GTT	V	2643
NC_045512.2	8193	A	G	39142	5911	44	3	0	49	7.66342e-05	39147	0.656244	FALSE	ORF1ab:cds-YP_009724389.1	GAT	D	GGT	G	2643
NC_045512.2	8193	A	G	39142	5911	44	3	0	49	7.66342e-05	39147	0.656244	FALSE	ORF1ab:cds-YP_009725295.1	GAT	D	GGT	G	2643
NC_045512.2	8193	A	-T	39142	5911	44	1	0	20	2.55447e-05	39147	1	FALSE	NA	NA	NA	NA	NA	NA
NC_045512.2	8194	T	G	38884	5942	44	1	0	37	2.57149e-05	38888	1	FALSE	ORF1ab:cds-YP_009724389.1	GAT	D	GAG	E	2643
NC_045512.2	8194	T	G	38884	5942	44	1	0	37	2.57149e-05	38888	1	FALSE	ORF1ab:cds-YP_009725295.1	GAT	D	GAG	E	2643
NC_045512.2	8194	T	C	38884	5942	44	3	1	41	7.71446e-05	38888	0.656244	FALSE	ORF1ab:cds-YP_009724389.1	GAT	D	GAC	D	2643
NC_045512.2	8194	T	C	38884	5942	44	3	1	41	7.71446e-05	38888	0.656244	FALSE	ORF1ab:cds-YP_009725295.1	GAT	D	GAC	D	2643
NC_045512.2	8195	T	C	39232	5963	44	3	0	29	7.64623e-05	39235	1	FALSE	ORF1ab:cds-YP_009724389.1	TCA	S	CCA	P	2644
NC_045512.2	8195	T	C	39232	5963	44	3	0	29	7.64623e-05	39235	1	FALSE	ORF1ab:cds-YP_009725295.1	TCA	S	CCA	P	2644
NC_045512.2	8196	C	T	39371	5955	44	5	0	44	0.000126978	39377	0.363274	FALSE	ORF1ab:cds-YP_009724389.1	TCA	S	TTA	L	2644
NC_045512.2	8196	C	T	39371	5955	44	5	0	44	0.000126978	39377	0.363274	FALSE	ORF1ab:cds-YP_009725295.1	TCA	S	TTA	L	2644
NC_045512.2	8196	C	G	39371	5955	44	1	1	48	2.53955e-05	39377	0.937492	FALSE	ORF1ab:cds-YP_009724389.1	TCA	S	TGA	*	2644
NC_045512.2	8196	C	G	39371	5955	44	1	1	48	2.53955e-05	39377	0.937492	FALSE	ORF1ab:cds-YP_009725295.1	TCA	S	TGA	*	2644
NC_045512.2	8197	A	G	38876	6117	44	15	0	41	0.000385683	38892	0.00376562	TRUE	ORF1ab:cds-YP_009724389.1	TCA	S	TCG	S	2644
NC_045512.2	8197	A	G	38876	6117	44	15	0	41	0.000385683	38892	0.00376562	TRUE	ORF1ab:cds-YP_009725295.1	TCA	S	TCG	S	2644
NC_045512.2	8197	A	C	38876	6117	44	1	0	37	2.57122e-05	38892	1	FALSE	ORF1ab:cds-YP_009724389.1	TCA	S	TCC	S	2644
NC_045512.2	8197	A	C	38876	6117	44	1	0	37	2.57122e-05	38892	1	FALSE	ORF1ab:cds-YP_009725295.1	TCA	S	TCC	S	2644
NC_045512.2	8198	G	A	37695	6669	43	4	1	43	0.000106104	37699	0.500015	FALSE	ORF1ab:cds-YP_009724389.1	GAT	D	AAT	N	2645
NC_045512.2	8198	G	A	37695	6669	43	4	1	43	0.000106104	37699	0.500015	FALSE	ORF1ab:cds-YP_009725295.1	GAT	D	AAT	N	2645
NC_045512.2	8199	A	T	37523	7302	44	1	0	37	2.66454e-05	37530	1	FALSE	ORF1ab:cds-YP_009724389.1	GAT	D	GTT	V	2645
NC_045512.2	8199	A	T	37523	7302	44	1	0	37	2.66454e-05	37530	1	FALSE	ORF1ab:cds-YP_009725295.1	GAT	D	GTT	V	2645
NC_045512.2	8199	A	G	37523	7302	44	6	2	43	0.000159872	37530	0.253893	FALSE	ORF1ab:cds-YP_009724389.1	GAT	D	GGT	G	2645
NC_045512.2	8199	A	G	37523	7302	44	6	2	43	0.000159872	37530	0.253893	FALSE	ORF1ab:cds-YP_009725295.1	GAT	D	GGT	G	2645
NC_045512.2	8200	T	G	37772	8031	45	1	1	37	2.64711e-05	37777	1	FALSE	ORF1ab:cds-YP_009724389.1	GAT	D	GAG	E	2645
NC_045512.2	8200	T	G	37772	8031	45	1	1	37	2.64711e-05	37777	1	FALSE	ORF1ab:cds-YP_009725295.1	GAT	D	GAG	E	2645
NC_045512.2	8200	T	C	37772	8031	45	4	0	40	0.000105885	37777	0.5	FALSE	ORF1ab:cds-YP_009724389.1	GAT	D	GAC	D	2645
NC_045512.2	8200	T	C	37772	8031	45	4	0	40	0.000105885	37777	0.5	FALSE	ORF1ab:cds-YP_009725295.1	GAT	D	GAC	D	2645
NC_045512.2	8201	G	T	37860	8175	45	2	1	49	5.28095e-05	37872	0.812434	FALSE	ORF1ab:cds-YP_009724389.1	GTA	V	TTA	L	2646
NC_045512.2	8201	G	T	37860	8175	45	2	1	49	5.28095e-05	37872	0.812434	FALSE	ORF1ab:cds-YP_009725295.1	GTA	V	TTA	L	2646
NC_045512.2	8201	G	C	37860	8175	45	1	0	37	2.64047e-05	37872	1	FALSE	ORF1ab:cds-YP_009724389.1	GTA	V	CTA	L	2646
NC_045512.2	8201	G	C	37860	8175	45	1	0	37	2.64047e-05	37872	1	FALSE	ORF1ab:cds-YP_009725295.1	GTA	V	CTA	L	2646
NC_045512.2	8201	G	A	37860	8175	45	9	1	41	0.000237643	37872	0.0729693	FALSE	ORF1ab:cds-YP_009724389.1	GTA	V	ATA	I	2646
NC_045512.2	8201	G	A	37860	8175	45	9	1	41	0.000237643	37872	0.0729693	FALSE	ORF1ab:cds-YP_009725295.1	GTA	V	ATA	I	2646
NC_045512.2	8202	T	G	36026	8886	44	1	1	74	2.77546e-05	36030	0.499986	FALSE	ORF1ab:cds-YP_009724389.1	GTA	V	GGA	G	2646
NC_045512.2	8202	T	G	36026	8886	44	1	1	74	2.77546e-05	36030	0.499986	FALSE	ORF1ab:cds-YP_009725295.1	GTA	V	GGA	G	2646
NC_045512.2	8202	T	C	36026	8886	44	3	0	37	8.32639e-05	36030	1	FALSE	ORF1ab:cds-YP_009724389.1	GTA	V	GCA	A	2646
NC_045512.2	8202	T	C	36026	8886	44	3	0	37	8.32639e-05	36030	1	FALSE	ORF1ab:cds-YP_009725295.1	GTA	V	GCA	A	2646
NC_045512.2	8203	A	T	35984	8938	44	2	1	55	5.55617e-05	35996	0.249934	FALSE	ORF1ab:cds-YP_009724389.1	GTA	V	GTT	V	2646
NC_045512.2	8203	A	T	35984	8938	44	2	1	55	5.55617e-05	35996	0.249934	FALSE	ORF1ab:cds-YP_009725295.1	GTA	V	GTT	V	2646
NC_045512.2	8203	A	G	35984	8938	44	10	2	39	0.000277809	35996	0.999967	FALSE	ORF1ab:cds-YP_009724389.1	GTA	V	GTG	V	2646
NC_045512.2	8203	A	G	35984	8938	44	10	2	39	0.000277809	35996	0.999967	FALSE	ORF1ab:cds-YP_009725295.1	GTA	V	GTG	V	2646
NC_045512.2	8204	G	T	35581	9050	43	3	1	49	8.43076e-05	35584	0.65627	FALSE	ORF1ab:cds-YP_009724389.1	GAA	E	TAA	*	2647
NC_045512.2	8204	G	T	35581	9050	43	3	1	49	8.43076e-05	35584	0.65627	FALSE	ORF1ab:cds-YP_009725295.1	GAA	E	TAA	*	2647
NC_045512.2	8205	A	T	36050	9072	44	1	0	37	2.77377e-05	36052	1	FALSE	ORF1ab:cds-YP_009724389.1	GAA	E	GTA	V	2647
NC_045512.2	8205	A	T	36050	9072	44	1	0	37	2.77377e-05	36052	1	FALSE	ORF1ab:cds-YP_009725295.1	GAA	E	GTA	V	2647
NC_045512.2	8205	A	G	36050	9072	44	1	0	37	2.77377e-05	36052	1	FALSE	ORF1ab:cds-YP_009724389.1	GAA	E	GGA	G	2647
NC_045512.2	8205	A	G	36050	9072	44	1	0	37	2.77377e-05	36052	1	FALSE	ORF1ab:cds-YP_009725295.1	GAA	E	GGA	G	2647
NC_045512.2	8206	A	G	36446	9057	44	7	1	33	0.000192023	36454	0.999999	FALSE	ORF1ab:cds-YP_009724389.1	GAA	E	GAG	E	2647
NC_045512.2	8206	A	G	36446	9057	44	7	1	33	0.000192023	36454	0.999999	FALSE	ORF1ab:cds-YP_009725295.1	GAA	E	GAG	E	2647
NC_045512.2	8206	A	C	36446	9057	44	1	1	25	2.74318e-05	36454	1	FALSE	ORF1ab:cds-YP_009724389.1	GAA	E	GAC	D	2647
NC_045512.2	8206	A	C	36446	9057	44	1	1	25	2.74318e-05	36454	1	FALSE	ORF1ab:cds-YP_009725295.1	GAA	E	GAC	D	2647
NC_045512.2	8207	A	T	36096	9138	44	2	0	29	5.54017e-05	36100	1	FALSE	ORF1ab:cds-YP_009724389.1	ACT	T	TCT	S	2648
NC_045512.2	8207	A	T	36096	9138	44	2	0	29	5.54017e-05	36100	1	FALSE	ORF1ab:cds-YP_009725295.1	ACT	T	TCT	S	2648
NC_045512.2	8207	A	G	36096	9138	44	2	0	37	5.54017e-05	36100	1	FALSE	ORF1ab:cds-YP_009724389.1	ACT	T	GCT	A	2648
NC_045512.2	8207	A	G	36096	9138	44	2	0	37	5.54017e-05	36100	1	FALSE	ORF1ab:cds-YP_009725295.1	ACT	T	GCT	A	2648
NC_045512.2	8208	C	T	37987	9127	43	2	0	37	5.26454e-05	37990	1	FALSE	ORF1ab:cds-YP_009724389.1	ACT	T	ATT	I	2648
NC_045512.2	8208	C	T	37987	9127	43	2	0	37	5.26454e-05	37990	1	FALSE	ORF1ab:cds-YP_009725295.1	ACT	T	ATT	I	2648
NC_045512.2	8208	C	A	37987	9127	43	1	0	37	2.63227e-05	37990	1	FALSE	ORF1ab:cds-YP_009724389.1	ACT	T	AAT	N	2648
NC_045512.2	8208	C	A	37987	9127	43	1	0	37	2.63227e-05	37990	1	FALSE	ORF1ab:cds-YP_009725295.1	ACT	T	AAT	N	2648
NC_045512.2	8209	T	C	38091	9195	43	9	2	49	0.00023622	38100	0.0729885	FALSE	ORF1ab:cds-YP_009724389.1	ACT	T	ACC	T	2648
NC_045512.2	8209	T	C	38091	9195	43	9	2	49	0.00023622	38100	0.0729885	FALSE	ORF1ab:cds-YP_009725295.1	ACT	T	ACC	T	2648
NC_045512.2	8209	T	-A	38091	9195	43	1	0	20	2.62467e-05	38100	1	FALSE	NA	NA	NA	NA	NA	NA
NC_045512.2	8210	A	G	37507	9310	43	3	1	45	7.99787e-05	37510	0.656256	FALSE	ORF1ab:cds-YP_009724389.1	AAA	K	GAA	E	2649
NC_045512.2	8210	A	G	37507	9310	43	3	1	45	7.99787e-05	37510	0.656256	FALSE	ORF1ab:cds-YP_009725295.1	AAA	K	GAA	E	2649
NC_045512.2	8211	A	T	37692	10030	43	2	0	37	5.30335e-05	37712	1	FALSE	ORF1ab:cds-YP_009724389.1	AAA	K	ATA	I	2649
NC_045512.2	8211	A	T	37692	10030	43	2	0	37	5.30335e-05	37712	1	FALSE	ORF1ab:cds-YP_009725295.1	AAA	K	ATA	I	2649
NC_045512.2	8211	A	G	37692	10030	43	7	4	47	0.000185617	37712	0.171728	FALSE	ORF1ab:cds-YP_009724389.1	AAA	K	AGA	R	2649
NC_045512.2	8211	A	G	37692	10030	43	7	4	47	0.000185617	37712	0.171728	FALSE	ORF1ab:cds-YP_009725295.1	AAA	K	AGA	R	2649
NC_045512.2	8211	A	C	37692	10030	43	11	8	34	0.000291684	37712	0.999969	FALSE	ORF1ab:cds-YP_009724389.1	AAA	K	ACA	T	2649
NC_045512.2	8211	A	C	37692	10030	43	11	8	34	0.000291684	37712	0.999969	FALSE	ORF1ab:cds-YP_009725295.1	AAA	K	ACA	T	2649
NC_045512.2	8212	A	T	37677	10243	44	1	0	37	2.654e-05	37679	1	FALSE	ORF1ab:cds-YP_009724389.1	AAA	K	AAT	N	2649
NC_045512.2	8212	A	T	37677	10243	44	1	0	37	2.654e-05	37679	1	FALSE	ORF1ab:cds-YP_009725295.1	AAA	K	AAT	N	2649
NC_045512.2	8212	A	G	37677	10243	44	1	0	37	2.654e-05	37679	1	FALSE	ORF1ab:cds-YP_009724389.1	AAA	K	AAG	K	2649
NC_045512.2	8212	A	G	37677	10243	44	1	0	37	2.654e-05	37679	1	FALSE	ORF1ab:cds-YP_009725295.1	AAA	K	AAG	K	2649
NC_045512.2	8213	G	A	37345	10265	43	1	0	74	2.67766e-05	37346	0.500007	FALSE	ORF1ab:cds-YP_009724389.1	GAT	D	AAT	N	2650
NC_045512.2	8213	G	A	37345	10265	43	1	0	74	2.67766e-05	37346	0.500007	FALSE	ORF1ab:cds-YP_009725295.1	GAT	D	AAT	N	2650
NC_045512.2	8214	A	T	37764	10221	43	1	0	37	2.64753e-05	37771	1	FALSE	ORF1ab:cds-YP_009724389.1	GAT	D	GTT	V	2650
NC_045512.2	8214	A	T	37764	10221	43	1	0	37	2.64753e-05	37771	1	FALSE	ORF1ab:cds-YP_009725295.1	GAT	D	GTT	V	2650
NC_045512.2	8214	A	G	37764	10221	43	4	1	37	0.000105901	37771	1	FALSE	ORF1ab:cds-YP_009724389.1	GAT	D	GGT	G	2650
NC_045512.2	8214	A	G	37764	10221	43	4	1	37	0.000105901	37771	1	FALSE	ORF1ab:cds-YP_009725295.1	GAT	D	GGT	G	2650
NC_045512.2	8214	A	C	37764	10221	43	2	0	37	5.29507e-05	37771	1	FALSE	ORF1ab:cds-YP_009724389.1	GAT	D	GCT	A	2650
NC_045512.2	8214	A	C	37764	10221	43	2	0	37	5.29507e-05	37771	1	FALSE	ORF1ab:cds-YP_009725295.1	GAT	D	GCT	A	2650
NC_045512.2	8215	T	G	36997	10253	42	3	0	33	8.10767e-05	37002	1	FALSE	ORF1ab:cds-YP_009724389.1	GAT	D	GAG	E	2650
NC_045512.2	8215	T	G	36997	10253	42	3	0	33	8.10767e-05	37002	1	FALSE	ORF1ab:cds-YP_009725295.1	GAT	D	GAG	E	2650
NC_045512.2	8215	T	C	36997	10253	42	2	0	37	5.40511e-05	37002	1	FALSE	ORF1ab:cds-YP_009724389.1	GAT	D	GAC	D	2650
NC_045512.2	8215	T	C	36997	10253	42	2	0	37	5.40511e-05	37002	1	FALSE	ORF1ab:cds-YP_009725295.1	GAT	D	GAC	D	2650
NC_045512.2	8216	G	T	37864	10397	43	2	1	37	5.28109e-05	37871	1	FALSE	ORF1ab:cds-YP_009724389.1	GTT	V	TTT	F	2651
NC_045512.2	8216	G	T	37864	10397	43	2	1	37	5.28109e-05	37871	1	FALSE	ORF1ab:cds-YP_009725295.1	GTT	V	TTT	F	2651
NC_045512.2	8216	G	A	37864	10397	43	5	2	34	0.000132027	37871	1	FALSE	ORF1ab:cds-YP_009724389.1	GTT	V	ATT	I	2651
NC_045512.2	8216	G	A	37864	10397	43	5	2	34	0.000132027	37871	1	FALSE	ORF1ab:cds-YP_009725295.1	GTT	V	ATT	I	2651
NC_045512.2	8217	T	G	36013	10237	42	2	0	25	5.55216e-05	36022	1	FALSE	ORF1ab:cds-YP_009724389.1	GTT	V	GGT	G	2651
NC_045512.2	8217	T	G	36013	10237	42	2	0	25	5.55216e-05	36022	1	FALSE	ORF1ab:cds-YP_009725295.1	GTT	V	GGT	G	2651
NC_045512.2	8217	T	C	36013	10237	42	6	1	39	0.000166565	36022	1	FALSE	ORF1ab:cds-YP_009724389.1	GTT	V	GCT	A	2651
NC_045512.2	8217	T	C	36013	10237	42	6	1	39	0.000166565	36022	1	FALSE	ORF1ab:cds-YP_009725295.1	GTT	V	GCT	A	2651
NC_045512.2	8217	T	A	36013	10237	42	1	0	37	2.77608e-05	36022	1	FALSE	ORF1ab:cds-YP_009724389.1	GTT	V	GAT	D	2651
NC_045512.2	8217	T	A	36013	10237	42	1	0	37	2.77608e-05	36022	1	FALSE	ORF1ab:cds-YP_009725295.1	GTT	V	GAT	D	2651
NC_045512.2	8218	T	G	36860	10912	43	3	2	33	8.13714e-05	36868	1	FALSE	ORF1ab:cds-YP_009724389.1	GTT	V	GTG	V	2651
NC_045512.2	8218	T	G	36860	10912	43	3	2	33	8.13714e-05	36868	1	FALSE	ORF1ab:cds-YP_009725295.1	GTT	V	GTG	V	2651
NC_045512.2	8218	T	C	36860	10912	43	3	2	49	8.13714e-05	36868	0.656205	FALSE	ORF1ab:cds-YP_009724389.1	GTT	V	GTC	V	2651
NC_045512.2	8218	T	C	36860	10912	43	3	2	49	8.13714e-05	36868	0.656205	FALSE	ORF1ab:cds-YP_009725295.1	GTT	V	GTC	V	2651
NC_045512.2	8218	T	A	36860	10912	43	2	0	29	5.42476e-05	36868	1	FALSE	ORF1ab:cds-YP_009724389.1	GTT	V	GTA	V	2651
NC_045512.2	8218	T	A	36860	10912	43	2	0	29	5.42476e-05	36868	1	FALSE	ORF1ab:cds-YP_009725295.1	GTT	V	GTA	V	2651
NC_045512.2	8219	G	T	37890	11129	44	2	1	25	5.27788e-05	37894	1	FALSE	ORF1ab:cds-YP_009724389.1	GTT	V	TTT	F	2652
NC_045512.2	8219	G	T	37890	11129	44	2	1	25	5.27788e-05	37894	1	FALSE	ORF1ab:cds-YP_009725295.1	GTT	V	TTT	F	2652
NC_045512.2	8219	G	C	37890	11129	44	1	0	25	2.63894e-05	37894	1	FALSE	ORF1ab:cds-YP_009724389.1	GTT	V	CTT	L	2652
NC_045512.2	8219	G	C	37890	11129	44	1	0	25	2.63894e-05	37894	1	FALSE	ORF1ab:cds-YP_009725295.1	GTT	V	CTT	L	2652
NC_045512.2	8219	G	A	37890	11129	44	1	0	37	2.63894e-05	37894	1	FALSE	ORF1ab:cds-YP_009724389.1	GTT	V	ATT	I	2652
NC_045512.2	8219	G	A	37890	11129	44	1	0	37	2.63894e-05	37894	1	FALSE	ORF1ab:cds-YP_009725295.1	GTT	V	ATT	I	2652
NC_045512.2	8220	T	C	37976	11342	44	3	2	31	7.8991e-05	37979	1	FALSE	ORF1ab:cds-YP_009724389.1	GTT	V	GCT	A	2652
NC_045512.2	8220	T	C	37976	11342	44	3	2	31	7.8991e-05	37979	1	FALSE	ORF1ab:cds-YP_009725295.1	GTT	V	GCT	A	2652
NC_045512.2	8221	T	G	37980	11324	44	1	0	25	2.63248e-05	37987	1	FALSE	ORF1ab:cds-YP_009724389.1	GTT	V	GTG	V	2652
NC_045512.2	8221	T	G	37980	11324	44	1	0	25	2.63248e-05	37987	1	FALSE	ORF1ab:cds-YP_009725295.1	GTT	V	GTG	V	2652
NC_045512.2	8221	T	C	37980	11324	44	6	3	43	0.000157949	37987	0.253893	FALSE	ORF1ab:cds-YP_009724389.1	GTT	V	GTC	V	2652
NC_045512.2	8221	T	C	37980	11324	44	6	3	43	0.000157949	37987	0.253893	FALSE	ORF1ab:cds-YP_009725295.1	GTT	V	GTC	V	2652
NC_045512.2	8221	T	-G	37980	11324	44	1	0	20	2.63248e-05	37987	1	FALSE	NA	NA	NA	NA	NA	NA
NC_045512.2	8223	A	T	37925	11174	44	1	1	29	2.63657e-05	37928	1	FALSE	ORF1ab:cds-YP_009724389.1	GAA	E	GTA	V	2653
NC_045512.2	8223	A	T	37925	11174	44	1	1	29	2.63657e-05	37928	1	FALSE	ORF1ab:cds-YP_009725295.1	GAA	E	GTA	V	2653
NC_045512.2	8223	A	G	37925	11174	44	2	0	49	5.27315e-05	37928	0.812508	FALSE	ORF1ab:cds-YP_009724389.1	GAA	E	GGA	G	2653
NC_045512.2	8223	A	G	37925	11174	44	2	0	49	5.27315e-05	37928	0.812508	FALSE	ORF1ab:cds-YP_009725295.1	GAA	E	GGA	G	2653
NC_045512.2	8224	A	T	37555	11243	44	1	0	37	2.66198e-05	37566	1	FALSE	ORF1ab:cds-YP_009724389.1	GAA	E	GAT	D	2653
NC_045512.2	8224	A	T	37555	11243	44	1	0	37	2.66198e-05	37566	1	FALSE	ORF1ab:cds-YP_009725295.1	GAA	E	GAT	D	2653
NC_045512.2	8224	A	G	37555	11243	44	9	2	49	0.000239578	37566	0.0729755	FALSE	ORF1ab:cds-YP_009724389.1	GAA	E	GAG	E	2653
NC_045512.2	8224	A	G	37555	11243	44	9	2	49	0.000239578	37566	0.0729755	FALSE	ORF1ab:cds-YP_009725295.1	GAA	E	GAG	E	2653
NC_045512.2	8224	A	C	37555	11243	44	1	0	25	2.66198e-05	37566	1	FALSE	ORF1ab:cds-YP_009724389.1	GAA	E	GAC	D	2653
NC_045512.2	8224	A	C	37555	11243	44	1	0	25	2.66198e-05	37566	1	FALSE	ORF1ab:cds-YP_009725295.1	GAA	E	GAC	D	2653
NC_045512.2	8224	A	+TC	37555	11243	44	2	0	20	5.32396e-05	37566	1	FALSE	NA	NA	NA	NA	NA	NA
NC_045512.2	8224	A	+C	37555	11243	44	1	0	20	2.66198e-05	37566	1	FALSE	NA	NA	NA	NA	NA	NA
NC_045512.2	8225	T	G	37691	11235	44	2	1	37	5.3056e-05	37696	1	FALSE	ORF1ab:cds-YP_009724389.1	TGT	C	GGT	G	2654
NC_045512.2	8225	T	G	37691	11235	44	2	1	37	5.3056e-05	37696	1	FALSE	ORF1ab:cds-YP_009725295.1	TGT	C	GGT	G	2654
NC_045512.2	8225	T	C	37691	11235	44	1	1	37	2.6528e-05	37696	1	FALSE	ORF1ab:cds-YP_009724389.1	TGT	C	CGT	R	2654
NC_045512.2	8225	T	C	37691	11235	44	1	1	37	2.6528e-05	37696	1	FALSE	ORF1ab:cds-YP_009725295.1	TGT	C	CGT	R	2654
NC_045512.2	8225	T	A	37691	11235	44	2	1	36	5.3056e-05	37696	1	FALSE	ORF1ab:cds-YP_009724389.1	TGT	C	AGT	S	2654
NC_045512.2	8225	T	A	37691	11235	44	2	1	36	5.3056e-05	37696	1	FALSE	ORF1ab:cds-YP_009725295.1	TGT	C	AGT	S	2654
NC_045512.2	8226	G	T	40484	12039	44	3	0	33	7.40887e-05	40492	1	FALSE	ORF1ab:cds-YP_009724389.1	TGT	C	TTT	F	2654
NC_045512.2	8226	G	T	40484	12039	44	3	0	33	7.40887e-05	40492	1	FALSE	ORF1ab:cds-YP_009725295.1	TGT	C	TTT	F	2654
NC_045512.2	8226	G	A	40484	12039	44	5	2	34	0.000123481	40492	1	FALSE	ORF1ab:cds-YP_009724389.1	TGT	C	TAT	Y	2654
NC_045512.2	8226	G	A	40484	12039	44	5	2	34	0.000123481	40492	1	FALSE	ORF1ab:cds-YP_009725295.1	TGT	C	TAT	Y	2654
NC_045512.2	8227	T	G	41061	13013	44	3	3	37	7.30496e-05	41068	1	FALSE	ORF1ab:cds-YP_009724389.1	TGT	C	TGG	W	2654
NC_045512.2	8227	T	G	41061	13013	44	3	3	37	7.30496e-05	41068	1	FALSE	ORF1ab:cds-YP_009725295.1	TGT	C	TGG	W	2654
NC_045512.2	8227	T	C	41061	13013	44	3	1	33	7.30496e-05	41068	1	FALSE	ORF1ab:cds-YP_009724389.1	TGT	C	TGC	C	2654
NC_045512.2	8227	T	C	41061	13013	44	3	1	33	7.30496e-05	41068	1	FALSE	ORF1ab:cds-YP_009725295.1	TGT	C	TGC	C	2654
NC_045512.2	8227	T	A	41061	13013	44	1	0	37	2.43499e-05	41068	1	FALSE	ORF1ab:cds-YP_009724389.1	TGT	C	TGA	*	2654
NC_045512.2	8227	T	A	41061	13013	44	1	0	37	2.43499e-05	41068	1	FALSE	ORF1ab:cds-YP_009725295.1	TGT	C	TGA	*	2654
NC_045512.2	8228	C	G	41039	12978	44	1	1	37	2.43659e-05	41041	1	FALSE	ORF1ab:cds-YP_009724389.1	CTT	L	GTT	V	2655
NC_045512.2	8228	C	G	41039	12978	44	1	1	37	2.43659e-05	41041	1	FALSE	ORF1ab:cds-YP_009725295.1	CTT	L	GTT	V	2655
NC_045512.2	8228	C	A	41039	12978	44	1	1	37	2.43659e-05	41041	1	FALSE	ORF1ab:cds-YP_009724389.1	CTT	L	ATT	I	2655
NC_045512.2	8228	C	A	41039	12978	44	1	1	37	2.43659e-05	41041	1	FALSE	ORF1ab:cds-YP_009725295.1	CTT	L	ATT	I	2655
NC_045512.2	8228	C	-T	41039	12978	44	1	0	20	2.43659e-05	41041	1	FALSE	NA	NA	NA	NA	NA	NA
NC_045512.2	8229	T	G	41319	13228	45	3	0	45	7.25777e-05	41335	0.773318	FALSE	ORF1ab:cds-YP_009724389.1	CTT	L	CGT	R	2655
NC_045512.2	8229	T	G	41319	13228	45	3	0	45	7.25777e-05	41335	0.773318	FALSE	ORF1ab:cds-YP_009725295.1	CTT	L	CGT	R	2655
NC_045512.2	8229	T	C	41319	13228	45	10	4	50	0.000241926	41335	0.000975323	TRUE	ORF1ab:cds-YP_009724389.1	CTT	L	CCT	P	2655
NC_045512.2	8229	T	C	41319	13228	45	10	4	50	0.000241926	41335	0.000975323	TRUE	ORF1ab:cds-YP_009725295.1	CTT	L	CCT	P	2655
NC_045512.2	8229	T	A	41319	13228	45	3	1	45	7.25777e-05	41335	0.773318	FALSE	ORF1ab:cds-YP_009724389.1	CTT	L	CAT	H	2655
NC_045512.2	8229	T	A	41319	13228	45	3	1	45	7.25777e-05	41335	0.773318	FALSE	ORF1ab:cds-YP_009725295.1	CTT	L	CAT	H	2655
NC_045512.2	8230	T	G	41071	13258	45	6	0	37	0.000146032	41087	1	FALSE	ORF1ab:cds-YP_009724389.1	CTT	L	CTG	L	2655
NC_045512.2	8230	T	G	41071	13258	45	6	0	37	0.000146032	41087	1	FALSE	ORF1ab:cds-YP_009725295.1	CTT	L	CTG	L	2655
NC_045512.2	8230	T	C	41071	13258	45	4	2	55	9.73544e-05	41087	0.062462	FALSE	ORF1ab:cds-YP_009724389.1	CTT	L	CTC	L	2655
NC_045512.2	8230	T	C	41071	13258	45	4	2	55	9.73544e-05	41087	0.062462	FALSE	ORF1ab:cds-YP_009725295.1	CTT	L	CTC	L	2655
NC_045512.2	8230	T	A	41071	13258	45	6	1	43	0.000146032	41087	0.376811	FALSE	ORF1ab:cds-YP_009724389.1	CTT	L	CTA	L	2655
NC_045512.2	8230	T	A	41071	13258	45	6	1	43	0.000146032	41087	0.376811	FALSE	ORF1ab:cds-YP_009725295.1	CTT	L	CTA	L	2655
NC_045512.2	8230	T	-A	41071	13258	45	1	0	20	2.43386e-05	41087	1	FALSE	NA	NA	NA	NA	NA	NA
NC_045512.2	8231	A	T	41233	13285	45	3	2	33	7.27484e-05	41238	1	FALSE	ORF1ab:cds-YP_009724389.1	AAA	K	TAA	*	2656
NC_045512.2	8231	A	T	41233	13285	45	3	2	33	7.27484e-05	41238	1	FALSE	ORF1ab:cds-YP_009725295.1	AAA	K	TAA	*	2656
NC_045512.2	8231	A	G	41233	13285	45	2	1	37	4.8499e-05	41238	1	FALSE	ORF1ab:cds-YP_009724389.1	AAA	K	GAA	E	2656
NC_045512.2	8231	A	G	41233	13285	45	2	1	37	4.8499e-05	41238	1	FALSE	ORF1ab:cds-YP_009725295.1	AAA	K	GAA	E	2656
NC_045512.2	8232	A	G	38375	14543	43	4	2	37	0.000104224	38379	1	FALSE	ORF1ab:cds-YP_009724389.1	AAA	K	AGA	R	2656
NC_045512.2	8232	A	G	38375	14543	43	4	2	37	0.000104224	38379	1	FALSE	ORF1ab:cds-YP_009725295.1	AAA	K	AGA	R	2656
NC_045512.2	8233	A	T	38697	15276	43	2	2	49	5.16809e-05	38699	0.812516	FALSE	ORF1ab:cds-YP_009724389.1	AAA	K	AAT	N	2656
NC_045512.2	8233	A	T	38697	15276	43	2	2	49	5.16809e-05	38699	0.812516	FALSE	ORF1ab:cds-YP_009725295.1	AAA	K	AAT	N	2656
NC_045512.2	8234	T	G	39048	15840	44	2	2	37	5.12085e-05	39056	1	FALSE	ORF1ab:cds-YP_009724389.1	TTG	L	GTG	V	2657
NC_045512.2	8234	T	G	39048	15840	44	2	2	37	5.12085e-05	39056	1	FALSE	ORF1ab:cds-YP_009725295.1	TTG	L	GTG	V	2657
NC_045512.2	8234	T	C	39048	15840	44	3	0	37	7.68128e-05	39056	1	FALSE	ORF1ab:cds-YP_009724389.1	TTG	L	CTG	L	2657
NC_045512.2	8234	T	C	39048	15840	44	3	0	37	7.68128e-05	39056	1	FALSE	ORF1ab:cds-YP_009725295.1	TTG	L	CTG	L	2657
NC_045512.2	8234	T	A	39048	15840	44	3	0	37	7.68128e-05	39056	1	FALSE	ORF1ab:cds-YP_009724389.1	TTG	L	ATG	M	2657
NC_045512.2	8234	T	A	39048	15840	44	3	0	37	7.68128e-05	39056	1	FALSE	ORF1ab:cds-YP_009725295.1	TTG	L	ATG	M	2657
NC_045512.2	8234	T	+C	39048	15840	44	118	0	20	0.0030213	39056	1	FALSE	NA	NA	NA	NA	NA	NA
NC_045512.2	8235	T	C	37964	14892	43	2	0	37	5.26759e-05	37968	1	FALSE	ORF1ab:cds-YP_009724389.1	TTG	L	TCG	S	2657
NC_045512.2	8235	T	C	37964	14892	43	2	0	37	5.26759e-05	37968	1	FALSE	ORF1ab:cds-YP_009725295.1	TTG	L	TCG	S	2657
NC_045512.2	8235	T	A	37964	14892	43	2	0	31	5.26759e-05	37968	1	FALSE	ORF1ab:cds-YP_009724389.1	TTG	L	TAG	*	2657
NC_045512.2	8235	T	A	37964	14892	43	2	0	31	5.26759e-05	37968	1	FALSE	ORF1ab:cds-YP_009725295.1	TTG	L	TAG	*	2657
NC_045512.2	8236	G	T	37836	14854	44	2	1	31	5.28499e-05	37843	1	FALSE	ORF1ab:cds-YP_009724389.1	TTG	L	TTT	F	2657
NC_045512.2	8236	G	T	37836	14854	44	2	1	31	5.28499e-05	37843	1	FALSE	ORF1ab:cds-YP_009725295.1	TTG	L	TTT	F	2657
NC_045512.2	8236	G	C	37836	14854	44	1	0	25	2.6425e-05	37843	1	FALSE	ORF1ab:cds-YP_009724389.1	TTG	L	TTC	F	2657
NC_045512.2	8236	G	C	37836	14854	44	1	0	25	2.6425e-05	37843	1	FALSE	ORF1ab:cds-YP_009725295.1	TTG	L	TTC	F	2657
NC_045512.2	8236	G	A	37836	14854	44	4	1	46	0.0001057	37843	0.499971	FALSE	ORF1ab:cds-YP_009724389.1	TTG	L	TTA	L	2657
NC_045512.2	8236	G	A	37836	14854	44	4	1	46	0.0001057	37843	0.499971	FALSE	ORF1ab:cds-YP_009725295.1	TTG	L	TTA	L	2657
NC_045512.2	8237	T	C	38053	14843	44	5	1	56	0.000131378	38058	0.0312479	FALSE	ORF1ab:cds-YP_009724389.1	TCA	S	CCA	P	2658
NC_045512.2	8237	T	C	38053	14843	44	5	1	56	0.000131378	38058	0.0312479	FALSE	ORF1ab:cds-YP_009725295.1	TCA	S	CCA	P	2658
NC_045512.2	8238	C	T	37383	14973	44	6	2	43	0.000160454	37394	0.25384	FALSE	ORF1ab:cds-YP_009724389.1	TCA	S	TTA	L	2658
NC_045512.2	8238	C	T	37383	14973	44	6	2	43	0.000160454	37394	0.25384	FALSE	ORF1ab:cds-YP_009725295.1	TCA	S	TTA	L	2658
NC_045512.2	8238	C	G	37383	14973	44	1	0	37	2.67423e-05	37394	1	FALSE	ORF1ab:cds-YP_009724389.1	TCA	S	TGA	*	2658
NC_045512.2	8238	C	G	37383	14973	44	1	0	37	2.67423e-05	37394	1	FALSE	ORF1ab:cds-YP_009725295.1	TCA	S	TGA	*	2658
NC_045512.2	8238	C	A	37383	14973	44	4	1	43	0.000106969	37394	0.499912	FALSE	ORF1ab:cds-YP_009724389.1	TCA	S	TAA	*	2658
NC_045512.2	8238	C	A	37383	14973	44	4	1	43	0.000106969	37394	0.499912	FALSE	ORF1ab:cds-YP_009725295.1	TCA	S	TAA	*	2658
NC_045512.2	8239	A	T	35718	15862	42	1	1	25	2.7994e-05	35722	1	FALSE	ORF1ab:cds-YP_009724389.1	TCA	S	TCT	S	2658
NC_045512.2	8239	A	T	35718	15862	42	1	1	25	2.7994e-05	35722	1	FALSE	ORF1ab:cds-YP_009725295.1	TCA	S	TCT	S	2658
NC_045512.2	8239	A	G	35718	15862	42	3	0	33	8.39819e-05	35722	1	FALSE	ORF1ab:cds-YP_009724389.1	TCA	S	TCG	S	2658
NC_045512.2	8239	A	G	35718	15862	42	3	0	33	8.39819e-05	35722	1	FALSE	ORF1ab:cds-YP_009725295.1	TCA	S	TCG	S	2658
NC_045512.2	8240	C	T	36200	16056	42	4	4	37	0.000110479	36206	1	FALSE	ORF1ab:cds-YP_009724389.1	CAT	H	TAT	Y	2659
NC_045512.2	8240	C	T	36200	16056	42	4	4	37	0.000110479	36206	1	FALSE	ORF1ab:cds-YP_009725295.1	CAT	H	TAT	Y	2659
NC_045512.2	8240	C	A	36200	16056	42	2	2	37	5.52395e-05	36206	1	FALSE	ORF1ab:cds-YP_009724389.1	CAT	H	AAT	N	2659
NC_045512.2	8240	C	A	36200	16056	42	2	2	37	5.52395e-05	36206	1	FALSE	ORF1ab:cds-YP_009725295.1	CAT	H	AAT	N	2659
NC_045512.2	8241	A	T	36198	16088	42	2	0	31	5.5241e-05	36205	1	FALSE	ORF1ab:cds-YP_009724389.1	CAT	H	CTT	L	2659
NC_045512.2	8241	A	T	36198	16088	42	2	0	31	5.5241e-05	36205	1	FALSE	ORF1ab:cds-YP_009725295.1	CAT	H	CTT	L	2659
NC_045512.2	8241	A	G	36198	16088	42	4	1	37	0.000110482	36205	1	FALSE	ORF1ab:cds-YP_009724389.1	CAT	H	CGT	R	2659
NC_045512.2	8241	A	G	36198	16088	42	4	1	37	0.000110482	36205	1	FALSE	ORF1ab:cds-YP_009725295.1	CAT	H	CGT	R	2659
NC_045512.2	8241	A	C	36198	16088	42	1	0	50	2.76205e-05	36205	0.499965	FALSE	ORF1ab:cds-YP_009724389.1	CAT	H	CCT	P	2659
NC_045512.2	8241	A	C	36198	16088	42	1	0	50	2.76205e-05	36205	0.499965	FALSE	ORF1ab:cds-YP_009725295.1	CAT	H	CCT	P	2659
NC_045512.2	8242	T	C	36168	16263	42	6	3	35	0.000165865	36174	1	FALSE	ORF1ab:cds-YP_009724389.1	CAT	H	CAC	H	2659
NC_045512.2	8242	T	C	36168	16263	42	6	3	35	0.000165865	36174	1	FALSE	ORF1ab:cds-YP_009725295.1	CAT	H	CAC	H	2659
NC_045512.2	8243	C	T	36332	16289	42	2	2	74	5.50449e-05	36334	0.250003	FALSE	ORF1ab:cds-YP_009724389.1	CAA	Q	TAA	*	2660
NC_045512.2	8243	C	T	36332	16289	42	2	2	74	5.50449e-05	36334	0.250003	FALSE	ORF1ab:cds-YP_009725295.1	CAA	Q	TAA	*	2660
NC_045512.2	8243	C	-A	36332	16289	42	1	0	20	2.75224e-05	36334	1	FALSE	NA	NA	NA	NA	NA	NA
NC_045512.2	8244	A	T	36533	16773	42	2	1	25	5.47375e-05	36538	1	FALSE	ORF1ab:cds-YP_009724389.1	CAA	Q	CTA	L	2660
NC_045512.2	8244	A	T	36533	16773	42	2	1	25	5.47375e-05	36538	1	FALSE	ORF1ab:cds-YP_009725295.1	CAA	Q	CTA	L	2660
NC_045512.2	8244	A	G	36533	16773	42	3	3	37	8.21063e-05	36538	1	FALSE	ORF1ab:cds-YP_009724389.1	CAA	Q	CGA	R	2660
NC_045512.2	8244	A	G	36533	16773	42	3	3	37	8.21063e-05	36538	1	FALSE	ORF1ab:cds-YP_009725295.1	CAA	Q	CGA	R	2660
NC_045512.2	8245	A	G	36426	17620	42	3	3	37	8.2352e-05	36429	1	FALSE	ORF1ab:cds-YP_009724389.1	CAA	Q	CAG	Q	2660
NC_045512.2	8245	A	G	36426	17620	42	3	3	37	8.2352e-05	36429	1	FALSE	ORF1ab:cds-YP_009725295.1	CAA	Q	CAG	Q	2660
NC_045512.2	8246	T	C	36399	17722	42	3	1	37	8.24131e-05	36402	1	FALSE	ORF1ab:cds-YP_009724389.1	TCT	S	CCT	P	2661
NC_045512.2	8246	T	C	36399	17722	42	3	1	37	8.24131e-05	36402	1	FALSE	ORF1ab:cds-YP_009725295.1	TCT	S	CCT	P	2661
NC_045512.2	8247	C	T	36598	17936	42	7	5	37	0.00019121	36609	0.999999	FALSE	ORF1ab:cds-YP_009724389.1	TCT	S	TTT	F	2661
NC_045512.2	8247	C	T	36598	17936	42	7	5	37	0.00019121	36609	0.999999	FALSE	ORF1ab:cds-YP_009725295.1	TCT	S	TTT	F	2661
NC_045512.2	8247	C	G	36598	17936	42	1	1	37	2.73157e-05	36609	1	FALSE	ORF1ab:cds-YP_009724389.1	TCT	S	TGT	C	2661
NC_045512.2	8247	C	G	36598	17936	42	1	1	37	2.73157e-05	36609	1	FALSE	ORF1ab:cds-YP_009725295.1	TCT	S	TGT	C	2661
NC_045512.2	8247	C	A	36598	17936	42	3	2	45	8.19471e-05	36609	0.656167	FALSE	ORF1ab:cds-YP_009724389.1	TCT	S	TAT	Y	2661
NC_045512.2	8247	C	A	36598	17936	42	3	2	45	8.19471e-05	36609	0.656167	FALSE	ORF1ab:cds-YP_009725295.1	TCT	S	TAT	Y	2661
NC_045512.2	8248	T	G	36663	17955	42	2	1	49	5.45345e-05	36674	0.81244	FALSE	ORF1ab:cds-YP_009724389.1	TCT	S	TCG	S	2661
NC_045512.2	8248	T	G	36663	17955	42	2	1	49	5.45345e-05	36674	0.81244	FALSE	ORF1ab:cds-YP_009725295.1	TCT	S	TCG	S	2661
NC_045512.2	8248	T	C	36663	17955	42	5	4	34	0.000136336	36674	1	FALSE	ORF1ab:cds-YP_009724389.1	TCT	S	TCC	S	2661
NC_045512.2	8248	T	C	36663	17955	42	5	4	34	0.000136336	36674	1	FALSE	ORF1ab:cds-YP_009725295.1	TCT	S	TCC	S	2661
NC_045512.2	8248	T	A	36663	17955	42	4	4	37	0.000109069	36674	1	FALSE	ORF1ab:cds-YP_009724389.1	TCT	S	TCA	S	2661
NC_045512.2	8248	T	A	36663	17955	42	4	4	37	0.000109069	36674	1	FALSE	ORF1ab:cds-YP_009725295.1	TCT	S	TCA	S	2661
NC_045512.2	8249	G	T	37207	18817	43	3	2	45	8.06062e-05	37218	0.656168	FALSE	ORF1ab:cds-YP_009724389.1	GAC	D	TAC	Y	2662
NC_045512.2	8249	G	T	37207	18817	43	3	2	45	8.06062e-05	37218	0.656168	FALSE	ORF1ab:cds-YP_009725295.1	GAC	D	TAC	Y	2662
NC_045512.2	8249	G	C	37207	18817	43	4	0	37	0.000107475	37218	1	FALSE	ORF1ab:cds-YP_009724389.1	GAC	D	CAC	H	2662
NC_045512.2	8249	G	C	37207	18817	43	4	0	37	0.000107475	37218	1	FALSE	ORF1ab:cds-YP_009725295.1	GAC	D	CAC	H	2662
NC_045512.2	8249	G	A	37207	18817	43	4	3	58	0.000107475	37218	0.0624748	FALSE	ORF1ab:cds-YP_009724389.1	GAC	D	AAC	N	2662
NC_045512.2	8249	G	A	37207	18817	43	4	3	58	0.000107475	37218	0.0624748	FALSE	ORF1ab:cds-YP_009725295.1	GAC	D	AAC	N	2662
NC_045512.2	8250	A	T	38914	18894	42	2	1	31	5.13822e-05	38924	1	FALSE	ORF1ab:cds-YP_009724389.1	GAC	D	GTC	V	2662
NC_045512.2	8250	A	T	38914	18894	42	2	1	31	5.13822e-05	38924	1	FALSE	ORF1ab:cds-YP_009725295.1	GAC	D	GTC	V	2662
NC_045512.2	8250	A	G	38914	18894	42	8	5	35	0.000205529	38924	0.999999	FALSE	ORF1ab:cds-YP_009724389.1	GAC	D	GGC	G	2662
NC_045512.2	8250	A	G	38914	18894	42	8	5	35	0.000205529	38924	0.999999	FALSE	ORF1ab:cds-YP_009725295.1	GAC	D	GGC	G	2662
NC_045512.2	8251	C	T	37740	20047	41	6	2	43	0.00015894	37750	0.253854	FALSE	ORF1ab:cds-YP_009724389.1	GAC	D	GAT	D	2662
NC_045512.2	8251	C	T	37740	20047	41	6	2	43	0.00015894	37750	0.253854	FALSE	ORF1ab:cds-YP_009725295.1	GAC	D	GAT	D	2662
NC_045512.2	8251	C	G	37740	20047	41	1	1	74	2.64901e-05	37750	0.499947	FALSE	ORF1ab:cds-YP_009724389.1	GAC	D	GAG	E	2662
NC_045512.2	8251	C	G	37740	20047	41	1	1	74	2.64901e-05	37750	0.499947	FALSE	ORF1ab:cds-YP_009725295.1	GAC	D	GAG	E	2662
NC_045512.2	8251	C	A	37740	20047	41	3	2	29	7.94702e-05	37750	1	FALSE	ORF1ab:cds-YP_009724389.1	GAC	D	GAA	E	2662
NC_045512.2	8251	C	A	37740	20047	41	3	2	29	7.94702e-05	37750	1	FALSE	ORF1ab:cds-YP_009725295.1	GAC	D	GAA	E	2662
NC_045512.2	8252	A	T	38164	20682	41	3	2	37	7.85958e-05	38170	1	FALSE	ORF1ab:cds-YP_009724389.1	ATA	I	TTA	L	2663
NC_045512.2	8252	A	T	38164	20682	41	3	2	37	7.85958e-05	38170	1	FALSE	ORF1ab:cds-YP_009725295.1	ATA	I	TTA	L	2663
NC_045512.2	8252	A	G	38164	20682	41	3	2	37	7.85958e-05	38170	1	FALSE	ORF1ab:cds-YP_009724389.1	ATA	I	GTA	V	2663
NC_045512.2	8252	A	G	38164	20682	41	3	2	37	7.85958e-05	38170	1	FALSE	ORF1ab:cds-YP_009725295.1	ATA	I	GTA	V	2663
NC_045512.2	8252	A	+G	38164	20682	41	1	0	20	2.61986e-05	38170	1	FALSE	NA	NA	NA	NA	NA	NA
NC_045512.2	8253	T	C	37822	20878	41	1	0	25	2.64389e-05	37823	1	FALSE	ORF1ab:cds-YP_009724389.1	ATA	I	ACA	T	2663
NC_045512.2	8253	T	C	37822	20878	41	1	0	25	2.64389e-05	37823	1	FALSE	ORF1ab:cds-YP_009725295.1	ATA	I	ACA	T	2663
NC_045512.2	8254	A	T	38110	21142	41	1	0	37	2.62295e-05	38125	1	FALSE	ORF1ab:cds-YP_009724389.1	ATA	I	ATT	I	2663
NC_045512.2	8254	A	T	38110	21142	41	1	0	37	2.62295e-05	38125	1	FALSE	ORF1ab:cds-YP_009725295.1	ATA	I	ATT	I	2663
NC_045512.2	8254	A	G	38110	21142	41	14	5	35	0.000367213	38125	0.999796	FALSE	ORF1ab:cds-YP_009724389.1	ATA	I	ATG	M	2663
NC_045512.2	8254	A	G	38110	21142	41	14	5	35	0.000367213	38125	0.999796	FALSE	ORF1ab:cds-YP_009725295.1	ATA	I	ATG	M	2663
NC_045512.2	8255	G	T	37541	21199	41	3	1	29	7.99041e-05	37545	1	FALSE	ORF1ab:cds-YP_009724389.1	GAA	E	TAA	*	2664
NC_045512.2	8255	G	T	37541	21199	41	3	1	29	7.99041e-05	37545	1	FALSE	ORF1ab:cds-YP_009725295.1	GAA	E	TAA	*	2664
NC_045512.2	8255	G	C	37541	21199	41	1	1	37	2.66347e-05	37545	1	FALSE	ORF1ab:cds-YP_009724389.1	GAA	E	CAA	Q	2664
NC_045512.2	8255	G	C	37541	21199	41	1	1	37	2.66347e-05	37545	1	FALSE	ORF1ab:cds-YP_009725295.1	GAA	E	CAA	Q	2664
NC_045512.2	8256	A	T	37964	21080	41	5	2	34	0.000131648	37980	1	FALSE	ORF1ab:cds-YP_009724389.1	GAA	E	GTA	V	2664
NC_045512.2	8256	A	T	37964	21080	41	5	2	34	0.000131648	37980	1	FALSE	ORF1ab:cds-YP_009725295.1	GAA	E	GTA	V	2664
NC_045512.2	8256	A	G	37964	21080	41	10	8	39	0.000263296	37980	0.999988	FALSE	ORF1ab:cds-YP_009724389.1	GAA	E	GGA	G	2664
NC_045512.2	8256	A	G	37964	21080	41	10	8	39	0.000263296	37980	0.999988	FALSE	ORF1ab:cds-YP_009725295.1	GAA	E	GGA	G	2664
NC_045512.2	8256	A	C	37964	21080	41	1	1	37	2.63296e-05	37980	1	FALSE	ORF1ab:cds-YP_009724389.1	GAA	E	GCA	A	2664
NC_045512.2	8256	A	C	37964	21080	41	1	1	37	2.63296e-05	37980	1	FALSE	ORF1ab:cds-YP_009725295.1	GAA	E	GCA	A	2664
NC_045512.2	8257	A	T	38092	21079	41	1	1	37	2.62467e-05	38100	1	FALSE	ORF1ab:cds-YP_009724389.1	GAA	E	GAT	D	2664
NC_045512.2	8257	A	T	38092	21079	41	1	1	37	2.62467e-05	38100	1	FALSE	ORF1ab:cds-YP_009725295.1	GAA	E	GAT	D	2664
NC_045512.2	8257	A	G	38092	21079	41	6	3	45	0.00015748	38100	0.25388	FALSE	ORF1ab:cds-YP_009724389.1	GAA	E	GAG	E	2664
NC_045512.2	8257	A	G	38092	21079	41	6	3	45	0.00015748	38100	0.25388	FALSE	ORF1ab:cds-YP_009725295.1	GAA	E	GAG	E	2664
NC_045512.2	8257	A	C	38092	21079	41	1	0	29	2.62467e-05	38100	1	FALSE	ORF1ab:cds-YP_009724389.1	GAA	E	GAC	D	2664
NC_045512.2	8257	A	C	38092	21079	41	1	0	29	2.62467e-05	38100	1	FALSE	ORF1ab:cds-YP_009725295.1	GAA	E	GAC	D	2664
NC_045512.2	8258	G	T	38095	21164	41	3	2	33	7.87278e-05	38106	1	FALSE	ORF1ab:cds-YP_009724389.1	GTT	V	TTT	F	2665
NC_045512.2	8258	G	T	38095	21164	41	3	2	33	7.87278e-05	38106	1	FALSE	ORF1ab:cds-YP_009725295.1	GTT	V	TTT	F	2665
NC_045512.2	8258	G	C	38095	21164	41	2	1	37	5.24852e-05	38106	1	FALSE	ORF1ab:cds-YP_009724389.1	GTT	V	CTT	L	2665
NC_045512.2	8258	G	C	38095	21164	41	2	1	37	5.24852e-05	38106	1	FALSE	ORF1ab:cds-YP_009725295.1	GTT	V	CTT	L	2665
NC_045512.2	8258	G	A	38095	21164	41	6	5	45	0.000157456	38106	0.253842	FALSE	ORF1ab:cds-YP_009724389.1	GTT	V	ATT	I	2665
NC_045512.2	8258	G	A	38095	21164	41	6	5	45	0.000157456	38106	0.253842	FALSE	ORF1ab:cds-YP_009725295.1	GTT	V	ATT	I	2665
NC_045512.2	8259	T	C	36834	19795	41	7	2	37	0.000190006	36841	0.999999	FALSE	ORF1ab:cds-YP_009724389.1	GTT	V	GCT	A	2665
NC_045512.2	8259	T	C	36834	19795	41	7	2	37	0.000190006	36841	0.999999	FALSE	ORF1ab:cds-YP_009725295.1	GTT	V	GCT	A	2665
NC_045512.2	8260	T	C	36772	20146	41	2	0	37	5.43848e-05	36775	1	FALSE	ORF1ab:cds-YP_009724389.1	GTT	V	GTC	V	2665
NC_045512.2	8260	T	C	36772	20146	41	2	0	37	5.43848e-05	36775	1	FALSE	ORF1ab:cds-YP_009725295.1	GTT	V	GTC	V	2665
NC_045512.2	8260	T	A	36772	20146	41	1	0	37	2.71924e-05	36775	1	FALSE	ORF1ab:cds-YP_009724389.1	GTT	V	GTA	V	2665
NC_045512.2	8260	T	A	36772	20146	41	1	0	37	2.71924e-05	36775	1	FALSE	ORF1ab:cds-YP_009725295.1	GTT	V	GTA	V	2665
NC_045512.2	8261	A	T	36671	20022	41	1	1	37	2.72658e-05	36676	1	FALSE	ORF1ab:cds-YP_009724389.1	ACT	T	TCT	S	2666
NC_045512.2	8261	A	T	36671	20022	41	1	1	37	2.72658e-05	36676	1	FALSE	ORF1ab:cds-YP_009725295.1	ACT	T	TCT	S	2666
NC_045512.2	8261	A	G	36671	20022	41	4	2	39	0.000109063	36676	1	FALSE	ORF1ab:cds-YP_009724389.1	ACT	T	GCT	A	2666
NC_045512.2	8261	A	G	36671	20022	41	4	2	39	0.000109063	36676	1	FALSE	ORF1ab:cds-YP_009725295.1	ACT	T	GCT	A	2666
NC_045512.2	8262	C	T	37166	20738	41	8	1	50	0.000215198	37175	0.00390478	TRUE	ORF1ab:cds-YP_009724389.1	ACT	T	ATT	I	2666
NC_045512.2	8262	C	T	37166	20738	41	8	1	50	0.000215198	37175	0.00390478	TRUE	ORF1ab:cds-YP_009725295.1	ACT	T	ATT	I	2666
NC_045512.2	8262	C	A	37166	20738	41	1	1	37	2.68998e-05	37175	1	FALSE	ORF1ab:cds-YP_009724389.1	ACT	T	AAT	N	2666
NC_045512.2	8262	C	A	37166	20738	41	1	1	37	2.68998e-05	37175	1	FALSE	ORF1ab:cds-YP_009725295.1	ACT	T	AAT	N	2666
NC_045512.2	8263	T	G	37015	20567	41	1	1	37	2.7011e-05	37022	1	FALSE	ORF1ab:cds-YP_009724389.1	ACT	T	ACG	T	2666
NC_045512.2	8263	T	G	37015	20567	41	1	1	37	2.7011e-05	37022	1	FALSE	ORF1ab:cds-YP_009725295.1	ACT	T	ACG	T	2666
NC_045512.2	8263	T	C	37015	20567	41	4	3	46	0.000108044	37022	0.49997	FALSE	ORF1ab:cds-YP_009724389.1	ACT	T	ACC	T	2666
NC_045512.2	8263	T	C	37015	20567	41	4	3	46	0.000108044	37022	0.49997	FALSE	ORF1ab:cds-YP_009725295.1	ACT	T	ACC	T	2666
NC_045512.2	8263	T	A	37015	20567	41	2	1	37	5.40219e-05	37022	1	FALSE	ORF1ab:cds-YP_009724389.1	ACT	T	ACA	T	2666
NC_045512.2	8263	T	A	37015	20567	41	2	1	37	5.40219e-05	37022	1	FALSE	ORF1ab:cds-YP_009725295.1	ACT	T	ACA	T	2666
NC_045512.2	8264	G	A	37821	21100	41	1	1	37	2.64396e-05	37822	1	FALSE	ORF1ab:cds-YP_009724389.1	GGC	G	AGC	S	2667
NC_045512.2	8264	G	A	37821	21100	41	1	1	37	2.64396e-05	37822	1	FALSE	ORF1ab:cds-YP_009725295.1	GGC	G	AGC	S	2667
NC_045512.2	8265	G	T	37513	21201	41	1	1	37	2.66553e-05	37516	1	FALSE	ORF1ab:cds-YP_009724389.1	GGC	G	GTC	V	2667
NC_045512.2	8265	G	T	37513	21201	41	1	1	37	2.66553e-05	37516	1	FALSE	ORF1ab:cds-YP_009725295.1	GGC	G	GTC	V	2667
NC_045512.2	8265	G	C	37513	21201	41	1	0	37	2.66553e-05	37516	1	FALSE	ORF1ab:cds-YP_009724389.1	GGC	G	GCC	A	2667
NC_045512.2	8265	G	C	37513	21201	41	1	0	37	2.66553e-05	37516	1	FALSE	ORF1ab:cds-YP_009725295.1	GGC	G	GCC	A	2667
NC_045512.2	8265	G	A	37513	21201	41	1	1	37	2.66553e-05	37516	1	FALSE	ORF1ab:cds-YP_009724389.1	GGC	G	GAC	D	2667
NC_045512.2	8265	G	A	37513	21201	41	1	1	37	2.66553e-05	37516	1	FALSE	ORF1ab:cds-YP_009725295.1	GGC	G	GAC	D	2667
NC_045512.2	8266	C	T	38642	22373	41	22	10	43	0.000568961	38667	7.80466e-05	TRUE	ORF1ab:cds-YP_009724389.1	GGC	G	GGT	G	2667
NC_045512.2	8266	C	T	38642	22373	41	22	10	43	0.000568961	38667	7.80466e-05	TRUE	ORF1ab:cds-YP_009725295.1	GGC	G	GGT	G	2667
NC_045512.2	8266	C	A	38642	22373	41	3	2	49	7.75855e-05	38667	0.656001	FALSE	ORF1ab:cds-YP_009724389.1	GGC	G	GGA	G	2667
NC_045512.2	8266	C	A	38642	22373	41	3	2	49	7.75855e-05	38667	0.656001	FALSE	ORF1ab:cds-YP_009725295.1	GGC	G	GGA	G	2667
NC_045512.2	8267	G	A	38914	22662	42	12	5	40	0.000308277	38926	0.0175717	FALSE	ORF1ab:cds-YP_009724389.1	GAT	D	AAT	N	2668
NC_045512.2	8267	G	A	38914	22662	42	12	5	40	0.000308277	38926	0.0175717	FALSE	ORF1ab:cds-YP_009725295.1	GAT	D	AAT	N	2668
NC_045512.2	8268	A	T	39009	22675	42	2	2	37	5.12636e-05	39014	1	FALSE	ORF1ab:cds-YP_009724389.1	GAT	D	GTT	V	2668
NC_045512.2	8268	A	T	39009	22675	42	2	2	37	5.12636e-05	39014	1	FALSE	ORF1ab:cds-YP_009725295.1	GAT	D	GTT	V	2668
NC_045512.2	8268	A	G	39009	22675	42	3	2	33	7.68955e-05	39014	1	FALSE	ORF1ab:cds-YP_009724389.1	GAT	D	GGT	G	2668
NC_045512.2	8268	A	G	39009	22675	42	3	2	33	7.68955e-05	39014	1	FALSE	ORF1ab:cds-YP_009725295.1	GAT	D	GGT	G	2668
NC_045512.2	8269	T	C	39105	22800	42	3	2	37	7.67067e-05	39110	1	FALSE	ORF1ab:cds-YP_009724389.1	GAT	D	GAC	D	2668
NC_045512.2	8269	T	C	39105	22800	42	3	2	37	7.67067e-05	39110	1	FALSE	ORF1ab:cds-YP_009725295.1	GAT	D	GAC	D	2668
NC_045512.2	8269	T	A	39105	22800	42	2	2	33	5.11378e-05	39110	1	FALSE	ORF1ab:cds-YP_009724389.1	GAT	D	GAA	E	2668
NC_045512.2	8269	T	A	39105	22800	42	2	2	33	5.11378e-05	39110	1	FALSE	ORF1ab:cds-YP_009725295.1	GAT	D	GAA	E	2668
NC_045512.2	8270	A	T	39088	22780	42	1	1	37	2.55761e-05	39099	1	FALSE	ORF1ab:cds-YP_009724389.1	AGT	S	TGT	C	2669
NC_045512.2	8270	A	T	39088	22780	42	1	1	37	2.55761e-05	39099	1	FALSE	ORF1ab:cds-YP_009725295.1	AGT	S	TGT	C	2669
NC_045512.2	8270	A	G	39088	22780	42	10	7	36	0.000255761	39099	0.999995	FALSE	ORF1ab:cds-YP_009724389.1	AGT	S	GGT	G	2669
NC_045512.2	8270	A	G	39088	22780	42	10	7	36	0.000255761	39099	0.999995	FALSE	ORF1ab:cds-YP_009725295.1	AGT	S	GGT	G	2669
NC_045512.2	8271	G	T	39115	22809	42	3	2	37	7.66793e-05	39124	1	FALSE	ORF1ab:cds-YP_009724389.1	AGT	S	ATT	I	2669
NC_045512.2	8271	G	T	39115	22809	42	3	2	37	7.66793e-05	39124	1	FALSE	ORF1ab:cds-YP_009725295.1	AGT	S	ATT	I	2669
NC_045512.2	8271	G	A	39115	22809	42	6	5	43	0.000153359	39124	0.253869	FALSE	ORF1ab:cds-YP_009724389.1	AGT	S	AAT	N	2669
NC_045512.2	8271	G	A	39115	22809	42	6	5	43	0.000153359	39124	0.253869	FALSE	ORF1ab:cds-YP_009725295.1	AGT	S	AAT	N	2669
NC_045512.2	8272	T	G	39205	22861	42	1	0	37	2.55024e-05	39212	1	FALSE	ORF1ab:cds-YP_009724389.1	AGT	S	AGG	R	2669
NC_045512.2	8272	T	G	39205	22861	42	1	0	37	2.55024e-05	39212	1	FALSE	ORF1ab:cds-YP_009725295.1	AGT	S	AGG	R	2669
NC_045512.2	8272	T	C	39205	22861	42	4	3	37	0.00010201	39212	1	FALSE	ORF1ab:cds-YP_009724389.1	AGT	S	AGC	S	2669
NC_045512.2	8272	T	C	39205	22861	42	4	3	37	0.00010201	39212	1	FALSE	ORF1ab:cds-YP_009725295.1	AGT	S	AGC	S	2669
NC_045512.2	8272	T	A	39205	22861	42	2	1	25	5.10048e-05	39212	1	FALSE	ORF1ab:cds-YP_009724389.1	AGT	S	AGA	R	2669
NC_045512.2	8272	T	A	39205	22861	42	2	1	25	5.10048e-05	39212	1	FALSE	ORF1ab:cds-YP_009725295.1	AGT	S	AGA	R	2669
NC_045512.2	8273	T	G	38980	22465	42	1	0	74	2.56489e-05	38988	0.499962	FALSE	ORF1ab:cds-YP_009724389.1	TGT	C	GGT	G	2670
NC_045512.2	8273	T	G	38980	22465	42	1	0	74	2.56489e-05	38988	0.499962	FALSE	ORF1ab:cds-YP_009725295.1	TGT	C	GGT	G	2670
NC_045512.2	8273	T	C	38980	22465	42	6	4	43	0.000153894	38988	0.253881	FALSE	ORF1ab:cds-YP_009724389.1	TGT	C	CGT	R	2670
NC_045512.2	8273	T	C	38980	22465	42	6	4	43	0.000153894	38988	0.253881	FALSE	ORF1ab:cds-YP_009725295.1	TGT	C	CGT	R	2670
NC_045512.2	8273	T	A	38980	22465	42	1	0	74	2.56489e-05	38988	0.499962	FALSE	ORF1ab:cds-YP_009724389.1	TGT	C	AGT	S	2670
NC_045512.2	8273	T	A	38980	22465	42	1	0	74	2.56489e-05	38988	0.499962	FALSE	ORF1ab:cds-YP_009725295.1	TGT	C	AGT	S	2670
NC_045512.2	8274	G	T	39117	22479	42	1	0	25	2.55565e-05	39129	1	FALSE	ORF1ab:cds-YP_009724389.1	TGT	C	TTT	F	2670
NC_045512.2	8274	G	T	39117	22479	42	1	0	25	2.55565e-05	39129	1	FALSE	ORF1ab:cds-YP_009725295.1	TGT	C	TTT	F	2670
NC_045512.2	8274	G	C	39117	22479	42	1	0	37	2.55565e-05	39129	1	FALSE	ORF1ab:cds-YP_009724389.1	TGT	C	TCT	S	2670
NC_045512.2	8274	G	C	39117	22479	42	1	0	37	2.55565e-05	39129	1	FALSE	ORF1ab:cds-YP_009725295.1	TGT	C	TCT	S	2670
NC_045512.2	8274	G	A	39117	22479	42	10	4	37	0.000255565	39129	0.999995	FALSE	ORF1ab:cds-YP_009724389.1	TGT	C	TAT	Y	2670
NC_045512.2	8274	G	A	39117	22479	42	10	4	37	0.000255565	39129	0.999995	FALSE	ORF1ab:cds-YP_009725295.1	TGT	C	TAT	Y	2670
NC_045512.2	8275	T	C	38942	22304	42	3	2	37	7.70317e-05	38945	1	FALSE	ORF1ab:cds-YP_009724389.1	TGT	C	TGC	C	2670
NC_045512.2	8275	T	C	38942	22304	42	3	2	37	7.70317e-05	38945	1	FALSE	ORF1ab:cds-YP_009725295.1	TGT	C	TGC	C	2670
NC_045512.2	8275	T	-A	38942	22304	42	1	0	20	2.56772e-05	38945	1	FALSE	NA	NA	NA	NA	NA	NA
NC_045512.2	8276	A	G	38975	22282	42	4	3	37	0.000102619	38979	1	FALSE	ORF1ab:cds-YP_009724389.1	AAT	N	GAT	D	2671
NC_045512.2	8276	A	G	38975	22282	42	4	3	37	0.000102619	38979	1	FALSE	ORF1ab:cds-YP_009725295.1	AAT	N	GAT	D	2671
NC_045512.2	8277	A	G	38903	22272	42	3	1	61	7.71069e-05	38907	0.124995	FALSE	ORF1ab:cds-YP_009724389.1	AAT	N	AGT	S	2671
NC_045512.2	8277	A	G	38903	22272	42	3	1	61	7.71069e-05	38907	0.124995	FALSE	ORF1ab:cds-YP_009725295.1	AAT	N	AGT	S	2671
NC_045512.2	8277	A	C	38903	22272	42	1	1	25	2.57023e-05	38907	1	FALSE	ORF1ab:cds-YP_009724389.1	AAT	N	ACT	T	2671
NC_045512.2	8277	A	C	38903	22272	42	1	1	25	2.57023e-05	38907	1	FALSE	ORF1ab:cds-YP_009725295.1	AAT	N	ACT	T	2671
NC_045512.2	8278	T	C	38056	22649	41	5	3	44	0.000131361	38063	0.36326	FALSE	ORF1ab:cds-YP_009724389.1	AAT	N	AAC	N	2671
NC_045512.2	8278	T	C	38056	22649	41	5	3	44	0.000131361	38063	0.36326	FALSE	ORF1ab:cds-YP_009725295.1	AAT	N	AAC	N	2671
NC_045512.2	8278	T	A	38056	22649	41	2	1	31	5.25445e-05	38063	1	FALSE	ORF1ab:cds-YP_009724389.1	AAT	N	AAA	K	2671
NC_045512.2	8278	T	A	38056	22649	41	2	1	31	5.25445e-05	38063	1	FALSE	ORF1ab:cds-YP_009725295.1	AAT	N	AAA	K	2671
NC_045512.2	8278	T	-A	38056	22649	41	1	0	20	2.62722e-05	38063	1	FALSE	NA	NA	NA	NA	NA	NA
NC_045512.2	8279	A	T	38361	22853	41	1	1	37	2.6062e-05	38370	1	FALSE	ORF1ab:cds-YP_009724389.1	AAC	N	TAC	Y	2672
NC_045512.2	8279	A	T	38361	22853	41	1	1	37	2.6062e-05	38370	1	FALSE	ORF1ab:cds-YP_009725295.1	AAC	N	TAC	Y	2672
NC_045512.2	8279	A	G	38361	22853	41	8	8	35	0.000208496	38370	0.999999	FALSE	ORF1ab:cds-YP_009724389.1	AAC	N	GAC	D	2672
NC_045512.2	8279	A	G	38361	22853	41	8	8	35	0.000208496	38370	0.999999	FALSE	ORF1ab:cds-YP_009725295.1	AAC	N	GAC	D	2672
NC_045512.2	8280	A	T	40211	22745	41	1	0	25	2.48626e-05	40221	1	FALSE	ORF1ab:cds-YP_009724389.1	AAC	N	ATC	I	2672
NC_045512.2	8280	A	T	40211	22745	41	1	0	25	2.48626e-05	40221	1	FALSE	ORF1ab:cds-YP_009725295.1	AAC	N	ATC	I	2672
NC_045512.2	8280	A	G	40211	22745	41	9	9	42	0.000223764	40221	0.133403	FALSE	ORF1ab:cds-YP_009724389.1	AAC	N	AGC	S	2672
NC_045512.2	8280	A	G	40211	22745	41	9	9	42	0.000223764	40221	0.133403	FALSE	ORF1ab:cds-YP_009725295.1	AAC	N	AGC	S	2672
NC_045512.2	8281	C	T	41208	22817	40	1	0	37	2.42654e-05	41211	1	FALSE	ORF1ab:cds-YP_009724389.1	AAC	N	AAT	N	2672
NC_045512.2	8281	C	T	41208	22817	40	1	0	37	2.42654e-05	41211	1	FALSE	ORF1ab:cds-YP_009725295.1	AAC	N	AAT	N	2672
NC_045512.2	8281	C	G	41208	22817	40	1	1	37	2.42654e-05	41211	1	FALSE	ORF1ab:cds-YP_009724389.1	AAC	N	AAG	K	2672
NC_045512.2	8281	C	G	41208	22817	40	1	1	37	2.42654e-05	41211	1	FALSE	ORF1ab:cds-YP_009725295.1	AAC	N	AAG	K	2672
NC_045512.2	8281	C	A	41208	22817	40	1	0	25	2.42654e-05	41211	1	FALSE	ORF1ab:cds-YP_009724389.1	AAC	N	AAA	K	2672
NC_045512.2	8281	C	A	41208	22817	40	1	0	25	2.42654e-05	41211	1	FALSE	ORF1ab:cds-YP_009725295.1	AAC	N	AAA	K	2672
NC_045512.2	8282	T	G	41323	22826	41	1	1	29	2.41949e-05	41331	1	FALSE	ORF1ab:cds-YP_009724389.1	TAT	Y	GAT	D	2673
NC_045512.2	8282	T	G	41323	22826	41	1	1	29	2.41949e-05	41331	1	FALSE	ORF1ab:cds-YP_009725295.1	TAT	Y	GAT	D	2673
NC_045512.2	8282	T	C	41323	22826	41	5	1	37	0.000120975	41331	1	FALSE	ORF1ab:cds-YP_009724389.1	TAT	Y	CAT	H	2673
NC_045512.2	8282	T	C	41323	22826	41	5	1	37	0.000120975	41331	1	FALSE	ORF1ab:cds-YP_009725295.1	TAT	Y	CAT	H	2673
NC_045512.2	8282	T	A	41323	22826	41	2	1	37	4.83898e-05	41331	1	FALSE	ORF1ab:cds-YP_009724389.1	TAT	Y	AAT	N	2673
NC_045512.2	8282	T	A	41323	22826	41	2	1	37	4.83898e-05	41331	1	FALSE	ORF1ab:cds-YP_009725295.1	TAT	Y	AAT	N	2673
NC_045512.2	8283	A	T	41174	22706	41	1	0	48	2.42854e-05	41177	0.968752	FALSE	ORF1ab:cds-YP_009724389.1	TAT	Y	TTT	F	2673
NC_045512.2	8283	A	T	41174	22706	41	1	0	48	2.42854e-05	41177	0.968752	FALSE	ORF1ab:cds-YP_009725295.1	TAT	Y	TTT	F	2673
NC_045512.2	8283	A	G	41174	22706	41	2	1	37	4.85708e-05	41177	1	FALSE	ORF1ab:cds-YP_009724389.1	TAT	Y	TGT	C	2673
NC_045512.2	8283	A	G	41174	22706	41	2	1	37	4.85708e-05	41177	1	FALSE	ORF1ab:cds-YP_009725295.1	TAT	Y	TGT	C	2673
NC_045512.2	8284	T	G	40694	23042	40	4	3	34	9.8268e-05	40705	1	FALSE	ORF1ab:cds-YP_009724389.1	TAT	Y	TAG	*	2673
NC_045512.2	8284	T	G	40694	23042	40	4	3	34	9.8268e-05	40705	1	FALSE	ORF1ab:cds-YP_009725295.1	TAT	Y	TAG	*	2673
NC_045512.2	8284	T	C	40694	23042	40	6	3	35	0.000147402	40705	1	FALSE	ORF1ab:cds-YP_009724389.1	TAT	Y	TAC	Y	2673
NC_045512.2	8284	T	C	40694	23042	40	6	3	35	0.000147402	40705	1	FALSE	ORF1ab:cds-YP_009725295.1	TAT	Y	TAC	Y	2673
NC_045512.2	8284	T	A	40694	23042	40	1	1	37	2.4567e-05	40705	1	FALSE	ORF1ab:cds-YP_009724389.1	TAT	Y	TAA	*	2673
NC_045512.2	8284	T	A	40694	23042	40	1	1	37	2.4567e-05	40705	1	FALSE	ORF1ab:cds-YP_009725295.1	TAT	Y	TAA	*	2673
NC_045512.2	8285	A	T	40357	23515	39	3	2	49	7.43163e-05	40368	0.773377	FALSE	ORF1ab:cds-YP_009724389.1	ATG	M	TTG	L	2674
NC_045512.2	8285	A	T	40357	23515	39	3	2	49	7.43163e-05	40368	0.773377	FALSE	ORF1ab:cds-YP_009725295.1	ATG	M	TTG	L	2674
NC_045512.2	8285	A	G	40357	23515	39	8	5	40	0.000198177	40368	0.193806	FALSE	ORF1ab:cds-YP_009724389.1	ATG	M	GTG	V	2674
NC_045512.2	8285	A	G	40357	23515	39	8	5	40	0.000198177	40368	0.193806	FALSE	ORF1ab:cds-YP_009725295.1	ATG	M	GTG	V	2674
NC_045512.2	8286	T	C	40398	23555	39	2	2	37	4.95037e-05	40401	1	FALSE	ORF1ab:cds-YP_009724389.1	ATG	M	ACG	T	2674
NC_045512.2	8286	T	C	40398	23555	39	2	2	37	4.95037e-05	40401	1	FALSE	ORF1ab:cds-YP_009725295.1	ATG	M	ACG	T	2674
NC_045512.2	8286	T	A	40398	23555	39	1	1	37	2.47519e-05	40401	1	FALSE	ORF1ab:cds-YP_009724389.1	ATG	M	AAG	K	2674
NC_045512.2	8286	T	A	40398	23555	39	1	1	37	2.47519e-05	40401	1	FALSE	ORF1ab:cds-YP_009725295.1	ATG	M	AAG	K	2674
NC_045512.2	8286	T	-G	40398	23555	39	1	0	20	2.47519e-05	40401	1	FALSE	NA	NA	NA	NA	NA	NA
NC_045512.2	8287	G	T	40166	23430	39	3	2	33	7.46677e-05	40178	1	FALSE	ORF1ab:cds-YP_009724389.1	ATG	M	ATT	I	2674
NC_045512.2	8287	G	T	40166	23430	39	3	2	33	7.46677e-05	40178	1	FALSE	ORF1ab:cds-YP_009725295.1	ATG	M	ATT	I	2674
NC_045512.2	8287	G	A	40166	23430	39	9	4	41	0.000224003	40178	0.133374	FALSE	ORF1ab:cds-YP_009724389.1	ATG	M	ATA	I	2674
NC_045512.2	8287	G	A	40166	23430	39	9	4	41	0.000224003	40178	0.133374	FALSE	ORF1ab:cds-YP_009725295.1	ATG	M	ATA	I	2674
NC_045512.2	8288	C	T	40001	23214	39	19	11	37	0.000474739	40022	0.998109	FALSE	ORF1ab:cds-YP_009724389.1	CTC	L	TTC	F	2675
NC_045512.2	8288	C	T	40001	23214	39	19	11	37	0.000474739	40022	0.998109	FALSE	ORF1ab:cds-YP_009725295.1	CTC	L	TTC	F	2675
NC_045512.2	8288	C	A	40001	23214	39	2	2	37	4.99725e-05	40022	1	FALSE	ORF1ab:cds-YP_009724389.1	CTC	L	ATC	I	2675
NC_045512.2	8288	C	A	40001	23214	39	2	2	37	4.99725e-05	40022	1	FALSE	ORF1ab:cds-YP_009725295.1	CTC	L	ATC	I	2675
NC_045512.2	8289	T	G	38546	21904	40	2	2	37	5.1878e-05	38552	1	FALSE	ORF1ab:cds-YP_009724389.1	CTC	L	CGC	R	2675
NC_045512.2	8289	T	G	38546	21904	40	2	2	37	5.1878e-05	38552	1	FALSE	ORF1ab:cds-YP_009725295.1	CTC	L	CGC	R	2675
NC_045512.2	8289	T	C	38546	21904	40	4	1	37	0.000103756	38552	1	FALSE	ORF1ab:cds-YP_009724389.1	CTC	L	CCC	P	2675
NC_045512.2	8289	T	C	38546	21904	40	4	1	37	0.000103756	38552	1	FALSE	ORF1ab:cds-YP_009725295.1	CTC	L	CCC	P	2675
NC_045512.2	8290	C	T	37873	21256	40	3	1	37	7.92037e-05	37877	1	FALSE	ORF1ab:cds-YP_009724389.1	CTC	L	CTT	L	2675
NC_045512.2	8290	C	T	37873	21256	40	3	1	37	7.92037e-05	37877	1	FALSE	ORF1ab:cds-YP_009725295.1	CTC	L	CTT	L	2675
NC_045512.2	8290	C	A	37873	21256	40	1	0	37	2.64012e-05	37877	1	FALSE	ORF1ab:cds-YP_009724389.1	CTC	L	CTA	L	2675
NC_045512.2	8290	C	A	37873	21256	40	1	0	37	2.64012e-05	37877	1	FALSE	ORF1ab:cds-YP_009725295.1	CTC	L	CTA	L	2675
NC_045512.2	8291	A	T	37988	21333	40	4	2	37	0.000105249	38005	1	FALSE	ORF1ab:cds-YP_009724389.1	ACC	T	TCC	S	2676
NC_045512.2	8291	A	T	37988	21333	40	4	2	37	0.000105249	38005	1	FALSE	ORF1ab:cds-YP_009725295.1	ACC	T	TCC	S	2676
NC_045512.2	8291	A	G	37988	21333	40	12	7	40	0.000315748	38005	0.0175606	FALSE	ORF1ab:cds-YP_009724389.1	ACC	T	GCC	A	2676
NC_045512.2	8291	A	G	37988	21333	40	12	7	40	0.000315748	38005	0.0175606	FALSE	ORF1ab:cds-YP_009725295.1	ACC	T	GCC	A	2676
NC_045512.2	8291	A	C	37988	21333	40	1	0	37	2.63123e-05	38005	1	FALSE	ORF1ab:cds-YP_009724389.1	ACC	T	CCC	P	2676
NC_045512.2	8291	A	C	37988	21333	40	1	0	37	2.63123e-05	38005	1	FALSE	ORF1ab:cds-YP_009725295.1	ACC	T	CCC	P	2676
NC_045512.2	8292	C	T	39861	21277	40	10	0	37	0.00025079	39874	0.999995	FALSE	ORF1ab:cds-YP_009724389.1	ACC	T	ATC	I	2676
NC_045512.2	8292	C	T	39861	21277	40	10	0	37	0.00025079	39874	0.999995	FALSE	ORF1ab:cds-YP_009725295.1	ACC	T	ATC	I	2676
NC_045512.2	8292	C	G	39861	21277	40	1	1	37	2.5079e-05	39874	1	FALSE	ORF1ab:cds-YP_009724389.1	ACC	T	AGC	S	2676
NC_045512.2	8292	C	G	39861	21277	40	1	1	37	2.5079e-05	39874	1	FALSE	ORF1ab:cds-YP_009725295.1	ACC	T	AGC	S	2676
NC_045512.2	8292	C	A	39861	21277	40	2	1	37	5.0158e-05	39874	1	FALSE	ORF1ab:cds-YP_009724389.1	ACC	T	AAC	N	2676
NC_045512.2	8292	C	A	39861	21277	40	2	1	37	5.0158e-05	39874	1	FALSE	ORF1ab:cds-YP_009725295.1	ACC	T	AAC	N	2676
NC_045512.2	8293	C	T	39765	21277	40	1	0	74	2.51433e-05	39772	0.499969	FALSE	ORF1ab:cds-YP_009724389.1	ACC	T	ACT	T	2676
NC_045512.2	8293	C	T	39765	21277	40	1	0	74	2.51433e-05	39772	0.499969	FALSE	ORF1ab:cds-YP_009725295.1	ACC	T	ACT	T	2676
NC_045512.2	8293	C	A	39765	21277	40	6	5	37	0.00015086	39772	1	FALSE	ORF1ab:cds-YP_009724389.1	ACC	T	ACA	T	2676
NC_045512.2	8293	C	A	39765	21277	40	6	5	37	0.00015086	39772	1	FALSE	ORF1ab:cds-YP_009725295.1	ACC	T	ACA	T	2676
NC_045512.2	8294	T	G	39238	21178	40	2	1	37	5.09567e-05	39249	1	FALSE	ORF1ab:cds-YP_009724389.1	TAT	Y	GAT	D	2677
NC_045512.2	8294	T	G	39238	21178	40	2	1	37	5.09567e-05	39249	1	FALSE	ORF1ab:cds-YP_009725295.1	TAT	Y	GAT	D	2677
NC_045512.2	8294	T	C	39238	21178	40	8	6	41	0.000203827	39249	0.113248	FALSE	ORF1ab:cds-YP_009724389.1	TAT	Y	CAT	H	2677
NC_045512.2	8294	T	C	39238	21178	40	8	6	41	0.000203827	39249	0.113248	FALSE	ORF1ab:cds-YP_009725295.1	TAT	Y	CAT	H	2677
NC_045512.2	8294	T	A	39238	21178	40	1	0	74	2.54784e-05	39249	0.499943	FALSE	ORF1ab:cds-YP_009724389.1	TAT	Y	AAT	N	2677
NC_045512.2	8294	T	A	39238	21178	40	1	0	74	2.54784e-05	39249	0.499943	FALSE	ORF1ab:cds-YP_009725295.1	TAT	Y	AAT	N	2677
NC_045512.2	8295	A	G	38941	20762	40	5	3	29	0.000128383	38946	1	FALSE	ORF1ab:cds-YP_009724389.1	TAT	Y	TGT	C	2677
NC_045512.2	8295	A	G	38941	20762	40	5	3	29	0.000128383	38946	1	FALSE	ORF1ab:cds-YP_009725295.1	TAT	Y	TGT	C	2677
NC_045512.2	8296	T	C	39795	21783	40	5	3	37	0.000125628	39800	1	FALSE	ORF1ab:cds-YP_009724389.1	TAT	Y	TAC	Y	2677
NC_045512.2	8296	T	C	39795	21783	40	5	3	37	0.000125628	39800	1	FALSE	ORF1ab:cds-YP_009725295.1	TAT	Y	TAC	Y	2677
NC_045512.2	8296	T	-AACAAAGTTGAA	39795	21783	40	1	0	20	2.51256e-05	39800	1	FALSE	NA	NA	NA	NA	NA	NA
NC_045512.2	8296	T	-A	39795	21783	40	2	0	20	5.02513e-05	39800	1	FALSE	NA	NA	NA	NA	NA	NA
NC_045512.2	8297	A	G	39541	21594	40	4	1	52	0.000101143	39548	0.0624795	FALSE	ORF1ab:cds-YP_009724389.1	AAC	N	GAC	D	2678
NC_045512.2	8297	A	G	39541	21594	40	4	1	52	0.000101143	39548	0.0624795	FALSE	ORF1ab:cds-YP_009725295.1	AAC	N	GAC	D	2678
NC_045512.2	8297	A	C	39541	21594	40	3	3	29	7.58572e-05	39548	1	FALSE	ORF1ab:cds-YP_009724389.1	AAC	N	CAC	H	2678
NC_045512.2	8297	A	C	39541	21594	40	3	3	29	7.58572e-05	39548	1	FALSE	ORF1ab:cds-YP_009725295.1	AAC	N	CAC	H	2678
NC_045512.2	8298	A	T	38831	20862	40	1	0	37	2.57493e-05	38836	1	FALSE	ORF1ab:cds-YP_009724389.1	AAC	N	ATC	I	2678
NC_045512.2	8298	A	T	38831	20862	40	1	0	37	2.57493e-05	38836	1	FALSE	ORF1ab:cds-YP_009725295.1	AAC	N	ATC	I	2678
NC_045512.2	8298	A	G	38831	20862	40	3	1	33	7.72479e-05	38836	1	FALSE	ORF1ab:cds-YP_009724389.1	AAC	N	AGC	S	2678
NC_045512.2	8298	A	G	38831	20862	40	3	1	33	7.72479e-05	38836	1	FALSE	ORF1ab:cds-YP_009725295.1	AAC	N	AGC	S	2678
NC_045512.2	8298	A	C	38831	20862	40	1	1	25	2.57493e-05	38836	1	FALSE	ORF1ab:cds-YP_009724389.1	AAC	N	ACC	T	2678
NC_045512.2	8298	A	C	38831	20862	40	1	1	25	2.57493e-05	38836	1	FALSE	ORF1ab:cds-YP_009725295.1	AAC	N	ACC	T	2678
NC_045512.2	8299	C	T	39855	22348	40	3	2	37	7.52672e-05	39858	1	FALSE	ORF1ab:cds-YP_009724389.1	AAC	N	AAT	N	2678
NC_045512.2	8299	C	T	39855	22348	40	3	2	37	7.52672e-05	39858	1	FALSE	ORF1ab:cds-YP_009725295.1	AAC	N	AAT	N	2678
NC_045512.2	8300	A	G	38676	21073	40	1	0	37	2.58538e-05	38679	1	FALSE	ORF1ab:cds-YP_009724389.1	AAA	K	GAA	E	2679
NC_045512.2	8300	A	G	38676	21073	40	1	0	37	2.58538e-05	38679	1	FALSE	ORF1ab:cds-YP_009725295.1	AAA	K	GAA	E	2679
NC_045512.2	8300	A	C	38676	21073	40	2	0	37	5.17076e-05	38679	1	FALSE	ORF1ab:cds-YP_009724389.1	AAA	K	CAA	Q	2679
NC_045512.2	8300	A	C	38676	21073	40	2	0	37	5.17076e-05	38679	1	FALSE	ORF1ab:cds-YP_009725295.1	AAA	K	CAA	Q	2679
NC_045512.2	8301	A	T	38059	20793	41	2	1	74	5.25403e-05	38066	0.249964	FALSE	ORF1ab:cds-YP_009724389.1	AAA	K	ATA	I	2679
NC_045512.2	8301	A	T	38059	20793	41	2	1	74	5.25403e-05	38066	0.249964	FALSE	ORF1ab:cds-YP_009725295.1	AAA	K	ATA	I	2679
NC_045512.2	8301	A	G	38059	20793	41	4	1	49	0.000105081	38066	0.499957	FALSE	ORF1ab:cds-YP_009724389.1	AAA	K	AGA	R	2679
NC_045512.2	8301	A	G	38059	20793	41	4	1	49	0.000105081	38066	0.499957	FALSE	ORF1ab:cds-YP_009725295.1	AAA	K	AGA	R	2679
NC_045512.2	8301	A	C	38059	20793	41	1	0	37	2.62702e-05	38066	1	FALSE	ORF1ab:cds-YP_009724389.1	AAA	K	ACA	T	2679
NC_045512.2	8301	A	C	38059	20793	41	1	0	37	2.62702e-05	38066	1	FALSE	ORF1ab:cds-YP_009725295.1	AAA	K	ACA	T	2679
NC_045512.2	8302	A	T	37677	20591	40	1	1	37	2.65259e-05	37699	1	FALSE	ORF1ab:cds-YP_009724389.1	AAA	K	AAT	N	2679
NC_045512.2	8302	A	T	37677	20591	40	1	1	37	2.65259e-05	37699	1	FALSE	ORF1ab:cds-YP_009725295.1	AAA	K	AAT	N	2679
NC_045512.2	8302	A	G	37677	20591	40	21	20	35	0.000557044	37699	0.987651	FALSE	ORF1ab:cds-YP_009724389.1	AAA	K	AAG	K	2679
NC_045512.2	8302	A	G	37677	20591	40	21	20	35	0.000557044	37699	0.987651	FALSE	ORF1ab:cds-YP_009725295.1	AAA	K	AAG	K	2679
NC_045512.2	8303	G	A	38839	20901	40	4	2	46	0.000102979	38843	0.5	FALSE	ORF1ab:cds-YP_009724389.1	GTT	V	ATT	I	2680
NC_045512.2	8303	G	A	38839	20901	40	4	2	46	0.000102979	38843	0.5	FALSE	ORF1ab:cds-YP_009725295.1	GTT	V	ATT	I	2680
NC_045512.2	8304	T	C	38851	20893	40	4	3	37	0.000102942	38857	1	FALSE	ORF1ab:cds-YP_009724389.1	GTT	V	GCT	A	2680
NC_045512.2	8304	T	C	38851	20893	40	4	3	37	0.000102942	38857	1	FALSE	ORF1ab:cds-YP_009725295.1	GTT	V	GCT	A	2680
NC_045512.2	8304	T	A	38851	20893	40	2	1	24	5.14708e-05	38857	1	FALSE	ORF1ab:cds-YP_009724389.1	GTT	V	GAT	D	2680
NC_045512.2	8304	T	A	38851	20893	40	2	1	24	5.14708e-05	38857	1	FALSE	ORF1ab:cds-YP_009725295.1	GTT	V	GAT	D	2680
NC_045512.2	8305	T	C	38975	20935	41	2	0	37	5.1311e-05	38978	1	FALSE	ORF1ab:cds-YP_009724389.1	GTT	V	GTC	V	2680
NC_045512.2	8305	T	C	38975	20935	41	2	0	37	5.1311e-05	38978	1	FALSE	ORF1ab:cds-YP_009725295.1	GTT	V	GTC	V	2680
NC_045512.2	8305	T	A	38975	20935	41	1	0	25	2.56555e-05	38978	1	FALSE	ORF1ab:cds-YP_009724389.1	GTT	V	GTA	V	2680
NC_045512.2	8305	T	A	38975	20935	41	1	0	25	2.56555e-05	38978	1	FALSE	ORF1ab:cds-YP_009725295.1	GTT	V	GTA	V	2680
NC_045512.2	8306	G	T	39704	22115	41	2	2	31	5.03677e-05	39708	1	FALSE	ORF1ab:cds-YP_009724389.1	GAA	E	TAA	*	2681
NC_045512.2	8306	G	T	39704	22115	41	2	2	31	5.03677e-05	39708	1	FALSE	ORF1ab:cds-YP_009725295.1	GAA	E	TAA	*	2681
NC_045512.2	8306	G	A	39704	22115	41	2	2	37	5.03677e-05	39708	1	FALSE	ORF1ab:cds-YP_009724389.1	GAA	E	AAA	K	2681
NC_045512.2	8306	G	A	39704	22115	41	2	2	37	5.03677e-05	39708	1	FALSE	ORF1ab:cds-YP_009725295.1	GAA	E	AAA	K	2681
NC_045512.2	8306	G	-A	39704	22115	41	2	0	20	5.03664e-05	39709	1	FALSE	NA	NA	NA	NA	NA	NA
NC_045512.2	8307	A	T	39687	22397	41	2	2	25	5.03829e-05	39696	1	FALSE	ORF1ab:cds-YP_009724389.1	GAA	E	GTA	V	2681
NC_045512.2	8307	A	T	39687	22397	41	2	2	25	5.03829e-05	39696	1	FALSE	ORF1ab:cds-YP_009725295.1	GAA	E	GTA	V	2681
NC_045512.2	8307	A	G	39687	22397	41	6	3	35	0.000151149	39696	1	FALSE	ORF1ab:cds-YP_009724389.1	GAA	E	GGA	G	2681
NC_045512.2	8307	A	G	39687	22397	41	6	3	35	0.000151149	39696	1	FALSE	ORF1ab:cds-YP_009725295.1	GAA	E	GGA	G	2681
NC_045512.2	8307	A	C	39687	22397	41	1	0	37	2.51915e-05	39696	1	FALSE	ORF1ab:cds-YP_009724389.1	GAA	E	GCA	A	2681
NC_045512.2	8307	A	C	39687	22397	41	1	0	37	2.51915e-05	39696	1	FALSE	ORF1ab:cds-YP_009725295.1	GAA	E	GCA	A	2681
NC_045512.2	8308	A	T	39752	22313	41	2	2	74	5.03018e-05	39760	0.249959	FALSE	ORF1ab:cds-YP_009724389.1	GAA	E	GAT	D	2681
NC_045512.2	8308	A	T	39752	22313	41	2	2	74	5.03018e-05	39760	0.249959	FALSE	ORF1ab:cds-YP_009725295.1	GAA	E	GAT	D	2681
NC_045512.2	8308	A	G	39752	22313	41	5	4	39	0.000125755	39760	1	FALSE	ORF1ab:cds-YP_009724389.1	GAA	E	GAG	E	2681
NC_045512.2	8308	A	G	39752	22313	41	5	4	39	0.000125755	39760	1	FALSE	ORF1ab:cds-YP_009725295.1	GAA	E	GAG	E	2681
NC_045512.2	8308	A	C	39752	22313	41	1	0	74	2.51509e-05	39760	0.499956	FALSE	ORF1ab:cds-YP_009724389.1	GAA	E	GAC	D	2681
NC_045512.2	8308	A	C	39752	22313	41	1	0	74	2.51509e-05	39760	0.499956	FALSE	ORF1ab:cds-YP_009725295.1	GAA	E	GAC	D	2681
NC_045512.2	8309	A	G	38688	22746	40	3	3	33	7.75374e-05	38691	1	FALSE	ORF1ab:cds-YP_009724389.1	AAC	N	GAC	D	2682
NC_045512.2	8309	A	G	38688	22746	40	3	3	33	7.75374e-05	38691	1	FALSE	ORF1ab:cds-YP_009725295.1	AAC	N	GAC	D	2682
NC_045512.2	8310	A	T	39057	22710	40	2	1	25	5.11967e-05	39065	1	FALSE	ORF1ab:cds-YP_009724389.1	AAC	N	ATC	I	2682
NC_045512.2	8310	A	T	39057	22710	40	2	1	25	5.11967e-05	39065	1	FALSE	ORF1ab:cds-YP_009725295.1	AAC	N	ATC	I	2682
NC_045512.2	8310	A	G	39057	22710	40	6	5	37	0.00015359	39065	1	FALSE	ORF1ab:cds-YP_009724389.1	AAC	N	AGC	S	2682
NC_045512.2	8310	A	G	39057	22710	40	6	5	37	0.00015359	39065	1	FALSE	ORF1ab:cds-YP_009725295.1	AAC	N	AGC	S	2682
NC_045512.2	8310	A	-C	39057	22710	40	1	0	20	2.55984e-05	39065	1	FALSE	NA	NA	NA	NA	NA	NA
NC_045512.2	8311	C	T	40017	22973	40	3	3	37	7.49588e-05	40022	1	FALSE	ORF1ab:cds-YP_009724389.1	AAC	N	AAT	N	2682
NC_045512.2	8311	C	T	40017	22973	40	3	3	37	7.49588e-05	40022	1	FALSE	ORF1ab:cds-YP_009725295.1	AAC	N	AAT	N	2682
NC_045512.2	8311	C	G	40017	22973	40	1	1	37	2.49863e-05	40022	1	FALSE	ORF1ab:cds-YP_009724389.1	AAC	N	AAG	K	2682
NC_045512.2	8311	C	G	40017	22973	40	1	1	37	2.49863e-05	40022	1	FALSE	ORF1ab:cds-YP_009725295.1	AAC	N	AAG	K	2682
NC_045512.2	8311	C	A	40017	22973	40	1	0	37	2.49863e-05	40022	1	FALSE	ORF1ab:cds-YP_009724389.1	AAC	N	AAA	K	2682
NC_045512.2	8311	C	A	40017	22973	40	1	0	37	2.49863e-05	40022	1	FALSE	ORF1ab:cds-YP_009725295.1	AAC	N	AAA	K	2682
NC_045512.2	8312	A	T	38981	21896	40	2	0	31	5.12913e-05	38993	1	FALSE	ORF1ab:cds-YP_009724389.1	ATG	M	TTG	L	2683
NC_045512.2	8312	A	T	38981	21896	40	2	0	31	5.12913e-05	38993	1	FALSE	ORF1ab:cds-YP_009725295.1	ATG	M	TTG	L	2683
NC_045512.2	8312	A	G	38981	21896	40	4	1	55	0.000102583	38993	0.0624728	FALSE	ORF1ab:cds-YP_009724389.1	ATG	M	GTG	V	2683
NC_045512.2	8312	A	G	38981	21896	40	4	1	55	0.000102583	38993	0.0624728	FALSE	ORF1ab:cds-YP_009725295.1	ATG	M	GTG	V	2683
NC_045512.2	8312	A	C	38981	21896	40	6	0	37	0.000153874	38993	1	FALSE	ORF1ab:cds-YP_009724389.1	ATG	M	CTG	L	2683
NC_045512.2	8312	A	C	38981	21896	40	6	0	37	0.000153874	38993	1	FALSE	ORF1ab:cds-YP_009725295.1	ATG	M	CTG	L	2683
NC_045512.2	8313	T	G	38822	21818	40	1	0	37	2.57533e-05	38830	1	FALSE	ORF1ab:cds-YP_009724389.1	ATG	M	AGG	R	2683
NC_045512.2	8313	T	G	38822	21818	40	1	0	37	2.57533e-05	38830	1	FALSE	ORF1ab:cds-YP_009725295.1	ATG	M	AGG	R	2683
NC_045512.2	8313	T	C	38822	21818	40	7	4	38	0.000180273	38830	1	FALSE	ORF1ab:cds-YP_009724389.1	ATG	M	ACG	T	2683
NC_045512.2	8313	T	C	38822	21818	40	7	4	38	0.000180273	38830	1	FALSE	ORF1ab:cds-YP_009725295.1	ATG	M	ACG	T	2683
NC_045512.2	8314	G	T	39188	22536	40	4	2	37	0.000102054	39195	1	FALSE	ORF1ab:cds-YP_009724389.1	ATG	M	ATT	I	2683
NC_045512.2	8314	G	T	39188	22536	40	4	2	37	0.000102054	39195	1	FALSE	ORF1ab:cds-YP_009725295.1	ATG	M	ATT	I	2683
NC_045512.2	8314	G	A	39188	22536	40	3	2	36	7.65404e-05	39195	1	FALSE	ORF1ab:cds-YP_009724389.1	ATG	M	ATA	I	2683
NC_045512.2	8314	G	A	39188	22536	40	3	2	36	7.65404e-05	39195	1	FALSE	ORF1ab:cds-YP_009725295.1	ATG	M	ATA	I	2683
NC_045512.2	8315	A	T	39219	22758	40	1	1	25	2.549e-05	39231	1	FALSE	ORF1ab:cds-YP_009724389.1	ACA	T	TCA	S	2684
NC_045512.2	8315	A	T	39219	22758	40	1	1	25	2.549e-05	39231	1	FALSE	ORF1ab:cds-YP_009725295.1	ACA	T	TCA	S	2684
NC_045512.2	8315	A	G	39219	22758	40	11	7	39	0.000280391	39231	0.999988	FALSE	ORF1ab:cds-YP_009724389.1	ACA	T	GCA	A	2684
NC_045512.2	8315	A	G	39219	22758	40	11	7	39	0.000280391	39231	0.999988	FALSE	ORF1ab:cds-YP_009725295.1	ACA	T	GCA	A	2684
NC_045512.2	8316	C	T	39748	23457	41	4	0	46	0.000100624	39752	0.500014	FALSE	ORF1ab:cds-YP_009724389.1	ACA	T	ATA	I	2684
NC_045512.2	8316	C	T	39748	23457	41	4	0	46	0.000100624	39752	0.500014	FALSE	ORF1ab:cds-YP_009725295.1	ACA	T	ATA	I	2684
NC_045512.2	8317	A	G	39020	22837	40	5	4	37	0.000128123	39025	1	FALSE	ORF1ab:cds-YP_009724389.1	ACA	T	ACG	T	2684
NC_045512.2	8317	A	G	39020	22837	40	5	4	37	0.000128123	39025	1	FALSE	ORF1ab:cds-YP_009725295.1	ACA	T	ACG	T	2684
NC_045512.2	8317	A	-C	39020	22837	40	3	0	20	7.68738e-05	39025	1	FALSE	NA	NA	NA	NA	NA	NA
NC_045512.2	8317	A	+G	39020	22837	40	10	0	20	0.000256246	39025	1	FALSE	NA	NA	NA	NA	NA	NA
NC_045512.2	8318	C	T	40454	23243	41	6	5	35	0.000148229	40478	1	FALSE	ORF1ab:cds-YP_009724389.1	CCC	P	TCC	S	2685
NC_045512.2	8318	C	T	40454	23243	41	6	5	35	0.000148229	40478	1	FALSE	ORF1ab:cds-YP_009725295.1	CCC	P	TCC	S	2685
NC_045512.2	8318	C	G	40454	23243	41	17	17	37	0.000419981	40478	0.999369	FALSE	ORF1ab:cds-YP_009724389.1	CCC	P	GCC	A	2685
NC_045512.2	8318	C	G	40454	23243	41	17	17	37	0.000419981	40478	0.999369	FALSE	ORF1ab:cds-YP_009725295.1	CCC	P	GCC	A	2685
NC_045512.2	8318	C	A	40454	23243	41	1	0	25	2.47048e-05	40478	1	FALSE	ORF1ab:cds-YP_009724389.1	CCC	P	ACC	T	2685
NC_045512.2	8318	C	A	40454	23243	41	1	0	25	2.47048e-05	40478	1	FALSE	ORF1ab:cds-YP_009725295.1	CCC	P	ACC	T	2685
NC_045512.2	8319	C	T	40174	22340	40	1	0	37	2.48899e-05	40177	1	FALSE	ORF1ab:cds-YP_009724389.1	CCC	P	CTC	L	2685
NC_045512.2	8319	C	T	40174	22340	40	1	0	37	2.48899e-05	40177	1	FALSE	ORF1ab:cds-YP_009725295.1	CCC	P	CTC	L	2685
NC_045512.2	8319	C	A	40174	22340	40	2	0	37	4.97797e-05	40177	1	FALSE	ORF1ab:cds-YP_009724389.1	CCC	P	CAC	H	2685
NC_045512.2	8319	C	A	40174	22340	40	2	0	37	4.97797e-05	40177	1	FALSE	ORF1ab:cds-YP_009725295.1	CCC	P	CAC	H	2685
NC_045512.2	8320	C	T	39674	22032	40	2	2	37	5.0402e-05	39681	1	FALSE	ORF1ab:cds-YP_009724389.1	CCC	P	CCT	P	2685
NC_045512.2	8320	C	T	39674	22032	40	2	2	37	5.0402e-05	39681	1	FALSE	ORF1ab:cds-YP_009725295.1	CCC	P	CCT	P	2685
NC_045512.2	8320	C	G	39674	22032	40	2	2	23	5.0402e-05	39681	1	FALSE	ORF1ab:cds-YP_009724389.1	CCC	P	CCG	P	2685
NC_045512.2	8320	C	G	39674	22032	40	2	2	23	5.0402e-05	39681	1	FALSE	ORF1ab:cds-YP_009725295.1	CCC	P	CCG	P	2685
NC_045512.2	8320	C	A	39674	22032	40	3	2	49	7.56029e-05	39681	0.65622	FALSE	ORF1ab:cds-YP_009724389.1	CCC	P	CCA	P	2685
NC_045512.2	8320	C	A	39674	22032	40	3	2	49	7.56029e-05	39681	0.65622	FALSE	ORF1ab:cds-YP_009725295.1	CCC	P	CCA	P	2685
NC_045512.2	8321	C	T	39387	21748	40	5	2	37	0.000126913	39397	1	FALSE	ORF1ab:cds-YP_009724389.1	CGT	R	TGT	C	2686
NC_045512.2	8321	C	T	39387	21748	40	5	2	37	0.000126913	39397	1	FALSE	ORF1ab:cds-YP_009725295.1	CGT	R	TGT	C	2686
NC_045512.2	8321	C	A	39387	21748	40	5	3	37	0.000126913	39397	1	FALSE	ORF1ab:cds-YP_009724389.1	CGT	R	AGT	S	2686
NC_045512.2	8321	C	A	39387	21748	40	5	3	37	0.000126913	39397	1	FALSE	ORF1ab:cds-YP_009725295.1	CGT	R	AGT	S	2686
NC_045512.2	8322	G	T	39988	22668	41	1	1	37	2.49925e-05	40012	1	FALSE	ORF1ab:cds-YP_009724389.1	CGT	R	CTT	L	2686
NC_045512.2	8322	G	T	39988	22668	41	1	1	37	2.49925e-05	40012	1	FALSE	ORF1ab:cds-YP_009725295.1	CGT	R	CTT	L	2686
NC_045512.2	8322	G	A	39988	22668	41	23	11	37	0.000574828	40012	0.988739	FALSE	ORF1ab:cds-YP_009724389.1	CGT	R	CAT	H	2686
NC_045512.2	8322	G	A	39988	22668	41	23	11	37	0.000574828	40012	0.988739	FALSE	ORF1ab:cds-YP_009725295.1	CGT	R	CAT	H	2686
NC_045512.2	8323	T	G	39606	22477	40	1	1	37	2.5243e-05	39615	1	FALSE	ORF1ab:cds-YP_009724389.1	CGT	R	CGG	R	2686
NC_045512.2	8323	T	G	39606	22477	40	1	1	37	2.5243e-05	39615	1	FALSE	ORF1ab:cds-YP_009725295.1	CGT	R	CGG	R	2686
NC_045512.2	8323	T	C	39606	22477	40	7	3	37	0.000176701	39615	1	FALSE	ORF1ab:cds-YP_009724389.1	CGT	R	CGC	R	2686
NC_045512.2	8323	T	C	39606	22477	40	7	3	37	0.000176701	39615	1	FALSE	ORF1ab:cds-YP_009725295.1	CGT	R	CGC	R	2686
NC_045512.2	8323	T	A	39606	22477	40	1	1	37	2.5243e-05	39615	1	FALSE	ORF1ab:cds-YP_009724389.1	CGT	R	CGA	R	2686
NC_045512.2	8323	T	A	39606	22477	40	1	1	37	2.5243e-05	39615	1	FALSE	ORF1ab:cds-YP_009725295.1	CGT	R	CGA	R	2686
NC_045512.2	8325	A	T	40787	22855	41	2	0	37	4.90196e-05	40800	1	FALSE	ORF1ab:cds-YP_009724389.1	GAC	D	GTC	V	2687
NC_045512.2	8325	A	T	40787	22855	41	2	0	37	4.90196e-05	40800	1	FALSE	ORF1ab:cds-YP_009725295.1	GAC	D	GTC	V	2687
NC_045512.2	8325	A	G	40787	22855	41	11	3	37	0.000269608	40800	0.999993	FALSE	ORF1ab:cds-YP_009724389.1	GAC	D	GGC	G	2687
NC_045512.2	8325	A	G	40787	22855	41	11	3	37	0.000269608	40800	0.999993	FALSE	ORF1ab:cds-YP_009725295.1	GAC	D	GGC	G	2687
NC_045512.2	8326	C	T	41175	22824	41	7	3	42	0.000169969	41184	0.274387	FALSE	ORF1ab:cds-YP_009724389.1	GAC	D	GAT	D	2687
NC_045512.2	8326	C	T	41175	22824	41	7	3	42	0.000169969	41184	0.274387	FALSE	ORF1ab:cds-YP_009725295.1	GAC	D	GAT	D	2687
NC_045512.2	8326	C	A	41175	22824	41	2	1	37	4.85625e-05	41184	1	FALSE	ORF1ab:cds-YP_009724389.1	GAC	D	GAA	E	2687
NC_045512.2	8326	C	A	41175	22824	41	2	1	37	4.85625e-05	41184	1	FALSE	ORF1ab:cds-YP_009725295.1	GAC	D	GAA	E	2687
NC_045512.2	8327	C	T	38787	22365	40	5	3	37	0.000128873	38798	1	FALSE	ORF1ab:cds-YP_009724389.1	CTT	L	TTT	F	2688
NC_045512.2	8327	C	T	38787	22365	40	5	3	37	0.000128873	38798	1	FALSE	ORF1ab:cds-YP_009725295.1	CTT	L	TTT	F	2688
NC_045512.2	8327	C	A	38787	22365	40	6	4	37	0.000154647	38798	1	FALSE	ORF1ab:cds-YP_009724389.1	CTT	L	ATT	I	2688
NC_045512.2	8327	C	A	38787	22365	40	6	4	37	0.000154647	38798	1	FALSE	ORF1ab:cds-YP_009725295.1	CTT	L	ATT	I	2688
NC_045512.2	8327	C	-T	38787	22365	40	1	0	20	2.57745e-05	38798	1	FALSE	NA	NA	NA	NA	NA	NA
NC_045512.2	8328	T	C	37015	20927	40	8	3	37	0.000216053	37028	0.999998	FALSE	ORF1ab:cds-YP_009724389.1	CTT	L	CCT	P	2688
NC_045512.2	8328	T	C	37015	20927	40	8	3	37	0.000216053	37028	0.999998	FALSE	ORF1ab:cds-YP_009725295.1	CTT	L	CCT	P	2688
NC_045512.2	8328	T	A	37015	20927	40	5	3	37	0.000135033	37028	1	FALSE	ORF1ab:cds-YP_009724389.1	CTT	L	CAT	H	2688
NC_045512.2	8328	T	A	37015	20927	40	5	3	37	0.000135033	37028	1	FALSE	ORF1ab:cds-YP_009725295.1	CTT	L	CAT	H	2688
NC_045512.2	8329	T	C	36860	20849	40	8	3	37	0.00021699	36868	0.999997	FALSE	ORF1ab:cds-YP_009724389.1	CTT	L	CTC	L	2688
NC_045512.2	8329	T	C	36860	20849	40	8	3	37	0.00021699	36868	0.999997	FALSE	ORF1ab:cds-YP_009725295.1	CTT	L	CTC	L	2688
NC_045512.2	8330	G	T	37593	21524	40	3	1	49	7.97936e-05	37597	0.656256	FALSE	ORF1ab:cds-YP_009724389.1	GGT	G	TGT	C	2689
NC_045512.2	8330	G	T	37593	21524	40	3	1	49	7.97936e-05	37597	0.656256	FALSE	ORF1ab:cds-YP_009725295.1	GGT	G	TGT	C	2689
NC_045512.2	8330	G	A	37593	21524	40	1	1	37	2.65979e-05	37597	1	FALSE	ORF1ab:cds-YP_009724389.1	GGT	G	AGT	S	2689
NC_045512.2	8330	G	A	37593	21524	40	1	1	37	2.65979e-05	37597	1	FALSE	ORF1ab:cds-YP_009725295.1	GGT	G	AGT	S	2689
NC_045512.2	8330	G	+GT	37593	21524	40	1	0	20	2.65979e-05	37597	1	FALSE	NA	NA	NA	NA	NA	NA
NC_045512.2	8331	G	T	37729	21608	40	1	1	37	2.65034e-05	37731	1	FALSE	ORF1ab:cds-YP_009724389.1	GGT	G	GTT	V	2689
NC_045512.2	8331	G	T	37729	21608	40	1	1	37	2.65034e-05	37731	1	FALSE	ORF1ab:cds-YP_009725295.1	GGT	G	GTT	V	2689
NC_045512.2	8331	G	A	37729	21608	40	1	1	74	2.65034e-05	37731	0.5	FALSE	ORF1ab:cds-YP_009724389.1	GGT	G	GAT	D	2689
NC_045512.2	8331	G	A	37729	21608	40	1	1	74	2.65034e-05	37731	0.5	FALSE	ORF1ab:cds-YP_009725295.1	GGT	G	GAT	D	2689
NC_045512.2	8332	T	G	37816	21599	40	1	1	37	2.64417e-05	37819	1	FALSE	ORF1ab:cds-YP_009724389.1	GGT	G	GGG	G	2689
NC_045512.2	8332	T	G	37816	21599	40	1	1	37	2.64417e-05	37819	1	FALSE	ORF1ab:cds-YP_009725295.1	GGT	G	GGG	G	2689
NC_045512.2	8332	T	A	37816	21599	40	2	0	31	5.28835e-05	37819	1	FALSE	ORF1ab:cds-YP_009724389.1	GGT	G	GGA	G	2689
NC_045512.2	8332	T	A	37816	21599	40	2	0	31	5.28835e-05	37819	1	FALSE	ORF1ab:cds-YP_009725295.1	GGT	G	GGA	G	2689
NC_045512.2	8332	T	+GC	37816	21599	40	1	0	20	2.64417e-05	37819	1	FALSE	NA	NA	NA	NA	NA	NA
NC_045512.2	8333	G	T	37780	21552	40	1	1	37	2.64606e-05	37792	1	FALSE	ORF1ab:cds-YP_009724389.1	GCT	A	TCT	S	2690
NC_045512.2	8333	G	T	37780	21552	40	1	1	37	2.64606e-05	37792	1	FALSE	ORF1ab:cds-YP_009725295.1	GCT	A	TCT	S	2690
NC_045512.2	8333	G	A	37780	21552	40	11	7	39	0.000291067	37792	0.999969	FALSE	ORF1ab:cds-YP_009724389.1	GCT	A	ACT	T	2690
NC_045512.2	8333	G	A	37780	21552	40	11	7	39	0.000291067	37792	0.999969	FALSE	ORF1ab:cds-YP_009725295.1	GCT	A	ACT	T	2690
NC_045512.2	8334	C	T	36039	19670	40	11	5	38	0.000305123	36051	0.999951	FALSE	ORF1ab:cds-YP_009724389.1	GCT	A	GTT	V	2690
NC_045512.2	8334	C	T	36039	19670	40	11	5	38	0.000305123	36051	0.999951	FALSE	ORF1ab:cds-YP_009725295.1	GCT	A	GTT	V	2690
NC_045512.2	8334	C	A	36039	19670	40	1	0	25	2.77385e-05	36051	1	FALSE	ORF1ab:cds-YP_009724389.1	GCT	A	GAT	D	2690
NC_045512.2	8334	C	A	36039	19670	40	1	0	25	2.77385e-05	36051	1	FALSE	ORF1ab:cds-YP_009725295.1	GCT	A	GAT	D	2690
NC_045512.2	8334	C	-T	36039	19670	40	4	0	20	0.000110954	36051	1	FALSE	NA	NA	NA	NA	NA	NA
NC_045512.2	8335	T	G	36429	20337	41	5	5	44	0.000137122	36464	0.362779	FALSE	ORF1ab:cds-YP_009724389.1	GCT	A	GCG	A	2690
NC_045512.2	8335	T	G	36429	20337	41	5	5	44	0.000137122	36464	0.362779	FALSE	ORF1ab:cds-YP_009725295.1	GCT	A	GCG	A	2690
NC_045512.2	8335	T	C	36429	20337	41	20	3	37	0.000548486	36464	0.988851	FALSE	ORF1ab:cds-YP_009724389.1	GCT	A	GCC	A	2690
NC_045512.2	8335	T	C	36429	20337	41	20	3	37	0.000548486	36464	0.988851	FALSE	ORF1ab:cds-YP_009725295.1	GCT	A	GCC	A	2690
NC_045512.2	8335	T	A	36429	20337	41	10	7	40	0.000274243	36464	0.0459943	FALSE	ORF1ab:cds-YP_009724389.1	GCT	A	GCA	A	2690
NC_045512.2	8335	T	A	36429	20337	41	10	7	40	0.000274243	36464	0.0459943	FALSE	ORF1ab:cds-YP_009725295.1	GCT	A	GCA	A	2690
NC_045512.2	8336	T	G	37017	20737	41	7	7	37	0.000188985	37040	1	FALSE	ORF1ab:cds-YP_009724389.1	TGT	C	GGT	G	2691
NC_045512.2	8336	T	G	37017	20737	41	7	7	37	0.000188985	37040	1	FALSE	ORF1ab:cds-YP_009725295.1	TGT	C	GGT	G	2691
NC_045512.2	8336	T	C	37017	20737	41	12	7	39	0.000323974	37040	0.999929	FALSE	ORF1ab:cds-YP_009724389.1	TGT	C	CGT	R	2691
NC_045512.2	8336	T	C	37017	20737	41	12	7	39	0.000323974	37040	0.999929	FALSE	ORF1ab:cds-YP_009725295.1	TGT	C	CGT	R	2691
NC_045512.2	8336	T	A	37017	20737	41	4	2	49	0.000107991	37040	0.499734	FALSE	ORF1ab:cds-YP_009724389.1	TGT	C	AGT	S	2691
NC_045512.2	8336	T	A	37017	20737	41	4	2	49	0.000107991	37040	0.499734	FALSE	ORF1ab:cds-YP_009725295.1	TGT	C	AGT	S	2691
NC_045512.2	8337	G	C	37464	20741	41	2	0	37	5.33561e-05	37484	1	FALSE	ORF1ab:cds-YP_009724389.1	TGT	C	TCT	S	2691
NC_045512.2	8337	G	C	37464	20741	41	2	0	37	5.33561e-05	37484	1	FALSE	ORF1ab:cds-YP_009725295.1	TGT	C	TCT	S	2691
NC_045512.2	8337	G	A	37464	20741	41	18	9	43	0.000480205	37484	0.000743602	TRUE	ORF1ab:cds-YP_009724389.1	TGT	C	TAT	Y	2691
NC_045512.2	8337	G	A	37464	20741	41	18	9	43	0.000480205	37484	0.000743602	TRUE	ORF1ab:cds-YP_009725295.1	TGT	C	TAT	Y	2691
NC_045512.2	8338	T	C	37700	21071	41	3	1	32	7.95693e-05	37703	1	FALSE	ORF1ab:cds-YP_009724389.1	TGT	C	TGC	C	2691
NC_045512.2	8338	T	C	37700	21071	41	3	1	32	7.95693e-05	37703	1	FALSE	ORF1ab:cds-YP_009725295.1	TGT	C	TGC	C	2691
NC_045512.2	8338	T	+A	37700	21071	41	1	0	20	2.65231e-05	37703	1	FALSE	NA	NA	NA	NA	NA	NA
NC_045512.2	8339	A	T	37715	20960	41	1	0	37	2.65041e-05	37730	1	FALSE	ORF1ab:cds-YP_009724389.1	ATT	I	TTT	F	2692
NC_045512.2	8339	A	T	37715	20960	41	1	0	37	2.65041e-05	37730	1	FALSE	ORF1ab:cds-YP_009725295.1	ATT	I	TTT	F	2692
NC_045512.2	8339	A	G	37715	20960	41	3	2	49	7.95123e-05	37730	0.65612	FALSE	ORF1ab:cds-YP_009724389.1	ATT	I	GTT	V	2692
NC_045512.2	8339	A	G	37715	20960	41	3	2	49	7.95123e-05	37730	0.65612	FALSE	ORF1ab:cds-YP_009725295.1	ATT	I	GTT	V	2692
NC_045512.2	8339	A	C	37715	20960	41	11	0	37	0.000291545	37730	0.999969	FALSE	ORF1ab:cds-YP_009724389.1	ATT	I	CTT	L	2692
NC_045512.2	8339	A	C	37715	20960	41	11	0	37	0.000291545	37730	0.999969	FALSE	ORF1ab:cds-YP_009725295.1	ATT	I	CTT	L	2692
NC_045512.2	8339	A	-T	37715	20960	41	1	0	20	2.65041e-05	37730	1	FALSE	NA	NA	NA	NA	NA	NA
NC_045512.2	8340	T	G	37902	21349	41	4	4	37	0.000105521	37907	1	FALSE	ORF1ab:cds-YP_009724389.1	ATT	I	AGT	S	2692
NC_045512.2	8340	T	G	37902	21349	41	4	4	37	0.000105521	37907	1	FALSE	ORF1ab:cds-YP_009725295.1	ATT	I	AGT	S	2692
NC_045512.2	8340	T	C	37902	21349	41	1	0	37	2.63804e-05	37907	1	FALSE	ORF1ab:cds-YP_009724389.1	ATT	I	ACT	T	2692
NC_045512.2	8340	T	C	37902	21349	41	1	0	37	2.63804e-05	37907	1	FALSE	ORF1ab:cds-YP_009725295.1	ATT	I	ACT	T	2692
NC_045512.2	8341	T	C	38052	21302	41	3	1	49	7.88333e-05	38055	0.656268	FALSE	ORF1ab:cds-YP_009724389.1	ATT	I	ATC	I	2692
NC_045512.2	8341	T	C	38052	21302	41	3	1	49	7.88333e-05	38055	0.656268	FALSE	ORF1ab:cds-YP_009725295.1	ATT	I	ATC	I	2692
NC_045512.2	8342	G	T	38165	21324	41	3	3	33	7.85958e-05	38170	1	FALSE	ORF1ab:cds-YP_009724389.1	GAC	D	TAC	Y	2693
NC_045512.2	8342	G	T	38165	21324	41	3	3	33	7.85958e-05	38170	1	FALSE	ORF1ab:cds-YP_009725295.1	GAC	D	TAC	Y	2693
NC_045512.2	8342	G	A	38165	21324	41	2	2	37	5.23972e-05	38170	1	FALSE	ORF1ab:cds-YP_009724389.1	GAC	D	AAC	N	2693
NC_045512.2	8342	G	A	38165	21324	41	2	2	37	5.23972e-05	38170	1	FALSE	ORF1ab:cds-YP_009725295.1	GAC	D	AAC	N	2693
NC_045512.2	8343	A	G	37982	21025	41	3	1	37	7.89785e-05	37985	1	FALSE	ORF1ab:cds-YP_009724389.1	GAC	D	GGC	G	2693
NC_045512.2	8343	A	G	37982	21025	41	3	1	37	7.89785e-05	37985	1	FALSE	ORF1ab:cds-YP_009725295.1	GAC	D	GGC	G	2693
NC_045512.2	8344	C	T	38322	21094	40	4	3	37	0.000104357	38330	1	FALSE	ORF1ab:cds-YP_009724389.1	GAC	D	GAT	D	2693
NC_045512.2	8344	C	T	38322	21094	40	4	3	37	0.000104357	38330	1	FALSE	ORF1ab:cds-YP_009725295.1	GAC	D	GAT	D	2693
NC_045512.2	8344	C	G	38322	21094	40	2	2	37	5.21785e-05	38330	1	FALSE	ORF1ab:cds-YP_009724389.1	GAC	D	GAG	E	2693
NC_045512.2	8344	C	G	38322	21094	40	2	2	37	5.21785e-05	38330	1	FALSE	ORF1ab:cds-YP_009725295.1	GAC	D	GAG	E	2693
NC_045512.2	8344	C	A	38322	21094	40	2	1	55	5.21785e-05	38330	0.249964	FALSE	ORF1ab:cds-YP_009724389.1	GAC	D	GAA	E	2693
NC_045512.2	8344	C	A	38322	21094	40	2	1	55	5.21785e-05	38330	0.249964	FALSE	ORF1ab:cds-YP_009725295.1	GAC	D	GAA	E	2693
NC_045512.2	8345	T	C	37333	20532	40	6	4	37	0.00016069	37339	1	FALSE	ORF1ab:cds-YP_009724389.1	TGT	C	CGT	R	2694
NC_045512.2	8345	T	C	37333	20532	40	6	4	37	0.00016069	37339	1	FALSE	ORF1ab:cds-YP_009725295.1	TGT	C	CGT	R	2694
NC_045512.2	8346	G	A	37322	19923	41	7	4	35	0.000187522	37329	1	FALSE	ORF1ab:cds-YP_009724389.1	TGT	C	TAT	Y	2694
NC_045512.2	8346	G	A	37322	19923	41	7	4	35	0.000187522	37329	1	FALSE	ORF1ab:cds-YP_009725295.1	TGT	C	TAT	Y	2694
NC_045512.2	8347	T	C	36994	19809	40	3	2	37	8.10877e-05	36997	1	FALSE	ORF1ab:cds-YP_009724389.1	TGT	C	TGC	C	2694
NC_045512.2	8347	T	C	36994	19809	40	3	2	37	8.10877e-05	36997	1	FALSE	ORF1ab:cds-YP_009725295.1	TGT	C	TGC	C	2694
NC_045512.2	8348	A	T	36913	19533	41	3	0	33	8.1259e-05	36919	1	FALSE	ORF1ab:cds-YP_009724389.1	AGT	S	TGT	C	2695
NC_045512.2	8348	A	T	36913	19533	41	3	0	33	8.1259e-05	36919	1	FALSE	ORF1ab:cds-YP_009725295.1	AGT	S	TGT	C	2695
NC_045512.2	8348	A	G	36913	19533	41	3	2	37	8.1259e-05	36919	1	FALSE	ORF1ab:cds-YP_009724389.1	AGT	S	GGT	G	2695
NC_045512.2	8348	A	G	36913	19533	41	3	2	37	8.1259e-05	36919	1	FALSE	ORF1ab:cds-YP_009725295.1	AGT	S	GGT	G	2695
NC_045512.2	8349	G	A	37040	19724	41	1	1	37	2.69971e-05	37041	1	FALSE	ORF1ab:cds-YP_009724389.1	AGT	S	AAT	N	2695
NC_045512.2	8349	G	A	37040	19724	41	1	1	37	2.69971e-05	37041	1	FALSE	ORF1ab:cds-YP_009725295.1	AGT	S	AAT	N	2695
NC_045512.2	8350	T	C	35523	18340	41	26	0	38	0.000731364	35550	0.900081	FALSE	ORF1ab:cds-YP_009724389.1	AGT	S	AGC	S	2695
NC_045512.2	8350	T	C	35523	18340	41	26	0	38	0.000731364	35550	0.900081	FALSE	ORF1ab:cds-YP_009725295.1	AGT	S	AGC	S	2695
NC_045512.2	8350	T	A	35523	18340	41	1	0	37	2.81294e-05	35550	1	FALSE	ORF1ab:cds-YP_009724389.1	AGT	S	AGA	R	2695
NC_045512.2	8350	T	A	35523	18340	41	1	0	37	2.81294e-05	35550	1	FALSE	ORF1ab:cds-YP_009725295.1	AGT	S	AGA	R	2695
NC_045512.2	8351	G	C	34587	18770	40	1	0	37	2.89101e-05	34590	1	FALSE	ORF1ab:cds-YP_009724389.1	GCG	A	CCG	P	2696
NC_045512.2	8351	G	C	34587	18770	40	1	0	37	2.89101e-05	34590	1	FALSE	ORF1ab:cds-YP_009725295.1	GCG	A	CCG	P	2696
NC_045512.2	8351	G	A	34587	18770	40	2	2	37	5.78202e-05	34590	1	FALSE	ORF1ab:cds-YP_009724389.1	GCG	A	ACG	T	2696
NC_045512.2	8351	G	A	34587	18770	40	2	2	37	5.78202e-05	34590	1	FALSE	ORF1ab:cds-YP_009725295.1	GCG	A	ACG	T	2696
NC_045512.2	8352	C	T	33814	18084	40	10	5	48	0.000295648	33824	0.0461323	FALSE	ORF1ab:cds-YP_009724389.1	GCG	A	GTG	V	2696
NC_045512.2	8352	C	T	33814	18084	40	10	5	48	0.000295648	33824	0.0461323	FALSE	ORF1ab:cds-YP_009725295.1	GCG	A	GTG	V	2696
NC_045512.2	8353	G	A	33562	17981	41	7	3	37	0.000208526	33569	0.999996	FALSE	ORF1ab:cds-YP_009724389.1	GCG	A	GCA	A	2696
NC_045512.2	8353	G	A	33562	17981	41	7	3	37	0.000208526	33569	0.999996	FALSE	ORF1ab:cds-YP_009725295.1	GCG	A	GCA	A	2696
NC_045512.2	8354	C	T	33697	17886	41	9	4	36	0.000267015	33706	0.999966	FALSE	ORF1ab:cds-YP_009724389.1	CGT	R	TGT	C	2697
NC_045512.2	8354	C	T	33697	17886	41	9	4	36	0.000267015	33706	0.999966	FALSE	ORF1ab:cds-YP_009725295.1	CGT	R	TGT	C	2697
NC_045512.2	8355	G	T	35368	20610	43	1	1	37	2.8239e-05	35412	1	FALSE	ORF1ab:cds-YP_009724389.1	CGT	R	CTT	L	2697
NC_045512.2	8355	G	T	35368	20610	43	1	1	37	2.8239e-05	35412	1	FALSE	ORF1ab:cds-YP_009725295.1	CGT	R	CTT	L	2697
NC_045512.2	8355	G	C	35368	20610	43	1	0	37	2.8239e-05	35412	1	FALSE	ORF1ab:cds-YP_009724389.1	CGT	R	CCT	P	2697
NC_045512.2	8355	G	C	35368	20610	43	1	0	37	2.8239e-05	35412	1	FALSE	ORF1ab:cds-YP_009725295.1	CGT	R	CCT	P	2697
NC_045512.2	8355	G	A	35368	20610	43	42	23	43	0.00118604	35412	4.27989e-10	TRUE	ORF1ab:cds-YP_009724389.1	CGT	R	CAT	H	2697
NC_045512.2	8355	G	A	35368	20610	43	42	23	43	0.00118604	35412	4.27989e-10	TRUE	ORF1ab:cds-YP_009725295.1	CGT	R	CAT	H	2697
NC_045512.2	8356	T	G	35630	20802	42	5	2	64	0.000140268	35646	0.0312237	FALSE	ORF1ab:cds-YP_009724389.1	CGT	R	CGG	R	2697
NC_045512.2	8356	T	G	35630	20802	42	5	2	64	0.000140268	35646	0.0312237	FALSE	ORF1ab:cds-YP_009725295.1	CGT	R	CGG	R	2697
NC_045512.2	8356	T	C	35630	20802	42	11	8	50	0.00030859	35646	0.000487604	TRUE	ORF1ab:cds-YP_009724389.1	CGT	R	CGC	R	2697
NC_045512.2	8356	T	C	35630	20802	42	11	8	50	0.00030859	35646	0.000487604	TRUE	ORF1ab:cds-YP_009725295.1	CGT	R	CGC	R	2697
NC_045512.2	8357	C	T	35707	20997	43	2	1	37	5.59973e-05	35716	1	FALSE	ORF1ab:cds-YP_009724389.1	CAT	H	TAT	Y	2698
NC_045512.2	8357	C	T	35707	20997	43	2	1	37	5.59973e-05	35716	1	FALSE	ORF1ab:cds-YP_009725295.1	CAT	H	TAT	Y	2698
NC_045512.2	8357	C	G	35707	20997	43	7	7	37	0.000195991	35716	0.999999	FALSE	ORF1ab:cds-YP_009724389.1	CAT	H	GAT	D	2698
NC_045512.2	8357	C	G	35707	20997	43	7	7	37	0.000195991	35716	0.999999	FALSE	ORF1ab:cds-YP_009725295.1	CAT	H	GAT	D	2698
NC_045512.2	8358	A	T	36513	21421	43	4	3	40	0.000109535	36518	0.5	FALSE	ORF1ab:cds-YP_009724389.1	CAT	H	CTT	L	2698
NC_045512.2	8358	A	T	36513	21421	43	4	3	40	0.000109535	36518	0.5	FALSE	ORF1ab:cds-YP_009725295.1	CAT	H	CTT	L	2698
NC_045512.2	8358	A	G	36513	21421	43	1	0	37	2.73838e-05	36518	1	FALSE	ORF1ab:cds-YP_009724389.1	CAT	H	CGT	R	2698
NC_045512.2	8358	A	G	36513	21421	43	1	0	37	2.73838e-05	36518	1	FALSE	ORF1ab:cds-YP_009725295.1	CAT	H	CGT	R	2698
NC_045512.2	8359	T	G	36401	21616	42	1	0	25	2.74642e-05	36411	1	FALSE	ORF1ab:cds-YP_009724389.1	CAT	H	CAG	Q	2698
NC_045512.2	8359	T	G	36401	21616	42	1	0	25	2.74642e-05	36411	1	FALSE	ORF1ab:cds-YP_009725295.1	CAT	H	CAG	Q	2698
NC_045512.2	8359	T	C	36401	21616	42	9	3	41	0.000247178	36411	0.0729815	FALSE	ORF1ab:cds-YP_009724389.1	CAT	H	CAC	H	2698
NC_045512.2	8359	T	C	36401	21616	42	9	3	41	0.000247178	36411	0.0729815	FALSE	ORF1ab:cds-YP_009725295.1	CAT	H	CAC	H	2698
NC_045512.2	8360	A	G	37940	23775	44	4	3	46	0.000105419	37944	0.500014	FALSE	ORF1ab:cds-YP_009724389.1	ATT	I	GTT	V	2699
NC_045512.2	8360	A	G	37940	23775	44	4	3	46	0.000105419	37944	0.500014	FALSE	ORF1ab:cds-YP_009725295.1	ATT	I	GTT	V	2699
NC_045512.2	8361	T	C	37746	23931	44	1	1	36	2.6488e-05	37753	1	FALSE	ORF1ab:cds-YP_009724389.1	ATT	I	ACT	T	2699
NC_045512.2	8361	T	C	37746	23931	44	1	1	36	2.6488e-05	37753	1	FALSE	ORF1ab:cds-YP_009725295.1	ATT	I	ACT	T	2699
NC_045512.2	8361	T	A	37746	23931	44	6	2	43	0.000158928	37753	0.253893	FALSE	ORF1ab:cds-YP_009724389.1	ATT	I	AAT	N	2699
NC_045512.2	8361	T	A	37746	23931	44	6	2	43	0.000158928	37753	0.253893	FALSE	ORF1ab:cds-YP_009725295.1	ATT	I	AAT	N	2699
NC_045512.2	8362	T	G	38034	24042	44	1	0	25	2.62867e-05	38042	1	FALSE	ORF1ab:cds-YP_009724389.1	ATT	I	ATG	M	2699
NC_045512.2	8362	T	G	38034	24042	44	1	0	25	2.62867e-05	38042	1	FALSE	ORF1ab:cds-YP_009725295.1	ATT	I	ATG	M	2699
NC_045512.2	8362	T	C	38034	24042	44	6	5	43	0.00015772	38042	0.25388	FALSE	ORF1ab:cds-YP_009724389.1	ATT	I	ATC	I	2699
NC_045512.2	8362	T	C	38034	24042	44	6	5	43	0.00015772	38042	0.25388	FALSE	ORF1ab:cds-YP_009725295.1	ATT	I	ATC	I	2699
NC_045512.2	8362	T	A	38034	24042	44	1	1	37	2.62867e-05	38042	1	FALSE	ORF1ab:cds-YP_009724389.1	ATT	I	ATA	I	2699
NC_045512.2	8362	T	A	38034	24042	44	1	1	37	2.62867e-05	38042	1	FALSE	ORF1ab:cds-YP_009725295.1	ATT	I	ATA	I	2699
NC_045512.2	8363	A	G	36947	23132	44	7	5	38	0.000189414	36956	0.999999	FALSE	ORF1ab:cds-YP_009724389.1	AAT	N	GAT	D	2700
NC_045512.2	8363	A	G	36947	23132	44	7	5	38	0.000189414	36956	0.999999	FALSE	ORF1ab:cds-YP_009725295.1	AAT	N	GAT	D	2700
NC_045512.2	8363	A	C	36947	23132	44	2	0	31	5.41184e-05	36956	1	FALSE	ORF1ab:cds-YP_009724389.1	AAT	N	CAT	H	2700
NC_045512.2	8363	A	C	36947	23132	44	2	0	31	5.41184e-05	36956	1	FALSE	ORF1ab:cds-YP_009725295.1	AAT	N	CAT	H	2700
NC_045512.2	8364	A	G	36370	22685	43	1	1	37	2.74944e-05	36371	1	FALSE	ORF1ab:cds-YP_009724389.1	AAT	N	AGT	S	2700
NC_045512.2	8364	A	G	36370	22685	43	1	1	37	2.74944e-05	36371	1	FALSE	ORF1ab:cds-YP_009725295.1	AAT	N	AGT	S	2700
NC_045512.2	8365	T	C	36951	23445	45	4	3	33	0.000108237	36956	1	FALSE	ORF1ab:cds-YP_009724389.1	AAT	N	AAC	N	2700
NC_045512.2	8365	T	C	36951	23445	45	4	3	33	0.000108237	36956	1	FALSE	ORF1ab:cds-YP_009725295.1	AAT	N	AAC	N	2700
NC_045512.2	8365	T	A	36951	23445	45	1	1	37	2.70592e-05	36956	1	FALSE	ORF1ab:cds-YP_009724389.1	AAT	N	AAA	K	2700
NC_045512.2	8365	T	A	36951	23445	45	1	1	37	2.70592e-05	36956	1	FALSE	ORF1ab:cds-YP_009725295.1	AAT	N	AAA	K	2700
NC_045512.2	8366	G	T	37019	23477	45	2	1	31	5.40117e-05	37029	1	FALSE	ORF1ab:cds-YP_009724389.1	GCG	A	TCG	S	2701
NC_045512.2	8366	G	T	37019	23477	45	2	1	31	5.40117e-05	37029	1	FALSE	ORF1ab:cds-YP_009725295.1	GCG	A	TCG	S	2701
NC_045512.2	8366	G	A	37019	23477	45	8	4	46	0.000216047	37029	0.113255	FALSE	ORF1ab:cds-YP_009724389.1	GCG	A	ACG	T	2701
NC_045512.2	8366	G	A	37019	23477	45	8	4	46	0.000216047	37029	0.113255	FALSE	ORF1ab:cds-YP_009725295.1	GCG	A	ACG	T	2701
NC_045512.2	8367	C	T	34948	21519	45	33	24	45	0.000943261	34985	1.12752e-07	TRUE	ORF1ab:cds-YP_009724389.1	GCG	A	GTG	V	2701
NC_045512.2	8367	C	T	34948	21519	45	33	24	45	0.000943261	34985	1.12752e-07	TRUE	ORF1ab:cds-YP_009725295.1	GCG	A	GTG	V	2701
NC_045512.2	8367	C	G	34948	21519	45	3	1	37	8.5751e-05	34985	1	FALSE	ORF1ab:cds-YP_009724389.1	GCG	A	GGG	G	2701
NC_045512.2	8367	C	G	34948	21519	45	3	1	37	8.5751e-05	34985	1	FALSE	ORF1ab:cds-YP_009725295.1	GCG	A	GGG	G	2701
NC_045512.2	8367	C	A	34948	21519	45	1	1	37	2.85837e-05	34985	1	FALSE	ORF1ab:cds-YP_009724389.1	GCG	A	GAG	E	2701
NC_045512.2	8367	C	A	34948	21519	45	1	1	37	2.85837e-05	34985	1	FALSE	ORF1ab:cds-YP_009725295.1	GCG	A	GAG	E	2701
NC_045512.2	8368	G	T	34890	21504	45	3	1	61	8.58984e-05	34925	0.124828	FALSE	ORF1ab:cds-YP_009724389.1	GCG	A	GCT	A	2701
NC_045512.2	8368	G	T	34890	21504	45	3	1	61	8.58984e-05	34925	0.124828	FALSE	ORF1ab:cds-YP_009725295.1	GCG	A	GCT	A	2701
NC_045512.2	8368	G	C	34890	21504	45	2	2	55	5.72656e-05	34925	0.249767	FALSE	ORF1ab:cds-YP_009724389.1	GCG	A	GCC	A	2701
NC_045512.2	8368	G	C	34890	21504	45	2	2	55	5.72656e-05	34925	0.249767	FALSE	ORF1ab:cds-YP_009725295.1	GCG	A	GCC	A	2701
NC_045512.2	8368	G	A	34890	21504	45	30	20	51	0.000858984	34925	9.23948e-10	TRUE	ORF1ab:cds-YP_009724389.1	GCG	A	GCA	A	2701
NC_045512.2	8368	G	A	34890	21504	45	30	20	51	0.000858984	34925	9.23948e-10	TRUE	ORF1ab:cds-YP_009725295.1	GCG	A	GCA	A	2701
NC_045512.2	8369	C	T	35004	21580	45	8	3	50	0.000228487	35013	0.00390469	TRUE	ORF1ab:cds-YP_009724389.1	CAG	Q	TAG	*	2702
NC_045512.2	8369	C	T	35004	21580	45	8	3	50	0.000228487	35013	0.00390469	TRUE	ORF1ab:cds-YP_009725295.1	CAG	Q	TAG	*	2702
NC_045512.2	8369	C	A	35004	21580	45	1	1	37	2.85608e-05	35013	1	FALSE	ORF1ab:cds-YP_009724389.1	CAG	Q	AAG	K	2702
NC_045512.2	8369	C	A	35004	21580	45	1	1	37	2.85608e-05	35013	1	FALSE	ORF1ab:cds-YP_009725295.1	CAG	Q	AAG	K	2702
NC_045512.2	8370	A	T	35714	23014	46	6	4	39	0.000167903	35735	1	FALSE	ORF1ab:cds-YP_009724389.1	CAG	Q	CTG	L	2702
NC_045512.2	8370	A	T	35714	23014	46	6	4	39	0.000167903	35735	1	FALSE	ORF1ab:cds-YP_009725295.1	CAG	Q	CTG	L	2702
NC_045512.2	8370	A	G	35714	23014	46	15	10	41	0.000419757	35735	0.00376206	TRUE	ORF1ab:cds-YP_009724389.1	CAG	Q	CGG	R	2702
NC_045512.2	8370	A	G	35714	23014	46	15	10	41	0.000419757	35735	0.00376206	TRUE	ORF1ab:cds-YP_009725295.1	CAG	Q	CGG	R	2702
NC_045512.2	8371	G	T	35822	23091	46	2	2	55	5.58269e-05	35825	0.249997	FALSE	ORF1ab:cds-YP_009724389.1	CAG	Q	CAT	H	2702
NC_045512.2	8371	G	T	35822	23091	46	2	2	55	5.58269e-05	35825	0.249997	FALSE	ORF1ab:cds-YP_009725295.1	CAG	Q	CAT	H	2702
NC_045512.2	8371	G	A	35822	23091	46	1	1	37	2.79135e-05	35825	1	FALSE	ORF1ab:cds-YP_009724389.1	CAG	Q	CAA	Q	2702
NC_045512.2	8371	G	A	35822	23091	46	1	1	37	2.79135e-05	35825	1	FALSE	ORF1ab:cds-YP_009725295.1	CAG	Q	CAA	Q	2702
NC_045512.2	8372	G	T	35800	23214	46	2	2	31	5.5855e-05	35807	1	FALSE	ORF1ab:cds-YP_009724389.1	GTA	V	TTA	L	2703
NC_045512.2	8372	G	T	35800	23214	46	2	2	31	5.5855e-05	35807	1	FALSE	ORF1ab:cds-YP_009725295.1	GTA	V	TTA	L	2703
NC_045512.2	8372	G	C	35800	23214	46	1	1	37	2.79275e-05	35807	1	FALSE	ORF1ab:cds-YP_009724389.1	GTA	V	CTA	L	2703
NC_045512.2	8372	G	C	35800	23214	46	1	1	37	2.79275e-05	35807	1	FALSE	ORF1ab:cds-YP_009725295.1	GTA	V	CTA	L	2703
NC_045512.2	8372	G	A	35800	23214	46	4	3	46	0.00011171	35807	0.499969	FALSE	ORF1ab:cds-YP_009724389.1	GTA	V	ATA	I	2703
NC_045512.2	8372	G	A	35800	23214	46	4	3	46	0.00011171	35807	0.499969	FALSE	ORF1ab:cds-YP_009725295.1	GTA	V	ATA	I	2703
NC_045512.2	8373	T	C	36001	23444	46	5	1	51	0.000138866	36006	0.0312478	FALSE	ORF1ab:cds-YP_009724389.1	GTA	V	GCA	A	2703
NC_045512.2	8373	T	C	36001	23444	46	5	1	51	0.000138866	36006	0.0312478	FALSE	ORF1ab:cds-YP_009725295.1	GTA	V	GCA	A	2703
NC_045512.2	8374	A	T	35906	23505	46	1	0	25	2.78482e-05	35909	1	FALSE	ORF1ab:cds-YP_009724389.1	GTA	V	GTT	V	2703
NC_045512.2	8374	A	T	35906	23505	46	1	0	25	2.78482e-05	35909	1	FALSE	ORF1ab:cds-YP_009725295.1	GTA	V	GTT	V	2703
NC_045512.2	8374	A	G	35906	23505	46	2	2	55	5.56963e-05	35909	0.249997	FALSE	ORF1ab:cds-YP_009724389.1	GTA	V	GTG	V	2703
NC_045512.2	8374	A	G	35906	23505	46	2	2	55	5.56963e-05	35909	0.249997	FALSE	ORF1ab:cds-YP_009725295.1	GTA	V	GTG	V	2703
NC_045512.2	8375	G	T	35631	23309	46	1	1	25	2.80222e-05	35686	1	FALSE	ORF1ab:cds-YP_009724389.1	GCA	A	TCA	S	2704
NC_045512.2	8375	G	T	35631	23309	46	1	1	25	2.80222e-05	35686	1	FALSE	ORF1ab:cds-YP_009725295.1	GCA	A	TCA	S	2704
NC_045512.2	8375	G	C	35631	23309	46	1	0	37	2.80222e-05	35686	1	FALSE	ORF1ab:cds-YP_009724389.1	GCA	A	CCA	P	2704
NC_045512.2	8375	G	C	35631	23309	46	1	0	37	2.80222e-05	35686	1	FALSE	ORF1ab:cds-YP_009725295.1	GCA	A	CCA	P	2704
NC_045512.2	8375	G	A	35631	23309	46	53	35	47	0.00148518	35686	3.9963e-13	TRUE	ORF1ab:cds-YP_009724389.1	GCA	A	ACA	T	2704
NC_045512.2	8375	G	A	35631	23309	46	53	35	47	0.00148518	35686	3.9963e-13	TRUE	ORF1ab:cds-YP_009725295.1	GCA	A	ACA	T	2704
NC_045512.2	8376	C	T	35906	23740	46	14	10	45	0.000389722	35923	0.00635584	TRUE	ORF1ab:cds-YP_009724389.1	GCA	A	GTA	V	2704
NC_045512.2	8376	C	T	35906	23740	46	14	10	45	0.000389722	35923	0.00635584	TRUE	ORF1ab:cds-YP_009725295.1	GCA	A	GTA	V	2704
NC_045512.2	8376	C	G	35906	23740	46	1	1	37	2.78373e-05	35923	1	FALSE	ORF1ab:cds-YP_009724389.1	GCA	A	GGA	G	2704
NC_045512.2	8376	C	G	35906	23740	46	1	1	37	2.78373e-05	35923	1	FALSE	ORF1ab:cds-YP_009725295.1	GCA	A	GGA	G	2704
NC_045512.2	8376	C	A	35906	23740	46	2	2	37	5.56746e-05	35923	1	FALSE	ORF1ab:cds-YP_009724389.1	GCA	A	GAA	E	2704
NC_045512.2	8376	C	A	35906	23740	46	2	2	37	5.56746e-05	35923	1	FALSE	ORF1ab:cds-YP_009725295.1	GCA	A	GAA	E	2704
NC_045512.2	8376	C	-A	35906	23740	46	21	0	20	0.000584584	35923	1	FALSE	NA	NA	NA	NA	NA	NA
NC_045512.2	8376	C	+A	35906	23740	46	1	0	20	2.78373e-05	35923	1	FALSE	NA	NA	NA	NA	NA	NA
NC_045512.2	8377	A	T	36176	24031	46	1	1	25	2.76396e-05	36180	1	FALSE	ORF1ab:cds-YP_009724389.1	GCA	A	GCT	A	2704
NC_045512.2	8377	A	T	36176	24031	46	1	1	25	2.76396e-05	36180	1	FALSE	ORF1ab:cds-YP_009725295.1	GCA	A	GCT	A	2704
NC_045512.2	8377	A	G	36176	24031	46	3	3	40	8.29187e-05	36180	0.655984	FALSE	ORF1ab:cds-YP_009724389.1	GCA	A	GCG	A	2704
NC_045512.2	8377	A	G	36176	24031	46	3	3	40	8.29187e-05	36180	0.655984	FALSE	ORF1ab:cds-YP_009725295.1	GCA	A	GCG	A	2704
NC_045512.2	8378	A	T	37009	25475	47	2	2	33	5.40351e-05	37013	1	FALSE	ORF1ab:cds-YP_009724389.1	AAA	K	TAA	*	2705
NC_045512.2	8378	A	T	37009	25475	47	2	2	33	5.40351e-05	37013	1	FALSE	ORF1ab:cds-YP_009725295.1	AAA	K	TAA	*	2705
NC_045512.2	8378	A	G	37009	25475	47	2	0	55	5.40351e-05	37013	0.24999	FALSE	ORF1ab:cds-YP_009724389.1	AAA	K	GAA	E	2705
NC_045512.2	8378	A	G	37009	25475	47	2	0	55	5.40351e-05	37013	0.24999	FALSE	ORF1ab:cds-YP_009725295.1	AAA	K	GAA	E	2705
NC_045512.2	8379	A	T	36896	25452	47	2	2	28	5.41961e-05	36903	1	FALSE	ORF1ab:cds-YP_009724389.1	AAA	K	ATA	I	2705
NC_045512.2	8379	A	T	36896	25452	47	2	2	28	5.41961e-05	36903	1	FALSE	ORF1ab:cds-YP_009725295.1	AAA	K	ATA	I	2705
NC_045512.2	8379	A	G	36896	25452	47	4	3	46	0.000108392	36903	0.49997	FALSE	ORF1ab:cds-YP_009724389.1	AAA	K	AGA	R	2705
NC_045512.2	8379	A	G	36896	25452	47	4	3	46	0.000108392	36903	0.49997	FALSE	ORF1ab:cds-YP_009725295.1	AAA	K	AGA	R	2705
NC_045512.2	8379	A	C	36896	25452	47	1	1	37	2.70981e-05	36903	1	FALSE	ORF1ab:cds-YP_009724389.1	AAA	K	ACA	T	2705
NC_045512.2	8379	A	C	36896	25452	47	1	1	37	2.70981e-05	36903	1	FALSE	ORF1ab:cds-YP_009725295.1	AAA	K	ACA	T	2705
NC_045512.2	8380	A	T	36442	25097	47	2	1	49	5.48591e-05	36457	0.812406	FALSE	ORF1ab:cds-YP_009724389.1	AAA	K	AAT	N	2705
NC_045512.2	8380	A	T	36442	25097	47	2	1	49	5.48591e-05	36457	0.812406	FALSE	ORF1ab:cds-YP_009725295.1	AAA	K	AAT	N	2705
NC_045512.2	8380	A	G	36442	25097	47	5	5	33	0.000137148	36457	1	FALSE	ORF1ab:cds-YP_009724389.1	AAA	K	AAG	K	2705
NC_045512.2	8380	A	G	36442	25097	47	5	5	33	0.000137148	36457	1	FALSE	ORF1ab:cds-YP_009725295.1	AAA	K	AAG	K	2705
NC_045512.2	8380	A	C	36442	25097	47	8	3	34	0.000219437	36457	0.999997	FALSE	ORF1ab:cds-YP_009724389.1	AAA	K	AAC	N	2705
NC_045512.2	8380	A	C	36442	25097	47	8	3	34	0.000219437	36457	0.999997	FALSE	ORF1ab:cds-YP_009725295.1	AAA	K	AAC	N	2705
NC_045512.2	8381	A	T	36744	27011	46	2	2	37	5.44144e-05	36755	1	FALSE	ORF1ab:cds-YP_009724389.1	AGT	S	TGT	C	2706
NC_045512.2	8381	A	T	36744	27011	46	2	2	37	5.44144e-05	36755	1	FALSE	ORF1ab:cds-YP_009725295.1	AGT	S	TGT	C	2706
NC_045512.2	8381	A	G	36744	27011	46	8	7	41	0.000217657	36755	0.113246	FALSE	ORF1ab:cds-YP_009724389.1	AGT	S	GGT	G	2706
NC_045512.2	8381	A	G	36744	27011	46	8	7	41	0.000217657	36755	0.113246	FALSE	ORF1ab:cds-YP_009725295.1	AGT	S	GGT	G	2706
NC_045512.2	8381	A	C	36744	27011	46	1	0	37	2.72072e-05	36755	1	FALSE	ORF1ab:cds-YP_009724389.1	AGT	S	CGT	R	2706
NC_045512.2	8381	A	C	36744	27011	46	1	0	37	2.72072e-05	36755	1	FALSE	ORF1ab:cds-YP_009725295.1	AGT	S	CGT	R	2706
NC_045512.2	8382	G	T	36810	27739	46	2	2	55	5.43168e-05	36821	0.249942	FALSE	ORF1ab:cds-YP_009724389.1	AGT	S	ATT	I	2706
NC_045512.2	8382	G	T	36810	27739	46	2	2	55	5.43168e-05	36821	0.249942	FALSE	ORF1ab:cds-YP_009725295.1	AGT	S	ATT	I	2706
NC_045512.2	8382	G	A	36810	27739	46	9	7	49	0.000244426	36821	0.0729751	FALSE	ORF1ab:cds-YP_009724389.1	AGT	S	AAT	N	2706
NC_045512.2	8382	G	A	36810	27739	46	9	7	49	0.000244426	36821	0.0729751	FALSE	ORF1ab:cds-YP_009725295.1	AGT	S	AAT	N	2706
NC_045512.2	8383	T	C	36934	27893	46	7	5	47	0.000189491	36941	0.171869	FALSE	ORF1ab:cds-YP_009724389.1	AGT	S	AGC	S	2706
NC_045512.2	8383	T	C	36934	27893	46	7	5	47	0.000189491	36941	0.171869	FALSE	ORF1ab:cds-YP_009725295.1	AGT	S	AGC	S	2706
NC_045512.2	8384	C	T	36904	27914	46	4	2	46	0.000108378	36908	0.500015	FALSE	ORF1ab:cds-YP_009724389.1	CAC	H	TAC	Y	2707
NC_045512.2	8384	C	T	36904	27914	46	4	2	46	0.000108378	36908	0.500015	FALSE	ORF1ab:cds-YP_009725295.1	CAC	H	TAC	Y	2707
NC_045512.2	8385	A	T	36949	27979	46	4	2	31	0.000108237	36956	1	FALSE	ORF1ab:cds-YP_009724389.1	CAC	H	CTC	L	2707
NC_045512.2	8385	A	T	36949	27979	46	4	2	31	0.000108237	36956	1	FALSE	ORF1ab:cds-YP_009725295.1	CAC	H	CTC	L	2707
NC_045512.2	8385	A	G	36949	27979	46	3	3	49	8.11776e-05	36956	0.656218	FALSE	ORF1ab:cds-YP_009724389.1	CAC	H	CGC	R	2707
NC_045512.2	8385	A	G	36949	27979	46	3	3	49	8.11776e-05	36956	0.656218	FALSE	ORF1ab:cds-YP_009725295.1	CAC	H	CGC	R	2707
NC_045512.2	8386	C	T	36613	28108	46	4	4	43	0.000109227	36621	0.499955	FALSE	ORF1ab:cds-YP_009724389.1	CAC	H	CAT	H	2707
NC_045512.2	8386	C	T	36613	28108	46	4	4	43	0.000109227	36621	0.499955	FALSE	ORF1ab:cds-YP_009725295.1	CAC	H	CAT	H	2707
NC_045512.2	8386	C	G	36613	28108	46	2	2	33	5.46135e-05	36621	1	FALSE	ORF1ab:cds-YP_009724389.1	CAC	H	CAG	Q	2707
NC_045512.2	8386	C	G	36613	28108	46	2	2	33	5.46135e-05	36621	1	FALSE	ORF1ab:cds-YP_009725295.1	CAC	H	CAG	Q	2707
NC_045512.2	8386	C	A	36613	28108	46	2	1	55	5.46135e-05	36621	0.249962	FALSE	ORF1ab:cds-YP_009724389.1	CAC	H	CAA	Q	2707
NC_045512.2	8386	C	A	36613	28108	46	2	1	55	5.46135e-05	36621	0.249962	FALSE	ORF1ab:cds-YP_009725295.1	CAC	H	CAA	Q	2707
NC_045512.2	8387	A	T	36737	28229	45	2	2	22	5.44247e-05	36748	1	FALSE	ORF1ab:cds-YP_009724389.1	AAC	N	TAC	Y	2708
NC_045512.2	8387	A	T	36737	28229	45	2	2	22	5.44247e-05	36748	1	FALSE	ORF1ab:cds-YP_009725295.1	AAC	N	TAC	Y	2708
NC_045512.2	8387	A	G	36737	28229	45	8	7	46	0.000217699	36748	0.113246	FALSE	ORF1ab:cds-YP_009724389.1	AAC	N	GAC	D	2708
NC_045512.2	8387	A	G	36737	28229	45	8	7	46	0.000217699	36748	0.113246	FALSE	ORF1ab:cds-YP_009725295.1	AAC	N	GAC	D	2708
NC_045512.2	8387	A	C	36737	28229	45	1	1	37	2.72124e-05	36748	1	FALSE	ORF1ab:cds-YP_009724389.1	AAC	N	CAC	H	2708
NC_045512.2	8387	A	C	36737	28229	45	1	1	37	2.72124e-05	36748	1	FALSE	ORF1ab:cds-YP_009725295.1	AAC	N	CAC	H	2708
NC_045512.2	8387	A	+G	36737	28229	45	4	0	20	0.000108849	36748	1	FALSE	NA	NA	NA	NA	NA	NA
NC_045512.2	8388	A	T	36500	28037	45	1	1	25	2.73943e-05	36504	1	FALSE	ORF1ab:cds-YP_009724389.1	AAC	N	ATC	I	2708
NC_045512.2	8388	A	T	36500	28037	45	1	1	25	2.73943e-05	36504	1	FALSE	ORF1ab:cds-YP_009725295.1	AAC	N	ATC	I	2708
NC_045512.2	8388	A	G	36500	28037	45	3	3	29	8.21828e-05	36504	1	FALSE	ORF1ab:cds-YP_009724389.1	AAC	N	AGC	S	2708
NC_045512.2	8388	A	G	36500	28037	45	3	3	29	8.21828e-05	36504	1	FALSE	ORF1ab:cds-YP_009725295.1	AAC	N	AGC	S	2708
NC_045512.2	8389	C	T	36464	28022	45	7	4	42	0.000191928	36472	0.171858	FALSE	ORF1ab:cds-YP_009724389.1	AAC	N	AAT	N	2708
NC_045512.2	8389	C	T	36464	28022	45	7	4	42	0.000191928	36472	0.171858	FALSE	ORF1ab:cds-YP_009725295.1	AAC	N	AAT	N	2708
NC_045512.2	8389	C	A	36464	28022	45	1	1	25	2.74183e-05	36472	1	FALSE	ORF1ab:cds-YP_009724389.1	AAC	N	AAA	K	2708
NC_045512.2	8389	C	A	36464	28022	45	1	1	25	2.74183e-05	36472	1	FALSE	ORF1ab:cds-YP_009725295.1	AAC	N	AAA	K	2708
NC_045512.2	8390	A	G	35517	27095	45	1	1	37	2.81524e-05	35521	1	FALSE	ORF1ab:cds-YP_009724389.1	ATT	I	GTT	V	2709
NC_045512.2	8390	A	G	35517	27095	45	1	1	37	2.81524e-05	35521	1	FALSE	ORF1ab:cds-YP_009725295.1	ATT	I	GTT	V	2709
NC_045512.2	8390	A	C	35517	27095	45	3	0	37	8.44571e-05	35521	1	FALSE	ORF1ab:cds-YP_009724389.1	ATT	I	CTT	L	2709
NC_045512.2	8390	A	C	35517	27095	45	3	0	37	8.44571e-05	35521	1	FALSE	ORF1ab:cds-YP_009725295.1	ATT	I	CTT	L	2709
NC_045512.2	8391	T	C	35029	26786	45	11	1	41	0.000313927	35040	0.0286778	FALSE	ORF1ab:cds-YP_009724389.1	ATT	I	ACT	T	2709
NC_045512.2	8391	T	C	35029	26786	45	11	1	41	0.000313927	35040	0.0286778	FALSE	ORF1ab:cds-YP_009725295.1	ATT	I	ACT	T	2709
NC_045512.2	8392	T	C	35165	26941	46	4	0	37	0.000113727	35172	1	FALSE	ORF1ab:cds-YP_009724389.1	ATT	I	ATC	I	2709
NC_045512.2	8392	T	C	35165	26941	46	4	0	37	0.000113727	35172	1	FALSE	ORF1ab:cds-YP_009725295.1	ATT	I	ATC	I	2709
NC_045512.2	8392	T	A	35165	26941	46	3	3	57	8.52951e-05	35172	0.124979	FALSE	ORF1ab:cds-YP_009724389.1	ATT	I	ATA	I	2709
NC_045512.2	8392	T	A	35165	26941	46	3	3	57	8.52951e-05	35172	0.124979	FALSE	ORF1ab:cds-YP_009725295.1	ATT	I	ATA	I	2709
NC_045512.2	8393	G	T	34592	27447	44	1	1	37	2.89026e-05	34599	1	FALSE	ORF1ab:cds-YP_009724389.1	GCT	A	TCT	S	2710
NC_045512.2	8393	G	T	34592	27447	44	1	1	37	2.89026e-05	34599	1	FALSE	ORF1ab:cds-YP_009725295.1	GCT	A	TCT	S	2710
NC_045512.2	8393	G	A	34592	27447	44	6	5	47	0.000173415	34599	0.253892	FALSE	ORF1ab:cds-YP_009724389.1	GCT	A	ACT	T	2710
NC_045512.2	8393	G	A	34592	27447	44	6	5	47	0.000173415	34599	0.253892	FALSE	ORF1ab:cds-YP_009725295.1	GCT	A	ACT	T	2710
NC_045512.2	8393	G	-C	34592	27447	44	4	0	20	0.00011561	34599	1	FALSE	NA	NA	NA	NA	NA	NA
NC_045512.2	8394	C	T	34324	27213	44	9	7	35	0.000262116	34336	0.999979	FALSE	ORF1ab:cds-YP_009724389.1	GCT	A	GTT	V	2710
NC_045512.2	8394	C	T	34324	27213	44	9	7	35	0.000262116	34336	0.999979	FALSE	ORF1ab:cds-YP_009725295.1	GCT	A	GTT	V	2710
NC_045512.2	8394	C	G	34324	27213	44	1	1	25	2.9124e-05	34336	1	FALSE	ORF1ab:cds-YP_009724389.1	GCT	A	GGT	G	2710
NC_045512.2	8394	C	G	34324	27213	44	1	1	25	2.9124e-05	34336	1	FALSE	ORF1ab:cds-YP_009725295.1	GCT	A	GGT	G	2710
NC_045512.2	8394	C	A	34324	27213	44	2	2	31	5.82479e-05	34336	1	FALSE	ORF1ab:cds-YP_009724389.1	GCT	A	GAT	D	2710
NC_045512.2	8394	C	A	34324	27213	44	2	2	31	5.82479e-05	34336	1	FALSE	ORF1ab:cds-YP_009725295.1	GCT	A	GAT	D	2710
NC_045512.2	8395	T	G	33642	26613	44	1	1	37	2.97194e-05	33648	1	FALSE	ORF1ab:cds-YP_009724389.1	GCT	A	GCG	A	2710
NC_045512.2	8395	T	G	33642	26613	44	1	1	37	2.97194e-05	33648	1	FALSE	ORF1ab:cds-YP_009725295.1	GCT	A	GCG	A	2710
NC_045512.2	8395	T	C	33642	26613	44	5	4	39	0.000148597	33648	1	FALSE	ORF1ab:cds-YP_009724389.1	GCT	A	GCC	A	2710
NC_045512.2	8395	T	C	33642	26613	44	5	4	39	0.000148597	33648	1	FALSE	ORF1ab:cds-YP_009725295.1	GCT	A	GCC	A	2710
NC_045512.2	8396	T	C	33814	26824	44	4	4	46	0.000118277	33819	0.5	FALSE	ORF1ab:cds-YP_009724389.1	TTG	L	CTG	L	2711
NC_045512.2	8396	T	C	33814	26824	44	4	4	46	0.000118277	33819	0.5	FALSE	ORF1ab:cds-YP_009725295.1	TTG	L	CTG	L	2711
NC_045512.2	8396	T	A	33814	26824	44	1	1	37	2.95692e-05	33819	1	FALSE	ORF1ab:cds-YP_009724389.1	TTG	L	ATG	M	2711
NC_045512.2	8396	T	A	33814	26824	44	1	1	37	2.95692e-05	33819	1	FALSE	ORF1ab:cds-YP_009725295.1	TTG	L	ATG	M	2711
NC_045512.2	8397	T	C	32655	25656	45	1	1	37	3.06213e-05	32657	1	FALSE	ORF1ab:cds-YP_009724389.1	TTG	L	TCG	S	2711
NC_045512.2	8397	T	C	32655	25656	45	1	1	37	3.06213e-05	32657	1	FALSE	ORF1ab:cds-YP_009725295.1	TTG	L	TCG	S	2711
NC_045512.2	8397	T	A	32655	25656	45	1	1	74	3.06213e-05	32657	0.5	FALSE	ORF1ab:cds-YP_009724389.1	TTG	L	TAG	*	2711
NC_045512.2	8397	T	A	32655	25656	45	1	1	74	3.06213e-05	32657	0.5	FALSE	ORF1ab:cds-YP_009725295.1	TTG	L	TAG	*	2711
NC_045512.2	8398	G	T	32496	25487	44	1	1	25	3.07721e-05	32497	1	FALSE	ORF1ab:cds-YP_009724389.1	TTG	L	TTT	F	2711
NC_045512.2	8398	G	T	32496	25487	44	1	1	25	3.07721e-05	32497	1	FALSE	ORF1ab:cds-YP_009725295.1	TTG	L	TTT	F	2711
NC_045512.2	8399	A	T	32544	25544	44	2	0	37	6.14515e-05	32546	1	FALSE	ORF1ab:cds-YP_009724389.1	ATA	I	TTA	L	2712
NC_045512.2	8399	A	T	32544	25544	44	2	0	37	6.14515e-05	32546	1	FALSE	ORF1ab:cds-YP_009725295.1	ATA	I	TTA	L	2712
NC_045512.2	8400	T	C	32474	25560	44	3	3	37	9.23702e-05	32478	1	FALSE	ORF1ab:cds-YP_009724389.1	ATA	I	ACA	T	2712
NC_045512.2	8400	T	C	32474	25560	44	3	3	37	9.23702e-05	32478	1	FALSE	ORF1ab:cds-YP_009725295.1	ATA	I	ACA	T	2712
NC_045512.2	8400	T	A	32474	25560	44	1	0	37	3.07901e-05	32478	1	FALSE	ORF1ab:cds-YP_009724389.1	ATA	I	AAA	K	2712
NC_045512.2	8400	T	A	32474	25560	44	1	0	37	3.07901e-05	32478	1	FALSE	ORF1ab:cds-YP_009725295.1	ATA	I	AAA	K	2712
NC_045512.2	8401	A	G	32302	25313	44	2	2	37	6.19118e-05	32304	1	FALSE	ORF1ab:cds-YP_009724389.1	ATA	I	ATG	M	2712
NC_045512.2	8401	A	G	32302	25313	44	2	2	37	6.19118e-05	32304	1	FALSE	ORF1ab:cds-YP_009725295.1	ATA	I	ATG	M	2712
NC_045512.2	8402	T	G	31340	24366	45	1	1	37	3.19051e-05	31343	1	FALSE	ORF1ab:cds-YP_009724389.1	TGG	W	GGG	G	2713
NC_045512.2	8402	T	G	31340	24366	45	1	1	37	3.19051e-05	31343	1	FALSE	ORF1ab:cds-YP_009725295.1	TGG	W	GGG	G	2713
NC_045512.2	8402	T	C	31340	24366	45	2	2	37	6.38101e-05	31343	1	FALSE	ORF1ab:cds-YP_009724389.1	TGG	W	CGG	R	2713
NC_045512.2	8402	T	C	31340	24366	45	2	2	37	6.38101e-05	31343	1	FALSE	ORF1ab:cds-YP_009725295.1	TGG	W	CGG	R	2713
NC_045512.2	8403	G	T	31144	24198	45	1	1	74	3.21079e-05	31145	0.500008	FALSE	ORF1ab:cds-YP_009724389.1	TGG	W	TTG	L	2713
NC_045512.2	8403	G	T	31144	24198	45	1	1	74	3.21079e-05	31145	0.500008	FALSE	ORF1ab:cds-YP_009725295.1	TGG	W	TTG	L	2713
NC_045512.2	8404	G	T	30933	24634	44	1	1	37	3.23238e-05	30937	1	FALSE	ORF1ab:cds-YP_009724389.1	TGG	W	TGT	C	2713
NC_045512.2	8404	G	T	30933	24634	44	1	1	37	3.23238e-05	30937	1	FALSE	ORF1ab:cds-YP_009725295.1	TGG	W	TGT	C	2713
NC_045512.2	8404	G	A	30933	24634	44	3	3	37	9.69713e-05	30937	1	FALSE	ORF1ab:cds-YP_009724389.1	TGG	W	TGA	*	2713
NC_045512.2	8404	G	A	30933	24634	44	3	3	37	9.69713e-05	30937	1	FALSE	ORF1ab:cds-YP_009725295.1	TGG	W	TGA	*	2713
NC_045512.2	8405	A	T	31002	24657	44	2	1	29	6.4487e-05	31014	1	FALSE	ORF1ab:cds-YP_009724389.1	AAC	N	TAC	Y	2714
NC_045512.2	8405	A	T	31002	24657	44	2	1	29	6.4487e-05	31014	1	FALSE	ORF1ab:cds-YP_009725295.1	AAC	N	TAC	Y	2714
NC_045512.2	8405	A	G	31002	24657	44	9	7	35	0.000290192	31014	0.999909	FALSE	ORF1ab:cds-YP_009724389.1	AAC	N	GAC	D	2714
NC_045512.2	8405	A	G	31002	24657	44	9	7	35	0.000290192	31014	0.999909	FALSE	ORF1ab:cds-YP_009725295.1	AAC	N	GAC	D	2714
NC_045512.2	8405	A	C	31002	24657	44	1	1	62	3.22435e-05	31014	0.499919	FALSE	ORF1ab:cds-YP_009724389.1	AAC	N	CAC	H	2714
NC_045512.2	8405	A	C	31002	24657	44	1	1	62	3.22435e-05	31014	0.499919	FALSE	ORF1ab:cds-YP_009725295.1	AAC	N	CAC	H	2714
NC_045512.2	8406	A	T	30602	24487	43	1	1	37	3.26712e-05	30608	1	FALSE	ORF1ab:cds-YP_009724389.1	AAC	N	ATC	I	2714
NC_045512.2	8406	A	T	30602	24487	43	1	1	37	3.26712e-05	30608	1	FALSE	ORF1ab:cds-YP_009725295.1	AAC	N	ATC	I	2714
NC_045512.2	8406	A	G	30602	24487	43	5	4	44	0.000163356	30608	0.363272	FALSE	ORF1ab:cds-YP_009724389.1	AAC	N	AGC	S	2714
NC_045512.2	8406	A	G	30602	24487	43	5	4	44	0.000163356	30608	0.363272	FALSE	ORF1ab:cds-YP_009725295.1	AAC	N	AGC	S	2714
NC_045512.2	8407	C	T	29123	22805	44	3	3	37	0.00010299	29129	1	FALSE	ORF1ab:cds-YP_009724389.1	AAC	N	AAT	N	2714
NC_045512.2	8407	C	T	29123	22805	44	3	3	37	0.00010299	29129	1	FALSE	ORF1ab:cds-YP_009725295.1	AAC	N	AAT	N	2714
NC_045512.2	8407	C	A	29123	22805	44	3	1	45	0.00010299	29129	0.499968	FALSE	ORF1ab:cds-YP_009724389.1	AAC	N	AAA	K	2714
NC_045512.2	8407	C	A	29123	22805	44	3	1	45	0.00010299	29129	0.499968	FALSE	ORF1ab:cds-YP_009725295.1	AAC	N	AAA	K	2714
NC_045512.2	8408	G	T	29080	22797	44	6	2	37	0.000206207	29097	0.999989	FALSE	ORF1ab:cds-YP_009724389.1	GTT	V	TTT	F	2715
NC_045512.2	8408	G	T	29080	22797	44	6	2	37	0.000206207	29097	0.999989	FALSE	ORF1ab:cds-YP_009725295.1	GTT	V	TTT	F	2715
NC_045512.2	8408	G	A	29080	22797	44	11	11	37	0.000378046	29097	0.998891	FALSE	ORF1ab:cds-YP_009724389.1	GTT	V	ATT	I	2715
NC_045512.2	8408	G	A	29080	22797	44	11	11	37	0.000378046	29097	0.998891	FALSE	ORF1ab:cds-YP_009725295.1	GTT	V	ATT	I	2715
NC_045512.2	8409	T	G	28797	22650	43	1	0	29	3.47198e-05	28802	1	FALSE	ORF1ab:cds-YP_009724389.1	GTT	V	GGT	G	2715
NC_045512.2	8409	T	G	28797	22650	43	1	0	29	3.47198e-05	28802	1	FALSE	ORF1ab:cds-YP_009725295.1	GTT	V	GGT	G	2715
NC_045512.2	8409	T	C	28797	22650	43	4	2	37	0.000138879	28802	0.999999	FALSE	ORF1ab:cds-YP_009724389.1	GTT	V	GCT	A	2715
NC_045512.2	8409	T	C	28797	22650	43	4	2	37	0.000138879	28802	0.999999	FALSE	ORF1ab:cds-YP_009725295.1	GTT	V	GCT	A	2715
NC_045512.2	8410	T	A	29059	22911	44	1	1	37	3.44116e-05	29060	1	FALSE	ORF1ab:cds-YP_009724389.1	GTT	V	GTA	V	2715
NC_045512.2	8410	T	A	29059	22911	44	1	1	37	3.44116e-05	29060	1	FALSE	ORF1ab:cds-YP_009725295.1	GTT	V	GTA	V	2715
NC_045512.2	8411	A	T	28775	23078	44	1	1	37	3.47476e-05	28779	1	FALSE	ORF1ab:cds-YP_009724389.1	AAA	K	TAA	*	2716
NC_045512.2	8411	A	T	28775	23078	44	1	1	37	3.47476e-05	28779	1	FALSE	ORF1ab:cds-YP_009725295.1	AAA	K	TAA	*	2716
NC_045512.2	8411	A	G	28775	23078	44	2	2	31	6.94951e-05	28779	1	FALSE	ORF1ab:cds-YP_009724389.1	AAA	K	GAA	E	2716
NC_045512.2	8411	A	G	28775	23078	44	2	2	31	6.94951e-05	28779	1	FALSE	ORF1ab:cds-YP_009725295.1	AAA	K	GAA	E	2716
NC_045512.2	8411	A	C	28775	23078	44	1	1	37	3.47476e-05	28779	1	FALSE	ORF1ab:cds-YP_009724389.1	AAA	K	CAA	Q	2716
NC_045512.2	8411	A	C	28775	23078	44	1	1	37	3.47476e-05	28779	1	FALSE	ORF1ab:cds-YP_009725295.1	AAA	K	CAA	Q	2716
NC_045512.2	8412	A	T	28426	22992	43	2	1	22	7.03532e-05	28428	1	FALSE	ORF1ab:cds-YP_009724389.1	AAA	K	ATA	I	2716
NC_045512.2	8412	A	T	28426	22992	43	2	1	22	7.03532e-05	28428	1	FALSE	ORF1ab:cds-YP_009725295.1	AAA	K	ATA	I	2716
NC_045512.2	8413	A	T	28394	22966	43	2	1	31	7.04225e-05	28400	1	FALSE	ORF1ab:cds-YP_009724389.1	AAA	K	AAT	N	2716
NC_045512.2	8413	A	T	28394	22966	43	2	1	31	7.04225e-05	28400	1	FALSE	ORF1ab:cds-YP_009725295.1	AAA	K	AAT	N	2716
NC_045512.2	8413	A	G	28394	22966	43	4	4	46	0.000140845	28400	0.343725	FALSE	ORF1ab:cds-YP_009724389.1	AAA	K	AAG	K	2716
NC_045512.2	8413	A	G	28394	22966	43	4	4	46	0.000140845	28400	0.343725	FALSE	ORF1ab:cds-YP_009725295.1	AAA	K	AAG	K	2716
NC_045512.2	8414	G	T	28498	23118	43	2	2	37	7.0173e-05	28501	1	FALSE	ORF1ab:cds-YP_009724389.1	GAT	D	TAT	Y	2717
NC_045512.2	8414	G	T	28498	23118	43	2	2	37	7.0173e-05	28501	1	FALSE	ORF1ab:cds-YP_009725295.1	GAT	D	TAT	Y	2717
NC_045512.2	8414	G	A	28498	23118	43	1	1	37	3.50865e-05	28501	1	FALSE	ORF1ab:cds-YP_009724389.1	GAT	D	AAT	N	2717
NC_045512.2	8414	G	A	28498	23118	43	1	1	37	3.50865e-05	28501	1	FALSE	ORF1ab:cds-YP_009725295.1	GAT	D	AAT	N	2717
NC_045512.2	8415	A	T	27693	22302	43	1	0	25	3.61076e-05	27695	1	FALSE	ORF1ab:cds-YP_009724389.1	GAT	D	GTT	V	2717
NC_045512.2	8415	A	T	27693	22302	43	1	0	25	3.61076e-05	27695	1	FALSE	ORF1ab:cds-YP_009725295.1	GAT	D	GTT	V	2717
NC_045512.2	8415	A	G	27693	22302	43	1	1	37	3.61076e-05	27695	1	FALSE	ORF1ab:cds-YP_009724389.1	GAT	D	GGT	G	2717
NC_045512.2	8415	A	G	27693	22302	43	1	1	37	3.61076e-05	27695	1	FALSE	ORF1ab:cds-YP_009725295.1	GAT	D	GGT	G	2717
NC_045512.2	8416	T	C	27347	21980	43	3	2	45	0.000109689	27350	0.500017	FALSE	ORF1ab:cds-YP_009724389.1	GAT	D	GAC	D	2717
NC_045512.2	8416	T	C	27347	21980	43	3	2	45	0.000109689	27350	0.500017	FALSE	ORF1ab:cds-YP_009725295.1	GAT	D	GAC	D	2717
NC_045512.2	8417	T	C	26790	21469	43	15	3	36	0.000559555	26807	0.970248	FALSE	ORF1ab:cds-YP_009724389.1	TTC	F	CTC	L	2718
NC_045512.2	8417	T	C	26790	21469	43	15	3	36	0.000559555	26807	0.970248	FALSE	ORF1ab:cds-YP_009725295.1	TTC	F	CTC	L	2718
NC_045512.2	8417	T	A	26790	21469	43	2	2	37	7.46074e-05	26807	1	FALSE	ORF1ab:cds-YP_009724389.1	TTC	F	ATC	I	2718
NC_045512.2	8417	T	A	26790	21469	43	2	2	37	7.46074e-05	26807	1	FALSE	ORF1ab:cds-YP_009725295.1	TTC	F	ATC	I	2718
NC_045512.2	8418	T	C	26862	21523	43	4	2	37	0.000148876	26868	0.999996	FALSE	ORF1ab:cds-YP_009724389.1	TTC	F	TCC	S	2718
NC_045512.2	8418	T	C	26862	21523	43	4	2	37	0.000148876	26868	0.999996	FALSE	ORF1ab:cds-YP_009725295.1	TTC	F	TCC	S	2718
NC_045512.2	8418	T	A	26862	21523	43	2	2	55	7.4438e-05	26868	0.249967	FALSE	ORF1ab:cds-YP_009724389.1	TTC	F	TAC	Y	2718
NC_045512.2	8418	T	A	26862	21523	43	2	2	55	7.4438e-05	26868	0.249967	FALSE	ORF1ab:cds-YP_009725295.1	TTC	F	TAC	Y	2718
NC_045512.2	8419	C	T	26453	21820	42	5	4	37	0.000188972	26459	0.999983	FALSE	ORF1ab:cds-YP_009724389.1	TTC	F	TTT	F	2718
NC_045512.2	8419	C	T	26453	21820	42	5	4	37	0.000188972	26459	0.999983	FALSE	ORF1ab:cds-YP_009725295.1	TTC	F	TTT	F	2718
NC_045512.2	8419	C	A	26453	21820	42	1	1	37	3.77943e-05	26459	1	FALSE	ORF1ab:cds-YP_009724389.1	TTC	F	TTA	L	2718
NC_045512.2	8419	C	A	26453	21820	42	1	1	37	3.77943e-05	26459	1	FALSE	ORF1ab:cds-YP_009725295.1	TTC	F	TTA	L	2718
NC_045512.2	8420	A	T	26199	22026	42	1	1	25	3.81592e-05	26206	1	FALSE	ORF1ab:cds-YP_009724389.1	ATG	M	TTG	L	2719
NC_045512.2	8420	A	T	26199	22026	42	1	1	25	3.81592e-05	26206	1	FALSE	ORF1ab:cds-YP_009725295.1	ATG	M	TTG	L	2719
NC_045512.2	8420	A	G	26199	22026	42	5	5	34	0.000190796	26206	0.999983	FALSE	ORF1ab:cds-YP_009724389.1	ATG	M	GTG	V	2719
NC_045512.2	8420	A	G	26199	22026	42	5	5	34	0.000190796	26206	0.999983	FALSE	ORF1ab:cds-YP_009725295.1	ATG	M	GTG	V	2719
NC_045512.2	8420	A	C	26199	22026	42	1	0	25	3.81592e-05	26206	1	FALSE	ORF1ab:cds-YP_009724389.1	ATG	M	CTG	L	2719
NC_045512.2	8420	A	C	26199	22026	42	1	0	25	3.81592e-05	26206	1	FALSE	ORF1ab:cds-YP_009725295.1	ATG	M	CTG	L	2719
NC_045512.2	8421	T	C	26246	22130	42	3	3	49	0.00011429	26249	0.500018	FALSE	ORF1ab:cds-YP_009724389.1	ATG	M	ACG	T	2719
NC_045512.2	8421	T	C	26246	22130	42	3	3	49	0.00011429	26249	0.500018	FALSE	ORF1ab:cds-YP_009725295.1	ATG	M	ACG	T	2719
NC_045512.2	8422	G	T	26272	22186	42	3	2	74	0.000114173	26276	0.124993	FALSE	ORF1ab:cds-YP_009724389.1	ATG	M	ATT	I	2719
NC_045512.2	8422	G	T	26272	22186	42	3	2	74	0.000114173	26276	0.124993	FALSE	ORF1ab:cds-YP_009725295.1	ATG	M	ATT	I	2719
NC_045512.2	8422	G	A	26272	22186	42	1	1	37	3.80575e-05	26276	1	FALSE	ORF1ab:cds-YP_009724389.1	ATG	M	ATA	I	2719
NC_045512.2	8422	G	A	26272	22186	42	1	1	37	3.80575e-05	26276	1	FALSE	ORF1ab:cds-YP_009725295.1	ATG	M	ATA	I	2719
NC_045512.2	8423	T	C	24891	20821	42	4	4	43	0.000160668	24896	0.343741	FALSE	ORF1ab:cds-YP_009724389.1	TCA	S	CCA	P	2720
NC_045512.2	8423	T	C	24891	20821	42	4	4	43	0.000160668	24896	0.343741	FALSE	ORF1ab:cds-YP_009725295.1	TCA	S	CCA	P	2720
NC_045512.2	8423	T	A	24891	20821	42	1	0	74	4.01671e-05	24896	0.49997	FALSE	ORF1ab:cds-YP_009724389.1	TCA	S	ACA	T	2720
NC_045512.2	8423	T	A	24891	20821	42	1	0	74	4.01671e-05	24896	0.49997	FALSE	ORF1ab:cds-YP_009725295.1	TCA	S	ACA	T	2720
NC_045512.2	8424	C	T	24800	20739	42	2	2	37	8.06354e-05	24803	1	FALSE	ORF1ab:cds-YP_009724389.1	TCA	S	TTA	L	2720
NC_045512.2	8424	C	T	24800	20739	42	2	2	37	8.06354e-05	24803	1	FALSE	ORF1ab:cds-YP_009725295.1	TCA	S	TTA	L	2720
NC_045512.2	8424	C	A	24800	20739	42	1	1	37	4.03177e-05	24803	1	FALSE	ORF1ab:cds-YP_009724389.1	TCA	S	TAA	*	2720
NC_045512.2	8424	C	A	24800	20739	42	1	1	37	4.03177e-05	24803	1	FALSE	ORF1ab:cds-YP_009725295.1	TCA	S	TAA	*	2720
NC_045512.2	8425	A	T	24526	20513	41	4	4	28	0.000163026	24536	1	FALSE	ORF1ab:cds-YP_009724389.1	TCA	S	TCT	S	2720
NC_045512.2	8425	A	T	24526	20513	41	4	4	28	0.000163026	24536	1	FALSE	ORF1ab:cds-YP_009725295.1	TCA	S	TCT	S	2720
NC_045512.2	8425	A	G	24526	20513	41	2	2	37	8.15129e-05	24536	1	FALSE	ORF1ab:cds-YP_009724389.1	TCA	S	TCG	S	2720
NC_045512.2	8425	A	G	24526	20513	41	2	2	37	8.15129e-05	24536	1	FALSE	ORF1ab:cds-YP_009725295.1	TCA	S	TCG	S	2720
NC_045512.2	8425	A	C	24526	20513	41	4	0	37	0.000163026	24536	0.999986	FALSE	ORF1ab:cds-YP_009724389.1	TCA	S	TCC	S	2720
NC_045512.2	8425	A	C	24526	20513	41	4	0	37	0.000163026	24536	0.999986	FALSE	ORF1ab:cds-YP_009725295.1	TCA	S	TCC	S	2720
NC_045512.2	8426	T	C	24451	20917	41	4	4	34	0.000163559	24456	0.999986	FALSE	ORF1ab:cds-YP_009724389.1	TTG	L	CTG	L	2721
NC_045512.2	8426	T	C	24451	20917	41	4	4	34	0.000163559	24456	0.999986	FALSE	ORF1ab:cds-YP_009725295.1	TTG	L	CTG	L	2721
NC_045512.2	8426	T	A	24451	20917	41	1	1	37	4.08898e-05	24456	1	FALSE	ORF1ab:cds-YP_009724389.1	TTG	L	ATG	M	2721
NC_045512.2	8426	T	A	24451	20917	41	1	1	37	4.08898e-05	24456	1	FALSE	ORF1ab:cds-YP_009725295.1	TTG	L	ATG	M	2721
NC_045512.2	8426	T	+C	24451	20917	41	1	0	20	4.08898e-05	24456	1	FALSE	NA	NA	NA	NA	NA	NA
NC_045512.2	8427	T	G	24385	21142	41	1	1	37	4.10038e-05	24388	1	FALSE	ORF1ab:cds-YP_009724389.1	TTG	L	TGG	W	2721
NC_045512.2	8427	T	G	24385	21142	41	1	1	37	4.10038e-05	24388	1	FALSE	ORF1ab:cds-YP_009725295.1	TTG	L	TGG	W	2721
NC_045512.2	8427	T	C	24385	21142	41	2	1	37	8.20075e-05	24388	1	FALSE	ORF1ab:cds-YP_009724389.1	TTG	L	TCG	S	2721
NC_045512.2	8427	T	C	24385	21142	41	2	1	37	8.20075e-05	24388	1	FALSE	ORF1ab:cds-YP_009725295.1	TTG	L	TCG	S	2721
NC_045512.2	8428	G	A	24343	21108	40	2	2	37	8.21524e-05	24345	1	FALSE	ORF1ab:cds-YP_009724389.1	TTG	L	TTA	L	2721
NC_045512.2	8428	G	A	24343	21108	40	2	2	37	8.21524e-05	24345	1	FALSE	ORF1ab:cds-YP_009725295.1	TTG	L	TTA	L	2721
NC_045512.2	8428	G	-T	24343	21108	40	2	0	20	8.21524e-05	24345	1	FALSE	NA	NA	NA	NA	NA	NA
NC_045512.2	8429	T	C	24300	21055	41	1	0	74	4.11506e-05	24301	0.49999	FALSE	ORF1ab:cds-YP_009724389.1	TCT	S	CCT	P	2722
NC_045512.2	8429	T	C	24300	21055	41	1	0	74	4.11506e-05	24301	0.49999	FALSE	ORF1ab:cds-YP_009725295.1	TCT	S	CCT	P	2722
NC_045512.2	8430	C	T	24011	20764	41	4	4	37	0.000166563	24015	0.999986	FALSE	ORF1ab:cds-YP_009724389.1	TCT	S	TTT	F	2722
NC_045512.2	8430	C	T	24011	20764	41	4	4	37	0.000166563	24015	0.999986	FALSE	ORF1ab:cds-YP_009725295.1	TCT	S	TTT	F	2722
NC_045512.2	8431	T	G	23314	20093	41	1	1	37	4.28743e-05	23324	1	FALSE	ORF1ab:cds-YP_009724389.1	TCT	S	TCG	S	2722
NC_045512.2	8431	T	G	23314	20093	41	1	1	37	4.28743e-05	23324	1	FALSE	ORF1ab:cds-YP_009725295.1	TCT	S	TCG	S	2722
NC_045512.2	8431	T	C	23314	20093	41	9	6	41	0.000385869	23324	0.0326993	FALSE	ORF1ab:cds-YP_009724389.1	TCT	S	TCC	S	2722
NC_045512.2	8431	T	C	23314	20093	41	9	6	41	0.000385869	23324	0.0326993	FALSE	ORF1ab:cds-YP_009725295.1	TCT	S	TCC	S	2722
NC_045512.2	8432	G	A	23204	20048	41	1	0	37	4.30942e-05	23205	1	FALSE	ORF1ab:cds-YP_009724389.1	GAA	E	AAA	K	2723
NC_045512.2	8432	G	A	23204	20048	41	1	0	37	4.30942e-05	23205	1	FALSE	ORF1ab:cds-YP_009725295.1	GAA	E	AAA	K	2723
NC_045512.2	8433	A	T	23196	20075	41	2	2	31	8.62032e-05	23201	0.999999	FALSE	ORF1ab:cds-YP_009724389.1	GAA	E	GTA	V	2723
NC_045512.2	8433	A	T	23196	20075	41	2	2	31	8.62032e-05	23201	0.999999	FALSE	ORF1ab:cds-YP_009725295.1	GAA	E	GTA	V	2723
NC_045512.2	8433	A	G	23196	20075	41	3	3	49	0.000129305	23201	0.49998	FALSE	ORF1ab:cds-YP_009724389.1	GAA	E	GGA	G	2723
NC_045512.2	8433	A	G	23196	20075	41	3	3	49	0.000129305	23201	0.49998	FALSE	ORF1ab:cds-YP_009725295.1	GAA	E	GGA	G	2723
NC_045512.2	8434	A	G	23139	20028	41	3	3	37	0.000129634	23142	0.999995	FALSE	ORF1ab:cds-YP_009724389.1	GAA	E	GAG	E	2723
NC_045512.2	8434	A	G	23139	20028	41	3	3	37	0.000129634	23142	0.999995	FALSE	ORF1ab:cds-YP_009725295.1	GAA	E	GAG	E	2723
NC_045512.2	8435	C	T	23060	20061	41	3	3	37	0.000130073	23064	0.999995	FALSE	ORF1ab:cds-YP_009724389.1	CAA	Q	TAA	*	2724
NC_045512.2	8435	C	T	23060	20061	41	3	3	37	0.000130073	23064	0.999995	FALSE	ORF1ab:cds-YP_009725295.1	CAA	Q	TAA	*	2724
NC_045512.2	8435	C	A	23060	20061	41	1	1	37	4.33576e-05	23064	1	FALSE	ORF1ab:cds-YP_009724389.1	CAA	Q	AAA	K	2724
NC_045512.2	8435	C	A	23060	20061	41	1	1	37	4.33576e-05	23064	1	FALSE	ORF1ab:cds-YP_009725295.1	CAA	Q	AAA	K	2724
NC_045512.2	8436	A	T	22205	19220	41	1	1	37	4.50268e-05	22209	1	FALSE	ORF1ab:cds-YP_009724389.1	CAA	Q	CTA	L	2724
NC_045512.2	8436	A	T	22205	19220	41	1	1	37	4.50268e-05	22209	1	FALSE	ORF1ab:cds-YP_009725295.1	CAA	Q	CTA	L	2724
NC_045512.2	8436	A	G	22205	19220	41	1	1	37	4.50268e-05	22209	1	FALSE	ORF1ab:cds-YP_009724389.1	CAA	Q	CGA	R	2724
NC_045512.2	8436	A	G	22205	19220	41	1	1	37	4.50268e-05	22209	1	FALSE	ORF1ab:cds-YP_009725295.1	CAA	Q	CGA	R	2724
NC_045512.2	8436	A	C	22205	19220	41	2	0	37	9.00536e-05	22209	0.999999	FALSE	ORF1ab:cds-YP_009724389.1	CAA	Q	CCA	P	2724
NC_045512.2	8436	A	C	22205	19220	41	2	0	37	9.00536e-05	22209	0.999999	FALSE	ORF1ab:cds-YP_009725295.1	CAA	Q	CCA	P	2724
NC_045512.2	8437	A	G	21613	18816	40	3	3	37	0.000138754	21621	0.999982	FALSE	ORF1ab:cds-YP_009724389.1	CAA	Q	CAG	Q	2724
NC_045512.2	8437	A	G	21613	18816	40	3	3	37	0.000138754	21621	0.999982	FALSE	ORF1ab:cds-YP_009725295.1	CAA	Q	CAG	Q	2724
NC_045512.2	8437	A	C	21613	18816	40	5	0	37	0.000231257	21621	0.999734	FALSE	ORF1ab:cds-YP_009724389.1	CAA	Q	CAC	H	2724
NC_045512.2	8437	A	C	21613	18816	40	5	0	37	0.000231257	21621	0.999734	FALSE	ORF1ab:cds-YP_009725295.1	CAA	Q	CAC	H	2724
NC_045512.2	8438	C	T	21487	19001	40	4	4	46	0.000186107	21493	0.343717	FALSE	ORF1ab:cds-YP_009724389.1	CTA	L	TTA	L	2725
NC_045512.2	8438	C	T	21487	19001	40	4	4	46	0.000186107	21493	0.343717	FALSE	ORF1ab:cds-YP_009725295.1	CTA	L	TTA	L	2725
NC_045512.2	8438	C	G	21487	19001	40	1	1	37	4.65268e-05	21493	1	FALSE	ORF1ab:cds-YP_009724389.1	CTA	L	GTA	V	2725
NC_045512.2	8438	C	G	21487	19001	40	1	1	37	4.65268e-05	21493	1	FALSE	ORF1ab:cds-YP_009725295.1	CTA	L	GTA	V	2725
NC_045512.2	8438	C	A	21487	19001	40	1	1	37	4.65268e-05	21493	1	FALSE	ORF1ab:cds-YP_009724389.1	CTA	L	ATA	I	2725
NC_045512.2	8438	C	A	21487	19001	40	1	1	37	4.65268e-05	21493	1	FALSE	ORF1ab:cds-YP_009725295.1	CTA	L	ATA	I	2725
NC_045512.2	8438	C	-T	21487	19001	40	1	0	20	4.65268e-05	21493	1	FALSE	NA	NA	NA	NA	NA	NA
NC_045512.2	8439	T	C	21219	18762	40	4	4	46	0.000188466	21224	0.343717	FALSE	ORF1ab:cds-YP_009724389.1	CTA	L	CCA	P	2725
NC_045512.2	8439	T	C	21219	18762	40	4	4	46	0.000188466	21224	0.343717	FALSE	ORF1ab:cds-YP_009725295.1	CTA	L	CCA	P	2725
NC_045512.2	8439	T	A	21219	18762	40	1	1	37	4.71165e-05	21224	1	FALSE	ORF1ab:cds-YP_009724389.1	CTA	L	CAA	Q	2725
NC_045512.2	8439	T	A	21219	18762	40	1	1	37	4.71165e-05	21224	1	FALSE	ORF1ab:cds-YP_009725295.1	CTA	L	CAA	Q	2725
NC_045512.2	8440	A	G	21011	18650	40	4	4	34	0.00019034	21015	0.999922	FALSE	ORF1ab:cds-YP_009724389.1	CTA	L	CTG	L	2725
NC_045512.2	8440	A	G	21011	18650	40	4	4	34	0.00019034	21015	0.999922	FALSE	ORF1ab:cds-YP_009725295.1	CTA	L	CTG	L	2725
NC_045512.2	8441	C	T	20568	18215	40	5	5	37	0.000243025	20574	0.999546	FALSE	ORF1ab:cds-YP_009724389.1	CGA	R	TGA	*	2726
NC_045512.2	8441	C	T	20568	18215	40	5	5	37	0.000243025	20574	0.999546	FALSE	ORF1ab:cds-YP_009725295.1	CGA	R	TGA	*	2726
NC_045512.2	8441	C	A	20568	18215	40	1	1	37	4.8605e-05	20574	1	FALSE	ORF1ab:cds-YP_009724389.1	CGA	R	AGA	R	2726
NC_045512.2	8441	C	A	20568	18215	40	1	1	37	4.8605e-05	20574	1	FALSE	ORF1ab:cds-YP_009725295.1	CGA	R	AGA	R	2726
NC_045512.2	8442	G	T	20381	18436	39	2	0	37	9.81162e-05	20384	0.999995	FALSE	ORF1ab:cds-YP_009724389.1	CGA	R	CTA	L	2726
NC_045512.2	8442	G	T	20381	18436	39	2	0	37	9.81162e-05	20384	0.999995	FALSE	ORF1ab:cds-YP_009725295.1	CGA	R	CTA	L	2726
NC_045512.2	8442	G	A	20381	18436	39	1	1	37	4.90581e-05	20384	1	FALSE	ORF1ab:cds-YP_009724389.1	CGA	R	CAA	Q	2726
NC_045512.2	8442	G	A	20381	18436	39	1	1	37	4.90581e-05	20384	1	FALSE	ORF1ab:cds-YP_009725295.1	CGA	R	CAA	Q	2726
NC_045512.2	8443	A	G	20404	18519	39	3	3	37	0.000147008	20407	0.999967	FALSE	ORF1ab:cds-YP_009724389.1	CGA	R	CGG	R	2726
NC_045512.2	8443	A	G	20404	18519	39	3	3	37	0.000147008	20407	0.999967	FALSE	ORF1ab:cds-YP_009725295.1	CGA	R	CGG	R	2726
NC_045512.2	8444	A	G	20013	18292	39	1	1	37	4.99625e-05	20015	1	FALSE	ORF1ab:cds-YP_009724389.1	AAA	K	GAA	E	2727
NC_045512.2	8444	A	G	20013	18292	39	1	1	37	4.99625e-05	20015	1	FALSE	ORF1ab:cds-YP_009725295.1	AAA	K	GAA	E	2727
NC_045512.2	8444	A	C	20013	18292	39	1	1	37	4.99625e-05	20015	1	FALSE	ORF1ab:cds-YP_009724389.1	AAA	K	CAA	Q	2727
NC_045512.2	8444	A	C	20013	18292	39	1	1	37	4.99625e-05	20015	1	FALSE	ORF1ab:cds-YP_009725295.1	AAA	K	CAA	Q	2727
NC_045512.2	8445	A	G	19830	18369	38	1	1	37	5.04261e-05	19831	0.999999	FALSE	ORF1ab:cds-YP_009724389.1	AAA	K	AGA	R	2727
NC_045512.2	8445	A	G	19830	18369	38	1	1	37	5.04261e-05	19831	0.999999	FALSE	ORF1ab:cds-YP_009725295.1	AAA	K	AGA	R	2727
NC_045512.2	8446	A	G	19812	18382	38	3	3	33	0.0001514	19815	0.99994	FALSE	ORF1ab:cds-YP_009724389.1	AAA	K	AAG	K	2727
NC_045512.2	8446	A	G	19812	18382	38	3	3	33	0.0001514	19815	0.99994	FALSE	ORF1ab:cds-YP_009725295.1	AAA	K	AAG	K	2727
NC_045512.2	8447	C	T	19761	18537	38	4	4	37	0.000202368	19766	0.999757	FALSE	ORF1ab:cds-YP_009724389.1	CAA	Q	TAA	*	2728
NC_045512.2	8447	C	T	19761	18537	38	4	4	37	0.000202368	19766	0.999757	FALSE	ORF1ab:cds-YP_009725295.1	CAA	Q	TAA	*	2728
NC_045512.2	8447	C	A	19761	18537	38	1	1	37	5.05919e-05	19766	0.999999	FALSE	ORF1ab:cds-YP_009724389.1	CAA	Q	AAA	K	2728
NC_045512.2	8447	C	A	19761	18537	38	1	1	37	5.05919e-05	19766	0.999999	FALSE	ORF1ab:cds-YP_009725295.1	CAA	Q	AAA	K	2728
NC_045512.2	8448	A	G	19677	18455	38	1	1	37	5.08182e-05	19678	0.999999	FALSE	ORF1ab:cds-YP_009724389.1	CAA	Q	CGA	R	2728
NC_045512.2	8448	A	G	19677	18455	38	1	1	37	5.08182e-05	19678	0.999999	FALSE	ORF1ab:cds-YP_009725295.1	CAA	Q	CGA	R	2728
NC_045512.2	8449	A	T	19454	18237	38	3	3	37	0.000154154	19461	0.99994	FALSE	ORF1ab:cds-YP_009724389.1	CAA	Q	CAT	H	2728
NC_045512.2	8449	A	T	19454	18237	38	3	3	37	0.000154154	19461	0.99994	FALSE	ORF1ab:cds-YP_009725295.1	CAA	Q	CAT	H	2728
NC_045512.2	8449	A	G	19454	18237	38	4	4	34	0.000205539	19461	0.999757	FALSE	ORF1ab:cds-YP_009724389.1	CAA	Q	CAG	Q	2728
NC_045512.2	8449	A	G	19454	18237	38	4	4	34	0.000205539	19461	0.999757	FALSE	ORF1ab:cds-YP_009725295.1	CAA	Q	CAG	Q	2728
NC_045512.2	8450	A	T	19432	18245	38	2	2	37	0.000102897	19437	0.99999	FALSE	ORF1ab:cds-YP_009724389.1	ATA	I	TTA	L	2729
NC_045512.2	8450	A	T	19432	18245	38	2	2	37	0.000102897	19437	0.99999	FALSE	ORF1ab:cds-YP_009725295.1	ATA	I	TTA	L	2729
NC_045512.2	8450	A	G	19432	18245	38	2	2	31	0.000102897	19437	0.99999	FALSE	ORF1ab:cds-YP_009724389.1	ATA	I	GTA	V	2729
NC_045512.2	8450	A	G	19432	18245	38	2	2	31	0.000102897	19437	0.99999	FALSE	ORF1ab:cds-YP_009725295.1	ATA	I	GTA	V	2729
NC_045512.2	8450	A	C	19432	18245	38	1	1	25	5.14483e-05	19437	1	FALSE	ORF1ab:cds-YP_009724389.1	ATA	I	CTA	L	2729
NC_045512.2	8450	A	C	19432	18245	38	1	1	25	5.14483e-05	19437	1	FALSE	ORF1ab:cds-YP_009725295.1	ATA	I	CTA	L	2729
NC_045512.2	8451	T	C	19489	18313	38	2	1	37	0.000102611	19491	0.99999	FALSE	ORF1ab:cds-YP_009724389.1	ATA	I	ACA	T	2729
NC_045512.2	8451	T	C	19489	18313	38	2	1	37	0.000102611	19491	0.99999	FALSE	ORF1ab:cds-YP_009725295.1	ATA	I	ACA	T	2729
NC_045512.2	8453	C	T	19541	18376	38	14	13	37	0.000715929	19555	0.852033	FALSE	ORF1ab:cds-YP_009724389.1	CGT	R	TGT	C	2730
NC_045512.2	8453	C	T	19541	18376	38	14	13	37	0.000715929	19555	0.852033	FALSE	ORF1ab:cds-YP_009725295.1	CGT	R	TGT	C	2730
NC_045512.2	8454	G	C	18732	17639	38	2	0	37	0.000106735	18738	0.99998	FALSE	ORF1ab:cds-YP_009724389.1	CGT	R	CCT	P	2730
NC_045512.2	8454	G	C	18732	17639	38	2	0	37	0.000106735	18738	0.99998	FALSE	ORF1ab:cds-YP_009725295.1	CGT	R	CCT	P	2730
NC_045512.2	8454	G	A	18732	17639	38	4	4	37	0.00021347	18738	0.999573	FALSE	ORF1ab:cds-YP_009724389.1	CGT	R	CAT	H	2730
NC_045512.2	8454	G	A	18732	17639	38	4	4	37	0.00021347	18738	0.999573	FALSE	ORF1ab:cds-YP_009725295.1	CGT	R	CAT	H	2730
NC_045512.2	8455	T	C	18555	17589	38	9	8	37	0.000484783	18565	0.973923	FALSE	ORF1ab:cds-YP_009724389.1	CGT	R	CGC	R	2730
NC_045512.2	8455	T	C	18555	17589	38	9	8	37	0.000484783	18565	0.973923	FALSE	ORF1ab:cds-YP_009725295.1	CGT	R	CGC	R	2730
NC_045512.2	8455	T	A	18555	17589	38	1	1	37	5.38648e-05	18565	0.999998	FALSE	ORF1ab:cds-YP_009724389.1	CGT	R	CGA	R	2730
NC_045512.2	8455	T	A	18555	17589	38	1	1	37	5.38648e-05	18565	0.999998	FALSE	ORF1ab:cds-YP_009725295.1	CGT	R	CGA	R	2730
NC_045512.2	8456	A	G	13969	13076	38	2	2	37	0.00014299	13987	0.99951	FALSE	ORF1ab:cds-YP_009724389.1	AGT	S	GGT	G	2731
NC_045512.2	8456	A	G	13969	13076	38	2	2	37	0.00014299	13987	0.99951	FALSE	ORF1ab:cds-YP_009725295.1	AGT	S	GGT	G	2731
NC_045512.2	8456	A	C	13969	13076	38	16	0	37	0.00114392	13987	0.355391	FALSE	ORF1ab:cds-YP_009724389.1	AGT	S	CGT	R	2731
NC_045512.2	8456	A	C	13969	13076	38	16	0	37	0.00114392	13987	0.355391	FALSE	ORF1ab:cds-YP_009725295.1	AGT	S	CGT	R	2731
NC_045512.2	8457	G	C	13910	13157	38	1	1	25	7.18856e-05	13911	1	FALSE	ORF1ab:cds-YP_009724389.1	AGT	S	ACT	T	2731
NC_045512.2	8457	G	C	13910	13157	38	1	1	25	7.18856e-05	13911	1	FALSE	ORF1ab:cds-YP_009725295.1	AGT	S	ACT	T	2731
NC_045512.2	8458	T	C	13158	12419	38	7	2	35	0.000531713	13165	0.942429	FALSE	ORF1ab:cds-YP_009724389.1	AGT	S	AGC	S	2731
NC_045512.2	8458	T	C	13158	12419	38	7	2	35	0.000531713	13165	0.942429	FALSE	ORF1ab:cds-YP_009725295.1	AGT	S	AGC	S	2731
NC_045512.2	8459	G	C	12850	12482	37	1	1	37	7.77786e-05	12857	0.999878	FALSE	ORF1ab:cds-YP_009724389.1	GCT	A	CCT	P	2732
NC_045512.2	8459	G	C	12850	12482	37	1	1	37	7.77786e-05	12857	0.999878	FALSE	ORF1ab:cds-YP_009725295.1	GCT	A	CCT	P	2732
NC_045512.2	8459	G	A	12850	12482	37	6	6	37	0.000466672	12857	0.951932	FALSE	ORF1ab:cds-YP_009724389.1	GCT	A	ACT	T	2732
NC_045512.2	8459	G	A	12850	12482	37	6	6	37	0.000466672	12857	0.951932	FALSE	ORF1ab:cds-YP_009725295.1	GCT	A	ACT	T	2732
NC_045512.2	8460	C	T	12498	12157	37	8	8	37	0.00063954	12509	0.868431	FALSE	ORF1ab:cds-YP_009724389.1	GCT	A	GTT	V	2732
NC_045512.2	8460	C	T	12498	12157	37	8	8	37	0.00063954	12509	0.868431	FALSE	ORF1ab:cds-YP_009725295.1	GCT	A	GTT	V	2732
NC_045512.2	8460	C	G	12498	12157	37	1	1	37	7.99424e-05	12509	0.999878	FALSE	ORF1ab:cds-YP_009724389.1	GCT	A	GGT	G	2732
NC_045512.2	8460	C	G	12498	12157	37	1	1	37	7.99424e-05	12509	0.999878	FALSE	ORF1ab:cds-YP_009725295.1	GCT	A	GGT	G	2732
NC_045512.2	8460	C	A	12498	12157	37	2	2	37	0.000159885	12509	0.999083	FALSE	ORF1ab:cds-YP_009724389.1	GCT	A	GAT	D	2732
NC_045512.2	8460	C	A	12498	12157	37	2	2	37	0.000159885	12509	0.999083	FALSE	ORF1ab:cds-YP_009725295.1	GCT	A	GAT	D	2732
NC_045512.2	8461	T	C	9264	8938	37	6	5	33	0.000647249	9270	0.849269	FALSE	ORF1ab:cds-YP_009724389.1	GCT	A	GCC	A	2732
NC_045512.2	8461	T	C	9264	8938	37	6	5	33	0.000647249	9270	0.849269	FALSE	ORF1ab:cds-YP_009725295.1	GCT	A	GCC	A	2732
NC_045512.2	8462	G	T	9227	8927	37	1	1	37	0.000108319	9232	0.999024	FALSE	ORF1ab:cds-YP_009724389.1	GCT	A	TCT	S	2733
NC_045512.2	8462	G	T	9227	8927	37	1	1	37	0.000108319	9232	0.999024	FALSE	ORF1ab:cds-YP_009725295.1	GCT	A	TCT	S	2733
NC_045512.2	8462	G	A	9227	8927	37	4	4	37	0.000433276	9232	0.953914	FALSE	ORF1ab:cds-YP_009724389.1	GCT	A	ACT	T	2733
NC_045512.2	8462	G	A	9227	8927	37	4	4	37	0.000433276	9232	0.953914	FALSE	ORF1ab:cds-YP_009725295.1	GCT	A	ACT	T	2733
NC_045512.2	8463	C	T	9170	8875	37	1	1	37	0.000109027	9172	0.999026	FALSE	ORF1ab:cds-YP_009724389.1	GCT	A	GTT	V	2733
NC_045512.2	8463	C	T	9170	8875	37	1	1	37	0.000109027	9172	0.999026	FALSE	ORF1ab:cds-YP_009725295.1	GCT	A	GTT	V	2733
NC_045512.2	8463	C	A	9170	8875	37	1	1	37	0.000109027	9172	0.999026	FALSE	ORF1ab:cds-YP_009724389.1	GCT	A	GAT	D	2733
NC_045512.2	8463	C	A	9170	8875	37	1	1	37	0.000109027	9172	0.999026	FALSE	ORF1ab:cds-YP_009725295.1	GCT	A	GAT	D	2733
NC_045512.2	8464	T	C	9163	8872	37	2	2	37	0.000218221	9165	0.994155	FALSE	ORF1ab:cds-YP_009724389.1	GCT	A	GCC	A	2733
NC_045512.2	8464	T	C	9163	8872	37	2	2	37	0.000218221	9165	0.994155	FALSE	ORF1ab:cds-YP_009725295.1	GCT	A	GCC	A	2733
NC_045512.2	8464	T	-A	9163	8872	37	2	0	20	0.000218221	9165	1	FALSE	NA	NA	NA	NA	NA	NA
NC_045512.2	8737	T	C	0	0	0	5	5	44	1	5	0.00793651	TRUE	ORF1ab:cds-YP_009724389.1	GAT	D	GAC	D	2824
NC_045512.2	8737	T	C	0	0	0	5	5	44	1	5	0.00793651	TRUE	ORF1ab:cds-YP_009725295.1	GAT	D	GAC	D	2824
NC_045512.2	8775	G	T	153	10	38	1	0	37	0.00649351	154	0.501629	FALSE	ORF1ab:cds-YP_009724389.1	TGG	W	TTG	L	2837
NC_045512.2	8775	G	T	153	10	38	1	0	37	0.00649351	154	0.501629	FALSE	ORF1ab:cds-YP_009725295.1	TGG	W	TTG	L	2837
NC_045512.2	8779	T	C	155	6	38	1	1	74	0.00641026	156	0.501608	FALSE	ORF1ab:cds-YP_009724389.1	TTT	F	TTC	F	2838
NC_045512.2	8779	T	C	155	6	38	1	1	74	0.00641026	156	0.501608	FALSE	ORF1ab:cds-YP_009725295.1	TTT	F	TTC	F	2838
NC_045512.2	8795	A	G	201	19	40	3	1	49	0.0147059	204	0.124998	FALSE	ORF1ab:cds-YP_009724389.1	AGT	S	GGT	G	2844
NC_045512.2	8795	A	G	201	19	40	3	1	49	0.0147059	204	0.124998	FALSE	ORF1ab:cds-YP_009725295.1	AGT	S	GGT	G	2844
NC_045512.2	8817	G	A	245	31	43	1	0	37	0.00406504	246	0.501018	FALSE	ORF1ab:cds-YP_009724389.1	TGC	C	TAC	Y	2851
NC_045512.2	8817	G	A	245	31	43	1	0	37	0.00406504	246	0.501018	FALSE	ORF1ab:cds-YP_009725295.1	TGC	C	TAC	Y	2851
NC_045512.2	8818	C	T	248	30	43	1	1	37	0.00401606	249	0.501006	FALSE	ORF1ab:cds-YP_009724389.1	TGC	C	TGT	C	2851
NC_045512.2	8818	C	T	248	30	43	1	1	37	0.00401606	249	0.501006	FALSE	ORF1ab:cds-YP_009725295.1	TGC	C	TGT	C	2851
NC_045512.2	8824	G	C	253	32	43	1	0	25	0.00393701	254	0.876478	FALSE	ORF1ab:cds-YP_009724389.1	TTG	L	TTC	F	2853
NC_045512.2	8824	G	C	253	32	43	1	0	25	0.00393701	254	0.876478	FALSE	ORF1ab:cds-YP_009725295.1	TTG	L	TTC	F	2853
NC_045512.2	8859	T	C	296	66	47	1	1	74	0.003367	297	0.500843	FALSE	ORF1ab:cds-YP_009724389.1	GTC	V	GCC	A	2865
NC_045512.2	8859	T	C	296	66	47	1	1	74	0.003367	297	0.500843	FALSE	ORF1ab:cds-YP_009725295.1	GTC	V	GCC	A	2865
NC_045512.2	8861	G	A	295	77	49	1	1	74	0.00337838	296	0.500846	FALSE	ORF1ab:cds-YP_009724389.1	GTG	V	ATG	M	2866
NC_045512.2	8861	G	A	295	77	49	1	1	74	0.00337838	296	0.500846	FALSE	ORF1ab:cds-YP_009725295.1	GTG	V	ATG	M	2866
NC_045512.2	8878	C	T	257	113	44	1	0	37	0.00387597	258	0.500971	FALSE	ORF1ab:cds-YP_009724389.1	GGC	G	GGT	G	2871
NC_045512.2	8878	C	T	257	113	44	1	0	37	0.00387597	258	0.500971	FALSE	ORF1ab:cds-YP_009725295.1	GGC	G	GGT	G	2871
NC_045512.2	8882	A	G	287	117	44	1	1	74	0.00347222	288	0.50087	FALSE	ORF1ab:cds-YP_009724389.1	ATA	I	GTA	V	2873
NC_045512.2	8882	A	G	287	117	44	1	1	74	0.00347222	288	0.50087	FALSE	ORF1ab:cds-YP_009725295.1	ATA	I	GTA	V	2873
NC_045512.2	8888	C	T	302	137	44	1	0	37	0.00330033	303	0.500826	FALSE	ORF1ab:cds-YP_009724389.1	CGC	R	TGC	C	2875
NC_045512.2	8888	C	T	302	137	44	1	0	37	0.00330033	303	0.500826	FALSE	ORF1ab:cds-YP_009725295.1	CGC	R	TGC	C	2875
NC_045512.2	8909	T	C	280	133	41	1	0	37	0.00355872	281	0.500891	FALSE	ORF1ab:cds-YP_009724389.1	TTG	L	CTG	L	2882
NC_045512.2	8909	T	C	280	133	41	1	0	37	0.00355872	281	0.500891	FALSE	ORF1ab:cds-YP_009725295.1	TTG	L	CTG	L	2882
NC_045512.2	8910	T	C	282	136	41	2	2	74	0.00704225	284	0.250441	FALSE	ORF1ab:cds-YP_009724389.1	TTG	L	TCG	S	2882
NC_045512.2	8910	T	C	282	136	41	2	2	74	0.00704225	284	0.250441	FALSE	ORF1ab:cds-YP_009725295.1	TTG	L	TCG	S	2882
NC_045512.2	8911	G	T	285	137	41	1	1	37	0.0034965	286	0.500876	FALSE	ORF1ab:cds-YP_009724389.1	TTG	L	TTT	F	2882
NC_045512.2	8911	G	T	285	137	41	1	1	37	0.0034965	286	0.500876	FALSE	ORF1ab:cds-YP_009725295.1	TTG	L	TTT	F	2882
NC_045512.2	8928	T	C	274	136	40	1	0	25	0.00363636	275	0.876365	FALSE	ORF1ab:cds-YP_009724389.1	GTT	V	GCT	A	2888
NC_045512.2	8928	T	C	274	136	40	1	0	25	0.00363636	275	0.876365	FALSE	ORF1ab:cds-YP_009725295.1	GTT	V	GCT	A	2888
NC_045512.2	8937	C	T	270	141	40	1	0	62	0.00369004	271	0.500924	FALSE	ORF1ab:cds-YP_009724389.1	GCA	A	GTA	V	2891
NC_045512.2	8937	C	T	270	141	40	1	0	62	0.00369004	271	0.500924	FALSE	ORF1ab:cds-YP_009725295.1	GCA	A	GTA	V	2891
NC_045512.2	9009	T	C	265	190	44	1	0	37	0.0037594	266	0.500942	FALSE	ORF1ab:cds-YP_009724389.1	TTG	L	TCG	S	2915
NC_045512.2	9009	T	C	265	190	44	1	0	37	0.0037594	266	0.500942	FALSE	ORF1ab:cds-YP_009725295.1	TTG	L	TCG	S	2915
NC_045512.2	9012	C	T	264	193	45	3	1	57	0.011236	267	0.124999	FALSE	ORF1ab:cds-YP_009724389.1	GCT	A	GTT	V	2916
NC_045512.2	9012	C	T	264	193	45	3	1	57	0.011236	267	0.124999	FALSE	ORF1ab:cds-YP_009725295.1	GCT	A	GTT	V	2916
NC_045512.2	9025	A	G	291	239	48	1	1	74	0.00342466	292	0.500858	FALSE	ORF1ab:cds-YP_009724389.1	ACA	T	ACG	T	2920
NC_045512.2	9025	A	G	291	239	48	1	1	74	0.00342466	292	0.500858	FALSE	ORF1ab:cds-YP_009725295.1	ACA	T	ACG	T	2920
NC_045512.2	9051	C	T	279	254	43	1	0	48	0.00357143	280	0.500894	FALSE	ORF1ab:cds-YP_009724389.1	CCA	P	CTA	L	2929
NC_045512.2	9051	C	T	279	254	43	1	0	48	0.00357143	280	0.500894	FALSE	ORF1ab:cds-YP_009725295.1	CCA	P	CTA	L	2929
NC_045512.2	9344	C	T	0	0	0	192	5	36	1	192	1.24744e-114	TRUE	ORF1ab:cds-YP_009724389.1	CTT	L	TTT	F	3027
NC_045512.2	9344	C	T	0	0	0	192	5	36	1	192	1.24744e-114	TRUE	ORF1ab:cds-YP_009725295.1	CTT	L	TTT	F	3027
NC_045512.2	9388	G	A	448	39	40	1	0	37	0.00222717	449	0.500557	FALSE	ORF1ab:cds-YP_009724389.1	TTG	L	TTA	L	3041
NC_045512.2	9388	G	A	448	39	40	1	0	37	0.00222717	449	0.500557	FALSE	ORF1ab:cds-YP_009725295.1	TTG	L	TTA	L	3041
NC_045512.2	9421	T	A	539	103	45	1	1	36	0.00185185	540	0.500463	FALSE	ORF1ab:cds-YP_009724389.1	ATT	I	ATA	I	3052
NC_045512.2	9421	T	A	539	103	45	1	1	36	0.00185185	540	0.500463	FALSE	ORF1ab:cds-YP_009725295.1	ATT	I	ATA	I	3052
NC_045512.2	9424	A	G	0	0	0	516	118	44	1	516	1.75017e-309	TRUE	ORF1ab:cds-YP_009724389.1	GTA	V	GTG	V	3053
NC_045512.2	9424	A	G	0	0	0	516	118	44	1	516	1.75017e-309	TRUE	ORF1ab:cds-YP_009725295.1	GTA	V	GTG	V	3053
NC_045512.2	9446	G	T	557	180	44	1	0	37	0.00179211	558	0.500448	FALSE	ORF1ab:cds-YP_009724389.1	GCC	A	TCC	S	3061
NC_045512.2	9446	G	T	557	180	44	1	0	37	0.00179211	558	0.500448	FALSE	ORF1ab:cds-YP_009725295.1	GCC	A	TCC	S	3061
NC_045512.2	9455	T	A	535	222	44	1	0	37	0.00186567	536	0.500467	FALSE	ORF1ab:cds-YP_009724389.1	TTT	F	ATT	I	3064
NC_045512.2	9455	T	A	535	222	44	1	0	37	0.00186567	536	0.500467	FALSE	ORF1ab:cds-YP_009725295.1	TTT	F	ATT	I	3064
NC_045512.2	9457	T	C	537	232	44	1	0	37	0.00185874	538	0.500465	FALSE	ORF1ab:cds-YP_009724389.1	TTT	F	TTC	F	3064
NC_045512.2	9457	T	C	537	232	44	1	0	37	0.00185874	538	0.500465	FALSE	ORF1ab:cds-YP_009725295.1	TTT	F	TTC	F	3064
NC_045512.2	9482	G	T	566	285	42	1	1	74	0.00176367	567	0.500441	FALSE	ORF1ab:cds-YP_009724389.1	GAA	E	TAA	*	3073
NC_045512.2	9482	G	T	566	285	42	1	1	74	0.00176367	567	0.500441	FALSE	ORF1ab:cds-YP_009725295.1	GAA	E	TAA	*	3073
NC_045512.2	9484	A	G	562	289	41	1	1	25	0.0017762	563	0.984665	FALSE	ORF1ab:cds-YP_009724389.1	GAA	E	GAG	E	3073
NC_045512.2	9484	A	G	562	289	41	1	1	25	0.0017762	563	0.984665	FALSE	ORF1ab:cds-YP_009725295.1	GAA	E	GAG	E	3073
NC_045512.2	9486	A	G	566	293	42	1	0	37	0.00176367	567	0.500441	FALSE	ORF1ab:cds-YP_009724389.1	TAC	Y	TGC	C	3074
NC_045512.2	9486	A	G	566	293	42	1	0	37	0.00176367	567	0.500441	FALSE	ORF1ab:cds-YP_009725295.1	TAC	Y	TGC	C	3074
NC_045512.2	9487	C	T	572	294	42	1	1	37	0.0017452	573	0.500437	FALSE	ORF1ab:cds-YP_009724389.1	TAC	Y	TAT	Y	3074
NC_045512.2	9487	C	T	572	294	42	1	1	37	0.0017452	573	0.500437	FALSE	ORF1ab:cds-YP_009725295.1	TAC	Y	TAT	Y	3074
NC_045512.2	9498	T	C	558	270	42	1	0	25	0.00178891	559	0.984667	FALSE	ORF1ab:cds-YP_009724389.1	GTT	V	GCT	A	3078
NC_045512.2	9498	T	C	558	270	42	1	0	25	0.00178891	559	0.984667	FALSE	ORF1ab:cds-YP_009725295.1	GTT	V	GCT	A	3078
NC_045512.2	9522	T	C	532	279	40	1	1	37	0.00187617	533	0.500469	FALSE	ORF1ab:cds-YP_009724389.1	CTT	L	CCT	P	3086
NC_045512.2	9522	T	C	532	279	40	1	1	37	0.00187617	533	0.500469	FALSE	ORF1ab:cds-YP_009725295.1	CTT	L	CCT	P	3086
NC_045512.2	9534	C	T	0	0	0	530	267	40	1	530	0	TRUE	ORF1ab:cds-YP_009724389.1	ACT	T	ATT	I	3090
NC_045512.2	9534	C	T	0	0	0	530	267	40	1	530	0	TRUE	ORF1ab:cds-YP_009725295.1	ACT	T	ATT	I	3090
NC_045512.2	9542	T	C	506	244	39	2	1	55	0.00393701	508	0.250246	FALSE	ORF1ab:cds-YP_009724389.1	TGT	C	CGT	R	3093
NC_045512.2	9542	T	C	506	244	39	2	1	55	0.00393701	508	0.250246	FALSE	ORF1ab:cds-YP_009725295.1	TGT	C	CGT	R	3093
NC_045512.2	9552	C	T	475	219	40	2	1	55	0.00419287	477	0.250262	FALSE	ORF1ab:cds-YP_009724389.1	CCA	P	CTA	L	3096
NC_045512.2	9552	C	T	475	219	40	2	1	55	0.00419287	477	0.250262	FALSE	ORF1ab:cds-YP_009725295.1	CCA	P	CTA	L	3096
NC_045512.2	9560	T	C	487	230	41	1	1	37	0.00204918	488	0.500513	FALSE	ORF1ab:cds-YP_009724389.1	TCA	S	CCA	P	3099
NC_045512.2	9560	T	C	487	230	41	1	1	37	0.00204918	488	0.500513	FALSE	ORF1ab:cds-YP_009725295.1	TCA	S	CCA	P	3099
NC_045512.2	9562	A	G	341	198	43	185	96	44	0.351711	526	6.41714e-65	TRUE	ORF1ab:cds-YP_009724389.1	TCA	S	TCG	S	3099
NC_045512.2	9562	A	G	341	198	43	185	96	44	0.351711	526	6.41714e-65	TRUE	ORF1ab:cds-YP_009725295.1	TCA	S	TCG	S	3099
NC_045512.2	9564	T	C	509	305	42	1	1	37	0.00196078	510	0.500491	FALSE	ORF1ab:cds-YP_009724389.1	TTC	F	TCC	S	3100
NC_045512.2	9564	T	C	509	305	42	1	1	37	0.00196078	510	0.500491	FALSE	ORF1ab:cds-YP_009725295.1	TTC	F	TCC	S	3100
NC_045512.2	9569	C	A	527	335	43	1	0	37	0.00189394	528	0.500474	FALSE	ORF1ab:cds-YP_009724389.1	CCT	P	ACT	T	3102
NC_045512.2	9569	C	A	527	335	43	1	0	37	0.00189394	528	0.500474	FALSE	ORF1ab:cds-YP_009725295.1	CCT	P	ACT	T	3102
NC_045512.2	9575	G	A	569	404	46	1	1	37	0.00175439	570	0.500439	FALSE	ORF1ab:cds-YP_009724389.1	GTT	V	ATT	I	3104
NC_045512.2	9575	G	A	569	404	46	1	1	37	0.00175439	570	0.500439	FALSE	ORF1ab:cds-YP_009725295.1	GTT	V	ATT	I	3104
NC_045512.2	9590	T	A	530	422	43	1	0	22	0.00188324	531	0.984683	FALSE	ORF1ab:cds-YP_009724389.1	TAC	Y	AAC	N	3109
NC_045512.2	9590	T	A	530	422	43	1	0	22	0.00188324	531	0.984683	FALSE	ORF1ab:cds-YP_009725295.1	TAC	Y	AAC	N	3109
NC_045512.2	9593	T	C	506	398	43	1	0	74	0.00197239	507	0.500494	FALSE	ORF1ab:cds-YP_009724389.1	TTG	L	CTG	L	3110
NC_045512.2	9593	T	C	506	398	43	1	0	74	0.00197239	507	0.500494	FALSE	ORF1ab:cds-YP_009725295.1	TTG	L	CTG	L	3110
NC_045512.2	9622	T	C	439	374	40	1	1	37	0.00227273	440	0.500569	FALSE	ORF1ab:cds-YP_009724389.1	GAT	D	GAC	D	3119
NC_045512.2	9622	T	C	439	374	40	1	1	37	0.00227273	440	0.500569	FALSE	ORF1ab:cds-YP_009725295.1	GAT	D	GAC	D	3119
NC_045512.2	9628	T	C	425	361	39	1	1	37	0.00234742	426	0.500588	FALSE	ORF1ab:cds-YP_009724389.1	TCT	S	TCC	S	3121
NC_045512.2	9628	T	C	425	361	39	1	1	37	0.00234742	426	0.500588	FALSE	ORF1ab:cds-YP_009725295.1	TCT	S	TCC	S	3121
NC_045512.2	9633	T	C	412	351	39	1	1	37	0.00242131	413	0.500606	FALSE	ORF1ab:cds-YP_009724389.1	TTA	L	TCA	S	3123
NC_045512.2	9633	T	C	412	351	39	1	1	37	0.00242131	413	0.500606	FALSE	ORF1ab:cds-YP_009725295.1	TTA	L	TCA	S	3123
NC_045512.2	9652	G	A	355	333	36	1	1	37	0.00280899	356	0.500703	FALSE	ORF1ab:cds-YP_009724389.1	ATG	M	ATA	I	3129
NC_045512.2	9652	G	A	355	333	36	1	1	37	0.00280899	356	0.500703	FALSE	ORF1ab:cds-YP_009725295.1	ATG	M	ATA	I	3129
NC_045512.2	9654	T	C	354	334	37	1	1	37	0.0028169	355	0.500705	FALSE	ORF1ab:cds-YP_009724389.1	GTT	V	GCT	A	3130
NC_045512.2	9654	T	C	354	334	37	1	1	37	0.0028169	355	0.500705	FALSE	ORF1ab:cds-YP_009725295.1	GTT	V	GCT	A	3130
NC_045512.2	10029	C	T	0	0	0	9	2	41	1	9	4.11353e-05	TRUE	ORF1ab:cds-YP_009724389.1	ACC	T	ATC	I	3255
NC_045512.2	10029	C	T	0	0	0	9	2	41	1	9	4.11353e-05	TRUE	ORF1ab:cds-YP_009725295.1	ACC	T	ATC	I	3255
NC_045512.2	10198	C	T	0	0	0	13	12	38	1	13	1.92297e-07	TRUE	ORF1ab:cds-YP_009724389.1	GAC	D	GAT	D	3311
NC_045512.2	10198	C	T	0	0	0	13	12	38	1	13	1.92297e-07	TRUE	ORF1ab:cds-YP_009725295.1	GAC	D	GAT	D	3311
NC_045512.2	10259	C	T	132	15	38	1	0	37	0.0075188	133	0.501887	FALSE	ORF1ab:cds-YP_009724389.1	CAG	Q	TAG	*	3332
NC_045512.2	10259	C	T	132	15	38	1	0	37	0.0075188	133	0.501887	FALSE	ORF1ab:cds-YP_009725295.1	CAG	Q	TAG	*	3332
NC_045512.2	10260	A	G	134	16	39	1	1	37	0.00740741	135	0.501859	FALSE	ORF1ab:cds-YP_009724389.1	CAG	Q	CGG	R	3332
NC_045512.2	10260	A	G	134	16	39	1	1	37	0.00740741	135	0.501859	FALSE	ORF1ab:cds-YP_009725295.1	CAG	Q	CGG	R	3332
NC_045512.2	10260	A	+G	134	16	39	1	0	20	0.00740741	135	0.752788	FALSE	NA	NA	NA	NA	NA	NA
NC_045512.2	10262	G	C	232	27	40	1	0	74	0.00429185	233	0.501075	FALSE	ORF1ab:cds-YP_009724389.1	GCT	A	CCT	P	3333
NC_045512.2	10262	G	C	232	27	40	1	0	74	0.00429185	233	0.501075	FALSE	ORF1ab:cds-YP_009725295.1	GCT	A	CCT	P	3333
NC_045512.2	10301	C	T	448	45	41	1	0	37	0.00222717	449	0.500557	FALSE	ORF1ab:cds-YP_009724389.1	CAA	Q	TAA	*	3346
NC_045512.2	10301	C	T	448	45	41	1	0	37	0.00222717	449	0.500557	FALSE	ORF1ab:cds-YP_009725295.1	CAA	Q	TAA	*	3346
NC_045512.2	10303	A	G	443	51	42	1	0	37	0.00225225	444	0.500564	FALSE	ORF1ab:cds-YP_009724389.1	CAA	Q	CAG	Q	3346
NC_045512.2	10303	A	G	443	51	42	1	0	37	0.00225225	444	0.500564	FALSE	ORF1ab:cds-YP_009725295.1	CAA	Q	CAG	Q	3346
NC_045512.2	10304	A	G	453	52	43	1	1	37	0.00220264	454	0.500551	FALSE	ORF1ab:cds-YP_009724389.1	AAT	N	GAT	D	3347
NC_045512.2	10304	A	G	453	52	43	1	1	37	0.00220264	454	0.500551	FALSE	ORF1ab:cds-YP_009725295.1	AAT	N	GAT	D	3347
NC_045512.2	10305	A	T	478	55	42	1	0	25	0.00208768	479	0.969238	FALSE	ORF1ab:cds-YP_009724389.1	AAT	N	ATT	I	3347
NC_045512.2	10305	A	T	478	55	42	1	0	25	0.00208768	479	0.969238	FALSE	ORF1ab:cds-YP_009725295.1	AAT	N	ATT	I	3347
NC_045512.2	10332	C	T	544	80	43	45	5	43	0.0764007	589	1.23354e-14	TRUE	ORF1ab:cds-YP_009724389.1	ACA	T	ATA	I	3356
NC_045512.2	10332	C	T	544	80	43	45	5	43	0.0764007	589	1.23354e-14	TRUE	ORF1ab:cds-YP_009725295.1	ACA	T	ATA	I	3356
NC_045512.2	10335	C	T	599	108	45	2	0	49	0.00332779	601	0.250208	FALSE	ORF1ab:cds-YP_009724389.1	GCC	A	GTC	V	3357
NC_045512.2	10335	C	T	599	108	45	2	0	49	0.00332779	601	0.250208	FALSE	ORF1ab:cds-YP_009725295.1	GCC	A	GTC	V	3357
NC_045512.2	10347	C	T	622	126	44	1	0	37	0.00160514	623	0.500402	FALSE	ORF1ab:cds-YP_009724389.1	ACA	T	ATA	I	3361
NC_045512.2	10347	C	T	622	126	44	1	0	37	0.00160514	623	0.500402	FALSE	ORF1ab:cds-YP_009725295.1	ACA	T	ATA	I	3361
NC_045512.2	10361	T	C	671	137	42	1	0	37	0.0014881	672	0.500372	FALSE	ORF1ab:cds-YP_009724389.1	TTT	F	CTT	L	3366
NC_045512.2	10361	T	C	671	137	42	1	0	37	0.0014881	672	0.500372	FALSE	ORF1ab:cds-YP_009725295.1	TTT	F	CTT	L	3366
NC_045512.2	10364	G	C	605	135	42	1	0	37	0.00165017	606	0.500413	FALSE	ORF1ab:cds-YP_009724389.1	GTT	V	CTT	L	3367
NC_045512.2	10364	G	C	605	135	42	1	0	37	0.00165017	606	0.500413	FALSE	ORF1ab:cds-YP_009725295.1	GTT	V	CTT	L	3367
NC_045512.2	10387	T	C	603	222	41	1	0	25	0.00165563	604	0.992368	FALSE	ORF1ab:cds-YP_009724389.1	ACT	T	ACC	T	3374
NC_045512.2	10387	T	C	603	222	41	1	0	25	0.00165563	604	0.992368	FALSE	ORF1ab:cds-YP_009725295.1	ACT	T	ACC	T	3374
NC_045512.2	10393	A	G	602	217	42	1	0	37	0.00165837	603	0.500415	FALSE	ORF1ab:cds-YP_009724389.1	TCA	S	TCG	S	3376
NC_045512.2	10393	A	G	602	217	42	1	0	37	0.00165837	603	0.500415	FALSE	ORF1ab:cds-YP_009725295.1	TCA	S	TCG	S	3376
NC_045512.2	10394	G	+C	635	230	42	1	0	20	0.0015748	635	0.992401	FALSE	NA	NA	NA	NA	NA	NA
NC_045512.2	10395	T	C	623	222	42	1	0	37	0.00160256	624	0.500401	FALSE	ORF1ab:cds-YP_009724389.1	GTG	V	GCG	A	3377
NC_045512.2	10395	T	C	623	222	42	1	0	37	0.00160256	624	0.500401	FALSE	ORF1ab:cds-YP_009725295.1	GTG	V	GCG	A	3377
NC_045512.2	10400	G	A	623	237	41	1	0	37	0.00160256	624	0.500401	FALSE	ORF1ab:cds-YP_009724389.1	GCT	A	ACT	T	3379
NC_045512.2	10400	G	A	623	237	41	1	0	37	0.00160256	624	0.500401	FALSE	ORF1ab:cds-YP_009725295.1	GCT	A	ACT	T	3379
NC_045512.2	10401	C	T	612	234	41	1	1	62	0.00163132	613	0.500408	FALSE	ORF1ab:cds-YP_009724389.1	GCT	A	GTT	V	3379
NC_045512.2	10401	C	T	612	234	41	1	1	62	0.00163132	613	0.500408	FALSE	ORF1ab:cds-YP_009725295.1	GCT	A	GTT	V	3379
NC_045512.2	10404	G	C	610	228	41	1	0	25	0.00163666	611	0.992366	FALSE	ORF1ab:cds-YP_009724389.1	TGT	C	TCT	S	3380
NC_045512.2	10404	G	C	610	228	41	1	0	25	0.00163666	611	0.992366	FALSE	ORF1ab:cds-YP_009725295.1	TGT	C	TCT	S	3380
NC_045512.2	10405	T	C	604	223	41	1	1	74	0.00165289	605	0.500414	FALSE	ORF1ab:cds-YP_009724389.1	TGT	C	TGC	C	3380
NC_045512.2	10405	T	C	604	223	41	1	1	74	0.00165289	605	0.500414	FALSE	ORF1ab:cds-YP_009725295.1	TGT	C	TGC	C	3380
NC_045512.2	10427	G	A	694	392	43	1	0	74	0.00143885	695	0.50036	FALSE	ORF1ab:cds-YP_009724389.1	GTT	V	ATT	I	3388
NC_045512.2	10427	G	A	694	392	43	1	0	74	0.00143885	695	0.50036	FALSE	ORF1ab:cds-YP_009725295.1	GTT	V	ATT	I	3388
NC_045512.2	10429	T	A	684	387	43	1	1	22	0.00145985	685	0.992346	FALSE	ORF1ab:cds-YP_009724389.1	GTT	V	GTA	V	3388
NC_045512.2	10429	T	A	684	387	43	1	1	22	0.00145985	685	0.992346	FALSE	ORF1ab:cds-YP_009725295.1	GTT	V	GTA	V	3388
NC_045512.2	10441	T	C	634	366	42	1	0	37	0.0015748	635	0.500394	FALSE	ORF1ab:cds-YP_009724389.1	GCT	A	GCC	A	3392
NC_045512.2	10441	T	C	634	366	42	1	0	37	0.0015748	635	0.500394	FALSE	ORF1ab:cds-YP_009725295.1	GCT	A	GCC	A	3392
NC_045512.2	10445	A	G	644	375	42	1	0	37	0.00155039	645	0.500388	FALSE	ORF1ab:cds-YP_009724389.1	AGG	R	GGG	G	3394
NC_045512.2	10445	A	G	644	375	42	1	0	37	0.00155039	645	0.500388	FALSE	ORF1ab:cds-YP_009725295.1	AGG	R	GGG	G	3394
NC_045512.2	10447	G	A	0	0	0	634	371	41	1	634	0	TRUE	ORF1ab:cds-YP_009724389.1	AGG	R	AGA	R	3394
NC_045512.2	10447	G	A	0	0	0	634	371	41	1	634	0	TRUE	ORF1ab:cds-YP_009725295.1	AGG	R	AGA	R	3394
NC_045512.2	10449	C	A	0	0	0	627	372	42	1	627	0	TRUE	ORF1ab:cds-YP_009724389.1	CCC	P	CAC	H	3395
NC_045512.2	10449	C	A	0	0	0	627	372	42	1	627	0	TRUE	ORF1ab:cds-YP_009725295.1	CCC	P	CAC	H	3395
NC_045512.2	10451	A	G	649	386	42	2	2	37	0.0030722	651	0.250192	FALSE	ORF1ab:cds-YP_009724389.1	AAT	N	GAT	D	3396
NC_045512.2	10451	A	G	649	386	42	2	2	37	0.0030722	651	0.250192	FALSE	ORF1ab:cds-YP_009725295.1	AAT	N	GAT	D	3396
NC_045512.2	10454	T	A	644	409	42	2	2	37	0.00309598	646	0.250194	FALSE	ORF1ab:cds-YP_009724389.1	TTC	F	ATC	I	3397
NC_045512.2	10454	T	A	644	409	42	2	2	37	0.00309598	646	0.250194	FALSE	ORF1ab:cds-YP_009725295.1	TTC	F	ATC	I	3397
NC_045512.2	10472	T	C	600	415	39	1	0	37	0.00166389	601	0.500416	FALSE	ORF1ab:cds-YP_009724389.1	TTC	F	CTC	L	3403
NC_045512.2	10472	T	C	600	415	39	1	0	37	0.00166389	601	0.500416	FALSE	ORF1ab:cds-YP_009725295.1	TTC	F	CTC	L	3403
NC_045512.2	10481	G	T	609	427	40	1	1	37	0.00163934	610	0.50041	FALSE	ORF1ab:cds-YP_009724389.1	GGT	G	TGT	C	3406
NC_045512.2	10481	G	T	609	427	40	1	1	37	0.00163934	610	0.50041	FALSE	ORF1ab:cds-YP_009725295.1	GGT	G	TGT	C	3406
NC_045512.2	10483	T	C	588	417	41	1	0	37	0.00169779	589	0.500425	FALSE	ORF1ab:cds-YP_009724389.1	GGT	G	GGC	G	3406
NC_045512.2	10483	T	C	588	417	41	1	0	37	0.00169779	589	0.500425	FALSE	ORF1ab:cds-YP_009725295.1	GGT	G	GGC	G	3406
NC_045512.2	10493	A	G	659	521	43	1	1	37	0.00151515	660	0.500379	FALSE	ORF1ab:cds-YP_009724389.1	AGT	S	GGT	G	3410
NC_045512.2	10493	A	G	659	521	43	1	1	37	0.00151515	660	0.500379	FALSE	ORF1ab:cds-YP_009725295.1	AGT	S	GGT	G	3410
NC_045512.2	10520	T	C	481	409	44	1	0	48	0.00207469	482	0.500519	FALSE	ORF1ab:cds-YP_009724389.1	TGT	C	CGT	R	3419
NC_045512.2	10520	T	C	481	409	44	1	0	48	0.00207469	482	0.500519	FALSE	ORF1ab:cds-YP_009725295.1	TGT	C	CGT	R	3419
NC_045512.2	10530	T	G	456	401	43	1	1	37	0.00218818	457	0.500548	FALSE	ORF1ab:cds-YP_009724389.1	TTT	F	TGT	C	3422
NC_045512.2	10530	T	G	456	401	43	1	1	37	0.00218818	457	0.500548	FALSE	ORF1ab:cds-YP_009725295.1	TTT	F	TGT	C	3422
NC_045512.2	10551	A	G	416	372	41	1	1	37	0.00239808	417	0.5006	FALSE	ORF1ab:cds-YP_009724389.1	GAA	E	GGA	G	3429
NC_045512.2	10551	A	G	416	372	41	1	1	37	0.00239808	417	0.5006	FALSE	ORF1ab:cds-YP_009725295.1	GAA	E	GGA	G	3429
NC_045512.2	10556	C	T	382	339	42	1	1	37	0.00261097	383	0.500654	FALSE	ORF1ab:cds-YP_009724389.1	CCA	P	TCA	S	3431
NC_045512.2	10556	C	T	382	339	42	1	1	37	0.00261097	383	0.500654	FALSE	ORF1ab:cds-YP_009725295.1	CCA	P	TCA	S	3431
NC_045512.2	10562	G	A	5625	928	37	1	0	37	0.000177746	5626	0.984404	FALSE	ORF1ab:cds-YP_009724389.1	GGA	G	AGA	R	3433
NC_045512.2	10562	G	A	5625	928	37	1	0	37	0.000177746	5626	0.984404	FALSE	ORF1ab:cds-YP_009725295.1	GGA	G	AGA	R	3433
NC_045512.2	10564	A	G	5952	968	37	3	0	37	0.000503778	5955	0.855607	FALSE	ORF1ab:cds-YP_009724389.1	GGA	G	GGG	G	3433
NC_045512.2	10564	A	G	5952	968	37	3	0	37	0.000503778	5955	0.855607	FALSE	ORF1ab:cds-YP_009725295.1	GGA	G	GGG	G	3433
NC_045512.2	10565	G	A	6110	998	37	1	0	37	0.000163639	6111	0.992205	FALSE	ORF1ab:cds-YP_009724389.1	GTT	V	ATT	I	3434
NC_045512.2	10565	G	A	6110	998	37	1	0	37	0.000163639	6111	0.992205	FALSE	ORF1ab:cds-YP_009725295.1	GTT	V	ATT	I	3434
NC_045512.2	10566	T	C	6091	997	37	2	1	37	0.000328246	6093	0.964907	FALSE	ORF1ab:cds-YP_009724389.1	GTT	V	GCT	A	3434
NC_045512.2	10566	T	C	6091	997	37	2	1	37	0.000328246	6093	0.964907	FALSE	ORF1ab:cds-YP_009725295.1	GTT	V	GCT	A	3434
NC_045512.2	10569	A	G	6113	989	37	5	1	37	0.000817261	6118	0.72577	FALSE	ORF1ab:cds-YP_009724389.1	CAT	H	CGT	R	3435
NC_045512.2	10569	A	G	6113	989	37	5	1	37	0.000817261	6118	0.72577	FALSE	ORF1ab:cds-YP_009725295.1	CAT	H	CGT	R	3435
NC_045512.2	10571	G	T	6484	1019	37	2	0	37	0.000308024	6493	0.964785	FALSE	ORF1ab:cds-YP_009724389.1	GCT	A	TCT	S	3436
NC_045512.2	10571	G	T	6484	1019	37	2	0	37	0.000308024	6493	0.964785	FALSE	ORF1ab:cds-YP_009725295.1	GCT	A	TCT	S	3436
NC_045512.2	10571	G	A	6484	1019	37	7	1	35	0.00107808	6493	0.499887	FALSE	ORF1ab:cds-YP_009724389.1	GCT	A	ACT	T	3436
NC_045512.2	10571	G	A	6484	1019	37	7	1	35	0.00107808	6493	0.499887	FALSE	ORF1ab:cds-YP_009725295.1	GCT	A	ACT	T	3436
NC_045512.2	10572	C	T	6510	1083	38	5	2	37	0.00076746	6515	0.725759	FALSE	ORF1ab:cds-YP_009724389.1	GCT	A	GTT	V	3436
NC_045512.2	10572	C	T	6510	1083	38	5	2	37	0.00076746	6515	0.725759	FALSE	ORF1ab:cds-YP_009725295.1	GCT	A	GTT	V	3436
NC_045512.2	10573	T	G	6520	1087	38	2	2	37	0.000306607	6523	0.964886	FALSE	ORF1ab:cds-YP_009724389.1	GCT	A	GCG	A	3436
NC_045512.2	10573	T	G	6520	1087	38	2	2	37	0.000306607	6523	0.964886	FALSE	ORF1ab:cds-YP_009725295.1	GCT	A	GCG	A	3436
NC_045512.2	10573	T	A	6520	1087	38	1	0	37	0.000153304	6523	0.992196	FALSE	ORF1ab:cds-YP_009724389.1	GCT	A	GCA	A	3436
NC_045512.2	10573	T	A	6520	1087	38	1	0	37	0.000153304	6523	0.992196	FALSE	ORF1ab:cds-YP_009725295.1	GCT	A	GCA	A	3436
NC_045512.2	10574	G	A	7349	1095	38	1	0	37	0.000136054	7350	0.996103	FALSE	ORF1ab:cds-YP_009724389.1	GGC	G	AGC	S	3437
NC_045512.2	10574	G	A	7349	1095	38	1	0	37	0.000136054	7350	0.996103	FALSE	ORF1ab:cds-YP_009725295.1	GGC	G	AGC	S	3437
NC_045512.2	10575	G	A	7385	1089	38	10	2	37	0.00135227	7395	0.314529	FALSE	ORF1ab:cds-YP_009724389.1	GGC	G	GAC	D	3437
NC_045512.2	10575	G	A	7385	1089	38	10	2	37	0.00135227	7395	0.314529	FALSE	ORF1ab:cds-YP_009725295.1	GGC	G	GAC	D	3437
NC_045512.2	10576	C	T	7423	1101	38	3	1	37	0.000403986	7426	0.945395	FALSE	ORF1ab:cds-YP_009724389.1	GGC	G	GGT	G	3437
NC_045512.2	10576	C	T	7423	1101	38	3	1	37	0.000403986	7426	0.945395	FALSE	ORF1ab:cds-YP_009725295.1	GGC	G	GGT	G	3437
NC_045512.2	10577	A	T	7381	1107	37	1	0	37	0.000135446	7383	0.996101	FALSE	ORF1ab:cds-YP_009724389.1	ACA	T	TCA	S	3438
NC_045512.2	10577	A	T	7381	1107	37	1	0	37	0.000135446	7383	0.996101	FALSE	ORF1ab:cds-YP_009725295.1	ACA	T	TCA	S	3438
NC_045512.2	10577	A	G	7381	1107	37	1	0	37	0.000135446	7383	0.996101	FALSE	ORF1ab:cds-YP_009724389.1	ACA	T	GCA	A	3438
NC_045512.2	10577	A	G	7381	1107	37	1	0	37	0.000135446	7383	0.996101	FALSE	ORF1ab:cds-YP_009725295.1	ACA	T	GCA	A	3438
NC_045512.2	10578	C	T	7452	1127	38	1	0	37	0.000134156	7454	0.996101	FALSE	ORF1ab:cds-YP_009724389.1	ACA	T	ATA	I	3438
NC_045512.2	10578	C	T	7452	1127	38	1	0	37	0.000134156	7454	0.996101	FALSE	ORF1ab:cds-YP_009725295.1	ACA	T	ATA	I	3438
NC_045512.2	10578	C	A	7452	1127	38	1	1	74	0.000134156	7454	0.5	FALSE	ORF1ab:cds-YP_009724389.1	ACA	T	AAA	K	3438
NC_045512.2	10578	C	A	7452	1127	38	1	1	74	0.000134156	7454	0.5	FALSE	ORF1ab:cds-YP_009725295.1	ACA	T	AAA	K	3438
NC_045512.2	10579	A	T	7401	1109	37	1	0	37	0.000134989	7408	0.996091	FALSE	ORF1ab:cds-YP_009724389.1	ACA	T	ACT	T	3438
NC_045512.2	10579	A	T	7401	1109	37	1	0	37	0.000134989	7408	0.996091	FALSE	ORF1ab:cds-YP_009725295.1	ACA	T	ACT	T	3438
NC_045512.2	10579	A	G	7401	1109	37	5	3	37	0.000674946	7408	0.806185	FALSE	ORF1ab:cds-YP_009724389.1	ACA	T	ACG	T	3438
NC_045512.2	10579	A	G	7401	1109	37	5	3	37	0.000674946	7408	0.806185	FALSE	ORF1ab:cds-YP_009725295.1	ACA	T	ACG	T	3438
NC_045512.2	10579	A	C	7401	1109	37	1	0	37	0.000134989	7408	0.996091	FALSE	ORF1ab:cds-YP_009724389.1	ACA	T	ACC	T	3438
NC_045512.2	10579	A	C	7401	1109	37	1	0	37	0.000134989	7408	0.996091	FALSE	ORF1ab:cds-YP_009725295.1	ACA	T	ACC	T	3438
NC_045512.2	10580	G	T	8729	1114	37	1	0	37	0.000114534	8731	0.998051	FALSE	ORF1ab:cds-YP_009724389.1	GAC	D	TAC	Y	3439
NC_045512.2	10580	G	T	8729	1114	37	1	0	37	0.000114534	8731	0.998051	FALSE	ORF1ab:cds-YP_009725295.1	GAC	D	TAC	Y	3439
NC_045512.2	10580	G	C	8729	1114	37	1	0	37	0.000114534	8731	0.998051	FALSE	ORF1ab:cds-YP_009724389.1	GAC	D	CAC	H	3439
NC_045512.2	10580	G	C	8729	1114	37	1	0	37	0.000114534	8731	0.998051	FALSE	ORF1ab:cds-YP_009725295.1	GAC	D	CAC	H	3439
NC_045512.2	10580	G	-A	8729	1114	37	3	0	20	0.000343603	8731	1	FALSE	NA	NA	NA	NA	NA	NA
NC_045512.2	10581	A	G	8882	1140	38	6	3	37	0.000675068	8888	0.787994	FALSE	ORF1ab:cds-YP_009724389.1	GAC	D	GGC	G	3439
NC_045512.2	10581	A	G	8882	1140	38	6	3	37	0.000675068	8888	0.787994	FALSE	ORF1ab:cds-YP_009725295.1	GAC	D	GGC	G	3439
NC_045512.2	10582	C	T	9660	1151	37	1	0	25	0.000103488	9663	1	FALSE	ORF1ab:cds-YP_009724389.1	GAC	D	GAT	D	3439
NC_045512.2	10582	C	T	9660	1151	37	1	0	25	0.000103488	9663	1	FALSE	ORF1ab:cds-YP_009725295.1	GAC	D	GAT	D	3439
NC_045512.2	10582	C	A	9660	1151	37	2	1	37	0.000206975	9663	0.994152	FALSE	ORF1ab:cds-YP_009724389.1	GAC	D	GAA	E	3439
NC_045512.2	10582	C	A	9660	1151	37	2	1	37	0.000206975	9663	0.994152	FALSE	ORF1ab:cds-YP_009725295.1	GAC	D	GAA	E	3439
NC_045512.2	10583	T	C	9508	1330	38	1	0	37	0.000105164	9509	0.999026	FALSE	ORF1ab:cds-YP_009724389.1	TTA	L	CTA	L	3440
NC_045512.2	10583	T	C	9508	1330	38	1	0	37	0.000105164	9509	0.999026	FALSE	ORF1ab:cds-YP_009725295.1	TTA	L	CTA	L	3440
NC_045512.2	10586	G	A	9499	1160	39	1	0	37	0.000105263	9500	0.999026	FALSE	ORF1ab:cds-YP_009724389.1	GAA	E	AAA	K	3441
NC_045512.2	10586	G	A	9499	1160	39	1	0	37	0.000105263	9500	0.999026	FALSE	ORF1ab:cds-YP_009725295.1	GAA	E	AAA	K	3441
NC_045512.2	10588	A	T	9589	1155	39	1	1	22	0.000104264	9591	1	FALSE	ORF1ab:cds-YP_009724389.1	GAA	E	GAT	D	3441
NC_045512.2	10588	A	T	9589	1155	39	1	1	22	0.000104264	9591	1	FALSE	ORF1ab:cds-YP_009725295.1	GAA	E	GAT	D	3441
NC_045512.2	10588	A	G	9589	1155	39	1	0	37	0.000104264	9591	0.999026	FALSE	ORF1ab:cds-YP_009724389.1	GAA	E	GAG	E	3441
NC_045512.2	10588	A	G	9589	1155	39	1	0	37	0.000104264	9591	0.999026	FALSE	ORF1ab:cds-YP_009725295.1	GAA	E	GAG	E	3441
NC_045512.2	10589	G	T	9707	1171	39	4	1	34	0.000411819	9713	0.953893	FALSE	ORF1ab:cds-YP_009724389.1	GGT	G	TGT	C	3442
NC_045512.2	10589	G	T	9707	1171	39	4	1	34	0.000411819	9713	0.953893	FALSE	ORF1ab:cds-YP_009725295.1	GGT	G	TGT	C	3442
NC_045512.2	10589	G	A	9707	1171	39	2	1	37	0.00020591	9713	0.994143	FALSE	ORF1ab:cds-YP_009724389.1	GGT	G	AGT	S	3442
NC_045512.2	10589	G	A	9707	1171	39	2	1	37	0.00020591	9713	0.994143	FALSE	ORF1ab:cds-YP_009725295.1	GGT	G	AGT	S	3442
NC_045512.2	10590	G	A	9706	1165	39	1	0	37	0.000103018	9707	0.999026	FALSE	ORF1ab:cds-YP_009724389.1	GGT	G	GAT	D	3442
NC_045512.2	10590	G	A	9706	1165	39	1	0	37	0.000103018	9707	0.999026	FALSE	ORF1ab:cds-YP_009725295.1	GGT	G	GAT	D	3442
NC_045512.2	10591	T	C	9578	1222	39	1	0	37	0.000104384	9580	0.999026	FALSE	ORF1ab:cds-YP_009724389.1	GGT	G	GGC	G	3442
NC_045512.2	10591	T	C	9578	1222	39	1	0	37	0.000104384	9580	0.999026	FALSE	ORF1ab:cds-YP_009725295.1	GGT	G	GGC	G	3442
NC_045512.2	10591	T	A	9578	1222	39	1	0	37	0.000104384	9580	0.999026	FALSE	ORF1ab:cds-YP_009724389.1	GGT	G	GGA	G	3442
NC_045512.2	10591	T	A	9578	1222	39	1	0	37	0.000104384	9580	0.999026	FALSE	ORF1ab:cds-YP_009725295.1	GGT	G	GGA	G	3442
NC_045512.2	10592	A	C	9534	1229	39	1	0	37	0.000104877	9535	0.999026	FALSE	ORF1ab:cds-YP_009724389.1	AAC	N	CAC	H	3443
NC_045512.2	10592	A	C	9534	1229	39	1	0	37	0.000104877	9535	0.999026	FALSE	ORF1ab:cds-YP_009725295.1	AAC	N	CAC	H	3443
NC_045512.2	10593	A	T	9593	1260	39	1	0	37	0.000104221	9595	0.999026	FALSE	ORF1ab:cds-YP_009724389.1	AAC	N	ATC	I	3443
NC_045512.2	10593	A	T	9593	1260	39	1	0	37	0.000104221	9595	0.999026	FALSE	ORF1ab:cds-YP_009725295.1	AAC	N	ATC	I	3443
NC_045512.2	10593	A	G	9593	1260	39	1	1	37	0.000104221	9595	0.999026	FALSE	ORF1ab:cds-YP_009724389.1	AAC	N	AGC	S	3443
NC_045512.2	10593	A	G	9593	1260	39	1	1	37	0.000104221	9595	0.999026	FALSE	ORF1ab:cds-YP_009725295.1	AAC	N	AGC	S	3443
NC_045512.2	10594	C	A	10262	1259	39	2	0	31	0.000194856	10264	0.996835	FALSE	ORF1ab:cds-YP_009724389.1	AAC	N	AAA	K	3443
NC_045512.2	10594	C	A	10262	1259	39	2	0	31	0.000194856	10264	0.996835	FALSE	ORF1ab:cds-YP_009725295.1	AAC	N	AAA	K	3443
NC_045512.2	10594	C	-T	10262	1259	39	1	0	20	9.74279e-05	10264	1	FALSE	NA	NA	NA	NA	NA	NA
NC_045512.2	10594	C	+TT	10262	1259	39	1	0	20	9.74279e-05	10264	1	FALSE	NA	NA	NA	NA	NA	NA
NC_045512.2	10594	C	+T	10262	1259	39	1	0	20	9.74279e-05	10264	1	FALSE	NA	NA	NA	NA	NA	NA
NC_045512.2	10595	T	C	10210	1274	39	1	0	37	9.79336e-05	10211	0.999513	FALSE	ORF1ab:cds-YP_009724389.1	TTT	F	CTT	L	3444
NC_045512.2	10595	T	C	10210	1274	39	1	0	37	9.79336e-05	10211	0.999513	FALSE	ORF1ab:cds-YP_009725295.1	TTT	F	CTT	L	3444
NC_045512.2	10598	T	G	10633	1449	40	1	0	37	9.4038e-05	10634	0.999513	FALSE	ORF1ab:cds-YP_009724389.1	TAT	Y	GAT	D	3445
NC_045512.2	10598	T	G	10633	1449	40	1	0	37	9.4038e-05	10634	0.999513	FALSE	ORF1ab:cds-YP_009725295.1	TAT	Y	GAT	D	3445
NC_045512.2	10599	A	G	10645	1444	40	1	0	37	9.3932e-05	10646	0.999513	FALSE	ORF1ab:cds-YP_009724389.1	TAT	Y	TGT	C	3445
NC_045512.2	10599	A	G	10645	1444	40	1	0	37	9.3932e-05	10646	0.999513	FALSE	ORF1ab:cds-YP_009725295.1	TAT	Y	TGT	C	3445
NC_045512.2	10600	T	-G	10630	1452	40	1	0	20	9.40734e-05	10630	1	FALSE	NA	NA	NA	NA	NA	NA
NC_045512.2	10602	G	T	10731	1486	41	1	0	25	9.31619e-05	10734	1	FALSE	ORF1ab:cds-YP_009724389.1	GGA	G	GTA	V	3446
NC_045512.2	10602	G	T	10731	1486	41	1	0	25	9.31619e-05	10734	1	FALSE	ORF1ab:cds-YP_009725295.1	GGA	G	GTA	V	3446
NC_045512.2	10602	G	A	10731	1486	41	2	0	37	0.000186324	10734	0.996833	FALSE	ORF1ab:cds-YP_009724389.1	GGA	G	GAA	E	3446
NC_045512.2	10602	G	A	10731	1486	41	2	0	37	0.000186324	10734	0.996833	FALSE	ORF1ab:cds-YP_009725295.1	GGA	G	GAA	E	3446
NC_045512.2	10603	A	G	10824	1489	41	4	0	43	0.000369413	10828	0.1875	FALSE	ORF1ab:cds-YP_009724389.1	GGA	G	GGG	G	3446
NC_045512.2	10603	A	G	10824	1489	41	4	0	43	0.000369413	10828	0.1875	FALSE	ORF1ab:cds-YP_009725295.1	GGA	G	GGG	G	3446
NC_045512.2	10604	C	T	10923	1486	40	1	0	37	9.15332e-05	10925	0.999513	FALSE	ORF1ab:cds-YP_009724389.1	CCT	P	TCT	S	3447
NC_045512.2	10604	C	T	10923	1486	40	1	0	37	9.15332e-05	10925	0.999513	FALSE	ORF1ab:cds-YP_009725295.1	CCT	P	TCT	S	3447
NC_045512.2	10604	C	A	10923	1486	40	1	0	37	9.15332e-05	10925	0.999513	FALSE	ORF1ab:cds-YP_009724389.1	CCT	P	ACT	T	3447
NC_045512.2	10604	C	A	10923	1486	40	1	0	37	9.15332e-05	10925	0.999513	FALSE	ORF1ab:cds-YP_009725295.1	CCT	P	ACT	T	3447
NC_045512.2	10605	C	T	10886	1506	41	1	0	37	9.18442e-05	10888	0.999513	FALSE	ORF1ab:cds-YP_009724389.1	CCT	P	CTT	L	3447
NC_045512.2	10605	C	T	10886	1506	41	1	0	37	9.18442e-05	10888	0.999513	FALSE	ORF1ab:cds-YP_009725295.1	CCT	P	CTT	L	3447
NC_045512.2	10605	C	A	10886	1506	41	1	0	25	9.18442e-05	10888	1	FALSE	ORF1ab:cds-YP_009724389.1	CCT	P	CAT	H	3447
NC_045512.2	10605	C	A	10886	1506	41	1	0	25	9.18442e-05	10888	1	FALSE	ORF1ab:cds-YP_009725295.1	CCT	P	CAT	H	3447
NC_045512.2	10605	C	-T	10886	1506	41	11	0	20	0.00101029	10888	1	FALSE	NA	NA	NA	NA	NA	NA
NC_045512.2	10606	T	C	10869	1519	40	9	1	37	0.000827206	10880	0.675395	FALSE	ORF1ab:cds-YP_009724389.1	CCT	P	CCC	P	3447
NC_045512.2	10606	T	C	10869	1519	40	9	1	37	0.000827206	10880	0.675395	FALSE	ORF1ab:cds-YP_009725295.1	CCT	P	CCC	P	3447
NC_045512.2	10606	T	A	10869	1519	40	2	0	37	0.000183824	10880	0.996805	FALSE	ORF1ab:cds-YP_009724389.1	CCT	P	CCA	P	3447
NC_045512.2	10606	T	A	10869	1519	40	2	0	37	0.000183824	10880	0.996805	FALSE	ORF1ab:cds-YP_009725295.1	CCT	P	CCA	P	3447
NC_045512.2	10607	T	G	10899	1527	40	1	0	37	9.17431e-05	10900	0.999513	FALSE	ORF1ab:cds-YP_009724389.1	TTT	F	GTT	V	3448
NC_045512.2	10607	T	G	10899	1527	40	1	0	37	9.17431e-05	10900	0.999513	FALSE	ORF1ab:cds-YP_009725295.1	TTT	F	GTT	V	3448
NC_045512.2	10608	T	C	11080	1554	41	2	0	37	0.00018044	11084	0.998294	FALSE	ORF1ab:cds-YP_009724389.1	TTT	F	TCT	S	3448
NC_045512.2	10608	T	C	11080	1554	41	2	0	37	0.00018044	11084	0.998294	FALSE	ORF1ab:cds-YP_009725295.1	TTT	F	TCT	S	3448
NC_045512.2	10608	T	A	11080	1554	41	2	0	31	0.00018044	11084	0.998294	FALSE	ORF1ab:cds-YP_009724389.1	TTT	F	TAT	Y	3448
NC_045512.2	10608	T	A	11080	1554	41	2	0	31	0.00018044	11084	0.998294	FALSE	ORF1ab:cds-YP_009725295.1	TTT	F	TAT	Y	3448
NC_045512.2	10609	T	C	11120	1557	41	2	0	37	0.000179808	11123	0.998295	FALSE	ORF1ab:cds-YP_009724389.1	TTT	F	TTC	F	3448
NC_045512.2	10609	T	C	11120	1557	41	2	0	37	0.000179808	11123	0.998295	FALSE	ORF1ab:cds-YP_009725295.1	TTT	F	TTC	F	3448
NC_045512.2	10609	T	A	11120	1557	41	1	0	25	8.99038e-05	11123	1	FALSE	ORF1ab:cds-YP_009724389.1	TTT	F	TTA	L	3448
NC_045512.2	10609	T	A	11120	1557	41	1	0	25	8.99038e-05	11123	1	FALSE	ORF1ab:cds-YP_009725295.1	TTT	F	TTA	L	3448
NC_045512.2	10609	T	-G	11120	1557	41	1	0	20	8.99038e-05	11123	1	FALSE	NA	NA	NA	NA	NA	NA
NC_045512.2	10610	G	A	11141	1589	41	2	0	37	0.000179485	11143	0.998295	FALSE	ORF1ab:cds-YP_009724389.1	GTT	V	ATT	I	3449
NC_045512.2	10610	G	A	11141	1589	41	2	0	37	0.000179485	11143	0.998295	FALSE	ORF1ab:cds-YP_009725295.1	GTT	V	ATT	I	3449
NC_045512.2	10611	T	A	11171	1595	41	2	1	25	0.000179003	11173	1	FALSE	ORF1ab:cds-YP_009724389.1	GTT	V	GAT	D	3449
NC_045512.2	10611	T	A	11171	1595	41	2	1	25	0.000179003	11173	1	FALSE	ORF1ab:cds-YP_009725295.1	GTT	V	GAT	D	3449
NC_045512.2	10612	T	C	11177	1661	41	1	1	22	8.94614e-05	11178	1	FALSE	ORF1ab:cds-YP_009724389.1	GTT	V	GTC	V	3449
NC_045512.2	10612	T	C	11177	1661	41	1	1	22	8.94614e-05	11178	1	FALSE	ORF1ab:cds-YP_009725295.1	GTT	V	GTC	V	3449
NC_045512.2	10613	G	A	11143	1668	41	2	1	55	0.000179453	11145	0.250011	FALSE	ORF1ab:cds-YP_009724389.1	GAC	D	AAC	N	3450
NC_045512.2	10613	G	A	11143	1668	41	2	1	55	0.000179453	11145	0.250011	FALSE	ORF1ab:cds-YP_009725295.1	GAC	D	AAC	N	3450
NC_045512.2	10614	A	T	11134	1671	41	1	0	37	8.97747e-05	11139	0.999756	FALSE	ORF1ab:cds-YP_009724389.1	GAC	D	GTC	V	3450
NC_045512.2	10614	A	T	11134	1671	41	1	0	37	8.97747e-05	11139	0.999756	FALSE	ORF1ab:cds-YP_009725295.1	GAC	D	GTC	V	3450
NC_045512.2	10614	A	G	11134	1671	41	4	2	37	0.000359099	11139	0.982452	FALSE	ORF1ab:cds-YP_009724389.1	GAC	D	GGC	G	3450
NC_045512.2	10614	A	G	11134	1671	41	4	2	37	0.000359099	11139	0.982452	FALSE	ORF1ab:cds-YP_009725295.1	GAC	D	GGC	G	3450
NC_045512.2	10615	C	T	11425	1672	41	11	1	39	0.000961875	11436	0.584215	FALSE	ORF1ab:cds-YP_009724389.1	GAC	D	GAT	D	3450
NC_045512.2	10615	C	T	11425	1672	41	11	1	39	0.000961875	11436	0.584215	FALSE	ORF1ab:cds-YP_009725295.1	GAC	D	GAT	D	3450
NC_045512.2	10616	A	T	11422	1666	41	1	0	37	8.75044e-05	11428	0.999756	FALSE	ORF1ab:cds-YP_009724389.1	AGG	R	TGG	W	3451
NC_045512.2	10616	A	T	11422	1666	41	1	0	37	8.75044e-05	11428	0.999756	FALSE	ORF1ab:cds-YP_009725295.1	AGG	R	TGG	W	3451
NC_045512.2	10616	A	G	11422	1666	41	5	0	37	0.000437522	11428	0.961645	FALSE	ORF1ab:cds-YP_009724389.1	AGG	R	GGG	G	3451
NC_045512.2	10616	A	G	11422	1666	41	5	0	37	0.000437522	11428	0.961645	FALSE	ORF1ab:cds-YP_009725295.1	AGG	R	GGG	G	3451
NC_045512.2	10616	A	+G	11422	1666	41	4	0	20	0.000350018	11428	1	FALSE	NA	NA	NA	NA	NA	NA
NC_045512.2	10617	G	T	11730	1679	41	1	0	37	8.5237e-05	11732	0.999757	FALSE	ORF1ab:cds-YP_009724389.1	AGG	R	ATG	M	3451
NC_045512.2	10617	G	T	11730	1679	41	1	0	37	8.5237e-05	11732	0.999757	FALSE	ORF1ab:cds-YP_009725295.1	AGG	R	ATG	M	3451
NC_045512.2	10617	G	A	11730	1679	41	1	0	74	8.5237e-05	11732	0.5	FALSE	ORF1ab:cds-YP_009724389.1	AGG	R	AAG	K	3451
NC_045512.2	10617	G	A	11730	1679	41	1	0	74	8.5237e-05	11732	0.5	FALSE	ORF1ab:cds-YP_009725295.1	AGG	R	AAG	K	3451
NC_045512.2	10618	G	T	11707	1678	41	1	0	37	8.52878e-05	11725	0.999755	FALSE	ORF1ab:cds-YP_009724389.1	AGG	R	AGT	S	3451
NC_045512.2	10618	G	T	11707	1678	41	1	0	37	8.52878e-05	11725	0.999755	FALSE	ORF1ab:cds-YP_009725295.1	AGG	R	AGT	S	3451
NC_045512.2	10618	G	C	11707	1678	41	2	0	31	0.000170576	11725	0.998283	FALSE	ORF1ab:cds-YP_009724389.1	AGG	R	AGC	S	3451
NC_045512.2	10618	G	C	11707	1678	41	2	0	31	0.000170576	11725	0.998283	FALSE	ORF1ab:cds-YP_009725295.1	AGG	R	AGC	S	3451
NC_045512.2	10618	G	A	11707	1678	41	15	2	40	0.00127932	11725	0.000258074	TRUE	ORF1ab:cds-YP_009724389.1	AGG	R	AGA	R	3451
NC_045512.2	10618	G	A	11707	1678	41	15	2	40	0.00127932	11725	0.000258074	TRUE	ORF1ab:cds-YP_009725295.1	AGG	R	AGA	R	3451
NC_045512.2	10619	C	T	11776	1679	41	6	0	43	0.000509208	11783	0.0624721	FALSE	ORF1ab:cds-YP_009724389.1	CAA	Q	TAA	*	3452
NC_045512.2	10619	C	T	11776	1679	41	6	0	43	0.000509208	11783	0.0624721	FALSE	ORF1ab:cds-YP_009725295.1	CAA	Q	TAA	*	3452
NC_045512.2	10619	C	A	11776	1679	41	1	0	37	8.4868e-05	11783	0.999756	FALSE	ORF1ab:cds-YP_009724389.1	CAA	Q	AAA	K	3452
NC_045512.2	10619	C	A	11776	1679	41	1	0	37	8.4868e-05	11783	0.999756	FALSE	ORF1ab:cds-YP_009725295.1	CAA	Q	AAA	K	3452
NC_045512.2	10619	C	-A	11776	1679	41	1	0	20	8.4868e-05	11783	1	FALSE	NA	NA	NA	NA	NA	NA
NC_045512.2	10621	A	G	11651	1687	41	2	1	49	0.00017163	11653	0.500032	FALSE	ORF1ab:cds-YP_009724389.1	CAA	Q	CAG	Q	3452
NC_045512.2	10621	A	G	11651	1687	41	2	1	49	0.00017163	11653	0.500032	FALSE	ORF1ab:cds-YP_009725295.1	CAA	Q	CAG	Q	3452
NC_045512.2	10622	A	G	11716	1689	41	1	0	37	8.53388e-05	11718	0.999757	FALSE	ORF1ab:cds-YP_009724389.1	ACA	T	GCA	A	3453
NC_045512.2	10622	A	G	11716	1689	41	1	0	37	8.53388e-05	11718	0.999757	FALSE	ORF1ab:cds-YP_009725295.1	ACA	T	GCA	A	3453
NC_045512.2	10622	A	C	11716	1689	41	1	0	37	8.53388e-05	11718	0.999757	FALSE	ORF1ab:cds-YP_009724389.1	ACA	T	CCA	P	3453
NC_045512.2	10622	A	C	11716	1689	41	1	0	37	8.53388e-05	11718	0.999757	FALSE	ORF1ab:cds-YP_009725295.1	ACA	T	CCA	P	3453
NC_045512.2	10623	C	T	12100	1694	41	2	1	55	0.000165248	12103	0.24999	FALSE	ORF1ab:cds-YP_009724389.1	ACA	T	ATA	I	3453
NC_045512.2	10623	C	T	12100	1694	41	2	1	55	0.000165248	12103	0.24999	FALSE	ORF1ab:cds-YP_009725295.1	ACA	T	ATA	I	3453
NC_045512.2	10623	C	A	12100	1694	41	1	0	37	8.26241e-05	12103	0.999878	FALSE	ORF1ab:cds-YP_009724389.1	ACA	T	AAA	K	3453
NC_045512.2	10623	C	A	12100	1694	41	1	0	37	8.26241e-05	12103	0.999878	FALSE	ORF1ab:cds-YP_009725295.1	ACA	T	AAA	K	3453
NC_045512.2	10624	A	T	12140	1692	41	1	0	25	8.23452e-05	12144	1	FALSE	ORF1ab:cds-YP_009724389.1	ACA	T	ACT	T	3453
NC_045512.2	10624	A	T	12140	1692	41	1	0	25	8.23452e-05	12144	1	FALSE	ORF1ab:cds-YP_009725295.1	ACA	T	ACT	T	3453
NC_045512.2	10624	A	G	12140	1692	41	1	0	37	8.23452e-05	12144	0.999878	FALSE	ORF1ab:cds-YP_009724389.1	ACA	T	ACG	T	3453
NC_045512.2	10624	A	G	12140	1692	41	1	0	37	8.23452e-05	12144	0.999878	FALSE	ORF1ab:cds-YP_009725295.1	ACA	T	ACG	T	3453
NC_045512.2	10624	A	C	12140	1692	41	2	0	31	0.00016469	12144	0.999087	FALSE	ORF1ab:cds-YP_009724389.1	ACA	T	ACC	T	3453
NC_045512.2	10624	A	C	12140	1692	41	2	0	31	0.00016469	12144	0.999087	FALSE	ORF1ab:cds-YP_009725295.1	ACA	T	ACC	T	3453
NC_045512.2	10625	G	A	12248	1691	41	11	2	37	0.0008973	12259	0.661325	FALSE	ORF1ab:cds-YP_009724389.1	GCA	A	ACA	T	3454
NC_045512.2	10625	G	A	12248	1691	41	11	2	37	0.0008973	12259	0.661325	FALSE	ORF1ab:cds-YP_009725295.1	GCA	A	ACA	T	3454
NC_045512.2	10626	C	T	12282	1708	41	11	1	37	0.000894818	12293	0.661325	FALSE	ORF1ab:cds-YP_009724389.1	GCA	A	GTA	V	3454
NC_045512.2	10626	C	T	12282	1708	41	11	1	37	0.000894818	12293	0.661325	FALSE	ORF1ab:cds-YP_009725295.1	GCA	A	GTA	V	3454
NC_045512.2	10627	A	G	12345	1707	41	2	0	37	0.000161983	12347	0.999087	FALSE	ORF1ab:cds-YP_009724389.1	GCA	A	GCG	A	3454
NC_045512.2	10627	A	G	12345	1707	41	2	0	37	0.000161983	12347	0.999087	FALSE	ORF1ab:cds-YP_009725295.1	GCA	A	GCG	A	3454
NC_045512.2	10628	C	A	12402	1828	42	1	0	37	8.06257e-05	12403	0.999878	FALSE	ORF1ab:cds-YP_009724389.1	CAA	Q	AAA	K	3455
NC_045512.2	10628	C	A	12402	1828	42	1	0	37	8.06257e-05	12403	0.999878	FALSE	ORF1ab:cds-YP_009725295.1	CAA	Q	AAA	K	3455
NC_045512.2	10629	A	G	12410	1820	42	4	0	37	0.000322217	12414	0.989389	FALSE	ORF1ab:cds-YP_009724389.1	CAA	Q	CGA	R	3455
NC_045512.2	10629	A	G	12410	1820	42	4	0	37	0.000322217	12414	0.989389	FALSE	ORF1ab:cds-YP_009725295.1	CAA	Q	CGA	R	3455
NC_045512.2	10630	A	T	12340	1812	41	4	0	46	0.000323992	12346	0.187449	FALSE	ORF1ab:cds-YP_009724389.1	CAA	Q	CAT	H	3455
NC_045512.2	10630	A	T	12340	1812	41	4	0	46	0.000323992	12346	0.187449	FALSE	ORF1ab:cds-YP_009725295.1	CAA	Q	CAT	H	3455
NC_045512.2	10630	A	G	12340	1812	41	2	0	55	0.000161996	12346	0.249929	FALSE	ORF1ab:cds-YP_009724389.1	CAA	Q	CAG	Q	3455
NC_045512.2	10630	A	G	12340	1812	41	2	0	55	0.000161996	12346	0.249929	FALSE	ORF1ab:cds-YP_009725295.1	CAA	Q	CAG	Q	3455
NC_045512.2	10631	G	A	12144	1857	41	6	2	47	0.000493827	12150	0.0624865	FALSE	ORF1ab:cds-YP_009724389.1	GCA	A	ACA	T	3456
NC_045512.2	10631	G	A	12144	1857	41	6	2	47	0.000493827	12150	0.0624865	FALSE	ORF1ab:cds-YP_009725295.1	GCA	A	ACA	T	3456
NC_045512.2	10632	C	T	12525	1861	42	1	0	25	7.98148e-05	12529	1	FALSE	ORF1ab:cds-YP_009724389.1	GCA	A	GTA	V	3456
NC_045512.2	10632	C	T	12525	1861	42	1	0	25	7.98148e-05	12529	1	FALSE	ORF1ab:cds-YP_009725295.1	GCA	A	GTA	V	3456
NC_045512.2	10632	C	A	12525	1861	42	3	1	33	0.000239444	12529	0.996316	FALSE	ORF1ab:cds-YP_009724389.1	GCA	A	GAA	E	3456
NC_045512.2	10632	C	A	12525	1861	42	3	1	33	0.000239444	12529	0.996316	FALSE	ORF1ab:cds-YP_009725295.1	GCA	A	GAA	E	3456
NC_045512.2	10633	A	G	12623	1968	42	3	2	37	0.000237605	12626	0.996317	FALSE	ORF1ab:cds-YP_009724389.1	GCA	A	GCG	A	3456
NC_045512.2	10633	A	G	12623	1968	42	3	2	37	0.000237605	12626	0.996317	FALSE	ORF1ab:cds-YP_009725295.1	GCA	A	GCG	A	3456
NC_045512.2	10634	G	T	12619	1971	42	1	0	37	7.9233e-05	12621	0.999878	FALSE	ORF1ab:cds-YP_009724389.1	GCT	A	TCT	S	3457
NC_045512.2	10634	G	T	12619	1971	42	1	0	37	7.9233e-05	12621	0.999878	FALSE	ORF1ab:cds-YP_009725295.1	GCT	A	TCT	S	3457
NC_045512.2	10634	G	A	12619	1971	42	1	0	25	7.9233e-05	12621	1	FALSE	ORF1ab:cds-YP_009724389.1	GCT	A	ACT	T	3457
NC_045512.2	10634	G	A	12619	1971	42	1	0	25	7.9233e-05	12621	1	FALSE	ORF1ab:cds-YP_009725295.1	GCT	A	ACT	T	3457
NC_045512.2	10635	C	T	12623	1962	42	16	4	46	0.00126592	12639	0.000136837	TRUE	ORF1ab:cds-YP_009724389.1	GCT	A	GTT	V	3457
NC_045512.2	10635	C	T	12623	1962	42	16	4	46	0.00126592	12639	0.000136837	TRUE	ORF1ab:cds-YP_009725295.1	GCT	A	GTT	V	3457
NC_045512.2	10636	T	C	12621	1976	42	2	0	37	0.000158428	12624	0.999087	FALSE	ORF1ab:cds-YP_009724389.1	GCT	A	GCC	A	3457
NC_045512.2	10636	T	C	12621	1976	42	2	0	37	0.000158428	12624	0.999087	FALSE	ORF1ab:cds-YP_009725295.1	GCT	A	GCC	A	3457
NC_045512.2	10636	T	A	12621	1976	42	1	0	37	7.92142e-05	12624	0.999878	FALSE	ORF1ab:cds-YP_009724389.1	GCT	A	GCA	A	3457
NC_045512.2	10636	T	A	12621	1976	42	1	0	37	7.92142e-05	12624	0.999878	FALSE	ORF1ab:cds-YP_009725295.1	GCT	A	GCA	A	3457
NC_045512.2	10637	G	T	13065	1974	42	3	0	37	0.000229533	13070	0.997914	FALSE	ORF1ab:cds-YP_009724389.1	GGT	G	TGT	C	3458
NC_045512.2	10637	G	T	13065	1974	42	3	0	37	0.000229533	13070	0.997914	FALSE	ORF1ab:cds-YP_009725295.1	GGT	G	TGT	C	3458
NC_045512.2	10637	G	A	13065	1974	42	2	0	37	0.000153022	13070	0.999513	FALSE	ORF1ab:cds-YP_009724389.1	GGT	G	AGT	S	3458
NC_045512.2	10637	G	A	13065	1974	42	2	0	37	0.000153022	13070	0.999513	FALSE	ORF1ab:cds-YP_009725295.1	GGT	G	AGT	S	3458
NC_045512.2	10638	G	C	13134	2007	42	1	1	37	7.61325e-05	13135	0.999939	FALSE	ORF1ab:cds-YP_009724389.1	GGT	G	GCT	A	3458
NC_045512.2	10638	G	C	13134	2007	42	1	1	37	7.61325e-05	13135	0.999939	FALSE	ORF1ab:cds-YP_009725295.1	GGT	G	GCT	A	3458
NC_045512.2	10639	T	C	13186	2212	43	3	0	37	0.000227462	13189	0.997916	FALSE	ORF1ab:cds-YP_009724389.1	GGT	G	GGC	G	3458
NC_045512.2	10639	T	C	13186	2212	43	3	0	37	0.000227462	13189	0.997916	FALSE	ORF1ab:cds-YP_009725295.1	GGT	G	GGC	G	3458
NC_045512.2	10640	A	G	13076	2225	43	5	0	51	0.000382234	13081	0.031244	FALSE	ORF1ab:cds-YP_009724389.1	ACG	T	GCG	A	3459
NC_045512.2	10640	A	G	13076	2225	43	5	0	51	0.000382234	13081	0.031244	FALSE	ORF1ab:cds-YP_009725295.1	ACG	T	GCG	A	3459
NC_045512.2	10641	C	T	13202	2365	44	14	2	44	0.00105916	13218	0.000486586	TRUE	ORF1ab:cds-YP_009724389.1	ACG	T	ATG	M	3459
NC_045512.2	10641	C	T	13202	2365	44	14	2	44	0.00105916	13218	0.000486586	TRUE	ORF1ab:cds-YP_009725295.1	ACG	T	ATG	M	3459
NC_045512.2	10641	C	G	13202	2365	44	1	1	37	7.56544e-05	13218	0.999939	FALSE	ORF1ab:cds-YP_009724389.1	ACG	T	AGG	R	3459
NC_045512.2	10641	C	G	13202	2365	44	1	1	37	7.56544e-05	13218	0.999939	FALSE	ORF1ab:cds-YP_009725295.1	ACG	T	AGG	R	3459
NC_045512.2	10641	C	A	13202	2365	44	1	0	37	7.56544e-05	13218	0.999939	FALSE	ORF1ab:cds-YP_009724389.1	ACG	T	AAG	K	3459
NC_045512.2	10641	C	A	13202	2365	44	1	0	37	7.56544e-05	13218	0.999939	FALSE	ORF1ab:cds-YP_009725295.1	ACG	T	AAG	K	3459
NC_045512.2	10642	G	T	13251	2456	43	4	0	37	0.000301773	13255	0.993654	FALSE	ORF1ab:cds-YP_009724389.1	ACG	T	ACT	T	3459
NC_045512.2	10642	G	T	13251	2456	43	4	0	37	0.000301773	13255	0.993654	FALSE	ORF1ab:cds-YP_009725295.1	ACG	T	ACT	T	3459
NC_045512.2	10643	G	C	13330	2476	43	2	0	37	0.00014997	13336	0.999512	FALSE	ORF1ab:cds-YP_009724389.1	GAC	D	CAC	H	3460
NC_045512.2	10643	G	C	13330	2476	43	2	0	37	0.00014997	13336	0.999512	FALSE	ORF1ab:cds-YP_009725295.1	GAC	D	CAC	H	3460
NC_045512.2	10643	G	A	13330	2476	43	4	1	37	0.00029994	13336	0.993648	FALSE	ORF1ab:cds-YP_009724389.1	GAC	D	AAC	N	3460
NC_045512.2	10643	G	A	13330	2476	43	4	1	37	0.00029994	13336	0.993648	FALSE	ORF1ab:cds-YP_009725295.1	GAC	D	AAC	N	3460
NC_045512.2	10644	A	G	12491	2678	43	1	0	74	8.00512e-05	12492	0.50002	FALSE	ORF1ab:cds-YP_009724389.1	GAC	D	GGC	G	3460
NC_045512.2	10644	A	G	12491	2678	43	1	0	74	8.00512e-05	12492	0.50002	FALSE	ORF1ab:cds-YP_009725295.1	GAC	D	GGC	G	3460
NC_045512.2	10646	A	T	12034	2762	42	1	1	37	8.30841e-05	12036	0.999878	FALSE	ORF1ab:cds-YP_009724389.1	ACA	T	TCA	S	3461
NC_045512.2	10646	A	T	12034	2762	42	1	1	37	8.30841e-05	12036	0.999878	FALSE	ORF1ab:cds-YP_009725295.1	ACA	T	TCA	S	3461
NC_045512.2	10646	A	C	12034	2762	42	1	0	37	8.30841e-05	12036	0.999878	FALSE	ORF1ab:cds-YP_009724389.1	ACA	T	CCA	P	3461
NC_045512.2	10646	A	C	12034	2762	42	1	0	37	8.30841e-05	12036	0.999878	FALSE	ORF1ab:cds-YP_009725295.1	ACA	T	CCA	P	3461
NC_045512.2	10647	C	T	12555	2906	42	2	0	37	0.000159274	12557	0.999087	FALSE	ORF1ab:cds-YP_009724389.1	ACA	T	ATA	I	3461
NC_045512.2	10647	C	T	12555	2906	42	2	0	37	0.000159274	12557	0.999087	FALSE	ORF1ab:cds-YP_009725295.1	ACA	T	ATA	I	3461
NC_045512.2	10647	C	-AA	12555	2906	42	1	0	20	7.96369e-05	12557	1	FALSE	NA	NA	NA	NA	NA	NA
NC_045512.2	10647	C	+G	12555	2906	42	1	0	20	7.96369e-05	12557	1	FALSE	NA	NA	NA	NA	NA	NA
NC_045512.2	10648	A	T	12698	3209	43	2	0	29	0.000157418	12705	1	FALSE	ORF1ab:cds-YP_009724389.1	ACA	T	ACT	T	3461
NC_045512.2	10648	A	T	12698	3209	43	2	0	29	0.000157418	12705	1	FALSE	ORF1ab:cds-YP_009725295.1	ACA	T	ACT	T	3461
NC_045512.2	10648	A	G	12698	3209	43	5	3	44	0.000393546	12705	0.10931	FALSE	ORF1ab:cds-YP_009724389.1	ACA	T	ACG	T	3461
NC_045512.2	10648	A	G	12698	3209	43	5	3	44	0.000393546	12705	0.10931	FALSE	ORF1ab:cds-YP_009725295.1	ACA	T	ACG	T	3461
NC_045512.2	10649	A	G	12780	3445	44	46	45	36	0.00358646	12826	4.0191e-06	TRUE	ORF1ab:cds-YP_009724389.1	ACT	T	GCT	A	3462
NC_045512.2	10649	A	G	12780	3445	44	46	45	36	0.00358646	12826	4.0191e-06	TRUE	ORF1ab:cds-YP_009725295.1	ACT	T	GCT	A	3462
NC_045512.2	10650	C	T	14312	3538	43	1	0	25	6.98617e-05	14314	1	FALSE	ORF1ab:cds-YP_009724389.1	ACT	T	ATT	I	3462
NC_045512.2	10650	C	T	14312	3538	43	1	0	25	6.98617e-05	14314	1	FALSE	ORF1ab:cds-YP_009725295.1	ACT	T	ATT	I	3462
NC_045512.2	10650	C	A	14312	3538	43	1	0	37	6.98617e-05	14314	0.99997	FALSE	ORF1ab:cds-YP_009724389.1	ACT	T	AAT	N	3462
NC_045512.2	10650	C	A	14312	3538	43	1	0	37	6.98617e-05	14314	0.99997	FALSE	ORF1ab:cds-YP_009725295.1	ACT	T	AAT	N	3462
NC_045512.2	10651	T	G	13771	3690	42	1	0	37	7.25953e-05	13775	0.999939	FALSE	ORF1ab:cds-YP_009724389.1	ACT	T	ACG	T	3462
NC_045512.2	10651	T	G	13771	3690	42	1	0	37	7.25953e-05	13775	0.999939	FALSE	ORF1ab:cds-YP_009725295.1	ACT	T	ACG	T	3462
NC_045512.2	10651	T	A	13771	3690	42	3	0	37	0.000217786	13775	0.997915	FALSE	ORF1ab:cds-YP_009724389.1	ACT	T	ACA	T	3462
NC_045512.2	10651	T	A	13771	3690	42	3	0	37	0.000217786	13775	0.997915	FALSE	ORF1ab:cds-YP_009725295.1	ACT	T	ACA	T	3462
NC_045512.2	10652	A	G	13698	3633	42	1	0	37	7.2998e-05	13699	0.999939	FALSE	ORF1ab:cds-YP_009724389.1	ATT	I	GTT	V	3463
NC_045512.2	10652	A	G	13698	3633	42	1	0	37	7.2998e-05	13699	0.999939	FALSE	ORF1ab:cds-YP_009725295.1	ATT	I	GTT	V	3463
NC_045512.2	10652	A	+T	13698	3633	42	1	0	20	7.2998e-05	13699	1	FALSE	NA	NA	NA	NA	NA	NA
NC_045512.2	10653	T	C	13736	3653	42	2	1	37	0.000145571	13739	0.999513	FALSE	ORF1ab:cds-YP_009724389.1	ATT	I	ACT	T	3463
NC_045512.2	10653	T	C	13736	3653	42	2	1	37	0.000145571	13739	0.999513	FALSE	ORF1ab:cds-YP_009725295.1	ATT	I	ACT	T	3463
NC_045512.2	10653	T	A	13736	3653	42	1	0	25	7.27855e-05	13739	1	FALSE	ORF1ab:cds-YP_009724389.1	ATT	I	AAT	N	3463
NC_045512.2	10653	T	A	13736	3653	42	1	0	25	7.27855e-05	13739	1	FALSE	ORF1ab:cds-YP_009725295.1	ATT	I	AAT	N	3463
NC_045512.2	10654	T	C	13740	3669	42	1	1	74	7.27696e-05	13742	0.5	FALSE	ORF1ab:cds-YP_009724389.1	ATT	I	ATC	I	3463
NC_045512.2	10654	T	C	13740	3669	42	1	1	74	7.27696e-05	13742	0.5	FALSE	ORF1ab:cds-YP_009725295.1	ATT	I	ATC	I	3463
NC_045512.2	10654	T	A	13740	3669	42	1	0	37	7.27696e-05	13742	0.999939	FALSE	ORF1ab:cds-YP_009724389.1	ATT	I	ATA	I	3463
NC_045512.2	10654	T	A	13740	3669	42	1	0	37	7.27696e-05	13742	0.999939	FALSE	ORF1ab:cds-YP_009725295.1	ATT	I	ATA	I	3463
NC_045512.2	10655	A	T	13809	3767	43	2	0	37	0.000144802	13812	0.999513	FALSE	ORF1ab:cds-YP_009724389.1	ACA	T	TCA	S	3464
NC_045512.2	10655	A	T	13809	3767	43	2	0	37	0.000144802	13812	0.999513	FALSE	ORF1ab:cds-YP_009725295.1	ACA	T	TCA	S	3464
NC_045512.2	10655	A	G	13809	3767	43	1	1	37	7.24008e-05	13812	0.999939	FALSE	ORF1ab:cds-YP_009724389.1	ACA	T	GCA	A	3464
NC_045512.2	10655	A	G	13809	3767	43	1	1	37	7.24008e-05	13812	0.999939	FALSE	ORF1ab:cds-YP_009725295.1	ACA	T	GCA	A	3464
NC_045512.2	10656	C	T	13951	3797	42	1	1	37	7.16743e-05	13952	0.999939	FALSE	ORF1ab:cds-YP_009724389.1	ACA	T	ATA	I	3464
NC_045512.2	10656	C	T	13951	3797	42	1	1	37	7.16743e-05	13952	0.999939	FALSE	ORF1ab:cds-YP_009725295.1	ACA	T	ATA	I	3464
NC_045512.2	10657	A	T	13841	3701	42	4	1	37	0.000288871	13847	0.993648	FALSE	ORF1ab:cds-YP_009724389.1	ACA	T	ACT	T	3464
NC_045512.2	10657	A	T	13841	3701	42	4	1	37	0.000288871	13847	0.993648	FALSE	ORF1ab:cds-YP_009725295.1	ACA	T	ACT	T	3464
NC_045512.2	10657	A	C	13841	3701	42	2	1	29	0.000144436	13847	1	FALSE	ORF1ab:cds-YP_009724389.1	ACA	T	ACC	T	3464
NC_045512.2	10657	A	C	13841	3701	42	2	1	29	0.000144436	13847	1	FALSE	ORF1ab:cds-YP_009725295.1	ACA	T	ACC	T	3464
NC_045512.2	10657	A	+G	13841	3701	42	1	0	20	7.22178e-05	13847	1	FALSE	NA	NA	NA	NA	NA	NA
NC_045512.2	10658	G	T	13756	3782	42	1	0	74	7.2685e-05	13758	0.5	FALSE	ORF1ab:cds-YP_009724389.1	GTT	V	TTT	F	3465
NC_045512.2	10658	G	T	13756	3782	42	1	0	74	7.2685e-05	13758	0.5	FALSE	ORF1ab:cds-YP_009725295.1	GTT	V	TTT	F	3465
NC_045512.2	10658	G	A	13756	3782	42	1	0	74	7.2685e-05	13758	0.5	FALSE	ORF1ab:cds-YP_009724389.1	GTT	V	ATT	I	3465
NC_045512.2	10658	G	A	13756	3782	42	1	0	74	7.2685e-05	13758	0.5	FALSE	ORF1ab:cds-YP_009725295.1	GTT	V	ATT	I	3465
NC_045512.2	10659	T	C	13200	3494	42	8	0	37	0.000605648	13209	0.905465	FALSE	ORF1ab:cds-YP_009724389.1	GTT	V	GCT	A	3465
NC_045512.2	10659	T	C	13200	3494	42	8	0	37	0.000605648	13209	0.905465	FALSE	ORF1ab:cds-YP_009725295.1	GTT	V	GCT	A	3465
NC_045512.2	10659	T	A	13200	3494	42	1	0	37	7.5706e-05	13209	0.999939	FALSE	ORF1ab:cds-YP_009724389.1	GTT	V	GAT	D	3465
NC_045512.2	10659	T	A	13200	3494	42	1	0	37	7.5706e-05	13209	0.999939	FALSE	ORF1ab:cds-YP_009725295.1	GTT	V	GAT	D	3465
NC_045512.2	10660	T	C	13304	3530	42	2	0	29	0.000150297	13307	1	FALSE	ORF1ab:cds-YP_009724389.1	GTT	V	GTC	V	3465
NC_045512.2	10660	T	C	13304	3530	42	2	0	29	0.000150297	13307	1	FALSE	ORF1ab:cds-YP_009725295.1	GTT	V	GTC	V	3465
NC_045512.2	10660	T	A	13304	3530	42	1	0	37	7.51484e-05	13307	0.999939	FALSE	ORF1ab:cds-YP_009724389.1	GTT	V	GTA	V	3465
NC_045512.2	10660	T	A	13304	3530	42	1	0	37	7.51484e-05	13307	0.999939	FALSE	ORF1ab:cds-YP_009725295.1	GTT	V	GTA	V	3465
NC_045512.2	10661	A	G	13066	3558	41	1	1	37	7.65287e-05	13067	0.999939	FALSE	ORF1ab:cds-YP_009724389.1	AAT	N	GAT	D	3466
NC_045512.2	10661	A	G	13066	3558	41	1	1	37	7.65287e-05	13067	0.999939	FALSE	ORF1ab:cds-YP_009725295.1	AAT	N	GAT	D	3466
NC_045512.2	10665	T	C	13304	3660	41	2	1	55	0.000150308	13306	0.250009	FALSE	ORF1ab:cds-YP_009724389.1	GTT	V	GCT	A	3467
NC_045512.2	10665	T	C	13304	3660	41	2	1	55	0.000150308	13306	0.250009	FALSE	ORF1ab:cds-YP_009725295.1	GTT	V	GCT	A	3467
NC_045512.2	10667	T	G	13399	3745	42	1	1	37	7.46213e-05	13401	0.999939	FALSE	ORF1ab:cds-YP_009724389.1	TTA	L	GTA	V	3468
NC_045512.2	10667	T	G	13399	3745	42	1	1	37	7.46213e-05	13401	0.999939	FALSE	ORF1ab:cds-YP_009725295.1	TTA	L	GTA	V	3468
NC_045512.2	10667	T	C	13399	3745	42	1	1	37	7.46213e-05	13401	0.999939	FALSE	ORF1ab:cds-YP_009724389.1	TTA	L	CTA	L	3468
NC_045512.2	10667	T	C	13399	3745	42	1	1	37	7.46213e-05	13401	0.999939	FALSE	ORF1ab:cds-YP_009725295.1	TTA	L	CTA	L	3468
NC_045512.2	10669	A	T	13477	3749	42	1	0	37	7.4184e-05	13480	0.999939	FALSE	ORF1ab:cds-YP_009724389.1	TTA	L	TTT	F	3468
NC_045512.2	10669	A	T	13477	3749	42	1	0	37	7.4184e-05	13480	0.999939	FALSE	ORF1ab:cds-YP_009725295.1	TTA	L	TTT	F	3468
NC_045512.2	10669	A	G	13477	3749	42	2	2	37	0.000148368	13480	0.999513	FALSE	ORF1ab:cds-YP_009724389.1	TTA	L	TTG	L	3468
NC_045512.2	10669	A	G	13477	3749	42	2	2	37	0.000148368	13480	0.999513	FALSE	ORF1ab:cds-YP_009725295.1	TTA	L	TTG	L	3468
NC_045512.2	10670	G	T	13646	4048	42	1	1	37	7.32708e-05	13648	0.999939	FALSE	ORF1ab:cds-YP_009724389.1	GCT	A	TCT	S	3469
NC_045512.2	10670	G	T	13646	4048	42	1	1	37	7.32708e-05	13648	0.999939	FALSE	ORF1ab:cds-YP_009725295.1	GCT	A	TCT	S	3469
NC_045512.2	10670	G	A	13646	4048	42	1	1	74	7.32708e-05	13648	0.5	FALSE	ORF1ab:cds-YP_009724389.1	GCT	A	ACT	T	3469
NC_045512.2	10670	G	A	13646	4048	42	1	1	74	7.32708e-05	13648	0.5	FALSE	ORF1ab:cds-YP_009725295.1	GCT	A	ACT	T	3469
NC_045512.2	10671	C	T	13405	4098	42	5	2	44	0.000372828	13411	0.109349	FALSE	ORF1ab:cds-YP_009724389.1	GCT	A	GTT	V	3469
NC_045512.2	10671	C	T	13405	4098	42	5	2	44	0.000372828	13411	0.109349	FALSE	ORF1ab:cds-YP_009725295.1	GCT	A	GTT	V	3469
NC_045512.2	10671	C	A	13405	4098	42	1	0	37	7.45657e-05	13411	0.999939	FALSE	ORF1ab:cds-YP_009724389.1	GCT	A	GAT	D	3469
NC_045512.2	10671	C	A	13405	4098	42	1	0	37	7.45657e-05	13411	0.999939	FALSE	ORF1ab:cds-YP_009725295.1	GCT	A	GAT	D	3469
NC_045512.2	10672	T	G	13161	4100	41	1	0	25	7.59648e-05	13164	1	FALSE	ORF1ab:cds-YP_009724389.1	GCT	A	GCG	A	3469
NC_045512.2	10672	T	G	13161	4100	41	1	0	25	7.59648e-05	13164	1	FALSE	ORF1ab:cds-YP_009725295.1	GCT	A	GCG	A	3469
NC_045512.2	10672	T	C	13161	4100	41	2	0	37	0.00015193	13164	0.999513	FALSE	ORF1ab:cds-YP_009724389.1	GCT	A	GCC	A	3469
NC_045512.2	10672	T	C	13161	4100	41	2	0	37	0.00015193	13164	0.999513	FALSE	ORF1ab:cds-YP_009725295.1	GCT	A	GCC	A	3469
NC_045512.2	10673	T	C	13317	4013	42	6	3	43	0.000450315	13324	0.0624754	FALSE	ORF1ab:cds-YP_009724389.1	TGG	W	CGG	R	3470
NC_045512.2	10673	T	C	13317	4013	42	6	3	43	0.000450315	13324	0.0624754	FALSE	ORF1ab:cds-YP_009725295.1	TGG	W	CGG	R	3470
NC_045512.2	10673	T	A	13317	4013	42	1	1	37	7.50525e-05	13324	0.999939	FALSE	ORF1ab:cds-YP_009724389.1	TGG	W	AGG	R	3470
NC_045512.2	10673	T	A	13317	4013	42	1	1	37	7.50525e-05	13324	0.999939	FALSE	ORF1ab:cds-YP_009725295.1	TGG	W	AGG	R	3470
NC_045512.2	10674	G	T	13528	4008	42	2	1	37	0.00014782	13530	0.999513	FALSE	ORF1ab:cds-YP_009724389.1	TGG	W	TTG	L	3470
NC_045512.2	10674	G	T	13528	4008	42	2	1	37	0.00014782	13530	0.999513	FALSE	ORF1ab:cds-YP_009725295.1	TGG	W	TTG	L	3470
NC_045512.2	10675	G	T	14175	4624	42	2	0	55	0.000141064	14178	0.249991	FALSE	ORF1ab:cds-YP_009724389.1	TGG	W	TGT	C	3470
NC_045512.2	10675	G	T	14175	4624	42	2	0	55	0.000141064	14178	0.249991	FALSE	ORF1ab:cds-YP_009725295.1	TGG	W	TGT	C	3470
NC_045512.2	10675	G	A	14175	4624	42	1	0	37	7.05318e-05	14178	0.99997	FALSE	ORF1ab:cds-YP_009724389.1	TGG	W	TGA	*	3470
NC_045512.2	10675	G	A	14175	4624	42	1	0	37	7.05318e-05	14178	0.99997	FALSE	ORF1ab:cds-YP_009725295.1	TGG	W	TGA	*	3470
NC_045512.2	10676	T	A	14193	4714	42	1	0	37	7.04523e-05	14194	0.99997	FALSE	ORF1ab:cds-YP_009724389.1	TTG	L	ATG	M	3471
NC_045512.2	10676	T	A	14193	4714	42	1	0	37	7.04523e-05	14194	0.99997	FALSE	ORF1ab:cds-YP_009725295.1	TTG	L	ATG	M	3471
NC_045512.2	10677	T	A	14245	4692	42	1	0	22	7.01951e-05	14246	1	FALSE	ORF1ab:cds-YP_009724389.1	TTG	L	TAG	*	3471
NC_045512.2	10677	T	A	14245	4692	42	1	0	22	7.01951e-05	14246	1	FALSE	ORF1ab:cds-YP_009725295.1	TTG	L	TAG	*	3471
NC_045512.2	10678	G	A	14333	4712	42	2	0	55	0.000139519	14335	0.250009	FALSE	ORF1ab:cds-YP_009724389.1	TTG	L	TTA	L	3471
NC_045512.2	10678	G	A	14333	4712	42	2	0	55	0.000139519	14335	0.250009	FALSE	ORF1ab:cds-YP_009725295.1	TTG	L	TTA	L	3471
NC_045512.2	10679	T	C	14329	4674	42	2	1	31	0.000139558	14331	0.999742	FALSE	ORF1ab:cds-YP_009724389.1	TAC	Y	CAC	H	3472
NC_045512.2	10679	T	C	14329	4674	42	2	1	31	0.000139558	14331	0.999742	FALSE	ORF1ab:cds-YP_009725295.1	TAC	Y	CAC	H	3472
NC_045512.2	10680	A	G	14332	4675	42	1	1	37	6.97691e-05	14333	0.99997	FALSE	ORF1ab:cds-YP_009724389.1	TAC	Y	TGC	C	3472
NC_045512.2	10680	A	G	14332	4675	42	1	1	37	6.97691e-05	14333	0.99997	FALSE	ORF1ab:cds-YP_009725295.1	TAC	Y	TGC	C	3472
NC_045512.2	10681	C	T	13527	4944	41	4	2	37	0.000295596	13532	0.99365	FALSE	ORF1ab:cds-YP_009724389.1	TAC	Y	TAT	Y	3472
NC_045512.2	10681	C	T	13527	4944	41	4	2	37	0.000295596	13532	0.99365	FALSE	ORF1ab:cds-YP_009725295.1	TAC	Y	TAT	Y	3472
NC_045512.2	10681	C	G	13527	4944	41	1	0	37	7.38989e-05	13532	0.999939	FALSE	ORF1ab:cds-YP_009724389.1	TAC	Y	TAG	*	3472
NC_045512.2	10681	C	G	13527	4944	41	1	0	37	7.38989e-05	13532	0.999939	FALSE	ORF1ab:cds-YP_009725295.1	TAC	Y	TAG	*	3472
NC_045512.2	10682	G	C	13381	4925	40	3	0	37	0.000223981	13394	0.997906	FALSE	ORF1ab:cds-YP_009724389.1	GCT	A	CCT	P	3473
NC_045512.2	10682	G	C	13381	4925	40	3	0	37	0.000223981	13394	0.997906	FALSE	ORF1ab:cds-YP_009725295.1	GCT	A	CCT	P	3473
NC_045512.2	10682	G	A	13381	4925	40	10	5	40	0.000746603	13394	0.00584735	TRUE	ORF1ab:cds-YP_009724389.1	GCT	A	ACT	T	3473
NC_045512.2	10682	G	A	13381	4925	40	10	5	40	0.000746603	13394	0.00584735	TRUE	ORF1ab:cds-YP_009725295.1	GCT	A	ACT	T	3473
NC_045512.2	10683	C	T	13282	5185	40	2	0	31	0.000150546	13285	0.999513	FALSE	ORF1ab:cds-YP_009724389.1	GCT	A	GTT	V	3473
NC_045512.2	10683	C	T	13282	5185	40	2	0	31	0.000150546	13285	0.999513	FALSE	ORF1ab:cds-YP_009725295.1	GCT	A	GTT	V	3473
NC_045512.2	10683	C	A	13282	5185	40	1	0	74	7.52729e-05	13285	0.499981	FALSE	ORF1ab:cds-YP_009724389.1	GCT	A	GAT	D	3473
NC_045512.2	10683	C	A	13282	5185	40	1	0	74	7.52729e-05	13285	0.499981	FALSE	ORF1ab:cds-YP_009725295.1	GCT	A	GAT	D	3473
NC_045512.2	10683	C	-TG	13282	5185	40	1	0	20	7.52729e-05	13285	1	FALSE	NA	NA	NA	NA	NA	NA
NC_045512.2	10684	T	G	13250	5434	41	2	2	37	0.000150898	13254	0.999513	FALSE	ORF1ab:cds-YP_009724389.1	GCT	A	GCG	A	3473
NC_045512.2	10684	T	G	13250	5434	41	2	2	37	0.000150898	13254	0.999513	FALSE	ORF1ab:cds-YP_009725295.1	GCT	A	GCG	A	3473
NC_045512.2	10684	T	C	13250	5434	41	2	1	55	0.000150898	13254	0.249953	FALSE	ORF1ab:cds-YP_009724389.1	GCT	A	GCC	A	3473
NC_045512.2	10684	T	C	13250	5434	41	2	1	55	0.000150898	13254	0.249953	FALSE	ORF1ab:cds-YP_009725295.1	GCT	A	GCC	A	3473
NC_045512.2	10685	G	T	13439	5440	41	3	1	37	0.000223048	13450	0.997907	FALSE	ORF1ab:cds-YP_009724389.1	GCT	A	TCT	S	3474
NC_045512.2	10685	G	T	13439	5440	41	3	1	37	0.000223048	13450	0.997907	FALSE	ORF1ab:cds-YP_009725295.1	GCT	A	TCT	S	3474
NC_045512.2	10685	G	A	13439	5440	41	8	1	50	0.000594796	13450	0.0038987	TRUE	ORF1ab:cds-YP_009724389.1	GCT	A	ACT	T	3474
NC_045512.2	10685	G	A	13439	5440	41	8	1	50	0.000594796	13450	0.0038987	TRUE	ORF1ab:cds-YP_009725295.1	GCT	A	ACT	T	3474
NC_045512.2	10686	C	T	13431	5424	41	20	14	38	0.0014861	13458	0.147657	FALSE	ORF1ab:cds-YP_009724389.1	GCT	A	GTT	V	3474
NC_045512.2	10686	C	T	13431	5424	41	20	14	38	0.0014861	13458	0.147657	FALSE	ORF1ab:cds-YP_009725295.1	GCT	A	GTT	V	3474
NC_045512.2	10686	C	G	13431	5424	41	2	1	37	0.00014861	13458	0.999507	FALSE	ORF1ab:cds-YP_009724389.1	GCT	A	GGT	G	3474
NC_045512.2	10686	C	G	13431	5424	41	2	1	37	0.00014861	13458	0.999507	FALSE	ORF1ab:cds-YP_009725295.1	GCT	A	GGT	G	3474
NC_045512.2	10686	C	A	13431	5424	41	5	0	34	0.000371526	13458	0.984458	FALSE	ORF1ab:cds-YP_009724389.1	GCT	A	GAT	D	3474
NC_045512.2	10686	C	A	13431	5424	41	5	0	34	0.000371526	13458	0.984458	FALSE	ORF1ab:cds-YP_009725295.1	GCT	A	GAT	D	3474
NC_045512.2	10687	T	G	13332	5480	41	2	0	55	0.000149959	13337	0.249953	FALSE	ORF1ab:cds-YP_009724389.1	GCT	A	GCG	A	3474
NC_045512.2	10687	T	G	13332	5480	41	2	0	55	0.000149959	13337	0.249953	FALSE	ORF1ab:cds-YP_009725295.1	GCT	A	GCG	A	3474
NC_045512.2	10687	T	C	13332	5480	41	3	1	37	0.000224938	13337	0.997914	FALSE	ORF1ab:cds-YP_009724389.1	GCT	A	GCC	A	3474
NC_045512.2	10687	T	C	13332	5480	41	3	1	37	0.000224938	13337	0.997914	FALSE	ORF1ab:cds-YP_009725295.1	GCT	A	GCC	A	3474
NC_045512.2	10688	G	C	13872	5460	41	1	0	25	7.20669e-05	13876	1	FALSE	ORF1ab:cds-YP_009724389.1	GTT	V	CTT	L	3475
NC_045512.2	10688	G	C	13872	5460	41	1	0	25	7.20669e-05	13876	1	FALSE	ORF1ab:cds-YP_009725295.1	GTT	V	CTT	L	3475
NC_045512.2	10688	G	A	13872	5460	41	3	1	37	0.000216201	13876	0.997915	FALSE	ORF1ab:cds-YP_009724389.1	GTT	V	ATT	I	3475
NC_045512.2	10688	G	A	13872	5460	41	3	1	37	0.000216201	13876	0.997915	FALSE	ORF1ab:cds-YP_009725295.1	GTT	V	ATT	I	3475
NC_045512.2	10689	T	G	13955	5804	41	1	1	37	7.16332e-05	13960	0.999939	FALSE	ORF1ab:cds-YP_009724389.1	GTT	V	GGT	G	3475
NC_045512.2	10689	T	G	13955	5804	41	1	1	37	7.16332e-05	13960	0.999939	FALSE	ORF1ab:cds-YP_009725295.1	GTT	V	GGT	G	3475
NC_045512.2	10689	T	C	13955	5804	41	2	1	61	0.000143266	13960	0.249955	FALSE	ORF1ab:cds-YP_009724389.1	GTT	V	GCT	A	3475
NC_045512.2	10689	T	C	13955	5804	41	2	1	61	0.000143266	13960	0.249955	FALSE	ORF1ab:cds-YP_009725295.1	GTT	V	GCT	A	3475
NC_045512.2	10689	T	A	13955	5804	41	2	1	37	0.000143266	13960	0.999513	FALSE	ORF1ab:cds-YP_009724389.1	GTT	V	GAT	D	3475
NC_045512.2	10689	T	A	13955	5804	41	2	1	37	0.000143266	13960	0.999513	FALSE	ORF1ab:cds-YP_009725295.1	GTT	V	GAT	D	3475
NC_045512.2	10690	T	A	14212	5992	41	1	0	25	7.03581e-05	14213	1	FALSE	ORF1ab:cds-YP_009724389.1	GTT	V	GTA	V	3475
NC_045512.2	10690	T	A	14212	5992	41	1	0	25	7.03581e-05	14213	1	FALSE	ORF1ab:cds-YP_009725295.1	GTT	V	GTA	V	3475
NC_045512.2	10692	T	C	14041	5919	41	1	0	37	7.12149e-05	14042	0.99997	FALSE	ORF1ab:cds-YP_009724389.1	ATA	I	ACA	T	3476
NC_045512.2	10692	T	C	14041	5919	41	1	0	37	7.12149e-05	14042	0.99997	FALSE	ORF1ab:cds-YP_009725295.1	ATA	I	ACA	T	3476
NC_045512.2	10693	A	G	14087	5860	41	2	0	55	0.000141955	14089	0.250009	FALSE	ORF1ab:cds-YP_009724389.1	ATA	I	ATG	M	3476
NC_045512.2	10693	A	G	14087	5860	41	2	0	55	0.000141955	14089	0.250009	FALSE	ORF1ab:cds-YP_009725295.1	ATA	I	ATG	M	3476
NC_045512.2	10694	A	C	14070	5805	41	1	0	37	7.10682e-05	14071	0.99997	FALSE	ORF1ab:cds-YP_009724389.1	AAT	N	CAT	H	3477
NC_045512.2	10694	A	C	14070	5805	41	1	0	37	7.10682e-05	14071	0.99997	FALSE	ORF1ab:cds-YP_009725295.1	AAT	N	CAT	H	3477
NC_045512.2	10695	A	T	13561	5732	40	1	1	25	7.37246e-05	13564	1	FALSE	ORF1ab:cds-YP_009724389.1	AAT	N	ATT	I	3477
NC_045512.2	10695	A	T	13561	5732	40	1	1	25	7.37246e-05	13564	1	FALSE	ORF1ab:cds-YP_009725295.1	AAT	N	ATT	I	3477
NC_045512.2	10695	A	C	13561	5732	40	2	2	31	0.000147449	13564	0.999513	FALSE	ORF1ab:cds-YP_009724389.1	AAT	N	ACT	T	3477
NC_045512.2	10695	A	C	13561	5732	40	2	2	31	0.000147449	13564	0.999513	FALSE	ORF1ab:cds-YP_009725295.1	AAT	N	ACT	T	3477
NC_045512.2	10696	T	C	13951	6152	41	4	3	43	0.000286636	13955	0.1875	FALSE	ORF1ab:cds-YP_009724389.1	AAT	N	AAC	N	3477
NC_045512.2	10696	T	C	13951	6152	41	4	3	43	0.000286636	13955	0.1875	FALSE	ORF1ab:cds-YP_009725295.1	AAT	N	AAC	N	3477
NC_045512.2	10697	G	T	13592	5939	41	2	1	37	0.000147113	13595	0.999513	FALSE	ORF1ab:cds-YP_009724389.1	GGA	G	TGA	*	3478
NC_045512.2	10697	G	T	13592	5939	41	2	1	37	0.000147113	13595	0.999513	FALSE	ORF1ab:cds-YP_009725295.1	GGA	G	TGA	*	3478
NC_045512.2	10697	G	A	13592	5939	41	1	1	37	7.35565e-05	13595	0.999939	FALSE	ORF1ab:cds-YP_009724389.1	GGA	G	AGA	R	3478
NC_045512.2	10697	G	A	13592	5939	41	1	1	37	7.35565e-05	13595	0.999939	FALSE	ORF1ab:cds-YP_009725295.1	GGA	G	AGA	R	3478
NC_045512.2	10698	G	T	13668	6047	41	1	1	25	7.31582e-05	13669	1	FALSE	ORF1ab:cds-YP_009724389.1	GGA	G	GTA	V	3478
NC_045512.2	10698	G	T	13668	6047	41	1	1	25	7.31582e-05	13669	1	FALSE	ORF1ab:cds-YP_009725295.1	GGA	G	GTA	V	3478
NC_045512.2	10699	A	T	13736	6039	41	3	2	49	0.000218214	13748	0.312268	FALSE	ORF1ab:cds-YP_009724389.1	GGA	G	GGT	G	3478
NC_045512.2	10699	A	T	13736	6039	41	3	2	49	0.000218214	13748	0.312268	FALSE	ORF1ab:cds-YP_009725295.1	GGA	G	GGT	G	3478
NC_045512.2	10699	A	G	13736	6039	41	9	4	39	0.000654641	13748	0.85688	FALSE	ORF1ab:cds-YP_009724389.1	GGA	G	GGG	G	3478
NC_045512.2	10699	A	G	13736	6039	41	9	4	39	0.000654641	13748	0.85688	FALSE	ORF1ab:cds-YP_009725295.1	GGA	G	GGG	G	3478
NC_045512.2	10700	G	A	13802	6085	41	1	1	37	7.2448e-05	13803	0.999939	FALSE	ORF1ab:cds-YP_009724389.1	GAC	D	AAC	N	3479
NC_045512.2	10700	G	A	13802	6085	41	1	1	37	7.2448e-05	13803	0.999939	FALSE	ORF1ab:cds-YP_009725295.1	GAC	D	AAC	N	3479
NC_045512.2	10701	A	G	13825	6044	41	1	1	37	7.23275e-05	13826	0.999939	FALSE	ORF1ab:cds-YP_009724389.1	GAC	D	GGC	G	3479
NC_045512.2	10701	A	G	13825	6044	41	1	1	37	7.23275e-05	13826	0.999939	FALSE	ORF1ab:cds-YP_009725295.1	GAC	D	GGC	G	3479
NC_045512.2	10702	C	T	13933	6084	41	2	1	31	0.000143524	13935	0.999513	FALSE	ORF1ab:cds-YP_009724389.1	GAC	D	GAT	D	3479
NC_045512.2	10702	C	T	13933	6084	41	2	1	31	0.000143524	13935	0.999513	FALSE	ORF1ab:cds-YP_009725295.1	GAC	D	GAT	D	3479
NC_045512.2	10703	A	G	13836	6042	41	2	1	37	0.00014453	13838	0.999513	FALSE	ORF1ab:cds-YP_009724389.1	AGG	R	GGG	G	3480
NC_045512.2	10703	A	G	13836	6042	41	2	1	37	0.00014453	13838	0.999513	FALSE	ORF1ab:cds-YP_009725295.1	AGG	R	GGG	G	3480
NC_045512.2	10703	A	+G	13836	6042	41	1	0	20	7.22648e-05	13838	1	FALSE	NA	NA	NA	NA	NA	NA
NC_045512.2	10704	G	A	13966	6074	41	3	2	57	0.000214761	13969	0.125	FALSE	ORF1ab:cds-YP_009724389.1	AGG	R	AAG	K	3480
NC_045512.2	10704	G	A	13966	6074	41	3	2	57	0.000214761	13969	0.125	FALSE	ORF1ab:cds-YP_009725295.1	AGG	R	AAG	K	3480
NC_045512.2	10705	G	A	13954	6145	41	1	0	37	7.16589e-05	13955	0.999939	FALSE	ORF1ab:cds-YP_009724389.1	AGG	R	AGA	R	3480
NC_045512.2	10705	G	A	13954	6145	41	1	0	37	7.16589e-05	13955	0.999939	FALSE	ORF1ab:cds-YP_009725295.1	AGG	R	AGA	R	3480
NC_045512.2	10706	T	C	13977	6150	41	1	0	37	7.1541e-05	13978	0.999939	FALSE	ORF1ab:cds-YP_009724389.1	TGG	W	CGG	R	3481
NC_045512.2	10706	T	C	13977	6150	41	1	0	37	7.1541e-05	13978	0.999939	FALSE	ORF1ab:cds-YP_009725295.1	TGG	W	CGG	R	3481
NC_045512.2	10707	G	T	13909	6084	41	1	0	37	7.18856e-05	13911	0.999939	FALSE	ORF1ab:cds-YP_009724389.1	TGG	W	TTG	L	3481
NC_045512.2	10707	G	T	13909	6084	41	1	0	37	7.18856e-05	13911	0.999939	FALSE	ORF1ab:cds-YP_009725295.1	TGG	W	TTG	L	3481
NC_045512.2	10707	G	C	13909	6084	41	1	1	37	7.18856e-05	13911	0.999939	FALSE	ORF1ab:cds-YP_009724389.1	TGG	W	TCG	S	3481
NC_045512.2	10707	G	C	13909	6084	41	1	1	37	7.18856e-05	13911	0.999939	FALSE	ORF1ab:cds-YP_009725295.1	TGG	W	TCG	S	3481
NC_045512.2	10708	G	T	14159	6635	41	1	0	37	7.06215e-05	14160	0.99997	FALSE	ORF1ab:cds-YP_009724389.1	TGG	W	TGT	C	3481
NC_045512.2	10708	G	T	14159	6635	41	1	0	37	7.06215e-05	14160	0.99997	FALSE	ORF1ab:cds-YP_009725295.1	TGG	W	TGT	C	3481
NC_045512.2	10709	T	C	14220	6783	41	8	2	41	0.000562232	14229	0.0195164	FALSE	ORF1ab:cds-YP_009724389.1	TTT	F	CTT	L	3482
NC_045512.2	10709	T	C	14220	6783	41	8	2	41	0.000562232	14229	0.0195164	FALSE	ORF1ab:cds-YP_009725295.1	TTT	F	CTT	L	3482
NC_045512.2	10709	T	A	14220	6783	41	1	1	22	7.0279e-05	14229	1	FALSE	ORF1ab:cds-YP_009724389.1	TTT	F	ATT	I	3482
NC_045512.2	10709	T	A	14220	6783	41	1	1	22	7.0279e-05	14229	1	FALSE	ORF1ab:cds-YP_009725295.1	TTT	F	ATT	I	3482
NC_045512.2	10710	T	C	14205	6858	41	2	0	43	0.000140776	14207	0.500026	FALSE	ORF1ab:cds-YP_009724389.1	TTT	F	TCT	S	3482
NC_045512.2	10710	T	C	14205	6858	41	2	0	43	0.000140776	14207	0.500026	FALSE	ORF1ab:cds-YP_009725295.1	TTT	F	TCT	S	3482
NC_045512.2	10711	T	C	14241	6826	42	1	0	37	7.02149e-05	14242	0.99997	FALSE	ORF1ab:cds-YP_009724389.1	TTT	F	TTC	F	3482
NC_045512.2	10711	T	C	14241	6826	42	1	0	37	7.02149e-05	14242	0.99997	FALSE	ORF1ab:cds-YP_009725295.1	TTT	F	TTC	F	3482
NC_045512.2	10713	T	G	14137	6736	42	1	0	25	7.07114e-05	14142	1	FALSE	ORF1ab:cds-YP_009724389.1	CTC	L	CGC	R	3483
NC_045512.2	10713	T	G	14137	6736	42	1	0	25	7.07114e-05	14142	1	FALSE	ORF1ab:cds-YP_009725295.1	CTC	L	CGC	R	3483
NC_045512.2	10713	T	C	14137	6736	42	3	0	33	0.000212134	14142	0.998828	FALSE	ORF1ab:cds-YP_009724389.1	CTC	L	CCC	P	3483
NC_045512.2	10713	T	C	14137	6736	42	3	0	33	0.000212134	14142	0.998828	FALSE	ORF1ab:cds-YP_009725295.1	CTC	L	CCC	P	3483
NC_045512.2	10713	T	A	14137	6736	42	1	0	25	7.07114e-05	14142	1	FALSE	ORF1ab:cds-YP_009724389.1	CTC	L	CAC	H	3483
NC_045512.2	10713	T	A	14137	6736	42	1	0	25	7.07114e-05	14142	1	FALSE	ORF1ab:cds-YP_009725295.1	CTC	L	CAC	H	3483
NC_045512.2	10714	C	T	14140	6710	42	1	0	37	7.07164e-05	14141	0.99997	FALSE	ORF1ab:cds-YP_009724389.1	CTC	L	CTT	L	3483
NC_045512.2	10714	C	T	14140	6710	42	1	0	37	7.07164e-05	14141	0.99997	FALSE	ORF1ab:cds-YP_009725295.1	CTC	L	CTT	L	3483
NC_045512.2	10715	A	T	14074	6872	42	1	1	37	7.10379e-05	14077	0.99997	FALSE	ORF1ab:cds-YP_009724389.1	AAT	N	TAT	Y	3484
NC_045512.2	10715	A	T	14074	6872	42	1	1	37	7.10379e-05	14077	0.99997	FALSE	ORF1ab:cds-YP_009725295.1	AAT	N	TAT	Y	3484
NC_045512.2	10715	A	C	14074	6872	42	2	0	31	0.000142076	14077	0.999741	FALSE	ORF1ab:cds-YP_009724389.1	AAT	N	CAT	H	3484
NC_045512.2	10715	A	C	14074	6872	42	2	0	31	0.000142076	14077	0.999741	FALSE	ORF1ab:cds-YP_009725295.1	AAT	N	CAT	H	3484
NC_045512.2	10716	A	T	13996	6879	41	1	1	74	7.14235e-05	14001	0.499946	FALSE	ORF1ab:cds-YP_009724389.1	AAT	N	ATT	I	3484
NC_045512.2	10716	A	T	13996	6879	41	1	1	74	7.14235e-05	14001	0.499946	FALSE	ORF1ab:cds-YP_009725295.1	AAT	N	ATT	I	3484
NC_045512.2	10716	A	G	13996	6879	41	3	2	37	0.00021427	14001	0.998828	FALSE	ORF1ab:cds-YP_009724389.1	AAT	N	AGT	S	3484
NC_045512.2	10716	A	G	13996	6879	41	3	2	37	0.00021427	14001	0.998828	FALSE	ORF1ab:cds-YP_009725295.1	AAT	N	AGT	S	3484
NC_045512.2	10716	A	C	13996	6879	41	1	0	25	7.14235e-05	14001	1	FALSE	ORF1ab:cds-YP_009724389.1	AAT	N	ACT	T	3484
NC_045512.2	10716	A	C	13996	6879	41	1	0	25	7.14235e-05	14001	1	FALSE	ORF1ab:cds-YP_009725295.1	AAT	N	ACT	T	3484
NC_045512.2	10717	T	C	13994	6972	42	1	0	37	7.1449e-05	13996	0.999939	FALSE	ORF1ab:cds-YP_009724389.1	AAT	N	AAC	N	3484
NC_045512.2	10717	T	C	13994	6972	42	1	0	37	7.1449e-05	13996	0.999939	FALSE	ORF1ab:cds-YP_009725295.1	AAT	N	AAC	N	3484
NC_045512.2	10717	T	A	13994	6972	42	1	0	37	7.1449e-05	13996	0.999939	FALSE	ORF1ab:cds-YP_009724389.1	AAT	N	AAA	K	3484
NC_045512.2	10717	T	A	13994	6972	42	1	0	37	7.1449e-05	13996	0.999939	FALSE	ORF1ab:cds-YP_009725295.1	AAT	N	AAA	K	3484
NC_045512.2	10718	C	T	13861	6943	41	4	3	46	0.000288455	13867	0.187455	FALSE	ORF1ab:cds-YP_009724389.1	CGA	R	TGA	*	3485
NC_045512.2	10718	C	T	13861	6943	41	4	3	46	0.000288455	13867	0.187455	FALSE	ORF1ab:cds-YP_009725295.1	CGA	R	TGA	*	3485
NC_045512.2	10718	C	G	13861	6943	41	1	1	37	7.21137e-05	13867	0.999939	FALSE	ORF1ab:cds-YP_009724389.1	CGA	R	GGA	G	3485
NC_045512.2	10718	C	G	13861	6943	41	1	1	37	7.21137e-05	13867	0.999939	FALSE	ORF1ab:cds-YP_009725295.1	CGA	R	GGA	G	3485
NC_045512.2	10718	C	A	13861	6943	41	1	1	37	7.21137e-05	13867	0.999939	FALSE	ORF1ab:cds-YP_009724389.1	CGA	R	AGA	R	3485
NC_045512.2	10718	C	A	13861	6943	41	1	1	37	7.21137e-05	13867	0.999939	FALSE	ORF1ab:cds-YP_009725295.1	CGA	R	AGA	R	3485
NC_045512.2	10719	G	A	13925	7040	41	4	2	37	0.000287171	13929	0.993653	FALSE	ORF1ab:cds-YP_009724389.1	CGA	R	CAA	Q	3485
NC_045512.2	10719	G	A	13925	7040	41	4	2	37	0.000287171	13929	0.993653	FALSE	ORF1ab:cds-YP_009725295.1	CGA	R	CAA	Q	3485
NC_045512.2	10720	A	G	14331	7100	41	2	1	37	0.000139538	14333	0.999742	FALSE	ORF1ab:cds-YP_009724389.1	CGA	R	CGG	R	3485
NC_045512.2	10720	A	G	14331	7100	41	2	1	37	0.000139538	14333	0.999742	FALSE	ORF1ab:cds-YP_009725295.1	CGA	R	CGG	R	3485
NC_045512.2	10720	A	-T	14331	7100	41	1	0	20	6.97691e-05	14333	1	FALSE	NA	NA	NA	NA	NA	NA
NC_045512.2	10721	T	G	14199	7124	41	1	0	25	7.04176e-05	14201	1	FALSE	ORF1ab:cds-YP_009724389.1	TTT	F	GTT	V	3486
NC_045512.2	10721	T	G	14199	7124	41	1	0	25	7.04176e-05	14201	1	FALSE	ORF1ab:cds-YP_009725295.1	TTT	F	GTT	V	3486
NC_045512.2	10721	T	C	14199	7124	41	1	1	74	7.04176e-05	14201	0.499982	FALSE	ORF1ab:cds-YP_009724389.1	TTT	F	CTT	L	3486
NC_045512.2	10721	T	C	14199	7124	41	1	1	74	7.04176e-05	14201	0.499982	FALSE	ORF1ab:cds-YP_009725295.1	TTT	F	CTT	L	3486
NC_045512.2	10722	T	C	14058	6924	41	2	1	31	0.000142248	14060	0.999742	FALSE	ORF1ab:cds-YP_009724389.1	TTT	F	TCT	S	3486
NC_045512.2	10722	T	C	14058	6924	41	2	1	31	0.000142248	14060	0.999742	FALSE	ORF1ab:cds-YP_009725295.1	TTT	F	TCT	S	3486
NC_045512.2	10723	T	C	14107	6911	41	4	3	34	0.000283407	14114	0.996237	FALSE	ORF1ab:cds-YP_009724389.1	TTT	F	TTC	F	3486
NC_045512.2	10723	T	C	14107	6911	41	4	3	34	0.000283407	14114	0.996237	FALSE	ORF1ab:cds-YP_009725295.1	TTT	F	TTC	F	3486
NC_045512.2	10723	T	A	14107	6911	41	3	2	37	0.000212555	14114	0.998827	FALSE	ORF1ab:cds-YP_009724389.1	TTT	F	TTA	L	3486
NC_045512.2	10723	T	A	14107	6911	41	3	2	37	0.000212555	14114	0.998827	FALSE	ORF1ab:cds-YP_009725295.1	TTT	F	TTA	L	3486
NC_045512.2	10725	C	T	14416	7246	41	1	1	37	6.93577e-05	14418	0.99997	FALSE	ORF1ab:cds-YP_009724389.1	ACC	T	ATC	I	3487
NC_045512.2	10725	C	T	14416	7246	41	1	1	37	6.93577e-05	14418	0.99997	FALSE	ORF1ab:cds-YP_009725295.1	ACC	T	ATC	I	3487
NC_045512.2	10725	C	A	14416	7246	41	1	1	25	6.93577e-05	14418	1	FALSE	ORF1ab:cds-YP_009724389.1	ACC	T	AAC	N	3487
NC_045512.2	10725	C	A	14416	7246	41	1	1	25	6.93577e-05	14418	1	FALSE	ORF1ab:cds-YP_009725295.1	ACC	T	AAC	N	3487
NC_045512.2	10726	C	T	14316	7321	41	2	2	31	0.000139655	14321	0.999741	FALSE	ORF1ab:cds-YP_009724389.1	ACC	T	ACT	T	3487
NC_045512.2	10726	C	T	14316	7321	41	2	2	31	0.000139655	14321	0.999741	FALSE	ORF1ab:cds-YP_009725295.1	ACC	T	ACT	T	3487
NC_045512.2	10726	C	G	14316	7321	41	1	1	37	6.98275e-05	14321	0.99997	FALSE	ORF1ab:cds-YP_009724389.1	ACC	T	ACG	T	3487
NC_045512.2	10726	C	G	14316	7321	41	1	1	37	6.98275e-05	14321	0.99997	FALSE	ORF1ab:cds-YP_009725295.1	ACC	T	ACG	T	3487
NC_045512.2	10726	C	A	14316	7321	41	2	1	37	0.000139655	14321	0.999741	FALSE	ORF1ab:cds-YP_009724389.1	ACC	T	ACA	T	3487
NC_045512.2	10726	C	A	14316	7321	41	2	1	37	0.000139655	14321	0.999741	FALSE	ORF1ab:cds-YP_009725295.1	ACC	T	ACA	T	3487
NC_045512.2	10727	A	T	14289	7251	41	1	1	37	6.99594e-05	14294	0.99997	FALSE	ORF1ab:cds-YP_009724389.1	ACA	T	TCA	S	3488
NC_045512.2	10727	A	T	14289	7251	41	1	1	37	6.99594e-05	14294	0.99997	FALSE	ORF1ab:cds-YP_009725295.1	ACA	T	TCA	S	3488
NC_045512.2	10727	A	G	14289	7251	41	4	2	36	0.000279838	14294	0.99624	FALSE	ORF1ab:cds-YP_009724389.1	ACA	T	GCA	A	3488
NC_045512.2	10727	A	G	14289	7251	41	4	2	36	0.000279838	14294	0.99624	FALSE	ORF1ab:cds-YP_009725295.1	ACA	T	GCA	A	3488
NC_045512.2	10728	C	A	14314	7280	41	2	1	37	0.000139704	14316	0.999742	FALSE	ORF1ab:cds-YP_009724389.1	ACA	T	AAA	K	3488
NC_045512.2	10728	C	A	14314	7280	41	2	1	37	0.000139704	14316	0.999742	FALSE	ORF1ab:cds-YP_009725295.1	ACA	T	AAA	K	3488
NC_045512.2	10729	A	G	14114	7115	41	2	1	55	0.000141683	14116	0.250009	FALSE	ORF1ab:cds-YP_009724389.1	ACA	T	ACG	T	3488
NC_045512.2	10729	A	G	14114	7115	41	2	1	55	0.000141683	14116	0.250009	FALSE	ORF1ab:cds-YP_009725295.1	ACA	T	ACG	T	3488
NC_045512.2	10730	A	G	14160	7193	41	8	8	37	0.000564653	14168	0.933197	FALSE	ORF1ab:cds-YP_009724389.1	ACT	T	GCT	A	3489
NC_045512.2	10730	A	G	14160	7193	41	8	8	37	0.000564653	14168	0.933197	FALSE	ORF1ab:cds-YP_009725295.1	ACT	T	GCT	A	3489
NC_045512.2	10732	T	C	14649	7233	41	2	0	37	0.000136509	14651	0.999742	FALSE	ORF1ab:cds-YP_009724389.1	ACT	T	ACC	T	3489
NC_045512.2	10732	T	C	14649	7233	41	2	0	37	0.000136509	14651	0.999742	FALSE	ORF1ab:cds-YP_009725295.1	ACT	T	ACC	T	3489
NC_045512.2	10733	C	G	14919	7244	41	1	1	37	6.70241e-05	14920	0.99997	FALSE	ORF1ab:cds-YP_009724389.1	CTT	L	GTT	V	3490
NC_045512.2	10733	C	G	14919	7244	41	1	1	37	6.70241e-05	14920	0.99997	FALSE	ORF1ab:cds-YP_009725295.1	CTT	L	GTT	V	3490
NC_045512.2	10733	C	-T	14919	7244	41	1	0	20	6.70241e-05	14920	1	FALSE	NA	NA	NA	NA	NA	NA
NC_045512.2	10734	T	C	14788	7141	41	3	0	29	0.000202826	14791	1	FALSE	ORF1ab:cds-YP_009724389.1	CTT	L	CCT	P	3490
NC_045512.2	10734	T	C	14788	7141	41	3	0	29	0.000202826	14791	1	FALSE	ORF1ab:cds-YP_009725295.1	CTT	L	CCT	P	3490
NC_045512.2	10735	T	C	14775	7225	41	1	1	37	6.76727e-05	14777	0.99997	FALSE	ORF1ab:cds-YP_009724389.1	CTT	L	CTC	L	3490
NC_045512.2	10735	T	C	14775	7225	41	1	1	37	6.76727e-05	14777	0.99997	FALSE	ORF1ab:cds-YP_009725295.1	CTT	L	CTC	L	3490
NC_045512.2	10735	T	A	14775	7225	41	1	0	37	6.76727e-05	14777	0.99997	FALSE	ORF1ab:cds-YP_009724389.1	CTT	L	CTA	L	3490
NC_045512.2	10735	T	A	14775	7225	41	1	0	37	6.76727e-05	14777	0.99997	FALSE	ORF1ab:cds-YP_009725295.1	CTT	L	CTA	L	3490
NC_045512.2	10736	A	T	14793	7207	41	2	2	31	0.000135181	14795	0.999742	FALSE	ORF1ab:cds-YP_009724389.1	AAT	N	TAT	Y	3491
NC_045512.2	10736	A	T	14793	7207	41	2	2	31	0.000135181	14795	0.999742	FALSE	ORF1ab:cds-YP_009725295.1	AAT	N	TAT	Y	3491
NC_045512.2	10737	A	G	14652	7157	41	4	2	34	0.000272926	14656	0.996241	FALSE	ORF1ab:cds-YP_009724389.1	AAT	N	AGT	S	3491
NC_045512.2	10737	A	G	14652	7157	41	4	2	34	0.000272926	14656	0.996241	FALSE	ORF1ab:cds-YP_009725295.1	AAT	N	AGT	S	3491
NC_045512.2	10738	T	C	14499	7317	41	1	1	37	6.89655e-05	14500	0.99997	FALSE	ORF1ab:cds-YP_009724389.1	AAT	N	AAC	N	3491
NC_045512.2	10738	T	C	14499	7317	41	1	1	37	6.89655e-05	14500	0.99997	FALSE	ORF1ab:cds-YP_009725295.1	AAT	N	AAC	N	3491
NC_045512.2	10739	G	A	14641	7296	40	1	0	37	6.82967e-05	14642	0.99997	FALSE	ORF1ab:cds-YP_009724389.1	GAC	D	AAC	N	3492
NC_045512.2	10739	G	A	14641	7296	40	1	0	37	6.82967e-05	14642	0.99997	FALSE	ORF1ab:cds-YP_009725295.1	GAC	D	AAC	N	3492
NC_045512.2	10740	A	G	14641	6868	40	3	1	49	0.000204862	14644	0.312513	FALSE	ORF1ab:cds-YP_009724389.1	GAC	D	GGC	G	3492
NC_045512.2	10740	A	G	14641	6868	40	3	1	49	0.000204862	14644	0.312513	FALSE	ORF1ab:cds-YP_009725295.1	GAC	D	GGC	G	3492
NC_045512.2	10742	T	C	14743	6524	40	5	1	37	0.000339029	14748	0.990417	FALSE	ORF1ab:cds-YP_009724389.1	TTT	F	CTT	L	3493
NC_045512.2	10742	T	C	14743	6524	40	5	1	37	0.000339029	14748	0.990417	FALSE	ORF1ab:cds-YP_009725295.1	TTT	F	CTT	L	3493
NC_045512.2	10743	T	C	14643	6739	40	1	0	37	6.82827e-05	14645	0.99997	FALSE	ORF1ab:cds-YP_009724389.1	TTT	F	TCT	S	3493
NC_045512.2	10743	T	C	14643	6739	40	1	0	37	6.82827e-05	14645	0.99997	FALSE	ORF1ab:cds-YP_009725295.1	TTT	F	TCT	S	3493
NC_045512.2	10743	T	A	14643	6739	40	1	0	37	6.82827e-05	14645	0.99997	FALSE	ORF1ab:cds-YP_009724389.1	TTT	F	TAT	Y	3493
NC_045512.2	10743	T	A	14643	6739	40	1	0	37	6.82827e-05	14645	0.99997	FALSE	ORF1ab:cds-YP_009725295.1	TTT	F	TAT	Y	3493
NC_045512.2	10744	T	C	14675	6903	40	3	3	49	0.000204388	14678	0.312513	FALSE	ORF1ab:cds-YP_009724389.1	TTT	F	TTC	F	3493
NC_045512.2	10744	T	C	14675	6903	40	3	3	49	0.000204388	14678	0.312513	FALSE	ORF1ab:cds-YP_009725295.1	TTT	F	TTC	F	3493
NC_045512.2	10745	A	G	14714	6920	40	2	1	37	0.000135897	14717	0.999741	FALSE	ORF1ab:cds-YP_009724389.1	AAC	N	GAC	D	3494
NC_045512.2	10745	A	G	14714	6920	40	2	1	37	0.000135897	14717	0.999741	FALSE	ORF1ab:cds-YP_009725295.1	AAC	N	GAC	D	3494
NC_045512.2	10745	A	C	14714	6920	40	1	1	25	6.79486e-05	14717	1	FALSE	ORF1ab:cds-YP_009724389.1	AAC	N	CAC	H	3494
NC_045512.2	10745	A	C	14714	6920	40	1	1	25	6.79486e-05	14717	1	FALSE	ORF1ab:cds-YP_009725295.1	AAC	N	CAC	H	3494
NC_045512.2	10746	A	T	14703	7021	40	1	1	22	6.79948e-05	14707	1	FALSE	ORF1ab:cds-YP_009724389.1	AAC	N	ATC	I	3494
NC_045512.2	10746	A	T	14703	7021	40	1	1	22	6.79948e-05	14707	1	FALSE	ORF1ab:cds-YP_009725295.1	AAC	N	ATC	I	3494
NC_045512.2	10746	A	G	14703	7021	40	3	2	33	0.000203984	14707	0.998828	FALSE	ORF1ab:cds-YP_009724389.1	AAC	N	AGC	S	3494
NC_045512.2	10746	A	G	14703	7021	40	3	2	33	0.000203984	14707	0.998828	FALSE	ORF1ab:cds-YP_009725295.1	AAC	N	AGC	S	3494
NC_045512.2	10747	C	T	14892	7031	40	1	0	37	6.71456e-05	14893	0.99997	FALSE	ORF1ab:cds-YP_009724389.1	AAC	N	AAT	N	3494
NC_045512.2	10747	C	T	14892	7031	40	1	0	37	6.71456e-05	14893	0.99997	FALSE	ORF1ab:cds-YP_009725295.1	AAC	N	AAT	N	3494
NC_045512.2	10748	C	T	14545	7182	41	1	0	37	6.87427e-05	14547	0.99997	FALSE	ORF1ab:cds-YP_009724389.1	CTT	L	TTT	F	3495
NC_045512.2	10748	C	T	14545	7182	41	1	0	37	6.87427e-05	14547	0.99997	FALSE	ORF1ab:cds-YP_009725295.1	CTT	L	TTT	F	3495
NC_045512.2	10748	C	A	14545	7182	41	1	1	37	6.87427e-05	14547	0.99997	FALSE	ORF1ab:cds-YP_009724389.1	CTT	L	ATT	I	3495
NC_045512.2	10748	C	A	14545	7182	41	1	1	37	6.87427e-05	14547	0.99997	FALSE	ORF1ab:cds-YP_009725295.1	CTT	L	ATT	I	3495
NC_045512.2	10748	C	-T	14545	7182	41	1	0	20	6.87427e-05	14547	1	FALSE	NA	NA	NA	NA	NA	NA
NC_045512.2	10749	T	C	14098	6759	41	26	3	36	0.00184058	14126	0.0401996	FALSE	ORF1ab:cds-YP_009724389.1	CTT	L	CCT	P	3495
NC_045512.2	10749	T	C	14098	6759	41	26	3	36	0.00184058	14126	0.0401996	FALSE	ORF1ab:cds-YP_009725295.1	CTT	L	CCT	P	3495
NC_045512.2	10749	T	A	14098	6759	41	2	1	37	0.000141583	14126	0.999738	FALSE	ORF1ab:cds-YP_009724389.1	CTT	L	CAT	H	3495
NC_045512.2	10749	T	A	14098	6759	41	2	1	37	0.000141583	14126	0.999738	FALSE	ORF1ab:cds-YP_009725295.1	CTT	L	CAT	H	3495
NC_045512.2	10750	T	G	13493	6333	41	14	1	37	0.00103504	13526	0.498606	FALSE	ORF1ab:cds-YP_009724389.1	CTT	L	CTG	L	3495
NC_045512.2	10750	T	G	13493	6333	41	14	1	37	0.00103504	13526	0.498606	FALSE	ORF1ab:cds-YP_009725295.1	CTT	L	CTG	L	3495
NC_045512.2	10750	T	C	13493	6333	41	19	3	37	0.0014047	13526	0.187663	FALSE	ORF1ab:cds-YP_009724389.1	CTT	L	CTC	L	3495
NC_045512.2	10750	T	C	13493	6333	41	19	3	37	0.0014047	13526	0.187663	FALSE	ORF1ab:cds-YP_009725295.1	CTT	L	CTC	L	3495
NC_045512.2	10751	G	A	12836	6862	40	1	1	62	7.78998e-05	12837	0.500019	FALSE	ORF1ab:cds-YP_009724389.1	GTG	V	ATG	M	3496
NC_045512.2	10751	G	A	12836	6862	40	1	1	62	7.78998e-05	12837	0.500019	FALSE	ORF1ab:cds-YP_009725295.1	GTG	V	ATG	M	3496
NC_045512.2	10754	G	A	13020	7018	40	2	0	55	0.000153586	13022	0.25001	FALSE	ORF1ab:cds-YP_009724389.1	GCT	A	ACT	T	3497
NC_045512.2	10754	G	A	13020	7018	40	2	0	55	0.000153586	13022	0.25001	FALSE	ORF1ab:cds-YP_009725295.1	GCT	A	ACT	T	3497
NC_045512.2	10755	C	T	12892	6859	40	7	3	35	0.000542552	12902	0.916492	FALSE	ORF1ab:cds-YP_009724389.1	GCT	A	GTT	V	3497
NC_045512.2	10755	C	T	12892	6859	40	7	3	35	0.000542552	12902	0.916492	FALSE	ORF1ab:cds-YP_009725295.1	GCT	A	GTT	V	3497
NC_045512.2	10755	C	A	12892	6859	40	3	2	33	0.000232522	12902	0.996306	FALSE	ORF1ab:cds-YP_009724389.1	GCT	A	GAT	D	3497
NC_045512.2	10755	C	A	12892	6859	40	3	2	33	0.000232522	12902	0.996306	FALSE	ORF1ab:cds-YP_009725295.1	GCT	A	GAT	D	3497
NC_045512.2	10756	T	C	12857	6829	40	3	2	37	0.000233281	12860	0.996317	FALSE	ORF1ab:cds-YP_009724389.1	GCT	A	GCC	A	3497
NC_045512.2	10756	T	C	12857	6829	40	3	2	37	0.000233281	12860	0.996317	FALSE	ORF1ab:cds-YP_009725295.1	GCT	A	GCC	A	3497
NC_045512.2	10757	A	G	12709	6867	39	2	0	37	0.000157344	12711	0.999087	FALSE	ORF1ab:cds-YP_009724389.1	ATG	M	GTG	V	3498
NC_045512.2	10757	A	G	12709	6867	39	2	0	37	0.000157344	12711	0.999087	FALSE	ORF1ab:cds-YP_009725295.1	ATG	M	GTG	V	3498
NC_045512.2	10758	T	G	12774	6917	40	1	1	37	7.82779e-05	12775	0.999878	FALSE	ORF1ab:cds-YP_009724389.1	ATG	M	AGG	R	3498
NC_045512.2	10758	T	G	12774	6917	40	1	1	37	7.82779e-05	12775	0.999878	FALSE	ORF1ab:cds-YP_009725295.1	ATG	M	AGG	R	3498
NC_045512.2	10760	A	T	12721	6891	39	2	1	55	0.000157146	12727	0.249931	FALSE	ORF1ab:cds-YP_009724389.1	AAG	K	TAG	*	3499
NC_045512.2	10760	A	T	12721	6891	39	2	1	55	0.000157146	12727	0.249931	FALSE	ORF1ab:cds-YP_009725295.1	AAG	K	TAG	*	3499
NC_045512.2	10760	A	G	12721	6891	39	4	2	37	0.000314292	12727	0.98938	FALSE	ORF1ab:cds-YP_009724389.1	AAG	K	GAG	E	3499
NC_045512.2	10760	A	G	12721	6891	39	4	2	37	0.000314292	12727	0.98938	FALSE	ORF1ab:cds-YP_009725295.1	AAG	K	GAG	E	3499
NC_045512.2	10761	A	T	12578	6882	39	1	1	25	7.94913e-05	12580	1	FALSE	ORF1ab:cds-YP_009724389.1	AAG	K	ATG	M	3499
NC_045512.2	10761	A	T	12578	6882	39	1	1	25	7.94913e-05	12580	1	FALSE	ORF1ab:cds-YP_009725295.1	AAG	K	ATG	M	3499
NC_045512.2	10761	A	G	12578	6882	39	1	0	62	7.94913e-05	12580	0.5	FALSE	ORF1ab:cds-YP_009724389.1	AAG	K	AGG	R	3499
NC_045512.2	10761	A	G	12578	6882	39	1	0	62	7.94913e-05	12580	0.5	FALSE	ORF1ab:cds-YP_009725295.1	AAG	K	AGG	R	3499
NC_045512.2	10762	G	T	13026	6925	39	1	1	37	7.67519e-05	13029	0.999939	FALSE	ORF1ab:cds-YP_009724389.1	AAG	K	AAT	N	3499
NC_045512.2	10762	G	T	13026	6925	39	1	1	37	7.67519e-05	13029	0.999939	FALSE	ORF1ab:cds-YP_009725295.1	AAG	K	AAT	N	3499
NC_045512.2	10762	G	C	13026	6925	39	1	1	37	7.67519e-05	13029	0.999939	FALSE	ORF1ab:cds-YP_009724389.1	AAG	K	AAC	N	3499
NC_045512.2	10762	G	C	13026	6925	39	1	1	37	7.67519e-05	13029	0.999939	FALSE	ORF1ab:cds-YP_009725295.1	AAG	K	AAC	N	3499
NC_045512.2	10762	G	A	13026	6925	39	1	1	37	7.67519e-05	13029	0.999939	FALSE	ORF1ab:cds-YP_009724389.1	AAG	K	AAA	K	3499
NC_045512.2	10762	G	A	13026	6925	39	1	1	37	7.67519e-05	13029	0.999939	FALSE	ORF1ab:cds-YP_009725295.1	AAG	K	AAA	K	3499
NC_045512.2	10763	T	C	12956	6881	39	2	2	37	0.000154345	12958	0.999087	FALSE	ORF1ab:cds-YP_009724389.1	TAC	Y	CAC	H	3500
NC_045512.2	10763	T	C	12956	6881	39	2	2	37	0.000154345	12958	0.999087	FALSE	ORF1ab:cds-YP_009725295.1	TAC	Y	CAC	H	3500
NC_045512.2	10764	A	G	12981	6914	40	2	1	37	0.000154048	12983	0.999087	FALSE	ORF1ab:cds-YP_009724389.1	TAC	Y	TGC	C	3500
NC_045512.2	10764	A	G	12981	6914	40	2	1	37	0.000154048	12983	0.999087	FALSE	ORF1ab:cds-YP_009725295.1	TAC	Y	TGC	C	3500
NC_045512.2	10765	C	T	12699	6955	39	5	1	37	0.000393577	12704	0.975526	FALSE	ORF1ab:cds-YP_009724389.1	TAC	Y	TAT	Y	3500
NC_045512.2	10765	C	T	12699	6955	39	5	1	37	0.000393577	12704	0.975526	FALSE	ORF1ab:cds-YP_009725295.1	TAC	Y	TAT	Y	3500
NC_045512.2	10766	A	G	12636	6872	39	1	1	74	7.91327e-05	12637	0.50002	FALSE	ORF1ab:cds-YP_009724389.1	AAT	N	GAT	D	3501
NC_045512.2	10766	A	G	12636	6872	39	1	1	74	7.91327e-05	12637	0.50002	FALSE	ORF1ab:cds-YP_009725295.1	AAT	N	GAT	D	3501
NC_045512.2	10766	A	+G	12636	6872	39	1	0	20	7.91327e-05	12637	1	FALSE	NA	NA	NA	NA	NA	NA
NC_045512.2	10767	A	G	12953	6773	39	1	0	37	7.71903e-05	12955	0.999878	FALSE	ORF1ab:cds-YP_009724389.1	AAT	N	AGT	S	3501
NC_045512.2	10767	A	G	12953	6773	39	1	0	37	7.71903e-05	12955	0.999878	FALSE	ORF1ab:cds-YP_009725295.1	AAT	N	AGT	S	3501
NC_045512.2	10767	A	C	12953	6773	39	1	1	37	7.71903e-05	12955	0.999878	FALSE	ORF1ab:cds-YP_009724389.1	AAT	N	ACT	T	3501
NC_045512.2	10767	A	C	12953	6773	39	1	1	37	7.71903e-05	12955	0.999878	FALSE	ORF1ab:cds-YP_009725295.1	AAT	N	ACT	T	3501
NC_045512.2	10768	T	G	13005	6867	39	2	2	31	0.000153752	13008	0.999513	FALSE	ORF1ab:cds-YP_009724389.1	AAT	N	AAG	K	3501
NC_045512.2	10768	T	G	13005	6867	39	2	2	31	0.000153752	13008	0.999513	FALSE	ORF1ab:cds-YP_009725295.1	AAT	N	AAG	K	3501
NC_045512.2	10768	T	C	13005	6867	39	1	0	37	7.68758e-05	13008	0.999939	FALSE	ORF1ab:cds-YP_009724389.1	AAT	N	AAC	N	3501
NC_045512.2	10768	T	C	13005	6867	39	1	0	37	7.68758e-05	13008	0.999939	FALSE	ORF1ab:cds-YP_009725295.1	AAT	N	AAC	N	3501
NC_045512.2	10769	T	C	13052	6876	39	1	0	37	7.66107e-05	13053	0.999939	FALSE	ORF1ab:cds-YP_009724389.1	TAT	Y	CAT	H	3502
NC_045512.2	10769	T	C	13052	6876	39	1	0	37	7.66107e-05	13053	0.999939	FALSE	ORF1ab:cds-YP_009725295.1	TAT	Y	CAT	H	3502
NC_045512.2	10770	A	T	13178	7022	39	1	0	37	7.58725e-05	13180	0.999939	FALSE	ORF1ab:cds-YP_009724389.1	TAT	Y	TTT	F	3502
NC_045512.2	10770	A	T	13178	7022	39	1	0	37	7.58725e-05	13180	0.999939	FALSE	ORF1ab:cds-YP_009725295.1	TAT	Y	TTT	F	3502
NC_045512.2	10770	A	G	13178	7022	39	1	0	37	7.58725e-05	13180	0.999939	FALSE	ORF1ab:cds-YP_009724389.1	TAT	Y	TGT	C	3502
NC_045512.2	10770	A	G	13178	7022	39	1	0	37	7.58725e-05	13180	0.999939	FALSE	ORF1ab:cds-YP_009725295.1	TAT	Y	TGT	C	3502
NC_045512.2	10771	T	C	12683	6669	39	1	1	37	7.88395e-05	12684	0.999878	FALSE	ORF1ab:cds-YP_009724389.1	TAT	Y	TAC	Y	3502
NC_045512.2	10771	T	C	12683	6669	39	1	1	37	7.88395e-05	12684	0.999878	FALSE	ORF1ab:cds-YP_009725295.1	TAT	Y	TAC	Y	3502
NC_045512.2	10772	G	T	12669	6674	39	1	0	37	7.89204e-05	12671	0.999878	FALSE	ORF1ab:cds-YP_009724389.1	GAA	E	TAA	*	3503
NC_045512.2	10772	G	T	12669	6674	39	1	0	37	7.89204e-05	12671	0.999878	FALSE	ORF1ab:cds-YP_009725295.1	GAA	E	TAA	*	3503
NC_045512.2	10772	G	A	12669	6674	39	1	1	37	7.89204e-05	12671	0.999878	FALSE	ORF1ab:cds-YP_009724389.1	GAA	E	AAA	K	3503
NC_045512.2	10772	G	A	12669	6674	39	1	1	37	7.89204e-05	12671	0.999878	FALSE	ORF1ab:cds-YP_009725295.1	GAA	E	AAA	K	3503
NC_045512.2	10773	A	G	12677	6668	39	6	1	37	0.000473074	12683	0.951949	FALSE	ORF1ab:cds-YP_009724389.1	GAA	E	GGA	G	3503
NC_045512.2	10773	A	G	12677	6668	39	6	1	37	0.000473074	12683	0.951949	FALSE	ORF1ab:cds-YP_009725295.1	GAA	E	GGA	G	3503
NC_045512.2	10774	A	G	12506	6579	39	1	0	37	7.99488e-05	12508	0.999878	FALSE	ORF1ab:cds-YP_009724389.1	GAA	E	GAG	E	3503
NC_045512.2	10774	A	G	12506	6579	39	1	0	37	7.99488e-05	12508	0.999878	FALSE	ORF1ab:cds-YP_009725295.1	GAA	E	GAG	E	3503
NC_045512.2	10774	A	C	12506	6579	39	1	0	62	7.99488e-05	12508	0.5	FALSE	ORF1ab:cds-YP_009724389.1	GAA	E	GAC	D	3503
NC_045512.2	10774	A	C	12506	6579	39	1	0	62	7.99488e-05	12508	0.5	FALSE	ORF1ab:cds-YP_009725295.1	GAA	E	GAC	D	3503
NC_045512.2	10775	C	T	12835	6600	39	1	0	37	7.78998e-05	12837	0.999878	FALSE	ORF1ab:cds-YP_009724389.1	CCT	P	TCT	S	3504
NC_045512.2	10775	C	T	12835	6600	39	1	0	37	7.78998e-05	12837	0.999878	FALSE	ORF1ab:cds-YP_009725295.1	CCT	P	TCT	S	3504
NC_045512.2	10775	C	G	12835	6600	39	1	1	37	7.78998e-05	12837	0.999878	FALSE	ORF1ab:cds-YP_009724389.1	CCT	P	GCT	A	3504
NC_045512.2	10775	C	G	12835	6600	39	1	1	37	7.78998e-05	12837	0.999878	FALSE	ORF1ab:cds-YP_009725295.1	CCT	P	GCT	A	3504
NC_045512.2	10776	C	A	11976	6405	39	1	0	37	8.34934e-05	11977	0.999757	FALSE	ORF1ab:cds-YP_009724389.1	CCT	P	CAT	H	3504
NC_045512.2	10776	C	A	11976	6405	39	1	0	37	8.34934e-05	11977	0.999757	FALSE	ORF1ab:cds-YP_009725295.1	CCT	P	CAT	H	3504
NC_045512.2	10777	T	C	11898	6291	39	5	4	37	0.000420062	11903	0.961657	FALSE	ORF1ab:cds-YP_009724389.1	CCT	P	CCC	P	3504
NC_045512.2	10777	T	C	11898	6291	39	5	4	37	0.000420062	11903	0.961657	FALSE	ORF1ab:cds-YP_009725295.1	CCT	P	CCC	P	3504
NC_045512.2	10778	C	T	12047	6457	39	1	1	37	8.29944e-05	12049	0.999878	FALSE	ORF1ab:cds-YP_009724389.1	CTA	L	TTA	L	3505
NC_045512.2	10778	C	T	12047	6457	39	1	1	37	8.29944e-05	12049	0.999878	FALSE	ORF1ab:cds-YP_009725295.1	CTA	L	TTA	L	3505
NC_045512.2	10778	C	G	12047	6457	39	1	0	37	8.29944e-05	12049	0.999878	FALSE	ORF1ab:cds-YP_009724389.1	CTA	L	GTA	V	3505
NC_045512.2	10778	C	G	12047	6457	39	1	0	37	8.29944e-05	12049	0.999878	FALSE	ORF1ab:cds-YP_009725295.1	CTA	L	GTA	V	3505
NC_045512.2	10779	T	C	11977	6454	39	2	0	55	0.000166959	11979	0.25001	FALSE	ORF1ab:cds-YP_009724389.1	CTA	L	CCA	P	3505
NC_045512.2	10779	T	C	11977	6454	39	2	0	55	0.000166959	11979	0.25001	FALSE	ORF1ab:cds-YP_009725295.1	CTA	L	CCA	P	3505
NC_045512.2	10780	A	T	12004	6467	39	1	1	25	8.32917e-05	12006	1	FALSE	ORF1ab:cds-YP_009724389.1	CTA	L	CTT	L	3505
NC_045512.2	10780	A	T	12004	6467	39	1	1	25	8.32917e-05	12006	1	FALSE	ORF1ab:cds-YP_009725295.1	CTA	L	CTT	L	3505
NC_045512.2	10780	A	G	12004	6467	39	1	1	37	8.32917e-05	12006	0.999878	FALSE	ORF1ab:cds-YP_009724389.1	CTA	L	CTG	L	3505
NC_045512.2	10780	A	G	12004	6467	39	1	1	37	8.32917e-05	12006	0.999878	FALSE	ORF1ab:cds-YP_009725295.1	CTA	L	CTG	L	3505
NC_045512.2	10783	A	C	12090	6277	39	1	0	37	8.27061e-05	12091	0.999878	FALSE	ORF1ab:cds-YP_009724389.1	ACA	T	ACC	T	3506
NC_045512.2	10783	A	C	12090	6277	39	1	0	37	8.27061e-05	12091	0.999878	FALSE	ORF1ab:cds-YP_009725295.1	ACA	T	ACC	T	3506
NC_045512.2	10784	C	T	12075	6403	39	1	0	37	8.28089e-05	12076	0.999878	FALSE	ORF1ab:cds-YP_009724389.1	CAA	Q	TAA	*	3507
NC_045512.2	10784	C	T	12075	6403	39	1	0	37	8.28089e-05	12076	0.999878	FALSE	ORF1ab:cds-YP_009725295.1	CAA	Q	TAA	*	3507
NC_045512.2	10785	A	T	11370	5761	40	1	1	37	8.78657e-05	11381	0.999755	FALSE	ORF1ab:cds-YP_009724389.1	CAA	Q	CTA	L	3507
NC_045512.2	10785	A	T	11370	5761	40	1	1	37	8.78657e-05	11381	0.999755	FALSE	ORF1ab:cds-YP_009725295.1	CAA	Q	CTA	L	3507
NC_045512.2	10785	A	G	11370	5761	40	7	5	37	0.00061506	11381	0.881039	FALSE	ORF1ab:cds-YP_009724389.1	CAA	Q	CGA	R	3507
NC_045512.2	10785	A	G	11370	5761	40	7	5	37	0.00061506	11381	0.881039	FALSE	ORF1ab:cds-YP_009725295.1	CAA	Q	CGA	R	3507
NC_045512.2	10785	A	C	11370	5761	40	3	1	37	0.000263597	11381	0.993523	FALSE	ORF1ab:cds-YP_009724389.1	CAA	Q	CCA	P	3507
NC_045512.2	10785	A	C	11370	5761	40	3	1	37	0.000263597	11381	0.993523	FALSE	ORF1ab:cds-YP_009725295.1	CAA	Q	CCA	P	3507
NC_045512.2	10786	A	T	11643	6131	40	2	2	31	0.000171703	11648	0.998293	FALSE	ORF1ab:cds-YP_009724389.1	CAA	Q	CAT	H	3507
NC_045512.2	10786	A	T	11643	6131	40	2	2	31	0.000171703	11648	0.998293	FALSE	ORF1ab:cds-YP_009725295.1	CAA	Q	CAT	H	3507
NC_045512.2	10786	A	G	11643	6131	40	3	3	37	0.000257555	11648	0.99354	FALSE	ORF1ab:cds-YP_009724389.1	CAA	Q	CAG	Q	3507
NC_045512.2	10786	A	G	11643	6131	40	3	3	37	0.000257555	11648	0.99354	FALSE	ORF1ab:cds-YP_009725295.1	CAA	Q	CAG	Q	3507
NC_045512.2	10787	G	T	11382	6190	39	1	0	37	8.78426e-05	11384	0.999757	FALSE	ORF1ab:cds-YP_009724389.1	GAC	D	TAC	Y	3508
NC_045512.2	10787	G	T	11382	6190	39	1	0	37	8.78426e-05	11384	0.999757	FALSE	ORF1ab:cds-YP_009725295.1	GAC	D	TAC	Y	3508
NC_045512.2	10787	G	A	11382	6190	39	1	1	37	8.78426e-05	11384	0.999757	FALSE	ORF1ab:cds-YP_009724389.1	GAC	D	AAC	N	3508
NC_045512.2	10787	G	A	11382	6190	39	1	1	37	8.78426e-05	11384	0.999757	FALSE	ORF1ab:cds-YP_009725295.1	GAC	D	AAC	N	3508
NC_045512.2	10789	C	T	11364	6229	39	2	1	37	0.000175948	11367	0.998295	FALSE	ORF1ab:cds-YP_009724389.1	GAC	D	GAT	D	3508
NC_045512.2	10789	C	T	11364	6229	39	2	1	37	0.000175948	11367	0.998295	FALSE	ORF1ab:cds-YP_009725295.1	GAC	D	GAT	D	3508
NC_045512.2	10789	C	A	11364	6229	39	1	0	74	8.7974e-05	11367	0.499978	FALSE	ORF1ab:cds-YP_009724389.1	GAC	D	GAA	E	3508
NC_045512.2	10789	C	A	11364	6229	39	1	0	74	8.7974e-05	11367	0.499978	FALSE	ORF1ab:cds-YP_009725295.1	GAC	D	GAA	E	3508
NC_045512.2	10790	C	T	11009	5925	40	1	0	25	9.081e-05	11012	1	FALSE	ORF1ab:cds-YP_009724389.1	CAT	H	TAT	Y	3509
NC_045512.2	10790	C	T	11009	5925	40	1	0	25	9.081e-05	11012	1	FALSE	ORF1ab:cds-YP_009725295.1	CAT	H	TAT	Y	3509
NC_045512.2	10790	C	G	11009	5925	40	1	1	25	9.081e-05	11012	1	FALSE	ORF1ab:cds-YP_009724389.1	CAT	H	GAT	D	3509
NC_045512.2	10790	C	G	11009	5925	40	1	1	25	9.081e-05	11012	1	FALSE	ORF1ab:cds-YP_009725295.1	CAT	H	GAT	D	3509
NC_045512.2	10790	C	A	11009	5925	40	1	1	37	9.081e-05	11012	0.999756	FALSE	ORF1ab:cds-YP_009724389.1	CAT	H	AAT	N	3509
NC_045512.2	10790	C	A	11009	5925	40	1	1	37	9.081e-05	11012	0.999756	FALSE	ORF1ab:cds-YP_009725295.1	CAT	H	AAT	N	3509
NC_045512.2	10791	A	G	10660	5629	39	1	1	37	9.37822e-05	10663	0.999513	FALSE	ORF1ab:cds-YP_009724389.1	CAT	H	CGT	R	3509
NC_045512.2	10791	A	G	10660	5629	39	1	1	37	9.37822e-05	10663	0.999513	FALSE	ORF1ab:cds-YP_009725295.1	CAT	H	CGT	R	3509
NC_045512.2	10791	A	C	10660	5629	39	2	0	37	0.000187564	10663	0.996833	FALSE	ORF1ab:cds-YP_009724389.1	CAT	H	CCT	P	3509
NC_045512.2	10791	A	C	10660	5629	39	2	0	37	0.000187564	10663	0.996833	FALSE	ORF1ab:cds-YP_009725295.1	CAT	H	CCT	P	3509
NC_045512.2	10792	T	G	10665	5740	39	1	0	37	9.37559e-05	10666	0.999513	FALSE	ORF1ab:cds-YP_009724389.1	CAT	H	CAG	Q	3509
NC_045512.2	10792	T	G	10665	5740	39	1	0	37	9.37559e-05	10666	0.999513	FALSE	ORF1ab:cds-YP_009725295.1	CAT	H	CAG	Q	3509
NC_045512.2	10794	T	G	10942	5893	40	1	1	37	9.13659e-05	10945	0.999513	FALSE	ORF1ab:cds-YP_009724389.1	GTT	V	GGT	G	3510
NC_045512.2	10794	T	G	10942	5893	40	1	1	37	9.13659e-05	10945	0.999513	FALSE	ORF1ab:cds-YP_009725295.1	GTT	V	GGT	G	3510
NC_045512.2	10794	T	C	10942	5893	40	2	2	37	0.000182732	10945	0.996833	FALSE	ORF1ab:cds-YP_009724389.1	GTT	V	GCT	A	3510
NC_045512.2	10794	T	C	10942	5893	40	2	2	37	0.000182732	10945	0.996833	FALSE	ORF1ab:cds-YP_009725295.1	GTT	V	GCT	A	3510
NC_045512.2	10795	T	A	10755	5778	40	1	0	25	9.29714e-05	10756	1	FALSE	ORF1ab:cds-YP_009724389.1	GTT	V	GTA	V	3510
NC_045512.2	10795	T	A	10755	5778	40	1	0	25	9.29714e-05	10756	1	FALSE	ORF1ab:cds-YP_009725295.1	GTT	V	GTA	V	3510
NC_045512.2	10797	A	T	10693	5707	40	1	1	37	9.34842e-05	10697	0.999512	FALSE	ORF1ab:cds-YP_009724389.1	GAC	D	GTC	V	3511
NC_045512.2	10797	A	T	10693	5707	40	1	1	37	9.34842e-05	10697	0.999512	FALSE	ORF1ab:cds-YP_009725295.1	GAC	D	GTC	V	3511
NC_045512.2	10797	A	G	10693	5707	40	3	3	37	0.000280452	10697	0.988789	FALSE	ORF1ab:cds-YP_009724389.1	GAC	D	GGC	G	3511
NC_045512.2	10797	A	G	10693	5707	40	3	3	37	0.000280452	10697	0.988789	FALSE	ORF1ab:cds-YP_009725295.1	GAC	D	GGC	G	3511
NC_045512.2	10798	C	T	10883	6011	40	3	2	37	0.000275558	10887	0.988789	FALSE	ORF1ab:cds-YP_009724389.1	GAC	D	GAT	D	3511
NC_045512.2	10798	C	T	10883	6011	40	3	2	37	0.000275558	10887	0.988789	FALSE	ORF1ab:cds-YP_009725295.1	GAC	D	GAT	D	3511
NC_045512.2	10798	C	A	10883	6011	40	1	1	37	9.18527e-05	10887	0.999512	FALSE	ORF1ab:cds-YP_009724389.1	GAC	D	GAA	E	3511
NC_045512.2	10798	C	A	10883	6011	40	1	1	37	9.18527e-05	10887	0.999512	FALSE	ORF1ab:cds-YP_009725295.1	GAC	D	GAA	E	3511
NC_045512.2	10799	A	G	10877	6049	40	2	2	29	0.00018384	10879	1	FALSE	ORF1ab:cds-YP_009724389.1	ATA	I	GTA	V	3512
NC_045512.2	10799	A	G	10877	6049	40	2	2	29	0.00018384	10879	1	FALSE	ORF1ab:cds-YP_009725295.1	ATA	I	GTA	V	3512
NC_045512.2	10799	A	+G	10877	6049	40	2	0	20	0.00018384	10879	1	FALSE	NA	NA	NA	NA	NA	NA
NC_045512.2	10800	T	G	11052	6072	40	5	5	37	0.00045212	11059	0.961631	FALSE	ORF1ab:cds-YP_009724389.1	ATA	I	AGA	R	3512
NC_045512.2	10800	T	G	11052	6072	40	5	5	37	0.00045212	11059	0.961631	FALSE	ORF1ab:cds-YP_009725295.1	ATA	I	AGA	R	3512
NC_045512.2	10800	T	C	11052	6072	40	2	1	55	0.000180848	11059	0.249898	FALSE	ORF1ab:cds-YP_009724389.1	ATA	I	ACA	T	3512
NC_045512.2	10800	T	C	11052	6072	40	2	1	55	0.000180848	11059	0.249898	FALSE	ORF1ab:cds-YP_009725295.1	ATA	I	ACA	T	3512
NC_045512.2	10801	A	T	11177	6206	41	1	1	25	8.94374e-05	11181	1	FALSE	ORF1ab:cds-YP_009724389.1	ATA	I	ATT	I	3512
NC_045512.2	10801	A	T	11177	6206	41	1	1	25	8.94374e-05	11181	1	FALSE	ORF1ab:cds-YP_009725295.1	ATA	I	ATT	I	3512
NC_045512.2	10801	A	G	11177	6206	41	3	1	37	0.000268312	11181	0.993544	FALSE	ORF1ab:cds-YP_009724389.1	ATA	I	ATG	M	3512
NC_045512.2	10801	A	G	11177	6206	41	3	1	37	0.000268312	11181	0.993544	FALSE	ORF1ab:cds-YP_009725295.1	ATA	I	ATG	M	3512
NC_045512.2	10802	C	T	11267	6324	41	3	0	33	0.000266193	11270	0.993547	FALSE	ORF1ab:cds-YP_009724389.1	CTA	L	TTA	L	3513
NC_045512.2	10802	C	T	11267	6324	41	3	0	33	0.000266193	11270	0.993547	FALSE	ORF1ab:cds-YP_009725295.1	CTA	L	TTA	L	3513
NC_045512.2	10803	T	C	14127	10335	46	13	12	36	0.000919378	14140	0.649583	FALSE	ORF1ab:cds-YP_009724389.1	CTA	L	CCA	P	3513
NC_045512.2	10803	T	C	14127	10335	46	13	12	36	0.000919378	14140	0.649583	FALSE	ORF1ab:cds-YP_009725295.1	CTA	L	CCA	P	3513
NC_045512.2	10804	A	G	14219	10535	46	5	5	34	0.000351519	14224	0.990418	FALSE	ORF1ab:cds-YP_009724389.1	CTA	L	CTG	L	3513
NC_045512.2	10804	A	G	14219	10535	46	5	5	34	0.000351519	14224	0.990418	FALSE	ORF1ab:cds-YP_009725295.1	CTA	L	CTG	L	3513
NC_045512.2	10805	G	T	14484	10997	46	2	2	37	0.000138064	14486	0.999742	FALSE	ORF1ab:cds-YP_009724389.1	GGA	G	TGA	*	3514
NC_045512.2	10805	G	T	14484	10997	46	2	2	37	0.000138064	14486	0.999742	FALSE	ORF1ab:cds-YP_009725295.1	GGA	G	TGA	*	3514
NC_045512.2	10806	G	T	14652	11166	46	1	0	37	6.82268e-05	14657	0.99997	FALSE	ORF1ab:cds-YP_009724389.1	GGA	G	GTA	V	3514
NC_045512.2	10806	G	T	14652	11166	46	1	0	37	6.82268e-05	14657	0.99997	FALSE	ORF1ab:cds-YP_009725295.1	GGA	G	GTA	V	3514
NC_045512.2	10806	G	C	14652	11166	46	1	0	37	6.82268e-05	14657	0.99997	FALSE	ORF1ab:cds-YP_009724389.1	GGA	G	GCA	A	3514
NC_045512.2	10806	G	C	14652	11166	46	1	0	37	6.82268e-05	14657	0.99997	FALSE	ORF1ab:cds-YP_009725295.1	GGA	G	GCA	A	3514
NC_045512.2	10806	G	A	14652	11166	46	3	3	49	0.00020468	14657	0.312462	FALSE	ORF1ab:cds-YP_009724389.1	GGA	G	GAA	E	3514
NC_045512.2	10806	G	A	14652	11166	46	3	3	49	0.00020468	14657	0.312462	FALSE	ORF1ab:cds-YP_009725295.1	GGA	G	GAA	E	3514
NC_045512.2	10807	A	T	14626	11118	46	1	1	74	6.83434e-05	14632	0.499932	FALSE	ORF1ab:cds-YP_009724389.1	GGA	G	GGT	G	3514
NC_045512.2	10807	A	T	14626	11118	46	1	1	74	6.83434e-05	14632	0.499932	FALSE	ORF1ab:cds-YP_009725295.1	GGA	G	GGT	G	3514
NC_045512.2	10807	A	G	14626	11118	46	4	4	37	0.000273373	14632	0.996238	FALSE	ORF1ab:cds-YP_009724389.1	GGA	G	GGG	G	3514
NC_045512.2	10807	A	G	14626	11118	46	4	4	37	0.000273373	14632	0.996238	FALSE	ORF1ab:cds-YP_009725295.1	GGA	G	GGG	G	3514
NC_045512.2	10807	A	C	14626	11118	46	1	1	37	6.83434e-05	14632	0.99997	FALSE	ORF1ab:cds-YP_009724389.1	GGA	G	GGC	G	3514
NC_045512.2	10807	A	C	14626	11118	46	1	1	37	6.83434e-05	14632	0.99997	FALSE	ORF1ab:cds-YP_009725295.1	GGA	G	GGC	G	3514
NC_045512.2	10808	C	T	15291	12133	47	2	1	55	0.00013077	15294	0.249992	FALSE	ORF1ab:cds-YP_009724389.1	CCT	P	TCT	S	3515
NC_045512.2	10808	C	T	15291	12133	47	2	1	55	0.00013077	15294	0.249992	FALSE	ORF1ab:cds-YP_009725295.1	CCT	P	TCT	S	3515
NC_045512.2	10808	C	G	15291	12133	47	1	1	37	6.53851e-05	15294	0.999985	FALSE	ORF1ab:cds-YP_009724389.1	CCT	P	GCT	A	3515
NC_045512.2	10808	C	G	15291	12133	47	1	1	37	6.53851e-05	15294	0.999985	FALSE	ORF1ab:cds-YP_009725295.1	CCT	P	GCT	A	3515
NC_045512.2	10809	C	A	14774	11640	48	2	2	37	0.000135355	14776	0.999742	FALSE	ORF1ab:cds-YP_009724389.1	CCT	P	CAT	H	3515
NC_045512.2	10809	C	A	14774	11640	48	2	2	37	0.000135355	14776	0.999742	FALSE	ORF1ab:cds-YP_009725295.1	CCT	P	CAT	H	3515
NC_045512.2	10810	T	C	14309	11199	47	7	6	58	0.000488929	14317	0.00780677	TRUE	ORF1ab:cds-YP_009724389.1	CCT	P	CCC	P	3515
NC_045512.2	10810	T	C	14309	11199	47	7	6	58	0.000488929	14317	0.00780677	TRUE	ORF1ab:cds-YP_009725295.1	CCT	P	CCC	P	3515
NC_045512.2	10810	T	A	14309	11199	47	1	1	37	6.9847e-05	14317	0.999969	FALSE	ORF1ab:cds-YP_009724389.1	CCT	P	CCA	P	3515
NC_045512.2	10810	T	A	14309	11199	47	1	1	37	6.9847e-05	14317	0.999969	FALSE	ORF1ab:cds-YP_009725295.1	CCT	P	CCA	P	3515
NC_045512.2	10811	C	T	14490	11380	48	1	1	37	6.90084e-05	14491	0.99997	FALSE	ORF1ab:cds-YP_009724389.1	CTT	L	TTT	F	3516
NC_045512.2	10811	C	T	14490	11380	48	1	1	37	6.90084e-05	14491	0.99997	FALSE	ORF1ab:cds-YP_009725295.1	CTT	L	TTT	F	3516
NC_045512.2	10811	C	-T	14490	11380	48	1	0	20	6.90084e-05	14491	1	FALSE	NA	NA	NA	NA	NA	NA
NC_045512.2	10812	T	C	14280	11184	47	1	0	22	7.00231e-05	14281	1	FALSE	ORF1ab:cds-YP_009724389.1	CTT	L	CCT	P	3516
NC_045512.2	10812	T	C	14280	11184	47	1	0	22	7.00231e-05	14281	1	FALSE	ORF1ab:cds-YP_009725295.1	CTT	L	CCT	P	3516
NC_045512.2	10813	T	G	14428	11405	48	1	1	37	6.93049e-05	14429	0.99997	FALSE	ORF1ab:cds-YP_009724389.1	CTT	L	CTG	L	3516
NC_045512.2	10813	T	G	14428	11405	48	1	1	37	6.93049e-05	14429	0.99997	FALSE	ORF1ab:cds-YP_009725295.1	CTT	L	CTG	L	3516
NC_045512.2	10815	C	G	14644	11672	49	1	1	25	6.82827e-05	14645	1	FALSE	ORF1ab:cds-YP_009724389.1	TCT	S	TGT	C	3517
NC_045512.2	10815	C	G	14644	11672	49	1	1	25	6.82827e-05	14645	1	FALSE	ORF1ab:cds-YP_009725295.1	TCT	S	TGT	C	3517
NC_045512.2	10816	T	C	14431	11460	49	2	2	37	0.000138571	14433	0.999742	FALSE	ORF1ab:cds-YP_009724389.1	TCT	S	TCC	S	3517
NC_045512.2	10816	T	C	14431	11460	49	2	2	37	0.000138571	14433	0.999742	FALSE	ORF1ab:cds-YP_009725295.1	TCT	S	TCC	S	3517
NC_045512.2	10817	G	T	14417	11456	49	2	2	25	0.000138543	14436	1	FALSE	ORF1ab:cds-YP_009724389.1	GCT	A	TCT	S	3518
NC_045512.2	10817	G	T	14417	11456	49	2	2	25	0.000138543	14436	1	FALSE	ORF1ab:cds-YP_009725295.1	GCT	A	TCT	S	3518
NC_045512.2	10817	G	A	14417	11456	49	17	13	45	0.00117761	14436	7.21362e-05	TRUE	ORF1ab:cds-YP_009724389.1	GCT	A	ACT	T	3518
NC_045512.2	10817	G	A	14417	11456	49	17	13	45	0.00117761	14436	7.21362e-05	TRUE	ORF1ab:cds-YP_009725295.1	GCT	A	ACT	T	3518
NC_045512.2	10818	C	T	14475	11507	49	3	3	49	0.000207197	14479	0.312487	FALSE	ORF1ab:cds-YP_009724389.1	GCT	A	GTT	V	3518
NC_045512.2	10818	C	T	14475	11507	49	3	3	49	0.000207197	14479	0.312487	FALSE	ORF1ab:cds-YP_009725295.1	GCT	A	GTT	V	3518
NC_045512.2	10818	C	A	14475	11507	49	1	1	37	6.90655e-05	14479	0.99997	FALSE	ORF1ab:cds-YP_009724389.1	GCT	A	GAT	D	3518
NC_045512.2	10818	C	A	14475	11507	49	1	1	37	6.90655e-05	14479	0.99997	FALSE	ORF1ab:cds-YP_009725295.1	GCT	A	GAT	D	3518
NC_045512.2	10819	T	C	14394	11436	49	2	2	37	0.000138908	14398	0.999741	FALSE	ORF1ab:cds-YP_009724389.1	GCT	A	GCC	A	3518
NC_045512.2	10819	T	C	14394	11436	49	2	2	37	0.000138908	14398	0.999741	FALSE	ORF1ab:cds-YP_009725295.1	GCT	A	GCC	A	3518
NC_045512.2	10819	T	A	14394	11436	49	2	1	21	0.000138908	14398	1	FALSE	ORF1ab:cds-YP_009724389.1	GCT	A	GCA	A	3518
NC_045512.2	10819	T	A	14394	11436	49	2	1	21	0.000138908	14398	1	FALSE	ORF1ab:cds-YP_009725295.1	GCT	A	GCA	A	3518
NC_045512.2	10820	C	T	14383	11438	49	2	2	37	0.000139034	14385	0.999742	FALSE	ORF1ab:cds-YP_009724389.1	CAA	Q	TAA	*	3519
NC_045512.2	10820	C	T	14383	11438	49	2	2	37	0.000139034	14385	0.999742	FALSE	ORF1ab:cds-YP_009725295.1	CAA	Q	TAA	*	3519
NC_045512.2	10822	A	G	14090	11290	48	1	1	74	7.09572e-05	14093	0.499982	FALSE	ORF1ab:cds-YP_009724389.1	CAA	Q	CAG	Q	3519
NC_045512.2	10822	A	G	14090	11290	48	1	1	74	7.09572e-05	14093	0.499982	FALSE	ORF1ab:cds-YP_009725295.1	CAA	Q	CAG	Q	3519
NC_045512.2	10822	A	C	14090	11290	48	2	2	31	0.000141914	14093	0.999741	FALSE	ORF1ab:cds-YP_009724389.1	CAA	Q	CAC	H	3519
NC_045512.2	10822	A	C	14090	11290	48	2	2	31	0.000141914	14093	0.999741	FALSE	ORF1ab:cds-YP_009725295.1	CAA	Q	CAC	H	3519
NC_045512.2	10823	A	T	14116	11328	47	1	1	25	7.08265e-05	14119	1	FALSE	ORF1ab:cds-YP_009724389.1	ACT	T	TCT	S	3520
NC_045512.2	10823	A	T	14116	11328	47	1	1	25	7.08265e-05	14119	1	FALSE	ORF1ab:cds-YP_009725295.1	ACT	T	TCT	S	3520
NC_045512.2	10823	A	G	14116	11328	47	1	0	37	7.08265e-05	14119	0.99997	FALSE	ORF1ab:cds-YP_009724389.1	ACT	T	GCT	A	3520
NC_045512.2	10823	A	G	14116	11328	47	1	0	37	7.08265e-05	14119	0.99997	FALSE	ORF1ab:cds-YP_009725295.1	ACT	T	GCT	A	3520
NC_045512.2	10823	A	C	14116	11328	47	1	1	37	7.08265e-05	14119	0.99997	FALSE	ORF1ab:cds-YP_009724389.1	ACT	T	CCT	P	3520
NC_045512.2	10823	A	C	14116	11328	47	1	1	37	7.08265e-05	14119	0.99997	FALSE	ORF1ab:cds-YP_009725295.1	ACT	T	CCT	P	3520
NC_045512.2	10824	C	T	14314	11539	48	2	1	74	0.000139704	14316	0.250009	FALSE	ORF1ab:cds-YP_009724389.1	ACT	T	ATT	I	3520
NC_045512.2	10824	C	T	14314	11539	48	2	1	74	0.000139704	14316	0.250009	FALSE	ORF1ab:cds-YP_009725295.1	ACT	T	ATT	I	3520
NC_045512.2	10825	T	G	14259	11496	48	1	1	37	7.00918e-05	14267	0.999969	FALSE	ORF1ab:cds-YP_009724389.1	ACT	T	ACG	T	3520
NC_045512.2	10825	T	G	14259	11496	48	1	1	37	7.00918e-05	14267	0.999969	FALSE	ORF1ab:cds-YP_009725295.1	ACT	T	ACG	T	3520
NC_045512.2	10825	T	C	14259	11496	48	6	4	47	0.000420551	14267	0.0624655	FALSE	ORF1ab:cds-YP_009724389.1	ACT	T	ACC	T	3520
NC_045512.2	10825	T	C	14259	11496	48	6	4	47	0.000420551	14267	0.0624655	FALSE	ORF1ab:cds-YP_009725295.1	ACT	T	ACC	T	3520
NC_045512.2	10825	T	A	14259	11496	48	1	1	37	7.00918e-05	14267	0.999969	FALSE	ORF1ab:cds-YP_009724389.1	ACT	T	ACA	T	3520
NC_045512.2	10825	T	A	14259	11496	48	1	1	37	7.00918e-05	14267	0.999969	FALSE	ORF1ab:cds-YP_009725295.1	ACT	T	ACA	T	3520
NC_045512.2	10826	G	T	14038	11387	47	1	1	37	7.12099e-05	14043	0.99997	FALSE	ORF1ab:cds-YP_009724389.1	GGA	G	TGA	*	3521
NC_045512.2	10826	G	T	14038	11387	47	1	1	37	7.12099e-05	14043	0.99997	FALSE	ORF1ab:cds-YP_009725295.1	GGA	G	TGA	*	3521
NC_045512.2	10826	G	A	14038	11387	47	4	2	64	0.000284839	14043	0.0624866	FALSE	ORF1ab:cds-YP_009724389.1	GGA	G	AGA	R	3521
NC_045512.2	10826	G	A	14038	11387	47	4	2	64	0.000284839	14043	0.0624866	FALSE	ORF1ab:cds-YP_009725295.1	GGA	G	AGA	R	3521
NC_045512.2	10827	G	T	14129	11468	47	1	1	37	7.07514e-05	14134	0.99997	FALSE	ORF1ab:cds-YP_009724389.1	GGA	G	GTA	V	3521
NC_045512.2	10827	G	T	14129	11468	47	1	1	37	7.07514e-05	14134	0.99997	FALSE	ORF1ab:cds-YP_009725295.1	GGA	G	GTA	V	3521
NC_045512.2	10827	G	A	14129	11468	47	4	3	55	0.000283006	14134	0.0624867	FALSE	ORF1ab:cds-YP_009724389.1	GGA	G	GAA	E	3521
NC_045512.2	10827	G	A	14129	11468	47	4	3	55	0.000283006	14134	0.0624867	FALSE	ORF1ab:cds-YP_009725295.1	GGA	G	GAA	E	3521
NC_045512.2	10828	A	G	14106	11445	48	4	3	46	0.000283487	14110	0.1875	FALSE	ORF1ab:cds-YP_009724389.1	GGA	G	GGG	G	3521
NC_045512.2	10828	A	G	14106	11445	48	4	3	46	0.000283487	14110	0.1875	FALSE	ORF1ab:cds-YP_009725295.1	GGA	G	GGG	G	3521
NC_045512.2	10829	A	G	13831	11199	46	1	1	37	7.22961e-05	13832	0.999939	FALSE	ORF1ab:cds-YP_009724389.1	ATT	I	GTT	V	3522
NC_045512.2	10829	A	G	13831	11199	46	1	1	37	7.22961e-05	13832	0.999939	FALSE	ORF1ab:cds-YP_009725295.1	ATT	I	GTT	V	3522
NC_045512.2	10830	T	G	13870	11224	47	1	1	37	7.20877e-05	13872	0.999939	FALSE	ORF1ab:cds-YP_009724389.1	ATT	I	AGT	S	3522
NC_045512.2	10830	T	G	13870	11224	47	1	1	37	7.20877e-05	13872	0.999939	FALSE	ORF1ab:cds-YP_009725295.1	ATT	I	AGT	S	3522
NC_045512.2	10830	T	C	13870	11224	47	1	1	74	7.20877e-05	13872	0.5	FALSE	ORF1ab:cds-YP_009724389.1	ATT	I	ACT	T	3522
NC_045512.2	10830	T	C	13870	11224	47	1	1	74	7.20877e-05	13872	0.5	FALSE	ORF1ab:cds-YP_009725295.1	ATT	I	ACT	T	3522
NC_045512.2	10831	T	C	13861	11259	48	12	2	37	0.00086499	13873	0.655115	FALSE	ORF1ab:cds-YP_009724389.1	ATT	I	ATC	I	3522
NC_045512.2	10831	T	C	13861	11259	48	12	2	37	0.00086499	13873	0.655115	FALSE	ORF1ab:cds-YP_009725295.1	ATT	I	ATC	I	3522
NC_045512.2	10832	G	T	13917	11563	47	1	1	37	7.18081e-05	13926	0.999939	FALSE	ORF1ab:cds-YP_009724389.1	GCC	A	TCC	S	3523
NC_045512.2	10832	G	T	13917	11563	47	1	1	37	7.18081e-05	13926	0.999939	FALSE	ORF1ab:cds-YP_009725295.1	GCC	A	TCC	S	3523
NC_045512.2	10832	G	A	13917	11563	47	8	8	50	0.000574465	13926	0.00390232	TRUE	ORF1ab:cds-YP_009724389.1	GCC	A	ACC	T	3523
NC_045512.2	10832	G	A	13917	11563	47	8	8	50	0.000574465	13926	0.00390232	TRUE	ORF1ab:cds-YP_009725295.1	GCC	A	ACC	T	3523
NC_045512.2	10833	C	T	13802	11463	46	10	6	62	0.000723903	13814	0.000974619	TRUE	ORF1ab:cds-YP_009724389.1	GCC	A	GTC	V	3523
NC_045512.2	10833	C	T	13802	11463	46	10	6	62	0.000723903	13814	0.000974619	TRUE	ORF1ab:cds-YP_009725295.1	GCC	A	GTC	V	3523
NC_045512.2	10833	C	G	13802	11463	46	1	1	25	7.23903e-05	13814	1	FALSE	ORF1ab:cds-YP_009724389.1	GCC	A	GGC	G	3523
NC_045512.2	10833	C	G	13802	11463	46	1	1	25	7.23903e-05	13814	1	FALSE	ORF1ab:cds-YP_009725295.1	GCC	A	GGC	G	3523
NC_045512.2	10833	C	A	13802	11463	46	1	1	37	7.23903e-05	13814	0.999939	FALSE	ORF1ab:cds-YP_009724389.1	GCC	A	GAC	D	3523
NC_045512.2	10833	C	A	13802	11463	46	1	1	37	7.23903e-05	13814	0.999939	FALSE	ORF1ab:cds-YP_009725295.1	GCC	A	GAC	D	3523
NC_045512.2	10835	G	A	13795	11621	46	3	2	74	0.000217423	13798	0.125	FALSE	ORF1ab:cds-YP_009724389.1	GTT	V	ATT	I	3524
NC_045512.2	10835	G	A	13795	11621	46	3	2	74	0.000217423	13798	0.125	FALSE	ORF1ab:cds-YP_009725295.1	GTT	V	ATT	I	3524
NC_045512.2	10835	G	-TTTTAGA	13795	11621	46	1	0	20	7.24743e-05	13798	1	FALSE	NA	NA	NA	NA	NA	NA
NC_045512.2	10835	G	-T	13795	11621	46	2	0	20	0.000144949	13798	1	FALSE	NA	NA	NA	NA	NA	NA
NC_045512.2	10839	T	C	13752	11596	46	1	1	37	7.27114e-05	13753	0.999939	FALSE	ORF1ab:cds-YP_009724389.1	TTA	L	TCA	S	3525
NC_045512.2	10839	T	C	13752	11596	46	1	1	37	7.27114e-05	13753	0.999939	FALSE	ORF1ab:cds-YP_009725295.1	TTA	L	TCA	S	3525
NC_045512.2	10840	A	T	13690	11673	45	1	0	74	7.303e-05	13693	0.499963	FALSE	ORF1ab:cds-YP_009724389.1	TTA	L	TTT	F	3525
NC_045512.2	10840	A	T	13690	11673	45	1	0	74	7.303e-05	13693	0.499963	FALSE	ORF1ab:cds-YP_009725295.1	TTA	L	TTT	F	3525
NC_045512.2	10840	A	G	13690	11673	45	2	1	55	0.00014606	13693	0.249973	FALSE	ORF1ab:cds-YP_009724389.1	TTA	L	TTG	L	3525
NC_045512.2	10840	A	G	13690	11673	45	2	1	55	0.00014606	13693	0.249973	FALSE	ORF1ab:cds-YP_009725295.1	TTA	L	TTG	L	3525
NC_045512.2	10841	G	T	13650	11861	44	1	1	25	7.32547e-05	13651	1	FALSE	ORF1ab:cds-YP_009724389.1	GAT	D	TAT	Y	3526
NC_045512.2	10841	G	T	13650	11861	44	1	1	25	7.32547e-05	13651	1	FALSE	ORF1ab:cds-YP_009725295.1	GAT	D	TAT	Y	3526
NC_045512.2	10842	A	G	13586	12024	43	2	2	37	0.000147189	13588	0.999513	FALSE	ORF1ab:cds-YP_009724389.1	GAT	D	GGT	G	3526
NC_045512.2	10842	A	G	13586	12024	43	2	2	37	0.000147189	13588	0.999513	FALSE	ORF1ab:cds-YP_009725295.1	GAT	D	GGT	G	3526
NC_045512.2	10843	T	C	13616	12057	43	3	2	44	0.00022028	13619	0.312514	FALSE	ORF1ab:cds-YP_009724389.1	GAT	D	GAC	D	3526
NC_045512.2	10843	T	C	13616	12057	43	3	2	44	0.00022028	13619	0.312514	FALSE	ORF1ab:cds-YP_009725295.1	GAT	D	GAC	D	3526
NC_045512.2	10844	A	G	13183	11618	43	1	1	25	7.58495e-05	13184	1	FALSE	ORF1ab:cds-YP_009724389.1	ATG	M	GTG	V	3527
NC_045512.2	10844	A	G	13183	11618	43	1	1	25	7.58495e-05	13184	1	FALSE	ORF1ab:cds-YP_009725295.1	ATG	M	GTG	V	3527
NC_045512.2	10844	A	+TG	13183	11618	43	1	0	20	7.58495e-05	13184	1	FALSE	NA	NA	NA	NA	NA	NA
NC_045512.2	10845	T	C	13163	11607	43	1	1	25	7.59648e-05	13164	1	FALSE	ORF1ab:cds-YP_009724389.1	ATG	M	ACG	T	3527
NC_045512.2	10845	T	C	13163	11607	43	1	1	25	7.59648e-05	13164	1	FALSE	ORF1ab:cds-YP_009725295.1	ATG	M	ACG	T	3527
NC_045512.2	10846	G	T	12545	11081	43	704	625	43	0.0531241	13252	2.78037e-214	TRUE	ORF1ab:cds-YP_009724389.1	ATG	M	ATT	I	3527
NC_045512.2	10846	G	T	12545	11081	43	704	625	43	0.0531241	13252	2.78037e-214	TRUE	ORF1ab:cds-YP_009725295.1	ATG	M	ATT	I	3527
NC_045512.2	10846	G	A	12545	11081	43	3	2	40	0.000226381	13252	0.292331	FALSE	ORF1ab:cds-YP_009724389.1	ATG	M	ATA	I	3527
NC_045512.2	10846	G	A	12545	11081	43	3	2	40	0.000226381	13252	0.292331	FALSE	ORF1ab:cds-YP_009725295.1	ATG	M	ATA	I	3527
NC_045512.2	10849	T	C	12650	11188	43	1	1	37	7.90451e-05	12651	0.999878	FALSE	ORF1ab:cds-YP_009724389.1	TGT	C	TGC	C	3528
NC_045512.2	10849	T	C	12650	11188	43	1	1	37	7.90451e-05	12651	0.999878	FALSE	ORF1ab:cds-YP_009725295.1	TGT	C	TGC	C	3528
NC_045512.2	10850	G	T	12632	11172	43	2	2	31	0.000158265	12637	0.999086	FALSE	ORF1ab:cds-YP_009724389.1	GCT	A	TCT	S	3529
NC_045512.2	10850	G	T	12632	11172	43	2	2	31	0.000158265	12637	0.999086	FALSE	ORF1ab:cds-YP_009725295.1	GCT	A	TCT	S	3529
NC_045512.2	10850	G	A	12632	11172	43	3	3	37	0.000237398	12637	0.996314	FALSE	ORF1ab:cds-YP_009724389.1	GCT	A	ACT	T	3529
NC_045512.2	10850	G	A	12632	11172	43	3	3	37	0.000237398	12637	0.996314	FALSE	ORF1ab:cds-YP_009725295.1	GCT	A	ACT	T	3529
NC_045512.2	10851	C	T	12507	11047	43	3	2	61	0.000239808	12510	0.125	FALSE	ORF1ab:cds-YP_009724389.1	GCT	A	GTT	V	3529
NC_045512.2	10851	C	T	12507	11047	43	3	2	61	0.000239808	12510	0.125	FALSE	ORF1ab:cds-YP_009725295.1	GCT	A	GTT	V	3529
NC_045512.2	10852	T	C	12188	10727	43	4	4	46	0.00032803	12194	0.187449	FALSE	ORF1ab:cds-YP_009724389.1	GCT	A	GCC	A	3529
NC_045512.2	10852	T	C	12188	10727	43	4	4	46	0.00032803	12194	0.187449	FALSE	ORF1ab:cds-YP_009725295.1	GCT	A	GCC	A	3529
NC_045512.2	10852	T	A	12188	10727	43	2	2	37	0.000164015	12194	0.999086	FALSE	ORF1ab:cds-YP_009724389.1	GCT	A	GCA	A	3529
NC_045512.2	10852	T	A	12188	10727	43	2	2	37	0.000164015	12194	0.999086	FALSE	ORF1ab:cds-YP_009725295.1	GCT	A	GCA	A	3529
NC_045512.2	10853	T	C	12206	10754	43	1	1	37	8.19135e-05	12208	0.999878	FALSE	ORF1ab:cds-YP_009724389.1	TCA	S	CCA	P	3530
NC_045512.2	10853	T	C	12206	10754	43	1	1	37	8.19135e-05	12208	0.999878	FALSE	ORF1ab:cds-YP_009725295.1	TCA	S	CCA	P	3530
NC_045512.2	10853	T	A	12206	10754	43	1	0	37	8.19135e-05	12208	0.999878	FALSE	ORF1ab:cds-YP_009724389.1	TCA	S	ACA	T	3530
NC_045512.2	10853	T	A	12206	10754	43	1	0	37	8.19135e-05	12208	0.999878	FALSE	ORF1ab:cds-YP_009725295.1	TCA	S	ACA	T	3530
NC_045512.2	10856	T	C	12169	10767	43	1	1	37	8.21625e-05	12171	0.999878	FALSE	ORF1ab:cds-YP_009724389.1	TTA	L	CTA	L	3531
NC_045512.2	10856	T	C	12169	10767	43	1	1	37	8.21625e-05	12171	0.999878	FALSE	ORF1ab:cds-YP_009725295.1	TTA	L	CTA	L	3531
NC_045512.2	10856	T	A	12169	10767	43	1	1	25	8.21625e-05	12171	1	FALSE	ORF1ab:cds-YP_009724389.1	TTA	L	ATA	I	3531
NC_045512.2	10856	T	A	12169	10767	43	1	1	25	8.21625e-05	12171	1	FALSE	ORF1ab:cds-YP_009725295.1	TTA	L	ATA	I	3531
NC_045512.2	10857	T	C	12180	10777	43	1	1	37	8.20951e-05	12181	0.999878	FALSE	ORF1ab:cds-YP_009724389.1	TTA	L	TCA	S	3531
NC_045512.2	10857	T	C	12180	10777	43	1	1	37	8.20951e-05	12181	0.999878	FALSE	ORF1ab:cds-YP_009725295.1	TTA	L	TCA	S	3531
NC_045512.2	10859	A	G	12049	10670	43	2	2	37	0.000165961	12051	0.999087	FALSE	ORF1ab:cds-YP_009724389.1	AAA	K	GAA	E	3532
NC_045512.2	10859	A	G	12049	10670	43	2	2	37	0.000165961	12051	0.999087	FALSE	ORF1ab:cds-YP_009725295.1	AAA	K	GAA	E	3532
NC_045512.2	10860	A	G	12012	10645	43	1	1	37	8.32432e-05	12013	0.999878	FALSE	ORF1ab:cds-YP_009724389.1	AAA	K	AGA	R	3532
NC_045512.2	10860	A	G	12012	10645	43	1	1	37	8.32432e-05	12013	0.999878	FALSE	ORF1ab:cds-YP_009725295.1	AAA	K	AGA	R	3532
NC_045512.2	10861	A	G	12074	10729	43	5	5	42	0.000413942	12079	0.109365	FALSE	ORF1ab:cds-YP_009724389.1	AAA	K	AAG	K	3532
NC_045512.2	10861	A	G	12074	10729	43	5	5	42	0.000413942	12079	0.109365	FALSE	ORF1ab:cds-YP_009725295.1	AAA	K	AAG	K	3532
NC_045512.2	10862	G	T	12088	10785	43	1	1	25	8.2713e-05	12090	1	FALSE	ORF1ab:cds-YP_009724389.1	GAA	E	TAA	*	3533
NC_045512.2	10862	G	T	12088	10785	43	1	1	25	8.2713e-05	12090	1	FALSE	ORF1ab:cds-YP_009725295.1	GAA	E	TAA	*	3533
NC_045512.2	10862	G	A	12088	10785	43	1	0	74	8.2713e-05	12090	0.5	FALSE	ORF1ab:cds-YP_009724389.1	GAA	E	AAA	K	3533
NC_045512.2	10862	G	A	12088	10785	43	1	0	74	8.2713e-05	12090	0.5	FALSE	ORF1ab:cds-YP_009725295.1	GAA	E	AAA	K	3533
NC_045512.2	10864	A	G	11877	10718	42	3	3	40	0.000252525	11880	0.312516	FALSE	ORF1ab:cds-YP_009724389.1	GAA	E	GAG	E	3533
NC_045512.2	10864	A	G	11877	10718	42	3	3	40	0.000252525	11880	0.312516	FALSE	ORF1ab:cds-YP_009725295.1	GAA	E	GAG	E	3533
NC_045512.2	10865	T	C	11800	10642	42	1	0	62	8.47386e-05	11801	0.500021	FALSE	ORF1ab:cds-YP_009724389.1	TTA	L	CTA	L	3534
NC_045512.2	10865	T	C	11800	10642	42	1	0	62	8.47386e-05	11801	0.500021	FALSE	ORF1ab:cds-YP_009725295.1	TTA	L	CTA	L	3534
NC_045512.2	10866	T	C	11876	10739	42	2	1	74	0.000168364	11879	0.249989	FALSE	ORF1ab:cds-YP_009724389.1	TTA	L	TCA	S	3534
NC_045512.2	10866	T	C	11876	10739	42	2	1	74	0.000168364	11879	0.249989	FALSE	ORF1ab:cds-YP_009725295.1	TTA	L	TCA	S	3534
NC_045512.2	10866	T	A	11876	10739	42	1	1	25	8.41822e-05	11879	1	FALSE	ORF1ab:cds-YP_009724389.1	TTA	L	TAA	*	3534
NC_045512.2	10866	T	A	11876	10739	42	1	1	25	8.41822e-05	11879	1	FALSE	ORF1ab:cds-YP_009725295.1	TTA	L	TAA	*	3534
NC_045512.2	10867	A	G	11896	10762	42	1	1	37	8.40548e-05	11897	0.999757	FALSE	ORF1ab:cds-YP_009724389.1	TTA	L	TTG	L	3534
NC_045512.2	10867	A	G	11896	10762	42	1	1	37	8.40548e-05	11897	0.999757	FALSE	ORF1ab:cds-YP_009725295.1	TTA	L	TTG	L	3534
NC_045512.2	10868	C	T	11918	11010	41	1	1	37	8.38997e-05	11919	0.999757	FALSE	ORF1ab:cds-YP_009724389.1	CTG	L	TTG	L	3535
NC_045512.2	10868	C	T	11918	11010	41	1	1	37	8.38997e-05	11919	0.999757	FALSE	ORF1ab:cds-YP_009725295.1	CTG	L	TTG	L	3535
NC_045512.2	10869	T	C	11815	10926	41	2	1	74	0.000169233	11818	0.249989	FALSE	ORF1ab:cds-YP_009724389.1	CTG	L	CCG	P	3535
NC_045512.2	10869	T	C	11815	10926	41	2	1	74	0.000169233	11818	0.249989	FALSE	ORF1ab:cds-YP_009725295.1	CTG	L	CCG	P	3535
NC_045512.2	10869	T	A	11815	10926	41	1	1	37	8.46167e-05	11818	0.999756	FALSE	ORF1ab:cds-YP_009724389.1	CTG	L	CAG	Q	3535
NC_045512.2	10869	T	A	11815	10926	41	1	1	37	8.46167e-05	11818	0.999756	FALSE	ORF1ab:cds-YP_009725295.1	CTG	L	CAG	Q	3535
NC_045512.2	10870	G	A	11889	10966	41	14	12	38	0.00117617	11903	0.345019	FALSE	ORF1ab:cds-YP_009724389.1	CTG	L	CTA	L	3535
NC_045512.2	10870	G	A	11889	10966	41	14	12	38	0.00117617	11903	0.345019	FALSE	ORF1ab:cds-YP_009725295.1	CTG	L	CTA	L	3535
NC_045512.2	10871	C	T	11703	10782	41	6	6	37	0.000512426	11709	0.928365	FALSE	ORF1ab:cds-YP_009724389.1	CAA	Q	TAA	*	3536
NC_045512.2	10871	C	T	11703	10782	41	6	6	37	0.000512426	11709	0.928365	FALSE	ORF1ab:cds-YP_009725295.1	CAA	Q	TAA	*	3536
NC_045512.2	10871	C	-A	11703	10782	41	4	0	20	0.000341618	11709	1	FALSE	NA	NA	NA	NA	NA	NA
NC_045512.2	10872	A	G	11611	10690	41	2	1	29	0.000172221	11613	1	FALSE	ORF1ab:cds-YP_009724389.1	CAA	Q	CGA	R	3536
NC_045512.2	10872	A	G	11611	10690	41	2	1	29	0.000172221	11613	1	FALSE	ORF1ab:cds-YP_009725295.1	CAA	Q	CGA	R	3536
NC_045512.2	10873	A	T	11493	10571	40	1	1	37	8.70019e-05	11494	0.999757	FALSE	ORF1ab:cds-YP_009724389.1	CAA	Q	CAT	H	3536
NC_045512.2	10873	A	T	11493	10571	40	1	1	37	8.70019e-05	11494	0.999757	FALSE	ORF1ab:cds-YP_009725295.1	CAA	Q	CAT	H	3536
NC_045512.2	10874	A	T	11353	10431	40	1	1	37	8.80747e-05	11354	0.999757	FALSE	ORF1ab:cds-YP_009724389.1	AAT	N	TAT	Y	3537
NC_045512.2	10874	A	T	11353	10431	40	1	1	37	8.80747e-05	11354	0.999757	FALSE	ORF1ab:cds-YP_009725295.1	AAT	N	TAT	Y	3537
NC_045512.2	10875	A	G	11242	10340	40	1	1	37	8.89284e-05	11245	0.999756	FALSE	ORF1ab:cds-YP_009724389.1	AAT	N	AGT	S	3537
NC_045512.2	10875	A	G	11242	10340	40	1	1	37	8.89284e-05	11245	0.999756	FALSE	ORF1ab:cds-YP_009725295.1	AAT	N	AGT	S	3537
NC_045512.2	10875	A	C	11242	10340	40	2	2	31	0.000177857	11245	0.998295	FALSE	ORF1ab:cds-YP_009724389.1	AAT	N	ACT	T	3537
NC_045512.2	10875	A	C	11242	10340	40	2	2	31	0.000177857	11245	0.998295	FALSE	ORF1ab:cds-YP_009725295.1	AAT	N	ACT	T	3537
NC_045512.2	10876	T	G	11445	10756	39	1	1	25	8.73591e-05	11447	1	FALSE	ORF1ab:cds-YP_009724389.1	AAT	N	AAG	K	3537
NC_045512.2	10876	T	G	11445	10756	39	1	1	25	8.73591e-05	11447	1	FALSE	ORF1ab:cds-YP_009725295.1	AAT	N	AAG	K	3537
NC_045512.2	10876	T	C	11445	10756	39	1	1	25	8.73591e-05	11447	1	FALSE	ORF1ab:cds-YP_009724389.1	AAT	N	AAC	N	3537
NC_045512.2	10876	T	C	11445	10756	39	1	1	25	8.73591e-05	11447	1	FALSE	ORF1ab:cds-YP_009725295.1	AAT	N	AAC	N	3537
NC_045512.2	10877	G	T	11262	10660	39	1	1	25	8.87626e-05	11266	1	FALSE	ORF1ab:cds-YP_009724389.1	GGT	G	TGT	C	3538
NC_045512.2	10877	G	T	11262	10660	39	1	1	25	8.87626e-05	11266	1	FALSE	ORF1ab:cds-YP_009725295.1	GGT	G	TGT	C	3538
NC_045512.2	10877	G	A	11262	10660	39	3	3	37	0.000266288	11266	0.993544	FALSE	ORF1ab:cds-YP_009724389.1	GGT	G	AGT	S	3538
NC_045512.2	10877	G	A	11262	10660	39	3	3	37	0.000266288	11266	0.993544	FALSE	ORF1ab:cds-YP_009725295.1	GGT	G	AGT	S	3538
NC_045512.2	10878	G	T	11290	10672	39	1	0	25	8.85347e-05	11295	1	FALSE	ORF1ab:cds-YP_009724389.1	GGT	G	GTT	V	3538
NC_045512.2	10878	G	T	11290	10672	39	1	0	25	8.85347e-05	11295	1	FALSE	ORF1ab:cds-YP_009725295.1	GGT	G	GTT	V	3538
NC_045512.2	10878	G	A	11290	10672	39	4	4	37	0.000354139	11295	0.982451	FALSE	ORF1ab:cds-YP_009724389.1	GGT	G	GAT	D	3538
NC_045512.2	10878	G	A	11290	10672	39	4	4	37	0.000354139	11295	0.982451	FALSE	ORF1ab:cds-YP_009725295.1	GGT	G	GAT	D	3538
NC_045512.2	10879	T	C	11052	10432	39	1	1	37	9.04732e-05	11053	0.999757	FALSE	ORF1ab:cds-YP_009724389.1	GGT	G	GGC	G	3538
NC_045512.2	10879	T	C	11052	10432	39	1	1	37	9.04732e-05	11053	0.999757	FALSE	ORF1ab:cds-YP_009725295.1	GGT	G	GGC	G	3538
NC_045512.2	10880	A	G	11078	10463	39	3	3	29	0.000270734	11081	1	FALSE	ORF1ab:cds-YP_009724389.1	ATG	M	GTG	V	3539
NC_045512.2	10880	A	G	11078	10463	39	3	3	29	0.000270734	11081	1	FALSE	ORF1ab:cds-YP_009725295.1	ATG	M	GTG	V	3539
NC_045512.2	10882	G	T	11077	10582	39	1	1	37	9.0269e-05	11078	0.999757	FALSE	ORF1ab:cds-YP_009724389.1	ATG	M	ATT	I	3539
NC_045512.2	10882	G	T	11077	10582	39	1	1	37	9.0269e-05	11078	0.999757	FALSE	ORF1ab:cds-YP_009725295.1	ATG	M	ATT	I	3539
NC_045512.2	10883	A	G	10946	10503	38	1	1	37	9.13492e-05	10947	0.999513	FALSE	ORF1ab:cds-YP_009724389.1	AAT	N	GAT	D	3540
NC_045512.2	10883	A	G	10946	10503	38	1	1	37	9.13492e-05	10947	0.999513	FALSE	ORF1ab:cds-YP_009725295.1	AAT	N	GAT	D	3540
NC_045512.2	10884	A	T	10592	10152	37	1	1	37	9.43931e-05	10594	0.999513	FALSE	ORF1ab:cds-YP_009724389.1	AAT	N	ATT	I	3540
NC_045512.2	10884	A	T	10592	10152	37	1	1	37	9.43931e-05	10594	0.999513	FALSE	ORF1ab:cds-YP_009725295.1	AAT	N	ATT	I	3540
NC_045512.2	10884	A	C	10592	10152	37	1	0	37	9.43931e-05	10594	0.999513	FALSE	ORF1ab:cds-YP_009724389.1	AAT	N	ACT	T	3540
NC_045512.2	10884	A	C	10592	10152	37	1	0	37	9.43931e-05	10594	0.999513	FALSE	ORF1ab:cds-YP_009725295.1	AAT	N	ACT	T	3540
NC_045512.2	10885	T	G	10701	10260	37	1	1	37	9.34317e-05	10703	0.999513	FALSE	ORF1ab:cds-YP_009724389.1	AAT	N	AAG	K	3540
NC_045512.2	10885	T	G	10701	10260	37	1	1	37	9.34317e-05	10703	0.999513	FALSE	ORF1ab:cds-YP_009725295.1	AAT	N	AAG	K	3540
NC_045512.2	10885	T	C	10701	10260	37	1	1	37	9.34317e-05	10703	0.999513	FALSE	ORF1ab:cds-YP_009724389.1	AAT	N	AAC	N	3540
NC_045512.2	10885	T	C	10701	10260	37	1	1	37	9.34317e-05	10703	0.999513	FALSE	ORF1ab:cds-YP_009725295.1	AAT	N	AAC	N	3540
NC_045512.2	10886	G	T	10622	10188	38	1	1	37	9.40999e-05	10627	0.999512	FALSE	ORF1ab:cds-YP_009724389.1	GGA	G	TGA	*	3541
NC_045512.2	10886	G	T	10622	10188	38	1	1	37	9.40999e-05	10627	0.999512	FALSE	ORF1ab:cds-YP_009725295.1	GGA	G	TGA	*	3541
NC_045512.2	10886	G	C	10622	10188	38	3	0	37	0.0002823	10627	0.988784	FALSE	ORF1ab:cds-YP_009724389.1	GGA	G	CGA	R	3541
NC_045512.2	10886	G	C	10622	10188	38	3	0	37	0.0002823	10627	0.988784	FALSE	ORF1ab:cds-YP_009725295.1	GGA	G	CGA	R	3541
NC_045512.2	10886	G	A	10622	10188	38	1	1	37	9.40999e-05	10627	0.999512	FALSE	ORF1ab:cds-YP_009724389.1	GGA	G	AGA	R	3541
NC_045512.2	10886	G	A	10622	10188	38	1	1	37	9.40999e-05	10627	0.999512	FALSE	ORF1ab:cds-YP_009725295.1	GGA	G	AGA	R	3541
NC_045512.2	10887	G	T	10240	9861	38	1	1	37	9.76276e-05	10243	0.999513	FALSE	ORF1ab:cds-YP_009724389.1	GGA	G	GTA	V	3541
NC_045512.2	10887	G	T	10240	9861	38	1	1	37	9.76276e-05	10243	0.999513	FALSE	ORF1ab:cds-YP_009725295.1	GGA	G	GTA	V	3541
NC_045512.2	10887	G	A	10240	9861	38	2	2	29	0.000195255	10243	1	FALSE	ORF1ab:cds-YP_009724389.1	GGA	G	GAA	E	3541
NC_045512.2	10887	G	A	10240	9861	38	2	2	29	0.000195255	10243	1	FALSE	ORF1ab:cds-YP_009725295.1	GGA	G	GAA	E	3541
NC_045512.2	10888	A	G	10135	9756	38	1	1	37	9.86582e-05	10136	0.999513	FALSE	ORF1ab:cds-YP_009724389.1	GGA	G	GGG	G	3541
NC_045512.2	10888	A	G	10135	9756	38	1	1	37	9.86582e-05	10136	0.999513	FALSE	ORF1ab:cds-YP_009725295.1	GGA	G	GGG	G	3541
NC_045512.2	10889	C	T	10211	9850	38	2	2	37	0.000195829	10213	0.996835	FALSE	ORF1ab:cds-YP_009724389.1	CGT	R	TGT	C	3542
NC_045512.2	10889	C	T	10211	9850	38	2	2	37	0.000195829	10213	0.996835	FALSE	ORF1ab:cds-YP_009725295.1	CGT	R	TGT	C	3542
NC_045512.2	10890	G	C	10203	9845	38	1	1	25	9.79432e-05	10210	1	FALSE	ORF1ab:cds-YP_009724389.1	CGT	R	CCT	P	3542
NC_045512.2	10890	G	C	10203	9845	38	1	1	25	9.79432e-05	10210	1	FALSE	ORF1ab:cds-YP_009725295.1	CGT	R	CCT	P	3542
NC_045512.2	10890	G	A	10203	9845	38	6	6	37	0.000587659	10210	0.895033	FALSE	ORF1ab:cds-YP_009724389.1	CGT	R	CAT	H	3542
NC_045512.2	10890	G	A	10203	9845	38	6	6	37	0.000587659	10210	0.895033	FALSE	ORF1ab:cds-YP_009725295.1	CGT	R	CAT	H	3542
NC_045512.2	10891	T	G	9752	9399	37	1	1	37	0.000102533	9753	0.999026	FALSE	ORF1ab:cds-YP_009724389.1	CGT	R	CGG	R	3542
NC_045512.2	10891	T	G	9752	9399	37	1	1	37	0.000102533	9753	0.999026	FALSE	ORF1ab:cds-YP_009725295.1	CGT	R	CGG	R	3542
NC_045512.2	10892	A	G	9976	9627	38	1	1	37	0.000100231	9977	0.999026	FALSE	ORF1ab:cds-YP_009724389.1	ACC	T	GCC	A	3543
NC_045512.2	10892	A	G	9976	9627	38	1	1	37	0.000100231	9977	0.999026	FALSE	ORF1ab:cds-YP_009725295.1	ACC	T	GCC	A	3543
NC_045512.2	10893	C	A	10019	9671	38	1	1	37	9.98004e-05	10020	0.999513	FALSE	ORF1ab:cds-YP_009724389.1	ACC	T	AAC	N	3543
NC_045512.2	10893	C	A	10019	9671	38	1	1	37	9.98004e-05	10020	0.999513	FALSE	ORF1ab:cds-YP_009725295.1	ACC	T	AAC	N	3543
NC_045512.2	10952	T	G	348	82	43	1	1	37	0.00286533	349	0.500717	FALSE	ORF1ab:cds-YP_009724389.1	TGC	C	GGC	G	3563
NC_045512.2	10952	T	G	348	82	43	1	1	37	0.00286533	349	0.500717	FALSE	ORF1ab:cds-YP_009725295.1	TGC	C	GGC	G	3563
NC_045512.2	10957	A	C	361	93	44	1	0	37	0.00276243	362	0.500692	FALSE	ORF1ab:cds-YP_009724389.1	TCA	S	TCC	S	3564
NC_045512.2	10957	A	C	361	93	44	1	0	37	0.00276243	362	0.500692	FALSE	ORF1ab:cds-YP_009725295.1	TCA	S	TCC	S	3564
NC_045512.2	10958	G	A	372	95	44	1	0	37	0.00268097	373	0.500671	FALSE	ORF1ab:cds-YP_009724389.1	GGT	G	AGT	S	3565
NC_045512.2	10958	G	A	372	95	44	1	0	37	0.00268097	373	0.500671	FALSE	ORF1ab:cds-YP_009725295.1	GGT	G	AGT	S	3565
NC_045512.2	10961	G	A	372	93	44	1	0	29	0.00268097	373	0.938337	FALSE	ORF1ab:cds-YP_009724389.1	GTT	V	ATT	I	3566
NC_045512.2	10961	G	A	372	93	44	1	0	29	0.00268097	373	0.938337	FALSE	ORF1ab:cds-YP_009725295.1	GTT	V	ATT	I	3566
NC_045512.2	10967	T	C	374	128	47	1	0	37	0.00266667	375	0.500668	FALSE	ORF1ab:cds-YP_009724389.1	TTC	F	CTC	L	3568
NC_045512.2	10967	T	C	374	128	47	1	0	37	0.00266667	375	0.500668	FALSE	ORF1ab:cds-YP_009725295.1	TTC	F	CTC	L	3568
NC_045512.2	10976	G	A	375	134	47	1	0	37	0.00265957	376	0.500666	FALSE	ORF1ab:cds-YP_009724389.1	GCA	A	ACA	T	3571
NC_045512.2	10976	G	A	375	134	47	1	0	37	0.00265957	376	0.500666	FALSE	ORF1ab:cds-YP_009725295.1	GCA	A	ACA	T	3571
NC_045512.2	11013	T	G	372	138	39	1	1	37	0.00268097	373	0.500671	FALSE	ORF1ab:cds-YP_009724389.1	TTG	L	TGG	W	3583
NC_045512.2	11013	T	G	372	138	39	1	1	37	0.00268097	373	0.500671	FALSE	ORF1ab:cds-YP_009725295.1	TTG	L	TGG	W	3583
NC_045512.2	11046	T	C	382	209	42	1	0	37	0.00261097	383	0.500654	FALSE	ORF1ab:cds-YP_009724389.1	TTA	L	TCA	S	3594
NC_045512.2	11046	T	C	382	209	42	1	0	37	0.00261097	383	0.500654	FALSE	ORF1ab:cds-YP_009725295.1	TTA	L	TCA	S	3594
NC_045512.2	11047	A	G	384	210	42	1	0	37	0.0025974	385	0.50065	FALSE	ORF1ab:cds-YP_009724389.1	TTA	L	TTG	L	3594
NC_045512.2	11047	A	G	384	210	42	1	0	37	0.0025974	385	0.50065	FALSE	ORF1ab:cds-YP_009725295.1	TTA	L	TTG	L	3594
NC_045512.2	11052	A	T	339	202	40	1	0	37	0.00294118	340	0.500736	FALSE	ORF1ab:cds-YP_009724389.1	CAG	Q	CTG	L	3596
NC_045512.2	11052	A	T	339	202	40	1	0	37	0.00294118	340	0.500736	FALSE	ORF1ab:cds-YP_009725295.1	CAG	Q	CTG	L	3596
NC_045512.2	11055	G	A	378	202	40	1	0	37	0.00263852	379	0.500661	FALSE	ORF1ab:cds-YP_009724389.1	AGT	S	AAT	N	3597
NC_045512.2	11055	G	A	378	202	40	1	0	37	0.00263852	379	0.500661	FALSE	ORF1ab:cds-YP_009725295.1	AGT	S	AAT	N	3597
NC_045512.2	11068	T	A	320	162	40	1	0	74	0.00311526	321	0.50078	FALSE	ORF1ab:cds-YP_009724389.1	TCT	S	TCA	S	3601
NC_045512.2	11068	T	A	320	162	40	1	0	74	0.00311526	321	0.50078	FALSE	ORF1ab:cds-YP_009725295.1	TCT	S	TCA	S	3601
NC_045512.2	11074	C	-T	332	173	43	1	0	20	0.00301205	332	0.938811	FALSE	NA	NA	NA	NA	NA	NA
NC_045512.2	11074	C	+T	332	173	43	2	0	20	0.0060241	332	0.81625	FALSE	NA	NA	NA	NA	NA	NA
NC_045512.2	11095	C	-T	327	190	42	1	0	20	0.0030581	327	0.938831	FALSE	NA	NA	NA	NA	NA	NA
NC_045512.2	11103	C	-T	334	230	43	1	0	20	0.00299401	334	0.938804	FALSE	NA	NA	NA	NA	NA	NA
NC_045512.2	11111	A	T	364	301	42	1	1	25	0.00273973	365	0.938356	FALSE	ORF1ab:cds-YP_009724389.1	ATG	M	TTG	L	3616
NC_045512.2	11111	A	T	364	301	42	1	1	25	0.00273973	365	0.938356	FALSE	ORF1ab:cds-YP_009725295.1	ATG	M	TTG	L	3616
NC_045512.2	11123	G	A	324	262	43	1	1	37	0.00307692	325	0.50077	FALSE	ORF1ab:cds-YP_009724389.1	GCT	A	ACT	T	3620
NC_045512.2	11123	G	A	324	262	43	1	1	37	0.00307692	325	0.50077	FALSE	ORF1ab:cds-YP_009725295.1	GCT	A	ACT	T	3620
NC_045512.2	11124	C	T	308	247	44	1	0	74	0.00323625	309	0.50081	FALSE	ORF1ab:cds-YP_009724389.1	GCT	A	GTT	V	3620
NC_045512.2	11124	C	T	308	247	44	1	0	74	0.00323625	309	0.50081	FALSE	ORF1ab:cds-YP_009725295.1	GCT	A	GTT	V	3620
NC_045512.2	11133	C	T	286	227	44	1	1	37	0.00348432	287	0.500873	FALSE	ORF1ab:cds-YP_009724389.1	GCT	A	GTT	V	3623
NC_045512.2	11133	C	T	286	227	44	1	1	37	0.00348432	287	0.500873	FALSE	ORF1ab:cds-YP_009725295.1	GCT	A	GTT	V	3623
NC_045512.2	11167	A	T	225	208	38	1	1	25	0.00442478	226	0.876661	FALSE	ORF1ab:cds-YP_009724389.1	GCA	A	GCT	A	3634
NC_045512.2	11167	A	T	225	208	38	1	1	25	0.00442478	226	0.876661	FALSE	ORF1ab:cds-YP_009725295.1	GCA	A	GCT	A	3634
NC_045512.2	11176	T	C	192	176	38	1	1	37	0.00518135	193	0.501299	FALSE	ORF1ab:cds-YP_009724389.1	TGT	C	TGC	C	3637
NC_045512.2	11176	T	C	192	176	38	1	1	37	0.00518135	193	0.501299	FALSE	ORF1ab:cds-YP_009725295.1	TGT	C	TGC	C	3637
NC_045512.2	11186	T	C	353	182	36	1	1	37	0.00280899	356	0.499295	FALSE	ORF1ab:cds-YP_009724389.1	TTA	L	CTA	L	3641
NC_045512.2	11186	T	C	353	182	36	1	1	37	0.00280899	356	0.499295	FALSE	ORF1ab:cds-YP_009725295.1	TTA	L	CTA	L	3641
NC_045512.2	11186	T	A	353	182	36	2	1	37	0.00561798	356	0.249647	FALSE	ORF1ab:cds-YP_009724389.1	TTA	L	ATA	I	3641
NC_045512.2	11186	T	A	353	182	36	2	1	37	0.00561798	356	0.249647	FALSE	ORF1ab:cds-YP_009725295.1	TTA	L	ATA	I	3641
NC_045512.2	11188	A	G	375	192	37	1	0	37	0.00265957	376	0.500666	FALSE	ORF1ab:cds-YP_009724389.1	TTA	L	TTG	L	3641
NC_045512.2	11188	A	G	375	192	37	1	0	37	0.00265957	376	0.500666	FALSE	ORF1ab:cds-YP_009725295.1	TTA	L	TTG	L	3641
NC_045512.2	11193	C	T	474	194	37	1	0	37	0.00210526	475	0.500527	FALSE	ORF1ab:cds-YP_009724389.1	TCT	S	TTT	F	3643
NC_045512.2	11193	C	T	474	194	37	1	0	37	0.00210526	475	0.500527	FALSE	ORF1ab:cds-YP_009725295.1	TCT	S	TTT	F	3643
NC_045512.2	11199	C	T	325	39	38	2	0	37	0.00611621	327	0.250383	FALSE	ORF1ab:cds-YP_009724389.1	GCC	A	GTC	V	3645
NC_045512.2	11199	C	T	325	39	38	2	0	37	0.00611621	327	0.250383	FALSE	ORF1ab:cds-YP_009725295.1	GCC	A	GTC	V	3645
NC_045512.2	11225	T	C	716	80	39	1	1	74	0.0013947	717	0.500349	FALSE	ORF1ab:cds-YP_009724389.1	TAT	Y	CAT	H	3654
NC_045512.2	11225	T	C	716	80	39	1	1	74	0.0013947	717	0.500349	FALSE	ORF1ab:cds-YP_009725295.1	TAT	Y	CAT	H	3654
NC_045512.2	11231	C	T	742	106	40	1	0	37	0.0013459	743	0.500337	FALSE	ORF1ab:cds-YP_009724389.1	CCT	P	TCT	S	3656
NC_045512.2	11231	C	T	742	106	40	1	0	37	0.0013459	743	0.500337	FALSE	ORF1ab:cds-YP_009725295.1	CCT	P	TCT	S	3656
NC_045512.2	11233	T	C	746	110	41	1	0	37	0.00133869	747	0.500335	FALSE	ORF1ab:cds-YP_009724389.1	CCT	P	CCC	P	3656
NC_045512.2	11233	T	C	746	110	41	1	0	37	0.00133869	747	0.500335	FALSE	ORF1ab:cds-YP_009725295.1	CCT	P	CCC	P	3656
NC_045512.2	11242	G	A	795	129	41	1	0	37	0.00125628	796	0.500314	FALSE	ORF1ab:cds-YP_009724389.1	TGG	W	TGA	*	3659
NC_045512.2	11242	G	A	795	129	41	1	0	37	0.00125628	796	0.500314	FALSE	ORF1ab:cds-YP_009725295.1	TGG	W	TGA	*	3659
NC_045512.2	11244	T	C	809	149	42	1	0	37	0.00123457	810	0.500309	FALSE	ORF1ab:cds-YP_009724389.1	GTG	V	GCG	A	3660
NC_045512.2	11244	T	C	809	149	42	1	0	37	0.00123457	810	0.500309	FALSE	ORF1ab:cds-YP_009725295.1	GTG	V	GCG	A	3660
NC_045512.2	11245	G	T	804	149	42	1	0	37	0.00124224	805	0.500311	FALSE	ORF1ab:cds-YP_009724389.1	GTG	V	GTT	V	3660
NC_045512.2	11245	G	T	804	149	42	1	0	37	0.00124224	805	0.500311	FALSE	ORF1ab:cds-YP_009725295.1	GTG	V	GTT	V	3660
NC_045512.2	11246	A	T	807	149	42	1	0	37	0.00123762	808	0.50031	FALSE	ORF1ab:cds-YP_009724389.1	ATG	M	TTG	L	3661
NC_045512.2	11246	A	T	807	149	42	1	0	37	0.00123762	808	0.50031	FALSE	ORF1ab:cds-YP_009725295.1	ATG	M	TTG	L	3661
NC_045512.2	11248	G	T	807	149	42	1	0	37	0.00123762	808	0.50031	FALSE	ORF1ab:cds-YP_009724389.1	ATG	M	ATT	I	3661
NC_045512.2	11248	G	T	807	149	42	1	0	37	0.00123762	808	0.50031	FALSE	ORF1ab:cds-YP_009725295.1	ATG	M	ATT	I	3661
NC_045512.2	11249	C	T	810	148	42	1	0	37	0.00123305	811	0.500308	FALSE	ORF1ab:cds-YP_009724389.1	CGT	R	TGT	C	3662
NC_045512.2	11249	C	T	810	148	42	1	0	37	0.00123305	811	0.500308	FALSE	ORF1ab:cds-YP_009725295.1	CGT	R	TGT	C	3662
NC_045512.2	11269	T	C	895	234	44	1	0	37	0.00111607	896	0.500279	FALSE	ORF1ab:cds-YP_009724389.1	GAT	D	GAC	D	3668
NC_045512.2	11269	T	C	895	234	44	1	0	37	0.00111607	896	0.500279	FALSE	ORF1ab:cds-YP_009725295.1	GAT	D	GAC	D	3668
NC_045512.2	11273	G	T	908	235	43	1	0	37	0.00110011	909	0.500275	FALSE	ORF1ab:cds-YP_009724389.1	GTT	V	TTT	F	3670
NC_045512.2	11273	G	T	908	235	43	1	0	37	0.00110011	909	0.500275	FALSE	ORF1ab:cds-YP_009725295.1	GTT	V	TTT	F	3670
NC_045512.2	11274	T	C	910	242	44	1	0	37	0.00109769	911	0.500275	FALSE	ORF1ab:cds-YP_009724389.1	GTT	V	GCT	A	3670
NC_045512.2	11274	T	C	910	242	44	1	0	37	0.00109769	911	0.500275	FALSE	ORF1ab:cds-YP_009725295.1	GTT	V	GCT	A	3670
NC_045512.2	11279	A	-CTAGTTTGT	934	283	45	1	0	20	0.00107066	934	0.999057	FALSE	NA	NA	NA	NA	NA	NA
NC_045512.2	11281	T	A	927	279	45	1	0	37	0.00107759	928	0.5	FALSE	ORF1ab:cds-YP_009724389.1	ACT	T	ACA	T	3672
NC_045512.2	11281	T	A	927	279	45	1	0	37	0.00107759	928	0.5	FALSE	ORF1ab:cds-YP_009725295.1	ACT	T	ACA	T	3672
NC_045512.2	11282	A	-GTTTGTCTG	917	274	45	1	0	20	0.00108932	918	0.999052	FALSE	NA	NA	NA	NA	NA	NA
NC_045512.2	11287	G	-TCTGGTTTT	902	276	45	812	0	20	0.899225	903	1.60111e-171	TRUE	NA	NA	NA	NA	NA	NA
NC_045512.2	11288	T	A	0	0	0	11	0	37	1	11	2.23646e-25	TRUE	ORF1ab:cds-YP_009724389.1	TCT	S	ACT	T	3675
NC_045512.2	11288	T	A	0	0	0	11	0	37	1	11	2.23646e-25	TRUE	ORF1ab:cds-YP_009725295.1	TCT	S	ACT	T	3675
NC_045512.2	11291	G	A	1	0	37	18	10	36	0.947368	19	1.67288e-36	TRUE	ORF1ab:cds-YP_009724389.1	GGT	G	AGT	S	3676
NC_045512.2	11291	G	A	1	0	37	18	10	36	0.947368	19	1.67288e-36	TRUE	ORF1ab:cds-YP_009725295.1	GGT	G	AGT	S	3676
NC_045512.2	11296	T	G	0	0	0	61	52	36	1	61	1.08337e-97	TRUE	ORF1ab:cds-YP_009724389.1	TTT	F	TTG	L	3677
NC_045512.2	11296	T	G	0	0	0	61	52	36	1	61	1.08337e-97	TRUE	ORF1ab:cds-YP_009725295.1	TTT	F	TTG	L	3677
NC_045512.2	11298	A	G	877	336	44	2	1	37	0.00227531	879	0.250142	FALSE	ORF1ab:cds-YP_009724389.1	AAG	K	AGG	R	3678
NC_045512.2	11298	A	G	877	336	44	2	1	37	0.00227531	879	0.250142	FALSE	ORF1ab:cds-YP_009725295.1	AAG	K	AGG	R	3678
NC_045512.2	11304	A	C	967	390	45	1	1	37	0.00103306	968	0.500258	FALSE	ORF1ab:cds-YP_009724389.1	AAA	K	ACA	T	3680
NC_045512.2	11304	A	C	967	390	45	1	1	37	0.00103306	968	0.500258	FALSE	ORF1ab:cds-YP_009725295.1	AAA	K	ACA	T	3680
NC_045512.2	11308	C	T	980	398	45	1	0	37	0.00101937	981	0.500255	FALSE	ORF1ab:cds-YP_009724389.1	GAC	D	GAT	D	3681
NC_045512.2	11308	C	T	980	398	45	1	0	37	0.00101937	981	0.500255	FALSE	ORF1ab:cds-YP_009725295.1	GAC	D	GAT	D	3681
NC_045512.2	11309	T	A	960	391	44	1	0	37	0.00104058	961	0.50026	FALSE	ORF1ab:cds-YP_009724389.1	TGT	C	AGT	S	3682
NC_045512.2	11309	T	A	960	391	44	1	0	37	0.00104058	961	0.50026	FALSE	ORF1ab:cds-YP_009725295.1	TGT	C	AGT	S	3682
NC_045512.2	11322	C	T	998	379	44	1	0	37	0.001001	999	0.50025	FALSE	ORF1ab:cds-YP_009724389.1	GCA	A	GTA	V	3686
NC_045512.2	11322	C	T	998	379	44	1	0	37	0.001001	999	0.50025	FALSE	ORF1ab:cds-YP_009725295.1	GCA	A	GTA	V	3686
NC_045512.2	11325	C	T	1019	393	44	2	1	31	0.00195886	1021	0.500368	FALSE	ORF1ab:cds-YP_009724389.1	TCA	S	TTA	L	3687
NC_045512.2	11325	C	T	1019	393	44	2	1	31	0.00195886	1021	0.500368	FALSE	ORF1ab:cds-YP_009725295.1	TCA	S	TTA	L	3687
NC_045512.2	11327	G	A	1071	405	44	2	2	37	0.00186393	1073	0.50035	FALSE	ORF1ab:cds-YP_009724389.1	GCT	A	ACT	T	3688
NC_045512.2	11327	G	A	1071	405	44	2	2	37	0.00186393	1073	0.50035	FALSE	ORF1ab:cds-YP_009725295.1	GCT	A	ACT	T	3688
NC_045512.2	11328	C	T	1079	407	44	1	0	37	0.000925926	1080	0.750347	FALSE	ORF1ab:cds-YP_009724389.1	GCT	A	GTT	V	3688
NC_045512.2	11328	C	T	1079	407	44	1	0	37	0.000925926	1080	0.750347	FALSE	ORF1ab:cds-YP_009725295.1	GCT	A	GTT	V	3688
NC_045512.2	11329	T	C	834	316	43	249	92	45	0.229917	1083	1.21271e-82	TRUE	ORF1ab:cds-YP_009724389.1	GCT	A	GCC	A	3688
NC_045512.2	11329	T	C	834	316	43	249	92	45	0.229917	1083	1.21271e-82	TRUE	ORF1ab:cds-YP_009725295.1	GCT	A	GCC	A	3688
NC_045512.2	11336	T	C	937	470	40	1	0	37	0.0010661	938	0.500267	FALSE	ORF1ab:cds-YP_009724389.1	TTA	L	CTA	L	3691
NC_045512.2	11336	T	C	937	470	40	1	0	37	0.0010661	938	0.500267	FALSE	ORF1ab:cds-YP_009725295.1	TTA	L	CTA	L	3691
NC_045512.2	11338	A	G	959	467	40	1	1	37	0.00104167	960	0.500261	FALSE	ORF1ab:cds-YP_009724389.1	TTA	L	TTG	L	3691
NC_045512.2	11338	A	G	959	467	40	1	1	37	0.00104167	960	0.500261	FALSE	ORF1ab:cds-YP_009725295.1	TTA	L	TTG	L	3691
NC_045512.2	11341	A	G	945	468	39	1	0	37	0.00105708	946	0.500264	FALSE	ORF1ab:cds-YP_009724389.1	CTA	L	CTG	L	3692
NC_045512.2	11341	A	G	945	468	39	1	0	37	0.00105708	946	0.500264	FALSE	ORF1ab:cds-YP_009725295.1	CTA	L	CTG	L	3692
NC_045512.2	11343	T	G	963	484	40	1	1	37	0.00103627	965	0.5	FALSE	ORF1ab:cds-YP_009724389.1	ATC	I	AGC	S	3693
NC_045512.2	11343	T	G	963	484	40	1	1	37	0.00103627	965	0.5	FALSE	ORF1ab:cds-YP_009725295.1	ATC	I	AGC	S	3693
NC_045512.2	11343	T	C	963	484	40	1	1	37	0.00103627	965	0.5	FALSE	ORF1ab:cds-YP_009724389.1	ATC	I	ACC	T	3693
NC_045512.2	11343	T	C	963	484	40	1	1	37	0.00103627	965	0.5	FALSE	ORF1ab:cds-YP_009725295.1	ATC	I	ACC	T	3693
NC_045512.2	11344	C	T	981	483	40	1	0	37	0.00101833	982	0.500255	FALSE	ORF1ab:cds-YP_009724389.1	ATC	I	ATT	I	3693
NC_045512.2	11344	C	T	981	483	40	1	0	37	0.00101833	982	0.500255	FALSE	ORF1ab:cds-YP_009725295.1	ATC	I	ATT	I	3693
NC_045512.2	11345	C	T	977	482	40	1	1	37	0.00102249	978	0.500256	FALSE	ORF1ab:cds-YP_009724389.1	CTT	L	TTT	F	3694
NC_045512.2	11345	C	T	977	482	40	1	1	37	0.00102249	978	0.500256	FALSE	ORF1ab:cds-YP_009725295.1	CTT	L	TTT	F	3694
NC_045512.2	11352	C	T	997	525	41	1	1	62	0.001002	998	0.500251	FALSE	ORF1ab:cds-YP_009724389.1	ACA	T	ATA	I	3696
NC_045512.2	11352	C	T	997	525	41	1	1	62	0.001002	998	0.500251	FALSE	ORF1ab:cds-YP_009725295.1	ACA	T	ATA	I	3696
NC_045512.2	11353	A	+G	986	497	41	1	0	20	0.0010142	986	0.999055	FALSE	NA	NA	NA	NA	NA	NA
NC_045512.2	11354	G	A	984	494	40	1	0	37	0.00101523	985	0.500254	FALSE	ORF1ab:cds-YP_009724389.1	GCA	A	ACA	T	3697
NC_045512.2	11354	G	A	984	494	40	1	0	37	0.00101523	985	0.500254	FALSE	ORF1ab:cds-YP_009725295.1	GCA	A	ACA	T	3697
NC_045512.2	11356	A	G	997	508	41	1	0	37	0.001002	998	0.500251	FALSE	ORF1ab:cds-YP_009724389.1	GCA	A	GCG	A	3697
NC_045512.2	11356	A	G	997	508	41	1	0	37	0.001002	998	0.500251	FALSE	ORF1ab:cds-YP_009725295.1	GCA	A	GCG	A	3697
NC_045512.2	11366	T	C	1048	532	41	1	1	37	0.000953289	1049	0.750358	FALSE	ORF1ab:cds-YP_009724389.1	TAT	Y	CAT	H	3701
NC_045512.2	11366	T	C	1048	532	41	1	1	37	0.000953289	1049	0.750358	FALSE	ORF1ab:cds-YP_009725295.1	TAT	Y	CAT	H	3701
NC_045512.2	11373	A	G	958	464	41	1	0	25	0.00104275	959	0.999051	FALSE	ORF1ab:cds-YP_009724389.1	GAT	D	GGT	G	3703
NC_045512.2	11373	A	G	958	464	41	1	0	25	0.00104275	959	0.999051	FALSE	ORF1ab:cds-YP_009725295.1	GAT	D	GGT	G	3703
NC_045512.2	11377	T	A	975	474	40	1	1	37	0.00102459	976	0.500256	FALSE	ORF1ab:cds-YP_009724389.1	GGT	G	GGA	G	3704
NC_045512.2	11377	T	A	975	474	40	1	1	37	0.00102459	976	0.500256	FALSE	ORF1ab:cds-YP_009725295.1	GGT	G	GGA	G	3704
NC_045512.2	11378	G	A	973	475	41	4	4	37	0.00409417	977	0.0624358	FALSE	ORF1ab:cds-YP_009724389.1	GCT	A	ACT	T	3705
NC_045512.2	11378	G	A	973	475	41	4	4	37	0.00409417	977	0.0624358	FALSE	ORF1ab:cds-YP_009725295.1	GCT	A	ACT	T	3705
NC_045512.2	11379	C	T	1051	596	43	1	1	74	0.00095057	1052	0.500238	FALSE	ORF1ab:cds-YP_009724389.1	GCT	A	GTT	V	3705
NC_045512.2	11379	C	T	1051	596	43	1	1	74	0.00095057	1052	0.500238	FALSE	ORF1ab:cds-YP_009725295.1	GCT	A	GTT	V	3705
NC_045512.2	11380	T	C	1045	591	43	1	1	74	0.000956023	1046	0.500239	FALSE	ORF1ab:cds-YP_009724389.1	GCT	A	GCC	A	3705
NC_045512.2	11380	T	C	1045	591	43	1	1	74	0.000956023	1046	0.500239	FALSE	ORF1ab:cds-YP_009725295.1	GCT	A	GCC	A	3705
NC_045512.2	11381	A	G	1062	607	43	1	1	37	0.000940734	1063	0.750353	FALSE	ORF1ab:cds-YP_009724389.1	AGG	R	GGG	G	3706
NC_045512.2	11381	A	G	1062	607	43	1	1	37	0.000940734	1063	0.750353	FALSE	ORF1ab:cds-YP_009725295.1	AGG	R	GGG	G	3706
NC_045512.2	11395	A	G	996	582	44	1	1	37	0.00100301	997	0.500251	FALSE	ORF1ab:cds-YP_009724389.1	ACA	T	ACG	T	3710
NC_045512.2	11395	A	G	996	582	44	1	1	37	0.00100301	997	0.500251	FALSE	ORF1ab:cds-YP_009725295.1	ACA	T	ACG	T	3710
NC_045512.2	11397	T	C	984	545	44	1	0	37	0.00101523	985	0.500254	FALSE	ORF1ab:cds-YP_009724389.1	CTT	L	CCT	P	3711
NC_045512.2	11397	T	C	984	545	44	1	0	37	0.00101523	985	0.500254	FALSE	ORF1ab:cds-YP_009725295.1	CTT	L	CCT	P	3711
NC_045512.2	11403	A	+TC	959	577	43	3	0	20	0.00312826	959	0.981336	FALSE	NA	NA	NA	NA	NA	NA
NC_045512.2	11412	C	A	977	707	46	1	1	74	0.00102249	978	0.500256	FALSE	ORF1ab:cds-YP_009724389.1	ACA	T	AAA	K	3716
NC_045512.2	11412	C	A	977	707	46	1	1	74	0.00102249	978	0.500256	FALSE	ORF1ab:cds-YP_009725295.1	ACA	T	AAA	K	3716
NC_045512.2	11417	G	A	1000	780	48	1	1	37	0.000999001	1001	0.750375	FALSE	ORF1ab:cds-YP_009724389.1	GTT	V	ATT	I	3718
NC_045512.2	11417	G	A	1000	780	48	1	1	37	0.000999001	1001	0.750375	FALSE	ORF1ab:cds-YP_009725295.1	GTT	V	ATT	I	3718
NC_045512.2	11425	A	G	1001	826	48	1	1	25	0.000998004	1002	0.999528	FALSE	ORF1ab:cds-YP_009724389.1	AAA	K	AAG	K	3720
NC_045512.2	11425	A	G	1001	826	48	1	1	25	0.000998004	1002	0.999528	FALSE	ORF1ab:cds-YP_009725295.1	AAA	K	AAG	K	3720
NC_045512.2	11428	T	C	995	852	46	1	1	37	0.00100402	996	0.500251	FALSE	ORF1ab:cds-YP_009724389.1	GTT	V	GTC	V	3721
NC_045512.2	11428	T	C	995	852	46	1	1	37	0.00100402	996	0.500251	FALSE	ORF1ab:cds-YP_009725295.1	GTT	V	GTC	V	3721
NC_045512.2	11430	A	T	991	854	46	1	1	37	0.00100806	992	0.500252	FALSE	ORF1ab:cds-YP_009724389.1	TAT	Y	TTT	F	3722
NC_045512.2	11430	A	T	991	854	46	1	1	37	0.00100806	992	0.500252	FALSE	ORF1ab:cds-YP_009725295.1	TAT	Y	TTT	F	3722
NC_045512.2	11431	T	C	993	858	46	2	2	25	0.00201005	995	0.994275	FALSE	ORF1ab:cds-YP_009724389.1	TAT	Y	TAC	Y	3722
NC_045512.2	11431	T	C	993	858	46	2	2	25	0.00201005	995	0.994275	FALSE	ORF1ab:cds-YP_009725295.1	TAT	Y	TAC	Y	3722
NC_045512.2	11438	A	G	948	833	45	2	2	37	0.00210526	950	0.250132	FALSE	ORF1ab:cds-YP_009724389.1	AAT	N	GAT	D	3725
NC_045512.2	11438	A	G	948	833	45	2	2	37	0.00210526	950	0.250132	FALSE	ORF1ab:cds-YP_009725295.1	AAT	N	GAT	D	3725
NC_045512.2	11439	A	G	933	822	45	1	1	37	0.00107066	934	0.500268	FALSE	ORF1ab:cds-YP_009724389.1	AAT	N	AGT	S	3725
NC_045512.2	11439	A	G	933	822	45	1	1	37	0.00107066	934	0.500268	FALSE	ORF1ab:cds-YP_009725295.1	AAT	N	AGT	S	3725
NC_045512.2	11441	G	A	971	860	46	1	1	37	0.00102881	972	0.500257	FALSE	ORF1ab:cds-YP_009724389.1	GCT	A	ACT	T	3726
NC_045512.2	11441	G	A	971	860	46	1	1	37	0.00102881	972	0.500257	FALSE	ORF1ab:cds-YP_009725295.1	GCT	A	ACT	T	3726
NC_045512.2	11442	C	G	961	851	45	1	1	37	0.0010395	962	0.50026	FALSE	ORF1ab:cds-YP_009724389.1	GCT	A	GGT	G	3726
NC_045512.2	11442	C	G	961	851	45	1	1	37	0.0010395	962	0.50026	FALSE	ORF1ab:cds-YP_009725295.1	GCT	A	GGT	G	3726
NC_045512.2	11444	T	C	940	833	45	1	0	37	0.0010627	941	0.500266	FALSE	ORF1ab:cds-YP_009724389.1	TTA	L	CTA	L	3727
NC_045512.2	11444	T	C	940	833	45	1	0	37	0.0010627	941	0.500266	FALSE	ORF1ab:cds-YP_009725295.1	TTA	L	CTA	L	3727
NC_045512.2	11446	A	G	938	842	44	1	1	74	0.00106496	939	0.500266	FALSE	ORF1ab:cds-YP_009724389.1	TTA	L	TTG	L	3727
NC_045512.2	11446	A	G	938	842	44	1	1	74	0.00106496	939	0.500266	FALSE	ORF1ab:cds-YP_009725295.1	TTA	L	TTG	L	3727
NC_045512.2	11454	C	T	854	769	44	1	1	25	0.00116959	855	0.998098	FALSE	ORF1ab:cds-YP_009724389.1	GCC	A	GTC	V	3730
NC_045512.2	11454	C	T	854	769	44	1	1	25	0.00116959	855	0.998098	FALSE	ORF1ab:cds-YP_009725295.1	GCC	A	GTC	V	3730
NC_045512.2	11465	T	C	783	728	42	1	1	37	0.00127551	784	0.500319	FALSE	ORF1ab:cds-YP_009724389.1	TGG	W	CGG	R	3734
NC_045512.2	11465	T	C	783	728	42	1	1	37	0.00127551	784	0.500319	FALSE	ORF1ab:cds-YP_009725295.1	TGG	W	CGG	R	3734
NC_045512.2	11496	A	C	486	471	38	1	0	37	0.00205339	487	0.500514	FALSE	ORF1ab:cds-YP_009724389.1	TAC	Y	TCC	S	3744
NC_045512.2	11496	A	C	486	471	38	1	0	37	0.00205339	487	0.500514	FALSE	ORF1ab:cds-YP_009725295.1	TAC	Y	TCC	S	3744
NC_045512.2	11816	C	T	1568	126	37	1	0	37	0.000637349	1569	0.75008	FALSE	ORF1ab:cds-YP_009724389.1	CCT	P	TCT	S	3851
NC_045512.2	11816	C	T	1568	126	37	1	0	37	0.000637349	1569	0.75008	FALSE	ORF1ab:cds-YP_009725295.1	CCT	P	TCT	S	3851
NC_045512.2	11817	C	A	1576	125	37	1	0	37	0.000634115	1577	0.750238	FALSE	ORF1ab:cds-YP_009724389.1	CCT	P	CAT	H	3851
NC_045512.2	11817	C	A	1576	125	37	1	0	37	0.000634115	1577	0.750238	FALSE	ORF1ab:cds-YP_009725295.1	CCT	P	CAT	H	3851
NC_045512.2	11819	T	C	1573	132	37	1	0	37	0.000635324	1574	0.750238	FALSE	ORF1ab:cds-YP_009724389.1	TGT	C	CGT	R	3852
NC_045512.2	11819	T	C	1573	132	37	1	0	37	0.000635324	1574	0.750238	FALSE	ORF1ab:cds-YP_009725295.1	TGT	C	CGT	R	3852
NC_045512.2	11821	T	C	1799	133	37	1	0	37	0.000555556	1800	0.750208	FALSE	ORF1ab:cds-YP_009724389.1	TGT	C	TGC	C	3852
NC_045512.2	11821	T	C	1799	133	37	1	0	37	0.000555556	1800	0.750208	FALSE	ORF1ab:cds-YP_009725295.1	TGT	C	TGC	C	3852
NC_045512.2	11824	C	-A	1820	145	37	1	0	20	0.000549451	1820	0.999998	FALSE	NA	NA	NA	NA	NA	NA
NC_045512.2	11827	A	G	1982	165	37	1	0	37	0.000504286	1983	0.750189	FALSE	ORF1ab:cds-YP_009724389.1	AAA	K	AAG	K	3854
NC_045512.2	11827	A	G	1982	165	37	1	0	37	0.000504286	1983	0.750189	FALSE	ORF1ab:cds-YP_009725295.1	AAA	K	AAG	K	3854
NC_045512.2	11832	C	T	3239	174	37	9	1	35	0.00277094	3248	0.0728863	FALSE	ORF1ab:cds-YP_009724389.1	GCC	A	GTC	V	3856
NC_045512.2	11832	C	T	3239	174	37	9	1	35	0.00277094	3248	0.0728863	FALSE	ORF1ab:cds-YP_009725295.1	GCC	A	GTC	V	3856
NC_045512.2	11833	C	A	3225	177	37	35	0	36	0.0107362	3260	3.10708e-08	TRUE	ORF1ab:cds-YP_009724389.1	GCC	A	GCA	A	3856
NC_045512.2	11833	C	A	3225	177	37	35	0	36	0.0107362	3260	3.10708e-08	TRUE	ORF1ab:cds-YP_009725295.1	GCC	A	GCA	A	3856
NC_045512.2	11837	G	A	3877	217	38	3	0	37	0.000773196	3880	0.656431	FALSE	ORF1ab:cds-YP_009724389.1	GTA	V	ATA	I	3858
NC_045512.2	11837	G	A	3877	217	38	3	0	37	0.000773196	3880	0.656431	FALSE	ORF1ab:cds-YP_009725295.1	GTA	V	ATA	I	3858
NC_045512.2	11838	T	C	3881	224	38	1	0	37	0.000257599	3882	0.93758	FALSE	ORF1ab:cds-YP_009724389.1	GTA	V	GCA	A	3858
NC_045512.2	11838	T	C	3881	224	38	1	0	37	0.000257599	3882	0.93758	FALSE	ORF1ab:cds-YP_009725295.1	GTA	V	GCA	A	3858
NC_045512.2	11840	C	T	3909	223	38	3	1	49	0.000766871	3912	0.125	FALSE	ORF1ab:cds-YP_009724389.1	CAG	Q	TAG	*	3859
NC_045512.2	11840	C	T	3909	223	38	3	1	49	0.000766871	3912	0.125	FALSE	ORF1ab:cds-YP_009725295.1	CAG	Q	TAG	*	3859
NC_045512.2	11841	A	G	3886	229	37	1	1	37	0.000257202	3888	0.937548	FALSE	ORF1ab:cds-YP_009724389.1	CAG	Q	CGG	R	3859
NC_045512.2	11841	A	G	3886	229	37	1	1	37	0.000257202	3888	0.937548	FALSE	ORF1ab:cds-YP_009725295.1	CAG	Q	CGG	R	3859
NC_045512.2	11841	A	C	3886	229	37	1	0	37	0.000257202	3888	0.937548	FALSE	ORF1ab:cds-YP_009724389.1	CAG	Q	CCG	P	3859
NC_045512.2	11841	A	C	3886	229	37	1	0	37	0.000257202	3888	0.937548	FALSE	ORF1ab:cds-YP_009725295.1	CAG	Q	CCG	P	3859
NC_045512.2	11842	G	A	4910	250	38	3	0	37	0.000610625	4913	0.773605	FALSE	ORF1ab:cds-YP_009724389.1	CAG	Q	CAA	Q	3859
NC_045512.2	11842	G	A	4910	250	38	3	0	37	0.000610625	4913	0.773605	FALSE	ORF1ab:cds-YP_009725295.1	CAG	Q	CAA	Q	3859
NC_045512.2	11845	T	C	4949	269	38	1	0	22	0.000201979	4951	1	FALSE	ORF1ab:cds-YP_009724389.1	TCT	S	TCC	S	3860
NC_045512.2	11845	T	C	4949	269	38	1	0	22	0.000201979	4951	1	FALSE	ORF1ab:cds-YP_009725295.1	TCT	S	TCC	S	3860
NC_045512.2	11845	T	A	4949	269	38	1	0	37	0.000201979	4951	0.968782	FALSE	ORF1ab:cds-YP_009724389.1	TCT	S	TCA	S	3860
NC_045512.2	11845	T	A	4949	269	38	1	0	37	0.000201979	4951	0.968782	FALSE	ORF1ab:cds-YP_009725295.1	TCT	S	TCA	S	3860
NC_045512.2	11845	T	-A	4949	269	38	1	0	20	0.000201979	4951	1	FALSE	NA	NA	NA	NA	NA	NA
NC_045512.2	11847	A	G	4999	272	38	1	0	25	0.00019996	5001	1	FALSE	ORF1ab:cds-YP_009724389.1	AAA	K	AGA	R	3861
NC_045512.2	11847	A	G	4999	272	38	1	0	25	0.00019996	5001	1	FALSE	ORF1ab:cds-YP_009725295.1	AAA	K	AGA	R	3861
NC_045512.2	11847	A	C	4999	272	38	1	0	25	0.00019996	5001	1	FALSE	ORF1ab:cds-YP_009724389.1	AAA	K	ACA	T	3861
NC_045512.2	11847	A	C	4999	272	38	1	0	25	0.00019996	5001	1	FALSE	ORF1ab:cds-YP_009725295.1	AAA	K	ACA	T	3861
NC_045512.2	11849	A	G	4945	281	37	1	0	25	0.000202184	4946	1	FALSE	ORF1ab:cds-YP_009724389.1	ATG	M	GTG	V	3862
NC_045512.2	11849	A	G	4945	281	37	1	0	25	0.000202184	4946	1	FALSE	ORF1ab:cds-YP_009725295.1	ATG	M	GTG	V	3862
NC_045512.2	11850	T	C	5017	317	38	1	0	37	0.000199283	5018	0.984408	FALSE	ORF1ab:cds-YP_009724389.1	ATG	M	ACG	T	3862
NC_045512.2	11850	T	C	5017	317	38	1	0	37	0.000199283	5018	0.984408	FALSE	ORF1ab:cds-YP_009725295.1	ATG	M	ACG	T	3862
NC_045512.2	11851	G	A	5051	323	38	1	0	74	0.000197941	5052	0.500049	FALSE	ORF1ab:cds-YP_009724389.1	ATG	M	ATA	I	3862
NC_045512.2	11851	G	A	5051	323	38	1	0	74	0.000197941	5052	0.500049	FALSE	ORF1ab:cds-YP_009725295.1	ATG	M	ATA	I	3862
NC_045512.2	11853	C	T	5085	346	39	1	0	37	0.000196618	5086	0.984407	FALSE	ORF1ab:cds-YP_009724389.1	TCA	S	TTA	L	3863
NC_045512.2	11853	C	T	5085	346	39	1	0	37	0.000196618	5086	0.984407	FALSE	ORF1ab:cds-YP_009725295.1	TCA	S	TTA	L	3863
NC_045512.2	11855	G	A	5580	353	39	1	0	37	0.000179179	5581	0.984404	FALSE	ORF1ab:cds-YP_009724389.1	GAT	D	AAT	N	3864
NC_045512.2	11855	G	A	5580	353	39	1	0	37	0.000179179	5581	0.984404	FALSE	ORF1ab:cds-YP_009725295.1	GAT	D	AAT	N	3864
NC_045512.2	11857	T	C	5597	360	38	3	1	49	0.000535714	5600	0.125	FALSE	ORF1ab:cds-YP_009724389.1	GAT	D	GAC	D	3864
NC_045512.2	11857	T	C	5597	360	38	3	1	49	0.000535714	5600	0.125	FALSE	ORF1ab:cds-YP_009725295.1	GAT	D	GAC	D	3864
NC_045512.2	11859	T	A	5679	383	39	1	0	25	0.000176056	5680	1	FALSE	ORF1ab:cds-YP_009724389.1	GTA	V	GAA	E	3865
NC_045512.2	11859	T	A	5679	383	39	1	0	25	0.000176056	5680	1	FALSE	ORF1ab:cds-YP_009725295.1	GTA	V	GAA	E	3865
NC_045512.2	11860	A	G	5709	506	40	2	0	37	0.000350201	5711	0.937586	FALSE	ORF1ab:cds-YP_009724389.1	GTA	V	GTG	V	3865
NC_045512.2	11860	A	G	5709	506	40	2	0	37	0.000350201	5711	0.937586	FALSE	ORF1ab:cds-YP_009725295.1	GTA	V	GTG	V	3865
NC_045512.2	11861	A	C	5520	517	39	1	0	37	0.000181127	5521	0.984405	FALSE	ORF1ab:cds-YP_009724389.1	AAG	K	CAG	Q	3866
NC_045512.2	11861	A	C	5520	517	39	1	0	37	0.000181127	5521	0.984405	FALSE	ORF1ab:cds-YP_009725295.1	AAG	K	CAG	Q	3866
NC_045512.2	11863	G	T	6035	559	40	1	0	37	0.000165673	6036	0.992206	FALSE	ORF1ab:cds-YP_009724389.1	AAG	K	AAT	N	3866
NC_045512.2	11863	G	T	6035	559	40	1	0	37	0.000165673	6036	0.992206	FALSE	ORF1ab:cds-YP_009725295.1	AAG	K	AAT	N	3866
NC_045512.2	11865	G	A	6097	560	40	2	0	37	0.000327923	6099	0.964907	FALSE	ORF1ab:cds-YP_009724389.1	TGC	C	TAC	Y	3867
NC_045512.2	11865	G	A	6097	560	40	2	0	37	0.000327923	6099	0.964907	FALSE	ORF1ab:cds-YP_009725295.1	TGC	C	TAC	Y	3867
NC_045512.2	11866	C	T	6123	562	41	2	0	37	0.000326531	6125	0.964906	FALSE	ORF1ab:cds-YP_009724389.1	TGC	C	TGT	C	3867
NC_045512.2	11866	C	T	6123	562	41	2	0	37	0.000326531	6125	0.964906	FALSE	ORF1ab:cds-YP_009725295.1	TGC	C	TGT	C	3867
NC_045512.2	11867	A	T	6139	567	41	1	1	29	0.00016284	6141	1	FALSE	ORF1ab:cds-YP_009724389.1	ACA	T	TCA	S	3868
NC_045512.2	11867	A	T	6139	567	41	1	1	29	0.00016284	6141	1	FALSE	ORF1ab:cds-YP_009725295.1	ACA	T	TCA	S	3868
NC_045512.2	11867	A	G	6139	567	41	1	0	37	0.00016284	6141	0.992201	FALSE	ORF1ab:cds-YP_009724389.1	ACA	T	GCA	A	3868
NC_045512.2	11867	A	G	6139	567	41	1	0	37	0.00016284	6141	0.992201	FALSE	ORF1ab:cds-YP_009725295.1	ACA	T	GCA	A	3868
NC_045512.2	11868	C	T	6562	597	41	2	0	37	0.000304692	6564	0.964902	FALSE	ORF1ab:cds-YP_009724389.1	ACA	T	ATA	I	3868
NC_045512.2	11868	C	T	6562	597	41	2	0	37	0.000304692	6564	0.964902	FALSE	ORF1ab:cds-YP_009725295.1	ACA	T	ATA	I	3868
NC_045512.2	11870	T	C	7099	604	40	2	0	49	0.00028165	7101	0.250018	FALSE	ORF1ab:cds-YP_009724389.1	TCA	S	CCA	P	3869
NC_045512.2	11870	T	C	7099	604	40	2	0	49	0.00028165	7101	0.250018	FALSE	ORF1ab:cds-YP_009725295.1	TCA	S	CCA	P	3869
NC_045512.2	11873	G	A	7161	606	40	7	0	37	0.000976562	7168	0.60489	FALSE	ORF1ab:cds-YP_009724389.1	GTA	V	ATA	I	3870
NC_045512.2	11873	G	A	7161	606	40	7	0	37	0.000976562	7168	0.60489	FALSE	ORF1ab:cds-YP_009725295.1	GTA	V	ATA	I	3870
NC_045512.2	11875	A	G	7185	655	41	2	0	37	0.00027828	7187	0.980508	FALSE	ORF1ab:cds-YP_009724389.1	GTA	V	GTG	V	3870
NC_045512.2	11875	A	G	7185	655	41	2	0	37	0.00027828	7187	0.980508	FALSE	ORF1ab:cds-YP_009725295.1	GTA	V	GTG	V	3870
NC_045512.2	11876	G	A	7785	660	40	2	0	37	0.000256838	7787	0.980505	FALSE	ORF1ab:cds-YP_009724389.1	GTC	V	ATC	I	3871
NC_045512.2	11876	G	A	7785	660	40	2	0	37	0.000256838	7787	0.980505	FALSE	ORF1ab:cds-YP_009725295.1	GTC	V	ATC	I	3871
NC_045512.2	11878	C	-T	7860	663	41	1	0	20	0.000127226	7860	1	FALSE	NA	NA	NA	NA	NA	NA
NC_045512.2	11879	T	C	7859	817	42	3	1	49	0.000381582	7862	0.124976	FALSE	ORF1ab:cds-YP_009724389.1	TTA	L	CTA	L	3872
NC_045512.2	11879	T	C	7859	817	42	3	1	49	0.000381582	7862	0.124976	FALSE	ORF1ab:cds-YP_009725295.1	TTA	L	CTA	L	3872
NC_045512.2	11880	T	G	7849	846	42	1	1	37	0.000127389	7850	0.996103	FALSE	ORF1ab:cds-YP_009724389.1	TTA	L	TGA	*	3872
NC_045512.2	11880	T	G	7849	846	42	1	1	37	0.000127389	7850	0.996103	FALSE	ORF1ab:cds-YP_009725295.1	TTA	L	TGA	*	3872
NC_045512.2	11881	A	G	8017	872	42	1	0	37	0.000124719	8018	0.998052	FALSE	ORF1ab:cds-YP_009724389.1	TTA	L	TTG	L	3872
NC_045512.2	11881	A	G	8017	872	42	1	0	37	0.000124719	8018	0.998052	FALSE	ORF1ab:cds-YP_009725295.1	TTA	L	TTG	L	3872
NC_045512.2	11882	C	A	7988	874	42	1	0	37	0.000125172	7989	0.996103	FALSE	ORF1ab:cds-YP_009724389.1	CTC	L	ATC	I	3873
NC_045512.2	11882	C	A	7988	874	42	1	0	37	0.000125172	7989	0.996103	FALSE	ORF1ab:cds-YP_009725295.1	CTC	L	ATC	I	3873
NC_045512.2	11883	T	A	7984	876	42	1	0	37	0.000125235	7985	0.996103	FALSE	ORF1ab:cds-YP_009724389.1	CTC	L	CAC	H	3873
NC_045512.2	11883	T	A	7984	876	42	1	0	37	0.000125235	7985	0.996103	FALSE	ORF1ab:cds-YP_009725295.1	CTC	L	CAC	H	3873
NC_045512.2	11884	C	A	8007	989	43	1	0	37	0.000124875	8008	0.998052	FALSE	ORF1ab:cds-YP_009724389.1	CTC	L	CTA	L	3873
NC_045512.2	11884	C	A	8007	989	43	1	0	37	0.000124875	8008	0.998052	FALSE	ORF1ab:cds-YP_009725295.1	CTC	L	CTA	L	3873
NC_045512.2	11886	C	T	8053	1099	44	2	1	37	0.000248262	8056	0.989277	FALSE	ORF1ab:cds-YP_009724389.1	TCA	S	TTA	L	3874
NC_045512.2	11886	C	T	8053	1099	44	2	1	37	0.000248262	8056	0.989277	FALSE	ORF1ab:cds-YP_009725295.1	TCA	S	TTA	L	3874
NC_045512.2	11886	C	A	8053	1099	44	1	0	37	0.000124131	8056	0.99805	FALSE	ORF1ab:cds-YP_009724389.1	TCA	S	TAA	*	3874
NC_045512.2	11886	C	A	8053	1099	44	1	0	37	0.000124131	8056	0.99805	FALSE	ORF1ab:cds-YP_009725295.1	TCA	S	TAA	*	3874
NC_045512.2	11887	A	G	8060	1108	44	4	1	46	0.000496032	8064	0.0624922	FALSE	ORF1ab:cds-YP_009724389.1	TCA	S	TCG	S	3874
NC_045512.2	11887	A	G	8060	1108	44	4	1	46	0.000496032	8064	0.0624922	FALSE	ORF1ab:cds-YP_009725295.1	TCA	S	TCG	S	3874
NC_045512.2	11888	G	A	8119	1116	44	1	0	37	0.000123153	8120	0.998052	FALSE	ORF1ab:cds-YP_009724389.1	GTT	V	ATT	I	3875
NC_045512.2	11888	G	A	8119	1116	44	1	0	37	0.000123153	8120	0.998052	FALSE	ORF1ab:cds-YP_009725295.1	GTT	V	ATT	I	3875
NC_045512.2	11889	T	C	8092	1113	44	1	0	37	0.000123564	8093	0.998052	FALSE	ORF1ab:cds-YP_009724389.1	GTT	V	GCT	A	3875
NC_045512.2	11889	T	C	8092	1113	44	1	0	37	0.000123564	8093	0.998052	FALSE	ORF1ab:cds-YP_009725295.1	GTT	V	GCT	A	3875
NC_045512.2	11891	T	C	8116	1117	44	1	0	74	0.000123198	8117	0.500031	FALSE	ORF1ab:cds-YP_009724389.1	TTG	L	CTG	L	3876
NC_045512.2	11891	T	C	8116	1117	44	1	0	74	0.000123198	8117	0.500031	FALSE	ORF1ab:cds-YP_009725295.1	TTG	L	CTG	L	3876
NC_045512.2	11892	T	C	8150	1121	44	1	0	37	0.000122669	8152	0.998051	FALSE	ORF1ab:cds-YP_009724389.1	TTG	L	TCG	S	3876
NC_045512.2	11892	T	C	8150	1121	44	1	0	37	0.000122669	8152	0.998051	FALSE	ORF1ab:cds-YP_009725295.1	TTG	L	TCG	S	3876
NC_045512.2	11892	T	A	8150	1121	44	1	0	74	0.000122669	8152	0.5	FALSE	ORF1ab:cds-YP_009724389.1	TTG	L	TAG	*	3876
NC_045512.2	11892	T	A	8150	1121	44	1	0	74	0.000122669	8152	0.5	FALSE	ORF1ab:cds-YP_009725295.1	TTG	L	TAG	*	3876
NC_045512.2	11893	G	C	8118	1115	44	1	1	74	0.000123122	8122	0.499938	FALSE	ORF1ab:cds-YP_009724389.1	TTG	L	TTC	F	3876
NC_045512.2	11893	G	C	8118	1115	44	1	1	74	0.000123122	8122	0.499938	FALSE	ORF1ab:cds-YP_009725295.1	TTG	L	TTC	F	3876
NC_045512.2	11893	G	A	8118	1115	44	3	0	37	0.000369367	8122	0.96733	FALSE	ORF1ab:cds-YP_009724389.1	TTG	L	TTA	L	3876
NC_045512.2	11893	G	A	8118	1115	44	3	0	37	0.000369367	8122	0.96733	FALSE	ORF1ab:cds-YP_009725295.1	TTG	L	TTA	L	3876
NC_045512.2	11894	C	T	8204	1117	44	5	1	44	0.000609088	8209	0.0312405	FALSE	ORF1ab:cds-YP_009724389.1	CAA	Q	TAA	*	3877
NC_045512.2	11894	C	T	8204	1117	44	5	1	44	0.000609088	8209	0.0312405	FALSE	ORF1ab:cds-YP_009725295.1	CAA	Q	TAA	*	3877
NC_045512.2	11896	A	G	8155	1128	44	1	0	74	0.000122609	8156	0.500031	FALSE	ORF1ab:cds-YP_009724389.1	CAA	Q	CAG	Q	3877
NC_045512.2	11896	A	G	8155	1128	44	1	0	74	0.000122609	8156	0.500031	FALSE	ORF1ab:cds-YP_009725295.1	CAA	Q	CAG	Q	3877
NC_045512.2	11897	C	T	8183	1136	44	1	0	37	0.00012219	8184	0.998052	FALSE	ORF1ab:cds-YP_009724389.1	CAA	Q	TAA	*	3878
NC_045512.2	11897	C	T	8183	1136	44	1	0	37	0.00012219	8184	0.998052	FALSE	ORF1ab:cds-YP_009725295.1	CAA	Q	TAA	*	3878
NC_045512.2	11898	A	G	8088	1175	44	1	0	37	0.000123625	8089	0.998052	FALSE	ORF1ab:cds-YP_009724389.1	CAA	Q	CGA	R	3878
NC_045512.2	11898	A	G	8088	1175	44	1	0	37	0.000123625	8089	0.998052	FALSE	ORF1ab:cds-YP_009725295.1	CAA	Q	CGA	R	3878
NC_045512.2	11899	A	G	8531	1172	43	1	0	37	0.000117206	8532	0.998052	FALSE	ORF1ab:cds-YP_009724389.1	CAA	Q	CAG	Q	3878
NC_045512.2	11899	A	G	8531	1172	43	1	0	37	0.000117206	8532	0.998052	FALSE	ORF1ab:cds-YP_009725295.1	CAA	Q	CAG	Q	3878
NC_045512.2	11900	C	-TCAGAGTAGAATCATCATCTAAATTG	8532	1186	43	1	0	20	0.000117206	8532	1	FALSE	NA	NA	NA	NA	NA	NA
NC_045512.2	11901	T	C	8464	1202	43	2	0	37	0.000236239	8466	0.989276	FALSE	ORF1ab:cds-YP_009724389.1	CTC	L	CCC	P	3879
NC_045512.2	11901	T	C	8464	1202	43	2	0	37	0.000236239	8466	0.989276	FALSE	ORF1ab:cds-YP_009725295.1	CTC	L	CCC	P	3879
NC_045512.2	11903	A	G	8391	1233	43	2	0	37	0.000238294	8393	0.989276	FALSE	ORF1ab:cds-YP_009724389.1	AGA	R	GGA	G	3880
NC_045512.2	11903	A	G	8391	1233	43	2	0	37	0.000238294	8393	0.989276	FALSE	ORF1ab:cds-YP_009725295.1	AGA	R	GGA	G	3880
NC_045512.2	11908	A	G	8832	1247	42	2	1	55	0.000226321	8837	0.249901	FALSE	ORF1ab:cds-YP_009724389.1	GTA	V	GTG	V	3881
NC_045512.2	11908	A	G	8832	1247	42	2	1	55	0.000226321	8837	0.249901	FALSE	ORF1ab:cds-YP_009725295.1	GTA	V	GTG	V	3881
NC_045512.2	11908	A	C	8832	1247	42	3	0	37	0.000339482	8837	0.967299	FALSE	ORF1ab:cds-YP_009724389.1	GTA	V	GTC	V	3881
NC_045512.2	11908	A	C	8832	1247	42	3	0	37	0.000339482	8837	0.967299	FALSE	ORF1ab:cds-YP_009725295.1	GTA	V	GTC	V	3881
NC_045512.2	11909	G	T	8747	1281	42	1	0	25	0.000114299	8749	1	FALSE	ORF1ab:cds-YP_009724389.1	GAA	E	TAA	*	3882
NC_045512.2	11909	G	T	8747	1281	42	1	0	25	0.000114299	8749	1	FALSE	ORF1ab:cds-YP_009725295.1	GAA	E	TAA	*	3882
NC_045512.2	11909	G	A	8747	1281	42	1	0	37	0.000114299	8749	0.99805	FALSE	ORF1ab:cds-YP_009724389.1	GAA	E	AAA	K	3882
NC_045512.2	11909	G	A	8747	1281	42	1	0	37	0.000114299	8749	0.99805	FALSE	ORF1ab:cds-YP_009725295.1	GAA	E	AAA	K	3882
NC_045512.2	11910	A	T	8801	1289	42	1	0	74	0.000113611	8802	0.5	FALSE	ORF1ab:cds-YP_009724389.1	GAA	E	GTA	V	3882
NC_045512.2	11910	A	T	8801	1289	42	1	0	74	0.000113611	8802	0.5	FALSE	ORF1ab:cds-YP_009725295.1	GAA	E	GTA	V	3882
NC_045512.2	11911	A	T	8632	1306	42	1	1	74	0.000115835	8633	0.5	FALSE	ORF1ab:cds-YP_009724389.1	GAA	E	GAT	D	3882
NC_045512.2	11911	A	T	8632	1306	42	1	1	74	0.000115835	8633	0.5	FALSE	ORF1ab:cds-YP_009725295.1	GAA	E	GAT	D	3882
NC_045512.2	11912	T	C	8689	1311	42	1	0	37	0.000115075	8690	0.998051	FALSE	ORF1ab:cds-YP_009724389.1	TCA	S	CCA	P	3883
NC_045512.2	11912	T	C	8689	1311	42	1	0	37	0.000115075	8690	0.998051	FALSE	ORF1ab:cds-YP_009725295.1	TCA	S	CCA	P	3883
NC_045512.2	11913	C	A	8676	1245	42	38	6	40	0.0043608	8714	3.49385e-12	TRUE	ORF1ab:cds-YP_009724389.1	TCA	S	TAA	*	3883
NC_045512.2	11913	C	A	8676	1245	42	38	6	40	0.0043608	8714	3.49385e-12	TRUE	ORF1ab:cds-YP_009725295.1	TCA	S	TAA	*	3883
NC_045512.2	11914	A	T	8611	1244	42	1	1	37	0.000116104	8613	0.99805	FALSE	ORF1ab:cds-YP_009724389.1	TCA	S	TCT	S	3883
NC_045512.2	11914	A	T	8611	1244	42	1	1	37	0.000116104	8613	0.99805	FALSE	ORF1ab:cds-YP_009725295.1	TCA	S	TCT	S	3883
NC_045512.2	11914	A	G	8611	1244	42	1	1	37	0.000116104	8613	0.99805	FALSE	ORF1ab:cds-YP_009724389.1	TCA	S	TCG	S	3883
NC_045512.2	11914	A	G	8611	1244	42	1	1	37	0.000116104	8613	0.99805	FALSE	ORF1ab:cds-YP_009725295.1	TCA	S	TCG	S	3883
NC_045512.2	11915	T	C	8549	1318	42	2	0	31	0.000233863	8552	0.989271	FALSE	ORF1ab:cds-YP_009724389.1	TCA	S	CCA	P	3884
NC_045512.2	11915	T	C	8549	1318	42	2	0	31	0.000233863	8552	0.989271	FALSE	ORF1ab:cds-YP_009725295.1	TCA	S	CCA	P	3884
NC_045512.2	11915	T	A	8549	1318	42	1	0	74	0.000116932	8552	0.499942	FALSE	ORF1ab:cds-YP_009724389.1	TCA	S	ACA	T	3884
NC_045512.2	11915	T	A	8549	1318	42	1	0	74	0.000116932	8552	0.499942	FALSE	ORF1ab:cds-YP_009725295.1	TCA	S	ACA	T	3884
NC_045512.2	11916	C	T	8702	1343	42	1	0	37	0.000114903	8703	0.998051	FALSE	ORF1ab:cds-YP_009724389.1	TCA	S	TTA	L	3884
NC_045512.2	11916	C	T	8702	1343	42	1	0	37	0.000114903	8703	0.998051	FALSE	ORF1ab:cds-YP_009725295.1	TCA	S	TTA	L	3884
NC_045512.2	11917	A	G	8403	1427	41	1	0	37	0.000118991	8404	0.998051	FALSE	ORF1ab:cds-YP_009724389.1	TCA	S	TCG	S	3884
NC_045512.2	11917	A	G	8403	1427	41	1	0	37	0.000118991	8404	0.998051	FALSE	ORF1ab:cds-YP_009725295.1	TCA	S	TCG	S	3884
NC_045512.2	11919	C	A	8688	1439	42	1	0	37	0.000115088	8689	0.998051	FALSE	ORF1ab:cds-YP_009724389.1	TCT	S	TAT	Y	3885
NC_045512.2	11919	C	A	8688	1439	42	1	0	37	0.000115088	8689	0.998051	FALSE	ORF1ab:cds-YP_009725295.1	TCT	S	TAT	Y	3885
NC_045512.2	11920	T	C	8578	1519	42	2	0	37	0.0002331	8580	0.989276	FALSE	ORF1ab:cds-YP_009724389.1	TCT	S	TCC	S	3885
NC_045512.2	11920	T	C	8578	1519	42	2	0	37	0.0002331	8580	0.989276	FALSE	ORF1ab:cds-YP_009725295.1	TCT	S	TCC	S	3885
NC_045512.2	11924	T	A	8554	1585	42	1	0	37	0.000116891	8555	0.998051	FALSE	ORF1ab:cds-YP_009724389.1	TTG	L	ATG	M	3887
NC_045512.2	11924	T	A	8554	1585	42	1	0	37	0.000116891	8555	0.998051	FALSE	ORF1ab:cds-YP_009725295.1	TTG	L	ATG	M	3887
NC_045512.2	11925	T	C	8604	1572	42	1	0	37	0.000116212	8605	0.998051	FALSE	ORF1ab:cds-YP_009724389.1	TTG	L	TCG	S	3887
NC_045512.2	11925	T	C	8604	1572	42	1	0	37	0.000116212	8605	0.998051	FALSE	ORF1ab:cds-YP_009725295.1	TTG	L	TCG	S	3887
NC_045512.2	11926	G	A	8572	1597	42	3	0	37	0.000349854	8575	0.967327	FALSE	ORF1ab:cds-YP_009724389.1	TTG	L	TTA	L	3887
NC_045512.2	11926	G	A	8572	1597	42	3	0	37	0.000349854	8575	0.967327	FALSE	ORF1ab:cds-YP_009725295.1	TTG	L	TTA	L	3887
NC_045512.2	11927	T	C	8538	1570	42	1	1	37	0.00011711	8539	0.998052	FALSE	ORF1ab:cds-YP_009724389.1	TGG	W	CGG	R	3888
NC_045512.2	11927	T	C	8538	1570	42	1	1	37	0.00011711	8539	0.998052	FALSE	ORF1ab:cds-YP_009725295.1	TGG	W	CGG	R	3888
NC_045512.2	11928	G	A	8526	1582	42	3	1	40	0.000351741	8529	0.125	FALSE	ORF1ab:cds-YP_009724389.1	TGG	W	TAG	*	3888
NC_045512.2	11928	G	A	8526	1582	42	3	1	40	0.000351741	8529	0.125	FALSE	ORF1ab:cds-YP_009725295.1	TGG	W	TAG	*	3888
NC_045512.2	11929	G	T	8766	1595	42	2	0	31	0.000228102	8768	0.98928	FALSE	ORF1ab:cds-YP_009724389.1	TGG	W	TGT	C	3888
NC_045512.2	11929	G	T	8766	1595	42	2	0	31	0.000228102	8768	0.98928	FALSE	ORF1ab:cds-YP_009725295.1	TGG	W	TGT	C	3888
NC_045512.2	11930	G	A	8780	1585	42	2	0	37	0.000227739	8782	0.98928	FALSE	ORF1ab:cds-YP_009724389.1	GCT	A	ACT	T	3889
NC_045512.2	11930	G	A	8780	1585	42	2	0	37	0.000227739	8782	0.98928	FALSE	ORF1ab:cds-YP_009725295.1	GCT	A	ACT	T	3889
NC_045512.2	11931	C	A	8804	1597	42	2	0	37	0.000227118	8806	0.98928	FALSE	ORF1ab:cds-YP_009724389.1	GCT	A	GAT	D	3889
NC_045512.2	11931	C	A	8804	1597	42	2	0	37	0.000227118	8806	0.98928	FALSE	ORF1ab:cds-YP_009725295.1	GCT	A	GAT	D	3889
NC_045512.2	11932	T	C	8735	1560	42	1	1	74	0.000114443	8738	0.499971	FALSE	ORF1ab:cds-YP_009724389.1	GCT	A	GCC	A	3889
NC_045512.2	11932	T	C	8735	1560	42	1	1	74	0.000114443	8738	0.499971	FALSE	ORF1ab:cds-YP_009725295.1	GCT	A	GCC	A	3889
NC_045512.2	11932	T	A	8735	1560	42	2	0	37	0.000228885	8738	0.989275	FALSE	ORF1ab:cds-YP_009724389.1	GCT	A	GCA	A	3889
NC_045512.2	11932	T	A	8735	1560	42	2	0	37	0.000228885	8738	0.989275	FALSE	ORF1ab:cds-YP_009725295.1	GCT	A	GCA	A	3889
NC_045512.2	11933	C	G	8152	1807	41	1	1	37	0.000122654	8153	0.998052	FALSE	ORF1ab:cds-YP_009724389.1	CAA	Q	GAA	E	3890
NC_045512.2	11933	C	G	8152	1807	41	1	1	37	0.000122654	8153	0.998052	FALSE	ORF1ab:cds-YP_009725295.1	CAA	Q	GAA	E	3890
NC_045512.2	11934	A	T	8149	1853	41	2	1	31	0.000245369	8151	0.989282	FALSE	ORF1ab:cds-YP_009724389.1	CAA	Q	CTA	L	3890
NC_045512.2	11934	A	T	8149	1853	41	2	1	31	0.000245369	8151	0.989282	FALSE	ORF1ab:cds-YP_009725295.1	CAA	Q	CTA	L	3890
NC_045512.2	11935	A	G	8115	1855	41	1	0	74	0.000123213	8116	0.500031	FALSE	ORF1ab:cds-YP_009724389.1	CAA	Q	CAG	Q	3890
NC_045512.2	11935	A	G	8115	1855	41	1	0	74	0.000123213	8116	0.500031	FALSE	ORF1ab:cds-YP_009725295.1	CAA	Q	CAG	Q	3890
NC_045512.2	11936	T	C	8075	1958	41	1	0	37	0.000123824	8076	0.998052	FALSE	ORF1ab:cds-YP_009724389.1	TGT	C	CGT	R	3891
NC_045512.2	11936	T	C	8075	1958	41	1	0	37	0.000123824	8076	0.998052	FALSE	ORF1ab:cds-YP_009725295.1	TGT	C	CGT	R	3891
NC_045512.2	11937	G	+C	8120	1965	41	8	0	20	0.000985222	8120	1	FALSE	NA	NA	NA	NA	NA	NA
NC_045512.2	11938	T	A	7786	1930	40	1	0	25	0.000128419	7787	1	FALSE	ORF1ab:cds-YP_009724389.1	TGT	C	TGA	*	3891
NC_045512.2	11938	T	A	7786	1930	40	1	0	25	0.000128419	7787	1	FALSE	ORF1ab:cds-YP_009725295.1	TGT	C	TGA	*	3891
NC_045512.2	11939	G	T	7942	2071	41	1	0	74	0.000125865	7945	0.499969	FALSE	ORF1ab:cds-YP_009724389.1	GTC	V	TTC	F	3892
NC_045512.2	11939	G	T	7942	2071	41	1	0	74	0.000125865	7945	0.499969	FALSE	ORF1ab:cds-YP_009725295.1	GTC	V	TTC	F	3892
NC_045512.2	11939	G	A	7942	2071	41	2	1	55	0.000251731	7945	0.249984	FALSE	ORF1ab:cds-YP_009724389.1	GTC	V	ATC	I	3892
NC_045512.2	11939	G	A	7942	2071	41	2	1	55	0.000251731	7945	0.249984	FALSE	ORF1ab:cds-YP_009725295.1	GTC	V	ATC	I	3892
NC_045512.2	11940	T	G	7956	2085	41	1	0	25	0.000125628	7960	1	FALSE	ORF1ab:cds-YP_009724389.1	GTC	V	GGC	G	3892
NC_045512.2	11940	T	G	7956	2085	41	1	0	25	0.000125628	7960	1	FALSE	ORF1ab:cds-YP_009725295.1	GTC	V	GGC	G	3892
NC_045512.2	11940	T	C	7956	2085	41	3	2	37	0.000376884	7960	0.945368	FALSE	ORF1ab:cds-YP_009724389.1	GTC	V	GCC	A	3892
NC_045512.2	11940	T	C	7956	2085	41	3	2	37	0.000376884	7960	0.945368	FALSE	ORF1ab:cds-YP_009725295.1	GTC	V	GCC	A	3892
NC_045512.2	11940	T	-C	7956	2085	41	1	0	20	0.000125628	7960	1	FALSE	NA	NA	NA	NA	NA	NA
NC_045512.2	11941	C	G	8185	2523	43	6	4	37	0.000732511	8191	0.788126	FALSE	ORF1ab:cds-YP_009724389.1	GTC	V	GTG	V	3892
NC_045512.2	11941	C	G	8185	2523	43	6	4	37	0.000732511	8191	0.788126	FALSE	ORF1ab:cds-YP_009725295.1	GTC	V	GTG	V	3892
NC_045512.2	11942	C	T	8432	2590	42	1	0	37	0.000118568	8434	0.998051	FALSE	ORF1ab:cds-YP_009724389.1	CAG	Q	TAG	*	3893
NC_045512.2	11942	C	T	8432	2590	42	1	0	37	0.000118568	8434	0.998051	FALSE	ORF1ab:cds-YP_009725295.1	CAG	Q	TAG	*	3893
NC_045512.2	11942	C	A	8432	2590	42	1	1	37	0.000118568	8434	0.998051	FALSE	ORF1ab:cds-YP_009724389.1	CAG	Q	AAG	K	3893
NC_045512.2	11942	C	A	8432	2590	42	1	1	37	0.000118568	8434	0.998051	FALSE	ORF1ab:cds-YP_009725295.1	CAG	Q	AAG	K	3893
NC_045512.2	11943	A	T	7947	2901	42	1	0	25	0.000125802	7949	1	FALSE	ORF1ab:cds-YP_009724389.1	CAG	Q	CTG	L	3893
NC_045512.2	11943	A	T	7947	2901	42	1	0	25	0.000125802	7949	1	FALSE	ORF1ab:cds-YP_009725295.1	CAG	Q	CTG	L	3893
NC_045512.2	11943	A	C	7947	2901	42	1	1	74	0.000125802	7949	0.5	FALSE	ORF1ab:cds-YP_009724389.1	CAG	Q	CCG	P	3893
NC_045512.2	11943	A	C	7947	2901	42	1	1	74	0.000125802	7949	0.5	FALSE	ORF1ab:cds-YP_009725295.1	CAG	Q	CCG	P	3893
NC_045512.2	11945	T	C	7931	2936	41	1	1	74	0.000126056	7933	0.5	FALSE	ORF1ab:cds-YP_009724389.1	TTA	L	CTA	L	3894
NC_045512.2	11945	T	C	7931	2936	41	1	1	74	0.000126056	7933	0.5	FALSE	ORF1ab:cds-YP_009725295.1	TTA	L	CTA	L	3894
NC_045512.2	11945	T	A	7931	2936	41	1	0	25	0.000126056	7933	1	FALSE	ORF1ab:cds-YP_009724389.1	TTA	L	ATA	I	3894
NC_045512.2	11945	T	A	7931	2936	41	1	0	25	0.000126056	7933	1	FALSE	ORF1ab:cds-YP_009725295.1	TTA	L	ATA	I	3894
NC_045512.2	11946	T	C	7972	2925	41	1	1	74	0.000125423	7973	0.500031	FALSE	ORF1ab:cds-YP_009724389.1	TTA	L	TCA	S	3894
NC_045512.2	11946	T	C	7972	2925	41	1	1	74	0.000125423	7973	0.500031	FALSE	ORF1ab:cds-YP_009725295.1	TTA	L	TCA	S	3894
NC_045512.2	11948	C	T	8101	2925	42	2	1	31	0.000246822	8103	0.989282	FALSE	ORF1ab:cds-YP_009724389.1	CAC	H	TAC	Y	3895
NC_045512.2	11948	C	T	8101	2925	42	2	1	31	0.000246822	8103	0.989282	FALSE	ORF1ab:cds-YP_009725295.1	CAC	H	TAC	Y	3895
NC_045512.2	11949	A	G	8151	2988	42	3	2	61	0.000367918	8154	0.125	FALSE	ORF1ab:cds-YP_009724389.1	CAC	H	CGC	R	3895
NC_045512.2	11949	A	G	8151	2988	42	3	2	61	0.000367918	8154	0.125	FALSE	ORF1ab:cds-YP_009725295.1	CAC	H	CGC	R	3895
NC_045512.2	11950	C	A	8252	2987	42	2	1	68	0.000242307	8254	0.250015	FALSE	ORF1ab:cds-YP_009724389.1	CAC	H	CAA	Q	3895
NC_045512.2	11950	C	A	8252	2987	42	2	1	68	0.000242307	8254	0.250015	FALSE	ORF1ab:cds-YP_009725295.1	CAC	H	CAA	Q	3895
NC_045512.2	11951	A	G	8111	2910	42	2	0	29	0.000246518	8113	1	FALSE	ORF1ab:cds-YP_009724389.1	AAT	N	GAT	D	3896
NC_045512.2	11951	A	G	8111	2910	42	2	0	29	0.000246518	8113	1	FALSE	ORF1ab:cds-YP_009725295.1	AAT	N	GAT	D	3896
NC_045512.2	11953	T	C	8589	3026	42	2	1	37	0.000232721	8594	0.989265	FALSE	ORF1ab:cds-YP_009724389.1	AAT	N	AAC	N	3896
NC_045512.2	11953	T	C	8589	3026	42	2	1	37	0.000232721	8594	0.989265	FALSE	ORF1ab:cds-YP_009725295.1	AAT	N	AAC	N	3896
NC_045512.2	11953	T	A	8589	3026	42	3	2	33	0.000349081	8594	0.967313	FALSE	ORF1ab:cds-YP_009724389.1	AAT	N	AAA	K	3896
NC_045512.2	11953	T	A	8589	3026	42	3	2	33	0.000349081	8594	0.967313	FALSE	ORF1ab:cds-YP_009725295.1	AAT	N	AAA	K	3896
NC_045512.2	11954	G	C	8840	3044	42	1	0	25	0.000113109	8841	1	FALSE	ORF1ab:cds-YP_009724389.1	GAC	D	CAC	H	3897
NC_045512.2	11954	G	C	8840	3044	42	1	0	25	0.000113109	8841	1	FALSE	ORF1ab:cds-YP_009725295.1	GAC	D	CAC	H	3897
NC_045512.2	11955	A	G	8855	3072	42	1	1	37	0.000112918	8856	0.998052	FALSE	ORF1ab:cds-YP_009724389.1	GAC	D	GGC	G	3897
NC_045512.2	11955	A	G	8855	3072	42	1	1	37	0.000112918	8856	0.998052	FALSE	ORF1ab:cds-YP_009725295.1	GAC	D	GGC	G	3897
NC_045512.2	11956	C	T	6006	2169	41	2508	987	40	0.294574	8514	0	TRUE	ORF1ab:cds-YP_009724389.1	GAC	D	GAT	D	3897
NC_045512.2	11956	C	T	6006	2169	41	2508	987	40	0.294574	8514	0	TRUE	ORF1ab:cds-YP_009725295.1	GAC	D	GAT	D	3897
NC_045512.2	11958	T	G	8359	3103	40	3	2	30	0.00035868	8364	0.967314	FALSE	ORF1ab:cds-YP_009724389.1	ATT	I	AGT	S	3898
NC_045512.2	11958	T	G	8359	3103	40	3	2	30	0.00035868	8364	0.967314	FALSE	ORF1ab:cds-YP_009725295.1	ATT	I	AGT	S	3898
NC_045512.2	11958	T	C	8359	3103	40	2	1	31	0.00023912	8364	0.989266	FALSE	ORF1ab:cds-YP_009724389.1	ATT	I	ACT	T	3898
NC_045512.2	11958	T	C	8359	3103	40	2	1	31	0.00023912	8364	0.989266	FALSE	ORF1ab:cds-YP_009725295.1	ATT	I	ACT	T	3898
NC_045512.2	11960	C	G	8509	3122	41	1	0	37	0.000117495	8511	0.998051	FALSE	ORF1ab:cds-YP_009724389.1	CTC	L	GTC	V	3899
NC_045512.2	11960	C	G	8509	3122	41	1	0	37	0.000117495	8511	0.998051	FALSE	ORF1ab:cds-YP_009725295.1	CTC	L	GTC	V	3899
NC_045512.2	11960	C	A	8509	3122	41	1	0	37	0.000117495	8511	0.998051	FALSE	ORF1ab:cds-YP_009724389.1	CTC	L	ATC	I	3899
NC_045512.2	11960	C	A	8509	3122	41	1	0	37	0.000117495	8511	0.998051	FALSE	ORF1ab:cds-YP_009725295.1	CTC	L	ATC	I	3899
NC_045512.2	11962	C	G	8262	2872	41	1	0	37	0.000121007	8264	0.998051	FALSE	ORF1ab:cds-YP_009724389.1	CTC	L	CTG	L	3899
NC_045512.2	11962	C	G	8262	2872	41	1	0	37	0.000121007	8264	0.998051	FALSE	ORF1ab:cds-YP_009725295.1	CTC	L	CTG	L	3899
NC_045512.2	11962	C	A	8262	2872	41	1	1	25	0.000121007	8264	1	FALSE	ORF1ab:cds-YP_009724389.1	CTC	L	CTA	L	3899
NC_045512.2	11962	C	A	8262	2872	41	1	1	25	0.000121007	8264	1	FALSE	ORF1ab:cds-YP_009725295.1	CTC	L	CTA	L	3899
NC_045512.2	11963	T	A	8180	2828	41	1	0	37	0.000122234	8181	0.998052	FALSE	ORF1ab:cds-YP_009724389.1	TTA	L	ATA	I	3900
NC_045512.2	11963	T	A	8180	2828	41	1	0	37	0.000122234	8181	0.998052	FALSE	ORF1ab:cds-YP_009725295.1	TTA	L	ATA	I	3900
NC_045512.2	11965	A	G	8031	2881	41	1	0	37	0.000124502	8032	0.998052	FALSE	ORF1ab:cds-YP_009724389.1	TTA	L	TTG	L	3900
NC_045512.2	11965	A	G	8031	2881	41	1	0	37	0.000124502	8032	0.998052	FALSE	ORF1ab:cds-YP_009725295.1	TTA	L	TTG	L	3900
NC_045512.2	11966	G	A	8099	2887	41	7	2	37	0.000863558	8106	0.69655	FALSE	ORF1ab:cds-YP_009724389.1	GCT	A	ACT	T	3901
NC_045512.2	11966	G	A	8099	2887	41	7	2	37	0.000863558	8106	0.69655	FALSE	ORF1ab:cds-YP_009725295.1	GCT	A	ACT	T	3901
NC_045512.2	11967	C	A	8123	2899	41	1	0	37	0.000123092	8124	0.998052	FALSE	ORF1ab:cds-YP_009724389.1	GCT	A	GAT	D	3901
NC_045512.2	11967	C	A	8123	2899	41	1	0	37	0.000123092	8124	0.998052	FALSE	ORF1ab:cds-YP_009725295.1	GCT	A	GAT	D	3901
NC_045512.2	11971	A	G	7781	2950	39	1	1	37	0.000128502	7782	0.996103	FALSE	ORF1ab:cds-YP_009724389.1	AAA	K	AAG	K	3902
NC_045512.2	11971	A	G	7781	2950	39	1	1	37	0.000128502	7782	0.996103	FALSE	ORF1ab:cds-YP_009725295.1	AAA	K	AAG	K	3902
NC_045512.2	11972	G	T	7860	3056	39	2	1	37	0.000254388	7862	0.980505	FALSE	ORF1ab:cds-YP_009724389.1	GAT	D	TAT	Y	3903
NC_045512.2	11972	G	T	7860	3056	39	2	1	37	0.000254388	7862	0.980505	FALSE	ORF1ab:cds-YP_009725295.1	GAT	D	TAT	Y	3903
NC_045512.2	11975	A	G	7919	3058	40	2	1	37	0.000252493	7921	0.980504	FALSE	ORF1ab:cds-YP_009724389.1	ACT	T	GCT	A	3904
NC_045512.2	11975	A	G	7919	3058	40	2	1	37	0.000252493	7921	0.980504	FALSE	ORF1ab:cds-YP_009725295.1	ACT	T	GCT	A	3904
NC_045512.2	11976	C	T	8154	3202	40	2	1	37	0.000245158	8158	0.989271	FALSE	ORF1ab:cds-YP_009724389.1	ACT	T	ATT	I	3904
NC_045512.2	11976	C	T	8154	3202	40	2	1	37	0.000245158	8158	0.989271	FALSE	ORF1ab:cds-YP_009725295.1	ACT	T	ATT	I	3904
NC_045512.2	11976	C	G	8154	3202	40	2	0	37	0.000245158	8158	0.989271	FALSE	ORF1ab:cds-YP_009724389.1	ACT	T	AGT	S	3904
NC_045512.2	11976	C	G	8154	3202	40	2	0	37	0.000245158	8158	0.989271	FALSE	ORF1ab:cds-YP_009725295.1	ACT	T	AGT	S	3904
NC_045512.2	11977	T	C	7781	3269	39	2	0	37	0.00025697	7783	0.980505	FALSE	ORF1ab:cds-YP_009724389.1	ACT	T	ACC	T	3904
NC_045512.2	11977	T	C	7781	3269	39	2	0	37	0.00025697	7783	0.980505	FALSE	ORF1ab:cds-YP_009725295.1	ACT	T	ACC	T	3904
NC_045512.2	11979	C	T	8243	3430	40	1	1	37	0.0001213	8244	0.998052	FALSE	ORF1ab:cds-YP_009724389.1	ACT	T	ATT	I	3905
NC_045512.2	11979	C	T	8243	3430	40	1	1	37	0.0001213	8244	0.998052	FALSE	ORF1ab:cds-YP_009725295.1	ACT	T	ATT	I	3905
NC_045512.2	11981	G	C	8047	3297	40	1	0	37	0.000124254	8048	0.998052	FALSE	ORF1ab:cds-YP_009724389.1	GAA	E	CAA	Q	3906
NC_045512.2	11981	G	C	8047	3297	40	1	0	37	0.000124254	8048	0.998052	FALSE	ORF1ab:cds-YP_009725295.1	GAA	E	CAA	Q	3906
NC_045512.2	11982	A	G	7928	3247	39	2	2	37	0.000252175	7931	0.980495	FALSE	ORF1ab:cds-YP_009724389.1	GAA	E	GGA	G	3906
NC_045512.2	11982	A	G	7928	3247	39	2	2	37	0.000252175	7931	0.980495	FALSE	ORF1ab:cds-YP_009725295.1	GAA	E	GGA	G	3906
NC_045512.2	11982	A	C	7928	3247	39	1	1	25	0.000126088	7931	1	FALSE	ORF1ab:cds-YP_009724389.1	GAA	E	GCA	A	3906
NC_045512.2	11982	A	C	7928	3247	39	1	1	25	0.000126088	7931	1	FALSE	ORF1ab:cds-YP_009725295.1	GAA	E	GCA	A	3906
NC_045512.2	11983	A	G	7921	3249	40	2	0	37	0.00025243	7923	0.980504	FALSE	ORF1ab:cds-YP_009724389.1	GAA	E	GAG	E	3906
NC_045512.2	11983	A	G	7921	3249	40	2	0	37	0.00025243	7923	0.980504	FALSE	ORF1ab:cds-YP_009725295.1	GAA	E	GAG	E	3906
NC_045512.2	11984	G	T	7877	3301	39	3	2	37	0.000380711	7880	0.945391	FALSE	ORF1ab:cds-YP_009724389.1	GCC	A	TCC	S	3907
NC_045512.2	11984	G	T	7877	3301	39	3	2	37	0.000380711	7880	0.945391	FALSE	ORF1ab:cds-YP_009725295.1	GCC	A	TCC	S	3907
NC_045512.2	11985	C	T	7739	3096	40	1	0	37	0.000129199	7740	0.996103	FALSE	ORF1ab:cds-YP_009724389.1	GCC	A	GTC	V	3907
NC_045512.2	11985	C	T	7739	3096	40	1	0	37	0.000129199	7740	0.996103	FALSE	ORF1ab:cds-YP_009725295.1	GCC	A	GTC	V	3907
NC_045512.2	11986	C	T	7793	3173	40	3	0	37	0.000384813	7796	0.945391	FALSE	ORF1ab:cds-YP_009724389.1	GCC	A	GCT	A	3907
NC_045512.2	11986	C	T	7793	3173	40	3	0	37	0.000384813	7796	0.945391	FALSE	ORF1ab:cds-YP_009725295.1	GCC	A	GCT	A	3907
NC_045512.2	11987	T	C	7469	2889	40	4	2	46	0.000535117	7475	0.0624582	FALSE	ORF1ab:cds-YP_009724389.1	TTT	F	CTT	L	3908
NC_045512.2	11987	T	C	7469	2889	40	4	2	46	0.000535117	7475	0.0624582	FALSE	ORF1ab:cds-YP_009725295.1	TTT	F	CTT	L	3908
NC_045512.2	11987	T	A	7469	2889	40	2	0	37	0.000267559	7475	0.980469	FALSE	ORF1ab:cds-YP_009724389.1	TTT	F	ATT	I	3908
NC_045512.2	11987	T	A	7469	2889	40	2	0	37	0.000267559	7475	0.980469	FALSE	ORF1ab:cds-YP_009725295.1	TTT	F	ATT	I	3908
NC_045512.2	11989	T	C	7548	3015	40	2	0	37	0.000264901	7550	0.980506	FALSE	ORF1ab:cds-YP_009724389.1	TTT	F	TTC	F	3908
NC_045512.2	11989	T	C	7548	3015	40	2	0	37	0.000264901	7550	0.980506	FALSE	ORF1ab:cds-YP_009725295.1	TTT	F	TTC	F	3908
NC_045512.2	11990	G	A	7533	3006	40	1	0	37	0.000132732	7534	0.996103	FALSE	ORF1ab:cds-YP_009724389.1	GAA	E	AAA	K	3909
NC_045512.2	11990	G	A	7533	3006	40	1	0	37	0.000132732	7534	0.996103	FALSE	ORF1ab:cds-YP_009725295.1	GAA	E	AAA	K	3909
NC_045512.2	11990	G	-A	7533	3006	40	5	0	20	0.000663658	7534	1	FALSE	NA	NA	NA	NA	NA	NA
NC_045512.2	11991	A	G	7571	3051	40	1	1	37	0.000132066	7572	0.996093	FALSE	ORF1ab:cds-YP_009724389.1	GAA	E	GGA	G	3909
NC_045512.2	11991	A	G	7571	3051	40	1	1	37	0.000132066	7572	0.996093	FALSE	ORF1ab:cds-YP_009725295.1	GAA	E	GGA	G	3909
NC_045512.2	11992	A	T	7723	3265	41	1	0	37	0.000129467	7724	0.996103	FALSE	ORF1ab:cds-YP_009724389.1	GAA	E	GAT	D	3909
NC_045512.2	11992	A	T	7723	3265	41	1	0	37	0.000129467	7724	0.996103	FALSE	ORF1ab:cds-YP_009725295.1	GAA	E	GAT	D	3909
NC_045512.2	11993	A	G	7794	3367	41	1	1	37	0.000128287	7795	0.996103	FALSE	ORF1ab:cds-YP_009724389.1	AAA	K	GAA	E	3910
NC_045512.2	11993	A	G	7794	3367	41	1	1	37	0.000128287	7795	0.996103	FALSE	ORF1ab:cds-YP_009725295.1	AAA	K	GAA	E	3910
NC_045512.2	11995	A	G	7722	3384	41	1	0	37	0.000129483	7723	0.996103	FALSE	ORF1ab:cds-YP_009724389.1	AAA	K	AAG	K	3910
NC_045512.2	11995	A	G	7722	3384	41	1	0	37	0.000129483	7723	0.996103	FALSE	ORF1ab:cds-YP_009725295.1	AAA	K	AAG	K	3910
NC_045512.2	11998	G	T	7714	3405	41	1	0	25	0.000129584	7717	1	FALSE	ORF1ab:cds-YP_009724389.1	ATG	M	ATT	I	3911
NC_045512.2	11998	G	T	7714	3405	41	1	0	25	0.000129584	7717	1	FALSE	ORF1ab:cds-YP_009725295.1	ATG	M	ATT	I	3911
NC_045512.2	11998	G	A	7714	3405	41	2	2	37	0.000259168	7717	0.980496	FALSE	ORF1ab:cds-YP_009724389.1	ATG	M	ATA	I	3911
NC_045512.2	11998	G	A	7714	3405	41	2	2	37	0.000259168	7717	0.980496	FALSE	ORF1ab:cds-YP_009725295.1	ATG	M	ATA	I	3911
NC_045512.2	12002	T	A	8062	4182	41	1	1	37	0.000124023	8063	0.998052	FALSE	ORF1ab:cds-YP_009724389.1	TCA	S	ACA	T	3913
NC_045512.2	12002	T	A	8062	4182	41	1	1	37	0.000124023	8063	0.998052	FALSE	ORF1ab:cds-YP_009725295.1	TCA	S	ACA	T	3913
NC_045512.2	12003	C	T	8048	4191	41	2	1	37	0.000248447	8050	0.989282	FALSE	ORF1ab:cds-YP_009724389.1	TCA	S	TTA	L	3913
NC_045512.2	12003	C	T	8048	4191	41	2	1	37	0.000248447	8050	0.989282	FALSE	ORF1ab:cds-YP_009725295.1	TCA	S	TTA	L	3913
NC_045512.2	12004	A	G	8063	4228	42	1	1	37	0.000124008	8064	0.998052	FALSE	ORF1ab:cds-YP_009724389.1	TCA	S	TCG	S	3913
NC_045512.2	12004	A	G	8063	4228	42	1	1	37	0.000124008	8064	0.998052	FALSE	ORF1ab:cds-YP_009725295.1	TCA	S	TCG	S	3913
NC_045512.2	12006	T	G	7934	4517	41	3	3	37	0.000377977	7937	0.94539	FALSE	ORF1ab:cds-YP_009724389.1	CTA	L	CGA	R	3914
NC_045512.2	12006	T	G	7934	4517	41	3	3	37	0.000377977	7937	0.94539	FALSE	ORF1ab:cds-YP_009725295.1	CTA	L	CGA	R	3914
NC_045512.2	12007	A	G	7971	4561	41	4	3	46	0.000501567	7975	0.0624922	FALSE	ORF1ab:cds-YP_009724389.1	CTA	L	CTG	L	3914
NC_045512.2	12007	A	G	7971	4561	41	4	3	46	0.000501567	7975	0.0624922	FALSE	ORF1ab:cds-YP_009725295.1	CTA	L	CTG	L	3914
NC_045512.2	12009	T	G	7930	4547	41	1	0	25	0.000126056	7933	1	FALSE	ORF1ab:cds-YP_009724389.1	CTT	L	CGT	R	3915
NC_045512.2	12009	T	G	7930	4547	41	1	0	25	0.000126056	7933	1	FALSE	ORF1ab:cds-YP_009725295.1	CTT	L	CGT	R	3915
NC_045512.2	12009	T	C	7930	4547	41	1	1	25	0.000126056	7933	1	FALSE	ORF1ab:cds-YP_009724389.1	CTT	L	CCT	P	3915
NC_045512.2	12009	T	C	7930	4547	41	1	1	25	0.000126056	7933	1	FALSE	ORF1ab:cds-YP_009725295.1	CTT	L	CCT	P	3915
NC_045512.2	12009	T	A	7930	4547	41	1	1	74	0.000126056	7933	0.499968	FALSE	ORF1ab:cds-YP_009724389.1	CTT	L	CAT	H	3915
NC_045512.2	12009	T	A	7930	4547	41	1	1	74	0.000126056	7933	0.499968	FALSE	ORF1ab:cds-YP_009725295.1	CTT	L	CAT	H	3915
NC_045512.2	12010	T	C	7777	4489	40	2	2	37	0.000257102	7779	0.980505	FALSE	ORF1ab:cds-YP_009724389.1	CTT	L	CTC	L	3915
NC_045512.2	12010	T	C	7777	4489	40	2	2	37	0.000257102	7779	0.980505	FALSE	ORF1ab:cds-YP_009725295.1	CTT	L	CTC	L	3915
NC_045512.2	12011	T	C	7997	4553	41	1	0	25	0.000125031	7998	1	FALSE	ORF1ab:cds-YP_009724389.1	TCT	S	CCT	P	3916
NC_045512.2	12011	T	C	7997	4553	41	1	0	25	0.000125031	7998	1	FALSE	ORF1ab:cds-YP_009725295.1	TCT	S	CCT	P	3916
NC_045512.2	12013	T	G	8158	4678	41	1	0	25	0.000122534	8161	1	FALSE	ORF1ab:cds-YP_009724389.1	TCT	S	TCG	S	3916
NC_045512.2	12013	T	G	8158	4678	41	1	0	25	0.000122534	8161	1	FALSE	ORF1ab:cds-YP_009725295.1	TCT	S	TCG	S	3916
NC_045512.2	12013	T	C	8158	4678	41	2	0	49	0.000245068	8161	0.249985	FALSE	ORF1ab:cds-YP_009724389.1	TCT	S	TCC	S	3916
NC_045512.2	12013	T	C	8158	4678	41	2	0	49	0.000245068	8161	0.249985	FALSE	ORF1ab:cds-YP_009725295.1	TCT	S	TCC	S	3916
NC_045512.2	12014	G	A	8690	5337	42	1	0	37	0.000115062	8691	0.998052	FALSE	ORF1ab:cds-YP_009724389.1	GTT	V	ATT	I	3917
NC_045512.2	12014	G	A	8690	5337	42	1	0	37	0.000115062	8691	0.998052	FALSE	ORF1ab:cds-YP_009725295.1	GTT	V	ATT	I	3917
NC_045512.2	12014	G	-T	8690	5337	42	1	0	20	0.000115062	8691	1	FALSE	NA	NA	NA	NA	NA	NA
NC_045512.2	12015	T	G	8668	5456	41	2	0	37	0.000230574	8674	0.989255	FALSE	ORF1ab:cds-YP_009724389.1	GTT	V	GGT	G	3917
NC_045512.2	12015	T	G	8668	5456	41	2	0	37	0.000230574	8674	0.989255	FALSE	ORF1ab:cds-YP_009725295.1	GTT	V	GGT	G	3917
NC_045512.2	12015	T	C	8668	5456	41	3	3	37	0.000345861	8674	0.967285	FALSE	ORF1ab:cds-YP_009724389.1	GTT	V	GCT	A	3917
NC_045512.2	12015	T	C	8668	5456	41	3	3	37	0.000345861	8674	0.967285	FALSE	ORF1ab:cds-YP_009725295.1	GTT	V	GCT	A	3917
NC_045512.2	12015	T	A	8668	5456	41	1	1	22	0.000115287	8674	1	FALSE	ORF1ab:cds-YP_009724389.1	GTT	V	GAT	D	3917
NC_045512.2	12015	T	A	8668	5456	41	1	1	22	0.000115287	8674	1	FALSE	ORF1ab:cds-YP_009725295.1	GTT	V	GAT	D	3917
NC_045512.2	12016	T	C	8705	5485	42	1	0	37	0.000114863	8706	0.998052	FALSE	ORF1ab:cds-YP_009724389.1	GTT	V	GTC	V	3917
NC_045512.2	12016	T	C	8705	5485	42	1	0	37	0.000114863	8706	0.998052	FALSE	ORF1ab:cds-YP_009725295.1	GTT	V	GTC	V	3917
NC_045512.2	12017	T	C	8668	5425	42	1	1	37	0.000115354	8669	0.998052	FALSE	ORF1ab:cds-YP_009724389.1	TTG	L	CTG	L	3918
NC_045512.2	12017	T	C	8668	5425	42	1	1	37	0.000115354	8669	0.998052	FALSE	ORF1ab:cds-YP_009725295.1	TTG	L	CTG	L	3918
NC_045512.2	12019	G	C	8738	5702	42	1	1	74	0.000114312	8748	0.499771	FALSE	ORF1ab:cds-YP_009724389.1	TTG	L	TTC	F	3918
NC_045512.2	12019	G	C	8738	5702	42	1	1	74	0.000114312	8748	0.499771	FALSE	ORF1ab:cds-YP_009725295.1	TTG	L	TTC	F	3918
NC_045512.2	12019	G	A	8738	5702	42	9	3	37	0.00102881	8748	0.5	FALSE	ORF1ab:cds-YP_009724389.1	TTG	L	TTA	L	3918
NC_045512.2	12019	G	A	8738	5702	42	9	3	37	0.00102881	8748	0.5	FALSE	ORF1ab:cds-YP_009725295.1	TTG	L	TTA	L	3918
NC_045512.2	12020	C	T	8743	5719	42	5	3	56	0.000571494	8749	0.0312321	FALSE	ORF1ab:cds-YP_009724389.1	CTT	L	TTT	F	3919
NC_045512.2	12020	C	T	8743	5719	42	5	3	56	0.000571494	8749	0.0312321	FALSE	ORF1ab:cds-YP_009725295.1	CTT	L	TTT	F	3919
NC_045512.2	12020	C	A	8743	5719	42	1	1	74	0.000114299	8749	0.499886	FALSE	ORF1ab:cds-YP_009724389.1	CTT	L	ATT	I	3919
NC_045512.2	12020	C	A	8743	5719	42	1	1	74	0.000114299	8749	0.499886	FALSE	ORF1ab:cds-YP_009725295.1	CTT	L	ATT	I	3919
NC_045512.2	12021	T	C	8641	5587	42	3	3	66	0.000347021	8645	0.124978	FALSE	ORF1ab:cds-YP_009724389.1	CTT	L	CCT	P	3919
NC_045512.2	12021	T	C	8641	5587	42	3	3	66	0.000347021	8645	0.124978	FALSE	ORF1ab:cds-YP_009725295.1	CTT	L	CCT	P	3919
NC_045512.2	12021	T	A	8641	5587	42	1	0	37	0.000115674	8645	0.998049	FALSE	ORF1ab:cds-YP_009724389.1	CTT	L	CAT	H	3919
NC_045512.2	12021	T	A	8641	5587	42	1	0	37	0.000115674	8645	0.998049	FALSE	ORF1ab:cds-YP_009725295.1	CTT	L	CAT	H	3919
NC_045512.2	12022	T	A	8465	5471	41	1	1	37	0.00011812	8466	0.998052	FALSE	ORF1ab:cds-YP_009724389.1	CTT	L	CTA	L	3919
NC_045512.2	12022	T	A	8465	5471	41	1	1	37	0.00011812	8466	0.998052	FALSE	ORF1ab:cds-YP_009725295.1	CTT	L	CTA	L	3919
NC_045512.2	12023	T	C	8682	5663	42	1	1	22	0.000115168	8683	1	FALSE	ORF1ab:cds-YP_009724389.1	TCC	S	CCC	P	3920
NC_045512.2	12023	T	C	8682	5663	42	1	1	22	0.000115168	8683	1	FALSE	ORF1ab:cds-YP_009725295.1	TCC	S	CCC	P	3920
NC_045512.2	12024	C	T	8653	5708	42	1	1	37	0.000115527	8656	0.99805	FALSE	ORF1ab:cds-YP_009724389.1	TCC	S	TTC	F	3920
NC_045512.2	12024	C	T	8653	5708	42	1	1	37	0.000115527	8656	0.99805	FALSE	ORF1ab:cds-YP_009725295.1	TCC	S	TTC	F	3920
NC_045512.2	12024	C	A	8653	5708	42	2	1	31	0.000231054	8656	0.989276	FALSE	ORF1ab:cds-YP_009724389.1	TCC	S	TAC	Y	3920
NC_045512.2	12024	C	A	8653	5708	42	2	1	31	0.000231054	8656	0.989276	FALSE	ORF1ab:cds-YP_009725295.1	TCC	S	TAC	Y	3920
NC_045512.2	12026	A	G	8513	5522	41	2	1	55	0.00023488	8515	0.250015	FALSE	ORF1ab:cds-YP_009724389.1	ATG	M	GTG	V	3921
NC_045512.2	12026	A	G	8513	5522	41	2	1	55	0.00023488	8515	0.250015	FALSE	ORF1ab:cds-YP_009725295.1	ATG	M	GTG	V	3921
NC_045512.2	12027	T	C	8737	5738	42	1	0	37	0.000114443	8738	0.998052	FALSE	ORF1ab:cds-YP_009724389.1	ATG	M	ACG	T	3921
NC_045512.2	12027	T	C	8737	5738	42	1	0	37	0.000114443	8738	0.998052	FALSE	ORF1ab:cds-YP_009725295.1	ATG	M	ACG	T	3921
NC_045512.2	12028	G	A	8764	5753	42	8	7	41	0.000911993	8772	0.0039018	TRUE	ORF1ab:cds-YP_009724389.1	ATG	M	ATA	I	3921
NC_045512.2	12028	G	A	8764	5753	42	8	7	41	0.000911993	8772	0.0039018	TRUE	ORF1ab:cds-YP_009725295.1	ATG	M	ATA	I	3921
NC_045512.2	12029	C	T	8864	5950	42	17	10	42	0.00191377	8883	7.5639e-06	TRUE	ORF1ab:cds-YP_009724389.1	CAG	Q	TAG	*	3922
NC_045512.2	12029	C	T	8864	5950	42	17	10	42	0.00191377	8883	7.5639e-06	TRUE	ORF1ab:cds-YP_009725295.1	CAG	Q	TAG	*	3922
NC_045512.2	12029	C	A	8864	5950	42	2	0	37	0.000225149	8883	0.989196	FALSE	ORF1ab:cds-YP_009724389.1	CAG	Q	AAG	K	3922
NC_045512.2	12029	C	A	8864	5950	42	2	0	37	0.000225149	8883	0.989196	FALSE	ORF1ab:cds-YP_009725295.1	CAG	Q	AAG	K	3922
NC_045512.2	12030	A	G	8719	6006	42	1	1	37	0.000114679	8720	0.998052	FALSE	ORF1ab:cds-YP_009724389.1	CAG	Q	CGG	R	3922
NC_045512.2	12030	A	G	8719	6006	42	1	1	37	0.000114679	8720	0.998052	FALSE	ORF1ab:cds-YP_009725295.1	CAG	Q	CGG	R	3922
NC_045512.2	12030	A	+GG	8719	6006	42	1	0	20	0.000114679	8720	1	FALSE	NA	NA	NA	NA	NA	NA
NC_045512.2	12031	G	T	8870	6085	42	1	1	25	0.000112714	8872	1	FALSE	ORF1ab:cds-YP_009724389.1	CAG	Q	CAT	H	3922
NC_045512.2	12031	G	T	8870	6085	42	1	1	25	0.000112714	8872	1	FALSE	ORF1ab:cds-YP_009725295.1	CAG	Q	CAT	H	3922
NC_045512.2	12031	G	A	8870	6085	42	1	1	74	0.000112714	8872	0.5	FALSE	ORF1ab:cds-YP_009724389.1	CAG	Q	CAA	Q	3922
NC_045512.2	12031	G	A	8870	6085	42	1	1	74	0.000112714	8872	0.5	FALSE	ORF1ab:cds-YP_009725295.1	CAG	Q	CAA	Q	3922
NC_045512.2	12032	G	T	8881	6122	42	1	1	74	0.000112587	8882	0.500028	FALSE	ORF1ab:cds-YP_009724389.1	GGT	G	TGT	C	3923
NC_045512.2	12032	G	T	8881	6122	42	1	1	74	0.000112587	8882	0.500028	FALSE	ORF1ab:cds-YP_009725295.1	GGT	G	TGT	C	3923
NC_045512.2	12033	G	T	9213	6167	42	1	0	37	0.000108507	9216	0.999025	FALSE	ORF1ab:cds-YP_009724389.1	GGT	G	GTT	V	3923
NC_045512.2	12033	G	T	9213	6167	42	1	0	37	0.000108507	9216	0.999025	FALSE	ORF1ab:cds-YP_009725295.1	GGT	G	GTT	V	3923
NC_045512.2	12033	G	A	9213	6167	42	2	1	37	0.000217014	9216	0.994152	FALSE	ORF1ab:cds-YP_009724389.1	GGT	G	GAT	D	3923
NC_045512.2	12033	G	A	9213	6167	42	2	1	37	0.000217014	9216	0.994152	FALSE	ORF1ab:cds-YP_009725295.1	GGT	G	GAT	D	3923
NC_045512.2	12034	T	G	9135	6145	42	2	2	37	0.000218842	9139	0.994149	FALSE	ORF1ab:cds-YP_009724389.1	GGT	G	GGG	G	3923
NC_045512.2	12034	T	G	9135	6145	42	2	2	37	0.000218842	9139	0.994149	FALSE	ORF1ab:cds-YP_009725295.1	GGT	G	GGG	G	3923
NC_045512.2	12034	T	C	9135	6145	42	2	0	37	0.000218842	9139	0.994149	FALSE	ORF1ab:cds-YP_009724389.1	GGT	G	GGC	G	3923
NC_045512.2	12034	T	C	9135	6145	42	2	0	37	0.000218842	9139	0.994149	FALSE	ORF1ab:cds-YP_009725295.1	GGT	G	GGC	G	3923
NC_045512.2	12035	G	A	9188	6132	42	14	9	42	0.00152141	9202	6.07801e-05	TRUE	ORF1ab:cds-YP_009724389.1	GCT	A	ACT	T	3924
NC_045512.2	12035	G	A	9188	6132	42	14	9	42	0.00152141	9202	6.07801e-05	TRUE	ORF1ab:cds-YP_009725295.1	GCT	A	ACT	T	3924
NC_045512.2	12036	C	T	9159	6085	42	11	8	47	0.00119943	9171	0.000486818	TRUE	ORF1ab:cds-YP_009724389.1	GCT	A	GTT	V	3924
NC_045512.2	12036	C	T	9159	6085	42	11	8	47	0.00119943	9171	0.000486818	TRUE	ORF1ab:cds-YP_009725295.1	GCT	A	GTT	V	3924
NC_045512.2	12036	C	A	9159	6085	42	1	1	37	0.000109039	9171	0.999021	FALSE	ORF1ab:cds-YP_009724389.1	GCT	A	GAT	D	3924
NC_045512.2	12036	C	A	9159	6085	42	1	1	37	0.000109039	9171	0.999021	FALSE	ORF1ab:cds-YP_009725295.1	GCT	A	GAT	D	3924
NC_045512.2	12037	T	C	9132	6064	42	2	1	37	0.000218962	9134	0.994155	FALSE	ORF1ab:cds-YP_009724389.1	GCT	A	GCC	A	3924
NC_045512.2	12037	T	C	9132	6064	42	2	1	37	0.000218962	9134	0.994155	FALSE	ORF1ab:cds-YP_009725295.1	GCT	A	GCC	A	3924
NC_045512.2	12038	G	A	9086	6075	42	2	2	37	0.00022007	9088	0.994155	FALSE	ORF1ab:cds-YP_009724389.1	GTA	V	ATA	I	3925
NC_045512.2	12038	G	A	9086	6075	42	2	2	37	0.00022007	9088	0.994155	FALSE	ORF1ab:cds-YP_009725295.1	GTA	V	ATA	I	3925
NC_045512.2	12040	A	T	9039	6170	42	1	0	37	0.000110607	9041	0.999026	FALSE	ORF1ab:cds-YP_009724389.1	GTA	V	GTT	V	3925
NC_045512.2	12040	A	T	9039	6170	42	1	0	37	0.000110607	9041	0.999026	FALSE	ORF1ab:cds-YP_009725295.1	GTA	V	GTT	V	3925
NC_045512.2	12040	A	G	9039	6170	42	1	1	37	0.000110607	9041	0.999026	FALSE	ORF1ab:cds-YP_009724389.1	GTA	V	GTG	V	3925
NC_045512.2	12040	A	G	9039	6170	42	1	1	37	0.000110607	9041	0.999026	FALSE	ORF1ab:cds-YP_009725295.1	GTA	V	GTG	V	3925
NC_045512.2	12041	G	A	9308	6463	42	1	1	37	0.000107423	9309	0.999026	FALSE	ORF1ab:cds-YP_009724389.1	GAC	D	AAC	N	3926
NC_045512.2	12041	G	A	9308	6463	42	1	1	37	0.000107423	9309	0.999026	FALSE	ORF1ab:cds-YP_009725295.1	GAC	D	AAC	N	3926
NC_045512.2	12042	A	T	8600	5736	43	1	1	37	0.000116198	8606	0.998047	FALSE	ORF1ab:cds-YP_009724389.1	GAC	D	GTC	V	3926
NC_045512.2	12042	A	T	8600	5736	43	1	1	37	0.000116198	8606	0.998047	FALSE	ORF1ab:cds-YP_009725295.1	GAC	D	GTC	V	3926
NC_045512.2	12042	A	C	8600	5736	43	5	0	37	0.00058099	8606	0.866668	FALSE	ORF1ab:cds-YP_009724389.1	GAC	D	GCC	A	3926
NC_045512.2	12042	A	C	8600	5736	43	5	0	37	0.00058099	8606	0.866668	FALSE	ORF1ab:cds-YP_009725295.1	GAC	D	GCC	A	3926
NC_045512.2	12043	C	A	8477	5783	42	1	1	37	0.000117952	8478	0.998052	FALSE	ORF1ab:cds-YP_009724389.1	GAC	D	GAA	E	3926
NC_045512.2	12043	C	A	8477	5783	42	1	1	37	0.000117952	8478	0.998052	FALSE	ORF1ab:cds-YP_009725295.1	GAC	D	GAA	E	3926
NC_045512.2	12044	A	T	8319	5653	42	1	0	25	0.000120178	8321	1	FALSE	ORF1ab:cds-YP_009724389.1	ATA	I	TTA	L	3927
NC_045512.2	12044	A	T	8319	5653	42	1	0	25	0.000120178	8321	1	FALSE	ORF1ab:cds-YP_009725295.1	ATA	I	TTA	L	3927
NC_045512.2	12044	A	G	8319	5653	42	1	1	37	0.000120178	8321	0.998051	FALSE	ORF1ab:cds-YP_009724389.1	ATA	I	GTA	V	3927
NC_045512.2	12044	A	G	8319	5653	42	1	1	37	0.000120178	8321	0.998051	FALSE	ORF1ab:cds-YP_009725295.1	ATA	I	GTA	V	3927
NC_045512.2	12044	A	+G	8319	5653	42	1	0	20	0.000120178	8321	1	FALSE	NA	NA	NA	NA	NA	NA
NC_045512.2	12045	T	C	8338	5639	42	1	1	25	0.000119918	8339	1	FALSE	ORF1ab:cds-YP_009724389.1	ATA	I	ACA	T	3927
NC_045512.2	12045	T	C	8338	5639	42	1	1	25	0.000119918	8339	1	FALSE	ORF1ab:cds-YP_009725295.1	ATA	I	ACA	T	3927
NC_045512.2	12046	A	G	8370	5664	42	4	3	46	0.000477669	8374	0.0624925	FALSE	ORF1ab:cds-YP_009724389.1	ATA	I	ATG	M	3927
NC_045512.2	12046	A	G	8370	5664	42	4	3	46	0.000477669	8374	0.0624925	FALSE	ORF1ab:cds-YP_009725295.1	ATA	I	ATG	M	3927
NC_045512.2	12048	A	G	8279	5628	42	1	1	37	0.000120773	8280	0.998052	FALSE	ORF1ab:cds-YP_009724389.1	AAC	N	AGC	S	3928
NC_045512.2	12048	A	G	8279	5628	42	1	1	37	0.000120773	8280	0.998052	FALSE	ORF1ab:cds-YP_009725295.1	AAC	N	AGC	S	3928
NC_045512.2	12049	C	A	8313	5683	42	1	1	37	0.000120279	8314	0.998052	FALSE	ORF1ab:cds-YP_009724389.1	AAC	N	AAA	K	3928
NC_045512.2	12049	C	A	8313	5683	42	1	1	37	0.000120279	8314	0.998052	FALSE	ORF1ab:cds-YP_009725295.1	AAC	N	AAA	K	3928
NC_045512.2	12050	A	C	8229	5605	42	1	0	74	0.000121507	8230	0.50003	FALSE	ORF1ab:cds-YP_009724389.1	AAG	K	CAG	Q	3929
NC_045512.2	12050	A	C	8229	5605	42	1	0	74	0.000121507	8230	0.50003	FALSE	ORF1ab:cds-YP_009725295.1	AAG	K	CAG	Q	3929
NC_045512.2	12052	G	A	8274	5820	42	5	5	44	0.000603938	8279	0.0312406	FALSE	ORF1ab:cds-YP_009724389.1	AAG	K	AAA	K	3929
NC_045512.2	12052	G	A	8274	5820	42	5	5	44	0.000603938	8279	0.0312406	FALSE	ORF1ab:cds-YP_009725295.1	AAG	K	AAA	K	3929
NC_045512.2	12053	C	T	8041	5903	41	4	3	52	0.000497018	8048	0.0624456	FALSE	ORF1ab:cds-YP_009724389.1	CTT	L	TTT	F	3930
NC_045512.2	12053	C	T	8041	5903	41	4	3	52	0.000497018	8048	0.0624456	FALSE	ORF1ab:cds-YP_009725295.1	CTT	L	TTT	F	3930
NC_045512.2	12053	C	G	8041	5903	41	2	2	37	0.000248509	8048	0.989255	FALSE	ORF1ab:cds-YP_009724389.1	CTT	L	GTT	V	3930
NC_045512.2	12053	C	G	8041	5903	41	2	2	37	0.000248509	8048	0.989255	FALSE	ORF1ab:cds-YP_009725295.1	CTT	L	GTT	V	3930
NC_045512.2	12053	C	A	8041	5903	41	1	1	37	0.000124254	8048	0.998046	FALSE	ORF1ab:cds-YP_009724389.1	CTT	L	ATT	I	3930
NC_045512.2	12053	C	A	8041	5903	41	1	1	37	0.000124254	8048	0.998046	FALSE	ORF1ab:cds-YP_009725295.1	CTT	L	ATT	I	3930
NC_045512.2	12054	T	C	7843	5799	41	3	0	37	0.000382312	7847	0.945369	FALSE	ORF1ab:cds-YP_009724389.1	CTT	L	CCT	P	3930
NC_045512.2	12054	T	C	7843	5799	41	3	0	37	0.000382312	7847	0.945369	FALSE	ORF1ab:cds-YP_009725295.1	CTT	L	CCT	P	3930
NC_045512.2	12054	T	A	7843	5799	41	1	1	37	0.000127437	7847	0.996097	FALSE	ORF1ab:cds-YP_009724389.1	CTT	L	CAT	H	3930
NC_045512.2	12054	T	A	7843	5799	41	1	1	37	0.000127437	7847	0.996097	FALSE	ORF1ab:cds-YP_009725295.1	CTT	L	CAT	H	3930
NC_045512.2	12055	T	G	7713	5789	40	1	0	37	0.000129618	7715	0.996101	FALSE	ORF1ab:cds-YP_009724389.1	CTT	L	CTG	L	3930
NC_045512.2	12055	T	G	7713	5789	40	1	0	37	0.000129618	7715	0.996101	FALSE	ORF1ab:cds-YP_009725295.1	CTT	L	CTG	L	3930
NC_045512.2	12055	T	C	7713	5789	40	1	0	37	0.000129618	7715	0.996101	FALSE	ORF1ab:cds-YP_009724389.1	CTT	L	CTC	L	3930
NC_045512.2	12055	T	C	7713	5789	40	1	0	37	0.000129618	7715	0.996101	FALSE	ORF1ab:cds-YP_009725295.1	CTT	L	CTC	L	3930
NC_045512.2	12057	G	A	7859	5874	41	1	1	37	0.000127226	7860	0.996103	FALSE	ORF1ab:cds-YP_009724389.1	TGT	C	TAT	Y	3931
NC_045512.2	12057	G	A	7859	5874	41	1	1	37	0.000127226	7860	0.996103	FALSE	ORF1ab:cds-YP_009725295.1	TGT	C	TAT	Y	3931
NC_045512.2	12060	A	T	8122	6238	41	1	1	37	0.000123077	8125	0.99805	FALSE	ORF1ab:cds-YP_009724389.1	GAA	E	GTA	V	3932
NC_045512.2	12060	A	T	8122	6238	41	1	1	37	0.000123077	8125	0.99805	FALSE	ORF1ab:cds-YP_009725295.1	GAA	E	GTA	V	3932
NC_045512.2	12060	A	G	8122	6238	41	2	0	37	0.000246154	8125	0.989277	FALSE	ORF1ab:cds-YP_009724389.1	GAA	E	GGA	G	3932
NC_045512.2	12060	A	G	8122	6238	41	2	0	37	0.000246154	8125	0.989277	FALSE	ORF1ab:cds-YP_009725295.1	GAA	E	GGA	G	3932
NC_045512.2	12061	A	T	8835	7169	42	2	1	31	0.000226142	8844	0.989245	FALSE	ORF1ab:cds-YP_009724389.1	GAA	E	GAT	D	3932
NC_045512.2	12061	A	T	8835	7169	42	2	1	31	0.000226142	8844	0.989245	FALSE	ORF1ab:cds-YP_009725295.1	GAA	E	GAT	D	3932
NC_045512.2	12061	A	G	8835	7169	42	7	7	37	0.000791497	8844	0.696381	FALSE	ORF1ab:cds-YP_009724389.1	GAA	E	GAG	E	3932
NC_045512.2	12061	A	G	8835	7169	42	7	7	37	0.000791497	8844	0.696381	FALSE	ORF1ab:cds-YP_009725295.1	GAA	E	GAG	E	3932
NC_045512.2	12063	A	C	8868	7207	42	1	1	37	0.000112752	8869	0.998052	FALSE	ORF1ab:cds-YP_009724389.1	GAA	E	GCA	A	3933
NC_045512.2	12063	A	C	8868	7207	42	1	1	37	0.000112752	8869	0.998052	FALSE	ORF1ab:cds-YP_009725295.1	GAA	E	GCA	A	3933
NC_045512.2	12064	A	G	8803	7137	42	2	2	37	0.000227144	8805	0.98928	FALSE	ORF1ab:cds-YP_009724389.1	GAA	E	GAG	E	3933
NC_045512.2	12064	A	G	8803	7137	42	2	2	37	0.000227144	8805	0.98928	FALSE	ORF1ab:cds-YP_009725295.1	GAA	E	GAG	E	3933
NC_045512.2	12066	T	A	8951	7297	43	2	1	37	0.000223389	8953	0.98928	FALSE	ORF1ab:cds-YP_009724389.1	ATG	M	AAG	K	3934
NC_045512.2	12066	T	A	8951	7297	43	2	1	37	0.000223389	8953	0.98928	FALSE	ORF1ab:cds-YP_009725295.1	ATG	M	AAG	K	3934
NC_045512.2	12067	G	A	8944	7387	42	5	3	49	0.000558722	8949	0.0312413	FALSE	ORF1ab:cds-YP_009724389.1	ATG	M	ATA	I	3934
NC_045512.2	12067	G	A	8944	7387	42	5	3	49	0.000558722	8949	0.0312413	FALSE	ORF1ab:cds-YP_009725295.1	ATG	M	ATA	I	3934
NC_045512.2	12068	C	T	8930	7354	42	18	14	39	0.00201162	8948	0.0376774	FALSE	ORF1ab:cds-YP_009724389.1	CTG	L	TTG	L	3935
NC_045512.2	12068	C	T	8930	7354	42	18	14	39	0.00201162	8948	0.0376774	FALSE	ORF1ab:cds-YP_009725295.1	CTG	L	TTG	L	3935
NC_045512.2	12069	T	C	8905	7327	42	2	2	29	0.000224542	8907	1	FALSE	ORF1ab:cds-YP_009724389.1	CTG	L	CCG	P	3935
NC_045512.2	12069	T	C	8905	7327	42	2	2	29	0.000224542	8907	1	FALSE	ORF1ab:cds-YP_009725295.1	CTG	L	CCG	P	3935
NC_045512.2	12070	G	T	8921	7341	42	1	1	37	0.000112082	8922	0.998052	FALSE	ORF1ab:cds-YP_009724389.1	CTG	L	CTT	L	3935
NC_045512.2	12070	G	T	8921	7341	42	1	1	37	0.000112082	8922	0.998052	FALSE	ORF1ab:cds-YP_009725295.1	CTG	L	CTT	L	3935
NC_045512.2	12071	G	A	9263	7816	43	1	1	74	0.000107945	9264	0.500027	FALSE	ORF1ab:cds-YP_009724389.1	GAC	D	AAC	N	3936
NC_045512.2	12071	G	A	9263	7816	43	1	1	74	0.000107945	9264	0.500027	FALSE	ORF1ab:cds-YP_009725295.1	GAC	D	AAC	N	3936
NC_045512.2	12071	G	-A	9263	7816	43	1	0	20	0.000107945	9264	1	FALSE	NA	NA	NA	NA	NA	NA
NC_045512.2	12072	A	G	9207	7973	42	1	1	37	0.000108601	9208	0.999026	FALSE	ORF1ab:cds-YP_009724389.1	GAC	D	GGC	G	3936
NC_045512.2	12072	A	G	9207	7973	42	1	1	37	0.000108601	9208	0.999026	FALSE	ORF1ab:cds-YP_009725295.1	GAC	D	GGC	G	3936
NC_045512.2	12073	C	T	9307	8098	42	4	4	34	0.000429553	9312	0.953914	FALSE	ORF1ab:cds-YP_009724389.1	GAC	D	GAT	D	3936
NC_045512.2	12073	C	T	9307	8098	42	4	4	34	0.000429553	9312	0.953914	FALSE	ORF1ab:cds-YP_009725295.1	GAC	D	GAT	D	3936
NC_045512.2	12073	C	A	9307	8098	42	1	1	37	0.000107388	9312	0.999024	FALSE	ORF1ab:cds-YP_009724389.1	GAC	D	GAA	E	3936
NC_045512.2	12073	C	A	9307	8098	42	1	1	37	0.000107388	9312	0.999024	FALSE	ORF1ab:cds-YP_009725295.1	GAC	D	GAA	E	3936
NC_045512.2	12074	A	G	9112	7949	41	1	1	37	0.000109733	9113	0.999026	FALSE	ORF1ab:cds-YP_009724389.1	AAC	N	GAC	D	3937
NC_045512.2	12074	A	G	9112	7949	41	1	1	37	0.000109733	9113	0.999026	FALSE	ORF1ab:cds-YP_009725295.1	AAC	N	GAC	D	3937
NC_045512.2	12075	A	G	9097	7977	41	4	4	37	0.000439512	9101	0.953934	FALSE	ORF1ab:cds-YP_009724389.1	AAC	N	AGC	S	3937
NC_045512.2	12075	A	G	9097	7977	41	4	4	37	0.000439512	9101	0.953934	FALSE	ORF1ab:cds-YP_009725295.1	AAC	N	AGC	S	3937
NC_045512.2	12076	C	T	9247	8128	42	2	2	55	0.00021624	9249	0.250014	FALSE	ORF1ab:cds-YP_009724389.1	AAC	N	AAT	N	3937
NC_045512.2	12076	C	T	9247	8128	42	2	2	55	0.00021624	9249	0.250014	FALSE	ORF1ab:cds-YP_009725295.1	AAC	N	AAT	N	3937
NC_045512.2	12077	A	T	9422	8535	41	2	1	49	0.000212067	9431	0.249828	FALSE	ORF1ab:cds-YP_009724389.1	AGG	R	TGG	W	3938
NC_045512.2	12077	A	T	9422	8535	41	2	1	49	0.000212067	9431	0.249828	FALSE	ORF1ab:cds-YP_009725295.1	AGG	R	TGG	W	3938
NC_045512.2	12077	A	G	9422	8535	41	6	6	37	0.0006362	9431	0.849121	FALSE	ORF1ab:cds-YP_009724389.1	AGG	R	GGG	G	3938
NC_045512.2	12077	A	G	9422	8535	41	6	6	37	0.0006362	9431	0.849121	FALSE	ORF1ab:cds-YP_009725295.1	AGG	R	GGG	G	3938
NC_045512.2	12077	A	C	9422	8535	41	1	1	74	0.000106033	9431	0.499814	FALSE	ORF1ab:cds-YP_009724389.1	AGG	R	CGG	R	3938
NC_045512.2	12077	A	C	9422	8535	41	1	1	74	0.000106033	9431	0.499814	FALSE	ORF1ab:cds-YP_009725295.1	AGG	R	CGG	R	3938
NC_045512.2	12078	G	T	9576	8738	42	4	4	37	0.000417537	9580	0.95393	FALSE	ORF1ab:cds-YP_009724389.1	AGG	R	ATG	M	3938
NC_045512.2	12078	G	T	9576	8738	42	4	4	37	0.000417537	9580	0.95393	FALSE	ORF1ab:cds-YP_009725295.1	AGG	R	ATG	M	3938
NC_045512.2	12079	G	T	9421	8744	41	1	1	37	0.000106101	9425	0.999025	FALSE	ORF1ab:cds-YP_009724389.1	AGG	R	AGT	S	3938
NC_045512.2	12079	G	T	9421	8744	41	1	1	37	0.000106101	9425	0.999025	FALSE	ORF1ab:cds-YP_009725295.1	AGG	R	AGT	S	3938
NC_045512.2	12079	G	A	9421	8744	41	3	3	33	0.000318302	9425	0.980743	FALSE	ORF1ab:cds-YP_009724389.1	AGG	R	AGA	R	3938
NC_045512.2	12079	G	A	9421	8744	41	3	3	33	0.000318302	9425	0.980743	FALSE	ORF1ab:cds-YP_009725295.1	AGG	R	AGA	R	3938
NC_045512.2	12080	G	C	9423	8746	41	1	1	36	0.000106033	9431	0.999023	FALSE	ORF1ab:cds-YP_009724389.1	GCA	A	CCA	P	3939
NC_045512.2	12080	G	C	9423	8746	41	1	1	36	0.000106033	9431	0.999023	FALSE	ORF1ab:cds-YP_009725295.1	GCA	A	CCA	P	3939
NC_045512.2	12080	G	A	9423	8746	41	7	7	42	0.000742233	9431	0.0078038	TRUE	ORF1ab:cds-YP_009724389.1	GCA	A	ACA	T	3939
NC_045512.2	12080	G	A	9423	8746	41	7	7	42	0.000742233	9431	0.0078038	TRUE	ORF1ab:cds-YP_009725295.1	GCA	A	ACA	T	3939
NC_045512.2	12080	G	-C	9423	8746	41	1	0	20	0.000106033	9431	1	FALSE	NA	NA	NA	NA	NA	NA
NC_045512.2	12081	C	T	9409	8732	41	7	6	47	0.000743415	9416	0.00780379	TRUE	ORF1ab:cds-YP_009724389.1	GCA	A	GTA	V	3939
NC_045512.2	12081	C	T	9409	8732	41	7	6	47	0.000743415	9416	0.00780379	TRUE	ORF1ab:cds-YP_009725295.1	GCA	A	GTA	V	3939
NC_045512.2	12082	A	T	9238	8559	41	1	1	25	0.000108225	9240	1	FALSE	ORF1ab:cds-YP_009724389.1	GCA	A	GCT	A	3939
NC_045512.2	12082	A	T	9238	8559	41	1	1	25	0.000108225	9240	1	FALSE	ORF1ab:cds-YP_009725295.1	GCA	A	GCT	A	3939
NC_045512.2	12082	A	G	9238	8559	41	1	1	37	0.000108225	9240	0.999026	FALSE	ORF1ab:cds-YP_009724389.1	GCA	A	GCG	A	3939
NC_045512.2	12082	A	G	9238	8559	41	1	1	37	0.000108225	9240	0.999026	FALSE	ORF1ab:cds-YP_009725295.1	GCA	A	GCG	A	3939
NC_045512.2	12083	A	G	9208	8530	41	1	1	37	0.000108589	9209	0.999026	FALSE	ORF1ab:cds-YP_009724389.1	ACC	T	GCC	A	3940
NC_045512.2	12083	A	G	9208	8530	41	1	1	37	0.000108589	9209	0.999026	FALSE	ORF1ab:cds-YP_009725295.1	ACC	T	GCC	A	3940
NC_045512.2	12084	C	T	9169	8491	41	1	1	25	0.000109039	9171	1	FALSE	ORF1ab:cds-YP_009724389.1	ACC	T	ATC	I	3940
NC_045512.2	12084	C	T	9169	8491	41	1	1	25	0.000109039	9171	1	FALSE	ORF1ab:cds-YP_009725295.1	ACC	T	ATC	I	3940
NC_045512.2	12084	C	A	9169	8491	41	1	1	37	0.000109039	9171	0.999026	FALSE	ORF1ab:cds-YP_009724389.1	ACC	T	AAC	N	3940
NC_045512.2	12084	C	A	9169	8491	41	1	1	37	0.000109039	9171	0.999026	FALSE	ORF1ab:cds-YP_009725295.1	ACC	T	AAC	N	3940
NC_045512.2	12085	C	T	9150	8474	41	1	1	37	0.000109278	9151	0.999026	FALSE	ORF1ab:cds-YP_009724389.1	ACC	T	ACT	T	3940
NC_045512.2	12085	C	T	9150	8474	41	1	1	37	0.000109278	9151	0.999026	FALSE	ORF1ab:cds-YP_009725295.1	ACC	T	ACT	T	3940
NC_045512.2	12085	C	-T	9150	8474	41	1	0	20	0.000109278	9151	1	FALSE	NA	NA	NA	NA	NA	NA
NC_045512.2	12086	T	C	9109	8436	41	3	1	61	0.000329236	9112	0.124979	FALSE	ORF1ab:cds-YP_009724389.1	TTA	L	CTA	L	3941
NC_045512.2	12086	T	C	9109	8436	41	3	1	61	0.000329236	9112	0.124979	FALSE	ORF1ab:cds-YP_009725295.1	TTA	L	CTA	L	3941
NC_045512.2	12088	A	T	8969	8296	41	1	1	74	0.000111483	8970	0.500028	FALSE	ORF1ab:cds-YP_009724389.1	TTA	L	TTT	F	3941
NC_045512.2	12088	A	T	8969	8296	41	1	1	74	0.000111483	8970	0.500028	FALSE	ORF1ab:cds-YP_009725295.1	TTA	L	TTT	F	3941
NC_045512.2	12089	C	T	8991	8318	41	1	1	37	0.000111198	8993	0.998051	FALSE	ORF1ab:cds-YP_009724389.1	CAA	Q	TAA	*	3942
NC_045512.2	12089	C	T	8991	8318	41	1	1	37	0.000111198	8993	0.998051	FALSE	ORF1ab:cds-YP_009725295.1	CAA	Q	TAA	*	3942
NC_045512.2	12089	C	A	8991	8318	41	1	1	37	0.000111198	8993	0.998051	FALSE	ORF1ab:cds-YP_009724389.1	CAA	Q	AAA	K	3942
NC_045512.2	12089	C	A	8991	8318	41	1	1	37	0.000111198	8993	0.998051	FALSE	ORF1ab:cds-YP_009725295.1	CAA	Q	AAA	K	3942
NC_045512.2	12090	A	T	8881	8208	40	1	1	37	0.000112562	8884	0.99805	FALSE	ORF1ab:cds-YP_009724389.1	CAA	Q	CTA	L	3942
NC_045512.2	12090	A	T	8881	8208	40	1	1	37	0.000112562	8884	0.99805	FALSE	ORF1ab:cds-YP_009725295.1	CAA	Q	CTA	L	3942
NC_045512.2	12090	A	G	8881	8208	40	1	1	37	0.000112562	8884	0.99805	FALSE	ORF1ab:cds-YP_009724389.1	CAA	Q	CGA	R	3942
NC_045512.2	12090	A	G	8881	8208	40	1	1	37	0.000112562	8884	0.99805	FALSE	ORF1ab:cds-YP_009725295.1	CAA	Q	CGA	R	3942
NC_045512.2	12090	A	C	8881	8208	40	1	0	74	0.000112562	8884	0.499972	FALSE	ORF1ab:cds-YP_009724389.1	CAA	Q	CCA	P	3942
NC_045512.2	12090	A	C	8881	8208	40	1	0	74	0.000112562	8884	0.499972	FALSE	ORF1ab:cds-YP_009725295.1	CAA	Q	CCA	P	3942
NC_045512.2	12091	A	T	8863	8201	40	1	1	74	0.000112778	8867	0.499944	FALSE	ORF1ab:cds-YP_009724389.1	CAA	Q	CAT	H	3942
NC_045512.2	12091	A	T	8863	8201	40	1	1	74	0.000112778	8867	0.499944	FALSE	ORF1ab:cds-YP_009725295.1	CAA	Q	CAT	H	3942
NC_045512.2	12091	A	G	8863	8201	40	3	3	32	0.000338333	8867	0.967326	FALSE	ORF1ab:cds-YP_009724389.1	CAA	Q	CAG	Q	3942
NC_045512.2	12091	A	G	8863	8201	40	3	3	32	0.000338333	8867	0.967326	FALSE	ORF1ab:cds-YP_009725295.1	CAA	Q	CAG	Q	3942
NC_045512.2	12093	C	T	8567	7898	41	1	1	37	0.000116713	8568	0.998052	FALSE	ORF1ab:cds-YP_009724389.1	GCT	A	GTT	V	3943
NC_045512.2	12093	C	T	8567	7898	41	1	1	37	0.000116713	8568	0.998052	FALSE	ORF1ab:cds-YP_009725295.1	GCT	A	GTT	V	3943
NC_045512.2	12094	T	C	8532	7864	41	3	3	37	0.000351494	8535	0.967342	FALSE	ORF1ab:cds-YP_009724389.1	GCT	A	GCC	A	3943
NC_045512.2	12094	T	C	8532	7864	41	3	3	37	0.000351494	8535	0.967342	FALSE	ORF1ab:cds-YP_009725295.1	GCT	A	GCC	A	3943
NC_045512.2	12095	A	G	8489	7823	41	2	2	37	0.000235544	8491	0.989281	FALSE	ORF1ab:cds-YP_009724389.1	ATA	I	GTA	V	3944
NC_045512.2	12095	A	G	8489	7823	41	2	2	37	0.000235544	8491	0.989281	FALSE	ORF1ab:cds-YP_009725295.1	ATA	I	GTA	V	3944
NC_045512.2	12096	T	C	8438	7771	41	1	0	74	0.000118497	8439	0.50003	FALSE	ORF1ab:cds-YP_009724389.1	ATA	I	ACA	T	3944
NC_045512.2	12096	T	C	8438	7771	41	1	0	74	0.000118497	8439	0.50003	FALSE	ORF1ab:cds-YP_009725295.1	ATA	I	ACA	T	3944
NC_045512.2	12097	A	G	8430	7759	41	1	1	37	0.00011861	8431	0.998052	FALSE	ORF1ab:cds-YP_009724389.1	ATA	I	ATG	M	3944
NC_045512.2	12097	A	G	8430	7759	41	1	1	37	0.00011861	8431	0.998052	FALSE	ORF1ab:cds-YP_009725295.1	ATA	I	ATG	M	3944
NC_045512.2	12099	C	T	8474	7811	41	1	1	37	0.000117994	8475	0.998052	FALSE	ORF1ab:cds-YP_009724389.1	GCC	A	GTC	V	3945
NC_045512.2	12099	C	T	8474	7811	41	1	1	37	0.000117994	8475	0.998052	FALSE	ORF1ab:cds-YP_009725295.1	GCC	A	GTC	V	3945
NC_045512.2	12100	C	T	7361	6773	41	883	822	40	0.107108	8244	2.3535e-277	TRUE	ORF1ab:cds-YP_009724389.1	GCC	A	GCT	A	3945
NC_045512.2	12100	C	T	7361	6773	41	883	822	40	0.107108	8244	2.3535e-277	TRUE	ORF1ab:cds-YP_009725295.1	GCC	A	GCT	A	3945
NC_045512.2	12101	T	C	7560	6919	41	1	1	37	0.00013224	7562	0.996101	FALSE	ORF1ab:cds-YP_009724389.1	TCA	S	CCA	P	3946
NC_045512.2	12101	T	C	7560	6919	41	1	1	37	0.00013224	7562	0.996101	FALSE	ORF1ab:cds-YP_009725295.1	TCA	S	CCA	P	3946
NC_045512.2	12101	T	A	7560	6919	41	1	1	37	0.00013224	7562	0.996101	FALSE	ORF1ab:cds-YP_009724389.1	TCA	S	ACA	T	3946
NC_045512.2	12101	T	A	7560	6919	41	1	1	37	0.00013224	7562	0.996101	FALSE	ORF1ab:cds-YP_009725295.1	TCA	S	ACA	T	3946
NC_045512.2	12102	C	T	7593	6955	42	1	1	37	0.000131683	7594	0.996103	FALSE	ORF1ab:cds-YP_009724389.1	TCA	S	TTA	L	3946
NC_045512.2	12102	C	T	7593	6955	42	1	1	37	0.000131683	7594	0.996103	FALSE	ORF1ab:cds-YP_009725295.1	TCA	S	TTA	L	3946
NC_045512.2	12103	A	G	7516	6875	41	1	1	74	0.000133032	7517	0.500033	FALSE	ORF1ab:cds-YP_009724389.1	TCA	S	TCG	S	3946
NC_045512.2	12103	A	G	7516	6875	41	1	1	74	0.000133032	7517	0.500033	FALSE	ORF1ab:cds-YP_009725295.1	TCA	S	TCG	S	3946
NC_045512.2	12104	G	T	7620	6981	42	1	1	37	0.000131216	7621	0.996103	FALSE	ORF1ab:cds-YP_009724389.1	GAG	E	TAG	*	3947
NC_045512.2	12104	G	T	7620	6981	42	1	1	37	0.000131216	7621	0.996103	FALSE	ORF1ab:cds-YP_009725295.1	GAG	E	TAG	*	3947
NC_045512.2	12105	A	T	7531	6893	41	1	1	25	0.000132749	7533	1	FALSE	ORF1ab:cds-YP_009724389.1	GAG	E	GTG	V	3947
NC_045512.2	12105	A	T	7531	6893	41	1	1	25	0.000132749	7533	1	FALSE	ORF1ab:cds-YP_009725295.1	GAG	E	GTG	V	3947
NC_045512.2	12105	A	G	7531	6893	41	1	0	74	0.000132749	7533	0.5	FALSE	ORF1ab:cds-YP_009724389.1	GAG	E	GGG	G	3947
NC_045512.2	12105	A	G	7531	6893	41	1	0	74	0.000132749	7533	0.5	FALSE	ORF1ab:cds-YP_009725295.1	GAG	E	GGG	G	3947
NC_045512.2	12107	T	C	7286	6660	41	3	1	37	0.000411579	7289	0.945397	FALSE	ORF1ab:cds-YP_009724389.1	TTT	F	CTT	L	3948
NC_045512.2	12107	T	C	7286	6660	41	3	1	37	0.000411579	7289	0.945397	FALSE	ORF1ab:cds-YP_009725295.1	TTT	F	CTT	L	3948
NC_045512.2	12111	G	A	7203	6639	41	1	1	37	0.000138812	7204	0.996104	FALSE	ORF1ab:cds-YP_009724389.1	AGT	S	AAT	N	3949
NC_045512.2	12111	G	A	7203	6639	41	1	1	37	0.000138812	7204	0.996104	FALSE	ORF1ab:cds-YP_009725295.1	AGT	S	AAT	N	3949
NC_045512.2	12112	T	G	6498	5940	39	1	1	25	0.000153846	6500	1	FALSE	ORF1ab:cds-YP_009724389.1	AGT	S	AGG	R	3949
NC_045512.2	12112	T	G	6498	5940	39	1	1	25	0.000153846	6500	1	FALSE	ORF1ab:cds-YP_009725295.1	AGT	S	AGG	R	3949
NC_045512.2	12112	T	C	6498	5940	39	1	1	37	0.000153846	6500	0.9922	FALSE	ORF1ab:cds-YP_009724389.1	AGT	S	AGC	S	3949
NC_045512.2	12112	T	C	6498	5940	39	1	1	37	0.000153846	6500	0.9922	FALSE	ORF1ab:cds-YP_009725295.1	AGT	S	AGC	S	3949
NC_045512.2	12113	T	C	7062	6546	41	1	1	37	0.000141583	7063	0.996104	FALSE	ORF1ab:cds-YP_009724389.1	TCC	S	CCC	P	3950
NC_045512.2	12113	T	C	7062	6546	41	1	1	37	0.000141583	7063	0.996104	FALSE	ORF1ab:cds-YP_009725295.1	TCC	S	CCC	P	3950
NC_045512.2	12113	T	-C	7062	6546	41	1	0	20	0.000141583	7063	1	FALSE	NA	NA	NA	NA	NA	NA
NC_045512.2	12113	T	+C	7062	6546	41	1	0	20	0.000141583	7063	1	FALSE	NA	NA	NA	NA	NA	NA
NC_045512.2	12114	C	T	7015	6497	41	1	1	74	0.000142511	7017	0.499964	FALSE	ORF1ab:cds-YP_009724389.1	TCC	S	TTC	F	3950
NC_045512.2	12114	C	T	7015	6497	41	1	1	74	0.000142511	7017	0.499964	FALSE	ORF1ab:cds-YP_009725295.1	TCC	S	TTC	F	3950
NC_045512.2	12114	C	G	7015	6497	41	1	1	37	0.000142511	7017	0.996099	FALSE	ORF1ab:cds-YP_009724389.1	TCC	S	TGC	C	3950
NC_045512.2	12114	C	G	7015	6497	41	1	1	37	0.000142511	7017	0.996099	FALSE	ORF1ab:cds-YP_009725295.1	TCC	S	TGC	C	3950
NC_045512.2	12115	C	T	5541	5089	41	634	585	41	0.102655	6176	5.0754e-199	TRUE	ORF1ab:cds-YP_009724389.1	TCC	S	TCT	S	3950
NC_045512.2	12115	C	T	5541	5089	41	634	585	41	0.102655	6176	5.0754e-199	TRUE	ORF1ab:cds-YP_009725295.1	TCC	S	TCT	S	3950
NC_045512.2	12115	C	A	5541	5089	41	1	1	37	0.000161917	6176	0.988727	FALSE	ORF1ab:cds-YP_009724389.1	TCC	S	TCA	S	3950
NC_045512.2	12115	C	A	5541	5089	41	1	1	37	0.000161917	6176	0.988727	FALSE	ORF1ab:cds-YP_009725295.1	TCC	S	TCA	S	3950
NC_045512.2	12116	C	G	5964	5463	41	1	1	37	0.00016756	5968	0.984379	FALSE	ORF1ab:cds-YP_009724389.1	CTT	L	GTT	V	3951
NC_045512.2	12116	C	G	5964	5463	41	1	1	37	0.00016756	5968	0.984379	FALSE	ORF1ab:cds-YP_009725295.1	CTT	L	GTT	V	3951
NC_045512.2	12116	C	A	5964	5463	41	3	3	37	0.000502681	5968	0.855551	FALSE	ORF1ab:cds-YP_009724389.1	CTT	L	ATT	I	3951
NC_045512.2	12116	C	A	5964	5463	41	3	3	37	0.000502681	5968	0.855551	FALSE	ORF1ab:cds-YP_009725295.1	CTT	L	ATT	I	3951
NC_045512.2	12116	C	-T	5964	5463	41	2	0	20	0.000335121	5968	1	FALSE	NA	NA	NA	NA	NA	NA
NC_045512.2	12117	T	C	5676	5174	41	1	1	37	0.000176149	5677	0.984387	FALSE	ORF1ab:cds-YP_009724389.1	CTT	L	CCT	P	3951
NC_045512.2	12117	T	C	5676	5174	41	1	1	37	0.000176149	5677	0.984387	FALSE	ORF1ab:cds-YP_009725295.1	CTT	L	CCT	P	3951
NC_045512.2	12118	T	C	5844	5346	42	3	3	33	0.000513084	5847	0.855609	FALSE	ORF1ab:cds-YP_009724389.1	CTT	L	CTC	L	3951
NC_045512.2	12118	T	C	5844	5346	42	3	3	33	0.000513084	5847	0.855609	FALSE	ORF1ab:cds-YP_009725295.1	CTT	L	CTC	L	3951
NC_045512.2	12119	C	A	5810	5308	42	1	1	37	0.000172087	5811	0.984403	FALSE	ORF1ab:cds-YP_009724389.1	CCA	P	ACA	T	3952
NC_045512.2	12119	C	A	5810	5308	42	1	1	37	0.000172087	5811	0.984403	FALSE	ORF1ab:cds-YP_009725295.1	CCA	P	ACA	T	3952
NC_045512.2	12122	T	C	5615	5127	41	1	1	37	0.000178063	5616	0.984404	FALSE	ORF1ab:cds-YP_009724389.1	TCA	S	CCA	P	3953
NC_045512.2	12122	T	C	5615	5127	41	1	1	37	0.000178063	5616	0.984404	FALSE	ORF1ab:cds-YP_009725295.1	TCA	S	CCA	P	3953
NC_045512.2	12123	C	A	5555	5068	42	1	1	37	0.000179986	5556	0.984405	FALSE	ORF1ab:cds-YP_009724389.1	TCA	S	TAA	*	3953
NC_045512.2	12123	C	A	5555	5068	42	1	1	37	0.000179986	5556	0.984405	FALSE	ORF1ab:cds-YP_009725295.1	TCA	S	TAA	*	3953
NC_045512.2	12125	T	C	5405	4937	41	1	0	37	0.00018498	5406	0.984405	FALSE	ORF1ab:cds-YP_009724389.1	TAT	Y	CAT	H	3954
NC_045512.2	12125	T	C	5405	4937	41	1	0	37	0.00018498	5406	0.984405	FALSE	ORF1ab:cds-YP_009725295.1	TAT	Y	CAT	H	3954
NC_045512.2	12128	G	T	5400	4958	41	1	1	62	0.000184911	5408	0.499722	FALSE	ORF1ab:cds-YP_009724389.1	GCA	A	TCA	S	3955
NC_045512.2	12128	G	T	5400	4958	41	1	1	62	0.000184911	5408	0.499722	FALSE	ORF1ab:cds-YP_009725295.1	GCA	A	TCA	S	3955
NC_045512.2	12128	G	A	5400	4958	41	7	6	47	0.00129438	5408	0.00779733	TRUE	ORF1ab:cds-YP_009724389.1	GCA	A	ACA	T	3955
NC_045512.2	12128	G	A	5400	4958	41	7	6	47	0.00129438	5408	0.00779733	TRUE	ORF1ab:cds-YP_009725295.1	GCA	A	ACA	T	3955
NC_045512.2	12129	C	T	5361	4937	41	8	7	41	0.00148976	5370	0.00389607	TRUE	ORF1ab:cds-YP_009724389.1	GCA	A	GTA	V	3955
NC_045512.2	12129	C	T	5361	4937	41	8	7	41	0.00148976	5370	0.00389607	TRUE	ORF1ab:cds-YP_009725295.1	GCA	A	GTA	V	3955
NC_045512.2	12129	C	A	5361	4937	41	1	1	37	0.00018622	5370	0.984336	FALSE	ORF1ab:cds-YP_009724389.1	GCA	A	GAA	E	3955
NC_045512.2	12129	C	A	5361	4937	41	1	1	37	0.00018622	5370	0.984336	FALSE	ORF1ab:cds-YP_009725295.1	GCA	A	GAA	E	3955
NC_045512.2	12130	A	T	5106	4690	41	1	1	37	0.000195771	5108	0.984398	FALSE	ORF1ab:cds-YP_009724389.1	GCA	A	GCT	A	3955
NC_045512.2	12130	A	T	5106	4690	41	1	1	37	0.000195771	5108	0.984398	FALSE	ORF1ab:cds-YP_009725295.1	GCA	A	GCT	A	3955
NC_045512.2	12130	A	G	5106	4690	41	1	0	74	0.000195771	5108	0.5	FALSE	ORF1ab:cds-YP_009724389.1	GCA	A	GCG	A	3955
NC_045512.2	12130	A	G	5106	4690	41	1	0	74	0.000195771	5108	0.5	FALSE	ORF1ab:cds-YP_009725295.1	GCA	A	GCG	A	3955
NC_045512.2	12131	G	A	5129	4715	41	4	3	52	0.000779271	5133	0.0624878	FALSE	ORF1ab:cds-YP_009724389.1	GCT	A	ACT	T	3956
NC_045512.2	12131	G	A	5129	4715	41	4	3	52	0.000779271	5133	0.0624878	FALSE	ORF1ab:cds-YP_009725295.1	GCT	A	ACT	T	3956
NC_045512.2	12132	C	T	5056	4677	41	1	1	74	0.000197707	5058	0.5	FALSE	ORF1ab:cds-YP_009724389.1	GCT	A	GTT	V	3956
NC_045512.2	12132	C	T	5056	4677	41	1	1	74	0.000197707	5058	0.5	FALSE	ORF1ab:cds-YP_009725295.1	GCT	A	GTT	V	3956
NC_045512.2	12132	C	G	5056	4677	41	1	1	37	0.000197707	5058	0.984398	FALSE	ORF1ab:cds-YP_009724389.1	GCT	A	GGT	G	3956
NC_045512.2	12132	C	G	5056	4677	41	1	1	37	0.000197707	5058	0.984398	FALSE	ORF1ab:cds-YP_009725295.1	GCT	A	GGT	G	3956
NC_045512.2	12132	C	-T	5056	4677	41	3	0	20	0.00059312	5058	1	FALSE	NA	NA	NA	NA	NA	NA
NC_045512.2	12133	T	C	4967	4602	41	1	0	37	0.000201288	4968	0.96875	FALSE	ORF1ab:cds-YP_009724389.1	GCT	A	GCC	A	3956
NC_045512.2	12133	T	C	4967	4602	41	1	0	37	0.000201288	4968	0.96875	FALSE	ORF1ab:cds-YP_009725295.1	GCT	A	GCC	A	3956
NC_045512.2	12135	T	C	4899	4678	39	1	0	37	0.000204082	4900	0.968798	FALSE	ORF1ab:cds-YP_009724389.1	TTT	F	TCT	S	3957
NC_045512.2	12135	T	C	4899	4678	39	1	0	37	0.000204082	4900	0.968798	FALSE	ORF1ab:cds-YP_009725295.1	TTT	F	TCT	S	3957
NC_045512.2	12137	G	T	4906	4739	38	1	1	37	0.000203791	4907	0.968798	FALSE	ORF1ab:cds-YP_009724389.1	GCT	A	TCT	S	3958
NC_045512.2	12137	G	T	4906	4739	38	1	1	37	0.000203791	4907	0.968798	FALSE	ORF1ab:cds-YP_009725295.1	GCT	A	TCT	S	3958
NC_045512.2	12138	C	T	4881	4714	38	6	6	37	0.00122775	4887	0.377016	FALSE	ORF1ab:cds-YP_009724389.1	GCT	A	GTT	V	3958
NC_045512.2	12138	C	T	4881	4714	38	6	6	37	0.00122775	4887	0.377016	FALSE	ORF1ab:cds-YP_009725295.1	GCT	A	GTT	V	3958
NC_045512.2	12139	T	C	4888	4723	38	2	2	37	0.000408998	4890	0.890745	FALSE	ORF1ab:cds-YP_009724389.1	GCT	A	GCC	A	3958
NC_045512.2	12139	T	C	4888	4723	38	2	2	37	0.000408998	4890	0.890745	FALSE	ORF1ab:cds-YP_009725295.1	GCT	A	GCC	A	3958
NC_045512.2	12140	A	G	4548	4387	38	1	1	37	0.00021978	4550	0.968784	FALSE	ORF1ab:cds-YP_009724389.1	ACT	T	GCT	A	3959
NC_045512.2	12140	A	G	4548	4387	38	1	1	37	0.00021978	4550	0.968784	FALSE	ORF1ab:cds-YP_009725295.1	ACT	T	GCT	A	3959
NC_045512.2	12140	A	C	4548	4387	38	1	1	37	0.00021978	4550	0.968784	FALSE	ORF1ab:cds-YP_009724389.1	ACT	T	CCT	P	3959
NC_045512.2	12140	A	C	4548	4387	38	1	1	37	0.00021978	4550	0.968784	FALSE	ORF1ab:cds-YP_009725295.1	ACT	T	CCT	P	3959
NC_045512.2	12141	C	T	4543	4383	38	1	1	37	0.00022007	4544	0.968802	FALSE	ORF1ab:cds-YP_009724389.1	ACT	T	ATT	I	3959
NC_045512.2	12141	C	T	4543	4383	38	1	1	37	0.00022007	4544	0.968802	FALSE	ORF1ab:cds-YP_009725295.1	ACT	T	ATT	I	3959
NC_045512.2	12142	T	G	6105	4159	38	1	1	37	0.000163693	6109	0.992192	FALSE	ORF1ab:cds-YP_009724389.1	ACT	T	ACG	T	3959
NC_045512.2	12142	T	G	6105	4159	38	1	1	37	0.000163693	6109	0.992192	FALSE	ORF1ab:cds-YP_009725295.1	ACT	T	ACG	T	3959
NC_045512.2	12142	T	C	6105	4159	38	3	3	37	0.000491079	6109	0.910237	FALSE	ORF1ab:cds-YP_009724389.1	ACT	T	ACC	T	3959
NC_045512.2	12142	T	C	6105	4159	38	3	3	37	0.000491079	6109	0.910237	FALSE	ORF1ab:cds-YP_009725295.1	ACT	T	ACC	T	3959
NC_045512.2	12143	G	T	6313	4151	38	1	1	37	0.000158253	6319	0.992183	FALSE	ORF1ab:cds-YP_009724389.1	GCT	A	TCT	S	3960
NC_045512.2	12143	G	T	6313	4151	38	1	1	37	0.000158253	6319	0.992183	FALSE	ORF1ab:cds-YP_009725295.1	GCT	A	TCT	S	3960
NC_045512.2	12143	G	C	6313	4151	38	2	2	37	0.000316506	6319	0.964835	FALSE	ORF1ab:cds-YP_009724389.1	GCT	A	CCT	P	3960
NC_045512.2	12143	G	C	6313	4151	38	2	2	37	0.000316506	6319	0.964835	FALSE	ORF1ab:cds-YP_009725295.1	GCT	A	CCT	P	3960
NC_045512.2	12143	G	A	6313	4151	38	3	2	37	0.000474759	6319	0.910156	FALSE	ORF1ab:cds-YP_009724389.1	GCT	A	ACT	T	3960
NC_045512.2	12143	G	A	6313	4151	38	3	2	37	0.000474759	6319	0.910156	FALSE	ORF1ab:cds-YP_009725295.1	GCT	A	ACT	T	3960
NC_045512.2	12144	C	T	6366	4148	38	2	0	31	0.000314021	6369	0.964887	FALSE	ORF1ab:cds-YP_009724389.1	GCT	A	GTT	V	3960
NC_045512.2	12144	C	T	6366	4148	38	2	0	31	0.000314021	6369	0.964887	FALSE	ORF1ab:cds-YP_009725295.1	GCT	A	GTT	V	3960
NC_045512.2	12144	C	A	6366	4148	38	1	0	37	0.000157011	6369	0.992196	FALSE	ORF1ab:cds-YP_009724389.1	GCT	A	GAT	D	3960
NC_045512.2	12144	C	A	6366	4148	38	1	0	37	0.000157011	6369	0.992196	FALSE	ORF1ab:cds-YP_009725295.1	GCT	A	GAT	D	3960
NC_045512.2	12145	T	G	6354	4136	37	1	0	37	0.000157307	6357	0.992196	FALSE	ORF1ab:cds-YP_009724389.1	GCT	A	GCG	A	3960
NC_045512.2	12145	T	G	6354	4136	37	1	0	37	0.000157307	6357	0.992196	FALSE	ORF1ab:cds-YP_009725295.1	GCT	A	GCG	A	3960
NC_045512.2	12145	T	C	6354	4136	37	2	0	37	0.000314614	6357	0.964887	FALSE	ORF1ab:cds-YP_009724389.1	GCT	A	GCC	A	3960
NC_045512.2	12145	T	C	6354	4136	37	2	0	37	0.000314614	6357	0.964887	FALSE	ORF1ab:cds-YP_009725295.1	GCT	A	GCC	A	3960
NC_045512.2	12147	A	G	6382	4115	37	1	1	37	0.000156642	6384	0.9922	FALSE	ORF1ab:cds-YP_009724389.1	CAA	Q	CGA	R	3961
NC_045512.2	12147	A	G	6382	4115	37	1	1	37	0.000156642	6384	0.9922	FALSE	ORF1ab:cds-YP_009725295.1	CAA	Q	CGA	R	3961
NC_045512.2	12147	A	C	6382	4115	37	1	0	37	0.000156642	6384	0.9922	FALSE	ORF1ab:cds-YP_009724389.1	CAA	Q	CCA	P	3961
NC_045512.2	12147	A	C	6382	4115	37	1	0	37	0.000156642	6384	0.9922	FALSE	ORF1ab:cds-YP_009725295.1	CAA	Q	CCA	P	3961
NC_045512.2	12153	C	T	7361	3840	37	2	0	37	0.000271592	7364	0.980497	FALSE	ORF1ab:cds-YP_009724389.1	GCT	A	GTT	V	3963
NC_045512.2	12153	C	T	7361	3840	37	2	0	37	0.000271592	7364	0.980497	FALSE	ORF1ab:cds-YP_009725295.1	GCT	A	GTT	V	3963
NC_045512.2	12153	C	G	7361	3840	37	1	0	37	0.000135796	7364	0.996099	FALSE	ORF1ab:cds-YP_009724389.1	GCT	A	GGT	G	3963
NC_045512.2	12153	C	G	7361	3840	37	1	0	37	0.000135796	7364	0.996099	FALSE	ORF1ab:cds-YP_009725295.1	GCT	A	GGT	G	3963
NC_045512.2	12154	T	C	7324	3851	37	5	3	44	0.000681942	7332	0.0312074	FALSE	ORF1ab:cds-YP_009724389.1	GCT	A	GCC	A	3963
NC_045512.2	12154	T	C	7324	3851	37	5	3	44	0.000681942	7332	0.0312074	FALSE	ORF1ab:cds-YP_009725295.1	GCT	A	GCC	A	3963
NC_045512.2	12154	T	A	7324	3851	37	3	2	37	0.000409165	7332	0.945277	FALSE	ORF1ab:cds-YP_009724389.1	GCT	A	GCA	A	3963
NC_045512.2	12154	T	A	7324	3851	37	3	2	37	0.000409165	7332	0.945277	FALSE	ORF1ab:cds-YP_009725295.1	GCT	A	GCA	A	3963
NC_045512.2	12155	T	G	7307	3778	37	1	0	37	0.000136818	7309	0.996101	FALSE	ORF1ab:cds-YP_009724389.1	TAT	Y	GAT	D	3964
NC_045512.2	12155	T	G	7307	3778	37	1	0	37	0.000136818	7309	0.996101	FALSE	ORF1ab:cds-YP_009725295.1	TAT	Y	GAT	D	3964
NC_045512.2	12155	T	C	7307	3778	37	1	0	37	0.000136818	7309	0.996101	FALSE	ORF1ab:cds-YP_009724389.1	TAT	Y	CAT	H	3964
NC_045512.2	12155	T	C	7307	3778	37	1	0	37	0.000136818	7309	0.996101	FALSE	ORF1ab:cds-YP_009725295.1	TAT	Y	CAT	H	3964
NC_045512.2	12156	A	G	7323	3771	37	1	1	37	0.000136537	7324	0.996103	FALSE	ORF1ab:cds-YP_009724389.1	TAT	Y	TGT	C	3964
NC_045512.2	12156	A	G	7323	3771	37	1	1	37	0.000136537	7324	0.996103	FALSE	ORF1ab:cds-YP_009725295.1	TAT	Y	TGT	C	3964
NC_045512.2	12160	G	A	3724	174	38	3	0	37	0.000804937	3727	0.656439	FALSE	ORF1ab:cds-YP_009724389.1	GAG	E	GAA	E	3965
NC_045512.2	12160	G	A	3724	174	38	3	0	37	0.000804937	3727	0.656439	FALSE	ORF1ab:cds-YP_009725295.1	GAG	E	GAA	E	3965
NC_045512.2	12162	A	G	3725	183	38	4	3	37	0.00107267	3729	0.500147	FALSE	ORF1ab:cds-YP_009724389.1	CAG	Q	CGG	R	3966
NC_045512.2	12162	A	G	3725	183	38	4	3	37	0.00107267	3729	0.500147	FALSE	ORF1ab:cds-YP_009725295.1	CAG	Q	CGG	R	3966
NC_045512.2	12163	G	A	4060	193	38	2	2	37	0.000492368	4062	0.890769	FALSE	ORF1ab:cds-YP_009724389.1	CAG	Q	CAA	Q	3966
NC_045512.2	12163	G	A	4060	193	38	2	2	37	0.000492368	4062	0.890769	FALSE	ORF1ab:cds-YP_009725295.1	CAG	Q	CAA	Q	3966
NC_045512.2	12164	G	A	4073	191	38	5	1	44	0.00122609	4078	0.0312308	FALSE	ORF1ab:cds-YP_009724389.1	GCT	A	ACT	T	3967
NC_045512.2	12164	G	A	4073	191	38	5	1	44	0.00122609	4078	0.0312308	FALSE	ORF1ab:cds-YP_009725295.1	GCT	A	ACT	T	3967
NC_045512.2	12165	C	T	4096	204	37	2	0	37	0.000488043	4098	0.890768	FALSE	ORF1ab:cds-YP_009724389.1	GCT	A	GTT	V	3967
NC_045512.2	12165	C	T	4096	204	37	2	0	37	0.000488043	4098	0.890768	FALSE	ORF1ab:cds-YP_009725295.1	GCT	A	GTT	V	3967
NC_045512.2	12166	T	G	3996	208	37	1	0	37	0.000250188	3997	0.937578	FALSE	ORF1ab:cds-YP_009724389.1	GCT	A	GCG	A	3967
NC_045512.2	12166	T	G	3996	208	37	1	0	37	0.000250188	3997	0.937578	FALSE	ORF1ab:cds-YP_009725295.1	GCT	A	GCG	A	3967
NC_045512.2	12167	G	A	4188	217	38	2	0	31	0.000477327	4190	0.890765	FALSE	ORF1ab:cds-YP_009724389.1	GTT	V	ATT	I	3968
NC_045512.2	12167	G	A	4188	217	38	2	0	31	0.000477327	4190	0.890765	FALSE	ORF1ab:cds-YP_009725295.1	GTT	V	ATT	I	3968
NC_045512.2	12170	G	T	4463	219	38	1	0	37	0.000224014	4464	0.968802	FALSE	ORF1ab:cds-YP_009724389.1	GCT	A	TCT	S	3969
NC_045512.2	12170	G	T	4463	219	38	1	0	37	0.000224014	4464	0.968802	FALSE	ORF1ab:cds-YP_009725295.1	GCT	A	TCT	S	3969
NC_045512.2	12173	A	C	4372	225	37	1	0	25	0.000228676	4373	1	FALSE	ORF1ab:cds-YP_009724389.1	AAT	N	CAT	H	3970
NC_045512.2	12173	A	C	4372	225	37	1	0	25	0.000228676	4373	1	FALSE	ORF1ab:cds-YP_009725295.1	AAT	N	CAT	H	3970
NC_045512.2	12175	T	C	4397	227	37	1	0	37	0.000227324	4399	0.968786	FALSE	ORF1ab:cds-YP_009724389.1	AAT	N	AAC	N	3970
NC_045512.2	12175	T	C	4397	227	37	1	0	37	0.000227324	4399	0.968786	FALSE	ORF1ab:cds-YP_009725295.1	AAT	N	AAC	N	3970
NC_045512.2	12175	T	A	4397	227	37	1	0	25	0.000227324	4399	1	FALSE	ORF1ab:cds-YP_009724389.1	AAT	N	AAA	K	3970
NC_045512.2	12175	T	A	4397	227	37	1	0	25	0.000227324	4399	1	FALSE	ORF1ab:cds-YP_009725295.1	AAT	N	AAA	K	3970
NC_045512.2	12176	G	T	4584	234	38	2	0	37	0.00043592	4588	0.890651	FALSE	ORF1ab:cds-YP_009724389.1	GGT	G	TGT	C	3971
NC_045512.2	12176	G	T	4584	234	38	2	0	37	0.00043592	4588	0.890651	FALSE	ORF1ab:cds-YP_009725295.1	GGT	G	TGT	C	3971
NC_045512.2	12176	G	C	4584	234	38	1	0	37	0.00021796	4588	0.96875	FALSE	ORF1ab:cds-YP_009724389.1	GGT	G	CGT	R	3971
NC_045512.2	12176	G	C	4584	234	38	1	0	37	0.00021796	4588	0.96875	FALSE	ORF1ab:cds-YP_009725295.1	GGT	G	CGT	R	3971
NC_045512.2	12176	G	A	4584	234	38	1	0	37	0.00021796	4588	0.96875	FALSE	ORF1ab:cds-YP_009724389.1	GGT	G	AGT	S	3971
NC_045512.2	12176	G	A	4584	234	38	1	0	37	0.00021796	4588	0.96875	FALSE	ORF1ab:cds-YP_009725295.1	GGT	G	AGT	S	3971
NC_045512.2	12177	G	A	4581	232	38	2	0	37	0.000436395	4583	0.890753	FALSE	ORF1ab:cds-YP_009724389.1	GGT	G	GAT	D	3971
NC_045512.2	12177	G	A	4581	232	38	2	0	37	0.000436395	4583	0.890753	FALSE	ORF1ab:cds-YP_009725295.1	GGT	G	GAT	D	3971
NC_045512.2	12178	T	C	4577	235	38	1	0	25	0.000218388	4579	1	FALSE	ORF1ab:cds-YP_009724389.1	GGT	G	GGC	G	3971
NC_045512.2	12178	T	C	4577	235	38	1	0	25	0.000218388	4579	1	FALSE	ORF1ab:cds-YP_009725295.1	GGT	G	GGC	G	3971
NC_045512.2	12178	T	A	4577	235	38	1	0	25	0.000218388	4579	1	FALSE	ORF1ab:cds-YP_009724389.1	GGT	G	GGA	G	3971
NC_045512.2	12178	T	A	4577	235	38	1	0	25	0.000218388	4579	1	FALSE	ORF1ab:cds-YP_009725295.1	GGT	G	GGA	G	3971
NC_045512.2	12179	G	A	4609	244	38	1	0	37	0.00021692	4610	0.968801	FALSE	ORF1ab:cds-YP_009724389.1	GAT	D	AAT	N	3972
NC_045512.2	12179	G	A	4609	244	38	1	0	37	0.00021692	4610	0.968801	FALSE	ORF1ab:cds-YP_009725295.1	GAT	D	AAT	N	3972
NC_045512.2	12180	A	G	4744	247	38	1	1	37	0.000210748	4745	0.968799	FALSE	ORF1ab:cds-YP_009724389.1	GAT	D	GGT	G	3972
NC_045512.2	12180	A	G	4744	247	38	1	1	37	0.000210748	4745	0.968799	FALSE	ORF1ab:cds-YP_009725295.1	GAT	D	GGT	G	3972
NC_045512.2	12181	T	C	4786	248	38	1	0	37	0.000208855	4788	0.968783	FALSE	ORF1ab:cds-YP_009724389.1	GAT	D	GAC	D	3972
NC_045512.2	12181	T	C	4786	248	38	1	0	37	0.000208855	4788	0.968783	FALSE	ORF1ab:cds-YP_009725295.1	GAT	D	GAC	D	3972
NC_045512.2	12181	T	A	4786	248	38	1	0	37	0.000208855	4788	0.968783	FALSE	ORF1ab:cds-YP_009724389.1	GAT	D	GAA	E	3972
NC_045512.2	12181	T	A	4786	248	38	1	0	37	0.000208855	4788	0.968783	FALSE	ORF1ab:cds-YP_009725295.1	GAT	D	GAA	E	3972
NC_045512.2	12182	T	C	4851	248	38	1	0	37	0.000206101	4852	0.968798	FALSE	ORF1ab:cds-YP_009724389.1	TCT	S	CCT	P	3973
NC_045512.2	12182	T	C	4851	248	38	1	0	37	0.000206101	4852	0.968798	FALSE	ORF1ab:cds-YP_009725295.1	TCT	S	CCT	P	3973
NC_045512.2	12183	C	T	4892	248	38	1	0	37	0.000204374	4893	0.968798	FALSE	ORF1ab:cds-YP_009724389.1	TCT	S	TTT	F	3973
NC_045512.2	12183	C	T	4892	248	38	1	0	37	0.000204374	4893	0.968798	FALSE	ORF1ab:cds-YP_009725295.1	TCT	S	TTT	F	3973
NC_045512.2	12184	T	C	4888	254	38	2	0	37	0.000408998	4890	0.890745	FALSE	ORF1ab:cds-YP_009724389.1	TCT	S	TCC	S	3973
NC_045512.2	12184	T	C	4888	254	38	2	0	37	0.000408998	4890	0.890745	FALSE	ORF1ab:cds-YP_009725295.1	TCT	S	TCC	S	3973
NC_045512.2	12185	G	A	4922	254	38	1	0	37	0.000203128	4923	0.968798	FALSE	ORF1ab:cds-YP_009724389.1	GAA	E	AAA	K	3974
NC_045512.2	12185	G	A	4922	254	38	1	0	37	0.000203128	4923	0.968798	FALSE	ORF1ab:cds-YP_009725295.1	GAA	E	AAA	K	3974
NC_045512.2	12187	A	C	4849	255	38	1	0	25	0.000206186	4850	1	FALSE	ORF1ab:cds-YP_009724389.1	GAA	E	GAC	D	3974
NC_045512.2	12187	A	C	4849	255	38	1	0	25	0.000206186	4850	1	FALSE	ORF1ab:cds-YP_009725295.1	GAA	E	GAC	D	3974
NC_045512.2	12190	T	C	4938	290	39	3	0	33	0.000607165	4941	0.773604	FALSE	ORF1ab:cds-YP_009724389.1	GTT	V	GTC	V	3975
NC_045512.2	12190	T	C	4938	290	39	3	0	33	0.000607165	4941	0.773604	FALSE	ORF1ab:cds-YP_009725295.1	GTT	V	GTC	V	3975
NC_045512.2	12191	G	A	4964	286	39	3	0	37	0.000603986	4967	0.773603	FALSE	ORF1ab:cds-YP_009724389.1	GTT	V	ATT	I	3976
NC_045512.2	12191	G	A	4964	286	39	3	0	37	0.000603986	4967	0.773603	FALSE	ORF1ab:cds-YP_009725295.1	GTT	V	ATT	I	3976
NC_045512.2	12192	T	C	4967	290	39	1	0	37	0.000201288	4968	0.968797	FALSE	ORF1ab:cds-YP_009724389.1	GTT	V	GCT	A	3976
NC_045512.2	12192	T	C	4967	290	39	1	0	37	0.000201288	4968	0.968797	FALSE	ORF1ab:cds-YP_009725295.1	GTT	V	GCT	A	3976
NC_045512.2	12196	T	A	4951	393	40	1	0	37	0.000201939	4952	0.968797	FALSE	ORF1ab:cds-YP_009724389.1	CTT	L	CTA	L	3977
NC_045512.2	12196	T	A	4951	393	40	1	0	37	0.000201939	4952	0.968797	FALSE	ORF1ab:cds-YP_009725295.1	CTT	L	CTA	L	3977
NC_045512.2	12200	A	T	4992	395	40	1	0	37	0.00020024	4994	0.968781	FALSE	ORF1ab:cds-YP_009724389.1	AAG	K	TAG	*	3979
NC_045512.2	12200	A	T	4992	395	40	1	0	37	0.00020024	4994	0.968781	FALSE	ORF1ab:cds-YP_009725295.1	AAG	K	TAG	*	3979
NC_045512.2	12200	A	G	4992	395	40	1	0	37	0.00020024	4994	0.968781	FALSE	ORF1ab:cds-YP_009724389.1	AAG	K	GAG	E	3979
NC_045512.2	12200	A	G	4992	395	40	1	0	37	0.00020024	4994	0.968781	FALSE	ORF1ab:cds-YP_009725295.1	AAG	K	GAG	E	3979
NC_045512.2	12201	A	T	4892	450	39	1	0	37	0.000204332	4894	0.968782	FALSE	ORF1ab:cds-YP_009724389.1	AAG	K	ATG	M	3979
NC_045512.2	12201	A	T	4892	450	39	1	0	37	0.000204332	4894	0.968782	FALSE	ORF1ab:cds-YP_009725295.1	AAG	K	ATG	M	3979
NC_045512.2	12201	A	G	4892	450	39	1	0	37	0.000204332	4894	0.968782	FALSE	ORF1ab:cds-YP_009724389.1	AAG	K	AGG	R	3979
NC_045512.2	12201	A	G	4892	450	39	1	0	37	0.000204332	4894	0.968782	FALSE	ORF1ab:cds-YP_009725295.1	AAG	K	AGG	R	3979
NC_045512.2	12206	A	G	5140	486	40	1	0	37	0.000194515	5141	0.984407	FALSE	ORF1ab:cds-YP_009724389.1	AAG	K	GAG	E	3981
NC_045512.2	12206	A	G	5140	486	40	1	0	37	0.000194515	5141	0.984407	FALSE	ORF1ab:cds-YP_009725295.1	AAG	K	GAG	E	3981
NC_045512.2	12207	A	G	5140	486	41	2	0	31	0.000388954	5142	0.937596	FALSE	ORF1ab:cds-YP_009724389.1	AAG	K	AGG	R	3981
NC_045512.2	12207	A	G	5140	486	41	2	0	31	0.000388954	5142	0.937596	FALSE	ORF1ab:cds-YP_009725295.1	AAG	K	AGG	R	3981
NC_045512.2	12208	G	A	5145	650	42	1	0	37	0.000194326	5146	0.984407	FALSE	ORF1ab:cds-YP_009724389.1	AAG	K	AAA	K	3981
NC_045512.2	12208	G	A	5145	650	42	1	0	37	0.000194326	5146	0.984407	FALSE	ORF1ab:cds-YP_009725295.1	AAG	K	AAA	K	3981
NC_045512.2	12209	A	T	5066	672	42	1	0	37	0.000197355	5067	0.984407	FALSE	ORF1ab:cds-YP_009724389.1	AAG	K	TAG	*	3982
NC_045512.2	12209	A	T	5066	672	42	1	0	37	0.000197355	5067	0.984407	FALSE	ORF1ab:cds-YP_009725295.1	AAG	K	TAG	*	3982
NC_045512.2	12210	A	G	5170	675	43	2	1	37	0.000386698	5172	0.937595	FALSE	ORF1ab:cds-YP_009724389.1	AAG	K	AGG	R	3982
NC_045512.2	12210	A	G	5170	675	43	2	1	37	0.000386698	5172	0.937595	FALSE	ORF1ab:cds-YP_009725295.1	AAG	K	AGG	R	3982
NC_045512.2	12211	G	T	5570	687	42	1	0	37	0.000179501	5571	0.984404	FALSE	ORF1ab:cds-YP_009724389.1	AAG	K	AAT	N	3982
NC_045512.2	12211	G	T	5570	687	42	1	0	37	0.000179501	5571	0.984404	FALSE	ORF1ab:cds-YP_009725295.1	AAG	K	AAT	N	3982
NC_045512.2	12212	T	-C	5651	690	42	1	0	20	0.00017696	5651	1	FALSE	NA	NA	NA	NA	NA	NA
NC_045512.2	12214	T	G	5854	700	42	1	0	37	0.000170736	5857	0.984387	FALSE	ORF1ab:cds-YP_009724389.1	TCT	S	TCG	S	3983
NC_045512.2	12214	T	G	5854	700	42	1	0	37	0.000170736	5857	0.984387	FALSE	ORF1ab:cds-YP_009725295.1	TCT	S	TCG	S	3983
NC_045512.2	12214	T	C	5854	700	42	1	0	37	0.000170736	5857	0.984387	FALSE	ORF1ab:cds-YP_009724389.1	TCT	S	TCC	S	3983
NC_045512.2	12214	T	C	5854	700	42	1	0	37	0.000170736	5857	0.984387	FALSE	ORF1ab:cds-YP_009725295.1	TCT	S	TCC	S	3983
NC_045512.2	12214	T	A	5854	700	42	1	0	37	0.000170736	5857	0.984387	FALSE	ORF1ab:cds-YP_009724389.1	TCT	S	TCA	S	3983
NC_045512.2	12214	T	A	5854	700	42	1	0	37	0.000170736	5857	0.984387	FALSE	ORF1ab:cds-YP_009725295.1	TCT	S	TCA	S	3983
NC_045512.2	12216	T	C	5891	699	43	2	0	36	0.000339386	5893	0.937584	FALSE	ORF1ab:cds-YP_009724389.1	TTG	L	TCG	S	3984
NC_045512.2	12216	T	C	5891	699	43	2	0	36	0.000339386	5893	0.937584	FALSE	ORF1ab:cds-YP_009725295.1	TTG	L	TCG	S	3984
NC_045512.2	12217	G	A	5895	701	43	1	0	74	0.000169607	5896	0.500042	FALSE	ORF1ab:cds-YP_009724389.1	TTG	L	TTA	L	3984
NC_045512.2	12217	G	A	5895	701	43	1	0	74	0.000169607	5896	0.500042	FALSE	ORF1ab:cds-YP_009725295.1	TTG	L	TTA	L	3984
NC_045512.2	12218	A	G	5961	922	45	1	0	37	0.000167729	5962	0.984403	FALSE	ORF1ab:cds-YP_009724389.1	AAT	N	GAT	D	3985
NC_045512.2	12218	A	G	5961	922	45	1	0	37	0.000167729	5962	0.984403	FALSE	ORF1ab:cds-YP_009725295.1	AAT	N	GAT	D	3985
NC_045512.2	12219	A	G	5908	941	45	1	0	74	0.000169233	5909	0.500042	FALSE	ORF1ab:cds-YP_009724389.1	AAT	N	AGT	S	3985
NC_045512.2	12219	A	G	5908	941	45	1	0	74	0.000169233	5909	0.500042	FALSE	ORF1ab:cds-YP_009725295.1	AAT	N	AGT	S	3985
NC_045512.2	12219	A	+C	5908	941	45	5	0	20	0.000846167	5909	1	FALSE	NA	NA	NA	NA	NA	NA
NC_045512.2	12220	T	C	5895	950	45	1	0	37	0.000169607	5896	0.984403	FALSE	ORF1ab:cds-YP_009724389.1	AAT	N	AAC	N	3985
NC_045512.2	12220	T	C	5895	950	45	1	0	37	0.000169607	5896	0.984403	FALSE	ORF1ab:cds-YP_009725295.1	AAT	N	AAC	N	3985
NC_045512.2	12222	T	C	5601	1024	44	3	0	37	0.000535236	5605	0.855557	FALSE	ORF1ab:cds-YP_009724389.1	GTG	V	GCG	A	3986
NC_045512.2	12222	T	C	5601	1024	44	3	0	37	0.000535236	5605	0.855557	FALSE	ORF1ab:cds-YP_009725295.1	GTG	V	GCG	A	3986
NC_045512.2	12222	T	A	5601	1024	44	1	0	37	0.000178412	5605	0.984379	FALSE	ORF1ab:cds-YP_009724389.1	GTG	V	GAG	E	3986
NC_045512.2	12222	T	A	5601	1024	44	1	0	37	0.000178412	5605	0.984379	FALSE	ORF1ab:cds-YP_009725295.1	GTG	V	GAG	E	3986
NC_045512.2	12224	G	C	5656	1134	44	1	1	74	0.000176274	5673	0.499338	FALSE	ORF1ab:cds-YP_009724389.1	GCT	A	CCT	P	3987
NC_045512.2	12224	G	C	5656	1134	44	1	1	74	0.000176274	5673	0.499338	FALSE	ORF1ab:cds-YP_009725295.1	GCT	A	CCT	P	3987
NC_045512.2	12224	G	A	5656	1134	44	16	2	44	0.00282038	5673	1.5098e-05	TRUE	ORF1ab:cds-YP_009724389.1	GCT	A	ACT	T	3987
NC_045512.2	12224	G	A	5656	1134	44	16	2	44	0.00282038	5673	1.5098e-05	TRUE	ORF1ab:cds-YP_009725295.1	GCT	A	ACT	T	3987
NC_045512.2	12225	C	T	5545	1196	44	1	0	37	0.000180278	5547	0.984396	FALSE	ORF1ab:cds-YP_009724389.1	GCT	A	GTT	V	3987
NC_045512.2	12225	C	T	5545	1196	44	1	0	37	0.000180278	5547	0.984396	FALSE	ORF1ab:cds-YP_009725295.1	GCT	A	GTT	V	3987
NC_045512.2	12225	C	G	5545	1196	44	1	0	29	0.000180278	5547	1	FALSE	ORF1ab:cds-YP_009724389.1	GCT	A	GGT	G	3987
NC_045512.2	12225	C	G	5545	1196	44	1	0	29	0.000180278	5547	1	FALSE	ORF1ab:cds-YP_009725295.1	GCT	A	GGT	G	3987
NC_045512.2	12226	T	C	5566	1208	45	2	1	55	0.000359195	5568	0.250022	FALSE	ORF1ab:cds-YP_009724389.1	GCT	A	GCC	A	3987
NC_045512.2	12226	T	C	5566	1208	45	2	1	55	0.000359195	5568	0.250022	FALSE	ORF1ab:cds-YP_009725295.1	GCT	A	GCC	A	3987
NC_045512.2	12226	T	-A	5566	1208	45	1	0	20	0.000179598	5568	1	FALSE	NA	NA	NA	NA	NA	NA
NC_045512.2	12228	A	T	5531	1273	44	1	1	37	0.000180766	5532	0.984405	FALSE	ORF1ab:cds-YP_009724389.1	AAA	K	ATA	I	3988
NC_045512.2	12228	A	T	5531	1273	44	1	1	37	0.000180766	5532	0.984405	FALSE	ORF1ab:cds-YP_009725295.1	AAA	K	ATA	I	3988
NC_045512.2	12230	T	G	5642	1340	45	7	3	52	0.00123872	5651	0.00779315	TRUE	ORF1ab:cds-YP_009724389.1	TCT	S	GCT	A	3989
NC_045512.2	12230	T	G	5642	1340	45	7	3	52	0.00123872	5651	0.00779315	TRUE	ORF1ab:cds-YP_009725295.1	TCT	S	GCT	A	3989
NC_045512.2	12230	T	C	5642	1340	45	2	0	37	0.00035392	5651	0.937384	FALSE	ORF1ab:cds-YP_009724389.1	TCT	S	CCT	P	3989
NC_045512.2	12230	T	C	5642	1340	45	2	0	37	0.00035392	5651	0.937384	FALSE	ORF1ab:cds-YP_009725295.1	TCT	S	CCT	P	3989
NC_045512.2	12231	C	T	5613	1352	45	1	0	74	0.000178126	5614	0.500045	FALSE	ORF1ab:cds-YP_009724389.1	TCT	S	TTT	F	3989
NC_045512.2	12231	C	T	5613	1352	45	1	0	74	0.000178126	5614	0.500045	FALSE	ORF1ab:cds-YP_009725295.1	TCT	S	TTT	F	3989
NC_045512.2	12232	T	C	5347	1442	44	2	0	37	0.000373902	5349	0.937592	FALSE	ORF1ab:cds-YP_009724389.1	TCT	S	TCC	S	3989
NC_045512.2	12232	T	C	5347	1442	44	2	0	37	0.000373902	5349	0.937592	FALSE	ORF1ab:cds-YP_009725295.1	TCT	S	TCC	S	3989
NC_045512.2	12233	G	T	5437	1460	44	2	0	37	0.000367715	5439	0.93759	FALSE	ORF1ab:cds-YP_009724389.1	GAA	E	TAA	*	3990
NC_045512.2	12233	G	T	5437	1460	44	2	0	37	0.000367715	5439	0.93759	FALSE	ORF1ab:cds-YP_009725295.1	GAA	E	TAA	*	3990
NC_045512.2	12237	T	C	5400	1468	44	1	1	37	0.000185117	5402	0.984397	FALSE	ORF1ab:cds-YP_009724389.1	TTT	F	TCT	S	3991
NC_045512.2	12237	T	C	5400	1468	44	1	1	37	0.000185117	5402	0.984397	FALSE	ORF1ab:cds-YP_009725295.1	TTT	F	TCT	S	3991
NC_045512.2	12237	T	A	5400	1468	44	1	0	37	0.000185117	5402	0.984397	FALSE	ORF1ab:cds-YP_009724389.1	TTT	F	TAT	Y	3991
NC_045512.2	12237	T	A	5400	1468	44	1	0	37	0.000185117	5402	0.984397	FALSE	ORF1ab:cds-YP_009725295.1	TTT	F	TAT	Y	3991
NC_045512.2	12238	T	A	5433	1514	44	1	1	37	0.000184026	5434	0.984405	FALSE	ORF1ab:cds-YP_009724389.1	TTT	F	TTA	L	3991
NC_045512.2	12238	T	A	5433	1514	44	1	1	37	0.000184026	5434	0.984405	FALSE	ORF1ab:cds-YP_009725295.1	TTT	F	TTA	L	3991
NC_045512.2	12240	A	T	5412	1533	44	1	0	37	0.00018474	5413	0.984405	FALSE	ORF1ab:cds-YP_009724389.1	GAC	D	GTC	V	3992
NC_045512.2	12240	A	T	5412	1533	44	1	0	37	0.00018474	5413	0.984405	FALSE	ORF1ab:cds-YP_009725295.1	GAC	D	GTC	V	3992
NC_045512.2	12241	C	T	5419	1531	44	1	0	37	0.000184502	5420	0.984405	FALSE	ORF1ab:cds-YP_009724389.1	GAC	D	GAT	D	3992
NC_045512.2	12241	C	T	5419	1531	44	1	0	37	0.000184502	5420	0.984405	FALSE	ORF1ab:cds-YP_009725295.1	GAC	D	GAT	D	3992
NC_045512.2	12242	C	T	5343	1513	43	3	0	49	0.000561167	5346	0.125	FALSE	ORF1ab:cds-YP_009724389.1	CGT	R	TGT	C	3993
NC_045512.2	12242	C	T	5343	1513	43	3	0	49	0.000561167	5346	0.125	FALSE	ORF1ab:cds-YP_009725295.1	CGT	R	TGT	C	3993
NC_045512.2	12243	G	T	5369	1536	44	2	0	37	0.000372301	5372	0.937561	FALSE	ORF1ab:cds-YP_009724389.1	CGT	R	CTT	L	3993
NC_045512.2	12243	G	T	5369	1536	44	2	0	37	0.000372301	5372	0.937561	FALSE	ORF1ab:cds-YP_009725295.1	CGT	R	CTT	L	3993
NC_045512.2	12243	G	A	5369	1536	44	1	0	37	0.00018615	5372	0.984388	FALSE	ORF1ab:cds-YP_009724389.1	CGT	R	CAT	H	3993
NC_045512.2	12243	G	A	5369	1536	44	1	0	37	0.00018615	5372	0.984388	FALSE	ORF1ab:cds-YP_009725295.1	CGT	R	CAT	H	3993
NC_045512.2	12244	T	C	5320	1565	43	1	0	37	0.000187935	5321	0.984406	FALSE	ORF1ab:cds-YP_009724389.1	CGT	R	CGC	R	3993
NC_045512.2	12244	T	C	5320	1565	43	1	0	37	0.000187935	5321	0.984406	FALSE	ORF1ab:cds-YP_009725295.1	CGT	R	CGC	R	3993
NC_045512.2	12245	G	T	5401	1678	44	2	1	74	0.000370165	5403	0.250023	FALSE	ORF1ab:cds-YP_009724389.1	GAT	D	TAT	Y	3994
NC_045512.2	12245	G	T	5401	1678	44	2	1	74	0.000370165	5403	0.250023	FALSE	ORF1ab:cds-YP_009725295.1	GAT	D	TAT	Y	3994
NC_045512.2	12247	T	G	5374	1701	44	1	1	37	0.000186012	5376	0.984397	FALSE	ORF1ab:cds-YP_009724389.1	GAT	D	GAG	E	3994
NC_045512.2	12247	T	G	5374	1701	44	1	1	37	0.000186012	5376	0.984397	FALSE	ORF1ab:cds-YP_009725295.1	GAT	D	GAG	E	3994
NC_045512.2	12247	T	C	5374	1701	44	1	1	37	0.000186012	5376	0.984397	FALSE	ORF1ab:cds-YP_009724389.1	GAT	D	GAC	D	3994
NC_045512.2	12247	T	C	5374	1701	44	1	1	37	0.000186012	5376	0.984397	FALSE	ORF1ab:cds-YP_009725295.1	GAT	D	GAC	D	3994
NC_045512.2	12248	G	A	5368	1767	44	5	1	37	0.000930579	5373	0.623219	FALSE	ORF1ab:cds-YP_009724389.1	GCA	A	ACA	T	3995
NC_045512.2	12248	G	A	5368	1767	44	5	1	37	0.000930579	5373	0.623219	FALSE	ORF1ab:cds-YP_009725295.1	GCA	A	ACA	T	3995
NC_045512.2	12249	C	T	5405	1761	43	15	6	46	0.00276702	5421	3.0223e-05	TRUE	ORF1ab:cds-YP_009724389.1	GCA	A	GTA	V	3995
NC_045512.2	12249	C	T	5405	1761	43	15	6	46	0.00276702	5421	3.0223e-05	TRUE	ORF1ab:cds-YP_009725295.1	GCA	A	GTA	V	3995
NC_045512.2	12249	C	A	5405	1761	43	1	0	37	0.000184468	5421	0.984275	FALSE	ORF1ab:cds-YP_009724389.1	GCA	A	GAA	E	3995
NC_045512.2	12249	C	A	5405	1761	43	1	0	37	0.000184468	5421	0.984275	FALSE	ORF1ab:cds-YP_009725295.1	GCA	A	GAA	E	3995
NC_045512.2	12250	A	G	5471	1768	44	3	1	37	0.000547845	5476	0.855499	FALSE	ORF1ab:cds-YP_009724389.1	GCA	A	GCG	A	3995
NC_045512.2	12250	A	G	5471	1768	44	3	1	37	0.000547845	5476	0.855499	FALSE	ORF1ab:cds-YP_009725295.1	GCA	A	GCG	A	3995
NC_045512.2	12250	A	C	5471	1768	44	2	0	37	0.00036523	5476	0.9375	FALSE	ORF1ab:cds-YP_009724389.1	GCA	A	GCC	A	3995
NC_045512.2	12250	A	C	5471	1768	44	2	0	37	0.00036523	5476	0.9375	FALSE	ORF1ab:cds-YP_009725295.1	GCA	A	GCC	A	3995
NC_045512.2	12251	G	T	5601	1779	44	1	0	37	0.000178444	5604	0.984388	FALSE	ORF1ab:cds-YP_009724389.1	GCC	A	TCC	S	3996
NC_045512.2	12251	G	T	5601	1779	44	1	0	37	0.000178444	5604	0.984388	FALSE	ORF1ab:cds-YP_009725295.1	GCC	A	TCC	S	3996
NC_045512.2	12251	G	A	5601	1779	44	2	0	55	0.000356888	5604	0.249978	FALSE	ORF1ab:cds-YP_009724389.1	GCC	A	ACC	T	3996
NC_045512.2	12251	G	A	5601	1779	44	2	0	55	0.000356888	5604	0.249978	FALSE	ORF1ab:cds-YP_009725295.1	GCC	A	ACC	T	3996
NC_045512.2	12252	C	T	5575	1779	43	10	1	40	0.00179019	5586	0.000972633	TRUE	ORF1ab:cds-YP_009724389.1	GCC	A	GTC	V	3996
NC_045512.2	12252	C	T	5575	1779	43	10	1	40	0.00179019	5586	0.000972633	TRUE	ORF1ab:cds-YP_009725295.1	GCC	A	GTC	V	3996
NC_045512.2	12252	C	G	5575	1779	43	1	1	37	0.000179019	5586	0.98432	FALSE	ORF1ab:cds-YP_009724389.1	GCC	A	GGC	G	3996
NC_045512.2	12252	C	G	5575	1779	43	1	1	37	0.000179019	5586	0.98432	FALSE	ORF1ab:cds-YP_009725295.1	GCC	A	GGC	G	3996
NC_045512.2	12253	C	A	5378	2118	43	1	0	25	0.000185908	5379	1	FALSE	ORF1ab:cds-YP_009724389.1	GCC	A	GCA	A	3996
NC_045512.2	12253	C	A	5378	2118	43	1	0	25	0.000185908	5379	1	FALSE	ORF1ab:cds-YP_009725295.1	GCC	A	GCA	A	3996
NC_045512.2	12255	T	A	5123	2263	42	1	1	37	0.00019516	5124	0.984407	FALSE	ORF1ab:cds-YP_009724389.1	ATG	M	AAG	K	3997
NC_045512.2	12255	T	A	5123	2263	42	1	1	37	0.00019516	5124	0.984407	FALSE	ORF1ab:cds-YP_009725295.1	ATG	M	AAG	K	3997
NC_045512.2	12256	G	A	5105	2247	41	3	1	61	0.000587314	5108	0.125	FALSE	ORF1ab:cds-YP_009724389.1	ATG	M	ATA	I	3997
NC_045512.2	12256	G	A	5105	2247	41	3	1	61	0.000587314	5108	0.125	FALSE	ORF1ab:cds-YP_009725295.1	ATG	M	ATA	I	3997
NC_045512.2	12257	C	T	5147	2258	41	6	1	39	0.00116437	5153	0.500131	FALSE	ORF1ab:cds-YP_009724389.1	CAA	Q	TAA	*	3998
NC_045512.2	12257	C	T	5147	2258	41	6	1	39	0.00116437	5153	0.500131	FALSE	ORF1ab:cds-YP_009725295.1	CAA	Q	TAA	*	3998
NC_045512.2	12258	A	G	5134	2280	42	1	0	37	0.000194742	5135	0.984407	FALSE	ORF1ab:cds-YP_009724389.1	CAA	Q	CGA	R	3998
NC_045512.2	12258	A	G	5134	2280	42	1	0	37	0.000194742	5135	0.984407	FALSE	ORF1ab:cds-YP_009725295.1	CAA	Q	CGA	R	3998
NC_045512.2	12260	C	T	5062	2204	41	3	1	61	0.000592183	5066	0.124963	FALSE	ORF1ab:cds-YP_009724389.1	CGT	R	TGT	C	3999
NC_045512.2	12260	C	T	5062	2204	41	3	1	61	0.000592183	5066	0.124963	FALSE	ORF1ab:cds-YP_009725295.1	CGT	R	TGT	C	3999
NC_045512.2	12260	C	G	5062	2204	41	1	1	37	0.000197394	5066	0.98438	FALSE	ORF1ab:cds-YP_009724389.1	CGT	R	GGT	G	3999
NC_045512.2	12260	C	G	5062	2204	41	1	1	37	0.000197394	5066	0.98438	FALSE	ORF1ab:cds-YP_009725295.1	CGT	R	GGT	G	3999
NC_045512.2	12261	G	A	5072	2230	41	7	3	44	0.00137822	5079	0.00780173	TRUE	ORF1ab:cds-YP_009724389.1	CGT	R	CAT	H	3999
NC_045512.2	12261	G	A	5072	2230	41	7	3	44	0.00137822	5079	0.00780173	TRUE	ORF1ab:cds-YP_009725295.1	CGT	R	CAT	H	3999
NC_045512.2	12263	A	C	5089	2287	42	2	0	37	0.00039285	5091	0.937597	FALSE	ORF1ab:cds-YP_009724389.1	AAG	K	CAG	Q	4000
NC_045512.2	12263	A	C	5089	2287	42	2	0	37	0.00039285	5091	0.937597	FALSE	ORF1ab:cds-YP_009725295.1	AAG	K	CAG	Q	4000
NC_045512.2	12264	A	T	4925	2364	41	2	1	37	0.000405762	4929	0.890649	FALSE	ORF1ab:cds-YP_009724389.1	AAG	K	ATG	M	4000
NC_045512.2	12264	A	T	4925	2364	41	2	1	37	0.000405762	4929	0.890649	FALSE	ORF1ab:cds-YP_009725295.1	AAG	K	ATG	M	4000
NC_045512.2	12264	A	G	4925	2364	41	1	1	37	0.000202881	4929	0.96875	FALSE	ORF1ab:cds-YP_009724389.1	AAG	K	AGG	R	4000
NC_045512.2	12264	A	G	4925	2364	41	1	1	37	0.000202881	4929	0.96875	FALSE	ORF1ab:cds-YP_009725295.1	AAG	K	AGG	R	4000
NC_045512.2	12264	A	C	4925	2364	41	1	1	37	0.000202881	4929	0.96875	FALSE	ORF1ab:cds-YP_009724389.1	AAG	K	ACG	T	4000
NC_045512.2	12264	A	C	4925	2364	41	1	1	37	0.000202881	4929	0.96875	FALSE	ORF1ab:cds-YP_009725295.1	AAG	K	ACG	T	4000
NC_045512.2	12265	G	A	4961	2375	41	1	1	74	0.000201532	4962	0.50005	FALSE	ORF1ab:cds-YP_009724389.1	AAG	K	AAA	K	4000
NC_045512.2	12265	G	A	4961	2375	41	1	1	74	0.000201532	4962	0.50005	FALSE	ORF1ab:cds-YP_009725295.1	AAG	K	AAA	K	4000
NC_045512.2	12266	T	C	4894	2367	41	2	0	43	0.000408413	4897	0.249974	FALSE	ORF1ab:cds-YP_009724389.1	TTG	L	CTG	L	4001
NC_045512.2	12266	T	C	4894	2367	41	2	0	43	0.000408413	4897	0.249974	FALSE	ORF1ab:cds-YP_009725295.1	TTG	L	CTG	L	4001
NC_045512.2	12266	T	A	4894	2367	41	1	1	37	0.000204207	4897	0.968766	FALSE	ORF1ab:cds-YP_009724389.1	TTG	L	ATG	M	4001
NC_045512.2	12266	T	A	4894	2367	41	1	1	37	0.000204207	4897	0.968766	FALSE	ORF1ab:cds-YP_009725295.1	TTG	L	ATG	M	4001
NC_045512.2	12268	G	C	4867	2373	41	1	0	37	0.000205423	4868	0.968798	FALSE	ORF1ab:cds-YP_009724389.1	TTG	L	TTC	F	4001
NC_045512.2	12268	G	C	4867	2373	41	1	0	37	0.000205423	4868	0.968798	FALSE	ORF1ab:cds-YP_009725295.1	TTG	L	TTC	F	4001
NC_045512.2	12269	G	A	5004	2583	41	1	1	48	0.0001998	5005	0.50005	FALSE	ORF1ab:cds-YP_009724389.1	GAA	E	AAA	K	4002
NC_045512.2	12269	G	A	5004	2583	41	1	1	48	0.0001998	5005	0.50005	FALSE	ORF1ab:cds-YP_009725295.1	GAA	E	AAA	K	4002
NC_045512.2	12269	G	-A	5004	2583	41	1	0	20	0.0001998	5005	1	FALSE	NA	NA	NA	NA	NA	NA
NC_045512.2	12270	A	G	4948	2621	41	1	1	74	0.000202061	4949	0.5	FALSE	ORF1ab:cds-YP_009724389.1	GAA	E	GGA	G	4002
NC_045512.2	12270	A	G	4948	2621	41	1	1	74	0.000202061	4949	0.5	FALSE	ORF1ab:cds-YP_009725295.1	GAA	E	GGA	G	4002
NC_045512.2	12271	A	T	4929	2638	41	2	2	37	0.000405515	4932	0.890696	FALSE	ORF1ab:cds-YP_009724389.1	GAA	E	GAT	D	4002
NC_045512.2	12271	A	T	4929	2638	41	2	2	37	0.000405515	4932	0.890696	FALSE	ORF1ab:cds-YP_009725295.1	GAA	E	GAT	D	4002
NC_045512.2	12271	A	G	4929	2638	41	1	1	74	0.000202758	4932	0.499949	FALSE	ORF1ab:cds-YP_009724389.1	GAA	E	GAG	E	4002
NC_045512.2	12271	A	G	4929	2638	41	1	1	74	0.000202758	4932	0.499949	FALSE	ORF1ab:cds-YP_009725295.1	GAA	E	GAG	E	4002
NC_045512.2	12272	A	G	4873	2633	40	1	1	37	0.00020517	4874	0.968798	FALSE	ORF1ab:cds-YP_009724389.1	AAG	K	GAG	E	4003
NC_045512.2	12272	A	G	4873	2633	40	1	1	37	0.00020517	4874	0.968798	FALSE	ORF1ab:cds-YP_009725295.1	AAG	K	GAG	E	4003
NC_045512.2	12273	A	G	4891	2639	40	3	2	37	0.000612996	4894	0.773605	FALSE	ORF1ab:cds-YP_009724389.1	AAG	K	AGG	R	4003
NC_045512.2	12273	A	G	4891	2639	40	3	2	37	0.000612996	4894	0.773605	FALSE	ORF1ab:cds-YP_009725295.1	AAG	K	AGG	R	4003
NC_045512.2	12275	A	G	4963	2743	41	1	0	74	0.00020145	4964	0.50005	FALSE	ORF1ab:cds-YP_009724389.1	ATG	M	GTG	V	4004
NC_045512.2	12275	A	G	4963	2743	41	1	0	74	0.00020145	4964	0.50005	FALSE	ORF1ab:cds-YP_009725295.1	ATG	M	GTG	V	4004
NC_045512.2	12276	T	C	4917	2754	40	1	1	37	0.000203335	4918	0.968798	FALSE	ORF1ab:cds-YP_009724389.1	ATG	M	ACG	T	4004
NC_045512.2	12276	T	C	4917	2754	40	1	1	37	0.000203335	4918	0.968798	FALSE	ORF1ab:cds-YP_009725295.1	ATG	M	ACG	T	4004
NC_045512.2	12279	C	T	4946	2741	41	7	3	37	0.00141328	4953	0.274414	FALSE	ORF1ab:cds-YP_009724389.1	GCT	A	GTT	V	4005
NC_045512.2	12279	C	T	4946	2741	41	7	3	37	0.00141328	4953	0.274414	FALSE	ORF1ab:cds-YP_009725295.1	GCT	A	GTT	V	4005
NC_045512.2	12280	T	C	4946	2757	41	1	1	37	0.000202143	4947	0.968797	FALSE	ORF1ab:cds-YP_009724389.1	GCT	A	GCC	A	4005
NC_045512.2	12280	T	C	4946	2757	41	1	1	37	0.000202143	4947	0.968797	FALSE	ORF1ab:cds-YP_009725295.1	GCT	A	GCC	A	4005
NC_045512.2	12282	A	G	4902	2846	40	1	1	37	0.000203957	4903	0.968798	FALSE	ORF1ab:cds-YP_009724389.1	GAT	D	GGT	G	4006
NC_045512.2	12282	A	G	4902	2846	40	1	1	37	0.000203957	4903	0.968798	FALSE	ORF1ab:cds-YP_009725295.1	GAT	D	GGT	G	4006
NC_045512.2	12285	A	G	4867	2836	40	2	0	37	0.000410762	4869	0.890745	FALSE	ORF1ab:cds-YP_009724389.1	CAA	Q	CGA	R	4007
NC_045512.2	12285	A	G	4867	2836	40	2	0	37	0.000410762	4869	0.890745	FALSE	ORF1ab:cds-YP_009725295.1	CAA	Q	CGA	R	4007
NC_045512.2	12286	A	G	4940	2844	40	2	1	37	0.000404694	4942	0.890744	FALSE	ORF1ab:cds-YP_009724389.1	CAA	Q	CAG	Q	4007
NC_045512.2	12286	A	G	4940	2844	40	2	1	37	0.000404694	4942	0.890744	FALSE	ORF1ab:cds-YP_009725295.1	CAA	Q	CAG	Q	4007
NC_045512.2	12287	G	T	5023	2843	40	3	3	37	0.000596659	5028	0.855501	FALSE	ORF1ab:cds-YP_009724389.1	GCT	A	TCT	S	4008
NC_045512.2	12287	G	T	5023	2843	40	3	3	37	0.000596659	5028	0.855501	FALSE	ORF1ab:cds-YP_009725295.1	GCT	A	TCT	S	4008
NC_045512.2	12287	G	A	5023	2843	40	2	1	37	0.000397772	5028	0.9375	FALSE	ORF1ab:cds-YP_009724389.1	GCT	A	ACT	T	4008
NC_045512.2	12287	G	A	5023	2843	40	2	1	37	0.000397772	5028	0.9375	FALSE	ORF1ab:cds-YP_009725295.1	GCT	A	ACT	T	4008
NC_045512.2	12288	C	T	5047	2851	40	3	2	49	0.000593824	5052	0.124926	FALSE	ORF1ab:cds-YP_009724389.1	GCT	A	GTT	V	4008
NC_045512.2	12288	C	T	5047	2851	40	3	2	49	0.000593824	5052	0.124926	FALSE	ORF1ab:cds-YP_009725295.1	GCT	A	GTT	V	4008
NC_045512.2	12288	C	A	5047	2851	40	2	0	37	0.000395883	5052	0.9375	FALSE	ORF1ab:cds-YP_009724389.1	GCT	A	GAT	D	4008
NC_045512.2	12288	C	A	5047	2851	40	2	0	37	0.000395883	5052	0.9375	FALSE	ORF1ab:cds-YP_009725295.1	GCT	A	GAT	D	4008
NC_045512.2	12289	T	A	5071	2871	40	1	1	37	0.000197161	5072	0.984407	FALSE	ORF1ab:cds-YP_009724389.1	GCT	A	GCA	A	4008
NC_045512.2	12289	T	A	5071	2871	40	1	1	37	0.000197161	5072	0.984407	FALSE	ORF1ab:cds-YP_009725295.1	GCT	A	GCA	A	4008
NC_045512.2	12291	T	C	5042	2863	40	1	1	37	0.000198295	5043	0.984408	FALSE	ORF1ab:cds-YP_009724389.1	ATG	M	ACG	T	4009
NC_045512.2	12291	T	C	5042	2863	40	1	1	37	0.000198295	5043	0.984408	FALSE	ORF1ab:cds-YP_009725295.1	ATG	M	ACG	T	4009
NC_045512.2	12293	A	G	5241	2943	40	2	2	31	0.000381461	5243	0.937594	FALSE	ORF1ab:cds-YP_009724389.1	ACC	T	GCC	A	4010
NC_045512.2	12293	A	G	5241	2943	40	2	2	31	0.000381461	5243	0.937594	FALSE	ORF1ab:cds-YP_009725295.1	ACC	T	GCC	A	4010
NC_045512.2	12294	C	T	5256	2944	40	1	1	37	0.000190223	5257	0.984406	FALSE	ORF1ab:cds-YP_009724389.1	ACC	T	ATC	I	4010
NC_045512.2	12294	C	T	5256	2944	40	1	1	37	0.000190223	5257	0.984406	FALSE	ORF1ab:cds-YP_009725295.1	ACC	T	ATC	I	4010
NC_045512.2	12299	A	G	4963	2687	39	5	5	37	0.00100644	4968	0.500124	FALSE	ORF1ab:cds-YP_009724389.1	ATG	M	GTG	V	4012
NC_045512.2	12299	A	G	4963	2687	39	5	5	37	0.00100644	4968	0.500124	FALSE	ORF1ab:cds-YP_009725295.1	ATG	M	GTG	V	4012
NC_045512.2	12300	T	G	5444	2865	40	1	1	25	0.000183655	5445	1	FALSE	ORF1ab:cds-YP_009724389.1	ATG	M	AGG	R	4012
NC_045512.2	12300	T	G	5444	2865	40	1	1	25	0.000183655	5445	1	FALSE	ORF1ab:cds-YP_009725295.1	ATG	M	AGG	R	4012
NC_045512.2	12301	G	A	5484	2890	40	2	0	37	0.000364564	5486	0.93759	FALSE	ORF1ab:cds-YP_009724389.1	ATG	M	ATA	I	4012
NC_045512.2	12301	G	A	5484	2890	40	2	0	37	0.000364564	5486	0.93759	FALSE	ORF1ab:cds-YP_009725295.1	ATG	M	ATA	I	4012
NC_045512.2	12304	T	C	5333	2804	40	1	0	37	0.000187477	5334	0.984406	FALSE	ORF1ab:cds-YP_009724389.1	TAT	Y	TAC	Y	4013
NC_045512.2	12304	T	C	5333	2804	40	1	0	37	0.000187477	5334	0.984406	FALSE	ORF1ab:cds-YP_009725295.1	TAT	Y	TAC	Y	4013
NC_045512.2	12304	T	-A	5333	2804	40	1	0	20	0.000187477	5334	1	FALSE	NA	NA	NA	NA	NA	NA
NC_045512.2	12307	A	G	5275	2816	40	2	1	42	0.000379003	5277	0.250024	FALSE	ORF1ab:cds-YP_009724389.1	AAA	K	AAG	K	4014
NC_045512.2	12307	A	G	5275	2816	40	2	1	42	0.000379003	5277	0.250024	FALSE	ORF1ab:cds-YP_009725295.1	AAA	K	AAG	K	4014
NC_045512.2	12308	C	T	5555	3129	41	2	1	29	0.000359906	5557	1	FALSE	ORF1ab:cds-YP_009724389.1	CAG	Q	TAG	*	4015
NC_045512.2	12308	C	T	5555	3129	41	2	1	29	0.000359906	5557	1	FALSE	ORF1ab:cds-YP_009725295.1	CAG	Q	TAG	*	4015
NC_045512.2	12309	A	G	5264	2841	41	4	4	46	0.000759301	5268	0.0624881	FALSE	ORF1ab:cds-YP_009724389.1	CAG	Q	CGG	R	4015
NC_045512.2	12309	A	G	5264	2841	41	4	4	46	0.000759301	5268	0.0624881	FALSE	ORF1ab:cds-YP_009725295.1	CAG	Q	CGG	R	4015
NC_045512.2	12309	A	+G	5264	2841	41	6	0	20	0.00113895	5268	1	FALSE	NA	NA	NA	NA	NA	NA
NC_045512.2	12310	G	T	5630	2816	41	2	0	37	0.000355114	5632	0.937587	FALSE	ORF1ab:cds-YP_009724389.1	CAG	Q	CAT	H	4015
NC_045512.2	12310	G	T	5630	2816	41	2	0	37	0.000355114	5632	0.937587	FALSE	ORF1ab:cds-YP_009725295.1	CAG	Q	CAT	H	4015
NC_045512.2	12311	G	A	5611	2818	41	4	2	37	0.000712378	5615	0.746269	FALSE	ORF1ab:cds-YP_009724389.1	GCT	A	ACT	T	4016
NC_045512.2	12311	G	A	5611	2818	41	4	2	37	0.000712378	5615	0.746269	FALSE	ORF1ab:cds-YP_009725295.1	GCT	A	ACT	T	4016
NC_045512.2	12312	C	T	5388	2897	40	1	1	25	0.000185563	5389	1	FALSE	ORF1ab:cds-YP_009724389.1	GCT	A	GTT	V	4016
NC_045512.2	12312	C	T	5388	2897	40	1	1	25	0.000185563	5389	1	FALSE	ORF1ab:cds-YP_009725295.1	GCT	A	GTT	V	4016
NC_045512.2	12314	A	G	5260	2978	39	1	1	37	0.000190078	5261	0.984406	FALSE	ORF1ab:cds-YP_009724389.1	AGA	R	GGA	G	4017
NC_045512.2	12314	A	G	5260	2978	39	1	1	37	0.000190078	5261	0.984406	FALSE	ORF1ab:cds-YP_009725295.1	AGA	R	GGA	G	4017
NC_045512.2	12315	G	T	5556	3181	40	1	0	25	0.000179953	5557	1	FALSE	ORF1ab:cds-YP_009724389.1	AGA	R	ATA	I	4017
NC_045512.2	12315	G	T	5556	3181	40	1	0	25	0.000179953	5557	1	FALSE	ORF1ab:cds-YP_009725295.1	AGA	R	ATA	I	4017
NC_045512.2	12316	A	G	5560	3178	40	1	0	25	0.000179824	5561	1	FALSE	ORF1ab:cds-YP_009724389.1	AGA	R	AGG	R	4017
NC_045512.2	12316	A	G	5560	3178	40	1	0	25	0.000179824	5561	1	FALSE	ORF1ab:cds-YP_009725295.1	AGA	R	AGG	R	4017
NC_045512.2	12320	G	A	5209	2775	40	1	1	37	0.000191939	5210	0.984406	FALSE	ORF1ab:cds-YP_009724389.1	GAG	E	AAG	K	4019
NC_045512.2	12320	G	A	5209	2775	40	1	1	37	0.000191939	5210	0.984406	FALSE	ORF1ab:cds-YP_009725295.1	GAG	E	AAG	K	4019
NC_045512.2	12321	A	G	5203	2772	40	1	1	37	0.00019216	5204	0.984407	FALSE	ORF1ab:cds-YP_009724389.1	GAG	E	GGG	G	4019
NC_045512.2	12321	A	G	5203	2772	40	1	1	37	0.00019216	5204	0.984407	FALSE	ORF1ab:cds-YP_009725295.1	GAG	E	GGG	G	4019
NC_045512.2	12325	C	T	5156	2804	40	1	1	37	0.000193874	5158	0.984398	FALSE	ORF1ab:cds-YP_009724389.1	GAC	D	GAT	D	4020
NC_045512.2	12325	C	T	5156	2804	40	1	1	37	0.000193874	5158	0.984398	FALSE	ORF1ab:cds-YP_009725295.1	GAC	D	GAT	D	4020
NC_045512.2	12325	C	A	5156	2804	40	1	1	37	0.000193874	5158	0.984398	FALSE	ORF1ab:cds-YP_009724389.1	GAC	D	GAA	E	4020
NC_045512.2	12325	C	A	5156	2804	40	1	1	37	0.000193874	5158	0.984398	FALSE	ORF1ab:cds-YP_009725295.1	GAC	D	GAA	E	4020
NC_045512.2	12326	A	G	5118	2788	40	2	1	37	0.000390625	5120	0.937596	FALSE	ORF1ab:cds-YP_009724389.1	AAG	K	GAG	E	4021
NC_045512.2	12326	A	G	5118	2788	40	2	1	37	0.000390625	5120	0.937596	FALSE	ORF1ab:cds-YP_009725295.1	AAG	K	GAG	E	4021
NC_045512.2	12329	A	T	4984	2711	40	1	0	37	0.000200602	4985	0.968797	FALSE	ORF1ab:cds-YP_009724389.1	AGG	R	TGG	W	4022
NC_045512.2	12329	A	T	4984	2711	40	1	0	37	0.000200602	4985	0.968797	FALSE	ORF1ab:cds-YP_009725295.1	AGG	R	TGG	W	4022
NC_045512.2	12330	G	T	5108	2783	40	3	2	37	0.000586969	5111	0.855629	FALSE	ORF1ab:cds-YP_009724389.1	AGG	R	ATG	M	4022
NC_045512.2	12330	G	T	5108	2783	40	3	2	37	0.000586969	5111	0.855629	FALSE	ORF1ab:cds-YP_009725295.1	AGG	R	ATG	M	4022
NC_045512.2	12332	G	A	5099	2803	40	2	2	37	0.00039208	5101	0.937596	FALSE	ORF1ab:cds-YP_009724389.1	GCA	A	ACA	T	4023
NC_045512.2	12332	G	A	5099	2803	40	2	2	37	0.00039208	5101	0.937596	FALSE	ORF1ab:cds-YP_009725295.1	GCA	A	ACA	T	4023
NC_045512.2	12333	C	T	5104	2809	40	1	1	37	0.000195886	5105	0.984407	FALSE	ORF1ab:cds-YP_009724389.1	GCA	A	GTA	V	4023
NC_045512.2	12333	C	T	5104	2809	40	1	1	37	0.000195886	5105	0.984407	FALSE	ORF1ab:cds-YP_009725295.1	GCA	A	GTA	V	4023
NC_045512.2	12337	A	G	5242	3015	40	2	0	37	0.000381388	5244	0.937594	FALSE	ORF1ab:cds-YP_009724389.1	AAA	K	AAG	K	4024
NC_045512.2	12337	A	G	5242	3015	40	2	0	37	0.000381388	5244	0.937594	FALSE	ORF1ab:cds-YP_009725295.1	AAA	K	AAG	K	4024
NC_045512.2	12340	T	C	5226	2927	40	2	1	55	0.000382555	5228	0.250024	FALSE	ORF1ab:cds-YP_009724389.1	GTT	V	GTC	V	4025
NC_045512.2	12340	T	C	5226	2927	40	2	1	55	0.000382555	5228	0.250024	FALSE	ORF1ab:cds-YP_009725295.1	GTT	V	GTC	V	4025
NC_045512.2	12341	A	T	5224	2928	40	1	1	25	0.000191351	5226	1	FALSE	ORF1ab:cds-YP_009724389.1	ACT	T	TCT	S	4026
NC_045512.2	12341	A	T	5224	2928	40	1	1	25	0.000191351	5226	1	FALSE	ORF1ab:cds-YP_009725295.1	ACT	T	TCT	S	4026
NC_045512.2	12341	A	G	5224	2928	40	1	0	36	0.000191351	5226	0.984397	FALSE	ORF1ab:cds-YP_009724389.1	ACT	T	GCT	A	4026
NC_045512.2	12341	A	G	5224	2928	40	1	0	36	0.000191351	5226	0.984397	FALSE	ORF1ab:cds-YP_009725295.1	ACT	T	GCT	A	4026
NC_045512.2	12342	C	T	5230	2956	40	1	1	37	0.000191095	5233	0.984388	FALSE	ORF1ab:cds-YP_009724389.1	ACT	T	ATT	I	4026
NC_045512.2	12342	C	T	5230	2956	40	1	1	37	0.000191095	5233	0.984388	FALSE	ORF1ab:cds-YP_009725295.1	ACT	T	ATT	I	4026
NC_045512.2	12342	C	A	5230	2956	40	2	2	37	0.00038219	5233	0.937563	FALSE	ORF1ab:cds-YP_009724389.1	ACT	T	AAT	N	4026
NC_045512.2	12342	C	A	5230	2956	40	2	2	37	0.00038219	5233	0.937563	FALSE	ORF1ab:cds-YP_009725295.1	ACT	T	AAT	N	4026
NC_045512.2	12344	A	G	5180	2922	40	2	0	29	0.000385951	5182	1	FALSE	ORF1ab:cds-YP_009724389.1	AGT	S	GGT	G	4027
NC_045512.2	12344	A	G	5180	2922	40	2	0	29	0.000385951	5182	1	FALSE	ORF1ab:cds-YP_009725295.1	AGT	S	GGT	G	4027
NC_045512.2	12345	G	A	5435	3162	40	1	1	37	0.000183959	5436	0.984405	FALSE	ORF1ab:cds-YP_009724389.1	AGT	S	AAT	N	4027
NC_045512.2	12345	G	A	5435	3162	40	1	1	37	0.000183959	5436	0.984405	FALSE	ORF1ab:cds-YP_009725295.1	AGT	S	AAT	N	4027
NC_045512.2	12347	G	A	5339	3047	41	2	1	37	0.000374462	5341	0.937592	FALSE	ORF1ab:cds-YP_009724389.1	GCT	A	ACT	T	4028
NC_045512.2	12347	G	A	5339	3047	41	2	1	37	0.000374462	5341	0.937592	FALSE	ORF1ab:cds-YP_009725295.1	GCT	A	ACT	T	4028
NC_045512.2	12349	T	C	5215	2941	41	1	0	37	0.000191718	5216	0.984406	FALSE	ORF1ab:cds-YP_009724389.1	GCT	A	GCC	A	4028
NC_045512.2	12349	T	C	5215	2941	41	1	0	37	0.000191718	5216	0.984406	FALSE	ORF1ab:cds-YP_009725295.1	GCT	A	GCC	A	4028
NC_045512.2	12350	A	G	5255	3043	41	1	1	37	0.000190259	5256	0.984406	FALSE	ORF1ab:cds-YP_009724389.1	ATG	M	GTG	V	4029
NC_045512.2	12350	A	G	5255	3043	41	1	1	37	0.000190259	5256	0.984406	FALSE	ORF1ab:cds-YP_009725295.1	ATG	M	GTG	V	4029
NC_045512.2	12352	G	T	5448	3496	41	1	1	37	0.000183251	5457	0.984336	FALSE	ORF1ab:cds-YP_009724389.1	ATG	M	ATT	I	4029
NC_045512.2	12352	G	T	5448	3496	41	1	1	37	0.000183251	5457	0.984336	FALSE	ORF1ab:cds-YP_009725295.1	ATG	M	ATT	I	4029
NC_045512.2	12352	G	A	5448	3496	41	8	7	46	0.00146601	5457	0.00389623	TRUE	ORF1ab:cds-YP_009724389.1	ATG	M	ATA	I	4029
NC_045512.2	12352	G	A	5448	3496	41	8	7	46	0.00146601	5457	0.00389623	TRUE	ORF1ab:cds-YP_009725295.1	ATG	M	ATA	I	4029
NC_045512.2	12353	C	T	5567	3640	42	9	4	35	0.00161406	5576	0.211926	FALSE	ORF1ab:cds-YP_009724389.1	CAG	Q	TAG	*	4030
NC_045512.2	12353	C	T	5567	3640	42	9	4	35	0.00161406	5576	0.211926	FALSE	ORF1ab:cds-YP_009725295.1	CAG	Q	TAG	*	4030
NC_045512.2	12354	A	T	5339	3381	42	1	0	37	0.000187196	5342	0.984388	FALSE	ORF1ab:cds-YP_009724389.1	CAG	Q	CTG	L	4030
NC_045512.2	12354	A	T	5339	3381	42	1	0	37	0.000187196	5342	0.984388	FALSE	ORF1ab:cds-YP_009725295.1	CAG	Q	CTG	L	4030
NC_045512.2	12354	A	G	5339	3381	42	2	2	37	0.000374392	5342	0.937561	FALSE	ORF1ab:cds-YP_009724389.1	CAG	Q	CGG	R	4030
NC_045512.2	12354	A	G	5339	3381	42	2	2	37	0.000374392	5342	0.937561	FALSE	ORF1ab:cds-YP_009725295.1	CAG	Q	CGG	R	4030
NC_045512.2	12355	G	A	5380	3485	42	1	1	37	0.000185839	5381	0.984405	FALSE	ORF1ab:cds-YP_009724389.1	CAG	Q	CAA	Q	4030
NC_045512.2	12355	G	A	5380	3485	42	1	1	37	0.000185839	5381	0.984405	FALSE	ORF1ab:cds-YP_009725295.1	CAG	Q	CAA	Q	4030
NC_045512.2	12356	A	T	5380	3473	42	1	0	37	0.00018577	5383	0.984388	FALSE	ORF1ab:cds-YP_009724389.1	ACA	T	TCA	S	4031
NC_045512.2	12356	A	T	5380	3473	42	1	0	37	0.00018577	5383	0.984388	FALSE	ORF1ab:cds-YP_009725295.1	ACA	T	TCA	S	4031
NC_045512.2	12356	A	G	5380	3473	42	2	1	37	0.00037154	5383	0.937561	FALSE	ORF1ab:cds-YP_009724389.1	ACA	T	GCA	A	4031
NC_045512.2	12356	A	G	5380	3473	42	2	1	37	0.00037154	5383	0.937561	FALSE	ORF1ab:cds-YP_009725295.1	ACA	T	GCA	A	4031
NC_045512.2	12358	A	C	5331	3462	42	1	1	25	0.000187547	5332	1	FALSE	ORF1ab:cds-YP_009724389.1	ACA	T	ACC	T	4031
NC_045512.2	12358	A	C	5331	3462	42	1	1	25	0.000187547	5332	1	FALSE	ORF1ab:cds-YP_009725295.1	ACA	T	ACC	T	4031
NC_045512.2	12358	A	+G	5331	3462	42	2	0	20	0.000375094	5332	1	FALSE	NA	NA	NA	NA	NA	NA
NC_045512.2	12359	A	T	5236	3368	41	1	1	74	0.000190949	5237	0.500048	FALSE	ORF1ab:cds-YP_009724389.1	ATG	M	TTG	L	4032
NC_045512.2	12359	A	T	5236	3368	41	1	1	74	0.000190949	5237	0.500048	FALSE	ORF1ab:cds-YP_009725295.1	ATG	M	TTG	L	4032
NC_045512.2	12360	T	G	5311	3452	42	1	1	37	0.000188253	5312	0.984406	FALSE	ORF1ab:cds-YP_009724389.1	ATG	M	AGG	R	4032
NC_045512.2	12360	T	G	5311	3452	42	1	1	37	0.000188253	5312	0.984406	FALSE	ORF1ab:cds-YP_009725295.1	ATG	M	AGG	R	4032
NC_045512.2	12361	G	A	5417	3461	42	4	2	46	0.000737871	5421	0.0624885	FALSE	ORF1ab:cds-YP_009724389.1	ATG	M	ATA	I	4032
NC_045512.2	12361	G	A	5417	3461	42	4	2	46	0.000737871	5421	0.0624885	FALSE	ORF1ab:cds-YP_009725295.1	ATG	M	ATA	I	4032
NC_045512.2	12362	C	T	5489	3562	42	3	2	37	0.00054615	5493	0.855558	FALSE	ORF1ab:cds-YP_009724389.1	CTT	L	TTT	F	4033
NC_045512.2	12362	C	T	5489	3562	42	3	2	37	0.00054615	5493	0.855558	FALSE	ORF1ab:cds-YP_009725295.1	CTT	L	TTT	F	4033
NC_045512.2	12362	C	G	5489	3562	42	1	1	37	0.00018205	5493	0.984379	FALSE	ORF1ab:cds-YP_009724389.1	CTT	L	GTT	V	4033
NC_045512.2	12362	C	G	5489	3562	42	1	1	37	0.00018205	5493	0.984379	FALSE	ORF1ab:cds-YP_009725295.1	CTT	L	GTT	V	4033
NC_045512.2	12364	T	G	5411	3510	42	1	1	25	0.00018474	5413	1	FALSE	ORF1ab:cds-YP_009724389.1	CTT	L	CTG	L	4033
NC_045512.2	12364	T	G	5411	3510	42	1	1	25	0.00018474	5413	1	FALSE	ORF1ab:cds-YP_009725295.1	CTT	L	CTG	L	4033
NC_045512.2	12364	T	C	5411	3510	42	1	0	37	0.00018474	5413	0.984397	FALSE	ORF1ab:cds-YP_009724389.1	CTT	L	CTC	L	4033
NC_045512.2	12364	T	C	5411	3510	42	1	0	37	0.00018474	5413	0.984397	FALSE	ORF1ab:cds-YP_009725295.1	CTT	L	CTC	L	4033
NC_045512.2	12365	T	G	5435	3532	42	2	2	37	0.000367782	5438	0.93756	FALSE	ORF1ab:cds-YP_009724389.1	TTC	F	GTC	V	4034
NC_045512.2	12365	T	G	5435	3532	42	2	2	37	0.000367782	5438	0.93756	FALSE	ORF1ab:cds-YP_009725295.1	TTC	F	GTC	V	4034
NC_045512.2	12365	T	C	5435	3532	42	1	1	37	0.000183891	5438	0.984388	FALSE	ORF1ab:cds-YP_009724389.1	TTC	F	CTC	L	4034
NC_045512.2	12365	T	C	5435	3532	42	1	1	37	0.000183891	5438	0.984388	FALSE	ORF1ab:cds-YP_009725295.1	TTC	F	CTC	L	4034
NC_045512.2	12367	C	T	5466	3516	42	1	1	37	0.000182882	5468	0.984396	FALSE	ORF1ab:cds-YP_009724389.1	TTC	F	TTT	F	4034
NC_045512.2	12367	C	T	5466	3516	42	1	1	37	0.000182882	5468	0.984396	FALSE	ORF1ab:cds-YP_009725295.1	TTC	F	TTT	F	4034
NC_045512.2	12367	C	A	5466	3516	42	1	1	74	0.000182882	5468	0.5	FALSE	ORF1ab:cds-YP_009724389.1	TTC	F	TTA	L	4034
NC_045512.2	12367	C	A	5466	3516	42	1	1	74	0.000182882	5468	0.5	FALSE	ORF1ab:cds-YP_009725295.1	TTC	F	TTA	L	4034
NC_045512.2	12369	C	T	5394	3459	42	2	0	74	0.000370645	5396	0.250023	FALSE	ORF1ab:cds-YP_009724389.1	ACT	T	ATT	I	4035
NC_045512.2	12369	C	T	5394	3459	42	2	0	74	0.000370645	5396	0.250023	FALSE	ORF1ab:cds-YP_009725295.1	ACT	T	ATT	I	4035
NC_045512.2	12370	T	C	5155	3248	43	1	1	37	0.000193949	5156	0.984407	FALSE	ORF1ab:cds-YP_009724389.1	ACT	T	ACC	T	4035
NC_045512.2	12370	T	C	5155	3248	43	1	1	37	0.000193949	5156	0.984407	FALSE	ORF1ab:cds-YP_009725295.1	ACT	T	ACC	T	4035
NC_045512.2	12371	A	G	5156	3230	42	2	0	37	0.000387747	5158	0.937595	FALSE	ORF1ab:cds-YP_009724389.1	ATG	M	GTG	V	4036
NC_045512.2	12371	A	G	5156	3230	42	2	0	37	0.000387747	5158	0.937595	FALSE	ORF1ab:cds-YP_009725295.1	ATG	M	GTG	V	4036
NC_045512.2	12373	G	A	5172	3255	43	2	0	55	0.000386548	5174	0.250024	FALSE	ORF1ab:cds-YP_009724389.1	ATG	M	ATA	I	4036
NC_045512.2	12373	G	A	5172	3255	43	2	0	55	0.000386548	5174	0.250024	FALSE	ORF1ab:cds-YP_009725295.1	ATG	M	ATA	I	4036
NC_045512.2	12374	C	T	5180	3267	42	1	0	37	0.000193013	5181	0.984407	FALSE	ORF1ab:cds-YP_009724389.1	CTT	L	TTT	F	4037
NC_045512.2	12374	C	T	5180	3267	42	1	0	37	0.000193013	5181	0.984407	FALSE	ORF1ab:cds-YP_009725295.1	CTT	L	TTT	F	4037
NC_045512.2	12377	A	T	5084	3184	43	1	1	37	0.000196618	5086	0.984398	FALSE	ORF1ab:cds-YP_009724389.1	AGA	R	TGA	*	4038
NC_045512.2	12377	A	T	5084	3184	43	1	1	37	0.000196618	5086	0.984398	FALSE	ORF1ab:cds-YP_009725295.1	AGA	R	TGA	*	4038
NC_045512.2	12377	A	G	5084	3184	43	1	1	37	0.000196618	5086	0.984398	FALSE	ORF1ab:cds-YP_009724389.1	AGA	R	GGA	G	4038
NC_045512.2	12377	A	G	5084	3184	43	1	1	37	0.000196618	5086	0.984398	FALSE	ORF1ab:cds-YP_009725295.1	AGA	R	GGA	G	4038
NC_045512.2	12378	G	T	5077	3179	43	1	1	37	0.000196928	5078	0.984407	FALSE	ORF1ab:cds-YP_009724389.1	AGA	R	ATA	I	4038
NC_045512.2	12378	G	T	5077	3179	43	1	1	37	0.000196928	5078	0.984407	FALSE	ORF1ab:cds-YP_009725295.1	AGA	R	ATA	I	4038
NC_045512.2	12381	A	G	5292	3523	44	1	1	25	0.000188929	5293	1	FALSE	ORF1ab:cds-YP_009724389.1	AAG	K	AGG	R	4039
NC_045512.2	12381	A	G	5292	3523	44	1	1	25	0.000188929	5293	1	FALSE	ORF1ab:cds-YP_009725295.1	AAG	K	AGG	R	4039
NC_045512.2	12384	T	A	5230	3507	44	1	0	25	0.000191168	5231	1	FALSE	ORF1ab:cds-YP_009724389.1	TTG	L	TAG	*	4040
NC_045512.2	12384	T	A	5230	3507	44	1	0	25	0.000191168	5231	1	FALSE	ORF1ab:cds-YP_009725295.1	TTG	L	TAG	*	4040
NC_045512.2	12385	G	T	5240	3480	44	1	1	37	0.000190803	5241	0.984406	FALSE	ORF1ab:cds-YP_009724389.1	TTG	L	TTT	F	4040
NC_045512.2	12385	G	T	5240	3480	44	1	1	37	0.000190803	5241	0.984406	FALSE	ORF1ab:cds-YP_009725295.1	TTG	L	TTT	F	4040
NC_045512.2	12386	G	A	5254	3517	44	1	0	20	0.000190295	5255	1	FALSE	ORF1ab:cds-YP_009724389.1	GAT	D	AAT	N	4041
NC_045512.2	12386	G	A	5254	3517	44	1	0	20	0.000190295	5255	1	FALSE	ORF1ab:cds-YP_009725295.1	GAT	D	AAT	N	4041
NC_045512.2	12387	A	G	5241	3531	44	2	0	37	0.000381461	5243	0.937594	FALSE	ORF1ab:cds-YP_009724389.1	GAT	D	GGT	G	4041
NC_045512.2	12387	A	G	5241	3531	44	2	0	37	0.000381461	5243	0.937594	FALSE	ORF1ab:cds-YP_009725295.1	GAT	D	GGT	G	4041
NC_045512.2	12389	A	G	5203	3606	44	1	1	37	0.00019216	5204	0.984407	FALSE	ORF1ab:cds-YP_009724389.1	AAT	N	GAT	D	4042
NC_045512.2	12389	A	G	5203	3606	44	1	1	37	0.00019216	5204	0.984407	FALSE	ORF1ab:cds-YP_009725295.1	AAT	N	GAT	D	4042
NC_045512.2	12390	A	G	5180	3553	43	1	0	37	0.000193013	5181	0.984407	FALSE	ORF1ab:cds-YP_009724389.1	AAT	N	AGT	S	4042
NC_045512.2	12390	A	G	5180	3553	43	1	0	37	0.000193013	5181	0.984407	FALSE	ORF1ab:cds-YP_009725295.1	AAT	N	AGT	S	4042
NC_045512.2	12392	G	T	5209	3585	44	1	1	37	0.000191939	5210	0.984406	FALSE	ORF1ab:cds-YP_009724389.1	GAT	D	TAT	Y	4043
NC_045512.2	12392	G	T	5209	3585	44	1	1	37	0.000191939	5210	0.984406	FALSE	ORF1ab:cds-YP_009725295.1	GAT	D	TAT	Y	4043
NC_045512.2	12395	G	A	5141	3674	44	7	5	42	0.00135975	5148	0.00780188	TRUE	ORF1ab:cds-YP_009724389.1	GCA	A	ACA	T	4044
NC_045512.2	12395	G	A	5141	3674	44	7	5	42	0.00135975	5148	0.00780188	TRUE	ORF1ab:cds-YP_009725295.1	GCA	A	ACA	T	4044
NC_045512.2	12396	C	T	5125	3662	44	7	5	44	0.00136346	5134	0.00779121	TRUE	ORF1ab:cds-YP_009724389.1	GCA	A	GTA	V	4044
NC_045512.2	12396	C	T	5125	3662	44	7	5	44	0.00136346	5134	0.00779121	TRUE	ORF1ab:cds-YP_009725295.1	GCA	A	GTA	V	4044
NC_045512.2	12396	C	G	5125	3662	44	1	1	48	0.00019478	5134	0.499659	FALSE	ORF1ab:cds-YP_009724389.1	GCA	A	GGA	G	4044
NC_045512.2	12396	C	G	5125	3662	44	1	1	48	0.00019478	5134	0.499659	FALSE	ORF1ab:cds-YP_009725295.1	GCA	A	GGA	G	4044
NC_045512.2	12396	C	A	5125	3662	44	1	1	37	0.00019478	5134	0.984334	FALSE	ORF1ab:cds-YP_009724389.1	GCA	A	GAA	E	4044
NC_045512.2	12396	C	A	5125	3662	44	1	1	37	0.00019478	5134	0.984334	FALSE	ORF1ab:cds-YP_009725295.1	GCA	A	GAA	E	4044
NC_045512.2	12399	T	C	4984	3522	44	1	0	37	0.000200562	4986	0.968781	FALSE	ORF1ab:cds-YP_009724389.1	CTC	L	CCC	P	4045
NC_045512.2	12399	T	C	4984	3522	44	1	0	37	0.000200562	4986	0.968781	FALSE	ORF1ab:cds-YP_009725295.1	CTC	L	CCC	P	4045
NC_045512.2	12399	T	A	4984	3522	44	1	1	37	0.000200562	4986	0.968781	FALSE	ORF1ab:cds-YP_009724389.1	CTC	L	CAC	H	4045
NC_045512.2	12399	T	A	4984	3522	44	1	1	37	0.000200562	4986	0.968781	FALSE	ORF1ab:cds-YP_009725295.1	CTC	L	CAC	H	4045
NC_045512.2	12400	C	T	4964	3517	44	1	1	37	0.00020141	4965	0.968797	FALSE	ORF1ab:cds-YP_009724389.1	CTC	L	CTT	L	4045
NC_045512.2	12400	C	T	4964	3517	44	1	1	37	0.00020141	4965	0.968797	FALSE	ORF1ab:cds-YP_009725295.1	CTC	L	CTT	L	4045
NC_045512.2	12401	A	G	4855	3612	43	1	0	74	0.000205931	4856	0.500051	FALSE	ORF1ab:cds-YP_009724389.1	AAC	N	GAC	D	4046
NC_045512.2	12401	A	G	4855	3612	43	1	0	74	0.000205931	4856	0.500051	FALSE	ORF1ab:cds-YP_009725295.1	AAC	N	GAC	D	4046
NC_045512.2	12403	C	T	4814	3605	43	3	3	37	0.000622794	4817	0.773608	FALSE	ORF1ab:cds-YP_009724389.1	AAC	N	AAT	N	4046
NC_045512.2	12403	C	T	4814	3605	43	3	3	37	0.000622794	4817	0.773608	FALSE	ORF1ab:cds-YP_009725295.1	AAC	N	AAT	N	4046
NC_045512.2	12404	A	C	4765	3552	43	1	1	37	0.00020982	4766	0.968799	FALSE	ORF1ab:cds-YP_009724389.1	AAC	N	CAC	H	4047
NC_045512.2	12404	A	C	4765	3552	43	1	1	37	0.00020982	4766	0.968799	FALSE	ORF1ab:cds-YP_009725295.1	AAC	N	CAC	H	4047
NC_045512.2	12406	C	A	4743	3542	43	1	1	37	0.000210793	4744	0.968799	FALSE	ORF1ab:cds-YP_009724389.1	AAC	N	AAA	K	4047
NC_045512.2	12406	C	A	4743	3542	43	1	1	37	0.000210793	4744	0.968799	FALSE	ORF1ab:cds-YP_009725295.1	AAC	N	AAA	K	4047
NC_045512.2	12407	A	T	4564	3381	43	2	2	37	0.000437924	4567	0.890702	FALSE	ORF1ab:cds-YP_009724389.1	ATT	I	TTT	F	4048
NC_045512.2	12407	A	T	4564	3381	43	2	2	37	0.000437924	4567	0.890702	FALSE	ORF1ab:cds-YP_009725295.1	ATT	I	TTT	F	4048
NC_045512.2	12407	A	C	4564	3381	43	1	1	37	0.000218962	4567	0.968767	FALSE	ORF1ab:cds-YP_009724389.1	ATT	I	CTT	L	4048
NC_045512.2	12407	A	C	4564	3381	43	1	1	37	0.000218962	4567	0.968767	FALSE	ORF1ab:cds-YP_009725295.1	ATT	I	CTT	L	4048
NC_045512.2	12408	T	A	4517	3373	42	1	0	62	0.000221337	4518	0.500055	FALSE	ORF1ab:cds-YP_009724389.1	ATT	I	AAT	N	4048
NC_045512.2	12408	T	A	4517	3373	42	1	0	62	0.000221337	4518	0.500055	FALSE	ORF1ab:cds-YP_009725295.1	ATT	I	AAT	N	4048
NC_045512.2	12409	T	C	4290	3124	43	1	0	37	0.000233046	4291	0.968805	FALSE	ORF1ab:cds-YP_009724389.1	ATT	I	ATC	I	4048
NC_045512.2	12409	T	C	4290	3124	43	1	0	37	0.000233046	4291	0.968805	FALSE	ORF1ab:cds-YP_009725295.1	ATT	I	ATC	I	4048
NC_045512.2	12411	T	C	4157	3267	41	1	1	37	0.0002405	4158	0.968806	FALSE	ORF1ab:cds-YP_009724389.1	ATC	I	ACC	T	4049
NC_045512.2	12411	T	C	4157	3267	41	1	1	37	0.0002405	4158	0.968806	FALSE	ORF1ab:cds-YP_009725295.1	ATC	I	ACC	T	4049
NC_045512.2	12412	C	T	4163	3267	41	1	1	37	0.000240154	4164	0.968806	FALSE	ORF1ab:cds-YP_009724389.1	ATC	I	ATT	I	4049
NC_045512.2	12412	C	T	4163	3267	41	1	1	37	0.000240154	4164	0.968806	FALSE	ORF1ab:cds-YP_009725295.1	ATC	I	ATT	I	4049
NC_045512.2	12413	A	T	4148	3251	41	2	2	22	0.000481928	4150	1	FALSE	ORF1ab:cds-YP_009724389.1	AAC	N	TAC	Y	4050
NC_045512.2	12413	A	T	4148	3251	41	2	2	22	0.000481928	4150	1	FALSE	ORF1ab:cds-YP_009725295.1	AAC	N	TAC	Y	4050
NC_045512.2	12415	C	T	4118	3229	41	2	2	37	0.000485319	4121	0.89071	FALSE	ORF1ab:cds-YP_009724389.1	AAC	N	AAT	N	4050
NC_045512.2	12415	C	T	4118	3229	41	2	2	37	0.000485319	4121	0.89071	FALSE	ORF1ab:cds-YP_009725295.1	AAC	N	AAT	N	4050
NC_045512.2	12415	C	A	4118	3229	41	1	1	74	0.00024266	4121	0.499939	FALSE	ORF1ab:cds-YP_009724389.1	AAC	N	AAA	K	4050
NC_045512.2	12415	C	A	4118	3229	41	1	1	74	0.00024266	4121	0.499939	FALSE	ORF1ab:cds-YP_009725295.1	AAC	N	AAA	K	4050
NC_045512.2	12416	A	C	3813	3008	41	1	0	37	0.000262192	3814	0.937582	FALSE	ORF1ab:cds-YP_009724389.1	AAT	N	CAT	H	4051
NC_045512.2	12416	A	C	3813	3008	41	1	0	37	0.000262192	3814	0.937582	FALSE	ORF1ab:cds-YP_009725295.1	AAT	N	CAT	H	4051
NC_045512.2	12418	T	A	3818	3037	41	1	1	37	0.000261849	3819	0.937582	FALSE	ORF1ab:cds-YP_009724389.1	AAT	N	AAA	K	4051
NC_045512.2	12418	T	A	3818	3037	41	1	1	37	0.000261849	3819	0.937582	FALSE	ORF1ab:cds-YP_009725295.1	AAT	N	AAA	K	4051
NC_045512.2	12419	G	A	3796	3017	41	2	2	37	0.000526593	3798	0.812665	FALSE	ORF1ab:cds-YP_009724389.1	GCA	A	ACA	T	4052
NC_045512.2	12419	G	A	3796	3017	41	2	2	37	0.000526593	3798	0.812665	FALSE	ORF1ab:cds-YP_009725295.1	GCA	A	ACA	T	4052
NC_045512.2	12421	A	G	3735	3004	40	1	0	25	0.000267666	3736	1	FALSE	ORF1ab:cds-YP_009724389.1	GCA	A	GCG	A	4052
NC_045512.2	12421	A	G	3735	3004	40	1	0	25	0.000267666	3736	1	FALSE	ORF1ab:cds-YP_009725295.1	GCA	A	GCG	A	4052
NC_045512.2	12424	A	T	3666	2989	40	1	1	37	0.000272628	3668	0.937551	FALSE	ORF1ab:cds-YP_009724389.1	AGA	R	AGT	S	4053
NC_045512.2	12424	A	T	3666	2989	40	1	1	37	0.000272628	3668	0.937551	FALSE	ORF1ab:cds-YP_009725295.1	AGA	R	AGT	S	4053
NC_045512.2	12424	A	G	3666	2989	40	1	1	37	0.000272628	3668	0.937551	FALSE	ORF1ab:cds-YP_009724389.1	AGA	R	AGG	R	4053
NC_045512.2	12424	A	G	3666	2989	40	1	1	37	0.000272628	3668	0.937551	FALSE	ORF1ab:cds-YP_009725295.1	AGA	R	AGG	R	4053
NC_045512.2	12429	G	C	3478	2822	40	1	0	37	0.000287356	3480	0.937554	FALSE	ORF1ab:cds-YP_009724389.1	GGT	G	GCT	A	4055
NC_045512.2	12429	G	C	3478	2822	40	1	0	37	0.000287356	3480	0.937554	FALSE	ORF1ab:cds-YP_009725295.1	GGT	G	GCT	A	4055
NC_045512.2	12429	G	A	3478	2822	40	1	1	37	0.000287356	3480	0.937554	FALSE	ORF1ab:cds-YP_009724389.1	GGT	G	GAT	D	4055
NC_045512.2	12429	G	A	3478	2822	40	1	1	37	0.000287356	3480	0.937554	FALSE	ORF1ab:cds-YP_009725295.1	GGT	G	GAT	D	4055
NC_045512.2	12430	T	C	3466	2822	40	2	1	55	0.000576701	3468	0.250036	FALSE	ORF1ab:cds-YP_009724389.1	GGT	G	GGC	G	4055
NC_045512.2	12430	T	C	3466	2822	40	2	1	55	0.000576701	3468	0.250036	FALSE	ORF1ab:cds-YP_009725295.1	GGT	G	GGC	G	4055
NC_045512.2	12431	T	C	3391	2808	40	1	1	25	0.000294811	3392	1	FALSE	ORF1ab:cds-YP_009724389.1	TGT	C	CGT	R	4056
NC_045512.2	12431	T	C	3391	2808	40	1	1	25	0.000294811	3392	1	FALSE	ORF1ab:cds-YP_009725295.1	TGT	C	CGT	R	4056
NC_045512.2	12432	G	A	3386	2805	40	1	1	37	0.000295247	3387	0.937592	FALSE	ORF1ab:cds-YP_009724389.1	TGT	C	TAT	Y	4056
NC_045512.2	12432	G	A	3386	2805	40	1	1	37	0.000295247	3387	0.937592	FALSE	ORF1ab:cds-YP_009725295.1	TGT	C	TAT	Y	4056
NC_045512.2	12433	T	C	3240	2660	40	2	1	31	0.000616903	3242	0.812693	FALSE	ORF1ab:cds-YP_009724389.1	TGT	C	TGC	C	4056
NC_045512.2	12433	T	C	3240	2660	40	2	1	31	0.000616903	3242	0.812693	FALSE	ORF1ab:cds-YP_009725295.1	TGT	C	TGC	C	4056
NC_045512.2	12435	T	C	3021	2451	38	1	1	37	0.000330907	3022	0.937603	FALSE	ORF1ab:cds-YP_009724389.1	GTT	V	GCT	A	4057
NC_045512.2	12435	T	C	3021	2451	38	1	1	37	0.000330907	3022	0.937603	FALSE	ORF1ab:cds-YP_009725295.1	GTT	V	GCT	A	4057
NC_045512.2	12438	C	T	2921	2422	39	1	1	37	0.000342231	2922	0.875128	FALSE	ORF1ab:cds-YP_009724389.1	CCC	P	CTC	L	4058
NC_045512.2	12438	C	T	2921	2422	39	1	1	37	0.000342231	2922	0.875128	FALSE	ORF1ab:cds-YP_009725295.1	CCC	P	CTC	L	4058
NC_045512.2	12446	A	T	2517	2175	38	1	1	37	0.000397141	2518	0.875149	FALSE	ORF1ab:cds-YP_009724389.1	ATA	I	TTA	L	4061
NC_045512.2	12446	A	T	2517	2175	38	1	1	37	0.000397141	2518	0.875149	FALSE	ORF1ab:cds-YP_009725295.1	ATA	I	TTA	L	4061
NC_045512.2	12449	A	G	2513	2150	38	2	1	43	0.000795229	2515	0.25005	FALSE	ORF1ab:cds-YP_009724389.1	ATA	I	GTA	V	4062
NC_045512.2	12449	A	G	2513	2150	38	2	1	43	0.000795229	2515	0.25005	FALSE	ORF1ab:cds-YP_009725295.1	ATA	I	GTA	V	4062
NC_045512.2	12450	T	C	2439	2078	36	1	1	37	0.000409836	2440	0.875154	FALSE	ORF1ab:cds-YP_009724389.1	ATA	I	ACA	T	4062
NC_045512.2	12450	T	C	2439	2078	36	1	1	37	0.000409836	2440	0.875154	FALSE	ORF1ab:cds-YP_009725295.1	ATA	I	ACA	T	4062
NC_045512.2	12452	C	T	2374	2014	38	1	1	37	0.000421053	2375	0.875158	FALSE	ORF1ab:cds-YP_009724389.1	CCT	P	TCT	S	4063
NC_045512.2	12452	C	T	2374	2014	38	1	1	37	0.000421053	2375	0.875158	FALSE	ORF1ab:cds-YP_009725295.1	CCT	P	TCT	S	4063
NC_045512.2	12454	T	A	1692	1332	38	1	1	37	0.000590667	1693	0.750222	FALSE	ORF1ab:cds-YP_009724389.1	CCT	P	CCA	P	4063
NC_045512.2	12454	T	A	1692	1332	38	1	1	37	0.000590667	1693	0.750222	FALSE	ORF1ab:cds-YP_009725295.1	CCT	P	CCA	P	4063
NC_045512.2	12455	C	G	1664	1329	39	2	0	37	0.00120048	1666	0.500225	FALSE	ORF1ab:cds-YP_009724389.1	CTT	L	GTT	V	4064
NC_045512.2	12455	C	G	1664	1329	39	2	0	37	0.00120048	1666	0.500225	FALSE	ORF1ab:cds-YP_009725295.1	CTT	L	GTT	V	4064
NC_045512.2	12459	C	T	1508	1196	39	1	0	37	0.000662691	1509	0.750249	FALSE	ORF1ab:cds-YP_009724389.1	ACA	T	ATA	I	4065
NC_045512.2	12459	C	T	1508	1196	39	1	0	37	0.000662691	1509	0.750249	FALSE	ORF1ab:cds-YP_009725295.1	ACA	T	ATA	I	4065
NC_045512.2	12461	A	C	1438	1144	38	1	0	37	0.000694927	1439	0.750261	FALSE	ORF1ab:cds-YP_009724389.1	ACA	T	CCA	P	4066
NC_045512.2	12461	A	C	1438	1144	38	1	0	37	0.000694927	1439	0.750261	FALSE	ORF1ab:cds-YP_009725295.1	ACA	T	CCA	P	4066
NC_045512.2	12464	G	A	1196	991	37	1	1	37	0.000835422	1197	0.750313	FALSE	ORF1ab:cds-YP_009724389.1	GCA	A	ACA	T	4067
NC_045512.2	12464	G	A	1196	991	37	1	1	37	0.000835422	1197	0.750313	FALSE	ORF1ab:cds-YP_009725295.1	GCA	A	ACA	T	4067
NC_045512.2	12465	C	T	1194	989	38	1	0	37	0.00083682	1195	0.750314	FALSE	ORF1ab:cds-YP_009724389.1	GCA	A	GTA	V	4067
NC_045512.2	12465	C	T	1194	989	38	1	0	37	0.00083682	1195	0.750314	FALSE	ORF1ab:cds-YP_009725295.1	GCA	A	GTA	V	4067
NC_045512.2	12466	A	T	1171	966	38	1	0	37	0.000852515	1173	0.750107	FALSE	ORF1ab:cds-YP_009724389.1	GCA	A	GCT	A	4067
NC_045512.2	12466	A	T	1171	966	38	1	0	37	0.000852515	1173	0.750107	FALSE	ORF1ab:cds-YP_009725295.1	GCA	A	GCT	A	4067
NC_045512.2	12466	A	C	1171	966	38	1	0	37	0.000852515	1173	0.750107	FALSE	ORF1ab:cds-YP_009724389.1	GCA	A	GCC	A	4067
NC_045512.2	12466	A	C	1171	966	38	1	0	37	0.000852515	1173	0.750107	FALSE	ORF1ab:cds-YP_009725295.1	GCA	A	GCC	A	4067
NC_045512.2	12467	G	T	1144	974	37	1	1	37	0.00087184	1147	0.749891	FALSE	ORF1ab:cds-YP_009724389.1	GCC	A	TCC	S	4068
NC_045512.2	12467	G	T	1144	974	37	1	1	37	0.00087184	1147	0.749891	FALSE	ORF1ab:cds-YP_009725295.1	GCC	A	TCC	S	4068
NC_045512.2	12467	G	A	1144	974	37	2	1	37	0.00174368	1147	0.5	FALSE	ORF1ab:cds-YP_009724389.1	GCC	A	ACC	T	4068
NC_045512.2	12467	G	A	1144	974	37	2	1	37	0.00174368	1147	0.5	FALSE	ORF1ab:cds-YP_009725295.1	GCC	A	ACC	T	4068
NC_045512.2	12491	G	-A	87	12	42	1	0	20	0.0114943	87	0.505747	FALSE	NA	NA	NA	NA	NA	NA
NC_045512.2	12513	C	T	114	14	41	1	0	74	0.00869565	115	0.502183	FALSE	ORF1ab:cds-YP_009724389.1	ACG	T	ATG	M	4083
NC_045512.2	12513	C	T	114	14	41	1	0	74	0.00869565	115	0.502183	FALSE	ORF1ab:cds-YP_009725295.1	ACG	T	ATG	M	4083
NC_045512.2	12537	A	G	124	20	43	1	0	37	0.008	125	0.502008	FALSE	ORF1ab:cds-YP_009724389.1	TAT	Y	TGT	C	4091
NC_045512.2	12537	A	G	124	20	43	1	0	37	0.008	125	0.502008	FALSE	ORF1ab:cds-YP_009725295.1	TAT	Y	TGT	C	4091
NC_045512.2	12554	G	-A	107	29	41	1	0	20	0.00934579	107	0.755825	FALSE	NA	NA	NA	NA	NA	NA
NC_045512.2	12558	T	C	106	29	41	1	0	37	0.00934579	107	0.502347	FALSE	ORF1ab:cds-YP_009724389.1	ATC	I	ACC	T	4098
NC_045512.2	12558	T	C	106	29	41	1	0	37	0.00934579	107	0.502347	FALSE	ORF1ab:cds-YP_009725295.1	ATC	I	ACC	T	4098
NC_045512.2	12564	A	G	106	33	41	1	1	74	0.00934579	107	0.502347	FALSE	ORF1ab:cds-YP_009724389.1	CAG	Q	CGG	R	4100
NC_045512.2	12564	A	G	106	33	41	1	1	74	0.00934579	107	0.502347	FALSE	ORF1ab:cds-YP_009725295.1	CAG	Q	CGG	R	4100
NC_045512.2	12576	C	T	109	40	41	1	0	37	0.00909091	110	0.502283	FALSE	ORF1ab:cds-YP_009724389.1	GCA	A	GTA	V	4104
NC_045512.2	12576	C	T	109	40	41	1	0	37	0.00909091	110	0.502283	FALSE	ORF1ab:cds-YP_009725295.1	GCA	A	GTA	V	4104
NC_045512.2	12581	A	G	108	40	41	1	0	20	0.00917431	109	0.753456	FALSE	ORF1ab:cds-YP_009724389.1	AGT	S	GGT	G	4106
NC_045512.2	12581	A	G	108	40	41	1	0	20	0.00917431	109	0.753456	FALSE	ORF1ab:cds-YP_009725295.1	AGT	S	GGT	G	4106
NC_045512.2	12607	T	G	92	54	42	1	1	37	0.0107527	93	0.502703	FALSE	ORF1ab:cds-YP_009724389.1	ATT	I	ATG	M	4114
NC_045512.2	12607	T	G	92	54	42	1	1	37	0.0107527	93	0.502703	FALSE	ORF1ab:cds-YP_009725295.1	ATT	I	ATG	M	4114
NC_045512.2	12700	T	C	117	92	42	1	1	37	0.00847458	118	0.502128	FALSE	ORF1ab:cds-YP_009724389.1	AGT	S	AGC	S	4145
NC_045512.2	12700	T	C	117	92	42	1	1	37	0.00847458	118	0.502128	FALSE	ORF1ab:cds-YP_009725295.1	AGT	S	AGC	S	4145
NC_045512.2	12709	A	G	105	86	44	1	1	37	0.00943396	106	0.50237	FALSE	ORF1ab:cds-YP_009724389.1	GCA	A	GCG	A	4148
NC_045512.2	12709	A	G	105	86	44	1	1	37	0.00943396	106	0.50237	FALSE	ORF1ab:cds-YP_009725295.1	GCA	A	GCG	A	4148
NC_045512.2	12730	T	A	82	71	43	13	12	38	0.136842	95	8.44091e-05	TRUE	ORF1ab:cds-YP_009724389.1	GCT	A	GCA	A	4155
NC_045512.2	12730	T	A	82	71	43	13	12	38	0.136842	95	8.44091e-05	TRUE	ORF1ab:cds-YP_009725295.1	GCT	A	GCA	A	4155
NC_045512.2	12733	C	T	73	62	42	22	21	42	0.231579	95	6.81996e-08	TRUE	ORF1ab:cds-YP_009724389.1	GCC	A	GCT	A	4156
NC_045512.2	12733	C	T	73	62	42	22	21	42	0.231579	95	6.81996e-08	TRUE	ORF1ab:cds-YP_009725295.1	GCC	A	GCT	A	4156
NC_045512.2	12788	A	G	340	44	37	1	0	25	0.00293255	341	0.938416	FALSE	ORF1ab:cds-YP_009724389.1	ACA	T	GCA	A	4175
NC_045512.2	12788	A	G	340	44	37	1	0	25	0.00293255	341	0.938416	FALSE	ORF1ab:cds-YP_009725295.1	ACA	T	GCA	A	4175
NC_045512.2	12789	C	T	36	33	38	304	12	36	0.894118	340	2.85696e-153	TRUE	ORF1ab:cds-YP_009724389.1	ACA	T	ATA	I	4175
NC_045512.2	12789	C	T	36	33	38	304	12	36	0.894118	340	2.85696e-153	TRUE	ORF1ab:cds-YP_009725295.1	ACA	T	ATA	I	4175
NC_045512.2	12790	A	G	347	47	37	1	0	37	0.00287356	348	0.500719	FALSE	ORF1ab:cds-YP_009724389.1	ACA	T	ACG	T	4175
NC_045512.2	12790	A	G	347	47	37	1	0	37	0.00287356	348	0.500719	FALSE	ORF1ab:cds-YP_009725295.1	ACA	T	ACG	T	4175
NC_045512.2	12809	C	T	398	22	40	1	0	37	0.00250627	399	0.500627	FALSE	ORF1ab:cds-YP_009724389.1	CTT	L	TTT	F	4182
NC_045512.2	12809	C	T	398	22	40	1	0	37	0.00250627	399	0.500627	FALSE	ORF1ab:cds-YP_009725295.1	CTT	L	TTT	F	4182
NC_045512.2	12814	A	G	402	22	40	1	1	37	0.00248139	403	0.500621	FALSE	ORF1ab:cds-YP_009724389.1	GCA	A	GCG	A	4183
NC_045512.2	12814	A	G	402	22	40	1	1	37	0.00248139	403	0.500621	FALSE	ORF1ab:cds-YP_009725295.1	GCA	A	GCG	A	4183
NC_045512.2	12837	T	C	477	58	45	1	0	62	0.00209205	478	0.500524	FALSE	ORF1ab:cds-YP_009724389.1	TTG	L	TCG	S	4191
NC_045512.2	12837	T	C	477	58	45	1	0	62	0.00209205	478	0.500524	FALSE	ORF1ab:cds-YP_009725295.1	TTG	L	TCG	S	4191
NC_045512.2	12843	G	A	484	70	46	1	0	37	0.00206186	485	0.500516	FALSE	ORF1ab:cds-YP_009724389.1	TGG	W	TAG	*	4193
NC_045512.2	12843	G	A	484	70	46	1	0	37	0.00206186	485	0.500516	FALSE	ORF1ab:cds-YP_009725295.1	TGG	W	TAG	*	4193
NC_045512.2	12850	A	G	495	74	46	1	0	25	0.00201613	496	0.969222	FALSE	ORF1ab:cds-YP_009724389.1	AGA	R	AGG	R	4195
NC_045512.2	12850	A	G	495	74	46	1	0	25	0.00201613	496	0.969222	FALSE	ORF1ab:cds-YP_009725295.1	AGA	R	AGG	R	4195
NC_045512.2	12855	C	G	566	100	48	1	0	37	0.00176367	567	0.500441	FALSE	ORF1ab:cds-YP_009724389.1	CCT	P	CGT	R	4197
NC_045512.2	12855	C	G	566	100	48	1	0	37	0.00176367	567	0.500441	FALSE	ORF1ab:cds-YP_009725295.1	CCT	P	CGT	R	4197
NC_045512.2	12856	T	A	563	100	48	1	0	74	0.00177305	564	0.500444	FALSE	ORF1ab:cds-YP_009724389.1	CCT	P	CCA	P	4197
NC_045512.2	12856	T	A	563	100	48	1	0	74	0.00177305	564	0.500444	FALSE	ORF1ab:cds-YP_009725295.1	CCT	P	CCA	P	4197
NC_045512.2	12864	A	G	556	106	47	1	0	74	0.00179533	557	0.500449	FALSE	ORF1ab:cds-YP_009724389.1	GAT	D	GGT	G	4200
NC_045512.2	12864	A	G	556	106	47	1	0	74	0.00179533	557	0.500449	FALSE	ORF1ab:cds-YP_009725295.1	GAT	D	GGT	G	4200
NC_045512.2	12874	T	C	520	153	45	1	0	74	0.00191939	521	0.50048	FALSE	ORF1ab:cds-YP_009724389.1	GGT	G	GGC	G	4203
NC_045512.2	12874	T	C	520	153	45	1	0	74	0.00191939	521	0.50048	FALSE	ORF1ab:cds-YP_009725295.1	GGT	G	GGC	G	4203
NC_045512.2	12877	T	C	422	121	45	111	33	44	0.208255	533	7.118e-37	TRUE	ORF1ab:cds-YP_009724389.1	ACT	T	ACC	T	4204
NC_045512.2	12877	T	C	422	121	45	111	33	44	0.208255	533	7.118e-37	TRUE	ORF1ab:cds-YP_009725295.1	ACT	T	ACC	T	4204
NC_045512.2	12880	C	T	0	0	0	526	165	43	1	526	1.68518e-315	TRUE	ORF1ab:cds-YP_009724389.1	ATC	I	ATT	I	4205
NC_045512.2	12880	C	T	0	0	0	526	165	43	1	526	1.68518e-315	TRUE	ORF1ab:cds-YP_009725295.1	ATC	I	ATT	I	4205
NC_045512.2	12894	A	G	554	259	44	1	0	37	0.0018018	555	0.500451	FALSE	ORF1ab:cds-YP_009724389.1	GAA	E	GGA	G	4210
NC_045512.2	12894	A	G	554	259	44	1	0	37	0.0018018	555	0.500451	FALSE	ORF1ab:cds-YP_009725295.1	GAA	E	GGA	G	4210
NC_045512.2	12897	C	T	551	279	44	1	0	74	0.00180832	553	0.5	FALSE	ORF1ab:cds-YP_009724389.1	CCA	P	CTA	L	4211
NC_045512.2	12897	C	T	551	279	44	1	0	74	0.00180832	553	0.5	FALSE	ORF1ab:cds-YP_009725295.1	CCA	P	CTA	L	4211
NC_045512.2	12897	C	A	551	279	44	1	0	37	0.00180832	553	0.5	FALSE	ORF1ab:cds-YP_009724389.1	CCA	P	CAA	Q	4211
NC_045512.2	12897	C	A	551	279	44	1	0	37	0.00180832	553	0.5	FALSE	ORF1ab:cds-YP_009725295.1	CCA	P	CAA	Q	4211
NC_045512.2	12898	A	G	557	279	44	1	1	48	0.00179211	558	0.500448	FALSE	ORF1ab:cds-YP_009724389.1	CCA	P	CCG	P	4211
NC_045512.2	12898	A	G	557	279	44	1	1	48	0.00179211	558	0.500448	FALSE	ORF1ab:cds-YP_009725295.1	CCA	P	CCG	P	4211
NC_045512.2	12901	T	A	578	282	44	1	0	37	0.00172712	579	0.500432	FALSE	ORF1ab:cds-YP_009724389.1	CCT	P	CCA	P	4212
NC_045512.2	12901	T	A	578	282	44	1	0	37	0.00172712	579	0.500432	FALSE	ORF1ab:cds-YP_009725295.1	CCT	P	CCA	P	4212
NC_045512.2	12912	T	C	569	291	41	1	1	74	0.00175439	570	0.500439	FALSE	ORF1ab:cds-YP_009724389.1	GTT	V	GCT	A	4216
NC_045512.2	12912	T	C	569	291	41	1	1	74	0.00175439	570	0.500439	FALSE	ORF1ab:cds-YP_009725295.1	GTT	V	GCT	A	4216
NC_045512.2	12922	A	G	580	307	40	1	1	37	0.00172117	581	0.500431	FALSE	ORF1ab:cds-YP_009724389.1	ACA	T	ACG	T	4219
NC_045512.2	12922	A	G	580	307	40	1	1	37	0.00172117	581	0.500431	FALSE	ORF1ab:cds-YP_009725295.1	ACA	T	ACG	T	4219
NC_045512.2	12925	T	C	594	308	40	1	1	37	0.00168067	595	0.500421	FALSE	ORF1ab:cds-YP_009724389.1	CCT	P	CCC	P	4220
NC_045512.2	12925	T	C	594	308	40	1	1	37	0.00168067	595	0.500421	FALSE	ORF1ab:cds-YP_009725295.1	CCT	P	CCC	P	4220
NC_045512.2	12926	A	T	606	330	40	1	0	25	0.00164745	607	0.992367	FALSE	ORF1ab:cds-YP_009724389.1	AAA	K	TAA	*	4221
NC_045512.2	12926	A	T	606	330	40	1	0	25	0.00164745	607	0.992367	FALSE	ORF1ab:cds-YP_009725295.1	AAA	K	TAA	*	4221
NC_045512.2	12930	G	A	605	307	40	1	1	37	0.00165017	606	0.500413	FALSE	ORF1ab:cds-YP_009724389.1	GGT	G	GAT	D	4222
NC_045512.2	12930	G	A	605	307	40	1	1	37	0.00165017	606	0.500413	FALSE	ORF1ab:cds-YP_009725295.1	GGT	G	GAT	D	4222
NC_045512.2	12934	T	A	576	282	40	1	0	25	0.0017331	577	0.984658	FALSE	ORF1ab:cds-YP_009724389.1	CCT	P	CCA	P	4223
NC_045512.2	12934	T	A	576	282	40	1	0	25	0.0017331	577	0.984658	FALSE	ORF1ab:cds-YP_009725295.1	CCT	P	CCA	P	4223
NC_045512.2	12959	A	G	526	266	40	1	0	37	0.00189753	527	0.500475	FALSE	ORF1ab:cds-YP_009724389.1	AAA	K	GAA	E	4232
NC_045512.2	12959	A	G	526	266	40	1	0	37	0.00189753	527	0.500475	FALSE	ORF1ab:cds-YP_009725295.1	AAA	K	GAA	E	4232
NC_045512.2	12970	C	T	284	170	43	291	168	42	0.506087	575	6.03513e-110	TRUE	ORF1ab:cds-YP_009724389.1	AAC	N	AAT	N	4235
NC_045512.2	12970	C	T	284	170	43	291	168	42	0.506087	575	6.03513e-110	TRUE	ORF1ab:cds-YP_009725295.1	AAC	N	AAT	N	4235
NC_045512.2	12974	C	A	566	328	42	1	1	37	0.00176367	567	0.500441	FALSE	ORF1ab:cds-YP_009724389.1	CTA	L	ATA	I	4237
NC_045512.2	12974	C	A	566	328	42	1	1	37	0.00176367	567	0.500441	FALSE	ORF1ab:cds-YP_009725295.1	CTA	L	ATA	I	4237
NC_045512.2	12975	T	A	563	326	42	1	1	37	0.00177305	564	0.500444	FALSE	ORF1ab:cds-YP_009724389.1	CTA	L	CAA	Q	4237
NC_045512.2	12975	T	A	563	326	42	1	1	37	0.00177305	564	0.500444	FALSE	ORF1ab:cds-YP_009725295.1	CTA	L	CAA	Q	4237
NC_045512.2	12983	G	T	554	326	41	1	1	37	0.0018018	555	0.500451	FALSE	ORF1ab:cds-YP_009724389.1	GGT	G	TGT	C	4240
NC_045512.2	12983	G	T	554	326	41	1	1	37	0.0018018	555	0.500451	FALSE	ORF1ab:cds-YP_009725295.1	GGT	G	TGT	C	4240
NC_045512.2	12994	T	C	507	274	41	1	0	37	0.0019685	508	0.500493	FALSE	ORF1ab:cds-YP_009724389.1	CTT	L	CTC	L	4243
NC_045512.2	12994	T	C	507	274	41	1	0	37	0.0019685	508	0.500493	FALSE	ORF1ab:cds-YP_009725295.1	CTT	L	CTC	L	4243
NC_045512.2	12995	G	A	506	272	41	1	1	37	0.00197239	507	0.500494	FALSE	ORF1ab:cds-YP_009724389.1	GGT	G	AGT	S	4244
NC_045512.2	12995	G	A	506	272	41	1	1	37	0.00197239	507	0.500494	FALSE	ORF1ab:cds-YP_009725295.1	GGT	G	AGT	S	4244
NC_045512.2	12996	G	A	507	273	41	3	1	37	0.00588235	510	0.125	FALSE	ORF1ab:cds-YP_009724389.1	GGT	G	GAT	D	4244
NC_045512.2	12996	G	A	507	273	41	3	1	37	0.00588235	510	0.125	FALSE	ORF1ab:cds-YP_009725295.1	GGT	G	GAT	D	4244
NC_045512.2	12997	T	C	513	275	41	1	0	37	0.00194553	514	0.500487	FALSE	ORF1ab:cds-YP_009724389.1	GGT	G	GGC	G	4244
NC_045512.2	12997	T	C	513	275	41	1	0	37	0.00194553	514	0.500487	FALSE	ORF1ab:cds-YP_009725295.1	GGT	G	GGC	G	4244
NC_045512.2	12998	A	C	477	241	42	1	1	37	0.00209205	478	0.500524	FALSE	ORF1ab:cds-YP_009724389.1	AGT	S	CGT	R	4245
NC_045512.2	12998	A	C	477	241	42	1	1	37	0.00209205	478	0.500524	FALSE	ORF1ab:cds-YP_009725295.1	AGT	S	CGT	R	4245
NC_045512.2	13006	T	C	486	283	43	1	1	37	0.00205339	487	0.500514	FALSE	ORF1ab:cds-YP_009724389.1	GCT	A	GCC	A	4247
NC_045512.2	13006	T	C	486	283	43	1	1	37	0.00205339	487	0.500514	FALSE	ORF1ab:cds-YP_009725295.1	GCT	A	GCC	A	4247
NC_045512.2	13012	A	T	491	308	43	1	1	37	0.00203252	492	0.500509	FALSE	ORF1ab:cds-YP_009724389.1	ACA	T	ACT	T	4249
NC_045512.2	13012	A	T	491	308	43	1	1	37	0.00203252	492	0.500509	FALSE	ORF1ab:cds-YP_009725295.1	ACA	T	ACT	T	4249
NC_045512.2	13012	A	+G	491	308	43	1	0	20	0.00203252	492	0.969225	FALSE	NA	NA	NA	NA	NA	NA
NC_045512.2	13013	G	T	499	312	43	1	0	37	0.002	500	0.500501	FALSE	ORF1ab:cds-YP_009724389.1	GTA	V	TTA	L	4250
NC_045512.2	13013	G	T	499	312	43	1	0	37	0.002	500	0.500501	FALSE	ORF1ab:cds-YP_009725295.1	GTA	V	TTA	L	4250
NC_045512.2	13016	C	A	507	328	45	1	1	37	0.0019685	508	0.500493	FALSE	ORF1ab:cds-YP_009724389.1	CGT	R	AGT	S	4251
NC_045512.2	13016	C	A	507	328	45	1	1	37	0.0019685	508	0.500493	FALSE	ORF1ab:cds-YP_009725295.1	CGT	R	AGT	S	4251
NC_045512.2	13020	T	C	510	338	46	1	0	74	0.00195695	511	0.50049	FALSE	ORF1ab:cds-YP_009724389.1	CTA	L	CCA	P	4252
NC_045512.2	13020	T	C	510	338	46	1	0	74	0.00195695	511	0.50049	FALSE	ORF1ab:cds-YP_009725295.1	CTA	L	CCA	P	4252
NC_045512.2	13023	A	C	496	347	44	1	0	37	0.00201207	497	0.500504	FALSE	ORF1ab:cds-YP_009724389.1	CAA	Q	CCA	P	4253
NC_045512.2	13023	A	C	496	347	44	1	0	37	0.00201207	497	0.500504	FALSE	ORF1ab:cds-YP_009725295.1	CAA	Q	CCA	P	4253
NC_045512.2	13035	C	T	526	429	45	3	2	37	0.00567108	529	0.125	FALSE	ORF1ab:cds-YP_009724389.1	GCA	A	GTA	V	4257
NC_045512.2	13035	C	T	526	429	45	3	2	37	0.00567108	529	0.125	FALSE	ORF1ab:cds-YP_009725295.1	GCA	A	GTA	V	4257
NC_045512.2	13036	A	T	519	421	46	1	1	37	0.00192308	520	0.500481	FALSE	ORF1ab:cds-YP_009724389.1	GCA	A	GCT	A	4257
NC_045512.2	13036	A	T	519	421	46	1	1	37	0.00192308	520	0.500481	FALSE	ORF1ab:cds-YP_009725295.1	GCA	A	GCT	A	4257
NC_045512.2	13037	A	G	512	417	45	3	1	33	0.00582524	515	0.125	FALSE	ORF1ab:cds-YP_009724389.1	ACA	T	GCA	A	4258
NC_045512.2	13037	A	G	512	417	45	3	1	33	0.00582524	515	0.125	FALSE	ORF1ab:cds-YP_009725295.1	ACA	T	GCA	A	4258
NC_045512.2	13039	A	G	530	439	46	1	0	62	0.00188324	531	0.500471	FALSE	ORF1ab:cds-YP_009724389.1	ACA	T	ACG	T	4258
NC_045512.2	13039	A	G	530	439	46	1	0	62	0.00188324	531	0.500471	FALSE	ORF1ab:cds-YP_009725295.1	ACA	T	ACG	T	4258
NC_045512.2	13043	G	A	528	439	46	1	1	37	0.00189036	529	0.500473	FALSE	ORF1ab:cds-YP_009724389.1	GTG	V	ATG	M	4260
NC_045512.2	13043	G	A	528	439	46	1	1	37	0.00189036	529	0.500473	FALSE	ORF1ab:cds-YP_009725295.1	GTG	V	ATG	M	4260
NC_045512.2	13048	T	C	498	422	44	1	1	37	0.00200401	499	0.500502	FALSE	ORF1ab:cds-YP_009724389.1	CCT	P	CCC	P	4261
NC_045512.2	13048	T	C	498	422	44	1	1	37	0.00200401	499	0.500502	FALSE	ORF1ab:cds-YP_009725295.1	CCT	P	CCC	P	4261
NC_045512.2	13049	G	A	499	423	44	1	1	74	0.002	500	0.500501	FALSE	ORF1ab:cds-YP_009724389.1	GCC	A	ACC	T	4262
NC_045512.2	13049	G	A	499	423	44	1	1	74	0.002	500	0.500501	FALSE	ORF1ab:cds-YP_009725295.1	GCC	A	ACC	T	4262
NC_045512.2	13050	C	T	496	421	44	1	0	74	0.00200401	499	0.499497	FALSE	ORF1ab:cds-YP_009724389.1	GCC	A	GTC	V	4262
NC_045512.2	13050	C	T	496	421	44	1	0	74	0.00200401	499	0.499497	FALSE	ORF1ab:cds-YP_009725295.1	GCC	A	GTC	V	4262
NC_045512.2	13050	C	A	496	421	44	2	2	55	0.00400802	499	0.249749	FALSE	ORF1ab:cds-YP_009724389.1	GCC	A	GAC	D	4262
NC_045512.2	13050	C	A	496	421	44	2	2	55	0.00400802	499	0.249749	FALSE	ORF1ab:cds-YP_009725295.1	GCC	A	GAC	D	4262
NC_045512.2	13051	C	-A	502	426	44	1	0	20	0.00199203	502	0.984792	FALSE	NA	NA	NA	NA	NA	NA
NC_045512.2	13066	A	G	468	402	44	1	1	37	0.0021322	469	0.500534	FALSE	ORF1ab:cds-YP_009724389.1	TTA	L	TTG	L	4267
NC_045512.2	13066	A	G	468	402	44	1	1	37	0.0021322	469	0.500534	FALSE	ORF1ab:cds-YP_009725295.1	TTA	L	TTG	L	4267
NC_045512.2	13092	C	T	325	307	38	1	1	37	0.00306748	326	0.500768	FALSE	ORF1ab:cds-YP_009724389.1	GCT	A	GTT	V	4276
NC_045512.2	13092	C	T	325	307	38	1	1	37	0.00306748	326	0.500768	FALSE	ORF1ab:cds-YP_009725295.1	GCT	A	GTT	V	4276
NC_045512.2	13101	C	T	298	280	38	1	1	37	0.00334448	299	0.500838	FALSE	ORF1ab:cds-YP_009724389.1	GCT	A	GTT	V	4279
NC_045512.2	13101	C	T	298	280	38	1	1	37	0.00334448	299	0.500838	FALSE	ORF1ab:cds-YP_009725295.1	GCT	A	GTT	V	4279
NC_045512.2	13443	C	T	2391	386	37	2	1	37	0.000835771	2393	0.687735	FALSE	ORF1ab:cds-YP_009724389.1	TCA	S	TTA	L	4393
NC_045512.2	13443	C	T	2391	386	37	2	1	37	0.000835771	2393	0.687735	FALSE	ORF1ab:cds-YP_009725295.1	TCA	S	TTA	L	4393
NC_045512.2	13444	A	G	2394	391	37	1	0	37	0.000417537	2395	0.875157	FALSE	ORF1ab:cds-YP_009724389.1	TCA	S	TCG	S	4393
NC_045512.2	13444	A	G	2394	391	37	1	0	37	0.000417537	2395	0.875157	FALSE	ORF1ab:cds-YP_009725295.1	TCA	S	TCG	S	4393
NC_045512.2	13445	G	A	2610	393	37	2	0	37	0.000765697	2612	0.687715	FALSE	ORF1ab:cds-YP_009724389.1	GCT	A	ACT	T	4394
NC_045512.2	13445	G	A	2610	393	37	2	0	37	0.000765697	2612	0.687715	FALSE	ORF1ab:cds-YP_009725295.1	GCT	A	ACT	T	4394
NC_045512.2	13446	C	T	2669	400	37	3	0	37	0.00112275	2672	0.500176	FALSE	ORF1ab:cds-YP_009724389.1	GCT	A	GTT	V	4394
NC_045512.2	13446	C	T	2669	400	37	3	0	37	0.00112275	2672	0.500176	FALSE	ORF1ab:cds-YP_009725295.1	GCT	A	GTT	V	4394
NC_045512.2	13447	T	C	2672	402	37	1	0	37	0.000374111	2673	0.87514	FALSE	ORF1ab:cds-YP_009724389.1	GCT	A	GCC	A	4394
NC_045512.2	13447	T	C	2672	402	37	1	0	37	0.000374111	2673	0.87514	FALSE	ORF1ab:cds-YP_009725295.1	GCT	A	GCC	A	4394
NC_045512.2	13449	A	G	2733	444	38	1	0	37	0.000365764	2734	0.875137	FALSE	ORF1ab:cds-YP_009724389.1	GAT	D	GGT	G	4395
NC_045512.2	13449	A	G	2733	444	38	1	0	37	0.000365764	2734	0.875137	FALSE	ORF1ab:cds-YP_009725295.1	GAT	D	GGT	G	4395
NC_045512.2	13451	G	A	2853	444	38	7	2	37	0.00244755	2860	0.0897576	FALSE	ORF1ab:cds-YP_009724389.1	GCA	A	ACA	T	4396
NC_045512.2	13451	G	A	2853	444	38	7	2	37	0.00244755	2860	0.0897576	FALSE	ORF1ab:cds-YP_009725295.1	GCA	A	ACA	T	4396
NC_045512.2	13452	C	T	2858	443	38	2	0	37	0.000699301	2860	0.687697	FALSE	ORF1ab:cds-YP_009724389.1	GCA	A	GTA	V	4396
NC_045512.2	13452	C	T	2858	443	38	2	0	37	0.000699301	2860	0.687697	FALSE	ORF1ab:cds-YP_009725295.1	GCA	A	GTA	V	4396
NC_045512.2	13459	G	T	2896	471	39	1	0	37	0.000345066	2898	0.875065	FALSE	ORF1ab:cds-YP_009724389.1	TCG	S	TCT	S	4398
NC_045512.2	13459	G	T	2896	471	39	1	0	37	0.000345066	2898	0.875065	FALSE	ORF1ab:cds-YP_009725295.1	TCG	S	TCT	S	4398
NC_045512.2	13459	G	A	2896	471	39	1	0	37	0.000345066	2898	0.875065	FALSE	ORF1ab:cds-YP_009724389.1	TCG	S	TCA	S	4398
NC_045512.2	13459	G	A	2896	471	39	1	0	37	0.000345066	2898	0.875065	FALSE	ORF1ab:cds-YP_009725295.1	TCG	S	TCA	S	4398
NC_045512.2	13459	G	-T	2896	471	39	1	0	20	0.000345066	2898	1	FALSE	NA	NA	NA	NA	NA	NA
NC_045512.2	13467	A	G	2824	496	38	1	0	37	0.000353982	2825	0.875133	FALSE	ORF1ab:cds-YP_009724389.1	AAC	N	AGC	S	4401
NC_045512.2	13467	A	G	2824	496	38	1	0	37	0.000353982	2825	0.875133	FALSE	ORF1ab:cds-YP_009725295.1	AAC	N	AGC	S	4401
NC_045512.2	13468	C	A	2949	508	39	1	1	37	0.000338983	2950	0.875127	FALSE	ORF1ab:cds-YP_009724389.1	AAC	N	AAA	K	4401
NC_045512.2	13468	C	A	2949	508	39	1	1	37	0.000338983	2950	0.875127	FALSE	ORF1ab:cds-YP_009724389.1	CGG	R	AGG	R	1
NC_045512.2	13468	C	A	2949	508	39	1	1	37	0.000338983	2950	0.875127	FALSE	ORF1ab:cds-YP_009725295.1	AAC	N	AAA	K	4401
NC_045512.2	13469	G	+GGTTTGC	2979	518	39	1	0	20	0.000335683	2979	1	FALSE	NA	NA	NA	NA	NA	NA
NC_045512.2	13471	G	A	3468	519	39	1	0	37	0.000288268	3469	0.93759	FALSE	ORF1ab:cds-YP_009724389.1	GTT	V	ATT	I	2
NC_045512.2	13471	G	A	3468	519	39	1	0	37	0.000288268	3469	0.93759	FALSE	ORF1ab:cds-YP_009725295.1	GGG	G	GGA	G	4402
NC_045512.2	13471	G	-T	3468	519	39	1	0	20	0.000288268	3469	1	FALSE	NA	NA	NA	NA	NA	NA
NC_045512.2	13472	T	C	3342	533	38	1	0	37	0.000299133	3343	0.937593	FALSE	ORF1ab:cds-YP_009724389.1	GTT	V	GCT	A	2
NC_045512.2	13472	T	C	3342	533	38	1	0	37	0.000299133	3343	0.937593	FALSE	ORF1ab:cds-YP_009725295.1	TTT	F	CTT	L	4403
NC_045512.2	13474	T	C	3465	539	39	2	0	37	0.000576701	3468	0.81259	FALSE	ORF1ab:cds-YP_009724389.1	TGC	C	CGC	R	3
NC_045512.2	13474	T	C	3465	539	39	2	0	37	0.000576701	3468	0.81259	FALSE	ORF1ab:cds-YP_009725295.1	TTT	F	TTC	F	4403
NC_045512.2	13474	T	A	3465	539	39	1	0	25	0.000288351	3468	1	FALSE	ORF1ab:cds-YP_009724389.1	TGC	C	AGC	S	3
NC_045512.2	13474	T	A	3465	539	39	1	0	25	0.000288351	3468	1	FALSE	ORF1ab:cds-YP_009725295.1	TTT	F	TTA	L	4403
NC_045512.2	13476	C	T	3498	537	39	2	0	37	0.000571429	3500	0.812679	FALSE	ORF1ab:cds-YP_009724389.1	TGC	C	TGT	C	3
NC_045512.2	13476	C	T	3498	537	39	2	0	37	0.000571429	3500	0.812679	FALSE	ORF1ab:cds-YP_009725295.1	GCG	A	GTG	V	4404
NC_045512.2	13477	G	A	3496	545	39	1	0	62	0.000285959	3497	0.500072	FALSE	ORF1ab:cds-YP_009724389.1	GGT	G	AGT	S	4
NC_045512.2	13477	G	A	3496	545	39	1	0	62	0.000285959	3497	0.500072	FALSE	ORF1ab:cds-YP_009725295.1	GCG	A	GCA	A	4404
NC_045512.2	13478	G	A	4229	555	39	1	0	37	0.000236407	4230	0.968805	FALSE	ORF1ab:cds-YP_009724389.1	GGT	G	GAT	D	4
NC_045512.2	13478	G	A	4229	555	39	1	0	37	0.000236407	4230	0.968805	FALSE	ORF1ab:cds-YP_009725295.1	GTG	V	ATG	M	4405
NC_045512.2	13480	G	A	4268	558	39	1	0	37	0.000234247	4269	0.968805	FALSE	ORF1ab:cds-YP_009724389.1	GTA	V	ATA	I	5
NC_045512.2	13480	G	A	4268	558	39	1	0	37	0.000234247	4269	0.968805	FALSE	ORF1ab:cds-YP_009725295.1	GTG	V	GTA	V	4405
NC_045512.2	13481	T	C	4264	558	39	2	1	37	0.000468823	4266	0.890762	FALSE	ORF1ab:cds-YP_009724389.1	GTA	V	GCA	A	5
NC_045512.2	13481	T	C	4264	558	39	2	1	37	0.000468823	4266	0.890762	FALSE	ORF1ab:cds-YP_009725295.1	TAA	*	CAA	Q	4406
NC_045512.2	13482	A	T	4287	557	39	1	0	37	0.000233209	4288	0.968805	FALSE	ORF1ab:cds-YP_009724389.1	GTA	V	GTT	V	5
NC_045512.2	13482	A	T	4287	557	39	1	0	37	0.000233209	4288	0.968805	FALSE	ORF1ab:cds-YP_009725295.1	TAA	*	TTA	L	4406
NC_045512.2	13483	A	T	4176	555	37	1	0	37	0.000239349	4178	0.968787	FALSE	ORF1ab:cds-YP_009724389.1	AGT	S	TGT	C	6
NC_045512.2	13483	A	T	4176	555	37	1	0	37	0.000239349	4178	0.968787	FALSE	ORF1ab:cds-YP_009725295.1	TAA	*	TAT	Y	4406
NC_045512.2	13483	A	G	4176	555	37	1	0	37	0.000239349	4178	0.968787	FALSE	ORF1ab:cds-YP_009724389.1	AGT	S	GGT	G	6
NC_045512.2	13483	A	G	4176	555	37	1	0	37	0.000239349	4178	0.968787	FALSE	ORF1ab:cds-YP_009725295.1	TAA	*	TAG	*	4406
NC_045512.2	13485	T	C	4523	569	39	1	0	37	0.000221043	4524	0.968802	FALSE	ORF1ab:cds-YP_009724389.1	AGT	S	AGC	S	6
NC_045512.2	13486	G	T	4527	570	39	1	0	37	0.000220751	4530	0.968767	FALSE	ORF1ab:cds-YP_009724389.1	GCA	A	TCA	S	7
NC_045512.2	13486	G	A	4527	570	39	2	0	37	0.000441501	4530	0.890703	FALSE	ORF1ab:cds-YP_009724389.1	GCA	A	ACA	T	7
NC_045512.2	13487	C	T	4532	570	39	7	1	40	0.00154219	4539	0.00780045	TRUE	ORF1ab:cds-YP_009724389.1	GCA	A	GTA	V	7
NC_045512.2	13488	A	G	4546	566	39	2	0	37	0.000439754	4548	0.890754	FALSE	ORF1ab:cds-YP_009724389.1	GCA	A	GCG	A	7
NC_045512.2	13489	G	A	4509	572	39	1	0	37	0.000221729	4510	0.968802	FALSE	ORF1ab:cds-YP_009724389.1	GCC	A	ACC	T	8
NC_045512.2	13490	C	T	4567	571	39	2	0	55	0.000437733	4569	0.250027	FALSE	ORF1ab:cds-YP_009724389.1	GCC	A	GTC	V	8
NC_045512.2	13491	C	T	4593	571	39	1	0	37	0.000217675	4594	0.968801	FALSE	ORF1ab:cds-YP_009724389.1	GCC	A	GCT	A	8
NC_045512.2	13492	C	T	4605	599	39	2	0	37	0.000432994	4619	0.890141	FALSE	ORF1ab:cds-YP_009724389.1	CGT	R	TGT	C	9
NC_045512.2	13492	C	G	4605	599	39	12	10	37	0.00259796	4619	0.0382441	FALSE	ORF1ab:cds-YP_009724389.1	CGT	R	GGT	G	9
NC_045512.2	13493	G	A	9291	613	38	1	0	37	0.000107619	9292	0.999026	FALSE	ORF1ab:cds-YP_009724389.1	CGT	R	CAT	H	9
NC_045512.2	13494	T	G	9431	610	37	1	0	37	0.000106	9434	0.999025	FALSE	ORF1ab:cds-YP_009724389.1	CGT	R	CGG	R	9
NC_045512.2	13494	T	C	9431	610	37	1	0	37	0.000106	9434	0.999025	FALSE	ORF1ab:cds-YP_009724389.1	CGT	R	CGC	R	9
NC_045512.2	13494	T	A	9431	610	37	1	0	37	0.000106	9434	0.999025	FALSE	ORF1ab:cds-YP_009724389.1	CGT	R	CGA	R	9
NC_045512.2	13495	C	T	9623	613	38	2	1	31	0.000207792	9625	0.994155	FALSE	ORF1ab:cds-YP_009724389.1	CTT	L	TTT	F	10
NC_045512.2	13496	T	G	9566	617	38	1	0	37	0.000104493	9570	0.999025	FALSE	ORF1ab:cds-YP_009724389.1	CTT	L	CGT	R	10
NC_045512.2	13496	T	C	9566	617	38	2	0	37	0.000208986	9570	0.994149	FALSE	ORF1ab:cds-YP_009724389.1	CTT	L	CCT	P	10
NC_045512.2	13496	T	A	9566	617	38	1	0	37	0.000104493	9570	0.999025	FALSE	ORF1ab:cds-YP_009724389.1	CTT	L	CAT	H	10
NC_045512.2	13497	T	C	9594	619	38	2	0	37	0.000208398	9597	0.994152	FALSE	ORF1ab:cds-YP_009724389.1	CTT	L	CTC	L	10
NC_045512.2	13497	T	A	9594	619	38	1	0	25	0.000104199	9597	1	FALSE	ORF1ab:cds-YP_009724389.1	CTT	L	CTA	L	10
NC_045512.2	13498	A	T	9670	720	39	1	0	37	0.000103381	9673	0.999025	FALSE	ORF1ab:cds-YP_009724389.1	ACA	T	TCA	S	11
NC_045512.2	13498	A	G	9670	720	39	1	0	37	0.000103381	9673	0.999025	FALSE	ORF1ab:cds-YP_009724389.1	ACA	T	GCA	A	11
NC_045512.2	13498	A	C	9670	720	39	1	0	37	0.000103381	9673	0.999025	FALSE	ORF1ab:cds-YP_009724389.1	ACA	T	CCA	P	11
NC_045512.2	13499	C	T	9669	729	39	3	0	37	0.000310142	9673	0.980742	FALSE	ORF1ab:cds-YP_009724389.1	ACA	T	ATA	I	11
NC_045512.2	13499	C	G	9669	729	39	1	0	37	0.000103381	9673	0.999025	FALSE	ORF1ab:cds-YP_009724389.1	ACA	T	AGA	R	11
NC_045512.2	13500	A	G	9675	726	39	3	0	45	0.000309981	9678	0.125	FALSE	ORF1ab:cds-YP_009724389.1	ACA	T	ACG	T	11
NC_045512.2	13501	C	T	9714	728	39	4	1	37	0.000411607	9718	0.953929	FALSE	ORF1ab:cds-YP_009724389.1	CCG	P	TCG	S	12
NC_045512.2	13502	C	T	9695	732	39	3	0	37	0.000309342	9698	0.98075	FALSE	ORF1ab:cds-YP_009724389.1	CCG	P	CTG	L	12
NC_045512.2	13503	G	A	10134	734	39	19	3	38	0.00187137	10153	0.0679182	FALSE	ORF1ab:cds-YP_009724389.1	CCG	P	CCA	P	12
NC_045512.2	13505	G	C	10179	752	39	1	0	74	9.82318e-05	10180	0.500025	FALSE	ORF1ab:cds-YP_009724389.1	TGC	C	TCC	S	13
NC_045512.2	13506	C	T	10168	758	39	26	0	36	0.00255052	10194	0.00563486	TRUE	ORF1ab:cds-YP_009724389.1	TGC	C	TGT	C	13
NC_045512.2	13507	G	T	10180	759	39	1	0	37	9.82029e-05	10183	0.999513	FALSE	ORF1ab:cds-YP_009724389.1	GGC	G	TGC	C	14
NC_045512.2	13507	G	A	10180	759	39	2	0	31	0.000196406	10183	0.996833	FALSE	ORF1ab:cds-YP_009724389.1	GGC	G	AGC	S	14
NC_045512.2	13508	G	A	10377	759	39	16	1	37	0.0015395	10393	0.163378	FALSE	ORF1ab:cds-YP_009724389.1	GGC	G	GAC	D	14
NC_045512.2	13509	C	T	10419	760	39	4	0	37	0.000383767	10423	0.971366	FALSE	ORF1ab:cds-YP_009724389.1	GGC	G	GGT	G	14
NC_045512.2	13510	A	G	10366	761	39	3	0	37	0.000289324	10369	0.988795	FALSE	ORF1ab:cds-YP_009724389.1	ACA	T	GCA	A	15
NC_045512.2	13511	C	T	10426	761	39	3	0	49	0.000287659	10429	0.312518	FALSE	ORF1ab:cds-YP_009724389.1	ACA	T	ATA	I	15
NC_045512.2	13512	A	T	10310	758	38	4	0	37	0.000387522	10322	0.971272	FALSE	ORF1ab:cds-YP_009724389.1	ACA	T	ACT	T	15
NC_045512.2	13512	A	G	10310	758	38	7	2	37	0.000678163	10322	0.833746	FALSE	ORF1ab:cds-YP_009724389.1	ACA	T	ACG	T	15
NC_045512.2	13512	A	C	10310	758	38	1	0	37	9.68804e-05	10322	0.99951	FALSE	ORF1ab:cds-YP_009724389.1	ACA	T	ACC	T	15
NC_045512.2	13513	G	T	10623	777	39	2	0	37	0.000188218	10626	0.996833	FALSE	ORF1ab:cds-YP_009724389.1	GGC	G	TGC	C	16
NC_045512.2	13513	G	A	10623	777	39	1	0	25	9.41088e-05	10626	1	FALSE	ORF1ab:cds-YP_009724389.1	GGC	G	AGC	S	16
NC_045512.2	13514	G	A	10631	783	39	4	0	37	0.000376117	10635	0.971365	FALSE	ORF1ab:cds-YP_009724389.1	GGC	G	GAC	D	16
NC_045512.2	13515	C	T	11828	794	39	5	1	44	0.000422547	11833	0.109365	FALSE	ORF1ab:cds-YP_009724389.1	GGC	G	GGT	G	16
NC_045512.2	13516	A	G	11694	796	38	2	0	55	0.000170999	11696	0.250011	FALSE	ORF1ab:cds-YP_009724389.1	ACT	T	GCT	A	17
NC_045512.2	13517	C	T	12186	807	39	1	0	37	8.20479e-05	12188	0.999878	FALSE	ORF1ab:cds-YP_009724389.1	ACT	T	ATT	I	17
NC_045512.2	13517	C	G	12186	807	39	1	0	37	8.20479e-05	12188	0.999878	FALSE	ORF1ab:cds-YP_009724389.1	ACT	T	AGT	S	17
NC_045512.2	13518	T	C	12058	815	38	2	0	42	0.000165837	12060	0.500031	FALSE	ORF1ab:cds-YP_009724389.1	ACT	T	ACC	T	17
NC_045512.2	13518	T	-A	12058	815	38	1	0	20	8.29187e-05	12060	1	FALSE	NA	NA	NA	NA	NA	NA
NC_045512.2	13520	G	A	12639	843	39	1	0	25	7.91139e-05	12640	1	FALSE	ORF1ab:cds-YP_009724389.1	AGT	S	AAT	N	18
NC_045512.2	13521	T	C	12639	847	39	2	1	28	0.000158215	12641	1	FALSE	ORF1ab:cds-YP_009724389.1	AGT	S	AGC	S	18
NC_045512.2	13522	A	C	12675	837	39	1	0	37	7.88892e-05	12676	0.999878	FALSE	ORF1ab:cds-YP_009724389.1	ACT	T	CCT	P	19
NC_045512.2	13523	C	T	12708	844	39	4	0	37	0.000314639	12713	0.989384	FALSE	ORF1ab:cds-YP_009724389.1	ACT	T	ATT	I	19
NC_045512.2	13523	C	G	12708	844	39	1	0	37	7.86596e-05	12713	0.999878	FALSE	ORF1ab:cds-YP_009724389.1	ACT	T	AGT	S	19
NC_045512.2	13524	T	C	12361	811	39	8	1	41	0.000646726	12370	0.0195142	FALSE	ORF1ab:cds-YP_009724389.1	ACT	T	ACC	T	19
NC_045512.2	13524	T	A	12361	811	39	1	0	37	8.08407e-05	12370	0.999878	FALSE	ORF1ab:cds-YP_009724389.1	ACT	T	ACA	T	19
NC_045512.2	13525	G	A	12391	877	39	4	0	34	0.000322711	12395	0.989389	FALSE	ORF1ab:cds-YP_009724389.1	GAT	D	AAT	N	20
NC_045512.2	13526	A	G	12265	864	39	3	1	37	0.000244121	12289	0.996282	FALSE	ORF1ab:cds-YP_009724389.1	GAT	D	GGT	G	20
NC_045512.2	13526	A	C	12265	864	39	21	0	37	0.00170885	12289	0.0811661	FALSE	ORF1ab:cds-YP_009724389.1	GAT	D	GCT	A	20
NC_045512.2	13526	A	+C	12265	864	39	1	0	20	8.13736e-05	12289	1	FALSE	NA	NA	NA	NA	NA	NA
NC_045512.2	13527	T	G	12279	869	39	1	1	37	8.142e-05	12282	0.999878	FALSE	ORF1ab:cds-YP_009724389.1	GAT	D	GAG	E	20
NC_045512.2	13527	T	C	12279	869	39	1	0	37	8.142e-05	12282	0.999878	FALSE	ORF1ab:cds-YP_009724389.1	GAT	D	GAC	D	20
NC_045512.2	13527	T	A	12279	869	39	1	0	37	8.142e-05	12282	0.999878	FALSE	ORF1ab:cds-YP_009724389.1	GAT	D	GAA	E	20
NC_045512.2	13529	T	G	13841	888	39	2	0	37	0.000144436	13847	0.999512	FALSE	ORF1ab:cds-YP_009724389.1	GTC	V	GGC	G	21
NC_045512.2	13529	T	C	13841	888	39	4	0	37	0.000288871	13847	0.993648	FALSE	ORF1ab:cds-YP_009724389.1	GTC	V	GCC	A	21
NC_045512.2	13530	C	T	13966	887	39	6	0	33	0.0004294	13973	0.96826	FALSE	ORF1ab:cds-YP_009724389.1	GTC	V	GTT	V	21
NC_045512.2	13530	C	G	13966	887	39	1	0	37	7.15666e-05	13973	0.999939	FALSE	ORF1ab:cds-YP_009724389.1	GTC	V	GTG	V	21
NC_045512.2	13531	G	T	13321	1002	38	1	0	37	7.49794e-05	13337	0.999939	FALSE	ORF1ab:cds-YP_009724389.1	GTA	V	TTA	L	22
NC_045512.2	13531	G	A	13321	1002	38	15	0	37	0.00112469	13337	0.425238	FALSE	ORF1ab:cds-YP_009724389.1	GTA	V	ATA	I	22
NC_045512.2	13532	T	G	13190	1073	38	1	1	37	7.58035e-05	13192	0.999939	FALSE	ORF1ab:cds-YP_009724389.1	GTA	V	GGA	G	22
NC_045512.2	13532	T	C	13190	1073	38	1	0	25	7.58035e-05	13192	1	FALSE	ORF1ab:cds-YP_009724389.1	GTA	V	GCA	A	22
NC_045512.2	13534	T	C	13614	1106	38	4	0	37	0.000293729	13618	0.993653	FALSE	ORF1ab:cds-YP_009724389.1	TAC	Y	CAC	H	23
NC_045512.2	13535	A	C	13641	1105	38	1	0	37	7.3303e-05	13642	0.999939	FALSE	ORF1ab:cds-YP_009724389.1	TAC	Y	TCC	S	23
NC_045512.2	13536	C	T	13531	1121	38	3	0	37	0.000221648	13535	0.997915	FALSE	ORF1ab:cds-YP_009724389.1	TAC	Y	TAT	Y	23
NC_045512.2	13536	C	A	13531	1121	38	1	0	48	7.38825e-05	13535	0.749972	FALSE	ORF1ab:cds-YP_009724389.1	TAC	Y	TAA	*	23
NC_045512.2	13537	A	T	13256	1031	39	1	0	37	7.5392e-05	13264	0.999939	FALSE	ORF1ab:cds-YP_009724389.1	AGG	R	TGG	W	24
NC_045512.2	13537	A	G	13256	1031	39	5	1	37	0.00037696	13264	0.984574	FALSE	ORF1ab:cds-YP_009724389.1	AGG	R	GGG	G	24
NC_045512.2	13537	A	C	13256	1031	39	2	0	37	0.000150784	13264	0.999512	FALSE	ORF1ab:cds-YP_009724389.1	AGG	R	CGG	R	24
NC_045512.2	13537	A	-G	13256	1031	39	1	0	20	7.5392e-05	13264	1	FALSE	NA	NA	NA	NA	NA	NA
NC_045512.2	13538	G	T	13460	1031	39	7	1	33	0.000519751	13468	0.942389	FALSE	ORF1ab:cds-YP_009724389.1	AGG	R	ATG	M	24
NC_045512.2	13538	G	A	13460	1031	39	1	0	37	7.42501e-05	13468	0.999939	FALSE	ORF1ab:cds-YP_009724389.1	AGG	R	AAG	K	24
NC_045512.2	13539	G	T	13399	1127	39	1	0	37	7.46213e-05	13401	0.999939	FALSE	ORF1ab:cds-YP_009724389.1	AGG	R	AGT	S	24
NC_045512.2	13539	G	A	13399	1127	39	1	1	37	7.46213e-05	13401	0.999939	FALSE	ORF1ab:cds-YP_009724389.1	AGG	R	AGA	R	24
NC_045512.2	13540	G	T	13750	1123	39	1	0	37	7.2648e-05	13765	0.999939	FALSE	ORF1ab:cds-YP_009724389.1	GCT	A	TCT	S	25
NC_045512.2	13540	G	A	13750	1123	39	14	2	38	0.00101707	13765	0.5	FALSE	ORF1ab:cds-YP_009724389.1	GCT	A	ACT	T	25
NC_045512.2	13541	C	T	13711	1119	39	3	0	37	0.000218707	13717	0.997913	FALSE	ORF1ab:cds-YP_009724389.1	GCT	A	GTT	V	25
NC_045512.2	13541	C	G	13711	1119	39	2	0	37	0.000145804	13717	0.999512	FALSE	ORF1ab:cds-YP_009724389.1	GCT	A	GGT	G	25
NC_045512.2	13541	C	A	13711	1119	39	1	0	37	7.29022e-05	13717	0.999939	FALSE	ORF1ab:cds-YP_009724389.1	GCT	A	GAT	D	25
NC_045512.2	13541	C	-T	13711	1119	39	2	0	20	0.000145804	13717	1	FALSE	NA	NA	NA	NA	NA	NA
NC_045512.2	13542	T	C	13190	1088	38	3	1	37	0.000227393	13193	0.997914	FALSE	ORF1ab:cds-YP_009724389.1	GCT	A	GCC	A	25
NC_045512.2	13543	T	G	13223	1116	38	1	0	37	7.56144e-05	13225	0.999939	FALSE	ORF1ab:cds-YP_009724389.1	TTT	F	GTT	V	26
NC_045512.2	13543	T	A	13223	1116	38	1	0	37	7.56144e-05	13225	0.999939	FALSE	ORF1ab:cds-YP_009724389.1	TTT	F	ATT	I	26
NC_045512.2	13544	T	G	13517	1125	39	1	0	37	7.39645e-05	13520	0.999939	FALSE	ORF1ab:cds-YP_009724389.1	TTT	F	TGT	C	26
NC_045512.2	13544	T	C	13517	1125	39	1	0	37	7.39645e-05	13520	0.999939	FALSE	ORF1ab:cds-YP_009724389.1	TTT	F	TCT	S	26
NC_045512.2	13544	T	A	13517	1125	39	1	0	37	7.39645e-05	13520	0.999939	FALSE	ORF1ab:cds-YP_009724389.1	TTT	F	TAT	Y	26
NC_045512.2	13545	T	C	13648	1124	39	4	1	34	0.000292997	13652	0.993653	FALSE	ORF1ab:cds-YP_009724389.1	TTT	F	TTC	F	26
NC_045512.2	13546	G	T	13572	1159	39	1	0	37	7.36703e-05	13574	0.999939	FALSE	ORF1ab:cds-YP_009724389.1	GAC	D	TAC	Y	27
NC_045512.2	13546	G	A	13572	1159	39	1	0	37	7.36703e-05	13574	0.999939	FALSE	ORF1ab:cds-YP_009724389.1	GAC	D	AAC	N	27
NC_045512.2	13547	A	G	13679	1456	40	2	2	55	0.000146188	13681	0.250009	FALSE	ORF1ab:cds-YP_009724389.1	GAC	D	GGC	G	27
NC_045512.2	13548	C	T	13851	1473	40	7	0	37	0.000504868	13865	0.942294	FALSE	ORF1ab:cds-YP_009724389.1	GAC	D	GAT	D	27
NC_045512.2	13548	C	A	13851	1473	40	7	3	56	0.000504868	13865	0.00779476	TRUE	ORF1ab:cds-YP_009724389.1	GAC	D	GAA	E	27
NC_045512.2	13549	A	T	13733	1469	40	2	1	37	0.000145613	13735	0.999513	FALSE	ORF1ab:cds-YP_009724389.1	ATC	I	TTC	F	28
NC_045512.2	13550	T	G	13692	1458	40	5	3	37	0.000365043	13697	0.984591	FALSE	ORF1ab:cds-YP_009724389.1	ATC	I	AGC	S	28
NC_045512.2	13551	C	T	13876	1461	40	2	0	37	0.000144092	13880	0.999513	FALSE	ORF1ab:cds-YP_009724389.1	ATC	I	ATT	I	28
NC_045512.2	13551	C	A	13876	1461	40	2	1	37	0.000144092	13880	0.999513	FALSE	ORF1ab:cds-YP_009724389.1	ATC	I	ATA	I	28
NC_045512.2	13552	T	C	13809	1537	40	2	0	55	0.000144802	13812	0.249991	FALSE	ORF1ab:cds-YP_009724389.1	TAC	Y	CAC	H	29
NC_045512.2	13552	T	A	13809	1537	40	1	1	74	7.24008e-05	13812	0.499982	FALSE	ORF1ab:cds-YP_009724389.1	TAC	Y	AAC	N	29
NC_045512.2	13553	A	G	13828	1542	40	2	0	37	0.000144603	13831	0.999513	FALSE	ORF1ab:cds-YP_009724389.1	TAC	Y	TGC	C	29
NC_045512.2	13553	A	C	13828	1542	40	1	0	37	7.23014e-05	13831	0.999939	FALSE	ORF1ab:cds-YP_009724389.1	TAC	Y	TCC	S	29
NC_045512.2	13554	C	T	13896	1654	41	4	1	37	0.00028777	13900	0.993653	FALSE	ORF1ab:cds-YP_009724389.1	TAC	Y	TAT	Y	29
NC_045512.2	13555	A	G	13757	1691	40	1	1	37	7.26744e-05	13760	0.999939	FALSE	ORF1ab:cds-YP_009724389.1	AAT	N	GAT	D	30
NC_045512.2	13555	A	C	13757	1691	40	2	0	37	0.000145349	13760	0.999513	FALSE	ORF1ab:cds-YP_009724389.1	AAT	N	CAT	H	30
NC_045512.2	13556	A	G	13840	1681	40	1	0	37	7.22491e-05	13841	0.999939	FALSE	ORF1ab:cds-YP_009724389.1	AAT	N	AGT	S	30
NC_045512.2	13557	T	C	13685	1684	40	2	1	29	0.000146124	13687	1	FALSE	ORF1ab:cds-YP_009724389.1	AAT	N	AAC	N	30
NC_045512.2	13558	G	T	14213	1678	40	1	1	74	7.03433e-05	14216	0.499982	FALSE	ORF1ab:cds-YP_009724389.1	GAT	D	TAT	Y	31
NC_045512.2	13558	G	A	14213	1678	40	2	0	37	0.000140687	14216	0.999741	FALSE	ORF1ab:cds-YP_009724389.1	GAT	D	AAT	N	31
NC_045512.2	13559	A	G	14240	1853	41	1	0	74	7.02149e-05	14242	0.5	FALSE	ORF1ab:cds-YP_009724389.1	GAT	D	GGT	G	31
NC_045512.2	13559	A	C	14240	1853	41	1	0	37	7.02149e-05	14242	0.99997	FALSE	ORF1ab:cds-YP_009724389.1	GAT	D	GCT	A	31
NC_045512.2	13560	T	C	14165	1852	41	2	0	55	0.000141173	14167	0.250009	FALSE	ORF1ab:cds-YP_009724389.1	GAT	D	GAC	D	31
NC_045512.2	13561	A	G	14163	1884	41	2	1	55	0.000141193	14165	0.250009	FALSE	ORF1ab:cds-YP_009724389.1	AAA	K	GAA	E	32
NC_045512.2	13562	A	T	14194	1887	41	2	1	31	0.000140855	14199	0.999741	FALSE	ORF1ab:cds-YP_009724389.1	AAA	K	ATA	I	32
NC_045512.2	13562	A	G	14194	1887	41	3	0	37	0.000211282	14199	0.998828	FALSE	ORF1ab:cds-YP_009724389.1	AAA	K	AGA	R	32
NC_045512.2	13563	A	G	14291	1957	41	2	0	37	0.000139929	14293	0.999742	FALSE	ORF1ab:cds-YP_009724389.1	AAA	K	AAG	K	32
NC_045512.2	13564	G	T	14462	1982	41	2	0	55	0.000138274	14464	0.250009	FALSE	ORF1ab:cds-YP_009724389.1	GTA	V	TTA	L	33
NC_045512.2	13565	T	C	14422	1966	41	1	1	74	6.93289e-05	14424	0.5	FALSE	ORF1ab:cds-YP_009724389.1	GTA	V	GCA	A	33
NC_045512.2	13565	T	A	14422	1966	41	1	0	37	6.93289e-05	14424	0.99997	FALSE	ORF1ab:cds-YP_009724389.1	GTA	V	GAA	E	33
NC_045512.2	13566	A	T	14398	1922	41	1	0	37	6.94396e-05	14401	0.99997	FALSE	ORF1ab:cds-YP_009724389.1	GTA	V	GTT	V	33
NC_045512.2	13566	A	G	14398	1922	41	2	0	55	0.000138879	14401	0.249991	FALSE	ORF1ab:cds-YP_009724389.1	GTA	V	GTG	V	33
NC_045512.2	13567	G	A	14459	2111	42	2	0	37	0.000138303	14461	0.999742	FALSE	ORF1ab:cds-YP_009724389.1	GCT	A	ACT	T	34
NC_045512.2	13568	C	T	14457	2140	42	6	1	39	0.000414852	14463	0.979347	FALSE	ORF1ab:cds-YP_009724389.1	GCT	A	GTT	V	34
NC_045512.2	13569	T	C	14523	2183	42	2	0	37	0.000137684	14526	0.999741	FALSE	ORF1ab:cds-YP_009724389.1	GCT	A	GCC	A	34
NC_045512.2	13569	T	A	14523	2183	42	1	1	25	6.88421e-05	14526	1	FALSE	ORF1ab:cds-YP_009724389.1	GCT	A	GCA	A	34
NC_045512.2	13570	G	A	14559	2173	42	2	0	37	0.000137353	14561	0.999742	FALSE	ORF1ab:cds-YP_009724389.1	GGT	G	AGT	S	35
NC_045512.2	13571	G	T	14250	2282	42	1	0	37	7.01705e-05	14251	0.99997	FALSE	ORF1ab:cds-YP_009724389.1	GGT	G	GTT	V	35
NC_045512.2	13571	G	-T	14250	2282	42	2	0	20	0.000140341	14251	1	FALSE	NA	NA	NA	NA	NA	NA
NC_045512.2	13572	T	C	14036	2292	41	1	0	37	7.12403e-05	14037	0.99997	FALSE	ORF1ab:cds-YP_009724389.1	GGT	G	GGC	G	35
NC_045512.2	13573	T	A	14052	2589	42	1	0	29	7.11592e-05	14053	1	FALSE	ORF1ab:cds-YP_009724389.1	TTT	F	ATT	I	36
NC_045512.2	13574	T	C	14255	2611	43	2	0	37	0.000140282	14257	0.999742	FALSE	ORF1ab:cds-YP_009724389.1	TTT	F	TCT	S	36
NC_045512.2	13575	T	C	14378	2624	43	1	0	37	6.95459e-05	14379	0.99997	FALSE	ORF1ab:cds-YP_009724389.1	TTT	F	TTC	F	36
NC_045512.2	13576	G	T	14407	2612	43	1	1	25	6.93529e-05	14419	1	FALSE	ORF1ab:cds-YP_009724389.1	GCT	A	TCT	S	37
NC_045512.2	13576	G	A	14407	2612	43	11	0	37	0.000762882	14419	0.787923	FALSE	ORF1ab:cds-YP_009724389.1	GCT	A	ACT	T	37
NC_045512.2	13577	C	T	14404	2675	43	10	3	39	0.000693674	14416	0.846333	FALSE	ORF1ab:cds-YP_009724389.1	GCT	A	GTT	V	37
NC_045512.2	13577	C	G	14404	2675	43	1	0	25	6.93674e-05	14416	1	FALSE	ORF1ab:cds-YP_009724389.1	GCT	A	GGT	G	37
NC_045512.2	13577	C	A	14404	2675	43	1	0	37	6.93674e-05	14416	0.999969	FALSE	ORF1ab:cds-YP_009724389.1	GCT	A	GAT	D	37
NC_045512.2	13578	T	G	14480	2699	43	1	1	25	6.90465e-05	14483	1	FALSE	ORF1ab:cds-YP_009724389.1	GCT	A	GCG	A	37
NC_045512.2	13578	T	C	14480	2699	43	2	0	37	0.000138093	14483	0.999741	FALSE	ORF1ab:cds-YP_009724389.1	GCT	A	GCC	A	37
NC_045512.2	13579	A	G	13999	2835	43	1	0	37	7.14286e-05	14000	0.99997	FALSE	ORF1ab:cds-YP_009724389.1	AAA	K	GAA	E	38
NC_045512.2	13580	A	G	13940	2819	43	2	1	55	0.000143451	13942	0.250009	FALSE	ORF1ab:cds-YP_009724389.1	AAA	K	AGA	R	38
NC_045512.2	13581	A	C	13907	2873	43	1	0	25	7.19011e-05	13908	1	FALSE	ORF1ab:cds-YP_009724389.1	AAA	K	AAC	N	38
NC_045512.2	13582	T	G	13828	2839	42	1	1	37	7.23014e-05	13831	0.999939	FALSE	ORF1ab:cds-YP_009724389.1	TTC	F	GTC	V	39
NC_045512.2	13582	T	C	13828	2839	42	2	0	31	0.000144603	13831	0.999513	FALSE	ORF1ab:cds-YP_009724389.1	TTC	F	CTC	L	39
NC_045512.2	13583	T	C	13969	2911	43	3	1	37	0.000214684	13974	0.997914	FALSE	ORF1ab:cds-YP_009724389.1	TTC	F	TCC	S	39
NC_045512.2	13583	T	A	13969	2911	43	2	0	31	0.000143123	13974	0.999513	FALSE	ORF1ab:cds-YP_009724389.1	TTC	F	TAC	Y	39
NC_045512.2	13584	C	T	14060	2896	43	2	0	37	0.000142217	14063	0.999741	FALSE	ORF1ab:cds-YP_009724389.1	TTC	F	TTT	F	39
NC_045512.2	13584	C	G	14060	2896	43	1	0	37	7.11086e-05	14063	0.99997	FALSE	ORF1ab:cds-YP_009724389.1	TTC	F	TTG	L	39
NC_045512.2	13585	C	T	13920	3112	43	2	1	55	0.000143627	13925	0.249955	FALSE	ORF1ab:cds-YP_009724389.1	CTA	L	TTA	L	40
NC_045512.2	13585	C	A	13920	3112	43	3	0	37	0.00021544	13925	0.997914	FALSE	ORF1ab:cds-YP_009724389.1	CTA	L	ATA	I	40
NC_045512.2	13586	T	G	14017	3135	44	1	0	25	7.13165e-05	14022	1	FALSE	ORF1ab:cds-YP_009724389.1	CTA	L	CGA	R	40
NC_045512.2	13586	T	C	14017	3135	44	2	0	37	0.000142633	14022	0.999741	FALSE	ORF1ab:cds-YP_009724389.1	CTA	L	CCA	P	40
NC_045512.2	13586	T	A	14017	3135	44	2	0	37	0.000142633	14022	0.999741	FALSE	ORF1ab:cds-YP_009724389.1	CTA	L	CAA	Q	40
NC_045512.2	13586	T	-A	14017	3135	44	2	0	20	0.000142633	14022	1	FALSE	NA	NA	NA	NA	NA	NA
NC_045512.2	13588	A	G	14015	3126	43	1	0	25	7.1347e-05	14016	1	FALSE	ORF1ab:cds-YP_009724389.1	AAA	K	GAA	E	41
NC_045512.2	13589	A	G	14061	3115	43	1	0	37	7.11136e-05	14062	0.99997	FALSE	ORF1ab:cds-YP_009724389.1	AAA	K	AGA	R	41
NC_045512.2	13590	A	T	14377	3107	43	1	0	37	6.95459e-05	14379	0.99997	FALSE	ORF1ab:cds-YP_009724389.1	AAA	K	AAT	N	41
NC_045512.2	13590	A	G	14377	3107	43	1	1	74	6.95459e-05	14379	0.5	FALSE	ORF1ab:cds-YP_009724389.1	AAA	K	AAG	K	41
NC_045512.2	13592	C	T	14478	3237	43	1	0	48	6.90608e-05	14480	0.750009	FALSE	ORF1ab:cds-YP_009724389.1	ACT	T	ATT	I	42
NC_045512.2	13592	C	G	14478	3237	43	1	1	37	6.90608e-05	14480	0.99997	FALSE	ORF1ab:cds-YP_009724389.1	ACT	T	AGT	S	42
NC_045512.2	13593	T	C	14131	3265	43	13	0	37	0.000919118	14144	0.649583	FALSE	ORF1ab:cds-YP_009724389.1	ACT	T	ACC	T	42
NC_045512.2	13595	A	G	11065	3895	41	4	0	46	0.00036137	11069	0.1875	FALSE	ORF1ab:cds-YP_009724389.1	AAT	N	AGT	S	43
NC_045512.2	13596	T	G	10979	3947	40	2	0	31	0.000182083	10984	0.99683	FALSE	ORF1ab:cds-YP_009724389.1	AAT	N	AAG	K	43
NC_045512.2	13596	T	C	10979	3947	40	2	0	55	0.000182083	10984	0.249943	FALSE	ORF1ab:cds-YP_009724389.1	AAT	N	AAC	N	43
NC_045512.2	13596	T	A	10979	3947	40	1	0	37	9.10415e-05	10984	0.999512	FALSE	ORF1ab:cds-YP_009724389.1	AAT	N	AAA	K	43
NC_045512.2	13599	T	C	10897	3745	41	9	0	37	0.000825234	10906	0.676343	FALSE	ORF1ab:cds-YP_009724389.1	TGT	C	TGC	C	44
NC_045512.2	13600	T	C	10907	3768	40	1	0	37	9.16758e-05	10908	0.999513	FALSE	ORF1ab:cds-YP_009724389.1	TGT	C	CGT	R	45
NC_045512.2	13601	G	T	10887	3795	41	1	0	37	9.18358e-05	10889	0.999513	FALSE	ORF1ab:cds-YP_009724389.1	TGT	C	TTT	F	45
NC_045512.2	13601	G	A	10887	3795	41	1	0	37	9.18358e-05	10889	0.999513	FALSE	ORF1ab:cds-YP_009724389.1	TGT	C	TAT	Y	45
NC_045512.2	13603	C	T	10888	3800	41	3	0	49	0.000275432	10892	0.312483	FALSE	ORF1ab:cds-YP_009724389.1	CGC	R	TGC	C	46
NC_045512.2	13603	C	A	10888	3800	41	1	1	37	9.18105e-05	10892	0.999512	FALSE	ORF1ab:cds-YP_009724389.1	CGC	R	AGC	S	46
NC_045512.2	13604	G	A	10608	4049	41	3	2	49	0.000282725	10611	0.312518	FALSE	ORF1ab:cds-YP_009724389.1	CGC	R	CAC	H	46
NC_045512.2	13605	C	-T	10706	4025	41	1	0	20	9.34056e-05	10706	1	FALSE	NA	NA	NA	NA	NA	NA
NC_045512.2	13606	T	A	10693	3978	41	1	0	37	9.35104e-05	10694	0.999513	FALSE	ORF1ab:cds-YP_009724389.1	TTC	F	ATC	I	47
NC_045512.2	13607	T	C	10725	4018	41	2	2	37	0.000186428	10728	0.996833	FALSE	ORF1ab:cds-YP_009724389.1	TTC	F	TCC	S	47
NC_045512.2	13607	T	A	10725	4018	41	1	1	37	9.3214e-05	10728	0.999513	FALSE	ORF1ab:cds-YP_009724389.1	TTC	F	TAC	Y	47
NC_045512.2	13607	T	-C	10725	4018	41	1	0	20	9.3214e-05	10728	1	FALSE	NA	NA	NA	NA	NA	NA
NC_045512.2	13608	C	A	10727	4033	41	2	2	31	0.000186411	10729	0.996833	FALSE	ORF1ab:cds-YP_009724389.1	TTC	F	TTA	L	47
NC_045512.2	13611	A	G	10527	4046	40	2	0	37	0.000189952	10529	0.996835	FALSE	ORF1ab:cds-YP_009724389.1	CAA	Q	CAG	Q	48
NC_045512.2	13612	G	T	10558	4049	40	2	1	25	0.000189358	10562	1	FALSE	ORF1ab:cds-YP_009724389.1	GAA	E	TAA	*	49
NC_045512.2	13612	G	A	10558	4049	40	2	1	37	0.000189358	10562	0.996832	FALSE	ORF1ab:cds-YP_009724389.1	GAA	E	AAA	K	49
NC_045512.2	13612	G	-A	10558	4049	40	5	0	20	0.000473395	10562	1	FALSE	NA	NA	NA	NA	NA	NA
NC_045512.2	13612	G	+A	10558	4049	40	1	0	20	9.4679e-05	10562	1	FALSE	NA	NA	NA	NA	NA	NA
NC_045512.2	13616	A	G	10075	4855	40	26	16	42	0.00257375	10102	2.05528e-07	TRUE	ORF1ab:cds-YP_009724389.1	AAG	K	AGG	R	50
NC_045512.2	13616	A	C	10075	4855	40	1	0	74	9.89903e-05	10102	0.49938	FALSE	ORF1ab:cds-YP_009724389.1	AAG	K	ACG	T	50
NC_045512.2	13617	G	T	10230	4849	40	3	1	33	0.000293083	10236	0.98878	FALSE	ORF1ab:cds-YP_009724389.1	AAG	K	AAT	N	50
NC_045512.2	13617	G	A	10230	4849	40	3	2	57	0.000293083	10236	0.124945	FALSE	ORF1ab:cds-YP_009724389.1	AAG	K	AAA	K	50
NC_045512.2	13618	G	A	10035	4904	40	2	1	37	0.000199263	10037	0.996835	FALSE	ORF1ab:cds-YP_009724389.1	GAC	D	AAC	N	51
NC_045512.2	13619	A	G	10142	4903	40	4	2	55	0.000394244	10146	0.0624938	FALSE	ORF1ab:cds-YP_009724389.1	GAC	D	GGC	G	51
NC_045512.2	13620	C	T	10059	4872	40	7	3	37	0.00069541	10066	0.834002	FALSE	ORF1ab:cds-YP_009724389.1	GAC	D	GAT	D	51
NC_045512.2	13621	G	A	9990	5235	40	1	0	74	0.00010009	9991	0.500025	FALSE	ORF1ab:cds-YP_009724389.1	GAA	E	AAA	K	52
NC_045512.2	13622	A	G	10010	5231	40	1	0	37	9.98901e-05	10011	0.999513	FALSE	ORF1ab:cds-YP_009724389.1	GAA	E	GGA	G	52
NC_045512.2	13623	A	G	9996	5228	40	2	1	37	0.00020004	9998	0.994154	FALSE	ORF1ab:cds-YP_009724389.1	GAA	E	GAG	E	52
NC_045512.2	13624	G	T	10160	5306	40	1	1	25	9.83961e-05	10163	1	FALSE	ORF1ab:cds-YP_009724389.1	GAT	D	TAT	Y	53
NC_045512.2	13624	G	A	10160	5306	40	2	2	37	0.000196792	10163	0.996833	FALSE	ORF1ab:cds-YP_009724389.1	GAT	D	AAT	N	53
NC_045512.2	13627	G	A	7273	4186	41	3539	1966	41	0.327321	10812	0	TRUE	ORF1ab:cds-YP_009724389.1	GAC	D	AAC	N	54
NC_045512.2	13628	A	T	10735	6178	41	1	1	25	9.31185e-05	10739	1	FALSE	ORF1ab:cds-YP_009724389.1	GAC	D	GTC	V	54
NC_045512.2	13628	A	G	10735	6178	41	3	0	37	0.000279356	10739	0.988789	FALSE	ORF1ab:cds-YP_009724389.1	GAC	D	GGC	G	54
NC_045512.2	13629	C	T	9829	6435	39	4	1	37	0.000406669	9836	0.953875	FALSE	ORF1ab:cds-YP_009724389.1	GAC	D	GAT	D	54
NC_045512.2	13629	C	G	9829	6435	39	2	1	37	0.000203335	9836	0.994141	FALSE	ORF1ab:cds-YP_009724389.1	GAC	D	GAG	E	54
NC_045512.2	13629	C	A	9829	6435	39	1	1	37	0.000101667	9836	0.999023	FALSE	ORF1ab:cds-YP_009724389.1	GAC	D	GAA	E	54
NC_045512.2	13630	A	+G	9857	6451	39	6	0	20	0.000608704	9857	1	FALSE	NA	NA	NA	NA	NA	NA
NC_045512.2	13631	A	G	9987	6546	39	2	2	37	0.00020022	9989	0.994154	FALSE	ORF1ab:cds-YP_009724389.1	AAT	N	AGT	S	55
NC_045512.2	13632	T	C	9950	6565	39	1	0	37	0.000100492	9951	0.999026	FALSE	ORF1ab:cds-YP_009724389.1	AAT	N	AAC	N	55
NC_045512.2	13633	T	C	9783	6476	39	2	0	37	0.000204374	9786	0.994152	FALSE	ORF1ab:cds-YP_009724389.1	TTA	L	CTA	L	56
NC_045512.2	13633	T	A	9783	6476	39	1	1	37	0.000102187	9786	0.999025	FALSE	ORF1ab:cds-YP_009724389.1	TTA	L	ATA	I	56
NC_045512.2	13635	A	G	9634	6483	39	1	1	37	0.000103788	9635	0.999026	FALSE	ORF1ab:cds-YP_009724389.1	TTA	L	TTG	L	56
NC_045512.2	13636	A	G	9654	6513	39	1	1	37	0.000103573	9655	0.999026	FALSE	ORF1ab:cds-YP_009724389.1	ATT	I	GTT	V	57
NC_045512.2	13637	T	A	9662	6538	39	1	0	25	0.000103488	9663	1	FALSE	ORF1ab:cds-YP_009724389.1	ATT	I	AAT	N	57
NC_045512.2	13638	T	C	9405	6355	38	2	1	37	0.000212562	9409	0.994149	FALSE	ORF1ab:cds-YP_009724389.1	ATT	I	ATC	I	57
NC_045512.2	13638	T	A	9405	6355	38	2	1	31	0.000212562	9409	0.994149	FALSE	ORF1ab:cds-YP_009724389.1	ATT	I	ATA	I	57
NC_045512.2	13639	G	T	9611	6365	39	2	2	37	0.000208052	9613	0.994155	FALSE	ORF1ab:cds-YP_009724389.1	GAT	D	TAT	Y	58
NC_045512.2	13640	A	C	9721	6490	39	1	0	37	0.000102859	9722	0.999026	FALSE	ORF1ab:cds-YP_009724389.1	GAT	D	GCT	A	58
NC_045512.2	13641	T	C	9576	6556	38	1	0	37	0.000104406	9578	0.999026	FALSE	ORF1ab:cds-YP_009724389.1	GAT	D	GAC	D	58
NC_045512.2	13641	T	A	9576	6556	38	1	0	37	0.000104406	9578	0.999026	FALSE	ORF1ab:cds-YP_009724389.1	GAT	D	GAA	E	58
NC_045512.2	13642	T	A	9470	6482	38	1	1	37	0.000105585	9471	0.999026	FALSE	ORF1ab:cds-YP_009724389.1	TCT	S	ACT	T	59
NC_045512.2	13643	C	T	9712	6758	38	1	1	37	0.000102955	9713	0.999026	FALSE	ORF1ab:cds-YP_009724389.1	TCT	S	TTT	F	59
NC_045512.2	13644	T	C	9610	6636	38	4	3	31	0.000416017	9615	0.953912	FALSE	ORF1ab:cds-YP_009724389.1	TCT	S	TCC	S	59
NC_045512.2	13644	T	A	9610	6636	38	1	1	37	0.000104004	9615	0.999024	FALSE	ORF1ab:cds-YP_009724389.1	TCT	S	TCA	S	59
NC_045512.2	13645	T	C	9694	6717	38	1	0	37	0.000103146	9695	0.999026	FALSE	ORF1ab:cds-YP_009724389.1	TAC	Y	CAC	H	60
NC_045512.2	13646	A	G	9821	6726	38	1	1	37	0.000101802	9823	0.999026	FALSE	ORF1ab:cds-YP_009724389.1	TAC	Y	TGC	C	60
NC_045512.2	13646	A	C	9821	6726	38	1	1	25	0.000101802	9823	1	FALSE	ORF1ab:cds-YP_009724389.1	TAC	Y	TCC	S	60
NC_045512.2	13647	C	T	9811	6725	38	1	1	37	0.000101916	9812	0.999026	FALSE	ORF1ab:cds-YP_009724389.1	TAC	Y	TAT	Y	60
NC_045512.2	13648	T	C	9168	6077	38	1	0	37	0.000109063	9169	0.999026	FALSE	ORF1ab:cds-YP_009724389.1	TTT	F	CTT	L	61
NC_045512.2	13649	T	C	9185	6252	38	1	1	37	0.000108861	9186	0.999026	FALSE	ORF1ab:cds-YP_009724389.1	TTT	F	TCT	S	61
NC_045512.2	13650	T	G	9291	6367	38	1	1	37	0.000107608	9293	0.999026	FALSE	ORF1ab:cds-YP_009724389.1	TTT	F	TTG	L	61
NC_045512.2	13650	T	C	9291	6367	38	1	1	22	0.000107608	9293	1	FALSE	ORF1ab:cds-YP_009724389.1	TTT	F	TTC	F	61
NC_045512.2	13651	G	T	9446	6415	38	1	1	37	0.000105843	9448	0.999026	FALSE	ORF1ab:cds-YP_009724389.1	GTA	V	TTA	L	62
NC_045512.2	13651	G	A	9446	6415	38	1	1	37	0.000105843	9448	0.999026	FALSE	ORF1ab:cds-YP_009724389.1	GTA	V	ATA	I	62
NC_045512.2	13653	A	G	9426	6428	38	1	1	37	0.000106078	9427	0.999026	FALSE	ORF1ab:cds-YP_009724389.1	GTA	V	GTG	V	62
NC_045512.2	13654	G	T	9445	6403	38	2	0	31	0.000211707	9447	0.994155	FALSE	ORF1ab:cds-YP_009724389.1	GTT	V	TTT	F	63
NC_045512.2	13655	T	C	9230	6183	38	1	0	37	0.000108331	9231	0.999026	FALSE	ORF1ab:cds-YP_009724389.1	GTT	V	GCT	A	63
NC_045512.2	13656	T	C	9230	6186	38	1	0	37	0.000108331	9231	0.999026	FALSE	ORF1ab:cds-YP_009724389.1	GTT	V	GTC	V	63
NC_045512.2	13657	A	T	10028	7202	39	1	0	37	9.9681e-05	10032	0.999513	FALSE	ORF1ab:cds-YP_009724389.1	AAG	K	TAG	*	64
NC_045512.2	13657	A	G	10028	7202	39	1	1	37	9.9681e-05	10032	0.999513	FALSE	ORF1ab:cds-YP_009724389.1	AAG	K	GAG	E	64
NC_045512.2	13657	A	C	10028	7202	39	2	2	37	0.000199362	10032	0.996832	FALSE	ORF1ab:cds-YP_009724389.1	AAG	K	CAG	Q	64
NC_045512.2	13658	A	G	9980	7308	39	9	9	37	0.000900991	9989	0.592861	FALSE	ORF1ab:cds-YP_009724389.1	AAG	K	AGG	R	64
NC_045512.2	13659	G	T	10072	7309	39	2	2	37	0.000198511	10075	0.996833	FALSE	ORF1ab:cds-YP_009724389.1	AAG	K	AAT	N	64
NC_045512.2	13659	G	A	10072	7309	39	1	1	37	9.92556e-05	10075	0.999513	FALSE	ORF1ab:cds-YP_009724389.1	AAG	K	AAA	K	64
NC_045512.2	13660	A	G	9735	7003	39	1	1	37	0.000102712	9736	0.999026	FALSE	ORF1ab:cds-YP_009724389.1	AGA	R	GGA	G	65
NC_045512.2	13661	G	A	9815	7022	39	1	1	37	0.000101874	9816	0.999026	FALSE	ORF1ab:cds-YP_009724389.1	AGA	R	AAA	K	65
NC_045512.2	13662	A	T	9878	7115	39	1	1	22	0.000101215	9880	1	FALSE	ORF1ab:cds-YP_009724389.1	AGA	R	AGT	S	65
NC_045512.2	13662	A	G	9878	7115	39	1	1	37	0.000101215	9880	0.999026	FALSE	ORF1ab:cds-YP_009724389.1	AGA	R	AGG	R	65
NC_045512.2	13664	A	T	9734	7031	39	1	0	37	0.000102722	9735	0.999026	FALSE	ORF1ab:cds-YP_009724389.1	CAC	H	CTC	L	66
NC_045512.2	13665	C	T	9909	7052	39	3	0	49	0.000302663	9912	0.125	FALSE	ORF1ab:cds-YP_009724389.1	CAC	H	CAT	H	66
NC_045512.2	13666	A	T	9908	7047	39	1	1	37	0.000100898	9911	0.999025	FALSE	ORF1ab:cds-YP_009724389.1	ACT	T	TCT	S	67
NC_045512.2	13666	A	G	9908	7047	39	2	1	37	0.000201796	9911	0.994151	FALSE	ORF1ab:cds-YP_009724389.1	ACT	T	GCT	A	67
NC_045512.2	13667	C	T	10025	7203	39	1	1	37	9.97208e-05	10028	0.999513	FALSE	ORF1ab:cds-YP_009724389.1	ACT	T	ATT	I	67
NC_045512.2	13667	C	A	10025	7203	39	2	2	31	0.000199442	10028	0.996833	FALSE	ORF1ab:cds-YP_009724389.1	ACT	T	AAT	N	67
NC_045512.2	13668	T	G	9696	6889	39	1	1	37	0.000103103	9699	0.999025	FALSE	ORF1ab:cds-YP_009724389.1	ACT	T	ACG	T	67
NC_045512.2	13668	T	C	9696	6889	39	1	1	37	0.000103103	9699	0.999025	FALSE	ORF1ab:cds-YP_009724389.1	ACT	T	ACC	T	67
NC_045512.2	13668	T	A	9696	6889	39	1	0	25	0.000103103	9699	1	FALSE	ORF1ab:cds-YP_009724389.1	ACT	T	ACA	T	67
NC_045512.2	13669	T	C	9728	6982	38	1	1	25	0.000102785	9729	1	FALSE	ORF1ab:cds-YP_009724389.1	TTC	F	CTC	L	68
NC_045512.2	13670	T	C	9838	7027	39	1	1	25	0.000101636	9839	1	FALSE	ORF1ab:cds-YP_009724389.1	TTC	F	TCC	S	68
NC_045512.2	13672	T	C	9926	7190	39	2	2	37	0.00020145	9928	0.994154	FALSE	ORF1ab:cds-YP_009724389.1	TCT	S	CCT	P	69
NC_045512.2	13673	C	T	9966	7204	39	1	1	37	0.000100311	9969	0.999025	FALSE	ORF1ab:cds-YP_009724389.1	TCT	S	TTT	F	69
NC_045512.2	13673	C	A	9966	7204	39	2	2	37	0.000200622	9969	0.994151	FALSE	ORF1ab:cds-YP_009724389.1	TCT	S	TAT	Y	69
NC_045512.2	13674	T	C	9516	6798	39	1	1	37	0.000105075	9517	0.999026	FALSE	ORF1ab:cds-YP_009724389.1	TCT	S	TCC	S	69
NC_045512.2	13675	A	T	9772	7075	39	1	1	25	0.000102323	9773	1	FALSE	ORF1ab:cds-YP_009724389.1	AAC	N	TAC	Y	70
NC_045512.2	13676	A	C	9700	7023	39	1	1	37	0.000103082	9701	0.999026	FALSE	ORF1ab:cds-YP_009724389.1	AAC	N	ACC	T	70
NC_045512.2	13677	C	A	9871	7160	39	1	1	37	0.000101297	9872	0.999026	FALSE	ORF1ab:cds-YP_009724389.1	AAC	N	AAA	K	70
NC_045512.2	13678	T	C	9813	7106	39	1	1	37	0.000101895	9814	0.999026	FALSE	ORF1ab:cds-YP_009724389.1	TAC	Y	CAC	H	71
NC_045512.2	13679	A	T	11296	8808	41	3	2	37	0.000265463	11301	0.993541	FALSE	ORF1ab:cds-YP_009724389.1	TAC	Y	TTC	F	71
NC_045512.2	13679	A	G	11296	8808	41	2	2	23	0.000176975	11301	1	FALSE	ORF1ab:cds-YP_009724389.1	TAC	Y	TGC	C	71
NC_045512.2	13680	C	T	11204	8733	40	3	1	49	0.00026769	11207	0.312517	FALSE	ORF1ab:cds-YP_009724389.1	TAC	Y	TAT	Y	71
NC_045512.2	13682	A	T	11355	8894	41	1	0	37	8.80592e-05	11356	0.999757	FALSE	ORF1ab:cds-YP_009724389.1	CAA	Q	CTA	L	72
NC_045512.2	13683	A	G	11535	9111	41	1	1	37	8.66852e-05	11536	0.999757	FALSE	ORF1ab:cds-YP_009724389.1	CAA	Q	CAG	Q	72
NC_045512.2	13685	A	G	12044	9888	41	1	1	37	8.30151e-05	12046	0.999878	FALSE	ORF1ab:cds-YP_009724389.1	CAT	H	CGT	R	73
NC_045512.2	13685	A	C	12044	9888	41	1	1	25	8.30151e-05	12046	1	FALSE	ORF1ab:cds-YP_009724389.1	CAT	H	CCT	P	73
NC_045512.2	13686	T	C	12042	9918	41	1	1	25	8.30358e-05	12043	1	FALSE	ORF1ab:cds-YP_009724389.1	CAT	H	CAC	H	73
NC_045512.2	13687	G	C	12151	10035	41	1	0	25	8.2291e-05	12152	1	FALSE	ORF1ab:cds-YP_009724389.1	GAA	E	CAA	Q	74
NC_045512.2	13688	A	G	12100	9995	41	2	2	37	0.000165262	12102	0.999087	FALSE	ORF1ab:cds-YP_009724389.1	GAA	E	GGA	G	74
NC_045512.2	13689	A	T	12239	10180	41	2	2	37	0.000163319	12246	0.999085	FALSE	ORF1ab:cds-YP_009724389.1	GAA	E	GAT	D	74
NC_045512.2	13689	A	G	12239	10180	41	5	4	34	0.000408297	12246	0.975508	FALSE	ORF1ab:cds-YP_009724389.1	GAA	E	GAG	E	74
NC_045512.2	13690	G	T	12186	10186	41	2	2	37	0.000164096	12188	0.999087	FALSE	ORF1ab:cds-YP_009724389.1	GAA	E	TAA	*	75
NC_045512.2	13691	A	G	12221	10419	41	3	3	33	0.000245419	12224	0.996318	FALSE	ORF1ab:cds-YP_009724389.1	GAA	E	GGA	G	75
NC_045512.2	13692	A	G	12201	10410	41	1	0	37	8.19538e-05	12202	0.999878	FALSE	ORF1ab:cds-YP_009724389.1	GAA	E	GAG	E	75
NC_045512.2	13693	A	G	12087	10306	40	1	1	37	8.27267e-05	12088	0.999878	FALSE	ORF1ab:cds-YP_009724389.1	ACA	T	GCA	A	76
NC_045512.2	13695	A	G	12751	11078	41	4	3	46	0.000313603	12755	0.1875	FALSE	ORF1ab:cds-YP_009724389.1	ACA	T	ACG	T	76
NC_045512.2	13696	A	T	12792	11111	41	1	1	37	7.81555e-05	12795	0.999878	FALSE	ORF1ab:cds-YP_009724389.1	ATT	I	TTT	F	77
NC_045512.2	13696	A	G	12792	11111	41	2	2	37	0.000156311	12795	0.999087	FALSE	ORF1ab:cds-YP_009724389.1	ATT	I	GTT	V	77
NC_045512.2	13698	T	C	12872	11237	41	1	1	37	7.7682e-05	12873	0.999878	FALSE	ORF1ab:cds-YP_009724389.1	ATT	I	ATC	I	77
NC_045512.2	13699	T	C	12961	11345	41	1	1	37	7.71426e-05	12963	0.999878	FALSE	ORF1ab:cds-YP_009724389.1	TAT	Y	CAT	H	78
NC_045512.2	13699	T	A	12961	11345	41	1	0	25	7.71426e-05	12963	1	FALSE	ORF1ab:cds-YP_009724389.1	TAT	Y	AAT	N	78
NC_045512.2	13700	A	T	12997	11397	41	1	1	25	7.69349e-05	12998	1	FALSE	ORF1ab:cds-YP_009724389.1	TAT	Y	TTT	F	78
NC_045512.2	13702	A	T	13171	11626	41	3	3	29	0.000227687	13176	1	FALSE	ORF1ab:cds-YP_009724389.1	AAT	N	TAT	Y	79
NC_045512.2	13702	A	G	13171	11626	41	2	2	31	0.000151791	13176	0.999513	FALSE	ORF1ab:cds-YP_009724389.1	AAT	N	GAT	D	79
NC_045512.2	13703	A	T	13015	11474	41	1	1	37	7.68226e-05	13017	0.999939	FALSE	ORF1ab:cds-YP_009724389.1	AAT	N	ATT	I	79
NC_045512.2	13703	A	G	13015	11474	41	1	1	25	7.68226e-05	13017	1	FALSE	ORF1ab:cds-YP_009724389.1	AAT	N	AGT	S	79
NC_045512.2	13704	T	C	13172	11651	41	1	1	37	7.59129e-05	13173	0.999939	FALSE	ORF1ab:cds-YP_009724389.1	AAT	N	AAC	N	79
NC_045512.2	13706	T	G	12967	11465	42	1	1	25	7.71069e-05	12969	1	FALSE	ORF1ab:cds-YP_009724389.1	TTA	L	TGA	*	80
NC_045512.2	13706	T	C	12967	11465	42	1	1	37	7.71069e-05	12969	0.999878	FALSE	ORF1ab:cds-YP_009724389.1	TTA	L	TCA	S	80
NC_045512.2	13707	A	T	12922	11421	42	1	1	37	7.73754e-05	12924	0.999878	FALSE	ORF1ab:cds-YP_009724389.1	TTA	L	TTT	F	80
NC_045512.2	13707	A	G	12922	11421	42	1	1	37	7.73754e-05	12924	0.999878	FALSE	ORF1ab:cds-YP_009724389.1	TTA	L	TTG	L	80
NC_045512.2	13708	C	T	12906	11425	41	1	0	74	7.74773e-05	12907	0.500019	FALSE	ORF1ab:cds-YP_009724389.1	CTT	L	TTT	F	81
NC_045512.2	13710	T	C	12865	11398	41	1	1	25	7.77242e-05	12866	1	FALSE	ORF1ab:cds-YP_009724389.1	CTT	L	CTC	L	81
NC_045512.2	13711	A	T	12848	11377	41	1	0	74	7.78271e-05	12849	0.500019	FALSE	ORF1ab:cds-YP_009724389.1	AAG	K	TAG	*	82
NC_045512.2	13712	A	T	8751	7779	41	5	5	37	0.000386518	12936	0.880307	FALSE	ORF1ab:cds-YP_009724389.1	AAG	K	ATG	M	82
NC_045512.2	13712	A	G	8751	7779	41	2	2	49	0.000154607	12936	0.357167	FALSE	ORF1ab:cds-YP_009724389.1	AAG	K	AGG	R	82
NC_045512.2	13712	A	C	8751	7779	41	4178	3693	42	0.322975	12936	0	TRUE	ORF1ab:cds-YP_009724389.1	AAG	K	ACG	T	82
NC_045512.2	13713	G	T	12807	11407	41	4	3	37	0.000312134	12815	0.989371	FALSE	ORF1ab:cds-YP_009724389.1	AAG	K	AAT	N	82
NC_045512.2	13713	G	A	12807	11407	41	4	4	37	0.000312134	12815	0.989371	FALSE	ORF1ab:cds-YP_009724389.1	AAG	K	AAA	K	82
NC_045512.2	13714	G	T	12874	11470	41	1	1	25	7.76699e-05	12875	1	FALSE	ORF1ab:cds-YP_009724389.1	GAT	D	TAT	Y	83
NC_045512.2	13715	A	T	12780	11373	41	1	1	37	7.82289e-05	12783	0.999878	FALSE	ORF1ab:cds-YP_009724389.1	GAT	D	GTT	V	83
NC_045512.2	13715	A	G	12780	11373	41	2	1	29	0.000156458	12783	1	FALSE	ORF1ab:cds-YP_009724389.1	GAT	D	GGT	G	83
NC_045512.2	13716	T	C	12611	11209	41	2	0	55	0.000158567	12613	0.25001	FALSE	ORF1ab:cds-YP_009724389.1	GAT	D	GAC	D	83
NC_045512.2	13717	T	G	11991	10607	41	1	1	37	8.33542e-05	11997	0.999756	FALSE	ORF1ab:cds-YP_009724389.1	TGT	C	GGT	G	84
NC_045512.2	13717	T	C	11991	10607	41	5	0	37	0.000416771	11997	0.961642	FALSE	ORF1ab:cds-YP_009724389.1	TGT	C	CGT	R	84
NC_045512.2	13718	G	A	12101	10811	41	2	2	37	0.000165248	12103	0.999087	FALSE	ORF1ab:cds-YP_009724389.1	TGT	C	TAT	Y	84
NC_045512.2	13719	T	C	12121	10842	41	1	1	37	8.24878e-05	12123	0.999878	FALSE	ORF1ab:cds-YP_009724389.1	TGT	C	TGC	C	84
NC_045512.2	13719	T	A	12121	10842	41	1	0	22	8.24878e-05	12123	1	FALSE	ORF1ab:cds-YP_009724389.1	TGT	C	TGA	*	84
NC_045512.2	13719	T	-C	12121	10842	41	1	0	20	8.24878e-05	12123	1	FALSE	NA	NA	NA	NA	NA	NA
NC_045512.2	13720	C	T	12023	10743	41	1	1	37	8.31532e-05	12026	0.999878	FALSE	ORF1ab:cds-YP_009724389.1	CCA	P	TCA	S	85
NC_045512.2	13720	C	G	12023	10743	41	2	2	37	0.000166306	12026	0.999087	FALSE	ORF1ab:cds-YP_009724389.1	CCA	P	GCA	A	85
NC_045512.2	13721	C	T	12036	10759	41	2	1	37	0.000166113	12040	0.999087	FALSE	ORF1ab:cds-YP_009724389.1	CCA	P	CTA	L	85
NC_045512.2	13721	C	G	12036	10759	41	1	1	37	8.30565e-05	12040	0.999878	FALSE	ORF1ab:cds-YP_009724389.1	CCA	P	CGA	R	85
NC_045512.2	13721	C	A	12036	10759	41	1	1	37	8.30565e-05	12040	0.999878	FALSE	ORF1ab:cds-YP_009724389.1	CCA	P	CAA	Q	85
NC_045512.2	13722	A	T	11672	10421	41	1	1	25	8.56531e-05	11675	1	FALSE	ORF1ab:cds-YP_009724389.1	CCA	P	CCT	P	85
NC_045512.2	13722	A	G	11672	10421	41	2	2	37	0.000171306	11675	0.998295	FALSE	ORF1ab:cds-YP_009724389.1	CCA	P	CCG	P	85
NC_045512.2	13723	G	A	11635	10394	41	5	5	37	0.000429553	11640	0.961658	FALSE	ORF1ab:cds-YP_009724389.1	GCT	A	ACT	T	86
NC_045512.2	13724	C	T	11608	10379	41	3	3	37	0.000258376	11611	0.993546	FALSE	ORF1ab:cds-YP_009724389.1	GCT	A	GTT	V	86
NC_045512.2	13726	G	C	11529	10362	41	1	1	37	8.67077e-05	11533	0.999756	FALSE	ORF1ab:cds-YP_009724389.1	GTT	V	CTT	L	87
NC_045512.2	13726	G	A	11529	10362	41	3	3	37	0.000260123	11533	0.993543	FALSE	ORF1ab:cds-YP_009724389.1	GTT	V	ATT	I	87
NC_045512.2	13727	T	C	10286	9142	41	5	1	37	0.000485861	10291	0.940854	FALSE	ORF1ab:cds-YP_009724389.1	GTT	V	GCT	A	87
NC_045512.2	13728	T	C	10349	9202	41	2	1	42	0.000193218	10351	0.500036	FALSE	ORF1ab:cds-YP_009724389.1	GTT	V	GTC	V	87
NC_045512.2	13729	G	A	10286	9140	41	4	4	37	0.000388727	10290	0.971367	FALSE	ORF1ab:cds-YP_009724389.1	GCT	A	ACT	T	88
NC_045512.2	13730	C	G	10180	9130	41	1	1	74	9.82222e-05	10181	0.500025	FALSE	ORF1ab:cds-YP_009724389.1	GCT	A	GGT	G	88
NC_045512.2	13731	T	C	10258	9206	41	2	2	31	0.000194932	10260	0.996835	FALSE	ORF1ab:cds-YP_009724389.1	GCT	A	GCC	A	88
NC_045512.2	13732	A	G	10194	9215	40	1	1	37	9.80873e-05	10195	0.999513	FALSE	ORF1ab:cds-YP_009724389.1	AAA	K	GAA	E	89
NC_045512.2	13733	A	T	10107	9123	40	1	1	37	9.89315e-05	10108	0.999513	FALSE	ORF1ab:cds-YP_009724389.1	AAA	K	ATA	I	89
NC_045512.2	13734	A	G	10028	9047	40	1	0	74	9.97108e-05	10029	0.500025	FALSE	ORF1ab:cds-YP_009724389.1	AAA	K	AAG	K	89
NC_045512.2	13735	C	G	10140	9158	40	2	2	37	0.0001972	10142	0.996835	FALSE	ORF1ab:cds-YP_009724389.1	CAT	H	GAT	D	90
NC_045512.2	13736	A	G	10134	9174	40	1	1	37	9.8668e-05	10135	0.999513	FALSE	ORF1ab:cds-YP_009724389.1	CAT	H	CGT	R	90
NC_045512.2	13737	T	C	10115	9163	40	1	1	37	9.88533e-05	10116	0.999513	FALSE	ORF1ab:cds-YP_009724389.1	CAT	H	CAC	H	90
NC_045512.2	13738	G	T	10072	9124	40	1	1	37	9.92556e-05	10075	0.999513	FALSE	ORF1ab:cds-YP_009724389.1	GAC	D	TAC	Y	91
NC_045512.2	13738	G	A	10072	9124	40	2	2	37	0.000198511	10075	0.996833	FALSE	ORF1ab:cds-YP_009724389.1	GAC	D	AAC	N	91
NC_045512.2	13739	A	G	10041	9100	40	3	3	37	0.000298686	10044	0.988796	FALSE	ORF1ab:cds-YP_009724389.1	GAC	D	GGC	G	91
NC_045512.2	13740	C	T	9924	9157	39	1	1	25	0.000100746	9926	1	FALSE	ORF1ab:cds-YP_009724389.1	GAC	D	GAT	D	91
NC_045512.2	13740	C	G	9924	9157	39	1	1	37	0.000100746	9926	0.999026	FALSE	ORF1ab:cds-YP_009724389.1	GAC	D	GAG	E	91
NC_045512.2	13741	T	C	9647	8886	39	2	2	28	0.000207275	9649	1	FALSE	ORF1ab:cds-YP_009724389.1	TTC	F	CTC	L	92
NC_045512.2	13742	T	A	9451	8703	38	1	1	25	0.000105798	9452	1	FALSE	ORF1ab:cds-YP_009724389.1	TTC	F	TAC	Y	92
NC_045512.2	13744	T	C	9129	8396	38	1	0	74	0.000109529	9130	0.500027	FALSE	ORF1ab:cds-YP_009724389.1	TTT	F	CTT	L	93
NC_045512.2	13745	T	G	9429	8698	40	1	1	37	0.000106033	9431	0.999026	FALSE	ORF1ab:cds-YP_009724389.1	TTT	F	TGT	C	93
NC_045512.2	13745	T	C	9429	8698	40	1	1	37	0.000106033	9431	0.999026	FALSE	ORF1ab:cds-YP_009724389.1	TTT	F	TCT	S	93
NC_045512.2	13747	A	G	9359	8688	39	4	4	34	0.000427213	9363	0.953932	FALSE	ORF1ab:cds-YP_009724389.1	AAG	K	GAG	E	94
NC_045512.2	13748	A	G	9373	8724	39	2	2	36	0.000213333	9375	0.994155	FALSE	ORF1ab:cds-YP_009724389.1	AAG	K	AGG	R	94
NC_045512.2	13749	G	C	9373	8726	39	1	1	25	0.000106667	9375	1	FALSE	ORF1ab:cds-YP_009724389.1	AAG	K	AAC	N	94
NC_045512.2	13749	G	A	9373	8726	39	1	1	37	0.000106667	9375	0.999026	FALSE	ORF1ab:cds-YP_009724389.1	AAG	K	AAA	K	94
NC_045512.2	13749	G	-T	9373	8726	39	1	0	20	0.000106667	9375	1	FALSE	NA	NA	NA	NA	NA	NA
NC_045512.2	13751	T	C	9185	8538	39	2	1	31	0.000217699	9187	0.994155	FALSE	ORF1ab:cds-YP_009724389.1	TTT	F	TCT	S	95
NC_045512.2	13753	A	G	9087	8547	39	1	1	37	0.000110035	9088	0.999026	FALSE	ORF1ab:cds-YP_009724389.1	AGA	R	GGA	G	96
NC_045512.2	13754	G	T	9077	8579	38	4	4	37	0.000440432	9082	0.953915	FALSE	ORF1ab:cds-YP_009724389.1	AGA	R	ATA	I	96
NC_045512.2	13754	G	A	9077	8579	38	1	1	37	0.000110108	9082	0.999024	FALSE	ORF1ab:cds-YP_009724389.1	AGA	R	AAA	K	96
NC_045512.2	13755	A	G	9056	8572	38	1	1	37	0.000110412	9057	0.999026	FALSE	ORF1ab:cds-YP_009724389.1	AGA	R	AGG	R	96
NC_045512.2	13756	A	G	8988	8505	38	1	1	37	0.000111247	8989	0.998052	FALSE	ORF1ab:cds-YP_009724389.1	ATA	I	GTA	V	97
NC_045512.2	13758	A	T	7767	7306	39	1	1	25	0.000128733	7768	1	FALSE	ORF1ab:cds-YP_009724389.1	ATA	I	ATT	I	97
NC_045512.2	13759	G	A	7793	7390	38	1	1	37	0.000128304	7794	0.996103	FALSE	ORF1ab:cds-YP_009724389.1	GAC	D	AAC	N	98
NC_045512.2	13760	A	G	7653	7299	38	1	1	37	0.000130651	7654	0.996103	FALSE	ORF1ab:cds-YP_009724389.1	GAC	D	GGC	G	98
NC_045512.2	13761	C	T	7736	7386	38	8	8	35	0.00103306	7744	0.500101	FALSE	ORF1ab:cds-YP_009724389.1	GAC	D	GAT	D	98
NC_045512.2	13762	G	A	7680	7349	38	2	2	37	0.000260349	7682	0.980505	FALSE	ORF1ab:cds-YP_009724389.1	GGT	G	AGT	S	99
NC_045512.2	13763	G	C	7487	7161	38	3	0	37	0.000400427	7492	0.945348	FALSE	ORF1ab:cds-YP_009724389.1	GGT	G	GCT	A	99
NC_045512.2	13763	G	A	7487	7161	38	2	2	37	0.000266951	7492	0.980478	FALSE	ORF1ab:cds-YP_009724389.1	GGT	G	GAT	D	99
NC_045512.2	13764	T	C	7421	7100	38	2	2	31	0.000269433	7423	0.980507	FALSE	ORF1ab:cds-YP_009724389.1	GGT	G	GGC	G	99
NC_045512.2	13766	A	G	7385	7206	37	4	4	37	0.000541345	7389	0.88685	FALSE	ORF1ab:cds-YP_009724389.1	GAC	D	GGC	G	100
NC_045512.2	13767	C	T	7371	7195	37	1	1	37	0.000135648	7372	0.996103	FALSE	ORF1ab:cds-YP_009724389.1	GAC	D	GAT	D	100
NC_045512.2	13768	A	G	7146	6985	37	1	1	37	0.000139919	7147	0.996104	FALSE	ORF1ab:cds-YP_009724389.1	ATG	M	GTG	V	101
NC_045512.2	13769	T	C	7144	6980	37	1	1	37	0.000139958	7145	0.996104	FALSE	ORF1ab:cds-YP_009724389.1	ATG	M	ACG	T	101
NC_045512.2	13770	G	T	6927	6780	37	2	2	37	0.000288642	6929	0.964899	FALSE	ORF1ab:cds-YP_009724389.1	ATG	M	ATT	I	101
NC_045512.2	13771	G	A	6926	6783	37	2	2	37	0.000288684	6928	0.964899	FALSE	ORF1ab:cds-YP_009724389.1	GTA	V	ATA	I	102
NC_045512.2	13772	T	C	7112	6505	37	2	2	31	0.000281136	7114	0.980508	FALSE	ORF1ab:cds-YP_009724389.1	GTA	V	GCA	A	102
NC_045512.2	13773	A	G	7115	6516	37	2	2	37	0.000281017	7117	0.980508	FALSE	ORF1ab:cds-YP_009724389.1	GTA	V	GTG	V	102
NC_045512.2	13774	C	T	7122	6513	37	2	2	55	0.000280702	7125	0.249982	FALSE	ORF1ab:cds-YP_009724389.1	CCA	P	TCA	S	103
NC_045512.2	13774	C	A	7122	6513	37	1	1	37	0.000140351	7125	0.996099	FALSE	ORF1ab:cds-YP_009724389.1	CCA	P	ACA	T	103
NC_045512.2	13775	C	T	6934	6304	37	1	1	37	0.000144196	6935	0.992203	FALSE	ORF1ab:cds-YP_009724389.1	CCA	P	CTA	L	103
NC_045512.2	13776	A	T	6757	6091	37	1	1	25	0.000147951	6759	1	FALSE	ORF1ab:cds-YP_009724389.1	CCA	P	CCT	P	103
NC_045512.2	13776	A	G	6757	6091	37	1	1	37	0.000147951	6759	0.9922	FALSE	ORF1ab:cds-YP_009724389.1	CCA	P	CCG	P	103
NC_045512.2	13779	T	C	6569	5871	36	3	3	37	0.000456482	6572	0.910269	FALSE	ORF1ab:cds-YP_009724389.1	CAT	H	CAC	H	104
NC_045512.2	13780	A	C	4572	3875	36	1	1	37	0.000218675	4573	0.968801	FALSE	ORF1ab:cds-YP_009724389.1	ATA	I	CTA	L	105
NC_045512.2	13781	T	C	4549	3834	36	1	1	37	0.00021978	4550	0.968801	FALSE	ORF1ab:cds-YP_009724389.1	ATA	I	ACA	T	105
NC_045512.2	13786	C	T	797	78	37	1	0	37	0.00125313	798	0.500313	FALSE	ORF1ab:cds-YP_009724389.1	CGT	R	TGT	C	107
NC_045512.2	13792	C	T	823	92	38	2	0	37	0.00242424	825	0.250152	FALSE	ORF1ab:cds-YP_009724389.1	CGT	R	TGT	C	109
NC_045512.2	13793	G	A	851	96	38	1	0	37	0.00117371	852	0.500294	FALSE	ORF1ab:cds-YP_009724389.1	CGT	R	CAT	H	109
NC_045512.2	13804	T	G	990	144	39	1	0	37	0.00100908	991	0.500252	FALSE	ORF1ab:cds-YP_009724389.1	TAC	Y	GAC	D	113
NC_045512.2	13805	A	G	994	142	39	1	0	37	0.00100503	995	0.500251	FALSE	ORF1ab:cds-YP_009724389.1	TAC	Y	TGC	C	113
NC_045512.2	13808	C	T	1050	151	39	1	0	37	0.000951475	1051	0.750357	FALSE	ORF1ab:cds-YP_009724389.1	ACA	T	ATA	I	114
NC_045512.2	13813	G	A	1140	156	39	1	0	37	0.000876424	1141	0.750329	FALSE	ORF1ab:cds-YP_009724389.1	GCA	A	ACA	T	116
NC_045512.2	13814	C	T	1143	154	39	1	0	37	0.000874126	1144	0.750328	FALSE	ORF1ab:cds-YP_009724389.1	GCA	A	GTA	V	116
NC_045512.2	13828	G	A	1423	167	39	1	0	37	0.000702247	1424	0.750263	FALSE	ORF1ab:cds-YP_009724389.1	GCT	A	ACT	T	121
NC_045512.2	13831	T	G	1414	173	38	1	0	25	0.000706714	1415	0.999971	FALSE	ORF1ab:cds-YP_009724389.1	TTA	L	GTA	V	122
NC_045512.2	13832	T	G	1453	176	39	1	0	25	0.000687758	1454	0.999971	FALSE	ORF1ab:cds-YP_009724389.1	TTA	L	TGA	*	122
NC_045512.2	13836	G	A	1490	203	40	1	0	37	0.000670691	1491	0.750252	FALSE	ORF1ab:cds-YP_009724389.1	AGG	R	AGA	R	123
NC_045512.2	13837	C	T	1490	203	40	1	0	37	0.000670691	1491	0.750252	FALSE	ORF1ab:cds-YP_009724389.1	CAT	H	TAT	Y	124
NC_045512.2	13838	A	-T	1488	207	40	3	0	20	0.00201613	1488	0.998876	FALSE	NA	NA	NA	NA	NA	NA
NC_045512.2	13844	A	G	1488	219	40	1	1	37	0.000671592	1489	0.750252	FALSE	ORF1ab:cds-YP_009724389.1	GAT	D	GGT	G	126
NC_045512.2	13848	A	T	1617	222	40	1	1	48	0.000618047	1618	0.500155	FALSE	ORF1ab:cds-YP_009724389.1	GAA	E	GAT	D	127
NC_045512.2	13859	A	G	1569	285	43	1	0	37	0.000636943	1570	0.750239	FALSE	ORF1ab:cds-YP_009724389.1	GAC	D	GGC	G	131
NC_045512.2	13861	A	+G	1548	297	43	1	0	20	0.000645995	1548	0.999985	FALSE	NA	NA	NA	NA	NA	NA
NC_045512.2	13866	A	G	1573	307	42	1	0	25	0.000635324	1574	0.999985	FALSE	ORF1ab:cds-YP_009724389.1	TTA	L	TTG	L	133
NC_045512.2	13871	A	C	1539	324	41	2	0	37	0.00129786	1541	0.500244	FALSE	ORF1ab:cds-YP_009724389.1	GAA	E	GCA	A	135
NC_045512.2	13873	A	T	1461	384	41	1	0	37	0.000683995	1462	0.750257	FALSE	ORF1ab:cds-YP_009724389.1	ATA	I	TTA	L	136
NC_045512.2	13877	T	C	1396	398	40	2	1	29	0.00143062	1398	0.999528	FALSE	ORF1ab:cds-YP_009724389.1	CTT	L	CCT	P	137
NC_045512.2	13878	T	A	1383	431	40	1	0	25	0.000722543	1384	0.999941	FALSE	ORF1ab:cds-YP_009724389.1	CTT	L	CTA	L	137
NC_045512.2	13890	T	G	1463	507	40	1	0	25	0.00068306	1464	0.999971	FALSE	ORF1ab:cds-YP_009724389.1	AAT	N	AAG	K	141
NC_045512.2	13891	T	C	1524	503	40	2	0	55	0.00131062	1526	0.250082	FALSE	ORF1ab:cds-YP_009724389.1	TGT	C	CGT	R	142
NC_045512.2	13900	G	T	1422	468	40	1	0	37	0.000702741	1423	0.750264	FALSE	ORF1ab:cds-YP_009724389.1	GAT	D	TAT	Y	145
NC_045512.2	13901	A	G	1420	471	41	2	1	37	0.00140647	1422	0.500264	FALSE	ORF1ab:cds-YP_009724389.1	GAT	D	GGT	G	145
NC_045512.2	13902	T	C	1413	474	40	1	0	74	0.000707214	1414	0.500177	FALSE	ORF1ab:cds-YP_009724389.1	GAT	D	GAC	D	145
NC_045512.2	13908	T	A	1466	577	42	1	0	37	0.000681663	1467	0.750256	FALSE	ORF1ab:cds-YP_009724389.1	TAT	Y	TAA	*	147
NC_045512.2	13912	A	T	1419	608	41	1	1	25	0.000704225	1420	0.999971	FALSE	ORF1ab:cds-YP_009724389.1	AAT	N	TAT	Y	149
NC_045512.2	13915	A	C	1445	651	42	1	0	25	0.000691563	1446	0.999971	FALSE	ORF1ab:cds-YP_009724389.1	AAA	K	CAA	Q	150
NC_045512.2	13916	A	T	1498	723	43	1	1	25	0.000667111	1499	0.999971	FALSE	ORF1ab:cds-YP_009724389.1	AAA	K	ATA	I	150
NC_045512.2	13920	G	A	1467	737	42	1	0	37	0.000681199	1468	0.750256	FALSE	ORF1ab:cds-YP_009724389.1	AAG	K	AAA	K	151
NC_045512.2	13921	G	C	1485	790	42	1	0	37	0.000672948	1486	0.750252	FALSE	ORF1ab:cds-YP_009724389.1	GAC	D	CAC	H	152
NC_045512.2	13924	T	C	1442	834	41	1	1	74	0.000693001	1443	0.500173	FALSE	ORF1ab:cds-YP_009724389.1	TGG	W	CGG	R	153
NC_045512.2	13925	G	T	1501	841	41	1	1	37	0.000665779	1502	0.75025	FALSE	ORF1ab:cds-YP_009724389.1	TGG	W	TTG	L	153
NC_045512.2	13931	A	T	1483	852	40	1	1	25	0.000673854	1484	0.999971	FALSE	ORF1ab:cds-YP_009724389.1	GAT	D	GTT	V	155
NC_045512.2	13931	A	-T	1483	852	40	1	0	20	0.000673854	1484	0.999971	FALSE	NA	NA	NA	NA	NA	NA
NC_045512.2	13933	T	A	1468	842	40	1	1	37	0.000680735	1469	0.750255	FALSE	ORF1ab:cds-YP_009724389.1	TTT	F	ATT	I	156
NC_045512.2	13938	A	G	1452	826	41	1	0	37	0.000688231	1453	0.750258	FALSE	ORF1ab:cds-YP_009724389.1	GTA	V	GTG	V	157
NC_045512.2	13942	A	G	1456	827	41	1	1	37	0.000686342	1457	0.750257	FALSE	ORF1ab:cds-YP_009724389.1	AAC	N	GAC	D	159
NC_045512.2	13944	C	A	1518	852	41	1	1	37	0.000658328	1519	0.750247	FALSE	ORF1ab:cds-YP_009724389.1	AAC	N	AAA	K	159
NC_045512.2	13945	C	G	1507	851	40	1	1	37	0.00066313	1508	0.750249	FALSE	ORF1ab:cds-YP_009724389.1	CCA	P	GCA	A	160
NC_045512.2	13960	G	A	1510	864	40	1	1	37	0.000661813	1511	0.750248	FALSE	ORF1ab:cds-YP_009724389.1	GTA	V	ATA	I	165
NC_045512.2	13966	G	A	1533	922	40	1	1	37	0.00065189	1534	0.750245	FALSE	ORF1ab:cds-YP_009724389.1	GCC	A	ACC	T	167
NC_045512.2	13967	C	T	1534	916	40	1	1	74	0.000651042	1536	0.5	FALSE	ORF1ab:cds-YP_009724389.1	GCC	A	GTC	V	167
NC_045512.2	13967	C	A	1534	916	40	1	1	25	0.000651042	1536	0.999985	FALSE	ORF1ab:cds-YP_009724389.1	GCC	A	GAC	D	167
NC_045512.2	13972	T	A	1490	896	39	1	0	37	0.000670691	1491	0.750252	FALSE	ORF1ab:cds-YP_009724389.1	TTA	L	ATA	I	169
NC_045512.2	13974	A	G	1501	897	39	1	0	37	0.000665779	1502	0.75025	FALSE	ORF1ab:cds-YP_009724389.1	TTA	L	TTG	L	169
NC_045512.2	13980	A	T	1459	880	40	1	1	25	0.000683995	1462	0.99997	FALSE	ORF1ab:cds-YP_009724389.1	GAA	E	GAT	D	171
NC_045512.2	13980	A	G	1459	880	40	1	1	37	0.000683995	1462	0.749914	FALSE	ORF1ab:cds-YP_009724389.1	GAA	E	GAG	E	171
NC_045512.2	13980	A	C	1459	880	40	1	1	25	0.000683995	1462	0.99997	FALSE	ORF1ab:cds-YP_009724389.1	GAA	E	GAC	D	171
NC_045512.2	13981	C	G	1543	943	41	1	1	37	0.000647668	1544	0.750243	FALSE	ORF1ab:cds-YP_009724389.1	CGT	R	GGT	G	172
NC_045512.2	13988	G	A	1473	976	39	1	1	37	0.000678426	1474	0.750254	FALSE	ORF1ab:cds-YP_009724389.1	CGC	R	CAC	H	174
NC_045512.2	13993	G	A	1449	961	39	1	1	37	0.000689655	1450	0.750259	FALSE	ORF1ab:cds-YP_009724389.1	GCT	A	ACT	T	176
NC_045512.2	13995	T	C	1431	957	40	1	1	37	0.000698324	1432	0.750262	FALSE	ORF1ab:cds-YP_009724389.1	GCT	A	GCC	A	176
NC_045512.2	13998	G	A	1505	981	40	1	0	37	0.000664011	1506	0.750249	FALSE	ORF1ab:cds-YP_009724389.1	TTG	L	TTA	L	177
NC_045512.2	14002	A	G	1497	979	40	1	0	62	0.000667111	1499	0.5	FALSE	ORF1ab:cds-YP_009724389.1	AAA	K	GAA	E	179
NC_045512.2	14002	A	C	1497	979	40	1	0	37	0.000667111	1499	0.750083	FALSE	ORF1ab:cds-YP_009724389.1	AAA	K	CAA	Q	179
NC_045512.2	14015	T	G	1385	836	41	1	1	37	0.000721501	1386	0.750271	FALSE	ORF1ab:cds-YP_009724389.1	TTC	F	TGC	C	183
NC_045512.2	14017	T	C	1279	738	41	1	0	37	0.00078125	1280	0.750293	FALSE	ORF1ab:cds-YP_009724389.1	TGT	C	CGT	R	184
NC_045512.2	14023	G	A	1292	793	42	1	1	25	0.000773395	1293	0.999882	FALSE	ORF1ab:cds-YP_009724389.1	GCC	A	ACC	T	186
NC_045512.2	14024	C	T	1316	829	43	7	5	52	0.00529101	1323	0.00777115	TRUE	ORF1ab:cds-YP_009724389.1	GCC	A	GTC	V	186
NC_045512.2	14027	T	G	1231	812	42	1	1	37	0.000811688	1232	0.750305	FALSE	ORF1ab:cds-YP_009724389.1	ATG	M	AGG	R	187
NC_045512.2	14029	C	T	1379	1007	44	1	0	74	0.000724638	1380	0.500181	FALSE	ORF1ab:cds-YP_009724389.1	CGA	R	TGA	*	188
NC_045512.2	14032	A	G	1565	1270	46	2	2	37	0.00127632	1567	0.500239	FALSE	ORF1ab:cds-YP_009724389.1	AAT	N	GAT	D	189
NC_045512.2	14033	A	G	1570	1275	46	1	1	37	0.000636537	1571	0.750239	FALSE	ORF1ab:cds-YP_009724389.1	AAT	N	AGT	S	189
NC_045512.2	14034	T	A	1614	1336	47	1	1	37	0.000619195	1615	0.750232	FALSE	ORF1ab:cds-YP_009724389.1	AAT	N	AAA	K	189
NC_045512.2	14042	T	G	1589	1330	46	1	1	22	0.000628141	1592	0.999985	FALSE	ORF1ab:cds-YP_009724389.1	ATT	I	AGT	S	192
NC_045512.2	14042	T	C	1589	1330	46	2	0	31	0.00125628	1592	0.5	FALSE	ORF1ab:cds-YP_009724389.1	ATT	I	ACT	T	192
NC_045512.2	14044	G	T	1583	1330	47	1	1	37	0.000631313	1584	0.750237	FALSE	ORF1ab:cds-YP_009724389.1	GTT	V	TTT	F	193
NC_045512.2	14046	T	C	1550	1322	46	1	1	25	0.000644745	1551	0.999985	FALSE	ORF1ab:cds-YP_009724389.1	GTT	V	GTC	V	193
NC_045512.2	14048	G	A	1509	1287	46	1	1	37	0.000662252	1510	0.750248	FALSE	ORF1ab:cds-YP_009724389.1	GGT	G	GAT	D	194
NC_045512.2	14049	T	C	1493	1304	45	1	1	22	0.000669344	1494	0.999971	FALSE	ORF1ab:cds-YP_009724389.1	GGT	G	GGC	G	194
NC_045512.2	14052	A	G	1479	1299	45	1	1	37	0.000675676	1480	0.750253	FALSE	ORF1ab:cds-YP_009724389.1	GTA	V	GTG	V	195
NC_045512.2	14055	G	A	1455	1280	45	2	2	55	0.00137268	1457	0.250086	FALSE	ORF1ab:cds-YP_009724389.1	CTG	L	CTA	L	196
NC_045512.2	14061	A	G	1350	1187	44	1	1	37	0.000740192	1351	0.750278	FALSE	ORF1ab:cds-YP_009724389.1	TTA	L	TTG	L	198
NC_045512.2	14069	A	G	1295	1151	43	2	2	37	0.00154202	1297	0.500289	FALSE	ORF1ab:cds-YP_009724389.1	CAA	Q	CGA	R	201
NC_045512.2	14074	C	T	1291	1163	43	1	1	37	0.000773994	1292	0.75029	FALSE	ORF1ab:cds-YP_009724389.1	CTC	L	TTC	F	203
NC_045512.2	14076	C	T	1229	1115	42	1	1	25	0.000813008	1230	0.999882	FALSE	ORF1ab:cds-YP_009724389.1	CTC	L	CTT	L	203
NC_045512.2	14079	T	-G	1229	1115	42	1	0	20	0.00081367	1229	0.999883	FALSE	NA	NA	NA	NA	NA	NA
NC_045512.2	14082	T	C	1155	1055	42	1	0	37	0.000865052	1156	0.750325	FALSE	ORF1ab:cds-YP_009724389.1	GGT	G	GGC	G	205
NC_045512.2	14084	A	G	1147	1053	42	1	1	37	0.00087108	1148	0.750327	FALSE	ORF1ab:cds-YP_009724389.1	AAC	N	AGC	S	206
NC_045512.2	14086	T	C	1144	1050	42	1	1	37	0.000873362	1145	0.750328	FALSE	ORF1ab:cds-YP_009724389.1	TGG	W	CGG	R	207
NC_045512.2	14088	G	T	1136	1049	41	1	1	37	0.000878735	1138	0.75011	FALSE	ORF1ab:cds-YP_009724389.1	TGG	W	TGT	C	207
NC_045512.2	14088	G	A	1136	1049	41	1	1	37	0.000878735	1138	0.75011	FALSE	ORF1ab:cds-YP_009724389.1	TGG	W	TGA	*	207
NC_045512.2	14090	A	G	1115	1027	41	1	1	25	0.000896057	1116	0.999764	FALSE	ORF1ab:cds-YP_009724389.1	TAT	Y	TGT	C	208
NC_045512.2	14093	A	-T	1115	1027	41	1	0	20	0.000896861	1115	0.999766	FALSE	NA	NA	NA	NA	NA	NA
NC_045512.2	14104	T	C	981	933	39	1	1	37	0.00101833	982	0.500255	FALSE	ORF1ab:cds-YP_009724389.1	TTC	F	CTC	L	213
NC_045512.2	14105	T	C	1238	957	39	1	0	37	0.000807103	1239	0.750303	FALSE	ORF1ab:cds-YP_009724389.1	TTC	F	TCC	S	213
NC_045512.2	14108	T	C	1287	965	38	1	1	37	0.000776398	1288	0.750291	FALSE	ORF1ab:cds-YP_009724389.1	ATA	I	ACA	T	214
NC_045512.2	14109	A	C	1290	981	38	1	1	37	0.000774593	1291	0.750291	FALSE	ORF1ab:cds-YP_009724389.1	ATA	I	ATC	I	214
NC_045512.2	14110	C	T	1290	984	38	2	2	37	0.00154799	1292	0.50029	FALSE	ORF1ab:cds-YP_009724389.1	CAA	Q	TAA	*	215
NC_045512.2	14113	A	G	1280	940	37	1	1	37	0.00078064	1281	0.750293	FALSE	ORF1ab:cds-YP_009724389.1	ACC	T	GCC	A	216
NC_045512.2	14116	A	C	1266	896	37	1	0	37	0.000789266	1267	0.750296	FALSE	ORF1ab:cds-YP_009724389.1	ACG	T	CCG	P	217
NC_045512.2	14117	C	T	393	39	39	1	0	37	0.00253807	394	0.500635	FALSE	ORF1ab:cds-YP_009724389.1	ACG	T	ATG	M	217
NC_045512.2	14120	C	G	397	44	39	1	1	37	0.00251256	398	0.500629	FALSE	ORF1ab:cds-YP_009724389.1	CCA	P	CGA	R	218
NC_045512.2	14123	G	C	641	50	38	1	0	37	0.00155521	643	0.5	FALSE	ORF1ab:cds-YP_009724389.1	GGT	G	GCT	A	219
NC_045512.2	14123	G	A	641	50	38	1	0	37	0.00155521	643	0.5	FALSE	ORF1ab:cds-YP_009724389.1	GGT	G	GAT	D	219
NC_045512.2	14130	A	T	683	59	39	1	0	37	0.00146199	684	0.500366	FALSE	ORF1ab:cds-YP_009724389.1	GGA	G	GGT	G	221
NC_045512.2	14137	G	A	722	79	42	1	0	37	0.00138313	723	0.500346	FALSE	ORF1ab:cds-YP_009724389.1	GTT	V	ATT	I	224
NC_045512.2	14181	G	C	1163	137	42	1	0	37	0.000859107	1164	0.750322	FALSE	ORF1ab:cds-YP_009724389.1	TTG	L	TTC	F	238
NC_045512.2	14185	A	G	1160	160	44	1	1	37	0.000861326	1161	0.750323	FALSE	ORF1ab:cds-YP_009724389.1	AGG	R	GGG	G	240
NC_045512.2	14187	G	A	1212	176	43	1	0	37	0.000824402	1213	0.750309	FALSE	ORF1ab:cds-YP_009724389.1	AGG	R	AGA	R	240
NC_045512.2	14188	G	A	1182	195	42	2	1	55	0.00168919	1184	0.250106	FALSE	ORF1ab:cds-YP_009724389.1	GCT	A	ACT	T	241
NC_045512.2	14193	A	G	1172	224	43	1	1	37	0.000852515	1173	0.75032	FALSE	ORF1ab:cds-YP_009724389.1	TTA	L	TTG	L	242
NC_045512.2	14197	G	T	1171	225	43	1	0	37	0.00085034	1176	0.749467	FALSE	ORF1ab:cds-YP_009724389.1	GCA	A	TCA	S	244
NC_045512.2	14197	G	A	1171	225	43	4	0	37	0.00340136	1176	0.187234	FALSE	ORF1ab:cds-YP_009724389.1	GCA	A	ACA	T	244
NC_045512.2	14199	A	G	1178	226	43	1	0	37	0.000848176	1179	0.750318	FALSE	ORF1ab:cds-YP_009724389.1	GCA	A	GCG	A	244
NC_045512.2	14206	C	T	1292	240	42	1	0	37	0.000773395	1293	0.75029	FALSE	ORF1ab:cds-YP_009724389.1	CAT	H	TAT	Y	247
NC_045512.2	14207	A	T	1269	243	42	1	0	37	0.000787402	1270	0.750295	FALSE	ORF1ab:cds-YP_009724389.1	CAT	H	CTT	L	247
NC_045512.2	14209	G	T	1289	250	41	1	0	37	0.000775194	1290	0.750291	FALSE	ORF1ab:cds-YP_009724389.1	GTT	V	TTT	F	248
NC_045512.2	14213	A	G	1263	254	41	1	0	37	0.000791139	1264	0.750297	FALSE	ORF1ab:cds-YP_009724389.1	GAC	D	GGC	G	249
NC_045512.2	14221	T	C	1238	258	41	2	0	37	0.0016129	1240	0.500303	FALSE	ORF1ab:cds-YP_009724389.1	TTA	L	CTA	L	252
NC_045512.2	14224	A	G	1125	309	40	1	0	37	0.000888099	1126	0.750333	FALSE	ORF1ab:cds-YP_009724389.1	ACA	T	GCA	A	253
NC_045512.2	14227	A	G	1084	292	39	1	1	37	0.000921659	1085	0.750346	FALSE	ORF1ab:cds-YP_009724389.1	AAG	K	GAG	E	254
NC_045512.2	14233	T	C	1212	337	40	1	0	37	0.000824402	1213	0.750309	FALSE	ORF1ab:cds-YP_009724389.1	TAC	Y	CAC	H	256
NC_045512.2	14236	A	G	1216	336	39	1	1	37	0.000821693	1217	0.750308	FALSE	ORF1ab:cds-YP_009724389.1	ATT	I	GTT	V	257
NC_045512.2	14239	A	T	1140	281	39	1	0	37	0.000876424	1141	0.750329	FALSE	ORF1ab:cds-YP_009724389.1	AAG	K	TAG	*	258
NC_045512.2	14257	T	C	1204	378	42	1	1	37	0.000829876	1205	0.750311	FALSE	ORF1ab:cds-YP_009724389.1	TAT	Y	CAT	H	264
NC_045512.2	14258	A	G	1199	365	42	1	0	37	0.000833333	1200	0.750313	FALSE	ORF1ab:cds-YP_009724389.1	TAT	Y	TGT	C	264
NC_045512.2	14263	T	C	1170	420	42	1	0	37	0.000853242	1172	0.750107	FALSE	ORF1ab:cds-YP_009724389.1	TTC	F	CTC	L	266
NC_045512.2	14263	T	A	1170	420	42	1	0	25	0.000853242	1172	0.999763	FALSE	ORF1ab:cds-YP_009724389.1	TTC	F	ATC	I	266
NC_045512.2	14267	C	T	1205	514	44	1	0	37	0.000827815	1208	0.749896	FALSE	ORF1ab:cds-YP_009724389.1	ACG	T	ATG	M	267
NC_045512.2	14267	C	A	1205	514	44	2	2	37	0.00165563	1208	0.5	FALSE	ORF1ab:cds-YP_009724389.1	ACG	T	AAG	K	267
NC_045512.2	14269	G	A	1236	522	44	1	0	37	0.000808407	1237	0.750303	FALSE	ORF1ab:cds-YP_009724389.1	GAA	E	AAA	K	268
NC_045512.2	14274	G	A	1134	583	43	1	0	37	0.000881057	1135	0.750331	FALSE	ORF1ab:cds-YP_009724389.1	GAG	E	GAA	E	269
NC_045512.2	14275	A	G	1132	578	43	2	2	36	0.00176367	1134	0.500331	FALSE	ORF1ab:cds-YP_009724389.1	AGG	R	GGG	G	270
NC_045512.2	14279	T	C	1201	652	43	1	0	37	0.000831947	1202	0.750312	FALSE	ORF1ab:cds-YP_009724389.1	TTA	L	TCA	S	271
NC_045512.2	14281	A	G	1200	650	43	1	0	25	0.000832639	1201	0.999882	FALSE	ORF1ab:cds-YP_009724389.1	AAA	K	GAA	E	272
NC_045512.2	14283	A	G	1176	668	42	1	1	37	0.000849618	1177	0.750319	FALSE	ORF1ab:cds-YP_009724389.1	AAA	K	AAG	K	272
NC_045512.2	14287	T	C	1165	662	42	1	0	37	0.000857633	1166	0.750322	FALSE	ORF1ab:cds-YP_009724389.1	TTT	F	CTT	L	274
NC_045512.2	14293	C	A	1173	733	44	1	1	37	0.000851789	1174	0.75032	FALSE	ORF1ab:cds-YP_009724389.1	CGT	R	AGT	S	276
NC_045512.2	14294	G	A	1180	739	44	1	1	37	0.00084674	1181	0.750318	FALSE	ORF1ab:cds-YP_009724389.1	CGT	R	CAT	H	276
NC_045512.2	14296	T	A	1218	801	44	1	0	74	0.000820345	1219	0.500205	FALSE	ORF1ab:cds-YP_009724389.1	TAT	Y	AAT	N	277
NC_045512.2	14297	A	T	1221	794	44	1	0	37	0.000818331	1222	0.750307	FALSE	ORF1ab:cds-YP_009724389.1	TAT	Y	TTT	F	277
NC_045512.2	14298	T	C	1259	846	44	1	1	22	0.000793651	1260	0.999882	FALSE	ORF1ab:cds-YP_009724389.1	TAT	Y	TAC	Y	277
NC_045512.2	14299	T	C	1260	840	44	1	1	37	0.000793021	1261	0.750298	FALSE	ORF1ab:cds-YP_009724389.1	TTT	F	CTT	L	278
NC_045512.2	14303	A	T	1278	956	43	1	0	20	0.000781861	1279	0.999882	FALSE	ORF1ab:cds-YP_009724389.1	AAA	K	ATA	I	279
NC_045512.2	14306	A	G	1280	957	43	1	1	37	0.00078064	1281	0.750293	FALSE	ORF1ab:cds-YP_009724389.1	TAT	Y	TGT	C	280
NC_045512.2	14310	G	A	1326	1047	43	1	0	37	0.00075358	1327	0.750283	FALSE	ORF1ab:cds-YP_009724389.1	TGG	W	TGA	*	281
NC_045512.2	14315	A	G	1360	1094	43	1	1	74	0.000734754	1361	0.500184	FALSE	ORF1ab:cds-YP_009724389.1	CAG	Q	CGG	R	283
NC_045512.2	14316	G	A	1358	1092	43	1	0	37	0.000735835	1359	0.750276	FALSE	ORF1ab:cds-YP_009724389.1	CAG	Q	CAA	Q	283
NC_045512.2	14321	A	T	1322	1065	43	1	0	25	0.000755287	1324	0.999941	FALSE	ORF1ab:cds-YP_009724389.1	TAC	Y	TTC	F	285
NC_045512.2	14321	A	G	1322	1065	43	1	1	74	0.000755287	1324	0.5	FALSE	ORF1ab:cds-YP_009724389.1	TAC	Y	TGC	C	285
NC_045512.2	14334	T	C	1321	1178	41	1	1	37	0.00075643	1322	0.750284	FALSE	ORF1ab:cds-YP_009724389.1	TGT	C	TGC	C	289
NC_045512.2	14337	T	C	1312	1181	41	1	1	37	0.000761615	1313	0.750286	FALSE	ORF1ab:cds-YP_009724389.1	GTT	V	GTC	V	290
NC_045512.2	14338	A	G	1304	1174	41	2	2	37	0.00153139	1306	0.500287	FALSE	ORF1ab:cds-YP_009724389.1	AAC	N	GAC	D	291
NC_045512.2	14353	A	G	1211	1095	41	1	1	37	0.000825083	1212	0.75031	FALSE	ORF1ab:cds-YP_009724389.1	AGA	R	GGA	G	296
NC_045512.2	14357	G	A	1209	1104	41	4	4	37	0.00329761	1213	0.1875	FALSE	ORF1ab:cds-YP_009724389.1	TGC	C	TAC	Y	297
NC_045512.2	14363	T	G	1139	1039	41	1	1	25	0.000877193	1140	0.999764	FALSE	ORF1ab:cds-YP_009724389.1	CTG	L	CGG	R	299
NC_045512.2	14364	G	A	1131	1032	41	3	3	37	0.0026455	1134	0.312665	FALSE	ORF1ab:cds-YP_009724389.1	CTG	L	CTA	L	299
NC_045512.2	14365	C	T	1135	1036	41	2	2	31	0.00175901	1137	0.50033	FALSE	ORF1ab:cds-YP_009724389.1	CAT	H	TAT	Y	300
NC_045512.2	14371	G	A	988	907	41	3	3	37	0.00302725	991	0.125	FALSE	ORF1ab:cds-YP_009724389.1	GCA	A	ACA	T	302
NC_045512.2	14372	C	T	985	904	41	2	2	28	0.00202634	987	0.994276	FALSE	ORF1ab:cds-YP_009724389.1	GCA	A	GTA	V	302
NC_045512.2	14377	T	C	967	916	38	1	1	37	0.00103306	968	0.500258	FALSE	ORF1ab:cds-YP_009724389.1	TTT	F	CTT	L	304
NC_045512.2	14381	A	T	822	778	38	1	1	37	0.00121212	825	0.499696	FALSE	ORF1ab:cds-YP_009724389.1	AAT	N	ATT	I	305
NC_045512.2	14381	A	G	822	778	38	2	2	37	0.00242424	825	0.249848	FALSE	ORF1ab:cds-YP_009724389.1	AAT	N	AGT	S	305
NC_045512.2	14383	G	C	843	798	38	1	0	37	0.00118483	844	0.500296	FALSE	ORF1ab:cds-YP_009724389.1	GTT	V	CTT	L	306
NC_045512.2	14384	T	C	821	776	38	1	1	37	0.00121655	822	0.500304	FALSE	ORF1ab:cds-YP_009724389.1	GTT	V	GCT	A	306
NC_045512.2	14396	C	T	624	598	38	1	1	37	0.0016	625	0.5004	FALSE	ORF1ab:cds-YP_009724389.1	ACA	T	ATA	I	310
NC_045512.2	14404	C	A	405	384	38	1	1	37	0.00246305	406	0.500617	FALSE	ORF1ab:cds-YP_009724389.1	CCA	P	ACA	T	313
NC_045512.2	14407	C	A	353	336	38	19	19	35	0.0510753	372	1.54629e-06	TRUE	ORF1ab:cds-YP_009724389.1	CCT	P	ACT	T	314
NC_045512.2	14408	C	T	2	0	37	318	303	38	0.99375	320	7.1413e-187	TRUE	ORF1ab:cds-YP_009724389.1	CCT	P	CTT	L	314
NC_045512.2	14410	A	G	295	281	38	2	0	37	0.00673401	297	0.250422	FALSE	ORF1ab:cds-YP_009724389.1	ACA	T	GCA	A	315
NC_045512.2	14413	A	T	290	278	37	1	1	37	0.00343643	291	0.500861	FALSE	ORF1ab:cds-YP_009724389.1	AGT	S	TGT	C	316
NC_045512.2	14767	G	A	62	5	39	1	0	74	0.015873	63	0.504	FALSE	ORF1ab:cds-YP_009724389.1	GCT	A	ACT	T	434
NC_045512.2	14924	T	C	58	35	38	1	0	37	0.0169492	59	0.504274	FALSE	ORF1ab:cds-YP_009724389.1	GTC	V	GCC	A	486
NC_045512.2	15018	A	T	32	28	40	1	0	37	0.030303	33	0.507692	FALSE	ORF1ab:cds-YP_009724389.1	GCA	A	GCT	A	517
NC_045512.2	15069	T	A	695	75	36	1	0	37	0.00143678	696	0.500359	FALSE	ORF1ab:cds-YP_009724389.1	AAT	N	AAA	K	534
NC_045512.2	15079	G	A	727	77	37	1	0	37	0.00137363	728	0.500344	FALSE	ORF1ab:cds-YP_009724389.1	GCC	A	ACC	T	538
NC_045512.2	15080	C	T	726	77	36	5	0	34	0.00683995	731	0.0311428	FALSE	ORF1ab:cds-YP_009724389.1	GCC	A	GTC	V	538
NC_045512.2	15081	C	A	742	76	37	1	0	37	0.0013459	743	0.500337	FALSE	ORF1ab:cds-YP_009724389.1	GCC	A	GCA	A	538
NC_045512.2	15083	T	A	740	77	37	1	0	25	0.00134953	741	0.996188	FALSE	ORF1ab:cds-YP_009724389.1	ATT	I	AAT	N	539
NC_045512.2	15097	A	G	1017	98	38	1	0	37	0.000982318	1018	0.750369	FALSE	ORF1ab:cds-YP_009724389.1	AGA	R	GGA	G	544
NC_045512.2	15100	G	A	1041	103	38	1	0	37	0.000959693	1042	0.75036	FALSE	ORF1ab:cds-YP_009724389.1	GCT	A	ACT	T	545
NC_045512.2	15105	C	T	1066	123	40	1	0	37	0.000937207	1067	0.750352	FALSE	ORF1ab:cds-YP_009724389.1	CGC	R	CGT	R	546
NC_045512.2	15114	T	C	1072	136	40	1	0	37	0.000931966	1073	0.75035	FALSE	ORF1ab:cds-YP_009724389.1	GCT	A	GCC	A	549
NC_045512.2	15115	G	A	1099	134	40	2	1	37	0.00181653	1101	0.500341	FALSE	ORF1ab:cds-YP_009724389.1	GGT	G	AGT	S	550
NC_045512.2	15119	T	C	1107	139	40	1	0	25	0.000902527	1108	0.999764	FALSE	ORF1ab:cds-YP_009724389.1	GTC	V	GCC	A	551
NC_045512.2	15121	T	C	1123	138	40	2	0	37	0.0017762	1126	0.5	FALSE	ORF1ab:cds-YP_009724389.1	TCT	S	CCT	P	552
NC_045512.2	15121	T	A	1123	138	40	1	0	37	0.000888099	1126	0.749889	FALSE	ORF1ab:cds-YP_009724389.1	TCT	S	ACT	T	552
NC_045512.2	15122	C	A	1137	141	40	1	0	37	0.000878735	1138	0.75033	FALSE	ORF1ab:cds-YP_009724389.1	TCT	S	TAT	Y	552
NC_045512.2	15127	T	C	1232	171	41	1	0	37	0.00081103	1233	0.750304	FALSE	ORF1ab:cds-YP_009724389.1	TGT	C	CGT	R	554
NC_045512.2	15130	A	G	1285	194	41	1	0	37	0.000777605	1286	0.750292	FALSE	ORF1ab:cds-YP_009724389.1	AGT	S	GGT	G	555
NC_045512.2	15135	T	C	1318	190	41	2	0	37	0.00151515	1320	0.500284	FALSE	ORF1ab:cds-YP_009724389.1	ACT	T	ACC	T	556
NC_045512.2	15143	A	G	1168	213	40	1	0	37	0.000855432	1169	0.750321	FALSE	ORF1ab:cds-YP_009724389.1	AAT	N	AGT	S	559
NC_045512.2	15153	T	A	1093	243	41	1	0	37	0.000914077	1094	0.750343	FALSE	ORF1ab:cds-YP_009724389.1	TTT	F	TTA	L	562
NC_045512.2	15157	C	-A	1055	254	40	1	0	20	0.000947867	1055	0.999529	FALSE	NA	NA	NA	NA	NA	NA
NC_045512.2	15164	T	C	1079	322	42	1	0	37	0.000925926	1080	0.750347	FALSE	ORF1ab:cds-YP_009724389.1	TTA	L	TCA	S	566
NC_045512.2	15167	T	C	1071	325	42	1	0	74	0.000932836	1072	0.500233	FALSE	ORF1ab:cds-YP_009724389.1	TTG	L	TCG	S	567
NC_045512.2	15170	A	C	1054	340	41	1	0	74	0.000947867	1055	0.500237	FALSE	ORF1ab:cds-YP_009724389.1	AAA	K	ACA	T	568
NC_045512.2	15178	G	A	1048	366	42	1	1	37	0.000953289	1049	0.750358	FALSE	ORF1ab:cds-YP_009724389.1	GCC	A	ACC	T	571
NC_045512.2	15179	C	T	1063	373	41	2	1	37	0.00187793	1065	0.500352	FALSE	ORF1ab:cds-YP_009724389.1	GCC	A	GTC	V	571
NC_045512.2	15181	G	A	1076	406	42	1	0	37	0.000928505	1077	0.750348	FALSE	ORF1ab:cds-YP_009724389.1	GCC	A	ACC	T	572
NC_045512.2	15184	A	T	1097	403	42	1	1	37	0.000910747	1098	0.750342	FALSE	ORF1ab:cds-YP_009724389.1	ACT	T	TCT	S	573
NC_045512.2	15185	C	A	1151	414	42	1	0	37	0.000868056	1152	0.750326	FALSE	ORF1ab:cds-YP_009724389.1	ACT	T	AAT	N	573
NC_045512.2	15192	A	G	1185	501	44	1	1	37	0.00084317	1186	0.750316	FALSE	ORF1ab:cds-YP_009724389.1	GGA	G	GGG	G	575
NC_045512.2	15194	C	T	1103	582	42	1	1	37	0.000905797	1104	0.75034	FALSE	ORF1ab:cds-YP_009724389.1	GCT	A	GTT	V	576
NC_045512.2	15199	G	T	1143	621	42	1	0	74	0.000874126	1144	0.500219	FALSE	ORF1ab:cds-YP_009724389.1	GTA	V	TTA	L	578
NC_045512.2	15201	A	G	1126	622	42	1	1	37	0.000887311	1127	0.750333	FALSE	ORF1ab:cds-YP_009724389.1	GTA	V	GTG	V	578
NC_045512.2	15207	T	A	1136	645	43	1	0	37	0.000879507	1137	0.75033	FALSE	ORF1ab:cds-YP_009724389.1	ATT	I	ATA	I	580
NC_045512.2	15215	G	A	1154	671	42	1	1	37	0.000865801	1155	0.750325	FALSE	ORF1ab:cds-YP_009724389.1	AGC	S	AAC	N	583
NC_045512.2	15216	C	T	1153	673	43	1	1	37	0.000866551	1154	0.750325	FALSE	ORF1ab:cds-YP_009724389.1	AGC	S	AGT	S	583
NC_045512.2	15233	G	C	1067	712	40	1	1	37	0.00093633	1068	0.750351	FALSE	ORF1ab:cds-YP_009724389.1	TGG	W	TCG	S	589
NC_045512.2	15234	G	A	1045	723	39	1	1	37	0.000956023	1046	0.750359	FALSE	ORF1ab:cds-YP_009724389.1	TGG	W	TGA	*	589
NC_045512.2	15235	C	T	1076	757	40	3	3	37	0.00278035	1079	0.312674	FALSE	ORF1ab:cds-YP_009724389.1	CAC	H	TAC	Y	590
NC_045512.2	15239	A	T	1030	725	39	1	1	37	0.000969932	1031	0.750364	FALSE	ORF1ab:cds-YP_009724389.1	AAC	N	ATC	I	591
NC_045512.2	15242	T	G	1039	793	39	1	1	25	0.000961538	1040	0.999527	FALSE	ORF1ab:cds-YP_009724389.1	ATG	M	AGG	R	592
NC_045512.2	15246	A	T	1045	784	39	1	1	37	0.000956023	1046	0.750359	FALSE	ORF1ab:cds-YP_009724389.1	TTA	L	TTT	F	593
NC_045512.2	15267	A	G	1029	710	39	1	1	48	0.000970874	1030	0.500243	FALSE	ORF1ab:cds-YP_009724389.1	GTA	V	GTG	V	600
NC_045512.2	15281	T	A	1191	916	42	1	1	37	0.000838926	1192	0.750315	FALSE	ORF1ab:cds-YP_009724389.1	CTT	L	CAT	H	605
NC_045512.2	15287	G	A	1185	941	42	1	1	37	0.00084317	1186	0.750316	FALSE	ORF1ab:cds-YP_009724389.1	GGT	G	GAT	D	607
NC_045512.2	15289	T	C	1044	804	43	1	1	37	0.000956938	1045	0.750359	FALSE	ORF1ab:cds-YP_009724389.1	TGG	W	CGG	R	608
NC_045512.2	15291	G	A	1049	807	43	1	1	37	0.000952381	1050	0.750357	FALSE	ORF1ab:cds-YP_009724389.1	TGG	W	TGA	*	608
NC_045512.2	15292	G	A	1070	840	43	1	1	37	0.000933707	1071	0.75035	FALSE	ORF1ab:cds-YP_009724389.1	GAT	D	AAT	N	609
NC_045512.2	15293	A	G	1068	845	43	1	1	37	0.000935454	1069	0.750351	FALSE	ORF1ab:cds-YP_009724389.1	GAT	D	GGT	G	609
NC_045512.2	15294	T	C	1052	832	43	1	1	37	0.000949668	1053	0.750356	FALSE	ORF1ab:cds-YP_009724389.1	GAT	D	GAC	D	609
NC_045512.2	15295	T	A	1005	799	42	1	0	29	0.000994036	1006	0.999528	FALSE	ORF1ab:cds-YP_009724389.1	TAT	Y	AAT	N	610
NC_045512.2	15300	T	C	991	809	43	1	1	37	0.00100806	992	0.500252	FALSE	ORF1ab:cds-YP_009724389.1	CCT	P	CCC	P	611
NC_045512.2	15303	A	C	994	825	43	1	1	25	0.00100503	995	0.99905	FALSE	ORF1ab:cds-YP_009724389.1	AAA	K	AAC	N	612
NC_045512.2	15318	G	A	869	723	44	2	2	37	0.00229621	871	0.250144	FALSE	ORF1ab:cds-YP_009724389.1	ATG	M	ATA	I	617
NC_045512.2	15319	C	T	869	723	44	1	1	37	0.00114943	870	0.500288	FALSE	ORF1ab:cds-YP_009724389.1	CCT	P	TCT	S	618
NC_045512.2	15323	A	G	824	705	42	1	1	37	0.00121212	825	0.500303	FALSE	ORF1ab:cds-YP_009724389.1	AAC	N	AGC	S	619
NC_045512.2	15325	A	G	826	710	42	2	1	37	0.00241546	828	0.250151	FALSE	ORF1ab:cds-YP_009724389.1	ATG	M	GTG	V	620
NC_045512.2	15327	G	T	788	674	43	1	1	37	0.00126582	790	0.5	FALSE	ORF1ab:cds-YP_009724389.1	ATG	M	ATT	I	620
NC_045512.2	15327	G	A	788	674	43	1	1	37	0.00126582	790	0.5	FALSE	ORF1ab:cds-YP_009724389.1	ATG	M	ATA	I	620
NC_045512.2	15329	T	C	785	670	42	1	1	37	0.00127226	786	0.500318	FALSE	ORF1ab:cds-YP_009724389.1	CTT	L	CCT	P	621
NC_045512.2	15340	G	A	738	632	42	1	1	74	0.00135318	739	0.500339	FALSE	ORF1ab:cds-YP_009724389.1	GCC	A	ACC	T	625
NC_045512.2	15348	T	C	677	585	42	1	1	37	0.00147493	678	0.500369	FALSE	ORF1ab:cds-YP_009724389.1	CTT	L	CTC	L	627
NC_045512.2	15355	G	A	588	526	40	1	1	37	0.00169779	589	0.500425	FALSE	ORF1ab:cds-YP_009724389.1	GCT	A	ACT	T	630
NC_045512.2	15359	G	A	579	517	40	1	1	37	0.00172414	580	0.500431	FALSE	ORF1ab:cds-YP_009724389.1	CGC	R	CAC	H	631
NC_045512.2	15368	C	T	556	509	39	1	0	74	0.00179533	557	0.500449	FALSE	ORF1ab:cds-YP_009724389.1	ACA	T	ATA	I	634
NC_045512.2	15371	C	G	764	488	38	3	3	37	0.00391134	767	0.125	FALSE	ORF1ab:cds-YP_009724389.1	ACG	T	AGG	R	635
NC_045512.2	15372	G	C	884	489	38	1	1	37	0.00112994	885	0.500283	FALSE	ORF1ab:cds-YP_009724389.1	ACG	T	ACC	T	635
NC_045512.2	15373	T	C	743	367	37	1	0	37	0.00134228	745	0.5	FALSE	ORF1ab:cds-YP_009724389.1	TGT	C	CGT	R	636
NC_045512.2	15373	T	A	743	367	37	1	1	37	0.00134228	745	0.5	FALSE	ORF1ab:cds-YP_009724389.1	TGT	C	AGT	S	636
NC_045512.2	15374	G	T	790	369	38	1	1	37	0.00126422	791	0.500316	FALSE	ORF1ab:cds-YP_009724389.1	TGT	C	TTT	F	636
NC_045512.2	15379	A	C	770	352	38	1	0	37	0.00129702	771	0.500324	FALSE	ORF1ab:cds-YP_009724389.1	AGC	S	CGC	R	638
NC_045512.2	15391	C	A	449	44	39	1	0	37	0.00222222	450	0.500556	FALSE	ORF1ab:cds-YP_009724389.1	CGT	R	AGT	S	642
NC_045512.2	15409	A	G	584	64	41	1	0	37	0.0017094	585	0.500428	FALSE	ORF1ab:cds-YP_009724389.1	AAT	N	GAT	D	648
NC_045512.2	15415	T	G	593	74	42	1	1	37	0.0016835	594	0.500421	FALSE	ORF1ab:cds-YP_009724389.1	TGT	C	GGT	G	650
NC_045512.2	15424	G	A	701	92	43	1	0	25	0.0014245	702	0.996193	FALSE	ORF1ab:cds-YP_009724389.1	GTA	V	ATA	I	653
NC_045512.2	15428	T	C	709	96	43	1	0	37	0.00140845	710	0.500352	FALSE	ORF1ab:cds-YP_009724389.1	TTG	L	TCG	S	654
NC_045512.2	15442	A	G	755	101	43	1	0	37	0.00132275	756	0.500331	FALSE	ORF1ab:cds-YP_009724389.1	ATG	M	GTG	V	659
NC_045512.2	15448	G	T	785	109	43	1	0	37	0.00127226	786	0.500318	FALSE	ORF1ab:cds-YP_009724389.1	GGC	G	TGC	C	661
NC_045512.2	15451	G	A	0	0	0	790	120	44	1	790	0	TRUE	ORF1ab:cds-YP_009724389.1	GGT	G	AGT	S	662
NC_045512.2	15460	T	G	838	152	46	1	1	37	0.0011919	839	0.500298	FALSE	ORF1ab:cds-YP_009724389.1	TAT	Y	GAT	D	665
NC_045512.2	15463	G	A	909	171	44	1	0	37	0.0010989	910	0.500275	FALSE	ORF1ab:cds-YP_009724389.1	GTT	V	ATT	I	666
NC_045512.2	15464	T	C	905	169	44	2	0	37	0.00220507	907	0.250138	FALSE	ORF1ab:cds-YP_009724389.1	GTT	V	GCT	A	666
NC_045512.2	15467	A	T	842	200	42	1	0	37	0.00118624	843	0.500297	FALSE	ORF1ab:cds-YP_009724389.1	AAA	K	ATA	I	667
NC_045512.2	15471	A	T	835	206	43	4	0	37	0.0047619	840	0.0622765	FALSE	ORF1ab:cds-YP_009724389.1	CCA	P	CCT	P	668
NC_045512.2	15471	A	G	835	206	43	1	1	62	0.00119048	840	0.499104	FALSE	ORF1ab:cds-YP_009724389.1	CCA	P	CCG	P	668
NC_045512.2	15474	T	C	793	235	41	1	1	37	0.00125945	794	0.500315	FALSE	ORF1ab:cds-YP_009724389.1	GGT	G	GGC	G	669
NC_045512.2	15482	C	T	838	239	41	1	0	37	0.0011919	839	0.500298	FALSE	ORF1ab:cds-YP_009724389.1	TCA	S	TTA	L	672
NC_045512.2	15484	T	C	835	243	40	1	0	74	0.00119617	836	0.500299	FALSE	ORF1ab:cds-YP_009724389.1	TCA	S	CCA	P	673
NC_045512.2	15485	C	T	829	246	40	1	0	37	0.00120482	830	0.500301	FALSE	ORF1ab:cds-YP_009724389.1	TCA	S	TTA	L	673
NC_045512.2	15494	C	T	841	234	40	1	0	37	0.00118765	842	0.500297	FALSE	ORF1ab:cds-YP_009724389.1	GCC	A	GTC	V	676
NC_045512.2	15495	C	T	840	236	41	2	0	37	0.0023753	842	0.250149	FALSE	ORF1ab:cds-YP_009724389.1	GCC	A	GCT	A	676
NC_045512.2	15496	A	G	841	237	41	1	0	37	0.00118765	842	0.500297	FALSE	ORF1ab:cds-YP_009724389.1	ACA	T	GCA	A	677
NC_045512.2	15498	A	G	832	240	41	1	0	37	0.00120048	833	0.5003	FALSE	ORF1ab:cds-YP_009724389.1	ACA	T	ACG	T	677
NC_045512.2	15499	A	G	834	240	41	1	0	37	0.0011976	835	0.5003	FALSE	ORF1ab:cds-YP_009724389.1	ACT	T	GCT	A	678
NC_045512.2	15514	A	G	852	255	40	1	1	37	0.00117233	853	0.500293	FALSE	ORF1ab:cds-YP_009724389.1	AGT	S	GGT	G	683
NC_045512.2	15516	T	C	826	239	40	1	0	37	0.00120919	827	0.500302	FALSE	ORF1ab:cds-YP_009724389.1	AGT	S	AGC	S	683
NC_045512.2	15519	T	A	813	232	40	1	0	37	0.0012285	814	0.500307	FALSE	ORF1ab:cds-YP_009724389.1	GTT	V	GTA	V	684
NC_045512.2	15523	A	T	796	264	39	1	0	37	0.00125471	797	0.500314	FALSE	ORF1ab:cds-YP_009724389.1	AAC	N	TAC	Y	686
NC_045512.2	15525	C	T	825	328	41	1	1	37	0.00121065	826	0.500303	FALSE	ORF1ab:cds-YP_009724389.1	AAC	N	AAT	N	686
NC_045512.2	15526	A	G	820	321	41	3	3	37	0.0036452	823	0.125	FALSE	ORF1ab:cds-YP_009724389.1	ATT	I	GTT	V	687
NC_045512.2	15542	C	T	967	495	43	1	0	37	0.00103306	968	0.500258	FALSE	ORF1ab:cds-YP_009724389.1	ACG	T	ATG	M	692
NC_045512.2	15543	G	A	964	496	43	1	0	22	0.00103627	965	0.999051	FALSE	ORF1ab:cds-YP_009724389.1	ACG	T	ACA	T	692
NC_045512.2	15544	G	A	972	498	43	1	1	37	0.00102775	973	0.500257	FALSE	ORF1ab:cds-YP_009724389.1	GCC	A	ACC	T	693
NC_045512.2	15546	C	T	968	512	43	1	1	37	0.00103199	969	0.500258	FALSE	ORF1ab:cds-YP_009724389.1	GCC	A	GCT	A	693
NC_045512.2	15551	T	G	972	511	42	1	0	25	0.00102775	973	0.999051	FALSE	ORF1ab:cds-YP_009724389.1	GTT	V	GGT	G	695
NC_045512.2	15553	A	G	945	491	43	1	1	37	0.00105708	946	0.500264	FALSE	ORF1ab:cds-YP_009724389.1	AAT	N	GAT	D	696
NC_045512.2	15557	C	T	944	503	43	1	0	37	0.0010582	945	0.500265	FALSE	ORF1ab:cds-YP_009724389.1	GCA	A	GTA	V	697
NC_045512.2	15561	T	C	946	525	42	1	0	37	0.00105597	947	0.500264	FALSE	ORF1ab:cds-YP_009724389.1	CTT	L	CTC	L	698
NC_045512.2	15572	A	C	901	547	41	1	1	25	0.00110865	902	0.999053	FALSE	ORF1ab:cds-YP_009724389.1	GAT	D	GCT	A	702
NC_045512.2	15576	T	C	892	550	41	1	1	36	0.00111982	893	0.50028	FALSE	ORF1ab:cds-YP_009724389.1	GGT	G	GGC	G	703
NC_045512.2	15579	C	T	886	547	41	1	0	74	0.0011274	887	0.500282	FALSE	ORF1ab:cds-YP_009724389.1	AAC	N	AAT	N	704
NC_045512.2	15580	A	G	903	570	41	1	1	37	0.00110619	904	0.500277	FALSE	ORF1ab:cds-YP_009724389.1	AAA	K	GAA	E	705
NC_045512.2	15591	T	G	883	596	40	1	0	25	0.00113122	884	0.998096	FALSE	ORF1ab:cds-YP_009724389.1	GAT	D	GAG	E	708
NC_045512.2	15601	C	T	848	596	40	1	1	37	0.00117786	849	0.500295	FALSE	ORF1ab:cds-YP_009724389.1	CGC	R	TGC	C	712
NC_045512.2	15602	G	T	847	605	41	2	0	37	0.00235571	849	0.250147	FALSE	ORF1ab:cds-YP_009724389.1	CGC	R	CTC	L	712
NC_045512.2	15603	C	T	838	612	40	1	1	37	0.0011919	839	0.500298	FALSE	ORF1ab:cds-YP_009724389.1	CGC	R	CGT	R	712
NC_045512.2	15608	T	C	837	646	39	1	1	37	0.00119332	838	0.500299	FALSE	ORF1ab:cds-YP_009724389.1	TTA	L	TCA	S	714
NC_045512.2	15616	A	G	831	655	39	1	1	37	0.00120192	832	0.500301	FALSE	ORF1ab:cds-YP_009724389.1	AGA	R	GGA	G	717
NC_045512.2	15620	T	G	865	669	39	1	1	37	0.00115473	866	0.500289	FALSE	ORF1ab:cds-YP_009724389.1	CTT	L	CGT	R	718
NC_045512.2	15626	A	T	756	558	40	1	1	37	0.001321	757	0.50033	FALSE	ORF1ab:cds-YP_009724389.1	GAG	E	GTG	V	720
NC_045512.2	15634	T	C	718	584	46	1	1	37	0.00139082	719	0.500348	FALSE	ORF1ab:cds-YP_009724389.1	TAT	Y	CAT	H	723
NC_045512.2	15645	A	G	677	574	44	1	0	37	0.00147493	678	0.500369	FALSE	ORF1ab:cds-YP_009724389.1	AGA	R	AGG	R	726
NC_045512.2	15653	A	G	647	556	43	1	1	37	0.00154321	648	0.500386	FALSE	ORF1ab:cds-YP_009724389.1	GAC	D	GGC	G	729
NC_045512.2	15657	A	G	629	539	43	1	1	37	0.0015873	630	0.500397	FALSE	ORF1ab:cds-YP_009724389.1	ACA	T	ACG	T	730
NC_045512.2	15688	C	T	470	415	40	1	1	37	0.00212314	471	0.500531	FALSE	ORF1ab:cds-YP_009724389.1	CGT	R	TGT	C	741
NC_045512.2	15694	C	T	638	419	39	2	0	31	0.003125	640	0.250195	FALSE	ORF1ab:cds-YP_009724389.1	CAT	H	TAT	Y	743
NC_045512.2	15704	T	C	638	384	39	1	1	37	0.00156495	639	0.500392	FALSE	ORF1ab:cds-YP_009724389.1	ATG	M	ACG	T	746
NC_045512.2	15706	A	G	647	382	39	1	1	37	0.00154321	648	0.500386	FALSE	ORF1ab:cds-YP_009724389.1	ATG	M	GTG	V	747
NC_045512.2	15708	G	A	638	380	39	1	1	37	0.00156495	639	0.500392	FALSE	ORF1ab:cds-YP_009724389.1	ATG	M	ATA	I	747
NC_045512.2	15710	T	G	632	376	39	1	0	25	0.00157978	633	0.992359	FALSE	ORF1ab:cds-YP_009724389.1	ATA	I	AGA	R	748
NC_045512.2	15714	C	T	0	0	0	248	16	37	1	248	2.73006e-148	TRUE	ORF1ab:cds-YP_009724389.1	CTC	L	CTT	L	749
NC_045512.2	15725	C	T	320	27	38	3	0	37	0.00928793	323	0.124999	FALSE	ORF1ab:cds-YP_009724389.1	GCT	A	GTT	V	753
NC_045512.2	15738	C	T	0	0	0	367	29	39	1	367	7.51742e-220	TRUE	ORF1ab:cds-YP_009724389.1	TTC	F	TTT	F	757
NC_045512.2	15742	A	G	372	43	41	1	1	37	0.00268097	373	0.500671	FALSE	ORF1ab:cds-YP_009724389.1	AGC	S	GGC	G	759
NC_045512.2	15743	G	A	380	45	40	1	0	37	0.00262467	381	0.500657	FALSE	ORF1ab:cds-YP_009724389.1	AGC	S	AAC	N	759
NC_045512.2	15753	A	G	441	66	42	1	1	37	0.00226244	442	0.500566	FALSE	ORF1ab:cds-YP_009724389.1	GCA	A	GCG	A	762
NC_045512.2	15756	T	C	487	67	42	1	0	37	0.00204918	488	0.500513	FALSE	ORF1ab:cds-YP_009724389.1	TCT	S	TCC	S	763
NC_045512.2	15760	G	T	497	72	43	1	1	37	0.00200803	498	0.500503	FALSE	ORF1ab:cds-YP_009724389.1	GGT	G	TGT	C	765
NC_045512.2	15772	A	G	633	92	43	1	0	37	0.0015748	635	0.5	FALSE	ORF1ab:cds-YP_009724389.1	AGC	S	GGC	G	769
NC_045512.2	15772	A	C	633	92	43	1	0	37	0.0015748	635	0.5	FALSE	ORF1ab:cds-YP_009724389.1	AGC	S	CGC	R	769
NC_045512.2	15777	A	C	604	111	42	1	0	37	0.00165289	605	0.500414	FALSE	ORF1ab:cds-YP_009724389.1	ATA	I	ATC	I	770
NC_045512.2	15787	A	G	613	121	41	1	0	37	0.00162866	614	0.500407	FALSE	ORF1ab:cds-YP_009724389.1	AAG	K	GAG	E	774
NC_045512.2	15788	A	G	600	125	40	1	0	74	0.00166389	601	0.500416	FALSE	ORF1ab:cds-YP_009724389.1	AAG	K	AGG	R	774
NC_045512.2	15793	G	A	620	131	40	1	0	37	0.00161031	621	0.500403	FALSE	ORF1ab:cds-YP_009724389.1	GTT	V	ATT	I	776
NC_045512.2	15800	A	G	616	157	42	1	0	37	0.00162075	617	0.500406	FALSE	ORF1ab:cds-YP_009724389.1	TAT	Y	TGT	C	778
NC_045512.2	15821	T	C	625	219	43	1	0	74	0.00159744	626	0.5004	FALSE	ORF1ab:cds-YP_009724389.1	ATG	M	ACG	T	785
NC_045512.2	15834	A	G	599	246	42	1	1	37	0.00166667	600	0.500417	FALSE	ORF1ab:cds-YP_009724389.1	AAA	K	AAG	K	789
NC_045512.2	15843	T	A	667	326	46	1	1	37	0.00149701	668	0.500375	FALSE	ORF1ab:cds-YP_009724389.1	ACT	T	ACA	T	792
NC_045512.2	15849	T	C	662	331	44	1	0	37	0.0015083	663	0.500377	FALSE	ORF1ab:cds-YP_009724389.1	ACT	T	ACC	T	794
NC_045512.2	15854	T	C	651	319	44	1	0	37	0.00153374	652	0.500384	FALSE	ORF1ab:cds-YP_009724389.1	CTT	L	CCT	P	796
NC_045512.2	15862	G	T	622	368	40	1	1	37	0.00160514	623	0.500402	FALSE	ORF1ab:cds-YP_009724389.1	GGA	G	TGA	*	799
NC_045512.2	15878	G	A	608	388	40	1	0	37	0.00164204	609	0.500411	FALSE	ORF1ab:cds-YP_009724389.1	TGC	C	TAC	Y	804
NC_045512.2	15879	C	T	605	386	40	2	2	37	0.00329489	607	0.250206	FALSE	ORF1ab:cds-YP_009724389.1	TGC	C	TGT	C	804
NC_045512.2	15880	T	C	609	387	40	1	1	62	0.00163934	610	0.50041	FALSE	ORF1ab:cds-YP_009724389.1	TCT	S	CCT	P	805
NC_045512.2	15884	A	G	597	389	40	1	1	62	0.00167224	598	0.500418	FALSE	ORF1ab:cds-YP_009724389.1	CAA	Q	CGA	R	806
NC_045512.2	15888	T	C	620	388	40	1	0	37	0.00161031	621	0.500403	FALSE	ORF1ab:cds-YP_009724389.1	CAT	H	CAC	H	807
NC_045512.2	15905	A	G	613	409	41	2	2	37	0.00325203	615	0.250203	FALSE	ORF1ab:cds-YP_009724389.1	CAG	Q	CGG	R	813
NC_045512.2	15908	G	A	635	426	42	1	1	37	0.00157233	636	0.500393	FALSE	ORF1ab:cds-YP_009724389.1	GGT	G	GAT	D	814
NC_045512.2	15912	T	C	636	434	42	1	0	74	0.00156986	637	0.500393	FALSE	ORF1ab:cds-YP_009724389.1	GAT	D	GAC	D	815
NC_045512.2	15915	T	G	619	426	42	1	1	37	0.0016129	620	0.500404	FALSE	ORF1ab:cds-YP_009724389.1	GAT	D	GAG	E	816
NC_045512.2	15916	T	C	616	418	42	1	1	74	0.00162075	617	0.500406	FALSE	ORF1ab:cds-YP_009724389.1	TAT	Y	CAT	H	817
NC_045512.2	15935	C	T	632	463	45	1	1	20	0.00157978	633	0.992359	FALSE	ORF1ab:cds-YP_009724389.1	CCA	P	CTA	L	823
NC_045512.2	15939	T	C	0	0	0	566	414	46	1	566	0	TRUE	ORF1ab:cds-YP_009724389.1	GAT	D	GAC	D	824
NC_045512.2	15954	A	G	520	422	45	1	1	74	0.00191939	521	0.50048	FALSE	ORF1ab:cds-YP_009724389.1	CTA	L	CTG	L	829
NC_045512.2	15961	G	A	494	418	44	1	1	37	0.0020202	495	0.500506	FALSE	ORF1ab:cds-YP_009724389.1	GGC	G	AGC	S	832
NC_045512.2	15963	C	T	490	413	44	1	1	37	0.00203666	491	0.50051	FALSE	ORF1ab:cds-YP_009724389.1	GGC	G	GGT	G	832
NC_045512.2	15977	A	C	461	389	43	1	1	25	0.0021645	462	0.969256	FALSE	ORF1ab:cds-YP_009724389.1	GAT	D	GCT	A	837
NC_045512.2	15982	G	A	439	370	44	1	1	37	0.00227273	440	0.500569	FALSE	ORF1ab:cds-YP_009724389.1	GTA	V	ATA	I	839
NC_045512.2	15983	T	C	437	369	44	1	1	37	0.00228311	438	0.500571	FALSE	ORF1ab:cds-YP_009724389.1	GTA	V	GCA	A	839
NC_045512.2	15988	A	G	431	376	42	1	1	37	0.00231481	432	0.500579	FALSE	ORF1ab:cds-YP_009724389.1	ACA	T	GCA	A	841
NC_045512.2	16015	T	C	253	229	40	1	0	37	0.00393701	254	0.500986	FALSE	ORF1ab:cds-YP_009724389.1	TTC	F	CTC	L	850
NC_045512.2	16030	A	G	1669	95	37	1	0	37	0.000598802	1670	0.750225	FALSE	ORF1ab:cds-YP_009724389.1	ATA	I	GTA	V	855
NC_045512.2	16036	G	A	1895	100	37	1	0	37	0.000527426	1896	0.750198	FALSE	ORF1ab:cds-YP_009724389.1	GCT	A	ACT	T	857
NC_045512.2	16042	C	T	2023	130	38	1	0	37	0.000494071	2024	0.875185	FALSE	ORF1ab:cds-YP_009724389.1	CCA	P	TCA	S	859
NC_045512.2	16044	A	C	2036	163	38	1	0	37	0.000490918	2037	0.875184	FALSE	ORF1ab:cds-YP_009724389.1	CCA	P	CCC	P	859
NC_045512.2	16046	T	C	2092	167	38	1	0	37	0.000477783	2093	0.875179	FALSE	ORF1ab:cds-YP_009724389.1	CTT	L	CCT	P	860
NC_045512.2	16052	A	G	2209	216	39	1	1	37	0.000452489	2210	0.87517	FALSE	ORF1ab:cds-YP_009724389.1	AAA	K	AGA	R	862
NC_045512.2	16054	C	T	2239	253	40	1	1	74	0.000446229	2241	0.5	FALSE	ORF1ab:cds-YP_009724389.1	CAT	H	TAT	Y	863
NC_045512.2	16054	C	A	2239	253	40	1	0	37	0.000446229	2241	0.875084	FALSE	ORF1ab:cds-YP_009724389.1	CAT	H	AAT	N	863
NC_045512.2	16056	T	G	2321	265	40	1	1	37	0.000430663	2322	0.875162	FALSE	ORF1ab:cds-YP_009724389.1	CAT	H	CAG	Q	863
NC_045512.2	16059	T	G	2394	352	42	4	4	37	0.00166736	2399	0.343652	FALSE	ORF1ab:cds-YP_009724389.1	CCT	P	CCG	P	864
NC_045512.2	16059	T	C	2394	352	42	1	0	37	0.00041684	2399	0.874843	FALSE	ORF1ab:cds-YP_009724389.1	CCT	P	CCC	P	864
NC_045512.2	16060	A	G	2824	368	42	1	0	37	0.000353982	2825	0.875133	FALSE	ORF1ab:cds-YP_009724389.1	AAT	N	GAT	D	865
NC_045512.2	16064	A	G	2802	382	41	1	0	37	0.000356761	2803	0.875134	FALSE	ORF1ab:cds-YP_009724389.1	CAG	Q	CGG	R	866
NC_045512.2	16065	G	T	3140	388	41	1	0	37	0.00031837	3141	0.937599	FALSE	ORF1ab:cds-YP_009724389.1	CAG	Q	CAT	H	866
NC_045512.2	16070	A	G	3321	406	41	1	0	37	0.000301023	3322	0.937594	FALSE	ORF1ab:cds-YP_009724389.1	TAT	Y	TGT	C	868
NC_045512.2	16072	G	A	3353	410	41	1	0	74	0.000298151	3354	0.500075	FALSE	ORF1ab:cds-YP_009724389.1	GCT	A	ACT	T	869
NC_045512.2	16073	C	T	3359	431	42	3	0	37	0.000892326	3362	0.656459	FALSE	ORF1ab:cds-YP_009724389.1	GCT	A	GTT	V	869
NC_045512.2	16075	G	T	3380	465	42	1	1	22	0.00029577	3381	1	FALSE	ORF1ab:cds-YP_009724389.1	GAT	D	TAT	Y	870
NC_045512.2	16078	G	T	3405	473	42	1	0	25	0.0002936	3406	1	FALSE	ORF1ab:cds-YP_009724389.1	GTC	V	TTC	F	871
NC_045512.2	16079	T	C	3396	457	41	1	0	25	0.000294377	3397	1	FALSE	ORF1ab:cds-YP_009724389.1	GTC	V	GCC	A	871
NC_045512.2	16080	C	T	3417	467	42	2	1	74	0.000584966	3419	0.250037	FALSE	ORF1ab:cds-YP_009724389.1	GTC	V	GTT	V	871
NC_045512.2	16081	T	C	3425	486	43	1	0	37	0.0002918	3427	0.937555	FALSE	ORF1ab:cds-YP_009724389.1	TTT	F	CTT	L	872
NC_045512.2	16081	T	A	3425	486	43	1	0	37	0.0002918	3427	0.937555	FALSE	ORF1ab:cds-YP_009724389.1	TTT	F	ATT	I	872
NC_045512.2	16083	T	G	3424	536	43	1	1	37	0.000291971	3425	0.937591	FALSE	ORF1ab:cds-YP_009724389.1	TTT	F	TTG	L	872
NC_045512.2	16084	C	A	3551	544	43	2	0	37	0.000562905	3553	0.812676	FALSE	ORF1ab:cds-YP_009724389.1	CAT	H	AAT	N	873
NC_045512.2	16087	T	C	3523	544	43	1	1	74	0.000283768	3524	0.500071	FALSE	ORF1ab:cds-YP_009724389.1	TTG	L	CTG	L	874
NC_045512.2	16089	G	A	3552	559	44	1	0	25	0.000281452	3553	1	FALSE	ORF1ab:cds-YP_009724389.1	TTG	L	TTA	L	874
NC_045512.2	16090	T	G	3563	607	44	1	1	37	0.000280505	3565	0.937553	FALSE	ORF1ab:cds-YP_009724389.1	TAC	Y	GAC	D	875
NC_045512.2	16090	T	A	3563	607	44	1	0	37	0.000280505	3565	0.937553	FALSE	ORF1ab:cds-YP_009724389.1	TAC	Y	AAC	N	875
NC_045512.2	16091	A	G	3591	610	45	1	0	25	0.000278396	3592	1	FALSE	ORF1ab:cds-YP_009724389.1	TAC	Y	TGC	C	875
NC_045512.2	16093	T	C	3587	610	44	1	0	37	0.000278707	3588	0.937587	FALSE	ORF1ab:cds-YP_009724389.1	TTA	L	CTA	L	876
NC_045512.2	16099	T	G	3739	628	44	1	1	37	0.00026738	3740	0.937584	FALSE	ORF1ab:cds-YP_009724389.1	TAC	Y	GAC	D	878
NC_045512.2	16103	T	A	3889	647	44	1	0	37	0.000257069	3890	0.93758	FALSE	ORF1ab:cds-YP_009724389.1	ATA	I	AAA	K	879
NC_045512.2	16108	A	T	3631	755	43	1	0	25	0.000275255	3633	1	FALSE	ORF1ab:cds-YP_009724389.1	AAG	K	TAG	*	881
NC_045512.2	16108	A	G	3631	755	43	1	0	37	0.000275255	3633	0.937552	FALSE	ORF1ab:cds-YP_009724389.1	AAG	K	GAG	E	881
NC_045512.2	16109	A	G	3601	740	44	2	1	31	0.000555093	3603	0.812674	FALSE	ORF1ab:cds-YP_009724389.1	AAG	K	AGG	R	881
NC_045512.2	16111	C	T	3659	748	43	1	0	37	0.000273149	3661	0.937551	FALSE	ORF1ab:cds-YP_009724389.1	CTA	L	TTA	L	882
NC_045512.2	16111	C	A	3659	748	43	1	0	37	0.000273149	3661	0.937551	FALSE	ORF1ab:cds-YP_009724389.1	CTA	L	ATA	I	882
NC_045512.2	16112	T	C	3662	745	43	1	0	37	0.000273	3663	0.937585	FALSE	ORF1ab:cds-YP_009724389.1	CTA	L	CCA	P	882
NC_045512.2	16113	A	G	3634	755	43	1	0	25	0.000275103	3635	1	FALSE	ORF1ab:cds-YP_009724389.1	CTA	L	CTG	L	882
NC_045512.2	16115	A	G	3442	1079	43	2	2	37	0.00058072	3444	0.812682	FALSE	ORF1ab:cds-YP_009724389.1	CAT	H	CGT	R	883
NC_045512.2	16116	T	G	3404	1100	43	1	1	37	0.000293686	3405	0.937592	FALSE	ORF1ab:cds-YP_009724389.1	CAT	H	CAG	Q	883
NC_045512.2	16117	G	C	3448	1122	43	1	0	37	0.000289939	3449	0.937591	FALSE	ORF1ab:cds-YP_009724389.1	GAT	D	CAT	H	884
NC_045512.2	16119	T	G	3446	1191	44	1	1	37	0.000289939	3449	0.937518	FALSE	ORF1ab:cds-YP_009724389.1	GAT	D	GAG	E	884
NC_045512.2	16119	T	A	3446	1191	44	2	1	37	0.000579878	3449	0.812591	FALSE	ORF1ab:cds-YP_009724389.1	GAT	D	GAA	E	884
NC_045512.2	16121	A	G	3496	1259	44	1	1	37	0.000285959	3497	0.937589	FALSE	ORF1ab:cds-YP_009724389.1	GAG	E	GGG	G	885
NC_045512.2	16123	T	A	3518	1258	43	1	0	37	0.000284172	3519	0.937589	FALSE	ORF1ab:cds-YP_009724389.1	TTA	L	ATA	I	886
NC_045512.2	16124	T	A	3533	1263	43	1	0	37	0.000282965	3534	0.937588	FALSE	ORF1ab:cds-YP_009724389.1	TTA	L	TAA	*	886
NC_045512.2	16127	C	G	3513	1304	44	1	0	37	0.000284576	3514	0.937589	FALSE	ORF1ab:cds-YP_009724389.1	ACA	T	AGA	R	887
NC_045512.2	16128	A	G	3463	1322	43	4	2	40	0.0011534	3468	0.0624459	FALSE	ORF1ab:cds-YP_009724389.1	ACA	T	ACG	T	887
NC_045512.2	16128	A	C	3463	1322	43	1	0	37	0.000288351	3468	0.937446	FALSE	ORF1ab:cds-YP_009724389.1	ACA	T	ACC	T	887
NC_045512.2	16129	G	T	3532	1383	43	2	0	37	0.000565931	3534	0.812677	FALSE	ORF1ab:cds-YP_009724389.1	GGA	G	TGA	*	888
NC_045512.2	16133	A	+G	3523	1398	43	1	0	20	0.000283849	3523	1	FALSE	NA	NA	NA	NA	NA	NA
NC_045512.2	16134	C	T	3630	1457	43	1	0	74	0.000275406	3631	0.500069	FALSE	ORF1ab:cds-YP_009724389.1	CAC	H	CAT	H	889
NC_045512.2	16140	A	G	3772	1816	44	1	1	37	0.000265041	3773	0.937583	FALSE	ORF1ab:cds-YP_009724389.1	TTA	L	TTG	L	891
NC_045512.2	16141	G	T	3802	1820	44	1	1	37	0.000262881	3804	0.937549	FALSE	ORF1ab:cds-YP_009724389.1	GAC	D	TAC	Y	892
NC_045512.2	16141	G	A	3802	1820	44	1	0	37	0.000262881	3804	0.937549	FALSE	ORF1ab:cds-YP_009724389.1	GAC	D	AAC	N	892
NC_045512.2	16143	C	T	3867	1792	44	1	0	37	0.000258532	3868	0.937581	FALSE	ORF1ab:cds-YP_009724389.1	GAC	D	GAT	D	892
NC_045512.2	16144	A	C	3867	1796	44	2	0	37	0.000516929	3869	0.812662	FALSE	ORF1ab:cds-YP_009724389.1	ATG	M	CTG	L	893
NC_045512.2	16145	T	C	3835	1782	44	2	2	49	0.000521241	3837	0.250033	FALSE	ORF1ab:cds-YP_009724389.1	ATG	M	ACG	T	893
NC_045512.2	16146	G	A	3994	1878	44	1	1	37	0.000250313	3995	0.937578	FALSE	ORF1ab:cds-YP_009724389.1	ATG	M	ATA	I	893
NC_045512.2	16147	T	A	3975	1907	44	1	0	37	0.000251509	3976	0.937579	FALSE	ORF1ab:cds-YP_009724389.1	TAT	Y	AAT	N	894
NC_045512.2	16148	A	G	4061	1956	44	1	0	37	0.000246184	4062	0.968808	FALSE	ORF1ab:cds-YP_009724389.1	TAT	Y	TGT	C	894
NC_045512.2	16149	T	G	4068	1982	44	1	0	25	0.0002457	4070	1	FALSE	ORF1ab:cds-YP_009724389.1	TAT	Y	TAG	*	894
NC_045512.2	16149	T	C	4068	1982	44	1	0	37	0.0002457	4070	0.968788	FALSE	ORF1ab:cds-YP_009724389.1	TAT	Y	TAC	Y	894
NC_045512.2	16150	T	A	4063	1972	44	1	1	22	0.000246063	4064	1	FALSE	ORF1ab:cds-YP_009724389.1	TCT	S	ACT	T	895
NC_045512.2	16151	C	A	4285	1939	43	1	0	25	0.000233318	4286	1	FALSE	ORF1ab:cds-YP_009724389.1	TCT	S	TAT	Y	895
NC_045512.2	16152	T	C	4238	1906	44	2	2	49	0.000471698	4240	0.250029	FALSE	ORF1ab:cds-YP_009724389.1	TCT	S	TCC	S	895
NC_045512.2	16153	G	A	4288	1951	44	1	1	74	0.000233155	4289	0.500058	FALSE	ORF1ab:cds-YP_009724389.1	GTT	V	ATT	I	896
NC_045512.2	16154	T	G	4199	1949	43	1	0	25	0.000238095	4200	1	FALSE	ORF1ab:cds-YP_009724389.1	GTT	V	GGT	G	896
NC_045512.2	16158	G	T	4166	1939	44	1	1	22	0.000239923	4168	1	FALSE	ORF1ab:cds-YP_009724389.1	ATG	M	ATT	I	897
NC_045512.2	16158	G	A	4166	1939	44	1	0	37	0.000239923	4168	0.968787	FALSE	ORF1ab:cds-YP_009724389.1	ATG	M	ATA	I	897
NC_045512.2	16159	C	T	4145	1932	43	2	1	55	0.00048216	4148	0.24997	FALSE	ORF1ab:cds-YP_009724389.1	CTT	L	TTT	F	898
NC_045512.2	16159	C	G	4145	1932	43	1	0	25	0.00024108	4148	1	FALSE	ORF1ab:cds-YP_009724389.1	CTT	L	GTT	V	898
NC_045512.2	16160	T	C	3971	1798	44	4	0	37	0.00100604	3976	0.5	FALSE	ORF1ab:cds-YP_009724389.1	CTT	L	CCT	P	898
NC_045512.2	16160	T	A	3971	1798	44	1	1	22	0.000251509	3976	1	FALSE	ORF1ab:cds-YP_009724389.1	CTT	L	CAT	H	898
NC_045512.2	16161	T	A	3815	1919	42	1	0	29	0.000262055	3816	1	FALSE	ORF1ab:cds-YP_009724389.1	CTT	L	CTA	L	898
NC_045512.2	16163	C	T	3810	1884	42	1	0	74	0.000262398	3811	0.500066	FALSE	ORF1ab:cds-YP_009724389.1	ACT	T	ATT	I	899
NC_045512.2	16165	A	G	3829	1885	42	1	0	37	0.000261097	3830	0.937582	FALSE	ORF1ab:cds-YP_009724389.1	AAT	N	GAT	D	900
NC_045512.2	16168	G	A	3782	1960	40	1	1	37	0.00026434	3783	0.937583	FALSE	ORF1ab:cds-YP_009724389.1	GAT	D	AAT	N	901
NC_045512.2	16170	T	C	3784	1968	40	1	1	37	0.000264201	3785	0.937583	FALSE	ORF1ab:cds-YP_009724389.1	GAT	D	GAC	D	901
NC_045512.2	16173	C	T	3781	2031	40	1	0	37	0.00026441	3782	0.937583	FALSE	ORF1ab:cds-YP_009724389.1	AAC	N	AAT	N	902
NC_045512.2	16174	A	+G	3685	1928	39	1	0	20	0.00027137	3685	1	FALSE	NA	NA	NA	NA	NA	NA
NC_045512.2	16175	C	T	3870	1992	40	2	2	37	0.000516529	3872	0.812661	FALSE	ORF1ab:cds-YP_009724389.1	ACT	T	ATT	I	903
NC_045512.2	16176	T	C	3782	1910	39	2	1	37	0.000528541	3784	0.812665	FALSE	ORF1ab:cds-YP_009724389.1	ACT	T	ACC	T	903
NC_045512.2	16180	A	T	3768	1906	39	1	1	37	0.000265182	3771	0.937517	FALSE	ORF1ab:cds-YP_009724389.1	AGG	R	TGG	W	905
NC_045512.2	16180	A	G	3768	1906	39	2	1	37	0.000530363	3771	0.812583	FALSE	ORF1ab:cds-YP_009724389.1	AGG	R	GGG	G	905
NC_045512.2	16182	G	A	3971	2001	40	1	0	37	0.000251762	3972	0.937579	FALSE	ORF1ab:cds-YP_009724389.1	AGG	R	AGA	R	905
NC_045512.2	16184	A	C	3771	1901	39	4	0	37	0.0010596	3775	0.500145	FALSE	ORF1ab:cds-YP_009724389.1	TAT	Y	TCT	S	906
NC_045512.2	16189	G	A	3951	2106	40	1	1	25	0.000253036	3952	1	FALSE	ORF1ab:cds-YP_009724389.1	GAA	E	AAA	K	908
NC_045512.2	16190	A	G	3933	2083	40	1	0	37	0.000254194	3934	0.937579	FALSE	ORF1ab:cds-YP_009724389.1	GAA	E	GGA	G	908
NC_045512.2	16191	A	C	3728	1996	40	1	0	37	0.000268168	3729	0.937584	FALSE	ORF1ab:cds-YP_009724389.1	GAA	E	GAC	D	908
NC_045512.2	16193	C	A	3820	1980	40	2	2	55	0.000523286	3822	0.250033	FALSE	ORF1ab:cds-YP_009724389.1	CCT	P	CAT	H	909
NC_045512.2	16194	T	C	3832	2009	40	1	1	37	0.000260892	3833	0.937582	FALSE	ORF1ab:cds-YP_009724389.1	CCT	P	CCC	P	909
NC_045512.2	16195	G	A	3868	2010	40	3	1	37	0.000774994	3871	0.656432	FALSE	ORF1ab:cds-YP_009724389.1	GAG	E	AAG	K	910
NC_045512.2	16196	A	T	3859	2011	40	1	1	25	0.000259067	3860	1	FALSE	ORF1ab:cds-YP_009724389.1	GAG	E	GTG	V	910
NC_045512.2	16199	T	G	3806	2072	40	1	0	37	0.000262605	3808	0.937549	FALSE	ORF1ab:cds-YP_009724389.1	TTT	F	TGT	C	911
NC_045512.2	16199	T	C	3806	2072	40	1	0	37	0.000262605	3808	0.937549	FALSE	ORF1ab:cds-YP_009724389.1	TTT	F	TCT	S	911
NC_045512.2	16200	T	C	3844	2090	40	1	0	37	0.000260078	3845	0.937581	FALSE	ORF1ab:cds-YP_009724389.1	TTT	F	TTC	F	911
NC_045512.2	16201	T	C	3789	2097	40	1	1	25	0.000263852	3790	1	FALSE	ORF1ab:cds-YP_009724389.1	TAT	Y	CAT	H	912
NC_045512.2	16203	T	C	3810	2137	40	1	0	37	0.000262398	3811	0.937582	FALSE	ORF1ab:cds-YP_009724389.1	TAT	Y	TAC	Y	912
NC_045512.2	16204	G	C	3811	2192	40	2	2	37	0.000524521	3813	0.812664	FALSE	ORF1ab:cds-YP_009724389.1	GAG	E	CAG	Q	913
NC_045512.2	16205	A	T	3776	2151	40	2	2	37	0.000528961	3781	0.812417	FALSE	ORF1ab:cds-YP_009724389.1	GAG	E	GTG	V	913
NC_045512.2	16205	A	G	3776	2151	40	3	2	37	0.000793441	3781	0.656188	FALSE	ORF1ab:cds-YP_009724389.1	GAG	E	GGG	G	913
NC_045512.2	16207	G	A	4054	2153	40	3	3	49	0.000739463	4057	0.125	FALSE	ORF1ab:cds-YP_009724389.1	GCT	A	ACT	T	914
NC_045512.2	16208	C	T	4069	2136	40	1	1	37	0.00024558	4072	0.968769	FALSE	ORF1ab:cds-YP_009724389.1	GCT	A	GTT	V	914
NC_045512.2	16208	C	A	4069	2136	40	2	2	37	0.000491159	4072	0.890711	FALSE	ORF1ab:cds-YP_009724389.1	GCT	A	GAT	D	914
NC_045512.2	16210	A	G	4238	2182	40	1	1	37	0.000235905	4239	0.968805	FALSE	ORF1ab:cds-YP_009724389.1	ATG	M	GTG	V	915
NC_045512.2	16211	T	A	4273	2219	39	2	0	37	0.000467836	4275	0.890762	FALSE	ORF1ab:cds-YP_009724389.1	ATG	M	AAG	K	915
NC_045512.2	16212	G	A	4319	2247	40	1	1	37	0.000231481	4320	0.968804	FALSE	ORF1ab:cds-YP_009724389.1	ATG	M	ATA	I	915
NC_045512.2	16213	T	A	4359	2291	40	1	0	37	0.000229358	4360	0.968804	FALSE	ORF1ab:cds-YP_009724389.1	TAC	Y	AAC	N	916
NC_045512.2	16214	A	T	4434	2411	41	1	1	25	0.000225479	4435	1	FALSE	ORF1ab:cds-YP_009724389.1	TAC	Y	TTC	F	916
NC_045512.2	16215	C	T	4406	2416	41	1	0	37	0.000226912	4407	0.968803	FALSE	ORF1ab:cds-YP_009724389.1	TAC	Y	TAT	Y	916
NC_045512.2	16216	A	C	4137	2145	41	2	0	37	0.000483209	4139	0.890767	FALSE	ORF1ab:cds-YP_009724389.1	ACA	T	CCA	P	917
NC_045512.2	16221	G	A	3992	1948	41	4	3	37	0.001001	3996	0.500137	FALSE	ORF1ab:cds-YP_009724389.1	CCG	P	CCA	P	918
NC_045512.2	16223	A	T	4016	1968	41	1	1	37	0.000248942	4017	0.968808	FALSE	ORF1ab:cds-YP_009724389.1	CAT	H	CTT	L	919
NC_045512.2	16224	T	C	4026	1990	41	3	1	37	0.000744602	4029	0.773641	FALSE	ORF1ab:cds-YP_009724389.1	CAT	H	CAC	H	919
NC_045512.2	16225	A	T	4032	2001	41	1	1	37	0.000247893	4034	0.968789	FALSE	ORF1ab:cds-YP_009724389.1	ACA	T	TCA	S	920
NC_045512.2	16225	A	G	4032	2001	41	1	1	37	0.000247893	4034	0.968789	FALSE	ORF1ab:cds-YP_009724389.1	ACA	T	GCA	A	920
NC_045512.2	16226	C	T	4116	2001	41	1	1	37	0.000242836	4118	0.968788	FALSE	ORF1ab:cds-YP_009724389.1	ACA	T	ATA	I	920
NC_045512.2	16226	C	A	4116	2001	41	1	0	37	0.000242836	4118	0.968788	FALSE	ORF1ab:cds-YP_009724389.1	ACA	T	AAA	K	920
NC_045512.2	16227	A	G	4074	1966	41	1	0	37	0.000245399	4075	0.968808	FALSE	ORF1ab:cds-YP_009724389.1	ACA	T	ACG	T	920
NC_045512.2	16228	G	C	4306	1989	41	1	1	37	0.000232126	4308	0.968786	FALSE	ORF1ab:cds-YP_009724389.1	GTC	V	CTC	L	921
NC_045512.2	16228	G	A	4306	1989	41	1	1	37	0.000232126	4308	0.968786	FALSE	ORF1ab:cds-YP_009724389.1	GTC	V	ATC	I	921
NC_045512.2	16229	T	C	4263	1940	41	2	0	37	0.000468933	4265	0.890762	FALSE	ORF1ab:cds-YP_009724389.1	GTC	V	GCC	A	921
NC_045512.2	16231	T	G	4233	1879	40	1	1	37	0.000236072	4236	0.968768	FALSE	ORF1ab:cds-YP_009724389.1	TTA	L	GTA	V	922
NC_045512.2	16231	T	A	4233	1879	40	2	0	31	0.000472144	4236	0.890708	FALSE	ORF1ab:cds-YP_009724389.1	TTA	L	ATA	I	922
NC_045512.2	16233	A	T	4344	2046	41	1	1	37	0.00023015	4345	0.968804	FALSE	ORF1ab:cds-YP_009724389.1	TTA	L	TTT	F	922
NC_045512.2	16234	C	G	4345	2061	41	1	0	25	0.000230044	4347	1	FALSE	ORF1ab:cds-YP_009724389.1	CAG	Q	GAG	E	923
NC_045512.2	16234	C	A	4345	2061	41	1	1	37	0.000230044	4347	0.968786	FALSE	ORF1ab:cds-YP_009724389.1	CAG	Q	AAG	K	923
NC_045512.2	16235	A	G	4194	1981	41	3	2	37	0.000714796	4197	0.773633	FALSE	ORF1ab:cds-YP_009724389.1	CAG	Q	CGG	R	923
NC_045512.2	16236	G	C	4210	1988	41	1	1	37	0.000237473	4211	0.968806	FALSE	ORF1ab:cds-YP_009724389.1	CAG	Q	CAC	H	923
NC_045512.2	16237	G	T	3860	1724	41	2	0	37	0.000517598	3864	0.8125	FALSE	ORF1ab:cds-YP_009724389.1	GCT	A	TCT	S	924
NC_045512.2	16237	G	A	3860	1724	41	2	2	55	0.000517598	3864	0.249903	FALSE	ORF1ab:cds-YP_009724389.1	GCT	A	ACT	T	924
NC_045512.2	16238	C	T	3922	1716	41	1	1	74	0.000254907	3923	0.500064	FALSE	ORF1ab:cds-YP_009724389.1	GCT	A	GTT	V	924
NC_045512.2	16239	T	C	3722	1632	41	1	0	37	0.000268601	3723	0.937584	FALSE	ORF1ab:cds-YP_009724389.1	GCT	A	GCC	A	924
NC_045512.2	16244	G	A	3997	1888	42	1	0	37	0.000250125	3998	0.937578	FALSE	ORF1ab:cds-YP_009724389.1	GGG	G	GAG	E	926
NC_045512.2	16246	G	A	4015	1888	42	2	2	55	0.000497884	4017	0.250031	FALSE	ORF1ab:cds-YP_009724389.1	GCT	A	ACT	T	927
NC_045512.2	16247	C	T	3748	1679	41	3	2	37	0.000799574	3752	0.656313	FALSE	ORF1ab:cds-YP_009724389.1	GCT	A	GTT	V	927
NC_045512.2	16247	C	G	3748	1679	41	1	1	74	0.000266525	3752	0.499867	FALSE	ORF1ab:cds-YP_009724389.1	GCT	A	GGT	G	927
NC_045512.2	16248	T	C	3816	1800	41	3	0	37	0.000785546	3819	0.656434	FALSE	ORF1ab:cds-YP_009724389.1	GCT	A	GCC	A	927
NC_045512.2	16249	T	C	3755	1761	41	1	0	37	0.000266241	3756	0.937583	FALSE	ORF1ab:cds-YP_009724389.1	TGT	C	CGT	R	928
NC_045512.2	16250	G	A	3787	1764	42	5	2	51	0.00131857	3792	0.0312294	FALSE	ORF1ab:cds-YP_009724389.1	TGT	C	TAT	Y	928
NC_045512.2	16252	G	T	3650	1803	41	12	5	46	0.0032769	3662	0.000242344	TRUE	ORF1ab:cds-YP_009724389.1	GTT	V	TTT	F	929
NC_045512.2	16256	T	C	3544	1723	41	1	1	37	0.000282087	3545	0.937588	FALSE	ORF1ab:cds-YP_009724389.1	CTT	L	CCT	P	930
NC_045512.2	16257	T	A	3543	1733	41	1	0	37	0.000282167	3544	0.937588	FALSE	ORF1ab:cds-YP_009724389.1	CTT	L	CTA	L	930
NC_045512.2	16258	T	C	3572	1774	41	1	1	37	0.000279877	3573	0.937587	FALSE	ORF1ab:cds-YP_009724389.1	TGC	C	CGC	R	931
NC_045512.2	16259	G	T	3558	1764	41	1	1	20	0.000280269	3568	1	FALSE	ORF1ab:cds-YP_009724389.1	TGC	C	TTC	F	931
NC_045512.2	16259	G	A	3558	1764	41	9	7	56	0.00252242	3568	0.00194328	TRUE	ORF1ab:cds-YP_009724389.1	TGC	C	TAC	Y	931
NC_045512.2	16260	C	T	3562	1773	41	6	3	43	0.00168161	3568	0.0156053	FALSE	ORF1ab:cds-YP_009724389.1	TGC	C	TGT	C	931
NC_045512.2	16263	T	G	3669	1947	42	2	2	37	0.000544811	3671	0.81267	FALSE	ORF1ab:cds-YP_009724389.1	AAT	N	AAG	K	932
NC_045512.2	16265	C	A	3705	1971	43	1	1	37	0.000269833	3706	0.937584	FALSE	ORF1ab:cds-YP_009724389.1	TCA	S	TAA	*	933
NC_045512.2	16267	C	T	3712	2026	43	1	1	37	0.000269324	3713	0.937584	FALSE	ORF1ab:cds-YP_009724389.1	CAG	Q	TAG	*	934
NC_045512.2	16268	A	G	3621	2017	42	2	1	49	0.000552029	3623	0.250035	FALSE	ORF1ab:cds-YP_009724389.1	CAG	Q	CGG	R	934
NC_045512.2	16269	G	A	3644	2051	42	1	1	37	0.000274348	3645	0.937586	FALSE	ORF1ab:cds-YP_009724389.1	CAG	Q	CAA	Q	934
NC_045512.2	16269	G	-A	3644	2051	42	1	0	20	0.000274348	3645	1	FALSE	NA	NA	NA	NA	NA	NA
NC_045512.2	16270	A	-CTT	3645	2029	42	1	0	20	0.000274273	3646	1	FALSE	NA	NA	NA	NA	NA	NA
NC_045512.2	16272	T	C	3636	2035	42	1	1	37	0.000274876	3638	0.937517	FALSE	ORF1ab:cds-YP_009724389.1	ACT	T	ACC	T	935
NC_045512.2	16272	T	A	3636	2035	42	1	0	74	0.000274876	3638	0.499931	FALSE	ORF1ab:cds-YP_009724389.1	ACT	T	ACA	T	935
NC_045512.2	16273	T	C	3639	2008	42	1	1	37	0.000274725	3640	0.937552	FALSE	ORF1ab:cds-YP_009724389.1	TCA	S	CCA	P	936
NC_045512.2	16277	T	G	3817	2378	43	2	2	37	0.000523697	3819	0.812664	FALSE	ORF1ab:cds-YP_009724389.1	TTA	L	TGA	*	937
NC_045512.2	16279	A	T	3807	2362	43	2	2	37	0.000524934	3810	0.812582	FALSE	ORF1ab:cds-YP_009724389.1	AGA	R	TGA	*	938
NC_045512.2	16279	A	G	3807	2362	43	1	1	37	0.000262467	3810	0.937516	FALSE	ORF1ab:cds-YP_009724389.1	AGA	R	GGA	G	938
NC_045512.2	16281	A	G	3914	2498	44	1	1	37	0.000255428	3915	0.93758	FALSE	ORF1ab:cds-YP_009724389.1	AGA	R	AGG	R	938
NC_045512.2	16282	T	A	3850	2477	43	1	1	37	0.000259673	3851	0.937581	FALSE	ORF1ab:cds-YP_009724389.1	TGT	C	AGT	S	939
NC_045512.2	16286	G	T	3791	2487	44	1	1	37	0.000263644	3793	0.937549	FALSE	ORF1ab:cds-YP_009724389.1	GGT	G	GTT	V	940
NC_045512.2	16286	G	A	3791	2487	44	1	1	37	0.000263644	3793	0.937549	FALSE	ORF1ab:cds-YP_009724389.1	GGT	G	GAT	D	940
NC_045512.2	16287	T	A	3748	2441	44	1	1	37	0.000266738	3749	0.937583	FALSE	ORF1ab:cds-YP_009724389.1	GGT	G	GGA	G	940
NC_045512.2	16288	G	T	3761	2469	44	2	1	74	0.000531208	3765	0.2499	FALSE	ORF1ab:cds-YP_009724389.1	GCT	A	TCT	S	941
NC_045512.2	16288	G	A	3761	2469	44	2	0	55	0.000531208	3765	0.2499	FALSE	ORF1ab:cds-YP_009724389.1	GCT	A	ACT	T	941
NC_045512.2	16289	C	T	3593	2308	44	6	3	49	0.00166667	3600	0.0155924	FALSE	ORF1ab:cds-YP_009724389.1	GCT	A	GTT	V	941
NC_045512.2	16289	C	G	3593	2308	44	1	0	37	0.000277778	3600	0.937378	FALSE	ORF1ab:cds-YP_009724389.1	GCT	A	GGT	G	941
NC_045512.2	16291	T	G	3618	2341	44	1	0	37	0.000276243	3620	0.937552	FALSE	ORF1ab:cds-YP_009724389.1	TGC	C	GGC	G	942
NC_045512.2	16291	T	C	3618	2341	44	1	0	37	0.000276243	3620	0.937552	FALSE	ORF1ab:cds-YP_009724389.1	TGC	C	CGC	R	942
NC_045512.2	16293	C	T	3605	2349	44	5	3	37	0.00138504	3610	0.363357	FALSE	ORF1ab:cds-YP_009724389.1	TGC	C	TGT	C	942
NC_045512.2	16298	G	A	4114	3201	49	6	3	49	0.00145631	4120	0.0156079	FALSE	ORF1ab:cds-YP_009724389.1	CGT	R	CAT	H	944
NC_045512.2	16303	C	T	4044	3159	49	1	1	37	0.000247219	4045	0.968808	FALSE	ORF1ab:cds-YP_009724389.1	CCA	P	TCA	S	946
NC_045512.2	16306	T	C	3951	3094	48	3	2	45	0.000758725	3954	0.125	FALSE	ORF1ab:cds-YP_009724389.1	TTC	F	CTC	L	947
NC_045512.2	16307	T	C	3947	3108	48	1	1	37	0.000253293	3948	0.937579	FALSE	ORF1ab:cds-YP_009724389.1	TTC	F	TCC	S	947
NC_045512.2	16308	C	T	3907	3212	46	1	1	37	0.000255885	3908	0.93758	FALSE	ORF1ab:cds-YP_009724389.1	TTC	F	TTT	F	947
NC_045512.2	16309	T	C	3925	3236	46	3	1	33	0.000763553	3929	0.65631	FALSE	ORF1ab:cds-YP_009724389.1	TTA	L	CTA	L	948
NC_045512.2	16309	T	A	3925	3236	46	1	0	37	0.000254518	3929	0.937484	FALSE	ORF1ab:cds-YP_009724389.1	TTA	L	ATA	I	948
NC_045512.2	16311	A	G	3803	3181	45	1	1	37	0.000262881	3804	0.937582	FALSE	ORF1ab:cds-YP_009724389.1	TTA	L	TTG	L	948
NC_045512.2	16312	T	C	3798	3214	45	1	1	37	0.000263227	3799	0.937582	FALSE	ORF1ab:cds-YP_009724389.1	TGT	C	CGT	R	949
NC_045512.2	16314	T	C	3734	3157	45	1	1	37	0.000267738	3735	0.937584	FALSE	ORF1ab:cds-YP_009724389.1	TGT	C	TGC	C	949
NC_045512.2	16321	T	C	3522	2973	44	1	1	36	0.000283849	3523	0.937589	FALSE	ORF1ab:cds-YP_009724389.1	TGC	C	CGC	R	952
NC_045512.2	16322	G	A	3498	2976	44	2	2	55	0.000571429	3500	0.250036	FALSE	ORF1ab:cds-YP_009724389.1	TGC	C	TAC	Y	952
NC_045512.2	16323	C	T	3490	2971	43	3	3	37	0.000858861	3493	0.656451	FALSE	ORF1ab:cds-YP_009724389.1	TGC	C	TGT	C	952
NC_045512.2	16324	T	C	3475	2958	44	1	1	37	0.000287687	3476	0.93759	FALSE	ORF1ab:cds-YP_009724389.1	TGT	C	CGT	R	953
NC_045512.2	16329	C	T	3415	3061	40	2	2	37	0.000585138	3418	0.812591	FALSE	ORF1ab:cds-YP_009724389.1	TAC	Y	TAT	Y	954
NC_045512.2	16329	C	A	3415	3061	40	1	1	37	0.000292569	3418	0.937518	FALSE	ORF1ab:cds-YP_009724389.1	TAC	Y	TAA	*	954
NC_045512.2	16331	A	G	3410	3105	39	1	1	37	0.000293169	3411	0.937592	FALSE	ORF1ab:cds-YP_009724389.1	GAC	D	GGC	G	955
NC_045512.2	16332	C	T	3390	3085	39	1	1	37	0.000294898	3391	0.937592	FALSE	ORF1ab:cds-YP_009724389.1	GAC	D	GAT	D	955
NC_045512.2	16334	A	C	3135	2835	39	7	0	37	0.00222788	3142	0.17181	FALSE	ORF1ab:cds-YP_009724389.1	CAT	H	CCT	P	956
NC_045512.2	16338	C	T	3125	2833	39	1	0	74	0.000319898	3126	0.50008	FALSE	ORF1ab:cds-YP_009724389.1	GTC	V	GTT	V	957
NC_045512.2	16342	T	G	1	1	37	1	1	37	0.000327011	3058	0.00261395	TRUE	ORF1ab:cds-YP_009724389.1	TCA	S	GCA	A	959
NC_045512.2	16342	T	C	1	1	37	3056	2858	37	0.999346	3058	0	TRUE	ORF1ab:cds-YP_009724389.1	TCA	S	CCA	P	959
NC_045512.2	16344	A	G	2802	2603	38	1	1	37	0.000356761	2803	0.875134	FALSE	ORF1ab:cds-YP_009724389.1	TCA	S	TCG	S	959
NC_045512.2	16346	C	T	2774	2595	37	1	1	37	0.00036036	2775	0.875135	FALSE	ORF1ab:cds-YP_009724389.1	ACA	T	ATA	I	960
NC_045512.2	16353	T	C	2702	2552	37	4	4	37	0.0014782	2706	0.343837	FALSE	ORF1ab:cds-YP_009724389.1	CAT	H	CAC	H	962
NC_045512.2	16355	A	G	2644	2494	36	1	1	25	0.000378072	2645	1	FALSE	ORF1ab:cds-YP_009724389.1	AAA	K	AGA	R	963
NC_045512.2	16359	A	C	2531	2385	36	1	1	25	0.000394945	2532	1	FALSE	ORF1ab:cds-YP_009724389.1	TTA	L	TTC	F	964
NC_045512.2	16360	G	A	2583	2439	37	1	1	37	0.000386997	2584	0.875145	FALSE	ORF1ab:cds-YP_009724389.1	GTC	V	ATC	I	965
NC_045512.2	16363	T	G	2486	2348	36	1	1	25	0.000401929	2488	1	FALSE	ORF1ab:cds-YP_009724389.1	TTG	L	GTG	V	966
NC_045512.2	16363	T	C	2486	2348	36	1	1	25	0.000401929	2488	1	FALSE	ORF1ab:cds-YP_009724389.1	TTG	L	CTG	L	966
NC_045512.2	16364	T	C	2273	2135	37	2	0	37	0.000879121	2275	0.687747	FALSE	ORF1ab:cds-YP_009724389.1	TTG	L	TCG	S	966
NC_045512.2	16369	G	A	2188	2062	37	1	1	37	0.00045683	2189	0.875171	FALSE	ORF1ab:cds-YP_009724389.1	GTT	V	ATT	I	968
NC_045512.2	16370	T	C	2178	2057	37	1	1	25	0.000458926	2179	1	FALSE	ORF1ab:cds-YP_009724389.1	GTT	V	GCT	A	968
NC_045512.2	16373	A	G	2150	2037	36	1	1	37	0.000464684	2152	0.875087	FALSE	ORF1ab:cds-YP_009724389.1	AAT	N	AGT	S	969
NC_045512.2	16373	A	C	2150	2037	36	1	1	25	0.000464684	2152	1	FALSE	ORF1ab:cds-YP_009724389.1	AAT	N	ACT	T	969
NC_045512.2	16377	G	C	1750	1688	36	1	0	25	0.000569801	1755	0.999996	FALSE	ORF1ab:cds-YP_009724389.1	CCG	P	CCC	P	970
NC_045512.2	16377	G	A	1750	1688	36	4	4	37	0.0022792	1755	0.187322	FALSE	ORF1ab:cds-YP_009724389.1	CCG	P	CCA	P	970
NC_045512.2	16378	T	C	1683	1628	36	2	0	37	0.00118694	1685	0.500223	FALSE	ORF1ab:cds-YP_009724389.1	TAT	Y	CAT	H	971
NC_045512.2	16379	A	G	1655	1603	36	1	1	37	0.000603865	1656	0.750227	FALSE	ORF1ab:cds-YP_009724389.1	TAT	Y	TGT	C	971
NC_045512.2	16380	T	C	1670	1620	36	1	1	37	0.000598444	1671	0.750224	FALSE	ORF1ab:cds-YP_009724389.1	TAT	Y	TAC	Y	971
NC_045512.2	16382	T	C	1395	1377	36	1	1	37	0.000716332	1396	0.750269	FALSE	ORF1ab:cds-YP_009724389.1	GTT	V	GCT	A	972
NC_045512.2	16501	G	-T	28	10	40	1	0	20	0.0357143	28	0.517857	FALSE	NA	NA	NA	NA	NA	NA
NC_045512.2	16570	T	C	33	29	42	1	1	37	0.0294118	34	0.507463	FALSE	ORF1ab:cds-YP_009724389.1	TGT	C	CGT	R	1035
NC_045512.2	16652	A	C	241	4	37	1	1	37	0.00413223	242	0.501035	FALSE	ORF1ab:cds-YP_009724389.1	AAA	K	ACA	T	1062
NC_045512.2	16661	A	G	367	13	38	2	0	31	0.00542005	369	0.250339	FALSE	ORF1ab:cds-YP_009724389.1	GAG	E	GGG	G	1065
NC_045512.2	16668	A	G	600	19	38	1	0	37	0.00166389	601	0.500416	FALSE	ORF1ab:cds-YP_009724389.1	ACA	T	ACG	T	1067
NC_045512.2	16676	T	A	623	19	38	1	0	37	0.00160256	624	0.500401	FALSE	ORF1ab:cds-YP_009724389.1	CTG	L	CAG	Q	1070
NC_045512.2	16677	G	A	1013	19	38	2	0	37	0.00197044	1015	0.50037	FALSE	ORF1ab:cds-YP_009724389.1	CTG	L	CTA	L	1070
NC_045512.2	16680	T	A	1021	25	37	1	0	37	0.000978474	1022	0.750367	FALSE	ORF1ab:cds-YP_009724389.1	TCT	S	TCA	S	1071
NC_045512.2	16684	G	T	1041	27	38	1	0	37	0.000959693	1042	0.75036	FALSE	ORF1ab:cds-YP_009724389.1	GGT	G	TGT	C	1073
NC_045512.2	16685	G	T	1111	27	38	1	0	37	0.000898473	1113	0.750112	FALSE	ORF1ab:cds-YP_009724389.1	GGT	G	GTT	V	1073
NC_045512.2	16685	G	A	1111	27	38	1	0	37	0.000898473	1113	0.750112	FALSE	ORF1ab:cds-YP_009724389.1	GGT	G	GAT	D	1073
NC_045512.2	16700	G	A	1208	56	39	2	0	37	0.00165289	1210	0.50031	FALSE	ORF1ab:cds-YP_009724389.1	CGT	R	CAT	H	1078
NC_045512.2	16701	T	C	1221	59	39	2	1	55	0.00163532	1223	0.250102	FALSE	ORF1ab:cds-YP_009724389.1	CGT	R	CGC	R	1078
NC_045512.2	16707	G	A	1250	74	40	2	0	37	0.00159744	1252	0.5003	FALSE	ORF1ab:cds-YP_009724389.1	GTG	V	GTA	V	1080
NC_045512.2	16708	C	T	1253	75	40	1	0	37	0.000797448	1254	0.750299	FALSE	ORF1ab:cds-YP_009724389.1	CTG	L	TTG	L	1081
NC_045512.2	16717	A	G	1298	88	41	2	1	37	0.00153846	1300	0.500289	FALSE	ORF1ab:cds-YP_009724389.1	AGA	R	GGA	G	1084
NC_045512.2	16722	A	G	1407	99	40	1	0	37	0.000710227	1408	0.750266	FALSE	ORF1ab:cds-YP_009724389.1	GAA	E	GAG	E	1085
NC_045512.2	16726	C	G	1425	109	42	1	1	74	0.000701262	1426	0.500175	FALSE	ORF1ab:cds-YP_009724389.1	CAT	H	GAT	D	1087
NC_045512.2	16732	T	C	1431	128	42	1	0	37	0.000698324	1432	0.750262	FALSE	ORF1ab:cds-YP_009724389.1	TCA	S	CCA	P	1089
NC_045512.2	16737	G	T	1434	170	44	2	0	37	0.00139276	1436	0.500261	FALSE	ORF1ab:cds-YP_009724389.1	TGG	W	TGT	C	1090
NC_045512.2	16739	A	G	1444	171	44	1	0	25	0.000692042	1445	0.999971	FALSE	ORF1ab:cds-YP_009724389.1	GAA	E	GGA	G	1091
NC_045512.2	16743	T	C	1432	197	45	1	0	37	0.000697837	1433	0.750262	FALSE	ORF1ab:cds-YP_009724389.1	GTT	V	GTC	V	1092
NC_045512.2	16744	G	A	1478	196	44	1	0	74	0.000676133	1479	0.500169	FALSE	ORF1ab:cds-YP_009724389.1	GGT	G	AGT	S	1093
NC_045512.2	16751	C	A	1562	226	43	1	0	37	0.000639795	1563	0.75024	FALSE	ORF1ab:cds-YP_009724389.1	CCT	P	CAT	H	1095
NC_045512.2	16752	T	C	1566	230	43	1	0	37	0.000638162	1567	0.750239	FALSE	ORF1ab:cds-YP_009724389.1	CCT	P	CCC	P	1095
NC_045512.2	16755	A	G	1553	254	43	1	0	74	0.000643501	1554	0.500161	FALSE	ORF1ab:cds-YP_009724389.1	AGA	R	AGG	R	1096
NC_045512.2	16756	C	T	1520	279	43	1	0	22	0.000657462	1521	0.999985	FALSE	ORF1ab:cds-YP_009724389.1	CCA	P	TCA	S	1097
NC_045512.2	16777	G	T	1386	428	43	1	0	37	0.000720981	1387	0.75027	FALSE	ORF1ab:cds-YP_009724389.1	GTC	V	TTC	F	1104
NC_045512.2	16779	C	T	1195	479	40	1	0	37	0.00083612	1196	0.750314	FALSE	ORF1ab:cds-YP_009724389.1	GTC	V	GTT	V	1104
NC_045512.2	16784	C	T	1248	559	41	2	2	31	0.0016	1250	0.5003	FALSE	ORF1ab:cds-YP_009724389.1	ACT	T	ATT	I	1106
NC_045512.2	16788	T	G	1233	556	40	1	0	25	0.000810373	1234	0.999882	FALSE	ORF1ab:cds-YP_009724389.1	GGT	G	GGG	G	1107
NC_045512.2	16792	C	T	1049	485	40	179	85	40	0.145765	1228	1.28088e-57	TRUE	ORF1ab:cds-YP_009724389.1	CGT	R	TGT	C	1109
NC_045512.2	16793	G	A	1230	570	40	1	1	37	0.000812348	1231	0.750305	FALSE	ORF1ab:cds-YP_009724389.1	CGT	R	CAT	H	1109
NC_045512.2	16794	T	C	1218	564	40	1	0	37	0.000820345	1219	0.750308	FALSE	ORF1ab:cds-YP_009724389.1	CGT	R	CGC	R	1109
NC_045512.2	16795	G	A	1218	560	40	1	0	37	0.000820345	1219	0.750308	FALSE	ORF1ab:cds-YP_009724389.1	GTA	V	ATA	I	1110
NC_045512.2	16800	T	A	1270	612	40	1	0	37	0.000786782	1271	0.750295	FALSE	ORF1ab:cds-YP_009724389.1	ACT	T	ACA	T	1111
NC_045512.2	16806	C	T	1278	629	40	1	0	37	0.000781861	1279	0.750293	FALSE	ORF1ab:cds-YP_009724389.1	AAC	N	AAT	N	1113
NC_045512.2	16816	C	A	1294	632	40	1	0	37	0.000772201	1295	0.75029	FALSE	ORF1ab:cds-YP_009724389.1	CAA	Q	AAA	K	1117
NC_045512.2	16830	C	T	1386	650	40	2	1	55	0.00144092	1388	0.25009	FALSE	ORF1ab:cds-YP_009724389.1	TAC	Y	TAT	Y	1121
NC_045512.2	16831	A	+G	1382	647	40	1	0	20	0.000723589	1382	0.999942	FALSE	NA	NA	NA	NA	NA	NA
NC_045512.2	16832	C	T	1417	655	40	1	0	37	0.000705219	1418	0.750265	FALSE	ORF1ab:cds-YP_009724389.1	ACC	T	ATC	I	1122
NC_045512.2	16833	C	A	1401	649	40	2	1	74	0.00142552	1403	0.250089	FALSE	ORF1ab:cds-YP_009724389.1	ACC	T	ACA	T	1122
NC_045512.2	16834	T	A	1305	569	39	1	0	37	0.000765697	1306	0.750287	FALSE	ORF1ab:cds-YP_009724389.1	TTT	F	ATT	I	1123
NC_045512.2	16837	G	-A	1414	690	41	3	0	20	0.00212164	1414	0.998879	FALSE	NA	NA	NA	NA	NA	NA
NC_045512.2	16842	A	G	1372	675	40	1	0	37	0.000728332	1373	0.750273	FALSE	ORF1ab:cds-YP_009724389.1	AAA	K	AAG	K	1125
NC_045512.2	16854	T	C	1410	823	41	1	1	37	0.000708215	1412	0.750089	FALSE	ORF1ab:cds-YP_009724389.1	GGT	G	GGC	G	1129
NC_045512.2	16854	T	A	1410	823	41	1	1	37	0.000708215	1412	0.750089	FALSE	ORF1ab:cds-YP_009724389.1	GGT	G	GGA	G	1129
NC_045512.2	16858	G	A	1404	847	41	1	1	37	0.000711744	1405	0.750267	FALSE	ORF1ab:cds-YP_009724389.1	GCT	A	ACT	T	1131
NC_045512.2	16860	T	C	1421	881	41	1	1	37	0.000703235	1422	0.750264	FALSE	ORF1ab:cds-YP_009724389.1	GCT	A	GCC	A	1131
NC_045512.2	16868	A	T	1427	866	41	1	1	37	0.00070028	1428	0.750263	FALSE	ORF1ab:cds-YP_009724389.1	TAC	Y	TTC	F	1134
NC_045512.2	16876	A	G	1434	871	42	1	0	37	0.000696864	1435	0.750261	FALSE	ORF1ab:cds-YP_009724389.1	ACA	T	GCA	A	1137
NC_045512.2	16880	C	T	1428	889	41	1	1	37	0.00069979	1429	0.750263	FALSE	ORF1ab:cds-YP_009724389.1	ACA	T	ATA	I	1138
NC_045512.2	16881	A	T	1462	957	43	1	1	25	0.000683527	1463	0.999971	FALSE	ORF1ab:cds-YP_009724389.1	ACA	T	ACT	T	1138
NC_045512.2	16884	T	C	1412	912	43	1	1	29	0.000707714	1413	0.999971	FALSE	ORF1ab:cds-YP_009724389.1	ACT	T	ACC	T	1139
NC_045512.2	16885	T	C	1418	919	43	2	2	37	0.00140845	1420	0.500264	FALSE	ORF1ab:cds-YP_009724389.1	TAC	Y	CAC	H	1140
NC_045512.2	16886	A	G	1422	924	43	1	1	37	0.000702741	1423	0.750264	FALSE	ORF1ab:cds-YP_009724389.1	TAC	Y	TGC	C	1140
NC_045512.2	16899	T	C	1469	1095	44	1	1	37	0.000680272	1470	0.750255	FALSE	ORF1ab:cds-YP_009724389.1	GTT	V	GTC	V	1144
NC_045512.2	16900	G	A	1493	1120	45	1	1	37	0.000669344	1494	0.750251	FALSE	ORF1ab:cds-YP_009724389.1	GGT	G	AGT	S	1145
NC_045512.2	16907	A	-T	1532	1194	45	1	0	20	0.000652742	1532	0.999985	FALSE	NA	NA	NA	NA	NA	NA
NC_045512.2	16914	G	T	1589	1319	45	38	34	40	0.0232986	1631	2.82256e-12	TRUE	ORF1ab:cds-YP_009724389.1	GTG	V	GTT	V	1149
NC_045512.2	16914	G	C	1589	1319	45	1	1	37	0.000613121	1631	0.743828	FALSE	ORF1ab:cds-YP_009724389.1	GTG	V	GTC	V	1149
NC_045512.2	16914	G	A	1589	1319	45	3	2	45	0.00183936	1631	0.120514	FALSE	ORF1ab:cds-YP_009724389.1	GTG	V	GTA	V	1149
NC_045512.2	16915	C	T	1631	1357	45	1	1	74	0.000612745	1632	0.500153	FALSE	ORF1ab:cds-YP_009724389.1	CTG	L	TTG	L	1150
NC_045512.2	16918	A	G	1630	1382	45	1	0	74	0.000613121	1631	0.500153	FALSE	ORF1ab:cds-YP_009724389.1	ACA	T	GCA	A	1151
NC_045512.2	16920	A	G	1638	1397	45	1	0	48	0.000610128	1639	0.500153	FALSE	ORF1ab:cds-YP_009724389.1	ACA	T	ACG	T	1151
NC_045512.2	16920	A	+G	1638	1397	45	1	0	20	0.000610128	1639	0.999993	FALSE	NA	NA	NA	NA	NA	NA
NC_045512.2	16921	T	G	1626	1387	45	1	1	37	0.000614251	1628	0.750077	FALSE	ORF1ab:cds-YP_009724389.1	TCA	S	GCA	A	1152
NC_045512.2	16921	T	C	1626	1387	45	1	0	37	0.000614251	1628	0.750077	FALSE	ORF1ab:cds-YP_009724389.1	TCA	S	CCA	P	1152
NC_045512.2	16924	C	A	1619	1402	44	1	1	25	0.000617284	1620	0.999993	FALSE	ORF1ab:cds-YP_009724389.1	CAT	H	AAT	N	1153
NC_045512.2	16927	A	G	1600	1431	42	1	1	37	0.00062461	1601	0.750234	FALSE	ORF1ab:cds-YP_009724389.1	ACA	T	GCA	A	1154
NC_045512.2	16928	C	T	1588	1433	42	7	7	37	0.00438871	1595	0.0350532	FALSE	ORF1ab:cds-YP_009724389.1	ACA	T	ATA	I	1154
NC_045512.2	16935	G	A	1497	1364	41	1	1	37	0.000667557	1498	0.75025	FALSE	ORF1ab:cds-YP_009724389.1	ATG	M	ATA	I	1156
NC_045512.2	16936	C	T	1479	1347	41	2	2	37	0.00135044	1481	0.500253	FALSE	ORF1ab:cds-YP_009724389.1	CCA	P	TCA	S	1157
NC_045512.2	16939	T	C	1334	1207	42	1	1	37	0.000749064	1335	0.750281	FALSE	ORF1ab:cds-YP_009724389.1	TTA	L	CTA	L	1158
NC_045512.2	16945	G	A	1292	1169	42	1	1	37	0.000773395	1293	0.75029	FALSE	ORF1ab:cds-YP_009724389.1	GCA	A	ACA	T	1160
NC_045512.2	16946	C	T	1287	1164	42	2	2	37	0.00155159	1289	0.500291	FALSE	ORF1ab:cds-YP_009724389.1	GCA	A	GTA	V	1160
NC_045512.2	16947	A	G	1280	1162	41	1	1	37	0.00078064	1281	0.750293	FALSE	ORF1ab:cds-YP_009724389.1	GCA	A	GCG	A	1160
NC_045512.2	16950	T	G	1245	1142	40	1	1	37	0.000802568	1246	0.750301	FALSE	ORF1ab:cds-YP_009724389.1	CCT	P	CCG	P	1161
NC_045512.2	16955	T	C	1143	1052	40	1	0	37	0.000874126	1144	0.750328	FALSE	ORF1ab:cds-YP_009724389.1	CTA	L	CCA	P	1163
NC_045512.2	16959	G	A	1084	1001	40	1	1	37	0.000921659	1085	0.750346	FALSE	ORF1ab:cds-YP_009724389.1	GTG	V	GTA	V	1164
NC_045512.2	16972	T	C	930	874	39	1	1	37	0.00107411	931	0.500269	FALSE	ORF1ab:cds-YP_009724389.1	TAT	Y	CAT	H	1169
NC_045512.2	16978	A	G	891	864	38	1	1	37	0.00112108	892	0.50028	FALSE	ORF1ab:cds-YP_009724389.1	AGA	R	GGA	G	1171
NC_045512.2	16989	C	T	671	650	37	1	1	37	0.0014881	672	0.500372	FALSE	ORF1ab:cds-YP_009724389.1	GGC	G	GGT	G	1174
NC_045512.2	16994	A	G	683	669	37	1	1	37	0.00146199	684	0.500366	FALSE	ORF1ab:cds-YP_009724389.1	TAC	Y	TGC	C	1176
NC_045512.2	16997	C	T	476	465	37	2	2	37	0.0041841	478	0.250262	FALSE	ORF1ab:cds-YP_009724389.1	CCA	P	CTA	L	1177
NC_045512.2	17001	A	+G	625	62	36	1	0	20	0.0016	625	0.992404	FALSE	NA	NA	NA	NA	NA	NA
NC_045512.2	17003	T	G	663	72	36	2	2	37	0.00300752	665	0.250188	FALSE	ORF1ab:cds-YP_009724389.1	CTC	L	CGC	R	1179
NC_045512.2	17004	C	G	754	75	37	1	0	37	0.0013245	755	0.500331	FALSE	ORF1ab:cds-YP_009724389.1	CTC	L	CTG	L	1179
NC_045512.2	17026	A	G	860	120	38	1	0	37	0.00116144	861	0.500291	FALSE	ORF1ab:cds-YP_009724389.1	AGC	S	GGC	G	1187
NC_045512.2	17030	A	G	840	126	38	1	0	37	0.00118906	841	0.500297	FALSE	ORF1ab:cds-YP_009724389.1	AAT	N	AGT	S	1188
NC_045512.2	17040	T	C	900	194	40	1	0	37	0.00110988	901	0.500278	FALSE	ORF1ab:cds-YP_009724389.1	AAT	N	AAC	N	1191
NC_045512.2	17053	G	T	980	205	41	1	0	37	0.00101937	981	0.500255	FALSE	ORF1ab:cds-YP_009724389.1	GGT	G	TGT	C	1196
NC_045512.2	17058	G	A	1062	334	45	1	1	74	0.000940734	1063	0.500235	FALSE	ORF1ab:cds-YP_009724389.1	ATG	M	ATA	I	1197
NC_045512.2	17059	C	T	1098	388	47	1	1	74	0.000909918	1099	0.500228	FALSE	ORF1ab:cds-YP_009724389.1	CAA	Q	TAA	*	1198
NC_045512.2	17061	A	C	1092	398	46	1	0	25	0.000914913	1093	0.999526	FALSE	ORF1ab:cds-YP_009724389.1	CAA	Q	CAC	H	1198
NC_045512.2	17063	A	G	1108	395	47	1	1	37	0.000901713	1109	0.750338	FALSE	ORF1ab:cds-YP_009724389.1	AAG	K	AGG	R	1199
NC_045512.2	17064	G	A	1179	400	46	2	0	55	0.00169348	1181	0.250106	FALSE	ORF1ab:cds-YP_009724389.1	AAG	K	AAA	K	1199
NC_045512.2	17067	T	C	1233	408	46	1	0	36	0.000810373	1234	0.750304	FALSE	ORF1ab:cds-YP_009724389.1	TAT	Y	TAC	Y	1200
NC_045512.2	17068	T	C	1242	407	46	1	1	37	0.000804505	1243	0.750302	FALSE	ORF1ab:cds-YP_009724389.1	TCT	S	CCT	P	1201
NC_045512.2	17075	T	-C	1351	420	46	1	0	20	0.000740192	1351	0.999942	FALSE	NA	NA	NA	NA	NA	NA
NC_045512.2	17078	A	T	1368	418	45	1	0	74	0.00073046	1369	0.500183	FALSE	ORF1ab:cds-YP_009724389.1	CAG	Q	CTG	L	1204
NC_045512.2	17084	C	A	1349	411	45	1	0	37	0.000740741	1350	0.750278	FALSE	ORF1ab:cds-YP_009724389.1	CCA	P	CAA	Q	1206
NC_045512.2	17088	T	C	1303	547	43	1	0	37	0.000765697	1306	0.749904	FALSE	ORF1ab:cds-YP_009724389.1	CCT	P	CCC	P	1207
NC_045512.2	17088	T	A	1303	547	43	2	2	31	0.00153139	1306	0.5	FALSE	ORF1ab:cds-YP_009724389.1	CCT	P	CCA	P	1207
NC_045512.2	17094	T	C	1316	612	43	1	0	37	0.000759301	1317	0.750285	FALSE	ORF1ab:cds-YP_009724389.1	ACT	T	ACC	T	1209
NC_045512.2	17099	A	T	1316	639	42	1	0	37	0.000758725	1318	0.750095	FALSE	ORF1ab:cds-YP_009724389.1	AAG	K	ATG	M	1211
NC_045512.2	17099	A	C	1316	639	42	1	0	37	0.000758725	1318	0.750095	FALSE	ORF1ab:cds-YP_009724389.1	AAG	K	ACG	T	1211
NC_045512.2	17105	A	-T	1234	659	40	1	0	20	0.000810373	1234	0.999883	FALSE	NA	NA	NA	NA	NA	NA
NC_045512.2	17106	T	C	1220	659	40	1	1	37	0.000819001	1221	0.750102	FALSE	ORF1ab:cds-YP_009724389.1	CAT	H	CAC	H	1213
NC_045512.2	17110	G	A	1216	668	40	1	1	37	0.000821693	1217	0.750308	FALSE	ORF1ab:cds-YP_009724389.1	GCT	A	ACT	T	1215
NC_045512.2	17121	A	G	1254	689	39	1	1	74	0.000796813	1255	0.500199	FALSE	ORF1ab:cds-YP_009724389.1	CTA	L	CTG	L	1218
NC_045512.2	17122	G	A	1297	686	39	3	3	37	0.00230769	1300	0.312644	FALSE	ORF1ab:cds-YP_009724389.1	GCT	A	ACT	T	1219
NC_045512.2	17124	T	C	906	490	39	399	201	40	0.305747	1305	1.91785e-136	TRUE	ORF1ab:cds-YP_009724389.1	GCT	A	GCC	A	1219
NC_045512.2	17125	C	T	1328	675	39	1	0	37	0.000752445	1329	0.750282	FALSE	ORF1ab:cds-YP_009724389.1	CTC	L	TTC	F	1220
NC_045512.2	17126	T	G	1343	694	40	1	1	37	0.000744048	1344	0.750279	FALSE	ORF1ab:cds-YP_009724389.1	CTC	L	CGC	R	1220
NC_045512.2	17133	C	T	1429	691	40	1	0	37	0.000699301	1430	0.750262	FALSE	ORF1ab:cds-YP_009724389.1	TAC	Y	TAT	Y	1222
NC_045512.2	17136	T	C	1343	618	39	1	0	37	0.000744048	1344	0.750279	FALSE	ORF1ab:cds-YP_009724389.1	CCT	P	CCC	P	1223
NC_045512.2	17141	C	T	1428	713	41	1	1	37	0.00069979	1429	0.750263	FALSE	ORF1ab:cds-YP_009724389.1	GCT	A	GTT	V	1225
NC_045512.2	17144	G	A	1421	724	41	1	1	37	0.000703235	1422	0.750264	FALSE	ORF1ab:cds-YP_009724389.1	CGC	R	CAC	H	1226
NC_045512.2	17150	T	G	1615	747	40	1	1	37	0.000618812	1616	0.750232	FALSE	ORF1ab:cds-YP_009724389.1	GTG	V	GGG	G	1228
NC_045512.2	17154	T	C	1742	742	40	1	0	25	0.000573723	1743	0.999996	FALSE	ORF1ab:cds-YP_009724389.1	TAT	Y	TAC	Y	1229
NC_045512.2	17156	C	T	1761	768	41	2	1	31	0.00113443	1763	0.500213	FALSE	ORF1ab:cds-YP_009724389.1	ACA	T	ATA	I	1230
NC_045512.2	17158	G	C	1665	700	41	1	1	37	0.00060024	1666	0.750225	FALSE	ORF1ab:cds-YP_009724389.1	GCT	A	CCT	P	1231
NC_045512.2	17160	T	C	1517	580	42	2	1	55	0.00131666	1519	0.250082	FALSE	ORF1ab:cds-YP_009724389.1	GCT	A	GCC	A	1231
NC_045512.2	17163	C	T	1539	599	43	2	1	74	0.00129786	1541	0.250081	FALSE	ORF1ab:cds-YP_009724389.1	TGC	C	TGT	C	1232
NC_045512.2	17166	T	C	1484	607	42	2	0	37	0.00134499	1487	0.5	FALSE	ORF1ab:cds-YP_009724389.1	TCT	S	TCC	S	1233
NC_045512.2	17166	T	A	1484	607	42	1	1	37	0.000672495	1487	0.749916	FALSE	ORF1ab:cds-YP_009724389.1	TCT	S	TCA	S	1233
NC_045512.2	17170	G	A	1467	639	42	1	1	37	0.000681199	1468	0.750256	FALSE	ORF1ab:cds-YP_009724389.1	GCC	A	ACC	T	1235
NC_045512.2	17171	C	T	1466	635	42	2	0	55	0.0013624	1468	0.250085	FALSE	ORF1ab:cds-YP_009724389.1	GCC	A	GTC	V	1235
NC_045512.2	17173	G	A	1458	634	42	1	1	74	0.000685401	1459	0.500171	FALSE	ORF1ab:cds-YP_009724389.1	GCT	A	ACT	T	1236
NC_045512.2	17174	C	G	1463	639	41	2	0	37	0.00136519	1465	0.500256	FALSE	ORF1ab:cds-YP_009724389.1	GCT	A	GGT	G	1236
NC_045512.2	17182	G	A	1516	663	40	4	3	37	0.00263158	1520	0.1875	FALSE	ORF1ab:cds-YP_009724389.1	GCA	A	ACA	T	1239
NC_045512.2	17183	C	T	1515	665	41	1	0	37	0.000659196	1517	0.750082	FALSE	ORF1ab:cds-YP_009724389.1	GCA	A	GTA	V	1239
NC_045512.2	17183	C	G	1515	665	41	1	0	37	0.000659196	1517	0.750082	FALSE	ORF1ab:cds-YP_009724389.1	GCA	A	GGA	G	1239
NC_045512.2	17184	A	G	1510	664	40	1	1	37	0.000661813	1511	0.750248	FALSE	ORF1ab:cds-YP_009724389.1	GCA	A	GCG	A	1239
NC_045512.2	17186	T	C	1346	593	39	1	0	37	0.00074239	1347	0.750278	FALSE	ORF1ab:cds-YP_009724389.1	CTA	L	CCA	P	1240
NC_045512.2	17187	A	G	1354	585	39	1	1	37	0.000738007	1355	0.750277	FALSE	ORF1ab:cds-YP_009724389.1	CTA	L	CTG	L	1240
NC_045512.2	17191	G	T	1352	605	40	1	1	37	0.000739098	1353	0.750277	FALSE	ORF1ab:cds-YP_009724389.1	GAG	E	TAG	*	1242
NC_045512.2	17193	G	T	1343	596	40	1	1	37	0.000744048	1344	0.750279	FALSE	ORF1ab:cds-YP_009724389.1	GAG	E	GAT	D	1242
NC_045512.2	17197	G	A	1286	599	41	3	2	37	0.00232739	1289	0.312646	FALSE	ORF1ab:cds-YP_009724389.1	GCA	A	ACA	T	1244
NC_045512.2	17205	A	T	1326	661	41	1	0	37	0.00075358	1327	0.750283	FALSE	ORF1ab:cds-YP_009724389.1	AAA	K	AAT	N	1246
NC_045512.2	17212	C	T	1392	780	43	1	1	74	0.00071736	1394	0.5	FALSE	ORF1ab:cds-YP_009724389.1	CCT	P	TCT	S	1249
NC_045512.2	17212	C	G	1392	780	43	1	0	37	0.00071736	1394	0.75009	FALSE	ORF1ab:cds-YP_009724389.1	CCT	P	GCT	A	1249
NC_045512.2	17222	A	G	1458	851	43	1	1	37	0.000684932	1460	0.750086	FALSE	ORF1ab:cds-YP_009724389.1	AAA	K	AGA	R	1252
NC_045512.2	17222	A	C	1458	851	43	1	1	25	0.000684932	1460	0.999971	FALSE	ORF1ab:cds-YP_009724389.1	AAA	K	ACA	T	1252
NC_045512.2	17223	A	G	1454	886	42	1	1	37	0.000687285	1455	0.750258	FALSE	ORF1ab:cds-YP_009724389.1	AAA	K	AAG	K	1252
NC_045512.2	17224	T	C	1508	931	44	1	1	25	0.000662691	1509	0.999985	FALSE	ORF1ab:cds-YP_009724389.1	TGT	C	CGT	R	1253
NC_045512.2	17227	A	C	1464	916	43	1	0	37	0.000682594	1465	0.750256	FALSE	ORF1ab:cds-YP_009724389.1	AGT	S	CGT	R	1254
NC_045512.2	17231	G	T	1454	949	42	1	0	20	0.000687285	1455	0.999971	FALSE	ORF1ab:cds-YP_009724389.1	AGA	R	ATA	I	1255
NC_045512.2	17235	T	C	1530	1023	43	1	1	37	0.000653168	1531	0.750245	FALSE	ORF1ab:cds-YP_009724389.1	ATT	I	ATC	I	1256
NC_045512.2	17236	A	G	1526	1020	43	1	0	37	0.000654879	1527	0.750246	FALSE	ORF1ab:cds-YP_009724389.1	ATA	I	GTA	V	1257
NC_045512.2	17237	T	A	1508	1006	43	1	0	37	0.000662691	1509	0.750249	FALSE	ORF1ab:cds-YP_009724389.1	ATA	I	AAA	K	1257
NC_045512.2	17243	C	T	1426	931	44	1	1	37	0.000700771	1427	0.750263	FALSE	ORF1ab:cds-YP_009724389.1	GCA	A	GTA	V	1259
NC_045512.2	17245	C	T	1427	947	44	1	1	74	0.00070028	1428	0.500175	FALSE	ORF1ab:cds-YP_009724389.1	CGT	R	TGT	C	1260
NC_045512.2	17249	C	T	1492	1091	45	1	1	37	0.000669792	1493	0.750251	FALSE	ORF1ab:cds-YP_009724389.1	GCT	A	GTT	V	1261
NC_045512.2	17250	T	G	1551	1268	43	4	4	37	0.00257235	1555	0.1875	FALSE	ORF1ab:cds-YP_009724389.1	GCT	A	GCG	A	1261
NC_045512.2	17253	T	G	1549	1311	41	1	1	25	0.000645161	1550	0.999985	FALSE	ORF1ab:cds-YP_009724389.1	CGT	R	CGG	R	1262
NC_045512.2	17260	T	A	1382	1150	42	1	1	25	0.000723066	1383	0.999941	FALSE	ORF1ab:cds-YP_009724389.1	TGT	C	AGT	S	1265
NC_045512.2	17261	G	-T	1371	1138	42	1	0	20	0.000729395	1371	0.999942	FALSE	NA	NA	NA	NA	NA	NA
NC_045512.2	17268	T	A	1358	1129	42	1	1	37	0.000735835	1359	0.750276	FALSE	ORF1ab:cds-YP_009724389.1	GAT	D	GAA	E	1267
NC_045512.2	17269	A	G	1350	1120	42	1	1	37	0.000740192	1351	0.750278	FALSE	ORF1ab:cds-YP_009724389.1	AAA	K	GAA	E	1268
NC_045512.2	17272	T	C	1344	1117	42	1	1	25	0.000743494	1345	0.999941	FALSE	ORF1ab:cds-YP_009724389.1	TTC	F	CTC	L	1269
NC_045512.2	17274	C	A	1336	1110	42	1	1	37	0.000747943	1337	0.750281	FALSE	ORF1ab:cds-YP_009724389.1	TTC	F	TTA	L	1269
NC_045512.2	17281	A	G	1302	1148	39	1	0	48	0.00076746	1303	0.500192	FALSE	ORF1ab:cds-YP_009724389.1	AAT	N	GAT	D	1272
NC_045512.2	17287	A	G	1302	1148	39	1	0	37	0.00076746	1303	0.750288	FALSE	ORF1ab:cds-YP_009724389.1	ACA	T	GCA	A	1274
NC_045512.2	17289	A	G	1306	1139	39	1	1	37	0.000765111	1307	0.750287	FALSE	ORF1ab:cds-YP_009724389.1	ACA	T	ACG	T	1274
NC_045512.2	17291	T	G	1303	1134	39	1	1	25	0.000766871	1304	0.999941	FALSE	ORF1ab:cds-YP_009724389.1	TTA	L	TGA	*	1275
NC_045512.2	17294	A	G	1305	1137	39	1	1	37	0.000765697	1306	0.750287	FALSE	ORF1ab:cds-YP_009724389.1	GAA	E	GGA	G	1276
NC_045512.2	17306	T	A	1064	905	39	1	1	37	0.000938967	1065	0.750352	FALSE	ORF1ab:cds-YP_009724389.1	TTT	F	TAT	Y	1280
NC_045512.2	17321	C	T	818	673	39	1	1	37	0.001221	819	0.500305	FALSE	ORF1ab:cds-YP_009724389.1	GCA	A	GTA	V	1285
NC_045512.2	17323	T	C	754	614	39	1	0	37	0.0013245	755	0.500331	FALSE	ORF1ab:cds-YP_009724389.1	TTG	L	CTG	L	1286
NC_045512.2	17326	C	T	727	595	40	1	1	37	0.00137363	728	0.500344	FALSE	ORF1ab:cds-YP_009724389.1	CCT	P	TCT	S	1287
NC_045512.2	17377	A	G	115	58	42	1	0	37	0.00854701	117	0.5	FALSE	ORF1ab:cds-YP_009724389.1	AAT	N	GAT	D	1304
NC_045512.2	17377	A	C	115	58	42	1	1	25	0.00854701	117	0.751082	FALSE	ORF1ab:cds-YP_009724389.1	AAT	N	CAT	H	1304
NC_045512.2	17401	G	A	110	70	43	1	1	37	0.00900901	111	0.502262	FALSE	ORF1ab:cds-YP_009724389.1	GCC	A	ACC	T	1312
NC_045512.2	17410	C	T	0	0	0	109	76	40	1	109	8.79584e-65	TRUE	ORF1ab:cds-YP_009724389.1	CGT	R	TGT	C	1315
NC_045512.2	17454	T	G	106	80	40	1	1	25	0.00934579	107	0.753521	FALSE	ORF1ab:cds-YP_009724389.1	CCT	P	CCG	P	1329
NC_045512.2	17512	T	G	28150	1579	36	2	0	31	7.10429e-05	28152	1	FALSE	ORF1ab:cds-YP_009724389.1	TGT	C	GGT	G	1349
NC_045512.2	17513	G	A	28785	1579	36	11	1	37	0.000381997	28796	0.998317	FALSE	ORF1ab:cds-YP_009724389.1	TGT	C	TAT	Y	1349
NC_045512.2	17514	T	C	28748	1607	36	4	0	37	0.000139116	28753	0.999999	FALSE	ORF1ab:cds-YP_009724389.1	TGT	C	TGC	C	1349
NC_045512.2	17514	T	A	28748	1607	36	1	0	37	3.4779e-05	28753	1	FALSE	ORF1ab:cds-YP_009724389.1	TGT	C	TGA	*	1349
NC_045512.2	17515	A	T	28794	1605	36	3	0	29	0.000104159	28802	1	FALSE	ORF1ab:cds-YP_009724389.1	AGA	R	TGA	*	1350
NC_045512.2	17515	A	G	28794	1605	36	5	1	37	0.000173599	28802	0.999995	FALSE	ORF1ab:cds-YP_009724389.1	AGA	R	GGA	G	1350
NC_045512.2	17516	G	T	29001	1612	36	3	1	33	0.000103427	29006	1	FALSE	ORF1ab:cds-YP_009724389.1	AGA	R	ATA	I	1350
NC_045512.2	17516	G	C	29001	1612	36	1	0	25	3.44756e-05	29006	1	FALSE	ORF1ab:cds-YP_009724389.1	AGA	R	ACA	T	1350
NC_045512.2	17516	G	A	29001	1612	36	1	0	37	3.44756e-05	29006	1	FALSE	ORF1ab:cds-YP_009724389.1	AGA	R	AAA	K	1350
NC_045512.2	17517	A	G	29385	1734	36	2	0	37	6.80573e-05	29387	1	FALSE	ORF1ab:cds-YP_009724389.1	AGA	R	AGG	R	1350
NC_045512.2	17518	C	A	29765	1731	37	1	0	37	3.35954e-05	29766	1	FALSE	ORF1ab:cds-YP_009724389.1	CTT	L	ATT	I	1351
NC_045512.2	17518	C	-TTA	29765	1731	37	1	0	20	3.35954e-05	29766	1	FALSE	NA	NA	NA	NA	NA	NA
NC_045512.2	17519	T	G	29572	1759	36	1	1	37	3.38089e-05	29578	1	FALSE	ORF1ab:cds-YP_009724389.1	CTT	L	CGT	R	1351
NC_045512.2	17519	T	C	29572	1759	36	1	0	25	3.38089e-05	29578	1	FALSE	ORF1ab:cds-YP_009724389.1	CTT	L	CCT	P	1351
NC_045512.2	17519	T	A	29572	1759	36	4	1	37	0.000135236	29578	0.999999	FALSE	ORF1ab:cds-YP_009724389.1	CTT	L	CAT	H	1351
NC_045512.2	17520	T	C	30478	1778	37	8	0	41	0.000262416	30486	0.11326	FALSE	ORF1ab:cds-YP_009724389.1	CTT	L	CTC	L	1351
NC_045512.2	17521	A	T	30626	1759	37	1	0	37	3.26467e-05	30631	1	FALSE	ORF1ab:cds-YP_009724389.1	ATG	M	TTG	L	1352
NC_045512.2	17521	A	G	30626	1759	37	4	1	37	0.000130587	30631	1	FALSE	ORF1ab:cds-YP_009724389.1	ATG	M	GTG	V	1352
NC_045512.2	17522	T	C	30579	1769	37	7	1	37	0.000228863	30586	0.999979	FALSE	ORF1ab:cds-YP_009724389.1	ATG	M	ACG	T	1352
NC_045512.2	17523	G	T	30644	1799	37	5	0	34	0.000163116	30653	0.999998	FALSE	ORF1ab:cds-YP_009724389.1	ATG	M	ATT	I	1352
NC_045512.2	17523	G	C	30644	1799	37	1	0	37	3.26232e-05	30653	1	FALSE	ORF1ab:cds-YP_009724389.1	ATG	M	ATC	I	1352
NC_045512.2	17523	G	A	30644	1799	37	3	0	37	9.78697e-05	30653	1	FALSE	ORF1ab:cds-YP_009724389.1	ATG	M	ATA	I	1352
NC_045512.2	17524	A	G	30951	2602	38	6	1	37	0.000193817	30957	0.999994	FALSE	ORF1ab:cds-YP_009724389.1	AAA	K	GAA	E	1353
NC_045512.2	17525	A	T	31046	2627	38	2	0	37	6.43956e-05	31058	1	FALSE	ORF1ab:cds-YP_009724389.1	AAA	K	ATA	I	1353
NC_045512.2	17525	A	G	31046	2627	38	10	9	37	0.000321978	31058	0.999785	FALSE	ORF1ab:cds-YP_009724389.1	AAA	K	AGA	R	1353
NC_045512.2	17526	A	G	31605	2634	38	1	0	37	3.16376e-05	31608	1	FALSE	ORF1ab:cds-YP_009724389.1	AAA	K	AAG	K	1353
NC_045512.2	17526	A	C	31605	2634	38	2	0	37	6.32751e-05	31608	1	FALSE	ORF1ab:cds-YP_009724389.1	AAA	K	AAC	N	1353
NC_045512.2	17527	A	T	31431	2633	37	1	0	37	3.18137e-05	31433	1	FALSE	ORF1ab:cds-YP_009724389.1	ACT	T	TCT	S	1354
NC_045512.2	17527	A	G	31431	2633	37	1	0	37	3.18137e-05	31433	1	FALSE	ORF1ab:cds-YP_009724389.1	ACT	T	GCT	A	1354
NC_045512.2	17528	C	T	39124	2721	37	6	0	37	0.000153315	39135	1	FALSE	ORF1ab:cds-YP_009724389.1	ACT	T	ATT	I	1354
NC_045512.2	17528	C	G	39124	2721	37	2	0	37	5.11051e-05	39135	1	FALSE	ORF1ab:cds-YP_009724389.1	ACT	T	AGT	S	1354
NC_045512.2	17528	C	A	39124	2721	37	3	0	33	7.66577e-05	39135	1	FALSE	ORF1ab:cds-YP_009724389.1	ACT	T	AAT	N	1354
NC_045512.2	17529	T	G	38686	2729	37	1	0	25	2.58418e-05	38697	1	FALSE	ORF1ab:cds-YP_009724389.1	ACT	T	ACG	T	1354
NC_045512.2	17529	T	C	38686	2729	37	8	1	37	0.000206734	38697	0.999999	FALSE	ORF1ab:cds-YP_009724389.1	ACT	T	ACC	T	1354
NC_045512.2	17529	T	A	38686	2729	37	2	0	31	5.16836e-05	38697	1	FALSE	ORF1ab:cds-YP_009724389.1	ACT	T	ACA	T	1354
NC_045512.2	17530	A	G	39369	2704	37	1	0	25	2.54001e-05	39370	1	FALSE	ORF1ab:cds-YP_009724389.1	ATA	I	GTA	V	1355
NC_045512.2	17531	T	C	39318	2711	38	7	4	37	0.00017799	39328	1	FALSE	ORF1ab:cds-YP_009724389.1	ATA	I	ACA	T	1355
NC_045512.2	17531	T	A	39318	2711	38	3	0	33	7.62815e-05	39328	1	FALSE	ORF1ab:cds-YP_009724389.1	ATA	I	AAA	K	1355
NC_045512.2	17532	A	T	39465	2722	38	3	0	37	7.59782e-05	39485	1	FALSE	ORF1ab:cds-YP_009724389.1	ATA	I	ATT	I	1355
NC_045512.2	17532	A	G	39465	2722	38	16	1	37	0.000405217	39485	0.999494	FALSE	ORF1ab:cds-YP_009724389.1	ATA	I	ATG	M	1355
NC_045512.2	17532	A	C	39465	2722	38	1	0	37	2.53261e-05	39485	1	FALSE	ORF1ab:cds-YP_009724389.1	ATA	I	ATC	I	1355
NC_045512.2	17533	G	T	41935	2787	37	8	0	41	0.000190721	41946	0.193807	FALSE	ORF1ab:cds-YP_009724389.1	GGT	G	TGT	C	1356
NC_045512.2	17533	G	C	41935	2787	37	1	0	25	2.38402e-05	41946	1	FALSE	ORF1ab:cds-YP_009724389.1	GGT	G	CGT	R	1356
NC_045512.2	17533	G	A	41935	2787	37	2	0	37	4.76804e-05	41946	1	FALSE	ORF1ab:cds-YP_009724389.1	GGT	G	AGT	S	1356
NC_045512.2	17534	G	T	47072	3666	38	2	0	37	4.248e-05	47081	1	FALSE	ORF1ab:cds-YP_009724389.1	GGT	G	GTT	V	1356
NC_045512.2	17534	G	C	47072	3666	38	2	0	31	4.248e-05	47081	1	FALSE	ORF1ab:cds-YP_009724389.1	GGT	G	GCT	A	1356
NC_045512.2	17534	G	A	47072	3666	38	5	1	44	0.0001062	47081	0.499961	FALSE	ORF1ab:cds-YP_009724389.1	GGT	G	GAT	D	1356
NC_045512.2	17534	G	-T	47072	3666	38	1	0	20	2.124e-05	47081	1	FALSE	NA	NA	NA	NA	NA	NA
NC_045512.2	17535	T	G	47531	3705	38	2	2	37	4.20681e-05	47542	1	FALSE	ORF1ab:cds-YP_009724389.1	GGT	G	GGG	G	1356
NC_045512.2	17535	T	C	47531	3705	38	7	0	35	0.000147238	47542	1	FALSE	ORF1ab:cds-YP_009724389.1	GGT	G	GGC	G	1356
NC_045512.2	17535	T	A	47531	3705	38	2	0	31	4.20681e-05	47542	1	FALSE	ORF1ab:cds-YP_009724389.1	GGT	G	GGA	G	1356
NC_045512.2	17535	T	-C	47531	3705	38	1	0	20	2.10336e-05	47543	1	FALSE	NA	NA	NA	NA	NA	NA
NC_045512.2	17536	C	T	47763	3707	39	2	0	37	4.18708e-05	47766	1	FALSE	ORF1ab:cds-YP_009724389.1	CCA	P	TCA	S	1357
NC_045512.2	17536	C	A	47763	3707	39	1	0	37	2.09354e-05	47766	1	FALSE	ORF1ab:cds-YP_009724389.1	CCA	P	ACA	T	1357
NC_045512.2	17537	C	T	47684	3704	38	5	1	37	0.000104839	47692	1	FALSE	ORF1ab:cds-YP_009724389.1	CCA	P	CTA	L	1357
NC_045512.2	17537	C	G	47684	3704	38	2	0	37	4.19358e-05	47692	1	FALSE	ORF1ab:cds-YP_009724389.1	CCA	P	CGA	R	1357
NC_045512.2	17537	C	A	47684	3704	38	1	0	37	2.09679e-05	47692	1	FALSE	ORF1ab:cds-YP_009724389.1	CCA	P	CAA	Q	1357
NC_045512.2	17537	C	-AG	47684	3704	38	1	0	20	2.09679e-05	47692	1	FALSE	NA	NA	NA	NA	NA	NA
NC_045512.2	17538	A	G	47913	3713	39	5	0	34	0.000104341	47920	1	FALSE	ORF1ab:cds-YP_009724389.1	CCA	P	CCG	P	1357
NC_045512.2	17538	A	C	47913	3713	39	2	0	31	4.17362e-05	47920	1	FALSE	ORF1ab:cds-YP_009724389.1	CCA	P	CCC	P	1357
NC_045512.2	17539	G	T	50449	4348	39	2	1	37	3.96346e-05	50461	1	FALSE	ORF1ab:cds-YP_009724389.1	GAC	D	TAC	Y	1358
NC_045512.2	17539	G	C	50449	4348	39	1	0	37	1.98173e-05	50461	1	FALSE	ORF1ab:cds-YP_009724389.1	GAC	D	CAC	H	1358
NC_045512.2	17539	G	A	50449	4348	39	9	1	41	0.000178356	50461	0.211926	FALSE	ORF1ab:cds-YP_009724389.1	GAC	D	AAC	N	1358
NC_045512.2	17540	A	T	50587	4351	38	2	1	55	3.95312e-05	50593	0.249983	FALSE	ORF1ab:cds-YP_009724389.1	GAC	D	GTC	V	1358
NC_045512.2	17540	A	G	50587	4351	38	4	1	46	7.90623e-05	50593	0.746094	FALSE	ORF1ab:cds-YP_009724389.1	GAC	D	GGC	G	1358
NC_045512.2	17541	C	T	50970	4365	39	10	2	37	0.000196148	50982	1	FALSE	ORF1ab:cds-YP_009724389.1	GAC	D	GAT	D	1358
NC_045512.2	17541	C	A	50970	4365	39	2	1	55	3.92295e-05	50982	0.249953	FALSE	ORF1ab:cds-YP_009724389.1	GAC	D	GAA	E	1358
NC_045512.2	17541	C	-A	50970	4365	39	1	0	20	1.96148e-05	50982	1	FALSE	NA	NA	NA	NA	NA	NA
NC_045512.2	17542	A	T	50805	4453	39	1	0	37	1.96812e-05	50810	1	FALSE	ORF1ab:cds-YP_009724389.1	ATG	M	TTG	L	1359
NC_045512.2	17542	A	G	50805	4453	39	4	0	37	7.87247e-05	50810	1	FALSE	ORF1ab:cds-YP_009724389.1	ATG	M	GTG	V	1359
NC_045512.2	17543	T	C	50871	4473	39	9	0	45	0.000176876	50883	0.211937	FALSE	ORF1ab:cds-YP_009724389.1	ATG	M	ACG	T	1359
NC_045512.2	17543	T	A	50871	4473	39	3	0	33	5.89588e-05	50883	1	FALSE	ORF1ab:cds-YP_009724389.1	ATG	M	AAG	K	1359
NC_045512.2	17544	G	T	50879	4908	39	1	0	37	1.96487e-05	50894	1	FALSE	ORF1ab:cds-YP_009724389.1	ATG	M	ATT	I	1359
NC_045512.2	17544	G	C	50879	4908	39	1	0	25	1.96487e-05	50894	1	FALSE	ORF1ab:cds-YP_009724389.1	ATG	M	ATC	I	1359
NC_045512.2	17544	G	A	50879	4908	39	13	0	39	0.000255433	50894	1	FALSE	ORF1ab:cds-YP_009724389.1	ATG	M	ATA	I	1359
NC_045512.2	17545	T	G	50117	4352	38	1	1	29	1.99497e-05	50126	1	FALSE	ORF1ab:cds-YP_009724389.1	TTC	F	GTC	V	1360
NC_045512.2	17545	T	C	50117	4352	38	8	0	33	0.000159598	50126	1	FALSE	ORF1ab:cds-YP_009724389.1	TTC	F	CTC	L	1360
NC_045512.2	17546	T	G	50905	4927	39	2	1	37	3.92773e-05	50920	1	FALSE	ORF1ab:cds-YP_009724389.1	TTC	F	TGC	C	1360
NC_045512.2	17546	T	C	50905	4927	39	11	2	38	0.000216025	50920	1	FALSE	ORF1ab:cds-YP_009724389.1	TTC	F	TCC	S	1360
NC_045512.2	17546	T	A	50905	4927	39	2	0	37	3.92773e-05	50920	1	FALSE	ORF1ab:cds-YP_009724389.1	TTC	F	TAC	Y	1360
NC_045512.2	17547	C	T	53234	4918	39	4	0	37	7.51301e-05	53241	1	FALSE	ORF1ab:cds-YP_009724389.1	TTC	F	TTT	F	1360
NC_045512.2	17547	C	A	53234	4918	39	3	1	49	5.63476e-05	53241	0.85546	FALSE	ORF1ab:cds-YP_009724389.1	TTC	F	TTA	L	1360
NC_045512.2	17548	C	T	53127	4920	39	2	0	37	3.76414e-05	53133	1	FALSE	ORF1ab:cds-YP_009724389.1	CTC	L	TTC	F	1361
NC_045512.2	17548	C	A	53127	4920	39	4	0	37	7.52828e-05	53133	1	FALSE	ORF1ab:cds-YP_009724389.1	CTC	L	ATC	I	1361
NC_045512.2	17549	T	G	53456	5636	40	1	1	37	1.87038e-05	53465	1	FALSE	ORF1ab:cds-YP_009724389.1	CTC	L	CGC	R	1361
NC_045512.2	17549	T	C	53456	5636	40	7	0	42	0.000130927	53465	0.387188	FALSE	ORF1ab:cds-YP_009724389.1	CTC	L	CCC	P	1361
NC_045512.2	17549	T	A	53456	5636	40	1	0	37	1.87038e-05	53465	1	FALSE	ORF1ab:cds-YP_009724389.1	CTC	L	CAC	H	1361
NC_045512.2	17550	C	T	53577	5623	40	6	0	35	0.000111972	53585	1	FALSE	ORF1ab:cds-YP_009724389.1	CTC	L	CTT	L	1361
NC_045512.2	17550	C	A	53577	5623	40	2	1	37	3.73239e-05	53585	1	FALSE	ORF1ab:cds-YP_009724389.1	CTC	L	CTA	L	1361
NC_045512.2	17550	C	-G	53577	5623	40	1	0	20	1.86619e-05	53585	1	FALSE	NA	NA	NA	NA	NA	NA
NC_045512.2	17551	G	T	53391	5642	40	2	0	37	3.74518e-05	53402	1	FALSE	ORF1ab:cds-YP_009724389.1	GGA	G	TGA	*	1362
NC_045512.2	17551	G	A	53391	5642	40	9	1	35	0.000168533	53402	1	FALSE	ORF1ab:cds-YP_009724389.1	GGA	G	AGA	R	1362
NC_045512.2	17552	G	T	54470	5651	40	4	0	37	7.34214e-05	54480	1	FALSE	ORF1ab:cds-YP_009724389.1	GGA	G	GTA	V	1362
NC_045512.2	17552	G	C	54470	5651	40	1	0	37	1.83554e-05	54480	1	FALSE	ORF1ab:cds-YP_009724389.1	GGA	G	GCA	A	1362
NC_045512.2	17552	G	A	54470	5651	40	5	0	37	9.17768e-05	54480	1	FALSE	ORF1ab:cds-YP_009724389.1	GGA	G	GAA	E	1362
NC_045512.2	17553	A	T	54667	5642	40	1	0	22	1.82909e-05	54672	1	FALSE	ORF1ab:cds-YP_009724389.1	GGA	G	GGT	G	1362
NC_045512.2	17553	A	G	54667	5642	40	4	0	34	7.31636e-05	54672	1	FALSE	ORF1ab:cds-YP_009724389.1	GGA	G	GGG	G	1362
NC_045512.2	17554	A	G	52550	5643	39	6	0	33	0.000114164	52556	1	FALSE	ORF1ab:cds-YP_009724389.1	ACT	T	GCT	A	1363
NC_045512.2	17555	C	T	54693	5600	40	6	1	43	0.000109685	54702	0.499975	FALSE	ORF1ab:cds-YP_009724389.1	ACT	T	ATT	I	1363
NC_045512.2	17555	C	G	54693	5600	40	1	0	37	1.82809e-05	54702	1	FALSE	ORF1ab:cds-YP_009724389.1	ACT	T	AGT	S	1363
NC_045512.2	17555	C	A	54693	5600	40	2	0	37	3.65617e-05	54702	1	FALSE	ORF1ab:cds-YP_009724389.1	ACT	T	AAT	N	1363
NC_045512.2	17555	C	-T	54693	5600	40	1	0	20	1.82809e-05	54702	1	FALSE	NA	NA	NA	NA	NA	NA
NC_045512.2	17556	T	G	54412	5858	40	1	1	37	1.83753e-05	54421	1	FALSE	ORF1ab:cds-YP_009724389.1	ACT	T	ACG	T	1363
NC_045512.2	17556	T	C	54412	5858	40	6	0	35	0.000110252	54421	1	FALSE	ORF1ab:cds-YP_009724389.1	ACT	T	ACC	T	1363
NC_045512.2	17556	T	A	54412	5858	40	2	0	37	3.67505e-05	54421	1	FALSE	ORF1ab:cds-YP_009724389.1	ACT	T	ACA	T	1363
NC_045512.2	17557	T	C	55134	6028	40	11	0	37	0.000199452	55151	1	FALSE	ORF1ab:cds-YP_009724389.1	TGT	C	CGT	R	1364
NC_045512.2	17557	T	A	55134	6028	40	6	0	35	0.000108792	55151	1	FALSE	ORF1ab:cds-YP_009724389.1	TGT	C	AGT	S	1364
NC_045512.2	17558	G	A	55199	6039	40	23	3	41	0.000416501	55222	0.000455545	TRUE	ORF1ab:cds-YP_009724389.1	TGT	C	TAT	Y	1364
NC_045512.2	17559	T	G	55266	6072	41	1	0	25	1.80914e-05	55275	1	FALSE	ORF1ab:cds-YP_009724389.1	TGT	C	TGG	W	1364
NC_045512.2	17559	T	C	55266	6072	41	6	1	46	0.000108548	55275	0.499976	FALSE	ORF1ab:cds-YP_009724389.1	TGT	C	TGC	C	1364
NC_045512.2	17559	T	A	55266	6072	41	2	1	29	3.61827e-05	55275	1	FALSE	ORF1ab:cds-YP_009724389.1	TGT	C	TGA	*	1364
NC_045512.2	17560	C	T	55424	6049	41	39	5	41	0.000703133	55466	6.98576e-08	TRUE	ORF1ab:cds-YP_009724389.1	CGG	R	TGG	W	1365
NC_045512.2	17560	C	G	55424	6049	41	1	0	37	1.80291e-05	55466	1	FALSE	ORF1ab:cds-YP_009724389.1	CGG	R	GGG	G	1365
NC_045512.2	17560	C	A	55424	6049	41	2	0	31	3.60581e-05	55466	1	FALSE	ORF1ab:cds-YP_009724389.1	CGG	R	AGG	R	1365
NC_045512.2	17560	C	-G	55424	6049	41	1	0	20	1.80291e-05	55466	1	FALSE	NA	NA	NA	NA	NA	NA
NC_045512.2	17561	G	T	55155	6076	40	4	0	34	7.25097e-05	55165	1	FALSE	ORF1ab:cds-YP_009724389.1	CGG	R	CTG	L	1365
NC_045512.2	17561	G	C	55155	6076	40	1	0	37	1.81274e-05	55165	1	FALSE	ORF1ab:cds-YP_009724389.1	CGG	R	CCG	P	1365
NC_045512.2	17561	G	A	55155	6076	40	5	1	44	9.06372e-05	55165	0.622997	FALSE	ORF1ab:cds-YP_009724389.1	CGG	R	CAG	Q	1365
NC_045512.2	17562	G	T	57333	6084	40	4	1	34	6.97435e-05	57353	1	FALSE	ORF1ab:cds-YP_009724389.1	CGG	R	CGT	R	1365
NC_045512.2	17562	G	A	57333	6084	40	16	1	39	0.000278974	57353	1	FALSE	ORF1ab:cds-YP_009724389.1	CGG	R	CGA	R	1365
NC_045512.2	17563	C	T	57553	6044	40	67	7	37	0.00116279	57620	0.209439	FALSE	ORF1ab:cds-YP_009724389.1	CGT	R	TGT	C	1366
NC_045512.2	17564	G	A	57560	6104	40	39	7	46	0.000677095	57599	6.99348e-08	TRUE	ORF1ab:cds-YP_009724389.1	CGT	R	CAT	H	1366
NC_045512.2	17564	G	-T	57560	6104	40	1	0	20	1.73614e-05	57599	1	FALSE	NA	NA	NA	NA	NA	NA
NC_045512.2	17565	T	G	56711	6177	40	4	0	31	7.05057e-05	56733	1	FALSE	ORF1ab:cds-YP_009724389.1	CGT	R	CGG	R	1366
NC_045512.2	17565	T	C	56711	6177	40	16	1	39	0.000282023	56733	1	FALSE	ORF1ab:cds-YP_009724389.1	CGT	R	CGC	R	1366
NC_045512.2	17565	T	A	56711	6177	40	2	0	31	3.52529e-05	56733	1	FALSE	ORF1ab:cds-YP_009724389.1	CGT	R	CGA	R	1366
NC_045512.2	17566	T	G	57391	6378	40	4	4	46	6.96755e-05	57409	0.745991	FALSE	ORF1ab:cds-YP_009724389.1	TGT	C	GGT	G	1367
NC_045512.2	17566	T	C	57391	6378	40	10	1	38	0.000174189	57409	1	FALSE	ORF1ab:cds-YP_009724389.1	TGT	C	CGT	R	1367
NC_045512.2	17566	T	A	57391	6378	40	4	1	30	6.96755e-05	57409	1	FALSE	ORF1ab:cds-YP_009724389.1	TGT	C	AGT	S	1367
NC_045512.2	17567	G	T	59118	6492	41	6	3	37	0.000101458	59138	1	FALSE	ORF1ab:cds-YP_009724389.1	TGT	C	TTT	F	1367
NC_045512.2	17567	G	C	59118	6492	41	1	0	25	1.69096e-05	59138	1	FALSE	ORF1ab:cds-YP_009724389.1	TGT	C	TCT	S	1367
NC_045512.2	17567	G	A	59118	6492	41	13	0	43	0.000219825	59138	0.0480921	FALSE	ORF1ab:cds-YP_009724389.1	TGT	C	TAT	Y	1367
NC_045512.2	17568	T	G	59194	6514	41	1	1	37	1.68905e-05	59205	1	FALSE	ORF1ab:cds-YP_009724389.1	TGT	C	TGG	W	1367
NC_045512.2	17568	T	C	59194	6514	41	10	2	38	0.000168905	59205	1	FALSE	ORF1ab:cds-YP_009724389.1	TGT	C	TGC	C	1367
NC_045512.2	17569	C	T	59425	6983	41	4	1	46	6.73015e-05	59434	0.746069	FALSE	ORF1ab:cds-YP_009724389.1	CCT	P	TCT	S	1368
NC_045512.2	17569	C	G	59425	6983	41	2	0	55	3.36508e-05	59434	0.249973	FALSE	ORF1ab:cds-YP_009724389.1	CCT	P	GCT	A	1368
NC_045512.2	17569	C	A	59425	6983	41	3	1	57	5.04762e-05	59434	0.124981	FALSE	ORF1ab:cds-YP_009724389.1	CCT	P	ACT	T	1368
NC_045512.2	17570	C	T	59326	7075	41	4	1	46	6.74161e-05	59333	0.746085	FALSE	ORF1ab:cds-YP_009724389.1	CCT	P	CTT	L	1368
NC_045512.2	17570	C	G	59326	7075	41	1	0	37	1.6854e-05	59333	1	FALSE	ORF1ab:cds-YP_009724389.1	CCT	P	CGT	R	1368
NC_045512.2	17570	C	A	59326	7075	41	2	0	31	3.37081e-05	59333	1	FALSE	ORF1ab:cds-YP_009724389.1	CCT	P	CAT	H	1368
NC_045512.2	17571	T	G	59573	7272	41	2	0	37	3.35632e-05	59589	1	FALSE	ORF1ab:cds-YP_009724389.1	CCT	P	CCG	P	1368
NC_045512.2	17571	T	C	59573	7272	41	12	2	40	0.000201379	59589	0.071703	FALSE	ORF1ab:cds-YP_009724389.1	CCT	P	CCC	P	1368
NC_045512.2	17571	T	A	59573	7272	41	2	0	31	3.35632e-05	59589	1	FALSE	ORF1ab:cds-YP_009724389.1	CCT	P	CCA	P	1368
NC_045512.2	17572	G	T	60128	7265	41	1	0	37	1.66094e-05	60207	1	FALSE	ORF1ab:cds-YP_009724389.1	GCT	A	TCT	S	1369
NC_045512.2	17572	G	A	60128	7265	41	78	13	43	0.00129553	60207	2.2237e-17	TRUE	ORF1ab:cds-YP_009724389.1	GCT	A	ACT	T	1369
NC_045512.2	17573	C	T	59999	7259	41	8	0	37	0.000133311	60010	1	FALSE	ORF1ab:cds-YP_009724389.1	GCT	A	GTT	V	1369
NC_045512.2	17573	C	A	59999	7259	41	3	0	33	4.99917e-05	60010	1	FALSE	ORF1ab:cds-YP_009724389.1	GCT	A	GAT	D	1369
NC_045512.2	17574	T	G	59222	7316	41	2	0	37	3.37576e-05	59246	1	FALSE	ORF1ab:cds-YP_009724389.1	GCT	A	GCG	A	1369
NC_045512.2	17574	T	C	59222	7316	41	21	2	44	0.000354454	59246	0.00124531	TRUE	ORF1ab:cds-YP_009724389.1	GCT	A	GCC	A	1369
NC_045512.2	17574	T	A	59222	7316	41	1	0	22	1.68788e-05	59246	1	FALSE	ORF1ab:cds-YP_009724389.1	GCT	A	GCA	A	1369
NC_045512.2	17575	G	A	60487	8261	42	1	0	25	1.65322e-05	60488	1	FALSE	ORF1ab:cds-YP_009724389.1	GAA	E	AAA	K	1370
NC_045512.2	17576	A	G	60229	8600	42	6	0	35	9.96099e-05	60235	1	FALSE	ORF1ab:cds-YP_009724389.1	GAA	E	GGA	G	1370
NC_045512.2	17577	A	G	60434	9674	43	13	6	39	0.000215061	60448	1	FALSE	ORF1ab:cds-YP_009724389.1	GAA	E	GAG	E	1370
NC_045512.2	17577	A	C	60434	9674	43	1	0	37	1.65431e-05	60448	1	FALSE	ORF1ab:cds-YP_009724389.1	GAA	E	GAC	D	1370
NC_045512.2	17578	A	T	61040	9750	43	1	0	37	1.63814e-05	61045	1	FALSE	ORF1ab:cds-YP_009724389.1	ATT	I	TTT	F	1371
NC_045512.2	17578	A	G	61040	9750	43	4	2	37	6.55254e-05	61045	1	FALSE	ORF1ab:cds-YP_009724389.1	ATT	I	GTT	V	1371
NC_045512.2	17578	A	+T	61040	9750	43	1	0	20	1.63814e-05	61045	1	FALSE	NA	NA	NA	NA	NA	NA
NC_045512.2	17579	T	G	60470	9917	43	5	0	29	8.26761e-05	60477	1	FALSE	ORF1ab:cds-YP_009724389.1	ATT	I	AGT	S	1371
NC_045512.2	17579	T	C	60470	9917	43	1	0	37	1.65352e-05	60477	1	FALSE	ORF1ab:cds-YP_009724389.1	ATT	I	ACT	T	1371
NC_045512.2	17579	T	A	60470	9917	43	1	0	37	1.65352e-05	60477	1	FALSE	ORF1ab:cds-YP_009724389.1	ATT	I	AAT	N	1371
NC_045512.2	17580	T	G	62363	9944	43	1	0	37	1.60331e-05	62371	1	FALSE	ORF1ab:cds-YP_009724389.1	ATT	I	ATG	M	1371
NC_045512.2	17580	T	C	62363	9944	43	4	0	46	6.41324e-05	62371	0.828115	FALSE	ORF1ab:cds-YP_009724389.1	ATT	I	ATC	I	1371
NC_045512.2	17580	T	A	62363	9944	43	3	0	29	4.80993e-05	62371	1	FALSE	ORF1ab:cds-YP_009724389.1	ATT	I	ATA	I	1371
NC_045512.2	17581	G	T	63056	9941	43	2	0	37	3.17093e-05	63073	1	FALSE	ORF1ab:cds-YP_009724389.1	GTT	V	TTT	F	1372
NC_045512.2	17581	G	C	63056	9941	43	2	1	49	3.17093e-05	63073	0.964824	FALSE	ORF1ab:cds-YP_009724389.1	GTT	V	CTT	L	1372
NC_045512.2	17581	G	A	63056	9941	43	13	2	40	0.00020611	63073	0.0835022	FALSE	ORF1ab:cds-YP_009724389.1	GTT	V	ATT	I	1372
NC_045512.2	17582	T	G	62874	9995	43	1	0	25	1.59025e-05	62883	1	FALSE	ORF1ab:cds-YP_009724389.1	GTT	V	GGT	G	1372
NC_045512.2	17582	T	C	62874	9995	43	5	2	51	7.95127e-05	62883	0.0312438	FALSE	ORF1ab:cds-YP_009724389.1	GTT	V	GCT	A	1372
NC_045512.2	17582	T	A	62874	9995	43	3	0	37	4.77076e-05	62883	1	FALSE	ORF1ab:cds-YP_009724389.1	GTT	V	GAT	D	1372
NC_045512.2	17583	T	C	63235	9983	43	6	0	37	9.48677e-05	63246	1	FALSE	ORF1ab:cds-YP_009724389.1	GTT	V	GTC	V	1372
NC_045512.2	17583	T	A	63235	9983	43	5	2	38	7.90564e-05	63246	1	FALSE	ORF1ab:cds-YP_009724389.1	GTT	V	GTA	V	1372
NC_045512.2	17583	T	-G	63235	9983	43	1	0	20	1.58113e-05	63246	1	FALSE	NA	NA	NA	NA	NA	NA
NC_045512.2	17584	G	T	63082	9990	43	6	0	37	9.50917e-05	63097	1	FALSE	ORF1ab:cds-YP_009724389.1	GAC	D	TAC	Y	1373
NC_045512.2	17584	G	C	63082	9990	43	2	0	37	3.16972e-05	63097	1	FALSE	ORF1ab:cds-YP_009724389.1	GAC	D	CAC	H	1373
NC_045512.2	17584	G	A	63082	9990	43	7	1	42	0.00011094	63097	0.499907	FALSE	ORF1ab:cds-YP_009724389.1	GAC	D	AAC	N	1373
NC_045512.2	17585	A	T	63017	9967	43	2	0	37	3.17314e-05	63029	1	FALSE	ORF1ab:cds-YP_009724389.1	GAC	D	GTC	V	1373
NC_045512.2	17585	A	G	63017	9967	43	10	2	40	0.000158657	63029	0.227225	FALSE	ORF1ab:cds-YP_009724389.1	GAC	D	GGC	G	1373
NC_045512.2	17586	C	T	65268	10471	44	22	4	45	0.000336932	65295	0.00185687	TRUE	ORF1ab:cds-YP_009724389.1	GAC	D	GAT	D	1373
NC_045512.2	17586	C	G	65268	10471	44	1	0	37	1.53151e-05	65295	1	FALSE	ORF1ab:cds-YP_009724389.1	GAC	D	GAG	E	1373
NC_045512.2	17586	C	A	65268	10471	44	4	0	46	6.12604e-05	65295	0.827996	FALSE	ORF1ab:cds-YP_009724389.1	GAC	D	GAA	E	1373
NC_045512.2	17587	A	T	65291	10488	44	1	0	37	1.53142e-05	65299	1	FALSE	ORF1ab:cds-YP_009724389.1	ACT	T	TCT	S	1374
NC_045512.2	17587	A	G	65291	10488	44	7	4	38	0.000107199	65299	1	FALSE	ORF1ab:cds-YP_009724389.1	ACT	T	GCT	A	1374
NC_045512.2	17588	C	T	67181	10593	44	18	4	41	0.000267833	67206	0.0113156	FALSE	ORF1ab:cds-YP_009724389.1	ACT	T	ATT	I	1374
NC_045512.2	17588	C	G	67181	10593	44	4	0	34	5.95185e-05	67206	1	FALSE	ORF1ab:cds-YP_009724389.1	ACT	T	AGT	S	1374
NC_045512.2	17588	C	A	67181	10593	44	3	1	49	4.46389e-05	67206	0.910087	FALSE	ORF1ab:cds-YP_009724389.1	ACT	T	AAT	N	1374
NC_045512.2	17589	T	G	66563	10642	43	7	1	37	0.000105108	66598	1	FALSE	ORF1ab:cds-YP_009724389.1	ACT	T	ACG	T	1374
NC_045512.2	17589	T	C	66563	10642	43	23	4	40	0.000345356	66598	0.00115495	TRUE	ORF1ab:cds-YP_009724389.1	ACT	T	ACC	T	1374
NC_045512.2	17589	T	A	66563	10642	43	5	0	42	7.50773e-05	66598	0.725349	FALSE	ORF1ab:cds-YP_009724389.1	ACT	T	ACA	T	1374
NC_045512.2	17590	G	T	67649	10707	44	4	1	64	5.91095e-05	67671	0.0624658	FALSE	ORF1ab:cds-YP_009724389.1	GTG	V	TTG	L	1375
NC_045512.2	17590	G	C	67649	10707	44	1	0	37	1.47774e-05	67671	1	FALSE	ORF1ab:cds-YP_009724389.1	GTG	V	CTG	L	1375
NC_045512.2	17590	G	A	67649	10707	44	17	1	40	0.000251215	67671	0.0173312	FALSE	ORF1ab:cds-YP_009724389.1	GTG	V	ATG	M	1375
NC_045512.2	17591	T	C	67678	10729	43	5	2	31	7.38727e-05	67684	1	FALSE	ORF1ab:cds-YP_009724389.1	GTG	V	GCG	A	1375
NC_045512.2	17591	T	A	67678	10729	43	1	0	37	1.47745e-05	67684	1	FALSE	ORF1ab:cds-YP_009724389.1	GTG	V	GAG	E	1375
NC_045512.2	17592	G	T	67639	10885	44	5	3	48	7.39087e-05	67651	0.725544	FALSE	ORF1ab:cds-YP_009724389.1	GTG	V	GTT	V	1375
NC_045512.2	17592	G	C	67639	10885	44	2	0	37	2.95635e-05	67651	1	FALSE	ORF1ab:cds-YP_009724389.1	GTG	V	GTC	V	1375
NC_045512.2	17592	G	A	67639	10885	44	5	2	51	7.39087e-05	67651	0.0312408	FALSE	ORF1ab:cds-YP_009724389.1	GTG	V	GTA	V	1375
NC_045512.2	17593	A	T	67851	11384	44	4	2	42	5.8931e-05	67876	0.828013	FALSE	ORF1ab:cds-YP_009724389.1	AGT	S	TGT	C	1376
NC_045512.2	17593	A	G	67851	11384	44	21	8	35	0.000309388	67876	1	FALSE	ORF1ab:cds-YP_009724389.1	AGT	S	GGT	G	1376
NC_045512.2	17594	G	T	68917	11504	44	10	0	43	0.000145073	68931	0.227209	FALSE	ORF1ab:cds-YP_009724389.1	AGT	S	ATT	I	1376
NC_045512.2	17594	G	A	68917	11504	44	4	0	46	5.8029e-05	68931	0.82808	FALSE	ORF1ab:cds-YP_009724389.1	AGT	S	AAT	N	1376
NC_045512.2	17595	T	C	66255	12042	43	8	1	34	0.000120727	66265	1	FALSE	ORF1ab:cds-YP_009724389.1	AGT	S	AGC	S	1376
NC_045512.2	17595	T	A	66255	12042	43	2	0	37	3.01818e-05	66265	1	FALSE	ORF1ab:cds-YP_009724389.1	AGT	S	AGA	R	1376
NC_045512.2	17596	G	T	67122	12035	43	4	0	37	5.95699e-05	67148	1	FALSE	ORF1ab:cds-YP_009724389.1	GCT	A	TCT	S	1377
NC_045512.2	17596	G	C	67122	12035	43	2	1	49	2.9785e-05	67148	0.96481	FALSE	ORF1ab:cds-YP_009724389.1	GCT	A	CCT	P	1377
NC_045512.2	17596	G	A	67122	12035	43	20	3	44	0.00029785	67148	0.00467178	TRUE	ORF1ab:cds-YP_009724389.1	GCT	A	ACT	T	1377
NC_045512.2	17596	G	-C	67122	12035	43	4	0	20	5.95699e-05	67148	1	FALSE	NA	NA	NA	NA	NA	NA
NC_045512.2	17597	C	T	66644	11831	43	28	3	44	0.000419941	66676	9.72755e-05	TRUE	ORF1ab:cds-YP_009724389.1	GCT	A	GTT	V	1377
NC_045512.2	17597	C	G	66644	11831	43	1	1	37	1.49979e-05	66676	1	FALSE	ORF1ab:cds-YP_009724389.1	GCT	A	GGT	G	1377
NC_045512.2	17597	C	A	66644	11831	43	3	1	45	4.49937e-05	66676	0.910045	FALSE	ORF1ab:cds-YP_009724389.1	GCT	A	GAT	D	1377
NC_045512.2	17597	C	-T	66644	11831	43	1	0	20	1.4997e-05	66680	1	FALSE	NA	NA	NA	NA	NA	NA
NC_045512.2	17598	T	G	65852	11878	43	6	1	35	9.10374e-05	65907	1	FALSE	ORF1ab:cds-YP_009724389.1	GCT	A	GCG	A	1377
NC_045512.2	17598	T	C	65852	11878	43	42	4	36	0.000637262	65907	0.990048	FALSE	ORF1ab:cds-YP_009724389.1	GCT	A	GCC	A	1377
NC_045512.2	17598	T	A	65852	11878	43	7	1	38	0.00010621	65907	1	FALSE	ORF1ab:cds-YP_009724389.1	GCT	A	GCA	A	1377
NC_045512.2	17599	T	G	62839	12132	42	53	1	37	0.000842447	62912	0.824128	FALSE	ORF1ab:cds-YP_009724389.1	TTG	L	GTG	V	1378
NC_045512.2	17599	T	C	62839	12132	42	14	2	39	0.000222533	62912	1	FALSE	ORF1ab:cds-YP_009724389.1	TTG	L	CTG	L	1378
NC_045512.2	17599	T	A	62839	12132	42	6	1	41	9.53713e-05	62912	0.612088	FALSE	ORF1ab:cds-YP_009724389.1	TTG	L	ATG	M	1378
NC_045512.2	17600	T	G	62129	13112	42	2	0	25	3.21875e-05	62136	1	FALSE	ORF1ab:cds-YP_009724389.1	TTG	L	TGG	W	1378
NC_045512.2	17600	T	C	62129	13112	42	4	0	43	6.43749e-05	62136	0.828122	FALSE	ORF1ab:cds-YP_009724389.1	TTG	L	TCG	S	1378
NC_045512.2	17600	T	A	62129	13112	42	1	0	25	1.60937e-05	62136	1	FALSE	ORF1ab:cds-YP_009724389.1	TTG	L	TAG	*	1378
NC_045512.2	17600	T	-G	62129	13112	42	1	0	20	1.60937e-05	62136	1	FALSE	NA	NA	NA	NA	NA	NA
NC_045512.2	17600	T	+G	62129	13112	42	1	0	20	1.60937e-05	62136	1	FALSE	NA	NA	NA	NA	NA	NA
NC_045512.2	17601	G	T	64620	13026	42	6	2	41	9.28405e-05	64627	0.612788	FALSE	ORF1ab:cds-YP_009724389.1	TTG	L	TTT	F	1378
NC_045512.2	17601	G	C	64620	13026	42	1	0	37	1.54734e-05	64627	1	FALSE	ORF1ab:cds-YP_009724389.1	TTG	L	TTC	F	1378
NC_045512.2	17602	G	T	65194	13097	42	4	1	37	6.13469e-05	65203	1	FALSE	ORF1ab:cds-YP_009724389.1	GTT	V	TTT	F	1379
NC_045512.2	17602	G	C	65194	13097	42	2	0	37	3.06734e-05	65203	1	FALSE	ORF1ab:cds-YP_009724389.1	GTT	V	CTT	L	1379
NC_045512.2	17602	G	A	65194	13097	42	3	1	37	4.60102e-05	65203	1	FALSE	ORF1ab:cds-YP_009724389.1	GTT	V	ATT	I	1379
NC_045512.2	17602	G	-T	65194	13097	42	1	0	20	1.53367e-05	65203	1	FALSE	NA	NA	NA	NA	NA	NA
NC_045512.2	17603	T	C	65245	14510	43	6	3	38	9.19526e-05	65251	1	FALSE	ORF1ab:cds-YP_009724389.1	GTT	V	GCT	A	1379
NC_045512.2	17604	T	G	64954	14965	43	2	1	25	3.07872e-05	64962	1	FALSE	ORF1ab:cds-YP_009724389.1	GTT	V	GTG	V	1379
NC_045512.2	17604	T	C	64954	14965	43	3	0	36	4.61808e-05	64962	1	FALSE	ORF1ab:cds-YP_009724389.1	GTT	V	GTC	V	1379
NC_045512.2	17604	T	A	64954	14965	43	3	0	28	4.61808e-05	64962	1	FALSE	ORF1ab:cds-YP_009724389.1	GTT	V	GTA	V	1379
NC_045512.2	17605	T	G	65476	14949	43	1	0	37	1.52707e-05	65485	1	FALSE	ORF1ab:cds-YP_009724389.1	TAT	Y	GAT	D	1380
NC_045512.2	17605	T	C	65476	14949	43	8	5	52	0.000122165	65485	0.00390541	TRUE	ORF1ab:cds-YP_009724389.1	TAT	Y	CAT	H	1380
NC_045512.2	17606	A	T	65469	14844	43	1	0	25	1.52718e-05	65480	1	FALSE	ORF1ab:cds-YP_009724389.1	TAT	Y	TTT	F	1380
NC_045512.2	17606	A	G	65469	14844	43	10	2	44	0.000152718	65480	0.227235	FALSE	ORF1ab:cds-YP_009724389.1	TAT	Y	TGT	C	1380
NC_045512.2	17607	T	G	65134	14979	43	1	1	74	1.53506e-05	65144	0.499969	FALSE	ORF1ab:cds-YP_009724389.1	TAT	Y	TAG	*	1380
NC_045512.2	17607	T	C	65134	14979	43	9	3	37	0.000138155	65144	1	FALSE	ORF1ab:cds-YP_009724389.1	TAT	Y	TAC	Y	1380
NC_045512.2	17608	G	T	65656	15101	44	1	1	37	1.5229e-05	65664	1	FALSE	ORF1ab:cds-YP_009724389.1	GAT	D	TAT	Y	1381
NC_045512.2	17608	G	C	65656	15101	44	2	0	55	3.04581e-05	65664	0.249979	FALSE	ORF1ab:cds-YP_009724389.1	GAT	D	CAT	H	1381
NC_045512.2	17608	G	A	65656	15101	44	5	1	44	7.61452e-05	65664	0.725577	FALSE	ORF1ab:cds-YP_009724389.1	GAT	D	AAT	N	1381
NC_045512.2	17609	A	T	66123	15130	43	5	1	51	7.55881e-05	66148	0.0312252	FALSE	ORF1ab:cds-YP_009724389.1	GAT	D	GTT	V	1381
NC_045512.2	17609	A	G	66123	15130	43	17	3	44	0.000256999	66148	0.0173263	FALSE	ORF1ab:cds-YP_009724389.1	GAT	D	GGT	G	1381
NC_045512.2	17609	A	C	66123	15130	43	3	0	37	4.53528e-05	66148	1	FALSE	ORF1ab:cds-YP_009724389.1	GAT	D	GCT	A	1381
NC_045512.2	17610	T	G	62558	15520	42	2	0	31	3.19637e-05	62571	1	FALSE	ORF1ab:cds-YP_009724389.1	GAT	D	GAG	E	1381
NC_045512.2	17610	T	C	62558	15520	42	11	1	41	0.0001758	62571	0.166128	FALSE	ORF1ab:cds-YP_009724389.1	GAT	D	GAC	D	1381
NC_045512.2	17610	T	-A	62558	15520	42	1	0	20	1.59818e-05	62571	1	FALSE	NA	NA	NA	NA	NA	NA
NC_045512.2	17611	A	G	62517	15391	43	9	4	41	0.000143864	62559	0.303246	FALSE	ORF1ab:cds-YP_009724389.1	AAT	N	GAT	D	1382
NC_045512.2	17611	A	C	62517	15391	43	33	1	36	0.000527502	62559	0.999039	FALSE	ORF1ab:cds-YP_009724389.1	AAT	N	CAT	H	1382
NC_045512.2	17612	A	T	55950	16659	41	2	2	36	3.57385e-05	55962	1	FALSE	ORF1ab:cds-YP_009724389.1	AAT	N	ATT	I	1382
NC_045512.2	17612	A	G	55950	16659	41	6	0	37	0.000107216	55962	1	FALSE	ORF1ab:cds-YP_009724389.1	AAT	N	AGT	S	1382
NC_045512.2	17612	A	C	55950	16659	41	4	1	31	7.14771e-05	55962	1	FALSE	ORF1ab:cds-YP_009724389.1	AAT	N	ACT	T	1382
NC_045512.2	17613	T	G	56994	17895	41	1	0	25	1.75439e-05	57000	1	FALSE	ORF1ab:cds-YP_009724389.1	AAT	N	AAG	K	1382
NC_045512.2	17613	T	C	56994	17895	41	3	0	36	5.26316e-05	57000	1	FALSE	ORF1ab:cds-YP_009724389.1	AAT	N	AAC	N	1382
NC_045512.2	17613	T	A	56994	17895	41	2	0	31	3.50877e-05	57000	1	FALSE	ORF1ab:cds-YP_009724389.1	AAT	N	AAA	K	1382
NC_045512.2	17614	A	T	57478	18507	42	1	1	37	1.73928e-05	57495	1	FALSE	ORF1ab:cds-YP_009724389.1	AAG	K	TAG	*	1383
NC_045512.2	17614	A	G	57478	18507	42	14	4	40	0.000243499	57495	0.0317679	FALSE	ORF1ab:cds-YP_009724389.1	AAG	K	GAG	E	1383
NC_045512.2	17614	A	C	57478	18507	42	2	0	31	3.47856e-05	57495	1	FALSE	ORF1ab:cds-YP_009724389.1	AAG	K	CAG	Q	1383
NC_045512.2	17615	A	T	57800	18810	42	6	3	47	0.00010376	57826	0.499778	FALSE	ORF1ab:cds-YP_009724389.1	AAG	K	ATG	M	1383
NC_045512.2	17615	A	G	57800	18810	42	18	8	39	0.000311279	57826	0.999999	FALSE	ORF1ab:cds-YP_009724389.1	AAG	K	AGG	R	1383
NC_045512.2	17615	A	C	57800	18810	42	2	1	37	3.45865e-05	57826	1	FALSE	ORF1ab:cds-YP_009724389.1	AAG	K	ACG	T	1383
NC_045512.2	17616	G	T	61590	18773	41	3	0	37	4.86839e-05	61622	1	FALSE	ORF1ab:cds-YP_009724389.1	AAG	K	AAT	N	1383
NC_045512.2	17616	G	C	61590	18773	41	1	0	37	1.6228e-05	61622	1	FALSE	ORF1ab:cds-YP_009724389.1	AAG	K	AAC	N	1383
NC_045512.2	17616	G	A	61590	18773	41	28	8	43	0.000454383	61622	9.73229e-05	TRUE	ORF1ab:cds-YP_009724389.1	AAG	K	AAA	K	1383
NC_045512.2	17617	C	T	62163	19066	41	6	3	61	9.65065e-05	62172	0.0156216	FALSE	ORF1ab:cds-YP_009724389.1	CTT	L	TTT	F	1384
NC_045512.2	17617	C	G	62163	19066	41	1	0	37	1.60844e-05	62172	1	FALSE	ORF1ab:cds-YP_009724389.1	CTT	L	GTT	V	1384
NC_045512.2	17617	C	A	62163	19066	41	2	0	31	3.21688e-05	62172	1	FALSE	ORF1ab:cds-YP_009724389.1	CTT	L	ATT	I	1384
NC_045512.2	17618	T	G	62747	19760	42	3	0	37	4.78042e-05	62756	1	FALSE	ORF1ab:cds-YP_009724389.1	CTT	L	CGT	R	1384
NC_045512.2	17618	T	C	62747	19760	42	4	0	34	6.37389e-05	62756	1	FALSE	ORF1ab:cds-YP_009724389.1	CTT	L	CCT	P	1384
NC_045512.2	17618	T	A	62747	19760	42	2	1	36	3.18695e-05	62756	1	FALSE	ORF1ab:cds-YP_009724389.1	CTT	L	CAT	H	1384
NC_045512.2	17619	T	C	62594	20282	42	6	0	37	9.58375e-05	62606	1	FALSE	ORF1ab:cds-YP_009724389.1	CTT	L	CTC	L	1384
NC_045512.2	17619	T	A	62594	20282	42	6	1	27	9.58375e-05	62606	1	FALSE	ORF1ab:cds-YP_009724389.1	CTT	L	CTA	L	1384
NC_045512.2	17620	A	T	62779	20277	42	4	0	37	6.37085e-05	62786	1	FALSE	ORF1ab:cds-YP_009724389.1	AAA	K	TAA	*	1385
NC_045512.2	17620	A	G	62779	20277	42	1	0	37	1.59271e-05	62786	1	FALSE	ORF1ab:cds-YP_009724389.1	AAA	K	GAA	E	1385
NC_045512.2	17620	A	C	62779	20277	42	2	1	37	3.18542e-05	62786	1	FALSE	ORF1ab:cds-YP_009724389.1	AAA	K	CAA	Q	1385
NC_045512.2	17621	A	T	62008	20254	42	4	1	30	6.44932e-05	62022	1	FALSE	ORF1ab:cds-YP_009724389.1	AAA	K	ATA	I	1385
NC_045512.2	17621	A	G	62008	20254	42	8	1	41	0.000128986	62022	0.395199	FALSE	ORF1ab:cds-YP_009724389.1	AAA	K	AGA	R	1385
NC_045512.2	17621	A	C	62008	20254	42	2	1	37	3.22466e-05	62022	1	FALSE	ORF1ab:cds-YP_009724389.1	AAA	K	ACA	T	1385
NC_045512.2	17622	A	T	60996	20434	41	4	2	46	6.55619e-05	61011	0.828068	FALSE	ORF1ab:cds-YP_009724389.1	AAA	K	AAT	N	1385
NC_045512.2	17622	A	G	60996	20434	41	9	2	39	0.000147514	61011	1	FALSE	ORF1ab:cds-YP_009724389.1	AAA	K	AAG	K	1385
NC_045512.2	17622	A	C	60996	20434	41	2	0	37	3.2781e-05	61011	1	FALSE	ORF1ab:cds-YP_009724389.1	AAA	K	AAC	N	1385
NC_045512.2	17622	A	-G	60996	20434	41	1	0	20	1.63905e-05	61011	1	FALSE	NA	NA	NA	NA	NA	NA
NC_045512.2	17623	G	T	61908	20399	42	2	0	31	3.22997e-05	61920	1	FALSE	ORF1ab:cds-YP_009724389.1	GCA	A	TCA	S	1386
NC_045512.2	17623	G	A	61908	20399	42	10	3	48	0.000161499	61920	0.227215	FALSE	ORF1ab:cds-YP_009724389.1	GCA	A	ACA	T	1386
NC_045512.2	17624	C	T	62232	20711	42	26	11	48	0.00041759	62262	0.000266976	TRUE	ORF1ab:cds-YP_009724389.1	GCA	A	GTA	V	1386
NC_045512.2	17624	C	G	62232	20711	42	1	1	37	1.60612e-05	62262	1	FALSE	ORF1ab:cds-YP_009724389.1	GCA	A	GGA	G	1386
NC_045512.2	17624	C	A	62232	20711	42	3	1	37	4.81835e-05	62262	1	FALSE	ORF1ab:cds-YP_009724389.1	GCA	A	GAA	E	1386
NC_045512.2	17625	A	T	60870	19411	42	1	0	37	1.6426e-05	60879	1	FALSE	ORF1ab:cds-YP_009724389.1	GCA	A	GCT	A	1386
NC_045512.2	17625	A	G	60870	19411	42	6	1	37	9.85562e-05	60879	1	FALSE	ORF1ab:cds-YP_009724389.1	GCA	A	GCG	A	1386
NC_045512.2	17625	A	C	60870	19411	42	2	0	37	3.28521e-05	60879	1	FALSE	ORF1ab:cds-YP_009724389.1	GCA	A	GCC	A	1386
NC_045512.2	17626	C	T	65478	19400	42	5	1	34	7.63417e-05	65495	1	FALSE	ORF1ab:cds-YP_009724389.1	CAT	H	TAT	Y	1387
NC_045512.2	17626	C	G	65478	19400	42	1	0	37	1.52683e-05	65495	1	FALSE	ORF1ab:cds-YP_009724389.1	CAT	H	GAT	D	1387
NC_045512.2	17626	C	A	65478	19400	42	11	3	44	0.000167952	65495	0.166097	FALSE	ORF1ab:cds-YP_009724389.1	CAT	H	AAT	N	1387
NC_045512.2	17627	A	G	65199	19647	42	6	3	43	9.20175e-05	65205	0.612809	FALSE	ORF1ab:cds-YP_009724389.1	CAT	H	CGT	R	1387
NC_045512.2	17628	T	C	64841	20093	42	3	0	33	4.62642e-05	64845	1	FALSE	ORF1ab:cds-YP_009724389.1	CAT	H	CAC	H	1387
NC_045512.2	17628	T	A	64841	20093	42	1	0	37	1.54214e-05	64845	1	FALSE	ORF1ab:cds-YP_009724389.1	CAT	H	CAA	Q	1387
NC_045512.2	17628	T	-A	64841	20093	42	2	0	20	3.08428e-05	64845	1	FALSE	NA	NA	NA	NA	NA	NA
NC_045512.2	17629	A	G	60742	21702	41	5	3	42	8.23086e-05	60747	0.725586	FALSE	ORF1ab:cds-YP_009724389.1	AAA	K	GAA	E	1388
NC_045512.2	17630	A	T	60247	21359	40	2	1	55	3.31906e-05	60258	0.249965	FALSE	ORF1ab:cds-YP_009724389.1	AAA	K	ATA	I	1388
NC_045512.2	17630	A	G	60247	21359	40	7	5	44	0.000116167	60258	0.499963	FALSE	ORF1ab:cds-YP_009724389.1	AAA	K	AGA	R	1388
NC_045512.2	17630	A	C	60247	21359	40	2	1	25	3.31906e-05	60258	1	FALSE	ORF1ab:cds-YP_009724389.1	AAA	K	ACA	T	1388
NC_045512.2	17631	A	T	62344	21532	40	4	0	37	6.41457e-05	62358	1	FALSE	ORF1ab:cds-YP_009724389.1	AAA	K	AAT	N	1388
NC_045512.2	17631	A	G	62344	21532	40	9	3	43	0.000144328	62358	0.303564	FALSE	ORF1ab:cds-YP_009724389.1	AAA	K	AAG	K	1388
NC_045512.2	17631	A	C	62344	21532	40	1	1	37	1.60364e-05	62358	1	FALSE	ORF1ab:cds-YP_009724389.1	AAA	K	AAC	N	1388
NC_045512.2	17632	G	T	62393	21758	40	3	0	37	4.80777e-05	62399	1	FALSE	ORF1ab:cds-YP_009724389.1	GAC	D	TAC	Y	1389
NC_045512.2	17632	G	C	62393	21758	40	1	0	29	1.60259e-05	62399	1	FALSE	ORF1ab:cds-YP_009724389.1	GAC	D	CAC	H	1389
NC_045512.2	17632	G	A	62393	21758	40	2	1	31	3.20518e-05	62399	1	FALSE	ORF1ab:cds-YP_009724389.1	GAC	D	AAC	N	1389
NC_045512.2	17633	A	T	62409	21955	40	1	0	37	1.60202e-05	62421	1	FALSE	ORF1ab:cds-YP_009724389.1	GAC	D	GTC	V	1389
NC_045512.2	17633	A	G	62409	21955	40	10	4	37	0.000160202	62421	1	FALSE	ORF1ab:cds-YP_009724389.1	GAC	D	GGC	G	1389
NC_045512.2	17633	A	C	62409	21955	40	1	0	37	1.60202e-05	62421	1	FALSE	ORF1ab:cds-YP_009724389.1	GAC	D	GCC	A	1389
NC_045512.2	17634	C	T	62064	23206	40	4	0	37	6.44444e-05	62069	1	FALSE	ORF1ab:cds-YP_009724389.1	GAC	D	GAT	D	1389
NC_045512.2	17634	C	A	62064	23206	40	1	0	37	1.61111e-05	62069	1	FALSE	ORF1ab:cds-YP_009724389.1	GAC	D	GAA	E	1389
NC_045512.2	17635	A	G	57341	22576	39	14	8	37	0.000244094	57355	1	FALSE	ORF1ab:cds-YP_009724389.1	AAA	K	GAA	E	1390
NC_045512.2	17635	A	+G	57341	22576	39	1	0	20	1.74353e-05	57355	1	FALSE	NA	NA	NA	NA	NA	NA
NC_045512.2	17636	A	T	58739	22394	39	5	2	42	8.51093e-05	58748	0.623021	FALSE	ORF1ab:cds-YP_009724389.1	AAA	K	ATA	I	1390
NC_045512.2	17636	A	G	58739	22394	39	2	2	29	3.40437e-05	58748	1	FALSE	ORF1ab:cds-YP_009724389.1	AAA	K	AGA	R	1390
NC_045512.2	17636	A	C	58739	22394	39	2	1	49	3.40437e-05	58748	0.937489	FALSE	ORF1ab:cds-YP_009724389.1	AAA	K	ACA	T	1390
NC_045512.2	17637	A	T	58600	22422	39	3	2	37	5.11876e-05	58608	1	FALSE	ORF1ab:cds-YP_009724389.1	AAA	K	AAT	N	1390
NC_045512.2	17637	A	G	58600	22422	39	3	2	36	5.11876e-05	58608	1	FALSE	ORF1ab:cds-YP_009724389.1	AAA	K	AAG	K	1390
NC_045512.2	17637	A	C	58600	22422	39	2	2	25	3.4125e-05	58608	1	FALSE	ORF1ab:cds-YP_009724389.1	AAA	K	AAC	N	1390
NC_045512.2	17638	T	C	58905	22841	39	9	3	37	0.00015276	58916	1	FALSE	ORF1ab:cds-YP_009724389.1	TCA	S	CCA	P	1391
NC_045512.2	17638	T	A	58905	22841	39	2	1	37	3.39466e-05	58916	1	FALSE	ORF1ab:cds-YP_009724389.1	TCA	S	ACA	T	1391
NC_045512.2	17639	C	T	58906	22869	39	9	4	41	0.00015276	58916	0.211961	FALSE	ORF1ab:cds-YP_009724389.1	TCA	S	TTA	L	1391
NC_045512.2	17639	C	A	58906	22869	39	1	0	37	1.69733e-05	58916	1	FALSE	ORF1ab:cds-YP_009724389.1	TCA	S	TAA	*	1391
NC_045512.2	17640	A	G	56227	22282	39	12	4	43	0.000213371	56240	0.0717165	FALSE	ORF1ab:cds-YP_009724389.1	TCA	S	TCG	S	1391
NC_045512.2	17640	A	C	56227	22282	39	1	1	37	1.77809e-05	56240	1	FALSE	ORF1ab:cds-YP_009724389.1	TCA	S	TCC	S	1391
NC_045512.2	17641	G	T	59267	23518	39	5	2	34	8.43113e-05	59304	1	FALSE	ORF1ab:cds-YP_009724389.1	GCT	A	TCT	S	1392
NC_045512.2	17641	G	C	59267	23518	39	1	0	37	1.68623e-05	59304	1	FALSE	ORF1ab:cds-YP_009724389.1	GCT	A	CCT	P	1392
NC_045512.2	17641	G	A	59267	23518	39	31	12	36	0.00052273	59304	0.998972	FALSE	ORF1ab:cds-YP_009724389.1	GCT	A	ACT	T	1392
NC_045512.2	17642	C	T	59444	23736	39	11	6	35	0.000185008	59457	1	FALSE	ORF1ab:cds-YP_009724389.1	GCT	A	GTT	V	1392
NC_045512.2	17642	C	G	59444	23736	39	1	0	25	1.68189e-05	59457	1	FALSE	ORF1ab:cds-YP_009724389.1	GCT	A	GGT	G	1392
NC_045512.2	17642	C	A	59444	23736	39	1	0	37	1.68189e-05	59457	1	FALSE	ORF1ab:cds-YP_009724389.1	GCT	A	GAT	D	1392
NC_045512.2	17643	T	C	59477	23665	39	4	0	31	6.7245e-05	59484	1	FALSE	ORF1ab:cds-YP_009724389.1	GCT	A	GCC	A	1392
NC_045512.2	17643	T	A	59477	23665	39	3	1	46	5.04337e-05	59484	0.85546	FALSE	ORF1ab:cds-YP_009724389.1	GCT	A	GCA	A	1392
NC_045512.2	17644	C	T	59280	23489	39	2	0	37	3.37342e-05	59287	1	FALSE	ORF1ab:cds-YP_009724389.1	CAA	Q	TAA	*	1393
NC_045512.2	17644	C	G	59280	23489	39	2	1	31	3.37342e-05	59287	1	FALSE	ORF1ab:cds-YP_009724389.1	CAA	Q	GAA	E	1393
NC_045512.2	17644	C	A	59280	23489	39	3	1	37	5.06013e-05	59287	1	FALSE	ORF1ab:cds-YP_009724389.1	CAA	Q	AAA	K	1393
NC_045512.2	17645	A	G	58533	23023	39	6	2	43	0.000102496	58539	0.500012	FALSE	ORF1ab:cds-YP_009724389.1	CAA	Q	CGA	R	1393
NC_045512.2	17646	A	T	58157	23116	39	4	2	46	6.87699e-05	58165	0.746077	FALSE	ORF1ab:cds-YP_009724389.1	CAA	Q	CAT	H	1393
NC_045512.2	17646	A	G	58157	23116	39	2	2	37	3.43849e-05	58165	1	FALSE	ORF1ab:cds-YP_009724389.1	CAA	Q	CAG	Q	1393
NC_045512.2	17646	A	C	58157	23116	39	2	1	31	3.43849e-05	58165	1	FALSE	ORF1ab:cds-YP_009724389.1	CAA	Q	CAC	H	1393
NC_045512.2	17647	T	G	61811	27810	40	23	23	36	0.000371928	61840	0.999993	FALSE	ORF1ab:cds-YP_009724389.1	TGC	C	GGC	G	1394
NC_045512.2	17647	T	C	61811	27810	40	3	0	37	4.85123e-05	61840	1	FALSE	ORF1ab:cds-YP_009724389.1	TGC	C	CGC	R	1394
NC_045512.2	17647	T	A	61811	27810	40	3	3	37	4.85123e-05	61840	1	FALSE	ORF1ab:cds-YP_009724389.1	TGC	C	AGC	S	1394
NC_045512.2	17648	G	T	62097	28557	40	3	1	33	4.82952e-05	62118	1	FALSE	ORF1ab:cds-YP_009724389.1	TGC	C	TTC	F	1394
NC_045512.2	17648	G	C	62097	28557	40	1	0	37	1.60984e-05	62118	1	FALSE	ORF1ab:cds-YP_009724389.1	TGC	C	TCC	S	1394
NC_045512.2	17648	G	A	62097	28557	40	17	7	42	0.000273673	62118	0.0173317	FALSE	ORF1ab:cds-YP_009724389.1	TGC	C	TAC	Y	1394
NC_045512.2	17649	C	T	62115	28638	40	16	8	39	0.000257512	62133	1	FALSE	ORF1ab:cds-YP_009724389.1	TGC	C	TGT	C	1394
NC_045512.2	17649	C	A	62115	28638	40	2	2	31	3.2189e-05	62133	1	FALSE	ORF1ab:cds-YP_009724389.1	TGC	C	TGA	*	1394
NC_045512.2	17649	C	-T	62115	28638	40	1	0	20	1.60945e-05	62133	1	FALSE	NA	NA	NA	NA	NA	NA
NC_045512.2	17650	T	G	60959	27632	40	1	0	25	1.63999e-05	60976	1	FALSE	ORF1ab:cds-YP_009724389.1	TTT	F	GTT	V	1395
NC_045512.2	17650	T	C	60959	27632	40	12	8	35	0.000196799	60976	1	FALSE	ORF1ab:cds-YP_009724389.1	TTT	F	CTT	L	1395
NC_045512.2	17650	T	A	60959	27632	40	4	3	37	6.55996e-05	60976	1	FALSE	ORF1ab:cds-YP_009724389.1	TTT	F	ATT	I	1395
NC_045512.2	17651	T	G	60936	27879	40	1	0	37	1.64066e-05	60951	1	FALSE	ORF1ab:cds-YP_009724389.1	TTT	F	TGT	C	1395
NC_045512.2	17651	T	C	60936	27879	40	7	4	33	0.000114846	60951	1	FALSE	ORF1ab:cds-YP_009724389.1	TTT	F	TCT	S	1395
NC_045512.2	17651	T	A	60936	27879	40	7	2	45	0.000114846	60951	0.499916	FALSE	ORF1ab:cds-YP_009724389.1	TTT	F	TAT	Y	1395
NC_045512.2	17652	T	C	62034	28639	40	3	1	37	4.83551e-05	62041	1	FALSE	ORF1ab:cds-YP_009724389.1	TTT	F	TTC	F	1395
NC_045512.2	17652	T	A	62034	28639	40	4	1	37	6.44735e-05	62041	1	FALSE	ORF1ab:cds-YP_009724389.1	TTT	F	TTA	L	1395
NC_045512.2	17652	T	-A	62034	28639	40	8	0	20	0.000128947	62041	1	FALSE	NA	NA	NA	NA	NA	NA
NC_045512.2	17652	T	+A	62034	28639	40	1	0	20	1.61184e-05	62041	1	FALSE	NA	NA	NA	NA	NA	NA
NC_045512.2	17653	A	T	61387	28733	40	7	4	37	0.00011401	61398	1	FALSE	ORF1ab:cds-YP_009724389.1	AAA	K	TAA	*	1396
NC_045512.2	17653	A	G	61387	28733	40	4	0	43	6.51487e-05	61398	0.828048	FALSE	ORF1ab:cds-YP_009724389.1	AAA	K	GAA	E	1396
NC_045512.2	17654	A	T	61130	28554	40	2	2	55	3.27118e-05	61140	0.249969	FALSE	ORF1ab:cds-YP_009724389.1	AAA	K	ATA	I	1396
NC_045512.2	17654	A	G	61130	28554	40	6	4	39	9.81354e-05	61140	1	FALSE	ORF1ab:cds-YP_009724389.1	AAA	K	AGA	R	1396
NC_045512.2	17654	A	C	61130	28554	40	2	1	37	3.27118e-05	61140	1	FALSE	ORF1ab:cds-YP_009724389.1	AAA	K	ACA	T	1396
NC_045512.2	17655	A	T	61123	28459	40	1	0	25	1.63597e-05	61126	1	FALSE	ORF1ab:cds-YP_009724389.1	AAA	K	AAT	N	1396
NC_045512.2	17655	A	G	61123	28459	40	2	1	37	3.27193e-05	61126	1	FALSE	ORF1ab:cds-YP_009724389.1	AAA	K	AAG	K	1396
NC_045512.2	17656	A	T	60788	28699	40	3	2	37	4.93421e-05	60800	1	FALSE	ORF1ab:cds-YP_009724389.1	ATG	M	TTG	L	1397
NC_045512.2	17656	A	G	60788	28699	40	8	4	37	0.000131579	60800	1	FALSE	ORF1ab:cds-YP_009724389.1	ATG	M	GTG	V	1397
NC_045512.2	17656	A	C	60788	28699	40	1	1	25	1.64474e-05	60800	1	FALSE	ORF1ab:cds-YP_009724389.1	ATG	M	CTG	L	1397
NC_045512.2	17657	T	G	61492	29070	40	5	4	32	8.12968e-05	61503	1	FALSE	ORF1ab:cds-YP_009724389.1	ATG	M	AGG	R	1397
NC_045512.2	17657	T	C	61492	29070	40	5	1	42	8.12968e-05	61503	0.725549	FALSE	ORF1ab:cds-YP_009724389.1	ATG	M	ACG	T	1397
NC_045512.2	17657	T	A	61492	29070	40	1	0	37	1.62594e-05	61503	1	FALSE	ORF1ab:cds-YP_009724389.1	ATG	M	AAG	K	1397
NC_045512.2	17658	G	T	61710	28997	40	4	1	34	6.48078e-05	61721	1	FALSE	ORF1ab:cds-YP_009724389.1	ATG	M	ATT	I	1397
NC_045512.2	17658	G	A	61710	28997	40	7	3	63	0.000113414	61721	0.00780984	TRUE	ORF1ab:cds-YP_009724389.1	ATG	M	ATA	I	1397
NC_045512.2	17658	G	-T	61710	28997	40	5	0	20	8.10097e-05	61721	1	FALSE	NA	NA	NA	NA	NA	NA
NC_045512.2	17659	T	G	60972	28519	40	1	1	37	1.63983e-05	60982	1	FALSE	ORF1ab:cds-YP_009724389.1	TTT	F	GTT	V	1398
NC_045512.2	17659	T	C	60972	28519	40	6	6	37	9.83897e-05	60982	1	FALSE	ORF1ab:cds-YP_009724389.1	TTT	F	CTT	L	1398
NC_045512.2	17659	T	A	60972	28519	40	3	1	29	4.91948e-05	60982	1	FALSE	ORF1ab:cds-YP_009724389.1	TTT	F	ATT	I	1398
NC_045512.2	17660	T	C	60707	27920	39	3	0	33	4.94144e-05	60711	1	FALSE	ORF1ab:cds-YP_009724389.1	TTT	F	TCT	S	1398
NC_045512.2	17660	T	A	60707	27920	39	1	1	25	1.64715e-05	60711	1	FALSE	ORF1ab:cds-YP_009724389.1	TTT	F	TAT	Y	1398
NC_045512.2	17661	T	G	63000	28590	40	1	1	62	1.58723e-05	63003	0.499996	FALSE	ORF1ab:cds-YP_009724389.1	TTT	F	TTG	L	1398
NC_045512.2	17661	T	C	63000	28590	40	1	1	37	1.58723e-05	63003	1	FALSE	ORF1ab:cds-YP_009724389.1	TTT	F	TTC	F	1398
NC_045512.2	17661	T	A	63000	28590	40	1	1	25	1.58723e-05	63003	1	FALSE	ORF1ab:cds-YP_009724389.1	TTT	F	TTA	L	1398
NC_045512.2	17661	T	-TA	63000	28590	40	1	0	20	1.58723e-05	63003	1	FALSE	NA	NA	NA	NA	NA	NA
NC_045512.2	17662	T	G	64576	30457	40	3	3	37	4.64526e-05	64582	1	FALSE	ORF1ab:cds-YP_009724389.1	TAT	Y	GAT	D	1399
NC_045512.2	17662	T	C	64576	30457	40	3	1	45	4.64526e-05	64582	0.910152	FALSE	ORF1ab:cds-YP_009724389.1	TAT	Y	CAT	H	1399
NC_045512.2	17663	A	T	63830	31113	40	2	1	37	3.13313e-05	63834	1	FALSE	ORF1ab:cds-YP_009724389.1	TAT	Y	TTT	F	1399
NC_045512.2	17663	A	G	63830	31113	40	1	0	74	1.56656e-05	63834	0.499988	FALSE	ORF1ab:cds-YP_009724389.1	TAT	Y	TGT	C	1399
NC_045512.2	17663	A	C	63830	31113	40	1	0	25	1.56656e-05	63834	1	FALSE	ORF1ab:cds-YP_009724389.1	TAT	Y	TCT	S	1399
NC_045512.2	17664	T	C	63723	31193	40	1	1	37	1.56924e-05	63725	1	FALSE	ORF1ab:cds-YP_009724389.1	TAT	Y	TAC	Y	1399
NC_045512.2	17664	T	A	63723	31193	40	1	1	37	1.56924e-05	63725	1	FALSE	ORF1ab:cds-YP_009724389.1	TAT	Y	TAA	*	1399
NC_045512.2	17664	T	-A	63723	31193	40	5	0	20	7.84621e-05	63725	1	FALSE	NA	NA	NA	NA	NA	NA
NC_045512.2	17665	A	G	63547	30778	40	16	10	38	0.000251715	63564	1	FALSE	ORF1ab:cds-YP_009724389.1	AAG	K	GAG	E	1400
NC_045512.2	17665	A	C	63547	30778	40	1	1	25	1.57322e-05	63564	1	FALSE	ORF1ab:cds-YP_009724389.1	AAG	K	CAG	Q	1400
NC_045512.2	17666	A	T	63211	30568	40	12	4	39	0.000189699	63258	1	FALSE	ORF1ab:cds-YP_009724389.1	AAG	K	ATG	M	1400
NC_045512.2	17666	A	G	63211	30568	40	25	9	38	0.000395207	63258	0.999988	FALSE	ORF1ab:cds-YP_009724389.1	AAG	K	AGG	R	1400
NC_045512.2	17666	A	C	63211	30568	40	10	6	39	0.000158083	63258	1	FALSE	ORF1ab:cds-YP_009724389.1	AAG	K	ACG	T	1400
NC_045512.2	17667	G	T	65372	31068	40	16	11	41	0.000244667	65395	0.0262165	FALSE	ORF1ab:cds-YP_009724389.1	AAG	K	AAT	N	1400
NC_045512.2	17667	G	C	65372	31068	40	5	0	34	7.64584e-05	65395	1	FALSE	ORF1ab:cds-YP_009724389.1	AAG	K	AAC	N	1400
NC_045512.2	17667	G	A	65372	31068	40	2	1	37	3.05834e-05	65395	1	FALSE	ORF1ab:cds-YP_009724389.1	AAG	K	AAA	K	1400
NC_045512.2	17668	G	T	65045	31091	39	3	0	29	4.61162e-05	65053	1	FALSE	ORF1ab:cds-YP_009724389.1	GGT	G	TGT	C	1401
NC_045512.2	17668	G	A	65045	31091	39	5	2	34	7.68604e-05	65053	1	FALSE	ORF1ab:cds-YP_009724389.1	GGT	G	AGT	S	1401
NC_045512.2	17669	G	T	67895	31480	40	3	0	28	4.41761e-05	67910	1	FALSE	ORF1ab:cds-YP_009724389.1	GGT	G	GTT	V	1401
NC_045512.2	17669	G	C	67895	31480	40	2	1	37	2.94507e-05	67910	1	FALSE	ORF1ab:cds-YP_009724389.1	GGT	G	GCT	A	1401
NC_045512.2	17669	G	A	67895	31480	40	10	3	40	0.000147254	67910	0.2272	FALSE	ORF1ab:cds-YP_009724389.1	GGT	G	GAT	D	1401
NC_045512.2	17669	G	+C	67895	31480	40	3	0	20	4.41761e-05	67910	1	FALSE	NA	NA	NA	NA	NA	NA
NC_045512.2	17670	T	C	66789	30080	39	5	1	31	7.48548e-05	66796	1	FALSE	ORF1ab:cds-YP_009724389.1	GGT	G	GGC	G	1401
NC_045512.2	17670	T	A	66789	30080	39	2	2	37	2.99419e-05	66796	1	FALSE	ORF1ab:cds-YP_009724389.1	GGT	G	GGA	G	1401
NC_045512.2	17670	T	-G	66789	30080	39	1	0	20	1.4971e-05	66796	1	FALSE	NA	NA	NA	NA	NA	NA
NC_045512.2	17671	G	T	67394	30487	40	4	3	40	5.93357e-05	67413	0.828043	FALSE	ORF1ab:cds-YP_009724389.1	GTT	V	TTT	F	1402
NC_045512.2	17671	G	A	67394	30487	40	15	6	39	0.000222509	67413	1	FALSE	ORF1ab:cds-YP_009724389.1	GTT	V	ATT	I	1402
NC_045512.2	17671	G	-T	67394	30487	40	1	0	20	1.48337e-05	67414	1	FALSE	NA	NA	NA	NA	NA	NA
NC_045512.2	17672	T	C	67532	31123	40	11	4	40	0.000162857	67544	0.16613	FALSE	ORF1ab:cds-YP_009724389.1	GTT	V	GCT	A	1402
NC_045512.2	17672	T	A	67532	31123	40	1	0	25	1.48052e-05	67544	1	FALSE	ORF1ab:cds-YP_009724389.1	GTT	V	GAT	D	1402
NC_045512.2	17673	T	C	67445	31233	40	12	4	35	0.000177891	67457	1	FALSE	ORF1ab:cds-YP_009724389.1	GTT	V	GTC	V	1402
NC_045512.2	17674	A	T	67425	31427	40	3	1	29	4.4486e-05	67437	1	FALSE	ORF1ab:cds-YP_009724389.1	ATC	I	TTC	F	1403
NC_045512.2	17674	A	G	67425	31427	40	8	4	42	0.000118629	67437	0.395226	FALSE	ORF1ab:cds-YP_009724389.1	ATC	I	GTC	V	1403
NC_045512.2	17674	A	C	67425	31427	40	1	1	25	1.48287e-05	67437	1	FALSE	ORF1ab:cds-YP_009724389.1	ATC	I	CTC	L	1403
NC_045512.2	17675	T	G	67607	31418	40	1	1	37	1.47883e-05	67621	1	FALSE	ORF1ab:cds-YP_009724389.1	ATC	I	AGC	S	1403
NC_045512.2	17675	T	C	67607	31418	40	9	4	41	0.000133095	67621	0.303569	FALSE	ORF1ab:cds-YP_009724389.1	ATC	I	ACC	T	1403
NC_045512.2	17675	T	A	67607	31418	40	4	0	36	5.91532e-05	67621	1	FALSE	ORF1ab:cds-YP_009724389.1	ATC	I	AAC	N	1403
NC_045512.2	17676	C	T	66202	30280	40	10	1	44	0.000151007	66222	0.227152	FALSE	ORF1ab:cds-YP_009724389.1	ATC	I	ATT	I	1403
NC_045512.2	17676	C	A	66202	30280	40	10	4	37	0.000151007	66222	1	FALSE	ORF1ab:cds-YP_009724389.1	ATC	I	ATA	I	1403
NC_045512.2	17676	C	-A	66202	30280	40	1	0	20	1.51007e-05	66222	1	FALSE	NA	NA	NA	NA	NA	NA
NC_045512.2	17677	A	T	65842	29947	40	3	1	33	4.55553e-05	65854	1	FALSE	ORF1ab:cds-YP_009724389.1	ACG	T	TCG	S	1404
NC_045512.2	17677	A	G	65842	29947	40	8	6	37	0.000121481	65854	1	FALSE	ORF1ab:cds-YP_009724389.1	ACG	T	GCG	A	1404
NC_045512.2	17677	A	C	65842	29947	40	1	0	37	1.51851e-05	65854	1	FALSE	ORF1ab:cds-YP_009724389.1	ACG	T	CCG	P	1404
NC_045512.2	17678	C	T	64998	28213	40	30	13	42	0.000461333	65029	3.47257e-05	TRUE	ORF1ab:cds-YP_009724389.1	ACG	T	ATG	M	1404
NC_045512.2	17678	C	A	64998	28213	40	1	0	25	1.53778e-05	65029	1	FALSE	ORF1ab:cds-YP_009724389.1	ACG	T	AAG	K	1404
NC_045512.2	17679	G	T	64205	28289	40	10	2	41	0.000155497	64310	0.226342	FALSE	ORF1ab:cds-YP_009724389.1	ACG	T	ACT	T	1404
NC_045512.2	17679	G	A	64205	28289	40	95	49	40	0.00147722	64310	5.13568e-22	TRUE	ORF1ab:cds-YP_009724389.1	ACG	T	ACA	T	1404
NC_045512.2	17680	C	T	64404	28148	40	5	3	37	7.76253e-05	64412	1	FALSE	ORF1ab:cds-YP_009724389.1	CAT	H	TAT	Y	1405
NC_045512.2	17680	C	A	64404	28148	40	3	3	49	4.65752e-05	64412	0.910149	FALSE	ORF1ab:cds-YP_009724389.1	CAT	H	AAT	N	1405
NC_045512.2	17681	A	T	63776	28266	40	1	1	25	1.56794e-05	63778	1	FALSE	ORF1ab:cds-YP_009724389.1	CAT	H	CTT	L	1405
NC_045512.2	17681	A	G	63776	28266	40	1	0	25	1.56794e-05	63778	1	FALSE	ORF1ab:cds-YP_009724389.1	CAT	H	CGT	R	1405
NC_045512.2	17682	T	C	63424	28387	40	10	4	34	0.000157642	63435	1	FALSE	ORF1ab:cds-YP_009724389.1	CAT	H	CAC	H	1405
NC_045512.2	17682	T	A	63424	28387	40	1	1	37	1.57642e-05	63435	1	FALSE	ORF1ab:cds-YP_009724389.1	CAT	H	CAA	Q	1405
NC_045512.2	17683	G	T	63849	28749	40	3	1	37	4.69711e-05	63869	1	FALSE	ORF1ab:cds-YP_009724389.1	GAT	D	TAT	Y	1406
NC_045512.2	17683	G	A	63849	28749	40	17	6	41	0.00026617	63869	0.0173336	FALSE	ORF1ab:cds-YP_009724389.1	GAT	D	AAT	N	1406
NC_045512.2	17684	A	T	65136	29887	40	4	1	37	6.1393e-05	65154	1	FALSE	ORF1ab:cds-YP_009724389.1	GAT	D	GTT	V	1406
NC_045512.2	17684	A	G	65136	29887	40	14	6	44	0.000214876	65154	0.0576333	FALSE	ORF1ab:cds-YP_009724389.1	GAT	D	GGT	G	1406
NC_045512.2	17685	T	C	65961	30122	40	4	2	37	6.06373e-05	65966	1	FALSE	ORF1ab:cds-YP_009724389.1	GAT	D	GAC	D	1406
NC_045512.2	17685	T	A	65961	30122	40	1	0	37	1.51593e-05	65966	1	FALSE	ORF1ab:cds-YP_009724389.1	GAT	D	GAA	E	1406
NC_045512.2	17686	G	T	66154	30496	40	3	2	37	4.53378e-05	66170	1	FALSE	ORF1ab:cds-YP_009724389.1	GTT	V	TTT	F	1407
NC_045512.2	17686	G	C	66154	30496	40	1	0	37	1.51126e-05	66170	1	FALSE	ORF1ab:cds-YP_009724389.1	GTT	V	CTT	L	1407
NC_045512.2	17686	G	A	66154	30496	40	12	6	37	0.000181351	66170	1	FALSE	ORF1ab:cds-YP_009724389.1	GTT	V	ATT	I	1407
NC_045512.2	17687	T	G	64169	29904	40	1	1	37	1.5578e-05	64193	1	FALSE	ORF1ab:cds-YP_009724389.1	GTT	V	GGT	G	1407
NC_045512.2	17687	T	C	64169	29904	40	20	6	37	0.00031156	64193	1	FALSE	ORF1ab:cds-YP_009724389.1	GTT	V	GCT	A	1407
NC_045512.2	17687	T	A	64169	29904	40	3	2	33	4.67341e-05	64193	1	FALSE	ORF1ab:cds-YP_009724389.1	GTT	V	GAT	D	1407
NC_045512.2	17688	T	G	64165	30249	40	2	2	37	3.11638e-05	64177	1	FALSE	ORF1ab:cds-YP_009724389.1	GTT	V	GTG	V	1407
NC_045512.2	17688	T	C	64165	30249	40	8	4	41	0.000124655	64177	0.395224	FALSE	ORF1ab:cds-YP_009724389.1	GTT	V	GTC	V	1407
NC_045512.2	17688	T	A	64165	30249	40	2	1	31	3.11638e-05	64177	1	FALSE	ORF1ab:cds-YP_009724389.1	GTT	V	GTA	V	1407
NC_045512.2	17689	T	C	63189	30315	40	13	9	35	0.000205686	63203	1	FALSE	ORF1ab:cds-YP_009724389.1	TCA	S	CCA	P	1408
NC_045512.2	17689	T	A	63189	30315	40	1	0	37	1.5822e-05	63203	1	FALSE	ORF1ab:cds-YP_009724389.1	TCA	S	ACA	T	1408
NC_045512.2	17690	C	T	63461	30712	40	8	5	40	0.00012604	63472	0.395235	FALSE	ORF1ab:cds-YP_009724389.1	TCA	S	TTA	L	1408
NC_045512.2	17690	C	G	63461	30712	40	1	1	37	1.5755e-05	63472	1	FALSE	ORF1ab:cds-YP_009724389.1	TCA	S	TGA	*	1408
NC_045512.2	17690	C	A	63461	30712	40	2	1	55	3.151e-05	63472	0.249967	FALSE	ORF1ab:cds-YP_009724389.1	TCA	S	TAA	*	1408
NC_045512.2	17691	A	G	63109	30691	40	10	7	38	0.000158428	63120	1	FALSE	ORF1ab:cds-YP_009724389.1	TCA	S	TCG	S	1408
NC_045512.2	17691	A	C	63109	30691	40	1	0	25	1.58428e-05	63120	1	FALSE	ORF1ab:cds-YP_009724389.1	TCA	S	TCC	S	1408
NC_045512.2	17692	T	C	62936	30450	40	3	2	45	4.76644e-05	62940	0.910164	FALSE	ORF1ab:cds-YP_009724389.1	TCT	S	CCT	P	1409
NC_045512.2	17692	T	A	62936	30450	40	1	1	37	1.58881e-05	62940	1	FALSE	ORF1ab:cds-YP_009724389.1	TCT	S	ACT	T	1409
NC_045512.2	17693	C	T	62794	30411	40	6	0	41	9.55384e-05	62802	0.612788	FALSE	ORF1ab:cds-YP_009724389.1	TCT	S	TTT	F	1409
NC_045512.2	17693	C	A	62794	30411	40	2	2	37	3.18461e-05	62802	1	FALSE	ORF1ab:cds-YP_009724389.1	TCT	S	TAT	Y	1409
NC_045512.2	17694	T	G	62048	29712	40	1	1	37	1.61101e-05	62073	1	FALSE	ORF1ab:cds-YP_009724389.1	TCT	S	TCG	S	1409
NC_045512.2	17694	T	C	62048	29712	40	19	9	38	0.000306091	62073	1	FALSE	ORF1ab:cds-YP_009724389.1	TCT	S	TCC	S	1409
NC_045512.2	17694	T	A	62048	29712	40	5	1	29	8.05503e-05	62073	1	FALSE	ORF1ab:cds-YP_009724389.1	TCT	S	TCA	S	1409
NC_045512.2	17695	G	T	64403	30200	40	10	3	39	0.000155077	64484	1	FALSE	ORF1ab:cds-YP_009724389.1	GCA	A	TCA	S	1410
NC_045512.2	17695	G	C	64403	30200	40	2	1	37	3.10154e-05	64484	1	FALSE	ORF1ab:cds-YP_009724389.1	GCA	A	CCA	P	1410
NC_045512.2	17695	G	A	64403	30200	40	69	35	40	0.00107003	64484	5.70221e-15	TRUE	ORF1ab:cds-YP_009724389.1	GCA	A	ACA	T	1410
NC_045512.2	17696	C	T	64501	30285	40	38	18	43	0.000588764	64542	4.69455e-07	TRUE	ORF1ab:cds-YP_009724389.1	GCA	A	GTA	V	1410
NC_045512.2	17696	C	G	64501	30285	40	1	0	37	1.54938e-05	64542	1	FALSE	ORF1ab:cds-YP_009724389.1	GCA	A	GGA	G	1410
NC_045512.2	17696	C	A	64501	30285	40	2	1	37	3.09876e-05	64542	1	FALSE	ORF1ab:cds-YP_009724389.1	GCA	A	GAA	E	1410
NC_045512.2	17697	A	T	63875	30414	39	3	3	31	4.69609e-05	63883	1	FALSE	ORF1ab:cds-YP_009724389.1	GCA	A	GCT	A	1410
NC_045512.2	17697	A	G	63875	30414	39	5	4	42	7.82681e-05	63883	0.725577	FALSE	ORF1ab:cds-YP_009724389.1	GCA	A	GCG	A	1410
NC_045512.2	17698	A	G	64678	31634	40	7	1	37	0.000108217	64685	1	FALSE	ORF1ab:cds-YP_009724389.1	ATT	I	GTT	V	1411
NC_045512.2	17699	T	G	64558	31583	39	1	1	37	1.54883e-05	64565	1	FALSE	ORF1ab:cds-YP_009724389.1	ATT	I	AGT	S	1411
NC_045512.2	17699	T	C	64558	31583	39	4	3	37	6.19531e-05	64565	1	FALSE	ORF1ab:cds-YP_009724389.1	ATT	I	ACT	T	1411
NC_045512.2	17699	T	A	64558	31583	39	2	1	37	3.09765e-05	64565	1	FALSE	ORF1ab:cds-YP_009724389.1	ATT	I	AAT	N	1411
NC_045512.2	17700	T	G	66670	33464	40	1	1	25	1.49968e-05	66681	1	FALSE	ORF1ab:cds-YP_009724389.1	ATT	I	ATG	M	1411
NC_045512.2	17700	T	C	66670	33464	40	8	4	44	0.000119974	66681	0.395236	FALSE	ORF1ab:cds-YP_009724389.1	ATT	I	ATC	I	1411
NC_045512.2	17700	T	A	66670	33464	40	2	0	37	2.99936e-05	66681	1	FALSE	ORF1ab:cds-YP_009724389.1	ATT	I	ATA	I	1411
NC_045512.2	17701	A	T	66393	33158	40	1	0	37	1.50593e-05	66404	1	FALSE	ORF1ab:cds-YP_009724389.1	AAC	N	TAC	Y	1412
NC_045512.2	17701	A	G	66393	33158	40	8	3	35	0.000120475	66404	1	FALSE	ORF1ab:cds-YP_009724389.1	AAC	N	GAC	D	1412
NC_045512.2	17701	A	C	66393	33158	40	2	2	25	3.01187e-05	66404	1	FALSE	ORF1ab:cds-YP_009724389.1	AAC	N	CAC	H	1412
NC_045512.2	17702	A	T	66068	34961	40	3	3	33	4.54016e-05	66077	1	FALSE	ORF1ab:cds-YP_009724389.1	AAC	N	ATC	I	1412
NC_045512.2	17702	A	G	66068	34961	40	5	3	34	7.56693e-05	66077	1	FALSE	ORF1ab:cds-YP_009724389.1	AAC	N	AGC	S	1412
NC_045512.2	17702	A	C	66068	34961	40	1	1	25	1.51339e-05	66077	1	FALSE	ORF1ab:cds-YP_009724389.1	AAC	N	ACC	T	1412
NC_045512.2	17703	C	T	66731	36176	40	25	10	40	0.000374481	66759	0.000438249	TRUE	ORF1ab:cds-YP_009724389.1	AAC	N	AAT	N	1412
NC_045512.2	17703	C	A	66731	36176	40	3	0	39	4.49378e-05	66759	1	FALSE	ORF1ab:cds-YP_009724389.1	AAC	N	AAA	K	1412
NC_045512.2	17704	A	T	63320	32916	40	6	4	35	9.46865e-05	63367	1	FALSE	ORF1ab:cds-YP_009724389.1	AGG	R	TGG	W	1413
NC_045512.2	17704	A	G	63320	32916	40	36	20	38	0.000568119	63367	0.997682	FALSE	ORF1ab:cds-YP_009724389.1	AGG	R	GGG	G	1413
NC_045512.2	17704	A	C	63320	32916	40	5	2	37	7.89054e-05	63367	1	FALSE	ORF1ab:cds-YP_009724389.1	AGG	R	CGG	R	1413
NC_045512.2	17705	G	T	64382	32944	40	18	10	45	0.00027946	64410	0.0113117	FALSE	ORF1ab:cds-YP_009724389.1	AGG	R	ATG	M	1413
NC_045512.2	17705	G	C	64382	32944	40	1	1	74	1.55255e-05	64410	0.499899	FALSE	ORF1ab:cds-YP_009724389.1	AGG	R	ACG	T	1413
NC_045512.2	17705	G	A	64382	32944	40	9	4	41	0.00013973	64410	0.303417	FALSE	ORF1ab:cds-YP_009724389.1	AGG	R	AAG	K	1413
NC_045512.2	17706	G	T	64216	32718	40	313	154	41	0.00484588	64591	7.99996e-85	TRUE	ORF1ab:cds-YP_009724389.1	AGG	R	AGT	S	1413
NC_045512.2	17706	G	C	64216	32718	40	1	1	37	1.5482e-05	64591	1	FALSE	ORF1ab:cds-YP_009724389.1	AGG	R	AGC	S	1413
NC_045512.2	17706	G	A	64216	32718	40	61	24	41	0.000944404	64591	6.45763e-13	TRUE	ORF1ab:cds-YP_009724389.1	AGG	R	AGA	R	1413
NC_045512.2	17706	G	-C	64216	32718	40	1	0	20	1.5482e-05	64591	1	FALSE	NA	NA	NA	NA	NA	NA
NC_045512.2	17706	G	+A	64216	32718	40	1	0	20	1.5482e-05	64591	1	FALSE	NA	NA	NA	NA	NA	NA
NC_045512.2	17707	C	T	64839	32746	40	40	21	37	0.000616485	64884	0.993093	FALSE	ORF1ab:cds-YP_009724389.1	CCA	P	TCA	S	1414
NC_045512.2	17707	C	G	64839	32746	40	2	2	31	3.08242e-05	64884	1	FALSE	ORF1ab:cds-YP_009724389.1	CCA	P	GCA	A	1414
NC_045512.2	17707	C	A	64839	32746	40	3	3	33	4.62364e-05	64884	1	FALSE	ORF1ab:cds-YP_009724389.1	CCA	P	ACA	T	1414
NC_045512.2	17708	C	T	65202	33350	40	2	1	37	3.06701e-05	65210	1	FALSE	ORF1ab:cds-YP_009724389.1	CCA	P	CTA	L	1414
NC_045512.2	17708	C	A	65202	33350	40	6	1	35	9.20104e-05	65210	1	FALSE	ORF1ab:cds-YP_009724389.1	CCA	P	CAA	Q	1414
NC_045512.2	17709	A	T	65109	33438	40	3	3	33	4.60702e-05	65118	1	FALSE	ORF1ab:cds-YP_009724389.1	CCA	P	CCT	P	1414
NC_045512.2	17709	A	G	65109	33438	40	6	4	37	9.21404e-05	65118	1	FALSE	ORF1ab:cds-YP_009724389.1	CCA	P	CCG	P	1414
NC_045512.2	17710	C	T	66282	33753	40	19	11	38	0.000286563	66303	1	FALSE	ORF1ab:cds-YP_009724389.1	CAA	Q	TAA	*	1415
NC_045512.2	17710	C	G	66282	33753	40	2	2	37	3.01645e-05	66303	1	FALSE	ORF1ab:cds-YP_009724389.1	CAA	Q	GAA	E	1415
NC_045512.2	17710	C	-A	66282	33753	40	1	0	20	1.50823e-05	66303	1	FALSE	NA	NA	NA	NA	NA	NA
NC_045512.2	17711	A	T	66354	33738	40	5	4	32	7.53364e-05	66369	1	FALSE	ORF1ab:cds-YP_009724389.1	CAA	Q	CTA	L	1415
NC_045512.2	17711	A	G	66354	33738	40	10	3	38	0.000150673	66369	1	FALSE	ORF1ab:cds-YP_009724389.1	CAA	Q	CGA	R	1415
NC_045512.2	17712	A	T	65634	33164	40	1	1	25	1.52332e-05	65646	1	FALSE	ORF1ab:cds-YP_009724389.1	CAA	Q	CAT	H	1415
NC_045512.2	17712	A	G	65634	33164	40	9	3	43	0.000137099	65646	0.303588	FALSE	ORF1ab:cds-YP_009724389.1	CAA	Q	CAG	Q	1415
NC_045512.2	17712	A	C	65634	33164	40	2	2	29	3.04664e-05	65646	1	FALSE	ORF1ab:cds-YP_009724389.1	CAA	Q	CAC	H	1415
NC_045512.2	17713	A	T	65292	32739	40	1	1	25	1.53139e-05	65300	1	FALSE	ORF1ab:cds-YP_009724389.1	ATA	I	TTA	L	1416
NC_045512.2	17713	A	G	65292	32739	40	4	3	43	6.12557e-05	65300	0.828116	FALSE	ORF1ab:cds-YP_009724389.1	ATA	I	GTA	V	1416
NC_045512.2	17713	A	C	65292	32739	40	3	3	25	4.59418e-05	65300	1	FALSE	ORF1ab:cds-YP_009724389.1	ATA	I	CTA	L	1416
NC_045512.2	17714	T	G	64514	32016	40	2	1	25	3.09948e-05	64527	1	FALSE	ORF1ab:cds-YP_009724389.1	ATA	I	AGA	R	1416
NC_045512.2	17714	T	C	64514	32016	40	10	7	40	0.000154974	64527	0.227216	FALSE	ORF1ab:cds-YP_009724389.1	ATA	I	ACA	T	1416
NC_045512.2	17714	T	A	64514	32016	40	1	0	74	1.54974e-05	64527	0.499957	FALSE	ORF1ab:cds-YP_009724389.1	ATA	I	AAA	K	1416
NC_045512.2	17715	A	T	63917	31337	40	4	2	34	6.25665e-05	63932	1	FALSE	ORF1ab:cds-YP_009724389.1	ATA	I	ATT	I	1416
NC_045512.2	17715	A	G	63917	31337	40	9	4	45	0.000140775	63932	0.303544	FALSE	ORF1ab:cds-YP_009724389.1	ATA	I	ATG	M	1416
NC_045512.2	17715	A	C	63917	31337	40	2	1	31	3.12832e-05	63932	1	FALSE	ORF1ab:cds-YP_009724389.1	ATA	I	ATC	I	1416
NC_045512.2	17716	G	T	64992	32867	40	16	8	36	0.000246089	65017	1	FALSE	ORF1ab:cds-YP_009724389.1	GGC	G	TGC	C	1417
NC_045512.2	17716	G	C	64992	32867	40	7	0	37	0.000107664	65017	1	FALSE	ORF1ab:cds-YP_009724389.1	GGC	G	CGC	R	1417
NC_045512.2	17716	G	A	64992	32867	40	2	2	37	3.07612e-05	65017	1	FALSE	ORF1ab:cds-YP_009724389.1	GGC	G	AGC	S	1417
NC_045512.2	17717	G	T	62586	34132	40	7	3	35	0.000111803	62610	1	FALSE	ORF1ab:cds-YP_009724389.1	GGC	G	GTC	V	1417
NC_045512.2	17717	G	C	62586	34132	40	1	1	37	1.59719e-05	62610	1	FALSE	ORF1ab:cds-YP_009724389.1	GGC	G	GCC	A	1417
NC_045512.2	17717	G	A	62586	34132	40	16	9	41	0.00025555	62610	0.0262133	FALSE	ORF1ab:cds-YP_009724389.1	GGC	G	GAC	D	1417
NC_045512.2	17718	C	T	62495	33892	40	48	29	39	0.000767423	62547	0.923885	FALSE	ORF1ab:cds-YP_009724389.1	GGC	G	GGT	G	1417
NC_045512.2	17718	C	A	62495	33892	40	4	3	43	6.39519e-05	62547	0.827826	FALSE	ORF1ab:cds-YP_009724389.1	GGC	G	GGA	G	1417
NC_045512.2	17718	C	-G	62495	33892	40	1	0	20	1.5988e-05	62547	1	FALSE	NA	NA	NA	NA	NA	NA
NC_045512.2	17719	G	T	61558	32986	40	5	2	31	8.11965e-05	61579	1	FALSE	ORF1ab:cds-YP_009724389.1	GTG	V	TTG	L	1418
NC_045512.2	17719	G	C	61558	32986	40	1	0	37	1.62393e-05	61579	1	FALSE	ORF1ab:cds-YP_009724389.1	GTG	V	CTG	L	1418
NC_045512.2	17719	G	A	61558	32986	40	15	5	38	0.00024359	61579	1	FALSE	ORF1ab:cds-YP_009724389.1	GTG	V	ATG	M	1418
NC_045512.2	17720	T	G	61380	32399	40	2	2	37	3.25797e-05	61388	1	FALSE	ORF1ab:cds-YP_009724389.1	GTG	V	GGG	G	1418
NC_045512.2	17720	T	C	61380	32399	40	2	0	37	3.25797e-05	61388	1	FALSE	ORF1ab:cds-YP_009724389.1	GTG	V	GCG	A	1418
NC_045512.2	17720	T	A	61380	32399	40	4	1	33	6.51593e-05	61388	1	FALSE	ORF1ab:cds-YP_009724389.1	GTG	V	GAG	E	1418
NC_045512.2	17720	T	-G	61380	32399	40	3	0	20	4.88695e-05	61388	1	FALSE	NA	NA	NA	NA	NA	NA
NC_045512.2	17721	G	T	61480	32208	40	5	2	37	8.13154e-05	61489	1	FALSE	ORF1ab:cds-YP_009724389.1	GTG	V	GTT	V	1418
NC_045512.2	17721	G	A	61480	32208	40	4	1	34	6.50523e-05	61489	1	FALSE	ORF1ab:cds-YP_009724389.1	GTG	V	GTA	V	1418
NC_045512.2	17722	G	T	61701	32420	40	2	1	37	3.24107e-05	61708	1	FALSE	ORF1ab:cds-YP_009724389.1	GTA	V	TTA	L	1419
NC_045512.2	17722	G	A	61701	32420	40	5	3	37	8.10268e-05	61708	1	FALSE	ORF1ab:cds-YP_009724389.1	GTA	V	ATA	I	1419
NC_045512.2	17723	T	C	61918	32590	40	12	7	35	0.000193764	61931	1	FALSE	ORF1ab:cds-YP_009724389.1	GTA	V	GCA	A	1419
NC_045512.2	17723	T	A	61918	32590	40	1	1	37	1.6147e-05	61931	1	FALSE	ORF1ab:cds-YP_009724389.1	GTA	V	GAA	E	1419
NC_045512.2	17723	T	-A	61918	32590	40	3	0	20	4.8441e-05	61931	1	FALSE	NA	NA	NA	NA	NA	NA
NC_045512.2	17724	A	T	61505	32507	40	5	5	28	8.12823e-05	61514	1	FALSE	ORF1ab:cds-YP_009724389.1	GTA	V	GTT	V	1419
NC_045512.2	17724	A	G	61505	32507	40	4	3	43	6.50258e-05	61514	0.828088	FALSE	ORF1ab:cds-YP_009724389.1	GTA	V	GTG	V	1419
NC_045512.2	17725	A	T	61021	32002	40	3	1	37	4.91562e-05	61030	1	FALSE	ORF1ab:cds-YP_009724389.1	AGA	R	TGA	*	1420
NC_045512.2	17725	A	G	61021	32002	40	1	1	37	1.63854e-05	61030	1	FALSE	ORF1ab:cds-YP_009724389.1	AGA	R	GGA	G	1420
NC_045512.2	17725	A	C	61021	32002	40	5	0	37	8.19269e-05	61030	1	FALSE	ORF1ab:cds-YP_009724389.1	AGA	R	CGA	R	1420
NC_045512.2	17726	G	T	61975	32336	40	3	0	37	4.84011e-05	61982	1	FALSE	ORF1ab:cds-YP_009724389.1	AGA	R	ATA	I	1420
NC_045512.2	17726	G	A	61975	32336	40	4	2	37	6.45349e-05	61982	1	FALSE	ORF1ab:cds-YP_009724389.1	AGA	R	AAA	K	1420
NC_045512.2	17727	A	T	59770	33587	39	1	0	37	1.67286e-05	59778	1	FALSE	ORF1ab:cds-YP_009724389.1	AGA	R	AGT	S	1420
NC_045512.2	17727	A	G	59770	33587	39	7	1	35	0.0001171	59778	1	FALSE	ORF1ab:cds-YP_009724389.1	AGA	R	AGG	R	1420
NC_045512.2	17728	G	T	59778	33531	39	2	2	31	3.34515e-05	59788	1	FALSE	ORF1ab:cds-YP_009724389.1	GAA	E	TAA	*	1421
NC_045512.2	17728	G	C	59778	33531	39	1	0	74	1.67258e-05	59788	0.499967	FALSE	ORF1ab:cds-YP_009724389.1	GAA	E	CAA	Q	1421
NC_045512.2	17728	G	A	59778	33531	39	7	6	37	0.00011708	59788	1	FALSE	ORF1ab:cds-YP_009724389.1	GAA	E	AAA	K	1421
NC_045512.2	17728	G	-A	59778	33531	39	1	0	20	1.67258e-05	59788	1	FALSE	NA	NA	NA	NA	NA	NA
NC_045512.2	17729	A	T	58903	32535	39	1	1	25	1.69753e-05	58909	1	FALSE	ORF1ab:cds-YP_009724389.1	GAA	E	GTA	V	1421
NC_045512.2	17729	A	G	58903	32535	39	5	1	37	8.48767e-05	58909	1	FALSE	ORF1ab:cds-YP_009724389.1	GAA	E	GGA	G	1421
NC_045512.2	17730	A	T	53943	28098	35	3	2	32	5.5607e-05	53950	1	FALSE	ORF1ab:cds-YP_009724389.1	GAA	E	GAT	D	1421
NC_045512.2	17730	A	G	53943	28098	35	2	1	31	3.70714e-05	53950	1	FALSE	ORF1ab:cds-YP_009724389.1	GAA	E	GAG	E	1421
NC_045512.2	17730	A	C	53943	28098	35	2	0	37	3.70714e-05	53950	1	FALSE	ORF1ab:cds-YP_009724389.1	GAA	E	GAC	D	1421
NC_045512.2	17731	T	G	58182	32050	39	2	2	37	3.43684e-05	58193	1	FALSE	ORF1ab:cds-YP_009724389.1	TTC	F	GTC	V	1422
NC_045512.2	17731	T	C	58182	32050	39	7	6	47	0.000120289	58193	0.387166	FALSE	ORF1ab:cds-YP_009724389.1	TTC	F	CTC	L	1422
NC_045512.2	17731	T	A	58182	32050	39	2	2	37	3.43684e-05	58193	1	FALSE	ORF1ab:cds-YP_009724389.1	TTC	F	ATC	I	1422
NC_045512.2	17732	T	G	58151	33539	39	5	5	37	8.59564e-05	58169	1	FALSE	ORF1ab:cds-YP_009724389.1	TTC	F	TGC	C	1422
NC_045512.2	17732	T	C	58151	33539	39	10	5	39	0.000171913	58169	1	FALSE	ORF1ab:cds-YP_009724389.1	TTC	F	TCC	S	1422
NC_045512.2	17732	T	A	58151	33539	39	3	1	49	5.15739e-05	58169	0.855398	FALSE	ORF1ab:cds-YP_009724389.1	TTC	F	TAC	Y	1422
NC_045512.2	17733	C	T	59422	34228	39	16	10	39	0.00026917	59442	1	FALSE	ORF1ab:cds-YP_009724389.1	TTC	F	TTT	F	1422
NC_045512.2	17733	C	G	59422	34228	39	2	1	37	3.36462e-05	59442	1	FALSE	ORF1ab:cds-YP_009724389.1	TTC	F	TTG	L	1422
NC_045512.2	17733	C	A	59422	34228	39	2	1	37	3.36462e-05	59442	1	FALSE	ORF1ab:cds-YP_009724389.1	TTC	F	TTA	L	1422
NC_045512.2	17734	C	A	59195	34126	39	1	0	25	1.6893e-05	59196	1	FALSE	ORF1ab:cds-YP_009724389.1	CTT	L	ATT	I	1423
NC_045512.2	17734	C	-T	59195	34126	39	2	0	20	3.37861e-05	59196	1	FALSE	NA	NA	NA	NA	NA	NA
NC_045512.2	17735	T	G	57501	32669	39	2	1	25	3.47657e-05	57528	1	FALSE	ORF1ab:cds-YP_009724389.1	CTT	L	CGT	R	1423
NC_045512.2	17735	T	C	57501	32669	39	21	5	34	0.00036504	57528	0.99999	FALSE	ORF1ab:cds-YP_009724389.1	CTT	L	CCT	P	1423
NC_045512.2	17735	T	A	57501	32669	39	4	3	37	6.95314e-05	57528	1	FALSE	ORF1ab:cds-YP_009724389.1	CTT	L	CAT	H	1423
NC_045512.2	17736	T	G	58006	33211	39	4	0	34	6.89453e-05	58017	1	FALSE	ORF1ab:cds-YP_009724389.1	CTT	L	CTG	L	1423
NC_045512.2	17736	T	C	58006	33211	39	6	4	53	0.000103418	58017	0.0156197	FALSE	ORF1ab:cds-YP_009724389.1	CTT	L	CTC	L	1423
NC_045512.2	17736	T	A	58006	33211	39	1	1	37	1.72363e-05	58017	1	FALSE	ORF1ab:cds-YP_009724389.1	CTT	L	CTA	L	1423
NC_045512.2	17736	T	-A	58006	33211	39	1	0	20	1.72363e-05	58017	1	FALSE	NA	NA	NA	NA	NA	NA
NC_045512.2	17737	A	G	57270	33455	39	6	4	43	0.000104756	57276	0.5	FALSE	ORF1ab:cds-YP_009724389.1	ACA	T	GCA	A	1424
NC_045512.2	17738	C	T	58889	33521	39	12	3	38	0.000203728	58902	1	FALSE	ORF1ab:cds-YP_009724389.1	ACA	T	ATA	I	1424
NC_045512.2	17738	C	A	58889	33521	39	1	1	25	1.69774e-05	58902	1	FALSE	ORF1ab:cds-YP_009724389.1	ACA	T	AAA	K	1424
NC_045512.2	17739	A	T	60299	34163	39	2	2	49	3.31581e-05	60317	0.964821	FALSE	ORF1ab:cds-YP_009724389.1	ACA	T	ACT	T	1424
NC_045512.2	17739	A	G	60299	34163	39	14	11	37	0.000232107	60317	1	FALSE	ORF1ab:cds-YP_009724389.1	ACA	T	ACG	T	1424
NC_045512.2	17739	A	C	60299	34163	39	2	2	25	3.31581e-05	60317	1	FALSE	ORF1ab:cds-YP_009724389.1	ACA	T	ACC	T	1424
NC_045512.2	17740	C	T	61311	34502	39	28	20	39	0.000456413	61348	0.999868	FALSE	ORF1ab:cds-YP_009724389.1	CGT	R	TGT	C	1425
NC_045512.2	17740	C	G	61311	34502	39	1	0	37	1.63004e-05	61348	1	FALSE	ORF1ab:cds-YP_009724389.1	CGT	R	GGT	G	1425
NC_045512.2	17740	C	A	61311	34502	39	8	4	41	0.000130404	61348	0.394923	FALSE	ORF1ab:cds-YP_009724389.1	CGT	R	AGT	S	1425
NC_045512.2	17741	G	T	61007	34710	39	2	1	37	3.27724e-05	61027	1	FALSE	ORF1ab:cds-YP_009724389.1	CGT	R	CTT	L	1425
NC_045512.2	17741	G	A	61007	34710	39	18	10	39	0.000294951	61027	1	FALSE	ORF1ab:cds-YP_009724389.1	CGT	R	CAT	H	1425
NC_045512.2	17742	T	C	58284	33334	39	9	7	41	0.000154392	58293	0.21197	FALSE	ORF1ab:cds-YP_009724389.1	CGT	R	CGC	R	1425
NC_045512.2	17742	T	-A	58284	33334	39	1	0	20	1.71547e-05	58293	1	FALSE	NA	NA	NA	NA	NA	NA
NC_045512.2	17743	A	G	58442	33380	39	8	6	37	0.000136869	58450	1	FALSE	ORF1ab:cds-YP_009724389.1	AAC	N	GAC	D	1426
NC_045512.2	17744	A	G	58431	33089	39	5	2	37	8.55637e-05	58436	1	FALSE	ORF1ab:cds-YP_009724389.1	AAC	N	AGC	S	1426
NC_045512.2	17744	A	-C	58431	33089	39	2	0	20	3.42255e-05	58436	1	FALSE	NA	NA	NA	NA	NA	NA
NC_045512.2	17745	C	T	59676	34498	39	5	3	37	8.37759e-05	59683	1	FALSE	ORF1ab:cds-YP_009724389.1	AAC	N	AAT	N	1426
NC_045512.2	17745	C	A	59676	34498	39	2	2	31	3.35104e-05	59683	1	FALSE	ORF1ab:cds-YP_009724389.1	AAC	N	AAA	K	1426
NC_045512.2	17746	C	T	59235	34110	39	4	3	37	6.75151e-05	59246	1	FALSE	ORF1ab:cds-YP_009724389.1	CCT	P	TCT	S	1427
NC_045512.2	17746	C	A	59235	34110	39	7	5	35	0.000118151	59246	1	FALSE	ORF1ab:cds-YP_009724389.1	CCT	P	ACT	T	1427
NC_045512.2	17747	C	T	58325	33210	40	6	4	37	0.000102845	58340	1	FALSE	ORF1ab:cds-YP_009724389.1	CCT	P	CTT	L	1427
NC_045512.2	17747	C	A	58325	33210	40	9	8	37	0.000154268	58340	1	FALSE	ORF1ab:cds-YP_009724389.1	CCT	P	CAT	H	1427
NC_045512.2	17748	T	C	52921	27872	40	25	3	38	0.000472161	52948	0.999371	FALSE	ORF1ab:cds-YP_009724389.1	CCT	P	CCC	P	1427
NC_045512.2	17748	T	A	52921	27872	40	2	0	25	3.77729e-05	52948	1	FALSE	ORF1ab:cds-YP_009724389.1	CCT	P	CCA	P	1427
NC_045512.2	17749	G	T	52785	28217	40	2	1	37	3.78702e-05	52812	1	FALSE	ORF1ab:cds-YP_009724389.1	GCT	A	TCT	S	1428
NC_045512.2	17749	G	A	52785	28217	40	25	15	39	0.000473377	52812	0.999371	FALSE	ORF1ab:cds-YP_009724389.1	GCT	A	ACT	T	1428
NC_045512.2	17750	C	T	53581	29445	40	24	12	35	0.000447653	53613	0.999731	FALSE	ORF1ab:cds-YP_009724389.1	GCT	A	GTT	V	1428
NC_045512.2	17750	C	G	53581	29445	40	2	1	37	3.73044e-05	53613	1	FALSE	ORF1ab:cds-YP_009724389.1	GCT	A	GGT	G	1428
NC_045512.2	17750	C	A	53581	29445	40	6	5	37	0.000111913	53613	1	FALSE	ORF1ab:cds-YP_009724389.1	GCT	A	GAT	D	1428
NC_045512.2	17750	C	-T	53581	29445	40	1	0	20	1.86522e-05	53613	1	FALSE	NA	NA	NA	NA	NA	NA
NC_045512.2	17751	T	G	53115	29465	40	1	0	37	1.88232e-05	53126	1	FALSE	ORF1ab:cds-YP_009724389.1	GCT	A	GCG	A	1428
NC_045512.2	17751	T	C	53115	29465	40	9	5	41	0.000169409	53126	0.211939	FALSE	ORF1ab:cds-YP_009724389.1	GCT	A	GCC	A	1428
NC_045512.2	17751	T	A	53115	29465	40	1	0	25	1.88232e-05	53126	1	FALSE	ORF1ab:cds-YP_009724389.1	GCT	A	GCA	A	1428
NC_045512.2	17752	T	C	53345	29556	40	9	5	41	0.000168678	53356	0.211949	FALSE	ORF1ab:cds-YP_009724389.1	TGG	W	CGG	R	1429
NC_045512.2	17752	T	A	53345	29556	40	2	0	55	3.74841e-05	53356	0.24996	FALSE	ORF1ab:cds-YP_009724389.1	TGG	W	AGG	R	1429
NC_045512.2	17753	G	T	52793	28696	40	5	2	42	9.46952e-05	52801	0.623029	FALSE	ORF1ab:cds-YP_009724389.1	TGG	W	TTG	L	1429
NC_045512.2	17753	G	C	52793	28696	40	1	0	37	1.8939e-05	52801	1	FALSE	ORF1ab:cds-YP_009724389.1	TGG	W	TCG	S	1429
NC_045512.2	17753	G	A	52793	28696	40	2	2	37	3.78781e-05	52801	1	FALSE	ORF1ab:cds-YP_009724389.1	TGG	W	TAG	*	1429
NC_045512.2	17753	G	+GA	52793	28696	40	1	0	20	1.8939e-05	52801	1	FALSE	NA	NA	NA	NA	NA	NA
NC_045512.2	17754	G	A	53624	28884	40	1	0	37	1.8648e-05	53625	1	FALSE	ORF1ab:cds-YP_009724389.1	TGG	W	TGA	*	1429
NC_045512.2	17755	A	T	54372	29769	40	2	2	31	3.67755e-05	54384	1	FALSE	ORF1ab:cds-YP_009724389.1	AGA	R	TGA	*	1430
NC_045512.2	17755	A	G	54372	29769	40	10	5	45	0.000183878	54384	0.150854	FALSE	ORF1ab:cds-YP_009724389.1	AGA	R	GGA	G	1430
NC_045512.2	17756	G	T	54493	29829	41	7	5	37	0.000128438	54501	1	FALSE	ORF1ab:cds-YP_009724389.1	AGA	R	ATA	I	1430
NC_045512.2	17756	G	A	54493	29829	41	1	1	37	1.83483e-05	54501	1	FALSE	ORF1ab:cds-YP_009724389.1	AGA	R	AAA	K	1430
NC_045512.2	17756	G	-A	54493	29829	41	4	0	20	7.33931e-05	54501	1	FALSE	NA	NA	NA	NA	NA	NA
NC_045512.2	17757	A	T	58225	35094	42	2	1	55	3.43448e-05	58233	0.249959	FALSE	ORF1ab:cds-YP_009724389.1	AGA	R	AGT	S	1430
NC_045512.2	17757	A	G	58225	35094	42	6	4	47	0.000103034	58233	0.499942	FALSE	ORF1ab:cds-YP_009724389.1	AGA	R	AGG	R	1430
NC_045512.2	17758	A	T	57204	34320	42	2	1	31	3.49534e-05	57219	1	FALSE	ORF1ab:cds-YP_009724389.1	AAA	K	TAA	*	1431
NC_045512.2	17758	A	G	57204	34320	42	8	6	37	0.000139814	57219	1	FALSE	ORF1ab:cds-YP_009724389.1	AAA	K	GAA	E	1431
NC_045512.2	17758	A	C	57204	34320	42	5	2	37	8.73836e-05	57219	1	FALSE	ORF1ab:cds-YP_009724389.1	AAA	K	CAA	Q	1431
NC_045512.2	17759	A	T	56171	34442	41	3	2	29	5.33969e-05	56183	1	FALSE	ORF1ab:cds-YP_009724389.1	AAA	K	ATA	I	1431
NC_045512.2	17759	A	G	56171	34442	41	8	7	35	0.000142392	56183	1	FALSE	ORF1ab:cds-YP_009724389.1	AAA	K	AGA	R	1431
NC_045512.2	17759	A	C	56171	34442	41	1	0	25	1.7799e-05	56183	1	FALSE	ORF1ab:cds-YP_009724389.1	AAA	K	ACA	T	1431
NC_045512.2	17760	A	T	56604	34807	41	3	2	33	5.29783e-05	56627	1	FALSE	ORF1ab:cds-YP_009724389.1	AAA	K	AAT	N	1431
NC_045512.2	17760	A	G	56604	34807	41	17	8	45	0.00030021	56627	0.00843944	TRUE	ORF1ab:cds-YP_009724389.1	AAA	K	AAG	K	1431
NC_045512.2	17760	A	C	56604	34807	41	3	2	29	5.29783e-05	56627	1	FALSE	ORF1ab:cds-YP_009724389.1	AAA	K	AAC	N	1431
NC_045512.2	17761	G	C	56943	34650	42	1	1	74	1.75374e-05	57021	0.499662	FALSE	ORF1ab:cds-YP_009724389.1	GCT	A	CCT	P	1432
NC_045512.2	17761	G	A	56943	34650	42	77	48	42	0.00135038	57021	5.88563e-18	TRUE	ORF1ab:cds-YP_009724389.1	GCT	A	ACT	T	1432
NC_045512.2	17761	G	+C	56943	34650	42	29	0	20	0.000508576	57022	1	FALSE	NA	NA	NA	NA	NA	NA
NC_045512.2	17762	C	T	69593	52900	45	20	14	42	0.000287282	69618	0.00467248	TRUE	ORF1ab:cds-YP_009724389.1	GCT	A	GTT	V	1432
NC_045512.2	17762	C	G	69593	52900	45	2	2	37	2.87282e-05	69618	1	FALSE	ORF1ab:cds-YP_009724389.1	GCT	A	GGT	G	1432
NC_045512.2	17762	C	A	69593	52900	45	3	3	37	4.30923e-05	69618	1	FALSE	ORF1ab:cds-YP_009724389.1	GCT	A	GAT	D	1432
NC_045512.2	17763	T	G	67999	51549	45	16	16	37	0.00023517	68036	1	FALSE	ORF1ab:cds-YP_009724389.1	GCT	A	GCG	A	1432
NC_045512.2	17763	T	C	67999	51549	45	19	11	46	0.000279264	68036	0.00729971	TRUE	ORF1ab:cds-YP_009724389.1	GCT	A	GCC	A	1432
NC_045512.2	17763	T	A	67999	51549	45	2	1	29	2.93962e-05	68036	1	FALSE	ORF1ab:cds-YP_009724389.1	GCT	A	GCA	A	1432
NC_045512.2	17764	G	A	68494	51963	45	5	3	51	7.29938e-05	68499	0.0312489	FALSE	ORF1ab:cds-YP_009724389.1	GTC	V	ATC	I	1433
NC_045512.2	17765	T	C	67644	51134	45	4	3	39	5.91287e-05	67649	1	FALSE	ORF1ab:cds-YP_009724389.1	GTC	V	GCC	A	1433
NC_045512.2	17765	T	A	67644	51134	45	1	1	37	1.47822e-05	67649	1	FALSE	ORF1ab:cds-YP_009724389.1	GTC	V	GAC	D	1433
NC_045512.2	17766	C	T	66896	50321	45	4	3	37	5.97907e-05	66900	1	FALSE	ORF1ab:cds-YP_009724389.1	GTC	V	GTT	V	1433
NC_045512.2	17766	C	-TTTA	66896	50321	45	1	0	20	1.49477e-05	66900	1	FALSE	NA	NA	NA	NA	NA	NA
NC_045512.2	17767	T	G	69245	53373	45	6	6	43	8.66201e-05	69268	0.612632	FALSE	ORF1ab:cds-YP_009724389.1	TTT	F	GTT	V	1434
NC_045512.2	17767	T	C	69245	53373	45	9	8	36	0.00012993	69268	1	FALSE	ORF1ab:cds-YP_009724389.1	TTT	F	CTT	L	1434
NC_045512.2	17767	T	A	69245	53373	45	8	4	48	0.000115493	69268	0.3951	FALSE	ORF1ab:cds-YP_009724389.1	TTT	F	ATT	I	1434
NC_045512.2	17768	T	G	69363	54775	45	2	1	31	2.8828e-05	69377	1	FALSE	ORF1ab:cds-YP_009724389.1	TTT	F	TGT	C	1434
NC_045512.2	17768	T	C	69363	54775	45	10	5	40	0.00014414	69377	0.227201	FALSE	ORF1ab:cds-YP_009724389.1	TTT	F	TCT	S	1434
NC_045512.2	17768	T	A	69363	54775	45	2	2	31	2.8828e-05	69377	1	FALSE	ORF1ab:cds-YP_009724389.1	TTT	F	TAT	Y	1434
NC_045512.2	17769	T	G	70009	55847	45	2	2	37	2.85645e-05	70017	1	FALSE	ORF1ab:cds-YP_009724389.1	TTT	F	TTG	L	1434
NC_045512.2	17769	T	C	70009	55847	45	6	4	61	8.56935e-05	70017	0.015622	FALSE	ORF1ab:cds-YP_009724389.1	TTT	F	TTC	F	1434
NC_045512.2	17770	A	T	69335	56420	44	2	2	31	2.88417e-05	69344	1	FALSE	ORF1ab:cds-YP_009724389.1	ATT	I	TTT	F	1435
NC_045512.2	17770	A	G	69335	56420	44	7	6	47	0.000100946	69344	0.499979	FALSE	ORF1ab:cds-YP_009724389.1	ATT	I	GTT	V	1435
NC_045512.2	17770	A	-T	69335	56420	44	1	0	20	1.44207e-05	69345	1	FALSE	NA	NA	NA	NA	NA	NA
NC_045512.2	17771	T	C	69220	56370	44	10	7	58	0.000144446	69230	0.000976245	TRUE	ORF1ab:cds-YP_009724389.1	ATT	I	ACT	T	1435
NC_045512.2	17772	T	C	71026	58886	44	11	10	49	0.000154847	71038	0.240327	FALSE	ORF1ab:cds-YP_009724389.1	ATT	I	ATC	I	1435
NC_045512.2	17772	T	A	71026	58886	44	1	1	37	1.4077e-05	71038	1	FALSE	ORF1ab:cds-YP_009724389.1	ATT	I	ATA	I	1435
NC_045512.2	17773	T	C	69900	57795	44	10	8	34	0.000143033	69914	1	FALSE	ORF1ab:cds-YP_009724389.1	TCA	S	CCA	P	1436
NC_045512.2	17773	T	A	69900	57795	44	4	1	51	5.72131e-05	69914	0.0624812	FALSE	ORF1ab:cds-YP_009724389.1	TCA	S	ACA	T	1436
NC_045512.2	17774	C	T	74261	63638	45	11	8	55	0.000148064	74292	0.000487414	TRUE	ORF1ab:cds-YP_009724389.1	TCA	S	TTA	L	1436
NC_045512.2	17774	C	G	74261	63638	45	17	17	37	0.000228827	74292	1	FALSE	ORF1ab:cds-YP_009724389.1	TCA	S	TGA	*	1436
NC_045512.2	17774	C	A	74261	63638	45	3	1	53	4.03812e-05	74292	0.124929	FALSE	ORF1ab:cds-YP_009724389.1	TCA	S	TAA	*	1436
NC_045512.2	17775	A	T	73685	63126	45	1	1	37	1.35676e-05	73705	1	FALSE	ORF1ab:cds-YP_009724389.1	TCA	S	TCT	S	1436
NC_045512.2	17775	A	G	73685	63126	45	16	14	39	0.000217082	73705	1	FALSE	ORF1ab:cds-YP_009724389.1	TCA	S	TCG	S	1436
NC_045512.2	17775	A	C	73685	63126	45	3	3	29	4.07028e-05	73705	1	FALSE	ORF1ab:cds-YP_009724389.1	TCA	S	TCC	S	1436
NC_045512.2	17776	C	T	73816	63260	45	10	10	51	0.000135439	73834	0.000975802	TRUE	ORF1ab:cds-YP_009724389.1	CCT	P	TCT	S	1437
NC_045512.2	17776	C	G	73816	63260	45	2	2	37	2.70878e-05	73834	1	FALSE	ORF1ab:cds-YP_009724389.1	CCT	P	GCT	A	1437
NC_045512.2	17776	C	A	73816	63260	45	6	4	53	8.12634e-05	73834	0.0156164	FALSE	ORF1ab:cds-YP_009724389.1	CCT	P	ACT	T	1437
NC_045512.2	17777	C	T	73254	62703	45	6	5	43	8.18867e-05	73272	0.709387	FALSE	ORF1ab:cds-YP_009724389.1	CCT	P	CTT	L	1437
NC_045512.2	17777	C	G	73254	62703	45	1	1	37	1.36478e-05	73272	1	FALSE	ORF1ab:cds-YP_009724389.1	CCT	P	CGT	R	1437
NC_045512.2	17777	C	A	73254	62703	45	11	10	38	0.000150126	73272	1	FALSE	ORF1ab:cds-YP_009724389.1	CCT	P	CAT	H	1437
NC_045512.2	17777	C	-T	73254	62703	45	3	0	20	4.09433e-05	73272	1	FALSE	NA	NA	NA	NA	NA	NA
NC_045512.2	17778	T	G	72896	62386	45	4	4	34	5.48358e-05	72945	1	FALSE	ORF1ab:cds-YP_009724389.1	CCT	P	CCG	P	1437
NC_045512.2	17778	T	C	72896	62386	45	22	17	42	0.000301597	72945	0.00404927	TRUE	ORF1ab:cds-YP_009724389.1	CCT	P	CCC	P	1437
NC_045512.2	17778	T	A	72896	62386	45	23	22	45	0.000315306	72945	0.00260084	TRUE	ORF1ab:cds-YP_009724389.1	CCT	P	CCA	P	1437
NC_045512.2	17779	T	G	72892	62880	45	2	2	31	2.74307e-05	72911	1	FALSE	ORF1ab:cds-YP_009724389.1	TAT	Y	GAT	D	1438
NC_045512.2	17779	T	C	72892	62880	45	15	12	54	0.00020573	72911	3.04862e-05	TRUE	ORF1ab:cds-YP_009724389.1	TAT	Y	CAT	H	1438
NC_045512.2	17779	T	A	72892	62880	45	2	2	31	2.74307e-05	72911	1	FALSE	ORF1ab:cds-YP_009724389.1	TAT	Y	AAT	N	1438
NC_045512.2	17780	A	G	72792	62770	45	1	1	62	1.37374e-05	72794	0.5	FALSE	ORF1ab:cds-YP_009724389.1	TAT	Y	TGT	C	1438
NC_045512.2	17780	A	C	72792	62770	45	1	1	37	1.37374e-05	72794	1	FALSE	ORF1ab:cds-YP_009724389.1	TAT	Y	TCT	S	1438
NC_045512.2	17781	T	G	72779	62840	45	2	2	25	2.74755e-05	72792	1	FALSE	ORF1ab:cds-YP_009724389.1	TAT	Y	TAG	*	1438
NC_045512.2	17781	T	C	72779	62840	45	11	9	43	0.000151116	72792	0.240318	FALSE	ORF1ab:cds-YP_009724389.1	TAT	Y	TAC	Y	1438
NC_045512.2	17782	A	T	73063	63109	45	2	2	25	2.73688e-05	73076	1	FALSE	ORF1ab:cds-YP_009724389.1	AAT	N	TAT	Y	1439
NC_045512.2	17782	A	G	73063	63109	45	10	9	46	0.000136844	73076	0.314499	FALSE	ORF1ab:cds-YP_009724389.1	AAT	N	GAT	D	1439
NC_045512.2	17782	A	C	73063	63109	45	1	1	25	1.36844e-05	73076	1	FALSE	ORF1ab:cds-YP_009724389.1	AAT	N	CAT	H	1439
NC_045512.2	17783	A	T	72138	62249	44	2	2	37	2.77208e-05	72148	1	FALSE	ORF1ab:cds-YP_009724389.1	AAT	N	ATT	I	1439
NC_045512.2	17783	A	G	72138	62249	44	5	5	32	6.9302e-05	72148	1	FALSE	ORF1ab:cds-YP_009724389.1	AAT	N	AGT	S	1439
NC_045512.2	17783	A	C	72138	62249	44	3	3	30	4.15812e-05	72148	1	FALSE	ORF1ab:cds-YP_009724389.1	AAT	N	ACT	T	1439
NC_045512.2	17784	T	G	71744	61906	44	4	4	25	5.57429e-05	71758	1	FALSE	ORF1ab:cds-YP_009724389.1	AAT	N	AAG	K	1439
NC_045512.2	17784	T	C	71744	61906	44	9	6	37	0.000125422	71758	1	FALSE	ORF1ab:cds-YP_009724389.1	AAT	N	AAC	N	1439
NC_045512.2	17784	T	A	71744	61906	44	1	1	37	1.39357e-05	71758	1	FALSE	ORF1ab:cds-YP_009724389.1	AAT	N	AAA	K	1439
NC_045512.2	17785	T	C	70871	61438	45	18	17	37	0.000253893	70896	1	FALSE	ORF1ab:cds-YP_009724389.1	TCA	S	CCA	P	1440
NC_045512.2	17785	T	A	70871	61438	45	7	6	33	9.87362e-05	70896	1	FALSE	ORF1ab:cds-YP_009724389.1	TCA	S	ACA	T	1440
NC_045512.2	17786	C	T	71066	61849	45	1	1	74	1.40708e-05	71069	0.499996	FALSE	ORF1ab:cds-YP_009724389.1	TCA	S	TTA	L	1440
NC_045512.2	17786	C	A	71066	61849	45	2	2	31	2.81417e-05	71069	1	FALSE	ORF1ab:cds-YP_009724389.1	TCA	S	TAA	*	1440
NC_045512.2	17787	A	T	70011	60806	44	3	3	25	4.28406e-05	70027	1	FALSE	ORF1ab:cds-YP_009724389.1	TCA	S	TCT	S	1440
NC_045512.2	17787	A	G	70011	60806	44	13	9	40	0.000185643	70027	0.131557	FALSE	ORF1ab:cds-YP_009724389.1	TCA	S	TCG	S	1440
NC_045512.2	17788	C	T	70496	61338	45	32	24	49	0.000453566	70552	3.49059e-05	TRUE	ORF1ab:cds-YP_009724389.1	CAG	Q	TAG	*	1441
NC_045512.2	17788	C	G	70496	61338	45	3	3	34	4.25218e-05	70552	1	FALSE	ORF1ab:cds-YP_009724389.1	CAG	Q	GAG	E	1441
NC_045512.2	17788	C	A	70496	61338	45	21	17	42	0.000297653	70552	0.00624393	TRUE	ORF1ab:cds-YP_009724389.1	CAG	Q	AAG	K	1441
NC_045512.2	17789	A	T	69451	60277	44	8	8	46	0.000115116	69495	0.394889	FALSE	ORF1ab:cds-YP_009724389.1	CAG	Q	CTG	L	1441
NC_045512.2	17789	A	G	69451	60277	44	34	29	43	0.000489244	69495	4.16311e-06	TRUE	ORF1ab:cds-YP_009724389.1	CAG	Q	CGG	R	1441
NC_045512.2	17789	A	C	69451	60277	44	2	2	55	2.8779e-05	69495	0.249851	FALSE	ORF1ab:cds-YP_009724389.1	CAG	Q	CCG	P	1441
NC_045512.2	17790	G	T	69759	60685	44	8	7	35	0.000114659	69772	1	FALSE	ORF1ab:cds-YP_009724389.1	CAG	Q	CAT	H	1441
NC_045512.2	17790	G	A	69759	60685	44	5	5	44	7.1662e-05	69772	0.725537	FALSE	ORF1ab:cds-YP_009724389.1	CAG	Q	CAA	Q	1441
NC_045512.2	17791	A	T	69423	60301	45	5	5	26	7.20046e-05	69440	1	FALSE	ORF1ab:cds-YP_009724389.1	AAT	N	TAT	Y	1442
NC_045512.2	17791	A	G	69423	60301	45	12	11	43	0.000172811	69440	0.118902	FALSE	ORF1ab:cds-YP_009724389.1	AAT	N	GAT	D	1442
NC_045512.2	17792	A	G	68093	58983	44	7	4	40	0.000102785	68103	0.499978	FALSE	ORF1ab:cds-YP_009724389.1	AAT	N	AGT	S	1442
NC_045512.2	17792	A	C	68093	58983	44	3	3	24	4.40509e-05	68103	1	FALSE	ORF1ab:cds-YP_009724389.1	AAT	N	ACT	T	1442
NC_045512.2	17793	T	G	69846	60781	45	1	1	25	1.43168e-05	69848	1	FALSE	ORF1ab:cds-YP_009724389.1	AAT	N	AAG	K	1442
NC_045512.2	17793	T	C	69846	60781	45	1	1	37	1.43168e-05	69848	1	FALSE	ORF1ab:cds-YP_009724389.1	AAT	N	AAC	N	1442
NC_045512.2	17794	G	T	69563	60552	45	2	1	55	2.87381e-05	69594	0.249898	FALSE	ORF1ab:cds-YP_009724389.1	GCT	A	TCT	S	1443
NC_045512.2	17794	G	C	69563	60552	45	2	0	37	2.87381e-05	69594	1	FALSE	ORF1ab:cds-YP_009724389.1	GCT	A	CCT	P	1443
NC_045512.2	17794	G	A	69563	60552	45	27	22	50	0.000387964	69594	7.42749e-09	TRUE	ORF1ab:cds-YP_009724389.1	GCT	A	ACT	T	1443
NC_045512.2	17795	C	T	69288	60414	45	75	67	44	0.00108127	69363	1.43172e-16	TRUE	ORF1ab:cds-YP_009724389.1	GCT	A	GTT	V	1443
NC_045512.2	17796	T	C	69005	61722	43	11	8	43	0.000159381	69017	0.166138	FALSE	ORF1ab:cds-YP_009724389.1	GCT	A	GCC	A	1443
NC_045512.2	17796	T	A	69005	61722	43	1	0	20	1.44892e-05	69017	1	FALSE	ORF1ab:cds-YP_009724389.1	GCT	A	GCA	A	1443
NC_045512.2	17797	G	T	68884	61637	43	3	3	29	4.35281e-05	68921	1	FALSE	ORF1ab:cds-YP_009724389.1	GTA	V	TTA	L	1444
NC_045512.2	17797	G	C	68884	61637	43	1	1	37	1.45094e-05	68921	1	FALSE	ORF1ab:cds-YP_009724389.1	GTA	V	CTA	L	1444
NC_045512.2	17797	G	A	68884	61637	43	33	27	44	0.000478809	68921	7.12693e-06	TRUE	ORF1ab:cds-YP_009724389.1	GTA	V	ATA	I	1444
NC_045512.2	17798	T	C	67911	60658	43	7	6	38	0.000103058	67923	1	FALSE	ORF1ab:cds-YP_009724389.1	GTA	V	GCA	A	1444
NC_045512.2	17798	T	A	67911	60658	43	5	5	37	7.36128e-05	67923	1	FALSE	ORF1ab:cds-YP_009724389.1	GTA	V	GAA	E	1444
NC_045512.2	17799	A	T	67374	60149	43	1	1	37	1.48379e-05	67395	1	FALSE	ORF1ab:cds-YP_009724389.1	GTA	V	GTT	V	1444
NC_045512.2	17799	A	G	67374	60149	43	20	19	38	0.000296758	67395	1	FALSE	ORF1ab:cds-YP_009724389.1	GTA	V	GTG	V	1444
NC_045512.2	17800	G	T	67131	59972	43	2	2	37	2.97872e-05	67143	1	FALSE	ORF1ab:cds-YP_009724389.1	GCC	A	TCC	S	1445
NC_045512.2	17800	G	C	67131	59972	43	2	2	37	2.97872e-05	67143	1	FALSE	ORF1ab:cds-YP_009724389.1	GCC	A	CCC	P	1445
NC_045512.2	17800	G	A	67131	59972	43	8	6	46	0.000119149	67143	0.395225	FALSE	ORF1ab:cds-YP_009724389.1	GCC	A	ACC	T	1445
NC_045512.2	17801	C	T	64332	57203	43	6	5	55	9.32517e-05	64342	0.015621	FALSE	ORF1ab:cds-YP_009724389.1	GCC	A	GTC	V	1445
NC_045512.2	17801	C	G	64332	57203	43	1	1	37	1.55419e-05	64342	1	FALSE	ORF1ab:cds-YP_009724389.1	GCC	A	GGC	G	1445
NC_045512.2	17801	C	A	64332	57203	43	3	3	37	4.66258e-05	64342	1	FALSE	ORF1ab:cds-YP_009724389.1	GCC	A	GAC	D	1445
NC_045512.2	17802	C	T	64346	57259	43	3	3	37	4.66056e-05	64370	1	FALSE	ORF1ab:cds-YP_009724389.1	GCC	A	GCT	A	1445
NC_045512.2	17802	C	A	64346	57259	43	21	21	44	0.000326239	64370	0.00295907	TRUE	ORF1ab:cds-YP_009724389.1	GCC	A	GCA	A	1445
NC_045512.2	17803	T	C	61388	54307	43	15	14	46	0.000244248	61413	0.0391359	FALSE	ORF1ab:cds-YP_009724389.1	TCA	S	CCA	P	1446
NC_045512.2	17803	T	A	61388	54307	43	10	9	43	0.000162832	61413	0.227095	FALSE	ORF1ab:cds-YP_009724389.1	TCA	S	ACA	T	1446
NC_045512.2	17804	C	T	61634	54548	44	2	2	42	3.24475e-05	61638	0.964846	FALSE	ORF1ab:cds-YP_009724389.1	TCA	S	TTA	L	1446
NC_045512.2	17804	C	G	61634	54548	44	1	1	25	1.62238e-05	61638	1	FALSE	ORF1ab:cds-YP_009724389.1	TCA	S	TGA	*	1446
NC_045512.2	17804	C	A	61634	54548	44	1	1	37	1.62238e-05	61638	1	FALSE	ORF1ab:cds-YP_009724389.1	TCA	S	TAA	*	1446
NC_045512.2	17804	C	-AA	61634	54548	44	1	0	20	1.62238e-05	61638	1	FALSE	NA	NA	NA	NA	NA	NA
NC_045512.2	17805	A	T	61740	54684	44	6	2	33	9.7155e-05	61757	1	FALSE	ORF1ab:cds-YP_009724389.1	TCA	S	TCT	S	1446
NC_045512.2	17805	A	G	61740	54684	44	9	9	39	0.000145732	61757	1	FALSE	ORF1ab:cds-YP_009724389.1	TCA	S	TCG	S	1446
NC_045512.2	17805	A	C	61740	54684	44	2	2	37	3.2385e-05	61757	1	FALSE	ORF1ab:cds-YP_009724389.1	TCA	S	TCC	S	1446
NC_045512.2	17806	A	T	60297	53802	42	3	2	49	4.97463e-05	60306	0.91014	FALSE	ORF1ab:cds-YP_009724389.1	AAG	K	TAG	*	1447
NC_045512.2	17806	A	G	60297	53802	42	4	3	52	6.63284e-05	60306	0.0624865	FALSE	ORF1ab:cds-YP_009724389.1	AAG	K	GAG	E	1447
NC_045512.2	17806	A	C	60297	53802	42	2	2	31	3.31642e-05	60306	1	FALSE	ORF1ab:cds-YP_009724389.1	AAG	K	CAG	Q	1447
NC_045512.2	17807	A	T	60532	54187	42	4	4	46	6.60655e-05	60546	0.828074	FALSE	ORF1ab:cds-YP_009724389.1	AAG	K	ATG	M	1447
NC_045512.2	17807	A	G	60532	54187	42	9	7	42	0.000148647	60546	0.303563	FALSE	ORF1ab:cds-YP_009724389.1	AAG	K	AGG	R	1447
NC_045512.2	17807	A	C	60532	54187	42	1	1	25	1.65164e-05	60546	1	FALSE	ORF1ab:cds-YP_009724389.1	AAG	K	ACG	T	1447
NC_045512.2	17807	A	-G	60532	54187	42	1	0	20	1.65164e-05	60546	1	FALSE	NA	NA	NA	NA	NA	NA
NC_045512.2	17808	G	T	61584	55421	42	3	3	33	4.871e-05	61589	1	FALSE	ORF1ab:cds-YP_009724389.1	AAG	K	AAT	N	1447
NC_045512.2	17808	G	A	61584	55421	42	2	2	37	3.24733e-05	61589	1	FALSE	ORF1ab:cds-YP_009724389.1	AAG	K	AAA	K	1447
NC_045512.2	17808	G	-A	61584	55421	42	1	0	20	1.62364e-05	61590	1	FALSE	NA	NA	NA	NA	NA	NA
NC_045512.2	17808	G	+A	61584	55421	42	1	0	20	1.62364e-05	61590	1	FALSE	NA	NA	NA	NA	NA	NA
NC_045512.2	17809	A	T	60798	54641	42	2	2	31	3.2892e-05	60805	1	FALSE	ORF1ab:cds-YP_009724389.1	ATT	I	TTT	F	1448
NC_045512.2	17809	A	G	60798	54641	42	2	2	37	3.2892e-05	60805	1	FALSE	ORF1ab:cds-YP_009724389.1	ATT	I	GTT	V	1448
NC_045512.2	17809	A	C	60798	54641	42	3	0	37	4.9338e-05	60805	1	FALSE	ORF1ab:cds-YP_009724389.1	ATT	I	CTT	L	1448
NC_045512.2	17809	A	-T	60798	54641	42	32	0	20	0.000526264	60806	1	FALSE	NA	NA	NA	NA	NA	NA
NC_045512.2	17809	A	+T	60798	54641	42	1	0	20	1.64457e-05	60806	1	FALSE	NA	NA	NA	NA	NA	NA
NC_045512.2	17810	T	C	60570	54604	42	4	1	37	6.60338e-05	60575	1	FALSE	ORF1ab:cds-YP_009724389.1	ATT	I	ACT	T	1448
NC_045512.2	17810	T	A	60570	54604	42	1	1	25	1.65085e-05	60575	1	FALSE	ORF1ab:cds-YP_009724389.1	ATT	I	AAT	N	1448
NC_045512.2	17811	T	G	59695	54286	41	1	1	37	1.67501e-05	59701	1	FALSE	ORF1ab:cds-YP_009724389.1	ATT	I	ATG	M	1448
NC_045512.2	17811	T	C	59695	54286	41	2	2	55	3.35003e-05	59701	0.249985	FALSE	ORF1ab:cds-YP_009724389.1	ATT	I	ATC	I	1448
NC_045512.2	17811	T	A	59695	54286	41	3	2	49	5.02504e-05	59701	0.855466	FALSE	ORF1ab:cds-YP_009724389.1	ATT	I	ATA	I	1448
NC_045512.2	17812	T	G	60109	54850	42	2	1	49	3.32679e-05	60118	0.964837	FALSE	ORF1ab:cds-YP_009724389.1	TTG	L	GTG	V	1449
NC_045512.2	17812	T	C	60109	54850	42	6	5	37	9.98037e-05	60118	1	FALSE	ORF1ab:cds-YP_009724389.1	TTG	L	CTG	L	1449
NC_045512.2	17812	T	A	60109	54850	42	1	1	37	1.6634e-05	60118	1	FALSE	ORF1ab:cds-YP_009724389.1	TTG	L	ATG	M	1449
NC_045512.2	17813	T	G	60234	54979	42	56	49	45	0.000928782	60294	1.46936e-11	TRUE	ORF1ab:cds-YP_009724389.1	TTG	L	TGG	W	1449
NC_045512.2	17813	T	C	60234	54979	42	4	4	30	6.63416e-05	60294	1	FALSE	ORF1ab:cds-YP_009724389.1	TTG	L	TCG	S	1449
NC_045512.2	17813	T	-G	60234	54979	42	1	0	20	1.65854e-05	60294	1	FALSE	NA	NA	NA	NA	NA	NA
NC_045512.2	17813	T	+G	60234	54979	42	1	0	20	1.65854e-05	60294	1	FALSE	NA	NA	NA	NA	NA	NA
NC_045512.2	17814	G	T	60390	55159	42	12	9	41	0.000198646	60409	0.118875	FALSE	ORF1ab:cds-YP_009724389.1	TTG	L	TTT	F	1449
NC_045512.2	17814	G	C	60390	55159	42	1	1	37	1.65538e-05	60409	1	FALSE	ORF1ab:cds-YP_009724389.1	TTG	L	TTC	F	1449
NC_045512.2	17814	G	A	60390	55159	42	6	6	37	9.93229e-05	60409	1	FALSE	ORF1ab:cds-YP_009724389.1	TTG	L	TTA	L	1449
NC_045512.2	17815	G	T	60119	54907	42	18	15	43	0.000299292	60142	0.0113165	FALSE	ORF1ab:cds-YP_009724389.1	GGA	G	TGA	*	1450
NC_045512.2	17815	G	C	60119	54907	42	2	2	37	3.32546e-05	60142	1	FALSE	ORF1ab:cds-YP_009724389.1	GGA	G	CGA	R	1450
NC_045512.2	17815	G	A	60119	54907	42	3	3	37	4.98819e-05	60142	1	FALSE	ORF1ab:cds-YP_009724389.1	GGA	G	AGA	R	1450
NC_045512.2	17816	G	T	60445	55231	42	1	1	37	1.65412e-05	60455	1	FALSE	ORF1ab:cds-YP_009724389.1	GGA	G	GTA	V	1450
NC_045512.2	17816	G	A	60445	55231	42	9	9	37	0.000148871	60455	1	FALSE	ORF1ab:cds-YP_009724389.1	GGA	G	GAA	E	1450
NC_045512.2	17817	A	T	58386	53372	42	3	3	27	5.13611e-05	58410	1	FALSE	ORF1ab:cds-YP_009724389.1	GGA	G	GGT	G	1450
NC_045512.2	17817	A	G	58386	53372	42	20	17	38	0.000342407	58410	0.999997	FALSE	ORF1ab:cds-YP_009724389.1	GGA	G	GGG	G	1450
NC_045512.2	17817	A	C	58386	53372	42	1	1	37	1.71204e-05	58410	1	FALSE	ORF1ab:cds-YP_009724389.1	GGA	G	GGC	G	1450
NC_045512.2	17818	C	T	57994	52986	42	8	8	36	0.000137922	58004	1	FALSE	ORF1ab:cds-YP_009724389.1	CTA	L	TTA	L	1451
NC_045512.2	17818	C	G	57994	52986	42	1	1	37	1.72402e-05	58004	1	FALSE	ORF1ab:cds-YP_009724389.1	CTA	L	GTA	V	1451
NC_045512.2	17818	C	A	57994	52986	42	1	1	37	1.72402e-05	58004	1	FALSE	ORF1ab:cds-YP_009724389.1	CTA	L	ATA	I	1451
NC_045512.2	17818	C	-T	57994	52986	42	1	0	20	1.72402e-05	58004	1	FALSE	NA	NA	NA	NA	NA	NA
NC_045512.2	17819	T	C	57719	52728	42	9	8	41	0.000155904	57728	0.211961	FALSE	ORF1ab:cds-YP_009724389.1	CTA	L	CCA	P	1451
NC_045512.2	17820	A	T	57977	53013	42	3	3	33	5.17339e-05	57989	1	FALSE	ORF1ab:cds-YP_009724389.1	CTA	L	CTT	L	1451
NC_045512.2	17820	A	G	57977	53013	42	9	6	45	0.000155202	57989	0.211942	FALSE	ORF1ab:cds-YP_009724389.1	CTA	L	CTG	L	1451
NC_045512.2	17820	A	-C	57977	53013	42	2	0	20	3.44893e-05	57989	1	FALSE	NA	NA	NA	NA	NA	NA
NC_045512.2	17821	C	T	57740	53058	41	13	12	42	0.000225085	57756	0.0480986	FALSE	ORF1ab:cds-YP_009724389.1	CCA	P	TCA	S	1452
NC_045512.2	17821	C	G	57740	53058	41	1	1	37	1.73142e-05	57756	1	FALSE	ORF1ab:cds-YP_009724389.1	CCA	P	GCA	A	1452
NC_045512.2	17821	C	A	57740	53058	41	2	2	31	3.46284e-05	57756	1	FALSE	ORF1ab:cds-YP_009724389.1	CCA	P	ACA	T	1452
NC_045512.2	17822	C	T	57701	53103	41	4	4	37	6.93097e-05	57712	1	FALSE	ORF1ab:cds-YP_009724389.1	CCA	P	CTA	L	1452
NC_045512.2	17822	C	G	57701	53103	41	2	2	25	3.46548e-05	57712	1	FALSE	ORF1ab:cds-YP_009724389.1	CCA	P	CGA	R	1452
NC_045512.2	17822	C	A	57701	53103	41	5	5	32	8.66371e-05	57712	1	FALSE	ORF1ab:cds-YP_009724389.1	CCA	P	CAA	Q	1452
NC_045512.2	17823	A	G	57768	53195	41	7	7	33	0.000121158	57776	1	FALSE	ORF1ab:cds-YP_009724389.1	CCA	P	CCG	P	1452
NC_045512.2	17823	A	C	57768	53195	41	1	1	37	1.73082e-05	57776	1	FALSE	ORF1ab:cds-YP_009724389.1	CCA	P	CCC	P	1452
NC_045512.2	17824	A	T	57538	52971	41	2	2	37	3.47566e-05	57543	1	FALSE	ORF1ab:cds-YP_009724389.1	ACT	T	TCT	S	1453
NC_045512.2	17824	A	G	57538	52971	41	3	2	57	5.21349e-05	57543	0.124993	FALSE	ORF1ab:cds-YP_009724389.1	ACT	T	GCT	A	1453
NC_045512.2	17825	C	T	57615	53077	41	2	2	55	3.47096e-05	57621	0.249985	FALSE	ORF1ab:cds-YP_009724389.1	ACT	T	ATT	I	1453
NC_045512.2	17825	C	A	57615	53077	41	4	4	34	6.94191e-05	57621	1	FALSE	ORF1ab:cds-YP_009724389.1	ACT	T	AAT	N	1453
NC_045512.2	17826	T	C	57387	52983	41	13	11	40	0.000226465	57404	0.0481022	FALSE	ORF1ab:cds-YP_009724389.1	ACT	T	ACC	T	1453
NC_045512.2	17826	T	A	57387	52983	41	4	4	37	6.96816e-05	57404	1	FALSE	ORF1ab:cds-YP_009724389.1	ACT	T	ACA	T	1453
NC_045512.2	17827	C	G	57221	53197	41	1	1	37	1.74752e-05	57224	1	FALSE	ORF1ab:cds-YP_009724389.1	CAA	Q	GAA	E	1454
NC_045512.2	17827	C	A	57221	53197	41	2	2	37	3.49504e-05	57224	1	FALSE	ORF1ab:cds-YP_009724389.1	CAA	Q	AAA	K	1454
NC_045512.2	17828	A	T	56303	52285	41	3	3	29	5.32756e-05	56311	1	FALSE	ORF1ab:cds-YP_009724389.1	CAA	Q	CTA	L	1454
NC_045512.2	17828	A	G	56303	52285	41	5	4	34	8.87926e-05	56311	1	FALSE	ORF1ab:cds-YP_009724389.1	CAA	Q	CGA	R	1454
NC_045512.2	17829	A	T	54586	50609	40	1	1	25	1.83167e-05	54595	1	FALSE	ORF1ab:cds-YP_009724389.1	CAA	Q	CAT	H	1454
NC_045512.2	17829	A	G	54586	50609	40	5	4	34	9.15835e-05	54595	1	FALSE	ORF1ab:cds-YP_009724389.1	CAA	Q	CAG	Q	1454
NC_045512.2	17829	A	C	54586	50609	40	3	3	25	5.49501e-05	54595	1	FALSE	ORF1ab:cds-YP_009724389.1	CAA	Q	CAC	H	1454
NC_045512.2	17830	A	T	53418	49461	39	1	0	37	1.87178e-05	53425	1	FALSE	ORF1ab:cds-YP_009724389.1	ACT	T	TCT	S	1455
NC_045512.2	17830	A	G	53418	49461	39	2	2	37	3.74357e-05	53425	1	FALSE	ORF1ab:cds-YP_009724389.1	ACT	T	GCT	A	1455
NC_045512.2	17830	A	C	53418	49461	39	4	4	28	7.48713e-05	53425	1	FALSE	ORF1ab:cds-YP_009724389.1	ACT	T	CCT	P	1455
NC_045512.2	17831	C	T	56537	52604	41	2	2	37	3.53732e-05	56540	1	FALSE	ORF1ab:cds-YP_009724389.1	ACT	T	ATT	I	1455
NC_045512.2	17831	C	G	56537	52604	41	1	1	25	1.76866e-05	56540	1	FALSE	ORF1ab:cds-YP_009724389.1	ACT	T	AGT	S	1455
NC_045512.2	17831	C	+T	56537	52604	41	2	0	20	3.53732e-05	56540	1	FALSE	NA	NA	NA	NA	NA	NA
NC_045512.2	17832	T	G	55468	51565	40	3	3	32	5.40657e-05	55488	1	FALSE	ORF1ab:cds-YP_009724389.1	ACT	T	ACG	T	1455
NC_045512.2	17832	T	C	55468	51565	40	14	10	37	0.000252307	55488	1	FALSE	ORF1ab:cds-YP_009724389.1	ACT	T	ACC	T	1455
NC_045512.2	17832	T	A	55468	51565	40	3	3	37	5.40657e-05	55488	1	FALSE	ORF1ab:cds-YP_009724389.1	ACT	T	ACA	T	1455
NC_045512.2	17833	G	T	55280	51485	40	1	1	25	1.80829e-05	55301	1	FALSE	ORF1ab:cds-YP_009724389.1	GTT	V	TTT	F	1456
NC_045512.2	17833	G	C	55280	51485	40	5	2	37	9.04143e-05	55301	1	FALSE	ORF1ab:cds-YP_009724389.1	GTT	V	CTT	L	1456
NC_045512.2	17833	G	A	55280	51485	40	15	13	40	0.000271243	55301	0.0206757	FALSE	ORF1ab:cds-YP_009724389.1	GTT	V	ATT	I	1456
NC_045512.2	17834	T	C	54154	50831	40	8	7	34	0.000147705	54162	1	FALSE	ORF1ab:cds-YP_009724389.1	GTT	V	GCT	A	1456
NC_045512.2	17835	T	G	54382	51061	40	1	1	25	1.83857e-05	54390	1	FALSE	ORF1ab:cds-YP_009724389.1	GTT	V	GTG	V	1456
NC_045512.2	17835	T	C	54382	51061	40	6	5	43	0.000110314	54390	0.499988	FALSE	ORF1ab:cds-YP_009724389.1	GTT	V	GTC	V	1456
NC_045512.2	17835	T	A	54382	51061	40	1	1	37	1.83857e-05	54390	1	FALSE	ORF1ab:cds-YP_009724389.1	GTT	V	GTA	V	1456
NC_045512.2	17836	G	T	54224	50900	40	3	2	49	5.53199e-05	54230	0.855466	FALSE	ORF1ab:cds-YP_009724389.1	GAT	D	TAT	Y	1457
NC_045512.2	17836	G	A	54224	50900	40	3	3	37	5.53199e-05	54230	1	FALSE	ORF1ab:cds-YP_009724389.1	GAT	D	AAT	N	1457
NC_045512.2	17837	A	G	54176	50868	40	2	2	37	3.69154e-05	54178	1	FALSE	ORF1ab:cds-YP_009724389.1	GAT	D	GGT	G	1457
NC_045512.2	17838	T	C	53949	50796	40	8	7	33	0.000148266	53957	1	FALSE	ORF1ab:cds-YP_009724389.1	GAT	D	GAC	D	1457
NC_045512.2	17839	T	G	54047	51685	39	1	1	37	1.84983e-05	54059	1	FALSE	ORF1ab:cds-YP_009724389.1	TCA	S	GCA	A	1458
NC_045512.2	17839	T	C	54047	51685	39	8	7	37	0.000147986	54059	1	FALSE	ORF1ab:cds-YP_009724389.1	TCA	S	CCA	P	1458
NC_045512.2	17839	T	A	54047	51685	39	3	3	29	5.54949e-05	54059	1	FALSE	ORF1ab:cds-YP_009724389.1	TCA	S	ACA	T	1458
NC_045512.2	17840	C	T	52693	50769	38	9	9	37	0.000170768	52703	1	FALSE	ORF1ab:cds-YP_009724389.1	TCA	S	TTA	L	1458
NC_045512.2	17840	C	A	52693	50769	38	1	1	25	1.89743e-05	52703	1	FALSE	ORF1ab:cds-YP_009724389.1	TCA	S	TAA	*	1458
NC_045512.2	17841	A	T	52257	50711	38	5	4	32	9.56627e-05	52267	1	FALSE	ORF1ab:cds-YP_009724389.1	TCA	S	TCT	S	1458
NC_045512.2	17841	A	G	52257	50711	38	3	3	45	5.73976e-05	52267	0.85544	FALSE	ORF1ab:cds-YP_009724389.1	TCA	S	TCG	S	1458
NC_045512.2	17841	A	C	52257	50711	38	2	0	37	3.82651e-05	52267	1	FALSE	ORF1ab:cds-YP_009724389.1	TCA	S	TCC	S	1458
NC_045512.2	17842	T	C	52125	50589	38	21	20	37	0.0004027	52148	0.99993	FALSE	ORF1ab:cds-YP_009724389.1	TCA	S	CCA	P	1459
NC_045512.2	17842	T	A	52125	50589	38	2	2	31	3.83524e-05	52148	1	FALSE	ORF1ab:cds-YP_009724389.1	TCA	S	ACA	T	1459
NC_045512.2	17843	C	T	52143	50676	38	7	7	35	0.000134215	52155	1	FALSE	ORF1ab:cds-YP_009724389.1	TCA	S	TTA	L	1459
NC_045512.2	17843	C	G	52143	50676	38	2	2	37	3.83472e-05	52155	1	FALSE	ORF1ab:cds-YP_009724389.1	TCA	S	TGA	*	1459
NC_045512.2	17843	C	A	52143	50676	38	3	3	37	5.75209e-05	52155	1	FALSE	ORF1ab:cds-YP_009724389.1	TCA	S	TAA	*	1459
NC_045512.2	17844	A	T	51821	50360	38	1	1	37	1.92935e-05	51831	1	FALSE	ORF1ab:cds-YP_009724389.1	TCA	S	TCT	S	1459
NC_045512.2	17844	A	G	51821	50360	38	8	8	37	0.000154348	51831	1	FALSE	ORF1ab:cds-YP_009724389.1	TCA	S	TCG	S	1459
NC_045512.2	17844	A	C	51821	50360	38	1	1	37	1.92935e-05	51831	1	FALSE	ORF1ab:cds-YP_009724389.1	TCA	S	TCC	S	1459
NC_045512.2	17845	C	T	51933	50689	38	8	8	37	0.000154018	51942	1	FALSE	ORF1ab:cds-YP_009724389.1	CAG	Q	TAG	*	1460
NC_045512.2	17845	C	A	51933	50689	38	1	1	25	1.92522e-05	51942	1	FALSE	ORF1ab:cds-YP_009724389.1	CAG	Q	AAG	K	1460
NC_045512.2	17846	A	T	50330	49109	38	6	6	37	0.000119161	50352	1	FALSE	ORF1ab:cds-YP_009724389.1	CAG	Q	CTG	L	1460
NC_045512.2	17846	A	G	50330	49109	38	11	11	34	0.000218462	50352	1	FALSE	ORF1ab:cds-YP_009724389.1	CAG	Q	CGG	R	1460
NC_045512.2	17846	A	C	50330	49109	38	5	4	44	9.93009e-05	50352	0.622857	FALSE	ORF1ab:cds-YP_009724389.1	CAG	Q	CCG	P	1460
NC_045512.2	17846	A	-G	50330	49109	38	1	0	20	1.98602e-05	50352	1	FALSE	NA	NA	NA	NA	NA	NA
NC_045512.2	17847	G	T	50397	49180	38	14	14	37	0.000277695	50415	0.999999	FALSE	ORF1ab:cds-YP_009724389.1	CAG	Q	CAT	H	1460
NC_045512.2	17847	G	C	50397	49180	38	1	1	37	1.98354e-05	50415	1	FALSE	ORF1ab:cds-YP_009724389.1	CAG	Q	CAC	H	1460
NC_045512.2	17847	G	A	50397	49180	38	3	3	37	5.95061e-05	50415	1	FALSE	ORF1ab:cds-YP_009724389.1	CAG	Q	CAA	Q	1460
NC_045512.2	17848	G	T	50339	49125	38	15	15	39	0.000297885	50355	0.999998	FALSE	ORF1ab:cds-YP_009724389.1	GGC	G	TGC	C	1461
NC_045512.2	17848	G	A	50339	49125	38	1	1	37	1.9859e-05	50355	1	FALSE	ORF1ab:cds-YP_009724389.1	GGC	G	AGC	S	1461
NC_045512.2	17849	G	T	50006	48815	37	2	2	31	3.99505e-05	50062	1	FALSE	ORF1ab:cds-YP_009724389.1	GGC	G	GTC	V	1461
NC_045512.2	17849	G	A	50006	48815	37	54	52	38	0.00107866	50062	0.384298	FALSE	ORF1ab:cds-YP_009724389.1	GGC	G	GAC	D	1461
NC_045512.2	17850	C	T	49589	48534	37	8	8	34	0.000161277	49604	1	FALSE	ORF1ab:cds-YP_009724389.1	GGC	G	GGT	G	1461
NC_045512.2	17850	C	G	49589	48534	37	2	2	37	4.03193e-05	49604	1	FALSE	ORF1ab:cds-YP_009724389.1	GGC	G	GGG	G	1461
NC_045512.2	17850	C	A	49589	48534	37	5	5	34	0.000100798	49604	1	FALSE	ORF1ab:cds-YP_009724389.1	GGC	G	GGA	G	1461
NC_045512.2	17851	T	C	47882	46851	37	7	6	45	0.000146165	47891	0.274391	FALSE	ORF1ab:cds-YP_009724389.1	TCA	S	CCA	P	1462
NC_045512.2	17851	T	A	47882	46851	37	2	2	37	4.17615e-05	47891	1	FALSE	ORF1ab:cds-YP_009724389.1	TCA	S	ACA	T	1462
NC_045512.2	17852	C	T	47848	46816	38	5	5	37	0.000104482	47855	1	FALSE	ORF1ab:cds-YP_009724389.1	TCA	S	TTA	L	1462
NC_045512.2	17852	C	A	47848	46816	38	2	2	37	4.17929e-05	47855	1	FALSE	ORF1ab:cds-YP_009724389.1	TCA	S	TAA	*	1462
NC_045512.2	17853	A	T	47742	46715	38	1	1	37	2.0938e-05	47760	1	FALSE	ORF1ab:cds-YP_009724389.1	TCA	S	TCT	S	1462
NC_045512.2	17853	A	G	47742	46715	38	17	17	38	0.000355946	47760	0.999962	FALSE	ORF1ab:cds-YP_009724389.1	TCA	S	TCG	S	1462
NC_045512.2	17854	G	T	47837	46851	38	2	2	37	4.18043e-05	47842	1	FALSE	ORF1ab:cds-YP_009724389.1	GAA	E	TAA	*	1463
NC_045512.2	17854	G	A	47837	46851	38	3	3	37	6.27064e-05	47842	1	FALSE	ORF1ab:cds-YP_009724389.1	GAA	E	AAA	K	1463
NC_045512.2	17855	A	T	47587	46963	37	1	1	25	2.10128e-05	47590	1	FALSE	ORF1ab:cds-YP_009724389.1	GAA	E	GTA	V	1463
NC_045512.2	17855	A	G	47587	46963	37	2	2	37	4.20256e-05	47590	1	FALSE	ORF1ab:cds-YP_009724389.1	GAA	E	GGA	G	1463
NC_045512.2	17859	T	C	0	0	0	35	1	36	1	35	1.78275e-20	TRUE	ORF1ab:cds-YP_009724389.1	TAT	Y	TAC	Y	1464
NC_045512.2	17882	C	G	49	7	43	1	1	37	0.02	50	0.505051	FALSE	ORF1ab:cds-YP_009724389.1	ACC	T	AGC	S	1472
NC_045512.2	17951	T	C	95	16	41	1	0	37	0.0104167	96	0.502618	FALSE	ORF1ab:cds-YP_009724389.1	ATA	I	ACA	T	1495
NC_045512.2	18088	G	A	74	63	38	1	1	37	0.0133333	75	0.503356	FALSE	ORF1ab:cds-YP_009724389.1	GGG	G	AGG	R	1541
NC_045512.2	18094	C	T	80	66	39	1	1	37	0.0123457	81	0.503106	FALSE	ORF1ab:cds-YP_009724389.1	CAT	H	TAT	Y	1543
NC_045512.2	18163	A	G	0	0	0	152	39	37	1	152	1.34204e-90	TRUE	ORF1ab:cds-YP_009724389.1	ATA	I	GTA	V	1566
NC_045512.2	18168	T	C	155	36	38	1	1	37	0.00636943	157	0.5	FALSE	ORF1ab:cds-YP_009724389.1	CCT	P	CCC	P	1567
NC_045512.2	18168	T	A	155	36	38	1	0	37	0.00636943	157	0.5	FALSE	ORF1ab:cds-YP_009724389.1	CCT	P	CCA	P	1567
NC_045512.2	18174	A	G	183	37	37	1	0	37	0.00543478	184	0.501362	FALSE	ORF1ab:cds-YP_009724389.1	ATA	I	ATG	M	1569
NC_045512.2	18199	C	T	382	46	40	1	0	74	0.00261097	383	0.500654	FALSE	ORF1ab:cds-YP_009724389.1	CTC	L	TTC	F	1578
NC_045512.2	18210	G	A	413	55	40	1	1	74	0.00241546	414	0.500605	FALSE	ORF1ab:cds-YP_009724389.1	ATG	M	ATA	I	1581
NC_045512.2	18233	A	G	431	74	42	1	1	37	0.00231481	432	0.500579	FALSE	ORF1ab:cds-YP_009724389.1	CAA	Q	CGA	R	1589
NC_045512.2	18249	T	C	511	101	42	1	0	37	0.00195312	512	0.500489	FALSE	ORF1ab:cds-YP_009724389.1	CCT	P	CCC	P	1594
NC_045512.2	18256	T	C	508	122	42	1	1	37	0.00196464	509	0.500492	FALSE	ORF1ab:cds-YP_009724389.1	TTT	F	CTT	L	1597
NC_045512.2	18258	T	C	510	122	42	1	1	37	0.00195695	511	0.50049	FALSE	ORF1ab:cds-YP_009724389.1	TTT	F	TTC	F	1597
NC_045512.2	18274	G	T	526	134	42	1	1	37	0.00189753	527	0.500475	FALSE	ORF1ab:cds-YP_009724389.1	GCT	A	TCT	S	1603
NC_045512.2	18276	T	C	514	153	39	1	1	37	0.00194175	515	0.500486	FALSE	ORF1ab:cds-YP_009724389.1	GCT	A	GCC	A	1603
NC_045512.2	18290	G	A	491	181	43	1	0	25	0.00203252	492	0.969225	FALSE	ORF1ab:cds-YP_009724389.1	CGT	R	CAT	H	1608
NC_045512.2	18292	G	A	462	188	40	1	0	74	0.00215983	463	0.500541	FALSE	ORF1ab:cds-YP_009724389.1	GCA	A	ACA	T	1609
NC_045512.2	18296	G	T	465	193	41	1	1	25	0.00214592	466	0.969252	FALSE	ORF1ab:cds-YP_009724389.1	TGG	W	TTG	L	1610
NC_045512.2	18301	G	T	468	195	41	1	0	37	0.0021322	469	0.500534	FALSE	ORF1ab:cds-YP_009724389.1	GGC	G	TGC	C	1612
NC_045512.2	18307	G	A	485	234	41	1	1	37	0.00205761	486	0.500515	FALSE	ORF1ab:cds-YP_009724389.1	GAT	D	AAT	N	1614
NC_045512.2	18313	G	A	517	254	41	1	0	37	0.0019305	518	0.500483	FALSE	ORF1ab:cds-YP_009724389.1	GAG	E	AAG	K	1616
NC_045512.2	18314	A	-G	522	259	41	2	0	20	0.00383142	522	0.939061	FALSE	NA	NA	NA	NA	NA	NA
NC_045512.2	18316	G	A	525	265	41	1	1	37	0.00190114	526	0.500476	FALSE	ORF1ab:cds-YP_009724389.1	GGG	G	AGG	R	1617
NC_045512.2	18318	G	A	550	264	41	1	1	37	0.00181488	551	0.500454	FALSE	ORF1ab:cds-YP_009724389.1	GGG	G	GGA	G	1617
NC_045512.2	18336	A	T	513	276	40	1	0	37	0.00194553	514	0.500487	FALSE	ORF1ab:cds-YP_009724389.1	GAA	E	GAT	D	1623
NC_045512.2	18345	T	C	515	285	41	1	1	37	0.00193798	516	0.500485	FALSE	ORF1ab:cds-YP_009724389.1	GGT	G	GGC	G	1626
NC_045512.2	18375	T	C	493	310	40	1	1	37	0.00202429	494	0.500507	FALSE	ORF1ab:cds-YP_009724389.1	TCT	S	TCC	S	1636
NC_045512.2	18376	A	G	483	319	40	2	1	37	0.00412371	485	0.250258	FALSE	ORF1ab:cds-YP_009724389.1	ACA	T	GCA	A	1637
NC_045512.2	18384	T	C	483	325	39	1	1	37	0.00206612	484	0.500517	FALSE	ORF1ab:cds-YP_009724389.1	GTT	V	GTC	V	1639
NC_045512.2	18387	C	G	478	324	38	1	1	25	0.00208768	479	0.969238	FALSE	ORF1ab:cds-YP_009724389.1	AAC	N	AAG	K	1640
NC_045512.2	18412	G	A	504	417	44	1	1	74	0.0019802	505	0.500496	FALSE	ORF1ab:cds-YP_009724389.1	GTT	V	ATT	I	1649
NC_045512.2	18418	A	G	499	431	45	1	1	37	0.002	500	0.500501	FALSE	ORF1ab:cds-YP_009724389.1	ACA	T	GCA	A	1651
NC_045512.2	18420	A	G	496	437	44	1	1	37	0.00201207	497	0.500504	FALSE	ORF1ab:cds-YP_009724389.1	ACA	T	ACG	T	1651
NC_045512.2	18434	A	G	452	405	44	1	1	37	0.00220751	453	0.500552	FALSE	ORF1ab:cds-YP_009724389.1	GAT	D	GGT	G	1656
NC_045512.2	18434	A	-T	452	405	44	1	0	20	0.00220751	453	0.969266	FALSE	NA	NA	NA	NA	NA	NA
NC_045512.2	18489	A	G	4340	452	36	1	0	25	0.000230362	4341	1	FALSE	ORF1ab:cds-YP_009724389.1	ATA	I	ATG	M	1674
NC_045512.2	18490	C	T	4536	463	37	1	0	37	0.00022041	4537	0.968802	FALSE	ORF1ab:cds-YP_009724389.1	CCA	P	TCA	S	1675
NC_045512.2	18491	C	T	4535	494	37	2	1	37	0.00044082	4537	0.890754	FALSE	ORF1ab:cds-YP_009724389.1	CCA	P	CTA	L	1675
NC_045512.2	18492	A	G	2386	294	37	2108	144	37	0.46907	4494	0	TRUE	ORF1ab:cds-YP_009724389.1	CCA	P	CCG	P	1675
NC_045512.2	18494	T	C	6150	439	37	1	0	37	0.000162575	6151	0.992205	FALSE	ORF1ab:cds-YP_009724389.1	CTT	L	CCT	P	1676
NC_045512.2	18496	A	G	6242	437	37	1	0	37	0.000160179	6243	0.992205	FALSE	ORF1ab:cds-YP_009724389.1	ATG	M	GTG	V	1677
NC_045512.2	18497	T	G	6241	441	37	1	1	37	0.000160179	6243	0.992201	FALSE	ORF1ab:cds-YP_009724389.1	ATG	M	AGG	R	1677
NC_045512.2	18497	T	C	6241	441	37	1	0	37	0.000160179	6243	0.992201	FALSE	ORF1ab:cds-YP_009724389.1	ATG	M	ACG	T	1677
NC_045512.2	18498	G	A	6888	456	37	2	0	37	0.000290276	6890	0.964899	FALSE	ORF1ab:cds-YP_009724389.1	ATG	M	ATA	I	1677
NC_045512.2	18500	A	G	7045	467	37	2	0	37	0.000283809	7047	0.980509	FALSE	ORF1ab:cds-YP_009724389.1	TAC	Y	TGC	C	1678
NC_045512.2	18501	C	T	6817	246	37	3	1	37	0.000439883	6820	0.910265	FALSE	ORF1ab:cds-YP_009724389.1	TAC	Y	TAT	Y	1678
NC_045512.2	18502	A	+G	6851	246	37	1	0	20	0.000145964	6851	1	FALSE	NA	NA	NA	NA	NA	NA
NC_045512.2	18503	A	G	6923	232	37	1	0	25	0.000144425	6924	1	FALSE	ORF1ab:cds-YP_009724389.1	AAA	K	AGA	R	1679
NC_045512.2	18504	A	G	6810	245	37	1	0	37	0.000146821	6811	0.992204	FALSE	ORF1ab:cds-YP_009724389.1	AAA	K	AAG	K	1679
NC_045512.2	18505	G	T	7129	252	37	3	0	37	0.00042058	7133	0.945374	FALSE	ORF1ab:cds-YP_009724389.1	GGA	G	TGA	*	1680
NC_045512.2	18505	G	A	7129	252	37	1	0	37	0.000140193	7133	0.996097	FALSE	ORF1ab:cds-YP_009724389.1	GGA	G	AGA	R	1680
NC_045512.2	18506	G	A	7162	310	38	3	0	37	0.000418702	7165	0.945398	FALSE	ORF1ab:cds-YP_009724389.1	GGA	G	GAA	E	1680
NC_045512.2	18508	C	T	7283	311	38	5	0	42	0.000686059	7288	0.0312393	FALSE	ORF1ab:cds-YP_009724389.1	CTT	L	TTT	F	1681
NC_045512.2	18510	T	C	7414	317	38	1	0	37	0.000134862	7415	0.996103	FALSE	ORF1ab:cds-YP_009724389.1	CTT	L	CTC	L	1681
NC_045512.2	18511	C	T	7552	318	38	1	0	37	0.00013238	7554	0.996101	FALSE	ORF1ab:cds-YP_009724389.1	CCT	P	TCT	S	1682
NC_045512.2	18511	C	A	7552	318	38	1	0	74	0.00013238	7554	0.5	FALSE	ORF1ab:cds-YP_009724389.1	CCT	P	ACT	T	1682
NC_045512.2	18513	T	C	7391	444	38	2	0	37	0.000270526	7393	0.980507	FALSE	ORF1ab:cds-YP_009724389.1	CCT	P	CCC	P	1682
NC_045512.2	18514	T	G	7443	460	39	2	1	31	0.000268528	7448	0.980478	FALSE	ORF1ab:cds-YP_009724389.1	TGG	W	GGG	G	1683
NC_045512.2	18514	T	C	7443	460	39	3	0	33	0.000402793	7448	0.945348	FALSE	ORF1ab:cds-YP_009724389.1	TGG	W	CGG	R	1683
NC_045512.2	18515	G	T	8358	462	39	1	1	25	0.000119617	8360	1	FALSE	ORF1ab:cds-YP_009724389.1	TGG	W	TTG	L	1683
NC_045512.2	18515	G	A	8358	462	39	1	0	37	0.000119617	8360	0.998051	FALSE	ORF1ab:cds-YP_009724389.1	TGG	W	TAG	*	1683
NC_045512.2	18518	A	C	8159	519	38	4	0	31	0.000490016	8163	0.927106	FALSE	ORF1ab:cds-YP_009724389.1	AAT	N	ACT	T	1684
NC_045512.2	18519	T	G	8429	523	39	1	0	37	0.000118624	8430	0.998052	FALSE	ORF1ab:cds-YP_009724389.1	AAT	N	AAG	K	1684
NC_045512.2	18520	G	A	8598	546	40	2	0	37	0.000232558	8600	0.989281	FALSE	ORF1ab:cds-YP_009724389.1	GTA	V	ATA	I	1685
NC_045512.2	18521	T	A	8589	548	40	1	0	25	0.000116414	8590	1	FALSE	ORF1ab:cds-YP_009724389.1	GTA	V	GAA	E	1685
NC_045512.2	18522	A	G	8635	549	40	2	0	31	0.000231562	8637	0.989281	FALSE	ORF1ab:cds-YP_009724389.1	GTA	V	GTG	V	1685
NC_045512.2	18523	G	T	8611	552	39	2	0	37	0.000232207	8613	0.989281	FALSE	ORF1ab:cds-YP_009724389.1	GTG	V	TTG	L	1686
NC_045512.2	18526	C	T	8771	601	40	7	1	42	0.000797357	8779	0.00780316	TRUE	ORF1ab:cds-YP_009724389.1	CGT	R	TGT	C	1687
NC_045512.2	18526	C	G	8771	601	40	1	1	37	0.000113908	8779	0.998045	FALSE	ORF1ab:cds-YP_009724389.1	CGT	R	GGT	G	1687
NC_045512.2	18527	G	A	9125	641	40	4	0	46	0.000438164	9129	0.0624932	FALSE	ORF1ab:cds-YP_009724389.1	CGT	R	CAT	H	1687
NC_045512.2	18528	T	C	9248	680	40	1	0	37	0.00010812	9249	0.999026	FALSE	ORF1ab:cds-YP_009724389.1	CGT	R	CGC	R	1687
NC_045512.2	18529	A	T	9324	678	40	1	1	20	0.000107239	9325	1	FALSE	ORF1ab:cds-YP_009724389.1	ATA	I	TTA	L	1688
NC_045512.2	18530	T	C	9359	752	40	1	0	37	0.000106838	9360	0.999026	FALSE	ORF1ab:cds-YP_009724389.1	ATA	I	ACA	T	1688
NC_045512.2	18531	A	G	9419	754	41	1	0	37	0.000106157	9420	0.999026	FALSE	ORF1ab:cds-YP_009724389.1	ATA	I	ATG	M	1688
NC_045512.2	18532	A	T	9406	758	41	1	0	37	0.000106281	9409	0.999025	FALSE	ORF1ab:cds-YP_009724389.1	AAG	K	TAG	*	1689
NC_045512.2	18532	A	G	9406	758	41	2	0	31	0.000212562	9409	0.994152	FALSE	ORF1ab:cds-YP_009724389.1	AAG	K	GAG	E	1689
NC_045512.2	18533	A	T	9488	765	40	1	0	74	0.000105374	9490	0.5	FALSE	ORF1ab:cds-YP_009724389.1	AAG	K	ATG	M	1689
NC_045512.2	18533	A	G	9488	765	40	1	0	37	0.000105374	9490	0.999026	FALSE	ORF1ab:cds-YP_009724389.1	AAG	K	AGG	R	1689
NC_045512.2	18536	T	C	9512	784	40	3	0	37	0.000315292	9515	0.980751	FALSE	ORF1ab:cds-YP_009724389.1	ATT	I	ACT	T	1690
NC_045512.2	18538	G	A	10087	791	41	2	0	37	0.000198236	10089	0.996835	FALSE	ORF1ab:cds-YP_009724389.1	GTA	V	ATA	I	1691
NC_045512.2	18539	T	C	10153	792	41	1	0	25	9.84834e-05	10154	1	FALSE	ORF1ab:cds-YP_009724389.1	GTA	V	GCA	A	1691
NC_045512.2	18540	A	G	10147	792	41	1	0	37	9.85416e-05	10148	0.999513	FALSE	ORF1ab:cds-YP_009724389.1	GTA	V	GTG	V	1691
NC_045512.2	18541	C	A	10165	790	41	1	0	37	9.83671e-05	10166	0.999513	FALSE	ORF1ab:cds-YP_009724389.1	CAA	Q	AAA	K	1692
NC_045512.2	18543	A	T	10247	789	40	1	0	37	9.75419e-05	10252	0.999512	FALSE	ORF1ab:cds-YP_009724389.1	CAA	Q	CAT	H	1692
NC_045512.2	18543	A	G	10247	789	40	4	1	37	0.000390168	10252	0.971355	FALSE	ORF1ab:cds-YP_009724389.1	CAA	Q	CAG	Q	1692
NC_045512.2	18544	A	T	10215	786	40	1	0	37	9.78857e-05	10216	0.999513	FALSE	ORF1ab:cds-YP_009724389.1	ATG	M	TTG	L	1693
NC_045512.2	18545	T	C	10338	799	40	1	0	37	9.67212e-05	10339	0.999513	FALSE	ORF1ab:cds-YP_009724389.1	ATG	M	ACG	T	1693
NC_045512.2	18546	G	T	10393	807	40	1	0	37	9.61908e-05	10396	0.999513	FALSE	ORF1ab:cds-YP_009724389.1	ATG	M	ATT	I	1693
NC_045512.2	18546	G	A	10393	807	40	2	1	37	0.000192382	10396	0.996833	FALSE	ORF1ab:cds-YP_009724389.1	ATG	M	ATA	I	1693
NC_045512.2	18547	T	C	10447	915	41	1	0	37	9.56938e-05	10450	0.999513	FALSE	ORF1ab:cds-YP_009724389.1	TTA	L	CTA	L	1694
NC_045512.2	18547	T	A	10447	915	41	2	0	37	0.000191388	10450	0.996833	FALSE	ORF1ab:cds-YP_009724389.1	TTA	L	ATA	I	1694
NC_045512.2	18549	A	G	10521	922	41	1	1	22	9.5039e-05	10522	1	FALSE	ORF1ab:cds-YP_009724389.1	TTA	L	TTG	L	1694
NC_045512.2	18550	A	G	10539	922	41	1	0	37	9.48767e-05	10540	0.999513	FALSE	ORF1ab:cds-YP_009724389.1	AGT	S	GGT	G	1695
NC_045512.2	18552	T	C	10662	999	41	1	0	25	9.37822e-05	10663	1	FALSE	ORF1ab:cds-YP_009724389.1	AGT	S	AGC	S	1695
NC_045512.2	18553	G	A	10667	1004	42	2	0	37	0.000187459	10669	0.996834	FALSE	ORF1ab:cds-YP_009724389.1	GAC	D	AAC	N	1696
NC_045512.2	18554	A	G	10664	1009	42	1	0	37	9.37647e-05	10665	0.999513	FALSE	ORF1ab:cds-YP_009724389.1	GAC	D	GGC	G	1696
NC_045512.2	18555	C	T	10686	1015	42	3	0	37	0.000280636	10690	0.988789	FALSE	ORF1ab:cds-YP_009724389.1	GAC	D	GAT	D	1696
NC_045512.2	18555	C	A	10686	1015	42	1	0	25	9.35454e-05	10690	1	FALSE	ORF1ab:cds-YP_009724389.1	GAC	D	GAA	E	1696
NC_045512.2	18558	A	C	10705	1075	42	1	0	37	9.34056e-05	10706	0.999513	FALSE	ORF1ab:cds-YP_009724389.1	ACA	T	ACC	T	1697
NC_045512.2	18560	T	C	11291	1118	42	2	0	37	0.000177101	11293	0.998296	FALSE	ORF1ab:cds-YP_009724389.1	CTT	L	CCT	P	1698
NC_045512.2	18561	T	C	11291	1119	42	3	0	37	0.000265604	11295	0.993544	FALSE	ORF1ab:cds-YP_009724389.1	CTT	L	CTC	L	1698
NC_045512.2	18561	T	A	11291	1119	42	1	0	37	8.85347e-05	11295	0.999756	FALSE	ORF1ab:cds-YP_009724389.1	CTT	L	CTA	L	1698
NC_045512.2	18561	T	-A	11291	1119	42	4	0	20	0.000354139	11295	1	FALSE	NA	NA	NA	NA	NA	NA
NC_045512.2	18562	A	T	11392	1273	43	1	1	37	8.77732e-05	11393	0.999756	FALSE	ORF1ab:cds-YP_009724389.1	AAA	K	TAA	*	1699
NC_045512.2	18563	A	G	11408	1321	43	1	0	37	8.76501e-05	11409	0.999757	FALSE	ORF1ab:cds-YP_009724389.1	AAA	K	AGA	R	1699
NC_045512.2	18566	A	G	11197	1639	44	1	0	37	8.93017e-05	11198	0.999757	FALSE	ORF1ab:cds-YP_009724389.1	AAT	N	AGT	S	1700
NC_045512.2	18568	C	T	11515	1678	45	3	0	37	0.000260462	11518	0.993546	FALSE	ORF1ab:cds-YP_009724389.1	CTC	L	TTC	F	1701
NC_045512.2	18569	T	G	11537	1676	45	1	0	37	8.66476e-05	11541	0.999756	FALSE	ORF1ab:cds-YP_009724389.1	CTC	L	CGC	R	1701
NC_045512.2	18569	T	C	11537	1676	45	3	2	44	0.000259943	11541	0.312484	FALSE	ORF1ab:cds-YP_009724389.1	CTC	L	CCC	P	1701
NC_045512.2	18570	C	G	11631	1758	45	1	0	37	8.59697e-05	11632	0.999757	FALSE	ORF1ab:cds-YP_009724389.1	CTC	L	CTG	L	1701
NC_045512.2	18571	T	C	11691	1761	45	4	0	46	0.000342027	11695	0.1875	FALSE	ORF1ab:cds-YP_009724389.1	TCT	S	CCT	P	1702
NC_045512.2	18572	C	T	11681	1792	45	1	0	74	8.56018e-05	11682	0.500021	FALSE	ORF1ab:cds-YP_009724389.1	TCT	S	TTT	F	1702
NC_045512.2	18573	T	C	11657	1805	45	1	0	74	8.57633e-05	11660	0.499979	FALSE	ORF1ab:cds-YP_009724389.1	TCT	S	TCC	S	1702
NC_045512.2	18573	T	A	11657	1805	45	2	0	25	0.000171527	11660	1	FALSE	ORF1ab:cds-YP_009724389.1	TCT	S	TCA	S	1702
NC_045512.2	18574	G	A	11430	1929	45	3	0	49	0.000262398	11433	0.312516	FALSE	ORF1ab:cds-YP_009724389.1	GAC	D	AAC	N	1703
NC_045512.2	18575	A	G	11204	2039	45	3	1	49	0.00026769	11207	0.312517	FALSE	ORF1ab:cds-YP_009724389.1	GAC	D	GGC	G	1703
NC_045512.2	18576	C	T	11160	2169	45	1	0	25	8.95977e-05	11161	1	FALSE	ORF1ab:cds-YP_009724389.1	GAC	D	GAT	D	1703
NC_045512.2	18577	A	C	10763	2168	45	1	0	37	9.29023e-05	10764	0.999513	FALSE	ORF1ab:cds-YP_009724389.1	AGA	R	CGA	R	1704
NC_045512.2	18577	A	+G	10763	2168	45	3	0	20	0.000278707	10764	1	FALSE	NA	NA	NA	NA	NA	NA
NC_045512.2	18578	G	T	11299	2182	45	1	0	25	8.84877e-05	11301	1	FALSE	ORF1ab:cds-YP_009724389.1	AGA	R	ATA	I	1704
NC_045512.2	18578	G	C	11299	2182	45	1	0	25	8.84877e-05	11301	1	FALSE	ORF1ab:cds-YP_009724389.1	AGA	R	ACA	T	1704
NC_045512.2	18579	A	G	11168	2154	45	1	1	74	8.95335e-05	11169	0.500022	FALSE	ORF1ab:cds-YP_009724389.1	AGA	R	AGG	R	1704
NC_045512.2	18580	G	A	11395	2170	45	1	0	25	8.77501e-05	11396	1	FALSE	ORF1ab:cds-YP_009724389.1	GTC	V	ATC	I	1705
NC_045512.2	18581	T	G	11197	2187	45	1	0	25	8.92937e-05	11199	1	FALSE	ORF1ab:cds-YP_009724389.1	GTC	V	GGC	G	1705
NC_045512.2	18581	T	C	11197	2187	45	1	0	37	8.92937e-05	11199	0.999757	FALSE	ORF1ab:cds-YP_009724389.1	GTC	V	GCC	A	1705
NC_045512.2	18582	C	T	11347	2184	45	3	0	33	0.000264317	11350	0.993546	FALSE	ORF1ab:cds-YP_009724389.1	GTC	V	GTT	V	1705
NC_045512.2	18583	G	T	11531	2270	44	1	0	37	8.66326e-05	11543	0.999755	FALSE	ORF1ab:cds-YP_009724389.1	GTA	V	TTA	L	1706
NC_045512.2	18583	G	C	11531	2270	44	3	0	37	0.000259898	11543	0.99352	FALSE	ORF1ab:cds-YP_009724389.1	GTA	V	CTA	L	1706
NC_045512.2	18583	G	A	11531	2270	44	8	1	37	0.000693061	11543	0.820308	FALSE	ORF1ab:cds-YP_009724389.1	GTA	V	ATA	I	1706
NC_045512.2	18584	T	C	10172	2641	42	1	0	37	9.82994e-05	10173	0.999513	FALSE	ORF1ab:cds-YP_009724389.1	GTA	V	GCA	A	1706
NC_045512.2	18585	A	G	9102	2658	40	2	0	74	0.000219635	9106	0.249959	FALSE	ORF1ab:cds-YP_009724389.1	GTA	V	GTG	V	1706
NC_045512.2	18585	A	C	9102	2658	40	2	0	25	0.000219635	9106	1	FALSE	ORF1ab:cds-YP_009724389.1	GTA	V	GTC	V	1706
NC_045512.2	18586	T	G	9598	2682	41	2	0	25	0.000208268	9603	1	FALSE	ORF1ab:cds-YP_009724389.1	TTT	F	GTT	V	1707
NC_045512.2	18586	T	A	9598	2682	41	3	1	37	0.000312402	9603	0.980734	FALSE	ORF1ab:cds-YP_009724389.1	TTT	F	ATT	I	1707
NC_045512.2	18587	T	C	10184	2776	42	7	0	30	0.000686881	10191	0.834	FALSE	ORF1ab:cds-YP_009724389.1	TTT	F	TCT	S	1707
NC_045512.2	18587	T	+C	10184	2776	42	3	0	20	0.000294377	10191	1	FALSE	NA	NA	NA	NA	NA	NA
NC_045512.2	18588	T	C	10340	2837	43	1	0	37	9.66931e-05	10342	0.999513	FALSE	ORF1ab:cds-YP_009724389.1	TTT	F	TTC	F	1707
NC_045512.2	18588	T	A	10340	2837	43	1	0	37	9.66931e-05	10342	0.999513	FALSE	ORF1ab:cds-YP_009724389.1	TTT	F	TTA	L	1707
NC_045512.2	18589	G	T	9593	2867	41	1	0	25	0.000104221	9595	1	FALSE	ORF1ab:cds-YP_009724389.1	GTC	V	TTC	F	1708
NC_045512.2	18589	G	C	9593	2867	41	1	0	37	0.000104221	9595	0.999026	FALSE	ORF1ab:cds-YP_009724389.1	GTC	V	CTC	L	1708
NC_045512.2	18590	T	A	10040	2866	42	1	0	37	9.95917e-05	10041	0.999513	FALSE	ORF1ab:cds-YP_009724389.1	GTC	V	GAC	D	1708
NC_045512.2	18591	C	A	9168	2849	39	2	0	31	0.000218103	9170	0.994155	FALSE	ORF1ab:cds-YP_009724389.1	GTC	V	GTA	V	1708
NC_045512.2	18592	T	C	9512	2811	41	14	1	36	0.00146951	9527	0.202293	FALSE	ORF1ab:cds-YP_009724389.1	TTA	L	CTA	L	1709
NC_045512.2	18592	T	A	9512	2811	41	1	0	37	0.000104965	9527	0.999019	FALSE	ORF1ab:cds-YP_009724389.1	TTA	L	ATA	I	1709
NC_045512.2	18593	T	C	10139	2850	43	6	0	37	0.000591424	10145	0.89507	FALSE	ORF1ab:cds-YP_009724389.1	TTA	L	TCA	S	1709
NC_045512.2	18594	A	G	9017	3096	40	1	1	37	0.000110877	9019	0.999026	FALSE	ORF1ab:cds-YP_009724389.1	TTA	L	TTG	L	1709
NC_045512.2	18594	A	C	9017	3096	40	1	1	25	0.000110877	9019	1	FALSE	ORF1ab:cds-YP_009724389.1	TTA	L	TTC	F	1709
NC_045512.2	18595	T	A	9285	3458	41	1	0	37	0.000107689	9286	0.999026	FALSE	ORF1ab:cds-YP_009724389.1	TGG	W	AGG	R	1710
NC_045512.2	18596	G	T	8846	3489	40	3	0	29	0.000339021	8849	1	FALSE	ORF1ab:cds-YP_009724389.1	TGG	W	TTG	L	1710
NC_045512.2	18598	G	T	9710	3491	41	1	1	37	0.000102902	9718	0.999023	FALSE	ORF1ab:cds-YP_009724389.1	GCA	A	TCA	S	1711
NC_045512.2	18598	G	A	9710	3491	41	7	0	42	0.000720313	9718	0.00780406	TRUE	ORF1ab:cds-YP_009724389.1	GCA	A	ACA	T	1711
NC_045512.2	18600	A	G	8995	3575	40	2	1	37	0.000222272	8998	0.989275	FALSE	ORF1ab:cds-YP_009724389.1	GCA	A	GCG	A	1711
NC_045512.2	18600	A	C	8995	3575	40	1	0	25	0.000111136	8998	1	FALSE	ORF1ab:cds-YP_009724389.1	GCA	A	GCC	A	1711
NC_045512.2	18601	C	T	9241	3580	40	1	1	37	0.000108202	9242	0.999026	FALSE	ORF1ab:cds-YP_009724389.1	CAT	H	TAT	Y	1712
NC_045512.2	18602	A	G	9120	3586	40	2	2	37	0.00021925	9122	0.994155	FALSE	ORF1ab:cds-YP_009724389.1	CAT	H	CGT	R	1712
NC_045512.2	18603	T	A	8835	3613	39	1	0	25	0.000113173	8836	1	FALSE	ORF1ab:cds-YP_009724389.1	CAT	H	CAA	Q	1712
NC_045512.2	18604	G	T	8917	3622	39	1	0	25	0.000112133	8918	1	FALSE	ORF1ab:cds-YP_009724389.1	GGC	G	TGC	C	1713
NC_045512.2	18605	G	T	10256	4138	41	2	0	55	0.000194875	10263	0.24989	FALSE	ORF1ab:cds-YP_009724389.1	GGC	G	GTC	V	1713
NC_045512.2	18605	G	A	10256	4138	41	5	3	34	0.000487187	10263	0.94081	FALSE	ORF1ab:cds-YP_009724389.1	GGC	G	GAC	D	1713
NC_045512.2	18606	C	T	9991	4172	39	2	2	37	0.00020014	9993	0.994154	FALSE	ORF1ab:cds-YP_009724389.1	GGC	G	GGT	G	1713
NC_045512.2	18607	T	C	9393	4098	39	2	1	37	0.000212834	9397	0.994149	FALSE	ORF1ab:cds-YP_009724389.1	TTT	F	CTT	L	1714
NC_045512.2	18607	T	A	9393	4098	39	2	0	37	0.000212834	9397	0.994149	FALSE	ORF1ab:cds-YP_009724389.1	TTT	F	ATT	I	1714
NC_045512.2	18608	T	G	9987	4126	40	1	0	25	0.00010012	9988	1	FALSE	ORF1ab:cds-YP_009724389.1	TTT	F	TGT	C	1714
NC_045512.2	18609	T	C	10069	4144	41	4	3	34	0.000397062	10074	0.971356	FALSE	ORF1ab:cds-YP_009724389.1	TTT	F	TTC	F	1714
NC_045512.2	18609	T	A	10069	4144	41	1	0	37	9.92654e-05	10074	0.999512	FALSE	ORF1ab:cds-YP_009724389.1	TTT	F	TTA	L	1714
NC_045512.2	18610	G	T	9937	4184	40	1	0	25	0.000100624	9938	1	FALSE	ORF1ab:cds-YP_009724389.1	GAG	E	TAG	*	1715
NC_045512.2	18611	A	G	9903	4219	39	1	1	37	0.000100969	9904	0.999026	FALSE	ORF1ab:cds-YP_009724389.1	GAG	E	GGG	G	1715
NC_045512.2	18612	G	T	10008	4236	40	2	0	37	0.00019978	10011	0.996833	FALSE	ORF1ab:cds-YP_009724389.1	GAG	E	GAT	D	1715
NC_045512.2	18612	G	C	10008	4236	40	1	1	74	9.98901e-05	10011	0.499975	FALSE	ORF1ab:cds-YP_009724389.1	GAG	E	GAC	D	1715
NC_045512.2	18613	T	C	10289	4559	40	5	2	34	0.000485625	10296	0.94081	FALSE	ORF1ab:cds-YP_009724389.1	TTG	L	CTG	L	1716
NC_045512.2	18613	T	A	10289	4559	40	2	1	43	0.00019425	10296	0.499854	FALSE	ORF1ab:cds-YP_009724389.1	TTG	L	ATG	M	1716
NC_045512.2	18614	T	C	10427	4658	41	2	0	37	0.000191773	10429	0.996835	FALSE	ORF1ab:cds-YP_009724389.1	TTG	L	TCG	S	1716
NC_045512.2	18616	A	G	9898	4962	40	2	1	37	0.00020202	9900	0.994154	FALSE	ORF1ab:cds-YP_009724389.1	ACA	T	GCA	A	1717
NC_045512.2	18617	C	T	10132	4970	40	4	1	46	0.000394594	10137	0.187469	FALSE	ORF1ab:cds-YP_009724389.1	ACA	T	ATA	I	1717
NC_045512.2	18617	C	A	10132	4970	40	1	0	37	9.86485e-05	10137	0.999512	FALSE	ORF1ab:cds-YP_009724389.1	ACA	T	AAA	K	1717
NC_045512.2	18618	A	T	10210	4979	40	1	0	37	9.79336e-05	10211	0.999513	FALSE	ORF1ab:cds-YP_009724389.1	ACA	T	ACT	T	1717
NC_045512.2	18618	A	+G	10210	4979	40	2	0	20	0.000195867	10211	1	FALSE	NA	NA	NA	NA	NA	NA
NC_045512.2	18619	T	G	10145	4923	40	1	1	37	9.85416e-05	10148	0.999513	FALSE	ORF1ab:cds-YP_009724389.1	TCT	S	GCT	A	1718
NC_045512.2	18619	T	C	10145	4923	40	2	1	55	0.000197083	10148	0.249988	FALSE	ORF1ab:cds-YP_009724389.1	TCT	S	CCT	P	1718
NC_045512.2	18620	C	T	10110	4785	39	2	1	37	0.000197765	10113	0.996833	FALSE	ORF1ab:cds-YP_009724389.1	TCT	S	TTT	F	1718
NC_045512.2	18620	C	A	10110	4785	39	1	1	37	9.88826e-05	10113	0.999513	FALSE	ORF1ab:cds-YP_009724389.1	TCT	S	TAT	Y	1718
NC_045512.2	18621	T	G	10049	4920	39	1	1	25	9.94827e-05	10052	1	FALSE	ORF1ab:cds-YP_009724389.1	TCT	S	TCG	S	1718
NC_045512.2	18621	T	C	10049	4920	39	2	2	37	0.000198965	10052	0.996833	FALSE	ORF1ab:cds-YP_009724389.1	TCT	S	TCC	S	1718
NC_045512.2	18623	T	G	10499	4933	40	1	1	37	9.52109e-05	10503	0.999512	FALSE	ORF1ab:cds-YP_009724389.1	ATG	M	AGG	R	1719
NC_045512.2	18623	T	C	10499	4933	40	3	2	40	0.000285633	10503	0.312482	FALSE	ORF1ab:cds-YP_009724389.1	ATG	M	ACG	T	1719
NC_045512.2	18624	G	T	10347	4946	40	1	0	25	9.66277e-05	10349	1	FALSE	ORF1ab:cds-YP_009724389.1	ATG	M	ATT	I	1719
NC_045512.2	18624	G	C	10347	4946	40	1	0	37	9.66277e-05	10349	0.999513	FALSE	ORF1ab:cds-YP_009724389.1	ATG	M	ATC	I	1719
NC_045512.2	18625	A	G	10240	4930	39	2	0	42	0.000195274	10242	0.500037	FALSE	ORF1ab:cds-YP_009724389.1	AAG	K	GAG	E	1720
NC_045512.2	18626	A	T	10406	4831	40	1	0	37	9.60615e-05	10410	0.999512	FALSE	ORF1ab:cds-YP_009724389.1	AAG	K	ATG	M	1720
NC_045512.2	18626	A	G	10406	4831	40	1	0	37	9.60615e-05	10410	0.999512	FALSE	ORF1ab:cds-YP_009724389.1	AAG	K	AGG	R	1720
NC_045512.2	18626	A	C	10406	4831	40	2	0	37	0.000192123	10410	0.996832	FALSE	ORF1ab:cds-YP_009724389.1	AAG	K	ACG	T	1720
NC_045512.2	18627	G	T	10019	4906	39	1	0	37	9.97407e-05	10026	0.999512	FALSE	ORF1ab:cds-YP_009724389.1	AAG	K	AAT	N	1720
NC_045512.2	18627	G	A	10019	4906	39	6	0	43	0.000598444	10026	0.0624673	FALSE	ORF1ab:cds-YP_009724389.1	AAG	K	AAA	K	1720
NC_045512.2	18628	T	G	10287	5004	40	1	1	25	9.71912e-05	10289	1	FALSE	ORF1ab:cds-YP_009724389.1	TAT	Y	GAT	D	1721
NC_045512.2	18628	T	C	10287	5004	40	1	0	37	9.71912e-05	10289	0.999513	FALSE	ORF1ab:cds-YP_009724389.1	TAT	Y	CAT	H	1721
NC_045512.2	18629	A	C	10035	4953	40	1	0	25	9.96413e-05	10036	1	FALSE	ORF1ab:cds-YP_009724389.1	TAT	Y	TCT	S	1721
NC_045512.2	18630	T	C	10016	4972	39	2	1	55	0.000199641	10018	0.250012	FALSE	ORF1ab:cds-YP_009724389.1	TAT	Y	TAC	Y	1721
NC_045512.2	18631	T	C	9758	4698	39	1	0	37	0.000102459	9760	0.999026	FALSE	ORF1ab:cds-YP_009724389.1	TTT	F	CTT	L	1722
NC_045512.2	18631	T	A	9758	4698	39	1	1	37	0.000102459	9760	0.999026	FALSE	ORF1ab:cds-YP_009724389.1	TTT	F	ATT	I	1722
NC_045512.2	18632	T	C	9904	4810	40	2	1	31	0.000201877	9907	0.994151	FALSE	ORF1ab:cds-YP_009724389.1	TTT	F	TCT	S	1722
NC_045512.2	18632	T	A	9904	4810	40	1	1	37	0.000100939	9907	0.999025	FALSE	ORF1ab:cds-YP_009724389.1	TTT	F	TAT	Y	1722
NC_045512.2	18633	T	C	10065	4998	40	4	2	34	0.000397259	10069	0.971368	FALSE	ORF1ab:cds-YP_009724389.1	TTT	F	TTC	F	1722
NC_045512.2	18636	G	T	9868	5154	39	1	1	37	0.000101286	9873	0.999024	FALSE	ORF1ab:cds-YP_009724389.1	GTG	V	GTT	V	1723
NC_045512.2	18636	G	A	9868	5154	39	4	2	37	0.000405145	9873	0.95391	FALSE	ORF1ab:cds-YP_009724389.1	GTG	V	GTA	V	1723
NC_045512.2	18636	G	-A	9868	5154	39	2	0	20	0.000202573	9873	1	FALSE	NA	NA	NA	NA	NA	NA
NC_045512.2	18637	A	G	9757	5153	39	2	0	49	0.000204939	9759	0.249962	FALSE	ORF1ab:cds-YP_009724389.1	AAA	K	GAA	E	1724
NC_045512.2	18638	A	G	10006	5129	40	1	1	37	9.993e-05	10007	0.999513	FALSE	ORF1ab:cds-YP_009724389.1	AAA	K	AGA	R	1724
NC_045512.2	18639	A	G	10051	5187	39	1	1	25	9.94827e-05	10052	1	FALSE	ORF1ab:cds-YP_009724389.1	AAA	K	AAG	K	1724
NC_045512.2	18640	A	G	10057	5208	39	1	0	37	9.94233e-05	10058	0.999513	FALSE	ORF1ab:cds-YP_009724389.1	ATA	I	GTA	V	1725
NC_045512.2	18641	T	C	10147	5345	39	2	2	37	0.000197044	10150	0.996833	FALSE	ORF1ab:cds-YP_009724389.1	ATA	I	ACA	T	1725
NC_045512.2	18641	T	A	10147	5345	39	1	0	25	9.85222e-05	10150	1	FALSE	ORF1ab:cds-YP_009724389.1	ATA	I	AAA	K	1725
NC_045512.2	18642	A	T	10224	5395	39	2	2	37	0.000195484	10231	0.996827	FALSE	ORF1ab:cds-YP_009724389.1	ATA	I	ATT	I	1725
NC_045512.2	18642	A	G	10224	5395	39	4	1	46	0.000390969	10231	0.187408	FALSE	ORF1ab:cds-YP_009724389.1	ATA	I	ATG	M	1725
NC_045512.2	18642	A	C	10224	5395	39	1	0	37	9.77422e-05	10231	0.999512	FALSE	ORF1ab:cds-YP_009724389.1	ATA	I	ATC	I	1725
NC_045512.2	18643	G	T	9995	5404	39	11	4	40	0.00109901	10009	0.00316337	TRUE	ORF1ab:cds-YP_009724389.1	GGA	G	TGA	*	1726
NC_045512.2	18643	G	C	9995	5404	39	1	0	37	9.99101e-05	10009	0.99951	FALSE	ORF1ab:cds-YP_009724389.1	GGA	G	CGA	R	1726
NC_045512.2	18643	G	A	9995	5404	39	2	1	37	0.00019982	10009	0.996816	FALSE	ORF1ab:cds-YP_009724389.1	GGA	G	AGA	R	1726
NC_045512.2	18645	A	G	10304	5423	39	1	0	37	9.70403e-05	10305	0.999513	FALSE	ORF1ab:cds-YP_009724389.1	GGA	G	GGG	G	1726
NC_045512.2	18646	C	T	10195	5424	39	1	0	37	9.80584e-05	10198	0.999513	FALSE	ORF1ab:cds-YP_009724389.1	CCT	P	TCT	S	1727
NC_045512.2	18646	C	A	10195	5424	39	2	1	37	0.000196117	10198	0.996833	FALSE	ORF1ab:cds-YP_009724389.1	CCT	P	ACT	T	1727
NC_045512.2	18647	C	A	10296	5492	39	1	1	25	9.71157e-05	10297	1	FALSE	ORF1ab:cds-YP_009724389.1	CCT	P	CAT	H	1727
NC_045512.2	18648	T	G	9948	5257	39	3	3	33	0.000301326	9956	0.980709	FALSE	ORF1ab:cds-YP_009724389.1	CCT	P	CCG	P	1727
NC_045512.2	18648	T	C	9948	5257	39	5	3	37	0.00050221	9956	0.910233	FALSE	ORF1ab:cds-YP_009724389.1	CCT	P	CCC	P	1727
NC_045512.2	18650	A	T	10191	5276	39	1	0	37	9.80969e-05	10194	0.999513	FALSE	ORF1ab:cds-YP_009724389.1	GAG	E	GTG	V	1728
NC_045512.2	18650	A	G	10191	5276	39	2	1	37	0.000196194	10194	0.996833	FALSE	ORF1ab:cds-YP_009724389.1	GAG	E	GGG	G	1728
NC_045512.2	18651	G	T	10135	5299	39	1	1	37	9.86582e-05	10136	0.999513	FALSE	ORF1ab:cds-YP_009724389.1	GAG	E	GAT	D	1728
NC_045512.2	18652	C	T	10295	5506	39	3	1	49	0.000291234	10301	0.312409	FALSE	ORF1ab:cds-YP_009724389.1	CGC	R	TGC	C	1729
NC_045512.2	18652	C	G	10295	5506	39	1	0	25	9.7078e-05	10301	1	FALSE	ORF1ab:cds-YP_009724389.1	CGC	R	GGC	G	1729
NC_045512.2	18652	C	A	10295	5506	39	2	1	37	0.000194156	10301	0.996829	FALSE	ORF1ab:cds-YP_009724389.1	CGC	R	AGC	S	1729
NC_045512.2	18653	G	A	10231	5440	39	8	4	44	0.000781326	10239	0.0195175	FALSE	ORF1ab:cds-YP_009724389.1	CGC	R	CAC	H	1729
NC_045512.2	18654	C	T	11053	5903	40	3	1	37	0.000271346	11056	0.993547	FALSE	ORF1ab:cds-YP_009724389.1	CGC	R	CGT	R	1729
NC_045512.2	18655	A	G	11080	5964	40	3	2	37	0.000270685	11083	0.993547	FALSE	ORF1ab:cds-YP_009724389.1	ACC	T	GCC	A	1730
NC_045512.2	18656	C	T	11763	5979	39	2	0	31	0.000169909	11771	0.998291	FALSE	ORF1ab:cds-YP_009724389.1	ACC	T	ATC	I	1730
NC_045512.2	18656	C	G	11763	5979	39	5	3	37	0.000424773	11771	0.961615	FALSE	ORF1ab:cds-YP_009724389.1	ACC	T	AGC	S	1730
NC_045512.2	18656	C	A	11763	5979	39	1	1	37	8.49545e-05	11771	0.999756	FALSE	ORF1ab:cds-YP_009724389.1	ACC	T	AAC	N	1730
NC_045512.2	18657	C	A	11795	5997	40	1	1	37	8.47745e-05	11796	0.999757	FALSE	ORF1ab:cds-YP_009724389.1	ACC	T	ACA	T	1730
NC_045512.2	18658	T	G	11475	5864	39	1	0	37	8.7108e-05	11480	0.999756	FALSE	ORF1ab:cds-YP_009724389.1	TGT	C	GGT	G	1731
NC_045512.2	18658	T	C	11475	5864	39	4	0	37	0.000348432	11480	0.982451	FALSE	ORF1ab:cds-YP_009724389.1	TGT	C	CGT	R	1731
NC_045512.2	18659	G	T	11651	5906	39	1	0	37	8.57706e-05	11659	0.999756	FALSE	ORF1ab:cds-YP_009724389.1	TGT	C	TTT	F	1731
NC_045512.2	18659	G	A	11651	5906	39	7	3	37	0.000600395	11659	0.881149	FALSE	ORF1ab:cds-YP_009724389.1	TGT	C	TAT	Y	1731
NC_045512.2	18660	T	C	11222	5851	39	2	1	43	0.00017819	11224	0.500033	FALSE	ORF1ab:cds-YP_009724389.1	TGT	C	TGC	C	1731
NC_045512.2	18661	T	C	11308	5920	39	1	1	37	8.84251e-05	11309	0.999757	FALSE	ORF1ab:cds-YP_009724389.1	TGT	C	CGT	R	1732
NC_045512.2	18663	T	C	11072	5589	39	1	0	37	9.03098e-05	11073	0.999757	FALSE	ORF1ab:cds-YP_009724389.1	TGT	C	TGC	C	1732
NC_045512.2	18664	C	T	11063	5572	39	2	1	37	0.000180571	11076	0.998287	FALSE	ORF1ab:cds-YP_009724389.1	CTA	L	TTA	L	1733
NC_045512.2	18664	C	A	11063	5572	39	11	8	40	0.000993138	11076	0.00316583	TRUE	ORF1ab:cds-YP_009724389.1	CTA	L	ATA	I	1733
NC_045512.2	18665	T	C	10628	5164	39	2	0	37	0.000188111	10632	0.996831	FALSE	ORF1ab:cds-YP_009724389.1	CTA	L	CCA	P	1733
NC_045512.2	18665	T	A	10628	5164	39	2	2	37	0.000188111	10632	0.996831	FALSE	ORF1ab:cds-YP_009724389.1	CTA	L	CAA	Q	1733
NC_045512.2	18666	A	T	10692	5131	39	1	1	29	9.35191e-05	10693	1	FALSE	ORF1ab:cds-YP_009724389.1	CTA	L	CTT	L	1733
NC_045512.2	18667	T	C	10679	5174	39	2	0	37	0.000187231	10682	0.996833	FALSE	ORF1ab:cds-YP_009724389.1	TGT	C	CGT	R	1734
NC_045512.2	18667	T	A	10679	5174	39	1	1	37	9.36154e-05	10682	0.999513	FALSE	ORF1ab:cds-YP_009724389.1	TGT	C	AGT	S	1734
NC_045512.2	18668	G	A	10815	5180	39	1	0	37	9.24556e-05	10816	0.999513	FALSE	ORF1ab:cds-YP_009724389.1	TGT	C	TAT	Y	1734
NC_045512.2	18669	T	C	10866	5208	39	1	0	37	9.20217e-05	10867	0.999513	FALSE	ORF1ab:cds-YP_009724389.1	TGT	C	TGC	C	1734
NC_045512.2	18670	G	A	10805	5209	39	2	2	37	0.000185065	10807	0.996834	FALSE	ORF1ab:cds-YP_009724389.1	GAT	D	AAT	N	1735
NC_045512.2	18671	A	T	10652	5123	39	1	0	37	9.38703e-05	10653	0.999513	FALSE	ORF1ab:cds-YP_009724389.1	GAT	D	GTT	V	1735
NC_045512.2	18673	A	T	10581	5054	39	1	0	37	9.44555e-05	10587	0.999512	FALSE	ORF1ab:cds-YP_009724389.1	AGA	R	TGA	*	1736
NC_045512.2	18673	A	G	10581	5054	39	5	3	34	0.000472277	10587	0.94083	FALSE	ORF1ab:cds-YP_009724389.1	AGA	R	GGA	G	1736
NC_045512.2	18674	G	T	10520	5090	39	1	1	37	9.5039e-05	10522	0.999513	FALSE	ORF1ab:cds-YP_009724389.1	AGA	R	ATA	I	1736
NC_045512.2	18674	G	C	10520	5090	39	1	1	37	9.5039e-05	10522	0.999513	FALSE	ORF1ab:cds-YP_009724389.1	AGA	R	ACA	T	1736
NC_045512.2	18675	A	G	10674	5223	39	1	0	74	9.36768e-05	10675	0.500023	FALSE	ORF1ab:cds-YP_009724389.1	AGA	R	AGG	R	1736
NC_045512.2	18676	C	T	10682	5219	40	4	2	37	0.000374322	10686	0.971365	FALSE	ORF1ab:cds-YP_009724389.1	CGT	R	TGT	C	1737
NC_045512.2	18677	G	C	10577	5183	40	1	0	25	9.4509e-05	10581	1	FALSE	ORF1ab:cds-YP_009724389.1	CGT	R	CCT	P	1737
NC_045512.2	18677	G	A	10577	5183	40	3	2	37	0.000283527	10581	0.988789	FALSE	ORF1ab:cds-YP_009724389.1	CGT	R	CAT	H	1737
NC_045512.2	18678	T	C	10579	5135	40	2	0	37	0.000189018	10581	0.996835	FALSE	ORF1ab:cds-YP_009724389.1	CGT	R	CGC	R	1737
NC_045512.2	18679	G	T	10570	5159	40	1	1	25	9.45358e-05	10578	1	FALSE	ORF1ab:cds-YP_009724389.1	GCC	A	TCC	S	1738
NC_045512.2	18679	G	A	10570	5159	40	7	3	37	0.000661751	10578	0.833945	FALSE	ORF1ab:cds-YP_009724389.1	GCC	A	ACC	T	1738
NC_045512.2	18680	C	T	10652	5200	40	5	2	44	0.000469175	10657	0.109364	FALSE	ORF1ab:cds-YP_009724389.1	GCC	A	GTC	V	1738
NC_045512.2	18682	A	T	10660	5405	40	3	3	32	0.00028132	10664	0.988789	FALSE	ORF1ab:cds-YP_009724389.1	ACA	T	TCA	S	1739
NC_045512.2	18682	A	G	10660	5405	40	1	0	37	9.37734e-05	10664	0.999512	FALSE	ORF1ab:cds-YP_009724389.1	ACA	T	GCA	A	1739
NC_045512.2	18685	T	C	10432	5563	39	4	3	37	0.000383289	10436	0.971366	FALSE	ORF1ab:cds-YP_009724389.1	TGC	C	CGC	R	1740
NC_045512.2	18686	G	A	10468	5537	39	7	6	37	0.000668258	10475	0.833996	FALSE	ORF1ab:cds-YP_009724389.1	TGC	C	TAC	Y	1740
NC_045512.2	18687	C	T	10701	5496	39	6	3	37	0.000560381	10707	0.895063	FALSE	ORF1ab:cds-YP_009724389.1	TGC	C	TGT	C	1740
NC_045512.2	18687	C	-T	10701	5496	39	11	0	20	0.00102737	10707	1	FALSE	NA	NA	NA	NA	NA	NA
NC_045512.2	18688	T	G	10739	5615	40	1	0	37	9.30406e-05	10748	0.999508	FALSE	ORF1ab:cds-YP_009724389.1	TTT	F	GTT	V	1741
NC_045512.2	18688	T	C	10739	5615	40	8	5	37	0.000744325	10748	0.759006	FALSE	ORF1ab:cds-YP_009724389.1	TTT	F	CTT	L	1741
NC_045512.2	18689	T	C	10774	5699	40	1	0	62	9.27988e-05	10776	0.5	FALSE	ORF1ab:cds-YP_009724389.1	TTT	F	TCT	S	1741
NC_045512.2	18689	T	A	10774	5699	40	1	0	62	9.27988e-05	10776	0.5	FALSE	ORF1ab:cds-YP_009724389.1	TTT	F	TAT	Y	1741
NC_045512.2	18690	T	G	10710	5730	40	1	0	37	9.33532e-05	10712	0.999513	FALSE	ORF1ab:cds-YP_009724389.1	TTT	F	TTG	L	1741
NC_045512.2	18690	T	C	10710	5730	40	1	0	25	9.33532e-05	10712	1	FALSE	ORF1ab:cds-YP_009724389.1	TTT	F	TTC	F	1741
NC_045512.2	18691	T	C	10879	5905	40	3	0	37	0.000275685	10882	0.988794	FALSE	ORF1ab:cds-YP_009724389.1	TCC	S	CCC	P	1742
NC_045512.2	18693	C	T	10841	5915	40	1	1	37	9.22169e-05	10844	0.999513	FALSE	ORF1ab:cds-YP_009724389.1	TCC	S	TCT	S	1742
NC_045512.2	18693	C	G	10841	5915	40	1	0	25	9.22169e-05	10844	1	FALSE	ORF1ab:cds-YP_009724389.1	TCC	S	TCG	S	1742
NC_045512.2	18693	C	A	10841	5915	40	1	1	37	9.22169e-05	10844	0.999513	FALSE	ORF1ab:cds-YP_009724389.1	TCC	S	TCA	S	1742
NC_045512.2	18694	A	T	10725	5798	40	1	1	37	9.32227e-05	10727	0.999513	FALSE	ORF1ab:cds-YP_009724389.1	ACT	T	TCT	S	1743
NC_045512.2	18694	A	G	10725	5798	40	1	1	25	9.32227e-05	10727	1	FALSE	ORF1ab:cds-YP_009724389.1	ACT	T	GCT	A	1743
NC_045512.2	18695	C	T	10796	5863	40	3	1	33	0.000277778	10800	0.988789	FALSE	ORF1ab:cds-YP_009724389.1	ACT	T	ATT	I	1743
NC_045512.2	18695	C	G	10796	5863	40	1	1	37	9.25926e-05	10800	0.999512	FALSE	ORF1ab:cds-YP_009724389.1	ACT	T	AGT	S	1743
NC_045512.2	18696	T	G	10353	5456	40	1	1	37	9.65717e-05	10355	0.999513	FALSE	ORF1ab:cds-YP_009724389.1	ACT	T	ACG	T	1743
NC_045512.2	18696	T	C	10353	5456	40	1	0	37	9.65717e-05	10355	0.999513	FALSE	ORF1ab:cds-YP_009724389.1	ACT	T	ACC	T	1743
NC_045512.2	18697	G	C	10796	5489	40	1	0	37	9.25669e-05	10803	0.999512	FALSE	ORF1ab:cds-YP_009724389.1	GCT	A	CCT	P	1744
NC_045512.2	18697	G	A	10796	5489	40	6	4	43	0.000555401	10803	0.0624696	FALSE	ORF1ab:cds-YP_009724389.1	GCT	A	ACT	T	1744
NC_045512.2	18698	C	T	10771	5466	40	2	1	31	0.000185649	10773	0.996834	FALSE	ORF1ab:cds-YP_009724389.1	GCT	A	GTT	V	1744
NC_045512.2	18699	T	A	10696	5655	40	1	1	37	9.34842e-05	10697	0.999513	FALSE	ORF1ab:cds-YP_009724389.1	GCT	A	GCA	A	1744
NC_045512.2	18700	T	C	10696	5645	40	2	0	49	0.000186951	10698	0.500035	FALSE	ORF1ab:cds-YP_009724389.1	TCA	S	CCA	P	1745
NC_045512.2	18701	C	T	10799	5719	40	1	0	37	9.25926e-05	10800	0.999513	FALSE	ORF1ab:cds-YP_009724389.1	TCA	S	TTA	L	1745
NC_045512.2	18702	A	T	10794	5719	40	1	1	37	9.26355e-05	10795	0.999513	FALSE	ORF1ab:cds-YP_009724389.1	TCA	S	TCT	S	1745
NC_045512.2	18703	G	C	11082	6117	41	2	1	49	0.000180424	11085	0.5	FALSE	ORF1ab:cds-YP_009724389.1	GAC	D	CAC	H	1746
NC_045512.2	18703	G	A	11082	6117	41	1	0	37	9.0212e-05	11085	0.999756	FALSE	ORF1ab:cds-YP_009724389.1	GAC	D	AAC	N	1746
NC_045512.2	18704	A	G	11167	6256	41	6	4	37	0.000537009	11173	0.92837	FALSE	ORF1ab:cds-YP_009724389.1	GAC	D	GGC	G	1746
NC_045512.2	18705	C	T	11462	6260	41	3	2	32	0.00026162	11467	0.99354	FALSE	ORF1ab:cds-YP_009724389.1	GAC	D	GAT	D	1746
NC_045512.2	18705	C	G	11462	6260	41	1	1	37	8.72068e-05	11467	0.999756	FALSE	ORF1ab:cds-YP_009724389.1	GAC	D	GAG	E	1746
NC_045512.2	18705	C	A	11462	6260	41	1	1	37	8.72068e-05	11467	0.999756	FALSE	ORF1ab:cds-YP_009724389.1	GAC	D	GAA	E	1746
NC_045512.2	18706	A	T	10385	5683	40	1	1	37	9.62649e-05	10388	0.999513	FALSE	ORF1ab:cds-YP_009724389.1	ACT	T	TCT	S	1747
NC_045512.2	18706	A	G	10385	5683	40	2	2	37	0.00019253	10388	0.996833	FALSE	ORF1ab:cds-YP_009724389.1	ACT	T	GCT	A	1747
NC_045512.2	18706	A	+G	10385	5683	40	5	0	20	0.000481325	10388	1	FALSE	NA	NA	NA	NA	NA	NA
NC_045512.2	18707	C	T	10549	5669	40	3	0	37	0.000284225	10555	0.988779	FALSE	ORF1ab:cds-YP_009724389.1	ACT	T	ATT	I	1747
NC_045512.2	18707	C	G	10549	5669	40	2	2	31	0.000189484	10555	0.996828	FALSE	ORF1ab:cds-YP_009724389.1	ACT	T	AGT	S	1747
NC_045512.2	18707	C	A	10549	5669	40	1	1	37	9.47418e-05	10555	0.999512	FALSE	ORF1ab:cds-YP_009724389.1	ACT	T	AAT	N	1747
NC_045512.2	18708	T	C	10492	5648	40	2	2	37	0.000190585	10494	0.996835	FALSE	ORF1ab:cds-YP_009724389.1	ACT	T	ACC	T	1747
NC_045512.2	18710	A	T	10357	5529	40	1	0	37	9.65065e-05	10362	0.999512	FALSE	ORF1ab:cds-YP_009724389.1	TAT	Y	TTT	F	1748
NC_045512.2	18710	A	G	10357	5529	40	3	1	37	0.000289519	10362	0.988785	FALSE	ORF1ab:cds-YP_009724389.1	TAT	Y	TGT	C	1748
NC_045512.2	18710	A	C	10357	5529	40	1	1	25	9.65065e-05	10362	1	FALSE	ORF1ab:cds-YP_009724389.1	TAT	Y	TCT	S	1748
NC_045512.2	18712	G	A	10498	5797	40	6	4	47	0.000571211	10504	0.0624844	FALSE	ORF1ab:cds-YP_009724389.1	GCC	A	ACC	T	1749
NC_045512.2	18713	C	T	10382	5786	40	6	2	43	0.000577534	10389	0.0624684	FALSE	ORF1ab:cds-YP_009724389.1	GCC	A	GTC	V	1749
NC_045512.2	18713	C	G	10382	5786	40	1	0	37	9.62557e-05	10389	0.999512	FALSE	ORF1ab:cds-YP_009724389.1	GCC	A	GGC	G	1749
NC_045512.2	18714	C	T	10422	5956	41	3	0	37	0.00028777	10425	0.988795	FALSE	ORF1ab:cds-YP_009724389.1	GCC	A	GCT	A	1749
NC_045512.2	18715	T	G	10033	5566	41	1	0	37	9.96115e-05	10039	0.999512	FALSE	ORF1ab:cds-YP_009724389.1	TGT	C	GGT	G	1750
NC_045512.2	18715	T	C	10033	5566	41	4	2	37	0.000398446	10039	0.971344	FALSE	ORF1ab:cds-YP_009724389.1	TGT	C	CGT	R	1750
NC_045512.2	18715	T	A	10033	5566	41	1	1	74	9.96115e-05	10039	0.4999	FALSE	ORF1ab:cds-YP_009724389.1	TGT	C	AGT	S	1750
NC_045512.2	18716	G	C	9851	5412	41	1	0	37	0.000101461	9856	0.999024	FALSE	ORF1ab:cds-YP_009724389.1	TGT	C	TCT	S	1750
NC_045512.2	18716	G	A	9851	5412	41	4	1	37	0.000405844	9856	0.953911	FALSE	ORF1ab:cds-YP_009724389.1	TGT	C	TAT	Y	1750
NC_045512.2	18718	T	C	9742	5461	41	2	1	37	0.000205255	9744	0.994154	FALSE	ORF1ab:cds-YP_009724389.1	TGG	W	CGG	R	1751
NC_045512.2	18720	G	A	9977	5828	41	8	5	54	0.000801202	9985	0.00390234	TRUE	ORF1ab:cds-YP_009724389.1	TGG	W	TGA	*	1751
NC_045512.2	18721	C	T	9933	5885	41	3	2	37	0.000301872	9938	0.980733	FALSE	ORF1ab:cds-YP_009724389.1	CAT	H	TAT	Y	1752
NC_045512.2	18721	C	A	9933	5885	41	2	2	31	0.000201248	9938	0.994146	FALSE	ORF1ab:cds-YP_009724389.1	CAT	H	AAT	N	1752
NC_045512.2	18722	A	G	9972	5961	41	1	1	37	0.000100271	9973	0.999026	FALSE	ORF1ab:cds-YP_009724389.1	CAT	H	CGT	R	1752
NC_045512.2	18723	T	G	9877	6002	41	1	1	37	0.000101184	9883	0.999024	FALSE	ORF1ab:cds-YP_009724389.1	CAT	H	CAG	Q	1752
NC_045512.2	18723	T	C	9877	6002	41	2	1	37	0.000202368	9883	0.994143	FALSE	ORF1ab:cds-YP_009724389.1	CAT	H	CAC	H	1752
NC_045512.2	18723	T	A	9877	6002	41	3	3	37	0.000303552	9883	0.980725	FALSE	ORF1ab:cds-YP_009724389.1	CAT	H	CAA	Q	1752
NC_045512.2	18724	C	T	10619	6991	42	1	1	74	9.40734e-05	10630	0.499788	FALSE	ORF1ab:cds-YP_009724389.1	CAT	H	TAT	Y	1753
NC_045512.2	18724	C	G	10619	6991	42	8	8	37	0.000752587	10630	0.759627	FALSE	ORF1ab:cds-YP_009724389.1	CAT	H	GAT	D	1753
NC_045512.2	18724	C	A	10619	6991	42	2	1	37	0.000188147	10630	0.996821	FALSE	ORF1ab:cds-YP_009724389.1	CAT	H	AAT	N	1753
NC_045512.2	18725	A	T	10696	7127	42	1	1	37	9.34842e-05	10697	0.999513	FALSE	ORF1ab:cds-YP_009724389.1	CAT	H	CTT	L	1753
NC_045512.2	18726	T	C	10638	7241	42	1	1	37	9.39938e-05	10639	0.999513	FALSE	ORF1ab:cds-YP_009724389.1	CAT	H	CAC	H	1753
NC_045512.2	18727	T	C	10808	7273	42	3	1	45	0.000277495	10811	0.312517	FALSE	ORF1ab:cds-YP_009724389.1	TCT	S	CCT	P	1754
NC_045512.2	18729	T	C	10934	7530	43	1	0	74	9.14495e-05	10935	0.500023	FALSE	ORF1ab:cds-YP_009724389.1	TCT	S	TCC	S	1754
NC_045512.2	18730	A	T	10773	7402	42	1	1	20	9.27988e-05	10776	1	FALSE	ORF1ab:cds-YP_009724389.1	ATT	I	TTT	F	1755
NC_045512.2	18730	A	C	10773	7402	42	2	2	49	0.000185598	10776	0.5	FALSE	ORF1ab:cds-YP_009724389.1	ATT	I	CTT	L	1755
NC_045512.2	18733	G	A	11031	7522	43	1	1	37	9.06454e-05	11032	0.999757	FALSE	ORF1ab:cds-YP_009724389.1	GGA	G	AGA	R	1756
NC_045512.2	18735	A	T	11858	8787	45	1	1	37	8.43099e-05	11861	0.999756	FALSE	ORF1ab:cds-YP_009724389.1	GGA	G	GGT	G	1756
NC_045512.2	18735	A	G	11858	8787	45	1	1	37	8.43099e-05	11861	0.999756	FALSE	ORF1ab:cds-YP_009724389.1	GGA	G	GGG	G	1756
NC_045512.2	18735	A	C	11858	8787	45	1	1	25	8.43099e-05	11861	1	FALSE	ORF1ab:cds-YP_009724389.1	GGA	G	GGC	G	1756
NC_045512.2	18737	T	C	11893	8854	45	1	0	37	8.4076e-05	11894	0.999757	FALSE	ORF1ab:cds-YP_009724389.1	TTT	F	TCT	S	1757
NC_045512.2	18738	T	G	11903	8852	46	1	1	37	8.39983e-05	11905	0.999757	FALSE	ORF1ab:cds-YP_009724389.1	TTT	F	TTG	L	1757
NC_045512.2	18738	T	C	11903	8852	46	1	1	37	8.39983e-05	11905	0.999757	FALSE	ORF1ab:cds-YP_009724389.1	TTT	F	TTC	F	1757
NC_045512.2	18739	G	T	11940	8965	45	3	2	61	0.000251172	11944	0.124984	FALSE	ORF1ab:cds-YP_009724389.1	GAT	D	TAT	Y	1758
NC_045512.2	18739	G	A	11940	8965	45	1	0	37	8.3724e-05	11944	0.999756	FALSE	ORF1ab:cds-YP_009724389.1	GAT	D	AAT	N	1758
NC_045512.2	18740	A	T	11808	8989	45	1	1	37	8.4674e-05	11810	0.999757	FALSE	ORF1ab:cds-YP_009724389.1	GAT	D	GTT	V	1758
NC_045512.2	18740	A	G	11808	8989	45	1	1	37	8.4674e-05	11810	0.999757	FALSE	ORF1ab:cds-YP_009724389.1	GAT	D	GGT	G	1758
NC_045512.2	18741	T	C	12407	9857	46	1	1	37	8.05932e-05	12408	0.999878	FALSE	ORF1ab:cds-YP_009724389.1	GAT	D	GAC	D	1758
NC_045512.2	18742	T	C	12484	9977	46	2	1	37	0.000160179	12486	0.999087	FALSE	ORF1ab:cds-YP_009724389.1	TAC	Y	CAC	H	1759
NC_045512.2	18743	A	G	12252	9743	46	3	3	57	0.000244758	12257	0.124969	FALSE	ORF1ab:cds-YP_009724389.1	TAC	Y	TGC	C	1759
NC_045512.2	18743	A	C	12252	9743	46	2	1	37	0.000163172	12257	0.999086	FALSE	ORF1ab:cds-YP_009724389.1	TAC	Y	TCC	S	1759
NC_045512.2	18744	C	T	12385	9928	46	5	4	32	0.000403454	12393	0.975498	FALSE	ORF1ab:cds-YP_009724389.1	TAC	Y	TAT	Y	1759
NC_045512.2	18744	C	A	12385	9928	46	3	3	49	0.000242072	12393	0.312364	FALSE	ORF1ab:cds-YP_009724389.1	TAC	Y	TAA	*	1759
NC_045512.2	18745	G	A	12536	10160	46	2	2	37	0.000159515	12538	0.999087	FALSE	ORF1ab:cds-YP_009724389.1	GTC	V	ATC	I	1760
NC_045512.2	18746	T	C	12540	10093	45	1	1	25	7.97321e-05	12542	1	FALSE	ORF1ab:cds-YP_009724389.1	GTC	V	GCC	A	1760
NC_045512.2	18746	T	A	12540	10093	45	1	1	22	7.97321e-05	12542	1	FALSE	ORF1ab:cds-YP_009724389.1	GTC	V	GAC	D	1760
NC_045512.2	18747	C	T	12250	9811	45	3	0	74	0.000244838	12253	0.125	FALSE	ORF1ab:cds-YP_009724389.1	GTC	V	GTT	V	1760
NC_045512.2	18748	T	C	12528	10114	46	2	0	74	0.000159617	12530	0.25001	FALSE	ORF1ab:cds-YP_009724389.1	TAT	Y	CAT	H	1761
NC_045512.2	18749	A	T	13076	10898	47	2	1	55	0.000152917	13079	0.24999	FALSE	ORF1ab:cds-YP_009724389.1	TAT	Y	TTT	F	1761
NC_045512.2	18749	A	G	13076	10898	47	1	1	37	7.64584e-05	13079	0.999939	FALSE	ORF1ab:cds-YP_009724389.1	TAT	Y	TGT	C	1761
NC_045512.2	18750	T	G	13115	11019	46	1	1	37	7.62311e-05	13118	0.999939	FALSE	ORF1ab:cds-YP_009724389.1	TAT	Y	TAG	*	1761
NC_045512.2	18750	T	C	13115	11019	46	2	2	37	0.000152462	13118	0.999513	FALSE	ORF1ab:cds-YP_009724389.1	TAT	Y	TAC	Y	1761
NC_045512.2	18752	A	T	12859	10820	45	1	1	37	7.77363e-05	12864	0.999878	FALSE	ORF1ab:cds-YP_009724389.1	AAT	N	ATT	I	1762
NC_045512.2	18752	A	G	12859	10820	45	4	4	43	0.000310945	12864	0.187476	FALSE	ORF1ab:cds-YP_009724389.1	AAT	N	AGT	S	1762
NC_045512.2	18753	T	C	12833	10809	46	3	2	33	0.000233718	12836	0.996317	FALSE	ORF1ab:cds-YP_009724389.1	AAT	N	AAC	N	1762
NC_045512.2	18754	C	T	12735	10724	46	1	1	37	7.85114e-05	12737	0.999878	FALSE	ORF1ab:cds-YP_009724389.1	CCG	P	TCG	S	1763
NC_045512.2	18754	C	A	12735	10724	46	1	1	25	7.85114e-05	12737	1	FALSE	ORF1ab:cds-YP_009724389.1	CCG	P	ACG	T	1763
NC_045512.2	18755	C	T	12091	10285	45	3	3	37	0.000248057	12094	0.996318	FALSE	ORF1ab:cds-YP_009724389.1	CCG	P	CTG	L	1763
NC_045512.2	18756	G	T	12103	10336	46	10	1	37	0.000824946	12122	0.737853	FALSE	ORF1ab:cds-YP_009724389.1	CCG	P	CCT	P	1763
NC_045512.2	18756	G	C	12103	10336	46	2	0	37	0.000164989	12122	0.99908	FALSE	ORF1ab:cds-YP_009724389.1	CCG	P	CCC	P	1763
NC_045512.2	18756	G	A	12103	10336	46	7	5	52	0.000577462	12122	0.00778095	TRUE	ORF1ab:cds-YP_009724389.1	CCG	P	CCA	P	1763
NC_045512.2	18757	T	C	11870	10405	43	1	1	37	8.42318e-05	11872	0.999757	FALSE	ORF1ab:cds-YP_009724389.1	TTT	F	CTT	L	1764
NC_045512.2	18757	T	A	11870	10405	43	1	1	37	8.42318e-05	11872	0.999757	FALSE	ORF1ab:cds-YP_009724389.1	TTT	F	ATT	I	1764
NC_045512.2	18758	T	C	12054	10591	44	1	1	74	8.29531e-05	12055	0.500021	FALSE	ORF1ab:cds-YP_009724389.1	TTT	F	TCT	S	1764
NC_045512.2	18761	T	C	12065	10635	44	1	1	37	8.28775e-05	12066	0.999878	FALSE	ORF1ab:cds-YP_009724389.1	ATG	M	ACG	T	1765
NC_045512.2	18763	A	T	11983	10601	43	1	1	25	8.34168e-05	11988	1	FALSE	ORF1ab:cds-YP_009724389.1	ATT	I	TTT	F	1766
NC_045512.2	18763	A	G	11983	10601	43	4	4	34	0.000333667	11988	0.98245	FALSE	ORF1ab:cds-YP_009724389.1	ATT	I	GTT	V	1766
NC_045512.2	18764	T	C	12065	10694	43	1	1	37	8.28775e-05	12066	0.999878	FALSE	ORF1ab:cds-YP_009724389.1	ATT	I	ACT	T	1766
NC_045512.2	18765	T	C	11815	10477	43	1	1	62	8.4631e-05	11816	0.500021	FALSE	ORF1ab:cds-YP_009724389.1	ATT	I	ATC	I	1766
NC_045512.2	18766	G	T	11789	10457	43	2	2	31	0.000169607	11792	0.998295	FALSE	ORF1ab:cds-YP_009724389.1	GAT	D	TAT	Y	1767
NC_045512.2	18766	G	A	11789	10457	43	1	1	37	8.48033e-05	11792	0.999756	FALSE	ORF1ab:cds-YP_009724389.1	GAT	D	AAT	N	1767
NC_045512.2	18767	A	G	11757	10465	43	3	3	33	0.000255102	11760	0.993546	FALSE	ORF1ab:cds-YP_009724389.1	GAT	D	GGT	G	1767
NC_045512.2	18769	G	A	11779	10574	43	1	1	37	8.48896e-05	11780	0.999757	FALSE	ORF1ab:cds-YP_009724389.1	GTT	V	ATT	I	1768
NC_045512.2	18770	T	G	11688	10511	42	1	0	22	8.55505e-05	11689	1	FALSE	ORF1ab:cds-YP_009724389.1	GTT	V	GGT	G	1768
NC_045512.2	18771	T	C	11683	10510	43	1	1	37	8.55871e-05	11684	0.999757	FALSE	ORF1ab:cds-YP_009724389.1	GTT	V	GTC	V	1768
NC_045512.2	18772	C	T	11622	10449	42	1	1	74	8.60289e-05	11624	0.5	FALSE	ORF1ab:cds-YP_009724389.1	CAA	Q	TAA	*	1769
NC_045512.2	18772	C	A	11622	10449	42	1	1	37	8.60289e-05	11624	0.999757	FALSE	ORF1ab:cds-YP_009724389.1	CAA	Q	AAA	K	1769
NC_045512.2	18773	A	T	11658	10489	42	2	1	23	0.000171497	11662	1	FALSE	ORF1ab:cds-YP_009724389.1	CAA	Q	CTA	L	1769
NC_045512.2	18773	A	G	11658	10489	42	2	1	55	0.000171497	11662	0.249968	FALSE	ORF1ab:cds-YP_009724389.1	CAA	Q	CGA	R	1769
NC_045512.2	18774	A	T	11627	10461	43	1	1	37	8.59993e-05	11628	0.999757	FALSE	ORF1ab:cds-YP_009724389.1	CAA	Q	CAT	H	1769
NC_045512.2	18775	C	T	11622	10468	42	2	2	55	0.000172028	11626	0.249968	FALSE	ORF1ab:cds-YP_009724389.1	CAA	Q	TAA	*	1770
NC_045512.2	18775	C	A	11622	10468	42	2	2	31	0.000172028	11626	0.998294	FALSE	ORF1ab:cds-YP_009724389.1	CAA	Q	AAA	K	1770
NC_045512.2	18776	A	T	11233	10085	42	1	1	37	8.90155e-05	11234	0.999757	FALSE	ORF1ab:cds-YP_009724389.1	CAA	Q	CTA	L	1770
NC_045512.2	18778	T	-G	11189	10055	42	2	0	20	0.000178747	11189	1	FALSE	NA	NA	NA	NA	NA	NA
NC_045512.2	18779	G	A	11192	10067	42	1	0	29	8.93416e-05	11193	1	FALSE	ORF1ab:cds-YP_009724389.1	TGG	W	TAG	*	1771
NC_045512.2	18780	G	T	10852	9808	40	2	2	37	0.000184247	10855	0.996833	FALSE	ORF1ab:cds-YP_009724389.1	TGG	W	TGT	C	1771
NC_045512.2	18780	G	A	10852	9808	40	1	1	37	9.21234e-05	10855	0.999513	FALSE	ORF1ab:cds-YP_009724389.1	TGG	W	TGA	*	1771
NC_045512.2	18781	G	A	11050	10031	42	1	1	37	9.04895e-05	11051	0.999757	FALSE	ORF1ab:cds-YP_009724389.1	GGT	G	AGT	S	1772
NC_045512.2	18782	G	-T	11103	10086	42	1	0	20	9.00657e-05	11103	1	FALSE	NA	NA	NA	NA	NA	NA
NC_045512.2	18783	T	G	10774	9759	42	2	2	31	0.000185563	10778	0.996828	FALSE	ORF1ab:cds-YP_009724389.1	GGT	G	GGG	G	1772
NC_045512.2	18783	T	C	10774	9759	42	2	2	37	0.000185563	10778	0.996828	FALSE	ORF1ab:cds-YP_009724389.1	GGT	G	GGC	G	1772
NC_045512.2	18784	T	C	10786	9772	42	2	1	35	0.000185391	10788	0.996834	FALSE	ORF1ab:cds-YP_009724389.1	TTT	F	CTT	L	1773
NC_045512.2	18786	T	C	10759	9773	42	1	1	37	9.29368e-05	10760	0.999513	FALSE	ORF1ab:cds-YP_009724389.1	TTT	F	TTC	F	1773
NC_045512.2	18787	A	G	10706	9741	42	1	1	37	9.33968e-05	10707	0.999513	FALSE	ORF1ab:cds-YP_009724389.1	ACA	T	GCA	A	1774
NC_045512.2	18788	C	T	10721	9877	41	4	4	37	0.00037296	10725	0.971365	FALSE	ORF1ab:cds-YP_009724389.1	ACA	T	ATA	I	1774
NC_045512.2	18789	A	G	10218	9377	41	8	7	46	0.000782243	10227	0.0195106	FALSE	ORF1ab:cds-YP_009724389.1	ACA	T	ACG	T	1774
NC_045512.2	18789	A	C	10218	9377	41	1	0	37	9.77804e-05	10227	0.999511	FALSE	ORF1ab:cds-YP_009724389.1	ACA	T	ACC	T	1774
NC_045512.2	18790	G	T	10175	9343	41	1	1	37	9.82608e-05	10177	0.999513	FALSE	ORF1ab:cds-YP_009724389.1	GGT	G	TGT	C	1775
NC_045512.2	18790	G	C	10175	9343	41	1	1	37	9.82608e-05	10177	0.999513	FALSE	ORF1ab:cds-YP_009724389.1	GGT	G	CGT	R	1775
NC_045512.2	18793	A	C	9993	9167	41	1	1	37	0.00010006	9994	0.999026	FALSE	ORF1ab:cds-YP_009724389.1	AAC	N	CAC	H	1776
NC_045512.2	18795	C	T	9958	9133	41	1	1	37	0.000100402	9960	0.999026	FALSE	ORF1ab:cds-YP_009724389.1	AAC	N	AAT	N	1776
NC_045512.2	18795	C	G	9958	9133	41	1	1	37	0.000100402	9960	0.999026	FALSE	ORF1ab:cds-YP_009724389.1	AAC	N	AAG	K	1776
NC_045512.2	18796	C	A	9959	9141	41	3	3	49	0.000301144	9962	0.125	FALSE	ORF1ab:cds-YP_009724389.1	CTA	L	ATA	I	1777
NC_045512.2	18797	T	C	9909	9091	41	4	3	46	0.00040347	9914	0.0624811	FALSE	ORF1ab:cds-YP_009724389.1	CTA	L	CCA	P	1777
NC_045512.2	18797	T	A	9909	9091	41	1	1	37	0.000100867	9914	0.999024	FALSE	ORF1ab:cds-YP_009724389.1	CTA	L	CAA	Q	1777
NC_045512.2	18799	C	T	9869	9289	40	2	2	31	0.000202552	9874	0.994146	FALSE	ORF1ab:cds-YP_009724389.1	CAA	Q	TAA	*	1778
NC_045512.2	18799	C	G	9869	9289	40	1	1	37	0.000101276	9874	0.999024	FALSE	ORF1ab:cds-YP_009724389.1	CAA	Q	GAA	E	1778
NC_045512.2	18799	C	A	9869	9289	40	2	2	37	0.000202552	9874	0.994146	FALSE	ORF1ab:cds-YP_009724389.1	CAA	Q	AAA	K	1778
NC_045512.2	18800	A	T	9643	9073	40	1	1	37	0.000103691	9644	0.999026	FALSE	ORF1ab:cds-YP_009724389.1	CAA	Q	CTA	L	1778
NC_045512.2	18801	A	T	9476	8914	39	2	2	31	0.00021097	9480	0.994149	FALSE	ORF1ab:cds-YP_009724389.1	CAA	Q	CAT	H	1778
NC_045512.2	18801	A	G	9476	8914	39	1	0	37	0.000105485	9480	0.999025	FALSE	ORF1ab:cds-YP_009724389.1	CAA	Q	CAG	Q	1778
NC_045512.2	18801	A	C	9476	8914	39	1	0	74	0.000105485	9480	0.499947	FALSE	ORF1ab:cds-YP_009724389.1	CAA	Q	CAC	H	1778
NC_045512.2	18802	A	T	9403	8842	39	1	1	37	0.000106304	9407	0.999025	FALSE	ORF1ab:cds-YP_009724389.1	AGC	S	TGC	C	1779
NC_045512.2	18802	A	G	9403	8842	39	1	1	37	0.000106304	9407	0.999025	FALSE	ORF1ab:cds-YP_009724389.1	AGC	S	GGC	G	1779
NC_045512.2	18802	A	C	9403	8842	39	2	2	37	0.000212608	9407	0.994149	FALSE	ORF1ab:cds-YP_009724389.1	AGC	S	CGC	R	1779
NC_045512.2	18803	G	T	9586	9033	39	2	2	25	0.000208485	9593	1	FALSE	ORF1ab:cds-YP_009724389.1	AGC	S	ATC	I	1779
NC_045512.2	18803	G	A	9586	9033	39	5	5	37	0.000521213	9593	0.910265	FALSE	ORF1ab:cds-YP_009724389.1	AGC	S	AAC	N	1779
NC_045512.2	18804	C	T	9078	8521	40	3	3	37	0.00033036	9081	0.980753	FALSE	ORF1ab:cds-YP_009724389.1	AGC	S	AGT	S	1779
NC_045512.2	18805	A	T	8866	8336	40	6	1	35	0.000676056	8875	0.787994	FALSE	ORF1ab:cds-YP_009724389.1	AAC	N	TAC	Y	1780
NC_045512.2	18805	A	C	8866	8336	40	3	0	37	0.000338028	8875	0.967258	FALSE	ORF1ab:cds-YP_009724389.1	AAC	N	CAC	H	1780
NC_045512.2	18807	C	T	8830	8491	38	2	2	37	0.000226449	8832	0.98928	FALSE	ORF1ab:cds-YP_009724389.1	AAC	N	AAT	N	1780
NC_045512.2	18808	C	T	8827	8566	38	1	1	37	0.000113276	8828	0.998052	FALSE	ORF1ab:cds-YP_009724389.1	CAT	H	TAT	Y	1781
NC_045512.2	18809	A	G	8768	8507	37	3	3	33	0.000342036	8771	0.96734	FALSE	ORF1ab:cds-YP_009724389.1	CAT	H	CGT	R	1781
NC_045512.2	18810	T	C	8707	8452	38	1	1	25	0.000114837	8708	1	FALSE	ORF1ab:cds-YP_009724389.1	CAT	H	CAC	H	1781
NC_045512.2	18811	G	A	8722	8464	38	1	1	37	0.000114639	8723	0.998052	FALSE	ORF1ab:cds-YP_009724389.1	GAT	D	AAT	N	1782
NC_045512.2	18812	A	T	8675	8424	38	1	1	37	0.000115247	8677	0.998051	FALSE	ORF1ab:cds-YP_009724389.1	GAT	D	GTT	V	1782
NC_045512.2	18812	A	G	8675	8424	38	1	1	37	0.000115247	8677	0.998051	FALSE	ORF1ab:cds-YP_009724389.1	GAT	D	GGT	G	1782
NC_045512.2	18813	T	C	8685	8436	37	3	3	37	0.000345304	8688	0.967341	FALSE	ORF1ab:cds-YP_009724389.1	GAT	D	GAC	D	1782
NC_045512.2	18814	C	A	8499	8254	37	1	1	37	0.000117647	8500	0.998052	FALSE	ORF1ab:cds-YP_009724389.1	CTG	L	ATG	M	1783
NC_045512.2	18815	T	G	7868	7636	37	2	2	37	0.00025413	7870	0.980504	FALSE	ORF1ab:cds-YP_009724389.1	CTG	L	CGG	R	1783
NC_045512.2	18816	G	A	7895	7663	38	8	8	37	0.00101227	7903	0.500099	FALSE	ORF1ab:cds-YP_009724389.1	CTG	L	CTA	L	1783
NC_045512.2	18820	T	C	9548	7138	37	3	2	37	0.000314103	9551	0.980751	FALSE	ORF1ab:cds-YP_009724389.1	TGT	C	CGT	R	1785
NC_045512.2	18821	G	A	9905	7205	37	6	4	35	0.000605388	9911	0.84926	FALSE	ORF1ab:cds-YP_009724389.1	TGT	C	TAT	Y	1785
NC_045512.2	18822	T	C	9833	7145	37	2	2	37	0.000203335	9836	0.994152	FALSE	ORF1ab:cds-YP_009724389.1	TGT	C	TGC	C	1785
NC_045512.2	18822	T	A	9833	7145	37	1	1	37	0.000101667	9836	0.999025	FALSE	ORF1ab:cds-YP_009724389.1	TGT	C	TGA	*	1785
NC_045512.2	18823	C	T	9840	7147	37	1	1	37	0.000101616	9841	0.999026	FALSE	ORF1ab:cds-YP_009724389.1	CAA	Q	TAA	*	1786
NC_045512.2	18824	A	G	9741	7041	37	1	0	37	0.000102648	9742	0.999026	FALSE	ORF1ab:cds-YP_009724389.1	CAA	Q	CGA	R	1786
NC_045512.2	18825	A	G	8249	5554	37	7	7	37	0.00084715	8263	0.695964	FALSE	ORF1ab:cds-YP_009724389.1	CAA	Q	CAG	Q	1786
NC_045512.2	18825	A	C	8249	5554	37	7	0	37	0.00084715	8263	0.695964	FALSE	ORF1ab:cds-YP_009724389.1	CAA	Q	CAC	H	1786
NC_045512.2	18826	G	A	9031	5644	37	1	1	37	0.000110717	9032	0.999026	FALSE	ORF1ab:cds-YP_009724389.1	GTC	V	ATC	I	1787
NC_045512.2	18827	T	G	9076	5669	38	1	1	37	0.00011012	9081	0.999024	FALSE	ORF1ab:cds-YP_009724389.1	GTC	V	GGC	G	1787
NC_045512.2	18827	T	C	9076	5669	38	4	3	37	0.00044048	9081	0.953915	FALSE	ORF1ab:cds-YP_009724389.1	GTC	V	GCC	A	1787
NC_045512.2	18828	C	G	9087	5666	37	1	1	37	0.000110011	9090	0.999025	FALSE	ORF1ab:cds-YP_009724389.1	GTC	V	GTG	V	1787
NC_045512.2	18828	C	A	9087	5666	37	2	2	37	0.000220022	9090	0.994152	FALSE	ORF1ab:cds-YP_009724389.1	GTC	V	GTA	V	1787
NC_045512.2	18829	C	T	9064	5640	38	1	0	37	0.000110302	9066	0.999026	FALSE	ORF1ab:cds-YP_009724389.1	CAT	H	TAT	Y	1788
NC_045512.2	18829	C	A	9064	5640	38	1	1	37	0.000110302	9066	0.999026	FALSE	ORF1ab:cds-YP_009724389.1	CAT	H	AAT	N	1788
NC_045512.2	18830	A	G	8384	5050	37	1	0	22	0.000119246	8386	1	FALSE	ORF1ab:cds-YP_009724389.1	CAT	H	CGT	R	1788
NC_045512.2	18830	A	C	8384	5050	37	1	0	37	0.000119246	8386	0.998051	FALSE	ORF1ab:cds-YP_009724389.1	CAT	H	CCT	P	1788
NC_045512.2	18831	T	C	8314	5059	37	2	0	55	0.000240471	8317	0.249985	FALSE	ORF1ab:cds-YP_009724389.1	CAT	H	CAC	H	1788
NC_045512.2	18831	T	A	8314	5059	37	1	0	37	0.000120236	8317	0.99805	FALSE	ORF1ab:cds-YP_009724389.1	CAT	H	CAA	Q	1788
NC_045512.2	18833	G	A	4000	203	38	2	0	37	0.00049975	4002	0.890771	FALSE	ORF1ab:cds-YP_009724389.1	GGT	G	GAT	D	1789
NC_045512.2	18835	A	T	3917	249	38	1	0	37	0.000255232	3918	0.93758	FALSE	ORF1ab:cds-YP_009724389.1	AAT	N	TAT	Y	1790
NC_045512.2	18836	A	G	4014	252	39	1	0	37	0.000249066	4015	0.968808	FALSE	ORF1ab:cds-YP_009724389.1	AAT	N	AGT	S	1790
NC_045512.2	18839	C	T	4085	262	39	3	1	49	0.000733855	4088	0.125	FALSE	ORF1ab:cds-YP_009724389.1	GCA	A	GTA	V	1791
NC_045512.2	18841	C	-ATGT	4318	268	39	1	0	20	0.000231589	4318	1	FALSE	NA	NA	NA	NA	NA	NA
NC_045512.2	18843	T	C	4195	268	38	1	0	37	0.000238322	4196	0.968787	FALSE	ORF1ab:cds-YP_009724389.1	CAT	H	CAC	H	1792
NC_045512.2	18845	T	C	4330	269	39	2	1	31	0.000461574	4333	0.890652	FALSE	ORF1ab:cds-YP_009724389.1	GTA	V	GCA	A	1793
NC_045512.2	18845	T	A	4330	269	39	1	0	25	0.000230787	4333	1	FALSE	ORF1ab:cds-YP_009724389.1	GTA	V	GAA	E	1793
NC_045512.2	18847	G	A	4509	302	39	4	0	37	0.000886328	4513	0.636901	FALSE	ORF1ab:cds-YP_009724389.1	GCT	A	ACT	T	1794
NC_045512.2	18848	C	T	4512	300	39	2	0	37	0.000443066	4514	0.890755	FALSE	ORF1ab:cds-YP_009724389.1	GCT	A	GTT	V	1794
NC_045512.2	18853	T	C	4629	331	39	1	0	37	0.000215983	4630	0.968801	FALSE	ORF1ab:cds-YP_009724389.1	TGT	C	CGT	R	1796
NC_045512.2	18855	T	C	4673	340	40	2	0	37	0.000427807	4675	0.89075	FALSE	ORF1ab:cds-YP_009724389.1	TGT	C	TGC	C	1796
NC_045512.2	18856	G	A	4691	353	40	1	0	37	0.000213129	4692	0.9688	FALSE	ORF1ab:cds-YP_009724389.1	GAT	D	AAT	N	1797
NC_045512.2	18857	A	G	4710	350	40	1	0	37	0.000212269	4711	0.9688	FALSE	ORF1ab:cds-YP_009724389.1	GAT	D	GGT	G	1797
NC_045512.2	18859	G	A	4712	395	41	4	0	37	0.000848176	4716	0.636893	FALSE	ORF1ab:cds-YP_009724389.1	GCA	A	ACA	T	1798
NC_045512.2	18860	C	T	4718	401	41	4	0	37	0.000847099	4722	0.636893	FALSE	ORF1ab:cds-YP_009724389.1	GCA	A	GTA	V	1798
NC_045512.2	18862	A	G	4625	411	39	1	0	37	0.000216169	4626	0.968801	FALSE	ORF1ab:cds-YP_009724389.1	ATC	I	GTC	V	1799
NC_045512.2	18863	T	C	4874	411	41	1	0	37	0.000205128	4875	0.968798	FALSE	ORF1ab:cds-YP_009724389.1	ATC	I	ACC	T	1799
NC_045512.2	18864	C	T	4910	409	41	1	0	37	0.000203625	4911	0.968798	FALSE	ORF1ab:cds-YP_009724389.1	ATC	I	ATT	I	1799
NC_045512.2	18866	T	C	4935	413	41	2	0	31	0.000405104	4937	0.890744	FALSE	ORF1ab:cds-YP_009724389.1	ATG	M	ACG	T	1800
NC_045512.2	18869	C	T	4987	422	40	1	0	37	0.000200481	4988	0.968797	FALSE	ORF1ab:cds-YP_009724389.1	ACT	T	ATT	I	1801
NC_045512.2	18869	C	-T	4987	422	40	3	0	20	0.000601443	4988	1	FALSE	NA	NA	NA	NA	NA	NA
NC_045512.2	18871	A	G	4948	428	40	1	0	37	0.000202061	4949	0.968797	FALSE	ORF1ab:cds-YP_009724389.1	AGG	R	GGG	G	1802
NC_045512.2	18872	G	A	5049	428	41	1	0	37	0.00019802	5050	0.984407	FALSE	ORF1ab:cds-YP_009724389.1	AGG	R	AAG	K	1802
NC_045512.2	18873	G	T	5622	505	41	1	0	37	0.000177746	5626	0.984379	FALSE	ORF1ab:cds-YP_009724389.1	AGG	R	AGT	S	1802
NC_045512.2	18873	G	C	5622	505	41	1	0	25	0.000177746	5626	1	FALSE	ORF1ab:cds-YP_009724389.1	AGG	R	AGC	S	1802
NC_045512.2	18873	G	A	5622	505	41	2	0	37	0.000355492	5626	0.937529	FALSE	ORF1ab:cds-YP_009724389.1	AGG	R	AGA	R	1802
NC_045512.2	18874	T	G	5683	509	41	1	1	37	0.000175901	5685	0.984396	FALSE	ORF1ab:cds-YP_009724389.1	TGT	C	GGT	G	1803
NC_045512.2	18874	T	A	5683	509	41	1	0	37	0.000175901	5685	0.984396	FALSE	ORF1ab:cds-YP_009724389.1	TGT	C	AGT	S	1803
NC_045512.2	18875	G	A	5898	511	41	1	0	37	0.00016952	5899	0.984403	FALSE	ORF1ab:cds-YP_009724389.1	TGT	C	TAT	Y	1803
NC_045512.2	18876	T	C	5890	513	41	2	0	37	0.000339443	5892	0.937584	FALSE	ORF1ab:cds-YP_009724389.1	TGT	C	TGC	C	1803
NC_045512.2	18877	C	-T	5908	510	41	1	0	20	0.000169262	5908	1	FALSE	NA	NA	NA	NA	NA	NA
NC_045512.2	18878	T	C	5910	512	41	3	1	33	0.000507357	5913	0.855552	FALSE	ORF1ab:cds-YP_009724389.1	CTA	L	CCA	P	1804
NC_045512.2	18879	A	G	5884	517	41	1	0	62	0.000169924	5885	0.500042	FALSE	ORF1ab:cds-YP_009724389.1	CTA	L	CTG	L	1804
NC_045512.2	18880	G	A	5868	527	41	3	0	37	0.000510986	5871	0.855608	FALSE	ORF1ab:cds-YP_009724389.1	GCT	A	ACT	T	1805
NC_045512.2	18881	C	T	5935	683	43	2	0	37	0.00033687	5937	0.937583	FALSE	ORF1ab:cds-YP_009724389.1	GCT	A	GTT	V	1805
NC_045512.2	18884	T	C	6290	689	43	2	1	74	0.000317864	6292	0.25002	FALSE	ORF1ab:cds-YP_009724389.1	GTC	V	GCC	A	1806
NC_045512.2	18888	C	T	6361	772	43	3	2	61	0.000471328	6365	0.124971	FALSE	ORF1ab:cds-YP_009724389.1	CAC	H	CAT	H	1807
NC_045512.2	18888	C	A	6361	772	43	1	0	37	0.000157109	6365	0.992192	FALSE	ORF1ab:cds-YP_009724389.1	CAC	H	CAA	Q	1807
NC_045512.2	18889	G	T	6346	782	43	1	1	74	0.00015753	6348	0.5	FALSE	ORF1ab:cds-YP_009724389.1	GAG	E	TAG	*	1808
NC_045512.2	18889	G	A	6346	782	43	1	0	37	0.00015753	6348	0.9922	FALSE	ORF1ab:cds-YP_009724389.1	GAG	E	AAG	K	1808
NC_045512.2	18890	A	G	6376	784	43	1	0	37	0.000156814	6377	0.992205	FALSE	ORF1ab:cds-YP_009724389.1	GAG	E	GGG	G	1808
NC_045512.2	18893	G	A	6547	799	43	2	0	37	0.00030539	6549	0.964902	FALSE	ORF1ab:cds-YP_009724389.1	TGC	C	TAC	Y	1809
NC_045512.2	18894	C	T	6463	789	43	9	0	43	0.00139061	6472	0.00194905	TRUE	ORF1ab:cds-YP_009724389.1	TGC	C	TGT	C	1809
NC_045512.2	18895	T	C	6362	848	43	2	1	55	0.000314268	6364	0.25002	FALSE	ORF1ab:cds-YP_009724389.1	TTT	F	CTT	L	1810
NC_045512.2	18896	T	C	6199	858	43	1	0	37	0.000161264	6201	0.992201	FALSE	ORF1ab:cds-YP_009724389.1	TTT	F	TCT	S	1810
NC_045512.2	18896	T	A	6199	858	43	1	0	74	0.000161264	6201	0.5	FALSE	ORF1ab:cds-YP_009724389.1	TTT	F	TAT	Y	1810
NC_045512.2	18900	T	C	6611	864	44	1	0	74	0.00015124	6612	0.500038	FALSE	ORF1ab:cds-YP_009724389.1	GTT	V	GTC	V	1811
NC_045512.2	18901	A	G	6570	858	44	1	0	37	0.000152184	6571	0.992204	FALSE	ORF1ab:cds-YP_009724389.1	AAG	K	GAG	E	1812
NC_045512.2	18902	A	G	6500	900	43	1	0	37	0.000153822	6501	0.992204	FALSE	ORF1ab:cds-YP_009724389.1	AAG	K	AGG	R	1812
NC_045512.2	18903	G	T	6454	905	43	1	0	37	0.000154895	6456	0.9922	FALSE	ORF1ab:cds-YP_009724389.1	AAG	K	AAT	N	1812
NC_045512.2	18903	G	A	6454	905	43	1	0	37	0.000154895	6456	0.9922	FALSE	ORF1ab:cds-YP_009724389.1	AAG	K	AAA	K	1812
NC_045512.2	18904	C	T	6625	911	44	2	1	37	0.00030175	6628	0.964885	FALSE	ORF1ab:cds-YP_009724389.1	CGT	R	TGT	C	1813
NC_045512.2	18904	C	A	6625	911	44	1	0	25	0.000150875	6628	1	FALSE	ORF1ab:cds-YP_009724389.1	CGT	R	AGT	S	1813
NC_045512.2	18905	G	T	6641	926	44	1	0	25	0.000150466	6646	1	FALSE	ORF1ab:cds-YP_009724389.1	CGT	R	CTT	L	1813
NC_045512.2	18905	G	C	6641	926	44	2	0	37	0.000300933	6646	0.964852	FALSE	ORF1ab:cds-YP_009724389.1	CGT	R	CCT	P	1813
NC_045512.2	18905	G	A	6641	926	44	2	0	37	0.000300933	6646	0.964852	FALSE	ORF1ab:cds-YP_009724389.1	CGT	R	CAT	H	1813
NC_045512.2	18906	T	C	6524	940	44	4	2	49	0.000612745	6528	0.0624904	FALSE	ORF1ab:cds-YP_009724389.1	CGT	R	CGC	R	1813
NC_045512.2	18907	G	A	6218	1047	43	6	2	43	0.00096401	6224	0.0156137	FALSE	ORF1ab:cds-YP_009724389.1	GTT	V	ATT	I	1814
NC_045512.2	18911	A	T	6274	1055	43	1	0	37	0.000159337	6276	0.992201	FALSE	ORF1ab:cds-YP_009724389.1	GAC	D	GTC	V	1815
NC_045512.2	18911	A	G	6274	1055	43	1	0	37	0.000159337	6276	0.992201	FALSE	ORF1ab:cds-YP_009724389.1	GAC	D	GGC	G	1815
NC_045512.2	18912	C	G	6069	1103	43	1	0	25	0.000164745	6070	1	FALSE	ORF1ab:cds-YP_009724389.1	GAC	D	GAG	E	1815
NC_045512.2	18913	T	C	6065	1099	43	1	0	37	0.000164853	6066	0.992206	FALSE	ORF1ab:cds-YP_009724389.1	TGG	W	CGG	R	1816
NC_045512.2	18914	G	C	6214	1105	42	1	0	37	0.000160901	6215	0.992205	FALSE	ORF1ab:cds-YP_009724389.1	TGG	W	TCG	S	1816
NC_045512.2	18915	G	T	6176	1111	42	3	0	37	0.000485515	6179	0.910276	FALSE	ORF1ab:cds-YP_009724389.1	TGG	W	TGT	C	1816
NC_045512.2	18916	A	T	6142	1102	42	1	1	25	0.000162681	6147	1	FALSE	ORF1ab:cds-YP_009724389.1	ACT	T	TCT	S	1817
NC_045512.2	18916	A	G	6142	1102	42	4	0	34	0.000650724	6147	0.828225	FALSE	ORF1ab:cds-YP_009724389.1	ACT	T	GCT	A	1817
NC_045512.2	18917	C	T	5792	1296	41	2	0	37	0.000345185	5794	0.937585	FALSE	ORF1ab:cds-YP_009724389.1	ACT	T	ATT	I	1817
NC_045512.2	18919	A	C	6035	1318	41	1	0	37	0.000165673	6036	0.992206	FALSE	ORF1ab:cds-YP_009724389.1	ATT	I	CTT	L	1818
NC_045512.2	18921	T	C	6114	1344	41	1	1	37	0.000163532	6115	0.992205	FALSE	ORF1ab:cds-YP_009724389.1	ATT	I	ATC	I	1818
NC_045512.2	18922	G	A	5971	1411	40	1	0	37	0.000167448	5972	0.984402	FALSE	ORF1ab:cds-YP_009724389.1	GAA	E	AAA	K	1819
NC_045512.2	18924	A	T	5901	1394	40	1	1	48	0.000169405	5903	0.5	FALSE	ORF1ab:cds-YP_009724389.1	GAA	E	GAT	D	1819
NC_045512.2	18924	A	G	5901	1394	40	1	0	37	0.000169405	5903	0.984395	FALSE	ORF1ab:cds-YP_009724389.1	GAA	E	GAG	E	1819
NC_045512.2	18925	T	C	5960	1404	41	1	1	37	0.000167757	5961	0.984403	FALSE	ORF1ab:cds-YP_009724389.1	TAT	Y	CAT	H	1820
NC_045512.2	18926	A	C	5882	1358	40	7	0	37	0.00118866	5889	0.387265	FALSE	ORF1ab:cds-YP_009724389.1	TAT	Y	TCT	S	1820
NC_045512.2	18927	T	A	5514	1478	39	1	0	37	0.000181324	5515	0.984405	FALSE	ORF1ab:cds-YP_009724389.1	TAT	Y	TAA	*	1820
NC_045512.2	18928	C	T	4662	1143	39	799	229	40	0.146283	5462	6.11462e-255	TRUE	ORF1ab:cds-YP_009724389.1	CCT	P	TCT	S	1821
NC_045512.2	18928	C	A	4662	1143	39	1	0	37	0.000183083	5462	0.975398	FALSE	ORF1ab:cds-YP_009724389.1	CCT	P	ACT	T	1821
NC_045512.2	18929	C	A	5473	1402	39	1	0	37	0.000182682	5474	0.984405	FALSE	ORF1ab:cds-YP_009724389.1	CCT	P	CAT	H	1821
NC_045512.2	18930	T	G	5458	1414	39	1	0	29	0.000183184	5459	1	FALSE	ORF1ab:cds-YP_009724389.1	CCT	P	CCG	P	1821
NC_045512.2	18931	A	T	5496	1405	39	1	1	25	0.000181917	5497	1	FALSE	ORF1ab:cds-YP_009724389.1	ATA	I	TTA	L	1822
NC_045512.2	18932	T	C	5501	1461	39	1	0	37	0.000181752	5502	0.984405	FALSE	ORF1ab:cds-YP_009724389.1	ATA	I	ACA	T	1822
NC_045512.2	18933	A	G	5473	1469	39	1	0	37	0.000182615	5476	0.984388	FALSE	ORF1ab:cds-YP_009724389.1	ATA	I	ATG	M	1822
NC_045512.2	18933	A	C	5473	1469	39	2	0	37	0.00036523	5476	0.93756	FALSE	ORF1ab:cds-YP_009724389.1	ATA	I	ATC	I	1822
NC_045512.2	18934	A	T	5120	1473	38	1	0	37	0.000195236	5122	0.984398	FALSE	ORF1ab:cds-YP_009724389.1	ATT	I	TTT	F	1823
NC_045512.2	18934	A	G	5120	1473	38	1	0	37	0.000195236	5122	0.984398	FALSE	ORF1ab:cds-YP_009724389.1	ATT	I	GTT	V	1823
NC_045512.2	18938	G	A	5124	1461	39	1	0	37	0.000195122	5125	0.984407	FALSE	ORF1ab:cds-YP_009724389.1	GGT	G	GAT	D	1824
NC_045512.2	18939	T	A	5162	1486	39	1	0	25	0.000193686	5163	1	FALSE	ORF1ab:cds-YP_009724389.1	GGT	G	GGA	G	1824
NC_045512.2	18940	G	C	5167	1497	39	1	1	37	0.000193498	5168	0.984407	FALSE	ORF1ab:cds-YP_009724389.1	GAT	D	CAT	H	1825
NC_045512.2	18942	T	C	4993	1536	39	1	0	37	0.00020024	4994	0.968797	FALSE	ORF1ab:cds-YP_009724389.1	GAT	D	GAC	D	1825
NC_045512.2	18944	A	G	5081	1620	39	1	1	37	0.000196773	5082	0.984407	FALSE	ORF1ab:cds-YP_009724389.1	GAA	E	GGA	G	1826
NC_045512.2	18945	A	G	5022	1597	38	1	0	25	0.000199084	5023	1	FALSE	ORF1ab:cds-YP_009724389.1	GAA	E	GAG	E	1826
NC_045512.2	18947	T	C	5002	1597	39	2	1	37	0.00039968	5004	0.937598	FALSE	ORF1ab:cds-YP_009724389.1	CTG	L	CCG	P	1827
NC_045512.2	18949	A	G	5404	2079	40	1	1	37	0.000185014	5405	0.984405	FALSE	ORF1ab:cds-YP_009724389.1	AAG	K	GAG	E	1828
NC_045512.2	18950	A	G	5471	2117	40	6	3	35	0.00109549	5477	0.500124	FALSE	ORF1ab:cds-YP_009724389.1	AAG	K	AGG	R	1828
NC_045512.2	18952	A	G	5478	2067	40	1	1	37	0.000182515	5479	0.984405	FALSE	ORF1ab:cds-YP_009724389.1	ATT	I	GTT	V	1829
NC_045512.2	18953	T	C	5487	2044	40	1	0	37	0.000182216	5488	0.984405	FALSE	ORF1ab:cds-YP_009724389.1	ATT	I	ACT	T	1829
NC_045512.2	18954	T	C	5513	2089	39	1	1	25	0.000181291	5516	1	FALSE	ORF1ab:cds-YP_009724389.1	ATT	I	ATC	I	1829
NC_045512.2	18954	T	A	5513	2089	39	2	0	31	0.000362582	5516	0.93756	FALSE	ORF1ab:cds-YP_009724389.1	ATT	I	ATA	I	1829
NC_045512.2	18955	A	G	5508	2070	40	2	1	37	0.000362976	5510	0.937589	FALSE	ORF1ab:cds-YP_009724389.1	AAT	N	GAT	D	1830
NC_045512.2	18956	A	T	5948	2683	42	2	1	37	0.000335965	5953	0.9375	FALSE	ORF1ab:cds-YP_009724389.1	AAT	N	ATT	I	1830
NC_045512.2	18956	A	G	5948	2683	42	3	2	45	0.000503948	5953	0.124937	FALSE	ORF1ab:cds-YP_009724389.1	AAT	N	AGT	S	1830
NC_045512.2	18958	G	A	5999	2803	42	1	1	37	0.000166667	6000	0.992201	FALSE	ORF1ab:cds-YP_009724389.1	GCG	A	ACG	T	1831
NC_045512.2	18959	C	T	5946	2765	42	10	5	48	0.0016787	5957	0.000972877	TRUE	ORF1ab:cds-YP_009724389.1	GCG	A	GTG	V	1831
NC_045512.2	18959	C	A	5946	2765	42	1	1	37	0.00016787	5957	0.984324	FALSE	ORF1ab:cds-YP_009724389.1	GCG	A	GAG	E	1831
NC_045512.2	18960	G	T	5920	2701	42	1	1	74	0.000168833	5923	0.499958	FALSE	ORF1ab:cds-YP_009724389.1	GCG	A	GCT	A	1831
NC_045512.2	18960	G	A	5920	2701	42	2	0	37	0.000337667	5923	0.937555	FALSE	ORF1ab:cds-YP_009724389.1	GCG	A	GCA	A	1831
NC_045512.2	18961	G	A	5936	2698	42	2	2	55	0.000336814	5938	0.250021	FALSE	ORF1ab:cds-YP_009724389.1	GCT	A	ACT	T	1832
NC_045512.2	18962	C	T	5800	2585	41	3	2	33	0.000516974	5803	0.85561	FALSE	ORF1ab:cds-YP_009724389.1	GCT	A	GTT	V	1832
NC_045512.2	18963	T	G	5716	2664	41	1	1	37	0.000174886	5718	0.984395	FALSE	ORF1ab:cds-YP_009724389.1	GCT	A	GCG	A	1832
NC_045512.2	18963	T	C	5716	2664	41	1	0	37	0.000174886	5718	0.984395	FALSE	ORF1ab:cds-YP_009724389.1	GCT	A	GCC	A	1832
NC_045512.2	18965	G	T	6133	2896	42	1	1	25	0.00016292	6138	1	FALSE	ORF1ab:cds-YP_009724389.1	TGT	C	TTT	F	1833
NC_045512.2	18965	G	C	6133	2896	42	1	1	37	0.00016292	6138	0.992188	FALSE	ORF1ab:cds-YP_009724389.1	TGT	C	TCT	S	1833
NC_045512.2	18965	G	A	6133	2896	42	3	3	41	0.000488759	6138	0.124939	FALSE	ORF1ab:cds-YP_009724389.1	TGT	C	TAT	Y	1833
NC_045512.2	18966	T	C	6125	2980	42	1	1	25	0.000163239	6126	1	FALSE	ORF1ab:cds-YP_009724389.1	TGT	C	TGC	C	1833
NC_045512.2	18968	G	T	6121	2984	42	2	1	37	0.000326584	6124	0.964888	FALSE	ORF1ab:cds-YP_009724389.1	AGA	R	ATA	I	1834
NC_045512.2	18968	G	C	6121	2984	42	1	1	37	0.000163292	6124	0.992196	FALSE	ORF1ab:cds-YP_009724389.1	AGA	R	ACA	T	1834
NC_045512.2	18969	A	G	6111	2969	42	1	0	37	0.000163613	6112	0.992205	FALSE	ORF1ab:cds-YP_009724389.1	AGA	R	AGG	R	1834
NC_045512.2	18970	A	G	6050	2951	42	2	1	74	0.00033036	6054	0.249938	FALSE	ORF1ab:cds-YP_009724389.1	AAG	K	GAG	E	1835
NC_045512.2	18970	A	C	6050	2951	42	2	2	37	0.00033036	6054	0.964871	FALSE	ORF1ab:cds-YP_009724389.1	AAG	K	CAG	Q	1835
NC_045512.2	18971	A	T	6238	3167	43	1	1	37	0.000160231	6241	0.992196	FALSE	ORF1ab:cds-YP_009724389.1	AAG	K	ATG	M	1835
NC_045512.2	18971	A	G	6238	3167	43	2	1	31	0.000320461	6241	0.964888	FALSE	ORF1ab:cds-YP_009724389.1	AAG	K	AGG	R	1835
NC_045512.2	18972	G	T	6264	3150	43	1	0	37	0.000159617	6265	0.992205	FALSE	ORF1ab:cds-YP_009724389.1	AAG	K	AAT	N	1835
NC_045512.2	18973	G	A	6503	3183	42	1	0	37	0.000153752	6504	0.992204	FALSE	ORF1ab:cds-YP_009724389.1	GTT	V	ATT	I	1836
NC_045512.2	18974	T	C	6101	3164	41	3	2	36	0.000491481	6104	0.910277	FALSE	ORF1ab:cds-YP_009724389.1	GTT	V	GCT	A	1836
NC_045512.2	18975	T	C	6099	3166	41	3	0	49	0.000491642	6102	0.125	FALSE	ORF1ab:cds-YP_009724389.1	GTT	V	GTC	V	1836
NC_045512.2	18976	C	A	6023	3258	41	1	0	37	0.000166003	6024	0.992206	FALSE	ORF1ab:cds-YP_009724389.1	CAA	Q	AAA	K	1837
NC_045512.2	18978	A	G	6226	3307	41	1	1	37	0.000160591	6227	0.992205	FALSE	ORF1ab:cds-YP_009724389.1	CAA	Q	CAG	Q	1837
NC_045512.2	18980	A	T	6270	3371	41	1	0	37	0.000159464	6271	0.992205	FALSE	ORF1ab:cds-YP_009724389.1	CAC	H	CTC	L	1838
NC_045512.2	18982	A	G	5902	3050	41	1	1	37	0.000169348	5905	0.984387	FALSE	ORF1ab:cds-YP_009724389.1	ATG	M	GTG	V	1839
NC_045512.2	18982	A	C	5902	3050	41	2	0	37	0.000338696	5905	0.937556	FALSE	ORF1ab:cds-YP_009724389.1	ATG	M	CTG	L	1839
NC_045512.2	18983	T	C	5794	3112	41	1	0	37	0.000172503	5797	0.984387	FALSE	ORF1ab:cds-YP_009724389.1	ATG	M	ACG	T	1839
NC_045512.2	18983	T	A	5794	3112	41	2	1	55	0.000345006	5797	0.249978	FALSE	ORF1ab:cds-YP_009724389.1	ATG	M	AAG	K	1839
NC_045512.2	18984	G	C	5765	3156	40	1	1	29	0.00017343	5766	1	FALSE	ORF1ab:cds-YP_009724389.1	ATG	M	ATC	I	1839
NC_045512.2	18987	T	C	5746	3121	40	1	1	37	0.000173974	5748	0.984395	FALSE	ORF1ab:cds-YP_009724389.1	GTT	V	GTC	V	1840
NC_045512.2	18987	T	A	5746	3121	40	1	0	37	0.000173974	5748	0.984395	FALSE	ORF1ab:cds-YP_009724389.1	GTT	V	GTA	V	1840
NC_045512.2	18988	G	A	5809	3108	40	1	0	37	0.000172117	5810	0.984403	FALSE	ORF1ab:cds-YP_009724389.1	GTT	V	ATT	I	1841
NC_045512.2	18989	T	A	5752	3086	40	1	1	25	0.000173822	5753	1	FALSE	ORF1ab:cds-YP_009724389.1	GTT	V	GAT	D	1841
NC_045512.2	18990	T	C	5789	3110	40	1	1	37	0.000172712	5790	0.984403	FALSE	ORF1ab:cds-YP_009724389.1	GTT	V	GTC	V	1841
NC_045512.2	18993	A	G	5764	3118	40	3	2	37	0.000520201	5767	0.855611	FALSE	ORF1ab:cds-YP_009724389.1	AAA	K	AAG	K	1842
NC_045512.2	18994	G	A	5833	3315	40	3	1	37	0.000514051	5836	0.855609	FALSE	ORF1ab:cds-YP_009724389.1	GCT	A	ACT	T	1843
NC_045512.2	18997	G	A	5772	3233	40	9	4	45	0.00155682	5781	0.00194857	TRUE	ORF1ab:cds-YP_009724389.1	GCA	A	ACA	T	1844
NC_045512.2	18998	C	T	5760	3228	40	5	1	44	0.000867303	5765	0.0312364	FALSE	ORF1ab:cds-YP_009724389.1	GCA	A	GTA	V	1844
NC_045512.2	18999	A	G	5831	3332	41	1	0	37	0.000171468	5832	0.984403	FALSE	ORF1ab:cds-YP_009724389.1	GCA	A	GCG	A	1844
NC_045512.2	19000	T	A	5792	3359	40	1	0	37	0.000172622	5793	0.984403	FALSE	ORF1ab:cds-YP_009724389.1	TTA	L	ATA	I	1845
NC_045512.2	19004	T	A	5935	3538	41	1	0	20	0.000168464	5936	1	FALSE	ORF1ab:cds-YP_009724389.1	TTA	L	TAA	*	1846
NC_045512.2	19005	A	G	5916	3539	41	1	1	74	0.000169005	5917	0.500042	FALSE	ORF1ab:cds-YP_009724389.1	TTA	L	TTG	L	1846
NC_045512.2	19006	G	C	5833	3509	41	1	0	37	0.00017135	5836	0.984387	FALSE	ORF1ab:cds-YP_009724389.1	GCA	A	CCA	P	1847
NC_045512.2	19006	G	A	5833	3509	41	2	1	37	0.0003427	5836	0.937556	FALSE	ORF1ab:cds-YP_009724389.1	GCA	A	ACA	T	1847
NC_045512.2	19007	C	T	5858	3517	41	3	2	37	0.000511858	5861	0.855609	FALSE	ORF1ab:cds-YP_009724389.1	GCA	A	GTA	V	1847
NC_045512.2	19008	A	G	5856	3511	41	1	1	37	0.000170736	5857	0.984403	FALSE	ORF1ab:cds-YP_009724389.1	GCA	A	GCG	A	1847
NC_045512.2	19009	G	A	6522	4352	43	2	2	55	0.00030656	6524	0.250019	FALSE	ORF1ab:cds-YP_009724389.1	GAC	D	AAC	N	1848
NC_045512.2	19010	A	G	6570	4449	42	3	3	45	0.000456413	6573	0.125	FALSE	ORF1ab:cds-YP_009724389.1	GAC	D	GGC	G	1848
NC_045512.2	19011	C	T	6577	4464	42	1	1	37	0.000152022	6578	0.992204	FALSE	ORF1ab:cds-YP_009724389.1	GAC	D	GAT	D	1848
NC_045512.2	19012	A	G	6587	4469	42	1	1	37	0.000151791	6588	0.992204	FALSE	ORF1ab:cds-YP_009724389.1	AAA	K	GAA	E	1849
NC_045512.2	19012	A	+G	6587	4469	42	1	0	20	0.000151791	6588	1	FALSE	NA	NA	NA	NA	NA	NA
NC_045512.2	19013	A	G	6545	4443	42	4	3	37	0.00061078	6549	0.828282	FALSE	ORF1ab:cds-YP_009724389.1	AAA	K	AGA	R	1849
NC_045512.2	19015	T	G	6161	4159	40	1	1	25	0.000162285	6162	1	FALSE	ORF1ab:cds-YP_009724389.1	TTC	F	GTC	V	1850
NC_045512.2	19017	C	T	6567	4535	42	1	0	37	0.00015223	6569	0.9922	FALSE	ORF1ab:cds-YP_009724389.1	TTC	F	TTT	F	1850
NC_045512.2	19017	C	G	6567	4535	42	1	0	37	0.00015223	6569	0.9922	FALSE	ORF1ab:cds-YP_009724389.1	TTC	F	TTG	L	1850
NC_045512.2	19018	C	T	6440	4548	41	1	0	74	0.000155255	6441	0.500039	FALSE	ORF1ab:cds-YP_009724389.1	CCA	P	TCA	S	1851
NC_045512.2	19019	C	G	6467	4589	41	2	2	31	0.000309167	6469	0.964903	FALSE	ORF1ab:cds-YP_009724389.1	CCA	P	CGA	R	1851
NC_045512.2	19020	A	T	6277	4621	40	1	1	37	0.000159236	6280	0.992196	FALSE	ORF1ab:cds-YP_009724389.1	CCA	P	CCT	P	1851
NC_045512.2	19020	A	G	6277	4621	40	2	1	37	0.000318471	6280	0.964887	FALSE	ORF1ab:cds-YP_009724389.1	CCA	P	CCG	P	1851
NC_045512.2	19021	G	C	6294	4618	40	1	0	74	0.000158831	6296	0.5	FALSE	ORF1ab:cds-YP_009724389.1	GTT	V	CTT	L	1852
NC_045512.2	19021	G	A	6294	4618	40	1	1	37	0.000158831	6296	0.992201	FALSE	ORF1ab:cds-YP_009724389.1	GTT	V	ATT	I	1852
NC_045512.2	19026	T	C	6268	4608	40	1	1	62	0.000159515	6269	0.50004	FALSE	ORF1ab:cds-YP_009724389.1	CTT	L	CTC	L	1853
NC_045512.2	19027	C	G	6273	4654	41	1	1	37	0.000159388	6274	0.992205	FALSE	ORF1ab:cds-YP_009724389.1	CAC	H	GAC	D	1854
NC_045512.2	19028	A	G	6171	4668	40	1	1	37	0.000162022	6172	0.992205	FALSE	ORF1ab:cds-YP_009724389.1	CAC	H	CGC	R	1854
NC_045512.2	19029	C	T	6172	4661	40	11	10	35	0.00177907	6183	0.166069	FALSE	ORF1ab:cds-YP_009724389.1	CAC	H	CAT	H	1854
NC_045512.2	19031	A	G	6161	4646	40	1	1	25	0.000162285	6162	1	FALSE	ORF1ab:cds-YP_009724389.1	GAC	D	GGC	G	1855
NC_045512.2	19032	C	T	6151	4643	40	1	1	37	0.000162549	6152	0.992205	FALSE	ORF1ab:cds-YP_009724389.1	GAC	D	GAT	D	1855
NC_045512.2	19033	A	T	6007	4494	39	1	1	25	0.000166417	6009	1	FALSE	ORF1ab:cds-YP_009724389.1	ATT	I	TTT	F	1856
NC_045512.2	19033	A	G	6007	4494	39	1	0	74	0.000166417	6009	0.5	FALSE	ORF1ab:cds-YP_009724389.1	ATT	I	GTT	V	1856
NC_045512.2	19035	T	C	6115	4597	40	4	3	40	0.000653702	6119	0.0624898	FALSE	ORF1ab:cds-YP_009724389.1	ATT	I	ATC	I	1856
NC_045512.2	19036	G	T	6136	4589	40	1	1	37	0.00016292	6138	0.992201	FALSE	ORF1ab:cds-YP_009724389.1	GGT	G	TGT	C	1857
NC_045512.2	19036	G	C	6136	4589	40	1	1	25	0.00016292	6138	1	FALSE	ORF1ab:cds-YP_009724389.1	GGT	G	CGT	R	1857
NC_045512.2	19037	G	A	6147	4610	40	3	1	49	0.000487805	6150	0.125	FALSE	ORF1ab:cds-YP_009724389.1	GGT	G	GAT	D	1857
NC_045512.2	19038	T	C	6127	4587	40	1	1	37	0.000163185	6128	0.992205	FALSE	ORF1ab:cds-YP_009724389.1	GGT	G	GGC	G	1857
NC_045512.2	19038	T	-A	6127	4587	40	1	0	20	0.000163185	6128	1	FALSE	NA	NA	NA	NA	NA	NA
NC_045512.2	19039	A	G	6065	4583	40	1	1	37	0.000164853	6066	0.992201	FALSE	ORF1ab:cds-YP_009724389.1	AAC	N	GAC	D	1858
NC_045512.2	19040	A	G	6166	4730	40	8	8	37	0.00129555	6175	0.395204	FALSE	ORF1ab:cds-YP_009724389.1	AAC	N	AGC	S	1858
NC_045512.2	19040	A	C	6166	4730	40	1	0	37	0.000161943	6175	0.99217	FALSE	ORF1ab:cds-YP_009724389.1	AAC	N	ACC	T	1858
NC_045512.2	19043	C	T	6447	4718	40	1	1	37	0.000155063	6449	0.9922	FALSE	ORF1ab:cds-YP_009724389.1	CCT	P	CTT	L	1859
NC_045512.2	19043	C	A	6447	4718	40	1	1	37	0.000155063	6449	0.9922	FALSE	ORF1ab:cds-YP_009724389.1	CCT	P	CAT	H	1859
NC_045512.2	19044	T	C	6322	4645	39	1	1	25	0.000158153	6323	1	FALSE	ORF1ab:cds-YP_009724389.1	CCT	P	CCC	P	1859
NC_045512.2	19045	A	C	6575	4955	40	2	2	25	0.00030409	6577	1	FALSE	ORF1ab:cds-YP_009724389.1	AAA	K	CAA	Q	1860
NC_045512.2	19046	A	C	6420	4819	40	2	2	37	0.000311429	6422	0.964903	FALSE	ORF1ab:cds-YP_009724389.1	AAA	K	ACA	T	1860
NC_045512.2	19047	A	G	6436	4879	39	2	2	37	0.000310655	6438	0.964903	FALSE	ORF1ab:cds-YP_009724389.1	AAA	K	AAG	K	1860
NC_045512.2	19048	G	A	6857	5012	40	2	1	42	0.000291588	6859	0.250018	FALSE	ORF1ab:cds-YP_009724389.1	GCT	A	ACT	T	1861
NC_045512.2	19049	C	T	6890	5046	40	3	1	40	0.000435224	6893	0.125	FALSE	ORF1ab:cds-YP_009724389.1	GCT	A	GTT	V	1861
NC_045512.2	19050	T	C	6206	4397	40	3	3	37	0.00048317	6209	0.910275	FALSE	ORF1ab:cds-YP_009724389.1	GCT	A	GCC	A	1861
NC_045512.2	19052	T	C	6193	4509	40	1	1	37	0.000161447	6194	0.992205	FALSE	ORF1ab:cds-YP_009724389.1	ATT	I	ACT	T	1862
NC_045512.2	19054	A	C	6102	4416	40	1	1	25	0.000163854	6103	1	FALSE	ORF1ab:cds-YP_009724389.1	AAG	K	CAG	Q	1863
NC_045512.2	19055	A	-GT	6254	4552	40	1	0	20	0.000159898	6254	1	FALSE	NA	NA	NA	NA	NA	NA
NC_045512.2	19056	G	T	6303	4583	40	1	1	37	0.000158604	6305	0.992196	FALSE	ORF1ab:cds-YP_009724389.1	AAG	K	AAT	N	1863
NC_045512.2	19056	G	A	6303	4583	40	1	1	74	0.000158604	6305	0.49996	FALSE	ORF1ab:cds-YP_009724389.1	AAG	K	AAA	K	1863
NC_045512.2	19056	G	+C	6303	4583	40	2	0	20	0.000317158	6306	1	FALSE	NA	NA	NA	NA	NA	NA
NC_045512.2	19057	T	C	5452	3726	41	1	1	36	0.000183385	5453	0.984396	FALSE	ORF1ab:cds-YP_009724389.1	TGT	C	CGT	R	1864
NC_045512.2	19058	G	T	5526	3785	41	1	0	37	0.00018093	5527	0.984405	FALSE	ORF1ab:cds-YP_009724389.1	TGT	C	TTT	F	1864
NC_045512.2	19059	T	A	5460	3719	41	2	2	37	0.000366166	5462	0.93759	FALSE	ORF1ab:cds-YP_009724389.1	TGT	C	TGA	*	1864
NC_045512.2	19060	G	T	5465	3742	41	2	1	55	0.000365698	5469	0.249931	FALSE	ORF1ab:cds-YP_009724389.1	GTA	V	TTA	L	1865
NC_045512.2	19060	G	A	5465	3742	41	2	2	31	0.000365698	5469	0.93753	FALSE	ORF1ab:cds-YP_009724389.1	GTA	V	ATA	I	1865
NC_045512.2	19062	A	G	5460	3744	41	4	3	46	0.000732064	5464	0.0624886	FALSE	ORF1ab:cds-YP_009724389.1	GTA	V	GTG	V	1865
NC_045512.2	19064	C	A	5568	3850	41	1	1	37	0.000179565	5569	0.984404	FALSE	ORF1ab:cds-YP_009724389.1	CCT	P	CAT	H	1866
NC_045512.2	19065	T	C	5400	3688	42	3	2	49	0.000555247	5403	0.125	FALSE	ORF1ab:cds-YP_009724389.1	CCT	P	CCC	P	1866
NC_045512.2	19066	C	-A	5309	3707	41	1	0	20	0.000188359	5309	1	FALSE	NA	NA	NA	NA	NA	NA
NC_045512.2	19067	A	G	5162	3562	41	1	1	37	0.000193686	5163	0.984398	FALSE	ORF1ab:cds-YP_009724389.1	CAA	Q	CGA	R	1867
NC_045512.2	19068	A	G	5166	3559	41	1	0	37	0.000193536	5167	0.984407	FALSE	ORF1ab:cds-YP_009724389.1	CAA	Q	CAG	Q	1867
NC_045512.2	19070	C	T	5235	3631	41	2	1	55	0.000381825	5238	0.249976	FALSE	ORF1ab:cds-YP_009724389.1	GCT	A	GTT	V	1868
NC_045512.2	19070	C	G	5235	3631	41	1	1	37	0.000190913	5238	0.984388	FALSE	ORF1ab:cds-YP_009724389.1	GCT	A	GGT	G	1868
NC_045512.2	19071	T	C	5135	3538	41	2	2	37	0.000389257	5138	0.937564	FALSE	ORF1ab:cds-YP_009724389.1	GCT	A	GCC	A	1868
NC_045512.2	19071	T	A	5135	3538	41	1	1	25	0.000194628	5138	1	FALSE	ORF1ab:cds-YP_009724389.1	GCT	A	GCA	A	1868
NC_045512.2	19072	G	A	4993	3394	41	1	1	37	0.00020024	4994	0.968797	FALSE	ORF1ab:cds-YP_009724389.1	GAT	D	AAT	N	1869
NC_045512.2	19073	A	G	4948	3404	41	1	1	37	0.000202061	4949	0.968797	FALSE	ORF1ab:cds-YP_009724389.1	GAT	D	GGT	G	1869
NC_045512.2	19075	G	A	4943	3627	40	1	1	37	0.000202265	4944	0.968797	FALSE	ORF1ab:cds-YP_009724389.1	GTA	V	ATA	I	1870
NC_045512.2	19076	T	C	4966	3659	40	2	1	37	0.000402576	4968	0.890743	FALSE	ORF1ab:cds-YP_009724389.1	GTA	V	GCA	A	1870
NC_045512.2	19077	A	G	4886	3592	41	2	1	55	0.000409165	4888	0.250026	FALSE	ORF1ab:cds-YP_009724389.1	GTA	V	GTG	V	1870
NC_045512.2	19078	G	A	4919	3673	40	1	1	37	0.000203252	4920	0.968798	FALSE	ORF1ab:cds-YP_009724389.1	GAA	E	AAA	K	1871
NC_045512.2	19082	G	T	4864	3756	41	1	1	25	0.00020555	4865	1	FALSE	ORF1ab:cds-YP_009724389.1	TGG	W	TTG	L	1872
NC_045512.2	19085	A	G	4879	3827	40	1	1	37	0.000204918	4880	0.968798	FALSE	ORF1ab:cds-YP_009724389.1	AAG	K	AGG	R	1873
NC_045512.2	19086	G	C	5684	4752	42	1	1	37	0.000175901	5685	0.984404	FALSE	ORF1ab:cds-YP_009724389.1	AAG	K	AAC	N	1873
NC_045512.2	19091	A	G	5725	4868	42	5	4	44	0.0008726	5730	0.0312364	FALSE	ORF1ab:cds-YP_009724389.1	TAT	Y	TGT	C	1875
NC_045512.2	19093	G	T	5717	4872	42	1	0	74	0.000174886	5718	0.500044	FALSE	ORF1ab:cds-YP_009724389.1	GAT	D	TAT	Y	1876
NC_045512.2	19094	A	G	5671	4824	42	1	1	25	0.000176274	5673	1	FALSE	ORF1ab:cds-YP_009724389.1	GAT	D	GGT	G	1876
NC_045512.2	19094	A	C	5671	4824	42	1	1	37	0.000176274	5673	0.984396	FALSE	ORF1ab:cds-YP_009724389.1	GAT	D	GCT	A	1876
NC_045512.2	19095	T	C	5444	4605	42	2	2	37	0.000367242	5446	0.93759	FALSE	ORF1ab:cds-YP_009724389.1	GAT	D	GAC	D	1876
NC_045512.2	19096	G	A	5425	4595	41	6	5	35	0.00110477	5431	0.500125	FALSE	ORF1ab:cds-YP_009724389.1	GCA	A	ACA	T	1877
NC_045512.2	19097	C	T	5443	4609	42	4	3	37	0.000734349	5447	0.746275	FALSE	ORF1ab:cds-YP_009724389.1	GCA	A	GTA	V	1877
NC_045512.2	19098	A	G	5415	4598	42	1	1	37	0.000184638	5416	0.984405	FALSE	ORF1ab:cds-YP_009724389.1	GCA	A	GCG	A	1877
NC_045512.2	19099	C	T	5401	4590	42	3	1	49	0.000555144	5404	0.125	FALSE	ORF1ab:cds-YP_009724389.1	CAG	Q	TAG	*	1878
NC_045512.2	19101	G	A	5306	4511	42	1	1	37	0.00018843	5307	0.984406	FALSE	ORF1ab:cds-YP_009724389.1	CAG	Q	CAA	Q	1878
NC_045512.2	19102	C	T	5250	4446	41	4	4	46	0.00076118	5255	0.0624643	FALSE	ORF1ab:cds-YP_009724389.1	CCT	P	TCT	S	1879
NC_045512.2	19102	C	A	5250	4446	41	1	1	25	0.000190295	5255	1	FALSE	ORF1ab:cds-YP_009724389.1	CCT	P	ACT	T	1879
NC_045512.2	19104	T	A	5098	4302	42	1	0	37	0.000196117	5099	0.984407	FALSE	ORF1ab:cds-YP_009724389.1	CCT	P	CCA	P	1879
NC_045512.2	19106	G	A	5056	4254	42	1	1	37	0.000197746	5057	0.984407	FALSE	ORF1ab:cds-YP_009724389.1	TGT	C	TAT	Y	1880
NC_045512.2	19107	T	C	5056	4256	42	2	2	37	0.000395413	5058	0.937597	FALSE	ORF1ab:cds-YP_009724389.1	TGT	C	TGC	C	1880
NC_045512.2	19108	A	T	5026	4224	42	2	2	31	0.000397693	5029	0.937565	FALSE	ORF1ab:cds-YP_009724389.1	AGT	S	TGT	C	1881
NC_045512.2	19108	A	G	5026	4224	42	1	1	37	0.000198847	5029	0.984389	FALSE	ORF1ab:cds-YP_009724389.1	AGT	S	GGT	G	1881
NC_045512.2	19109	G	T	5026	4230	42	1	0	74	0.000198768	5031	0.499851	FALSE	ORF1ab:cds-YP_009724389.1	AGT	S	ATT	I	1881
NC_045512.2	19109	G	C	5026	4230	42	1	1	37	0.000198768	5031	0.98437	FALSE	ORF1ab:cds-YP_009724389.1	AGT	S	ACT	T	1881
NC_045512.2	19109	G	A	5026	4230	42	3	3	37	0.000596303	5031	0.855501	FALSE	ORF1ab:cds-YP_009724389.1	AGT	S	AAT	N	1881
NC_045512.2	19113	C	G	3842	3085	43	2	2	31	0.000520291	3844	0.812663	FALSE	ORF1ab:cds-YP_009724389.1	GAC	D	GAG	E	1882
NC_045512.2	19113	C	-A	3842	3085	43	1	0	20	0.000260146	3844	1	FALSE	NA	NA	NA	NA	NA	NA
NC_045512.2	19116	A	T	3831	3083	43	1	1	37	0.000260892	3833	0.937549	FALSE	ORF1ab:cds-YP_009724389.1	AAA	K	AAT	N	1883
NC_045512.2	19116	A	G	3831	3083	43	1	0	37	0.000260892	3833	0.937549	FALSE	ORF1ab:cds-YP_009724389.1	AAA	K	AAG	K	1883
NC_045512.2	19119	T	C	3876	3073	42	1	0	74	0.000257865	3878	0.5	FALSE	ORF1ab:cds-YP_009724389.1	GCT	A	GCC	A	1884
NC_045512.2	19119	T	A	3876	3073	42	1	1	37	0.000257865	3878	0.937548	FALSE	ORF1ab:cds-YP_009724389.1	GCT	A	GCA	A	1884
NC_045512.2	19122	T	-A	3860	3069	42	1	0	20	0.000259067	3860	1	FALSE	NA	NA	NA	NA	NA	NA
NC_045512.2	19123	A	T	3844	3053	42	1	1	25	0.000260078	3845	1	FALSE	ORF1ab:cds-YP_009724389.1	AAA	K	TAA	*	1886
NC_045512.2	19125	A	T	3799	3029	41	1	0	20	0.000263158	3800	1	FALSE	ORF1ab:cds-YP_009724389.1	AAA	K	AAT	N	1886
NC_045512.2	19128	A	G	3680	2908	42	1	1	37	0.000271665	3681	0.937585	FALSE	ORF1ab:cds-YP_009724389.1	ATA	I	ATG	M	1887
NC_045512.2	19129	G	T	3684	2940	41	1	1	37	0.00027137	3685	0.937585	FALSE	ORF1ab:cds-YP_009724389.1	GAA	E	TAA	*	1888
NC_045512.2	19131	A	T	3719	2961	42	1	1	37	0.000268817	3720	0.937584	FALSE	ORF1ab:cds-YP_009724389.1	GAA	E	GAT	D	1888
NC_045512.2	19136	T	G	3686	2951	41	1	1	37	0.00027115	3688	0.937551	FALSE	ORF1ab:cds-YP_009724389.1	TTA	L	TGA	*	1890
NC_045512.2	19136	T	C	3686	2951	41	1	0	37	0.00027115	3688	0.937551	FALSE	ORF1ab:cds-YP_009724389.1	TTA	L	TCA	S	1890
NC_045512.2	19138	T	C	3623	2895	41	1	1	62	0.000275938	3624	0.500069	FALSE	ORF1ab:cds-YP_009724389.1	TTC	F	CTC	L	1891
NC_045512.2	19139	T	G	3703	2969	41	1	1	37	0.000269978	3704	0.937584	FALSE	ORF1ab:cds-YP_009724389.1	TTC	F	TGC	C	1891
NC_045512.2	19140	C	A	3646	2924	41	2	1	55	0.000548246	3648	0.250034	FALSE	ORF1ab:cds-YP_009724389.1	TTC	F	TTA	L	1891
NC_045512.2	19141	T	C	3393	2677	41	10	3	37	0.00293858	3403	0.0460399	FALSE	ORF1ab:cds-YP_009724389.1	TAT	Y	CAT	H	1892
NC_045512.2	19145	C	T	3352	2786	38	1	1	25	0.00029824	3353	1	FALSE	ORF1ab:cds-YP_009724389.1	TCT	S	TTT	F	1893
NC_045512.2	19146	T	C	2890	2333	39	2	0	37	0.000691563	2892	0.687695	FALSE	ORF1ab:cds-YP_009724389.1	TCT	S	TCC	S	1893
NC_045512.2	19147	T	C	2884	2326	39	1	1	25	0.00034662	2885	1	FALSE	ORF1ab:cds-YP_009724389.1	TAT	Y	CAT	H	1894
NC_045512.2	19150	G	A	2662	2373	37	1	1	37	0.000375516	2663	0.875141	FALSE	ORF1ab:cds-YP_009724389.1	GCC	A	ACC	T	1895
NC_045512.2	19151	C	T	2612	2323	37	4	3	37	0.00152905	2616	0.34384	FALSE	ORF1ab:cds-YP_009724389.1	GCC	A	GTC	V	1895
NC_045512.2	19152	C	T	2585	2301	37	1	1	37	0.000386698	2586	0.875145	FALSE	ORF1ab:cds-YP_009724389.1	GCC	A	GCT	A	1895
NC_045512.2	19156	C	T	2560	2285	37	2	2	31	0.00078064	2562	0.68772	FALSE	ORF1ab:cds-YP_009724389.1	CAT	H	TAT	Y	1897
NC_045512.2	19157	A	G	2422	2195	37	1	1	37	0.000412712	2423	0.875155	FALSE	ORF1ab:cds-YP_009724389.1	CAT	H	CGT	R	1897
NC_045512.2	19158	T	C	2401	2178	37	1	1	25	0.000416146	2403	1	FALSE	ORF1ab:cds-YP_009724389.1	CAT	H	CAC	H	1897
NC_045512.2	19158	T	A	2401	2178	37	1	1	25	0.000416146	2403	1	FALSE	ORF1ab:cds-YP_009724389.1	CAT	H	CAA	Q	1897
NC_045512.2	19160	C	A	2369	2161	37	1	1	37	0.000421941	2370	0.875158	FALSE	ORF1ab:cds-YP_009724389.1	TCT	S	TAT	Y	1898
NC_045512.2	19163	A	T	2319	2119	37	2	0	37	0.000860585	2324	0.687258	FALSE	ORF1ab:cds-YP_009724389.1	GAC	D	GTC	V	1899
NC_045512.2	19163	A	G	2319	2119	37	3	3	33	0.00129088	2324	0.499798	FALSE	ORF1ab:cds-YP_009724389.1	GAC	D	GGC	G	1899
NC_045512.2	19185	C	T	134	28	44	1	1	48	0.00740741	135	0.501859	FALSE	ORF1ab:cds-YP_009724389.1	TGC	C	TGT	C	1906
NC_045512.2	19192	T	A	143	30	45	1	0	37	0.00694444	144	0.501742	FALSE	ORF1ab:cds-YP_009724389.1	TGG	W	AGG	R	1909
NC_045512.2	19200	C	A	142	32	46	1	0	37	0.00699301	143	0.501754	FALSE	ORF1ab:cds-YP_009724389.1	TGC	C	TGA	*	1911
NC_045512.2	19295	T	C	100	33	38	1	0	37	0.00990099	101	0.502488	FALSE	ORF1ab:cds-YP_009724389.1	TTG	L	TCG	S	1943
NC_045512.2	19301	T	C	113	45	38	1	1	37	0.00877193	114	0.502203	FALSE	ORF1ab:cds-YP_009724389.1	GTA	V	GCA	A	1945
NC_045512.2	19316	T	C	116	47	37	1	0	37	0.00854701	117	0.502146	FALSE	ORF1ab:cds-YP_009724389.1	TTC	F	TCC	S	1950
NC_045512.2	19326	A	G	0	0	0	112	42	38	1	112	1.39309e-66	TRUE	ORF1ab:cds-YP_009724389.1	CCA	P	CCG	P	1953
NC_045512.2	19428	A	G	120	116	37	1	1	37	0.00826446	121	0.502075	FALSE	ORF1ab:cds-YP_009724389.1	ATA	I	ATG	M	1987
NC_045512.2	19454	C	T	10181	1152	36	3	0	37	0.00029458	10184	0.988795	FALSE	ORF1ab:cds-YP_009724389.1	ACG	T	ATG	M	1996
NC_045512.2	19455	G	T	14219	1370	37	1	0	37	7.03087e-05	14223	0.99997	FALSE	ORF1ab:cds-YP_009724389.1	ACG	T	ACT	T	1996
NC_045512.2	19455	G	A	14219	1370	37	3	0	37	0.000210926	14223	0.998828	FALSE	ORF1ab:cds-YP_009724389.1	ACG	T	ACA	T	1996
NC_045512.2	19456	T	G	14486	1373	37	8	7	37	0.000551876	14496	0.933152	FALSE	ORF1ab:cds-YP_009724389.1	TGT	C	GGT	G	1997
NC_045512.2	19456	T	C	14486	1373	37	1	0	37	6.89845e-05	14496	0.999969	FALSE	ORF1ab:cds-YP_009724389.1	TGT	C	CGT	R	1997
NC_045512.2	19456	T	A	14486	1373	37	1	1	37	6.89845e-05	14496	0.999969	FALSE	ORF1ab:cds-YP_009724389.1	TGT	C	AGT	S	1997
NC_045512.2	19457	G	C	22136	1431	37	1	0	37	4.51467e-05	22150	1	FALSE	ORF1ab:cds-YP_009724389.1	TGT	C	TCT	S	1997
NC_045512.2	19457	G	A	22136	1431	37	13	3	36	0.000586907	22150	0.955298	FALSE	ORF1ab:cds-YP_009724389.1	TGT	C	TAT	Y	1997
NC_045512.2	19458	T	G	22115	1437	36	1	0	37	4.52059e-05	22121	1	FALSE	ORF1ab:cds-YP_009724389.1	TGT	C	TGG	W	1997
NC_045512.2	19458	T	C	22115	1437	36	5	0	37	0.00022603	22121	0.999845	FALSE	ORF1ab:cds-YP_009724389.1	TGT	C	TGC	C	1997
NC_045512.2	19459	A	G	22307	1429	36	5	0	37	0.000224095	22312	0.999845	FALSE	ORF1ab:cds-YP_009724389.1	ATA	I	GTA	V	1998
NC_045512.2	19460	T	C	22822	1955	37	1	0	37	4.38135e-05	22824	1	FALSE	ORF1ab:cds-YP_009724389.1	ATA	I	ACA	T	1998
NC_045512.2	19460	T	A	22822	1955	37	1	0	25	4.38135e-05	22824	1	FALSE	ORF1ab:cds-YP_009724389.1	ATA	I	AAA	K	1998
NC_045512.2	19461	A	G	23163	2539	38	4	1	37	0.000172659	23167	0.999976	FALSE	ORF1ab:cds-YP_009724389.1	ATA	I	ATG	M	1998
NC_045512.2	19462	A	T	23279	2531	38	1	0	37	4.29479e-05	23284	1	FALSE	ORF1ab:cds-YP_009724389.1	ACA	T	TCA	S	1999
NC_045512.2	19462	A	G	23279	2531	38	4	0	36	0.000171792	23284	0.999975	FALSE	ORF1ab:cds-YP_009724389.1	ACA	T	GCA	A	1999
NC_045512.2	19463	C	A	23364	2585	38	1	1	37	4.27991e-05	23365	1	FALSE	ORF1ab:cds-YP_009724389.1	ACA	T	AAA	K	1999
NC_045512.2	19464	A	G	23083	2567	37	1	0	37	4.332e-05	23084	1	FALSE	ORF1ab:cds-YP_009724389.1	ACA	T	ACG	T	1999
NC_045512.2	19465	C	T	23400	2555	38	5	0	37	0.00021362	23406	0.99991	FALSE	ORF1ab:cds-YP_009724389.1	CGT	R	TGT	C	2000
NC_045512.2	19465	C	A	23400	2555	38	1	0	37	4.27241e-05	23406	1	FALSE	ORF1ab:cds-YP_009724389.1	CGT	R	AGT	S	2000
NC_045512.2	19466	G	A	23357	2548	38	7	1	31	0.000299606	23364	0.999287	FALSE	ORF1ab:cds-YP_009724389.1	CGT	R	CAT	H	2000
NC_045512.2	19467	T	C	22931	2821	37	1	0	37	4.36053e-05	22933	1	FALSE	ORF1ab:cds-YP_009724389.1	CGT	R	CGC	R	2000
NC_045512.2	19467	T	A	22931	2821	37	1	0	25	4.36053e-05	22933	1	FALSE	ORF1ab:cds-YP_009724389.1	CGT	R	CGA	R	2000
NC_045512.2	19468	T	A	23785	2904	38	1	0	37	4.20415e-05	23786	1	FALSE	ORF1ab:cds-YP_009724389.1	TGC	C	AGC	S	2001
NC_045512.2	19469	G	A	23972	2886	38	14	2	37	0.000583674	23986	0.950642	FALSE	ORF1ab:cds-YP_009724389.1	TGC	C	TAC	Y	2001
NC_045512.2	19470	C	T	24163	2895	38	8	1	40	0.000330948	24173	0.054662	FALSE	ORF1ab:cds-YP_009724389.1	TGC	C	TGT	C	2001
NC_045512.2	19470	C	G	24163	2895	38	1	0	37	4.13685e-05	24173	1	FALSE	ORF1ab:cds-YP_009724389.1	TGC	C	TGG	W	2001
NC_045512.2	19470	C	A	24163	2895	38	1	0	37	4.13685e-05	24173	1	FALSE	ORF1ab:cds-YP_009724389.1	TGC	C	TGA	*	2001
NC_045512.2	19471	A	G	24128	2889	38	1	0	37	4.14439e-05	24129	1	FALSE	ORF1ab:cds-YP_009724389.1	AAT	N	GAT	D	2002
NC_045512.2	19472	A	G	23841	2915	37	3	0	37	0.000125813	23845	0.999995	FALSE	ORF1ab:cds-YP_009724389.1	AAT	N	AGT	S	2002
NC_045512.2	19472	A	C	23841	2915	37	1	0	25	4.19375e-05	23845	1	FALSE	ORF1ab:cds-YP_009724389.1	AAT	N	ACT	T	2002
NC_045512.2	19473	T	G	22580	2929	37	3	0	29	0.000132843	22583	1	FALSE	ORF1ab:cds-YP_009724389.1	AAT	N	AAG	K	2002
NC_045512.2	19474	T	C	24004	2957	38	3	0	33	0.000124964	24007	0.999997	FALSE	ORF1ab:cds-YP_009724389.1	TTA	L	CTA	L	2003
NC_045512.2	19475	T	C	24462	2928	38	3	0	37	0.000122624	24465	0.999997	FALSE	ORF1ab:cds-YP_009724389.1	TTA	L	TCA	S	2003
NC_045512.2	19476	A	T	24906	3010	38	1	0	37	4.01365e-05	24915	1	FALSE	ORF1ab:cds-YP_009724389.1	TTA	L	TTT	F	2003
NC_045512.2	19476	A	G	24906	3010	38	8	1	40	0.000321092	24915	0.0546699	FALSE	ORF1ab:cds-YP_009724389.1	TTA	L	TTG	L	2003
NC_045512.2	19476	A	-G	24906	3010	38	1	0	20	4.01365e-05	24915	1	FALSE	NA	NA	NA	NA	NA	NA
NC_045512.2	19477	G	A	25149	3016	38	1	0	37	3.97614e-05	25150	1	FALSE	ORF1ab:cds-YP_009724389.1	GGT	G	AGT	S	2004
NC_045512.2	19478	G	T	25401	3021	38	1	0	37	3.93608e-05	25406	1	FALSE	ORF1ab:cds-YP_009724389.1	GGT	G	GTT	V	2004
NC_045512.2	19478	G	A	25401	3021	38	4	1	37	0.000157443	25406	0.999992	FALSE	ORF1ab:cds-YP_009724389.1	GGT	G	GAT	D	2004
NC_045512.2	19479	T	C	24979	3025	38	2	0	31	8.00544e-05	24983	1	FALSE	ORF1ab:cds-YP_009724389.1	GGT	G	GGC	G	2004
NC_045512.2	19479	T	A	24979	3025	38	2	0	37	8.00544e-05	24983	1	FALSE	ORF1ab:cds-YP_009724389.1	GGT	G	GGA	G	2004
NC_045512.2	19480	G	A	25651	3027	38	1	1	37	3.89833e-05	25652	1	FALSE	ORF1ab:cds-YP_009724389.1	GGT	G	AGT	S	2005
NC_045512.2	19481	G	T	25950	3038	38	1	0	37	3.85297e-05	25954	1	FALSE	ORF1ab:cds-YP_009724389.1	GGT	G	GTT	V	2005
NC_045512.2	19481	G	C	25950	3038	38	1	0	37	3.85297e-05	25954	1	FALSE	ORF1ab:cds-YP_009724389.1	GGT	G	GCT	A	2005
NC_045512.2	19481	G	A	25950	3038	38	2	1	37	7.70594e-05	25954	1	FALSE	ORF1ab:cds-YP_009724389.1	GGT	G	GAT	D	2005
NC_045512.2	19482	T	C	25969	3011	38	4	0	43	0.000153994	25975	0.343723	FALSE	ORF1ab:cds-YP_009724389.1	GGT	G	GGC	G	2005
NC_045512.2	19482	T	A	25969	3011	38	2	0	31	7.69971e-05	25975	1	FALSE	ORF1ab:cds-YP_009724389.1	GGT	G	GGA	G	2005
NC_045512.2	19483	G	T	25998	3022	38	1	1	37	3.83892e-05	26049	1	FALSE	ORF1ab:cds-YP_009724389.1	GCT	A	TCT	S	2006
NC_045512.2	19483	G	A	25998	3022	38	50	9	42	0.00191946	26049	2.99624e-13	TRUE	ORF1ab:cds-YP_009724389.1	GCT	A	ACT	T	2006
NC_045512.2	19484	C	T	26130	3268	39	28	2	39	0.00107025	26162	0.445766	FALSE	ORF1ab:cds-YP_009724389.1	GCT	A	GTT	V	2006
NC_045512.2	19484	C	G	26130	3268	39	3	0	37	0.00011467	26162	0.999999	FALSE	ORF1ab:cds-YP_009724389.1	GCT	A	GGT	G	2006
NC_045512.2	19484	C	A	26130	3268	39	1	0	37	3.82234e-05	26162	1	FALSE	ORF1ab:cds-YP_009724389.1	GCT	A	GAT	D	2006
NC_045512.2	19485	T	G	26421	3272	39	1	0	37	3.7843e-05	26425	1	FALSE	ORF1ab:cds-YP_009724389.1	GCT	A	GCG	A	2006
NC_045512.2	19485	T	C	26421	3272	39	3	2	49	0.000113529	26425	0.5	FALSE	ORF1ab:cds-YP_009724389.1	GCT	A	GCC	A	2006
NC_045512.2	19486	G	T	27731	3992	39	3	0	37	0.000108155	27738	1	FALSE	ORF1ab:cds-YP_009724389.1	GTC	V	TTC	F	2007
NC_045512.2	19486	G	A	27731	3992	39	4	0	37	0.000144207	27738	0.999998	FALSE	ORF1ab:cds-YP_009724389.1	GTC	V	ATC	I	2007
NC_045512.2	19487	T	G	27853	4005	39	2	2	37	7.17927e-05	27858	1	FALSE	ORF1ab:cds-YP_009724389.1	GTC	V	GGC	G	2007
NC_045512.2	19487	T	C	27853	4005	39	2	0	37	7.17927e-05	27858	1	FALSE	ORF1ab:cds-YP_009724389.1	GTC	V	GCC	A	2007
NC_045512.2	19487	T	A	27853	4005	39	1	0	37	3.58963e-05	27858	1	FALSE	ORF1ab:cds-YP_009724389.1	GTC	V	GAC	D	2007
NC_045512.2	19488	C	T	29039	3984	39	3	3	33	0.000103292	29044	1	FALSE	ORF1ab:cds-YP_009724389.1	GTC	V	GTT	V	2007
NC_045512.2	19488	C	G	29039	3984	39	1	0	37	3.44305e-05	29044	1	FALSE	ORF1ab:cds-YP_009724389.1	GTC	V	GTG	V	2007
NC_045512.2	19488	C	A	29039	3984	39	1	0	37	3.44305e-05	29044	1	FALSE	ORF1ab:cds-YP_009724389.1	GTC	V	GTA	V	2007
NC_045512.2	19489	T	C	29054	4021	39	7	2	41	0.000240873	29061	0.0898353	FALSE	ORF1ab:cds-YP_009724389.1	TGT	C	CGT	R	2008
NC_045512.2	19490	G	C	29617	4028	39	1	0	37	3.3745e-05	29634	1	FALSE	ORF1ab:cds-YP_009724389.1	TGT	C	TCT	S	2008
NC_045512.2	19490	G	A	29617	4028	39	16	3	44	0.00053992	29634	0.000655104	TRUE	ORF1ab:cds-YP_009724389.1	TGT	C	TAT	Y	2008
NC_045512.2	19491	T	C	29645	4049	39	1	0	37	3.3728e-05	29649	1	FALSE	ORF1ab:cds-YP_009724389.1	TGT	C	TGC	C	2008
NC_045512.2	19491	T	A	29645	4049	39	3	0	33	0.000101184	29649	1	FALSE	ORF1ab:cds-YP_009724389.1	TGT	C	TGA	*	2008
NC_045512.2	19492	A	T	29644	4044	39	3	1	33	0.00010118	29650	1	FALSE	ORF1ab:cds-YP_009724389.1	AGA	R	TGA	*	2009
NC_045512.2	19492	A	G	29644	4044	39	3	1	33	0.00010118	29650	1	FALSE	ORF1ab:cds-YP_009724389.1	AGA	R	GGA	G	2009
NC_045512.2	19493	G	A	29380	4090	39	3	0	37	0.0001021	29383	1	FALSE	ORF1ab:cds-YP_009724389.1	AGA	R	AAA	K	2009
NC_045512.2	19494	A	T	31129	6631	42	2	1	37	6.4191e-05	31157	1	FALSE	ORF1ab:cds-YP_009724389.1	AGA	R	AGT	S	2009
NC_045512.2	19494	A	G	31129	6631	42	26	23	39	0.000834483	31157	0.786549	FALSE	ORF1ab:cds-YP_009724389.1	AGA	R	AGG	R	2009
NC_045512.2	19495	C	T	31952	6773	42	3	1	37	9.38761e-05	31957	1	FALSE	ORF1ab:cds-YP_009724389.1	CAT	H	TAT	Y	2010
NC_045512.2	19495	C	A	31952	6773	42	2	0	55	6.25841e-05	31957	0.24998	FALSE	ORF1ab:cds-YP_009724389.1	CAT	H	AAT	N	2010
NC_045512.2	19496	A	T	31949	6825	42	1	0	22	3.1294e-05	31955	1	FALSE	ORF1ab:cds-YP_009724389.1	CAT	H	CTT	L	2010
NC_045512.2	19496	A	G	31949	6825	42	5	1	37	0.00015647	31955	0.999999	FALSE	ORF1ab:cds-YP_009724389.1	CAT	H	CGT	R	2010
NC_045512.2	19497	T	G	31902	6834	42	2	2	37	6.26802e-05	31908	1	FALSE	ORF1ab:cds-YP_009724389.1	CAT	H	CAG	Q	2010
NC_045512.2	19497	T	C	31902	6834	42	4	2	46	0.00012536	31908	0.499983	FALSE	ORF1ab:cds-YP_009724389.1	CAT	H	CAC	H	2010
NC_045512.2	19497	T	-C	31902	6834	42	1	0	20	3.13401e-05	31908	1	FALSE	NA	NA	NA	NA	NA	NA
NC_045512.2	19498	C	T	31975	6820	42	17	4	45	0.000531366	31993	0.00128625	TRUE	ORF1ab:cds-YP_009724389.1	CAT	H	TAT	Y	2011
NC_045512.2	19498	C	G	31975	6820	42	1	1	37	3.12568e-05	31993	1	FALSE	ORF1ab:cds-YP_009724389.1	CAT	H	GAT	D	2011
NC_045512.2	19499	A	G	34207	6900	42	9	1	45	0.000263035	34216	0.0729874	FALSE	ORF1ab:cds-YP_009724389.1	CAT	H	CGT	R	2011
NC_045512.2	19500	T	G	34289	6946	42	1	0	37	2.91622e-05	34291	1	FALSE	ORF1ab:cds-YP_009724389.1	CAT	H	CAG	Q	2011
NC_045512.2	19500	T	C	34289	6946	42	1	0	37	2.91622e-05	34291	1	FALSE	ORF1ab:cds-YP_009724389.1	CAT	H	CAC	H	2011
NC_045512.2	19501	G	T	34373	7216	42	2	0	37	5.81598e-05	34388	1	FALSE	ORF1ab:cds-YP_009724389.1	GCT	A	TCT	S	2012
NC_045512.2	19501	G	C	34373	7216	42	1	0	25	2.90799e-05	34388	1	FALSE	ORF1ab:cds-YP_009724389.1	GCT	A	CCT	P	2012
NC_045512.2	19501	G	A	34373	7216	42	12	3	43	0.000348959	34388	0.0175636	FALSE	ORF1ab:cds-YP_009724389.1	GCT	A	ACT	T	2012
NC_045512.2	19502	C	T	34631	7563	42	17	1	41	0.000490635	34649	0.00128668	TRUE	ORF1ab:cds-YP_009724389.1	GCT	A	GTT	V	2012
NC_045512.2	19502	C	A	34631	7563	42	1	1	25	2.88609e-05	34649	1	FALSE	ORF1ab:cds-YP_009724389.1	GCT	A	GAT	D	2012
NC_045512.2	19503	T	C	34729	7659	43	5	1	37	0.000143951	34734	1	FALSE	ORF1ab:cds-YP_009724389.1	GCT	A	GCC	A	2012
NC_045512.2	19504	A	T	36498	7849	42	1	1	37	2.73928e-05	36506	1	FALSE	ORF1ab:cds-YP_009724389.1	AAT	N	TAT	Y	2013
NC_045512.2	19504	A	G	36498	7849	42	7	1	40	0.000191749	36506	0.171858	FALSE	ORF1ab:cds-YP_009724389.1	AAT	N	GAT	D	2013
NC_045512.2	19505	A	T	36601	7813	42	2	1	37	5.46373e-05	36605	1	FALSE	ORF1ab:cds-YP_009724389.1	AAT	N	ATT	I	2013
NC_045512.2	19505	A	G	36601	7813	42	2	1	31	5.46373e-05	36605	1	FALSE	ORF1ab:cds-YP_009724389.1	AAT	N	AGT	S	2013
NC_045512.2	19506	T	C	37098	7935	42	2	1	49	5.39025e-05	37104	0.812483	FALSE	ORF1ab:cds-YP_009724389.1	AAT	N	AAC	N	2013
NC_045512.2	19506	T	A	37098	7935	42	4	0	32	0.000107805	37104	1	FALSE	ORF1ab:cds-YP_009724389.1	AAT	N	AAA	K	2013
NC_045512.2	19507	G	C	37434	7975	43	1	0	37	2.67123e-05	37436	1	FALSE	ORF1ab:cds-YP_009724389.1	GAG	E	CAG	Q	2014
NC_045512.2	19507	G	A	37434	7975	43	1	0	37	2.67123e-05	37436	1	FALSE	ORF1ab:cds-YP_009724389.1	GAG	E	AAG	K	2014
NC_045512.2	19508	A	T	37507	7980	42	1	0	37	2.66588e-05	37511	1	FALSE	ORF1ab:cds-YP_009724389.1	GAG	E	GTG	V	2014
NC_045512.2	19508	A	G	37507	7980	42	3	1	37	7.99765e-05	37511	1	FALSE	ORF1ab:cds-YP_009724389.1	GAG	E	GGG	G	2014
NC_045512.2	19509	G	C	38960	7963	42	1	0	37	2.56614e-05	38969	1	FALSE	ORF1ab:cds-YP_009724389.1	GAG	E	GAC	D	2014
NC_045512.2	19509	G	A	38960	7963	42	8	3	50	0.000205291	38969	0.00390485	TRUE	ORF1ab:cds-YP_009724389.1	GAG	E	GAA	E	2014
NC_045512.2	19509	G	-T	38960	7963	42	1	0	20	2.56614e-05	38969	1	FALSE	NA	NA	NA	NA	NA	NA
NC_045512.2	19510	T	C	39096	8102	42	6	0	49	0.000153441	39103	0.253881	FALSE	ORF1ab:cds-YP_009724389.1	TAC	Y	CAC	H	2015
NC_045512.2	19510	T	A	39096	8102	42	1	0	37	2.55735e-05	39103	1	FALSE	ORF1ab:cds-YP_009724389.1	TAC	Y	AAC	N	2015
NC_045512.2	19511	A	G	39039	8097	42	4	2	52	0.000102451	39043	0.0624984	FALSE	ORF1ab:cds-YP_009724389.1	TAC	Y	TGC	C	2015
NC_045512.2	19512	C	T	39210	8240	43	15	5	41	0.00038238	39228	0.00376446	TRUE	ORF1ab:cds-YP_009724389.1	TAC	Y	TAT	Y	2015
NC_045512.2	19512	C	G	39210	8240	43	2	1	55	5.0984e-05	39228	0.249901	FALSE	ORF1ab:cds-YP_009724389.1	TAC	Y	TAG	*	2015
NC_045512.2	19512	C	A	39210	8240	43	1	0	25	2.5492e-05	39228	1	FALSE	ORF1ab:cds-YP_009724389.1	TAC	Y	TAA	*	2015
NC_045512.2	19513	A	T	39264	8568	43	2	2	37	5.09087e-05	39286	1	FALSE	ORF1ab:cds-YP_009724389.1	AGA	R	TGA	*	2016
NC_045512.2	19513	A	G	39264	8568	43	19	12	38	0.000483633	39286	0.997329	FALSE	ORF1ab:cds-YP_009724389.1	AGA	R	GGA	G	2016
NC_045512.2	19513	A	C	39264	8568	43	1	0	25	2.54544e-05	39286	1	FALSE	ORF1ab:cds-YP_009724389.1	AGA	R	CGA	R	2016
NC_045512.2	19513	A	+G	39264	8568	43	1	0	20	2.54544e-05	39286	1	FALSE	NA	NA	NA	NA	NA	NA
NC_045512.2	19514	G	T	40262	8599	42	2	1	37	4.96709e-05	40265	1	FALSE	ORF1ab:cds-YP_009724389.1	AGA	R	ATA	I	2016
NC_045512.2	19514	G	C	40262	8599	42	1	0	25	2.48355e-05	40265	1	FALSE	ORF1ab:cds-YP_009724389.1	AGA	R	ACA	T	2016
NC_045512.2	19515	A	G	40683	8675	43	3	0	33	7.37354e-05	40686	1	FALSE	ORF1ab:cds-YP_009724389.1	AGA	R	AGG	R	2016
NC_045512.2	19516	T	G	40053	8759	42	2	0	31	4.99251e-05	40060	1	FALSE	ORF1ab:cds-YP_009724389.1	TTG	L	GTG	V	2017
NC_045512.2	19516	T	C	40053	8759	42	3	1	37	7.48877e-05	40060	1	FALSE	ORF1ab:cds-YP_009724389.1	TTG	L	CTG	L	2017
NC_045512.2	19516	T	A	40053	8759	42	2	0	31	4.99251e-05	40060	1	FALSE	ORF1ab:cds-YP_009724389.1	TTG	L	ATG	M	2017
NC_045512.2	19517	T	G	40868	8776	43	1	0	37	2.44672e-05	40871	1	FALSE	ORF1ab:cds-YP_009724389.1	TTG	L	TGG	W	2017
NC_045512.2	19517	T	C	40868	8776	43	1	0	25	2.44672e-05	40871	1	FALSE	ORF1ab:cds-YP_009724389.1	TTG	L	TCG	S	2017
NC_045512.2	19517	T	A	40868	8776	43	1	0	37	2.44672e-05	40871	1	FALSE	ORF1ab:cds-YP_009724389.1	TTG	L	TAG	*	2017
NC_045512.2	19518	G	T	41087	8766	43	6	4	43	0.000145957	41108	0.376736	FALSE	ORF1ab:cds-YP_009724389.1	TTG	L	TTT	F	2017
NC_045512.2	19518	G	C	41087	8766	43	1	0	37	2.43262e-05	41108	1	FALSE	ORF1ab:cds-YP_009724389.1	TTG	L	TTC	F	2017
NC_045512.2	19518	G	A	41087	8766	43	14	3	39	0.000340566	41108	0.999943	FALSE	ORF1ab:cds-YP_009724389.1	TTG	L	TTA	L	2017
NC_045512.2	19519	T	C	41149	8778	43	8	2	52	0.000194378	41157	0.0039053	TRUE	ORF1ab:cds-YP_009724389.1	TAT	Y	CAT	H	2018
NC_045512.2	19520	A	G	41069	8955	43	7	2	45	0.000170416	41076	0.274414	FALSE	ORF1ab:cds-YP_009724389.1	TAT	Y	TGT	C	2018
NC_045512.2	19521	T	G	41614	8995	43	1	0	25	2.40286e-05	41617	1	FALSE	ORF1ab:cds-YP_009724389.1	TAT	Y	TAG	*	2018
NC_045512.2	19521	T	A	41614	8995	43	2	1	31	4.80573e-05	41617	1	FALSE	ORF1ab:cds-YP_009724389.1	TAT	Y	TAA	*	2018
NC_045512.2	19522	C	A	41903	9676	44	1	1	74	2.38641e-05	41904	0.500006	FALSE	ORF1ab:cds-YP_009724389.1	CTC	L	ATC	I	2019
NC_045512.2	19522	C	-T	41903	9676	44	1	0	20	2.38641e-05	41904	1	FALSE	NA	NA	NA	NA	NA	NA
NC_045512.2	19523	T	G	42203	10384	44	1	0	25	2.36928e-05	42207	1	FALSE	ORF1ab:cds-YP_009724389.1	CTC	L	CGC	R	2019
NC_045512.2	19523	T	C	42203	10384	44	1	0	74	2.36928e-05	42207	0.499982	FALSE	ORF1ab:cds-YP_009724389.1	CTC	L	CCC	P	2019
NC_045512.2	19523	T	A	42203	10384	44	2	0	37	4.73855e-05	42207	1	FALSE	ORF1ab:cds-YP_009724389.1	CTC	L	CAC	H	2019
NC_045512.2	19524	C	T	42196	10310	44	2	0	74	4.73956e-05	42198	0.250003	FALSE	ORF1ab:cds-YP_009724389.1	CTC	L	CTT	L	2019
NC_045512.2	19525	G	C	41993	10358	44	1	1	74	2.38005e-05	42016	0.499875	FALSE	ORF1ab:cds-YP_009724389.1	GAT	D	CAT	H	2020
NC_045512.2	19525	G	A	41993	10358	44	22	7	43	0.00052361	42016	0.000266265	TRUE	ORF1ab:cds-YP_009724389.1	GAT	D	AAT	N	2020
NC_045512.2	19526	A	T	42207	10364	44	2	0	31	4.73754e-05	42216	1	FALSE	ORF1ab:cds-YP_009724389.1	GAT	D	GTT	V	2020
NC_045512.2	19526	A	G	42207	10364	44	7	3	40	0.000165814	42216	0.274387	FALSE	ORF1ab:cds-YP_009724389.1	GAT	D	GGT	G	2020
NC_045512.2	19527	T	C	42224	10400	44	3	2	49	7.10446e-05	42227	0.773457	FALSE	ORF1ab:cds-YP_009724389.1	GAT	D	GAC	D	2020
NC_045512.2	19528	G	C	43699	10351	43	1	0	62	2.2877e-05	43712	0.499937	FALSE	ORF1ab:cds-YP_009724389.1	GCT	A	CCT	P	2021
NC_045512.2	19528	G	A	43699	10351	43	12	5	48	0.000274524	43712	0.038393	FALSE	ORF1ab:cds-YP_009724389.1	GCT	A	ACT	T	2021
NC_045512.2	19529	C	T	43938	10366	43	17	7	42	0.00038675	43956	0.00359538	TRUE	ORF1ab:cds-YP_009724389.1	GCT	A	GTT	V	2021
NC_045512.2	19529	C	A	43938	10366	43	1	0	25	2.275e-05	43956	1	FALSE	ORF1ab:cds-YP_009724389.1	GCT	A	GAT	D	2021
NC_045512.2	19529	C	-T	43938	10366	43	1	0	20	2.275e-05	43956	1	FALSE	NA	NA	NA	NA	NA	NA
NC_045512.2	19530	T	G	43606	10796	44	1	0	25	2.29247e-05	43621	1	FALSE	ORF1ab:cds-YP_009724389.1	GCT	A	GCG	A	2021
NC_045512.2	19530	T	C	43606	10796	44	10	1	46	0.000229247	43621	0.0897302	FALSE	ORF1ab:cds-YP_009724389.1	GCT	A	GCC	A	2021
NC_045512.2	19530	T	A	43606	10796	44	4	1	43	9.1699e-05	43621	0.636587	FALSE	ORF1ab:cds-YP_009724389.1	GCT	A	GCA	A	2021
NC_045512.2	19531	T	C	43920	10824	44	5	1	51	0.000113828	43926	0.0312464	FALSE	ORF1ab:cds-YP_009724389.1	TAT	Y	CAT	H	2022
NC_045512.2	19531	T	A	43920	10824	44	1	0	37	2.27656e-05	43926	1	FALSE	ORF1ab:cds-YP_009724389.1	TAT	Y	AAT	N	2022
NC_045512.2	19532	A	T	44319	10800	44	3	2	37	6.76804e-05	44326	1	FALSE	ORF1ab:cds-YP_009724389.1	TAT	Y	TTT	F	2022
NC_045512.2	19532	A	G	44319	10800	44	2	0	31	4.51202e-05	44326	1	FALSE	ORF1ab:cds-YP_009724389.1	TAT	Y	TGT	C	2022
NC_045512.2	19532	A	C	44319	10800	44	2	0	25	4.51202e-05	44326	1	FALSE	ORF1ab:cds-YP_009724389.1	TAT	Y	TCT	S	2022
NC_045512.2	19533	T	C	44421	10810	44	2	1	37	4.50217e-05	44423	1	FALSE	ORF1ab:cds-YP_009724389.1	TAT	Y	TAC	Y	2022
NC_045512.2	19533	T	-A	44421	10810	44	1	0	20	2.25109e-05	44423	1	FALSE	NA	NA	NA	NA	NA	NA
NC_045512.2	19534	A	G	44083	10957	44	3	0	29	6.80488e-05	44086	1	FALSE	ORF1ab:cds-YP_009724389.1	AAC	N	GAC	D	2023
NC_045512.2	19535	A	T	44054	10911	44	2	0	55	4.53947e-05	44058	0.249991	FALSE	ORF1ab:cds-YP_009724389.1	AAC	N	ATC	I	2023
NC_045512.2	19535	A	G	44054	10911	44	2	0	29	4.53947e-05	44058	1	FALSE	ORF1ab:cds-YP_009724389.1	AAC	N	AGC	S	2023
NC_045512.2	19536	C	T	44175	10917	44	7	1	35	0.000158436	44182	1	FALSE	ORF1ab:cds-YP_009724389.1	AAC	N	AAT	N	2023
NC_045512.2	19537	A	G	43770	10432	44	3	2	33	6.83885e-05	43867	1	FALSE	ORF1ab:cds-YP_009724389.1	ATG	M	GTG	V	2024
NC_045512.2	19537	A	C	43770	10432	44	94	0	36	0.00214284	43867	7.71383e-06	TRUE	ORF1ab:cds-YP_009724389.1	ATG	M	CTG	L	2024
NC_045512.2	19538	T	C	43113	10628	44	21	0	38	0.000486832	43136	0.998161	FALSE	ORF1ab:cds-YP_009724389.1	ATG	M	ACG	T	2024
NC_045512.2	19538	T	A	43113	10628	44	2	0	31	4.6365e-05	43136	1	FALSE	ORF1ab:cds-YP_009724389.1	ATG	M	AAG	K	2024
NC_045512.2	19539	G	C	40999	11459	43	1	0	37	2.43902e-05	41000	1	FALSE	ORF1ab:cds-YP_009724389.1	ATG	M	ATC	I	2024
NC_045512.2	19540	A	T	40994	11448	43	2	0	37	4.87734e-05	41006	1	FALSE	ORF1ab:cds-YP_009724389.1	ATG	M	TTG	L	2025
NC_045512.2	19540	A	G	40994	11448	43	8	4	38	0.000195093	41006	1	FALSE	ORF1ab:cds-YP_009724389.1	ATG	M	GTG	V	2025
NC_045512.2	19540	A	C	40994	11448	43	2	0	55	4.87734e-05	41006	0.249942	FALSE	ORF1ab:cds-YP_009724389.1	ATG	M	CTG	L	2025
NC_045512.2	19541	T	G	40585	11647	43	1	0	37	2.4636e-05	40591	1	FALSE	ORF1ab:cds-YP_009724389.1	ATG	M	AGG	R	2025
NC_045512.2	19541	T	C	40585	11647	43	5	1	39	0.00012318	40591	1	FALSE	ORF1ab:cds-YP_009724389.1	ATG	M	ACG	T	2025
NC_045512.2	19541	T	-G	40585	11647	43	1	0	20	2.4636e-05	40591	1	FALSE	NA	NA	NA	NA	NA	NA
NC_045512.2	19542	G	T	41071	11605	43	1	0	25	2.43445e-05	41077	1	FALSE	ORF1ab:cds-YP_009724389.1	ATG	M	ATT	I	2025
NC_045512.2	19542	G	A	41071	11605	43	5	2	37	0.000121723	41077	1	FALSE	ORF1ab:cds-YP_009724389.1	ATG	M	ATA	I	2025
NC_045512.2	19543	A	T	40992	11639	42	2	0	29	4.87769e-05	41003	1	FALSE	ORF1ab:cds-YP_009724389.1	ATC	I	TTC	F	2026
NC_045512.2	19543	A	G	40992	11639	42	9	2	36	0.000219496	41003	0.999999	FALSE	ORF1ab:cds-YP_009724389.1	ATC	I	GTC	V	2026
NC_045512.2	19544	T	C	41461	11906	43	2	0	37	4.82358e-05	41463	1	FALSE	ORF1ab:cds-YP_009724389.1	ATC	I	ACC	T	2026
NC_045512.2	19545	C	T	41533	12207	43	1	0	37	2.40767e-05	41534	1	FALSE	ORF1ab:cds-YP_009724389.1	ATC	I	ATT	I	2026
NC_045512.2	19546	T	G	40632	12622	43	1	1	37	2.46021e-05	40647	1	FALSE	ORF1ab:cds-YP_009724389.1	TCA	S	GCA	A	2027
NC_045512.2	19546	T	C	40632	12622	43	8	2	41	0.000196816	40647	0.193758	FALSE	ORF1ab:cds-YP_009724389.1	TCA	S	CCA	P	2027
NC_045512.2	19546	T	A	40632	12622	43	6	0	34	0.000147612	40647	1	FALSE	ORF1ab:cds-YP_009724389.1	TCA	S	ACA	T	2027
NC_045512.2	19547	C	T	41013	12628	43	6	0	37	0.000146267	41021	1	FALSE	ORF1ab:cds-YP_009724389.1	TCA	S	TTA	L	2027
NC_045512.2	19547	C	G	41013	12628	43	1	0	37	2.43778e-05	41021	1	FALSE	ORF1ab:cds-YP_009724389.1	TCA	S	TGA	*	2027
NC_045512.2	19547	C	A	41013	12628	43	1	0	37	2.43778e-05	41021	1	FALSE	ORF1ab:cds-YP_009724389.1	TCA	S	TAA	*	2027
NC_045512.2	19548	A	T	41010	12640	43	1	1	25	2.43789e-05	41019	1	FALSE	ORF1ab:cds-YP_009724389.1	TCA	S	TCT	S	2027
NC_045512.2	19548	A	G	41010	12640	43	7	4	35	0.000170653	41019	1	FALSE	ORF1ab:cds-YP_009724389.1	TCA	S	TCG	S	2027
NC_045512.2	19548	A	C	41010	12640	43	1	0	37	2.43789e-05	41019	1	FALSE	ORF1ab:cds-YP_009724389.1	TCA	S	TCC	S	2027
NC_045512.2	19549	G	T	40784	12633	43	1	0	37	2.44954e-05	40824	1	FALSE	ORF1ab:cds-YP_009724389.1	GCT	A	TCT	S	2028
NC_045512.2	19549	G	A	40784	12633	43	39	15	49	0.00095532	40824	1.54272e-08	TRUE	ORF1ab:cds-YP_009724389.1	GCT	A	ACT	T	2028
NC_045512.2	19550	C	T	40737	12624	43	27	8	41	0.000662317	40766	1.69185e-05	TRUE	ORF1ab:cds-YP_009724389.1	GCT	A	GTT	V	2028
NC_045512.2	19550	C	A	40737	12624	43	2	1	55	4.90605e-05	40766	0.249837	FALSE	ORF1ab:cds-YP_009724389.1	GCT	A	GAT	D	2028
NC_045512.2	19551	T	G	40542	12501	43	1	0	74	2.46633e-05	40546	0.499988	FALSE	ORF1ab:cds-YP_009724389.1	GCT	A	GCG	A	2028
NC_045512.2	19551	T	C	40542	12501	43	3	2	36	7.399e-05	40546	1	FALSE	ORF1ab:cds-YP_009724389.1	GCT	A	GCC	A	2028
NC_045512.2	19552	G	T	41857	12453	42	3	2	61	7.16555e-05	41867	0.124969	FALSE	ORF1ab:cds-YP_009724389.1	GGC	G	TGC	C	2029
NC_045512.2	19552	G	C	41857	12453	42	1	1	48	2.38852e-05	41867	0.968739	FALSE	ORF1ab:cds-YP_009724389.1	GGC	G	CGC	R	2029
NC_045512.2	19552	G	A	41857	12453	42	6	2	37	0.000143311	41867	1	FALSE	ORF1ab:cds-YP_009724389.1	GGC	G	AGC	S	2029
NC_045512.2	19553	G	T	43422	13290	43	4	1	34	9.20577e-05	43451	1	FALSE	ORF1ab:cds-YP_009724389.1	GGC	G	GTC	V	2029
NC_045512.2	19553	G	A	43422	13290	43	25	12	38	0.000575361	43451	0.989753	FALSE	ORF1ab:cds-YP_009724389.1	GGC	G	GAC	D	2029
NC_045512.2	19553	G	-C	43422	13290	43	1	0	20	2.30144e-05	43451	1	FALSE	NA	NA	NA	NA	NA	NA
NC_045512.2	19554	C	T	43421	13278	43	6	2	34	0.000138157	43429	1	FALSE	ORF1ab:cds-YP_009724389.1	GGC	G	GGT	G	2029
NC_045512.2	19554	C	A	43421	13278	43	2	0	31	4.60522e-05	43429	1	FALSE	ORF1ab:cds-YP_009724389.1	GGC	G	GGA	G	2029
NC_045512.2	19554	C	-T	43421	13278	43	2	0	20	4.60511e-05	43430	1	FALSE	NA	NA	NA	NA	NA	NA
NC_045512.2	19555	T	C	42745	13485	42	6	3	43	0.000140338	42754	0.376888	FALSE	ORF1ab:cds-YP_009724389.1	TTT	F	CTT	L	2030
NC_045512.2	19555	T	A	42745	13485	42	3	0	49	7.01689e-05	42754	0.77338	FALSE	ORF1ab:cds-YP_009724389.1	TTT	F	ATT	I	2030
NC_045512.2	19556	T	G	40341	14104	41	1	0	25	2.47555e-05	40395	1	FALSE	ORF1ab:cds-YP_009724389.1	TTT	F	TGT	C	2030
NC_045512.2	19556	T	C	40341	14104	41	49	3	36	0.00121302	40395	0.198024	FALSE	ORF1ab:cds-YP_009724389.1	TTT	F	TCT	S	2030
NC_045512.2	19556	T	A	40341	14104	41	4	0	49	9.90222e-05	40395	0.636062	FALSE	ORF1ab:cds-YP_009724389.1	TTT	F	TAT	Y	2030
NC_045512.2	19557	T	G	40905	14187	42	1	0	29	2.44433e-05	40911	1	FALSE	ORF1ab:cds-YP_009724389.1	TTT	F	TTG	L	2030
NC_045512.2	19557	T	C	40905	14187	42	5	1	37	0.000122217	40911	1	FALSE	ORF1ab:cds-YP_009724389.1	TTT	F	TTC	F	2030
NC_045512.2	19558	A	T	36564	16017	40	1	1	25	2.73433e-05	36572	1	FALSE	ORF1ab:cds-YP_009724389.1	AGC	S	TGC	C	2031
NC_045512.2	19558	A	G	36564	16017	40	7	4	37	0.000191403	36572	0.999999	FALSE	ORF1ab:cds-YP_009724389.1	AGC	S	GGC	G	2031
NC_045512.2	19559	G	C	37222	16068	40	1	0	37	2.68629e-05	37226	1	FALSE	ORF1ab:cds-YP_009724389.1	AGC	S	ACC	T	2031
NC_045512.2	19559	G	A	37222	16068	40	3	1	37	8.05888e-05	37226	1	FALSE	ORF1ab:cds-YP_009724389.1	AGC	S	AAC	N	2031
NC_045512.2	19560	C	T	37149	16028	39	10	4	37	0.000269085	37163	0.999988	FALSE	ORF1ab:cds-YP_009724389.1	AGC	S	AGT	S	2031
NC_045512.2	19560	C	A	37149	16028	39	4	1	34	0.000107634	37163	1	FALSE	ORF1ab:cds-YP_009724389.1	AGC	S	AGA	R	2031
NC_045512.2	19561	T	G	36315	15598	39	1	0	25	2.75202e-05	36337	1	FALSE	ORF1ab:cds-YP_009724389.1	TTG	L	GTG	V	2032
NC_045512.2	19561	T	C	36315	15598	39	18	6	37	0.000495363	36337	0.995472	FALSE	ORF1ab:cds-YP_009724389.1	TTG	L	CTG	L	2032
NC_045512.2	19561	T	A	36315	15598	39	3	2	37	8.25605e-05	36337	1	FALSE	ORF1ab:cds-YP_009724389.1	TTG	L	ATG	M	2032
NC_045512.2	19562	T	C	35764	15026	40	13	9	38	0.00036325	35788	0.999642	FALSE	ORF1ab:cds-YP_009724389.1	TTG	L	TCG	S	2032
NC_045512.2	19562	T	A	35764	15026	40	11	5	41	0.000307366	35788	0.0286336	FALSE	ORF1ab:cds-YP_009724389.1	TTG	L	TAG	*	2032
NC_045512.2	19563	G	T	36167	15063	40	10	4	37	0.00027635	36186	0.99998	FALSE	ORF1ab:cds-YP_009724389.1	TTG	L	TTT	F	2032
NC_045512.2	19563	G	C	36167	15063	40	1	0	37	2.7635e-05	36186	1	FALSE	ORF1ab:cds-YP_009724389.1	TTG	L	TTC	F	2032
NC_045512.2	19563	G	A	36167	15063	40	8	1	41	0.00022108	36186	0.113174	FALSE	ORF1ab:cds-YP_009724389.1	TTG	L	TTA	L	2032
NC_045512.2	19564	T	C	35930	15295	40	6	4	49	0.000166959	35937	0.253893	FALSE	ORF1ab:cds-YP_009724389.1	TGG	W	CGG	R	2033
NC_045512.2	19564	T	A	35930	15295	40	1	0	37	2.78265e-05	35937	1	FALSE	ORF1ab:cds-YP_009724389.1	TGG	W	AGG	R	2033
NC_045512.2	19565	G	T	36379	15404	40	1	0	37	2.74861e-05	36382	1	FALSE	ORF1ab:cds-YP_009724389.1	TGG	W	TTG	L	2033
NC_045512.2	19565	G	A	36379	15404	40	2	1	37	5.49722e-05	36382	1	FALSE	ORF1ab:cds-YP_009724389.1	TGG	W	TAG	*	2033
NC_045512.2	19566	G	T	36298	15373	40	3	0	37	8.26401e-05	36302	1	FALSE	ORF1ab:cds-YP_009724389.1	TGG	W	TGT	C	2033
NC_045512.2	19566	G	A	36298	15373	40	1	1	37	2.75467e-05	36302	1	FALSE	ORF1ab:cds-YP_009724389.1	TGG	W	TGA	*	2033
NC_045512.2	19567	G	T	36418	15433	40	2	1	55	5.49073e-05	36425	0.249969	FALSE	ORF1ab:cds-YP_009724389.1	GTT	V	TTT	F	2034
NC_045512.2	19567	G	C	36418	15433	40	2	0	37	5.49073e-05	36425	1	FALSE	ORF1ab:cds-YP_009724389.1	GTT	V	CTT	L	2034
NC_045512.2	19567	G	A	36418	15433	40	3	2	37	8.2361e-05	36425	1	FALSE	ORF1ab:cds-YP_009724389.1	GTT	V	ATT	I	2034
NC_045512.2	19568	T	C	35781	15024	40	5	1	34	0.000139719	35786	1	FALSE	ORF1ab:cds-YP_009724389.1	GTT	V	GCT	A	2034
NC_045512.2	19569	T	C	35807	15095	40	6	2	43	0.000167532	35814	0.253893	FALSE	ORF1ab:cds-YP_009724389.1	GTT	V	GTC	V	2034
NC_045512.2	19569	T	A	35807	15095	40	1	0	37	2.7922e-05	35814	1	FALSE	ORF1ab:cds-YP_009724389.1	GTT	V	GTA	V	2034
NC_045512.2	19570	T	C	36663	16198	41	3	1	49	8.18174e-05	36667	0.656256	FALSE	ORF1ab:cds-YP_009724389.1	TAC	Y	CAC	H	2035
NC_045512.2	19570	T	A	36663	16198	41	1	0	37	2.72725e-05	36667	1	FALSE	ORF1ab:cds-YP_009724389.1	TAC	Y	AAC	N	2035
NC_045512.2	19571	A	T	36322	16116	40	3	1	37	8.25832e-05	36327	1	FALSE	ORF1ab:cds-YP_009724389.1	TAC	Y	TTC	F	2035
NC_045512.2	19571	A	G	36322	16116	40	2	0	37	5.50555e-05	36327	1	FALSE	ORF1ab:cds-YP_009724389.1	TAC	Y	TGC	C	2035
NC_045512.2	19572	C	T	36555	16488	41	4	3	37	0.0001094	36563	1	FALSE	ORF1ab:cds-YP_009724389.1	TAC	Y	TAT	Y	2035
NC_045512.2	19572	C	G	36555	16488	41	1	1	25	2.73501e-05	36563	1	FALSE	ORF1ab:cds-YP_009724389.1	TAC	Y	TAG	*	2035
NC_045512.2	19572	C	A	36555	16488	41	3	2	31	8.20502e-05	36563	1	FALSE	ORF1ab:cds-YP_009724389.1	TAC	Y	TAA	*	2035
NC_045512.2	19572	C	-A	36555	16488	41	1	0	20	2.73501e-05	36563	1	FALSE	NA	NA	NA	NA	NA	NA
NC_045512.2	19573	A	T	36557	16643	40	1	1	25	2.73538e-05	36558	1	FALSE	ORF1ab:cds-YP_009724389.1	AAA	K	TAA	*	2036
NC_045512.2	19574	A	G	36412	16568	40	2	1	49	5.49209e-05	36416	0.8125	FALSE	ORF1ab:cds-YP_009724389.1	AAA	K	AGA	R	2036
NC_045512.2	19574	A	C	36412	16568	40	2	2	31	5.49209e-05	36416	1	FALSE	ORF1ab:cds-YP_009724389.1	AAA	K	ACA	T	2036
NC_045512.2	19575	A	T	35986	16831	40	1	0	25	2.7784e-05	35992	1	FALSE	ORF1ab:cds-YP_009724389.1	AAA	K	AAT	N	2036
NC_045512.2	19575	A	G	35986	16831	40	5	3	42	0.00013892	35992	0.363274	FALSE	ORF1ab:cds-YP_009724389.1	AAA	K	AAG	K	2036
NC_045512.2	19576	C	A	36957	16863	41	3	1	37	8.11688e-05	36960	1	FALSE	ORF1ab:cds-YP_009724389.1	CAA	Q	AAA	K	2037
NC_045512.2	19577	A	T	37317	17730	41	3	2	25	8.03557e-05	37334	1	FALSE	ORF1ab:cds-YP_009724389.1	CAA	Q	CTA	L	2037
NC_045512.2	19577	A	G	37317	17730	41	14	13	36	0.000374993	37334	0.999691	FALSE	ORF1ab:cds-YP_009724389.1	CAA	Q	CGA	R	2037
NC_045512.2	19578	A	-T	38164	17808	40	1	0	20	2.62027e-05	38164	1	FALSE	NA	NA	NA	NA	NA	NA
NC_045512.2	19578	A	+T	38164	17808	40	1	0	20	2.62027e-05	38164	1	FALSE	NA	NA	NA	NA	NA	NA
NC_045512.2	19579	T	C	38070	18133	40	1	0	37	2.62653e-05	38073	1	FALSE	ORF1ab:cds-YP_009724389.1	TTT	F	CTT	L	2038
NC_045512.2	19579	T	A	38070	18133	40	2	2	31	5.25307e-05	38073	1	FALSE	ORF1ab:cds-YP_009724389.1	TTT	F	ATT	I	2038
NC_045512.2	19580	T	G	38961	19025	41	2	0	25	5.13255e-05	38967	1	FALSE	ORF1ab:cds-YP_009724389.1	TTT	F	TGT	C	2038
NC_045512.2	19580	T	C	38961	19025	41	2	1	37	5.13255e-05	38967	1	FALSE	ORF1ab:cds-YP_009724389.1	TTT	F	TCT	S	2038
NC_045512.2	19580	T	A	38961	19025	41	2	1	37	5.13255e-05	38967	1	FALSE	ORF1ab:cds-YP_009724389.1	TTT	F	TAT	Y	2038
NC_045512.2	19581	T	G	39062	19046	41	1	0	37	2.55938e-05	39072	1	FALSE	ORF1ab:cds-YP_009724389.1	TTT	F	TTG	L	2038
NC_045512.2	19581	T	C	39062	19046	41	7	4	51	0.000179156	39072	0.007809	TRUE	ORF1ab:cds-YP_009724389.1	TTT	F	TTC	F	2038
NC_045512.2	19581	T	A	39062	19046	41	2	0	27	5.11876e-05	39072	1	FALSE	ORF1ab:cds-YP_009724389.1	TTT	F	TTA	L	2038
NC_045512.2	19582	G	T	39051	19396	41	5	3	37	0.000128005	39061	1	FALSE	ORF1ab:cds-YP_009724389.1	GAT	D	TAT	Y	2039
NC_045512.2	19582	G	A	39051	19396	41	5	3	34	0.000128005	39061	1	FALSE	ORF1ab:cds-YP_009724389.1	GAT	D	AAT	N	2039
NC_045512.2	19583	A	T	39035	19387	41	1	0	37	2.56141e-05	39041	1	FALSE	ORF1ab:cds-YP_009724389.1	GAT	D	GTT	V	2039
NC_045512.2	19583	A	G	39035	19387	41	5	2	34	0.00012807	39041	1	FALSE	ORF1ab:cds-YP_009724389.1	GAT	D	GGT	G	2039
NC_045512.2	19584	T	G	39008	19392	41	1	0	22	2.56338e-05	39011	1	FALSE	ORF1ab:cds-YP_009724389.1	GAT	D	GAG	E	2039
NC_045512.2	19584	T	C	39008	19392	41	2	2	37	5.12676e-05	39011	1	FALSE	ORF1ab:cds-YP_009724389.1	GAT	D	GAC	D	2039
NC_045512.2	19585	A	G	39284	19787	41	30	26	37	0.000763068	39315	0.885902	FALSE	ORF1ab:cds-YP_009724389.1	ACT	T	GCT	A	2040
NC_045512.2	19585	A	C	39284	19787	41	1	0	37	2.54356e-05	39315	1	FALSE	ORF1ab:cds-YP_009724389.1	ACT	T	CCT	P	2040
NC_045512.2	19586	C	T	43364	20019	41	10	3	44	0.000230548	43375	0.0897651	FALSE	ORF1ab:cds-YP_009724389.1	ACT	T	ATT	I	2040
NC_045512.2	19586	C	A	43364	20019	41	1	1	37	2.30548e-05	43375	1	FALSE	ORF1ab:cds-YP_009724389.1	ACT	T	AAT	N	2040
NC_045512.2	19586	C	-T	43364	20019	41	1	0	20	2.30548e-05	43375	1	FALSE	NA	NA	NA	NA	NA	NA
NC_045512.2	19587	T	G	42358	19820	41	2	2	37	4.71832e-05	42388	1	FALSE	ORF1ab:cds-YP_009724389.1	ACT	T	ACG	T	2040
NC_045512.2	19587	T	C	42358	19820	41	26	3	37	0.000613381	42388	0.98079	FALSE	ORF1ab:cds-YP_009724389.1	ACT	T	ACC	T	2040
NC_045512.2	19587	T	A	42358	19820	41	2	1	37	4.71832e-05	42388	1	FALSE	ORF1ab:cds-YP_009724389.1	ACT	T	ACA	T	2040
NC_045512.2	19587	T	-TA	42358	19820	41	1	0	20	2.3591e-05	42389	1	FALSE	NA	NA	NA	NA	NA	NA
NC_045512.2	19588	T	G	42340	19996	41	1	0	37	2.36155e-05	42345	1	FALSE	ORF1ab:cds-YP_009724389.1	TAT	Y	GAT	D	2041
NC_045512.2	19588	T	C	42340	19996	41	4	3	52	9.44622e-05	42345	0.0624926	FALSE	ORF1ab:cds-YP_009724389.1	TAT	Y	CAT	H	2041
NC_045512.2	19589	A	G	41747	20087	41	3	2	49	7.18563e-05	41750	0.773447	FALSE	ORF1ab:cds-YP_009724389.1	TAT	Y	TGT	C	2041
NC_045512.2	19589	A	+T	41747	20087	41	1	0	20	2.39515e-05	41751	1	FALSE	NA	NA	NA	NA	NA	NA
NC_045512.2	19590	T	C	41388	20216	39	6	1	37	0.000144942	41396	1	FALSE	ORF1ab:cds-YP_009724389.1	TAT	Y	TAC	Y	2041
NC_045512.2	19590	T	A	41388	20216	39	2	0	37	4.83138e-05	41396	1	FALSE	ORF1ab:cds-YP_009724389.1	TAT	Y	TAA	*	2041
NC_045512.2	19590	T	-A	41388	20216	39	1	0	20	2.41569e-05	41396	1	FALSE	NA	NA	NA	NA	NA	NA
NC_045512.2	19591	A	T	41551	20508	40	1	1	74	2.40616e-05	41560	0.499952	FALSE	ORF1ab:cds-YP_009724389.1	AAC	N	TAC	Y	2042
NC_045512.2	19591	A	G	41551	20508	40	7	3	42	0.000168431	41560	0.274373	FALSE	ORF1ab:cds-YP_009724389.1	AAC	N	GAC	D	2042
NC_045512.2	19591	A	C	41551	20508	40	1	1	25	2.40616e-05	41560	1	FALSE	ORF1ab:cds-YP_009724389.1	AAC	N	CAC	H	2042
NC_045512.2	19592	A	T	41596	20765	41	1	1	37	2.40321e-05	41611	1	FALSE	ORF1ab:cds-YP_009724389.1	AAC	N	ATC	I	2042
NC_045512.2	19592	A	G	41596	20765	41	13	9	35	0.000312417	41611	0.999974	FALSE	ORF1ab:cds-YP_009724389.1	AAC	N	AGC	S	2042
NC_045512.2	19592	A	C	41596	20765	41	1	1	25	2.40321e-05	41611	1	FALSE	ORF1ab:cds-YP_009724389.1	AAC	N	ACC	T	2042
NC_045512.2	19592	A	-C	41596	20765	41	2	0	20	4.80642e-05	41611	1	FALSE	NA	NA	NA	NA	NA	NA
NC_045512.2	19593	C	T	43017	21863	41	4	2	37	9.29649e-05	43027	1	FALSE	ORF1ab:cds-YP_009724389.1	AAC	N	AAT	N	2042
NC_045512.2	19593	C	G	43017	21863	41	3	3	37	6.97237e-05	43027	1	FALSE	ORF1ab:cds-YP_009724389.1	AAC	N	AAG	K	2042
NC_045512.2	19593	C	A	43017	21863	41	3	3	29	6.97237e-05	43027	1	FALSE	ORF1ab:cds-YP_009724389.1	AAC	N	AAA	K	2042
NC_045512.2	19594	C	T	43139	21759	41	4	4	37	9.2702e-05	43149	1	FALSE	ORF1ab:cds-YP_009724389.1	CTC	L	TTC	F	2043
NC_045512.2	19594	C	A	43139	21759	41	6	4	33	0.000139053	43149	1	FALSE	ORF1ab:cds-YP_009724389.1	CTC	L	ATC	I	2043
NC_045512.2	19594	C	-T	43139	21759	41	3	0	20	6.95265e-05	43149	1	FALSE	NA	NA	NA	NA	NA	NA
NC_045512.2	19595	T	G	39132	17821	41	1	1	37	2.5533e-05	39165	1	FALSE	ORF1ab:cds-YP_009724389.1	CTC	L	CGC	R	2043
NC_045512.2	19595	T	C	39132	17821	41	30	1	39	0.00076599	39165	0.885759	FALSE	ORF1ab:cds-YP_009724389.1	CTC	L	CCC	P	2043
NC_045512.2	19595	T	A	39132	17821	41	2	0	55	5.1066e-05	39165	0.249773	FALSE	ORF1ab:cds-YP_009724389.1	CTC	L	CAC	H	2043
NC_045512.2	19596	C	A	39069	17926	41	1	1	74	2.55951e-05	39070	0.500006	FALSE	ORF1ab:cds-YP_009724389.1	CTC	L	CTA	L	2043
NC_045512.2	19597	T	C	39001	17894	41	10	5	41	0.000256331	39012	0.0461292	FALSE	ORF1ab:cds-YP_009724389.1	TGG	W	CGG	R	2044
NC_045512.2	19597	T	A	39001	17894	41	1	0	74	2.56331e-05	39012	0.499942	FALSE	ORF1ab:cds-YP_009724389.1	TGG	W	AGG	R	2044
NC_045512.2	19597	T	-G	39001	17894	41	1	0	20	2.56331e-05	39012	1	FALSE	NA	NA	NA	NA	NA	NA
NC_045512.2	19598	G	T	39262	18324	41	3	3	37	7.63981e-05	39268	1	FALSE	ORF1ab:cds-YP_009724389.1	TGG	W	TTG	L	2044
NC_045512.2	19598	G	C	39262	18324	41	1	0	37	2.5466e-05	39268	1	FALSE	ORF1ab:cds-YP_009724389.1	TGG	W	TCG	S	2044
NC_045512.2	19598	G	A	39262	18324	41	2	1	37	5.09321e-05	39268	1	FALSE	ORF1ab:cds-YP_009724389.1	TGG	W	TAG	*	2044
NC_045512.2	19599	G	T	39146	18428	41	1	1	74	2.55421e-05	39151	0.499981	FALSE	ORF1ab:cds-YP_009724389.1	TGG	W	TGT	C	2044
NC_045512.2	19599	G	C	39146	18428	41	1	1	25	2.55421e-05	39151	1	FALSE	ORF1ab:cds-YP_009724389.1	TGG	W	TGC	C	2044
NC_045512.2	19599	G	A	39146	18428	41	3	1	32	7.66264e-05	39151	1	FALSE	ORF1ab:cds-YP_009724389.1	TGG	W	TGA	*	2044
NC_045512.2	19600	A	G	38332	18991	41	8	4	44	0.000208659	38340	0.113273	FALSE	ORF1ab:cds-YP_009724389.1	AAC	N	GAC	D	2045
NC_045512.2	19601	A	T	37911	18915	40	1	1	37	2.63734e-05	37917	1	FALSE	ORF1ab:cds-YP_009724389.1	AAC	N	ATC	I	2045
NC_045512.2	19601	A	G	37911	18915	40	4	2	34	0.000105494	37917	1	FALSE	ORF1ab:cds-YP_009724389.1	AAC	N	AGC	S	2045
NC_045512.2	19601	A	C	37911	18915	40	1	0	25	2.63734e-05	37917	1	FALSE	ORF1ab:cds-YP_009724389.1	AAC	N	ACC	T	2045
NC_045512.2	19601	A	-C	37911	18915	40	1	0	20	2.63734e-05	37917	1	FALSE	NA	NA	NA	NA	NA	NA
NC_045512.2	19602	C	T	37694	18378	41	4	3	43	0.000106101	37700	0.499985	FALSE	ORF1ab:cds-YP_009724389.1	AAC	N	AAT	N	2045
NC_045512.2	19602	C	G	37694	18378	41	1	0	37	2.65252e-05	37700	1	FALSE	ORF1ab:cds-YP_009724389.1	AAC	N	AAG	K	2045
NC_045512.2	19602	C	A	37694	18378	41	1	0	37	2.65252e-05	37700	1	FALSE	ORF1ab:cds-YP_009724389.1	AAC	N	AAA	K	2045
NC_045512.2	19603	A	G	37215	17865	41	2	1	55	5.37346e-05	37220	0.249976	FALSE	ORF1ab:cds-YP_009724389.1	ACT	T	GCT	A	2046
NC_045512.2	19603	A	C	37215	17865	41	3	0	37	8.06018e-05	37220	1	FALSE	ORF1ab:cds-YP_009724389.1	ACT	T	CCT	P	2046
NC_045512.2	19603	A	-C	37215	17865	41	1	0	20	2.68666e-05	37221	1	FALSE	NA	NA	NA	NA	NA	NA
NC_045512.2	19604	C	T	37626	17939	41	6	3	41	0.00015943	37634	0.253867	FALSE	ORF1ab:cds-YP_009724389.1	ACT	T	ATT	I	2046
NC_045512.2	19604	C	A	37626	17939	41	2	2	51	5.31434e-05	37634	0.249957	FALSE	ORF1ab:cds-YP_009724389.1	ACT	T	AAT	N	2046
NC_045512.2	19604	C	-T	37626	17939	41	10	0	20	0.00026571	37635	1	FALSE	NA	NA	NA	NA	NA	NA
NC_045512.2	19605	T	C	35841	17671	40	23	9	39	0.000641276	35866	0.956462	FALSE	ORF1ab:cds-YP_009724389.1	ACT	T	ACC	T	2046
NC_045512.2	19605	T	A	35841	17671	40	2	1	55	5.57631e-05	35866	0.24976	FALSE	ORF1ab:cds-YP_009724389.1	ACT	T	ACA	T	2046
NC_045512.2	19606	T	C	35678	17570	40	3	0	37	8.4076e-05	35682	1	FALSE	ORF1ab:cds-YP_009724389.1	TTT	F	CTT	L	2047
NC_045512.2	19606	T	A	35678	17570	40	1	0	22	2.80253e-05	35682	1	FALSE	ORF1ab:cds-YP_009724389.1	TTT	F	ATT	I	2047
NC_045512.2	19607	T	G	36048	18037	40	1	1	25	2.77354e-05	36055	1	FALSE	ORF1ab:cds-YP_009724389.1	TTT	F	TGT	C	2047
NC_045512.2	19607	T	C	36048	18037	40	5	3	37	0.000138677	36055	1	FALSE	ORF1ab:cds-YP_009724389.1	TTT	F	TCT	S	2047
NC_045512.2	19607	T	A	36048	18037	40	1	1	37	2.77354e-05	36055	1	FALSE	ORF1ab:cds-YP_009724389.1	TTT	F	TAT	Y	2047
NC_045512.2	19608	T	C	36064	18251	40	2	1	37	5.54524e-05	36067	1	FALSE	ORF1ab:cds-YP_009724389.1	TTT	F	TTC	F	2047
NC_045512.2	19608	T	A	36064	18251	40	1	0	25	2.77262e-05	36067	1	FALSE	ORF1ab:cds-YP_009724389.1	TTT	F	TTA	L	2047
NC_045512.2	19609	A	T	37926	20754	41	1	0	74	2.63637e-05	37931	0.499974	FALSE	ORF1ab:cds-YP_009724389.1	ACA	T	TCA	S	2048
NC_045512.2	19609	A	G	37926	20754	41	4	0	43	0.000105455	37931	0.499986	FALSE	ORF1ab:cds-YP_009724389.1	ACA	T	GCA	A	2048
NC_045512.2	19610	C	T	37621	21661	41	7	3	35	0.000186022	37630	1	FALSE	ORF1ab:cds-YP_009724389.1	ACA	T	ATA	I	2048
NC_045512.2	19610	C	A	37621	21661	41	2	1	37	5.31491e-05	37630	1	FALSE	ORF1ab:cds-YP_009724389.1	ACA	T	AAA	K	2048
NC_045512.2	19611	A	T	37303	21436	40	5	3	39	0.00013393	37333	1	FALSE	ORF1ab:cds-YP_009724389.1	ACA	T	ACT	T	2048
NC_045512.2	19611	A	G	37303	21436	40	17	9	47	0.000455361	37333	0.00128359	TRUE	ORF1ab:cds-YP_009724389.1	ACA	T	ACG	T	2048
NC_045512.2	19611	A	C	37303	21436	40	8	8	37	0.000214288	37333	0.999998	FALSE	ORF1ab:cds-YP_009724389.1	ACA	T	ACC	T	2048
NC_045512.2	19612	A	T	37750	21792	40	10	5	55	0.000264746	37772	0.000974431	TRUE	ORF1ab:cds-YP_009724389.1	AGA	R	TGA	*	2049
NC_045512.2	19612	A	G	37750	21792	40	10	9	33	0.000264746	37772	0.999988	FALSE	ORF1ab:cds-YP_009724389.1	AGA	R	GGA	G	2049
NC_045512.2	19612	A	C	37750	21792	40	2	0	37	5.29493e-05	37772	1	FALSE	ORF1ab:cds-YP_009724389.1	AGA	R	CGA	R	2049
NC_045512.2	19613	G	T	37079	21759	40	4	1	40	0.000107857	37086	0.499956	FALSE	ORF1ab:cds-YP_009724389.1	AGA	R	ATA	I	2049
NC_045512.2	19613	G	C	37079	21759	40	2	1	37	5.39287e-05	37086	1	FALSE	ORF1ab:cds-YP_009724389.1	AGA	R	ACA	T	2049
NC_045512.2	19613	G	A	37079	21759	40	1	1	37	2.69644e-05	37086	1	FALSE	ORF1ab:cds-YP_009724389.1	AGA	R	AAA	K	2049
NC_045512.2	19614	A	T	38120	21590	41	1	1	37	2.62233e-05	38134	1	FALSE	ORF1ab:cds-YP_009724389.1	AGA	R	AGT	S	2049
NC_045512.2	19614	A	G	38120	21590	41	5	4	34	0.000131117	38134	1	FALSE	ORF1ab:cds-YP_009724389.1	AGA	R	AGG	R	2049
NC_045512.2	19614	A	C	38120	21590	41	8	0	37	0.000209787	38134	0.999999	FALSE	ORF1ab:cds-YP_009724389.1	AGA	R	AGC	S	2049
NC_045512.2	19615	C	T	37919	21779	40	2	2	37	5.27398e-05	37922	1	FALSE	ORF1ab:cds-YP_009724389.1	CTT	L	TTT	F	2050
NC_045512.2	19615	C	A	37919	21779	40	1	1	37	2.63699e-05	37922	1	FALSE	ORF1ab:cds-YP_009724389.1	CTT	L	ATT	I	2050
NC_045512.2	19616	T	G	37374	21384	40	1	1	50	2.67487e-05	37385	0.49994	FALSE	ORF1ab:cds-YP_009724389.1	CTT	L	CGT	R	2050
NC_045512.2	19616	T	C	37374	21384	40	8	6	37	0.00021399	37385	0.999998	FALSE	ORF1ab:cds-YP_009724389.1	CTT	L	CCT	P	2050
NC_045512.2	19616	T	A	37374	21384	40	2	1	49	5.34974e-05	37385	0.812441	FALSE	ORF1ab:cds-YP_009724389.1	CTT	L	CAT	H	2050
NC_045512.2	19617	T	C	37255	21257	40	6	4	37	0.000161018	37263	1	FALSE	ORF1ab:cds-YP_009724389.1	CTT	L	CTC	L	2050
NC_045512.2	19617	T	A	37255	21257	40	2	1	25	5.36725e-05	37263	1	FALSE	ORF1ab:cds-YP_009724389.1	CTT	L	CTA	L	2050
NC_045512.2	19618	C	T	38423	22584	41	3	2	37	7.80701e-05	38427	1	FALSE	ORF1ab:cds-YP_009724389.1	CAG	Q	TAG	*	2051
NC_045512.2	19618	C	A	38423	22584	41	1	1	37	2.60234e-05	38427	1	FALSE	ORF1ab:cds-YP_009724389.1	CAG	Q	AAG	K	2051
NC_045512.2	19619	A	G	38316	22983	40	14	6	37	0.00036524	38331	0.999796	FALSE	ORF1ab:cds-YP_009724389.1	CAG	Q	CGG	R	2051
NC_045512.2	19619	A	C	38316	22983	40	1	0	25	2.60885e-05	38331	1	FALSE	ORF1ab:cds-YP_009724389.1	CAG	Q	CCG	P	2051
NC_045512.2	19620	G	T	38632	23037	40	4	3	37	0.000103528	38637	1	FALSE	ORF1ab:cds-YP_009724389.1	CAG	Q	CAT	H	2051
NC_045512.2	19620	G	A	38632	23037	40	1	1	37	2.58819e-05	38637	1	FALSE	ORF1ab:cds-YP_009724389.1	CAG	Q	CAA	Q	2051
NC_045512.2	19620	G	-A	38632	23037	40	3	0	20	7.76458e-05	38637	1	FALSE	NA	NA	NA	NA	NA	NA
NC_045512.2	19621	A	T	38271	22869	40	2	2	25	5.22507e-05	38277	1	FALSE	ORF1ab:cds-YP_009724389.1	AGT	S	TGT	C	2052
NC_045512.2	19621	A	G	38271	22869	40	3	1	32	7.8376e-05	38277	1	FALSE	ORF1ab:cds-YP_009724389.1	AGT	S	GGT	G	2052
NC_045512.2	19621	A	C	38271	22869	40	1	0	25	2.61253e-05	38277	1	FALSE	ORF1ab:cds-YP_009724389.1	AGT	S	CGT	R	2052
NC_045512.2	19622	G	T	38578	22817	40	3	2	37	7.77585e-05	38581	1	FALSE	ORF1ab:cds-YP_009724389.1	AGT	S	ATT	I	2052
NC_045512.2	19623	T	C	37160	21774	40	2	1	37	5.3817e-05	37163	1	FALSE	ORF1ab:cds-YP_009724389.1	AGT	S	AGC	S	2052
NC_045512.2	19623	T	A	37160	21774	40	1	0	25	2.69085e-05	37163	1	FALSE	ORF1ab:cds-YP_009724389.1	AGT	S	AGA	R	2052
NC_045512.2	19624	T	C	36563	21292	41	1	0	37	2.73486e-05	36565	1	FALSE	ORF1ab:cds-YP_009724389.1	TTA	L	CTA	L	2053
NC_045512.2	19624	T	A	36563	21292	41	1	1	37	2.73486e-05	36565	1	FALSE	ORF1ab:cds-YP_009724389.1	TTA	L	ATA	I	2053
NC_045512.2	19625	T	C	37019	21586	41	2	1	37	5.40219e-05	37022	1	FALSE	ORF1ab:cds-YP_009724389.1	TTA	L	TCA	S	2053
NC_045512.2	19625	T	A	37019	21586	41	1	1	74	2.7011e-05	37022	0.499993	FALSE	ORF1ab:cds-YP_009724389.1	TTA	L	TAA	*	2053
NC_045512.2	19626	A	G	37156	21702	41	7	7	33	0.000188354	37164	1	FALSE	ORF1ab:cds-YP_009724389.1	TTA	L	TTG	L	2053
NC_045512.2	19626	A	C	37156	21702	41	1	0	37	2.69078e-05	37164	1	FALSE	ORF1ab:cds-YP_009724389.1	TTA	L	TTC	F	2053
NC_045512.2	19627	G	T	36777	21650	41	2	0	25	5.43774e-05	36780	1	FALSE	ORF1ab:cds-YP_009724389.1	GAA	E	TAA	*	2054
NC_045512.2	19627	G	A	36777	21650	41	1	1	25	2.71887e-05	36780	1	FALSE	ORF1ab:cds-YP_009724389.1	GAA	E	AAA	K	2054
NC_045512.2	19627	G	-A	36777	21650	41	2	0	20	5.43774e-05	36780	1	FALSE	NA	NA	NA	NA	NA	NA
NC_045512.2	19628	A	T	37318	21922	41	3	2	33	8.03708e-05	37327	1	FALSE	ORF1ab:cds-YP_009724389.1	GAA	E	GTA	V	2054
NC_045512.2	19628	A	G	37318	21922	41	6	3	38	0.000160742	37327	1	FALSE	ORF1ab:cds-YP_009724389.1	GAA	E	GGA	G	2054
NC_045512.2	19629	A	G	36305	22147	40	6	6	37	0.000165239	36311	1	FALSE	ORF1ab:cds-YP_009724389.1	GAA	E	GAG	E	2054
NC_045512.2	19630	A	G	37266	23679	41	2	2	37	5.36639e-05	37269	1	FALSE	ORF1ab:cds-YP_009724389.1	AAT	N	GAT	D	2055
NC_045512.2	19630	A	C	37266	23679	41	1	0	74	2.6832e-05	37269	0.499993	FALSE	ORF1ab:cds-YP_009724389.1	AAT	N	CAT	H	2055
NC_045512.2	19631	A	T	36224	22616	40	5	4	37	0.000138003	36231	1	FALSE	ORF1ab:cds-YP_009724389.1	AAT	N	ATT	I	2055
NC_045512.2	19631	A	G	36224	22616	40	1	0	37	2.76007e-05	36231	1	FALSE	ORF1ab:cds-YP_009724389.1	AAT	N	AGT	S	2055
NC_045512.2	19631	A	C	36224	22616	40	1	1	37	2.76007e-05	36231	1	FALSE	ORF1ab:cds-YP_009724389.1	AAT	N	ACT	T	2055
NC_045512.2	19632	T	G	36990	23412	41	2	1	31	5.40555e-05	36999	1	FALSE	ORF1ab:cds-YP_009724389.1	AAT	N	AAG	K	2055
NC_045512.2	19632	T	C	36990	23412	41	6	2	45	0.000162167	36999	0.253866	FALSE	ORF1ab:cds-YP_009724389.1	AAT	N	AAC	N	2055
NC_045512.2	19632	T	A	36990	23412	41	1	0	37	2.70278e-05	36999	1	FALSE	ORF1ab:cds-YP_009724389.1	AAT	N	AAA	K	2055
NC_045512.2	19633	G	T	37146	23557	41	2	0	49	5.38271e-05	37156	0.81245	FALSE	ORF1ab:cds-YP_009724389.1	GTG	V	TTG	L	2056
NC_045512.2	19633	G	A	37146	23557	41	8	3	37	0.000215308	37156	0.999998	FALSE	ORF1ab:cds-YP_009724389.1	GTG	V	ATG	M	2056
NC_045512.2	19634	T	C	37141	23548	41	4	3	34	0.000107683	37146	1	FALSE	ORF1ab:cds-YP_009724389.1	GTG	V	GCG	A	2056
NC_045512.2	19634	T	A	37141	23548	41	1	0	74	2.69208e-05	37146	0.49998	FALSE	ORF1ab:cds-YP_009724389.1	GTG	V	GAG	E	2056
NC_045512.2	19635	G	T	37050	23473	41	2	2	55	5.39753e-05	37054	0.24999	FALSE	ORF1ab:cds-YP_009724389.1	GTG	V	GTT	V	2056
NC_045512.2	19635	G	A	37050	23473	41	2	2	31	5.39753e-05	37054	1	FALSE	ORF1ab:cds-YP_009724389.1	GTG	V	GTA	V	2056
NC_045512.2	19636	G	T	37092	23455	40	1	0	37	2.69527e-05	37102	1	FALSE	ORF1ab:cds-YP_009724389.1	GCT	A	TCT	S	2057
NC_045512.2	19636	G	A	37092	23455	40	9	4	37	0.000242575	37102	0.999995	FALSE	ORF1ab:cds-YP_009724389.1	GCT	A	ACT	T	2057
NC_045512.2	19637	C	T	37149	23443	40	6	4	41	0.000161468	37159	0.253853	FALSE	ORF1ab:cds-YP_009724389.1	GCT	A	GTT	V	2057
NC_045512.2	19637	C	G	37149	23443	40	4	3	37	0.000107646	37159	1	FALSE	ORF1ab:cds-YP_009724389.1	GCT	A	GGT	G	2057
NC_045512.2	19637	C	-T	37149	23443	40	1	0	20	2.69114e-05	37159	1	FALSE	NA	NA	NA	NA	NA	NA
NC_045512.2	19638	T	C	38291	24928	41	8	4	40	0.000208883	38299	0.113264	FALSE	ORF1ab:cds-YP_009724389.1	GCT	A	GCC	A	2057
NC_045512.2	19639	T	C	38494	25316	41	2	2	37	5.19508e-05	38498	1	FALSE	ORF1ab:cds-YP_009724389.1	TTT	F	CTT	L	2058
NC_045512.2	19639	T	A	38494	25316	41	2	1	31	5.19508e-05	38498	1	FALSE	ORF1ab:cds-YP_009724389.1	TTT	F	ATT	I	2058
NC_045512.2	19640	T	G	38312	25105	41	1	1	37	2.60974e-05	38318	1	FALSE	ORF1ab:cds-YP_009724389.1	TTT	F	TGT	C	2058
NC_045512.2	19640	T	C	38312	25105	41	4	2	40	0.00010439	38318	0.499986	FALSE	ORF1ab:cds-YP_009724389.1	TTT	F	TCT	S	2058
NC_045512.2	19640	T	A	38312	25105	41	1	0	37	2.60974e-05	38318	1	FALSE	ORF1ab:cds-YP_009724389.1	TTT	F	TAT	Y	2058
NC_045512.2	19641	T	C	38409	25173	41	4	3	37	0.000104131	38413	1	FALSE	ORF1ab:cds-YP_009724389.1	TTT	F	TTC	F	2058
NC_045512.2	19642	A	T	38327	25089	41	1	1	25	2.60879e-05	38332	1	FALSE	ORF1ab:cds-YP_009724389.1	AAT	N	TAT	Y	2059
NC_045512.2	19642	A	G	38327	25089	41	4	2	37	0.000104351	38332	1	FALSE	ORF1ab:cds-YP_009724389.1	AAT	N	GAT	D	2059
NC_045512.2	19643	A	T	37664	25062	40	1	1	37	2.65463e-05	37670	1	FALSE	ORF1ab:cds-YP_009724389.1	AAT	N	ATT	I	2059
NC_045512.2	19643	A	G	37664	25062	40	5	2	37	0.000132732	37670	1	FALSE	ORF1ab:cds-YP_009724389.1	AAT	N	AGT	S	2059
NC_045512.2	19644	T	G	40342	28424	42	27	27	37	0.000668797	40371	0.956837	FALSE	ORF1ab:cds-YP_009724389.1	AAT	N	AAG	K	2059
NC_045512.2	19644	T	C	40342	28424	42	1	1	37	2.47703e-05	40371	1	FALSE	ORF1ab:cds-YP_009724389.1	AAT	N	AAC	N	2059
NC_045512.2	19644	T	A	40342	28424	42	1	1	37	2.47703e-05	40371	1	FALSE	ORF1ab:cds-YP_009724389.1	AAT	N	AAA	K	2059
NC_045512.2	19645	G	T	40183	28121	42	1	1	37	2.48843e-05	40186	1	FALSE	ORF1ab:cds-YP_009724389.1	GTT	V	TTT	F	2060
NC_045512.2	19645	G	A	40183	28121	42	2	1	37	4.97686e-05	40186	1	FALSE	ORF1ab:cds-YP_009724389.1	GTT	V	ATT	I	2060
NC_045512.2	19646	T	G	40385	28648	42	1	0	37	2.47543e-05	40397	1	FALSE	ORF1ab:cds-YP_009724389.1	GTT	V	GGT	G	2060
NC_045512.2	19646	T	C	40385	28648	42	9	3	38	0.000222789	40397	0.999999	FALSE	ORF1ab:cds-YP_009724389.1	GTT	V	GCT	A	2060
NC_045512.2	19646	T	A	40385	28648	42	2	0	27	4.95086e-05	40397	1	FALSE	ORF1ab:cds-YP_009724389.1	GTT	V	GAT	D	2060
NC_045512.2	19647	T	C	40521	28699	42	6	4	39	0.000148042	40529	1	FALSE	ORF1ab:cds-YP_009724389.1	GTT	V	GTC	V	2060
NC_045512.2	19647	T	A	40521	28699	42	2	2	43	4.93474e-05	40529	0.890605	FALSE	ORF1ab:cds-YP_009724389.1	GTT	V	GTA	V	2060
NC_045512.2	19648	G	T	40366	28903	42	2	1	33	4.95381e-05	40373	1	FALSE	ORF1ab:cds-YP_009724389.1	GTA	V	TTA	L	2061
NC_045512.2	19648	G	C	40366	28903	42	2	2	55	4.95381e-05	40373	0.249972	FALSE	ORF1ab:cds-YP_009724389.1	GTA	V	CTA	L	2061
NC_045512.2	19648	G	A	40366	28903	42	3	1	49	7.43071e-05	40373	0.773417	FALSE	ORF1ab:cds-YP_009724389.1	GTA	V	ATA	I	2061
NC_045512.2	19649	T	C	40588	29106	42	2	1	37	4.92732e-05	40590	1	FALSE	ORF1ab:cds-YP_009724389.1	GTA	V	GCA	A	2061
NC_045512.2	19649	T	-A	40588	29106	42	1	0	20	2.46366e-05	40590	1	FALSE	NA	NA	NA	NA	NA	NA
NC_045512.2	19650	A	G	40859	29143	42	1	1	37	2.44738e-05	40860	1	FALSE	ORF1ab:cds-YP_009724389.1	GTA	V	GTG	V	2061
NC_045512.2	19651	A	T	40741	29023	42	1	1	37	2.45417e-05	40747	1	FALSE	ORF1ab:cds-YP_009724389.1	AAT	N	TAT	Y	2062
NC_045512.2	19651	A	G	40741	29023	42	5	5	37	0.000122708	40747	1	FALSE	ORF1ab:cds-YP_009724389.1	AAT	N	GAT	D	2062
NC_045512.2	19652	A	G	40857	29160	42	1	0	37	2.4475e-05	40858	1	FALSE	ORF1ab:cds-YP_009724389.1	AAT	N	AGT	S	2062
NC_045512.2	19653	T	C	40415	29736	41	3	1	32	7.42244e-05	40418	1	FALSE	ORF1ab:cds-YP_009724389.1	AAT	N	AAC	N	2062
NC_045512.2	19653	T	-A	40415	29736	41	1	0	20	2.47415e-05	40418	1	FALSE	NA	NA	NA	NA	NA	NA
NC_045512.2	19654	A	T	38499	28611	41	1	0	25	2.59707e-05	38505	1	FALSE	ORF1ab:cds-YP_009724389.1	AAG	K	TAG	*	2063
NC_045512.2	19654	A	G	38499	28611	41	3	3	37	7.7912e-05	38505	1	FALSE	ORF1ab:cds-YP_009724389.1	AAG	K	GAG	E	2063
NC_045512.2	19654	A	C	38499	28611	41	2	2	31	5.19413e-05	38505	1	FALSE	ORF1ab:cds-YP_009724389.1	AAG	K	CAG	Q	2063
NC_045512.2	19655	A	T	38218	28354	41	5	4	34	0.00013076	38238	1	FALSE	ORF1ab:cds-YP_009724389.1	AAG	K	ATG	M	2063
NC_045512.2	19655	A	G	38218	28354	41	13	5	47	0.000339976	38238	0.0106201	FALSE	ORF1ab:cds-YP_009724389.1	AAG	K	AGG	R	2063
NC_045512.2	19655	A	C	38218	28354	41	2	2	37	5.2304e-05	38238	1	FALSE	ORF1ab:cds-YP_009724389.1	AAG	K	ACG	T	2063
NC_045512.2	19656	G	T	38561	28699	41	17	13	40	0.000440654	38579	0.00128686	TRUE	ORF1ab:cds-YP_009724389.1	AAG	K	AAT	N	2063
NC_045512.2	19656	G	A	38561	28699	41	1	1	37	2.59208e-05	38579	1	FALSE	ORF1ab:cds-YP_009724389.1	AAG	K	AAA	K	2063
NC_045512.2	19657	G	T	38254	28362	41	3	2	33	7.84047e-05	38263	1	FALSE	ORF1ab:cds-YP_009724389.1	GGA	G	TGA	*	2064
NC_045512.2	19657	G	C	38254	28362	41	2	2	37	5.22698e-05	38263	1	FALSE	ORF1ab:cds-YP_009724389.1	GGA	G	CGA	R	2064
NC_045512.2	19657	G	A	38254	28362	41	4	2	37	0.00010454	38263	1	FALSE	ORF1ab:cds-YP_009724389.1	GGA	G	AGA	R	2064
NC_045512.2	19658	G	T	38417	28466	41	2	1	23	5.20549e-05	38421	1	FALSE	ORF1ab:cds-YP_009724389.1	GGA	G	GTA	V	2064
NC_045512.2	19658	G	A	38417	28466	41	2	2	37	5.20549e-05	38421	1	FALSE	ORF1ab:cds-YP_009724389.1	GGA	G	GAA	E	2064
NC_045512.2	19659	A	G	37395	27465	41	4	4	46	0.000106946	37402	0.499971	FALSE	ORF1ab:cds-YP_009724389.1	GGA	G	GGG	G	2064
NC_045512.2	19659	A	C	37395	27465	41	3	0	37	8.02096e-05	37402	1	FALSE	ORF1ab:cds-YP_009724389.1	GGA	G	GGC	G	2064
NC_045512.2	19660	C	T	37963	28561	41	3	0	37	7.90139e-05	37968	1	FALSE	ORF1ab:cds-YP_009724389.1	CAC	H	TAC	Y	2065
NC_045512.2	19660	C	G	37963	28561	41	2	1	37	5.26759e-05	37968	1	FALSE	ORF1ab:cds-YP_009724389.1	CAC	H	GAC	D	2065
NC_045512.2	19661	A	G	37397	28080	40	7	5	42	0.000187146	37404	0.17187	FALSE	ORF1ab:cds-YP_009724389.1	CAC	H	CGC	R	2065
NC_045512.2	19661	A	+G	37397	28080	40	1	0	20	2.67351e-05	37404	1	FALSE	NA	NA	NA	NA	NA	NA
NC_045512.2	19662	C	T	37912	28155	41	10	5	40	0.000263678	37925	0.0461196	FALSE	ORF1ab:cds-YP_009724389.1	CAC	H	CAT	H	2065
NC_045512.2	19662	C	A	37912	28155	41	3	2	28	7.91035e-05	37925	1	FALSE	ORF1ab:cds-YP_009724389.1	CAC	H	CAA	Q	2065
NC_045512.2	19662	C	+T	37912	28155	41	1	0	20	2.63678e-05	37925	1	FALSE	NA	NA	NA	NA	NA	NA
NC_045512.2	19663	T	G	37971	28356	41	1	1	37	2.63317e-05	37977	1	FALSE	ORF1ab:cds-YP_009724389.1	TTT	F	GTT	V	2066
NC_045512.2	19663	T	C	37971	28356	41	4	0	36	0.000105327	37977	1	FALSE	ORF1ab:cds-YP_009724389.1	TTT	F	CTT	L	2066
NC_045512.2	19663	T	A	37971	28356	41	1	1	37	2.63317e-05	37977	1	FALSE	ORF1ab:cds-YP_009724389.1	TTT	F	ATT	I	2066
NC_045512.2	19665	T	C	38142	28383	41	7	5	37	0.000183491	38149	1	FALSE	ORF1ab:cds-YP_009724389.1	TTT	F	TTC	F	2066
NC_045512.2	19666	G	T	37825	28099	41	3	1	37	7.93063e-05	37828	1	FALSE	ORF1ab:cds-YP_009724389.1	GAT	D	TAT	Y	2067
NC_045512.2	19667	A	T	37678	28061	41	4	2	34	0.000106126	37691	1	FALSE	ORF1ab:cds-YP_009724389.1	GAT	D	GTT	V	2067
NC_045512.2	19667	A	G	37678	28061	41	8	3	40	0.000212252	37691	0.11323	FALSE	ORF1ab:cds-YP_009724389.1	GAT	D	GGT	G	2067
NC_045512.2	19667	A	C	37678	28061	41	1	1	37	2.65315e-05	37691	1	FALSE	ORF1ab:cds-YP_009724389.1	GAT	D	GCT	A	2067
NC_045512.2	19668	T	G	38573	29195	41	9	8	35	0.000233251	38585	0.999997	FALSE	ORF1ab:cds-YP_009724389.1	GAT	D	GAG	E	2067
NC_045512.2	19668	T	A	38573	29195	41	3	3	37	7.77504e-05	38585	1	FALSE	ORF1ab:cds-YP_009724389.1	GAT	D	GAA	E	2067
NC_045512.2	19669	G	T	39857	30765	42	4	3	37	0.000100339	39865	1	FALSE	ORF1ab:cds-YP_009724389.1	GGA	G	TGA	*	2068
NC_045512.2	19669	G	A	39857	30765	42	4	4	37	0.000100339	39865	1	FALSE	ORF1ab:cds-YP_009724389.1	GGA	G	AGA	R	2068
NC_045512.2	19670	G	T	40496	31581	42	3	3	33	7.40594e-05	40508	1	FALSE	ORF1ab:cds-YP_009724389.1	GGA	G	GTA	V	2068
NC_045512.2	19670	G	C	40496	31581	42	1	1	37	2.46865e-05	40508	1	FALSE	ORF1ab:cds-YP_009724389.1	GGA	G	GCA	A	2068
NC_045512.2	19670	G	A	40496	31581	42	8	8	35	0.000197492	40508	1	FALSE	ORF1ab:cds-YP_009724389.1	GGA	G	GAA	E	2068
NC_045512.2	19671	A	G	39795	31119	43	18	17	39	0.000452102	39814	0.998405	FALSE	ORF1ab:cds-YP_009724389.1	GGA	G	GGG	G	2068
NC_045512.2	19671	A	C	39795	31119	43	1	1	25	2.51168e-05	39814	1	FALSE	ORF1ab:cds-YP_009724389.1	GGA	G	GGC	G	2068
NC_045512.2	19672	C	T	40351	31458	43	6	4	37	0.000148673	40357	1	FALSE	ORF1ab:cds-YP_009724389.1	CAA	Q	TAA	*	2069
NC_045512.2	19673	A	T	40166	31308	43	3	3	37	7.46807e-05	40171	1	FALSE	ORF1ab:cds-YP_009724389.1	CAA	Q	CTA	L	2069
NC_045512.2	19673	A	G	40166	31308	43	2	2	37	4.97872e-05	40171	1	FALSE	ORF1ab:cds-YP_009724389.1	CAA	Q	CGA	R	2069
NC_045512.2	19673	A	+G	40166	31308	43	10	0	20	0.000248936	40171	1	FALSE	NA	NA	NA	NA	NA	NA
NC_045512.2	19674	A	T	40177	31317	43	1	1	37	2.4888e-05	40180	1	FALSE	ORF1ab:cds-YP_009724389.1	CAA	Q	CAT	H	2069
NC_045512.2	19674	A	G	40177	31317	43	2	2	37	4.9776e-05	40180	1	FALSE	ORF1ab:cds-YP_009724389.1	CAA	Q	CAG	Q	2069
NC_045512.2	19675	C	T	40279	31440	43	15	13	44	0.000372236	40297	0.00959578	TRUE	ORF1ab:cds-YP_009724389.1	CAG	Q	TAG	*	2070
NC_045512.2	19675	C	G	40279	31440	43	2	2	28	4.96315e-05	40297	1	FALSE	ORF1ab:cds-YP_009724389.1	CAG	Q	GAG	E	2070
NC_045512.2	19675	C	A	40279	31440	43	1	1	37	2.48157e-05	40297	1	FALSE	ORF1ab:cds-YP_009724389.1	CAG	Q	AAG	K	2070
NC_045512.2	19676	A	T	39998	31293	43	3	2	49	7.49719e-05	40015	0.773314	FALSE	ORF1ab:cds-YP_009724389.1	CAG	Q	CTG	L	2070
NC_045512.2	19676	A	G	39998	31293	43	11	11	40	0.000274897	40015	0.0591888	FALSE	ORF1ab:cds-YP_009724389.1	CAG	Q	CGG	R	2070
NC_045512.2	19676	A	C	39998	31293	43	3	1	49	7.49719e-05	40015	0.773314	FALSE	ORF1ab:cds-YP_009724389.1	CAG	Q	CCG	P	2070
NC_045512.2	19676	A	-G	39998	31293	43	1	0	20	2.49906e-05	40015	1	FALSE	NA	NA	NA	NA	NA	NA
NC_045512.2	19676	A	+G	39998	31293	43	1	0	20	2.49906e-05	40015	1	FALSE	NA	NA	NA	NA	NA	NA
NC_045512.2	19677	G	T	40152	31603	43	12	8	36	0.000298708	40173	0.999982	FALSE	ORF1ab:cds-YP_009724389.1	CAG	Q	CAT	H	2070
NC_045512.2	19677	G	C	40152	31603	43	3	3	37	7.4677e-05	40173	1	FALSE	ORF1ab:cds-YP_009724389.1	CAG	Q	CAC	H	2070
NC_045512.2	19677	G	A	40152	31603	43	6	6	37	0.000149354	40173	1	FALSE	ORF1ab:cds-YP_009724389.1	CAG	Q	CAA	Q	2070
NC_045512.2	19678	G	T	39824	31707	44	3	3	37	7.52974e-05	39842	1	FALSE	ORF1ab:cds-YP_009724389.1	GGT	G	TGT	C	2071
NC_045512.2	19678	G	C	39824	31707	44	15	0	37	0.000376487	39842	0.999733	FALSE	ORF1ab:cds-YP_009724389.1	GGT	G	CGT	R	2071
NC_045512.2	19679	G	T	40069	32467	43	1	0	37	2.49482e-05	40083	1	FALSE	ORF1ab:cds-YP_009724389.1	GGT	G	GTT	V	2071
NC_045512.2	19679	G	A	40069	32467	43	13	9	53	0.000324327	40083	0.000121952	TRUE	ORF1ab:cds-YP_009724389.1	GGT	G	GAT	D	2071
NC_045512.2	19680	T	G	39848	32329	43	1	0	25	2.50897e-05	39857	1	FALSE	ORF1ab:cds-YP_009724389.1	GGT	G	GGG	G	2071
NC_045512.2	19680	T	C	39848	32329	43	4	4	34	0.000100359	39857	1	FALSE	ORF1ab:cds-YP_009724389.1	GGT	G	GGC	G	2071
NC_045512.2	19680	T	A	39848	32329	43	4	4	34	0.000100359	39857	1	FALSE	ORF1ab:cds-YP_009724389.1	GGT	G	GGA	G	2071
NC_045512.2	19680	T	-G	39848	32329	43	1	0	20	2.50897e-05	39857	1	FALSE	NA	NA	NA	NA	NA	NA
NC_045512.2	19681	G	T	38862	31375	43	3	3	37	7.71863e-05	38867	1	FALSE	ORF1ab:cds-YP_009724389.1	GAA	E	TAA	*	2072
NC_045512.2	19681	G	C	38862	31375	43	1	1	37	2.57288e-05	38867	1	FALSE	ORF1ab:cds-YP_009724389.1	GAA	E	CAA	Q	2072
NC_045512.2	19681	G	A	38862	31375	43	1	1	25	2.57288e-05	38867	1	FALSE	ORF1ab:cds-YP_009724389.1	GAA	E	AAA	K	2072
NC_045512.2	19681	G	-A	38862	31375	43	1	0	20	2.57281e-05	38868	1	FALSE	NA	NA	NA	NA	NA	NA
NC_045512.2	19682	A	T	38932	31452	43	2	1	55	5.13584e-05	38942	0.249945	FALSE	ORF1ab:cds-YP_009724389.1	GAA	E	GTA	V	2072
NC_045512.2	19682	A	G	38932	31452	43	8	5	49	0.000205434	38942	0.113248	FALSE	ORF1ab:cds-YP_009724389.1	GAA	E	GGA	G	2072
NC_045512.2	19683	A	G	38960	31857	43	15	15	35	0.000384842	38977	0.9996	FALSE	ORF1ab:cds-YP_009724389.1	GAA	E	GAG	E	2072
NC_045512.2	19683	A	C	38960	31857	43	2	0	37	5.13123e-05	38977	1	FALSE	ORF1ab:cds-YP_009724389.1	GAA	E	GAC	D	2072
NC_045512.2	19684	G	T	39203	31933	44	5	4	37	0.000127502	39215	1	FALSE	ORF1ab:cds-YP_009724389.1	GTA	V	TTA	L	2073
NC_045512.2	19684	G	C	39203	31933	44	1	0	37	2.55004e-05	39215	1	FALSE	ORF1ab:cds-YP_009724389.1	GTA	V	CTA	L	2073
NC_045512.2	19684	G	A	39203	31933	44	6	6	35	0.000153003	39215	1	FALSE	ORF1ab:cds-YP_009724389.1	GTA	V	ATA	I	2073
NC_045512.2	19685	T	C	38990	31725	44	11	11	37	0.000282044	39001	0.999988	FALSE	ORF1ab:cds-YP_009724389.1	GTA	V	GCA	A	2073
NC_045512.2	19686	A	T	38135	31153	44	1	1	37	2.62027e-05	38164	1	FALSE	ORF1ab:cds-YP_009724389.1	GTA	V	GTT	V	2073
NC_045512.2	19686	A	G	38135	31153	44	4	3	46	0.000104811	38164	0.499656	FALSE	ORF1ab:cds-YP_009724389.1	GTA	V	GTG	V	2073
NC_045512.2	19686	A	C	38135	31153	44	24	0	37	0.000628865	38164	0.972075	FALSE	ORF1ab:cds-YP_009724389.1	GTA	V	GTC	V	2073
NC_045512.2	19686	A	-C	38135	31153	44	1	0	20	2.62027e-05	38164	1	FALSE	NA	NA	NA	NA	NA	NA
NC_045512.2	19687	C	T	37086	32331	41	6	5	35	0.000161756	37093	1	FALSE	ORF1ab:cds-YP_009724389.1	CCA	P	TCA	S	2074
NC_045512.2	19687	C	A	37086	32331	41	1	1	25	2.69593e-05	37093	1	FALSE	ORF1ab:cds-YP_009724389.1	CCA	P	ACA	T	2074
NC_045512.2	19688	C	T	36279	31536	41	3	2	61	8.26765e-05	36286	0.124979	FALSE	ORF1ab:cds-YP_009724389.1	CCA	P	CTA	L	2074
NC_045512.2	19688	C	G	36279	31536	41	1	1	25	2.75588e-05	36286	1	FALSE	ORF1ab:cds-YP_009724389.1	CCA	P	CGA	R	2074
NC_045512.2	19688	C	A	36279	31536	41	3	3	37	8.26765e-05	36286	1	FALSE	ORF1ab:cds-YP_009724389.1	CCA	P	CAA	Q	2074
NC_045512.2	19689	A	T	36236	31499	41	5	3	29	0.00013792	36253	1	FALSE	ORF1ab:cds-YP_009724389.1	CCA	P	CCT	P	2074
NC_045512.2	19689	A	G	36236	31499	41	12	10	50	0.000331007	36253	0.000243757	TRUE	ORF1ab:cds-YP_009724389.1	CCA	P	CCG	P	2074
NC_045512.2	19690	G	T	36089	31349	41	3	3	33	8.31186e-05	36093	1	FALSE	ORF1ab:cds-YP_009724389.1	GTT	V	TTT	F	2075
NC_045512.2	19690	G	A	36089	31349	41	1	0	62	2.77062e-05	36093	0.499986	FALSE	ORF1ab:cds-YP_009724389.1	GTT	V	ATT	I	2075
NC_045512.2	19691	T	C	35844	31124	41	3	2	49	8.36867e-05	35848	0.656257	FALSE	ORF1ab:cds-YP_009724389.1	GTT	V	GCT	A	2075
NC_045512.2	19691	T	A	35844	31124	41	1	1	37	2.78956e-05	35848	1	FALSE	ORF1ab:cds-YP_009724389.1	GTT	V	GAT	D	2075
NC_045512.2	19692	T	C	35632	30904	41	3	2	61	8.41869e-05	35635	0.125	FALSE	ORF1ab:cds-YP_009724389.1	GTT	V	GTC	V	2075
NC_045512.2	19693	T	C	34414	29721	41	18	3	36	0.000522739	34434	0.991252	FALSE	ORF1ab:cds-YP_009724389.1	TCT	S	CCT	P	2076
NC_045512.2	19693	T	A	34414	29721	41	2	2	37	5.80821e-05	34434	1	FALSE	ORF1ab:cds-YP_009724389.1	TCT	S	ACT	T	2076
NC_045512.2	19694	C	T	33757	29388	40	1	1	37	2.962e-05	33761	1	FALSE	ORF1ab:cds-YP_009724389.1	TCT	S	TTT	F	2076
NC_045512.2	19694	C	G	33757	29388	40	1	1	37	2.962e-05	33761	1	FALSE	ORF1ab:cds-YP_009724389.1	TCT	S	TGT	C	2076
NC_045512.2	19694	C	A	33757	29388	40	2	2	31	5.924e-05	33761	1	FALSE	ORF1ab:cds-YP_009724389.1	TCT	S	TAT	Y	2076
NC_045512.2	19695	T	C	34347	30127	41	5	5	37	0.000145539	34355	1	FALSE	ORF1ab:cds-YP_009724389.1	TCT	S	TCC	S	2076
NC_045512.2	19695	T	A	34347	30127	41	3	3	34	8.73235e-05	34355	1	FALSE	ORF1ab:cds-YP_009724389.1	TCT	S	TCA	S	2076
NC_045512.2	19696	A	T	34269	30076	41	2	2	37	5.83533e-05	34274	1	FALSE	ORF1ab:cds-YP_009724389.1	ATC	I	TTC	F	2077
NC_045512.2	19696	A	G	34269	30076	41	3	2	37	8.75299e-05	34274	1	FALSE	ORF1ab:cds-YP_009724389.1	ATC	I	GTC	V	2077
NC_045512.2	19697	T	G	34112	30100	40	1	0	37	2.93109e-05	34117	1	FALSE	ORF1ab:cds-YP_009724389.1	ATC	I	AGC	S	2077
NC_045512.2	19697	T	C	34112	30100	40	4	4	46	0.000117244	34117	0.5	FALSE	ORF1ab:cds-YP_009724389.1	ATC	I	ACC	T	2077
NC_045512.2	19698	C	T	33728	29731	40	7	7	37	0.000207493	33736	0.999996	FALSE	ORF1ab:cds-YP_009724389.1	ATC	I	ATT	I	2077
NC_045512.2	19698	C	A	33728	29731	40	1	1	37	2.96419e-05	33736	1	FALSE	ORF1ab:cds-YP_009724389.1	ATC	I	ATA	I	2077
NC_045512.2	19699	A	T	33491	29497	41	2	2	37	5.97086e-05	33496	1	FALSE	ORF1ab:cds-YP_009724389.1	ATT	I	TTT	F	2078
NC_045512.2	19699	A	G	33491	29497	41	3	2	37	8.95629e-05	33496	1	FALSE	ORF1ab:cds-YP_009724389.1	ATT	I	GTT	V	2078
NC_045512.2	19700	T	C	33348	29408	40	2	1	37	5.99682e-05	33351	1	FALSE	ORF1ab:cds-YP_009724389.1	ATT	I	ACT	T	2078
NC_045512.2	19700	T	A	33348	29408	40	1	0	74	2.99841e-05	33351	0.499993	FALSE	ORF1ab:cds-YP_009724389.1	ATT	I	AAT	N	2078
NC_045512.2	19701	T	C	33467	29487	41	3	3	37	8.96325e-05	33470	1	FALSE	ORF1ab:cds-YP_009724389.1	ATT	I	ATC	I	2078
NC_045512.2	19702	A	T	33293	29300	40	4	4	34	0.000120117	33301	1	FALSE	ORF1ab:cds-YP_009724389.1	AAT	N	TAT	Y	2079
NC_045512.2	19702	A	G	33293	29300	40	4	3	46	0.000120117	33301	0.499951	FALSE	ORF1ab:cds-YP_009724389.1	AAT	N	GAT	D	2079
NC_045512.2	19703	A	T	33153	29227	40	1	1	37	3.01595e-05	33157	1	FALSE	ORF1ab:cds-YP_009724389.1	AAT	N	ATT	I	2079
NC_045512.2	19703	A	G	33153	29227	40	3	3	37	9.04786e-05	33157	1	FALSE	ORF1ab:cds-YP_009724389.1	AAT	N	AGT	S	2079
NC_045512.2	19704	T	C	33330	29454	40	5	4	44	0.000149993	33335	0.363289	FALSE	ORF1ab:cds-YP_009724389.1	AAT	N	AAC	N	2079
NC_045512.2	19704	T	-A	33330	29454	40	1	0	20	2.99985e-05	33335	1	FALSE	NA	NA	NA	NA	NA	NA
NC_045512.2	19705	A	T	32964	29334	40	2	2	37	6.06557e-05	32973	1	FALSE	ORF1ab:cds-YP_009724389.1	AAC	N	TAC	Y	2080
NC_045512.2	19705	A	G	32964	29334	40	6	5	43	0.000181967	32973	0.253847	FALSE	ORF1ab:cds-YP_009724389.1	AAC	N	GAC	D	2080
NC_045512.2	19705	A	C	32964	29334	40	1	1	37	3.03278e-05	32973	1	FALSE	ORF1ab:cds-YP_009724389.1	AAC	N	CAC	H	2080
NC_045512.2	19706	A	G	32646	29021	40	2	2	37	6.12595e-05	32648	1	FALSE	ORF1ab:cds-YP_009724389.1	AAC	N	AGC	S	2080
NC_045512.2	19707	C	T	32852	29278	40	5	5	37	0.000152165	32859	0.999999	FALSE	ORF1ab:cds-YP_009724389.1	AAC	N	AAT	N	2080
NC_045512.2	19707	C	A	32852	29278	40	2	1	51	6.08661e-05	32859	0.249966	FALSE	ORF1ab:cds-YP_009724389.1	AAC	N	AAA	K	2080
NC_045512.2	19708	A	T	31876	28364	39	2	2	25	6.27353e-05	31880	1	FALSE	ORF1ab:cds-YP_009724389.1	ACT	T	TCT	S	2081
NC_045512.2	19708	A	G	31876	28364	39	2	1	49	6.27353e-05	31880	0.8125	FALSE	ORF1ab:cds-YP_009724389.1	ACT	T	GCT	A	2081
NC_045512.2	19708	A	+C	31876	28364	39	1	0	20	3.13676e-05	31880	1	FALSE	NA	NA	NA	NA	NA	NA
NC_045512.2	19709	C	T	32316	28804	40	2	2	37	6.18754e-05	32323	1	FALSE	ORF1ab:cds-YP_009724389.1	ACT	T	ATT	I	2081
NC_045512.2	19709	C	G	32316	28804	40	1	1	37	3.09377e-05	32323	1	FALSE	ORF1ab:cds-YP_009724389.1	ACT	T	AGT	S	2081
NC_045512.2	19709	C	A	32316	28804	40	4	3	37	0.000123751	32323	1	FALSE	ORF1ab:cds-YP_009724389.1	ACT	T	AAT	N	2081
NC_045512.2	19710	T	C	28827	25379	40	1	1	37	3.46885e-05	28828	1	FALSE	ORF1ab:cds-YP_009724389.1	ACT	T	ACC	T	2081
NC_045512.2	19711	G	T	28667	25236	40	1	1	25	3.48797e-05	28670	1	FALSE	ORF1ab:cds-YP_009724389.1	GTT	V	TTT	F	2082
NC_045512.2	19711	G	A	28667	25236	40	2	2	55	6.97593e-05	28670	0.249996	FALSE	ORF1ab:cds-YP_009724389.1	GTT	V	ATT	I	2082
NC_045512.2	19712	T	C	27870	24456	40	3	1	37	0.000107627	27874	1	FALSE	ORF1ab:cds-YP_009724389.1	GTT	V	GCT	A	2082
NC_045512.2	19712	T	A	27870	24456	40	1	1	25	3.58757e-05	27874	1	FALSE	ORF1ab:cds-YP_009724389.1	GTT	V	GAT	D	2082
NC_045512.2	19713	T	C	27939	24618	40	3	2	33	0.000107365	27942	1	FALSE	ORF1ab:cds-YP_009724389.1	GTT	V	GTC	V	2082
NC_045512.2	19714	T	C	28218	24925	40	2	1	42	7.08717e-05	28220	0.68752	FALSE	ORF1ab:cds-YP_009724389.1	TAC	Y	CAC	H	2083
NC_045512.2	19715	A	T	27767	24850	40	1	1	37	3.60088e-05	27771	1	FALSE	ORF1ab:cds-YP_009724389.1	TAC	Y	TTC	F	2083
NC_045512.2	19715	A	G	27767	24850	40	1	1	37	3.60088e-05	27771	1	FALSE	ORF1ab:cds-YP_009724389.1	TAC	Y	TGC	C	2083
NC_045512.2	19715	A	C	27767	24850	40	2	0	37	7.20176e-05	27771	1	FALSE	ORF1ab:cds-YP_009724389.1	TAC	Y	TCC	S	2083
NC_045512.2	19716	C	T	27549	24916	39	3	3	49	0.000108869	27556	0.499949	FALSE	ORF1ab:cds-YP_009724389.1	TAC	Y	TAT	Y	2083
NC_045512.2	19716	C	G	27549	24916	39	1	1	37	3.62897e-05	27556	1	FALSE	ORF1ab:cds-YP_009724389.1	TAC	Y	TAG	*	2083
NC_045512.2	19716	C	A	27549	24916	39	3	3	29	0.000108869	27556	1	FALSE	ORF1ab:cds-YP_009724389.1	TAC	Y	TAA	*	2083
NC_045512.2	19717	A	T	27610	24966	39	1	1	25	3.62148e-05	27613	1	FALSE	ORF1ab:cds-YP_009724389.1	ACA	T	TCA	S	2084
NC_045512.2	19717	A	G	27610	24966	39	2	2	37	7.24297e-05	27613	1	FALSE	ORF1ab:cds-YP_009724389.1	ACA	T	GCA	A	2084
NC_045512.2	19718	C	T	27377	24747	39	1	1	37	3.65257e-05	27378	1	FALSE	ORF1ab:cds-YP_009724389.1	ACA	T	ATA	I	2084
NC_045512.2	19718	C	-AA	27377	24747	39	1	0	20	3.65257e-05	27378	1	FALSE	NA	NA	NA	NA	NA	NA
NC_045512.2	19718	C	-A	27377	24747	39	4	0	20	0.000146103	27378	1	FALSE	NA	NA	NA	NA	NA	NA
NC_045512.2	19719	A	G	26432	23820	39	3	2	33	0.000113486	26435	0.999999	FALSE	ORF1ab:cds-YP_009724389.1	ACA	T	ACG	T	2084
NC_045512.2	19720	A	T	25790	23231	39	1	1	25	3.87702e-05	25793	1	FALSE	ORF1ab:cds-YP_009724389.1	AAA	K	TAA	*	2085
NC_045512.2	19720	A	G	25790	23231	39	1	1	37	3.87702e-05	25793	1	FALSE	ORF1ab:cds-YP_009724389.1	AAA	K	GAA	E	2085
NC_045512.2	19720	A	C	25790	23231	39	1	0	37	3.87702e-05	25793	1	FALSE	ORF1ab:cds-YP_009724389.1	AAA	K	CAA	Q	2085
NC_045512.2	19721	A	T	25627	23100	39	3	3	49	0.000117032	25634	0.499945	FALSE	ORF1ab:cds-YP_009724389.1	AAA	K	ATA	I	2085
NC_045512.2	19721	A	G	25627	23100	39	4	4	34	0.000156043	25634	0.999992	FALSE	ORF1ab:cds-YP_009724389.1	AAA	K	AGA	R	2085
NC_045512.2	19722	A	G	25661	23164	39	5	4	42	0.000194803	25667	0.226547	FALSE	ORF1ab:cds-YP_009724389.1	AAA	K	AAG	K	2085
NC_045512.2	19722	A	C	25661	23164	39	1	1	37	3.89605e-05	25667	1	FALSE	ORF1ab:cds-YP_009724389.1	AAA	K	AAC	N	2085
NC_045512.2	19723	G	T	25720	23351	39	1	1	25	3.88757e-05	25723	1	FALSE	ORF1ab:cds-YP_009724389.1	GTT	V	TTT	F	2086
NC_045512.2	19723	G	C	25720	23351	39	1	1	37	3.88757e-05	25723	1	FALSE	ORF1ab:cds-YP_009724389.1	GTT	V	CTT	L	2086
NC_045512.2	19723	G	A	25720	23351	39	1	1	37	3.88757e-05	25723	1	FALSE	ORF1ab:cds-YP_009724389.1	GTT	V	ATT	I	2086
NC_045512.2	19723	G	-T	25720	23351	39	1	0	20	3.88757e-05	25723	1	FALSE	NA	NA	NA	NA	NA	NA
NC_045512.2	19724	T	C	25422	23091	39	4	4	37	0.000157313	25427	0.999992	FALSE	ORF1ab:cds-YP_009724389.1	GTT	V	GCT	A	2086
NC_045512.2	19724	T	A	25422	23091	39	1	1	37	3.93283e-05	25427	1	FALSE	ORF1ab:cds-YP_009724389.1	GTT	V	GAT	D	2086
NC_045512.2	19725	T	C	24933	22575	39	1	0	74	4.01043e-05	24935	0.5	FALSE	ORF1ab:cds-YP_009724389.1	GTT	V	GTC	V	2086
NC_045512.2	19725	T	A	24933	22575	39	1	1	37	4.01043e-05	24935	1	FALSE	ORF1ab:cds-YP_009724389.1	GTT	V	GTA	V	2086
NC_045512.2	19727	A	T	24395	22054	39	1	1	37	4.09802e-05	24402	1	FALSE	ORF1ab:cds-YP_009724389.1	GAT	D	GTT	V	2087
NC_045512.2	19727	A	G	24395	22054	39	5	4	37	0.000204901	24402	0.999948	FALSE	ORF1ab:cds-YP_009724389.1	GAT	D	GGT	G	2087
NC_045512.2	19727	A	C	24395	22054	39	1	1	37	4.09802e-05	24402	1	FALSE	ORF1ab:cds-YP_009724389.1	GAT	D	GCT	A	2087
NC_045512.2	19728	T	C	24468	22157	39	2	2	37	8.17261e-05	24472	1	FALSE	ORF1ab:cds-YP_009724389.1	GAT	D	GAC	D	2087
NC_045512.2	19728	T	A	24468	22157	39	2	2	37	8.17261e-05	24472	1	FALSE	ORF1ab:cds-YP_009724389.1	GAT	D	GAA	E	2087
NC_045512.2	19728	T	-G	24468	22157	39	1	0	20	4.0863e-05	24472	1	FALSE	NA	NA	NA	NA	NA	NA
NC_045512.2	19729	G	T	24328	21983	39	1	1	37	4.10981e-05	24332	1	FALSE	ORF1ab:cds-YP_009724389.1	GGT	G	TGT	C	2088
NC_045512.2	19729	G	A	24328	21983	39	3	3	32	0.000123294	24332	0.999997	FALSE	ORF1ab:cds-YP_009724389.1	GGT	G	AGT	S	2088
NC_045512.2	19730	G	T	24312	22019	39	3	2	37	0.00012336	24319	0.999997	FALSE	ORF1ab:cds-YP_009724389.1	GGT	G	GTT	V	2088
NC_045512.2	19730	G	C	24312	22019	39	1	1	37	4.11201e-05	24319	1	FALSE	ORF1ab:cds-YP_009724389.1	GGT	G	GCT	A	2088
NC_045512.2	19730	G	A	24312	22019	39	3	1	49	0.00012336	24319	0.499942	FALSE	ORF1ab:cds-YP_009724389.1	GGT	G	GAT	D	2088
NC_045512.2	19730	G	+C	24312	22019	39	1	0	20	4.11201e-05	24319	1	FALSE	NA	NA	NA	NA	NA	NA
NC_045512.2	19731	T	C	22238	19983	39	4	2	40	0.00017984	22242	0.343761	FALSE	ORF1ab:cds-YP_009724389.1	GGT	G	GGC	G	2088
NC_045512.2	19732	G	-T	22271	20001	39	1	0	20	4.49014e-05	22271	1	FALSE	NA	NA	NA	NA	NA	NA
NC_045512.2	19733	T	C	22181	19959	39	3	3	37	0.000135227	22185	0.99999	FALSE	ORF1ab:cds-YP_009724389.1	GTT	V	GCT	A	2089
NC_045512.2	19733	T	A	22181	19959	39	1	1	37	4.50755e-05	22185	1	FALSE	ORF1ab:cds-YP_009724389.1	GTT	V	GAT	D	2089
NC_045512.2	19734	T	C	22255	20011	39	3	2	37	0.000134783	22258	0.99999	FALSE	ORF1ab:cds-YP_009724389.1	GTT	V	GTC	V	2089
NC_045512.2	19735	G	T	22168	19915	39	2	0	74	9.0212e-05	22170	0.250006	FALSE	ORF1ab:cds-YP_009724389.1	GAT	D	TAT	Y	2090
NC_045512.2	19736	A	G	22128	19921	39	2	2	37	9.03751e-05	22130	0.999999	FALSE	ORF1ab:cds-YP_009724389.1	GAT	D	GGT	G	2090
NC_045512.2	19737	T	C	22103	19966	39	6	6	35	0.00027137	22110	0.999545	FALSE	ORF1ab:cds-YP_009724389.1	GAT	D	GAC	D	2090
NC_045512.2	19737	T	A	22103	19966	39	1	1	25	4.52284e-05	22110	1	FALSE	ORF1ab:cds-YP_009724389.1	GAT	D	GAA	E	2090
NC_045512.2	19738	G	C	22058	20016	39	1	1	37	4.53165e-05	22067	1	FALSE	ORF1ab:cds-YP_009724389.1	GTA	V	CTA	L	2091
NC_045512.2	19738	G	A	22058	20016	39	8	7	41	0.000362532	22067	0.0546676	FALSE	ORF1ab:cds-YP_009724389.1	GTA	V	ATA	I	2091
NC_045512.2	19739	T	C	20204	18194	39	4	4	37	0.000197941	20208	0.999862	FALSE	ORF1ab:cds-YP_009724389.1	GTA	V	GCA	A	2091
NC_045512.2	19740	A	T	19878	17871	39	1	1	37	5.02993e-05	19881	0.999999	FALSE	ORF1ab:cds-YP_009724389.1	GTA	V	GTT	V	2091
NC_045512.2	19740	A	G	19878	17871	39	2	2	37	0.000100599	19881	0.99999	FALSE	ORF1ab:cds-YP_009724389.1	GTA	V	GTG	V	2091
NC_045512.2	19741	G	T	19810	17853	39	2	2	37	0.000100934	19815	0.99999	FALSE	ORF1ab:cds-YP_009724389.1	GAA	E	TAA	*	2092
NC_045512.2	19741	G	A	19810	17853	39	3	3	37	0.0001514	19815	0.99994	FALSE	ORF1ab:cds-YP_009724389.1	GAA	E	AAA	K	2092
NC_045512.2	19743	A	T	19739	17741	39	1	1	37	5.06509e-05	19743	0.999999	FALSE	ORF1ab:cds-YP_009724389.1	GAA	E	GAT	D	2092
NC_045512.2	19743	A	G	19739	17741	39	2	2	37	0.000101302	19743	0.99999	FALSE	ORF1ab:cds-YP_009724389.1	GAA	E	GAG	E	2092
NC_045512.2	19743	A	C	19739	17741	39	1	0	37	5.06509e-05	19743	0.999999	FALSE	ORF1ab:cds-YP_009724389.1	GAA	E	GAC	D	2092
NC_045512.2	19744	T	C	19600	17620	39	6	3	41	0.000305998	19608	0.0624749	FALSE	ORF1ab:cds-YP_009724389.1	TTG	L	CTG	L	2093
NC_045512.2	19744	T	A	19600	17620	39	2	2	37	0.000101999	19608	0.99999	FALSE	ORF1ab:cds-YP_009724389.1	TTG	L	ATG	M	2093
NC_045512.2	19744	T	+C	19600	17620	39	5	0	20	0.000254998	19608	1	FALSE	NA	NA	NA	NA	NA	NA
NC_045512.2	19745	T	C	15699	13746	40	26	0	37	0.00165342	15725	0.0585422	FALSE	ORF1ab:cds-YP_009724389.1	TTG	L	TCG	S	2093
NC_045512.2	19746	G	T	15494	13785	39	2	2	31	0.000129032	15500	0.999863	FALSE	ORF1ab:cds-YP_009724389.1	TTG	L	TTT	F	2093
NC_045512.2	19746	G	C	15494	13785	39	1	1	37	6.45161e-05	15500	0.999985	FALSE	ORF1ab:cds-YP_009724389.1	TTG	L	TTC	F	2093
NC_045512.2	19746	G	A	15494	13785	39	3	3	37	0.000193548	15500	0.999345	FALSE	ORF1ab:cds-YP_009724389.1	TTG	L	TTA	L	2093
NC_045512.2	19747	T	C	13211	11514	37	1	0	37	7.56888e-05	13212	0.999939	FALSE	ORF1ab:cds-YP_009724389.1	TTT	F	CTT	L	2094
NC_045512.2	19748	T	A	13967	12290	39	1	0	22	7.15922e-05	13968	1	FALSE	ORF1ab:cds-YP_009724389.1	TTT	F	TAT	Y	2094
NC_045512.2	19749	T	G	13943	12307	39	10	10	37	0.000716538	13956	0.797564	FALSE	ORF1ab:cds-YP_009724389.1	TTT	F	TTG	L	2094
NC_045512.2	19749	T	C	13943	12307	39	2	2	37	0.000143308	13956	0.999511	FALSE	ORF1ab:cds-YP_009724389.1	TTT	F	TTC	F	2094
NC_045512.2	19749	T	A	13943	12307	39	1	1	37	7.16538e-05	13956	0.999939	FALSE	ORF1ab:cds-YP_009724389.1	TTT	F	TTA	L	2094
NC_045512.2	19750	G	-A	13798	12175	39	1	0	20	7.24743e-05	13798	1	FALSE	NA	NA	NA	NA	NA	NA
NC_045512.2	19751	A	G	13729	12224	39	3	3	37	0.000218468	13732	0.997915	FALSE	ORF1ab:cds-YP_009724389.1	GAA	E	GGA	G	2095
NC_045512.2	19752	A	T	13702	12186	39	1	0	20	7.29661e-05	13705	1	FALSE	ORF1ab:cds-YP_009724389.1	GAA	E	GAT	D	2095
NC_045512.2	19752	A	G	13702	12186	39	2	2	37	0.000145932	13705	0.999513	FALSE	ORF1ab:cds-YP_009724389.1	GAA	E	GAG	E	2095
NC_045512.2	19753	A	T	13671	12219	39	1	1	37	7.31422e-05	13672	0.999939	FALSE	ORF1ab:cds-YP_009724389.1	AAT	N	TAT	Y	2096
NC_045512.2	19754	A	T	13699	12262	39	1	1	37	7.29607e-05	13706	0.999939	FALSE	ORF1ab:cds-YP_009724389.1	AAT	N	ATT	I	2096
NC_045512.2	19754	A	G	13699	12262	39	6	6	37	0.000437764	13706	0.968261	FALSE	ORF1ab:cds-YP_009724389.1	AAT	N	AGT	S	2096
NC_045512.2	19755	T	C	14812	12317	39	3	3	37	0.000202497	14815	0.998829	FALSE	ORF1ab:cds-YP_009724389.1	AAT	N	AAC	N	2096
NC_045512.2	19756	A	G	14730	12232	39	1	1	37	6.78841e-05	14731	0.99997	FALSE	ORF1ab:cds-YP_009724389.1	AAA	K	GAA	E	2097
NC_045512.2	19757	A	G	14693	12210	38	2	2	37	0.000136101	14695	0.999742	FALSE	ORF1ab:cds-YP_009724389.1	AAA	K	AGA	R	2097
NC_045512.2	19758	A	T	14567	12139	38	1	1	25	6.86342e-05	14570	1	FALSE	ORF1ab:cds-YP_009724389.1	AAA	K	AAT	N	2097
NC_045512.2	19758	A	G	14567	12139	38	2	2	31	0.000137268	14570	0.999741	FALSE	ORF1ab:cds-YP_009724389.1	AAA	K	AAG	K	2097
NC_045512.2	19759	A	G	14569	12177	38	2	2	37	0.000137259	14571	0.999742	FALSE	ORF1ab:cds-YP_009724389.1	ACA	T	GCA	A	2098
NC_045512.2	19760	C	T	14861	12258	38	1	1	37	6.72631e-05	14867	0.99997	FALSE	ORF1ab:cds-YP_009724389.1	ACA	T	ATA	I	2098
NC_045512.2	19760	C	G	14861	12258	38	3	1	37	0.000201789	14867	0.998827	FALSE	ORF1ab:cds-YP_009724389.1	ACA	T	AGA	R	2098
NC_045512.2	19760	C	A	14861	12258	38	2	1	55	0.000134526	14867	0.249941	FALSE	ORF1ab:cds-YP_009724389.1	ACA	T	AAA	K	2098
NC_045512.2	19761	A	T	14417	11831	38	2	2	37	0.000138677	14422	0.999741	FALSE	ORF1ab:cds-YP_009724389.1	ACA	T	ACT	T	2098
NC_045512.2	19761	A	G	14417	11831	38	2	2	37	0.000138677	14422	0.999741	FALSE	ORF1ab:cds-YP_009724389.1	ACA	T	ACG	T	2098
NC_045512.2	19761	A	C	14417	11831	38	1	1	37	6.93385e-05	14422	0.99997	FALSE	ORF1ab:cds-YP_009724389.1	ACA	T	ACC	T	2098
NC_045512.2	19761	A	+G	14417	11831	38	1	0	20	6.93385e-05	14422	1	FALSE	NA	NA	NA	NA	NA	NA
NC_045512.2	19762	A	G	14493	11728	38	2	1	37	0.000137979	14495	0.999742	FALSE	ORF1ab:cds-YP_009724389.1	ACA	T	GCA	A	2099
NC_045512.2	19763	C	T	14522	11919	38	1	1	25	6.88563e-05	14523	1	FALSE	ORF1ab:cds-YP_009724389.1	ACA	T	ATA	I	2099
NC_045512.2	19764	A	C	14177	11557	37	1	0	37	7.05318e-05	14178	0.99997	FALSE	ORF1ab:cds-YP_009724389.1	ACA	T	ACC	T	2099
NC_045512.2	19765	T	C	14067	11534	37	2	2	37	0.000142157	14069	0.999742	FALSE	ORF1ab:cds-YP_009724389.1	TTA	L	CTA	L	2100
NC_045512.2	19766	T	G	13755	11214	37	1	1	25	7.26797e-05	13759	1	FALSE	ORF1ab:cds-YP_009724389.1	TTA	L	TGA	*	2100
NC_045512.2	19766	T	C	13755	11214	37	2	2	37	0.000145359	13759	0.999513	FALSE	ORF1ab:cds-YP_009724389.1	TTA	L	TCA	S	2100
NC_045512.2	19766	T	A	13755	11214	37	1	0	37	7.26797e-05	13759	0.999939	FALSE	ORF1ab:cds-YP_009724389.1	TTA	L	TAA	*	2100
NC_045512.2	19767	A	G	1798	154	37	3	1	37	0.00166574	1801	0.312604	FALSE	ORF1ab:cds-YP_009724389.1	TTA	L	TTG	L	2100
NC_045512.2	19768	C	T	1828	195	38	1	0	37	0.000546747	1829	0.750205	FALSE	ORF1ab:cds-YP_009724389.1	CCT	P	TCT	S	2101
NC_045512.2	19769	C	T	1855	196	38	1	0	37	0.000538793	1856	0.750202	FALSE	ORF1ab:cds-YP_009724389.1	CCT	P	CTT	L	2101
NC_045512.2	19770	T	G	1908	225	38	1	1	37	0.00052356	1910	0.750065	FALSE	ORF1ab:cds-YP_009724389.1	CCT	P	CCG	P	2101
NC_045512.2	19770	T	C	1908	225	38	1	0	37	0.00052356	1910	0.750065	FALSE	ORF1ab:cds-YP_009724389.1	CCT	P	CCC	P	2101
NC_045512.2	19771	G	T	1985	230	38	1	0	37	0.000503525	1986	0.750189	FALSE	ORF1ab:cds-YP_009724389.1	GTT	V	TTT	F	2102
NC_045512.2	19778	T	C	2084	271	39	1	0	37	0.000479616	2085	0.87518	FALSE	ORF1ab:cds-YP_009724389.1	GTA	V	GCA	A	2104
NC_045512.2	19780	G	A	2150	288	39	2	1	37	0.000929368	2152	0.687762	FALSE	ORF1ab:cds-YP_009724389.1	GCA	A	ACA	T	2105
NC_045512.2	19781	C	T	2392	306	39	1	0	37	0.000417885	2393	0.875157	FALSE	ORF1ab:cds-YP_009724389.1	GCA	A	GTA	V	2105
NC_045512.2	19784	T	C	2379	307	39	1	0	37	0.000420168	2380	0.875158	FALSE	ORF1ab:cds-YP_009724389.1	TTT	F	TCT	S	2106
NC_045512.2	19794	G	T	2811	398	40	1	0	37	0.000355619	2812	0.875133	FALSE	ORF1ab:cds-YP_009724389.1	TGG	W	TGT	C	2109
NC_045512.2	19795	G	A	2813	398	40	7	0	37	0.00248227	2820	0.0897564	FALSE	ORF1ab:cds-YP_009724389.1	GCT	A	ACT	T	2110
NC_045512.2	19796	C	T	2830	403	40	2	0	37	0.000706215	2832	0.687699	FALSE	ORF1ab:cds-YP_009724389.1	GCT	A	GTT	V	2110
NC_045512.2	19798	A	G	2861	415	40	1	0	37	0.000349406	2862	0.875131	FALSE	ORF1ab:cds-YP_009724389.1	AAG	K	GAG	E	2111
NC_045512.2	19799	A	T	2853	412	40	1	0	37	0.000350385	2854	0.875131	FALSE	ORF1ab:cds-YP_009724389.1	AAG	K	ATG	M	2111
NC_045512.2	19801	C	T	2951	412	40	2	1	37	0.00067659	2956	0.68731	FALSE	ORF1ab:cds-YP_009724389.1	CGC	R	TGC	C	2112
NC_045512.2	19801	C	A	2951	412	40	3	1	37	0.00101488	2956	0.499841	FALSE	ORF1ab:cds-YP_009724389.1	CGC	R	AGC	S	2112
NC_045512.2	19802	G	A	2953	416	40	3	0	37	0.00101488	2956	0.500159	FALSE	ORF1ab:cds-YP_009724389.1	CGC	R	CAC	H	2112
NC_045512.2	19805	A	G	3140	478	41	8	8	35	0.0025413	3148	0.113179	FALSE	ORF1ab:cds-YP_009724389.1	AAC	N	AGC	S	2113
NC_045512.2	19806	C	T	3862	486	40	1	0	37	0.000258866	3863	0.937581	FALSE	ORF1ab:cds-YP_009724389.1	AAC	N	AAT	N	2113
NC_045512.2	19807	A	T	3860	481	40	1	1	37	0.000259	3861	0.937581	FALSE	ORF1ab:cds-YP_009724389.1	ATT	I	TTT	F	2114
NC_045512.2	19809	T	-A	3889	517	40	1	0	20	0.000257136	3889	1	FALSE	NA	NA	NA	NA	NA	NA
NC_045512.2	19813	C	T	3996	630	42	2	0	37	0.000500125	3999	0.812578	FALSE	ORF1ab:cds-YP_009724389.1	CCA	P	TCA	S	2116
NC_045512.2	19813	C	G	3996	630	42	1	0	37	0.000250063	3999	0.937516	FALSE	ORF1ab:cds-YP_009724389.1	CCA	P	GCA	A	2116
NC_045512.2	19814	C	T	4032	635	42	1	0	74	0.000247954	4033	0.500062	FALSE	ORF1ab:cds-YP_009724389.1	CCA	P	CTA	L	2116
NC_045512.2	19817	T	C	4126	673	41	2	0	37	0.000484496	4128	0.890767	FALSE	ORF1ab:cds-YP_009724389.1	GTA	V	GCA	A	2117
NC_045512.2	19818	A	T	4169	680	42	1	0	37	0.000239808	4170	0.968806	FALSE	ORF1ab:cds-YP_009724389.1	GTA	V	GTT	V	2117
NC_045512.2	19821	A	G	4175	763	43	1	1	37	0.000239464	4176	0.968806	FALSE	ORF1ab:cds-YP_009724389.1	CCA	P	CCG	P	2118
NC_045512.2	19822	G	C	4199	786	43	4	4	37	0.000951701	4203	0.636914	FALSE	ORF1ab:cds-YP_009724389.1	GAG	E	CAG	Q	2119
NC_045512.2	19822	G	-A	4199	786	43	2	0	20	0.000475851	4203	1	FALSE	NA	NA	NA	NA	NA	NA
NC_045512.2	19823	A	G	4182	786	43	1	1	74	0.000239063	4183	0.49994	FALSE	ORF1ab:cds-YP_009724389.1	GAG	E	GGG	G	2119
NC_045512.2	19827	G	A	4456	799	43	2	0	31	0.000448632	4458	0.890756	FALSE	ORF1ab:cds-YP_009724389.1	GTG	V	GTA	V	2120
NC_045512.2	19828	A	G	4475	849	44	2	0	37	0.000446728	4477	0.890756	FALSE	ORF1ab:cds-YP_009724389.1	AAA	K	GAA	E	2121
NC_045512.2	19829	A	G	4427	851	43	1	0	22	0.000225836	4428	1	FALSE	ORF1ab:cds-YP_009724389.1	AAA	K	AGA	R	2121
NC_045512.2	19832	T	C	4495	851	43	1	0	22	0.00022242	4496	1	FALSE	ORF1ab:cds-YP_009724389.1	ATA	I	ACA	T	2122
NC_045512.2	19833	A	G	4489	850	43	3	1	43	0.000667854	4492	0.125	FALSE	ORF1ab:cds-YP_009724389.1	ATA	I	ATG	M	2122
NC_045512.2	19834	C	G	4490	880	44	1	0	25	0.000222668	4491	1	FALSE	ORF1ab:cds-YP_009724389.1	CTC	L	GTC	V	2123
NC_045512.2	19835	T	A	4473	865	44	1	0	37	0.000223514	4474	0.968802	FALSE	ORF1ab:cds-YP_009724389.1	CTC	L	CAC	H	2123
NC_045512.2	19837	A	T	4083	1049	41	1	0	22	0.000244798	4085	1	FALSE	ORF1ab:cds-YP_009724389.1	AAT	N	TAT	Y	2124
NC_045512.2	19837	A	G	4083	1049	41	1	0	25	0.000244798	4085	1	FALSE	ORF1ab:cds-YP_009724389.1	AAT	N	GAT	D	2124
NC_045512.2	19839	T	C	3991	1112	41	2	1	37	0.000500877	3993	0.812657	FALSE	ORF1ab:cds-YP_009724389.1	AAT	N	AAC	N	2124
NC_045512.2	19840	A	G	4004	1131	41	1	1	37	0.000249688	4005	0.968809	FALSE	ORF1ab:cds-YP_009724389.1	AAT	N	GAT	D	2125
NC_045512.2	19842	T	G	3820	1146	40	2	1	31	0.000523286	3822	0.812664	FALSE	ORF1ab:cds-YP_009724389.1	AAT	N	AAG	K	2125
NC_045512.2	19846	G	T	4368	1181	41	2	1	55	0.000457666	4370	0.250029	FALSE	ORF1ab:cds-YP_009724389.1	GGT	G	TGT	C	2127
NC_045512.2	19849	G	A	4388	1181	41	2	1	37	0.000455581	4390	0.890758	FALSE	ORF1ab:cds-YP_009724389.1	GTG	V	ATG	M	2128
NC_045512.2	19856	T	C	4301	1189	40	1	0	37	0.00023245	4302	0.968804	FALSE	ORF1ab:cds-YP_009724389.1	ATT	I	ACT	T	2130
NC_045512.2	19858	G	A	4529	1201	41	4	0	55	0.000882418	4533	0.0624862	FALSE	ORF1ab:cds-YP_009724389.1	GCT	A	ACT	T	2131
NC_045512.2	19859	C	T	4530	1194	41	4	1	37	0.000882223	4534	0.6369	FALSE	ORF1ab:cds-YP_009724389.1	GCT	A	GTT	V	2131
NC_045512.2	19860	T	C	4498	1173	41	3	1	37	0.000666519	4501	0.77362	FALSE	ORF1ab:cds-YP_009724389.1	GCT	A	GCC	A	2131
NC_045512.2	19861	G	T	4707	1197	41	2	0	37	0.000424448	4712	0.8906	FALSE	ORF1ab:cds-YP_009724389.1	GCT	A	TCT	S	2132
NC_045512.2	19861	G	A	4707	1197	41	3	1	37	0.000636672	4712	0.773438	FALSE	ORF1ab:cds-YP_009724389.1	GCT	A	ACT	T	2132
NC_045512.2	19862	C	T	4747	1199	40	4	1	37	0.000841928	4751	0.636891	FALSE	ORF1ab:cds-YP_009724389.1	GCT	A	GTT	V	2132
NC_045512.2	19863	T	C	4681	1250	40	3	0	40	0.000640478	4684	0.125	FALSE	ORF1ab:cds-YP_009724389.1	GCT	A	GCC	A	2132
NC_045512.2	19863	T	-A	4681	1250	40	1	0	20	0.000213493	4684	1	FALSE	NA	NA	NA	NA	NA	NA
NC_045512.2	19865	A	G	4610	1252	40	1	0	37	0.000216873	4611	0.968801	FALSE	ORF1ab:cds-YP_009724389.1	AAT	N	AGT	S	2133
NC_045512.2	19867	A	G	4684	1240	40	1	0	37	0.000213447	4685	0.968783	FALSE	ORF1ab:cds-YP_009724389.1	ACT	T	GCT	A	2134
NC_045512.2	19868	C	T	4674	1241	40	1	0	37	0.000213904	4675	0.9688	FALSE	ORF1ab:cds-YP_009724389.1	ACT	T	ATT	I	2134
NC_045512.2	19869	T	C	4608	1191	40	1	0	37	0.000216967	4609	0.968801	FALSE	ORF1ab:cds-YP_009724389.1	ACT	T	ACC	T	2134
NC_045512.2	19870	G	A	4630	1249	40	1	0	37	0.000215936	4631	0.968801	FALSE	ORF1ab:cds-YP_009724389.1	GTG	V	ATG	M	2135
NC_045512.2	19871	T	C	4553	1222	40	1	0	37	0.000219539	4555	0.968784	FALSE	ORF1ab:cds-YP_009724389.1	GTG	V	GCG	A	2135
NC_045512.2	19871	T	A	4553	1222	40	1	0	25	0.000219539	4555	1	FALSE	ORF1ab:cds-YP_009724389.1	GTG	V	GAG	E	2135
NC_045512.2	19872	G	C	4625	1253	40	1	0	25	0.000216169	4626	1	FALSE	ORF1ab:cds-YP_009724389.1	GTG	V	GTC	V	2135
NC_045512.2	19873	A	T	4672	1262	40	1	1	37	0.000213995	4673	0.9688	FALSE	ORF1ab:cds-YP_009724389.1	ATC	I	TTC	F	2136
NC_045512.2	19874	T	C	4638	1256	39	1	1	37	0.000215564	4639	0.968801	FALSE	ORF1ab:cds-YP_009724389.1	ATC	I	ACC	T	2136
NC_045512.2	19876	T	C	4669	1337	40	1	0	37	0.000214133	4670	0.9688	FALSE	ORF1ab:cds-YP_009724389.1	TGG	W	CGG	R	2137
NC_045512.2	19878	G	A	4641	1339	40	2	1	37	0.000430756	4643	0.890751	FALSE	ORF1ab:cds-YP_009724389.1	TGG	W	TGA	*	2137
NC_045512.2	19882	T	C	4703	1466	40	1	0	37	0.000212585	4704	0.9688	FALSE	ORF1ab:cds-YP_009724389.1	TAC	Y	CAC	H	2139
NC_045512.2	19884	C	T	4806	1517	41	2	1	37	0.000415973	4808	0.890747	FALSE	ORF1ab:cds-YP_009724389.1	TAC	Y	TAT	Y	2139
NC_045512.2	19884	C	-A	4806	1517	41	2	0	20	0.000415973	4808	1	FALSE	NA	NA	NA	NA	NA	NA
NC_045512.2	19885	A	G	4805	1513	41	2	1	55	0.00041606	4807	0.249922	FALSE	ORF1ab:cds-YP_009724389.1	AAA	K	GAA	E	2140
NC_045512.2	19885	A	+G	4805	1513	41	1	0	20	0.000207943	4809	1	FALSE	NA	NA	NA	NA	NA	NA
NC_045512.2	19890	A	T	4576	1443	40	1	0	37	0.000218436	4578	0.968784	FALSE	ORF1ab:cds-YP_009724389.1	AGA	R	AGT	S	2141
NC_045512.2	19890	A	G	4576	1443	40	1	0	37	0.000218436	4578	0.968784	FALSE	ORF1ab:cds-YP_009724389.1	AGA	R	AGG	R	2141
NC_045512.2	19891	G	T	4637	1476	40	1	0	25	0.000215564	4639	1	FALSE	ORF1ab:cds-YP_009724389.1	GAT	D	TAT	Y	2142
NC_045512.2	19891	G	A	4637	1476	40	1	0	74	0.000215564	4639	0.5	FALSE	ORF1ab:cds-YP_009724389.1	GAT	D	AAT	N	2142
NC_045512.2	19892	A	G	4563	1401	40	2	2	31	0.000438116	4565	0.890753	FALSE	ORF1ab:cds-YP_009724389.1	GAT	D	GGT	G	2142
NC_045512.2	19893	T	C	4592	1432	40	3	1	32	0.000652884	4595	0.773616	FALSE	ORF1ab:cds-YP_009724389.1	GAT	D	GAC	D	2142
NC_045512.2	19894	G	A	4526	1482	40	2	1	37	0.000441696	4528	0.890754	FALSE	ORF1ab:cds-YP_009724389.1	GCT	A	ACT	T	2143
NC_045512.2	19895	C	T	4673	1497	40	1	0	37	0.00021395	4674	0.9688	FALSE	ORF1ab:cds-YP_009724389.1	GCT	A	GTT	V	2143
NC_045512.2	19896	T	A	4668	1493	40	2	0	31	0.000428266	4670	0.89075	FALSE	ORF1ab:cds-YP_009724389.1	GCT	A	GCA	A	2143
NC_045512.2	19900	G	A	4724	1527	40	3	2	37	0.000634652	4727	0.773611	FALSE	ORF1ab:cds-YP_009724389.1	GCA	A	ACA	T	2145
NC_045512.2	19901	C	T	4693	1553	40	3	0	32	0.000638842	4696	0.773612	FALSE	ORF1ab:cds-YP_009724389.1	GCA	A	GTA	V	2145
NC_045512.2	19902	A	T	4754	1628	40	1	0	37	0.000210305	4755	0.968799	FALSE	ORF1ab:cds-YP_009724389.1	GCA	A	GCT	A	2145
NC_045512.2	19903	C	G	4870	1615	40	2	1	31	0.000410509	4872	0.890745	FALSE	ORF1ab:cds-YP_009724389.1	CAT	H	GAT	D	2146
NC_045512.2	19904	A	G	4768	1528	40	1	1	37	0.0002096	4771	0.968766	FALSE	ORF1ab:cds-YP_009724389.1	CAT	H	CGT	R	2146
NC_045512.2	19904	A	C	4768	1528	40	2	0	37	0.000419199	4771	0.890699	FALSE	ORF1ab:cds-YP_009724389.1	CAT	H	CCT	P	2146
NC_045512.2	19905	T	C	4884	1550	40	1	0	37	0.000204708	4885	0.968798	FALSE	ORF1ab:cds-YP_009724389.1	CAT	H	CAC	H	2146
NC_045512.2	19906	A	G	4826	1579	40	1	1	74	0.000207168	4827	0.500052	FALSE	ORF1ab:cds-YP_009724389.1	ATA	I	GTA	V	2147
NC_045512.2	19907	T	C	4449	1754	39	1	0	74	0.000224719	4450	0.500056	FALSE	ORF1ab:cds-YP_009724389.1	ATA	I	ACA	T	2147
NC_045512.2	19909	T	C	4439	1728	39	1	0	37	0.000225225	4440	0.968803	FALSE	ORF1ab:cds-YP_009724389.1	TCT	S	CCT	P	2148
NC_045512.2	19911	T	C	4437	1706	39	1	1	37	0.000225327	4438	0.968803	FALSE	ORF1ab:cds-YP_009724389.1	TCT	S	TCC	S	2148
NC_045512.2	19912	A	G	4385	1642	39	2	1	37	0.000455892	4387	0.890759	FALSE	ORF1ab:cds-YP_009724389.1	ACT	T	GCT	A	2149
NC_045512.2	19913	C	T	4598	1668	39	2	1	37	0.000434783	4600	0.890752	FALSE	ORF1ab:cds-YP_009724389.1	ACT	T	ATT	I	2149
NC_045512.2	19919	G	T	4533	1684	39	1	0	37	0.000220507	4535	0.968784	FALSE	ORF1ab:cds-YP_009724389.1	GGT	G	GTT	V	2151
NC_045512.2	19919	G	A	4533	1684	39	1	0	37	0.000220507	4535	0.968784	FALSE	ORF1ab:cds-YP_009724389.1	GGT	G	GAT	D	2151
NC_045512.2	19921	G	A	4547	1665	39	1	0	37	0.000219877	4548	0.968802	FALSE	ORF1ab:cds-YP_009724389.1	GTT	V	ATT	I	2152
NC_045512.2	19922	T	C	4376	1524	39	1	0	37	0.000228467	4377	0.968804	FALSE	ORF1ab:cds-YP_009724389.1	GTT	V	GCT	A	2152
NC_045512.2	19923	T	C	4380	1548	40	2	1	37	0.000456413	4382	0.890759	FALSE	ORF1ab:cds-YP_009724389.1	GTT	V	GTC	V	2152
NC_045512.2	19924	T	C	4388	1550	40	1	0	37	0.000227842	4389	0.968803	FALSE	ORF1ab:cds-YP_009724389.1	TGT	C	CGT	R	2153
NC_045512.2	19925	G	T	4294	1554	39	1	0	37	0.000232829	4295	0.968805	FALSE	ORF1ab:cds-YP_009724389.1	TGT	C	TTT	F	2153
NC_045512.2	19927	T	C	4348	1642	39	1	0	22	0.000229938	4349	1	FALSE	ORF1ab:cds-YP_009724389.1	TCT	S	CCT	P	2154
NC_045512.2	19928	C	A	4314	1618	39	1	1	22	0.00023175	4315	1	FALSE	ORF1ab:cds-YP_009724389.1	TCT	S	TAT	Y	2154
NC_045512.2	19929	T	C	4268	1570	39	3	1	33	0.000702247	4272	0.773534	FALSE	ORF1ab:cds-YP_009724389.1	TCT	S	TCC	S	2154
NC_045512.2	19929	T	A	4268	1570	39	1	0	25	0.000234082	4272	1	FALSE	ORF1ab:cds-YP_009724389.1	TCT	S	TCA	S	2154
NC_045512.2	19932	G	T	4326	1603	40	1	1	25	0.000231	4329	1	FALSE	ORF1ab:cds-YP_009724389.1	ATG	M	ATT	I	2155
NC_045512.2	19932	G	A	4326	1603	40	2	1	37	0.000462	4329	0.890706	FALSE	ORF1ab:cds-YP_009724389.1	ATG	M	ATA	I	2155
NC_045512.2	19933	A	G	4324	1601	40	2	2	28	0.000462321	4326	1	FALSE	ORF1ab:cds-YP_009724389.1	ACT	T	GCT	A	2156
NC_045512.2	19934	C	T	4318	1600	40	2	1	37	0.000462963	4320	0.890761	FALSE	ORF1ab:cds-YP_009724389.1	ACT	T	ATT	I	2156
NC_045512.2	19935	T	C	4260	1548	40	1	1	37	0.000234687	4261	0.968805	FALSE	ORF1ab:cds-YP_009724389.1	ACT	T	ACC	T	2156
NC_045512.2	19936	G	A	4309	1567	40	2	1	37	0.000463929	4311	0.890761	FALSE	ORF1ab:cds-YP_009724389.1	GAC	D	AAC	N	2157
NC_045512.2	19941	A	G	4330	1735	40	1	1	48	0.000230894	4331	0.500058	FALSE	ORF1ab:cds-YP_009724389.1	ATA	I	ATG	M	2158
NC_045512.2	19942	G	C	4321	1752	40	1	0	37	0.000231321	4323	0.968786	FALSE	ORF1ab:cds-YP_009724389.1	GCC	A	CCC	P	2159
NC_045512.2	19942	G	A	4321	1752	40	1	0	74	0.000231321	4323	0.5	FALSE	ORF1ab:cds-YP_009724389.1	GCC	A	ACC	T	2159
NC_045512.2	19943	C	T	4325	1745	40	2	0	37	0.000462214	4327	0.89076	FALSE	ORF1ab:cds-YP_009724389.1	GCC	A	GTC	V	2159
NC_045512.2	19944	C	-A	4385	1806	41	1	0	20	0.00022805	4385	1	FALSE	NA	NA	NA	NA	NA	NA
NC_045512.2	19947	G	A	4172	1836	40	1	0	37	0.000239636	4173	0.968806	FALSE	ORF1ab:cds-YP_009724389.1	AAG	K	AAA	K	2160
NC_045512.2	19951	C	T	4263	1939	41	1	0	37	0.000234522	4264	0.968805	FALSE	ORF1ab:cds-YP_009724389.1	CCA	P	TCA	S	2162
NC_045512.2	19952	C	T	4148	1936	41	1	0	37	0.000241022	4149	0.968806	FALSE	ORF1ab:cds-YP_009724389.1	CCA	P	CTA	L	2162
NC_045512.2	19953	A	G	4181	1982	41	1	0	37	0.00023912	4182	0.968806	FALSE	ORF1ab:cds-YP_009724389.1	CCA	P	CCG	P	2162
NC_045512.2	19955	C	T	0	0	0	4173	2013	41	1	4173	0	TRUE	ORF1ab:cds-YP_009724389.1	ACT	T	ATT	I	2163
NC_045512.2	19956	T	A	4208	2030	41	1	1	25	0.000237586	4209	1	FALSE	ORF1ab:cds-YP_009724389.1	ACT	T	ACA	T	2163
NC_045512.2	19957	G	-A	4194	2021	41	1	0	20	0.000238436	4194	1	FALSE	NA	NA	NA	NA	NA	NA
NC_045512.2	19959	A	G	4208	2121	41	1	0	37	0.000237586	4209	0.968806	FALSE	ORF1ab:cds-YP_009724389.1	GAA	E	GAG	E	2164
NC_045512.2	19961	C	T	4140	2122	41	4	1	34	0.000965251	4144	0.636917	FALSE	ORF1ab:cds-YP_009724389.1	ACG	T	ATG	M	2165
NC_045512.2	19962	G	A	4026	2193	40	3	2	61	0.000744602	4029	0.125	FALSE	ORF1ab:cds-YP_009724389.1	ACG	T	ACA	T	2165
NC_045512.2	19963	A	G	4314	2657	41	1	1	37	0.00023175	4315	0.968804	FALSE	ORF1ab:cds-YP_009724389.1	ATT	I	GTT	V	2166
NC_045512.2	19966	T	G	4635	3004	42	1	1	37	0.000215703	4636	0.968801	FALSE	ORF1ab:cds-YP_009724389.1	TGT	C	GGT	G	2167
NC_045512.2	19969	G	A	5080	3527	43	2	0	37	0.000393546	5082	0.937597	FALSE	ORF1ab:cds-YP_009724389.1	GCA	A	ACA	T	2168
NC_045512.2	19970	C	T	5100	3569	43	11	9	43	0.00215222	5111	0.000486182	TRUE	ORF1ab:cds-YP_009724389.1	GCA	A	GTA	V	2168
NC_045512.2	19971	A	T	5032	3506	43	1	0	25	0.000198649	5034	1	FALSE	ORF1ab:cds-YP_009724389.1	GCA	A	GCT	A	2168
NC_045512.2	19971	A	G	5032	3506	43	1	1	37	0.000198649	5034	0.984398	FALSE	ORF1ab:cds-YP_009724389.1	GCA	A	GCG	A	2168
NC_045512.2	19975	C	G	4986	3509	42	1	1	25	0.000200481	4988	1	FALSE	ORF1ab:cds-YP_009724389.1	CTC	L	GTC	V	2170
NC_045512.2	19975	C	A	4986	3509	42	1	1	25	0.000200481	4988	1	FALSE	ORF1ab:cds-YP_009724389.1	CTC	L	ATC	I	2170
NC_045512.2	19977	C	A	5064	3648	44	1	1	37	0.000197433	5065	0.984389	FALSE	ORF1ab:cds-YP_009724389.1	CTC	L	CTA	L	2170
NC_045512.2	19979	C	A	5035	3648	43	1	1	37	0.00019857	5036	0.984408	FALSE	ORF1ab:cds-YP_009724389.1	ACT	T	AAT	N	2171
NC_045512.2	19980	T	C	5013	3622	43	2	1	37	0.000398804	5015	0.937598	FALSE	ORF1ab:cds-YP_009724389.1	ACT	T	ACC	T	2171
NC_045512.2	19981	G	A	4982	3575	44	1	1	37	0.000200682	4983	0.968797	FALSE	ORF1ab:cds-YP_009724389.1	GTC	V	ATC	I	2172
NC_045512.2	19982	T	C	4912	3647	43	1	0	37	0.000203542	4913	0.968798	FALSE	ORF1ab:cds-YP_009724389.1	GTC	V	GCC	A	2172
NC_045512.2	19983	C	T	4777	3501	43	1	1	37	0.000209293	4778	0.968799	FALSE	ORF1ab:cds-YP_009724389.1	GTC	V	GTT	V	2172
NC_045512.2	19983	C	-T	4777	3501	43	6	0	20	0.00125576	4778	1	FALSE	NA	NA	NA	NA	NA	NA
NC_045512.2	19984	T	C	4769	3533	43	2	1	37	0.000419111	4772	0.890404	FALSE	ORF1ab:cds-YP_009724389.1	TTT	F	CTT	L	2173
NC_045512.2	19984	T	A	4769	3533	43	1	1	37	0.000209556	4772	0.968668	FALSE	ORF1ab:cds-YP_009724389.1	TTT	F	ATT	I	2173
NC_045512.2	19985	T	G	4745	3548	42	1	0	37	0.000210659	4747	0.968783	FALSE	ORF1ab:cds-YP_009724389.1	TTT	F	TGT	C	2173
NC_045512.2	19985	T	C	4745	3548	42	1	1	37	0.000210659	4747	0.968783	FALSE	ORF1ab:cds-YP_009724389.1	TTT	F	TCT	S	2173
NC_045512.2	19988	T	C	5015	3888	43	1	1	37	0.000199362	5016	0.984408	FALSE	ORF1ab:cds-YP_009724389.1	TTT	F	TCT	S	2174
NC_045512.2	19990	G	T	5041	3931	43	1	1	25	0.000198334	5042	1	FALSE	ORF1ab:cds-YP_009724389.1	GAT	D	TAT	Y	2175
NC_045512.2	19991	A	G	4948	3857	42	2	2	37	0.00040404	4950	0.890743	FALSE	ORF1ab:cds-YP_009724389.1	GAT	D	GGT	G	2175
NC_045512.2	19992	T	C	4954	3904	42	3	2	49	0.000605205	4957	0.125	FALSE	ORF1ab:cds-YP_009724389.1	GAT	D	GAC	D	2175
NC_045512.2	19994	G	T	4987	3878	43	1	1	37	0.000200401	4990	0.968766	FALSE	ORF1ab:cds-YP_009724389.1	GGT	G	GTT	V	2176
NC_045512.2	19994	G	A	4987	3878	43	2	2	49	0.000400802	4990	0.249975	FALSE	ORF1ab:cds-YP_009724389.1	GGT	G	GAT	D	2176
NC_045512.2	19995	T	C	5087	4040	43	2	2	37	0.000393005	5089	0.937597	FALSE	ORF1ab:cds-YP_009724389.1	GGT	G	GGC	G	2176
NC_045512.2	19996	A	G	5062	4096	42	1	1	37	0.000197511	5063	0.984407	FALSE	ORF1ab:cds-YP_009724389.1	AGA	R	GGA	G	2177
NC_045512.2	19998	A	T	5097	4112	42	1	1	37	0.000196117	5099	0.984398	FALSE	ORF1ab:cds-YP_009724389.1	AGA	R	AGT	S	2177
NC_045512.2	19998	A	G	5097	4112	42	1	1	37	0.000196117	5099	0.984398	FALSE	ORF1ab:cds-YP_009724389.1	AGA	R	AGG	R	2177
NC_045512.2	20001	T	C	5105	4148	43	1	0	36	0.000195848	5106	0.984407	FALSE	ORF1ab:cds-YP_009724389.1	GTT	V	GTC	V	2178
NC_045512.2	20002	G	A	5087	4144	43	1	1	37	0.000196541	5088	0.984407	FALSE	ORF1ab:cds-YP_009724389.1	GAT	D	AAT	N	2179
NC_045512.2	20003	A	G	4922	3997	42	1	1	74	0.000203046	4925	0.499949	FALSE	ORF1ab:cds-YP_009724389.1	GAT	D	GGT	G	2179
NC_045512.2	20003	A	C	4922	3997	42	2	0	37	0.000406091	4925	0.890696	FALSE	ORF1ab:cds-YP_009724389.1	GAT	D	GCT	A	2179
NC_045512.2	20004	T	A	4946	4095	42	1	1	37	0.000202143	4947	0.968797	FALSE	ORF1ab:cds-YP_009724389.1	GAT	D	GAA	E	2179
NC_045512.2	20005	G	T	4999	4174	42	2	2	55	0.00039976	5003	0.249925	FALSE	ORF1ab:cds-YP_009724389.1	GGT	G	TGT	C	2180
NC_045512.2	20005	G	A	4999	4174	42	2	1	37	0.00039976	5003	0.937533	FALSE	ORF1ab:cds-YP_009724389.1	GGT	G	AGT	S	2180
NC_045512.2	20007	T	C	4960	4211	41	3	3	37	0.000604473	4963	0.773603	FALSE	ORF1ab:cds-YP_009724389.1	GGT	G	GGC	G	2180
NC_045512.2	20009	A	T	4828	4127	41	1	0	37	0.000207082	4829	0.968799	FALSE	ORF1ab:cds-YP_009724389.1	CAA	Q	CTA	L	2181
NC_045512.2	20011	G	A	4820	4132	41	1	1	37	0.000207426	4821	0.968799	FALSE	ORF1ab:cds-YP_009724389.1	GTA	V	ATA	I	2182
NC_045512.2	20012	T	C	4808	4119	41	1	1	37	0.000207943	4809	0.968799	FALSE	ORF1ab:cds-YP_009724389.1	GTA	V	GCA	A	2182
NC_045512.2	20013	A	C	4807	4141	41	2	0	37	0.000415887	4809	0.890747	FALSE	ORF1ab:cds-YP_009724389.1	GTA	V	GTC	V	2182
NC_045512.2	20015	A	T	4646	4107	39	1	1	37	0.000215193	4647	0.9688	FALSE	ORF1ab:cds-YP_009724389.1	GAC	D	GTC	V	2183
NC_045512.2	20016	C	T	4611	4080	39	3	3	37	0.000650195	4614	0.773615	FALSE	ORF1ab:cds-YP_009724389.1	GAC	D	GAT	D	2183
NC_045512.2	20018	T	C	4562	4028	40	2	2	37	0.000438212	4564	0.890753	FALSE	ORF1ab:cds-YP_009724389.1	TTA	L	TCA	S	2184
NC_045512.2	20024	G	T	4429	3990	39	1	1	37	0.000225734	4430	0.968803	FALSE	ORF1ab:cds-YP_009724389.1	AGA	R	ATA	I	2186
NC_045512.2	20026	A	T	4229	3789	38	1	1	25	0.000236407	4230	1	FALSE	ORF1ab:cds-YP_009724389.1	AAT	N	TAT	Y	2187
NC_045512.2	20029	G	T	4310	3909	39	1	1	37	0.000231965	4311	0.968804	FALSE	ORF1ab:cds-YP_009724389.1	GCC	A	TCC	S	2188
NC_045512.2	20030	C	T	4283	3884	39	6	6	37	0.00139828	4291	0.376738	FALSE	ORF1ab:cds-YP_009724389.1	GCC	A	GTC	V	2188
NC_045512.2	20030	C	A	4283	3884	39	2	2	37	0.000466092	4291	0.890434	FALSE	ORF1ab:cds-YP_009724389.1	GCC	A	GAC	D	2188
NC_045512.2	20031	C	T	4282	3892	38	1	1	37	0.000233427	4284	0.968786	FALSE	ORF1ab:cds-YP_009724389.1	GCC	A	GCT	A	2188
NC_045512.2	20031	C	A	4282	3892	38	1	1	37	0.000233427	4284	0.968786	FALSE	ORF1ab:cds-YP_009724389.1	GCC	A	GCA	A	2188
NC_045512.2	20032	C	T	4255	3870	38	1	0	37	0.000234852	4258	0.968768	FALSE	ORF1ab:cds-YP_009724389.1	CGT	R	TGT	C	2189
NC_045512.2	20032	C	A	4255	3870	38	2	2	37	0.000469704	4258	0.890708	FALSE	ORF1ab:cds-YP_009724389.1	CGT	R	AGT	S	2189
NC_045512.2	20033	G	A	4246	3877	38	1	1	37	0.00023546	4247	0.968805	FALSE	ORF1ab:cds-YP_009724389.1	CGT	R	CAT	H	2189
NC_045512.2	20035	A	T	4226	3858	38	1	1	25	0.000236574	4227	1	FALSE	ORF1ab:cds-YP_009724389.1	AAT	N	TAT	Y	2190
NC_045512.2	20038	G	A	4177	3844	38	1	1	25	0.000239349	4178	1	FALSE	ORF1ab:cds-YP_009724389.1	GGT	G	AGT	S	2191
NC_045512.2	20039	G	T	4181	3847	38	1	1	25	0.000239063	4183	1	FALSE	ORF1ab:cds-YP_009724389.1	GGT	G	GTT	V	2191
NC_045512.2	20039	G	A	4181	3847	38	1	1	25	0.000239063	4183	1	FALSE	ORF1ab:cds-YP_009724389.1	GGT	G	GAT	D	2191
NC_045512.2	20040	T	C	3939	3606	38	1	1	37	0.000253743	3941	0.937548	FALSE	ORF1ab:cds-YP_009724389.1	GGT	G	GGC	G	2191
NC_045512.2	20040	T	A	3939	3606	38	1	1	25	0.000253743	3941	1	FALSE	ORF1ab:cds-YP_009724389.1	GGT	G	GGA	G	2191
NC_045512.2	20043	T	C	3862	3554	38	1	1	37	0.000258866	3863	0.937581	FALSE	ORF1ab:cds-YP_009724389.1	GTT	V	GTC	V	2192
NC_045512.2	20049	T	C	3725	3429	38	1	1	25	0.000268384	3726	1	FALSE	ORF1ab:cds-YP_009724389.1	ATT	I	ATC	I	2194
NC_045512.2	20052	A	G	3544	3253	38	1	0	74	0.000282087	3545	0.500071	FALSE	ORF1ab:cds-YP_009724389.1	ACA	T	ACG	T	2195
NC_045512.2	20055	A	T	0	0	0	4	4	37	0.0011713	3415	6.16529e-12	TRUE	ORF1ab:cds-YP_009724389.1	GAA	E	GAT	D	2196
NC_045512.2	20055	A	G	0	0	0	3411	3127	38	0.998829	3415	0	TRUE	ORF1ab:cds-YP_009724389.1	GAA	E	GAG	E	2196
NC_045512.2	20057	G	A	3385	3098	38	2	2	55	0.000590493	3387	0.250037	FALSE	ORF1ab:cds-YP_009724389.1	GGT	G	GAT	D	2197
NC_045512.2	20058	T	A	3358	3078	38	1	1	37	0.000297708	3359	0.937593	FALSE	ORF1ab:cds-YP_009724389.1	GGT	G	GGA	G	2197
NC_045512.2	20063	T	C	3816	2967	37	4	4	37	0.00104712	3820	0.500143	FALSE	ORF1ab:cds-YP_009724389.1	GTT	V	GCT	A	2199
NC_045512.2	20064	T	C	2891	2059	38	2	1	31	0.000691085	2894	0.687565	FALSE	ORF1ab:cds-YP_009724389.1	GTT	V	GTC	V	2199
NC_045512.2	20064	T	A	2891	2059	38	1	1	37	0.000345543	2894	0.875	FALSE	ORF1ab:cds-YP_009724389.1	GTT	V	GTA	V	2199
NC_045512.2	20067	A	T	2877	2051	37	2	2	37	0.000694444	2880	0.687565	FALSE	ORF1ab:cds-YP_009724389.1	AAA	K	AAT	N	2200
NC_045512.2	20067	A	G	2877	2051	37	1	0	37	0.000347222	2880	0.875	FALSE	ORF1ab:cds-YP_009724389.1	AAA	K	AAG	K	2200
NC_045512.2	20068	G	T	2876	2072	37	2	0	37	0.000694927	2878	0.687696	FALSE	ORF1ab:cds-YP_009724389.1	GGT	G	TGT	C	2201
NC_045512.2	20069	G	C	2922	2041	37	1	1	37	0.000341997	2924	0.875064	FALSE	ORF1ab:cds-YP_009724389.1	GGT	G	GCT	A	2201
NC_045512.2	20069	G	A	2922	2041	37	1	1	37	0.000341997	2924	0.875064	FALSE	ORF1ab:cds-YP_009724389.1	GGT	G	GAT	D	2201
NC_045512.2	20071	T	C	2246	1369	37	1	0	37	0.000445038	2247	0.875167	FALSE	ORF1ab:cds-YP_009724389.1	TTA	L	CTA	L	2202
NC_045512.2	20073	A	C	2234	1381	37	1	1	37	0.000447427	2235	0.875168	FALSE	ORF1ab:cds-YP_009724389.1	TTA	L	TTC	F	2202
NC_045512.2	20074	C	T	2252	1401	37	1	1	37	0.000443459	2255	0.875	FALSE	ORF1ab:cds-YP_009724389.1	CAA	Q	TAA	*	2203
NC_045512.2	20074	C	G	2252	1401	37	2	2	37	0.000886918	2255	0.687583	FALSE	ORF1ab:cds-YP_009724389.1	CAA	Q	GAA	E	2203
NC_045512.2	20076	A	G	2225	1377	37	1	0	37	0.000449236	2226	0.875168	FALSE	ORF1ab:cds-YP_009724389.1	CAA	Q	CAG	Q	2203
NC_045512.2	20081	C	T	1895	954	37	1	1	37	0.000527426	1896	0.750198	FALSE	ORF1ab:cds-YP_009724389.1	TCT	S	TTT	F	2205
NC_045512.2	20083	G	T	1886	960	38	1	1	37	0.000529661	1888	0.750066	FALSE	ORF1ab:cds-YP_009724389.1	GTA	V	TTA	L	2206
NC_045512.2	20083	G	C	1886	960	38	1	0	37	0.000529661	1888	0.750066	FALSE	ORF1ab:cds-YP_009724389.1	GTA	V	CTA	L	2206
NC_045512.2	20084	T	C	1867	971	38	1	1	37	0.000535332	1868	0.750201	FALSE	ORF1ab:cds-YP_009724389.1	GTA	V	GCA	A	2206
NC_045512.2	20085	A	G	1812	931	38	1	0	37	0.000551572	1813	0.750207	FALSE	ORF1ab:cds-YP_009724389.1	GTA	V	GTG	V	2206
NC_045512.2	20090	C	T	932	61	39	2	0	55	0.00214133	934	0.250134	FALSE	ORF1ab:cds-YP_009724389.1	CCC	P	CTC	L	2208
NC_045512.2	20091	C	A	934	62	39	1	0	37	0.00106952	935	0.500268	FALSE	ORF1ab:cds-YP_009724389.1	CCC	P	CCA	P	2208
NC_045512.2	20099	C	T	980	69	39	1	0	37	0.00101937	981	0.500255	FALSE	ORF1ab:cds-YP_009724389.1	GCT	A	GTT	V	2211
NC_045512.2	20101	A	G	992	72	39	1	0	37	0.00100705	993	0.500252	FALSE	ORF1ab:cds-YP_009724389.1	AGT	S	GGT	G	2212
NC_045512.2	20112	A	T	1112	99	40	1	0	25	0.000898473	1113	0.999764	FALSE	ORF1ab:cds-YP_009724389.1	GGA	G	GGT	G	2215
NC_045512.2	20119	T	C	1147	131	42	1	0	37	0.00087108	1148	0.750327	FALSE	ORF1ab:cds-YP_009724389.1	TTA	L	CTA	L	2218
NC_045512.2	20124	T	A	1173	133	42	1	0	25	0.000851789	1174	0.999764	FALSE	ORF1ab:cds-YP_009724389.1	ATT	I	ATA	I	2219
NC_045512.2	20132	C	T	1178	133	42	2	0	37	0.00169492	1180	0.500318	FALSE	ORF1ab:cds-YP_009724389.1	GCC	A	GTC	V	2222
NC_045512.2	20135	T	G	1213	152	43	1	0	37	0.000823723	1214	0.750309	FALSE	ORF1ab:cds-YP_009724389.1	GTA	V	GGA	G	2223
NC_045512.2	20138	A	G	1233	154	43	1	0	37	0.000810373	1234	0.750304	FALSE	ORF1ab:cds-YP_009724389.1	AAA	K	AGA	R	2224
NC_045512.2	20139	A	C	1221	153	43	1	0	37	0.000818331	1222	0.750307	FALSE	ORF1ab:cds-YP_009724389.1	AAA	K	AAC	N	2224
NC_045512.2	20143	C	T	1218	168	44	1	0	74	0.000820345	1219	0.500205	FALSE	ORF1ab:cds-YP_009724389.1	CAG	Q	TAG	*	2226
NC_045512.2	20144	A	G	1186	174	43	1	0	37	0.000841751	1188	0.750105	FALSE	ORF1ab:cds-YP_009724389.1	CAG	Q	CGG	R	2226
NC_045512.2	20144	A	C	1186	174	43	1	0	37	0.000841751	1188	0.750105	FALSE	ORF1ab:cds-YP_009724389.1	CAG	Q	CCG	P	2226
NC_045512.2	20145	G	A	1252	175	43	1	0	37	0.000798085	1253	0.750299	FALSE	ORF1ab:cds-YP_009724389.1	CAG	Q	CAA	Q	2226
NC_045512.2	20146	T	C	1224	185	42	1	0	74	0.000816327	1225	0.500204	FALSE	ORF1ab:cds-YP_009724389.1	TTC	F	CTC	L	2227
NC_045512.2	20153	A	G	1198	199	43	1	0	37	0.000834028	1199	0.750313	FALSE	ORF1ab:cds-YP_009724389.1	TAT	Y	TGT	C	2229
NC_045512.2	20154	T	C	1177	185	42	3	0	37	0.00254237	1180	0.312659	FALSE	ORF1ab:cds-YP_009724389.1	TAT	Y	TAC	Y	2229
NC_045512.2	20167	G	T	904	249	40	1	0	25	0.00110497	905	0.999053	FALSE	ORF1ab:cds-YP_009724389.1	GAT	D	TAT	Y	2234
NC_045512.2	20180	A	G	836	282	39	1	0	37	0.00119474	837	0.500299	FALSE	ORF1ab:cds-YP_009724389.1	CAA	Q	CGA	R	2238
NC_045512.2	20187	A	G	866	291	39	1	1	37	0.0011534	867	0.500289	FALSE	ORF1ab:cds-YP_009724389.1	TTA	L	TTG	L	2240
NC_045512.2	20188	C	T	846	299	38	1	0	37	0.00118064	847	0.500295	FALSE	ORF1ab:cds-YP_009724389.1	CCT	P	TCT	S	2241
NC_045512.2	20190	T	C	842	297	38	1	0	37	0.00118624	843	0.500297	FALSE	ORF1ab:cds-YP_009724389.1	CCT	P	CCC	P	2241
NC_045512.2	20191	G	A	841	292	39	1	1	37	0.00118765	842	0.500297	FALSE	ORF1ab:cds-YP_009724389.1	GAA	E	AAA	K	2242
NC_045512.2	20207	A	G	979	563	40	1	1	37	0.00102041	980	0.500255	FALSE	ORF1ab:cds-YP_009724389.1	CAG	Q	CGG	R	2247
NC_045512.2	20209	A	T	1054	567	40	1	1	25	0.000947867	1055	0.999527	FALSE	ORF1ab:cds-YP_009724389.1	AGT	S	TGT	C	2248
NC_045512.2	20223	A	G	1017	593	41	1	1	37	0.000982318	1018	0.750369	FALSE	ORF1ab:cds-YP_009724389.1	CAA	Q	CAG	Q	2252
NC_045512.2	20228	T	C	1076	608	40	1	1	37	0.000928505	1077	0.750348	FALSE	ORF1ab:cds-YP_009724389.1	TTT	F	TCT	S	2254
NC_045512.2	20246	T	C	1019	631	39	1	1	37	0.000980392	1020	0.750368	FALSE	ORF1ab:cds-YP_009724389.1	ATG	M	ACG	T	2260
NC_045512.2	20248	G	-A	1013	626	39	1	0	20	0.000987167	1013	0.99953	FALSE	NA	NA	NA	NA	NA	NA
NC_045512.2	20268	A	G	1124	806	41	1	1	37	0.000888889	1125	0.750333	FALSE	ORF1ab:cds-YP_009724389.1	TTA	L	TTG	L	2267
NC_045512.2	20269	G	T	1121	803	41	1	1	37	0.000891266	1122	0.750334	FALSE	ORF1ab:cds-YP_009724389.1	GCT	A	TCT	S	2268
NC_045512.2	20273	T	A	1106	831	40	1	1	37	0.000903342	1107	0.750339	FALSE	ORF1ab:cds-YP_009724389.1	ATG	M	AAG	K	2269
NC_045512.2	20276	A	G	1143	861	41	1	0	74	0.000874126	1144	0.500219	FALSE	ORF1ab:cds-YP_009724389.1	GAT	D	GGT	G	2270
NC_045512.2	20281	T	G	1086	837	39	1	1	37	0.000919963	1087	0.750345	FALSE	ORF1ab:cds-YP_009724389.1	TTC	F	GTC	V	2272
NC_045512.2	20290	C	A	1179	987	41	2	2	37	0.00169348	1181	0.500318	FALSE	ORF1ab:cds-YP_009724389.1	CGG	R	AGG	R	2275
NC_045512.2	20292	G	A	1250	1001	40	2	2	37	0.00159744	1252	0.5003	FALSE	ORF1ab:cds-YP_009724389.1	CGG	R	CGA	R	2275
NC_045512.2	20298	A	G	1238	1002	40	2	2	37	0.0016129	1240	0.500303	FALSE	ORF1ab:cds-YP_009724389.1	AAA	K	AAG	K	2277
NC_045512.2	20303	A	G	965	756	40	1	0	37	0.0010352	966	0.500259	FALSE	ORF1ab:cds-YP_009724389.1	GAA	E	GGA	G	2279
NC_045512.2	20306	G	A	980	771	41	1	0	74	0.00101937	981	0.500255	FALSE	ORF1ab:cds-YP_009724389.1	GGC	G	GAC	D	2280
NC_045512.2	20307	C	T	988	775	41	2	2	37	0.0020202	990	0.250126	FALSE	ORF1ab:cds-YP_009724389.1	GGC	G	GGT	G	2280
NC_045512.2	20308	T	C	956	746	41	1	0	37	0.00104493	957	0.500261	FALSE	ORF1ab:cds-YP_009724389.1	TAT	Y	CAT	H	2281
NC_045512.2	20311	G	A	952	774	39	1	0	37	0.00104932	953	0.500262	FALSE	ORF1ab:cds-YP_009724389.1	GCC	A	ACC	T	2282
NC_045512.2	20312	C	T	966	788	40	3	3	33	0.00309598	969	0.125	FALSE	ORF1ab:cds-YP_009724389.1	GCC	A	GTC	V	2282
NC_045512.2	20321	A	T	845	669	40	1	1	37	0.00118203	846	0.500296	FALSE	ORF1ab:cds-YP_009724389.1	CAT	H	CTT	L	2285
NC_045512.2	20325	C	T	847	676	40	2	1	37	0.00235571	849	0.250147	FALSE	ORF1ab:cds-YP_009724389.1	ATC	I	ATT	I	2286
NC_045512.2	20326	G	A	391	321	38	445	366	39	0.532297	836	2.61057e-170	TRUE	ORF1ab:cds-YP_009724389.1	GTT	V	ATT	I	2287
NC_045512.2	20336	A	G	800	663	38	1	1	25	0.00124844	801	0.998101	FALSE	ORF1ab:cds-YP_009724389.1	GAT	D	GGT	G	2290
NC_045512.2	20360	G	A	687	570	38	1	1	37	0.00145349	688	0.500364	FALSE	ORF1ab:cds-YP_009724389.1	GGT	G	GAT	D	2298
NC_045512.2	20368	C	A	535	425	38	1	1	25	0.00186567	536	0.98468	FALSE	ORF1ab:cds-YP_009724389.1	CTA	L	ATA	I	2301
NC_045512.2	20374	A	C	418	320	38	1	0	37	0.00238663	419	0.500597	FALSE	ORF1ab:cds-YP_009724389.1	ATT	I	CTT	L	2303
NC_045512.2	20377	G	T	402	309	38	2	1	37	0.0049505	404	0.25031	FALSE	ORF1ab:cds-YP_009724389.1	GGA	G	TGA	*	2304
NC_045512.2	20381	T	C	394	302	38	1	1	37	0.00253165	395	0.500634	FALSE	ORF1ab:cds-YP_009724389.1	CTA	L	CCA	P	2305
NC_045512.2	20382	A	C	342	251	38	1	0	37	0.00291545	343	0.50073	FALSE	ORF1ab:cds-YP_009724389.1	CTA	L	CTC	L	2305
NC_045512.2	20387	A	T	326	239	39	1	0	37	0.0030581	327	0.500766	FALSE	ORF1ab:cds-YP_009724389.1	AAA	K	ATA	I	2307
NC_045512.2	20391	T	C	214	133	39	4	0	37	0.0183486	218	0.0622097	FALSE	ORF1ab:cds-YP_009724389.1	CGT	R	CGC	R	2308
NC_045512.2	20394	T	-A	178	139	37	1	0	20	0.00561798	178	0.753505	FALSE	NA	NA	NA	NA	NA	NA
NC_045512.2	20399	A	C	121	86	37	2	0	37	0.0162602	123	0.25102	FALSE	ORF1ab:cds-YP_009724389.1	GAA	E	GCA	A	2311
NC_045512.2	20482	T	C	26	4	40	9	2	41	0.257143	35	0.0012459	TRUE	ORF1ab:cds-YP_009724389.1	TCT	S	CCT	P	2339
NC_045512.2	20527	G	A	34	15	49	5	0	59	0.128205	39	0.0291407	FALSE	ORF1ab:cds-YP_009724389.1	GTT	V	ATT	I	2354
NC_045512.2	20578	G	T	32	19	42	7	3	45	0.179487	39	0.00639591	TRUE	ORF1ab:cds-YP_009724389.1	GTG	V	TTG	L	2371
NC_045512.2	20590	T	C	38	26	37	1	1	37	0.025641	39	0.506494	FALSE	ORF1ab:cds-YP_009724389.1	TAT	Y	CAT	H	2375
NC_045512.2	20669	C	T	25	20	38	1	0	37	0.0384615	26	0.509804	FALSE	ORF1ab:cds-YP_009724389.1	GCG	A	GTG	V	2401
NC_045512.2	20681	G	C	1931	160	36	1	0	37	0.000517598	1932	0.750194	FALSE	ORF1ab:cds-YP_009724389.1	GGT	G	GCT	A	2405
NC_045512.2	20682	T	C	1954	200	37	1	0	37	0.000511247	1956	0.750064	FALSE	ORF1ab:cds-YP_009724389.1	GGT	G	GGC	G	2405
NC_045512.2	20682	T	A	1954	200	37	1	1	37	0.000511247	1956	0.750064	FALSE	ORF1ab:cds-YP_009724389.1	GGT	G	GGA	G	2405
NC_045512.2	20684	T	C	2013	202	36	1	0	25	0.000496524	2014	1	FALSE	ORF1ab:cds-YP_009724389.1	GTT	V	GCT	A	2406
NC_045512.2	20685	T	A	2134	209	37	1	0	37	0.000468384	2135	0.875176	FALSE	ORF1ab:cds-YP_009724389.1	GTT	V	GTA	V	2406
NC_045512.2	20687	C	T	2328	228	37	2	1	37	0.000858001	2331	0.687581	FALSE	ORF1ab:cds-YP_009724389.1	GCT	A	GTT	V	2407
NC_045512.2	20687	C	A	2328	228	37	1	0	37	0.000429	2331	0.875	FALSE	ORF1ab:cds-YP_009724389.1	GCT	A	GAT	D	2407
NC_045512.2	20689	A	G	2414	242	37	1	1	37	0.000414079	2415	0.875155	FALSE	ORF1ab:cds-YP_009724389.1	ATG	M	GTG	V	2408
NC_045512.2	20690	T	G	2705	246	37	1	1	37	0.000369549	2706	0.875139	FALSE	ORF1ab:cds-YP_009724389.1	ATG	M	AGG	R	2408
NC_045512.2	20691	G	A	3383	247	37	1	0	37	0.000295508	3384	0.937592	FALSE	ORF1ab:cds-YP_009724389.1	ATG	M	ATA	I	2408
NC_045512.2	20692	C	T	3410	241	37	2	0	37	0.000585995	3413	0.812592	FALSE	ORF1ab:cds-YP_009724389.1	CCT	P	TCT	S	2409
NC_045512.2	20692	C	A	3410	241	37	1	0	25	0.000292997	3413	1	FALSE	ORF1ab:cds-YP_009724389.1	CCT	P	ACT	T	2409
NC_045512.2	20693	C	A	3423	246	37	3	0	37	0.000875657	3426	0.656455	FALSE	ORF1ab:cds-YP_009724389.1	CCT	P	CAT	H	2409
NC_045512.2	20694	T	C	3418	249	37	1	0	37	0.000292398	3420	0.937555	FALSE	ORF1ab:cds-YP_009724389.1	CCT	P	CCC	P	2409
NC_045512.2	20694	T	A	3418	249	37	1	0	37	0.000292398	3420	0.937555	FALSE	ORF1ab:cds-YP_009724389.1	CCT	P	CCA	P	2409
NC_045512.2	20696	A	T	3478	243	37	1	0	37	0.000287439	3479	0.93759	FALSE	ORF1ab:cds-YP_009724389.1	AAT	N	ATT	I	2410
NC_045512.2	20701	T	C	3537	258	37	1	0	37	0.000282646	3538	0.937588	FALSE	ORF1ab:cds-YP_009724389.1	TAC	Y	CAC	H	2412
NC_045512.2	20702	A	G	3562	267	37	1	0	37	0.000280662	3563	0.937588	FALSE	ORF1ab:cds-YP_009724389.1	TAC	Y	TGC	C	2412
NC_045512.2	20705	A	G	3564	285	37	1	0	25	0.000280505	3565	1	FALSE	ORF1ab:cds-YP_009724389.1	AAA	K	AGA	R	2413
NC_045512.2	20706	A	G	3557	379	38	4	4	37	0.00112328	3561	0.500154	FALSE	ORF1ab:cds-YP_009724389.1	AAA	K	AAG	K	2413
NC_045512.2	20707	A	G	3745	391	38	1	0	37	0.000266951	3746	0.937583	FALSE	ORF1ab:cds-YP_009724389.1	ATG	M	GTG	V	2414
NC_045512.2	20708	T	G	3823	424	39	1	1	37	0.000261506	3824	0.937582	FALSE	ORF1ab:cds-YP_009724389.1	ATG	M	AGG	R	2414
NC_045512.2	20709	G	T	3822	426	39	1	0	37	0.000261301	3827	0.937451	FALSE	ORF1ab:cds-YP_009724389.1	ATG	M	ATT	I	2414
NC_045512.2	20709	G	A	3822	426	39	4	0	37	0.00104521	3827	0.5	FALSE	ORF1ab:cds-YP_009724389.1	ATG	M	ATA	I	2414
NC_045512.2	20710	C	T	3834	426	39	4	0	37	0.00104194	3839	0.5	FALSE	ORF1ab:cds-YP_009724389.1	CAA	Q	TAA	*	2415
NC_045512.2	20710	C	A	3834	426	39	1	0	37	0.000260485	3839	0.937451	FALSE	ORF1ab:cds-YP_009724389.1	CAA	Q	AAA	K	2415
NC_045512.2	20715	A	G	3950	456	38	1	0	37	0.0002531	3951	0.937579	FALSE	ORF1ab:cds-YP_009724389.1	AGA	R	AGG	R	2416
NC_045512.2	20716	A	C	3928	471	39	1	0	37	0.000254518	3929	0.93758	FALSE	ORF1ab:cds-YP_009724389.1	ATG	M	CTG	L	2417
NC_045512.2	20719	C	T	4002	480	39	4	1	55	0.000998502	4006	0.0624844	FALSE	ORF1ab:cds-YP_009724389.1	CTA	L	TTA	L	2418
NC_045512.2	20723	T	G	4054	524	40	1	1	37	0.000246548	4056	0.968789	FALSE	ORF1ab:cds-YP_009724389.1	TTA	L	TGA	*	2419
NC_045512.2	20723	T	C	4054	524	40	1	0	37	0.000246548	4056	0.968789	FALSE	ORF1ab:cds-YP_009724389.1	TTA	L	TCA	S	2419
NC_045512.2	20725	G	A	4115	533	40	1	0	62	0.000242954	4116	0.500061	FALSE	ORF1ab:cds-YP_009724389.1	GAA	E	AAA	K	2420
NC_045512.2	20728	A	G	4119	525	40	1	0	25	0.000242718	4120	1	FALSE	ORF1ab:cds-YP_009724389.1	AAG	K	GAG	E	2421
NC_045512.2	20729	A	G	4216	532	40	1	0	37	0.000237135	4217	0.968806	FALSE	ORF1ab:cds-YP_009724389.1	AAG	K	AGG	R	2421
NC_045512.2	20732	G	A	4329	563	40	1	0	37	0.000230947	4330	0.968804	FALSE	ORF1ab:cds-YP_009724389.1	TGT	C	TAT	Y	2422
NC_045512.2	20733	T	C	4358	696	42	2	1	37	0.0004584	4363	0.890598	FALSE	ORF1ab:cds-YP_009724389.1	TGT	C	TGC	C	2422
NC_045512.2	20733	T	A	4358	696	42	3	2	33	0.0006876	4363	0.773438	FALSE	ORF1ab:cds-YP_009724389.1	TGT	C	TGA	*	2422
NC_045512.2	20734	G	C	4354	707	42	1	0	25	0.000229621	4355	1	FALSE	ORF1ab:cds-YP_009724389.1	GAC	D	CAC	H	2423
NC_045512.2	20735	A	G	4334	705	42	1	1	37	0.000230681	4335	0.968804	FALSE	ORF1ab:cds-YP_009724389.1	GAC	D	GGC	G	2423
NC_045512.2	20741	A	G	4437	824	43	1	1	74	0.000225327	4438	0.500056	FALSE	ORF1ab:cds-YP_009724389.1	CAA	Q	CGA	R	2425
NC_045512.2	20743	A	G	4659	851	44	1	1	37	0.000214592	4660	0.9688	FALSE	ORF1ab:cds-YP_009724389.1	AAT	N	GAT	D	2426
NC_045512.2	20745	T	C	4701	928	44	2	0	37	0.00042517	4704	0.8907	FALSE	ORF1ab:cds-YP_009724389.1	AAT	N	AAC	N	2426
NC_045512.2	20745	T	A	4701	928	44	1	0	37	0.000212585	4704	0.968767	FALSE	ORF1ab:cds-YP_009724389.1	AAT	N	AAA	K	2426
NC_045512.2	20747	A	G	4753	944	44	1	1	74	0.000210349	4754	0.500053	FALSE	ORF1ab:cds-YP_009724389.1	TAT	Y	TGT	C	2427
NC_045512.2	20749	G	T	4831	1007	45	1	1	48	0.000206954	4832	0.500052	FALSE	ORF1ab:cds-YP_009724389.1	GGT	G	TGT	C	2428
NC_045512.2	20751	T	C	4826	1058	46	1	0	37	0.000207168	4827	0.968799	FALSE	ORF1ab:cds-YP_009724389.1	GGT	G	GGC	G	2428
NC_045512.2	20752	G	A	4871	1076	46	1	0	74	0.000205255	4872	0.500051	FALSE	ORF1ab:cds-YP_009724389.1	GAT	D	AAT	N	2429
NC_045512.2	20755	A	G	4921	1107	46	2	2	37	0.000406256	4923	0.890744	FALSE	ORF1ab:cds-YP_009724389.1	AGT	S	GGT	G	2430
NC_045512.2	20757	T	C	5296	1180	46	1	0	37	0.000188786	5297	0.984406	FALSE	ORF1ab:cds-YP_009724389.1	AGT	S	AGC	S	2430
NC_045512.2	20758	G	A	5291	1190	47	2	0	37	0.000377858	5293	0.937593	FALSE	ORF1ab:cds-YP_009724389.1	GCA	A	ACA	T	2431
NC_045512.2	20759	C	T	5293	1194	46	3	0	37	0.000566465	5296	0.855624	FALSE	ORF1ab:cds-YP_009724389.1	GCA	A	GTA	V	2431
NC_045512.2	20764	T	C	5221	1539	45	4	1	37	0.00076555	5225	0.746282	FALSE	ORF1ab:cds-YP_009724389.1	TTA	L	CTA	L	2433
NC_045512.2	20765	T	G	5240	1558	45	3	3	37	0.000572082	5244	0.855563	FALSE	ORF1ab:cds-YP_009724389.1	TTA	L	TGA	*	2433
NC_045512.2	20765	T	A	5240	1558	45	1	0	25	0.000190694	5244	1	FALSE	ORF1ab:cds-YP_009724389.1	TTA	L	TAA	*	2433
NC_045512.2	20767	C	A	5605	1590	45	1	1	25	0.00017838	5606	1	FALSE	ORF1ab:cds-YP_009724389.1	CCT	P	ACT	T	2434
NC_045512.2	20769	T	-A	5566	1633	45	1	0	20	0.000179662	5566	1	FALSE	NA	NA	NA	NA	NA	NA
NC_045512.2	20771	A	G	5503	1607	45	1	1	37	0.000181686	5504	0.984405	FALSE	ORF1ab:cds-YP_009724389.1	AAA	K	AGA	R	2435
NC_045512.2	20772	A	G	5476	1631	45	1	0	37	0.000182582	5477	0.984405	FALSE	ORF1ab:cds-YP_009724389.1	AAA	K	AAG	K	2435
NC_045512.2	20773	G	T	5550	1651	45	1	0	37	0.000180148	5551	0.984405	FALSE	ORF1ab:cds-YP_009724389.1	GGC	G	TGC	C	2436
NC_045512.2	20774	G	A	5668	1659	45	5	1	44	0.000881368	5673	0.0312362	FALSE	ORF1ab:cds-YP_009724389.1	GGC	G	GAC	D	2436
NC_045512.2	20775	C	T	5652	1627	45	2	1	55	0.000353732	5654	0.250022	FALSE	ORF1ab:cds-YP_009724389.1	GGC	G	GGT	G	2436
NC_045512.2	20776	A	T	5652	1630	45	3	0	37	0.00053041	5656	0.855556	FALSE	ORF1ab:cds-YP_009724389.1	ATA	I	TTA	L	2437
NC_045512.2	20776	A	C	5652	1630	45	1	0	37	0.000176803	5656	0.984379	FALSE	ORF1ab:cds-YP_009724389.1	ATA	I	CTA	L	2437
NC_045512.2	20779	A	G	5724	1658	44	1	1	37	0.000174672	5725	0.984404	FALSE	ORF1ab:cds-YP_009724389.1	ATG	M	GTG	V	2438
NC_045512.2	20780	T	C	5604	1718	44	1	0	37	0.00017838	5606	0.984396	FALSE	ORF1ab:cds-YP_009724389.1	ATG	M	ACG	T	2438
NC_045512.2	20780	T	A	5604	1718	44	1	0	37	0.00017838	5606	0.984396	FALSE	ORF1ab:cds-YP_009724389.1	ATG	M	AAG	K	2438
NC_045512.2	20782	A	G	5476	1791	43	1	0	37	0.000182582	5477	0.984405	FALSE	ORF1ab:cds-YP_009724389.1	ATG	M	GTG	V	2439
NC_045512.2	20783	T	C	5444	1784	43	2	2	31	0.000367242	5446	0.93759	FALSE	ORF1ab:cds-YP_009724389.1	ATG	M	ACG	T	2439
NC_045512.2	20784	G	A	5444	1792	43	2	0	37	0.000367242	5446	0.93759	FALSE	ORF1ab:cds-YP_009724389.1	ATG	M	ATA	I	2439
NC_045512.2	20785	A	G	5431	1801	43	1	1	37	0.000184094	5432	0.984405	FALSE	ORF1ab:cds-YP_009724389.1	AAT	N	GAT	D	2440
NC_045512.2	20786	A	T	5343	1825	43	1	1	37	0.000187056	5346	0.984388	FALSE	ORF1ab:cds-YP_009724389.1	AAT	N	ATT	I	2440
NC_045512.2	20786	A	G	5343	1825	43	2	0	37	0.000374111	5346	0.937561	FALSE	ORF1ab:cds-YP_009724389.1	AAT	N	AGT	S	2440
NC_045512.2	20787	T	C	3290	1177	43	2007	691	42	0.378894	5297	0	TRUE	ORF1ab:cds-YP_009724389.1	AAT	N	AAC	N	2440
NC_045512.2	20788	G	T	5304	1921	43	1	0	25	0.00018843	5307	1	FALSE	ORF1ab:cds-YP_009724389.1	GTC	V	TTC	F	2441
NC_045512.2	20788	G	A	5304	1921	43	2	0	37	0.000376861	5307	0.937562	FALSE	ORF1ab:cds-YP_009724389.1	GTC	V	ATC	I	2441
NC_045512.2	20789	T	A	5339	1954	43	1	0	37	0.000187266	5340	0.984406	FALSE	ORF1ab:cds-YP_009724389.1	GTC	V	GAC	D	2441
NC_045512.2	20790	C	T	5288	1951	43	1	0	37	0.000189072	5289	0.984406	FALSE	ORF1ab:cds-YP_009724389.1	GTC	V	GTT	V	2441
NC_045512.2	20791	G	T	5099	2007	42	2	1	37	0.000391007	5115	0.937146	FALSE	ORF1ab:cds-YP_009724389.1	GCA	A	TCA	S	2442
NC_045512.2	20791	G	A	5099	2007	42	14	9	45	0.00273705	5115	6.04109e-05	TRUE	ORF1ab:cds-YP_009724389.1	GCA	A	ACA	T	2442
NC_045512.2	20793	A	G	4828	2210	40	1	1	37	0.000207082	4829	0.968799	FALSE	ORF1ab:cds-YP_009724389.1	GCA	A	GCG	A	2442
NC_045512.2	20795	A	T	4780	2187	39	1	1	74	0.000209161	4781	0.500052	FALSE	ORF1ab:cds-YP_009724389.1	AAA	K	ATA	I	2443
NC_045512.2	20796	A	T	4915	2300	40	1	1	37	0.000203376	4917	0.968782	FALSE	ORF1ab:cds-YP_009724389.1	AAA	K	AAT	N	2443
NC_045512.2	20796	A	G	4915	2300	40	1	0	37	0.000203376	4917	0.968782	FALSE	ORF1ab:cds-YP_009724389.1	AAA	K	AAG	K	2443
NC_045512.2	20797	T	G	4948	2330	40	2	2	31	0.000403877	4952	0.890649	FALSE	ORF1ab:cds-YP_009724389.1	TAT	Y	GAT	D	2444
NC_045512.2	20797	T	C	4948	2330	40	2	0	37	0.000403877	4952	0.890649	FALSE	ORF1ab:cds-YP_009724389.1	TAT	Y	CAT	H	2444
NC_045512.2	20801	C	T	5464	2387	40	2	2	49	0.000365764	5468	0.249931	FALSE	ORF1ab:cds-YP_009724389.1	ACT	T	ATT	I	2445
NC_045512.2	20801	C	A	5464	2387	40	2	1	37	0.000365764	5468	0.93753	FALSE	ORF1ab:cds-YP_009724389.1	ACT	T	AAT	N	2445
NC_045512.2	20802	T	G	5459	2381	40	1	0	37	0.000183117	5461	0.984396	FALSE	ORF1ab:cds-YP_009724389.1	ACT	T	ACG	T	2445
NC_045512.2	20802	T	C	5459	2381	40	1	0	37	0.000183117	5461	0.984396	FALSE	ORF1ab:cds-YP_009724389.1	ACT	T	ACC	T	2445
NC_045512.2	20803	C	T	5557	2383	40	1	0	37	0.000179921	5558	0.984405	FALSE	ORF1ab:cds-YP_009724389.1	CAA	Q	TAA	*	2446
NC_045512.2	20805	A	T	5457	2268	39	1	1	37	0.000183217	5458	0.984405	FALSE	ORF1ab:cds-YP_009724389.1	CAA	Q	CAT	H	2446
NC_045512.2	20806	C	A	5643	2527	40	2	1	37	0.000354296	5645	0.937587	FALSE	ORF1ab:cds-YP_009724389.1	CTG	L	ATG	M	2447
NC_045512.2	20807	T	C	5436	2341	40	6	1	37	0.00110254	5442	0.500124	FALSE	ORF1ab:cds-YP_009724389.1	CTG	L	CCG	P	2447
NC_045512.2	20808	G	A	5497	2489	40	1	0	37	0.000181884	5498	0.984405	FALSE	ORF1ab:cds-YP_009724389.1	CTG	L	CTA	L	2447
NC_045512.2	20810	G	A	5453	2453	40	1	0	37	0.000183352	5454	0.984405	FALSE	ORF1ab:cds-YP_009724389.1	TGT	C	TAT	Y	2448
NC_045512.2	20811	T	A	5417	2477	40	1	1	37	0.00018457	5418	0.984405	FALSE	ORF1ab:cds-YP_009724389.1	TGT	C	TGA	*	2448
NC_045512.2	20816	A	G	5558	2498	40	1	0	25	0.000179888	5559	1	FALSE	ORF1ab:cds-YP_009724389.1	TAT	Y	TGT	C	2450
NC_045512.2	20817	T	C	5642	2652	41	1	0	37	0.000177211	5643	0.984404	FALSE	ORF1ab:cds-YP_009724389.1	TAT	Y	TAC	Y	2450
NC_045512.2	20819	T	A	5717	2779	41	1	1	25	0.000174886	5718	1	FALSE	ORF1ab:cds-YP_009724389.1	TTA	L	TAA	*	2451
NC_045512.2	20820	A	G	5736	2777	41	1	0	25	0.000174307	5737	1	FALSE	ORF1ab:cds-YP_009724389.1	TTA	L	TTG	L	2451
NC_045512.2	20821	A	G	5714	2784	41	1	0	25	0.000174978	5715	1	FALSE	ORF1ab:cds-YP_009724389.1	AAC	N	GAC	D	2452
NC_045512.2	20823	C	A	5772	2850	41	2	2	37	0.00034638	5774	0.937585	FALSE	ORF1ab:cds-YP_009724389.1	AAC	N	AAA	K	2452
NC_045512.2	20824	A	G	5691	2761	41	1	1	25	0.000175654	5693	1	FALSE	ORF1ab:cds-YP_009724389.1	ACA	T	GCA	A	2453
NC_045512.2	20824	A	C	5691	2761	41	1	0	37	0.000175654	5693	0.984396	FALSE	ORF1ab:cds-YP_009724389.1	ACA	T	CCA	P	2453
NC_045512.2	20825	C	T	6102	2784	41	2	0	37	0.000327654	6104	0.964906	FALSE	ORF1ab:cds-YP_009724389.1	ACA	T	ATA	I	2453
NC_045512.2	20826	A	G	6099	2776	41	1	0	25	0.000163934	6100	1	FALSE	ORF1ab:cds-YP_009724389.1	ACA	T	ACG	T	2453
NC_045512.2	20830	A	G	6164	2959	41	2	2	31	0.000324359	6166	0.964906	FALSE	ORF1ab:cds-YP_009724389.1	ACA	T	GCA	A	2455
NC_045512.2	20832	A	G	6322	2855	41	1	1	37	0.000158128	6324	0.9922	FALSE	ORF1ab:cds-YP_009724389.1	ACA	T	ACG	T	2455
NC_045512.2	20832	A	C	6322	2855	41	1	1	25	0.000158128	6324	1	FALSE	ORF1ab:cds-YP_009724389.1	ACA	T	ACC	T	2455
NC_045512.2	20833	T	G	6420	3037	41	1	0	25	0.000155715	6422	1	FALSE	ORF1ab:cds-YP_009724389.1	TTA	L	GTA	V	2456
NC_045512.2	20833	T	C	6420	3037	41	1	1	37	0.000155715	6422	0.9922	FALSE	ORF1ab:cds-YP_009724389.1	TTA	L	CTA	L	2456
NC_045512.2	20834	T	C	6184	2736	41	2	0	37	0.000323258	6187	0.964888	FALSE	ORF1ab:cds-YP_009724389.1	TTA	L	TCA	S	2456
NC_045512.2	20834	T	A	6184	2736	41	1	0	25	0.000161629	6187	1	FALSE	ORF1ab:cds-YP_009724389.1	TTA	L	TAA	*	2456
NC_045512.2	20835	A	T	6281	2795	42	1	0	37	0.00015916	6283	0.992201	FALSE	ORF1ab:cds-YP_009724389.1	TTA	L	TTT	F	2456
NC_045512.2	20835	A	G	6281	2795	42	1	1	37	0.00015916	6283	0.992201	FALSE	ORF1ab:cds-YP_009724389.1	TTA	L	TTG	L	2456
NC_045512.2	20836	G	T	6413	2816	41	2	0	37	0.000311721	6416	0.964886	FALSE	ORF1ab:cds-YP_009724389.1	GCT	A	TCT	S	2457
NC_045512.2	20836	G	A	6413	2816	41	1	0	37	0.00015586	6416	0.992196	FALSE	ORF1ab:cds-YP_009724389.1	GCT	A	ACT	T	2457
NC_045512.2	20837	C	T	6443	2833	42	4	4	37	0.000620444	6447	0.828284	FALSE	ORF1ab:cds-YP_009724389.1	GCT	A	GTT	V	2457
NC_045512.2	20839	G	C	6532	2910	42	1	0	25	0.000152952	6538	1	FALSE	ORF1ab:cds-YP_009724389.1	GTA	V	CTA	L	2458
NC_045512.2	20839	G	A	6532	2910	42	5	0	37	0.00076476	6538	0.725672	FALSE	ORF1ab:cds-YP_009724389.1	GTA	V	ATA	I	2458
NC_045512.2	20840	T	A	6395	2795	42	1	0	25	0.000156348	6396	1	FALSE	ORF1ab:cds-YP_009724389.1	GTA	V	GAA	E	2458
NC_045512.2	20842	C	A	6561	2858	42	2	1	55	0.000304739	6563	0.250019	FALSE	ORF1ab:cds-YP_009724389.1	CCC	P	ACC	T	2459
NC_045512.2	20843	C	A	6405	2840	42	1	0	25	0.000156104	6406	1	FALSE	ORF1ab:cds-YP_009724389.1	CCC	P	CAC	H	2459
NC_045512.2	20844	C	T	6438	2806	42	1	0	37	0.000155207	6443	0.992188	FALSE	ORF1ab:cds-YP_009724389.1	CCC	P	CCT	P	2459
NC_045512.2	20844	C	A	6438	2806	42	4	2	37	0.000620829	6443	0.828221	FALSE	ORF1ab:cds-YP_009724389.1	CCC	P	CCA	P	2459
NC_045512.2	20845	T	G	6282	2701	41	1	0	37	0.000159109	6285	0.992196	FALSE	ORF1ab:cds-YP_009724389.1	TAT	Y	GAT	D	2460
NC_045512.2	20845	T	C	6282	2701	41	2	1	55	0.000318218	6285	0.24998	FALSE	ORF1ab:cds-YP_009724389.1	TAT	Y	CAT	H	2460
NC_045512.2	20847	T	C	6321	2720	41	2	1	37	0.000316306	6323	0.964904	FALSE	ORF1ab:cds-YP_009724389.1	TAT	Y	TAC	Y	2460
NC_045512.2	20848	A	G	6194	2619	41	1	1	37	0.000161421	6195	0.992205	FALSE	ORF1ab:cds-YP_009724389.1	AAT	N	GAT	D	2461
NC_045512.2	20849	A	G	6215	2523	41	1	0	37	0.000160875	6216	0.992205	FALSE	ORF1ab:cds-YP_009724389.1	AAT	N	AGT	S	2461
NC_045512.2	20851	A	G	6158	2477	41	1	0	37	0.000162364	6159	0.992205	FALSE	ORF1ab:cds-YP_009724389.1	ATG	M	GTG	V	2462
NC_045512.2	20853	G	T	6227	2532	42	1	1	37	0.000160514	6230	0.992196	FALSE	ORF1ab:cds-YP_009724389.1	ATG	M	ATT	I	2462
NC_045512.2	20853	G	A	6227	2532	42	2	2	37	0.000321027	6230	0.964888	FALSE	ORF1ab:cds-YP_009724389.1	ATG	M	ATA	I	2462
NC_045512.2	20854	A	G	6152	2482	41	1	1	37	0.000162522	6153	0.992205	FALSE	ORF1ab:cds-YP_009724389.1	AGA	R	GGA	G	2463
NC_045512.2	20856	A	G	6496	2587	42	4	3	37	0.00061529	6501	0.82822	FALSE	ORF1ab:cds-YP_009724389.1	AGA	R	AGG	R	2463
NC_045512.2	20856	A	C	6496	2587	42	1	0	37	0.000153822	6501	0.992188	FALSE	ORF1ab:cds-YP_009724389.1	AGA	R	AGC	S	2463
NC_045512.2	20857	G	T	6257	2482	40	1	0	37	0.000159795	6258	0.992205	FALSE	ORF1ab:cds-YP_009724389.1	GTT	V	TTT	F	2464
NC_045512.2	20859	T	G	6216	2478	40	1	1	20	0.000160798	6219	1	FALSE	ORF1ab:cds-YP_009724389.1	GTT	V	GTG	V	2464
NC_045512.2	20859	T	C	6216	2478	40	1	0	37	0.000160798	6219	0.992196	FALSE	ORF1ab:cds-YP_009724389.1	GTT	V	GTC	V	2464
NC_045512.2	20859	T	A	6216	2478	40	1	1	74	0.000160798	6219	0.49996	FALSE	ORF1ab:cds-YP_009724389.1	GTT	V	GTA	V	2464
NC_045512.2	20861	T	G	6241	2512	40	1	1	37	0.000160205	6242	0.992205	FALSE	ORF1ab:cds-YP_009724389.1	ATA	I	AGA	R	2465
NC_045512.2	20862	A	T	6239	2711	41	1	1	37	0.000160231	6241	0.992201	FALSE	ORF1ab:cds-YP_009724389.1	ATA	I	ATT	I	2465
NC_045512.2	20862	A	G	6239	2711	41	1	1	37	0.000160231	6241	0.992201	FALSE	ORF1ab:cds-YP_009724389.1	ATA	I	ATG	M	2465
NC_045512.2	20863	C	T	6234	2711	41	1	1	37	0.000160385	6235	0.992205	FALSE	ORF1ab:cds-YP_009724389.1	CAT	H	TAT	Y	2466
NC_045512.2	20864	A	G	6022	2595	41	2	2	29	0.000332005	6024	1	FALSE	ORF1ab:cds-YP_009724389.1	CAT	H	CGT	R	2466
NC_045512.2	20865	T	C	5874	2575	40	1	1	37	0.000170213	5875	0.984403	FALSE	ORF1ab:cds-YP_009724389.1	CAT	H	CAC	H	2466
NC_045512.2	20866	T	C	5915	2495	41	4	0	37	0.000675676	5920	0.746177	FALSE	ORF1ab:cds-YP_009724389.1	TTT	F	CTT	L	2467
NC_045512.2	20866	T	A	5915	2495	41	1	0	25	0.000168919	5920	1	FALSE	ORF1ab:cds-YP_009724389.1	TTT	F	ATT	I	2467
NC_045512.2	20867	T	C	5856	2559	41	1	0	37	0.000170736	5857	0.984403	FALSE	ORF1ab:cds-YP_009724389.1	TTT	F	TCT	S	2467
NC_045512.2	20868	T	C	5837	2585	41	1	1	25	0.000171292	5838	1	FALSE	ORF1ab:cds-YP_009724389.1	TTT	F	TTC	F	2467
NC_045512.2	20869	G	A	5821	2576	41	1	0	36	0.000171762	5822	0.984403	FALSE	ORF1ab:cds-YP_009724389.1	GGT	G	AGT	S	2468
NC_045512.2	20870	G	T	5854	2620	41	1	1	37	0.000170794	5855	0.984403	FALSE	ORF1ab:cds-YP_009724389.1	GGT	G	GTT	V	2468
NC_045512.2	20871	T	A	5863	2614	41	1	1	37	0.000170532	5864	0.984403	FALSE	ORF1ab:cds-YP_009724389.1	GGT	G	GGA	G	2468
NC_045512.2	20872	G	A	5902	2696	41	6	5	37	0.00101557	5908	0.500115	FALSE	ORF1ab:cds-YP_009724389.1	GCT	A	ACT	T	2469
NC_045512.2	20873	C	T	5863	2710	41	7	2	42	0.0011925	5870	0.00780318	TRUE	ORF1ab:cds-YP_009724389.1	GCT	A	GTT	V	2469
NC_045512.2	20875	G	A	5853	2728	41	2	1	55	0.000341588	5855	0.250021	FALSE	ORF1ab:cds-YP_009724389.1	GGT	G	AGT	S	2470
NC_045512.2	20876	G	A	5858	2729	41	1	0	37	0.000170678	5859	0.984403	FALSE	ORF1ab:cds-YP_009724389.1	GGT	G	GAT	D	2470
NC_045512.2	20878	T	C	5862	2772	41	2	0	37	0.000341064	5864	0.937584	FALSE	ORF1ab:cds-YP_009724389.1	TCT	S	CCT	P	2471
NC_045512.2	20880	T	G	5828	2830	41	2	2	37	0.000342877	5833	0.9375	FALSE	ORF1ab:cds-YP_009724389.1	TCT	S	TCG	S	2471
NC_045512.2	20880	T	C	5828	2830	41	2	1	55	0.000342877	5833	0.249893	FALSE	ORF1ab:cds-YP_009724389.1	TCT	S	TCC	S	2471
NC_045512.2	20880	T	A	5828	2830	41	1	1	37	0.000171438	5833	0.984371	FALSE	ORF1ab:cds-YP_009724389.1	TCT	S	TCA	S	2471
NC_045512.2	20881	G	T	5957	2839	41	2	1	37	0.00033557	5960	0.937555	FALSE	ORF1ab:cds-YP_009724389.1	GAT	D	TAT	Y	2472
NC_045512.2	20881	G	A	5957	2839	41	1	1	37	0.000167785	5960	0.984387	FALSE	ORF1ab:cds-YP_009724389.1	GAT	D	AAT	N	2472
NC_045512.2	20882	A	G	5917	2859	40	1	0	37	0.000168976	5918	0.984403	FALSE	ORF1ab:cds-YP_009724389.1	GAT	D	GGT	G	2472
NC_045512.2	20883	T	C	5869	2876	40	2	1	37	0.000340657	5871	0.937584	FALSE	ORF1ab:cds-YP_009724389.1	GAT	D	GAC	D	2472
NC_045512.2	20887	G	T	5880	2839	41	1	0	74	0.000170039	5881	0.500043	FALSE	ORF1ab:cds-YP_009724389.1	GGA	G	TGA	*	2474
NC_045512.2	20888	G	T	6005	2883	41	1	1	37	0.0001665	6006	0.992206	FALSE	ORF1ab:cds-YP_009724389.1	GGA	G	GTA	V	2474
NC_045512.2	20889	A	G	5920	2762	41	1	0	74	0.00016889	5921	0.500042	FALSE	ORF1ab:cds-YP_009724389.1	GGA	G	GGG	G	2474
NC_045512.2	20892	T	C	5865	2748	41	2	0	37	0.00034089	5867	0.937584	FALSE	ORF1ab:cds-YP_009724389.1	GTT	V	GTC	V	2475
NC_045512.2	20893	G	A	5904	2764	41	4	2	46	0.000677048	5908	0.0624894	FALSE	ORF1ab:cds-YP_009724389.1	GCA	A	ACA	T	2476
NC_045512.2	20894	C	G	5940	2812	41	1	0	37	0.000168322	5941	0.984403	FALSE	ORF1ab:cds-YP_009724389.1	GCA	A	GGA	G	2476
NC_045512.2	20896	C	T	5935	2821	41	1	1	37	0.000168464	5936	0.984403	FALSE	ORF1ab:cds-YP_009724389.1	CCA	P	TCA	S	2477
NC_045512.2	20897	C	T	5782	2710	41	1	1	37	0.000172921	5783	0.984403	FALSE	ORF1ab:cds-YP_009724389.1	CCA	P	CTA	L	2477
NC_045512.2	20898	A	T	5921	2718	41	6	2	37	0.00101198	5929	0.499886	FALSE	ORF1ab:cds-YP_009724389.1	CCA	P	CCT	P	2477
NC_045512.2	20898	A	G	5921	2718	41	1	1	37	0.000168663	5929	0.984347	FALSE	ORF1ab:cds-YP_009724389.1	CCA	P	CCG	P	2477
NC_045512.2	20898	A	C	5921	2718	41	1	1	37	0.000168663	5929	0.984347	FALSE	ORF1ab:cds-YP_009724389.1	CCA	P	CCC	P	2477
NC_045512.2	20900	G	A	5782	2833	40	1	1	37	0.000172921	5783	0.984403	FALSE	ORF1ab:cds-YP_009724389.1	GGT	G	GAT	D	2478
NC_045512.2	20902	A	G	5577	2777	39	1	1	37	0.000179244	5579	0.984396	FALSE	ORF1ab:cds-YP_009724389.1	ACA	T	GCA	A	2479
NC_045512.2	20902	A	C	5577	2777	39	1	0	25	0.000179244	5579	1	FALSE	ORF1ab:cds-YP_009724389.1	ACA	T	CCA	P	2479
NC_045512.2	20904	A	G	5626	2801	40	2	1	31	0.000355303	5629	0.937558	FALSE	ORF1ab:cds-YP_009724389.1	ACA	T	ACG	T	2479
NC_045512.2	20904	A	C	5626	2801	40	1	1	22	0.000177651	5629	1	FALSE	ORF1ab:cds-YP_009724389.1	ACA	T	ACC	T	2479
NC_045512.2	20905	G	T	5630	2792	40	1	1	37	0.000177494	5634	0.984379	FALSE	ORF1ab:cds-YP_009724389.1	GCT	A	TCT	S	2480
NC_045512.2	20905	G	A	5630	2792	40	3	3	37	0.000532481	5634	0.855556	FALSE	ORF1ab:cds-YP_009724389.1	GCT	A	ACT	T	2480
NC_045512.2	20905	G	-CT	5630	2792	40	1	0	20	0.000177494	5634	1	FALSE	NA	NA	NA	NA	NA	NA
NC_045512.2	20905	G	+C	5630	2792	40	1	0	20	0.000177494	5634	1	FALSE	NA	NA	NA	NA	NA	NA
NC_045512.2	20906	C	T	5606	2788	40	6	4	37	0.00106914	5612	0.5	FALSE	ORF1ab:cds-YP_009724389.1	GCT	A	GTT	V	2480
NC_045512.2	20907	T	C	5374	2575	40	3	3	27	0.000557932	5377	1	FALSE	ORF1ab:cds-YP_009724389.1	GCT	A	GCC	A	2480
NC_045512.2	20908	G	T	5699	2773	41	2	0	31	0.000350754	5702	0.937558	FALSE	ORF1ab:cds-YP_009724389.1	GTT	V	TTT	F	2481
NC_045512.2	20908	G	A	5699	2773	41	1	0	74	0.000175377	5702	0.499956	FALSE	ORF1ab:cds-YP_009724389.1	GTT	V	ATT	I	2481
NC_045512.2	20911	T	A	5678	2859	42	1	1	37	0.000176087	5679	0.984404	FALSE	ORF1ab:cds-YP_009724389.1	TTA	L	ATA	I	2482
NC_045512.2	20913	A	G	5689	2896	42	1	1	25	0.000175747	5690	1	FALSE	ORF1ab:cds-YP_009724389.1	TTA	L	TTG	L	2482
NC_045512.2	20918	A	T	5880	3646	46	1	1	37	0.000169981	5883	0.984387	FALSE	ORF1ab:cds-YP_009724389.1	CAG	Q	CTG	L	2484
NC_045512.2	20918	A	G	5880	3646	46	2	2	37	0.000339963	5883	0.937556	FALSE	ORF1ab:cds-YP_009724389.1	CAG	Q	CGG	R	2484
NC_045512.2	20918	A	+G	5880	3646	46	17	0	20	0.00288968	5883	1	FALSE	NA	NA	NA	NA	NA	NA
NC_045512.2	20919	G	T	6114	3847	47	1	1	37	0.000163479	6117	0.992196	FALSE	ORF1ab:cds-YP_009724389.1	CAG	Q	CAT	H	2484
NC_045512.2	20919	G	A	6114	3847	47	2	2	37	0.000326958	6117	0.964888	FALSE	ORF1ab:cds-YP_009724389.1	CAG	Q	CAA	Q	2484
NC_045512.2	20920	T	G	6183	3971	47	1	1	37	0.000161655	6186	0.992196	FALSE	ORF1ab:cds-YP_009724389.1	TGG	W	GGG	G	2485
NC_045512.2	20920	T	C	6183	3971	47	2	1	56	0.000323311	6186	0.24998	FALSE	ORF1ab:cds-YP_009724389.1	TGG	W	CGG	R	2485
NC_045512.2	20921	G	A	6214	3992	47	1	1	37	0.000160901	6215	0.992205	FALSE	ORF1ab:cds-YP_009724389.1	TGG	W	TAG	*	2485
NC_045512.2	20922	G	A	6227	4014	47	3	2	61	0.000481541	6230	0.125	FALSE	ORF1ab:cds-YP_009724389.1	TGG	W	TGA	*	2485
NC_045512.2	20923	T	G	6078	3864	47	1	1	37	0.00016442	6082	0.992192	FALSE	ORF1ab:cds-YP_009724389.1	TTG	L	GTG	V	2486
NC_045512.2	20923	T	C	6078	3864	47	3	0	29	0.000493259	6082	1	FALSE	ORF1ab:cds-YP_009724389.1	TTG	L	CTG	L	2486
NC_045512.2	20925	G	T	6252	4097	48	1	0	37	0.000159898	6254	0.992201	FALSE	ORF1ab:cds-YP_009724389.1	TTG	L	TTT	F	2486
NC_045512.2	20925	G	A	6252	4097	48	1	0	48	0.000159898	6254	0.5	FALSE	ORF1ab:cds-YP_009724389.1	TTG	L	TTA	L	2486
NC_045512.2	20926	C	T	6117	4227	46	2	1	37	0.000326851	6119	0.964906	FALSE	ORF1ab:cds-YP_009724389.1	CCT	P	TCT	S	2487
NC_045512.2	20927	C	A	6220	4382	47	1	1	37	0.000160746	6221	0.992205	FALSE	ORF1ab:cds-YP_009724389.1	CCT	P	CAT	H	2487
NC_045512.2	20927	C	-T	6220	4382	47	2	0	20	0.000321492	6221	1	FALSE	NA	NA	NA	NA	NA	NA
NC_045512.2	20928	T	G	6032	4200	47	2	2	31	0.00033129	6037	0.964817	FALSE	ORF1ab:cds-YP_009724389.1	CCT	P	CCG	P	2487
NC_045512.2	20928	T	C	6032	4200	47	3	2	49	0.000496936	6037	0.124876	FALSE	ORF1ab:cds-YP_009724389.1	CCT	P	CCC	P	2487
NC_045512.2	20929	A	G	6031	4220	47	1	1	37	0.000165782	6032	0.992206	FALSE	ORF1ab:cds-YP_009724389.1	ACG	T	GCG	A	2488
NC_045512.2	20930	C	T	6087	4331	47	8	5	44	0.00131255	6095	0.00389984	TRUE	ORF1ab:cds-YP_009724389.1	ACG	T	ATG	M	2488
NC_045512.2	20931	G	T	6096	4369	46	1	1	37	0.000163988	6098	0.992201	FALSE	ORF1ab:cds-YP_009724389.1	ACG	T	ACT	T	2488
NC_045512.2	20931	G	C	6096	4369	46	1	0	74	0.000163988	6098	0.5	FALSE	ORF1ab:cds-YP_009724389.1	ACG	T	ACC	T	2488
NC_045512.2	20932	G	A	6076	4421	46	1	1	37	0.000164555	6077	0.992205	FALSE	ORF1ab:cds-YP_009724389.1	GGT	G	AGT	S	2489
NC_045512.2	20934	T	C	5891	4246	46	2	0	31	0.000339386	5893	0.937584	FALSE	ORF1ab:cds-YP_009724389.1	GGT	G	GGC	G	2489
NC_045512.2	20936	C	T	5877	4285	46	3	1	61	0.000510204	5880	0.125	FALSE	ORF1ab:cds-YP_009724389.1	ACG	T	ATG	M	2490
NC_045512.2	20937	G	A	5822	4340	45	8	7	41	0.00137221	5830	0.00389955	TRUE	ORF1ab:cds-YP_009724389.1	ACG	T	ACA	T	2490
NC_045512.2	20938	C	T	5804	4316	45	3	3	61	0.000516618	5807	0.125	FALSE	ORF1ab:cds-YP_009724389.1	CTG	L	TTG	L	2491
NC_045512.2	20939	T	G	5629	4174	45	1	0	37	0.000177557	5632	0.984387	FALSE	ORF1ab:cds-YP_009724389.1	CTG	L	CGG	R	2491
NC_045512.2	20939	T	C	5629	4174	45	2	1	37	0.000355114	5632	0.937558	FALSE	ORF1ab:cds-YP_009724389.1	CTG	L	CCG	P	2491
NC_045512.2	20940	G	A	5624	4199	45	9	6	61	0.00159773	5633	0.00194845	TRUE	ORF1ab:cds-YP_009724389.1	CTG	L	CTA	L	2491
NC_045512.2	20941	C	T	5411	3983	45	2	2	37	0.000369413	5414	0.937561	FALSE	ORF1ab:cds-YP_009724389.1	CTT	L	TTT	F	2492
NC_045512.2	20941	C	A	5411	3983	45	1	0	74	0.000184706	5414	0.499954	FALSE	ORF1ab:cds-YP_009724389.1	CTT	L	ATT	I	2492
NC_045512.2	20943	T	G	5465	4121	44	1	0	37	0.000182782	5471	0.984362	FALSE	ORF1ab:cds-YP_009724389.1	CTT	L	CTG	L	2492
NC_045512.2	20943	T	C	5465	4121	44	3	3	49	0.000548346	5471	0.124897	FALSE	ORF1ab:cds-YP_009724389.1	CTT	L	CTC	L	2492
NC_045512.2	20943	T	A	5465	4121	44	2	1	74	0.000365564	5471	0.24984	FALSE	ORF1ab:cds-YP_009724389.1	CTT	L	CTA	L	2492
NC_045512.2	20946	C	T	5407	4112	44	1	1	74	0.000184911	5408	0.500046	FALSE	ORF1ab:cds-YP_009724389.1	GTC	V	GTT	V	2493
NC_045512.2	20947	G	A	5389	4104	44	2	1	55	0.000370989	5391	0.250023	FALSE	ORF1ab:cds-YP_009724389.1	GAT	D	AAT	N	2494
NC_045512.2	20948	A	T	5372	4091	44	1	0	29	0.000186081	5374	1	FALSE	ORF1ab:cds-YP_009724389.1	GAT	D	GTT	V	2494
NC_045512.2	20948	A	G	5372	4091	44	1	1	37	0.000186081	5374	0.984397	FALSE	ORF1ab:cds-YP_009724389.1	GAT	D	GGT	G	2494
NC_045512.2	20950	T	A	5361	4155	43	1	1	37	0.000186498	5362	0.984406	FALSE	ORF1ab:cds-YP_009724389.1	TCA	S	ACA	T	2495
NC_045512.2	20951	C	T	5316	4134	43	2	0	37	0.000376011	5319	0.937562	FALSE	ORF1ab:cds-YP_009724389.1	TCA	S	TTA	L	2495
NC_045512.2	20951	C	G	5316	4134	43	1	1	37	0.000188005	5319	0.984388	FALSE	ORF1ab:cds-YP_009724389.1	TCA	S	TGA	*	2495
NC_045512.2	20952	A	T	5282	4097	43	2	2	37	0.000378143	5289	0.937438	FALSE	ORF1ab:cds-YP_009724389.1	TCA	S	TCT	S	2495
NC_045512.2	20952	A	G	5282	4097	43	4	3	37	0.000756287	5289	0.746001	FALSE	ORF1ab:cds-YP_009724389.1	TCA	S	TCG	S	2495
NC_045512.2	20952	A	C	5282	4097	43	1	1	74	0.000189072	5289	0.499764	FALSE	ORF1ab:cds-YP_009724389.1	TCA	S	TCC	S	2495
NC_045512.2	20955	T	C	5274	4106	43	1	0	74	0.000189573	5275	0.500047	FALSE	ORF1ab:cds-YP_009724389.1	GAT	D	GAC	D	2496
NC_045512.2	20956	C	A	5128	4135	41	1	1	25	0.00019497	5129	1	FALSE	ORF1ab:cds-YP_009724389.1	CTT	L	ATT	I	2497
NC_045512.2	20957	T	C	5031	4041	42	4	0	37	0.000794439	5035	0.746289	FALSE	ORF1ab:cds-YP_009724389.1	CTT	L	CCT	P	2497
NC_045512.2	20958	T	A	4979	4075	41	1	1	25	0.000200803	4980	1	FALSE	ORF1ab:cds-YP_009724389.1	CTT	L	CTA	L	2497
NC_045512.2	20959	A	T	4965	4061	41	1	1	25	0.000201369	4966	1	FALSE	ORF1ab:cds-YP_009724389.1	AAT	N	TAT	Y	2498
NC_045512.2	20960	A	G	4930	4029	41	1	1	37	0.000202799	4931	0.968798	FALSE	ORF1ab:cds-YP_009724389.1	AAT	N	AGT	S	2498
NC_045512.2	20963	A	G	4891	4004	41	1	0	74	0.000204415	4892	0.500051	FALSE	ORF1ab:cds-YP_009724389.1	GAC	D	GGC	G	2499
NC_045512.2	20965	T	G	4744	3859	41	1	1	37	0.000210482	4751	0.968701	FALSE	ORF1ab:cds-YP_009724389.1	TTT	F	GTT	V	2500
NC_045512.2	20965	T	C	4744	3859	41	4	3	34	0.000841928	4751	0.636546	FALSE	ORF1ab:cds-YP_009724389.1	TTT	F	CTT	L	2500
NC_045512.2	20965	T	A	4744	3859	41	2	2	37	0.000420964	4751	0.890502	FALSE	ORF1ab:cds-YP_009724389.1	TTT	F	ATT	I	2500
NC_045512.2	20970	C	A	4694	3831	41	1	1	74	0.000212993	4695	0.500053	FALSE	ORF1ab:cds-YP_009724389.1	GTC	V	GTA	V	2501
NC_045512.2	20974	G	T	4503	3658	41	1	0	74	0.000222025	4504	0.500056	FALSE	ORF1ab:cds-YP_009724389.1	GAT	D	TAT	Y	2503
NC_045512.2	20975	A	T	4497	3662	41	1	0	25	0.000222321	4498	1	FALSE	ORF1ab:cds-YP_009724389.1	GAT	D	GTT	V	2503
NC_045512.2	20977	G	A	4447	3671	41	4	3	46	0.000898674	4451	0.0624859	FALSE	ORF1ab:cds-YP_009724389.1	GCA	A	ACA	T	2504
NC_045512.2	20978	C	T	4426	3653	41	12	7	46	0.00270392	4438	0.000242658	TRUE	ORF1ab:cds-YP_009724389.1	GCA	A	GTA	V	2504
NC_045512.2	20980	G	A	4379	3608	41	1	1	37	0.000228311	4380	0.968803	FALSE	ORF1ab:cds-YP_009724389.1	GAT	D	AAT	N	2505
NC_045512.2	20981	A	G	4331	3584	41	1	0	37	0.000230734	4334	0.968768	FALSE	ORF1ab:cds-YP_009724389.1	GAT	D	GGT	G	2505
NC_045512.2	20981	A	C	4331	3584	41	2	0	37	0.000461467	4334	0.890706	FALSE	ORF1ab:cds-YP_009724389.1	GAT	D	GCT	A	2505
NC_045512.2	20982	T	C	4293	3611	40	1	1	37	0.000232829	4295	0.968786	FALSE	ORF1ab:cds-YP_009724389.1	GAT	D	GAC	D	2505
NC_045512.2	20982	T	A	4293	3611	40	1	1	37	0.000232829	4295	0.968786	FALSE	ORF1ab:cds-YP_009724389.1	GAT	D	GAA	E	2505
NC_045512.2	20983	T	G	4297	3613	40	1	1	37	0.000232558	4300	0.968768	FALSE	ORF1ab:cds-YP_009724389.1	TCA	S	GCA	A	2506
NC_045512.2	20983	T	C	4297	3613	40	2	2	37	0.000465116	4300	0.890707	FALSE	ORF1ab:cds-YP_009724389.1	TCA	S	CCA	P	2506
NC_045512.2	20985	A	G	4243	3581	40	1	1	37	0.000235627	4244	0.968805	FALSE	ORF1ab:cds-YP_009724389.1	TCA	S	TCG	S	2506
NC_045512.2	20988	T	C	4067	3444	39	2	1	37	0.0004914	4070	0.890711	FALSE	ORF1ab:cds-YP_009724389.1	ACT	T	ACC	T	2507
NC_045512.2	20988	T	A	4067	3444	39	1	1	37	0.0002457	4070	0.968769	FALSE	ORF1ab:cds-YP_009724389.1	ACT	T	ACA	T	2507
NC_045512.2	20989	T	G	4041	3475	39	1	0	37	0.000247158	4046	0.968731	FALSE	ORF1ab:cds-YP_009724389.1	TTG	L	GTG	V	2508
NC_045512.2	20989	T	C	4041	3475	39	4	3	46	0.000988631	4046	0.0624536	FALSE	ORF1ab:cds-YP_009724389.1	TTG	L	CTG	L	2508
NC_045512.2	20990	T	C	4024	3422	39	1	1	37	0.000248447	4025	0.968808	FALSE	ORF1ab:cds-YP_009724389.1	TTG	L	TCG	S	2508
NC_045512.2	20991	G	A	4038	3439	40	1	1	37	0.000247586	4039	0.968808	FALSE	ORF1ab:cds-YP_009724389.1	TTG	L	TTA	L	2508
NC_045512.2	20992	A	T	4025	3433	39	1	1	25	0.000248324	4027	1	FALSE	ORF1ab:cds-YP_009724389.1	ATT	I	TTT	F	2509
NC_045512.2	20992	A	G	4025	3433	39	1	1	25	0.000248324	4027	1	FALSE	ORF1ab:cds-YP_009724389.1	ATT	I	GTT	V	2509
NC_045512.2	20994	T	A	3998	3427	39	1	1	37	0.000250063	3999	0.937578	FALSE	ORF1ab:cds-YP_009724389.1	ATT	I	ATA	I	2509
NC_045512.2	20996	G	A	3937	3376	39	2	2	37	0.000507743	3939	0.812659	FALSE	ORF1ab:cds-YP_009724389.1	GGT	G	GAT	D	2510
NC_045512.2	20997	T	C	3918	3361	39	2	2	37	0.000510204	3920	0.812659	FALSE	ORF1ab:cds-YP_009724389.1	GGT	G	GGC	G	2510
NC_045512.2	20999	A	G	3805	3365	38	1	1	37	0.000262743	3806	0.937582	FALSE	ORF1ab:cds-YP_009724389.1	GAT	D	GGT	G	2511
NC_045512.2	21000	T	C	3778	3362	38	1	1	25	0.00026462	3779	1	FALSE	ORF1ab:cds-YP_009724389.1	GAT	D	GAC	D	2511
NC_045512.2	21004	G	A	3738	3377	38	1	1	25	0.000267451	3739	1	FALSE	ORF1ab:cds-YP_009724389.1	GCA	A	ACA	T	2513
NC_045512.2	21005	C	T	3718	3365	38	6	5	35	0.00161117	3724	0.253906	FALSE	ORF1ab:cds-YP_009724389.1	GCA	A	GTA	V	2513
NC_045512.2	21009	T	C	3310	3110	37	1	0	37	0.000302024	3311	0.937594	FALSE	ORF1ab:cds-YP_009724389.1	ACT	T	ACC	T	2514
NC_045512.2	21010	G	A	3306	3115	37	2	1	49	0.000604595	3308	0.250038	FALSE	ORF1ab:cds-YP_009724389.1	GTA	V	ATA	I	2515
NC_045512.2	21012	A	G	3016	2825	37	1	1	37	0.000331455	3017	0.937604	FALSE	ORF1ab:cds-YP_009724389.1	GTA	V	GTG	V	2515
NC_045512.2	21013	C	T	3014	2823	37	1	1	37	0.000331565	3016	0.937562	FALSE	ORF1ab:cds-YP_009724389.1	CAT	H	TAT	Y	2516
NC_045512.2	21013	C	G	3014	2823	37	1	1	37	0.000331565	3016	0.937562	FALSE	ORF1ab:cds-YP_009724389.1	CAT	H	GAT	D	2516
NC_045512.2	21050	T	G	848	74	39	1	1	37	0.00117786	849	0.500295	FALSE	ORF1ab:cds-YP_009724389.1	ATG	M	AGG	R	2528
NC_045512.2	21054	C	T	927	99	41	4	3	61	0.00429646	931	0.0624327	FALSE	ORF1ab:cds-YP_009724389.1	TAC	Y	TAT	Y	2529
NC_045512.2	21064	A	G	1066	109	40	1	0	25	0.000937207	1067	0.999527	FALSE	ORF1ab:cds-YP_009724389.1	ACT	T	GCT	A	2533
NC_045512.2	21066	T	-A	1115	111	40	1	0	20	0.000896861	1115	0.999766	FALSE	NA	NA	NA	NA	NA	NA
NC_045512.2	21068	A	G	1112	125	40	2	2	37	0.00179533	1114	0.500337	FALSE	ORF1ab:cds-YP_009724389.1	AAA	K	AGA	R	2534
NC_045512.2	21076	A	G	1125	154	42	1	0	37	0.000888099	1126	0.750333	FALSE	ORF1ab:cds-YP_009724389.1	ACA	T	GCA	A	2537
NC_045512.2	21084	A	G	1144	171	43	1	1	74	0.000873362	1145	0.500218	FALSE	ORF1ab:cds-YP_009724389.1	GAA	E	GAG	E	2539
NC_045512.2	21086	A	T	1127	173	42	1	0	37	0.000884956	1130	0.749889	FALSE	ORF1ab:cds-YP_009724389.1	AAT	N	ATT	I	2540
NC_045512.2	21086	A	G	1127	173	42	2	1	31	0.00176991	1130	0.5	FALSE	ORF1ab:cds-YP_009724389.1	AAT	N	AGT	S	2540
NC_045512.2	21102	T	G	1304	220	45	1	0	37	0.000766284	1305	0.750287	FALSE	ORF1ab:cds-YP_009724389.1	GGT	G	GGG	G	2545
NC_045512.2	21105	T	C	1263	234	45	1	0	37	0.000791139	1264	0.750297	FALSE	ORF1ab:cds-YP_009724389.1	TTT	F	TTC	F	2546
NC_045512.2	21109	A	C	1088	283	43	1	0	37	0.000918274	1089	0.750345	FALSE	ORF1ab:cds-YP_009724389.1	ACT	T	CCT	P	2548
NC_045512.2	21110	C	T	1058	292	42	1	0	37	0.000944287	1059	0.750354	FALSE	ORF1ab:cds-YP_009724389.1	ACT	T	ATT	I	2548
NC_045512.2	21115	A	G	1078	360	41	1	1	74	0.000926784	1079	0.500232	FALSE	ORF1ab:cds-YP_009724389.1	ATT	I	GTT	V	2550
NC_045512.2	21126	T	C	1167	406	41	1	0	74	0.000856164	1168	0.500214	FALSE	ORF1ab:cds-YP_009724389.1	TTT	F	TTC	F	2553
NC_045512.2	21128	T	C	1174	410	42	1	1	37	0.000851064	1175	0.750319	FALSE	ORF1ab:cds-YP_009724389.1	ATA	I	ACA	T	2554
NC_045512.2	21129	A	G	1167	403	41	1	1	37	0.000856164	1168	0.750321	FALSE	ORF1ab:cds-YP_009724389.1	ATA	I	ATG	M	2554
NC_045512.2	21130	C	T	1190	406	41	1	1	37	0.000839631	1191	0.750315	FALSE	ORF1ab:cds-YP_009724389.1	CAA	Q	TAA	*	2555
NC_045512.2	21133	C	-A	1190	405	42	1	0	20	0.000840336	1190	0.999765	FALSE	NA	NA	NA	NA	NA	NA
NC_045512.2	21135	A	G	1217	454	42	1	0	25	0.000821018	1218	0.999882	FALSE	ORF1ab:cds-YP_009724389.1	CAA	Q	CAG	Q	2556
NC_045512.2	21140	T	C	1197	492	42	2	1	37	0.00166806	1199	0.500313	FALSE	ORF1ab:cds-YP_009724389.1	CTA	L	CCA	P	2558
NC_045512.2	21144	T	A	1257	515	41	1	1	25	0.000794913	1258	0.999882	FALSE	ORF1ab:cds-YP_009724389.1	GCT	A	GCA	A	2559
NC_045512.2	21146	T	C	1251	499	41	1	0	37	0.000798722	1252	0.7503	FALSE	ORF1ab:cds-YP_009724389.1	CTT	L	CCT	P	2560
NC_045512.2	21148	G	T	1268	527	42	1	1	25	0.000788022	1269	0.999882	FALSE	ORF1ab:cds-YP_009724389.1	GGA	G	TGA	*	2561
NC_045512.2	21152	G	A	1195	538	40	1	1	37	0.00083612	1196	0.750314	FALSE	ORF1ab:cds-YP_009724389.1	GGT	G	GAT	D	2562
NC_045512.2	21155	C	A	1196	541	41	2	0	37	0.00166945	1198	0.500313	FALSE	ORF1ab:cds-YP_009724389.1	TCC	S	TAC	Y	2563
NC_045512.2	21160	G	A	1170	560	40	1	0	37	0.000853971	1171	0.75032	FALSE	ORF1ab:cds-YP_009724389.1	GCT	A	ACT	T	2565
NC_045512.2	21163	A	G	1180	573	40	1	0	37	0.00084674	1181	0.750318	FALSE	ORF1ab:cds-YP_009724389.1	ATA	I	GTA	V	2566
NC_045512.2	21169	A	C	1156	571	39	1	0	37	0.000864304	1157	0.750324	FALSE	ORF1ab:cds-YP_009724389.1	ATA	I	CTA	L	2568
NC_045512.2	21179	A	C	1119	506	39	1	1	25	0.000892857	1120	0.999764	FALSE	ORF1ab:cds-YP_009724389.1	CAT	H	CCT	P	2571
NC_045512.2	21188	A	T	1155	525	39	1	1	25	0.000865052	1156	0.999764	FALSE	ORF1ab:cds-YP_009724389.1	AAT	N	ATT	I	2574
NC_045512.2	21190	G	T	1136	529	39	1	1	37	0.000878735	1138	0.75011	FALSE	ORF1ab:cds-YP_009724389.1	GCT	A	TCT	S	2575
NC_045512.2	21190	G	A	1136	529	39	1	1	37	0.000878735	1138	0.75011	FALSE	ORF1ab:cds-YP_009724389.1	GCT	A	ACT	T	2575
NC_045512.2	21191	C	T	1122	530	39	1	0	74	0.000890472	1123	0.500223	FALSE	ORF1ab:cds-YP_009724389.1	GCT	A	GTT	V	2575
NC_045512.2	21192	T	C	1170	586	39	3	1	49	0.00255754	1173	0.125	FALSE	ORF1ab:cds-YP_009724389.1	GCT	A	GCC	A	2575
NC_045512.2	21217	T	C	1125	526	40	1	1	37	0.000888099	1126	0.750333	FALSE	ORF1ab:cds-YP_009724389.1	TTC	F	CTC	L	2584
NC_045512.2	21225	G	A	1170	626	40	1	1	74	0.000853971	1171	0.500214	FALSE	ORF1ab:cds-YP_009724389.1	TGG	W	TGA	*	2586
NC_045512.2	21226	T	+GGACA	1226	698	41	1	0	20	0.000815661	1226	0.999883	FALSE	NA	NA	NA	NA	NA	NA
NC_045512.2	21228	G	A	1317	819	42	1	1	37	0.000758725	1318	0.750285	FALSE	ORF1ab:cds-YP_009724389.1	TGG	W	TGA	*	2587
NC_045512.2	21229	A	G	1327	825	42	1	0	37	0.000753012	1328	0.750282	FALSE	ORF1ab:cds-YP_009724389.1	ACA	T	GCA	A	2588
NC_045512.2	21231	A	+G	1312	842	41	6	0	20	0.00457317	1312	0.969499	FALSE	NA	NA	NA	NA	NA	NA
NC_045512.2	21233	C	T	1344	840	41	1	0	37	0.000742942	1346	0.750093	FALSE	ORF1ab:cds-YP_009724389.1	GCC	A	GTC	V	2589
NC_045512.2	21233	C	A	1344	840	41	1	1	25	0.000742942	1346	0.999941	FALSE	ORF1ab:cds-YP_009724389.1	GCC	A	GAC	D	2589
NC_045512.2	21235	T	A	1248	784	41	1	0	37	0.000800641	1249	0.7503	FALSE	ORF1ab:cds-YP_009724389.1	TTT	F	ATT	I	2590
NC_045512.2	21236	T	C	1221	756	41	1	0	62	0.000818331	1222	0.500205	FALSE	ORF1ab:cds-YP_009724389.1	TTT	F	TCT	S	2590
NC_045512.2	21253	G	C	1113	721	41	1	0	37	0.000897666	1114	0.750337	FALSE	ORF1ab:cds-YP_009724389.1	GCG	A	CCG	P	2596
NC_045512.2	21256	T	C	1123	731	41	1	1	37	0.00088968	1124	0.750334	FALSE	ORF1ab:cds-YP_009724389.1	TCA	S	CCA	P	2597
NC_045512.2	21264	T	C	1150	803	42	1	0	37	0.00086881	1151	0.750326	FALSE	ORF1ab:cds-YP_009724389.1	TCT	S	TCC	S	2599
NC_045512.2	21266	A	G	1187	865	42	1	1	74	0.000841751	1188	0.500211	FALSE	ORF1ab:cds-YP_009724389.1	GAA	E	GGA	G	2600
NC_045512.2	21275	T	A	1234	983	43	1	1	37	0.000809717	1235	0.750304	FALSE	ORF1ab:cds-YP_009724389.1	TTA	L	TAA	*	2603
NC_045512.2	21281	G	T	1238	1015	42	1	1	37	0.000807103	1239	0.750303	FALSE	ORF1ab:cds-YP_009724389.1	GGA	G	GTA	V	2605
NC_045512.2	21282	A	G	1249	1025	43	1	1	37	0.0008	1250	0.7503	FALSE	ORF1ab:cds-YP_009724389.1	GGA	G	GGG	G	2605
NC_045512.2	21285	T	G	1286	1062	43	1	1	37	0.000777001	1287	0.750291	FALSE	ORF1ab:cds-YP_009724389.1	TGT	C	TGG	W	2606
NC_045512.2	21292	C	T	1309	1134	43	1	1	37	0.000763359	1310	0.750286	FALSE	ORF1ab:cds-YP_009724389.1	CTT	L	TTT	F	2609
NC_045512.2	21293	T	C	1225	1052	44	1	0	37	0.000815661	1226	0.750306	FALSE	ORF1ab:cds-YP_009724389.1	CTT	L	CCT	P	2609
NC_045512.2	21294	T	C	1200	1030	44	1	1	37	0.000832639	1201	0.750312	FALSE	ORF1ab:cds-YP_009724389.1	CTT	L	CTC	L	2609
NC_045512.2	21297	C	A	1192	1025	44	1	1	37	0.000838223	1193	0.750314	FALSE	ORF1ab:cds-YP_009724389.1	GGC	G	GGA	G	2610
NC_045512.2	21305	G	A	1172	1036	42	1	1	37	0.000852515	1173	0.75032	FALSE	ORF1ab:cds-YP_009724389.1	CGC	R	CAC	H	2613
NC_045512.2	21306	C	T	1159	1028	42	3	3	37	0.00258176	1162	0.312661	FALSE	ORF1ab:cds-YP_009724389.1	CGC	R	CGT	R	2613
NC_045512.2	21311	A	G	1163	1050	41	1	1	37	0.000859107	1164	0.750322	FALSE	ORF1ab:cds-YP_009724389.1	CAA	Q	CGA	R	2615
NC_045512.2	21325	G	T	1019	927	41	1	1	37	0.000980392	1020	0.750368	FALSE	ORF1ab:cds-YP_009724389.1	GTC	V	TTC	F	2620
NC_045512.2	21327	C	T	904	833	40	1	1	74	0.00110497	905	0.500276	FALSE	ORF1ab:cds-YP_009724389.1	GTC	V	GTT	V	2620
NC_045512.2	21334	G	A	711	673	39	1	1	37	0.00140449	712	0.500351	FALSE	ORF1ab:cds-YP_009724389.1	GCA	A	ACA	T	2623
NC_045512.2	21342	C	T	704	676	39	1	1	37	0.00141844	705	0.500355	FALSE	ORF1ab:cds-YP_009724389.1	TAC	Y	TAT	Y	2625
NC_045512.2	21347	T	C	677	653	38	1	1	37	0.00147493	678	0.500369	FALSE	ORF1ab:cds-YP_009724389.1	TTT	F	TCT	S	2627
NC_045512.2	21352	A	G	657	634	38	1	1	37	0.00151976	658	0.50038	FALSE	ORF1ab:cds-YP_009724389.1	AGG	R	GGG	G	2629
NC_045512.2	21358	A	G	2354	651	37	1	0	37	0.000424628	2355	0.875159	FALSE	ORF1ab:cds-YP_009724389.1	ACA	T	GCA	A	2631
NC_045512.2	21359	C	T	2368	675	37	1	1	37	0.000422119	2369	0.875158	FALSE	ORF1ab:cds-YP_009724389.1	ACA	T	ATA	I	2631
NC_045512.2	21360	A	G	2339	645	37	1	0	37	0.00042735	2340	0.87516	FALSE	ORF1ab:cds-YP_009724389.1	ACA	T	ACG	T	2631
NC_045512.2	21361	A	G	2332	633	37	5	5	34	0.0021395	2337	0.226562	FALSE	ORF1ab:cds-YP_009724389.1	AAT	N	GAT	D	2632
NC_045512.2	21364	C	T	2614	638	37	1	1	37	0.000382409	2615	0.875143	FALSE	ORF1ab:cds-YP_009724389.1	CCA	P	TCA	S	2633
NC_045512.2	21366	A	G	2533	501	37	1	0	37	0.000394633	2534	0.875148	FALSE	ORF1ab:cds-YP_009724389.1	CCA	P	CCG	P	2633
NC_045512.2	21368	T	C	2691	497	36	1	1	37	0.000371471	2692	0.875139	FALSE	ORF1ab:cds-YP_009724389.1	ATT	I	ACT	T	2634
NC_045512.2	21369	T	A	2333	103	37	1	0	37	0.000428449	2334	0.875161	FALSE	ORF1ab:cds-YP_009724389.1	ATT	I	ATA	I	2634
NC_045512.2	21372	G	A	2547	113	37	1	0	37	0.000392465	2548	0.875147	FALSE	ORF1ab:cds-YP_009724389.1	CAG	Q	CAA	Q	2635
NC_045512.2	21375	G	C	2635	116	37	1	0	37	0.000379363	2636	0.875142	FALSE	ORF1ab:cds-YP_009724389.1	TTG	L	TTC	F	2636
NC_045512.2	21376	T	G	2644	143	37	2	2	37	0.000755572	2647	0.687571	FALSE	ORF1ab:cds-YP_009724389.1	TCT	S	GCT	A	2637
NC_045512.2	21376	T	A	2644	143	37	1	0	37	0.000377786	2647	0.875	FALSE	ORF1ab:cds-YP_009724389.1	TCT	S	ACT	T	2637
NC_045512.2	21378	T	C	2811	152	37	1	0	37	0.000355619	2812	0.875133	FALSE	ORF1ab:cds-YP_009724389.1	TCT	S	TCC	S	2637
NC_045512.2	21381	C	T	2895	169	38	1	0	37	0.000345066	2898	0.875	FALSE	ORF1ab:cds-YP_009724389.1	TCC	S	TCT	S	2638
NC_045512.2	21381	C	A	2895	169	38	2	0	37	0.000690131	2898	0.687565	FALSE	ORF1ab:cds-YP_009724389.1	TCC	S	TCA	S	2638
NC_045512.2	21385	T	C	2984	170	38	1	0	37	0.000335008	2985	0.875126	FALSE	ORF1ab:cds-YP_009724389.1	TCT	S	CCT	P	2640
NC_045512.2	21389	T	A	3051	197	39	1	0	25	0.000327654	3052	1	FALSE	ORF1ab:cds-YP_009724389.1	TTA	L	TAA	*	2641
NC_045512.2	21392	T	C	3054	230	39	1	0	37	0.000327225	3056	0.937561	FALSE	ORF1ab:cds-YP_009724389.1	TTT	F	TCT	S	2642
NC_045512.2	21392	T	A	3054	230	39	1	0	37	0.000327225	3056	0.937561	FALSE	ORF1ab:cds-YP_009724389.1	TTT	F	TAT	Y	2642
NC_045512.2	21398	T	G	3094	280	40	3	3	37	0.000968679	3097	0.656477	FALSE	ORF1ab:cds-YP_009724389.1	ATG	M	AGG	R	2644
NC_045512.2	21399	G	A	3343	285	40	1	0	37	0.000299043	3344	0.937593	FALSE	ORF1ab:cds-YP_009724389.1	ATG	M	ATA	I	2644
NC_045512.2	21402	T	C	3401	309	40	1	0	37	0.000293858	3403	0.937555	FALSE	ORF1ab:cds-YP_009724389.1	AGT	S	AGC	S	2645
NC_045512.2	21402	T	A	3401	309	40	1	0	37	0.000293858	3403	0.937555	FALSE	ORF1ab:cds-YP_009724389.1	AGT	S	AGA	R	2645
NC_045512.2	21409	C	T	3498	400	42	1	0	37	0.000285714	3500	0.937554	FALSE	ORF1ab:cds-YP_009724389.1	CCC	P	TCC	S	2648
NC_045512.2	21409	C	A	3498	400	42	1	0	37	0.000285714	3500	0.937554	FALSE	ORF1ab:cds-YP_009724389.1	CCC	P	ACC	T	2648
NC_045512.2	21413	T	C	3552	404	42	1	0	37	0.000281452	3553	0.937588	FALSE	ORF1ab:cds-YP_009724389.1	CTT	L	CCT	P	2649
NC_045512.2	21418	T	G	3687	456	42	1	0	25	0.00027115	3688	1	FALSE	ORF1ab:cds-YP_009724389.1	TTA	L	GTA	V	2651
NC_045512.2	21419	T	C	3776	464	43	1	0	37	0.00026476	3777	0.937583	FALSE	ORF1ab:cds-YP_009724389.1	TTA	L	TCA	S	2651
NC_045512.2	21421	A	G	3770	533	43	1	1	29	0.000265182	3771	1	FALSE	ORF1ab:cds-YP_009724389.1	AGG	R	GGG	G	2652
NC_045512.2	21421	A	+GG	3770	533	43	1	0	20	0.000265182	3771	1	FALSE	NA	NA	NA	NA	NA	NA
NC_045512.2	21422	G	T	3845	536	43	2	0	31	0.000519751	3848	0.812581	FALSE	ORF1ab:cds-YP_009724389.1	AGG	R	ATG	M	2652
NC_045512.2	21422	G	A	3845	536	43	1	1	37	0.000259875	3848	0.937516	FALSE	ORF1ab:cds-YP_009724389.1	AGG	R	AAG	K	2652
NC_045512.2	21423	G	T	4114	547	43	2	2	48	0.000485673	4118	0.249909	FALSE	ORF1ab:cds-YP_009724389.1	AGG	R	AGT	S	2652
NC_045512.2	21423	G	C	4114	547	43	1	0	37	0.000242836	4118	0.96875	FALSE	ORF1ab:cds-YP_009724389.1	AGG	R	AGC	S	2652
NC_045512.2	21423	G	A	4114	547	43	1	0	37	0.000242836	4118	0.96875	FALSE	ORF1ab:cds-YP_009724389.1	AGG	R	AGA	R	2652
NC_045512.2	21426	T	A	4771	610	43	1	0	37	0.000209556	4772	0.968799	FALSE	ORF1ab:cds-YP_009724389.1	GGT	G	GGA	G	2653
NC_045512.2	21429	T	G	4793	629	43	1	1	37	0.000208594	4794	0.968799	FALSE	ORF1ab:cds-YP_009724389.1	ACT	T	ACG	T	2654
NC_045512.2	21430	G	A	5416	627	43	1	1	74	0.000184604	5417	0.500046	FALSE	ORF1ab:cds-YP_009724389.1	GCT	A	ACT	T	2655
NC_045512.2	21431	C	T	5443	645	42	2	0	37	0.000367309	5445	0.93759	FALSE	ORF1ab:cds-YP_009724389.1	GCT	A	GTT	V	2655
NC_045512.2	21434	T	G	5553	653	42	2	0	31	0.000359971	5556	0.937559	FALSE	ORF1ab:cds-YP_009724389.1	GTT	V	GGT	G	2656
NC_045512.2	21434	T	A	5553	653	42	1	1	25	0.000179986	5556	1	FALSE	ORF1ab:cds-YP_009724389.1	GTT	V	GAT	D	2656
NC_045512.2	21435	T	G	5611	661	42	1	0	25	0.00017819	5612	1	FALSE	ORF1ab:cds-YP_009724389.1	GTT	V	GTG	V	2656
NC_045512.2	21436	A	+C	5672	665	42	1	0	20	0.000176305	5672	1	FALSE	NA	NA	NA	NA	NA	NA
NC_045512.2	21437	T	C	5616	673	42	1	0	37	0.000177999	5618	0.984396	FALSE	ORF1ab:cds-YP_009724389.1	ATG	M	ACG	T	2657
NC_045512.2	21437	T	A	5616	673	42	1	0	25	0.000177999	5618	1	FALSE	ORF1ab:cds-YP_009724389.1	ATG	M	AAG	K	2657
NC_045512.2	21438	G	T	5565	707	43	1	0	37	0.000179662	5566	0.984404	FALSE	ORF1ab:cds-YP_009724389.1	ATG	M	ATT	I	2657
NC_045512.2	21439	T	G	5501	694	42	1	1	37	0.000181587	5507	0.984362	FALSE	ORF1ab:cds-YP_009724389.1	TCT	S	GCT	A	2658
NC_045512.2	21439	T	C	5501	694	42	5	0	37	0.000907935	5507	0.623103	FALSE	ORF1ab:cds-YP_009724389.1	TCT	S	CCT	P	2658
NC_045512.2	21441	T	C	5623	738	42	2	1	36	0.000355492	5626	0.937558	FALSE	ORF1ab:cds-YP_009724389.1	TCT	S	TCC	S	2658
NC_045512.2	21441	T	A	5623	738	42	1	0	37	0.000177746	5626	0.984388	FALSE	ORF1ab:cds-YP_009724389.1	TCT	S	TCA	S	2658
NC_045512.2	21442	T	C	5552	748	42	1	0	22	0.000180083	5553	1	FALSE	ORF1ab:cds-YP_009724389.1	TTA	L	CTA	L	2659
NC_045512.2	21444	A	G	5611	783	43	1	0	37	0.00017819	5612	0.984404	FALSE	ORF1ab:cds-YP_009724389.1	TTA	L	TTG	L	2659
NC_045512.2	21445	A	G	5612	791	43	1	1	74	0.000178158	5613	0.500045	FALSE	ORF1ab:cds-YP_009724389.1	AAA	K	GAA	E	2660
NC_045512.2	21448	G	-A	5228	870	42	1	0	20	0.000191278	5228	1	FALSE	NA	NA	NA	NA	NA	NA
NC_045512.2	21450	A	G	5354	874	42	1	1	37	0.000186706	5356	0.984397	FALSE	ORF1ab:cds-YP_009724389.1	GAA	E	GAG	E	2661
NC_045512.2	21450	A	C	5354	874	42	1	0	37	0.000186706	5356	0.984397	FALSE	ORF1ab:cds-YP_009724389.1	GAA	E	GAC	D	2661
NC_045512.2	21451	G	T	5462	874	42	1	0	37	0.000182983	5465	0.984388	FALSE	ORF1ab:cds-YP_009724389.1	GGT	G	TGT	C	2662
NC_045512.2	21451	G	A	5462	874	42	2	1	31	0.000365965	5465	0.93756	FALSE	ORF1ab:cds-YP_009724389.1	GGT	G	AGT	S	2662
NC_045512.2	21454	C	G	5438	968	42	1	1	25	0.000183824	5440	1	FALSE	ORF1ab:cds-YP_009724389.1	CAA	Q	GAA	E	2663
NC_045512.2	21454	C	A	5438	968	42	1	0	37	0.000183824	5440	0.984397	FALSE	ORF1ab:cds-YP_009724389.1	CAA	Q	AAA	K	2663
NC_045512.2	21455	A	T	5451	990	42	1	1	74	0.000183419	5452	0.500046	FALSE	ORF1ab:cds-YP_009724389.1	CAA	Q	CTA	L	2663
NC_045512.2	21458	T	C	5139	1198	41	1	0	37	0.000194553	5140	0.984407	FALSE	ORF1ab:cds-YP_009724389.1	ATC	I	ACC	T	2664
NC_045512.2	21459	C	T	5105	1180	41	2	0	29	0.000391619	5107	1	FALSE	ORF1ab:cds-YP_009724389.1	ATC	I	ATT	I	2664
NC_045512.2	21460	A	G	5120	1168	41	1	0	74	0.000195274	5121	0.500049	FALSE	ORF1ab:cds-YP_009724389.1	AAT	N	GAT	D	2665
NC_045512.2	21464	A	G	4983	1240	40	1	0	36	0.000200642	4984	0.968797	FALSE	ORF1ab:cds-YP_009724389.1	GAT	D	GGT	G	2666
NC_045512.2	21466	A	G	4953	1281	41	1	1	22	0.000201857	4954	1	FALSE	ORF1ab:cds-YP_009724389.1	ATG	M	GTG	V	2667
NC_045512.2	21467	T	G	4942	1293	41	1	1	37	0.000202306	4943	0.968797	FALSE	ORF1ab:cds-YP_009724389.1	ATG	M	AGG	R	2667
NC_045512.2	21468	G	T	5026	1327	40	1	0	37	0.000198847	5029	0.984389	FALSE	ORF1ab:cds-YP_009724389.1	ATG	M	ATT	I	2667
NC_045512.2	21468	G	A	5026	1327	40	2	1	37	0.000397693	5029	0.937565	FALSE	ORF1ab:cds-YP_009724389.1	ATG	M	ATA	I	2667
NC_045512.2	21469	A	-T	5135	1345	40	2	0	20	0.000389484	5135	1	FALSE	NA	NA	NA	NA	NA	NA
NC_045512.2	21472	T	C	5166	1416	41	1	0	37	0.000193536	5167	0.984407	FALSE	ORF1ab:cds-YP_009724389.1	TTA	L	CTA	L	2669
NC_045512.2	21473	T	C	5136	1442	40	2	2	37	0.000389257	5138	0.937596	FALSE	ORF1ab:cds-YP_009724389.1	TTA	L	TCA	S	2669
NC_045512.2	21475	T	C	5136	1447	40	1	0	37	0.000194666	5137	0.984407	FALSE	ORF1ab:cds-YP_009724389.1	TCT	S	CCT	P	2670
NC_045512.2	21476	C	T	5046	1453	40	1	1	37	0.000198098	5048	0.984398	FALSE	ORF1ab:cds-YP_009724389.1	TCT	S	TTT	F	2670
NC_045512.2	21476	C	A	5046	1453	40	1	0	25	0.000198098	5048	1	FALSE	ORF1ab:cds-YP_009724389.1	TCT	S	TAT	Y	2670
NC_045512.2	21481	C	A	4931	1416	39	1	1	22	0.000202758	4932	1	FALSE	ORF1ab:cds-YP_009724389.1	CTT	L	ATT	I	2672
NC_045512.2	21482	T	G	4892	1406	39	1	0	37	0.000204332	4894	0.968782	FALSE	ORF1ab:cds-YP_009724389.1	CTT	L	CGT	R	2672
NC_045512.2	21482	T	C	4892	1406	39	1	1	37	0.000204332	4894	0.968782	FALSE	ORF1ab:cds-YP_009724389.1	CTT	L	CCT	P	2672
NC_045512.2	21485	G	T	4997	1413	39	2	0	37	0.00039992	5001	0.937533	FALSE	ORF1ab:cds-YP_009724389.1	AGT	S	ATT	I	2673
NC_045512.2	21485	G	A	4997	1413	39	2	0	37	0.00039992	5001	0.937533	FALSE	ORF1ab:cds-YP_009724389.1	AGT	S	AAT	N	2673
NC_045512.2	21486	T	C	5060	1456	40	1	0	37	0.000197589	5061	0.984407	FALSE	ORF1ab:cds-YP_009724389.1	AGT	S	AGC	S	2673
NC_045512.2	21493	A	G	5099	1352	39	1	0	25	0.000196078	5100	1	FALSE	ORF1ab:cds-YP_009724389.1	AGA	R	GGA	G	2676
NC_045512.2	21495	A	G	5255	1444	39	1	1	37	0.000190259	5256	0.984406	FALSE	ORF1ab:cds-YP_009724389.1	AGA	R	AGG	R	2676
NC_045512.2	21497	T	C	5440	1428	39	3	1	37	0.000551167	5443	0.855619	FALSE	ORF1ab:cds-YP_009724389.1	CTT	L	CCT	P	2677
NC_045512.2	21498	T	A	5393	1383	39	1	0	37	0.000185391	5394	0.984405	FALSE	ORF1ab:cds-YP_009724389.1	CTT	L	CTA	L	2677
NC_045512.2	21504	T	G	5716	2227	42	1	1	37	0.000174856	5719	0.984387	FALSE	ORF1ab:cds-YP_009724389.1	ATT	I	ATG	M	2679
NC_045512.2	21504	T	C	5716	2227	42	1	0	25	0.000174856	5719	1	FALSE	ORF1ab:cds-YP_009724389.1	ATT	I	ATC	I	2679
NC_045512.2	21504	T	A	5716	2227	42	1	0	25	0.000174856	5719	1	FALSE	ORF1ab:cds-YP_009724389.1	ATT	I	ATA	I	2679
NC_045512.2	21507	A	G	5598	2140	43	1	1	37	0.000178603	5599	0.984404	FALSE	ORF1ab:cds-YP_009724389.1	AGA	R	AGG	R	2680
NC_045512.2	21508	G	T	5601	2143	43	1	0	74	0.000178508	5602	0.500045	FALSE	ORF1ab:cds-YP_009724389.1	GAA	E	TAA	*	2681
NC_045512.2	21509	A	G	5640	2163	42	1	0	37	0.000177274	5641	0.984404	FALSE	ORF1ab:cds-YP_009724389.1	GAA	E	GGA	G	2681
NC_045512.2	21510	A	G	5750	2126	43	2	0	49	0.000347705	5752	0.250022	FALSE	ORF1ab:cds-YP_009724389.1	GAA	E	GAG	E	2681
NC_045512.2	21514	A	G	6050	2444	44	1	1	37	0.000165262	6051	0.992206	FALSE	ORF1ab:cds-YP_009724389.1	AAC	N	GAC	D	2683
NC_045512.2	21517	A	+G	6006	2519	44	3	0	20	0.0004995	6006	1	FALSE	NA	NA	NA	NA	NA	NA
NC_045512.2	21519	A	G	5988	2439	44	1	1	25	0.000166973	5989	1	FALSE	ORF1ab:cds-YP_009724389.1	AGA	R	AGG	R	2684
NC_045512.2	21521	T	A	5897	2495	43	1	0	37	0.000169549	5898	0.984403	FALSE	ORF1ab:cds-YP_009724389.1	GTT	V	GAT	D	2685
NC_045512.2	21521	T	+C	5897	2495	43	7	0	20	0.00118684	5898	1	FALSE	NA	NA	NA	NA	NA	NA
NC_045512.2	21522	T	C	5996	2585	44	1	0	37	0.00016675	5997	0.984402	FALSE	ORF1ab:cds-YP_009724389.1	GTT	V	GTC	V	2685
NC_045512.2	21524	T	A	5810	2679	43	1	0	37	0.000172087	5811	0.984403	FALSE	ORF1ab:cds-YP_009724389.1	GTT	V	GAT	D	2686
NC_045512.2	21526	A	G	5547	2799	42	1	0	25	0.000180245	5548	1	FALSE	ORF1ab:cds-YP_009724389.1	ATT	I	GTT	V	2687
NC_045512.2	21527	T	C	5498	2768	42	2	1	37	0.00036357	5501	0.93756	FALSE	ORF1ab:cds-YP_009724389.1	ATT	I	ACT	T	2687
NC_045512.2	21527	T	A	5498	2768	42	1	0	20	0.000181785	5501	1	FALSE	ORF1ab:cds-YP_009724389.1	ATT	I	AAT	N	2687
NC_045512.2	21528	T	C	5534	2777	43	1	1	37	0.000180668	5535	0.984405	FALSE	ORF1ab:cds-YP_009724389.1	ATT	I	ATC	I	2687
NC_045512.2	21531	T	C	5221	2938	41	2	1	55	0.000382922	5223	0.250024	FALSE	ORF1ab:cds-YP_009724389.1	TCT	S	TCC	S	2688
NC_045512.2	21536	A	G	5304	3099	40	1	1	37	0.000188501	5305	0.984406	FALSE	ORF1ab:cds-YP_009724389.1	GAT	D	GGT	G	2690
NC_045512.2	21540	T	C	5543	3452	41	1	0	37	0.000180375	5544	0.984405	FALSE	ORF1ab:cds-YP_009724389.1	GTT	V	GTC	V	2691
NC_045512.2	21541	C	T	5316	3355	40	1	0	74	0.000188005	5319	0.499953	FALSE	ORF1ab:cds-YP_009724389.1	CTT	L	TTT	F	2692
NC_045512.2	21541	C	A	5316	3355	40	2	2	31	0.000376011	5319	0.937562	FALSE	ORF1ab:cds-YP_009724389.1	CTT	L	ATT	I	2692
NC_045512.2	21542	T	G	5432	3449	41	1	1	37	0.000184026	5434	0.984397	FALSE	ORF1ab:cds-YP_009724389.1	CTT	L	CGT	R	2692
NC_045512.2	21542	T	C	5432	3449	41	1	1	25	0.000184026	5434	1	FALSE	ORF1ab:cds-YP_009724389.1	CTT	L	CCT	P	2692
NC_045512.2	21545	T	C	5691	3618	42	1	1	37	0.000175654	5693	0.984396	FALSE	ORF1ab:cds-YP_009724389.1	GTT	V	GCT	A	2693
NC_045512.2	21545	T	A	5691	3618	42	1	1	25	0.000175654	5693	1	FALSE	ORF1ab:cds-YP_009724389.1	GTT	V	GAT	D	2693
NC_045512.2	21546	T	C	5678	3610	42	1	1	25	0.000176087	5679	1	FALSE	ORF1ab:cds-YP_009724389.1	GTT	V	GTC	V	2693
NC_045512.2	21547	A	T	5669	3604	42	1	1	37	0.000176367	5670	0.984404	FALSE	ORF1ab:cds-YP_009724389.1	AAC	N	TAC	Y	2694
NC_045512.2	21548	A	T	5626	3578	42	1	0	25	0.000177683	5628	1	FALSE	ORF1ab:cds-YP_009724389.1	AAC	N	ATC	I	2694
NC_045512.2	21548	A	G	5626	3578	42	1	0	25	0.000177683	5628	1	FALSE	ORF1ab:cds-YP_009724389.1	AAC	N	AGC	S	2694
NC_045512.2	21549	C	T	5682	3609	42	2	1	37	0.000351803	5685	0.937558	FALSE	ORF1ab:cds-YP_009724389.1	AAC	N	AAT	N	2694
NC_045512.2	21549	C	A	5682	3609	42	1	0	25	0.000175901	5685	1	FALSE	ORF1ab:cds-YP_009724389.1	AAC	N	AAA	K	2694
NC_045512.2	21550	A	T	5735	3589	42	1	1	25	0.000174338	5736	1	FALSE	ORF1ab:cds-YP_009724389.1	AAC	N	TAC	Y	2695
NC_045512.2	21551	A	G	5697	3552	42	1	1	25	0.0001755	5698	1	FALSE	ORF1ab:cds-YP_009724389.1	AAC	N	AGC	S	2695
NC_045512.2	21555	A	G	5530	3510	41	1	0	25	0.000180799	5531	1	FALSE	ORF1ab:cds-YP_009724389.1	TAA	*	TAG	*	2696
NC_045512.2	21557	C	A	5489	3569	41	1	1	37	0.000182149	5490	0.984405	FALSE	NA	NA	NA	NA	NA	NA
NC_045512.2	21558	G	T	5416	3461	41	1	0	25	0.000184604	5417	1	FALSE	NA	NA	NA	NA	NA	NA
NC_045512.2	21559	A	T	5473	3512	42	2	2	31	0.000365297	5475	0.93759	FALSE	NA	NA	NA	NA	NA	NA
NC_045512.2	21563	A	T	5457	3489	41	1	1	37	0.000183217	5458	0.984405	FALSE	S:cds-YP_009724390.1	ATG	M	TTG	L	1
NC_045512.2	21566	T	G	5524	3750	41	1	0	25	0.00018093	5527	1	FALSE	S:cds-YP_009724390.1	TTT	F	GTT	V	2
NC_045512.2	21566	T	C	5524	3750	41	2	1	31	0.00036186	5527	0.937559	FALSE	S:cds-YP_009724390.1	TTT	F	CTT	L	2
NC_045512.2	21567	T	C	5856	4098	43	2	1	37	0.000341413	5858	0.937584	FALSE	S:cds-YP_009724390.1	TTT	F	TCT	S	2
NC_045512.2	21568	T	C	5939	4176	43	1	1	25	0.00016835	5940	1	FALSE	S:cds-YP_009724390.1	TTT	F	TTC	F	2
NC_045512.2	21568	T	-G	5939	4176	43	1	0	20	0.00016835	5940	1	FALSE	NA	NA	NA	NA	NA	NA
NC_045512.2	21569	G	C	6164	4672	43	1	1	37	0.000162206	6165	0.992201	FALSE	S:cds-YP_009724390.1	GTT	V	CTT	L	3
NC_045512.2	21570	T	A	5980	4540	42	1	0	25	0.000167196	5981	1	FALSE	S:cds-YP_009724390.1	GTT	V	GAT	D	3
NC_045512.2	21572	T	C	6128	4695	43	2	0	36	0.000326264	6130	0.964906	FALSE	S:cds-YP_009724390.1	TTT	F	CTT	L	4
NC_045512.2	21576	T	C	6061	4694	43	1	1	37	0.000164962	6062	0.992206	FALSE	S:cds-YP_009724390.1	CTT	L	CCT	P	5
NC_045512.2	21577	T	C	6096	4723	43	1	1	37	0.000164015	6097	0.992205	FALSE	S:cds-YP_009724390.1	CTT	L	CTC	L	5
NC_045512.2	21578	G	A	6064	4731	43	1	0	74	0.00016488	6065	0.500041	FALSE	S:cds-YP_009724390.1	GTT	V	ATT	I	6
NC_045512.2	21579	T	C	6004	4741	42	1	1	37	0.000166528	6005	0.992206	FALSE	S:cds-YP_009724390.1	GTT	V	GCT	A	6
NC_045512.2	21580	T	C	6033	4762	42	1	1	25	0.000165728	6034	1	FALSE	S:cds-YP_009724390.1	GTT	V	GTC	V	6
NC_045512.2	21581	T	C	6079	4805	43	1	1	37	0.000164474	6080	0.992205	FALSE	S:cds-YP_009724390.1	TTA	L	CTA	L	7
NC_045512.2	21587	C	T	6088	4995	42	10	7	48	0.00163988	6098	0.000973762	TRUE	S:cds-YP_009724390.1	CCA	P	TCA	S	9
NC_045512.2	21588	C	T	6131	5039	43	1	1	25	0.000163052	6133	1	FALSE	S:cds-YP_009724390.1	CCA	P	CTA	L	9
NC_045512.2	21588	C	G	6131	5039	43	1	1	37	0.000163052	6133	0.992201	FALSE	S:cds-YP_009724390.1	CCA	P	CGA	R	9
NC_045512.2	21589	A	G	6101	5051	42	2	0	62	0.000327708	6103	0.25002	FALSE	S:cds-YP_009724390.1	CCA	P	CCG	P	9
NC_045512.2	21590	C	A	6036	5069	41	1	1	37	0.000165645	6037	0.992206	FALSE	S:cds-YP_009724390.1	CTA	L	ATA	I	10
NC_045512.2	21591	T	C	6057	5116	41	1	0	37	0.000165071	6058	0.992206	FALSE	S:cds-YP_009724390.1	CTA	L	CCA	P	10
NC_045512.2	21592	A	T	6057	5115	41	1	1	25	0.000165071	6058	1	FALSE	S:cds-YP_009724390.1	CTA	L	CTT	L	10
NC_045512.2	21593	G	+T	6091	5187	41	1	0	20	0.000164177	6091	1	FALSE	NA	NA	NA	NA	NA	NA
NC_045512.2	21594	T	C	6126	5207	42	1	1	37	0.000163212	6127	0.992205	FALSE	S:cds-YP_009724390.1	GTC	V	GCC	A	11
NC_045512.2	21595	C	A	6075	5200	41	1	1	37	0.000164582	6076	0.992205	FALSE	S:cds-YP_009724390.1	GTC	V	GTA	V	11
NC_045512.2	21597	C	A	5872	5147	40	1	1	37	0.000170271	5873	0.984403	FALSE	S:cds-YP_009724390.1	TCT	S	TAT	Y	12
NC_045512.2	21599	A	G	5977	5265	40	1	1	37	0.00016728	5978	0.984402	FALSE	S:cds-YP_009724390.1	AGT	S	GGT	G	13
NC_045512.2	21600	G	T	6438	5851	41	1	1	37	0.00015528	6440	0.9922	FALSE	S:cds-YP_009724390.1	AGT	S	ATT	I	13
NC_045512.2	21600	G	A	6438	5851	41	1	1	37	0.00015528	6440	0.9922	FALSE	S:cds-YP_009724390.1	AGT	S	AAT	N	13
NC_045512.2	21601	T	C	6087	5506	41	1	1	74	0.000164258	6088	0.500041	FALSE	S:cds-YP_009724390.1	AGT	S	AGC	S	13
NC_045512.2	21603	A	T	5242	4667	42	1	1	25	0.00019073	5243	1	FALSE	S:cds-YP_009724390.1	CAG	Q	CTG	L	14
NC_045512.2	21604	G	A	5269	4695	42	5	5	51	0.000948047	5274	0.0312352	FALSE	S:cds-YP_009724390.1	CAG	Q	CAA	Q	14
NC_045512.2	21607	T	C	5365	4845	43	2	1	29	0.000372648	5367	1	FALSE	S:cds-YP_009724390.1	TGT	C	TGC	C	15
NC_045512.2	21608	G	T	5298	4781	43	2	2	37	0.000377358	5300	0.937593	FALSE	S:cds-YP_009724390.1	GTT	V	TTT	F	16
NC_045512.2	21609	T	A	5293	4809	42	1	1	29	0.000188893	5294	1	FALSE	S:cds-YP_009724390.1	GTT	V	GAT	D	16
NC_045512.2	21610	T	G	5300	4814	42	1	1	25	0.000188573	5303	1	FALSE	S:cds-YP_009724390.1	GTT	V	GTG	V	16
NC_045512.2	21610	T	C	5300	4814	42	2	0	74	0.000377145	5303	0.249976	FALSE	S:cds-YP_009724390.1	GTT	V	GTC	V	16
NC_045512.2	21613	T	C	7065	5236	40	2	1	49	0.000283006	7067	0.250018	FALSE	S:cds-YP_009724390.1	AAT	N	AAC	N	17
NC_045512.2	21614	C	T	7051	5193	40	1	1	37	0.000141804	7052	0.996104	FALSE	S:cds-YP_009724390.1	CTT	L	TTT	F	18
NC_045512.2	21614	C	-T	7051	5193	40	2	0	20	0.000283607	7052	1	FALSE	NA	NA	NA	NA	NA	NA
NC_045512.2	21615	T	C	6614	4765	40	2	1	55	0.000302297	6616	0.249943	FALSE	S:cds-YP_009724390.1	CTT	L	CCT	P	18
NC_045512.2	21617	A	T	6602	4756	40	1	1	37	0.000151423	6604	0.9922	FALSE	S:cds-YP_009724390.1	ACA	T	TCA	S	19
NC_045512.2	21617	A	G	6602	4756	40	1	1	37	0.000151423	6604	0.9922	FALSE	S:cds-YP_009724390.1	ACA	T	GCA	A	19
NC_045512.2	21618	C	T	1	0	37	6549	4727	40	0.999847	6550	0	TRUE	S:cds-YP_009724390.1	ACA	T	ATA	I	19
NC_045512.2	21619	A	G	6607	4789	39	1	1	37	0.000151332	6608	0.992204	FALSE	S:cds-YP_009724390.1	ACA	T	ACG	T	19
NC_045512.2	21620	A	-C	6566	4749	39	1	0	20	0.0001523	6566	1	FALSE	NA	NA	NA	NA	NA	NA
NC_045512.2	21623	A	T	6362	4541	39	1	1	25	0.000157134	6364	1	FALSE	S:cds-YP_009724390.1	AGA	R	TGA	*	21
NC_045512.2	21623	A	G	6362	4541	39	1	1	74	0.000157134	6364	0.5	FALSE	S:cds-YP_009724390.1	AGA	R	GGA	G	21
NC_045512.2	21624	G	T	6350	4547	39	1	1	37	0.000157456	6351	0.992205	FALSE	S:cds-YP_009724390.1	AGA	R	ATA	I	21
NC_045512.2	21626	A	T	6313	4516	39	1	1	20	0.000158378	6314	1	FALSE	S:cds-YP_009724390.1	ACT	T	TCT	S	22
NC_045512.2	21628	T	C	6272	4478	39	1	1	37	0.000159413	6273	0.992205	FALSE	S:cds-YP_009724390.1	ACT	T	ACC	T	22
NC_045512.2	21629	C	T	6116	4429	39	120	9	37	0.0192431	6236	3.64546e-29	TRUE	S:cds-YP_009724390.1	CAA	Q	TAA	*	23
NC_045512.2	21631	A	-TTACCCCCT	6197	4444	38	1	0	20	0.000161368	6197	1	FALSE	NA	NA	NA	NA	NA	NA
NC_045512.2	21632	T	-TACCCCCTG	6200	4471	39	5363	0	20	0.865	6200	0	TRUE	NA	NA	NA	NA	NA	NA
NC_045512.2	21632	T	+CA	6200	4471	39	2	0	20	0.000322581	6200	1	FALSE	NA	NA	NA	NA	NA	NA
NC_045512.2	21633	T	C	2	2	31	70	18	37	0.972222	72	5.77971e-152	TRUE	S:cds-YP_009724390.1	TTA	L	TCA	S	24
NC_045512.2	21641	G	T	0	0	0	4	0	37	1	4	3.50029e-12	TRUE	S:cds-YP_009724390.1	GCA	A	TCA	S	27
NC_045512.2	21643	A	C	5657	3802	38	1	1	25	0.000176741	5658	1	FALSE	S:cds-YP_009724390.1	GCA	A	GCC	A	27
NC_045512.2	21644	T	C	5646	3824	38	1	1	37	0.000177022	5649	0.984387	FALSE	S:cds-YP_009724390.1	TAC	Y	CAC	H	28
NC_045512.2	21644	T	A	5646	3824	38	2	1	37	0.000354045	5649	0.937558	FALSE	S:cds-YP_009724390.1	TAC	Y	AAC	N	28
NC_045512.2	21645	A	G	5654	3793	38	2	1	37	0.000353607	5656	0.937587	FALSE	S:cds-YP_009724390.1	TAC	Y	TGC	C	28
NC_045512.2	21646	C	T	5751	3824	38	1	1	37	0.000173853	5752	0.984404	FALSE	S:cds-YP_009724390.1	TAC	Y	TAT	Y	28
NC_045512.2	21647	A	G	5698	3780	38	1	1	37	0.000175469	5699	0.984404	FALSE	S:cds-YP_009724390.1	ACT	T	GCT	A	29
NC_045512.2	21648	C	A	5754	3821	38	2	2	31	0.000347464	5756	0.937586	FALSE	S:cds-YP_009724390.1	ACT	T	AAT	N	29
NC_045512.2	21649	T	C	5758	3847	38	1	1	37	0.000173641	5759	0.984403	FALSE	S:cds-YP_009724390.1	ACT	T	ACC	T	29
NC_045512.2	21650	A	G	5712	3818	38	2	1	31	0.000350018	5714	0.937586	FALSE	S:cds-YP_009724390.1	AAT	N	GAT	D	30
NC_045512.2	21653	T	C	5731	3812	38	3	2	37	0.000523195	5734	0.855612	FALSE	S:cds-YP_009724390.1	TCT	S	CCT	P	31
NC_045512.2	21657	T	C	5493	3594	39	1	1	37	0.000182017	5494	0.984405	FALSE	S:cds-YP_009724390.1	TTC	F	TCC	S	32
NC_045512.2	21659	A	T	5454	3585	38	1	1	29	0.000183318	5455	1	FALSE	S:cds-YP_009724390.1	ACA	T	TCA	S	33
NC_045512.2	21661	A	T	5368	3494	38	1	1	25	0.000186254	5369	1	FALSE	S:cds-YP_009724390.1	ACA	T	ACT	T	33
NC_045512.2	21662	C	A	5450	3601	38	1	1	37	0.000183453	5451	0.984405	FALSE	S:cds-YP_009724390.1	CGT	R	AGT	S	34
NC_045512.2	21665	G	A	5412	3567	38	2	1	74	0.000369413	5414	0.250023	FALSE	S:cds-YP_009724390.1	GGT	G	AGT	S	35
NC_045512.2	21666	G	A	5492	3588	38	1	0	37	0.00018205	5493	0.984405	FALSE	S:cds-YP_009724390.1	GGT	G	GAT	D	35
NC_045512.2	21667	T	G	5451	3593	38	1	1	37	0.000183419	5452	0.984405	FALSE	S:cds-YP_009724390.1	GGT	G	GGG	G	35
NC_045512.2	21668	G	T	5599	3626	39	1	1	37	0.000178571	5600	0.984404	FALSE	S:cds-YP_009724390.1	GTT	V	TTT	F	36
NC_045512.2	21671	T	A	5653	3642	39	1	1	37	0.000176866	5654	0.984404	FALSE	S:cds-YP_009724390.1	TAT	Y	AAT	N	37
NC_045512.2	21672	A	T	5648	3665	40	1	1	37	0.000177022	5649	0.984404	FALSE	S:cds-YP_009724390.1	TAT	Y	TTT	F	37
NC_045512.2	21673	T	A	5589	3643	39	1	1	37	0.000178891	5590	0.984404	FALSE	S:cds-YP_009724390.1	TAT	Y	TAA	*	37
NC_045512.2	21674	T	G	5571	3617	39	1	0	25	0.000179404	5574	1	FALSE	S:cds-YP_009724390.1	TAC	Y	GAC	D	38
NC_045512.2	21674	T	C	5571	3617	39	2	2	31	0.000358809	5574	0.937559	FALSE	S:cds-YP_009724390.1	TAC	Y	CAC	H	38
NC_045512.2	21675	A	+C	5294	3327	40	1	0	20	0.000188893	5294	1	FALSE	NA	NA	NA	NA	NA	NA
NC_045512.2	21676	C	T	5244	3293	40	3	1	37	0.000571755	5247	0.855625	FALSE	S:cds-YP_009724390.1	TAC	Y	TAT	Y	38
NC_045512.2	21677	C	T	4806	2855	40	1	1	37	0.000207987	4808	0.968783	FALSE	S:cds-YP_009724390.1	CCT	P	TCT	S	39
NC_045512.2	21677	C	A	4806	2855	40	1	1	37	0.000207987	4808	0.968783	FALSE	S:cds-YP_009724390.1	CCT	P	ACT	T	39
NC_045512.2	21678	C	T	4745	2788	40	1	0	74	0.000210659	4747	0.5	FALSE	S:cds-YP_009724390.1	CCT	P	CTT	L	39
NC_045512.2	21678	C	A	4745	2788	40	1	0	74	0.000210659	4747	0.5	FALSE	S:cds-YP_009724390.1	CCT	P	CAT	H	39
NC_045512.2	21679	T	G	4175	2203	41	1	1	48	0.000239464	4176	0.50006	FALSE	S:cds-YP_009724390.1	CCT	P	CCG	P	39
NC_045512.2	21680	G	A	4172	2212	41	3	1	37	0.000718563	4175	0.773634	FALSE	S:cds-YP_009724390.1	GAC	D	AAC	N	40
NC_045512.2	21684	A	G	4146	2196	41	1	1	37	0.000241138	4147	0.968807	FALSE	S:cds-YP_009724390.1	AAA	K	AGA	R	41
NC_045512.2	21686	G	T	4190	2206	41	1	1	37	0.000238607	4191	0.968806	FALSE	S:cds-YP_009724390.1	GTT	V	TTT	F	42
NC_045512.2	21686	G	-T	4190	2206	41	1	0	20	0.000238607	4191	1	FALSE	NA	NA	NA	NA	NA	NA
NC_045512.2	21687	T	C	4163	2191	41	1	0	25	0.000240154	4164	1	FALSE	S:cds-YP_009724390.1	GTT	V	GCT	A	42
NC_045512.2	21691	C	T	4156	2183	42	3	2	37	0.000721327	4159	0.773635	FALSE	S:cds-YP_009724390.1	TTC	F	TTT	F	43
NC_045512.2	21695	T	G	1912	426	48	1	1	37	0.000522739	1913	0.750196	FALSE	S:cds-YP_009724390.1	TCC	S	GCC	A	45
NC_045512.2	21697	C	A	1889	437	48	1	0	74	0.000529101	1890	0.500132	FALSE	S:cds-YP_009724390.1	TCC	S	TCA	S	45
NC_045512.2	21698	T	C	1918	448	48	2	0	37	0.00104167	1920	0.500195	FALSE	S:cds-YP_009724390.1	TCA	S	CCA	P	46
NC_045512.2	21699	C	T	1923	445	48	1	1	37	0.000519751	1924	0.750195	FALSE	S:cds-YP_009724390.1	TCA	S	TTA	L	46
NC_045512.2	21700	A	T	1917	445	48	1	0	22	0.000521376	1918	0.999999	FALSE	S:cds-YP_009724390.1	TCA	S	TCT	S	46
NC_045512.2	21705	T	C	1691	627	43	1	0	37	0.000591017	1692	0.750222	FALSE	S:cds-YP_009724390.1	TTA	L	TCA	S	48
NC_045512.2	21706	A	G	1702	627	43	1	0	37	0.000587199	1703	0.75022	FALSE	S:cds-YP_009724390.1	TTA	L	TTG	L	48
NC_045512.2	21708	A	T	1730	663	44	1	0	37	0.000577701	1731	0.750217	FALSE	S:cds-YP_009724390.1	CAT	H	CTT	L	49
NC_045512.2	21712	A	G	1724	687	44	1	1	37	0.00057971	1725	0.750217	FALSE	S:cds-YP_009724390.1	TCA	S	TCG	S	50
NC_045512.2	21718	G	T	1643	737	43	155	74	41	0.086159	1799	6.81909e-49	TRUE	S:cds-YP_009724390.1	CAG	Q	CAT	H	52
NC_045512.2	21718	G	A	1643	737	43	1	1	37	0.000555864	1799	0.727201	FALSE	S:cds-YP_009724390.1	CAG	Q	CAA	Q	52
NC_045512.2	21722	T	C	1829	832	42	1	1	37	0.000546448	1830	0.750205	FALSE	S:cds-YP_009724390.1	TTG	L	CTG	L	54
NC_045512.2	21724	G	A	1936	872	42	1	0	48	0.000516262	1937	0.500129	FALSE	S:cds-YP_009724390.1	TTG	L	TTA	L	54
NC_045512.2	21728	T	C	1913	861	41	1	0	37	0.000522466	1914	0.750196	FALSE	S:cds-YP_009724390.1	TTA	L	CTA	L	56
NC_045512.2	21730	A	G	1909	883	42	1	0	37	0.00052356	1910	0.750196	FALSE	S:cds-YP_009724390.1	TTA	L	TTG	L	56
NC_045512.2	21732	C	A	1878	884	41	1	0	37	0.000532198	1879	0.7502	FALSE	S:cds-YP_009724390.1	CCT	P	CAT	H	57
NC_045512.2	21733	T	C	1831	811	42	1	0	37	0.000545554	1833	0.750068	FALSE	S:cds-YP_009724390.1	CCT	P	CCC	P	57
NC_045512.2	21733	T	A	1831	811	42	1	0	37	0.000545554	1833	0.750068	FALSE	S:cds-YP_009724390.1	CCT	P	CCA	P	57
NC_045512.2	21736	C	A	1820	845	41	1	1	37	0.000549149	1821	0.750206	FALSE	S:cds-YP_009724390.1	TTC	F	TTA	L	58
NC_045512.2	21744	A	G	1753	884	40	2	1	31	0.0011396	1755	0.500214	FALSE	S:cds-YP_009724390.1	AAT	N	AGT	S	61
NC_045512.2	21746	G	T	1768	911	40	1	1	37	0.000565291	1769	0.750212	FALSE	S:cds-YP_009724390.1	GTT	V	TTT	F	62
NC_045512.2	21748	T	C	1738	915	40	1	1	37	0.000575043	1739	0.750216	FALSE	S:cds-YP_009724390.1	GTT	V	GTC	V	62
NC_045512.2	21755	T	C	1770	842	38	1	1	62	0.000564653	1771	0.500141	FALSE	S:cds-YP_009724390.1	TTC	F	CTC	L	65
NC_045512.2	21759	A	G	1551	748	39	357	165	40	0.187107	1908	3.83187e-116	TRUE	S:cds-YP_009724390.1	CAT	H	CGT	R	66
NC_045512.2	21760	T	C	1910	915	39	1	0	37	0.000523286	1911	0.750196	FALSE	S:cds-YP_009724390.1	CAT	H	CAC	H	66
NC_045512.2	21762	C	A	2086	1075	41	1	1	37	0.000479157	2087	0.87518	FALSE	S:cds-YP_009724390.1	GCT	A	GAT	D	67
NC_045512.2	21763	T	C	2044	1014	41	1	1	74	0.000488998	2045	0.500122	FALSE	S:cds-YP_009724390.1	GCT	A	GCC	A	67
NC_045512.2	21765	T	C	2128	1019	41	1	1	37	0.000469704	2129	0.875176	FALSE	S:cds-YP_009724390.1	ATA	I	ACA	T	68
NC_045512.2	21766	A	C	2119	996	41	1	1	37	0.000471698	2120	0.875177	FALSE	S:cds-YP_009724390.1	ATA	I	ATC	I	68
NC_045512.2	21767	C	T	2136	1111	42	1	0	37	0.000467946	2137	0.875176	FALSE	S:cds-YP_009724390.1	CAT	H	TAT	Y	69
NC_045512.2	21768	A	C	2058	1029	42	2	0	37	0.000970874	2060	0.687773	FALSE	S:cds-YP_009724390.1	CAT	H	CCT	P	69
NC_045512.2	21769	T	C	2008	1080	41	1	1	37	0.000497512	2010	0.875093	FALSE	S:cds-YP_009724390.1	CAT	H	CAC	H	69
NC_045512.2	21769	T	A	2008	1080	41	1	0	25	0.000497512	2010	1	FALSE	S:cds-YP_009724390.1	CAT	H	CAA	Q	69
NC_045512.2	21772	C	-T	1836	998	40	1	0	20	0.000544662	1836	0.999998	FALSE	NA	NA	NA	NA	NA	NA
NC_045512.2	21777	G	T	1751	924	41	1	1	37	0.000570776	1752	0.750214	FALSE	S:cds-YP_009724390.1	GGG	G	GTG	V	72
NC_045512.2	21779	A	G	1773	920	41	2	2	37	0.00112676	1775	0.500211	FALSE	S:cds-YP_009724390.1	ACC	T	GCC	A	73
NC_045512.2	21786	G	T	1818	923	40	1	0	74	0.000549753	1819	0.500137	FALSE	S:cds-YP_009724390.1	GGT	G	GTT	V	75
NC_045512.2	21790	T	-A	1777	882	41	1	0	20	0.000562746	1777	0.999996	FALSE	NA	NA	NA	NA	NA	NA
NC_045512.2	21791	A	G	1770	874	41	1	1	37	0.000564653	1771	0.750071	FALSE	S:cds-YP_009724390.1	AAG	K	GAG	E	77
NC_045512.2	21794	A	T	1757	878	41	1	1	25	0.000568182	1760	0.999996	FALSE	S:cds-YP_009724390.1	AGG	R	TGG	W	78
NC_045512.2	21794	A	G	1757	878	41	2	0	37	0.00113636	1760	0.5	FALSE	S:cds-YP_009724390.1	AGG	R	GGG	G	78
NC_045512.2	21795	G	T	1740	878	42	2	0	37	0.00114811	1742	0.500215	FALSE	S:cds-YP_009724390.1	AGG	R	ATG	M	78
NC_045512.2	21797	T	A	1721	882	41	1	0	22	0.00058072	1722	0.999996	FALSE	S:cds-YP_009724390.1	TTT	F	ATT	I	79
NC_045512.2	21799	T	C	1774	896	42	1	1	37	0.00056338	1775	0.750211	FALSE	S:cds-YP_009724390.1	TTT	F	TTC	F	79
NC_045512.2	21800	G	A	1766	898	42	2	0	37	0.00113122	1768	0.500212	FALSE	S:cds-YP_009724390.1	GAT	D	AAT	N	80
NC_045512.2	21801	A	G	1767	900	41	2	2	49	0.00113058	1769	0.250071	FALSE	S:cds-YP_009724390.1	GAT	D	GGT	G	80
NC_045512.2	21804	A	C	1720	885	41	2	2	37	0.00116144	1722	0.500218	FALSE	S:cds-YP_009724390.1	AAC	N	ACC	T	81
NC_045512.2	21808	T	C	1662	840	41	2	1	55	0.00120192	1664	0.250075	FALSE	S:cds-YP_009724390.1	CCT	P	CCC	P	82
NC_045512.2	21810	T	C	4	3	46	1751	939	42	0.997153	1756	0	TRUE	S:cds-YP_009724390.1	GTC	V	GCC	A	83
NC_045512.2	21810	T	A	4	3	46	1	0	74	0.000569476	1756	0.00284091	TRUE	S:cds-YP_009724390.1	GTC	V	GAC	D	83
NC_045512.2	21815	C	T	1732	1013	43	1	1	25	0.000577034	1733	0.999996	FALSE	S:cds-YP_009724390.1	CCA	P	TCA	S	85
NC_045512.2	21816	C	A	1736	1020	43	1	1	37	0.000575705	1737	0.750216	FALSE	S:cds-YP_009724390.1	CCA	P	CAA	Q	85
NC_045512.2	21820	T	A	1697	1033	43	1	0	20	0.000588928	1698	0.999993	FALSE	S:cds-YP_009724390.1	TTT	F	TTA	L	86
NC_045512.2	21825	A	G	1619	1046	41	1	0	37	0.000617284	1620	0.750232	FALSE	S:cds-YP_009724390.1	GAT	D	GGT	G	88
NC_045512.2	21828	G	A	1652	1058	42	1	1	37	0.000604961	1653	0.750227	FALSE	S:cds-YP_009724390.1	GGT	G	GAT	D	89
NC_045512.2	21833	T	C	1650	1066	43	1	0	74	0.000605694	1651	0.500151	FALSE	S:cds-YP_009724390.1	TAT	Y	CAT	H	91
NC_045512.2	21834	A	-T	1630	1049	43	1	0	20	0.000613497	1630	0.999993	FALSE	NA	NA	NA	NA	NA	NA
NC_045512.2	21839	G	C	1837	1365	46	1	1	74	0.00054407	1838	0.500136	FALSE	S:cds-YP_009724390.1	GCT	A	CCT	P	93
NC_045512.2	21840	C	T	1843	1366	46	1	1	37	0.000542299	1844	0.750203	FALSE	S:cds-YP_009724390.1	GCT	A	GTT	V	93
NC_045512.2	21851	A	T	1838	1412	46	1	1	37	0.000543774	1839	0.750204	FALSE	S:cds-YP_009724390.1	AAG	K	TAG	*	97
NC_045512.2	21852	A	G	1817	1396	45	1	1	74	0.000550055	1818	0.500138	FALSE	S:cds-YP_009724390.1	AAG	K	AGG	R	97
NC_045512.2	21854	T	C	1818	1397	46	1	1	37	0.000549753	1819	0.750206	FALSE	S:cds-YP_009724390.1	TCT	S	CCT	P	98
NC_045512.2	21856	T	C	1794	1421	45	1	1	37	0.000557103	1795	0.750209	FALSE	S:cds-YP_009724390.1	TCT	S	TCC	S	98
NC_045512.2	21857	A	G	1766	1403	45	1	1	74	0.000565931	1767	0.500142	FALSE	S:cds-YP_009724390.1	AAC	N	GAC	D	99
NC_045512.2	21861	T	C	1746	1426	43	1	1	37	0.00057241	1747	0.750215	FALSE	S:cds-YP_009724390.1	ATA	I	ACA	T	100
NC_045512.2	21862	A	C	1531	1226	44	2	0	37	0.00130463	1533	0.500245	FALSE	S:cds-YP_009724390.1	ATA	I	ATC	I	100
NC_045512.2	21863	A	G	1503	1252	43	1	1	37	0.000664894	1504	0.750249	FALSE	S:cds-YP_009724390.1	ATA	I	GTA	V	101
NC_045512.2	21865	A	G	1482	1285	41	1	1	25	0.000674309	1483	0.999971	FALSE	S:cds-YP_009724390.1	ATA	I	ATG	M	101
NC_045512.2	21866	A	T	1490	1293	41	1	1	37	0.000670691	1491	0.750252	FALSE	S:cds-YP_009724390.1	AGA	R	TGA	*	102
NC_045512.2	21870	G	T	1354	1160	41	1	1	37	0.000738007	1355	0.750277	FALSE	S:cds-YP_009724390.1	GGC	G	GTC	V	103
NC_045512.2	21871	C	T	1333	1144	41	1	1	37	0.000749625	1334	0.750281	FALSE	S:cds-YP_009724390.1	GGC	G	GGT	G	103
NC_045512.2	21874	G	A	1327	1144	41	1	1	37	0.000753012	1328	0.750282	FALSE	S:cds-YP_009724390.1	TGG	W	TGA	*	104
NC_045512.2	21875	A	-T	1328	1145	41	2	0	20	0.00150602	1328	0.999533	FALSE	NA	NA	NA	NA	NA	NA
NC_045512.2	21875	A	+T	1328	1145	41	1	0	20	0.000753012	1328	0.999942	FALSE	NA	NA	NA	NA	NA	NA
NC_045512.2	21877	T	C	1315	1136	41	1	1	37	0.000759878	1316	0.750285	FALSE	S:cds-YP_009724390.1	ATT	I	ATC	I	105
NC_045512.2	21878	T	C	1299	1120	41	1	1	37	0.000769231	1300	0.750289	FALSE	S:cds-YP_009724390.1	TTT	F	CTT	L	106
NC_045512.2	21882	G	T	1293	1130	40	1	1	37	0.000772798	1294	0.75029	FALSE	S:cds-YP_009724390.1	GGT	G	GTT	V	107
NC_045512.2	21890	T	C	1245	1127	39	1	1	37	0.000802568	1246	0.750301	FALSE	S:cds-YP_009724390.1	TTA	L	CTA	L	110
NC_045512.2	21895	T	C	1201	1085	39	1	1	37	0.000831947	1202	0.750312	FALSE	S:cds-YP_009724390.1	GAT	D	GAC	D	111
NC_045512.2	21898	G	A	1073	965	39	1	1	37	0.000931099	1074	0.750349	FALSE	S:cds-YP_009724390.1	TCG	S	TCA	S	112
NC_045512.2	21900	A	T	1549	969	37	1	1	37	0.000644745	1551	0.750081	FALSE	S:cds-YP_009724390.1	AAG	K	ATG	M	113
NC_045512.2	21900	A	G	1549	969	37	1	1	37	0.000644745	1551	0.750081	FALSE	S:cds-YP_009724390.1	AAG	K	AGG	R	113
NC_045512.2	21904	C	A	1805	977	38	1	0	37	0.00055371	1806	0.750208	FALSE	S:cds-YP_009724390.1	ACC	T	ACA	T	114
NC_045512.2	21910	C	T	1985	944	37	1	1	25	0.000503525	1986	0.999999	FALSE	S:cds-YP_009724390.1	TCC	S	TCT	S	116
NC_045512.2	21912	T	C	1893	826	37	1	0	37	0.000527983	1894	0.750198	FALSE	S:cds-YP_009724390.1	CTA	L	CCA	P	117
NC_045512.2	21914	C	T	1949	819	37	2	2	37	0.00102512	1951	0.500192	FALSE	S:cds-YP_009724390.1	CTT	L	TTT	F	118
NC_045512.2	21916	T	C	1797	698	36	1	0	37	0.000556174	1798	0.750209	FALSE	S:cds-YP_009724390.1	CTT	L	CTC	L	118
NC_045512.2	21919	T	C	1803	672	37	1	1	25	0.000554324	1804	0.999998	FALSE	S:cds-YP_009724390.1	ATT	I	ATC	I	119
NC_045512.2	21923	A	T	1784	600	37	1	1	25	0.000560224	1785	0.999996	FALSE	S:cds-YP_009724390.1	AAT	N	TAT	Y	121
NC_045512.2	21927	A	G	1206	31	37	1	0	37	0.0008285	1207	0.750311	FALSE	S:cds-YP_009724390.1	AAC	N	AGC	S	122
NC_045512.2	21928	C	A	1236	31	37	1	1	37	0.000808407	1237	0.750303	FALSE	S:cds-YP_009724390.1	AAC	N	AAA	K	122
NC_045512.2	21934	T	C	1729	53	37	1	0	37	0.000578035	1730	0.750217	FALSE	S:cds-YP_009724390.1	ACT	T	ACC	T	124
NC_045512.2	21939	T	C	1646	86	37	1	0	25	0.000607165	1647	0.999993	FALSE	S:cds-YP_009724390.1	GTT	V	GCT	A	126
NC_045512.2	21942	T	G	1854	203	42	1	1	37	0.000538793	1856	0.750067	FALSE	S:cds-YP_009724390.1	GTT	V	GGT	G	127
NC_045512.2	21942	T	A	1854	203	42	1	0	25	0.000538793	1856	0.999998	FALSE	S:cds-YP_009724390.1	GTT	V	GAT	D	127
NC_045512.2	21943	T	G	1865	211	42	1	1	37	0.000535906	1866	0.750201	FALSE	S:cds-YP_009724390.1	GTT	V	GTG	V	127
NC_045512.2	21946	T	A	1968	246	43	1	0	37	0.000507872	1969	0.750191	FALSE	S:cds-YP_009724390.1	ATT	I	ATA	I	128
NC_045512.2	21953	T	A	1959	247	43	1	0	37	0.000510204	1960	0.750191	FALSE	S:cds-YP_009724390.1	TGT	C	AGT	S	131
NC_045512.2	21954	G	A	1996	246	43	5	0	37	0.00249875	2001	0.226562	FALSE	S:cds-YP_009724390.1	TGT	C	TAT	Y	131
NC_045512.2	21955	T	A	1972	249	43	1	0	37	0.000506842	1973	0.75019	FALSE	S:cds-YP_009724390.1	TGT	C	TGA	*	131
NC_045512.2	21956	G	A	2010	254	43	1	0	37	0.000497265	2011	0.875186	FALSE	S:cds-YP_009724390.1	GAA	E	AAA	K	132
NC_045512.2	21957	A	G	2007	257	43	2	1	48	0.00099552	2009	0.250062	FALSE	S:cds-YP_009724390.1	GAA	E	GGA	G	132
NC_045512.2	21962	C	A	2019	276	44	1	0	25	0.00049505	2020	1	FALSE	S:cds-YP_009724390.1	CAA	Q	AAA	K	134
NC_045512.2	21963	A	G	2038	278	44	1	0	37	0.000490436	2039	0.875184	FALSE	S:cds-YP_009724390.1	CAA	Q	CGA	R	134
NC_045512.2	21965	T	C	2052	279	44	1	1	74	0.000487092	2053	0.500122	FALSE	S:cds-YP_009724390.1	TTT	F	CTT	L	135
NC_045512.2	21968	T	C	2046	325	45	1	1	74	0.00048852	2047	0.500122	FALSE	S:cds-YP_009724390.1	TGT	C	CGT	R	136
NC_045512.2	21974	G	T	2076	344	45	1	1	74	0.000481464	2077	0.50012	FALSE	S:cds-YP_009724390.1	GAT	D	TAT	Y	138
NC_045512.2	21976	T	C	2104	350	46	1	0	37	0.000475059	2105	0.875178	FALSE	S:cds-YP_009724390.1	GAT	D	GAC	D	138
NC_045512.2	21977	C	T	2089	349	45	2	0	37	0.00095648	2091	0.687769	FALSE	S:cds-YP_009724390.1	CCA	P	TCA	S	139
NC_045512.2	21979	A	-T	2142	354	46	1	0	20	0.000466853	2142	1	FALSE	NA	NA	NA	NA	NA	NA
NC_045512.2	21985	G	T	2074	401	46	1	1	62	0.000481928	2075	0.500121	FALSE	S:cds-YP_009724390.1	TTG	L	TTT	F	141
NC_045512.2	21986	G	A	2055	411	45	1	0	37	0.000486381	2056	0.875182	FALSE	S:cds-YP_009724390.1	GGT	G	AGT	S	142
NC_045512.2	21987	G	A	1	0	37	2091	420	46	0.999522	2092	0	TRUE	S:cds-YP_009724390.1	GGT	G	GAT	D	142
NC_045512.2	21989	G	-TTTA	1883	476	44	1	0	20	0.000531067	1883	0.999998	FALSE	NA	NA	NA	NA	NA	NA
NC_045512.2	21989	G	-TTT	1883	476	44	1	0	20	0.000531067	1883	0.999998	FALSE	NA	NA	NA	NA	NA	NA
NC_045512.2	21990	T	-TTA	1903	469	44	1665	0	20	0.874016	1905	0	TRUE	NA	NA	NA	NA	NA	NA
NC_045512.2	21993	A	T	288	1	36	3	3	34	0.010274	292	0.0165655	FALSE	S:cds-YP_009724390.1	TAT	Y	TTT	F	144
NC_045512.2	21993	A	C	288	1	36	1	0	37	0.00342466	292	0.332454	FALSE	S:cds-YP_009724390.1	TAT	Y	TCT	S	144
NC_045512.2	21994	T	C	1774	596	45	2	0	37	0.00112613	1776	0.500211	FALSE	S:cds-YP_009724390.1	TAT	Y	TAC	Y	144
NC_045512.2	21994	T	-TAC	1774	596	45	1	0	20	0.000563063	1776	0.999996	FALSE	NA	NA	NA	NA	NA	NA
NC_045512.2	21998	C	+A	1813	700	45	2	0	20	0.00110314	1813	0.999981	FALSE	NA	NA	NA	NA	NA	NA
NC_045512.2	21999	A	-C	1836	703	46	2	0	20	0.00108932	1836	0.999981	FALSE	NA	NA	NA	NA	NA	NA
NC_045512.2	22000	C	A	0	0	0	1831	702	46	1	1831	0	TRUE	S:cds-YP_009724390.1	CAC	H	CAA	Q	146
NC_045512.2	22011	A	G	1781	826	45	2	2	37	0.0011217	1783	0.50021	FALSE	S:cds-YP_009724390.1	AAA	K	AGA	R	150
NC_045512.2	22015	T	C	1774	856	45	3	1	49	0.00168824	1777	0.125	FALSE	S:cds-YP_009724390.1	AGT	S	AGC	S	151
NC_045512.2	22022	G	-A	1780	905	44	1	0	20	0.000561798	1780	0.999996	FALSE	NA	NA	NA	NA	NA	NA
NC_045512.2	22029	A	G	1766	899	44	1	1	37	0.000565931	1767	0.750212	FALSE	S:cds-YP_009724390.1	GAG	E	GGG	G	156
NC_045512.2	22032	T	A	1821	896	43	1	0	22	0.000548847	1822	0.999998	FALSE	S:cds-YP_009724390.1	TTC	F	TAC	Y	157
NC_045512.2	22033	C	A	1822	953	43	1	1	37	0.000548546	1823	0.750206	FALSE	S:cds-YP_009724390.1	TTC	F	TTA	L	157
NC_045512.2	22037	G	A	1844	1040	39	1	0	37	0.000542005	1845	0.750203	FALSE	S:cds-YP_009724390.1	GTT	V	ATT	I	159
NC_045512.2	22039	T	C	1828	996	39	1	0	37	0.000546747	1829	0.750205	FALSE	S:cds-YP_009724390.1	GTT	V	GTC	V	159
NC_045512.2	22043	T	A	1909	1041	39	1	0	20	0.00052356	1910	0.999999	FALSE	S:cds-YP_009724390.1	TCT	S	ACT	T	161
NC_045512.2	22045	T	C	1833	992	39	1	1	37	0.000545256	1834	0.750205	FALSE	S:cds-YP_009724390.1	TCT	S	TCC	S	161
NC_045512.2	22046	A	C	1626	820	39	1	0	37	0.000614628	1627	0.750231	FALSE	S:cds-YP_009724390.1	AGT	S	CGT	R	162
NC_045512.2	22048	T	C	1580	843	38	1	1	37	0.000632111	1582	0.750079	FALSE	S:cds-YP_009724390.1	AGT	S	AGC	S	162
NC_045512.2	22048	T	A	1580	843	38	1	1	37	0.000632111	1582	0.750079	FALSE	S:cds-YP_009724390.1	AGT	S	AGA	R	162
NC_045512.2	22051	G	A	1559	815	38	1	0	74	0.000641026	1560	0.50016	FALSE	S:cds-YP_009724390.1	GCG	A	GCA	A	163
NC_045512.2	22056	A	T	1632	879	38	1	1	37	0.00061237	1633	0.75023	FALSE	S:cds-YP_009724390.1	AAT	N	ATT	I	165
NC_045512.2	22059	G	A	1688	951	39	1	1	37	0.000592066	1689	0.750222	FALSE	S:cds-YP_009724390.1	TGC	C	TAC	Y	166
NC_045512.2	22061	A	C	1679	944	39	1	1	37	0.000595238	1680	0.750223	FALSE	S:cds-YP_009724390.1	ACT	T	CCT	P	167
NC_045512.2	22065	T	C	1735	924	39	1	1	37	0.000576037	1736	0.750216	FALSE	S:cds-YP_009724390.1	TTT	F	TCT	S	168
NC_045512.2	22066	T	C	1747	923	39	1	1	37	0.000572082	1748	0.750215	FALSE	S:cds-YP_009724390.1	TTT	F	TTC	F	168
NC_045512.2	22069	A	G	1726	913	38	1	0	37	0.000579039	1727	0.750217	FALSE	S:cds-YP_009724390.1	GAA	E	GAG	E	169
NC_045512.2	22071	A	C	1669	851	38	1	0	37	0.000598802	1670	0.750225	FALSE	S:cds-YP_009724390.1	TAT	Y	TCT	S	170
NC_045512.2	22081	G	A	1826	956	39	1	1	37	0.000547345	1827	0.750205	FALSE	S:cds-YP_009724390.1	CAG	Q	CAA	Q	173
NC_045512.2	22082	C	T	1814	946	39	1	0	37	0.000550661	1816	0.750069	FALSE	S:cds-YP_009724390.1	CCT	P	TCT	S	174
NC_045512.2	22082	C	A	1814	946	39	1	1	74	0.000550661	1816	0.5	FALSE	S:cds-YP_009724390.1	CCT	P	ACT	T	174
NC_045512.2	22083	C	-T	1791	944	39	2	0	20	0.00111669	1791	0.999964	FALSE	NA	NA	NA	NA	NA	NA
NC_045512.2	22084	T	C	1694	863	38	2	1	37	0.00117855	1697	0.499558	FALSE	S:cds-YP_009724390.1	CCT	P	CCC	P	174
NC_045512.2	22084	T	A	1694	863	38	1	0	37	0.000589275	1697	0.749631	FALSE	S:cds-YP_009724390.1	CCT	P	CCA	P	174
NC_045512.2	22086	T	G	1725	906	39	1	0	37	0.000579374	1726	0.750217	FALSE	S:cds-YP_009724390.1	TTT	F	TGT	C	175
NC_045512.2	22091	A	G	1790	937	40	1	0	25	0.000558347	1791	0.999996	FALSE	S:cds-YP_009724390.1	ATG	M	GTG	V	177
NC_045512.2	22093	G	T	1816	962	40	1	1	37	0.000550055	1818	0.750069	FALSE	S:cds-YP_009724390.1	ATG	M	ATT	I	177
NC_045512.2	22093	G	A	1816	962	40	1	0	37	0.000550055	1818	0.750069	FALSE	S:cds-YP_009724390.1	ATG	M	ATA	I	177
NC_045512.2	22098	T	G	1758	957	41	1	0	37	0.000568182	1760	0.750071	FALSE	S:cds-YP_009724390.1	CTT	L	CGT	R	179
NC_045512.2	22098	T	A	1758	957	41	1	1	37	0.000568182	1760	0.750071	FALSE	S:cds-YP_009724390.1	CTT	L	CAT	H	179
NC_045512.2	22101	A	T	1842	1022	42	1	1	37	0.000542005	1845	0.749932	FALSE	S:cds-YP_009724390.1	GAA	E	GTA	V	180
NC_045512.2	22101	A	C	1842	1022	42	2	2	29	0.00108401	1845	0.999981	FALSE	S:cds-YP_009724390.1	GAA	E	GCA	A	180
NC_045512.2	22102	A	G	1839	1034	42	1	1	37	0.000543183	1841	0.750068	FALSE	S:cds-YP_009724390.1	GAA	E	GAG	E	180
NC_045512.2	22102	A	C	1839	1034	42	1	0	37	0.000543183	1841	0.750068	FALSE	S:cds-YP_009724390.1	GAA	E	GAC	D	180
NC_045512.2	22104	G	A	1874	1029	43	1	1	37	0.000533333	1875	0.7502	FALSE	S:cds-YP_009724390.1	GGA	G	GAA	E	181
NC_045512.2	22109	C	G	1	1	29	1821	1004	43	0.999451	1822	0	TRUE	S:cds-YP_009724390.1	CAG	Q	GAG	E	183
NC_045512.2	22110	A	G	1791	981	43	1	0	37	0.000558036	1792	0.750209	FALSE	S:cds-YP_009724390.1	CAG	Q	CGG	R	183
NC_045512.2	22111	G	T	1815	983	43	1	0	74	0.000550661	1816	0.500138	FALSE	S:cds-YP_009724390.1	CAG	Q	CAT	H	183
NC_045512.2	22113	G	A	1777	962	43	1	0	37	0.00056243	1778	0.750211	FALSE	S:cds-YP_009724390.1	GGT	G	GAT	D	184
NC_045512.2	22114	T	A	1804	1005	44	1	0	37	0.000554017	1805	0.750208	FALSE	S:cds-YP_009724390.1	GGT	G	GGA	G	184
NC_045512.2	22121	A	G	1899	1209	47	1	0	37	0.000526316	1900	0.750197	FALSE	S:cds-YP_009724390.1	AAA	K	GAA	E	187
NC_045512.2	22127	C	-T	1926	1280	47	1	0	20	0.000519211	1926	0.999999	FALSE	NA	NA	NA	NA	NA	NA
NC_045512.2	22129	T	C	1928	1285	47	1	0	74	0.000518403	1929	0.50013	FALSE	S:cds-YP_009724390.1	CTT	L	CTC	L	189
NC_045512.2	22143	T	A	1847	1516	43	1	0	22	0.000541126	1848	0.999998	FALSE	S:cds-YP_009724390.1	TTT	F	TAT	Y	194
NC_045512.2	22155	A	G	1899	1627	43	2	2	37	0.00105208	1901	0.500197	FALSE	S:cds-YP_009724390.1	GAT	D	GGT	G	198
NC_045512.2	22162	T	A	1733	1466	44	1	0	25	0.000576701	1734	0.999996	FALSE	S:cds-YP_009724390.1	TAT	Y	TAA	*	200
NC_045512.2	22172	T	C	1674	1484	41	1	0	37	0.000596659	1676	0.750075	FALSE	S:cds-YP_009724390.1	TAT	Y	CAT	H	204
NC_045512.2	22172	T	A	1674	1484	41	1	1	37	0.000596659	1676	0.750075	FALSE	S:cds-YP_009724390.1	TAT	Y	AAT	N	204
NC_045512.2	22176	C	T	1699	1547	40	1	1	37	0.000588235	1700	0.750221	FALSE	S:cds-YP_009724390.1	TCT	S	TTT	F	205
NC_045512.2	22177	T	C	1630	1478	41	1	1	37	0.000613121	1631	0.75023	FALSE	S:cds-YP_009724390.1	TCT	S	TCC	S	205
NC_045512.2	22177	T	-A	1630	1478	41	1	0	20	0.000613121	1631	0.999993	FALSE	NA	NA	NA	NA	NA	NA
NC_045512.2	22178	A	G	1627	1476	41	1	1	37	0.000614251	1628	0.750077	FALSE	S:cds-YP_009724390.1	AAG	K	GAG	E	206
NC_045512.2	22180	G	A	1624	1475	41	1	1	37	0.000615385	1625	0.750231	FALSE	S:cds-YP_009724390.1	AAG	K	AAA	K	206
NC_045512.2	22181	C	T	1621	1478	40	4	4	37	0.00246154	1625	0.1875	FALSE	S:cds-YP_009724390.1	CAC	H	TAC	Y	207
NC_045512.2	22183	C	T	1528	1397	40	1	1	37	0.000654022	1529	0.750245	FALSE	S:cds-YP_009724390.1	CAC	H	CAT	H	207
NC_045512.2	22185	C	T	1518	1388	40	2	2	55	0.00131579	1520	0.250082	FALSE	S:cds-YP_009724390.1	ACG	T	ATG	M	208
NC_045512.2	22186	G	A	1516	1391	40	1	1	37	0.000659196	1517	0.750247	FALSE	S:cds-YP_009724390.1	ACG	T	ACA	T	208
NC_045512.2	22188	C	T	1495	1379	39	1	0	37	0.000667557	1498	0.749916	FALSE	S:cds-YP_009724390.1	CCT	P	CTT	L	209
NC_045512.2	22188	C	A	1495	1379	39	2	2	37	0.00133511	1498	0.5	FALSE	S:cds-YP_009724390.1	CCT	P	CAT	H	209
NC_045512.2	22189	T	C	1358	1275	39	1	0	74	0.000735835	1359	0.500184	FALSE	S:cds-YP_009724390.1	CCT	P	CCC	P	209
NC_045512.2	22193	A	T	1339	1254	39	1	1	25	0.000746269	1340	0.999941	FALSE	S:cds-YP_009724390.1	AAT	N	TAT	Y	211
NC_045512.2	22200	T	A	0	0	0	1334	1027	38	1	1334	0	TRUE	S:cds-YP_009724390.1	GTG	V	GAG	E	213
NC_045512.2	22202	C	T	1286	980	38	1	1	37	0.000777001	1287	0.750291	FALSE	S:cds-YP_009724390.1	CGT	R	TGT	C	214
NC_045512.2	22207	T	C	1289	984	38	1	1	37	0.000775194	1290	0.750291	FALSE	S:cds-YP_009724390.1	GAT	D	GAC	D	215
NC_045512.2	22210	C	T	1314	936	38	1	0	37	0.000760456	1315	0.750285	FALSE	S:cds-YP_009724390.1	CTC	L	CTT	L	216
NC_045512.2	22211	C	T	1325	938	38	1	0	37	0.000754148	1326	0.750283	FALSE	S:cds-YP_009724390.1	CCT	P	TCT	S	217
NC_045512.2	22212	C	A	1305	925	37	1	0	37	0.000765697	1306	0.750287	FALSE	S:cds-YP_009724390.1	CCT	P	CAT	H	217
NC_045512.2	22214	C	T	1281	897	38	1	1	37	0.000780031	1282	0.750293	FALSE	S:cds-YP_009724390.1	CAG	Q	TAG	*	218
NC_045512.2	22218	G	C	1260	843	38	1	1	37	0.000793021	1261	0.750298	FALSE	S:cds-YP_009724390.1	GGT	G	GCT	A	219
NC_045512.2	22218	G	-T	1260	843	38	2	0	20	0.00158604	1261	0.999117	FALSE	NA	NA	NA	NA	NA	NA
NC_045512.2	22229	T	C	852	433	38	1	1	37	0.00117233	853	0.500293	FALSE	S:cds-YP_009724390.1	TTA	L	CTA	L	223
NC_045512.2	22255	A	G	501	80	41	1	0	37	0.00199203	502	0.500499	FALSE	S:cds-YP_009724390.1	ATA	I	ATG	M	231
NC_045512.2	22256	G	T	537	80	41	1	0	37	0.00185874	538	0.500465	FALSE	S:cds-YP_009724390.1	GGT	G	TGT	C	232
NC_045512.2	22258	T	A	607	80	40	1	0	25	0.00164474	608	0.992366	FALSE	S:cds-YP_009724390.1	GGT	G	GGA	G	232
NC_045512.2	22293	T	A	636	202	42	1	0	37	0.00156986	637	0.500393	FALSE	S:cds-YP_009724390.1	TTA	L	TAA	*	244
NC_045512.2	22295	C	A	683	212	40	1	0	37	0.00146199	684	0.500366	FALSE	S:cds-YP_009724390.1	CAT	H	AAT	N	245
NC_045512.2	22296	A	G	683	210	40	1	0	25	0.00146199	684	0.992347	FALSE	S:cds-YP_009724390.1	CAT	H	CGT	R	245
NC_045512.2	22298	A	G	674	208	40	1	0	22	0.00148148	675	0.992349	FALSE	S:cds-YP_009724390.1	AGA	R	GGA	G	246
NC_045512.2	22317	G	T	180	66	38	439	144	38	0.709208	619	6.56673e-188	TRUE	S:cds-YP_009724390.1	GGT	G	GTT	V	252
NC_045512.2	22320	A	G	423	141	38	169	61	38	0.285473	592	1.24024e-57	TRUE	S:cds-YP_009724390.1	GAT	D	GGT	G	253
NC_045512.2	22330	A	G	614	221	39	1	0	37	0.00162602	615	0.500407	FALSE	S:cds-YP_009724390.1	TCA	S	TCG	S	256
NC_045512.2	22338	C	T	754	413	44	3	1	61	0.00396301	757	0.125	FALSE	S:cds-YP_009724390.1	ACA	T	ATA	I	259
NC_045512.2	22345	T	A	774	447	45	1	0	25	0.00129032	775	0.996184	FALSE	S:cds-YP_009724390.1	GGT	G	GGA	G	261
NC_045512.2	22348	T	G	773	453	45	1	0	37	0.00129032	775	0.5	FALSE	S:cds-YP_009724390.1	GCT	A	GCG	A	262
NC_045512.2	22348	T	C	773	453	45	1	0	37	0.00129032	775	0.5	FALSE	S:cds-YP_009724390.1	GCT	A	GCC	A	262
NC_045512.2	22349	G	A	767	445	45	3	1	33	0.0038961	770	0.125	FALSE	S:cds-YP_009724390.1	GCA	A	ACA	T	263
NC_045512.2	22353	C	T	759	434	44	2	1	37	0.00262812	761	0.250164	FALSE	S:cds-YP_009724390.1	GCT	A	GTT	V	264
NC_045512.2	22374	A	G	715	503	41	1	0	74	0.00139665	716	0.500349	FALSE	S:cds-YP_009724390.1	CAA	Q	CGA	R	271
NC_045512.2	22382	A	G	747	528	43	2	2	37	0.00267023	749	0.250167	FALSE	S:cds-YP_009724390.1	ACT	T	GCT	A	274
NC_045512.2	22383	C	-T	737	519	43	1	0	20	0.00135685	737	0.996209	FALSE	NA	NA	NA	NA	NA	NA
NC_045512.2	22384	T	C	692	485	43	2	0	37	0.00288184	694	0.25018	FALSE	S:cds-YP_009724390.1	ACT	T	ACC	T	274
NC_045512.2	22385	T	C	706	497	43	1	0	48	0.00141443	707	0.500354	FALSE	S:cds-YP_009724390.1	TTT	F	CTT	L	275
NC_045512.2	22386	T	G	694	489	43	2	0	37	0.00287356	696	0.25018	FALSE	S:cds-YP_009724390.1	TTT	F	TGT	C	275
NC_045512.2	22387	T	C	708	498	43	1	1	22	0.00141044	709	0.996192	FALSE	S:cds-YP_009724390.1	TTT	F	TTC	F	275
NC_045512.2	22389	T	C	701	495	43	1	0	37	0.0014245	702	0.500356	FALSE	S:cds-YP_009724390.1	CTA	L	CCA	P	276
NC_045512.2	22393	A	G	697	513	43	2	2	31	0.00286123	699	0.250179	FALSE	S:cds-YP_009724390.1	TTA	L	TTG	L	277
NC_045512.2	22399	T	C	689	543	41	1	1	37	0.00144928	690	0.500363	FALSE	S:cds-YP_009724390.1	TAT	Y	TAC	Y	279
NC_045512.2	22402	T	A	677	538	40	1	1	25	0.00147493	678	0.992348	FALSE	S:cds-YP_009724390.1	AAT	N	AAA	K	280
NC_045512.2	22406	A	G	694	565	40	1	1	37	0.00143885	695	0.50036	FALSE	S:cds-YP_009724390.1	AAT	N	GAT	D	282
NC_045512.2	22422	A	G	734	636	41	1	1	37	0.00136054	735	0.50034	FALSE	S:cds-YP_009724390.1	GAT	D	GGT	G	287
NC_045512.2	22425	C	T	765	630	41	1	1	37	0.00130548	766	0.500327	FALSE	S:cds-YP_009724390.1	GCT	A	GTT	V	288
NC_045512.2	22427	G	A	769	642	41	2	2	37	0.00259403	771	0.250162	FALSE	S:cds-YP_009724390.1	GTA	V	ATA	I	289
NC_045512.2	22431	A	G	760	642	41	1	1	37	0.00131406	761	0.500329	FALSE	S:cds-YP_009724390.1	GAC	D	GGC	G	290
NC_045512.2	22434	G	A	537	430	43	2	1	55	0.00371058	539	0.250232	FALSE	S:cds-YP_009724390.1	TGT	C	TAT	Y	291
NC_045512.2	22444	C	T	493	394	43	1	1	37	0.00202429	494	0.500507	FALSE	S:cds-YP_009724390.1	GAC	D	GAT	D	294
NC_045512.2	22445	C	A	478	381	43	2	2	37	0.00416667	480	0.250261	FALSE	S:cds-YP_009724390.1	CCT	P	ACT	T	295
NC_045512.2	22480	C	T	153	129	39	161	141	39	0.512739	314	2.82349e-61	TRUE	S:cds-YP_009724390.1	TTC	F	TTT	F	306
NC_045512.2	22487	G	-A	250	207	39	1	0	20	0.004	250	0.877242	FALSE	NA	NA	NA	NA	NA	NA
NC_045512.2	22512	A	G	380	168	38	1	0	37	0.00262467	381	0.500657	FALSE	S:cds-YP_009724390.1	AAC	N	AGC	S	317
NC_045512.2	22513	C	A	409	168	38	1	0	37	0.00243902	410	0.500611	FALSE	S:cds-YP_009724390.1	AAC	N	AAA	K	317
NC_045512.2	22557	T	C	370	59	40	1	0	37	0.00269542	371	0.500675	FALSE	S:cds-YP_009724390.1	ATT	I	ACT	T	332
NC_045512.2	22577	G	C	0	0	0	437	95	43	0.997717	438	2.94255e-262	TRUE	S:cds-YP_009724390.1	GGT	G	CGT	R	339
NC_045512.2	22577	G	A	0	0	0	1	0	37	0.00228311	438	0.00228311	TRUE	S:cds-YP_009724390.1	GGT	G	AGT	S	339
NC_045512.2	22578	G	A	0	0	0	437	92	42	1	437	5.8851e-262	TRUE	S:cds-YP_009724390.1	GGT	G	GAT	D	339
NC_045512.2	22590	A	G	436	113	42	1	0	37	0.00228833	437	0.500573	FALSE	S:cds-YP_009724390.1	AAC	N	AGC	S	343
NC_045512.2	22591	C	T	446	112	42	1	0	37	0.00223714	447	0.50056	FALSE	S:cds-YP_009724390.1	AAC	N	AAT	N	343
NC_045512.2	22592	G	A	437	111	42	1	0	37	0.00228311	438	0.500571	FALSE	S:cds-YP_009724390.1	GCC	A	ACC	T	344
NC_045512.2	22593	C	A	446	109	42	1	0	37	0.00223714	447	0.50056	FALSE	S:cds-YP_009724390.1	GCC	A	GAC	D	344
NC_045512.2	22599	G	C	0	0	0	444	119	42	1	444	3.62062e-266	TRUE	S:cds-YP_009724390.1	AGA	R	ACA	T	346
NC_045512.2	22604	G	A	444	136	43	1	0	62	0.00224719	445	0.500562	FALSE	S:cds-YP_009724390.1	GCA	A	ACA	T	348
NC_045512.2	22609	T	C	433	180	43	1	0	37	0.00230415	434	0.500577	FALSE	S:cds-YP_009724390.1	TCT	S	TCC	S	349
NC_045512.2	22612	T	C	454	187	43	1	0	37	0.0021978	455	0.50055	FALSE	S:cds-YP_009724390.1	GTT	V	GTC	V	350
NC_045512.2	22619	T	C	443	213	44	2	2	37	0.00449438	445	0.250281	FALSE	S:cds-YP_009724390.1	TGG	W	CGG	R	353
NC_045512.2	22634	A	C	415	206	40	1	1	25	0.00240385	416	0.969312	FALSE	S:cds-YP_009724390.1	ATC	I	CTC	L	358
NC_045512.2	22643	T	C	455	241	41	1	1	25	0.00219298	456	0.969263	FALSE	S:cds-YP_009724390.1	TGT	C	CGT	R	361
NC_045512.2	22649	G	A	501	289	42	1	1	37	0.00199203	502	0.500499	FALSE	S:cds-YP_009724390.1	GCT	A	ACT	T	363
NC_045512.2	22654	T	C	511	324	43	1	0	37	0.00195312	512	0.500489	FALSE	S:cds-YP_009724390.1	GAT	D	GAC	D	364
NC_045512.2	22658	T	+C	514	331	42	2	0	20	0.00389105	514	0.939085	FALSE	NA	NA	NA	NA	NA	NA
NC_045512.2	22664	C	A	0	0	0	530	323	42	1	530	0	TRUE	S:cds-YP_009724390.1	CTA	L	ATA	I	368
NC_045512.2	22674	C	T	0	0	0	484	305	40	1	484	3.12683e-290	TRUE	S:cds-YP_009724390.1	TCC	S	TTC	F	371
NC_045512.2	22679	T	C	0	0	0	470	293	40	1	470	8.27129e-282	TRUE	S:cds-YP_009724390.1	TCA	S	CCA	P	373
NC_045512.2	22685	T	-C	488	334	40	1	0	20	0.00204918	488	0.969387	FALSE	NA	NA	NA	NA	NA	NA
NC_045512.2	22686	C	T	0	0	0	481	328	41	1	481	9.97481e-289	TRUE	S:cds-YP_009724390.1	TCC	S	TTC	F	375
NC_045512.2	22688	A	G	0	0	0	482	327	41	1	482	4.99258e-289	TRUE	S:cds-YP_009724390.1	ACT	T	GCT	A	376
NC_045512.2	22693	T	G	489	340	41	1	0	25	0.00204082	490	0.969227	FALSE	S:cds-YP_009724390.1	TTT	F	TTG	L	377
NC_045512.2	22697	T	G	513	353	41	1	1	37	0.00194553	514	0.500487	FALSE	S:cds-YP_009724390.1	TGT	C	GGT	G	379
NC_045512.2	22707	T	G	469	303	42	1	1	37	0.00212766	470	0.500532	FALSE	S:cds-YP_009724390.1	GTG	V	GGG	G	382
NC_045512.2	22722	T	-A	423	291	41	1	0	20	0.00236407	423	0.969484	FALSE	NA	NA	NA	NA	NA	NA
NC_045512.2	22735	C	T	431	320	42	1	1	37	0.00231481	432	0.500579	FALSE	S:cds-YP_009724390.1	TGC	C	TGT	C	391
NC_045512.2	22738	T	G	424	318	42	1	1	37	0.00235294	425	0.500589	FALSE	S:cds-YP_009724390.1	TTT	F	TTG	L	392
NC_045512.2	22742	A	G	407	305	42	1	1	37	0.00245098	408	0.500613	FALSE	S:cds-YP_009724390.1	AAT	N	GAT	D	394
NC_045512.2	22772	G	T	317	276	43	1	1	37	0.00314465	318	0.500787	FALSE	S:cds-YP_009724390.1	GGT	G	TGT	C	404
NC_045512.2	22775	G	A	0	0	0	312	273	43	1	312	8.99785e-187	TRUE	S:cds-YP_009724390.1	GAT	D	AAT	N	405
NC_045512.2	22779	A	G	520	265	40	1	0	37	0.00191939	521	0.50048	FALSE	S:cds-YP_009724390.1	GAA	E	GGA	G	406
NC_045512.2	22785	G	A	501	219	40	1	1	37	0.00199203	502	0.500499	FALSE	S:cds-YP_009724390.1	AGA	R	AAA	K	408
NC_045512.2	22786	A	T	0	0	0	3	1	37	0.00596421	503	4.68664e-08	TRUE	S:cds-YP_009724390.1	AGA	R	AGT	S	408
NC_045512.2	22786	A	C	0	0	0	500	219	40	0.994036	503	9.27711e-301	TRUE	S:cds-YP_009724390.1	AGA	R	AGC	S	408
NC_045512.2	22797	C	T	597	247	39	2	0	37	0.0033389	599	0.250209	FALSE	S:cds-YP_009724390.1	CCA	P	CTA	L	412
NC_045512.2	22798	A	C	591	239	39	1	0	37	0.00168919	592	0.500423	FALSE	S:cds-YP_009724390.1	CCA	P	CCC	P	412
NC_045512.2	22801	G	A	609	247	38	1	1	37	0.00163934	610	0.50041	FALSE	S:cds-YP_009724390.1	GGG	G	GGA	G	413
NC_045512.2	22802	C	T	608	249	38	1	1	25	0.00163934	610	0.992322	FALSE	S:cds-YP_009724390.1	CAA	Q	TAA	*	414
NC_045512.2	22802	C	A	608	249	38	1	0	25	0.00163934	610	0.992322	FALSE	S:cds-YP_009724390.1	CAA	Q	AAA	K	414
NC_045512.2	22808	G	C	592	216	38	2	0	37	0.003367	594	0.250211	FALSE	S:cds-YP_009724390.1	GGA	G	CGA	R	416
NC_045512.2	22809	G	C	589	217	38	1	0	37	0.00169492	590	0.500424	FALSE	S:cds-YP_009724390.1	GGA	G	GCA	A	416
NC_045512.2	22813	G	T	0	0	0	599	221	37	1	599	0	TRUE	S:cds-YP_009724390.1	AAG	K	AAT	N	417
NC_045512.2	22838	C	T	451	70	42	1	0	37	0.00221239	452	0.500554	FALSE	S:cds-YP_009724390.1	CCA	P	TCA	S	426
NC_045512.2	22854	G	A	517	95	44	1	1	74	0.0019305	518	0.500483	FALSE	S:cds-YP_009724390.1	GGC	G	GAC	D	431
NC_045512.2	22858	C	T	650	110	43	1	0	37	0.00153374	652	0.5	FALSE	S:cds-YP_009724390.1	TGC	C	TGT	C	432
NC_045512.2	22858	C	G	650	110	43	1	0	37	0.00153374	652	0.5	FALSE	S:cds-YP_009724390.1	TGC	C	TGG	W	432
NC_045512.2	22875	C	G	543	156	41	1	0	37	0.00183824	544	0.50046	FALSE	S:cds-YP_009724390.1	TCT	S	TGT	C	438
NC_045512.2	22882	T	G	0	0	0	565	162	40	1	565	0	TRUE	S:cds-YP_009724390.1	AAT	N	AAG	K	440
NC_045512.2	22886	G	A	560	176	41	1	0	37	0.00178253	561	0.500446	FALSE	S:cds-YP_009724390.1	GAT	D	AAT	N	442
NC_045512.2	22895	G	T	0	0	0	1	0	37	0.00191205	523	0.00191205	TRUE	S:cds-YP_009724390.1	GTT	V	TTT	F	445
NC_045512.2	22895	G	C	0	0	0	522	169	38	0.998088	523	2.14881e-313	TRUE	S:cds-YP_009724390.1	GTT	V	CTT	L	445
NC_045512.2	22896	T	C	0	0	0	502	149	38	1	502	4.63393e-301	TRUE	S:cds-YP_009724390.1	GTT	V	GCT	A	445
NC_045512.2	22898	G	A	0	0	0	539	189	39	1	539	0	TRUE	S:cds-YP_009724390.1	GGT	G	AGT	S	446
NC_045512.2	22903	T	C	618	204	39	1	0	37	0.00161551	619	0.500404	FALSE	S:cds-YP_009724390.1	GGT	G	GGC	G	447
NC_045512.2	22907	T	G	638	235	39	1	1	37	0.00156495	639	0.500392	FALSE	S:cds-YP_009724390.1	TAT	Y	GAT	D	449
NC_045512.2	22913	T	C	663	241	39	1	1	25	0.00150602	664	0.992351	FALSE	S:cds-YP_009724390.1	TAC	Y	CAC	H	451
NC_045512.2	22922	A	G	722	244	39	1	0	37	0.00138313	723	0.500346	FALSE	S:cds-YP_009724390.1	AGA	R	GGA	G	454
NC_045512.2	22930	T	A	421	131	41	294	111	39	0.411189	715	8.91806e-106	TRUE	S:cds-YP_009724390.1	TTT	F	TTA	L	456
NC_045512.2	22935	A	G	727	264	40	1	1	37	0.00137363	728	0.500344	FALSE	S:cds-YP_009724390.1	AAG	K	AGG	R	458
NC_045512.2	22942	T	G	0	0	0	816	316	41	0.997555	818	0	TRUE	S:cds-YP_009724390.1	AAT	N	AAG	K	460
NC_045512.2	22942	T	A	0	0	0	2	0	37	0.00244499	818	2.98533e-06	TRUE	S:cds-YP_009724390.1	AAT	N	AAA	K	460
NC_045512.2	22950	C	T	793	323	42	1	0	37	0.00125945	794	0.500315	FALSE	S:cds-YP_009724390.1	CCT	P	CTT	L	463
NC_045512.2	22969	A	G	758	413	42	1	0	37	0.00131752	759	0.50033	FALSE	S:cds-YP_009724390.1	TCA	S	TCG	S	469
NC_045512.2	22970	A	G	764	414	42	1	1	37	0.00130719	765	0.500327	FALSE	S:cds-YP_009724390.1	ACT	T	GCT	A	470
NC_045512.2	22982	C	A	737	405	42	1	0	25	0.00135501	738	0.996188	FALSE	S:cds-YP_009724390.1	CAG	Q	AAG	K	474
NC_045512.2	22985	G	A	719	411	40	1	0	37	0.00138889	720	0.500347	FALSE	S:cds-YP_009724390.1	GCC	A	ACC	T	475
NC_045512.2	22988	G	A	683	408	39	1	0	37	0.00146199	684	0.500366	FALSE	S:cds-YP_009724390.1	GGT	G	AGT	S	476
NC_045512.2	22991	A	C	679	409	39	1	1	37	0.00147059	680	0.500368	FALSE	S:cds-YP_009724390.1	AGC	S	CGC	R	477
NC_045512.2	22992	G	A	0	0	0	671	403	39	1	671	0	TRUE	S:cds-YP_009724390.1	AGC	S	AAC	N	477
NC_045512.2	22994	A	T	666	394	39	1	0	37	0.00149925	667	0.500375	FALSE	S:cds-YP_009724390.1	ACA	T	TCA	S	478
NC_045512.2	22995	C	T	0	0	0	1	1	74	0.00162866	614	0.00162866	TRUE	S:cds-YP_009724390.1	ACA	T	ATA	I	478
NC_045512.2	22995	C	A	0	0	0	613	395	38	0.998371	614	0	TRUE	S:cds-YP_009724390.1	ACA	T	AAA	K	478
NC_045512.2	23005	T	C	549	344	39	1	0	37	0.00181818	550	0.500455	FALSE	S:cds-YP_009724390.1	AAT	N	AAC	N	481
NC_045512.2	23008	T	C	530	325	39	1	0	37	0.00188324	531	0.500471	FALSE	S:cds-YP_009724390.1	GGT	G	GGC	G	482
NC_045512.2	23013	A	T	0	0	0	2	2	37	0.00403226	496	8.1132e-06	TRUE	S:cds-YP_009724390.1	GAA	E	GTA	V	484
NC_045512.2	23013	A	C	0	0	0	494	323	38	0.995968	496	7.53913e-297	TRUE	S:cds-YP_009724390.1	GAA	E	GCA	A	484
NC_045512.2	23018	T	C	0	0	0	439	301	38	1	439	3.68659e-263	TRUE	S:cds-YP_009724390.1	TTT	F	CTT	L	486
NC_045512.2	23019	T	C	0	0	0	431	330	38	1	431	2.39394e-258	TRUE	S:cds-YP_009724390.1	TTT	F	TCT	S	486
NC_045512.2	23031	T	C	0	0	0	440	347	39	1	440	9.22696e-264	TRUE	S:cds-YP_009724390.1	TTT	F	TCT	S	490
NC_045512.2	23035	T	C	439	356	40	1	0	37	0.00227273	440	0.500569	FALSE	S:cds-YP_009724390.1	CCT	P	CCC	P	491
NC_045512.2	23055	A	G	0	0	0	277	260	40	1	277	1.00097e-165	TRUE	S:cds-YP_009724390.1	CAA	Q	CGA	R	498
NC_045512.2	23062	T	A	257	246	39	1	1	25	0.00387597	258	0.876455	FALSE	S:cds-YP_009724390.1	ACT	T	ACA	T	500
NC_045512.2	23063	A	T	0	0	0	256	245	39	1	256	4.23233e-153	TRUE	S:cds-YP_009724390.1	AAT	N	TAT	Y	501
NC_045512.2	23075	T	C	0	0	0	163	153	40	1	163	3.31324e-97	TRUE	S:cds-YP_009724390.1	TAC	Y	CAC	H	505
NC_045512.2	23104	T	C	160	150	40	1	1	37	0.00621118	161	0.501558	FALSE	S:cds-YP_009724390.1	TCT	S	TCC	S	514
NC_045512.2	23115	T	C	1430	423	37	1	0	37	0.000698324	1432	0.750087	FALSE	S:cds-YP_009724390.1	CTA	L	CCA	P	518
NC_045512.2	23115	T	A	1430	423	37	1	0	37	0.000698324	1432	0.750087	FALSE	S:cds-YP_009724390.1	CTA	L	CAA	Q	518
NC_045512.2	23118	A	-T	1465	417	37	1	0	20	0.000682594	1465	0.999971	FALSE	NA	NA	NA	NA	NA	NA
NC_045512.2	23119	T	A	1465	417	37	1	0	37	0.000682128	1466	0.750085	FALSE	S:cds-YP_009724390.1	CAT	H	CAA	Q	519
NC_045512.2	23120	G	A	1536	502	38	1	0	37	0.000650618	1537	0.750244	FALSE	S:cds-YP_009724390.1	GCA	A	ACA	T	520
NC_045512.2	23121	C	T	1594	515	38	1	1	37	0.000626959	1595	0.750235	FALSE	S:cds-YP_009724390.1	GCA	A	GTA	V	520
NC_045512.2	23122	A	G	1652	570	38	1	0	37	0.000604961	1653	0.750227	FALSE	S:cds-YP_009724390.1	GCA	A	GCG	A	520
NC_045512.2	23125	A	G	1892	598	38	1	1	37	0.000528262	1893	0.750198	FALSE	S:cds-YP_009724390.1	CCA	P	CCG	P	521
NC_045512.2	23127	C	T	1932	615	38	1	0	25	0.000517331	1933	0.999999	FALSE	S:cds-YP_009724390.1	GCA	A	GTA	V	522
NC_045512.2	23131	T	C	2036	636	38	1	1	62	0.000490677	2038	0.5	FALSE	S:cds-YP_009724390.1	ACT	T	ACC	T	523
NC_045512.2	23131	T	A	2036	636	38	1	0	37	0.000490677	2038	0.875092	FALSE	S:cds-YP_009724390.1	ACT	T	ACA	T	523
NC_045512.2	23135	T	C	2141	680	38	1	0	37	0.000466853	2142	0.875175	FALSE	S:cds-YP_009724390.1	TGT	C	CGT	R	525
NC_045512.2	23140	A	G	2222	718	38	1	0	25	0.000449843	2223	1	FALSE	S:cds-YP_009724390.1	GGA	G	GGG	G	526
NC_045512.2	23142	C	A	2678	717	38	1	0	37	0.000373274	2679	0.87514	FALSE	S:cds-YP_009724390.1	CCT	P	CAT	H	527
NC_045512.2	23143	T	C	2683	721	38	1	0	37	0.000372578	2684	0.87514	FALSE	S:cds-YP_009724390.1	CCT	P	CCC	P	527
NC_045512.2	23143	T	-A	2683	721	38	4	0	20	0.00149031	2684	0.999996	FALSE	NA	NA	NA	NA	NA	NA
NC_045512.2	23145	A	G	2760	805	38	1	0	37	0.000362188	2761	0.875136	FALSE	S:cds-YP_009724390.1	AAA	K	AGA	R	528
NC_045512.2	23147	A	G	2745	790	38	1	0	37	0.000364166	2746	0.875137	FALSE	S:cds-YP_009724390.1	AAG	K	GAG	E	529
NC_045512.2	23155	T	C	3026	858	38	1	0	74	0.00033036	3027	0.500083	FALSE	S:cds-YP_009724390.1	ACT	T	ACC	T	531
NC_045512.2	23156	A	G	3053	849	38	1	0	25	0.000327439	3054	1	FALSE	S:cds-YP_009724390.1	AAT	N	GAT	D	532
NC_045512.2	23157	A	G	3062	858	38	1	0	37	0.000326477	3063	0.937602	FALSE	S:cds-YP_009724390.1	AAT	N	AGT	S	532
NC_045512.2	23158	T	C	3041	856	38	1	0	37	0.000328731	3042	0.937603	FALSE	S:cds-YP_009724390.1	AAT	N	AAC	N	532
NC_045512.2	23159	T	C	3039	852	38	1	1	25	0.000328947	3040	1	FALSE	S:cds-YP_009724390.1	TTG	L	CTG	L	533
NC_045512.2	23160	T	A	3097	914	39	1	1	37	0.000322789	3098	0.937601	FALSE	S:cds-YP_009724390.1	TTG	L	TAG	*	533
NC_045512.2	23164	T	-A	3190	941	39	2	0	20	0.000626959	3190	1	FALSE	NA	NA	NA	NA	NA	NA
NC_045512.2	23165	A	T	3190	940	39	1	1	37	0.000313283	3192	0.93752	FALSE	S:cds-YP_009724390.1	AAA	K	TAA	*	535
NC_045512.2	23165	A	G	3190	940	39	1	0	37	0.000313283	3192	0.93752	FALSE	S:cds-YP_009724390.1	AAA	K	GAA	E	535
NC_045512.2	23166	A	G	3230	992	39	1	0	74	0.000309502	3231	0.500077	FALSE	S:cds-YP_009724390.1	AAA	K	AGA	R	535
NC_045512.2	23170	C	T	3472	1004	39	1	0	37	0.000287936	3473	0.93759	FALSE	S:cds-YP_009724390.1	AAC	N	AAT	N	536
NC_045512.2	23172	A	G	3486	1042	39	1	0	25	0.000286779	3487	1	FALSE	S:cds-YP_009724390.1	AAA	K	AGA	R	537
NC_045512.2	23175	G	T	3515	1066	39	1	0	37	0.000284414	3516	0.937589	FALSE	S:cds-YP_009724390.1	TGT	C	TTT	F	538
NC_045512.2	23177	G	A	3549	1083	39	2	1	31	0.000563222	3551	0.812676	FALSE	S:cds-YP_009724390.1	GTC	V	ATC	I	539
NC_045512.2	23179	C	T	3567	1101	39	2	1	37	0.000560381	3569	0.812675	FALSE	S:cds-YP_009724390.1	GTC	V	GTT	V	539
NC_045512.2	23183	T	G	3617	1179	39	1	1	25	0.000276319	3619	1	FALSE	S:cds-YP_009724390.1	TTC	F	GTC	V	541
NC_045512.2	23183	T	C	3617	1179	39	1	0	25	0.000276319	3619	1	FALSE	S:cds-YP_009724390.1	TTC	F	CTC	L	541
NC_045512.2	23184	T	A	3651	1182	40	1	0	37	0.000273823	3652	0.937586	FALSE	S:cds-YP_009724390.1	TTC	F	TAC	Y	541
NC_045512.2	23185	C	T	3846	1467	41	1	0	74	0.000259943	3847	0.500065	FALSE	S:cds-YP_009724390.1	TTC	F	TTT	F	541
NC_045512.2	23186	A	G	3930	1582	41	1	1	37	0.000254388	3931	0.937579	FALSE	S:cds-YP_009724390.1	AAC	N	GAC	D	542
NC_045512.2	23187	A	G	3922	1580	41	4	3	34	0.00101885	3926	0.500139	FALSE	S:cds-YP_009724390.1	AAC	N	AGC	S	542
NC_045512.2	23188	C	T	4125	1642	41	1	0	37	0.000242365	4126	0.968807	FALSE	S:cds-YP_009724390.1	AAC	N	AAT	N	542
NC_045512.2	23190	T	A	4124	1649	41	1	0	25	0.000242424	4125	1	FALSE	S:cds-YP_009724390.1	TTC	F	TAC	Y	543
NC_045512.2	23192	A	G	4119	1648	41	1	1	74	0.000242718	4120	0.500061	FALSE	S:cds-YP_009724390.1	AAT	N	GAT	D	544
NC_045512.2	23194	T	A	3986	1686	41	1	1	37	0.000250815	3987	0.937578	FALSE	S:cds-YP_009724390.1	AAT	N	AAA	K	544
NC_045512.2	23195	G	T	4227	1702	41	1	0	37	0.000236518	4228	0.968805	FALSE	S:cds-YP_009724390.1	GGT	G	TGT	C	545
NC_045512.2	23196	G	T	4340	1741	41	1	1	37	0.000230309	4342	0.968786	FALSE	S:cds-YP_009724390.1	GGT	G	GTT	V	545
NC_045512.2	23196	G	C	4340	1741	41	1	0	37	0.000230309	4342	0.968786	FALSE	S:cds-YP_009724390.1	GGT	G	GCT	A	545
NC_045512.2	23197	T	G	4226	1693	40	1	0	25	0.000236574	4227	1	FALSE	S:cds-YP_009724390.1	GGT	G	GGG	G	545
NC_045512.2	23198	T	C	4284	1725	41	1	1	37	0.000233372	4285	0.968805	FALSE	S:cds-YP_009724390.1	TTA	L	CTA	L	546
NC_045512.2	23200	A	G	4344	1739	41	3	2	40	0.000690131	4347	0.125	FALSE	S:cds-YP_009724390.1	TTA	L	TTG	L	546
NC_045512.2	23203	A	G	4332	1762	41	4	2	37	0.000922297	4337	0.636782	FALSE	S:cds-YP_009724390.1	ACA	T	ACG	T	547
NC_045512.2	23203	A	C	4332	1762	41	1	0	37	0.000230574	4337	0.968732	FALSE	S:cds-YP_009724390.1	ACA	T	ACC	T	547
NC_045512.2	23205	G	A	4389	1789	40	3	1	37	0.00068306	4392	0.773624	FALSE	S:cds-YP_009724390.1	GGC	G	GAC	D	548
NC_045512.2	23206	C	T	4430	1804	41	1	0	37	0.000225632	4432	0.968785	FALSE	S:cds-YP_009724390.1	GGC	G	GGT	G	548
NC_045512.2	23206	C	G	4430	1804	41	1	0	37	0.000225632	4432	0.968785	FALSE	S:cds-YP_009724390.1	GGC	G	GGG	G	548
NC_045512.2	23207	A	G	4392	1789	40	1	0	37	0.000227635	4393	0.968803	FALSE	S:cds-YP_009724390.1	ACA	T	GCA	A	549
NC_045512.2	23208	C	T	4644	1812	40	1	0	37	0.000215285	4645	0.9688	FALSE	S:cds-YP_009724390.1	ACA	T	ATA	I	549
NC_045512.2	23209	A	C	4606	1805	40	1	1	74	0.000217061	4607	0.500054	FALSE	S:cds-YP_009724390.1	ACA	T	ACC	T	549
NC_045512.2	23212	T	C	4757	2048	40	2	1	25	0.000419903	4763	1	FALSE	S:cds-YP_009724390.1	GGT	G	GGC	G	550
NC_045512.2	23212	T	A	4757	2048	40	4	4	37	0.000839807	4763	0.636661	FALSE	S:cds-YP_009724390.1	GGT	G	GGA	G	550
NC_045512.2	23213	G	T	4775	2016	40	1	1	37	0.00020938	4776	0.968799	FALSE	S:cds-YP_009724390.1	GTT	V	TTT	F	551
NC_045512.2	23215	T	C	4816	2007	39	1	0	37	0.000207598	4817	0.968799	FALSE	S:cds-YP_009724390.1	GTT	V	GTC	V	551
NC_045512.2	23216	C	T	4827	2007	40	2	0	37	0.000414164	4829	0.890746	FALSE	S:cds-YP_009724390.1	CTT	L	TTT	F	552
NC_045512.2	23217	T	C	4753	1955	40	1	1	25	0.000210349	4754	1	FALSE	S:cds-YP_009724390.1	CTT	L	CCT	P	552
NC_045512.2	23218	T	G	4764	1956	40	1	0	25	0.000209864	4765	1	FALSE	S:cds-YP_009724390.1	CTT	L	CTG	L	552
NC_045512.2	23218	T	-A	4764	1956	40	1	0	20	0.000209864	4765	1	FALSE	NA	NA	NA	NA	NA	NA
NC_045512.2	23221	T	C	4655	1850	40	1	0	37	0.000214777	4656	0.9688	FALSE	S:cds-YP_009724390.1	ACT	T	ACC	T	553
NC_045512.2	23223	A	G	4579	1767	40	1	0	37	0.000218341	4580	0.968801	FALSE	S:cds-YP_009724390.1	GAG	E	GGG	G	554
NC_045512.2	23224	G	C	4542	1788	40	2	2	31	0.000440044	4545	0.890702	FALSE	S:cds-YP_009724390.1	GAG	E	GAC	D	554
NC_045512.2	23224	G	A	4542	1788	40	1	0	25	0.000220022	4545	1	FALSE	S:cds-YP_009724390.1	GAG	E	GAA	E	554
NC_045512.2	23226	C	T	4493	1796	39	1	1	74	0.000222469	4495	0.5	FALSE	S:cds-YP_009724390.1	TCT	S	TTT	F	555
NC_045512.2	23226	C	A	4493	1796	39	1	1	37	0.000222469	4495	0.968785	FALSE	S:cds-YP_009724390.1	TCT	S	TAT	Y	555
NC_045512.2	23227	T	C	4696	2071	40	1	0	37	0.000212902	4697	0.9688	FALSE	S:cds-YP_009724390.1	TCT	S	TCC	S	555
NC_045512.2	23228	A	G	4741	2143	40	1	0	37	0.000210881	4742	0.968799	FALSE	S:cds-YP_009724390.1	AAC	N	GAC	D	556
NC_045512.2	23230	C	-A	4735	2138	40	1	0	20	0.000211193	4735	1	FALSE	NA	NA	NA	NA	NA	NA
NC_045512.2	23234	A	G	4627	2142	40	1	1	25	0.000216076	4628	1	FALSE	S:cds-YP_009724390.1	AAG	K	GAG	E	558
NC_045512.2	23237	T	C	4604	2151	40	1	1	74	0.000217155	4605	0.500054	FALSE	S:cds-YP_009724390.1	TTT	F	CTT	L	559
NC_045512.2	23238	T	C	4614	2147	40	1	0	25	0.000216685	4615	1	FALSE	S:cds-YP_009724390.1	TTT	F	TCT	S	559
NC_045512.2	23239	T	C	4617	2148	39	1	0	37	0.000216544	4618	0.968801	FALSE	S:cds-YP_009724390.1	TTT	F	TTC	F	559
NC_045512.2	23240	C	T	4591	2171	40	1	0	37	0.00021777	4592	0.968801	FALSE	S:cds-YP_009724390.1	CTG	L	TTG	L	560
NC_045512.2	23242	G	C	4392	2344	39	1	0	25	0.000227635	4393	1	FALSE	S:cds-YP_009724390.1	CTG	L	CTC	L	560
NC_045512.2	23243	C	T	4374	2332	39	5	4	37	0.00114155	4380	0.5	FALSE	S:cds-YP_009724390.1	CCT	P	TCT	S	561
NC_045512.2	23243	C	G	4374	2332	39	1	1	37	0.000228311	4380	0.968714	FALSE	S:cds-YP_009724390.1	CCT	P	GCT	A	561
NC_045512.2	23244	C	-T	4385	2350	39	1	0	20	0.00022805	4385	1	FALSE	NA	NA	NA	NA	NA	NA
NC_045512.2	23245	T	A	4274	2237	39	1	1	37	0.000233918	4275	0.968787	FALSE	S:cds-YP_009724390.1	CCT	P	CCA	P	561
NC_045512.2	23246	T	C	4239	2221	38	1	0	37	0.000235849	4240	0.968805	FALSE	S:cds-YP_009724390.1	TTC	F	CTC	L	562
NC_045512.2	23247	T	C	4303	2267	39	1	1	37	0.000232342	4304	0.968804	FALSE	S:cds-YP_009724390.1	TTC	F	TCC	S	562
NC_045512.2	23249	C	A	4263	2274	38	2	1	31	0.000468933	4265	0.890762	FALSE	S:cds-YP_009724390.1	CAA	Q	AAA	K	563
NC_045512.2	23253	A	T	4233	2395	38	1	1	25	0.000236183	4234	1	FALSE	S:cds-YP_009724390.1	CAA	Q	CTA	L	564
NC_045512.2	23254	A	C	4040	2207	37	2	2	25	0.000494805	4042	1	FALSE	S:cds-YP_009724390.1	CAA	Q	CAC	H	564
NC_045512.2	23255	T	A	4136	2366	37	1	1	37	0.000241721	4137	0.968807	FALSE	S:cds-YP_009724390.1	TTT	F	ATT	I	565
NC_045512.2	23256	T	A	4179	2364	38	1	0	25	0.000239234	4180	1	FALSE	S:cds-YP_009724390.1	TTT	F	TAT	Y	565
NC_045512.2	23259	G	A	4436	2680	39	2	1	37	0.000450653	4438	0.890757	FALSE	S:cds-YP_009724390.1	GGC	G	GAC	D	566
NC_045512.2	23260	C	T	4509	2767	39	10	8	40	0.00221239	4520	0.000971707	TRUE	S:cds-YP_009724390.1	GGC	G	GGT	G	566
NC_045512.2	23260	C	A	4509	2767	39	1	1	25	0.000221239	4520	1	FALSE	S:cds-YP_009724390.1	GGC	G	GGA	G	566
NC_045512.2	23261	A	G	4449	2712	39	1	0	37	0.000224669	4451	0.968785	FALSE	S:cds-YP_009724390.1	AGA	R	GGA	G	567
NC_045512.2	23261	A	C	4449	2712	39	1	0	37	0.000224669	4451	0.968785	FALSE	S:cds-YP_009724390.1	AGA	R	CGA	R	567
NC_045512.2	23262	G	C	4448	2721	39	1	1	37	0.00022477	4449	0.968803	FALSE	S:cds-YP_009724390.1	AGA	R	ACA	T	567
NC_045512.2	23263	A	G	4703	2765	39	1	0	37	0.000212585	4704	0.9688	FALSE	S:cds-YP_009724390.1	AGA	R	AGG	R	567
NC_045512.2	23264	G	A	4741	2770	39	1	1	37	0.000210881	4742	0.968799	FALSE	S:cds-YP_009724390.1	GAC	D	AAC	N	568
NC_045512.2	23268	T	C	4606	2816	39	1	0	37	0.000217014	4608	0.968784	FALSE	S:cds-YP_009724390.1	ATT	I	ACT	T	569
NC_045512.2	23268	T	A	4606	2816	39	1	1	37	0.000217014	4608	0.968784	FALSE	S:cds-YP_009724390.1	ATT	I	AAT	N	569
NC_045512.2	23270	G	A	4674	2808	39	3	3	37	0.000641437	4677	0.773613	FALSE	S:cds-YP_009724390.1	GCT	A	ACT	T	570
NC_045512.2	23271	C	T	4682	2828	39	2	2	37	0.000426894	4685	0.8907	FALSE	S:cds-YP_009724390.1	GCT	A	GTT	V	570
NC_045512.2	23271	C	G	4682	2828	39	1	0	37	0.000213447	4685	0.968767	FALSE	S:cds-YP_009724390.1	GCT	A	GGT	G	570
NC_045512.2	23272	T	A	4665	2801	39	1	0	25	0.000214316	4666	1	FALSE	S:cds-YP_009724390.1	GCT	A	GCA	A	570
NC_045512.2	23273	G	T	4808	2984	39	1	0	37	0.000207943	4809	0.968799	FALSE	S:cds-YP_009724390.1	GAC	D	TAC	Y	571
NC_045512.2	23275	C	A	4891	2991	39	1	1	25	0.000204415	4892	1	FALSE	S:cds-YP_009724390.1	GAC	D	GAA	E	571
NC_045512.2	23276	A	G	4919	3038	39	2	1	37	0.000406421	4921	0.890744	FALSE	S:cds-YP_009724390.1	ACT	T	GCT	A	572
NC_045512.2	23276	A	+G	4919	3038	39	7	0	20	0.00142248	4921	1	FALSE	NA	NA	NA	NA	NA	NA
NC_045512.2	23278	T	C	5289	3024	39	1	1	25	0.000189036	5290	1	FALSE	S:cds-YP_009724390.1	ACT	T	ACC	T	572
NC_045512.2	23279	A	G	5319	2962	39	1	0	37	0.00018797	5320	0.984406	FALSE	S:cds-YP_009724390.1	ACT	T	GCT	A	573
NC_045512.2	23280	C	T	5393	3005	39	2	1	37	0.000370576	5397	0.93753	FALSE	S:cds-YP_009724390.1	ACT	T	ATT	I	573
NC_045512.2	23280	C	G	5393	3005	39	2	0	37	0.000370576	5397	0.93753	FALSE	S:cds-YP_009724390.1	ACT	T	AGT	S	573
NC_045512.2	23281	T	C	5587	3288	40	4	1	46	0.000715436	5591	0.0624888	FALSE	S:cds-YP_009724390.1	ACT	T	ACC	T	573
NC_045512.2	23283	A	T	5590	3258	40	1	1	37	0.000178827	5592	0.984396	FALSE	S:cds-YP_009724390.1	GAT	D	GTT	V	574
NC_045512.2	23283	A	G	5590	3258	40	1	1	37	0.000178827	5592	0.984396	FALSE	S:cds-YP_009724390.1	GAT	D	GGT	G	574
NC_045512.2	23285	G	T	5578	3241	40	1	0	25	0.000179179	5581	1	FALSE	S:cds-YP_009724390.1	GCT	A	TCT	S	575
NC_045512.2	23285	G	A	5578	3241	40	2	1	31	0.000358359	5581	0.937559	FALSE	S:cds-YP_009724390.1	GCT	A	ACT	T	575
NC_045512.2	23286	C	T	5136	2818	40	1	0	37	0.00019459	5139	0.984389	FALSE	S:cds-YP_009724390.1	GCT	A	GTT	V	575
NC_045512.2	23286	C	G	5136	2818	40	1	1	37	0.00019459	5139	0.984389	FALSE	S:cds-YP_009724390.1	GCT	A	GGT	G	575
NC_045512.2	23286	C	A	5136	2818	40	1	1	37	0.00019459	5139	0.984389	FALSE	S:cds-YP_009724390.1	GCT	A	GAT	D	575
NC_045512.2	23288	G	A	5094	2726	40	1	1	37	0.000196271	5095	0.984407	FALSE	S:cds-YP_009724390.1	GTC	V	ATC	I	576
NC_045512.2	23290	C	G	4952	2681	40	1	0	37	0.000201898	4953	0.968797	FALSE	S:cds-YP_009724390.1	GTC	V	GTG	V	576
NC_045512.2	23291	C	T	4932	2675	40	1	0	37	0.000202716	4933	0.968798	FALSE	S:cds-YP_009724390.1	CGT	R	TGT	C	577
NC_045512.2	23292	G	A	4937	2679	40	4	1	46	0.000809553	4941	0.0624873	FALSE	S:cds-YP_009724390.1	CGT	R	CAT	H	577
NC_045512.2	23293	T	C	4991	2736	40	1	1	37	0.000200321	4992	0.968797	FALSE	S:cds-YP_009724390.1	CGT	R	CGC	R	577
NC_045512.2	23294	G	A	4998	2730	40	2	1	37	0.0004	5000	0.937566	FALSE	S:cds-YP_009724390.1	GAT	D	AAT	N	578
NC_045512.2	23295	A	G	4972	2735	40	2	1	37	0.000402091	4974	0.890743	FALSE	S:cds-YP_009724390.1	GAT	D	GGT	G	578
NC_045512.2	23296	T	C	4893	2780	40	1	0	37	0.00020429	4895	0.968782	FALSE	S:cds-YP_009724390.1	GAT	D	GAC	D	578
NC_045512.2	23296	T	A	4893	2780	40	1	0	37	0.00020429	4895	0.968782	FALSE	S:cds-YP_009724390.1	GAT	D	GAA	E	578
NC_045512.2	23298	C	T	4804	2755	40	1	0	37	0.000208073	4806	0.968783	FALSE	S:cds-YP_009724390.1	CCA	P	CTA	L	579
NC_045512.2	23298	C	A	4804	2755	40	1	1	37	0.000208073	4806	0.968783	FALSE	S:cds-YP_009724390.1	CCA	P	CAA	Q	579
NC_045512.2	23299	A	T	4850	2797	40	1	1	20	0.000206143	4851	1	FALSE	S:cds-YP_009724390.1	CCA	P	CCT	P	579
NC_045512.2	23300	C	A	4870	2823	40	1	0	37	0.000205297	4871	0.968798	FALSE	S:cds-YP_009724390.1	CAG	Q	AAG	K	580
NC_045512.2	23301	A	T	4828	2811	40	2	1	31	0.000413907	4832	0.890649	FALSE	S:cds-YP_009724390.1	CAG	Q	CTG	L	580
NC_045512.2	23301	A	G	4828	2811	40	2	1	37	0.000413907	4832	0.890649	FALSE	S:cds-YP_009724390.1	CAG	Q	CGG	R	580
NC_045512.2	23302	G	A	4818	2813	40	1	0	37	0.000207512	4819	0.968799	FALSE	S:cds-YP_009724390.1	CAG	Q	CAA	Q	580
NC_045512.2	23302	G	-A	4818	2813	40	1	0	20	0.000207512	4819	1	FALSE	NA	NA	NA	NA	NA	NA
NC_045512.2	23303	A	G	4862	2874	40	1	1	37	0.000205634	4863	0.968782	FALSE	S:cds-YP_009724390.1	ACA	T	GCA	A	581
NC_045512.2	23307	T	A	4829	2897	39	1	0	37	0.000207039	4830	0.968799	FALSE	S:cds-YP_009724390.1	CTT	L	CAT	H	582
NC_045512.2	23308	T	C	4831	2895	39	3	0	37	0.000620604	4834	0.773607	FALSE	S:cds-YP_009724390.1	CTT	L	CTC	L	582
NC_045512.2	23309	G	T	4701	2931	39	2	0	37	0.00042526	4703	0.89075	FALSE	S:cds-YP_009724390.1	GAG	E	TAG	*	583
NC_045512.2	23310	A	G	5100	3421	40	1	0	37	0.00019604	5101	0.984407	FALSE	S:cds-YP_009724390.1	GAG	E	GGG	G	583
NC_045512.2	23312	A	G	5024	3485	40	1	1	37	0.000199005	5025	0.984408	FALSE	S:cds-YP_009724390.1	ATT	I	GTT	V	584
NC_045512.2	23313	T	C	4737	3229	39	4	0	34	0.000843704	4741	0.636892	FALSE	S:cds-YP_009724390.1	ATT	I	ACT	T	584
NC_045512.2	23314	T	C	4744	3259	40	1	0	37	0.000210748	4745	0.968799	FALSE	S:cds-YP_009724390.1	ATT	I	ATC	I	584
NC_045512.2	23315	C	A	4612	3232	39	1	1	37	0.000216779	4613	0.968801	FALSE	S:cds-YP_009724390.1	CTT	L	ATT	I	585
NC_045512.2	23316	T	C	4616	3235	39	1	0	25	0.000216591	4617	1	FALSE	S:cds-YP_009724390.1	CTT	L	CCT	P	585
NC_045512.2	23319	A	G	4841	3379	39	2	2	37	0.000412882	4844	0.890698	FALSE	S:cds-YP_009724390.1	GAC	D	GGC	G	586
NC_045512.2	23319	A	C	4841	3379	39	1	1	25	0.000206441	4844	1	FALSE	S:cds-YP_009724390.1	GAC	D	GCC	A	586
NC_045512.2	23323	T	G	5054	3664	40	1	1	37	0.000197824	5055	0.984407	FALSE	S:cds-YP_009724390.1	ATT	I	ATG	M	587
NC_045512.2	23324	A	G	5048	3661	40	3	2	49	0.000593942	5051	0.125	FALSE	S:cds-YP_009724390.1	ACA	T	GCA	A	588
NC_045512.2	23326	A	+G	5066	3712	40	1	0	20	0.000197394	5066	1	FALSE	NA	NA	NA	NA	NA	NA
NC_045512.2	23327	C	T	5165	3820	40	1	0	37	0.000193573	5166	0.984407	FALSE	S:cds-YP_009724390.1	CCA	P	TCA	S	589
NC_045512.2	23328	C	T	4822	3479	41	1	1	37	0.00020734	4823	0.968799	FALSE	S:cds-YP_009724390.1	CCA	P	CTA	L	589
NC_045512.2	23331	G	T	4868	3511	41	1	0	37	0.000205381	4869	0.968798	FALSE	S:cds-YP_009724390.1	TGT	C	TTT	F	590
NC_045512.2	23333	T	G	4848	3518	41	1	1	37	0.000206186	4850	0.968782	FALSE	S:cds-YP_009724390.1	TCT	S	GCT	A	591
NC_045512.2	23333	T	C	4848	3518	41	1	1	37	0.000206186	4850	0.968782	FALSE	S:cds-YP_009724390.1	TCT	S	CCT	P	591
NC_045512.2	23334	C	-T	4878	3513	41	1	0	20	0.000205002	4878	1	FALSE	NA	NA	NA	NA	NA	NA
NC_045512.2	23335	T	C	4856	3502	41	1	1	37	0.000205888	4857	0.968782	FALSE	S:cds-YP_009724390.1	TCT	S	TCC	S	591
NC_045512.2	23336	T	G	4803	3522	40	1	1	37	0.00020816	4804	0.968799	FALSE	S:cds-YP_009724390.1	TTT	F	GTT	V	592
NC_045512.2	23341	T	C	4859	3496	41	1	1	37	0.000205761	4860	0.968798	FALSE	S:cds-YP_009724390.1	GGT	G	GGC	G	593
NC_045512.2	23345	G	A	4834	3450	41	1	1	37	0.000206825	4835	0.968798	FALSE	S:cds-YP_009724390.1	GTC	V	ATC	I	595
NC_045512.2	23346	T	C	4829	3441	41	3	2	37	0.000620861	4832	0.773607	FALSE	S:cds-YP_009724390.1	GTC	V	GCC	A	595
NC_045512.2	23347	C	T	4845	3466	42	2	2	37	0.000412541	4848	0.890698	FALSE	S:cds-YP_009724390.1	GTC	V	GTT	V	595
NC_045512.2	23347	C	A	4845	3466	42	1	1	25	0.000206271	4848	1	FALSE	S:cds-YP_009724390.1	GTC	V	GTA	V	595
NC_045512.2	23350	T	G	5049	3689	42	1	1	37	0.00019802	5050	0.984407	FALSE	S:cds-YP_009724390.1	AGT	S	AGG	R	596
NC_045512.2	23351	G	A	5050	3674	42	3	2	45	0.000593707	5053	0.125	FALSE	S:cds-YP_009724390.1	GTT	V	ATT	I	597
NC_045512.2	23353	T	C	4930	3604	43	1	0	37	0.000202799	4931	0.968798	FALSE	S:cds-YP_009724390.1	GTT	V	GTC	V	597
NC_045512.2	23354	A	G	5163	3942	44	1	1	37	0.000193611	5165	0.984398	FALSE	S:cds-YP_009724390.1	ATA	I	GTA	V	598
NC_045512.2	23354	A	C	5163	3942	44	1	0	37	0.000193611	5165	0.984398	FALSE	S:cds-YP_009724390.1	ATA	I	CTA	L	598
NC_045512.2	23355	T	C	5148	3948	44	2	1	49	0.000388274	5151	0.249976	FALSE	S:cds-YP_009724390.1	ATA	I	ACA	T	598
NC_045512.2	23355	T	A	5148	3948	44	1	0	25	0.000194137	5151	1	FALSE	S:cds-YP_009724390.1	ATA	I	AAA	K	598
NC_045512.2	23356	A	G	5135	3929	44	1	1	25	0.000194704	5136	1	FALSE	S:cds-YP_009724390.1	ATA	I	ATG	M	598
NC_045512.2	23357	A	G	5150	3969	44	2	1	31	0.000388199	5152	0.937596	FALSE	S:cds-YP_009724390.1	ACA	T	GCA	A	599
NC_045512.2	23358	C	T	5099	3909	44	1	1	74	0.00019604	5101	0.5	FALSE	S:cds-YP_009724390.1	ACA	T	ATA	I	599
NC_045512.2	23358	C	A	5099	3909	44	1	1	37	0.00019604	5101	0.984398	FALSE	S:cds-YP_009724390.1	ACA	T	AAA	K	599
NC_045512.2	23359	A	C	5040	4018	46	1	1	37	0.000198373	5041	0.984408	FALSE	S:cds-YP_009724390.1	ACA	T	ACC	T	599
NC_045512.2	23360	C	A	5034	4019	46	1	0	37	0.00019861	5035	0.984408	FALSE	S:cds-YP_009724390.1	CCA	P	ACA	T	600
NC_045512.2	23362	A	G	4924	3917	46	1	1	37	0.000203046	4925	0.968798	FALSE	S:cds-YP_009724390.1	CCA	P	CCG	P	600
NC_045512.2	23363	G	T	5072	4147	47	1	1	37	0.000197122	5073	0.984407	FALSE	S:cds-YP_009724390.1	GGA	G	TGA	*	601
NC_045512.2	23367	C	G	5059	4172	46	1	1	37	0.000197589	5061	0.984398	FALSE	S:cds-YP_009724390.1	ACA	T	AGA	R	602
NC_045512.2	23367	C	A	5059	4172	46	1	1	74	0.000197589	5061	0.5	FALSE	S:cds-YP_009724390.1	ACA	T	AAA	K	602
NC_045512.2	23369	A	T	4966	4103	46	1	1	37	0.000201288	4968	0.968781	FALSE	S:cds-YP_009724390.1	AAT	N	TAT	Y	603
NC_045512.2	23369	A	G	4966	4103	46	1	1	37	0.000201288	4968	0.968781	FALSE	S:cds-YP_009724390.1	AAT	N	GAT	D	603
NC_045512.2	23370	A	G	4942	4087	45	1	1	37	0.000202224	4945	0.968766	FALSE	S:cds-YP_009724390.1	AAT	N	AGT	S	603
NC_045512.2	23370	A	C	4942	4087	45	2	2	31	0.000404449	4945	0.890696	FALSE	S:cds-YP_009724390.1	AAT	N	ACT	T	603
NC_045512.2	23373	C	T	4958	4127	46	1	1	37	0.000201654	4959	0.968797	FALSE	S:cds-YP_009724390.1	ACT	T	ATT	I	604
NC_045512.2	23374	T	C	4689	3866	46	1	1	37	0.00021322	4690	0.9688	FALSE	S:cds-YP_009724390.1	ACT	T	ACC	T	604
NC_045512.2	23375	T	C	4719	3919	46	3	2	45	0.000635324	4722	0.125	FALSE	S:cds-YP_009724390.1	TCT	S	CCT	P	605
NC_045512.2	23377	T	C	4562	3790	45	2	1	37	0.000438212	4564	0.890753	FALSE	S:cds-YP_009724390.1	TCT	S	TCC	S	605
NC_045512.2	23378	A	T	4599	4011	43	1	1	37	0.000217344	4601	0.968784	FALSE	S:cds-YP_009724390.1	AAC	N	TAC	Y	606
NC_045512.2	23378	A	G	4599	4011	43	1	1	37	0.000217344	4601	0.968784	FALSE	S:cds-YP_009724390.1	AAC	N	GAC	D	606
NC_045512.2	23379	A	T	4486	3907	42	1	1	25	0.000222816	4488	1	FALSE	S:cds-YP_009724390.1	AAC	N	ATC	I	606
NC_045512.2	23379	A	C	4486	3907	42	1	1	37	0.000222816	4488	0.968785	FALSE	S:cds-YP_009724390.1	AAC	N	ACC	T	606
NC_045512.2	23380	C	T	4635	4095	43	1	1	37	0.000215703	4636	0.968801	FALSE	S:cds-YP_009724390.1	AAC	N	AAT	N	606
NC_045512.2	23386	T	A	4220	3719	42	1	1	37	0.000236911	4221	0.968806	FALSE	S:cds-YP_009724390.1	GTT	V	GTA	V	608
NC_045512.2	23388	C	T	4192	3699	42	2	1	42	0.000476758	4195	0.24997	FALSE	S:cds-YP_009724390.1	GCT	A	GTT	V	609
NC_045512.2	23388	C	A	4192	3699	42	1	1	37	0.000238379	4195	0.968769	FALSE	S:cds-YP_009724390.1	GCT	A	GAT	D	609
NC_045512.2	23389	T	C	4203	3728	42	1	1	37	0.000237869	4204	0.968806	FALSE	S:cds-YP_009724390.1	GCT	A	GCC	A	609
NC_045512.2	23390	G	T	4219	3737	42	1	1	25	0.000236967	4220	1	FALSE	S:cds-YP_009724390.1	GTT	V	TTT	F	610
NC_045512.2	23392	T	A	4118	3645	41	1	0	25	0.000242777	4119	1	FALSE	S:cds-YP_009724390.1	GTT	V	GTA	V	610
NC_045512.2	23394	T	C	4092	3630	42	1	1	37	0.00024432	4093	0.968807	FALSE	S:cds-YP_009724390.1	CTT	L	CCT	P	611
NC_045512.2	23399	C	T	4050	3622	42	1	1	37	0.000246792	4052	0.968789	FALSE	S:cds-YP_009724390.1	CAG	Q	TAG	*	613
NC_045512.2	23399	C	A	4050	3622	42	1	1	37	0.000246792	4052	0.968789	FALSE	S:cds-YP_009724390.1	CAG	Q	AAG	K	613
NC_045512.2	23400	A	T	3915	3486	41	1	1	37	0.000255363	3916	0.93758	FALSE	S:cds-YP_009724390.1	CAG	Q	CTG	L	613
NC_045512.2	23401	G	T	3970	3542	42	1	0	74	0.000251826	3971	0.500063	FALSE	S:cds-YP_009724390.1	CAG	Q	CAT	H	613
NC_045512.2	23402	G	T	3935	3507	42	1	1	37	0.000253678	3942	0.937389	FALSE	S:cds-YP_009724390.1	GAT	D	TAT	Y	614
NC_045512.2	23402	G	A	3935	3507	42	6	5	37	0.00152207	3942	0.253781	FALSE	S:cds-YP_009724390.1	GAT	D	AAT	N	614
NC_045512.2	23403	A	G	1	1	37	3953	3525	42	0.999747	3954	0	TRUE	S:cds-YP_009724390.1	GAT	D	GGT	G	614
NC_045512.2	23406	T	C	3793	3449	41	1	1	37	0.000263505	3795	0.937549	FALSE	S:cds-YP_009724390.1	GTT	V	GCT	A	615
NC_045512.2	23406	T	A	3793	3449	41	1	1	37	0.000263505	3795	0.937549	FALSE	S:cds-YP_009724390.1	GTT	V	GAT	D	615
NC_045512.2	23407	T	A	3795	3473	40	1	1	25	0.000263435	3796	1	FALSE	S:cds-YP_009724390.1	GTT	V	GTA	V	615
NC_045512.2	23411	T	A	3172	2852	41	1	1	37	0.000315159	3173	0.937598	FALSE	S:cds-YP_009724390.1	TGC	C	AGC	S	617
NC_045512.2	23412	G	A	3164	2846	41	10	10	37	0.0031506	3174	0.0460325	FALSE	S:cds-YP_009724390.1	TGC	C	TAC	Y	617
NC_045512.2	23414	A	T	3092	2789	41	1	1	25	0.000323311	3093	1	FALSE	S:cds-YP_009724390.1	ACA	T	TCA	S	618
NC_045512.2	23417	G	T	3059	2764	41	1	1	37	0.000326691	3061	0.937561	FALSE	S:cds-YP_009724390.1	GAA	E	TAA	*	619
NC_045512.2	23417	G	A	3059	2764	41	1	1	37	0.000326691	3061	0.937561	FALSE	S:cds-YP_009724390.1	GAA	E	AAA	K	619
NC_045512.2	23418	A	T	3047	2753	41	1	1	37	0.000328084	3048	0.937603	FALSE	S:cds-YP_009724390.1	GAA	E	GTA	V	619
NC_045512.2	23419	A	G	2894	2611	41	1	1	25	0.000345304	2896	1	FALSE	S:cds-YP_009724390.1	GAA	E	GAG	E	619
NC_045512.2	23419	A	C	2894	2611	41	1	0	37	0.000345304	2896	0.875065	FALSE	S:cds-YP_009724390.1	GAA	E	GAC	D	619
NC_045512.2	23422	C	T	2531	2325	40	1	1	37	0.000394945	2532	0.875148	FALSE	S:cds-YP_009724390.1	GTC	V	GTT	V	620
NC_045512.2	23424	C	T	2486	2284	40	1	0	74	0.000402091	2487	0.500101	FALSE	S:cds-YP_009724390.1	CCT	P	CTT	L	621
NC_045512.2	23425	T	C	2468	2273	39	2	1	55	0.000809717	2470	0.250051	FALSE	S:cds-YP_009724390.1	CCT	P	CCC	P	621
NC_045512.2	23431	T	-A	2188	2018	39	1	0	20	0.000457038	2188	1	FALSE	NA	NA	NA	NA	NA	NA
NC_045512.2	23433	T	C	2132	1970	39	1	0	37	0.000468823	2133	0.875176	FALSE	S:cds-YP_009724390.1	ATT	I	ACT	T	624
NC_045512.2	23439	C	T	2064	1917	39	4	3	46	0.00193424	2068	0.0624697	FALSE	S:cds-YP_009724390.1	GCA	A	GTA	V	626
NC_045512.2	23440	A	G	2021	1878	39	1	1	37	0.00049456	2022	0.875185	FALSE	S:cds-YP_009724390.1	GCA	A	GCG	A	626
NC_045512.2	23443	T	C	2017	1880	39	2	2	37	0.000990589	2019	0.687779	FALSE	S:cds-YP_009724390.1	GAT	D	GAC	D	627
NC_045512.2	23507	T	C	52	43	43	1	1	37	0.0188679	53	0.504762	FALSE	S:cds-YP_009724390.1	TGT	C	CGT	R	649
NC_045512.2	23525	C	T	0	0	0	52	47	43	1	52	1.26337e-30	TRUE	S:cds-YP_009724390.1	CAT	H	TAT	Y	655
NC_045512.2	23566	A	G	31	29	42	1	1	37	0.03125	32	0.507937	FALSE	S:cds-YP_009724390.1	GCA	A	GCG	A	668
NC_045512.2	23596	T	A	1854	67	37	1	0	25	0.000539084	1855	0.999998	FALSE	S:cds-YP_009724390.1	ACT	T	ACA	T	678
NC_045512.2	23599	T	G	0	0	0	1928	69	37	0.999482	1929	0	TRUE	S:cds-YP_009724390.1	AAT	N	AAG	K	679
NC_045512.2	23599	T	A	0	0	0	1	0	37	0.000518403	1929	0.00103681	TRUE	S:cds-YP_009724390.1	AAT	N	AAA	K	679
NC_045512.2	23604	C	G	0	0	0	2	1	37	0.00101215	1976	1.53588e-06	TRUE	S:cds-YP_009724390.1	CCT	P	CGT	R	681
NC_045512.2	23604	C	A	0	0	0	1974	124	38	0.998988	1976	0	TRUE	S:cds-YP_009724390.1	CCT	P	CAT	H	681
NC_045512.2	23607	G	A	1976	121	39	1	0	37	0.000505817	1977	0.75019	FALSE	S:cds-YP_009724390.1	CGG	R	CAG	Q	682
NC_045512.2	23609	C	T	1977	118	39	3	1	49	0.00151515	1980	0.125	FALSE	S:cds-YP_009724390.1	CGG	R	TGG	W	683
NC_045512.2	23611	G	A	2159	120	38	1	0	37	0.000462963	2160	0.875174	FALSE	S:cds-YP_009724390.1	CGG	R	CGA	R	683
NC_045512.2	23612	G	A	2171	121	38	1	0	37	0.000460405	2172	0.875173	FALSE	S:cds-YP_009724390.1	GCA	A	ACA	T	684
NC_045512.2	23613	C	T	2212	132	39	1	0	37	0.000451671	2214	0.875085	FALSE	S:cds-YP_009724390.1	GCA	A	GTA	V	684
NC_045512.2	23613	C	G	2212	132	39	1	1	37	0.000451671	2214	0.875085	FALSE	S:cds-YP_009724390.1	GCA	A	GGA	G	684
NC_045512.2	23615	C	G	2250	131	39	1	1	37	0.000444247	2251	0.875167	FALSE	S:cds-YP_009724390.1	CGT	R	GGT	G	685
NC_045512.2	23616	G	A	2276	133	38	4	1	46	0.00175439	2280	0.0624726	FALSE	S:cds-YP_009724390.1	CGT	R	CAT	H	685
NC_045512.2	23619	G	A	2557	136	38	2	0	37	0.000781555	2559	0.68772	FALSE	S:cds-YP_009724390.1	AGT	S	AAT	N	686
NC_045512.2	23628	G	C	2684	198	40	1	0	37	0.000372439	2685	0.87514	FALSE	S:cds-YP_009724390.1	AGT	S	ACT	T	689
NC_045512.2	23632	A	G	2799	211	40	1	0	37	0.000357143	2800	0.875134	FALSE	S:cds-YP_009724390.1	CAA	Q	CAG	Q	690
NC_045512.2	23633	T	C	2801	226	40	1	0	74	0.000356888	2802	0.500089	FALSE	S:cds-YP_009724390.1	TCC	S	CCC	P	691
NC_045512.2	23635	C	T	2827	225	40	1	0	25	0.000353607	2828	1	FALSE	S:cds-YP_009724390.1	TCC	S	TCT	S	691
NC_045512.2	23637	T	C	2870	225	40	2	0	31	0.000696379	2872	0.687696	FALSE	S:cds-YP_009724390.1	ATC	I	ACC	T	692
NC_045512.2	23638	C	T	2887	228	40	2	0	37	0.000692281	2889	0.687695	FALSE	S:cds-YP_009724390.1	ATC	I	ATT	I	692
NC_045512.2	23640	T	C	2893	229	39	1	0	37	0.000345543	2894	0.87513	FALSE	S:cds-YP_009724390.1	ATT	I	ACT	T	693
NC_045512.2	23642	G	A	3244	240	40	3	0	37	0.00092393	3247	0.656467	FALSE	S:cds-YP_009724390.1	GCC	A	ACC	T	694
NC_045512.2	23643	C	G	3267	238	40	1	0	37	0.000305998	3268	0.937596	FALSE	S:cds-YP_009724390.1	GCC	A	GGC	G	694
NC_045512.2	23644	C	T	3258	241	40	1	0	37	0.000306748	3260	0.937558	FALSE	S:cds-YP_009724390.1	GCC	A	GCT	A	694
NC_045512.2	23644	C	A	3258	241	40	1	0	37	0.000306748	3260	0.937558	FALSE	S:cds-YP_009724390.1	GCC	A	GCA	A	694
NC_045512.2	23644	C	-T	3258	241	40	1	0	20	0.000306748	3260	1	FALSE	NA	NA	NA	NA	NA	NA
NC_045512.2	23648	A	+G	3488	297	40	2	0	20	0.000573394	3488	1	FALSE	NA	NA	NA	NA	NA	NA
NC_045512.2	23650	T	G	3639	309	40	1	0	29	0.000274574	3642	1	FALSE	S:cds-YP_009724390.1	ACT	T	ACG	T	696
NC_045512.2	23650	T	C	3639	309	40	2	0	37	0.000549149	3642	0.812586	FALSE	S:cds-YP_009724390.1	ACT	T	ACC	T	696
NC_045512.2	23653	G	A	4011	322	40	1	0	37	0.000249252	4012	0.968808	FALSE	S:cds-YP_009724390.1	ATG	M	ATA	I	697
NC_045512.2	23654	T	C	4014	323	40	1	0	37	0.000249066	4015	0.968808	FALSE	S:cds-YP_009724390.1	TCA	S	CCA	P	698
NC_045512.2	23655	C	T	4045	330	41	1	1	74	0.000247158	4046	0.500062	FALSE	S:cds-YP_009724390.1	TCA	S	TTA	L	698
NC_045512.2	23656	A	G	4050	330	41	1	0	37	0.000246853	4051	0.968808	FALSE	S:cds-YP_009724390.1	TCA	S	TCG	S	698
NC_045512.2	23660	G	T	4048	446	43	1	0	37	0.000246975	4049	0.968808	FALSE	S:cds-YP_009724390.1	GGT	G	TGT	C	700
NC_045512.2	23661	G	A	4074	449	43	1	0	37	0.000245399	4075	0.968808	FALSE	S:cds-YP_009724390.1	GGT	G	GAT	D	700
NC_045512.2	23662	T	C	4075	449	43	2	1	49	0.000490557	4077	0.250031	FALSE	S:cds-YP_009724390.1	GGT	G	GGC	G	700
NC_045512.2	23663	G	A	4086	472	43	2	1	55	0.000489237	4088	0.250031	FALSE	S:cds-YP_009724390.1	GCA	A	ACA	T	701
NC_045512.2	23664	C	T	3472	408	43	613	74	43	0.150061	4085	5.14536e-196	TRUE	S:cds-YP_009724390.1	GCA	A	GTA	V	701
NC_045512.2	23665	A	G	4092	486	43	2	0	37	0.00048852	4094	0.890768	FALSE	S:cds-YP_009724390.1	GCA	A	GCG	A	701
NC_045512.2	23666	G	-A	4064	488	43	1	0	20	0.000246063	4064	1	FALSE	NA	NA	NA	NA	NA	NA
NC_045512.2	23671	T	G	4161	609	45	1	0	20	0.000240154	4164	1	FALSE	S:cds-YP_009724390.1	AAT	N	AAG	K	703
NC_045512.2	23671	T	A	4161	609	45	2	0	37	0.000480307	4164	0.890709	FALSE	S:cds-YP_009724390.1	AAT	N	AAA	K	703
NC_045512.2	23672	T	C	4162	615	45	1	0	37	0.000240154	4164	0.968788	FALSE	S:cds-YP_009724390.1	TCA	S	CCA	P	704
NC_045512.2	23672	T	A	4162	615	45	1	0	22	0.000240154	4164	1	FALSE	S:cds-YP_009724390.1	TCA	S	ACA	T	704
NC_045512.2	23674	A	G	4169	661	46	3	1	70	0.00071908	4172	0.125	FALSE	S:cds-YP_009724390.1	TCA	S	TCG	S	704
NC_045512.2	23679	C	T	4148	825	47	2	0	42	0.000481928	4150	0.25003	FALSE	S:cds-YP_009724390.1	GCT	A	GTT	V	706
NC_045512.2	23679	C	-T	4148	825	47	1	0	20	0.000240964	4150	1	FALSE	NA	NA	NA	NA	NA	NA
NC_045512.2	23680	T	C	3957	906	46	1	1	37	0.000252653	3958	0.937547	FALSE	S:cds-YP_009724390.1	GCT	A	GCC	A	706
NC_045512.2	23681	T	G	3972	911	46	2	0	37	0.000503271	3974	0.812657	FALSE	S:cds-YP_009724390.1	TAC	Y	GAC	D	707
NC_045512.2	23684	T	C	4047	997	47	3	0	44	0.000740741	4050	0.125	FALSE	S:cds-YP_009724390.1	TCT	S	CCT	P	708
NC_045512.2	23686	T	C	4185	999	47	1	0	37	0.000238777	4188	0.968769	FALSE	S:cds-YP_009724390.1	TCT	S	TCC	S	708
NC_045512.2	23686	T	A	4185	999	47	2	1	55	0.000477555	4188	0.24997	FALSE	S:cds-YP_009724390.1	TCT	S	TCA	S	708
NC_045512.2	23688	A	G	4005	1223	46	2	0	37	0.000499127	4007	0.890771	FALSE	S:cds-YP_009724390.1	AAT	N	AGT	S	709
NC_045512.2	23690	A	G	4094	1414	48	2	2	37	0.000488281	4096	0.890768	FALSE	S:cds-YP_009724390.1	AAC	N	GAC	D	710
NC_045512.2	23691	A	G	4099	1422	48	7	7	37	0.00170482	4106	0.274414	FALSE	S:cds-YP_009724390.1	AAC	N	AGC	S	710
NC_045512.2	23692	C	G	4328	1446	48	1	0	37	0.000231	4329	0.968804	FALSE	S:cds-YP_009724390.1	AAC	N	AAG	K	710
NC_045512.2	23693	T	C	4359	1529	48	2	1	37	0.000458505	4362	0.890706	FALSE	S:cds-YP_009724390.1	TCT	S	CCT	P	711
NC_045512.2	23693	T	A	4359	1529	48	1	0	25	0.000229253	4362	1	FALSE	S:cds-YP_009724390.1	TCT	S	ACT	T	711
NC_045512.2	23694	C	T	4092	1715	45	1	0	37	0.00024432	4093	0.968807	FALSE	S:cds-YP_009724390.1	TCT	S	TTT	F	711
NC_045512.2	23695	T	C	4110	1739	45	1	1	37	0.00024325	4111	0.968807	FALSE	S:cds-YP_009724390.1	TCT	S	TCC	S	711
NC_045512.2	23697	T	C	4053	1694	44	1	0	22	0.00024667	4054	1	FALSE	S:cds-YP_009724390.1	ATT	I	ACT	T	712
NC_045512.2	23698	T	C	4088	1729	45	1	0	37	0.000244559	4089	0.968807	FALSE	S:cds-YP_009724390.1	ATT	I	ATC	I	712
NC_045512.2	23699	G	T	4122	1750	45	1	0	25	0.000242542	4123	1	FALSE	S:cds-YP_009724390.1	GCC	A	TCC	S	713
NC_045512.2	23700	C	T	4117	1750	44	1	0	74	0.000242777	4119	0.5	FALSE	S:cds-YP_009724390.1	GCC	A	GTC	V	713
NC_045512.2	23700	C	A	4117	1750	44	1	1	37	0.000242777	4119	0.968788	FALSE	S:cds-YP_009724390.1	GCC	A	GAC	D	713
NC_045512.2	23706	C	A	4044	1692	45	1	0	37	0.000247219	4045	0.968808	FALSE	S:cds-YP_009724390.1	CCC	P	CAC	H	715
NC_045512.2	23707	C	A	4065	1712	45	1	1	37	0.000245942	4066	0.968808	FALSE	S:cds-YP_009724390.1	CCC	P	CCA	P	715
NC_045512.2	23709	C	T	4077	1742	45	1	0	37	0.000245218	4078	0.968807	FALSE	S:cds-YP_009724390.1	ACA	T	ATA	I	716
NC_045512.2	23710	A	G	4069	1753	45	2	0	55	0.00049128	4071	0.250031	FALSE	S:cds-YP_009724390.1	ACA	T	ACG	T	716
NC_045512.2	23713	T	C	3959	1833	44	1	1	37	0.000252525	3960	0.937579	FALSE	S:cds-YP_009724390.1	AAT	N	AAC	N	717
NC_045512.2	23714	T	C	3907	1782	44	1	0	37	0.000255885	3908	0.93758	FALSE	S:cds-YP_009724390.1	TTT	F	CTT	L	718
NC_045512.2	23715	T	A	3935	1809	44	1	0	25	0.000254065	3936	1	FALSE	S:cds-YP_009724390.1	TTT	F	TAT	Y	718
NC_045512.2	23717	A	T	3980	1896	44	1	1	20	0.00025113	3982	1	FALSE	S:cds-YP_009724390.1	ACT	T	TCT	S	719
NC_045512.2	23717	A	G	3980	1896	44	1	1	37	0.00025113	3982	0.937547	FALSE	S:cds-YP_009724390.1	ACT	T	GCT	A	719
NC_045512.2	23718	C	T	4041	1936	43	1	1	37	0.000247402	4042	0.968808	FALSE	S:cds-YP_009724390.1	ACT	T	ATT	I	719
NC_045512.2	23719	T	C	4039	1965	43	1	0	37	0.000247525	4040	0.968808	FALSE	S:cds-YP_009724390.1	ACT	T	ACC	T	719
NC_045512.2	23722	T	C	3964	1947	43	1	0	37	0.000252143	3966	0.937547	FALSE	S:cds-YP_009724390.1	ATT	I	ATC	I	720
NC_045512.2	23722	T	A	3964	1947	43	1	0	25	0.000252143	3966	1	FALSE	S:cds-YP_009724390.1	ATT	I	ATA	I	720
NC_045512.2	23724	G	A	4094	2019	43	1	0	74	0.0002442	4095	0.500061	FALSE	S:cds-YP_009724390.1	AGT	S	AAT	N	721
NC_045512.2	23725	T	C	4104	2034	43	1	0	37	0.000243605	4105	0.968807	FALSE	S:cds-YP_009724390.1	AGT	S	AGC	S	721
NC_045512.2	23726	G	A	4105	2028	43	1	1	37	0.000243546	4106	0.968807	FALSE	S:cds-YP_009724390.1	GTT	V	ATT	I	722
NC_045512.2	23728	T	C	3959	1945	43	1	0	37	0.000252525	3960	0.937579	FALSE	S:cds-YP_009724390.1	GTT	V	GTC	V	722
NC_045512.2	23729	A	T	3960	1944	43	1	1	37	0.000252461	3961	0.937579	FALSE	S:cds-YP_009724390.1	ACC	T	TCC	S	723
NC_045512.2	23729	A	-C	3960	1944	43	2	0	20	0.000504923	3961	1	FALSE	NA	NA	NA	NA	NA	NA
NC_045512.2	23730	C	A	3951	1942	43	1	1	37	0.000253036	3952	0.937516	FALSE	S:cds-YP_009724390.1	ACC	T	AAC	N	723
NC_045512.2	23731	C	T	3935	1944	43	1	1	37	0.000253936	3938	0.937516	FALSE	S:cds-YP_009724390.1	ACC	T	ACT	T	723
NC_045512.2	23731	C	A	3935	1944	43	2	2	74	0.000507872	3938	0.249968	FALSE	S:cds-YP_009724390.1	ACC	T	ACA	T	723
NC_045512.2	23733	C	T	3920	1988	43	1	1	37	0.000255037	3921	0.93758	FALSE	S:cds-YP_009724390.1	ACA	T	ATA	I	724
NC_045512.2	23735	G	-A	3866	1997	43	1	0	20	0.000258665	3866	1	FALSE	NA	NA	NA	NA	NA	NA
NC_045512.2	23739	T	C	3939	1990	42	1	0	37	0.000253807	3940	0.937579	FALSE	S:cds-YP_009724390.1	ATT	I	ACT	T	726
NC_045512.2	23743	A	G	3804	2098	41	1	1	37	0.000262812	3805	0.937582	FALSE	S:cds-YP_009724390.1	CTA	L	CTG	L	727
NC_045512.2	23744	C	T	3823	2129	41	3	3	37	0.000784109	3826	0.656434	FALSE	S:cds-YP_009724390.1	CCA	P	TCA	S	728
NC_045512.2	23746	A	C	3768	2082	41	1	0	37	0.000265322	3769	0.937583	FALSE	S:cds-YP_009724390.1	CCA	P	CCC	P	728
NC_045512.2	23747	G	+C	3708	2119	41	2	0	20	0.000539374	3708	1	FALSE	NA	NA	NA	NA	NA	NA
NC_045512.2	23750	T	A	3686	2140	39	1	0	25	0.000271223	3687	1	FALSE	S:cds-YP_009724390.1	TCT	S	ACT	T	730
NC_045512.2	23751	C	T	3625	2089	39	1	0	37	0.000275786	3626	0.937586	FALSE	S:cds-YP_009724390.1	TCT	S	TTT	F	730
NC_045512.2	23752	T	C	3523	2168	38	2	2	37	0.000567376	3525	0.812677	FALSE	S:cds-YP_009724390.1	TCT	S	TCC	S	730
NC_045512.2	23754	T	C	3825	2586	40	1	1	37	0.000261301	3827	0.937549	FALSE	S:cds-YP_009724390.1	ATG	M	ACG	T	731
NC_045512.2	23754	T	A	3825	2586	40	1	1	37	0.000261301	3827	0.937549	FALSE	S:cds-YP_009724390.1	ATG	M	AAG	K	731
NC_045512.2	23756	A	G	4089	2876	41	1	1	37	0.000244499	4090	0.968807	FALSE	S:cds-YP_009724390.1	ACC	T	GCC	A	732
NC_045512.2	23758	C	T	3894	2678	41	1	1	37	0.000256739	3895	0.93758	FALSE	S:cds-YP_009724390.1	ACC	T	ACT	T	732
NC_045512.2	23759	A	T	3890	2666	41	2	2	31	0.000513875	3892	0.812661	FALSE	S:cds-YP_009724390.1	AAG	K	TAG	*	733
NC_045512.2	23760	A	T	3858	2631	41	1	1	37	0.000259134	3859	0.937581	FALSE	S:cds-YP_009724390.1	AAG	K	ATG	M	733
NC_045512.2	23763	C	A	3986	2665	41	1	1	37	0.000250815	3987	0.937578	FALSE	S:cds-YP_009724390.1	ACA	T	AAA	K	734
NC_045512.2	23765	T	A	3985	2644	41	2	0	37	0.00050163	3987	0.812657	FALSE	S:cds-YP_009724390.1	TCA	S	ACA	T	735
NC_045512.2	23766	C	T	4004	2667	41	1	0	37	0.000249688	4005	0.968809	FALSE	S:cds-YP_009724390.1	TCA	S	TTA	L	735
NC_045512.2	23767	A	G	3990	2671	41	1	1	37	0.000250564	3991	0.937578	FALSE	S:cds-YP_009724390.1	TCA	S	TCG	S	735
NC_045512.2	23768	G	A	4000	2668	41	2	1	49	0.00049975	4002	0.250031	FALSE	S:cds-YP_009724390.1	GTA	V	ATA	I	736
NC_045512.2	23770	A	G	4070	2651	41	1	0	37	0.00024564	4071	0.968808	FALSE	S:cds-YP_009724390.1	GTA	V	GTG	V	736
NC_045512.2	23771	G	T	4095	2723	41	1	0	25	0.000244141	4096	1	FALSE	S:cds-YP_009724390.1	GAT	D	TAT	Y	737
NC_045512.2	23775	G	T	3943	2511	41	1	0	37	0.000253421	3946	0.937516	FALSE	S:cds-YP_009724390.1	TGT	C	TTT	F	738
NC_045512.2	23775	G	A	3943	2511	41	2	1	31	0.000506842	3946	0.812579	FALSE	S:cds-YP_009724390.1	TGT	C	TAT	Y	738
NC_045512.2	23777	A	G	3991	2581	42	1	0	37	0.000250501	3992	0.937578	FALSE	S:cds-YP_009724390.1	ACA	T	GCA	A	739
NC_045512.2	23778	C	T	3961	2571	42	2	2	37	0.000504668	3963	0.812658	FALSE	S:cds-YP_009724390.1	ACA	T	ATA	I	739
NC_045512.2	23779	A	+G	3683	2353	41	4	0	20	0.00108607	3683	1	FALSE	NA	NA	NA	NA	NA	NA
NC_045512.2	23780	A	C	3669	2265	41	1	1	25	0.00027248	3670	1	FALSE	S:cds-YP_009724390.1	ATG	M	CTG	L	740
NC_045512.2	23782	G	T	3963	2487	42	1	1	37	0.000252207	3965	0.937547	FALSE	S:cds-YP_009724390.1	ATG	M	ATT	I	740
NC_045512.2	23782	G	A	3963	2487	42	1	1	37	0.000252207	3965	0.937547	FALSE	S:cds-YP_009724390.1	ATG	M	ATA	I	740
NC_045512.2	23783	T	C	3964	2501	42	3	1	37	0.000756239	3967	0.656427	FALSE	S:cds-YP_009724390.1	TAC	Y	CAC	H	741
NC_045512.2	23785	C	T	3871	2410	42	1	1	37	0.000258264	3872	0.937581	FALSE	S:cds-YP_009724390.1	TAC	Y	TAT	Y	741
NC_045512.2	23786	A	T	3802	2420	42	1	1	25	0.000262812	3805	1	FALSE	S:cds-YP_009724390.1	ATT	I	TTT	F	742
NC_045512.2	23786	A	G	3802	2420	42	2	1	31	0.000525624	3805	0.812582	FALSE	S:cds-YP_009724390.1	ATT	I	GTT	V	742
NC_045512.2	23788	T	+C	3810	2501	42	4	0	20	0.00104987	3810	1	FALSE	NA	NA	NA	NA	NA	NA
NC_045512.2	23790	G	A	3631	2303	43	1	1	74	0.00027533	3632	0.500069	FALSE	S:cds-YP_009724390.1	TGT	C	TAT	Y	743
NC_045512.2	23791	T	C	3347	2037	43	3	0	37	0.000895522	3350	0.65646	FALSE	S:cds-YP_009724390.1	TGT	C	TGC	C	743
NC_045512.2	23793	G	T	3360	2273	43	1	1	37	0.00029753	3361	0.937593	FALSE	S:cds-YP_009724390.1	GGT	G	GTT	V	744
NC_045512.2	23794	T	C	3253	2161	43	1	1	37	0.000307314	3254	0.937596	FALSE	S:cds-YP_009724390.1	GGT	G	GGC	G	744
NC_045512.2	23798	T	G	3265	2221	43	1	1	37	0.000306185	3266	0.937596	FALSE	S:cds-YP_009724390.1	TCA	S	GCA	A	746
NC_045512.2	23799	C	T	3265	2210	43	1	0	37	0.000306185	3266	0.937596	FALSE	S:cds-YP_009724390.1	TCA	S	TTA	L	746
NC_045512.2	23800	A	G	3254	2227	43	2	2	37	0.000614251	3256	0.812692	FALSE	S:cds-YP_009724390.1	TCA	S	TCG	S	746
NC_045512.2	23802	C	T	3296	2272	43	1	1	25	0.000303306	3297	1	FALSE	S:cds-YP_009724390.1	ACT	T	ATT	I	747
NC_045512.2	23803	T	C	3381	2413	44	1	1	37	0.000295683	3382	0.937592	FALSE	S:cds-YP_009724390.1	ACT	T	ACC	T	747
NC_045512.2	23804	G	A	3405	2433	44	4	3	37	0.00117336	3409	0.500161	FALSE	S:cds-YP_009724390.1	GAA	E	AAA	K	748
NC_045512.2	23806	A	T	3362	2418	44	1	1	29	0.000297354	3363	1	FALSE	S:cds-YP_009724390.1	GAA	E	GAT	D	748
NC_045512.2	23808	G	A	3348	2404	44	1	1	37	0.000298597	3349	0.937593	FALSE	S:cds-YP_009724390.1	TGC	C	TAC	Y	749
NC_045512.2	23809	C	G	3369	2413	44	1	0	37	0.000296736	3370	0.937593	FALSE	S:cds-YP_009724390.1	TGC	C	TGG	W	749
NC_045512.2	23810	A	G	3308	2350	44	1	0	74	0.000302206	3309	0.500076	FALSE	S:cds-YP_009724390.1	AGC	S	GGC	G	750
NC_045512.2	23811	G	C	3310	2352	44	1	0	25	0.000301841	3313	1	FALSE	S:cds-YP_009724390.1	AGC	S	ACC	T	750
NC_045512.2	23811	G	A	3310	2352	44	2	2	37	0.000603682	3313	0.812594	FALSE	S:cds-YP_009724390.1	AGC	S	AAC	N	750
NC_045512.2	23814	A	T	3441	2609	45	1	1	37	0.000290529	3442	0.937591	FALSE	S:cds-YP_009724390.1	AAT	N	ATT	I	751
NC_045512.2	23817	T	C	3462	2643	45	2	1	37	0.000577367	3464	0.81268	FALSE	S:cds-YP_009724390.1	CTT	L	CCT	P	752
NC_045512.2	23818	T	C	3375	2555	45	1	1	37	0.000296209	3376	0.937593	FALSE	S:cds-YP_009724390.1	CTT	L	CTC	L	752
NC_045512.2	23819	T	G	3378	2623	45	1	1	25	0.000295946	3379	1	FALSE	S:cds-YP_009724390.1	TTG	L	GTG	V	753
NC_045512.2	23821	G	T	3370	2626	45	1	1	37	0.000296648	3371	0.937593	FALSE	S:cds-YP_009724390.1	TTG	L	TTT	F	753
NC_045512.2	23823	T	C	3500	2827	46	1	1	62	0.000285551	3502	0.5	FALSE	S:cds-YP_009724390.1	TTG	L	TCG	S	754
NC_045512.2	23823	T	A	3500	2827	46	1	1	37	0.000285551	3502	0.937554	FALSE	S:cds-YP_009724390.1	TTG	L	TAG	*	754
NC_045512.2	23824	G	T	3496	2831	45	1	1	37	0.000285959	3497	0.937589	FALSE	S:cds-YP_009724390.1	TTG	L	TTT	F	754
NC_045512.2	23825	C	T	3460	2827	45	2	2	37	0.000577701	3462	0.812681	FALSE	S:cds-YP_009724390.1	CAA	Q	TAA	*	755
NC_045512.2	23826	A	T	3475	2842	45	1	1	37	0.000287687	3476	0.93759	FALSE	S:cds-YP_009724390.1	CAA	Q	CTA	L	755
NC_045512.2	23829	A	G	3477	2862	45	1	1	22	0.000287522	3478	1	FALSE	S:cds-YP_009724390.1	TAT	Y	TGT	C	756
NC_045512.2	23832	G	A	3502	2900	45	1	1	37	0.00028547	3503	0.937589	FALSE	S:cds-YP_009724390.1	GGC	G	GAC	D	757
NC_045512.2	23833	C	T	3508	2901	45	4	4	46	0.00113895	3512	0.0624822	FALSE	S:cds-YP_009724390.1	GGC	G	GGT	G	757
NC_045512.2	23834	A	G	3461	2858	45	2	2	37	0.000577534	3463	0.812681	FALSE	S:cds-YP_009724390.1	AGT	S	GGT	G	758
NC_045512.2	23835	G	A	3467	2864	46	1	1	37	0.000288351	3468	0.93759	FALSE	S:cds-YP_009724390.1	AGT	S	AAT	N	758
NC_045512.2	23842	T	C	3402	2853	44	1	1	37	0.000293858	3403	0.937592	FALSE	S:cds-YP_009724390.1	TGT	C	TGC	C	760
NC_045512.2	23843	A	G	3392	2842	44	2	2	37	0.000589275	3394	0.812684	FALSE	S:cds-YP_009724390.1	ACA	T	GCA	A	761
NC_045512.2	23844	C	T	3392	2845	44	1	1	37	0.000294724	3393	0.937592	FALSE	S:cds-YP_009724390.1	ACA	T	ATA	I	761
NC_045512.2	23846	C	T	3353	2807	44	1	1	37	0.000298151	3354	0.937593	FALSE	S:cds-YP_009724390.1	CAA	Q	TAA	*	762
NC_045512.2	23848	A	T	3311	2787	44	1	1	37	0.000301932	3312	0.937594	FALSE	S:cds-YP_009724390.1	CAA	Q	CAT	H	762
NC_045512.2	23849	T	C	3309	2788	44	2	1	37	0.000603865	3312	0.812594	FALSE	S:cds-YP_009724390.1	TTA	L	CTA	L	763
NC_045512.2	23849	T	A	3309	2788	44	1	1	37	0.000301932	3312	0.937519	FALSE	S:cds-YP_009724390.1	TTA	L	ATA	I	763
NC_045512.2	23850	T	A	3299	2849	43	1	1	37	0.00030303	3300	0.937595	FALSE	S:cds-YP_009724390.1	TTA	L	TAA	*	763
NC_045512.2	23851	A	G	3292	2843	43	1	1	37	0.000303674	3293	0.937595	FALSE	S:cds-YP_009724390.1	TTA	L	TTG	L	763
NC_045512.2	23851	A	+T	3292	2843	43	1	0	20	0.000303674	3293	1	FALSE	NA	NA	NA	NA	NA	NA
NC_045512.2	23852	A	G	3270	2821	43	1	1	37	0.000305717	3271	0.937596	FALSE	S:cds-YP_009724390.1	AAC	N	GAC	D	764
NC_045512.2	23854	C	G	1	1	37	1	1	37	0.000310366	3222	0.002481	TRUE	S:cds-YP_009724390.1	AAC	N	AAG	K	764
NC_045512.2	23854	C	A	1	1	37	3220	2790	42	0.999379	3222	0	TRUE	S:cds-YP_009724390.1	AAC	N	AAA	K	764
NC_045512.2	23855	C	T	2700	2262	44	1	1	37	0.000370233	2701	0.875139	FALSE	S:cds-YP_009724390.1	CGT	R	TGT	C	765
NC_045512.2	23856	G	A	2686	2276	43	1	1	37	0.000372162	2687	0.87514	FALSE	S:cds-YP_009724390.1	CGT	R	CAT	H	765
NC_045512.2	23858	G	A	2344	1933	44	3	2	40	0.00127823	2347	0.125	FALSE	S:cds-YP_009724390.1	GCT	A	ACT	T	766
NC_045512.2	23859	C	T	2347	1937	44	2	2	55	0.000851426	2349	0.250053	FALSE	S:cds-YP_009724390.1	GCT	A	GTT	V	766
NC_045512.2	23867	G	A	2242	1915	42	1	1	37	0.000445831	2243	0.875167	FALSE	S:cds-YP_009724390.1	GGA	G	AGA	R	769
NC_045512.2	23868	G	A	2244	1920	42	1	0	74	0.000445434	2245	0.500111	FALSE	S:cds-YP_009724390.1	GGA	G	GAA	E	769
NC_045512.2	23870	A	G	2215	1901	42	1	1	25	0.000451264	2216	1	FALSE	S:cds-YP_009724390.1	ATA	I	GTA	V	770
NC_045512.2	23873	G	T	2142	1891	41	1	1	37	0.000466636	2143	0.875175	FALSE	S:cds-YP_009724390.1	GCT	A	TCT	S	771
NC_045512.2	23875	T	C	2101	1850	41	1	1	37	0.000475737	2102	0.875178	FALSE	S:cds-YP_009724390.1	GCT	A	GCC	A	771
NC_045512.2	23883	A	G	1662	1568	38	1	1	37	0.000601323	1663	0.750226	FALSE	S:cds-YP_009724390.1	CAA	Q	CGA	R	774
NC_045512.2	23884	A	T	1656	1562	37	1	1	37	0.0006035	1657	0.750226	FALSE	S:cds-YP_009724390.1	CAA	Q	CAT	H	774
NC_045512.2	23885	G	A	1657	1570	37	1	1	37	0.000603136	1658	0.750226	FALSE	S:cds-YP_009724390.1	GAC	D	AAC	N	775
NC_045512.2	23890	A	G	1516	1453	37	1	1	37	0.000659196	1517	0.750247	FALSE	S:cds-YP_009724390.1	AAA	K	AAG	K	776
NC_045512.2	23892	A	C	1524	1464	37	1	1	37	0.000655738	1525	0.750246	FALSE	S:cds-YP_009724390.1	AAC	N	ACC	T	777
NC_045512.2	23894	A	G	1296	1235	36	1	1	25	0.00077101	1297	0.999882	FALSE	S:cds-YP_009724390.1	ACC	T	GCC	A	778
NC_045512.2	24780	A	T	3443	259	36	1	0	37	0.000289771	3451	0.937337	FALSE	S:cds-YP_009724390.1	AAG	K	ATG	M	1073
NC_045512.2	24780	A	G	3443	259	36	7	2	37	0.0020284	3451	0.171697	FALSE	S:cds-YP_009724390.1	AAG	K	AGG	R	1073
NC_045512.2	24783	A	G	3681	268	36	1	0	25	0.000271592	3682	1	FALSE	S:cds-YP_009724390.1	AAC	N	AGC	S	1074
NC_045512.2	24785	T	G	4720	267	36	1	0	37	0.00021182	4721	0.9688	FALSE	S:cds-YP_009724390.1	TTC	F	GTC	V	1075
NC_045512.2	24785	T	-TCA	4720	267	36	1	0	20	0.00021182	4721	1	FALSE	NA	NA	NA	NA	NA	NA
NC_045512.2	24788	A	G	4838	279	37	2	2	37	0.000413223	4840	0.890698	FALSE	S:cds-YP_009724390.1	ACA	T	GCA	A	1076
NC_045512.2	24790	A	T	5212	281	37	1	0	25	0.000191828	5213	1	FALSE	S:cds-YP_009724390.1	ACA	T	ACT	T	1076
NC_045512.2	24791	A	G	5200	279	37	2	1	31	0.000384468	5202	0.937595	FALSE	S:cds-YP_009724390.1	ACT	T	GCT	A	1077
NC_045512.2	24793	T	C	5223	291	37	1	0	37	0.000191424	5224	0.984406	FALSE	S:cds-YP_009724390.1	ACT	T	ACC	T	1077
NC_045512.2	24794	G	A	5409	299	37	5	0	37	0.000923532	5414	0.623217	FALSE	S:cds-YP_009724390.1	GCT	A	ACT	T	1078
NC_045512.2	24795	C	T	5492	300	37	1	0	37	0.000181984	5495	0.984388	FALSE	S:cds-YP_009724390.1	GCT	A	GTT	V	1078
NC_045512.2	24795	C	A	5492	300	37	2	1	37	0.000363967	5495	0.93756	FALSE	S:cds-YP_009724390.1	GCT	A	GAT	D	1078
NC_045512.2	24797	C	T	5515	304	37	2	0	37	0.000362516	5517	0.937589	FALSE	S:cds-YP_009724390.1	CCT	P	TCT	S	1079
NC_045512.2	24798	C	A	5508	307	37	1	0	37	0.000181521	5509	0.984405	FALSE	S:cds-YP_009724390.1	CCT	P	CAT	H	1079
NC_045512.2	24798	C	-T	5508	307	37	1	0	20	0.000181521	5509	1	FALSE	NA	NA	NA	NA	NA	NA
NC_045512.2	24799	T	C	5542	306	37	1	0	37	0.000180408	5543	0.984396	FALSE	S:cds-YP_009724390.1	CCT	P	CCC	P	1079
NC_045512.2	24800	G	A	5599	307	37	8	0	37	0.00142679	5607	0.290527	FALSE	S:cds-YP_009724390.1	GCC	A	ACC	T	1080
NC_045512.2	24801	C	T	5622	303	37	7	0	37	0.00124356	5629	0.387267	FALSE	S:cds-YP_009724390.1	GCC	A	GTC	V	1080
NC_045512.2	24802	C	T	5670	307	37	1	0	37	0.000176336	5671	0.984404	FALSE	S:cds-YP_009724390.1	GCC	A	GCT	A	1080
NC_045512.2	24804	T	G	5402	379	36	1	1	37	0.000185082	5403	0.984405	FALSE	S:cds-YP_009724390.1	ATT	I	AGT	S	1081
NC_045512.2	24805	T	C	5595	384	37	2	0	37	0.000357334	5597	0.937588	FALSE	S:cds-YP_009724390.1	ATT	I	ATC	I	1081
NC_045512.2	24806	T	C	5691	384	38	2	0	31	0.000351309	5693	0.937586	FALSE	S:cds-YP_009724390.1	TGT	C	CGT	R	1082
NC_045512.2	24807	G	T	5722	387	38	1	0	37	0.000174672	5725	0.984387	FALSE	S:cds-YP_009724390.1	TGT	C	TTT	F	1082
NC_045512.2	24807	G	A	5722	387	38	2	0	55	0.000349345	5725	0.249978	FALSE	S:cds-YP_009724390.1	TGT	C	TAT	Y	1082
NC_045512.2	24808	T	C	5712	387	38	1	0	37	0.000175039	5713	0.984404	FALSE	S:cds-YP_009724390.1	TGT	C	TGC	C	1082
NC_045512.2	24809	C	T	5730	424	38	1	0	37	0.00017449	5731	0.984404	FALSE	S:cds-YP_009724390.1	CAT	H	TAT	Y	1083
NC_045512.2	24810	A	G	5706	436	38	2	0	37	0.000350385	5708	0.937586	FALSE	S:cds-YP_009724390.1	CAT	H	CGT	R	1083
NC_045512.2	24811	T	G	5758	457	38	1	1	74	0.000173611	5760	0.5	FALSE	S:cds-YP_009724390.1	CAT	H	CAG	Q	1083
NC_045512.2	24811	T	C	5758	457	38	1	1	74	0.000173611	5760	0.5	FALSE	S:cds-YP_009724390.1	CAT	H	CAC	H	1083
NC_045512.2	24812	G	A	5767	510	39	1	0	37	0.00017337	5768	0.984403	FALSE	S:cds-YP_009724390.1	GAT	D	AAT	N	1084
NC_045512.2	24813	A	G	5743	511	38	1	0	37	0.000174095	5744	0.984404	FALSE	S:cds-YP_009724390.1	GAT	D	GGT	G	1084
NC_045512.2	24814	T	G	5803	544	39	1	0	25	0.000172295	5804	1	FALSE	S:cds-YP_009724390.1	GAT	D	GAG	E	1084
NC_045512.2	24816	G	T	5906	576	39	1	0	37	0.000169291	5907	0.984403	FALSE	S:cds-YP_009724390.1	GGA	G	GTA	V	1085
NC_045512.2	24816	G	-A	5906	576	39	3	0	20	0.000507872	5907	1	FALSE	NA	NA	NA	NA	NA	NA
NC_045512.2	24817	A	G	5954	596	40	2	1	55	0.000335796	5956	0.249895	FALSE	S:cds-YP_009724390.1	GGA	G	GGG	G	1085
NC_045512.2	24818	A	G	5977	596	39	1	0	37	0.00016728	5978	0.984402	FALSE	S:cds-YP_009724390.1	AAA	K	GAA	E	1086
NC_045512.2	24820	A	G	5990	614	39	4	2	37	0.000667334	5994	0.746258	FALSE	S:cds-YP_009724390.1	AAA	K	AAG	K	1086
NC_045512.2	24821	G	A	6239	657	40	7	1	35	0.00112072	6246	0.500117	FALSE	S:cds-YP_009724390.1	GCA	A	ACA	T	1087
NC_045512.2	24822	C	T	6298	682	40	3	0	49	0.000476039	6302	0.12497	FALSE	S:cds-YP_009724390.1	GCA	A	GTA	V	1087
NC_045512.2	24822	C	A	6298	682	40	1	0	37	0.00015868	6302	0.992192	FALSE	S:cds-YP_009724390.1	GCA	A	GAA	E	1087
NC_045512.2	24823	A	T	6309	679	41	1	1	25	0.000158428	6312	1	FALSE	S:cds-YP_009724390.1	GCA	A	GCT	A	1087
NC_045512.2	24823	A	G	6309	679	41	2	0	37	0.000316857	6312	0.964887	FALSE	S:cds-YP_009724390.1	GCA	A	GCG	A	1087
NC_045512.2	24824	C	T	6484	763	41	2	2	74	0.000308356	6486	0.250019	FALSE	S:cds-YP_009724390.1	CAC	H	TAC	Y	1088
NC_045512.2	24825	A	G	6463	769	41	2	0	37	0.000309358	6465	0.964903	FALSE	S:cds-YP_009724390.1	CAC	H	CGC	R	1088
NC_045512.2	24826	C	T	6656	914	43	6	1	37	0.00090063	6662	0.612945	FALSE	S:cds-YP_009724390.1	CAC	H	CAT	H	1088
NC_045512.2	24827	T	C	6643	930	43	1	0	37	0.000150489	6645	0.9922	FALSE	S:cds-YP_009724390.1	TTT	F	CTT	L	1089
NC_045512.2	24827	T	A	6643	930	43	1	0	25	0.000150489	6645	1	FALSE	S:cds-YP_009724390.1	TTT	F	ATT	I	1089
NC_045512.2	24831	C	G	6698	1038	44	1	1	37	0.000149276	6699	0.992204	FALSE	S:cds-YP_009724390.1	CCT	P	CGT	R	1090
NC_045512.2	24833	C	A	6840	1037	44	1	0	74	0.000146177	6841	0.500037	FALSE	S:cds-YP_009724390.1	CGT	R	AGT	S	1091
NC_045512.2	24834	G	T	6892	1049	44	1	0	37	0.000145033	6895	0.992195	FALSE	S:cds-YP_009724390.1	CGT	R	CTT	L	1091
NC_045512.2	24834	G	A	6892	1049	44	2	1	55	0.000290065	6895	0.249982	FALSE	S:cds-YP_009724390.1	CGT	R	CAT	H	1091
NC_045512.2	24837	A	G	6932	1070	44	3	0	37	0.000432588	6935	0.910263	FALSE	S:cds-YP_009724390.1	GAA	E	GGA	G	1092
NC_045512.2	24838	A	T	6903	1071	44	1	0	37	0.000144823	6905	0.992199	FALSE	S:cds-YP_009724390.1	GAA	E	GAT	D	1092
NC_045512.2	24838	A	G	6903	1071	44	1	1	74	0.000144823	6905	0.5	FALSE	S:cds-YP_009724390.1	GAA	E	GAG	E	1092
NC_045512.2	24839	G	A	7059	1117	44	2	1	37	0.000283246	7061	0.980509	FALSE	S:cds-YP_009724390.1	GGT	G	AGT	S	1093
NC_045512.2	24840	G	A	7134	1124	44	3	0	49	0.000420345	7137	0.125	FALSE	S:cds-YP_009724390.1	GGT	G	GAT	D	1093
NC_045512.2	24841	T	C	7093	1132	44	1	0	37	0.000140964	7094	0.996104	FALSE	S:cds-YP_009724390.1	GGT	G	GGC	G	1093
NC_045512.2	24842	G	C	7197	1134	44	1	0	37	0.000138908	7199	0.996101	FALSE	S:cds-YP_009724390.1	GTC	V	CTC	L	1094
NC_045512.2	24842	G	A	7197	1134	44	1	0	37	0.000138908	7199	0.996101	FALSE	S:cds-YP_009724390.1	GTC	V	ATC	I	1094
NC_045512.2	24844	C	T	7195	1113	43	1	0	37	0.000138966	7196	0.996104	FALSE	S:cds-YP_009724390.1	GTC	V	GTT	V	1094
NC_045512.2	24846	T	C	7151	1305	46	1	0	37	0.000139801	7153	0.996101	FALSE	S:cds-YP_009724390.1	TTT	F	TCT	S	1095
NC_045512.2	24846	T	A	7151	1305	46	1	0	37	0.000139801	7153	0.996101	FALSE	S:cds-YP_009724390.1	TTT	F	TAT	Y	1095
NC_045512.2	24848	G	A	7294	1346	46	1	0	37	0.00013708	7295	0.996103	FALSE	S:cds-YP_009724390.1	GTT	V	ATT	I	1096
NC_045512.2	24849	T	C	7272	1351	46	1	0	37	0.000137495	7273	0.996103	FALSE	S:cds-YP_009724390.1	GTT	V	GCT	A	1096
NC_045512.2	24851	T	+CAAATGG	7309	1355	46	1	0	20	0.000136818	7309	1	FALSE	NA	NA	NA	NA	NA	NA
NC_045512.2	24852	C	G	7328	1368	46	1	0	37	0.000136444	7329	0.996103	FALSE	S:cds-YP_009724390.1	TCA	S	TGA	*	1097
NC_045512.2	24853	A	G	7331	1377	46	1	1	74	0.000136388	7332	0.500034	FALSE	S:cds-YP_009724390.1	TCA	S	TCG	S	1097
NC_045512.2	24854	A	G	7308	1389	46	1	0	74	0.000136818	7309	0.500034	FALSE	S:cds-YP_009724390.1	AAT	N	GAT	D	1098
NC_045512.2	24856	T	C	7367	1429	47	1	0	37	0.000135704	7369	0.996101	FALSE	S:cds-YP_009724390.1	AAT	N	AAC	N	1098
NC_045512.2	24856	T	A	7367	1429	47	1	1	37	0.000135704	7369	0.996101	FALSE	S:cds-YP_009724390.1	AAT	N	AAA	K	1098
NC_045512.2	24857	G	T	7637	1437	46	1	0	25	0.000130907	7639	1	FALSE	S:cds-YP_009724390.1	GGC	G	TGC	C	1099
NC_045512.2	24857	G	A	7637	1437	46	1	0	37	0.000130907	7639	0.996101	FALSE	S:cds-YP_009724390.1	GGC	G	AGC	S	1099
NC_045512.2	24858	G	T	7701	1430	46	1	0	37	0.00012955	7719	0.996068	FALSE	S:cds-YP_009724390.1	GGC	G	GTC	V	1099
NC_045512.2	24858	G	C	7701	1430	46	1	0	37	0.00012955	7719	0.996068	FALSE	S:cds-YP_009724390.1	GGC	G	GCC	A	1099
NC_045512.2	24858	G	A	7701	1430	46	16	3	46	0.00207281	7719	1.51248e-05	TRUE	S:cds-YP_009724390.1	GGC	G	GAC	D	1099
NC_045512.2	24859	C	T	7627	1499	46	6	2	43	0.000786061	7633	0.0156158	FALSE	S:cds-YP_009724390.1	GGC	G	GGT	G	1099
NC_045512.2	24860	A	T	7240	1631	45	2	2	28	0.000276167	7242	1	FALSE	S:cds-YP_009724390.1	ACA	T	TCA	S	1100
NC_045512.2	24861	C	T	7212	1670	45	1	0	37	0.000138639	7213	0.996103	FALSE	S:cds-YP_009724390.1	ACA	T	ATA	I	1100
NC_045512.2	24863	C	T	7430	1682	45	1	0	37	0.000134571	7431	0.996103	FALSE	S:cds-YP_009724390.1	CAC	H	TAC	Y	1101
NC_045512.2	24864	A	C	7350	1677	44	1	0	25	0.000136036	7351	1	FALSE	S:cds-YP_009724390.1	CAC	H	CCC	P	1101
NC_045512.2	24865	C	T	7366	1753	45	2	1	55	0.000271444	7368	0.250017	FALSE	S:cds-YP_009724390.1	CAC	H	CAT	H	1101
NC_045512.2	24866	T	C	7113	1789	44	2	0	37	0.000281096	7115	0.980508	FALSE	S:cds-YP_009724390.1	TGG	W	CGG	R	1102
NC_045512.2	24867	G	T	7645	1848	44	2	0	37	0.000261472	7649	0.980487	FALSE	S:cds-YP_009724390.1	TGG	W	TTG	L	1102
NC_045512.2	24867	G	C	7645	1848	44	1	0	74	0.000130736	7649	0.499935	FALSE	S:cds-YP_009724390.1	TGG	W	TCG	S	1102
NC_045512.2	24867	G	A	7645	1848	44	1	0	37	0.000130736	7649	0.996097	FALSE	S:cds-YP_009724390.1	TGG	W	TAG	*	1102
NC_045512.2	24868	G	A	7675	1864	44	1	1	74	0.000130276	7676	0.500033	FALSE	S:cds-YP_009724390.1	TGG	W	TGA	*	1102
NC_045512.2	24869	T	G	7626	1935	44	1	0	37	0.000131079	7629	0.996099	FALSE	S:cds-YP_009724390.1	TTT	F	GTT	V	1103
NC_045512.2	24869	T	C	7626	1935	44	2	0	43	0.000262158	7629	0.249984	FALSE	S:cds-YP_009724390.1	TTT	F	CTT	L	1103
NC_045512.2	24871	T	C	7802	1996	44	1	0	37	0.000128139	7804	0.996101	FALSE	S:cds-YP_009724390.1	TTT	F	TTC	F	1103
NC_045512.2	24871	T	A	7802	1996	44	1	0	37	0.000128139	7804	0.996101	FALSE	S:cds-YP_009724390.1	TTT	F	TTA	L	1103
NC_045512.2	24872	G	C	7781	2001	44	1	0	37	0.000128502	7782	0.996103	FALSE	S:cds-YP_009724390.1	GTA	V	CTA	L	1104
NC_045512.2	24873	T	C	7761	2012	44	1	0	37	0.000128833	7762	0.996103	FALSE	S:cds-YP_009724390.1	GTA	V	GCA	A	1104
NC_045512.2	24873	T	-A	7761	2012	44	1	0	20	0.000128833	7762	1	FALSE	NA	NA	NA	NA	NA	NA
NC_045512.2	24875	A	G	7668	2090	44	3	1	31	0.000391083	7671	0.945393	FALSE	S:cds-YP_009724390.1	ACA	T	GCA	A	1105
NC_045512.2	24876	C	T	7544	2008	44	1	0	37	0.000132538	7545	0.996103	FALSE	S:cds-YP_009724390.1	ACA	T	ATA	I	1105
NC_045512.2	24877	A	G	6951	2233	43	1	0	25	0.000143843	6952	1	FALSE	S:cds-YP_009724390.1	ACA	T	ACG	T	1105
NC_045512.2	24878	C	-A	6959	2241	43	1	0	20	0.000143699	6959	1	FALSE	NA	NA	NA	NA	NA	NA
NC_045512.2	24883	G	A	7302	3024	45	1	0	25	0.00013693	7303	1	FALSE	S:cds-YP_009724390.1	AGG	R	AGA	R	1107
NC_045512.2	24884	A	G	7322	3018	45	1	0	37	0.000136556	7323	0.996103	FALSE	S:cds-YP_009724390.1	AAT	N	GAT	D	1108
NC_045512.2	24885	A	T	6759	3297	42	1	1	25	0.000147929	6760	1	FALSE	S:cds-YP_009724390.1	AAT	N	ATT	I	1108
NC_045512.2	24885	A	-T	6759	3297	42	3	0	20	0.000443787	6760	1	FALSE	NA	NA	NA	NA	NA	NA
NC_045512.2	24887	T	C	6803	3330	42	1	1	37	0.000146972	6804	0.992204	FALSE	S:cds-YP_009724390.1	TTT	F	CTT	L	1109
NC_045512.2	24889	T	C	6779	3331	42	3	1	37	0.000442347	6782	0.910265	FALSE	S:cds-YP_009724390.1	TTT	F	TTC	F	1109
NC_045512.2	24890	T	A	6691	3484	42	1	0	25	0.000149432	6692	1	FALSE	S:cds-YP_009724390.1	TAT	Y	AAT	N	1110
NC_045512.2	24891	A	T	6634	3429	41	2	0	37	0.000301341	6637	0.964885	FALSE	S:cds-YP_009724390.1	TAT	Y	TTT	F	1110
NC_045512.2	24891	A	G	6634	3429	41	1	1	37	0.00015067	6637	0.992196	FALSE	S:cds-YP_009724390.1	TAT	Y	TGT	C	1110
NC_045512.2	24893	G	C	6638	3467	42	1	0	25	0.000150625	6639	1	FALSE	S:cds-YP_009724390.1	GAA	E	CAA	Q	1111
NC_045512.2	24895	A	G	6551	3486	41	1	1	25	0.000152625	6552	1	FALSE	S:cds-YP_009724390.1	GAA	E	GAG	E	1111
NC_045512.2	24898	A	G	6816	3608	41	1	1	37	0.000146692	6817	0.992204	FALSE	S:cds-YP_009724390.1	CCA	P	CCG	P	1112
NC_045512.2	24899	C	G	6824	3606	41	1	0	29	0.00014652	6825	1	FALSE	S:cds-YP_009724390.1	CAA	Q	GAA	E	1113
NC_045512.2	24900	A	G	6998	3904	42	5	5	37	0.000713878	7004	0.806256	FALSE	S:cds-YP_009724390.1	CAA	Q	CGA	R	1113
NC_045512.2	24900	A	C	6998	3904	42	1	1	37	0.000142776	7004	0.996093	FALSE	S:cds-YP_009724390.1	CAA	Q	CCA	P	1113
NC_045512.2	24901	A	T	7032	3834	41	1	1	37	0.000142167	7034	0.996102	FALSE	S:cds-YP_009724390.1	CAA	Q	CAT	H	1113
NC_045512.2	24901	A	G	7032	3834	41	1	1	37	0.000142167	7034	0.996102	FALSE	S:cds-YP_009724390.1	CAA	Q	CAG	Q	1113
NC_045512.2	24902	A	G	6793	3654	40	1	1	25	0.000147189	6794	1	FALSE	S:cds-YP_009724390.1	ATC	I	GTC	V	1114
NC_045512.2	24904	C	T	6956	3785	41	335	177	40	0.0459471	7291	2.88114e-103	TRUE	S:cds-YP_009724390.1	ATC	I	ATT	I	1114
NC_045512.2	24905	A	C	7182	3845	41	1	0	37	0.000139218	7183	0.996104	FALSE	S:cds-YP_009724390.1	ATT	I	CTT	L	1115
NC_045512.2	24906	T	G	7264	3890	41	1	1	25	0.000137646	7265	1	FALSE	S:cds-YP_009724390.1	ATT	I	AGT	S	1115
NC_045512.2	24907	T	C	7305	3893	41	1	0	37	0.000136874	7306	0.996103	FALSE	S:cds-YP_009724390.1	ATT	I	ATC	I	1115
NC_045512.2	24908	A	G	7432	3913	41	1	1	37	0.000134535	7433	0.996103	FALSE	S:cds-YP_009724390.1	ACT	T	GCT	A	1116
NC_045512.2	24909	C	T	7484	3921	41	1	1	74	0.000133583	7486	0.5	FALSE	S:cds-YP_009724390.1	ACT	T	ATT	I	1116
NC_045512.2	24909	C	A	7484	3921	41	1	0	74	0.000133583	7486	0.5	FALSE	S:cds-YP_009724390.1	ACT	T	AAT	N	1116
NC_045512.2	24910	T	C	7477	3942	41	1	0	25	0.000133726	7478	1	FALSE	S:cds-YP_009724390.1	ACT	T	ACC	T	1116
NC_045512.2	24910	T	-ACAGACA	7477	3942	41	1	0	20	0.000133726	7478	1	FALSE	NA	NA	NA	NA	NA	NA
NC_045512.2	24911	A	G	7487	3891	41	3	2	45	0.000400534	7490	0.124975	FALSE	S:cds-YP_009724390.1	ACA	T	GCA	A	1117
NC_045512.2	24912	C	T	7515	3948	42	2	1	55	0.000266064	7517	0.249983	FALSE	S:cds-YP_009724390.1	ACA	T	ATA	I	1117
NC_045512.2	24913	A	G	6172	3097	41	1266	664	41	0.170207	7438	0	TRUE	S:cds-YP_009724390.1	ACA	T	ACG	T	1117
NC_045512.2	24915	A	C	7525	3813	41	1	1	37	0.000132873	7526	0.996101	FALSE	S:cds-YP_009724390.1	GAC	D	GCC	A	1118
NC_045512.2	24916	C	T	7762	3834	41	2	1	55	0.000257599	7764	0.249984	FALSE	S:cds-YP_009724390.1	GAC	D	GAT	D	1118
NC_045512.2	24917	A	C	7599	3748	41	1	0	37	0.000131579	7600	0.996101	FALSE	S:cds-YP_009724390.1	AAC	N	CAC	H	1119
NC_045512.2	24917	A	+G	7599	3748	41	2	0	20	0.000263123	7601	1	FALSE	NA	NA	NA	NA	NA	NA
NC_045512.2	24918	A	G	7859	3639	40	1	0	25	0.000127226	7860	1	FALSE	S:cds-YP_009724390.1	AAC	N	AGC	S	1119
NC_045512.2	24919	C	T	7979	3817	41	3	1	33	0.000375846	7982	0.94539	FALSE	S:cds-YP_009724390.1	AAC	N	AAT	N	1119
NC_045512.2	24920	A	G	7724	3578	40	1	1	37	0.00012945	7725	0.996103	FALSE	S:cds-YP_009724390.1	ACA	T	GCA	A	1120
NC_045512.2	24921	C	T	8233	3987	41	1	1	37	0.000121448	8234	0.998052	FALSE	S:cds-YP_009724390.1	ACA	T	ATA	I	1120
NC_045512.2	24925	T	C	7758	3775	40	1	0	37	0.000128883	7759	0.996103	FALSE	S:cds-YP_009724390.1	TTT	F	TTC	F	1121
NC_045512.2	24926	G	A	7837	3826	40	3	2	37	0.000382653	7840	0.945391	FALSE	S:cds-YP_009724390.1	GTG	V	ATG	M	1122
NC_045512.2	24929	T	C	7478	3683	40	2	2	49	0.00026738	7480	0.250017	FALSE	S:cds-YP_009724390.1	TCT	S	CCT	P	1123
NC_045512.2	24931	T	C	7361	3501	40	2	1	55	0.000271628	7363	0.250017	FALSE	S:cds-YP_009724390.1	TCT	S	TCC	S	1123
NC_045512.2	24932	G	A	7413	3485	40	1	1	37	0.00013488	7414	0.996103	FALSE	S:cds-YP_009724390.1	GGT	G	AGT	S	1124
NC_045512.2	24933	G	T	7377	3513	40	2	0	37	0.000271039	7379	0.980507	FALSE	S:cds-YP_009724390.1	GGT	G	GTT	V	1124
NC_045512.2	24936	A	G	7338	3527	40	2	1	37	0.00027248	7340	0.980507	FALSE	S:cds-YP_009724390.1	AAC	N	AGC	S	1125
NC_045512.2	24937	C	T	7628	3548	40	1	1	37	0.000131079	7629	0.996103	FALSE	S:cds-YP_009724390.1	AAC	N	AAT	N	1125
NC_045512.2	24938	T	G	7582	3515	40	1	0	37	0.000131822	7586	0.996097	FALSE	S:cds-YP_009724390.1	TGT	C	GGT	G	1126
NC_045512.2	24938	T	C	7582	3515	40	3	2	49	0.000395465	7586	0.124975	FALSE	S:cds-YP_009724390.1	TGT	C	CGT	R	1126
NC_045512.2	24940	T	C	7529	3479	40	2	1	37	0.000265534	7532	0.980497	FALSE	S:cds-YP_009724390.1	TGT	C	TGC	C	1126
NC_045512.2	24940	T	A	7529	3479	40	1	1	37	0.000132767	7532	0.996099	FALSE	S:cds-YP_009724390.1	TGT	C	TGA	*	1126
NC_045512.2	24942	A	T	7705	3786	40	2	2	37	0.000259437	7709	0.980487	FALSE	S:cds-YP_009724390.1	GAT	D	GTT	V	1127
NC_045512.2	24942	A	G	7705	3786	40	1	1	74	0.000129719	7709	0.499935	FALSE	S:cds-YP_009724390.1	GAT	D	GGT	G	1127
NC_045512.2	24942	A	C	7705	3786	40	1	1	37	0.000129719	7709	0.996097	FALSE	S:cds-YP_009724390.1	GAT	D	GCT	A	1127
NC_045512.2	24944	G	T	7755	3846	40	1	0	48	0.000128916	7757	0.5	FALSE	S:cds-YP_009724390.1	GTT	V	TTT	F	1128
NC_045512.2	24944	G	A	7755	3846	40	1	1	37	0.000128916	7757	0.996101	FALSE	S:cds-YP_009724390.1	GTT	V	ATT	I	1128
NC_045512.2	24945	T	G	7641	3842	40	1	0	37	0.000130822	7644	0.996099	FALSE	S:cds-YP_009724390.1	GTT	V	GGT	G	1128
NC_045512.2	24945	T	C	7641	3842	40	2	1	37	0.000261643	7644	0.980496	FALSE	S:cds-YP_009724390.1	GTT	V	GCT	A	1128
NC_045512.2	24946	T	C	7385	3570	40	2	1	37	0.000270746	7387	0.980507	FALSE	S:cds-YP_009724390.1	GTT	V	GTC	V	1128
NC_045512.2	24947	G	A	7595	3622	41	1	1	37	0.000131648	7596	0.996103	FALSE	S:cds-YP_009724390.1	GTA	V	ATA	I	1129
NC_045512.2	24948	T	C	7527	3568	41	4	0	49	0.000531138	7531	0.0624917	FALSE	S:cds-YP_009724390.1	GTA	V	GCA	A	1129
NC_045512.2	24951	T	G	7543	3659	41	1	1	25	0.000132556	7544	1	FALSE	S:cds-YP_009724390.1	ATA	I	AGA	R	1130
NC_045512.2	24952	A	G	7585	3717	41	4	3	46	0.000527079	7589	0.0624918	FALSE	S:cds-YP_009724390.1	ATA	I	ATG	M	1130
NC_045512.2	24953	G	T	7529	3692	41	2	1	37	0.000265569	7531	0.980506	FALSE	S:cds-YP_009724390.1	GGA	G	TGA	*	1131
NC_045512.2	24954	G	A	7542	3699	41	3	2	37	0.000397614	7545	0.945394	FALSE	S:cds-YP_009724390.1	GGA	G	GAA	E	1131
NC_045512.2	24956	A	T	7371	3604	40	1	1	25	0.00013563	7373	1	FALSE	S:cds-YP_009724390.1	ATT	I	TTT	F	1132
NC_045512.2	24956	A	G	7371	3604	40	1	1	74	0.00013563	7373	0.5	FALSE	S:cds-YP_009724390.1	ATT	I	GTT	V	1132
NC_045512.2	24957	T	C	7492	3679	41	1	0	37	0.000133458	7493	0.996103	FALSE	S:cds-YP_009724390.1	ATT	I	ACT	T	1132
NC_045512.2	24959	G	T	7444	3861	41	1	0	37	0.000134264	7448	0.996097	FALSE	S:cds-YP_009724390.1	GTC	V	TTC	F	1133
NC_045512.2	24959	G	A	7444	3861	41	3	1	37	0.000402793	7448	0.945372	FALSE	S:cds-YP_009724390.1	GTC	V	ATC	I	1133
NC_045512.2	24960	T	C	7391	3785	40	1	1	25	0.000135281	7392	1	FALSE	S:cds-YP_009724390.1	GTC	V	GCC	A	1133
NC_045512.2	24961	C	T	7443	3829	41	2	2	37	0.000268637	7445	0.980507	FALSE	S:cds-YP_009724390.1	GTC	V	GTT	V	1133
NC_045512.2	24962	A	G	7496	3901	41	2	0	49	0.000266738	7498	0.250017	FALSE	S:cds-YP_009724390.1	AAC	N	GAC	D	1134
NC_045512.2	24963	A	G	7498	3940	41	1	1	37	0.000133351	7499	0.996103	FALSE	S:cds-YP_009724390.1	AAC	N	AGC	S	1134
NC_045512.2	24964	C	T	7512	4016	41	1	1	37	0.000133103	7513	0.996103	FALSE	S:cds-YP_009724390.1	AAC	N	AAT	N	1134
NC_045512.2	24966	A	T	7417	3944	40	1	0	37	0.000134807	7418	0.996103	FALSE	S:cds-YP_009724390.1	AAC	N	ATC	I	1135
NC_045512.2	24967	C	T	7438	3991	41	1	1	37	0.000134391	7441	0.996099	FALSE	S:cds-YP_009724390.1	AAC	N	AAT	N	1135
NC_045512.2	24967	C	A	7438	3991	41	2	1	37	0.000268781	7441	0.980497	FALSE	S:cds-YP_009724390.1	AAC	N	AAA	K	1135
NC_045512.2	24968	A	C	7069	3997	40	1	0	37	0.000141443	7070	0.996104	FALSE	S:cds-YP_009724390.1	ACA	T	CCA	P	1136
NC_045512.2	24969	C	T	7247	4185	40	2	2	37	0.0002759	7249	0.980508	FALSE	S:cds-YP_009724390.1	ACA	T	ATA	I	1136
NC_045512.2	24970	A	T	7115	4056	40	1	1	74	0.000140351	7125	0.499719	FALSE	S:cds-YP_009724390.1	ACA	T	ACT	T	1136
NC_045512.2	24970	A	G	7115	4056	40	8	3	37	0.00112281	7125	0.49989	FALSE	S:cds-YP_009724390.1	ACA	T	ACG	T	1136
NC_045512.2	24970	A	C	7115	4056	40	1	0	37	0.000140351	7125	0.996084	FALSE	S:cds-YP_009724390.1	ACA	T	ACC	T	1136
NC_045512.2	24971	G	A	7544	4108	40	1	0	37	0.000132538	7545	0.996103	FALSE	S:cds-YP_009724390.1	GTT	V	ATT	I	1137
NC_045512.2	24971	G	-T	7544	4108	40	3	0	20	0.000397614	7545	1	FALSE	NA	NA	NA	NA	NA	NA
NC_045512.2	24972	T	C	7478	4037	39	1	1	25	0.000133708	7479	1	FALSE	S:cds-YP_009724390.1	GTT	V	GCT	A	1137
NC_045512.2	24975	A	G	7832	4093	40	3	3	36	0.000382897	7835	0.945391	FALSE	S:cds-YP_009724390.1	TAT	Y	TGT	C	1138
NC_045512.2	24977	G	T	7890	4254	40	2	0	37	0.000253421	7892	0.980504	FALSE	S:cds-YP_009724390.1	GAT	D	TAT	Y	1139
NC_045512.2	24978	A	G	7824	4181	40	1	0	37	0.000127796	7825	0.996103	FALSE	S:cds-YP_009724390.1	GAT	D	GGT	G	1139
NC_045512.2	24979	T	C	7857	4209	40	1	1	37	0.000127259	7858	0.996103	FALSE	S:cds-YP_009724390.1	GAT	D	GAC	D	1139
NC_045512.2	24980	C	T	7225	3575	40	1	1	37	0.000138332	7229	0.996097	FALSE	S:cds-YP_009724390.1	CCT	P	TCT	S	1140
NC_045512.2	24980	C	G	7225	3575	40	1	1	37	0.000138332	7229	0.996097	FALSE	S:cds-YP_009724390.1	CCT	P	GCT	A	1140
NC_045512.2	24980	C	A	7225	3575	40	2	1	37	0.000276663	7229	0.980488	FALSE	S:cds-YP_009724390.1	CCT	P	ACT	T	1140
NC_045512.2	24981	C	T	7114	3502	41	2	2	37	0.000280938	7119	0.980479	FALSE	S:cds-YP_009724390.1	CCT	P	CTT	L	1140
NC_045512.2	24981	C	A	7114	3502	41	3	2	37	0.000421408	7119	0.94535	FALSE	S:cds-YP_009724390.1	CCT	P	CAT	H	1140
NC_045512.2	24981	C	-T	7114	3502	41	2	0	20	0.000280938	7119	1	FALSE	NA	NA	NA	NA	NA	NA
NC_045512.2	24982	T	C	6718	3105	41	4	1	37	0.000594972	6723	0.828095	FALSE	S:cds-YP_009724390.1	CCT	P	CCC	P	1140
NC_045512.2	24982	T	A	6718	3105	41	1	1	25	0.000148743	6723	1	FALSE	S:cds-YP_009724390.1	CCT	P	CCA	P	1140
NC_045512.2	24983	T	G	6827	3267	41	1	0	37	0.000146413	6830	0.992196	FALSE	S:cds-YP_009724390.1	TTG	L	GTG	V	1141
NC_045512.2	24983	T	C	6827	3267	41	1	1	37	0.000146413	6830	0.992196	FALSE	S:cds-YP_009724390.1	TTG	L	CTG	L	1141
NC_045512.2	24983	T	A	6827	3267	41	1	1	74	0.000146413	6830	0.499963	FALSE	S:cds-YP_009724390.1	TTG	L	ATG	M	1141
NC_045512.2	24984	T	C	6841	3293	41	1	0	37	0.000146156	6842	0.992203	FALSE	S:cds-YP_009724390.1	TTG	L	TCG	S	1141
NC_045512.2	24985	G	T	6836	3298	41	1	1	37	0.000146242	6838	0.992199	FALSE	S:cds-YP_009724390.1	TTG	L	TTT	F	1141
NC_045512.2	24985	G	A	6836	3298	41	1	0	37	0.000146242	6838	0.992199	FALSE	S:cds-YP_009724390.1	TTG	L	TTA	L	1141
NC_045512.2	24986	C	T	6842	3299	41	5	1	37	0.000730247	6847	0.725751	FALSE	S:cds-YP_009724390.1	CAA	Q	TAA	*	1142
NC_045512.2	24987	A	G	6789	3249	41	1	1	37	0.000147275	6790	0.992204	FALSE	S:cds-YP_009724390.1	CAA	Q	CGA	R	1142
NC_045512.2	24988	A	G	6842	3273	41	1	0	37	0.000146135	6843	0.992203	FALSE	S:cds-YP_009724390.1	CAA	Q	CAG	Q	1142
NC_045512.2	24989	C	T	6852	3295	42	2	1	37	0.000291758	6855	0.964884	FALSE	S:cds-YP_009724390.1	CCT	P	TCT	S	1143
NC_045512.2	24989	C	G	6852	3295	42	1	1	62	0.000145879	6855	0.499964	FALSE	S:cds-YP_009724390.1	CCT	P	GCT	A	1143
NC_045512.2	24990	C	A	6867	3308	42	2	1	31	0.000291163	6869	0.964899	FALSE	S:cds-YP_009724390.1	CCT	P	CAT	H	1143
NC_045512.2	24991	T	G	6938	3431	42	2	2	37	0.000287894	6947	0.964789	FALSE	S:cds-YP_009724390.1	CCT	P	CCG	P	1143
NC_045512.2	24991	T	C	6938	3431	42	6	3	43	0.000863682	6947	0.0155946	FALSE	S:cds-YP_009724390.1	CCT	P	CCC	P	1143
NC_045512.2	24991	T	A	6938	3431	42	1	1	37	0.000143947	6947	0.992172	FALSE	S:cds-YP_009724390.1	CCT	P	CCA	P	1143
NC_045512.2	24992	G	T	7158	3447	42	1	1	37	0.000139684	7159	0.996104	FALSE	S:cds-YP_009724390.1	GAA	E	TAA	*	1144
NC_045512.2	24993	A	T	7188	3471	42	2	2	25	0.000278164	7190	1	FALSE	S:cds-YP_009724390.1	GAA	E	GTA	V	1144
NC_045512.2	24994	A	G	7099	3460	42	1	1	37	0.000140845	7100	0.996104	FALSE	S:cds-YP_009724390.1	GAA	E	GAG	E	1144
NC_045512.2	24995	T	C	7055	3460	41	1	1	37	0.000141723	7056	0.996104	FALSE	S:cds-YP_009724390.1	TTA	L	CTA	L	1145
NC_045512.2	24999	A	G	7445	4252	44	1	1	74	0.0001343	7446	0.500034	FALSE	S:cds-YP_009724390.1	GAC	D	GGC	G	1146
NC_045512.2	24999	A	-C	7445	4252	44	1	0	20	0.0001343	7446	1	FALSE	NA	NA	NA	NA	NA	NA
NC_045512.2	25000	C	T	3	1	32	7371	4179	43	0.999593	7374	0	TRUE	S:cds-YP_009724390.1	GAC	D	GAT	D	1146
NC_045512.2	25001	T	C	7049	3835	44	4	2	43	0.000567054	7054	0.0624734	FALSE	S:cds-YP_009724390.1	TCA	S	CCA	P	1147
NC_045512.2	25001	T	A	7049	3835	44	1	1	25	0.000141764	7054	1	FALSE	S:cds-YP_009724390.1	TCA	S	ACA	T	1147
NC_045512.2	25002	C	T	7084	3928	44	2	0	55	0.000282167	7088	0.249947	FALSE	S:cds-YP_009724390.1	TCA	S	TTA	L	1147
NC_045512.2	25002	C	A	7084	3928	44	2	2	31	0.000282167	7088	0.980489	FALSE	S:cds-YP_009724390.1	TCA	S	TAA	*	1147
NC_045512.2	25002	C	+A	7084	3928	44	1	0	20	0.000141084	7088	1	FALSE	NA	NA	NA	NA	NA	NA
NC_045512.2	25003	A	G	7083	3927	44	1	0	37	0.000141163	7084	0.996104	FALSE	S:cds-YP_009724390.1	TCA	S	TCG	S	1147
NC_045512.2	25004	T	C	7077	3985	44	1	0	37	0.000141283	7078	0.996104	FALSE	S:cds-YP_009724390.1	TTC	F	CTC	L	1148
NC_045512.2	25005	T	C	7052	4011	44	1	1	74	0.000141784	7053	0.500035	FALSE	S:cds-YP_009724390.1	TTC	F	TCC	S	1148
NC_045512.2	25006	C	T	7006	3991	44	1	0	62	0.000142674	7009	0.499964	FALSE	S:cds-YP_009724390.1	TTC	F	TTT	F	1148
NC_045512.2	25006	C	G	7006	3991	44	1	1	37	0.000142674	7009	0.996099	FALSE	S:cds-YP_009724390.1	TTC	F	TTG	L	1148
NC_045512.2	25006	C	A	7006	3991	44	1	1	37	0.000142674	7009	0.996099	FALSE	S:cds-YP_009724390.1	TTC	F	TTA	L	1148
NC_045512.2	25007	A	G	6871	3952	44	2	2	55	0.000290994	6873	0.250018	FALSE	S:cds-YP_009724390.1	AAG	K	GAG	E	1149
NC_045512.2	25008	A	G	6860	3938	44	1	1	25	0.000145751	6861	1	FALSE	S:cds-YP_009724390.1	AAG	K	AGG	R	1149
NC_045512.2	25011	A	G	6750	3957	44	1	1	37	0.000148126	6751	0.992204	FALSE	S:cds-YP_009724390.1	GAG	E	GGG	G	1150
NC_045512.2	25012	G	T	6714	3935	44	2	0	37	0.000297796	6716	0.964901	FALSE	S:cds-YP_009724390.1	GAG	E	GAT	D	1150
NC_045512.2	25013	G	A	6743	3940	44	1	1	74	0.00014828	6744	0.500037	FALSE	S:cds-YP_009724390.1	GAG	E	AAG	K	1151
NC_045512.2	25014	A	G	6859	4203	44	1	0	74	0.000145773	6860	0.500036	FALSE	S:cds-YP_009724390.1	GAG	E	GGG	G	1151
NC_045512.2	25017	T	C	6741	4330	43	2	0	37	0.000296604	6743	0.964901	FALSE	S:cds-YP_009724390.1	TTA	L	TCA	S	1152
NC_045512.2	25018	A	T	6731	4317	43	1	1	37	0.000148544	6732	0.992204	FALSE	S:cds-YP_009724390.1	TTA	L	TTT	F	1152
NC_045512.2	25020	A	G	6629	4429	42	1	1	25	0.00015083	6630	1	FALSE	S:cds-YP_009724390.1	GAT	D	GGT	G	1153
NC_045512.2	25023	A	G	6209	4185	42	1	1	37	0.000161031	6210	0.992205	FALSE	S:cds-YP_009724390.1	AAA	K	AGA	R	1154
NC_045512.2	25025	T	C	6915	5154	44	1	1	37	0.000144592	6916	0.992203	FALSE	S:cds-YP_009724390.1	TAT	Y	CAT	H	1155
NC_045512.2	25026	A	G	6918	5155	44	2	1	74	0.000289017	6920	0.250018	FALSE	S:cds-YP_009724390.1	TAT	Y	TGT	C	1155
NC_045512.2	25028	T	A	7028	5453	45	1	1	25	0.000142268	7029	1	FALSE	S:cds-YP_009724390.1	TTT	F	ATT	I	1156
NC_045512.2	25029	T	C	7148	5585	45	1	0	37	0.00013988	7149	0.996104	FALSE	S:cds-YP_009724390.1	TTT	F	TCT	S	1156
NC_045512.2	25030	T	C	7160	5598	45	1	1	74	0.000139645	7161	0.500035	FALSE	S:cds-YP_009724390.1	TTT	F	TTC	F	1156
NC_045512.2	25031	A	G	7128	5566	45	2	2	31	0.000280505	7130	0.980508	FALSE	S:cds-YP_009724390.1	AAG	K	GAG	E	1157
NC_045512.2	25032	A	T	7181	5664	45	1	0	74	0.000139237	7182	0.500035	FALSE	S:cds-YP_009724390.1	AAG	K	ATG	M	1157
NC_045512.2	25033	G	T	7190	5674	45	2	1	74	0.000278087	7192	0.250017	FALSE	S:cds-YP_009724390.1	AAG	K	AAT	N	1157
NC_045512.2	25037	C	T	7230	5755	45	1	1	37	0.000138274	7232	0.996101	FALSE	S:cds-YP_009724390.1	CAT	H	TAT	Y	1159
NC_045512.2	25037	C	A	7230	5755	45	1	0	22	0.000138274	7232	1	FALSE	S:cds-YP_009724390.1	CAT	H	AAT	N	1159
NC_045512.2	25038	A	G	7179	5845	44	1	1	37	0.000139276	7180	0.996104	FALSE	S:cds-YP_009724390.1	CAT	H	CGT	R	1159
NC_045512.2	25039	T	C	7140	5810	44	4	2	46	0.00055991	7144	0.0624912	FALSE	S:cds-YP_009724390.1	CAT	H	CAC	H	1159
NC_045512.2	25040	A	G	7200	5908	44	2	0	48	0.000277701	7202	0.250017	FALSE	S:cds-YP_009724390.1	ACA	T	GCA	A	1160
NC_045512.2	25041	C	T	7180	5893	44	3	2	49	0.000417595	7184	0.124974	FALSE	S:cds-YP_009724390.1	ACA	T	ATA	I	1160
NC_045512.2	25041	C	A	7180	5893	44	1	1	37	0.000139198	7184	0.996097	FALSE	S:cds-YP_009724390.1	ACA	T	AAA	K	1160
NC_045512.2	25042	A	C	6700	5410	44	1	1	37	0.000149231	6701	0.992204	FALSE	S:cds-YP_009724390.1	ACA	T	ACC	T	1160
NC_045512.2	25043	T	C	6784	5502	44	1	0	74	0.000147384	6785	0.500037	FALSE	S:cds-YP_009724390.1	TCA	S	CCA	P	1161
NC_045512.2	25045	A	T	6658	5394	44	1	1	37	0.000150173	6659	0.992204	FALSE	S:cds-YP_009724390.1	TCA	S	TCT	S	1161
NC_045512.2	25046	C	T	6667	5418	44	1	0	37	0.00014997	6668	0.992204	FALSE	S:cds-YP_009724390.1	CCA	P	TCA	S	1162
NC_045512.2	25047	C	A	6636	5394	44	1	0	22	0.00015067	6637	1	FALSE	S:cds-YP_009724390.1	CCA	P	CAA	Q	1162
NC_045512.2	25049	G	A	6518	5314	44	1	1	37	0.000153398	6519	0.992204	FALSE	S:cds-YP_009724390.1	GAT	D	AAT	N	1163
NC_045512.2	25050	A	G	6446	5245	44	1	1	37	0.000155111	6447	0.992204	FALSE	S:cds-YP_009724390.1	GAT	D	GGT	G	1163
NC_045512.2	25051	T	C	6436	5282	43	2	1	55	0.000310655	6438	0.250019	FALSE	S:cds-YP_009724390.1	GAT	D	GAC	D	1163
NC_045512.2	25052	G	T	6399	5219	44	1	1	25	0.000156128	6405	1	FALSE	S:cds-YP_009724390.1	GTT	V	TTT	F	1164
NC_045512.2	25052	G	A	6399	5219	44	5	4	51	0.00078064	6405	0.0312256	FALSE	S:cds-YP_009724390.1	GTT	V	ATT	I	1164
NC_045512.2	25053	T	A	6294	5130	44	1	0	37	0.000158856	6295	0.992205	FALSE	S:cds-YP_009724390.1	GTT	V	GAT	D	1164
NC_045512.2	25054	T	C	6265	5096	44	1	0	37	0.000159566	6267	0.992201	FALSE	S:cds-YP_009724390.1	GTT	V	GTC	V	1164
NC_045512.2	25054	T	A	6265	5096	44	1	1	37	0.000159566	6267	0.992201	FALSE	S:cds-YP_009724390.1	GTT	V	GTA	V	1164
NC_045512.2	25056	A	T	6202	5059	44	1	1	37	0.000161212	6203	0.992205	FALSE	S:cds-YP_009724390.1	GAT	D	GTT	V	1165
NC_045512.2	25059	T	C	6064	4931	44	1	0	36	0.00016488	6065	0.992206	FALSE	S:cds-YP_009724390.1	TTA	L	TCA	S	1166
NC_045512.2	25060	A	G	6012	4919	44	1	0	74	0.000166306	6013	0.500042	FALSE	S:cds-YP_009724390.1	TTA	L	TTG	L	1166
NC_045512.2	25063	T	C	5915	4874	43	1	1	74	0.000169033	5916	0.500042	FALSE	S:cds-YP_009724390.1	GGT	G	GGC	G	1167
NC_045512.2	25064	G	T	5824	4814	43	5	3	56	0.000857192	5833	0.031183	FALSE	S:cds-YP_009724390.1	GAC	D	TAC	Y	1168
NC_045512.2	25064	G	C	5824	4814	43	1	0	37	0.000171438	5833	0.984339	FALSE	S:cds-YP_009724390.1	GAC	D	CAC	H	1168
NC_045512.2	25064	G	A	5824	4814	43	3	3	37	0.000514315	5833	0.855272	FALSE	S:cds-YP_009724390.1	GAC	D	AAC	N	1168
NC_045512.2	25065	A	G	5708	4745	43	1	1	37	0.000175162	5709	0.984404	FALSE	S:cds-YP_009724390.1	GAC	D	GGC	G	1168
NC_045512.2	25066	C	T	5765	4803	43	1	1	37	0.00017343	5766	0.984403	FALSE	S:cds-YP_009724390.1	GAC	D	GAT	D	1168
NC_045512.2	25068	T	C	5733	4800	42	1	1	37	0.000174398	5734	0.984404	FALSE	S:cds-YP_009724390.1	ATC	I	ACC	T	1169
NC_045512.2	25069	C	-T	5728	4793	43	5	0	20	0.000872905	5728	1	FALSE	NA	NA	NA	NA	NA	NA
NC_045512.2	25070	T	C	5435	4542	43	2	0	55	0.00036785	5437	0.249793	FALSE	S:cds-YP_009724390.1	TCT	S	CCT	P	1170
NC_045512.2	25073	G	A	5305	4718	40	1	1	37	0.000188466	5306	0.984406	FALSE	S:cds-YP_009724390.1	GGC	G	AGC	S	1171
NC_045512.2	25074	G	A	5223	4811	39	6	6	37	0.00114745	5229	0.500129	FALSE	S:cds-YP_009724390.1	GGC	G	GAC	D	1171
NC_045512.2	25075	C	T	5058	4642	39	1	1	25	0.000197668	5059	1	FALSE	S:cds-YP_009724390.1	GGC	G	GGT	G	1171
NC_045512.2	25079	A	T	4862	4464	39	1	0	37	0.000205634	4863	0.968798	FALSE	S:cds-YP_009724390.1	AAT	N	TAT	Y	1173
NC_045512.2	25082	G	A	4798	4416	39	1	1	37	0.000208377	4799	0.968799	FALSE	S:cds-YP_009724390.1	GCT	A	ACT	T	1174
NC_045512.2	25083	C	T	4669	4288	39	2	2	49	0.000428082	4672	0.249973	FALSE	S:cds-YP_009724390.1	GCT	A	GTT	V	1174
NC_045512.2	25083	C	A	4669	4288	39	1	1	25	0.000214041	4672	1	FALSE	S:cds-YP_009724390.1	GCT	A	GAT	D	1174
NC_045512.2	25084	T	G	4446	4067	38	1	1	37	0.000224871	4447	0.968803	FALSE	S:cds-YP_009724390.1	GCT	A	GCG	A	1174
NC_045512.2	25089	T	C	4515	4134	39	3	1	37	0.000664011	4518	0.773619	FALSE	S:cds-YP_009724390.1	GTT	V	GCT	A	1176
NC_045512.2	25092	T	C	4217	3836	39	1	0	37	0.000237079	4218	0.968806	FALSE	S:cds-YP_009724390.1	GTA	V	GCA	A	1177
NC_045512.2	25097	A	G	2945	2718	38	1	1	37	0.000339098	2949	0.874936	FALSE	S:cds-YP_009724390.1	ATT	I	GTT	V	1179
NC_045512.2	25097	A	C	2945	2718	38	3	0	37	0.00101729	2949	0.5	FALSE	S:cds-YP_009724390.1	ATT	I	CTT	L	1179
NC_045512.2	25100	C	A	2906	2697	38	1	1	37	0.000343997	2907	0.875129	FALSE	S:cds-YP_009724390.1	CAA	Q	AAA	K	1180
NC_045512.2	25101	A	G	2910	2702	38	1	1	37	0.000343525	2911	0.875129	FALSE	S:cds-YP_009724390.1	CAA	Q	CGA	R	1180
NC_045512.2	25106	G	C	2693	2538	37	136	130	38	0.0480735	2829	5.60981e-39	TRUE	S:cds-YP_009724390.1	GAA	E	CAA	Q	1182
NC_045512.2	25107	A	G	2802	2640	37	1	1	37	0.000356761	2803	0.875134	FALSE	S:cds-YP_009724390.1	GAA	E	GGA	G	1182
NC_045512.2	25111	T	C	2661	2511	37	1	1	37	0.000375657	2662	0.875141	FALSE	S:cds-YP_009724390.1	ATT	I	ATC	I	1183
NC_045512.2	25112	G	A	2684	2537	37	1	1	37	0.000372439	2685	0.87514	FALSE	S:cds-YP_009724390.1	GAC	D	AAC	N	1184
NC_045512.2	25113	A	C	2638	2496	37	1	0	37	0.000378931	2639	0.875142	FALSE	S:cds-YP_009724390.1	GAC	D	GCC	A	1184
NC_045512.2	25114	C	T	2640	2526	37	4	3	37	0.00151286	2644	0.343839	FALSE	S:cds-YP_009724390.1	GAC	D	GAT	D	1184
NC_045512.2	25115	C	T	2312	2203	37	5	5	37	0.00215796	2317	0.226562	FALSE	S:cds-YP_009724390.1	CGC	R	TGC	C	1185
NC_045512.2	25115	C	-G	2312	2203	37	1	0	20	0.000431593	2317	1	FALSE	NA	NA	NA	NA	NA	NA
NC_045512.2	25116	G	T	2266	2159	37	1	1	37	0.000440917	2268	0.875	FALSE	S:cds-YP_009724390.1	CGC	R	CTC	L	1185
NC_045512.2	25116	G	A	2266	2159	37	1	1	37	0.000440917	2268	0.875	FALSE	S:cds-YP_009724390.1	CGC	R	CAC	H	1185
NC_045512.2	25204	G	A	48	23	42	1	1	25	0.0204082	49	0.505155	FALSE	S:cds-YP_009724390.1	TGG	W	TGA	*	1214
NC_045512.2	25283	T	C	44	18	43	1	1	25	0.0222222	45	0.505618	FALSE	S:cds-YP_009724390.1	TGT	C	CGT	R	1241
NC_045512.2	25408	A	T	1603	93	36	1	0	37	0.000623053	1605	0.750078	FALSE	ORF3a:cds-YP_009724391.1	AGA	R	TGA	*	6
NC_045512.2	25408	A	G	1603	93	36	1	0	37	0.000623053	1605	0.750078	FALSE	ORF3a:cds-YP_009724391.1	AGA	R	GGA	G	6
NC_045512.2	25411	A	G	1730	149	37	1	1	37	0.000577701	1731	0.750217	FALSE	ORF3a:cds-YP_009724391.1	ATC	I	GTC	V	7
NC_045512.2	25416	C	T	0	0	0	1909	215	39	1	1909	0	TRUE	ORF3a:cds-YP_009724391.1	TTC	F	TTT	F	8
NC_045512.2	25417	A	G	1910	227	39	1	1	37	0.000523286	1911	0.750196	FALSE	ORF3a:cds-YP_009724391.1	ACA	T	GCA	A	9
NC_045512.2	25421	T	C	2072	232	39	1	0	37	0.000482393	2073	0.875181	FALSE	ORF3a:cds-YP_009724391.1	ATT	I	ACT	T	10
NC_045512.2	25424	G	T	2168	251	39	1	0	37	0.000461042	2169	0.875173	FALSE	ORF3a:cds-YP_009724391.1	GGA	G	GTA	V	11
NC_045512.2	25425	A	G	2244	263	39	1	0	25	0.000445434	2245	1	FALSE	ORF3a:cds-YP_009724391.1	GGA	G	GGG	G	11
NC_045512.2	25427	C	T	2451	263	39	1	0	37	0.00040783	2452	0.875153	FALSE	ORF3a:cds-YP_009724391.1	ACT	T	ATT	I	12
NC_045512.2	25428	T	G	2459	266	39	1	0	37	0.000406009	2463	0.874924	FALSE	ORF3a:cds-YP_009724391.1	ACT	T	ACG	T	12
NC_045512.2	25428	T	C	2459	266	39	1	0	37	0.000406009	2463	0.874924	FALSE	ORF3a:cds-YP_009724391.1	ACT	T	ACC	T	12
NC_045512.2	25428	T	A	2459	266	39	2	0	42	0.000812018	2463	0.249848	FALSE	ORF3a:cds-YP_009724391.1	ACT	T	ACA	T	12
NC_045512.2	25434	T	A	2899	369	40	1	0	25	0.000344828	2900	1	FALSE	ORF3a:cds-YP_009724391.1	ACT	T	ACA	T	14
NC_045512.2	25435	T	C	2912	405	41	1	0	37	0.000343289	2913	0.875129	FALSE	ORF3a:cds-YP_009724391.1	TTG	L	CTG	L	15
NC_045512.2	25439	A	G	2976	418	41	2	1	55	0.000671592	2978	0.250042	FALSE	ORF3a:cds-YP_009724391.1	AAG	K	AGG	R	16
NC_045512.2	25443	A	G	2985	421	40	1	0	37	0.000334896	2986	0.875126	FALSE	ORF3a:cds-YP_009724391.1	CAA	Q	CAG	Q	17
NC_045512.2	25444	G	T	3168	427	40	1	0	37	0.000315557	3169	0.937599	FALSE	ORF3a:cds-YP_009724391.1	GGT	G	TGT	C	18
NC_045512.2	25445	G	C	3222	427	40	1	0	37	0.000309885	3227	0.937442	FALSE	ORF3a:cds-YP_009724391.1	GGT	G	GCT	A	18
NC_045512.2	25445	G	A	3222	427	40	4	1	34	0.00123954	3227	0.5	FALSE	ORF3a:cds-YP_009724391.1	GGT	G	GAT	D	18
NC_045512.2	25447	G	A	3267	469	41	1	1	37	0.000305998	3268	0.937596	FALSE	ORF3a:cds-YP_009724391.1	GAA	E	AAA	K	19
NC_045512.2	25447	G	-A	3267	469	41	1	0	20	0.000305998	3268	1	FALSE	NA	NA	NA	NA	NA	NA
NC_045512.2	25453	A	G	3446	487	41	2	1	37	0.000580046	3448	0.812681	FALSE	ORF3a:cds-YP_009724391.1	AAG	K	GAG	E	21
NC_045512.2	25454	A	G	3446	493	41	4	1	52	0.00115942	3450	0.0624819	FALSE	ORF3a:cds-YP_009724391.1	AAG	K	AGG	R	21
NC_045512.2	25456	G	T	3503	514	41	1	0	25	0.000285388	3504	1	FALSE	ORF3a:cds-YP_009724391.1	GAT	D	TAT	Y	22
NC_045512.2	25457	A	G	3812	515	41	1	0	37	0.000262261	3813	0.937582	FALSE	ORF3a:cds-YP_009724391.1	GAT	D	GGT	G	22
NC_045512.2	25459	G	A	3924	515	41	1	0	37	0.000254777	3925	0.93758	FALSE	ORF3a:cds-YP_009724391.1	GCT	A	ACT	T	23
NC_045512.2	25460	C	T	3909	511	41	8	3	44	0.00204238	3917	0.00389628	TRUE	ORF3a:cds-YP_009724391.1	GCT	A	GTT	V	23
NC_045512.2	25461	T	C	3932	538	41	3	0	37	0.000762195	3936	0.65631	FALSE	ORF3a:cds-YP_009724391.1	GCT	A	GCC	A	23
NC_045512.2	25461	T	A	3932	538	41	1	0	37	0.000254065	3936	0.937484	FALSE	ORF3a:cds-YP_009724391.1	GCT	A	GCA	A	23
NC_045512.2	25464	T	C	3985	597	42	1	0	37	0.000250878	3986	0.937578	FALSE	ORF3a:cds-YP_009724391.1	ACT	T	ACC	T	24
NC_045512.2	25465	C	T	4265	599	41	1	0	37	0.000234357	4267	0.968787	FALSE	ORF3a:cds-YP_009724391.1	CCT	P	TCT	S	25
NC_045512.2	25465	C	A	4265	599	41	1	0	37	0.000234357	4267	0.968787	FALSE	ORF3a:cds-YP_009724391.1	CCT	P	ACT	T	25
NC_045512.2	25467	T	C	4258	608	41	1	0	37	0.000234797	4259	0.968805	FALSE	ORF3a:cds-YP_009724391.1	CCT	P	CCC	P	25
NC_045512.2	25468	T	G	4251	610	41	1	1	37	0.000235128	4253	0.968787	FALSE	ORF3a:cds-YP_009724391.1	TCA	S	GCA	A	26
NC_045512.2	25468	T	A	4251	610	41	1	0	74	0.000235128	4253	0.5	FALSE	ORF3a:cds-YP_009724391.1	TCA	S	ACA	T	26
NC_045512.2	25471	G	T	4356	608	41	1	0	25	0.000229516	4357	1	FALSE	ORF3a:cds-YP_009724391.1	GAT	D	TAT	Y	27
NC_045512.2	25472	A	G	4074	604	37	1	0	37	0.000245399	4075	0.968808	FALSE	ORF3a:cds-YP_009724391.1	GAT	D	GGT	G	27
NC_045512.2	25472	A	-T	4074	604	37	2	0	20	0.000490798	4075	1	FALSE	NA	NA	NA	NA	NA	NA
NC_045512.2	25473	T	A	4384	613	41	1	0	37	0.00022805	4385	0.968768	FALSE	ORF3a:cds-YP_009724391.1	GAT	D	GAA	E	27
NC_045512.2	25477	G	A	4378	628	41	1	0	37	0.000228363	4379	0.968804	FALSE	ORF3a:cds-YP_009724391.1	GTT	V	ATT	I	29
NC_045512.2	25480	C	T	4389	635	41	2	0	37	0.000455477	4391	0.890758	FALSE	ORF3a:cds-YP_009724391.1	CGC	R	TGC	C	30
NC_045512.2	25482	C	T	4463	632	41	1	0	37	0.000223914	4466	0.968768	FALSE	ORF3a:cds-YP_009724391.1	CGC	R	CGT	R	30
NC_045512.2	25482	C	A	4463	632	41	2	0	37	0.000447828	4466	0.890704	FALSE	ORF3a:cds-YP_009724391.1	CGC	R	CGA	R	30
NC_045512.2	25483	G	C	4464	658	41	1	0	37	0.000223714	4470	0.968715	FALSE	ORF3a:cds-YP_009724391.1	GCT	A	CCT	P	31
NC_045512.2	25483	G	A	4464	658	41	5	1	44	0.00111857	4470	0.031215	FALSE	ORF3a:cds-YP_009724391.1	GCT	A	ACT	T	31
NC_045512.2	25484	C	A	4652	668	42	1	0	37	0.000214915	4653	0.9688	FALSE	ORF3a:cds-YP_009724391.1	GCT	A	GAT	D	31
NC_045512.2	25488	T	C	4835	697	42	1	1	74	0.000206782	4836	0.500052	FALSE	ORF3a:cds-YP_009724391.1	ACT	T	ACC	T	32
NC_045512.2	25489	G	A	4693	742	41	2	0	37	0.000425985	4695	0.89075	FALSE	ORF3a:cds-YP_009724391.1	GCA	A	ACA	T	33
NC_045512.2	25490	C	T	4644	769	41	4	0	46	0.0008604	4649	0.0624597	FALSE	ORF3a:cds-YP_009724391.1	GCA	A	GTA	V	33
NC_045512.2	25490	C	G	4644	769	41	1	0	74	0.0002151	4649	0.499839	FALSE	ORF3a:cds-YP_009724391.1	GCA	A	GGA	G	33
NC_045512.2	25494	G	A	4357	905	41	1	0	37	0.000229463	4358	0.968804	FALSE	ORF3a:cds-YP_009724391.1	ACG	T	ACA	T	34
NC_045512.2	25495	A	C	4360	897	41	3	0	37	0.0006876	4363	0.773626	FALSE	ORF3a:cds-YP_009724391.1	ATA	I	CTA	L	35
NC_045512.2	25496	T	A	4330	885	41	1	0	25	0.000230894	4331	1	FALSE	ORF3a:cds-YP_009724391.1	ATA	I	AAA	K	35
NC_045512.2	25498	C	T	4311	921	41	3	0	37	0.00069541	4314	0.773628	FALSE	ORF3a:cds-YP_009724391.1	CCG	P	TCG	S	36
NC_045512.2	25499	C	T	4298	913	41	6	1	35	0.00139405	4304	0.377025	FALSE	ORF3a:cds-YP_009724391.1	CCG	P	CTG	L	36
NC_045512.2	25500	G	A	4305	917	41	5	1	34	0.00116009	4310	0.500143	FALSE	ORF3a:cds-YP_009724391.1	CCG	P	CCA	P	36
NC_045512.2	25504	C	A	4665	991	40	2	0	37	0.000428541	4667	0.890751	FALSE	ORF3a:cds-YP_009724391.1	CAA	Q	AAA	K	38
NC_045512.2	25505	A	T	4659	978	39	1	0	37	0.000214592	4660	0.9688	FALSE	ORF3a:cds-YP_009724391.1	CAA	Q	CTA	L	38
NC_045512.2	25506	A	T	4597	1005	39	1	0	37	0.000217439	4599	0.968784	FALSE	ORF3a:cds-YP_009724391.1	CAA	Q	CAT	H	38
NC_045512.2	25506	A	G	4597	1005	39	1	0	37	0.000217439	4599	0.968784	FALSE	ORF3a:cds-YP_009724391.1	CAA	Q	CAG	Q	38
NC_045512.2	25507	G	T	4516	1022	38	1	0	37	0.000221337	4518	0.968785	FALSE	ORF3a:cds-YP_009724391.1	GCC	A	TCC	S	39
NC_045512.2	25507	G	A	4516	1022	38	1	0	37	0.000221337	4518	0.968785	FALSE	ORF3a:cds-YP_009724391.1	GCC	A	ACC	T	39
NC_045512.2	25508	C	T	4939	1014	39	1	0	37	0.000202429	4940	0.968797	FALSE	ORF3a:cds-YP_009724391.1	GCC	A	GTC	V	39
NC_045512.2	25509	C	T	4972	1068	40	1	1	74	0.000201045	4974	0.5	FALSE	ORF3a:cds-YP_009724391.1	GCC	A	GCT	A	39
NC_045512.2	25509	C	G	4972	1068	40	1	0	25	0.000201045	4974	1	FALSE	ORF3a:cds-YP_009724391.1	GCC	A	GCG	A	39
NC_045512.2	25510	T	G	4863	977	40	1	1	37	0.000205508	4866	0.968766	FALSE	ORF3a:cds-YP_009724391.1	TCA	S	GCA	A	40
NC_045512.2	25510	T	C	4863	977	40	2	1	37	0.000411015	4866	0.890697	FALSE	ORF3a:cds-YP_009724391.1	TCA	S	CCA	P	40
NC_045512.2	25513	C	A	4843	1020	40	2	0	37	0.000412797	4845	0.890746	FALSE	ORF3a:cds-YP_009724391.1	CTC	L	ATC	I	41
NC_045512.2	25514	T	C	4797	1038	39	1	0	37	0.00020842	4798	0.968799	FALSE	ORF3a:cds-YP_009724391.1	CTC	L	CCC	P	41
NC_045512.2	25515	C	T	4870	1030	40	1	0	37	0.000205297	4871	0.968798	FALSE	ORF3a:cds-YP_009724391.1	CTC	L	CTT	L	41
NC_045512.2	25516	C	A	4808	1006	39	2	1	37	0.0004158	4810	0.890747	FALSE	ORF3a:cds-YP_009724391.1	CCT	P	ACT	T	42
NC_045512.2	25517	C	T	4827	974	39	1	0	37	0.000207039	4830	0.968766	FALSE	ORF3a:cds-YP_009724391.1	CCT	P	CTT	L	42
NC_045512.2	25517	C	A	4827	974	39	2	1	49	0.000414079	4830	0.249974	FALSE	ORF3a:cds-YP_009724391.1	CCT	P	CAT	H	42
NC_045512.2	25517	C	-T	4827	974	39	1	0	20	0.000207039	4830	1	FALSE	NA	NA	NA	NA	NA	NA
NC_045512.2	25518	T	G	4711	962	39	1	0	37	0.000212179	4713	0.968767	FALSE	ORF3a:cds-YP_009724391.1	CCT	P	CCG	P	42
NC_045512.2	25518	T	C	4711	962	39	1	1	37	0.000212179	4713	0.968767	FALSE	ORF3a:cds-YP_009724391.1	CCT	P	CCC	P	42
NC_045512.2	25519	T	G	5138	1810	43	1	0	37	0.00019459	5139	0.984407	FALSE	ORF3a:cds-YP_009724391.1	TTC	F	GTC	V	43
NC_045512.2	25521	C	T	5331	1949	44	1	0	37	0.000187547	5332	0.984406	FALSE	ORF3a:cds-YP_009724391.1	TTC	F	TTT	F	43
NC_045512.2	25523	G	T	5311	1942	44	1	0	37	0.000188253	5312	0.984406	FALSE	ORF3a:cds-YP_009724391.1	GGA	G	GTA	V	44
NC_045512.2	25524	A	G	5256	1937	44	2	0	37	0.0003803	5259	0.937562	FALSE	ORF3a:cds-YP_009724391.1	GGA	G	GGG	G	44
NC_045512.2	25524	A	C	5256	1937	44	1	0	37	0.00019015	5259	0.984388	FALSE	ORF3a:cds-YP_009724391.1	GGA	G	GGC	G	44
NC_045512.2	25525	T	G	5177	1957	43	1	1	37	0.000193125	5178	0.984407	FALSE	ORF3a:cds-YP_009724391.1	TGG	W	GGG	G	45
NC_045512.2	25527	G	T	5808	2062	43	1	0	37	0.000171969	5815	0.984355	FALSE	ORF3a:cds-YP_009724391.1	TGG	W	TGT	C	45
NC_045512.2	25527	G	A	5808	2062	43	6	2	43	0.00103181	5815	0.0156048	FALSE	ORF3a:cds-YP_009724391.1	TGG	W	TGA	*	45
NC_045512.2	25528	C	T	5584	2076	42	2	0	25	0.000357974	5587	1	FALSE	ORF3a:cds-YP_009724391.1	CTT	L	TTT	F	46
NC_045512.2	25528	C	G	5584	2076	42	1	0	25	0.000178987	5587	1	FALSE	ORF3a:cds-YP_009724391.1	CTT	L	GTT	V	46
NC_045512.2	25529	T	C	5430	2150	42	1	0	37	0.000184128	5431	0.984405	FALSE	ORF3a:cds-YP_009724391.1	CTT	L	CCT	P	46
NC_045512.2	25532	T	C	5534	2195	42	1	0	74	0.000180668	5535	0.500045	FALSE	ORF3a:cds-YP_009724391.1	ATT	I	ACT	T	47
NC_045512.2	25533	T	C	5737	2201	43	1	1	37	0.000174277	5738	0.984404	FALSE	ORF3a:cds-YP_009724391.1	ATT	I	ATC	I	47
NC_045512.2	25534	G	A	5610	2268	42	1	0	25	0.000178221	5611	1	FALSE	ORF3a:cds-YP_009724391.1	GTT	V	ATT	I	48
NC_045512.2	25535	T	C	5350	2070	42	5	0	34	0.000933707	5355	0.623219	FALSE	ORF3a:cds-YP_009724391.1	GTT	V	GCT	A	48
NC_045512.2	25537	G	A	5376	2036	42	1	1	74	0.000185977	5377	0.500046	FALSE	ORF3a:cds-YP_009724391.1	GGC	G	AGC	S	49
NC_045512.2	25538	G	T	5467	2078	42	2	2	31	0.000365698	5469	0.93759	FALSE	ORF3a:cds-YP_009724391.1	GGC	G	GTC	V	49
NC_045512.2	25539	C	T	5478	2065	42	8	2	35	0.00145826	5486	0.290527	FALSE	ORF3a:cds-YP_009724391.1	GGC	G	GGT	G	49
NC_045512.2	25541	T	C	5500	2066	42	3	0	33	0.000545157	5503	0.855618	FALSE	ORF3a:cds-YP_009724391.1	GTT	V	GCT	A	50
NC_045512.2	25542	T	C	5524	2079	43	3	2	37	0.00054279	5527	0.855617	FALSE	ORF3a:cds-YP_009724391.1	GTT	V	GTC	V	50
NC_045512.2	25543	G	A	5517	2069	42	5	0	34	0.000905469	5522	0.623214	FALSE	ORF3a:cds-YP_009724391.1	GCA	A	ACA	T	51
NC_045512.2	25544	C	T	5473	2093	42	5	2	37	0.000912742	5478	0.623215	FALSE	ORF3a:cds-YP_009724391.1	GCA	A	GTA	V	51
NC_045512.2	25548	T	C	5295	2099	41	1	0	62	0.000188822	5296	0.500047	FALSE	ORF3a:cds-YP_009724391.1	CTT	L	CTC	L	52
NC_045512.2	25549	C	T	5367	2088	42	1	0	37	0.000186289	5368	0.984406	FALSE	ORF3a:cds-YP_009724391.1	CTT	L	TTT	F	53
NC_045512.2	25551	T	C	5307	2188	42	1	0	37	0.000188395	5308	0.984406	FALSE	ORF3a:cds-YP_009724391.1	CTT	L	CTC	L	53
NC_045512.2	25552	G	T	5371	2213	42	2	0	55	0.000372093	5375	0.24993	FALSE	ORF3a:cds-YP_009724391.1	GCT	A	TCT	S	54
NC_045512.2	25552	G	A	5371	2213	42	2	1	31	0.000372093	5375	0.937531	FALSE	ORF3a:cds-YP_009724391.1	GCT	A	ACT	T	54
NC_045512.2	25553	C	T	5379	2205	42	2	0	55	0.000371609	5382	0.249977	FALSE	ORF3a:cds-YP_009724391.1	GCT	A	GTT	V	54
NC_045512.2	25553	C	G	5379	2205	42	1	1	37	0.000185805	5382	0.984388	FALSE	ORF3a:cds-YP_009724391.1	GCT	A	GGT	G	54
NC_045512.2	25554	T	C	5403	2226	42	1	1	37	0.000185048	5404	0.984405	FALSE	ORF3a:cds-YP_009724391.1	GCT	A	GCC	A	54
NC_045512.2	25555	G	-T	5513	2229	42	2	0	20	0.000362779	5513	1	FALSE	NA	NA	NA	NA	NA	NA
NC_045512.2	25557	T	C	5413	2199	41	1	0	37	0.000184706	5414	0.984405	FALSE	ORF3a:cds-YP_009724391.1	GTT	V	GTC	V	55
NC_045512.2	25558	T	A	5411	2433	41	3	2	37	0.000554119	5414	0.85562	FALSE	ORF3a:cds-YP_009724391.1	TTT	F	ATT	I	56
NC_045512.2	25559	T	C	5341	2465	41	1	0	37	0.000187161	5343	0.984397	FALSE	ORF3a:cds-YP_009724391.1	TTT	F	TCT	S	56
NC_045512.2	25559	T	A	5341	2465	41	1	0	37	0.000187161	5343	0.984397	FALSE	ORF3a:cds-YP_009724391.1	TTT	F	TAT	Y	56
NC_045512.2	25560	T	C	5387	2505	41	1	1	37	0.000185598	5388	0.984405	FALSE	ORF3a:cds-YP_009724391.1	TTT	F	TTC	F	56
NC_045512.2	25561	C	A	5397	2520	41	1	0	37	0.000185254	5398	0.984405	FALSE	ORF3a:cds-YP_009724391.1	CAG	Q	AAG	K	57
NC_045512.2	25562	A	G	5322	2468	41	3	1	37	0.00056338	5325	0.855623	FALSE	ORF3a:cds-YP_009724391.1	CAG	Q	CGG	R	57
NC_045512.2	25563	G	T	5350	2479	41	1	0	37	0.000186881	5351	0.984406	FALSE	ORF3a:cds-YP_009724391.1	CAG	Q	CAT	H	57
NC_045512.2	25565	G	A	5253	2399	41	1	0	37	0.000190331	5254	0.984406	FALSE	ORF3a:cds-YP_009724391.1	AGC	S	AAC	N	58
NC_045512.2	25566	C	T	5116	2470	41	1	0	74	0.000195427	5117	0.500049	FALSE	ORF3a:cds-YP_009724391.1	AGC	S	AGT	S	58
NC_045512.2	25567	G	A	5209	2601	41	8	5	50	0.00153345	5217	0.00389876	TRUE	ORF3a:cds-YP_009724391.1	GCT	A	ACT	T	59
NC_045512.2	25568	C	T	5236	2596	41	1	0	37	0.000190949	5237	0.984406	FALSE	ORF3a:cds-YP_009724391.1	GCT	A	GTT	V	59
NC_045512.2	25570	T	A	5218	2600	41	1	1	74	0.000191608	5219	0.500048	FALSE	ORF3a:cds-YP_009724391.1	TCC	S	ACC	T	60
NC_045512.2	25572	C	T	5274	2734	41	1	0	37	0.000189573	5275	0.984406	FALSE	ORF3a:cds-YP_009724391.1	TCC	S	TCT	S	60
NC_045512.2	25572	C	-A	5274	2734	41	4	0	20	0.000758294	5275	1	FALSE	NA	NA	NA	NA	NA	NA
NC_045512.2	25573	A	G	5294	2761	41	4	2	46	0.000755002	5298	0.0623939	FALSE	ORF3a:cds-YP_009724391.1	AAA	K	GAA	E	61
NC_045512.2	25577	T	C	5412	2812	42	2	1	37	0.000369413	5414	0.937591	FALSE	ORF3a:cds-YP_009724391.1	ATC	I	ACC	T	62
NC_045512.2	25578	C	A	5408	2812	42	2	0	55	0.000369686	5410	0.250023	FALSE	ORF3a:cds-YP_009724391.1	ATC	I	ATA	I	62
NC_045512.2	25579	A	T	5498	2930	41	1	1	37	0.000181851	5499	0.984405	FALSE	ORF3a:cds-YP_009724391.1	ATA	I	TTA	L	63
NC_045512.2	25580	T	C	5537	2986	42	1	1	37	0.000180571	5538	0.984405	FALSE	ORF3a:cds-YP_009724391.1	ATA	I	ACA	T	63
NC_045512.2	25581	A	T	5539	2977	42	2	2	55	0.000360881	5542	0.249977	FALSE	ORF3a:cds-YP_009724391.1	ATA	I	ATT	I	63
NC_045512.2	25581	A	G	5539	2977	42	1	0	74	0.00018044	5542	0.499955	FALSE	ORF3a:cds-YP_009724391.1	ATA	I	ATG	M	63
NC_045512.2	25584	C	T	3	1	37	5449	2932	41	0.999266	5453	0	TRUE	ORF3a:cds-YP_009724391.1	ACC	T	ACT	T	64
NC_045512.2	25584	C	A	3	1	37	1	1	37	0.000183385	5453	0.00439278	TRUE	ORF3a:cds-YP_009724391.1	ACC	T	ACA	T	64
NC_045512.2	25585	C	T	5523	2996	41	1	1	48	0.000181028	5524	0.500045	FALSE	ORF3a:cds-YP_009724391.1	CTC	L	TTC	F	65
NC_045512.2	25586	T	C	5438	2924	41	1	1	37	0.000183824	5440	0.984397	FALSE	ORF3a:cds-YP_009724391.1	CTC	L	CCC	P	65
NC_045512.2	25586	T	A	5438	2924	41	1	1	22	0.000183824	5440	1	FALSE	ORF3a:cds-YP_009724391.1	CTC	L	CAC	H	65
NC_045512.2	25587	C	A	5430	3012	41	1	1	37	0.000184128	5431	0.984405	FALSE	ORF3a:cds-YP_009724391.1	CTC	L	CTA	L	65
NC_045512.2	25587	C	-A	5430	3012	41	3	0	20	0.000552384	5431	1	FALSE	NA	NA	NA	NA	NA	NA
NC_045512.2	25591	A	G	5345	2973	40	1	0	25	0.000187056	5346	1	FALSE	ORF3a:cds-YP_009724391.1	AAG	K	GAG	E	67
NC_045512.2	25592	A	C	5346	3008	40	1	1	25	0.000187021	5347	1	FALSE	ORF3a:cds-YP_009724391.1	AAG	K	ACG	T	67
NC_045512.2	25593	G	T	5406	3096	41	1	0	25	0.000184945	5407	1	FALSE	ORF3a:cds-YP_009724391.1	AAG	K	AAT	N	67
NC_045512.2	25594	A	G	5312	2984	40	1	1	37	0.000188218	5313	0.984406	FALSE	ORF3a:cds-YP_009724391.1	AGA	R	GGA	G	68
NC_045512.2	25598	G	T	5237	2976	41	1	1	37	0.000190913	5238	0.984406	FALSE	ORF3a:cds-YP_009724391.1	TGG	W	TTG	L	69
NC_045512.2	25599	G	T	5229	2992	41	2	2	49	0.000382044	5235	0.249833	FALSE	ORF3a:cds-YP_009724391.1	TGG	W	TGT	C	69
NC_045512.2	25599	G	A	5229	2992	41	4	2	37	0.000764088	5235	0.746094	FALSE	ORF3a:cds-YP_009724391.1	TGG	W	TGA	*	69
NC_045512.2	25600	C	T	5277	3003	41	6	3	43	0.00113572	5283	0.0156117	FALSE	ORF3a:cds-YP_009724391.1	CAA	Q	TAA	*	70
NC_045512.2	25601	A	G	5335	3028	41	1	1	37	0.000187371	5337	0.984397	FALSE	ORF3a:cds-YP_009724391.1	CAA	Q	CGA	R	70
NC_045512.2	25601	A	C	5335	3028	41	1	0	37	0.000187371	5337	0.984397	FALSE	ORF3a:cds-YP_009724391.1	CAA	Q	CCA	P	70
NC_045512.2	25602	A	G	4975	3143	39	1	1	37	0.000200965	4976	0.968797	FALSE	ORF3a:cds-YP_009724391.1	CAA	Q	CAG	Q	70
NC_045512.2	25603	C	T	5041	3168	39	1	1	37	0.000198334	5042	0.984408	FALSE	ORF3a:cds-YP_009724391.1	CTA	L	TTA	L	71
NC_045512.2	25604	T	C	5031	3151	39	2	2	37	0.000397377	5033	0.937598	FALSE	ORF3a:cds-YP_009724391.1	CTA	L	CCA	P	71
NC_045512.2	25606	G	A	5002	3148	39	12	8	40	0.0023933	5014	0.000242828	TRUE	ORF3a:cds-YP_009724391.1	GCA	A	ACA	T	72
NC_045512.2	25607	C	T	5034	3168	39	4	3	37	0.000793966	5038	0.746289	FALSE	ORF3a:cds-YP_009724391.1	GCA	A	GTA	V	72
NC_045512.2	25609	C	T	4949	3305	39	1	0	37	0.00020202	4950	0.968797	FALSE	ORF3a:cds-YP_009724391.1	CTC	L	TTC	F	73
NC_045512.2	25610	T	G	4931	3331	39	11	11	37	0.00222582	4942	0.0591418	FALSE	ORF3a:cds-YP_009724391.1	CTC	L	CGC	R	73
NC_045512.2	25611	C	A	6092	3351	39	1	0	37	0.000164123	6093	0.992205	FALSE	ORF3a:cds-YP_009724391.1	CTC	L	CTA	L	73
NC_045512.2	25612	T	C	6055	3320	39	2	0	31	0.000330196	6057	0.964907	FALSE	ORF3a:cds-YP_009724391.1	TCC	S	CCC	P	74
NC_045512.2	25613	C	A	6050	3304	39	2	1	55	0.000330469	6052	0.250021	FALSE	ORF3a:cds-YP_009724391.1	TCC	S	TAC	Y	74
NC_045512.2	25614	C	A	6056	3344	39	1	0	37	0.000165098	6057	0.992206	FALSE	ORF3a:cds-YP_009724391.1	TCC	S	TCA	S	74
NC_045512.2	25615	A	T	6043	3346	39	1	0	74	0.000165371	6047	0.499917	FALSE	ORF3a:cds-YP_009724391.1	AAG	K	TAG	*	75
NC_045512.2	25615	A	C	6043	3346	39	3	2	37	0.000496114	6047	0.910238	FALSE	ORF3a:cds-YP_009724391.1	AAG	K	CAG	Q	75
NC_045512.2	25616	A	G	5997	3351	38	4	3	46	0.000666445	6002	0.0624688	FALSE	ORF3a:cds-YP_009724391.1	AAG	K	AGG	R	75
NC_045512.2	25616	A	C	5997	3351	38	1	1	37	0.000166611	6002	0.992188	FALSE	ORF3a:cds-YP_009724391.1	AAG	K	ACG	T	75
NC_045512.2	25617	G	A	6008	3378	39	1	1	37	0.000166417	6009	0.992206	FALSE	ORF3a:cds-YP_009724391.1	AAG	K	AAA	K	75
NC_045512.2	25618	G	A	5970	3332	38	1	1	37	0.000167476	5971	0.984402	FALSE	ORF3a:cds-YP_009724391.1	GGT	G	AGT	S	76
NC_045512.2	25619	G	A	5975	3323	39	5	4	34	0.00083612	5980	0.623201	FALSE	ORF3a:cds-YP_009724391.1	GGT	G	GAT	D	76
NC_045512.2	25619	G	+C	5975	3323	39	1	0	20	0.000167224	5980	1	FALSE	NA	NA	NA	NA	NA	NA
NC_045512.2	25620	T	C	4544	2073	38	3	1	37	0.000659776	4547	0.773618	FALSE	ORF3a:cds-YP_009724391.1	GGT	G	GGC	G	76
NC_045512.2	25621	G	C	4850	2260	40	1	0	37	0.000206101	4852	0.968782	FALSE	ORF3a:cds-YP_009724391.1	GTT	V	CTT	L	77
NC_045512.2	25621	G	A	4850	2260	40	1	1	37	0.000206101	4852	0.968782	FALSE	ORF3a:cds-YP_009724391.1	GTT	V	ATT	I	77
NC_045512.2	25622	T	C	4744	2273	39	2	0	55	0.000421408	4746	0.250026	FALSE	ORF3a:cds-YP_009724391.1	GTT	V	GCT	A	77
NC_045512.2	25623	T	C	4796	2278	40	1	0	37	0.000208464	4797	0.968799	FALSE	ORF3a:cds-YP_009724391.1	GTT	V	GTC	V	77
NC_045512.2	25625	A	T	4798	2247	40	1	0	37	0.000208377	4799	0.968799	FALSE	ORF3a:cds-YP_009724391.1	CAC	H	CTC	L	78
NC_045512.2	25626	C	T	2747	1315	39	1855	952	38	0.403086	4602	0	TRUE	ORF3a:cds-YP_009724391.1	CAC	H	CAT	H	78
NC_045512.2	25627	T	G	4272	2200	38	1	0	25	0.000233973	4274	1	FALSE	ORF3a:cds-YP_009724391.1	TTT	F	GTT	V	79
NC_045512.2	25627	T	C	4272	2200	38	1	0	37	0.000233973	4274	0.968787	FALSE	ORF3a:cds-YP_009724391.1	TTT	F	CTT	L	79
NC_045512.2	25630	G	C	4431	2290	39	1	0	37	0.000225632	4432	0.968803	FALSE	ORF3a:cds-YP_009724391.1	GTT	V	CTT	L	80
NC_045512.2	25631	T	C	4394	2271	39	1	1	37	0.00022748	4396	0.968786	FALSE	ORF3a:cds-YP_009724391.1	GTT	V	GCT	A	80
NC_045512.2	25631	T	A	4394	2271	39	1	0	25	0.00022748	4396	1	FALSE	ORF3a:cds-YP_009724391.1	GTT	V	GAT	D	80
NC_045512.2	25634	G	A	4589	2601	40	2	1	37	0.000435635	4591	0.890753	FALSE	ORF3a:cds-YP_009724391.1	TGC	C	TAC	Y	81
NC_045512.2	25635	C	T	4593	2598	40	4	1	37	0.000870133	4597	0.636897	FALSE	ORF3a:cds-YP_009724391.1	TGC	C	TGT	C	81
NC_045512.2	25636	A	G	4611	2601	40	2	1	31	0.000433557	4613	0.890752	FALSE	ORF3a:cds-YP_009724391.1	AAC	N	GAC	D	82
NC_045512.2	25639	T	C	4533	2655	39	1	1	22	0.000220556	4534	1	FALSE	ORF3a:cds-YP_009724391.1	TTG	L	CTG	L	83
NC_045512.2	25639	T	-TGC	4533	2655	39	1	0	20	0.000220556	4534	1	FALSE	NA	NA	NA	NA	NA	NA
NC_045512.2	25640	T	C	4632	2750	40	1	0	37	0.000215796	4634	0.968767	FALSE	ORF3a:cds-YP_009724391.1	TTG	L	TCG	S	83
NC_045512.2	25640	T	A	4632	2750	40	1	1	37	0.000215796	4634	0.968767	FALSE	ORF3a:cds-YP_009724391.1	TTG	L	TAG	*	83
NC_045512.2	25641	G	A	4621	2740	40	2	2	55	0.00043262	4623	0.249973	FALSE	ORF3a:cds-YP_009724391.1	TTG	L	TTA	L	83
NC_045512.2	25642	C	T	4639	2752	40	2	2	37	0.000430942	4641	0.890701	FALSE	ORF3a:cds-YP_009724391.1	CTG	L	TTG	L	84
NC_045512.2	25646	T	C	4636	2753	40	1	0	37	0.000215657	4637	0.968801	FALSE	ORF3a:cds-YP_009724391.1	TTG	L	TCG	S	85
NC_045512.2	25647	G	A	4620	2754	40	3	2	37	0.000648929	4623	0.773615	FALSE	ORF3a:cds-YP_009724391.1	TTG	L	TTA	L	85
NC_045512.2	25649	T	G	5282	3695	43	5	5	37	0.000945716	5287	0.623222	FALSE	ORF3a:cds-YP_009724391.1	TTG	L	TGG	W	86
NC_045512.2	25652	T	G	5564	4041	43	1	1	74	0.000179695	5565	0.500045	FALSE	ORF3a:cds-YP_009724391.1	TTT	F	TGT	C	87
NC_045512.2	25654	G	A	5554	4052	43	2	1	37	0.000359971	5556	0.937589	FALSE	ORF3a:cds-YP_009724391.1	GTA	V	ATA	I	88
NC_045512.2	25655	T	C	5556	4042	43	2	2	37	0.000359842	5558	0.937589	FALSE	ORF3a:cds-YP_009724391.1	GTA	V	GCA	A	88
NC_045512.2	25655	T	-A	5556	4042	43	1	0	20	0.000179921	5558	1	FALSE	NA	NA	NA	NA	NA	NA
NC_045512.2	25661	T	C	5247	3848	43	1	1	62	0.000190512	5249	0.5	FALSE	ORF3a:cds-YP_009724391.1	GTT	V	GCT	A	90
NC_045512.2	25661	T	A	5247	3848	43	1	1	37	0.000190512	5249	0.984397	FALSE	ORF3a:cds-YP_009724391.1	GTT	V	GAT	D	90
NC_045512.2	25664	A	T	5235	3828	43	1	0	37	0.000190985	5236	0.984406	FALSE	ORF3a:cds-YP_009724391.1	TAC	Y	TTC	F	91
NC_045512.2	25665	C	T	5250	3847	43	1	1	62	0.00019044	5251	0.500048	FALSE	ORF3a:cds-YP_009724391.1	TAC	Y	TAT	Y	91
NC_045512.2	25666	T	C	5257	3852	43	3	3	33	0.000570342	5260	0.855625	FALSE	ORF3a:cds-YP_009724391.1	TCA	S	CCA	P	92
NC_045512.2	25669	C	T	5020	3638	43	1	1	37	0.000199164	5021	0.984408	FALSE	ORF3a:cds-YP_009724391.1	CAC	H	TAC	Y	93
NC_045512.2	25671	C	T	4975	3601	43	1	1	37	0.000200965	4976	0.968797	FALSE	ORF3a:cds-YP_009724391.1	CAC	H	CAT	H	93
NC_045512.2	25672	C	-T	4958	3588	43	9	0	20	0.00181525	4958	1	FALSE	NA	NA	NA	NA	NA	NA
NC_045512.2	25673	T	G	4796	3424	43	1	1	37	0.000208333	4800	0.968603	FALSE	ORF3a:cds-YP_009724391.1	CTT	L	CGT	R	94
NC_045512.2	25673	T	C	4796	3424	43	3	3	49	0.000625	4800	0.12461	FALSE	ORF3a:cds-YP_009724391.1	CTT	L	CCT	P	94
NC_045512.2	25677	G	T	4770	3442	43	1	1	25	0.000209293	4778	1	FALSE	ORF3a:cds-YP_009724391.1	TTG	L	TTT	F	95
NC_045512.2	25677	G	A	4770	3442	43	7	6	47	0.00146505	4778	0.00779534	TRUE	ORF3a:cds-YP_009724391.1	TTG	L	TTA	L	95
NC_045512.2	25678	C	T	4716	3406	43	4	3	37	0.000847458	4720	0.636893	FALSE	ORF3a:cds-YP_009724391.1	CTC	L	TTC	F	96
NC_045512.2	25680	C	T	4511	3192	43	1	1	74	0.000221631	4512	0.500055	FALSE	ORF3a:cds-YP_009724391.1	CTC	L	CTT	L	96
NC_045512.2	25682	T	C	4399	3112	43	1	0	37	0.000227273	4400	0.968803	FALSE	ORF3a:cds-YP_009724391.1	GTT	V	GCT	A	97
NC_045512.2	25684	G	A	4451	3162	43	2	2	55	0.000449135	4453	0.250028	FALSE	ORF3a:cds-YP_009724391.1	GCT	A	ACT	T	98
NC_045512.2	25685	C	T	4473	3163	43	3	1	49	0.000670092	4477	0.124958	FALSE	ORF3a:cds-YP_009724391.1	GCT	A	GTT	V	98
NC_045512.2	25685	C	A	4473	3163	43	1	1	37	0.000223364	4477	0.96875	FALSE	ORF3a:cds-YP_009724391.1	GCT	A	GAT	D	98
NC_045512.2	25687	G	A	4406	3169	43	10	9	40	0.00226449	4416	0.000972695	TRUE	ORF3a:cds-YP_009724391.1	GCT	A	ACT	T	99
NC_045512.2	25688	C	T	4394	3189	43	8	5	49	0.00181736	4402	0.00389738	TRUE	ORF3a:cds-YP_009724391.1	GCT	A	GTT	V	99
NC_045512.2	25689	T	C	4384	3167	42	1	1	37	0.00022805	4385	0.968803	FALSE	ORF3a:cds-YP_009724391.1	GCT	A	GCC	A	99
NC_045512.2	25689	T	-G	4384	3167	42	1	0	20	0.00022805	4385	1	FALSE	NA	NA	NA	NA	NA	NA
NC_045512.2	25690	G	T	4391	3176	43	2	2	37	0.000455166	4394	0.890652	FALSE	ORF3a:cds-YP_009724391.1	GGC	G	TGC	C	100
NC_045512.2	25690	G	A	4391	3176	43	1	0	37	0.000227583	4394	0.96875	FALSE	ORF3a:cds-YP_009724391.1	GGC	G	AGC	S	100
NC_045512.2	25691	G	A	4353	3152	42	4	2	46	0.000918063	4357	0.0624856	FALSE	ORF3a:cds-YP_009724391.1	GGC	G	GAC	D	100
NC_045512.2	25692	C	T	4350	3137	42	1	0	74	0.000229832	4351	0.500057	FALSE	ORF3a:cds-YP_009724391.1	GGC	G	GGT	G	100
NC_045512.2	25693	C	-T	4325	3117	42	1	0	20	0.000231214	4325	1	FALSE	NA	NA	NA	NA	NA	NA
NC_045512.2	25694	T	G	4238	3045	42	1	0	37	0.000235793	4241	0.96875	FALSE	ORF3a:cds-YP_009724391.1	CTT	L	CGT	R	101
NC_045512.2	25694	T	A	4238	3045	42	2	1	31	0.000471587	4241	0.890653	FALSE	ORF3a:cds-YP_009724391.1	CTT	L	CAT	H	101
NC_045512.2	25696	G	C	4301	3109	43	1	1	37	0.000232396	4303	0.968786	FALSE	ORF3a:cds-YP_009724391.1	GAA	E	CAA	Q	102
NC_045512.2	25696	G	A	4301	3109	43	1	0	74	0.000232396	4303	0.5	FALSE	ORF3a:cds-YP_009724391.1	GAA	E	AAA	K	102
NC_045512.2	25698	A	T	4274	3090	42	1	1	37	0.000233918	4275	0.968805	FALSE	ORF3a:cds-YP_009724391.1	GAA	E	GAT	D	102
NC_045512.2	25699	G	A	4274	3101	42	2	1	37	0.000467727	4276	0.890762	FALSE	ORF3a:cds-YP_009724391.1	GCC	A	ACC	T	103
NC_045512.2	25700	C	T	4242	3061	42	2	1	37	0.000471254	4244	0.890763	FALSE	ORF3a:cds-YP_009724391.1	GCC	A	GTC	V	103
NC_045512.2	25701	C	T	4195	3027	42	1	1	37	0.000238322	4196	0.968806	FALSE	ORF3a:cds-YP_009724391.1	GCC	A	GCT	A	103
NC_045512.2	25703	C	T	4171	3034	42	1	0	37	0.000239578	4174	0.968769	FALSE	ORF3a:cds-YP_009724391.1	CCT	P	CTT	L	104
NC_045512.2	25703	C	A	4171	3034	42	2	0	37	0.000479157	4174	0.890709	FALSE	ORF3a:cds-YP_009724391.1	CCT	P	CAT	H	104
NC_045512.2	25703	C	+T	4171	3034	42	1	0	20	0.000239578	4174	1	FALSE	NA	NA	NA	NA	NA	NA
NC_045512.2	25703	C	+A	4171	3034	42	1	0	20	0.000239578	4174	1	FALSE	NA	NA	NA	NA	NA	NA
NC_045512.2	25704	T	C	4100	3006	41	1	1	37	0.000243843	4101	0.968807	FALSE	ORF3a:cds-YP_009724391.1	CCT	P	CCC	P	104
NC_045512.2	25705	T	G	4077	3035	41	1	0	20	0.000245158	4079	1	FALSE	ORF3a:cds-YP_009724391.1	TTT	F	GTT	V	105
NC_045512.2	25705	T	C	4077	3035	41	1	0	22	0.000245158	4079	1	FALSE	ORF3a:cds-YP_009724391.1	TTT	F	CTT	L	105
NC_045512.2	25706	T	C	4123	3041	41	1	1	37	0.000242483	4124	0.968807	FALSE	ORF3a:cds-YP_009724391.1	TTT	F	TCT	S	105
NC_045512.2	25708	C	T	4139	3029	42	1	1	37	0.000241546	4140	0.968807	FALSE	ORF3a:cds-YP_009724391.1	CTC	L	TTC	F	106
NC_045512.2	25711	T	C	3786	2796	42	12	2	40	0.00315956	3798	0.000242408	TRUE	ORF3a:cds-YP_009724391.1	TAT	Y	CAT	H	107
NC_045512.2	25717	T	A	3131	2919	37	1	1	37	0.000319285	3132	0.9376	FALSE	ORF3a:cds-YP_009724391.1	TAT	Y	AAT	N	109
NC_045512.2	25721	C	T	3009	2869	37	4	4	37	0.00132758	3013	0.500182	FALSE	ORF3a:cds-YP_009724391.1	GCT	A	GTT	V	110
NC_045512.2	25725	A	G	2755	2628	37	1	1	37	0.000362845	2756	0.875136	FALSE	ORF3a:cds-YP_009724391.1	TTA	L	TTG	L	111
NC_045512.2	25729	T	C	2640	2523	37	1	1	37	0.000378644	2641	0.875142	FALSE	ORF3a:cds-YP_009724391.1	TAC	Y	CAC	H	113
NC_045512.2	25731	C	T	2605	2503	37	1	1	37	0.000383583	2607	0.875072	FALSE	ORF3a:cds-YP_009724391.1	TAC	Y	TAT	Y	113
NC_045512.2	25731	C	G	2605	2503	37	1	1	25	0.000383583	2607	1	FALSE	ORF3a:cds-YP_009724391.1	TAC	Y	TAG	*	113
NC_045512.2	25732	T	A	2564	2460	37	1	1	37	0.000389864	2565	0.875146	FALSE	ORF3a:cds-YP_009724391.1	TTC	F	ATC	I	114
NC_045512.2	25734	C	A	2291	2187	37	1	1	25	0.0004363	2292	1	FALSE	ORF3a:cds-YP_009724391.1	TTC	F	TTA	L	114
NC_045512.2	25735	T	G	2160	2057	36	1	1	37	0.000462535	2162	0.875087	FALSE	ORF3a:cds-YP_009724391.1	TTG	L	GTG	V	115
NC_045512.2	25735	T	C	2160	2057	36	1	0	37	0.000462535	2162	0.875087	FALSE	ORF3a:cds-YP_009724391.1	TTG	L	CTG	L	115
NC_045512.2	25737	G	T	2163	2060	37	1	1	37	0.000461894	2165	0.875087	FALSE	ORF3a:cds-YP_009724391.1	TTG	L	TTT	F	115
NC_045512.2	25737	G	A	2163	2060	37	1	1	37	0.000461894	2165	0.875087	FALSE	ORF3a:cds-YP_009724391.1	TTG	L	TTA	L	115
NC_045512.2	25739	A	G	1988	1893	37	1	1	37	0.000502765	1989	0.750189	FALSE	ORF3a:cds-YP_009724391.1	CAG	Q	CGG	R	116
NC_045512.2	25740	G	-A	1980	1889	37	1	0	20	0.000505051	1980	0.999999	FALSE	NA	NA	NA	NA	NA	NA
NC_045512.2	25791	C	T	73	27	49	1	0	37	0.0135135	74	0.503401	FALSE	ORF3a:cds-YP_009724391.1	TGC	C	TGT	C	133
NC_045512.2	25807	T	C	73	31	44	1	1	37	0.0135135	74	0.503401	FALSE	ORF3a:cds-YP_009724391.1	TTA	L	CTA	L	139
NC_045512.2	25850	G	T	60	41	39	1	1	37	0.0163934	61	0.504132	FALSE	ORF3a:cds-YP_009724391.1	TGT	C	TTT	F	153
NC_045512.2	25878	T	C	53	15	39	1	1	37	0.0185185	54	0.504673	FALSE	ORF3a:cds-YP_009724391.1	AGT	S	AGC	S	162
NC_045512.2	25977	T	C	69	63	39	1	1	37	0.0142857	70	0.503597	FALSE	ORF3a:cds-YP_009724391.1	TCT	S	TCC	S	195
NC_045512.2	26045	A	G	166	4	37	1	0	25	0.00598802	167	0.752252	FALSE	ORF3a:cds-YP_009724391.1	CAA	Q	CGA	R	218
NC_045512.2	26060	C	T	0	0	0	267	8	37	1	267	1.0305e-159	TRUE	ORF3a:cds-YP_009724391.1	ACT	T	ATT	I	223
NC_045512.2	26065	G	-TTGAACATGTTACCTTCT	306	13	38	1	0	20	0.00326797	306	0.938922	FALSE	NA	NA	NA	NA	NA	NA
NC_045512.2	26083	T	A	334	21	39	1	0	37	0.00298507	335	0.5	FALSE	ORF3a:cds-YP_009724391.1	TTC	F	ATC	I	231
NC_045512.2	26103	T	A	360	25	40	1	0	37	0.00277008	361	0.500693	FALSE	ORF3a:cds-YP_009724391.1	GTT	V	GTA	V	237
NC_045512.2	26108	A	G	364	33	40	2	0	37	0.00546448	366	0.250342	FALSE	ORF3a:cds-YP_009724391.1	GAG	E	GGG	G	239
NC_045512.2	26109	G	A	372	45	42	1	0	37	0.00268097	373	0.500671	FALSE	ORF3a:cds-YP_009724391.1	GAG	E	GAA	E	239
NC_045512.2	26115	A	C	376	51	42	1	0	25	0.00265252	377	0.938328	FALSE	ORF3a:cds-YP_009724391.1	GAA	E	GAC	D	241
NC_045512.2	26126	A	G	363	62	43	1	1	37	0.00274725	364	0.500688	FALSE	ORF3a:cds-YP_009724391.1	CAA	Q	CGA	R	245
NC_045512.2	26133	C	T	343	72	42	1	0	74	0.00290698	344	0.500728	FALSE	ORF3a:cds-YP_009724391.1	CAC	H	CAT	H	247
NC_045512.2	26134	A	+G	343	74	43	1	0	20	0.00291545	343	0.93877	FALSE	NA	NA	NA	NA	NA	NA
NC_045512.2	26142	C	T	321	96	42	1	1	37	0.00310559	322	0.500778	FALSE	ORF3a:cds-YP_009724391.1	GAC	D	GAT	D	250
NC_045512.2	26146	T	C	331	115	43	1	0	74	0.00301205	332	0.500754	FALSE	ORF3a:cds-YP_009724391.1	TCA	S	CCA	P	252
NC_045512.2	26152	G	A	347	174	44	2	1	37	0.00573066	349	0.250359	FALSE	ORF3a:cds-YP_009724391.1	GGA	G	AGA	R	254
NC_045512.2	26183	A	T	336	213	40	1	1	37	0.00295858	338	0.5	FALSE	ORF3a:cds-YP_009724391.1	TAT	Y	TTT	F	264
NC_045512.2	26183	A	G	336	213	40	1	1	37	0.00295858	338	0.5	FALSE	ORF3a:cds-YP_009724391.1	TAT	Y	TGT	C	264
NC_045512.2	26221	G	A	335	218	39	1	1	37	0.00297619	336	0.500745	FALSE	NA	NA	NA	NA	NA	NA
NC_045512.2	26229	T	C	343	234	39	1	1	37	0.00290698	344	0.500728	FALSE	NA	NA	NA	NA	NA	NA
NC_045512.2	26230	G	A	345	232	39	1	1	37	0.00289017	346	0.500724	FALSE	NA	NA	NA	NA	NA	NA
NC_045512.2	26238	C	T	345	229	38	2	2	37	0.00576369	347	0.250361	FALSE	NA	NA	NA	NA	NA	NA
NC_045512.2	26243	T	C	360	224	38	1	1	25	0.00277008	361	0.938365	FALSE	NA	NA	NA	NA	NA	NA
NC_045512.2	26257	G	A	300	188	41	1	1	37	0.00332226	301	0.500832	FALSE	E:cds-YP_009724392.1	GTT	V	ATT	I	5
NC_045512.2	26261	C	T	308	202	41	1	0	37	0.00323625	309	0.50081	FALSE	E:cds-YP_009724392.1	TCG	S	TTG	L	6
NC_045512.2	26263	G	A	321	213	41	1	1	37	0.00310559	322	0.500778	FALSE	E:cds-YP_009724392.1	GAA	E	AAA	K	7
NC_045512.2	26263	G	-A	321	213	41	1	0	20	0.00310559	322	0.93847	FALSE	NA	NA	NA	NA	NA	NA
NC_045512.2	26270	C	T	0	0	0	331	224	40	1	331	3.37152e-198	TRUE	E:cds-YP_009724392.1	ACA	T	ATA	I	9
NC_045512.2	26275	A	G	0	0	0	329	222	41	1	329	5.37812e-197	TRUE	E:cds-YP_009724392.1	ACG	T	GCG	A	11
NC_045512.2	26276	C	T	311	203	41	1	1	37	0.00320513	312	0.500803	FALSE	E:cds-YP_009724392.1	ACG	T	ATG	M	11
NC_045512.2	26290	A	G	318	240	44	1	1	37	0.0031348	319	0.500785	FALSE	E:cds-YP_009724392.1	AGC	S	GGC	G	16
NC_045512.2	26293	G	C	314	239	46	1	1	74	0.0031746	315	0.500795	FALSE	E:cds-YP_009724392.1	GTA	V	CTA	L	17
NC_045512.2	26300	T	C	303	241	46	3	1	49	0.00980392	306	0.124999	FALSE	E:cds-YP_009724392.1	CTT	L	CCT	P	19
NC_045512.2	26317	G	A	301	255	44	2	1	74	0.00660066	303	0.250413	FALSE	E:cds-YP_009724392.1	GTA	V	ATA	I	25
NC_045512.2	26339	C	T	254	227	42	1	0	74	0.00392157	255	0.500982	FALSE	E:cds-YP_009724392.1	GCC	A	GTC	V	32
NC_045512.2	26350	G	A	217	204	39	2	2	37	0.00913242	219	0.250572	FALSE	E:cds-YP_009724392.1	GCG	A	ACG	T	36
NC_045512.2	26374	T	G	170	125	38	1	1	37	0.00584795	171	0.501466	FALSE	E:cds-YP_009724392.1	TGC	C	GGC	G	44
NC_045512.2	26409	T	C	75	9	41	1	0	25	0.0131579	76	0.503311	FALSE	E:cds-YP_009724392.1	TCT	S	TCC	S	55
NC_045512.2	26446	T	C	93	13	42	1	0	36	0.0106383	94	0.502674	FALSE	E:cds-YP_009724392.1	TCT	S	CCT	P	68
NC_045512.2	26453	T	C	92	15	45	2	0	37	0.0212766	94	0.251337	FALSE	E:cds-YP_009724392.1	GTT	V	GCT	A	70
NC_045512.2	26527	C	T	88	43	44	1	1	37	0.011236	89	0.502825	FALSE	M:cds-YP_009724393.1	GCA	A	GTA	V	2
NC_045512.2	26577	C	G	0	0	0	94	53	42	1	94	8.77217e-56	TRUE	M:cds-YP_009724393.1	CAA	Q	GAA	E	19
NC_045512.2	26593	T	C	85	42	41	1	0	74	0.0116279	86	0.502924	FALSE	M:cds-YP_009724393.1	ATA	I	ACA	T	24
NC_045512.2	26627	A	G	2177	136	36	2	0	37	0.000917852	2179	0.687758	FALSE	M:cds-YP_009724393.1	CTA	L	CTG	L	35
NC_045512.2	26632	T	C	2409	131	37	1	0	37	0.000414938	2410	0.875156	FALSE	M:cds-YP_009724393.1	TTT	F	TCT	S	37
NC_045512.2	26633	T	C	2423	136	37	1	0	37	0.000412371	2425	0.875077	FALSE	M:cds-YP_009724393.1	TTT	F	TTC	F	37
NC_045512.2	26633	T	A	2423	136	37	1	0	37	0.000412371	2425	0.875077	FALSE	M:cds-YP_009724393.1	TTT	F	TTA	L	37
NC_045512.2	26634	G	A	2606	140	37	1	0	37	0.000383583	2607	0.875144	FALSE	M:cds-YP_009724393.1	GCC	A	ACC	T	38
NC_045512.2	26635	C	T	2632	178	38	2	0	37	0.000759301	2634	0.687714	FALSE	M:cds-YP_009724393.1	GCC	A	GTC	V	38
NC_045512.2	26636	C	T	2638	180	37	1	0	37	0.000378788	2640	0.875071	FALSE	M:cds-YP_009724393.1	GCC	A	GCT	A	38
NC_045512.2	26636	C	A	2638	180	37	1	0	37	0.000378788	2640	0.875071	FALSE	M:cds-YP_009724393.1	GCC	A	GCA	A	38
NC_045512.2	26637	T	C	2623	175	38	1	0	37	0.000381098	2624	0.875143	FALSE	M:cds-YP_009724393.1	TAT	Y	CAT	H	39
NC_045512.2	26641	C	T	2727	204	38	9	3	37	0.00328947	2736	0.0326264	FALSE	M:cds-YP_009724393.1	GCC	A	GTC	V	40
NC_045512.2	26644	A	G	2707	204	38	1	0	25	0.000369276	2708	1	FALSE	M:cds-YP_009724393.1	AAC	N	AGC	S	41
NC_045512.2	26646	A	G	2829	255	38	1	0	37	0.000353232	2831	0.875066	FALSE	M:cds-YP_009724393.1	AGG	R	GGG	G	42
NC_045512.2	26646	A	C	2829	255	38	1	1	25	0.000353232	2831	1	FALSE	M:cds-YP_009724393.1	AGG	R	CGG	R	42
NC_045512.2	26647	G	T	3271	267	38	1	0	48	0.000305623	3272	0.500076	FALSE	M:cds-YP_009724393.1	AGG	R	ATG	M	42
NC_045512.2	26648	G	T	3567	266	38	1	0	37	0.000280191	3569	0.937553	FALSE	M:cds-YP_009724393.1	AGG	R	AGT	S	42
NC_045512.2	26648	G	A	3567	266	38	1	0	37	0.000280191	3569	0.937553	FALSE	M:cds-YP_009724393.1	AGG	R	AGA	R	42
NC_045512.2	26654	G	A	3730	269	38	1	0	37	0.000268025	3731	0.937584	FALSE	M:cds-YP_009724393.1	AGG	R	AGA	R	44
NC_045512.2	26655	T	C	3533	268	37	1	0	25	0.000282965	3534	1	FALSE	M:cds-YP_009724393.1	TTT	F	CTT	L	45
NC_045512.2	26656	T	C	3531	262	37	1	0	37	0.000283126	3532	0.937588	FALSE	M:cds-YP_009724393.1	TTT	F	TCT	S	45
NC_045512.2	26659	T	C	3694	257	38	1	0	37	0.000270636	3695	0.937585	FALSE	M:cds-YP_009724393.1	TTG	L	TCG	S	46
NC_045512.2	26663	T	C	3870	283	38	1	0	37	0.000258331	3871	0.937581	FALSE	M:cds-YP_009724393.1	TAT	Y	TAC	Y	47
NC_045512.2	26664	A	C	3930	282	38	1	0	25	0.000254388	3931	1	FALSE	M:cds-YP_009724393.1	ATA	I	CTA	L	48
NC_045512.2	26667	A	T	4004	283	38	1	0	37	0.000249688	4005	0.968809	FALSE	M:cds-YP_009724393.1	ATT	I	TTT	F	49
NC_045512.2	26668	T	C	3987	285	38	1	0	37	0.000250752	3988	0.937578	FALSE	M:cds-YP_009724393.1	ATT	I	ACT	T	49
NC_045512.2	26669	T	A	3876	282	35	1	0	37	0.000257931	3877	0.937581	FALSE	M:cds-YP_009724393.1	ATT	I	ATA	I	49
NC_045512.2	26672	G	T	4002	283	38	1	0	37	0.000249813	4003	0.968809	FALSE	M:cds-YP_009724393.1	AAG	K	AAT	N	50
NC_045512.2	26674	T	G	4028	286	38	1	0	37	0.000248139	4030	0.968789	FALSE	M:cds-YP_009724393.1	TTA	L	TGA	*	51
NC_045512.2	26674	T	C	4028	286	38	1	0	37	0.000248139	4030	0.968789	FALSE	M:cds-YP_009724393.1	TTA	L	TCA	S	51
NC_045512.2	26678	T	C	4169	325	39	1	0	37	0.000239808	4170	0.968806	FALSE	M:cds-YP_009724393.1	ATT	I	ATC	I	52
NC_045512.2	26680	T	A	4200	330	39	1	0	25	0.000238039	4201	1	FALSE	M:cds-YP_009724393.1	TTC	F	TAC	Y	53
NC_045512.2	26682	C	A	4260	447	40	1	0	37	0.000234687	4261	0.968805	FALSE	M:cds-YP_009724393.1	CTC	L	ATC	I	54
NC_045512.2	26687	G	A	4385	584	41	2	1	55	0.000455892	4387	0.250028	FALSE	M:cds-YP_009724393.1	TGG	W	TGA	*	55
NC_045512.2	26688	C	T	4470	587	41	2	2	74	0.000447227	4472	0.250028	FALSE	M:cds-YP_009724393.1	CTG	L	TTG	L	56
NC_045512.2	26689	T	C	4505	618	42	1	0	37	0.000221926	4506	0.968802	FALSE	M:cds-YP_009724393.1	CTG	L	CCG	P	56
NC_045512.2	26690	G	A	5133	629	41	3	1	31	0.000584112	5136	0.855629	FALSE	M:cds-YP_009724393.1	CTG	L	CTA	L	56
NC_045512.2	26691	T	G	4915	633	40	1	0	25	0.000203417	4916	1	FALSE	M:cds-YP_009724393.1	TTA	L	GTA	V	57
NC_045512.2	26693	A	C	4608	633	39	5	0	25	0.00108389	4613	1	FALSE	M:cds-YP_009724393.1	TTA	L	TTC	F	57
NC_045512.2	26695	G	T	5243	720	42	1	1	48	0.000190658	5245	0.5	FALSE	M:cds-YP_009724393.1	TGG	W	TTG	L	58
NC_045512.2	26695	G	A	5243	720	42	1	1	37	0.000190658	5245	0.984397	FALSE	M:cds-YP_009724393.1	TGG	W	TAG	*	58
NC_045512.2	26696	G	T	5284	733	42	1	1	25	0.000189107	5288	1	FALSE	M:cds-YP_009724393.1	TGG	W	TGT	C	58
NC_045512.2	26696	G	A	5284	733	42	3	2	49	0.000567322	5288	0.124965	FALSE	M:cds-YP_009724393.1	TGG	W	TGA	*	58
NC_045512.2	26697	C	T	5313	730	42	6	2	41	0.00112803	5319	0.0156118	FALSE	M:cds-YP_009724393.1	CCA	P	TCA	S	59
NC_045512.2	26699	A	T	5276	730	41	1	0	37	0.00018943	5279	0.984388	FALSE	M:cds-YP_009724393.1	CCA	P	CCT	P	59
NC_045512.2	26699	A	G	5276	730	41	2	1	23	0.00037886	5279	1	FALSE	M:cds-YP_009724393.1	CCA	P	CCG	P	59
NC_045512.2	26700	G	T	5381	740	42	1	0	25	0.00018577	5383	1	FALSE	M:cds-YP_009724393.1	GTA	V	TTA	L	60
NC_045512.2	26700	G	A	5381	740	42	1	0	37	0.00018577	5383	0.984397	FALSE	M:cds-YP_009724393.1	GTA	V	ATA	I	60
NC_045512.2	26702	A	T	5373	768	42	1	1	20	0.000186012	5376	1	FALSE	M:cds-YP_009724393.1	GTA	V	GTT	V	60
NC_045512.2	26702	A	G	5373	768	42	1	1	37	0.000186012	5376	0.984388	FALSE	M:cds-YP_009724393.1	GTA	V	GTG	V	60
NC_045512.2	26702	A	C	5373	768	42	1	0	25	0.000186012	5376	1	FALSE	M:cds-YP_009724393.1	GTA	V	GTC	V	60
NC_045512.2	26708	A	C	5452	844	42	1	0	25	0.000183385	5453	1	FALSE	M:cds-YP_009724393.1	TTA	L	TTC	F	62
NC_045512.2	26709	G	A	0	0	0	5339	866	41	1	5339	0	TRUE	M:cds-YP_009724393.1	GCT	A	ACT	T	63
NC_045512.2	26711	T	C	5314	888	42	1	0	25	0.000188111	5316	1	FALSE	M:cds-YP_009724393.1	GCT	A	GCC	A	63
NC_045512.2	26711	T	A	5314	888	42	1	0	37	0.000188111	5316	0.984397	FALSE	M:cds-YP_009724393.1	GCT	A	GCA	A	63
NC_045512.2	26713	G	C	5715	876	42	1	0	25	0.000174948	5716	1	FALSE	M:cds-YP_009724393.1	TGT	C	TCT	S	64
NC_045512.2	26713	G	-T	5715	876	42	4	0	20	0.00069979	5716	1	FALSE	NA	NA	NA	NA	NA	NA
NC_045512.2	26715	T	C	5507	942	41	1	0	37	0.000181554	5508	0.984405	FALSE	M:cds-YP_009724393.1	TTT	F	CTT	L	65
NC_045512.2	26716	T	C	5096	1085	41	1	0	37	0.000196194	5097	0.984407	FALSE	M:cds-YP_009724393.1	TTT	F	TCT	S	65
NC_045512.2	26716	T	+C	5096	1085	41	2	0	20	0.000392388	5097	1	FALSE	NA	NA	NA	NA	NA	NA
NC_045512.2	26718	G	A	5144	1103	41	1	0	25	0.000194363	5145	1	FALSE	M:cds-YP_009724393.1	GTG	V	ATG	M	66
NC_045512.2	26719	T	C	5181	1103	41	1	0	48	0.000192938	5183	0.5	FALSE	M:cds-YP_009724393.1	GTG	V	GCG	A	66
NC_045512.2	26719	T	A	5181	1103	41	1	0	37	0.000192938	5183	0.984398	FALSE	M:cds-YP_009724393.1	GTG	V	GAG	E	66
NC_045512.2	26720	G	A	5167	1102	41	3	0	37	0.000580271	5170	0.855627	FALSE	M:cds-YP_009724393.1	GTG	V	GTA	V	66
NC_045512.2	26721	C	T	4768	1190	40	7	2	42	0.00146566	4776	0.00779533	TRUE	M:cds-YP_009724393.1	CTT	L	TTT	F	67
NC_045512.2	26721	C	A	4768	1190	40	1	1	37	0.00020938	4776	0.968684	FALSE	M:cds-YP_009724393.1	CTT	L	ATT	I	67
NC_045512.2	26722	T	C	4785	1162	40	2	0	37	0.000417798	4787	0.890747	FALSE	M:cds-YP_009724393.1	CTT	L	CCT	P	67
NC_045512.2	26723	T	C	4767	1183	40	1	0	37	0.000209688	4769	0.968783	FALSE	M:cds-YP_009724393.1	CTT	L	CTC	L	67
NC_045512.2	26723	T	A	4767	1183	40	1	0	37	0.000209688	4769	0.968783	FALSE	M:cds-YP_009724393.1	CTT	L	CTA	L	67
NC_045512.2	26724	G	A	4757	1186	40	6	0	37	0.00125971	4763	0.377018	FALSE	M:cds-YP_009724393.1	GCT	A	ACT	T	68
NC_045512.2	26725	C	T	4789	1188	40	1	0	25	0.000208768	4790	1	FALSE	M:cds-YP_009724393.1	GCT	A	GTT	V	68
NC_045512.2	26726	T	G	4863	1311	41	5	5	37	0.00102669	4870	0.499874	FALSE	M:cds-YP_009724393.1	GCT	A	GCG	A	68
NC_045512.2	26726	T	C	4863	1311	41	2	1	37	0.000410678	4870	0.890505	FALSE	M:cds-YP_009724393.1	GCT	A	GCC	A	68
NC_045512.2	26727	G	A	4855	1161	40	4	1	46	0.000823215	4859	0.0624871	FALSE	M:cds-YP_009724393.1	GCT	A	ACT	T	69
NC_045512.2	26728	C	T	4841	1172	40	8	3	35	0.00164982	4849	0.193798	FALSE	M:cds-YP_009724393.1	GCT	A	GTT	V	69
NC_045512.2	26729	T	C	4761	1213	39	2	0	37	0.000419903	4763	0.890748	FALSE	M:cds-YP_009724393.1	GCT	A	GCC	A	69
NC_045512.2	26730	G	T	4807	1212	40	1	1	37	0.0002079	4810	0.968766	FALSE	M:cds-YP_009724393.1	GTT	V	TTT	F	70
NC_045512.2	26730	G	A	4807	1212	40	2	1	37	0.0004158	4810	0.890698	FALSE	M:cds-YP_009724393.1	GTT	V	ATT	I	70
NC_045512.2	26730	G	-T	4807	1212	40	1	0	20	0.0002079	4810	1	FALSE	NA	NA	NA	NA	NA	NA
NC_045512.2	26731	T	A	4791	1204	39	1	0	37	0.000208681	4792	0.968783	FALSE	M:cds-YP_009724393.1	GTT	V	GAT	D	70
NC_045512.2	26732	T	C	4846	1230	39	1	1	37	0.000206313	4847	0.968798	FALSE	M:cds-YP_009724393.1	GTT	V	GTC	V	70
NC_045512.2	26733	T	A	4874	1224	40	1	0	37	0.000205128	4875	0.968798	FALSE	M:cds-YP_009724393.1	TAC	Y	AAC	N	71
NC_045512.2	26735	C	T	3596	977	40	1200	349	39	0.250209	4796	0	TRUE	M:cds-YP_009724393.1	TAC	Y	TAT	Y	71
NC_045512.2	26736	A	G	4894	1462	41	1	1	37	0.00020429	4895	0.968798	FALSE	M:cds-YP_009724393.1	AGA	R	GGA	G	72
NC_045512.2	26737	G	A	5054	1475	40	1	0	37	0.000197824	5055	0.984407	FALSE	M:cds-YP_009724393.1	AGA	R	AAA	K	72
NC_045512.2	26738	A	G	5152	1469	40	1	1	25	0.000194062	5153	1	FALSE	M:cds-YP_009724393.1	AGA	R	AGG	R	72
NC_045512.2	26741	A	C	5098	1498	40	1	0	25	0.000196117	5099	1	FALSE	M:cds-YP_009724393.1	ATA	I	ATC	I	73
NC_045512.2	26742	A	C	5079	1480	40	2	0	25	0.000393623	5081	1	FALSE	M:cds-YP_009724393.1	AAT	N	CAT	H	74
NC_045512.2	26743	A	G	5074	1473	40	1	1	37	0.000197044	5075	0.984407	FALSE	M:cds-YP_009724393.1	AAT	N	AGT	S	74
NC_045512.2	26747	G	T	4995	1581	40	2	0	25	0.00040008	4999	1	FALSE	M:cds-YP_009724393.1	TGG	W	TGT	C	75
NC_045512.2	26747	G	A	4995	1581	40	2	0	37	0.00040008	4999	0.890648	FALSE	M:cds-YP_009724393.1	TGG	W	TGA	*	75
NC_045512.2	26748	A	T	4754	1578	39	1	0	37	0.000210261	4756	0.968783	FALSE	M:cds-YP_009724393.1	ATC	I	TTC	F	76
NC_045512.2	26748	A	G	4754	1578	39	1	0	37	0.000210261	4756	0.968783	FALSE	M:cds-YP_009724393.1	ATC	I	GTC	V	76
NC_045512.2	26749	T	G	4802	1852	40	1	1	37	0.000208117	4805	0.968766	FALSE	M:cds-YP_009724393.1	ATC	I	AGC	S	76
NC_045512.2	26749	T	C	4802	1852	40	2	1	55	0.000416233	4805	0.249974	FALSE	M:cds-YP_009724393.1	ATC	I	ACC	T	76
NC_045512.2	26750	C	G	4847	1878	40	1	1	37	0.000206271	4848	0.968798	FALSE	M:cds-YP_009724393.1	ATC	I	ATG	M	76
NC_045512.2	26752	C	G	4907	1894	40	1	0	37	0.000203749	4908	0.968798	FALSE	M:cds-YP_009724393.1	ACC	T	AGC	S	77
NC_045512.2	26753	C	T	4889	1959	40	2	1	37	0.000408831	4892	0.890697	FALSE	M:cds-YP_009724393.1	ACC	T	ACT	T	77
NC_045512.2	26753	C	A	4889	1959	40	1	1	37	0.000204415	4892	0.968766	FALSE	M:cds-YP_009724393.1	ACC	T	ACA	T	77
NC_045512.2	26754	G	A	4863	1978	40	2	1	55	0.0004111	4865	0.250026	FALSE	M:cds-YP_009724393.1	GGT	G	AGT	S	78
NC_045512.2	26759	A	G	4979	1973	40	1	1	25	0.000200803	4980	1	FALSE	M:cds-YP_009724393.1	GGA	G	GGG	G	79
NC_045512.2	26760	A	C	4620	1946	38	1	0	29	0.000216403	4621	1	FALSE	M:cds-YP_009724393.1	ATT	I	CTT	L	80
NC_045512.2	26762	T	C	4841	2013	39	1	1	37	0.000206526	4842	0.968798	FALSE	M:cds-YP_009724393.1	ATT	I	ATC	I	80
NC_045512.2	26763	G	T	4895	2097	40	1	0	37	0.00020404	4901	0.968718	FALSE	M:cds-YP_009724393.1	GCT	A	TCT	S	81
NC_045512.2	26763	G	A	4895	2097	40	5	1	42	0.0010202	4901	0.0312181	FALSE	M:cds-YP_009724393.1	GCT	A	ACT	T	81
NC_045512.2	26764	C	T	4861	2042	40	2	1	37	0.000411184	4864	0.890697	FALSE	M:cds-YP_009724393.1	GCT	A	GTT	V	81
NC_045512.2	26764	C	A	4861	2042	40	1	1	25	0.000205592	4864	1	FALSE	M:cds-YP_009724393.1	GCT	A	GAT	D	81
NC_045512.2	26765	T	C	4831	2021	40	2	2	37	0.000413822	4833	0.890746	FALSE	M:cds-YP_009724393.1	GCT	A	GCC	A	81
NC_045512.2	26766	A	G	4803	2026	40	1	0	74	0.00020816	4804	0.500052	FALSE	M:cds-YP_009724393.1	ATC	I	GTC	V	82
NC_045512.2	26767	T	C	4851	2036	40	1	1	37	0.000206101	4852	0.968798	FALSE	M:cds-YP_009724393.1	ATC	I	ACC	T	82
NC_045512.2	26768	C	A	4901	2070	40	1	0	37	0.000203998	4902	0.968798	FALSE	M:cds-YP_009724393.1	ATC	I	ATA	I	82
NC_045512.2	26769	G	A	4907	2077	40	3	1	37	0.000610998	4910	0.773605	FALSE	M:cds-YP_009724393.1	GCA	A	ACA	T	83
NC_045512.2	26770	C	T	4932	2077	39	2	1	37	0.000405351	4934	0.890744	FALSE	M:cds-YP_009724393.1	GCA	A	GTA	V	83
NC_045512.2	26771	A	G	4933	2070	40	1	1	37	0.000202675	4934	0.968797	FALSE	M:cds-YP_009724393.1	GCA	A	GCG	A	83
NC_045512.2	26772	A	G	4790	2044	39	1	0	37	0.000208725	4791	0.968799	FALSE	M:cds-YP_009724393.1	ATG	M	GTG	V	84
NC_045512.2	26773	T	G	4802	2010	39	1	1	25	0.000208203	4803	1	FALSE	M:cds-YP_009724393.1	ATG	M	AGG	R	84
NC_045512.2	26775	G	A	5381	2158	40	3	1	37	0.000557207	5384	0.855621	FALSE	M:cds-YP_009724393.1	GCT	A	ACT	T	85
NC_045512.2	26776	C	T	4275	1710	39	1044	388	39	0.196277	5319	0	TRUE	M:cds-YP_009724393.1	GCT	A	GTT	V	85
NC_045512.2	26777	T	C	5334	2253	40	2	1	37	0.000374742	5337	0.937561	FALSE	M:cds-YP_009724393.1	GCT	A	GCC	A	85
NC_045512.2	26777	T	A	5334	2253	40	1	1	74	0.000187371	5337	0.499953	FALSE	M:cds-YP_009724393.1	GCT	A	GCA	A	85
NC_045512.2	26778	T	C	5347	2243	40	1	0	25	0.000186986	5348	1	FALSE	M:cds-YP_009724393.1	TGT	C	CGT	R	86
NC_045512.2	26781	C	G	5819	2284	40	1	0	74	0.000171821	5820	0.500043	FALSE	M:cds-YP_009724393.1	CTT	L	GTT	V	87
NC_045512.2	26783	T	C	5632	2154	40	2	1	55	0.000354925	5635	0.249978	FALSE	M:cds-YP_009724393.1	CTT	L	CTC	L	87
NC_045512.2	26783	T	A	5632	2154	40	1	1	22	0.000177462	5635	1	FALSE	M:cds-YP_009724393.1	CTT	L	CTA	L	87
NC_045512.2	26786	A	G	5691	2233	40	5	1	59	0.000877809	5696	0.0312363	FALSE	M:cds-YP_009724393.1	GTA	V	GTG	V	88
NC_045512.2	26787	G	T	5835	2254	40	2	1	37	0.000342583	5838	0.937556	FALSE	M:cds-YP_009724393.1	GGC	G	TGC	C	89
NC_045512.2	26787	G	A	5835	2254	40	1	1	37	0.000171292	5838	0.984387	FALSE	M:cds-YP_009724393.1	GGC	G	AGC	S	89
NC_045512.2	26788	G	T	5629	2042	40	1	0	37	0.000177462	5635	0.984363	FALSE	M:cds-YP_009724393.1	GGC	G	GTC	V	89
NC_045512.2	26788	G	A	5629	2042	40	5	2	51	0.000887311	5635	0.0312223	FALSE	M:cds-YP_009724393.1	GGC	G	GAC	D	89
NC_045512.2	26789	C	T	5583	2011	40	2	0	37	0.000358038	5586	0.937559	FALSE	M:cds-YP_009724393.1	GGC	G	GGT	G	89
NC_045512.2	26789	C	A	5583	2011	40	1	0	37	0.000179019	5586	0.984388	FALSE	M:cds-YP_009724393.1	GGC	G	GGA	G	89
NC_045512.2	26790	T	C	5573	2028	40	2	0	37	0.000358744	5575	0.937588	FALSE	M:cds-YP_009724393.1	TTG	L	CTG	L	90
NC_045512.2	26791	T	C	5144	2121	39	2	1	55	0.000388651	5146	0.250024	FALSE	M:cds-YP_009724393.1	TTG	L	TCG	S	90
NC_045512.2	26792	G	T	5196	2153	39	1	1	37	0.000192382	5198	0.984398	FALSE	M:cds-YP_009724393.1	TTG	L	TTT	F	90
NC_045512.2	26792	G	A	5196	2153	39	1	1	37	0.000192382	5198	0.984398	FALSE	M:cds-YP_009724393.1	TTG	L	TTA	L	90
NC_045512.2	26793	A	G	5242	2146	39	2	1	37	0.000381388	5244	0.937594	FALSE	M:cds-YP_009724393.1	ATG	M	GTG	V	91
NC_045512.2	26794	T	C	5327	2272	39	1	0	37	0.000187688	5328	0.984406	FALSE	M:cds-YP_009724393.1	ATG	M	ACG	T	91
NC_045512.2	26797	G	T	5130	2132	40	1	1	37	0.000194894	5131	0.984407	FALSE	M:cds-YP_009724393.1	TGG	W	TTG	L	92
NC_045512.2	26798	G	A	5106	2129	39	12	7	39	0.00234467	5118	0.0716208	FALSE	M:cds-YP_009724393.1	TGG	W	TGA	*	92
NC_045512.2	26799	C	T	5116	2142	40	2	1	37	0.000390701	5119	0.937564	FALSE	M:cds-YP_009724393.1	CTC	L	TTC	F	93
NC_045512.2	26799	C	A	5116	2142	40	1	1	37	0.000195351	5119	0.984389	FALSE	M:cds-YP_009724393.1	CTC	L	ATC	I	93
NC_045512.2	26800	T	C	5190	2231	40	1	0	37	0.000192641	5191	0.984407	FALSE	M:cds-YP_009724393.1	CTC	L	CCC	P	93
NC_045512.2	26802	A	T	5339	2346	40	1	0	37	0.000187196	5342	0.984388	FALSE	M:cds-YP_009724393.1	AGC	S	TGC	C	94
NC_045512.2	26802	A	G	5339	2346	40	2	2	37	0.000374392	5342	0.937561	FALSE	M:cds-YP_009724393.1	AGC	S	GGC	G	94
NC_045512.2	26803	G	A	5343	2368	40	1	0	37	0.000187126	5344	0.984406	FALSE	M:cds-YP_009724393.1	AGC	S	AAC	N	94
NC_045512.2	26804	C	T	5254	2383	40	1	1	74	0.000190295	5255	0.500048	FALSE	M:cds-YP_009724393.1	AGC	S	AGT	S	94
NC_045512.2	26805	T	C	5193	2398	39	1	0	37	0.00019253	5194	0.984407	FALSE	M:cds-YP_009724393.1	TAC	Y	CAC	H	95
NC_045512.2	26809	T	C	5630	2947	41	1	1	74	0.000177557	5632	0.5	FALSE	M:cds-YP_009724393.1	TTC	F	TCC	S	96
NC_045512.2	26809	T	A	5630	2947	41	1	0	37	0.000177557	5632	0.984396	FALSE	M:cds-YP_009724393.1	TTC	F	TAC	Y	96
NC_045512.2	26811	A	G	5585	2908	41	2	0	31	0.000357974	5587	0.937588	FALSE	M:cds-YP_009724393.1	ATT	I	GTT	V	97
NC_045512.2	26812	T	G	6048	3575	42	1	0	22	0.000165289	6050	1	FALSE	M:cds-YP_009724393.1	ATT	I	AGT	S	97
NC_045512.2	26812	T	C	6048	3575	42	1	1	74	0.000165289	6050	0.5	FALSE	M:cds-YP_009724393.1	ATT	I	ACT	T	97
NC_045512.2	26813	T	G	6175	3706	43	2	2	37	0.000323782	6177	0.964906	FALSE	M:cds-YP_009724393.1	ATT	I	ATG	M	97
NC_045512.2	26814	G	A	6102	3799	42	5	1	34	0.000818733	6107	0.725771	FALSE	M:cds-YP_009724393.1	GCT	A	ACT	T	98
NC_045512.2	26816	T	C	6011	3697	41	4	1	46	0.000664894	6016	0.0624688	FALSE	M:cds-YP_009724393.1	GCT	A	GCC	A	98
NC_045512.2	26816	T	A	6011	3697	41	1	0	29	0.000166223	6016	1	FALSE	M:cds-YP_009724393.1	GCT	A	GCA	A	98
NC_045512.2	26818	C	G	6270	3801	42	1	1	25	0.000159464	6271	1	FALSE	M:cds-YP_009724393.1	TCT	S	TGT	C	99
NC_045512.2	26819	T	A	6264	3810	42	1	1	37	0.000159617	6265	0.992205	FALSE	M:cds-YP_009724393.1	TCT	S	TCA	S	99
NC_045512.2	26821	T	C	6251	3816	42	4	3	46	0.000639488	6255	0.06249	FALSE	M:cds-YP_009724393.1	TTC	F	TCC	S	100
NC_045512.2	26823	A	T	6162	3752	42	1	0	37	0.00016218	6166	0.992192	FALSE	M:cds-YP_009724393.1	AGA	R	TGA	*	101
NC_045512.2	26823	A	G	6162	3752	42	1	0	37	0.00016218	6166	0.992192	FALSE	M:cds-YP_009724393.1	AGA	R	GGA	G	101
NC_045512.2	26823	A	C	6162	3752	42	2	1	55	0.000324359	6166	0.249939	FALSE	M:cds-YP_009724393.1	AGA	R	CGA	R	101
NC_045512.2	26824	G	T	6241	3805	42	1	0	37	0.000160179	6243	0.992201	FALSE	M:cds-YP_009724393.1	AGA	R	ATA	I	101
NC_045512.2	26824	G	A	6241	3805	42	1	0	37	0.000160179	6243	0.992201	FALSE	M:cds-YP_009724393.1	AGA	R	AAA	K	101
NC_045512.2	26825	A	+C	6238	3795	42	1	0	20	0.000160308	6238	1	FALSE	NA	NA	NA	NA	NA	NA
NC_045512.2	26826	C	T	6298	3798	41	2	2	37	0.00031746	6300	0.964905	FALSE	M:cds-YP_009724393.1	CTG	L	TTG	L	102
NC_045512.2	26827	T	G	6143	3727	42	1	1	37	0.000162575	6151	0.992174	FALSE	M:cds-YP_009724393.1	CTG	L	CGG	R	102
NC_045512.2	26827	T	C	6143	3727	42	6	1	37	0.000975451	6151	0.612738	FALSE	M:cds-YP_009724393.1	CTG	L	CCG	P	102
NC_045512.2	26827	T	A	6143	3727	42	1	0	74	0.000162575	6151	0.499756	FALSE	M:cds-YP_009724393.1	CTG	L	CAG	Q	102
NC_045512.2	26828	G	A	6219	3772	41	4	3	37	0.000642777	6223	0.82829	FALSE	M:cds-YP_009724393.1	CTG	L	CTA	L	102
NC_045512.2	26829	T	G	6178	3755	41	1	0	37	0.000161838	6179	0.992205	FALSE	M:cds-YP_009724393.1	TTT	F	GTT	V	103
NC_045512.2	26831	T	G	6161	3769	41	1	1	25	0.000162259	6163	1	FALSE	M:cds-YP_009724393.1	TTT	F	TTG	L	103
NC_045512.2	26831	T	A	6161	3769	41	1	1	37	0.000162259	6163	0.992201	FALSE	M:cds-YP_009724393.1	TTT	F	TTA	L	103
NC_045512.2	26832	G	A	6191	3795	41	2	1	37	0.000322945	6193	0.964906	FALSE	M:cds-YP_009724393.1	GCG	A	ACG	T	104
NC_045512.2	26833	C	T	6121	3767	41	8	7	37	0.00130506	6130	0.395204	FALSE	M:cds-YP_009724393.1	GCG	A	GTG	V	104
NC_045512.2	26833	C	G	6121	3767	41	1	1	37	0.000163132	6130	0.99217	FALSE	M:cds-YP_009724393.1	GCG	A	GGG	G	104
NC_045512.2	26834	G	A	6138	3788	41	4	4	46	0.000651254	6142	0.0624898	FALSE	M:cds-YP_009724393.1	GCG	A	GCA	A	104
NC_045512.2	26835	C	T	6010	3654	41	5	3	59	0.000831255	6015	0.031237	FALSE	M:cds-YP_009724393.1	CGT	R	TGT	C	105
NC_045512.2	26836	G	A	6048	3694	41	7	5	38	0.00115607	6055	0.500121	FALSE	M:cds-YP_009724393.1	CGT	R	CAT	H	105
NC_045512.2	26837	T	C	5874	3476	41	1	0	37	0.000170213	5875	0.984403	FALSE	M:cds-YP_009724393.1	CGT	R	CGC	R	105
NC_045512.2	26838	A	T	5785	3551	40	1	1	37	0.000172831	5786	0.984403	FALSE	M:cds-YP_009724393.1	ACG	T	TCG	S	106
NC_045512.2	26839	C	T	5791	3559	41	3	1	37	0.000517777	5794	0.85561	FALSE	M:cds-YP_009724393.1	ACG	T	ATG	M	106
NC_045512.2	26840	G	A	5785	3569	41	1	0	37	0.000172831	5786	0.984403	FALSE	M:cds-YP_009724393.1	ACG	T	ACA	T	106
NC_045512.2	26841	C	T	5925	3544	40	2	0	37	0.000337439	5927	0.937583	FALSE	M:cds-YP_009724393.1	CGT	R	TGT	C	107
NC_045512.2	26842	G	A	5990	3651	41	2	1	37	0.000333778	5992	0.937582	FALSE	M:cds-YP_009724393.1	CGT	R	CAT	H	107
NC_045512.2	26843	T	C	5739	3447	39	1	1	25	0.000174216	5740	1	FALSE	M:cds-YP_009724393.1	CGT	R	CGC	R	107
NC_045512.2	26844	T	C	5992	3679	41	1	1	37	0.000166861	5993	0.984402	FALSE	M:cds-YP_009724393.1	TCC	S	CCC	P	108
NC_045512.2	26847	A	G	5973	3606	40	1	0	37	0.000167392	5974	0.984402	FALSE	M:cds-YP_009724393.1	ATG	M	GTG	V	109
NC_045512.2	26848	T	C	5922	3618	40	1	1	37	0.000168833	5923	0.984403	FALSE	M:cds-YP_009724393.1	ATG	M	ACG	T	109
NC_045512.2	26849	G	A	5995	3648	41	1	1	37	0.000166778	5996	0.984402	FALSE	M:cds-YP_009724393.1	ATG	M	ATA	I	109
NC_045512.2	26850	T	C	5706	3355	41	1	0	37	0.000175193	5708	0.984396	FALSE	M:cds-YP_009724393.1	TGG	W	CGG	R	110
NC_045512.2	26850	T	A	5706	3355	41	1	0	25	0.000175193	5708	1	FALSE	M:cds-YP_009724393.1	TGG	W	AGG	R	110
NC_045512.2	26850	T	-G	5706	3355	41	1	0	20	0.000175193	5708	1	FALSE	NA	NA	NA	NA	NA	NA
NC_045512.2	26851	G	T	5702	3345	41	1	1	37	0.000175316	5704	0.984387	FALSE	M:cds-YP_009724393.1	TGG	W	TTG	L	110
NC_045512.2	26851	G	A	5702	3345	41	1	0	37	0.000175316	5704	0.984387	FALSE	M:cds-YP_009724393.1	TGG	W	TAG	*	110
NC_045512.2	26854	C	T	5702	3415	41	1	0	37	0.000175316	5704	0.984396	FALSE	M:cds-YP_009724393.1	TCA	S	TTA	L	111
NC_045512.2	26854	C	A	5702	3415	41	1	0	25	0.000175316	5704	1	FALSE	M:cds-YP_009724393.1	TCA	S	TAA	*	111
NC_045512.2	26855	A	T	5862	3632	42	1	0	37	0.000170561	5863	0.984403	FALSE	M:cds-YP_009724393.1	TCA	S	TCT	S	111
NC_045512.2	26857	T	C	5875	3745	42	1	1	37	0.000170184	5876	0.984403	FALSE	M:cds-YP_009724393.1	TTC	F	TCC	S	112
NC_045512.2	26858	C	T	2	1	37	5889	3756	42	0.99966	5891	0	TRUE	M:cds-YP_009724393.1	TTC	F	TTT	F	112
NC_045512.2	26860	A	G	5874	3738	42	2	2	37	0.000340368	5876	0.937584	FALSE	M:cds-YP_009724393.1	AAT	N	AGT	S	113
NC_045512.2	26862	C	T	5883	3769	42	1	0	37	0.000169952	5884	0.984403	FALSE	M:cds-YP_009724393.1	CCA	P	TCA	S	114
NC_045512.2	26863	C	T	5840	3733	42	3	3	37	0.000513435	5843	0.855609	FALSE	M:cds-YP_009724393.1	CCA	P	CTA	L	114
NC_045512.2	26864	A	G	5851	3752	42	3	3	37	0.000512383	5855	0.855553	FALSE	M:cds-YP_009724393.1	CCA	P	CCG	P	114
NC_045512.2	26864	A	C	5851	3752	42	1	0	37	0.000170794	5855	0.984379	FALSE	M:cds-YP_009724393.1	CCA	P	CCC	P	114
NC_045512.2	26865	G	A	5860	3765	42	1	1	37	0.000170619	5861	0.984403	FALSE	M:cds-YP_009724393.1	GAA	E	AAA	K	115
NC_045512.2	26865	G	-A	5860	3765	42	1	0	20	0.000170619	5861	1	FALSE	NA	NA	NA	NA	NA	NA
NC_045512.2	26866	A	T	5867	3763	42	1	1	25	0.000170416	5868	1	FALSE	M:cds-YP_009724393.1	GAA	E	GTA	V	115
NC_045512.2	26872	A	G	5919	3813	41	3	2	37	0.000506586	5922	0.855607	FALSE	M:cds-YP_009724393.1	AAC	N	AGC	S	117
NC_045512.2	26873	C	T	5977	3882	42	2	1	49	0.000334448	5980	0.249979	FALSE	M:cds-YP_009724393.1	AAC	N	AAT	N	117
NC_045512.2	26873	C	G	5977	3882	42	1	1	37	0.000167224	5980	0.984387	FALSE	M:cds-YP_009724393.1	AAC	N	AAG	K	117
NC_045512.2	26874	A	T	6020	3980	42	1	1	37	0.000166058	6022	0.992201	FALSE	M:cds-YP_009724393.1	ATT	I	TTT	F	118
NC_045512.2	26874	A	G	6020	3980	42	1	0	25	0.000166058	6022	1	FALSE	M:cds-YP_009724393.1	ATT	I	GTT	V	118
NC_045512.2	26877	C	G	5841	4112	41	2	1	29	0.00034229	5843	1	FALSE	M:cds-YP_009724393.1	CTT	L	GTT	V	119
NC_045512.2	26878	T	C	5553	3839	41	1	0	37	0.00018005	5554	0.984405	FALSE	M:cds-YP_009724393.1	CTT	L	CCT	P	119
NC_045512.2	26879	T	C	5621	3943	41	1	1	37	0.000177873	5622	0.984404	FALSE	M:cds-YP_009724393.1	CTT	L	CTC	L	119
NC_045512.2	26880	C	T	5525	4056	40	1	0	74	0.00018093	5527	0.5	FALSE	M:cds-YP_009724393.1	CTC	L	TTC	F	120
NC_045512.2	26880	C	A	5525	4056	40	1	1	37	0.00018093	5527	0.984396	FALSE	M:cds-YP_009724393.1	CTC	L	ATC	I	120
NC_045512.2	26881	T	A	5460	3989	40	1	1	37	0.000183117	5461	0.984405	FALSE	M:cds-YP_009724393.1	CTC	L	CAC	H	120
NC_045512.2	26883	A	G	5384	3991	40	1	0	25	0.000185667	5386	1	FALSE	M:cds-YP_009724393.1	AAC	N	GAC	D	121
NC_045512.2	26883	A	C	5384	3991	40	1	1	25	0.000185667	5386	1	FALSE	M:cds-YP_009724393.1	AAC	N	CAC	H	121
NC_045512.2	26884	A	G	5347	3997	39	2	2	37	0.000373762	5351	0.937531	FALSE	M:cds-YP_009724393.1	AAC	N	AGC	S	121
NC_045512.2	26884	A	C	5347	3997	39	2	2	25	0.000373762	5351	1	FALSE	M:cds-YP_009724393.1	AAC	N	ACC	T	121
NC_045512.2	26885	C	T	5649	4294	41	1	0	74	0.000176991	5650	0.500044	FALSE	M:cds-YP_009724393.1	AAC	N	AAT	N	121
NC_045512.2	26886	G	C	5553	4181	41	3	0	37	0.000539957	5556	0.855616	FALSE	M:cds-YP_009724393.1	GTG	V	CTG	L	122
NC_045512.2	26887	T	C	5556	4178	41	1	1	25	0.000179953	5557	1	FALSE	M:cds-YP_009724393.1	GTG	V	GCG	A	122
NC_045512.2	26888	G	T	5495	4288	40	2	2	37	0.000363702	5499	0.93753	FALSE	M:cds-YP_009724393.1	GTG	V	GTT	V	122
NC_045512.2	26888	G	A	5495	4288	40	2	2	37	0.000363702	5499	0.93753	FALSE	M:cds-YP_009724393.1	GTG	V	GTA	V	122
NC_045512.2	26889	C	T	5541	4365	40	5	4	37	0.000901551	5546	0.623213	FALSE	M:cds-YP_009724393.1	CCA	P	TCA	S	123
NC_045512.2	26891	A	T	5500	4323	40	1	1	74	0.000181785	5501	0.500045	FALSE	M:cds-YP_009724393.1	CCA	P	CCT	P	123
NC_045512.2	26893	T	G	5734	4629	41	1	1	37	0.000174307	5737	0.984387	FALSE	M:cds-YP_009724393.1	CTC	L	CGC	R	124
NC_045512.2	26893	T	C	5734	4629	41	2	1	55	0.000348614	5737	0.249978	FALSE	M:cds-YP_009724393.1	CTC	L	CCC	P	124
NC_045512.2	26894	C	T	6556	5746	43	1	1	37	0.000152509	6557	0.992204	FALSE	M:cds-YP_009724393.1	CTC	L	CTT	L	124
NC_045512.2	26895	C	T	6461	5668	44	1	1	37	0.000154727	6463	0.9922	FALSE	M:cds-YP_009724393.1	CAT	H	TAT	Y	125
NC_045512.2	26895	C	A	6461	5668	44	1	1	74	0.000154727	6463	0.5	FALSE	M:cds-YP_009724393.1	CAT	H	AAT	N	125
NC_045512.2	26896	A	C	6243	5466	43	1	1	25	0.000160154	6244	1	FALSE	M:cds-YP_009724393.1	CAT	H	CCT	P	125
NC_045512.2	26897	T	G	6324	5550	43	2	2	37	0.000316056	6328	0.96487	FALSE	M:cds-YP_009724393.1	CAT	H	CAG	Q	125
NC_045512.2	26897	T	A	6324	5550	43	2	2	37	0.000316056	6328	0.96487	FALSE	M:cds-YP_009724393.1	CAT	H	CAA	Q	125
NC_045512.2	26899	G	A	6341	5531	40	10	9	39	0.00157456	6351	0.227201	FALSE	M:cds-YP_009724393.1	GGC	G	GAC	D	126
NC_045512.2	26900	C	T	6618	5801	43	5	4	44	0.000754603	6626	0.0312028	FALSE	M:cds-YP_009724393.1	GGC	G	GGT	G	126
NC_045512.2	26900	C	G	6618	5801	43	2	2	31	0.000301841	6626	0.964802	FALSE	M:cds-YP_009724393.1	GGC	G	GGG	G	126
NC_045512.2	26900	C	A	6618	5801	43	1	1	37	0.000150921	6626	0.992175	FALSE	M:cds-YP_009724393.1	GGC	G	GGA	G	126
NC_045512.2	26902	C	A	6500	5714	43	1	1	37	0.000153822	6501	0.992204	FALSE	M:cds-YP_009724393.1	ACT	T	AAT	N	127
NC_045512.2	26903	T	C	6332	5568	43	2	0	37	0.000315756	6334	0.964904	FALSE	M:cds-YP_009724393.1	ACT	T	ACC	T	127
NC_045512.2	26905	T	C	6313	5558	43	1	1	37	0.000158378	6314	0.992205	FALSE	M:cds-YP_009724393.1	ATT	I	ACT	T	128
NC_045512.2	26906	T	A	6321	5569	43	1	1	37	0.000158178	6322	0.992205	FALSE	M:cds-YP_009724393.1	ATT	I	ATA	I	128
NC_045512.2	26907	C	A	6310	5574	43	1	1	74	0.000158453	6311	0.50004	FALSE	M:cds-YP_009724393.1	CTG	L	ATG	M	129
NC_045512.2	26910	A	T	5525	4827	44	1	1	25	0.00018093	5527	1	FALSE	M:cds-YP_009724393.1	ACC	T	TCC	S	130
NC_045512.2	26910	A	G	5525	4827	44	1	1	37	0.00018093	5527	0.984396	FALSE	M:cds-YP_009724393.1	ACC	T	GCC	A	130
NC_045512.2	26911	C	T	5549	4861	44	1	0	74	0.000180115	5552	0.499955	FALSE	M:cds-YP_009724393.1	ACC	T	ATC	I	130
NC_045512.2	26911	C	A	5549	4861	44	2	2	37	0.000360231	5552	0.937559	FALSE	M:cds-YP_009724393.1	ACC	T	AAC	N	130
NC_045512.2	26912	C	G	5519	4830	44	1	1	37	0.000181127	5521	0.984396	FALSE	M:cds-YP_009724393.1	ACC	T	ACG	T	130
NC_045512.2	26912	C	A	5519	4830	44	1	0	37	0.000181127	5521	0.984396	FALSE	M:cds-YP_009724393.1	ACC	T	ACA	T	130
NC_045512.2	26913	A	G	4528	3851	45	1	0	74	0.000220653	4532	0.49989	FALSE	M:cds-YP_009724393.1	AGA	R	GGA	G	131
NC_045512.2	26913	A	C	4528	3851	45	3	1	37	0.000661959	4532	0.773528	FALSE	M:cds-YP_009724393.1	AGA	R	CGA	R	131
NC_045512.2	26918	G	A	4433	3790	45	1	1	37	0.00022553	4434	0.968803	FALSE	M:cds-YP_009724393.1	CCG	P	CCA	P	132
NC_045512.2	26921	T	C	4401	3853	43	2	2	37	0.000454236	4403	0.890758	FALSE	M:cds-YP_009724393.1	CTT	L	CTC	L	133
NC_045512.2	26923	T	G	4362	3812	43	1	1	25	0.0002292	4363	1	FALSE	M:cds-YP_009724393.1	CTA	L	CGA	R	134
NC_045512.2	26927	A	G	4256	3773	42	1	1	37	0.000234852	4258	0.968787	FALSE	M:cds-YP_009724393.1	GAA	E	GAG	E	135
NC_045512.2	26927	A	C	4256	3773	42	1	1	25	0.000234852	4258	1	FALSE	M:cds-YP_009724393.1	GAA	E	GAC	D	135
NC_045512.2	26929	G	A	4252	3856	41	2	1	55	0.000470146	4254	0.250029	FALSE	M:cds-YP_009724393.1	AGT	S	AAT	N	136
NC_045512.2	26930	T	C	4232	3833	42	1	1	74	0.000236239	4233	0.500059	FALSE	M:cds-YP_009724393.1	AGT	S	AGC	S	136
NC_045512.2	26931	G	A	4232	3834	42	1	1	37	0.000236239	4233	0.968805	FALSE	M:cds-YP_009724393.1	GAA	E	AAA	K	137
NC_045512.2	26932	A	G	4232	3833	42	1	1	37	0.000236239	4233	0.968805	FALSE	M:cds-YP_009724393.1	GAA	E	GGA	G	137
NC_045512.2	26934	C	T	4215	3824	41	1	1	37	0.000237192	4216	0.968806	FALSE	M:cds-YP_009724393.1	CTC	L	TTC	F	138
NC_045512.2	26935	T	C	4162	3772	41	1	1	25	0.000240211	4163	1	FALSE	M:cds-YP_009724393.1	CTC	L	CCC	P	138
NC_045512.2	26937	G	A	4200	3814	41	2	2	37	0.000475964	4202	0.890764	FALSE	M:cds-YP_009724393.1	GTA	V	ATA	I	139
NC_045512.2	26943	G	C	4054	3768	40	1	0	37	0.000246548	4056	0.968789	FALSE	M:cds-YP_009724393.1	GGA	G	CGA	R	141
NC_045512.2	26943	G	A	4054	3768	40	1	1	36	0.000246548	4056	0.968789	FALSE	M:cds-YP_009724393.1	GGA	G	AGA	R	141
NC_045512.2	26944	G	A	4060	3780	40	2	2	37	0.000492368	4062	0.890769	FALSE	M:cds-YP_009724393.1	GGA	G	GAA	E	141
NC_045512.2	26945	A	G	4018	3738	40	1	1	74	0.000248818	4019	0.500062	FALSE	M:cds-YP_009724393.1	GGA	G	GGG	G	141
NC_045512.2	26946	G	A	4030	3768	39	2	2	37	0.000496032	4032	0.89077	FALSE	M:cds-YP_009724393.1	GCT	A	ACT	T	142
NC_045512.2	26947	C	T	4027	3768	39	1	1	37	0.000248262	4028	0.968808	FALSE	M:cds-YP_009724393.1	GCT	A	GTT	V	142
NC_045512.2	26948	T	G	3993	3736	39	1	1	37	0.000250313	3995	0.937547	FALSE	M:cds-YP_009724393.1	GCT	A	GCG	A	142
NC_045512.2	26948	T	C	3993	3736	39	1	1	37	0.000250313	3995	0.937547	FALSE	M:cds-YP_009724393.1	GCT	A	GCC	A	142
NC_045512.2	26949	G	A	4009	3752	39	2	2	37	0.000498629	4011	0.890771	FALSE	M:cds-YP_009724393.1	GTG	V	ATG	M	143
NC_045512.2	26950	T	C	3985	3731	39	2	2	37	0.00050163	3987	0.812657	FALSE	M:cds-YP_009724393.1	GTG	V	GCG	A	143
NC_045512.2	26951	G	A	3217	3003	39	768	731	39	0.192723	3985	1.48305e-242	TRUE	M:cds-YP_009724393.1	GTG	V	GTA	V	143
NC_045512.2	26953	T	C	3875	3624	39	2	1	37	0.000515863	3877	0.812661	FALSE	M:cds-YP_009724393.1	ATC	I	ACC	T	144
NC_045512.2	26954	C	G	3856	3606	39	1	1	37	0.000259269	3857	0.937581	FALSE	M:cds-YP_009724393.1	ATC	I	ATG	M	144
NC_045512.2	26957	T	C	3510	3283	39	1	0	25	0.000284819	3511	1	FALSE	M:cds-YP_009724393.1	CTT	L	CTC	L	145
NC_045512.2	26959	G	A	3405	3178	39	1	1	37	0.0002936	3406	0.937592	FALSE	M:cds-YP_009724393.1	CGT	R	CAT	H	146
NC_045512.2	26963	A	T	3336	3113	39	1	1	37	0.000299491	3339	0.937519	FALSE	M:cds-YP_009724393.1	GGA	G	GGT	G	147
NC_045512.2	26963	A	G	3336	3113	39	2	1	37	0.000598982	3339	0.812594	FALSE	M:cds-YP_009724393.1	GGA	G	GGG	G	147
NC_045512.2	26965	A	G	3230	3010	39	1	1	25	0.00030931	3233	1	FALSE	M:cds-YP_009724393.1	CAT	H	CGT	R	148
NC_045512.2	26965	A	C	3230	3010	39	2	0	37	0.00061862	3233	0.812597	FALSE	M:cds-YP_009724393.1	CAT	H	CCT	P	148
NC_045512.2	26967	C	A	3205	2990	39	1	1	25	0.000311915	3206	1	FALSE	M:cds-YP_009724393.1	CTT	L	ATT	I	149
NC_045512.2	26968	T	A	3158	2965	39	1	1	37	0.000316556	3159	0.937599	FALSE	M:cds-YP_009724393.1	CTT	L	CAT	H	149
NC_045512.2	26969	T	C	3164	2979	39	1	1	37	0.000315956	3165	0.937599	FALSE	M:cds-YP_009724393.1	CTT	L	CTC	L	149
NC_045512.2	26973	A	G	3087	2927	38	1	1	37	0.000323834	3088	0.937601	FALSE	M:cds-YP_009724393.1	ATT	I	GTT	V	151
NC_045512.2	26976	G	A	2876	2718	38	6	5	37	0.00208189	2882	0.144474	FALSE	M:cds-YP_009724393.1	GCT	A	ACT	T	152
NC_045512.2	26977	C	T	2868	2708	38	1	1	37	0.000348554	2869	0.875131	FALSE	M:cds-YP_009724393.1	GCT	A	GTT	V	152
NC_045512.2	26980	G	T	2787	2646	38	1	1	37	0.000358551	2789	0.875067	FALSE	M:cds-YP_009724393.1	GGA	G	GTA	V	153
NC_045512.2	26980	G	A	2787	2646	38	1	1	37	0.000358551	2789	0.875067	FALSE	M:cds-YP_009724393.1	GGA	G	GAA	E	153
NC_045512.2	26981	A	T	2785	2642	38	1	1	37	0.000358938	2786	0.875135	FALSE	M:cds-YP_009724393.1	GGA	G	GGT	G	153
NC_045512.2	26984	C	T	2691	2553	38	1	1	37	0.000371471	2692	0.875139	FALSE	M:cds-YP_009724393.1	CAC	H	CAT	H	154
NC_045512.2	26985	C	A	2405	2271	38	1	1	37	0.000415628	2406	0.875156	FALSE	M:cds-YP_009724393.1	CAT	H	AAT	N	155
NC_045512.2	26994	C	T	429	17	38	1	0	37	0.00232558	430	0.500582	FALSE	M:cds-YP_009724393.1	CGC	R	TGC	C	158
NC_045512.2	26995	G	A	428	17	38	2	0	37	0.00465116	430	0.250291	FALSE	M:cds-YP_009724393.1	CGC	R	CAC	H	158
NC_045512.2	27003	A	C	486	27	38	1	0	37	0.00205339	487	0.500514	FALSE	M:cds-YP_009724393.1	ATC	I	CTC	L	161
NC_045512.2	27012	C	T	511	39	40	2	0	37	0.00389864	513	0.250244	FALSE	M:cds-YP_009724393.1	CTG	L	TTG	L	164
NC_045512.2	27013	T	G	512	43	40	1	1	37	0.00194932	513	0.500488	FALSE	M:cds-YP_009724393.1	CTG	L	CGG	R	164
NC_045512.2	27020	A	T	552	46	40	1	0	37	0.00180832	553	0.500452	FALSE	M:cds-YP_009724393.1	AAA	K	AAT	N	166
NC_045512.2	27040	C	G	593	79	43	2	0	37	0.00336134	595	0.25021	FALSE	M:cds-YP_009724393.1	TCA	S	TGA	*	173
NC_045512.2	27045	A	G	600	90	44	1	1	37	0.00166389	601	0.500416	FALSE	M:cds-YP_009724393.1	ACG	T	GCG	A	175
NC_045512.2	27047	G	T	609	92	44	1	1	74	0.00163666	611	0.5	FALSE	M:cds-YP_009724393.1	ACG	T	ACT	T	175
NC_045512.2	27047	G	A	609	92	44	1	0	37	0.00163666	611	0.5	FALSE	M:cds-YP_009724393.1	ACG	T	ACA	T	175
NC_045512.2	27057	T	C	612	116	47	1	0	37	0.00163132	613	0.500408	FALSE	M:cds-YP_009724393.1	TAC	Y	CAC	H	179
NC_045512.2	27061	A	G	600	121	46	1	1	37	0.00166389	601	0.500416	FALSE	M:cds-YP_009724393.1	AAA	K	AGA	R	180
NC_045512.2	27068	A	G	630	144	47	1	0	37	0.00158479	631	0.500397	FALSE	M:cds-YP_009724393.1	GGA	G	GGG	G	182
NC_045512.2	27071	T	A	619	141	45	1	1	74	0.0016129	620	0.500404	FALSE	M:cds-YP_009724393.1	GCT	A	GCA	A	183
NC_045512.2	27079	G	A	631	198	48	1	1	37	0.00158228	632	0.500396	FALSE	M:cds-YP_009724393.1	CGT	R	CAT	H	186
NC_045512.2	27085	C	-A	608	216	46	1	0	20	0.00164474	608	0.99241	FALSE	NA	NA	NA	NA	NA	NA
NC_045512.2	27086	A	T	580	224	46	1	1	29	0.00171233	584	0.984335	FALSE	M:cds-YP_009724393.1	GCA	A	GCT	A	188
NC_045512.2	27086	A	C	580	224	46	3	0	37	0.00513699	584	0.124358	FALSE	M:cds-YP_009724393.1	GCA	A	GCC	A	188
NC_045512.2	27087	G	A	510	259	42	1	0	37	0.00195695	511	0.50049	FALSE	M:cds-YP_009724393.1	GGT	G	AGT	S	189
NC_045512.2	27093	T	C	514	260	41	1	1	37	0.00194175	515	0.500486	FALSE	M:cds-YP_009724393.1	TCA	S	CCA	P	191
NC_045512.2	27095	A	G	514	266	41	2	2	37	0.00387597	516	0.250242	FALSE	M:cds-YP_009724393.1	TCA	S	TCG	S	191
NC_045512.2	27102	G	A	540	286	41	1	0	37	0.00184843	541	0.500463	FALSE	M:cds-YP_009724393.1	GCT	A	ACT	T	194
NC_045512.2	27117	T	G	521	299	39	1	0	37	0.00191571	522	0.500479	FALSE	M:cds-YP_009724393.1	TAC	Y	GAC	D	199
NC_045512.2	27128	C	T	502	289	39	2	1	37	0.00396825	504	0.250248	FALSE	M:cds-YP_009724393.1	GGC	G	GGT	G	202
NC_045512.2	27134	T	C	491	285	39	1	1	37	0.00203252	492	0.500509	FALSE	M:cds-YP_009724393.1	TAT	Y	TAC	Y	204
NC_045512.2	27152	T	G	512	292	39	1	1	25	0.00194932	513	0.984694	FALSE	M:cds-YP_009724393.1	CAT	H	CAG	Q	210
NC_045512.2	27158	T	C	532	293	40	1	1	25	0.00187617	533	0.984682	FALSE	M:cds-YP_009724393.1	AGT	S	AGC	S	212
NC_045512.2	27162	A	T	529	295	40	1	0	37	0.00188679	530	0.500472	FALSE	M:cds-YP_009724393.1	AGT	S	TGT	C	214
NC_045512.2	27164	T	C	513	291	40	1	0	74	0.00194553	514	0.500487	FALSE	M:cds-YP_009724393.1	AGT	S	AGC	S	214
NC_045512.2	27172	T	G	575	334	40	1	1	37	0.00173611	576	0.500434	FALSE	M:cds-YP_009724393.1	ATT	I	AGT	S	217
NC_045512.2	27175	C	T	587	344	41	1	1	37	0.00170068	588	0.500426	FALSE	M:cds-YP_009724393.1	GCT	A	GTT	V	218
NC_045512.2	27198	A	G	507	268	39	1	1	25	0.0019685	508	0.984697	FALSE	NA	NA	NA	NA	NA	NA
NC_045512.2	27203	T	C	502	277	39	1	0	74	0.00198807	503	0.500498	FALSE	ORF6:cds-YP_009724394.1	ATG	M	ACG	T	1
NC_045512.2	27222	T	C	470	298	39	1	1	37	0.00212314	471	0.500531	FALSE	ORF6:cds-YP_009724394.1	TTT	F	TTC	F	7
NC_045512.2	27225	G	T	471	300	40	2	0	31	0.00422833	473	0.250265	FALSE	ORF6:cds-YP_009724394.1	CAG	Q	CAT	H	8
NC_045512.2	27238	G	-A	811	344	40	1	0	20	0.00123305	811	0.998111	FALSE	NA	NA	NA	NA	NA	NA
NC_045512.2	27240	G	C	779	289	40	1	1	37	0.00128205	780	0.500321	FALSE	ORF6:cds-YP_009724394.1	GAG	E	GAC	D	13
NC_045512.2	27257	T	A	806	367	41	1	0	37	0.00123916	807	0.50031	FALSE	ORF6:cds-YP_009724394.1	ATG	M	AAG	K	19
NC_045512.2	27258	G	A	812	372	41	1	1	37	0.00123001	813	0.500308	FALSE	ORF6:cds-YP_009724394.1	ATG	M	ATA	I	19
NC_045512.2	27259	A	T	0	0	0	1	0	37	0.00122699	815	0.00122699	TRUE	ORF6:cds-YP_009724394.1	AGG	R	TGG	W	20
NC_045512.2	27259	A	C	0	0	0	814	374	41	0.998773	815	0	TRUE	ORF6:cds-YP_009724394.1	AGG	R	CGG	R	20
NC_045512.2	27261	G	A	829	405	43	1	1	37	0.00120482	830	0.500301	FALSE	ORF6:cds-YP_009724394.1	AGG	R	AGA	R	20
NC_045512.2	27272	T	C	851	400	42	1	0	37	0.00117371	852	0.500294	FALSE	ORF6:cds-YP_009724394.1	GTT	V	GCT	A	24
NC_045512.2	27280	T	A	851	406	42	1	0	25	0.00117371	852	0.998098	FALSE	ORF6:cds-YP_009724394.1	TGG	W	AGG	R	27
NC_045512.2	27281	G	T	838	399	42	1	1	37	0.0011919	839	0.500298	FALSE	ORF6:cds-YP_009724394.1	TGG	W	TTG	L	27
NC_045512.2	27289	G	A	849	410	41	1	1	37	0.00117647	850	0.500294	FALSE	ORF6:cds-YP_009724394.1	GAT	D	AAT	N	30
NC_045512.2	27290	A	G	852	413	41	1	0	37	0.00117233	853	0.500293	FALSE	ORF6:cds-YP_009724394.1	GAT	D	GGT	G	30
NC_045512.2	27295	A	+G	846	401	41	1	0	20	0.00118203	846	0.998109	FALSE	NA	NA	NA	NA	NA	NA
NC_045512.2	27329	C	T	788	382	42	1	1	37	0.00126743	789	0.500317	FALSE	ORF6:cds-YP_009724394.1	TCA	S	TTA	L	43
NC_045512.2	27330	A	G	771	374	42	1	1	37	0.00129534	772	0.500324	FALSE	ORF6:cds-YP_009724394.1	TCA	S	TCG	S	43
NC_045512.2	27381	T	C	413	216	42	1	1	37	0.00241546	414	0.500605	FALSE	ORF6:cds-YP_009724394.1	ATT	I	ATC	I	60
NC_045512.2	27382	G	C	0	0	0	399	212	41	1	399	4.24904e-239	TRUE	ORF6:cds-YP_009724394.1	GAT	D	CAT	H	61
NC_045512.2	27383	A	T	0	0	0	397	208	41	1	397	6.78142e-238	TRUE	ORF6:cds-YP_009724394.1	GAT	D	GTT	V	61
NC_045512.2	27384	T	C	0	0	0	395	207	41	1	395	1.08229e-236	TRUE	ORF6:cds-YP_009724394.1	GAT	D	GAC	D	61
NC_045512.2	27391	A	G	469	274	42	1	1	62	0.00212766	470	0.500532	FALSE	NA	NA	NA	NA	NA	NA
NC_045512.2	27417	A	G	475	332	41	1	1	25	0.00210084	476	0.969241	FALSE	ORF7a:cds-YP_009724395.1	GCA	A	GCG	A	8
NC_045512.2	27427	C	T	509	347	42	1	0	74	0.00196078	510	0.500491	FALSE	ORF7a:cds-YP_009724395.1	CTC	L	TTC	F	12
NC_045512.2	27428	T	C	491	335	41	1	1	37	0.00203252	492	0.500509	FALSE	ORF7a:cds-YP_009724395.1	CTC	L	CCC	P	12
NC_045512.2	27430	G	A	485	334	41	1	0	37	0.00205761	486	0.500515	FALSE	ORF7a:cds-YP_009724395.1	GCT	A	ACT	T	13
NC_045512.2	27450	C	A	477	335	41	1	0	37	0.00209205	478	0.500524	FALSE	ORF7a:cds-YP_009724395.1	CAC	H	CAA	Q	19
NC_045512.2	27454	C	T	479	343	40	1	0	37	0.00208333	480	0.500521	FALSE	ORF7a:cds-YP_009724395.1	CAA	Q	TAA	*	21
NC_045512.2	27465	T	C	441	321	41	1	0	37	0.00226244	442	0.500566	FALSE	ORF7a:cds-YP_009724395.1	GTT	V	GTC	V	24
NC_045512.2	27477	A	C	416	293	44	1	0	37	0.00239808	417	0.5006	FALSE	ORF7a:cds-YP_009724395.1	ACA	T	ACC	T	28
NC_045512.2	27482	T	C	375	255	45	1	0	37	0.00265957	376	0.500666	FALSE	ORF7a:cds-YP_009724395.1	CTT	L	CCT	P	30
NC_045512.2	27485	T	A	386	285	45	1	1	37	0.00258398	387	0.500647	FALSE	ORF7a:cds-YP_009724395.1	TTA	L	TAA	*	31
NC_045512.2	27491	A	G	401	306	46	1	1	37	0.00248756	402	0.500623	FALSE	ORF7a:cds-YP_009724395.1	GAA	E	GGA	G	33
NC_045512.2	27503	C	G	408	326	47	1	1	37	0.00244499	409	0.500612	FALSE	ORF7a:cds-YP_009724395.1	TCT	S	TGT	C	37
NC_045512.2	27504	T	C	409	330	47	1	1	37	0.00243902	410	0.500611	FALSE	ORF7a:cds-YP_009724395.1	TCT	S	TCC	S	37
NC_045512.2	27515	A	C	362	285	48	1	0	37	0.00275482	363	0.50069	FALSE	ORF7a:cds-YP_009724395.1	GAG	E	GCG	A	41
NC_045512.2	27519	C	T	358	287	47	1	1	74	0.00278552	359	0.500697	FALSE	ORF7a:cds-YP_009724395.1	GGC	G	GGT	G	42
NC_045512.2	27530	T	C	312	263	44	1	1	37	0.00319489	313	0.5008	FALSE	ORF7a:cds-YP_009724395.1	TTT	F	TCT	S	46
NC_045512.2	27553	T	C	253	229	41	1	0	37	0.00393701	254	0.500986	FALSE	ORF7a:cds-YP_009724395.1	TTT	F	CTT	L	54
NC_045512.2	27570	T	C	223	176	38	1	0	37	0.00446429	224	0.501119	FALSE	ORF7a:cds-YP_009724395.1	TTT	F	TTC	F	59
NC_045512.2	27602	G	A	87	5	38	1	0	37	0.0113636	88	0.502857	FALSE	ORF7a:cds-YP_009724395.1	GGC	G	GAC	D	70
NC_045512.2	27605	T	C	89	4	37	1	1	74	0.0111111	90	0.502793	FALSE	ORF7a:cds-YP_009724395.1	GTA	V	GCA	A	71
NC_045512.2	27753	A	+G	118	58	40	1	0	20	0.00847458	118	0.755283	FALSE	NA	NA	NA	NA	NA	NA
NC_045512.2	27755	A	T	128	71	40	1	0	25	0.00775194	129	0.752918	FALSE	ORF7a:cds-YP_009724395.1	GAA	E	GTA	V	121
NC_045512.2	27776	T	C	134	84	40	1	1	37	0.00740741	135	0.501859	FALSE	ORF7b:cds-YP_009725318.1	ATT	I	ATC	I	7
NC_045512.2	27790	G	A	141	95	39	1	0	37	0.00704225	142	0.501767	FALSE	ORF7b:cds-YP_009725318.1	TGC	C	TAC	Y	12
NC_045512.2	27807	C	T	0	0	0	139	90	39	1	139	8.61319e-83	TRUE	ORF7b:cds-YP_009725318.1	CTA	L	TTA	L	18
NC_045512.2	27844	T	A	126	112	40	1	1	37	0.00787402	127	0.501976	FALSE	ORF7b:cds-YP_009725318.1	TTC	F	TAC	Y	30
NC_045512.2	27850	T	A	119	108	39	1	1	25	0.00833333	120	0.753138	FALSE	ORF7b:cds-YP_009725318.1	CTT	L	CAT	H	32
NC_045512.2	27855	C	A	116	108	39	1	1	37	0.00854701	117	0.502146	FALSE	ORF7b:cds-YP_009725318.1	CTG	L	ATG	M	34
NC_045512.2	27857	G	A	97	89	38	1	1	37	0.0102041	98	0.502564	FALSE	ORF7b:cds-YP_009725318.1	CTG	L	CTA	L	34
NC_045512.2	27869	T	C	238	96	37	2	1	37	0.00833333	240	0.250522	FALSE	ORF7b:cds-YP_009725318.1	AAT	N	AAC	N	38
NC_045512.2	27872	A	T	249	105	37	1	1	25	0.004	250	0.876501	FALSE	ORF7b:cds-YP_009725318.1	GAA	E	GAT	D	39
NC_045512.2	27874	C	-T	249	104	37	2	0	20	0.00803213	249	0.69276	FALSE	NA	NA	NA	NA	NA	NA
NC_045512.2	27915	G	T	93	30	41	185	96	41	0.665468	278	4.75423e-77	TRUE	ORF8:cds-YP_009724396.1	GGA	G	TGA	*	8
NC_045512.2	27939	T	G	280	97	47	1	0	25	0.00355872	281	0.876336	FALSE	ORF8:cds-YP_009724396.1	TTT	F	GTT	V	16
NC_045512.2	27961	A	G	261	113	42	1	0	37	0.00381679	262	0.500956	FALSE	ORF8:cds-YP_009724396.1	CAG	Q	CGG	R	23
NC_045512.2	27980	A	T	323	108	39	1	0	25	0.00307692	325	0.938079	FALSE	ORF8:cds-YP_009724396.1	CAA	Q	CAT	H	29
NC_045512.2	27980	A	G	323	108	39	1	0	25	0.00307692	325	0.938079	FALSE	ORF8:cds-YP_009724396.1	CAA	Q	CAG	Q	29
NC_045512.2	27992	T	C	332	104	39	1	0	37	0.003003	333	0.500752	FALSE	ORF8:cds-YP_009724396.1	GTT	V	GTC	V	33
NC_045512.2	27995	T	C	339	107	39	1	1	37	0.00294118	340	0.500736	FALSE	ORF8:cds-YP_009724396.1	GAT	D	GAC	D	34
NC_045512.2	27998	C	A	356	118	39	1	1	37	0.00280112	357	0.500701	FALSE	ORF8:cds-YP_009724396.1	GAC	D	GAA	E	35
NC_045512.2	28001	G	A	363	119	39	1	1	37	0.00274725	364	0.500688	FALSE	ORF8:cds-YP_009724396.1	CCG	P	CCA	P	36
NC_045512.2	28028	G	A	397	119	40	1	1	74	0.00251256	398	0.500629	FALSE	ORF8:cds-YP_009724396.1	TGG	W	TGA	*	45
NC_045512.2	28035	A	G	405	133	41	1	0	37	0.00246305	406	0.500617	FALSE	ORF8:cds-YP_009724396.1	AGA	R	GGA	G	48
NC_045512.2	28037	A	G	391	111	42	1	1	74	0.00255102	392	0.500639	FALSE	ORF8:cds-YP_009724396.1	AGA	R	AGG	R	48
NC_045512.2	28046	T	C	393	120	43	1	0	37	0.00253807	394	0.500635	FALSE	ORF8:cds-YP_009724396.1	GCT	A	GCC	A	51
NC_045512.2	28061	T	G	379	144	42	1	0	25	0.00263158	380	0.938322	FALSE	ORF8:cds-YP_009724396.1	CCT	P	CCG	P	56
NC_045512.2	28091	T	C	387	273	46	1	1	37	0.00257732	388	0.500645	FALSE	ORF8:cds-YP_009724396.1	GGT	G	GGC	G	66
NC_045512.2	28094	T	C	398	287	47	1	1	74	0.00250627	399	0.500627	FALSE	ORF8:cds-YP_009724396.1	TCT	S	TCC	S	67
NC_045512.2	28132	C	T	374	337	42	1	1	37	0.00266667	375	0.500668	FALSE	ORF8:cds-YP_009724396.1	ACA	T	ATA	I	80
NC_045512.2	28133	A	T	373	336	42	1	1	37	0.0026738	374	0.500669	FALSE	ORF8:cds-YP_009724396.1	ACA	T	ACT	T	80
NC_045512.2	28135	T	C	348	312	41	1	0	37	0.00286533	349	0.500717	FALSE	ORF8:cds-YP_009724396.1	GTT	V	GCT	A	81
NC_045512.2	28139	C	T	354	322	41	1	1	37	0.0028169	355	0.500705	FALSE	ORF8:cds-YP_009724396.1	TCC	S	TCT	S	82
NC_045512.2	28140	T	C	351	319	41	1	1	37	0.00284091	352	0.500711	FALSE	ORF8:cds-YP_009724396.1	TGT	C	CGT	R	83
NC_045512.2	28146	C	T	330	300	41	1	1	25	0.00302115	331	0.938443	FALSE	ORF8:cds-YP_009724396.1	CCT	P	TCT	S	85
NC_045512.2	28148	T	C	320	290	41	2	2	37	0.00621118	322	0.250389	FALSE	ORF8:cds-YP_009724396.1	CCT	P	CCC	P	85
NC_045512.2	28166	G	A	310	283	40	2	2	55	0.00641026	312	0.250401	FALSE	ORF8:cds-YP_009724396.1	CAG	Q	CAA	Q	91
NC_045512.2	28183	G	T	1053	275	38	1	0	37	0.000948767	1054	0.750356	FALSE	ORF8:cds-YP_009724396.1	AGT	S	ATT	I	97
NC_045512.2	28188	G	A	1137	271	37	1	0	37	0.000878735	1138	0.75033	FALSE	ORF8:cds-YP_009724396.1	GTA	V	ATA	I	99
NC_045512.2	28190	A	T	1140	269	37	1	0	37	0.000876424	1141	0.750329	FALSE	ORF8:cds-YP_009724396.1	GTA	V	GTT	V	99
NC_045512.2	28191	G	T	1146	273	37	1	0	37	0.00087184	1147	0.750327	FALSE	ORF8:cds-YP_009724396.1	GTG	V	TTG	L	100
NC_045512.2	28193	G	T	1029	115	37	1	0	37	0.000970874	1030	0.750364	FALSE	ORF8:cds-YP_009724396.1	GTG	V	GTT	V	100
NC_045512.2	28196	T	C	1018	107	37	1	1	37	0.000981354	1019	0.750368	FALSE	ORF8:cds-YP_009724396.1	CGT	R	CGC	R	101
NC_045512.2	28197	T	C	1021	104	38	1	0	37	0.000978474	1022	0.750367	FALSE	ORF8:cds-YP_009724396.1	TGT	C	CGT	R	102
NC_045512.2	28202	G	A	1012	92	38	1	0	37	0.000987167	1013	0.75037	FALSE	ORF8:cds-YP_009724396.1	TCG	S	TCA	S	103
NC_045512.2	28208	T	C	972	38	38	1	0	37	0.00102775	973	0.500257	FALSE	ORF8:cds-YP_009724396.1	TAT	Y	TAC	Y	105
NC_045512.2	28211	A	T	971	47	38	1	0	37	0.00102881	972	0.500257	FALSE	ORF8:cds-YP_009724396.1	GAA	E	GAT	D	106
NC_045512.2	28214	C	+T	1029	58	39	1	0	20	0.000971817	1029	0.99953	FALSE	NA	NA	NA	NA	NA	NA
NC_045512.2	28218	T	A	1039	67	39	1	0	25	0.000961538	1040	0.999527	FALSE	ORF8:cds-YP_009724396.1	TTA	L	ATA	I	109
NC_045512.2	28222	A	G	1063	108	41	1	1	37	0.00093985	1064	0.750353	FALSE	ORF8:cds-YP_009724396.1	GAG	E	GGG	G	110
NC_045512.2	28223	G	A	1138	110	41	1	1	74	0.000877963	1139	0.50022	FALSE	ORF8:cds-YP_009724396.1	GAG	E	GAA	E	110
NC_045512.2	28224	T	C	1142	111	41	1	0	37	0.000874891	1143	0.750328	FALSE	ORF8:cds-YP_009724396.1	TAT	Y	CAT	H	111
NC_045512.2	28233	G	A	1262	133	41	1	0	37	0.000791766	1263	0.750297	FALSE	ORF8:cds-YP_009724396.1	GTT	V	ATT	I	114
NC_045512.2	28237	G	A	1264	137	42	1	0	37	0.000790514	1265	0.750297	FALSE	ORF8:cds-YP_009724396.1	CGT	R	CAT	H	115
NC_045512.2	28239	G	T	1275	148	42	1	0	37	0.000783699	1276	0.750294	FALSE	ORF8:cds-YP_009724396.1	GTT	V	TTT	F	116
NC_045512.2	28247	A	T	1378	153	42	1	0	37	0.000725163	1379	0.750272	FALSE	ORF8:cds-YP_009724396.1	TTA	L	TTT	F	118
NC_045512.2	28261	C	T	1391	194	44	2	0	37	0.00143575	1393	0.500269	FALSE	NA	NA	NA	NA	NA	NA
NC_045512.2	28267	A	G	1434	262	46	1	1	37	0.000696864	1435	0.750261	FALSE	NA	NA	NA	NA	NA	NA
NC_045512.2	28271	A	T	0	0	0	1470	293	45	1	1470	0	TRUE	NA	NA	NA	NA	NA	NA
NC_045512.2	28284	A	G	1104	442	41	1	1	74	0.000904977	1105	0.500226	FALSE	N:cds-YP_009724397.2	AAT	N	AGT	S	4
NC_045512.2	28289	C	T	1099	454	40	1	0	37	0.000909091	1100	0.750341	FALSE	N:cds-YP_009724397.2	CCC	P	TCC	S	6
NC_045512.2	28292	C	A	1100	460	40	1	0	37	0.000908265	1101	0.750341	FALSE	N:cds-YP_009724397.2	CAA	Q	AAA	K	7
NC_045512.2	28292	C	-A	1100	460	40	1	0	20	0.000908265	1101	0.999764	FALSE	NA	NA	NA	NA	NA	NA
NC_045512.2	28297	T	C	1115	529	40	1	1	37	0.000896057	1116	0.750336	FALSE	N:cds-YP_009724397.2	AAT	N	AAC	N	8
NC_045512.2	28301	C	T	1115	517	40	2	0	49	0.00179051	1117	0.250112	FALSE	N:cds-YP_009724397.2	CGA	R	TGA	*	10
NC_045512.2	28303	A	T	1167	562	41	1	1	37	0.000856164	1168	0.750321	FALSE	N:cds-YP_009724397.2	CGA	R	CGT	R	10
NC_045512.2	28307	G	A	1169	568	41	1	0	74	0.000854701	1170	0.500214	FALSE	N:cds-YP_009724397.2	GCA	A	ACA	T	12
NC_045512.2	28308	C	T	1172	582	41	2	0	55	0.00170358	1174	0.250107	FALSE	N:cds-YP_009724397.2	GCA	A	GTA	V	12
NC_045512.2	28309	A	G	1164	571	41	1	0	37	0.000858369	1165	0.750322	FALSE	N:cds-YP_009724397.2	GCA	A	GCG	A	12
NC_045512.2	28311	C	T	2	0	37	1263	729	43	0.998419	1265	0	TRUE	N:cds-YP_009724397.2	CCC	P	CTC	L	13
NC_045512.2	28312	C	T	1342	769	44	1	0	37	0.000744602	1343	0.750279	FALSE	N:cds-YP_009724397.2	CCC	P	CCT	P	13
NC_045512.2	28314	G	A	1368	765	43	1	0	37	0.00073046	1369	0.750274	FALSE	N:cds-YP_009724397.2	CGC	R	CAC	H	14
NC_045512.2	28316	A	C	1356	775	43	1	0	37	0.00073692	1357	0.750276	FALSE	N:cds-YP_009724397.2	ATT	I	CTT	L	15
NC_045512.2	28318	T	C	1352	781	43	1	1	37	0.000739098	1353	0.750277	FALSE	N:cds-YP_009724397.2	ATT	I	ATC	I	15
NC_045512.2	28319	A	G	1366	776	42	1	0	37	0.000731529	1367	0.750274	FALSE	N:cds-YP_009724397.2	ACG	T	GCG	A	16
NC_045512.2	28320	C	T	1374	783	43	1	1	37	0.000727273	1375	0.750273	FALSE	N:cds-YP_009724397.2	ACG	T	ATG	M	16
NC_045512.2	28321	G	A	1353	764	43	1	0	37	0.000738552	1354	0.750277	FALSE	N:cds-YP_009724397.2	ACG	T	ACA	T	16
NC_045512.2	28321	G	-T	1353	764	43	1	0	20	0.000738552	1354	0.999941	FALSE	NA	NA	NA	NA	NA	NA
NC_045512.2	28322	T	C	1331	756	42	1	0	37	0.000750751	1332	0.750094	FALSE	N:cds-YP_009724397.2	TTT	F	CTT	L	17
NC_045512.2	28323	T	C	1299	723	42	2	0	37	0.00153728	1301	0.500288	FALSE	N:cds-YP_009724397.2	TTT	F	TCT	S	17
NC_045512.2	28326	G	A	1231	768	41	1	1	37	0.000811688	1232	0.750305	FALSE	N:cds-YP_009724397.2	GGT	G	GAT	D	18
NC_045512.2	28336	A	G	1258	788	41	1	1	74	0.000794281	1259	0.500199	FALSE	N:cds-YP_009724397.2	TCA	S	TCG	S	21
NC_045512.2	28339	T	C	1253	784	40	1	0	37	0.000797448	1254	0.750299	FALSE	N:cds-YP_009724397.2	GAT	D	GAC	D	22
NC_045512.2	28346	G	T	1242	847	40	1	1	37	0.000804505	1243	0.750302	FALSE	N:cds-YP_009724397.2	GGC	G	TGC	C	25
NC_045512.2	28350	G	A	1256	867	40	2	1	37	0.00158983	1258	0.500298	FALSE	N:cds-YP_009724397.2	AGT	S	AAT	N	26
NC_045512.2	28353	A	G	1241	860	40	1	1	37	0.000805153	1242	0.750302	FALSE	N:cds-YP_009724397.2	AAC	N	AGC	S	27
NC_045512.2	28356	A	G	1181	823	39	1	1	37	0.000845309	1183	0.750106	FALSE	N:cds-YP_009724397.2	CAG	Q	CGG	R	28
NC_045512.2	28356	A	C	1181	823	39	1	0	25	0.000845309	1183	0.999763	FALSE	N:cds-YP_009724397.2	CAG	Q	CCG	P	28
NC_045512.2	28359	A	T	1194	822	40	1	1	37	0.00083682	1195	0.750314	FALSE	N:cds-YP_009724397.2	AAT	N	ATT	I	29
NC_045512.2	28361	G	-GAGAACGCA	1173	800	40	942	0	20	0.803069	1173	7.74685e-203	TRUE	NA	NA	NA	NA	NA	NA
NC_045512.2	28363	A	T	0	0	0	3	2	37	1	3	6.49344e-09	TRUE	N:cds-YP_009724397.2	GGA	G	GGT	G	30
NC_045512.2	28370	A	G	0	0	0	48	41	37	1	48	1.19925e-82	TRUE	N:cds-YP_009724397.2	AGT	S	GGT	G	33
NC_045512.2	28374	G	T	1152	798	40	1	1	37	0.000867303	1153	0.750325	FALSE	N:cds-YP_009724397.2	GGG	G	GTG	V	34
NC_045512.2	28376	G	A	1153	800	40	2	1	37	0.0017316	1155	0.500325	FALSE	N:cds-YP_009724397.2	GCG	A	ACG	T	35
NC_045512.2	28377	C	T	1148	795	40	1	1	37	0.000869565	1150	0.750109	FALSE	N:cds-YP_009724397.2	GCG	A	GTG	V	35
NC_045512.2	28377	C	A	1148	795	40	1	1	37	0.000869565	1150	0.750109	FALSE	N:cds-YP_009724397.2	GCG	A	GAG	E	35
NC_045512.2	28379	C	T	1144	789	40	3	2	49	0.00261552	1147	0.125	FALSE	N:cds-YP_009724397.2	CGA	R	TGA	*	36
NC_045512.2	28380	G	A	1169	806	40	1	0	37	0.000854701	1170	0.750321	FALSE	N:cds-YP_009724397.2	CGA	R	CAA	Q	36
NC_045512.2	28383	C	-A	1201	847	40	1	0	20	0.000832639	1201	0.999883	FALSE	NA	NA	NA	NA	NA	NA
NC_045512.2	28391	C	T	1224	884	41	1	1	37	0.000816327	1225	0.750306	FALSE	N:cds-YP_009724397.2	CGT	R	TGT	C	40
NC_045512.2	28393	T	C	1225	889	40	2	2	31	0.00162999	1227	0.500306	FALSE	N:cds-YP_009724397.2	CGT	R	CGC	R	40
NC_045512.2	28394	C	T	1213	875	41	1	0	37	0.000823723	1214	0.750309	FALSE	N:cds-YP_009724397.2	CGG	R	TGG	W	41
NC_045512.2	28396	G	A	1238	883	41	1	1	37	0.000807103	1239	0.750303	FALSE	N:cds-YP_009724397.2	CGG	R	CGA	R	41
NC_045512.2	28400	C	T	1224	895	41	1	1	37	0.000816327	1225	0.750306	FALSE	N:cds-YP_009724397.2	CAA	Q	TAA	*	43
NC_045512.2	28402	A	G	1232	908	41	1	1	37	0.00081103	1233	0.750304	FALSE	N:cds-YP_009724397.2	CAA	Q	CAG	Q	43
NC_045512.2	28407	T	G	1254	962	43	1	1	37	0.000796813	1255	0.750299	FALSE	N:cds-YP_009724397.2	TTA	L	TGA	*	45
NC_045512.2	28412	A	G	1264	990	43	1	1	37	0.000790514	1265	0.750297	FALSE	N:cds-YP_009724397.2	AAT	N	GAT	D	47
NC_045512.2	28414	T	C	1276	1000	43	2	1	37	0.00156495	1278	0.500294	FALSE	N:cds-YP_009724397.2	AAT	N	AAC	N	47
NC_045512.2	28417	T	C	1318	1075	44	1	1	37	0.00075815	1319	0.750284	FALSE	N:cds-YP_009724397.2	AAT	N	AAC	N	48
NC_045512.2	28419	C	T	1328	1086	45	1	1	37	0.000752445	1329	0.750282	FALSE	N:cds-YP_009724397.2	ACT	T	ATT	I	49
NC_045512.2	28421	G	A	1118	887	46	1	1	37	0.000893655	1119	0.750335	FALSE	N:cds-YP_009724397.2	GCG	A	ACG	T	50
NC_045512.2	28430	T	C	1023	851	43	1	1	37	0.000976562	1024	0.750366	FALSE	N:cds-YP_009724397.2	TTC	F	CTC	L	53
NC_045512.2	28432	C	T	1068	899	44	1	0	74	0.000935454	1069	0.500234	FALSE	N:cds-YP_009724397.2	TTC	F	TTT	F	53
NC_045512.2	28433	A	T	1060	888	44	1	0	25	0.000942507	1061	0.999527	FALSE	N:cds-YP_009724397.2	ACC	T	TCC	S	54
NC_045512.2	28434	C	T	1063	893	44	1	1	74	0.00093985	1064	0.500235	FALSE	N:cds-YP_009724397.2	ACC	T	ATC	I	54
NC_045512.2	28436	G	A	1049	883	43	2	2	37	0.00190295	1051	0.500357	FALSE	N:cds-YP_009724397.2	GCT	A	ACT	T	55
NC_045512.2	28437	C	T	1047	881	44	2	2	37	0.00190658	1049	0.500358	FALSE	N:cds-YP_009724397.2	GCT	A	GTT	V	55
NC_045512.2	28438	T	C	1036	868	44	1	1	25	0.00096432	1037	0.999527	FALSE	N:cds-YP_009724397.2	GCT	A	GCC	A	55
NC_045512.2	28439	C	A	1037	870	44	1	1	37	0.000963391	1038	0.750361	FALSE	N:cds-YP_009724397.2	CTC	L	ATC	I	56
NC_045512.2	28451	G	T	941	801	43	1	1	37	0.00106045	943	0.5	FALSE	N:cds-YP_009724397.2	GGC	G	TGC	C	60
NC_045512.2	28451	G	A	941	801	43	1	1	74	0.00106045	943	0.5	FALSE	N:cds-YP_009724397.2	GGC	G	AGC	S	60
NC_045512.2	28452	G	A	937	799	43	1	1	25	0.0010661	938	0.999052	FALSE	N:cds-YP_009724397.2	GGC	G	GAC	D	60
NC_045512.2	28453	C	T	933	793	43	1	1	37	0.00107066	934	0.500268	FALSE	N:cds-YP_009724397.2	GGC	G	GGT	G	60
NC_045512.2	28459	A	C	887	758	42	1	1	37	0.00112613	888	0.500282	FALSE	N:cds-YP_009724397.2	GAA	E	GAC	D	62
NC_045512.2	28473	C	A	742	669	40	1	1	37	0.0013459	743	0.500337	FALSE	N:cds-YP_009724397.2	CCT	P	CAT	H	67
NC_045512.2	28484	G	T	675	612	40	1	1	74	0.00147929	676	0.50037	FALSE	N:cds-YP_009724397.2	GGC	G	TGC	C	71
NC_045512.2	28485	G	A	672	608	40	1	1	37	0.00148588	673	0.500372	FALSE	N:cds-YP_009724397.2	GGC	G	GAC	D	71
NC_045512.2	28486	C	T	654	597	40	1	1	74	0.00152672	655	0.500382	FALSE	N:cds-YP_009724397.2	GGC	G	GGT	G	71
NC_045512.2	28487	G	A	599	542	40	1	1	37	0.00166667	600	0.500417	FALSE	N:cds-YP_009724397.2	GTT	V	ATT	I	72
NC_045512.2	28496	A	C	571	518	40	1	0	37	0.00174825	572	0.500437	FALSE	N:cds-YP_009724397.2	AAC	N	CAC	H	75
NC_045512.2	28498	C	T	15472	987	37	9	0	37	0.000581208	15485	0.924217	FALSE	N:cds-YP_009724397.2	AAC	N	AAT	N	75
NC_045512.2	28498	C	G	15472	987	37	3	1	37	0.000193736	15485	0.999343	FALSE	N:cds-YP_009724397.2	AAC	N	AAG	K	75
NC_045512.2	28498	C	A	15472	987	37	1	0	37	6.45786e-05	15485	0.999985	FALSE	N:cds-YP_009724397.2	AAC	N	AAA	K	75
NC_045512.2	28499	A	G	16841	1001	37	7	3	37	0.00041548	16848	0.982692	FALSE	N:cds-YP_009724397.2	ACC	T	GCC	A	76
NC_045512.2	28499	A	+G	16841	1001	37	8	0	20	0.000474834	16848	1	FALSE	NA	NA	NA	NA	NA	NA
NC_045512.2	28500	C	T	21005	1114	37	16	0	37	0.000760746	21032	0.837746	FALSE	N:cds-YP_009724397.2	ACC	T	ATC	I	76
NC_045512.2	28500	C	G	21005	1114	37	8	6	37	0.000380373	21032	0.995918	FALSE	N:cds-YP_009724397.2	ACC	T	AGC	S	76
NC_045512.2	28500	C	A	21005	1114	37	3	0	37	0.00014264	21032	0.999982	FALSE	N:cds-YP_009724397.2	ACC	T	AAC	N	76
NC_045512.2	28501	C	T	21946	1116	37	2	0	37	9.11245e-05	21948	0.999997	FALSE	N:cds-YP_009724397.2	ACC	T	ACT	T	76
NC_045512.2	28502	A	T	21963	1117	37	1	0	37	4.5527e-05	21965	1	FALSE	N:cds-YP_009724397.2	AAT	N	TAT	Y	77
NC_045512.2	28502	A	C	21963	1117	37	1	0	37	4.5527e-05	21965	1	FALSE	N:cds-YP_009724397.2	AAT	N	CAT	H	77
NC_045512.2	28503	A	T	22068	1103	37	1	0	37	4.53022e-05	22074	1	FALSE	N:cds-YP_009724397.2	AAT	N	ATT	I	77
NC_045512.2	28503	A	G	22068	1103	37	4	4	37	0.000181209	22074	0.999956	FALSE	N:cds-YP_009724397.2	AAT	N	AGT	S	77
NC_045512.2	28503	A	C	22068	1103	37	1	1	25	4.53022e-05	22074	1	FALSE	N:cds-YP_009724397.2	AAT	N	ACT	T	77
NC_045512.2	28504	T	C	24501	1136	37	2	0	37	8.16227e-05	24503	1	FALSE	N:cds-YP_009724397.2	AAT	N	AAC	N	77
NC_045512.2	28505	A	T	24649	1128	37	1	0	37	4.0563e-05	24653	1	FALSE	N:cds-YP_009724397.2	AGC	S	TGC	C	78
NC_045512.2	28505	A	G	24649	1128	37	3	0	33	0.000121689	24653	0.999997	FALSE	N:cds-YP_009724397.2	AGC	S	GGC	G	78
NC_045512.2	28506	G	A	24745	1364	38	15	0	37	0.000605816	24760	0.946019	FALSE	N:cds-YP_009724397.2	AGC	S	AAC	N	78
NC_045512.2	28507	C	T	25096	1322	38	19	0	37	0.00075652	25115	0.854529	FALSE	N:cds-YP_009724397.2	AGC	S	AGT	S	78
NC_045512.2	28508	A	T	25031	1195	38	7	0	37	0.000279508	25044	0.999733	FALSE	N:cds-YP_009724397.2	AGT	S	TGT	C	79
NC_045512.2	28508	A	G	25031	1195	38	5	2	37	0.000199649	25044	0.99997	FALSE	N:cds-YP_009724397.2	AGT	S	GGT	G	79
NC_045512.2	28508	A	C	25031	1195	38	1	0	37	3.99297e-05	25044	1	FALSE	N:cds-YP_009724397.2	AGT	S	CGT	R	79
NC_045512.2	28509	G	A	29225	1319	38	2	0	31	6.84299e-05	29227	1	FALSE	N:cds-YP_009724397.2	AGT	S	AAT	N	79
NC_045512.2	28510	T	C	28824	1045	37	6	0	35	0.000208117	28830	0.999981	FALSE	N:cds-YP_009724397.2	AGT	S	AGC	S	79
NC_045512.2	28511	C	T	29482	1115	38	3	0	37	0.000101726	29491	1	FALSE	N:cds-YP_009724397.2	CCA	P	TCA	S	80
NC_045512.2	28511	C	G	29482	1115	38	2	0	37	6.78173e-05	29491	1	FALSE	N:cds-YP_009724397.2	CCA	P	GCA	A	80
NC_045512.2	28511	C	A	29482	1115	38	4	0	34	0.000135635	29491	0.999999	FALSE	N:cds-YP_009724397.2	CCA	P	ACA	T	80
NC_045512.2	28512	C	A	29563	1118	38	2	0	37	6.76476e-05	29565	1	FALSE	N:cds-YP_009724397.2	CCA	P	CAA	Q	80
NC_045512.2	28513	A	G	29533	1126	38	2	0	37	6.77163e-05	29535	1	FALSE	N:cds-YP_009724397.2	CCA	P	CCG	P	80
NC_045512.2	28514	G	A	29535	1134	38	8	0	35	0.000270792	29543	0.999905	FALSE	N:cds-YP_009724397.2	GAT	D	AAT	N	81
NC_045512.2	28515	A	T	29374	1130	38	2	0	31	6.80689e-05	29382	1	FALSE	N:cds-YP_009724397.2	GAT	D	GTT	V	81
NC_045512.2	28515	A	G	29374	1130	38	6	0	37	0.000204207	29382	0.999989	FALSE	N:cds-YP_009724397.2	GAT	D	GGT	G	81
NC_045512.2	28516	T	C	29588	1211	38	3	0	37	0.000101382	29591	1	FALSE	N:cds-YP_009724397.2	GAT	D	GAC	D	81
NC_045512.2	28517	G	T	29953	1889	40	2	0	31	6.67646e-05	29956	1	FALSE	N:cds-YP_009724397.2	GAC	D	TAC	Y	82
NC_045512.2	28517	G	A	29953	1889	40	1	0	37	3.33823e-05	29956	1	FALSE	N:cds-YP_009724397.2	GAC	D	AAC	N	82
NC_045512.2	28518	A	G	30209	1919	40	3	0	37	9.92983e-05	30212	1	FALSE	N:cds-YP_009724397.2	GAC	D	GGC	G	82
NC_045512.2	28519	C	T	30396	1921	40	11	0	37	0.000361711	30411	0.999277	FALSE	N:cds-YP_009724397.2	GAC	D	GAT	D	82
NC_045512.2	28519	C	A	30396	1921	40	4	0	43	0.000131531	30411	0.49982	FALSE	N:cds-YP_009724397.2	GAC	D	GAA	E	82
NC_045512.2	28520	C	T	30424	1925	40	1	0	25	3.28623e-05	30430	1	FALSE	N:cds-YP_009724397.2	CAA	Q	TAA	*	83
NC_045512.2	28520	C	A	30424	1925	40	5	1	32	0.000164312	30430	0.999998	FALSE	N:cds-YP_009724397.2	CAA	Q	AAA	K	83
NC_045512.2	28521	A	T	30386	1933	39	1	0	37	3.29066e-05	30389	1	FALSE	N:cds-YP_009724397.2	CAA	Q	CTA	L	83
NC_045512.2	28521	A	G	30386	1933	39	2	0	37	6.58133e-05	30389	1	FALSE	N:cds-YP_009724397.2	CAA	Q	CGA	R	83
NC_045512.2	28522	A	G	30554	2008	40	1	0	25	3.27279e-05	30555	1	FALSE	N:cds-YP_009724397.2	CAA	Q	CAG	Q	83
NC_045512.2	28523	A	T	30493	2002	39	1	0	74	3.27912e-05	30496	0.499992	FALSE	N:cds-YP_009724397.2	ATT	I	TTT	F	84
NC_045512.2	28523	A	G	30493	2002	39	2	0	37	6.55824e-05	30496	1	FALSE	N:cds-YP_009724397.2	ATT	I	GTT	V	84
NC_045512.2	28524	T	C	30421	2042	40	1	0	37	3.28699e-05	30423	1	FALSE	N:cds-YP_009724397.2	ATT	I	ACT	T	84
NC_045512.2	28524	T	A	30421	2042	40	1	0	25	3.28699e-05	30423	1	FALSE	N:cds-YP_009724397.2	ATT	I	AAT	N	84
NC_045512.2	28525	T	C	30617	2055	40	5	0	29	0.000163271	30624	1	FALSE	N:cds-YP_009724397.2	ATT	I	ATC	I	84
NC_045512.2	28525	T	A	30617	2055	40	2	0	49	6.53083e-05	30624	0.812469	FALSE	N:cds-YP_009724397.2	ATT	I	ATA	I	84
NC_045512.2	28526	G	T	33940	2081	40	2	0	31	5.89154e-05	33947	1	FALSE	N:cds-YP_009724397.2	GGC	G	TGC	C	85
NC_045512.2	28526	G	A	33940	2081	40	5	0	37	0.000147288	33947	1	FALSE	N:cds-YP_009724397.2	GGC	G	AGC	S	85
NC_045512.2	28527	G	T	34067	2109	40	1	0	37	2.93419e-05	34081	1	FALSE	N:cds-YP_009724397.2	GGC	G	GTC	V	85
NC_045512.2	28527	G	C	34067	2109	40	1	0	37	2.93419e-05	34081	1	FALSE	N:cds-YP_009724397.2	GGC	G	GCC	A	85
NC_045512.2	28527	G	A	34067	2109	40	12	0	36	0.000352102	34081	0.999733	FALSE	N:cds-YP_009724397.2	GGC	G	GAC	D	85
NC_045512.2	28528	C	T	34223	2155	40	33	1	41	0.000963307	34257	1.12883e-07	TRUE	N:cds-YP_009724397.2	GGC	G	GGT	G	85
NC_045512.2	28528	C	A	34223	2155	40	1	0	37	2.91911e-05	34257	1	FALSE	N:cds-YP_009724397.2	GGC	G	GGA	G	85
NC_045512.2	28529	T	C	34196	2243	40	5	0	37	0.000146195	34201	1	FALSE	N:cds-YP_009724397.2	TAC	Y	CAC	H	86
NC_045512.2	28529	T	-A	34196	2243	40	1	0	20	2.92389e-05	34201	1	FALSE	NA	NA	NA	NA	NA	NA
NC_045512.2	28530	A	G	34132	2249	40	5	2	46	0.000146469	34137	0.363273	FALSE	N:cds-YP_009724397.2	TAC	Y	TGC	C	86
NC_045512.2	28531	C	T	37643	2252	40	10	2	40	0.000265569	37655	0.046124	FALSE	N:cds-YP_009724397.2	TAC	Y	TAT	Y	86
NC_045512.2	28531	C	G	37643	2252	40	2	0	37	5.31138e-05	37655	1	FALSE	N:cds-YP_009724397.2	TAC	Y	TAG	*	86
NC_045512.2	28532	T	C	37519	2256	40	1	0	37	2.66517e-05	37521	1	FALSE	N:cds-YP_009724397.2	TAC	Y	CAC	H	87
NC_045512.2	28532	T	A	37519	2256	40	1	0	25	2.66517e-05	37521	1	FALSE	N:cds-YP_009724397.2	TAC	Y	AAC	N	87
NC_045512.2	28533	A	T	40682	2254	39	1	0	37	2.45718e-05	40697	1	FALSE	N:cds-YP_009724397.2	TAC	Y	TTC	F	87
NC_045512.2	28533	A	G	40682	2254	39	14	0	35	0.000344006	40697	0.999913	FALSE	N:cds-YP_009724397.2	TAC	Y	TGC	C	87
NC_045512.2	28534	C	T	41258	2531	40	5	1	44	0.000121168	41265	0.499985	FALSE	N:cds-YP_009724397.2	TAC	Y	TAT	Y	87
NC_045512.2	28534	C	G	41258	2531	40	2	0	37	4.84672e-05	41265	1	FALSE	N:cds-YP_009724397.2	TAC	Y	TAG	*	87
NC_045512.2	28535	C	T	41273	2560	40	8	2	41	0.000193794	41281	0.193842	FALSE	N:cds-YP_009724397.2	CGA	R	TGA	*	88
NC_045512.2	28536	G	T	41270	2568	40	2	0	37	4.84508e-05	41279	1	FALSE	N:cds-YP_009724397.2	CGA	R	CTA	L	88
NC_045512.2	28536	G	A	41270	2568	40	7	0	33	0.000169578	41279	1	FALSE	N:cds-YP_009724397.2	CGA	R	CAA	Q	88
NC_045512.2	28537	A	G	41122	2587	40	1	0	74	2.43167e-05	41124	0.5	FALSE	N:cds-YP_009724397.2	CGA	R	CGG	R	88
NC_045512.2	28537	A	C	41122	2587	40	1	1	25	2.43167e-05	41124	1	FALSE	N:cds-YP_009724397.2	CGA	R	CGC	R	88
NC_045512.2	28538	A	T	40549	2594	39	1	0	37	2.46524e-05	40564	1	FALSE	N:cds-YP_009724397.2	AGA	R	TGA	*	89
NC_045512.2	28538	A	G	40549	2594	39	11	3	35	0.000271176	40564	0.999993	FALSE	N:cds-YP_009724397.2	AGA	R	GGA	G	89
NC_045512.2	28538	A	C	40549	2594	39	3	0	33	7.39572e-05	40564	1	FALSE	N:cds-YP_009724397.2	AGA	R	CGA	R	89
NC_045512.2	28539	G	T	41535	2789	40	2	0	31	4.81452e-05	41541	1	FALSE	N:cds-YP_009724397.2	AGA	R	ATA	I	89
NC_045512.2	28539	G	C	41535	2789	40	2	1	31	4.81452e-05	41541	1	FALSE	N:cds-YP_009724397.2	AGA	R	ACA	T	89
NC_045512.2	28539	G	A	41535	2789	40	2	0	49	4.81452e-05	41541	0.890617	FALSE	N:cds-YP_009724397.2	AGA	R	AAA	K	89
NC_045512.2	28540	A	G	41453	2823	40	6	0	35	0.000144718	41460	1	FALSE	N:cds-YP_009724397.2	AGA	R	AGG	R	89
NC_045512.2	28540	A	C	41453	2823	40	1	0	37	2.41196e-05	41460	1	FALSE	N:cds-YP_009724397.2	AGA	R	AGC	S	89
NC_045512.2	28541	G	T	42321	2822	40	2	0	37	4.72523e-05	42326	1	FALSE	N:cds-YP_009724397.2	GCT	A	TCT	S	90
NC_045512.2	28541	G	C	42321	2822	40	1	0	37	2.36261e-05	42326	1	FALSE	N:cds-YP_009724397.2	GCT	A	CCT	P	90
NC_045512.2	28541	G	A	42321	2822	40	2	0	37	4.72523e-05	42326	1	FALSE	N:cds-YP_009724397.2	GCT	A	ACT	T	90
NC_045512.2	28542	C	T	42570	2926	41	20	2	38	0.000469561	42593	0.998426	FALSE	N:cds-YP_009724397.2	GCT	A	GTT	V	90
NC_045512.2	28542	C	G	42570	2926	41	2	1	37	4.69561e-05	42593	1	FALSE	N:cds-YP_009724397.2	GCT	A	GGT	G	90
NC_045512.2	28542	C	A	42570	2926	41	1	0	37	2.3478e-05	42593	1	FALSE	N:cds-YP_009724397.2	GCT	A	GAT	D	90
NC_045512.2	28543	T	C	42670	2943	40	9	1	41	0.000210852	42684	0.133368	FALSE	N:cds-YP_009724397.2	GCT	A	GCC	A	90
NC_045512.2	28543	T	A	42670	2943	40	5	0	37	0.00011714	42684	1	FALSE	N:cds-YP_009724397.2	GCT	A	GCA	A	90
NC_045512.2	28544	A	T	41084	5203	43	1	1	25	2.43368e-05	41090	1	FALSE	N:cds-YP_009724397.2	ACC	T	TCC	S	91
NC_045512.2	28544	A	G	41084	5203	43	4	0	37	9.73473e-05	41090	1	FALSE	N:cds-YP_009724397.2	ACC	T	GCC	A	91
NC_045512.2	28544	A	C	41084	5203	43	1	0	25	2.43368e-05	41090	1	FALSE	N:cds-YP_009724397.2	ACC	T	CCC	P	91
NC_045512.2	28545	C	T	42874	5271	44	3	0	49	6.99659e-05	42878	0.773438	FALSE	N:cds-YP_009724397.2	ACC	T	ATC	I	91
NC_045512.2	28545	C	G	42874	5271	44	1	0	37	2.3322e-05	42878	1	FALSE	N:cds-YP_009724397.2	ACC	T	AGC	S	91
NC_045512.2	28546	C	T	42910	5317	44	3	1	61	6.99007e-05	42918	0.124978	FALSE	N:cds-YP_009724397.2	ACC	T	ACT	T	91
NC_045512.2	28546	C	G	42910	5317	44	2	1	37	4.66005e-05	42918	1	FALSE	N:cds-YP_009724397.2	ACC	T	ACG	T	91
NC_045512.2	28546	C	A	42910	5317	44	3	0	37	6.99007e-05	42918	1	FALSE	N:cds-YP_009724397.2	ACC	T	ACA	T	91
NC_045512.2	28547	A	T	40752	5422	43	1	0	37	2.45308e-05	40765	1	FALSE	N:cds-YP_009724397.2	AGA	R	TGA	*	92
NC_045512.2	28547	A	G	40752	5422	43	11	4	36	0.000269839	40765	0.999993	FALSE	N:cds-YP_009724397.2	AGA	R	GGA	G	92
NC_045512.2	28547	A	C	40752	5422	43	1	0	25	2.45308e-05	40765	1	FALSE	N:cds-YP_009724397.2	AGA	R	CGA	R	92
NC_045512.2	28547	A	-G	40752	5422	43	1	0	20	2.45308e-05	40765	1	FALSE	NA	NA	NA	NA	NA	NA
NC_045512.2	28548	G	T	43210	5493	44	3	0	33	6.94203e-05	43215	1	FALSE	N:cds-YP_009724397.2	AGA	R	ATA	I	92
NC_045512.2	28548	G	A	43210	5493	44	2	0	37	4.62802e-05	43215	1	FALSE	N:cds-YP_009724397.2	AGA	R	AAA	K	92
NC_045512.2	28549	A	G	41363	5484	43	7	1	40	0.000169201	41371	0.2744	FALSE	N:cds-YP_009724397.2	AGA	R	AGG	R	92
NC_045512.2	28549	A	C	41363	5484	43	1	0	25	2.41715e-05	41371	1	FALSE	N:cds-YP_009724397.2	AGA	R	AGC	S	92
NC_045512.2	28550	C	T	43668	5483	44	22	4	41	0.000503536	43691	0.000266284	TRUE	N:cds-YP_009724397.2	CGA	R	TGA	*	93
NC_045512.2	28550	C	A	43668	5483	44	1	0	37	2.2888e-05	43691	1	FALSE	N:cds-YP_009724397.2	CGA	R	AGA	R	93
NC_045512.2	28550	C	+A	43668	5483	44	8	0	20	0.000183104	43691	1	FALSE	NA	NA	NA	NA	NA	NA
NC_045512.2	28551	G	T	43596	5553	45	4	0	43	9.17074e-05	43617	0.636524	FALSE	N:cds-YP_009724397.2	CGA	R	CTA	L	93
NC_045512.2	28551	G	C	43596	5553	45	1	0	37	2.29268e-05	43617	1	FALSE	N:cds-YP_009724397.2	CGA	R	CCA	P	93
NC_045512.2	28551	G	A	43596	5553	45	16	2	41	0.000366829	43617	0.00590092	TRUE	N:cds-YP_009724397.2	CGA	R	CAA	Q	93
NC_045512.2	28552	A	T	44693	5647	44	1	0	37	2.23719e-05	44699	1	FALSE	N:cds-YP_009724397.2	CGA	R	CGT	R	93
NC_045512.2	28552	A	G	44693	5647	44	5	1	51	0.000111859	44699	0.0312465	FALSE	N:cds-YP_009724397.2	CGA	R	CGG	R	93
NC_045512.2	28553	A	T	43176	5698	43	1	0	37	2.31562e-05	43185	1	FALSE	N:cds-YP_009724397.2	ATT	I	TTT	F	94
NC_045512.2	28553	A	G	43176	5698	43	5	1	37	0.000115781	43185	1	FALSE	N:cds-YP_009724397.2	ATT	I	GTT	V	94
NC_045512.2	28553	A	C	43176	5698	43	3	0	33	6.94686e-05	43185	1	FALSE	N:cds-YP_009724397.2	ATT	I	CTT	L	94
NC_045512.2	28554	T	G	43950	5721	44	1	0	25	2.2749e-05	43958	1	FALSE	N:cds-YP_009724397.2	ATT	I	AGT	S	94
NC_045512.2	28554	T	C	43950	5721	44	5	0	37	0.000113745	43958	1	FALSE	N:cds-YP_009724397.2	ATT	I	ACT	T	94
NC_045512.2	28554	T	A	43950	5721	44	2	0	31	4.5498e-05	43958	1	FALSE	N:cds-YP_009724397.2	ATT	I	AAT	N	94
NC_045512.2	28555	T	G	45113	5740	44	1	0	37	2.21646e-05	45117	1	FALSE	N:cds-YP_009724397.2	ATT	I	ATG	M	94
NC_045512.2	28555	T	C	45113	5740	44	2	0	37	4.43292e-05	45117	1	FALSE	N:cds-YP_009724397.2	ATT	I	ATC	I	94
NC_045512.2	28555	T	A	45113	5740	44	1	0	37	2.21646e-05	45117	1	FALSE	N:cds-YP_009724397.2	ATT	I	ATA	I	94
NC_045512.2	28556	C	T	45204	5728	44	13	2	43	0.000287483	45220	0.0245052	FALSE	N:cds-YP_009724397.2	CGT	R	TGT	C	95
NC_045512.2	28556	C	A	45204	5728	44	3	0	33	6.63423e-05	45220	1	FALSE	N:cds-YP_009724397.2	CGT	R	AGT	S	95
NC_045512.2	28557	G	T	45395	6044	45	1	0	37	2.20259e-05	45401	1	FALSE	N:cds-YP_009724397.2	CGT	R	CTT	L	95
NC_045512.2	28557	G	A	45395	6044	45	5	1	42	0.00011013	45401	0.5	FALSE	N:cds-YP_009724397.2	CGT	R	CAT	H	95
NC_045512.2	28558	T	G	44788	6053	44	2	0	37	4.46508e-05	44792	1	FALSE	N:cds-YP_009724397.2	CGT	R	CGG	R	95
NC_045512.2	28558	T	C	44788	6053	44	2	0	31	4.46508e-05	44792	1	FALSE	N:cds-YP_009724397.2	CGT	R	CGC	R	95
NC_045512.2	28558	T	-G	44788	6053	44	1	0	20	2.23254e-05	44792	1	FALSE	NA	NA	NA	NA	NA	NA
NC_045512.2	28559	G	T	45539	6066	45	1	0	25	2.19573e-05	45543	1	FALSE	N:cds-YP_009724397.2	GGT	G	TGT	C	96
NC_045512.2	28559	G	A	45539	6066	45	3	0	37	6.58718e-05	45543	1	FALSE	N:cds-YP_009724397.2	GGT	G	AGT	S	96
NC_045512.2	28560	G	T	45604	6092	45	3	0	49	6.57606e-05	45620	0.773339	FALSE	N:cds-YP_009724397.2	GGT	G	GTT	V	96
NC_045512.2	28560	G	A	45604	6092	45	13	2	41	0.000284963	45620	0.0245054	FALSE	N:cds-YP_009724397.2	GGT	G	GAT	D	96
NC_045512.2	28561	T	G	45243	6101	45	1	0	25	2.20999e-05	45249	1	FALSE	N:cds-YP_009724397.2	GGT	G	GGG	G	96
NC_045512.2	28561	T	C	45243	6101	45	5	1	24	0.0001105	45249	1	FALSE	N:cds-YP_009724397.2	GGT	G	GGC	G	96
NC_045512.2	28562	G	T	46090	6128	45	1	0	37	2.16953e-05	46093	1	FALSE	N:cds-YP_009724397.2	GGT	G	TGT	C	97
NC_045512.2	28562	G	A	46090	6128	45	2	0	37	4.33905e-05	46093	1	FALSE	N:cds-YP_009724397.2	GGT	G	AGT	S	97
NC_045512.2	28563	G	T	46053	6179	45	3	1	36	6.5131e-05	46061	1	FALSE	N:cds-YP_009724397.2	GGT	G	GTT	V	97
NC_045512.2	28563	G	C	46053	6179	45	1	0	25	2.17103e-05	46061	1	FALSE	N:cds-YP_009724397.2	GGT	G	GCT	A	97
NC_045512.2	28563	G	A	46053	6179	45	4	0	34	8.68414e-05	46061	1	FALSE	N:cds-YP_009724397.2	GGT	G	GAT	D	97
NC_045512.2	28564	T	G	45779	6186	45	2	0	25	4.36824e-05	45785	1	FALSE	N:cds-YP_009724397.2	GGT	G	GGG	G	97
NC_045512.2	28564	T	C	45779	6186	45	4	2	39	8.73649e-05	45785	1	FALSE	N:cds-YP_009724397.2	GGT	G	GGC	G	97
NC_045512.2	28565	G	T	46146	6214	45	3	2	31	6.50012e-05	46153	1	FALSE	N:cds-YP_009724397.2	GAC	D	TAC	Y	98
NC_045512.2	28565	G	A	46146	6214	45	4	0	55	8.66683e-05	46153	0.0624905	FALSE	N:cds-YP_009724397.2	GAC	D	AAC	N	98
NC_045512.2	28566	A	T	46065	6221	45	2	0	25	4.34103e-05	46072	1	FALSE	N:cds-YP_009724397.2	GAC	D	GTC	V	98
NC_045512.2	28566	A	G	46065	6221	45	4	0	40	8.68206e-05	46072	0.636701	FALSE	N:cds-YP_009724397.2	GAC	D	GGC	G	98
NC_045512.2	28566	A	C	46065	6221	45	1	0	37	2.17052e-05	46072	1	FALSE	N:cds-YP_009724397.2	GAC	D	GCC	A	98
NC_045512.2	28567	C	T	46700	6768	46	56	3	41	0.00119735	46770	4.44573e-13	TRUE	N:cds-YP_009724397.2	GAC	D	GAT	D	98
NC_045512.2	28567	C	G	46700	6768	46	1	0	74	2.13812e-05	46770	0.499636	FALSE	N:cds-YP_009724397.2	GAC	D	GAG	E	98
NC_045512.2	28567	C	A	46700	6768	46	13	6	40	0.000277956	46770	0.0243697	FALSE	N:cds-YP_009724397.2	GAC	D	GAA	E	98
NC_045512.2	28568	G	T	46747	6868	46	4	0	34	8.55231e-05	46771	1	FALSE	N:cds-YP_009724397.2	GGT	G	TGT	C	99
NC_045512.2	28568	G	A	46747	6868	46	20	1	38	0.000427615	46771	0.999623	FALSE	N:cds-YP_009724397.2	GGT	G	AGT	S	99
NC_045512.2	28569	G	T	46834	6986	46	3	2	45	6.40301e-05	46853	0.773315	FALSE	N:cds-YP_009724397.2	GGT	G	GTT	V	99
NC_045512.2	28569	G	A	46834	6986	46	16	2	46	0.000341494	46853	0.00590305	TRUE	N:cds-YP_009724397.2	GGT	G	GAT	D	99
NC_045512.2	28569	G	-T	46834	6986	46	1	0	20	2.13434e-05	46853	1	FALSE	NA	NA	NA	NA	NA	NA
NC_045512.2	28570	T	C	46356	7290	46	5	0	44	0.000107845	46363	0.499973	FALSE	N:cds-YP_009724397.2	GGT	G	GGC	G	99
NC_045512.2	28570	T	A	46356	7290	46	2	1	33	4.31378e-05	46363	1	FALSE	N:cds-YP_009724397.2	GGT	G	GGA	G	99
NC_045512.2	28570	T	-A	46356	7290	46	8	0	20	0.000172548	46364	1	FALSE	NA	NA	NA	NA	NA	NA
NC_045512.2	28571	A	T	46177	7641	46	2	2	27	4.33041e-05	46185	1	FALSE	N:cds-YP_009724397.2	AAA	K	TAA	*	100
NC_045512.2	28571	A	G	46177	7641	46	6	0	36	0.000129912	46185	1	FALSE	N:cds-YP_009724397.2	AAA	K	GAA	E	100
NC_045512.2	28572	A	T	46704	7660	47	3	1	49	6.42206e-05	46714	0.773394	FALSE	N:cds-YP_009724397.2	AAA	K	ATA	I	100
NC_045512.2	28572	A	G	46704	7660	47	6	5	37	0.000128441	46714	1	FALSE	N:cds-YP_009724397.2	AAA	K	AGA	R	100
NC_045512.2	28572	A	C	46704	7660	47	1	0	37	2.14069e-05	46714	1	FALSE	N:cds-YP_009724397.2	AAA	K	ACA	T	100
NC_045512.2	28573	A	G	46503	7670	46	1	1	48	2.15035e-05	46504	0.968755	FALSE	N:cds-YP_009724397.2	AAA	K	AAG	K	100
NC_045512.2	28574	A	T	46658	7675	46	2	0	25	4.28568e-05	46667	1	FALSE	N:cds-YP_009724397.2	ATG	M	TTG	L	101
NC_045512.2	28574	A	G	46658	7675	46	7	5	56	0.000149999	46667	0.00781016	TRUE	N:cds-YP_009724397.2	ATG	M	GTG	V	101
NC_045512.2	28575	T	C	47037	7709	47	6	1	37	0.00012754	47044	1	FALSE	N:cds-YP_009724397.2	ATG	M	ACG	T	101
NC_045512.2	28575	T	A	47037	7709	47	1	0	36	2.12567e-05	47044	1	FALSE	N:cds-YP_009724397.2	ATG	M	AAG	K	101
NC_045512.2	28576	G	T	47226	7704	47	4	1	44	8.46794e-05	47237	0.636655	FALSE	N:cds-YP_009724397.2	ATG	M	ATT	I	101
NC_045512.2	28576	G	A	47226	7704	47	7	1	42	0.000148189	47237	0.274366	FALSE	N:cds-YP_009724397.2	ATG	M	ATA	I	101
NC_045512.2	28576	G	-A	47226	7704	47	2	0	20	4.23397e-05	47237	1	FALSE	NA	NA	NA	NA	NA	NA
NC_045512.2	28577	A	T	47242	8698	48	6	2	47	0.00012696	47259	0.37679	FALSE	N:cds-YP_009724397.2	AAA	K	TAA	*	102
NC_045512.2	28577	A	G	47242	8698	48	11	3	46	0.00023276	47259	0.0591861	FALSE	N:cds-YP_009724397.2	AAA	K	GAA	E	102
NC_045512.2	28578	A	T	47091	8715	48	5	2	33	0.000106101	47125	1	FALSE	N:cds-YP_009724397.2	AAA	K	ATA	I	102
NC_045512.2	28578	A	G	47091	8715	48	16	4	45	0.000339523	47125	0.00589133	TRUE	N:cds-YP_009724397.2	AAA	K	AGA	R	102
NC_045512.2	28578	A	C	47091	8715	48	13	11	36	0.000275862	47125	0.999998	FALSE	N:cds-YP_009724397.2	AAA	K	ACA	T	102
NC_045512.2	28579	A	T	47324	8853	48	8	1	42	0.000168947	47352	0.193638	FALSE	N:cds-YP_009724397.2	AAA	K	AAT	N	102
NC_045512.2	28579	A	G	47324	8853	48	16	1	42	0.000337895	47352	0.00589609	TRUE	N:cds-YP_009724397.2	AAA	K	AAG	K	102
NC_045512.2	28579	A	C	47324	8853	48	4	0	37	8.44737e-05	47352	1	FALSE	N:cds-YP_009724397.2	AAA	K	AAC	N	102
NC_045512.2	28579	A	+G	47324	8853	48	1	0	20	2.11184e-05	47352	1	FALSE	NA	NA	NA	NA	NA	NA
NC_045512.2	28580	G	T	47450	8907	48	2	1	49	4.21443e-05	47456	0.890618	FALSE	N:cds-YP_009724397.2	GAT	D	TAT	Y	103
NC_045512.2	28580	G	A	47450	8907	48	4	2	55	8.42886e-05	47456	0.0624934	FALSE	N:cds-YP_009724397.2	GAT	D	AAT	N	103
NC_045512.2	28581	A	G	47401	8927	48	3	0	49	6.32858e-05	47404	0.773455	FALSE	N:cds-YP_009724397.2	GAT	D	GGT	G	103
NC_045512.2	28582	T	C	48469	9123	48	3	0	45	6.18888e-05	48474	0.773438	FALSE	N:cds-YP_009724397.2	GAT	D	GAC	D	103
NC_045512.2	28582	T	A	48469	9123	48	2	0	37	4.12592e-05	48474	1	FALSE	N:cds-YP_009724397.2	GAT	D	GAA	E	103
NC_045512.2	28583	C	T	48444	9258	49	5	1	42	0.000103199	48450	0.5	FALSE	N:cds-YP_009724397.2	CTC	L	TTC	F	104
NC_045512.2	28583	C	A	48444	9258	49	1	0	37	2.06398e-05	48450	1	FALSE	N:cds-YP_009724397.2	CTC	L	ATC	I	104
NC_045512.2	28584	T	C	48181	9425	48	9	1	49	0.000186741	48195	0.133374	FALSE	N:cds-YP_009724397.2	CTC	L	CCC	P	104
NC_045512.2	28584	T	A	48181	9425	48	5	0	33	0.000103745	48195	1	FALSE	N:cds-YP_009724397.2	CTC	L	CAC	H	104
NC_045512.2	28585	C	T	48398	9493	49	7	0	37	0.000144607	48407	1	FALSE	N:cds-YP_009724397.2	CTC	L	CTT	L	104
NC_045512.2	28585	C	A	48398	9493	49	2	1	36	4.13163e-05	48407	1	FALSE	N:cds-YP_009724397.2	CTC	L	CTA	L	104
NC_045512.2	28586	A	T	47787	9735	48	4	1	42	8.36803e-05	47801	0.636621	FALSE	N:cds-YP_009724397.2	AGT	S	TGT	C	105
NC_045512.2	28586	A	G	47787	9735	48	8	3	41	0.000167361	47801	0.193782	FALSE	N:cds-YP_009724397.2	AGT	S	GGT	G	105
NC_045512.2	28586	A	C	47787	9735	48	2	0	37	4.18401e-05	47801	1	FALSE	N:cds-YP_009724397.2	AGT	S	CGT	R	105
NC_045512.2	28587	G	T	51490	9915	47	2	0	55	3.8835e-05	51500	0.249964	FALSE	N:cds-YP_009724397.2	AGT	S	ATT	I	105
NC_045512.2	28587	G	A	51490	9915	47	8	1	37	0.00015534	51500	1	FALSE	N:cds-YP_009724397.2	AGT	S	AAT	N	105
NC_045512.2	28588	T	C	51260	10110	47	8	1	55	0.00015604	51269	0.00390518	TRUE	N:cds-YP_009724397.2	AGT	S	AGC	S	105
NC_045512.2	28588	T	A	51260	10110	47	1	0	37	1.9505e-05	51269	1	FALSE	N:cds-YP_009724397.2	AGT	S	AGA	R	105
NC_045512.2	28589	C	T	51377	10145	47	3	0	32	5.83873e-05	51381	1	FALSE	N:cds-YP_009724397.2	CCA	P	TCA	S	106
NC_045512.2	28589	C	G	51377	10145	47	1	0	37	1.94624e-05	51381	1	FALSE	N:cds-YP_009724397.2	CCA	P	GCA	A	106
NC_045512.2	28590	C	T	51108	10148	47	5	2	51	9.78148e-05	51117	0.0312424	FALSE	N:cds-YP_009724397.2	CCA	P	CTA	L	106
NC_045512.2	28590	C	A	51108	10148	47	4	1	52	7.82519e-05	51117	0.0624866	FALSE	N:cds-YP_009724397.2	CCA	P	CAA	Q	106
NC_045512.2	28590	C	-A	51108	10148	47	1	0	20	1.9563e-05	51117	1	FALSE	NA	NA	NA	NA	NA	NA
NC_045512.2	28591	A	T	50822	10204	47	3	1	36	5.90179e-05	50832	1	FALSE	N:cds-YP_009724397.2	CCA	P	CCT	P	106
NC_045512.2	28591	A	G	50822	10204	47	5	3	48	9.83632e-05	50832	0.622992	FALSE	N:cds-YP_009724397.2	CCA	P	CCG	P	106
NC_045512.2	28591	A	C	50822	10204	47	2	0	37	3.93453e-05	50832	1	FALSE	N:cds-YP_009724397.2	CCA	P	CCC	P	106
NC_045512.2	28592	A	T	50469	10305	46	2	0	74	3.96204e-05	50479	0.249963	FALSE	N:cds-YP_009724397.2	AGA	R	TGA	*	107
NC_045512.2	28592	A	G	50469	10305	46	7	1	44	0.000138672	50479	0.387174	FALSE	N:cds-YP_009724397.2	AGA	R	GGA	G	107
NC_045512.2	28592	A	C	50469	10305	46	1	0	25	1.98102e-05	50479	1	FALSE	N:cds-YP_009724397.2	AGA	R	CGA	R	107
NC_045512.2	28593	G	T	50113	13004	49	2	0	37	3.99082e-05	50115	1	FALSE	N:cds-YP_009724397.2	AGA	R	ATA	I	107
NC_045512.2	28594	A	T	49625	13223	48	2	0	31	4.02941e-05	49635	1	FALSE	N:cds-YP_009724397.2	AGA	R	AGT	S	107
NC_045512.2	28594	A	G	49625	13223	48	7	1	35	0.00014103	49635	1	FALSE	N:cds-YP_009724397.2	AGA	R	AGG	R	107
NC_045512.2	28594	A	C	49625	13223	48	1	0	37	2.01471e-05	49635	1	FALSE	N:cds-YP_009724397.2	AGA	R	AGC	S	107
NC_045512.2	28595	T	G	49959	13543	48	1	1	37	2.00108e-05	49973	1	FALSE	N:cds-YP_009724397.2	TGG	W	GGG	G	108
NC_045512.2	28595	T	C	49959	13543	48	5	2	37	0.000100054	49973	1	FALSE	N:cds-YP_009724397.2	TGG	W	CGG	R	108
NC_045512.2	28595	T	A	49959	13543	48	8	7	34	0.000160086	49973	1	FALSE	N:cds-YP_009724397.2	TGG	W	AGG	R	108
NC_045512.2	28596	G	T	49618	13172	49	3	0	37	6.04437e-05	49633	1	FALSE	N:cds-YP_009724397.2	TGG	W	TTG	L	108
NC_045512.2	28596	G	C	49618	13172	49	5	1	42	0.000100739	49633	0.499888	FALSE	N:cds-YP_009724397.2	TGG	W	TCG	S	108
NC_045512.2	28596	G	A	49618	13172	49	7	0	42	0.000141035	49633	0.274323	FALSE	N:cds-YP_009724397.2	TGG	W	TAG	*	108
NC_045512.2	28597	G	T	51435	13248	48	3	1	41	5.8292e-05	51465	0.855312	FALSE	N:cds-YP_009724397.2	TGG	W	TGT	C	108
NC_045512.2	28597	G	C	51435	13248	48	2	0	31	3.88614e-05	51465	1	FALSE	N:cds-YP_009724397.2	TGG	W	TGC	C	108
NC_045512.2	28597	G	A	51435	13248	48	25	8	52	0.000485767	51465	2.96867e-08	TRUE	N:cds-YP_009724397.2	TGG	W	TGA	*	108
NC_045512.2	28598	T	C	51269	13826	48	12	1	44	0.000234	51282	0.071715	FALSE	N:cds-YP_009724397.2	TAT	Y	CAT	H	109
NC_045512.2	28598	T	A	51269	13826	48	1	0	25	1.95e-05	51282	1	FALSE	N:cds-YP_009724397.2	TAT	Y	AAT	N	109
NC_045512.2	28599	A	T	47883	15693	46	2	2	25	4.17589e-05	47894	1	FALSE	N:cds-YP_009724397.2	TAT	Y	TTT	F	109
NC_045512.2	28599	A	G	47883	15693	46	7	2	42	0.000146156	47894	0.274367	FALSE	N:cds-YP_009724397.2	TAT	Y	TGT	C	109
NC_045512.2	28599	A	C	47883	15693	46	2	0	37	4.17589e-05	47894	1	FALSE	N:cds-YP_009724397.2	TAT	Y	TCT	S	109
NC_045512.2	28601	T	G	45930	16968	44	2	0	37	4.35303e-05	45945	1	FALSE	N:cds-YP_009724397.2	TTC	F	GTC	V	110
NC_045512.2	28601	T	C	45930	16968	44	13	2	39	0.000282947	45945	0.999996	FALSE	N:cds-YP_009724397.2	TTC	F	CTC	L	110
NC_045512.2	28602	T	C	46151	17228	44	4	0	43	8.66645e-05	46155	0.636737	FALSE	N:cds-YP_009724397.2	TTC	F	TCC	S	110
NC_045512.2	28603	C	T	47016	18010	45	3	0	37	6.37999e-05	47022	1	FALSE	N:cds-YP_009724397.2	TTC	F	TTT	F	110
NC_045512.2	28603	C	A	47016	18010	45	3	1	49	6.37999e-05	47022	0.773429	FALSE	N:cds-YP_009724397.2	TTC	F	TTA	L	110
NC_045512.2	28604	T	C	47198	18404	45	11	4	43	0.000232992	47212	0.0592104	FALSE	N:cds-YP_009724397.2	TAC	Y	CAC	H	111
NC_045512.2	28604	T	A	47198	18404	45	3	2	33	6.35432e-05	47212	1	FALSE	N:cds-YP_009724397.2	TAC	Y	AAC	N	111
NC_045512.2	28605	A	T	46195	19192	44	1	0	37	2.1646e-05	46198	1	FALSE	N:cds-YP_009724397.2	TAC	Y	TTC	F	111
NC_045512.2	28605	A	G	46195	19192	44	2	1	37	4.32919e-05	46198	1	FALSE	N:cds-YP_009724397.2	TAC	Y	TGC	C	111
NC_045512.2	28606	C	T	46241	19230	44	3	1	37	6.48705e-05	46246	1	FALSE	N:cds-YP_009724397.2	TAC	Y	TAT	Y	111
NC_045512.2	28606	C	A	46241	19230	44	2	0	37	4.3247e-05	46246	1	FALSE	N:cds-YP_009724397.2	TAC	Y	TAA	*	111
NC_045512.2	28607	T	G	45331	18478	44	2	1	31	4.41082e-05	45343	1	FALSE	N:cds-YP_009724397.2	TAC	Y	GAC	D	112
NC_045512.2	28607	T	C	45331	18478	44	9	2	39	0.000198487	45343	1	FALSE	N:cds-YP_009724397.2	TAC	Y	CAC	H	112
NC_045512.2	28607	T	A	45331	18478	44	1	1	74	2.20541e-05	45343	0.499945	FALSE	N:cds-YP_009724397.2	TAC	Y	AAC	N	112
NC_045512.2	28607	T	-A	45331	18478	44	1	0	20	2.20541e-05	45343	1	FALSE	NA	NA	NA	NA	NA	NA
NC_045512.2	28608	A	T	47346	18817	43	1	1	37	2.11166e-05	47356	1	FALSE	N:cds-YP_009724397.2	TAC	Y	TTC	F	112
NC_045512.2	28608	A	G	47346	18817	43	9	4	41	0.00019005	47356	0.133398	FALSE	N:cds-YP_009724397.2	TAC	Y	TGC	C	112
NC_045512.2	28609	C	T	50383	18941	43	2	0	37	3.96912e-05	50389	1	FALSE	N:cds-YP_009724397.2	TAC	Y	TAT	Y	112
NC_045512.2	28609	C	A	50383	18941	43	4	1	46	7.93824e-05	50389	0.746094	FALSE	N:cds-YP_009724397.2	TAC	Y	TAA	*	112
NC_045512.2	28610	C	T	48312	20085	42	1	1	25	2.06954e-05	48320	1	FALSE	N:cds-YP_009724397.2	CTA	L	TTA	L	113
NC_045512.2	28610	C	G	48312	20085	42	1	1	37	2.06954e-05	48320	1	FALSE	N:cds-YP_009724397.2	CTA	L	GTA	V	113
NC_045512.2	28610	C	A	48312	20085	42	6	2	40	0.000124172	48320	0.376934	FALSE	N:cds-YP_009724397.2	CTA	L	ATA	I	113
NC_045512.2	28610	C	-T	48312	20085	42	1	0	20	2.06954e-05	48320	1	FALSE	NA	NA	NA	NA	NA	NA
NC_045512.2	28611	T	C	48505	20349	42	10	5	39	0.000206105	48519	1	FALSE	N:cds-YP_009724397.2	CTA	L	CCA	P	113
NC_045512.2	28611	T	A	48505	20349	42	4	0	30	8.24419e-05	48519	1	FALSE	N:cds-YP_009724397.2	CTA	L	CAA	Q	113
NC_045512.2	28612	A	G	48091	20308	42	10	7	45	0.000207896	48101	0.0897732	FALSE	N:cds-YP_009724397.2	CTA	L	CTG	L	113
NC_045512.2	28613	G	T	48232	20383	42	5	2	32	0.000103651	48239	1	FALSE	N:cds-YP_009724397.2	GGA	G	TGA	*	114
NC_045512.2	28613	G	A	48232	20383	42	2	1	37	4.14602e-05	48239	1	FALSE	N:cds-YP_009724397.2	GGA	G	AGA	R	114
NC_045512.2	28614	G	T	48853	20397	42	2	0	31	4.09358e-05	48857	1	FALSE	N:cds-YP_009724397.2	GGA	G	GTA	V	114
NC_045512.2	28614	G	A	48853	20397	42	2	0	37	4.09358e-05	48857	1	FALSE	N:cds-YP_009724397.2	GGA	G	GAA	E	114
NC_045512.2	28615	A	T	49027	20364	42	3	2	33	6.11808e-05	49035	1	FALSE	N:cds-YP_009724397.2	GGA	G	GGT	G	114
NC_045512.2	28615	A	G	49027	20364	42	5	1	41	0.000101968	49035	0.499975	FALSE	N:cds-YP_009724397.2	GGA	G	GGG	G	114
NC_045512.2	28616	A	G	48107	20790	41	4	2	37	8.31411e-05	48111	1	FALSE	N:cds-YP_009724397.2	ACT	T	GCT	A	115
NC_045512.2	28617	C	T	49060	20798	42	11	3	39	0.000224156	49073	1	FALSE	N:cds-YP_009724397.2	ACT	T	ATT	I	115
NC_045512.2	28617	C	G	49060	20798	42	1	1	25	2.03778e-05	49073	1	FALSE	N:cds-YP_009724397.2	ACT	T	AGT	S	115
NC_045512.2	28617	C	A	49060	20798	42	1	1	25	2.03778e-05	49073	1	FALSE	N:cds-YP_009724397.2	ACT	T	AAT	N	115
NC_045512.2	28618	T	G	47591	19507	42	4	1	37	8.40001e-05	47619	1	FALSE	N:cds-YP_009724397.2	ACT	T	ACG	T	115
NC_045512.2	28618	T	C	47591	19507	42	21	6	45	0.000441	47619	0.000454098	TRUE	N:cds-YP_009724397.2	ACT	T	ACC	T	115
NC_045512.2	28618	T	A	47591	19507	42	3	2	37	6.30001e-05	47619	1	FALSE	N:cds-YP_009724397.2	ACT	T	ACA	T	115
NC_045512.2	28619	G	T	47654	19626	42	1	0	37	2.09824e-05	47659	1	FALSE	N:cds-YP_009724397.2	GGG	G	TGG	W	116
NC_045512.2	28619	G	C	47654	19626	42	1	0	25	2.09824e-05	47659	1	FALSE	N:cds-YP_009724397.2	GGG	G	CGG	R	116
NC_045512.2	28619	G	A	47654	19626	42	3	0	37	6.29472e-05	47659	1	FALSE	N:cds-YP_009724397.2	GGG	G	AGG	R	116
NC_045512.2	28620	G	T	48036	19823	42	10	3	40	0.000208099	48054	0.0897223	FALSE	N:cds-YP_009724397.2	GGG	G	GTG	V	116
NC_045512.2	28620	G	C	48036	19823	42	1	1	25	2.08099e-05	48054	1	FALSE	N:cds-YP_009724397.2	GGG	G	GCG	A	116
NC_045512.2	28620	G	A	48036	19823	42	7	4	40	0.000145669	48054	0.274285	FALSE	N:cds-YP_009724397.2	GGG	G	GAG	E	116
NC_045512.2	28621	G	T	48294	19804	42	3	3	33	6.20476e-05	48350	1	FALSE	N:cds-YP_009724397.2	GGG	G	GGT	G	116
NC_045512.2	28621	G	C	48294	19804	42	2	1	37	4.1365e-05	48350	1	FALSE	N:cds-YP_009724397.2	GGG	G	GGC	G	116
NC_045512.2	28621	G	A	48294	19804	42	51	22	43	0.00105481	48350	1.01031e-11	TRUE	N:cds-YP_009724397.2	GGG	G	GGA	G	116
NC_045512.2	28622	C	T	48288	19757	42	39	16	41	0.000806919	48332	1.54223e-08	TRUE	N:cds-YP_009724397.2	CCA	P	TCA	S	117
NC_045512.2	28622	C	A	48288	19757	42	5	2	44	0.000103451	48332	0.499516	FALSE	N:cds-YP_009724397.2	CCA	P	ACA	T	117
NC_045512.2	28623	C	T	48162	19622	42	5	4	44	0.000103801	48169	0.499987	FALSE	N:cds-YP_009724397.2	CCA	P	CTA	L	117
NC_045512.2	28623	C	G	48162	19622	42	1	1	37	2.07602e-05	48169	1	FALSE	N:cds-YP_009724397.2	CCA	P	CGA	R	117
NC_045512.2	28623	C	A	48162	19622	42	1	1	62	2.07602e-05	48169	0.499974	FALSE	N:cds-YP_009724397.2	CCA	P	CAA	Q	117
NC_045512.2	28623	C	+AGA	48162	19622	42	1	0	20	2.07602e-05	48169	1	FALSE	NA	NA	NA	NA	NA	NA
NC_045512.2	28624	A	T	48071	19733	42	6	0	35	0.000124774	48087	1	FALSE	N:cds-YP_009724397.2	CCA	P	CCT	P	117
NC_045512.2	28624	A	G	48071	19733	42	9	5	37	0.000187161	48087	1	FALSE	N:cds-YP_009724397.2	CCA	P	CCG	P	117
NC_045512.2	28624	A	C	48071	19733	42	1	0	37	2.07956e-05	48087	1	FALSE	N:cds-YP_009724397.2	CCA	P	CCC	P	117
NC_045512.2	28625	G	T	49170	21285	43	1	1	37	2.03351e-05	49176	1	FALSE	N:cds-YP_009724397.2	GAA	E	TAA	*	118
NC_045512.2	28625	G	A	49170	21285	43	5	2	46	0.000101676	49176	0.5	FALSE	N:cds-YP_009724397.2	GAA	E	AAA	K	118
NC_045512.2	28625	G	-A	49170	21285	43	1	0	20	2.03351e-05	49176	1	FALSE	NA	NA	NA	NA	NA	NA
NC_045512.2	28626	A	T	49591	20956	42	1	1	25	2.01617e-05	49599	1	FALSE	N:cds-YP_009724397.2	GAA	E	GTA	V	118
NC_045512.2	28626	A	G	49591	20956	42	5	3	51	0.000100808	49599	0.0312421	FALSE	N:cds-YP_009724397.2	GAA	E	GGA	G	118
NC_045512.2	28626	A	C	49591	20956	42	2	2	31	4.03234e-05	49599	1	FALSE	N:cds-YP_009724397.2	GAA	E	GCA	A	118
NC_045512.2	28627	A	T	47662	21549	41	4	4	37	8.38979e-05	47677	1	FALSE	N:cds-YP_009724397.2	GAA	E	GAT	D	118
NC_045512.2	28627	A	G	47662	21549	41	9	3	39	0.00018877	47677	1	FALSE	N:cds-YP_009724397.2	GAA	E	GAG	E	118
NC_045512.2	28627	A	C	47662	21549	41	2	1	55	4.19489e-05	47677	0.249934	FALSE	N:cds-YP_009724397.2	GAA	E	GAC	D	118
NC_045512.2	28628	G	T	48542	22269	42	2	1	25	4.11921e-05	48553	1	FALSE	N:cds-YP_009724397.2	GCT	A	TCT	S	119
NC_045512.2	28628	G	C	48542	22269	42	1	0	37	2.0596e-05	48553	1	FALSE	N:cds-YP_009724397.2	GCT	A	CCT	P	119
NC_045512.2	28628	G	A	48542	22269	42	8	3	35	0.000164768	48553	1	FALSE	N:cds-YP_009724397.2	GCT	A	ACT	T	119
NC_045512.2	28629	C	T	48536	22098	42	10	5	48	0.000205969	48551	0.0897418	FALSE	N:cds-YP_009724397.2	GCT	A	GTT	V	119
NC_045512.2	28629	C	A	48536	22098	42	5	4	42	0.000102984	48551	0.499886	FALSE	N:cds-YP_009724397.2	GCT	A	GAT	D	119
NC_045512.2	28630	T	G	48547	22175	42	5	4	44	0.000102938	48573	0.499747	FALSE	N:cds-YP_009724397.2	GCT	A	GCG	A	119
NC_045512.2	28630	T	C	48547	22175	42	19	6	39	0.000391164	48573	0.999903	FALSE	N:cds-YP_009724397.2	GCT	A	GCC	A	119
NC_045512.2	28630	T	A	48547	22175	42	2	0	37	4.11751e-05	48573	1	FALSE	N:cds-YP_009724397.2	GCT	A	GCA	A	119
NC_045512.2	28631	G	A	49194	22236	42	6	2	37	0.000121951	49200	1	FALSE	N:cds-YP_009724397.2	GGA	G	AGA	R	120
NC_045512.2	28632	G	T	48418	24185	41	1	0	74	2.06496e-05	48427	0.499964	FALSE	N:cds-YP_009724397.2	GGA	G	GTA	V	120
NC_045512.2	28632	G	C	48418	24185	41	1	1	37	2.06496e-05	48427	1	FALSE	N:cds-YP_009724397.2	GGA	G	GCA	A	120
NC_045512.2	28632	G	A	48418	24185	41	7	5	42	0.000144547	48427	0.274391	FALSE	N:cds-YP_009724397.2	GGA	G	GAA	E	120
NC_045512.2	28633	A	T	48361	24142	41	3	2	29	6.20142e-05	48376	1	FALSE	N:cds-YP_009724397.2	GGA	G	GGT	G	120
NC_045512.2	28633	A	G	48361	24142	41	11	6	47	0.000227385	48376	0.0592062	FALSE	N:cds-YP_009724397.2	GGA	G	GGG	G	120
NC_045512.2	28633	A	C	48361	24142	41	1	1	37	2.06714e-05	48376	1	FALSE	N:cds-YP_009724397.2	GGA	G	GGC	G	120
NC_045512.2	28634	C	T	47193	25102	40	4	2	34	8.47494e-05	47198	1	FALSE	N:cds-YP_009724397.2	CTT	L	TTT	F	121
NC_045512.2	28634	C	A	47193	25102	40	1	1	37	2.11873e-05	47198	1	FALSE	N:cds-YP_009724397.2	CTT	L	ATT	I	121
NC_045512.2	28635	T	G	45743	23904	39	16	15	36	0.000349627	45763	0.999956	FALSE	N:cds-YP_009724397.2	CTT	L	CGT	R	121
NC_045512.2	28635	T	C	45743	23904	39	2	1	37	4.37034e-05	45763	1	FALSE	N:cds-YP_009724397.2	CTT	L	CCT	P	121
NC_045512.2	28635	T	A	45743	23904	39	2	2	37	4.37034e-05	45763	1	FALSE	N:cds-YP_009724397.2	CTT	L	CAT	H	121
NC_045512.2	28636	T	G	55417	25144	40	2	0	37	3.60815e-05	55430	1	FALSE	N:cds-YP_009724397.2	CTT	L	CTG	L	121
NC_045512.2	28636	T	C	55417	25144	40	8	5	41	0.000144326	55430	0.290471	FALSE	N:cds-YP_009724397.2	CTT	L	CTC	L	121
NC_045512.2	28636	T	A	55417	25144	40	3	0	33	5.41223e-05	55430	1	FALSE	N:cds-YP_009724397.2	CTT	L	CTA	L	121
NC_045512.2	28636	T	-C	55417	25144	40	1	0	20	1.80408e-05	55430	1	FALSE	NA	NA	NA	NA	NA	NA
NC_045512.2	28637	C	T	55815	25208	40	4	1	37	7.16576e-05	55821	1	FALSE	N:cds-YP_009724397.2	CCC	P	TCC	S	122
NC_045512.2	28637	C	G	55815	25208	40	2	1	37	3.58288e-05	55821	1	FALSE	N:cds-YP_009724397.2	CCC	P	GCC	A	122
NC_045512.2	28638	C	T	55708	25100	39	4	2	34	7.1794e-05	55715	1	FALSE	N:cds-YP_009724397.2	CCC	P	CTC	L	122
NC_045512.2	28638	C	A	55708	25100	39	3	3	37	5.38455e-05	55715	1	FALSE	N:cds-YP_009724397.2	CCC	P	CAC	H	122
NC_045512.2	28639	C	T	56002	25155	39	8	3	37	0.000142796	56024	1	FALSE	N:cds-YP_009724397.2	CCC	P	CCT	P	122
NC_045512.2	28639	C	G	56002	25155	39	1	1	37	1.78495e-05	56024	1	FALSE	N:cds-YP_009724397.2	CCC	P	CCG	P	122
NC_045512.2	28639	C	A	56002	25155	39	13	6	41	0.000232043	56024	0.0480826	FALSE	N:cds-YP_009724397.2	CCC	P	CCA	P	122
NC_045512.2	28640	T	C	55375	25346	39	12	7	40	0.000216657	55387	0.0717213	FALSE	N:cds-YP_009724397.2	TAT	Y	CAT	H	123
NC_045512.2	28641	A	T	54979	24887	39	1	1	37	1.81868e-05	54985	1	FALSE	N:cds-YP_009724397.2	TAT	Y	TTT	F	123
NC_045512.2	28641	A	G	54979	24887	39	4	2	46	7.27471e-05	54985	0.746094	FALSE	N:cds-YP_009724397.2	TAT	Y	TGT	C	123
NC_045512.2	28641	A	C	54979	24887	39	1	1	25	1.81868e-05	54985	1	FALSE	N:cds-YP_009724397.2	TAT	Y	TCT	S	123
NC_045512.2	28642	T	G	55174	25436	39	2	1	25	3.62404e-05	55187	1	FALSE	N:cds-YP_009724397.2	TAT	Y	TAG	*	123
NC_045512.2	28642	T	C	55174	25436	39	6	1	33	0.000108721	55187	1	FALSE	N:cds-YP_009724397.2	TAT	Y	TAC	Y	123
NC_045512.2	28642	T	A	55174	25436	39	5	5	37	9.0601e-05	55187	1	FALSE	N:cds-YP_009724397.2	TAT	Y	TAA	*	123
NC_045512.2	28642	T	-G	55174	25436	39	1	0	20	1.81202e-05	55187	1	FALSE	NA	NA	NA	NA	NA	NA
NC_045512.2	28643	G	T	55513	25514	39	2	1	31	3.60224e-05	55521	1	FALSE	N:cds-YP_009724397.2	GGT	G	TGT	C	124
NC_045512.2	28643	G	C	55513	25514	39	2	0	37	3.60224e-05	55521	1	FALSE	N:cds-YP_009724397.2	GGT	G	CGT	R	124
NC_045512.2	28643	G	A	55513	25514	39	4	2	37	7.20448e-05	55521	1	FALSE	N:cds-YP_009724397.2	GGT	G	AGT	S	124
NC_045512.2	28644	G	T	55944	25636	39	4	2	37	7.14796e-05	55960	1	FALSE	N:cds-YP_009724397.2	GGT	G	GTT	V	124
NC_045512.2	28644	G	C	55944	25636	39	1	1	37	1.78699e-05	55960	1	FALSE	N:cds-YP_009724397.2	GGT	G	GCT	A	124
NC_045512.2	28644	G	A	55944	25636	39	11	9	35	0.000196569	55960	1	FALSE	N:cds-YP_009724397.2	GGT	G	GAT	D	124
NC_045512.2	28644	G	-T	55944	25636	39	1	0	20	1.78699e-05	55960	1	FALSE	NA	NA	NA	NA	NA	NA
NC_045512.2	28645	T	C	51670	21596	40	4	0	46	7.74084e-05	51674	0.746103	FALSE	N:cds-YP_009724397.2	GGT	G	GGC	G	124
NC_045512.2	28646	G	C	51672	21532	40	1	1	37	1.93394e-05	51708	1	FALSE	N:cds-YP_009724397.2	GCT	A	CCT	P	125
NC_045512.2	28646	G	A	51672	21532	40	35	15	38	0.000676878	51708	0.96698	FALSE	N:cds-YP_009724397.2	GCT	A	ACT	T	125
NC_045512.2	28647	C	T	51543	21435	40	45	24	41	0.000872245	51591	2.08735e-09	TRUE	N:cds-YP_009724397.2	GCT	A	GTT	V	125
NC_045512.2	28647	C	A	51543	21435	40	3	2	33	5.81497e-05	51591	1	FALSE	N:cds-YP_009724397.2	GCT	A	GAT	D	125
NC_045512.2	28648	T	C	51396	21399	40	18	7	39	0.000350092	51415	0.999985	FALSE	N:cds-YP_009724397.2	GCT	A	GCC	A	125
NC_045512.2	28648	T	A	51396	21399	40	1	1	37	1.94496e-05	51415	1	FALSE	N:cds-YP_009724397.2	GCT	A	GCA	A	125
NC_045512.2	28648	T	-A	51396	21399	40	1	0	20	1.94496e-05	51415	1	FALSE	NA	NA	NA	NA	NA	NA
NC_045512.2	28649	A	T	51474	21465	39	1	1	37	1.94243e-05	51482	1	FALSE	N:cds-YP_009724397.2	AAC	N	TAC	Y	126
NC_045512.2	28649	A	G	51474	21465	39	7	1	42	0.00013597	51482	0.387187	FALSE	N:cds-YP_009724397.2	AAC	N	GAC	D	126
NC_045512.2	28650	A	T	51806	21366	40	1	0	25	1.93017e-05	51809	1	FALSE	N:cds-YP_009724397.2	AAC	N	ATC	I	126
NC_045512.2	28650	A	G	51806	21366	40	2	0	37	3.86033e-05	51809	1	FALSE	N:cds-YP_009724397.2	AAC	N	AGC	S	126
NC_045512.2	28651	C	T	52019	21476	40	6	4	39	0.000115318	52030	1	FALSE	N:cds-YP_009724397.2	AAC	N	AAT	N	126
NC_045512.2	28651	C	G	52019	21476	40	1	0	25	1.92197e-05	52030	1	FALSE	N:cds-YP_009724397.2	AAC	N	AAG	K	126
NC_045512.2	28651	C	A	52019	21476	40	4	3	31	7.68787e-05	52030	1	FALSE	N:cds-YP_009724397.2	AAC	N	AAA	K	126
NC_045512.2	28651	C	-A	52019	21476	40	1	0	20	1.92197e-05	52030	1	FALSE	NA	NA	NA	NA	NA	NA
NC_045512.2	28652	A	G	51957	21419	40	2	1	31	3.84919e-05	51959	1	FALSE	N:cds-YP_009724397.2	AAA	K	GAA	E	127
NC_045512.2	28653	A	T	50519	21036	39	1	0	25	1.97934e-05	50522	1	FALSE	N:cds-YP_009724397.2	AAA	K	ATA	I	127
NC_045512.2	28653	A	G	50519	21036	39	2	0	31	3.95867e-05	50522	1	FALSE	N:cds-YP_009724397.2	AAA	K	AGA	R	127
NC_045512.2	28654	A	T	51178	22142	39	11	4	40	0.000214856	51197	0.104989	FALSE	N:cds-YP_009724397.2	AAA	K	AAT	N	127
NC_045512.2	28654	A	G	51178	22142	39	7	2	37	0.000136727	51197	1	FALSE	N:cds-YP_009724397.2	AAA	K	AAG	K	127
NC_045512.2	28654	A	C	51178	22142	39	1	1	37	1.95324e-05	51197	1	FALSE	N:cds-YP_009724397.2	AAA	K	AAC	N	127
NC_045512.2	28655	G	T	50977	22956	39	2	1	37	3.92288e-05	50983	1	FALSE	N:cds-YP_009724397.2	GAC	D	TAC	Y	128
NC_045512.2	28655	G	C	50977	22956	39	1	0	37	1.96144e-05	50983	1	FALSE	N:cds-YP_009724397.2	GAC	D	CAC	H	128
NC_045512.2	28655	G	A	50977	22956	39	3	2	33	5.88431e-05	50983	1	FALSE	N:cds-YP_009724397.2	GAC	D	AAC	N	128
NC_045512.2	28656	A	G	51415	22722	39	5	2	37	9.72384e-05	51420	1	FALSE	N:cds-YP_009724397.2	GAC	D	GGC	G	128
NC_045512.2	28657	C	T	52181	23072	40	28	10	37	0.000536296	52210	0.997574	FALSE	N:cds-YP_009724397.2	GAC	D	GAT	D	128
NC_045512.2	28657	C	G	52181	23072	40	1	0	25	1.91534e-05	52210	1	FALSE	N:cds-YP_009724397.2	GAC	D	GAG	E	128
NC_045512.2	28657	C	+A	52181	23072	40	14	0	20	0.000268148	52210	1	FALSE	NA	NA	NA	NA	NA	NA
NC_045512.2	28658	G	T	51414	22613	40	3	2	33	5.83283e-05	51433	1	FALSE	N:cds-YP_009724397.2	GGC	G	TGC	C	129
NC_045512.2	28658	G	C	51414	22613	40	1	1	37	1.94428e-05	51433	1	FALSE	N:cds-YP_009724397.2	GGC	G	CGC	R	129
NC_045512.2	28658	G	A	51414	22613	40	15	9	35	0.000291642	51433	0.999999	FALSE	N:cds-YP_009724397.2	GGC	G	AGC	S	129
NC_045512.2	28659	G	T	52618	22642	40	1	0	37	1.89746e-05	52702	1	FALSE	N:cds-YP_009724397.2	GGC	G	GTC	V	129
NC_045512.2	28659	G	C	52618	22642	40	3	1	37	5.69238e-05	52702	1	FALSE	N:cds-YP_009724397.2	GGC	G	GCC	A	129
NC_045512.2	28659	G	A	52618	22642	40	80	33	38	0.00151797	52702	0.00917078	TRUE	N:cds-YP_009724397.2	GGC	G	GAC	D	129
NC_045512.2	28660	C	T	52772	22680	40	51	29	38	0.000965397	52828	0.577938	FALSE	N:cds-YP_009724397.2	GGC	G	GGT	G	129
NC_045512.2	28660	C	G	52772	22680	40	3	1	33	5.67881e-05	52828	1	FALSE	N:cds-YP_009724397.2	GGC	G	GGG	G	129
NC_045512.2	28660	C	A	52772	22680	40	2	0	37	3.78587e-05	52828	1	FALSE	N:cds-YP_009724397.2	GGC	G	GGA	G	129
NC_045512.2	28661	A	T	52404	22750	39	1	1	25	1.90803e-05	52410	1	FALSE	N:cds-YP_009724397.2	ATC	I	TTC	F	130
NC_045512.2	28661	A	G	52404	22750	39	4	1	46	7.63213e-05	52410	0.746094	FALSE	N:cds-YP_009724397.2	ATC	I	GTC	V	130
NC_045512.2	28661	A	C	52404	22750	39	1	0	25	1.90803e-05	52410	1	FALSE	N:cds-YP_009724397.2	ATC	I	CTC	L	130
NC_045512.2	28662	T	G	53019	22900	39	1	0	25	1.88587e-05	53026	1	FALSE	N:cds-YP_009724397.2	ATC	I	AGC	S	130
NC_045512.2	28662	T	C	53019	22900	39	5	2	37	9.42934e-05	53026	1	FALSE	N:cds-YP_009724397.2	ATC	I	ACC	T	130
NC_045512.2	28662	T	A	53019	22900	39	1	0	37	1.88587e-05	53026	1	FALSE	N:cds-YP_009724397.2	ATC	I	AAC	N	130
NC_045512.2	28663	C	T	54397	22838	40	7	1	37	0.00012866	54407	1	FALSE	N:cds-YP_009724397.2	ATC	I	ATT	I	130
NC_045512.2	28663	C	A	54397	22838	40	3	1	45	5.514e-05	54407	0.855442	FALSE	N:cds-YP_009724397.2	ATC	I	ATA	I	130
NC_045512.2	28664	A	T	54254	22945	39	2	2	25	3.68582e-05	54262	1	FALSE	N:cds-YP_009724397.2	ATA	I	TTA	L	131
NC_045512.2	28664	A	G	54254	22945	39	6	2	40	0.000110575	54262	0.499988	FALSE	N:cds-YP_009724397.2	ATA	I	GTA	V	131
NC_045512.2	28665	T	G	53820	23397	39	2	1	23	3.7154e-05	53830	1	FALSE	N:cds-YP_009724397.2	ATA	I	AGA	R	131
NC_045512.2	28665	T	C	53820	23397	39	5	1	56	9.2885e-05	53830	0.0312413	FALSE	N:cds-YP_009724397.2	ATA	I	ACA	T	131
NC_045512.2	28665	T	A	53820	23397	39	3	1	33	5.5731e-05	53830	1	FALSE	N:cds-YP_009724397.2	ATA	I	AAA	K	131
NC_045512.2	28666	A	G	54385	23213	39	6	2	37	0.00011031	54392	1	FALSE	N:cds-YP_009724397.2	ATA	I	ATG	M	131
NC_045512.2	28666	A	C	54385	23213	39	1	1	37	1.83851e-05	54392	1	FALSE	N:cds-YP_009724397.2	ATA	I	ATC	I	131
NC_045512.2	28667	T	C	54284	23393	40	9	5	39	0.000165761	54295	1	FALSE	N:cds-YP_009724397.2	TGG	W	CGG	R	132
NC_045512.2	28667	T	A	54284	23393	40	2	2	37	3.68358e-05	54295	1	FALSE	N:cds-YP_009724397.2	TGG	W	AGG	R	132
NC_045512.2	28668	G	T	53159	22209	40	9	2	39	0.000169265	53171	1	FALSE	N:cds-YP_009724397.2	TGG	W	TTG	L	132
NC_045512.2	28668	G	C	53159	22209	40	1	1	37	1.88072e-05	53171	1	FALSE	N:cds-YP_009724397.2	TGG	W	TCG	S	132
NC_045512.2	28668	G	A	53159	22209	40	2	1	37	3.76145e-05	53171	1	FALSE	N:cds-YP_009724397.2	TGG	W	TAG	*	132
NC_045512.2	28669	G	T	55027	22174	40	6	3	43	0.000109014	55039	0.499939	FALSE	N:cds-YP_009724397.2	TGG	W	TGT	C	132
NC_045512.2	28669	G	C	55027	22174	40	1	1	37	1.81689e-05	55039	1	FALSE	N:cds-YP_009724397.2	TGG	W	TGC	C	132
NC_045512.2	28669	G	A	55027	22174	40	5	1	51	9.08447e-05	55039	0.0312386	FALSE	N:cds-YP_009724397.2	TGG	W	TGA	*	132
NC_045512.2	28670	G	T	55577	22873	40	4	1	46	7.19554e-05	55590	0.746032	FALSE	N:cds-YP_009724397.2	GTT	V	TTT	F	133
NC_045512.2	28670	G	A	55577	22873	40	9	8	37	0.0001619	55590	1	FALSE	N:cds-YP_009724397.2	GTT	V	ATT	I	133
NC_045512.2	28671	T	G	55029	22338	40	2	1	37	3.63385e-05	55038	1	FALSE	N:cds-YP_009724397.2	GTT	V	GGT	G	133
NC_045512.2	28671	T	C	55029	22338	40	7	3	42	0.000127185	55038	0.387189	FALSE	N:cds-YP_009724397.2	GTT	V	GCT	A	133
NC_045512.2	28672	T	G	55596	23380	41	2	2	37	3.59602e-05	55617	1	FALSE	N:cds-YP_009724397.2	GTT	V	GTG	V	133
NC_045512.2	28672	T	C	55596	23380	41	10	5	51	0.000179801	55617	0.00097529	TRUE	N:cds-YP_009724397.2	GTT	V	GTC	V	133
NC_045512.2	28672	T	A	55596	23380	41	9	7	39	0.000161821	55617	1	FALSE	N:cds-YP_009724397.2	GTT	V	GTA	V	133
NC_045512.2	28673	G	T	55579	23409	41	1	1	37	1.79762e-05	55629	1	FALSE	N:cds-YP_009724397.2	GCA	A	TCA	S	134
NC_045512.2	28673	G	A	55579	23409	41	49	18	41	0.000880836	55629	1.92913e-10	TRUE	N:cds-YP_009724397.2	GCA	A	ACA	T	134
NC_045512.2	28674	C	T	55785	23380	41	77	32	40	0.00137837	55863	5.88661e-18	TRUE	N:cds-YP_009724397.2	GCA	A	GTA	V	134
NC_045512.2	28674	C	A	55785	23380	41	1	1	37	1.79009e-05	55863	1	FALSE	N:cds-YP_009724397.2	GCA	A	GAA	E	134
NC_045512.2	28674	C	-A	55785	23380	41	1	0	20	1.79009e-05	55863	1	FALSE	NA	NA	NA	NA	NA	NA
NC_045512.2	28675	A	T	55958	23522	41	2	1	23	3.57334e-05	55970	1	FALSE	N:cds-YP_009724397.2	GCA	A	GCT	A	134
NC_045512.2	28675	A	G	55958	23522	41	10	2	38	0.000178667	55970	1	FALSE	N:cds-YP_009724397.2	GCA	A	GCG	A	134
NC_045512.2	28676	A	G	55547	23445	40	8	2	35	0.000143999	55556	1	FALSE	N:cds-YP_009724397.2	ACT	T	GCT	A	135
NC_045512.2	28676	A	C	55547	23445	40	1	1	37	1.79999e-05	55556	1	FALSE	N:cds-YP_009724397.2	ACT	T	CCT	P	135
NC_045512.2	28677	C	T	56211	23710	41	6	1	37	0.000106727	56218	1	FALSE	N:cds-YP_009724397.2	ACT	T	ATT	I	135
NC_045512.2	28677	C	A	56211	23710	41	1	0	74	1.77879e-05	56218	0.499978	FALSE	N:cds-YP_009724397.2	ACT	T	AAT	N	135
NC_045512.2	28678	T	G	53269	20921	41	7	5	31	0.000131369	53285	1	FALSE	N:cds-YP_009724397.2	ACT	T	ACG	T	135
NC_045512.2	28678	T	C	53269	20921	41	8	2	40	0.000150136	53285	0.290433	FALSE	N:cds-YP_009724397.2	ACT	T	ACC	T	135
NC_045512.2	28678	T	A	53269	20921	41	1	1	74	1.8767e-05	53285	0.499934	FALSE	N:cds-YP_009724397.2	ACT	T	ACA	T	135
NC_045512.2	28679	G	T	54517	21863	41	15	6	39	0.000275053	54535	1	FALSE	N:cds-YP_009724397.2	GAG	E	TAG	*	136
NC_045512.2	28679	G	C	54517	21863	41	1	0	37	1.83368e-05	54535	1	FALSE	N:cds-YP_009724397.2	GAG	E	CAG	Q	136
NC_045512.2	28679	G	A	54517	21863	41	2	0	37	3.66737e-05	54535	1	FALSE	N:cds-YP_009724397.2	GAG	E	AAG	K	136
NC_045512.2	28679	G	-A	54517	21863	41	2	0	20	3.66737e-05	54535	1	FALSE	NA	NA	NA	NA	NA	NA
NC_045512.2	28680	A	T	54245	21589	41	2	2	37	3.68602e-05	54259	1	FALSE	N:cds-YP_009724397.2	GAG	E	GTG	V	136
NC_045512.2	28680	A	G	54245	21589	41	11	6	35	0.000202731	54259	1	FALSE	N:cds-YP_009724397.2	GAG	E	GGG	G	136
NC_045512.2	28680	A	C	54245	21589	41	1	0	25	1.84301e-05	54259	1	FALSE	N:cds-YP_009724397.2	GAG	E	GCG	A	136
NC_045512.2	28680	A	-G	54245	21589	41	1	0	20	1.84294e-05	54261	1	FALSE	NA	NA	NA	NA	NA	NA
NC_045512.2	28681	G	T	54186	21687	41	12	7	36	0.000221398	54201	1	FALSE	N:cds-YP_009724397.2	GAG	E	GAT	D	136
NC_045512.2	28681	G	A	54186	21687	41	3	0	37	5.53495e-05	54201	1	FALSE	N:cds-YP_009724397.2	GAG	E	GAA	E	136
NC_045512.2	28682	G	T	54487	22568	41	8	3	55	0.000146776	54505	0.00390267	TRUE	N:cds-YP_009724397.2	GGA	G	TGA	*	137
NC_045512.2	28682	G	C	54487	22568	41	3	2	49	5.50408e-05	54505	0.855393	FALSE	N:cds-YP_009724397.2	GGA	G	CGA	R	137
NC_045512.2	28682	G	A	54487	22568	41	7	3	37	0.000128429	54505	1	FALSE	N:cds-YP_009724397.2	GGA	G	AGA	R	137
NC_045512.2	28683	G	C	54174	22772	42	1	1	29	1.84577e-05	54178	1	FALSE	N:cds-YP_009724397.2	GGA	G	GCA	A	137
NC_045512.2	28683	G	A	54174	22772	42	3	0	37	5.5373e-05	54178	1	FALSE	N:cds-YP_009724397.2	GGA	G	GAA	E	137
NC_045512.2	28684	A	T	54021	22547	42	1	1	37	1.85028e-05	54046	1	FALSE	N:cds-YP_009724397.2	GGA	G	GGT	G	137
NC_045512.2	28684	A	G	54021	22547	42	24	11	45	0.000444066	54046	0.000272615	TRUE	N:cds-YP_009724397.2	GGA	G	GGG	G	137
NC_045512.2	28685	G	T	56739	22510	41	3	0	49	5.28532e-05	56761	0.855373	FALSE	N:cds-YP_009724397.2	GCC	A	TCC	S	138
NC_045512.2	28685	G	A	56739	22510	41	19	9	39	0.000334737	56761	0.999996	FALSE	N:cds-YP_009724397.2	GCC	A	ACC	T	138
NC_045512.2	28686	C	T	56559	22404	41	85	37	38	0.00150047	56649	0.00898222	TRUE	N:cds-YP_009724397.2	GCC	A	GTC	V	138
NC_045512.2	28686	C	G	56559	22404	41	1	0	37	1.76526e-05	56649	1	FALSE	N:cds-YP_009724397.2	GCC	A	GGC	G	138
NC_045512.2	28686	C	A	56559	22404	41	4	2	43	7.06102e-05	56649	0.745363	FALSE	N:cds-YP_009724397.2	GCC	A	GAC	D	138
NC_045512.2	28687	C	T	56574	22243	41	12	2	40	0.000211999	56604	0.0716315	FALSE	N:cds-YP_009724397.2	GCC	A	GCT	A	138
NC_045512.2	28687	C	A	56574	22243	41	18	6	43	0.000317999	56604	0.00530018	TRUE	N:cds-YP_009724397.2	GCC	A	GCA	A	138
NC_045512.2	28687	C	-T	56574	22243	41	2	0	20	3.53332e-05	56604	1	FALSE	NA	NA	NA	NA	NA	NA
NC_045512.2	28688	T	G	54293	23146	40	2	1	37	3.68202e-05	54318	1	FALSE	N:cds-YP_009724397.2	TTG	L	GTG	V	139
NC_045512.2	28688	T	C	54293	23146	40	17	5	41	0.000312972	54318	0.00843603	TRUE	N:cds-YP_009724397.2	TTG	L	CTG	L	139
NC_045512.2	28688	T	A	54293	23146	40	6	2	37	0.000110461	54318	1	FALSE	N:cds-YP_009724397.2	TTG	L	ATG	M	139
NC_045512.2	28689	T	G	54702	23728	41	10	6	37	0.000182695	54736	1	FALSE	N:cds-YP_009724397.2	TTG	L	TGG	W	139
NC_045512.2	28689	T	C	54702	23728	41	20	9	40	0.00036539	54736	0.00203288	TRUE	N:cds-YP_009724397.2	TTG	L	TCG	S	139
NC_045512.2	28689	T	A	54702	23728	41	4	2	37	7.3078e-05	54736	1	FALSE	N:cds-YP_009724397.2	TTG	L	TAG	*	139
NC_045512.2	28690	G	T	55439	23819	41	3	3	42	5.41028e-05	55450	0.855436	FALSE	N:cds-YP_009724397.2	TTG	L	TTT	F	139
NC_045512.2	28690	G	C	55439	23819	41	2	1	31	3.60685e-05	55450	1	FALSE	N:cds-YP_009724397.2	TTG	L	TTC	F	139
NC_045512.2	28690	G	A	55439	23819	41	6	1	35	0.000108206	55450	1	FALSE	N:cds-YP_009724397.2	TTG	L	TTA	L	139
NC_045512.2	28691	A	T	56215	25063	41	2	1	31	3.55726e-05	56223	1	FALSE	N:cds-YP_009724397.2	AAT	N	TAT	Y	140
NC_045512.2	28691	A	G	56215	25063	41	6	3	43	0.000106718	56223	0.499988	FALSE	N:cds-YP_009724397.2	AAT	N	GAT	D	140
NC_045512.2	28692	A	T	55771	24981	41	3	1	49	5.37779e-05	55785	0.855419	FALSE	N:cds-YP_009724397.2	AAT	N	ATT	I	140
NC_045512.2	28692	A	G	55771	24981	41	7	3	38	0.000125482	55785	1	FALSE	N:cds-YP_009724397.2	AAT	N	AGT	S	140
NC_045512.2	28692	A	C	55771	24981	41	4	0	28	7.17039e-05	55785	1	FALSE	N:cds-YP_009724397.2	AAT	N	ACT	T	140
NC_045512.2	28693	T	G	55656	25175	41	2	0	49	3.5926e-05	55670	0.937473	FALSE	N:cds-YP_009724397.2	AAT	N	AAG	K	140
NC_045512.2	28693	T	C	55656	25175	41	9	5	34	0.000161667	55670	1	FALSE	N:cds-YP_009724397.2	AAT	N	AAC	N	140
NC_045512.2	28693	T	A	55656	25175	41	3	0	33	5.3889e-05	55670	1	FALSE	N:cds-YP_009724397.2	AAT	N	AAA	K	140
NC_045512.2	28694	A	T	52116	21294	42	1	0	37	1.91832e-05	52129	1	FALSE	N:cds-YP_009724397.2	ACA	T	TCA	S	141
NC_045512.2	28694	A	G	52116	21294	42	9	4	43	0.000172649	52129	0.211928	FALSE	N:cds-YP_009724397.2	ACA	T	GCA	A	141
NC_045512.2	28694	A	C	52116	21294	42	3	0	37	5.75495e-05	52129	1	FALSE	N:cds-YP_009724397.2	ACA	T	CCA	P	141
NC_045512.2	28695	C	T	53351	21286	41	21	8	37	0.00039345	53374	0.999952	FALSE	N:cds-YP_009724397.2	ACA	T	ATA	I	141
NC_045512.2	28695	C	G	53351	21286	41	2	0	37	3.74714e-05	53374	1	FALSE	N:cds-YP_009724397.2	ACA	T	AGA	R	141
NC_045512.2	28696	A	T	54192	23480	43	1	1	25	1.84492e-05	54203	1	FALSE	N:cds-YP_009724397.2	ACA	T	ACT	T	141
NC_045512.2	28696	A	G	54192	23480	43	9	6	39	0.000166042	54203	1	FALSE	N:cds-YP_009724397.2	ACA	T	ACG	T	141
NC_045512.2	28696	A	C	54192	23480	43	1	0	37	1.84492e-05	54203	1	FALSE	N:cds-YP_009724397.2	ACA	T	ACC	T	141
NC_045512.2	28696	A	+G	54192	23480	43	1	0	20	1.84492e-05	54203	1	FALSE	NA	NA	NA	NA	NA	NA
NC_045512.2	28697	C	T	48007	20888	43	6719	3026	43	0.122766	54730	0	TRUE	N:cds-YP_009724397.2	CCA	P	TCA	S	142
NC_045512.2	28697	C	A	48007	20888	43	4	2	43	7.30861e-05	54730	0.677727	FALSE	N:cds-YP_009724397.2	CCA	P	ACA	T	142
NC_045512.2	28698	C	T	54054	24860	43	7	3	42	0.000129469	54067	0.387138	FALSE	N:cds-YP_009724397.2	CCA	P	CTA	L	142
NC_045512.2	28698	C	G	54054	24860	43	2	1	37	3.69911e-05	54067	1	FALSE	N:cds-YP_009724397.2	CCA	P	CGA	R	142
NC_045512.2	28698	C	A	54054	24860	43	4	2	34	7.39823e-05	54067	1	FALSE	N:cds-YP_009724397.2	CCA	P	CAA	Q	142
NC_045512.2	28698	C	-A	54054	24860	43	13	0	20	0.000240442	54067	1	FALSE	NA	NA	NA	NA	NA	NA
NC_045512.2	28699	A	T	53283	24206	42	1	1	37	1.87642e-05	53293	1	FALSE	N:cds-YP_009724397.2	CCA	P	CCT	P	142
NC_045512.2	28699	A	G	53283	24206	42	9	8	41	0.000168878	53293	0.211826	FALSE	N:cds-YP_009724397.2	CCA	P	CCG	P	142
NC_045512.2	28700	A	T	53248	24010	42	2	2	37	3.75587e-05	53250	1	FALSE	N:cds-YP_009724397.2	AAA	K	TAA	*	143
NC_045512.2	28701	A	T	54527	26299	43	1	1	37	1.83342e-05	54543	1	FALSE	N:cds-YP_009724397.2	AAA	K	ATA	I	143
NC_045512.2	28701	A	G	54527	26299	43	9	8	37	0.000165007	54543	1	FALSE	N:cds-YP_009724397.2	AAA	K	AGA	R	143
NC_045512.2	28701	A	C	54527	26299	43	6	6	35	0.000110005	54543	1	FALSE	N:cds-YP_009724397.2	AAA	K	ACA	T	143
NC_045512.2	28702	A	T	55387	27636	44	3	2	53	5.41399e-05	55412	0.124926	FALSE	N:cds-YP_009724397.2	AAA	K	AAT	N	143
NC_045512.2	28702	A	G	55387	27636	44	19	12	44	0.000342886	55412	0.00330038	TRUE	N:cds-YP_009724397.2	AAA	K	AAG	K	143
NC_045512.2	28702	A	C	55387	27636	44	3	3	37	5.41399e-05	55412	1	FALSE	N:cds-YP_009724397.2	AAA	K	AAC	N	143
NC_045512.2	28703	G	T	56232	28710	44	6	5	35	0.000106678	56244	1	FALSE	N:cds-YP_009724397.2	GAT	D	TAT	Y	144
NC_045512.2	28703	G	A	56232	28710	44	6	1	38	0.000106678	56244	1	FALSE	N:cds-YP_009724397.2	GAT	D	AAT	N	144
NC_045512.2	28704	A	T	54090	26853	44	1	0	37	1.8485e-05	54098	1	FALSE	N:cds-YP_009724397.2	GAT	D	GTT	V	144
NC_045512.2	28704	A	G	54090	26853	44	7	5	51	0.000129395	54098	0.00781098	TRUE	N:cds-YP_009724397.2	GAT	D	GGT	G	144
NC_045512.2	28705	T	G	54506	27341	44	1	0	74	1.83449e-05	54511	0.499986	FALSE	N:cds-YP_009724397.2	GAT	D	GAG	E	144
NC_045512.2	28705	T	C	54506	27341	44	3	3	37	5.50348e-05	54511	1	FALSE	N:cds-YP_009724397.2	GAT	D	GAC	D	144
NC_045512.2	28705	T	A	54506	27341	44	1	0	37	1.83449e-05	54511	1	FALSE	N:cds-YP_009724397.2	GAT	D	GAA	E	144
NC_045512.2	28705	T	-C	54506	27341	44	1	0	20	1.83449e-05	54511	1	FALSE	NA	NA	NA	NA	NA	NA
NC_045512.2	28706	C	T	55735	29437	46	9	2	43	0.000161438	55749	0.211911	FALSE	N:cds-YP_009724397.2	CAC	H	TAC	Y	145
NC_045512.2	28706	C	G	55735	29437	46	2	1	37	3.58751e-05	55749	1	FALSE	N:cds-YP_009724397.2	CAC	H	GAC	D	145
NC_045512.2	28706	C	A	55735	29437	46	3	3	74	5.38126e-05	55749	0.12496	FALSE	N:cds-YP_009724397.2	CAC	H	AAC	N	145
NC_045512.2	28707	A	T	55423	29073	45	2	1	43	3.60783e-05	55435	0.937479	FALSE	N:cds-YP_009724397.2	CAC	H	CTC	L	145
NC_045512.2	28707	A	G	55423	29073	45	9	3	43	0.000162352	55435	0.21194	FALSE	N:cds-YP_009724397.2	CAC	H	CGC	R	145
NC_045512.2	28707	A	C	55423	29073	45	1	1	25	1.80391e-05	55435	1	FALSE	N:cds-YP_009724397.2	CAC	H	CCC	P	145
NC_045512.2	28708	C	T	56233	29522	46	15	8	38	0.000266671	56249	1	FALSE	N:cds-YP_009724397.2	CAC	H	CAT	H	145
NC_045512.2	28708	C	A	56233	29522	46	1	0	74	1.77781e-05	56249	0.499938	FALSE	N:cds-YP_009724397.2	CAC	H	CAA	Q	145
NC_045512.2	28709	A	G	54503	29118	44	5	2	44	9.17246e-05	54511	0.62303	FALSE	N:cds-YP_009724397.2	ATT	I	GTT	V	146
NC_045512.2	28709	A	C	54503	29118	44	3	2	29	5.50348e-05	54511	1	FALSE	N:cds-YP_009724397.2	ATT	I	CTT	L	146
NC_045512.2	28710	T	G	53357	30203	43	2	1	42	3.74784e-05	53364	0.937494	FALSE	N:cds-YP_009724397.2	ATT	I	AGT	S	146
NC_045512.2	28710	T	C	53357	30203	43	4	2	30	7.49569e-05	53364	1	FALSE	N:cds-YP_009724397.2	ATT	I	ACT	T	146
NC_045512.2	28710	T	A	53357	30203	43	1	0	37	1.87392e-05	53364	1	FALSE	N:cds-YP_009724397.2	ATT	I	AAT	N	146
NC_045512.2	28711	T	C	53284	30124	43	8	5	43	0.000150114	53293	0.290516	FALSE	N:cds-YP_009724397.2	ATT	I	ATC	I	146
NC_045512.2	28711	T	A	53284	30124	43	1	1	37	1.87642e-05	53293	1	FALSE	N:cds-YP_009724397.2	ATT	I	ATA	I	146
NC_045512.2	28711	T	-G	53284	30124	43	1	0	20	1.87642e-05	53293	1	FALSE	NA	NA	NA	NA	NA	NA
NC_045512.2	28712	G	T	53636	30390	44	7	5	47	0.000130483	53647	0.38715	FALSE	N:cds-YP_009724397.2	GGC	G	TGC	C	147
NC_045512.2	28712	G	C	53636	30390	44	2	2	37	3.72807e-05	53647	1	FALSE	N:cds-YP_009724397.2	GGC	G	CGC	R	147
NC_045512.2	28712	G	A	53636	30390	44	2	1	37	3.72807e-05	53647	1	FALSE	N:cds-YP_009724397.2	GGC	G	AGC	S	147
NC_045512.2	28713	G	T	53692	30542	44	1	1	37	1.85998e-05	53764	1	FALSE	N:cds-YP_009724397.2	GGC	G	GTC	V	147
NC_045512.2	28713	G	A	53692	30542	44	71	51	39	0.00132059	53764	0.0631457	FALSE	N:cds-YP_009724397.2	GGC	G	GAC	D	147
NC_045512.2	28714	C	T	53920	30685	44	40	18	43	0.000741249	53963	3.9148e-08	TRUE	N:cds-YP_009724397.2	GGC	G	GGT	G	147
NC_045512.2	28714	C	G	53920	30685	44	1	1	25	1.85312e-05	53963	1	FALSE	N:cds-YP_009724397.2	GGC	G	GGG	G	147
NC_045512.2	28714	C	A	53920	30685	44	2	2	37	3.70624e-05	53963	1	FALSE	N:cds-YP_009724397.2	GGC	G	GGA	G	147
NC_045512.2	28715	A	T	53592	30814	44	1	1	37	1.86546e-05	53606	1	FALSE	N:cds-YP_009724397.2	ACC	T	TCC	S	148
NC_045512.2	28715	A	G	53592	30814	44	12	6	44	0.000223856	53606	0.0717104	FALSE	N:cds-YP_009724397.2	ACC	T	GCC	A	148
NC_045512.2	28715	A	C	53592	30814	44	1	0	37	1.86546e-05	53606	1	FALSE	N:cds-YP_009724397.2	ACC	T	CCC	P	148
NC_045512.2	28716	C	T	53884	30840	44	6	3	43	0.000111332	53893	0.499975	FALSE	N:cds-YP_009724397.2	ACC	T	ATC	I	148
NC_045512.2	28716	C	G	53884	30840	44	2	2	33	3.71106e-05	53893	1	FALSE	N:cds-YP_009724397.2	ACC	T	AGC	S	148
NC_045512.2	28716	C	A	53884	30840	44	1	1	37	1.85553e-05	53893	1	FALSE	N:cds-YP_009724397.2	ACC	T	AAC	N	148
NC_045512.2	28717	C	T	53803	30210	43	12	4	46	0.000222974	53818	0.0717053	FALSE	N:cds-YP_009724397.2	ACC	T	ACT	T	148
NC_045512.2	28717	C	A	53803	30210	43	3	2	49	5.57434e-05	53818	0.855411	FALSE	N:cds-YP_009724397.2	ACC	T	ACA	T	148
NC_045512.2	28718	C	T	53847	30158	44	7	3	51	0.000129959	53863	0.00780692	TRUE	N:cds-YP_009724397.2	CGC	R	TGC	C	149
NC_045512.2	28718	C	A	53847	30158	44	9	8	45	0.000167091	53863	0.211899	FALSE	N:cds-YP_009724397.2	CGC	R	AGC	S	149
NC_045512.2	28718	C	-G	53847	30158	44	1	0	20	1.85656e-05	53863	1	FALSE	NA	NA	NA	NA	NA	NA
NC_045512.2	28719	G	T	54999	32071	44	9	4	49	0.000163351	55096	0.211082	FALSE	N:cds-YP_009724397.2	CGC	R	CTC	L	149
NC_045512.2	28719	G	C	54999	32071	44	4	2	34	7.26006e-05	55096	1	FALSE	N:cds-YP_009724397.2	CGC	R	CCC	P	149
NC_045512.2	28719	G	A	54999	32071	44	84	47	45	0.00152461	55096	6.85822e-20	TRUE	N:cds-YP_009724397.2	CGC	R	CAC	H	149
NC_045512.2	28720	C	T	55514	32804	45	10	5	35	0.000180086	55529	1	FALSE	N:cds-YP_009724397.2	CGC	R	CGT	R	149
NC_045512.2	28720	C	A	55514	32804	45	5	5	37	9.0043e-05	55529	1	FALSE	N:cds-YP_009724397.2	CGC	R	CGA	R	149
NC_045512.2	28721	A	T	55250	32929	45	1	1	25	1.80963e-05	55260	1	FALSE	N:cds-YP_009724397.2	AAT	N	TAT	Y	150
NC_045512.2	28721	A	G	55250	32929	45	8	3	50	0.00014477	55260	0.00390498	TRUE	N:cds-YP_009724397.2	AAT	N	GAT	D	150
NC_045512.2	28721	A	C	55250	32929	45	1	1	37	1.80963e-05	55260	1	FALSE	N:cds-YP_009724397.2	AAT	N	CAT	H	150
NC_045512.2	28722	A	T	54397	32624	44	2	1	55	3.67627e-05	54403	0.249984	FALSE	N:cds-YP_009724397.2	AAT	N	ATT	I	150
NC_045512.2	28722	A	G	54397	32624	44	2	0	55	3.67627e-05	54403	0.249984	FALSE	N:cds-YP_009724397.2	AAT	N	AGT	S	150
NC_045512.2	28722	A	C	54397	32624	44	2	1	22	3.67627e-05	54403	1	FALSE	N:cds-YP_009724397.2	AAT	N	ACT	T	150
NC_045512.2	28724	C	T	56261	33862	45	4	3	46	7.10922e-05	56265	0.746111	FALSE	N:cds-YP_009724397.2	CCT	P	TCT	S	151
NC_045512.2	28725	C	T	56219	33998	45	3	0	37	5.33551e-05	56227	1	FALSE	N:cds-YP_009724397.2	CCT	P	CTT	L	151
NC_045512.2	28725	C	G	56219	33998	45	1	1	37	1.7785e-05	56227	1	FALSE	N:cds-YP_009724397.2	CCT	P	CGT	R	151
NC_045512.2	28725	C	A	56219	33998	45	4	2	46	7.11402e-05	56227	0.746076	FALSE	N:cds-YP_009724397.2	CCT	P	CAT	H	151
NC_045512.2	28726	T	G	54253	32246	45	2	2	55	3.68473e-05	54278	0.249896	FALSE	N:cds-YP_009724397.2	CCT	P	CCG	P	151
NC_045512.2	28726	T	C	54253	32246	45	20	7	42	0.000368473	54278	0.00203545	TRUE	N:cds-YP_009724397.2	CCT	P	CCC	P	151
NC_045512.2	28726	T	A	54253	32246	45	3	2	32	5.5271e-05	54278	1	FALSE	N:cds-YP_009724397.2	CCT	P	CCA	P	151
NC_045512.2	28727	G	T	54213	32778	45	3	2	49	5.52659e-05	54283	0.855078	FALSE	N:cds-YP_009724397.2	GCT	A	TCT	S	152
NC_045512.2	28727	G	C	54213	32778	45	2	1	42	3.68439e-05	54283	0.937303	FALSE	N:cds-YP_009724397.2	GCT	A	CCT	P	152
NC_045512.2	28727	G	A	54213	32778	45	65	43	43	0.00119743	54283	1.08729e-14	TRUE	N:cds-YP_009724397.2	GCT	A	ACT	T	152
NC_045512.2	28728	C	T	54224	32814	45	21	11	46	0.000387118	54247	0.00124535	TRUE	N:cds-YP_009724397.2	GCT	A	GTT	V	152
NC_045512.2	28728	C	G	54224	32814	45	1	1	37	1.84342e-05	54247	1	FALSE	N:cds-YP_009724397.2	GCT	A	GGT	G	152
NC_045512.2	28728	C	A	54224	32814	45	1	0	37	1.84342e-05	54247	1	FALSE	N:cds-YP_009724397.2	GCT	A	GAT	D	152
NC_045512.2	28729	T	G	54337	33020	45	1	0	37	1.84003e-05	54347	1	FALSE	N:cds-YP_009724397.2	GCT	A	GCG	A	152
NC_045512.2	28729	T	C	54337	33020	45	9	4	35	0.000165603	54347	1	FALSE	N:cds-YP_009724397.2	GCT	A	GCC	A	152
NC_045512.2	28729	T	-A	54337	33020	45	1	0	20	1.84003e-05	54347	1	FALSE	NA	NA	NA	NA	NA	NA
NC_045512.2	28730	A	T	54309	33365	45	3	2	33	5.52303e-05	54318	1	FALSE	N:cds-YP_009724397.2	AAC	N	TAC	Y	153
NC_045512.2	28730	A	G	54309	33365	45	6	1	41	0.000110461	54318	0.499963	FALSE	N:cds-YP_009724397.2	AAC	N	GAC	D	153
NC_045512.2	28731	A	T	54698	33867	46	3	2	33	5.48386e-05	54706	1	FALSE	N:cds-YP_009724397.2	AAC	N	ATC	I	153
NC_045512.2	28731	A	G	54698	33867	46	2	2	37	3.65591e-05	54706	1	FALSE	N:cds-YP_009724397.2	AAC	N	AGC	S	153
NC_045512.2	28731	A	C	54698	33867	46	3	0	37	5.48386e-05	54706	1	FALSE	N:cds-YP_009724397.2	AAC	N	ACC	T	153
NC_045512.2	28732	C	T	54662	34102	46	9	5	41	0.000164618	54672	0.21196	FALSE	N:cds-YP_009724397.2	AAC	N	AAT	N	153
NC_045512.2	28732	C	A	54662	34102	46	1	0	74	1.82909e-05	54672	0.499963	FALSE	N:cds-YP_009724397.2	AAC	N	AAA	K	153
NC_045512.2	28732	C	+A	54662	34102	46	1	0	20	1.82909e-05	54672	1	FALSE	NA	NA	NA	NA	NA	NA
NC_045512.2	28733	A	T	52944	32521	45	2	1	37	3.77686e-05	52954	1	FALSE	N:cds-YP_009724397.2	AAT	N	TAT	Y	154
NC_045512.2	28733	A	G	52944	32521	45	7	4	47	0.00013219	52954	0.387175	FALSE	N:cds-YP_009724397.2	AAT	N	GAT	D	154
NC_045512.2	28733	A	C	52944	32521	45	1	1	29	1.88843e-05	52954	1	FALSE	N:cds-YP_009724397.2	AAT	N	CAT	H	154
NC_045512.2	28733	A	+G	52944	32521	45	1	0	20	1.88843e-05	52954	1	FALSE	NA	NA	NA	NA	NA	NA
NC_045512.2	28734	A	T	51081	30723	44	2	1	55	3.91428e-05	51095	0.249944	FALSE	N:cds-YP_009724397.2	AAT	N	ATT	I	154
NC_045512.2	28734	A	G	51081	30723	44	5	5	51	9.78569e-05	51095	0.0312347	FALSE	N:cds-YP_009724397.2	AAT	N	AGT	S	154
NC_045512.2	28734	A	C	51081	30723	44	7	6	28	0.000137	51095	1	FALSE	N:cds-YP_009724397.2	AAT	N	ACT	T	154
NC_045512.2	28735	T	C	52608	32602	45	2	0	37	3.80134e-05	52613	1	FALSE	N:cds-YP_009724397.2	AAT	N	AAC	N	154
NC_045512.2	28735	T	A	52608	32602	45	3	2	32	5.70201e-05	52613	1	FALSE	N:cds-YP_009724397.2	AAT	N	AAA	K	154
NC_045512.2	28736	G	T	52473	32824	46	1	1	25	1.90393e-05	52523	1	FALSE	N:cds-YP_009724397.2	GCT	A	TCT	S	155
NC_045512.2	28736	G	C	52473	32824	46	16	0	37	0.000304628	52523	0.999998	FALSE	N:cds-YP_009724397.2	GCT	A	CCT	P	155
NC_045512.2	28736	G	A	52473	32824	46	33	19	44	0.000628296	52523	2.11112e-06	TRUE	N:cds-YP_009724397.2	GCT	A	ACT	T	155
NC_045512.2	28737	C	T	49896	35473	42	26	20	42	0.000520781	49925	2.96551e-05	TRUE	N:cds-YP_009724397.2	GCT	A	GTT	V	155
NC_045512.2	28737	C	G	49896	35473	42	1	0	37	2.003e-05	49925	1	FALSE	N:cds-YP_009724397.2	GCT	A	GGT	G	155
NC_045512.2	28737	C	A	49896	35473	42	2	2	31	4.00601e-05	49925	1	FALSE	N:cds-YP_009724397.2	GCT	A	GAT	D	155
NC_045512.2	28738	T	G	50101	36092	42	2	1	31	3.99074e-05	50116	1	FALSE	N:cds-YP_009724397.2	GCT	A	GCG	A	155
NC_045512.2	28738	T	C	50101	36092	42	10	8	38	0.000199537	50116	1	FALSE	N:cds-YP_009724397.2	GCT	A	GCC	A	155
NC_045512.2	28738	T	A	50101	36092	42	3	2	45	5.98611e-05	50116	0.855407	FALSE	N:cds-YP_009724397.2	GCT	A	GCA	A	155
NC_045512.2	28739	G	T	50629	36769	43	3	3	29	5.91821e-05	50691	1	FALSE	N:cds-YP_009724397.2	GCA	A	TCA	S	156
NC_045512.2	28739	G	C	50629	36769	43	3	2	37	5.91821e-05	50691	1	FALSE	N:cds-YP_009724397.2	GCA	A	CCA	P	156
NC_045512.2	28739	G	A	50629	36769	43	56	43	39	0.00110473	50691	0.313445	FALSE	N:cds-YP_009724397.2	GCA	A	ACA	T	156
NC_045512.2	28740	C	T	51001	37483	43	50	37	41	0.000979355	51054	1.05663e-10	TRUE	N:cds-YP_009724397.2	GCA	A	GTA	V	156
NC_045512.2	28740	C	G	51001	37483	43	1	1	25	1.95871e-05	51054	1	FALSE	N:cds-YP_009724397.2	GCA	A	GGA	G	156
NC_045512.2	28740	C	A	51001	37483	43	2	2	37	3.91742e-05	51054	1	FALSE	N:cds-YP_009724397.2	GCA	A	GAA	E	156
NC_045512.2	28740	C	-A	51001	37483	43	1	0	20	1.95871e-05	51054	1	FALSE	NA	NA	NA	NA	NA	NA
NC_045512.2	28741	A	T	50564	37125	43	1	1	37	1.97738e-05	50572	1	FALSE	N:cds-YP_009724397.2	GCA	A	GCT	A	156
NC_045512.2	28741	A	G	50564	37125	43	7	4	45	0.000138417	50572	0.387187	FALSE	N:cds-YP_009724397.2	GCA	A	GCG	A	156
NC_045512.2	28742	A	T	49632	36345	42	1	1	37	2.01463e-05	49637	1	FALSE	N:cds-YP_009724397.2	ATC	I	TTC	F	157
NC_045512.2	28742	A	C	49632	36345	42	4	1	27	8.0585e-05	49637	1	FALSE	N:cds-YP_009724397.2	ATC	I	CTC	L	157
NC_045512.2	28743	T	C	50477	37237	43	3	2	49	5.94283e-05	50481	0.855479	FALSE	N:cds-YP_009724397.2	ATC	I	ACC	T	157
NC_045512.2	28743	T	A	50477	37237	43	1	1	25	1.98094e-05	50481	1	FALSE	N:cds-YP_009724397.2	ATC	I	AAC	N	157
NC_045512.2	28744	C	T	50388	37130	43	15	10	41	0.000297584	50406	0.0206804	FALSE	N:cds-YP_009724397.2	ATC	I	ATT	I	157
NC_045512.2	28744	C	A	50388	37130	43	3	3	37	5.95167e-05	50406	1	FALSE	N:cds-YP_009724397.2	ATC	I	ATA	I	157
NC_045512.2	28745	G	T	50391	37427	43	4	2	64	7.93509e-05	50409	0.062464	FALSE	N:cds-YP_009724397.2	GTG	V	TTG	L	158
NC_045512.2	28745	G	A	50391	37427	43	14	11	38	0.000277728	50409	0.999999	FALSE	N:cds-YP_009724397.2	GTG	V	ATG	M	158
NC_045512.2	28746	T	C	49924	36729	42	6	4	43	0.000120168	49930	0.376959	FALSE	N:cds-YP_009724397.2	GTG	V	GCG	A	158
NC_045512.2	28747	G	T	49949	36720	43	3	3	37	6.00132e-05	49989	1	FALSE	N:cds-YP_009724397.2	GTG	V	GTT	V	158
NC_045512.2	28747	G	C	49949	36720	43	1	1	37	2.00044e-05	49989	1	FALSE	N:cds-YP_009724397.2	GTG	V	GTC	V	158
NC_045512.2	28747	G	A	49949	36720	43	36	29	44	0.000720158	49989	9.22989e-08	TRUE	N:cds-YP_009724397.2	GTG	V	GTA	V	158
NC_045512.2	28748	C	T	49852	36612	43	6	6	41	0.000120322	49866	0.376861	FALSE	N:cds-YP_009724397.2	CTA	L	TTA	L	159
NC_045512.2	28748	C	G	49852	36612	43	3	3	49	6.01612e-05	49866	0.773363	FALSE	N:cds-YP_009724397.2	CTA	L	GTA	V	159
NC_045512.2	28748	C	A	49852	36612	43	5	3	34	0.000100269	49866	1	FALSE	N:cds-YP_009724397.2	CTA	L	ATA	I	159
NC_045512.2	28749	T	G	52481	40320	44	4	4	46	7.61832e-05	52505	0.745925	FALSE	N:cds-YP_009724397.2	CTA	L	CGA	R	159
NC_045512.2	28749	T	C	52481	40320	44	20	17	40	0.000380916	52505	0.00203564	TRUE	N:cds-YP_009724397.2	CTA	L	CCA	P	159
NC_045512.2	28750	A	T	52466	40899	43	1	1	37	1.9056e-05	52477	1	FALSE	N:cds-YP_009724397.2	CTA	L	CTT	L	159
NC_045512.2	28750	A	G	52466	40899	43	10	7	44	0.00019056	52477	0.150861	FALSE	N:cds-YP_009724397.2	CTA	L	CTG	L	159
NC_045512.2	28751	C	T	53685	42438	44	5	4	39	9.31237e-05	53692	1	FALSE	N:cds-YP_009724397.2	CAA	Q	TAA	*	160
NC_045512.2	28751	C	G	53685	42438	44	1	1	37	1.86247e-05	53692	1	FALSE	N:cds-YP_009724397.2	CAA	Q	GAA	E	160
NC_045512.2	28751	C	A	53685	42438	44	1	0	74	1.86247e-05	53692	0.499977	FALSE	N:cds-YP_009724397.2	CAA	Q	AAA	K	160
NC_045512.2	28752	A	T	53444	42268	44	2	2	25	3.74174e-05	53451	1	FALSE	N:cds-YP_009724397.2	CAA	Q	CTA	L	160
NC_045512.2	28752	A	G	53444	42268	44	4	4	55	7.48349e-05	53451	0.0624918	FALSE	N:cds-YP_009724397.2	CAA	Q	CGA	R	160
NC_045512.2	28752	A	C	53444	42268	44	1	1	25	1.87087e-05	53451	1	FALSE	N:cds-YP_009724397.2	CAA	Q	CCA	P	160
NC_045512.2	28752	A	+G	53444	42268	44	1	0	20	1.87087e-05	53451	1	FALSE	NA	NA	NA	NA	NA	NA
NC_045512.2	28753	A	T	52764	41604	44	4	4	35	7.57935e-05	52775	1	FALSE	N:cds-YP_009724397.2	CAA	Q	CAT	H	160
NC_045512.2	28753	A	G	52764	41604	44	5	5	37	9.47418e-05	52775	1	FALSE	N:cds-YP_009724397.2	CAA	Q	CAG	Q	160
NC_045512.2	28753	A	C	52764	41604	44	2	2	25	3.78967e-05	52775	1	FALSE	N:cds-YP_009724397.2	CAA	Q	CAC	H	160
NC_045512.2	28754	C	T	54335	43600	45	6	6	43	0.000110408	54344	0.499975	FALSE	N:cds-YP_009724397.2	CTT	L	TTT	F	161
NC_045512.2	28754	C	A	54335	43600	45	3	3	49	5.52039e-05	54344	0.855448	FALSE	N:cds-YP_009724397.2	CTT	L	ATT	I	161
NC_045512.2	28755	T	G	46277	35603	42	13	13	25	0.000280759	46303	1	FALSE	N:cds-YP_009724397.2	CTT	L	CGT	R	161
NC_045512.2	28755	T	C	46277	35603	42	10	5	52	0.000215969	46303	0.000974508	TRUE	N:cds-YP_009724397.2	CTT	L	CCT	P	161
NC_045512.2	28755	T	A	46277	35603	42	3	2	37	6.47906e-05	46303	1	FALSE	N:cds-YP_009724397.2	CTT	L	CAT	H	161
NC_045512.2	28756	T	G	52108	41605	44	1	1	37	1.91861e-05	52121	1	FALSE	N:cds-YP_009724397.2	CTT	L	CTG	L	161
NC_045512.2	28756	T	C	52108	41605	44	7	5	38	0.000134303	52121	1	FALSE	N:cds-YP_009724397.2	CTT	L	CTC	L	161
NC_045512.2	28756	T	A	52108	41605	44	5	4	49	9.59306e-05	52121	0.62297	FALSE	N:cds-YP_009724397.2	CTT	L	CTA	L	161
NC_045512.2	28757	C	T	52800	42374	45	4	4	46	7.5749e-05	52806	0.746094	FALSE	N:cds-YP_009724397.2	CCT	P	TCT	S	162
NC_045512.2	28757	C	A	52800	42374	45	2	2	37	3.78745e-05	52806	1	FALSE	N:cds-YP_009724397.2	CCT	P	ACT	T	162
NC_045512.2	28758	C	T	53081	42849	45	1	1	25	1.88384e-05	53083	1	FALSE	N:cds-YP_009724397.2	CCT	P	CTT	L	162
NC_045512.2	28758	C	A	53081	42849	45	1	1	37	1.88384e-05	53083	1	FALSE	N:cds-YP_009724397.2	CCT	P	CAT	H	162
NC_045512.2	28759	T	G	54324	45080	46	4	4	37	7.36052e-05	54344	1	FALSE	N:cds-YP_009724397.2	CCT	P	CCG	P	162
NC_045512.2	28759	T	C	54324	45080	46	15	10	41	0.000276019	54344	0.0206774	FALSE	N:cds-YP_009724397.2	CCT	P	CCC	P	162
NC_045512.2	28759	T	A	54324	45080	46	1	1	37	1.84013e-05	54344	1	FALSE	N:cds-YP_009724397.2	CCT	P	CCA	P	162
NC_045512.2	28760	C	T	55077	46602	45	3	3	33	5.44633e-05	55083	1	FALSE	N:cds-YP_009724397.2	CAA	Q	TAA	*	163
NC_045512.2	28760	C	G	55077	46602	45	1	1	74	1.81544e-05	55083	0.499982	FALSE	N:cds-YP_009724397.2	CAA	Q	GAA	E	163
NC_045512.2	28760	C	A	55077	46602	45	2	1	49	3.63088e-05	55083	0.937497	FALSE	N:cds-YP_009724397.2	CAA	Q	AAA	K	163
NC_045512.2	28761	A	T	53755	45312	45	3	2	45	5.5787e-05	53776	0.855374	FALSE	N:cds-YP_009724397.2	CAA	Q	CTA	L	163
NC_045512.2	28761	A	G	53755	45312	45	15	12	40	0.000278935	53776	0.0206751	FALSE	N:cds-YP_009724397.2	CAA	Q	CGA	R	163
NC_045512.2	28761	A	C	53755	45312	45	3	3	23	5.5787e-05	53776	1	FALSE	N:cds-YP_009724397.2	CAA	Q	CCA	P	163
NC_045512.2	28762	A	T	53767	45457	44	7	5	52	0.000130143	53787	0.00780488	TRUE	N:cds-YP_009724397.2	CAA	Q	CAT	H	163
NC_045512.2	28762	A	G	53767	45457	44	10	9	49	0.000185919	53787	0.150785	FALSE	N:cds-YP_009724397.2	CAA	Q	CAG	Q	163
NC_045512.2	28762	A	C	53767	45457	44	3	2	33	5.57756e-05	53787	1	FALSE	N:cds-YP_009724397.2	CAA	Q	CAC	H	163
NC_045512.2	28763	G	T	54559	46666	44	3	1	49	5.49813e-05	54564	0.855472	FALSE	N:cds-YP_009724397.2	GGA	G	TGA	*	164
NC_045512.2	28763	G	A	54559	46666	44	2	2	37	3.66542e-05	54564	1	FALSE	N:cds-YP_009724397.2	GGA	G	AGA	R	164
NC_045512.2	28764	G	T	55177	47635	44	4	2	43	7.24795e-05	55188	0.746049	FALSE	N:cds-YP_009724397.2	GGA	G	GTA	V	164
NC_045512.2	28764	G	C	55177	47635	44	3	1	34	5.43596e-05	55188	1	FALSE	N:cds-YP_009724397.2	GGA	G	GCA	A	164
NC_045512.2	28764	G	A	55177	47635	44	4	4	40	7.24795e-05	55188	0.746049	FALSE	N:cds-YP_009724397.2	GGA	G	GAA	E	164
NC_045512.2	28765	A	G	55025	47474	44	11	10	40	0.000199869	55036	0.105047	FALSE	N:cds-YP_009724397.2	GGA	G	GGG	G	164
NC_045512.2	28766	A	T	54964	47962	43	2	2	31	3.63822e-05	54972	1	FALSE	N:cds-YP_009724397.2	ACA	T	TCA	S	165
NC_045512.2	28766	A	G	54964	47962	43	6	5	38	0.000109146	54972	1	FALSE	N:cds-YP_009724397.2	ACA	T	GCA	A	165
NC_045512.2	28767	C	T	55086	47864	45	11	9	42	0.000199641	55099	0.105033	FALSE	N:cds-YP_009724397.2	ACA	T	ATA	I	165
NC_045512.2	28767	C	G	55086	47864	45	1	1	74	1.81491e-05	55099	0.49995	FALSE	N:cds-YP_009724397.2	ACA	T	AGA	R	165
NC_045512.2	28767	C	A	55086	47864	45	1	1	37	1.81491e-05	55099	1	FALSE	N:cds-YP_009724397.2	ACA	T	AAA	K	165
NC_045512.2	28767	C	-A	55086	47864	45	1	0	20	1.81491e-05	55099	1	FALSE	NA	NA	NA	NA	NA	NA
NC_045512.2	28768	A	G	54573	47362	44	4	3	46	7.32869e-05	54580	0.746076	FALSE	N:cds-YP_009724397.2	ACA	T	ACG	T	165
NC_045512.2	28768	A	C	54573	47362	44	3	3	27	5.49652e-05	54580	1	FALSE	N:cds-YP_009724397.2	ACA	T	ACC	T	165
NC_045512.2	28769	A	G	53936	46941	44	13	12	44	0.000240959	53951	0.0481085	FALSE	N:cds-YP_009724397.2	ACA	T	GCA	A	166
NC_045512.2	28769	A	C	53936	46941	44	2	1	31	3.70707e-05	53951	1	FALSE	N:cds-YP_009724397.2	ACA	T	CCA	P	166
NC_045512.2	28770	C	T	54895	48828	43	10	8	45	0.000182133	54905	0.150871	FALSE	N:cds-YP_009724397.2	ACA	T	ATA	I	166
NC_045512.2	28771	A	G	52816	46767	43	4	3	55	7.5726e-05	52822	0.0624941	FALSE	N:cds-YP_009724397.2	ACA	T	ACG	T	166
NC_045512.2	28771	A	C	52816	46767	43	2	0	37	3.7863e-05	52822	1	FALSE	N:cds-YP_009724397.2	ACA	T	ACC	T	166
NC_045512.2	28772	T	G	51557	45609	42	6	6	29	0.000116351	51568	1	FALSE	N:cds-YP_009724397.2	TTG	L	GTG	V	167
NC_045512.2	28772	T	C	51557	45609	42	5	5	34	9.69594e-05	51568	1	FALSE	N:cds-YP_009724397.2	TTG	L	CTG	L	167
NC_045512.2	28773	T	C	50279	44374	43	2	1	37	3.97765e-05	50281	1	FALSE	N:cds-YP_009724397.2	TTG	L	TCG	S	167
NC_045512.2	28774	G	C	51084	45203	44	1	0	62	1.95557e-05	51136	0.499755	FALSE	N:cds-YP_009724397.2	TTG	L	TTC	F	167
NC_045512.2	28774	G	A	51084	45203	44	51	48	40	0.00099734	51136	5.79225e-11	TRUE	N:cds-YP_009724397.2	TTG	L	TTA	L	167
NC_045512.2	28775	C	T	50976	45251	43	18	16	40	0.000352969	50996	0.00530606	TRUE	N:cds-YP_009724397.2	CCA	P	TCA	S	168
NC_045512.2	28775	C	G	50976	45251	43	1	1	37	1.96094e-05	50996	1	FALSE	N:cds-YP_009724397.2	CCA	P	GCA	A	168
NC_045512.2	28775	C	A	50976	45251	43	1	0	74	1.96094e-05	50996	0.499912	FALSE	N:cds-YP_009724397.2	CCA	P	ACA	T	168
NC_045512.2	28776	C	T	50934	45287	43	6	6	35	0.000117779	50943	1	FALSE	N:cds-YP_009724397.2	CCA	P	CTA	L	168
NC_045512.2	28776	C	A	50934	45287	43	3	3	37	5.88893e-05	50943	1	FALSE	N:cds-YP_009724397.2	CCA	P	CAA	Q	168
NC_045512.2	28776	C	-A	50934	45287	43	32	0	20	0.000628153	50943	1	FALSE	NA	NA	NA	NA	NA	NA
NC_045512.2	28776	C	+A	50934	45287	43	5	0	20	9.81489e-05	50943	1	FALSE	NA	NA	NA	NA	NA	NA
NC_045512.2	28777	A	G	50815	45261	43	7	5	45	0.000137733	50823	0.386774	FALSE	N:cds-YP_009724397.2	CCA	P	CCG	P	168
NC_045512.2	28777	A	C	50815	45261	43	1	1	37	1.96761e-05	50823	1	FALSE	N:cds-YP_009724397.2	CCA	P	CCC	P	168
NC_045512.2	28778	A	T	50393	44840	43	1	0	74	1.98417e-05	50399	0.49998	FALSE	N:cds-YP_009724397.2	AAA	K	TAA	*	169
NC_045512.2	28778	A	G	50393	44840	43	4	3	43	7.93667e-05	50399	0.746094	FALSE	N:cds-YP_009724397.2	AAA	K	GAA	E	169
NC_045512.2	28778	A	C	50393	44840	43	1	0	74	1.98417e-05	50399	0.49998	FALSE	N:cds-YP_009724397.2	AAA	K	CAA	Q	169
NC_045512.2	28779	A	T	49263	43732	42	1	0	74	2.02967e-05	49269	0.49998	FALSE	N:cds-YP_009724397.2	AAA	K	ATA	I	169
NC_045512.2	28779	A	G	49263	43732	42	3	2	49	6.08902e-05	49269	0.773429	FALSE	N:cds-YP_009724397.2	AAA	K	AGA	R	169
NC_045512.2	28779	A	C	49263	43732	42	2	2	25	4.05935e-05	49269	1	FALSE	N:cds-YP_009724397.2	AAA	K	ACA	T	169
NC_045512.2	28780	A	T	49029	43646	42	6	6	33	0.000122297	49061	1	FALSE	N:cds-YP_009724397.2	AAA	K	AAT	N	169
NC_045512.2	28780	A	G	49029	43646	42	19	19	35	0.000387273	49061	0.999935	FALSE	N:cds-YP_009724397.2	AAA	K	AAG	K	169
NC_045512.2	28780	A	C	49029	43646	42	7	6	39	0.00014268	49061	1	FALSE	N:cds-YP_009724397.2	AAA	K	AAC	N	169
NC_045512.2	28781	G	T	50278	44891	43	2	2	37	3.97709e-05	50288	1	FALSE	N:cds-YP_009724397.2	GGC	G	TGC	C	170
NC_045512.2	28781	G	A	50278	44891	43	8	8	37	0.000159084	50288	1	FALSE	N:cds-YP_009724397.2	GGC	G	AGC	S	170
NC_045512.2	28782	G	T	50451	45074	43	2	2	37	3.96322e-05	50464	1	FALSE	N:cds-YP_009724397.2	GGC	G	GTC	V	170
NC_045512.2	28782	G	A	50451	45074	43	11	11	40	0.000217977	50464	0.105031	FALSE	N:cds-YP_009724397.2	GGC	G	GAC	D	170
NC_045512.2	28783	C	T	48288	42872	43	23	21	40	0.000476043	48315	0.000155001	TRUE	N:cds-YP_009724397.2	GGC	G	GGT	G	170
NC_045512.2	28783	C	G	48288	42872	43	1	0	48	2.06975e-05	48315	0.968713	FALSE	N:cds-YP_009724397.2	GGC	G	GGG	G	170
NC_045512.2	28783	C	A	48288	42872	43	3	3	25	6.20925e-05	48315	1	FALSE	N:cds-YP_009724397.2	GGC	G	GGA	G	170
NC_045512.2	28784	T	G	47960	42565	42	1	1	22	2.08416e-05	47981	1	FALSE	N:cds-YP_009724397.2	TTC	F	GTC	V	171
NC_045512.2	28784	T	C	47960	42565	42	16	7	43	0.000333465	47981	0.00590165	TRUE	N:cds-YP_009724397.2	TTC	F	CTC	L	171
NC_045512.2	28784	T	A	47960	42565	42	4	2	44	8.33663e-05	47981	0.636542	FALSE	N:cds-YP_009724397.2	TTC	F	ATC	I	171
NC_045512.2	28785	T	G	48708	43544	43	44	0	37	0.000902416	48758	0.698708	FALSE	N:cds-YP_009724397.2	TTC	F	TGC	C	171
NC_045512.2	28785	T	C	48708	43544	43	3	3	37	6.15284e-05	48758	1	FALSE	N:cds-YP_009724397.2	TTC	F	TCC	S	171
NC_045512.2	28785	T	A	48708	43544	43	3	2	49	6.15284e-05	48758	0.773059	FALSE	N:cds-YP_009724397.2	TTC	F	TAC	Y	171
NC_045512.2	28786	C	T	48040	44194	41	7	7	35	0.000145685	48049	1	FALSE	N:cds-YP_009724397.2	TTC	F	TTT	F	171
NC_045512.2	28786	C	A	48040	44194	41	2	2	31	4.16242e-05	48049	1	FALSE	N:cds-YP_009724397.2	TTC	F	TTA	L	171
NC_045512.2	28787	T	C	48451	44640	41	8	8	35	0.000165088	48459	1	FALSE	N:cds-YP_009724397.2	TAC	Y	CAC	H	172
NC_045512.2	28788	A	T	48415	44713	41	3	3	37	6.1954e-05	48423	1	FALSE	N:cds-YP_009724397.2	TAC	Y	TTC	F	172
NC_045512.2	28788	A	G	48415	44713	41	5	5	37	0.000103257	48423	1	FALSE	N:cds-YP_009724397.2	TAC	Y	TGC	C	172
NC_045512.2	28789	C	T	48455	44762	41	21	19	41	0.000433186	48478	0.000454526	TRUE	N:cds-YP_009724397.2	TAC	Y	TAT	Y	172
NC_045512.2	28789	C	A	48455	44762	41	2	2	31	4.12558e-05	48478	1	FALSE	N:cds-YP_009724397.2	TAC	Y	TAA	*	172
NC_045512.2	28790	G	T	47439	43810	41	3	2	37	6.31792e-05	47484	1	FALSE	N:cds-YP_009724397.2	GCA	A	TCA	S	173
NC_045512.2	28790	G	C	47439	43810	41	8	1	37	0.000168478	47484	1	FALSE	N:cds-YP_009724397.2	GCA	A	CCA	P	173
NC_045512.2	28790	G	A	47439	43810	41	34	32	38	0.000716031	47484	0.940329	FALSE	N:cds-YP_009724397.2	GCA	A	ACA	T	173
NC_045512.2	28791	C	T	47356	43970	41	9	9	39	0.000190006	47367	1	FALSE	N:cds-YP_009724397.2	GCA	A	GTA	V	173
NC_045512.2	28791	C	A	47356	43970	41	2	2	37	4.22235e-05	47367	1	FALSE	N:cds-YP_009724397.2	GCA	A	GAA	E	173
NC_045512.2	28792	A	T	45556	42198	41	1	1	37	2.19472e-05	45564	1	FALSE	N:cds-YP_009724397.2	GCA	A	GCT	A	173
NC_045512.2	28792	A	G	45556	42198	41	6	5	43	0.000131683	45564	0.376933	FALSE	N:cds-YP_009724397.2	GCA	A	GCG	A	173
NC_045512.2	28792	A	C	45556	42198	41	1	1	37	2.19472e-05	45564	1	FALSE	N:cds-YP_009724397.2	GCA	A	GCC	A	173
NC_045512.2	28793	G	A	45595	42261	41	6	5	49	0.000131576	45601	0.37696	FALSE	N:cds-YP_009724397.2	GAA	E	AAA	K	174
NC_045512.2	28793	G	-A	45595	42261	41	1	0	20	2.19293e-05	45601	1	FALSE	NA	NA	NA	NA	NA	NA
NC_045512.2	28794	A	T	45309	41988	41	2	2	31	4.41316e-05	45319	1	FALSE	N:cds-YP_009724397.2	GAA	E	GTA	V	174
NC_045512.2	28794	A	G	45309	41988	41	7	4	51	0.000154461	45319	0.00780888	TRUE	N:cds-YP_009724397.2	GAA	E	GGA	G	174
NC_045512.2	28794	A	C	45309	41988	41	1	0	37	2.20658e-05	45319	1	FALSE	N:cds-YP_009724397.2	GAA	E	GCA	A	174
NC_045512.2	28795	A	T	45322	42148	40	6	4	49	0.000132351	45334	0.376878	FALSE	N:cds-YP_009724397.2	GAA	E	GAT	D	174
NC_045512.2	28795	A	G	45322	42148	40	5	5	37	0.000110292	45334	1	FALSE	N:cds-YP_009724397.2	GAA	E	GAG	E	174
NC_045512.2	28795	A	C	45322	42148	40	1	1	25	2.20585e-05	45334	1	FALSE	N:cds-YP_009724397.2	GAA	E	GAC	D	174
NC_045512.2	28795	A	-G	45322	42148	40	1	0	20	2.20585e-05	45334	1	FALSE	NA	NA	NA	NA	NA	NA
NC_045512.2	28795	A	+G	45322	42148	40	1	0	20	2.20585e-05	45334	1	FALSE	NA	NA	NA	NA	NA	NA
NC_045512.2	28796	G	T	45331	42747	40	4	4	37	8.82165e-05	45343	1	FALSE	N:cds-YP_009724397.2	GGG	G	TGG	W	175
NC_045512.2	28796	G	C	45331	42747	40	3	3	37	6.61624e-05	45343	1	FALSE	N:cds-YP_009724397.2	GGG	G	CGG	R	175
NC_045512.2	28796	G	A	45331	42747	40	5	5	37	0.000110271	45343	1	FALSE	N:cds-YP_009724397.2	GGG	G	AGG	R	175
NC_045512.2	28797	G	T	40986	38431	40	1	1	25	2.43956e-05	40991	1	FALSE	N:cds-YP_009724397.2	GGG	G	GTG	V	175
NC_045512.2	28797	G	C	40986	38431	40	3	0	37	7.31868e-05	40991	1	FALSE	N:cds-YP_009724397.2	GGG	G	GCG	A	175
NC_045512.2	28797	G	A	40986	38431	40	1	1	37	2.43956e-05	40991	1	FALSE	N:cds-YP_009724397.2	GGG	G	GAG	E	175
NC_045512.2	28798	G	A	41017	38563	40	3	3	37	7.31351e-05	41020	1	FALSE	N:cds-YP_009724397.2	GGG	G	GGA	G	175
NC_045512.2	28799	A	G	40155	37705	40	8	8	37	0.000199183	40164	1	FALSE	N:cds-YP_009724397.2	AGC	S	GGC	G	176
NC_045512.2	28799	A	C	40155	37705	40	1	1	25	2.48979e-05	40164	1	FALSE	N:cds-YP_009724397.2	AGC	S	CGC	R	176
NC_045512.2	28800	G	T	40128	37688	40	4	4	34	9.96115e-05	40156	1	FALSE	N:cds-YP_009724397.2	AGC	S	ATC	I	176
NC_045512.2	28800	G	C	40128	37688	40	2	2	37	4.98058e-05	40156	1	FALSE	N:cds-YP_009724397.2	AGC	S	ACC	T	176
NC_045512.2	28800	G	A	40128	37688	40	22	21	38	0.000547863	40156	0.992442	FALSE	N:cds-YP_009724397.2	AGC	S	AAC	N	176
NC_045512.2	28801	C	T	39801	37374	40	54	52	39	0.00135478	39859	0.0729205	FALSE	N:cds-YP_009724397.2	AGC	S	AGT	S	176
NC_045512.2	28801	C	A	39801	37374	40	4	4	37	0.000100354	39859	1	FALSE	N:cds-YP_009724397.2	AGC	S	AGA	R	176
NC_045512.2	28802	A	G	34866	32503	40	5	5	44	0.00014334	34882	0.363117	FALSE	N:cds-YP_009724397.2	AGA	R	GGA	G	177
NC_045512.2	28802	A	C	34866	32503	40	11	0	37	0.000315349	34882	0.999877	FALSE	N:cds-YP_009724397.2	AGA	R	CGA	R	177
NC_045512.2	28803	G	C	34914	32603	40	1	1	37	2.86377e-05	34919	1	FALSE	N:cds-YP_009724397.2	AGA	R	ACA	T	177
NC_045512.2	28803	G	A	34914	32603	40	4	4	34	0.000114551	34919	1	FALSE	N:cds-YP_009724397.2	AGA	R	AAA	K	177
NC_045512.2	28804	A	T	33842	31665	40	8	8	33	0.000236295	33856	0.999987	FALSE	N:cds-YP_009724397.2	AGA	R	AGT	S	177
NC_045512.2	28804	A	G	33842	31665	40	6	6	35	0.000177221	33856	0.999999	FALSE	N:cds-YP_009724397.2	AGA	R	AGG	R	177
NC_045512.2	28805	G	T	33850	31687	40	3	3	37	8.86106e-05	33856	1	FALSE	N:cds-YP_009724397.2	GGC	G	TGC	C	178
NC_045512.2	28805	G	A	33850	31687	40	3	2	49	8.86106e-05	33856	0.656229	FALSE	N:cds-YP_009724397.2	GGC	G	AGC	S	178
NC_045512.2	28806	G	T	33583	31429	40	1	0	74	2.97725e-05	33588	0.499978	FALSE	N:cds-YP_009724397.2	GGC	G	GTC	V	178
NC_045512.2	28806	G	A	33583	31429	40	4	4	37	0.00011909	33588	1	FALSE	N:cds-YP_009724397.2	GGC	G	GAC	D	178
NC_045512.2	28807	C	T	30372	28215	40	10	10	35	0.000329131	30383	0.999662	FALSE	N:cds-YP_009724397.2	GGC	G	GGT	G	178
NC_045512.2	28807	C	A	30372	28215	40	1	0	74	3.29131e-05	30383	0.499926	FALSE	N:cds-YP_009724397.2	GGC	G	GGA	G	178
NC_045512.2	28808	G	T	30414	28298	40	11	2	37	0.00036145	30433	0.999276	FALSE	N:cds-YP_009724397.2	GGC	G	TGC	C	179
NC_045512.2	28808	G	C	30414	28298	40	1	1	37	3.28591e-05	30433	1	FALSE	N:cds-YP_009724397.2	GGC	G	CGC	R	179
NC_045512.2	28808	G	A	30414	28298	40	7	6	42	0.000230013	30433	0.171707	FALSE	N:cds-YP_009724397.2	GGC	G	AGC	S	179
NC_045512.2	28809	G	T	30251	28370	40	2	2	37	6.59979e-05	30304	1	FALSE	N:cds-YP_009724397.2	GGC	G	GTC	V	179
NC_045512.2	28809	G	C	30251	28370	40	1	1	37	3.29989e-05	30304	1	FALSE	N:cds-YP_009724397.2	GGC	G	GCC	A	179
NC_045512.2	28809	G	A	30251	28370	40	50	49	39	0.00164995	30304	0.0164267	FALSE	N:cds-YP_009724397.2	GGC	G	GAC	D	179
NC_045512.2	28809	G	-C	30251	28370	40	1	0	20	3.29989e-05	30304	1	FALSE	NA	NA	NA	NA	NA	NA
NC_045512.2	28810	C	T	30223	28341	40	38	37	37	0.0012557	30262	0.197891	FALSE	N:cds-YP_009724397.2	GGC	G	GGT	G	179
NC_045512.2	28810	C	A	30223	28341	40	1	1	37	3.30447e-05	30262	1	FALSE	N:cds-YP_009724397.2	GGC	G	GGA	G	179
NC_045512.2	28811	A	G	30213	28332	40	1	1	37	3.30972e-05	30214	1	FALSE	N:cds-YP_009724397.2	AGT	S	GGT	G	180
NC_045512.2	28812	G	A	30277	28400	40	14	13	38	0.000462183	30291	0.995234	FALSE	N:cds-YP_009724397.2	AGT	S	AAT	N	180
NC_045512.2	28813	T	C	30097	28298	40	6	6	37	0.000199309	30104	0.999994	FALSE	N:cds-YP_009724397.2	AGT	S	AGC	S	180
NC_045512.2	28813	T	A	30097	28298	40	1	1	22	3.32182e-05	30104	1	FALSE	N:cds-YP_009724397.2	AGT	S	AGA	R	180
NC_045512.2	28814	C	T	29894	28089	40	4	3	55	0.000133775	29901	0.0624854	FALSE	N:cds-YP_009724397.2	CAA	Q	TAA	*	181
NC_045512.2	28814	C	A	29894	28089	40	3	3	37	0.000100331	29901	1	FALSE	N:cds-YP_009724397.2	CAA	Q	AAA	K	181
NC_045512.2	28815	A	T	29812	28018	40	1	1	25	3.3539e-05	29816	1	FALSE	N:cds-YP_009724397.2	CAA	Q	CTA	L	181
NC_045512.2	28815	A	G	29812	28018	40	3	3	37	0.000100617	29816	1	FALSE	N:cds-YP_009724397.2	CAA	Q	CGA	R	181
NC_045512.2	28816	A	T	29724	27963	40	1	1	37	3.36315e-05	29734	1	FALSE	N:cds-YP_009724397.2	CAA	Q	CAT	H	181
NC_045512.2	28816	A	G	29724	27963	40	8	6	41	0.000269052	29734	0.0546668	FALSE	N:cds-YP_009724397.2	CAA	Q	CAG	Q	181
NC_045512.2	28816	A	C	29724	27963	40	1	1	37	3.36315e-05	29734	1	FALSE	N:cds-YP_009724397.2	CAA	Q	CAC	H	181
NC_045512.2	28817	G	T	29783	28153	39	2	2	31	6.71006e-05	29806	1	FALSE	N:cds-YP_009724397.2	GCC	A	TCC	S	182
NC_045512.2	28817	G	A	29783	28153	39	21	19	44	0.000704556	29806	3.29149e-05	TRUE	N:cds-YP_009724397.2	GCC	A	ACC	T	182
NC_045512.2	28818	C	T	29571	28280	39	10	9	40	0.000337998	29586	0.0192667	FALSE	N:cds-YP_009724397.2	GCC	A	GTC	V	182
NC_045512.2	28818	C	A	29571	28280	39	5	5	37	0.000168999	29586	0.999997	FALSE	N:cds-YP_009724397.2	GCC	A	GAC	D	182
NC_045512.2	28818	C	+CT	29571	28280	39	1	0	20	3.37998e-05	29586	1	FALSE	NA	NA	NA	NA	NA	NA
NC_045512.2	28819	C	T	29482	28197	39	2	2	37	6.7815e-05	29492	1	FALSE	N:cds-YP_009724397.2	GCC	A	GCT	A	182
NC_045512.2	28819	C	G	29482	28197	39	1	1	37	3.39075e-05	29492	1	FALSE	N:cds-YP_009724397.2	GCC	A	GCG	A	182
NC_045512.2	28819	C	A	29482	28197	39	7	7	40	0.000237353	29492	0.0898104	FALSE	N:cds-YP_009724397.2	GCC	A	GCA	A	182
NC_045512.2	28820	T	C	26795	25549	38	7	7	37	0.000261145	26805	0.999838	FALSE	N:cds-YP_009724397.2	TCT	S	CCT	P	183
NC_045512.2	28820	T	A	26795	25549	38	3	3	33	0.000111919	26805	0.999999	FALSE	N:cds-YP_009724397.2	TCT	S	ACT	T	183
NC_045512.2	28821	C	A	25757	24528	38	1	1	37	3.88229e-05	25758	1	FALSE	N:cds-YP_009724397.2	TCT	S	TAT	Y	183
NC_045512.2	28822	T	G	25672	24466	39	1	1	37	3.89454e-05	25677	1	FALSE	N:cds-YP_009724397.2	TCT	S	TCG	S	183
NC_045512.2	28822	T	C	25672	24466	39	2	1	31	7.78907e-05	25677	1	FALSE	N:cds-YP_009724397.2	TCT	S	TCC	S	183
NC_045512.2	28822	T	A	25672	24466	39	2	2	37	7.78907e-05	25677	1	FALSE	N:cds-YP_009724397.2	TCT	S	TCA	S	183
NC_045512.2	28822	T	+G	25672	24466	39	7	0	20	0.000272618	25677	1	FALSE	NA	NA	NA	NA	NA	NA
NC_045512.2	28823	T	G	25810	24665	38	3	0	37	0.000116216	25814	0.999998	FALSE	N:cds-YP_009724397.2	TCT	S	GCT	A	184
NC_045512.2	28823	T	C	25810	24665	38	1	0	62	3.87387e-05	25814	0.499981	FALSE	N:cds-YP_009724397.2	TCT	S	CCT	P	184
NC_045512.2	28824	C	T	25697	24551	39	2	2	37	7.7821e-05	25700	1	FALSE	N:cds-YP_009724397.2	TCT	S	TTT	F	184
NC_045512.2	28824	C	A	25697	24551	39	1	1	37	3.89105e-05	25700	1	FALSE	N:cds-YP_009724397.2	TCT	S	TAT	Y	184
NC_045512.2	28825	T	G	24371	23493	38	1	1	37	4.10307e-05	24372	1	FALSE	N:cds-YP_009724397.2	TCT	S	TCG	S	184
NC_045512.2	28826	C	T	23880	23001	38	5	5	44	0.000209301	23889	0.226494	FALSE	N:cds-YP_009724397.2	CGT	R	TGT	C	185
NC_045512.2	28826	C	A	23880	23001	38	4	4	37	0.000167441	23889	0.999975	FALSE	N:cds-YP_009724397.2	CGT	R	AGT	S	185
NC_045512.2	28827	G	T	23597	22753	38	2	1	37	8.4717e-05	23608	0.999999	FALSE	N:cds-YP_009724397.2	CGT	R	CTT	L	185
NC_045512.2	28827	G	C	23597	22753	38	1	0	37	4.23585e-05	23608	1	FALSE	N:cds-YP_009724397.2	CGT	R	CCT	P	185
NC_045512.2	28827	G	A	23597	22753	38	8	8	37	0.000338868	23608	0.99834	FALSE	N:cds-YP_009724397.2	CGT	R	CAT	H	185
NC_045512.2	28828	T	G	22143	21381	36	1	1	25	4.51508e-05	22148	1	FALSE	N:cds-YP_009724397.2	CGT	R	CGG	R	185
NC_045512.2	28828	T	C	22143	21381	36	4	4	37	0.000180603	22148	0.999956	FALSE	N:cds-YP_009724397.2	CGT	R	CGC	R	185
NC_045512.2	28829	T	C	23158	22401	38	1	1	37	4.31798e-05	23159	1	FALSE	N:cds-YP_009724397.2	TCC	S	CCC	P	186
NC_045512.2	28830	C	A	22548	21809	38	1	1	37	4.43479e-05	22549	1	FALSE	N:cds-YP_009724397.2	TCC	S	TAC	Y	186
NC_045512.2	28831	C	T	22136	21412	38	3	3	37	0.000135459	22147	0.99999	FALSE	N:cds-YP_009724397.2	TCC	S	TCT	S	186
NC_045512.2	28831	C	A	22136	21412	38	8	8	37	0.000361223	22147	0.997394	FALSE	N:cds-YP_009724397.2	TCC	S	TCA	S	186
NC_045512.2	28832	T	C	20952	20259	38	6	4	35	0.000286232	20962	0.998755	FALSE	N:cds-YP_009724397.2	TCA	S	CCA	P	187
NC_045512.2	28832	T	A	20952	20259	38	4	4	46	0.000190821	20962	0.343627	FALSE	N:cds-YP_009724397.2	TCA	S	ACA	T	187
NC_045512.2	28833	C	G	20928	20289	38	1	0	37	4.77806e-05	20929	1	FALSE	N:cds-YP_009724397.2	TCA	S	TGA	*	187
NC_045512.2	28834	A	T	20714	20047	37	1	1	37	4.82695e-05	20717	1	FALSE	N:cds-YP_009724397.2	TCA	S	TCT	S	187
NC_045512.2	28834	A	C	20714	20047	37	2	1	31	9.65391e-05	20717	0.999995	FALSE	N:cds-YP_009724397.2	TCA	S	TCC	S	187
NC_045512.2	28835	T	C	20824	20197	37	4	4	37	0.000192049	20828	0.999862	FALSE	N:cds-YP_009724397.2	TCA	S	CCA	P	188
NC_045512.2	28836	C	T	20766	20154	38	2	2	31	9.6302e-05	20768	0.999995	FALSE	N:cds-YP_009724397.2	TCA	S	TTA	L	188
NC_045512.2	28837	A	T	20146	19555	37	1	0	37	4.96253e-05	20151	1	FALSE	N:cds-YP_009724397.2	TCA	S	TCT	S	188
NC_045512.2	28837	A	G	20146	19555	37	2	2	37	9.92507e-05	20151	0.999995	FALSE	N:cds-YP_009724397.2	TCA	S	TCG	S	188
NC_045512.2	28837	A	C	20146	19555	37	2	0	37	9.92507e-05	20151	0.999995	FALSE	N:cds-YP_009724397.2	TCA	S	TCC	S	188
NC_045512.2	28838	C	T	20307	19783	37	11	11	35	0.000541392	20318	0.964686	FALSE	N:cds-YP_009724397.2	CGT	R	TGT	C	189
NC_045512.2	28839	G	C	18798	18278	37	1	1	37	5.31717e-05	18807	0.999998	FALSE	N:cds-YP_009724397.2	CGT	R	CCT	P	189
NC_045512.2	28839	G	A	18798	18278	37	8	8	37	0.000425374	18807	0.985548	FALSE	N:cds-YP_009724397.2	CGT	R	CAT	H	189
NC_045512.2	28840	T	C	18358	17862	37	4	4	37	0.000217841	18362	0.999574	FALSE	N:cds-YP_009724397.2	CGT	R	CGC	R	189
NC_045512.2	28841	A	T	17678	17175	37	2	2	31	0.000113097	17684	0.999962	FALSE	N:cds-YP_009724397.2	AGT	S	TGT	C	190
NC_045512.2	28841	A	G	17678	17175	37	4	4	37	0.000226193	17684	0.999257	FALSE	N:cds-YP_009724397.2	AGT	S	GGT	G	190
NC_045512.2	28842	G	T	17504	17007	37	1	1	37	5.71233e-05	17506	0.999996	FALSE	N:cds-YP_009724397.2	AGT	S	ATT	I	190
NC_045512.2	28842	G	C	17504	17007	37	1	1	37	5.71233e-05	17506	0.999996	FALSE	N:cds-YP_009724397.2	AGT	S	ACT	T	190
NC_045512.2	28843	T	C	17458	16961	37	1	1	37	5.7277e-05	17459	0.999996	FALSE	N:cds-YP_009724397.2	AGT	S	AGC	S	190
NC_045512.2	28845	G	A	16969	16484	37	27	25	39	0.00158861	16996	0.0630489	FALSE	N:cds-YP_009724397.2	CGC	R	CAC	H	191
NC_045512.2	28881	G	A	0	0	0	74	5	38	1	74	8.56081e-44	TRUE	N:cds-YP_009724397.2	AGG	R	AAG	K	203
NC_045512.2	28882	G	A	0	0	0	76	5	38	1	76	5.42209e-45	TRUE	N:cds-YP_009724397.2	AGG	R	AGA	R	203
NC_045512.2	28883	G	C	0	0	0	76	5	39	1	76	5.42209e-45	TRUE	N:cds-YP_009724397.2	GGA	G	CGA	R	204
NC_045512.2	28888	T	C	94	8	40	1	1	74	0.0105263	95	0.502646	FALSE	N:cds-YP_009724397.2	ACT	T	ACC	T	205
NC_045512.2	28917	G	A	103	16	44	1	0	37	0.00961538	104	0.502415	FALSE	N:cds-YP_009724397.2	GGT	G	GAT	D	215
NC_045512.2	28924	T	C	89	18	41	1	0	37	0.0111111	90	0.502793	FALSE	N:cds-YP_009724397.2	GCT	A	GCC	A	217
NC_045512.2	28929	T	C	86	19	42	1	0	37	0.0114943	87	0.50289	FALSE	N:cds-YP_009724397.2	CTT	L	CCT	P	219
NC_045512.2	28949	A	+G	84	34	40	1	0	20	0.0119048	84	0.505952	FALSE	NA	NA	NA	NA	NA	NA
NC_045512.2	29002	C	T	85	47	41	1	1	37	0.0116279	86	0.502924	FALSE	N:cds-YP_009724397.2	GGC	G	GGT	G	243
NC_045512.2	29072	G	A	102	76	39	1	0	37	0.00970874	103	0.502439	FALSE	N:cds-YP_009724397.2	GCA	A	ACA	T	267
NC_045512.2	29097	G	A	74	48	40	1	1	37	0.0133333	75	0.503356	FALSE	N:cds-YP_009724397.2	GGC	G	GAC	D	275
NC_045512.2	29188	A	G	9987	1503	36	3	1	37	0.0003003	9990	0.980749	FALSE	N:cds-YP_009724397.2	GCA	A	GCG	A	305
NC_045512.2	29189	C	T	12434	1534	37	4	0	37	0.000321569	12439	0.989385	FALSE	N:cds-YP_009724397.2	CAA	Q	TAA	*	306
NC_045512.2	29189	C	A	12434	1534	37	1	0	37	8.03923e-05	12439	0.999878	FALSE	N:cds-YP_009724397.2	CAA	Q	AAA	K	306
NC_045512.2	29190	A	G	12662	1530	36	1	0	37	7.89702e-05	12663	0.999878	FALSE	N:cds-YP_009724397.2	CAA	Q	CGA	R	306
NC_045512.2	29191	A	G	14810	1481	36	5	2	37	0.000337473	14816	0.990413	FALSE	N:cds-YP_009724397.2	CAA	Q	CAG	Q	306
NC_045512.2	29191	A	C	14810	1481	36	1	0	37	6.74946e-05	14816	0.99997	FALSE	N:cds-YP_009724397.2	CAA	Q	CAC	H	306
NC_045512.2	29191	A	-T	14810	1481	36	1	0	20	6.74946e-05	14816	1	FALSE	NA	NA	NA	NA	NA	NA
NC_045512.2	29192	T	C	14945	1554	36	1	0	37	6.69075e-05	14946	0.99997	FALSE	N:cds-YP_009724397.2	TTT	F	CTT	L	307
NC_045512.2	29193	T	G	14968	1523	36	1	0	25	6.67824e-05	14974	1	FALSE	N:cds-YP_009724397.2	TTT	F	TGT	C	307
NC_045512.2	29193	T	C	14968	1523	36	4	0	37	0.00026713	14974	0.996238	FALSE	N:cds-YP_009724397.2	TTT	F	TCT	S	307
NC_045512.2	29193	T	A	14968	1523	36	1	0	25	6.67824e-05	14974	1	FALSE	N:cds-YP_009724397.2	TTT	F	TAT	Y	307
NC_045512.2	29194	T	C	15066	1575	36	2	0	37	0.000132714	15070	0.999863	FALSE	N:cds-YP_009724397.2	TTT	F	TTC	F	307
NC_045512.2	29194	T	A	15066	1575	36	2	0	25	0.000132714	15070	1	FALSE	N:cds-YP_009724397.2	TTT	F	TTA	L	307
NC_045512.2	29195	G	T	15650	1584	37	2	0	37	0.000127584	15676	0.999862	FALSE	N:cds-YP_009724397.2	GCC	A	TCC	S	308
NC_045512.2	29195	G	C	15650	1584	37	1	0	37	6.37918e-05	15676	0.999985	FALSE	N:cds-YP_009724397.2	GCC	A	CCC	P	308
NC_045512.2	29195	G	A	15650	1584	37	23	4	37	0.00146721	15676	0.12771	FALSE	N:cds-YP_009724397.2	GCC	A	ACC	T	308
NC_045512.2	29195	G	-C	15650	1584	37	12	0	20	0.000765501	15676	1	FALSE	NA	NA	NA	NA	NA	NA
NC_045512.2	29196	C	T	15914	1582	37	19	1	37	0.00119242	15934	0.302927	FALSE	N:cds-YP_009724397.2	GCC	A	GTC	V	308
NC_045512.2	29196	C	A	15914	1582	37	1	0	37	6.27589e-05	15934	0.999985	FALSE	N:cds-YP_009724397.2	GCC	A	GAC	D	308
NC_045512.2	29197	C	A	16562	1582	37	1	0	37	6.03755e-05	16563	0.999992	FALSE	N:cds-YP_009724397.2	GCC	A	GCA	A	308
NC_045512.2	29198	C	T	16598	1641	37	1	0	37	6.0241e-05	16600	0.999992	FALSE	N:cds-YP_009724397.2	CCC	P	TCC	S	309
NC_045512.2	29198	C	A	16598	1641	37	1	0	37	6.0241e-05	16600	0.999992	FALSE	N:cds-YP_009724397.2	CCC	P	ACC	T	309
NC_045512.2	29199	C	A	16631	1641	37	3	1	37	0.000180353	16634	0.999637	FALSE	N:cds-YP_009724397.2	CCC	P	CAC	H	309
NC_045512.2	29200	C	T	17329	1621	37	3	0	37	0.00017306	17335	0.999799	FALSE	N:cds-YP_009724397.2	CCC	P	CCT	P	309
NC_045512.2	29200	C	A	17329	1621	37	3	0	37	0.00017306	17335	0.999799	FALSE	N:cds-YP_009724397.2	CCC	P	CCA	P	309
NC_045512.2	29201	A	G	17246	1588	37	4	1	37	0.000231857	17252	0.999257	FALSE	N:cds-YP_009724397.2	AGC	S	GGC	G	310
NC_045512.2	29201	A	C	17246	1588	37	2	0	37	0.000115929	17252	0.999962	FALSE	N:cds-YP_009724397.2	AGC	S	CGC	R	310
NC_045512.2	29203	C	T	19486	1654	37	27	1	37	0.00138327	19519	0.150651	FALSE	N:cds-YP_009724397.2	AGC	S	AGT	S	310
NC_045512.2	29203	C	A	19486	1654	37	6	6	37	0.000307393	19519	0.997946	FALSE	N:cds-YP_009724397.2	AGC	S	AGA	R	310
NC_045512.2	29204	G	T	20167	1686	37	1	0	37	4.95319e-05	20189	1	FALSE	N:cds-YP_009724397.2	GCT	A	TCT	S	311
NC_045512.2	29204	G	A	20167	1686	37	21	6	37	0.00104017	20189	0.5	FALSE	N:cds-YP_009724397.2	GCT	A	ACT	T	311
NC_045512.2	29205	C	T	22819	1672	37	1	0	37	4.38212e-05	22820	1	FALSE	N:cds-YP_009724397.2	GCT	A	GTT	V	311
NC_045512.2	29206	T	C	22472	1577	36	5	1	37	0.00022245	22477	0.999845	FALSE	N:cds-YP_009724397.2	GCT	A	GCC	A	311
NC_045512.2	29207	T	C	23404	1669	37	4	1	37	0.000170867	23410	0.999975	FALSE	N:cds-YP_009724397.2	TCA	S	CCA	P	312
NC_045512.2	29207	T	A	23404	1669	37	2	0	37	8.54336e-05	23410	0.999999	FALSE	N:cds-YP_009724397.2	TCA	S	ACA	T	312
NC_045512.2	29207	T	-C	23404	1669	37	1	0	20	4.27168e-05	23410	1	FALSE	NA	NA	NA	NA	NA	NA
NC_045512.2	29208	C	T	23546	1806	37	4	1	37	0.00016983	23553	0.999975	FALSE	N:cds-YP_009724397.2	TCA	S	TTA	L	312
NC_045512.2	29208	C	A	23546	1806	37	3	1	37	0.000127372	23553	0.999995	FALSE	N:cds-YP_009724397.2	TCA	S	TAA	*	312
NC_045512.2	29209	A	T	23446	1815	37	1	0	25	4.26294e-05	23458	1	FALSE	N:cds-YP_009724397.2	TCA	S	TCT	S	312
NC_045512.2	29209	A	G	23446	1815	37	11	3	34	0.000468923	23458	0.987872	FALSE	N:cds-YP_009724397.2	TCA	S	TCG	S	312
NC_045512.2	29210	G	T	24272	1834	37	1	0	37	4.1132e-05	24312	1	FALSE	N:cds-YP_009724397.2	GCG	A	TCG	S	313
NC_045512.2	29210	G	A	24272	1834	37	39	0	37	0.00160415	24312	0.0383676	FALSE	N:cds-YP_009724397.2	GCG	A	ACG	T	313
NC_045512.2	29210	G	-C	24272	1834	37	1	0	20	4.1132e-05	24312	1	FALSE	NA	NA	NA	NA	NA	NA
NC_045512.2	29211	C	T	24360	1822	37	31	1	36	0.00127086	24393	0.209158	FALSE	N:cds-YP_009724397.2	GCG	A	GTG	V	313
NC_045512.2	29211	C	A	24360	1822	37	2	0	29	8.19907e-05	24393	1	FALSE	N:cds-YP_009724397.2	GCG	A	GAG	E	313
NC_045512.2	29212	G	T	24724	1830	37	1	0	37	4.04367e-05	24730	1	FALSE	N:cds-YP_009724397.2	GCG	A	GCT	A	313
NC_045512.2	29212	G	A	24724	1830	37	5	0	37	0.000202184	24730	0.999948	FALSE	N:cds-YP_009724397.2	GCG	A	GCA	A	313
NC_045512.2	29213	T	C	24130	1807	36	3	0	49	0.000124311	24133	0.500019	FALSE	N:cds-YP_009724397.2	TTC	F	CTC	L	314
NC_045512.2	29214	T	C	24716	1834	37	3	1	37	0.000121359	24720	0.999997	FALSE	N:cds-YP_009724397.2	TTC	F	TCC	S	314
NC_045512.2	29214	T	A	24716	1834	37	1	0	37	4.04531e-05	24720	1	FALSE	N:cds-YP_009724397.2	TTC	F	TAC	Y	314
NC_045512.2	29215	C	T	27504	1834	37	3	1	37	0.000109063	27507	1	FALSE	N:cds-YP_009724397.2	TTC	F	TTT	F	314
NC_045512.2	29216	T	C	27198	1859	37	8	1	35	0.000294042	27207	0.999747	FALSE	N:cds-YP_009724397.2	TTC	F	CTC	L	315
NC_045512.2	29216	T	A	27198	1859	37	1	0	37	3.67552e-05	27207	1	FALSE	N:cds-YP_009724397.2	TTC	F	ATC	I	315
NC_045512.2	29217	T	C	28244	1871	37	1	0	25	3.54032e-05	28246	1	FALSE	N:cds-YP_009724397.2	TTC	F	TCC	S	315
NC_045512.2	29217	T	A	28244	1871	37	1	0	37	3.54032e-05	28246	1	FALSE	N:cds-YP_009724397.2	TTC	F	TAC	Y	315
NC_045512.2	29218	C	T	28386	1868	37	4	0	37	0.00014089	28391	0.999999	FALSE	N:cds-YP_009724397.2	TTC	F	TTT	F	315
NC_045512.2	29218	C	A	28386	1868	37	1	0	37	3.52224e-05	28391	1	FALSE	N:cds-YP_009724397.2	TTC	F	TTA	L	315
NC_045512.2	29219	G	T	28352	1863	37	1	0	37	3.52584e-05	28362	1	FALSE	N:cds-YP_009724397.2	GGA	G	TGA	*	316
NC_045512.2	29219	G	A	28352	1863	37	9	1	37	0.000317326	28362	0.999625	FALSE	N:cds-YP_009724397.2	GGA	G	AGA	R	316
NC_045512.2	29220	G	T	28909	1869	37	2	0	31	6.91635e-05	28917	1	FALSE	N:cds-YP_009724397.2	GGA	G	GTA	V	316
NC_045512.2	29220	G	A	28909	1869	37	6	1	37	0.00020749	28917	0.999981	FALSE	N:cds-YP_009724397.2	GGA	G	GAA	E	316
NC_045512.2	29221	A	T	28956	1866	37	4	0	37	0.000138112	28962	0.999999	FALSE	N:cds-YP_009724397.2	GGA	G	GGT	G	316
NC_045512.2	29221	A	G	28956	1866	37	2	0	37	6.9056e-05	28962	1	FALSE	N:cds-YP_009724397.2	GGA	G	GGG	G	316
NC_045512.2	29222	A	G	28032	1838	36	2	0	37	7.13369e-05	28036	1	FALSE	N:cds-YP_009724397.2	ATG	M	GTG	V	317
NC_045512.2	29222	A	C	28032	1838	36	2	0	31	7.13369e-05	28036	1	FALSE	N:cds-YP_009724397.2	ATG	M	CTG	L	317
NC_045512.2	29223	T	G	29378	2187	38	7	7	37	0.000238192	29388	0.999965	FALSE	N:cds-YP_009724397.2	ATG	M	AGG	R	317
NC_045512.2	29223	T	C	29378	2187	38	3	1	49	0.000102082	29388	0.499904	FALSE	N:cds-YP_009724397.2	ATG	M	ACG	T	317
NC_045512.2	29224	G	T	30085	2232	38	1	0	37	3.32347e-05	30089	1	FALSE	N:cds-YP_009724397.2	ATG	M	ATT	I	317
NC_045512.2	29224	G	C	30085	2232	38	1	0	25	3.32347e-05	30089	1	FALSE	N:cds-YP_009724397.2	ATG	M	ATC	I	317
NC_045512.2	29224	G	A	30085	2232	38	2	0	37	6.64695e-05	30089	1	FALSE	N:cds-YP_009724397.2	ATG	M	ATA	I	317
NC_045512.2	29225	T	C	29974	2244	38	13	1	36	0.000433521	29987	0.996054	FALSE	N:cds-YP_009724397.2	TCG	S	CCG	P	318
NC_045512.2	29226	C	T	30212	2239	38	9	0	35	0.000297747	30227	0.999853	FALSE	N:cds-YP_009724397.2	TCG	S	TTG	L	318
NC_045512.2	29226	C	A	30212	2239	38	6	0	43	0.000198498	30227	0.25376	FALSE	N:cds-YP_009724397.2	TCG	S	TAG	*	318
NC_045512.2	29227	G	A	30234	2250	38	13	0	37	0.000429795	30247	0.997308	FALSE	N:cds-YP_009724397.2	TCG	S	TCA	S	318
NC_045512.2	29228	C	T	30356	2259	38	7	0	35	0.000230544	30363	0.999979	FALSE	N:cds-YP_009724397.2	CGC	R	TGC	C	319
NC_045512.2	29229	G	T	30357	2260	38	3	0	33	9.8694e-05	30397	1	FALSE	N:cds-YP_009724397.2	CGC	R	CTC	L	319
NC_045512.2	29229	G	C	30357	2260	38	1	0	37	3.2898e-05	30397	1	FALSE	N:cds-YP_009724397.2	CGC	R	CCC	P	319
NC_045512.2	29229	G	A	30357	2260	38	36	1	38	0.00118433	30397	0.269048	FALSE	N:cds-YP_009724397.2	CGC	R	CAC	H	319
NC_045512.2	29230	C	T	30635	2297	38	12	2	40	0.00039153	30649	0.0175645	FALSE	N:cds-YP_009724397.2	CGC	R	CGT	R	319
NC_045512.2	29230	C	A	30635	2297	38	2	0	37	6.5255e-05	30649	1	FALSE	N:cds-YP_009724397.2	CGC	R	CGA	R	319
NC_045512.2	29231	A	G	30558	2294	38	1	0	37	3.27236e-05	30559	1	FALSE	N:cds-YP_009724397.2	ATT	I	GTT	V	320
NC_045512.2	29232	T	C	30260	2331	38	1	0	37	3.30447e-05	30262	1	FALSE	N:cds-YP_009724397.2	ATT	I	ACT	T	320
NC_045512.2	29232	T	A	30260	2331	38	1	0	37	3.30447e-05	30262	1	FALSE	N:cds-YP_009724397.2	ATT	I	AAT	N	320
NC_045512.2	29233	T	G	30655	2321	38	2	2	37	6.52358e-05	30658	1	FALSE	N:cds-YP_009724397.2	ATT	I	ATG	M	320
NC_045512.2	29233	T	C	30655	2321	38	1	0	37	3.26179e-05	30658	1	FALSE	N:cds-YP_009724397.2	ATT	I	ATC	I	320
NC_045512.2	29234	G	T	32329	2342	38	8	0	35	0.000247387	32338	0.999979	FALSE	N:cds-YP_009724397.2	GGC	G	TGC	C	321
NC_045512.2	29234	G	A	32329	2342	38	1	0	37	3.09234e-05	32338	1	FALSE	N:cds-YP_009724397.2	GGC	G	AGC	S	321
NC_045512.2	29235	G	A	33514	2348	38	38	2	38	0.00113257	33552	0.317609	FALSE	N:cds-YP_009724397.2	GGC	G	GAC	D	321
NC_045512.2	29236	C	T	33735	2346	38	13	0	38	0.000385197	33749	0.999182	FALSE	N:cds-YP_009724397.2	GGC	G	GGT	G	321
NC_045512.2	29236	C	G	33735	2346	38	1	0	25	2.96305e-05	33749	1	FALSE	N:cds-YP_009724397.2	GGC	G	GGG	G	321
NC_045512.2	29237	A	T	33635	2355	38	2	0	37	5.94566e-05	33638	1	FALSE	N:cds-YP_009724397.2	ATG	M	TTG	L	322
NC_045512.2	29237	A	G	33635	2355	38	1	0	37	2.97283e-05	33638	1	FALSE	N:cds-YP_009724397.2	ATG	M	GTG	V	322
NC_045512.2	29238	T	G	33591	2365	38	2	1	31	5.95274e-05	33598	1	FALSE	N:cds-YP_009724397.2	ATG	M	AGG	R	322
NC_045512.2	29238	T	C	33591	2365	38	4	1	37	0.000119055	33598	1	FALSE	N:cds-YP_009724397.2	ATG	M	ACG	T	322
NC_045512.2	29238	T	A	33591	2365	38	1	0	37	2.97637e-05	33598	1	FALSE	N:cds-YP_009724397.2	ATG	M	AAG	K	322
NC_045512.2	29238	T	-G	33591	2365	38	1	0	20	2.97637e-05	33598	1	FALSE	NA	NA	NA	NA	NA	NA
NC_045512.2	29239	G	A	33865	2389	38	2	0	37	5.90545e-05	33867	1	FALSE	N:cds-YP_009724397.2	ATG	M	ATA	I	322
NC_045512.2	29240	G	T	34436	2898	39	1	0	37	2.90352e-05	34441	1	FALSE	N:cds-YP_009724397.2	GAA	E	TAA	*	323
NC_045512.2	29240	G	A	34436	2898	39	4	0	37	0.000116141	34441	1	FALSE	N:cds-YP_009724397.2	GAA	E	AAA	K	323
NC_045512.2	29241	A	T	35275	2889	39	3	0	33	8.50123e-05	35289	1	FALSE	N:cds-YP_009724397.2	GAA	E	GTA	V	323
NC_045512.2	29241	A	G	35275	2889	39	11	6	39	0.000311712	35289	0.999922	FALSE	N:cds-YP_009724397.2	GAA	E	GGA	G	323
NC_045512.2	29242	A	T	35162	2937	36	3	0	37	8.52951e-05	35172	1	FALSE	N:cds-YP_009724397.2	GAA	E	GAT	D	323
NC_045512.2	29242	A	G	35162	2937	36	6	0	35	0.00017059	35172	1	FALSE	N:cds-YP_009724397.2	GAA	E	GAG	E	323
NC_045512.2	29242	A	C	35162	2937	36	1	0	25	2.84317e-05	35172	1	FALSE	N:cds-YP_009724397.2	GAA	E	GAC	D	323
NC_045512.2	29243	G	T	38381	2965	39	2	0	31	5.2105e-05	38384	1	FALSE	N:cds-YP_009724397.2	GTC	V	TTC	F	324
NC_045512.2	29243	G	A	38381	2965	39	1	0	37	2.60525e-05	38384	1	FALSE	N:cds-YP_009724397.2	GTC	V	ATC	I	324
NC_045512.2	29244	T	C	38329	2973	39	6	2	38	0.000156507	38337	1	FALSE	N:cds-YP_009724397.2	GTC	V	GCC	A	324
NC_045512.2	29244	T	A	38329	2973	39	2	0	37	5.21689e-05	38337	1	FALSE	N:cds-YP_009724397.2	GTC	V	GAC	D	324
NC_045512.2	29245	C	T	38514	3007	39	4	0	37	0.000103842	38520	1	FALSE	N:cds-YP_009724397.2	GTC	V	GTT	V	324
NC_045512.2	29245	C	A	38514	3007	39	2	0	37	5.19211e-05	38520	1	FALSE	N:cds-YP_009724397.2	GTC	V	GTA	V	324
NC_045512.2	29246	A	G	38240	3433	39	8	2	35	0.000209161	38248	0.999999	FALSE	N:cds-YP_009724397.2	ACA	T	GCA	A	325
NC_045512.2	29247	C	T	38723	3550	40	14	0	42	0.000361384	38740	0.00635635	TRUE	N:cds-YP_009724397.2	ACA	T	ATA	I	325
NC_045512.2	29247	C	G	38723	3550	40	2	2	37	5.16262e-05	38740	1	FALSE	N:cds-YP_009724397.2	ACA	T	AGA	R	325
NC_045512.2	29247	C	A	38723	3550	40	1	0	37	2.58131e-05	38740	1	FALSE	N:cds-YP_009724397.2	ACA	T	AAA	K	325
NC_045512.2	29248	A	G	38895	3629	40	6	2	43	0.000154234	38902	0.253894	FALSE	N:cds-YP_009724397.2	ACA	T	ACG	T	325
NC_045512.2	29248	A	C	38895	3629	40	1	0	74	2.57056e-05	38902	0.499968	FALSE	N:cds-YP_009724397.2	ACA	T	ACC	T	325
NC_045512.2	29249	C	T	41172	3820	40	4	0	37	9.71275e-05	41183	1	FALSE	N:cds-YP_009724397.2	CCT	P	TCT	S	326
NC_045512.2	29249	C	G	41172	3820	40	2	1	37	4.85637e-05	41183	1	FALSE	N:cds-YP_009724397.2	CCT	P	GCT	A	326
NC_045512.2	29249	C	A	41172	3820	40	5	1	44	0.000121409	41183	0.499925	FALSE	N:cds-YP_009724397.2	CCT	P	ACT	T	326
NC_045512.2	29250	C	T	41284	3833	40	2	0	55	4.84426e-05	41286	0.250003	FALSE	N:cds-YP_009724397.2	CCT	P	CTT	L	326
NC_045512.2	29250	C	-T	41284	3833	40	3	0	20	7.26639e-05	41286	1	FALSE	NA	NA	NA	NA	NA	NA
NC_045512.2	29251	T	G	40704	3815	39	3	0	33	7.36739e-05	40720	1	FALSE	N:cds-YP_009724397.2	CCT	P	CCG	P	326
NC_045512.2	29251	T	C	40704	3815	39	2	0	31	4.91159e-05	40720	1	FALSE	N:cds-YP_009724397.2	CCT	P	CCC	P	326
NC_045512.2	29251	T	A	40704	3815	39	11	1	41	0.000270138	40720	0.0591784	FALSE	N:cds-YP_009724397.2	CCT	P	CCA	P	326
NC_045512.2	29252	T	G	41434	3837	40	1	0	25	2.41295e-05	41443	1	FALSE	N:cds-YP_009724397.2	TCG	S	GCG	A	327
NC_045512.2	29252	T	C	41434	3837	40	5	3	59	0.000120648	41443	0.0312406	FALSE	N:cds-YP_009724397.2	TCG	S	CCG	P	327
NC_045512.2	29252	T	A	41434	3837	40	3	0	33	7.23886e-05	41443	1	FALSE	N:cds-YP_009724397.2	TCG	S	ACG	T	327
NC_045512.2	29253	C	T	41768	3975	40	6	0	35	0.000143623	41776	1	FALSE	N:cds-YP_009724397.2	TCG	S	TTG	L	327
NC_045512.2	29253	C	A	41768	3975	40	2	1	37	4.78744e-05	41776	1	FALSE	N:cds-YP_009724397.2	TCG	S	TAG	*	327
NC_045512.2	29253	C	-G	41768	3975	40	1	0	20	2.39372e-05	41776	1	FALSE	NA	NA	NA	NA	NA	NA
NC_045512.2	29254	G	T	41639	3990	40	5	1	34	0.000120057	41647	1	FALSE	N:cds-YP_009724397.2	TCG	S	TCT	S	327
NC_045512.2	29254	G	A	41639	3990	40	3	2	49	7.2034e-05	41647	0.773398	FALSE	N:cds-YP_009724397.2	TCG	S	TCA	S	327
NC_045512.2	29256	G	A	42153	4011	40	1	0	37	2.37225e-05	42154	1	FALSE	N:cds-YP_009724397.2	GGA	G	GAA	E	328
NC_045512.2	29256	G	-A	42153	4011	40	1	0	20	2.37225e-05	42154	1	FALSE	NA	NA	NA	NA	NA	NA
NC_045512.2	29257	A	G	42007	4018	40	6	2	34	0.000142813	42013	1	FALSE	N:cds-YP_009724397.2	GGA	G	GGG	G	328
NC_045512.2	29258	A	T	38713	4834	40	1	0	37	2.58218e-05	38727	1	FALSE	N:cds-YP_009724397.2	ACG	T	TCG	S	329
NC_045512.2	29258	A	G	38713	4834	40	4	2	32	0.000103287	38727	1	FALSE	N:cds-YP_009724397.2	ACG	T	GCG	A	329
NC_045512.2	29258	A	C	38713	4834	40	9	0	27	0.000232396	38727	1	FALSE	N:cds-YP_009724397.2	ACG	T	CCG	P	329
NC_045512.2	29259	C	T	42339	4912	42	16	2	40	0.000377626	42370	0.00589197	TRUE	N:cds-YP_009724397.2	ACG	T	ATG	M	329
NC_045512.2	29259	C	A	42339	4912	42	15	9	37	0.000354024	42370	0.999923	FALSE	N:cds-YP_009724397.2	ACG	T	AAG	K	329
NC_045512.2	29260	G	T	42468	5008	42	4	1	46	9.41509e-05	42485	0.636571	FALSE	N:cds-YP_009724397.2	ACG	T	ACT	T	329
NC_045512.2	29260	G	C	42468	5008	42	1	0	74	2.35377e-05	42485	0.499912	FALSE	N:cds-YP_009724397.2	ACG	T	ACC	T	329
NC_045512.2	29260	G	A	42468	5008	42	12	1	42	0.000282453	42485	0.038377	FALSE	N:cds-YP_009724397.2	ACG	T	ACA	T	329
NC_045512.2	29261	T	G	45348	5032	41	1	0	25	2.20497e-05	45352	1	FALSE	N:cds-YP_009724397.2	TGG	W	GGG	G	330
NC_045512.2	29261	T	C	45348	5032	41	2	0	31	4.40995e-05	45352	1	FALSE	N:cds-YP_009724397.2	TGG	W	CGG	R	330
NC_045512.2	29261	T	A	45348	5032	41	1	0	37	2.20497e-05	45352	1	FALSE	N:cds-YP_009724397.2	TGG	W	AGG	R	330
NC_045512.2	29262	G	T	46209	5061	42	2	0	37	4.3276e-05	46215	1	FALSE	N:cds-YP_009724397.2	TGG	W	TTG	L	330
NC_045512.2	29262	G	C	46209	5061	42	1	0	25	2.1638e-05	46215	1	FALSE	N:cds-YP_009724397.2	TGG	W	TCG	S	330
NC_045512.2	29262	G	A	46209	5061	42	3	0	37	6.4914e-05	46215	1	FALSE	N:cds-YP_009724397.2	TGG	W	TAG	*	330
NC_045512.2	29263	G	T	46231	5171	42	2	0	37	4.32423e-05	46251	1	FALSE	N:cds-YP_009724397.2	TGG	W	TGT	C	330
NC_045512.2	29263	G	C	46231	5171	42	1	0	37	2.16212e-05	46251	1	FALSE	N:cds-YP_009724397.2	TGG	W	TGC	C	330
NC_045512.2	29263	G	A	46231	5171	42	17	0	37	0.00036756	46251	0.999942	FALSE	N:cds-YP_009724397.2	TGG	W	TGA	*	330
NC_045512.2	29264	T	C	45780	5195	41	8	0	37	0.000174714	45789	1	FALSE	N:cds-YP_009724397.2	TTG	L	CTG	L	331
NC_045512.2	29264	T	A	45780	5195	41	1	0	25	2.18393e-05	45789	1	FALSE	N:cds-YP_009724397.2	TTG	L	ATG	M	331
NC_045512.2	29265	T	G	46230	5216	42	4	4	37	8.65089e-05	46238	1	FALSE	N:cds-YP_009724397.2	TTG	L	TGG	W	331
NC_045512.2	29265	T	C	46230	5216	42	3	0	37	6.48817e-05	46238	1	FALSE	N:cds-YP_009724397.2	TTG	L	TCG	S	331
NC_045512.2	29265	T	A	46230	5216	42	1	0	37	2.16272e-05	46238	1	FALSE	N:cds-YP_009724397.2	TTG	L	TAG	*	331
NC_045512.2	29265	T	-G	46230	5216	42	1	0	20	2.16272e-05	46238	1	FALSE	NA	NA	NA	NA	NA	NA
NC_045512.2	29265	T	+G	46230	5216	42	1	0	20	2.16272e-05	46238	1	FALSE	NA	NA	NA	NA	NA	NA
NC_045512.2	29266	G	T	58128	5434	41	7	0	37	0.000120405	58137	1	FALSE	N:cds-YP_009724397.2	TTG	L	TTT	F	331
NC_045512.2	29266	G	A	58128	5434	41	2	1	49	3.44015e-05	58137	0.937486	FALSE	N:cds-YP_009724397.2	TTG	L	TTA	L	331
NC_045512.2	29267	A	T	58993	5521	41	2	1	55	3.38914e-05	59012	0.24993	FALSE	N:cds-YP_009724397.2	ACC	T	TCC	S	332
NC_045512.2	29267	A	G	58993	5521	41	17	2	39	0.000288077	59012	1	FALSE	N:cds-YP_009724397.2	ACC	T	GCC	A	332
NC_045512.2	29268	C	T	59219	5663	41	19	1	40	0.000320708	59244	0.00330071	TRUE	N:cds-YP_009724397.2	ACC	T	ATC	I	332
NC_045512.2	29268	C	G	59219	5663	41	4	1	37	6.75174e-05	59244	1	FALSE	N:cds-YP_009724397.2	ACC	T	AGC	S	332
NC_045512.2	29268	C	A	59219	5663	41	2	0	37	3.37587e-05	59244	1	FALSE	N:cds-YP_009724397.2	ACC	T	AAC	N	332
NC_045512.2	29269	C	T	60008	5673	41	3	0	37	4.99775e-05	60027	1	FALSE	N:cds-YP_009724397.2	ACC	T	ACT	T	332
NC_045512.2	29269	C	G	60008	5673	41	2	0	37	3.33183e-05	60027	1	FALSE	N:cds-YP_009724397.2	ACC	T	ACG	T	332
NC_045512.2	29269	C	A	60008	5673	41	14	2	39	0.000233228	60027	1	FALSE	N:cds-YP_009724397.2	ACC	T	ACA	T	332
NC_045512.2	29269	C	-T	60008	5673	41	2	0	20	3.33183e-05	60027	1	FALSE	NA	NA	NA	NA	NA	NA
NC_045512.2	29270	T	G	59102	6300	41	23	23	37	0.000388743	59165	0.999984	FALSE	N:cds-YP_009724397.2	TAC	Y	GAC	D	333
NC_045512.2	29270	T	C	59102	6300	41	40	1	39	0.000676075	59165	0.978001	FALSE	N:cds-YP_009724397.2	TAC	Y	CAC	H	333
NC_045512.2	29271	A	G	63873	6422	41	17	1	40	0.00026607	63893	0.0173336	FALSE	N:cds-YP_009724397.2	TAC	Y	TGC	C	333
NC_045512.2	29271	A	C	63873	6422	41	3	0	33	4.69535e-05	63893	1	FALSE	N:cds-YP_009724397.2	TAC	Y	TCC	S	333
NC_045512.2	29272	C	T	63621	7940	42	6	0	41	9.42951e-05	63630	0.612777	FALSE	N:cds-YP_009724397.2	TAC	Y	TAT	Y	333
NC_045512.2	29272	C	G	63621	7940	42	1	0	37	1.57159e-05	63630	1	FALSE	N:cds-YP_009724397.2	TAC	Y	TAG	*	333
NC_045512.2	29272	C	A	63621	7940	42	2	0	37	3.14317e-05	63630	1	FALSE	N:cds-YP_009724397.2	TAC	Y	TAA	*	333
NC_045512.2	29273	A	T	63055	8074	41	1	0	37	1.58572e-05	63063	1	FALSE	N:cds-YP_009724397.2	ACA	T	TCA	S	334
NC_045512.2	29273	A	G	63055	8074	41	4	1	39	6.34286e-05	63063	1	FALSE	N:cds-YP_009724397.2	ACA	T	GCA	A	334
NC_045512.2	29273	A	C	63055	8074	41	3	0	25	4.75715e-05	63063	1	FALSE	N:cds-YP_009724397.2	ACA	T	CCA	P	334
NC_045512.2	29274	C	T	63707	8120	42	29	3	40	0.00045498	63739	5.82814e-05	TRUE	N:cds-YP_009724397.2	ACA	T	ATA	I	334
NC_045512.2	29274	C	A	63707	8120	42	3	1	61	4.70669e-05	63739	0.124915	FALSE	N:cds-YP_009724397.2	ACA	T	AAA	K	334
NC_045512.2	29275	A	T	62292	7658	42	4	0	37	6.41571e-05	62347	1	FALSE	N:cds-YP_009724397.2	ACA	T	ACT	T	334
NC_045512.2	29275	A	G	62292	7658	42	29	4	42	0.000465139	62347	5.80265e-05	TRUE	N:cds-YP_009724397.2	ACA	T	ACG	T	334
NC_045512.2	29275	A	C	62292	7658	42	22	0	37	0.000352864	62347	0.999998	FALSE	N:cds-YP_009724397.2	ACA	T	ACC	T	334
NC_045512.2	29275	A	+G	62292	7658	42	24	0	20	0.000384942	62347	1	FALSE	NA	NA	NA	NA	NA	NA
NC_045512.2	29275	A	+CT	62292	7658	42	1	0	20	1.60393e-05	62347	1	FALSE	NA	NA	NA	NA	NA	NA
NC_045512.2	29276	G	T	63749	7747	42	8	0	37	0.000125457	63767	1	FALSE	N:cds-YP_009724397.2	GGT	G	TGT	C	335
NC_045512.2	29276	G	C	63749	7747	42	3	0	33	4.70463e-05	63767	1	FALSE	N:cds-YP_009724397.2	GGT	G	CGT	R	335
NC_045512.2	29276	G	A	63749	7747	42	7	0	42	0.000109775	63767	0.499885	FALSE	N:cds-YP_009724397.2	GGT	G	AGT	S	335
NC_045512.2	29277	G	T	63532	7847	42	5	0	44	7.86757e-05	63552	0.725471	FALSE	N:cds-YP_009724397.2	GGT	G	GTT	V	335
NC_045512.2	29277	G	C	63532	7847	42	1	0	25	1.57351e-05	63552	1	FALSE	N:cds-YP_009724397.2	GGT	G	GCT	A	335
NC_045512.2	29277	G	A	63532	7847	42	14	0	37	0.000220292	63552	1	FALSE	N:cds-YP_009724397.2	GGT	G	GAT	D	335
NC_045512.2	29278	T	C	63243	7799	42	6	1	40	9.48617e-05	63250	0.612798	FALSE	N:cds-YP_009724397.2	GGT	G	GGC	G	335
NC_045512.2	29278	T	A	63243	7799	42	1	0	37	1.58103e-05	63250	1	FALSE	N:cds-YP_009724397.2	GGT	G	GGA	G	335
NC_045512.2	29279	G	T	63485	7771	42	44	5	40	0.000691987	63585	1.58634e-08	TRUE	N:cds-YP_009724397.2	GCC	A	TCC	S	336
NC_045512.2	29279	G	C	63485	7771	42	1	0	25	1.5727e-05	63585	1	FALSE	N:cds-YP_009724397.2	GCC	A	CCC	P	336
NC_045512.2	29279	G	A	63485	7771	42	55	6	41	0.000864984	63585	2.62035e-11	TRUE	N:cds-YP_009724397.2	GCC	A	ACC	T	336
NC_045512.2	29279	G	-C	63485	7771	42	1	0	20	1.5727e-05	63585	1	FALSE	NA	NA	NA	NA	NA	NA
NC_045512.2	29280	C	T	63296	7390	42	54	6	41	0.00085234	63355	4.809e-11	TRUE	N:cds-YP_009724397.2	GCC	A	GTC	V	336
NC_045512.2	29280	C	G	63296	7390	42	2	0	37	3.15681e-05	63355	1	FALSE	N:cds-YP_009724397.2	GCC	A	GGC	G	336
NC_045512.2	29280	C	A	63296	7390	42	3	0	49	4.73522e-05	63355	0.909946	FALSE	N:cds-YP_009724397.2	GCC	A	GAC	D	336
NC_045512.2	29281	C	T	63342	7590	42	18	0	37	0.00028406	63367	1	FALSE	N:cds-YP_009724397.2	GCC	A	GCT	A	336
NC_045512.2	29281	C	G	63342	7590	42	3	2	37	4.73433e-05	63367	1	FALSE	N:cds-YP_009724397.2	GCC	A	GCG	A	336
NC_045512.2	29281	C	A	63342	7590	42	4	1	55	6.31243e-05	63367	0.0624576	FALSE	N:cds-YP_009724397.2	GCC	A	GCA	A	336
NC_045512.2	29282	A	T	62822	8463	42	3	1	33	4.77464e-05	62832	1	FALSE	N:cds-YP_009724397.2	ATC	I	TTC	F	337
NC_045512.2	29282	A	G	62822	8463	42	7	1	33	0.000111408	62832	1	FALSE	N:cds-YP_009724397.2	ATC	I	GTC	V	337
NC_045512.2	29283	T	C	62871	8591	42	14	0	39	0.000222611	62890	1	FALSE	N:cds-YP_009724397.2	ATC	I	ACC	T	337
NC_045512.2	29283	T	A	62871	8591	42	5	0	42	7.95039e-05	62890	0.725478	FALSE	N:cds-YP_009724397.2	ATC	I	AAC	N	337
NC_045512.2	29284	C	T	62999	8602	43	1	0	37	1.5872e-05	63004	1	FALSE	N:cds-YP_009724397.2	ATC	I	ATT	I	337
NC_045512.2	29284	C	A	62999	8602	43	4	0	37	6.3488e-05	63004	1	FALSE	N:cds-YP_009724397.2	ATC	I	ATA	I	337
NC_045512.2	29284	C	-A	62999	8602	43	2	0	20	3.1744e-05	63004	1	FALSE	NA	NA	NA	NA	NA	NA
NC_045512.2	29284	C	+A	62999	8602	43	1	0	20	1.5872e-05	63004	1	FALSE	NA	NA	NA	NA	NA	NA
NC_045512.2	29285	A	G	62277	8769	42	10	1	38	0.000160547	62287	1	FALSE	N:cds-YP_009724397.2	AAA	K	GAA	E	338
NC_045512.2	29286	A	T	62226	8775	42	1	1	74	1.60694e-05	62230	0.499992	FALSE	N:cds-YP_009724397.2	AAA	K	ATA	I	338
NC_045512.2	29286	A	G	62226	8775	42	2	0	31	3.21388e-05	62230	1	FALSE	N:cds-YP_009724397.2	AAA	K	AGA	R	338
NC_045512.2	29286	A	C	62226	8775	42	1	0	37	1.60694e-05	62230	1	FALSE	N:cds-YP_009724397.2	AAA	K	ACA	T	338
NC_045512.2	29287	A	T	61853	8880	42	4	0	29	6.46569e-05	61865	1	FALSE	N:cds-YP_009724397.2	AAA	K	AAT	N	338
NC_045512.2	29287	A	G	61853	8880	42	7	1	40	0.00011315	61865	0.499953	FALSE	N:cds-YP_009724397.2	AAA	K	AAG	K	338
NC_045512.2	29287	A	C	61853	8880	42	1	1	37	1.61642e-05	61865	1	FALSE	N:cds-YP_009724397.2	AAA	K	AAC	N	338
NC_045512.2	29288	T	G	60899	8957	42	2	0	37	3.28364e-05	60908	1	FALSE	N:cds-YP_009724397.2	TTG	L	GTG	V	339
NC_045512.2	29288	T	C	60899	8957	42	6	0	43	9.85092e-05	60908	0.612776	FALSE	N:cds-YP_009724397.2	TTG	L	CTG	L	339
NC_045512.2	29288	T	A	60899	8957	42	1	0	25	1.64182e-05	60908	1	FALSE	N:cds-YP_009724397.2	TTG	L	ATG	M	339
NC_045512.2	29289	T	C	61454	8975	42	11	1	42	0.000178955	61468	0.166119	FALSE	N:cds-YP_009724397.2	TTG	L	TCG	S	339
NC_045512.2	29289	T	A	61454	8975	42	3	0	37	4.88059e-05	61468	1	FALSE	N:cds-YP_009724397.2	TTG	L	TAG	*	339
NC_045512.2	29290	G	T	61098	9575	42	5	1	44	8.18223e-05	61108	0.725558	FALSE	N:cds-YP_009724397.2	TTG	L	TTT	F	339
NC_045512.2	29290	G	A	61098	9575	42	5	0	37	8.18223e-05	61108	1	FALSE	N:cds-YP_009724397.2	TTG	L	TTA	L	339
NC_045512.2	29291	G	T	61013	9935	42	2	0	37	3.27724e-05	61027	1	FALSE	N:cds-YP_009724397.2	GAT	D	TAT	Y	340
NC_045512.2	29291	G	C	61013	9935	42	3	1	33	4.91586e-05	61027	1	FALSE	N:cds-YP_009724397.2	GAT	D	CAT	H	340
NC_045512.2	29291	G	A	61013	9935	42	9	4	48	0.000147476	61027	0.303563	FALSE	N:cds-YP_009724397.2	GAT	D	AAT	N	340
NC_045512.2	29292	A	T	60212	10672	42	1	1	25	1.66027e-05	60231	1	FALSE	N:cds-YP_009724397.2	GAT	D	GTT	V	340
NC_045512.2	29292	A	G	60212	10672	42	18	6	45	0.000298849	60231	0.0113213	FALSE	N:cds-YP_009724397.2	GAT	D	GGT	G	340
NC_045512.2	29293	T	C	60114	10750	42	6	1	38	9.97954e-05	60123	1	FALSE	N:cds-YP_009724397.2	GAT	D	GAC	D	340
NC_045512.2	29293	T	A	60114	10750	42	3	1	41	4.98977e-05	60123	0.910144	FALSE	N:cds-YP_009724397.2	GAT	D	GAA	E	340
NC_045512.2	29294	G	T	60045	10741	42	2	1	49	3.33056e-05	60050	0.964845	FALSE	N:cds-YP_009724397.2	GAC	D	TAC	Y	341
NC_045512.2	29294	G	A	60045	10741	42	3	2	49	4.99584e-05	60050	0.91016	FALSE	N:cds-YP_009724397.2	GAC	D	AAC	N	341
NC_045512.2	29295	A	T	60173	10765	42	2	1	28	3.32298e-05	60187	1	FALSE	N:cds-YP_009724397.2	GAC	D	GTC	V	341
NC_045512.2	29295	A	G	60173	10765	42	12	1	42	0.000199379	60187	0.118918	FALSE	N:cds-YP_009724397.2	GAC	D	GGC	G	341
NC_045512.2	29296	C	T	60153	10856	42	8	2	47	0.000132965	60166	0.395209	FALSE	N:cds-YP_009724397.2	GAC	D	GAT	D	341
NC_045512.2	29296	C	G	60153	10856	42	2	1	33	3.32414e-05	60166	1	FALSE	N:cds-YP_009724397.2	GAC	D	GAG	E	341
NC_045512.2	29296	C	A	60153	10856	42	3	0	37	4.9862e-05	60166	1	FALSE	N:cds-YP_009724397.2	GAC	D	GAA	E	341
NC_045512.2	29296	C	-A	60153	10856	42	1	0	20	1.66207e-05	60166	1	FALSE	NA	NA	NA	NA	NA	NA
NC_045512.2	29297	A	T	59702	11007	42	1	0	25	1.67471e-05	59712	1	FALSE	N:cds-YP_009724397.2	AAA	K	TAA	*	342
NC_045512.2	29297	A	G	59702	11007	42	9	2	53	0.000150723	59712	0.00195239	TRUE	N:cds-YP_009724397.2	AAA	K	GAA	E	342
NC_045512.2	29298	A	T	59607	11116	42	2	1	33	3.3548e-05	59616	1	FALSE	N:cds-YP_009724397.2	AAA	K	ATA	I	342
NC_045512.2	29298	A	G	59607	11116	42	7	1	45	0.000117418	59616	0.38719	FALSE	N:cds-YP_009724397.2	AAA	K	AGA	R	342
NC_045512.2	29299	A	T	59429	11023	42	11	3	37	0.000185026	59451	1	FALSE	N:cds-YP_009724397.2	AAA	K	AAT	N	342
NC_045512.2	29299	A	G	59429	11023	42	8	3	42	0.000134565	59451	0.290379	FALSE	N:cds-YP_009724397.2	AAA	K	AAG	K	342
NC_045512.2	29299	A	C	59429	11023	42	3	1	33	5.04617e-05	59451	1	FALSE	N:cds-YP_009724397.2	AAA	K	AAC	N	342
NC_045512.2	29300	G	T	60315	11862	42	1	0	25	1.65785e-05	60319	1	FALSE	N:cds-YP_009724397.2	GAT	D	TAT	Y	343
NC_045512.2	29300	G	A	60315	11862	42	3	1	37	4.97356e-05	60319	1	FALSE	N:cds-YP_009724397.2	GAT	D	AAT	N	343
NC_045512.2	29301	A	T	59594	12123	41	3	0	53	5.03347e-05	59601	0.124987	FALSE	N:cds-YP_009724397.2	GAT	D	GTT	V	343
NC_045512.2	29301	A	G	59594	12123	41	3	2	29	5.03347e-05	59601	1	FALSE	N:cds-YP_009724397.2	GAT	D	GGT	G	343
NC_045512.2	29301	A	C	59594	12123	41	1	0	37	1.67782e-05	59601	1	FALSE	N:cds-YP_009724397.2	GAT	D	GCT	A	343
NC_045512.2	29302	T	C	59309	12229	41	9	4	36	0.000151714	59322	1	FALSE	N:cds-YP_009724397.2	GAT	D	GAC	D	343
NC_045512.2	29302	T	A	59309	12229	41	4	1	36	6.74286e-05	59322	1	FALSE	N:cds-YP_009724397.2	GAT	D	GAA	E	343
NC_045512.2	29303	C	T	59150	12291	41	6	2	49	0.000101423	59158	0.499989	FALSE	N:cds-YP_009724397.2	CCA	P	TCA	S	344
NC_045512.2	29303	C	A	59150	12291	41	2	0	37	3.38078e-05	59158	1	FALSE	N:cds-YP_009724397.2	CCA	P	ACA	T	344
NC_045512.2	29304	C	T	59129	12427	41	6	0	49	0.000101439	59149	0.499851	FALSE	N:cds-YP_009724397.2	CCA	P	CTA	L	344
NC_045512.2	29304	C	A	59129	12427	41	14	5	37	0.00023669	59149	1	FALSE	N:cds-YP_009724397.2	CCA	P	CAA	Q	344
NC_045512.2	29304	C	+A	59129	12427	41	3	0	20	5.07194e-05	59149	1	FALSE	NA	NA	NA	NA	NA	NA
NC_045512.2	29305	A	T	58570	12654	41	8	2	36	0.00013654	58591	1	FALSE	N:cds-YP_009724397.2	CCA	P	CCT	P	344
NC_045512.2	29305	A	G	58570	12654	41	12	4	41	0.00020481	58591	0.0716784	FALSE	N:cds-YP_009724397.2	CCA	P	CCG	P	344
NC_045512.2	29305	A	C	58570	12654	41	1	0	37	1.70675e-05	58591	1	FALSE	N:cds-YP_009724397.2	CCA	P	CCC	P	344
NC_045512.2	29306	A	T	57286	13461	41	3	2	33	5.23606e-05	57295	1	FALSE	N:cds-YP_009724397.2	AAT	N	TAT	Y	345
NC_045512.2	29306	A	G	57286	13461	41	5	1	44	8.72676e-05	57295	0.62302	FALSE	N:cds-YP_009724397.2	AAT	N	GAT	D	345
NC_045512.2	29306	A	C	57286	13461	41	1	0	25	1.74535e-05	57295	1	FALSE	N:cds-YP_009724397.2	AAT	N	CAT	H	345
NC_045512.2	29307	A	T	57335	13575	41	4	2	42	6.97581e-05	57341	0.746094	FALSE	N:cds-YP_009724397.2	AAT	N	ATT	I	345
NC_045512.2	29307	A	G	57335	13575	41	2	0	37	3.48791e-05	57341	1	FALSE	N:cds-YP_009724397.2	AAT	N	AGT	S	345
NC_045512.2	29308	T	C	56751	13713	41	4	2	34	7.04759e-05	56757	1	FALSE	N:cds-YP_009724397.2	AAT	N	AAC	N	345
NC_045512.2	29308	T	A	56751	13713	41	2	0	37	3.52379e-05	56757	1	FALSE	N:cds-YP_009724397.2	AAT	N	AAA	K	345
NC_045512.2	29309	T	C	56601	13498	41	16	0	34	0.000282601	56617	1	FALSE	N:cds-YP_009724397.2	TTC	F	CTC	L	346
NC_045512.2	29310	T	C	56622	13265	40	4	1	43	7.06389e-05	56626	0.746111	FALSE	N:cds-YP_009724397.2	TTC	F	TCC	S	346
NC_045512.2	29311	C	T	56708	14000	41	2	0	37	3.52647e-05	56714	1	FALSE	N:cds-YP_009724397.2	TTC	F	TTT	F	346
NC_045512.2	29311	C	A	56708	14000	41	4	1	34	7.05293e-05	56714	1	FALSE	N:cds-YP_009724397.2	TTC	F	TTA	L	346
NC_045512.2	29312	A	T	56473	14121	41	3	1	28	5.31002e-05	56497	1	FALSE	N:cds-YP_009724397.2	AAA	K	TAA	*	347
NC_045512.2	29312	A	G	56473	14121	41	21	9	41	0.000371701	56497	0.00124523	TRUE	N:cds-YP_009724397.2	AAA	K	GAA	E	347
NC_045512.2	29313	A	T	56098	14203	41	2	0	37	3.5643e-05	56112	1	FALSE	N:cds-YP_009724397.2	AAA	K	ATA	I	347
NC_045512.2	29313	A	G	56098	14203	41	11	2	44	0.000196036	56112	0.105027	FALSE	N:cds-YP_009724397.2	AAA	K	AGA	R	347
NC_045512.2	29313	A	C	56098	14203	41	1	0	37	1.78215e-05	56112	1	FALSE	N:cds-YP_009724397.2	AAA	K	ACA	T	347
NC_045512.2	29314	A	T	55031	14204	40	6	2	41	0.000109008	55042	0.499951	FALSE	N:cds-YP_009724397.2	AAA	K	AAT	N	347
NC_045512.2	29314	A	G	55031	14204	40	5	2	44	9.08397e-05	55042	0.622997	FALSE	N:cds-YP_009724397.2	AAA	K	AAG	K	347
NC_045512.2	29315	G	T	58082	14360	41	1	0	37	1.72156e-05	58087	1	FALSE	N:cds-YP_009724397.2	GAT	D	TAT	Y	348
NC_045512.2	29315	G	C	58082	14360	41	1	1	37	1.72156e-05	58087	1	FALSE	N:cds-YP_009724397.2	GAT	D	CAT	H	348
NC_045512.2	29315	G	A	58082	14360	41	3	0	33	5.16467e-05	58087	1	FALSE	N:cds-YP_009724397.2	GAT	D	AAT	N	348
NC_045512.2	29316	A	T	56743	16812	41	1	0	37	1.76218e-05	56748	1	FALSE	N:cds-YP_009724397.2	GAT	D	GTT	V	348
NC_045512.2	29316	A	G	56743	16812	41	3	3	41	5.28653e-05	56748	0.855472	FALSE	N:cds-YP_009724397.2	GAT	D	GGT	G	348
NC_045512.2	29316	A	C	56743	16812	41	1	0	37	1.76218e-05	56748	1	FALSE	N:cds-YP_009724397.2	GAT	D	GCT	A	348
NC_045512.2	29317	T	C	58052	17651	42	11	3	38	0.000189443	58065	1	FALSE	N:cds-YP_009724397.2	GAT	D	GAC	D	348
NC_045512.2	29317	T	A	58052	17651	42	2	1	37	3.44442e-05	58065	1	FALSE	N:cds-YP_009724397.2	GAT	D	GAA	E	348
NC_045512.2	29318	C	T	57907	17795	42	3	1	49	5.18027e-05	57912	0.855472	FALSE	N:cds-YP_009724397.2	CAA	Q	TAA	*	349
NC_045512.2	29318	C	G	57907	17795	42	1	0	37	1.72676e-05	57912	1	FALSE	N:cds-YP_009724397.2	CAA	Q	GAA	E	349
NC_045512.2	29318	C	A	57907	17795	42	1	0	37	1.72676e-05	57912	1	FALSE	N:cds-YP_009724397.2	CAA	Q	AAA	K	349
NC_045512.2	29318	C	-A	57907	17795	42	1	0	20	1.72676e-05	57912	1	FALSE	NA	NA	NA	NA	NA	NA
NC_045512.2	29319	A	T	57743	17692	42	4	2	29	6.92497e-05	57762	1	FALSE	N:cds-YP_009724397.2	CAA	Q	CTA	L	349
NC_045512.2	29319	A	G	57743	17692	42	15	7	46	0.000259686	57762	0.0206784	FALSE	N:cds-YP_009724397.2	CAA	Q	CGA	R	349
NC_045512.2	29320	A	T	57808	17621	42	10	4	40	0.000172915	57832	0.15076	FALSE	N:cds-YP_009724397.2	CAA	Q	CAT	H	349
NC_045512.2	29320	A	G	57808	17621	42	9	5	42	0.000155623	57832	0.211828	FALSE	N:cds-YP_009724397.2	CAA	Q	CAG	Q	349
NC_045512.2	29320	A	C	57808	17621	42	5	3	44	8.64573e-05	57832	0.622861	FALSE	N:cds-YP_009724397.2	CAA	Q	CAC	H	349
NC_045512.2	29321	G	T	57244	17941	41	1	0	37	1.74663e-05	57253	1	FALSE	N:cds-YP_009724397.2	GTC	V	TTC	F	350
NC_045512.2	29321	G	A	57244	17941	41	8	4	41	0.000139731	57253	0.290516	FALSE	N:cds-YP_009724397.2	GTC	V	ATC	I	350
NC_045512.2	29322	T	C	57806	18257	42	9	3	39	0.000155658	57819	1	FALSE	N:cds-YP_009724397.2	GTC	V	GCC	A	350
NC_045512.2	29322	T	A	57806	18257	42	4	2	33	6.91814e-05	57819	1	FALSE	N:cds-YP_009724397.2	GTC	V	GAC	D	350
NC_045512.2	29323	C	T	58037	18942	42	6	2	48	0.000103366	58046	0.499977	FALSE	N:cds-YP_009724397.2	GTC	V	GTT	V	350
NC_045512.2	29323	C	G	58037	18942	42	1	1	25	1.72277e-05	58046	1	FALSE	N:cds-YP_009724397.2	GTC	V	GTG	V	350
NC_045512.2	29323	C	A	58037	18942	42	2	1	31	3.44554e-05	58046	1	FALSE	N:cds-YP_009724397.2	GTC	V	GTA	V	350
NC_045512.2	29324	A	T	57603	18509	42	1	0	37	1.7356e-05	57617	1	FALSE	N:cds-YP_009724397.2	ATT	I	TTT	F	351
NC_045512.2	29324	A	G	57603	18509	42	6	2	47	0.000104136	57617	0.499918	FALSE	N:cds-YP_009724397.2	ATT	I	GTT	V	351
NC_045512.2	29324	A	C	57603	18509	42	7	0	35	0.000121492	57617	1	FALSE	N:cds-YP_009724397.2	ATT	I	CTT	L	351
NC_045512.2	29324	A	-T	57603	18509	42	10	0	20	0.00017356	57617	1	FALSE	NA	NA	NA	NA	NA	NA
NC_045512.2	29324	A	+T	57603	18509	42	2	0	20	3.4712e-05	57617	1	FALSE	NA	NA	NA	NA	NA	NA
NC_045512.2	29325	T	C	56892	18790	42	1	0	74	1.7575e-05	56899	0.499934	FALSE	N:cds-YP_009724397.2	ATT	I	ACT	T	351
NC_045512.2	29325	T	A	56892	18790	42	6	1	41	0.00010545	56899	0.499881	FALSE	N:cds-YP_009724397.2	ATT	I	AAT	N	351
NC_045512.2	29326	T	C	56782	18890	42	5	3	39	8.80452e-05	56789	1	FALSE	N:cds-YP_009724397.2	ATT	I	ATC	I	351
NC_045512.2	29326	T	A	56782	18890	42	2	0	55	3.52181e-05	56789	0.24998	FALSE	N:cds-YP_009724397.2	ATT	I	ATA	I	351
NC_045512.2	29327	T	G	56880	18749	41	1	1	37	1.75803e-05	56882	1	FALSE	N:cds-YP_009724397.2	TTG	L	GTG	V	352
NC_045512.2	29327	T	A	56880	18749	41	1	0	22	1.75803e-05	56882	1	FALSE	N:cds-YP_009724397.2	TTG	L	ATG	M	352
NC_045512.2	29328	T	C	57434	18995	42	1	0	37	1.7411e-05	57435	1	FALSE	N:cds-YP_009724397.2	TTG	L	TCG	S	352
NC_045512.2	29329	G	T	57198	19025	42	1	1	74	1.74795e-05	57210	0.499956	FALSE	N:cds-YP_009724397.2	TTG	L	TTT	F	352
NC_045512.2	29329	G	A	57198	19025	42	11	3	41	0.000192274	57210	0.105041	FALSE	N:cds-YP_009724397.2	TTG	L	TTA	L	352
NC_045512.2	29330	C	T	57126	19132	42	71	19	44	0.00124124	57201	2.57126e-16	TRUE	N:cds-YP_009724397.2	CTG	L	TTG	L	353
NC_045512.2	29330	C	G	57126	19132	42	2	2	55	3.49644e-05	57201	0.249683	FALSE	N:cds-YP_009724397.2	CTG	L	GTG	V	353
NC_045512.2	29330	C	A	57126	19132	42	2	0	37	3.49644e-05	57201	1	FALSE	N:cds-YP_009724397.2	CTG	L	ATG	M	353
NC_045512.2	29331	T	C	57067	19240	42	26	6	39	0.000455381	57095	0.999812	FALSE	N:cds-YP_009724397.2	CTG	L	CCG	P	353
NC_045512.2	29331	T	A	57067	19240	42	2	1	37	3.50293e-05	57095	1	FALSE	N:cds-YP_009724397.2	CTG	L	CAG	Q	353
NC_045512.2	29332	G	T	59525	19182	42	3	0	34	5.03931e-05	59532	1	FALSE	N:cds-YP_009724397.2	CTG	L	CTT	L	353
NC_045512.2	29332	G	A	59525	19182	42	4	1	46	6.71908e-05	59532	0.746085	FALSE	N:cds-YP_009724397.2	CTG	L	CTA	L	353
NC_045512.2	29333	A	T	59522	19125	42	1	0	37	1.67983e-05	59530	1	FALSE	N:cds-YP_009724397.2	AAT	N	TAT	Y	354
NC_045512.2	29333	A	G	59522	19125	42	5	3	44	8.39913e-05	59530	0.623031	FALSE	N:cds-YP_009724397.2	AAT	N	GAT	D	354
NC_045512.2	29333	A	C	59522	19125	42	2	0	37	3.35965e-05	59530	1	FALSE	N:cds-YP_009724397.2	AAT	N	CAT	H	354
NC_045512.2	29334	A	T	59321	19346	42	3	3	21	5.05646e-05	59330	1	FALSE	N:cds-YP_009724397.2	AAT	N	ATT	I	354
NC_045512.2	29334	A	G	59321	19346	42	6	2	45	0.000101129	59330	0.499977	FALSE	N:cds-YP_009724397.2	AAT	N	AGT	S	354
NC_045512.2	29335	T	C	58807	19993	42	3	0	41	5.10091e-05	58813	0.855466	FALSE	N:cds-YP_009724397.2	AAT	N	AAC	N	354
NC_045512.2	29335	T	A	58807	19993	42	3	0	45	5.10091e-05	58813	0.855466	FALSE	N:cds-YP_009724397.2	AAT	N	AAA	K	354
NC_045512.2	29336	A	T	58163	20144	42	1	1	37	1.7191e-05	58170	1	FALSE	N:cds-YP_009724397.2	AAG	K	TAG	*	355
NC_045512.2	29336	A	G	58163	20144	42	5	1	34	8.5955e-05	58170	1	FALSE	N:cds-YP_009724397.2	AAG	K	GAG	E	355
NC_045512.2	29336	A	C	58163	20144	42	1	1	25	1.7191e-05	58170	1	FALSE	N:cds-YP_009724397.2	AAG	K	CAG	Q	355
NC_045512.2	29337	A	T	58358	20226	42	6	2	55	0.00010277	58383	0.0156085	FALSE	N:cds-YP_009724397.2	AAG	K	ATG	M	355
NC_045512.2	29337	A	G	58358	20226	42	15	6	45	0.000256924	58383	0.0206691	FALSE	N:cds-YP_009724397.2	AAG	K	AGG	R	355
NC_045512.2	29337	A	C	58358	20226	42	4	0	37	6.85131e-05	58383	1	FALSE	N:cds-YP_009724397.2	AAG	K	ACG	T	355
NC_045512.2	29338	G	T	59838	20315	41	6	2	33	0.000100164	59902	1	FALSE	N:cds-YP_009724397.2	AAG	K	AAT	N	355
NC_045512.2	29338	G	A	59838	20315	41	58	20	38	0.000968248	59902	0.573154	FALSE	N:cds-YP_009724397.2	AAG	K	AAA	K	355
NC_045512.2	29339	C	T	60218	20359	42	55	17	41	0.000912409	60280	2.65753e-11	TRUE	N:cds-YP_009724397.2	CAT	H	TAT	Y	356
NC_045512.2	29339	C	G	60218	20359	42	1	0	37	1.65893e-05	60280	1	FALSE	N:cds-YP_009724397.2	CAT	H	GAT	D	356
NC_045512.2	29339	C	A	60218	20359	42	6	2	39	9.95355e-05	60280	1	FALSE	N:cds-YP_009724397.2	CAT	H	AAT	N	356
NC_045512.2	29340	A	T	60931	20562	41	1	0	37	1.64112e-05	60934	1	FALSE	N:cds-YP_009724397.2	CAT	H	CTT	L	356
NC_045512.2	29340	A	G	60931	20562	41	2	0	31	3.28224e-05	60934	1	FALSE	N:cds-YP_009724397.2	CAT	H	CGT	R	356
NC_045512.2	29341	T	C	59777	19884	42	17	1	41	0.000284295	59797	0.00844358	TRUE	N:cds-YP_009724397.2	CAT	H	CAC	H	356
NC_045512.2	29341	T	A	59777	19884	42	3	0	37	5.01697e-05	59797	1	FALSE	N:cds-YP_009724397.2	CAT	H	CAA	Q	356
NC_045512.2	29342	A	G	59422	19909	42	9	4	45	0.000151434	59432	0.211961	FALSE	N:cds-YP_009724397.2	ATT	I	GTT	V	357
NC_045512.2	29342	A	C	59422	19909	42	1	0	37	1.6826e-05	59432	1	FALSE	N:cds-YP_009724397.2	ATT	I	CTT	L	357
NC_045512.2	29342	A	-T	59422	19909	42	1	0	20	1.6826e-05	59432	1	FALSE	NA	NA	NA	NA	NA	NA
NC_045512.2	29343	T	C	57526	20612	41	2	1	49	3.47633e-05	57532	0.937494	FALSE	N:cds-YP_009724397.2	ATT	I	ACT	T	357
NC_045512.2	29343	T	A	57526	20612	41	4	1	34	6.95265e-05	57532	1	FALSE	N:cds-YP_009724397.2	ATT	I	AAT	N	357
NC_045512.2	29344	T	C	57757	20624	41	6	1	30	0.000103869	57765	1	FALSE	N:cds-YP_009724397.2	ATT	I	ATC	I	357
NC_045512.2	29344	T	A	57757	20624	41	2	0	31	3.4623e-05	57765	1	FALSE	N:cds-YP_009724397.2	ATT	I	ATA	I	357
NC_045512.2	29345	G	T	58165	20724	41	5	3	34	8.59431e-05	58178	1	FALSE	N:cds-YP_009724397.2	GAC	D	TAC	Y	358
NC_045512.2	29345	G	A	58165	20724	41	8	5	40	0.000137509	58178	0.290473	FALSE	N:cds-YP_009724397.2	GAC	D	AAC	N	358
NC_045512.2	29345	G	-A	58165	20724	41	2	0	20	3.43773e-05	58178	1	FALSE	NA	NA	NA	NA	NA	NA
NC_045512.2	29346	A	T	57878	20610	41	1	0	74	1.72744e-05	57889	0.499952	FALSE	N:cds-YP_009724397.2	GAC	D	GTC	V	358
NC_045512.2	29346	A	G	57878	20610	41	10	5	38	0.000172744	57889	1	FALSE	N:cds-YP_009724397.2	GAC	D	GGC	G	358
NC_045512.2	29347	C	T	57555	20109	41	33	10	40	0.000573026	57589	2.12093e-06	TRUE	N:cds-YP_009724397.2	GAC	D	GAT	D	358
NC_045512.2	29347	C	A	57555	20109	41	1	1	25	1.73644e-05	57589	1	FALSE	N:cds-YP_009724397.2	GAC	D	GAA	E	358
NC_045512.2	29348	G	T	57014	20148	41	5	2	37	8.7624e-05	57062	1	FALSE	N:cds-YP_009724397.2	GCA	A	TCA	S	359
NC_045512.2	29348	G	A	57014	20148	41	43	12	41	0.000753566	57062	6.78884e-09	TRUE	N:cds-YP_009724397.2	GCA	A	ACA	T	359
NC_045512.2	29349	C	T	56956	19976	41	7	3	42	0.000122876	56968	0.387154	FALSE	N:cds-YP_009724397.2	GCA	A	GTA	V	359
NC_045512.2	29349	C	G	56956	19976	41	1	1	37	1.75537e-05	56968	1	FALSE	N:cds-YP_009724397.2	GCA	A	GGA	G	359
NC_045512.2	29349	C	A	56956	19976	41	4	2	37	7.02149e-05	56968	1	FALSE	N:cds-YP_009724397.2	GCA	A	GAA	E	359
NC_045512.2	29350	A	T	57870	20136	41	3	2	49	5.18287e-05	57883	0.855426	FALSE	N:cds-YP_009724397.2	GCA	A	GCT	A	359
NC_045512.2	29350	A	G	57870	20136	41	9	1	37	0.000155486	57883	1	FALSE	N:cds-YP_009724397.2	GCA	A	GCG	A	359
NC_045512.2	29350	A	C	57870	20136	41	1	0	37	1.72762e-05	57883	1	FALSE	N:cds-YP_009724397.2	GCA	A	GCC	A	359
NC_045512.2	29351	T	G	57293	20620	40	1	0	25	1.74496e-05	57308	1	FALSE	N:cds-YP_009724397.2	TAC	Y	GAC	D	360
NC_045512.2	29351	T	C	57293	20620	40	13	6	42	0.000226844	57308	0.0481095	FALSE	N:cds-YP_009724397.2	TAC	Y	CAC	H	360
NC_045512.2	29351	T	A	57293	20620	40	1	1	37	1.74496e-05	57308	1	FALSE	N:cds-YP_009724397.2	TAC	Y	AAC	N	360
NC_045512.2	29352	A	T	58543	20732	41	1	0	37	1.708e-05	58548	1	FALSE	N:cds-YP_009724397.2	TAC	Y	TTC	F	360
NC_045512.2	29352	A	G	58543	20732	41	4	3	37	6.832e-05	58548	1	FALSE	N:cds-YP_009724397.2	TAC	Y	TGC	C	360
NC_045512.2	29353	C	T	59960	22456	42	3	0	37	5.00275e-05	59967	1	FALSE	N:cds-YP_009724397.2	TAC	Y	TAT	Y	360
NC_045512.2	29353	C	A	59960	22456	42	4	1	37	6.67034e-05	59967	1	FALSE	N:cds-YP_009724397.2	TAC	Y	TAA	*	360
NC_045512.2	29353	C	-A	59960	22456	42	6	0	20	0.000100055	59967	1	FALSE	NA	NA	NA	NA	NA	NA
NC_045512.2	29354	A	G	59557	22346	42	12	4	44	0.000201444	59570	0.0716888	FALSE	N:cds-YP_009724397.2	AAA	K	GAA	E	361
NC_045512.2	29354	A	C	59557	22346	42	1	0	25	1.6787e-05	59570	1	FALSE	N:cds-YP_009724397.2	AAA	K	CAA	Q	361
NC_045512.2	29354	A	+G	59557	22346	42	1	0	20	1.67853e-05	59576	1	FALSE	NA	NA	NA	NA	NA	NA
NC_045512.2	29355	A	T	58857	22051	41	4	2	37	6.79394e-05	58876	1	FALSE	N:cds-YP_009724397.2	AAA	K	ATA	I	361
NC_045512.2	29355	A	G	58857	22051	41	8	2	37	0.000135879	58876	1	FALSE	N:cds-YP_009724397.2	AAA	K	AGA	R	361
NC_045512.2	29355	A	C	58857	22051	41	7	3	33	0.000118894	58876	1	FALSE	N:cds-YP_009724397.2	AAA	K	ACA	T	361
NC_045512.2	29356	A	T	58114	22032	41	4	1	37	6.88101e-05	58131	1	FALSE	N:cds-YP_009724397.2	AAA	K	AAT	N	361
NC_045512.2	29356	A	G	58114	22032	41	9	5	43	0.000154823	58131	0.211895	FALSE	N:cds-YP_009724397.2	AAA	K	AAG	K	361
NC_045512.2	29356	A	C	58114	22032	41	4	4	28	6.88101e-05	58131	1	FALSE	N:cds-YP_009724397.2	AAA	K	AAC	N	361
NC_045512.2	29357	A	T	58413	21846	41	2	0	37	3.42272e-05	58433	1	FALSE	N:cds-YP_009724397.2	ACA	T	TCA	S	362
NC_045512.2	29357	A	G	58413	21846	41	11	4	39	0.00018825	58433	1	FALSE	N:cds-YP_009724397.2	ACA	T	GCA	A	362
NC_045512.2	29357	A	C	58413	21846	41	7	5	51	0.000119795	58433	0.00780548	TRUE	N:cds-YP_009724397.2	ACA	T	CCA	P	362
NC_045512.2	29358	C	T	60553	22819	42	17	6	40	0.000280658	60572	0.0173347	FALSE	N:cds-YP_009724397.2	ACA	T	ATA	I	362
NC_045512.2	29358	C	A	60553	22819	42	2	1	68	3.30186e-05	60572	0.249932	FALSE	N:cds-YP_009724397.2	ACA	T	AAA	K	362
NC_045512.2	29359	A	G	58569	20954	42	5	2	49	8.53534e-05	58580	0.623	FALSE	N:cds-YP_009724397.2	ACA	T	ACG	T	362
NC_045512.2	29359	A	C	58569	20954	42	6	3	31	0.000102424	58580	1	FALSE	N:cds-YP_009724397.2	ACA	T	ACC	T	362
NC_045512.2	29360	T	G	55820	18975	40	16	16	27	0.000286502	55846	1	FALSE	N:cds-YP_009724397.2	TTC	F	GTC	V	363
NC_045512.2	29360	T	C	55820	18975	40	9	0	35	0.000161157	55846	1	FALSE	N:cds-YP_009724397.2	TTC	F	CTC	L	363
NC_045512.2	29360	T	A	55820	18975	40	1	0	25	1.79064e-05	55846	1	FALSE	N:cds-YP_009724397.2	TTC	F	ATC	I	363
NC_045512.2	29361	T	G	59492	23088	43	2	2	37	3.36095e-05	59507	1	FALSE	N:cds-YP_009724397.2	TTC	F	TGC	C	363
NC_045512.2	29361	T	C	59492	23088	43	8	3	40	0.000134438	59507	0.290453	FALSE	N:cds-YP_009724397.2	TTC	F	TCC	S	363
NC_045512.2	29361	T	A	59492	23088	43	5	2	26	8.40237e-05	59507	1	FALSE	N:cds-YP_009724397.2	TTC	F	TAC	Y	363
NC_045512.2	29361	T	-C	59492	23088	43	1	0	20	1.68047e-05	59507	1	FALSE	NA	NA	NA	NA	NA	NA
NC_045512.2	29362	C	T	59047	23868	42	21	6	48	0.000355516	59069	0.00124548	TRUE	N:cds-YP_009724397.2	TTC	F	TTT	F	363
NC_045512.2	29362	C	A	59047	23868	42	1	0	37	1.69294e-05	59069	1	FALSE	N:cds-YP_009724397.2	TTC	F	TTA	L	363
NC_045512.2	29363	C	T	59046	24324	42	19	8	46	0.000321636	59073	0.00329988	TRUE	N:cds-YP_009724397.2	CCA	P	TCA	S	364
NC_045512.2	29363	C	G	59046	24324	42	4	4	37	6.77128e-05	59073	1	FALSE	N:cds-YP_009724397.2	CCA	P	GCA	A	364
NC_045512.2	29363	C	A	59046	24324	42	4	4	46	6.77128e-05	59073	0.745919	FALSE	N:cds-YP_009724397.2	CCA	P	ACA	T	364
NC_045512.2	29364	C	T	62353	24222	42	15	2	38	0.000240485	62374	1	FALSE	N:cds-YP_009724397.2	CCA	P	CTA	L	364
NC_045512.2	29364	C	A	62353	24222	42	6	2	39	9.61939e-05	62374	1	FALSE	N:cds-YP_009724397.2	CCA	P	CAA	Q	364
NC_045512.2	29365	A	T	62089	24022	42	2	1	25	3.22061e-05	62100	1	FALSE	N:cds-YP_009724397.2	CCA	P	CCT	P	364
NC_045512.2	29365	A	G	62089	24022	42	7	3	35	0.000112721	62100	1	FALSE	N:cds-YP_009724397.2	CCA	P	CCG	P	364
NC_045512.2	29365	A	C	62089	24022	42	2	0	37	3.22061e-05	62100	1	FALSE	N:cds-YP_009724397.2	CCA	P	CCC	P	364
NC_045512.2	29365	A	-C	62089	24022	42	1	0	20	1.61031e-05	62100	1	FALSE	NA	NA	NA	NA	NA	NA
NC_045512.2	29366	C	T	62487	24148	42	4	2	34	6.40061e-05	62494	1	FALSE	N:cds-YP_009724397.2	CCA	P	TCA	S	365
NC_045512.2	29366	C	G	62487	24148	42	1	0	37	1.60015e-05	62494	1	FALSE	N:cds-YP_009724397.2	CCA	P	GCA	A	365
NC_045512.2	29366	C	A	62487	24148	42	2	1	33	3.20031e-05	62494	1	FALSE	N:cds-YP_009724397.2	CCA	P	ACA	T	365
NC_045512.2	29367	C	T	55285	26131	40	7	3	38	0.000126596	55294	1	FALSE	N:cds-YP_009724397.2	CCA	P	CTA	L	365
NC_045512.2	29367	C	A	55285	26131	40	2	2	37	3.61703e-05	55294	1	FALSE	N:cds-YP_009724397.2	CCA	P	CAA	Q	365
NC_045512.2	29368	A	T	54086	25526	39	1	0	37	1.84867e-05	54093	1	FALSE	N:cds-YP_009724397.2	CCA	P	CCT	P	365
NC_045512.2	29368	A	G	54086	25526	39	6	1	37	0.00011092	54093	1	FALSE	N:cds-YP_009724397.2	CCA	P	CCG	P	365
NC_045512.2	29369	A	T	53105	24940	39	2	2	30	3.76584e-05	53109	1	FALSE	N:cds-YP_009724397.2	ACA	T	TCA	S	366
NC_045512.2	29369	A	C	53105	24940	39	2	2	25	3.76584e-05	53109	1	FALSE	N:cds-YP_009724397.2	ACA	T	CCA	P	366
NC_045512.2	29370	C	T	54197	26663	39	11	6	42	0.000202911	54211	0.105026	FALSE	N:cds-YP_009724397.2	ACA	T	ATA	I	366
NC_045512.2	29370	C	A	54197	26663	39	3	1	33	5.53393e-05	54211	1	FALSE	N:cds-YP_009724397.2	ACA	T	AAA	K	366
NC_045512.2	29371	A	T	51138	24076	39	2	2	37	3.90801e-05	51177	1	FALSE	N:cds-YP_009724397.2	ACA	T	ACT	T	366
NC_045512.2	29371	A	G	51138	24076	39	13	4	39	0.00025402	51177	1	FALSE	N:cds-YP_009724397.2	ACA	T	ACG	T	366
NC_045512.2	29371	A	C	51138	24076	39	24	3	36	0.000468961	51177	0.99946	FALSE	N:cds-YP_009724397.2	ACA	T	ACC	T	366
NC_045512.2	29372	G	T	49153	26355	38	1	1	37	2.03405e-05	49163	1	FALSE	N:cds-YP_009724397.2	GAG	E	TAG	*	367
NC_045512.2	29372	G	C	49153	26355	38	4	4	37	8.1362e-05	49163	1	FALSE	N:cds-YP_009724397.2	GAG	E	CAG	Q	367
NC_045512.2	29372	G	A	49153	26355	38	5	4	37	0.000101702	49163	1	FALSE	N:cds-YP_009724397.2	GAG	E	AAG	K	367
NC_045512.2	29372	G	-A	49153	26355	38	6	0	20	0.000122043	49163	1	FALSE	NA	NA	NA	NA	NA	NA
NC_045512.2	29373	A	T	46682	23735	38	3	0	33	6.42522e-05	46691	1	FALSE	N:cds-YP_009724397.2	GAG	E	GTG	V	367
NC_045512.2	29373	A	G	46682	23735	38	5	3	34	0.000107087	46691	1	FALSE	N:cds-YP_009724397.2	GAG	E	GGG	G	367
NC_045512.2	29373	A	C	46682	23735	38	1	1	25	2.14174e-05	46691	1	FALSE	N:cds-YP_009724397.2	GAG	E	GCG	A	367
NC_045512.2	29374	G	T	48034	23790	38	2	1	55	4.16216e-05	48052	0.249919	FALSE	N:cds-YP_009724397.2	GAG	E	GAT	D	367
NC_045512.2	29374	G	C	48034	23790	38	2	2	37	4.16216e-05	48052	1	FALSE	N:cds-YP_009724397.2	GAG	E	GAC	D	367
NC_045512.2	29374	G	A	48034	23790	38	14	8	38	0.000291351	48052	0.999998	FALSE	N:cds-YP_009724397.2	GAG	E	GAA	E	367
NC_045512.2	29375	C	T	48347	23963	38	41	17	41	0.00084723	48393	4.62812e-09	TRUE	N:cds-YP_009724397.2	CCT	P	TCT	S	368
NC_045512.2	29375	C	A	48347	23963	38	5	1	44	0.000103321	48393	0.499491	FALSE	N:cds-YP_009724397.2	CCT	P	ACT	T	368
NC_045512.2	29376	C	A	48644	24522	38	10	5	33	0.000205533	48654	1	FALSE	N:cds-YP_009724397.2	CCT	P	CAT	H	368
NC_045512.2	29377	T	G	47752	24990	38	2	1	31	4.18725e-05	47764	1	FALSE	N:cds-YP_009724397.2	CCT	P	CCG	P	368
NC_045512.2	29377	T	C	47752	24990	38	7	7	33	0.000146554	47764	1	FALSE	N:cds-YP_009724397.2	CCT	P	CCC	P	368
NC_045512.2	29377	T	A	47752	24990	38	3	1	37	6.28088e-05	47764	1	FALSE	N:cds-YP_009724397.2	CCT	P	CCA	P	368
NC_045512.2	29377	T	-A	47752	24990	38	49	0	20	0.00102588	47764	1	FALSE	NA	NA	NA	NA	NA	NA
NC_045512.2	29377	T	+A	47752	24990	38	6	0	20	0.000125618	47764	1	FALSE	NA	NA	NA	NA	NA	NA
NC_045512.2	29378	A	T	48070	25038	38	15	10	36	0.000311915	48090	0.999994	FALSE	N:cds-YP_009724397.2	AAA	K	TAA	*	369
NC_045512.2	29378	A	G	48070	25038	38	4	1	46	8.31774e-05	48090	0.635997	FALSE	N:cds-YP_009724397.2	AAA	K	GAA	E	369
NC_045512.2	29378	A	C	48070	25038	38	1	0	37	2.07943e-05	48090	1	FALSE	N:cds-YP_009724397.2	AAA	K	CAA	Q	369
NC_045512.2	29379	A	T	48016	24748	38	5	2	34	0.000104115	48024	1	FALSE	N:cds-YP_009724397.2	AAA	K	ATA	I	369
NC_045512.2	29379	A	G	48016	24748	38	3	0	37	6.24688e-05	48024	1	FALSE	N:cds-YP_009724397.2	AAA	K	AGA	R	369
NC_045512.2	29380	A	T	47888	24567	38	2	2	37	4.17598e-05	47893	1	FALSE	N:cds-YP_009724397.2	AAA	K	AAT	N	369
NC_045512.2	29380	A	G	47888	24567	38	2	1	31	4.17598e-05	47893	1	FALSE	N:cds-YP_009724397.2	AAA	K	AAG	K	369
NC_045512.2	29380	A	C	47888	24567	38	1	1	37	2.08799e-05	47893	1	FALSE	N:cds-YP_009724397.2	AAA	K	AAC	N	369
NC_045512.2	29381	A	T	46665	23497	38	1	1	25	2.14243e-05	46676	1	FALSE	N:cds-YP_009724397.2	AAG	K	TAG	*	370
NC_045512.2	29381	A	G	46665	23497	38	4	1	37	8.56971e-05	46676	1	FALSE	N:cds-YP_009724397.2	AAG	K	GAG	E	370
NC_045512.2	29381	A	C	46665	23497	38	6	6	29	0.000128546	46676	1	FALSE	N:cds-YP_009724397.2	AAG	K	CAG	Q	370
NC_045512.2	29382	A	T	47276	24562	38	5	0	42	0.000105677	47314	0.499584	FALSE	N:cds-YP_009724397.2	AAG	K	ATG	M	370
NC_045512.2	29382	A	G	47276	24562	38	31	18	36	0.000655197	47314	0.973242	FALSE	N:cds-YP_009724397.2	AAG	K	AGG	R	370
NC_045512.2	29382	A	C	47276	24562	38	2	0	37	4.22708e-05	47314	1	FALSE	N:cds-YP_009724397.2	AAG	K	ACG	T	370
NC_045512.2	29383	G	T	47417	23295	38	8	3	35	0.000168638	47439	1	FALSE	N:cds-YP_009724397.2	AAG	K	AAT	N	370
NC_045512.2	29383	G	C	47417	23295	38	1	0	37	2.10797e-05	47439	1	FALSE	N:cds-YP_009724397.2	AAG	K	AAC	N	370
NC_045512.2	29383	G	A	47417	23295	38	13	8	36	0.000274036	47439	0.999998	FALSE	N:cds-YP_009724397.2	AAG	K	AAA	K	370
NC_045512.2	29384	G	T	47877	23634	38	1	0	74	2.08834e-05	47885	0.499969	FALSE	N:cds-YP_009724397.2	GAC	D	TAC	Y	371
NC_045512.2	29384	G	C	47877	23634	38	1	0	37	2.08834e-05	47885	1	FALSE	N:cds-YP_009724397.2	GAC	D	CAC	H	371
NC_045512.2	29384	G	A	47877	23634	38	6	4	49	0.0001253	47885	0.376934	FALSE	N:cds-YP_009724397.2	GAC	D	AAC	N	371
NC_045512.2	29385	A	G	48390	24051	39	12	5	36	0.000247924	48402	1	FALSE	N:cds-YP_009724397.2	GAC	D	GGC	G	371
NC_045512.2	29385	A	-C	48390	24051	39	1	0	20	2.06603e-05	48402	1	FALSE	NA	NA	NA	NA	NA	NA
NC_045512.2	29386	C	T	38683	19034	39	9334	4868	38	0.194377	48020	0	TRUE	N:cds-YP_009724397.2	GAC	D	GAT	D	371
NC_045512.2	29386	C	G	38683	19034	39	1	1	25	2.08247e-05	48020	1	FALSE	N:cds-YP_009724397.2	GAC	D	GAG	E	371
NC_045512.2	29386	C	A	38683	19034	39	2	2	37	4.16493e-05	48020	1	FALSE	N:cds-YP_009724397.2	GAC	D	GAA	E	371
NC_045512.2	29386	C	-A	38683	19034	39	4	0	20	8.32969e-05	48021	1	FALSE	NA	NA	NA	NA	NA	NA
NC_045512.2	29386	C	+AAA	38683	19034	39	1	0	20	2.08242e-05	48021	1	FALSE	NA	NA	NA	NA	NA	NA
NC_045512.2	29387	A	T	47926	23961	38	1	1	37	2.08625e-05	47933	1	FALSE	N:cds-YP_009724397.2	AAA	K	TAA	*	372
NC_045512.2	29387	A	G	47926	23961	38	6	2	35	0.000125175	47933	1	FALSE	N:cds-YP_009724397.2	AAA	K	GAA	E	372
NC_045512.2	29388	A	T	47980	23795	38	1	0	74	2.08394e-05	47986	0.499979	FALSE	N:cds-YP_009724397.2	AAA	K	ATA	I	372
NC_045512.2	29388	A	G	47980	23795	38	4	0	37	8.33576e-05	47986	1	FALSE	N:cds-YP_009724397.2	AAA	K	AGA	R	372
NC_045512.2	29388	A	C	47980	23795	38	1	0	25	2.08394e-05	47986	1	FALSE	N:cds-YP_009724397.2	AAA	K	ACA	T	372
NC_045512.2	29389	A	G	47902	23721	38	6	3	43	0.000125237	47909	0.376947	FALSE	N:cds-YP_009724397.2	AAA	K	AAG	K	372
NC_045512.2	29389	A	C	47902	23721	38	1	1	25	2.08729e-05	47909	1	FALSE	N:cds-YP_009724397.2	AAA	K	AAC	N	372
NC_045512.2	29389	A	-AAG	47902	23721	38	1	0	20	2.08729e-05	47909	1	FALSE	NA	NA	NA	NA	NA	NA
NC_045512.2	29390	A	T	47707	23603	38	1	1	25	2.0956e-05	47719	1	FALSE	N:cds-YP_009724397.2	AAG	K	TAG	*	373
NC_045512.2	29390	A	G	47707	23603	38	9	4	35	0.000188604	47719	1	FALSE	N:cds-YP_009724397.2	AAG	K	GAG	E	373
NC_045512.2	29390	A	C	47707	23603	38	2	2	31	4.1912e-05	47719	1	FALSE	N:cds-YP_009724397.2	AAG	K	CAG	Q	373
NC_045512.2	29391	A	T	47287	24485	38	1	0	37	2.11367e-05	47311	1	FALSE	N:cds-YP_009724397.2	AAG	K	ATG	M	373
NC_045512.2	29391	A	G	47287	24485	38	23	17	37	0.000486145	47311	0.99873	FALSE	N:cds-YP_009724397.2	AAG	K	AGG	R	373
NC_045512.2	29392	G	T	48584	24137	38	3	1	37	6.17436e-05	48588	1	FALSE	N:cds-YP_009724397.2	AAG	K	AAT	N	373
NC_045512.2	29392	G	A	48584	24137	38	1	1	37	2.05812e-05	48588	1	FALSE	N:cds-YP_009724397.2	AAG	K	AAA	K	373
NC_045512.2	29393	A	G	48481	23784	38	3	1	40	6.18761e-05	48484	0.773454	FALSE	N:cds-YP_009724397.2	AAG	K	GAG	E	374
NC_045512.2	29394	A	T	48268	23390	38	5	2	37	0.000103548	48287	1	FALSE	N:cds-YP_009724397.2	AAG	K	ATG	M	374
NC_045512.2	29394	A	G	48268	23390	38	12	3	35	0.000248514	48287	1	FALSE	N:cds-YP_009724397.2	AAG	K	AGG	R	374
NC_045512.2	29394	A	C	48268	23390	38	2	2	37	4.1419e-05	48287	1	FALSE	N:cds-YP_009724397.2	AAG	K	ACG	T	374
NC_045512.2	29395	G	T	47687	23661	38	3	1	25	6.29036e-05	47692	1	FALSE	N:cds-YP_009724397.2	AAG	K	AAT	N	374
NC_045512.2	29395	G	A	47687	23661	38	2	1	37	4.19358e-05	47692	1	FALSE	N:cds-YP_009724397.2	AAG	K	AAA	K	374
NC_045512.2	29395	G	-A	47687	23661	38	7	0	20	0.000146775	47692	1	FALSE	NA	NA	NA	NA	NA	NA
NC_045512.2	29396	A	T	47224	22839	38	2	2	31	4.23307e-05	47247	1	FALSE	N:cds-YP_009724397.2	AAG	K	TAG	*	375
NC_045512.2	29396	A	G	47224	22839	38	17	7	35	0.000359811	47247	0.999961	FALSE	N:cds-YP_009724397.2	AAG	K	GAG	E	375
NC_045512.2	29396	A	C	47224	22839	38	4	4	28	8.46615e-05	47247	1	FALSE	N:cds-YP_009724397.2	AAG	K	CAG	Q	375
NC_045512.2	29397	A	T	47433	22936	38	12	5	40	0.000252855	47458	0.038352	FALSE	N:cds-YP_009724397.2	AAG	K	ATG	M	375
NC_045512.2	29397	A	G	47433	22936	38	12	8	40	0.000252855	47458	0.038352	FALSE	N:cds-YP_009724397.2	AAG	K	AGG	R	375
NC_045512.2	29397	A	C	47433	22936	38	1	1	25	2.10713e-05	47458	1	FALSE	N:cds-YP_009724397.2	AAG	K	ACG	T	375
NC_045512.2	29398	G	T	48820	24390	38	1	0	25	2.04826e-05	48822	1	FALSE	N:cds-YP_009724397.2	AAG	K	AAT	N	375
NC_045512.2	29398	G	C	48820	24390	38	1	1	37	2.04826e-05	48822	1	FALSE	N:cds-YP_009724397.2	AAG	K	AAC	N	375
NC_045512.2	29399	G	T	49666	25343	39	3	0	33	6.03877e-05	49679	1	FALSE	N:cds-YP_009724397.2	GCT	A	TCT	S	376
NC_045512.2	29399	G	C	49666	25343	39	1	0	37	2.01292e-05	49679	1	FALSE	N:cds-YP_009724397.2	GCT	A	CCT	P	376
NC_045512.2	29399	G	A	49666	25343	39	9	4	37	0.000181163	49679	1	FALSE	N:cds-YP_009724397.2	GCT	A	ACT	T	376
NC_045512.2	29400	C	T	49950	25551	39	37	18	41	0.000740133	49991	5.09689e-08	TRUE	N:cds-YP_009724397.2	GCT	A	GTT	V	376
NC_045512.2	29400	C	G	49950	25551	39	2	1	37	4.00072e-05	49991	1	FALSE	N:cds-YP_009724397.2	GCT	A	GGT	G	376
NC_045512.2	29400	C	A	49950	25551	39	2	2	37	4.00072e-05	49991	1	FALSE	N:cds-YP_009724397.2	GCT	A	GAT	D	376
NC_045512.2	29401	T	C	47831	24372	39	8	6	40	0.000167224	47840	0.193832	FALSE	N:cds-YP_009724397.2	GCT	A	GCC	A	376
NC_045512.2	29401	T	A	47831	24372	39	1	0	25	2.0903e-05	47840	1	FALSE	N:cds-YP_009724397.2	GCT	A	GCA	A	376
NC_045512.2	29401	T	-G	47831	24372	39	1	0	20	2.0903e-05	47840	1	FALSE	NA	NA	NA	NA	NA	NA
NC_045512.2	29402	G	T	48484	24587	39	3	1	37	6.18518e-05	48503	1	FALSE	N:cds-YP_009724397.2	GAT	D	TAT	Y	377
NC_045512.2	29402	G	C	48484	24587	39	1	0	37	2.06173e-05	48503	1	FALSE	N:cds-YP_009724397.2	GAT	D	CAT	H	377
NC_045512.2	29402	G	A	48484	24587	39	15	6	37	0.000309259	48503	0.999994	FALSE	N:cds-YP_009724397.2	GAT	D	AAT	N	377
NC_045512.2	29403	A	T	48889	25057	39	4	2	37	8.17929e-05	48904	1	FALSE	N:cds-YP_009724397.2	GAT	D	GTT	V	377
NC_045512.2	29403	A	G	48889	25057	39	11	3	34	0.00022493	48904	1	FALSE	N:cds-YP_009724397.2	GAT	D	GGT	G	377
NC_045512.2	29404	T	C	48940	25050	39	7	4	35	0.000143006	48949	1	FALSE	N:cds-YP_009724397.2	GAT	D	GAC	D	377
NC_045512.2	29404	T	A	48940	25050	39	2	0	37	4.08589e-05	48949	1	FALSE	N:cds-YP_009724397.2	GAT	D	GAA	E	377
NC_045512.2	29405	G	A	48929	25118	39	1	1	37	2.04374e-05	48930	1	FALSE	N:cds-YP_009724397.2	GAA	E	AAA	K	378
NC_045512.2	29405	G	-A	48929	25118	39	3	0	20	6.13121e-05	48930	1	FALSE	NA	NA	NA	NA	NA	NA
NC_045512.2	29406	A	T	48981	25144	39	1	1	37	2.0414e-05	48986	1	FALSE	N:cds-YP_009724397.2	GAA	E	GTA	V	378
NC_045512.2	29406	A	G	48981	25144	39	4	4	46	8.1656e-05	48986	0.636691	FALSE	N:cds-YP_009724397.2	GAA	E	GGA	G	378
NC_045512.2	29407	A	T	48390	24455	39	1	0	37	2.06616e-05	48399	1	FALSE	N:cds-YP_009724397.2	GAA	E	GAT	D	378
NC_045512.2	29407	A	G	48390	24455	39	8	8	37	0.000165293	48399	1	FALSE	N:cds-YP_009724397.2	GAA	E	GAG	E	378
NC_045512.2	29408	A	T	51368	24676	39	1	1	25	1.94636e-05	51378	1	FALSE	N:cds-YP_009724397.2	ACT	T	TCT	S	379
NC_045512.2	29408	A	G	51368	24676	39	6	2	37	0.000116782	51378	1	FALSE	N:cds-YP_009724397.2	ACT	T	GCT	A	379
NC_045512.2	29408	A	C	51368	24676	39	3	2	37	5.83908e-05	51378	1	FALSE	N:cds-YP_009724397.2	ACT	T	CCT	P	379
NC_045512.2	29409	C	T	54947	29556	40	9	5	45	0.000163752	54961	0.21192	FALSE	N:cds-YP_009724397.2	ACT	T	ATT	I	379
NC_045512.2	29409	C	A	54947	29556	40	5	5	44	9.09736e-05	54961	0.622963	FALSE	N:cds-YP_009724397.2	ACT	T	AAT	N	379
NC_045512.2	29410	T	G	54976	29758	40	1	1	37	1.81838e-05	54994	1	FALSE	N:cds-YP_009724397.2	ACT	T	ACG	T	379
NC_045512.2	29410	T	C	54976	29758	40	11	6	38	0.000200022	54994	1	FALSE	N:cds-YP_009724397.2	ACT	T	ACC	T	379
NC_045512.2	29410	T	A	54976	29758	40	6	3	35	0.000109103	54994	1	FALSE	N:cds-YP_009724397.2	ACT	T	ACA	T	379
NC_045512.2	29411	C	T	54923	29658	41	2	1	55	3.64106e-05	54929	0.249984	FALSE	N:cds-YP_009724397.2	CAA	Q	TAA	*	380
NC_045512.2	29411	C	G	54923	29658	41	1	0	37	1.82053e-05	54929	1	FALSE	N:cds-YP_009724397.2	CAA	Q	GAA	E	380
NC_045512.2	29411	C	A	54923	29658	41	3	2	49	5.4616e-05	54929	0.855466	FALSE	N:cds-YP_009724397.2	CAA	Q	AAA	K	380
NC_045512.2	29411	C	-A	54923	29658	41	1	0	20	1.82053e-05	54929	1	FALSE	NA	NA	NA	NA	NA	NA
NC_045512.2	29412	A	T	54277	29060	40	8	6	41	0.000147289	54315	0.290169	FALSE	N:cds-YP_009724397.2	CAA	Q	CTA	L	380
NC_045512.2	29412	A	G	54277	29060	40	30	20	44	0.000552334	54315	1.11287e-05	TRUE	N:cds-YP_009724397.2	CAA	Q	CGA	R	380
NC_045512.2	29413	A	T	54110	28741	40	7	2	42	0.000129278	54147	0.386838	FALSE	N:cds-YP_009724397.2	CAA	Q	CAT	H	380
NC_045512.2	29413	A	G	54110	28741	40	25	19	40	0.000461706	54147	0.00016183	TRUE	N:cds-YP_009724397.2	CAA	Q	CAG	Q	380
NC_045512.2	29413	A	C	54110	28741	40	5	1	34	9.23412e-05	54147	1	FALSE	N:cds-YP_009724397.2	CAA	Q	CAC	H	380
NC_045512.2	29414	G	T	54425	29868	40	2	1	49	3.67397e-05	54437	0.937479	FALSE	N:cds-YP_009724397.2	GCC	A	TCC	S	381
NC_045512.2	29414	G	A	54425	29868	40	10	6	35	0.000183699	54437	1	FALSE	N:cds-YP_009724397.2	GCC	A	ACC	T	381
NC_045512.2	29415	C	T	55605	29880	41	51	29	40	0.000916294	55659	5.79223e-11	TRUE	N:cds-YP_009724397.2	GCC	A	GTC	V	381
NC_045512.2	29415	C	G	55605	29880	41	1	1	37	1.79665e-05	55659	1	FALSE	N:cds-YP_009724397.2	GCC	A	GGC	G	381
NC_045512.2	29415	C	A	55605	29880	41	2	0	37	3.59331e-05	55659	1	FALSE	N:cds-YP_009724397.2	GCC	A	GAC	D	381
NC_045512.2	29416	C	T	54605	30439	40	6	2	37	0.000109856	54617	1	FALSE	N:cds-YP_009724397.2	GCC	A	GCT	A	381
NC_045512.2	29416	C	G	54605	30439	40	2	1	37	3.66186e-05	54617	1	FALSE	N:cds-YP_009724397.2	GCC	A	GCG	A	381
NC_045512.2	29416	C	A	54605	30439	40	4	3	46	7.32373e-05	54617	0.74604	FALSE	N:cds-YP_009724397.2	GCC	A	GCA	A	381
NC_045512.2	29416	C	-T	54605	30439	40	2	0	20	3.66186e-05	54617	1	FALSE	NA	NA	NA	NA	NA	NA
NC_045512.2	29417	T	G	50521	26394	40	2	1	37	3.95757e-05	50536	1	FALSE	N:cds-YP_009724397.2	TTA	L	GTA	V	382
NC_045512.2	29417	T	C	50521	26394	40	9	2	45	0.000178091	50536	0.211872	FALSE	N:cds-YP_009724397.2	TTA	L	CTA	L	382
NC_045512.2	29417	T	A	50521	26394	40	4	1	31	7.91515e-05	50536	1	FALSE	N:cds-YP_009724397.2	TTA	L	ATA	I	382
NC_045512.2	29418	T	G	50762	26675	41	1	1	25	1.96967e-05	50770	1	FALSE	N:cds-YP_009724397.2	TTA	L	TGA	*	382
NC_045512.2	29418	T	C	50762	26675	41	5	4	37	9.84834e-05	50770	1	FALSE	N:cds-YP_009724397.2	TTA	L	TCA	S	382
NC_045512.2	29418	T	A	50762	26675	41	2	1	37	3.93933e-05	50770	1	FALSE	N:cds-YP_009724397.2	TTA	L	TAA	*	382
NC_045512.2	29419	A	T	52599	28691	41	2	2	25	3.80163e-05	52609	1	FALSE	N:cds-YP_009724397.2	TTA	L	TTT	F	382
NC_045512.2	29419	A	G	52599	28691	41	8	6	37	0.000152065	52609	1	FALSE	N:cds-YP_009724397.2	TTA	L	TTG	L	382
NC_045512.2	29420	C	T	52832	28974	41	10	7	39	0.000189226	52847	1	FALSE	N:cds-YP_009724397.2	CCG	P	TCG	S	383
NC_045512.2	29420	C	G	52832	28974	41	4	3	37	7.56902e-05	52847	1	FALSE	N:cds-YP_009724397.2	CCG	P	GCG	A	383
NC_045512.2	29420	C	A	52832	28974	41	1	0	37	1.89226e-05	52847	1	FALSE	N:cds-YP_009724397.2	CCG	P	ACG	T	383
NC_045512.2	29421	C	T	52729	28937	41	6	2	35	0.000113738	52753	1	FALSE	N:cds-YP_009724397.2	CCG	P	CTG	L	383
NC_045512.2	29421	C	G	52729	28937	41	1	1	37	1.89563e-05	52753	1	FALSE	N:cds-YP_009724397.2	CCG	P	CGG	R	383
NC_045512.2	29421	C	A	52729	28937	41	17	15	41	0.000322257	52753	0.00843864	TRUE	N:cds-YP_009724397.2	CCG	P	CAG	Q	383
NC_045512.2	29422	G	T	52430	28743	41	2	1	55	3.81047e-05	52487	0.24974	FALSE	N:cds-YP_009724397.2	CCG	P	CCT	P	383
NC_045512.2	29422	G	C	52430	28743	41	1	1	25	1.90523e-05	52487	1	FALSE	N:cds-YP_009724397.2	CCG	P	CCC	P	383
NC_045512.2	29422	G	A	52430	28743	41	54	22	42	0.00102883	52487	9.41816e-12	TRUE	N:cds-YP_009724397.2	CCG	P	CCA	P	383
NC_045512.2	29423	C	T	52222	28502	41	15	11	40	0.000287125	52242	0.0206767	FALSE	N:cds-YP_009724397.2	CAG	Q	TAG	*	384
NC_045512.2	29423	C	A	52222	28502	41	5	3	34	9.57084e-05	52242	1	FALSE	N:cds-YP_009724397.2	CAG	Q	AAG	K	384
NC_045512.2	29424	A	T	51410	27870	41	2	1	55	3.88908e-05	51426	0.249934	FALSE	N:cds-YP_009724397.2	CAG	Q	CTG	L	384
NC_045512.2	29424	A	G	51410	27870	41	13	6	37	0.00025279	51426	1	FALSE	N:cds-YP_009724397.2	CAG	Q	CGG	R	384
NC_045512.2	29424	A	C	51410	27870	41	1	0	37	1.94454e-05	51426	1	FALSE	N:cds-YP_009724397.2	CAG	Q	CCG	P	384
NC_045512.2	29425	G	T	53224	30684	42	2	1	37	3.75749e-05	53227	1	FALSE	N:cds-YP_009724397.2	CAG	Q	CAT	H	384
NC_045512.2	29425	G	A	53224	30684	42	1	1	37	1.87875e-05	53227	1	FALSE	N:cds-YP_009724397.2	CAG	Q	CAA	Q	384
NC_045512.2	29426	A	T	53550	30666	42	2	2	49	3.73434e-05	53557	0.937494	FALSE	N:cds-YP_009724397.2	AGA	R	TGA	*	385
NC_045512.2	29426	A	G	53550	30666	42	5	5	34	9.33585e-05	53557	1	FALSE	N:cds-YP_009724397.2	AGA	R	GGA	G	385
NC_045512.2	29427	G	T	53471	30580	42	3	2	37	5.60989e-05	53477	1	FALSE	N:cds-YP_009724397.2	AGA	R	ATA	I	385
NC_045512.2	29427	G	C	53471	30580	42	1	0	37	1.86996e-05	53477	1	FALSE	N:cds-YP_009724397.2	AGA	R	ACA	T	385
NC_045512.2	29427	G	A	53471	30580	42	2	2	37	3.73993e-05	53477	1	FALSE	N:cds-YP_009724397.2	AGA	R	AAA	K	385
NC_045512.2	29428	A	T	53704	30721	42	3	2	28	5.58503e-05	53715	1	FALSE	N:cds-YP_009724397.2	AGA	R	AGT	S	385
NC_045512.2	29428	A	G	53704	30721	42	7	6	37	0.000130317	53715	1	FALSE	N:cds-YP_009724397.2	AGA	R	AGG	R	385
NC_045512.2	29428	A	C	53704	30721	42	1	1	37	1.86168e-05	53715	1	FALSE	N:cds-YP_009724397.2	AGA	R	AGC	S	385
NC_045512.2	29429	C	T	53675	30654	42	8	6	40	0.000149015	53686	0.290492	FALSE	N:cds-YP_009724397.2	CAG	Q	TAG	*	386
NC_045512.2	29429	C	G	53675	30654	42	2	1	37	3.72537e-05	53686	1	FALSE	N:cds-YP_009724397.2	CAG	Q	GAG	E	386
NC_045512.2	29429	C	A	53675	30654	42	1	0	74	1.86268e-05	53686	0.499958	FALSE	N:cds-YP_009724397.2	CAG	Q	AAG	K	386
NC_045512.2	29430	A	T	55366	33365	43	2	0	37	3.61083e-05	55389	1	FALSE	N:cds-YP_009724397.2	CAG	Q	CTG	L	386
NC_045512.2	29430	A	G	55366	33365	43	20	17	38	0.000361083	55389	0.999989	FALSE	N:cds-YP_009724397.2	CAG	Q	CGG	R	386
NC_045512.2	29430	A	C	55366	33365	43	1	1	37	1.80541e-05	55389	1	FALSE	N:cds-YP_009724397.2	CAG	Q	CCG	P	386
NC_045512.2	29430	A	+G	55366	33365	43	14	0	20	0.000252758	55389	1	FALSE	NA	NA	NA	NA	NA	NA
NC_045512.2	29431	G	T	55484	33504	43	6	5	31	0.000108116	55496	1	FALSE	N:cds-YP_009724397.2	CAG	Q	CAT	H	386
NC_045512.2	29431	G	C	55484	33504	43	1	1	37	1.80193e-05	55496	1	FALSE	N:cds-YP_009724397.2	CAG	Q	CAC	H	386
NC_045512.2	29431	G	A	55484	33504	43	5	3	44	9.00966e-05	55496	0.622986	FALSE	N:cds-YP_009724397.2	CAG	Q	CAA	Q	386
NC_045512.2	29431	G	-AAGAA	55484	33504	43	3	0	20	5.4058e-05	55496	1	FALSE	NA	NA	NA	NA	NA	NA
NC_045512.2	29431	G	-A	55484	33504	43	1	0	20	1.80193e-05	55496	1	FALSE	NA	NA	NA	NA	NA	NA
NC_045512.2	29432	A	T	54821	32917	43	12	10	39	0.000218774	54851	1	FALSE	N:cds-YP_009724397.2	AAG	K	TAG	*	387
NC_045512.2	29432	A	G	54821	32917	43	15	9	41	0.000273468	54851	0.0206493	FALSE	N:cds-YP_009724397.2	AAG	K	GAG	E	387
NC_045512.2	29432	A	C	54821	32917	43	3	2	37	5.46936e-05	54851	1	FALSE	N:cds-YP_009724397.2	AAG	K	CAG	Q	387
NC_045512.2	29433	A	T	53248	32932	42	1	1	37	1.87744e-05	53264	1	FALSE	N:cds-YP_009724397.2	AAG	K	ATG	M	387
NC_045512.2	29433	A	G	53248	32932	42	11	7	39	0.000206518	53264	1	FALSE	N:cds-YP_009724397.2	AAG	K	AGG	R	387
NC_045512.2	29433	A	C	53248	32932	42	4	4	26	7.50976e-05	53264	1	FALSE	N:cds-YP_009724397.2	AAG	K	ACG	T	387
NC_045512.2	29434	G	T	53890	33863	42	2	1	55	3.71092e-05	53895	0.249974	FALSE	N:cds-YP_009724397.2	AAG	K	AAT	N	387
NC_045512.2	29434	G	A	53890	33863	42	3	1	33	5.56638e-05	53895	1	FALSE	N:cds-YP_009724397.2	AAG	K	AAA	K	387
NC_045512.2	29434	G	-A	53890	33863	42	1	0	20	1.85536e-05	53898	1	FALSE	NA	NA	NA	NA	NA	NA
NC_045512.2	29435	A	T	60969	43396	45	1	1	37	1.63996e-05	60977	1	FALSE	N:cds-YP_009724397.2	AAA	K	TAA	*	388
NC_045512.2	29435	A	G	60969	43396	45	7	6	41	0.000114797	60977	0.499952	FALSE	N:cds-YP_009724397.2	AAA	K	GAA	E	388
NC_045512.2	29436	A	G	59131	41874	44	23	19	38	0.00038873	59167	0.999984	FALSE	N:cds-YP_009724397.2	AAA	K	AGA	R	388
NC_045512.2	29436	A	C	59131	41874	44	13	13	25	0.000219717	59167	1	FALSE	N:cds-YP_009724397.2	AAA	K	ACA	T	388
NC_045512.2	29437	A	T	59886	42794	45	2	1	33	3.33834e-05	59910	1	FALSE	N:cds-YP_009724397.2	AAA	K	AAT	N	388
NC_045512.2	29437	A	G	59886	42794	45	14	12	41	0.000233684	59910	0.0317504	FALSE	N:cds-YP_009724397.2	AAA	K	AAG	K	388
NC_045512.2	29437	A	C	59886	42794	45	8	8	27	0.000133534	59910	1	FALSE	N:cds-YP_009724397.2	AAA	K	AAC	N	388
NC_045512.2	29438	C	T	62945	45810	46	20	15	45	0.000317596	62973	0.0046703	TRUE	N:cds-YP_009724397.2	CAG	Q	TAG	*	389
NC_045512.2	29438	C	G	62945	45810	46	1	0	37	1.58798e-05	62973	1	FALSE	N:cds-YP_009724397.2	CAG	Q	GAG	E	389
NC_045512.2	29438	C	A	62945	45810	46	7	5	38	0.000111159	62973	1	FALSE	N:cds-YP_009724397.2	CAG	Q	AAG	K	389
NC_045512.2	29439	A	T	59331	43382	44	1	0	37	1.68489e-05	59351	1	FALSE	N:cds-YP_009724397.2	CAG	Q	CTG	L	389
NC_045512.2	29439	A	G	59331	43382	44	13	10	31	0.000219036	59351	1	FALSE	N:cds-YP_009724397.2	CAG	Q	CGG	R	389
NC_045512.2	29439	A	C	59331	43382	44	6	6	31	0.000101093	59351	1	FALSE	N:cds-YP_009724397.2	CAG	Q	CCG	P	389
NC_045512.2	29440	G	T	60437	44674	44	4	4	37	6.60949e-05	60519	1	FALSE	N:cds-YP_009724397.2	CAG	Q	CAT	H	389
NC_045512.2	29440	G	C	60437	44674	44	5	3	50	8.26187e-05	60519	0.0311494	FALSE	N:cds-YP_009724397.2	CAG	Q	CAC	H	389
NC_045512.2	29440	G	A	60437	44674	44	73	51	43	0.00120623	60519	4.88507e-16	TRUE	N:cds-YP_009724397.2	CAG	Q	CAA	Q	389
NC_045512.2	29440	G	-CAAA	60437	44674	44	1	0	20	1.65237e-05	60519	1	FALSE	NA	NA	NA	NA	NA	NA
NC_045512.2	29441	C	T	62829	47833	45	43	31	43	0.000683907	62874	2.84694e-08	TRUE	N:cds-YP_009724397.2	CAA	Q	TAA	*	390
NC_045512.2	29441	C	A	62829	47833	45	2	1	55	3.18097e-05	62874	0.249827	FALSE	N:cds-YP_009724397.2	CAA	Q	AAA	K	390
NC_045512.2	29442	A	T	62899	48104	45	1	1	37	1.58972e-05	62904	1	FALSE	N:cds-YP_009724397.2	CAA	Q	CTA	L	390
NC_045512.2	29442	A	G	62899	48104	45	4	3	34	6.3589e-05	62904	1	FALSE	N:cds-YP_009724397.2	CAA	Q	CGA	R	390
NC_045512.2	29443	A	T	63915	49723	45	2	2	25	3.12837e-05	63931	1	FALSE	N:cds-YP_009724397.2	CAA	Q	CAT	H	390
NC_045512.2	29443	A	G	63915	49723	45	11	9	34	0.000172061	63931	1	FALSE	N:cds-YP_009724397.2	CAA	Q	CAG	Q	390
NC_045512.2	29443	A	C	63915	49723	45	3	2	24	4.69256e-05	63931	1	FALSE	N:cds-YP_009724397.2	CAA	Q	CAC	H	390
NC_045512.2	29444	A	T	62782	48587	45	2	2	31	3.1837e-05	62820	1	FALSE	N:cds-YP_009724397.2	ACT	T	TCT	S	391
NC_045512.2	29444	A	G	62782	48587	45	34	34	37	0.000541229	62820	0.998565	FALSE	N:cds-YP_009724397.2	ACT	T	GCT	A	391
NC_045512.2	29444	A	C	62782	48587	45	2	1	49	3.1837e-05	62820	0.964785	FALSE	N:cds-YP_009724397.2	ACT	T	CCT	P	391
NC_045512.2	29445	C	T	66721	53024	46	10	6	40	0.000149849	66734	0.227217	FALSE	N:cds-YP_009724397.2	ACT	T	ATT	I	391
NC_045512.2	29445	C	A	66721	53024	46	3	2	33	4.49546e-05	66734	1	FALSE	N:cds-YP_009724397.2	ACT	T	AAT	N	391
NC_045512.2	29446	T	G	66247	53143	45	3	3	37	4.52639e-05	66278	1	FALSE	N:cds-YP_009724397.2	ACT	T	ACG	T	391
NC_045512.2	29446	T	C	66247	53143	45	18	12	52	0.000271583	66278	3.80409e-06	TRUE	N:cds-YP_009724397.2	ACT	T	ACC	T	391
NC_045512.2	29446	T	A	66247	53143	45	10	4	61	0.00015088	66278	0.000974759	TRUE	N:cds-YP_009724397.2	ACT	T	ACA	T	391
NC_045512.2	29447	G	T	66560	53418	46	10	9	38	0.000150175	66589	1	FALSE	N:cds-YP_009724397.2	GTG	V	TTG	L	392
NC_045512.2	29447	G	C	66560	53418	46	1	0	37	1.50175e-05	66589	1	FALSE	N:cds-YP_009724397.2	GTG	V	CTG	L	392
NC_045512.2	29447	G	A	66560	53418	46	18	16	40	0.000270315	66589	0.0113111	FALSE	N:cds-YP_009724397.2	GTG	V	ATG	M	392
NC_045512.2	29448	T	C	65809	52717	46	6	5	55	9.11605e-05	65818	0.0156218	FALSE	N:cds-YP_009724397.2	GTG	V	GCG	A	392
NC_045512.2	29448	T	A	65809	52717	46	3	3	33	4.55802e-05	65818	1	FALSE	N:cds-YP_009724397.2	GTG	V	GAG	E	392
NC_045512.2	29449	G	T	65969	52865	46	1	0	25	1.51563e-05	65979	1	FALSE	N:cds-YP_009724397.2	GTG	V	GTT	V	392
NC_045512.2	29449	G	A	65969	52865	46	9	8	38	0.000136407	65979	1	FALSE	N:cds-YP_009724397.2	GTG	V	GTA	V	392
NC_045512.2	29450	A	T	67195	54963	46	6	4	35	8.91941e-05	67269	1	FALSE	N:cds-YP_009724397.2	ACT	T	TCT	S	393
NC_045512.2	29450	A	G	67195	54963	46	68	66	38	0.00101087	67269	0.499827	FALSE	N:cds-YP_009724397.2	ACT	T	GCT	A	393
NC_045512.2	29450	A	+CT	67195	54963	46	1	0	20	1.48657e-05	67269	1	FALSE	NA	NA	NA	NA	NA	NA
NC_045512.2	29451	C	T	68524	58109	45	3	3	49	4.37739e-05	68534	0.910142	FALSE	N:cds-YP_009724397.2	ACT	T	ATT	I	393
NC_045512.2	29451	C	G	68524	58109	45	3	3	33	4.37739e-05	68534	1	FALSE	N:cds-YP_009724397.2	ACT	T	AGT	S	393
NC_045512.2	29451	C	A	68524	58109	45	4	2	52	5.83652e-05	68534	0.0624881	FALSE	N:cds-YP_009724397.2	ACT	T	AAT	N	393
NC_045512.2	29452	T	G	67798	57596	45	1	1	37	1.47447e-05	67821	1	FALSE	N:cds-YP_009724397.2	ACT	T	ACG	T	393
NC_045512.2	29452	T	C	67798	57596	45	16	14	44	0.000235915	67821	0.0262174	FALSE	N:cds-YP_009724397.2	ACT	T	ACC	T	393
NC_045512.2	29452	T	A	67798	57596	45	6	4	30	8.84682e-05	67821	1	FALSE	N:cds-YP_009724397.2	ACT	T	ACA	T	393
NC_045512.2	29453	C	T	68032	57981	45	1	1	37	1.46975e-05	68039	1	FALSE	N:cds-YP_009724397.2	CTT	L	TTT	F	394
NC_045512.2	29453	C	A	68032	57981	45	6	6	41	8.81847e-05	68039	0.612798	FALSE	N:cds-YP_009724397.2	CTT	L	ATT	I	394
NC_045512.2	29453	C	-T	68032	57981	45	1	0	20	1.46975e-05	68039	1	FALSE	NA	NA	NA	NA	NA	NA
NC_045512.2	29454	T	G	65676	55838	45	7	6	33	0.00010653	65709	1	FALSE	N:cds-YP_009724397.2	CTT	L	CGT	R	394
NC_045512.2	29454	T	C	65676	55838	45	21	14	39	0.000319591	65709	1	FALSE	N:cds-YP_009724397.2	CTT	L	CCT	P	394
NC_045512.2	29454	T	A	65676	55838	45	5	4	34	7.60931e-05	65709	1	FALSE	N:cds-YP_009724397.2	CTT	L	CAT	H	394
NC_045512.2	29455	T	G	65126	55303	44	1	0	25	1.53511e-05	65142	1	FALSE	N:cds-YP_009724397.2	CTT	L	CTG	L	394
NC_045512.2	29455	T	C	65126	55303	44	11	8	54	0.000168862	65142	0.00048791	TRUE	N:cds-YP_009724397.2	CTT	L	CTC	L	394
NC_045512.2	29455	T	A	65126	55303	44	4	3	34	6.14043e-05	65142	1	FALSE	N:cds-YP_009724397.2	CTT	L	CTA	L	394
NC_045512.2	29455	T	+CTTC	65126	55303	44	1	0	20	1.53511e-05	65142	1	FALSE	NA	NA	NA	NA	NA	NA
NC_045512.2	29456	C	T	65681	55979	46	5	4	51	7.61186e-05	65687	0.0312476	FALSE	N:cds-YP_009724397.2	CTT	L	TTT	F	395
NC_045512.2	29456	C	A	65681	55979	46	1	1	37	1.52237e-05	65687	1	FALSE	N:cds-YP_009724397.2	CTT	L	ATT	I	395
NC_045512.2	29457	T	G	64309	54650	45	3	3	29	4.66389e-05	64324	1	FALSE	N:cds-YP_009724397.2	CTT	L	CGT	R	395
NC_045512.2	29457	T	C	64309	54650	45	10	5	45	0.000155463	64324	0.227197	FALSE	N:cds-YP_009724397.2	CTT	L	CCT	P	395
NC_045512.2	29457	T	A	64309	54650	45	2	2	37	3.10926e-05	64324	1	FALSE	N:cds-YP_009724397.2	CTT	L	CAT	H	395
NC_045512.2	29458	T	C	65762	56262	46	10	8	44	0.000152033	65775	0.227217	FALSE	N:cds-YP_009724397.2	CTT	L	CTC	L	395
NC_045512.2	29458	T	A	65762	56262	46	3	1	38	4.561e-05	65775	1	FALSE	N:cds-YP_009724397.2	CTT	L	CTA	L	395
NC_045512.2	29458	T	-C	65762	56262	46	3	0	20	4.561e-05	65775	1	FALSE	NA	NA	NA	NA	NA	NA
NC_045512.2	29459	C	T	65081	55713	45	2	2	31	3.07295e-05	65084	1	FALSE	N:cds-YP_009724397.2	CCT	P	TCT	S	396
NC_045512.2	29459	C	A	65081	55713	45	1	1	37	1.53648e-05	65084	1	FALSE	N:cds-YP_009724397.2	CCT	P	ACT	T	396
NC_045512.2	29459	C	-CT	65081	55713	45	1	0	20	1.53641e-05	65087	1	FALSE	NA	NA	NA	NA	NA	NA
NC_045512.2	29460	C	T	63247	54005	46	6	6	37	9.48512e-05	63257	1	FALSE	N:cds-YP_009724397.2	CCT	P	CTT	L	396
NC_045512.2	29460	C	A	63247	54005	46	4	4	34	6.32341e-05	63257	1	FALSE	N:cds-YP_009724397.2	CCT	P	CAT	H	396
NC_045512.2	29461	T	C	62655	53416	46	9	8	52	0.000143619	62666	0.00195228	TRUE	N:cds-YP_009724397.2	CCT	P	CCC	P	396
NC_045512.2	29461	T	A	62655	53416	46	2	2	31	3.19152e-05	62666	1	FALSE	N:cds-YP_009724397.2	CCT	P	CCA	P	396
NC_045512.2	29461	T	-G	62655	53416	46	8	0	20	0.000127659	62667	1	FALSE	NA	NA	NA	NA	NA	NA
NC_045512.2	29462	G	T	62279	53094	46	4	4	43	6.41859e-05	62319	0.827792	FALSE	N:cds-YP_009724397.2	GCT	A	TCT	S	397
NC_045512.2	29462	G	C	62279	53094	46	2	0	37	3.20929e-05	62319	1	FALSE	N:cds-YP_009724397.2	GCT	A	CCT	P	397
NC_045512.2	29462	G	A	62279	53094	46	34	30	43	0.00054558	62319	4.14861e-06	TRUE	N:cds-YP_009724397.2	GCT	A	ACT	T	397
NC_045512.2	29463	C	T	62148	53613	45	10	4	39	0.000160875	62160	1	FALSE	N:cds-YP_009724397.2	GCT	A	GTT	V	397
NC_045512.2	29463	C	G	62148	53613	45	1	1	37	1.60875e-05	62160	1	FALSE	N:cds-YP_009724397.2	GCT	A	GGT	G	397
NC_045512.2	29463	C	A	62148	53613	45	1	1	37	1.60875e-05	62160	1	FALSE	N:cds-YP_009724397.2	GCT	A	GAT	D	397
NC_045512.2	29464	T	G	61713	53238	45	3	2	37	4.85948e-05	61735	1	FALSE	N:cds-YP_009724397.2	GCT	A	GCG	A	397
NC_045512.2	29464	T	C	61713	53238	45	15	7	37	0.000242974	61735	1	FALSE	N:cds-YP_009724397.2	GCT	A	GCC	A	397
NC_045512.2	29464	T	A	61713	53238	45	4	4	34	6.47931e-05	61735	1	FALSE	N:cds-YP_009724397.2	GCT	A	GCA	A	397
NC_045512.2	29464	T	-G	61713	53238	45	1	0	20	1.6198e-05	61736	1	FALSE	NA	NA	NA	NA	NA	NA
NC_045512.2	29465	G	T	61085	54273	43	3	2	33	4.90605e-05	61149	1	FALSE	N:cds-YP_009724397.2	GCA	A	TCA	S	398
NC_045512.2	29465	G	A	61085	54273	43	61	52	44	0.000997563	61149	7.36829e-13	TRUE	N:cds-YP_009724397.2	GCA	A	ACA	T	398
NC_045512.2	29466	C	T	61183	54384	43	20	19	38	0.000326765	61206	0.999999	FALSE	N:cds-YP_009724397.2	GCA	A	GTA	V	398
NC_045512.2	29466	C	G	61183	54384	43	1	1	37	1.63383e-05	61206	1	FALSE	N:cds-YP_009724397.2	GCA	A	GGA	G	398
NC_045512.2	29466	C	A	61183	54384	43	2	2	37	3.26765e-05	61206	1	FALSE	N:cds-YP_009724397.2	GCA	A	GAA	E	398
NC_045512.2	29467	A	T	61131	54431	43	4	4	36	6.54172e-05	61146	1	FALSE	N:cds-YP_009724397.2	GCA	A	GCT	A	398
NC_045512.2	29467	A	G	61131	54431	43	11	10	49	0.000179897	61146	0.166102	FALSE	N:cds-YP_009724397.2	GCA	A	GCG	A	398
NC_045512.2	29467	A	+GATTT	61131	54431	43	1	0	20	1.6354e-05	61147	1	FALSE	NA	NA	NA	NA	NA	NA
NC_045512.2	29468	G	T	61221	54846	43	3	3	37	4.89988e-05	61226	1	FALSE	N:cds-YP_009724397.2	GAT	D	TAT	Y	399
NC_045512.2	29468	G	C	61221	54846	43	1	1	37	1.63329e-05	61226	1	FALSE	N:cds-YP_009724397.2	GAT	D	CAT	H	399
NC_045512.2	29468	G	A	61221	54846	43	1	1	37	1.63329e-05	61226	1	FALSE	N:cds-YP_009724397.2	GAT	D	AAT	N	399
NC_045512.2	29469	A	T	60660	54319	43	4	4	34	6.59326e-05	60668	1	FALSE	N:cds-YP_009724397.2	GAT	D	GTT	V	399
NC_045512.2	29469	A	G	60660	54319	43	3	3	61	4.94495e-05	60668	0.124985	FALSE	N:cds-YP_009724397.2	GAT	D	GGT	G	399
NC_045512.2	29469	A	C	60660	54319	43	1	1	25	1.64832e-05	60668	1	FALSE	N:cds-YP_009724397.2	GAT	D	GCT	A	399
NC_045512.2	29469	A	-T	60660	54319	43	1	0	20	1.64832e-05	60668	1	FALSE	NA	NA	NA	NA	NA	NA
NC_045512.2	29469	A	+T	60660	54319	43	1	0	20	1.64832e-05	60668	1	FALSE	NA	NA	NA	NA	NA	NA
NC_045512.2	29470	T	C	60698	54423	43	3	2	32	4.94218e-05	60702	1	FALSE	N:cds-YP_009724397.2	GAT	D	GAC	D	399
NC_045512.2	29470	T	A	60698	54423	43	1	1	37	1.64739e-05	60702	1	FALSE	N:cds-YP_009724397.2	GAT	D	GAA	E	399
NC_045512.2	29471	T	G	60416	54147	43	1	1	37	1.655e-05	60423	1	FALSE	N:cds-YP_009724397.2	TTG	L	GTG	V	400
NC_045512.2	29471	T	C	60416	54147	43	3	3	37	4.965e-05	60423	1	FALSE	N:cds-YP_009724397.2	TTG	L	CTG	L	400
NC_045512.2	29471	T	A	60416	54147	43	3	2	49	4.965e-05	60423	0.910152	FALSE	N:cds-YP_009724397.2	TTG	L	ATG	M	400
NC_045512.2	29472	T	G	60351	54077	43	1	1	37	1.65664e-05	60363	1	FALSE	N:cds-YP_009724397.2	TTG	L	TGG	W	400
NC_045512.2	29472	T	C	60351	54077	43	9	9	45	0.000149098	60363	0.303585	FALSE	N:cds-YP_009724397.2	TTG	L	TCG	S	400
NC_045512.2	29472	T	A	60351	54077	43	2	1	31	3.31329e-05	60363	1	FALSE	N:cds-YP_009724397.2	TTG	L	TAG	*	400
NC_045512.2	29473	G	T	60092	53850	43	7	7	40	0.000116465	60104	0.499951	FALSE	N:cds-YP_009724397.2	TTG	L	TTT	F	400
NC_045512.2	29473	G	C	60092	53850	43	1	1	37	1.66378e-05	60104	1	FALSE	N:cds-YP_009724397.2	TTG	L	TTC	F	400
NC_045512.2	29473	G	A	60092	53850	43	4	3	34	6.65513e-05	60104	1	FALSE	N:cds-YP_009724397.2	TTG	L	TTA	L	400
NC_045512.2	29474	G	T	60292	54217	43	2	2	37	3.31658e-05	60303	1	FALSE	N:cds-YP_009724397.2	GAT	D	TAT	Y	401
NC_045512.2	29474	G	A	60292	54217	43	9	9	39	0.000149246	60303	1	FALSE	N:cds-YP_009724397.2	GAT	D	AAT	N	401
NC_045512.2	29475	A	G	60275	54846	42	16	14	37	0.000265375	60292	1	FALSE	N:cds-YP_009724397.2	GAT	D	GGT	G	401
NC_045512.2	29475	A	C	60275	54846	42	1	1	37	1.65859e-05	60292	1	FALSE	N:cds-YP_009724397.2	GAT	D	GCT	A	401
NC_045512.2	29476	T	G	60350	54965	42	1	1	37	1.65675e-05	60359	1	FALSE	N:cds-YP_009724397.2	GAT	D	GAG	E	401
NC_045512.2	29476	T	C	60350	54965	42	6	5	43	9.94052e-05	60359	0.612776	FALSE	N:cds-YP_009724397.2	GAT	D	GAC	D	401
NC_045512.2	29476	T	A	60350	54965	42	2	2	37	3.31351e-05	60359	1	FALSE	N:cds-YP_009724397.2	GAT	D	GAA	E	401
NC_045512.2	29477	G	T	58900	53568	42	1	1	25	1.69745e-05	58912	1	FALSE	N:cds-YP_009724397.2	GAT	D	TAT	Y	402
NC_045512.2	29477	G	C	58900	53568	42	1	0	37	1.69745e-05	58912	1	FALSE	N:cds-YP_009724397.2	GAT	D	CAT	H	402
NC_045512.2	29477	G	A	58900	53568	42	10	8	43	0.000169745	58912	0.150856	FALSE	N:cds-YP_009724397.2	GAT	D	AAT	N	402
NC_045512.2	29478	A	T	58696	53361	42	5	5	32	8.51542e-05	58717	1	FALSE	N:cds-YP_009724397.2	GAT	D	GTT	V	402
NC_045512.2	29478	A	G	58696	53361	42	15	12	41	0.000255463	58717	0.0206768	FALSE	N:cds-YP_009724397.2	GAT	D	GGT	G	402
NC_045512.2	29478	A	C	58696	53361	42	1	0	37	1.70308e-05	58717	1	FALSE	N:cds-YP_009724397.2	GAT	D	GCT	A	402
NC_045512.2	29478	A	-T	58696	53361	42	1	0	20	1.70308e-05	58717	1	FALSE	NA	NA	NA	NA	NA	NA
NC_045512.2	29478	A	+T	58696	53361	42	1	0	20	1.70308e-05	58717	1	FALSE	NA	NA	NA	NA	NA	NA
NC_045512.2	29479	T	G	58456	53176	42	1	1	37	1.71043e-05	58465	1	FALSE	N:cds-YP_009724397.2	GAT	D	GAG	E	402
NC_045512.2	29479	T	C	58456	53176	42	8	8	34	0.000136834	58465	1	FALSE	N:cds-YP_009724397.2	GAT	D	GAC	D	402
NC_045512.2	29480	T	G	58676	53415	42	1	0	37	1.70413e-05	58681	1	FALSE	N:cds-YP_009724397.2	TTC	F	GTC	V	403
NC_045512.2	29480	T	C	58676	53415	42	4	3	49	6.81652e-05	58681	0.746102	FALSE	N:cds-YP_009724397.2	TTC	F	CTC	L	403
NC_045512.2	29481	T	C	58563	53271	42	3	3	28	5.12234e-05	58567	1	FALSE	N:cds-YP_009724397.2	TTC	F	TCC	S	403
NC_045512.2	29481	T	A	58563	53271	42	1	1	37	1.70745e-05	58567	1	FALSE	N:cds-YP_009724397.2	TTC	F	TAC	Y	403
NC_045512.2	29482	C	T	58284	53002	42	1	1	37	1.71568e-05	58286	1	FALSE	N:cds-YP_009724397.2	TTC	F	TTT	F	403
NC_045512.2	29482	C	A	58284	53002	42	1	1	37	1.71568e-05	58286	1	FALSE	N:cds-YP_009724397.2	TTC	F	TTA	L	403
NC_045512.2	29483	T	G	58662	53518	42	1	1	37	1.7043e-05	58675	1	FALSE	N:cds-YP_009724397.2	TCC	S	GCC	A	404
NC_045512.2	29483	T	C	58662	53518	42	10	10	35	0.00017043	58675	1	FALSE	N:cds-YP_009724397.2	TCC	S	CCC	P	404
NC_045512.2	29483	T	A	58662	53518	42	2	2	37	3.40861e-05	58675	1	FALSE	N:cds-YP_009724397.2	TCC	S	ACC	T	404
NC_045512.2	29484	C	T	58113	53433	41	1	1	37	1.72061e-05	58119	1	FALSE	N:cds-YP_009724397.2	TCC	S	TTC	F	404
NC_045512.2	29484	C	G	58113	53433	41	1	1	74	1.72061e-05	58119	0.499983	FALSE	N:cds-YP_009724397.2	TCC	S	TGC	C	404
NC_045512.2	29484	C	A	58113	53433	41	4	3	37	6.88243e-05	58119	1	FALSE	N:cds-YP_009724397.2	TCC	S	TAC	Y	404
NC_045512.2	29485	C	T	58200	53590	41	3	3	33	5.15367e-05	58211	1	FALSE	N:cds-YP_009724397.2	TCC	S	TCT	S	404
NC_045512.2	29485	C	A	58200	53590	41	8	7	50	0.000137431	58211	0.00390477	TRUE	N:cds-YP_009724397.2	TCC	S	TCA	S	404
NC_045512.2	29486	A	G	58149	53551	41	8	8	35	0.000137559	58157	1	FALSE	N:cds-YP_009724397.2	AAA	K	GAA	E	405
NC_045512.2	29487	A	T	58097	53500	41	2	2	37	3.44193e-05	58107	1	FALSE	N:cds-YP_009724397.2	AAA	K	ATA	I	405
NC_045512.2	29487	A	G	58097	53500	41	8	8	40	0.000137677	58107	0.290506	FALSE	N:cds-YP_009724397.2	AAA	K	AGA	R	405
NC_045512.2	29488	A	T	58106	53533	41	1	0	74	1.72087e-05	58110	0.499991	FALSE	N:cds-YP_009724397.2	AAA	K	AAT	N	405
NC_045512.2	29488	A	G	58106	53533	41	3	3	37	5.16262e-05	58110	1	FALSE	N:cds-YP_009724397.2	AAA	K	AAG	K	405
NC_045512.2	29489	C	T	58015	53460	41	5	5	37	8.61757e-05	58021	1	FALSE	N:cds-YP_009724397.2	CAA	Q	TAA	*	406
NC_045512.2	29489	C	A	58015	53460	41	1	1	74	1.72351e-05	58021	0.499983	FALSE	N:cds-YP_009724397.2	CAA	Q	AAA	K	406
NC_045512.2	29490	A	T	57607	53064	41	3	3	29	5.20689e-05	57616	1	FALSE	N:cds-YP_009724397.2	CAA	Q	CTA	L	406
NC_045512.2	29490	A	G	57607	53064	41	4	4	34	6.94252e-05	57616	1	FALSE	N:cds-YP_009724397.2	CAA	Q	CGA	R	406
NC_045512.2	29490	A	C	57607	53064	41	2	1	37	3.47126e-05	57616	1	FALSE	N:cds-YP_009724397.2	CAA	Q	CCA	P	406
NC_045512.2	29491	A	T	57998	51786	40	2	2	37	3.44697e-05	58022	1	FALSE	N:cds-YP_009724397.2	CAA	Q	CAT	H	406
NC_045512.2	29491	A	G	57998	51786	40	3	3	32	5.17045e-05	58022	1	FALSE	N:cds-YP_009724397.2	CAA	Q	CAG	Q	406
NC_045512.2	29491	A	C	57998	51786	40	19	5	34	0.000327462	58022	0.999998	FALSE	N:cds-YP_009724397.2	CAA	Q	CAC	H	406
NC_045512.2	29492	T	G	58244	52029	41	1	0	20	1.71668e-05	58252	1	FALSE	N:cds-YP_009724397.2	TTG	L	GTG	V	407
NC_045512.2	29492	T	C	58244	52029	41	7	5	45	0.000120168	58252	0.387201	FALSE	N:cds-YP_009724397.2	TTG	L	CTG	L	407
NC_045512.2	29493	T	C	58668	53065	40	3	3	37	5.113e-05	58674	1	FALSE	N:cds-YP_009724397.2	TTG	L	TCG	S	407
NC_045512.2	29493	T	A	58668	53065	40	3	3	33	5.113e-05	58674	1	FALSE	N:cds-YP_009724397.2	TTG	L	TAG	*	407
NC_045512.2	29494	G	T	58638	52976	40	1	1	37	1.70474e-05	58660	1	FALSE	N:cds-YP_009724397.2	TTG	L	TTT	F	407
NC_045512.2	29494	G	A	58638	52976	40	21	19	36	0.000357995	58660	0.999994	FALSE	N:cds-YP_009724397.2	TTG	L	TTA	L	407
NC_045512.2	29495	C	T	58718	52882	40	35	34	38	0.000595674	58757	0.993813	FALSE	N:cds-YP_009724397.2	CAA	Q	TAA	*	408
NC_045512.2	29495	C	G	58718	52882	40	2	1	29	3.40385e-05	58757	1	FALSE	N:cds-YP_009724397.2	CAA	Q	GAA	E	408
NC_045512.2	29495	C	A	58718	52882	40	2	2	31	3.40385e-05	58757	1	FALSE	N:cds-YP_009724397.2	CAA	Q	AAA	K	408
NC_045512.2	29496	A	G	58651	52811	40	12	9	42	0.000204558	58663	0.0717219	FALSE	N:cds-YP_009724397.2	CAA	Q	CGA	R	408
NC_045512.2	29497	A	T	58696	52879	40	3	3	29	5.11004e-05	58708	1	FALSE	N:cds-YP_009724397.2	CAA	Q	CAT	H	408
NC_045512.2	29497	A	G	58696	52879	40	8	6	37	0.000136268	58708	1	FALSE	N:cds-YP_009724397.2	CAA	Q	CAG	Q	408
NC_045512.2	29497	A	C	58696	52879	40	1	1	37	1.70335e-05	58708	1	FALSE	N:cds-YP_009724397.2	CAA	Q	CAC	H	408
NC_045512.2	29498	C	T	57765	51920	40	8	8	41	0.000138471	57774	0.290516	FALSE	N:cds-YP_009724397.2	CAA	Q	TAA	*	409
NC_045512.2	29498	C	A	57765	51920	40	1	1	37	1.73088e-05	57774	1	FALSE	N:cds-YP_009724397.2	CAA	Q	AAA	K	409
NC_045512.2	29498	C	-A	57765	51920	40	1	0	20	1.73088e-05	57774	1	FALSE	NA	NA	NA	NA	NA	NA
NC_045512.2	29499	A	T	56260	50584	40	2	2	31	3.55461e-05	56265	1	FALSE	N:cds-YP_009724397.2	CAA	Q	CTA	L	409
NC_045512.2	29499	A	G	56260	50584	40	1	1	37	1.7773e-05	56265	1	FALSE	N:cds-YP_009724397.2	CAA	Q	CGA	R	409
NC_045512.2	29499	A	C	56260	50584	40	2	1	31	3.55461e-05	56265	1	FALSE	N:cds-YP_009724397.2	CAA	Q	CCA	P	409
NC_045512.2	29500	A	T	55281	49504	39	3	3	29	5.42545e-05	55295	1	FALSE	N:cds-YP_009724397.2	CAA	Q	CAT	H	409
NC_045512.2	29500	A	G	55281	49504	39	10	9	35	0.000180848	55295	1	FALSE	N:cds-YP_009724397.2	CAA	Q	CAG	Q	409
NC_045512.2	29500	A	C	55281	49504	39	1	1	37	1.80848e-05	55295	1	FALSE	N:cds-YP_009724397.2	CAA	Q	CAC	H	409
NC_045512.2	29501	T	G	58418	50975	40	1	0	37	1.71145e-05	58430	1	FALSE	N:cds-YP_009724397.2	TCC	S	GCC	A	410
NC_045512.2	29501	T	C	58418	50975	40	10	10	35	0.000171145	58430	1	FALSE	N:cds-YP_009724397.2	TCC	S	CCC	P	410
NC_045512.2	29501	T	A	58418	50975	40	1	0	37	1.71145e-05	58430	1	FALSE	N:cds-YP_009724397.2	TCC	S	ACC	T	410
NC_045512.2	29502	C	T	58350	50812	40	7	6	47	0.000119674	58492	0.38565	FALSE	N:cds-YP_009724397.2	TCC	S	TTC	F	410
NC_045512.2	29502	C	G	58350	50812	40	1	0	37	1.70964e-05	58492	1	FALSE	N:cds-YP_009724397.2	TCC	S	TGC	C	410
NC_045512.2	29502	C	A	58350	50812	40	134	130	38	0.00229091	58492	2.02878e-08	TRUE	N:cds-YP_009724397.2	TCC	S	TAC	Y	410
NC_045512.2	29503	C	T	58296	51036	40	5	4	39	8.57442e-05	58313	1	FALSE	N:cds-YP_009724397.2	TCC	S	TCT	S	410
NC_045512.2	29503	C	A	58296	51036	40	12	11	35	0.000205786	58313	1	FALSE	N:cds-YP_009724397.2	TCC	S	TCA	S	410
NC_045512.2	29504	A	T	55046	47847	39	1	1	37	1.81623e-05	55059	1	FALSE	N:cds-YP_009724397.2	ATG	M	TTG	L	411
NC_045512.2	29504	A	G	55046	47847	39	8	8	37	0.000145299	55059	1	FALSE	N:cds-YP_009724397.2	ATG	M	GTG	V	411
NC_045512.2	29504	A	C	55046	47847	39	4	4	31	7.26493e-05	55059	1	FALSE	N:cds-YP_009724397.2	ATG	M	CTG	L	411
NC_045512.2	29505	T	G	57402	50246	40	3	3	37	5.22448e-05	57422	1	FALSE	N:cds-YP_009724397.2	ATG	M	AGG	R	411
NC_045512.2	29505	T	C	57402	50246	40	15	13	37	0.000261224	57422	1	FALSE	N:cds-YP_009724397.2	ATG	M	ACG	T	411
NC_045512.2	29505	T	A	57402	50246	40	2	1	28	3.48299e-05	57422	1	FALSE	N:cds-YP_009724397.2	ATG	M	AAG	K	411
NC_045512.2	29506	G	T	57860	50555	40	2	2	37	3.45638e-05	57864	1	FALSE	N:cds-YP_009724397.2	ATG	M	ATT	I	411
NC_045512.2	29506	G	A	57860	50555	40	2	2	37	3.45638e-05	57864	1	FALSE	N:cds-YP_009724397.2	ATG	M	ATA	I	411
NC_045512.2	29506	G	-AGC	57860	50555	40	1	0	20	1.72819e-05	57864	1	FALSE	NA	NA	NA	NA	NA	NA
NC_045512.2	29507	A	T	57294	49996	40	4	3	33	6.97922e-05	57313	1	FALSE	N:cds-YP_009724397.2	AGC	S	TGC	C	412
NC_045512.2	29507	A	G	57294	49996	40	15	13	34	0.000261721	57313	1	FALSE	N:cds-YP_009724397.2	AGC	S	GGC	G	412
NC_045512.2	29508	G	T	57420	50254	39	4	2	43	6.96452e-05	57434	0.746017	FALSE	N:cds-YP_009724397.2	AGC	S	ATC	I	412
NC_045512.2	29508	G	C	57420	50254	39	2	1	31	3.48226e-05	57434	1	FALSE	N:cds-YP_009724397.2	AGC	S	ACC	T	412
NC_045512.2	29508	G	A	57420	50254	39	8	4	37	0.00013929	57434	1	FALSE	N:cds-YP_009724397.2	AGC	S	AAC	N	412
NC_045512.2	29509	C	T	57085	51252	38	31	24	39	0.000542708	57121	0.998131	FALSE	N:cds-YP_009724397.2	AGC	S	AGT	S	412
NC_045512.2	29509	C	G	57085	51252	38	2	1	37	3.50134e-05	57121	1	FALSE	N:cds-YP_009724397.2	AGC	S	AGG	R	412
NC_045512.2	29509	C	A	57085	51252	38	3	3	37	5.25201e-05	57121	1	FALSE	N:cds-YP_009724397.2	AGC	S	AGA	R	412
NC_045512.2	29510	A	T	5	5	34	3	3	37	5.88732e-05	50957	5.92481e-08	TRUE	N:cds-YP_009724397.2	AGT	S	TGT	C	413
NC_045512.2	29510	A	G	5	5	34	8	8	36	0.000156995	50957	2.17556e-21	TRUE	N:cds-YP_009724397.2	AGT	S	GGT	G	413
NC_045512.2	29510	A	C	5	5	34	50941	45165	38	0.999686	50957	0	TRUE	N:cds-YP_009724397.2	AGT	S	CGT	R	413
NC_045512.2	29511	G	T	51426	45188	39	5	5	37	9.71855e-05	51448	1	FALSE	N:cds-YP_009724397.2	AGT	S	ATT	I	413
NC_045512.2	29511	G	A	51426	45188	39	17	15	36	0.000330431	51448	0.999993	FALSE	N:cds-YP_009724397.2	AGT	S	AAT	N	413
NC_045512.2	29512	T	C	51337	45077	38	3	2	37	5.84306e-05	51343	1	FALSE	N:cds-YP_009724397.2	AGT	S	AGC	S	413
NC_045512.2	29512	T	A	51337	45077	38	3	2	33	5.84306e-05	51343	1	FALSE	N:cds-YP_009724397.2	AGT	S	AGA	R	413
NC_045512.2	29513	G	T	51257	44959	38	4	4	34	7.78998e-05	51348	1	FALSE	N:cds-YP_009724397.2	GCT	A	TCT	S	414
NC_045512.2	29513	G	A	51257	44959	38	87	78	38	0.00169432	51348	0.00136665	TRUE	N:cds-YP_009724397.2	GCT	A	ACT	T	414
NC_045512.2	29514	C	T	51060	45049	38	84	74	38	0.00164213	51153	0.0028178	TRUE	N:cds-YP_009724397.2	GCT	A	GTT	V	414
NC_045512.2	29514	C	G	51060	45049	38	4	4	34	7.81968e-05	51153	1	FALSE	N:cds-YP_009724397.2	GCT	A	GGT	G	414
NC_045512.2	29514	C	A	51060	45049	38	5	4	32	9.7746e-05	51153	1	FALSE	N:cds-YP_009724397.2	GCT	A	GAT	D	414
NC_045512.2	29515	T	G	50485	44674	38	1	1	37	1.97973e-05	50512	1	FALSE	N:cds-YP_009724397.2	GCT	A	GCG	A	414
NC_045512.2	29515	T	C	50485	44674	38	21	14	36	0.000415743	50512	0.999849	FALSE	N:cds-YP_009724397.2	GCT	A	GCC	A	414
NC_045512.2	29515	T	A	50485	44674	38	5	5	37	9.89864e-05	50512	1	FALSE	N:cds-YP_009724397.2	GCT	A	GCA	A	414
NC_045512.2	29516	G	T	50925	44745	38	2	2	31	3.92696e-05	50930	1	FALSE	N:cds-YP_009724397.2	GAC	D	TAC	Y	415
NC_045512.2	29516	G	A	50925	44745	38	3	3	33	5.89044e-05	50930	1	FALSE	N:cds-YP_009724397.2	GAC	D	AAC	N	415
NC_045512.2	29517	A	T	48278	44245	37	9	5	27	0.000186347	48297	1	FALSE	N:cds-YP_009724397.2	GAC	D	GTC	V	415
NC_045512.2	29517	A	G	48278	44245	37	10	7	38	0.000207052	48297	1	FALSE	N:cds-YP_009724397.2	GAC	D	GGC	G	415
NC_045512.2	29518	C	T	50119	43939	37	5	5	34	9.97466e-05	50127	1	FALSE	N:cds-YP_009724397.2	GAC	D	GAT	D	415
NC_045512.2	29518	C	G	50119	43939	37	1	1	37	1.99493e-05	50127	1	FALSE	N:cds-YP_009724397.2	GAC	D	GAG	E	415
NC_045512.2	29518	C	A	50119	43939	37	2	1	37	3.98987e-05	50127	1	FALSE	N:cds-YP_009724397.2	GAC	D	GAA	E	415
NC_045512.2	29519	T	C	50516	44185	38	12	10	36	0.000237469	50533	1	FALSE	N:cds-YP_009724397.2	TCA	S	CCA	P	416
NC_045512.2	29519	T	A	50516	44185	38	5	5	37	9.89452e-05	50533	1	FALSE	N:cds-YP_009724397.2	TCA	S	ACA	T	416
NC_045512.2	29520	C	A	47833	41422	38	2	2	31	4.18104e-05	47835	1	FALSE	N:cds-YP_009724397.2	TCA	S	TAA	*	416
NC_045512.2	29521	A	T	47326	41168	37	2	1	31	4.22494e-05	47338	1	FALSE	N:cds-YP_009724397.2	TCA	S	TCT	S	416
NC_045512.2	29521	A	G	47326	41168	37	10	9	37	0.000211247	47338	1	FALSE	N:cds-YP_009724397.2	TCA	S	TCG	S	416
NC_045512.2	29522	A	T	47684	41018	38	3	3	29	6.2905e-05	47691	1	FALSE	N:cds-YP_009724397.2	ACT	T	TCT	S	417
NC_045512.2	29522	A	G	47684	41018	38	4	4	37	8.38733e-05	47691	1	FALSE	N:cds-YP_009724397.2	ACT	T	GCT	A	417
NC_045512.2	29523	C	T	48046	41221	38	6	6	37	0.000124862	48053	1	FALSE	N:cds-YP_009724397.2	ACT	T	ATT	I	417
NC_045512.2	29523	C	A	48046	41221	38	1	1	37	2.08104e-05	48053	1	FALSE	N:cds-YP_009724397.2	ACT	T	AAT	N	417
NC_045512.2	29524	T	C	47962	41241	38	15	15	36	0.000312611	47983	0.999991	FALSE	N:cds-YP_009724397.2	ACT	T	ACC	T	417
NC_045512.2	29524	T	A	47962	41241	38	6	5	33	0.000125044	47983	1	FALSE	N:cds-YP_009724397.2	ACT	T	ACA	T	417
NC_045512.2	29524	T	+CAGG	47962	41241	38	1	0	20	2.08407e-05	47983	1	FALSE	NA	NA	NA	NA	NA	NA
NC_045512.2	29525	C	T	47140	40335	38	2	2	37	4.24241e-05	47143	1	FALSE	N:cds-YP_009724397.2	CAG	Q	TAG	*	418
NC_045512.2	29525	C	A	47140	40335	38	1	1	37	2.12121e-05	47143	1	FALSE	N:cds-YP_009724397.2	CAG	Q	AAG	K	418
NC_045512.2	29526	A	T	43458	36819	38	3	2	33	6.89798e-05	43491	1	FALSE	N:cds-YP_009724397.2	CAG	Q	CTG	L	418
NC_045512.2	29526	A	G	43458	36819	38	20	19	38	0.000459865	43491	0.998886	FALSE	N:cds-YP_009724397.2	CAG	Q	CGG	R	418
NC_045512.2	29526	A	C	43458	36819	38	10	4	39	0.000229933	43491	0.999999	FALSE	N:cds-YP_009724397.2	CAG	Q	CCG	P	418
NC_045512.2	29527	G	T	45650	37252	38	6	6	37	0.000131403	45661	1	FALSE	N:cds-YP_009724397.2	CAG	Q	CAT	H	418
NC_045512.2	29527	G	A	45650	37252	38	5	2	42	0.000109503	45661	0.499933	FALSE	N:cds-YP_009724397.2	CAG	Q	CAA	Q	418
NC_045512.2	29528	G	T	45802	37366	38	1	1	37	2.18183e-05	45833	1	FALSE	N:cds-YP_009724397.2	GCC	A	TCC	S	419
NC_045512.2	29528	G	A	45802	37366	38	30	25	37	0.00065455	45833	0.968079	FALSE	N:cds-YP_009724397.2	GCC	A	ACC	T	419
NC_045512.2	29529	C	T	45266	36765	38	21	19	38	0.000463668	45291	0.999074	FALSE	N:cds-YP_009724397.2	GCC	A	GTC	V	419
NC_045512.2	29529	C	G	45266	36765	38	1	1	37	2.20794e-05	45291	1	FALSE	N:cds-YP_009724397.2	GCC	A	GGC	G	419
NC_045512.2	29529	C	A	45266	36765	38	3	3	37	6.62383e-05	45291	1	FALSE	N:cds-YP_009724397.2	GCC	A	GAC	D	419
NC_045512.2	29530	C	T	44985	36548	38	5	5	37	0.000111111	45000	1	FALSE	N:cds-YP_009724397.2	GCC	A	GCT	A	419
NC_045512.2	29530	C	A	44985	36548	38	10	7	44	0.000222222	45000	0.0897386	FALSE	N:cds-YP_009724397.2	GCC	A	GCA	A	419
NC_045512.2	29531	T	G	41060	32661	38	1	1	37	2.43422e-05	41081	1	FALSE	N:cds-YP_009724397.2	TAA	*	GAA	E	420
NC_045512.2	29531	T	C	41060	32661	38	13	4	39	0.000316448	41081	0.999974	FALSE	N:cds-YP_009724397.2	TAA	*	CAA	Q	420
NC_045512.2	29531	T	A	41060	32661	38	7	6	37	0.000170395	41081	1	FALSE	N:cds-YP_009724397.2	TAA	*	AAA	K	420
NC_045512.2	29532	A	T	40932	32519	38	1	1	25	2.44284e-05	40936	1	FALSE	N:cds-YP_009724397.2	TAA	*	TTA	L	420
NC_045512.2	29532	A	G	40932	32519	38	3	1	33	7.32851e-05	40936	1	FALSE	N:cds-YP_009724397.2	TAA	*	TGA	*	420
NC_045512.2	29533	A	T	40443	31883	37	1	1	37	2.47219e-05	40450	1	FALSE	N:cds-YP_009724397.2	TAA	*	TAT	Y	420
NC_045512.2	29533	A	G	40443	31883	37	2	2	37	4.94438e-05	40450	1	FALSE	N:cds-YP_009724397.2	TAA	*	TAG	*	420
NC_045512.2	29533	A	C	40443	31883	37	4	4	37	9.88875e-05	40450	1	FALSE	N:cds-YP_009724397.2	TAA	*	TAC	Y	420
NC_045512.2	29534	A	G	39310	30760	37	8	5	37	0.000203438	39324	0.999999	FALSE	NA	NA	NA	NA	NA	NA
NC_045512.2	29534	A	C	39310	30760	37	6	6	33	0.000152579	39324	1	FALSE	NA	NA	NA	NA	NA	NA
NC_045512.2	29536	T	C	8837	729	40	3	0	37	0.000339367	8840	0.96734	FALSE	NA	NA	NA	NA	NA	NA
NC_045512.2	29537	C	G	9084	808	40	1	0	37	0.000110072	9085	0.999026	FALSE	NA	NA	NA	NA	NA	NA
NC_045512.2	29538	A	G	9112	795	40	3	0	37	0.000328983	9119	0.980717	FALSE	NA	NA	NA	NA	NA	NA
NC_045512.2	29538	A	C	9112	795	40	4	0	37	0.000438645	9119	0.953877	FALSE	NA	NA	NA	NA	NA	NA
NC_045512.2	29539	T	G	9110	800	40	1	0	37	0.000109745	9112	0.999026	FALSE	NA	NA	NA	NA	NA	NA
NC_045512.2	29539	T	C	9110	800	40	1	1	36	0.000109745	9112	0.999026	FALSE	NA	NA	NA	NA	NA	NA
NC_045512.2	29540	G	A	9158	892	41	8	1	41	0.000872791	9166	0.00390199	TRUE	NA	NA	NA	NA	NA	NA
NC_045512.2	29541	C	T	9179	901	41	12	1	39	0.0013052	9194	0.331537	FALSE	NA	NA	NA	NA	NA	NA
NC_045512.2	29541	C	G	9179	901	41	1	1	37	0.000108767	9194	0.999019	FALSE	NA	NA	NA	NA	NA	NA
NC_045512.2	29541	C	A	9179	901	41	2	0	37	0.000217533	9194	0.994117	FALSE	NA	NA	NA	NA	NA	NA
NC_045512.2	29542	A	T	9246	1026	41	1	0	37	0.000108096	9251	0.999024	FALSE	NA	NA	NA	NA	NA	NA
NC_045512.2	29542	A	G	9246	1026	41	4	1	37	0.000432386	9251	0.953914	FALSE	NA	NA	NA	NA	NA	NA
NC_045512.2	29543	G	T	9451	1047	41	1	0	25	0.000105787	9453	1	FALSE	NA	NA	NA	NA	NA	NA
NC_045512.2	29543	G	A	9451	1047	41	1	0	37	0.000105787	9453	0.999026	FALSE	NA	NA	NA	NA	NA	NA
NC_045512.2	29543	G	-A	9451	1047	41	2	0	20	0.000211573	9453	1	FALSE	NA	NA	NA	NA	NA	NA
NC_045512.2	29544	A	G	9572	1037	41	1	0	37	0.00010446	9573	0.999025	FALSE	NA	NA	NA	NA	NA	NA
NC_045512.2	29545	C	T	8457	924	41	1247	123	42	0.12849	9705	0	TRUE	NA	NA	NA	NA	NA	NA
NC_045512.2	29545	C	G	8457	924	41	1	0	37	0.00010304	9705	0.998108	FALSE	NA	NA	NA	NA	NA	NA
NC_045512.2	29546	C	T	9704	1062	41	1	0	37	0.00010304	9705	0.999026	FALSE	NA	NA	NA	NA	NA	NA
NC_045512.2	29547	A	T	10614	1178	42	1	0	37	9.41442e-05	10622	0.999511	FALSE	NA	NA	NA	NA	NA	NA
NC_045512.2	29547	A	G	10614	1178	42	7	1	47	0.00065901	10622	0.0351305	FALSE	NA	NA	NA	NA	NA	NA
NC_045512.2	29548	C	T	10677	1194	42	3	0	37	0.000280873	10681	0.988789	FALSE	NA	NA	NA	NA	NA	NA
NC_045512.2	29548	C	A	10677	1194	42	1	0	74	9.36242e-05	10681	0.499953	FALSE	NA	NA	NA	NA	NA	NA
NC_045512.2	29549	A	G	10674	1174	42	6	1	39	0.000561745	10681	0.895029	FALSE	NA	NA	NA	NA	NA	NA
NC_045512.2	29549	A	C	10674	1174	42	1	1	25	9.36242e-05	10681	1	FALSE	NA	NA	NA	NA	NA	NA
NC_045512.2	29550	C	T	10740	1228	42	1	0	37	9.30839e-05	10743	0.999513	FALSE	NA	NA	NA	NA	NA	NA
NC_045512.2	29550	C	A	10740	1228	42	2	0	37	0.000186168	10743	0.996833	FALSE	NA	NA	NA	NA	NA	NA
NC_045512.2	29551	A	G	10656	1199	41	3	0	37	0.000281426	10660	0.988789	FALSE	NA	NA	NA	NA	NA	NA
NC_045512.2	29551	A	C	10656	1199	41	1	1	25	9.38086e-05	10660	1	FALSE	NA	NA	NA	NA	NA	NA
NC_045512.2	29551	A	+G	10656	1199	41	1	0	20	9.38086e-05	10660	1	FALSE	NA	NA	NA	NA	NA	NA
NC_045512.2	29552	A	T	11239	1253	41	1	0	37	8.89521e-05	11242	0.999756	FALSE	NA	NA	NA	NA	NA	NA
NC_045512.2	29552	A	G	11239	1253	41	2	1	49	0.000177904	11242	0.5	FALSE	NA	NA	NA	NA	NA	NA
NC_045512.2	29552	A	-G	11239	1253	41	1	0	20	8.89521e-05	11242	1	FALSE	NA	NA	NA	NA	NA	NA
NC_045512.2	29553	G	T	11186	1307	41	1	0	37	8.93895e-05	11187	0.999757	FALSE	NA	NA	NA	NA	NA	NA
NC_045512.2	29554	G	A	11458	1326	42	3	0	45	0.000261757	11461	0.312516	FALSE	NA	NA	NA	NA	NA	NA
NC_045512.2	29555	C	T	9500	1119	42	2079	224	42	0.179549	11579	0	TRUE	NA	NA	NA	NA	NA	NA
NC_045512.2	29556	A	T	11496	1364	42	1	0	37	8.69565e-05	11500	0.999756	FALSE	NA	NA	NA	NA	NA	NA
NC_045512.2	29556	A	G	11496	1364	42	3	0	37	0.00026087	11500	0.993543	FALSE	NA	NA	NA	NA	NA	NA
NC_045512.2	29557	G	T	11586	1367	42	1	0	37	8.62813e-05	11590	0.999756	FALSE	NA	NA	NA	NA	NA	NA
NC_045512.2	29557	G	C	11586	1367	42	1	0	37	8.62813e-05	11590	0.999756	FALSE	NA	NA	NA	NA	NA	NA
NC_045512.2	29557	G	A	11586	1367	42	2	0	37	0.000172563	11590	0.998294	FALSE	NA	NA	NA	NA	NA	NA
NC_045512.2	29558	A	T	11477	1370	42	1	0	37	8.7108e-05	11480	0.999756	FALSE	ORF10:cds-YP_009725255.1	ATG	M	TTG	L	1
NC_045512.2	29558	A	G	11477	1370	42	2	0	37	0.000174216	11480	0.998295	FALSE	ORF10:cds-YP_009725255.1	ATG	M	GTG	V	1
NC_045512.2	29559	T	G	11441	1420	42	1	1	37	8.73973e-05	11442	0.999757	FALSE	ORF10:cds-YP_009725255.1	ATG	M	AGG	R	1
NC_045512.2	29560	G	T	11778	1427	42	2	0	37	0.000169765	11781	0.998295	FALSE	ORF10:cds-YP_009725255.1	ATG	M	ATT	I	1
NC_045512.2	29560	G	A	11778	1427	42	1	0	37	8.48824e-05	11781	0.999756	FALSE	ORF10:cds-YP_009725255.1	ATG	M	ATA	I	1
NC_045512.2	29561	G	T	11838	1442	42	1	0	37	8.44595e-05	11840	0.999757	FALSE	ORF10:cds-YP_009725255.1	GGC	G	TGC	C	2
NC_045512.2	29561	G	A	11838	1442	42	1	0	74	8.44595e-05	11840	0.5	FALSE	ORF10:cds-YP_009725255.1	GGC	G	AGC	S	2
NC_045512.2	29562	G	C	11879	1445	42	1	0	25	8.41326e-05	11886	1	FALSE	ORF10:cds-YP_009725255.1	GGC	G	GCC	A	2
NC_045512.2	29562	G	A	11879	1445	42	6	1	43	0.000504796	11886	0.0624724	FALSE	ORF10:cds-YP_009725255.1	GGC	G	GAC	D	2
NC_045512.2	29563	C	T	11873	1416	42	3	2	61	0.000252568	11878	0.124968	FALSE	ORF10:cds-YP_009725255.1	GGC	G	GGT	G	2
NC_045512.2	29563	C	A	11873	1416	42	2	0	55	0.000168379	11878	0.249947	FALSE	ORF10:cds-YP_009725255.1	GGC	G	GGA	G	2
NC_045512.2	29564	T	C	11890	1449	43	6	1	41	0.000504329	11897	0.0624724	FALSE	ORF10:cds-YP_009725255.1	TAT	Y	CAT	H	3
NC_045512.2	29564	T	A	11890	1449	43	1	0	74	8.40548e-05	11897	0.499895	FALSE	ORF10:cds-YP_009725255.1	TAT	Y	AAT	N	3
NC_045512.2	29565	A	G	13589	1452	42	3	0	37	0.000220718	13592	0.997916	FALSE	ORF10:cds-YP_009725255.1	TAT	Y	TGT	C	3
NC_045512.2	29568	T	C	13636	1623	42	1	0	37	7.33299e-05	13637	0.999939	FALSE	ORF10:cds-YP_009725255.1	ATA	I	ACA	T	4
NC_045512.2	29569	A	T	13621	1617	42	1	0	37	7.33945e-05	13625	0.999939	FALSE	ORF10:cds-YP_009725255.1	ATA	I	ATT	I	4
NC_045512.2	29569	A	G	13621	1617	42	3	1	36	0.000220183	13625	0.997915	FALSE	ORF10:cds-YP_009725255.1	ATA	I	ATG	M	4
NC_045512.2	29570	A	T	13551	1599	42	1	0	37	7.37898e-05	13552	0.999939	FALSE	ORF10:cds-YP_009725255.1	AAC	N	TAC	Y	5
NC_045512.2	29572	C	T	13705	1635	42	2	0	37	0.000145911	13707	0.999513	FALSE	ORF10:cds-YP_009725255.1	AAC	N	AAT	N	5
NC_045512.2	29573	G	C	13708	1648	42	1	0	25	7.29235e-05	13713	1	FALSE	ORF10:cds-YP_009725255.1	GTT	V	CTT	L	6
NC_045512.2	29573	G	A	13708	1648	42	4	0	34	0.000291694	13713	0.99365	FALSE	ORF10:cds-YP_009725255.1	GTT	V	ATT	I	6
NC_045512.2	29574	T	C	13361	1582	41	3	0	37	0.000224484	13364	0.997916	FALSE	ORF10:cds-YP_009725255.1	GTT	V	GCT	A	6
NC_045512.2	29575	T	C	13375	1632	42	1	0	25	7.47608e-05	13376	1	FALSE	ORF10:cds-YP_009725255.1	GTT	V	GTC	V	6
NC_045512.2	29576	T	C	13483	1640	42	1	0	37	7.4162e-05	13484	0.999939	FALSE	ORF10:cds-YP_009725255.1	TTC	F	CTC	L	7
NC_045512.2	29577	T	C	13564	1662	42	1	0	74	7.37191e-05	13565	0.500018	FALSE	ORF10:cds-YP_009725255.1	TTC	F	TCC	S	7
NC_045512.2	29578	C	T	13514	1697	42	5	2	49	0.00036985	13519	0.109366	FALSE	ORF10:cds-YP_009725255.1	TTC	F	TTT	F	7
NC_045512.2	29579	G	A	13467	1712	42	3	0	37	0.000222717	13470	0.997916	FALSE	ORF10:cds-YP_009725255.1	GCT	A	ACT	T	8
NC_045512.2	29580	C	T	13484	1741	42	4	0	37	0.000296538	13489	0.993651	FALSE	ORF10:cds-YP_009725255.1	GCT	A	GTT	V	8
NC_045512.2	29580	C	A	13484	1741	42	1	0	37	7.41345e-05	13489	0.999939	FALSE	ORF10:cds-YP_009725255.1	GCT	A	GAT	D	8
NC_045512.2	29580	C	-T	13484	1741	42	3	0	20	0.000222403	13489	1	FALSE	NA	NA	NA	NA	NA	NA
NC_045512.2	29581	T	G	13171	1752	42	1	1	62	7.58725e-05	13180	0.499772	FALSE	ORF10:cds-YP_009725255.1	GCT	A	GCG	A	8
NC_045512.2	29581	T	C	13171	1752	42	7	0	42	0.000531108	13180	0.0350858	FALSE	ORF10:cds-YP_009725255.1	GCT	A	GCC	A	8
NC_045512.2	29581	T	A	13171	1752	42	1	0	37	7.58725e-05	13180	0.999939	FALSE	ORF10:cds-YP_009725255.1	GCT	A	GCA	A	8
NC_045512.2	29582	T	G	13123	1799	42	1	0	25	7.61905e-05	13125	1	FALSE	ORF10:cds-YP_009725255.1	TTT	F	GTT	V	9
NC_045512.2	29582	T	C	13123	1799	42	1	0	37	7.61905e-05	13125	0.999939	FALSE	ORF10:cds-YP_009725255.1	TTT	F	CTT	L	9
NC_045512.2	29583	T	C	13084	1864	41	1	0	37	7.64234e-05	13085	0.999939	FALSE	ORF10:cds-YP_009725255.1	TTT	F	TCT	S	9
NC_045512.2	29584	T	C	13226	1877	42	3	0	37	0.000226775	13229	0.997916	FALSE	ORF10:cds-YP_009725255.1	TTT	F	TTC	F	9
NC_045512.2	29585	C	T	13245	1877	42	1	0	37	7.54945e-05	13246	0.999939	FALSE	ORF10:cds-YP_009725255.1	CCG	P	TCG	S	10
NC_045512.2	29586	C	T	13296	2315	44	4	0	46	0.000300684	13303	0.18743	FALSE	ORF10:cds-YP_009725255.1	CCG	P	CTG	L	10
NC_045512.2	29586	C	G	13296	2315	44	2	2	37	0.000150342	13303	0.999512	FALSE	ORF10:cds-YP_009725255.1	CCG	P	CGG	R	10
NC_045512.2	29586	C	A	13296	2315	44	1	0	25	7.5171e-05	13303	1	FALSE	ORF10:cds-YP_009725255.1	CCG	P	CAG	Q	10
NC_045512.2	29587	G	A	13370	2383	44	9	1	34	0.000672696	13379	0.857	FALSE	ORF10:cds-YP_009725255.1	CCG	P	CCA	P	10
NC_045512.2	29588	T	C	12997	2377	43	1	1	74	7.6929e-05	12999	0.5	FALSE	ORF10:cds-YP_009725255.1	TTT	F	CTT	L	11
NC_045512.2	29588	T	A	12997	2377	43	1	0	37	7.6929e-05	12999	0.999878	FALSE	ORF10:cds-YP_009725255.1	TTT	F	ATT	I	11
NC_045512.2	29589	T	C	13067	2399	43	2	1	37	0.000153034	13069	0.999513	FALSE	ORF10:cds-YP_009725255.1	TTT	F	TCT	S	11
NC_045512.2	29591	A	G	13149	2570	43	1	0	37	7.60456e-05	13150	0.999939	FALSE	ORF10:cds-YP_009725255.1	ACG	T	GCG	A	12
NC_045512.2	29592	C	T	13118	2564	43	7	2	37	0.000533333	13125	0.94243	FALSE	ORF10:cds-YP_009725255.1	ACG	T	ATG	M	12
NC_045512.2	29593	G	A	13126	2563	42	5	0	37	0.000380778	13131	0.984592	FALSE	ORF10:cds-YP_009725255.1	ACG	T	ACA	T	12
NC_045512.2	29593	G	-AT	13126	2563	42	1	0	20	7.61557e-05	13131	1	FALSE	NA	NA	NA	NA	NA	NA
NC_045512.2	29594	A	G	13413	2592	43	1	0	37	7.4549e-05	13414	0.999939	FALSE	ORF10:cds-YP_009725255.1	ATA	I	GTA	V	13
NC_045512.2	29595	T	G	13124	2612	42	2	0	25	0.000152335	13129	1	FALSE	ORF10:cds-YP_009725255.1	ATA	I	AGA	R	13
NC_045512.2	29595	T	C	13124	2612	42	3	0	37	0.000228502	13129	0.997913	FALSE	ORF10:cds-YP_009725255.1	ATA	I	ACA	T	13
NC_045512.2	29596	A	T	13967	3101	44	1	0	37	7.15871e-05	13969	0.999939	FALSE	ORF10:cds-YP_009725255.1	ATA	I	ATT	I	13
NC_045512.2	29596	A	G	13967	3101	44	1	0	37	7.15871e-05	13969	0.999939	FALSE	ORF10:cds-YP_009725255.1	ATA	I	ATG	M	13
NC_045512.2	29597	T	G	14044	3162	44	1	1	37	7.11946e-05	14046	0.99997	FALSE	ORF10:cds-YP_009725255.1	TAT	Y	GAT	D	14
NC_045512.2	29597	T	C	14044	3162	44	1	0	37	7.11946e-05	14046	0.99997	FALSE	ORF10:cds-YP_009725255.1	TAT	Y	CAT	H	14
NC_045512.2	29598	A	G	14255	3430	45	2	0	37	0.000140272	14258	0.999741	FALSE	ORF10:cds-YP_009725255.1	TAT	Y	TGT	C	14
NC_045512.2	29598	A	C	14255	3430	45	1	0	25	7.01361e-05	14258	1	FALSE	ORF10:cds-YP_009725255.1	TAT	Y	TCT	S	14
NC_045512.2	29599	T	C	14240	3478	45	2	1	74	0.00014042	14243	0.249991	FALSE	ORF10:cds-YP_009725255.1	TAT	Y	TAC	Y	14
NC_045512.2	29599	T	A	14240	3478	45	1	0	37	7.02099e-05	14243	0.99997	FALSE	ORF10:cds-YP_009725255.1	TAT	Y	TAA	*	14
NC_045512.2	29600	A	T	14319	3465	45	1	0	37	6.98178e-05	14323	0.99997	FALSE	ORF10:cds-YP_009725255.1	AGT	S	TGT	C	15
NC_045512.2	29600	A	G	14319	3465	45	3	2	37	0.000209453	14323	0.998828	FALSE	ORF10:cds-YP_009725255.1	AGT	S	GGT	G	15
NC_045512.2	29601	G	A	15650	3649	44	2	0	37	0.000127779	15652	0.999863	FALSE	ORF10:cds-YP_009725255.1	AGT	S	AAT	N	15
NC_045512.2	29602	T	C	15060	3982	43	3	1	37	0.00019915	15064	0.999346	FALSE	ORF10:cds-YP_009725255.1	AGT	S	AGC	S	15
NC_045512.2	29602	T	A	15060	3982	43	1	0	37	6.63834e-05	15064	0.999985	FALSE	ORF10:cds-YP_009725255.1	AGT	S	AGA	R	15
NC_045512.2	29603	C	T	15281	4384	44	2	0	55	0.000130864	15283	0.250008	FALSE	ORF10:cds-YP_009725255.1	CTA	L	TTA	L	16
NC_045512.2	29604	T	C	15375	4633	44	3	0	45	0.000195059	15380	0.312463	FALSE	ORF10:cds-YP_009725255.1	CTA	L	CCA	P	16
NC_045512.2	29604	T	A	15375	4633	44	2	0	37	0.000130039	15380	0.999863	FALSE	ORF10:cds-YP_009725255.1	CTA	L	CAA	Q	16
NC_045512.2	29605	A	T	15237	4534	44	1	0	74	6.56125e-05	15241	0.499967	FALSE	ORF10:cds-YP_009725255.1	CTA	L	CTT	L	16
NC_045512.2	29605	A	G	15237	4534	44	3	0	37	0.000196837	15241	0.999346	FALSE	ORF10:cds-YP_009725255.1	CTA	L	CTG	L	16
NC_045512.2	29606	C	T	15787	4562	44	9	1	53	0.000569656	15799	0.00194979	TRUE	ORF10:cds-YP_009725255.1	CTC	L	TTC	F	17
NC_045512.2	29606	C	G	15787	4562	44	3	2	57	0.000189885	15799	0.124893	FALSE	ORF10:cds-YP_009725255.1	CTC	L	GTC	V	17
NC_045512.2	29607	T	C	15719	4615	44	1	1	37	6.36132e-05	15720	0.999985	FALSE	ORF10:cds-YP_009725255.1	CTC	L	CCC	P	17
NC_045512.2	29608	C	T	15890	4569	44	1	0	48	6.29247e-05	15892	0.750008	FALSE	ORF10:cds-YP_009725255.1	CTC	L	CTT	L	17
NC_045512.2	29608	C	A	15890	4569	44	1	1	37	6.29247e-05	15892	0.999985	FALSE	ORF10:cds-YP_009725255.1	CTC	L	CTA	L	17
NC_045512.2	29609	T	C	15719	4647	44	4	1	37	0.000254388	15724	0.997793	FALSE	ORF10:cds-YP_009725255.1	TTG	L	CTG	L	18
NC_045512.2	29609	T	A	15719	4647	44	1	0	37	6.3597e-05	15724	0.999985	FALSE	ORF10:cds-YP_009725255.1	TTG	L	ATG	M	18
NC_045512.2	29610	T	G	15374	4312	44	1	0	37	6.50364e-05	15376	0.999985	FALSE	ORF10:cds-YP_009725255.1	TTG	L	TGG	W	18
NC_045512.2	29610	T	C	15374	4312	44	1	0	37	6.50364e-05	15376	0.999985	FALSE	ORF10:cds-YP_009725255.1	TTG	L	TCG	S	18
NC_045512.2	29612	T	C	15247	4386	44	2	1	55	0.000131156	15249	0.250008	FALSE	ORF10:cds-YP_009725255.1	TGC	C	CGC	R	19
NC_045512.2	29613	G	T	15208	4446	44	1	0	37	6.57289e-05	15214	0.999985	FALSE	ORF10:cds-YP_009725255.1	TGC	C	TTC	F	19
NC_045512.2	29613	G	A	15208	4446	44	5	2	37	0.000328645	15214	0.994104	FALSE	ORF10:cds-YP_009725255.1	TGC	C	TAC	Y	19
NC_045512.2	29614	C	T	15204	4468	44	16	10	50	0.00105125	15220	1.52067e-05	TRUE	ORF10:cds-YP_009725255.1	TGC	C	TGT	C	19
NC_045512.2	29615	A	G	15128	4405	44	3	2	49	0.000198255	15132	0.312488	FALSE	ORF10:cds-YP_009725255.1	AGA	R	GGA	G	20
NC_045512.2	29615	A	C	15128	4405	44	1	0	37	6.60851e-05	15132	0.999985	FALSE	ORF10:cds-YP_009725255.1	AGA	R	CGA	R	20
NC_045512.2	29617	A	G	15152	4477	44	1	1	37	6.59848e-05	15155	0.999985	FALSE	ORF10:cds-YP_009725255.1	AGA	R	AGG	R	20
NC_045512.2	29617	A	C	15152	4477	44	2	0	37	0.00013197	15155	0.999863	FALSE	ORF10:cds-YP_009725255.1	AGA	R	AGC	S	20
NC_045512.2	29618	A	G	14837	4486	43	3	1	29	0.000202129	14842	1	FALSE	ORF10:cds-YP_009725255.1	ATG	M	GTG	V	21
NC_045512.2	29618	A	C	14837	4486	43	2	2	25	0.000134753	14842	1	FALSE	ORF10:cds-YP_009725255.1	ATG	M	CTG	L	21
NC_045512.2	29619	T	C	15010	4559	44	2	1	68	0.000133227	15012	0.250008	FALSE	ORF10:cds-YP_009725255.1	ATG	M	ACG	T	21
NC_045512.2	29620	G	A	15005	4554	43	3	0	61	0.000199893	15008	0.125	FALSE	ORF10:cds-YP_009725255.1	ATG	M	ATA	I	21
NC_045512.2	29621	A	G	15018	4557	43	2	1	55	0.000133156	15020	0.250008	FALSE	ORF10:cds-YP_009725255.1	AAT	N	GAT	D	22
NC_045512.2	29622	A	T	14915	4575	43	1	1	36	6.70376e-05	14917	0.99997	FALSE	ORF10:cds-YP_009725255.1	AAT	N	ATT	I	22
NC_045512.2	29622	A	G	14915	4575	43	1	0	37	6.70376e-05	14917	0.99997	FALSE	ORF10:cds-YP_009725255.1	AAT	N	AGT	S	22
NC_045512.2	29623	T	A	14527	4649	43	1	0	37	6.88326e-05	14528	0.99997	FALSE	ORF10:cds-YP_009725255.1	AAT	N	AAA	K	22
NC_045512.2	29624	T	C	14692	4726	43	1	0	37	6.80596e-05	14693	0.99997	FALSE	ORF10:cds-YP_009725255.1	TCT	S	CCT	P	23
NC_045512.2	29625	C	T	8544	2711	43	6098	1958	43	0.416445	14643	0	TRUE	ORF10:cds-YP_009725255.1	TCT	S	TTT	F	23
NC_045512.2	29625	C	A	8544	2711	43	1	0	37	6.8292e-05	14643	0.99899	FALSE	ORF10:cds-YP_009725255.1	TCT	S	TAT	Y	23
NC_045512.2	29626	T	C	14717	4685	43	1	0	37	6.7944e-05	14718	0.99997	FALSE	ORF10:cds-YP_009725255.1	TCT	S	TCC	S	23
NC_045512.2	29627	C	T	14662	4632	43	3	2	49	0.000204457	14673	0.312308	FALSE	ORF10:cds-YP_009725255.1	CGT	R	TGT	C	24
NC_045512.2	29627	C	G	14662	4632	43	7	0	37	0.000477067	14673	0.960836	FALSE	ORF10:cds-YP_009725255.1	CGT	R	GGT	G	24
NC_045512.2	29627	C	A	14662	4632	43	1	0	25	6.81524e-05	14673	1	FALSE	ORF10:cds-YP_009725255.1	CGT	R	AGT	S	24
NC_045512.2	29628	G	A	13727	5092	41	3	2	33	0.0002185	13730	0.997916	FALSE	ORF10:cds-YP_009725255.1	CGT	R	CAT	H	24
NC_045512.2	29629	T	A	13998	5116	41	1	0	37	7.14337e-05	13999	0.999939	FALSE	ORF10:cds-YP_009725255.1	CGT	R	CGA	R	24
NC_045512.2	29630	A	T	14047	5100	42	1	1	25	7.11744e-05	14050	1	FALSE	ORF10:cds-YP_009725255.1	AAC	N	TAC	Y	25
NC_045512.2	29630	A	G	14047	5100	42	2	0	55	0.000142349	14050	0.249991	FALSE	ORF10:cds-YP_009725255.1	AAC	N	GAC	D	25
NC_045512.2	29632	C	T	14358	5188	41	1	0	37	6.96379e-05	14360	0.99997	FALSE	ORF10:cds-YP_009725255.1	AAC	N	AAT	N	25
NC_045512.2	29632	C	G	14358	5188	41	1	1	37	6.96379e-05	14360	0.99997	FALSE	ORF10:cds-YP_009725255.1	AAC	N	AAG	K	25
NC_045512.2	29633	T	G	14411	5292	42	1	1	37	6.93722e-05	14415	0.99997	FALSE	ORF10:cds-YP_009725255.1	TAC	Y	GAC	D	26
NC_045512.2	29633	T	C	14411	5292	42	2	0	37	0.000138744	14415	0.999741	FALSE	ORF10:cds-YP_009725255.1	TAC	Y	CAC	H	26
NC_045512.2	29633	T	A	14411	5292	42	1	1	25	6.93722e-05	14415	1	FALSE	ORF10:cds-YP_009725255.1	TAC	Y	AAC	N	26
NC_045512.2	29634	A	G	14831	5296	41	1	1	25	6.74218e-05	14832	1	FALSE	ORF10:cds-YP_009725255.1	TAC	Y	TGC	C	26
NC_045512.2	29635	C	T	14836	5347	41	2	0	37	0.00013478	14839	0.999741	FALSE	ORF10:cds-YP_009725255.1	TAC	Y	TAT	Y	26
NC_045512.2	29635	C	A	14836	5347	41	1	0	25	6.739e-05	14839	1	FALSE	ORF10:cds-YP_009725255.1	TAC	Y	TAA	*	26
NC_045512.2	29636	A	G	14737	5417	41	3	0	37	0.000203528	14740	0.998829	FALSE	ORF10:cds-YP_009725255.1	ATA	I	GTA	V	27
NC_045512.2	29638	A	G	14613	5526	41	3	2	37	0.000205255	14616	0.998829	FALSE	ORF10:cds-YP_009725255.1	ATA	I	ATG	M	27
NC_045512.2	29639	G	T	14838	5545	41	2	1	37	0.000134716	14846	0.999741	FALSE	ORF10:cds-YP_009725255.1	GCA	A	TCA	S	28
NC_045512.2	29639	G	A	14838	5545	41	6	3	43	0.000404149	14846	0.0624668	FALSE	ORF10:cds-YP_009725255.1	GCA	A	ACA	T	28
NC_045512.2	29640	C	T	15028	5572	41	4	1	34	0.000266099	15032	0.997794	FALSE	ORF10:cds-YP_009725255.1	GCA	A	GTA	V	28
NC_045512.2	29641	A	G	14866	5415	41	1	0	37	6.72585e-05	14868	0.99997	FALSE	ORF10:cds-YP_009725255.1	GCA	A	GCG	A	28
NC_045512.2	29641	A	C	14866	5415	41	1	0	37	6.72585e-05	14868	0.99997	FALSE	ORF10:cds-YP_009725255.1	GCA	A	GCC	A	28
NC_045512.2	29642	C	T	14933	5394	41	1	1	37	6.69478e-05	14937	0.99997	FALSE	ORF10:cds-YP_009725255.1	CAA	Q	TAA	*	29
NC_045512.2	29642	C	A	14933	5394	41	3	3	37	0.000200844	14937	0.998828	FALSE	ORF10:cds-YP_009725255.1	CAA	Q	AAA	K	29
NC_045512.2	29643	A	G	14906	5573	42	4	4	37	0.000268222	14913	0.996237	FALSE	ORF10:cds-YP_009725255.1	CAA	Q	CGA	R	29
NC_045512.2	29643	A	C	14906	5573	42	3	0	37	0.000201167	14913	0.998827	FALSE	ORF10:cds-YP_009725255.1	CAA	Q	CCA	P	29
NC_045512.2	29644	A	T	14853	5605	41	1	0	37	6.73083e-05	14857	0.99997	FALSE	ORF10:cds-YP_009725255.1	CAA	Q	CAT	H	29
NC_045512.2	29644	A	G	14853	5605	41	3	2	33	0.000201925	14857	0.998828	FALSE	ORF10:cds-YP_009725255.1	CAA	Q	CAG	Q	29
NC_045512.2	29645	G	C	14937	5670	41	1	0	37	6.69434e-05	14938	0.99997	FALSE	ORF10:cds-YP_009725255.1	GTA	V	CTA	L	30
NC_045512.2	29646	T	G	14952	5734	41	1	1	37	6.68717e-05	14954	0.99997	FALSE	ORF10:cds-YP_009725255.1	GTA	V	GGA	G	30
NC_045512.2	29646	T	C	14952	5734	41	1	0	25	6.68717e-05	14954	1	FALSE	ORF10:cds-YP_009725255.1	GTA	V	GCA	A	30
NC_045512.2	29647	A	T	14807	5668	41	4	3	34	0.000270033	14813	0.996238	FALSE	ORF10:cds-YP_009725255.1	GTA	V	GTT	V	30
NC_045512.2	29647	A	G	14807	5668	41	2	1	37	0.000135017	14813	0.999741	FALSE	ORF10:cds-YP_009725255.1	GTA	V	GTG	V	30
NC_045512.2	29649	A	G	14495	6146	41	3	1	49	0.000206925	14498	0.312513	FALSE	ORF10:cds-YP_009725255.1	GAT	D	GGT	G	31
NC_045512.2	29650	T	G	14397	6192	41	1	1	37	6.94444e-05	14400	0.99997	FALSE	ORF10:cds-YP_009725255.1	GAT	D	GAG	E	31
NC_045512.2	29650	T	C	14397	6192	41	1	1	25	6.94444e-05	14400	1	FALSE	ORF10:cds-YP_009725255.1	GAT	D	GAC	D	31
NC_045512.2	29650	T	A	14397	6192	41	1	1	37	6.94444e-05	14400	0.99997	FALSE	ORF10:cds-YP_009725255.1	GAT	D	GAA	E	31
NC_045512.2	29651	G	C	14532	6126	41	2	0	37	0.000137571	14538	0.999741	FALSE	ORF10:cds-YP_009725255.1	GTA	V	CTA	L	32
NC_045512.2	29651	G	A	14532	6126	41	4	2	46	0.000275141	14538	0.187457	FALSE	ORF10:cds-YP_009725255.1	GTA	V	ATA	I	32
NC_045512.2	29652	T	C	14488	6150	41	2	1	49	0.000138026	14490	0.500026	FALSE	ORF10:cds-YP_009725255.1	GTA	V	GCA	A	32
NC_045512.2	29653	A	T	14800	7365	42	1	1	25	6.75539e-05	14803	1	FALSE	ORF10:cds-YP_009725255.1	GTA	V	GTT	V	32
NC_045512.2	29653	A	C	14800	7365	42	2	0	31	0.000135108	14803	0.999741	FALSE	ORF10:cds-YP_009725255.1	GTA	V	GTC	V	32
NC_045512.2	29654	G	A	14984	7409	43	3	1	37	0.000200173	14987	0.998829	FALSE	ORF10:cds-YP_009725255.1	GTT	V	ATT	I	33
NC_045512.2	29657	A	T	14786	7326	42	1	1	25	6.76224e-05	14788	1	FALSE	ORF10:cds-YP_009725255.1	AAC	N	TAC	Y	34
NC_045512.2	29657	A	G	14786	7326	42	1	1	37	6.76224e-05	14788	0.99997	FALSE	ORF10:cds-YP_009725255.1	AAC	N	GAC	D	34
NC_045512.2	29659	C	T	14756	7350	42	1	1	37	6.77599e-05	14758	0.99997	FALSE	ORF10:cds-YP_009725255.1	AAC	N	AAT	N	34
NC_045512.2	29659	C	A	14756	7350	42	1	1	37	6.77599e-05	14758	0.99997	FALSE	ORF10:cds-YP_009725255.1	AAC	N	AAA	K	34
NC_045512.2	29660	T	C	14731	7332	42	3	2	37	0.000203597	14735	0.998828	FALSE	ORF10:cds-YP_009725255.1	TTT	F	CTT	L	35
NC_045512.2	29660	T	A	14731	7332	42	1	0	25	6.78656e-05	14735	1	FALSE	ORF10:cds-YP_009725255.1	TTT	F	ATT	I	35
NC_045512.2	29661	T	C	14598	7339	42	3	0	37	0.000205465	14601	0.998829	FALSE	ORF10:cds-YP_009725255.1	TTT	F	TCT	S	35
NC_045512.2	29662	T	C	14621	7388	42	1	0	37	6.83901e-05	14622	0.99997	FALSE	ORF10:cds-YP_009725255.1	TTT	F	TTC	F	35
NC_045512.2	29663	A	T	14585	7404	42	3	1	40	0.000205634	14589	0.312487	FALSE	ORF10:cds-YP_009725255.1	AAT	N	TAT	Y	36
NC_045512.2	29663	A	C	14585	7404	42	1	1	25	6.85448e-05	14589	1	FALSE	ORF10:cds-YP_009725255.1	AAT	N	CAT	H	36
NC_045512.2	29665	T	C	14607	7486	43	1	1	37	6.84556e-05	14608	0.99997	FALSE	ORF10:cds-YP_009725255.1	AAT	N	AAC	N	36
NC_045512.2	29666	C	T	13745	7858	41	2	1	55	0.000145486	13747	0.250009	FALSE	ORF10:cds-YP_009725255.1	CTC	L	TTC	F	37
NC_045512.2	29667	T	G	13633	7714	41	1	1	74	7.33192e-05	13639	0.499927	FALSE	ORF10:cds-YP_009725255.1	CTC	L	CGC	R	37
NC_045512.2	29667	T	C	13633	7714	41	4	2	37	0.000293277	13639	0.993648	FALSE	ORF10:cds-YP_009725255.1	CTC	L	CCC	P	37
NC_045512.2	29667	T	A	13633	7714	41	1	0	37	7.33192e-05	13639	0.999939	FALSE	ORF10:cds-YP_009725255.1	CTC	L	CAC	H	37
NC_045512.2	29668	C	T	13705	7872	41	2	1	37	0.00014589	13709	0.999513	FALSE	ORF10:cds-YP_009725255.1	CTC	L	CTT	L	37
NC_045512.2	29668	C	G	13705	7872	41	1	0	37	7.29448e-05	13709	0.999939	FALSE	ORF10:cds-YP_009725255.1	CTC	L	CTG	L	37
NC_045512.2	29668	C	A	13705	7872	41	1	0	74	7.29448e-05	13709	0.499964	FALSE	ORF10:cds-YP_009725255.1	CTC	L	CTA	L	37
NC_045512.2	29669	A	G	13726	7898	41	2	1	31	0.000145688	13728	0.999513	FALSE	ORF10:cds-YP_009725255.1	ACA	T	GCA	A	38
NC_045512.2	29670	C	T	13811	7990	41	1	1	37	7.23956e-05	13813	0.999939	FALSE	ORF10:cds-YP_009725255.1	ACA	T	ATA	I	38
NC_045512.2	29670	C	A	13811	7990	41	1	0	37	7.23956e-05	13813	0.999939	FALSE	ORF10:cds-YP_009725255.1	ACA	T	AAA	K	38
NC_045512.2	29671	A	T	13661	7864	41	1	0	37	7.3185e-05	13664	0.999939	FALSE	ORF10:cds-YP_009725255.1	ACA	T	ACT	T	38
NC_045512.2	29671	A	G	13661	7864	41	2	0	42	0.00014637	13664	0.5	FALSE	ORF10:cds-YP_009725255.1	ACA	T	ACG	T	38
NC_045512.2	29671	A	+G	13661	7864	41	2	0	20	0.00014637	13664	1	FALSE	NA	NA	NA	NA	NA	NA
NC_045512.2	29672	T	G	14035	8391	42	1	1	25	7.12403e-05	14037	1	FALSE	ORF10:cds-YP_009725255.1	TAG	*	GAG	E	39
NC_045512.2	29672	T	C	14035	8391	42	1	0	37	7.12403e-05	14037	0.99997	FALSE	ORF10:cds-YP_009725255.1	TAG	*	CAG	Q	39
NC_045512.2	29673	A	G	14053	8444	42	1	1	74	7.11541e-05	14054	0.500018	FALSE	ORF10:cds-YP_009725255.1	TAG	*	TGG	W	39
NC_045512.2	29674	G	T	14070	8518	42	1	1	37	7.10227e-05	14080	0.999969	FALSE	ORF10:cds-YP_009725255.1	TAG	*	TAT	Y	39
NC_045512.2	29674	G	A	14070	8518	42	9	6	43	0.000639205	14080	0.0107313	FALSE	ORF10:cds-YP_009725255.1	TAG	*	TAA	*	39
NC_045512.2	29675	C	T	14151	8537	42	2	1	31	0.000141303	14154	0.999741	FALSE	NA	NA	NA	NA	NA	NA
NC_045512.2	29675	C	A	14151	8537	42	1	0	37	7.06514e-05	14154	0.99997	FALSE	NA	NA	NA	NA	NA	NA
NC_045512.2	29675	C	-A	14151	8537	42	1	0	20	7.06514e-05	14154	1	FALSE	NA	NA	NA	NA	NA	NA
NC_045512.2	29676	A	G	14154	8540	42	1	0	37	7.06464e-05	14155	0.99997	FALSE	NA	NA	NA	NA	NA	NA
NC_045512.2	29677	A	G	14158	8593	42	8	8	37	0.000564732	14166	0.933197	FALSE	NA	NA	NA	NA	NA	NA
NC_045512.2	29678	T	G	14856	8635	42	2	1	37	0.000134599	14859	0.999741	FALSE	NA	NA	NA	NA	NA	NA
NC_045512.2	29678	T	C	14856	8635	42	1	1	25	6.72993e-05	14859	1	FALSE	NA	NA	NA	NA	NA	NA
NC_045512.2	29679	C	T	14877	8648	42	2	0	37	0.000134418	14879	0.999742	FALSE	NA	NA	NA	NA	NA	NA
NC_045512.2	29680	T	C	14821	8645	42	1	0	22	6.74627e-05	14823	1	FALSE	NA	NA	NA	NA	NA	NA
NC_045512.2	29680	T	A	14821	8645	42	1	0	37	6.74627e-05	14823	0.99997	FALSE	NA	NA	NA	NA	NA	NA
NC_045512.2	29681	T	C	14780	8666	42	1	1	37	6.76544e-05	14781	0.99997	FALSE	NA	NA	NA	NA	NA	NA
NC_045512.2	29682	T	A	15896	10183	44	1	0	37	6.2905e-05	15897	0.999985	FALSE	NA	NA	NA	NA	NA	NA
NC_045512.2	29683	A	G	15877	10181	44	1	0	37	6.29763e-05	15879	0.999985	FALSE	NA	NA	NA	NA	NA	NA
NC_045512.2	29683	A	C	15877	10181	44	1	0	25	6.29763e-05	15879	1	FALSE	NA	NA	NA	NA	NA	NA
NC_045512.2	29684	A	T	15692	10049	43	1	0	37	6.37227e-05	15693	0.999985	FALSE	NA	NA	NA	NA	NA	NA
NC_045512.2	29685	T	C	15947	10275	44	2	1	55	0.0001254	15949	0.250008	FALSE	NA	NA	NA	NA	NA	NA
NC_045512.2	29686	C	T	15942	10263	44	2	2	49	0.000125439	15944	0.500024	FALSE	NA	NA	NA	NA	NA	NA
NC_045512.2	29687	A	T	14772	9098	44	1	1	37	6.7659e-05	14780	0.999969	FALSE	NA	NA	NA	NA	NA	NA
NC_045512.2	29687	A	G	14772	9098	44	5	4	34	0.000338295	14780	0.990406	FALSE	NA	NA	NA	NA	NA	NA
NC_045512.2	29687	A	C	14772	9098	44	2	0	37	0.000135318	14780	0.999741	FALSE	NA	NA	NA	NA	NA	NA
NC_045512.2	29688	G	C	15482	9375	44	1	0	37	6.45828e-05	15484	0.999985	FALSE	NA	NA	NA	NA	NA	NA
NC_045512.2	29688	G	A	15482	9375	44	1	0	37	6.45828e-05	15484	0.999985	FALSE	NA	NA	NA	NA	NA	NA
NC_045512.2	29688	G	-T	15482	9375	44	1	0	20	6.45828e-05	15484	1	FALSE	NA	NA	NA	NA	NA	NA
NC_045512.2	29689	T	C	15412	9273	44	3	2	37	0.000194616	15415	0.999346	FALSE	NA	NA	NA	NA	NA	NA
NC_045512.2	29690	G	A	15854	9509	44	2	1	37	0.000126135	15856	0.999863	FALSE	NA	NA	NA	NA	NA	NA
NC_045512.2	29691	T	C	15826	9537	44	1	0	22	6.31832e-05	15827	1	FALSE	NA	NA	NA	NA	NA	NA
NC_045512.2	29692	G	A	15783	9565	44	1	0	37	6.33553e-05	15784	0.999985	FALSE	NA	NA	NA	NA	NA	NA
NC_045512.2	29693	T	C	15784	9604	44	2	1	37	0.000126678	15788	0.999863	FALSE	NA	NA	NA	NA	NA	NA
NC_045512.2	29693	T	A	15784	9604	44	2	2	37	0.000126678	15788	0.999863	FALSE	NA	NA	NA	NA	NA	NA
NC_045512.2	29693	T	-A	15784	9604	44	2	0	20	0.000126678	15788	1	FALSE	NA	NA	NA	NA	NA	NA
NC_045512.2	29694	A	G	15749	9591	44	1	1	48	6.34921e-05	15750	0.749992	FALSE	NA	NA	NA	NA	NA	NA
NC_045512.2	29695	A	G	15915	9689	43	1	0	74	6.28299e-05	15916	0.500016	FALSE	NA	NA	NA	NA	NA	NA
NC_045512.2	29696	C	T	15957	9731	43	1	1	37	6.26645e-05	15958	0.999985	FALSE	NA	NA	NA	NA	NA	NA
NC_045512.2	29697	A	C	14902	9040	43	1	0	37	6.71006e-05	14903	0.99997	FALSE	NA	NA	NA	NA	NA	NA
NC_045512.2	29697	A	-T	14902	9040	43	2	0	20	0.000134201	14903	1	FALSE	NA	NA	NA	NA	NA	NA
NC_045512.2	29698	T	A	14675	9036	42	1	0	74	6.81385e-05	14676	0.499983	FALSE	NA	NA	NA	NA	NA	NA
NC_045512.2	29699	T	G	14214	8444	43	1	1	37	7.03284e-05	14219	0.99997	FALSE	NA	NA	NA	NA	NA	NA
NC_045512.2	29699	T	C	14214	8444	43	3	0	29	0.000210985	14219	1	FALSE	NA	NA	NA	NA	NA	NA
NC_045512.2	29699	T	A	14214	8444	43	1	1	25	7.03284e-05	14219	1	FALSE	NA	NA	NA	NA	NA	NA
NC_045512.2	29700	A	G	14298	8536	43	1	1	37	6.9935e-05	14299	0.99997	FALSE	NA	NA	NA	NA	NA	NA
NC_045512.2	29701	G	T	14182	8609	43	1	1	37	7.05069e-05	14183	0.99997	FALSE	NA	NA	NA	NA	NA	NA
NC_045512.2	29702	G	C	13598	9030	41	1	0	37	7.35348e-05	13599	0.999939	FALSE	NA	NA	NA	NA	NA	NA
NC_045512.2	29703	G	T	13612	9042	41	1	0	37	7.3443e-05	13616	0.999939	FALSE	NA	NA	NA	NA	NA	NA
NC_045512.2	29703	G	C	13612	9042	41	2	2	31	0.000146886	13616	0.999513	FALSE	NA	NA	NA	NA	NA	NA
NC_045512.2	29703	G	A	13612	9042	41	1	1	37	7.3443e-05	13616	0.999939	FALSE	NA	NA	NA	NA	NA	NA
NC_045512.2	29704	A	T	12584	8061	41	1	0	37	7.94281e-05	12590	0.999878	FALSE	NA	NA	NA	NA	NA	NA
NC_045512.2	29704	A	G	12584	8061	41	5	2	33	0.000397141	12590	0.975517	FALSE	NA	NA	NA	NA	NA	NA
NC_045512.2	29705	G	T	12567	8060	41	8	5	44	0.000636183	12575	0.0195201	FALSE	NA	NA	NA	NA	NA	NA
NC_045512.2	29706	G	T	12630	8166	41	1	0	37	7.91703e-05	12631	0.999878	FALSE	NA	NA	NA	NA	NA	NA
NC_045512.2	29707	A	T	12458	8277	41	1	1	37	8.02568e-05	12460	0.999878	FALSE	NA	NA	NA	NA	NA	NA
NC_045512.2	29707	A	G	12458	8277	41	1	0	37	8.02568e-05	12460	0.999878	FALSE	NA	NA	NA	NA	NA	NA
NC_045512.2	29708	C	T	12399	8238	40	3	3	37	0.000241877	12403	0.996316	FALSE	NA	NA	NA	NA	NA	NA
NC_045512.2	29708	C	A	12399	8238	40	1	1	25	8.06257e-05	12403	1	FALSE	NA	NA	NA	NA	NA	NA
NC_045512.2	29709	T	C	12253	8221	40	4	2	46	0.000326291	12259	0.187449	FALSE	NA	NA	NA	NA	NA	NA
NC_045512.2	29709	T	A	12253	8221	40	2	1	55	0.000163145	12259	0.249929	FALSE	NA	NA	NA	NA	NA	NA
NC_045512.2	29710	T	C	13255	9549	42	5	3	42	0.000377074	13260	0.109366	FALSE	NA	NA	NA	NA	NA	NA
NC_045512.2	29711	G	A	13661	10036	42	1	1	37	7.31957e-05	13662	0.999939	FALSE	NA	NA	NA	NA	NA	NA
NC_045512.2	29711	G	-A	13661	10036	42	1	0	20	7.31957e-05	13662	1	FALSE	NA	NA	NA	NA	NA	NA
NC_045512.2	29713	A	T	13701	10102	42	1	0	37	7.29714e-05	13704	0.999939	FALSE	NA	NA	NA	NA	NA	NA
NC_045512.2	29713	A	C	13701	10102	42	2	2	31	0.000145943	13704	0.999513	FALSE	NA	NA	NA	NA	NA	NA
NC_045512.2	29714	A	T	13581	9987	42	1	0	37	7.36269e-05	13582	0.999939	FALSE	NA	NA	NA	NA	NA	NA
NC_045512.2	29715	G	A	13559	10009	43	2	1	43	0.000147482	13561	0.500028	FALSE	NA	NA	NA	NA	NA	NA
NC_045512.2	29716	A	T	13417	9910	42	1	1	37	7.45101e-05	13421	0.999939	FALSE	NA	NA	NA	NA	NA	NA
NC_045512.2	29716	A	G	13417	9910	42	2	1	37	0.00014902	13421	0.999513	FALSE	NA	NA	NA	NA	NA	NA
NC_045512.2	29716	A	C	13417	9910	42	1	0	37	7.45101e-05	13421	0.999939	FALSE	NA	NA	NA	NA	NA	NA
NC_045512.2	29717	G	T	13324	9915	42	1	0	74	7.50075e-05	13332	0.499887	FALSE	NA	NA	NA	NA	NA	NA
NC_045512.2	29717	G	A	13324	9915	42	7	6	37	0.000525053	13332	0.942409	FALSE	NA	NA	NA	NA	NA	NA
NC_045512.2	29718	C	T	13300	9887	42	11	7	40	0.00082626	13313	0.00316717	TRUE	NA	NA	NA	NA	NA	NA
NC_045512.2	29718	C	A	13300	9887	42	2	2	37	0.000150229	13313	0.999511	FALSE	NA	NA	NA	NA	NA	NA
NC_045512.2	29719	C	G	13333	9928	42	1	1	37	7.49963e-05	13334	0.999939	FALSE	NA	NA	NA	NA	NA	NA
NC_045512.2	29720	A	T	13335	9914	42	1	1	25	7.49794e-05	13337	1	FALSE	NA	NA	NA	NA	NA	NA
NC_045512.2	29720	A	G	13335	9914	42	1	1	37	7.49794e-05	13337	0.999939	FALSE	NA	NA	NA	NA	NA	NA
NC_045512.2	29721	C	T	13261	9879	42	1	1	37	7.54034e-05	13262	0.999939	FALSE	NA	NA	NA	NA	NA	NA
NC_045512.2	29722	C	T	13296	9923	42	2	2	55	0.000150387	13299	0.249991	FALSE	NA	NA	NA	NA	NA	NA
NC_045512.2	29722	C	A	13296	9923	42	1	1	37	7.51936e-05	13299	0.999939	FALSE	NA	NA	NA	NA	NA	NA
NC_045512.2	29723	A	T	13305	9919	42	1	1	37	7.51428e-05	13308	0.999939	FALSE	NA	NA	NA	NA	NA	NA
NC_045512.2	29723	A	G	13305	9919	42	2	1	55	0.000150286	13308	0.249991	FALSE	NA	NA	NA	NA	NA	NA
NC_045512.2	29724	C	T	13280	9899	42	1	0	37	7.52842e-05	13283	0.999939	FALSE	NA	NA	NA	NA	NA	NA
NC_045512.2	29724	C	A	13280	9899	42	2	2	37	0.000150568	13283	0.999513	FALSE	NA	NA	NA	NA	NA	NA
NC_045512.2	29725	A	G	13243	9856	42	1	1	37	7.55059e-05	13244	0.999939	FALSE	NA	NA	NA	NA	NA	NA
NC_045512.2	29725	A	-T	13243	9856	42	2	0	20	0.000151012	13244	1	FALSE	NA	NA	NA	NA	NA	NA
NC_045512.2	29726	T	A	13062	9736	42	1	0	37	7.65521e-05	13063	0.999939	FALSE	NA	NA	NA	NA	NA	NA
NC_045512.2	29727	T	C	13135	9814	42	4	2	37	0.000304437	13139	0.993654	FALSE	NA	NA	NA	NA	NA	NA
NC_045512.2	29728	T	C	13125	9823	42	3	1	29	0.000228502	13129	1	FALSE	NA	NA	NA	NA	NA	NA
NC_045512.2	29728	T	A	13125	9823	42	1	0	37	7.61673e-05	13129	0.999939	FALSE	NA	NA	NA	NA	NA	NA
NC_045512.2	29729	T	C	13180	9876	42	2	1	37	0.000151711	13183	0.999513	FALSE	NA	NA	NA	NA	NA	NA
NC_045512.2	29729	T	A	13180	9876	42	1	0	25	7.58553e-05	13183	1	FALSE	NA	NA	NA	NA	NA	NA
NC_045512.2	29730	C	T	13072	9941	42	1	1	37	7.64935e-05	13073	0.999939	FALSE	NA	NA	NA	NA	NA	NA
NC_045512.2	29731	A	G	12880	9738	41	1	1	25	7.76337e-05	12881	1	FALSE	NA	NA	NA	NA	NA	NA
NC_045512.2	29731	A	-CCGAGGCCACGCGGAGTACGATCGAG	12880	9738	41	1	0	20	7.76337e-05	12881	1	FALSE	NA	NA	NA	NA	NA	NA
NC_045512.2	29732	C	-CGAGGCCACGCGGAGTACGATCGAGT	12990	9876	41	8	0	20	0.000615811	12991	1	FALSE	NA	NA	NA	NA	NA	NA
NC_045512.2	29733	C	-GAGGCCACGCGGAGTACGATCGAGTG	12734	9832	41	8027	0	20	0.630162	12738	0	TRUE	NA	NA	NA	NA	NA	NA
NC_045512.2	29734	G	T	0	0	0	523	27	37	0.998092	524	0	TRUE	NA	NA	NA	NA	NA	NA
NC_045512.2	29734	G	C	0	0	0	1	0	37	0.0019084	524	0.00100727	TRUE	NA	NA	NA	NA	NA	NA
NC_045512.2	29759	G	C	3	3	37	1	1	37	0.25	4	0.00427096	TRUE	NA	NA	NA	NA	NA	NA
NC_045512.2	29760	T	C	8414	6617	39	2	2	37	0.000237643	8416	0.989266	FALSE	NA	NA	NA	NA	NA	NA
NC_045512.2	29762	C	T	8419	6617	39	2	2	37	0.000237501	8421	0.989281	FALSE	NA	NA	NA	NA	NA	NA
NC_045512.2	29763	A	G	8366	6560	39	3	3	44	0.00035838	8371	0.124955	FALSE	NA	NA	NA	NA	NA	NA
NC_045512.2	29763	A	C	8366	6560	39	2	2	31	0.00023892	8371	0.989266	FALSE	NA	NA	NA	NA	NA	NA
NC_045512.2	29764	G	A	8414	6628	39	1	0	37	0.000118835	8415	0.998052	FALSE	NA	NA	NA	NA	NA	NA
NC_045512.2	29766	G	C	8413	6619	39	1	1	37	0.000118821	8416	0.99805	FALSE	NA	NA	NA	NA	NA	NA
NC_045512.2	29766	G	A	8413	6619	39	2	2	37	0.000237643	8416	0.989276	FALSE	NA	NA	NA	NA	NA	NA
NC_045512.2	29768	A	G	8397	6643	39	1	1	37	0.000119076	8398	0.998052	FALSE	NA	NA	NA	NA	NA	NA
NC_045512.2	29769	C	T	8401	6604	39	2	0	42	0.000237982	8404	0.249985	FALSE	NA	NA	NA	NA	NA	NA
NC_045512.2	29769	C	A	8401	6604	39	1	1	37	0.000118991	8404	0.99805	FALSE	NA	NA	NA	NA	NA	NA
NC_045512.2	29770	A	G	8351	6545	39	1	1	37	0.000119732	8352	0.998052	FALSE	NA	NA	NA	NA	NA	NA
NC_045512.2	29771	A	G	8322	6520	39	2	1	55	0.000240269	8324	0.250015	FALSE	NA	NA	NA	NA	NA	NA
NC_045512.2	29772	T	C	8449	6663	40	1	1	37	0.000118343	8450	0.998052	FALSE	NA	NA	NA	NA	NA	NA
NC_045512.2	29773	G	A	8437	6637	39	2	1	55	0.000236995	8439	0.250015	FALSE	NA	NA	NA	NA	NA	NA
NC_045512.2	29774	C	T	8393	6608	39	11	8	43	0.00130874	8405	0.000486685	TRUE	NA	NA	NA	NA	NA	NA
NC_045512.2	29774	C	A	8393	6608	39	1	1	37	0.000118977	8405	0.998041	FALSE	NA	NA	NA	NA	NA	NA
NC_045512.2	29775	T	C	8407	6616	39	1	1	37	0.000118934	8408	0.998052	FALSE	NA	NA	NA	NA	NA	NA
NC_045512.2	29776	A	G	8407	6616	40	1	1	37	0.000118934	8408	0.998052	FALSE	NA	NA	NA	NA	NA	NA
NC_045512.2	29776	A	-G	8407	6616	40	1	0	20	0.000118934	8408	1	FALSE	NA	NA	NA	NA	NA	NA
NC_045512.2	29779	G	A	8432	6646	40	1	1	37	0.000118582	8433	0.998052	FALSE	NA	NA	NA	NA	NA	NA
NC_045512.2	29780	A	T	8427	6632	40	1	1	37	0.00011861	8431	0.998049	FALSE	NA	NA	NA	NA	NA	NA
NC_045512.2	29780	A	G	8427	6632	40	3	3	37	0.00035583	8431	0.967328	FALSE	NA	NA	NA	NA	NA	NA
NC_045512.2	29782	A	T	8436	6648	40	2	2	37	0.000237023	8438	0.989281	FALSE	NA	NA	NA	NA	NA	NA
NC_045512.2	29783	G	T	8411	6617	40	1	1	37	0.000118765	8420	0.998044	FALSE	NA	NA	NA	NA	NA	NA
NC_045512.2	29783	G	A	8411	6617	40	8	8	34	0.000950119	8420	0.598237	FALSE	NA	NA	NA	NA	NA	NA
NC_045512.2	29784	C	T	8418	6632	40	9	8	43	0.001068	8427	0.00195	TRUE	NA	NA	NA	NA	NA	NA
NC_045512.2	29785	T	C	8414	6632	39	3	2	33	0.000356379	8418	0.967328	FALSE	NA	NA	NA	NA	NA	NA
NC_045512.2	29785	T	A	8414	6632	39	1	0	25	0.000118793	8418	1	FALSE	NA	NA	NA	NA	NA	NA
NC_045512.2	29786	G	A	8423	6647	40	2	1	31	0.000237389	8425	0.989281	FALSE	NA	NA	NA	NA	NA	NA
NC_045512.2	29787	C	T	8321	6540	39	4	4	37	0.000480423	8326	0.927075	FALSE	NA	NA	NA	NA	NA	NA
NC_045512.2	29787	C	A	8321	6540	39	1	1	37	0.000120106	8326	0.998048	FALSE	NA	NA	NA	NA	NA	NA
NC_045512.2	29788	C	T	8316	6537	39	3	2	37	0.000360534	8321	0.967314	FALSE	NA	NA	NA	NA	NA	NA
NC_045512.2	29788	C	G	8316	6537	39	1	1	37	0.000120178	8321	0.998048	FALSE	NA	NA	NA	NA	NA	NA
NC_045512.2	29788	C	A	8316	6537	39	1	1	37	0.000120178	8321	0.998048	FALSE	NA	NA	NA	NA	NA	NA
NC_045512.2	29789	T	C	8325	6547	39	2	1	37	0.000240183	8327	0.989282	FALSE	NA	NA	NA	NA	NA	NA
NC_045512.2	29790	A	G	8218	6439	40	1	0	37	0.000121669	8219	0.998052	FALSE	NA	NA	NA	NA	NA	NA
NC_045512.2	29791	T	C	8213	6451	39	1	1	37	0.000121743	8214	0.998052	FALSE	NA	NA	NA	NA	NA	NA
NC_045512.2	29793	T	A	8180	6423	39	1	0	29	0.000122234	8181	1	FALSE	NA	NA	NA	NA	NA	NA
NC_045512.2	29794	G	A	8159	6408	40	1	1	37	0.000122549	8160	0.998052	FALSE	NA	NA	NA	NA	NA	NA
NC_045512.2	29795	G	T	7755	6026	40	1	1	74	0.000128916	7757	0.5	FALSE	NA	NA	NA	NA	NA	NA
NC_045512.2	29795	G	A	7755	6026	40	1	0	37	0.000128916	7757	0.996101	FALSE	NA	NA	NA	NA	NA	NA
NC_045512.2	29797	A	G	7620	5888	40	1	1	37	0.000131216	7621	0.996103	FALSE	NA	NA	NA	NA	NA	NA
NC_045512.2	29798	G	T	7604	5887	40	2	1	31	0.000262916	7607	0.980496	FALSE	NA	NA	NA	NA	NA	NA
NC_045512.2	29798	G	C	7604	5887	40	1	1	37	0.000131458	7607	0.996099	FALSE	NA	NA	NA	NA	NA	NA
NC_045512.2	29799	A	G	6837	5173	40	2	2	37	0.00029244	6839	0.9649	FALSE	NA	NA	NA	NA	NA	NA
NC_045512.2	29800	G	T	6853	5187	40	1	1	37	0.000145879	6855	0.992199	FALSE	NA	NA	NA	NA	NA	NA
NC_045512.2	29800	G	A	6853	5187	40	1	1	37	0.000145879	6855	0.992199	FALSE	NA	NA	NA	NA	NA	NA
NC_045512.2	29801	C	T	6818	5170	40	4	4	37	0.000586252	6823	0.828215	FALSE	NA	NA	NA	NA	NA	NA
NC_045512.2	29801	C	A	6818	5170	40	1	1	25	0.000146563	6823	1	FALSE	NA	NA	NA	NA	NA	NA
NC_045512.2	29803	C	T	6769	5117	40	1	1	37	0.000147689	6771	0.9922	FALSE	NA	NA	NA	NA	NA	NA
NC_045512.2	29803	C	A	6769	5117	40	1	1	37	0.000147689	6771	0.9922	FALSE	NA	NA	NA	NA	NA	NA
NC_045512.2	29804	T	C	6505	4929	40	7	1	37	0.00107477	6513	0.5	FALSE	NA	NA	NA	NA	NA	NA
NC_045512.2	29804	T	A	6505	4929	40	1	1	37	0.000153539	6513	0.992175	FALSE	NA	NA	NA	NA	NA	NA
NC_045512.2	29806	A	G	6104	5000	39	1	1	37	0.0001638	6105	0.992205	FALSE	NA	NA	NA	NA	NA	NA
NC_045512.2	29807	T	C	6032	4969	39	1	1	25	0.000165755	6033	1	FALSE	NA	NA	NA	NA	NA	NA
NC_045512.2	29808	G	T	6066	4959	39	1	1	37	0.000164718	6071	0.992188	FALSE	NA	NA	NA	NA	NA	NA
NC_045512.2	29808	G	A	6066	4959	39	4	4	37	0.00065887	6071	0.828226	FALSE	NA	NA	NA	NA	NA	NA
NC_045512.2	29809	T	G	3962	2902	39	1	1	37	0.000252334	3963	0.937579	FALSE	NA	NA	NA	NA	NA	NA
NC_045512.2	29810	G	T	3961	2894	39	1	1	37	0.000252398	3962	0.937579	FALSE	NA	NA	NA	NA	NA	NA
NC_045512.2	29811	T	C	3969	2901	39	1	0	25	0.000251889	3970	1	FALSE	NA	NA	NA	NA	NA	NA
NC_045512.2	29812	A	G	3928	2878	39	1	1	37	0.000254518	3929	0.93758	FALSE	NA	NA	NA	NA	NA	NA
NC_045512.2	29814	A	G	3900	2858	39	2	2	37	0.000512295	3904	0.8125	FALSE	NA	NA	NA	NA	NA	NA
NC_045512.2	29814	A	C	3900	2858	39	2	0	37	0.000512295	3904	0.8125	FALSE	NA	NA	NA	NA	NA	NA
NC_045512.2	29819	A	G	3144	2702	38	1	0	37	0.000317965	3145	0.937599	FALSE	NA	NA	NA	NA	NA	NA
NC_045512.2	29819	A	-T	3144	2702	38	2	0	20	0.00063593	3145	1	FALSE	NA	NA	NA	NA	NA	NA
NC_045512.2	29820	T	C	3157	2722	38	1	1	37	0.000316656	3158	0.93752	FALSE	NA	NA	NA	NA	NA	NA
NC_045512.2	29824	A	G	2840	2744	37	1	1	37	0.000351989	2841	0.875132	FALSE	NA	NA	NA	NA	NA	NA
NC_045512.2	29827	A	T	2748	2671	36	1	1	37	0.000363769	2749	0.875136	FALSE	NA	NA	NA	NA	NA	NA
NC_045512.2	29830	G	A	2661	2592	37	2	2	37	0.000751033	2663	0.687711	FALSE	NA	NA	NA	NA	NA	NA
NC_045512.2	29834	T	A	2379	2371	36	1	1	37	0.000420168	2380	0.875158	FALSE	NA	NA	NA	NA	NA	NA
NC_045512.2	29835	C	T	2336	2333	36	1	1	37	0.000427899	2337	0.87516	FALSE	NA	NA	NA	NA	NA	NA
