REGION	POS	REF	ALT	REF_DP	REF_RV	REF_QUAL	ALT_DP	ALT_RV	ALT_QUAL	ALT_FREQ	TOTAL_DP	PVAL	PASS	GFF_FEATURE	REF_CODON	REF_AA	ALT_CODON	ALT_AA	POS_AA
NC_045512.2	2535	T	C	430	139	49	1	1	60	0.00232019	431	0.500581	FALSE	ORF1ab:cds-YP_009724389.1	GTC	V	GCC	A	757
NC_045512.2	2535	T	C	430	139	49	1	1	60	0.00232019	431	0.500581	FALSE	ORF1ab:cds-YP_009725295.1	GTC	V	GCC	A	757
NC_045512.2	2536	C	A	812	257	51	1	0	26	0.00123001	813	0.9981	FALSE	ORF1ab:cds-YP_009724389.1	GTC	V	GTA	V	757
NC_045512.2	2536	C	A	812	257	51	1	0	26	0.00123001	813	0.9981	FALSE	ORF1ab:cds-YP_009725295.1	GTC	V	GTA	V	757
NC_045512.2	2536	C	-T	812	257	51	2	0	20	0.00246002	813	0.989553	FALSE	NA	NA	NA	NA	NA	NA
NC_045512.2	2538	T	G	819	262	52	1	0	27	0.00121951	820	0.9981	FALSE	ORF1ab:cds-YP_009724389.1	TTG	L	TGG	W	758
NC_045512.2	2538	T	G	819	262	52	1	0	27	0.00121951	820	0.9981	FALSE	ORF1ab:cds-YP_009725295.1	TTG	L	TGG	W	758
NC_045512.2	2538	T	+G	819	262	52	1	0	20	0.00121951	820	0.9981	FALSE	NA	NA	NA	NA	NA	NA
NC_045512.2	2539	G	+A	863	278	52	1	0	20	0.00115875	863	0.998107	FALSE	NA	NA	NA	NA	NA	NA
NC_045512.2	2543	A	T	894	286	51	1	1	68	0.00111732	895	0.500279	FALSE	ORF1ab:cds-YP_009724389.1	ACT	T	TCT	S	760
NC_045512.2	2543	A	T	894	286	51	1	1	68	0.00111732	895	0.500279	FALSE	ORF1ab:cds-YP_009725295.1	ACT	T	TCT	S	760
NC_045512.2	2543	A	-C	894	286	51	2	0	20	0.00223464	895	0.989526	FALSE	NA	NA	NA	NA	NA	NA
NC_045512.2	2551	T	G	1478	450	51	1	0	27	0.000676133	1479	0.999971	FALSE	ORF1ab:cds-YP_009724389.1	GAT	D	GAG	E	762
NC_045512.2	2551	T	G	1478	450	51	1	0	27	0.000676133	1479	0.999971	FALSE	ORF1ab:cds-YP_009725295.1	GAT	D	GAG	E	762
NC_045512.2	2552	T	G	1499	469	52	1	0	34	0.000666667	1500	0.75025	FALSE	ORF1ab:cds-YP_009724389.1	TTA	L	GTA	V	763
NC_045512.2	2552	T	G	1499	469	52	1	0	34	0.000666667	1500	0.75025	FALSE	ORF1ab:cds-YP_009725295.1	TTA	L	GTA	V	763
NC_045512.2	2560	A	G	3176	821	50	1	0	27	0.000314564	3179	1	FALSE	ORF1ab:cds-YP_009724389.1	CCA	P	CCG	P	765
NC_045512.2	2560	A	G	3176	821	50	1	0	27	0.000314564	3179	1	FALSE	ORF1ab:cds-YP_009725295.1	CCA	P	CCG	P	765
NC_045512.2	2560	A	C	3176	821	50	2	0	30	0.000629129	3179	0.812598	FALSE	ORF1ab:cds-YP_009724389.1	CCA	P	CCC	P	765
NC_045512.2	2560	A	C	3176	821	50	2	0	30	0.000629129	3179	0.812598	FALSE	ORF1ab:cds-YP_009725295.1	CCA	P	CCC	P	765
NC_045512.2	2561	T	G	3175	820	50	1	0	26	0.000314663	3178	1	FALSE	ORF1ab:cds-YP_009724389.1	TTA	L	GTA	V	766
NC_045512.2	2561	T	G	3175	820	50	1	0	26	0.000314663	3178	1	FALSE	ORF1ab:cds-YP_009725295.1	TTA	L	GTA	V	766
NC_045512.2	2561	T	C	3175	820	50	2	1	30	0.000629327	3178	0.812598	FALSE	ORF1ab:cds-YP_009724389.1	TTA	L	CTA	L	766
NC_045512.2	2561	T	C	3175	820	50	2	1	30	0.000629327	3178	0.812598	FALSE	ORF1ab:cds-YP_009725295.1	TTA	L	CTA	L	766
NC_045512.2	2562	T	C	3180	824	50	2	1	34	0.000628536	3182	0.812696	FALSE	ORF1ab:cds-YP_009724389.1	TTA	L	TCA	S	766
NC_045512.2	2562	T	C	3180	824	50	2	1	34	0.000628536	3182	0.812696	FALSE	ORF1ab:cds-YP_009725295.1	TTA	L	TCA	S	766
NC_045512.2	2564	G	T	3336	853	50	1	1	34	0.00029967	3337	0.937594	FALSE	ORF1ab:cds-YP_009724389.1	GAA	E	TAA	*	767
NC_045512.2	2564	G	T	3336	853	50	1	1	34	0.00029967	3337	0.937594	FALSE	ORF1ab:cds-YP_009725295.1	GAA	E	TAA	*	767
NC_045512.2	2565	A	T	3283	862	49	1	1	34	0.000304414	3285	0.937557	FALSE	ORF1ab:cds-YP_009724389.1	GAA	E	GTA	V	767
NC_045512.2	2565	A	T	3283	862	49	1	1	34	0.000304414	3285	0.937557	FALSE	ORF1ab:cds-YP_009725295.1	GAA	E	GTA	V	767
NC_045512.2	2565	A	G	3283	862	49	1	1	38	0.000304414	3285	0.937557	FALSE	ORF1ab:cds-YP_009724389.1	GAA	E	GGA	G	767
NC_045512.2	2565	A	G	3283	862	49	1	1	38	0.000304414	3285	0.937557	FALSE	ORF1ab:cds-YP_009725295.1	GAA	E	GGA	G	767
NC_045512.2	2567	C	T	3446	1034	53	1	0	34	0.000289939	3449	0.937518	FALSE	ORF1ab:cds-YP_009724389.1	CAA	Q	TAA	*	768
NC_045512.2	2567	C	T	3446	1034	53	1	0	34	0.000289939	3449	0.937518	FALSE	ORF1ab:cds-YP_009725295.1	CAA	Q	TAA	*	768
NC_045512.2	2567	C	G	3446	1034	53	1	1	34	0.000289939	3449	0.937518	FALSE	ORF1ab:cds-YP_009724389.1	CAA	Q	GAA	E	768
NC_045512.2	2567	C	G	3446	1034	53	1	1	34	0.000289939	3449	0.937518	FALSE	ORF1ab:cds-YP_009725295.1	CAA	Q	GAA	E	768
NC_045512.2	2567	C	A	3446	1034	53	1	1	34	0.000289939	3449	0.937518	FALSE	ORF1ab:cds-YP_009724389.1	CAA	Q	AAA	K	768
NC_045512.2	2567	C	A	3446	1034	53	1	1	34	0.000289939	3449	0.937518	FALSE	ORF1ab:cds-YP_009725295.1	CAA	Q	AAA	K	768
NC_045512.2	2568	A	G	3454	1044	53	1	0	34	0.000289352	3456	0.937554	FALSE	ORF1ab:cds-YP_009724389.1	CAA	Q	CGA	R	768
NC_045512.2	2568	A	G	3454	1044	53	1	0	34	0.000289352	3456	0.937554	FALSE	ORF1ab:cds-YP_009725295.1	CAA	Q	CGA	R	768
NC_045512.2	2568	A	C	3454	1044	53	1	1	34	0.000289352	3456	0.937554	FALSE	ORF1ab:cds-YP_009724389.1	CAA	Q	CCA	P	768
NC_045512.2	2568	A	C	3454	1044	53	1	1	34	0.000289352	3456	0.937554	FALSE	ORF1ab:cds-YP_009725295.1	CAA	Q	CCA	P	768
NC_045512.2	2570	C	A	4513	1274	52	3	1	34	0.000664305	4516	0.773619	FALSE	ORF1ab:cds-YP_009724389.1	CCT	P	ACT	T	769
NC_045512.2	2570	C	A	4513	1274	52	3	1	34	0.000664305	4516	0.773619	FALSE	ORF1ab:cds-YP_009725295.1	CCT	P	ACT	T	769
NC_045512.2	2571	C	T	4611	1304	52	1	1	68	0.000216732	4614	0.499946	FALSE	ORF1ab:cds-YP_009724389.1	CCT	P	CTT	L	769
NC_045512.2	2571	C	T	4611	1304	52	1	1	68	0.000216732	4614	0.499946	FALSE	ORF1ab:cds-YP_009725295.1	CCT	P	CTT	L	769
NC_045512.2	2571	C	A	4611	1304	52	2	1	30	0.000433463	4614	0.890701	FALSE	ORF1ab:cds-YP_009724389.1	CCT	P	CAT	H	769
NC_045512.2	2571	C	A	4611	1304	52	2	1	30	0.000433463	4614	0.890701	FALSE	ORF1ab:cds-YP_009725295.1	CCT	P	CAT	H	769
NC_045512.2	2572	T	C	4624	1305	52	1	1	34	0.000216169	4626	0.968784	FALSE	ORF1ab:cds-YP_009724389.1	CCT	P	CCC	P	769
NC_045512.2	2572	T	C	4624	1305	52	1	1	34	0.000216169	4626	0.968784	FALSE	ORF1ab:cds-YP_009725295.1	CCT	P	CCC	P	769
NC_045512.2	2572	T	A	4624	1305	52	1	1	26	0.000216169	4626	1	FALSE	ORF1ab:cds-YP_009724389.1	CCT	P	CCA	P	769
NC_045512.2	2572	T	A	4624	1305	52	1	1	26	0.000216169	4626	1	FALSE	ORF1ab:cds-YP_009725295.1	CCT	P	CCA	P	769
NC_045512.2	2573	A	T	4612	1332	52	1	1	34	0.000216685	4615	0.968767	FALSE	ORF1ab:cds-YP_009724389.1	ACT	T	TCT	S	770
NC_045512.2	2573	A	T	4612	1332	52	1	1	34	0.000216685	4615	0.968767	FALSE	ORF1ab:cds-YP_009725295.1	ACT	T	TCT	S	770
NC_045512.2	2573	A	G	4612	1332	52	1	0	34	0.000216685	4615	0.968767	FALSE	ORF1ab:cds-YP_009724389.1	ACT	T	GCT	A	770
NC_045512.2	2573	A	G	4612	1332	52	1	0	34	0.000216685	4615	0.968767	FALSE	ORF1ab:cds-YP_009725295.1	ACT	T	GCT	A	770
NC_045512.2	2573	A	C	4612	1332	52	1	1	34	0.000216685	4615	0.968767	FALSE	ORF1ab:cds-YP_009724389.1	ACT	T	CCT	P	770
NC_045512.2	2573	A	C	4612	1332	52	1	1	34	0.000216685	4615	0.968767	FALSE	ORF1ab:cds-YP_009725295.1	ACT	T	CCT	P	770
NC_045512.2	2574	C	G	4699	1362	52	2	0	30	0.000425351	4702	0.8907	FALSE	ORF1ab:cds-YP_009724389.1	ACT	T	AGT	S	770
NC_045512.2	2574	C	G	4699	1362	52	2	0	30	0.000425351	4702	0.8907	FALSE	ORF1ab:cds-YP_009725295.1	ACT	T	AGT	S	770
NC_045512.2	2574	C	A	4699	1362	52	1	1	34	0.000212675	4702	0.968767	FALSE	ORF1ab:cds-YP_009724389.1	ACT	T	AAT	N	770
NC_045512.2	2574	C	A	4699	1362	52	1	1	34	0.000212675	4702	0.968767	FALSE	ORF1ab:cds-YP_009725295.1	ACT	T	AAT	N	770
NC_045512.2	2575	T	C	4749	1354	52	2	1	30	0.000420964	4751	0.890748	FALSE	ORF1ab:cds-YP_009724389.1	ACT	T	ACC	T	770
NC_045512.2	2575	T	C	4749	1354	52	2	1	30	0.000420964	4751	0.890748	FALSE	ORF1ab:cds-YP_009725295.1	ACT	T	ACC	T	770
NC_045512.2	2575	T	-A	4749	1354	52	1	0	20	0.000210482	4751	1	FALSE	NA	NA	NA	NA	NA	NA
NC_045512.2	2576	A	T	4851	1379	52	1	1	26	0.000206101	4852	1	FALSE	ORF1ab:cds-YP_009724389.1	AGT	S	TGT	C	771
NC_045512.2	2576	A	T	4851	1379	52	1	1	26	0.000206101	4852	1	FALSE	ORF1ab:cds-YP_009725295.1	AGT	S	TGT	C	771
NC_045512.2	2577	G	C	4843	1382	52	1	1	34	0.000206441	4844	0.968798	FALSE	ORF1ab:cds-YP_009724389.1	AGT	S	ACT	T	771
NC_045512.2	2577	G	C	4843	1382	52	1	1	34	0.000206441	4844	0.968798	FALSE	ORF1ab:cds-YP_009725295.1	AGT	S	ACT	T	771
NC_045512.2	2578	T	G	4844	1392	52	2	1	30	0.000412712	4846	0.890746	FALSE	ORF1ab:cds-YP_009724389.1	AGT	S	AGG	R	771
NC_045512.2	2578	T	G	4844	1392	52	2	1	30	0.000412712	4846	0.890746	FALSE	ORF1ab:cds-YP_009725295.1	AGT	S	AGG	R	771
NC_045512.2	2579	G	T	4867	1399	52	1	1	26	0.000205381	4869	1	FALSE	ORF1ab:cds-YP_009724389.1	GAA	E	TAA	*	772
NC_045512.2	2579	G	T	4867	1399	52	1	1	26	0.000205381	4869	1	FALSE	ORF1ab:cds-YP_009725295.1	GAA	E	TAA	*	772
NC_045512.2	2579	G	A	4867	1399	52	1	1	34	0.000205381	4869	0.968782	FALSE	ORF1ab:cds-YP_009724389.1	GAA	E	AAA	K	772
NC_045512.2	2579	G	A	4867	1399	52	1	1	34	0.000205381	4869	0.968782	FALSE	ORF1ab:cds-YP_009725295.1	GAA	E	AAA	K	772
NC_045512.2	2580	A	G	4887	1406	52	2	2	34	0.000408998	4890	0.890697	FALSE	ORF1ab:cds-YP_009724389.1	GAA	E	GGA	G	772
NC_045512.2	2580	A	G	4887	1406	52	2	2	34	0.000408998	4890	0.890697	FALSE	ORF1ab:cds-YP_009725295.1	GAA	E	GGA	G	772
NC_045512.2	2580	A	C	4887	1406	52	1	0	34	0.000204499	4890	0.968766	FALSE	ORF1ab:cds-YP_009724389.1	GAA	E	GCA	A	772
NC_045512.2	2580	A	C	4887	1406	52	1	0	34	0.000204499	4890	0.968766	FALSE	ORF1ab:cds-YP_009725295.1	GAA	E	GCA	A	772
NC_045512.2	2581	A	T	4884	1408	52	1	1	34	0.000204708	4885	0.968798	FALSE	ORF1ab:cds-YP_009724389.1	GAA	E	GAT	D	772
NC_045512.2	2581	A	T	4884	1408	52	1	1	34	0.000204708	4885	0.968798	FALSE	ORF1ab:cds-YP_009725295.1	GAA	E	GAT	D	772
NC_045512.2	2582	G	A	4905	1414	52	1	1	26	0.000203832	4906	1	FALSE	ORF1ab:cds-YP_009724389.1	GCT	A	ACT	T	773
NC_045512.2	2582	G	A	4905	1414	52	1	1	26	0.000203832	4906	1	FALSE	ORF1ab:cds-YP_009725295.1	GCT	A	ACT	T	773
NC_045512.2	2583	C	G	4941	1458	52	1	1	34	0.000202306	4943	0.968782	FALSE	ORF1ab:cds-YP_009724389.1	GCT	A	GGT	G	773
NC_045512.2	2583	C	G	4941	1458	52	1	1	34	0.000202306	4943	0.968782	FALSE	ORF1ab:cds-YP_009725295.1	GCT	A	GGT	G	773
NC_045512.2	2583	C	A	4941	1458	52	1	1	34	0.000202306	4943	0.968782	FALSE	ORF1ab:cds-YP_009724389.1	GCT	A	GAT	D	773
NC_045512.2	2583	C	A	4941	1458	52	1	1	34	0.000202306	4943	0.968782	FALSE	ORF1ab:cds-YP_009725295.1	GCT	A	GAT	D	773
NC_045512.2	2584	T	G	4933	1459	52	1	0	26	0.000202593	4936	1	FALSE	ORF1ab:cds-YP_009724389.1	GCT	A	GCG	A	773
NC_045512.2	2584	T	G	4933	1459	52	1	0	26	0.000202593	4936	1	FALSE	ORF1ab:cds-YP_009725295.1	GCT	A	GCG	A	773
NC_045512.2	2584	T	C	4933	1459	52	1	1	34	0.000202593	4936	0.968766	FALSE	ORF1ab:cds-YP_009724389.1	GCT	A	GCC	A	773
NC_045512.2	2584	T	C	4933	1459	52	1	1	34	0.000202593	4936	0.968766	FALSE	ORF1ab:cds-YP_009725295.1	GCT	A	GCC	A	773
NC_045512.2	2584	T	A	4933	1459	52	1	1	34	0.000202593	4936	0.968766	FALSE	ORF1ab:cds-YP_009724389.1	GCT	A	GCA	A	773
NC_045512.2	2584	T	A	4933	1459	52	1	1	34	0.000202593	4936	0.968766	FALSE	ORF1ab:cds-YP_009725295.1	GCT	A	GCA	A	773
NC_045512.2	2585	G	T	5286	1520	52	1	1	34	0.000189143	5287	0.984406	FALSE	ORF1ab:cds-YP_009724389.1	GTT	V	TTT	F	774
NC_045512.2	2585	G	T	5286	1520	52	1	1	34	0.000189143	5287	0.984406	FALSE	ORF1ab:cds-YP_009725295.1	GTT	V	TTT	F	774
NC_045512.2	2586	T	G	5281	1501	49	2	2	29	0.000378501	5284	1	FALSE	ORF1ab:cds-YP_009724389.1	GTT	V	GGT	G	774
NC_045512.2	2586	T	G	5281	1501	49	2	2	29	0.000378501	5284	1	FALSE	ORF1ab:cds-YP_009725295.1	GTT	V	GGT	G	774
NC_045512.2	2586	T	C	5281	1501	49	1	1	34	0.000189251	5284	0.984388	FALSE	ORF1ab:cds-YP_009724389.1	GTT	V	GCT	A	774
NC_045512.2	2586	T	C	5281	1501	49	1	1	34	0.000189251	5284	0.984388	FALSE	ORF1ab:cds-YP_009725295.1	GTT	V	GCT	A	774
NC_045512.2	2587	T	G	5297	1527	52	1	0	26	0.00018875	5298	1	FALSE	ORF1ab:cds-YP_009724389.1	GTT	V	GTG	V	774
NC_045512.2	2587	T	G	5297	1527	52	1	0	26	0.00018875	5298	1	FALSE	ORF1ab:cds-YP_009725295.1	GTT	V	GTG	V	774
NC_045512.2	2588	G	T	5293	1525	52	1	1	34	0.000188893	5294	0.984406	FALSE	ORF1ab:cds-YP_009724389.1	GAA	E	TAA	*	775
NC_045512.2	2588	G	T	5293	1525	52	1	1	34	0.000188893	5294	0.984406	FALSE	ORF1ab:cds-YP_009725295.1	GAA	E	TAA	*	775
NC_045512.2	2589	A	G	5338	1580	53	1	1	34	0.000187301	5339	0.984406	FALSE	ORF1ab:cds-YP_009724389.1	GAA	E	GGA	G	775
NC_045512.2	2589	A	G	5338	1580	53	1	1	34	0.000187301	5339	0.984406	FALSE	ORF1ab:cds-YP_009725295.1	GAA	E	GGA	G	775
NC_045512.2	2590	A	T	5343	1592	53	1	1	34	0.000187126	5344	0.984406	FALSE	ORF1ab:cds-YP_009724389.1	GAA	E	GAT	D	775
NC_045512.2	2590	A	T	5343	1592	53	1	1	34	0.000187126	5344	0.984406	FALSE	ORF1ab:cds-YP_009725295.1	GAA	E	GAT	D	775
NC_045512.2	2591	G	A	5427	1609	53	2	1	30	0.000368392	5429	0.937591	FALSE	ORF1ab:cds-YP_009724389.1	GCT	A	ACT	T	776
NC_045512.2	2591	G	A	5427	1609	53	2	1	30	0.000368392	5429	0.937591	FALSE	ORF1ab:cds-YP_009725295.1	GCT	A	ACT	T	776
NC_045512.2	2592	C	G	5540	1651	53	1	1	34	0.00018044	5542	0.984396	FALSE	ORF1ab:cds-YP_009724389.1	GCT	A	GGT	G	776
NC_045512.2	2592	C	G	5540	1651	53	1	1	34	0.00018044	5542	0.984396	FALSE	ORF1ab:cds-YP_009725295.1	GCT	A	GGT	G	776
NC_045512.2	2592	C	A	5540	1651	53	1	1	34	0.00018044	5542	0.984396	FALSE	ORF1ab:cds-YP_009724389.1	GCT	A	GAT	D	776
NC_045512.2	2592	C	A	5540	1651	53	1	1	34	0.00018044	5542	0.984396	FALSE	ORF1ab:cds-YP_009725295.1	GCT	A	GAT	D	776
NC_045512.2	2593	T	C	5561	1652	53	1	1	34	0.000179759	5563	0.984396	FALSE	ORF1ab:cds-YP_009724389.1	GCT	A	GCC	A	776
NC_045512.2	2593	T	C	5561	1652	53	1	1	34	0.000179759	5563	0.984396	FALSE	ORF1ab:cds-YP_009725295.1	GCT	A	GCC	A	776
NC_045512.2	2593	T	A	5561	1652	53	1	1	26	0.000179759	5563	1	FALSE	ORF1ab:cds-YP_009724389.1	GCT	A	GCA	A	776
NC_045512.2	2593	T	A	5561	1652	53	1	1	26	0.000179759	5563	1	FALSE	ORF1ab:cds-YP_009725295.1	GCT	A	GCA	A	776
NC_045512.2	2594	C	T	5909	1734	52	1	1	34	0.000169176	5911	0.984395	FALSE	ORF1ab:cds-YP_009724389.1	CCA	P	TCA	S	777
NC_045512.2	2594	C	T	5909	1734	52	1	1	34	0.000169176	5911	0.984395	FALSE	ORF1ab:cds-YP_009725295.1	CCA	P	TCA	S	777
NC_045512.2	2594	C	G	5909	1734	52	1	1	34	0.000169176	5911	0.984395	FALSE	ORF1ab:cds-YP_009724389.1	CCA	P	GCA	A	777
NC_045512.2	2594	C	G	5909	1734	52	1	1	34	0.000169176	5911	0.984395	FALSE	ORF1ab:cds-YP_009725295.1	CCA	P	GCA	A	777
NC_045512.2	2595	C	T	5916	1737	52	1	1	38	0.000169005	5917	0.984403	FALSE	ORF1ab:cds-YP_009724389.1	CCA	P	CTA	L	777
NC_045512.2	2595	C	T	5916	1737	52	1	1	38	0.000169005	5917	0.984403	FALSE	ORF1ab:cds-YP_009725295.1	CCA	P	CTA	L	777
NC_045512.2	2596	A	T	5944	1741	53	1	1	26	0.00016818	5946	1	FALSE	ORF1ab:cds-YP_009724389.1	CCA	P	CCT	P	777
NC_045512.2	2596	A	T	5944	1741	53	1	1	26	0.00016818	5946	1	FALSE	ORF1ab:cds-YP_009725295.1	CCA	P	CCT	P	777
NC_045512.2	2596	A	C	5944	1741	53	1	1	34	0.00016818	5946	0.984395	FALSE	ORF1ab:cds-YP_009724389.1	CCA	P	CCC	P	777
NC_045512.2	2596	A	C	5944	1741	53	1	1	34	0.00016818	5946	0.984395	FALSE	ORF1ab:cds-YP_009725295.1	CCA	P	CCC	P	777
NC_045512.2	2597	T	C	5932	1740	52	1	1	34	0.00016852	5934	0.984395	FALSE	ORF1ab:cds-YP_009724389.1	TTG	L	CTG	L	778
NC_045512.2	2597	T	C	5932	1740	52	1	1	34	0.00016852	5934	0.984395	FALSE	ORF1ab:cds-YP_009725295.1	TTG	L	CTG	L	778
NC_045512.2	2597	T	A	5932	1740	52	1	1	34	0.00016852	5934	0.984395	FALSE	ORF1ab:cds-YP_009724389.1	TTG	L	ATG	M	778
NC_045512.2	2597	T	A	5932	1740	52	1	1	34	0.00016852	5934	0.984395	FALSE	ORF1ab:cds-YP_009725295.1	TTG	L	ATG	M	778
NC_045512.2	2598	T	C	5921	1751	53	5	1	54	0.000843739	5926	0.0312368	FALSE	ORF1ab:cds-YP_009724389.1	TTG	L	TCG	S	778
NC_045512.2	2598	T	C	5921	1751	53	5	1	54	0.000843739	5926	0.0312368	FALSE	ORF1ab:cds-YP_009725295.1	TTG	L	TCG	S	778
NC_045512.2	2599	G	T	6184	1777	52	1	1	34	0.000161655	6186	0.992201	FALSE	ORF1ab:cds-YP_009724389.1	TTG	L	TTT	F	778
NC_045512.2	2599	G	T	6184	1777	52	1	1	34	0.000161655	6186	0.992201	FALSE	ORF1ab:cds-YP_009725295.1	TTG	L	TTT	F	778
NC_045512.2	2599	G	A	6184	1777	52	1	1	34	0.000161655	6186	0.992201	FALSE	ORF1ab:cds-YP_009724389.1	TTG	L	TTA	L	778
NC_045512.2	2599	G	A	6184	1777	52	1	1	34	0.000161655	6186	0.992201	FALSE	ORF1ab:cds-YP_009725295.1	TTG	L	TTA	L	778
NC_045512.2	2600	G	T	6231	1834	53	2	1	30	0.000320873	6233	0.964905	FALSE	ORF1ab:cds-YP_009724389.1	GTT	V	TTT	F	779
NC_045512.2	2600	G	T	6231	1834	53	2	1	30	0.000320873	6233	0.964905	FALSE	ORF1ab:cds-YP_009725295.1	GTT	V	TTT	F	779
NC_045512.2	2601	T	G	6229	1819	51	1	1	34	0.000160488	6231	0.992201	FALSE	ORF1ab:cds-YP_009724389.1	GTT	V	GGT	G	779
NC_045512.2	2601	T	G	6229	1819	51	1	1	34	0.000160488	6231	0.992201	FALSE	ORF1ab:cds-YP_009725295.1	GTT	V	GGT	G	779
NC_045512.2	2601	T	C	6229	1819	51	1	0	68	0.000160488	6231	0.5	FALSE	ORF1ab:cds-YP_009724389.1	GTT	V	GCT	A	779
NC_045512.2	2601	T	C	6229	1819	51	1	0	68	0.000160488	6231	0.5	FALSE	ORF1ab:cds-YP_009725295.1	GTT	V	GCT	A	779
NC_045512.2	2602	T	G	6309	1855	53	1	1	34	0.000158453	6311	0.9922	FALSE	ORF1ab:cds-YP_009724389.1	GTT	V	GTG	V	779
NC_045512.2	2602	T	G	6309	1855	53	1	1	34	0.000158453	6311	0.9922	FALSE	ORF1ab:cds-YP_009725295.1	GTT	V	GTG	V	779
NC_045512.2	2602	T	C	6309	1855	53	1	0	38	0.000158453	6311	0.9922	FALSE	ORF1ab:cds-YP_009724389.1	GTT	V	GTC	V	779
NC_045512.2	2602	T	C	6309	1855	53	1	0	38	0.000158453	6311	0.9922	FALSE	ORF1ab:cds-YP_009725295.1	GTT	V	GTC	V	779
NC_045512.2	2603	G	T	6345	1863	52	1	1	34	0.00015758	6346	0.992205	FALSE	ORF1ab:cds-YP_009724389.1	GGT	G	TGT	C	780
NC_045512.2	2603	G	T	6345	1863	52	1	1	34	0.00015758	6346	0.992205	FALSE	ORF1ab:cds-YP_009725295.1	GGT	G	TGT	C	780
NC_045512.2	2604	G	T	6852	1962	52	3	2	34	0.000437509	6857	0.910192	FALSE	ORF1ab:cds-YP_009724389.1	GGT	G	GTT	V	780
NC_045512.2	2604	G	T	6852	1962	52	3	2	34	0.000437509	6857	0.910192	FALSE	ORF1ab:cds-YP_009725295.1	GGT	G	GTT	V	780
NC_045512.2	2604	G	A	6852	1962	52	2	1	68	0.000291673	6857	0.249909	FALSE	ORF1ab:cds-YP_009724389.1	GGT	G	GAT	D	780
NC_045512.2	2604	G	A	6852	1962	52	2	1	68	0.000291673	6857	0.249909	FALSE	ORF1ab:cds-YP_009725295.1	GGT	G	GAT	D	780
NC_045512.2	2605	T	G	6902	1972	52	1	1	34	0.000144844	6904	0.992199	FALSE	ORF1ab:cds-YP_009724389.1	GGT	G	GGG	G	780
NC_045512.2	2605	T	G	6902	1972	52	1	1	34	0.000144844	6904	0.992199	FALSE	ORF1ab:cds-YP_009725295.1	GGT	G	GGG	G	780
NC_045512.2	2605	T	C	6902	1972	52	1	1	68	0.000144844	6904	0.5	FALSE	ORF1ab:cds-YP_009724389.1	GGT	G	GGC	G	780
NC_045512.2	2605	T	C	6902	1972	52	1	1	68	0.000144844	6904	0.5	FALSE	ORF1ab:cds-YP_009725295.1	GGT	G	GGC	G	780
NC_045512.2	2606	A	T	6919	1974	52	1	1	34	0.000144446	6923	0.992191	FALSE	ORF1ab:cds-YP_009724389.1	ACA	T	TCA	S	781
NC_045512.2	2606	A	T	6919	1974	52	1	1	34	0.000144446	6923	0.992191	FALSE	ORF1ab:cds-YP_009725295.1	ACA	T	TCA	S	781
NC_045512.2	2606	A	G	6919	1974	52	3	2	29	0.000433338	6923	1	FALSE	ORF1ab:cds-YP_009724389.1	ACA	T	GCA	A	781
NC_045512.2	2606	A	G	6919	1974	52	3	2	29	0.000433338	6923	1	FALSE	ORF1ab:cds-YP_009725295.1	ACA	T	GCA	A	781
NC_045512.2	2607	C	G	6988	2022	52	3	2	31	0.000429062	6992	0.910227	FALSE	ORF1ab:cds-YP_009724389.1	ACA	T	AGA	R	781
NC_045512.2	2607	C	G	6988	2022	52	3	2	31	0.000429062	6992	0.910227	FALSE	ORF1ab:cds-YP_009725295.1	ACA	T	AGA	R	781
NC_045512.2	2607	C	A	6988	2022	52	1	1	34	0.000143021	6992	0.992191	FALSE	ORF1ab:cds-YP_009724389.1	ACA	T	AAA	K	781
NC_045512.2	2607	C	A	6988	2022	52	1	1	34	0.000143021	6992	0.992191	FALSE	ORF1ab:cds-YP_009725295.1	ACA	T	AAA	K	781
NC_045512.2	2608	A	T	6959	2025	52	2	2	34	0.000287274	6962	0.964883	FALSE	ORF1ab:cds-YP_009724389.1	ACA	T	ACT	T	781
NC_045512.2	2608	A	T	6959	2025	52	2	2	34	0.000287274	6962	0.964883	FALSE	ORF1ab:cds-YP_009725295.1	ACA	T	ACT	T	781
NC_045512.2	2608	A	C	6959	2025	52	1	1	34	0.000143637	6962	0.992195	FALSE	ORF1ab:cds-YP_009724389.1	ACA	T	ACC	T	781
NC_045512.2	2608	A	C	6959	2025	52	1	1	34	0.000143637	6962	0.992195	FALSE	ORF1ab:cds-YP_009725295.1	ACA	T	ACC	T	781
NC_045512.2	2609	C	T	6986	2063	53	1	0	34	0.000143041	6991	0.992188	FALSE	ORF1ab:cds-YP_009724389.1	CCA	P	TCA	S	782
NC_045512.2	2609	C	T	6986	2063	53	1	0	34	0.000143041	6991	0.992188	FALSE	ORF1ab:cds-YP_009725295.1	CCA	P	TCA	S	782
NC_045512.2	2609	C	A	6986	2063	53	4	3	34	0.000572164	6991	0.828213	FALSE	ORF1ab:cds-YP_009724389.1	CCA	P	ACA	T	782
NC_045512.2	2609	C	A	6986	2063	53	4	3	34	0.000572164	6991	0.828213	FALSE	ORF1ab:cds-YP_009725295.1	CCA	P	ACA	T	782
NC_045512.2	2611	A	T	7197	2112	52	1	0	34	0.000138889	7200	0.996099	FALSE	ORF1ab:cds-YP_009724389.1	CCA	P	CCT	P	782
NC_045512.2	2611	A	T	7197	2112	52	1	0	34	0.000138889	7200	0.996099	FALSE	ORF1ab:cds-YP_009725295.1	CCA	P	CCT	P	782
NC_045512.2	2611	A	G	7197	2112	52	1	1	68	0.000138889	7200	0.499965	FALSE	ORF1ab:cds-YP_009724389.1	CCA	P	CCG	P	782
NC_045512.2	2611	A	G	7197	2112	52	1	1	68	0.000138889	7200	0.499965	FALSE	ORF1ab:cds-YP_009725295.1	CCA	P	CCG	P	782
NC_045512.2	2611	A	C	7197	2112	52	1	1	34	0.000138889	7200	0.996099	FALSE	ORF1ab:cds-YP_009724389.1	CCA	P	CCC	P	782
NC_045512.2	2611	A	C	7197	2112	52	1	1	34	0.000138889	7200	0.996099	FALSE	ORF1ab:cds-YP_009725295.1	CCA	P	CCC	P	782
NC_045512.2	2612	G	C	7322	2123	52	2	2	30	0.000273038	7325	0.980498	FALSE	ORF1ab:cds-YP_009724389.1	GTT	V	CTT	L	783
NC_045512.2	2612	G	C	7322	2123	52	2	2	30	0.000273038	7325	0.980498	FALSE	ORF1ab:cds-YP_009725295.1	GTT	V	CTT	L	783
NC_045512.2	2612	G	A	7322	2123	52	1	1	34	0.000136519	7325	0.996099	FALSE	ORF1ab:cds-YP_009724389.1	GTT	V	ATT	I	783
NC_045512.2	2612	G	A	7322	2123	52	1	1	34	0.000136519	7325	0.996099	FALSE	ORF1ab:cds-YP_009725295.1	GTT	V	ATT	I	783
NC_045512.2	2613	T	G	7257	2131	45	1	1	34	0.00013776	7259	0.996101	FALSE	ORF1ab:cds-YP_009724389.1	GTT	V	GGT	G	783
NC_045512.2	2613	T	G	7257	2131	45	1	1	34	0.00013776	7259	0.996101	FALSE	ORF1ab:cds-YP_009725295.1	GTT	V	GGT	G	783
NC_045512.2	2613	T	C	7257	2131	45	1	1	34	0.00013776	7259	0.996101	FALSE	ORF1ab:cds-YP_009724389.1	GTT	V	GCT	A	783
NC_045512.2	2613	T	C	7257	2131	45	1	1	34	0.00013776	7259	0.996101	FALSE	ORF1ab:cds-YP_009725295.1	GTT	V	GCT	A	783
NC_045512.2	2614	T	G	7305	2282	54	2	0	30	0.000273635	7309	0.980488	FALSE	ORF1ab:cds-YP_009724389.1	GTT	V	GTG	V	783
NC_045512.2	2614	T	G	7305	2282	54	2	0	30	0.000273635	7309	0.980488	FALSE	ORF1ab:cds-YP_009725295.1	GTT	V	GTG	V	783
NC_045512.2	2614	T	A	7305	2282	54	2	2	34	0.000273635	7309	0.980488	FALSE	ORF1ab:cds-YP_009724389.1	GTT	V	GTA	V	783
NC_045512.2	2614	T	A	7305	2282	54	2	2	34	0.000273635	7309	0.980488	FALSE	ORF1ab:cds-YP_009725295.1	GTT	V	GTA	V	783
NC_045512.2	2615	T	G	7355	2290	54	2	2	34	0.00027185	7357	0.980507	FALSE	ORF1ab:cds-YP_009724389.1	TGT	C	GGT	G	784
NC_045512.2	2615	T	G	7355	2290	54	2	2	34	0.00027185	7357	0.980507	FALSE	ORF1ab:cds-YP_009725295.1	TGT	C	GGT	G	784
NC_045512.2	2616	G	T	7715	2334	53	3	3	34	0.000388702	7718	0.945392	FALSE	ORF1ab:cds-YP_009724389.1	TGT	C	TTT	F	784
NC_045512.2	2616	G	T	7715	2334	53	3	3	34	0.000388702	7718	0.945392	FALSE	ORF1ab:cds-YP_009725295.1	TGT	C	TTT	F	784
NC_045512.2	2617	T	G	7713	2331	52	1	1	34	0.000129634	7714	0.996103	FALSE	ORF1ab:cds-YP_009724389.1	TGT	C	TGG	W	784
NC_045512.2	2617	T	G	7713	2331	52	1	1	34	0.000129634	7714	0.996103	FALSE	ORF1ab:cds-YP_009725295.1	TGT	C	TGG	W	784
NC_045512.2	2618	A	T	7737	2339	53	3	3	31	0.000387547	7741	0.945369	FALSE	ORF1ab:cds-YP_009724389.1	ATT	I	TTT	F	785
NC_045512.2	2618	A	T	7737	2339	53	3	3	31	0.000387547	7741	0.945369	FALSE	ORF1ab:cds-YP_009725295.1	ATT	I	TTT	F	785
NC_045512.2	2618	A	G	7737	2339	53	1	0	68	0.000129182	7741	0.499935	FALSE	ORF1ab:cds-YP_009724389.1	ATT	I	GTT	V	785
NC_045512.2	2618	A	G	7737	2339	53	1	0	68	0.000129182	7741	0.499935	FALSE	ORF1ab:cds-YP_009725295.1	ATT	I	GTT	V	785
NC_045512.2	2619	T	G	7718	2345	53	4	2	30	0.000517933	7723	0.886802	FALSE	ORF1ab:cds-YP_009724389.1	ATT	I	AGT	S	785
NC_045512.2	2619	T	G	7718	2345	53	4	2	30	0.000517933	7723	0.886802	FALSE	ORF1ab:cds-YP_009725295.1	ATT	I	AGT	S	785
NC_045512.2	2619	T	A	7718	2345	53	1	1	34	0.000129483	7723	0.996095	FALSE	ORF1ab:cds-YP_009724389.1	ATT	I	AAT	N	785
NC_045512.2	2619	T	A	7718	2345	53	1	1	34	0.000129483	7723	0.996095	FALSE	ORF1ab:cds-YP_009725295.1	ATT	I	AAT	N	785
NC_045512.2	2621	A	T	7609	2396	53	1	1	34	0.000131406	7610	0.996103	FALSE	ORF1ab:cds-YP_009724389.1	AAC	N	TAC	Y	786
NC_045512.2	2621	A	T	7609	2396	53	1	1	34	0.000131406	7610	0.996103	FALSE	ORF1ab:cds-YP_009725295.1	AAC	N	TAC	Y	786
NC_045512.2	2622	A	T	7366	2400	52	2	2	34	0.000271407	7369	0.980497	FALSE	ORF1ab:cds-YP_009724389.1	AAC	N	ATC	I	786
NC_045512.2	2622	A	T	7366	2400	52	2	2	34	0.000271407	7369	0.980497	FALSE	ORF1ab:cds-YP_009725295.1	AAC	N	ATC	I	786
NC_045512.2	2622	A	G	7366	2400	52	1	0	34	0.000135704	7369	0.996099	FALSE	ORF1ab:cds-YP_009724389.1	AAC	N	AGC	S	786
NC_045512.2	2622	A	G	7366	2400	52	1	0	34	0.000135704	7369	0.996099	FALSE	ORF1ab:cds-YP_009725295.1	AAC	N	AGC	S	786
NC_045512.2	2623	C	T	7716	2400	54	1	1	34	0.00012955	7719	0.996099	FALSE	ORF1ab:cds-YP_009724389.1	AAC	N	AAT	N	786
NC_045512.2	2623	C	T	7716	2400	54	1	1	34	0.00012955	7719	0.996099	FALSE	ORF1ab:cds-YP_009725295.1	AAC	N	AAT	N	786
NC_045512.2	2623	C	A	7716	2400	54	2	1	30	0.000259101	7719	0.980496	FALSE	ORF1ab:cds-YP_009724389.1	AAC	N	AAA	K	786
NC_045512.2	2623	C	A	7716	2400	54	2	1	30	0.000259101	7719	0.980496	FALSE	ORF1ab:cds-YP_009725295.1	AAC	N	AAA	K	786
NC_045512.2	2624	G	C	7709	2407	54	1	1	34	0.000129668	7712	0.996099	FALSE	ORF1ab:cds-YP_009724389.1	GGG	G	CGG	R	787
NC_045512.2	2624	G	C	7709	2407	54	1	1	34	0.000129668	7712	0.996099	FALSE	ORF1ab:cds-YP_009725295.1	GGG	G	CGG	R	787
NC_045512.2	2624	G	A	7709	2407	54	2	2	34	0.000259336	7712	0.980496	FALSE	ORF1ab:cds-YP_009724389.1	GGG	G	AGG	R	787
NC_045512.2	2624	G	A	7709	2407	54	2	2	34	0.000259336	7712	0.980496	FALSE	ORF1ab:cds-YP_009725295.1	GGG	G	AGG	R	787
NC_045512.2	2625	G	A	9574	2663	51	1	1	34	0.000104439	9575	0.999026	FALSE	ORF1ab:cds-YP_009724389.1	GGG	G	GAG	E	787
NC_045512.2	2625	G	A	9574	2663	51	1	1	34	0.000104439	9575	0.999026	FALSE	ORF1ab:cds-YP_009725295.1	GGG	G	GAG	E	787
NC_045512.2	2626	G	T	9649	2672	51	1	0	34	0.000103605	9652	0.999025	FALSE	ORF1ab:cds-YP_009724389.1	GGG	G	GGT	G	787
NC_045512.2	2626	G	T	9649	2672	51	1	0	34	0.000103605	9652	0.999025	FALSE	ORF1ab:cds-YP_009725295.1	GGG	G	GGT	G	787
NC_045512.2	2626	G	C	9649	2672	51	2	2	34	0.000207211	9652	0.994152	FALSE	ORF1ab:cds-YP_009724389.1	GGG	G	GGC	G	787
NC_045512.2	2626	G	C	9649	2672	51	2	2	34	0.000207211	9652	0.994152	FALSE	ORF1ab:cds-YP_009725295.1	GGG	G	GGC	G	787
NC_045512.2	2627	C	G	9675	3249	55	6	3	31	0.000619771	9681	0.849263	FALSE	ORF1ab:cds-YP_009724389.1	CTT	L	GTT	V	788
NC_045512.2	2627	C	G	9675	3249	55	6	3	31	0.000619771	9681	0.849263	FALSE	ORF1ab:cds-YP_009725295.1	CTT	L	GTT	V	788
NC_045512.2	2627	C	-T	9675	3249	55	1	0	20	0.000103295	9681	1	FALSE	NA	NA	NA	NA	NA	NA
NC_045512.2	2628	T	G	9678	3356	56	2	2	34	0.000206569	9682	0.994146	FALSE	ORF1ab:cds-YP_009724389.1	CTT	L	CGT	R	788
NC_045512.2	2628	T	G	9678	3356	56	2	2	34	0.000206569	9682	0.994146	FALSE	ORF1ab:cds-YP_009725295.1	CTT	L	CGT	R	788
NC_045512.2	2628	T	C	9678	3356	56	2	2	34	0.000206569	9682	0.994146	FALSE	ORF1ab:cds-YP_009724389.1	CTT	L	CCT	P	788
NC_045512.2	2628	T	C	9678	3356	56	2	2	34	0.000206569	9682	0.994146	FALSE	ORF1ab:cds-YP_009725295.1	CTT	L	CCT	P	788
NC_045512.2	2629	T	G	9715	3363	56	3	2	34	0.000308705	9718	0.98075	FALSE	ORF1ab:cds-YP_009724389.1	CTT	L	CTG	L	788
NC_045512.2	2629	T	G	9715	3363	56	3	2	34	0.000308705	9718	0.98075	FALSE	ORF1ab:cds-YP_009725295.1	CTT	L	CTG	L	788
NC_045512.2	2630	A	T	9770	3383	56	1	1	34	0.000102291	9776	0.999024	FALSE	ORF1ab:cds-YP_009724389.1	ATG	M	TTG	L	789
NC_045512.2	2630	A	T	9770	3383	56	1	1	34	0.000102291	9776	0.999024	FALSE	ORF1ab:cds-YP_009725295.1	ATG	M	TTG	L	789
NC_045512.2	2630	A	G	9770	3383	56	1	0	26	0.000102291	9776	1	FALSE	ORF1ab:cds-YP_009724389.1	ATG	M	GTG	V	789
NC_045512.2	2630	A	G	9770	3383	56	1	0	26	0.000102291	9776	1	FALSE	ORF1ab:cds-YP_009725295.1	ATG	M	GTG	V	789
NC_045512.2	2630	A	C	9770	3383	56	4	4	34	0.000409165	9776	0.953893	FALSE	ORF1ab:cds-YP_009724389.1	ATG	M	CTG	L	789
NC_045512.2	2630	A	C	9770	3383	56	4	4	34	0.000409165	9776	0.953893	FALSE	ORF1ab:cds-YP_009725295.1	ATG	M	CTG	L	789
NC_045512.2	2631	T	G	9792	3391	56	1	0	34	0.000102093	9795	0.999025	FALSE	ORF1ab:cds-YP_009724389.1	ATG	M	AGG	R	789
NC_045512.2	2631	T	G	9792	3391	56	1	0	34	0.000102093	9795	0.999025	FALSE	ORF1ab:cds-YP_009725295.1	ATG	M	AGG	R	789
NC_045512.2	2631	T	C	9792	3391	56	1	1	24	0.000102093	9795	1	FALSE	ORF1ab:cds-YP_009724389.1	ATG	M	ACG	T	789
NC_045512.2	2631	T	C	9792	3391	56	1	1	24	0.000102093	9795	1	FALSE	ORF1ab:cds-YP_009725295.1	ATG	M	ACG	T	789
NC_045512.2	2631	T	A	9792	3391	56	1	1	34	0.000102093	9795	0.999025	FALSE	ORF1ab:cds-YP_009724389.1	ATG	M	AAG	K	789
NC_045512.2	2631	T	A	9792	3391	56	1	1	34	0.000102093	9795	0.999025	FALSE	ORF1ab:cds-YP_009725295.1	ATG	M	AAG	K	789
NC_045512.2	2632	G	T	9792	3391	56	6	6	34	0.00061237	9798	0.849261	FALSE	ORF1ab:cds-YP_009724389.1	ATG	M	ATT	I	789
NC_045512.2	2632	G	T	9792	3391	56	6	6	34	0.00061237	9798	0.849261	FALSE	ORF1ab:cds-YP_009725295.1	ATG	M	ATT	I	789
NC_045512.2	2633	T	G	9783	3393	56	3	3	28	0.000306341	9793	1	FALSE	ORF1ab:cds-YP_009724389.1	TTG	L	GTG	V	790
NC_045512.2	2633	T	G	9783	3393	56	3	3	28	0.000306341	9793	1	FALSE	ORF1ab:cds-YP_009725295.1	TTG	L	GTG	V	790
NC_045512.2	2633	T	C	9783	3393	56	3	1	54	0.000306341	9793	0.124866	FALSE	ORF1ab:cds-YP_009724389.1	TTG	L	CTG	L	790
NC_045512.2	2633	T	C	9783	3393	56	3	1	54	0.000306341	9793	0.124866	FALSE	ORF1ab:cds-YP_009725295.1	TTG	L	CTG	L	790
NC_045512.2	2633	T	A	9783	3393	56	4	4	32	0.000408455	9793	0.953822	FALSE	ORF1ab:cds-YP_009724389.1	TTG	L	ATG	M	790
NC_045512.2	2633	T	A	9783	3393	56	4	4	32	0.000408455	9793	0.953822	FALSE	ORF1ab:cds-YP_009725295.1	TTG	L	ATG	M	790
NC_045512.2	2634	T	C	9556	3293	56	3	2	68	0.00031384	9559	0.125	FALSE	ORF1ab:cds-YP_009724389.1	TTG	L	TCG	S	790
NC_045512.2	2634	T	C	9556	3293	56	3	2	68	0.00031384	9559	0.125	FALSE	ORF1ab:cds-YP_009725295.1	TTG	L	TCG	S	790
NC_045512.2	2635	G	T	9579	3299	56	2	2	34	0.000208746	9581	0.994155	FALSE	ORF1ab:cds-YP_009724389.1	TTG	L	TTT	F	790
NC_045512.2	2635	G	T	9579	3299	56	2	2	34	0.000208746	9581	0.994155	FALSE	ORF1ab:cds-YP_009725295.1	TTG	L	TTT	F	790
NC_045512.2	2636	C	T	9579	3341	56	4	4	32	0.000417362	9584	0.953912	FALSE	ORF1ab:cds-YP_009724389.1	CTC	L	TTC	F	791
NC_045512.2	2636	C	T	9579	3341	56	4	4	32	0.000417362	9584	0.953912	FALSE	ORF1ab:cds-YP_009725295.1	CTC	L	TTC	F	791
NC_045512.2	2636	C	G	9579	3341	56	1	1	34	0.000104341	9584	0.999024	FALSE	ORF1ab:cds-YP_009724389.1	CTC	L	GTC	V	791
NC_045512.2	2636	C	G	9579	3341	56	1	1	34	0.000104341	9584	0.999024	FALSE	ORF1ab:cds-YP_009725295.1	CTC	L	GTC	V	791
NC_045512.2	2637	T	C	9607	3346	56	2	2	34	0.000208138	9609	0.994155	FALSE	ORF1ab:cds-YP_009724389.1	CTC	L	CCC	P	791
NC_045512.2	2637	T	C	9607	3346	56	2	2	34	0.000208138	9609	0.994155	FALSE	ORF1ab:cds-YP_009725295.1	CTC	L	CCC	P	791
NC_045512.2	2638	C	T	9573	3337	56	2	2	34	0.00020879	9579	0.994143	FALSE	ORF1ab:cds-YP_009724389.1	CTC	L	CTT	L	791
NC_045512.2	2638	C	T	9573	3337	56	2	2	34	0.00020879	9579	0.994143	FALSE	ORF1ab:cds-YP_009725295.1	CTC	L	CTT	L	791
NC_045512.2	2638	C	G	9573	3337	56	4	4	34	0.00041758	9579	0.953894	FALSE	ORF1ab:cds-YP_009724389.1	CTC	L	CTG	L	791
NC_045512.2	2638	C	G	9573	3337	56	4	4	34	0.00041758	9579	0.953894	FALSE	ORF1ab:cds-YP_009725295.1	CTC	L	CTG	L	791
NC_045512.2	2639	G	C	9572	3345	56	5	5	30	0.00052203	9578	0.910297	FALSE	ORF1ab:cds-YP_009724389.1	GAA	E	CAA	Q	792
NC_045512.2	2639	G	C	9572	3345	56	5	5	30	0.00052203	9578	0.910297	FALSE	ORF1ab:cds-YP_009725295.1	GAA	E	CAA	Q	792
NC_045512.2	2639	G	A	9572	3345	56	1	0	68	0.000104406	9578	0.499896	FALSE	ORF1ab:cds-YP_009724389.1	GAA	E	AAA	K	792
NC_045512.2	2639	G	A	9572	3345	56	1	0	68	0.000104406	9578	0.499896	FALSE	ORF1ab:cds-YP_009725295.1	GAA	E	AAA	K	792
NC_045512.2	2640	A	T	9652	3415	56	4	4	34	0.000414164	9658	0.953894	FALSE	ORF1ab:cds-YP_009724389.1	GAA	E	GTA	V	792
NC_045512.2	2640	A	T	9652	3415	56	4	4	34	0.000414164	9658	0.953894	FALSE	ORF1ab:cds-YP_009725295.1	GAA	E	GTA	V	792
NC_045512.2	2640	A	G	9652	3415	56	2	1	30	0.000207082	9658	0.994143	FALSE	ORF1ab:cds-YP_009724389.1	GAA	E	GGA	G	792
NC_045512.2	2640	A	G	9652	3415	56	2	1	30	0.000207082	9658	0.994143	FALSE	ORF1ab:cds-YP_009725295.1	GAA	E	GGA	G	792
NC_045512.2	2641	A	C	9375	3428	54	5	4	34	0.000533049	9380	0.910331	FALSE	ORF1ab:cds-YP_009724389.1	GAA	E	GAC	D	792
NC_045512.2	2641	A	C	9375	3428	54	5	4	34	0.000533049	9380	0.910331	FALSE	ORF1ab:cds-YP_009725295.1	GAA	E	GAC	D	792
NC_045512.2	2642	A	G	9758	3452	57	2	2	34	0.000204918	9760	0.994154	FALSE	ORF1ab:cds-YP_009724389.1	ATC	I	GTC	V	793
NC_045512.2	2642	A	G	9758	3452	57	2	2	34	0.000204918	9760	0.994154	FALSE	ORF1ab:cds-YP_009725295.1	ATC	I	GTC	V	793
NC_045512.2	2643	T	A	9731	3469	57	5	5	34	0.000513558	9736	0.910327	FALSE	ORF1ab:cds-YP_009724389.1	ATC	I	AAC	N	793
NC_045512.2	2643	T	A	9731	3469	57	5	5	34	0.000513558	9736	0.910327	FALSE	ORF1ab:cds-YP_009725295.1	ATC	I	AAC	N	793
NC_045512.2	2644	C	T	9681	3455	56	2	2	34	0.000206462	9687	0.994143	FALSE	ORF1ab:cds-YP_009724389.1	ATC	I	ATT	I	793
NC_045512.2	2644	C	T	9681	3455	56	2	2	34	0.000206462	9687	0.994143	FALSE	ORF1ab:cds-YP_009725295.1	ATC	I	ATT	I	793
NC_045512.2	2644	C	A	9681	3455	56	4	4	32	0.000412925	9687	0.953893	FALSE	ORF1ab:cds-YP_009724389.1	ATC	I	ATA	I	793
NC_045512.2	2644	C	A	9681	3455	56	4	4	32	0.000412925	9687	0.953893	FALSE	ORF1ab:cds-YP_009725295.1	ATC	I	ATA	I	793
NC_045512.2	2645	A	T	9724	3468	56	1	1	68	0.000102764	9731	0.499871	FALSE	ORF1ab:cds-YP_009724389.1	AAA	K	TAA	*	794
NC_045512.2	2645	A	T	9724	3468	56	1	1	68	0.000102764	9731	0.499871	FALSE	ORF1ab:cds-YP_009725295.1	AAA	K	TAA	*	794
NC_045512.2	2645	A	G	9724	3468	56	4	2	48	0.000411057	9731	0.062455	FALSE	ORF1ab:cds-YP_009724389.1	AAA	K	GAA	E	794
NC_045512.2	2645	A	G	9724	3468	56	4	2	48	0.000411057	9731	0.062455	FALSE	ORF1ab:cds-YP_009725295.1	AAA	K	GAA	E	794
NC_045512.2	2645	A	C	9724	3468	56	2	2	34	0.000205529	9731	0.994141	FALSE	ORF1ab:cds-YP_009724389.1	AAA	K	CAA	Q	794
NC_045512.2	2645	A	C	9724	3468	56	2	2	34	0.000205529	9731	0.994141	FALSE	ORF1ab:cds-YP_009725295.1	AAA	K	CAA	Q	794
NC_045512.2	2646	A	T	9666	3452	56	4	4	34	0.000413608	9671	0.953912	FALSE	ORF1ab:cds-YP_009724389.1	AAA	K	ATA	I	794
NC_045512.2	2646	A	T	9666	3452	56	4	4	34	0.000413608	9671	0.953912	FALSE	ORF1ab:cds-YP_009725295.1	AAA	K	ATA	I	794
NC_045512.2	2646	A	G	9666	3452	56	1	1	68	0.000103402	9671	0.499922	FALSE	ORF1ab:cds-YP_009724389.1	AAA	K	AGA	R	794
NC_045512.2	2646	A	G	9666	3452	56	1	1	68	0.000103402	9671	0.499922	FALSE	ORF1ab:cds-YP_009725295.1	AAA	K	AGA	R	794
NC_045512.2	2647	A	T	9679	3456	56	1	1	46	0.000103242	9686	0.499871	FALSE	ORF1ab:cds-YP_009724389.1	AAA	K	AAT	N	794
NC_045512.2	2647	A	T	9679	3456	56	1	1	46	0.000103242	9686	0.499871	FALSE	ORF1ab:cds-YP_009725295.1	AAA	K	AAT	N	794
NC_045512.2	2647	A	G	9679	3456	56	3	1	39	0.000309725	9686	0.980717	FALSE	ORF1ab:cds-YP_009724389.1	AAA	K	AAG	K	794
NC_045512.2	2647	A	G	9679	3456	56	3	1	39	0.000309725	9686	0.980717	FALSE	ORF1ab:cds-YP_009725295.1	AAA	K	AAG	K	794
NC_045512.2	2647	A	C	9679	3456	56	3	3	34	0.000309725	9686	0.980717	FALSE	ORF1ab:cds-YP_009724389.1	AAA	K	AAC	N	794
NC_045512.2	2647	A	C	9679	3456	56	3	3	34	0.000309725	9686	0.980717	FALSE	ORF1ab:cds-YP_009725295.1	AAA	K	AAC	N	794
NC_045512.2	2648	G	C	9700	3450	56	1	1	68	0.000103008	9708	0.499845	FALSE	ORF1ab:cds-YP_009724389.1	GAC	D	CAC	H	795
NC_045512.2	2648	G	C	9700	3450	56	1	1	68	0.000103008	9708	0.499845	FALSE	ORF1ab:cds-YP_009725295.1	GAC	D	CAC	H	795
NC_045512.2	2648	G	A	9700	3450	56	7	7	37	0.000721055	9708	0.772845	FALSE	ORF1ab:cds-YP_009724389.1	GAC	D	AAC	N	795
NC_045512.2	2648	G	A	9700	3450	56	7	7	37	0.000721055	9708	0.772845	FALSE	ORF1ab:cds-YP_009725295.1	GAC	D	AAC	N	795
NC_045512.2	2649	A	G	9642	3526	55	3	3	45	0.000311042	9645	0.125	FALSE	ORF1ab:cds-YP_009724389.1	GAC	D	GGC	G	795
NC_045512.2	2649	A	G	9642	3526	55	3	3	45	0.000311042	9645	0.125	FALSE	ORF1ab:cds-YP_009725295.1	GAC	D	GGC	G	795
NC_045512.2	2650	C	A	9747	3529	57	6	5	31	0.000615195	9753	0.849262	FALSE	ORF1ab:cds-YP_009724389.1	GAC	D	GAA	E	795
NC_045512.2	2650	C	A	9747	3529	57	6	5	31	0.000615195	9753	0.849262	FALSE	ORF1ab:cds-YP_009725295.1	GAC	D	GAA	E	795
NC_045512.2	2651	A	G	9661	3510	56	4	4	32	0.000413779	9667	0.953894	FALSE	ORF1ab:cds-YP_009724389.1	ACA	T	GCA	A	796
NC_045512.2	2651	A	G	9661	3510	56	4	4	32	0.000413779	9667	0.953894	FALSE	ORF1ab:cds-YP_009725295.1	ACA	T	GCA	A	796
NC_045512.2	2651	A	C	9661	3510	56	2	2	34	0.000206889	9667	0.994143	FALSE	ORF1ab:cds-YP_009724389.1	ACA	T	CCA	P	796
NC_045512.2	2651	A	C	9661	3510	56	2	2	34	0.000206889	9667	0.994143	FALSE	ORF1ab:cds-YP_009725295.1	ACA	T	CCA	P	796
NC_045512.2	2652	C	A	9826	3539	57	6	6	34	0.000610252	9832	0.849261	FALSE	ORF1ab:cds-YP_009724389.1	ACA	T	AAA	K	796
NC_045512.2	2652	C	A	9826	3539	57	6	6	34	0.000610252	9832	0.849261	FALSE	ORF1ab:cds-YP_009725295.1	ACA	T	AAA	K	796
NC_045512.2	2653	A	T	9821	3540	57	1	1	34	0.000101729	9830	0.999022	FALSE	ORF1ab:cds-YP_009724389.1	ACA	T	ACT	T	796
NC_045512.2	2653	A	T	9821	3540	57	1	1	34	0.000101729	9830	0.999022	FALSE	ORF1ab:cds-YP_009725295.1	ACA	T	ACT	T	796
NC_045512.2	2653	A	G	9821	3540	57	1	0	46	0.000101729	9830	0.499822	FALSE	ORF1ab:cds-YP_009724389.1	ACA	T	ACG	T	796
NC_045512.2	2653	A	G	9821	3540	57	1	0	46	0.000101729	9830	0.499822	FALSE	ORF1ab:cds-YP_009725295.1	ACA	T	ACG	T	796
NC_045512.2	2653	A	C	9821	3540	57	7	7	33	0.000712106	9830	0.772782	FALSE	ORF1ab:cds-YP_009724389.1	ACA	T	ACC	T	796
NC_045512.2	2653	A	C	9821	3540	57	7	7	33	0.000712106	9830	0.772782	FALSE	ORF1ab:cds-YP_009725295.1	ACA	T	ACC	T	796
NC_045512.2	2654	G	T	10654	3662	56	3	0	31	0.000281347	10663	0.988765	FALSE	ORF1ab:cds-YP_009724389.1	GAA	E	TAA	*	797
NC_045512.2	2654	G	T	10654	3662	56	3	0	31	0.000281347	10663	0.988765	FALSE	ORF1ab:cds-YP_009725295.1	GAA	E	TAA	*	797
NC_045512.2	2654	G	A	10654	3662	56	6	6	34	0.000562693	10663	0.89496	FALSE	ORF1ab:cds-YP_009724389.1	GAA	E	AAA	K	797
NC_045512.2	2654	G	A	10654	3662	56	6	6	34	0.000562693	10663	0.89496	FALSE	ORF1ab:cds-YP_009725295.1	GAA	E	AAA	K	797
NC_045512.2	2655	A	T	10700	3678	56	1	1	26	9.33707e-05	10710	1	FALSE	ORF1ab:cds-YP_009724389.1	GAA	E	GTA	V	797
NC_045512.2	2655	A	T	10700	3678	56	1	1	26	9.33707e-05	10710	1	FALSE	ORF1ab:cds-YP_009725295.1	GAA	E	GTA	V	797
NC_045512.2	2655	A	G	10700	3678	56	5	1	34	0.000466853	10710	0.940744	FALSE	ORF1ab:cds-YP_009724389.1	GAA	E	GGA	G	797
NC_045512.2	2655	A	G	10700	3678	56	5	1	34	0.000466853	10710	0.940744	FALSE	ORF1ab:cds-YP_009725295.1	GAA	E	GGA	G	797
NC_045512.2	2655	A	C	10700	3678	56	4	3	34	0.000373483	10710	0.971296	FALSE	ORF1ab:cds-YP_009724389.1	GAA	E	GCA	A	797
NC_045512.2	2655	A	C	10700	3678	56	4	3	34	0.000373483	10710	0.971296	FALSE	ORF1ab:cds-YP_009725295.1	GAA	E	GCA	A	797
NC_045512.2	2656	A	T	10863	3700	55	1	1	34	9.19963e-05	10870	0.999512	FALSE	ORF1ab:cds-YP_009724389.1	GAA	E	GAT	D	797
NC_045512.2	2656	A	T	10863	3700	55	1	1	34	9.19963e-05	10870	0.999512	FALSE	ORF1ab:cds-YP_009725295.1	GAA	E	GAT	D	797
NC_045512.2	2656	A	G	10863	3700	55	5	2	39	0.000459982	10870	0.940808	FALSE	ORF1ab:cds-YP_009724389.1	GAA	E	GAG	E	797
NC_045512.2	2656	A	G	10863	3700	55	5	2	39	0.000459982	10870	0.940808	FALSE	ORF1ab:cds-YP_009725295.1	GAA	E	GAG	E	797
NC_045512.2	2656	A	C	10863	3700	55	1	1	38	9.19963e-05	10870	0.999512	FALSE	ORF1ab:cds-YP_009724389.1	GAA	E	GAC	D	797
NC_045512.2	2656	A	C	10863	3700	55	1	1	38	9.19963e-05	10870	0.999512	FALSE	ORF1ab:cds-YP_009725295.1	GAA	E	GAC	D	797
NC_045512.2	2657	A	G	10790	3687	55	5	4	34	0.000463177	10795	0.94085	FALSE	ORF1ab:cds-YP_009724389.1	AAG	K	GAG	E	798
NC_045512.2	2657	A	G	10790	3687	55	5	4	34	0.000463177	10795	0.94085	FALSE	ORF1ab:cds-YP_009725295.1	AAG	K	GAG	E	798
NC_045512.2	2658	A	G	10659	3694	55	2	0	51	0.0001876	10661	0.250012	FALSE	ORF1ab:cds-YP_009724389.1	AAG	K	AGG	R	798
NC_045512.2	2658	A	G	10659	3694	55	2	0	51	0.0001876	10661	0.250012	FALSE	ORF1ab:cds-YP_009725295.1	AAG	K	AGG	R	798
NC_045512.2	2659	G	A	11101	3736	55	6	6	34	0.0005402	11107	0.92837	FALSE	ORF1ab:cds-YP_009724389.1	AAG	K	AAA	K	798
NC_045512.2	2659	G	A	11101	3736	55	6	6	34	0.0005402	11107	0.92837	FALSE	ORF1ab:cds-YP_009725295.1	AAG	K	AAA	K	798
NC_045512.2	2660	T	G	11108	3760	55	4	3	32	0.000359842	11116	0.982429	FALSE	ORF1ab:cds-YP_009724389.1	TAC	Y	GAC	D	799
NC_045512.2	2660	T	G	11108	3760	55	4	3	32	0.000359842	11116	0.982429	FALSE	ORF1ab:cds-YP_009725295.1	TAC	Y	GAC	D	799
NC_045512.2	2660	T	C	11108	3760	55	1	1	68	8.99604e-05	11116	0.499865	FALSE	ORF1ab:cds-YP_009724389.1	TAC	Y	CAC	H	799
NC_045512.2	2660	T	C	11108	3760	55	1	1	68	8.99604e-05	11116	0.499865	FALSE	ORF1ab:cds-YP_009725295.1	TAC	Y	CAC	H	799
NC_045512.2	2660	T	A	11108	3760	55	3	3	31	0.000269881	11116	0.993532	FALSE	ORF1ab:cds-YP_009724389.1	TAC	Y	AAC	N	799
NC_045512.2	2660	T	A	11108	3760	55	3	3	31	0.000269881	11116	0.993532	FALSE	ORF1ab:cds-YP_009725295.1	TAC	Y	AAC	N	799
NC_045512.2	2661	A	T	11142	3733	55	2	2	34	0.000179437	11146	0.998294	FALSE	ORF1ab:cds-YP_009724389.1	TAC	Y	TTC	F	799
NC_045512.2	2661	A	T	11142	3733	55	2	2	34	0.000179437	11146	0.998294	FALSE	ORF1ab:cds-YP_009725295.1	TAC	Y	TTC	F	799
NC_045512.2	2661	A	G	11142	3733	55	1	1	38	8.97183e-05	11146	0.999756	FALSE	ORF1ab:cds-YP_009724389.1	TAC	Y	TGC	C	799
NC_045512.2	2661	A	G	11142	3733	55	1	1	38	8.97183e-05	11146	0.999756	FALSE	ORF1ab:cds-YP_009725295.1	TAC	Y	TGC	C	799
NC_045512.2	2661	A	C	11142	3733	55	1	1	34	8.97183e-05	11146	0.999756	FALSE	ORF1ab:cds-YP_009724389.1	TAC	Y	TCC	S	799
NC_045512.2	2661	A	C	11142	3733	55	1	1	34	8.97183e-05	11146	0.999756	FALSE	ORF1ab:cds-YP_009725295.1	TAC	Y	TCC	S	799
NC_045512.2	2662	C	T	11137	3740	55	1	1	34	8.97424e-05	11143	0.999756	FALSE	ORF1ab:cds-YP_009724389.1	TAC	Y	TAT	Y	799
NC_045512.2	2662	C	T	11137	3740	55	1	1	34	8.97424e-05	11143	0.999756	FALSE	ORF1ab:cds-YP_009725295.1	TAC	Y	TAT	Y	799
NC_045512.2	2662	C	G	11137	3740	55	3	3	34	0.000269227	11143	0.993538	FALSE	ORF1ab:cds-YP_009724389.1	TAC	Y	TAG	*	799
NC_045512.2	2662	C	G	11137	3740	55	3	3	34	0.000269227	11143	0.993538	FALSE	ORF1ab:cds-YP_009725295.1	TAC	Y	TAG	*	799
NC_045512.2	2662	C	A	11137	3740	55	2	2	34	0.000179485	11143	0.998293	FALSE	ORF1ab:cds-YP_009724389.1	TAC	Y	TAA	*	799
NC_045512.2	2662	C	A	11137	3740	55	2	2	34	0.000179485	11143	0.998293	FALSE	ORF1ab:cds-YP_009725295.1	TAC	Y	TAA	*	799
NC_045512.2	2662	C	-T	11137	3740	55	1	0	20	8.97424e-05	11143	1	FALSE	NA	NA	NA	NA	NA	NA
NC_045512.2	2663	T	G	10620	3489	54	4	2	59	0.000376329	10629	0.0624236	FALSE	ORF1ab:cds-YP_009724389.1	TGT	C	GGT	G	800
NC_045512.2	2663	T	G	10620	3489	54	4	2	59	0.000376329	10629	0.0624236	FALSE	ORF1ab:cds-YP_009725295.1	TGT	C	GGT	G	800
NC_045512.2	2663	T	C	10620	3489	54	5	4	37	0.000470411	10629	0.940744	FALSE	ORF1ab:cds-YP_009724389.1	TGT	C	CGT	R	800
NC_045512.2	2663	T	C	10620	3489	54	5	4	37	0.000470411	10629	0.940744	FALSE	ORF1ab:cds-YP_009725295.1	TGT	C	CGT	R	800
NC_045512.2	2664	G	T	10673	3488	54	2	2	34	0.000187266	10680	0.996827	FALSE	ORF1ab:cds-YP_009724389.1	TGT	C	TTT	F	800
NC_045512.2	2664	G	T	10673	3488	54	2	2	34	0.000187266	10680	0.996827	FALSE	ORF1ab:cds-YP_009725295.1	TGT	C	TTT	F	800
NC_045512.2	2664	G	C	10673	3488	54	3	2	45	0.000280899	10680	0.312377	FALSE	ORF1ab:cds-YP_009724389.1	TGT	C	TCT	S	800
NC_045512.2	2664	G	C	10673	3488	54	3	2	45	0.000280899	10680	0.312377	FALSE	ORF1ab:cds-YP_009725295.1	TGT	C	TCT	S	800
NC_045512.2	2664	G	A	10673	3488	54	2	2	34	0.000187266	10680	0.996827	FALSE	ORF1ab:cds-YP_009724389.1	TGT	C	TAT	Y	800
NC_045512.2	2664	G	A	10673	3488	54	2	2	34	0.000187266	10680	0.996827	FALSE	ORF1ab:cds-YP_009725295.1	TGT	C	TAT	Y	800
NC_045512.2	2665	T	G	10625	3498	54	2	2	34	0.000188094	10633	0.996825	FALSE	ORF1ab:cds-YP_009724389.1	TGT	C	TGG	W	800
NC_045512.2	2665	T	G	10625	3498	54	2	2	34	0.000188094	10633	0.996825	FALSE	ORF1ab:cds-YP_009725295.1	TGT	C	TGG	W	800
NC_045512.2	2665	T	C	10625	3498	54	4	4	32	0.000376187	10633	0.971319	FALSE	ORF1ab:cds-YP_009724389.1	TGT	C	TGC	C	800
NC_045512.2	2665	T	C	10625	3498	54	4	4	32	0.000376187	10633	0.971319	FALSE	ORF1ab:cds-YP_009725295.1	TGT	C	TGC	C	800
NC_045512.2	2665	T	A	10625	3498	54	2	1	34	0.000188094	10633	0.996825	FALSE	ORF1ab:cds-YP_009724389.1	TGT	C	TGA	*	800
NC_045512.2	2665	T	A	10625	3498	54	2	1	34	0.000188094	10633	0.996825	FALSE	ORF1ab:cds-YP_009725295.1	TGT	C	TGA	*	800
NC_045512.2	2666	G	T	10662	3493	55	6	6	32	0.000562377	10669	0.895029	FALSE	ORF1ab:cds-YP_009724389.1	GCC	A	TCC	S	801
NC_045512.2	2666	G	T	10662	3493	55	6	6	32	0.000562377	10669	0.895029	FALSE	ORF1ab:cds-YP_009725295.1	GCC	A	TCC	S	801
NC_045512.2	2666	G	A	10662	3493	55	1	0	68	9.37295e-05	10669	0.499883	FALSE	ORF1ab:cds-YP_009724389.1	GCC	A	ACC	T	801
NC_045512.2	2666	G	A	10662	3493	55	1	0	68	9.37295e-05	10669	0.499883	FALSE	ORF1ab:cds-YP_009725295.1	GCC	A	ACC	T	801
NC_045512.2	2667	C	T	10978	3598	54	1	1	34	9.10249e-05	10986	0.999511	FALSE	ORF1ab:cds-YP_009724389.1	GCC	A	GTC	V	801
NC_045512.2	2667	C	T	10978	3598	54	1	1	34	9.10249e-05	10986	0.999511	FALSE	ORF1ab:cds-YP_009725295.1	GCC	A	GTC	V	801
NC_045512.2	2667	C	G	10978	3598	54	6	6	31	0.00054615	10986	0.894993	FALSE	ORF1ab:cds-YP_009724389.1	GCC	A	GGC	G	801
NC_045512.2	2667	C	G	10978	3598	54	6	6	31	0.00054615	10986	0.894993	FALSE	ORF1ab:cds-YP_009725295.1	GCC	A	GGC	G	801
NC_045512.2	2667	C	A	10978	3598	54	1	1	24	9.10249e-05	10986	1	FALSE	ORF1ab:cds-YP_009724389.1	GCC	A	GAC	D	801
NC_045512.2	2667	C	A	10978	3598	54	1	1	24	9.10249e-05	10986	1	FALSE	ORF1ab:cds-YP_009725295.1	GCC	A	GAC	D	801
NC_045512.2	2668	C	T	10922	3547	54	4	3	34	0.000365965	10930	0.971319	FALSE	ORF1ab:cds-YP_009724389.1	GCC	A	GCT	A	801
NC_045512.2	2668	C	T	10922	3547	54	4	3	34	0.000365965	10930	0.971319	FALSE	ORF1ab:cds-YP_009725295.1	GCC	A	GCT	A	801
NC_045512.2	2668	C	G	10922	3547	54	1	1	34	9.14913e-05	10930	0.999511	FALSE	ORF1ab:cds-YP_009724389.1	GCC	A	GCG	A	801
NC_045512.2	2668	C	G	10922	3547	54	1	1	34	9.14913e-05	10930	0.999511	FALSE	ORF1ab:cds-YP_009725295.1	GCC	A	GCG	A	801
NC_045512.2	2668	C	A	10922	3547	54	3	0	45	0.000274474	10930	0.312346	FALSE	ORF1ab:cds-YP_009724389.1	GCC	A	GCA	A	801
NC_045512.2	2668	C	A	10922	3547	54	3	0	45	0.000274474	10930	0.312346	FALSE	ORF1ab:cds-YP_009725295.1	GCC	A	GCA	A	801
NC_045512.2	2669	C	T	10958	3577	54	1	0	34	9.11743e-05	10968	0.999511	FALSE	ORF1ab:cds-YP_009724389.1	CTT	L	TTT	F	802
NC_045512.2	2669	C	T	10958	3577	54	1	0	34	9.11743e-05	10968	0.999511	FALSE	ORF1ab:cds-YP_009725295.1	CTT	L	TTT	F	802
NC_045512.2	2669	C	G	10958	3577	54	5	4	29	0.000455872	10968	1	FALSE	ORF1ab:cds-YP_009724389.1	CTT	L	GTT	V	802
NC_045512.2	2669	C	G	10958	3577	54	5	4	29	0.000455872	10968	1	FALSE	ORF1ab:cds-YP_009725295.1	CTT	L	GTT	V	802
NC_045512.2	2669	C	A	10958	3577	54	4	1	59	0.000364697	10968	0.0624259	FALSE	ORF1ab:cds-YP_009724389.1	CTT	L	ATT	I	802
NC_045512.2	2669	C	A	10958	3577	54	4	1	59	0.000364697	10968	0.0624259	FALSE	ORF1ab:cds-YP_009725295.1	CTT	L	ATT	I	802
NC_045512.2	2670	T	G	10944	3586	54	2	1	30	0.000182632	10951	0.996827	FALSE	ORF1ab:cds-YP_009724389.1	CTT	L	CGT	R	802
NC_045512.2	2670	T	G	10944	3586	54	2	1	30	0.000182632	10951	0.996827	FALSE	ORF1ab:cds-YP_009725295.1	CTT	L	CGT	R	802
NC_045512.2	2670	T	C	10944	3586	54	5	4	39	0.000456579	10951	0.940807	FALSE	ORF1ab:cds-YP_009724389.1	CTT	L	CCT	P	802
NC_045512.2	2670	T	C	10944	3586	54	5	4	39	0.000456579	10951	0.940807	FALSE	ORF1ab:cds-YP_009725295.1	CTT	L	CCT	P	802
NC_045512.2	2671	T	G	10936	3589	54	1	0	34	9.1416e-05	10939	0.999513	FALSE	ORF1ab:cds-YP_009724389.1	CTT	L	CTG	L	802
NC_045512.2	2671	T	G	10936	3589	54	1	0	34	9.1416e-05	10939	0.999513	FALSE	ORF1ab:cds-YP_009725295.1	CTT	L	CTG	L	802
NC_045512.2	2671	T	C	10936	3589	54	2	2	34	0.000182832	10939	0.996833	FALSE	ORF1ab:cds-YP_009724389.1	CTT	L	CTC	L	802
NC_045512.2	2671	T	C	10936	3589	54	2	2	34	0.000182832	10939	0.996833	FALSE	ORF1ab:cds-YP_009725295.1	CTT	L	CTC	L	802
NC_045512.2	2672	G	T	10949	3579	54	3	3	34	0.000273798	10957	0.98877	FALSE	ORF1ab:cds-YP_009724389.1	GCA	A	TCA	S	803
NC_045512.2	2672	G	T	10949	3579	54	3	3	34	0.000273798	10957	0.98877	FALSE	ORF1ab:cds-YP_009725295.1	GCA	A	TCA	S	803
NC_045512.2	2672	G	C	10949	3579	54	3	3	34	0.000273798	10957	0.98877	FALSE	ORF1ab:cds-YP_009724389.1	GCA	A	CCA	P	803
NC_045512.2	2672	G	C	10949	3579	54	3	3	34	0.000273798	10957	0.98877	FALSE	ORF1ab:cds-YP_009725295.1	GCA	A	CCA	P	803
NC_045512.2	2672	G	A	10949	3579	54	2	2	34	0.000182532	10957	0.996825	FALSE	ORF1ab:cds-YP_009724389.1	GCA	A	ACA	T	803
NC_045512.2	2672	G	A	10949	3579	54	2	2	34	0.000182532	10957	0.996825	FALSE	ORF1ab:cds-YP_009725295.1	GCA	A	ACA	T	803
NC_045512.2	2673	C	T	10913	3625	54	5	4	39	0.00045775	10923	0.940744	FALSE	ORF1ab:cds-YP_009724389.1	GCA	A	GTA	V	803
NC_045512.2	2673	C	T	10913	3625	54	5	4	39	0.00045775	10923	0.940744	FALSE	ORF1ab:cds-YP_009725295.1	GCA	A	GTA	V	803
NC_045512.2	2673	C	G	10913	3625	54	4	3	30	0.0003662	10923	0.971297	FALSE	ORF1ab:cds-YP_009724389.1	GCA	A	GGA	G	803
NC_045512.2	2673	C	G	10913	3625	54	4	3	30	0.0003662	10923	0.971297	FALSE	ORF1ab:cds-YP_009725295.1	GCA	A	GGA	G	803
NC_045512.2	2673	C	A	10913	3625	54	1	0	34	9.15499e-05	10923	0.999511	FALSE	ORF1ab:cds-YP_009724389.1	GCA	A	GAA	E	803
NC_045512.2	2673	C	A	10913	3625	54	1	0	34	9.15499e-05	10923	0.999511	FALSE	ORF1ab:cds-YP_009725295.1	GCA	A	GAA	E	803
NC_045512.2	2674	A	T	10843	3622	54	4	4	30	0.000368596	10852	0.971308	FALSE	ORF1ab:cds-YP_009724389.1	GCA	A	GCT	A	803
NC_045512.2	2674	A	T	10843	3622	54	4	4	30	0.000368596	10852	0.971308	FALSE	ORF1ab:cds-YP_009725295.1	GCA	A	GCT	A	803
NC_045512.2	2674	A	G	10843	3622	54	2	2	34	0.000184298	10852	0.996824	FALSE	ORF1ab:cds-YP_009724389.1	GCA	A	GCG	A	803
NC_045512.2	2674	A	G	10843	3622	54	2	2	34	0.000184298	10852	0.996824	FALSE	ORF1ab:cds-YP_009725295.1	GCA	A	GCG	A	803
NC_045512.2	2674	A	C	10843	3622	54	3	3	34	0.000276447	10852	0.988765	FALSE	ORF1ab:cds-YP_009724389.1	GCA	A	GCC	A	803
NC_045512.2	2674	A	C	10843	3622	54	3	3	34	0.000276447	10852	0.988765	FALSE	ORF1ab:cds-YP_009725295.1	GCA	A	GCC	A	803
NC_045512.2	2675	C	T	11190	3673	54	2	2	34	0.000178587	11199	0.99829	FALSE	ORF1ab:cds-YP_009724389.1	CCT	P	TCT	S	804
NC_045512.2	2675	C	T	11190	3673	54	2	2	34	0.000178587	11199	0.99829	FALSE	ORF1ab:cds-YP_009725295.1	CCT	P	TCT	S	804
NC_045512.2	2675	C	G	11190	3673	54	3	3	34	0.000267881	11199	0.993529	FALSE	ORF1ab:cds-YP_009724389.1	CCT	P	GCT	A	804
NC_045512.2	2675	C	G	11190	3673	54	3	3	34	0.000267881	11199	0.993529	FALSE	ORF1ab:cds-YP_009725295.1	CCT	P	GCT	A	804
NC_045512.2	2675	C	A	11190	3673	54	4	4	32	0.000357175	11199	0.982422	FALSE	ORF1ab:cds-YP_009724389.1	CCT	P	ACT	T	804
NC_045512.2	2675	C	A	11190	3673	54	4	4	32	0.000357175	11199	0.982422	FALSE	ORF1ab:cds-YP_009725295.1	CCT	P	ACT	T	804
NC_045512.2	2676	C	T	11009	3586	54	2	2	51	0.00018162	11012	0.249989	FALSE	ORF1ab:cds-YP_009724389.1	CCT	P	CTT	L	804
NC_045512.2	2676	C	T	11009	3586	54	2	2	51	0.00018162	11012	0.249989	FALSE	ORF1ab:cds-YP_009725295.1	CCT	P	CTT	L	804
NC_045512.2	2676	C	A	11009	3586	54	1	1	34	9.081e-05	11012	0.999756	FALSE	ORF1ab:cds-YP_009724389.1	CCT	P	CAT	H	804
NC_045512.2	2676	C	A	11009	3586	54	1	1	34	9.081e-05	11012	0.999756	FALSE	ORF1ab:cds-YP_009725295.1	CCT	P	CAT	H	804
NC_045512.2	2677	T	G	11131	3640	54	2	1	29	0.000179453	11145	1	FALSE	ORF1ab:cds-YP_009724389.1	CCT	P	CCG	P	804
NC_045512.2	2677	T	G	11131	3640	54	2	1	29	0.000179453	11145	1	FALSE	ORF1ab:cds-YP_009725295.1	CCT	P	CCG	P	804
NC_045512.2	2677	T	C	11131	3640	54	7	4	47	0.000628084	11145	0.0350729	FALSE	ORF1ab:cds-YP_009724389.1	CCT	P	CCC	P	804
NC_045512.2	2677	T	C	11131	3640	54	7	4	47	0.000628084	11145	0.0350729	FALSE	ORF1ab:cds-YP_009725295.1	CCT	P	CCC	P	804
NC_045512.2	2677	T	A	11131	3640	54	5	4	32	0.000448632	11145	0.961526	FALSE	ORF1ab:cds-YP_009724389.1	CCT	P	CCA	P	804
NC_045512.2	2677	T	A	11131	3640	54	5	4	32	0.000448632	11145	0.961526	FALSE	ORF1ab:cds-YP_009725295.1	CCT	P	CCA	P	804
NC_045512.2	2677	T	-A	11131	3640	54	1	0	20	8.97263e-05	11145	1	FALSE	NA	NA	NA	NA	NA	NA
NC_045512.2	2678	A	T	11124	3642	54	6	5	32	0.000538793	11136	0.928192	FALSE	ORF1ab:cds-YP_009724389.1	AAT	N	TAT	Y	805
NC_045512.2	2678	A	T	11124	3642	54	6	5	32	0.000538793	11136	0.928192	FALSE	ORF1ab:cds-YP_009725295.1	AAT	N	TAT	Y	805
NC_045512.2	2678	A	G	11124	3642	54	3	1	45	0.000269397	11136	0.31218	FALSE	ORF1ab:cds-YP_009724389.1	AAT	N	GAT	D	805
NC_045512.2	2678	A	G	11124	3642	54	3	1	45	0.000269397	11136	0.31218	FALSE	ORF1ab:cds-YP_009725295.1	AAT	N	GAT	D	805
NC_045512.2	2678	A	C	11124	3642	54	3	3	34	0.000269397	11136	0.993517	FALSE	ORF1ab:cds-YP_009724389.1	AAT	N	CAT	H	805
NC_045512.2	2678	A	C	11124	3642	54	3	3	34	0.000269397	11136	0.993517	FALSE	ORF1ab:cds-YP_009725295.1	AAT	N	CAT	H	805
NC_045512.2	2679	A	T	11263	3681	54	2	2	34	0.000177462	11270	0.998292	FALSE	ORF1ab:cds-YP_009724389.1	AAT	N	ATT	I	805
NC_045512.2	2679	A	T	11263	3681	54	2	2	34	0.000177462	11270	0.998292	FALSE	ORF1ab:cds-YP_009725295.1	AAT	N	ATT	I	805
NC_045512.2	2679	A	G	11263	3681	54	1	0	24	8.87311e-05	11270	1	FALSE	ORF1ab:cds-YP_009724389.1	AAT	N	AGT	S	805
NC_045512.2	2679	A	G	11263	3681	54	1	0	24	8.87311e-05	11270	1	FALSE	ORF1ab:cds-YP_009725295.1	AAT	N	AGT	S	805
NC_045512.2	2679	A	C	11263	3681	54	4	4	34	0.000354925	11270	0.982437	FALSE	ORF1ab:cds-YP_009724389.1	AAT	N	ACT	T	805
NC_045512.2	2679	A	C	11263	3681	54	4	4	34	0.000354925	11270	0.982437	FALSE	ORF1ab:cds-YP_009725295.1	AAT	N	ACT	T	805
NC_045512.2	2680	T	G	11367	3746	54	1	1	34	8.79198e-05	11374	0.999756	FALSE	ORF1ab:cds-YP_009724389.1	AAT	N	AAG	K	805
NC_045512.2	2680	T	G	11367	3746	54	1	1	34	8.79198e-05	11374	0.999756	FALSE	ORF1ab:cds-YP_009725295.1	AAT	N	AAG	K	805
NC_045512.2	2680	T	C	11367	3746	54	1	1	34	8.79198e-05	11374	0.999756	FALSE	ORF1ab:cds-YP_009724389.1	AAT	N	AAC	N	805
NC_045512.2	2680	T	C	11367	3746	54	1	1	34	8.79198e-05	11374	0.999756	FALSE	ORF1ab:cds-YP_009725295.1	AAT	N	AAC	N	805
NC_045512.2	2680	T	A	11367	3746	54	5	5	30	0.000439599	11374	0.96163	FALSE	ORF1ab:cds-YP_009724389.1	AAT	N	AAA	K	805
NC_045512.2	2680	T	A	11367	3746	54	5	5	30	0.000439599	11374	0.96163	FALSE	ORF1ab:cds-YP_009725295.1	AAT	N	AAA	K	805
NC_045512.2	2681	A	T	11216	3728	54	7	6	38	0.000623497	11227	0.881039	FALSE	ORF1ab:cds-YP_009724389.1	ATG	M	TTG	L	806
NC_045512.2	2681	A	T	11216	3728	54	7	6	38	0.000623497	11227	0.881039	FALSE	ORF1ab:cds-YP_009725295.1	ATG	M	TTG	L	806
NC_045512.2	2681	A	G	11216	3728	54	4	3	29	0.000356284	11227	1	FALSE	ORF1ab:cds-YP_009724389.1	ATG	M	GTG	V	806
NC_045512.2	2681	A	G	11216	3728	54	4	3	29	0.000356284	11227	1	FALSE	ORF1ab:cds-YP_009725295.1	ATG	M	GTG	V	806
NC_045512.2	2682	T	G	11291	3720	54	3	2	34	0.000265463	11301	0.993526	FALSE	ORF1ab:cds-YP_009724389.1	ATG	M	AGG	R	806
NC_045512.2	2682	T	G	11291	3720	54	3	2	34	0.000265463	11301	0.993526	FALSE	ORF1ab:cds-YP_009725295.1	ATG	M	AGG	R	806
NC_045512.2	2682	T	A	11291	3720	54	7	7	34	0.000619414	11301	0.881077	FALSE	ORF1ab:cds-YP_009724389.1	ATG	M	AAG	K	806
NC_045512.2	2682	T	A	11291	3720	54	7	7	34	0.000619414	11301	0.881077	FALSE	ORF1ab:cds-YP_009725295.1	ATG	M	AAG	K	806
NC_045512.2	2683	G	T	11257	3714	54	10	8	34	0.000887469	11268	0.668263	FALSE	ORF1ab:cds-YP_009724389.1	ATG	M	ATT	I	806
NC_045512.2	2683	G	T	11257	3714	54	10	8	34	0.000887469	11268	0.668263	FALSE	ORF1ab:cds-YP_009725295.1	ATG	M	ATT	I	806
NC_045512.2	2683	G	A	11257	3714	54	1	1	34	8.87469e-05	11268	0.999755	FALSE	ORF1ab:cds-YP_009724389.1	ATG	M	ATA	I	806
NC_045512.2	2683	G	A	11257	3714	54	1	1	34	8.87469e-05	11268	0.999755	FALSE	ORF1ab:cds-YP_009725295.1	ATG	M	ATA	I	806
NC_045512.2	2684	A	T	11146	3718	55	2	2	34	0.000179276	11156	0.998289	FALSE	ORF1ab:cds-YP_009724389.1	ATG	M	TTG	L	807
NC_045512.2	2684	A	T	11146	3718	55	2	2	34	0.000179276	11156	0.998289	FALSE	ORF1ab:cds-YP_009725295.1	ATG	M	TTG	L	807
NC_045512.2	2684	A	G	11146	3718	55	7	7	37	0.000627465	11156	0.881077	FALSE	ORF1ab:cds-YP_009724389.1	ATG	M	GTG	V	807
NC_045512.2	2684	A	G	11146	3718	55	7	7	37	0.000627465	11156	0.881077	FALSE	ORF1ab:cds-YP_009725295.1	ATG	M	GTG	V	807
NC_045512.2	2684	A	C	11146	3718	55	1	1	34	8.96379e-05	11156	0.999756	FALSE	ORF1ab:cds-YP_009724389.1	ATG	M	CTG	L	807
NC_045512.2	2684	A	C	11146	3718	55	1	1	34	8.96379e-05	11156	0.999756	FALSE	ORF1ab:cds-YP_009725295.1	ATG	M	CTG	L	807
NC_045512.2	2685	T	G	11118	3779	54	3	2	31	0.000269639	11126	0.993532	FALSE	ORF1ab:cds-YP_009724389.1	ATG	M	AGG	R	807
NC_045512.2	2685	T	G	11118	3779	54	3	2	31	0.000269639	11126	0.993532	FALSE	ORF1ab:cds-YP_009725295.1	ATG	M	AGG	R	807
NC_045512.2	2685	T	C	11118	3779	54	2	1	51	0.000179759	11126	0.249876	FALSE	ORF1ab:cds-YP_009724389.1	ATG	M	ACG	T	807
NC_045512.2	2685	T	C	11118	3779	54	2	1	51	0.000179759	11126	0.249876	FALSE	ORF1ab:cds-YP_009725295.1	ATG	M	ACG	T	807
NC_045512.2	2685	T	A	11118	3779	54	3	3	34	0.000269639	11126	0.993532	FALSE	ORF1ab:cds-YP_009724389.1	ATG	M	AAG	K	807
NC_045512.2	2685	T	A	11118	3779	54	3	3	34	0.000269639	11126	0.993532	FALSE	ORF1ab:cds-YP_009725295.1	ATG	M	AAG	K	807
NC_045512.2	2686	G	T	11028	3722	53	6	6	32	0.000543675	11036	0.92832	FALSE	ORF1ab:cds-YP_009724389.1	ATG	M	ATT	I	807
NC_045512.2	2686	G	T	11028	3722	53	6	6	32	0.000543675	11036	0.92832	FALSE	ORF1ab:cds-YP_009725295.1	ATG	M	ATT	I	807
NC_045512.2	2686	G	C	11028	3722	53	2	2	30	0.000181225	11036	0.998291	FALSE	ORF1ab:cds-YP_009724389.1	ATG	M	ATC	I	807
NC_045512.2	2686	G	C	11028	3722	53	2	2	30	0.000181225	11036	0.998291	FALSE	ORF1ab:cds-YP_009725295.1	ATG	M	ATC	I	807
NC_045512.2	2687	G	T	11164	3849	53	2	2	30	0.000179003	11173	0.99829	FALSE	ORF1ab:cds-YP_009724389.1	GTA	V	TTA	L	808
NC_045512.2	2687	G	T	11164	3849	53	2	2	30	0.000179003	11173	0.99829	FALSE	ORF1ab:cds-YP_009725295.1	GTA	V	TTA	L	808
NC_045512.2	2687	G	C	11164	3849	53	1	1	34	8.95015e-05	11173	0.999756	FALSE	ORF1ab:cds-YP_009724389.1	GTA	V	CTA	L	808
NC_045512.2	2687	G	C	11164	3849	53	1	1	34	8.95015e-05	11173	0.999756	FALSE	ORF1ab:cds-YP_009725295.1	GTA	V	CTA	L	808
NC_045512.2	2687	G	A	11164	3849	53	6	5	34	0.000537009	11173	0.928294	FALSE	ORF1ab:cds-YP_009724389.1	GTA	V	ATA	I	808
NC_045512.2	2687	G	A	11164	3849	53	6	5	34	0.000537009	11173	0.928294	FALSE	ORF1ab:cds-YP_009725295.1	GTA	V	ATA	I	808
NC_045512.2	2688	T	G	11125	3917	54	6	5	31	0.000538793	11136	0.928243	FALSE	ORF1ab:cds-YP_009724389.1	GTA	V	GGA	G	808
NC_045512.2	2688	T	G	11125	3917	54	6	5	31	0.000538793	11136	0.928243	FALSE	ORF1ab:cds-YP_009725295.1	GTA	V	GGA	G	808
NC_045512.2	2688	T	C	11125	3917	54	2	2	51	0.000179598	11136	0.249809	FALSE	ORF1ab:cds-YP_009724389.1	GTA	V	GCA	A	808
NC_045512.2	2688	T	C	11125	3917	54	2	2	51	0.000179598	11136	0.249809	FALSE	ORF1ab:cds-YP_009725295.1	GTA	V	GCA	A	808
NC_045512.2	2688	T	A	11125	3917	54	3	3	31	0.000269397	11136	0.993523	FALSE	ORF1ab:cds-YP_009724389.1	GTA	V	GAA	E	808
NC_045512.2	2688	T	A	11125	3917	54	3	3	31	0.000269397	11136	0.993523	FALSE	ORF1ab:cds-YP_009725295.1	GTA	V	GAA	E	808
NC_045512.2	2689	A	T	11169	3942	54	8	8	32	0.000715372	11183	0.820203	FALSE	ORF1ab:cds-YP_009724389.1	GTA	V	GTT	V	808
NC_045512.2	2689	A	T	11169	3942	54	8	8	32	0.000715372	11183	0.820203	FALSE	ORF1ab:cds-YP_009725295.1	GTA	V	GTT	V	808
NC_045512.2	2689	A	G	11169	3942	54	4	3	33	0.000357686	11183	0.982385	FALSE	ORF1ab:cds-YP_009724389.1	GTA	V	GTG	V	808
NC_045512.2	2689	A	G	11169	3942	54	4	3	33	0.000357686	11183	0.982385	FALSE	ORF1ab:cds-YP_009725295.1	GTA	V	GTG	V	808
NC_045512.2	2689	A	C	11169	3942	54	2	2	34	0.000178843	11183	0.998286	FALSE	ORF1ab:cds-YP_009724389.1	GTA	V	GTC	V	808
NC_045512.2	2689	A	C	11169	3942	54	2	2	34	0.000178843	11183	0.998286	FALSE	ORF1ab:cds-YP_009725295.1	GTA	V	GTC	V	808
NC_045512.2	2690	A	T	11171	3959	54	2	2	30	0.000178955	11176	0.998294	FALSE	ORF1ab:cds-YP_009724389.1	ACA	T	TCA	S	809
NC_045512.2	2690	A	T	11171	3959	54	2	2	30	0.000178955	11176	0.998294	FALSE	ORF1ab:cds-YP_009725295.1	ACA	T	TCA	S	809
NC_045512.2	2690	A	G	11171	3959	54	3	3	31	0.000268432	11176	0.993541	FALSE	ORF1ab:cds-YP_009724389.1	ACA	T	GCA	A	809
NC_045512.2	2690	A	G	11171	3959	54	3	3	31	0.000268432	11176	0.993541	FALSE	ORF1ab:cds-YP_009725295.1	ACA	T	GCA	A	809
NC_045512.2	2691	C	T	11167	4044	55	3	3	34	0.000268336	11180	0.993517	FALSE	ORF1ab:cds-YP_009724389.1	ACA	T	ATA	I	809
NC_045512.2	2691	C	T	11167	4044	55	3	3	34	0.000268336	11180	0.993517	FALSE	ORF1ab:cds-YP_009725295.1	ACA	T	ATA	I	809
NC_045512.2	2691	C	G	11167	4044	55	2	2	30	0.000178891	11180	0.998287	FALSE	ORF1ab:cds-YP_009724389.1	ACA	T	AGA	R	809
NC_045512.2	2691	C	G	11167	4044	55	2	2	30	0.000178891	11180	0.998287	FALSE	ORF1ab:cds-YP_009725295.1	ACA	T	AGA	R	809
NC_045512.2	2691	C	A	11167	4044	55	8	8	34	0.000715564	11180	0.820255	FALSE	ORF1ab:cds-YP_009724389.1	ACA	T	AAA	K	809
NC_045512.2	2691	C	A	11167	4044	55	8	8	34	0.000715564	11180	0.820255	FALSE	ORF1ab:cds-YP_009725295.1	ACA	T	AAA	K	809
NC_045512.2	2692	A	T	11299	4118	54	4	4	32	0.000353638	11311	0.9824	FALSE	ORF1ab:cds-YP_009724389.1	ACA	T	ACT	T	809
NC_045512.2	2692	A	T	11299	4118	54	4	4	32	0.000353638	11311	0.9824	FALSE	ORF1ab:cds-YP_009725295.1	ACA	T	ACT	T	809
NC_045512.2	2692	A	G	11299	4118	54	3	3	34	0.000265229	11311	0.99352	FALSE	ORF1ab:cds-YP_009724389.1	ACA	T	ACG	T	809
NC_045512.2	2692	A	G	11299	4118	54	3	3	34	0.000265229	11311	0.99352	FALSE	ORF1ab:cds-YP_009725295.1	ACA	T	ACG	T	809
NC_045512.2	2692	A	C	11299	4118	54	5	5	32	0.000442048	11311	0.961557	FALSE	ORF1ab:cds-YP_009724389.1	ACA	T	ACC	T	809
NC_045512.2	2692	A	C	11299	4118	54	5	5	32	0.000442048	11311	0.961557	FALSE	ORF1ab:cds-YP_009725295.1	ACA	T	ACC	T	809
NC_045512.2	2693	A	T	11639	4203	55	1	1	34	8.58664e-05	11646	0.999756	FALSE	ORF1ab:cds-YP_009724389.1	AAC	N	TAC	Y	810
NC_045512.2	2693	A	T	11639	4203	55	1	1	34	8.58664e-05	11646	0.999756	FALSE	ORF1ab:cds-YP_009725295.1	AAC	N	TAC	Y	810
NC_045512.2	2693	A	G	11639	4203	55	4	4	32	0.000343466	11646	0.982436	FALSE	ORF1ab:cds-YP_009724389.1	AAC	N	GAC	D	810
NC_045512.2	2693	A	G	11639	4203	55	4	4	32	0.000343466	11646	0.982436	FALSE	ORF1ab:cds-YP_009725295.1	AAC	N	GAC	D	810
NC_045512.2	2693	A	C	11639	4203	55	2	2	34	0.000171733	11646	0.998292	FALSE	ORF1ab:cds-YP_009724389.1	AAC	N	CAC	H	810
NC_045512.2	2693	A	C	11639	4203	55	2	2	34	0.000171733	11646	0.998292	FALSE	ORF1ab:cds-YP_009725295.1	AAC	N	CAC	H	810
NC_045512.2	2694	A	T	11022	4256	50	3	3	34	0.000271912	11033	0.993523	FALSE	ORF1ab:cds-YP_009724389.1	AAC	N	ATC	I	810
NC_045512.2	2694	A	T	11022	4256	50	3	3	34	0.000271912	11033	0.993523	FALSE	ORF1ab:cds-YP_009725295.1	AAC	N	ATC	I	810
NC_045512.2	2694	A	G	11022	4256	50	1	1	34	9.06372e-05	11033	0.999755	FALSE	ORF1ab:cds-YP_009724389.1	AAC	N	AGC	S	810
NC_045512.2	2694	A	G	11022	4256	50	1	1	34	9.06372e-05	11033	0.999755	FALSE	ORF1ab:cds-YP_009725295.1	AAC	N	AGC	S	810
NC_045512.2	2694	A	C	11022	4256	50	7	4	30	0.00063446	11033	0.881038	FALSE	ORF1ab:cds-YP_009724389.1	AAC	N	ACC	T	810
NC_045512.2	2694	A	C	11022	4256	50	7	4	30	0.00063446	11033	0.881038	FALSE	ORF1ab:cds-YP_009725295.1	AAC	N	ACC	T	810
NC_045512.2	2695	C	T	11692	4253	54	4	4	32	0.000341618	11709	0.982365	FALSE	ORF1ab:cds-YP_009724389.1	AAC	N	AAT	N	810
NC_045512.2	2695	C	T	11692	4253	54	4	4	32	0.000341618	11709	0.982365	FALSE	ORF1ab:cds-YP_009725295.1	AAC	N	AAT	N	810
NC_045512.2	2695	C	G	11692	4253	54	1	1	34	8.54044e-05	11709	0.999755	FALSE	ORF1ab:cds-YP_009724389.1	AAC	N	AAG	K	810
NC_045512.2	2695	C	G	11692	4253	54	1	1	34	8.54044e-05	11709	0.999755	FALSE	ORF1ab:cds-YP_009725295.1	AAC	N	AAG	K	810
NC_045512.2	2695	C	A	11692	4253	54	12	11	36	0.00102485	11709	0.499669	FALSE	ORF1ab:cds-YP_009724389.1	AAC	N	AAA	K	810
NC_045512.2	2695	C	A	11692	4253	54	12	11	36	0.00102485	11709	0.499669	FALSE	ORF1ab:cds-YP_009725295.1	AAC	N	AAA	K	810
NC_045512.2	2696	A	T	11621	4190	54	1	1	34	8.59623e-05	11633	0.999755	FALSE	ORF1ab:cds-YP_009724389.1	AAT	N	TAT	Y	811
NC_045512.2	2696	A	T	11621	4190	54	1	1	34	8.59623e-05	11633	0.999755	FALSE	ORF1ab:cds-YP_009725295.1	AAT	N	TAT	Y	811
NC_045512.2	2696	A	G	11621	4190	54	5	4	39	0.000429812	11633	0.961558	FALSE	ORF1ab:cds-YP_009724389.1	AAT	N	GAT	D	811
NC_045512.2	2696	A	G	11621	4190	54	5	4	39	0.000429812	11633	0.961558	FALSE	ORF1ab:cds-YP_009725295.1	AAT	N	GAT	D	811
NC_045512.2	2696	A	C	11621	4190	54	6	6	32	0.000515774	11633	0.92822	FALSE	ORF1ab:cds-YP_009724389.1	AAT	N	CAT	H	811
NC_045512.2	2696	A	C	11621	4190	54	6	6	32	0.000515774	11633	0.92822	FALSE	ORF1ab:cds-YP_009725295.1	AAT	N	CAT	H	811
NC_045512.2	2697	A	T	11676	4527	56	4	4	30	0.000342319	11685	0.982422	FALSE	ORF1ab:cds-YP_009724389.1	AAT	N	ATT	I	811
NC_045512.2	2697	A	T	11676	4527	56	4	4	30	0.000342319	11685	0.982422	FALSE	ORF1ab:cds-YP_009725295.1	AAT	N	ATT	I	811
NC_045512.2	2697	A	G	11676	4527	56	2	2	34	0.00017116	11685	0.99829	FALSE	ORF1ab:cds-YP_009724389.1	AAT	N	AGT	S	811
NC_045512.2	2697	A	G	11676	4527	56	2	2	34	0.00017116	11685	0.99829	FALSE	ORF1ab:cds-YP_009725295.1	AAT	N	AGT	S	811
NC_045512.2	2697	A	C	11676	4527	56	3	3	31	0.000256739	11685	0.993529	FALSE	ORF1ab:cds-YP_009724389.1	AAT	N	ACT	T	811
NC_045512.2	2697	A	C	11676	4527	56	3	3	31	0.000256739	11685	0.993529	FALSE	ORF1ab:cds-YP_009725295.1	AAT	N	ACT	T	811
NC_045512.2	2698	T	G	11629	4558	55	1	1	34	8.58811e-05	11644	0.999755	FALSE	ORF1ab:cds-YP_009724389.1	AAT	N	AAG	K	811
NC_045512.2	2698	T	G	11629	4558	55	1	1	34	8.58811e-05	11644	0.999755	FALSE	ORF1ab:cds-YP_009725295.1	AAT	N	AAG	K	811
NC_045512.2	2698	T	C	11629	4558	55	6	5	39	0.000515287	11644	0.928147	FALSE	ORF1ab:cds-YP_009724389.1	AAT	N	AAC	N	811
NC_045512.2	2698	T	C	11629	4558	55	6	5	39	0.000515287	11644	0.928147	FALSE	ORF1ab:cds-YP_009725295.1	AAT	N	AAC	N	811
NC_045512.2	2698	T	A	11629	4558	55	8	8	34	0.000687049	11644	0.82016	FALSE	ORF1ab:cds-YP_009724389.1	AAT	N	AAA	K	811
NC_045512.2	2698	T	A	11629	4558	55	8	8	34	0.000687049	11644	0.82016	FALSE	ORF1ab:cds-YP_009725295.1	AAT	N	AAA	K	811
NC_045512.2	2699	A	T	11598	4608	55	5	5	34	0.000430775	11607	0.961601	FALSE	ORF1ab:cds-YP_009724389.1	ACC	T	TCC	S	812
NC_045512.2	2699	A	T	11598	4608	55	5	5	34	0.000430775	11607	0.961601	FALSE	ORF1ab:cds-YP_009725295.1	ACC	T	TCC	S	812
NC_045512.2	2699	A	G	11598	4608	55	1	1	34	8.61549e-05	11607	0.999756	FALSE	ORF1ab:cds-YP_009724389.1	ACC	T	GCC	A	812
NC_045512.2	2699	A	G	11598	4608	55	1	1	34	8.61549e-05	11607	0.999756	FALSE	ORF1ab:cds-YP_009725295.1	ACC	T	GCC	A	812
NC_045512.2	2699	A	C	11598	4608	55	3	3	34	0.000258465	11607	0.993529	FALSE	ORF1ab:cds-YP_009724389.1	ACC	T	CCC	P	812
NC_045512.2	2699	A	C	11598	4608	55	3	3	34	0.000258465	11607	0.993529	FALSE	ORF1ab:cds-YP_009725295.1	ACC	T	CCC	P	812
NC_045512.2	2700	C	T	11925	4746	55	3	3	34	0.000251235	11941	0.993509	FALSE	ORF1ab:cds-YP_009724389.1	ACC	T	ATC	I	812
NC_045512.2	2700	C	T	11925	4746	55	3	3	34	0.000251235	11941	0.993509	FALSE	ORF1ab:cds-YP_009725295.1	ACC	T	ATC	I	812
NC_045512.2	2700	C	G	11925	4746	55	2	2	34	0.00016749	11941	0.998285	FALSE	ORF1ab:cds-YP_009724389.1	ACC	T	AGC	S	812
NC_045512.2	2700	C	G	11925	4746	55	2	2	34	0.00016749	11941	0.998285	FALSE	ORF1ab:cds-YP_009725295.1	ACC	T	AGC	S	812
NC_045512.2	2700	C	A	11925	4746	55	11	11	32	0.000921196	11941	0.583823	FALSE	ORF1ab:cds-YP_009724389.1	ACC	T	AAC	N	812
NC_045512.2	2700	C	A	11925	4746	55	11	11	32	0.000921196	11941	0.583823	FALSE	ORF1ab:cds-YP_009725295.1	ACC	T	AAC	N	812
NC_045512.2	2701	C	T	11771	4708	55	3	3	34	0.000254604	11783	0.99352	FALSE	ORF1ab:cds-YP_009724389.1	ACC	T	ACT	T	812
NC_045512.2	2701	C	T	11771	4708	55	3	3	34	0.000254604	11783	0.99352	FALSE	ORF1ab:cds-YP_009725295.1	ACC	T	ACT	T	812
NC_045512.2	2701	C	G	11771	4708	55	4	4	34	0.000339472	11783	0.982401	FALSE	ORF1ab:cds-YP_009724389.1	ACC	T	ACG	T	812
NC_045512.2	2701	C	G	11771	4708	55	4	4	34	0.000339472	11783	0.982401	FALSE	ORF1ab:cds-YP_009725295.1	ACC	T	ACG	T	812
NC_045512.2	2701	C	A	11771	4708	55	5	4	32	0.00042434	11783	0.961558	FALSE	ORF1ab:cds-YP_009724389.1	ACC	T	ACA	T	812
NC_045512.2	2701	C	A	11771	4708	55	5	4	32	0.00042434	11783	0.961558	FALSE	ORF1ab:cds-YP_009725295.1	ACC	T	ACA	T	812
NC_045512.2	2702	T	G	11632	4569	54	1	1	34	8.58516e-05	11648	0.999755	FALSE	ORF1ab:cds-YP_009724389.1	TTC	F	GTC	V	813
NC_045512.2	2702	T	G	11632	4569	54	1	1	34	8.58516e-05	11648	0.999755	FALSE	ORF1ab:cds-YP_009725295.1	TTC	F	GTC	V	813
NC_045512.2	2702	T	C	11632	4569	54	7	7	36	0.000600962	11648	0.880857	FALSE	ORF1ab:cds-YP_009724389.1	TTC	F	CTC	L	813
NC_045512.2	2702	T	C	11632	4569	54	7	7	36	0.000600962	11648	0.880857	FALSE	ORF1ab:cds-YP_009725295.1	TTC	F	CTC	L	813
NC_045512.2	2702	T	A	11632	4569	54	8	8	34	0.000686813	11648	0.82011	FALSE	ORF1ab:cds-YP_009724389.1	TTC	F	ATC	I	813
NC_045512.2	2702	T	A	11632	4569	54	8	8	34	0.000686813	11648	0.82011	FALSE	ORF1ab:cds-YP_009725295.1	TTC	F	ATC	I	813
NC_045512.2	2703	T	G	11628	4626	55	4	3	32	0.000343525	11644	0.982372	FALSE	ORF1ab:cds-YP_009724389.1	TTC	F	TGC	C	813
NC_045512.2	2703	T	G	11628	4626	55	4	3	32	0.000343525	11644	0.982372	FALSE	ORF1ab:cds-YP_009725295.1	TTC	F	TGC	C	813
NC_045512.2	2703	T	C	11628	4626	55	6	5	34	0.000515287	11644	0.928122	FALSE	ORF1ab:cds-YP_009724389.1	TTC	F	TCC	S	813
NC_045512.2	2703	T	C	11628	4626	55	6	5	34	0.000515287	11644	0.928122	FALSE	ORF1ab:cds-YP_009725295.1	TTC	F	TCC	S	813
NC_045512.2	2703	T	A	11628	4626	55	6	4	34	0.000515287	11644	0.928122	FALSE	ORF1ab:cds-YP_009724389.1	TTC	F	TAC	Y	813
NC_045512.2	2703	T	A	11628	4626	55	6	4	34	0.000515287	11644	0.928122	FALSE	ORF1ab:cds-YP_009725295.1	TTC	F	TAC	Y	813
NC_045512.2	2704	C	T	11609	4615	56	7	7	36	0.000602358	11621	0.881003	FALSE	ORF1ab:cds-YP_009724389.1	TTC	F	TTT	F	813
NC_045512.2	2704	C	T	11609	4615	56	7	7	36	0.000602358	11621	0.881003	FALSE	ORF1ab:cds-YP_009725295.1	TTC	F	TTT	F	813
NC_045512.2	2704	C	G	11609	4615	56	2	1	30	0.000172102	11621	0.998288	FALSE	ORF1ab:cds-YP_009724389.1	TTC	F	TTG	L	813
NC_045512.2	2704	C	G	11609	4615	56	2	1	30	0.000172102	11621	0.998288	FALSE	ORF1ab:cds-YP_009725295.1	TTC	F	TTG	L	813
NC_045512.2	2704	C	A	11609	4615	56	3	3	34	0.000258153	11621	0.99352	FALSE	ORF1ab:cds-YP_009724389.1	TTC	F	TTA	L	813
NC_045512.2	2704	C	A	11609	4615	56	3	3	34	0.000258153	11621	0.99352	FALSE	ORF1ab:cds-YP_009725295.1	TTC	F	TTA	L	813
NC_045512.2	2705	A	T	11594	4689	56	4	4	30	0.000344649	11606	0.9824	FALSE	ORF1ab:cds-YP_009724389.1	ACA	T	TCA	S	814
NC_045512.2	2705	A	T	11594	4689	56	4	4	30	0.000344649	11606	0.9824	FALSE	ORF1ab:cds-YP_009725295.1	ACA	T	TCA	S	814
NC_045512.2	2705	A	G	11594	4689	56	1	1	34	8.61623e-05	11606	0.999755	FALSE	ORF1ab:cds-YP_009724389.1	ACA	T	GCA	A	814
NC_045512.2	2705	A	G	11594	4689	56	1	1	34	8.61623e-05	11606	0.999755	FALSE	ORF1ab:cds-YP_009725295.1	ACA	T	GCA	A	814
NC_045512.2	2705	A	C	11594	4689	56	7	7	34	0.000603136	11606	0.881003	FALSE	ORF1ab:cds-YP_009724389.1	ACA	T	CCA	P	814
NC_045512.2	2705	A	C	11594	4689	56	7	7	34	0.000603136	11606	0.881003	FALSE	ORF1ab:cds-YP_009725295.1	ACA	T	CCA	P	814
NC_045512.2	2706	C	T	11614	4697	56	6	6	45	0.000515774	11633	0.0623026	FALSE	ORF1ab:cds-YP_009724389.1	ACA	T	ATA	I	814
NC_045512.2	2706	C	T	11614	4697	56	6	6	45	0.000515774	11633	0.0623026	FALSE	ORF1ab:cds-YP_009725295.1	ACA	T	ATA	I	814
NC_045512.2	2706	C	G	11614	4697	56	2	2	30	0.000171925	11633	0.998282	FALSE	ORF1ab:cds-YP_009724389.1	ACA	T	AGA	R	814
NC_045512.2	2706	C	G	11614	4697	56	2	2	30	0.000171925	11633	0.998282	FALSE	ORF1ab:cds-YP_009725295.1	ACA	T	AGA	R	814
NC_045512.2	2706	C	A	11614	4697	56	11	11	32	0.000945586	11633	0.583577	FALSE	ORF1ab:cds-YP_009724389.1	ACA	T	AAA	K	814
NC_045512.2	2706	C	A	11614	4697	56	11	11	32	0.000945586	11633	0.583577	FALSE	ORF1ab:cds-YP_009725295.1	ACA	T	AAA	K	814
NC_045512.2	2707	A	T	11626	4777	56	2	2	34	0.00017188	11636	0.998289	FALSE	ORF1ab:cds-YP_009724389.1	ACA	T	ACT	T	814
NC_045512.2	2707	A	T	11626	4777	56	2	2	34	0.00017188	11636	0.998289	FALSE	ORF1ab:cds-YP_009725295.1	ACA	T	ACT	T	814
NC_045512.2	2707	A	G	11626	4777	56	1	1	34	8.59402e-05	11636	0.999756	FALSE	ORF1ab:cds-YP_009724389.1	ACA	T	ACG	T	814
NC_045512.2	2707	A	G	11626	4777	56	1	1	34	8.59402e-05	11636	0.999756	FALSE	ORF1ab:cds-YP_009725295.1	ACA	T	ACG	T	814
NC_045512.2	2707	A	C	11626	4777	56	7	7	32	0.000601581	11636	0.881076	FALSE	ORF1ab:cds-YP_009724389.1	ACA	T	ACC	T	814
NC_045512.2	2707	A	C	11626	4777	56	7	7	32	0.000601581	11636	0.881076	FALSE	ORF1ab:cds-YP_009725295.1	ACA	T	ACC	T	814
NC_045512.2	2707	A	+C	11626	4777	56	1	0	20	8.59402e-05	11636	1	FALSE	NA	NA	NA	NA	NA	NA
NC_045512.2	2708	C	T	12514	5303	54	2	2	34	0.000159604	12531	0.999081	FALSE	ORF1ab:cds-YP_009724389.1	CTC	L	TTC	F	815
NC_045512.2	2708	C	T	12514	5303	54	2	2	34	0.000159604	12531	0.999081	FALSE	ORF1ab:cds-YP_009725295.1	CTC	L	TTC	F	815
NC_045512.2	2708	C	G	12514	5303	54	5	4	32	0.00039901	12531	0.975413	FALSE	ORF1ab:cds-YP_009724389.1	CTC	L	GTC	V	815
NC_045512.2	2708	C	G	12514	5303	54	5	4	32	0.00039901	12531	0.975413	FALSE	ORF1ab:cds-YP_009725295.1	CTC	L	GTC	V	815
NC_045512.2	2708	C	A	12514	5303	54	10	10	32	0.000798021	12531	0.737989	FALSE	ORF1ab:cds-YP_009724389.1	CTC	L	ATC	I	815
NC_045512.2	2708	C	A	12514	5303	54	10	10	32	0.000798021	12531	0.737989	FALSE	ORF1ab:cds-YP_009725295.1	CTC	L	ATC	I	815
NC_045512.2	2709	T	G	12320	5205	53	4	3	32	0.000324202	12338	0.989326	FALSE	ORF1ab:cds-YP_009724389.1	CTC	L	CGC	R	815
NC_045512.2	2709	T	G	12320	5205	53	4	3	32	0.000324202	12338	0.989326	FALSE	ORF1ab:cds-YP_009725295.1	CTC	L	CGC	R	815
NC_045512.2	2709	T	C	12320	5205	53	8	8	33	0.000648403	12338	0.868159	FALSE	ORF1ab:cds-YP_009724389.1	CTC	L	CCC	P	815
NC_045512.2	2709	T	C	12320	5205	53	8	8	33	0.000648403	12338	0.868159	FALSE	ORF1ab:cds-YP_009725295.1	CTC	L	CCC	P	815
NC_045512.2	2709	T	A	12320	5205	53	6	6	38	0.000486302	12338	0.951744	FALSE	ORF1ab:cds-YP_009724389.1	CTC	L	CAC	H	815
NC_045512.2	2709	T	A	12320	5205	53	6	6	38	0.000486302	12338	0.951744	FALSE	ORF1ab:cds-YP_009725295.1	CTC	L	CAC	H	815
NC_045512.2	2710	C	T	12420	5239	53	4	4	34	0.000321724	12433	0.989349	FALSE	ORF1ab:cds-YP_009724389.1	CTC	L	CTT	L	815
NC_045512.2	2710	C	T	12420	5239	53	4	4	34	0.000321724	12433	0.989349	FALSE	ORF1ab:cds-YP_009725295.1	CTC	L	CTT	L	815
NC_045512.2	2710	C	G	12420	5239	53	1	0	34	8.04311e-05	12433	0.999878	FALSE	ORF1ab:cds-YP_009724389.1	CTC	L	CTG	L	815
NC_045512.2	2710	C	G	12420	5239	53	1	0	34	8.04311e-05	12433	0.999878	FALSE	ORF1ab:cds-YP_009725295.1	CTC	L	CTG	L	815
NC_045512.2	2710	C	A	12420	5239	53	8	8	33	0.000643449	12433	0.868354	FALSE	ORF1ab:cds-YP_009724389.1	CTC	L	CTA	L	815
NC_045512.2	2710	C	A	12420	5239	53	8	8	33	0.000643449	12433	0.868354	FALSE	ORF1ab:cds-YP_009725295.1	CTC	L	CTA	L	815
NC_045512.2	2711	A	T	12227	5227	53	1	1	34	8.1706e-05	12239	0.999878	FALSE	ORF1ab:cds-YP_009724389.1	AAA	K	TAA	*	816
NC_045512.2	2711	A	T	12227	5227	53	1	1	34	8.1706e-05	12239	0.999878	FALSE	ORF1ab:cds-YP_009725295.1	AAA	K	TAA	*	816
NC_045512.2	2711	A	G	12227	5227	53	1	1	68	8.1706e-05	12239	0.499796	FALSE	ORF1ab:cds-YP_009724389.1	AAA	K	GAA	E	816
NC_045512.2	2711	A	G	12227	5227	53	1	1	68	8.1706e-05	12239	0.499796	FALSE	ORF1ab:cds-YP_009725295.1	AAA	K	GAA	E	816
NC_045512.2	2711	A	C	12227	5227	53	10	10	31	0.00081706	12239	0.738298	FALSE	ORF1ab:cds-YP_009724389.1	AAA	K	CAA	Q	816
NC_045512.2	2711	A	C	12227	5227	53	10	10	31	0.00081706	12239	0.738298	FALSE	ORF1ab:cds-YP_009725295.1	AAA	K	CAA	Q	816
NC_045512.2	2712	A	T	12218	5233	52	6	6	34	0.000490517	12232	0.951813	FALSE	ORF1ab:cds-YP_009724389.1	AAA	K	ATA	I	816
NC_045512.2	2712	A	T	12218	5233	52	6	6	34	0.000490517	12232	0.951813	FALSE	ORF1ab:cds-YP_009725295.1	AAA	K	ATA	I	816
NC_045512.2	2712	A	G	12218	5233	52	5	4	40	0.000408764	12232	0.109193	FALSE	ORF1ab:cds-YP_009724389.1	AAA	K	AGA	R	816
NC_045512.2	2712	A	G	12218	5233	52	5	4	40	0.000408764	12232	0.109193	FALSE	ORF1ab:cds-YP_009725295.1	AAA	K	AGA	R	816
NC_045512.2	2712	A	C	12218	5233	52	3	3	34	0.000245258	12232	0.996299	FALSE	ORF1ab:cds-YP_009724389.1	AAA	K	ACA	T	816
NC_045512.2	2712	A	C	12218	5233	52	3	3	34	0.000245258	12232	0.996299	FALSE	ORF1ab:cds-YP_009725295.1	AAA	K	ACA	T	816
NC_045512.2	2713	A	T	11605	5220	49	2	2	34	0.000172147	11618	0.998287	FALSE	ORF1ab:cds-YP_009724389.1	AAA	K	AAT	N	816
NC_045512.2	2713	A	T	11605	5220	49	2	2	34	0.000172147	11618	0.998287	FALSE	ORF1ab:cds-YP_009725295.1	AAA	K	AAT	N	816
NC_045512.2	2713	A	G	11605	5220	49	3	1	46	0.00025822	11618	0.312193	FALSE	ORF1ab:cds-YP_009724389.1	AAA	K	AAG	K	816
NC_045512.2	2713	A	G	11605	5220	49	3	1	46	0.00025822	11618	0.312193	FALSE	ORF1ab:cds-YP_009725295.1	AAA	K	AAG	K	816
NC_045512.2	2713	A	C	11605	5220	49	8	7	30	0.000688587	11618	0.820259	FALSE	ORF1ab:cds-YP_009724389.1	AAA	K	AAC	N	816
NC_045512.2	2713	A	C	11605	5220	49	8	7	30	0.000688587	11618	0.820259	FALSE	ORF1ab:cds-YP_009725295.1	AAA	K	AAC	N	816
NC_045512.2	2714	G	T	12388	5317	53	2	2	34	0.000161277	12401	0.999082	FALSE	ORF1ab:cds-YP_009724389.1	GGC	G	TGC	C	817
NC_045512.2	2714	G	T	12388	5317	53	2	2	34	0.000161277	12401	0.999082	FALSE	ORF1ab:cds-YP_009725295.1	GGC	G	TGC	C	817
NC_045512.2	2714	G	C	12388	5317	53	1	1	27	8.06387e-05	12401	1	FALSE	ORF1ab:cds-YP_009724389.1	GGC	G	CGC	R	817
NC_045512.2	2714	G	C	12388	5317	53	1	1	27	8.06387e-05	12401	1	FALSE	ORF1ab:cds-YP_009725295.1	GGC	G	CGC	R	817
NC_045512.2	2714	G	A	12388	5317	53	10	10	31	0.000806387	12401	0.738235	FALSE	ORF1ab:cds-YP_009724389.1	GGC	G	AGC	S	817
NC_045512.2	2714	G	A	12388	5317	53	10	10	31	0.000806387	12401	0.738235	FALSE	ORF1ab:cds-YP_009725295.1	GGC	G	AGC	S	817
NC_045512.2	2715	G	T	12417	5343	53	2	2	26	0.000160927	12428	1	FALSE	ORF1ab:cds-YP_009724389.1	GGC	G	GTC	V	817
NC_045512.2	2715	G	T	12417	5343	53	2	2	26	0.000160927	12428	1	FALSE	ORF1ab:cds-YP_009725295.1	GGC	G	GTC	V	817
NC_045512.2	2715	G	C	12417	5343	53	3	3	31	0.00024139	12428	0.996304	FALSE	ORF1ab:cds-YP_009724389.1	GGC	G	GCC	A	817
NC_045512.2	2715	G	C	12417	5343	53	3	3	31	0.00024139	12428	0.996304	FALSE	ORF1ab:cds-YP_009725295.1	GGC	G	GCC	A	817
NC_045512.2	2715	G	A	12417	5343	53	6	6	32	0.000482781	12428	0.951865	FALSE	ORF1ab:cds-YP_009724389.1	GGC	G	GAC	D	817
NC_045512.2	2715	G	A	12417	5343	53	6	6	32	0.000482781	12428	0.951865	FALSE	ORF1ab:cds-YP_009725295.1	GGC	G	GAC	D	817
NC_045512.2	2716	C	T	12382	5381	53	2	1	34	0.000161303	12399	0.999081	FALSE	ORF1ab:cds-YP_009724389.1	GGC	G	GGT	G	817
NC_045512.2	2716	C	T	12382	5381	53	2	1	34	0.000161303	12399	0.999081	FALSE	ORF1ab:cds-YP_009725295.1	GGC	G	GGT	G	817
NC_045512.2	2716	C	G	12382	5381	53	5	4	32	0.000403258	12399	0.975412	FALSE	ORF1ab:cds-YP_009724389.1	GGC	G	GGG	G	817
NC_045512.2	2716	C	G	12382	5381	53	5	4	32	0.000403258	12399	0.975412	FALSE	ORF1ab:cds-YP_009725295.1	GGC	G	GGG	G	817
NC_045512.2	2716	C	A	12382	5381	53	10	10	33	0.000806517	12399	0.737986	FALSE	ORF1ab:cds-YP_009724389.1	GGC	G	GGA	G	817
NC_045512.2	2716	C	A	12382	5381	53	10	10	33	0.000806517	12399	0.737986	FALSE	ORF1ab:cds-YP_009725295.1	GGC	G	GGA	G	817
NC_045512.2	2717	G	T	11670	4773	53	2	1	51	0.000171189	11683	0.249775	FALSE	ORF1ab:cds-YP_009724389.1	GGT	G	TGT	C	818
NC_045512.2	2717	G	T	11670	4773	53	2	1	51	0.000171189	11683	0.249775	FALSE	ORF1ab:cds-YP_009725295.1	GGT	G	TGT	C	818
NC_045512.2	2717	G	C	11670	4773	53	6	6	32	0.000513567	11683	0.928196	FALSE	ORF1ab:cds-YP_009724389.1	GGT	G	CGT	R	818
NC_045512.2	2717	G	C	11670	4773	53	6	6	32	0.000513567	11683	0.928196	FALSE	ORF1ab:cds-YP_009725295.1	GGT	G	CGT	R	818
NC_045512.2	2717	G	A	11670	4773	53	5	4	32	0.000427972	11683	0.961544	FALSE	ORF1ab:cds-YP_009724389.1	GGT	G	AGT	S	818
NC_045512.2	2717	G	A	11670	4773	53	5	4	32	0.000427972	11683	0.961544	FALSE	ORF1ab:cds-YP_009725295.1	GGT	G	AGT	S	818
NC_045512.2	2718	G	T	11764	5045	54	3	3	34	0.000254799	11774	0.993526	FALSE	ORF1ab:cds-YP_009724389.1	GGT	G	GTT	V	818
NC_045512.2	2718	G	T	11764	5045	54	3	3	34	0.000254799	11774	0.993526	FALSE	ORF1ab:cds-YP_009725295.1	GGT	G	GTT	V	818
NC_045512.2	2718	G	C	11764	5045	54	2	2	34	0.000169866	11774	0.998289	FALSE	ORF1ab:cds-YP_009724389.1	GGT	G	GCT	A	818
NC_045512.2	2718	G	C	11764	5045	54	2	2	34	0.000169866	11774	0.998289	FALSE	ORF1ab:cds-YP_009725295.1	GGT	G	GCT	A	818
NC_045512.2	2718	G	A	11764	5045	54	5	5	34	0.000424665	11774	0.961587	FALSE	ORF1ab:cds-YP_009724389.1	GGT	G	GAT	D	818
NC_045512.2	2718	G	A	11764	5045	54	5	5	34	0.000424665	11774	0.961587	FALSE	ORF1ab:cds-YP_009725295.1	GGT	G	GAT	D	818
NC_045512.2	2719	T	G	11702	5005	54	3	3	34	0.000256038	11717	0.993512	FALSE	ORF1ab:cds-YP_009724389.1	GGT	G	GGG	G	818
NC_045512.2	2719	T	G	11702	5005	54	3	3	34	0.000256038	11717	0.993512	FALSE	ORF1ab:cds-YP_009725295.1	GGT	G	GGG	G	818
NC_045512.2	2719	T	C	11702	5005	54	8	4	44	0.000682769	11717	0.0194773	FALSE	ORF1ab:cds-YP_009724389.1	GGT	G	GGC	G	818
NC_045512.2	2719	T	C	11702	5005	54	8	4	44	0.000682769	11717	0.0194773	FALSE	ORF1ab:cds-YP_009725295.1	GGT	G	GGC	G	818
NC_045512.2	2719	T	A	11702	5005	54	4	4	34	0.000341384	11717	0.982379	FALSE	ORF1ab:cds-YP_009724389.1	GGT	G	GGA	G	818
NC_045512.2	2719	T	A	11702	5005	54	4	4	34	0.000341384	11717	0.982379	FALSE	ORF1ab:cds-YP_009725295.1	GGT	G	GGA	G	818
NC_045512.2	2720	G	T	11636	5196	53	5	5	34	0.000429406	11644	0.961615	FALSE	ORF1ab:cds-YP_009724389.1	GCA	A	TCA	S	819
NC_045512.2	2720	G	T	11636	5196	53	5	5	34	0.000429406	11644	0.961615	FALSE	ORF1ab:cds-YP_009725295.1	GCA	A	TCA	S	819
NC_045512.2	2720	G	C	11636	5196	53	1	1	26	8.58811e-05	11644	1	FALSE	ORF1ab:cds-YP_009724389.1	GCA	A	CCA	P	819
NC_045512.2	2720	G	C	11636	5196	53	1	1	26	8.58811e-05	11644	1	FALSE	ORF1ab:cds-YP_009725295.1	GCA	A	CCA	P	819
NC_045512.2	2720	G	A	11636	5196	53	2	2	34	0.000171762	11644	0.998291	FALSE	ORF1ab:cds-YP_009724389.1	GCA	A	ACA	T	819
NC_045512.2	2720	G	A	11636	5196	53	2	2	34	0.000171762	11644	0.998291	FALSE	ORF1ab:cds-YP_009725295.1	GCA	A	ACA	T	819
NC_045512.2	2721	C	T	11682	5296	53	5	3	34	0.000427387	11699	0.961487	FALSE	ORF1ab:cds-YP_009724389.1	GCA	A	GTA	V	819
NC_045512.2	2721	C	T	11682	5296	53	5	3	34	0.000427387	11699	0.961487	FALSE	ORF1ab:cds-YP_009725295.1	GCA	A	GTA	V	819
NC_045512.2	2721	C	G	11682	5296	53	8	8	34	0.000683819	11699	0.820062	FALSE	ORF1ab:cds-YP_009724389.1	GCA	A	GGA	G	819
NC_045512.2	2721	C	G	11682	5296	53	8	8	34	0.000683819	11699	0.820062	FALSE	ORF1ab:cds-YP_009725295.1	GCA	A	GGA	G	819
NC_045512.2	2721	C	A	11682	5296	53	4	4	34	0.00034191	11699	0.982365	FALSE	ORF1ab:cds-YP_009724389.1	GCA	A	GAA	E	819
NC_045512.2	2721	C	A	11682	5296	53	4	4	34	0.00034191	11699	0.982365	FALSE	ORF1ab:cds-YP_009725295.1	GCA	A	GAA	E	819
NC_045512.2	2722	A	T	11721	5312	53	5	4	39	0.000426185	11732	0.961572	FALSE	ORF1ab:cds-YP_009724389.1	GCA	A	GCT	A	819
NC_045512.2	2722	A	T	11721	5312	53	5	4	39	0.000426185	11732	0.961572	FALSE	ORF1ab:cds-YP_009725295.1	GCA	A	GCT	A	819
NC_045512.2	2722	A	G	11721	5312	53	1	1	34	8.5237e-05	11732	0.999755	FALSE	ORF1ab:cds-YP_009724389.1	GCA	A	GCG	A	819
NC_045512.2	2722	A	G	11721	5312	53	1	1	34	8.5237e-05	11732	0.999755	FALSE	ORF1ab:cds-YP_009725295.1	GCA	A	GCG	A	819
NC_045512.2	2722	A	C	11721	5312	53	5	5	34	0.000426185	11732	0.961572	FALSE	ORF1ab:cds-YP_009724389.1	GCA	A	GCC	A	819
NC_045512.2	2722	A	C	11721	5312	53	5	5	34	0.000426185	11732	0.961572	FALSE	ORF1ab:cds-YP_009725295.1	GCA	A	GCC	A	819
NC_045512.2	2722	A	-C	11721	5312	53	1	0	20	8.5237e-05	11732	1	FALSE	NA	NA	NA	NA	NA	NA
NC_045512.2	2723	C	T	11764	5365	53	3	3	34	0.000254669	11780	0.993506	FALSE	ORF1ab:cds-YP_009724389.1	CCA	P	TCA	S	820
NC_045512.2	2723	C	T	11764	5365	53	3	3	34	0.000254669	11780	0.993506	FALSE	ORF1ab:cds-YP_009725295.1	CCA	P	TCA	S	820
NC_045512.2	2723	C	G	11764	5365	53	8	6	32	0.000679117	11780	0.820064	FALSE	ORF1ab:cds-YP_009724389.1	CCA	P	GCA	A	820
NC_045512.2	2723	C	G	11764	5365	53	8	6	32	0.000679117	11780	0.820064	FALSE	ORF1ab:cds-YP_009725295.1	CCA	P	GCA	A	820
NC_045512.2	2723	C	A	11764	5365	53	5	5	32	0.000424448	11780	0.961487	FALSE	ORF1ab:cds-YP_009724389.1	CCA	P	ACA	T	820
NC_045512.2	2723	C	A	11764	5365	53	5	5	32	0.000424448	11780	0.961487	FALSE	ORF1ab:cds-YP_009725295.1	CCA	P	ACA	T	820
NC_045512.2	2724	C	T	11812	5411	53	4	4	34	0.000338381	11821	0.982422	FALSE	ORF1ab:cds-YP_009724389.1	CCA	P	CTA	L	820
NC_045512.2	2724	C	T	11812	5411	53	4	4	34	0.000338381	11821	0.982422	FALSE	ORF1ab:cds-YP_009725295.1	CCA	P	CTA	L	820
NC_045512.2	2724	C	G	11812	5411	53	3	3	34	0.000253786	11821	0.993529	FALSE	ORF1ab:cds-YP_009724389.1	CCA	P	CGA	R	820
NC_045512.2	2724	C	G	11812	5411	53	3	3	34	0.000253786	11821	0.993529	FALSE	ORF1ab:cds-YP_009725295.1	CCA	P	CGA	R	820
NC_045512.2	2724	C	A	11812	5411	53	2	2	34	0.00016919	11821	0.99829	FALSE	ORF1ab:cds-YP_009724389.1	CCA	P	CAA	Q	820
NC_045512.2	2724	C	A	11812	5411	53	2	2	34	0.00016919	11821	0.99829	FALSE	ORF1ab:cds-YP_009725295.1	CCA	P	CAA	Q	820
NC_045512.2	2724	C	-A	11812	5411	53	1	0	20	8.45952e-05	11821	1	FALSE	NA	NA	NA	NA	NA	NA
NC_045512.2	2725	A	T	11888	5473	54	3	3	34	0.000252037	11903	0.993509	FALSE	ORF1ab:cds-YP_009724389.1	CCA	P	CCT	P	820
NC_045512.2	2725	A	T	11888	5473	54	3	3	34	0.000252037	11903	0.993509	FALSE	ORF1ab:cds-YP_009725295.1	CCA	P	CCT	P	820
NC_045512.2	2725	A	G	11888	5473	54	7	6	38	0.000588087	11903	0.880861	FALSE	ORF1ab:cds-YP_009724389.1	CCA	P	CCG	P	820
NC_045512.2	2725	A	G	11888	5473	54	7	6	38	0.000588087	11903	0.880861	FALSE	ORF1ab:cds-YP_009725295.1	CCA	P	CCG	P	820
NC_045512.2	2725	A	C	11888	5473	54	5	5	34	0.000420062	11903	0.961502	FALSE	ORF1ab:cds-YP_009724389.1	CCA	P	CCC	P	820
NC_045512.2	2725	A	C	11888	5473	54	5	5	34	0.000420062	11903	0.961502	FALSE	ORF1ab:cds-YP_009725295.1	CCA	P	CCC	P	820
NC_045512.2	2726	A	T	11714	5498	52	4	4	32	0.000341151	11725	0.982408	FALSE	ORF1ab:cds-YP_009724389.1	ACA	T	TCA	S	821
NC_045512.2	2726	A	T	11714	5498	52	4	4	32	0.000341151	11725	0.982408	FALSE	ORF1ab:cds-YP_009725295.1	ACA	T	TCA	S	821
NC_045512.2	2726	A	G	11714	5498	52	2	1	51	0.000170576	11725	0.249819	FALSE	ORF1ab:cds-YP_009724389.1	ACA	T	GCA	A	821
NC_045512.2	2726	A	G	11714	5498	52	2	1	51	0.000170576	11725	0.249819	FALSE	ORF1ab:cds-YP_009725295.1	ACA	T	GCA	A	821
NC_045512.2	2726	A	C	11714	5498	52	5	4	40	0.000426439	11725	0.109245	FALSE	ORF1ab:cds-YP_009724389.1	ACA	T	CCA	P	821
NC_045512.2	2726	A	C	11714	5498	52	5	4	40	0.000426439	11725	0.109245	FALSE	ORF1ab:cds-YP_009725295.1	ACA	T	CCA	P	821
NC_045512.2	2727	C	T	11842	5492	53	1	1	34	8.43739e-05	11852	0.999756	FALSE	ORF1ab:cds-YP_009724389.1	ACA	T	ATA	I	821
NC_045512.2	2727	C	T	11842	5492	53	1	1	34	8.43739e-05	11852	0.999756	FALSE	ORF1ab:cds-YP_009725295.1	ACA	T	ATA	I	821
NC_045512.2	2727	C	G	11842	5492	53	1	1	34	8.43739e-05	11852	0.999756	FALSE	ORF1ab:cds-YP_009724389.1	ACA	T	AGA	R	821
NC_045512.2	2727	C	G	11842	5492	53	1	1	34	8.43739e-05	11852	0.999756	FALSE	ORF1ab:cds-YP_009725295.1	ACA	T	AGA	R	821
NC_045512.2	2727	C	A	11842	5492	53	8	8	32	0.000674992	11852	0.820407	FALSE	ORF1ab:cds-YP_009724389.1	ACA	T	AAA	K	821
NC_045512.2	2727	C	A	11842	5492	53	8	8	32	0.000674992	11852	0.820407	FALSE	ORF1ab:cds-YP_009725295.1	ACA	T	AAA	K	821
NC_045512.2	2728	A	T	11767	5479	53	1	1	34	8.48896e-05	11780	0.999755	FALSE	ORF1ab:cds-YP_009724389.1	ACA	T	ACT	T	821
NC_045512.2	2728	A	T	11767	5479	53	1	1	34	8.48896e-05	11780	0.999755	FALSE	ORF1ab:cds-YP_009725295.1	ACA	T	ACT	T	821
NC_045512.2	2728	A	G	11767	5479	53	4	4	42	0.000339559	11780	0.187261	FALSE	ORF1ab:cds-YP_009724389.1	ACA	T	ACG	T	821
NC_045512.2	2728	A	G	11767	5479	53	4	4	42	0.000339559	11780	0.187261	FALSE	ORF1ab:cds-YP_009725295.1	ACA	T	ACG	T	821
NC_045512.2	2728	A	C	11767	5479	53	8	8	33	0.000679117	11780	0.82026	FALSE	ORF1ab:cds-YP_009724389.1	ACA	T	ACC	T	821
NC_045512.2	2728	A	C	11767	5479	53	8	8	33	0.000679117	11780	0.82026	FALSE	ORF1ab:cds-YP_009725295.1	ACA	T	ACC	T	821
NC_045512.2	2729	A	T	11767	5455	53	3	3	34	0.000254712	11778	0.993523	FALSE	ORF1ab:cds-YP_009724389.1	AAG	K	TAG	*	822
NC_045512.2	2729	A	T	11767	5455	53	3	3	34	0.000254712	11778	0.993523	FALSE	ORF1ab:cds-YP_009725295.1	AAG	K	TAG	*	822
NC_045512.2	2729	A	G	11767	5455	53	2	1	51	0.000169808	11778	0.24982	FALSE	ORF1ab:cds-YP_009724389.1	AAG	K	GAG	E	822
NC_045512.2	2729	A	G	11767	5455	53	2	1	51	0.000169808	11778	0.24982	FALSE	ORF1ab:cds-YP_009725295.1	AAG	K	GAG	E	822
NC_045512.2	2729	A	C	11767	5455	53	6	6	32	0.000509424	11778	0.928244	FALSE	ORF1ab:cds-YP_009724389.1	AAG	K	CAG	Q	822
NC_045512.2	2729	A	C	11767	5455	53	6	6	32	0.000509424	11778	0.928244	FALSE	ORF1ab:cds-YP_009725295.1	AAG	K	CAG	Q	822
NC_045512.2	2730	A	T	11487	5447	50	4	4	30	0.000347856	11499	0.9824	FALSE	ORF1ab:cds-YP_009724389.1	AAG	K	ATG	M	822
NC_045512.2	2730	A	T	11487	5447	50	4	4	30	0.000347856	11499	0.9824	FALSE	ORF1ab:cds-YP_009725295.1	AAG	K	ATG	M	822
NC_045512.2	2730	A	G	11487	5447	50	2	2	34	0.000173928	11499	0.998288	FALSE	ORF1ab:cds-YP_009724389.1	AAG	K	AGG	R	822
NC_045512.2	2730	A	G	11487	5447	50	2	2	34	0.000173928	11499	0.998288	FALSE	ORF1ab:cds-YP_009725295.1	AAG	K	AGG	R	822
NC_045512.2	2730	A	C	11487	5447	50	6	5	30	0.000521785	11499	0.928219	FALSE	ORF1ab:cds-YP_009724389.1	AAG	K	ACG	T	822
NC_045512.2	2730	A	C	11487	5447	50	6	5	30	0.000521785	11499	0.928219	FALSE	ORF1ab:cds-YP_009725295.1	AAG	K	ACG	T	822
NC_045512.2	2731	G	T	12077	5513	53	4	4	34	0.00033077	12093	0.989335	FALSE	ORF1ab:cds-YP_009724389.1	AAG	K	AAT	N	822
NC_045512.2	2731	G	T	12077	5513	53	4	4	34	0.00033077	12093	0.989335	FALSE	ORF1ab:cds-YP_009725295.1	AAG	K	AAT	N	822
NC_045512.2	2731	G	C	12077	5513	53	2	2	34	0.000165385	12093	0.999081	FALSE	ORF1ab:cds-YP_009724389.1	AAG	K	AAC	N	822
NC_045512.2	2731	G	C	12077	5513	53	2	2	34	0.000165385	12093	0.999081	FALSE	ORF1ab:cds-YP_009725295.1	AAG	K	AAC	N	822
NC_045512.2	2731	G	A	12077	5513	53	10	10	31	0.000826925	12093	0.738043	FALSE	ORF1ab:cds-YP_009724389.1	AAG	K	AAA	K	822
NC_045512.2	2731	G	A	12077	5513	53	10	10	31	0.000826925	12093	0.738043	FALSE	ORF1ab:cds-YP_009725295.1	AAG	K	AAA	K	822
NC_045512.2	2732	G	T	12061	5559	53	5	4	34	0.000414147	12073	0.97546	FALSE	ORF1ab:cds-YP_009724389.1	GTT	V	TTT	F	823
NC_045512.2	2732	G	T	12061	5559	53	5	4	34	0.000414147	12073	0.97546	FALSE	ORF1ab:cds-YP_009725295.1	GTT	V	TTT	F	823
NC_045512.2	2732	G	C	12061	5559	53	1	1	34	8.28295e-05	12073	0.999878	FALSE	ORF1ab:cds-YP_009724389.1	GTT	V	CTT	L	823
NC_045512.2	2732	G	C	12061	5559	53	1	1	34	8.28295e-05	12073	0.999878	FALSE	ORF1ab:cds-YP_009725295.1	GTT	V	CTT	L	823
NC_045512.2	2732	G	A	12061	5559	53	6	6	31	0.000496977	12073	0.951847	FALSE	ORF1ab:cds-YP_009724389.1	GTT	V	ATT	I	823
NC_045512.2	2732	G	A	12061	5559	53	6	6	31	0.000496977	12073	0.951847	FALSE	ORF1ab:cds-YP_009725295.1	GTT	V	ATT	I	823
NC_045512.2	2733	T	G	11927	5459	53	6	6	32	0.000502386	11943	0.928126	FALSE	ORF1ab:cds-YP_009724389.1	GTT	V	GGT	G	823
NC_045512.2	2733	T	G	11927	5459	53	6	6	32	0.000502386	11943	0.928126	FALSE	ORF1ab:cds-YP_009725295.1	GTT	V	GGT	G	823
NC_045512.2	2733	T	C	11927	5459	53	5	4	32	0.000418655	11943	0.961503	FALSE	ORF1ab:cds-YP_009724389.1	GTT	V	GCT	A	823
NC_045512.2	2733	T	C	11927	5459	53	5	4	32	0.000418655	11943	0.961503	FALSE	ORF1ab:cds-YP_009725295.1	GTT	V	GCT	A	823
NC_045512.2	2733	T	A	11927	5459	53	5	5	34	0.000418655	11943	0.961503	FALSE	ORF1ab:cds-YP_009724389.1	GTT	V	GAT	D	823
NC_045512.2	2733	T	A	11927	5459	53	5	5	34	0.000418655	11943	0.961503	FALSE	ORF1ab:cds-YP_009725295.1	GTT	V	GAT	D	823
NC_045512.2	2734	T	G	11888	5435	53	5	5	30	0.000420168	11900	0.961559	FALSE	ORF1ab:cds-YP_009724389.1	GTT	V	GTG	V	823
NC_045512.2	2734	T	G	11888	5435	53	5	5	30	0.000420168	11900	0.961559	FALSE	ORF1ab:cds-YP_009725295.1	GTT	V	GTG	V	823
NC_045512.2	2734	T	C	11888	5435	53	3	3	31	0.000252101	11900	0.99352	FALSE	ORF1ab:cds-YP_009724389.1	GTT	V	GTC	V	823
NC_045512.2	2734	T	C	11888	5435	53	3	3	31	0.000252101	11900	0.99352	FALSE	ORF1ab:cds-YP_009725295.1	GTT	V	GTC	V	823
NC_045512.2	2734	T	A	11888	5435	53	4	4	34	0.000336134	11900	0.982401	FALSE	ORF1ab:cds-YP_009724389.1	GTT	V	GTA	V	823
NC_045512.2	2734	T	A	11888	5435	53	4	4	34	0.000336134	11900	0.982401	FALSE	ORF1ab:cds-YP_009725295.1	GTT	V	GTA	V	823
NC_045512.2	2735	A	T	11806	5466	52	5	5	32	0.000423083	11818	0.961558	FALSE	ORF1ab:cds-YP_009724389.1	ACT	T	TCT	S	824
NC_045512.2	2735	A	T	11806	5466	52	5	5	32	0.000423083	11818	0.961558	FALSE	ORF1ab:cds-YP_009725295.1	ACT	T	TCT	S	824
NC_045512.2	2735	A	G	11806	5466	52	5	5	40	0.000423083	11818	0.109226	FALSE	ORF1ab:cds-YP_009724389.1	ACT	T	GCT	A	824
NC_045512.2	2735	A	G	11806	5466	52	5	5	40	0.000423083	11818	0.109226	FALSE	ORF1ab:cds-YP_009725295.1	ACT	T	GCT	A	824
NC_045512.2	2735	A	C	11806	5466	52	2	2	34	0.000169233	11818	0.998288	FALSE	ORF1ab:cds-YP_009724389.1	ACT	T	CCT	P	824
NC_045512.2	2735	A	C	11806	5466	52	2	2	34	0.000169233	11818	0.998288	FALSE	ORF1ab:cds-YP_009725295.1	ACT	T	CCT	P	824
NC_045512.2	2736	C	T	12018	5651	53	7	6	36	0.00058183	12031	0.91641	FALSE	ORF1ab:cds-YP_009724389.1	ACT	T	ATT	I	824
NC_045512.2	2736	C	T	12018	5651	53	7	6	36	0.00058183	12031	0.91641	FALSE	ORF1ab:cds-YP_009725295.1	ACT	T	ATT	I	824
NC_045512.2	2736	C	G	12018	5651	53	3	2	29	0.000249356	12031	1	FALSE	ORF1ab:cds-YP_009724389.1	ACT	T	AGT	S	824
NC_045512.2	2736	C	G	12018	5651	53	3	2	29	0.000249356	12031	1	FALSE	ORF1ab:cds-YP_009725295.1	ACT	T	AGT	S	824
NC_045512.2	2736	C	A	12018	5651	53	3	3	34	0.000249356	12031	0.9963	FALSE	ORF1ab:cds-YP_009724389.1	ACT	T	AAT	N	824
NC_045512.2	2736	C	A	12018	5651	53	3	3	34	0.000249356	12031	0.9963	FALSE	ORF1ab:cds-YP_009725295.1	ACT	T	AAT	N	824
NC_045512.2	2737	T	C	12064	5696	53	7	7	32	0.000579806	12073	0.916522	FALSE	ORF1ab:cds-YP_009724389.1	ACT	T	ACC	T	824
NC_045512.2	2737	T	C	12064	5696	53	7	7	32	0.000579806	12073	0.916522	FALSE	ORF1ab:cds-YP_009725295.1	ACT	T	ACC	T	824
NC_045512.2	2737	T	A	12064	5696	53	2	2	34	0.000165659	12073	0.999084	FALSE	ORF1ab:cds-YP_009724389.1	ACT	T	ACA	T	824
NC_045512.2	2737	T	A	12064	5696	53	2	2	34	0.000165659	12073	0.999084	FALSE	ORF1ab:cds-YP_009725295.1	ACT	T	ACA	T	824
NC_045512.2	2738	T	G	12017	5715	53	2	2	30	0.000166293	12027	0.999084	FALSE	ORF1ab:cds-YP_009724389.1	TTT	F	GTT	V	825
NC_045512.2	2738	T	G	12017	5715	53	2	2	30	0.000166293	12027	0.999084	FALSE	ORF1ab:cds-YP_009725295.1	TTT	F	GTT	V	825
NC_045512.2	2738	T	A	12017	5715	53	8	8	33	0.00066517	12027	0.868472	FALSE	ORF1ab:cds-YP_009724389.1	TTT	F	ATT	I	825
NC_045512.2	2738	T	A	12017	5715	53	8	8	33	0.00066517	12027	0.868472	FALSE	ORF1ab:cds-YP_009725295.1	TTT	F	ATT	I	825
NC_045512.2	2739	T	C	11975	5646	53	5	5	39	0.000417153	11986	0.961573	FALSE	ORF1ab:cds-YP_009724389.1	TTT	F	TCT	S	825
NC_045512.2	2739	T	C	11975	5646	53	5	5	39	0.000417153	11986	0.961573	FALSE	ORF1ab:cds-YP_009725295.1	TTT	F	TCT	S	825
NC_045512.2	2739	T	A	11975	5646	53	6	6	34	0.000500584	11986	0.928245	FALSE	ORF1ab:cds-YP_009724389.1	TTT	F	TAT	Y	825
NC_045512.2	2739	T	A	11975	5646	53	6	6	34	0.000500584	11986	0.928245	FALSE	ORF1ab:cds-YP_009725295.1	TTT	F	TAT	Y	825
NC_045512.2	2740	T	G	11889	5607	54	1	1	34	8.40619e-05	11896	0.999756	FALSE	ORF1ab:cds-YP_009724389.1	TTT	F	TTG	L	825
NC_045512.2	2740	T	G	11889	5607	54	1	1	34	8.40619e-05	11896	0.999756	FALSE	ORF1ab:cds-YP_009725295.1	TTT	F	TTG	L	825
NC_045512.2	2740	T	C	11889	5607	54	1	1	34	8.40619e-05	11896	0.999756	FALSE	ORF1ab:cds-YP_009724389.1	TTT	F	TTC	F	825
NC_045512.2	2740	T	C	11889	5607	54	1	1	34	8.40619e-05	11896	0.999756	FALSE	ORF1ab:cds-YP_009725295.1	TTT	F	TTC	F	825
NC_045512.2	2740	T	A	11889	5607	54	5	5	32	0.000420309	11896	0.961629	FALSE	ORF1ab:cds-YP_009724389.1	TTT	F	TTA	L	825
NC_045512.2	2740	T	A	11889	5607	54	5	5	32	0.000420309	11896	0.961629	FALSE	ORF1ab:cds-YP_009725295.1	TTT	F	TTA	L	825
NC_045512.2	2741	G	T	12042	5604	53	10	10	33	0.000829325	12058	0.738043	FALSE	ORF1ab:cds-YP_009724389.1	GGT	G	TGT	C	826
NC_045512.2	2741	G	T	12042	5604	53	10	10	33	0.000829325	12058	0.738043	FALSE	ORF1ab:cds-YP_009725295.1	GGT	G	TGT	C	826
NC_045512.2	2741	G	C	12042	5604	53	2	2	34	0.000165865	12058	0.999081	FALSE	ORF1ab:cds-YP_009724389.1	GGT	G	CGT	R	826
NC_045512.2	2741	G	C	12042	5604	53	2	2	34	0.000165865	12058	0.999081	FALSE	ORF1ab:cds-YP_009725295.1	GGT	G	CGT	R	826
NC_045512.2	2741	G	A	12042	5604	53	4	4	32	0.00033173	12058	0.989335	FALSE	ORF1ab:cds-YP_009724389.1	GGT	G	AGT	S	826
NC_045512.2	2741	G	A	12042	5604	53	4	4	32	0.00033173	12058	0.989335	FALSE	ORF1ab:cds-YP_009725295.1	GGT	G	AGT	S	826
NC_045512.2	2742	G	T	12101	5753	53	3	3	31	0.000247647	12114	0.9963	FALSE	ORF1ab:cds-YP_009724389.1	GGT	G	GTT	V	826
NC_045512.2	2742	G	T	12101	5753	53	3	3	31	0.000247647	12114	0.9963	FALSE	ORF1ab:cds-YP_009725295.1	GGT	G	GTT	V	826
NC_045512.2	2742	G	C	12101	5753	53	3	3	34	0.000247647	12114	0.9963	FALSE	ORF1ab:cds-YP_009724389.1	GGT	G	GCT	A	826
NC_045512.2	2742	G	C	12101	5753	53	3	3	34	0.000247647	12114	0.9963	FALSE	ORF1ab:cds-YP_009725295.1	GGT	G	GCT	A	826
NC_045512.2	2742	G	A	12101	5753	53	7	7	34	0.000577844	12114	0.91641	FALSE	ORF1ab:cds-YP_009724389.1	GGT	G	GAT	D	826
NC_045512.2	2742	G	A	12101	5753	53	7	7	34	0.000577844	12114	0.91641	FALSE	ORF1ab:cds-YP_009725295.1	GGT	G	GAT	D	826
NC_045512.2	2743	T	G	12146	5834	54	5	5	30	0.000411286	12157	0.975469	FALSE	ORF1ab:cds-YP_009724389.1	GGT	G	GGG	G	826
NC_045512.2	2743	T	G	12146	5834	54	5	5	30	0.000411286	12157	0.975469	FALSE	ORF1ab:cds-YP_009725295.1	GGT	G	GGG	G	826
NC_045512.2	2743	T	C	12146	5834	54	4	3	42	0.000329029	12157	0.18732	FALSE	ORF1ab:cds-YP_009724389.1	GGT	G	GGC	G	826
NC_045512.2	2743	T	C	12146	5834	54	4	3	42	0.000329029	12157	0.18732	FALSE	ORF1ab:cds-YP_009725295.1	GGT	G	GGC	G	826
NC_045512.2	2743	T	A	12146	5834	54	2	2	34	0.000164514	12157	0.999083	FALSE	ORF1ab:cds-YP_009724389.1	GGT	G	GGA	G	826
NC_045512.2	2743	T	A	12146	5834	54	2	2	34	0.000164514	12157	0.999083	FALSE	ORF1ab:cds-YP_009725295.1	GGT	G	GGA	G	826
NC_045512.2	2744	G	T	12144	5830	54	7	7	34	0.0005758	12157	0.91641	FALSE	ORF1ab:cds-YP_009724389.1	GAT	D	TAT	Y	827
NC_045512.2	2744	G	T	12144	5830	54	7	7	34	0.0005758	12157	0.91641	FALSE	ORF1ab:cds-YP_009725295.1	GAT	D	TAT	Y	827
NC_045512.2	2744	G	C	12144	5830	54	2	2	30	0.000164514	12157	0.999082	FALSE	ORF1ab:cds-YP_009724389.1	GAT	D	CAT	H	827
NC_045512.2	2744	G	C	12144	5830	54	2	2	30	0.000164514	12157	0.999082	FALSE	ORF1ab:cds-YP_009725295.1	GAT	D	CAT	H	827
NC_045512.2	2744	G	A	12144	5830	54	4	4	32	0.000329029	12157	0.989349	FALSE	ORF1ab:cds-YP_009724389.1	GAT	D	AAT	N	827
NC_045512.2	2744	G	A	12144	5830	54	4	4	32	0.000329029	12157	0.989349	FALSE	ORF1ab:cds-YP_009725295.1	GAT	D	AAT	N	827
NC_045512.2	2745	A	T	12036	5868	53	1	1	34	8.29738e-05	12052	0.999877	FALSE	ORF1ab:cds-YP_009724389.1	GAT	D	GTT	V	827
NC_045512.2	2745	A	T	12036	5868	53	1	1	34	8.29738e-05	12052	0.999877	FALSE	ORF1ab:cds-YP_009725295.1	GAT	D	GTT	V	827
NC_045512.2	2745	A	G	12036	5868	53	14	12	34	0.00116163	12052	0.422384	FALSE	ORF1ab:cds-YP_009724389.1	GAT	D	GGT	G	827
NC_045512.2	2745	A	G	12036	5868	53	14	12	34	0.00116163	12052	0.422384	FALSE	ORF1ab:cds-YP_009725295.1	GAT	D	GGT	G	827
NC_045512.2	2745	A	C	12036	5868	53	1	1	26	8.29738e-05	12052	1	FALSE	ORF1ab:cds-YP_009724389.1	GAT	D	GCT	A	827
NC_045512.2	2745	A	C	12036	5868	53	1	1	26	8.29738e-05	12052	1	FALSE	ORF1ab:cds-YP_009725295.1	GAT	D	GCT	A	827
NC_045512.2	2746	T	G	12044	5864	53	1	1	34	8.296e-05	12054	0.999878	FALSE	ORF1ab:cds-YP_009724389.1	GAT	D	GAG	E	827
NC_045512.2	2746	T	G	12044	5864	53	1	1	34	8.296e-05	12054	0.999878	FALSE	ORF1ab:cds-YP_009725295.1	GAT	D	GAG	E	827
NC_045512.2	2746	T	C	12044	5864	53	1	1	68	8.296e-05	12054	0.499834	FALSE	ORF1ab:cds-YP_009724389.1	GAT	D	GAC	D	827
NC_045512.2	2746	T	C	12044	5864	53	1	1	68	8.296e-05	12054	0.499834	FALSE	ORF1ab:cds-YP_009725295.1	GAT	D	GAC	D	827
NC_045512.2	2746	T	A	12044	5864	53	8	8	34	0.00066368	12054	0.868472	FALSE	ORF1ab:cds-YP_009724389.1	GAT	D	GAA	E	827
NC_045512.2	2746	T	A	12044	5864	53	8	8	34	0.00066368	12054	0.868472	FALSE	ORF1ab:cds-YP_009725295.1	GAT	D	GAA	E	827
NC_045512.2	2747	G	T	12047	5890	53	7	7	32	0.000580383	12061	0.916382	FALSE	ORF1ab:cds-YP_009724389.1	GAC	D	TAC	Y	828
NC_045512.2	2747	G	T	12047	5890	53	7	7	32	0.000580383	12061	0.916382	FALSE	ORF1ab:cds-YP_009725295.1	GAC	D	TAC	Y	828
NC_045512.2	2747	G	C	12047	5890	53	1	1	34	8.29119e-05	12061	0.999878	FALSE	ORF1ab:cds-YP_009724389.1	GAC	D	CAC	H	828
NC_045512.2	2747	G	C	12047	5890	53	1	1	34	8.29119e-05	12061	0.999878	FALSE	ORF1ab:cds-YP_009725295.1	GAC	D	CAC	H	828
NC_045512.2	2747	G	A	12047	5890	53	6	6	39	0.000497471	12061	0.951812	FALSE	ORF1ab:cds-YP_009724389.1	GAC	D	AAC	N	828
NC_045512.2	2747	G	A	12047	5890	53	6	6	39	0.000497471	12061	0.951812	FALSE	ORF1ab:cds-YP_009725295.1	GAC	D	AAC	N	828
NC_045512.2	2748	A	T	11992	5947	53	3	3	31	0.000249813	12009	0.996293	FALSE	ORF1ab:cds-YP_009724389.1	GAC	D	GTC	V	828
NC_045512.2	2748	A	T	11992	5947	53	3	3	31	0.000249813	12009	0.996293	FALSE	ORF1ab:cds-YP_009725295.1	GAC	D	GTC	V	828
NC_045512.2	2748	A	G	11992	5947	53	11	9	43	0.00091598	12009	0.0031611	TRUE	ORF1ab:cds-YP_009724389.1	GAC	D	GGC	G	828
NC_045512.2	2748	A	G	11992	5947	53	11	9	43	0.00091598	12009	0.0031611	TRUE	ORF1ab:cds-YP_009725295.1	GAC	D	GGC	G	828
NC_045512.2	2748	A	C	11992	5947	53	3	3	31	0.000249813	12009	0.996293	FALSE	ORF1ab:cds-YP_009724389.1	GAC	D	GCC	A	828
NC_045512.2	2748	A	C	11992	5947	53	3	3	31	0.000249813	12009	0.996293	FALSE	ORF1ab:cds-YP_009725295.1	GAC	D	GCC	A	828
NC_045512.2	2749	C	T	12142	6023	53	6	6	34	0.000493421	12160	0.951743	FALSE	ORF1ab:cds-YP_009724389.1	GAC	D	GAT	D	828
NC_045512.2	2749	C	T	12142	6023	53	6	6	34	0.000493421	12160	0.951743	FALSE	ORF1ab:cds-YP_009725295.1	GAC	D	GAT	D	828
NC_045512.2	2749	C	G	12142	6023	53	2	2	34	0.000164474	12160	0.99908	FALSE	ORF1ab:cds-YP_009724389.1	GAC	D	GAG	E	828
NC_045512.2	2749	C	G	12142	6023	53	2	2	34	0.000164474	12160	0.99908	FALSE	ORF1ab:cds-YP_009725295.1	GAC	D	GAG	E	828
NC_045512.2	2749	C	A	12142	6023	53	10	10	32	0.000822368	12160	0.737917	FALSE	ORF1ab:cds-YP_009724389.1	GAC	D	GAA	E	828
NC_045512.2	2749	C	A	12142	6023	53	10	10	32	0.000822368	12160	0.737917	FALSE	ORF1ab:cds-YP_009725295.1	GAC	D	GAA	E	828
NC_045512.2	2750	A	T	11920	5910	52	1	1	34	8.38012e-05	11933	0.999755	FALSE	ORF1ab:cds-YP_009724389.1	ACT	T	TCT	S	829
NC_045512.2	2750	A	T	11920	5910	52	1	1	34	8.38012e-05	11933	0.999755	FALSE	ORF1ab:cds-YP_009725295.1	ACT	T	TCT	S	829
NC_045512.2	2750	A	G	11920	5910	52	4	4	34	0.000335205	11933	0.982394	FALSE	ORF1ab:cds-YP_009724389.1	ACT	T	GCT	A	829
NC_045512.2	2750	A	G	11920	5910	52	4	4	34	0.000335205	11933	0.982394	FALSE	ORF1ab:cds-YP_009725295.1	ACT	T	GCT	A	829
NC_045512.2	2750	A	C	11920	5910	52	8	8	34	0.00067041	11933	0.820262	FALSE	ORF1ab:cds-YP_009724389.1	ACT	T	CCT	P	829
NC_045512.2	2750	A	C	11920	5910	52	8	8	34	0.00067041	11933	0.820262	FALSE	ORF1ab:cds-YP_009725295.1	ACT	T	CCT	P	829
NC_045512.2	2751	C	T	12117	6178	51	6	6	34	0.000494397	12136	0.951725	FALSE	ORF1ab:cds-YP_009724389.1	ACT	T	ATT	I	829
NC_045512.2	2751	C	T	12117	6178	51	6	6	34	0.000494397	12136	0.951725	FALSE	ORF1ab:cds-YP_009725295.1	ACT	T	ATT	I	829
NC_045512.2	2751	C	G	12117	6178	51	1	1	34	8.23995e-05	12136	0.999877	FALSE	ORF1ab:cds-YP_009724389.1	ACT	T	AGT	S	829
NC_045512.2	2751	C	G	12117	6178	51	1	1	34	8.23995e-05	12136	0.999877	FALSE	ORF1ab:cds-YP_009725295.1	ACT	T	AGT	S	829
NC_045512.2	2751	C	A	12117	6178	51	12	12	34	0.000988794	12136	0.580151	FALSE	ORF1ab:cds-YP_009724389.1	ACT	T	AAT	N	829
NC_045512.2	2751	C	A	12117	6178	51	12	12	34	0.000988794	12136	0.580151	FALSE	ORF1ab:cds-YP_009725295.1	ACT	T	AAT	N	829
NC_045512.2	2752	T	G	12096	6158	52	2	2	34	0.000165085	12115	0.99908	FALSE	ORF1ab:cds-YP_009724389.1	ACT	T	ACG	T	829
NC_045512.2	2752	T	G	12096	6158	52	2	2	34	0.000165085	12115	0.99908	FALSE	ORF1ab:cds-YP_009725295.1	ACT	T	ACG	T	829
NC_045512.2	2752	T	C	12096	6158	52	14	13	32	0.00115559	12115	0.422135	FALSE	ORF1ab:cds-YP_009724389.1	ACT	T	ACC	T	829
NC_045512.2	2752	T	C	12096	6158	52	14	13	32	0.00115559	12115	0.422135	FALSE	ORF1ab:cds-YP_009725295.1	ACT	T	ACC	T	829
NC_045512.2	2752	T	A	12096	6158	52	3	3	34	0.000247627	12115	0.99629	FALSE	ORF1ab:cds-YP_009724389.1	ACT	T	ACA	T	829
NC_045512.2	2752	T	A	12096	6158	52	3	3	34	0.000247627	12115	0.99629	FALSE	ORF1ab:cds-YP_009725295.1	ACT	T	ACA	T	829
NC_045512.2	2753	G	T	12476	6196	51	7	7	31	0.000560359	12492	0.916331	FALSE	ORF1ab:cds-YP_009724389.1	GTG	V	TTG	L	830
NC_045512.2	2753	G	T	12476	6196	51	7	7	31	0.000560359	12492	0.916331	FALSE	ORF1ab:cds-YP_009725295.1	GTG	V	TTG	L	830
NC_045512.2	2753	G	C	12476	6196	51	2	2	30	0.000160102	12492	0.999081	FALSE	ORF1ab:cds-YP_009724389.1	GTG	V	CTG	L	830
NC_045512.2	2753	G	C	12476	6196	51	2	2	30	0.000160102	12492	0.999081	FALSE	ORF1ab:cds-YP_009725295.1	GTG	V	CTG	L	830
NC_045512.2	2753	G	A	12476	6196	51	7	7	34	0.000560359	12492	0.916331	FALSE	ORF1ab:cds-YP_009724389.1	GTG	V	ATG	M	830
NC_045512.2	2753	G	A	12476	6196	51	7	7	34	0.000560359	12492	0.916331	FALSE	ORF1ab:cds-YP_009725295.1	GTG	V	ATG	M	830
NC_045512.2	2754	T	G	12482	6152	51	8	8	34	0.000639949	12501	0.868123	FALSE	ORF1ab:cds-YP_009724389.1	GTG	V	GGG	G	830
NC_045512.2	2754	T	G	12482	6152	51	8	8	34	0.000639949	12501	0.868123	FALSE	ORF1ab:cds-YP_009725295.1	GTG	V	GGG	G	830
NC_045512.2	2754	T	C	12482	6152	51	5	5	32	0.000399968	12501	0.975394	FALSE	ORF1ab:cds-YP_009724389.1	GTG	V	GCG	A	830
NC_045512.2	2754	T	C	12482	6152	51	5	5	32	0.000399968	12501	0.975394	FALSE	ORF1ab:cds-YP_009725295.1	GTG	V	GCG	A	830
NC_045512.2	2754	T	A	12482	6152	51	6	6	34	0.000479962	12501	0.951729	FALSE	ORF1ab:cds-YP_009724389.1	GTG	V	GAG	E	830
NC_045512.2	2754	T	A	12482	6152	51	6	6	34	0.000479962	12501	0.951729	FALSE	ORF1ab:cds-YP_009725295.1	GTG	V	GAG	E	830
NC_045512.2	2755	G	T	12539	6159	51	6	6	34	0.000477935	12554	0.951798	FALSE	ORF1ab:cds-YP_009724389.1	GTG	V	GTT	V	830
NC_045512.2	2755	G	T	12539	6159	51	6	6	34	0.000477935	12554	0.951798	FALSE	ORF1ab:cds-YP_009725295.1	GTG	V	GTT	V	830
NC_045512.2	2755	G	C	12539	6159	51	2	2	34	0.000159312	12554	0.999082	FALSE	ORF1ab:cds-YP_009724389.1	GTG	V	GTC	V	830
NC_045512.2	2755	G	C	12539	6159	51	2	2	34	0.000159312	12554	0.999082	FALSE	ORF1ab:cds-YP_009725295.1	GTG	V	GTC	V	830
NC_045512.2	2755	G	A	12539	6159	51	7	6	34	0.000557591	12554	0.916358	FALSE	ORF1ab:cds-YP_009724389.1	GTG	V	GTA	V	830
NC_045512.2	2755	G	A	12539	6159	51	7	6	34	0.000557591	12554	0.916358	FALSE	ORF1ab:cds-YP_009725295.1	GTG	V	GTA	V	830
NC_045512.2	2756	A	T	12568	6189	51	3	3	31	0.000238322	12588	0.996289	FALSE	ORF1ab:cds-YP_009724389.1	ATA	I	TTA	L	831
NC_045512.2	2756	A	T	12568	6189	51	3	3	31	0.000238322	12588	0.996289	FALSE	ORF1ab:cds-YP_009725295.1	ATA	I	TTA	L	831
NC_045512.2	2756	A	G	12568	6189	51	13	13	33	0.00103273	12588	0.499519	FALSE	ORF1ab:cds-YP_009724389.1	ATA	I	GTA	V	831
NC_045512.2	2756	A	G	12568	6189	51	13	13	33	0.00103273	12588	0.499519	FALSE	ORF1ab:cds-YP_009725295.1	ATA	I	GTA	V	831
NC_045512.2	2756	A	C	12568	6189	51	4	4	34	0.000317763	12588	0.989318	FALSE	ORF1ab:cds-YP_009724389.1	ATA	I	CTA	L	831
NC_045512.2	2756	A	C	12568	6189	51	4	4	34	0.000317763	12588	0.989318	FALSE	ORF1ab:cds-YP_009725295.1	ATA	I	CTA	L	831
NC_045512.2	2757	T	G	12560	6187	51	1	1	26	7.95355e-05	12573	1	FALSE	ORF1ab:cds-YP_009724389.1	ATA	I	AGA	R	831
NC_045512.2	2757	T	G	12560	6187	51	1	1	26	7.95355e-05	12573	1	FALSE	ORF1ab:cds-YP_009725295.1	ATA	I	AGA	R	831
NC_045512.2	2757	T	C	12560	6187	51	2	2	34	0.000159071	12573	0.999082	FALSE	ORF1ab:cds-YP_009724389.1	ATA	I	ACA	T	831
NC_045512.2	2757	T	C	12560	6187	51	2	2	34	0.000159071	12573	0.999082	FALSE	ORF1ab:cds-YP_009725295.1	ATA	I	ACA	T	831
NC_045512.2	2757	T	A	12560	6187	51	10	10	34	0.000795355	12573	0.738236	FALSE	ORF1ab:cds-YP_009724389.1	ATA	I	AAA	K	831
NC_045512.2	2757	T	A	12560	6187	51	10	10	34	0.000795355	12573	0.738236	FALSE	ORF1ab:cds-YP_009725295.1	ATA	I	AAA	K	831
NC_045512.2	2758	A	T	12328	6127	50	8	8	32	0.000648088	12344	0.868237	FALSE	ORF1ab:cds-YP_009724389.1	ATA	I	ATT	I	831
NC_045512.2	2758	A	T	12328	6127	50	8	8	32	0.000648088	12344	0.868237	FALSE	ORF1ab:cds-YP_009725295.1	ATA	I	ATT	I	831
NC_045512.2	2758	A	G	12328	6127	50	4	4	32	0.000324044	12344	0.989335	FALSE	ORF1ab:cds-YP_009724389.1	ATA	I	ATG	M	831
NC_045512.2	2758	A	G	12328	6127	50	4	4	32	0.000324044	12344	0.989335	FALSE	ORF1ab:cds-YP_009725295.1	ATA	I	ATG	M	831
NC_045512.2	2758	A	C	12328	6127	50	4	4	34	0.000324044	12344	0.989335	FALSE	ORF1ab:cds-YP_009724389.1	ATA	I	ATC	I	831
NC_045512.2	2758	A	C	12328	6127	50	4	4	34	0.000324044	12344	0.989335	FALSE	ORF1ab:cds-YP_009725295.1	ATA	I	ATC	I	831
NC_045512.2	2759	G	T	12443	6093	51	3	3	29	0.000240674	12465	1	FALSE	ORF1ab:cds-YP_009724389.1	GAA	E	TAA	*	832
NC_045512.2	2759	G	T	12443	6093	51	3	3	29	0.000240674	12465	1	FALSE	ORF1ab:cds-YP_009725295.1	GAA	E	TAA	*	832
NC_045512.2	2759	G	C	12443	6093	51	5	5	32	0.000401123	12465	0.975365	FALSE	ORF1ab:cds-YP_009724389.1	GAA	E	CAA	Q	832
NC_045512.2	2759	G	C	12443	6093	51	5	5	32	0.000401123	12465	0.975365	FALSE	ORF1ab:cds-YP_009725295.1	GAA	E	CAA	Q	832
NC_045512.2	2759	G	A	12443	6093	51	14	14	35	0.00112314	12465	0.421903	FALSE	ORF1ab:cds-YP_009724389.1	GAA	E	AAA	K	832
NC_045512.2	2759	G	A	12443	6093	51	14	14	35	0.00112314	12465	0.421903	FALSE	ORF1ab:cds-YP_009725295.1	GAA	E	AAA	K	832
NC_045512.2	2760	A	T	12269	6063	51	4	4	34	0.0003256	12285	0.989335	FALSE	ORF1ab:cds-YP_009724389.1	GAA	E	GTA	V	832
NC_045512.2	2760	A	T	12269	6063	51	4	4	34	0.0003256	12285	0.989335	FALSE	ORF1ab:cds-YP_009725295.1	GAA	E	GTA	V	832
NC_045512.2	2760	A	G	12269	6063	51	8	8	32	0.000651201	12285	0.868236	FALSE	ORF1ab:cds-YP_009724389.1	GAA	E	GGA	G	832
NC_045512.2	2760	A	G	12269	6063	51	8	8	32	0.000651201	12285	0.868236	FALSE	ORF1ab:cds-YP_009725295.1	GAA	E	GGA	G	832
NC_045512.2	2760	A	C	12269	6063	51	4	4	32	0.0003256	12285	0.989335	FALSE	ORF1ab:cds-YP_009724389.1	GAA	E	GCA	A	832
NC_045512.2	2760	A	C	12269	6063	51	4	4	32	0.0003256	12285	0.989335	FALSE	ORF1ab:cds-YP_009725295.1	GAA	E	GCA	A	832
NC_045512.2	2761	A	T	12125	5916	52	3	3	34	0.000247178	12137	0.996302	FALSE	ORF1ab:cds-YP_009724389.1	GAA	E	GAT	D	832
NC_045512.2	2761	A	T	12125	5916	52	3	3	34	0.000247178	12137	0.996302	FALSE	ORF1ab:cds-YP_009725295.1	GAA	E	GAT	D	832
NC_045512.2	2761	A	C	12125	5916	52	9	9	29	0.000741534	12137	1	FALSE	ORF1ab:cds-YP_009724389.1	GAA	E	GAC	D	832
NC_045512.2	2761	A	C	12125	5916	52	9	9	29	0.000741534	12137	1	FALSE	ORF1ab:cds-YP_009725295.1	GAA	E	GAC	D	832
NC_045512.2	2762	G	T	12337	5975	51	3	3	34	0.000242876	12352	0.996297	FALSE	ORF1ab:cds-YP_009724389.1	GTG	V	TTG	L	833
NC_045512.2	2762	G	T	12337	5975	51	3	3	34	0.000242876	12352	0.996297	FALSE	ORF1ab:cds-YP_009725295.1	GTG	V	TTG	L	833
NC_045512.2	2762	G	C	12337	5975	51	4	4	32	0.000323834	12352	0.98934	FALSE	ORF1ab:cds-YP_009724389.1	GTG	V	CTG	L	833
NC_045512.2	2762	G	C	12337	5975	51	4	4	32	0.000323834	12352	0.98934	FALSE	ORF1ab:cds-YP_009725295.1	GTG	V	CTG	L	833
NC_045512.2	2762	G	A	12337	5975	51	8	8	34	0.000647668	12352	0.868276	FALSE	ORF1ab:cds-YP_009724389.1	GTG	V	ATG	M	833
NC_045512.2	2762	G	A	12337	5975	51	8	8	34	0.000647668	12352	0.868276	FALSE	ORF1ab:cds-YP_009725295.1	GTG	V	ATG	M	833
NC_045512.2	2763	T	G	12009	5749	51	8	8	33	0.000665115	12028	0.868112	FALSE	ORF1ab:cds-YP_009724389.1	GTG	V	GGG	G	833
NC_045512.2	2763	T	G	12009	5749	51	8	8	33	0.000665115	12028	0.868112	FALSE	ORF1ab:cds-YP_009725295.1	GTG	V	GGG	G	833
NC_045512.2	2763	T	C	12009	5749	51	4	4	34	0.000332557	12028	0.989321	FALSE	ORF1ab:cds-YP_009724389.1	GTG	V	GCG	A	833
NC_045512.2	2763	T	C	12009	5749	51	4	4	34	0.000332557	12028	0.989321	FALSE	ORF1ab:cds-YP_009725295.1	GTG	V	GCG	A	833
NC_045512.2	2763	T	A	12009	5749	51	7	6	30	0.000581975	12028	0.916242	FALSE	ORF1ab:cds-YP_009724389.1	GTG	V	GAG	E	833
NC_045512.2	2763	T	A	12009	5749	51	7	6	30	0.000581975	12028	0.916242	FALSE	ORF1ab:cds-YP_009725295.1	GTG	V	GAG	E	833
NC_045512.2	2764	G	T	12081	5818	51	10	10	32	0.000826446	12100	0.737852	FALSE	ORF1ab:cds-YP_009724389.1	GTG	V	GTT	V	833
NC_045512.2	2764	G	T	12081	5818	51	10	10	32	0.000826446	12100	0.737852	FALSE	ORF1ab:cds-YP_009725295.1	GTG	V	GTT	V	833
NC_045512.2	2764	G	C	12081	5818	51	3	3	34	0.000247934	12100	0.99629	FALSE	ORF1ab:cds-YP_009724389.1	GTG	V	GTC	V	833
NC_045512.2	2764	G	C	12081	5818	51	3	3	34	0.000247934	12100	0.99629	FALSE	ORF1ab:cds-YP_009725295.1	GTG	V	GTC	V	833
NC_045512.2	2764	G	A	12081	5818	51	6	5	32	0.000495868	12100	0.951724	FALSE	ORF1ab:cds-YP_009724389.1	GTG	V	GTA	V	833
NC_045512.2	2764	G	A	12081	5818	51	6	5	32	0.000495868	12100	0.951724	FALSE	ORF1ab:cds-YP_009725295.1	GTG	V	GTA	V	833
NC_045512.2	2765	C	G	12058	5835	51	8	8	32	0.0006628	12070	0.868392	FALSE	ORF1ab:cds-YP_009724389.1	CAA	Q	GAA	E	834
NC_045512.2	2765	C	G	12058	5835	51	8	8	32	0.0006628	12070	0.868392	FALSE	ORF1ab:cds-YP_009725295.1	CAA	Q	GAA	E	834
NC_045512.2	2765	C	A	12058	5835	51	4	4	32	0.0003314	12070	0.989353	FALSE	ORF1ab:cds-YP_009724389.1	CAA	Q	AAA	K	834
NC_045512.2	2765	C	A	12058	5835	51	4	4	32	0.0003314	12070	0.989353	FALSE	ORF1ab:cds-YP_009725295.1	CAA	Q	AAA	K	834
NC_045512.2	2765	C	-A	12058	5835	51	2	0	20	0.0001657	12070	1	FALSE	NA	NA	NA	NA	NA	NA
NC_045512.2	2766	A	T	12121	5833	51	2	2	34	0.000164772	12138	0.99908	FALSE	ORF1ab:cds-YP_009724389.1	CAA	Q	CTA	L	834
NC_045512.2	2766	A	T	12121	5833	51	2	2	34	0.000164772	12138	0.99908	FALSE	ORF1ab:cds-YP_009725295.1	CAA	Q	CTA	L	834
NC_045512.2	2766	A	G	12121	5833	51	4	2	40	0.000329544	12138	0.187114	FALSE	ORF1ab:cds-YP_009724389.1	CAA	Q	CGA	R	834
NC_045512.2	2766	A	G	12121	5833	51	4	2	40	0.000329544	12138	0.187114	FALSE	ORF1ab:cds-YP_009725295.1	CAA	Q	CGA	R	834
NC_045512.2	2766	A	C	12121	5833	51	11	11	32	0.000906245	12138	0.660742	FALSE	ORF1ab:cds-YP_009724389.1	CAA	Q	CCA	P	834
NC_045512.2	2766	A	C	12121	5833	51	11	11	32	0.000906245	12138	0.660742	FALSE	ORF1ab:cds-YP_009725295.1	CAA	Q	CCA	P	834
NC_045512.2	2767	A	G	12169	5973	51	5	4	37	0.00041061	12177	0.975499	FALSE	ORF1ab:cds-YP_009724389.1	CAA	Q	CAG	Q	834
NC_045512.2	2767	A	G	12169	5973	51	5	4	37	0.00041061	12177	0.975499	FALSE	ORF1ab:cds-YP_009725295.1	CAA	Q	CAG	Q	834
NC_045512.2	2767	A	C	12169	5973	51	3	3	34	0.000246366	12177	0.996309	FALSE	ORF1ab:cds-YP_009724389.1	CAA	Q	CAC	H	834
NC_045512.2	2767	A	C	12169	5973	51	3	3	34	0.000246366	12177	0.996309	FALSE	ORF1ab:cds-YP_009725295.1	CAA	Q	CAC	H	834
NC_045512.2	2768	G	T	13540	6077	50	3	3	34	0.000221304	13556	0.997903	FALSE	ORF1ab:cds-YP_009724389.1	GGT	G	TGT	C	835
NC_045512.2	2768	G	T	13540	6077	50	3	3	34	0.000221304	13556	0.997903	FALSE	ORF1ab:cds-YP_009725295.1	GGT	G	TGT	C	835
NC_045512.2	2768	G	C	13540	6077	50	3	3	34	0.000221304	13556	0.997903	FALSE	ORF1ab:cds-YP_009724389.1	GGT	G	CGT	R	835
NC_045512.2	2768	G	C	13540	6077	50	3	3	34	0.000221304	13556	0.997903	FALSE	ORF1ab:cds-YP_009725295.1	GGT	G	CGT	R	835
NC_045512.2	2768	G	A	13540	6077	50	10	10	34	0.000737681	13556	0.797413	FALSE	ORF1ab:cds-YP_009724389.1	GGT	G	AGT	S	835
NC_045512.2	2768	G	A	13540	6077	50	10	10	34	0.000737681	13556	0.797413	FALSE	ORF1ab:cds-YP_009725295.1	GGT	G	AGT	S	835
NC_045512.2	2769	G	T	13810	6115	49	3	2	34	0.000217045	13822	0.997907	FALSE	ORF1ab:cds-YP_009724389.1	GGT	G	GTT	V	835
NC_045512.2	2769	G	T	13810	6115	49	3	2	34	0.000217045	13822	0.997907	FALSE	ORF1ab:cds-YP_009725295.1	GGT	G	GTT	V	835
NC_045512.2	2769	G	C	13810	6115	49	7	7	29	0.000506439	13822	1	FALSE	ORF1ab:cds-YP_009724389.1	GGT	G	GCT	A	835
NC_045512.2	2769	G	C	13810	6115	49	7	7	29	0.000506439	13822	1	FALSE	ORF1ab:cds-YP_009725295.1	GGT	G	GCT	A	835
NC_045512.2	2769	G	A	13810	6115	49	2	2	30	0.000144697	13822	0.999511	FALSE	ORF1ab:cds-YP_009724389.1	GGT	G	GAT	D	835
NC_045512.2	2769	G	A	13810	6115	49	2	2	30	0.000144697	13822	0.999511	FALSE	ORF1ab:cds-YP_009725295.1	GGT	G	GAT	D	835
NC_045512.2	2770	T	G	13914	6154	49	10	9	32	0.000717824	13931	0.797368	FALSE	ORF1ab:cds-YP_009724389.1	GGT	G	GGG	G	835
NC_045512.2	2770	T	G	13914	6154	49	10	9	32	0.000717824	13931	0.797368	FALSE	ORF1ab:cds-YP_009725295.1	GGT	G	GGG	G	835
NC_045512.2	2770	T	C	13914	6154	49	2	2	34	0.000143565	13931	0.99951	FALSE	ORF1ab:cds-YP_009724389.1	GGT	G	GGC	G	835
NC_045512.2	2770	T	C	13914	6154	49	2	2	34	0.000143565	13931	0.99951	FALSE	ORF1ab:cds-YP_009725295.1	GGT	G	GGC	G	835
NC_045512.2	2770	T	A	13914	6154	49	5	5	34	0.000358912	13931	0.98452	FALSE	ORF1ab:cds-YP_009724389.1	GGT	G	GGA	G	835
NC_045512.2	2770	T	A	13914	6154	49	5	5	34	0.000358912	13931	0.98452	FALSE	ORF1ab:cds-YP_009725295.1	GGT	G	GGA	G	835
NC_045512.2	2771	T	G	13665	5973	49	5	4	34	0.000365497	13680	0.984531	FALSE	ORF1ab:cds-YP_009724389.1	TAC	Y	GAC	D	836
NC_045512.2	2771	T	G	13665	5973	49	5	4	34	0.000365497	13680	0.984531	FALSE	ORF1ab:cds-YP_009725295.1	TAC	Y	GAC	D	836
NC_045512.2	2771	T	C	13665	5973	49	5	3	27	0.000365497	13680	1	FALSE	ORF1ab:cds-YP_009724389.1	TAC	Y	CAC	H	836
NC_045512.2	2771	T	C	13665	5973	49	5	3	27	0.000365497	13680	1	FALSE	ORF1ab:cds-YP_009725295.1	TAC	Y	CAC	H	836
NC_045512.2	2771	T	A	13665	5973	49	5	5	34	0.000365497	13680	0.984531	FALSE	ORF1ab:cds-YP_009724389.1	TAC	Y	AAC	N	836
NC_045512.2	2771	T	A	13665	5973	49	5	5	34	0.000365497	13680	0.984531	FALSE	ORF1ab:cds-YP_009725295.1	TAC	Y	AAC	N	836
NC_045512.2	2772	A	T	13632	5935	49	11	11	33	0.000805979	13648	0.729222	FALSE	ORF1ab:cds-YP_009724389.1	TAC	Y	TTC	F	836
NC_045512.2	2772	A	T	13632	5935	49	11	11	33	0.000805979	13648	0.729222	FALSE	ORF1ab:cds-YP_009725295.1	TAC	Y	TTC	F	836
NC_045512.2	2772	A	G	13632	5935	49	3	2	42	0.000219812	13648	0.312156	FALSE	ORF1ab:cds-YP_009724389.1	TAC	Y	TGC	C	836
NC_045512.2	2772	A	G	13632	5935	49	3	2	42	0.000219812	13648	0.312156	FALSE	ORF1ab:cds-YP_009725295.1	TAC	Y	TGC	C	836
NC_045512.2	2772	A	C	13632	5935	49	2	2	34	0.000146542	13648	0.99951	FALSE	ORF1ab:cds-YP_009724389.1	TAC	Y	TCC	S	836
NC_045512.2	2772	A	C	13632	5935	49	2	2	34	0.000146542	13648	0.99951	FALSE	ORF1ab:cds-YP_009725295.1	TAC	Y	TCC	S	836
NC_045512.2	2773	C	T	13644	5941	49	3	3	34	0.000219619	13660	0.997903	FALSE	ORF1ab:cds-YP_009724389.1	TAC	Y	TAT	Y	836
NC_045512.2	2773	C	T	13644	5941	49	3	3	34	0.000219619	13660	0.997903	FALSE	ORF1ab:cds-YP_009725295.1	TAC	Y	TAT	Y	836
NC_045512.2	2773	C	G	13644	5941	49	3	3	28	0.000219619	13660	1	FALSE	ORF1ab:cds-YP_009724389.1	TAC	Y	TAG	*	836
NC_045512.2	2773	C	G	13644	5941	49	3	3	28	0.000219619	13660	1	FALSE	ORF1ab:cds-YP_009725295.1	TAC	Y	TAG	*	836
NC_045512.2	2773	C	A	13644	5941	49	10	10	33	0.000732064	13660	0.797414	FALSE	ORF1ab:cds-YP_009724389.1	TAC	Y	TAA	*	836
NC_045512.2	2773	C	A	13644	5941	49	10	10	33	0.000732064	13660	0.797414	FALSE	ORF1ab:cds-YP_009725295.1	TAC	Y	TAA	*	836
NC_045512.2	2774	A	T	13650	5946	49	2	2	30	0.000146349	13666	0.99951	FALSE	ORF1ab:cds-YP_009724389.1	AAG	K	TAG	*	837
NC_045512.2	2774	A	T	13650	5946	49	2	2	30	0.000146349	13666	0.99951	FALSE	ORF1ab:cds-YP_009725295.1	AAG	K	TAG	*	837
NC_045512.2	2774	A	G	13650	5946	49	4	4	34	0.000292697	13666	0.993621	FALSE	ORF1ab:cds-YP_009724389.1	AAG	K	GAG	E	837
NC_045512.2	2774	A	G	13650	5946	49	4	4	34	0.000292697	13666	0.993621	FALSE	ORF1ab:cds-YP_009725295.1	AAG	K	GAG	E	837
NC_045512.2	2774	A	C	13650	5946	49	10	10	30	0.000731743	13666	0.797414	FALSE	ORF1ab:cds-YP_009724389.1	AAG	K	CAG	Q	837
NC_045512.2	2774	A	C	13650	5946	49	10	10	30	0.000731743	13666	0.797414	FALSE	ORF1ab:cds-YP_009725295.1	AAG	K	CAG	Q	837
NC_045512.2	2775	A	T	13722	6015	49	5	5	32	0.00036406	13734	0.984549	FALSE	ORF1ab:cds-YP_009724389.1	AAG	K	ATG	M	837
NC_045512.2	2775	A	T	13722	6015	49	5	5	32	0.00036406	13734	0.984549	FALSE	ORF1ab:cds-YP_009725295.1	AAG	K	ATG	M	837
NC_045512.2	2775	A	G	13722	6015	49	3	3	31	0.000218436	13734	0.997907	FALSE	ORF1ab:cds-YP_009724389.1	AAG	K	AGG	R	837
NC_045512.2	2775	A	G	13722	6015	49	3	3	31	0.000218436	13734	0.997907	FALSE	ORF1ab:cds-YP_009725295.1	AAG	K	AGG	R	837
NC_045512.2	2775	A	C	13722	6015	49	4	4	32	0.000291248	13734	0.993632	FALSE	ORF1ab:cds-YP_009724389.1	AAG	K	ACG	T	837
NC_045512.2	2775	A	C	13722	6015	49	4	4	32	0.000291248	13734	0.993632	FALSE	ORF1ab:cds-YP_009725295.1	AAG	K	ACG	T	837
NC_045512.2	2776	G	T	13581	6525	47	4	4	32	0.000294118	13600	0.993613	FALSE	ORF1ab:cds-YP_009724389.1	AAG	K	AAT	N	837
NC_045512.2	2776	G	T	13581	6525	47	4	4	32	0.000294118	13600	0.993613	FALSE	ORF1ab:cds-YP_009725295.1	AAG	K	AAT	N	837
NC_045512.2	2776	G	C	13581	6525	47	7	7	31	0.000514706	13600	0.942198	FALSE	ORF1ab:cds-YP_009724389.1	AAG	K	AAC	N	837
NC_045512.2	2776	G	C	13581	6525	47	7	7	31	0.000514706	13600	0.942198	FALSE	ORF1ab:cds-YP_009725295.1	AAG	K	AAC	N	837
NC_045512.2	2776	G	A	13581	6525	47	8	8	33	0.000588235	13600	0.905176	FALSE	ORF1ab:cds-YP_009724389.1	AAG	K	AAA	K	837
NC_045512.2	2776	G	A	13581	6525	47	8	8	33	0.000588235	13600	0.905176	FALSE	ORF1ab:cds-YP_009725295.1	AAG	K	AAA	K	837
NC_045512.2	2777	A	T	11936	5235	47	2	2	34	0.00016742	11946	0.998289	FALSE	ORF1ab:cds-YP_009724389.1	AGT	S	TGT	C	838
NC_045512.2	2777	A	T	11936	5235	47	2	2	34	0.00016742	11946	0.998289	FALSE	ORF1ab:cds-YP_009725295.1	AGT	S	TGT	C	838
NC_045512.2	2777	A	G	11936	5235	47	8	8	34	0.00066968	11946	0.820407	FALSE	ORF1ab:cds-YP_009724389.1	AGT	S	GGT	G	838
NC_045512.2	2777	A	G	11936	5235	47	8	8	34	0.00066968	11946	0.820407	FALSE	ORF1ab:cds-YP_009725295.1	AGT	S	GGT	G	838
NC_045512.2	2778	G	T	12194	5243	47	2	2	30	0.000163881	12204	0.999084	FALSE	ORF1ab:cds-YP_009724389.1	AGT	S	ATT	I	838
NC_045512.2	2778	G	T	12194	5243	47	2	2	30	0.000163881	12204	0.999084	FALSE	ORF1ab:cds-YP_009725295.1	AGT	S	ATT	I	838
NC_045512.2	2778	G	C	12194	5243	47	1	1	34	8.19403e-05	12204	0.999878	FALSE	ORF1ab:cds-YP_009724389.1	AGT	S	ACT	T	838
NC_045512.2	2778	G	C	12194	5243	47	1	1	34	8.19403e-05	12204	0.999878	FALSE	ORF1ab:cds-YP_009725295.1	AGT	S	ACT	T	838
NC_045512.2	2778	G	A	12194	5243	47	7	7	34	0.000573582	12204	0.916493	FALSE	ORF1ab:cds-YP_009724389.1	AGT	S	AAT	N	838
NC_045512.2	2778	G	A	12194	5243	47	7	7	34	0.000573582	12204	0.916493	FALSE	ORF1ab:cds-YP_009725295.1	AGT	S	AAT	N	838
NC_045512.2	2779	T	G	11936	5127	48	8	8	33	0.000669624	11947	0.820358	FALSE	ORF1ab:cds-YP_009724389.1	AGT	S	AGG	R	838
NC_045512.2	2779	T	G	11936	5127	48	8	8	33	0.000669624	11947	0.820358	FALSE	ORF1ab:cds-YP_009725295.1	AGT	S	AGG	R	838
NC_045512.2	2779	T	A	11936	5127	48	3	3	34	0.000251109	11947	0.993523	FALSE	ORF1ab:cds-YP_009724389.1	AGT	S	AGA	R	838
NC_045512.2	2779	T	A	11936	5127	48	3	3	34	0.000251109	11947	0.993523	FALSE	ORF1ab:cds-YP_009725295.1	AGT	S	AGA	R	838
NC_045512.2	2780	G	T	12030	5144	48	6	6	32	0.00049838	12039	0.9519	FALSE	ORF1ab:cds-YP_009724389.1	GTG	V	TTG	L	839
NC_045512.2	2780	G	T	12030	5144	48	6	6	32	0.00049838	12039	0.9519	FALSE	ORF1ab:cds-YP_009725295.1	GTG	V	TTG	L	839
NC_045512.2	2780	G	C	12030	5144	48	1	1	34	8.30634e-05	12039	0.999878	FALSE	ORF1ab:cds-YP_009724389.1	GTG	V	CTG	L	839
NC_045512.2	2780	G	C	12030	5144	48	1	1	34	8.30634e-05	12039	0.999878	FALSE	ORF1ab:cds-YP_009725295.1	GTG	V	CTG	L	839
NC_045512.2	2780	G	A	12030	5144	48	2	2	34	0.000166127	12039	0.999084	FALSE	ORF1ab:cds-YP_009724389.1	GTG	V	ATG	M	839
NC_045512.2	2780	G	A	12030	5144	48	2	2	34	0.000166127	12039	0.999084	FALSE	ORF1ab:cds-YP_009725295.1	GTG	V	ATG	M	839
NC_045512.2	2781	T	G	12004	5156	48	7	7	34	0.000582654	12014	0.916494	FALSE	ORF1ab:cds-YP_009724389.1	GTG	V	GGG	G	839
NC_045512.2	2781	T	G	12004	5156	48	7	7	34	0.000582654	12014	0.916494	FALSE	ORF1ab:cds-YP_009725295.1	GTG	V	GGG	G	839
NC_045512.2	2781	T	C	12004	5156	48	2	2	57	0.000166472	12014	0.249844	FALSE	ORF1ab:cds-YP_009724389.1	GTG	V	GCG	A	839
NC_045512.2	2781	T	C	12004	5156	48	2	2	57	0.000166472	12014	0.249844	FALSE	ORF1ab:cds-YP_009725295.1	GTG	V	GCG	A	839
NC_045512.2	2781	T	A	12004	5156	48	1	1	26	8.32362e-05	12014	1	FALSE	ORF1ab:cds-YP_009724389.1	GTG	V	GAG	E	839
NC_045512.2	2781	T	A	12004	5156	48	1	1	26	8.32362e-05	12014	1	FALSE	ORF1ab:cds-YP_009725295.1	GTG	V	GAG	E	839
NC_045512.2	2782	G	T	12196	5168	48	7	6	34	0.000573535	12205	0.916521	FALSE	ORF1ab:cds-YP_009724389.1	GTG	V	GTT	V	839
NC_045512.2	2782	G	T	12196	5168	48	7	6	34	0.000573535	12205	0.916521	FALSE	ORF1ab:cds-YP_009725295.1	GTG	V	GTT	V	839
NC_045512.2	2782	G	C	12196	5168	48	2	2	34	0.000163867	12205	0.999084	FALSE	ORF1ab:cds-YP_009724389.1	GTG	V	GTC	V	839
NC_045512.2	2782	G	C	12196	5168	48	2	2	34	0.000163867	12205	0.999084	FALSE	ORF1ab:cds-YP_009725295.1	GTG	V	GTC	V	839
NC_045512.2	2783	A	T	12187	5193	48	3	2	31	0.000245761	12207	0.996289	FALSE	ORF1ab:cds-YP_009724389.1	AAT	N	TAT	Y	840
NC_045512.2	2783	A	T	12187	5193	48	3	2	31	0.000245761	12207	0.996289	FALSE	ORF1ab:cds-YP_009725295.1	AAT	N	TAT	Y	840
NC_045512.2	2783	A	G	12187	5193	48	14	9	35	0.00114688	12207	0.422055	FALSE	ORF1ab:cds-YP_009724389.1	AAT	N	GAT	D	840
NC_045512.2	2783	A	G	12187	5193	48	14	9	35	0.00114688	12207	0.422055	FALSE	ORF1ab:cds-YP_009725295.1	AAT	N	GAT	D	840
NC_045512.2	2783	A	C	12187	5193	48	3	2	34	0.000245761	12207	0.996289	FALSE	ORF1ab:cds-YP_009724389.1	AAT	N	CAT	H	840
NC_045512.2	2783	A	C	12187	5193	48	3	2	34	0.000245761	12207	0.996289	FALSE	ORF1ab:cds-YP_009725295.1	AAT	N	CAT	H	840
NC_045512.2	2784	A	T	12156	5210	48	1	1	34	8.2203e-05	12165	0.999878	FALSE	ORF1ab:cds-YP_009724389.1	AAT	N	ATT	I	840
NC_045512.2	2784	A	T	12156	5210	48	1	1	34	8.2203e-05	12165	0.999878	FALSE	ORF1ab:cds-YP_009725295.1	AAT	N	ATT	I	840
NC_045512.2	2784	A	G	12156	5210	48	8	7	40	0.000657624	12165	0.0195139	FALSE	ORF1ab:cds-YP_009724389.1	AAT	N	AGT	S	840
NC_045512.2	2784	A	G	12156	5210	48	8	7	40	0.000657624	12165	0.0195139	FALSE	ORF1ab:cds-YP_009725295.1	AAT	N	AGT	S	840
NC_045512.2	2785	T	G	12113	5107	47	3	3	31	0.000247402	12126	0.9963	FALSE	ORF1ab:cds-YP_009724389.1	AAT	N	AAG	K	840
NC_045512.2	2785	T	G	12113	5107	47	3	3	31	0.000247402	12126	0.9963	FALSE	ORF1ab:cds-YP_009725295.1	AAT	N	AAG	K	840
NC_045512.2	2785	T	A	12113	5107	47	10	9	31	0.000824674	12126	0.738235	FALSE	ORF1ab:cds-YP_009724389.1	AAT	N	AAA	K	840
NC_045512.2	2785	T	A	12113	5107	47	10	9	31	0.000824674	12126	0.738235	FALSE	ORF1ab:cds-YP_009725295.1	AAT	N	AAA	K	840
NC_045512.2	2786	A	T	11883	5203	48	6	6	32	0.000504541	11892	0.928292	FALSE	ORF1ab:cds-YP_009724389.1	ATC	I	TTC	F	841
NC_045512.2	2786	A	T	11883	5203	48	6	6	32	0.000504541	11892	0.928292	FALSE	ORF1ab:cds-YP_009725295.1	ATC	I	TTC	F	841
NC_045512.2	2786	A	G	11883	5203	48	2	2	30	0.00016818	11892	0.99829	FALSE	ORF1ab:cds-YP_009724389.1	ATC	I	GTC	V	841
NC_045512.2	2786	A	G	11883	5203	48	2	2	30	0.00016818	11892	0.99829	FALSE	ORF1ab:cds-YP_009725295.1	ATC	I	GTC	V	841
NC_045512.2	2786	A	C	11883	5203	48	1	1	34	8.40901e-05	11892	0.999756	FALSE	ORF1ab:cds-YP_009724389.1	ATC	I	CTC	L	841
NC_045512.2	2786	A	C	11883	5203	48	1	1	34	8.40901e-05	11892	0.999756	FALSE	ORF1ab:cds-YP_009725295.1	ATC	I	CTC	L	841
NC_045512.2	2787	T	G	12067	5122	48	1	1	26	8.2802e-05	12077	1	FALSE	ORF1ab:cds-YP_009724389.1	ATC	I	AGC	S	841
NC_045512.2	2787	T	G	12067	5122	48	1	1	26	8.2802e-05	12077	1	FALSE	ORF1ab:cds-YP_009725295.1	ATC	I	AGC	S	841
NC_045512.2	2787	T	C	12067	5122	48	2	2	30	0.000165604	12077	0.999084	FALSE	ORF1ab:cds-YP_009724389.1	ATC	I	ACC	T	841
NC_045512.2	2787	T	C	12067	5122	48	2	2	30	0.000165604	12077	0.999084	FALSE	ORF1ab:cds-YP_009725295.1	ATC	I	ACC	T	841
NC_045512.2	2787	T	A	12067	5122	48	7	7	34	0.000579614	12077	0.916494	FALSE	ORF1ab:cds-YP_009724389.1	ATC	I	AAC	N	841
NC_045512.2	2787	T	A	12067	5122	48	7	7	34	0.000579614	12077	0.916494	FALSE	ORF1ab:cds-YP_009725295.1	ATC	I	AAC	N	841
NC_045512.2	2788	C	T	12064	5142	48	8	8	32	0.000662416	12077	0.868352	FALSE	ORF1ab:cds-YP_009724389.1	ATC	I	ATT	I	841
NC_045512.2	2788	C	T	12064	5142	48	8	8	32	0.000662416	12077	0.868352	FALSE	ORF1ab:cds-YP_009725295.1	ATC	I	ATT	I	841
NC_045512.2	2788	C	G	12064	5142	48	1	0	34	8.2802e-05	12077	0.999878	FALSE	ORF1ab:cds-YP_009724389.1	ATC	I	ATG	M	841
NC_045512.2	2788	C	G	12064	5142	48	1	0	34	8.2802e-05	12077	0.999878	FALSE	ORF1ab:cds-YP_009725295.1	ATC	I	ATG	M	841
NC_045512.2	2788	C	A	12064	5142	48	4	4	32	0.000331208	12077	0.989349	FALSE	ORF1ab:cds-YP_009724389.1	ATC	I	ATA	I	841
NC_045512.2	2788	C	A	12064	5142	48	4	4	32	0.000331208	12077	0.989349	FALSE	ORF1ab:cds-YP_009725295.1	ATC	I	ATA	I	841
NC_045512.2	2789	A	T	11983	5120	48	1	1	26	8.3382e-05	11993	1	FALSE	ORF1ab:cds-YP_009724389.1	ACT	T	TCT	S	842
NC_045512.2	2789	A	T	11983	5120	48	1	1	26	8.3382e-05	11993	1	FALSE	ORF1ab:cds-YP_009725295.1	ACT	T	TCT	S	842
NC_045512.2	2789	A	G	11983	5120	48	1	1	34	8.3382e-05	11993	0.999756	FALSE	ORF1ab:cds-YP_009724389.1	ACT	T	GCT	A	842
NC_045512.2	2789	A	G	11983	5120	48	1	1	34	8.3382e-05	11993	0.999756	FALSE	ORF1ab:cds-YP_009725295.1	ACT	T	GCT	A	842
NC_045512.2	2789	A	C	11983	5120	48	8	8	33	0.000667056	11993	0.820406	FALSE	ORF1ab:cds-YP_009724389.1	ACT	T	CCT	P	842
NC_045512.2	2789	A	C	11983	5120	48	8	8	33	0.000667056	11993	0.820406	FALSE	ORF1ab:cds-YP_009725295.1	ACT	T	CCT	P	842
NC_045512.2	2790	C	T	12323	5332	49	2	2	34	0.00016218	12332	0.999084	FALSE	ORF1ab:cds-YP_009724389.1	ACT	T	ATT	I	842
NC_045512.2	2790	C	T	12323	5332	49	2	2	34	0.00016218	12332	0.999084	FALSE	ORF1ab:cds-YP_009725295.1	ACT	T	ATT	I	842
NC_045512.2	2790	C	A	12323	5332	49	7	7	32	0.000567629	12332	0.91652	FALSE	ORF1ab:cds-YP_009724389.1	ACT	T	AAT	N	842
NC_045512.2	2790	C	A	12323	5332	49	7	7	32	0.000567629	12332	0.91652	FALSE	ORF1ab:cds-YP_009725295.1	ACT	T	AAT	N	842
NC_045512.2	2791	T	G	12121	5229	49	2	2	34	0.00016484	12133	0.999083	FALSE	ORF1ab:cds-YP_009724389.1	ACT	T	ACG	T	842
NC_045512.2	2791	T	G	12121	5229	49	2	2	34	0.00016484	12133	0.999083	FALSE	ORF1ab:cds-YP_009725295.1	ACT	T	ACG	T	842
NC_045512.2	2791	T	C	12121	5229	49	8	8	36	0.000659359	12133	0.868392	FALSE	ORF1ab:cds-YP_009724389.1	ACT	T	ACC	T	842
NC_045512.2	2791	T	C	12121	5229	49	8	8	36	0.000659359	12133	0.868392	FALSE	ORF1ab:cds-YP_009725295.1	ACT	T	ACC	T	842
NC_045512.2	2791	T	A	12121	5229	49	2	2	30	0.00016484	12133	0.999083	FALSE	ORF1ab:cds-YP_009724389.1	ACT	T	ACA	T	842
NC_045512.2	2791	T	A	12121	5229	49	2	2	30	0.00016484	12133	0.999083	FALSE	ORF1ab:cds-YP_009725295.1	ACT	T	ACA	T	842
NC_045512.2	2792	T	G	11883	5064	47	1	0	34	8.40972e-05	11891	0.999756	FALSE	ORF1ab:cds-YP_009724389.1	TTT	F	GTT	V	843
NC_045512.2	2792	T	G	11883	5064	47	1	0	34	8.40972e-05	11891	0.999756	FALSE	ORF1ab:cds-YP_009725295.1	TTT	F	GTT	V	843
NC_045512.2	2792	T	C	11883	5064	47	3	2	34	0.000252292	11891	0.993532	FALSE	ORF1ab:cds-YP_009724389.1	TTT	F	CTT	L	843
NC_045512.2	2792	T	C	11883	5064	47	3	2	34	0.000252292	11891	0.993532	FALSE	ORF1ab:cds-YP_009725295.1	TTT	F	CTT	L	843
NC_045512.2	2792	T	A	11883	5064	47	4	4	34	0.000336389	11891	0.982429	FALSE	ORF1ab:cds-YP_009724389.1	TTT	F	ATT	I	843
NC_045512.2	2792	T	A	11883	5064	47	4	4	34	0.000336389	11891	0.982429	FALSE	ORF1ab:cds-YP_009725295.1	TTT	F	ATT	I	843
NC_045512.2	2793	T	G	12185	5303	49	1	1	34	8.20277e-05	12191	0.999878	FALSE	ORF1ab:cds-YP_009724389.1	TTT	F	TGT	C	843
NC_045512.2	2793	T	G	12185	5303	49	1	1	34	8.20277e-05	12191	0.999878	FALSE	ORF1ab:cds-YP_009725295.1	TTT	F	TGT	C	843
NC_045512.2	2793	T	C	12185	5303	49	4	4	34	0.000328111	12191	0.989381	FALSE	ORF1ab:cds-YP_009724389.1	TTT	F	TCT	S	843
NC_045512.2	2793	T	C	12185	5303	49	4	4	34	0.000328111	12191	0.989381	FALSE	ORF1ab:cds-YP_009725295.1	TTT	F	TCT	S	843
NC_045512.2	2793	T	A	12185	5303	49	1	1	34	8.20277e-05	12191	0.999878	FALSE	ORF1ab:cds-YP_009724389.1	TTT	F	TAT	Y	843
NC_045512.2	2793	T	A	12185	5303	49	1	1	34	8.20277e-05	12191	0.999878	FALSE	ORF1ab:cds-YP_009725295.1	TTT	F	TAT	Y	843
NC_045512.2	2794	T	C	12140	5276	49	4	3	47	0.000329327	12146	0.187449	FALSE	ORF1ab:cds-YP_009724389.1	TTT	F	TTC	F	843
NC_045512.2	2794	T	C	12140	5276	49	4	3	47	0.000329327	12146	0.187449	FALSE	ORF1ab:cds-YP_009725295.1	TTT	F	TTC	F	843
NC_045512.2	2794	T	A	12140	5276	49	2	2	30	0.000164663	12146	0.999086	FALSE	ORF1ab:cds-YP_009724389.1	TTT	F	TTA	L	843
NC_045512.2	2794	T	A	12140	5276	49	2	2	30	0.000164663	12146	0.999086	FALSE	ORF1ab:cds-YP_009725295.1	TTT	F	TTA	L	843
NC_045512.2	2795	G	T	12136	5258	49	9	9	32	0.000740924	12147	0.808397	FALSE	ORF1ab:cds-YP_009724389.1	GAA	E	TAA	*	844
NC_045512.2	2795	G	T	12136	5258	49	9	9	32	0.000740924	12147	0.808397	FALSE	ORF1ab:cds-YP_009725295.1	GAA	E	TAA	*	844
NC_045512.2	2795	G	C	12136	5258	49	1	1	34	8.23249e-05	12147	0.999878	FALSE	ORF1ab:cds-YP_009724389.1	GAA	E	CAA	Q	844
NC_045512.2	2795	G	C	12136	5258	49	1	1	34	8.23249e-05	12147	0.999878	FALSE	ORF1ab:cds-YP_009725295.1	GAA	E	CAA	Q	844
NC_045512.2	2795	G	A	12136	5258	49	1	1	34	8.23249e-05	12147	0.999878	FALSE	ORF1ab:cds-YP_009724389.1	GAA	E	AAA	K	844
NC_045512.2	2795	G	A	12136	5258	49	1	1	34	8.23249e-05	12147	0.999878	FALSE	ORF1ab:cds-YP_009725295.1	GAA	E	AAA	K	844
NC_045512.2	2796	A	T	12173	5307	49	4	4	34	0.000328299	12184	0.989358	FALSE	ORF1ab:cds-YP_009724389.1	GAA	E	GTA	V	844
NC_045512.2	2796	A	T	12173	5307	49	4	4	34	0.000328299	12184	0.989358	FALSE	ORF1ab:cds-YP_009725295.1	GAA	E	GTA	V	844
NC_045512.2	2796	A	G	12173	5307	49	7	5	31	0.000574524	12184	0.916466	FALSE	ORF1ab:cds-YP_009724389.1	GAA	E	GGA	G	844
NC_045512.2	2796	A	G	12173	5307	49	7	5	31	0.000574524	12184	0.916466	FALSE	ORF1ab:cds-YP_009725295.1	GAA	E	GGA	G	844
NC_045512.2	2797	A	T	12017	5412	49	2	2	34	0.000166279	12028	0.999083	FALSE	ORF1ab:cds-YP_009724389.1	GAA	E	GAT	D	844
NC_045512.2	2797	A	T	12017	5412	49	2	2	34	0.000166279	12028	0.999083	FALSE	ORF1ab:cds-YP_009725295.1	GAA	E	GAT	D	844
NC_045512.2	2797	A	G	12017	5412	49	4	4	30	0.000332557	12028	0.989358	FALSE	ORF1ab:cds-YP_009724389.1	GAA	E	GAG	E	844
NC_045512.2	2797	A	G	12017	5412	49	4	4	30	0.000332557	12028	0.989358	FALSE	ORF1ab:cds-YP_009725295.1	GAA	E	GAG	E	844
NC_045512.2	2797	A	C	12017	5412	49	5	0	32	0.000415697	12028	0.975469	FALSE	ORF1ab:cds-YP_009724389.1	GAA	E	GAC	D	844
NC_045512.2	2797	A	C	12017	5412	49	5	0	32	0.000415697	12028	0.975469	FALSE	ORF1ab:cds-YP_009725295.1	GAA	E	GAC	D	844
NC_045512.2	2798	C	T	12154	5407	50	2	1	51	0.000164393	12166	0.249805	FALSE	ORF1ab:cds-YP_009724389.1	CTT	L	TTT	F	845
NC_045512.2	2798	C	T	12154	5407	50	2	1	51	0.000164393	12166	0.249805	FALSE	ORF1ab:cds-YP_009725295.1	CTT	L	TTT	F	845
NC_045512.2	2798	C	G	12154	5407	50	2	2	34	0.000164393	12166	0.999083	FALSE	ORF1ab:cds-YP_009724389.1	CTT	L	GTT	V	845
NC_045512.2	2798	C	G	12154	5407	50	2	2	34	0.000164393	12166	0.999083	FALSE	ORF1ab:cds-YP_009725295.1	CTT	L	GTT	V	845
NC_045512.2	2798	C	A	12154	5407	50	8	8	34	0.00065757	12166	0.868392	FALSE	ORF1ab:cds-YP_009724389.1	CTT	L	ATT	I	845
NC_045512.2	2798	C	A	12154	5407	50	8	8	34	0.00065757	12166	0.868392	FALSE	ORF1ab:cds-YP_009725295.1	CTT	L	ATT	I	845
NC_045512.2	2799	T	G	11846	5158	49	2	1	34	0.000168677	11857	0.998289	FALSE	ORF1ab:cds-YP_009724389.1	CTT	L	CGT	R	845
NC_045512.2	2799	T	G	11846	5158	49	2	1	34	0.000168677	11857	0.998289	FALSE	ORF1ab:cds-YP_009725295.1	CTT	L	CGT	R	845
NC_045512.2	2799	T	C	11846	5158	49	6	6	32	0.00050603	11857	0.928245	FALSE	ORF1ab:cds-YP_009724389.1	CTT	L	CCT	P	845
NC_045512.2	2799	T	C	11846	5158	49	6	6	32	0.00050603	11857	0.928245	FALSE	ORF1ab:cds-YP_009725295.1	CTT	L	CCT	P	845
NC_045512.2	2799	T	A	11846	5158	49	3	3	34	0.000253015	11857	0.993523	FALSE	ORF1ab:cds-YP_009724389.1	CTT	L	CAT	H	845
NC_045512.2	2799	T	A	11846	5158	49	3	3	34	0.000253015	11857	0.993523	FALSE	ORF1ab:cds-YP_009725295.1	CTT	L	CAT	H	845
NC_045512.2	2800	T	G	11947	5275	50	2	2	34	0.000167294	11955	0.998291	FALSE	ORF1ab:cds-YP_009724389.1	CTT	L	CTG	L	845
NC_045512.2	2800	T	G	11947	5275	50	2	2	34	0.000167294	11955	0.998291	FALSE	ORF1ab:cds-YP_009725295.1	CTT	L	CTG	L	845
NC_045512.2	2800	T	C	11947	5275	50	3	3	31	0.000250941	11955	0.993532	FALSE	ORF1ab:cds-YP_009724389.1	CTT	L	CTC	L	845
NC_045512.2	2800	T	C	11947	5275	50	3	3	31	0.000250941	11955	0.993532	FALSE	ORF1ab:cds-YP_009725295.1	CTT	L	CTC	L	845
NC_045512.2	2800	T	A	11947	5275	50	3	2	34	0.000250941	11955	0.993532	FALSE	ORF1ab:cds-YP_009724389.1	CTT	L	CTA	L	845
NC_045512.2	2800	T	A	11947	5275	50	3	2	34	0.000250941	11955	0.993532	FALSE	ORF1ab:cds-YP_009725295.1	CTT	L	CTA	L	845
NC_045512.2	2801	G	T	12001	5271	50	7	7	34	0.000582751	12012	0.916466	FALSE	ORF1ab:cds-YP_009724389.1	GAT	D	TAT	Y	846
NC_045512.2	2801	G	T	12001	5271	50	7	7	34	0.000582751	12012	0.916466	FALSE	ORF1ab:cds-YP_009725295.1	GAT	D	TAT	Y	846
NC_045512.2	2801	G	C	12001	5271	50	3	3	31	0.00024975	12012	0.996304	FALSE	ORF1ab:cds-YP_009724389.1	GAT	D	CAT	H	846
NC_045512.2	2801	G	C	12001	5271	50	3	3	31	0.00024975	12012	0.996304	FALSE	ORF1ab:cds-YP_009725295.1	GAT	D	CAT	H	846
NC_045512.2	2801	G	A	12001	5271	50	1	1	34	8.32501e-05	12012	0.999878	FALSE	ORF1ab:cds-YP_009724389.1	GAT	D	AAT	N	846
NC_045512.2	2801	G	A	12001	5271	50	1	1	34	8.32501e-05	12012	0.999878	FALSE	ORF1ab:cds-YP_009725295.1	GAT	D	AAT	N	846
NC_045512.2	2802	A	T	12052	5313	50	3	3	34	0.000248674	12064	0.996302	FALSE	ORF1ab:cds-YP_009724389.1	GAT	D	GTT	V	846
NC_045512.2	2802	A	T	12052	5313	50	3	3	34	0.000248674	12064	0.996302	FALSE	ORF1ab:cds-YP_009725295.1	GAT	D	GTT	V	846
NC_045512.2	2802	A	G	12052	5313	50	7	7	34	0.000580239	12064	0.916438	FALSE	ORF1ab:cds-YP_009724389.1	GAT	D	GGT	G	846
NC_045512.2	2802	A	G	12052	5313	50	7	7	34	0.000580239	12064	0.916438	FALSE	ORF1ab:cds-YP_009725295.1	GAT	D	GGT	G	846
NC_045512.2	2802	A	C	12052	5313	50	2	2	34	0.000165782	12064	0.999083	FALSE	ORF1ab:cds-YP_009724389.1	GAT	D	GCT	A	846
NC_045512.2	2802	A	C	12052	5313	50	2	2	34	0.000165782	12064	0.999083	FALSE	ORF1ab:cds-YP_009725295.1	GAT	D	GCT	A	846
NC_045512.2	2803	T	G	12003	5337	50	1	1	34	8.32432e-05	12013	0.999878	FALSE	ORF1ab:cds-YP_009724389.1	GAT	D	GAG	E	846
NC_045512.2	2803	T	G	12003	5337	50	1	1	34	8.32432e-05	12013	0.999878	FALSE	ORF1ab:cds-YP_009725295.1	GAT	D	GAG	E	846
NC_045512.2	2803	T	C	12003	5337	50	3	3	34	0.000249729	12013	0.996306	FALSE	ORF1ab:cds-YP_009724389.1	GAT	D	GAC	D	846
NC_045512.2	2803	T	C	12003	5337	50	3	3	34	0.000249729	12013	0.996306	FALSE	ORF1ab:cds-YP_009725295.1	GAT	D	GAC	D	846
NC_045512.2	2803	T	A	12003	5337	50	6	6	34	0.000499459	12013	0.951883	FALSE	ORF1ab:cds-YP_009724389.1	GAT	D	GAA	E	846
NC_045512.2	2803	T	A	12003	5337	50	6	6	34	0.000499459	12013	0.951883	FALSE	ORF1ab:cds-YP_009725295.1	GAT	D	GAA	E	846
NC_045512.2	2804	G	T	11999	5407	50	5	5	32	0.000416424	12007	0.975499	FALSE	ORF1ab:cds-YP_009724389.1	GAA	E	TAA	*	847
NC_045512.2	2804	G	T	11999	5407	50	5	5	32	0.000416424	12007	0.975499	FALSE	ORF1ab:cds-YP_009725295.1	GAA	E	TAA	*	847
NC_045512.2	2804	G	C	11999	5407	50	1	1	34	8.32848e-05	12007	0.999878	FALSE	ORF1ab:cds-YP_009724389.1	GAA	E	CAA	Q	847
NC_045512.2	2804	G	C	11999	5407	50	1	1	34	8.32848e-05	12007	0.999878	FALSE	ORF1ab:cds-YP_009725295.1	GAA	E	CAA	Q	847
NC_045512.2	2804	G	A	11999	5407	50	2	2	34	0.00016657	12007	0.999085	FALSE	ORF1ab:cds-YP_009724389.1	GAA	E	AAA	K	847
NC_045512.2	2804	G	A	11999	5407	50	2	2	34	0.00016657	12007	0.999085	FALSE	ORF1ab:cds-YP_009725295.1	GAA	E	AAA	K	847
NC_045512.2	2805	A	T	11923	5601	49	5	5	32	0.000418971	11934	0.961573	FALSE	ORF1ab:cds-YP_009724389.1	GAA	E	GTA	V	847
NC_045512.2	2805	A	T	11923	5601	49	5	5	32	0.000418971	11934	0.961573	FALSE	ORF1ab:cds-YP_009725295.1	GAA	E	GTA	V	847
NC_045512.2	2805	A	G	11923	5601	49	6	6	32	0.000502765	11934	0.928245	FALSE	ORF1ab:cds-YP_009724389.1	GAA	E	GGA	G	847
NC_045512.2	2805	A	G	11923	5601	49	6	6	32	0.000502765	11934	0.928245	FALSE	ORF1ab:cds-YP_009725295.1	GAA	E	GGA	G	847
NC_045512.2	2806	A	T	11907	5587	48	2	2	30	0.000167884	11913	0.998293	FALSE	ORF1ab:cds-YP_009724389.1	GAA	E	GAT	D	847
NC_045512.2	2806	A	T	11907	5587	48	2	2	30	0.000167884	11913	0.998293	FALSE	ORF1ab:cds-YP_009725295.1	GAA	E	GAT	D	847
NC_045512.2	2806	A	G	11907	5587	48	4	3	34	0.000335768	11913	0.982443	FALSE	ORF1ab:cds-YP_009724389.1	GAA	E	GAG	E	847
NC_045512.2	2806	A	G	11907	5587	48	4	3	34	0.000335768	11913	0.982443	FALSE	ORF1ab:cds-YP_009725295.1	GAA	E	GAG	E	847
NC_045512.2	2807	A	T	11938	5646	48	4	4	34	0.000334812	11947	0.982422	FALSE	ORF1ab:cds-YP_009724389.1	AGG	R	TGG	W	848
NC_045512.2	2807	A	T	11938	5646	48	4	4	34	0.000334812	11947	0.982422	FALSE	ORF1ab:cds-YP_009725295.1	AGG	R	TGG	W	848
NC_045512.2	2807	A	G	11938	5646	48	3	3	31	0.000251109	11947	0.993529	FALSE	ORF1ab:cds-YP_009724389.1	AGG	R	GGG	G	848
NC_045512.2	2807	A	G	11938	5646	48	3	3	31	0.000251109	11947	0.993529	FALSE	ORF1ab:cds-YP_009725295.1	AGG	R	GGG	G	848
NC_045512.2	2807	A	C	11938	5646	48	2	2	34	0.000167406	11947	0.99829	FALSE	ORF1ab:cds-YP_009724389.1	AGG	R	CGG	R	848
NC_045512.2	2807	A	C	11938	5646	48	2	2	34	0.000167406	11947	0.99829	FALSE	ORF1ab:cds-YP_009725295.1	AGG	R	CGG	R	848
NC_045512.2	2808	G	T	11955	5621	48	3	2	42	0.000250668	11968	0.312202	FALSE	ORF1ab:cds-YP_009724389.1	AGG	R	ATG	M	848
NC_045512.2	2808	G	T	11955	5621	48	3	2	42	0.000250668	11968	0.312202	FALSE	ORF1ab:cds-YP_009725295.1	AGG	R	ATG	M	848
NC_045512.2	2808	G	C	11955	5621	48	1	1	34	8.35561e-05	11968	0.999755	FALSE	ORF1ab:cds-YP_009724389.1	AGG	R	ACG	T	848
NC_045512.2	2808	G	C	11955	5621	48	1	1	34	8.35561e-05	11968	0.999755	FALSE	ORF1ab:cds-YP_009725295.1	AGG	R	ACG	T	848
NC_045512.2	2808	G	A	11955	5621	48	9	9	32	0.000752005	11968	0.748187	FALSE	ORF1ab:cds-YP_009724389.1	AGG	R	AAG	K	848
NC_045512.2	2808	G	A	11955	5621	48	9	9	32	0.000752005	11968	0.748187	FALSE	ORF1ab:cds-YP_009725295.1	AGG	R	AAG	K	848
NC_045512.2	2809	G	T	12022	5698	48	5	3	34	0.000415559	12032	0.975479	FALSE	ORF1ab:cds-YP_009724389.1	AGG	R	AGT	S	848
NC_045512.2	2809	G	T	12022	5698	48	5	3	34	0.000415559	12032	0.975479	FALSE	ORF1ab:cds-YP_009725295.1	AGG	R	AGT	S	848
NC_045512.2	2809	G	A	12022	5698	48	5	5	32	0.000415559	12032	0.975479	FALSE	ORF1ab:cds-YP_009724389.1	AGG	R	AGA	R	848
NC_045512.2	2809	G	A	12022	5698	48	5	5	32	0.000415559	12032	0.975479	FALSE	ORF1ab:cds-YP_009725295.1	AGG	R	AGA	R	848
NC_045512.2	2810	A	T	11999	5839	48	3	2	30	0.000249729	12013	0.996299	FALSE	ORF1ab:cds-YP_009724389.1	ATT	I	TTT	F	849
NC_045512.2	2810	A	T	11999	5839	48	3	2	30	0.000249729	12013	0.996299	FALSE	ORF1ab:cds-YP_009725295.1	ATT	I	TTT	F	849
NC_045512.2	2810	A	G	11999	5839	48	9	9	34	0.000749188	12013	0.80824	FALSE	ORF1ab:cds-YP_009724389.1	ATT	I	GTT	V	849
NC_045512.2	2810	A	G	11999	5839	48	9	9	34	0.000749188	12013	0.80824	FALSE	ORF1ab:cds-YP_009725295.1	ATT	I	GTT	V	849
NC_045512.2	2810	A	C	11999	5839	48	2	2	26	0.000166486	12013	1	FALSE	ORF1ab:cds-YP_009724389.1	ATT	I	CTT	L	849
NC_045512.2	2810	A	C	11999	5839	48	2	2	26	0.000166486	12013	1	FALSE	ORF1ab:cds-YP_009725295.1	ATT	I	CTT	L	849
NC_045512.2	2811	T	G	11949	5802	48	4	4	30	0.000334392	11962	0.982394	FALSE	ORF1ab:cds-YP_009724389.1	ATT	I	AGT	S	849
NC_045512.2	2811	T	G	11949	5802	48	4	4	30	0.000334392	11962	0.982394	FALSE	ORF1ab:cds-YP_009725295.1	ATT	I	AGT	S	849
NC_045512.2	2811	T	C	11949	5802	48	1	1	24	8.35981e-05	11962	1	FALSE	ORF1ab:cds-YP_009724389.1	ATT	I	ACT	T	849
NC_045512.2	2811	T	C	11949	5802	48	1	1	24	8.35981e-05	11962	1	FALSE	ORF1ab:cds-YP_009725295.1	ATT	I	ACT	T	849
NC_045512.2	2811	T	A	11949	5802	48	8	8	33	0.000668784	11962	0.820262	FALSE	ORF1ab:cds-YP_009724389.1	ATT	I	AAT	N	849
NC_045512.2	2811	T	A	11949	5802	48	8	8	33	0.000668784	11962	0.820262	FALSE	ORF1ab:cds-YP_009725295.1	ATT	I	AAT	N	849
NC_045512.2	2812	T	G	12026	5888	48	4	4	32	0.000332419	12033	0.989376	FALSE	ORF1ab:cds-YP_009724389.1	ATT	I	ATG	M	849
NC_045512.2	2812	T	G	12026	5888	48	4	4	32	0.000332419	12033	0.989376	FALSE	ORF1ab:cds-YP_009725295.1	ATT	I	ATG	M	849
NC_045512.2	2812	T	A	12026	5888	48	3	3	34	0.000249314	12033	0.996311	FALSE	ORF1ab:cds-YP_009724389.1	ATT	I	ATA	I	849
NC_045512.2	2812	T	A	12026	5888	48	3	3	34	0.000249314	12033	0.996311	FALSE	ORF1ab:cds-YP_009725295.1	ATT	I	ATA	I	849
NC_045512.2	2813	G	T	12099	5891	48	9	9	32	0.000743003	12113	0.808241	FALSE	ORF1ab:cds-YP_009724389.1	GAT	D	TAT	Y	850
NC_045512.2	2813	G	T	12099	5891	48	9	9	32	0.000743003	12113	0.808241	FALSE	ORF1ab:cds-YP_009725295.1	GAT	D	TAT	Y	850
NC_045512.2	2813	G	C	12099	5891	48	1	1	34	8.25559e-05	12113	0.999878	FALSE	ORF1ab:cds-YP_009724389.1	GAT	D	CAT	H	850
NC_045512.2	2813	G	C	12099	5891	48	1	1	34	8.25559e-05	12113	0.999878	FALSE	ORF1ab:cds-YP_009725295.1	GAT	D	CAT	H	850
NC_045512.2	2813	G	A	12099	5891	48	4	4	32	0.000330224	12113	0.989344	FALSE	ORF1ab:cds-YP_009724389.1	GAT	D	AAT	N	850
NC_045512.2	2813	G	A	12099	5891	48	4	4	32	0.000330224	12113	0.989344	FALSE	ORF1ab:cds-YP_009725295.1	GAT	D	AAT	N	850
NC_045512.2	2814	A	T	12348	5922	48	4	4	34	0.000323625	12360	0.989353	FALSE	ORF1ab:cds-YP_009724389.1	GAT	D	GTT	V	850
NC_045512.2	2814	A	T	12348	5922	48	4	4	34	0.000323625	12360	0.989353	FALSE	ORF1ab:cds-YP_009725295.1	GAT	D	GTT	V	850
NC_045512.2	2814	A	G	12348	5922	48	8	7	36	0.000647249	12360	0.868393	FALSE	ORF1ab:cds-YP_009724389.1	GAT	D	GGT	G	850
NC_045512.2	2814	A	G	12348	5922	48	8	7	36	0.000647249	12360	0.868393	FALSE	ORF1ab:cds-YP_009725295.1	GAT	D	GGT	G	850
NC_045512.2	2815	T	G	12352	5993	48	5	4	34	0.000404269	12368	0.975422	FALSE	ORF1ab:cds-YP_009724389.1	GAT	D	GAG	E	850
NC_045512.2	2815	T	G	12352	5993	48	5	4	34	0.000404269	12368	0.975422	FALSE	ORF1ab:cds-YP_009725295.1	GAT	D	GAG	E	850
NC_045512.2	2815	T	C	12352	5993	48	2	2	26	0.000161708	12368	1	FALSE	ORF1ab:cds-YP_009724389.1	GAT	D	GAC	D	850
NC_045512.2	2815	T	C	12352	5993	48	2	2	26	0.000161708	12368	1	FALSE	ORF1ab:cds-YP_009725295.1	GAT	D	GAC	D	850
NC_045512.2	2815	T	A	12352	5993	48	9	9	33	0.000727684	12368	0.808141	FALSE	ORF1ab:cds-YP_009724389.1	GAT	D	GAA	E	850
NC_045512.2	2815	T	A	12352	5993	48	9	9	33	0.000727684	12368	0.808141	FALSE	ORF1ab:cds-YP_009725295.1	GAT	D	GAA	E	850
NC_045512.2	2816	A	T	11961	5947	47	9	9	33	0.000751566	11975	0.748127	FALSE	ORF1ab:cds-YP_009724389.1	AAA	K	TAA	*	851
NC_045512.2	2816	A	T	11961	5947	47	9	9	33	0.000751566	11975	0.748127	FALSE	ORF1ab:cds-YP_009725295.1	AAA	K	TAA	*	851
NC_045512.2	2816	A	G	11961	5947	47	5	3	31	0.000417537	11975	0.961531	FALSE	ORF1ab:cds-YP_009724389.1	AAA	K	GAA	E	851
NC_045512.2	2816	A	G	11961	5947	47	5	3	31	0.000417537	11975	0.961531	FALSE	ORF1ab:cds-YP_009725295.1	AAA	K	GAA	E	851
NC_045512.2	2817	A	T	12193	5894	48	2	2	34	0.000163921	12201	0.999085	FALSE	ORF1ab:cds-YP_009724389.1	AAA	K	ATA	I	851
NC_045512.2	2817	A	T	12193	5894	48	2	2	34	0.000163921	12201	0.999085	FALSE	ORF1ab:cds-YP_009725295.1	AAA	K	ATA	I	851
NC_045512.2	2817	A	G	12193	5894	48	4	4	32	0.000327842	12201	0.989371	FALSE	ORF1ab:cds-YP_009724389.1	AAA	K	AGA	R	851
NC_045512.2	2817	A	G	12193	5894	48	4	4	32	0.000327842	12201	0.989371	FALSE	ORF1ab:cds-YP_009725295.1	AAA	K	AGA	R	851
NC_045512.2	2817	A	C	12193	5894	48	2	2	30	0.000163921	12201	0.999085	FALSE	ORF1ab:cds-YP_009724389.1	AAA	K	ACA	T	851
NC_045512.2	2817	A	C	12193	5894	48	2	2	30	0.000163921	12201	0.999085	FALSE	ORF1ab:cds-YP_009725295.1	AAA	K	ACA	T	851
NC_045512.2	2818	A	T	11782	5919	47	4	4	32	0.000339213	11792	0.982415	FALSE	ORF1ab:cds-YP_009724389.1	AAA	K	AAT	N	851
NC_045512.2	2818	A	T	11782	5919	47	4	4	32	0.000339213	11792	0.982415	FALSE	ORF1ab:cds-YP_009725295.1	AAA	K	AAT	N	851
NC_045512.2	2818	A	G	11782	5919	47	2	2	34	0.000169607	11792	0.998289	FALSE	ORF1ab:cds-YP_009724389.1	AAA	K	AAG	K	851
NC_045512.2	2818	A	G	11782	5919	47	2	2	34	0.000169607	11792	0.998289	FALSE	ORF1ab:cds-YP_009725295.1	AAA	K	AAG	K	851
NC_045512.2	2818	A	C	11782	5919	47	4	3	32	0.000339213	11792	0.982415	FALSE	ORF1ab:cds-YP_009724389.1	AAA	K	AAC	N	851
NC_045512.2	2818	A	C	11782	5919	47	4	3	32	0.000339213	11792	0.982415	FALSE	ORF1ab:cds-YP_009725295.1	AAA	K	AAC	N	851
NC_045512.2	2819	G	T	12248	5948	48	3	2	34	0.000244658	12262	0.996299	FALSE	ORF1ab:cds-YP_009724389.1	GTA	V	TTA	L	852
NC_045512.2	2819	G	T	12248	5948	48	3	2	34	0.000244658	12262	0.996299	FALSE	ORF1ab:cds-YP_009725295.1	GTA	V	TTA	L	852
NC_045512.2	2819	G	A	12248	5948	48	11	11	33	0.00089708	12262	0.661108	FALSE	ORF1ab:cds-YP_009724389.1	GTA	V	ATA	I	852
NC_045512.2	2819	G	A	12248	5948	48	11	11	33	0.00089708	12262	0.661108	FALSE	ORF1ab:cds-YP_009725295.1	GTA	V	ATA	I	852
NC_045512.2	2820	T	G	12280	6073	48	9	9	32	0.000731886	12297	0.808088	FALSE	ORF1ab:cds-YP_009724389.1	GTA	V	GGA	G	852
NC_045512.2	2820	T	G	12280	6073	48	9	9	32	0.000731886	12297	0.808088	FALSE	ORF1ab:cds-YP_009725295.1	GTA	V	GGA	G	852
NC_045512.2	2820	T	C	12280	6073	48	1	0	34	8.13206e-05	12297	0.999877	FALSE	ORF1ab:cds-YP_009724389.1	GTA	V	GCA	A	852
NC_045512.2	2820	T	C	12280	6073	48	1	0	34	8.13206e-05	12297	0.999877	FALSE	ORF1ab:cds-YP_009725295.1	GTA	V	GCA	A	852
NC_045512.2	2820	T	A	12280	6073	48	7	6	32	0.000569245	12297	0.916301	FALSE	ORF1ab:cds-YP_009724389.1	GTA	V	GAA	E	852
NC_045512.2	2820	T	A	12280	6073	48	7	6	32	0.000569245	12297	0.916301	FALSE	ORF1ab:cds-YP_009725295.1	GTA	V	GAA	E	852
NC_045512.2	2821	A	T	12264	5993	48	9	9	33	0.00073278	12282	0.808036	FALSE	ORF1ab:cds-YP_009724389.1	GTA	V	GTT	V	852
NC_045512.2	2821	A	T	12264	5993	48	9	9	33	0.00073278	12282	0.808036	FALSE	ORF1ab:cds-YP_009725295.1	GTA	V	GTT	V	852
NC_045512.2	2821	A	G	12264	5993	48	9	6	39	0.00073278	12282	0.808036	FALSE	ORF1ab:cds-YP_009724389.1	GTA	V	GTG	V	852
NC_045512.2	2821	A	G	12264	5993	48	9	6	39	0.00073278	12282	0.808036	FALSE	ORF1ab:cds-YP_009725295.1	GTA	V	GTG	V	852
NC_045512.2	2822	C	T	12422	6086	48	3	3	34	0.000241177	12439	0.996294	FALSE	ORF1ab:cds-YP_009724389.1	CTT	L	TTT	F	853
NC_045512.2	2822	C	T	12422	6086	48	3	3	34	0.000241177	12439	0.996294	FALSE	ORF1ab:cds-YP_009725295.1	CTT	L	TTT	F	853
NC_045512.2	2822	C	G	12422	6086	48	5	5	32	0.000401962	12439	0.975413	FALSE	ORF1ab:cds-YP_009724389.1	CTT	L	GTT	V	853
NC_045512.2	2822	C	G	12422	6086	48	5	5	32	0.000401962	12439	0.975413	FALSE	ORF1ab:cds-YP_009725295.1	CTT	L	GTT	V	853
NC_045512.2	2822	C	A	12422	6086	48	9	9	33	0.000723531	12439	0.808091	FALSE	ORF1ab:cds-YP_009724389.1	CTT	L	ATT	I	853
NC_045512.2	2822	C	A	12422	6086	48	9	9	33	0.000723531	12439	0.808091	FALSE	ORF1ab:cds-YP_009725295.1	CTT	L	ATT	I	853
NC_045512.2	2823	T	G	12191	6034	48	3	3	34	0.000245922	12199	0.996309	FALSE	ORF1ab:cds-YP_009724389.1	CTT	L	CGT	R	853
NC_045512.2	2823	T	G	12191	6034	48	3	3	34	0.000245922	12199	0.996309	FALSE	ORF1ab:cds-YP_009725295.1	CTT	L	CGT	R	853
NC_045512.2	2823	T	C	12191	6034	48	4	4	28	0.000327896	12199	1	FALSE	ORF1ab:cds-YP_009724389.1	CTT	L	CCT	P	853
NC_045512.2	2823	T	C	12191	6034	48	4	4	28	0.000327896	12199	1	FALSE	ORF1ab:cds-YP_009725295.1	CTT	L	CCT	P	853
NC_045512.2	2823	T	A	12191	6034	48	1	1	34	8.19739e-05	12199	0.999878	FALSE	ORF1ab:cds-YP_009724389.1	CTT	L	CAT	H	853
NC_045512.2	2823	T	A	12191	6034	48	1	1	34	8.19739e-05	12199	0.999878	FALSE	ORF1ab:cds-YP_009725295.1	CTT	L	CAT	H	853
NC_045512.2	2824	T	G	12243	6148	49	3	1	34	0.000244838	12253	0.996306	FALSE	ORF1ab:cds-YP_009724389.1	CTT	L	CTG	L	853
NC_045512.2	2824	T	G	12243	6148	49	3	1	34	0.000244838	12253	0.996306	FALSE	ORF1ab:cds-YP_009725295.1	CTT	L	CTG	L	853
NC_045512.2	2824	T	C	12243	6148	49	2	1	47	0.000163225	12253	0.499786	FALSE	ORF1ab:cds-YP_009724389.1	CTT	L	CTC	L	853
NC_045512.2	2824	T	C	12243	6148	49	2	1	47	0.000163225	12253	0.499786	FALSE	ORF1ab:cds-YP_009725295.1	CTT	L	CTC	L	853
NC_045512.2	2824	T	A	12243	6148	49	5	5	32	0.000408063	12253	0.975479	FALSE	ORF1ab:cds-YP_009724389.1	CTT	L	CTA	L	853
NC_045512.2	2824	T	A	12243	6148	49	5	5	32	0.000408063	12253	0.975479	FALSE	ORF1ab:cds-YP_009725295.1	CTT	L	CTA	L	853
NC_045512.2	2825	A	T	12263	6187	49	6	6	32	0.000488878	12273	0.951882	FALSE	ORF1ab:cds-YP_009724389.1	AAT	N	TAT	Y	854
NC_045512.2	2825	A	T	12263	6187	49	6	6	32	0.000488878	12273	0.951882	FALSE	ORF1ab:cds-YP_009725295.1	AAT	N	TAT	Y	854
NC_045512.2	2825	A	G	12263	6187	49	1	1	34	8.14797e-05	12273	0.999878	FALSE	ORF1ab:cds-YP_009724389.1	AAT	N	GAT	D	854
NC_045512.2	2825	A	G	12263	6187	49	1	1	34	8.14797e-05	12273	0.999878	FALSE	ORF1ab:cds-YP_009725295.1	AAT	N	GAT	D	854
NC_045512.2	2825	A	C	12263	6187	49	3	2	29	0.000244439	12273	1	FALSE	ORF1ab:cds-YP_009724389.1	AAT	N	CAT	H	854
NC_045512.2	2825	A	C	12263	6187	49	3	2	29	0.000244439	12273	1	FALSE	ORF1ab:cds-YP_009725295.1	AAT	N	CAT	H	854
NC_045512.2	2826	A	T	12081	6308	48	2	2	34	0.000165467	12087	0.999086	FALSE	ORF1ab:cds-YP_009724389.1	AAT	N	ATT	I	854
NC_045512.2	2826	A	T	12081	6308	48	2	2	34	0.000165467	12087	0.999086	FALSE	ORF1ab:cds-YP_009725295.1	AAT	N	ATT	I	854
NC_045512.2	2826	A	G	12081	6308	48	2	2	30	0.000165467	12087	0.999086	FALSE	ORF1ab:cds-YP_009724389.1	AAT	N	AGT	S	854
NC_045512.2	2826	A	G	12081	6308	48	2	2	30	0.000165467	12087	0.999086	FALSE	ORF1ab:cds-YP_009725295.1	AAT	N	AGT	S	854
NC_045512.2	2826	A	C	12081	6308	48	2	2	30	0.000165467	12087	0.999086	FALSE	ORF1ab:cds-YP_009724389.1	AAT	N	ACT	T	854
NC_045512.2	2826	A	C	12081	6308	48	2	2	30	0.000165467	12087	0.999086	FALSE	ORF1ab:cds-YP_009725295.1	AAT	N	ACT	T	854
NC_045512.2	2827	T	G	12227	6293	48	4	4	28	0.000326771	12241	1	FALSE	ORF1ab:cds-YP_009724389.1	AAT	N	AAG	K	854
NC_045512.2	2827	T	G	12227	6293	48	4	4	28	0.000326771	12241	1	FALSE	ORF1ab:cds-YP_009725295.1	AAT	N	AAG	K	854
NC_045512.2	2827	T	A	12227	6293	48	10	10	31	0.000816927	12241	0.738172	FALSE	ORF1ab:cds-YP_009724389.1	AAT	N	AAA	K	854
NC_045512.2	2827	T	A	12227	6293	48	10	10	31	0.000816927	12241	0.738172	FALSE	ORF1ab:cds-YP_009725295.1	AAT	N	AAA	K	854
NC_045512.2	2828	G	T	12128	6259	49	6	6	34	0.000494193	12141	0.95183	FALSE	ORF1ab:cds-YP_009724389.1	GAG	E	TAG	*	855
NC_045512.2	2828	G	T	12128	6259	49	6	6	34	0.000494193	12141	0.95183	FALSE	ORF1ab:cds-YP_009725295.1	GAG	E	TAG	*	855
NC_045512.2	2828	G	C	12128	6259	49	1	1	34	8.23655e-05	12141	0.999878	FALSE	ORF1ab:cds-YP_009724389.1	GAG	E	CAG	Q	855
NC_045512.2	2828	G	C	12128	6259	49	1	1	34	8.23655e-05	12141	0.999878	FALSE	ORF1ab:cds-YP_009725295.1	GAG	E	CAG	Q	855
NC_045512.2	2828	G	A	12128	6259	49	6	6	34	0.000494193	12141	0.95183	FALSE	ORF1ab:cds-YP_009724389.1	GAG	E	AAG	K	855
NC_045512.2	2828	G	A	12128	6259	49	6	6	34	0.000494193	12141	0.95183	FALSE	ORF1ab:cds-YP_009725295.1	GAG	E	AAG	K	855
NC_045512.2	2829	A	T	12062	6250	48	5	5	34	0.000414182	12072	0.975479	FALSE	ORF1ab:cds-YP_009724389.1	GAG	E	GTG	V	855
NC_045512.2	2829	A	T	12062	6250	48	5	5	34	0.000414182	12072	0.975479	FALSE	ORF1ab:cds-YP_009725295.1	GAG	E	GTG	V	855
NC_045512.2	2829	A	G	12062	6250	48	5	5	34	0.000414182	12072	0.975479	FALSE	ORF1ab:cds-YP_009724389.1	GAG	E	GGG	G	855
NC_045512.2	2829	A	G	12062	6250	48	5	5	34	0.000414182	12072	0.975479	FALSE	ORF1ab:cds-YP_009725295.1	GAG	E	GGG	G	855
NC_045512.2	2830	G	T	12012	6252	48	4	4	32	0.000332668	12024	0.989353	FALSE	ORF1ab:cds-YP_009724389.1	GAG	E	GAT	D	855
NC_045512.2	2830	G	T	12012	6252	48	4	4	32	0.000332668	12024	0.989353	FALSE	ORF1ab:cds-YP_009725295.1	GAG	E	GAT	D	855
NC_045512.2	2830	G	C	12012	6252	48	1	1	34	8.3167e-05	12024	0.999878	FALSE	ORF1ab:cds-YP_009724389.1	GAG	E	GAC	D	855
NC_045512.2	2830	G	C	12012	6252	48	1	1	34	8.3167e-05	12024	0.999878	FALSE	ORF1ab:cds-YP_009725295.1	GAG	E	GAC	D	855
NC_045512.2	2830	G	A	12012	6252	48	7	7	31	0.000582169	12024	0.916438	FALSE	ORF1ab:cds-YP_009724389.1	GAG	E	GAA	E	855
NC_045512.2	2830	G	A	12012	6252	48	7	7	31	0.000582169	12024	0.916438	FALSE	ORF1ab:cds-YP_009725295.1	GAG	E	GAA	E	855
NC_045512.2	2831	A	T	11863	6268	48	1	1	34	8.42105e-05	11875	0.999755	FALSE	ORF1ab:cds-YP_009724389.1	AAG	K	TAG	*	856
NC_045512.2	2831	A	T	11863	6268	48	1	1	34	8.42105e-05	11875	0.999755	FALSE	ORF1ab:cds-YP_009725295.1	AAG	K	TAG	*	856
NC_045512.2	2831	A	G	11863	6268	48	11	10	32	0.000926316	11875	0.584133	FALSE	ORF1ab:cds-YP_009724389.1	AAG	K	GAG	E	856
NC_045512.2	2831	A	G	11863	6268	48	11	10	32	0.000926316	11875	0.584133	FALSE	ORF1ab:cds-YP_009725295.1	AAG	K	GAG	E	856
NC_045512.2	2832	A	T	9	7	36	3	3	31	0.000253186	11849	2.86293e-07	TRUE	ORF1ab:cds-YP_009724389.1	AAG	K	ATG	M	856
NC_045512.2	2832	A	T	9	7	36	3	3	31	0.000253186	11849	2.86293e-07	TRUE	ORF1ab:cds-YP_009725295.1	AAG	K	ATG	M	856
NC_045512.2	2832	A	G	9	7	36	11831	6195	48	0.998481	11849	0	TRUE	ORF1ab:cds-YP_009724389.1	AAG	K	AGG	R	856
NC_045512.2	2832	A	G	9	7	36	11831	6195	48	0.998481	11849	0	TRUE	ORF1ab:cds-YP_009725295.1	AAG	K	AGG	R	856
NC_045512.2	2832	A	C	9	7	36	6	6	32	0.000506372	11849	1.5907e-14	TRUE	ORF1ab:cds-YP_009724389.1	AAG	K	ACG	T	856
NC_045512.2	2832	A	C	9	7	36	6	6	32	0.000506372	11849	1.5907e-14	TRUE	ORF1ab:cds-YP_009725295.1	AAG	K	ACG	T	856
NC_045512.2	2833	G	T	11701	6104	46	1	1	34	8.54263e-05	11706	0.999756	FALSE	ORF1ab:cds-YP_009724389.1	AAG	K	AAT	N	856
NC_045512.2	2833	G	T	11701	6104	46	1	1	34	8.54263e-05	11706	0.999756	FALSE	ORF1ab:cds-YP_009725295.1	AAG	K	AAT	N	856
NC_045512.2	2833	G	A	11701	6104	46	4	4	34	0.000341705	11706	0.98245	FALSE	ORF1ab:cds-YP_009724389.1	AAG	K	AAA	K	856
NC_045512.2	2833	G	A	11701	6104	46	4	4	34	0.000341705	11706	0.98245	FALSE	ORF1ab:cds-YP_009725295.1	AAG	K	AAA	K	856
NC_045512.2	2834	T	G	11627	6127	49	4	4	34	0.000343761	11636	0.982422	FALSE	ORF1ab:cds-YP_009724389.1	TGC	C	GGC	G	857
NC_045512.2	2834	T	G	11627	6127	49	4	4	34	0.000343761	11636	0.982422	FALSE	ORF1ab:cds-YP_009725295.1	TGC	C	GGC	G	857
NC_045512.2	2834	T	A	11627	6127	49	5	5	32	0.000429701	11636	0.961601	FALSE	ORF1ab:cds-YP_009724389.1	TGC	C	AGC	S	857
NC_045512.2	2834	T	A	11627	6127	49	5	5	32	0.000429701	11636	0.961601	FALSE	ORF1ab:cds-YP_009725295.1	TGC	C	AGC	S	857
NC_045512.2	2835	G	T	11336	5671	44	6	6	34	0.000528728	11348	0.928218	FALSE	ORF1ab:cds-YP_009724389.1	TGC	C	TTC	F	857
NC_045512.2	2835	G	T	11336	5671	44	6	6	34	0.000528728	11348	0.928218	FALSE	ORF1ab:cds-YP_009725295.1	TGC	C	TTC	F	857
NC_045512.2	2835	G	C	11336	5671	44	3	3	28	0.000264364	11348	1	FALSE	ORF1ab:cds-YP_009724389.1	TGC	C	TCC	S	857
NC_045512.2	2835	G	C	11336	5671	44	3	3	28	0.000264364	11348	1	FALSE	ORF1ab:cds-YP_009725295.1	TGC	C	TCC	S	857
NC_045512.2	2835	G	A	11336	5671	44	3	3	34	0.000264364	11348	0.99352	FALSE	ORF1ab:cds-YP_009724389.1	TGC	C	TAC	Y	857
NC_045512.2	2835	G	A	11336	5671	44	3	3	34	0.000264364	11348	0.99352	FALSE	ORF1ab:cds-YP_009725295.1	TGC	C	TAC	Y	857
NC_045512.2	2836	C	T	11634	6285	49	3	3	31	0.000257533	11649	0.993512	FALSE	ORF1ab:cds-YP_009724389.1	TGC	C	TGT	C	857
NC_045512.2	2836	C	T	11634	6285	49	3	3	31	0.000257533	11649	0.993512	FALSE	ORF1ab:cds-YP_009725295.1	TGC	C	TGT	C	857
NC_045512.2	2836	C	G	11634	6285	49	6	6	32	0.000515066	11649	0.928147	FALSE	ORF1ab:cds-YP_009724389.1	TGC	C	TGG	W	857
NC_045512.2	2836	C	G	11634	6285	49	6	6	32	0.000515066	11649	0.928147	FALSE	ORF1ab:cds-YP_009725295.1	TGC	C	TGG	W	857
NC_045512.2	2836	C	A	11634	6285	49	6	6	32	0.000515066	11649	0.928147	FALSE	ORF1ab:cds-YP_009724389.1	TGC	C	TGA	*	857
NC_045512.2	2836	C	A	11634	6285	49	6	6	32	0.000515066	11649	0.928147	FALSE	ORF1ab:cds-YP_009725295.1	TGC	C	TGA	*	857
NC_045512.2	2837	T	G	11599	6252	49	3	2	31	0.000258442	11608	0.993529	FALSE	ORF1ab:cds-YP_009724389.1	TCT	S	GCT	A	858
NC_045512.2	2837	T	G	11599	6252	49	3	2	31	0.000258442	11608	0.993529	FALSE	ORF1ab:cds-YP_009725295.1	TCT	S	GCT	A	858
NC_045512.2	2837	T	C	11599	6252	49	5	5	34	0.000430737	11608	0.961601	FALSE	ORF1ab:cds-YP_009724389.1	TCT	S	CCT	P	858
NC_045512.2	2837	T	C	11599	6252	49	5	5	34	0.000430737	11608	0.961601	FALSE	ORF1ab:cds-YP_009725295.1	TCT	S	CCT	P	858
NC_045512.2	2837	T	A	11599	6252	49	1	1	34	8.61475e-05	11608	0.999756	FALSE	ORF1ab:cds-YP_009724389.1	TCT	S	ACT	T	858
NC_045512.2	2837	T	A	11599	6252	49	1	1	34	8.61475e-05	11608	0.999756	FALSE	ORF1ab:cds-YP_009725295.1	TCT	S	ACT	T	858
NC_045512.2	2838	C	T	11626	6341	50	8	8	32	0.000687403	11638	0.820309	FALSE	ORF1ab:cds-YP_009724389.1	TCT	S	TTT	F	858
NC_045512.2	2838	C	T	11626	6341	50	8	8	32	0.000687403	11638	0.820309	FALSE	ORF1ab:cds-YP_009725295.1	TCT	S	TTT	F	858
NC_045512.2	2838	C	A	11626	6341	50	4	4	32	0.000343702	11638	0.9824	FALSE	ORF1ab:cds-YP_009724389.1	TCT	S	TAT	Y	858
NC_045512.2	2838	C	A	11626	6341	50	4	4	32	0.000343702	11638	0.9824	FALSE	ORF1ab:cds-YP_009725295.1	TCT	S	TAT	Y	858
NC_045512.2	2839	T	G	11356	6127	50	2	2	34	0.00017584	11374	0.998283	FALSE	ORF1ab:cds-YP_009724389.1	TCT	S	TCG	S	858
NC_045512.2	2839	T	G	11356	6127	50	2	2	34	0.00017584	11374	0.998283	FALSE	ORF1ab:cds-YP_009725295.1	TCT	S	TCG	S	858
NC_045512.2	2839	T	C	11356	6127	50	12	10	29	0.00105504	11374	1	FALSE	ORF1ab:cds-YP_009724389.1	TCT	S	TCC	S	858
NC_045512.2	2839	T	C	11356	6127	50	12	10	29	0.00105504	11374	1	FALSE	ORF1ab:cds-YP_009725295.1	TCT	S	TCC	S	858
NC_045512.2	2839	T	A	11356	6127	50	4	4	34	0.000351679	11374	0.982356	FALSE	ORF1ab:cds-YP_009724389.1	TCT	S	TCA	S	858
NC_045512.2	2839	T	A	11356	6127	50	4	4	34	0.000351679	11374	0.982356	FALSE	ORF1ab:cds-YP_009725295.1	TCT	S	TCA	S	858
NC_045512.2	2840	G	T	11328	6101	50	10	9	31	0.000881523	11344	0.667891	FALSE	ORF1ab:cds-YP_009724389.1	GCC	A	TCC	S	859
NC_045512.2	2840	G	T	11328	6101	50	10	9	31	0.000881523	11344	0.667891	FALSE	ORF1ab:cds-YP_009725295.1	GCC	A	TCC	S	859
NC_045512.2	2840	G	C	11328	6101	50	3	3	34	0.000264457	11344	0.993508	FALSE	ORF1ab:cds-YP_009724389.1	GCC	A	CCC	P	859
NC_045512.2	2840	G	C	11328	6101	50	3	3	34	0.000264457	11344	0.993508	FALSE	ORF1ab:cds-YP_009725295.1	GCC	A	CCC	P	859
NC_045512.2	2840	G	A	11328	6101	50	3	3	34	0.000264457	11344	0.993508	FALSE	ORF1ab:cds-YP_009724389.1	GCC	A	ACC	T	859
NC_045512.2	2840	G	A	11328	6101	50	3	3	34	0.000264457	11344	0.993508	FALSE	ORF1ab:cds-YP_009725295.1	GCC	A	ACC	T	859
NC_045512.2	2841	C	T	11298	6136	50	3	2	34	0.000265229	11311	0.993517	FALSE	ORF1ab:cds-YP_009724389.1	GCC	A	GTC	V	859
NC_045512.2	2841	C	T	11298	6136	50	3	2	34	0.000265229	11311	0.993517	FALSE	ORF1ab:cds-YP_009725295.1	GCC	A	GTC	V	859
NC_045512.2	2841	C	G	11298	6136	50	6	6	34	0.000530457	11311	0.928193	FALSE	ORF1ab:cds-YP_009724389.1	GCC	A	GGC	G	859
NC_045512.2	2841	C	G	11298	6136	50	6	6	34	0.000530457	11311	0.928193	FALSE	ORF1ab:cds-YP_009725295.1	GCC	A	GGC	G	859
NC_045512.2	2841	C	A	11298	6136	50	4	4	30	0.000353638	11311	0.982392	FALSE	ORF1ab:cds-YP_009724389.1	GCC	A	GAC	D	859
NC_045512.2	2841	C	A	11298	6136	50	4	4	30	0.000353638	11311	0.982392	FALSE	ORF1ab:cds-YP_009725295.1	GCC	A	GAC	D	859
NC_045512.2	2842	C	T	11051	6050	49	2	2	30	0.000180848	11059	0.998291	FALSE	ORF1ab:cds-YP_009724389.1	GCC	A	GCT	A	859
NC_045512.2	2842	C	T	11051	6050	49	2	2	30	0.000180848	11059	0.998291	FALSE	ORF1ab:cds-YP_009725295.1	GCC	A	GCT	A	859
NC_045512.2	2842	C	G	11051	6050	49	3	3	34	0.000271272	11059	0.993532	FALSE	ORF1ab:cds-YP_009724389.1	GCC	A	GCG	A	859
NC_045512.2	2842	C	G	11051	6050	49	3	3	34	0.000271272	11059	0.993532	FALSE	ORF1ab:cds-YP_009725295.1	GCC	A	GCG	A	859
NC_045512.2	2842	C	A	11051	6050	49	3	2	34	0.000271272	11059	0.993532	FALSE	ORF1ab:cds-YP_009724389.1	GCC	A	GCA	A	859
NC_045512.2	2842	C	A	11051	6050	49	3	2	34	0.000271272	11059	0.993532	FALSE	ORF1ab:cds-YP_009725295.1	GCC	A	GCA	A	859
NC_045512.2	2843	T	G	10984	6015	50	4	4	34	0.000363636	11000	0.982361	FALSE	ORF1ab:cds-YP_009724389.1	TAT	Y	GAT	D	860
NC_045512.2	2843	T	G	10984	6015	50	4	4	34	0.000363636	11000	0.982361	FALSE	ORF1ab:cds-YP_009725295.1	TAT	Y	GAT	D	860
NC_045512.2	2843	T	C	10984	6015	50	8	8	36	0.000727273	11000	0.820043	FALSE	ORF1ab:cds-YP_009724389.1	TAT	Y	CAT	H	860
NC_045512.2	2843	T	C	10984	6015	50	8	8	36	0.000727273	11000	0.820043	FALSE	ORF1ab:cds-YP_009725295.1	TAT	Y	CAT	H	860
NC_045512.2	2843	T	A	10984	6015	50	4	4	42	0.000363636	11000	0.187159	FALSE	ORF1ab:cds-YP_009724389.1	TAT	Y	AAT	N	860
NC_045512.2	2843	T	A	10984	6015	50	4	4	42	0.000363636	11000	0.187159	FALSE	ORF1ab:cds-YP_009725295.1	TAT	Y	AAT	N	860
NC_045512.2	2844	A	T	10845	5913	50	6	6	34	0.000552486	10860	0.894757	FALSE	ORF1ab:cds-YP_009724389.1	TAT	Y	TTT	F	860
NC_045512.2	2844	A	T	10845	5913	50	6	6	34	0.000552486	10860	0.894757	FALSE	ORF1ab:cds-YP_009725295.1	TAT	Y	TTT	F	860
NC_045512.2	2844	A	G	10845	5913	50	4	2	51	0.000368324	10860	0.0623677	FALSE	ORF1ab:cds-YP_009724389.1	TAT	Y	TGT	C	860
NC_045512.2	2844	A	G	10845	5913	50	4	2	51	0.000368324	10860	0.0623677	FALSE	ORF1ab:cds-YP_009725295.1	TAT	Y	TGT	C	860
NC_045512.2	2844	A	C	10845	5913	50	5	3	30	0.000460405	10860	0.940639	FALSE	ORF1ab:cds-YP_009724389.1	TAT	Y	TCT	S	860
NC_045512.2	2844	A	C	10845	5913	50	5	3	30	0.000460405	10860	0.940639	FALSE	ORF1ab:cds-YP_009725295.1	TAT	Y	TCT	S	860
NC_045512.2	2845	T	G	10852	5941	50	2	1	34	0.000184077	10865	0.996818	FALSE	ORF1ab:cds-YP_009724389.1	TAT	Y	TAG	*	860
NC_045512.2	2845	T	G	10852	5941	50	2	1	34	0.000184077	10865	0.996818	FALSE	ORF1ab:cds-YP_009725295.1	TAT	Y	TAG	*	860
NC_045512.2	2845	T	C	10852	5941	50	3	2	34	0.000276116	10865	0.988745	FALSE	ORF1ab:cds-YP_009724389.1	TAT	Y	TAC	Y	860
NC_045512.2	2845	T	C	10852	5941	50	3	2	34	0.000276116	10865	0.988745	FALSE	ORF1ab:cds-YP_009725295.1	TAT	Y	TAC	Y	860
NC_045512.2	2845	T	A	10852	5941	50	8	8	33	0.000736309	10865	0.759505	FALSE	ORF1ab:cds-YP_009724389.1	TAT	Y	TAA	*	860
NC_045512.2	2845	T	A	10852	5941	50	8	8	33	0.000736309	10865	0.759505	FALSE	ORF1ab:cds-YP_009725295.1	TAT	Y	TAA	*	860
NC_045512.2	2846	A	T	10794	5946	49	8	8	33	0.000740192	10808	0.759442	FALSE	ORF1ab:cds-YP_009724389.1	ACA	T	TCA	S	861
NC_045512.2	2846	A	T	10794	5946	49	8	8	33	0.000740192	10808	0.759442	FALSE	ORF1ab:cds-YP_009725295.1	ACA	T	TCA	S	861
NC_045512.2	2846	A	G	10794	5946	49	5	5	30	0.00046262	10808	0.940659	FALSE	ORF1ab:cds-YP_009724389.1	ACA	T	GCA	A	861
NC_045512.2	2846	A	G	10794	5946	49	5	5	30	0.00046262	10808	0.940659	FALSE	ORF1ab:cds-YP_009725295.1	ACA	T	GCA	A	861
NC_045512.2	2846	A	C	10794	5946	49	1	1	34	9.25241e-05	10808	0.99951	FALSE	ORF1ab:cds-YP_009724389.1	ACA	T	CCA	P	861
NC_045512.2	2846	A	C	10794	5946	49	1	1	34	9.25241e-05	10808	0.99951	FALSE	ORF1ab:cds-YP_009725295.1	ACA	T	CCA	P	861
NC_045512.2	2847	C	T	10775	5892	49	4	4	30	0.000370714	10790	0.97124	FALSE	ORF1ab:cds-YP_009724389.1	ACA	T	ATA	I	861
NC_045512.2	2847	C	T	10775	5892	49	4	4	30	0.000370714	10790	0.97124	FALSE	ORF1ab:cds-YP_009725295.1	ACA	T	ATA	I	861
NC_045512.2	2847	C	G	10775	5892	49	2	2	26	0.000185357	10790	1	FALSE	ORF1ab:cds-YP_009724389.1	ACA	T	AGA	R	861
NC_045512.2	2847	C	G	10775	5892	49	2	2	26	0.000185357	10790	1	FALSE	ORF1ab:cds-YP_009725295.1	ACA	T	AGA	R	861
NC_045512.2	2847	C	A	10775	5892	49	9	9	34	0.000834106	10790	0.675903	FALSE	ORF1ab:cds-YP_009724389.1	ACA	T	AAA	K	861
NC_045512.2	2847	C	A	10775	5892	49	9	9	34	0.000834106	10790	0.675903	FALSE	ORF1ab:cds-YP_009725295.1	ACA	T	AAA	K	861
NC_045512.2	2848	A	T	9865	5167	50	4	4	34	0.00040494	9878	0.953769	FALSE	ORF1ab:cds-YP_009724389.1	ACA	T	ACT	T	861
NC_045512.2	2848	A	T	9865	5167	50	4	4	34	0.00040494	9878	0.953769	FALSE	ORF1ab:cds-YP_009725295.1	ACA	T	ACT	T	861
NC_045512.2	2848	A	G	9865	5167	50	4	4	42	0.00040494	9878	0.0623798	FALSE	ORF1ab:cds-YP_009724389.1	ACA	T	ACG	T	861
NC_045512.2	2848	A	G	9865	5167	50	4	4	42	0.00040494	9878	0.0623798	FALSE	ORF1ab:cds-YP_009725295.1	ACA	T	ACG	T	861
NC_045512.2	2848	A	C	9865	5167	50	5	4	34	0.000506175	9878	0.910078	FALSE	ORF1ab:cds-YP_009724389.1	ACA	T	ACC	T	861
NC_045512.2	2848	A	C	9865	5167	50	5	4	34	0.000506175	9878	0.910078	FALSE	ORF1ab:cds-YP_009725295.1	ACA	T	ACC	T	861
NC_045512.2	2849	G	T	9772	5086	50	2	2	34	0.000204353	9787	0.994119	FALSE	ORF1ab:cds-YP_009724389.1	GTT	V	TTT	F	862
NC_045512.2	2849	G	T	9772	5086	50	2	2	34	0.000204353	9787	0.994119	FALSE	ORF1ab:cds-YP_009725295.1	GTT	V	TTT	F	862
NC_045512.2	2849	G	C	9772	5086	50	2	2	34	0.000204353	9787	0.994119	FALSE	ORF1ab:cds-YP_009724389.1	GTT	V	CTT	L	862
NC_045512.2	2849	G	C	9772	5086	50	2	2	34	0.000204353	9787	0.994119	FALSE	ORF1ab:cds-YP_009725295.1	GTT	V	CTT	L	862
NC_045512.2	2849	G	A	9772	5086	50	11	9	40	0.00112394	9787	0.000486089	TRUE	ORF1ab:cds-YP_009724389.1	GTT	V	ATT	I	862
NC_045512.2	2849	G	A	9772	5086	50	11	9	40	0.00112394	9787	0.000486089	TRUE	ORF1ab:cds-YP_009725295.1	GTT	V	ATT	I	862
NC_045512.2	2850	T	G	9360	4891	48	5	5	32	0.000533447	9373	0.91007	FALSE	ORF1ab:cds-YP_009724389.1	GTT	V	GGT	G	862
NC_045512.2	2850	T	G	9360	4891	48	5	5	32	0.000533447	9373	0.91007	FALSE	ORF1ab:cds-YP_009725295.1	GTT	V	GGT	G	862
NC_045512.2	2850	T	C	9360	4891	48	2	2	34	0.000213379	9373	0.994123	FALSE	ORF1ab:cds-YP_009724389.1	GTT	V	GCT	A	862
NC_045512.2	2850	T	C	9360	4891	48	2	2	34	0.000213379	9373	0.994123	FALSE	ORF1ab:cds-YP_009725295.1	GTT	V	GCT	A	862
NC_045512.2	2850	T	A	9360	4891	48	6	6	31	0.000640137	9373	0.848925	FALSE	ORF1ab:cds-YP_009724389.1	GTT	V	GAT	D	862
NC_045512.2	2850	T	A	9360	4891	48	6	6	31	0.000640137	9373	0.848925	FALSE	ORF1ab:cds-YP_009725295.1	GTT	V	GAT	D	862
NC_045512.2	2851	T	G	9543	5056	49	2	2	30	0.000209402	9551	0.994138	FALSE	ORF1ab:cds-YP_009724389.1	GTT	V	GTG	V	862
NC_045512.2	2851	T	G	9543	5056	49	2	2	30	0.000209402	9551	0.994138	FALSE	ORF1ab:cds-YP_009725295.1	GTT	V	GTG	V	862
NC_045512.2	2851	T	C	9543	5056	49	2	2	34	0.000209402	9551	0.994138	FALSE	ORF1ab:cds-YP_009724389.1	GTT	V	GTC	V	862
NC_045512.2	2851	T	C	9543	5056	49	2	2	34	0.000209402	9551	0.994138	FALSE	ORF1ab:cds-YP_009725295.1	GTT	V	GTC	V	862
NC_045512.2	2851	T	A	9543	5056	49	4	4	34	0.000418804	9551	0.953857	FALSE	ORF1ab:cds-YP_009724389.1	GTT	V	GTA	V	862
NC_045512.2	2851	T	A	9543	5056	49	4	4	34	0.000418804	9551	0.953857	FALSE	ORF1ab:cds-YP_009725295.1	GTT	V	GTA	V	862
NC_045512.2	2852	G	T	9574	5058	50	6	6	32	0.000626043	9584	0.849073	FALSE	ORF1ab:cds-YP_009724389.1	GAA	E	TAA	*	863
NC_045512.2	2852	G	T	9574	5058	50	6	6	32	0.000626043	9584	0.849073	FALSE	ORF1ab:cds-YP_009725295.1	GAA	E	TAA	*	863
NC_045512.2	2852	G	C	9574	5058	50	2	2	34	0.000208681	9584	0.994132	FALSE	ORF1ab:cds-YP_009724389.1	GAA	E	CAA	Q	863
NC_045512.2	2852	G	C	9574	5058	50	2	2	34	0.000208681	9584	0.994132	FALSE	ORF1ab:cds-YP_009725295.1	GAA	E	CAA	Q	863
NC_045512.2	2852	G	A	9574	5058	50	2	2	34	0.000208681	9584	0.994132	FALSE	ORF1ab:cds-YP_009724389.1	GAA	E	AAA	K	863
NC_045512.2	2852	G	A	9574	5058	50	2	2	34	0.000208681	9584	0.994132	FALSE	ORF1ab:cds-YP_009725295.1	GAA	E	AAA	K	863
NC_045512.2	2853	A	T	9440	5050	50	8	8	34	0.000846382	9452	0.685313	FALSE	ORF1ab:cds-YP_009724389.1	GAA	E	GTA	V	863
NC_045512.2	2853	A	T	9440	5050	50	8	8	34	0.000846382	9452	0.685313	FALSE	ORF1ab:cds-YP_009725295.1	GAA	E	GTA	V	863
NC_045512.2	2853	A	G	9440	5050	50	4	4	34	0.000423191	9452	0.953783	FALSE	ORF1ab:cds-YP_009724389.1	GAA	E	GGA	G	863
NC_045512.2	2853	A	G	9440	5050	50	4	4	34	0.000423191	9452	0.953783	FALSE	ORF1ab:cds-YP_009725295.1	GAA	E	GGA	G	863
NC_045512.2	2854	A	T	9377	5028	50	3	3	34	0.000319693	9384	0.980717	FALSE	ORF1ab:cds-YP_009724389.1	GAA	E	GAT	D	863
NC_045512.2	2854	A	T	9377	5028	50	3	3	34	0.000319693	9384	0.980717	FALSE	ORF1ab:cds-YP_009725295.1	GAA	E	GAT	D	863
NC_045512.2	2854	A	G	9377	5028	50	2	1	51	0.000213129	9384	0.24988	FALSE	ORF1ab:cds-YP_009724389.1	GAA	E	GAG	E	863
NC_045512.2	2854	A	G	9377	5028	50	2	1	51	0.000213129	9384	0.24988	FALSE	ORF1ab:cds-YP_009725295.1	GAA	E	GAG	E	863
NC_045512.2	2854	A	C	9377	5028	50	2	2	30	0.000213129	9384	0.994141	FALSE	ORF1ab:cds-YP_009724389.1	GAA	E	GAC	D	863
NC_045512.2	2854	A	C	9377	5028	50	2	2	30	0.000213129	9384	0.994141	FALSE	ORF1ab:cds-YP_009725295.1	GAA	E	GAC	D	863
NC_045512.2	2855	C	T	14123	6682	45	2	2	34	0.000141493	14135	0.99974	FALSE	ORF1ab:cds-YP_009724389.1	CTC	L	TTC	F	864
NC_045512.2	2855	C	T	14123	6682	45	2	2	34	0.000141493	14135	0.99974	FALSE	ORF1ab:cds-YP_009725295.1	CTC	L	TTC	F	864
NC_045512.2	2855	C	G	14123	6682	45	3	3	34	0.000212239	14135	0.998824	FALSE	ORF1ab:cds-YP_009724389.1	CTC	L	GTC	V	864
NC_045512.2	2855	C	G	14123	6682	45	3	3	34	0.000212239	14135	0.998824	FALSE	ORF1ab:cds-YP_009725295.1	CTC	L	GTC	V	864
NC_045512.2	2855	C	A	14123	6682	45	7	6	32	0.000495225	14135	0.960823	FALSE	ORF1ab:cds-YP_009724389.1	CTC	L	ATC	I	864
NC_045512.2	2855	C	A	14123	6682	45	7	6	32	0.000495225	14135	0.960823	FALSE	ORF1ab:cds-YP_009725295.1	CTC	L	ATC	I	864
NC_045512.2	2856	T	C	13912	6501	45	7	6	34	0.000502621	13927	0.942276	FALSE	ORF1ab:cds-YP_009724389.1	CTC	L	CCC	P	864
NC_045512.2	2856	T	C	13912	6501	45	7	6	34	0.000502621	13927	0.942276	FALSE	ORF1ab:cds-YP_009725295.1	CTC	L	CCC	P	864
NC_045512.2	2856	T	A	13912	6501	45	8	7	33	0.000574424	13927	0.905293	FALSE	ORF1ab:cds-YP_009724389.1	CTC	L	CAC	H	864
NC_045512.2	2856	T	A	13912	6501	45	8	7	33	0.000574424	13927	0.905293	FALSE	ORF1ab:cds-YP_009725295.1	CTC	L	CAC	H	864
NC_045512.2	2857	C	T	14094	6542	45	7	7	34	0.000496243	14106	0.960823	FALSE	ORF1ab:cds-YP_009724389.1	CTC	L	CTT	L	864
NC_045512.2	2857	C	T	14094	6542	45	7	7	34	0.000496243	14106	0.960823	FALSE	ORF1ab:cds-YP_009725295.1	CTC	L	CTT	L	864
NC_045512.2	2857	C	G	14094	6542	45	2	2	34	0.000141784	14106	0.99974	FALSE	ORF1ab:cds-YP_009724389.1	CTC	L	CTG	L	864
NC_045512.2	2857	C	G	14094	6542	45	2	2	34	0.000141784	14106	0.99974	FALSE	ORF1ab:cds-YP_009725295.1	CTC	L	CTG	L	864
NC_045512.2	2857	C	A	14094	6542	45	3	3	34	0.000212675	14106	0.998824	FALSE	ORF1ab:cds-YP_009724389.1	CTC	L	CTA	L	864
NC_045512.2	2857	C	A	14094	6542	45	3	3	34	0.000212675	14106	0.998824	FALSE	ORF1ab:cds-YP_009725295.1	CTC	L	CTA	L	864
NC_045512.2	2858	G	T	13725	6230	45	4	4	34	0.000291142	13739	0.993626	FALSE	ORF1ab:cds-YP_009724389.1	GGT	G	TGT	C	865
NC_045512.2	2858	G	T	13725	6230	45	4	4	34	0.000291142	13739	0.993626	FALSE	ORF1ab:cds-YP_009725295.1	GGT	G	TGT	C	865
NC_045512.2	2858	G	C	13725	6230	45	8	8	32	0.000582284	13739	0.90532	FALSE	ORF1ab:cds-YP_009724389.1	GGT	G	CGT	R	865
NC_045512.2	2858	G	C	13725	6230	45	8	8	32	0.000582284	13739	0.90532	FALSE	ORF1ab:cds-YP_009725295.1	GGT	G	CGT	R	865
NC_045512.2	2858	G	A	13725	6230	45	2	2	34	0.000145571	13739	0.999511	FALSE	ORF1ab:cds-YP_009724389.1	GGT	G	AGT	S	865
NC_045512.2	2858	G	A	13725	6230	45	2	2	34	0.000145571	13739	0.999511	FALSE	ORF1ab:cds-YP_009725295.1	GGT	G	AGT	S	865
NC_045512.2	2859	G	T	14249	6671	44	4	4	34	0.000280544	14258	0.996234	FALSE	ORF1ab:cds-YP_009724389.1	GGT	G	GTT	V	865
NC_045512.2	2859	G	T	14249	6671	44	4	4	34	0.000280544	14258	0.996234	FALSE	ORF1ab:cds-YP_009725295.1	GGT	G	GTT	V	865
NC_045512.2	2859	G	C	14249	6671	44	1	1	34	7.01361e-05	14258	0.999969	FALSE	ORF1ab:cds-YP_009724389.1	GGT	G	GCT	A	865
NC_045512.2	2859	G	C	14249	6671	44	1	1	34	7.01361e-05	14258	0.999969	FALSE	ORF1ab:cds-YP_009725295.1	GGT	G	GCT	A	865
NC_045512.2	2859	G	A	14249	6671	44	4	3	34	0.000280544	14258	0.996234	FALSE	ORF1ab:cds-YP_009724389.1	GGT	G	GAT	D	865
NC_045512.2	2859	G	A	14249	6671	44	4	3	34	0.000280544	14258	0.996234	FALSE	ORF1ab:cds-YP_009725295.1	GGT	G	GAT	D	865
NC_045512.2	2860	T	G	14347	6743	44	4	4	32	0.00027859	14358	0.99623	FALSE	ORF1ab:cds-YP_009724389.1	GGT	G	GGG	G	865
NC_045512.2	2860	T	G	14347	6743	44	4	4	32	0.00027859	14358	0.99623	FALSE	ORF1ab:cds-YP_009725295.1	GGT	G	GGG	G	865
NC_045512.2	2860	T	C	14347	6743	44	4	4	32	0.00027859	14358	0.99623	FALSE	ORF1ab:cds-YP_009724389.1	GGT	G	GGC	G	865
NC_045512.2	2860	T	C	14347	6743	44	4	4	32	0.00027859	14358	0.99623	FALSE	ORF1ab:cds-YP_009725295.1	GGT	G	GGC	G	865
NC_045512.2	2860	T	A	14347	6743	44	3	3	34	0.000208943	14358	0.998825	FALSE	ORF1ab:cds-YP_009724389.1	GGT	G	GGA	G	865
NC_045512.2	2860	T	A	14347	6743	44	3	3	34	0.000208943	14358	0.998825	FALSE	ORF1ab:cds-YP_009725295.1	GGT	G	GGA	G	865
NC_045512.2	2861	A	T	14177	6673	44	5	5	34	0.00035241	14188	0.990395	FALSE	ORF1ab:cds-YP_009724389.1	ACA	T	TCA	S	866
NC_045512.2	2861	A	T	14177	6673	44	5	5	34	0.00035241	14188	0.990395	FALSE	ORF1ab:cds-YP_009725295.1	ACA	T	TCA	S	866
NC_045512.2	2861	A	G	14177	6673	44	6	5	38	0.000422893	14188	0.979309	FALSE	ORF1ab:cds-YP_009724389.1	ACA	T	GCA	A	866
NC_045512.2	2861	A	G	14177	6673	44	6	5	38	0.000422893	14188	0.979309	FALSE	ORF1ab:cds-YP_009725295.1	ACA	T	GCA	A	866
NC_045512.2	2862	C	T	14262	6762	44	4	4	32	0.00028023	14274	0.996229	FALSE	ORF1ab:cds-YP_009724389.1	ACA	T	ATA	I	866
NC_045512.2	2862	C	T	14262	6762	44	4	4	32	0.00028023	14274	0.996229	FALSE	ORF1ab:cds-YP_009725295.1	ACA	T	ATA	I	866
NC_045512.2	2862	C	G	14262	6762	44	3	3	31	0.000210172	14274	0.998824	FALSE	ORF1ab:cds-YP_009724389.1	ACA	T	AGA	R	866
NC_045512.2	2862	C	G	14262	6762	44	3	3	31	0.000210172	14274	0.998824	FALSE	ORF1ab:cds-YP_009725295.1	ACA	T	AGA	R	866
NC_045512.2	2862	C	A	14262	6762	44	5	5	30	0.000350287	14274	0.990391	FALSE	ORF1ab:cds-YP_009724389.1	ACA	T	AAA	K	866
NC_045512.2	2862	C	A	14262	6762	44	5	5	30	0.000350287	14274	0.990391	FALSE	ORF1ab:cds-YP_009725295.1	ACA	T	AAA	K	866
NC_045512.2	2863	A	T	14120	6693	44	3	3	31	0.000212329	14129	0.998826	FALSE	ORF1ab:cds-YP_009724389.1	ACA	T	ACT	T	866
NC_045512.2	2863	A	T	14120	6693	44	3	3	31	0.000212329	14129	0.998826	FALSE	ORF1ab:cds-YP_009725295.1	ACA	T	ACT	T	866
NC_045512.2	2863	A	G	14120	6693	44	1	1	34	7.07764e-05	14129	0.999969	FALSE	ORF1ab:cds-YP_009724389.1	ACA	T	ACG	T	866
NC_045512.2	2863	A	G	14120	6693	44	1	1	34	7.07764e-05	14129	0.999969	FALSE	ORF1ab:cds-YP_009725295.1	ACA	T	ACG	T	866
NC_045512.2	2863	A	C	14120	6693	44	5	5	32	0.000353882	14129	0.990402	FALSE	ORF1ab:cds-YP_009724389.1	ACA	T	ACC	T	866
NC_045512.2	2863	A	C	14120	6693	44	5	5	32	0.000353882	14129	0.990402	FALSE	ORF1ab:cds-YP_009725295.1	ACA	T	ACC	T	866
NC_045512.2	2864	G	T	14338	6681	44	1	1	34	6.96718e-05	14353	0.999969	FALSE	ORF1ab:cds-YP_009724389.1	GAA	E	TAA	*	867
NC_045512.2	2864	G	T	14338	6681	44	1	1	34	6.96718e-05	14353	0.999969	FALSE	ORF1ab:cds-YP_009725295.1	GAA	E	TAA	*	867
NC_045512.2	2864	G	C	14338	6681	44	4	4	32	0.000278687	14353	0.996224	FALSE	ORF1ab:cds-YP_009724389.1	GAA	E	CAA	Q	867
NC_045512.2	2864	G	C	14338	6681	44	4	4	32	0.000278687	14353	0.996224	FALSE	ORF1ab:cds-YP_009725295.1	GAA	E	CAA	Q	867
NC_045512.2	2864	G	A	14338	6681	44	10	10	37	0.000696718	14353	0.846211	FALSE	ORF1ab:cds-YP_009724389.1	GAA	E	AAA	K	867
NC_045512.2	2864	G	A	14338	6681	44	10	10	37	0.000696718	14353	0.846211	FALSE	ORF1ab:cds-YP_009725295.1	GAA	E	AAA	K	867
NC_045512.2	2865	A	T	14535	6873	45	3	3	34	0.000206256	14545	0.998825	FALSE	ORF1ab:cds-YP_009724389.1	GAA	E	GTA	V	867
NC_045512.2	2865	A	T	14535	6873	45	3	3	34	0.000206256	14545	0.998825	FALSE	ORF1ab:cds-YP_009725295.1	GAA	E	GTA	V	867
NC_045512.2	2865	A	G	14535	6873	45	6	6	34	0.000412513	14545	0.979317	FALSE	ORF1ab:cds-YP_009724389.1	GAA	E	GGA	G	867
NC_045512.2	2865	A	G	14535	6873	45	6	6	34	0.000412513	14545	0.979317	FALSE	ORF1ab:cds-YP_009725295.1	GAA	E	GGA	G	867
NC_045512.2	2865	A	C	14535	6873	45	1	1	34	6.87521e-05	14545	0.999969	FALSE	ORF1ab:cds-YP_009724389.1	GAA	E	GCA	A	867
NC_045512.2	2865	A	C	14535	6873	45	1	1	34	6.87521e-05	14545	0.999969	FALSE	ORF1ab:cds-YP_009725295.1	GAA	E	GCA	A	867
NC_045512.2	2866	A	T	14447	6796	45	2	2	34	0.00013837	14454	0.999741	FALSE	ORF1ab:cds-YP_009724389.1	GAA	E	GAT	D	867
NC_045512.2	2866	A	T	14447	6796	45	2	2	34	0.00013837	14454	0.999741	FALSE	ORF1ab:cds-YP_009725295.1	GAA	E	GAT	D	867
NC_045512.2	2866	A	G	14447	6796	45	4	3	30	0.00027674	14454	0.996237	FALSE	ORF1ab:cds-YP_009724389.1	GAA	E	GAG	E	867
NC_045512.2	2866	A	G	14447	6796	45	4	3	30	0.00027674	14454	0.996237	FALSE	ORF1ab:cds-YP_009725295.1	GAA	E	GAG	E	867
NC_045512.2	2866	A	C	14447	6796	45	1	1	34	6.9185e-05	14454	0.99997	FALSE	ORF1ab:cds-YP_009724389.1	GAA	E	GAC	D	867
NC_045512.2	2866	A	C	14447	6796	45	1	1	34	6.9185e-05	14454	0.99997	FALSE	ORF1ab:cds-YP_009725295.1	GAA	E	GAC	D	867
NC_045512.2	2867	G	T	14490	6745	44	1	1	34	6.89703e-05	14499	0.999969	FALSE	ORF1ab:cds-YP_009724389.1	GTA	V	TTA	L	868
NC_045512.2	2867	G	T	14490	6745	44	1	1	34	6.89703e-05	14499	0.999969	FALSE	ORF1ab:cds-YP_009725295.1	GTA	V	TTA	L	868
NC_045512.2	2867	G	A	14490	6745	44	8	8	33	0.000551762	14499	0.933173	FALSE	ORF1ab:cds-YP_009724389.1	GTA	V	ATA	I	868
NC_045512.2	2867	G	A	14490	6745	44	8	8	33	0.000551762	14499	0.933173	FALSE	ORF1ab:cds-YP_009725295.1	GTA	V	ATA	I	868
NC_045512.2	2868	T	G	13972	6358	44	6	6	32	0.000429123	13982	0.968227	FALSE	ORF1ab:cds-YP_009724389.1	GTA	V	GGA	G	868
NC_045512.2	2868	T	G	13972	6358	44	6	6	32	0.000429123	13982	0.968227	FALSE	ORF1ab:cds-YP_009725295.1	GTA	V	GGA	G	868
NC_045512.2	2868	T	A	13972	6358	44	4	4	34	0.000286082	13982	0.993637	FALSE	ORF1ab:cds-YP_009724389.1	GTA	V	GAA	E	868
NC_045512.2	2868	T	A	13972	6358	44	4	4	34	0.000286082	13982	0.993637	FALSE	ORF1ab:cds-YP_009725295.1	GTA	V	GAA	E	868
NC_045512.2	2869	A	T	13968	6347	45	5	5	34	0.000357731	13977	0.984567	FALSE	ORF1ab:cds-YP_009724389.1	GTA	V	GTT	V	868
NC_045512.2	2869	A	T	13968	6347	45	5	5	34	0.000357731	13977	0.984567	FALSE	ORF1ab:cds-YP_009725295.1	GTA	V	GTT	V	868
NC_045512.2	2869	A	G	13968	6347	45	3	2	31	0.000214638	13977	0.99791	FALSE	ORF1ab:cds-YP_009724389.1	GTA	V	GTG	V	868
NC_045512.2	2869	A	G	13968	6347	45	3	2	31	0.000214638	13977	0.99791	FALSE	ORF1ab:cds-YP_009725295.1	GTA	V	GTG	V	868
NC_045512.2	2869	A	C	13968	6347	45	1	0	34	7.15461e-05	13977	0.999939	FALSE	ORF1ab:cds-YP_009724389.1	GTA	V	GTC	V	868
NC_045512.2	2869	A	C	13968	6347	45	1	0	34	7.15461e-05	13977	0.999939	FALSE	ORF1ab:cds-YP_009725295.1	GTA	V	GTC	V	868
NC_045512.2	2870	A	T	13965	6355	45	1	1	34	7.15871e-05	13969	0.999939	FALSE	ORF1ab:cds-YP_009724389.1	AAT	N	TAT	Y	869
NC_045512.2	2870	A	T	13965	6355	45	1	1	34	7.15871e-05	13969	0.999939	FALSE	ORF1ab:cds-YP_009725295.1	AAT	N	TAT	Y	869
NC_045512.2	2870	A	G	13965	6355	45	3	3	34	0.000214761	13969	0.997915	FALSE	ORF1ab:cds-YP_009724389.1	AAT	N	GAT	D	869
NC_045512.2	2870	A	G	13965	6355	45	3	3	34	0.000214761	13969	0.997915	FALSE	ORF1ab:cds-YP_009725295.1	AAT	N	GAT	D	869
NC_045512.2	2871	A	T	13158	6378	43	2	2	30	0.000151976	13160	0.999513	FALSE	ORF1ab:cds-YP_009724389.1	AAT	N	ATT	I	869
NC_045512.2	2871	A	T	13158	6378	43	2	2	30	0.000151976	13160	0.999513	FALSE	ORF1ab:cds-YP_009725295.1	AAT	N	ATT	I	869
NC_045512.2	2872	T	G	13934	6382	45	4	3	34	0.000286841	13945	0.993634	FALSE	ORF1ab:cds-YP_009724389.1	AAT	N	AAG	K	869
NC_045512.2	2872	T	G	13934	6382	45	4	3	34	0.000286841	13945	0.993634	FALSE	ORF1ab:cds-YP_009725295.1	AAT	N	AAG	K	869
NC_045512.2	2872	T	A	13934	6382	45	7	6	32	0.000501972	13945	0.94235	FALSE	ORF1ab:cds-YP_009724389.1	AAT	N	AAA	K	869
NC_045512.2	2872	T	A	13934	6382	45	7	6	32	0.000501972	13945	0.94235	FALSE	ORF1ab:cds-YP_009725295.1	AAT	N	AAA	K	869
NC_045512.2	2873	G	T	14066	6388	45	6	5	32	0.000426197	14078	0.979301	FALSE	ORF1ab:cds-YP_009724389.1	GAG	E	TAG	*	870
NC_045512.2	2873	G	T	14066	6388	45	6	5	32	0.000426197	14078	0.979301	FALSE	ORF1ab:cds-YP_009725295.1	GAG	E	TAG	*	870
NC_045512.2	2873	G	C	14066	6388	45	1	0	26	7.10328e-05	14078	1	FALSE	ORF1ab:cds-YP_009724389.1	GAG	E	CAG	Q	870
NC_045512.2	2873	G	C	14066	6388	45	1	0	26	7.10328e-05	14078	1	FALSE	ORF1ab:cds-YP_009725295.1	GAG	E	CAG	Q	870
NC_045512.2	2873	G	A	14066	6388	45	5	5	34	0.000355164	14078	0.990391	FALSE	ORF1ab:cds-YP_009724389.1	GAG	E	AAG	K	870
NC_045512.2	2873	G	A	14066	6388	45	5	5	34	0.000355164	14078	0.990391	FALSE	ORF1ab:cds-YP_009725295.1	GAG	E	AAG	K	870
NC_045512.2	2873	G	-A	14066	6388	45	1	0	20	7.10328e-05	14078	1	FALSE	NA	NA	NA	NA	NA	NA
NC_045512.2	2874	A	T	13783	6179	45	2	1	47	0.000144991	13794	0.499755	FALSE	ORF1ab:cds-YP_009724389.1	GAG	E	GTG	V	870
NC_045512.2	2874	A	T	13783	6179	45	2	1	47	0.000144991	13794	0.499755	FALSE	ORF1ab:cds-YP_009725295.1	GAG	E	GTG	V	870
NC_045512.2	2874	A	G	13783	6179	45	7	6	31	0.000507467	13794	0.942331	FALSE	ORF1ab:cds-YP_009724389.1	GAG	E	GGG	G	870
NC_045512.2	2874	A	G	13783	6179	45	7	6	31	0.000507467	13794	0.942331	FALSE	ORF1ab:cds-YP_009725295.1	GAG	E	GGG	G	870
NC_045512.2	2874	A	C	13783	6179	45	2	0	30	0.000144991	13794	0.999511	FALSE	ORF1ab:cds-YP_009724389.1	GAG	E	GCG	A	870
NC_045512.2	2874	A	C	13783	6179	45	2	0	30	0.000144991	13794	0.999511	FALSE	ORF1ab:cds-YP_009725295.1	GAG	E	GCG	A	870
NC_045512.2	2875	G	T	13875	6201	44	2	2	30	0.000144061	13883	0.999512	FALSE	ORF1ab:cds-YP_009724389.1	GAG	E	GAT	D	870
NC_045512.2	2875	G	T	13875	6201	44	2	2	30	0.000144061	13883	0.999512	FALSE	ORF1ab:cds-YP_009725295.1	GAG	E	GAT	D	870
NC_045512.2	2875	G	C	13875	6201	44	1	1	26	7.20305e-05	13883	1	FALSE	ORF1ab:cds-YP_009724389.1	GAG	E	GAC	D	870
NC_045512.2	2875	G	C	13875	6201	44	1	1	26	7.20305e-05	13883	1	FALSE	ORF1ab:cds-YP_009725295.1	GAG	E	GAC	D	870
NC_045512.2	2875	G	A	13875	6201	44	5	5	34	0.000360153	13883	0.984573	FALSE	ORF1ab:cds-YP_009724389.1	GAG	E	GAA	E	870
NC_045512.2	2875	G	A	13875	6201	44	5	5	34	0.000360153	13883	0.984573	FALSE	ORF1ab:cds-YP_009725295.1	GAG	E	GAA	E	870
NC_045512.2	2876	T	G	13493	5931	44	7	7	34	0.000518442	13502	0.942389	FALSE	ORF1ab:cds-YP_009724389.1	TTC	F	GTC	V	871
NC_045512.2	2876	T	G	13493	5931	44	7	7	34	0.000518442	13502	0.942389	FALSE	ORF1ab:cds-YP_009725295.1	TTC	F	GTC	V	871
NC_045512.2	2876	T	C	13493	5931	44	1	0	34	7.40631e-05	13502	0.999939	FALSE	ORF1ab:cds-YP_009724389.1	TTC	F	CTC	L	871
NC_045512.2	2876	T	C	13493	5931	44	1	0	34	7.40631e-05	13502	0.999939	FALSE	ORF1ab:cds-YP_009725295.1	TTC	F	CTC	L	871
NC_045512.2	2876	T	A	13493	5931	44	1	1	34	7.40631e-05	13502	0.999939	FALSE	ORF1ab:cds-YP_009724389.1	TTC	F	ATC	I	871
NC_045512.2	2876	T	A	13493	5931	44	1	1	34	7.40631e-05	13502	0.999939	FALSE	ORF1ab:cds-YP_009725295.1	TTC	F	ATC	I	871
NC_045512.2	2877	T	G	13746	6212	45	3	2	34	0.000218182	13750	0.997915	FALSE	ORF1ab:cds-YP_009724389.1	TTC	F	TGC	C	871
NC_045512.2	2877	T	G	13746	6212	45	3	2	34	0.000218182	13750	0.997915	FALSE	ORF1ab:cds-YP_009725295.1	TTC	F	TGC	C	871
NC_045512.2	2877	T	A	13746	6212	45	1	1	34	7.27273e-05	13750	0.999939	FALSE	ORF1ab:cds-YP_009724389.1	TTC	F	TAC	Y	871
NC_045512.2	2877	T	A	13746	6212	45	1	1	34	7.27273e-05	13750	0.999939	FALSE	ORF1ab:cds-YP_009725295.1	TTC	F	TAC	Y	871
NC_045512.2	2878	C	T	14090	6474	46	9	8	37	0.000638207	14102	0.895011	FALSE	ORF1ab:cds-YP_009724389.1	TTC	F	TTT	F	871
NC_045512.2	2878	C	T	14090	6474	46	9	8	37	0.000638207	14102	0.895011	FALSE	ORF1ab:cds-YP_009725295.1	TTC	F	TTT	F	871
NC_045512.2	2878	C	A	14090	6474	46	3	3	31	0.000212736	14102	0.998824	FALSE	ORF1ab:cds-YP_009724389.1	TTC	F	TTA	L	871
NC_045512.2	2878	C	A	14090	6474	46	3	3	31	0.000212736	14102	0.998824	FALSE	ORF1ab:cds-YP_009725295.1	TTC	F	TTA	L	871
NC_045512.2	2879	G	T	12760	5556	45	3	3	34	0.000234926	12770	0.996306	FALSE	ORF1ab:cds-YP_009724389.1	GCC	A	TCC	S	872
NC_045512.2	2879	G	T	12760	5556	45	3	3	34	0.000234926	12770	0.996306	FALSE	ORF1ab:cds-YP_009725295.1	GCC	A	TCC	S	872
NC_045512.2	2879	G	C	12760	5556	45	5	5	32	0.000391543	12770	0.975479	FALSE	ORF1ab:cds-YP_009724389.1	GCC	A	CCC	P	872
NC_045512.2	2879	G	C	12760	5556	45	5	5	32	0.000391543	12770	0.975479	FALSE	ORF1ab:cds-YP_009725295.1	GCC	A	CCC	P	872
NC_045512.2	2879	G	A	12760	5556	45	2	1	34	0.000156617	12770	0.999084	FALSE	ORF1ab:cds-YP_009724389.1	GCC	A	ACC	T	872
NC_045512.2	2879	G	A	12760	5556	45	2	1	34	0.000156617	12770	0.999084	FALSE	ORF1ab:cds-YP_009725295.1	GCC	A	ACC	T	872
NC_045512.2	2880	C	T	12801	5576	45	3	3	34	0.000234192	12810	0.996307	FALSE	ORF1ab:cds-YP_009724389.1	GCC	A	GTC	V	872
NC_045512.2	2880	C	T	12801	5576	45	3	3	34	0.000234192	12810	0.996307	FALSE	ORF1ab:cds-YP_009725295.1	GCC	A	GTC	V	872
NC_045512.2	2880	C	G	12801	5576	45	1	1	34	7.8064e-05	12810	0.999878	FALSE	ORF1ab:cds-YP_009724389.1	GCC	A	GGC	G	872
NC_045512.2	2880	C	G	12801	5576	45	1	1	34	7.8064e-05	12810	0.999878	FALSE	ORF1ab:cds-YP_009725295.1	GCC	A	GGC	G	872
NC_045512.2	2880	C	A	12801	5576	45	5	4	32	0.00039032	12810	0.975488	FALSE	ORF1ab:cds-YP_009724389.1	GCC	A	GAC	D	872
NC_045512.2	2880	C	A	12801	5576	45	5	4	32	0.00039032	12810	0.975488	FALSE	ORF1ab:cds-YP_009725295.1	GCC	A	GAC	D	872
NC_045512.2	2881	C	T	12852	5699	45	1	1	34	7.77786e-05	12857	0.999878	FALSE	ORF1ab:cds-YP_009724389.1	GCC	A	GCT	A	872
NC_045512.2	2881	C	T	12852	5699	45	1	1	34	7.77786e-05	12857	0.999878	FALSE	ORF1ab:cds-YP_009725295.1	GCC	A	GCT	A	872
NC_045512.2	2881	C	G	12852	5699	45	3	2	45	0.000233336	12857	0.312456	FALSE	ORF1ab:cds-YP_009724389.1	GCC	A	GCG	A	872
NC_045512.2	2881	C	G	12852	5699	45	3	2	45	0.000233336	12857	0.312456	FALSE	ORF1ab:cds-YP_009725295.1	GCC	A	GCG	A	872
NC_045512.2	2881	C	A	12852	5699	45	1	1	34	7.77786e-05	12857	0.999878	FALSE	ORF1ab:cds-YP_009724389.1	GCC	A	GCA	A	872
NC_045512.2	2881	C	A	12852	5699	45	1	1	34	7.77786e-05	12857	0.999878	FALSE	ORF1ab:cds-YP_009725295.1	GCC	A	GCA	A	872
NC_045512.2	2881	C	-TG	12852	5699	45	1	0	20	7.77786e-05	12857	1	FALSE	NA	NA	NA	NA	NA	NA
NC_045512.2	2882	T	G	12881	5723	45	4	1	34	0.000310222	12894	0.989345	FALSE	ORF1ab:cds-YP_009724389.1	TGT	C	GGT	G	873
NC_045512.2	2882	T	G	12881	5723	45	4	1	34	0.000310222	12894	0.989345	FALSE	ORF1ab:cds-YP_009725295.1	TGT	C	GGT	G	873
NC_045512.2	2882	T	C	12881	5723	45	4	0	42	0.000310222	12894	0.187258	FALSE	ORF1ab:cds-YP_009724389.1	TGT	C	CGT	R	873
NC_045512.2	2882	T	C	12881	5723	45	4	0	42	0.000310222	12894	0.187258	FALSE	ORF1ab:cds-YP_009725295.1	TGT	C	CGT	R	873
NC_045512.2	2882	T	A	12881	5723	45	5	5	37	0.000387777	12894	0.975442	FALSE	ORF1ab:cds-YP_009724389.1	TGT	C	AGT	S	873
NC_045512.2	2882	T	A	12881	5723	45	5	5	37	0.000387777	12894	0.975442	FALSE	ORF1ab:cds-YP_009725295.1	TGT	C	AGT	S	873
NC_045512.2	2883	G	T	13303	5778	45	5	3	39	0.000375657	13310	0.984573	FALSE	ORF1ab:cds-YP_009724389.1	TGT	C	TTT	F	873
NC_045512.2	2883	G	T	13303	5778	45	5	3	39	0.000375657	13310	0.984573	FALSE	ORF1ab:cds-YP_009725295.1	TGT	C	TTT	F	873
NC_045512.2	2883	G	C	13303	5778	45	1	1	26	7.51315e-05	13310	1	FALSE	ORF1ab:cds-YP_009724389.1	TGT	C	TCT	S	873
NC_045512.2	2883	G	C	13303	5778	45	1	1	26	7.51315e-05	13310	1	FALSE	ORF1ab:cds-YP_009725295.1	TGT	C	TCT	S	873
NC_045512.2	2883	G	A	13303	5778	45	1	1	34	7.51315e-05	13310	0.999939	FALSE	ORF1ab:cds-YP_009724389.1	TGT	C	TAT	Y	873
NC_045512.2	2883	G	A	13303	5778	45	1	1	34	7.51315e-05	13310	0.999939	FALSE	ORF1ab:cds-YP_009725295.1	TGT	C	TAT	Y	873
NC_045512.2	2884	T	G	13371	5968	46	3	2	31	0.000224249	13378	0.997912	FALSE	ORF1ab:cds-YP_009724389.1	TGT	C	TGG	W	873
NC_045512.2	2884	T	G	13371	5968	46	3	2	31	0.000224249	13378	0.997912	FALSE	ORF1ab:cds-YP_009725295.1	TGT	C	TGG	W	873
NC_045512.2	2884	T	C	13371	5968	46	1	0	34	7.47496e-05	13378	0.999939	FALSE	ORF1ab:cds-YP_009724389.1	TGT	C	TGC	C	873
NC_045512.2	2884	T	C	13371	5968	46	1	0	34	7.47496e-05	13378	0.999939	FALSE	ORF1ab:cds-YP_009725295.1	TGT	C	TGC	C	873
NC_045512.2	2884	T	A	13371	5968	46	3	3	31	0.000224249	13378	0.997912	FALSE	ORF1ab:cds-YP_009724389.1	TGT	C	TGA	*	873
NC_045512.2	2884	T	A	13371	5968	46	3	3	31	0.000224249	13378	0.997912	FALSE	ORF1ab:cds-YP_009725295.1	TGT	C	TGA	*	873
NC_045512.2	2885	G	T	13542	5922	46	2	2	34	0.000147656	13545	0.999513	FALSE	ORF1ab:cds-YP_009724389.1	GTT	V	TTT	F	874
NC_045512.2	2885	G	T	13542	5922	46	2	2	34	0.000147656	13545	0.999513	FALSE	ORF1ab:cds-YP_009725295.1	GTT	V	TTT	F	874
NC_045512.2	2885	G	A	13542	5922	46	1	1	34	7.3828e-05	13545	0.999939	FALSE	ORF1ab:cds-YP_009724389.1	GTT	V	ATT	I	874
NC_045512.2	2885	G	A	13542	5922	46	1	1	34	7.3828e-05	13545	0.999939	FALSE	ORF1ab:cds-YP_009725295.1	GTT	V	ATT	I	874
NC_045512.2	2886	T	G	13660	6039	46	4	4	34	0.000292719	13665	0.99365	FALSE	ORF1ab:cds-YP_009724389.1	GTT	V	GGT	G	874
NC_045512.2	2886	T	G	13660	6039	46	4	4	34	0.000292719	13665	0.99365	FALSE	ORF1ab:cds-YP_009725295.1	GTT	V	GGT	G	874
NC_045512.2	2886	T	C	13660	6039	46	1	1	34	7.31797e-05	13665	0.999939	FALSE	ORF1ab:cds-YP_009724389.1	GTT	V	GCT	A	874
NC_045512.2	2886	T	C	13660	6039	46	1	1	34	7.31797e-05	13665	0.999939	FALSE	ORF1ab:cds-YP_009725295.1	GTT	V	GCT	A	874
NC_045512.2	2887	T	G	13628	6065	46	1	1	34	7.33622e-05	13631	0.999939	FALSE	ORF1ab:cds-YP_009724389.1	GTT	V	GTG	V	874
NC_045512.2	2887	T	G	13628	6065	46	1	1	34	7.33622e-05	13631	0.999939	FALSE	ORF1ab:cds-YP_009725295.1	GTT	V	GTG	V	874
NC_045512.2	2887	T	C	13628	6065	46	1	1	68	7.33622e-05	13631	0.499982	FALSE	ORF1ab:cds-YP_009724389.1	GTT	V	GTC	V	874
NC_045512.2	2887	T	C	13628	6065	46	1	1	68	7.33622e-05	13631	0.499982	FALSE	ORF1ab:cds-YP_009725295.1	GTT	V	GTC	V	874
NC_045512.2	2887	T	A	13628	6065	46	1	1	34	7.33622e-05	13631	0.999939	FALSE	ORF1ab:cds-YP_009724389.1	GTT	V	GTA	V	874
NC_045512.2	2887	T	A	13628	6065	46	1	1	34	7.33622e-05	13631	0.999939	FALSE	ORF1ab:cds-YP_009725295.1	GTT	V	GTA	V	874
NC_045512.2	2888	G	T	13691	6077	46	5	4	32	0.000365017	13698	0.984579	FALSE	ORF1ab:cds-YP_009724389.1	GTG	V	TTG	L	875
NC_045512.2	2888	G	T	13691	6077	46	5	4	32	0.000365017	13698	0.984579	FALSE	ORF1ab:cds-YP_009725295.1	GTG	V	TTG	L	875
NC_045512.2	2888	G	C	13691	6077	46	2	2	34	0.000146007	13698	0.999512	FALSE	ORF1ab:cds-YP_009724389.1	GTG	V	CTG	L	875
NC_045512.2	2888	G	C	13691	6077	46	2	2	34	0.000146007	13698	0.999512	FALSE	ORF1ab:cds-YP_009725295.1	GTG	V	CTG	L	875
NC_045512.2	2889	T	G	13665	6090	46	3	2	31	0.000219427	13672	0.997912	FALSE	ORF1ab:cds-YP_009724389.1	GTG	V	GGG	G	875
NC_045512.2	2889	T	G	13665	6090	46	3	2	31	0.000219427	13672	0.997912	FALSE	ORF1ab:cds-YP_009725295.1	GTG	V	GGG	G	875
NC_045512.2	2889	T	C	13665	6090	46	3	1	68	0.000219427	13672	0.124945	FALSE	ORF1ab:cds-YP_009724389.1	GTG	V	GCG	A	875
NC_045512.2	2889	T	C	13665	6090	46	3	1	68	0.000219427	13672	0.124945	FALSE	ORF1ab:cds-YP_009725295.1	GTG	V	GCG	A	875
NC_045512.2	2889	T	A	13665	6090	46	1	1	34	7.31422e-05	13672	0.999939	FALSE	ORF1ab:cds-YP_009724389.1	GTG	V	GAG	E	875
NC_045512.2	2889	T	A	13665	6090	46	1	1	34	7.31422e-05	13672	0.999939	FALSE	ORF1ab:cds-YP_009725295.1	GTG	V	GAG	E	875
NC_045512.2	2890	G	T	13834	6126	46	4	4	34	0.000288976	13842	0.993642	FALSE	ORF1ab:cds-YP_009724389.1	GTG	V	GTT	V	875
NC_045512.2	2890	G	T	13834	6126	46	4	4	34	0.000288976	13842	0.993642	FALSE	ORF1ab:cds-YP_009725295.1	GTG	V	GTT	V	875
NC_045512.2	2890	G	A	13834	6126	46	4	3	34	0.000288976	13842	0.993642	FALSE	ORF1ab:cds-YP_009724389.1	GTG	V	GTA	V	875
NC_045512.2	2890	G	A	13834	6126	46	4	3	34	0.000288976	13842	0.993642	FALSE	ORF1ab:cds-YP_009725295.1	GTG	V	GTA	V	875
NC_045512.2	2891	G	T	13842	6142	46	2	1	30	0.000144456	13845	0.999513	FALSE	ORF1ab:cds-YP_009724389.1	GCA	A	TCA	S	876
NC_045512.2	2891	G	T	13842	6142	46	2	1	30	0.000144456	13845	0.999513	FALSE	ORF1ab:cds-YP_009725295.1	GCA	A	TCA	S	876
NC_045512.2	2891	G	A	13842	6142	46	1	1	26	7.22282e-05	13845	1	FALSE	ORF1ab:cds-YP_009724389.1	GCA	A	ACA	T	876
NC_045512.2	2891	G	A	13842	6142	46	1	1	26	7.22282e-05	13845	1	FALSE	ORF1ab:cds-YP_009725295.1	GCA	A	ACA	T	876
NC_045512.2	2892	C	T	13813	6209	46	2	2	34	0.000144739	13818	0.999513	FALSE	ORF1ab:cds-YP_009724389.1	GCA	A	GTA	V	876
NC_045512.2	2892	C	T	13813	6209	46	2	2	34	0.000144739	13818	0.999513	FALSE	ORF1ab:cds-YP_009725295.1	GCA	A	GTA	V	876
NC_045512.2	2892	C	G	13813	6209	46	2	2	30	0.000144739	13818	0.999513	FALSE	ORF1ab:cds-YP_009724389.1	GCA	A	GGA	G	876
NC_045512.2	2892	C	G	13813	6209	46	2	2	30	0.000144739	13818	0.999513	FALSE	ORF1ab:cds-YP_009725295.1	GCA	A	GGA	G	876
NC_045512.2	2892	C	A	13813	6209	46	1	1	34	7.23694e-05	13818	0.999939	FALSE	ORF1ab:cds-YP_009724389.1	GCA	A	GAA	E	876
NC_045512.2	2892	C	A	13813	6209	46	1	1	34	7.23694e-05	13818	0.999939	FALSE	ORF1ab:cds-YP_009725295.1	GCA	A	GAA	E	876
NC_045512.2	2893	A	T	13851	6214	46	1	0	26	7.21709e-05	13856	1	FALSE	ORF1ab:cds-YP_009724389.1	GCA	A	GCT	A	876
NC_045512.2	2893	A	T	13851	6214	46	1	0	26	7.21709e-05	13856	1	FALSE	ORF1ab:cds-YP_009725295.1	GCA	A	GCT	A	876
NC_045512.2	2893	A	G	13851	6214	46	1	1	34	7.21709e-05	13856	0.999939	FALSE	ORF1ab:cds-YP_009724389.1	GCA	A	GCG	A	876
NC_045512.2	2893	A	G	13851	6214	46	1	1	34	7.21709e-05	13856	0.999939	FALSE	ORF1ab:cds-YP_009725295.1	GCA	A	GCG	A	876
NC_045512.2	2893	A	C	13851	6214	46	3	2	45	0.000216513	13856	0.312459	FALSE	ORF1ab:cds-YP_009724389.1	GCA	A	GCC	A	876
NC_045512.2	2893	A	C	13851	6214	46	3	2	45	0.000216513	13856	0.312459	FALSE	ORF1ab:cds-YP_009725295.1	GCA	A	GCC	A	876
NC_045512.2	2894	G	A	13873	6233	46	2	2	34	0.000144144	13875	0.999513	FALSE	ORF1ab:cds-YP_009724389.1	GAT	D	AAT	N	877
NC_045512.2	2894	G	A	13873	6233	46	2	2	34	0.000144144	13875	0.999513	FALSE	ORF1ab:cds-YP_009725295.1	GAT	D	AAT	N	877
NC_045512.2	2895	A	G	13790	6266	46	4	3	38	0.00028996	13795	0.99365	FALSE	ORF1ab:cds-YP_009724389.1	GAT	D	GGT	G	877
NC_045512.2	2895	A	G	13790	6266	46	4	3	38	0.00028996	13795	0.99365	FALSE	ORF1ab:cds-YP_009725295.1	GAT	D	GGT	G	877
NC_045512.2	2895	A	C	13790	6266	46	1	1	34	7.249e-05	13795	0.999939	FALSE	ORF1ab:cds-YP_009724389.1	GAT	D	GCT	A	877
NC_045512.2	2895	A	C	13790	6266	46	1	1	34	7.249e-05	13795	0.999939	FALSE	ORF1ab:cds-YP_009725295.1	GAT	D	GCT	A	877
NC_045512.2	2896	T	C	13874	6290	46	1	1	20	7.20565e-05	13878	1	FALSE	ORF1ab:cds-YP_009724389.1	GAT	D	GAC	D	877
NC_045512.2	2896	T	C	13874	6290	46	1	1	20	7.20565e-05	13878	1	FALSE	ORF1ab:cds-YP_009725295.1	GAT	D	GAC	D	877
NC_045512.2	2896	T	A	13874	6290	46	3	3	31	0.000216169	13878	0.997915	FALSE	ORF1ab:cds-YP_009724389.1	GAT	D	GAA	E	877
NC_045512.2	2896	T	A	13874	6290	46	3	3	31	0.000216169	13878	0.997915	FALSE	ORF1ab:cds-YP_009725295.1	GAT	D	GAA	E	877
NC_045512.2	2897	G	T	13837	6264	46	2	2	34	0.000144509	13840	0.999513	FALSE	ORF1ab:cds-YP_009724389.1	GCT	A	TCT	S	878
NC_045512.2	2897	G	T	13837	6264	46	2	2	34	0.000144509	13840	0.999513	FALSE	ORF1ab:cds-YP_009725295.1	GCT	A	TCT	S	878
NC_045512.2	2897	G	A	13837	6264	46	1	1	68	7.22543e-05	13840	0.499982	FALSE	ORF1ab:cds-YP_009724389.1	GCT	A	ACT	T	878
NC_045512.2	2897	G	A	13837	6264	46	1	1	68	7.22543e-05	13840	0.499982	FALSE	ORF1ab:cds-YP_009725295.1	GCT	A	ACT	T	878
NC_045512.2	2898	C	T	13780	6395	45	1	0	26	7.25479e-05	13784	1	FALSE	ORF1ab:cds-YP_009724389.1	GCT	A	GTT	V	878
NC_045512.2	2898	C	T	13780	6395	45	1	0	26	7.25479e-05	13784	1	FALSE	ORF1ab:cds-YP_009725295.1	GCT	A	GTT	V	878
NC_045512.2	2898	C	G	13780	6395	45	2	1	34	0.000145096	13784	0.999513	FALSE	ORF1ab:cds-YP_009724389.1	GCT	A	GGT	G	878
NC_045512.2	2898	C	G	13780	6395	45	2	1	34	0.000145096	13784	0.999513	FALSE	ORF1ab:cds-YP_009725295.1	GCT	A	GGT	G	878
NC_045512.2	2898	C	A	13780	6395	45	1	1	34	7.25479e-05	13784	0.999939	FALSE	ORF1ab:cds-YP_009724389.1	GCT	A	GAT	D	878
NC_045512.2	2898	C	A	13780	6395	45	1	1	34	7.25479e-05	13784	0.999939	FALSE	ORF1ab:cds-YP_009725295.1	GCT	A	GAT	D	878
NC_045512.2	2899	T	C	13779	6296	45	4	2	30	0.000290213	13783	0.993653	FALSE	ORF1ab:cds-YP_009724389.1	GCT	A	GCC	A	878
NC_045512.2	2899	T	C	13779	6296	45	4	2	30	0.000290213	13783	0.993653	FALSE	ORF1ab:cds-YP_009725295.1	GCT	A	GCC	A	878
NC_045512.2	2900	G	T	13936	6421	46	4	2	32	0.000286923	13941	0.99365	FALSE	ORF1ab:cds-YP_009724389.1	GTC	V	TTC	F	879
NC_045512.2	2900	G	T	13936	6421	46	4	2	32	0.000286923	13941	0.99365	FALSE	ORF1ab:cds-YP_009725295.1	GTC	V	TTC	F	879
NC_045512.2	2900	G	A	13936	6421	46	1	0	68	7.17309e-05	13941	0.499946	FALSE	ORF1ab:cds-YP_009724389.1	GTC	V	ATC	I	879
NC_045512.2	2900	G	A	13936	6421	46	1	0	68	7.17309e-05	13941	0.499946	FALSE	ORF1ab:cds-YP_009725295.1	GTC	V	ATC	I	879
NC_045512.2	2901	T	G	13924	6586	46	4	2	32	0.000287088	13933	0.99364	FALSE	ORF1ab:cds-YP_009724389.1	GTC	V	GGC	G	879
NC_045512.2	2901	T	G	13924	6586	46	4	2	32	0.000287088	13933	0.99364	FALSE	ORF1ab:cds-YP_009725295.1	GTC	V	GGC	G	879
NC_045512.2	2901	T	C	13924	6586	46	3	1	31	0.000215316	13933	0.99791	FALSE	ORF1ab:cds-YP_009724389.1	GTC	V	GCC	A	879
NC_045512.2	2901	T	C	13924	6586	46	3	1	31	0.000215316	13933	0.99791	FALSE	ORF1ab:cds-YP_009725295.1	GTC	V	GCC	A	879
NC_045512.2	2901	T	A	13924	6586	46	2	1	34	0.000143544	13933	0.999512	FALSE	ORF1ab:cds-YP_009724389.1	GTC	V	GAC	D	879
NC_045512.2	2901	T	A	13924	6586	46	2	1	34	0.000143544	13933	0.999512	FALSE	ORF1ab:cds-YP_009725295.1	GTC	V	GAC	D	879
NC_045512.2	2902	C	T	14298	6716	46	2	2	30	0.00013985	14301	0.999741	FALSE	ORF1ab:cds-YP_009724389.1	GTC	V	GTT	V	879
NC_045512.2	2902	C	T	14298	6716	46	2	2	30	0.00013985	14301	0.999741	FALSE	ORF1ab:cds-YP_009725295.1	GTC	V	GTT	V	879
NC_045512.2	2902	C	G	14298	6716	46	1	0	26	6.99252e-05	14301	1	FALSE	ORF1ab:cds-YP_009724389.1	GTC	V	GTG	V	879
NC_045512.2	2902	C	G	14298	6716	46	1	0	26	6.99252e-05	14301	1	FALSE	ORF1ab:cds-YP_009725295.1	GTC	V	GTG	V	879
NC_045512.2	2903	A	G	14345	6760	46	2	1	34	0.000139373	14350	0.999741	FALSE	ORF1ab:cds-YP_009724389.1	ATA	I	GTA	V	880
NC_045512.2	2903	A	G	14345	6760	46	2	1	34	0.000139373	14350	0.999741	FALSE	ORF1ab:cds-YP_009725295.1	ATA	I	GTA	V	880
NC_045512.2	2903	A	C	14345	6760	46	3	3	34	0.000209059	14350	0.998828	FALSE	ORF1ab:cds-YP_009724389.1	ATA	I	CTA	L	880
NC_045512.2	2903	A	C	14345	6760	46	3	3	34	0.000209059	14350	0.998828	FALSE	ORF1ab:cds-YP_009725295.1	ATA	I	CTA	L	880
NC_045512.2	2904	T	A	14342	6864	46	3	3	31	0.000209132	14345	0.998829	FALSE	ORF1ab:cds-YP_009724389.1	ATA	I	AAA	K	880
NC_045512.2	2904	T	A	14342	6864	46	3	3	31	0.000209132	14345	0.998829	FALSE	ORF1ab:cds-YP_009725295.1	ATA	I	AAA	K	880
NC_045512.2	2904	T	-A	14342	6864	46	1	0	20	6.97107e-05	14345	1	FALSE	NA	NA	NA	NA	NA	NA
NC_045512.2	2905	A	T	14248	6888	46	3	3	34	0.000210452	14255	0.998826	FALSE	ORF1ab:cds-YP_009724389.1	ATA	I	ATT	I	880
NC_045512.2	2905	A	T	14248	6888	46	3	3	34	0.000210452	14255	0.998826	FALSE	ORF1ab:cds-YP_009725295.1	ATA	I	ATT	I	880
NC_045512.2	2905	A	G	14248	6888	46	3	2	45	0.000210452	14255	0.312382	FALSE	ORF1ab:cds-YP_009724389.1	ATA	I	ATG	M	880
NC_045512.2	2905	A	G	14248	6888	46	3	2	45	0.000210452	14255	0.312382	FALSE	ORF1ab:cds-YP_009725295.1	ATA	I	ATG	M	880
NC_045512.2	2905	A	C	14248	6888	46	1	1	34	7.01508e-05	14255	0.999969	FALSE	ORF1ab:cds-YP_009724389.1	ATA	I	ATC	I	880
NC_045512.2	2905	A	C	14248	6888	46	1	1	34	7.01508e-05	14255	0.999969	FALSE	ORF1ab:cds-YP_009725295.1	ATA	I	ATC	I	880
NC_045512.2	2907	A	T	13877	6924	45	2	2	30	0.000144061	13883	0.999512	FALSE	ORF1ab:cds-YP_009724389.1	AAA	K	ATA	I	881
NC_045512.2	2907	A	T	13877	6924	45	2	2	30	0.000144061	13883	0.999512	FALSE	ORF1ab:cds-YP_009725295.1	AAA	K	ATA	I	881
NC_045512.2	2907	A	G	13877	6924	45	2	0	51	0.000144061	13883	0.249937	FALSE	ORF1ab:cds-YP_009724389.1	AAA	K	AGA	R	881
NC_045512.2	2907	A	G	13877	6924	45	2	0	51	0.000144061	13883	0.249937	FALSE	ORF1ab:cds-YP_009725295.1	AAA	K	AGA	R	881
NC_045512.2	2907	A	C	13877	6924	45	2	1	30	0.000144061	13883	0.999512	FALSE	ORF1ab:cds-YP_009724389.1	AAA	K	ACA	T	881
NC_045512.2	2907	A	C	13877	6924	45	2	1	30	0.000144061	13883	0.999512	FALSE	ORF1ab:cds-YP_009725295.1	AAA	K	ACA	T	881
NC_045512.2	2908	A	G	14329	6926	46	2	1	34	0.000139558	14331	0.999742	FALSE	ORF1ab:cds-YP_009724389.1	AAA	K	AAG	K	881
NC_045512.2	2908	A	G	14329	6926	46	2	1	34	0.000139558	14331	0.999742	FALSE	ORF1ab:cds-YP_009725295.1	AAA	K	AAG	K	881
NC_045512.2	2909	A	G	13942	6930	45	2	1	30	0.000143421	13945	0.999513	FALSE	ORF1ab:cds-YP_009724389.1	ACT	T	GCT	A	882
NC_045512.2	2909	A	G	13942	6930	45	2	1	30	0.000143421	13945	0.999513	FALSE	ORF1ab:cds-YP_009725295.1	ACT	T	GCT	A	882
NC_045512.2	2909	A	C	13942	6930	45	1	0	26	7.17103e-05	13945	1	FALSE	ORF1ab:cds-YP_009724389.1	ACT	T	CCT	P	882
NC_045512.2	2909	A	C	13942	6930	45	1	0	26	7.17103e-05	13945	1	FALSE	ORF1ab:cds-YP_009725295.1	ACT	T	CCT	P	882
NC_045512.2	2910	C	A	14350	7035	46	3	3	34	0.000209016	14353	0.998829	FALSE	ORF1ab:cds-YP_009724389.1	ACT	T	AAT	N	882
NC_045512.2	2910	C	A	14350	7035	46	3	3	34	0.000209016	14353	0.998829	FALSE	ORF1ab:cds-YP_009725295.1	ACT	T	AAT	N	882
NC_045512.2	2911	T	C	13916	6628	46	3	2	45	0.000215517	13920	0.312487	FALSE	ORF1ab:cds-YP_009724389.1	ACT	T	ACC	T	882
NC_045512.2	2911	T	C	13916	6628	46	3	2	45	0.000215517	13920	0.312487	FALSE	ORF1ab:cds-YP_009725295.1	ACT	T	ACC	T	882
NC_045512.2	2911	T	A	13916	6628	46	1	1	34	7.18391e-05	13920	0.999939	FALSE	ORF1ab:cds-YP_009724389.1	ACT	T	ACA	T	882
NC_045512.2	2911	T	A	13916	6628	46	1	1	34	7.18391e-05	13920	0.999939	FALSE	ORF1ab:cds-YP_009725295.1	ACT	T	ACA	T	882
NC_045512.2	2912	T	C	14067	6829	47	2	2	34	0.000142146	14070	0.999741	FALSE	ORF1ab:cds-YP_009724389.1	TTG	L	CTG	L	883
NC_045512.2	2912	T	C	14067	6829	47	2	2	34	0.000142146	14070	0.999741	FALSE	ORF1ab:cds-YP_009725295.1	TTG	L	CTG	L	883
NC_045512.2	2912	T	A	14067	6829	47	1	1	34	7.10732e-05	14070	0.99997	FALSE	ORF1ab:cds-YP_009724389.1	TTG	L	ATG	M	883
NC_045512.2	2912	T	A	14067	6829	47	1	1	34	7.10732e-05	14070	0.99997	FALSE	ORF1ab:cds-YP_009725295.1	TTG	L	ATG	M	883
NC_045512.2	2913	T	C	14042	6943	46	4	2	42	0.000284779	14046	0.1875	FALSE	ORF1ab:cds-YP_009724389.1	TTG	L	TCG	S	883
NC_045512.2	2913	T	C	14042	6943	46	4	2	42	0.000284779	14046	0.1875	FALSE	ORF1ab:cds-YP_009725295.1	TTG	L	TCG	S	883
NC_045512.2	2914	G	T	13985	6848	46	3	3	31	0.00021447	13988	0.997915	FALSE	ORF1ab:cds-YP_009724389.1	TTG	L	TTT	F	883
NC_045512.2	2914	G	T	13985	6848	46	3	3	31	0.00021447	13988	0.997915	FALSE	ORF1ab:cds-YP_009725295.1	TTG	L	TTT	F	883
NC_045512.2	2915	C	T	14028	6931	46	2	2	34	0.000142531	14032	0.999741	FALSE	ORF1ab:cds-YP_009724389.1	CAA	Q	TAA	*	884
NC_045512.2	2915	C	T	14028	6931	46	2	2	34	0.000142531	14032	0.999741	FALSE	ORF1ab:cds-YP_009725295.1	CAA	Q	TAA	*	884
NC_045512.2	2915	C	G	14028	6931	46	2	2	34	0.000142531	14032	0.999741	FALSE	ORF1ab:cds-YP_009724389.1	CAA	Q	GAA	E	884
NC_045512.2	2915	C	G	14028	6931	46	2	2	34	0.000142531	14032	0.999741	FALSE	ORF1ab:cds-YP_009725295.1	CAA	Q	GAA	E	884
NC_045512.2	2916	A	T	14040	6964	46	1	1	34	7.11997e-05	14045	0.99997	FALSE	ORF1ab:cds-YP_009724389.1	CAA	Q	CTA	L	884
NC_045512.2	2916	A	T	14040	6964	46	1	1	34	7.11997e-05	14045	0.99997	FALSE	ORF1ab:cds-YP_009725295.1	CAA	Q	CTA	L	884
NC_045512.2	2916	A	G	14040	6964	46	2	0	30	0.000142399	14045	0.999741	FALSE	ORF1ab:cds-YP_009724389.1	CAA	Q	CGA	R	884
NC_045512.2	2916	A	G	14040	6964	46	2	0	30	0.000142399	14045	0.999741	FALSE	ORF1ab:cds-YP_009725295.1	CAA	Q	CGA	R	884
NC_045512.2	2916	A	C	14040	6964	46	2	2	34	0.000142399	14045	0.999741	FALSE	ORF1ab:cds-YP_009724389.1	CAA	Q	CCA	P	884
NC_045512.2	2916	A	C	14040	6964	46	2	2	34	0.000142399	14045	0.999741	FALSE	ORF1ab:cds-YP_009725295.1	CAA	Q	CCA	P	884
NC_045512.2	2917	A	G	14147	7026	46	1	1	34	7.06814e-05	14148	0.99997	FALSE	ORF1ab:cds-YP_009724389.1	CAA	Q	CAG	Q	884
NC_045512.2	2917	A	G	14147	7026	46	1	1	34	7.06814e-05	14148	0.99997	FALSE	ORF1ab:cds-YP_009725295.1	CAA	Q	CAG	Q	884
NC_045512.2	2918	C	G	13986	7528	44	1	0	27	7.14796e-05	13990	1	FALSE	ORF1ab:cds-YP_009724389.1	CCA	P	GCA	A	885
NC_045512.2	2918	C	G	13986	7528	44	1	0	27	7.14796e-05	13990	1	FALSE	ORF1ab:cds-YP_009725295.1	CCA	P	GCA	A	885
NC_045512.2	2918	C	A	13986	7528	44	3	3	31	0.000214439	13990	0.997915	FALSE	ORF1ab:cds-YP_009724389.1	CCA	P	ACA	T	885
NC_045512.2	2918	C	A	13986	7528	44	3	3	31	0.000214439	13990	0.997915	FALSE	ORF1ab:cds-YP_009725295.1	CCA	P	ACA	T	885
NC_045512.2	2919	C	A	13979	7603	44	1	1	26	7.15308e-05	13980	1	FALSE	ORF1ab:cds-YP_009724389.1	CCA	P	CAA	Q	885
NC_045512.2	2919	C	A	13979	7603	44	1	1	26	7.15308e-05	13980	1	FALSE	ORF1ab:cds-YP_009725295.1	CCA	P	CAA	Q	885
NC_045512.2	2920	A	G	13935	7559	44	1	0	68	7.1736e-05	13940	0.499946	FALSE	ORF1ab:cds-YP_009724389.1	CCA	P	CCG	P	885
NC_045512.2	2920	A	G	13935	7559	44	1	0	68	7.1736e-05	13940	0.499946	FALSE	ORF1ab:cds-YP_009725295.1	CCA	P	CCG	P	885
NC_045512.2	2920	A	C	13935	7559	44	4	3	30	0.000286944	13940	0.99365	FALSE	ORF1ab:cds-YP_009724389.1	CCA	P	CCC	P	885
NC_045512.2	2920	A	C	13935	7559	44	4	3	30	0.000286944	13940	0.99365	FALSE	ORF1ab:cds-YP_009725295.1	CCA	P	CCC	P	885
NC_045512.2	2921	G	C	14050	7507	43	2	2	30	0.000142288	14056	0.999741	FALSE	ORF1ab:cds-YP_009724389.1	GTA	V	CTA	L	886
NC_045512.2	2921	G	C	14050	7507	43	2	2	30	0.000142288	14056	0.999741	FALSE	ORF1ab:cds-YP_009725295.1	GTA	V	CTA	L	886
NC_045512.2	2921	G	A	14050	7507	43	4	4	34	0.000284576	14056	0.996239	FALSE	ORF1ab:cds-YP_009724389.1	GTA	V	ATA	I	886
NC_045512.2	2921	G	A	14050	7507	43	4	4	34	0.000284576	14056	0.996239	FALSE	ORF1ab:cds-YP_009725295.1	GTA	V	ATA	I	886
NC_045512.2	2922	T	G	14067	7623	43	4	4	32	0.000284232	14073	0.996239	FALSE	ORF1ab:cds-YP_009724389.1	GTA	V	GGA	G	886
NC_045512.2	2922	T	G	14067	7623	43	4	4	32	0.000284232	14073	0.996239	FALSE	ORF1ab:cds-YP_009725295.1	GTA	V	GGA	G	886
NC_045512.2	2922	T	C	14067	7623	43	2	1	51	0.000142116	14073	0.249938	FALSE	ORF1ab:cds-YP_009724389.1	GTA	V	GCA	A	886
NC_045512.2	2922	T	C	14067	7623	43	2	1	51	0.000142116	14073	0.249938	FALSE	ORF1ab:cds-YP_009725295.1	GTA	V	GCA	A	886
NC_045512.2	2923	A	T	14183	7813	44	4	4	32	0.000281928	14188	0.99624	FALSE	ORF1ab:cds-YP_009724389.1	GTA	V	GTT	V	886
NC_045512.2	2923	A	T	14183	7813	44	4	4	32	0.000281928	14188	0.99624	FALSE	ORF1ab:cds-YP_009725295.1	GTA	V	GTT	V	886
NC_045512.2	2923	A	G	14183	7813	44	1	0	34	7.04821e-05	14188	0.99997	FALSE	ORF1ab:cds-YP_009724389.1	GTA	V	GTG	V	886
NC_045512.2	2923	A	G	14183	7813	44	1	0	34	7.04821e-05	14188	0.99997	FALSE	ORF1ab:cds-YP_009725295.1	GTA	V	GTG	V	886
NC_045512.2	2924	T	G	14215	7765	44	1	1	34	7.03185e-05	14221	0.99997	FALSE	ORF1ab:cds-YP_009724389.1	TCT	S	GCT	A	887
NC_045512.2	2924	T	G	14215	7765	44	1	1	34	7.03185e-05	14221	0.99997	FALSE	ORF1ab:cds-YP_009725295.1	TCT	S	GCT	A	887
NC_045512.2	2924	T	C	14215	7765	44	1	0	68	7.03185e-05	14221	0.49993	FALSE	ORF1ab:cds-YP_009724389.1	TCT	S	CCT	P	887
NC_045512.2	2924	T	C	14215	7765	44	1	0	68	7.03185e-05	14221	0.49993	FALSE	ORF1ab:cds-YP_009725295.1	TCT	S	CCT	P	887
NC_045512.2	2924	T	A	14215	7765	44	4	4	32	0.000281274	14221	0.996238	FALSE	ORF1ab:cds-YP_009724389.1	TCT	S	ACT	T	887
NC_045512.2	2924	T	A	14215	7765	44	4	4	32	0.000281274	14221	0.996238	FALSE	ORF1ab:cds-YP_009725295.1	TCT	S	ACT	T	887
NC_045512.2	2925	C	T	14301	7878	44	5	5	34	0.000349504	14306	0.990418	FALSE	ORF1ab:cds-YP_009724389.1	TCT	S	TTT	F	887
NC_045512.2	2925	C	T	14301	7878	44	5	5	34	0.000349504	14306	0.990418	FALSE	ORF1ab:cds-YP_009725295.1	TCT	S	TTT	F	887
NC_045512.2	2926	T	G	14199	7778	44	1	0	26	7.03878e-05	14207	1	FALSE	ORF1ab:cds-YP_009724389.1	TCT	S	TCG	S	887
NC_045512.2	2926	T	G	14199	7778	44	1	0	26	7.03878e-05	14207	1	FALSE	ORF1ab:cds-YP_009725295.1	TCT	S	TCG	S	887
NC_045512.2	2926	T	C	14199	7778	44	6	5	38	0.000422327	14207	0.979333	FALSE	ORF1ab:cds-YP_009724389.1	TCT	S	TCC	S	887
NC_045512.2	2926	T	C	14199	7778	44	6	5	38	0.000422327	14207	0.979333	FALSE	ORF1ab:cds-YP_009725295.1	TCT	S	TCC	S	887
NC_045512.2	2926	T	A	14199	7778	44	1	1	34	7.03878e-05	14207	0.999969	FALSE	ORF1ab:cds-YP_009724389.1	TCT	S	TCA	S	887
NC_045512.2	2926	T	A	14199	7778	44	1	1	34	7.03878e-05	14207	0.999969	FALSE	ORF1ab:cds-YP_009725295.1	TCT	S	TCA	S	887
NC_045512.2	2927	G	T	14430	7798	44	5	5	34	0.00034638	14435	0.990418	FALSE	ORF1ab:cds-YP_009724389.1	GAA	E	TAA	*	888
NC_045512.2	2927	G	T	14430	7798	44	5	5	34	0.00034638	14435	0.990418	FALSE	ORF1ab:cds-YP_009725295.1	GAA	E	TAA	*	888
NC_045512.2	2928	A	T	14421	7777	44	2	0	51	0.000138581	14432	0.249853	FALSE	ORF1ab:cds-YP_009724389.1	GAA	E	GTA	V	888
NC_045512.2	2928	A	T	14421	7777	44	2	0	51	0.000138581	14432	0.249853	FALSE	ORF1ab:cds-YP_009725295.1	GAA	E	GTA	V	888
NC_045512.2	2928	A	G	14421	7777	44	7	5	32	0.000485033	14432	0.960837	FALSE	ORF1ab:cds-YP_009724389.1	GAA	E	GGA	G	888
NC_045512.2	2928	A	G	14421	7777	44	7	5	32	0.000485033	14432	0.960837	FALSE	ORF1ab:cds-YP_009725295.1	GAA	E	GGA	G	888
NC_045512.2	2928	A	C	14421	7777	44	2	1	30	0.000138581	14432	0.99974	FALSE	ORF1ab:cds-YP_009724389.1	GAA	E	GCA	A	888
NC_045512.2	2928	A	C	14421	7777	44	2	1	30	0.000138581	14432	0.99974	FALSE	ORF1ab:cds-YP_009725295.1	GAA	E	GCA	A	888
NC_045512.2	2929	A	T	14361	7842	44	1	1	34	6.96088e-05	14366	0.99997	FALSE	ORF1ab:cds-YP_009724389.1	GAA	E	GAT	D	888
NC_045512.2	2929	A	T	14361	7842	44	1	1	34	6.96088e-05	14366	0.99997	FALSE	ORF1ab:cds-YP_009725295.1	GAA	E	GAT	D	888
NC_045512.2	2929	A	G	14361	7842	44	3	2	42	0.000208826	14366	0.312461	FALSE	ORF1ab:cds-YP_009724389.1	GAA	E	GAG	E	888
NC_045512.2	2929	A	G	14361	7842	44	3	2	42	0.000208826	14366	0.312461	FALSE	ORF1ab:cds-YP_009725295.1	GAA	E	GAG	E	888
NC_045512.2	2929	A	C	14361	7842	44	1	1	34	6.96088e-05	14366	0.99997	FALSE	ORF1ab:cds-YP_009724389.1	GAA	E	GAC	D	888
NC_045512.2	2929	A	C	14361	7842	44	1	1	34	6.96088e-05	14366	0.99997	FALSE	ORF1ab:cds-YP_009725295.1	GAA	E	GAC	D	888
NC_045512.2	2930	T	G	14268	7678	44	2	1	34	0.000140115	14274	0.999741	FALSE	ORF1ab:cds-YP_009724389.1	TTA	L	GTA	V	889
NC_045512.2	2930	T	G	14268	7678	44	2	1	34	0.000140115	14274	0.999741	FALSE	ORF1ab:cds-YP_009725295.1	TTA	L	GTA	V	889
NC_045512.2	2930	T	A	14268	7678	44	4	4	34	0.00028023	14274	0.996238	FALSE	ORF1ab:cds-YP_009724389.1	TTA	L	ATA	I	889
NC_045512.2	2930	T	A	14268	7678	44	4	4	34	0.00028023	14274	0.996238	FALSE	ORF1ab:cds-YP_009725295.1	TTA	L	ATA	I	889
NC_045512.2	2931	T	A	14236	7652	44	1	1	34	7.02395e-05	14237	0.99997	FALSE	ORF1ab:cds-YP_009724389.1	TTA	L	TAA	*	889
NC_045512.2	2931	T	A	14236	7652	44	1	1	34	7.02395e-05	14237	0.99997	FALSE	ORF1ab:cds-YP_009725295.1	TTA	L	TAA	*	889
NC_045512.2	2932	A	T	14752	7732	44	4	4	34	0.000271076	14756	0.996241	FALSE	ORF1ab:cds-YP_009724389.1	TTA	L	TTT	F	889
NC_045512.2	2932	A	T	14752	7732	44	4	4	34	0.000271076	14756	0.996241	FALSE	ORF1ab:cds-YP_009725295.1	TTA	L	TTT	F	889
NC_045512.2	2933	C	T	14812	7820	43	1	1	34	6.74809e-05	14819	0.99997	FALSE	ORF1ab:cds-YP_009724389.1	CTT	L	TTT	F	890
NC_045512.2	2933	C	T	14812	7820	43	1	1	34	6.74809e-05	14819	0.99997	FALSE	ORF1ab:cds-YP_009725295.1	CTT	L	TTT	F	890
NC_045512.2	2933	C	A	14812	7820	43	6	4	38	0.000404886	14819	0.979339	FALSE	ORF1ab:cds-YP_009724389.1	CTT	L	ATT	I	890
NC_045512.2	2933	C	A	14812	7820	43	6	4	38	0.000404886	14819	0.979339	FALSE	ORF1ab:cds-YP_009725295.1	CTT	L	ATT	I	890
NC_045512.2	2934	T	C	14759	7700	43	4	4	34	0.000270948	14763	0.996241	FALSE	ORF1ab:cds-YP_009724389.1	CTT	L	CCT	P	890
NC_045512.2	2934	T	C	14759	7700	43	4	4	34	0.000270948	14763	0.996241	FALSE	ORF1ab:cds-YP_009725295.1	CTT	L	CCT	P	890
NC_045512.2	2935	T	C	14834	7897	44	1	1	34	6.74036e-05	14836	0.99997	FALSE	ORF1ab:cds-YP_009724389.1	CTT	L	CTC	L	890
NC_045512.2	2935	T	C	14834	7897	44	1	1	34	6.74036e-05	14836	0.99997	FALSE	ORF1ab:cds-YP_009725295.1	CTT	L	CTC	L	890
NC_045512.2	2935	T	A	14834	7897	44	1	1	34	6.74036e-05	14836	0.99997	FALSE	ORF1ab:cds-YP_009724389.1	CTT	L	CTA	L	890
NC_045512.2	2935	T	A	14834	7897	44	1	1	34	6.74036e-05	14836	0.99997	FALSE	ORF1ab:cds-YP_009725295.1	CTT	L	CTA	L	890
NC_045512.2	2936	A	T	14567	7646	44	4	4	34	0.00027448	14573	0.996238	FALSE	ORF1ab:cds-YP_009724389.1	ACA	T	TCA	S	891
NC_045512.2	2936	A	T	14567	7646	44	4	4	34	0.00027448	14573	0.996238	FALSE	ORF1ab:cds-YP_009725295.1	ACA	T	TCA	S	891
NC_045512.2	2936	A	G	14567	7646	44	1	0	60	6.86201e-05	14573	0.499931	FALSE	ORF1ab:cds-YP_009724389.1	ACA	T	GCA	A	891
NC_045512.2	2936	A	G	14567	7646	44	1	0	60	6.86201e-05	14573	0.499931	FALSE	ORF1ab:cds-YP_009725295.1	ACA	T	GCA	A	891
NC_045512.2	2936	A	C	14567	7646	44	1	1	34	6.86201e-05	14573	0.99997	FALSE	ORF1ab:cds-YP_009724389.1	ACA	T	CCA	P	891
NC_045512.2	2936	A	C	14567	7646	44	1	1	34	6.86201e-05	14573	0.99997	FALSE	ORF1ab:cds-YP_009725295.1	ACA	T	CCA	P	891
NC_045512.2	2937	C	T	14623	7673	44	1	1	34	6.83667e-05	14627	0.99997	FALSE	ORF1ab:cds-YP_009724389.1	ACA	T	ATA	I	891
NC_045512.2	2937	C	T	14623	7673	44	1	1	34	6.83667e-05	14627	0.99997	FALSE	ORF1ab:cds-YP_009725295.1	ACA	T	ATA	I	891
NC_045512.2	2937	C	A	14623	7673	44	3	3	34	0.0002051	14627	0.998828	FALSE	ORF1ab:cds-YP_009724389.1	ACA	T	AAA	K	891
NC_045512.2	2937	C	A	14623	7673	44	3	3	34	0.0002051	14627	0.998828	FALSE	ORF1ab:cds-YP_009725295.1	ACA	T	AAA	K	891
NC_045512.2	2938	A	T	14603	7620	44	1	1	34	6.8451e-05	14609	0.99997	FALSE	ORF1ab:cds-YP_009724389.1	ACA	T	ACT	T	891
NC_045512.2	2938	A	T	14603	7620	44	1	1	34	6.8451e-05	14609	0.99997	FALSE	ORF1ab:cds-YP_009725295.1	ACA	T	ACT	T	891
NC_045512.2	2938	A	G	14603	7620	44	1	1	34	6.8451e-05	14609	0.99997	FALSE	ORF1ab:cds-YP_009724389.1	ACA	T	ACG	T	891
NC_045512.2	2938	A	G	14603	7620	44	1	1	34	6.8451e-05	14609	0.99997	FALSE	ORF1ab:cds-YP_009725295.1	ACA	T	ACG	T	891
NC_045512.2	2938	A	C	14603	7620	44	4	4	34	0.000273804	14609	0.996238	FALSE	ORF1ab:cds-YP_009724389.1	ACA	T	ACC	T	891
NC_045512.2	2938	A	C	14603	7620	44	4	4	34	0.000273804	14609	0.996238	FALSE	ORF1ab:cds-YP_009725295.1	ACA	T	ACC	T	891
NC_045512.2	2939	C	A	14931	7673	44	4	4	34	0.000267827	14935	0.996241	FALSE	ORF1ab:cds-YP_009724389.1	CCA	P	ACA	T	892
NC_045512.2	2939	C	A	14931	7673	44	4	4	34	0.000267827	14935	0.996241	FALSE	ORF1ab:cds-YP_009725295.1	CCA	P	ACA	T	892
NC_045512.2	2941	A	T	14351	7320	44	1	1	26	6.96427e-05	14359	1	FALSE	ORF1ab:cds-YP_009724389.1	CCA	P	CCT	P	892
NC_045512.2	2941	A	T	14351	7320	44	1	1	26	6.96427e-05	14359	1	FALSE	ORF1ab:cds-YP_009725295.1	CCA	P	CCT	P	892
NC_045512.2	2941	A	G	14351	7320	44	1	0	26	6.96427e-05	14359	1	FALSE	ORF1ab:cds-YP_009724389.1	CCA	P	CCG	P	892
NC_045512.2	2941	A	G	14351	7320	44	1	0	26	6.96427e-05	14359	1	FALSE	ORF1ab:cds-YP_009725295.1	CCA	P	CCG	P	892
NC_045512.2	2941	A	C	14351	7320	44	6	6	32	0.000417856	14359	0.979332	FALSE	ORF1ab:cds-YP_009724389.1	CCA	P	CCC	P	892
NC_045512.2	2941	A	C	14351	7320	44	6	6	32	0.000417856	14359	0.979332	FALSE	ORF1ab:cds-YP_009725295.1	CCA	P	CCC	P	892
NC_045512.2	2942	C	T	14351	7380	44	1	1	68	6.96524e-05	14357	0.49993	FALSE	ORF1ab:cds-YP_009724389.1	CTG	L	TTG	L	893
NC_045512.2	2942	C	T	14351	7380	44	1	1	68	6.96524e-05	14357	0.49993	FALSE	ORF1ab:cds-YP_009725295.1	CTG	L	TTG	L	893
NC_045512.2	2942	C	G	14351	7380	44	1	1	26	6.96524e-05	14357	1	FALSE	ORF1ab:cds-YP_009724389.1	CTG	L	GTG	V	893
NC_045512.2	2942	C	G	14351	7380	44	1	1	26	6.96524e-05	14357	1	FALSE	ORF1ab:cds-YP_009725295.1	CTG	L	GTG	V	893
NC_045512.2	2942	C	A	14351	7380	44	4	4	34	0.00027861	14357	0.996238	FALSE	ORF1ab:cds-YP_009724389.1	CTG	L	ATG	M	893
NC_045512.2	2942	C	A	14351	7380	44	4	4	34	0.00027861	14357	0.996238	FALSE	ORF1ab:cds-YP_009725295.1	CTG	L	ATG	M	893
NC_045512.2	2943	T	C	14115	7171	44	6	5	29	0.000424899	14121	1	FALSE	ORF1ab:cds-YP_009724389.1	CTG	L	CCG	P	893
NC_045512.2	2943	T	C	14115	7171	44	6	5	29	0.000424899	14121	1	FALSE	ORF1ab:cds-YP_009725295.1	CTG	L	CCG	P	893
NC_045512.2	2944	G	T	14224	7282	44	5	5	32	0.00035137	14230	0.990414	FALSE	ORF1ab:cds-YP_009724389.1	CTG	L	CTT	L	893
NC_045512.2	2944	G	T	14224	7282	44	5	5	32	0.00035137	14230	0.990414	FALSE	ORF1ab:cds-YP_009725295.1	CTG	L	CTT	L	893
NC_045512.2	2944	G	A	14224	7282	44	1	1	34	7.02741e-05	14230	0.99997	FALSE	ORF1ab:cds-YP_009724389.1	CTG	L	CTA	L	893
NC_045512.2	2944	G	A	14224	7282	44	1	1	34	7.02741e-05	14230	0.99997	FALSE	ORF1ab:cds-YP_009725295.1	CTG	L	CTA	L	893
NC_045512.2	2945	G	C	14240	7294	44	1	1	34	7.02198e-05	14241	0.99997	FALSE	ORF1ab:cds-YP_009724389.1	GGC	G	CGC	R	894
NC_045512.2	2945	G	C	14240	7294	44	1	1	34	7.02198e-05	14241	0.99997	FALSE	ORF1ab:cds-YP_009725295.1	GGC	G	CGC	R	894
NC_045512.2	2946	G	T	14131	7148	44	4	4	32	0.000282965	14136	0.99624	FALSE	ORF1ab:cds-YP_009724389.1	GGC	G	GTC	V	894
NC_045512.2	2946	G	T	14131	7148	44	4	4	32	0.000282965	14136	0.99624	FALSE	ORF1ab:cds-YP_009725295.1	GGC	G	GTC	V	894
NC_045512.2	2946	G	A	14131	7148	44	1	1	68	7.07414e-05	14136	0.499947	FALSE	ORF1ab:cds-YP_009724389.1	GGC	G	GAC	D	894
NC_045512.2	2946	G	A	14131	7148	44	1	1	68	7.07414e-05	14136	0.499947	FALSE	ORF1ab:cds-YP_009725295.1	GGC	G	GAC	D	894
NC_045512.2	2947	C	G	14092	7166	44	4	4	32	0.000283768	14096	0.996242	FALSE	ORF1ab:cds-YP_009724389.1	GGC	G	GGG	G	894
NC_045512.2	2947	C	G	14092	7166	44	4	4	32	0.000283768	14096	0.996242	FALSE	ORF1ab:cds-YP_009725295.1	GGC	G	GGG	G	894
NC_045512.2	2948	A	G	13563	6890	44	2	2	34	0.000147395	13569	0.999512	FALSE	ORF1ab:cds-YP_009724389.1	ATT	I	GTT	V	895
NC_045512.2	2948	A	G	13563	6890	44	2	2	34	0.000147395	13569	0.999512	FALSE	ORF1ab:cds-YP_009725295.1	ATT	I	GTT	V	895
NC_045512.2	2948	A	C	13563	6890	44	4	4	32	0.00029479	13569	0.993648	FALSE	ORF1ab:cds-YP_009724389.1	ATT	I	CTT	L	895
NC_045512.2	2948	A	C	13563	6890	44	4	4	32	0.00029479	13569	0.993648	FALSE	ORF1ab:cds-YP_009725295.1	ATT	I	CTT	L	895
NC_045512.2	2949	T	G	13319	6905	43	3	2	34	0.000225124	13326	0.997912	FALSE	ORF1ab:cds-YP_009724389.1	ATT	I	AGT	S	895
NC_045512.2	2949	T	G	13319	6905	43	3	2	34	0.000225124	13326	0.997912	FALSE	ORF1ab:cds-YP_009725295.1	ATT	I	AGT	S	895
NC_045512.2	2949	T	C	13319	6905	43	1	1	34	7.50413e-05	13326	0.999939	FALSE	ORF1ab:cds-YP_009724389.1	ATT	I	ACT	T	895
NC_045512.2	2949	T	C	13319	6905	43	1	1	34	7.50413e-05	13326	0.999939	FALSE	ORF1ab:cds-YP_009725295.1	ATT	I	ACT	T	895
NC_045512.2	2949	T	A	13319	6905	43	3	3	31	0.000225124	13326	0.997912	FALSE	ORF1ab:cds-YP_009724389.1	ATT	I	AAT	N	895
NC_045512.2	2949	T	A	13319	6905	43	3	3	31	0.000225124	13326	0.997912	FALSE	ORF1ab:cds-YP_009725295.1	ATT	I	AAT	N	895
NC_045512.2	2950	T	G	13687	6906	45	1	1	68	7.303e-05	13693	0.499927	FALSE	ORF1ab:cds-YP_009724389.1	ATT	I	ATG	M	895
NC_045512.2	2950	T	G	13687	6906	45	1	1	68	7.303e-05	13693	0.499927	FALSE	ORF1ab:cds-YP_009725295.1	ATT	I	ATG	M	895
NC_045512.2	2950	T	C	13687	6906	45	4	4	32	0.00029212	13693	0.993648	FALSE	ORF1ab:cds-YP_009724389.1	ATT	I	ATC	I	895
NC_045512.2	2950	T	C	13687	6906	45	4	4	32	0.00029212	13693	0.993648	FALSE	ORF1ab:cds-YP_009725295.1	ATT	I	ATC	I	895
NC_045512.2	2950	T	A	13687	6906	45	1	1	34	7.303e-05	13693	0.999939	FALSE	ORF1ab:cds-YP_009724389.1	ATT	I	ATA	I	895
NC_045512.2	2950	T	A	13687	6906	45	1	1	34	7.303e-05	13693	0.999939	FALSE	ORF1ab:cds-YP_009725295.1	ATT	I	ATA	I	895
NC_045512.2	2951	G	T	13823	6888	45	4	4	32	0.000289268	13828	0.99365	FALSE	ORF1ab:cds-YP_009724389.1	GAT	D	TAT	Y	896
NC_045512.2	2951	G	T	13823	6888	45	4	4	32	0.000289268	13828	0.99365	FALSE	ORF1ab:cds-YP_009725295.1	GAT	D	TAT	Y	896
NC_045512.2	2951	G	A	13823	6888	45	1	1	34	7.2317e-05	13828	0.999939	FALSE	ORF1ab:cds-YP_009724389.1	GAT	D	AAT	N	896
NC_045512.2	2951	G	A	13823	6888	45	1	1	34	7.2317e-05	13828	0.999939	FALSE	ORF1ab:cds-YP_009725295.1	GAT	D	AAT	N	896
NC_045512.2	2952	A	T	14192	6978	45	2	2	34	0.000140835	14201	0.999741	FALSE	ORF1ab:cds-YP_009724389.1	GAT	D	GTT	V	896
NC_045512.2	2952	A	T	14192	6978	45	2	2	34	0.000140835	14201	0.999741	FALSE	ORF1ab:cds-YP_009725295.1	GAT	D	GTT	V	896
NC_045512.2	2952	A	G	14192	6978	45	5	4	34	0.000352088	14201	0.990402	FALSE	ORF1ab:cds-YP_009724389.1	GAT	D	GGT	G	896
NC_045512.2	2952	A	G	14192	6978	45	5	4	34	0.000352088	14201	0.990402	FALSE	ORF1ab:cds-YP_009725295.1	GAT	D	GGT	G	896
NC_045512.2	2952	A	C	14192	6978	45	2	0	30	0.000140835	14201	0.999741	FALSE	ORF1ab:cds-YP_009724389.1	GAT	D	GCT	A	896
NC_045512.2	2952	A	C	14192	6978	45	2	0	30	0.000140835	14201	0.999741	FALSE	ORF1ab:cds-YP_009725295.1	GAT	D	GCT	A	896
NC_045512.2	2953	T	C	13845	6738	44	2	1	51	0.000144394	13851	0.249937	FALSE	ORF1ab:cds-YP_009724389.1	GAT	D	GAC	D	896
NC_045512.2	2953	T	C	13845	6738	44	2	1	51	0.000144394	13851	0.249937	FALSE	ORF1ab:cds-YP_009725295.1	GAT	D	GAC	D	896
NC_045512.2	2953	T	A	13845	6738	44	4	4	34	0.000288788	13851	0.993648	FALSE	ORF1ab:cds-YP_009724389.1	GAT	D	GAA	E	896
NC_045512.2	2953	T	A	13845	6738	44	4	4	34	0.000288788	13851	0.993648	FALSE	ORF1ab:cds-YP_009725295.1	GAT	D	GAA	E	896
NC_045512.2	2954	T	G	13798	6689	44	2	2	34	0.000144928	13800	0.999513	FALSE	ORF1ab:cds-YP_009724389.1	TTA	L	GTA	V	897
NC_045512.2	2954	T	G	13798	6689	44	2	2	34	0.000144928	13800	0.999513	FALSE	ORF1ab:cds-YP_009725295.1	TTA	L	GTA	V	897
NC_045512.2	2955	T	C	13999	6874	45	2	2	51	0.000142837	14002	0.249991	FALSE	ORF1ab:cds-YP_009724389.1	TTA	L	TCA	S	897
NC_045512.2	2955	T	C	13999	6874	45	2	2	51	0.000142837	14002	0.249991	FALSE	ORF1ab:cds-YP_009725295.1	TTA	L	TCA	S	897
NC_045512.2	2955	T	A	13999	6874	45	1	1	34	7.14184e-05	14002	0.99997	FALSE	ORF1ab:cds-YP_009724389.1	TTA	L	TAA	*	897
NC_045512.2	2955	T	A	13999	6874	45	1	1	34	7.14184e-05	14002	0.99997	FALSE	ORF1ab:cds-YP_009725295.1	TTA	L	TAA	*	897
NC_045512.2	2956	A	T	14026	6868	45	6	6	32	0.000427533	14034	0.979333	FALSE	ORF1ab:cds-YP_009724389.1	TTA	L	TTT	F	897
NC_045512.2	2956	A	T	14026	6868	45	6	6	32	0.000427533	14034	0.979333	FALSE	ORF1ab:cds-YP_009725295.1	TTA	L	TTT	F	897
NC_045512.2	2956	A	G	14026	6868	45	1	0	68	7.12555e-05	14034	0.499893	FALSE	ORF1ab:cds-YP_009724389.1	TTA	L	TTG	L	897
NC_045512.2	2956	A	G	14026	6868	45	1	0	68	7.12555e-05	14034	0.499893	FALSE	ORF1ab:cds-YP_009725295.1	TTA	L	TTG	L	897
NC_045512.2	2956	A	C	14026	6868	45	1	0	34	7.12555e-05	14034	0.999969	FALSE	ORF1ab:cds-YP_009724389.1	TTA	L	TTC	F	897
NC_045512.2	2956	A	C	14026	6868	45	1	0	34	7.12555e-05	14034	0.999969	FALSE	ORF1ab:cds-YP_009725295.1	TTA	L	TTC	F	897
NC_045512.2	2957	G	T	14116	6878	45	1	1	34	7.08165e-05	14121	0.99997	FALSE	ORF1ab:cds-YP_009724389.1	GAT	D	TAT	Y	898
NC_045512.2	2957	G	T	14116	6878	45	1	1	34	7.08165e-05	14121	0.99997	FALSE	ORF1ab:cds-YP_009725295.1	GAT	D	TAT	Y	898
NC_045512.2	2957	G	A	14116	6878	45	4	3	34	0.000283266	14121	0.99624	FALSE	ORF1ab:cds-YP_009724389.1	GAT	D	AAT	N	898
NC_045512.2	2957	G	A	14116	6878	45	4	3	34	0.000283266	14121	0.99624	FALSE	ORF1ab:cds-YP_009725295.1	GAT	D	AAT	N	898
NC_045512.2	2958	A	T	14035	6967	45	2	2	34	0.000142399	14045	0.999741	FALSE	ORF1ab:cds-YP_009724389.1	GAT	D	GTT	V	898
NC_045512.2	2958	A	T	14035	6967	45	2	2	34	0.000142399	14045	0.999741	FALSE	ORF1ab:cds-YP_009725295.1	GAT	D	GTT	V	898
NC_045512.2	2958	A	G	14035	6967	45	4	4	32	0.000284799	14045	0.996232	FALSE	ORF1ab:cds-YP_009724389.1	GAT	D	GGT	G	898
NC_045512.2	2958	A	G	14035	6967	45	4	4	32	0.000284799	14045	0.996232	FALSE	ORF1ab:cds-YP_009725295.1	GAT	D	GGT	G	898
NC_045512.2	2958	A	C	14035	6967	45	4	4	30	0.000284799	14045	0.996232	FALSE	ORF1ab:cds-YP_009724389.1	GAT	D	GCT	A	898
NC_045512.2	2958	A	C	14035	6967	45	4	4	30	0.000284799	14045	0.996232	FALSE	ORF1ab:cds-YP_009725295.1	GAT	D	GCT	A	898
NC_045512.2	2959	T	G	14124	7087	45	1	1	34	7.07714e-05	14130	0.99997	FALSE	ORF1ab:cds-YP_009724389.1	GAT	D	GAG	E	898
NC_045512.2	2959	T	G	14124	7087	45	1	1	34	7.07714e-05	14130	0.99997	FALSE	ORF1ab:cds-YP_009725295.1	GAT	D	GAG	E	898
NC_045512.2	2959	T	C	14124	7087	45	1	1	34	7.07714e-05	14130	0.99997	FALSE	ORF1ab:cds-YP_009724389.1	GAT	D	GAC	D	898
NC_045512.2	2959	T	C	14124	7087	45	1	1	34	7.07714e-05	14130	0.99997	FALSE	ORF1ab:cds-YP_009725295.1	GAT	D	GAC	D	898
NC_045512.2	2959	T	A	14124	7087	45	4	4	34	0.000283086	14130	0.996239	FALSE	ORF1ab:cds-YP_009724389.1	GAT	D	GAA	E	898
NC_045512.2	2959	T	A	14124	7087	45	4	4	34	0.000283086	14130	0.996239	FALSE	ORF1ab:cds-YP_009725295.1	GAT	D	GAA	E	898
NC_045512.2	2960	G	T	14112	7086	45	4	4	32	0.000283346	14117	0.99624	FALSE	ORF1ab:cds-YP_009724389.1	GAG	E	TAG	*	899
NC_045512.2	2960	G	T	14112	7086	45	4	4	32	0.000283346	14117	0.99624	FALSE	ORF1ab:cds-YP_009725295.1	GAG	E	TAG	*	899
NC_045512.2	2960	G	A	14112	7086	45	1	1	34	7.08366e-05	14117	0.99997	FALSE	ORF1ab:cds-YP_009724389.1	GAG	E	AAG	K	899
NC_045512.2	2960	G	A	14112	7086	45	1	1	34	7.08366e-05	14117	0.99997	FALSE	ORF1ab:cds-YP_009725295.1	GAG	E	AAG	K	899
NC_045512.2	2961	A	T	13694	6712	46	1	1	34	7.2982e-05	13702	0.999939	FALSE	ORF1ab:cds-YP_009724389.1	GAG	E	GTG	V	899
NC_045512.2	2961	A	T	13694	6712	46	1	1	34	7.2982e-05	13702	0.999939	FALSE	ORF1ab:cds-YP_009725295.1	GAG	E	GTG	V	899
NC_045512.2	2961	A	G	13694	6712	46	7	5	34	0.000510874	13702	0.942407	FALSE	ORF1ab:cds-YP_009724389.1	GAG	E	GGG	G	899
NC_045512.2	2961	A	G	13694	6712	46	7	5	34	0.000510874	13702	0.942407	FALSE	ORF1ab:cds-YP_009725295.1	GAG	E	GGG	G	899
NC_045512.2	2962	G	A	13930	6746	45	4	4	30	0.000287068	13934	0.993653	FALSE	ORF1ab:cds-YP_009724389.1	GAG	E	GAA	E	899
NC_045512.2	2962	G	A	13930	6746	45	4	4	30	0.000287068	13934	0.993653	FALSE	ORF1ab:cds-YP_009725295.1	GAG	E	GAA	E	899
NC_045512.2	2963	T	G	13873	6783	45	3	3	34	0.000216169	13878	0.997914	FALSE	ORF1ab:cds-YP_009724389.1	TGG	W	GGG	G	900
NC_045512.2	2963	T	G	13873	6783	45	3	3	34	0.000216169	13878	0.997914	FALSE	ORF1ab:cds-YP_009725295.1	TGG	W	GGG	G	900
NC_045512.2	2963	T	C	13873	6783	45	1	1	34	7.20565e-05	13878	0.999939	FALSE	ORF1ab:cds-YP_009724389.1	TGG	W	CGG	R	900
NC_045512.2	2963	T	C	13873	6783	45	1	1	34	7.20565e-05	13878	0.999939	FALSE	ORF1ab:cds-YP_009725295.1	TGG	W	CGG	R	900
NC_045512.2	2963	T	A	13873	6783	45	1	1	34	7.20565e-05	13878	0.999939	FALSE	ORF1ab:cds-YP_009724389.1	TGG	W	AGG	R	900
NC_045512.2	2963	T	A	13873	6783	45	1	1	34	7.20565e-05	13878	0.999939	FALSE	ORF1ab:cds-YP_009725295.1	TGG	W	AGG	R	900
NC_045512.2	2964	G	T	13874	6747	45	4	4	34	0.000288184	13880	0.993648	FALSE	ORF1ab:cds-YP_009724389.1	TGG	W	TTG	L	900
NC_045512.2	2964	G	T	13874	6747	45	4	4	34	0.000288184	13880	0.993648	FALSE	ORF1ab:cds-YP_009725295.1	TGG	W	TTG	L	900
NC_045512.2	2964	G	A	13874	6747	45	2	1	34	0.000144092	13880	0.999512	FALSE	ORF1ab:cds-YP_009724389.1	TGG	W	TAG	*	900
NC_045512.2	2964	G	A	13874	6747	45	2	1	34	0.000144092	13880	0.999512	FALSE	ORF1ab:cds-YP_009725295.1	TGG	W	TAG	*	900
NC_045512.2	2965	G	T	14960	7030	45	1	1	34	6.68226e-05	14965	0.99997	FALSE	ORF1ab:cds-YP_009724389.1	TGG	W	TGT	C	900
NC_045512.2	2965	G	T	14960	7030	45	1	1	34	6.68226e-05	14965	0.99997	FALSE	ORF1ab:cds-YP_009725295.1	TGG	W	TGT	C	900
NC_045512.2	2965	G	C	14960	7030	45	3	3	31	0.000200468	14965	0.998828	FALSE	ORF1ab:cds-YP_009724389.1	TGG	W	TGC	C	900
NC_045512.2	2965	G	C	14960	7030	45	3	3	31	0.000200468	14965	0.998828	FALSE	ORF1ab:cds-YP_009725295.1	TGG	W	TGC	C	900
NC_045512.2	2965	G	A	14960	7030	45	1	1	68	6.68226e-05	14965	0.49995	FALSE	ORF1ab:cds-YP_009724389.1	TGG	W	TGA	*	900
NC_045512.2	2965	G	A	14960	7030	45	1	1	68	6.68226e-05	14965	0.49995	FALSE	ORF1ab:cds-YP_009725295.1	TGG	W	TGA	*	900
NC_045512.2	2966	A	T	14926	7096	46	1	1	34	6.69703e-05	14932	0.99997	FALSE	ORF1ab:cds-YP_009724389.1	AGT	S	TGT	C	901
NC_045512.2	2966	A	T	14926	7096	46	1	1	34	6.69703e-05	14932	0.99997	FALSE	ORF1ab:cds-YP_009725295.1	AGT	S	TGT	C	901
NC_045512.2	2966	A	G	14926	7096	46	4	4	32	0.000267881	14932	0.996238	FALSE	ORF1ab:cds-YP_009724389.1	AGT	S	GGT	G	901
NC_045512.2	2966	A	G	14926	7096	46	4	4	32	0.000267881	14932	0.996238	FALSE	ORF1ab:cds-YP_009725295.1	AGT	S	GGT	G	901
NC_045512.2	2966	A	C	14926	7096	46	1	0	34	6.69703e-05	14932	0.99997	FALSE	ORF1ab:cds-YP_009724389.1	AGT	S	CGT	R	901
NC_045512.2	2966	A	C	14926	7096	46	1	0	34	6.69703e-05	14932	0.99997	FALSE	ORF1ab:cds-YP_009725295.1	AGT	S	CGT	R	901
NC_045512.2	2967	G	C	15026	7108	46	2	2	36	0.000133032	15034	0.999863	FALSE	ORF1ab:cds-YP_009724389.1	AGT	S	ACT	T	901
NC_045512.2	2967	G	C	15026	7108	46	2	2	36	0.000133032	15034	0.999863	FALSE	ORF1ab:cds-YP_009725295.1	AGT	S	ACT	T	901
NC_045512.2	2967	G	A	15026	7108	46	6	5	34	0.000399095	15034	0.986719	FALSE	ORF1ab:cds-YP_009724389.1	AGT	S	AAT	N	901
NC_045512.2	2967	G	A	15026	7108	46	6	5	34	0.000399095	15034	0.986719	FALSE	ORF1ab:cds-YP_009725295.1	AGT	S	AAT	N	901
NC_045512.2	2968	T	G	14859	7304	46	6	5	37	0.000403606	14866	0.979339	FALSE	ORF1ab:cds-YP_009724389.1	AGT	S	AGG	R	901
NC_045512.2	2968	T	G	14859	7304	46	6	5	37	0.000403606	14866	0.979339	FALSE	ORF1ab:cds-YP_009725295.1	AGT	S	AGG	R	901
NC_045512.2	2968	T	C	14859	7304	46	1	1	34	6.72676e-05	14866	0.99997	FALSE	ORF1ab:cds-YP_009724389.1	AGT	S	AGC	S	901
NC_045512.2	2968	T	C	14859	7304	46	1	1	34	6.72676e-05	14866	0.99997	FALSE	ORF1ab:cds-YP_009725295.1	AGT	S	AGC	S	901
NC_045512.2	2969	A	T	14828	7235	47	6	6	32	0.000404449	14835	0.979339	FALSE	ORF1ab:cds-YP_009724389.1	ATG	M	TTG	L	902
NC_045512.2	2969	A	T	14828	7235	47	6	6	32	0.000404449	14835	0.979339	FALSE	ORF1ab:cds-YP_009725295.1	ATG	M	TTG	L	902
NC_045512.2	2969	A	G	14828	7235	47	1	1	34	6.74082e-05	14835	0.99997	FALSE	ORF1ab:cds-YP_009724389.1	ATG	M	GTG	V	902
NC_045512.2	2969	A	G	14828	7235	47	1	1	34	6.74082e-05	14835	0.99997	FALSE	ORF1ab:cds-YP_009725295.1	ATG	M	GTG	V	902
NC_045512.2	2970	T	C	14993	7337	47	3	2	45	0.000199987	15001	0.312387	FALSE	ORF1ab:cds-YP_009724389.1	ATG	M	ACG	T	902
NC_045512.2	2970	T	C	14993	7337	47	3	2	45	0.000199987	15001	0.312387	FALSE	ORF1ab:cds-YP_009725295.1	ATG	M	ACG	T	902
NC_045512.2	2970	T	A	14993	7337	47	5	5	34	0.000333311	15001	0.9941	FALSE	ORF1ab:cds-YP_009724389.1	ATG	M	AAG	K	902
NC_045512.2	2970	T	A	14993	7337	47	5	5	34	0.000333311	15001	0.9941	FALSE	ORF1ab:cds-YP_009725295.1	ATG	M	AAG	K	902
NC_045512.2	2971	G	T	14642	7058	47	6	6	34	0.000409584	14649	0.979339	FALSE	ORF1ab:cds-YP_009724389.1	ATG	M	ATT	I	902
NC_045512.2	2971	G	T	14642	7058	47	6	6	34	0.000409584	14649	0.979339	FALSE	ORF1ab:cds-YP_009725295.1	ATG	M	ATT	I	902
NC_045512.2	2971	G	C	14642	7058	47	1	1	34	6.8264e-05	14649	0.99997	FALSE	ORF1ab:cds-YP_009724389.1	ATG	M	ATC	I	902
NC_045512.2	2971	G	C	14642	7058	47	1	1	34	6.8264e-05	14649	0.99997	FALSE	ORF1ab:cds-YP_009725295.1	ATG	M	ATC	I	902
NC_045512.2	2972	G	T	15093	7150	46	1	1	26	6.62427e-05	15096	1	FALSE	ORF1ab:cds-YP_009724389.1	GCT	A	TCT	S	903
NC_045512.2	2972	G	T	15093	7150	46	1	1	26	6.62427e-05	15096	1	FALSE	ORF1ab:cds-YP_009725295.1	GCT	A	TCT	S	903
NC_045512.2	2972	G	C	15093	7150	46	2	2	30	0.000132485	15096	0.999863	FALSE	ORF1ab:cds-YP_009724389.1	GCT	A	CCT	P	903
NC_045512.2	2972	G	C	15093	7150	46	2	2	30	0.000132485	15096	0.999863	FALSE	ORF1ab:cds-YP_009725295.1	GCT	A	CCT	P	903
NC_045512.2	2973	C	G	15083	7410	47	8	8	31	0.000530082	15092	0.953492	FALSE	ORF1ab:cds-YP_009724389.1	GCT	A	GGT	G	903
NC_045512.2	2973	C	G	15083	7410	47	8	8	31	0.000530082	15092	0.953492	FALSE	ORF1ab:cds-YP_009725295.1	GCT	A	GGT	G	903
NC_045512.2	2973	C	A	15083	7410	47	1	1	34	6.62603e-05	15092	0.999985	FALSE	ORF1ab:cds-YP_009724389.1	GCT	A	GAT	D	903
NC_045512.2	2973	C	A	15083	7410	47	1	1	34	6.62603e-05	15092	0.999985	FALSE	ORF1ab:cds-YP_009725295.1	GCT	A	GAT	D	903
NC_045512.2	2974	T	C	13958	6517	49	9	9	31	0.00064433	13968	0.856956	FALSE	ORF1ab:cds-YP_009724389.1	GCT	A	GCC	A	903
NC_045512.2	2974	T	C	13958	6517	49	9	9	31	0.00064433	13968	0.856956	FALSE	ORF1ab:cds-YP_009725295.1	GCT	A	GCC	A	903
NC_045512.2	2974	T	A	13958	6517	49	1	1	34	7.15922e-05	13968	0.999939	FALSE	ORF1ab:cds-YP_009724389.1	GCT	A	GCA	A	903
NC_045512.2	2974	T	A	13958	6517	49	1	1	34	7.15922e-05	13968	0.999939	FALSE	ORF1ab:cds-YP_009725295.1	GCT	A	GCA	A	903
NC_045512.2	2975	A	T	14201	6531	48	10	10	34	0.00070368	14211	0.846416	FALSE	ORF1ab:cds-YP_009724389.1	ACA	T	TCA	S	904
NC_045512.2	2975	A	T	14201	6531	48	10	10	34	0.00070368	14211	0.846416	FALSE	ORF1ab:cds-YP_009725295.1	ACA	T	TCA	S	904
NC_045512.2	2976	C	A	13977	6486	48	10	10	34	0.00071495	13987	0.79771	FALSE	ORF1ab:cds-YP_009724389.1	ACA	T	AAA	K	904
NC_045512.2	2976	C	A	13977	6486	48	10	10	34	0.00071495	13987	0.79771	FALSE	ORF1ab:cds-YP_009725295.1	ACA	T	AAA	K	904
NC_045512.2	2977	A	T	13971	6537	48	2	2	34	0.000143031	13983	0.999511	FALSE	ORF1ab:cds-YP_009724389.1	ACA	T	ACT	T	904
NC_045512.2	2977	A	T	13971	6537	48	2	2	34	0.000143031	13983	0.999511	FALSE	ORF1ab:cds-YP_009725295.1	ACA	T	ACT	T	904
NC_045512.2	2977	A	G	13971	6537	48	1	0	34	7.15154e-05	13983	0.999939	FALSE	ORF1ab:cds-YP_009724389.1	ACA	T	ACG	T	904
NC_045512.2	2977	A	G	13971	6537	48	1	0	34	7.15154e-05	13983	0.999939	FALSE	ORF1ab:cds-YP_009725295.1	ACA	T	ACG	T	904
NC_045512.2	2977	A	C	13971	6537	48	9	9	31	0.000643639	13983	0.85688	FALSE	ORF1ab:cds-YP_009724389.1	ACA	T	ACC	T	904
NC_045512.2	2977	A	C	13971	6537	48	9	9	31	0.000643639	13983	0.85688	FALSE	ORF1ab:cds-YP_009725295.1	ACA	T	ACC	T	904
NC_045512.2	2978	T	C	14045	6526	48	1	1	34	7.11491e-05	14055	0.999969	FALSE	ORF1ab:cds-YP_009724389.1	TAC	Y	CAC	H	905
NC_045512.2	2978	T	C	14045	6526	48	1	1	34	7.11491e-05	14055	0.999969	FALSE	ORF1ab:cds-YP_009725295.1	TAC	Y	CAC	H	905
NC_045512.2	2978	T	A	14045	6526	48	9	9	33	0.000640342	14055	0.895074	FALSE	ORF1ab:cds-YP_009724389.1	TAC	Y	AAC	N	905
NC_045512.2	2978	T	A	14045	6526	48	9	9	33	0.000640342	14055	0.895074	FALSE	ORF1ab:cds-YP_009725295.1	TAC	Y	AAC	N	905
NC_045512.2	2979	A	T	13753	6387	49	10	10	34	0.000726427	13766	0.797564	FALSE	ORF1ab:cds-YP_009724389.1	TAC	Y	TTC	F	905
NC_045512.2	2979	A	T	13753	6387	49	10	10	34	0.000726427	13766	0.797564	FALSE	ORF1ab:cds-YP_009725295.1	TAC	Y	TTC	F	905
NC_045512.2	2979	A	G	13753	6387	49	1	0	34	7.26427e-05	13766	0.999939	FALSE	ORF1ab:cds-YP_009724389.1	TAC	Y	TGC	C	905
NC_045512.2	2979	A	G	13753	6387	49	1	0	34	7.26427e-05	13766	0.999939	FALSE	ORF1ab:cds-YP_009725295.1	TAC	Y	TGC	C	905
NC_045512.2	2979	A	C	13753	6387	49	2	1	26	0.000145285	13766	1	FALSE	ORF1ab:cds-YP_009724389.1	TAC	Y	TCC	S	905
NC_045512.2	2979	A	C	13753	6387	49	2	1	26	0.000145285	13766	1	FALSE	ORF1ab:cds-YP_009725295.1	TAC	Y	TCC	S	905
NC_045512.2	2980	C	T	14001	6479	48	1	1	34	7.13572e-05	14014	0.999969	FALSE	ORF1ab:cds-YP_009724389.1	TAC	Y	TAT	Y	905
NC_045512.2	2980	C	T	14001	6479	48	1	1	34	7.13572e-05	14014	0.999969	FALSE	ORF1ab:cds-YP_009725295.1	TAC	Y	TAT	Y	905
NC_045512.2	2980	C	G	14001	6479	48	1	1	34	7.13572e-05	14014	0.999969	FALSE	ORF1ab:cds-YP_009724389.1	TAC	Y	TAG	*	905
NC_045512.2	2980	C	G	14001	6479	48	1	1	34	7.13572e-05	14014	0.999969	FALSE	ORF1ab:cds-YP_009725295.1	TAC	Y	TAG	*	905
NC_045512.2	2980	C	A	14001	6479	48	11	11	32	0.000784929	14014	0.787874	FALSE	ORF1ab:cds-YP_009724389.1	TAC	Y	TAA	*	905
NC_045512.2	2980	C	A	14001	6479	48	11	11	32	0.000784929	14014	0.787874	FALSE	ORF1ab:cds-YP_009725295.1	TAC	Y	TAA	*	905
NC_045512.2	2981	T	C	13369	5995	49	8	8	33	0.000597952	13379	0.905434	FALSE	ORF1ab:cds-YP_009724389.1	TAC	Y	CAC	H	906
NC_045512.2	2981	T	C	13369	5995	49	8	8	33	0.000597952	13379	0.905434	FALSE	ORF1ab:cds-YP_009725295.1	TAC	Y	CAC	H	906
NC_045512.2	2981	T	A	13369	5995	49	2	1	40	0.000149488	13379	0.499804	FALSE	ORF1ab:cds-YP_009724389.1	TAC	Y	AAC	N	906
NC_045512.2	2981	T	A	13369	5995	49	2	1	40	0.000149488	13379	0.499804	FALSE	ORF1ab:cds-YP_009725295.1	TAC	Y	AAC	N	906
NC_045512.2	2982	A	T	13307	5923	49	10	10	31	0.000750807	13319	0.797615	FALSE	ORF1ab:cds-YP_009724389.1	TAC	Y	TTC	F	906
NC_045512.2	2982	A	T	13307	5923	49	10	10	31	0.000750807	13319	0.797615	FALSE	ORF1ab:cds-YP_009725295.1	TAC	Y	TTC	F	906
NC_045512.2	2982	A	G	13307	5923	49	1	0	68	7.50807e-05	13319	0.499812	FALSE	ORF1ab:cds-YP_009724389.1	TAC	Y	TGC	C	906
NC_045512.2	2982	A	G	13307	5923	49	1	0	68	7.50807e-05	13319	0.499812	FALSE	ORF1ab:cds-YP_009725295.1	TAC	Y	TGC	C	906
NC_045512.2	2982	A	C	13307	5923	49	1	1	34	7.50807e-05	13319	0.999939	FALSE	ORF1ab:cds-YP_009724389.1	TAC	Y	TCC	S	906
NC_045512.2	2982	A	C	13307	5923	49	1	1	34	7.50807e-05	13319	0.999939	FALSE	ORF1ab:cds-YP_009725295.1	TAC	Y	TCC	S	906
NC_045512.2	2983	C	T	13225	6061	49	2	2	34	0.000151114	13235	0.999511	FALSE	ORF1ab:cds-YP_009724389.1	TAC	Y	TAT	Y	906
NC_045512.2	2983	C	T	13225	6061	49	2	2	34	0.000151114	13235	0.999511	FALSE	ORF1ab:cds-YP_009725295.1	TAC	Y	TAT	Y	906
NC_045512.2	2983	C	A	13225	6061	49	8	8	31	0.000604458	13235	0.905435	FALSE	ORF1ab:cds-YP_009724389.1	TAC	Y	TAA	*	906
NC_045512.2	2983	C	A	13225	6061	49	8	8	31	0.000604458	13235	0.905435	FALSE	ORF1ab:cds-YP_009725295.1	TAC	Y	TAA	*	906
NC_045512.2	2984	T	C	12978	5891	49	8	8	31	0.000616048	12986	0.868542	FALSE	ORF1ab:cds-YP_009724389.1	TTA	L	CTA	L	907
NC_045512.2	2984	T	C	12978	5891	49	8	8	31	0.000616048	12986	0.868542	FALSE	ORF1ab:cds-YP_009725295.1	TTA	L	CTA	L	907
NC_045512.2	2985	T	G	13087	5895	49	2	1	30	0.000152753	13093	0.999512	FALSE	ORF1ab:cds-YP_009724389.1	TTA	L	TGA	*	907
NC_045512.2	2985	T	G	13087	5895	49	2	1	30	0.000152753	13093	0.999512	FALSE	ORF1ab:cds-YP_009725295.1	TTA	L	TGA	*	907
NC_045512.2	2985	T	A	13087	5895	49	4	4	34	0.000305507	13093	0.993648	FALSE	ORF1ab:cds-YP_009724389.1	TTA	L	TAA	*	907
NC_045512.2	2985	T	A	13087	5895	49	4	4	34	0.000305507	13093	0.993648	FALSE	ORF1ab:cds-YP_009725295.1	TTA	L	TAA	*	907
NC_045512.2	2986	A	T	13028	5907	49	8	7	34	0.000613544	13039	0.905406	FALSE	ORF1ab:cds-YP_009724389.1	TTA	L	TTT	F	907
NC_045512.2	2986	A	T	13028	5907	49	8	7	34	0.000613544	13039	0.905406	FALSE	ORF1ab:cds-YP_009725295.1	TTA	L	TTT	F	907
NC_045512.2	2986	A	C	13028	5907	49	3	3	34	0.000230079	13039	0.997908	FALSE	ORF1ab:cds-YP_009724389.1	TTA	L	TTC	F	907
NC_045512.2	2986	A	C	13028	5907	49	3	3	34	0.000230079	13039	0.997908	FALSE	ORF1ab:cds-YP_009725295.1	TTA	L	TTC	F	907
NC_045512.2	2986	A	-T	13028	5907	49	1	0	20	7.6693e-05	13039	1	FALSE	NA	NA	NA	NA	NA	NA
NC_045512.2	2987	T	C	13041	5883	49	2	2	43	0.000153257	13050	0.499799	FALSE	ORF1ab:cds-YP_009724389.1	TTT	F	CTT	L	908
NC_045512.2	2987	T	C	13041	5883	49	2	2	43	0.000153257	13050	0.499799	FALSE	ORF1ab:cds-YP_009725295.1	TTT	F	CTT	L	908
NC_045512.2	2987	T	A	13041	5883	49	7	7	32	0.000536398	13050	0.942371	FALSE	ORF1ab:cds-YP_009724389.1	TTT	F	ATT	I	908
NC_045512.2	2987	T	A	13041	5883	49	7	7	32	0.000536398	13050	0.942371	FALSE	ORF1ab:cds-YP_009725295.1	TTT	F	ATT	I	908
NC_045512.2	2988	T	C	12824	5685	47	1	0	34	7.79727e-05	12825	0.999878	FALSE	ORF1ab:cds-YP_009724389.1	TTT	F	TCT	S	908
NC_045512.2	2988	T	C	12824	5685	47	1	0	34	7.79727e-05	12825	0.999878	FALSE	ORF1ab:cds-YP_009725295.1	TTT	F	TCT	S	908
NC_045512.2	2989	T	C	12724	5701	49	1	0	26	7.85608e-05	12729	1	FALSE	ORF1ab:cds-YP_009724389.1	TTT	F	TTC	F	908
NC_045512.2	2989	T	C	12724	5701	49	1	0	26	7.85608e-05	12729	1	FALSE	ORF1ab:cds-YP_009725295.1	TTT	F	TTC	F	908
NC_045512.2	2989	T	A	12724	5701	49	4	4	32	0.000314243	12729	0.989384	FALSE	ORF1ab:cds-YP_009724389.1	TTT	F	TTA	L	908
NC_045512.2	2989	T	A	12724	5701	49	4	4	32	0.000314243	12729	0.989384	FALSE	ORF1ab:cds-YP_009725295.1	TTT	F	TTA	L	908
NC_045512.2	2990	G	T	12687	5684	49	9	9	34	0.000708773	12698	0.808395	FALSE	ORF1ab:cds-YP_009724389.1	GAT	D	TAT	Y	909
NC_045512.2	2990	G	T	12687	5684	49	9	9	34	0.000708773	12698	0.808395	FALSE	ORF1ab:cds-YP_009725295.1	GAT	D	TAT	Y	909
NC_045512.2	2990	G	C	12687	5684	49	2	2	34	0.000157505	12698	0.999083	FALSE	ORF1ab:cds-YP_009724389.1	GAT	D	CAT	H	909
NC_045512.2	2990	G	C	12687	5684	49	2	2	34	0.000157505	12698	0.999083	FALSE	ORF1ab:cds-YP_009725295.1	GAT	D	CAT	H	909
NC_045512.2	2991	A	T	12621	6085	49	2	2	34	0.000158353	12630	0.999084	FALSE	ORF1ab:cds-YP_009724389.1	GAT	D	GTT	V	909
NC_045512.2	2991	A	T	12621	6085	49	2	2	34	0.000158353	12630	0.999084	FALSE	ORF1ab:cds-YP_009725295.1	GAT	D	GTT	V	909
NC_045512.2	2991	A	G	12621	6085	49	7	7	32	0.000554236	12630	0.916519	FALSE	ORF1ab:cds-YP_009724389.1	GAT	D	GGT	G	909
NC_045512.2	2991	A	G	12621	6085	49	7	7	32	0.000554236	12630	0.916519	FALSE	ORF1ab:cds-YP_009725295.1	GAT	D	GGT	G	909
NC_045512.2	2992	T	G	12579	6143	50	1	1	26	7.94407e-05	12588	1	FALSE	ORF1ab:cds-YP_009724389.1	GAT	D	GAG	E	909
NC_045512.2	2992	T	G	12579	6143	50	1	1	26	7.94407e-05	12588	1	FALSE	ORF1ab:cds-YP_009725295.1	GAT	D	GAG	E	909
NC_045512.2	2992	T	C	12579	6143	50	1	1	34	7.94407e-05	12588	0.999878	FALSE	ORF1ab:cds-YP_009724389.1	GAT	D	GAC	D	909
NC_045512.2	2992	T	C	12579	6143	50	1	1	34	7.94407e-05	12588	0.999878	FALSE	ORF1ab:cds-YP_009725295.1	GAT	D	GAC	D	909
NC_045512.2	2992	T	A	12579	6143	50	7	7	32	0.000556085	12588	0.916519	FALSE	ORF1ab:cds-YP_009724389.1	GAT	D	GAA	E	909
NC_045512.2	2992	T	A	12579	6143	50	7	7	32	0.000556085	12588	0.916519	FALSE	ORF1ab:cds-YP_009725295.1	GAT	D	GAA	E	909
NC_045512.2	2993	G	T	12599	6216	50	8	8	33	0.000634518	12608	0.868507	FALSE	ORF1ab:cds-YP_009724389.1	GAG	E	TAG	*	910
NC_045512.2	2993	G	T	12599	6216	50	8	8	33	0.000634518	12608	0.868507	FALSE	ORF1ab:cds-YP_009725295.1	GAG	E	TAG	*	910
NC_045512.2	2993	G	C	12599	6216	50	1	1	34	7.93147e-05	12608	0.999878	FALSE	ORF1ab:cds-YP_009724389.1	GAG	E	CAG	Q	910
NC_045512.2	2993	G	C	12599	6216	50	1	1	34	7.93147e-05	12608	0.999878	FALSE	ORF1ab:cds-YP_009725295.1	GAG	E	CAG	Q	910
NC_045512.2	2994	A	G	13029	6208	50	6	6	34	0.000460193	13038	0.96824	FALSE	ORF1ab:cds-YP_009724389.1	GAG	E	GGG	G	910
NC_045512.2	2994	A	G	13029	6208	50	6	6	34	0.000460193	13038	0.96824	FALSE	ORF1ab:cds-YP_009725295.1	GAG	E	GGG	G	910
NC_045512.2	2994	A	C	13029	6208	50	3	2	29	0.000230097	13038	1	FALSE	ORF1ab:cds-YP_009724389.1	GAG	E	GCG	A	910
NC_045512.2	2994	A	C	13029	6208	50	3	2	29	0.000230097	13038	1	FALSE	ORF1ab:cds-YP_009725295.1	GAG	E	GCG	A	910
NC_045512.2	2995	G	T	12960	6154	49	3	3	31	0.000231232	12974	0.996299	FALSE	ORF1ab:cds-YP_009724389.1	GAG	E	GAT	D	910
NC_045512.2	2995	G	T	12960	6154	49	3	3	31	0.000231232	12974	0.996299	FALSE	ORF1ab:cds-YP_009725295.1	GAG	E	GAT	D	910
NC_045512.2	2995	G	C	12960	6154	49	1	1	34	7.70772e-05	12974	0.999878	FALSE	ORF1ab:cds-YP_009724389.1	GAG	E	GAC	D	910
NC_045512.2	2995	G	C	12960	6154	49	1	1	34	7.70772e-05	12974	0.999878	FALSE	ORF1ab:cds-YP_009725295.1	GAG	E	GAC	D	910
NC_045512.2	2995	G	A	12960	6154	49	10	10	32	0.000770772	12974	0.738177	FALSE	ORF1ab:cds-YP_009724389.1	GAG	E	GAA	E	910
NC_045512.2	2995	G	A	12960	6154	49	10	10	32	0.000770772	12974	0.738177	FALSE	ORF1ab:cds-YP_009725295.1	GAG	E	GAA	E	910
NC_045512.2	2996	T	G	12945	6166	49	7	7	34	0.000540415	12953	0.916544	FALSE	ORF1ab:cds-YP_009724389.1	TCT	S	GCT	A	911
NC_045512.2	2996	T	G	12945	6166	49	7	7	34	0.000540415	12953	0.916544	FALSE	ORF1ab:cds-YP_009725295.1	TCT	S	GCT	A	911
NC_045512.2	2996	T	C	12945	6166	49	1	1	34	7.72022e-05	12953	0.999878	FALSE	ORF1ab:cds-YP_009724389.1	TCT	S	CCT	P	911
NC_045512.2	2996	T	C	12945	6166	49	1	1	34	7.72022e-05	12953	0.999878	FALSE	ORF1ab:cds-YP_009725295.1	TCT	S	CCT	P	911
NC_045512.2	2997	C	T	12898	6378	49	8	8	33	0.000619627	12911	0.868356	FALSE	ORF1ab:cds-YP_009724389.1	TCT	S	TTT	F	911
NC_045512.2	2997	C	T	12898	6378	49	8	8	33	0.000619627	12911	0.868356	FALSE	ORF1ab:cds-YP_009725295.1	TCT	S	TTT	F	911
NC_045512.2	2997	C	G	12898	6378	49	1	1	34	7.74533e-05	12911	0.999878	FALSE	ORF1ab:cds-YP_009724389.1	TCT	S	TGT	C	911
NC_045512.2	2997	C	G	12898	6378	49	1	1	34	7.74533e-05	12911	0.999878	FALSE	ORF1ab:cds-YP_009725295.1	TCT	S	TGT	C	911
NC_045512.2	2997	C	A	12898	6378	49	4	4	34	0.000309813	12911	0.98935	FALSE	ORF1ab:cds-YP_009724389.1	TCT	S	TAT	Y	911
NC_045512.2	2997	C	A	12898	6378	49	4	4	34	0.000309813	12911	0.98935	FALSE	ORF1ab:cds-YP_009725295.1	TCT	S	TAT	Y	911
NC_045512.2	2998	T	G	12891	6440	49	6	5	34	0.000464972	12904	0.951833	FALSE	ORF1ab:cds-YP_009724389.1	TCT	S	TCG	S	911
NC_045512.2	2998	T	G	12891	6440	49	6	5	34	0.000464972	12904	0.951833	FALSE	ORF1ab:cds-YP_009725295.1	TCT	S	TCG	S	911
NC_045512.2	2998	T	C	12891	6440	49	7	7	34	0.000542467	12904	0.916414	FALSE	ORF1ab:cds-YP_009724389.1	TCT	S	TCC	S	911
NC_045512.2	2998	T	C	12891	6440	49	7	7	34	0.000542467	12904	0.916414	FALSE	ORF1ab:cds-YP_009725295.1	TCT	S	TCC	S	911
NC_045512.2	2999	G	T	12892	6434	49	12	12	32	0.000929872	12905	0.580628	FALSE	ORF1ab:cds-YP_009724389.1	GGT	G	TGT	C	912
NC_045512.2	2999	G	T	12892	6434	49	12	12	32	0.000929872	12905	0.580628	FALSE	ORF1ab:cds-YP_009725295.1	GGT	G	TGT	C	912
NC_045512.2	2999	G	C	12892	6434	49	1	1	34	7.74893e-05	12905	0.999878	FALSE	ORF1ab:cds-YP_009724389.1	GGT	G	CGT	R	912
NC_045512.2	2999	G	C	12892	6434	49	1	1	34	7.74893e-05	12905	0.999878	FALSE	ORF1ab:cds-YP_009725295.1	GGT	G	CGT	R	912
NC_045512.2	3000	G	T	12932	6498	49	1	1	34	7.72857e-05	12939	0.999878	FALSE	ORF1ab:cds-YP_009724389.1	GGT	G	GTT	V	912
NC_045512.2	3000	G	T	12932	6498	49	1	1	34	7.72857e-05	12939	0.999878	FALSE	ORF1ab:cds-YP_009725295.1	GGT	G	GTT	V	912
NC_045512.2	3000	G	C	12932	6498	49	6	5	31	0.000463714	12939	0.951931	FALSE	ORF1ab:cds-YP_009724389.1	GGT	G	GCT	A	912
NC_045512.2	3000	G	C	12932	6498	49	6	5	31	0.000463714	12939	0.951931	FALSE	ORF1ab:cds-YP_009725295.1	GGT	G	GCT	A	912
NC_045512.2	3001	T	G	12895	6442	49	8	8	34	0.000619915	12905	0.868468	FALSE	ORF1ab:cds-YP_009724389.1	GGT	G	GGG	G	912
NC_045512.2	3001	T	G	12895	6442	49	8	8	34	0.000619915	12905	0.868468	FALSE	ORF1ab:cds-YP_009725295.1	GGT	G	GGG	G	912
NC_045512.2	3001	T	C	12895	6442	49	1	1	34	7.74893e-05	12905	0.999878	FALSE	ORF1ab:cds-YP_009724389.1	GGT	G	GGC	G	912
NC_045512.2	3001	T	C	12895	6442	49	1	1	34	7.74893e-05	12905	0.999878	FALSE	ORF1ab:cds-YP_009725295.1	GGT	G	GGC	G	912
NC_045512.2	3001	T	A	12895	6442	49	1	1	34	7.74893e-05	12905	0.999878	FALSE	ORF1ab:cds-YP_009724389.1	GGT	G	GGA	G	912
NC_045512.2	3001	T	A	12895	6442	49	1	1	34	7.74893e-05	12905	0.999878	FALSE	ORF1ab:cds-YP_009725295.1	GGT	G	GGA	G	912
NC_045512.2	3002	G	T	12977	6507	49	9	9	34	0.000693001	12987	0.808442	FALSE	ORF1ab:cds-YP_009724389.1	GAG	E	TAG	*	913
NC_045512.2	3002	G	T	12977	6507	49	9	9	34	0.000693001	12987	0.808442	FALSE	ORF1ab:cds-YP_009725295.1	GAG	E	TAG	*	913
NC_045512.2	3002	G	A	12977	6507	49	1	0	34	7.70001e-05	12987	0.999878	FALSE	ORF1ab:cds-YP_009724389.1	GAG	E	AAG	K	913
NC_045512.2	3002	G	A	12977	6507	49	1	0	34	7.70001e-05	12987	0.999878	FALSE	ORF1ab:cds-YP_009725295.1	GAG	E	AAG	K	913
NC_045512.2	3003	A	T	12442	6052	49	1	1	26	8.02826e-05	12456	1	FALSE	ORF1ab:cds-YP_009724389.1	GAG	E	GTG	V	913
NC_045512.2	3003	A	T	12442	6052	49	1	1	26	8.02826e-05	12456	1	FALSE	ORF1ab:cds-YP_009725295.1	GAG	E	GTG	V	913
NC_045512.2	3003	A	G	12442	6052	49	13	13	33	0.00104367	12456	0.5	FALSE	ORF1ab:cds-YP_009724389.1	GAG	E	GGG	G	913
NC_045512.2	3003	A	G	12442	6052	49	13	13	33	0.00104367	12456	0.5	FALSE	ORF1ab:cds-YP_009725295.1	GAG	E	GGG	G	913
NC_045512.2	3004	G	T	12692	6051	49	5	5	32	0.000393608	12703	0.97547	FALSE	ORF1ab:cds-YP_009724389.1	GAG	E	GAT	D	913
NC_045512.2	3004	G	T	12692	6051	49	5	5	32	0.000393608	12703	0.97547	FALSE	ORF1ab:cds-YP_009725295.1	GAG	E	GAT	D	913
NC_045512.2	3004	G	C	12692	6051	49	1	1	34	7.87216e-05	12703	0.999878	FALSE	ORF1ab:cds-YP_009724389.1	GAG	E	GAC	D	913
NC_045512.2	3004	G	C	12692	6051	49	1	1	34	7.87216e-05	12703	0.999878	FALSE	ORF1ab:cds-YP_009725295.1	GAG	E	GAC	D	913
NC_045512.2	3004	G	A	12692	6051	49	5	5	34	0.000393608	12703	0.97547	FALSE	ORF1ab:cds-YP_009724389.1	GAG	E	GAA	E	913
NC_045512.2	3004	G	A	12692	6051	49	5	5	34	0.000393608	12703	0.97547	FALSE	ORF1ab:cds-YP_009725295.1	GAG	E	GAA	E	913
NC_045512.2	3005	T	G	11611	5036	46	12	11	33	0.00103226	11625	0.499917	FALSE	ORF1ab:cds-YP_009724389.1	TTT	F	GTT	V	914
NC_045512.2	3005	T	G	11611	5036	46	12	11	33	0.00103226	11625	0.499917	FALSE	ORF1ab:cds-YP_009725295.1	TTT	F	GTT	V	914
NC_045512.2	3005	T	A	11611	5036	46	2	2	34	0.000172043	11625	0.998286	FALSE	ORF1ab:cds-YP_009724389.1	TTT	F	ATT	I	914
NC_045512.2	3005	T	A	11611	5036	46	2	2	34	0.000172043	11625	0.998286	FALSE	ORF1ab:cds-YP_009725295.1	TTT	F	ATT	I	914
NC_045512.2	3006	T	C	12679	6127	49	1	0	68	7.88333e-05	12685	0.499921	FALSE	ORF1ab:cds-YP_009724389.1	TTT	F	TCT	S	914
NC_045512.2	3006	T	C	12679	6127	49	1	0	68	7.88333e-05	12685	0.499921	FALSE	ORF1ab:cds-YP_009725295.1	TTT	F	TCT	S	914
NC_045512.2	3006	T	A	12679	6127	49	5	5	34	0.000394166	12685	0.975516	FALSE	ORF1ab:cds-YP_009724389.1	TTT	F	TAT	Y	914
NC_045512.2	3006	T	A	12679	6127	49	5	5	34	0.000394166	12685	0.975516	FALSE	ORF1ab:cds-YP_009725295.1	TTT	F	TAT	Y	914
NC_045512.2	3007	T	G	12769	6167	50	5	5	34	0.00039142	12774	0.975525	FALSE	ORF1ab:cds-YP_009724389.1	TTT	F	TTG	L	914
NC_045512.2	3007	T	G	12769	6167	50	5	5	34	0.00039142	12774	0.975525	FALSE	ORF1ab:cds-YP_009725295.1	TTT	F	TTG	L	914
NC_045512.2	3008	A	T	12653	6115	49	13	13	33	0.00102613	12669	0.499841	FALSE	ORF1ab:cds-YP_009724389.1	AAA	K	TAA	*	915
NC_045512.2	3008	A	T	12653	6115	49	13	13	33	0.00102613	12669	0.499841	FALSE	ORF1ab:cds-YP_009725295.1	AAA	K	TAA	*	915
NC_045512.2	3008	A	G	12653	6115	49	3	2	42	0.000236798	12669	0.31213	FALSE	ORF1ab:cds-YP_009724389.1	AAA	K	GAA	E	915
NC_045512.2	3008	A	G	12653	6115	49	3	2	42	0.000236798	12669	0.31213	FALSE	ORF1ab:cds-YP_009725295.1	AAA	K	GAA	E	915
NC_045512.2	3009	A	T	12643	6136	49	5	5	32	0.000395257	12650	0.975507	FALSE	ORF1ab:cds-YP_009724389.1	AAA	K	ATA	I	915
NC_045512.2	3009	A	T	12643	6136	49	5	5	32	0.000395257	12650	0.975507	FALSE	ORF1ab:cds-YP_009725295.1	AAA	K	ATA	I	915
NC_045512.2	3009	A	G	12643	6136	49	1	1	34	7.90514e-05	12650	0.999878	FALSE	ORF1ab:cds-YP_009724389.1	AAA	K	AGA	R	915
NC_045512.2	3009	A	G	12643	6136	49	1	1	34	7.90514e-05	12650	0.999878	FALSE	ORF1ab:cds-YP_009725295.1	AAA	K	AGA	R	915
NC_045512.2	3009	A	C	12643	6136	49	1	1	34	7.90514e-05	12650	0.999878	FALSE	ORF1ab:cds-YP_009724389.1	AAA	K	ACA	T	915
NC_045512.2	3009	A	C	12643	6136	49	1	1	34	7.90514e-05	12650	0.999878	FALSE	ORF1ab:cds-YP_009725295.1	AAA	K	ACA	T	915
NC_045512.2	3010	A	T	12354	6331	47	5	5	34	0.000404433	12363	0.975489	FALSE	ORF1ab:cds-YP_009724389.1	AAA	K	AAT	N	915
NC_045512.2	3010	A	T	12354	6331	47	5	5	34	0.000404433	12363	0.975489	FALSE	ORF1ab:cds-YP_009725295.1	AAA	K	AAT	N	915
NC_045512.2	3010	A	G	12354	6331	47	4	4	33	0.000323546	12363	0.989367	FALSE	ORF1ab:cds-YP_009724389.1	AAA	K	AAG	K	915
NC_045512.2	3010	A	G	12354	6331	47	4	4	33	0.000323546	12363	0.989367	FALSE	ORF1ab:cds-YP_009725295.1	AAA	K	AAG	K	915
NC_045512.2	3011	T	A	12507	6218	48	13	12	32	0.00103834	12520	0.500081	FALSE	ORF1ab:cds-YP_009724389.1	TTG	L	ATG	M	916
NC_045512.2	3011	T	A	12507	6218	48	13	12	32	0.00103834	12520	0.500081	FALSE	ORF1ab:cds-YP_009725295.1	TTG	L	ATG	M	916
NC_045512.2	3012	T	G	12503	6291	48	1	0	68	7.99105e-05	12514	0.49982	FALSE	ORF1ab:cds-YP_009724389.1	TTG	L	TGG	W	916
NC_045512.2	3012	T	G	12503	6291	48	1	0	68	7.99105e-05	12514	0.49982	FALSE	ORF1ab:cds-YP_009725295.1	TTG	L	TGG	W	916
NC_045512.2	3012	T	C	12503	6291	48	5	2	54	0.000399553	12514	0.0312063	FALSE	ORF1ab:cds-YP_009724389.1	TTG	L	TCG	S	916
NC_045512.2	3012	T	C	12503	6291	48	5	2	54	0.000399553	12514	0.0312063	FALSE	ORF1ab:cds-YP_009725295.1	TTG	L	TCG	S	916
NC_045512.2	3012	T	A	12503	6291	48	5	5	34	0.000399553	12514	0.97547	FALSE	ORF1ab:cds-YP_009724389.1	TTG	L	TAG	*	916
NC_045512.2	3012	T	A	12503	6291	48	5	5	34	0.000399553	12514	0.97547	FALSE	ORF1ab:cds-YP_009725295.1	TTG	L	TAG	*	916
NC_045512.2	3013	G	T	12318	6031	49	8	8	34	0.000648666	12333	0.868276	FALSE	ORF1ab:cds-YP_009724389.1	TTG	L	TTT	F	916
NC_045512.2	3013	G	T	12318	6031	49	8	8	34	0.000648666	12333	0.868276	FALSE	ORF1ab:cds-YP_009725295.1	TTG	L	TTT	F	916
NC_045512.2	3013	G	C	12318	6031	49	2	2	34	0.000162167	12333	0.999082	FALSE	ORF1ab:cds-YP_009724389.1	TTG	L	TTC	F	916
NC_045512.2	3013	G	C	12318	6031	49	2	2	34	0.000162167	12333	0.999082	FALSE	ORF1ab:cds-YP_009725295.1	TTG	L	TTC	F	916
NC_045512.2	3013	G	A	12318	6031	49	5	4	32	0.000405416	12333	0.975431	FALSE	ORF1ab:cds-YP_009724389.1	TTG	L	TTA	L	916
NC_045512.2	3013	G	A	12318	6031	49	5	4	32	0.000405416	12333	0.975431	FALSE	ORF1ab:cds-YP_009725295.1	TTG	L	TTA	L	916
NC_045512.2	3014	G	T	12298	6030	49	5	5	34	0.000406339	12305	0.975508	FALSE	ORF1ab:cds-YP_009724389.1	GCT	A	TCT	S	917
NC_045512.2	3014	G	T	12298	6030	49	5	5	34	0.000406339	12305	0.975508	FALSE	ORF1ab:cds-YP_009725295.1	GCT	A	TCT	S	917
NC_045512.2	3014	G	A	12298	6030	49	2	2	34	0.000162536	12305	0.999085	FALSE	ORF1ab:cds-YP_009724389.1	GCT	A	ACT	T	917
NC_045512.2	3014	G	A	12298	6030	49	2	2	34	0.000162536	12305	0.999085	FALSE	ORF1ab:cds-YP_009725295.1	GCT	A	ACT	T	917
NC_045512.2	3015	C	T	12299	6215	48	6	6	32	0.00048725	12314	0.951796	FALSE	ORF1ab:cds-YP_009724389.1	GCT	A	GTT	V	917
NC_045512.2	3015	C	T	12299	6215	48	6	6	32	0.00048725	12314	0.951796	FALSE	ORF1ab:cds-YP_009725295.1	GCT	A	GTT	V	917
NC_045512.2	3015	C	G	12299	6215	48	8	8	32	0.000649667	12314	0.868275	FALSE	ORF1ab:cds-YP_009724389.1	GCT	A	GGT	G	917
NC_045512.2	3015	C	G	12299	6215	48	8	8	32	0.000649667	12314	0.868275	FALSE	ORF1ab:cds-YP_009725295.1	GCT	A	GGT	G	917
NC_045512.2	3015	C	A	12299	6215	48	1	1	34	8.12084e-05	12314	0.999877	FALSE	ORF1ab:cds-YP_009724389.1	GCT	A	GAT	D	917
NC_045512.2	3015	C	A	12299	6215	48	1	1	34	8.12084e-05	12314	0.999877	FALSE	ORF1ab:cds-YP_009725295.1	GCT	A	GAT	D	917
NC_045512.2	3016	T	G	12052	5912	47	7	6	36	0.000580094	12067	0.916354	FALSE	ORF1ab:cds-YP_009724389.1	GCT	A	GCG	A	917
NC_045512.2	3016	T	G	12052	5912	47	7	6	36	0.000580094	12067	0.916354	FALSE	ORF1ab:cds-YP_009725295.1	GCT	A	GCG	A	917
NC_045512.2	3016	T	C	12052	5912	47	8	7	34	0.000662965	12067	0.868273	FALSE	ORF1ab:cds-YP_009724389.1	GCT	A	GCC	A	917
NC_045512.2	3016	T	C	12052	5912	47	8	7	34	0.000662965	12067	0.868273	FALSE	ORF1ab:cds-YP_009725295.1	GCT	A	GCC	A	917
NC_045512.2	3017	T	G	12434	6328	49	5	5	30	0.000401897	12441	0.975508	FALSE	ORF1ab:cds-YP_009724389.1	TCA	S	GCA	A	918
NC_045512.2	3017	T	G	12434	6328	49	5	5	30	0.000401897	12441	0.975508	FALSE	ORF1ab:cds-YP_009725295.1	TCA	S	GCA	A	918
NC_045512.2	3017	T	C	12434	6328	49	2	2	51	0.000160759	12441	0.24991	FALSE	ORF1ab:cds-YP_009724389.1	TCA	S	CCA	P	918
NC_045512.2	3017	T	C	12434	6328	49	2	2	51	0.000160759	12441	0.24991	FALSE	ORF1ab:cds-YP_009725295.1	TCA	S	CCA	P	918
NC_045512.2	3018	C	T	12524	6420	49	10	10	33	0.000797512	12539	0.738113	FALSE	ORF1ab:cds-YP_009724389.1	TCA	S	TTA	L	918
NC_045512.2	3018	C	T	12524	6420	49	10	10	33	0.000797512	12539	0.738113	FALSE	ORF1ab:cds-YP_009725295.1	TCA	S	TTA	L	918
NC_045512.2	3018	C	G	12524	6420	49	1	1	34	7.97512e-05	12539	0.999877	FALSE	ORF1ab:cds-YP_009724389.1	TCA	S	TGA	*	918
NC_045512.2	3018	C	G	12524	6420	49	1	1	34	7.97512e-05	12539	0.999877	FALSE	ORF1ab:cds-YP_009725295.1	TCA	S	TGA	*	918
NC_045512.2	3018	C	A	12524	6420	49	4	1	35	0.000319005	12539	0.98934	FALSE	ORF1ab:cds-YP_009724389.1	TCA	S	TAA	*	918
NC_045512.2	3018	C	A	12524	6420	49	4	1	35	0.000319005	12539	0.98934	FALSE	ORF1ab:cds-YP_009725295.1	TCA	S	TAA	*	918
NC_045512.2	3019	A	T	12562	6432	49	5	5	34	0.000397519	12578	0.975423	FALSE	ORF1ab:cds-YP_009724389.1	TCA	S	TCT	S	918
NC_045512.2	3019	A	T	12562	6432	49	5	5	34	0.000397519	12578	0.975423	FALSE	ORF1ab:cds-YP_009725295.1	TCA	S	TCT	S	918
NC_045512.2	3019	A	G	12562	6432	49	3	2	43	0.000238512	12578	0.312127	FALSE	ORF1ab:cds-YP_009724389.1	TCA	S	TCG	S	918
NC_045512.2	3019	A	G	12562	6432	49	3	2	43	0.000238512	12578	0.312127	FALSE	ORF1ab:cds-YP_009725295.1	TCA	S	TCG	S	918
NC_045512.2	3019	A	C	12562	6432	49	8	8	32	0.000636031	12578	0.86824	FALSE	ORF1ab:cds-YP_009724389.1	TCA	S	TCC	S	918
NC_045512.2	3019	A	C	12562	6432	49	8	8	32	0.000636031	12578	0.86824	FALSE	ORF1ab:cds-YP_009725295.1	TCA	S	TCC	S	918
NC_045512.2	3020	C	T	13309	6533	48	6	6	34	0.00045018	13328	0.968123	FALSE	ORF1ab:cds-YP_009724389.1	CAT	H	TAT	Y	919
NC_045512.2	3020	C	T	13309	6533	48	6	6	34	0.00045018	13328	0.968123	FALSE	ORF1ab:cds-YP_009725295.1	CAT	H	TAT	Y	919
NC_045512.2	3020	C	G	13309	6533	48	2	1	30	0.00015006	13328	0.999509	FALSE	ORF1ab:cds-YP_009724389.1	CAT	H	GAT	D	919
NC_045512.2	3020	C	G	13309	6533	48	2	1	30	0.00015006	13328	0.999509	FALSE	ORF1ab:cds-YP_009725295.1	CAT	H	GAT	D	919
NC_045512.2	3020	C	A	13309	6533	48	11	11	32	0.00082533	13328	0.729034	FALSE	ORF1ab:cds-YP_009724389.1	CAT	H	AAT	N	919
NC_045512.2	3020	C	A	13309	6533	48	11	11	32	0.00082533	13328	0.729034	FALSE	ORF1ab:cds-YP_009725295.1	CAT	H	AAT	N	919
NC_045512.2	3021	A	T	13351	6600	48	1	1	34	7.48055e-05	13368	0.999939	FALSE	ORF1ab:cds-YP_009724389.1	CAT	H	CTT	L	919
NC_045512.2	3021	A	T	13351	6600	48	1	1	34	7.48055e-05	13368	0.999939	FALSE	ORF1ab:cds-YP_009725295.1	CAT	H	CTT	L	919
NC_045512.2	3021	A	G	13351	6600	48	2	2	34	0.000149611	13368	0.99951	FALSE	ORF1ab:cds-YP_009724389.1	CAT	H	CGT	R	919
NC_045512.2	3021	A	G	13351	6600	48	2	2	34	0.000149611	13368	0.99951	FALSE	ORF1ab:cds-YP_009725295.1	CAT	H	CGT	R	919
NC_045512.2	3021	A	C	13351	6600	48	14	14	32	0.00104728	13368	0.499843	FALSE	ORF1ab:cds-YP_009724389.1	CAT	H	CCT	P	919
NC_045512.2	3021	A	C	13351	6600	48	14	14	32	0.00104728	13368	0.499843	FALSE	ORF1ab:cds-YP_009725295.1	CAT	H	CCT	P	919
NC_045512.2	3022	T	G	13403	6573	48	4	2	32	0.000297952	13425	0.993605	FALSE	ORF1ab:cds-YP_009724389.1	CAT	H	CAG	Q	919
NC_045512.2	3022	T	G	13403	6573	48	4	2	32	0.000297952	13425	0.993605	FALSE	ORF1ab:cds-YP_009725295.1	CAT	H	CAG	Q	919
NC_045512.2	3022	T	C	13403	6573	48	1	1	26	7.44879e-05	13425	1	FALSE	ORF1ab:cds-YP_009724389.1	CAT	H	CAC	H	919
NC_045512.2	3022	T	C	13403	6573	48	1	1	26	7.44879e-05	13425	1	FALSE	ORF1ab:cds-YP_009725295.1	CAT	H	CAC	H	919
NC_045512.2	3022	T	A	13403	6573	48	17	17	33	0.00126629	13425	0.291944	FALSE	ORF1ab:cds-YP_009724389.1	CAT	H	CAA	Q	919
NC_045512.2	3022	T	A	13403	6573	48	17	17	33	0.00126629	13425	0.291944	FALSE	ORF1ab:cds-YP_009725295.1	CAT	H	CAA	Q	919
NC_045512.2	3023	A	T	13401	6518	48	12	12	34	0.000894321	13418	0.654773	FALSE	ORF1ab:cds-YP_009724389.1	ATG	M	TTG	L	920
NC_045512.2	3023	A	T	13401	6518	48	12	12	34	0.000894321	13418	0.654773	FALSE	ORF1ab:cds-YP_009725295.1	ATG	M	TTG	L	920
NC_045512.2	3023	A	G	13401	6518	48	1	1	24	7.45268e-05	13418	1	FALSE	ORF1ab:cds-YP_009724389.1	ATG	M	GTG	V	920
NC_045512.2	3023	A	G	13401	6518	48	1	1	24	7.45268e-05	13418	1	FALSE	ORF1ab:cds-YP_009725295.1	ATG	M	GTG	V	920
NC_045512.2	3023	A	C	13401	6518	48	4	4	32	0.000298107	13418	0.993618	FALSE	ORF1ab:cds-YP_009724389.1	ATG	M	CTG	L	920
NC_045512.2	3023	A	C	13401	6518	48	4	4	32	0.000298107	13418	0.993618	FALSE	ORF1ab:cds-YP_009725295.1	ATG	M	CTG	L	920
NC_045512.2	3023	A	+TGTAT	13401	6518	48	1	0	20	7.45268e-05	13418	1	FALSE	NA	NA	NA	NA	NA	NA
NC_045512.2	3024	T	G	13434	6606	48	2	2	34	0.000148677	13452	0.99951	FALSE	ORF1ab:cds-YP_009724389.1	ATG	M	AGG	R	920
NC_045512.2	3024	T	G	13434	6606	48	2	2	34	0.000148677	13452	0.99951	FALSE	ORF1ab:cds-YP_009725295.1	ATG	M	AGG	R	920
NC_045512.2	3024	T	C	13434	6606	48	1	1	34	7.43384e-05	13452	0.999939	FALSE	ORF1ab:cds-YP_009724389.1	ATG	M	ACG	T	920
NC_045512.2	3024	T	C	13434	6606	48	1	1	34	7.43384e-05	13452	0.999939	FALSE	ORF1ab:cds-YP_009725295.1	ATG	M	ACG	T	920
NC_045512.2	3024	T	A	13434	6606	48	15	15	32	0.00111508	13452	0.425082	FALSE	ORF1ab:cds-YP_009724389.1	ATG	M	AAG	K	920
NC_045512.2	3024	T	A	13434	6606	48	15	15	32	0.00111508	13452	0.425082	FALSE	ORF1ab:cds-YP_009725295.1	ATG	M	AAG	K	920
NC_045512.2	3025	G	T	13730	6623	48	17	17	34	0.00123636	13750	0.292091	FALSE	ORF1ab:cds-YP_009724389.1	ATG	M	ATT	I	920
NC_045512.2	3025	G	T	13730	6623	48	17	17	34	0.00123636	13750	0.292091	FALSE	ORF1ab:cds-YP_009725295.1	ATG	M	ATT	I	920
NC_045512.2	3025	G	C	13730	6623	48	2	2	34	0.000145455	13750	0.999509	FALSE	ORF1ab:cds-YP_009724389.1	ATG	M	ATC	I	920
NC_045512.2	3025	G	C	13730	6623	48	2	2	34	0.000145455	13750	0.999509	FALSE	ORF1ab:cds-YP_009725295.1	ATG	M	ATC	I	920
NC_045512.2	3025	G	A	13730	6623	48	1	1	34	7.27273e-05	13750	0.999939	FALSE	ORF1ab:cds-YP_009724389.1	ATG	M	ATA	I	920
NC_045512.2	3025	G	A	13730	6623	48	1	1	34	7.27273e-05	13750	0.999939	FALSE	ORF1ab:cds-YP_009725295.1	ATG	M	ATA	I	920
NC_045512.2	3026	T	G	13560	6477	48	10	10	34	0.000736485	13578	0.797312	FALSE	ORF1ab:cds-YP_009724389.1	TAT	Y	GAT	D	921
NC_045512.2	3026	T	G	13560	6477	48	10	10	34	0.000736485	13578	0.797312	FALSE	ORF1ab:cds-YP_009725295.1	TAT	Y	GAT	D	921
NC_045512.2	3026	T	C	13560	6477	48	2	1	51	0.000147297	13578	0.249715	FALSE	ORF1ab:cds-YP_009724389.1	TAT	Y	CAT	H	921
NC_045512.2	3026	T	C	13560	6477	48	2	1	51	0.000147297	13578	0.249715	FALSE	ORF1ab:cds-YP_009725295.1	TAT	Y	CAT	H	921
NC_045512.2	3026	T	A	13560	6477	48	6	6	32	0.000441891	13578	0.968136	FALSE	ORF1ab:cds-YP_009724389.1	TAT	Y	AAT	N	921
NC_045512.2	3026	T	A	13560	6477	48	6	6	32	0.000441891	13578	0.968136	FALSE	ORF1ab:cds-YP_009725295.1	TAT	Y	AAT	N	921
NC_045512.2	3026	T	-ATTGTTCTTTCTACCCTCCAGATGAGGATGAAGAAGAAGGTG	13560	6477	48	1	0	20	7.36485e-05	13578	1	FALSE	NA	NA	NA	NA	NA	NA
NC_045512.2	3027	A	T	13674	6635	49	18	18	34	0.00131416	13697	0.236123	FALSE	ORF1ab:cds-YP_009724389.1	TAT	Y	TTT	F	921
NC_045512.2	3027	A	T	13674	6635	49	18	18	34	0.00131416	13697	0.236123	FALSE	ORF1ab:cds-YP_009725295.1	TAT	Y	TTT	F	921
NC_045512.2	3027	A	G	13674	6635	49	2	0	51	0.000146017	13697	0.249607	FALSE	ORF1ab:cds-YP_009724389.1	TAT	Y	TGT	C	921
NC_045512.2	3027	A	G	13674	6635	49	2	0	51	0.000146017	13697	0.249607	FALSE	ORF1ab:cds-YP_009725295.1	TAT	Y	TGT	C	921
NC_045512.2	3027	A	C	13674	6635	49	3	3	28	0.000219026	13697	1	FALSE	ORF1ab:cds-YP_009724389.1	TAT	Y	TCT	S	921
NC_045512.2	3027	A	C	13674	6635	49	3	3	28	0.000219026	13697	1	FALSE	ORF1ab:cds-YP_009725295.1	TAT	Y	TCT	S	921
NC_045512.2	3028	T	G	13651	6654	49	6	6	31	0.000438917	13670	0.968114	FALSE	ORF1ab:cds-YP_009724389.1	TAT	Y	TAG	*	921
NC_045512.2	3028	T	G	13651	6654	49	6	6	31	0.000438917	13670	0.968114	FALSE	ORF1ab:cds-YP_009725295.1	TAT	Y	TAG	*	921
NC_045512.2	3028	T	C	13651	6654	49	2	2	30	0.000146306	13670	0.999509	FALSE	ORF1ab:cds-YP_009724389.1	TAT	Y	TAC	Y	921
NC_045512.2	3028	T	C	13651	6654	49	2	2	30	0.000146306	13670	0.999509	FALSE	ORF1ab:cds-YP_009725295.1	TAT	Y	TAC	Y	921
NC_045512.2	3028	T	A	13651	6654	49	11	11	31	0.000804682	13670	0.728982	FALSE	ORF1ab:cds-YP_009724389.1	TAT	Y	TAA	*	921
NC_045512.2	3028	T	A	13651	6654	49	11	11	31	0.000804682	13670	0.728982	FALSE	ORF1ab:cds-YP_009725295.1	TAT	Y	TAA	*	921
NC_045512.2	3028	T	-TG	13651	6654	49	1	0	20	7.31475e-05	13671	1	FALSE	NA	NA	NA	NA	NA	NA
NC_045512.2	3029	T	G	12900	6164	49	1	1	34	7.74954e-05	12904	0.999878	FALSE	ORF1ab:cds-YP_009724389.1	TGT	C	GGT	G	922
NC_045512.2	3029	T	G	12900	6164	49	1	1	34	7.74954e-05	12904	0.999878	FALSE	ORF1ab:cds-YP_009725295.1	TGT	C	GGT	G	922
NC_045512.2	3029	T	C	12900	6164	49	1	1	26	7.74954e-05	12904	1	FALSE	ORF1ab:cds-YP_009724389.1	TGT	C	CGT	R	922
NC_045512.2	3029	T	C	12900	6164	49	1	1	26	7.74954e-05	12904	1	FALSE	ORF1ab:cds-YP_009725295.1	TGT	C	CGT	R	922
NC_045512.2	3029	T	A	12900	6164	49	2	2	34	0.000154991	12904	0.999086	FALSE	ORF1ab:cds-YP_009724389.1	TGT	C	AGT	S	922
NC_045512.2	3029	T	A	12900	6164	49	2	2	34	0.000154991	12904	0.999086	FALSE	ORF1ab:cds-YP_009725295.1	TGT	C	AGT	S	922
NC_045512.2	3030	G	T	12949	6173	49	12	12	32	0.000925283	12969	0.579956	FALSE	ORF1ab:cds-YP_009724389.1	TGT	C	TTT	F	922
NC_045512.2	3030	G	T	12949	6173	49	12	12	32	0.000925283	12969	0.579956	FALSE	ORF1ab:cds-YP_009725295.1	TGT	C	TTT	F	922
NC_045512.2	3030	G	C	12949	6173	49	1	1	34	7.71069e-05	12969	0.999877	FALSE	ORF1ab:cds-YP_009724389.1	TGT	C	TCT	S	922
NC_045512.2	3030	G	C	12949	6173	49	1	1	34	7.71069e-05	12969	0.999877	FALSE	ORF1ab:cds-YP_009725295.1	TGT	C	TCT	S	922
NC_045512.2	3030	G	A	12949	6173	49	7	7	34	0.000539749	12969	0.91618	FALSE	ORF1ab:cds-YP_009724389.1	TGT	C	TAT	Y	922
NC_045512.2	3030	G	A	12949	6173	49	7	7	34	0.000539749	12969	0.91618	FALSE	ORF1ab:cds-YP_009725295.1	TGT	C	TAT	Y	922
NC_045512.2	3031	T	G	12669	6050	48	10	10	33	0.000788581	12681	0.738236	FALSE	ORF1ab:cds-YP_009724389.1	TGT	C	TGG	W	922
NC_045512.2	3031	T	G	12669	6050	48	10	10	33	0.000788581	12681	0.738236	FALSE	ORF1ab:cds-YP_009725295.1	TGT	C	TGG	W	922
NC_045512.2	3031	T	C	12669	6050	48	1	1	34	7.88581e-05	12681	0.999878	FALSE	ORF1ab:cds-YP_009724389.1	TGT	C	TGC	C	922
NC_045512.2	3031	T	C	12669	6050	48	1	1	34	7.88581e-05	12681	0.999878	FALSE	ORF1ab:cds-YP_009725295.1	TGT	C	TGC	C	922
NC_045512.2	3031	T	A	12669	6050	48	1	1	34	7.88581e-05	12681	0.999878	FALSE	ORF1ab:cds-YP_009724389.1	TGT	C	TGA	*	922
NC_045512.2	3031	T	A	12669	6050	48	1	1	34	7.88581e-05	12681	0.999878	FALSE	ORF1ab:cds-YP_009725295.1	TGT	C	TGA	*	922
NC_045512.2	3032	T	G	12641	5947	48	3	2	34	0.00023721	12647	0.996311	FALSE	ORF1ab:cds-YP_009724389.1	TCT	S	GCT	A	923
NC_045512.2	3032	T	G	12641	5947	48	3	2	34	0.00023721	12647	0.996311	FALSE	ORF1ab:cds-YP_009725295.1	TCT	S	GCT	A	923
NC_045512.2	3032	T	C	12641	5947	48	1	0	68	7.90701e-05	12647	0.499901	FALSE	ORF1ab:cds-YP_009724389.1	TCT	S	CCT	P	923
NC_045512.2	3032	T	C	12641	5947	48	1	0	68	7.90701e-05	12647	0.499901	FALSE	ORF1ab:cds-YP_009725295.1	TCT	S	CCT	P	923
NC_045512.2	3032	T	A	12641	5947	48	2	2	34	0.00015814	12647	0.999085	FALSE	ORF1ab:cds-YP_009724389.1	TCT	S	ACT	T	923
NC_045512.2	3032	T	A	12641	5947	48	2	2	34	0.00015814	12647	0.999085	FALSE	ORF1ab:cds-YP_009725295.1	TCT	S	ACT	T	923
NC_045512.2	3033	C	T	12844	6329	48	15	13	31	0.00116614	12863	0.350176	FALSE	ORF1ab:cds-YP_009724389.1	TCT	S	TTT	F	923
NC_045512.2	3033	C	T	12844	6329	48	15	13	31	0.00116614	12863	0.350176	FALSE	ORF1ab:cds-YP_009725295.1	TCT	S	TTT	F	923
NC_045512.2	3033	C	G	12844	6329	48	3	3	34	0.000233227	12863	0.99629	FALSE	ORF1ab:cds-YP_009724389.1	TCT	S	TGT	C	923
NC_045512.2	3033	C	G	12844	6329	48	3	3	34	0.000233227	12863	0.99629	FALSE	ORF1ab:cds-YP_009725295.1	TCT	S	TGT	C	923
NC_045512.2	3033	C	A	12844	6329	48	1	1	26	7.77424e-05	12863	1	FALSE	ORF1ab:cds-YP_009724389.1	TCT	S	TAT	Y	923
NC_045512.2	3033	C	A	12844	6329	48	1	1	26	7.77424e-05	12863	1	FALSE	ORF1ab:cds-YP_009725295.1	TCT	S	TAT	Y	923
NC_045512.2	3034	T	C	12423	5907	49	12	12	32	0.000965018	12435	0.580629	FALSE	ORF1ab:cds-YP_009724389.1	TCT	S	TCC	S	923
NC_045512.2	3034	T	C	12423	5907	49	12	12	32	0.000965018	12435	0.580629	FALSE	ORF1ab:cds-YP_009725295.1	TCT	S	TCC	S	923
NC_045512.2	3034	T	-TTC	12423	5907	49	4	0	20	0.000321647	12436	1	FALSE	NA	NA	NA	NA	NA	NA
NC_045512.2	3035	T	G	12521	6065	49	2	1	34	0.000159668	12526	0.999084	FALSE	ORF1ab:cds-YP_009724389.1	TTC	F	GTC	V	924
NC_045512.2	3035	T	G	12521	6065	49	2	1	34	0.000159668	12526	0.999084	FALSE	ORF1ab:cds-YP_009725295.1	TTC	F	GTC	V	924
NC_045512.2	3035	T	C	12521	6065	49	2	2	34	0.000159668	12526	0.999084	FALSE	ORF1ab:cds-YP_009724389.1	TTC	F	CTC	L	924
NC_045512.2	3035	T	C	12521	6065	49	2	2	34	0.000159668	12526	0.999084	FALSE	ORF1ab:cds-YP_009725295.1	TTC	F	CTC	L	924
NC_045512.2	3035	T	A	12521	6065	49	1	1	34	7.98339e-05	12526	0.999878	FALSE	ORF1ab:cds-YP_009724389.1	TTC	F	ATC	I	924
NC_045512.2	3035	T	A	12521	6065	49	1	1	34	7.98339e-05	12526	0.999878	FALSE	ORF1ab:cds-YP_009725295.1	TTC	F	ATC	I	924
NC_045512.2	3035	T	-TC	12521	6065	49	2	0	20	0.000159604	12531	1	FALSE	NA	NA	NA	NA	NA	NA
NC_045512.2	3036	T	G	11668	5271	46	1	1	34	8.56311e-05	11678	0.999755	FALSE	ORF1ab:cds-YP_009724389.1	TTC	F	TGC	C	924
NC_045512.2	3036	T	G	11668	5271	46	1	1	34	8.56311e-05	11678	0.999755	FALSE	ORF1ab:cds-YP_009725295.1	TTC	F	TGC	C	924
NC_045512.2	3036	T	C	11668	5271	46	8	7	35	0.000685049	11678	0.820062	FALSE	ORF1ab:cds-YP_009724389.1	TTC	F	TCC	S	924
NC_045512.2	3036	T	C	11668	5271	46	8	7	35	0.000685049	11678	0.820062	FALSE	ORF1ab:cds-YP_009725295.1	TTC	F	TCC	S	924
NC_045512.2	3036	T	A	11668	5271	46	1	1	26	8.56311e-05	11678	1	FALSE	ORF1ab:cds-YP_009724389.1	TTC	F	TAC	Y	924
NC_045512.2	3036	T	A	11668	5271	46	1	1	26	8.56311e-05	11678	1	FALSE	ORF1ab:cds-YP_009725295.1	TTC	F	TAC	Y	924
NC_045512.2	3036	T	-C	11668	5271	46	3	0	20	0.000256739	11685	1	FALSE	NA	NA	NA	NA	NA	NA
NC_045512.2	3037	C	T	2	2	35	12422	6124	49	0.999759	12425	0	TRUE	ORF1ab:cds-YP_009724389.1	TTC	F	TTT	F	924
NC_045512.2	3037	C	T	2	2	35	12422	6124	49	0.999759	12425	0	TRUE	ORF1ab:cds-YP_009725295.1	TTC	F	TTT	F	924
NC_045512.2	3037	C	G	2	2	35	1	1	34	8.04829e-05	12425	0.00313278	TRUE	ORF1ab:cds-YP_009724389.1	TTC	F	TTG	L	924
NC_045512.2	3037	C	G	2	2	35	1	1	34	8.04829e-05	12425	0.00313278	TRUE	ORF1ab:cds-YP_009725295.1	TTC	F	TTG	L	924
NC_045512.2	3038	T	C	12321	6166	48	1	1	34	8.11557e-05	12322	0.999878	FALSE	ORF1ab:cds-YP_009724389.1	TAC	Y	CAC	H	925
NC_045512.2	3038	T	C	12321	6166	48	1	1	34	8.11557e-05	12322	0.999878	FALSE	ORF1ab:cds-YP_009725295.1	TAC	Y	CAC	H	925
NC_045512.2	3039	A	T	12460	6122	49	15	15	34	0.00120231	12476	0.350398	FALSE	ORF1ab:cds-YP_009724389.1	TAC	Y	TTC	F	925
NC_045512.2	3039	A	T	12460	6122	49	15	15	34	0.00120231	12476	0.350398	FALSE	ORF1ab:cds-YP_009725295.1	TAC	Y	TTC	F	925
NC_045512.2	3039	A	G	12460	6122	49	1	1	34	8.01539e-05	12476	0.999877	FALSE	ORF1ab:cds-YP_009724389.1	TAC	Y	TGC	C	925
NC_045512.2	3039	A	G	12460	6122	49	1	1	34	8.01539e-05	12476	0.999877	FALSE	ORF1ab:cds-YP_009725295.1	TAC	Y	TGC	C	925
NC_045512.2	3040	C	T	12476	6215	49	9	9	37	0.000720288	12495	0.80794	FALSE	ORF1ab:cds-YP_009724389.1	TAC	Y	TAT	Y	925
NC_045512.2	3040	C	T	12476	6215	49	9	9	37	0.000720288	12495	0.80794	FALSE	ORF1ab:cds-YP_009725295.1	TAC	Y	TAT	Y	925
NC_045512.2	3040	C	A	12476	6215	49	10	10	30	0.00080032	12495	0.737803	FALSE	ORF1ab:cds-YP_009724389.1	TAC	Y	TAA	*	925
NC_045512.2	3040	C	A	12476	6215	49	10	10	30	0.00080032	12495	0.737803	FALSE	ORF1ab:cds-YP_009725295.1	TAC	Y	TAA	*	925
NC_045512.2	3041	C	T	12386	6179	49	7	7	32	0.000564607	12398	0.916411	FALSE	ORF1ab:cds-YP_009724389.1	CCT	P	TCT	S	926
NC_045512.2	3041	C	T	12386	6179	49	7	7	32	0.000564607	12398	0.916411	FALSE	ORF1ab:cds-YP_009725295.1	CCT	P	TCT	S	926
NC_045512.2	3041	C	G	12386	6179	49	3	2	29	0.000241975	12398	1	FALSE	ORF1ab:cds-YP_009724389.1	CCT	P	GCT	A	926
NC_045512.2	3041	C	G	12386	6179	49	3	2	29	0.000241975	12398	1	FALSE	ORF1ab:cds-YP_009725295.1	CCT	P	GCT	A	926
NC_045512.2	3041	C	A	12386	6179	49	2	2	34	0.000161316	12398	0.999082	FALSE	ORF1ab:cds-YP_009724389.1	CCT	P	ACT	T	926
NC_045512.2	3041	C	A	12386	6179	49	2	2	34	0.000161316	12398	0.999082	FALSE	ORF1ab:cds-YP_009725295.1	CCT	P	ACT	T	926
NC_045512.2	3042	C	T	12887	6235	49	3	3	34	0.00023263	12896	0.996306	FALSE	ORF1ab:cds-YP_009724389.1	CCT	P	CTT	L	926
NC_045512.2	3042	C	T	12887	6235	49	3	3	34	0.00023263	12896	0.996306	FALSE	ORF1ab:cds-YP_009725295.1	CCT	P	CTT	L	926
NC_045512.2	3042	C	A	12887	6235	49	6	6	34	0.000465261	12896	0.951882	FALSE	ORF1ab:cds-YP_009724389.1	CCT	P	CAT	H	926
NC_045512.2	3042	C	A	12887	6235	49	6	6	34	0.000465261	12896	0.951882	FALSE	ORF1ab:cds-YP_009725295.1	CCT	P	CAT	H	926
NC_045512.2	3043	T	G	12805	6141	49	1	1	34	7.7997e-05	12821	0.999877	FALSE	ORF1ab:cds-YP_009724389.1	CCT	P	CCG	P	926
NC_045512.2	3043	T	G	12805	6141	49	1	1	34	7.7997e-05	12821	0.999877	FALSE	ORF1ab:cds-YP_009725295.1	CCT	P	CCG	P	926
NC_045512.2	3043	T	C	12805	6141	49	15	15	33	0.00116996	12821	0.350402	FALSE	ORF1ab:cds-YP_009724389.1	CCT	P	CCC	P	926
NC_045512.2	3043	T	C	12805	6141	49	15	15	33	0.00116996	12821	0.350402	FALSE	ORF1ab:cds-YP_009725295.1	CCT	P	CCC	P	926
NC_045512.2	3044	C	T	13044	6207	49	11	11	33	0.000842331	13059	0.729215	FALSE	ORF1ab:cds-YP_009724389.1	CCA	P	TCA	S	927
NC_045512.2	3044	C	T	13044	6207	49	11	11	33	0.000842331	13059	0.729215	FALSE	ORF1ab:cds-YP_009725295.1	CCA	P	TCA	S	927
NC_045512.2	3044	C	G	13044	6207	49	3	3	34	0.000229727	13059	0.997903	FALSE	ORF1ab:cds-YP_009724389.1	CCA	P	GCA	A	927
NC_045512.2	3044	C	G	13044	6207	49	3	3	34	0.000229727	13059	0.997903	FALSE	ORF1ab:cds-YP_009725295.1	CCA	P	GCA	A	927
NC_045512.2	3044	C	A	13044	6207	49	1	1	34	7.65755e-05	13059	0.999939	FALSE	ORF1ab:cds-YP_009724389.1	CCA	P	ACA	T	927
NC_045512.2	3044	C	A	13044	6207	49	1	1	34	7.65755e-05	13059	0.999939	FALSE	ORF1ab:cds-YP_009725295.1	CCA	P	ACA	T	927
NC_045512.2	3045	C	T	12973	6200	48	4	4	34	0.000308166	12980	0.989371	FALSE	ORF1ab:cds-YP_009724389.1	CCA	P	CTA	L	927
NC_045512.2	3045	C	T	12973	6200	48	4	4	34	0.000308166	12980	0.989371	FALSE	ORF1ab:cds-YP_009725295.1	CCA	P	CTA	L	927
NC_045512.2	3045	C	G	12973	6200	48	1	1	26	7.70416e-05	12980	1	FALSE	ORF1ab:cds-YP_009724389.1	CCA	P	CGA	R	927
NC_045512.2	3045	C	G	12973	6200	48	1	1	26	7.70416e-05	12980	1	FALSE	ORF1ab:cds-YP_009725295.1	CCA	P	CGA	R	927
NC_045512.2	3045	C	A	12973	6200	48	2	2	34	0.000154083	12980	0.999085	FALSE	ORF1ab:cds-YP_009724389.1	CCA	P	CAA	Q	927
NC_045512.2	3045	C	A	12973	6200	48	2	2	34	0.000154083	12980	0.999085	FALSE	ORF1ab:cds-YP_009725295.1	CCA	P	CAA	Q	927
NC_045512.2	3046	A	T	13027	6199	48	6	4	34	0.000459805	13049	0.968073	FALSE	ORF1ab:cds-YP_009724389.1	CCA	P	CCT	P	927
NC_045512.2	3046	A	T	13027	6199	48	6	4	34	0.000459805	13049	0.968073	FALSE	ORF1ab:cds-YP_009725295.1	CCA	P	CCT	P	927
NC_045512.2	3046	A	G	13027	6199	48	4	4	34	0.000306537	13049	0.993601	FALSE	ORF1ab:cds-YP_009724389.1	CCA	P	CCG	P	927
NC_045512.2	3046	A	G	13027	6199	48	4	4	34	0.000306537	13049	0.993601	FALSE	ORF1ab:cds-YP_009725295.1	CCA	P	CCG	P	927
NC_045512.2	3046	A	C	13027	6199	48	12	12	32	0.000919611	13049	0.654339	FALSE	ORF1ab:cds-YP_009724389.1	CCA	P	CCC	P	927
NC_045512.2	3046	A	C	13027	6199	48	12	12	32	0.000919611	13049	0.654339	FALSE	ORF1ab:cds-YP_009725295.1	CCA	P	CCC	P	927
NC_045512.2	3047	G	T	13206	6226	49	1	1	26	7.56315e-05	13222	1	FALSE	ORF1ab:cds-YP_009724389.1	GAT	D	TAT	Y	928
NC_045512.2	3047	G	T	13206	6226	49	1	1	26	7.56315e-05	13222	1	FALSE	ORF1ab:cds-YP_009725295.1	GAT	D	TAT	Y	928
NC_045512.2	3047	G	C	13206	6226	49	4	4	34	0.000302526	13222	0.993618	FALSE	ORF1ab:cds-YP_009724389.1	GAT	D	CAT	H	928
NC_045512.2	3047	G	C	13206	6226	49	4	4	34	0.000302526	13222	0.993618	FALSE	ORF1ab:cds-YP_009725295.1	GAT	D	CAT	H	928
NC_045512.2	3047	G	A	13206	6226	49	11	11	34	0.000831947	13222	0.729155	FALSE	ORF1ab:cds-YP_009724389.1	GAT	D	AAT	N	928
NC_045512.2	3047	G	A	13206	6226	49	11	11	34	0.000831947	13222	0.729155	FALSE	ORF1ab:cds-YP_009725295.1	GAT	D	AAT	N	928
NC_045512.2	3048	A	T	13035	6275	48	1	1	34	7.6599e-05	13055	0.999939	FALSE	ORF1ab:cds-YP_009724389.1	GAT	D	GTT	V	928
NC_045512.2	3048	A	T	13035	6275	48	1	1	34	7.6599e-05	13055	0.999939	FALSE	ORF1ab:cds-YP_009725295.1	GAT	D	GTT	V	928
NC_045512.2	3048	A	G	13035	6275	48	13	12	32	0.000995787	13055	0.576989	FALSE	ORF1ab:cds-YP_009724389.1	GAT	D	GGT	G	928
NC_045512.2	3048	A	G	13035	6275	48	13	12	32	0.000995787	13055	0.576989	FALSE	ORF1ab:cds-YP_009725295.1	GAT	D	GGT	G	928
NC_045512.2	3048	A	C	13035	6275	48	6	6	32	0.000459594	13055	0.968097	FALSE	ORF1ab:cds-YP_009724389.1	GAT	D	GCT	A	928
NC_045512.2	3048	A	C	13035	6275	48	6	6	32	0.000459594	13055	0.968097	FALSE	ORF1ab:cds-YP_009725295.1	GAT	D	GCT	A	928
NC_045512.2	3049	T	G	13000	6347	48	4	3	32	0.000307172	13022	0.993601	FALSE	ORF1ab:cds-YP_009724389.1	GAT	D	GAG	E	928
NC_045512.2	3049	T	G	13000	6347	48	4	3	32	0.000307172	13022	0.993601	FALSE	ORF1ab:cds-YP_009725295.1	GAT	D	GAG	E	928
NC_045512.2	3049	T	C	13000	6347	48	1	1	34	7.67931e-05	13022	0.999938	FALSE	ORF1ab:cds-YP_009724389.1	GAT	D	GAC	D	928
NC_045512.2	3049	T	C	13000	6347	48	1	1	34	7.67931e-05	13022	0.999938	FALSE	ORF1ab:cds-YP_009725295.1	GAT	D	GAC	D	928
NC_045512.2	3049	T	A	13000	6347	48	17	17	33	0.00130548	13022	0.291859	FALSE	ORF1ab:cds-YP_009724389.1	GAT	D	GAA	E	928
NC_045512.2	3049	T	A	13000	6347	48	17	17	33	0.00130548	13022	0.291859	FALSE	ORF1ab:cds-YP_009725295.1	GAT	D	GAA	E	928
NC_045512.2	3050	G	T	13195	6359	49	11	11	33	0.000832766	13209	0.729279	FALSE	ORF1ab:cds-YP_009724389.1	GAG	E	TAG	*	929
NC_045512.2	3050	G	T	13195	6359	49	11	11	33	0.000832766	13209	0.729279	FALSE	ORF1ab:cds-YP_009725295.1	GAG	E	TAG	*	929
NC_045512.2	3050	G	C	13195	6359	49	1	1	34	7.5706e-05	13209	0.999939	FALSE	ORF1ab:cds-YP_009724389.1	GAG	E	CAG	Q	929
NC_045512.2	3050	G	C	13195	6359	49	1	1	34	7.5706e-05	13209	0.999939	FALSE	ORF1ab:cds-YP_009725295.1	GAG	E	CAG	Q	929
NC_045512.2	3050	G	A	13195	6359	49	2	2	34	0.000151412	13209	0.99951	FALSE	ORF1ab:cds-YP_009724389.1	GAG	E	AAG	K	929
NC_045512.2	3050	G	A	13195	6359	49	2	2	34	0.000151412	13209	0.99951	FALSE	ORF1ab:cds-YP_009725295.1	GAG	E	AAG	K	929
NC_045512.2	3051	A	T	12705	5932	49	5	4	40	0.000392958	12724	0.10909	FALSE	ORF1ab:cds-YP_009724389.1	GAG	E	GTG	V	929
NC_045512.2	3051	A	T	12705	5932	49	5	4	40	0.000392958	12724	0.10909	FALSE	ORF1ab:cds-YP_009725295.1	GAG	E	GTG	V	929
NC_045512.2	3051	A	G	12705	5932	49	13	13	33	0.00102169	12724	0.499525	FALSE	ORF1ab:cds-YP_009724389.1	GAG	E	GGG	G	929
NC_045512.2	3051	A	G	12705	5932	49	13	13	33	0.00102169	12724	0.499525	FALSE	ORF1ab:cds-YP_009725295.1	GAG	E	GGG	G	929
NC_045512.2	3051	A	C	12705	5932	49	1	0	27	7.85916e-05	12724	1	FALSE	ORF1ab:cds-YP_009724389.1	GAG	E	GCG	A	929
NC_045512.2	3051	A	C	12705	5932	49	1	0	27	7.85916e-05	12724	1	FALSE	ORF1ab:cds-YP_009725295.1	GAG	E	GCG	A	929
NC_045512.2	3052	G	T	12935	5926	49	6	6	32	0.000463177	12954	0.951718	FALSE	ORF1ab:cds-YP_009724389.1	GAG	E	GAT	D	929
NC_045512.2	3052	G	T	12935	5926	49	6	6	32	0.000463177	12954	0.951718	FALSE	ORF1ab:cds-YP_009725295.1	GAG	E	GAT	D	929
NC_045512.2	3052	G	C	12935	5926	49	1	1	34	7.71962e-05	12954	0.999877	FALSE	ORF1ab:cds-YP_009724389.1	GAG	E	GAC	D	929
NC_045512.2	3052	G	C	12935	5926	49	1	1	34	7.71962e-05	12954	0.999877	FALSE	ORF1ab:cds-YP_009725295.1	GAG	E	GAC	D	929
NC_045512.2	3052	G	A	12935	5926	49	12	11	33	0.000926355	12954	0.580104	FALSE	ORF1ab:cds-YP_009724389.1	GAG	E	GAA	E	929
NC_045512.2	3052	G	A	12935	5926	49	12	11	33	0.000926355	12954	0.580104	FALSE	ORF1ab:cds-YP_009725295.1	GAG	E	GAA	E	929
NC_045512.2	3053	G	T	12776	5952	49	1	1	34	7.82473e-05	12780	0.999878	FALSE	ORF1ab:cds-YP_009724389.1	GAT	D	TAT	Y	930
NC_045512.2	3053	G	T	12776	5952	49	1	1	34	7.82473e-05	12780	0.999878	FALSE	ORF1ab:cds-YP_009725295.1	GAT	D	TAT	Y	930
NC_045512.2	3053	G	A	12776	5952	49	3	3	34	0.000234742	12780	0.996314	FALSE	ORF1ab:cds-YP_009724389.1	GAT	D	AAT	N	930
NC_045512.2	3053	G	A	12776	5952	49	3	3	34	0.000234742	12780	0.996314	FALSE	ORF1ab:cds-YP_009725295.1	GAT	D	AAT	N	930
NC_045512.2	3054	A	T	12845	6014	49	3	3	34	0.000233209	12864	0.99629	FALSE	ORF1ab:cds-YP_009724389.1	GAT	D	GTT	V	930
NC_045512.2	3054	A	T	12845	6014	49	3	3	34	0.000233209	12864	0.99629	FALSE	ORF1ab:cds-YP_009725295.1	GAT	D	GTT	V	930
NC_045512.2	3054	A	G	12845	6014	49	15	13	39	0.00116604	12864	0.350176	FALSE	ORF1ab:cds-YP_009724389.1	GAT	D	GGT	G	930
NC_045512.2	3054	A	G	12845	6014	49	15	13	39	0.00116604	12864	0.350176	FALSE	ORF1ab:cds-YP_009725295.1	GAT	D	GGT	G	930
NC_045512.2	3054	A	C	12845	6014	49	1	0	34	7.77363e-05	12864	0.999877	FALSE	ORF1ab:cds-YP_009724389.1	GAT	D	GCT	A	930
NC_045512.2	3054	A	C	12845	6014	49	1	0	34	7.77363e-05	12864	0.999877	FALSE	ORF1ab:cds-YP_009725295.1	GAT	D	GCT	A	930
NC_045512.2	3055	T	G	12737	6001	49	9	9	33	0.000705495	12757	0.807899	FALSE	ORF1ab:cds-YP_009724389.1	GAT	D	GAG	E	930
NC_045512.2	3055	T	G	12737	6001	49	9	9	33	0.000705495	12757	0.807899	FALSE	ORF1ab:cds-YP_009725295.1	GAT	D	GAG	E	930
NC_045512.2	3055	T	C	12737	6001	49	1	1	26	7.83883e-05	12757	1	FALSE	ORF1ab:cds-YP_009724389.1	GAT	D	GAC	D	930
NC_045512.2	3055	T	C	12737	6001	49	1	1	26	7.83883e-05	12757	1	FALSE	ORF1ab:cds-YP_009725295.1	GAT	D	GAC	D	930
NC_045512.2	3055	T	A	12737	6001	49	10	10	32	0.000783883	12757	0.737752	FALSE	ORF1ab:cds-YP_009724389.1	GAT	D	GAA	E	930
NC_045512.2	3055	T	A	12737	6001	49	10	10	32	0.000783883	12757	0.737752	FALSE	ORF1ab:cds-YP_009725295.1	GAT	D	GAA	E	930
NC_045512.2	3056	G	T	12685	5897	49	13	13	32	0.00102354	12701	0.499762	FALSE	ORF1ab:cds-YP_009724389.1	GAA	E	TAA	*	931
NC_045512.2	3056	G	T	12685	5897	49	13	13	32	0.00102354	12701	0.499762	FALSE	ORF1ab:cds-YP_009725295.1	GAA	E	TAA	*	931
NC_045512.2	3056	G	A	12685	5897	49	3	3	34	0.000236202	12701	0.996294	FALSE	ORF1ab:cds-YP_009724389.1	GAA	E	AAA	K	931
NC_045512.2	3056	G	A	12685	5897	49	3	3	34	0.000236202	12701	0.996294	FALSE	ORF1ab:cds-YP_009725295.1	GAA	E	AAA	K	931
NC_045512.2	3057	A	T	12709	5907	49	4	4	34	0.000314292	12727	0.989323	FALSE	ORF1ab:cds-YP_009724389.1	GAA	E	GTA	V	931
NC_045512.2	3057	A	T	12709	5907	49	4	4	34	0.000314292	12727	0.989323	FALSE	ORF1ab:cds-YP_009725295.1	GAA	E	GTA	V	931
NC_045512.2	3057	A	G	12709	5907	49	12	11	34	0.000942877	12727	0.580172	FALSE	ORF1ab:cds-YP_009724389.1	GAA	E	GGA	G	931
NC_045512.2	3057	A	G	12709	5907	49	12	11	34	0.000942877	12727	0.580172	FALSE	ORF1ab:cds-YP_009725295.1	GAA	E	GGA	G	931
NC_045512.2	3057	A	C	12709	5907	49	2	2	34	0.000157146	12727	0.99908	FALSE	ORF1ab:cds-YP_009724389.1	GAA	E	GCA	A	931
NC_045512.2	3057	A	C	12709	5907	49	2	2	34	0.000157146	12727	0.99908	FALSE	ORF1ab:cds-YP_009725295.1	GAA	E	GCA	A	931
NC_045512.2	3058	A	T	12745	5926	49	7	7	32	0.000548718	12757	0.916413	FALSE	ORF1ab:cds-YP_009724389.1	GAA	E	GAT	D	931
NC_045512.2	3058	A	T	12745	5926	49	7	7	32	0.000548718	12757	0.916413	FALSE	ORF1ab:cds-YP_009725295.1	GAA	E	GAT	D	931
NC_045512.2	3058	A	G	12745	5926	49	5	3	32	0.000391942	12757	0.975451	FALSE	ORF1ab:cds-YP_009724389.1	GAA	E	GAG	E	931
NC_045512.2	3058	A	G	12745	5926	49	5	3	32	0.000391942	12757	0.975451	FALSE	ORF1ab:cds-YP_009725295.1	GAA	E	GAG	E	931
NC_045512.2	3059	G	T	13024	5924	49	4	4	34	0.000306701	13042	0.993612	FALSE	ORF1ab:cds-YP_009724389.1	GAA	E	TAA	*	932
NC_045512.2	3059	G	T	13024	5924	49	4	4	34	0.000306701	13042	0.993612	FALSE	ORF1ab:cds-YP_009725295.1	GAA	E	TAA	*	932
NC_045512.2	3059	G	C	13024	5924	49	1	1	26	7.66754e-05	13042	1	FALSE	ORF1ab:cds-YP_009724389.1	GAA	E	CAA	Q	932
NC_045512.2	3059	G	C	13024	5924	49	1	1	26	7.66754e-05	13042	1	FALSE	ORF1ab:cds-YP_009725295.1	GAA	E	CAA	Q	932
NC_045512.2	3059	G	A	13024	5924	49	13	13	32	0.00099678	13042	0.577143	FALSE	ORF1ab:cds-YP_009724389.1	GAA	E	AAA	K	932
NC_045512.2	3059	G	A	13024	5924	49	13	13	32	0.00099678	13042	0.577143	FALSE	ORF1ab:cds-YP_009725295.1	GAA	E	AAA	K	932
NC_045512.2	3060	A	T	12985	6076	48	2	2	34	0.000153846	13000	0.99951	FALSE	ORF1ab:cds-YP_009724389.1	GAA	E	GTA	V	932
NC_045512.2	3060	A	T	12985	6076	48	2	2	34	0.000153846	13000	0.99951	FALSE	ORF1ab:cds-YP_009725295.1	GAA	E	GTA	V	932
NC_045512.2	3060	A	G	12985	6076	48	8	8	32	0.000615385	13000	0.905257	FALSE	ORF1ab:cds-YP_009724389.1	GAA	E	GGA	G	932
NC_045512.2	3060	A	G	12985	6076	48	8	8	32	0.000615385	13000	0.905257	FALSE	ORF1ab:cds-YP_009725295.1	GAA	E	GGA	G	932
NC_045512.2	3060	A	C	12985	6076	48	5	3	59	0.000384615	13000	0.0311779	FALSE	ORF1ab:cds-YP_009724389.1	GAA	E	GCA	A	932
NC_045512.2	3060	A	C	12985	6076	48	5	3	59	0.000384615	13000	0.0311779	FALSE	ORF1ab:cds-YP_009725295.1	GAA	E	GCA	A	932
NC_045512.2	3061	A	T	12845	5893	50	3	3	31	0.000233427	12852	0.996309	FALSE	ORF1ab:cds-YP_009724389.1	GAA	E	GAT	D	932
NC_045512.2	3061	A	T	12845	5893	50	3	3	31	0.000233427	12852	0.996309	FALSE	ORF1ab:cds-YP_009725295.1	GAA	E	GAT	D	932
NC_045512.2	3061	A	G	12845	5893	50	4	3	38	0.000311236	12852	0.989371	FALSE	ORF1ab:cds-YP_009724389.1	GAA	E	GAG	E	932
NC_045512.2	3061	A	G	12845	5893	50	4	3	38	0.000311236	12852	0.989371	FALSE	ORF1ab:cds-YP_009725295.1	GAA	E	GAG	E	932
NC_045512.2	3062	G	T	13318	5944	49	2	2	34	0.000149981	13335	0.99951	FALSE	ORF1ab:cds-YP_009724389.1	GAA	E	TAA	*	933
NC_045512.2	3062	G	T	13318	5944	49	2	2	34	0.000149981	13335	0.99951	FALSE	ORF1ab:cds-YP_009725295.1	GAA	E	TAA	*	933
NC_045512.2	3062	G	C	13318	5944	49	3	1	45	0.000224972	13335	0.312092	FALSE	ORF1ab:cds-YP_009724389.1	GAA	E	CAA	Q	933
NC_045512.2	3062	G	C	13318	5944	49	3	1	45	0.000224972	13335	0.312092	FALSE	ORF1ab:cds-YP_009725295.1	GAA	E	CAA	Q	933
NC_045512.2	3062	G	A	13318	5944	49	12	12	34	0.000899888	13335	0.654702	FALSE	ORF1ab:cds-YP_009724389.1	GAA	E	AAA	K	933
NC_045512.2	3062	G	A	13318	5944	49	12	12	34	0.000899888	13335	0.654702	FALSE	ORF1ab:cds-YP_009725295.1	GAA	E	AAA	K	933
NC_045512.2	3063	A	T	13152	5868	48	1	1	34	7.5959e-05	13165	0.999939	FALSE	ORF1ab:cds-YP_009724389.1	GAA	E	GTA	V	933
NC_045512.2	3063	A	T	13152	5868	48	1	1	34	7.5959e-05	13165	0.999939	FALSE	ORF1ab:cds-YP_009725295.1	GAA	E	GTA	V	933
NC_045512.2	3063	A	G	13152	5868	48	12	10	32	0.000911508	13165	0.654981	FALSE	ORF1ab:cds-YP_009724389.1	GAA	E	GGA	G	933
NC_045512.2	3063	A	G	13152	5868	48	12	10	32	0.000911508	13165	0.654981	FALSE	ORF1ab:cds-YP_009725295.1	GAA	E	GGA	G	933
NC_045512.2	3064	A	G	13516	5917	49	5	4	34	0.000369768	13522	0.984579	FALSE	ORF1ab:cds-YP_009724389.1	GAA	E	GAG	E	933
NC_045512.2	3064	A	G	13516	5917	49	5	4	34	0.000369768	13522	0.984579	FALSE	ORF1ab:cds-YP_009725295.1	GAA	E	GAG	E	933
NC_045512.2	3064	A	C	13516	5917	49	1	1	34	7.39536e-05	13522	0.999939	FALSE	ORF1ab:cds-YP_009724389.1	GAA	E	GAC	D	933
NC_045512.2	3064	A	C	13516	5917	49	1	1	34	7.39536e-05	13522	0.999939	FALSE	ORF1ab:cds-YP_009725295.1	GAA	E	GAC	D	933
NC_045512.2	3065	G	T	13512	5888	49	1	1	34	7.39317e-05	13526	0.999939	FALSE	ORF1ab:cds-YP_009724389.1	GGT	G	TGT	C	934
NC_045512.2	3065	G	T	13512	5888	49	1	1	34	7.39317e-05	13526	0.999939	FALSE	ORF1ab:cds-YP_009725295.1	GGT	G	TGT	C	934
NC_045512.2	3065	G	C	13512	5888	49	1	1	34	7.39317e-05	13526	0.999939	FALSE	ORF1ab:cds-YP_009724389.1	GGT	G	CGT	R	934
NC_045512.2	3065	G	C	13512	5888	49	1	1	34	7.39317e-05	13526	0.999939	FALSE	ORF1ab:cds-YP_009725295.1	GGT	G	CGT	R	934
NC_045512.2	3065	G	A	13512	5888	49	12	12	32	0.00088718	13526	0.654912	FALSE	ORF1ab:cds-YP_009724389.1	GGT	G	AGT	S	934
NC_045512.2	3065	G	A	13512	5888	49	12	12	32	0.00088718	13526	0.654912	FALSE	ORF1ab:cds-YP_009725295.1	GGT	G	AGT	S	934
NC_045512.2	3066	G	T	13580	6210	50	5	4	47	0.000367809	13594	0.109194	FALSE	ORF1ab:cds-YP_009724389.1	GGT	G	GTT	V	934
NC_045512.2	3066	G	T	13580	6210	50	5	4	47	0.000367809	13594	0.109194	FALSE	ORF1ab:cds-YP_009725295.1	GGT	G	GTT	V	934
NC_045512.2	3066	G	C	13580	6210	50	1	0	34	7.35619e-05	13594	0.999939	FALSE	ORF1ab:cds-YP_009724389.1	GGT	G	GCT	A	934
NC_045512.2	3066	G	C	13580	6210	50	1	0	34	7.35619e-05	13594	0.999939	FALSE	ORF1ab:cds-YP_009725295.1	GGT	G	GCT	A	934
NC_045512.2	3066	G	A	13580	6210	50	8	8	31	0.000588495	13594	0.905291	FALSE	ORF1ab:cds-YP_009724389.1	GGT	G	GAT	D	934
NC_045512.2	3066	G	A	13580	6210	50	8	8	31	0.000588495	13594	0.905291	FALSE	ORF1ab:cds-YP_009725295.1	GGT	G	GAT	D	934
NC_045512.2	3067	T	G	13458	6119	50	12	11	32	0.000890406	13477	0.654567	FALSE	ORF1ab:cds-YP_009724389.1	GGT	G	GGG	G	934
NC_045512.2	3067	T	G	13458	6119	50	12	11	32	0.000890406	13477	0.654567	FALSE	ORF1ab:cds-YP_009725295.1	GGT	G	GGG	G	934
NC_045512.2	3067	T	C	13458	6119	50	1	1	24	7.42005e-05	13477	1	FALSE	ORF1ab:cds-YP_009724389.1	GGT	G	GGC	G	934
NC_045512.2	3067	T	C	13458	6119	50	1	1	24	7.42005e-05	13477	1	FALSE	ORF1ab:cds-YP_009725295.1	GGT	G	GGC	G	934
NC_045512.2	3067	T	A	13458	6119	50	6	6	30	0.000445203	13477	0.968112	FALSE	ORF1ab:cds-YP_009724389.1	GGT	G	GGA	G	934
NC_045512.2	3067	T	A	13458	6119	50	6	6	30	0.000445203	13477	0.968112	FALSE	ORF1ab:cds-YP_009725295.1	GGT	G	GGA	G	934
NC_045512.2	3068	G	T	13298	6018	50	15	14	35	0.00112016	13391	0.419133	FALSE	ORF1ab:cds-YP_009724389.1	GAT	D	TAT	Y	935
NC_045512.2	3068	G	T	13298	6018	50	15	14	35	0.00112016	13391	0.419133	FALSE	ORF1ab:cds-YP_009725295.1	GAT	D	TAT	Y	935
NC_045512.2	3068	G	A	13298	6018	50	78	14	45	0.00582481	13391	1.13576e-22	TRUE	ORF1ab:cds-YP_009724389.1	GAT	D	AAT	N	935
NC_045512.2	3068	G	A	13298	6018	50	78	14	45	0.00582481	13391	1.13576e-22	TRUE	ORF1ab:cds-YP_009725295.1	GAT	D	AAT	N	935
NC_045512.2	3069	A	T	13358	6062	50	5	5	39	0.000373636	13382	0.984475	FALSE	ORF1ab:cds-YP_009724389.1	GAT	D	GTT	V	935
NC_045512.2	3069	A	T	13358	6062	50	5	5	39	0.000373636	13382	0.984475	FALSE	ORF1ab:cds-YP_009725295.1	GAT	D	GTT	V	935
NC_045512.2	3069	A	G	13358	6062	50	18	17	31	0.00134509	13382	0.236112	FALSE	ORF1ab:cds-YP_009724389.1	GAT	D	GGT	G	935
NC_045512.2	3069	A	G	13358	6062	50	18	17	31	0.00134509	13382	0.236112	FALSE	ORF1ab:cds-YP_009725295.1	GAT	D	GGT	G	935
NC_045512.2	3069	A	C	13358	6062	50	1	1	34	7.47272e-05	13382	0.999938	FALSE	ORF1ab:cds-YP_009724389.1	GAT	D	GCT	A	935
NC_045512.2	3069	A	C	13358	6062	50	1	1	34	7.47272e-05	13382	0.999938	FALSE	ORF1ab:cds-YP_009725295.1	GAT	D	GCT	A	935
NC_045512.2	3070	T	G	13323	6094	50	4	4	34	0.00029985	13340	0.993618	FALSE	ORF1ab:cds-YP_009724389.1	GAT	D	GAG	E	935
NC_045512.2	3070	T	G	13323	6094	50	4	4	34	0.00029985	13340	0.993618	FALSE	ORF1ab:cds-YP_009725295.1	GAT	D	GAG	E	935
NC_045512.2	3070	T	C	13323	6094	50	1	1	34	7.49625e-05	13340	0.999939	FALSE	ORF1ab:cds-YP_009724389.1	GAT	D	GAC	D	935
NC_045512.2	3070	T	C	13323	6094	50	1	1	34	7.49625e-05	13340	0.999939	FALSE	ORF1ab:cds-YP_009725295.1	GAT	D	GAC	D	935
NC_045512.2	3070	T	A	13323	6094	50	12	11	38	0.00089955	13340	0.654772	FALSE	ORF1ab:cds-YP_009724389.1	GAT	D	GAA	E	935
NC_045512.2	3070	T	A	13323	6094	50	12	11	38	0.00089955	13340	0.654772	FALSE	ORF1ab:cds-YP_009725295.1	GAT	D	GAA	E	935
NC_045512.2	3071	T	G	13296	6046	50	5	4	34	0.00037577	13306	0.984561	FALSE	ORF1ab:cds-YP_009724389.1	TGT	C	GGT	G	936
NC_045512.2	3071	T	G	13296	6046	50	5	4	34	0.00037577	13306	0.984561	FALSE	ORF1ab:cds-YP_009725295.1	TGT	C	GGT	G	936
NC_045512.2	3071	T	C	13296	6046	50	1	1	68	7.51541e-05	13306	0.49985	FALSE	ORF1ab:cds-YP_009724389.1	TGT	C	CGT	R	936
NC_045512.2	3071	T	C	13296	6046	50	1	1	68	7.51541e-05	13306	0.49985	FALSE	ORF1ab:cds-YP_009725295.1	TGT	C	CGT	R	936
NC_045512.2	3071	T	A	13296	6046	50	4	4	32	0.000300616	13306	0.993637	FALSE	ORF1ab:cds-YP_009724389.1	TGT	C	AGT	S	936
NC_045512.2	3071	T	A	13296	6046	50	4	4	32	0.000300616	13306	0.993637	FALSE	ORF1ab:cds-YP_009725295.1	TGT	C	AGT	S	936
NC_045512.2	3072	G	T	13320	6082	50	14	14	34	0.00104924	13343	0.499372	FALSE	ORF1ab:cds-YP_009724389.1	TGT	C	TTT	F	936
NC_045512.2	3072	G	T	13320	6082	50	14	14	34	0.00104924	13343	0.499372	FALSE	ORF1ab:cds-YP_009725295.1	TGT	C	TTT	F	936
NC_045512.2	3072	G	A	13320	6082	50	9	8	37	0.000674511	13343	0.85644	FALSE	ORF1ab:cds-YP_009724389.1	TGT	C	TAT	Y	936
NC_045512.2	3072	G	A	13320	6082	50	9	8	37	0.000674511	13343	0.85644	FALSE	ORF1ab:cds-YP_009725295.1	TGT	C	TAT	Y	936
NC_045512.2	3073	T	G	13042	5866	50	12	11	33	0.000919258	13054	0.655124	FALSE	ORF1ab:cds-YP_009724389.1	TGT	C	TGG	W	936
NC_045512.2	3073	T	G	13042	5866	50	12	11	33	0.000919258	13054	0.655124	FALSE	ORF1ab:cds-YP_009725295.1	TGT	C	TGG	W	936
NC_045512.2	3073	T	-GAA	13042	5866	50	4	0	20	0.000306419	13054	1	FALSE	NA	NA	NA	NA	NA	NA
NC_045512.2	3074	G	T	13029	5831	50	18	18	34	0.00137952	13048	0.236167	FALSE	ORF1ab:cds-YP_009724389.1	GAA	E	TAA	*	937
NC_045512.2	3074	G	T	13029	5831	50	18	18	34	0.00137952	13048	0.236167	FALSE	ORF1ab:cds-YP_009725295.1	GAA	E	TAA	*	937
NC_045512.2	3074	G	A	13029	5831	50	1	1	34	7.66401e-05	13048	0.999938	FALSE	ORF1ab:cds-YP_009724389.1	GAA	E	AAA	K	937
NC_045512.2	3074	G	A	13029	5831	50	1	1	34	7.66401e-05	13048	0.999938	FALSE	ORF1ab:cds-YP_009725295.1	GAA	E	AAA	K	937
NC_045512.2	3075	A	T	13053	5859	50	6	6	34	0.000458786	13078	0.968001	FALSE	ORF1ab:cds-YP_009724389.1	GAA	E	GTA	V	937
NC_045512.2	3075	A	T	13053	5859	50	6	6	34	0.000458786	13078	0.968001	FALSE	ORF1ab:cds-YP_009725295.1	GAA	E	GTA	V	937
NC_045512.2	3075	A	G	13053	5859	50	19	18	33	0.00145282	13078	0.187867	FALSE	ORF1ab:cds-YP_009724389.1	GAA	E	GGA	G	937
NC_045512.2	3075	A	G	13053	5859	50	19	18	33	0.00145282	13078	0.187867	FALSE	ORF1ab:cds-YP_009725295.1	GAA	E	GGA	G	937
NC_045512.2	3076	A	T	12972	5919	50	8	8	34	0.000616143	12984	0.868245	FALSE	ORF1ab:cds-YP_009724389.1	GAA	E	GAT	D	937
NC_045512.2	3076	A	T	12972	5919	50	8	8	34	0.000616143	12984	0.868245	FALSE	ORF1ab:cds-YP_009725295.1	GAA	E	GAT	D	937
NC_045512.2	3076	A	G	12972	5919	50	4	4	34	0.000308071	12984	0.989337	FALSE	ORF1ab:cds-YP_009724389.1	GAA	E	GAG	E	937
NC_045512.2	3076	A	G	12972	5919	50	4	4	34	0.000308071	12984	0.989337	FALSE	ORF1ab:cds-YP_009725295.1	GAA	E	GAG	E	937
NC_045512.2	3077	G	T	13343	5949	50	2	2	30	0.000149678	13362	0.999509	FALSE	ORF1ab:cds-YP_009724389.1	GAA	E	TAA	*	938
NC_045512.2	3077	G	T	13343	5949	50	2	2	30	0.000149678	13362	0.999509	FALSE	ORF1ab:cds-YP_009725295.1	GAA	E	TAA	*	938
NC_045512.2	3077	G	C	13343	5949	50	2	2	30	0.000149678	13362	0.999509	FALSE	ORF1ab:cds-YP_009724389.1	GAA	E	CAA	Q	938
NC_045512.2	3077	G	C	13343	5949	50	2	2	30	0.000149678	13362	0.999509	FALSE	ORF1ab:cds-YP_009725295.1	GAA	E	CAA	Q	938
NC_045512.2	3077	G	A	13343	5949	50	15	15	34	0.00112259	13362	0.425003	FALSE	ORF1ab:cds-YP_009724389.1	GAA	E	AAA	K	938
NC_045512.2	3077	G	A	13343	5949	50	15	15	34	0.00112259	13362	0.425003	FALSE	ORF1ab:cds-YP_009725295.1	GAA	E	AAA	K	938
NC_045512.2	3078	A	T	13209	6049	49	1	1	34	7.56372e-05	13221	0.999939	FALSE	ORF1ab:cds-YP_009724389.1	GAA	E	GTA	V	938
NC_045512.2	3078	A	T	13209	6049	49	1	1	34	7.56372e-05	13221	0.999939	FALSE	ORF1ab:cds-YP_009725295.1	GAA	E	GTA	V	938
NC_045512.2	3078	A	G	13209	6049	49	9	9	33	0.000680735	13221	0.856881	FALSE	ORF1ab:cds-YP_009724389.1	GAA	E	GGA	G	938
NC_045512.2	3078	A	G	13209	6049	49	9	9	33	0.000680735	13221	0.856881	FALSE	ORF1ab:cds-YP_009725295.1	GAA	E	GGA	G	938
NC_045512.2	3078	A	C	13209	6049	49	2	2	34	0.000151274	13221	0.999511	FALSE	ORF1ab:cds-YP_009724389.1	GAA	E	GCA	A	938
NC_045512.2	3078	A	C	13209	6049	49	2	2	34	0.000151274	13221	0.999511	FALSE	ORF1ab:cds-YP_009725295.1	GAA	E	GCA	A	938
NC_045512.2	3079	A	T	13365	6094	50	2	2	34	0.000149555	13373	0.999512	FALSE	ORF1ab:cds-YP_009724389.1	GAA	E	GAT	D	938
NC_045512.2	3079	A	T	13365	6094	50	2	2	34	0.000149555	13373	0.999512	FALSE	ORF1ab:cds-YP_009725295.1	GAA	E	GAT	D	938
NC_045512.2	3079	A	G	13365	6094	50	5	4	34	0.000373888	13373	0.984573	FALSE	ORF1ab:cds-YP_009724389.1	GAA	E	GAG	E	938
NC_045512.2	3079	A	G	13365	6094	50	5	4	34	0.000373888	13373	0.984573	FALSE	ORF1ab:cds-YP_009725295.1	GAA	E	GAG	E	938
NC_045512.2	3079	A	C	13365	6094	50	1	1	34	7.47775e-05	13373	0.999939	FALSE	ORF1ab:cds-YP_009724389.1	GAA	E	GAC	D	938
NC_045512.2	3079	A	C	13365	6094	50	1	1	34	7.47775e-05	13373	0.999939	FALSE	ORF1ab:cds-YP_009725295.1	GAA	E	GAC	D	938
NC_045512.2	3080	G	T	13399	6067	50	4	4	34	0.000298129	13417	0.993615	FALSE	ORF1ab:cds-YP_009724389.1	GAA	E	TAA	*	939
NC_045512.2	3080	G	T	13399	6067	50	4	4	34	0.000298129	13417	0.993615	FALSE	ORF1ab:cds-YP_009725295.1	GAA	E	TAA	*	939
NC_045512.2	3080	G	A	13399	6067	50	14	14	32	0.00104345	13417	0.499766	FALSE	ORF1ab:cds-YP_009724389.1	GAA	E	AAA	K	939
NC_045512.2	3080	G	A	13399	6067	50	14	14	32	0.00104345	13417	0.499766	FALSE	ORF1ab:cds-YP_009725295.1	GAA	E	AAA	K	939
NC_045512.2	3081	A	T	13140	6075	48	2	2	30	0.000152033	13155	0.99951	FALSE	ORF1ab:cds-YP_009724389.1	GAA	E	GTA	V	939
NC_045512.2	3081	A	T	13140	6075	48	2	2	30	0.000152033	13155	0.99951	FALSE	ORF1ab:cds-YP_009725295.1	GAA	E	GTA	V	939
NC_045512.2	3081	A	G	13140	6075	48	11	11	33	0.000836184	13155	0.729279	FALSE	ORF1ab:cds-YP_009724389.1	GAA	E	GGA	G	939
NC_045512.2	3081	A	G	13140	6075	48	11	11	33	0.000836184	13155	0.729279	FALSE	ORF1ab:cds-YP_009725295.1	GAA	E	GGA	G	939
NC_045512.2	3081	A	C	13140	6075	48	2	1	30	0.000152033	13155	0.99951	FALSE	ORF1ab:cds-YP_009724389.1	GAA	E	GCA	A	939
NC_045512.2	3081	A	C	13140	6075	48	2	1	30	0.000152033	13155	0.99951	FALSE	ORF1ab:cds-YP_009725295.1	GAA	E	GCA	A	939
NC_045512.2	3082	A	T	13411	6105	50	2	2	26	0.000149042	13419	1	FALSE	ORF1ab:cds-YP_009724389.1	GAA	E	GAT	D	939
NC_045512.2	3082	A	T	13411	6105	50	2	2	26	0.000149042	13419	1	FALSE	ORF1ab:cds-YP_009725295.1	GAA	E	GAT	D	939
NC_045512.2	3082	A	G	13411	6105	50	5	5	36	0.000372606	13419	0.984573	FALSE	ORF1ab:cds-YP_009724389.1	GAA	E	GAG	E	939
NC_045512.2	3082	A	G	13411	6105	50	5	5	36	0.000372606	13419	0.984573	FALSE	ORF1ab:cds-YP_009725295.1	GAA	E	GAG	E	939
NC_045512.2	3082	A	C	13411	6105	50	1	1	34	7.45212e-05	13419	0.999939	FALSE	ORF1ab:cds-YP_009724389.1	GAA	E	GAC	D	939
NC_045512.2	3082	A	C	13411	6105	50	1	1	34	7.45212e-05	13419	0.999939	FALSE	ORF1ab:cds-YP_009725295.1	GAA	E	GAC	D	939
NC_045512.2	3083	G	T	13505	6273	49	3	2	34	0.000221844	13523	0.997901	FALSE	ORF1ab:cds-YP_009724389.1	GAG	E	TAG	*	940
NC_045512.2	3083	G	T	13505	6273	49	3	2	34	0.000221844	13523	0.997901	FALSE	ORF1ab:cds-YP_009725295.1	GAG	E	TAG	*	940
NC_045512.2	3083	G	A	13505	6273	49	15	15	30	0.00110922	13523	0.425083	FALSE	ORF1ab:cds-YP_009724389.1	GAG	E	AAG	K	940
NC_045512.2	3083	G	A	13505	6273	49	15	15	30	0.00110922	13523	0.425083	FALSE	ORF1ab:cds-YP_009725295.1	GAG	E	AAG	K	940
NC_045512.2	3084	A	G	13326	6357	48	12	12	33	0.00089955	13340	0.654981	FALSE	ORF1ab:cds-YP_009724389.1	GAG	E	GGG	G	940
NC_045512.2	3084	A	G	13326	6357	48	12	12	33	0.00089955	13340	0.654981	FALSE	ORF1ab:cds-YP_009725295.1	GAG	E	GGG	G	940
NC_045512.2	3084	A	C	13326	6357	48	2	2	34	0.000149925	13340	0.999511	FALSE	ORF1ab:cds-YP_009724389.1	GAG	E	GCG	A	940
NC_045512.2	3084	A	C	13326	6357	48	2	2	34	0.000149925	13340	0.999511	FALSE	ORF1ab:cds-YP_009725295.1	GAG	E	GCG	A	940
NC_045512.2	3085	G	T	13755	6372	49	1	0	34	7.25795e-05	13778	0.999939	FALSE	ORF1ab:cds-YP_009724389.1	GAG	E	GAT	D	940
NC_045512.2	3085	G	T	13755	6372	49	1	0	34	7.25795e-05	13778	0.999939	FALSE	ORF1ab:cds-YP_009725295.1	GAG	E	GAT	D	940
NC_045512.2	3085	G	C	13755	6372	49	2	2	34	0.000145159	13778	0.999508	FALSE	ORF1ab:cds-YP_009724389.1	GAG	E	GAC	D	940
NC_045512.2	3085	G	C	13755	6372	49	2	2	34	0.000145159	13778	0.999508	FALSE	ORF1ab:cds-YP_009725295.1	GAG	E	GAC	D	940
NC_045512.2	3085	G	A	13755	6372	49	20	20	33	0.00145159	13778	0.147861	FALSE	ORF1ab:cds-YP_009724389.1	GAG	E	GAA	E	940
NC_045512.2	3085	G	A	13755	6372	49	20	20	33	0.00145159	13778	0.147861	FALSE	ORF1ab:cds-YP_009725295.1	GAG	E	GAA	E	940
NC_045512.2	3086	T	G	12201	4894	43	21	20	32	0.00171737	12228	0.0810587	FALSE	ORF1ab:cds-YP_009724389.1	TTT	F	GTT	V	941
NC_045512.2	3086	T	G	12201	4894	43	21	20	32	0.00171737	12228	0.0810587	FALSE	ORF1ab:cds-YP_009725295.1	TTT	F	GTT	V	941
NC_045512.2	3086	T	C	12201	4894	43	2	2	34	0.000163559	12228	0.999076	FALSE	ORF1ab:cds-YP_009724389.1	TTT	F	CTT	L	941
NC_045512.2	3086	T	C	12201	4894	43	2	2	34	0.000163559	12228	0.999076	FALSE	ORF1ab:cds-YP_009725295.1	TTT	F	CTT	L	941
NC_045512.2	3086	T	A	12201	4894	43	4	4	34	0.000327118	12228	0.989285	FALSE	ORF1ab:cds-YP_009724389.1	TTT	F	ATT	I	941
NC_045512.2	3086	T	A	12201	4894	43	4	4	34	0.000327118	12228	0.989285	FALSE	ORF1ab:cds-YP_009725295.1	TTT	F	ATT	I	941
NC_045512.2	3087	T	G	13391	6138	49	6	5	34	0.000447527	13407	0.968158	FALSE	ORF1ab:cds-YP_009724389.1	TTT	F	TGT	C	941
NC_045512.2	3087	T	G	13391	6138	49	6	5	34	0.000447527	13407	0.968158	FALSE	ORF1ab:cds-YP_009725295.1	TTT	F	TGT	C	941
NC_045512.2	3087	T	C	13391	6138	49	2	2	34	0.000149176	13407	0.99951	FALSE	ORF1ab:cds-YP_009724389.1	TTT	F	TCT	S	941
NC_045512.2	3087	T	C	13391	6138	49	2	2	34	0.000149176	13407	0.99951	FALSE	ORF1ab:cds-YP_009725295.1	TTT	F	TCT	S	941
NC_045512.2	3087	T	A	13391	6138	49	8	8	34	0.000596703	13407	0.905261	FALSE	ORF1ab:cds-YP_009724389.1	TTT	F	TAT	Y	941
NC_045512.2	3087	T	A	13391	6138	49	8	8	34	0.000596703	13407	0.905261	FALSE	ORF1ab:cds-YP_009725295.1	TTT	F	TAT	Y	941
NC_045512.2	3088	T	G	13367	6165	48	8	8	33	0.000598131	13375	0.905493	FALSE	ORF1ab:cds-YP_009724389.1	TTT	F	TTG	L	941
NC_045512.2	3088	T	G	13367	6165	48	8	8	33	0.000598131	13375	0.905493	FALSE	ORF1ab:cds-YP_009725295.1	TTT	F	TTG	L	941
NC_045512.2	3089	G	T	13351	6132	49	22	22	32	0.00164486	13375	0.0875559	FALSE	ORF1ab:cds-YP_009724389.1	GAG	E	TAG	*	942
NC_045512.2	3089	G	T	13351	6132	49	22	22	32	0.00164486	13375	0.0875559	FALSE	ORF1ab:cds-YP_009725295.1	GAG	E	TAG	*	942
NC_045512.2	3089	G	C	13351	6132	49	2	2	34	0.000149533	13375	0.999508	FALSE	ORF1ab:cds-YP_009724389.1	GAG	E	CAG	Q	942
NC_045512.2	3089	G	C	13351	6132	49	2	2	34	0.000149533	13375	0.999508	FALSE	ORF1ab:cds-YP_009725295.1	GAG	E	CAG	Q	942
NC_045512.2	3090	A	T	13365	6292	49	12	12	34	0.00089599	13393	0.654007	FALSE	ORF1ab:cds-YP_009724389.1	GAG	E	GTG	V	942
NC_045512.2	3090	A	T	13365	6292	49	12	12	34	0.00089599	13393	0.654007	FALSE	ORF1ab:cds-YP_009725295.1	GAG	E	GTG	V	942
NC_045512.2	3090	A	G	13365	6292	49	15	13	33	0.00111999	13393	0.4243	FALSE	ORF1ab:cds-YP_009724389.1	GAG	E	GGG	G	942
NC_045512.2	3090	A	G	13365	6292	49	15	13	33	0.00111999	13393	0.4243	FALSE	ORF1ab:cds-YP_009725295.1	GAG	E	GGG	G	942
NC_045512.2	3090	A	C	13365	6292	49	1	1	34	7.46659e-05	13393	0.999938	FALSE	ORF1ab:cds-YP_009724389.1	GAG	E	GCG	A	942
NC_045512.2	3090	A	C	13365	6292	49	1	1	34	7.46659e-05	13393	0.999938	FALSE	ORF1ab:cds-YP_009725295.1	GAG	E	GCG	A	942
NC_045512.2	3091	G	T	13392	6256	48	8	8	34	0.000596303	13416	0.905028	FALSE	ORF1ab:cds-YP_009724389.1	GAG	E	GAT	D	942
NC_045512.2	3091	G	T	13392	6256	48	8	8	34	0.000596303	13416	0.905028	FALSE	ORF1ab:cds-YP_009725295.1	GAG	E	GAT	D	942
NC_045512.2	3091	G	C	13392	6256	48	2	2	30	0.000149076	13416	0.999508	FALSE	ORF1ab:cds-YP_009724389.1	GAG	E	GAC	D	942
NC_045512.2	3091	G	C	13392	6256	48	2	2	30	0.000149076	13416	0.999508	FALSE	ORF1ab:cds-YP_009725295.1	GAG	E	GAC	D	942
NC_045512.2	3091	G	A	13392	6256	48	14	14	32	0.00104353	13416	0.499298	FALSE	ORF1ab:cds-YP_009724389.1	GAG	E	GAA	E	942
NC_045512.2	3091	G	A	13392	6256	48	14	14	32	0.00104353	13416	0.499298	FALSE	ORF1ab:cds-YP_009725295.1	GAG	E	GAA	E	942
NC_045512.2	3092	C	T	13278	6280	49	1	1	34	7.51541e-05	13306	0.999938	FALSE	ORF1ab:cds-YP_009724389.1	CCA	P	TCA	S	943
NC_045512.2	3092	C	T	13278	6280	49	1	1	34	7.51541e-05	13306	0.999938	FALSE	ORF1ab:cds-YP_009725295.1	CCA	P	TCA	S	943
NC_045512.2	3092	C	G	13278	6280	49	20	20	33	0.00150308	13306	0.147602	FALSE	ORF1ab:cds-YP_009724389.1	CCA	P	GCA	A	943
NC_045512.2	3092	C	G	13278	6280	49	20	20	33	0.00150308	13306	0.147602	FALSE	ORF1ab:cds-YP_009725295.1	CCA	P	GCA	A	943
NC_045512.2	3092	C	A	13278	6280	49	7	7	32	0.000526078	13306	0.942019	FALSE	ORF1ab:cds-YP_009724389.1	CCA	P	ACA	T	943
NC_045512.2	3092	C	A	13278	6280	49	7	7	32	0.000526078	13306	0.942019	FALSE	ORF1ab:cds-YP_009725295.1	CCA	P	ACA	T	943
NC_045512.2	3093	C	T	13267	6174	49	1	1	34	7.52899e-05	13282	0.999939	FALSE	ORF1ab:cds-YP_009724389.1	CCA	P	CTA	L	943
NC_045512.2	3093	C	T	13267	6174	49	1	1	34	7.52899e-05	13282	0.999939	FALSE	ORF1ab:cds-YP_009725295.1	CCA	P	CTA	L	943
NC_045512.2	3093	C	G	13267	6174	49	5	5	34	0.000376449	13282	0.98453	FALSE	ORF1ab:cds-YP_009724389.1	CCA	P	CGA	R	943
NC_045512.2	3093	C	G	13267	6174	49	5	5	34	0.000376449	13282	0.98453	FALSE	ORF1ab:cds-YP_009725295.1	CCA	P	CGA	R	943
NC_045512.2	3093	C	A	13267	6174	49	9	9	34	0.000677609	13282	0.85676	FALSE	ORF1ab:cds-YP_009724389.1	CCA	P	CAA	Q	943
NC_045512.2	3093	C	A	13267	6174	49	9	9	34	0.000677609	13282	0.85676	FALSE	ORF1ab:cds-YP_009725295.1	CCA	P	CAA	Q	943
NC_045512.2	3093	C	+A	13267	6174	49	1	0	20	7.52899e-05	13282	1	FALSE	NA	NA	NA	NA	NA	NA
NC_045512.2	3094	A	T	13236	6185	49	3	3	42	0.000226125	13267	0.311722	FALSE	ORF1ab:cds-YP_009724389.1	CCA	P	CCT	P	943
NC_045512.2	3094	A	T	13236	6185	49	3	3	42	0.000226125	13267	0.311722	FALSE	ORF1ab:cds-YP_009725295.1	CCA	P	CCT	P	943
NC_045512.2	3094	A	G	13236	6185	49	10	10	33	0.00075375	13267	0.796636	FALSE	ORF1ab:cds-YP_009724389.1	CCA	P	CCG	P	943
NC_045512.2	3094	A	G	13236	6185	49	10	10	33	0.00075375	13267	0.796636	FALSE	ORF1ab:cds-YP_009725295.1	CCA	P	CCG	P	943
NC_045512.2	3094	A	C	13236	6185	49	18	17	31	0.00135675	13267	0.235653	FALSE	ORF1ab:cds-YP_009724389.1	CCA	P	CCC	P	943
NC_045512.2	3094	A	C	13236	6185	49	18	17	31	0.00135675	13267	0.235653	FALSE	ORF1ab:cds-YP_009725295.1	CCA	P	CCC	P	943
NC_045512.2	3095	T	C	13214	6205	49	13	13	32	0.000981947	13239	0.576691	FALSE	ORF1ab:cds-YP_009724389.1	TCA	S	CCA	P	944
NC_045512.2	3095	T	C	13214	6205	49	13	13	32	0.000981947	13239	0.576691	FALSE	ORF1ab:cds-YP_009725295.1	TCA	S	CCA	P	944
NC_045512.2	3095	T	A	13214	6205	49	12	12	34	0.000906413	13239	0.654207	FALSE	ORF1ab:cds-YP_009724389.1	TCA	S	ACA	T	944
NC_045512.2	3095	T	A	13214	6205	49	12	12	34	0.000906413	13239	0.654207	FALSE	ORF1ab:cds-YP_009725295.1	TCA	S	ACA	T	944
NC_045512.2	3096	C	T	13236	6282	49	12	12	32	0.000905182	13257	0.654489	FALSE	ORF1ab:cds-YP_009724389.1	TCA	S	TTA	L	944
NC_045512.2	3096	C	T	13236	6282	49	12	12	32	0.000905182	13257	0.654489	FALSE	ORF1ab:cds-YP_009725295.1	TCA	S	TTA	L	944
NC_045512.2	3096	C	G	13236	6282	49	2	2	30	0.000150864	13257	0.999509	FALSE	ORF1ab:cds-YP_009724389.1	TCA	S	TGA	*	944
NC_045512.2	3096	C	G	13236	6282	49	2	2	30	0.000150864	13257	0.999509	FALSE	ORF1ab:cds-YP_009725295.1	TCA	S	TGA	*	944
NC_045512.2	3096	C	A	13236	6282	49	7	7	34	0.000528023	13257	0.942155	FALSE	ORF1ab:cds-YP_009724389.1	TCA	S	TAA	*	944
NC_045512.2	3096	C	A	13236	6282	49	7	7	34	0.000528023	13257	0.942155	FALSE	ORF1ab:cds-YP_009725295.1	TCA	S	TAA	*	944
NC_045512.2	3097	A	T	13211	6265	49	6	6	34	0.00045348	13231	0.96811	FALSE	ORF1ab:cds-YP_009724389.1	TCA	S	TCT	S	944
NC_045512.2	3097	A	T	13211	6265	49	6	6	34	0.00045348	13231	0.96811	FALSE	ORF1ab:cds-YP_009725295.1	TCA	S	TCT	S	944
NC_045512.2	3097	A	G	13211	6265	49	3	2	31	0.00022674	13231	0.997899	FALSE	ORF1ab:cds-YP_009724389.1	TCA	S	TCG	S	944
NC_045512.2	3097	A	G	13211	6265	49	3	2	31	0.00022674	13231	0.997899	FALSE	ORF1ab:cds-YP_009725295.1	TCA	S	TCG	S	944
NC_045512.2	3097	A	C	13211	6265	49	11	11	34	0.000831381	13231	0.728969	FALSE	ORF1ab:cds-YP_009724389.1	TCA	S	TCC	S	944
NC_045512.2	3097	A	C	13211	6265	49	11	11	34	0.000831381	13231	0.728969	FALSE	ORF1ab:cds-YP_009725295.1	TCA	S	TCC	S	944
NC_045512.2	3098	A	T	12669	6306	46	9	8	33	0.000709388	12687	0.808046	FALSE	ORF1ab:cds-YP_009724389.1	ACT	T	TCT	S	945
NC_045512.2	3098	A	T	12669	6306	46	9	8	33	0.000709388	12687	0.808046	FALSE	ORF1ab:cds-YP_009725295.1	ACT	T	TCT	S	945
NC_045512.2	3098	A	G	12669	6306	46	3	2	31	0.000236463	12687	0.996293	FALSE	ORF1ab:cds-YP_009724389.1	ACT	T	GCT	A	945
NC_045512.2	3098	A	G	12669	6306	46	3	2	31	0.000236463	12687	0.996293	FALSE	ORF1ab:cds-YP_009725295.1	ACT	T	GCT	A	945
NC_045512.2	3098	A	C	12669	6306	46	6	6	32	0.000472925	12687	0.951748	FALSE	ORF1ab:cds-YP_009724389.1	ACT	T	CCT	P	945
NC_045512.2	3098	A	C	12669	6306	46	6	6	32	0.000472925	12687	0.951748	FALSE	ORF1ab:cds-YP_009725295.1	ACT	T	CCT	P	945
NC_045512.2	3099	C	T	13514	6326	49	2	2	51	0.000147743	13537	0.249621	FALSE	ORF1ab:cds-YP_009724389.1	ACT	T	ATT	I	945
NC_045512.2	3099	C	T	13514	6326	49	2	2	51	0.000147743	13537	0.249621	FALSE	ORF1ab:cds-YP_009725295.1	ACT	T	ATT	I	945
NC_045512.2	3099	C	G	13514	6326	49	3	1	34	0.000221615	13537	0.997897	FALSE	ORF1ab:cds-YP_009724389.1	ACT	T	AGT	S	945
NC_045512.2	3099	C	G	13514	6326	49	3	1	34	0.000221615	13537	0.997897	FALSE	ORF1ab:cds-YP_009725295.1	ACT	T	AGT	S	945
NC_045512.2	3099	C	A	13514	6326	49	18	18	35	0.00132969	13537	0.236182	FALSE	ORF1ab:cds-YP_009724389.1	ACT	T	AAT	N	945
NC_045512.2	3099	C	A	13514	6326	49	18	18	35	0.00132969	13537	0.236182	FALSE	ORF1ab:cds-YP_009725295.1	ACT	T	AAT	N	945
NC_045512.2	3100	T	G	13448	6254	49	2	1	34	0.000148434	13474	0.999508	FALSE	ORF1ab:cds-YP_009724389.1	ACT	T	ACG	T	945
NC_045512.2	3100	T	G	13448	6254	49	2	1	34	0.000148434	13474	0.999508	FALSE	ORF1ab:cds-YP_009725295.1	ACT	T	ACG	T	945
NC_045512.2	3100	T	C	13448	6254	49	11	11	37	0.000816387	13474	0.728611	FALSE	ORF1ab:cds-YP_009724389.1	ACT	T	ACC	T	945
NC_045512.2	3100	T	C	13448	6254	49	11	11	37	0.000816387	13474	0.728611	FALSE	ORF1ab:cds-YP_009725295.1	ACT	T	ACC	T	945
NC_045512.2	3100	T	A	13448	6254	49	13	13	32	0.000964821	13474	0.57663	FALSE	ORF1ab:cds-YP_009724389.1	ACT	T	ACA	T	945
NC_045512.2	3100	T	A	13448	6254	49	13	13	32	0.000964821	13474	0.57663	FALSE	ORF1ab:cds-YP_009725295.1	ACT	T	ACA	T	945
NC_045512.2	3101	C	T	13889	6395	49	12	11	34	0.000862441	13914	0.654245	FALSE	ORF1ab:cds-YP_009724389.1	CAA	Q	TAA	*	946
NC_045512.2	3101	C	T	13889	6395	49	12	11	34	0.000862441	13914	0.654245	FALSE	ORF1ab:cds-YP_009725295.1	CAA	Q	TAA	*	946
NC_045512.2	3101	C	G	13889	6395	49	2	2	30	0.00014374	13914	0.999508	FALSE	ORF1ab:cds-YP_009724389.1	CAA	Q	GAA	E	946
NC_045512.2	3101	C	G	13889	6395	49	2	2	30	0.00014374	13914	0.999508	FALSE	ORF1ab:cds-YP_009725295.1	CAA	Q	GAA	E	946
NC_045512.2	3101	C	A	13889	6395	49	11	10	34	0.000790571	13914	0.728695	FALSE	ORF1ab:cds-YP_009724389.1	CAA	Q	AAA	K	946
NC_045512.2	3101	C	A	13889	6395	49	11	10	34	0.000790571	13914	0.728695	FALSE	ORF1ab:cds-YP_009725295.1	CAA	Q	AAA	K	946
NC_045512.2	3102	A	T	13610	6261	48	6	6	31	0.000439818	13642	0.967976	FALSE	ORF1ab:cds-YP_009724389.1	CAA	Q	CTA	L	946
NC_045512.2	3102	A	T	13610	6261	48	6	6	31	0.000439818	13642	0.967976	FALSE	ORF1ab:cds-YP_009725295.1	CAA	Q	CTA	L	946
NC_045512.2	3102	A	G	13610	6261	48	2	0	51	0.000146606	13642	0.249459	FALSE	ORF1ab:cds-YP_009724389.1	CAA	Q	CGA	R	946
NC_045512.2	3102	A	G	13610	6261	48	2	0	51	0.000146606	13642	0.249459	FALSE	ORF1ab:cds-YP_009725295.1	CAA	Q	CGA	R	946
NC_045512.2	3102	A	C	13610	6261	48	24	20	31	0.00175927	13642	0.0491626	FALSE	ORF1ab:cds-YP_009724389.1	CAA	Q	CCA	P	946
NC_045512.2	3102	A	C	13610	6261	48	24	20	31	0.00175927	13642	0.0491626	FALSE	ORF1ab:cds-YP_009725295.1	CAA	Q	CCA	P	946
NC_045512.2	3103	A	T	13898	6549	48	8	8	34	0.000574795	13918	0.905153	FALSE	ORF1ab:cds-YP_009724389.1	CAA	Q	CAT	H	946
NC_045512.2	3103	A	T	13898	6549	48	8	8	34	0.000574795	13918	0.905153	FALSE	ORF1ab:cds-YP_009725295.1	CAA	Q	CAT	H	946
NC_045512.2	3103	A	G	13898	6549	48	6	3	32	0.000431096	13918	0.968115	FALSE	ORF1ab:cds-YP_009724389.1	CAA	Q	CAG	Q	946
NC_045512.2	3103	A	G	13898	6549	48	6	3	32	0.000431096	13918	0.968115	FALSE	ORF1ab:cds-YP_009725295.1	CAA	Q	CAG	Q	946
NC_045512.2	3103	A	C	13898	6549	48	6	6	34	0.000431096	13918	0.968115	FALSE	ORF1ab:cds-YP_009724389.1	CAA	Q	CAC	H	946
NC_045512.2	3103	A	C	13898	6549	48	6	6	34	0.000431096	13918	0.968115	FALSE	ORF1ab:cds-YP_009725295.1	CAA	Q	CAC	H	946
NC_045512.2	3104	T	G	13975	6575	48	3	2	31	0.000214225	14004	0.998814	FALSE	ORF1ab:cds-YP_009724389.1	TAT	Y	GAT	D	947
NC_045512.2	3104	T	G	13975	6575	48	3	2	31	0.000214225	14004	0.998814	FALSE	ORF1ab:cds-YP_009725295.1	TAT	Y	GAT	D	947
NC_045512.2	3104	T	C	13975	6575	48	9	9	32	0.000642674	14004	0.894478	FALSE	ORF1ab:cds-YP_009724389.1	TAT	Y	CAT	H	947
NC_045512.2	3104	T	C	13975	6575	48	9	9	32	0.000642674	14004	0.894478	FALSE	ORF1ab:cds-YP_009725295.1	TAT	Y	CAT	H	947
NC_045512.2	3104	T	A	13975	6575	48	17	17	33	0.00121394	14004	0.35915	FALSE	ORF1ab:cds-YP_009724389.1	TAT	Y	AAT	N	947
NC_045512.2	3104	T	A	13975	6575	48	17	17	33	0.00121394	14004	0.35915	FALSE	ORF1ab:cds-YP_009725295.1	TAT	Y	AAT	N	947
NC_045512.2	3105	A	T	13825	6581	48	10	10	30	0.000722648	13838	0.797564	FALSE	ORF1ab:cds-YP_009724389.1	TAT	Y	TTT	F	947
NC_045512.2	3105	A	T	13825	6581	48	10	10	30	0.000722648	13838	0.797564	FALSE	ORF1ab:cds-YP_009725295.1	TAT	Y	TTT	F	947
NC_045512.2	3105	A	G	13825	6581	48	2	1	26	0.00014453	13838	1	FALSE	ORF1ab:cds-YP_009724389.1	TAT	Y	TGT	C	947
NC_045512.2	3105	A	G	13825	6581	48	2	1	26	0.00014453	13838	1	FALSE	ORF1ab:cds-YP_009725295.1	TAT	Y	TGT	C	947
NC_045512.2	3105	A	C	13825	6581	48	1	1	34	7.22648e-05	13838	0.999939	FALSE	ORF1ab:cds-YP_009724389.1	TAT	Y	TCT	S	947
NC_045512.2	3105	A	C	13825	6581	48	1	1	34	7.22648e-05	13838	0.999939	FALSE	ORF1ab:cds-YP_009725295.1	TAT	Y	TCT	S	947
NC_045512.2	3106	T	G	13959	6576	48	1	1	34	7.15308e-05	13980	0.999939	FALSE	ORF1ab:cds-YP_009724389.1	TAT	Y	TAG	*	947
NC_045512.2	3106	T	G	13959	6576	48	1	1	34	7.15308e-05	13980	0.999939	FALSE	ORF1ab:cds-YP_009725295.1	TAT	Y	TAG	*	947
NC_045512.2	3106	T	A	13959	6576	48	20	20	33	0.00143062	13980	0.14796	FALSE	ORF1ab:cds-YP_009724389.1	TAT	Y	TAA	*	947
NC_045512.2	3106	T	A	13959	6576	48	20	20	33	0.00143062	13980	0.14796	FALSE	ORF1ab:cds-YP_009725295.1	TAT	Y	TAA	*	947
NC_045512.2	3107	G	T	14239	6523	48	17	17	33	0.00119198	14262	0.359608	FALSE	ORF1ab:cds-YP_009724389.1	GAG	E	TAG	*	948
NC_045512.2	3107	G	T	14239	6523	48	17	17	33	0.00119198	14262	0.359608	FALSE	ORF1ab:cds-YP_009725295.1	GAG	E	TAG	*	948
NC_045512.2	3107	G	A	14239	6523	48	6	6	32	0.000420698	14262	0.979216	FALSE	ORF1ab:cds-YP_009724389.1	GAG	E	AAG	K	948
NC_045512.2	3107	G	A	14239	6523	48	6	6	32	0.000420698	14262	0.979216	FALSE	ORF1ab:cds-YP_009725295.1	GAG	E	AAG	K	948
NC_045512.2	3108	A	T	14095	6426	48	6	6	32	0.00042505	14116	0.97923	FALSE	ORF1ab:cds-YP_009724389.1	GAG	E	GTG	V	948
NC_045512.2	3108	A	T	14095	6426	48	6	6	32	0.00042505	14116	0.97923	FALSE	ORF1ab:cds-YP_009725295.1	GAG	E	GTG	V	948
NC_045512.2	3108	A	G	14095	6426	48	14	13	37	0.000991782	14116	0.574315	FALSE	ORF1ab:cds-YP_009724389.1	GAG	E	GGG	G	948
NC_045512.2	3108	A	G	14095	6426	48	14	13	37	0.000991782	14116	0.574315	FALSE	ORF1ab:cds-YP_009725295.1	GAG	E	GGG	G	948
NC_045512.2	3108	A	C	14095	6426	48	1	1	34	7.08416e-05	14116	0.999969	FALSE	ORF1ab:cds-YP_009724389.1	GAG	E	GCG	A	948
NC_045512.2	3108	A	C	14095	6426	48	1	1	34	7.08416e-05	14116	0.999969	FALSE	ORF1ab:cds-YP_009725295.1	GAG	E	GCG	A	948
NC_045512.2	3109	G	T	14834	6488	48	7	7	37	0.000471254	14854	0.960718	FALSE	ORF1ab:cds-YP_009724389.1	GAG	E	GAT	D	948
NC_045512.2	3109	G	T	14834	6488	48	7	7	37	0.000471254	14854	0.960718	FALSE	ORF1ab:cds-YP_009725295.1	GAG	E	GAT	D	948
NC_045512.2	3109	G	A	14834	6488	48	13	11	36	0.000875185	14854	0.649119	FALSE	ORF1ab:cds-YP_009724389.1	GAG	E	GAA	E	948
NC_045512.2	3109	G	A	14834	6488	48	13	11	36	0.000875185	14854	0.649119	FALSE	ORF1ab:cds-YP_009725295.1	GAG	E	GAA	E	948
NC_045512.2	3110	T	G	14324	6159	48	21	21	32	0.00146341	14350	0.154906	FALSE	ORF1ab:cds-YP_009724389.1	TAT	Y	GAT	D	949
NC_045512.2	3110	T	G	14324	6159	48	21	21	32	0.00146341	14350	0.154906	FALSE	ORF1ab:cds-YP_009725295.1	TAT	Y	GAT	D	949
NC_045512.2	3110	T	A	14324	6159	48	5	5	34	0.000348432	14350	0.990336	FALSE	ORF1ab:cds-YP_009724389.1	TAT	Y	AAT	N	949
NC_045512.2	3110	T	A	14324	6159	48	5	5	34	0.000348432	14350	0.990336	FALSE	ORF1ab:cds-YP_009725295.1	TAT	Y	AAT	N	949
NC_045512.2	3111	A	T	14420	6360	48	10	10	34	0.000692713	14436	0.846171	FALSE	ORF1ab:cds-YP_009724389.1	TAT	Y	TTT	F	949
NC_045512.2	3111	A	T	14420	6360	48	10	10	34	0.000692713	14436	0.846171	FALSE	ORF1ab:cds-YP_009725295.1	TAT	Y	TTT	F	949
NC_045512.2	3111	A	G	14420	6360	48	6	6	31	0.000415628	14436	0.979271	FALSE	ORF1ab:cds-YP_009724389.1	TAT	Y	TGT	C	949
NC_045512.2	3111	A	G	14420	6360	48	6	6	31	0.000415628	14436	0.979271	FALSE	ORF1ab:cds-YP_009725295.1	TAT	Y	TGT	C	949
NC_045512.2	3112	T	G	14274	6244	48	10	9	33	0.000699545	14295	0.845965	FALSE	ORF1ab:cds-YP_009724389.1	TAT	Y	TAG	*	949
NC_045512.2	3112	T	G	14274	6244	48	10	9	33	0.000699545	14295	0.845965	FALSE	ORF1ab:cds-YP_009725295.1	TAT	Y	TAG	*	949
NC_045512.2	3112	T	A	14274	6244	48	11	11	33	0.0007695	14295	0.787464	FALSE	ORF1ab:cds-YP_009724389.1	TAT	Y	TAA	*	949
NC_045512.2	3112	T	A	14274	6244	48	11	11	33	0.0007695	14295	0.787464	FALSE	ORF1ab:cds-YP_009725295.1	TAT	Y	TAA	*	949
NC_045512.2	3113	G	T	14154	6301	47	18	18	33	0.0012693	14181	0.297645	FALSE	ORF1ab:cds-YP_009724389.1	GGT	G	TGT	C	950
NC_045512.2	3113	G	T	14154	6301	47	18	18	33	0.0012693	14181	0.297645	FALSE	ORF1ab:cds-YP_009725295.1	GGT	G	TGT	C	950
NC_045512.2	3113	G	C	14154	6301	47	2	2	30	0.000141034	14181	0.999738	FALSE	ORF1ab:cds-YP_009724389.1	GGT	G	CGT	R	950
NC_045512.2	3113	G	C	14154	6301	47	2	2	30	0.000141034	14181	0.999738	FALSE	ORF1ab:cds-YP_009725295.1	GGT	G	CGT	R	950
NC_045512.2	3113	G	A	14154	6301	47	7	6	38	0.000493618	14181	0.960617	FALSE	ORF1ab:cds-YP_009724389.1	GGT	G	AGT	S	950
NC_045512.2	3113	G	A	14154	6301	47	7	6	38	0.000493618	14181	0.960617	FALSE	ORF1ab:cds-YP_009725295.1	GGT	G	AGT	S	950
NC_045512.2	3114	G	T	14872	6440	47	7	7	34	0.000470177	14888	0.960771	FALSE	ORF1ab:cds-YP_009724389.1	GGT	G	GTT	V	950
NC_045512.2	3114	G	T	14872	6440	47	7	7	34	0.000470177	14888	0.960771	FALSE	ORF1ab:cds-YP_009725295.1	GGT	G	GTT	V	950
NC_045512.2	3114	G	A	14872	6440	47	9	9	31	0.000604514	14888	0.894892	FALSE	ORF1ab:cds-YP_009724389.1	GGT	G	GAT	D	950
NC_045512.2	3114	G	A	14872	6440	47	9	9	31	0.000604514	14888	0.894892	FALSE	ORF1ab:cds-YP_009725295.1	GGT	G	GAT	D	950
NC_045512.2	3115	T	G	14996	6516	47	16	16	32	0.00106567	15014	0.499925	FALSE	ORF1ab:cds-YP_009724389.1	GGT	G	GGG	G	950
NC_045512.2	3115	T	G	14996	6516	47	16	16	32	0.00106567	15014	0.499925	FALSE	ORF1ab:cds-YP_009725295.1	GGT	G	GGG	G	950
NC_045512.2	3115	T	C	14996	6516	47	1	0	26	6.66045e-05	15014	1	FALSE	ORF1ab:cds-YP_009724389.1	GGT	G	GGC	G	950
NC_045512.2	3115	T	C	14996	6516	47	1	0	26	6.66045e-05	15014	1	FALSE	ORF1ab:cds-YP_009725295.1	GGT	G	GGC	G	950
NC_045512.2	3115	T	A	14996	6516	47	1	1	26	6.66045e-05	15014	1	FALSE	ORF1ab:cds-YP_009724389.1	GGT	G	GGA	G	950
NC_045512.2	3115	T	A	14996	6516	47	1	1	26	6.66045e-05	15014	1	FALSE	ORF1ab:cds-YP_009725295.1	GGT	G	GGA	G	950
NC_045512.2	3116	A	T	14461	6420	46	11	11	34	0.000759092	14491	0.787013	FALSE	ORF1ab:cds-YP_009724389.1	ACT	T	TCT	S	951
NC_045512.2	3116	A	T	14461	6420	46	11	11	34	0.000759092	14491	0.787013	FALSE	ORF1ab:cds-YP_009725295.1	ACT	T	TCT	S	951
NC_045512.2	3116	A	G	14461	6420	46	19	16	34	0.00131116	14491	0.242675	FALSE	ORF1ab:cds-YP_009724389.1	ACT	T	GCT	A	951
NC_045512.2	3116	A	G	14461	6420	46	19	16	34	0.00131116	14491	0.242675	FALSE	ORF1ab:cds-YP_009725295.1	ACT	T	GCT	A	951
NC_045512.2	3117	C	T	14473	6723	47	6	6	34	0.000413765	14501	0.979179	FALSE	ORF1ab:cds-YP_009724389.1	ACT	T	ATT	I	951
NC_045512.2	3117	C	T	14473	6723	47	6	6	34	0.000413765	14501	0.979179	FALSE	ORF1ab:cds-YP_009725295.1	ACT	T	ATT	I	951
NC_045512.2	3117	C	G	14473	6723	47	9	9	33	0.000620647	14501	0.894526	FALSE	ORF1ab:cds-YP_009724389.1	ACT	T	AGT	S	951
NC_045512.2	3117	C	G	14473	6723	47	9	9	33	0.000620647	14501	0.894526	FALSE	ORF1ab:cds-YP_009725295.1	ACT	T	AGT	S	951
NC_045512.2	3117	C	A	14473	6723	47	13	11	32	0.00089649	14501	0.648574	FALSE	ORF1ab:cds-YP_009724389.1	ACT	T	AAT	N	951
NC_045512.2	3117	C	A	14473	6723	47	13	11	32	0.00089649	14501	0.648574	FALSE	ORF1ab:cds-YP_009725295.1	ACT	T	AAT	N	951
NC_045512.2	3118	T	G	13781	6147	47	1	0	27	7.24848e-05	13796	1	FALSE	ORF1ab:cds-YP_009724389.1	ACT	T	ACG	T	951
NC_045512.2	3118	T	G	13781	6147	47	1	0	27	7.24848e-05	13796	1	FALSE	ORF1ab:cds-YP_009725295.1	ACT	T	ACG	T	951
NC_045512.2	3118	T	C	13781	6147	47	10	9	34	0.000724848	13796	0.797465	FALSE	ORF1ab:cds-YP_009724389.1	ACT	T	ACC	T	951
NC_045512.2	3118	T	C	13781	6147	47	10	9	34	0.000724848	13796	0.797465	FALSE	ORF1ab:cds-YP_009725295.1	ACT	T	ACC	T	951
NC_045512.2	3118	T	A	13781	6147	47	4	4	34	0.000289939	13796	0.993624	FALSE	ORF1ab:cds-YP_009724389.1	ACT	T	ACA	T	951
NC_045512.2	3118	T	A	13781	6147	47	4	4	34	0.000289939	13796	0.993624	FALSE	ORF1ab:cds-YP_009725295.1	ACT	T	ACA	T	951
NC_045512.2	3119	G	T	13827	6146	47	9	9	34	0.000649773	13851	0.856417	FALSE	ORF1ab:cds-YP_009724389.1	GAA	E	TAA	*	952
NC_045512.2	3119	G	T	13827	6146	47	9	9	34	0.000649773	13851	0.856417	FALSE	ORF1ab:cds-YP_009725295.1	GAA	E	TAA	*	952
NC_045512.2	3119	G	C	13827	6146	47	6	6	32	0.000433182	13851	0.96807	FALSE	ORF1ab:cds-YP_009724389.1	GAA	E	CAA	Q	952
NC_045512.2	3119	G	C	13827	6146	47	6	6	32	0.000433182	13851	0.96807	FALSE	ORF1ab:cds-YP_009725295.1	GAA	E	CAA	Q	952
NC_045512.2	3119	G	A	13827	6146	47	9	9	34	0.000649773	13851	0.856417	FALSE	ORF1ab:cds-YP_009724389.1	GAA	E	AAA	K	952
NC_045512.2	3119	G	A	13827	6146	47	9	9	34	0.000649773	13851	0.856417	FALSE	ORF1ab:cds-YP_009725295.1	GAA	E	AAA	K	952
NC_045512.2	3119	G	-A	13827	6146	47	1	0	20	7.2197e-05	13851	1	FALSE	NA	NA	NA	NA	NA	NA
NC_045512.2	3120	A	T	13887	6189	47	6	6	32	0.000431375	13909	0.968082	FALSE	ORF1ab:cds-YP_009724389.1	GAA	E	GTA	V	952
NC_045512.2	3120	A	T	13887	6189	47	6	6	32	0.000431375	13909	0.968082	FALSE	ORF1ab:cds-YP_009725295.1	GAA	E	GTA	V	952
NC_045512.2	3120	A	G	13887	6189	47	8	8	33	0.000575167	13909	0.905069	FALSE	ORF1ab:cds-YP_009724389.1	GAA	E	GGA	G	952
NC_045512.2	3120	A	G	13887	6189	47	8	8	33	0.000575167	13909	0.905069	FALSE	ORF1ab:cds-YP_009725295.1	GAA	E	GGA	G	952
NC_045512.2	3120	A	C	13887	6189	47	8	8	32	0.000575167	13909	0.905069	FALSE	ORF1ab:cds-YP_009724389.1	GAA	E	GCA	A	952
NC_045512.2	3120	A	C	13887	6189	47	8	8	32	0.000575167	13909	0.905069	FALSE	ORF1ab:cds-YP_009725295.1	GAA	E	GCA	A	952
NC_045512.2	3121	A	T	13839	6234	47	9	9	34	0.000649351	13860	0.856533	FALSE	ORF1ab:cds-YP_009724389.1	GAA	E	GAT	D	952
NC_045512.2	3121	A	T	13839	6234	47	9	9	34	0.000649351	13860	0.856533	FALSE	ORF1ab:cds-YP_009725295.1	GAA	E	GAT	D	952
NC_045512.2	3121	A	G	13839	6234	47	10	7	33	0.000721501	13860	0.797169	FALSE	ORF1ab:cds-YP_009724389.1	GAA	E	GAG	E	952
NC_045512.2	3121	A	G	13839	6234	47	10	7	33	0.000721501	13860	0.797169	FALSE	ORF1ab:cds-YP_009725295.1	GAA	E	GAG	E	952
NC_045512.2	3121	A	C	13839	6234	47	2	2	30	0.0001443	13860	0.999509	FALSE	ORF1ab:cds-YP_009724389.1	GAA	E	GAC	D	952
NC_045512.2	3121	A	C	13839	6234	47	2	2	30	0.0001443	13860	0.999509	FALSE	ORF1ab:cds-YP_009725295.1	GAA	E	GAC	D	952
NC_045512.2	3122	G	T	13873	6240	47	1	1	34	7.19994e-05	13889	0.999939	FALSE	ORF1ab:cds-YP_009724389.1	GAT	D	TAT	Y	953
NC_045512.2	3122	G	T	13873	6240	47	1	1	34	7.19994e-05	13889	0.999939	FALSE	ORF1ab:cds-YP_009725295.1	GAT	D	TAT	Y	953
NC_045512.2	3122	G	A	13873	6240	47	15	15	32	0.00107999	13889	0.425239	FALSE	ORF1ab:cds-YP_009724389.1	GAT	D	AAT	N	953
NC_045512.2	3122	G	A	13873	6240	47	15	15	32	0.00107999	13889	0.425239	FALSE	ORF1ab:cds-YP_009725295.1	GAT	D	AAT	N	953
NC_045512.2	3123	A	T	13183	6033	47	1	1	34	7.5792e-05	13194	0.999939	FALSE	ORF1ab:cds-YP_009724389.1	GAT	D	GTT	V	953
NC_045512.2	3123	A	T	13183	6033	47	1	1	34	7.5792e-05	13194	0.999939	FALSE	ORF1ab:cds-YP_009725295.1	GAT	D	GTT	V	953
NC_045512.2	3123	A	G	13183	6033	47	9	8	31	0.000682128	13194	0.856921	FALSE	ORF1ab:cds-YP_009724389.1	GAT	D	GGT	G	953
NC_045512.2	3123	A	G	13183	6033	47	9	8	31	0.000682128	13194	0.856921	FALSE	ORF1ab:cds-YP_009725295.1	GAT	D	GGT	G	953
NC_045512.2	3123	A	C	13183	6033	47	1	1	34	7.5792e-05	13194	0.999939	FALSE	ORF1ab:cds-YP_009724389.1	GAT	D	GCT	A	953
NC_045512.2	3123	A	C	13183	6033	47	1	1	34	7.5792e-05	13194	0.999939	FALSE	ORF1ab:cds-YP_009725295.1	GAT	D	GCT	A	953
NC_045512.2	3124	T	G	13147	5905	47	7	6	37	0.000531471	13171	0.942095	FALSE	ORF1ab:cds-YP_009724389.1	GAT	D	GAG	E	953
NC_045512.2	3124	T	G	13147	5905	47	7	6	37	0.000531471	13171	0.942095	FALSE	ORF1ab:cds-YP_009725295.1	GAT	D	GAG	E	953
NC_045512.2	3124	T	A	13147	5905	47	17	16	32	0.00129071	13171	0.291792	FALSE	ORF1ab:cds-YP_009724389.1	GAT	D	GAA	E	953
NC_045512.2	3124	T	A	13147	5905	47	17	16	32	0.00129071	13171	0.291792	FALSE	ORF1ab:cds-YP_009725295.1	GAT	D	GAA	E	953
NC_045512.2	3125	G	T	13200	6013	48	10	10	33	0.000756659	13216	0.797409	FALSE	ORF1ab:cds-YP_009724389.1	GAT	D	TAT	Y	954
NC_045512.2	3125	G	T	13200	6013	48	10	10	33	0.000756659	13216	0.797409	FALSE	ORF1ab:cds-YP_009725295.1	GAT	D	TAT	Y	954
NC_045512.2	3125	G	A	13200	6013	48	6	6	32	0.000453995	13216	0.968157	FALSE	ORF1ab:cds-YP_009724389.1	GAT	D	AAT	N	954
NC_045512.2	3125	G	A	13200	6013	48	6	6	32	0.000453995	13216	0.968157	FALSE	ORF1ab:cds-YP_009725295.1	GAT	D	AAT	N	954
NC_045512.2	3126	A	T	13233	6098	47	7	7	31	0.000528262	13251	0.942214	FALSE	ORF1ab:cds-YP_009724389.1	GAT	D	GTT	V	954
NC_045512.2	3126	A	T	13233	6098	47	7	7	31	0.000528262	13251	0.942214	FALSE	ORF1ab:cds-YP_009725295.1	GAT	D	GTT	V	954
NC_045512.2	3126	A	G	13233	6098	47	11	11	32	0.000830126	13251	0.729094	FALSE	ORF1ab:cds-YP_009724389.1	GAT	D	GGT	G	954
NC_045512.2	3126	A	G	13233	6098	47	11	11	32	0.000830126	13251	0.729094	FALSE	ORF1ab:cds-YP_009725295.1	GAT	D	GGT	G	954
NC_045512.2	3127	T	G	13122	5891	46	6	6	34	0.000456621	13140	0.968133	FALSE	ORF1ab:cds-YP_009724389.1	GAT	D	GAG	E	954
NC_045512.2	3127	T	G	13122	5891	46	6	6	34	0.000456621	13140	0.968133	FALSE	ORF1ab:cds-YP_009725295.1	GAT	D	GAG	E	954
NC_045512.2	3127	T	C	13122	5891	46	1	1	68	7.61035e-05	13140	0.499695	FALSE	ORF1ab:cds-YP_009724389.1	GAT	D	GAC	D	954
NC_045512.2	3127	T	C	13122	5891	46	1	1	68	7.61035e-05	13140	0.499695	FALSE	ORF1ab:cds-YP_009725295.1	GAT	D	GAC	D	954
NC_045512.2	3127	T	A	13122	5891	46	11	11	33	0.000837139	13140	0.729091	FALSE	ORF1ab:cds-YP_009724389.1	GAT	D	GAA	E	954
NC_045512.2	3127	T	A	13122	5891	46	11	11	33	0.000837139	13140	0.729091	FALSE	ORF1ab:cds-YP_009725295.1	GAT	D	GAA	E	954
NC_045512.2	3128	T	G	13173	6030	47	8	8	33	0.000606612	13188	0.905288	FALSE	ORF1ab:cds-YP_009724389.1	TAC	Y	GAC	D	955
NC_045512.2	3128	T	G	13173	6030	47	8	8	33	0.000606612	13188	0.905288	FALSE	ORF1ab:cds-YP_009725295.1	TAC	Y	GAC	D	955
NC_045512.2	3128	T	A	13173	6030	47	7	7	32	0.000530786	13188	0.942272	FALSE	ORF1ab:cds-YP_009724389.1	TAC	Y	AAC	N	955
NC_045512.2	3128	T	A	13173	6030	47	7	7	32	0.000530786	13188	0.942272	FALSE	ORF1ab:cds-YP_009725295.1	TAC	Y	AAC	N	955
NC_045512.2	3129	A	T	13315	6137	48	14	14	32	0.00104995	13334	0.499686	FALSE	ORF1ab:cds-YP_009724389.1	TAC	Y	TTC	F	955
NC_045512.2	3129	A	T	13315	6137	48	14	14	32	0.00104995	13334	0.499686	FALSE	ORF1ab:cds-YP_009725295.1	TAC	Y	TTC	F	955
NC_045512.2	3129	A	G	13315	6137	48	4	3	32	0.000299985	13334	0.993613	FALSE	ORF1ab:cds-YP_009724389.1	TAC	Y	TGC	C	955
NC_045512.2	3129	A	G	13315	6137	48	4	3	32	0.000299985	13334	0.993613	FALSE	ORF1ab:cds-YP_009725295.1	TAC	Y	TGC	C	955
NC_045512.2	3129	A	C	13315	6137	48	1	1	27	7.49963e-05	13334	1	FALSE	ORF1ab:cds-YP_009724389.1	TAC	Y	TCC	S	955
NC_045512.2	3129	A	C	13315	6137	48	1	1	27	7.49963e-05	13334	1	FALSE	ORF1ab:cds-YP_009725295.1	TAC	Y	TCC	S	955
NC_045512.2	3130	C	T	13220	6188	47	13	13	32	0.000981725	13242	0.576919	FALSE	ORF1ab:cds-YP_009724389.1	TAC	Y	TAT	Y	955
NC_045512.2	3130	C	T	13220	6188	47	13	13	32	0.000981725	13242	0.576919	FALSE	ORF1ab:cds-YP_009725295.1	TAC	Y	TAT	Y	955
NC_045512.2	3130	C	A	13220	6188	47	9	9	32	0.000679656	13242	0.856477	FALSE	ORF1ab:cds-YP_009724389.1	TAC	Y	TAA	*	955
NC_045512.2	3130	C	A	13220	6188	47	9	9	32	0.000679656	13242	0.856477	FALSE	ORF1ab:cds-YP_009725295.1	TAC	Y	TAA	*	955
NC_045512.2	3131	C	T	13183	6185	47	6	6	31	0.000454718	13195	0.968204	FALSE	ORF1ab:cds-YP_009724389.1	CAA	Q	TAA	*	956
NC_045512.2	3131	C	T	13183	6185	47	6	6	31	0.000454718	13195	0.968204	FALSE	ORF1ab:cds-YP_009725295.1	CAA	Q	TAA	*	956
NC_045512.2	3131	C	A	13183	6185	47	6	6	34	0.000454718	13195	0.968204	FALSE	ORF1ab:cds-YP_009724389.1	CAA	Q	AAA	K	956
NC_045512.2	3131	C	A	13183	6185	47	6	6	34	0.000454718	13195	0.968204	FALSE	ORF1ab:cds-YP_009725295.1	CAA	Q	AAA	K	956
NC_045512.2	3132	A	T	13217	6151	47	2	2	34	0.000151137	13233	0.99951	FALSE	ORF1ab:cds-YP_009724389.1	CAA	Q	CTA	L	956
NC_045512.2	3132	A	T	13217	6151	47	2	2	34	0.000151137	13233	0.99951	FALSE	ORF1ab:cds-YP_009725295.1	CAA	Q	CTA	L	956
NC_045512.2	3132	A	G	13217	6151	47	1	0	34	7.55687e-05	13233	0.999939	FALSE	ORF1ab:cds-YP_009724389.1	CAA	Q	CGA	R	956
NC_045512.2	3132	A	G	13217	6151	47	1	0	34	7.55687e-05	13233	0.999939	FALSE	ORF1ab:cds-YP_009725295.1	CAA	Q	CGA	R	956
NC_045512.2	3132	A	C	13217	6151	47	13	13	33	0.000982393	13233	0.577376	FALSE	ORF1ab:cds-YP_009724389.1	CAA	Q	CCA	P	956
NC_045512.2	3132	A	C	13217	6151	47	13	13	33	0.000982393	13233	0.577376	FALSE	ORF1ab:cds-YP_009725295.1	CAA	Q	CCA	P	956
NC_045512.2	3133	A	T	13488	6188	46	1	1	34	7.40466e-05	13505	0.999939	FALSE	ORF1ab:cds-YP_009724389.1	CAA	Q	CAT	H	956
NC_045512.2	3133	A	T	13488	6188	46	1	1	34	7.40466e-05	13505	0.999939	FALSE	ORF1ab:cds-YP_009725295.1	CAA	Q	CAT	H	956
NC_045512.2	3133	A	G	13488	6188	46	4	2	34	0.000296187	13505	0.993618	FALSE	ORF1ab:cds-YP_009724389.1	CAA	Q	CAG	Q	956
NC_045512.2	3133	A	G	13488	6188	46	4	2	34	0.000296187	13505	0.993618	FALSE	ORF1ab:cds-YP_009725295.1	CAA	Q	CAG	Q	956
NC_045512.2	3133	A	C	13488	6188	46	12	12	33	0.00088856	13505	0.654774	FALSE	ORF1ab:cds-YP_009724389.1	CAA	Q	CAC	H	956
NC_045512.2	3133	A	C	13488	6188	46	12	12	33	0.00088856	13505	0.654774	FALSE	ORF1ab:cds-YP_009725295.1	CAA	Q	CAC	H	956
NC_045512.2	3134	G	T	14030	6167	46	2	1	34	0.000142308	14054	0.999739	FALSE	ORF1ab:cds-YP_009724389.1	GGT	G	TGT	C	957
NC_045512.2	3134	G	T	14030	6167	46	2	1	34	0.000142308	14054	0.999739	FALSE	ORF1ab:cds-YP_009725295.1	GGT	G	TGT	C	957
NC_045512.2	3134	G	C	14030	6167	46	5	5	34	0.000355771	14054	0.990343	FALSE	ORF1ab:cds-YP_009724389.1	GGT	G	CGT	R	957
NC_045512.2	3134	G	C	14030	6167	46	5	5	34	0.000355771	14054	0.990343	FALSE	ORF1ab:cds-YP_009725295.1	GGT	G	CGT	R	957
NC_045512.2	3134	G	A	14030	6167	46	17	17	33	0.00120962	14054	0.359527	FALSE	ORF1ab:cds-YP_009724389.1	GGT	G	AGT	S	957
NC_045512.2	3134	G	A	14030	6167	46	17	17	33	0.00120962	14054	0.359527	FALSE	ORF1ab:cds-YP_009725295.1	GGT	G	AGT	S	957
NC_045512.2	3135	G	A	14051	6292	47	12	11	32	0.000853303	14063	0.721555	FALSE	ORF1ab:cds-YP_009724389.1	GGT	G	GAT	D	957
NC_045512.2	3135	G	A	14051	6292	47	12	11	32	0.000853303	14063	0.721555	FALSE	ORF1ab:cds-YP_009725295.1	GGT	G	GAT	D	957
NC_045512.2	3136	T	G	14010	6289	47	17	17	33	0.00121134	14034	0.359526	FALSE	ORF1ab:cds-YP_009724389.1	GGT	G	GGG	G	957
NC_045512.2	3136	T	G	14010	6289	47	17	17	33	0.00121134	14034	0.359526	FALSE	ORF1ab:cds-YP_009725295.1	GGT	G	GGG	G	957
NC_045512.2	3136	T	C	14010	6289	47	2	2	34	0.000142511	14034	0.999739	FALSE	ORF1ab:cds-YP_009724389.1	GGT	G	GGC	G	957
NC_045512.2	3136	T	C	14010	6289	47	2	2	34	0.000142511	14034	0.999739	FALSE	ORF1ab:cds-YP_009725295.1	GGT	G	GGC	G	957
NC_045512.2	3136	T	A	14010	6289	47	5	4	34	0.000356278	14034	0.990343	FALSE	ORF1ab:cds-YP_009724389.1	GGT	G	GGA	G	957
NC_045512.2	3136	T	A	14010	6289	47	5	4	34	0.000356278	14034	0.990343	FALSE	ORF1ab:cds-YP_009725295.1	GGT	G	GGA	G	957
NC_045512.2	3137	A	T	14073	6348	47	8	8	33	0.000567617	14094	0.932915	FALSE	ORF1ab:cds-YP_009724389.1	AAA	K	TAA	*	958
NC_045512.2	3137	A	T	14073	6348	47	8	8	33	0.000567617	14094	0.932915	FALSE	ORF1ab:cds-YP_009725295.1	AAA	K	TAA	*	958
NC_045512.2	3137	A	G	14073	6348	47	12	11	32	0.000851426	14094	0.721003	FALSE	ORF1ab:cds-YP_009724389.1	AAA	K	GAA	E	958
NC_045512.2	3137	A	G	14073	6348	47	12	11	32	0.000851426	14094	0.721003	FALSE	ORF1ab:cds-YP_009725295.1	AAA	K	GAA	E	958
NC_045512.2	3137	A	C	14073	6348	47	1	1	34	7.09522e-05	14094	0.999969	FALSE	ORF1ab:cds-YP_009724389.1	AAA	K	CAA	Q	958
NC_045512.2	3137	A	C	14073	6348	47	1	1	34	7.09522e-05	14094	0.999969	FALSE	ORF1ab:cds-YP_009725295.1	AAA	K	CAA	Q	958
NC_045512.2	3138	A	T	14065	6372	47	4	4	30	0.000284151	14077	0.996229	FALSE	ORF1ab:cds-YP_009724389.1	AAA	K	ATA	I	958
NC_045512.2	3138	A	T	14065	6372	47	4	4	30	0.000284151	14077	0.996229	FALSE	ORF1ab:cds-YP_009725295.1	AAA	K	ATA	I	958
NC_045512.2	3138	A	G	14065	6372	47	3	2	34	0.000213114	14077	0.998824	FALSE	ORF1ab:cds-YP_009724389.1	AAA	K	AGA	R	958
NC_045512.2	3138	A	G	14065	6372	47	3	2	34	0.000213114	14077	0.998824	FALSE	ORF1ab:cds-YP_009725295.1	AAA	K	AGA	R	958
NC_045512.2	3138	A	C	14065	6372	47	5	3	34	0.000355189	14077	0.990391	FALSE	ORF1ab:cds-YP_009724389.1	AAA	K	ACA	T	958
NC_045512.2	3138	A	C	14065	6372	47	5	3	34	0.000355189	14077	0.990391	FALSE	ORF1ab:cds-YP_009725295.1	AAA	K	ACA	T	958
NC_045512.2	3139	A	T	12443	6446	43	6	6	34	0.000481812	12453	0.951882	FALSE	ORF1ab:cds-YP_009724389.1	AAA	K	AAT	N	958
NC_045512.2	3139	A	T	12443	6446	43	6	6	34	0.000481812	12453	0.951882	FALSE	ORF1ab:cds-YP_009725295.1	AAA	K	AAT	N	958
NC_045512.2	3139	A	G	12443	6446	43	2	1	51	0.000160604	12453	0.249849	FALSE	ORF1ab:cds-YP_009724389.1	AAA	K	AAG	K	958
NC_045512.2	3139	A	G	12443	6446	43	2	1	51	0.000160604	12453	0.249849	FALSE	ORF1ab:cds-YP_009725295.1	AAA	K	AAG	K	958
NC_045512.2	3139	A	C	12443	6446	43	2	2	30	0.000160604	12453	0.999084	FALSE	ORF1ab:cds-YP_009724389.1	AAA	K	AAC	N	958
NC_045512.2	3139	A	C	12443	6446	43	2	2	30	0.000160604	12453	0.999084	FALSE	ORF1ab:cds-YP_009725295.1	AAA	K	AAC	N	958
NC_045512.2	3140	C	G	14291	6413	47	1	1	34	6.98617e-05	14314	0.999969	FALSE	ORF1ab:cds-YP_009724389.1	CCT	P	GCT	A	959
NC_045512.2	3140	C	G	14291	6413	47	1	1	34	6.98617e-05	14314	0.999969	FALSE	ORF1ab:cds-YP_009725295.1	CCT	P	GCT	A	959
NC_045512.2	3140	C	A	14291	6413	47	22	22	33	0.00153696	14314	0.121344	FALSE	ORF1ab:cds-YP_009724389.1	CCT	P	ACT	T	959
NC_045512.2	3140	C	A	14291	6413	47	22	22	33	0.00153696	14314	0.121344	FALSE	ORF1ab:cds-YP_009725295.1	CCT	P	ACT	T	959
NC_045512.2	3141	C	T	14267	6433	47	1	1	34	7.00231e-05	14281	0.999969	FALSE	ORF1ab:cds-YP_009724389.1	CCT	P	CTT	L	959
NC_045512.2	3141	C	T	14267	6433	47	1	1	34	7.00231e-05	14281	0.999969	FALSE	ORF1ab:cds-YP_009725295.1	CCT	P	CTT	L	959
NC_045512.2	3141	C	A	14267	6433	47	13	13	32	0.0009103	14281	0.649514	FALSE	ORF1ab:cds-YP_009724389.1	CCT	P	CAT	H	959
NC_045512.2	3141	C	A	14267	6433	47	13	13	32	0.0009103	14281	0.649514	FALSE	ORF1ab:cds-YP_009725295.1	CCT	P	CAT	H	959
NC_045512.2	3142	T	C	13399	5706	47	16	15	32	0.00119207	13422	0.355008	FALSE	ORF1ab:cds-YP_009724389.1	CCT	P	CCC	P	959
NC_045512.2	3142	T	C	13399	5706	47	16	15	32	0.00119207	13422	0.355008	FALSE	ORF1ab:cds-YP_009725295.1	CCT	P	CCC	P	959
NC_045512.2	3142	T	A	13399	5706	47	7	6	31	0.000521532	13422	0.942119	FALSE	ORF1ab:cds-YP_009724389.1	CCT	P	CCA	P	959
NC_045512.2	3142	T	A	13399	5706	47	7	6	31	0.000521532	13422	0.942119	FALSE	ORF1ab:cds-YP_009725295.1	CCT	P	CCA	P	959
NC_045512.2	3143	T	G	13250	5708	47	1	1	34	7.54091e-05	13261	0.999939	FALSE	ORF1ab:cds-YP_009724389.1	TTG	L	GTG	V	960
NC_045512.2	3143	T	G	13250	5708	47	1	1	34	7.54091e-05	13261	0.999939	FALSE	ORF1ab:cds-YP_009725295.1	TTG	L	GTG	V	960
NC_045512.2	3143	T	C	13250	5708	47	10	9	34	0.000754091	13261	0.797666	FALSE	ORF1ab:cds-YP_009724389.1	TTG	L	CTG	L	960
NC_045512.2	3143	T	C	13250	5708	47	10	9	34	0.000754091	13261	0.797666	FALSE	ORF1ab:cds-YP_009725295.1	TTG	L	CTG	L	960
NC_045512.2	3144	T	G	13488	5885	48	1	1	34	7.41015e-05	13495	0.999939	FALSE	ORF1ab:cds-YP_009724389.1	TTG	L	TGG	W	960
NC_045512.2	3144	T	G	13488	5885	48	1	1	34	7.41015e-05	13495	0.999939	FALSE	ORF1ab:cds-YP_009725295.1	TTG	L	TGG	W	960
NC_045512.2	3144	T	C	13488	5885	48	5	3	47	0.000370508	13495	0.109332	FALSE	ORF1ab:cds-YP_009724389.1	TTG	L	TCG	S	960
NC_045512.2	3144	T	C	13488	5885	48	5	3	47	0.000370508	13495	0.109332	FALSE	ORF1ab:cds-YP_009725295.1	TTG	L	TCG	S	960
NC_045512.2	3144	T	A	13488	5885	48	1	1	34	7.41015e-05	13495	0.999939	FALSE	ORF1ab:cds-YP_009724389.1	TTG	L	TAG	*	960
NC_045512.2	3144	T	A	13488	5885	48	1	1	34	7.41015e-05	13495	0.999939	FALSE	ORF1ab:cds-YP_009725295.1	TTG	L	TAG	*	960
NC_045512.2	3145	G	T	13388	5938	47	18	18	33	0.00134248	13408	0.236371	FALSE	ORF1ab:cds-YP_009724389.1	TTG	L	TTT	F	960
NC_045512.2	3145	G	T	13388	5938	47	18	18	33	0.00134248	13408	0.236371	FALSE	ORF1ab:cds-YP_009725295.1	TTG	L	TTT	F	960
NC_045512.2	3145	G	C	13388	5938	47	1	1	26	7.45823e-05	13408	1	FALSE	ORF1ab:cds-YP_009724389.1	TTG	L	TTC	F	960
NC_045512.2	3145	G	C	13388	5938	47	1	1	26	7.45823e-05	13408	1	FALSE	ORF1ab:cds-YP_009725295.1	TTG	L	TTC	F	960
NC_045512.2	3145	G	A	13388	5938	47	1	1	34	7.45823e-05	13408	0.999939	FALSE	ORF1ab:cds-YP_009724389.1	TTG	L	TTA	L	960
NC_045512.2	3145	G	A	13388	5938	47	1	1	34	7.45823e-05	13408	0.999939	FALSE	ORF1ab:cds-YP_009725295.1	TTG	L	TTA	L	960
NC_045512.2	3146	G	T	13372	5993	47	10	10	33	0.000747217	13383	0.797666	FALSE	ORF1ab:cds-YP_009724389.1	GAA	E	TAA	*	961
NC_045512.2	3146	G	T	13372	5993	47	10	10	33	0.000747217	13383	0.797666	FALSE	ORF1ab:cds-YP_009725295.1	GAA	E	TAA	*	961
NC_045512.2	3146	G	A	13372	5993	47	1	1	34	7.47217e-05	13383	0.999939	FALSE	ORF1ab:cds-YP_009724389.1	GAA	E	AAA	K	961
NC_045512.2	3146	G	A	13372	5993	47	1	1	34	7.47217e-05	13383	0.999939	FALSE	ORF1ab:cds-YP_009725295.1	GAA	E	AAA	K	961
NC_045512.2	3147	A	T	13388	5982	47	5	5	32	0.000372912	13408	0.9845	FALSE	ORF1ab:cds-YP_009724389.1	GAA	E	GTA	V	961
NC_045512.2	3147	A	T	13388	5982	47	5	5	32	0.000372912	13408	0.9845	FALSE	ORF1ab:cds-YP_009725295.1	GAA	E	GTA	V	961
NC_045512.2	3147	A	G	13388	5982	47	15	15	34	0.00111874	13408	0.424926	FALSE	ORF1ab:cds-YP_009724389.1	GAA	E	GGA	G	961
NC_045512.2	3147	A	G	13388	5982	47	15	15	34	0.00111874	13408	0.424926	FALSE	ORF1ab:cds-YP_009725295.1	GAA	E	GGA	G	961
NC_045512.2	3148	A	T	13338	6020	47	1	1	24	7.49064e-05	13350	1	FALSE	ORF1ab:cds-YP_009724389.1	GAA	E	GAT	D	961
NC_045512.2	3148	A	T	13338	6020	47	1	1	24	7.49064e-05	13350	1	FALSE	ORF1ab:cds-YP_009725295.1	GAA	E	GAT	D	961
NC_045512.2	3148	A	G	13338	6020	47	10	10	33	0.000749064	13350	0.797615	FALSE	ORF1ab:cds-YP_009724389.1	GAA	E	GAG	E	961
NC_045512.2	3148	A	G	13338	6020	47	10	10	33	0.000749064	13350	0.797615	FALSE	ORF1ab:cds-YP_009725295.1	GAA	E	GAG	E	961
NC_045512.2	3148	A	C	13338	6020	47	1	1	34	7.49064e-05	13350	0.999939	FALSE	ORF1ab:cds-YP_009724389.1	GAA	E	GAC	D	961
NC_045512.2	3148	A	C	13338	6020	47	1	1	34	7.49064e-05	13350	0.999939	FALSE	ORF1ab:cds-YP_009725295.1	GAA	E	GAC	D	961
NC_045512.2	3149	T	G	12973	5745	47	4	4	34	0.000307905	12991	0.989328	FALSE	ORF1ab:cds-YP_009724389.1	TTT	F	GTT	V	962
NC_045512.2	3149	T	G	12973	5745	47	4	4	34	0.000307905	12991	0.989328	FALSE	ORF1ab:cds-YP_009725295.1	TTT	F	GTT	V	962
NC_045512.2	3149	T	C	12973	5745	47	1	1	27	7.69764e-05	12991	1	FALSE	ORF1ab:cds-YP_009724389.1	TTT	F	CTT	L	962
NC_045512.2	3149	T	C	12973	5745	47	1	1	27	7.69764e-05	12991	1	FALSE	ORF1ab:cds-YP_009725295.1	TTT	F	CTT	L	962
NC_045512.2	3149	T	A	12973	5745	47	13	13	32	0.00100069	12991	0.49969	FALSE	ORF1ab:cds-YP_009724389.1	TTT	F	ATT	I	962
NC_045512.2	3149	T	A	12973	5745	47	13	13	32	0.00100069	12991	0.49969	FALSE	ORF1ab:cds-YP_009725295.1	TTT	F	ATT	I	962
NC_045512.2	3150	T	G	13048	5749	47	1	1	34	7.65873e-05	13057	0.999939	FALSE	ORF1ab:cds-YP_009724389.1	TTT	F	TGT	C	962
NC_045512.2	3150	T	G	13048	5749	47	1	1	34	7.65873e-05	13057	0.999939	FALSE	ORF1ab:cds-YP_009725295.1	TTT	F	TGT	C	962
NC_045512.2	3150	T	A	13048	5749	47	8	8	34	0.000612698	13057	0.905466	FALSE	ORF1ab:cds-YP_009724389.1	TTT	F	TAT	Y	962
NC_045512.2	3150	T	A	13048	5749	47	8	8	34	0.000612698	13057	0.905466	FALSE	ORF1ab:cds-YP_009725295.1	TTT	F	TAT	Y	962
NC_045512.2	3151	T	A	13193	5864	47	4	4	34	0.000303099	13197	0.993654	FALSE	ORF1ab:cds-YP_009724389.1	TTT	F	TTA	L	962
NC_045512.2	3151	T	A	13193	5864	47	4	4	34	0.000303099	13197	0.993654	FALSE	ORF1ab:cds-YP_009725295.1	TTT	F	TTA	L	962
NC_045512.2	3152	G	T	13145	5843	47	18	18	34	0.00136747	13163	0.236499	FALSE	ORF1ab:cds-YP_009724389.1	GGT	G	TGT	C	963
NC_045512.2	3152	G	T	13145	5843	47	18	18	34	0.00136747	13163	0.236499	FALSE	ORF1ab:cds-YP_009725295.1	GGT	G	TGT	C	963
NC_045512.2	3153	G	T	13127	5870	47	9	9	31	0.000684879	13141	0.8568	FALSE	ORF1ab:cds-YP_009724389.1	GGT	G	GTT	V	963
NC_045512.2	3153	G	T	13127	5870	47	9	9	31	0.000684879	13141	0.8568	FALSE	ORF1ab:cds-YP_009725295.1	GGT	G	GTT	V	963
NC_045512.2	3153	G	C	13127	5870	47	2	1	30	0.000152195	13141	0.99951	FALSE	ORF1ab:cds-YP_009724389.1	GGT	G	GCT	A	963
NC_045512.2	3153	G	C	13127	5870	47	2	1	30	0.000152195	13141	0.99951	FALSE	ORF1ab:cds-YP_009725295.1	GGT	G	GCT	A	963
NC_045512.2	3153	G	A	13127	5870	47	3	2	30	0.000228293	13141	0.997905	FALSE	ORF1ab:cds-YP_009724389.1	GGT	G	GAT	D	963
NC_045512.2	3153	G	A	13127	5870	47	3	2	30	0.000228293	13141	0.997905	FALSE	ORF1ab:cds-YP_009725295.1	GGT	G	GAT	D	963
NC_045512.2	3154	T	G	13151	5964	48	14	14	33	0.00106318	13168	0.499841	FALSE	ORF1ab:cds-YP_009724389.1	GGT	G	GGG	G	963
NC_045512.2	3154	T	G	13151	5964	48	14	14	33	0.00106318	13168	0.499841	FALSE	ORF1ab:cds-YP_009725295.1	GGT	G	GGG	G	963
NC_045512.2	3154	T	C	13151	5964	48	2	1	34	0.000151883	13168	0.99951	FALSE	ORF1ab:cds-YP_009724389.1	GGT	G	GGC	G	963
NC_045512.2	3154	T	C	13151	5964	48	2	1	34	0.000151883	13168	0.99951	FALSE	ORF1ab:cds-YP_009725295.1	GGT	G	GGC	G	963
NC_045512.2	3154	T	A	13151	5964	48	1	0	38	7.59417e-05	13168	0.999939	FALSE	ORF1ab:cds-YP_009724389.1	GGT	G	GGA	G	963
NC_045512.2	3154	T	A	13151	5964	48	1	0	38	7.59417e-05	13168	0.999939	FALSE	ORF1ab:cds-YP_009725295.1	GGT	G	GGA	G	963
NC_045512.2	3155	G	T	13029	5980	47	12	12	33	0.000920034	13043	0.654981	FALSE	ORF1ab:cds-YP_009724389.1	GCC	A	TCC	S	964
NC_045512.2	3155	G	T	13029	5980	47	12	12	33	0.000920034	13043	0.654981	FALSE	ORF1ab:cds-YP_009725295.1	GCC	A	TCC	S	964
NC_045512.2	3155	G	C	13029	5980	47	1	1	34	7.66695e-05	13043	0.999939	FALSE	ORF1ab:cds-YP_009724389.1	GCC	A	CCC	P	964
NC_045512.2	3155	G	C	13029	5980	47	1	1	34	7.66695e-05	13043	0.999939	FALSE	ORF1ab:cds-YP_009725295.1	GCC	A	CCC	P	964
NC_045512.2	3155	G	A	13029	5980	47	1	1	68	7.66695e-05	13043	0.49977	FALSE	ORF1ab:cds-YP_009724389.1	GCC	A	ACC	T	964
NC_045512.2	3155	G	A	13029	5980	47	1	1	68	7.66695e-05	13043	0.49977	FALSE	ORF1ab:cds-YP_009725295.1	GCC	A	ACC	T	964
NC_045512.2	3156	C	T	13067	6102	48	8	7	38	0.000611247	13088	0.905109	FALSE	ORF1ab:cds-YP_009724389.1	GCC	A	GTC	V	964
NC_045512.2	3156	C	T	13067	6102	48	8	7	38	0.000611247	13088	0.905109	FALSE	ORF1ab:cds-YP_009725295.1	GCC	A	GTC	V	964
NC_045512.2	3156	C	G	13067	6102	48	13	12	30	0.000993276	13088	0.57699	FALSE	ORF1ab:cds-YP_009724389.1	GCC	A	GGC	G	964
NC_045512.2	3156	C	G	13067	6102	48	13	12	30	0.000993276	13088	0.57699	FALSE	ORF1ab:cds-YP_009725295.1	GCC	A	GGC	G	964
NC_045512.2	3157	C	T	13093	6109	48	4	4	32	0.000305204	13106	0.993629	FALSE	ORF1ab:cds-YP_009724389.1	GCC	A	GCT	A	964
NC_045512.2	3157	C	T	13093	6109	48	4	4	32	0.000305204	13106	0.993629	FALSE	ORF1ab:cds-YP_009725295.1	GCC	A	GCT	A	964
NC_045512.2	3157	C	G	13093	6109	48	7	7	33	0.000534107	13106	0.942311	FALSE	ORF1ab:cds-YP_009724389.1	GCC	A	GCG	A	964
NC_045512.2	3157	C	G	13093	6109	48	7	7	33	0.000534107	13106	0.942311	FALSE	ORF1ab:cds-YP_009725295.1	GCC	A	GCG	A	964
NC_045512.2	3157	C	A	13093	6109	48	2	2	34	0.000152602	13106	0.999511	FALSE	ORF1ab:cds-YP_009724389.1	GCC	A	GCA	A	964
NC_045512.2	3157	C	A	13093	6109	48	2	2	34	0.000152602	13106	0.999511	FALSE	ORF1ab:cds-YP_009725295.1	GCC	A	GCA	A	964
NC_045512.2	3158	A	T	13130	6080	48	1	1	34	7.60283e-05	13153	0.999938	FALSE	ORF1ab:cds-YP_009724389.1	ACT	T	TCT	S	965
NC_045512.2	3158	A	T	13130	6080	48	1	1	34	7.60283e-05	13153	0.999938	FALSE	ORF1ab:cds-YP_009725295.1	ACT	T	TCT	S	965
NC_045512.2	3158	A	G	13130	6080	48	6	5	44	0.00045617	13153	0.0622756	FALSE	ORF1ab:cds-YP_009724389.1	ACT	T	GCT	A	965
NC_045512.2	3158	A	G	13130	6080	48	6	5	44	0.00045617	13153	0.0622756	FALSE	ORF1ab:cds-YP_009725295.1	ACT	T	GCT	A	965
NC_045512.2	3158	A	C	13130	6080	48	16	16	32	0.00121645	13153	0.354997	FALSE	ORF1ab:cds-YP_009724389.1	ACT	T	CCT	P	965
NC_045512.2	3158	A	C	13130	6080	48	16	16	32	0.00121645	13153	0.354997	FALSE	ORF1ab:cds-YP_009725295.1	ACT	T	CCT	P	965
NC_045512.2	3159	C	T	13123	6135	47	1	1	34	7.61383e-05	13134	0.999939	FALSE	ORF1ab:cds-YP_009724389.1	ACT	T	ATT	I	965
NC_045512.2	3159	C	T	13123	6135	47	1	1	34	7.61383e-05	13134	0.999939	FALSE	ORF1ab:cds-YP_009725295.1	ACT	T	ATT	I	965
NC_045512.2	3159	C	G	13123	6135	47	1	1	34	7.61383e-05	13134	0.999939	FALSE	ORF1ab:cds-YP_009724389.1	ACT	T	AGT	S	965
NC_045512.2	3159	C	G	13123	6135	47	1	1	34	7.61383e-05	13134	0.999939	FALSE	ORF1ab:cds-YP_009725295.1	ACT	T	AGT	S	965
NC_045512.2	3159	C	A	13123	6135	47	9	9	32	0.000685244	13134	0.856922	FALSE	ORF1ab:cds-YP_009724389.1	ACT	T	AAT	N	965
NC_045512.2	3159	C	A	13123	6135	47	9	9	32	0.000685244	13134	0.856922	FALSE	ORF1ab:cds-YP_009725295.1	ACT	T	AAT	N	965
NC_045512.2	3160	T	G	13078	6101	48	1	1	34	7.63242e-05	13102	0.999938	FALSE	ORF1ab:cds-YP_009724389.1	ACT	T	ACG	T	965
NC_045512.2	3160	T	G	13078	6101	48	1	1	34	7.63242e-05	13102	0.999938	FALSE	ORF1ab:cds-YP_009725295.1	ACT	T	ACG	T	965
NC_045512.2	3160	T	C	13078	6101	48	15	14	32	0.00114486	13102	0.424598	FALSE	ORF1ab:cds-YP_009724389.1	ACT	T	ACC	T	965
NC_045512.2	3160	T	C	13078	6101	48	15	14	32	0.00114486	13102	0.424598	FALSE	ORF1ab:cds-YP_009725295.1	ACT	T	ACC	T	965
NC_045512.2	3160	T	A	13078	6101	48	8	8	33	0.000610594	13102	0.90502	FALSE	ORF1ab:cds-YP_009724389.1	ACT	T	ACA	T	965
NC_045512.2	3160	T	A	13078	6101	48	8	8	33	0.000610594	13102	0.90502	FALSE	ORF1ab:cds-YP_009725295.1	ACT	T	ACA	T	965
NC_045512.2	3160	T	-TCTGC	13078	6101	48	1	0	20	7.63242e-05	13102	1	FALSE	NA	NA	NA	NA	NA	NA
NC_045512.2	3161	T	G	13074	6147	48	1	0	27	7.64175e-05	13086	1	FALSE	ORF1ab:cds-YP_009724389.1	TCT	S	GCT	A	966
NC_045512.2	3161	T	G	13074	6147	48	1	0	27	7.64175e-05	13086	1	FALSE	ORF1ab:cds-YP_009725295.1	TCT	S	GCT	A	966
NC_045512.2	3161	T	C	13074	6147	48	5	5	34	0.000382088	13086	0.984542	FALSE	ORF1ab:cds-YP_009724389.1	TCT	S	CCT	P	966
NC_045512.2	3161	T	C	13074	6147	48	5	5	34	0.000382088	13086	0.984542	FALSE	ORF1ab:cds-YP_009725295.1	TCT	S	CCT	P	966
NC_045512.2	3161	T	A	13074	6147	48	6	6	34	0.000458505	13086	0.968192	FALSE	ORF1ab:cds-YP_009724389.1	TCT	S	ACT	T	966
NC_045512.2	3161	T	A	13074	6147	48	6	6	34	0.000458505	13086	0.968192	FALSE	ORF1ab:cds-YP_009725295.1	TCT	S	ACT	T	966
NC_045512.2	3161	T	-CTG	13074	6147	48	1	0	20	7.64117e-05	13087	1	FALSE	NA	NA	NA	NA	NA	NA
NC_045512.2	3162	C	T	13049	6151	48	15	15	34	0.00114811	13065	0.425077	FALSE	ORF1ab:cds-YP_009724389.1	TCT	S	TTT	F	966
NC_045512.2	3162	C	T	13049	6151	48	15	15	34	0.00114811	13065	0.425077	FALSE	ORF1ab:cds-YP_009725295.1	TCT	S	TTT	F	966
NC_045512.2	3162	C	G	13049	6151	48	1	1	34	7.65404e-05	13065	0.999939	FALSE	ORF1ab:cds-YP_009724389.1	TCT	S	TGT	C	966
NC_045512.2	3162	C	G	13049	6151	48	1	1	34	7.65404e-05	13065	0.999939	FALSE	ORF1ab:cds-YP_009725295.1	TCT	S	TGT	C	966
NC_045512.2	3163	T	G	13022	6120	48	2	1	34	0.000153421	13036	0.99951	FALSE	ORF1ab:cds-YP_009724389.1	TCT	S	TCG	S	966
NC_045512.2	3163	T	G	13022	6120	48	2	1	34	0.000153421	13036	0.99951	FALSE	ORF1ab:cds-YP_009725295.1	TCT	S	TCG	S	966
NC_045512.2	3163	T	C	13022	6120	48	11	11	32	0.000843817	13036	0.729215	FALSE	ORF1ab:cds-YP_009724389.1	TCT	S	TCC	S	966
NC_045512.2	3163	T	C	13022	6120	48	11	11	32	0.000843817	13036	0.729215	FALSE	ORF1ab:cds-YP_009725295.1	TCT	S	TCC	S	966
NC_045512.2	3163	T	A	13022	6120	48	1	1	26	7.67106e-05	13036	1	FALSE	ORF1ab:cds-YP_009724389.1	TCT	S	TCA	S	966
NC_045512.2	3163	T	A	13022	6120	48	1	1	26	7.67106e-05	13036	1	FALSE	ORF1ab:cds-YP_009725295.1	TCT	S	TCA	S	966
NC_045512.2	3164	G	T	12958	6094	48	16	16	33	0.00123276	12979	0.28527	FALSE	ORF1ab:cds-YP_009724389.1	GCT	A	TCT	S	967
NC_045512.2	3164	G	T	12958	6094	48	16	16	33	0.00123276	12979	0.28527	FALSE	ORF1ab:cds-YP_009725295.1	GCT	A	TCT	S	967
NC_045512.2	3164	G	C	12958	6094	48	4	4	34	0.00030819	12979	0.989307	FALSE	ORF1ab:cds-YP_009724389.1	GCT	A	CCT	P	967
NC_045512.2	3164	G	C	12958	6094	48	4	4	34	0.00030819	12979	0.989307	FALSE	ORF1ab:cds-YP_009725295.1	GCT	A	CCT	P	967
NC_045512.2	3164	G	A	12958	6094	48	1	1	34	7.70475e-05	12979	0.999877	FALSE	ORF1ab:cds-YP_009724389.1	GCT	A	ACT	T	967
NC_045512.2	3164	G	A	12958	6094	48	1	1	34	7.70475e-05	12979	0.999877	FALSE	ORF1ab:cds-YP_009725295.1	GCT	A	ACT	T	967
NC_045512.2	3165	C	T	12926	6134	48	9	9	37	0.000695249	12945	0.807955	FALSE	ORF1ab:cds-YP_009724389.1	GCT	A	GTT	V	967
NC_045512.2	3165	C	T	12926	6134	48	9	9	37	0.000695249	12945	0.807955	FALSE	ORF1ab:cds-YP_009725295.1	GCT	A	GTT	V	967
NC_045512.2	3165	C	G	12926	6134	48	10	10	31	0.000772499	12945	0.737819	FALSE	ORF1ab:cds-YP_009724389.1	GCT	A	GGT	G	967
NC_045512.2	3165	C	G	12926	6134	48	10	10	31	0.000772499	12945	0.737819	FALSE	ORF1ab:cds-YP_009725295.1	GCT	A	GGT	G	967
NC_045512.2	3166	T	G	12665	5897	48	6	6	34	0.000473111	12682	0.951765	FALSE	ORF1ab:cds-YP_009724389.1	GCT	A	GCG	A	967
NC_045512.2	3166	T	G	12665	5897	48	6	6	34	0.000473111	12682	0.951765	FALSE	ORF1ab:cds-YP_009725295.1	GCT	A	GCG	A	967
NC_045512.2	3166	T	C	12665	5897	48	9	9	33	0.000709667	12682	0.808096	FALSE	ORF1ab:cds-YP_009724389.1	GCT	A	GCC	A	967
NC_045512.2	3166	T	C	12665	5897	48	9	9	33	0.000709667	12682	0.808096	FALSE	ORF1ab:cds-YP_009725295.1	GCT	A	GCC	A	967
NC_045512.2	3166	T	A	12665	5897	48	2	2	34	0.000157704	12682	0.999081	FALSE	ORF1ab:cds-YP_009724389.1	GCT	A	GCA	A	967
NC_045512.2	3166	T	A	12665	5897	48	2	2	34	0.000157704	12682	0.999081	FALSE	ORF1ab:cds-YP_009725295.1	GCT	A	GCA	A	967
NC_045512.2	3167	G	T	12621	5837	48	12	12	33	0.000949292	12641	0.580092	FALSE	ORF1ab:cds-YP_009724389.1	GCT	A	TCT	S	968
NC_045512.2	3167	G	T	12621	5837	48	12	12	33	0.000949292	12641	0.580092	FALSE	ORF1ab:cds-YP_009725295.1	GCT	A	TCT	S	968
NC_045512.2	3167	G	C	12621	5837	48	6	6	32	0.000474646	12641	0.951714	FALSE	ORF1ab:cds-YP_009724389.1	GCT	A	CCT	P	968
NC_045512.2	3167	G	C	12621	5837	48	6	6	32	0.000474646	12641	0.951714	FALSE	ORF1ab:cds-YP_009725295.1	GCT	A	CCT	P	968
NC_045512.2	3167	G	A	12621	5837	48	2	2	51	0.000158215	12641	0.249654	FALSE	ORF1ab:cds-YP_009724389.1	GCT	A	ACT	T	968
NC_045512.2	3167	G	A	12621	5837	48	2	2	51	0.000158215	12641	0.249654	FALSE	ORF1ab:cds-YP_009725295.1	GCT	A	ACT	T	968
NC_045512.2	3168	C	T	12418	5933	48	5	5	34	0.000402156	12433	0.975432	FALSE	ORF1ab:cds-YP_009724389.1	GCT	A	GTT	V	968
NC_045512.2	3168	C	T	12418	5933	48	5	5	34	0.000402156	12433	0.975432	FALSE	ORF1ab:cds-YP_009725295.1	GCT	A	GTT	V	968
NC_045512.2	3168	C	G	12418	5933	48	8	8	33	0.000643449	12433	0.868277	FALSE	ORF1ab:cds-YP_009724389.1	GCT	A	GGT	G	968
NC_045512.2	3168	C	G	12418	5933	48	8	8	33	0.000643449	12433	0.868277	FALSE	ORF1ab:cds-YP_009725295.1	GCT	A	GGT	G	968
NC_045512.2	3168	C	A	12418	5933	48	2	1	47	0.000160862	12433	0.499638	FALSE	ORF1ab:cds-YP_009724389.1	GCT	A	GAT	D	968
NC_045512.2	3168	C	A	12418	5933	48	2	1	47	0.000160862	12433	0.499638	FALSE	ORF1ab:cds-YP_009725295.1	GCT	A	GAT	D	968
NC_045512.2	3169	T	G	12088	5606	47	4	4	32	0.000330551	12101	0.989349	FALSE	ORF1ab:cds-YP_009724389.1	GCT	A	GCG	A	968
NC_045512.2	3169	T	G	12088	5606	47	4	4	32	0.000330551	12101	0.989349	FALSE	ORF1ab:cds-YP_009725295.1	GCT	A	GCG	A	968
NC_045512.2	3169	T	C	12088	5606	47	8	8	33	0.000661102	12101	0.868352	FALSE	ORF1ab:cds-YP_009724389.1	GCT	A	GCC	A	968
NC_045512.2	3169	T	C	12088	5606	47	8	8	33	0.000661102	12101	0.868352	FALSE	ORF1ab:cds-YP_009725295.1	GCT	A	GCC	A	968
NC_045512.2	3169	T	A	12088	5606	47	1	1	34	8.26378e-05	12101	0.999878	FALSE	ORF1ab:cds-YP_009724389.1	GCT	A	GCA	A	968
NC_045512.2	3169	T	A	12088	5606	47	1	1	34	8.26378e-05	12101	0.999878	FALSE	ORF1ab:cds-YP_009725295.1	GCT	A	GCA	A	968
NC_045512.2	3170	C	T	12205	6080	47	7	7	30	0.000572831	12220	0.916356	FALSE	ORF1ab:cds-YP_009724389.1	CTT	L	TTT	F	969
NC_045512.2	3170	C	T	12205	6080	47	7	7	30	0.000572831	12220	0.916356	FALSE	ORF1ab:cds-YP_009725295.1	CTT	L	TTT	F	969
NC_045512.2	3170	C	G	12205	6080	47	5	5	32	0.000409165	12220	0.975431	FALSE	ORF1ab:cds-YP_009724389.1	CTT	L	GTT	V	969
NC_045512.2	3170	C	G	12205	6080	47	5	5	32	0.000409165	12220	0.975431	FALSE	ORF1ab:cds-YP_009725295.1	CTT	L	GTT	V	969
NC_045512.2	3170	C	A	12205	6080	47	3	3	34	0.000245499	12220	0.996297	FALSE	ORF1ab:cds-YP_009724389.1	CTT	L	ATT	I	969
NC_045512.2	3170	C	A	12205	6080	47	3	3	34	0.000245499	12220	0.996297	FALSE	ORF1ab:cds-YP_009725295.1	CTT	L	ATT	I	969
NC_045512.2	3171	T	G	13756	6491	46	2	2	34	0.000145222	13772	0.99951	FALSE	ORF1ab:cds-YP_009724389.1	CTT	L	CGT	R	969
NC_045512.2	3171	T	G	13756	6491	46	2	2	34	0.000145222	13772	0.99951	FALSE	ORF1ab:cds-YP_009725295.1	CTT	L	CGT	R	969
NC_045512.2	3171	T	C	13756	6491	46	12	12	33	0.000871333	13772	0.654846	FALSE	ORF1ab:cds-YP_009724389.1	CTT	L	CCT	P	969
NC_045512.2	3171	T	C	13756	6491	46	12	12	33	0.000871333	13772	0.654846	FALSE	ORF1ab:cds-YP_009725295.1	CTT	L	CCT	P	969
NC_045512.2	3171	T	A	13756	6491	46	2	1	51	0.000145222	13772	0.249755	FALSE	ORF1ab:cds-YP_009724389.1	CTT	L	CAT	H	969
NC_045512.2	3171	T	A	13756	6491	46	2	1	51	0.000145222	13772	0.249755	FALSE	ORF1ab:cds-YP_009725295.1	CTT	L	CAT	H	969
NC_045512.2	3172	T	G	13871	6626	47	1	1	34	7.20565e-05	13878	0.999939	FALSE	ORF1ab:cds-YP_009724389.1	CTT	L	CTG	L	969
NC_045512.2	3172	T	G	13871	6626	47	1	1	34	7.20565e-05	13878	0.999939	FALSE	ORF1ab:cds-YP_009725295.1	CTT	L	CTG	L	969
NC_045512.2	3172	T	C	13871	6626	47	6	6	34	0.000432339	13878	0.968261	FALSE	ORF1ab:cds-YP_009724389.1	CTT	L	CTC	L	969
NC_045512.2	3172	T	C	13871	6626	47	6	6	34	0.000432339	13878	0.968261	FALSE	ORF1ab:cds-YP_009725295.1	CTT	L	CTC	L	969
NC_045512.2	3173	C	T	13897	6734	47	13	13	34	0.000934378	13913	0.577382	FALSE	ORF1ab:cds-YP_009724389.1	CAA	Q	TAA	*	970
NC_045512.2	3173	C	T	13897	6734	47	13	13	34	0.000934378	13913	0.577382	FALSE	ORF1ab:cds-YP_009725295.1	CAA	Q	TAA	*	970
NC_045512.2	3173	C	G	13897	6734	47	1	1	34	7.18752e-05	13913	0.999939	FALSE	ORF1ab:cds-YP_009724389.1	CAA	Q	GAA	E	970
NC_045512.2	3173	C	G	13897	6734	47	1	1	34	7.18752e-05	13913	0.999939	FALSE	ORF1ab:cds-YP_009725295.1	CAA	Q	GAA	E	970
NC_045512.2	3173	C	A	13897	6734	47	2	2	34	0.00014375	13913	0.99951	FALSE	ORF1ab:cds-YP_009724389.1	CAA	Q	AAA	K	970
NC_045512.2	3173	C	A	13897	6734	47	2	2	34	0.00014375	13913	0.99951	FALSE	ORF1ab:cds-YP_009725295.1	CAA	Q	AAA	K	970
NC_045512.2	3174	A	T	13821	6692	46	8	8	33	0.000578076	13839	0.905208	FALSE	ORF1ab:cds-YP_009724389.1	CAA	Q	CTA	L	970
NC_045512.2	3174	A	T	13821	6692	46	8	8	33	0.000578076	13839	0.905208	FALSE	ORF1ab:cds-YP_009725295.1	CAA	Q	CTA	L	970
NC_045512.2	3174	A	G	13821	6692	46	1	0	68	7.22596e-05	13839	0.499711	FALSE	ORF1ab:cds-YP_009724389.1	CAA	Q	CGA	R	970
NC_045512.2	3174	A	G	13821	6692	46	1	0	68	7.22596e-05	13839	0.499711	FALSE	ORF1ab:cds-YP_009725295.1	CAA	Q	CGA	R	970
NC_045512.2	3174	A	C	13821	6692	46	9	8	33	0.000650336	13839	0.856648	FALSE	ORF1ab:cds-YP_009724389.1	CAA	Q	CCA	P	970
NC_045512.2	3174	A	C	13821	6692	46	9	8	33	0.000650336	13839	0.856648	FALSE	ORF1ab:cds-YP_009725295.1	CAA	Q	CCA	P	970
NC_045512.2	3175	A	T	13697	6757	44	5	5	32	0.000364644	13712	0.984531	FALSE	ORF1ab:cds-YP_009724389.1	CAA	Q	CAT	H	970
NC_045512.2	3175	A	T	13697	6757	44	5	5	32	0.000364644	13712	0.984531	FALSE	ORF1ab:cds-YP_009725295.1	CAA	Q	CAT	H	970
NC_045512.2	3175	A	G	13697	6757	44	3	1	29	0.000218786	13712	1	FALSE	ORF1ab:cds-YP_009724389.1	CAA	Q	CAG	Q	970
NC_045512.2	3175	A	G	13697	6757	44	3	1	29	0.000218786	13712	1	FALSE	ORF1ab:cds-YP_009725295.1	CAA	Q	CAG	Q	970
NC_045512.2	3175	A	C	13697	6757	44	7	6	31	0.000510502	13712	0.942275	FALSE	ORF1ab:cds-YP_009724389.1	CAA	Q	CAC	H	970
NC_045512.2	3175	A	C	13697	6757	44	7	6	31	0.000510502	13712	0.942275	FALSE	ORF1ab:cds-YP_009725295.1	CAA	Q	CAC	H	970
NC_045512.2	3176	C	T	14077	6838	46	1	0	34	7.0932e-05	14098	0.999969	FALSE	ORF1ab:cds-YP_009724389.1	CCT	P	TCT	S	971
NC_045512.2	3176	C	T	14077	6838	46	1	0	34	7.0932e-05	14098	0.999969	FALSE	ORF1ab:cds-YP_009725295.1	CCT	P	TCT	S	971
NC_045512.2	3176	C	G	14077	6838	46	4	4	32	0.000283728	14098	0.996214	FALSE	ORF1ab:cds-YP_009724389.1	CCT	P	GCT	A	971
NC_045512.2	3176	C	G	14077	6838	46	4	4	32	0.000283728	14098	0.996214	FALSE	ORF1ab:cds-YP_009725295.1	CCT	P	GCT	A	971
NC_045512.2	3176	C	A	14077	6838	46	16	14	33	0.00113491	14098	0.427422	FALSE	ORF1ab:cds-YP_009724389.1	CCT	P	ACT	T	971
NC_045512.2	3176	C	A	14077	6838	46	16	14	33	0.00113491	14098	0.427422	FALSE	ORF1ab:cds-YP_009725295.1	CCT	P	ACT	T	971
NC_045512.2	3177	C	T	14215	6876	46	1	1	26	7.02839e-05	14228	1	FALSE	ORF1ab:cds-YP_009724389.1	CCT	P	CTT	L	971
NC_045512.2	3177	C	T	14215	6876	46	1	1	26	7.02839e-05	14228	1	FALSE	ORF1ab:cds-YP_009725295.1	CCT	P	CTT	L	971
NC_045512.2	3177	C	G	14215	6876	46	1	1	34	7.02839e-05	14228	0.999969	FALSE	ORF1ab:cds-YP_009724389.1	CCT	P	CGT	R	971
NC_045512.2	3177	C	G	14215	6876	46	1	1	34	7.02839e-05	14228	0.999969	FALSE	ORF1ab:cds-YP_009725295.1	CCT	P	CGT	R	971
NC_045512.2	3177	C	A	14215	6876	46	11	11	36	0.000773123	14228	0.787873	FALSE	ORF1ab:cds-YP_009724389.1	CCT	P	CAT	H	971
NC_045512.2	3177	C	A	14215	6876	46	11	11	36	0.000773123	14228	0.787873	FALSE	ORF1ab:cds-YP_009725295.1	CCT	P	CAT	H	971
NC_045512.2	3178	T	G	13687	6422	46	1	0	34	7.29448e-05	13709	0.999939	FALSE	ORF1ab:cds-YP_009724389.1	CCT	P	CCG	P	971
NC_045512.2	3178	T	G	13687	6422	46	1	0	34	7.29448e-05	13709	0.999939	FALSE	ORF1ab:cds-YP_009725295.1	CCT	P	CCG	P	971
NC_045512.2	3178	T	C	13687	6422	46	15	13	35	0.00109417	13709	0.424781	FALSE	ORF1ab:cds-YP_009724389.1	CCT	P	CCC	P	971
NC_045512.2	3178	T	C	13687	6422	46	15	13	35	0.00109417	13709	0.424781	FALSE	ORF1ab:cds-YP_009725295.1	CCT	P	CCC	P	971
NC_045512.2	3178	T	A	13687	6422	46	6	5	32	0.000437669	13709	0.968091	FALSE	ORF1ab:cds-YP_009724389.1	CCT	P	CCA	P	971
NC_045512.2	3178	T	A	13687	6422	46	6	5	32	0.000437669	13709	0.968091	FALSE	ORF1ab:cds-YP_009725295.1	CCT	P	CCA	P	971
NC_045512.2	3178	T	-GAA	13687	6422	46	16	0	20	0.00116712	13709	1	FALSE	NA	NA	NA	NA	NA	NA
NC_045512.2	3179	G	T	14053	6609	46	12	12	32	0.000852697	14073	0.720081	FALSE	ORF1ab:cds-YP_009724389.1	GAA	E	TAA	*	972
NC_045512.2	3179	G	T	14053	6609	46	12	12	32	0.000852697	14073	0.720081	FALSE	ORF1ab:cds-YP_009725295.1	GAA	E	TAA	*	972
NC_045512.2	3179	G	C	14053	6609	46	7	7	31	0.000497406	14073	0.960491	FALSE	ORF1ab:cds-YP_009724389.1	GAA	E	CAA	Q	972
NC_045512.2	3179	G	C	14053	6609	46	7	7	31	0.000497406	14073	0.960491	FALSE	ORF1ab:cds-YP_009725295.1	GAA	E	CAA	Q	972
NC_045512.2	3179	G	A	14053	6609	46	1	1	26	7.10581e-05	14073	1	FALSE	ORF1ab:cds-YP_009724389.1	GAA	E	AAA	K	972
NC_045512.2	3179	G	A	14053	6609	46	1	1	26	7.10581e-05	14073	1	FALSE	ORF1ab:cds-YP_009725295.1	GAA	E	AAA	K	972
NC_045512.2	3180	A	T	11931	4945	46	5	5	32	0.00041834	11952	0.961209	FALSE	ORF1ab:cds-YP_009724389.1	GAA	E	GTA	V	972
NC_045512.2	3180	A	T	11931	4945	46	5	5	32	0.00041834	11952	0.961209	FALSE	ORF1ab:cds-YP_009725295.1	GAA	E	GTA	V	972
NC_045512.2	3180	A	G	11931	4945	46	11	9	31	0.000920348	11952	0.582196	FALSE	ORF1ab:cds-YP_009724389.1	GAA	E	GGA	G	972
NC_045512.2	3180	A	G	11931	4945	46	11	9	31	0.000920348	11952	0.582196	FALSE	ORF1ab:cds-YP_009725295.1	GAA	E	GGA	G	972
NC_045512.2	3180	A	C	11931	4945	46	5	4	34	0.00041834	11952	0.961209	FALSE	ORF1ab:cds-YP_009724389.1	GAA	E	GCA	A	972
NC_045512.2	3180	A	C	11931	4945	46	5	4	34	0.00041834	11952	0.961209	FALSE	ORF1ab:cds-YP_009725295.1	GAA	E	GCA	A	972
NC_045512.2	3181	A	T	11806	4997	46	6	6	32	0.000507657	11819	0.927812	FALSE	ORF1ab:cds-YP_009724389.1	GAA	E	GAT	D	972
NC_045512.2	3181	A	T	11806	4997	46	6	6	32	0.000507657	11819	0.927812	FALSE	ORF1ab:cds-YP_009725295.1	GAA	E	GAT	D	972
NC_045512.2	3181	A	G	11806	4997	46	6	5	34	0.000507657	11819	0.927812	FALSE	ORF1ab:cds-YP_009724389.1	GAA	E	GAG	E	972
NC_045512.2	3181	A	G	11806	4997	46	6	5	34	0.000507657	11819	0.927812	FALSE	ORF1ab:cds-YP_009725295.1	GAA	E	GAG	E	972
NC_045512.2	3181	A	C	11806	4997	46	1	1	34	8.46095e-05	11819	0.999753	FALSE	ORF1ab:cds-YP_009724389.1	GAA	E	GAC	D	972
NC_045512.2	3181	A	C	11806	4997	46	1	1	34	8.46095e-05	11819	0.999753	FALSE	ORF1ab:cds-YP_009725295.1	GAA	E	GAC	D	972
NC_045512.2	3182	G	T	11986	4985	46	1	1	34	8.33264e-05	12001	0.999877	FALSE	ORF1ab:cds-YP_009724389.1	GAA	E	TAA	*	973
NC_045512.2	3182	G	T	11986	4985	46	1	1	34	8.33264e-05	12001	0.999877	FALSE	ORF1ab:cds-YP_009725295.1	GAA	E	TAA	*	973
NC_045512.2	3182	G	C	11986	4985	46	1	1	26	8.33264e-05	12001	1	FALSE	ORF1ab:cds-YP_009724389.1	GAA	E	CAA	Q	973
NC_045512.2	3182	G	C	11986	4985	46	1	1	26	8.33264e-05	12001	1	FALSE	ORF1ab:cds-YP_009725295.1	GAA	E	CAA	Q	973
NC_045512.2	3182	G	A	11986	4985	46	13	13	33	0.00108324	12001	0.499916	FALSE	ORF1ab:cds-YP_009724389.1	GAA	E	AAA	K	973
NC_045512.2	3182	G	A	11986	4985	46	13	13	33	0.00108324	12001	0.499916	FALSE	ORF1ab:cds-YP_009725295.1	GAA	E	AAA	K	973
NC_045512.2	3183	A	T	11895	5227	47	1	1	26	8.39983e-05	11905	1	FALSE	ORF1ab:cds-YP_009724389.1	GAA	E	GTA	V	973
NC_045512.2	3183	A	T	11895	5227	47	1	1	26	8.39983e-05	11905	1	FALSE	ORF1ab:cds-YP_009725295.1	GAA	E	GTA	V	973
NC_045512.2	3183	A	G	11895	5227	47	9	9	34	0.000755985	11905	0.748369	FALSE	ORF1ab:cds-YP_009724389.1	GAA	E	GGA	G	973
NC_045512.2	3183	A	G	11895	5227	47	9	9	34	0.000755985	11905	0.748369	FALSE	ORF1ab:cds-YP_009725295.1	GAA	E	GGA	G	973
NC_045512.2	3183	A	-AG	11895	5227	47	1	0	20	8.39983e-05	11905	1	FALSE	NA	NA	NA	NA	NA	NA
NC_045512.2	3184	A	T	12051	5292	47	2	2	34	0.000165851	12059	0.999084	FALSE	ORF1ab:cds-YP_009724389.1	GAA	E	GAT	D	973
NC_045512.2	3184	A	T	12051	5292	47	2	2	34	0.000165851	12059	0.999084	FALSE	ORF1ab:cds-YP_009725295.1	GAA	E	GAT	D	973
NC_045512.2	3184	A	G	12051	5292	47	5	3	38	0.000414628	12059	0.975489	FALSE	ORF1ab:cds-YP_009724389.1	GAA	E	GAG	E	973
NC_045512.2	3184	A	G	12051	5292	47	5	3	38	0.000414628	12059	0.975489	FALSE	ORF1ab:cds-YP_009725295.1	GAA	E	GAG	E	973
NC_045512.2	3184	A	C	12051	5292	47	1	1	26	8.29256e-05	12059	1	FALSE	ORF1ab:cds-YP_009724389.1	GAA	E	GAC	D	973
NC_045512.2	3184	A	C	12051	5292	47	1	1	26	8.29256e-05	12059	1	FALSE	ORF1ab:cds-YP_009725295.1	GAA	E	GAC	D	973
NC_045512.2	3185	G	T	12081	5283	47	1	1	34	8.26515e-05	12099	0.999877	FALSE	ORF1ab:cds-YP_009724389.1	GAG	E	TAG	*	974
NC_045512.2	3185	G	T	12081	5283	47	1	1	34	8.26515e-05	12099	0.999877	FALSE	ORF1ab:cds-YP_009725295.1	GAG	E	TAG	*	974
NC_045512.2	3185	G	C	12081	5283	47	1	1	34	8.26515e-05	12099	0.999877	FALSE	ORF1ab:cds-YP_009724389.1	GAG	E	CAG	Q	974
NC_045512.2	3185	G	C	12081	5283	47	1	1	34	8.26515e-05	12099	0.999877	FALSE	ORF1ab:cds-YP_009725295.1	GAG	E	CAG	Q	974
NC_045512.2	3185	G	A	12081	5283	47	16	15	33	0.00132242	12099	0.285532	FALSE	ORF1ab:cds-YP_009724389.1	GAG	E	AAG	K	974
NC_045512.2	3185	G	A	12081	5283	47	16	15	33	0.00132242	12099	0.285532	FALSE	ORF1ab:cds-YP_009725295.1	GAG	E	AAG	K	974
NC_045512.2	3186	A	T	11995	5330	47	2	1	30	0.000166542	12009	0.999082	FALSE	ORF1ab:cds-YP_009724389.1	GAG	E	GTG	V	974
NC_045512.2	3186	A	T	11995	5330	47	2	1	30	0.000166542	12009	0.999082	FALSE	ORF1ab:cds-YP_009725295.1	GAG	E	GTG	V	974
NC_045512.2	3186	A	G	11995	5330	47	12	11	36	0.000999251	12009	0.58055	FALSE	ORF1ab:cds-YP_009724389.1	GAG	E	GGG	G	974
NC_045512.2	3186	A	G	11995	5330	47	12	11	36	0.000999251	12009	0.58055	FALSE	ORF1ab:cds-YP_009725295.1	GAG	E	GGG	G	974
NC_045512.2	3187	G	T	12439	5272	46	2	2	30	0.000160565	12456	0.999081	FALSE	ORF1ab:cds-YP_009724389.1	GAG	E	GAT	D	974
NC_045512.2	3187	G	T	12439	5272	46	2	2	30	0.000160565	12456	0.999081	FALSE	ORF1ab:cds-YP_009725295.1	GAG	E	GAT	D	974
NC_045512.2	3187	G	C	12439	5272	46	2	2	30	0.000160565	12456	0.999081	FALSE	ORF1ab:cds-YP_009724389.1	GAG	E	GAC	D	974
NC_045512.2	3187	G	C	12439	5272	46	2	2	30	0.000160565	12456	0.999081	FALSE	ORF1ab:cds-YP_009725295.1	GAG	E	GAC	D	974
NC_045512.2	3187	G	A	12439	5272	46	13	13	33	0.00104367	12456	0.499757	FALSE	ORF1ab:cds-YP_009724389.1	GAG	E	GAA	E	974
NC_045512.2	3187	G	A	12439	5272	46	13	13	33	0.00104367	12456	0.499757	FALSE	ORF1ab:cds-YP_009725295.1	GAG	E	GAA	E	974
NC_045512.2	3188	C	T	12483	5812	48	1	1	34	7.9968e-05	12505	0.999877	FALSE	ORF1ab:cds-YP_009724389.1	CAA	Q	TAA	*	975
NC_045512.2	3188	C	T	12483	5812	48	1	1	34	7.9968e-05	12505	0.999877	FALSE	ORF1ab:cds-YP_009725295.1	CAA	Q	TAA	*	975
NC_045512.2	3188	C	G	12483	5812	48	12	12	32	0.000959616	12505	0.579932	FALSE	ORF1ab:cds-YP_009724389.1	CAA	Q	GAA	E	975
NC_045512.2	3188	C	G	12483	5812	48	12	12	32	0.000959616	12505	0.579932	FALSE	ORF1ab:cds-YP_009725295.1	CAA	Q	GAA	E	975
NC_045512.2	3188	C	A	12483	5812	48	9	7	30	0.000719712	12505	0.80784	FALSE	ORF1ab:cds-YP_009724389.1	CAA	Q	AAA	K	975
NC_045512.2	3188	C	A	12483	5812	48	9	7	30	0.000719712	12505	0.80784	FALSE	ORF1ab:cds-YP_009725295.1	CAA	Q	AAA	K	975
NC_045512.2	3188	C	-AAGAAG	12483	5812	48	1	0	20	7.9968e-05	12505	1	FALSE	NA	NA	NA	NA	NA	NA
NC_045512.2	3189	A	T	12605	5797	48	2	2	34	0.000158466	12621	0.99908	FALSE	ORF1ab:cds-YP_009724389.1	CAA	Q	CTA	L	975
NC_045512.2	3189	A	T	12605	5797	48	2	2	34	0.000158466	12621	0.99908	FALSE	ORF1ab:cds-YP_009725295.1	CAA	Q	CTA	L	975
NC_045512.2	3189	A	G	12605	5797	48	7	6	41	0.000554631	12621	0.035048	FALSE	ORF1ab:cds-YP_009724389.1	CAA	Q	CGA	R	975
NC_045512.2	3189	A	G	12605	5797	48	7	6	41	0.000554631	12621	0.035048	FALSE	ORF1ab:cds-YP_009725295.1	CAA	Q	CGA	R	975
NC_045512.2	3189	A	C	12605	5797	48	7	7	32	0.000554631	12621	0.916279	FALSE	ORF1ab:cds-YP_009724389.1	CAA	Q	CCA	P	975
NC_045512.2	3189	A	C	12605	5797	48	7	7	32	0.000554631	12621	0.916279	FALSE	ORF1ab:cds-YP_009725295.1	CAA	Q	CCA	P	975
NC_045512.2	3190	A	T	12597	5861	48	3	3	34	0.000237906	12610	0.996299	FALSE	ORF1ab:cds-YP_009724389.1	CAA	Q	CAT	H	975
NC_045512.2	3190	A	T	12597	5861	48	3	3	34	0.000237906	12610	0.996299	FALSE	ORF1ab:cds-YP_009725295.1	CAA	Q	CAT	H	975
NC_045512.2	3190	A	G	12597	5861	48	6	5	39	0.000475813	12610	0.951815	FALSE	ORF1ab:cds-YP_009724389.1	CAA	Q	CAG	Q	975
NC_045512.2	3190	A	G	12597	5861	48	6	5	39	0.000475813	12610	0.951815	FALSE	ORF1ab:cds-YP_009725295.1	CAA	Q	CAG	Q	975
NC_045512.2	3190	A	C	12597	5861	48	4	4	34	0.000317209	12610	0.989345	FALSE	ORF1ab:cds-YP_009724389.1	CAA	Q	CAC	H	975
NC_045512.2	3190	A	C	12597	5861	48	4	4	34	0.000317209	12610	0.989345	FALSE	ORF1ab:cds-YP_009725295.1	CAA	Q	CAC	H	975
NC_045512.2	3191	G	T	12935	5890	48	2	2	34	0.000154369	12956	0.999079	FALSE	ORF1ab:cds-YP_009724389.1	GAA	E	TAA	*	976
NC_045512.2	3191	G	T	12935	5890	48	2	2	34	0.000154369	12956	0.999079	FALSE	ORF1ab:cds-YP_009725295.1	GAA	E	TAA	*	976
NC_045512.2	3191	G	C	12935	5890	48	5	4	32	0.000385922	12956	0.97537	FALSE	ORF1ab:cds-YP_009724389.1	GAA	E	CAA	Q	976
NC_045512.2	3191	G	C	12935	5890	48	5	4	32	0.000385922	12956	0.97537	FALSE	ORF1ab:cds-YP_009725295.1	GAA	E	CAA	Q	976
NC_045512.2	3191	G	A	12935	5890	48	14	14	33	0.00108058	12956	0.421926	FALSE	ORF1ab:cds-YP_009724389.1	GAA	E	AAA	K	976
NC_045512.2	3191	G	A	12935	5890	48	14	14	33	0.00108058	12956	0.421926	FALSE	ORF1ab:cds-YP_009725295.1	GAA	E	AAA	K	976
NC_045512.2	3192	A	T	12738	6013	47	1	1	34	7.84375e-05	12749	0.999878	FALSE	ORF1ab:cds-YP_009724389.1	GAA	E	GTA	V	976
NC_045512.2	3192	A	T	12738	6013	47	1	1	34	7.84375e-05	12749	0.999878	FALSE	ORF1ab:cds-YP_009725295.1	GAA	E	GTA	V	976
NC_045512.2	3192	A	G	12738	6013	47	10	10	33	0.000784375	12749	0.738297	FALSE	ORF1ab:cds-YP_009724389.1	GAA	E	GGA	G	976
NC_045512.2	3192	A	G	12738	6013	47	10	10	33	0.000784375	12749	0.738297	FALSE	ORF1ab:cds-YP_009725295.1	GAA	E	GGA	G	976
NC_045512.2	3193	A	T	12979	6147	48	2	1	34	0.000153976	12989	0.999083	FALSE	ORF1ab:cds-YP_009724389.1	GAA	E	GAT	D	976
NC_045512.2	3193	A	T	12979	6147	48	2	1	34	0.000153976	12989	0.999083	FALSE	ORF1ab:cds-YP_009725295.1	GAA	E	GAT	D	976
NC_045512.2	3193	A	G	12979	6147	48	6	6	31	0.000461929	12989	0.951866	FALSE	ORF1ab:cds-YP_009724389.1	GAA	E	GAG	E	976
NC_045512.2	3193	A	G	12979	6147	48	6	6	31	0.000461929	12989	0.951866	FALSE	ORF1ab:cds-YP_009725295.1	GAA	E	GAG	E	976
NC_045512.2	3193	A	C	12979	6147	48	2	2	34	0.000153976	12989	0.999083	FALSE	ORF1ab:cds-YP_009724389.1	GAA	E	GAC	D	976
NC_045512.2	3193	A	C	12979	6147	48	2	2	34	0.000153976	12989	0.999083	FALSE	ORF1ab:cds-YP_009725295.1	GAA	E	GAC	D	976
NC_045512.2	3194	G	C	13027	6142	48	2	2	30	0.000153351	13042	0.99951	FALSE	ORF1ab:cds-YP_009724389.1	GAA	E	CAA	Q	977
NC_045512.2	3194	G	C	13027	6142	48	2	2	30	0.000153351	13042	0.99951	FALSE	ORF1ab:cds-YP_009725295.1	GAA	E	CAA	Q	977
NC_045512.2	3194	G	A	13027	6142	48	13	13	32	0.00099678	13042	0.577375	FALSE	ORF1ab:cds-YP_009724389.1	GAA	E	AAA	K	977
NC_045512.2	3194	G	A	13027	6142	48	13	13	32	0.00099678	13042	0.577375	FALSE	ORF1ab:cds-YP_009725295.1	GAA	E	AAA	K	977
NC_045512.2	3195	A	T	12777	6212	47	2	2	30	0.000156372	12790	0.999083	FALSE	ORF1ab:cds-YP_009724389.1	GAA	E	GTA	V	977
NC_045512.2	3195	A	T	12777	6212	47	2	2	30	0.000156372	12790	0.999083	FALSE	ORF1ab:cds-YP_009725295.1	GAA	E	GTA	V	977
NC_045512.2	3195	A	G	12777	6212	47	9	9	33	0.000703675	12790	0.808296	FALSE	ORF1ab:cds-YP_009724389.1	GAA	E	GGA	G	977
NC_045512.2	3195	A	G	12777	6212	47	9	9	33	0.000703675	12790	0.808296	FALSE	ORF1ab:cds-YP_009725295.1	GAA	E	GGA	G	977
NC_045512.2	3195	A	C	12777	6212	47	2	2	30	0.000156372	12790	0.999083	FALSE	ORF1ab:cds-YP_009724389.1	GAA	E	GCA	A	977
NC_045512.2	3195	A	C	12777	6212	47	2	2	30	0.000156372	12790	0.999083	FALSE	ORF1ab:cds-YP_009725295.1	GAA	E	GCA	A	977
NC_045512.2	3196	A	G	13214	6317	48	7	7	34	0.000529381	13223	0.94239	FALSE	ORF1ab:cds-YP_009724389.1	GAA	E	GAG	E	977
NC_045512.2	3196	A	G	13214	6317	48	7	7	34	0.000529381	13223	0.94239	FALSE	ORF1ab:cds-YP_009725295.1	GAA	E	GAG	E	977
NC_045512.2	3196	A	C	13214	6317	48	2	2	34	0.000151252	13223	0.999512	FALSE	ORF1ab:cds-YP_009724389.1	GAA	E	GAC	D	977
NC_045512.2	3196	A	C	13214	6317	48	2	2	34	0.000151252	13223	0.999512	FALSE	ORF1ab:cds-YP_009725295.1	GAA	E	GAC	D	977
NC_045512.2	3197	G	T	13241	6301	48	2	2	34	0.00015083	13260	0.999509	FALSE	ORF1ab:cds-YP_009724389.1	GAT	D	TAT	Y	978
NC_045512.2	3197	G	T	13241	6301	48	2	2	34	0.00015083	13260	0.999509	FALSE	ORF1ab:cds-YP_009725295.1	GAT	D	TAT	Y	978
NC_045512.2	3197	G	C	13241	6301	48	3	3	34	0.000226244	13260	0.9979	FALSE	ORF1ab:cds-YP_009724389.1	GAT	D	CAT	H	978
NC_045512.2	3197	G	C	13241	6301	48	3	3	34	0.000226244	13260	0.9979	FALSE	ORF1ab:cds-YP_009725295.1	GAT	D	CAT	H	978
NC_045512.2	3197	G	A	13241	6301	48	14	14	33	0.00105581	13260	0.499684	FALSE	ORF1ab:cds-YP_009724389.1	GAT	D	AAT	N	978
NC_045512.2	3197	G	A	13241	6301	48	14	14	33	0.00105581	13260	0.499684	FALSE	ORF1ab:cds-YP_009725295.1	GAT	D	AAT	N	978
NC_045512.2	3198	A	T	13027	6438	47	4	4	34	0.000306678	13043	0.99362	FALSE	ORF1ab:cds-YP_009724389.1	GAT	D	GTT	V	978
NC_045512.2	3198	A	T	13027	6438	47	4	4	34	0.000306678	13043	0.99362	FALSE	ORF1ab:cds-YP_009725295.1	GAT	D	GTT	V	978
NC_045512.2	3198	A	G	13027	6438	47	9	9	34	0.000690025	13043	0.856717	FALSE	ORF1ab:cds-YP_009724389.1	GAT	D	GGT	G	978
NC_045512.2	3198	A	G	13027	6438	47	9	9	34	0.000690025	13043	0.856717	FALSE	ORF1ab:cds-YP_009725295.1	GAT	D	GGT	G	978
NC_045512.2	3198	A	C	13027	6438	47	3	3	34	0.000230008	13043	0.997903	FALSE	ORF1ab:cds-YP_009724389.1	GAT	D	GCT	A	978
NC_045512.2	3198	A	C	13027	6438	47	3	3	34	0.000230008	13043	0.997903	FALSE	ORF1ab:cds-YP_009725295.1	GAT	D	GCT	A	978
NC_045512.2	3199	T	G	13031	6394	47	8	6	34	0.000612745	13056	0.904989	FALSE	ORF1ab:cds-YP_009724389.1	GAT	D	GAG	E	978
NC_045512.2	3199	T	G	13031	6394	47	8	6	34	0.000612745	13056	0.904989	FALSE	ORF1ab:cds-YP_009725295.1	GAT	D	GAG	E	978
NC_045512.2	3199	T	C	13031	6394	47	3	3	28	0.000229779	13056	1	FALSE	ORF1ab:cds-YP_009724389.1	GAT	D	GAC	D	978
NC_045512.2	3199	T	C	13031	6394	47	3	3	28	0.000229779	13056	1	FALSE	ORF1ab:cds-YP_009725295.1	GAT	D	GAC	D	978
NC_045512.2	3199	T	A	13031	6394	47	14	14	32	0.0010723	13056	0.499198	FALSE	ORF1ab:cds-YP_009724389.1	GAT	D	GAA	E	978
NC_045512.2	3199	T	A	13031	6394	47	14	14	32	0.0010723	13056	0.499198	FALSE	ORF1ab:cds-YP_009725295.1	GAT	D	GAA	E	978
NC_045512.2	3200	T	G	13285	6495	48	3	3	34	0.000225649	13295	0.997909	FALSE	ORF1ab:cds-YP_009724389.1	TGG	W	GGG	G	979
NC_045512.2	3200	T	G	13285	6495	48	3	3	34	0.000225649	13295	0.997909	FALSE	ORF1ab:cds-YP_009725295.1	TGG	W	GGG	G	979
NC_045512.2	3200	T	C	13285	6495	48	2	2	51	0.000150432	13295	0.249859	FALSE	ORF1ab:cds-YP_009724389.1	TGG	W	CGG	R	979
NC_045512.2	3200	T	C	13285	6495	48	2	2	51	0.000150432	13295	0.249859	FALSE	ORF1ab:cds-YP_009725295.1	TGG	W	CGG	R	979
NC_045512.2	3200	T	A	13285	6495	48	5	5	34	0.000376081	13295	0.984561	FALSE	ORF1ab:cds-YP_009724389.1	TGG	W	AGG	R	979
NC_045512.2	3200	T	A	13285	6495	48	5	5	34	0.000376081	13295	0.984561	FALSE	ORF1ab:cds-YP_009725295.1	TGG	W	AGG	R	979
NC_045512.2	3201	G	T	13551	6467	48	14	14	32	0.00103154	13572	0.499537	FALSE	ORF1ab:cds-YP_009724389.1	TGG	W	TTG	L	979
NC_045512.2	3201	G	T	13551	6467	48	14	14	32	0.00103154	13572	0.499537	FALSE	ORF1ab:cds-YP_009725295.1	TGG	W	TTG	L	979
NC_045512.2	3201	G	A	13551	6467	48	7	7	32	0.000515768	13572	0.942159	FALSE	ORF1ab:cds-YP_009724389.1	TGG	W	TAG	*	979
NC_045512.2	3201	G	A	13551	6467	48	7	7	32	0.000515768	13572	0.942159	FALSE	ORF1ab:cds-YP_009725295.1	TGG	W	TAG	*	979
NC_045512.2	3202	G	T	13621	6569	48	8	8	33	0.000586768	13634	0.905348	FALSE	ORF1ab:cds-YP_009724389.1	TGG	W	TGT	C	979
NC_045512.2	3202	G	T	13621	6569	48	8	8	33	0.000586768	13634	0.905348	FALSE	ORF1ab:cds-YP_009725295.1	TGG	W	TGT	C	979
NC_045512.2	3202	G	C	13621	6569	48	3	2	34	0.000220038	13634	0.997906	FALSE	ORF1ab:cds-YP_009724389.1	TGG	W	TGC	C	979
NC_045512.2	3202	G	C	13621	6569	48	3	2	34	0.000220038	13634	0.997906	FALSE	ORF1ab:cds-YP_009725295.1	TGG	W	TGC	C	979
NC_045512.2	3202	G	A	13621	6569	48	2	1	34	0.000146692	13634	0.999511	FALSE	ORF1ab:cds-YP_009724389.1	TGG	W	TGA	*	979
NC_045512.2	3202	G	A	13621	6569	48	2	1	34	0.000146692	13634	0.999511	FALSE	ORF1ab:cds-YP_009725295.1	TGG	W	TGA	*	979
NC_045512.2	3203	T	G	13410	6527	47	13	13	33	0.000968415	13424	0.577528	FALSE	ORF1ab:cds-YP_009724389.1	TTA	L	GTA	V	980
NC_045512.2	3203	T	G	13410	6527	47	13	13	33	0.000968415	13424	0.577528	FALSE	ORF1ab:cds-YP_009725295.1	TTA	L	GTA	V	980
NC_045512.2	3203	T	C	13410	6527	47	1	1	26	7.44934e-05	13424	1	FALSE	ORF1ab:cds-YP_009724389.1	TTA	L	CTA	L	980
NC_045512.2	3203	T	C	13410	6527	47	1	1	26	7.44934e-05	13424	1	FALSE	ORF1ab:cds-YP_009725295.1	TTA	L	CTA	L	980
NC_045512.2	3204	T	G	13701	6888	49	10	10	30	0.000729182	13714	0.797564	FALSE	ORF1ab:cds-YP_009724389.1	TTA	L	TGA	*	980
NC_045512.2	3204	T	G	13701	6888	49	10	10	30	0.000729182	13714	0.797564	FALSE	ORF1ab:cds-YP_009725295.1	TTA	L	TGA	*	980
NC_045512.2	3204	T	C	13701	6888	49	1	1	27	7.29182e-05	13714	1	FALSE	ORF1ab:cds-YP_009724389.1	TTA	L	TCA	S	980
NC_045512.2	3204	T	C	13701	6888	49	1	1	27	7.29182e-05	13714	1	FALSE	ORF1ab:cds-YP_009725295.1	TTA	L	TCA	S	980
NC_045512.2	3204	T	A	13701	6888	49	2	2	30	0.000145836	13714	0.999511	FALSE	ORF1ab:cds-YP_009724389.1	TTA	L	TAA	*	980
NC_045512.2	3204	T	A	13701	6888	49	2	2	30	0.000145836	13714	0.999511	FALSE	ORF1ab:cds-YP_009725295.1	TTA	L	TAA	*	980
NC_045512.2	3204	T	+AG	13701	6888	49	1	0	20	7.29182e-05	13714	1	FALSE	NA	NA	NA	NA	NA	NA
NC_045512.2	3205	A	T	13721	6901	49	16	16	33	0.00116423	13743	0.355094	FALSE	ORF1ab:cds-YP_009724389.1	TTA	L	TTT	F	980
NC_045512.2	3205	A	T	13721	6901	49	16	16	33	0.00116423	13743	0.355094	FALSE	ORF1ab:cds-YP_009725295.1	TTA	L	TTT	F	980
NC_045512.2	3205	A	G	13721	6901	49	5	5	34	0.000363822	13743	0.98449	FALSE	ORF1ab:cds-YP_009724389.1	TTA	L	TTG	L	980
NC_045512.2	3205	A	G	13721	6901	49	5	5	34	0.000363822	13743	0.98449	FALSE	ORF1ab:cds-YP_009725295.1	TTA	L	TTG	L	980
NC_045512.2	3205	A	C	13721	6901	49	1	1	34	7.27643e-05	13743	0.999939	FALSE	ORF1ab:cds-YP_009724389.1	TTA	L	TTC	F	980
NC_045512.2	3205	A	C	13721	6901	49	1	1	34	7.27643e-05	13743	0.999939	FALSE	ORF1ab:cds-YP_009725295.1	TTA	L	TTC	F	980
NC_045512.2	3206	G	T	14424	7001	49	14	14	34	0.000968925	14449	0.574034	FALSE	ORF1ab:cds-YP_009724389.1	GAT	D	TAT	Y	981
NC_045512.2	3206	G	T	14424	7001	49	14	14	34	0.000968925	14449	0.574034	FALSE	ORF1ab:cds-YP_009725295.1	GAT	D	TAT	Y	981
NC_045512.2	3206	G	A	14424	7001	49	11	11	32	0.000761298	14449	0.787265	FALSE	ORF1ab:cds-YP_009724389.1	GAT	D	AAT	N	981
NC_045512.2	3206	G	A	14424	7001	49	11	11	32	0.000761298	14449	0.787265	FALSE	ORF1ab:cds-YP_009725295.1	GAT	D	AAT	N	981
NC_045512.2	3207	A	T	14106	7025	47	6	6	32	0.000424749	14126	0.979238	FALSE	ORF1ab:cds-YP_009724389.1	GAT	D	GTT	V	981
NC_045512.2	3207	A	T	14106	7025	47	6	6	32	0.000424749	14126	0.979238	FALSE	ORF1ab:cds-YP_009725295.1	GAT	D	GTT	V	981
NC_045512.2	3207	A	G	14106	7025	47	12	12	34	0.000849497	14126	0.721065	FALSE	ORF1ab:cds-YP_009724389.1	GAT	D	GGT	G	981
NC_045512.2	3207	A	G	14106	7025	47	12	12	34	0.000849497	14126	0.721065	FALSE	ORF1ab:cds-YP_009725295.1	GAT	D	GGT	G	981
NC_045512.2	3207	A	C	14106	7025	47	2	1	34	0.000141583	14126	0.999739	FALSE	ORF1ab:cds-YP_009724389.1	GAT	D	GCT	A	981
NC_045512.2	3207	A	C	14106	7025	47	2	1	34	0.000141583	14126	0.999739	FALSE	ORF1ab:cds-YP_009725295.1	GAT	D	GCT	A	981
NC_045512.2	3208	T	G	14480	7003	48	7	7	32	0.000482692	14502	0.960689	FALSE	ORF1ab:cds-YP_009724389.1	GAT	D	GAG	E	981
NC_045512.2	3208	T	G	14480	7003	48	7	7	32	0.000482692	14502	0.960689	FALSE	ORF1ab:cds-YP_009725295.1	GAT	D	GAG	E	981
NC_045512.2	3208	T	C	14480	7003	48	1	1	68	6.8956e-05	14502	0.499655	FALSE	ORF1ab:cds-YP_009724389.1	GAT	D	GAC	D	981
NC_045512.2	3208	T	C	14480	7003	48	1	1	68	6.8956e-05	14502	0.499655	FALSE	ORF1ab:cds-YP_009725295.1	GAT	D	GAC	D	981
NC_045512.2	3208	T	A	14480	7003	48	14	14	33	0.000965384	14502	0.574254	FALSE	ORF1ab:cds-YP_009724389.1	GAT	D	GAA	E	981
NC_045512.2	3208	T	A	14480	7003	48	14	14	33	0.000965384	14502	0.574254	FALSE	ORF1ab:cds-YP_009725295.1	GAT	D	GAA	E	981
NC_045512.2	3209	G	T	14538	7071	48	12	11	34	0.000824289	14558	0.721075	FALSE	ORF1ab:cds-YP_009724389.1	GAT	D	TAT	Y	982
NC_045512.2	3209	G	T	14538	7071	48	12	11	34	0.000824289	14558	0.721075	FALSE	ORF1ab:cds-YP_009725295.1	GAT	D	TAT	Y	982
NC_045512.2	3209	G	C	14538	7071	48	2	2	34	0.000137382	14558	0.999739	FALSE	ORF1ab:cds-YP_009724389.1	GAT	D	CAT	H	982
NC_045512.2	3209	G	C	14538	7071	48	2	2	34	0.000137382	14558	0.999739	FALSE	ORF1ab:cds-YP_009725295.1	GAT	D	CAT	H	982
NC_045512.2	3209	G	A	14538	7071	48	6	6	34	0.000412145	14558	0.97924	FALSE	ORF1ab:cds-YP_009724389.1	GAT	D	AAT	N	982
NC_045512.2	3209	G	A	14538	7071	48	6	6	34	0.000412145	14558	0.97924	FALSE	ORF1ab:cds-YP_009725295.1	GAT	D	AAT	N	982
NC_045512.2	3210	A	T	14659	7152	48	10	10	30	0.000681106	14682	0.845893	FALSE	ORF1ab:cds-YP_009724389.1	GAT	D	GTT	V	982
NC_045512.2	3210	A	T	14659	7152	48	10	10	30	0.000681106	14682	0.845893	FALSE	ORF1ab:cds-YP_009725295.1	GAT	D	GTT	V	982
NC_045512.2	3210	A	G	14659	7152	48	11	10	32	0.000749217	14682	0.787373	FALSE	ORF1ab:cds-YP_009724389.1	GAT	D	GGT	G	982
NC_045512.2	3210	A	G	14659	7152	48	11	10	32	0.000749217	14682	0.787373	FALSE	ORF1ab:cds-YP_009725295.1	GAT	D	GGT	G	982
NC_045512.2	3210	A	C	14659	7152	48	2	2	30	0.000136221	14682	0.999739	FALSE	ORF1ab:cds-YP_009724389.1	GAT	D	GCT	A	982
NC_045512.2	3210	A	C	14659	7152	48	2	2	30	0.000136221	14682	0.999739	FALSE	ORF1ab:cds-YP_009725295.1	GAT	D	GCT	A	982
NC_045512.2	3211	T	G	14501	6990	48	7	7	32	0.000482027	14522	0.960703	FALSE	ORF1ab:cds-YP_009724389.1	GAT	D	GAG	E	982
NC_045512.2	3211	T	G	14501	6990	48	7	7	32	0.000482027	14522	0.960703	FALSE	ORF1ab:cds-YP_009725295.1	GAT	D	GAG	E	982
NC_045512.2	3211	T	C	14501	6990	48	3	2	42	0.000206583	14522	0.312048	FALSE	ORF1ab:cds-YP_009724389.1	GAT	D	GAC	D	982
NC_045512.2	3211	T	C	14501	6990	48	3	2	42	0.000206583	14522	0.312048	FALSE	ORF1ab:cds-YP_009725295.1	GAT	D	GAC	D	982
NC_045512.2	3211	T	A	14501	6990	48	11	11	31	0.000757471	14522	0.787469	FALSE	ORF1ab:cds-YP_009724389.1	GAT	D	GAA	E	982
NC_045512.2	3211	T	A	14501	6990	48	11	11	31	0.000757471	14522	0.787469	FALSE	ORF1ab:cds-YP_009725295.1	GAT	D	GAA	E	982
NC_045512.2	3212	G	T	14567	7090	48	11	11	34	0.000754044	14588	0.787471	FALSE	ORF1ab:cds-YP_009724389.1	GAT	D	TAT	Y	983
NC_045512.2	3212	G	T	14567	7090	48	11	11	34	0.000754044	14588	0.787471	FALSE	ORF1ab:cds-YP_009725295.1	GAT	D	TAT	Y	983
NC_045512.2	3212	G	C	14567	7090	48	2	2	30	0.000137099	14588	0.999739	FALSE	ORF1ab:cds-YP_009724389.1	GAT	D	CAT	H	983
NC_045512.2	3212	G	C	14567	7090	48	2	2	30	0.000137099	14588	0.999739	FALSE	ORF1ab:cds-YP_009725295.1	GAT	D	CAT	H	983
NC_045512.2	3212	G	A	14567	7090	48	8	8	33	0.000548396	14588	0.932922	FALSE	ORF1ab:cds-YP_009724389.1	GAT	D	AAT	N	983
NC_045512.2	3212	G	A	14567	7090	48	8	8	33	0.000548396	14588	0.932922	FALSE	ORF1ab:cds-YP_009725295.1	GAT	D	AAT	N	983
NC_045512.2	3213	A	T	14622	7248	48	6	6	32	0.000409808	14641	0.979248	FALSE	ORF1ab:cds-YP_009724389.1	GAT	D	GTT	V	983
NC_045512.2	3213	A	T	14622	7248	48	6	6	32	0.000409808	14641	0.979248	FALSE	ORF1ab:cds-YP_009725295.1	GAT	D	GTT	V	983
NC_045512.2	3213	A	G	14622	7248	48	10	10	33	0.000683013	14641	0.846052	FALSE	ORF1ab:cds-YP_009724389.1	GAT	D	GGT	G	983
NC_045512.2	3213	A	G	14622	7248	48	10	10	33	0.000683013	14641	0.846052	FALSE	ORF1ab:cds-YP_009725295.1	GAT	D	GGT	G	983
NC_045512.2	3213	A	C	14622	7248	48	3	3	31	0.000204904	14641	0.99882	FALSE	ORF1ab:cds-YP_009724389.1	GAT	D	GCT	A	983
NC_045512.2	3213	A	C	14622	7248	48	3	3	31	0.000204904	14641	0.99882	FALSE	ORF1ab:cds-YP_009725295.1	GAT	D	GCT	A	983
NC_045512.2	3214	T	G	14487	7081	47	6	6	34	0.000413565	14508	0.979232	FALSE	ORF1ab:cds-YP_009724389.1	GAT	D	GAG	E	983
NC_045512.2	3214	T	G	14487	7081	47	6	6	34	0.000413565	14508	0.979232	FALSE	ORF1ab:cds-YP_009725295.1	GAT	D	GAG	E	983
NC_045512.2	3214	T	C	14487	7081	47	4	3	51	0.00027571	14508	0.0623493	FALSE	ORF1ab:cds-YP_009724389.1	GAT	D	GAC	D	983
NC_045512.2	3214	T	C	14487	7081	47	4	3	51	0.00027571	14508	0.0623493	FALSE	ORF1ab:cds-YP_009725295.1	GAT	D	GAC	D	983
NC_045512.2	3214	T	A	14487	7081	47	11	11	34	0.000758202	14508	0.787469	FALSE	ORF1ab:cds-YP_009724389.1	GAT	D	GAA	E	983
NC_045512.2	3214	T	A	14487	7081	47	11	11	34	0.000758202	14508	0.787469	FALSE	ORF1ab:cds-YP_009725295.1	GAT	D	GAA	E	983
NC_045512.2	3215	A	T	14583	7330	47	11	11	32	0.000753321	14602	0.787571	FALSE	ORF1ab:cds-YP_009724389.1	AGT	S	TGT	C	984
NC_045512.2	3215	A	T	14583	7330	47	11	11	32	0.000753321	14602	0.787571	FALSE	ORF1ab:cds-YP_009725295.1	AGT	S	TGT	C	984
NC_045512.2	3215	A	G	14583	7330	47	6	4	34	0.000410903	14602	0.979248	FALSE	ORF1ab:cds-YP_009724389.1	AGT	S	GGT	G	984
NC_045512.2	3215	A	G	14583	7330	47	6	4	34	0.000410903	14602	0.979248	FALSE	ORF1ab:cds-YP_009725295.1	AGT	S	GGT	G	984
NC_045512.2	3215	A	C	14583	7330	47	2	2	34	0.000136968	14602	0.999739	FALSE	ORF1ab:cds-YP_009724389.1	AGT	S	CGT	R	984
NC_045512.2	3215	A	C	14583	7330	47	2	2	34	0.000136968	14602	0.999739	FALSE	ORF1ab:cds-YP_009725295.1	AGT	S	CGT	R	984
NC_045512.2	3216	G	T	14726	7308	47	7	6	32	0.000474512	14752	0.960638	FALSE	ORF1ab:cds-YP_009724389.1	AGT	S	ATT	I	984
NC_045512.2	3216	G	T	14726	7308	47	7	6	32	0.000474512	14752	0.960638	FALSE	ORF1ab:cds-YP_009725295.1	AGT	S	ATT	I	984
NC_045512.2	3216	G	C	14726	7308	47	3	2	29	0.000203362	14752	1	FALSE	ORF1ab:cds-YP_009724389.1	AGT	S	ACT	T	984
NC_045512.2	3216	G	C	14726	7308	47	3	2	29	0.000203362	14752	1	FALSE	ORF1ab:cds-YP_009725295.1	AGT	S	ACT	T	984
NC_045512.2	3216	G	A	14726	7308	47	16	16	33	0.0010846	14752	0.42707	FALSE	ORF1ab:cds-YP_009724389.1	AGT	S	AAT	N	984
NC_045512.2	3216	G	A	14726	7308	47	16	16	33	0.0010846	14752	0.42707	FALSE	ORF1ab:cds-YP_009725295.1	AGT	S	AAT	N	984
NC_045512.2	3217	T	G	14654	7508	47	11	11	33	0.000749574	14675	0.787473	FALSE	ORF1ab:cds-YP_009724389.1	AGT	S	AGG	R	984
NC_045512.2	3217	T	G	14654	7508	47	11	11	33	0.000749574	14675	0.787473	FALSE	ORF1ab:cds-YP_009725295.1	AGT	S	AGG	R	984
NC_045512.2	3217	T	C	14654	7508	47	1	1	60	6.81431e-05	14675	0.499676	FALSE	ORF1ab:cds-YP_009724389.1	AGT	S	AGC	S	984
NC_045512.2	3217	T	C	14654	7508	47	1	1	60	6.81431e-05	14675	0.499676	FALSE	ORF1ab:cds-YP_009725295.1	AGT	S	AGC	S	984
NC_045512.2	3217	T	A	14654	7508	47	9	7	36	0.000613288	14675	0.894741	FALSE	ORF1ab:cds-YP_009724389.1	AGT	S	AGA	R	984
NC_045512.2	3217	T	A	14654	7508	47	9	7	36	0.000613288	14675	0.894741	FALSE	ORF1ab:cds-YP_009725295.1	AGT	S	AGA	R	984
NC_045512.2	3218	C	T	14854	7547	48	7	7	31	0.000470588	14875	0.960705	FALSE	ORF1ab:cds-YP_009724389.1	CAA	Q	TAA	*	985
NC_045512.2	3218	C	T	14854	7547	48	7	7	31	0.000470588	14875	0.960705	FALSE	ORF1ab:cds-YP_009725295.1	CAA	Q	TAA	*	985
NC_045512.2	3218	C	G	14854	7547	48	9	9	32	0.000605042	14875	0.894744	FALSE	ORF1ab:cds-YP_009724389.1	CAA	Q	GAA	E	985
NC_045512.2	3218	C	G	14854	7547	48	9	9	32	0.000605042	14875	0.894744	FALSE	ORF1ab:cds-YP_009725295.1	CAA	Q	GAA	E	985
NC_045512.2	3218	C	A	14854	7547	48	5	5	34	0.000336134	14875	0.990357	FALSE	ORF1ab:cds-YP_009724389.1	CAA	Q	AAA	K	985
NC_045512.2	3218	C	A	14854	7547	48	5	5	34	0.000336134	14875	0.990357	FALSE	ORF1ab:cds-YP_009725295.1	CAA	Q	AAA	K	985
NC_045512.2	3219	A	T	14795	7471	48	8	8	34	0.000539811	14820	0.932842	FALSE	ORF1ab:cds-YP_009724389.1	CAA	Q	CTA	L	985
NC_045512.2	3219	A	T	14795	7471	48	8	8	34	0.000539811	14820	0.932842	FALSE	ORF1ab:cds-YP_009725295.1	CAA	Q	CTA	L	985
NC_045512.2	3219	A	G	14795	7471	48	5	5	34	0.000337382	14820	0.990342	FALSE	ORF1ab:cds-YP_009724389.1	CAA	Q	CGA	R	985
NC_045512.2	3219	A	G	14795	7471	48	5	5	34	0.000337382	14820	0.990342	FALSE	ORF1ab:cds-YP_009725295.1	CAA	Q	CGA	R	985
NC_045512.2	3219	A	C	14795	7471	48	12	12	32	0.000809717	14820	0.720789	FALSE	ORF1ab:cds-YP_009724389.1	CAA	Q	CCA	P	985
NC_045512.2	3219	A	C	14795	7471	48	12	12	32	0.000809717	14820	0.720789	FALSE	ORF1ab:cds-YP_009725295.1	CAA	Q	CCA	P	985
NC_045512.2	3220	A	T	13374	7531	44	5	5	32	0.000373413	13390	0.984524	FALSE	ORF1ab:cds-YP_009724389.1	CAA	Q	CAT	H	985
NC_045512.2	3220	A	T	13374	7531	44	5	5	32	0.000373413	13390	0.984524	FALSE	ORF1ab:cds-YP_009725295.1	CAA	Q	CAT	H	985
NC_045512.2	3220	A	G	13374	7531	44	3	3	31	0.000224048	13390	0.997903	FALSE	ORF1ab:cds-YP_009724389.1	CAA	Q	CAG	Q	985
NC_045512.2	3220	A	G	13374	7531	44	3	3	31	0.000224048	13390	0.997903	FALSE	ORF1ab:cds-YP_009725295.1	CAA	Q	CAG	Q	985
NC_045512.2	3220	A	C	13374	7531	44	8	6	32	0.000597461	13390	0.90526	FALSE	ORF1ab:cds-YP_009724389.1	CAA	Q	CAC	H	985
NC_045512.2	3220	A	C	13374	7531	44	8	6	32	0.000597461	13390	0.90526	FALSE	ORF1ab:cds-YP_009725295.1	CAA	Q	CAC	H	985
NC_045512.2	3221	C	T	14863	7515	48	1	0	24	6.71862e-05	14884	1	FALSE	ORF1ab:cds-YP_009724389.1	CAA	Q	TAA	*	986
NC_045512.2	3221	C	T	14863	7515	48	1	0	24	6.71862e-05	14884	1	FALSE	ORF1ab:cds-YP_009725295.1	CAA	Q	TAA	*	986
NC_045512.2	3221	C	G	14863	7515	48	3	3	34	0.000201559	14884	0.998819	FALSE	ORF1ab:cds-YP_009724389.1	CAA	Q	GAA	E	986
NC_045512.2	3221	C	G	14863	7515	48	3	3	34	0.000201559	14884	0.998819	FALSE	ORF1ab:cds-YP_009725295.1	CAA	Q	GAA	E	986
NC_045512.2	3221	C	A	14863	7515	48	17	17	33	0.00114217	14884	0.359768	FALSE	ORF1ab:cds-YP_009724389.1	CAA	Q	AAA	K	986
NC_045512.2	3221	C	A	14863	7515	48	17	17	33	0.00114217	14884	0.359768	FALSE	ORF1ab:cds-YP_009725295.1	CAA	Q	AAA	K	986
NC_045512.2	3222	A	T	14831	7489	48	3	3	34	0.000202061	14847	0.998822	FALSE	ORF1ab:cds-YP_009724389.1	CAA	Q	CTA	L	986
NC_045512.2	3222	A	T	14831	7489	48	3	3	34	0.000202061	14847	0.998822	FALSE	ORF1ab:cds-YP_009725295.1	CAA	Q	CTA	L	986
NC_045512.2	3222	A	G	14831	7489	48	3	1	31	0.000202061	14847	0.998822	FALSE	ORF1ab:cds-YP_009724389.1	CAA	Q	CGA	R	986
NC_045512.2	3222	A	G	14831	7489	48	3	1	31	0.000202061	14847	0.998822	FALSE	ORF1ab:cds-YP_009725295.1	CAA	Q	CGA	R	986
NC_045512.2	3222	A	C	14831	7489	48	10	10	33	0.000673537	14847	0.846173	FALSE	ORF1ab:cds-YP_009724389.1	CAA	Q	CCA	P	986
NC_045512.2	3222	A	C	14831	7489	48	10	10	33	0.000673537	14847	0.846173	FALSE	ORF1ab:cds-YP_009725295.1	CAA	Q	CCA	P	986
NC_045512.2	3223	A	T	14892	7604	48	3	3	31	0.00020118	14912	0.99882	FALSE	ORF1ab:cds-YP_009724389.1	CAA	Q	CAT	H	986
NC_045512.2	3223	A	T	14892	7604	48	3	3	31	0.00020118	14912	0.99882	FALSE	ORF1ab:cds-YP_009725295.1	CAA	Q	CAT	H	986
NC_045512.2	3223	A	G	14892	7604	48	6	5	36	0.000402361	14912	0.979242	FALSE	ORF1ab:cds-YP_009724389.1	CAA	Q	CAG	Q	986
NC_045512.2	3223	A	G	14892	7604	48	6	5	36	0.000402361	14912	0.979242	FALSE	ORF1ab:cds-YP_009725295.1	CAA	Q	CAG	Q	986
NC_045512.2	3223	A	C	14892	7604	48	11	10	33	0.000737661	14912	0.787528	FALSE	ORF1ab:cds-YP_009724389.1	CAA	Q	CAC	H	986
NC_045512.2	3223	A	C	14892	7604	48	11	10	33	0.000737661	14912	0.787528	FALSE	ORF1ab:cds-YP_009725295.1	CAA	Q	CAC	H	986
NC_045512.2	3224	A	G	13661	7642	44	3	3	31	0.000219443	13671	0.997909	FALSE	ORF1ab:cds-YP_009724389.1	ACT	T	GCT	A	987
NC_045512.2	3224	A	G	13661	7642	44	3	3	31	0.000219443	13671	0.997909	FALSE	ORF1ab:cds-YP_009725295.1	ACT	T	GCT	A	987
NC_045512.2	3224	A	C	13661	7642	44	7	6	32	0.000512033	13671	0.942369	FALSE	ORF1ab:cds-YP_009724389.1	ACT	T	CCT	P	987
NC_045512.2	3224	A	C	13661	7642	44	7	6	32	0.000512033	13671	0.942369	FALSE	ORF1ab:cds-YP_009725295.1	ACT	T	CCT	P	987
NC_045512.2	3225	C	T	15143	7799	48	3	3	31	0.000197811	15166	0.99934	FALSE	ORF1ab:cds-YP_009724389.1	ACT	T	ATT	I	987
NC_045512.2	3225	C	T	15143	7799	48	3	3	31	0.000197811	15166	0.99934	FALSE	ORF1ab:cds-YP_009725295.1	ACT	T	ATT	I	987
NC_045512.2	3225	C	A	15143	7799	48	20	20	33	0.00131874	15166	0.24953	FALSE	ORF1ab:cds-YP_009724389.1	ACT	T	AAT	N	987
NC_045512.2	3225	C	A	15143	7799	48	20	20	33	0.00131874	15166	0.24953	FALSE	ORF1ab:cds-YP_009725295.1	ACT	T	AAT	N	987
NC_045512.2	3226	T	G	14937	7648	47	1	1	34	6.68628e-05	14956	0.999969	FALSE	ORF1ab:cds-YP_009724389.1	ACT	T	ACG	T	987
NC_045512.2	3226	T	G	14937	7648	47	1	1	34	6.68628e-05	14956	0.999969	FALSE	ORF1ab:cds-YP_009725295.1	ACT	T	ACG	T	987
NC_045512.2	3226	T	C	14937	7648	47	10	9	33	0.000668628	14956	0.846057	FALSE	ORF1ab:cds-YP_009724389.1	ACT	T	ACC	T	987
NC_045512.2	3226	T	C	14937	7648	47	10	9	33	0.000668628	14956	0.846057	FALSE	ORF1ab:cds-YP_009725295.1	ACT	T	ACC	T	987
NC_045512.2	3226	T	A	14937	7648	47	8	8	32	0.000534902	14956	0.932967	FALSE	ORF1ab:cds-YP_009724389.1	ACT	T	ACA	T	987
NC_045512.2	3226	T	A	14937	7648	47	8	8	32	0.000534902	14956	0.932967	FALSE	ORF1ab:cds-YP_009725295.1	ACT	T	ACA	T	987
NC_045512.2	3227	G	T	15043	7705	48	10	10	34	0.000663614	15069	0.88485	FALSE	ORF1ab:cds-YP_009724389.1	GTT	V	TTT	F	988
NC_045512.2	3227	G	T	15043	7705	48	10	10	34	0.000663614	15069	0.88485	FALSE	ORF1ab:cds-YP_009725295.1	GTT	V	TTT	F	988
NC_045512.2	3227	G	C	15043	7705	48	11	10	31	0.000729975	15069	0.836046	FALSE	ORF1ab:cds-YP_009724389.1	GTT	V	CTT	L	988
NC_045512.2	3227	G	C	15043	7705	48	11	10	31	0.000729975	15069	0.836046	FALSE	ORF1ab:cds-YP_009725295.1	GTT	V	CTT	L	988
NC_045512.2	3227	G	A	15043	7705	48	5	4	39	0.000331807	15069	0.994055	FALSE	ORF1ab:cds-YP_009724389.1	GTT	V	ATT	I	988
NC_045512.2	3227	G	A	15043	7705	48	5	4	39	0.000331807	15069	0.994055	FALSE	ORF1ab:cds-YP_009725295.1	GTT	V	ATT	I	988
NC_045512.2	3228	T	G	14853	7563	47	11	11	32	0.000739695	14871	0.787625	FALSE	ORF1ab:cds-YP_009724389.1	GTT	V	GGT	G	988
NC_045512.2	3228	T	G	14853	7563	47	11	11	32	0.000739695	14871	0.787625	FALSE	ORF1ab:cds-YP_009725295.1	GTT	V	GGT	G	988
NC_045512.2	3228	T	C	14853	7563	47	5	3	32	0.000336225	14871	0.990368	FALSE	ORF1ab:cds-YP_009724389.1	GTT	V	GCT	A	988
NC_045512.2	3228	T	C	14853	7563	47	5	3	32	0.000336225	14871	0.990368	FALSE	ORF1ab:cds-YP_009725295.1	GTT	V	GCT	A	988
NC_045512.2	3228	T	A	14853	7563	47	2	2	34	0.00013449	14871	0.99974	FALSE	ORF1ab:cds-YP_009724389.1	GTT	V	GAT	D	988
NC_045512.2	3228	T	A	14853	7563	47	2	2	34	0.00013449	14871	0.99974	FALSE	ORF1ab:cds-YP_009725295.1	GTT	V	GAT	D	988
NC_045512.2	3229	T	G	14903	7631	48	6	6	32	0.00040228	14915	0.979302	FALSE	ORF1ab:cds-YP_009724389.1	GTT	V	GTG	V	988
NC_045512.2	3229	T	G	14903	7631	48	6	6	32	0.00040228	14915	0.979302	FALSE	ORF1ab:cds-YP_009725295.1	GTT	V	GTG	V	988
NC_045512.2	3229	T	C	14903	7631	48	4	2	42	0.000268186	14915	0.187332	FALSE	ORF1ab:cds-YP_009724389.1	GTT	V	GTC	V	988
NC_045512.2	3229	T	C	14903	7631	48	4	2	42	0.000268186	14915	0.187332	FALSE	ORF1ab:cds-YP_009725295.1	GTT	V	GTC	V	988
NC_045512.2	3229	T	A	14903	7631	48	2	2	34	0.000134093	14915	0.99974	FALSE	ORF1ab:cds-YP_009724389.1	GTT	V	GTA	V	988
NC_045512.2	3229	T	A	14903	7631	48	2	2	34	0.000134093	14915	0.99974	FALSE	ORF1ab:cds-YP_009725295.1	GTT	V	GTA	V	988
NC_045512.2	3230	G	T	14901	7570	48	13	13	34	0.000871314	14920	0.649185	FALSE	ORF1ab:cds-YP_009724389.1	GGT	G	TGT	C	989
NC_045512.2	3230	G	T	14901	7570	48	13	13	34	0.000871314	14920	0.649185	FALSE	ORF1ab:cds-YP_009725295.1	GGT	G	TGT	C	989
NC_045512.2	3230	G	C	14901	7570	48	4	4	34	0.000268097	14920	0.996218	FALSE	ORF1ab:cds-YP_009724389.1	GGT	G	CGT	R	989
NC_045512.2	3230	G	C	14901	7570	48	4	4	34	0.000268097	14920	0.996218	FALSE	ORF1ab:cds-YP_009725295.1	GGT	G	CGT	R	989
NC_045512.2	3230	G	A	14901	7570	48	2	2	34	0.000134048	14920	0.999739	FALSE	ORF1ab:cds-YP_009724389.1	GGT	G	AGT	S	989
NC_045512.2	3230	G	A	14901	7570	48	2	2	34	0.000134048	14920	0.999739	FALSE	ORF1ab:cds-YP_009725295.1	GGT	G	AGT	S	989
NC_045512.2	3231	G	T	15072	7715	48	10	10	31	0.000662822	15087	0.885206	FALSE	ORF1ab:cds-YP_009724389.1	GGT	G	GTT	V	989
NC_045512.2	3231	G	T	15072	7715	48	10	10	31	0.000662822	15087	0.885206	FALSE	ORF1ab:cds-YP_009725295.1	GGT	G	GTT	V	989
NC_045512.2	3231	G	C	15072	7715	48	1	1	34	6.62822e-05	15087	0.999985	FALSE	ORF1ab:cds-YP_009724389.1	GGT	G	GCT	A	989
NC_045512.2	3231	G	C	15072	7715	48	1	1	34	6.62822e-05	15087	0.999985	FALSE	ORF1ab:cds-YP_009725295.1	GGT	G	GCT	A	989
NC_045512.2	3231	G	A	15072	7715	48	4	4	40	0.000265129	15087	0.187272	FALSE	ORF1ab:cds-YP_009724389.1	GGT	G	GAT	D	989
NC_045512.2	3231	G	A	15072	7715	48	4	4	40	0.000265129	15087	0.187272	FALSE	ORF1ab:cds-YP_009725295.1	GGT	G	GAT	D	989
NC_045512.2	3232	T	G	15125	7815	48	15	15	34	0.000990426	15145	0.571982	FALSE	ORF1ab:cds-YP_009724389.1	GGT	G	GGG	G	989
NC_045512.2	3232	T	G	15125	7815	48	15	15	34	0.000990426	15145	0.571982	FALSE	ORF1ab:cds-YP_009725295.1	GGT	G	GGG	G	989
NC_045512.2	3232	T	C	15125	7815	48	3	3	45	0.000198085	15145	0.312091	FALSE	ORF1ab:cds-YP_009724389.1	GGT	G	GGC	G	989
NC_045512.2	3232	T	C	15125	7815	48	3	3	45	0.000198085	15145	0.312091	FALSE	ORF1ab:cds-YP_009725295.1	GGT	G	GGC	G	989
NC_045512.2	3232	T	A	15125	7815	48	2	2	34	0.000132057	15145	0.999862	FALSE	ORF1ab:cds-YP_009724389.1	GGT	G	GGA	G	989
NC_045512.2	3232	T	A	15125	7815	48	2	2	34	0.000132057	15145	0.999862	FALSE	ORF1ab:cds-YP_009725295.1	GGT	G	GGA	G	989
NC_045512.2	3233	C	T	15207	7948	48	10	10	34	0.000656599	15230	0.88495	FALSE	ORF1ab:cds-YP_009724389.1	CAA	Q	TAA	*	990
NC_045512.2	3233	C	T	15207	7948	48	10	10	34	0.000656599	15230	0.88495	FALSE	ORF1ab:cds-YP_009725295.1	CAA	Q	TAA	*	990
NC_045512.2	3233	C	G	15207	7948	48	11	9	32	0.000722259	15230	0.836176	FALSE	ORF1ab:cds-YP_009724389.1	CAA	Q	GAA	E	990
NC_045512.2	3233	C	G	15207	7948	48	11	9	32	0.000722259	15230	0.836176	FALSE	ORF1ab:cds-YP_009725295.1	CAA	Q	GAA	E	990
NC_045512.2	3233	C	A	15207	7948	48	2	2	34	0.00013132	15230	0.999862	FALSE	ORF1ab:cds-YP_009724389.1	CAA	Q	AAA	K	990
NC_045512.2	3233	C	A	15207	7948	48	2	2	34	0.00013132	15230	0.999862	FALSE	ORF1ab:cds-YP_009725295.1	CAA	Q	AAA	K	990
NC_045512.2	3234	A	T	14947	7779	48	7	7	32	0.000467727	14966	0.960732	FALSE	ORF1ab:cds-YP_009724389.1	CAA	Q	CTA	L	990
NC_045512.2	3234	A	T	14947	7779	48	7	7	32	0.000467727	14966	0.960732	FALSE	ORF1ab:cds-YP_009725295.1	CAA	Q	CTA	L	990
NC_045512.2	3234	A	G	14947	7779	48	4	2	40	0.000267272	14966	0.187187	FALSE	ORF1ab:cds-YP_009724389.1	CAA	Q	CGA	R	990
NC_045512.2	3234	A	G	14947	7779	48	4	2	40	0.000267272	14966	0.187187	FALSE	ORF1ab:cds-YP_009725295.1	CAA	Q	CGA	R	990
NC_045512.2	3234	A	C	14947	7779	48	8	8	34	0.000534545	14966	0.932967	FALSE	ORF1ab:cds-YP_009724389.1	CAA	Q	CCA	P	990
NC_045512.2	3234	A	C	14947	7779	48	8	8	34	0.000534545	14966	0.932967	FALSE	ORF1ab:cds-YP_009725295.1	CAA	Q	CCA	P	990
NC_045512.2	3235	A	T	14667	7906	47	2	2	30	0.000136268	14677	0.999741	FALSE	ORF1ab:cds-YP_009724389.1	CAA	Q	CAT	H	990
NC_045512.2	3235	A	T	14667	7906	47	2	2	30	0.000136268	14677	0.999741	FALSE	ORF1ab:cds-YP_009725295.1	CAA	Q	CAT	H	990
NC_045512.2	3235	A	G	14667	7906	47	2	2	34	0.000136268	14677	0.999741	FALSE	ORF1ab:cds-YP_009724389.1	CAA	Q	CAG	Q	990
NC_045512.2	3235	A	G	14667	7906	47	2	2	34	0.000136268	14677	0.999741	FALSE	ORF1ab:cds-YP_009725295.1	CAA	Q	CAG	Q	990
NC_045512.2	3235	A	C	14667	7906	47	6	6	34	0.000408803	14677	0.979317	FALSE	ORF1ab:cds-YP_009724389.1	CAA	Q	CAC	H	990
NC_045512.2	3235	A	C	14667	7906	47	6	6	34	0.000408803	14677	0.979317	FALSE	ORF1ab:cds-YP_009725295.1	CAA	Q	CAC	H	990
NC_045512.2	3236	C	G	15077	7962	48	3	3	34	0.000198741	15095	0.999342	FALSE	ORF1ab:cds-YP_009724389.1	CAA	Q	GAA	E	991
NC_045512.2	3236	C	G	15077	7962	48	3	3	34	0.000198741	15095	0.999342	FALSE	ORF1ab:cds-YP_009725295.1	CAA	Q	GAA	E	991
NC_045512.2	3236	C	A	15077	7962	48	15	14	33	0.000993707	15095	0.572124	FALSE	ORF1ab:cds-YP_009724389.1	CAA	Q	AAA	K	991
NC_045512.2	3236	C	A	15077	7962	48	15	14	33	0.000993707	15095	0.572124	FALSE	ORF1ab:cds-YP_009725295.1	CAA	Q	AAA	K	991
NC_045512.2	3237	A	T	15023	7905	48	1	1	34	6.65203e-05	15033	0.999985	FALSE	ORF1ab:cds-YP_009724389.1	CAA	Q	CTA	L	991
NC_045512.2	3237	A	T	15023	7905	48	1	1	34	6.65203e-05	15033	0.999985	FALSE	ORF1ab:cds-YP_009725295.1	CAA	Q	CTA	L	991
NC_045512.2	3237	A	C	15023	7905	48	9	8	31	0.000598683	15033	0.924287	FALSE	ORF1ab:cds-YP_009724389.1	CAA	Q	CCA	P	991
NC_045512.2	3237	A	C	15023	7905	48	9	8	31	0.000598683	15033	0.924287	FALSE	ORF1ab:cds-YP_009725295.1	CAA	Q	CCA	P	991
NC_045512.2	3238	A	T	15302	7975	48	3	1	45	0.000195848	15318	0.312194	FALSE	ORF1ab:cds-YP_009724389.1	CAA	Q	CAT	H	991
NC_045512.2	3238	A	T	15302	7975	48	3	1	45	0.000195848	15318	0.312194	FALSE	ORF1ab:cds-YP_009725295.1	CAA	Q	CAT	H	991
NC_045512.2	3238	A	G	15302	7975	48	7	6	47	0.000456979	15318	0.0350813	FALSE	ORF1ab:cds-YP_009724389.1	CAA	Q	CAG	Q	991
NC_045512.2	3238	A	G	15302	7975	48	7	6	47	0.000456979	15318	0.0350813	FALSE	ORF1ab:cds-YP_009725295.1	CAA	Q	CAG	Q	991
NC_045512.2	3238	A	C	15302	7975	48	6	6	32	0.000391696	15318	0.986678	FALSE	ORF1ab:cds-YP_009724389.1	CAA	Q	CAC	H	991
NC_045512.2	3238	A	C	15302	7975	48	6	6	32	0.000391696	15318	0.986678	FALSE	ORF1ab:cds-YP_009725295.1	CAA	Q	CAC	H	991
NC_045512.2	3239	G	T	14965	7679	47	2	2	30	0.000133458	14986	0.999739	FALSE	ORF1ab:cds-YP_009724389.1	GAC	D	TAC	Y	992
NC_045512.2	3239	G	T	14965	7679	47	2	2	30	0.000133458	14986	0.999739	FALSE	ORF1ab:cds-YP_009725295.1	GAC	D	TAC	Y	992
NC_045512.2	3239	G	C	14965	7679	47	4	4	32	0.000266916	14986	0.996215	FALSE	ORF1ab:cds-YP_009724389.1	GAC	D	CAC	H	992
NC_045512.2	3239	G	C	14965	7679	47	4	4	32	0.000266916	14986	0.996215	FALSE	ORF1ab:cds-YP_009725295.1	GAC	D	CAC	H	992
NC_045512.2	3239	G	A	14965	7679	47	15	15	32	0.00100093	14986	0.499638	FALSE	ORF1ab:cds-YP_009724389.1	GAC	D	AAC	N	992
NC_045512.2	3239	G	A	14965	7679	47	15	15	32	0.00100093	14986	0.499638	FALSE	ORF1ab:cds-YP_009725295.1	GAC	D	AAC	N	992
NC_045512.2	3240	A	T	14662	7907	46	2	2	34	0.000136305	14673	0.99974	FALSE	ORF1ab:cds-YP_009724389.1	GAC	D	GTC	V	992
NC_045512.2	3240	A	T	14662	7907	46	2	2	34	0.000136305	14673	0.99974	FALSE	ORF1ab:cds-YP_009725295.1	GAC	D	GTC	V	992
NC_045512.2	3240	A	G	14662	7907	46	9	9	34	0.000613371	14673	0.89504	FALSE	ORF1ab:cds-YP_009724389.1	GAC	D	GGC	G	992
NC_045512.2	3240	A	G	14662	7907	46	9	9	34	0.000613371	14673	0.89504	FALSE	ORF1ab:cds-YP_009725295.1	GAC	D	GGC	G	992
NC_045512.2	3241	C	T	15140	7980	48	1	1	34	6.59413e-05	15165	0.999985	FALSE	ORF1ab:cds-YP_009724389.1	GAC	D	GAT	D	992
NC_045512.2	3241	C	T	15140	7980	48	1	1	34	6.59413e-05	15165	0.999985	FALSE	ORF1ab:cds-YP_009725295.1	GAC	D	GAT	D	992
NC_045512.2	3241	C	G	15140	7980	48	9	9	30	0.000593472	15165	0.923939	FALSE	ORF1ab:cds-YP_009724389.1	GAC	D	GAG	E	992
NC_045512.2	3241	C	G	15140	7980	48	9	9	30	0.000593472	15165	0.923939	FALSE	ORF1ab:cds-YP_009725295.1	GAC	D	GAG	E	992
NC_045512.2	3241	C	A	15140	7980	48	15	14	35	0.00098912	15165	0.571624	FALSE	ORF1ab:cds-YP_009724389.1	GAC	D	GAA	E	992
NC_045512.2	3241	C	A	15140	7980	48	15	14	35	0.00098912	15165	0.571624	FALSE	ORF1ab:cds-YP_009725295.1	GAC	D	GAA	E	992
NC_045512.2	3242	G	T	15016	7875	48	1	1	26	6.65115e-05	15035	1	FALSE	ORF1ab:cds-YP_009724389.1	GGC	G	TGC	C	993
NC_045512.2	3242	G	T	15016	7875	48	1	1	26	6.65115e-05	15035	1	FALSE	ORF1ab:cds-YP_009725295.1	GGC	G	TGC	C	993
NC_045512.2	3242	G	C	15016	7875	48	10	10	32	0.000665115	15035	0.885076	FALSE	ORF1ab:cds-YP_009724389.1	GGC	G	CGC	R	993
NC_045512.2	3242	G	C	15016	7875	48	10	10	32	0.000665115	15035	0.885076	FALSE	ORF1ab:cds-YP_009725295.1	GGC	G	CGC	R	993
NC_045512.2	3242	G	A	15016	7875	48	8	7	38	0.000532092	15035	0.953337	FALSE	ORF1ab:cds-YP_009724389.1	GGC	G	AGC	S	993
NC_045512.2	3242	G	A	15016	7875	48	8	7	38	0.000532092	15035	0.953337	FALSE	ORF1ab:cds-YP_009725295.1	GGC	G	AGC	S	993
NC_045512.2	3243	G	T	15202	7873	48	2	2	26	0.000131458	15214	1	FALSE	ORF1ab:cds-YP_009724389.1	GGC	G	GTC	V	993
NC_045512.2	3243	G	T	15202	7873	48	2	2	26	0.000131458	15214	1	FALSE	ORF1ab:cds-YP_009725295.1	GGC	G	GTC	V	993
NC_045512.2	3243	G	C	15202	7873	48	2	2	34	0.000131458	15214	0.999863	FALSE	ORF1ab:cds-YP_009724389.1	GGC	G	GCC	A	993
NC_045512.2	3243	G	C	15202	7873	48	2	2	34	0.000131458	15214	0.999863	FALSE	ORF1ab:cds-YP_009725295.1	GGC	G	GCC	A	993
NC_045512.2	3243	G	A	15202	7873	48	8	7	38	0.000525831	15214	0.953446	FALSE	ORF1ab:cds-YP_009724389.1	GGC	G	GAC	D	993
NC_045512.2	3243	G	A	15202	7873	48	8	7	38	0.000525831	15214	0.953446	FALSE	ORF1ab:cds-YP_009725295.1	GGC	G	GAC	D	993
NC_045512.2	3244	C	T	15192	7936	48	1	1	68	6.57376e-05	15212	0.499704	FALSE	ORF1ab:cds-YP_009724389.1	GGC	G	GGT	G	993
NC_045512.2	3244	C	T	15192	7936	48	1	1	68	6.57376e-05	15212	0.499704	FALSE	ORF1ab:cds-YP_009725295.1	GGC	G	GGT	G	993
NC_045512.2	3244	C	G	15192	7936	48	15	15	33	0.000986064	15212	0.571983	FALSE	ORF1ab:cds-YP_009724389.1	GGC	G	GGG	G	993
NC_045512.2	3244	C	G	15192	7936	48	15	15	33	0.000986064	15212	0.571983	FALSE	ORF1ab:cds-YP_009725295.1	GGC	G	GGG	G	993
NC_045512.2	3244	C	A	15192	7936	48	4	4	34	0.00026295	15212	0.997779	FALSE	ORF1ab:cds-YP_009724389.1	GGC	G	GGA	G	993
NC_045512.2	3244	C	A	15192	7936	48	4	4	34	0.00026295	15212	0.997779	FALSE	ORF1ab:cds-YP_009725295.1	GGC	G	GGA	G	993
NC_045512.2	3245	A	T	15219	7803	48	1	1	34	6.55996e-05	15244	0.999985	FALSE	ORF1ab:cds-YP_009724389.1	AGT	S	TGT	C	994
NC_045512.2	3245	A	T	15219	7803	48	1	1	34	6.55996e-05	15244	0.999985	FALSE	ORF1ab:cds-YP_009725295.1	AGT	S	TGT	C	994
NC_045512.2	3245	A	G	15219	7803	48	12	10	39	0.000787195	15244	0.778455	FALSE	ORF1ab:cds-YP_009724389.1	AGT	S	GGT	G	994
NC_045512.2	3245	A	G	15219	7803	48	12	10	39	0.000787195	15244	0.778455	FALSE	ORF1ab:cds-YP_009725295.1	AGT	S	GGT	G	994
NC_045512.2	3245	A	C	15219	7803	48	12	11	32	0.000787195	15244	0.778455	FALSE	ORF1ab:cds-YP_009724389.1	AGT	S	CGT	R	994
NC_045512.2	3245	A	C	15219	7803	48	12	11	32	0.000787195	15244	0.778455	FALSE	ORF1ab:cds-YP_009725295.1	AGT	S	CGT	R	994
NC_045512.2	3246	G	T	15265	7794	48	1	1	34	6.54151e-05	15287	0.999985	FALSE	ORF1ab:cds-YP_009724389.1	AGT	S	ATT	I	994
NC_045512.2	3246	G	T	15265	7794	48	1	1	34	6.54151e-05	15287	0.999985	FALSE	ORF1ab:cds-YP_009725295.1	AGT	S	ATT	I	994
NC_045512.2	3246	G	C	15265	7794	48	3	3	31	0.000196245	15287	0.99934	FALSE	ORF1ab:cds-YP_009724389.1	AGT	S	ACT	T	994
NC_045512.2	3246	G	C	15265	7794	48	3	3	31	0.000196245	15287	0.99934	FALSE	ORF1ab:cds-YP_009725295.1	AGT	S	ACT	T	994
NC_045512.2	3246	G	A	15265	7794	48	18	17	35	0.00117747	15287	0.363882	FALSE	ORF1ab:cds-YP_009724389.1	AGT	S	AAT	N	994
NC_045512.2	3246	G	A	15265	7794	48	18	17	35	0.00117747	15287	0.363882	FALSE	ORF1ab:cds-YP_009725295.1	AGT	S	AAT	N	994
NC_045512.2	3247	T	G	15061	7661	48	12	12	32	0.00079565	15082	0.778656	FALSE	ORF1ab:cds-YP_009724389.1	AGT	S	AGG	R	994
NC_045512.2	3247	T	G	15061	7661	48	12	12	32	0.00079565	15082	0.778656	FALSE	ORF1ab:cds-YP_009725295.1	AGT	S	AGG	R	994
NC_045512.2	3247	T	C	15061	7661	48	3	2	45	0.000198913	15082	0.312065	FALSE	ORF1ab:cds-YP_009724389.1	AGT	S	AGC	S	994
NC_045512.2	3247	T	C	15061	7661	48	3	2	45	0.000198913	15082	0.312065	FALSE	ORF1ab:cds-YP_009725295.1	AGT	S	AGC	S	994
NC_045512.2	3247	T	A	15061	7661	48	6	6	34	0.000397825	15082	0.986652	FALSE	ORF1ab:cds-YP_009724389.1	AGT	S	AGA	R	994
NC_045512.2	3247	T	A	15061	7661	48	6	6	34	0.000397825	15082	0.986652	FALSE	ORF1ab:cds-YP_009725295.1	AGT	S	AGA	R	994
NC_045512.2	3248	G	T	15162	7698	48	9	9	34	0.000592846	15181	0.924078	FALSE	ORF1ab:cds-YP_009724389.1	GAG	E	TAG	*	995
NC_045512.2	3248	G	T	15162	7698	48	9	9	34	0.000592846	15181	0.924078	FALSE	ORF1ab:cds-YP_009725295.1	GAG	E	TAG	*	995
NC_045512.2	3248	G	C	15162	7698	48	1	1	34	6.58718e-05	15181	0.999985	FALSE	ORF1ab:cds-YP_009724389.1	GAG	E	CAG	Q	995
NC_045512.2	3248	G	C	15162	7698	48	1	1	34	6.58718e-05	15181	0.999985	FALSE	ORF1ab:cds-YP_009725295.1	GAG	E	CAG	Q	995
NC_045512.2	3248	G	A	15162	7698	48	9	8	36	0.000592846	15181	0.924078	FALSE	ORF1ab:cds-YP_009724389.1	GAG	E	AAG	K	995
NC_045512.2	3248	G	A	15162	7698	48	9	8	36	0.000592846	15181	0.924078	FALSE	ORF1ab:cds-YP_009725295.1	GAG	E	AAG	K	995
NC_045512.2	3249	A	T	15124	7759	48	3	3	34	0.000198138	15141	0.999342	FALSE	ORF1ab:cds-YP_009724389.1	GAG	E	GTG	V	995
NC_045512.2	3249	A	T	15124	7759	48	3	3	34	0.000198138	15141	0.999342	FALSE	ORF1ab:cds-YP_009725295.1	GAG	E	GTG	V	995
NC_045512.2	3249	A	G	15124	7759	48	14	13	33	0.000924642	15141	0.644398	FALSE	ORF1ab:cds-YP_009724389.1	GAG	E	GGG	G	995
NC_045512.2	3249	A	G	15124	7759	48	14	13	33	0.000924642	15141	0.644398	FALSE	ORF1ab:cds-YP_009725295.1	GAG	E	GGG	G	995
NC_045512.2	3250	G	T	15142	7731	48	4	4	32	0.000263887	15158	0.997783	FALSE	ORF1ab:cds-YP_009724389.1	GAG	E	GAT	D	995
NC_045512.2	3250	G	T	15142	7731	48	4	4	32	0.000263887	15158	0.997783	FALSE	ORF1ab:cds-YP_009725295.1	GAG	E	GAT	D	995
NC_045512.2	3250	G	C	15142	7731	48	1	1	34	6.59718e-05	15158	0.999985	FALSE	ORF1ab:cds-YP_009724389.1	GAG	E	GAC	D	995
NC_045512.2	3250	G	C	15142	7731	48	1	1	34	6.59718e-05	15158	0.999985	FALSE	ORF1ab:cds-YP_009725295.1	GAG	E	GAC	D	995
NC_045512.2	3250	G	A	15142	7731	48	11	11	34	0.000725689	15158	0.836468	FALSE	ORF1ab:cds-YP_009724389.1	GAG	E	GAA	E	995
NC_045512.2	3250	G	A	15142	7731	48	11	11	34	0.000725689	15158	0.836468	FALSE	ORF1ab:cds-YP_009725295.1	GAG	E	GAA	E	995
NC_045512.2	3251	G	T	15179	7843	48	1	1	34	6.58501e-05	15186	0.999985	FALSE	ORF1ab:cds-YP_009724389.1	GAC	D	TAC	Y	996
NC_045512.2	3251	G	T	15179	7843	48	1	1	34	6.58501e-05	15186	0.999985	FALSE	ORF1ab:cds-YP_009725295.1	GAC	D	TAC	Y	996
NC_045512.2	3251	G	A	15179	7843	48	6	6	32	0.000395101	15186	0.986724	FALSE	ORF1ab:cds-YP_009724389.1	GAC	D	AAC	N	996
NC_045512.2	3251	G	A	15179	7843	48	6	6	32	0.000395101	15186	0.986724	FALSE	ORF1ab:cds-YP_009725295.1	GAC	D	AAC	N	996
NC_045512.2	3252	A	T	14912	7782	47	1	1	26	6.69882e-05	14928	1	FALSE	ORF1ab:cds-YP_009724389.1	GAC	D	GTC	V	996
NC_045512.2	3252	A	T	14912	7782	47	1	1	26	6.69882e-05	14928	1	FALSE	ORF1ab:cds-YP_009725295.1	GAC	D	GTC	V	996
NC_045512.2	3252	A	G	14912	7782	47	14	13	32	0.000937835	14928	0.574688	FALSE	ORF1ab:cds-YP_009724389.1	GAC	D	GGC	G	996
NC_045512.2	3252	A	G	14912	7782	47	14	13	32	0.000937835	14928	0.574688	FALSE	ORF1ab:cds-YP_009725295.1	GAC	D	GGC	G	996
NC_045512.2	3252	A	C	14912	7782	47	1	1	34	6.69882e-05	14928	0.999969	FALSE	ORF1ab:cds-YP_009724389.1	GAC	D	GCC	A	996
NC_045512.2	3252	A	C	14912	7782	47	1	1	34	6.69882e-05	14928	0.999969	FALSE	ORF1ab:cds-YP_009725295.1	GAC	D	GCC	A	996
NC_045512.2	3253	C	T	15200	7868	47	4	4	30	0.000262743	15224	0.997775	FALSE	ORF1ab:cds-YP_009724389.1	GAC	D	GAT	D	996
NC_045512.2	3253	C	T	15200	7868	47	4	4	30	0.000262743	15224	0.997775	FALSE	ORF1ab:cds-YP_009725295.1	GAC	D	GAT	D	996
NC_045512.2	3253	C	G	15200	7868	47	8	7	33	0.000525486	15224	0.953261	FALSE	ORF1ab:cds-YP_009724389.1	GAC	D	GAG	E	996
NC_045512.2	3253	C	G	15200	7868	47	8	7	33	0.000525486	15224	0.953261	FALSE	ORF1ab:cds-YP_009725295.1	GAC	D	GAG	E	996
NC_045512.2	3253	C	A	15200	7868	47	12	11	32	0.000788229	15224	0.778506	FALSE	ORF1ab:cds-YP_009724389.1	GAC	D	GAA	E	996
NC_045512.2	3253	C	A	15200	7868	47	12	11	32	0.000788229	15224	0.778506	FALSE	ORF1ab:cds-YP_009725295.1	GAC	D	GAA	E	996
NC_045512.2	3253	C	+A	15200	7868	47	1	0	20	6.56858e-05	15224	1	FALSE	NA	NA	NA	NA	NA	NA
NC_045512.2	3254	A	T	14847	7629	47	2	2	34	0.000134499	14870	0.999739	FALSE	ORF1ab:cds-YP_009724389.1	AAT	N	TAT	Y	997
NC_045512.2	3254	A	T	14847	7629	47	2	2	34	0.000134499	14870	0.999739	FALSE	ORF1ab:cds-YP_009725295.1	AAT	N	TAT	Y	997
NC_045512.2	3254	A	G	14847	7629	47	9	7	33	0.000605245	14870	0.894685	FALSE	ORF1ab:cds-YP_009724389.1	AAT	N	GAT	D	997
NC_045512.2	3254	A	G	14847	7629	47	9	7	33	0.000605245	14870	0.894685	FALSE	ORF1ab:cds-YP_009725295.1	AAT	N	GAT	D	997
NC_045512.2	3254	A	C	14847	7629	47	12	11	34	0.000806994	14870	0.720907	FALSE	ORF1ab:cds-YP_009724389.1	AAT	N	CAT	H	997
NC_045512.2	3254	A	C	14847	7629	47	12	11	34	0.000806994	14870	0.720907	FALSE	ORF1ab:cds-YP_009725295.1	AAT	N	CAT	H	997
NC_045512.2	3255	A	T	14984	7810	48	1	1	34	6.66933e-05	14994	0.999969	FALSE	ORF1ab:cds-YP_009724389.1	AAT	N	ATT	I	997
NC_045512.2	3255	A	T	14984	7810	48	1	1	34	6.66933e-05	14994	0.999969	FALSE	ORF1ab:cds-YP_009725295.1	AAT	N	ATT	I	997
NC_045512.2	3255	A	G	14984	7810	48	5	5	40	0.000333467	14994	0.109289	FALSE	ORF1ab:cds-YP_009724389.1	AAT	N	AGT	S	997
NC_045512.2	3255	A	G	14984	7810	48	5	5	40	0.000333467	14994	0.109289	FALSE	ORF1ab:cds-YP_009725295.1	AAT	N	AGT	S	997
NC_045512.2	3255	A	C	14984	7810	48	4	3	32	0.000266773	14994	0.996232	FALSE	ORF1ab:cds-YP_009724389.1	AAT	N	ACT	T	997
NC_045512.2	3255	A	C	14984	7810	48	4	3	32	0.000266773	14994	0.996232	FALSE	ORF1ab:cds-YP_009725295.1	AAT	N	ACT	T	997
NC_045512.2	3256	T	G	15042	7799	48	2	2	34	0.000132776	15063	0.999862	FALSE	ORF1ab:cds-YP_009724389.1	AAT	N	AAG	K	997
NC_045512.2	3256	T	G	15042	7799	48	2	2	34	0.000132776	15063	0.999862	FALSE	ORF1ab:cds-YP_009725295.1	AAT	N	AAG	K	997
NC_045512.2	3256	T	C	15042	7799	48	4	4	34	0.000265551	15063	0.997778	FALSE	ORF1ab:cds-YP_009724389.1	AAT	N	AAC	N	997
NC_045512.2	3256	T	C	15042	7799	48	4	4	34	0.000265551	15063	0.997778	FALSE	ORF1ab:cds-YP_009725295.1	AAT	N	AAC	N	997
NC_045512.2	3256	T	A	15042	7799	48	15	15	34	0.000995818	15063	0.571908	FALSE	ORF1ab:cds-YP_009724389.1	AAT	N	AAA	K	997
NC_045512.2	3256	T	A	15042	7799	48	15	15	34	0.000995818	15063	0.571908	FALSE	ORF1ab:cds-YP_009725295.1	AAT	N	AAA	K	997
NC_045512.2	3257	C	T	14884	7880	47	13	13	33	0.000872015	14908	0.648859	FALSE	ORF1ab:cds-YP_009724389.1	CAG	Q	TAG	*	998
NC_045512.2	3257	C	T	14884	7880	47	13	13	33	0.000872015	14908	0.648859	FALSE	ORF1ab:cds-YP_009725295.1	CAG	Q	TAG	*	998
NC_045512.2	3257	C	G	14884	7880	47	1	1	34	6.70781e-05	14908	0.999969	FALSE	ORF1ab:cds-YP_009724389.1	CAG	Q	GAG	E	998
NC_045512.2	3257	C	G	14884	7880	47	1	1	34	6.70781e-05	14908	0.999969	FALSE	ORF1ab:cds-YP_009725295.1	CAG	Q	GAG	E	998
NC_045512.2	3257	C	A	14884	7880	47	10	9	36	0.000670781	14908	0.845859	FALSE	ORF1ab:cds-YP_009724389.1	CAG	Q	AAG	K	998
NC_045512.2	3257	C	A	14884	7880	47	10	9	36	0.000670781	14908	0.845859	FALSE	ORF1ab:cds-YP_009725295.1	CAG	Q	AAG	K	998
NC_045512.2	3258	A	T	14785	7772	46	5	5	32	0.000337769	14803	0.990368	FALSE	ORF1ab:cds-YP_009724389.1	CAG	Q	CTG	L	998
NC_045512.2	3258	A	T	14785	7772	46	5	5	32	0.000337769	14803	0.990368	FALSE	ORF1ab:cds-YP_009725295.1	CAG	Q	CTG	L	998
NC_045512.2	3258	A	G	14785	7772	46	3	2	42	0.000202662	14803	0.312133	FALSE	ORF1ab:cds-YP_009724389.1	CAG	Q	CGG	R	998
NC_045512.2	3258	A	G	14785	7772	46	3	2	42	0.000202662	14803	0.312133	FALSE	ORF1ab:cds-YP_009725295.1	CAG	Q	CGG	R	998
NC_045512.2	3258	A	C	14785	7772	46	10	10	33	0.000675539	14803	0.846094	FALSE	ORF1ab:cds-YP_009724389.1	CAG	Q	CCG	P	998
NC_045512.2	3258	A	C	14785	7772	46	10	10	33	0.000675539	14803	0.846094	FALSE	ORF1ab:cds-YP_009725295.1	CAG	Q	CCG	P	998
NC_045512.2	3259	G	T	15328	7875	47	5	5	34	0.000325584	15357	0.994049	FALSE	ORF1ab:cds-YP_009724389.1	CAG	Q	CAT	H	998
NC_045512.2	3259	G	T	15328	7875	47	5	5	34	0.000325584	15357	0.994049	FALSE	ORF1ab:cds-YP_009725295.1	CAG	Q	CAT	H	998
NC_045512.2	3259	G	C	15328	7875	47	9	9	34	0.000586052	15357	0.92385	FALSE	ORF1ab:cds-YP_009724389.1	CAG	Q	CAC	H	998
NC_045512.2	3259	G	C	15328	7875	47	9	9	34	0.000586052	15357	0.92385	FALSE	ORF1ab:cds-YP_009725295.1	CAG	Q	CAC	H	998
NC_045512.2	3259	G	A	15328	7875	47	15	15	31	0.000976753	15357	0.571349	FALSE	ORF1ab:cds-YP_009724389.1	CAG	Q	CAA	Q	998
NC_045512.2	3259	G	A	15328	7875	47	15	15	31	0.000976753	15357	0.571349	FALSE	ORF1ab:cds-YP_009725295.1	CAG	Q	CAA	Q	998
NC_045512.2	3260	A	T	15271	8165	46	2	2	34	0.000130787	15292	0.999862	FALSE	ORF1ab:cds-YP_009724389.1	ACA	T	TCA	S	999
NC_045512.2	3260	A	T	15271	8165	46	2	2	34	0.000130787	15292	0.999862	FALSE	ORF1ab:cds-YP_009725295.1	ACA	T	TCA	S	999
NC_045512.2	3260	A	G	15271	8165	46	13	12	34	0.000850118	15292	0.71388	FALSE	ORF1ab:cds-YP_009724389.1	ACA	T	GCA	A	999
NC_045512.2	3260	A	G	15271	8165	46	13	12	34	0.000850118	15292	0.71388	FALSE	ORF1ab:cds-YP_009725295.1	ACA	T	GCA	A	999
NC_045512.2	3260	A	C	15271	8165	46	6	6	30	0.000392362	15292	0.986652	FALSE	ORF1ab:cds-YP_009724389.1	ACA	T	CCA	P	999
NC_045512.2	3260	A	C	15271	8165	46	6	6	30	0.000392362	15292	0.986652	FALSE	ORF1ab:cds-YP_009725295.1	ACA	T	CCA	P	999
NC_045512.2	3261	C	T	15409	8227	46	2	2	34	0.000129584	15434	0.999862	FALSE	ORF1ab:cds-YP_009724389.1	ACA	T	ATA	I	999
NC_045512.2	3261	C	T	15409	8227	46	2	2	34	0.000129584	15434	0.999862	FALSE	ORF1ab:cds-YP_009725295.1	ACA	T	ATA	I	999
NC_045512.2	3261	C	G	15409	8227	46	4	3	40	0.000259168	15434	0.187075	FALSE	ORF1ab:cds-YP_009724389.1	ACA	T	AGA	R	999
NC_045512.2	3261	C	G	15409	8227	46	4	3	40	0.000259168	15434	0.187075	FALSE	ORF1ab:cds-YP_009725295.1	ACA	T	AGA	R	999
NC_045512.2	3261	C	A	15409	8227	46	19	19	31	0.00123105	15434	0.303363	FALSE	ORF1ab:cds-YP_009724389.1	ACA	T	AAA	K	999
NC_045512.2	3261	C	A	15409	8227	46	19	19	31	0.00123105	15434	0.303363	FALSE	ORF1ab:cds-YP_009725295.1	ACA	T	AAA	K	999
NC_045512.2	3261	C	-A	15409	8227	46	1	0	20	6.4792e-05	15434	1	FALSE	NA	NA	NA	NA	NA	NA
NC_045512.2	3262	A	T	14954	7845	46	4	4	42	0.000267112	14975	0.187124	FALSE	ORF1ab:cds-YP_009724389.1	ACA	T	ACT	T	999
NC_045512.2	3262	A	T	14954	7845	46	4	4	42	0.000267112	14975	0.187124	FALSE	ORF1ab:cds-YP_009725295.1	ACA	T	ACT	T	999
NC_045512.2	3262	A	G	14954	7845	46	7	5	32	0.000467446	14975	0.960693	FALSE	ORF1ab:cds-YP_009724389.1	ACA	T	ACG	T	999
NC_045512.2	3262	A	G	14954	7845	46	7	5	32	0.000467446	14975	0.960693	FALSE	ORF1ab:cds-YP_009725295.1	ACA	T	ACG	T	999
NC_045512.2	3262	A	C	14954	7845	46	10	10	33	0.00066778	14975	0.84594	FALSE	ORF1ab:cds-YP_009724389.1	ACA	T	ACC	T	999
NC_045512.2	3262	A	C	14954	7845	46	10	10	33	0.00066778	14975	0.84594	FALSE	ORF1ab:cds-YP_009725295.1	ACA	T	ACC	T	999
NC_045512.2	3263	A	T	15009	7907	46	1	1	20	6.65823e-05	15019	1	FALSE	ORF1ab:cds-YP_009724389.1	ACT	T	TCT	S	1000
NC_045512.2	3263	A	T	15009	7907	46	1	1	20	6.65823e-05	15019	1	FALSE	ORF1ab:cds-YP_009725295.1	ACT	T	TCT	S	1000
NC_045512.2	3263	A	G	15009	7907	46	6	5	32	0.000399494	15019	0.986708	FALSE	ORF1ab:cds-YP_009724389.1	ACT	T	GCT	A	1000
NC_045512.2	3263	A	G	15009	7907	46	6	5	32	0.000399494	15019	0.986708	FALSE	ORF1ab:cds-YP_009725295.1	ACT	T	GCT	A	1000
NC_045512.2	3263	A	C	15009	7907	46	3	3	34	0.000199747	15019	0.999344	FALSE	ORF1ab:cds-YP_009724389.1	ACT	T	CCT	P	1000
NC_045512.2	3263	A	C	15009	7907	46	3	3	34	0.000199747	15019	0.999344	FALSE	ORF1ab:cds-YP_009725295.1	ACT	T	CCT	P	1000
NC_045512.2	3264	C	T	15510	8133	45	3	3	34	0.000193162	15531	0.999341	FALSE	ORF1ab:cds-YP_009724389.1	ACT	T	ATT	I	1000
NC_045512.2	3264	C	T	15510	8133	45	3	3	34	0.000193162	15531	0.999341	FALSE	ORF1ab:cds-YP_009725295.1	ACT	T	ATT	I	1000
NC_045512.2	3264	C	G	15510	8133	45	1	1	26	6.43874e-05	15531	1	FALSE	ORF1ab:cds-YP_009724389.1	ACT	T	AGT	S	1000
NC_045512.2	3264	C	G	15510	8133	45	1	1	26	6.43874e-05	15531	1	FALSE	ORF1ab:cds-YP_009725295.1	ACT	T	AGT	S	1000
NC_045512.2	3264	C	A	15510	8133	45	17	17	32	0.00109459	15531	0.429773	FALSE	ORF1ab:cds-YP_009724389.1	ACT	T	AAT	N	1000
NC_045512.2	3264	C	A	15510	8133	45	17	17	32	0.00109459	15531	0.429773	FALSE	ORF1ab:cds-YP_009725295.1	ACT	T	AAT	N	1000
NC_045512.2	3265	T	G	15505	8119	45	2	2	30	0.000128808	15527	0.999862	FALSE	ORF1ab:cds-YP_009724389.1	ACT	T	ACG	T	1000
NC_045512.2	3265	T	G	15505	8119	45	2	2	30	0.000128808	15527	0.999862	FALSE	ORF1ab:cds-YP_009725295.1	ACT	T	ACG	T	1000
NC_045512.2	3265	T	C	15505	8119	45	13	12	38	0.000837251	15527	0.713826	FALSE	ORF1ab:cds-YP_009724389.1	ACT	T	ACC	T	1000
NC_045512.2	3265	T	C	15505	8119	45	13	12	38	0.000837251	15527	0.713826	FALSE	ORF1ab:cds-YP_009725295.1	ACT	T	ACC	T	1000
NC_045512.2	3265	T	A	15505	8119	45	7	7	34	0.000450828	15527	0.973673	FALSE	ORF1ab:cds-YP_009724389.1	ACT	T	ACA	T	1000
NC_045512.2	3265	T	A	15505	8119	45	7	7	34	0.000450828	15527	0.973673	FALSE	ORF1ab:cds-YP_009725295.1	ACT	T	ACA	T	1000
NC_045512.2	3266	A	T	15489	8082	45	13	12	36	0.000838061	15512	0.713767	FALSE	ORF1ab:cds-YP_009724389.1	ACT	T	TCT	S	1001
NC_045512.2	3266	A	T	15489	8082	45	13	12	36	0.000838061	15512	0.713767	FALSE	ORF1ab:cds-YP_009725295.1	ACT	T	TCT	S	1001
NC_045512.2	3266	A	G	15489	8082	45	5	4	39	0.000322331	15512	0.994064	FALSE	ORF1ab:cds-YP_009724389.1	ACT	T	GCT	A	1001
NC_045512.2	3266	A	G	15489	8082	45	5	4	39	0.000322331	15512	0.994064	FALSE	ORF1ab:cds-YP_009725295.1	ACT	T	GCT	A	1001
NC_045512.2	3266	A	C	15489	8082	45	5	5	30	0.000322331	15512	0.994064	FALSE	ORF1ab:cds-YP_009724389.1	ACT	T	CCT	P	1001
NC_045512.2	3266	A	C	15489	8082	45	5	5	30	0.000322331	15512	0.994064	FALSE	ORF1ab:cds-YP_009725295.1	ACT	T	CCT	P	1001
NC_045512.2	3267	C	T	15521	8157	45	4	4	34	0.000257417	15539	0.997781	FALSE	ORF1ab:cds-YP_009724389.1	ACT	T	ATT	I	1001
NC_045512.2	3267	C	T	15521	8157	45	4	4	34	0.000257417	15539	0.997781	FALSE	ORF1ab:cds-YP_009725295.1	ACT	T	ATT	I	1001
NC_045512.2	3267	C	G	15521	8157	45	1	1	34	6.43542e-05	15539	0.999985	FALSE	ORF1ab:cds-YP_009724389.1	ACT	T	AGT	S	1001
NC_045512.2	3267	C	G	15521	8157	45	1	1	34	6.43542e-05	15539	0.999985	FALSE	ORF1ab:cds-YP_009725295.1	ACT	T	AGT	S	1001
NC_045512.2	3267	C	A	15521	8157	45	13	13	33	0.000836605	15539	0.71406	FALSE	ORF1ab:cds-YP_009724389.1	ACT	T	AAT	N	1001
NC_045512.2	3267	C	A	15521	8157	45	13	13	33	0.000836605	15539	0.71406	FALSE	ORF1ab:cds-YP_009725295.1	ACT	T	AAT	N	1001
NC_045512.2	3268	T	G	14731	7459	45	2	2	30	0.00013563	14746	0.99974	FALSE	ORF1ab:cds-YP_009724389.1	ACT	T	ACG	T	1001
NC_045512.2	3268	T	G	14731	7459	45	2	2	30	0.00013563	14746	0.99974	FALSE	ORF1ab:cds-YP_009725295.1	ACT	T	ACG	T	1001
NC_045512.2	3268	T	C	14731	7459	45	9	9	34	0.000610335	14746	0.894921	FALSE	ORF1ab:cds-YP_009724389.1	ACT	T	ACC	T	1001
NC_045512.2	3268	T	C	14731	7459	45	9	9	34	0.000610335	14746	0.894921	FALSE	ORF1ab:cds-YP_009725295.1	ACT	T	ACC	T	1001
NC_045512.2	3268	T	A	14731	7459	45	4	3	32	0.00027126	14746	0.996224	FALSE	ORF1ab:cds-YP_009724389.1	ACT	T	ACA	T	1001
NC_045512.2	3268	T	A	14731	7459	45	4	3	32	0.00027126	14746	0.996224	FALSE	ORF1ab:cds-YP_009725295.1	ACT	T	ACA	T	1001
NC_045512.2	3269	A	T	14964	7673	46	8	8	32	0.000533974	14982	0.932988	FALSE	ORF1ab:cds-YP_009724389.1	ATT	I	TTT	F	1002
NC_045512.2	3269	A	T	14964	7673	46	8	8	32	0.000533974	14982	0.932988	FALSE	ORF1ab:cds-YP_009725295.1	ATT	I	TTT	F	1002
NC_045512.2	3269	A	G	14964	7673	46	6	3	39	0.000400481	14982	0.979257	FALSE	ORF1ab:cds-YP_009724389.1	ATT	I	GTT	V	1002
NC_045512.2	3269	A	G	14964	7673	46	6	3	39	0.000400481	14982	0.979257	FALSE	ORF1ab:cds-YP_009725295.1	ATT	I	GTT	V	1002
NC_045512.2	3269	A	C	14964	7673	46	4	4	32	0.000266987	14982	0.996219	FALSE	ORF1ab:cds-YP_009724389.1	ATT	I	CTT	L	1002
NC_045512.2	3269	A	C	14964	7673	46	4	4	32	0.000266987	14982	0.996219	FALSE	ORF1ab:cds-YP_009725295.1	ATT	I	CTT	L	1002
NC_045512.2	3270	T	G	14791	7520	45	4	4	30	0.000270124	14808	0.996221	FALSE	ORF1ab:cds-YP_009724389.1	ATT	I	AGT	S	1002
NC_045512.2	3270	T	G	14791	7520	45	4	4	30	0.000270124	14808	0.996221	FALSE	ORF1ab:cds-YP_009725295.1	ATT	I	AGT	S	1002
NC_045512.2	3270	T	C	14791	7520	45	3	3	45	0.000202593	14808	0.312158	FALSE	ORF1ab:cds-YP_009724389.1	ATT	I	ACT	T	1002
NC_045512.2	3270	T	C	14791	7520	45	3	3	45	0.000202593	14808	0.312158	FALSE	ORF1ab:cds-YP_009725295.1	ATT	I	ACT	T	1002
NC_045512.2	3270	T	A	14791	7520	45	10	10	34	0.000675311	14808	0.846134	FALSE	ORF1ab:cds-YP_009724389.1	ATT	I	AAT	N	1002
NC_045512.2	3270	T	A	14791	7520	45	10	10	34	0.000675311	14808	0.846134	FALSE	ORF1ab:cds-YP_009725295.1	ATT	I	AAT	N	1002
NC_045512.2	3271	T	G	14867	7628	46	1	1	34	6.72359e-05	14873	0.99997	FALSE	ORF1ab:cds-YP_009724389.1	ATT	I	ATG	M	1002
NC_045512.2	3271	T	G	14867	7628	46	1	1	34	6.72359e-05	14873	0.99997	FALSE	ORF1ab:cds-YP_009725295.1	ATT	I	ATG	M	1002
NC_045512.2	3271	T	C	14867	7628	46	1	1	68	6.72359e-05	14873	0.499933	FALSE	ORF1ab:cds-YP_009724389.1	ATT	I	ATC	I	1002
NC_045512.2	3271	T	C	14867	7628	46	1	1	68	6.72359e-05	14873	0.499933	FALSE	ORF1ab:cds-YP_009725295.1	ATT	I	ATC	I	1002
NC_045512.2	3271	T	A	14867	7628	46	4	4	34	0.000268944	14873	0.996238	FALSE	ORF1ab:cds-YP_009724389.1	ATT	I	ATA	I	1002
NC_045512.2	3271	T	A	14867	7628	46	4	4	34	0.000268944	14873	0.996238	FALSE	ORF1ab:cds-YP_009725295.1	ATT	I	ATA	I	1002
NC_045512.2	3272	C	T	14786	7547	46	13	13	33	0.000877963	14807	0.649052	FALSE	ORF1ab:cds-YP_009724389.1	CAA	Q	TAA	*	1003
NC_045512.2	3272	C	T	14786	7547	46	13	13	33	0.000877963	14807	0.649052	FALSE	ORF1ab:cds-YP_009725295.1	CAA	Q	TAA	*	1003
NC_045512.2	3272	C	G	14786	7547	46	4	3	34	0.000270143	14807	0.996214	FALSE	ORF1ab:cds-YP_009724389.1	CAA	Q	GAA	E	1003
NC_045512.2	3272	C	G	14786	7547	46	4	3	34	0.000270143	14807	0.996214	FALSE	ORF1ab:cds-YP_009725295.1	CAA	Q	GAA	E	1003
NC_045512.2	3272	C	A	14786	7547	46	4	4	32	0.000270143	14807	0.996214	FALSE	ORF1ab:cds-YP_009724389.1	CAA	Q	AAA	K	1003
NC_045512.2	3272	C	A	14786	7547	46	4	4	32	0.000270143	14807	0.996214	FALSE	ORF1ab:cds-YP_009725295.1	CAA	Q	AAA	K	1003
NC_045512.2	3273	A	T	14188	7094	46	6	6	32	0.000422386	14205	0.979262	FALSE	ORF1ab:cds-YP_009724389.1	CAA	Q	CTA	L	1003
NC_045512.2	3273	A	T	14188	7094	46	6	6	32	0.000422386	14205	0.979262	FALSE	ORF1ab:cds-YP_009725295.1	CAA	Q	CTA	L	1003
NC_045512.2	3273	A	C	14188	7094	46	11	11	33	0.000774375	14205	0.787667	FALSE	ORF1ab:cds-YP_009724389.1	CAA	Q	CCA	P	1003
NC_045512.2	3273	A	C	14188	7094	46	11	11	33	0.000774375	14205	0.787667	FALSE	ORF1ab:cds-YP_009725295.1	CAA	Q	CCA	P	1003
NC_045512.2	3274	A	T	14237	7084	45	7	7	31	0.000491159	14252	0.960782	FALSE	ORF1ab:cds-YP_009724389.1	CAA	Q	CAT	H	1003
NC_045512.2	3274	A	T	14237	7084	45	7	7	31	0.000491159	14252	0.960782	FALSE	ORF1ab:cds-YP_009725295.1	CAA	Q	CAT	H	1003
NC_045512.2	3274	A	G	14237	7084	45	4	3	40	0.000280662	14252	0.187259	FALSE	ORF1ab:cds-YP_009724389.1	CAA	Q	CAG	Q	1003
NC_045512.2	3274	A	G	14237	7084	45	4	3	40	0.000280662	14252	0.187259	FALSE	ORF1ab:cds-YP_009725295.1	CAA	Q	CAG	Q	1003
NC_045512.2	3274	A	C	14237	7084	45	4	3	32	0.000280662	14252	0.996224	FALSE	ORF1ab:cds-YP_009724389.1	CAA	Q	CAC	H	1003
NC_045512.2	3274	A	C	14237	7084	45	4	3	32	0.000280662	14252	0.996224	FALSE	ORF1ab:cds-YP_009725295.1	CAA	Q	CAC	H	1003
NC_045512.2	3275	A	T	12168	7181	42	1	1	34	8.21288e-05	12176	0.999878	FALSE	ORF1ab:cds-YP_009724389.1	ACA	T	TCA	S	1004
NC_045512.2	3275	A	T	12168	7181	42	1	1	34	8.21288e-05	12176	0.999878	FALSE	ORF1ab:cds-YP_009725295.1	ACA	T	TCA	S	1004
NC_045512.2	3275	A	G	12168	7181	42	2	2	30	0.000164258	12176	0.999085	FALSE	ORF1ab:cds-YP_009724389.1	ACA	T	GCA	A	1004
NC_045512.2	3275	A	G	12168	7181	42	2	2	30	0.000164258	12176	0.999085	FALSE	ORF1ab:cds-YP_009725295.1	ACA	T	GCA	A	1004
NC_045512.2	3275	A	C	12168	7181	42	5	4	32	0.000410644	12176	0.975499	FALSE	ORF1ab:cds-YP_009724389.1	ACA	T	CCA	P	1004
NC_045512.2	3275	A	C	12168	7181	42	5	4	32	0.000410644	12176	0.975499	FALSE	ORF1ab:cds-YP_009725295.1	ACA	T	CCA	P	1004
NC_045512.2	3276	C	G	14450	7261	46	1	1	34	6.91324e-05	14465	0.999969	FALSE	ORF1ab:cds-YP_009724389.1	ACA	T	AGA	R	1004
NC_045512.2	3276	C	G	14450	7261	46	1	1	34	6.91324e-05	14465	0.999969	FALSE	ORF1ab:cds-YP_009725295.1	ACA	T	AGA	R	1004
NC_045512.2	3276	C	A	14450	7261	46	14	14	34	0.000967853	14465	0.574759	FALSE	ORF1ab:cds-YP_009724389.1	ACA	T	AAA	K	1004
NC_045512.2	3276	C	A	14450	7261	46	14	14	34	0.000967853	14465	0.574759	FALSE	ORF1ab:cds-YP_009725295.1	ACA	T	AAA	K	1004
NC_045512.2	3277	A	T	14341	7247	46	3	3	34	0.000209001	14354	0.998823	FALSE	ORF1ab:cds-YP_009724389.1	ACA	T	ACT	T	1004
NC_045512.2	3277	A	T	14341	7247	46	3	3	34	0.000209001	14354	0.998823	FALSE	ORF1ab:cds-YP_009725295.1	ACA	T	ACT	T	1004
NC_045512.2	3277	A	G	14341	7247	46	1	1	34	6.9667e-05	14354	0.999969	FALSE	ORF1ab:cds-YP_009724389.1	ACA	T	ACG	T	1004
NC_045512.2	3277	A	G	14341	7247	46	1	1	34	6.9667e-05	14354	0.999969	FALSE	ORF1ab:cds-YP_009725295.1	ACA	T	ACG	T	1004
NC_045512.2	3277	A	C	14341	7247	46	9	8	34	0.000627003	14354	0.89498	FALSE	ORF1ab:cds-YP_009724389.1	ACA	T	ACC	T	1004
NC_045512.2	3277	A	C	14341	7247	46	9	8	34	0.000627003	14354	0.89498	FALSE	ORF1ab:cds-YP_009725295.1	ACA	T	ACC	T	1004
NC_045512.2	3278	A	T	14257	7152	46	1	1	34	7.01115e-05	14263	0.99997	FALSE	ORF1ab:cds-YP_009724389.1	ATT	I	TTT	F	1005
NC_045512.2	3278	A	T	14257	7152	46	1	1	34	7.01115e-05	14263	0.99997	FALSE	ORF1ab:cds-YP_009725295.1	ATT	I	TTT	F	1005
NC_045512.2	3278	A	G	14257	7152	46	2	2	30	0.000140223	14263	0.999741	FALSE	ORF1ab:cds-YP_009724389.1	ATT	I	GTT	V	1005
NC_045512.2	3278	A	G	14257	7152	46	2	2	30	0.000140223	14263	0.999741	FALSE	ORF1ab:cds-YP_009725295.1	ATT	I	GTT	V	1005
NC_045512.2	3278	A	C	14257	7152	46	3	3	28	0.000210334	14263	1	FALSE	ORF1ab:cds-YP_009724389.1	ATT	I	CTT	L	1005
NC_045512.2	3278	A	C	14257	7152	46	3	3	28	0.000210334	14263	1	FALSE	ORF1ab:cds-YP_009725295.1	ATT	I	CTT	L	1005
NC_045512.2	3279	T	G	14373	7156	46	4	1	34	0.000277758	14401	0.996203	FALSE	ORF1ab:cds-YP_009724389.1	ATT	I	AGT	S	1005
NC_045512.2	3279	T	G	14373	7156	46	4	1	34	0.000277758	14401	0.996203	FALSE	ORF1ab:cds-YP_009725295.1	ATT	I	AGT	S	1005
NC_045512.2	3279	T	C	14373	7156	46	10	8	33	0.000694396	14401	0.845682	FALSE	ORF1ab:cds-YP_009724389.1	ATT	I	ACT	T	1005
NC_045512.2	3279	T	C	14373	7156	46	10	8	33	0.000694396	14401	0.845682	FALSE	ORF1ab:cds-YP_009725295.1	ATT	I	ACT	T	1005
NC_045512.2	3279	T	A	14373	7156	46	14	14	32	0.000972155	14401	0.573814	FALSE	ORF1ab:cds-YP_009724389.1	ATT	I	AAT	N	1005
NC_045512.2	3279	T	A	14373	7156	46	14	14	32	0.000972155	14401	0.573814	FALSE	ORF1ab:cds-YP_009725295.1	ATT	I	AAT	N	1005
NC_045512.2	3280	T	G	14383	7160	45	3	1	45	0.000208362	14398	0.3122	FALSE	ORF1ab:cds-YP_009724389.1	ATT	I	ATG	M	1005
NC_045512.2	3280	T	G	14383	7160	45	3	1	45	0.000208362	14398	0.3122	FALSE	ORF1ab:cds-YP_009725295.1	ATT	I	ATG	M	1005
NC_045512.2	3280	T	C	14383	7160	45	3	2	34	0.000208362	14398	0.998822	FALSE	ORF1ab:cds-YP_009724389.1	ATT	I	ATC	I	1005
NC_045512.2	3280	T	C	14383	7160	45	3	2	34	0.000208362	14398	0.998822	FALSE	ORF1ab:cds-YP_009725295.1	ATT	I	ATC	I	1005
NC_045512.2	3280	T	A	14383	7160	45	9	9	34	0.000625087	14398	0.894919	FALSE	ORF1ab:cds-YP_009724389.1	ATT	I	ATA	I	1005
NC_045512.2	3280	T	A	14383	7160	45	9	9	34	0.000625087	14398	0.894919	FALSE	ORF1ab:cds-YP_009725295.1	ATT	I	ATA	I	1005
NC_045512.2	3281	G	T	14830	7266	46	8	8	33	0.000538829	14847	0.933007	FALSE	ORF1ab:cds-YP_009724389.1	GTT	V	TTT	F	1006
NC_045512.2	3281	G	T	14830	7266	46	8	8	33	0.000538829	14847	0.933007	FALSE	ORF1ab:cds-YP_009725295.1	GTT	V	TTT	F	1006
NC_045512.2	3281	G	C	14830	7266	46	3	3	34	0.000202061	14847	0.998821	FALSE	ORF1ab:cds-YP_009724389.1	GTT	V	CTT	L	1006
NC_045512.2	3281	G	C	14830	7266	46	3	3	34	0.000202061	14847	0.998821	FALSE	ORF1ab:cds-YP_009725295.1	GTT	V	CTT	L	1006
NC_045512.2	3281	G	A	14830	7266	46	6	6	34	0.000404122	14847	0.979264	FALSE	ORF1ab:cds-YP_009724389.1	GTT	V	ATT	I	1006
NC_045512.2	3281	G	A	14830	7266	46	6	6	34	0.000404122	14847	0.979264	FALSE	ORF1ab:cds-YP_009725295.1	GTT	V	ATT	I	1006
NC_045512.2	3282	T	G	14619	7221	45	8	8	33	0.000546822	14630	0.933131	FALSE	ORF1ab:cds-YP_009724389.1	GTT	V	GGT	G	1006
NC_045512.2	3282	T	G	14619	7221	45	8	8	33	0.000546822	14630	0.933131	FALSE	ORF1ab:cds-YP_009725295.1	GTT	V	GGT	G	1006
NC_045512.2	3282	T	C	14619	7221	45	1	1	34	6.83527e-05	14630	0.999969	FALSE	ORF1ab:cds-YP_009724389.1	GTT	V	GCT	A	1006
NC_045512.2	3282	T	C	14619	7221	45	1	1	34	6.83527e-05	14630	0.999969	FALSE	ORF1ab:cds-YP_009725295.1	GTT	V	GCT	A	1006
NC_045512.2	3282	T	A	14619	7221	45	2	2	30	0.000136705	14630	0.99974	FALSE	ORF1ab:cds-YP_009724389.1	GTT	V	GAT	D	1006
NC_045512.2	3282	T	A	14619	7221	45	2	2	30	0.000136705	14630	0.99974	FALSE	ORF1ab:cds-YP_009725295.1	GTT	V	GAT	D	1006
NC_045512.2	3283	T	G	14800	7459	46	3	3	34	0.000202621	14806	0.998827	FALSE	ORF1ab:cds-YP_009724389.1	GTT	V	GTG	V	1006
NC_045512.2	3283	T	G	14800	7459	46	3	3	34	0.000202621	14806	0.998827	FALSE	ORF1ab:cds-YP_009725295.1	GTT	V	GTG	V	1006
NC_045512.2	3283	T	C	14800	7459	46	1	1	34	6.75402e-05	14806	0.99997	FALSE	ORF1ab:cds-YP_009724389.1	GTT	V	GTC	V	1006
NC_045512.2	3283	T	C	14800	7459	46	1	1	34	6.75402e-05	14806	0.99997	FALSE	ORF1ab:cds-YP_009725295.1	GTT	V	GTC	V	1006
NC_045512.2	3283	T	A	14800	7459	46	2	2	30	0.00013508	14806	0.999741	FALSE	ORF1ab:cds-YP_009724389.1	GTT	V	GTA	V	1006
NC_045512.2	3283	T	A	14800	7459	46	2	2	30	0.00013508	14806	0.999741	FALSE	ORF1ab:cds-YP_009725295.1	GTT	V	GTA	V	1006
NC_045512.2	3284	G	T	14801	7752	46	11	11	34	0.000742491	14815	0.787822	FALSE	ORF1ab:cds-YP_009724389.1	GAG	E	TAG	*	1007
NC_045512.2	3284	G	T	14801	7752	46	11	11	34	0.000742491	14815	0.787822	FALSE	ORF1ab:cds-YP_009725295.1	GAG	E	TAG	*	1007
NC_045512.2	3284	G	C	14801	7752	46	1	1	34	6.74992e-05	14815	0.999969	FALSE	ORF1ab:cds-YP_009724389.1	GAG	E	CAG	Q	1007
NC_045512.2	3284	G	C	14801	7752	46	1	1	34	6.74992e-05	14815	0.999969	FALSE	ORF1ab:cds-YP_009725295.1	GAG	E	CAG	Q	1007
NC_045512.2	3284	G	A	14801	7752	46	2	2	34	0.000134998	14815	0.99974	FALSE	ORF1ab:cds-YP_009724389.1	GAG	E	AAG	K	1007
NC_045512.2	3284	G	A	14801	7752	46	2	2	34	0.000134998	14815	0.99974	FALSE	ORF1ab:cds-YP_009725295.1	GAG	E	AAG	K	1007
NC_045512.2	3285	A	T	14660	7760	46	7	7	31	0.00047645	14692	0.960558	FALSE	ORF1ab:cds-YP_009724389.1	GAG	E	GTG	V	1007
NC_045512.2	3285	A	T	14660	7760	46	7	7	31	0.00047645	14692	0.960558	FALSE	ORF1ab:cds-YP_009725295.1	GAG	E	GTG	V	1007
NC_045512.2	3285	A	G	14660	7760	46	25	10	39	0.00170161	14692	0.0538079	FALSE	ORF1ab:cds-YP_009724389.1	GAG	E	GGG	G	1007
NC_045512.2	3285	A	G	14660	7760	46	25	10	39	0.00170161	14692	0.0538079	FALSE	ORF1ab:cds-YP_009725295.1	GAG	E	GGG	G	1007
NC_045512.2	3286	G	T	15091	7736	45	7	7	34	0.000463239	15111	0.97369	FALSE	ORF1ab:cds-YP_009724389.1	GAG	E	GAT	D	1007
NC_045512.2	3286	G	T	15091	7736	45	7	7	34	0.000463239	15111	0.97369	FALSE	ORF1ab:cds-YP_009725295.1	GAG	E	GAT	D	1007
NC_045512.2	3286	G	C	15091	7736	45	1	1	34	6.6177e-05	15111	0.999985	FALSE	ORF1ab:cds-YP_009724389.1	GAG	E	GAC	D	1007
NC_045512.2	3286	G	C	15091	7736	45	1	1	34	6.6177e-05	15111	0.999985	FALSE	ORF1ab:cds-YP_009725295.1	GAG	E	GAC	D	1007
NC_045512.2	3286	G	A	15091	7736	45	12	12	35	0.000794123	15111	0.778708	FALSE	ORF1ab:cds-YP_009724389.1	GAG	E	GAA	E	1007
NC_045512.2	3286	G	A	15091	7736	45	12	12	35	0.000794123	15111	0.778708	FALSE	ORF1ab:cds-YP_009725295.1	GAG	E	GAA	E	1007
NC_045512.2	3287	G	T	15154	7755	46	2	2	30	0.000131917	15161	0.999863	FALSE	ORF1ab:cds-YP_009724389.1	GTT	V	TTT	F	1008
NC_045512.2	3287	G	T	15154	7755	46	2	2	30	0.000131917	15161	0.999863	FALSE	ORF1ab:cds-YP_009725295.1	GTT	V	TTT	F	1008
NC_045512.2	3287	G	C	15154	7755	46	3	3	31	0.000197876	15161	0.999345	FALSE	ORF1ab:cds-YP_009724389.1	GTT	V	CTT	L	1008
NC_045512.2	3287	G	C	15154	7755	46	3	3	31	0.000197876	15161	0.999345	FALSE	ORF1ab:cds-YP_009725295.1	GTT	V	CTT	L	1008
NC_045512.2	3287	G	A	15154	7755	46	2	2	34	0.000131917	15161	0.999863	FALSE	ORF1ab:cds-YP_009724389.1	GTT	V	ATT	I	1008
NC_045512.2	3287	G	A	15154	7755	46	2	2	34	0.000131917	15161	0.999863	FALSE	ORF1ab:cds-YP_009725295.1	GTT	V	ATT	I	1008
NC_045512.2	3288	T	G	14831	7421	45	10	10	32	0.000673265	14853	0.845937	FALSE	ORF1ab:cds-YP_009724389.1	GTT	V	GGT	G	1008
NC_045512.2	3288	T	G	14831	7421	45	10	10	32	0.000673265	14853	0.845937	FALSE	ORF1ab:cds-YP_009725295.1	GTT	V	GGT	G	1008
NC_045512.2	3288	T	C	14831	7421	45	4	3	36	0.000269306	14853	0.996213	FALSE	ORF1ab:cds-YP_009724389.1	GTT	V	GCT	A	1008
NC_045512.2	3288	T	C	14831	7421	45	4	3	36	0.000269306	14853	0.996213	FALSE	ORF1ab:cds-YP_009725295.1	GTT	V	GCT	A	1008
NC_045512.2	3288	T	A	14831	7421	45	8	8	33	0.000538612	14853	0.932904	FALSE	ORF1ab:cds-YP_009724389.1	GTT	V	GAT	D	1008
NC_045512.2	3288	T	A	14831	7421	45	8	8	33	0.000538612	14853	0.932904	FALSE	ORF1ab:cds-YP_009725295.1	GTT	V	GAT	D	1008
NC_045512.2	3289	T	G	15147	7848	46	8	8	34	0.00052767	15161	0.953415	FALSE	ORF1ab:cds-YP_009724389.1	GTT	V	GTG	V	1008
NC_045512.2	3289	T	G	15147	7848	46	8	8	34	0.00052767	15161	0.953415	FALSE	ORF1ab:cds-YP_009725295.1	GTT	V	GTG	V	1008
NC_045512.2	3289	T	C	15147	7848	46	3	2	29	0.000197876	15161	1	FALSE	ORF1ab:cds-YP_009724389.1	GTT	V	GTC	V	1008
NC_045512.2	3289	T	C	15147	7848	46	3	2	29	0.000197876	15161	1	FALSE	ORF1ab:cds-YP_009725295.1	GTT	V	GTC	V	1008
NC_045512.2	3289	T	A	15147	7848	46	3	3	34	0.000197876	15161	0.999343	FALSE	ORF1ab:cds-YP_009724389.1	GTT	V	GTA	V	1008
NC_045512.2	3289	T	A	15147	7848	46	3	3	34	0.000197876	15161	0.999343	FALSE	ORF1ab:cds-YP_009725295.1	GTT	V	GTA	V	1008
NC_045512.2	3290	C	T	14977	7836	46	14	13	38	0.000933271	15001	0.643925	FALSE	ORF1ab:cds-YP_009724389.1	CAA	Q	TAA	*	1009
NC_045512.2	3290	C	T	14977	7836	46	14	13	38	0.000933271	15001	0.643925	FALSE	ORF1ab:cds-YP_009725295.1	CAA	Q	TAA	*	1009
NC_045512.2	3290	C	G	14977	7836	46	9	8	33	0.00059996	15001	0.923959	FALSE	ORF1ab:cds-YP_009724389.1	CAA	Q	GAA	E	1009
NC_045512.2	3290	C	G	14977	7836	46	9	8	33	0.00059996	15001	0.923959	FALSE	ORF1ab:cds-YP_009725295.1	CAA	Q	GAA	E	1009
NC_045512.2	3290	C	A	14977	7836	46	1	1	26	6.66622e-05	15001	1	FALSE	ORF1ab:cds-YP_009724389.1	CAA	Q	AAA	K	1009
NC_045512.2	3290	C	A	14977	7836	46	1	1	26	6.66622e-05	15001	1	FALSE	ORF1ab:cds-YP_009725295.1	CAA	Q	AAA	K	1009
NC_045512.2	3291	A	T	14987	7836	46	7	7	31	0.000466511	15005	0.973708	FALSE	ORF1ab:cds-YP_009724389.1	CAA	Q	CTA	L	1009
NC_045512.2	3291	A	T	14987	7836	46	7	7	31	0.000466511	15005	0.973708	FALSE	ORF1ab:cds-YP_009725295.1	CAA	Q	CTA	L	1009
NC_045512.2	3291	A	G	14987	7836	46	2	2	30	0.000133289	15005	0.999862	FALSE	ORF1ab:cds-YP_009724389.1	CAA	Q	CGA	R	1009
NC_045512.2	3291	A	G	14987	7836	46	2	2	30	0.000133289	15005	0.999862	FALSE	ORF1ab:cds-YP_009725295.1	CAA	Q	CGA	R	1009
NC_045512.2	3291	A	C	14987	7836	46	9	9	34	0.0005998	15005	0.9241	FALSE	ORF1ab:cds-YP_009724389.1	CAA	Q	CCA	P	1009
NC_045512.2	3291	A	C	14987	7836	46	9	9	34	0.0005998	15005	0.9241	FALSE	ORF1ab:cds-YP_009725295.1	CAA	Q	CCA	P	1009
NC_045512.2	3292	A	T	14702	7865	45	4	4	32	0.000271887	14712	0.996232	FALSE	ORF1ab:cds-YP_009724389.1	CAA	Q	CAT	H	1009
NC_045512.2	3292	A	T	14702	7865	45	4	4	32	0.000271887	14712	0.996232	FALSE	ORF1ab:cds-YP_009725295.1	CAA	Q	CAT	H	1009
NC_045512.2	3292	A	G	14702	7865	45	1	1	34	6.79717e-05	14712	0.999969	FALSE	ORF1ab:cds-YP_009724389.1	CAA	Q	CAG	Q	1009
NC_045512.2	3292	A	G	14702	7865	45	1	1	34	6.79717e-05	14712	0.999969	FALSE	ORF1ab:cds-YP_009725295.1	CAA	Q	CAG	Q	1009
NC_045512.2	3292	A	C	14702	7865	45	5	5	34	0.000339859	14712	0.990398	FALSE	ORF1ab:cds-YP_009724389.1	CAA	Q	CAC	H	1009
NC_045512.2	3292	A	C	14702	7865	45	5	5	34	0.000339859	14712	0.990398	FALSE	ORF1ab:cds-YP_009725295.1	CAA	Q	CAC	H	1009
NC_045512.2	3293	C	T	15082	7870	46	2	1	51	0.000132459	15099	0.24976	FALSE	ORF1ab:cds-YP_009724389.1	CCT	P	TCT	S	1010
NC_045512.2	3293	C	T	15082	7870	46	2	1	51	0.000132459	15099	0.24976	FALSE	ORF1ab:cds-YP_009725295.1	CCT	P	TCT	S	1010
NC_045512.2	3293	C	G	15082	7870	46	3	3	34	0.000198689	15099	0.999342	FALSE	ORF1ab:cds-YP_009724389.1	CCT	P	GCT	A	1010
NC_045512.2	3293	C	G	15082	7870	46	3	3	34	0.000198689	15099	0.999342	FALSE	ORF1ab:cds-YP_009725295.1	CCT	P	GCT	A	1010
NC_045512.2	3293	C	A	15082	7870	46	12	12	33	0.000794755	15099	0.778863	FALSE	ORF1ab:cds-YP_009724389.1	CCT	P	ACT	T	1010
NC_045512.2	3293	C	A	15082	7870	46	12	12	33	0.000794755	15099	0.778863	FALSE	ORF1ab:cds-YP_009725295.1	CCT	P	ACT	T	1010
NC_045512.2	3294	C	T	15129	8013	46	2	2	30	0.000132109	15139	0.999863	FALSE	ORF1ab:cds-YP_009724389.1	CCT	P	CTT	L	1010
NC_045512.2	3294	C	T	15129	8013	46	2	2	30	0.000132109	15139	0.999863	FALSE	ORF1ab:cds-YP_009725295.1	CCT	P	CTT	L	1010
NC_045512.2	3294	C	G	15129	8013	46	1	1	26	6.60546e-05	15139	1	FALSE	ORF1ab:cds-YP_009724389.1	CCT	P	CGT	R	1010
NC_045512.2	3294	C	G	15129	8013	46	1	1	26	6.60546e-05	15139	1	FALSE	ORF1ab:cds-YP_009725295.1	CCT	P	CGT	R	1010
NC_045512.2	3294	C	A	15129	8013	46	7	7	32	0.000462382	15139	0.973784	FALSE	ORF1ab:cds-YP_009724389.1	CCT	P	CAT	H	1010
NC_045512.2	3294	C	A	15129	8013	46	7	7	32	0.000462382	15139	0.973784	FALSE	ORF1ab:cds-YP_009725295.1	CCT	P	CAT	H	1010
NC_045512.2	3295	T	C	14863	7713	47	17	15	36	0.00114194	14887	0.359556	FALSE	ORF1ab:cds-YP_009724389.1	CCT	P	CCC	P	1010
NC_045512.2	3295	T	C	14863	7713	47	17	15	36	0.00114194	14887	0.359556	FALSE	ORF1ab:cds-YP_009725295.1	CCT	P	CCC	P	1010
NC_045512.2	3295	T	A	14863	7713	47	7	7	34	0.000470209	14887	0.960666	FALSE	ORF1ab:cds-YP_009724389.1	CCT	P	CCA	P	1010
NC_045512.2	3295	T	A	14863	7713	47	7	7	34	0.000470209	14887	0.960666	FALSE	ORF1ab:cds-YP_009725295.1	CCT	P	CCA	P	1010
NC_045512.2	3296	C	T	15187	7626	46	7	7	32	0.000460496	15201	0.973747	FALSE	ORF1ab:cds-YP_009724389.1	CAA	Q	TAA	*	1011
NC_045512.2	3296	C	T	15187	7626	46	7	7	32	0.000460496	15201	0.973747	FALSE	ORF1ab:cds-YP_009725295.1	CAA	Q	TAA	*	1011
NC_045512.2	3296	C	G	15187	7626	46	5	4	34	0.000328926	15201	0.994085	FALSE	ORF1ab:cds-YP_009724389.1	CAA	Q	GAA	E	1011
NC_045512.2	3296	C	G	15187	7626	46	5	4	34	0.000328926	15201	0.994085	FALSE	ORF1ab:cds-YP_009725295.1	CAA	Q	GAA	E	1011
NC_045512.2	3296	C	A	15187	7626	46	2	2	34	0.00013157	15201	0.999862	FALSE	ORF1ab:cds-YP_009724389.1	CAA	Q	AAA	K	1011
NC_045512.2	3296	C	A	15187	7626	46	2	2	34	0.00013157	15201	0.999862	FALSE	ORF1ab:cds-YP_009725295.1	CAA	Q	AAA	K	1011
NC_045512.2	3297	A	T	15008	7538	46	3	3	34	0.000199641	15027	0.999341	FALSE	ORF1ab:cds-YP_009724389.1	CAA	Q	CTA	L	1011
NC_045512.2	3297	A	T	15008	7538	46	3	3	34	0.000199641	15027	0.999341	FALSE	ORF1ab:cds-YP_009725295.1	CAA	Q	CTA	L	1011
NC_045512.2	3297	A	G	15008	7538	46	3	2	28	0.000199641	15027	1	FALSE	ORF1ab:cds-YP_009724389.1	CAA	Q	CGA	R	1011
NC_045512.2	3297	A	G	15008	7538	46	3	2	28	0.000199641	15027	1	FALSE	ORF1ab:cds-YP_009725295.1	CAA	Q	CGA	R	1011
NC_045512.2	3297	A	C	15008	7538	46	13	13	32	0.000865109	15027	0.713995	FALSE	ORF1ab:cds-YP_009724389.1	CAA	Q	CCA	P	1011
NC_045512.2	3297	A	C	15008	7538	46	13	13	32	0.000865109	15027	0.713995	FALSE	ORF1ab:cds-YP_009725295.1	CAA	Q	CCA	P	1011
NC_045512.2	3298	A	T	14775	7661	46	5	5	34	0.000338181	14785	0.990398	FALSE	ORF1ab:cds-YP_009724389.1	CAA	Q	CAT	H	1011
NC_045512.2	3298	A	T	14775	7661	46	5	5	34	0.000338181	14785	0.990398	FALSE	ORF1ab:cds-YP_009725295.1	CAA	Q	CAT	H	1011
NC_045512.2	3298	A	G	14775	7661	46	1	1	34	6.76361e-05	14785	0.999969	FALSE	ORF1ab:cds-YP_009724389.1	CAA	Q	CAG	Q	1011
NC_045512.2	3298	A	G	14775	7661	46	1	1	34	6.76361e-05	14785	0.999969	FALSE	ORF1ab:cds-YP_009725295.1	CAA	Q	CAG	Q	1011
NC_045512.2	3298	A	C	14775	7661	46	4	4	32	0.000270544	14785	0.996232	FALSE	ORF1ab:cds-YP_009724389.1	CAA	Q	CAC	H	1011
NC_045512.2	3298	A	C	14775	7661	46	4	4	32	0.000270544	14785	0.996232	FALSE	ORF1ab:cds-YP_009725295.1	CAA	Q	CAC	H	1011
NC_045512.2	3299	T	G	15219	7671	46	2	2	34	0.000131234	15240	0.999862	FALSE	ORF1ab:cds-YP_009724389.1	TTA	L	GTA	V	1012
NC_045512.2	3299	T	G	15219	7671	46	2	2	34	0.000131234	15240	0.999862	FALSE	ORF1ab:cds-YP_009725295.1	TTA	L	GTA	V	1012
NC_045512.2	3299	T	C	15219	7671	46	6	6	34	0.000393701	15240	0.986652	FALSE	ORF1ab:cds-YP_009724389.1	TTA	L	CTA	L	1012
NC_045512.2	3299	T	C	15219	7671	46	6	6	34	0.000393701	15240	0.986652	FALSE	ORF1ab:cds-YP_009725295.1	TTA	L	CTA	L	1012
NC_045512.2	3299	T	A	15219	7671	46	13	13	33	0.000853018	15240	0.713878	FALSE	ORF1ab:cds-YP_009724389.1	TTA	L	ATA	I	1012
NC_045512.2	3299	T	A	15219	7671	46	13	13	33	0.000853018	15240	0.713878	FALSE	ORF1ab:cds-YP_009725295.1	TTA	L	ATA	I	1012
NC_045512.2	3300	T	G	15284	7696	46	3	3	34	0.000196091	15299	0.999342	FALSE	ORF1ab:cds-YP_009724389.1	TTA	L	TGA	*	1012
NC_045512.2	3300	T	G	15284	7696	46	3	3	34	0.000196091	15299	0.999342	FALSE	ORF1ab:cds-YP_009725295.1	TTA	L	TGA	*	1012
NC_045512.2	3300	T	C	15284	7696	46	2	2	40	0.000130727	15299	0.499706	FALSE	ORF1ab:cds-YP_009724389.1	TTA	L	TCA	S	1012
NC_045512.2	3300	T	C	15284	7696	46	2	2	40	0.000130727	15299	0.499706	FALSE	ORF1ab:cds-YP_009725295.1	TTA	L	TCA	S	1012
NC_045512.2	3300	T	A	15284	7696	46	10	10	33	0.000653637	15299	0.885207	FALSE	ORF1ab:cds-YP_009724389.1	TTA	L	TAA	*	1012
NC_045512.2	3300	T	A	15284	7696	46	10	10	33	0.000653637	15299	0.885207	FALSE	ORF1ab:cds-YP_009725295.1	TTA	L	TAA	*	1012
NC_045512.2	3301	A	T	14995	7529	46	11	11	34	0.000732747	15012	0.836425	FALSE	ORF1ab:cds-YP_009724389.1	TTA	L	TTT	F	1012
NC_045512.2	3301	A	T	14995	7529	46	11	11	34	0.000732747	15012	0.836425	FALSE	ORF1ab:cds-YP_009725295.1	TTA	L	TTT	F	1012
NC_045512.2	3301	A	G	14995	7529	46	4	2	34	0.000266454	15012	0.997782	FALSE	ORF1ab:cds-YP_009724389.1	TTA	L	TTG	L	1012
NC_045512.2	3301	A	G	14995	7529	46	4	2	34	0.000266454	15012	0.997782	FALSE	ORF1ab:cds-YP_009725295.1	TTA	L	TTG	L	1012
NC_045512.2	3301	A	C	14995	7529	46	2	2	30	0.000133227	15012	0.999862	FALSE	ORF1ab:cds-YP_009724389.1	TTA	L	TTC	F	1012
NC_045512.2	3301	A	C	14995	7529	46	2	2	30	0.000133227	15012	0.999862	FALSE	ORF1ab:cds-YP_009725295.1	TTA	L	TTC	F	1012
NC_045512.2	3302	G	T	15085	7509	47	7	7	34	0.0004633	15109	0.973652	FALSE	ORF1ab:cds-YP_009724389.1	GAG	E	TAG	*	1013
NC_045512.2	3302	G	T	15085	7509	47	7	7	34	0.0004633	15109	0.973652	FALSE	ORF1ab:cds-YP_009725295.1	GAG	E	TAG	*	1013
NC_045512.2	3302	G	C	15085	7509	47	7	7	31	0.0004633	15109	0.973652	FALSE	ORF1ab:cds-YP_009724389.1	GAG	E	CAG	Q	1013
NC_045512.2	3302	G	C	15085	7509	47	7	7	31	0.0004633	15109	0.973652	FALSE	ORF1ab:cds-YP_009725295.1	GAG	E	CAG	Q	1013
NC_045512.2	3302	G	A	15085	7509	47	10	10	33	0.000661857	15109	0.884916	FALSE	ORF1ab:cds-YP_009724389.1	GAG	E	AAG	K	1013
NC_045512.2	3302	G	A	15085	7509	47	10	10	33	0.000661857	15109	0.884916	FALSE	ORF1ab:cds-YP_009725295.1	GAG	E	AAG	K	1013
NC_045512.2	3303	A	T	14810	7582	45	5	5	32	0.0003372	14828	0.990368	FALSE	ORF1ab:cds-YP_009724389.1	GAG	E	GTG	V	1013
NC_045512.2	3303	A	T	14810	7582	45	5	5	32	0.0003372	14828	0.990368	FALSE	ORF1ab:cds-YP_009725295.1	GAG	E	GTG	V	1013
NC_045512.2	3303	A	G	14810	7582	45	11	11	33	0.00074184	14828	0.787625	FALSE	ORF1ab:cds-YP_009724389.1	GAG	E	GGG	G	1013
NC_045512.2	3303	A	G	14810	7582	45	11	11	33	0.00074184	14828	0.787625	FALSE	ORF1ab:cds-YP_009725295.1	GAG	E	GGG	G	1013
NC_045512.2	3303	A	C	14810	7582	45	2	2	34	0.00013488	14828	0.99974	FALSE	ORF1ab:cds-YP_009724389.1	GAG	E	GCG	A	1013
NC_045512.2	3303	A	C	14810	7582	45	2	2	34	0.00013488	14828	0.99974	FALSE	ORF1ab:cds-YP_009725295.1	GAG	E	GCG	A	1013
NC_045512.2	3304	G	T	15260	7566	47	1	1	34	6.54664e-05	15275	0.999985	FALSE	ORF1ab:cds-YP_009724389.1	GAG	E	GAT	D	1013
NC_045512.2	3304	G	T	15260	7566	47	1	1	34	6.54664e-05	15275	0.999985	FALSE	ORF1ab:cds-YP_009725295.1	GAG	E	GAT	D	1013
NC_045512.2	3304	G	C	15260	7566	47	1	1	34	6.54664e-05	15275	0.999985	FALSE	ORF1ab:cds-YP_009724389.1	GAG	E	GAC	D	1013
NC_045512.2	3304	G	C	15260	7566	47	1	1	34	6.54664e-05	15275	0.999985	FALSE	ORF1ab:cds-YP_009725295.1	GAG	E	GAC	D	1013
NC_045512.2	3304	G	A	15260	7566	47	13	13	33	0.000851064	15275	0.714236	FALSE	ORF1ab:cds-YP_009724389.1	GAG	E	GAA	E	1013
NC_045512.2	3304	G	A	15260	7566	47	13	13	33	0.000851064	15275	0.714236	FALSE	ORF1ab:cds-YP_009725295.1	GAG	E	GAA	E	1013
NC_045512.2	3305	A	T	14463	7233	46	1	1	26	6.90608e-05	14480	1	FALSE	ORF1ab:cds-YP_009724389.1	ATG	M	TTG	L	1014
NC_045512.2	3305	A	T	14463	7233	46	1	1	26	6.90608e-05	14480	1	FALSE	ORF1ab:cds-YP_009725295.1	ATG	M	TTG	L	1014
NC_045512.2	3305	A	G	14463	7233	46	14	14	38	0.000966851	14480	0.574615	FALSE	ORF1ab:cds-YP_009724389.1	ATG	M	GTG	V	1014
NC_045512.2	3305	A	G	14463	7233	46	14	14	38	0.000966851	14480	0.574615	FALSE	ORF1ab:cds-YP_009725295.1	ATG	M	GTG	V	1014
NC_045512.2	3305	A	C	14463	7233	46	2	2	34	0.000138122	14480	0.99974	FALSE	ORF1ab:cds-YP_009724389.1	ATG	M	CTG	L	1014
NC_045512.2	3305	A	C	14463	7233	46	2	2	34	0.000138122	14480	0.99974	FALSE	ORF1ab:cds-YP_009725295.1	ATG	M	CTG	L	1014
NC_045512.2	3306	T	G	14658	7140	47	4	4	34	0.000272498	14679	0.996214	FALSE	ORF1ab:cds-YP_009724389.1	ATG	M	AGG	R	1014
NC_045512.2	3306	T	G	14658	7140	47	4	4	34	0.000272498	14679	0.996214	FALSE	ORF1ab:cds-YP_009725295.1	ATG	M	AGG	R	1014
NC_045512.2	3306	T	C	14658	7140	47	3	3	34	0.000204374	14679	0.998819	FALSE	ORF1ab:cds-YP_009724389.1	ATG	M	ACG	T	1014
NC_045512.2	3306	T	C	14658	7140	47	3	3	34	0.000204374	14679	0.998819	FALSE	ORF1ab:cds-YP_009725295.1	ATG	M	ACG	T	1014
NC_045512.2	3306	T	A	14658	7140	47	14	14	33	0.000953743	14679	0.574331	FALSE	ORF1ab:cds-YP_009724389.1	ATG	M	AAG	K	1014
NC_045512.2	3306	T	A	14658	7140	47	14	14	33	0.000953743	14679	0.574331	FALSE	ORF1ab:cds-YP_009725295.1	ATG	M	AAG	K	1014
NC_045512.2	3307	G	T	14553	7069	47	10	10	33	0.000686389	14569	0.846172	FALSE	ORF1ab:cds-YP_009724389.1	ATG	M	ATT	I	1014
NC_045512.2	3307	G	T	14553	7069	47	10	10	33	0.000686389	14569	0.846172	FALSE	ORF1ab:cds-YP_009725295.1	ATG	M	ATT	I	1014
NC_045512.2	3307	G	C	14553	7069	47	2	2	30	0.000137278	14569	0.99974	FALSE	ORF1ab:cds-YP_009724389.1	ATG	M	ATC	I	1014
NC_045512.2	3307	G	C	14553	7069	47	2	2	30	0.000137278	14569	0.99974	FALSE	ORF1ab:cds-YP_009725295.1	ATG	M	ATC	I	1014
NC_045512.2	3307	G	A	14553	7069	47	4	4	34	0.000274556	14569	0.996222	FALSE	ORF1ab:cds-YP_009724389.1	ATG	M	ATA	I	1014
NC_045512.2	3307	G	A	14553	7069	47	4	4	34	0.000274556	14569	0.996222	FALSE	ORF1ab:cds-YP_009725295.1	ATG	M	ATA	I	1014
NC_045512.2	3308	G	T	14599	7213	47	6	6	34	0.000410593	14613	0.979286	FALSE	ORF1ab:cds-YP_009724389.1	GAA	E	TAA	*	1015
NC_045512.2	3308	G	T	14599	7213	47	6	6	34	0.000410593	14613	0.979286	FALSE	ORF1ab:cds-YP_009725295.1	GAA	E	TAA	*	1015
NC_045512.2	3308	G	A	14599	7213	47	8	7	32	0.000547458	14613	0.933068	FALSE	ORF1ab:cds-YP_009724389.1	GAA	E	AAA	K	1015
NC_045512.2	3308	G	A	14599	7213	47	8	7	32	0.000547458	14613	0.933068	FALSE	ORF1ab:cds-YP_009725295.1	GAA	E	AAA	K	1015
NC_045512.2	3309	A	T	15040	7499	47	7	7	32	0.000464777	15061	0.97368	FALSE	ORF1ab:cds-YP_009724389.1	GAA	E	GTA	V	1015
NC_045512.2	3309	A	T	15040	7499	47	7	7	32	0.000464777	15061	0.97368	FALSE	ORF1ab:cds-YP_009725295.1	GAA	E	GTA	V	1015
NC_045512.2	3309	A	G	15040	7499	47	13	10	31	0.000863156	15061	0.713875	FALSE	ORF1ab:cds-YP_009724389.1	GAA	E	GGA	G	1015
NC_045512.2	3309	A	G	15040	7499	47	13	10	31	0.000863156	15061	0.713875	FALSE	ORF1ab:cds-YP_009725295.1	GAA	E	GGA	G	1015
NC_045512.2	3309	A	C	15040	7499	47	1	1	34	6.63967e-05	15061	0.999985	FALSE	ORF1ab:cds-YP_009724389.1	GAA	E	GCA	A	1015
NC_045512.2	3309	A	C	15040	7499	47	1	1	34	6.63967e-05	15061	0.999985	FALSE	ORF1ab:cds-YP_009725295.1	GAA	E	GCA	A	1015
NC_045512.2	3310	A	T	15405	7646	47	2	2	34	0.000129719	15418	0.999862	FALSE	ORF1ab:cds-YP_009724389.1	GAA	E	GAT	D	1015
NC_045512.2	3310	A	T	15405	7646	47	2	2	34	0.000129719	15418	0.999862	FALSE	ORF1ab:cds-YP_009725295.1	GAA	E	GAT	D	1015
NC_045512.2	3310	A	G	15405	7646	47	8	7	36	0.000518874	15418	0.95343	FALSE	ORF1ab:cds-YP_009724389.1	GAA	E	GAG	E	1015
NC_045512.2	3310	A	G	15405	7646	47	8	7	36	0.000518874	15418	0.95343	FALSE	ORF1ab:cds-YP_009725295.1	GAA	E	GAG	E	1015
NC_045512.2	3310	A	C	15405	7646	47	3	2	31	0.000194578	15418	0.999343	FALSE	ORF1ab:cds-YP_009724389.1	GAA	E	GAC	D	1015
NC_045512.2	3310	A	C	15405	7646	47	3	2	31	0.000194578	15418	0.999343	FALSE	ORF1ab:cds-YP_009725295.1	GAA	E	GAC	D	1015
NC_045512.2	3311	C	G	15397	7680	47	6	4	32	0.000389156	15418	0.986653	FALSE	ORF1ab:cds-YP_009724389.1	CTT	L	GTT	V	1016
NC_045512.2	3311	C	G	15397	7680	47	6	4	32	0.000389156	15418	0.986653	FALSE	ORF1ab:cds-YP_009725295.1	CTT	L	GTT	V	1016
NC_045512.2	3311	C	A	15397	7680	47	15	15	33	0.000972889	15418	0.571916	FALSE	ORF1ab:cds-YP_009724389.1	CTT	L	ATT	I	1016
NC_045512.2	3311	C	A	15397	7680	47	15	15	33	0.000972889	15418	0.571916	FALSE	ORF1ab:cds-YP_009725295.1	CTT	L	ATT	I	1016
NC_045512.2	3312	T	G	15148	7417	47	4	2	32	0.000263609	15174	0.997773	FALSE	ORF1ab:cds-YP_009724389.1	CTT	L	CGT	R	1016
NC_045512.2	3312	T	G	15148	7417	47	4	2	32	0.000263609	15174	0.997773	FALSE	ORF1ab:cds-YP_009725295.1	CTT	L	CGT	R	1016
NC_045512.2	3312	T	C	15148	7417	47	11	11	34	0.000724924	15174	0.836049	FALSE	ORF1ab:cds-YP_009724389.1	CTT	L	CCT	P	1016
NC_045512.2	3312	T	C	15148	7417	47	11	11	34	0.000724924	15174	0.836049	FALSE	ORF1ab:cds-YP_009725295.1	CTT	L	CCT	P	1016
NC_045512.2	3312	T	A	15148	7417	47	11	11	32	0.000724924	15174	0.836049	FALSE	ORF1ab:cds-YP_009724389.1	CTT	L	CAT	H	1016
NC_045512.2	3312	T	A	15148	7417	47	11	11	32	0.000724924	15174	0.836049	FALSE	ORF1ab:cds-YP_009725295.1	CTT	L	CAT	H	1016
NC_045512.2	3313	T	G	15276	7548	47	1	1	34	6.54151e-05	15287	0.999985	FALSE	ORF1ab:cds-YP_009724389.1	CTT	L	CTG	L	1016
NC_045512.2	3313	T	G	15276	7548	47	1	1	34	6.54151e-05	15287	0.999985	FALSE	ORF1ab:cds-YP_009725295.1	CTT	L	CTG	L	1016
NC_045512.2	3313	T	C	15276	7548	47	3	3	31	0.000196245	15287	0.999344	FALSE	ORF1ab:cds-YP_009724389.1	CTT	L	CTC	L	1016
NC_045512.2	3313	T	C	15276	7548	47	3	3	31	0.000196245	15287	0.999344	FALSE	ORF1ab:cds-YP_009725295.1	CTT	L	CTC	L	1016
NC_045512.2	3313	T	A	15276	7548	47	7	7	34	0.000457905	15287	0.973775	FALSE	ORF1ab:cds-YP_009724389.1	CTT	L	CTA	L	1016
NC_045512.2	3313	T	A	15276	7548	47	7	7	34	0.000457905	15287	0.973775	FALSE	ORF1ab:cds-YP_009725295.1	CTT	L	CTA	L	1016
NC_045512.2	3314	A	T	15334	7620	47	11	11	34	0.000716426	15354	0.836303	FALSE	ORF1ab:cds-YP_009724389.1	ACA	T	TCA	S	1017
NC_045512.2	3314	A	T	15334	7620	47	11	11	34	0.000716426	15354	0.836303	FALSE	ORF1ab:cds-YP_009725295.1	ACA	T	TCA	S	1017
NC_045512.2	3314	A	G	15334	7620	47	1	1	34	6.51296e-05	15354	0.999985	FALSE	ORF1ab:cds-YP_009724389.1	ACA	T	GCA	A	1017
NC_045512.2	3314	A	G	15334	7620	47	1	1	34	6.51296e-05	15354	0.999985	FALSE	ORF1ab:cds-YP_009725295.1	ACA	T	GCA	A	1017
NC_045512.2	3314	A	C	15334	7620	47	8	8	33	0.000521037	15354	0.953323	FALSE	ORF1ab:cds-YP_009724389.1	ACA	T	CCA	P	1017
NC_045512.2	3314	A	C	15334	7620	47	8	8	33	0.000521037	15354	0.953323	FALSE	ORF1ab:cds-YP_009725295.1	ACA	T	CCA	P	1017
NC_045512.2	3315	C	T	15412	7736	48	5	4	32	0.000324086	15428	0.99408	FALSE	ORF1ab:cds-YP_009724389.1	ACA	T	ATA	I	1017
NC_045512.2	3315	C	T	15412	7736	48	5	4	32	0.000324086	15428	0.99408	FALSE	ORF1ab:cds-YP_009725295.1	ACA	T	ATA	I	1017
NC_045512.2	3315	C	A	15412	7736	48	11	11	34	0.000712989	15428	0.836469	FALSE	ORF1ab:cds-YP_009724389.1	ACA	T	AAA	K	1017
NC_045512.2	3315	C	A	15412	7736	48	11	11	34	0.000712989	15428	0.836469	FALSE	ORF1ab:cds-YP_009725295.1	ACA	T	AAA	K	1017
NC_045512.2	3316	A	T	15335	7699	47	6	6	34	0.000390727	15356	0.986653	FALSE	ORF1ab:cds-YP_009724389.1	ACA	T	ACT	T	1017
NC_045512.2	3316	A	T	15335	7699	47	6	6	34	0.000390727	15356	0.986653	FALSE	ORF1ab:cds-YP_009725295.1	ACA	T	ACT	T	1017
NC_045512.2	3316	A	G	15335	7699	47	3	1	34	0.000195363	15356	0.999341	FALSE	ORF1ab:cds-YP_009724389.1	ACA	T	ACG	T	1017
NC_045512.2	3316	A	G	15335	7699	47	3	1	34	0.000195363	15356	0.999341	FALSE	ORF1ab:cds-YP_009725295.1	ACA	T	ACG	T	1017
NC_045512.2	3316	A	C	15335	7699	47	12	12	33	0.000781454	15356	0.778662	FALSE	ORF1ab:cds-YP_009724389.1	ACA	T	ACC	T	1017
NC_045512.2	3316	A	C	15335	7699	47	12	12	33	0.000781454	15356	0.778662	FALSE	ORF1ab:cds-YP_009725295.1	ACA	T	ACC	T	1017
NC_045512.2	3317	C	T	15340	7716	47	3	3	34	0.000195313	15360	0.999341	FALSE	ORF1ab:cds-YP_009724389.1	CCA	P	TCA	S	1018
NC_045512.2	3317	C	T	15340	7716	47	3	3	34	0.000195313	15360	0.999341	FALSE	ORF1ab:cds-YP_009725295.1	CCA	P	TCA	S	1018
NC_045512.2	3317	C	G	15340	7716	47	1	1	26	6.51042e-05	15360	1	FALSE	ORF1ab:cds-YP_009724389.1	CCA	P	GCA	A	1018
NC_045512.2	3317	C	G	15340	7716	47	1	1	26	6.51042e-05	15360	1	FALSE	ORF1ab:cds-YP_009725295.1	CCA	P	GCA	A	1018
NC_045512.2	3317	C	A	15340	7716	47	16	16	34	0.00104167	15360	0.499781	FALSE	ORF1ab:cds-YP_009724389.1	CCA	P	ACA	T	1018
NC_045512.2	3317	C	A	15340	7716	47	16	16	34	0.00104167	15360	0.499781	FALSE	ORF1ab:cds-YP_009725295.1	CCA	P	ACA	T	1018
NC_045512.2	3318	C	T	15096	7494	47	4	3	34	0.000264778	15107	0.997787	FALSE	ORF1ab:cds-YP_009724389.1	CCA	P	CTA	L	1018
NC_045512.2	3318	C	T	15096	7494	47	4	3	34	0.000264778	15107	0.997787	FALSE	ORF1ab:cds-YP_009725295.1	CCA	P	CTA	L	1018
NC_045512.2	3318	C	G	15096	7494	47	1	1	34	6.61945e-05	15107	0.999985	FALSE	ORF1ab:cds-YP_009724389.1	CCA	P	CGA	R	1018
NC_045512.2	3318	C	G	15096	7494	47	1	1	34	6.61945e-05	15107	0.999985	FALSE	ORF1ab:cds-YP_009725295.1	CCA	P	CGA	R	1018
NC_045512.2	3318	C	A	15096	7494	47	6	6	34	0.000397167	15107	0.986703	FALSE	ORF1ab:cds-YP_009724389.1	CCA	P	CAA	Q	1018
NC_045512.2	3318	C	A	15096	7494	47	6	6	34	0.000397167	15107	0.986703	FALSE	ORF1ab:cds-YP_009725295.1	CCA	P	CAA	Q	1018
NC_045512.2	3319	A	T	14719	7170	48	1	1	34	6.78518e-05	14738	0.999969	FALSE	ORF1ab:cds-YP_009724389.1	CCA	P	CCT	P	1018
NC_045512.2	3319	A	T	14719	7170	48	1	1	34	6.78518e-05	14738	0.999969	FALSE	ORF1ab:cds-YP_009725295.1	CCA	P	CCT	P	1018
NC_045512.2	3319	A	G	14719	7170	48	3	2	35	0.000203555	14738	0.99882	FALSE	ORF1ab:cds-YP_009724389.1	CCA	P	CCG	P	1018
NC_045512.2	3319	A	G	14719	7170	48	3	2	35	0.000203555	14738	0.99882	FALSE	ORF1ab:cds-YP_009725295.1	CCA	P	CCG	P	1018
NC_045512.2	3319	A	C	14719	7170	48	15	13	32	0.00101778	14738	0.499779	FALSE	ORF1ab:cds-YP_009724389.1	CCA	P	CCC	P	1018
NC_045512.2	3319	A	C	14719	7170	48	15	13	32	0.00101778	14738	0.499779	FALSE	ORF1ab:cds-YP_009725295.1	CCA	P	CCC	P	1018
NC_045512.2	3320	G	C	14862	7199	47	7	7	31	0.000470335	14883	0.960705	FALSE	ORF1ab:cds-YP_009724389.1	GTT	V	CTT	L	1019
NC_045512.2	3320	G	C	14862	7199	47	7	7	31	0.000470335	14883	0.960705	FALSE	ORF1ab:cds-YP_009725295.1	GTT	V	CTT	L	1019
NC_045512.2	3320	G	A	14862	7199	47	14	14	33	0.000940671	14883	0.574336	FALSE	ORF1ab:cds-YP_009724389.1	GTT	V	ATT	I	1019
NC_045512.2	3320	G	A	14862	7199	47	14	14	33	0.000940671	14883	0.574336	FALSE	ORF1ab:cds-YP_009725295.1	GTT	V	ATT	I	1019
NC_045512.2	3321	T	G	14771	7312	47	7	7	34	0.000473197	14793	0.960692	FALSE	ORF1ab:cds-YP_009724389.1	GTT	V	GGT	G	1019
NC_045512.2	3321	T	G	14771	7312	47	7	7	34	0.000473197	14793	0.960692	FALSE	ORF1ab:cds-YP_009725295.1	GTT	V	GGT	G	1019
NC_045512.2	3321	T	C	14771	7312	47	8	7	36	0.000540796	14793	0.932904	FALSE	ORF1ab:cds-YP_009724389.1	GTT	V	GCT	A	1019
NC_045512.2	3321	T	C	14771	7312	47	8	7	36	0.000540796	14793	0.932904	FALSE	ORF1ab:cds-YP_009725295.1	GTT	V	GCT	A	1019
NC_045512.2	3321	T	A	14771	7312	47	7	7	31	0.000473197	14793	0.960692	FALSE	ORF1ab:cds-YP_009724389.1	GTT	V	GAT	D	1019
NC_045512.2	3321	T	A	14771	7312	47	7	7	31	0.000473197	14793	0.960692	FALSE	ORF1ab:cds-YP_009725295.1	GTT	V	GAT	D	1019
NC_045512.2	3322	T	G	14825	7336	48	3	3	31	0.000202197	14837	0.998824	FALSE	ORF1ab:cds-YP_009724389.1	GTT	V	GTG	V	1019
NC_045512.2	3322	T	G	14825	7336	48	3	3	31	0.000202197	14837	0.998824	FALSE	ORF1ab:cds-YP_009725295.1	GTT	V	GTG	V	1019
NC_045512.2	3322	T	C	14825	7336	48	4	4	34	0.000269596	14837	0.996229	FALSE	ORF1ab:cds-YP_009724389.1	GTT	V	GTC	V	1019
NC_045512.2	3322	T	C	14825	7336	48	4	4	34	0.000269596	14837	0.996229	FALSE	ORF1ab:cds-YP_009725295.1	GTT	V	GTC	V	1019
NC_045512.2	3322	T	A	14825	7336	48	5	5	32	0.000336995	14837	0.990391	FALSE	ORF1ab:cds-YP_009724389.1	GTT	V	GTA	V	1019
NC_045512.2	3322	T	A	14825	7336	48	5	5	32	0.000336995	14837	0.990391	FALSE	ORF1ab:cds-YP_009725295.1	GTT	V	GTA	V	1019
NC_045512.2	3323	G	T	15490	7435	47	12	12	32	0.000773744	15509	0.778765	FALSE	ORF1ab:cds-YP_009724389.1	GTT	V	TTT	F	1020
NC_045512.2	3323	G	T	15490	7435	47	12	12	32	0.000773744	15509	0.778765	FALSE	ORF1ab:cds-YP_009725295.1	GTT	V	TTT	F	1020
NC_045512.2	3323	G	C	15490	7435	47	2	2	34	0.000128957	15509	0.999862	FALSE	ORF1ab:cds-YP_009724389.1	GTT	V	CTT	L	1020
NC_045512.2	3323	G	C	15490	7435	47	2	2	34	0.000128957	15509	0.999862	FALSE	ORF1ab:cds-YP_009725295.1	GTT	V	CTT	L	1020
NC_045512.2	3323	G	A	15490	7435	47	5	5	32	0.000322393	15509	0.994073	FALSE	ORF1ab:cds-YP_009724389.1	GTT	V	ATT	I	1020
NC_045512.2	3323	G	A	15490	7435	47	5	5	32	0.000322393	15509	0.994073	FALSE	ORF1ab:cds-YP_009725295.1	GTT	V	ATT	I	1020
NC_045512.2	3324	T	G	15332	7319	47	11	10	33	0.000716519	15352	0.836303	FALSE	ORF1ab:cds-YP_009724389.1	GTT	V	GGT	G	1020
NC_045512.2	3324	T	G	15332	7319	47	11	10	33	0.000716519	15352	0.836303	FALSE	ORF1ab:cds-YP_009725295.1	GTT	V	GGT	G	1020
NC_045512.2	3324	T	C	15332	7319	47	3	1	36	0.000195414	15352	0.999341	FALSE	ORF1ab:cds-YP_009724389.1	GTT	V	GCT	A	1020
NC_045512.2	3324	T	C	15332	7319	47	3	1	36	0.000195414	15352	0.999341	FALSE	ORF1ab:cds-YP_009725295.1	GTT	V	GCT	A	1020
NC_045512.2	3324	T	A	15332	7319	47	6	6	31	0.000390829	15352	0.986658	FALSE	ORF1ab:cds-YP_009724389.1	GTT	V	GAT	D	1020
NC_045512.2	3324	T	A	15332	7319	47	6	6	31	0.000390829	15352	0.986658	FALSE	ORF1ab:cds-YP_009725295.1	GTT	V	GAT	D	1020
NC_045512.2	3325	T	G	15459	7456	48	5	4	32	0.000323227	15469	0.994095	FALSE	ORF1ab:cds-YP_009724389.1	GTT	V	GTG	V	1020
NC_045512.2	3325	T	G	15459	7456	48	5	4	32	0.000323227	15469	0.994095	FALSE	ORF1ab:cds-YP_009725295.1	GTT	V	GTG	V	1020
NC_045512.2	3325	T	C	15459	7456	48	4	4	34	0.000258582	15469	0.997788	FALSE	ORF1ab:cds-YP_009724389.1	GTT	V	GTC	V	1020
NC_045512.2	3325	T	C	15459	7456	48	4	4	34	0.000258582	15469	0.997788	FALSE	ORF1ab:cds-YP_009725295.1	GTT	V	GTC	V	1020
NC_045512.2	3325	T	A	15459	7456	48	1	1	26	6.46454e-05	15469	1	FALSE	ORF1ab:cds-YP_009724389.1	GTT	V	GTA	V	1020
NC_045512.2	3325	T	A	15459	7456	48	1	1	26	6.46454e-05	15469	1	FALSE	ORF1ab:cds-YP_009725295.1	GTT	V	GTA	V	1020
NC_045512.2	3326	C	T	15324	7507	47	16	16	32	0.00104268	15345	0.499708	FALSE	ORF1ab:cds-YP_009724389.1	CAG	Q	TAG	*	1021
NC_045512.2	3326	C	T	15324	7507	47	16	16	32	0.00104268	15345	0.499708	FALSE	ORF1ab:cds-YP_009725295.1	CAG	Q	TAG	*	1021
NC_045512.2	3326	C	G	15324	7507	47	4	4	34	0.000260671	15345	0.997778	FALSE	ORF1ab:cds-YP_009724389.1	CAG	Q	GAG	E	1021
NC_045512.2	3326	C	G	15324	7507	47	4	4	34	0.000260671	15345	0.997778	FALSE	ORF1ab:cds-YP_009725295.1	CAG	Q	GAG	E	1021
NC_045512.2	3326	C	A	15324	7507	47	1	1	34	6.51678e-05	15345	0.999985	FALSE	ORF1ab:cds-YP_009724389.1	CAG	Q	AAG	K	1021
NC_045512.2	3326	C	A	15324	7507	47	1	1	34	6.51678e-05	15345	0.999985	FALSE	ORF1ab:cds-YP_009725295.1	CAG	Q	AAG	K	1021
NC_045512.2	3327	A	T	15228	7359	47	8	8	34	0.000524659	15248	0.953323	FALSE	ORF1ab:cds-YP_009724389.1	CAG	Q	CTG	L	1021
NC_045512.2	3327	A	T	15228	7359	47	8	8	34	0.000524659	15248	0.953323	FALSE	ORF1ab:cds-YP_009725295.1	CAG	Q	CTG	L	1021
NC_045512.2	3327	A	G	15228	7359	47	3	1	45	0.000196747	15248	0.312094	FALSE	ORF1ab:cds-YP_009724389.1	CAG	Q	CGG	R	1021
NC_045512.2	3327	A	G	15228	7359	47	3	1	45	0.000196747	15248	0.312094	FALSE	ORF1ab:cds-YP_009725295.1	CAG	Q	CGG	R	1021
NC_045512.2	3327	A	C	15228	7359	47	9	9	33	0.000590241	15248	0.924055	FALSE	ORF1ab:cds-YP_009724389.1	CAG	Q	CCG	P	1021
NC_045512.2	3327	A	C	15228	7359	47	9	9	33	0.000590241	15248	0.924055	FALSE	ORF1ab:cds-YP_009725295.1	CAG	Q	CCG	P	1021
NC_045512.2	3328	G	T	15477	7420	47	6	6	34	0.000387122	15499	0.986648	FALSE	ORF1ab:cds-YP_009724389.1	CAG	Q	CAT	H	1021
NC_045512.2	3328	G	T	15477	7420	47	6	6	34	0.000387122	15499	0.986648	FALSE	ORF1ab:cds-YP_009725295.1	CAG	Q	CAT	H	1021
NC_045512.2	3328	G	C	15477	7420	47	4	4	34	0.000258081	15499	0.997777	FALSE	ORF1ab:cds-YP_009724389.1	CAG	Q	CAC	H	1021
NC_045512.2	3328	G	C	15477	7420	47	4	4	34	0.000258081	15499	0.997777	FALSE	ORF1ab:cds-YP_009725295.1	CAG	Q	CAC	H	1021
NC_045512.2	3328	G	A	15477	7420	47	12	12	32	0.000774243	15499	0.778614	FALSE	ORF1ab:cds-YP_009724389.1	CAG	Q	CAA	Q	1021
NC_045512.2	3328	G	A	15477	7420	47	12	12	32	0.000774243	15499	0.778614	FALSE	ORF1ab:cds-YP_009725295.1	CAG	Q	CAA	Q	1021
NC_045512.2	3329	A	T	15399	7446	47	5	5	30	0.000324275	15419	0.994071	FALSE	ORF1ab:cds-YP_009724389.1	ACT	T	TCT	S	1022
NC_045512.2	3329	A	T	15399	7446	47	5	5	30	0.000324275	15419	0.994071	FALSE	ORF1ab:cds-YP_009725295.1	ACT	T	TCT	S	1022
NC_045512.2	3329	A	G	15399	7446	47	10	9	34	0.00064855	15419	0.885049	FALSE	ORF1ab:cds-YP_009724389.1	ACT	T	GCT	A	1022
NC_045512.2	3329	A	G	15399	7446	47	10	9	34	0.00064855	15419	0.885049	FALSE	ORF1ab:cds-YP_009725295.1	ACT	T	GCT	A	1022
NC_045512.2	3329	A	C	15399	7446	47	5	5	32	0.000324275	15419	0.994071	FALSE	ORF1ab:cds-YP_009724389.1	ACT	T	CCT	P	1022
NC_045512.2	3329	A	C	15399	7446	47	5	5	32	0.000324275	15419	0.994071	FALSE	ORF1ab:cds-YP_009725295.1	ACT	T	CCT	P	1022
NC_045512.2	3330	C	T	16333	7635	47	4	3	35	0.000244514	16359	0.998703	FALSE	ORF1ab:cds-YP_009724389.1	ACT	T	ATT	I	1022
NC_045512.2	3330	C	T	16333	7635	47	4	3	35	0.000244514	16359	0.998703	FALSE	ORF1ab:cds-YP_009725295.1	ACT	T	ATT	I	1022
NC_045512.2	3330	C	G	16333	7635	47	5	4	32	0.000305642	16359	0.99638	FALSE	ORF1ab:cds-YP_009724389.1	ACT	T	AGT	S	1022
NC_045512.2	3330	C	G	16333	7635	47	5	4	32	0.000305642	16359	0.99638	FALSE	ORF1ab:cds-YP_009725295.1	ACT	T	AGT	S	1022
NC_045512.2	3330	C	A	16333	7635	47	17	17	33	0.00103918	16359	0.499435	FALSE	ORF1ab:cds-YP_009724389.1	ACT	T	AAT	N	1022
NC_045512.2	3330	C	A	16333	7635	47	17	17	33	0.00103918	16359	0.499435	FALSE	ORF1ab:cds-YP_009725295.1	ACT	T	AAT	N	1022
NC_045512.2	3331	T	G	15948	7273	46	3	3	34	0.000187864	15969	0.999341	FALSE	ORF1ab:cds-YP_009724389.1	ACT	T	ACG	T	1022
NC_045512.2	3331	T	G	15948	7273	46	3	3	34	0.000187864	15969	0.999341	FALSE	ORF1ab:cds-YP_009725295.1	ACT	T	ACG	T	1022
NC_045512.2	3331	T	C	15948	7273	46	11	11	33	0.000688835	15969	0.836272	FALSE	ORF1ab:cds-YP_009724389.1	ACT	T	ACC	T	1022
NC_045512.2	3331	T	C	15948	7273	46	11	11	33	0.000688835	15969	0.836272	FALSE	ORF1ab:cds-YP_009725295.1	ACT	T	ACC	T	1022
NC_045512.2	3331	T	A	15948	7273	46	7	7	34	0.000438349	15969	0.973685	FALSE	ORF1ab:cds-YP_009724389.1	ACT	T	ACA	T	1022
NC_045512.2	3331	T	A	15948	7273	46	7	7	34	0.000438349	15969	0.973685	FALSE	ORF1ab:cds-YP_009725295.1	ACT	T	ACA	T	1022
NC_045512.2	3332	A	T	16112	7406	48	8	8	32	0.000496063	16127	0.968026	FALSE	ORF1ab:cds-YP_009724389.1	ATT	I	TTT	F	1023
NC_045512.2	3332	A	T	16112	7406	48	8	8	32	0.000496063	16127	0.968026	FALSE	ORF1ab:cds-YP_009725295.1	ATT	I	TTT	F	1023
NC_045512.2	3332	A	G	16112	7406	48	3	1	34	0.000186023	16127	0.999635	FALSE	ORF1ab:cds-YP_009724389.1	ATT	I	GTT	V	1023
NC_045512.2	3332	A	G	16112	7406	48	3	1	34	0.000186023	16127	0.999635	FALSE	ORF1ab:cds-YP_009725295.1	ATT	I	GTT	V	1023
NC_045512.2	3332	A	C	16112	7406	48	4	4	32	0.000248031	16127	0.99871	FALSE	ORF1ab:cds-YP_009724389.1	ATT	I	CTT	L	1023
NC_045512.2	3332	A	C	16112	7406	48	4	4	32	0.000248031	16127	0.99871	FALSE	ORF1ab:cds-YP_009725295.1	ATT	I	CTT	L	1023
NC_045512.2	3333	T	G	15861	7263	47	3	1	28	0.000188881	15883	1	FALSE	ORF1ab:cds-YP_009724389.1	ATT	I	AGT	S	1023
NC_045512.2	3333	T	G	15861	7263	47	3	1	28	0.000188881	15883	1	FALSE	ORF1ab:cds-YP_009725295.1	ATT	I	AGT	S	1023
NC_045512.2	3333	T	C	15861	7263	47	9	8	31	0.000566644	15883	0.924017	FALSE	ORF1ab:cds-YP_009724389.1	ATT	I	ACT	T	1023
NC_045512.2	3333	T	C	15861	7263	47	9	8	31	0.000566644	15883	0.924017	FALSE	ORF1ab:cds-YP_009725295.1	ATT	I	ACT	T	1023
NC_045512.2	3333	T	A	15861	7263	47	10	10	34	0.000629604	15883	0.884993	FALSE	ORF1ab:cds-YP_009724389.1	ATT	I	AAT	N	1023
NC_045512.2	3333	T	A	15861	7263	47	10	10	34	0.000629604	15883	0.884993	FALSE	ORF1ab:cds-YP_009725295.1	ATT	I	AAT	N	1023
NC_045512.2	3334	T	C	16070	7472	48	6	5	37	0.000373088	16082	0.991551	FALSE	ORF1ab:cds-YP_009724389.1	ATT	I	ATC	I	1023
NC_045512.2	3334	T	C	16070	7472	48	6	5	37	0.000373088	16082	0.991551	FALSE	ORF1ab:cds-YP_009725295.1	ATT	I	ATC	I	1023
NC_045512.2	3334	T	A	16070	7472	48	6	6	34	0.000373088	16082	0.991551	FALSE	ORF1ab:cds-YP_009724389.1	ATT	I	ATA	I	1023
NC_045512.2	3334	T	A	16070	7472	48	6	6	34	0.000373088	16082	0.991551	FALSE	ORF1ab:cds-YP_009725295.1	ATT	I	ATA	I	1023
NC_045512.2	3334	T	-GAAGTGAATA	16070	7472	48	1	0	20	6.21813e-05	16082	1	FALSE	NA	NA	NA	NA	NA	NA
NC_045512.2	3335	G	T	16162	7497	48	14	14	31	0.000864838	16188	0.707052	FALSE	ORF1ab:cds-YP_009724389.1	GAA	E	TAA	*	1024
NC_045512.2	3335	G	T	16162	7497	48	14	14	31	0.000864838	16188	0.707052	FALSE	ORF1ab:cds-YP_009725295.1	GAA	E	TAA	*	1024
NC_045512.2	3335	G	C	16162	7497	48	2	2	30	0.000123548	16188	0.999927	FALSE	ORF1ab:cds-YP_009724389.1	GAA	E	CAA	Q	1024
NC_045512.2	3335	G	C	16162	7497	48	2	2	30	0.000123548	16188	0.999927	FALSE	ORF1ab:cds-YP_009725295.1	GAA	E	CAA	Q	1024
NC_045512.2	3335	G	A	16162	7497	48	10	10	32	0.000617742	16188	0.915375	FALSE	ORF1ab:cds-YP_009724389.1	GAA	E	AAA	K	1024
NC_045512.2	3335	G	A	16162	7497	48	10	10	32	0.000617742	16188	0.915375	FALSE	ORF1ab:cds-YP_009725295.1	GAA	E	AAA	K	1024
NC_045512.2	3336	A	T	15973	7553	47	9	9	32	0.000562746	15993	0.92404	FALSE	ORF1ab:cds-YP_009724389.1	GAA	E	GTA	V	1024
NC_045512.2	3336	A	T	15973	7553	47	9	9	32	0.000562746	15993	0.92404	FALSE	ORF1ab:cds-YP_009725295.1	GAA	E	GTA	V	1024
NC_045512.2	3336	A	G	15973	7553	47	9	9	32	0.000562746	15993	0.92404	FALSE	ORF1ab:cds-YP_009724389.1	GAA	E	GGA	G	1024
NC_045512.2	3336	A	G	15973	7553	47	9	9	32	0.000562746	15993	0.92404	FALSE	ORF1ab:cds-YP_009725295.1	GAA	E	GGA	G	1024
NC_045512.2	3336	A	C	15973	7553	47	2	2	30	0.000125055	15993	0.999862	FALSE	ORF1ab:cds-YP_009724389.1	GAA	E	GCA	A	1024
NC_045512.2	3336	A	C	15973	7553	47	2	2	30	0.000125055	15993	0.999862	FALSE	ORF1ab:cds-YP_009725295.1	GAA	E	GCA	A	1024
NC_045512.2	3336	A	+AGTGAAT	15973	7553	47	1	0	20	6.25234e-05	15994	1	FALSE	NA	NA	NA	NA	NA	NA
NC_045512.2	3337	A	T	16039	7358	48	5	5	34	0.000311585	16047	0.996406	FALSE	ORF1ab:cds-YP_009724389.1	GAA	E	GAT	D	1024
NC_045512.2	3337	A	T	16039	7358	48	5	5	34	0.000311585	16047	0.996406	FALSE	ORF1ab:cds-YP_009725295.1	GAA	E	GAT	D	1024
NC_045512.2	3337	A	G	16039	7358	48	2	1	51	0.000124634	16047	0.249899	FALSE	ORF1ab:cds-YP_009724389.1	GAA	E	GAG	E	1024
NC_045512.2	3337	A	G	16039	7358	48	2	1	51	0.000124634	16047	0.249899	FALSE	ORF1ab:cds-YP_009725295.1	GAA	E	GAG	E	1024
NC_045512.2	3337	A	C	16039	7358	48	1	1	26	6.23169e-05	16047	1	FALSE	ORF1ab:cds-YP_009724389.1	GAA	E	GAC	D	1024
NC_045512.2	3337	A	C	16039	7358	48	1	1	26	6.23169e-05	16047	1	FALSE	ORF1ab:cds-YP_009725295.1	GAA	E	GAC	D	1024
NC_045512.2	3338	G	T	15944	7425	48	3	3	34	0.000187935	15963	0.999341	FALSE	ORF1ab:cds-YP_009724389.1	GTG	V	TTG	L	1025
NC_045512.2	3338	G	T	15944	7425	48	3	3	34	0.000187935	15963	0.999341	FALSE	ORF1ab:cds-YP_009725295.1	GTG	V	TTG	L	1025
NC_045512.2	3338	G	C	15944	7425	48	2	2	26	0.00012529	15963	1	FALSE	ORF1ab:cds-YP_009724389.1	GTG	V	CTG	L	1025
NC_045512.2	3338	G	C	15944	7425	48	2	2	26	0.00012529	15963	1	FALSE	ORF1ab:cds-YP_009725295.1	GTG	V	CTG	L	1025
NC_045512.2	3338	G	A	15944	7425	48	14	14	34	0.000877028	15963	0.644211	FALSE	ORF1ab:cds-YP_009724389.1	GTG	V	ATG	M	1025
NC_045512.2	3338	G	A	15944	7425	48	14	14	34	0.000877028	15963	0.644211	FALSE	ORF1ab:cds-YP_009725295.1	GTG	V	ATG	M	1025
NC_045512.2	3338	G	-T	15944	7425	48	1	0	20	6.26409e-05	15964	1	FALSE	NA	NA	NA	NA	NA	NA
NC_045512.2	3339	T	G	14889	6461	47	9	8	33	0.000603622	14910	0.894686	FALSE	ORF1ab:cds-YP_009724389.1	GTG	V	GGG	G	1025
NC_045512.2	3339	T	G	14889	6461	47	9	8	33	0.000603622	14910	0.894686	FALSE	ORF1ab:cds-YP_009725295.1	GTG	V	GGG	G	1025
NC_045512.2	3339	T	C	14889	6461	47	3	2	25	0.000201207	14910	1	FALSE	ORF1ab:cds-YP_009724389.1	GTG	V	GCG	A	1025
NC_045512.2	3339	T	C	14889	6461	47	3	2	25	0.000201207	14910	1	FALSE	ORF1ab:cds-YP_009725295.1	GTG	V	GCG	A	1025
NC_045512.2	3339	T	A	14889	6461	47	9	8	31	0.000603622	14910	0.894686	FALSE	ORF1ab:cds-YP_009724389.1	GTG	V	GAG	E	1025
NC_045512.2	3339	T	A	14889	6461	47	9	8	31	0.000603622	14910	0.894686	FALSE	ORF1ab:cds-YP_009725295.1	GTG	V	GAG	E	1025
NC_045512.2	3340	G	T	15355	6695	48	10	10	30	0.000650491	15373	0.88508	FALSE	ORF1ab:cds-YP_009724389.1	GTG	V	GTT	V	1025
NC_045512.2	3340	G	T	15355	6695	48	10	10	30	0.000650491	15373	0.88508	FALSE	ORF1ab:cds-YP_009725295.1	GTG	V	GTT	V	1025
NC_045512.2	3340	G	C	15355	6695	48	1	1	34	6.50491e-05	15373	0.999985	FALSE	ORF1ab:cds-YP_009724389.1	GTG	V	GTC	V	1025
NC_045512.2	3340	G	C	15355	6695	48	1	1	34	6.50491e-05	15373	0.999985	FALSE	ORF1ab:cds-YP_009725295.1	GTG	V	GTC	V	1025
NC_045512.2	3340	G	A	15355	6695	48	7	6	37	0.000455344	15373	0.9737	FALSE	ORF1ab:cds-YP_009724389.1	GTG	V	GTA	V	1025
NC_045512.2	3340	G	A	15355	6695	48	7	6	37	0.000455344	15373	0.9737	FALSE	ORF1ab:cds-YP_009725295.1	GTG	V	GTA	V	1025
NC_045512.2	3341	A	T	15257	6570	48	5	5	32	0.000327332	15275	0.994073	FALSE	ORF1ab:cds-YP_009724389.1	AAT	N	TAT	Y	1026
NC_045512.2	3341	A	T	15257	6570	48	5	5	32	0.000327332	15275	0.994073	FALSE	ORF1ab:cds-YP_009725295.1	AAT	N	TAT	Y	1026
NC_045512.2	3341	A	G	15257	6570	48	13	13	30	0.000851064	15275	0.713998	FALSE	ORF1ab:cds-YP_009724389.1	AAT	N	GAT	D	1026
NC_045512.2	3341	A	G	15257	6570	48	13	13	30	0.000851064	15275	0.713998	FALSE	ORF1ab:cds-YP_009725295.1	AAT	N	GAT	D	1026
NC_045512.2	3342	A	T	15259	6685	48	5	5	32	0.000327418	15271	0.994087	FALSE	ORF1ab:cds-YP_009724389.1	AAT	N	ATT	I	1026
NC_045512.2	3342	A	T	15259	6685	48	5	5	32	0.000327418	15271	0.994087	FALSE	ORF1ab:cds-YP_009725295.1	AAT	N	ATT	I	1026
NC_045512.2	3342	A	G	15259	6685	48	5	4	34	0.000327418	15271	0.994087	FALSE	ORF1ab:cds-YP_009724389.1	AAT	N	AGT	S	1026
NC_045512.2	3342	A	G	15259	6685	48	5	4	34	0.000327418	15271	0.994087	FALSE	ORF1ab:cds-YP_009725295.1	AAT	N	AGT	S	1026
NC_045512.2	3342	A	C	15259	6685	48	2	2	34	0.000130967	15271	0.999862	FALSE	ORF1ab:cds-YP_009724389.1	AAT	N	ACT	T	1026
NC_045512.2	3342	A	C	15259	6685	48	2	2	34	0.000130967	15271	0.999862	FALSE	ORF1ab:cds-YP_009725295.1	AAT	N	ACT	T	1026
NC_045512.2	3343	T	G	14969	6630	47	6	4	34	0.00040016	14994	0.979198	FALSE	ORF1ab:cds-YP_009724389.1	AAT	N	AAG	K	1026
NC_045512.2	3343	T	G	14969	6630	47	6	4	34	0.00040016	14994	0.979198	FALSE	ORF1ab:cds-YP_009725295.1	AAT	N	AAG	K	1026
NC_045512.2	3343	T	C	14969	6630	47	1	0	68	6.66933e-05	14994	0.4996	FALSE	ORF1ab:cds-YP_009724389.1	AAT	N	AAC	N	1026
NC_045512.2	3343	T	C	14969	6630	47	1	0	68	6.66933e-05	14994	0.4996	FALSE	ORF1ab:cds-YP_009725295.1	AAT	N	AAC	N	1026
NC_045512.2	3343	T	A	14969	6630	47	18	18	32	0.00120048	14994	0.297747	FALSE	ORF1ab:cds-YP_009724389.1	AAT	N	AAA	K	1026
NC_045512.2	3343	T	A	14969	6630	47	18	18	32	0.00120048	14994	0.297747	FALSE	ORF1ab:cds-YP_009725295.1	AAT	N	AAA	K	1026
NC_045512.2	3344	A	T	15016	6956	47	11	11	32	0.000731724	15033	0.836383	FALSE	ORF1ab:cds-YP_009724389.1	AGT	S	TGT	C	1027
NC_045512.2	3344	A	T	15016	6956	47	11	11	32	0.000731724	15033	0.836383	FALSE	ORF1ab:cds-YP_009725295.1	AGT	S	TGT	C	1027
NC_045512.2	3344	A	G	15016	6956	47	2	2	25	0.000133041	15033	1	FALSE	ORF1ab:cds-YP_009724389.1	AGT	S	GGT	G	1027
NC_045512.2	3344	A	G	15016	6956	47	2	2	25	0.000133041	15033	1	FALSE	ORF1ab:cds-YP_009725295.1	AGT	S	GGT	G	1027
NC_045512.2	3344	A	C	15016	6956	47	4	3	26	0.000266081	15033	1	FALSE	ORF1ab:cds-YP_009724389.1	AGT	S	CGT	R	1027
NC_045512.2	3344	A	C	15016	6956	47	4	3	26	0.000266081	15033	1	FALSE	ORF1ab:cds-YP_009725295.1	AGT	S	CGT	R	1027
NC_045512.2	3345	G	T	16030	7081	48	3	3	34	0.000186904	16051	0.999634	FALSE	ORF1ab:cds-YP_009724389.1	AGT	S	ATT	I	1027
NC_045512.2	3345	G	T	16030	7081	48	3	3	34	0.000186904	16051	0.999634	FALSE	ORF1ab:cds-YP_009725295.1	AGT	S	ATT	I	1027
NC_045512.2	3345	G	C	16030	7081	48	1	1	34	6.23014e-05	16051	0.999992	FALSE	ORF1ab:cds-YP_009724389.1	AGT	S	ACT	T	1027
NC_045512.2	3345	G	C	16030	7081	48	1	1	34	6.23014e-05	16051	0.999992	FALSE	ORF1ab:cds-YP_009725295.1	AGT	S	ACT	T	1027
NC_045512.2	3345	G	A	16030	7081	48	17	17	33	0.00105912	16051	0.499784	FALSE	ORF1ab:cds-YP_009724389.1	AGT	S	AAT	N	1027
NC_045512.2	3345	G	A	16030	7081	48	17	17	33	0.00105912	16051	0.499784	FALSE	ORF1ab:cds-YP_009725295.1	AGT	S	AAT	N	1027
NC_045512.2	3346	T	G	15910	7006	48	13	13	33	0.000816122	15929	0.714007	FALSE	ORF1ab:cds-YP_009724389.1	AGT	S	AGG	R	1027
NC_045512.2	3346	T	G	15910	7006	48	13	13	33	0.000816122	15929	0.714007	FALSE	ORF1ab:cds-YP_009725295.1	AGT	S	AGG	R	1027
NC_045512.2	3346	T	C	15910	7006	48	1	1	34	6.27786e-05	15929	0.999985	FALSE	ORF1ab:cds-YP_009724389.1	AGT	S	AGC	S	1027
NC_045512.2	3346	T	C	15910	7006	48	1	1	34	6.27786e-05	15929	0.999985	FALSE	ORF1ab:cds-YP_009725295.1	AGT	S	AGC	S	1027
NC_045512.2	3346	T	A	15910	7006	48	5	5	32	0.000313893	15929	0.994074	FALSE	ORF1ab:cds-YP_009724389.1	AGT	S	AGA	R	1027
NC_045512.2	3346	T	A	15910	7006	48	5	5	32	0.000313893	15929	0.994074	FALSE	ORF1ab:cds-YP_009725295.1	AGT	S	AGA	R	1027
NC_045512.2	3347	T	G	15890	7142	48	7	4	30	0.000440169	15903	0.973756	FALSE	ORF1ab:cds-YP_009724389.1	TTT	F	GTT	V	1028
NC_045512.2	3347	T	G	15890	7142	48	7	4	30	0.000440169	15903	0.973756	FALSE	ORF1ab:cds-YP_009725295.1	TTT	F	GTT	V	1028
NC_045512.2	3347	T	A	15890	7142	48	6	6	34	0.000377287	15903	0.986693	FALSE	ORF1ab:cds-YP_009724389.1	TTT	F	ATT	I	1028
NC_045512.2	3347	T	A	15890	7142	48	6	6	34	0.000377287	15903	0.986693	FALSE	ORF1ab:cds-YP_009725295.1	TTT	F	ATT	I	1028
NC_045512.2	3348	T	G	15988	7255	48	6	6	30	0.000375047	15998	0.986708	FALSE	ORF1ab:cds-YP_009724389.1	TTT	F	TGT	C	1028
NC_045512.2	3348	T	G	15988	7255	48	6	6	30	0.000375047	15998	0.986708	FALSE	ORF1ab:cds-YP_009725295.1	TTT	F	TGT	C	1028
NC_045512.2	3348	T	C	15988	7255	48	2	2	47	0.000125016	15998	0.499836	FALSE	ORF1ab:cds-YP_009724389.1	TTT	F	TCT	S	1028
NC_045512.2	3348	T	C	15988	7255	48	2	2	47	0.000125016	15998	0.499836	FALSE	ORF1ab:cds-YP_009725295.1	TTT	F	TCT	S	1028
NC_045512.2	3348	T	A	15988	7255	48	2	2	34	0.000125016	15998	0.999863	FALSE	ORF1ab:cds-YP_009724389.1	TTT	F	TAT	Y	1028
NC_045512.2	3348	T	A	15988	7255	48	2	2	34	0.000125016	15998	0.999863	FALSE	ORF1ab:cds-YP_009725295.1	TTT	F	TAT	Y	1028
NC_045512.2	3349	T	G	15795	7121	49	3	2	31	0.000189825	15804	0.999344	FALSE	ORF1ab:cds-YP_009724389.1	TTT	F	TTG	L	1028
NC_045512.2	3349	T	G	15795	7121	49	3	2	31	0.000189825	15804	0.999344	FALSE	ORF1ab:cds-YP_009725295.1	TTT	F	TTG	L	1028
NC_045512.2	3349	T	C	15795	7121	49	2	2	34	0.00012655	15804	0.999863	FALSE	ORF1ab:cds-YP_009724389.1	TTT	F	TTC	F	1028
NC_045512.2	3349	T	C	15795	7121	49	2	2	34	0.00012655	15804	0.999863	FALSE	ORF1ab:cds-YP_009725295.1	TTT	F	TTC	F	1028
NC_045512.2	3349	T	A	15795	7121	49	4	4	32	0.0002531	15804	0.997789	FALSE	ORF1ab:cds-YP_009724389.1	TTT	F	TTA	L	1028
NC_045512.2	3349	T	A	15795	7121	49	4	4	32	0.0002531	15804	0.997789	FALSE	ORF1ab:cds-YP_009725295.1	TTT	F	TTA	L	1028
NC_045512.2	3350	A	T	15743	7089	49	18	18	31	0.00114177	15765	0.36389	FALSE	ORF1ab:cds-YP_009724389.1	AGT	S	TGT	C	1029
NC_045512.2	3350	A	T	15743	7089	49	18	18	31	0.00114177	15765	0.36389	FALSE	ORF1ab:cds-YP_009725295.1	AGT	S	TGT	C	1029
NC_045512.2	3350	A	G	15743	7089	49	1	1	34	6.34317e-05	15765	0.999985	FALSE	ORF1ab:cds-YP_009724389.1	AGT	S	GGT	G	1029
NC_045512.2	3350	A	G	15743	7089	49	1	1	34	6.34317e-05	15765	0.999985	FALSE	ORF1ab:cds-YP_009725295.1	AGT	S	GGT	G	1029
NC_045512.2	3350	A	C	15743	7089	49	3	3	34	0.000190295	15765	0.99934	FALSE	ORF1ab:cds-YP_009724389.1	AGT	S	CGT	R	1029
NC_045512.2	3350	A	C	15743	7089	49	3	3	34	0.000190295	15765	0.99934	FALSE	ORF1ab:cds-YP_009725295.1	AGT	S	CGT	R	1029
NC_045512.2	3351	G	T	15694	7052	48	9	9	33	0.000572592	15718	0.92397	FALSE	ORF1ab:cds-YP_009724389.1	AGT	S	ATT	I	1029
NC_045512.2	3351	G	T	15694	7052	48	9	9	33	0.000572592	15718	0.92397	FALSE	ORF1ab:cds-YP_009725295.1	AGT	S	ATT	I	1029
NC_045512.2	3351	G	C	15694	7052	48	1	1	34	6.36213e-05	15718	0.999985	FALSE	ORF1ab:cds-YP_009724389.1	AGT	S	ACT	T	1029
NC_045512.2	3351	G	C	15694	7052	48	1	1	34	6.36213e-05	15718	0.999985	FALSE	ORF1ab:cds-YP_009725295.1	AGT	S	ACT	T	1029
NC_045512.2	3351	G	A	15694	7052	48	14	14	32	0.000890699	15718	0.643949	FALSE	ORF1ab:cds-YP_009724389.1	AGT	S	AAT	N	1029
NC_045512.2	3351	G	A	15694	7052	48	14	14	32	0.000890699	15718	0.643949	FALSE	ORF1ab:cds-YP_009725295.1	AGT	S	AAT	N	1029
NC_045512.2	3352	T	G	15701	7168	49	13	12	32	0.000826919	15721	0.713946	FALSE	ORF1ab:cds-YP_009724389.1	AGT	S	AGG	R	1029
NC_045512.2	3352	T	G	15701	7168	49	13	12	32	0.000826919	15721	0.713946	FALSE	ORF1ab:cds-YP_009725295.1	AGT	S	AGG	R	1029
NC_045512.2	3352	T	C	15701	7168	49	4	3	35	0.000254437	15721	0.997779	FALSE	ORF1ab:cds-YP_009724389.1	AGT	S	AGC	S	1029
NC_045512.2	3352	T	C	15701	7168	49	4	3	35	0.000254437	15721	0.997779	FALSE	ORF1ab:cds-YP_009725295.1	AGT	S	AGC	S	1029
NC_045512.2	3352	T	A	15701	7168	49	3	3	31	0.000190828	15721	0.999341	FALSE	ORF1ab:cds-YP_009724389.1	AGT	S	AGA	R	1029
NC_045512.2	3352	T	A	15701	7168	49	3	3	31	0.000190828	15721	0.999341	FALSE	ORF1ab:cds-YP_009725295.1	AGT	S	AGA	R	1029
NC_045512.2	3353	G	T	15644	7117	48	12	12	32	0.000765941	15667	0.778569	FALSE	ORF1ab:cds-YP_009724389.1	GGT	G	TGT	C	1030
NC_045512.2	3353	G	T	15644	7117	48	12	12	32	0.000765941	15667	0.778569	FALSE	ORF1ab:cds-YP_009725295.1	GGT	G	TGT	C	1030
NC_045512.2	3353	G	C	15644	7117	48	2	2	34	0.000127657	15667	0.999862	FALSE	ORF1ab:cds-YP_009724389.1	GGT	G	CGT	R	1030
NC_045512.2	3353	G	C	15644	7117	48	2	2	34	0.000127657	15667	0.999862	FALSE	ORF1ab:cds-YP_009725295.1	GGT	G	CGT	R	1030
NC_045512.2	3353	G	A	15644	7117	48	9	9	33	0.000574456	15667	0.923992	FALSE	ORF1ab:cds-YP_009724389.1	GGT	G	AGT	S	1030
NC_045512.2	3353	G	A	15644	7117	48	9	9	33	0.000574456	15667	0.923992	FALSE	ORF1ab:cds-YP_009725295.1	GGT	G	AGT	S	1030
NC_045512.2	3354	G	T	15285	6832	48	3	3	34	0.000196168	15293	0.999345	FALSE	ORF1ab:cds-YP_009724389.1	GGT	G	GTT	V	1030
NC_045512.2	3354	G	T	15285	6832	48	3	3	34	0.000196168	15293	0.999345	FALSE	ORF1ab:cds-YP_009725295.1	GGT	G	GTT	V	1030
NC_045512.2	3354	G	C	15285	6832	48	3	2	31	0.000196168	15293	0.999345	FALSE	ORF1ab:cds-YP_009724389.1	GGT	G	GCT	A	1030
NC_045512.2	3354	G	C	15285	6832	48	3	2	31	0.000196168	15293	0.999345	FALSE	ORF1ab:cds-YP_009725295.1	GGT	G	GCT	A	1030
NC_045512.2	3354	G	A	15285	6832	48	2	2	30	0.000130779	15293	0.999863	FALSE	ORF1ab:cds-YP_009724389.1	GGT	G	GAT	D	1030
NC_045512.2	3354	G	A	15285	6832	48	2	2	30	0.000130779	15293	0.999863	FALSE	ORF1ab:cds-YP_009725295.1	GGT	G	GAT	D	1030
NC_045512.2	3355	T	G	15229	6994	50	15	13	31	0.000983607	15250	0.571912	FALSE	ORF1ab:cds-YP_009724389.1	GGT	G	GGG	G	1030
NC_045512.2	3355	T	G	15229	6994	50	15	13	31	0.000983607	15250	0.571912	FALSE	ORF1ab:cds-YP_009725295.1	GGT	G	GGG	G	1030
NC_045512.2	3355	T	C	15229	6994	50	4	3	51	0.000262295	15250	0.0623566	FALSE	ORF1ab:cds-YP_009724389.1	GGT	G	GGC	G	1030
NC_045512.2	3355	T	C	15229	6994	50	4	3	51	0.000262295	15250	0.0623566	FALSE	ORF1ab:cds-YP_009725295.1	GGT	G	GGC	G	1030
NC_045512.2	3355	T	A	15229	6994	50	2	2	34	0.000131148	15250	0.999862	FALSE	ORF1ab:cds-YP_009724389.1	GGT	G	GGA	G	1030
NC_045512.2	3355	T	A	15229	6994	50	2	2	34	0.000131148	15250	0.999862	FALSE	ORF1ab:cds-YP_009725295.1	GGT	G	GGA	G	1030
NC_045512.2	3356	T	G	15188	6957	49	6	6	32	0.000394815	15197	0.986713	FALSE	ORF1ab:cds-YP_009724389.1	TAT	Y	GAT	D	1031
NC_045512.2	3356	T	G	15188	6957	49	6	6	32	0.000394815	15197	0.986713	FALSE	ORF1ab:cds-YP_009725295.1	TAT	Y	GAT	D	1031
NC_045512.2	3356	T	C	15188	6957	49	1	1	34	6.58025e-05	15197	0.999985	FALSE	ORF1ab:cds-YP_009724389.1	TAT	Y	CAT	H	1031
NC_045512.2	3356	T	C	15188	6957	49	1	1	34	6.58025e-05	15197	0.999985	FALSE	ORF1ab:cds-YP_009725295.1	TAT	Y	CAT	H	1031
NC_045512.2	3356	T	A	15188	6957	49	2	2	34	0.000131605	15197	0.999863	FALSE	ORF1ab:cds-YP_009724389.1	TAT	Y	AAT	N	1031
NC_045512.2	3356	T	A	15188	6957	49	2	2	34	0.000131605	15197	0.999863	FALSE	ORF1ab:cds-YP_009725295.1	TAT	Y	AAT	N	1031
NC_045512.2	3357	A	T	15835	7286	48	13	13	33	0.000819879	15856	0.713891	FALSE	ORF1ab:cds-YP_009724389.1	TAT	Y	TTT	F	1031
NC_045512.2	3357	A	T	15835	7286	48	13	13	33	0.000819879	15856	0.713891	FALSE	ORF1ab:cds-YP_009725295.1	TAT	Y	TTT	F	1031
NC_045512.2	3357	A	G	15835	7286	48	5	5	32	0.000315338	15856	0.994069	FALSE	ORF1ab:cds-YP_009724389.1	TAT	Y	TGT	C	1031
NC_045512.2	3357	A	G	15835	7286	48	5	5	32	0.000315338	15856	0.994069	FALSE	ORF1ab:cds-YP_009725295.1	TAT	Y	TGT	C	1031
NC_045512.2	3357	A	C	15835	7286	48	3	3	31	0.000189203	15856	0.999341	FALSE	ORF1ab:cds-YP_009724389.1	TAT	Y	TCT	S	1031
NC_045512.2	3357	A	C	15835	7286	48	3	3	31	0.000189203	15856	0.999341	FALSE	ORF1ab:cds-YP_009725295.1	TAT	Y	TCT	S	1031
NC_045512.2	3357	A	-T	15835	7286	48	1	0	20	6.30676e-05	15856	1	FALSE	NA	NA	NA	NA	NA	NA
NC_045512.2	3358	T	G	15802	7287	48	1	1	34	6.32231e-05	15817	0.999985	FALSE	ORF1ab:cds-YP_009724389.1	TAT	Y	TAG	*	1031
NC_045512.2	3358	T	G	15802	7287	48	1	1	34	6.32231e-05	15817	0.999985	FALSE	ORF1ab:cds-YP_009725295.1	TAT	Y	TAG	*	1031
NC_045512.2	3358	T	C	15802	7287	48	2	2	30	0.000126446	15817	0.999862	FALSE	ORF1ab:cds-YP_009724389.1	TAT	Y	TAC	Y	1031
NC_045512.2	3358	T	C	15802	7287	48	2	2	30	0.000126446	15817	0.999862	FALSE	ORF1ab:cds-YP_009725295.1	TAT	Y	TAC	Y	1031
NC_045512.2	3358	T	A	15802	7287	48	12	12	32	0.000758677	15817	0.778917	FALSE	ORF1ab:cds-YP_009724389.1	TAT	Y	TAA	*	1031
NC_045512.2	3358	T	A	15802	7287	48	12	12	32	0.000758677	15817	0.778917	FALSE	ORF1ab:cds-YP_009725295.1	TAT	Y	TAA	*	1031
NC_045512.2	3359	T	G	15740	7289	48	1	0	34	6.35042e-05	15747	0.999985	FALSE	ORF1ab:cds-YP_009724389.1	TTA	L	GTA	V	1032
NC_045512.2	3359	T	G	15740	7289	48	1	0	34	6.35042e-05	15747	0.999985	FALSE	ORF1ab:cds-YP_009725295.1	TTA	L	GTA	V	1032
NC_045512.2	3359	T	C	15740	7289	48	1	1	68	6.35042e-05	15747	0.499921	FALSE	ORF1ab:cds-YP_009724389.1	TTA	L	CTA	L	1032
NC_045512.2	3359	T	C	15740	7289	48	1	1	68	6.35042e-05	15747	0.499921	FALSE	ORF1ab:cds-YP_009725295.1	TTA	L	CTA	L	1032
NC_045512.2	3359	T	A	15740	7289	48	5	5	32	0.000317521	15747	0.994102	FALSE	ORF1ab:cds-YP_009724389.1	TTA	L	ATA	I	1032
NC_045512.2	3359	T	A	15740	7289	48	5	5	32	0.000317521	15747	0.994102	FALSE	ORF1ab:cds-YP_009725295.1	TTA	L	ATA	I	1032
NC_045512.2	3360	T	G	15882	7564	49	1	1	34	6.29208e-05	15893	0.999985	FALSE	ORF1ab:cds-YP_009724389.1	TTA	L	TGA	*	1032
NC_045512.2	3360	T	G	15882	7564	49	1	1	34	6.29208e-05	15893	0.999985	FALSE	ORF1ab:cds-YP_009725295.1	TTA	L	TGA	*	1032
NC_045512.2	3360	T	C	15882	7564	49	3	2	34	0.000188762	15893	0.999344	FALSE	ORF1ab:cds-YP_009724389.1	TTA	L	TCA	S	1032
NC_045512.2	3360	T	C	15882	7564	49	3	2	34	0.000188762	15893	0.999344	FALSE	ORF1ab:cds-YP_009725295.1	TTA	L	TCA	S	1032
NC_045512.2	3360	T	A	15882	7564	49	7	7	34	0.000440445	15893	0.973774	FALSE	ORF1ab:cds-YP_009724389.1	TTA	L	TAA	*	1032
NC_045512.2	3360	T	A	15882	7564	49	7	7	34	0.000440445	15893	0.973774	FALSE	ORF1ab:cds-YP_009725295.1	TTA	L	TAA	*	1032
NC_045512.2	3361	A	T	15908	7604	49	17	17	33	0.0010671	15931	0.429638	FALSE	ORF1ab:cds-YP_009724389.1	TTA	L	TTT	F	1032
NC_045512.2	3361	A	T	15908	7604	49	17	17	33	0.0010671	15931	0.429638	FALSE	ORF1ab:cds-YP_009725295.1	TTA	L	TTT	F	1032
NC_045512.2	3361	A	G	15908	7604	49	3	2	34	0.000188312	15931	0.99934	FALSE	ORF1ab:cds-YP_009724389.1	TTA	L	TTG	L	1032
NC_045512.2	3361	A	G	15908	7604	49	3	2	34	0.000188312	15931	0.99934	FALSE	ORF1ab:cds-YP_009725295.1	TTA	L	TTG	L	1032
NC_045512.2	3361	A	C	15908	7604	49	3	2	31	0.000188312	15931	0.99934	FALSE	ORF1ab:cds-YP_009724389.1	TTA	L	TTC	F	1032
NC_045512.2	3361	A	C	15908	7604	49	3	2	31	0.000188312	15931	0.99934	FALSE	ORF1ab:cds-YP_009725295.1	TTA	L	TTC	F	1032
NC_045512.2	3362	A	T	15894	7615	49	7	7	32	0.000440141	15904	0.973783	FALSE	ORF1ab:cds-YP_009724389.1	AAA	K	TAA	*	1033
NC_045512.2	3362	A	T	15894	7615	49	7	7	32	0.000440141	15904	0.973783	FALSE	ORF1ab:cds-YP_009725295.1	AAA	K	TAA	*	1033
NC_045512.2	3362	A	G	15894	7615	49	2	2	30	0.000125755	15904	0.999863	FALSE	ORF1ab:cds-YP_009724389.1	AAA	K	GAA	E	1033
NC_045512.2	3362	A	G	15894	7615	49	2	2	30	0.000125755	15904	0.999863	FALSE	ORF1ab:cds-YP_009725295.1	AAA	K	GAA	E	1033
NC_045512.2	3362	A	C	15894	7615	49	1	1	34	6.28773e-05	15904	0.999985	FALSE	ORF1ab:cds-YP_009724389.1	AAA	K	CAA	Q	1033
NC_045512.2	3362	A	C	15894	7615	49	1	1	34	6.28773e-05	15904	0.999985	FALSE	ORF1ab:cds-YP_009725295.1	AAA	K	CAA	Q	1033
NC_045512.2	3363	A	T	15242	7585	47	5	5	34	0.000327847	15251	0.994097	FALSE	ORF1ab:cds-YP_009724389.1	AAA	K	ATA	I	1033
NC_045512.2	3363	A	T	15242	7585	47	5	5	34	0.000327847	15251	0.994097	FALSE	ORF1ab:cds-YP_009725295.1	AAA	K	ATA	I	1033
NC_045512.2	3363	A	G	15242	7585	47	2	1	34	0.000131139	15251	0.999863	FALSE	ORF1ab:cds-YP_009724389.1	AAA	K	AGA	R	1033
NC_045512.2	3363	A	G	15242	7585	47	2	1	34	0.000131139	15251	0.999863	FALSE	ORF1ab:cds-YP_009725295.1	AAA	K	AGA	R	1033
NC_045512.2	3363	A	C	15242	7585	47	2	2	34	0.000131139	15251	0.999863	FALSE	ORF1ab:cds-YP_009724389.1	AAA	K	ACA	T	1033
NC_045512.2	3363	A	C	15242	7585	47	2	2	34	0.000131139	15251	0.999863	FALSE	ORF1ab:cds-YP_009725295.1	AAA	K	ACA	T	1033
NC_045512.2	3364	A	T	15829	7600	49	1	1	26	6.31433e-05	15837	1	FALSE	ORF1ab:cds-YP_009724389.1	AAA	K	AAT	N	1033
NC_045512.2	3364	A	T	15829	7600	49	1	1	26	6.31433e-05	15837	1	FALSE	ORF1ab:cds-YP_009725295.1	AAA	K	AAT	N	1033
NC_045512.2	3364	A	G	15829	7600	49	1	1	34	6.31433e-05	15837	0.999985	FALSE	ORF1ab:cds-YP_009724389.1	AAA	K	AAG	K	1033
NC_045512.2	3364	A	G	15829	7600	49	1	1	34	6.31433e-05	15837	0.999985	FALSE	ORF1ab:cds-YP_009725295.1	AAA	K	AAG	K	1033
NC_045512.2	3364	A	C	15829	7600	49	6	5	31	0.00037886	15837	0.986718	FALSE	ORF1ab:cds-YP_009724389.1	AAA	K	AAC	N	1033
NC_045512.2	3364	A	C	15829	7600	49	6	5	31	0.00037886	15837	0.986718	FALSE	ORF1ab:cds-YP_009725295.1	AAA	K	AAC	N	1033
NC_045512.2	3365	C	T	16113	7732	49	1	1	34	6.19732e-05	16136	0.999992	FALSE	ORF1ab:cds-YP_009724389.1	CTT	L	TTT	F	1034
NC_045512.2	3365	C	T	16113	7732	49	1	1	34	6.19732e-05	16136	0.999992	FALSE	ORF1ab:cds-YP_009725295.1	CTT	L	TTT	F	1034
NC_045512.2	3365	C	G	16113	7732	49	2	1	30	0.000123946	16136	0.999927	FALSE	ORF1ab:cds-YP_009724389.1	CTT	L	GTT	V	1034
NC_045512.2	3365	C	G	16113	7732	49	2	1	30	0.000123946	16136	0.999927	FALSE	ORF1ab:cds-YP_009725295.1	CTT	L	GTT	V	1034
NC_045512.2	3365	C	A	16113	7732	49	20	20	32	0.00123946	16136	0.308629	FALSE	ORF1ab:cds-YP_009724389.1	CTT	L	ATT	I	1034
NC_045512.2	3365	C	A	16113	7732	49	20	20	32	0.00123946	16136	0.308629	FALSE	ORF1ab:cds-YP_009725295.1	CTT	L	ATT	I	1034
NC_045512.2	3366	T	G	15563	7219	49	3	3	31	0.000192468	15587	0.99934	FALSE	ORF1ab:cds-YP_009724389.1	CTT	L	CGT	R	1034
NC_045512.2	3366	T	G	15563	7219	49	3	3	31	0.000192468	15587	0.99934	FALSE	ORF1ab:cds-YP_009725295.1	CTT	L	CGT	R	1034
NC_045512.2	3366	T	C	15563	7219	49	10	10	33	0.00064156	15587	0.884925	FALSE	ORF1ab:cds-YP_009724389.1	CTT	L	CCT	P	1034
NC_045512.2	3366	T	C	15563	7219	49	10	10	33	0.00064156	15587	0.884925	FALSE	ORF1ab:cds-YP_009725295.1	CTT	L	CCT	P	1034
NC_045512.2	3366	T	A	15563	7219	49	11	11	35	0.000705716	15587	0.836144	FALSE	ORF1ab:cds-YP_009724389.1	CTT	L	CAT	H	1034
NC_045512.2	3366	T	A	15563	7219	49	11	11	35	0.000705716	15587	0.836144	FALSE	ORF1ab:cds-YP_009725295.1	CTT	L	CAT	H	1034
NC_045512.2	3367	T	C	15588	7269	49	3	2	31	0.000192345	15597	0.999344	FALSE	ORF1ab:cds-YP_009724389.1	CTT	L	CTC	L	1034
NC_045512.2	3367	T	C	15588	7269	49	3	2	31	0.000192345	15597	0.999344	FALSE	ORF1ab:cds-YP_009725295.1	CTT	L	CTC	L	1034
NC_045512.2	3367	T	A	15588	7269	49	6	6	34	0.000384689	15597	0.986713	FALSE	ORF1ab:cds-YP_009724389.1	CTT	L	CTA	L	1034
NC_045512.2	3367	T	A	15588	7269	49	6	6	34	0.000384689	15597	0.986713	FALSE	ORF1ab:cds-YP_009725295.1	CTT	L	CTA	L	1034
NC_045512.2	3368	A	T	15624	7269	49	14	14	33	0.000894855	15645	0.644141	FALSE	ORF1ab:cds-YP_009724389.1	ACT	T	TCT	S	1035
NC_045512.2	3368	A	T	15624	7269	49	14	14	33	0.000894855	15645	0.644141	FALSE	ORF1ab:cds-YP_009725295.1	ACT	T	TCT	S	1035
NC_045512.2	3368	A	G	15624	7269	49	2	1	34	0.000127836	15645	0.999862	FALSE	ORF1ab:cds-YP_009724389.1	ACT	T	GCT	A	1035
NC_045512.2	3368	A	G	15624	7269	49	2	1	34	0.000127836	15645	0.999862	FALSE	ORF1ab:cds-YP_009725295.1	ACT	T	GCT	A	1035
NC_045512.2	3368	A	C	15624	7269	49	5	5	34	0.000319591	15645	0.994069	FALSE	ORF1ab:cds-YP_009724389.1	ACT	T	CCT	P	1035
NC_045512.2	3368	A	C	15624	7269	49	5	5	34	0.000319591	15645	0.994069	FALSE	ORF1ab:cds-YP_009725295.1	ACT	T	CCT	P	1035
NC_045512.2	3369	C	T	15639	7361	49	8	8	34	0.000510856	15660	0.953311	FALSE	ORF1ab:cds-YP_009724389.1	ACT	T	ATT	I	1035
NC_045512.2	3369	C	T	15639	7361	49	8	8	34	0.000510856	15660	0.953311	FALSE	ORF1ab:cds-YP_009725295.1	ACT	T	ATT	I	1035
NC_045512.2	3369	C	G	15639	7361	49	3	3	31	0.000191571	15660	0.999341	FALSE	ORF1ab:cds-YP_009724389.1	ACT	T	AGT	S	1035
NC_045512.2	3369	C	G	15639	7361	49	3	3	31	0.000191571	15660	0.999341	FALSE	ORF1ab:cds-YP_009725295.1	ACT	T	AGT	S	1035
NC_045512.2	3369	C	A	15639	7361	49	10	10	34	0.00063857	15660	0.885021	FALSE	ORF1ab:cds-YP_009724389.1	ACT	T	AAT	N	1035
NC_045512.2	3369	C	A	15639	7361	49	10	10	34	0.00063857	15660	0.885021	FALSE	ORF1ab:cds-YP_009725295.1	ACT	T	AAT	N	1035
NC_045512.2	3369	C	+G	15639	7361	49	1	0	20	6.3857e-05	15660	1	FALSE	NA	NA	NA	NA	NA	NA
NC_045512.2	3370	T	G	15641	7333	49	2	2	34	0.000127738	15657	0.999862	FALSE	ORF1ab:cds-YP_009724389.1	ACT	T	ACG	T	1035
NC_045512.2	3370	T	G	15641	7333	49	2	2	34	0.000127738	15657	0.999862	FALSE	ORF1ab:cds-YP_009725295.1	ACT	T	ACG	T	1035
NC_045512.2	3370	T	C	15641	7333	49	8	8	31	0.000510954	15657	0.953385	FALSE	ORF1ab:cds-YP_009724389.1	ACT	T	ACC	T	1035
NC_045512.2	3370	T	C	15641	7333	49	8	8	31	0.000510954	15657	0.953385	FALSE	ORF1ab:cds-YP_009725295.1	ACT	T	ACC	T	1035
NC_045512.2	3370	T	A	15641	7333	49	6	6	34	0.000383215	15657	0.986678	FALSE	ORF1ab:cds-YP_009724389.1	ACT	T	ACA	T	1035
NC_045512.2	3370	T	A	15641	7333	49	6	6	34	0.000383215	15657	0.986678	FALSE	ORF1ab:cds-YP_009725295.1	ACT	T	ACA	T	1035
NC_045512.2	3371	G	T	15664	7372	49	11	11	34	0.000701262	15686	0.836227	FALSE	ORF1ab:cds-YP_009724389.1	GAC	D	TAC	Y	1036
NC_045512.2	3371	G	T	15664	7372	49	11	11	34	0.000701262	15686	0.836227	FALSE	ORF1ab:cds-YP_009725295.1	GAC	D	TAC	Y	1036
NC_045512.2	3371	G	C	15664	7372	49	4	4	42	0.000255004	15686	0.187141	FALSE	ORF1ab:cds-YP_009724389.1	GAC	D	CAC	H	1036
NC_045512.2	3371	G	C	15664	7372	49	4	4	42	0.000255004	15686	0.187141	FALSE	ORF1ab:cds-YP_009725295.1	GAC	D	CAC	H	1036
NC_045512.2	3371	G	A	15664	7372	49	7	7	32	0.000446258	15686	0.973674	FALSE	ORF1ab:cds-YP_009724389.1	GAC	D	AAC	N	1036
NC_045512.2	3371	G	A	15664	7372	49	7	7	32	0.000446258	15686	0.973674	FALSE	ORF1ab:cds-YP_009725295.1	GAC	D	AAC	N	1036
NC_045512.2	3372	A	T	15789	7375	49	4	4	34	0.000252956	15813	0.997775	FALSE	ORF1ab:cds-YP_009724389.1	GAC	D	GTC	V	1036
NC_045512.2	3372	A	T	15789	7375	49	4	4	34	0.000252956	15813	0.997775	FALSE	ORF1ab:cds-YP_009725295.1	GAC	D	GTC	V	1036
NC_045512.2	3372	A	G	15789	7375	49	13	13	35	0.000822108	15813	0.713718	FALSE	ORF1ab:cds-YP_009724389.1	GAC	D	GGC	G	1036
NC_045512.2	3372	A	G	15789	7375	49	13	13	35	0.000822108	15813	0.713718	FALSE	ORF1ab:cds-YP_009725295.1	GAC	D	GGC	G	1036
NC_045512.2	3372	A	C	15789	7375	49	7	7	31	0.000442674	15813	0.973657	FALSE	ORF1ab:cds-YP_009724389.1	GAC	D	GCC	A	1036
NC_045512.2	3372	A	C	15789	7375	49	7	7	31	0.000442674	15813	0.973657	FALSE	ORF1ab:cds-YP_009725295.1	GAC	D	GCC	A	1036
NC_045512.2	3373	C	T	15918	7416	49	7	7	32	0.000439119	15941	0.973667	FALSE	ORF1ab:cds-YP_009724389.1	GAC	D	GAT	D	1036
NC_045512.2	3373	C	T	15918	7416	49	7	7	32	0.000439119	15941	0.973667	FALSE	ORF1ab:cds-YP_009725295.1	GAC	D	GAT	D	1036
NC_045512.2	3373	C	G	15918	7416	49	4	3	34	0.000250925	15941	0.997776	FALSE	ORF1ab:cds-YP_009724389.1	GAC	D	GAG	E	1036
NC_045512.2	3373	C	G	15918	7416	49	4	3	34	0.000250925	15941	0.997776	FALSE	ORF1ab:cds-YP_009725295.1	GAC	D	GAG	E	1036
NC_045512.2	3373	C	A	15918	7416	49	12	12	32	0.000752776	15941	0.778575	FALSE	ORF1ab:cds-YP_009724389.1	GAC	D	GAA	E	1036
NC_045512.2	3373	C	A	15918	7416	49	12	12	32	0.000752776	15941	0.778575	FALSE	ORF1ab:cds-YP_009725295.1	GAC	D	GAA	E	1036
NC_045512.2	3374	A	T	15657	7142	48	2	2	30	0.000127584	15676	0.999862	FALSE	ORF1ab:cds-YP_009724389.1	AAT	N	TAT	Y	1037
NC_045512.2	3374	A	T	15657	7142	48	2	2	30	0.000127584	15676	0.999862	FALSE	ORF1ab:cds-YP_009725295.1	AAT	N	TAT	Y	1037
NC_045512.2	3374	A	G	15657	7142	48	7	6	32	0.000446542	15676	0.973702	FALSE	ORF1ab:cds-YP_009724389.1	AAT	N	GAT	D	1037
NC_045512.2	3374	A	G	15657	7142	48	7	6	32	0.000446542	15676	0.973702	FALSE	ORF1ab:cds-YP_009725295.1	AAT	N	GAT	D	1037
NC_045512.2	3374	A	C	15657	7142	48	10	8	30	0.000637918	15676	0.885083	FALSE	ORF1ab:cds-YP_009724389.1	AAT	N	CAT	H	1037
NC_045512.2	3374	A	C	15657	7142	48	10	8	30	0.000637918	15676	0.885083	FALSE	ORF1ab:cds-YP_009725295.1	AAT	N	CAT	H	1037
NC_045512.2	3375	A	G	16050	7372	49	3	1	25	0.000186846	16056	1	FALSE	ORF1ab:cds-YP_009724389.1	AAT	N	AGT	S	1037
NC_045512.2	3375	A	G	16050	7372	49	3	1	25	0.000186846	16056	1	FALSE	ORF1ab:cds-YP_009725295.1	AAT	N	AGT	S	1037
NC_045512.2	3375	A	C	16050	7372	49	3	3	34	0.000186846	16056	0.999637	FALSE	ORF1ab:cds-YP_009724389.1	AAT	N	ACT	T	1037
NC_045512.2	3375	A	C	16050	7372	49	3	3	34	0.000186846	16056	0.999637	FALSE	ORF1ab:cds-YP_009725295.1	AAT	N	ACT	T	1037
NC_045512.2	3375	A	-TG	16050	7372	49	1	0	20	6.2282e-05	16056	1	FALSE	NA	NA	NA	NA	NA	NA
NC_045512.2	3376	T	G	15973	7333	49	3	3	31	0.000187559	15995	0.99934	FALSE	ORF1ab:cds-YP_009724389.1	AAT	N	AAG	K	1037
NC_045512.2	3376	T	G	15973	7333	49	3	3	31	0.000187559	15995	0.99934	FALSE	ORF1ab:cds-YP_009725295.1	AAT	N	AAG	K	1037
NC_045512.2	3376	T	C	15973	7333	49	7	7	31	0.000437637	15995	0.973667	FALSE	ORF1ab:cds-YP_009724389.1	AAT	N	AAC	N	1037
NC_045512.2	3376	T	C	15973	7333	49	7	7	31	0.000437637	15995	0.973667	FALSE	ORF1ab:cds-YP_009725295.1	AAT	N	AAC	N	1037
NC_045512.2	3376	T	A	15973	7333	49	12	12	34	0.000750234	15995	0.778577	FALSE	ORF1ab:cds-YP_009724389.1	AAT	N	AAA	K	1037
NC_045512.2	3376	T	A	15973	7333	49	12	12	34	0.000750234	15995	0.778577	FALSE	ORF1ab:cds-YP_009725295.1	AAT	N	AAA	K	1037
NC_045512.2	3377	G	T	16101	7358	49	11	11	33	0.000682255	16123	0.87584	FALSE	ORF1ab:cds-YP_009724389.1	GTA	V	TTA	L	1038
NC_045512.2	3377	G	T	16101	7358	49	11	11	33	0.000682255	16123	0.87584	FALSE	ORF1ab:cds-YP_009725295.1	GTA	V	TTA	L	1038
NC_045512.2	3377	G	C	16101	7358	49	2	2	47	0.000124046	16123	0.499535	FALSE	ORF1ab:cds-YP_009724389.1	GTA	V	CTA	L	1038
NC_045512.2	3377	G	C	16101	7358	49	2	2	47	0.000124046	16123	0.499535	FALSE	ORF1ab:cds-YP_009725295.1	GTA	V	CTA	L	1038
NC_045512.2	3377	G	A	16101	7358	49	9	9	33	0.000558209	16123	0.945971	FALSE	ORF1ab:cds-YP_009724389.1	GTA	V	ATA	I	1038
NC_045512.2	3377	G	A	16101	7358	49	9	9	33	0.000558209	16123	0.945971	FALSE	ORF1ab:cds-YP_009725295.1	GTA	V	ATA	I	1038
NC_045512.2	3378	T	G	16057	7318	49	11	11	31	0.000684165	16078	0.875906	FALSE	ORF1ab:cds-YP_009724389.1	GTA	V	GGA	G	1038
NC_045512.2	3378	T	G	16057	7318	49	11	11	31	0.000684165	16078	0.875906	FALSE	ORF1ab:cds-YP_009725295.1	GTA	V	GGA	G	1038
NC_045512.2	3378	T	C	16057	7318	49	4	2	32	0.000248787	16078	0.998706	FALSE	ORF1ab:cds-YP_009724389.1	GTA	V	GCA	A	1038
NC_045512.2	3378	T	C	16057	7318	49	4	2	32	0.000248787	16078	0.998706	FALSE	ORF1ab:cds-YP_009725295.1	GTA	V	GCA	A	1038
NC_045512.2	3378	T	A	16057	7318	49	6	6	34	0.000373181	16078	0.991521	FALSE	ORF1ab:cds-YP_009724389.1	GTA	V	GAA	E	1038
NC_045512.2	3378	T	A	16057	7318	49	6	6	34	0.000373181	16078	0.991521	FALSE	ORF1ab:cds-YP_009725295.1	GTA	V	GAA	E	1038
NC_045512.2	3379	A	T	16106	7360	49	18	18	32	0.00111586	16131	0.431618	FALSE	ORF1ab:cds-YP_009724389.1	GTA	V	GTT	V	1038
NC_045512.2	3379	A	T	16106	7360	49	18	18	32	0.00111586	16131	0.431618	FALSE	ORF1ab:cds-YP_009725295.1	GTA	V	GTT	V	1038
NC_045512.2	3379	A	G	16106	7360	49	5	3	39	0.000309962	16131	0.996382	FALSE	ORF1ab:cds-YP_009724389.1	GTA	V	GTG	V	1038
NC_045512.2	3379	A	G	16106	7360	49	5	3	39	0.000309962	16131	0.996382	FALSE	ORF1ab:cds-YP_009725295.1	GTA	V	GTG	V	1038
NC_045512.2	3379	A	C	16106	7360	49	2	2	34	0.000123985	16131	0.999927	FALSE	ORF1ab:cds-YP_009724389.1	GTA	V	GTC	V	1038
NC_045512.2	3379	A	C	16106	7360	49	2	2	34	0.000123985	16131	0.999927	FALSE	ORF1ab:cds-YP_009725295.1	GTA	V	GTC	V	1038
NC_045512.2	3380	T	G	16089	7371	49	5	5	32	0.000310385	16109	0.996389	FALSE	ORF1ab:cds-YP_009724389.1	TAC	Y	GAC	D	1039
NC_045512.2	3380	T	G	16089	7371	49	5	5	32	0.000310385	16109	0.996389	FALSE	ORF1ab:cds-YP_009725295.1	TAC	Y	GAC	D	1039
NC_045512.2	3380	T	C	16089	7371	49	3	3	35	0.000186231	16109	0.999634	FALSE	ORF1ab:cds-YP_009724389.1	TAC	Y	CAC	H	1039
NC_045512.2	3380	T	C	16089	7371	49	3	3	35	0.000186231	16109	0.999634	FALSE	ORF1ab:cds-YP_009725295.1	TAC	Y	CAC	H	1039
NC_045512.2	3380	T	A	16089	7371	49	12	12	33	0.000744925	16109	0.827346	FALSE	ORF1ab:cds-YP_009724389.1	TAC	Y	AAC	N	1039
NC_045512.2	3380	T	A	16089	7371	49	12	12	33	0.000744925	16109	0.827346	FALSE	ORF1ab:cds-YP_009725295.1	TAC	Y	AAC	N	1039
NC_045512.2	3381	A	T	15864	7299	49	14	14	33	0.000881501	15882	0.644337	FALSE	ORF1ab:cds-YP_009724389.1	TAC	Y	TTC	F	1039
NC_045512.2	3381	A	T	15864	7299	49	14	14	33	0.000881501	15882	0.644337	FALSE	ORF1ab:cds-YP_009725295.1	TAC	Y	TTC	F	1039
NC_045512.2	3381	A	G	15864	7299	49	4	3	51	0.000251857	15882	0.0623859	FALSE	ORF1ab:cds-YP_009724389.1	TAC	Y	TGC	C	1039
NC_045512.2	3381	A	G	15864	7299	49	4	3	51	0.000251857	15882	0.0623859	FALSE	ORF1ab:cds-YP_009725295.1	TAC	Y	TGC	C	1039
NC_045512.2	3382	C	T	16117	7303	49	10	8	34	0.000619425	16144	0.915374	FALSE	ORF1ab:cds-YP_009724389.1	TAC	Y	TAT	Y	1039
NC_045512.2	3382	C	T	16117	7303	49	10	8	34	0.000619425	16144	0.915374	FALSE	ORF1ab:cds-YP_009725295.1	TAC	Y	TAT	Y	1039
NC_045512.2	3382	C	G	16117	7303	49	1	1	34	6.19425e-05	16144	0.999992	FALSE	ORF1ab:cds-YP_009724389.1	TAC	Y	TAG	*	1039
NC_045512.2	3382	C	G	16117	7303	49	1	1	34	6.19425e-05	16144	0.999992	FALSE	ORF1ab:cds-YP_009725295.1	TAC	Y	TAG	*	1039
NC_045512.2	3382	C	A	16117	7303	49	16	16	34	0.00099108	16144	0.569315	FALSE	ORF1ab:cds-YP_009724389.1	TAC	Y	TAA	*	1039
NC_045512.2	3382	C	A	16117	7303	49	16	16	34	0.00099108	16144	0.569315	FALSE	ORF1ab:cds-YP_009725295.1	TAC	Y	TAA	*	1039
NC_045512.2	3383	A	T	16008	7163	49	8	8	34	0.000499095	16029	0.96796	FALSE	ORF1ab:cds-YP_009724389.1	ATT	I	TTT	F	1040
NC_045512.2	3383	A	T	16008	7163	49	8	8	34	0.000499095	16029	0.96796	FALSE	ORF1ab:cds-YP_009725295.1	ATT	I	TTT	F	1040
NC_045512.2	3383	A	G	16008	7163	49	2	2	34	0.000124774	16029	0.999927	FALSE	ORF1ab:cds-YP_009724389.1	ATT	I	GTT	V	1040
NC_045512.2	3383	A	G	16008	7163	49	2	2	34	0.000124774	16029	0.999927	FALSE	ORF1ab:cds-YP_009725295.1	ATT	I	GTT	V	1040
NC_045512.2	3383	A	C	16008	7163	49	11	11	33	0.000686256	16029	0.875905	FALSE	ORF1ab:cds-YP_009724389.1	ATT	I	CTT	L	1040
NC_045512.2	3383	A	C	16008	7163	49	11	11	33	0.000686256	16029	0.875905	FALSE	ORF1ab:cds-YP_009725295.1	ATT	I	CTT	L	1040
NC_045512.2	3384	T	G	15635	6937	49	3	3	28	0.000191571	15660	1	FALSE	ORF1ab:cds-YP_009724389.1	ATT	I	AGT	S	1040
NC_045512.2	3384	T	G	15635	6937	49	3	3	28	0.000191571	15660	1	FALSE	ORF1ab:cds-YP_009725295.1	ATT	I	AGT	S	1040
NC_045512.2	3384	T	C	15635	6937	49	6	5	35	0.000383142	15660	0.986634	FALSE	ORF1ab:cds-YP_009724389.1	ATT	I	ACT	T	1040
NC_045512.2	3384	T	C	15635	6937	49	6	5	35	0.000383142	15660	0.986634	FALSE	ORF1ab:cds-YP_009725295.1	ATT	I	ACT	T	1040
NC_045512.2	3384	T	A	15635	6937	49	16	16	32	0.00102171	15660	0.499428	FALSE	ORF1ab:cds-YP_009724389.1	ATT	I	AAT	N	1040
NC_045512.2	3384	T	A	15635	6937	49	16	16	32	0.00102171	15660	0.499428	FALSE	ORF1ab:cds-YP_009725295.1	ATT	I	AAT	N	1040
NC_045512.2	3385	T	G	15654	7052	49	1	1	34	6.38325e-05	15666	0.999985	FALSE	ORF1ab:cds-YP_009724389.1	ATT	I	ATG	M	1040
NC_045512.2	3385	T	G	15654	7052	49	1	1	34	6.38325e-05	15666	0.999985	FALSE	ORF1ab:cds-YP_009725295.1	ATT	I	ATG	M	1040
NC_045512.2	3385	T	C	15654	7052	49	6	6	38	0.000382995	15666	0.986698	FALSE	ORF1ab:cds-YP_009724389.1	ATT	I	ATC	I	1040
NC_045512.2	3385	T	C	15654	7052	49	6	6	38	0.000382995	15666	0.986698	FALSE	ORF1ab:cds-YP_009725295.1	ATT	I	ATC	I	1040
NC_045512.2	3385	T	A	15654	7052	49	5	5	32	0.000319163	15666	0.99409	FALSE	ORF1ab:cds-YP_009724389.1	ATT	I	ATA	I	1040
NC_045512.2	3385	T	A	15654	7052	49	5	5	32	0.000319163	15666	0.99409	FALSE	ORF1ab:cds-YP_009725295.1	ATT	I	ATA	I	1040
NC_045512.2	3385	T	-A	15654	7052	49	1	0	20	6.38325e-05	15666	1	FALSE	NA	NA	NA	NA	NA	NA
NC_045512.2	3386	A	T	15521	6899	49	13	12	32	0.000836659	15538	0.71406	FALSE	ORF1ab:cds-YP_009724389.1	AAA	K	TAA	*	1041
NC_045512.2	3386	A	T	15521	6899	49	13	12	32	0.000836659	15538	0.71406	FALSE	ORF1ab:cds-YP_009725295.1	AAA	K	TAA	*	1041
NC_045512.2	3386	A	G	15521	6899	49	2	1	34	0.000128717	15538	0.999862	FALSE	ORF1ab:cds-YP_009724389.1	AAA	K	GAA	E	1041
NC_045512.2	3386	A	G	15521	6899	49	2	1	34	0.000128717	15538	0.999862	FALSE	ORF1ab:cds-YP_009725295.1	AAA	K	GAA	E	1041
NC_045512.2	3386	A	C	15521	6899	49	2	1	34	0.000128717	15538	0.999862	FALSE	ORF1ab:cds-YP_009724389.1	AAA	K	CAA	Q	1041
NC_045512.2	3386	A	C	15521	6899	49	2	1	34	0.000128717	15538	0.999862	FALSE	ORF1ab:cds-YP_009725295.1	AAA	K	CAA	Q	1041
NC_045512.2	3387	A	T	15491	7042	49	8	8	33	0.000516062	15502	0.95346	FALSE	ORF1ab:cds-YP_009724389.1	AAA	K	ATA	I	1041
NC_045512.2	3387	A	T	15491	7042	49	8	8	33	0.000516062	15502	0.95346	FALSE	ORF1ab:cds-YP_009725295.1	AAA	K	ATA	I	1041
NC_045512.2	3387	A	G	15491	7042	49	3	1	31	0.000193523	15502	0.999344	FALSE	ORF1ab:cds-YP_009724389.1	AAA	K	AGA	R	1041
NC_045512.2	3387	A	G	15491	7042	49	3	1	31	0.000193523	15502	0.999344	FALSE	ORF1ab:cds-YP_009725295.1	AAA	K	AGA	R	1041
NC_045512.2	3388	A	T	15455	7046	49	5	5	34	0.000323311	15465	0.994095	FALSE	ORF1ab:cds-YP_009724389.1	AAA	K	AAT	N	1041
NC_045512.2	3388	A	T	15455	7046	49	5	5	34	0.000323311	15465	0.994095	FALSE	ORF1ab:cds-YP_009725295.1	AAA	K	AAT	N	1041
NC_045512.2	3388	A	G	15455	7046	49	4	3	32	0.000258649	15465	0.997788	FALSE	ORF1ab:cds-YP_009724389.1	AAA	K	AAG	K	1041
NC_045512.2	3388	A	G	15455	7046	49	4	3	32	0.000258649	15465	0.997788	FALSE	ORF1ab:cds-YP_009725295.1	AAA	K	AAG	K	1041
NC_045512.2	3388	A	C	15455	7046	49	1	1	26	6.46621e-05	15465	1	FALSE	ORF1ab:cds-YP_009724389.1	AAA	K	AAC	N	1041
NC_045512.2	3388	A	C	15455	7046	49	1	1	26	6.46621e-05	15465	1	FALSE	ORF1ab:cds-YP_009725295.1	AAA	K	AAC	N	1041
NC_045512.2	3389	A	T	15585	7124	49	4	4	32	0.000256558	15591	0.997792	FALSE	ORF1ab:cds-YP_009724389.1	AAT	N	TAT	Y	1042
NC_045512.2	3389	A	T	15585	7124	49	4	4	32	0.000256558	15591	0.997792	FALSE	ORF1ab:cds-YP_009725295.1	AAT	N	TAT	Y	1042
NC_045512.2	3389	A	G	15585	7124	49	1	1	34	6.41396e-05	15591	0.999985	FALSE	ORF1ab:cds-YP_009724389.1	AAT	N	GAT	D	1042
NC_045512.2	3389	A	G	15585	7124	49	1	1	34	6.41396e-05	15591	0.999985	FALSE	ORF1ab:cds-YP_009725295.1	AAT	N	GAT	D	1042
NC_045512.2	3389	A	C	15585	7124	49	1	1	34	6.41396e-05	15591	0.999985	FALSE	ORF1ab:cds-YP_009724389.1	AAT	N	CAT	H	1042
NC_045512.2	3389	A	C	15585	7124	49	1	1	34	6.41396e-05	15591	0.999985	FALSE	ORF1ab:cds-YP_009725295.1	AAT	N	CAT	H	1042
NC_045512.2	3390	A	T	15680	7310	49	3	3	31	0.00019129	15683	0.999346	FALSE	ORF1ab:cds-YP_009724389.1	AAT	N	ATT	I	1042
NC_045512.2	3390	A	T	15680	7310	49	3	3	31	0.00019129	15683	0.999346	FALSE	ORF1ab:cds-YP_009725295.1	AAT	N	ATT	I	1042
NC_045512.2	3391	T	G	15357	7044	50	3	3	34	0.000195122	15375	0.999342	FALSE	ORF1ab:cds-YP_009724389.1	AAT	N	AAG	K	1042
NC_045512.2	3391	T	G	15357	7044	50	3	3	34	0.000195122	15375	0.999342	FALSE	ORF1ab:cds-YP_009725295.1	AAT	N	AAG	K	1042
NC_045512.2	3391	T	A	15357	7044	50	15	15	32	0.00097561	15375	0.572126	FALSE	ORF1ab:cds-YP_009724389.1	AAT	N	AAA	K	1042
NC_045512.2	3391	T	A	15357	7044	50	15	15	32	0.00097561	15375	0.572126	FALSE	ORF1ab:cds-YP_009725295.1	AAT	N	AAA	K	1042
NC_045512.2	3392	G	T	15241	7009	49	13	13	33	0.000851733	15263	0.713819	FALSE	ORF1ab:cds-YP_009724389.1	GCA	A	TCA	S	1043
NC_045512.2	3392	G	T	15241	7009	49	13	13	33	0.000851733	15263	0.713819	FALSE	ORF1ab:cds-YP_009725295.1	GCA	A	TCA	S	1043
NC_045512.2	3392	G	C	15241	7009	49	1	1	34	6.55179e-05	15263	0.999985	FALSE	ORF1ab:cds-YP_009724389.1	GCA	A	CCA	P	1043
NC_045512.2	3392	G	C	15241	7009	49	1	1	34	6.55179e-05	15263	0.999985	FALSE	ORF1ab:cds-YP_009725295.1	GCA	A	CCA	P	1043
NC_045512.2	3392	G	A	15241	7009	49	8	8	36	0.000524143	15263	0.953292	FALSE	ORF1ab:cds-YP_009724389.1	GCA	A	ACA	T	1043
NC_045512.2	3392	G	A	15241	7009	49	8	8	36	0.000524143	15263	0.953292	FALSE	ORF1ab:cds-YP_009725295.1	GCA	A	ACA	T	1043
NC_045512.2	3393	C	T	15009	7110	48	9	9	32	0.000598763	15031	0.924007	FALSE	ORF1ab:cds-YP_009724389.1	GCA	A	GTA	V	1043
NC_045512.2	3393	C	T	15009	7110	48	9	9	32	0.000598763	15031	0.924007	FALSE	ORF1ab:cds-YP_009725295.1	GCA	A	GTA	V	1043
NC_045512.2	3393	C	G	15009	7110	48	10	10	30	0.000665292	15031	0.884979	FALSE	ORF1ab:cds-YP_009724389.1	GCA	A	GGA	G	1043
NC_045512.2	3393	C	G	15009	7110	48	10	10	30	0.000665292	15031	0.884979	FALSE	ORF1ab:cds-YP_009725295.1	GCA	A	GGA	G	1043
NC_045512.2	3393	C	A	15009	7110	48	3	3	31	0.000199588	15031	0.99934	FALSE	ORF1ab:cds-YP_009724389.1	GCA	A	GAA	E	1043
NC_045512.2	3393	C	A	15009	7110	48	3	3	31	0.000199588	15031	0.99934	FALSE	ORF1ab:cds-YP_009725295.1	GCA	A	GAA	E	1043
NC_045512.2	3394	A	T	15318	7122	49	8	8	33	0.000521444	15342	0.953262	FALSE	ORF1ab:cds-YP_009724389.1	GCA	A	GCT	A	1043
NC_045512.2	3394	A	T	15318	7122	49	8	8	33	0.000521444	15342	0.953262	FALSE	ORF1ab:cds-YP_009725295.1	GCA	A	GCT	A	1043
NC_045512.2	3394	A	G	15318	7122	49	8	6	42	0.000521444	15342	0.0194488	FALSE	ORF1ab:cds-YP_009724389.1	GCA	A	GCG	A	1043
NC_045512.2	3394	A	G	15318	7122	49	8	6	42	0.000521444	15342	0.0194488	FALSE	ORF1ab:cds-YP_009725295.1	GCA	A	GCG	A	1043
NC_045512.2	3394	A	C	15318	7122	49	8	8	32	0.000521444	15342	0.953262	FALSE	ORF1ab:cds-YP_009724389.1	GCA	A	GCC	A	1043
NC_045512.2	3394	A	C	15318	7122	49	8	8	32	0.000521444	15342	0.953262	FALSE	ORF1ab:cds-YP_009725295.1	GCA	A	GCC	A	1043
NC_045512.2	3395	G	T	15334	7109	49	3	3	45	0.000195389	15354	0.312097	FALSE	ORF1ab:cds-YP_009724389.1	GAC	D	TAC	Y	1044
NC_045512.2	3395	G	T	15334	7109	49	3	3	45	0.000195389	15354	0.312097	FALSE	ORF1ab:cds-YP_009725295.1	GAC	D	TAC	Y	1044
NC_045512.2	3395	G	C	15334	7109	49	3	3	34	0.000195389	15354	0.999341	FALSE	ORF1ab:cds-YP_009724389.1	GAC	D	CAC	H	1044
NC_045512.2	3395	G	C	15334	7109	49	3	3	34	0.000195389	15354	0.999341	FALSE	ORF1ab:cds-YP_009725295.1	GAC	D	CAC	H	1044
NC_045512.2	3395	G	A	15334	7109	49	14	13	34	0.000911815	15354	0.644201	FALSE	ORF1ab:cds-YP_009724389.1	GAC	D	AAC	N	1044
NC_045512.2	3395	G	A	15334	7109	49	14	13	34	0.000911815	15354	0.644201	FALSE	ORF1ab:cds-YP_009725295.1	GAC	D	AAC	N	1044
NC_045512.2	3396	A	T	15245	7200	49	2	2	34	0.000131044	15262	0.999862	FALSE	ORF1ab:cds-YP_009724389.1	GAC	D	GTC	V	1044
NC_045512.2	3396	A	T	15245	7200	49	2	2	34	0.000131044	15262	0.999862	FALSE	ORF1ab:cds-YP_009725295.1	GAC	D	GTC	V	1044
NC_045512.2	3396	A	G	15245	7200	49	10	10	30	0.000655222	15262	0.885143	FALSE	ORF1ab:cds-YP_009724389.1	GAC	D	GGC	G	1044
NC_045512.2	3396	A	G	15245	7200	49	10	10	30	0.000655222	15262	0.885143	FALSE	ORF1ab:cds-YP_009725295.1	GAC	D	GGC	G	1044
NC_045512.2	3396	A	C	15245	7200	49	5	4	29	0.000327611	15262	1	FALSE	ORF1ab:cds-YP_009724389.1	GAC	D	GCC	A	1044
NC_045512.2	3396	A	C	15245	7200	49	5	4	29	0.000327611	15262	1	FALSE	ORF1ab:cds-YP_009725295.1	GAC	D	GCC	A	1044
NC_045512.2	3397	C	T	15676	7490	49	7	5	44	0.000445917	15698	0.0350414	FALSE	ORF1ab:cds-YP_009724389.1	GAC	D	GAT	D	1044
NC_045512.2	3397	C	T	15676	7490	49	7	5	44	0.000445917	15698	0.0350414	FALSE	ORF1ab:cds-YP_009725295.1	GAC	D	GAT	D	1044
NC_045512.2	3397	C	G	15676	7490	49	4	4	34	0.00025481	15698	0.997777	FALSE	ORF1ab:cds-YP_009724389.1	GAC	D	GAG	E	1044
NC_045512.2	3397	C	G	15676	7490	49	4	4	34	0.00025481	15698	0.997777	FALSE	ORF1ab:cds-YP_009725295.1	GAC	D	GAG	E	1044
NC_045512.2	3397	C	A	15676	7490	49	11	11	32	0.000700726	15698	0.836227	FALSE	ORF1ab:cds-YP_009724389.1	GAC	D	GAA	E	1044
NC_045512.2	3397	C	A	15676	7490	49	11	11	32	0.000700726	15698	0.836227	FALSE	ORF1ab:cds-YP_009725295.1	GAC	D	GAA	E	1044
NC_045512.2	3398	A	T	15440	7477	49	3	2	31	0.000194074	15458	0.999342	FALSE	ORF1ab:cds-YP_009724389.1	ATT	I	TTT	F	1045
NC_045512.2	3398	A	T	15440	7477	49	3	2	31	0.000194074	15458	0.999342	FALSE	ORF1ab:cds-YP_009725295.1	ATT	I	TTT	F	1045
NC_045512.2	3398	A	G	15440	7477	49	4	4	34	0.000258766	15458	0.997781	FALSE	ORF1ab:cds-YP_009724389.1	ATT	I	GTT	V	1045
NC_045512.2	3398	A	G	15440	7477	49	4	4	34	0.000258766	15458	0.997781	FALSE	ORF1ab:cds-YP_009725295.1	ATT	I	GTT	V	1045
NC_045512.2	3398	A	C	15440	7477	49	11	9	30	0.000711606	15458	0.836387	FALSE	ORF1ab:cds-YP_009724389.1	ATT	I	CTT	L	1045
NC_045512.2	3398	A	C	15440	7477	49	11	9	30	0.000711606	15458	0.836387	FALSE	ORF1ab:cds-YP_009725295.1	ATT	I	CTT	L	1045
NC_045512.2	3399	T	G	15584	7410	49	4	4	34	0.000256345	15604	0.997779	FALSE	ORF1ab:cds-YP_009724389.1	ATT	I	AGT	S	1045
NC_045512.2	3399	T	G	15584	7410	49	4	4	34	0.000256345	15604	0.997779	FALSE	ORF1ab:cds-YP_009725295.1	ATT	I	AGT	S	1045
NC_045512.2	3399	T	C	15584	7410	49	6	4	34	0.000384517	15604	0.986658	FALSE	ORF1ab:cds-YP_009724389.1	ATT	I	ACT	T	1045
NC_045512.2	3399	T	C	15584	7410	49	6	4	34	0.000384517	15604	0.986658	FALSE	ORF1ab:cds-YP_009725295.1	ATT	I	ACT	T	1045
NC_045512.2	3399	T	A	15584	7410	49	10	10	33	0.000640861	15604	0.885051	FALSE	ORF1ab:cds-YP_009724389.1	ATT	I	AAT	N	1045
NC_045512.2	3399	T	A	15584	7410	49	10	10	33	0.000640861	15604	0.885051	FALSE	ORF1ab:cds-YP_009725295.1	ATT	I	AAT	N	1045
NC_045512.2	3400	T	G	15762	7449	50	1	1	34	6.34035e-05	15772	0.999985	FALSE	ORF1ab:cds-YP_009724389.1	ATT	I	ATG	M	1045
NC_045512.2	3400	T	G	15762	7449	50	1	1	34	6.34035e-05	15772	0.999985	FALSE	ORF1ab:cds-YP_009725295.1	ATT	I	ATG	M	1045
NC_045512.2	3400	T	C	15762	7449	50	3	3	31	0.00019021	15772	0.999344	FALSE	ORF1ab:cds-YP_009724389.1	ATT	I	ATC	I	1045
NC_045512.2	3400	T	C	15762	7449	50	3	3	31	0.00019021	15772	0.999344	FALSE	ORF1ab:cds-YP_009725295.1	ATT	I	ATC	I	1045
NC_045512.2	3400	T	A	15762	7449	50	6	6	31	0.000380421	15772	0.986708	FALSE	ORF1ab:cds-YP_009724389.1	ATT	I	ATA	I	1045
NC_045512.2	3400	T	A	15762	7449	50	6	6	31	0.000380421	15772	0.986708	FALSE	ORF1ab:cds-YP_009725295.1	ATT	I	ATA	I	1045
NC_045512.2	3401	G	T	16026	7518	49	17	17	32	0.00105939	16047	0.499784	FALSE	ORF1ab:cds-YP_009724389.1	GTG	V	TTG	L	1046
NC_045512.2	3401	G	T	16026	7518	49	17	17	32	0.00105939	16047	0.499784	FALSE	ORF1ab:cds-YP_009725295.1	GTG	V	TTG	L	1046
NC_045512.2	3401	G	A	16026	7518	49	4	4	42	0.000249268	16047	0.187169	FALSE	ORF1ab:cds-YP_009724389.1	GTG	V	ATG	M	1046
NC_045512.2	3401	G	A	16026	7518	49	4	4	42	0.000249268	16047	0.187169	FALSE	ORF1ab:cds-YP_009725295.1	GTG	V	ATG	M	1046
NC_045512.2	3402	T	G	16146	7730	50	7	7	32	0.000433276	16156	0.982674	FALSE	ORF1ab:cds-YP_009724389.1	GTG	V	GGG	G	1046
NC_045512.2	3402	T	G	16146	7730	50	7	7	32	0.000433276	16156	0.982674	FALSE	ORF1ab:cds-YP_009725295.1	GTG	V	GGG	G	1046
NC_045512.2	3402	T	A	16146	7730	50	3	3	34	0.00018569	16156	0.999636	FALSE	ORF1ab:cds-YP_009724389.1	GTG	V	GAG	E	1046
NC_045512.2	3402	T	A	16146	7730	50	3	3	34	0.00018569	16156	0.999636	FALSE	ORF1ab:cds-YP_009725295.1	GTG	V	GAG	E	1046
NC_045512.2	3403	G	T	16064	7639	50	13	13	33	0.000808458	16080	0.770871	FALSE	ORF1ab:cds-YP_009724389.1	GTG	V	GTT	V	1046
NC_045512.2	3403	G	T	16064	7639	50	13	13	33	0.000808458	16080	0.770871	FALSE	ORF1ab:cds-YP_009725295.1	GTG	V	GTT	V	1046
NC_045512.2	3403	G	C	16064	7639	50	2	2	34	0.000124378	16080	0.999927	FALSE	ORF1ab:cds-YP_009724389.1	GTG	V	GTC	V	1046
NC_045512.2	3403	G	C	16064	7639	50	2	2	34	0.000124378	16080	0.999927	FALSE	ORF1ab:cds-YP_009725295.1	GTG	V	GTC	V	1046
NC_045512.2	3403	G	A	16064	7639	50	1	1	26	6.21891e-05	16080	1	FALSE	ORF1ab:cds-YP_009724389.1	GTG	V	GTA	V	1046
NC_045512.2	3403	G	A	16064	7639	50	1	1	26	6.21891e-05	16080	1	FALSE	ORF1ab:cds-YP_009725295.1	GTG	V	GTA	V	1046
NC_045512.2	3404	G	T	16023	7759	49	9	9	33	0.000561272	16035	0.946158	FALSE	ORF1ab:cds-YP_009724389.1	GAA	E	TAA	*	1047
NC_045512.2	3404	G	T	16023	7759	49	9	9	33	0.000561272	16035	0.946158	FALSE	ORF1ab:cds-YP_009725295.1	GAA	E	TAA	*	1047
NC_045512.2	3404	G	A	16023	7759	49	3	2	45	0.000187091	16035	0.312301	FALSE	ORF1ab:cds-YP_009724389.1	GAA	E	AAA	K	1047
NC_045512.2	3404	G	A	16023	7759	49	3	2	45	0.000187091	16035	0.312301	FALSE	ORF1ab:cds-YP_009725295.1	GAA	E	AAA	K	1047
NC_045512.2	3405	A	T	16084	7760	50	7	7	32	0.000434675	16104	0.982611	FALSE	ORF1ab:cds-YP_009724389.1	GAA	E	GTA	V	1047
NC_045512.2	3405	A	T	16084	7760	50	7	7	32	0.000434675	16104	0.982611	FALSE	ORF1ab:cds-YP_009725295.1	GAA	E	GTA	V	1047
NC_045512.2	3405	A	G	16084	7760	50	12	11	38	0.000745156	16104	0.827346	FALSE	ORF1ab:cds-YP_009724389.1	GAA	E	GGA	G	1047
NC_045512.2	3405	A	G	16084	7760	50	12	11	38	0.000745156	16104	0.827346	FALSE	ORF1ab:cds-YP_009725295.1	GAA	E	GGA	G	1047
NC_045512.2	3405	A	C	16084	7760	50	1	1	27	6.20964e-05	16104	1	FALSE	ORF1ab:cds-YP_009724389.1	GAA	E	GCA	A	1047
NC_045512.2	3405	A	C	16084	7760	50	1	1	27	6.20964e-05	16104	1	FALSE	ORF1ab:cds-YP_009725295.1	GAA	E	GCA	A	1047
NC_045512.2	3406	A	T	15774	7576	50	4	4	30	0.000253373	15787	0.997786	FALSE	ORF1ab:cds-YP_009724389.1	GAA	E	GAT	D	1047
NC_045512.2	3406	A	T	15774	7576	50	4	4	30	0.000253373	15787	0.997786	FALSE	ORF1ab:cds-YP_009725295.1	GAA	E	GAT	D	1047
NC_045512.2	3406	A	G	15774	7576	50	9	8	38	0.000570089	15787	0.924216	FALSE	ORF1ab:cds-YP_009724389.1	GAA	E	GAG	E	1047
NC_045512.2	3406	A	G	15774	7576	50	9	8	38	0.000570089	15787	0.924216	FALSE	ORF1ab:cds-YP_009725295.1	GAA	E	GAG	E	1047
NC_045512.2	3407	G	T	15750	7543	50	3	3	34	0.000190283	15766	0.999342	FALSE	ORF1ab:cds-YP_009724389.1	GAA	E	TAA	*	1048
NC_045512.2	3407	G	T	15750	7543	50	3	3	34	0.000190283	15766	0.999342	FALSE	ORF1ab:cds-YP_009725295.1	GAA	E	TAA	*	1048
NC_045512.2	3407	G	C	15750	7543	50	1	1	26	6.34276e-05	15766	1	FALSE	ORF1ab:cds-YP_009724389.1	GAA	E	CAA	Q	1048
NC_045512.2	3407	G	C	15750	7543	50	1	1	26	6.34276e-05	15766	1	FALSE	ORF1ab:cds-YP_009725295.1	GAA	E	CAA	Q	1048
NC_045512.2	3407	G	A	15750	7543	50	12	12	32	0.000761132	15766	0.778917	FALSE	ORF1ab:cds-YP_009724389.1	GAA	E	AAA	K	1048
NC_045512.2	3407	G	A	15750	7543	50	12	12	32	0.000761132	15766	0.778917	FALSE	ORF1ab:cds-YP_009725295.1	GAA	E	AAA	K	1048
NC_045512.2	3408	A	T	15131	7423	48	2	2	34	0.000132083	15142	0.999863	FALSE	ORF1ab:cds-YP_009724389.1	GAA	E	GTA	V	1048
NC_045512.2	3408	A	T	15131	7423	48	2	2	34	0.000132083	15142	0.999863	FALSE	ORF1ab:cds-YP_009725295.1	GAA	E	GTA	V	1048
NC_045512.2	3408	A	G	15131	7423	48	9	7	34	0.000594373	15142	0.924263	FALSE	ORF1ab:cds-YP_009724389.1	GAA	E	GGA	G	1048
NC_045512.2	3408	A	G	15131	7423	48	9	7	34	0.000594373	15142	0.924263	FALSE	ORF1ab:cds-YP_009725295.1	GAA	E	GGA	G	1048
NC_045512.2	3409	A	T	15486	7408	49	2	2	34	0.000129082	15494	0.999863	FALSE	ORF1ab:cds-YP_009724389.1	GAA	E	GAT	D	1048
NC_045512.2	3409	A	T	15486	7408	49	2	2	34	0.000129082	15494	0.999863	FALSE	ORF1ab:cds-YP_009725295.1	GAA	E	GAT	D	1048
NC_045512.2	3409	A	G	15486	7408	49	4	4	34	0.000258164	15494	0.99779	FALSE	ORF1ab:cds-YP_009724389.1	GAA	E	GAG	E	1048
NC_045512.2	3409	A	G	15486	7408	49	4	4	34	0.000258164	15494	0.99779	FALSE	ORF1ab:cds-YP_009725295.1	GAA	E	GAG	E	1048
NC_045512.2	3409	A	C	15486	7408	49	2	2	43	0.000129082	15494	0.499879	FALSE	ORF1ab:cds-YP_009724389.1	GAA	E	GAC	D	1048
NC_045512.2	3409	A	C	15486	7408	49	2	2	43	0.000129082	15494	0.499879	FALSE	ORF1ab:cds-YP_009725295.1	GAA	E	GAC	D	1048
NC_045512.2	3410	G	T	15501	7458	49	2	2	34	0.000128908	15515	0.999862	FALSE	ORF1ab:cds-YP_009724389.1	GCT	A	TCT	S	1049
NC_045512.2	3410	G	T	15501	7458	49	2	2	34	0.000128908	15515	0.999862	FALSE	ORF1ab:cds-YP_009725295.1	GCT	A	TCT	S	1049
NC_045512.2	3410	G	C	15501	7458	49	1	1	26	6.44538e-05	15515	1	FALSE	ORF1ab:cds-YP_009724389.1	GCT	A	CCT	P	1049
NC_045512.2	3410	G	C	15501	7458	49	1	1	26	6.44538e-05	15515	1	FALSE	ORF1ab:cds-YP_009725295.1	GCT	A	CCT	P	1049
NC_045512.2	3410	G	A	15501	7458	49	11	11	34	0.000708991	15515	0.836551	FALSE	ORF1ab:cds-YP_009724389.1	GCT	A	ACT	T	1049
NC_045512.2	3410	G	A	15501	7458	49	11	11	34	0.000708991	15515	0.836551	FALSE	ORF1ab:cds-YP_009725295.1	GCT	A	ACT	T	1049
NC_045512.2	3411	C	T	15583	7856	50	1	1	34	6.41108e-05	15598	0.999985	FALSE	ORF1ab:cds-YP_009724389.1	GCT	A	GTT	V	1049
NC_045512.2	3411	C	T	15583	7856	50	1	1	34	6.41108e-05	15598	0.999985	FALSE	ORF1ab:cds-YP_009725295.1	GCT	A	GTT	V	1049
NC_045512.2	3411	C	G	15583	7856	50	8	8	33	0.000512886	15598	0.9534	FALSE	ORF1ab:cds-YP_009724389.1	GCT	A	GGT	G	1049
NC_045512.2	3411	C	G	15583	7856	50	8	8	33	0.000512886	15598	0.9534	FALSE	ORF1ab:cds-YP_009725295.1	GCT	A	GGT	G	1049
NC_045512.2	3411	C	A	15583	7856	50	6	6	34	0.000384665	15598	0.986683	FALSE	ORF1ab:cds-YP_009724389.1	GCT	A	GAT	D	1049
NC_045512.2	3411	C	A	15583	7856	50	6	6	34	0.000384665	15598	0.986683	FALSE	ORF1ab:cds-YP_009725295.1	GCT	A	GAT	D	1049
NC_045512.2	3412	T	G	15655	7968	50	4	4	34	0.000255216	15673	0.997781	FALSE	ORF1ab:cds-YP_009724389.1	GCT	A	GCG	A	1049
NC_045512.2	3412	T	G	15655	7968	50	4	4	34	0.000255216	15673	0.997781	FALSE	ORF1ab:cds-YP_009725295.1	GCT	A	GCG	A	1049
NC_045512.2	3412	T	C	15655	7968	50	9	8	38	0.000574236	15673	0.924104	FALSE	ORF1ab:cds-YP_009724389.1	GCT	A	GCC	A	1049
NC_045512.2	3412	T	C	15655	7968	50	9	8	38	0.000574236	15673	0.924104	FALSE	ORF1ab:cds-YP_009725295.1	GCT	A	GCC	A	1049
NC_045512.2	3412	T	A	15655	7968	50	5	4	30	0.00031902	15673	0.994076	FALSE	ORF1ab:cds-YP_009724389.1	GCT	A	GCA	A	1049
NC_045512.2	3412	T	A	15655	7968	50	5	4	30	0.00031902	15673	0.994076	FALSE	ORF1ab:cds-YP_009725295.1	GCT	A	GCA	A	1049
NC_045512.2	3412	T	-A	15655	7968	50	5	0	20	0.00031902	15673	1	FALSE	NA	NA	NA	NA	NA	NA
NC_045512.2	3413	A	T	15630	7968	50	8	8	33	0.00051128	15647	0.953295	FALSE	ORF1ab:cds-YP_009724389.1	AAA	K	TAA	*	1050
NC_045512.2	3413	A	T	15630	7968	50	8	8	33	0.00051128	15647	0.953295	FALSE	ORF1ab:cds-YP_009725295.1	AAA	K	TAA	*	1050
NC_045512.2	3413	A	G	15630	7968	50	4	4	32	0.00025564	15647	0.997777	FALSE	ORF1ab:cds-YP_009724389.1	AAA	K	GAA	E	1050
NC_045512.2	3413	A	G	15630	7968	50	4	4	32	0.00025564	15647	0.997777	FALSE	ORF1ab:cds-YP_009725295.1	AAA	K	GAA	E	1050
NC_045512.2	3413	A	C	15630	7968	50	5	5	34	0.00031955	15647	0.994066	FALSE	ORF1ab:cds-YP_009724389.1	AAA	K	CAA	Q	1050
NC_045512.2	3413	A	C	15630	7968	50	5	5	34	0.00031955	15647	0.994066	FALSE	ORF1ab:cds-YP_009725295.1	AAA	K	CAA	Q	1050
NC_045512.2	3414	A	T	15645	8028	50	6	6	34	0.000383215	15657	0.986698	FALSE	ORF1ab:cds-YP_009724389.1	AAA	K	ATA	I	1050
NC_045512.2	3414	A	T	15645	8028	50	6	6	34	0.000383215	15657	0.986698	FALSE	ORF1ab:cds-YP_009725295.1	AAA	K	ATA	I	1050
NC_045512.2	3414	A	G	15645	8028	50	2	0	29	0.000127738	15657	1	FALSE	ORF1ab:cds-YP_009724389.1	AAA	K	AGA	R	1050
NC_045512.2	3414	A	G	15645	8028	50	2	0	29	0.000127738	15657	1	FALSE	ORF1ab:cds-YP_009725295.1	AAA	K	AGA	R	1050
NC_045512.2	3414	A	C	15645	8028	50	4	4	32	0.000255477	15657	0.997787	FALSE	ORF1ab:cds-YP_009724389.1	AAA	K	ACA	T	1050
NC_045512.2	3414	A	C	15645	8028	50	4	4	32	0.000255477	15657	0.997787	FALSE	ORF1ab:cds-YP_009725295.1	AAA	K	ACA	T	1050
NC_045512.2	3415	A	T	15568	8248	49	6	6	34	0.000385233	15575	0.986723	FALSE	ORF1ab:cds-YP_009724389.1	AAA	K	AAT	N	1050
NC_045512.2	3415	A	T	15568	8248	49	6	6	34	0.000385233	15575	0.986723	FALSE	ORF1ab:cds-YP_009725295.1	AAA	K	AAT	N	1050
NC_045512.2	3415	A	C	15568	8248	49	1	1	34	6.42055e-05	15575	0.999985	FALSE	ORF1ab:cds-YP_009724389.1	AAA	K	AAC	N	1050
NC_045512.2	3415	A	C	15568	8248	49	1	1	34	6.42055e-05	15575	0.999985	FALSE	ORF1ab:cds-YP_009725295.1	AAA	K	AAC	N	1050
NC_045512.2	3416	A	T	15549	8246	49	2	2	34	0.000128559	15557	0.999863	FALSE	ORF1ab:cds-YP_009724389.1	AAG	K	TAG	*	1051
NC_045512.2	3416	A	T	15549	8246	49	2	2	34	0.000128559	15557	0.999863	FALSE	ORF1ab:cds-YP_009725295.1	AAG	K	TAG	*	1051
NC_045512.2	3416	A	G	15549	8246	49	4	3	40	0.000257119	15557	0.18742	FALSE	ORF1ab:cds-YP_009724389.1	AAG	K	GAG	E	1051
NC_045512.2	3416	A	G	15549	8246	49	4	3	40	0.000257119	15557	0.18742	FALSE	ORF1ab:cds-YP_009725295.1	AAG	K	GAG	E	1051
NC_045512.2	3416	A	C	15549	8246	49	2	2	34	0.000128559	15557	0.999863	FALSE	ORF1ab:cds-YP_009724389.1	AAG	K	CAG	Q	1051
NC_045512.2	3416	A	C	15549	8246	49	2	2	34	0.000128559	15557	0.999863	FALSE	ORF1ab:cds-YP_009725295.1	AAG	K	CAG	Q	1051
NC_045512.2	3417	A	T	15465	8231	49	1	1	34	6.46412e-05	15470	0.999985	FALSE	ORF1ab:cds-YP_009724389.1	AAG	K	ATG	M	1051
NC_045512.2	3417	A	T	15465	8231	49	1	1	34	6.46412e-05	15470	0.999985	FALSE	ORF1ab:cds-YP_009725295.1	AAG	K	ATG	M	1051
NC_045512.2	3417	A	G	15465	8231	49	3	3	34	0.000193924	15470	0.999346	FALSE	ORF1ab:cds-YP_009724389.1	AAG	K	AGG	R	1051
NC_045512.2	3417	A	G	15465	8231	49	3	3	34	0.000193924	15470	0.999346	FALSE	ORF1ab:cds-YP_009725295.1	AAG	K	AGG	R	1051
NC_045512.2	3417	A	C	15465	8231	49	1	1	34	6.46412e-05	15470	0.999985	FALSE	ORF1ab:cds-YP_009724389.1	AAG	K	ACG	T	1051
NC_045512.2	3417	A	C	15465	8231	49	1	1	34	6.46412e-05	15470	0.999985	FALSE	ORF1ab:cds-YP_009725295.1	AAG	K	ACG	T	1051
NC_045512.2	3418	G	T	15772	8213	49	2	2	34	0.00012667	15789	0.999862	FALSE	ORF1ab:cds-YP_009724389.1	AAG	K	AAT	N	1051
NC_045512.2	3418	G	T	15772	8213	49	2	2	34	0.00012667	15789	0.999862	FALSE	ORF1ab:cds-YP_009725295.1	AAG	K	AAT	N	1051
NC_045512.2	3418	G	C	15772	8213	49	1	1	26	6.33352e-05	15789	1	FALSE	ORF1ab:cds-YP_009724389.1	AAG	K	AAC	N	1051
NC_045512.2	3418	G	C	15772	8213	49	1	1	26	6.33352e-05	15789	1	FALSE	ORF1ab:cds-YP_009725295.1	AAG	K	AAC	N	1051
NC_045512.2	3418	G	A	15772	8213	49	14	14	32	0.000886693	15789	0.6444	FALSE	ORF1ab:cds-YP_009724389.1	AAG	K	AAA	K	1051
NC_045512.2	3418	G	A	15772	8213	49	14	14	32	0.000886693	15789	0.6444	FALSE	ORF1ab:cds-YP_009725295.1	AAG	K	AAA	K	1051
NC_045512.2	3419	G	T	15669	8229	49	4	4	34	0.00025507	15682	0.997786	FALSE	ORF1ab:cds-YP_009724389.1	GTA	V	TTA	L	1052
NC_045512.2	3419	G	T	15669	8229	49	4	4	34	0.00025507	15682	0.997786	FALSE	ORF1ab:cds-YP_009725295.1	GTA	V	TTA	L	1052
NC_045512.2	3419	G	C	15669	8229	49	1	1	34	6.37674e-05	15682	0.999985	FALSE	ORF1ab:cds-YP_009724389.1	GTA	V	CTA	L	1052
NC_045512.2	3419	G	C	15669	8229	49	1	1	34	6.37674e-05	15682	0.999985	FALSE	ORF1ab:cds-YP_009725295.1	GTA	V	CTA	L	1052
NC_045512.2	3419	G	A	15669	8229	49	8	8	34	0.000510139	15682	0.95343	FALSE	ORF1ab:cds-YP_009724389.1	GTA	V	ATA	I	1052
NC_045512.2	3419	G	A	15669	8229	49	8	8	34	0.000510139	15682	0.95343	FALSE	ORF1ab:cds-YP_009725295.1	GTA	V	ATA	I	1052
NC_045512.2	3420	T	G	15522	8112	49	11	10	32	0.000707805	15541	0.836347	FALSE	ORF1ab:cds-YP_009724389.1	GTA	V	GGA	G	1052
NC_045512.2	3420	T	G	15522	8112	49	11	10	32	0.000707805	15541	0.836347	FALSE	ORF1ab:cds-YP_009725295.1	GTA	V	GGA	G	1052
NC_045512.2	3420	T	C	15522	8112	49	1	1	34	6.43459e-05	15541	0.999985	FALSE	ORF1ab:cds-YP_009724389.1	GTA	V	GCA	A	1052
NC_045512.2	3420	T	C	15522	8112	49	1	1	34	6.43459e-05	15541	0.999985	FALSE	ORF1ab:cds-YP_009725295.1	GTA	V	GCA	A	1052
NC_045512.2	3420	T	A	15522	8112	49	7	7	32	0.000450421	15541	0.973701	FALSE	ORF1ab:cds-YP_009724389.1	GTA	V	GAA	E	1052
NC_045512.2	3420	T	A	15522	8112	49	7	7	32	0.000450421	15541	0.973701	FALSE	ORF1ab:cds-YP_009725295.1	GTA	V	GAA	E	1052
NC_045512.2	3421	A	T	15770	8381	50	8	8	34	0.000506714	15788	0.953356	FALSE	ORF1ab:cds-YP_009724389.1	GTA	V	GTT	V	1052
NC_045512.2	3421	A	T	15770	8381	50	8	8	34	0.000506714	15788	0.953356	FALSE	ORF1ab:cds-YP_009725295.1	GTA	V	GTT	V	1052
NC_045512.2	3421	A	G	15770	8381	50	10	9	37	0.000633392	15788	0.885115	FALSE	ORF1ab:cds-YP_009724389.1	GTA	V	GTG	V	1052
NC_045512.2	3421	A	G	15770	8381	50	10	9	37	0.000633392	15788	0.885115	FALSE	ORF1ab:cds-YP_009725295.1	GTA	V	GTG	V	1052
NC_045512.2	3422	A	T	15745	8360	50	5	5	34	0.000317339	15756	0.994092	FALSE	ORF1ab:cds-YP_009724389.1	AAA	K	TAA	*	1053
NC_045512.2	3422	A	T	15745	8360	50	5	5	34	0.000317339	15756	0.994092	FALSE	ORF1ab:cds-YP_009725295.1	AAA	K	TAA	*	1053
NC_045512.2	3422	A	G	15745	8360	50	6	5	34	0.000380807	15756	0.986703	FALSE	ORF1ab:cds-YP_009724389.1	AAA	K	GAA	E	1053
NC_045512.2	3422	A	G	15745	8360	50	6	5	34	0.000380807	15756	0.986703	FALSE	ORF1ab:cds-YP_009725295.1	AAA	K	GAA	E	1053
NC_045512.2	3423	A	T	16141	8512	48	5	5	30	0.000309617	16149	0.996407	FALSE	ORF1ab:cds-YP_009724389.1	AAA	K	ATA	I	1053
NC_045512.2	3423	A	T	16141	8512	48	5	5	30	0.000309617	16149	0.996407	FALSE	ORF1ab:cds-YP_009725295.1	AAA	K	ATA	I	1053
NC_045512.2	3423	A	G	16141	8512	48	2	2	34	0.000123847	16149	0.999928	FALSE	ORF1ab:cds-YP_009724389.1	AAA	K	AGA	R	1053
NC_045512.2	3423	A	G	16141	8512	48	2	2	34	0.000123847	16149	0.999928	FALSE	ORF1ab:cds-YP_009725295.1	AAA	K	AGA	R	1053
NC_045512.2	3423	A	C	16141	8512	48	1	1	26	6.19233e-05	16149	1	FALSE	ORF1ab:cds-YP_009724389.1	AAA	K	ACA	T	1053
NC_045512.2	3423	A	C	16141	8512	48	1	1	26	6.19233e-05	16149	1	FALSE	ORF1ab:cds-YP_009725295.1	AAA	K	ACA	T	1053
NC_045512.2	3424	A	T	16190	8353	49	3	3	34	0.000185242	16195	0.999637	FALSE	ORF1ab:cds-YP_009724389.1	AAA	K	AAT	N	1053
NC_045512.2	3424	A	T	16190	8353	49	3	3	34	0.000185242	16195	0.999637	FALSE	ORF1ab:cds-YP_009725295.1	AAA	K	AAT	N	1053
NC_045512.2	3424	A	G	16190	8353	49	1	0	34	6.17475e-05	16195	0.999992	FALSE	ORF1ab:cds-YP_009724389.1	AAA	K	AAG	K	1053
NC_045512.2	3424	A	G	16190	8353	49	1	0	34	6.17475e-05	16195	0.999992	FALSE	ORF1ab:cds-YP_009725295.1	AAA	K	AAG	K	1053
NC_045512.2	3424	A	C	16190	8353	49	1	1	34	6.17475e-05	16195	0.999992	FALSE	ORF1ab:cds-YP_009724389.1	AAA	K	AAC	N	1053
NC_045512.2	3424	A	C	16190	8353	49	1	1	34	6.17475e-05	16195	0.999992	FALSE	ORF1ab:cds-YP_009725295.1	AAA	K	AAC	N	1053
NC_045512.2	3425	C	T	16507	8720	50	3	2	45	0.000181521	16527	0.312125	FALSE	ORF1ab:cds-YP_009724389.1	CCA	P	TCA	S	1054
NC_045512.2	3425	C	T	16507	8720	50	3	2	45	0.000181521	16527	0.312125	FALSE	ORF1ab:cds-YP_009725295.1	CCA	P	TCA	S	1054
NC_045512.2	3425	C	G	16507	8720	50	3	3	34	0.000181521	16527	0.999634	FALSE	ORF1ab:cds-YP_009724389.1	CCA	P	GCA	A	1054
NC_045512.2	3425	C	G	16507	8720	50	3	3	34	0.000181521	16527	0.999634	FALSE	ORF1ab:cds-YP_009725295.1	CCA	P	GCA	A	1054
NC_045512.2	3425	C	A	16507	8720	50	14	14	32	0.000847099	16527	0.707467	FALSE	ORF1ab:cds-YP_009724389.1	CCA	P	ACA	T	1054
NC_045512.2	3425	C	A	16507	8720	50	14	14	32	0.000847099	16527	0.707467	FALSE	ORF1ab:cds-YP_009725295.1	CCA	P	ACA	T	1054
NC_045512.2	3426	C	T	16517	8783	50	5	4	32	0.000302444	16532	0.996397	FALSE	ORF1ab:cds-YP_009724389.1	CCA	P	CTA	L	1054
NC_045512.2	3426	C	T	16517	8783	50	5	4	32	0.000302444	16532	0.996397	FALSE	ORF1ab:cds-YP_009725295.1	CCA	P	CTA	L	1054
NC_045512.2	3426	C	G	16517	8783	50	1	1	34	6.04887e-05	16532	0.999992	FALSE	ORF1ab:cds-YP_009724389.1	CCA	P	CGA	R	1054
NC_045512.2	3426	C	G	16517	8783	50	1	1	34	6.04887e-05	16532	0.999992	FALSE	ORF1ab:cds-YP_009725295.1	CCA	P	CGA	R	1054
NC_045512.2	3426	C	A	16517	8783	50	9	8	33	0.000544399	16532	0.946107	FALSE	ORF1ab:cds-YP_009724389.1	CCA	P	CAA	Q	1054
NC_045512.2	3426	C	A	16517	8783	50	9	8	33	0.000544399	16532	0.946107	FALSE	ORF1ab:cds-YP_009725295.1	CCA	P	CAA	Q	1054
NC_045512.2	3427	A	T	16274	8489	50	4	3	51	0.00024558	16288	0.0624194	FALSE	ORF1ab:cds-YP_009724389.1	CCA	P	CCT	P	1054
NC_045512.2	3427	A	T	16274	8489	50	4	3	51	0.00024558	16288	0.0624194	FALSE	ORF1ab:cds-YP_009725295.1	CCA	P	CCT	P	1054
NC_045512.2	3427	A	C	16274	8489	50	10	10	30	0.000613949	16288	0.915693	FALSE	ORF1ab:cds-YP_009724389.1	CCA	P	CCC	P	1054
NC_045512.2	3427	A	C	16274	8489	50	10	10	30	0.000613949	16288	0.915693	FALSE	ORF1ab:cds-YP_009725295.1	CCA	P	CCC	P	1054
NC_045512.2	3427	A	+T	16274	8489	50	1	0	20	6.13949e-05	16288	1	FALSE	NA	NA	NA	NA	NA	NA
NC_045512.2	3428	A	T	15807	8522	48	1	1	34	6.32231e-05	15817	0.999985	FALSE	ORF1ab:cds-YP_009724389.1	ACA	T	TCA	S	1055
NC_045512.2	3428	A	T	15807	8522	48	1	1	34	6.32231e-05	15817	0.999985	FALSE	ORF1ab:cds-YP_009725295.1	ACA	T	TCA	S	1055
NC_045512.2	3428	A	G	15807	8522	48	2	1	68	0.000126446	15817	0.249881	FALSE	ORF1ab:cds-YP_009724389.1	ACA	T	GCA	A	1055
NC_045512.2	3428	A	G	15807	8522	48	2	1	68	0.000126446	15817	0.249881	FALSE	ORF1ab:cds-YP_009725295.1	ACA	T	GCA	A	1055
NC_045512.2	3428	A	C	15807	8522	48	7	6	33	0.000442562	15817	0.973783	FALSE	ORF1ab:cds-YP_009724389.1	ACA	T	CCA	P	1055
NC_045512.2	3428	A	C	15807	8522	48	7	6	33	0.000442562	15817	0.973783	FALSE	ORF1ab:cds-YP_009725295.1	ACA	T	CCA	P	1055
NC_045512.2	3429	C	T	16284	8530	50	3	2	40	0.000184049	16300	0.312212	FALSE	ORF1ab:cds-YP_009724389.1	ACA	T	ATA	I	1055
NC_045512.2	3429	C	T	16284	8530	50	3	2	40	0.000184049	16300	0.312212	FALSE	ORF1ab:cds-YP_009725295.1	ACA	T	ATA	I	1055
NC_045512.2	3429	C	G	16284	8530	50	1	1	34	6.13497e-05	16300	0.999992	FALSE	ORF1ab:cds-YP_009724389.1	ACA	T	AGA	R	1055
NC_045512.2	3429	C	G	16284	8530	50	1	1	34	6.13497e-05	16300	0.999992	FALSE	ORF1ab:cds-YP_009725295.1	ACA	T	AGA	R	1055
NC_045512.2	3429	C	A	16284	8530	50	12	12	34	0.000736196	16300	0.827515	FALSE	ORF1ab:cds-YP_009724389.1	ACA	T	AAA	K	1055
NC_045512.2	3429	C	A	16284	8530	50	12	12	34	0.000736196	16300	0.827515	FALSE	ORF1ab:cds-YP_009725295.1	ACA	T	AAA	K	1055
NC_045512.2	3430	A	T	16134	8570	49	3	3	34	0.000185805	16146	0.999636	FALSE	ORF1ab:cds-YP_009724389.1	ACA	T	ACT	T	1055
NC_045512.2	3430	A	T	16134	8570	49	3	3	34	0.000185805	16146	0.999636	FALSE	ORF1ab:cds-YP_009725295.1	ACA	T	ACT	T	1055
NC_045512.2	3430	A	G	16134	8570	49	1	0	46	6.19348e-05	16146	0.749853	FALSE	ORF1ab:cds-YP_009724389.1	ACA	T	ACG	T	1055
NC_045512.2	3430	A	G	16134	8570	49	1	0	46	6.19348e-05	16146	0.749853	FALSE	ORF1ab:cds-YP_009725295.1	ACA	T	ACG	T	1055
NC_045512.2	3430	A	C	16134	8570	49	8	8	34	0.000495479	16146	0.968059	FALSE	ORF1ab:cds-YP_009724389.1	ACA	T	ACC	T	1055
NC_045512.2	3430	A	C	16134	8570	49	8	8	34	0.000495479	16146	0.968059	FALSE	ORF1ab:cds-YP_009725295.1	ACA	T	ACC	T	1055
NC_045512.2	3431	G	T	16588	8652	50	1	1	34	6.02156e-05	16607	0.999992	FALSE	ORF1ab:cds-YP_009724389.1	GTG	V	TTG	L	1056
NC_045512.2	3431	G	T	16588	8652	50	1	1	34	6.02156e-05	16607	0.999992	FALSE	ORF1ab:cds-YP_009725295.1	GTG	V	TTG	L	1056
NC_045512.2	3431	G	C	16588	8652	50	6	6	32	0.000361293	16607	0.991529	FALSE	ORF1ab:cds-YP_009724389.1	GTG	V	CTG	L	1056
NC_045512.2	3431	G	C	16588	8652	50	6	6	32	0.000361293	16607	0.991529	FALSE	ORF1ab:cds-YP_009725295.1	GTG	V	CTG	L	1056
NC_045512.2	3431	G	A	16588	8652	50	12	12	33	0.000722587	16607	0.827392	FALSE	ORF1ab:cds-YP_009724389.1	GTG	V	ATG	M	1056
NC_045512.2	3431	G	A	16588	8652	50	12	12	33	0.000722587	16607	0.827392	FALSE	ORF1ab:cds-YP_009725295.1	GTG	V	ATG	M	1056
NC_045512.2	3432	T	G	15681	8177	49	5	5	34	0.000318573	15695	0.994085	FALSE	ORF1ab:cds-YP_009724389.1	GTG	V	GGG	G	1056
NC_045512.2	3432	T	G	15681	8177	49	5	5	34	0.000318573	15695	0.994085	FALSE	ORF1ab:cds-YP_009725295.1	GTG	V	GGG	G	1056
NC_045512.2	3432	T	C	15681	8177	49	2	2	34	0.000127429	15695	0.999862	FALSE	ORF1ab:cds-YP_009724389.1	GTG	V	GCG	A	1056
NC_045512.2	3432	T	C	15681	8177	49	2	2	34	0.000127429	15695	0.999862	FALSE	ORF1ab:cds-YP_009725295.1	GTG	V	GCG	A	1056
NC_045512.2	3432	T	A	15681	8177	49	7	7	34	0.000446002	15695	0.973747	FALSE	ORF1ab:cds-YP_009724389.1	GTG	V	GAG	E	1056
NC_045512.2	3432	T	A	15681	8177	49	7	7	34	0.000446002	15695	0.973747	FALSE	ORF1ab:cds-YP_009725295.1	GTG	V	GAG	E	1056
NC_045512.2	3433	G	T	15782	8169	49	8	8	33	0.000506425	15797	0.953401	FALSE	ORF1ab:cds-YP_009724389.1	GTG	V	GTT	V	1056
NC_045512.2	3433	G	T	15782	8169	49	8	8	33	0.000506425	15797	0.953401	FALSE	ORF1ab:cds-YP_009725295.1	GTG	V	GTT	V	1056
NC_045512.2	3433	G	C	15782	8169	49	2	2	30	0.000126606	15797	0.999862	FALSE	ORF1ab:cds-YP_009724389.1	GTG	V	GTC	V	1056
NC_045512.2	3433	G	C	15782	8169	49	2	2	30	0.000126606	15797	0.999862	FALSE	ORF1ab:cds-YP_009725295.1	GTG	V	GTC	V	1056
NC_045512.2	3433	G	A	15782	8169	49	5	5	34	0.000316516	15797	0.994083	FALSE	ORF1ab:cds-YP_009724389.1	GTG	V	GTA	V	1056
NC_045512.2	3433	G	A	15782	8169	49	5	5	34	0.000316516	15797	0.994083	FALSE	ORF1ab:cds-YP_009725295.1	GTG	V	GTA	V	1056
NC_045512.2	3434	G	T	15876	8282	50	6	6	34	0.000377691	15886	0.986708	FALSE	ORF1ab:cds-YP_009724389.1	GTT	V	TTT	F	1057
NC_045512.2	3434	G	T	15876	8282	50	6	6	34	0.000377691	15886	0.986708	FALSE	ORF1ab:cds-YP_009725295.1	GTT	V	TTT	F	1057
NC_045512.2	3434	G	C	15876	8282	50	2	2	27	0.000125897	15886	1	FALSE	ORF1ab:cds-YP_009724389.1	GTT	V	CTT	L	1057
NC_045512.2	3434	G	C	15876	8282	50	2	2	27	0.000125897	15886	1	FALSE	ORF1ab:cds-YP_009725295.1	GTT	V	CTT	L	1057
NC_045512.2	3434	G	A	15876	8282	50	2	2	34	0.000125897	15886	0.999863	FALSE	ORF1ab:cds-YP_009724389.1	GTT	V	ATT	I	1057
NC_045512.2	3434	G	A	15876	8282	50	2	2	34	0.000125897	15886	0.999863	FALSE	ORF1ab:cds-YP_009725295.1	GTT	V	ATT	I	1057
NC_045512.2	3435	T	G	15619	8099	50	7	7	34	0.000447799	15632	0.973756	FALSE	ORF1ab:cds-YP_009724389.1	GTT	V	GGT	G	1057
NC_045512.2	3435	T	G	15619	8099	50	7	7	34	0.000447799	15632	0.973756	FALSE	ORF1ab:cds-YP_009725295.1	GTT	V	GGT	G	1057
NC_045512.2	3435	T	A	15619	8099	50	6	5	34	0.000383828	15632	0.986693	FALSE	ORF1ab:cds-YP_009724389.1	GTT	V	GAT	D	1057
NC_045512.2	3435	T	A	15619	8099	50	6	5	34	0.000383828	15632	0.986693	FALSE	ORF1ab:cds-YP_009725295.1	GTT	V	GAT	D	1057
NC_045512.2	3436	T	G	15854	8179	50	7	5	32	0.000441195	15866	0.973765	FALSE	ORF1ab:cds-YP_009724389.1	GTT	V	GTG	V	1057
NC_045512.2	3436	T	G	15854	8179	50	7	5	32	0.000441195	15866	0.973765	FALSE	ORF1ab:cds-YP_009725295.1	GTT	V	GTG	V	1057
NC_045512.2	3436	T	C	15854	8179	50	4	3	49	0.000252111	15866	0.187342	FALSE	ORF1ab:cds-YP_009724389.1	GTT	V	GTC	V	1057
NC_045512.2	3436	T	C	15854	8179	50	4	3	49	0.000252111	15866	0.187342	FALSE	ORF1ab:cds-YP_009725295.1	GTT	V	GTC	V	1057
NC_045512.2	3436	T	A	15854	8179	50	1	1	26	6.30279e-05	15866	1	FALSE	ORF1ab:cds-YP_009724389.1	GTT	V	GTA	V	1057
NC_045512.2	3436	T	A	15854	8179	50	1	1	26	6.30279e-05	15866	1	FALSE	ORF1ab:cds-YP_009725295.1	GTT	V	GTA	V	1057
NC_045512.2	3437	G	T	15856	8323	49	11	10	33	0.000693132	15870	0.83655	FALSE	ORF1ab:cds-YP_009724389.1	GTT	V	TTT	F	1058
NC_045512.2	3437	G	T	15856	8323	49	11	10	33	0.000693132	15870	0.83655	FALSE	ORF1ab:cds-YP_009725295.1	GTT	V	TTT	F	1058
NC_045512.2	3437	G	A	15856	8323	49	3	3	42	0.000189036	15870	0.312252	FALSE	ORF1ab:cds-YP_009724389.1	GTT	V	ATT	I	1058
NC_045512.2	3437	G	A	15856	8323	49	3	3	42	0.000189036	15870	0.312252	FALSE	ORF1ab:cds-YP_009725295.1	GTT	V	ATT	I	1058
NC_045512.2	3438	T	G	15602	8120	48	7	6	32	0.000448287	15615	0.973756	FALSE	ORF1ab:cds-YP_009724389.1	GTT	V	GGT	G	1058
NC_045512.2	3438	T	G	15602	8120	48	7	6	32	0.000448287	15615	0.973756	FALSE	ORF1ab:cds-YP_009725295.1	GTT	V	GGT	G	1058
NC_045512.2	3438	T	C	15602	8120	48	3	1	56	0.000192123	15615	0.12488	FALSE	ORF1ab:cds-YP_009724389.1	GTT	V	GCT	A	1058
NC_045512.2	3438	T	C	15602	8120	48	3	1	56	0.000192123	15615	0.12488	FALSE	ORF1ab:cds-YP_009725295.1	GTT	V	GCT	A	1058
NC_045512.2	3438	T	A	15602	8120	48	3	1	34	0.000192123	15615	0.999343	FALSE	ORF1ab:cds-YP_009724389.1	GTT	V	GAT	D	1058
NC_045512.2	3438	T	A	15602	8120	48	3	1	34	0.000192123	15615	0.999343	FALSE	ORF1ab:cds-YP_009725295.1	GTT	V	GAT	D	1058
NC_045512.2	3439	T	G	15710	8227	49	3	3	31	0.000190876	15717	0.999345	FALSE	ORF1ab:cds-YP_009724389.1	GTT	V	GTG	V	1058
NC_045512.2	3439	T	G	15710	8227	49	3	3	31	0.000190876	15717	0.999345	FALSE	ORF1ab:cds-YP_009725295.1	GTT	V	GTG	V	1058
NC_045512.2	3439	T	A	15710	8227	49	4	4	34	0.000254501	15717	0.997791	FALSE	ORF1ab:cds-YP_009724389.1	GTT	V	GTA	V	1058
NC_045512.2	3439	T	A	15710	8227	49	4	4	34	0.000254501	15717	0.997791	FALSE	ORF1ab:cds-YP_009725295.1	GTT	V	GTA	V	1058
NC_045512.2	3440	A	T	15386	7974	49	7	7	34	0.000454575	15399	0.973756	FALSE	ORF1ab:cds-YP_009724389.1	AAT	N	TAT	Y	1059
NC_045512.2	3440	A	T	15386	7974	49	7	7	34	0.000454575	15399	0.973756	FALSE	ORF1ab:cds-YP_009725295.1	AAT	N	TAT	Y	1059
NC_045512.2	3440	A	G	15386	7974	49	5	3	46	0.000324696	15399	0.109246	FALSE	ORF1ab:cds-YP_009724389.1	AAT	N	GAT	D	1059
NC_045512.2	3440	A	G	15386	7974	49	5	3	46	0.000324696	15399	0.109246	FALSE	ORF1ab:cds-YP_009725295.1	AAT	N	GAT	D	1059
NC_045512.2	3440	A	C	15386	7974	49	1	1	34	6.49393e-05	15399	0.999985	FALSE	ORF1ab:cds-YP_009724389.1	AAT	N	CAT	H	1059
NC_045512.2	3440	A	C	15386	7974	49	1	1	34	6.49393e-05	15399	0.999985	FALSE	ORF1ab:cds-YP_009725295.1	AAT	N	CAT	H	1059
NC_045512.2	3441	A	T	15431	8031	49	6	6	32	0.000388626	15439	0.986718	FALSE	ORF1ab:cds-YP_009724389.1	AAT	N	ATT	I	1059
NC_045512.2	3441	A	T	15431	8031	49	6	6	32	0.000388626	15439	0.986718	FALSE	ORF1ab:cds-YP_009725295.1	AAT	N	ATT	I	1059
NC_045512.2	3441	A	G	15431	8031	49	1	1	26	6.4771e-05	15439	1	FALSE	ORF1ab:cds-YP_009724389.1	AAT	N	AGT	S	1059
NC_045512.2	3441	A	G	15431	8031	49	1	1	26	6.4771e-05	15439	1	FALSE	ORF1ab:cds-YP_009725295.1	AAT	N	AGT	S	1059
NC_045512.2	3441	A	C	15431	8031	49	1	1	34	6.4771e-05	15439	0.999985	FALSE	ORF1ab:cds-YP_009724389.1	AAT	N	ACT	T	1059
NC_045512.2	3441	A	C	15431	8031	49	1	1	34	6.4771e-05	15439	0.999985	FALSE	ORF1ab:cds-YP_009725295.1	AAT	N	ACT	T	1059
NC_045512.2	3442	T	C	15358	7944	50	1	1	26	6.50618e-05	15370	1	FALSE	ORF1ab:cds-YP_009724389.1	AAT	N	AAC	N	1059
NC_045512.2	3442	T	C	15358	7944	50	1	1	26	6.50618e-05	15370	1	FALSE	ORF1ab:cds-YP_009725295.1	AAT	N	AAC	N	1059
NC_045512.2	3442	T	A	15358	7944	50	11	11	31	0.00071568	15370	0.836633	FALSE	ORF1ab:cds-YP_009724389.1	AAT	N	AAA	K	1059
NC_045512.2	3442	T	A	15358	7944	50	11	11	31	0.00071568	15370	0.836633	FALSE	ORF1ab:cds-YP_009725295.1	AAT	N	AAA	K	1059
NC_045512.2	3443	G	T	15256	7927	49	4	4	34	0.000261934	15271	0.997784	FALSE	ORF1ab:cds-YP_009724389.1	GCA	A	TCA	S	1060
NC_045512.2	3443	G	T	15256	7927	49	4	4	34	0.000261934	15271	0.997784	FALSE	ORF1ab:cds-YP_009725295.1	GCA	A	TCA	S	1060
NC_045512.2	3443	G	C	15256	7927	49	1	1	34	6.54836e-05	15271	0.999985	FALSE	ORF1ab:cds-YP_009724389.1	GCA	A	CCA	P	1060
NC_045512.2	3443	G	C	15256	7927	49	1	1	34	6.54836e-05	15271	0.999985	FALSE	ORF1ab:cds-YP_009725295.1	GCA	A	CCA	P	1060
NC_045512.2	3443	G	A	15256	7927	49	10	10	32	0.000654836	15271	0.885207	FALSE	ORF1ab:cds-YP_009724389.1	GCA	A	ACA	T	1060
NC_045512.2	3443	G	A	15256	7927	49	10	10	32	0.000654836	15271	0.885207	FALSE	ORF1ab:cds-YP_009725295.1	GCA	A	ACA	T	1060
NC_045512.2	3444	C	T	15264	8123	49	6	5	37	0.00039267	15280	0.986678	FALSE	ORF1ab:cds-YP_009724389.1	GCA	A	GTA	V	1060
NC_045512.2	3444	C	T	15264	8123	49	6	5	37	0.00039267	15280	0.986678	FALSE	ORF1ab:cds-YP_009725295.1	GCA	A	GTA	V	1060
NC_045512.2	3444	C	G	15264	8123	49	6	5	34	0.00039267	15280	0.986678	FALSE	ORF1ab:cds-YP_009724389.1	GCA	A	GGA	G	1060
NC_045512.2	3444	C	G	15264	8123	49	6	5	34	0.00039267	15280	0.986678	FALSE	ORF1ab:cds-YP_009725295.1	GCA	A	GGA	G	1060
NC_045512.2	3444	C	A	15264	8123	49	4	4	30	0.00026178	15280	0.997783	FALSE	ORF1ab:cds-YP_009724389.1	GCA	A	GAA	E	1060
NC_045512.2	3444	C	A	15264	8123	49	4	4	30	0.00026178	15280	0.997783	FALSE	ORF1ab:cds-YP_009725295.1	GCA	A	GAA	E	1060
NC_045512.2	3445	A	T	15322	7939	50	5	5	30	0.000325966	15339	0.994078	FALSE	ORF1ab:cds-YP_009724389.1	GCA	A	GCT	A	1060
NC_045512.2	3445	A	T	15322	7939	50	5	5	30	0.000325966	15339	0.994078	FALSE	ORF1ab:cds-YP_009725295.1	GCA	A	GCT	A	1060
NC_045512.2	3445	A	G	15322	7939	50	6	5	31	0.00039116	15339	0.986673	FALSE	ORF1ab:cds-YP_009724389.1	GCA	A	GCG	A	1060
NC_045512.2	3445	A	G	15322	7939	50	6	5	31	0.00039116	15339	0.986673	FALSE	ORF1ab:cds-YP_009725295.1	GCA	A	GCG	A	1060
NC_045512.2	3445	A	C	15322	7939	50	6	6	34	0.00039116	15339	0.986673	FALSE	ORF1ab:cds-YP_009724389.1	GCA	A	GCC	A	1060
NC_045512.2	3445	A	C	15322	7939	50	6	6	34	0.00039116	15339	0.986673	FALSE	ORF1ab:cds-YP_009725295.1	GCA	A	GCC	A	1060
NC_045512.2	3446	G	T	15471	7977	50	1	1	34	6.45911e-05	15482	0.999985	FALSE	ORF1ab:cds-YP_009724389.1	GCC	A	TCC	S	1061
NC_045512.2	3446	G	T	15471	7977	50	1	1	34	6.45911e-05	15482	0.999985	FALSE	ORF1ab:cds-YP_009725295.1	GCC	A	TCC	S	1061
NC_045512.2	3446	G	C	15471	7977	50	2	2	34	0.000129182	15482	0.999863	FALSE	ORF1ab:cds-YP_009724389.1	GCC	A	CCC	P	1061
NC_045512.2	3446	G	C	15471	7977	50	2	2	34	0.000129182	15482	0.999863	FALSE	ORF1ab:cds-YP_009725295.1	GCC	A	CCC	P	1061
NC_045512.2	3446	G	A	15471	7977	50	8	8	33	0.000516729	15482	0.95346	FALSE	ORF1ab:cds-YP_009724389.1	GCC	A	ACC	T	1061
NC_045512.2	3446	G	A	15471	7977	50	8	8	33	0.000516729	15482	0.95346	FALSE	ORF1ab:cds-YP_009725295.1	GCC	A	ACC	T	1061
NC_045512.2	3447	C	T	15354	8217	49	3	3	40	0.000195135	15374	0.312097	FALSE	ORF1ab:cds-YP_009724389.1	GCC	A	GTC	V	1061
NC_045512.2	3447	C	T	15354	8217	49	3	3	40	0.000195135	15374	0.312097	FALSE	ORF1ab:cds-YP_009725295.1	GCC	A	GTC	V	1061
NC_045512.2	3447	C	G	15354	8217	49	8	6	34	0.000520359	15374	0.953324	FALSE	ORF1ab:cds-YP_009724389.1	GCC	A	GGC	G	1061
NC_045512.2	3447	C	G	15354	8217	49	8	6	34	0.000520359	15374	0.953324	FALSE	ORF1ab:cds-YP_009725295.1	GCC	A	GGC	G	1061
NC_045512.2	3447	C	A	15354	8217	49	9	7	33	0.000585404	15374	0.924057	FALSE	ORF1ab:cds-YP_009724389.1	GCC	A	GAC	D	1061
NC_045512.2	3447	C	A	15354	8217	49	9	7	33	0.000585404	15374	0.924057	FALSE	ORF1ab:cds-YP_009725295.1	GCC	A	GAC	D	1061
NC_045512.2	3448	C	G	15409	8274	49	6	6	39	0.00038908	15421	0.986698	FALSE	ORF1ab:cds-YP_009724389.1	GCC	A	GCG	A	1061
NC_045512.2	3448	C	G	15409	8274	49	6	6	39	0.00038908	15421	0.986698	FALSE	ORF1ab:cds-YP_009725295.1	GCC	A	GCG	A	1061
NC_045512.2	3448	C	A	15409	8274	49	6	6	34	0.00038908	15421	0.986698	FALSE	ORF1ab:cds-YP_009724389.1	GCC	A	GCA	A	1061
NC_045512.2	3448	C	A	15409	8274	49	6	6	34	0.00038908	15421	0.986698	FALSE	ORF1ab:cds-YP_009725295.1	GCC	A	GCA	A	1061
NC_045512.2	3449	A	T	15419	8254	49	2	2	34	0.000129576	15435	0.999862	FALSE	ORF1ab:cds-YP_009724389.1	AAT	N	TAT	Y	1062
NC_045512.2	3449	A	T	15419	8254	49	2	2	34	0.000129576	15435	0.999862	FALSE	ORF1ab:cds-YP_009725295.1	AAT	N	TAT	Y	1062
NC_045512.2	3449	A	G	15419	8254	49	5	4	34	0.000323939	15435	0.99408	FALSE	ORF1ab:cds-YP_009724389.1	AAT	N	GAT	D	1062
NC_045512.2	3449	A	G	15419	8254	49	5	4	34	0.000323939	15435	0.99408	FALSE	ORF1ab:cds-YP_009725295.1	AAT	N	GAT	D	1062
NC_045512.2	3449	A	C	15419	8254	49	9	9	32	0.00058309	15435	0.924148	FALSE	ORF1ab:cds-YP_009724389.1	AAT	N	CAT	H	1062
NC_045512.2	3449	A	C	15419	8254	49	9	9	32	0.00058309	15435	0.924148	FALSE	ORF1ab:cds-YP_009725295.1	AAT	N	CAT	H	1062
NC_045512.2	3450	A	T	15940	8369	49	2	2	30	0.000125415	15947	0.999863	FALSE	ORF1ab:cds-YP_009724389.1	AAT	N	ATT	I	1062
NC_045512.2	3450	A	T	15940	8369	49	2	2	30	0.000125415	15947	0.999863	FALSE	ORF1ab:cds-YP_009725295.1	AAT	N	ATT	I	1062
NC_045512.2	3450	A	G	15940	8369	49	1	1	34	6.27077e-05	15947	0.999985	FALSE	ORF1ab:cds-YP_009724389.1	AAT	N	AGT	S	1062
NC_045512.2	3450	A	G	15940	8369	49	1	1	34	6.27077e-05	15947	0.999985	FALSE	ORF1ab:cds-YP_009725295.1	AAT	N	AGT	S	1062
NC_045512.2	3450	A	C	15940	8369	49	4	4	32	0.000250831	15947	0.997791	FALSE	ORF1ab:cds-YP_009724389.1	AAT	N	ACT	T	1062
NC_045512.2	3450	A	C	15940	8369	49	4	4	32	0.000250831	15947	0.997791	FALSE	ORF1ab:cds-YP_009725295.1	AAT	N	ACT	T	1062
NC_045512.2	3451	T	G	16008	8342	49	5	3	39	0.000311915	16030	0.996386	FALSE	ORF1ab:cds-YP_009724389.1	AAT	N	AAG	K	1062
NC_045512.2	3451	T	G	16008	8342	49	5	3	39	0.000311915	16030	0.996386	FALSE	ORF1ab:cds-YP_009725295.1	AAT	N	AAG	K	1062
NC_045512.2	3451	T	C	16008	8342	49	4	4	32	0.000249532	16030	0.998706	FALSE	ORF1ab:cds-YP_009724389.1	AAT	N	AAC	N	1062
NC_045512.2	3451	T	C	16008	8342	49	4	4	32	0.000249532	16030	0.998706	FALSE	ORF1ab:cds-YP_009725295.1	AAT	N	AAC	N	1062
NC_045512.2	3451	T	A	16008	8342	49	13	12	32	0.000810979	16030	0.770563	FALSE	ORF1ab:cds-YP_009724389.1	AAT	N	AAA	K	1062
NC_045512.2	3451	T	A	16008	8342	49	13	12	32	0.000810979	16030	0.770563	FALSE	ORF1ab:cds-YP_009725295.1	AAT	N	AAA	K	1062
NC_045512.2	3452	G	T	16067	8383	49	9	8	32	0.000559597	16083	0.94609	FALSE	ORF1ab:cds-YP_009724389.1	GTT	V	TTT	F	1063
NC_045512.2	3452	G	T	16067	8383	49	9	8	32	0.000559597	16083	0.94609	FALSE	ORF1ab:cds-YP_009725295.1	GTT	V	TTT	F	1063
NC_045512.2	3452	G	A	16067	8383	49	7	7	31	0.000435242	16083	0.982636	FALSE	ORF1ab:cds-YP_009724389.1	GTT	V	ATT	I	1063
NC_045512.2	3452	G	A	16067	8383	49	7	7	31	0.000435242	16083	0.982636	FALSE	ORF1ab:cds-YP_009725295.1	GTT	V	ATT	I	1063
NC_045512.2	3452	G	-T	16067	8383	49	1	0	20	6.21775e-05	16083	1	FALSE	NA	NA	NA	NA	NA	NA
NC_045512.2	3453	T	G	14623	6971	46	10	9	31	0.000682967	14642	0.846012	FALSE	ORF1ab:cds-YP_009724389.1	GTT	V	GGT	G	1063
NC_045512.2	3453	T	G	14623	6971	46	10	9	31	0.000682967	14642	0.846012	FALSE	ORF1ab:cds-YP_009725295.1	GTT	V	GGT	G	1063
NC_045512.2	3453	T	C	14623	6971	46	4	3	30	0.000273187	14642	0.996216	FALSE	ORF1ab:cds-YP_009724389.1	GTT	V	GCT	A	1063
NC_045512.2	3453	T	C	14623	6971	46	4	3	30	0.000273187	14642	0.996216	FALSE	ORF1ab:cds-YP_009725295.1	GTT	V	GCT	A	1063
NC_045512.2	3453	T	A	14623	6971	46	5	5	34	0.000341483	14642	0.99036	FALSE	ORF1ab:cds-YP_009724389.1	GTT	V	GAT	D	1063
NC_045512.2	3453	T	A	14623	6971	46	5	5	34	0.000341483	14642	0.99036	FALSE	ORF1ab:cds-YP_009725295.1	GTT	V	GAT	D	1063
NC_045512.2	3454	T	G	15865	8507	50	4	4	34	0.000251937	15877	0.997787	FALSE	ORF1ab:cds-YP_009724389.1	GTT	V	GTG	V	1063
NC_045512.2	3454	T	G	15865	8507	50	4	4	34	0.000251937	15877	0.997787	FALSE	ORF1ab:cds-YP_009725295.1	GTT	V	GTG	V	1063
NC_045512.2	3454	T	C	15865	8507	50	1	1	34	6.29842e-05	15877	0.999985	FALSE	ORF1ab:cds-YP_009724389.1	GTT	V	GTC	V	1063
NC_045512.2	3454	T	C	15865	8507	50	1	1	34	6.29842e-05	15877	0.999985	FALSE	ORF1ab:cds-YP_009725295.1	GTT	V	GTC	V	1063
NC_045512.2	3454	T	A	15865	8507	50	7	7	34	0.000440889	15877	0.973765	FALSE	ORF1ab:cds-YP_009724389.1	GTT	V	GTA	V	1063
NC_045512.2	3454	T	A	15865	8507	50	7	7	34	0.000440889	15877	0.973765	FALSE	ORF1ab:cds-YP_009725295.1	GTT	V	GTA	V	1063
NC_045512.2	3455	T	G	15742	8445	50	6	6	32	0.000380904	15752	0.986708	FALSE	ORF1ab:cds-YP_009724389.1	TAC	Y	GAC	D	1064
NC_045512.2	3455	T	G	15742	8445	50	6	6	32	0.000380904	15752	0.986708	FALSE	ORF1ab:cds-YP_009725295.1	TAC	Y	GAC	D	1064
NC_045512.2	3455	T	C	15742	8445	50	1	0	34	6.3484e-05	15752	0.999985	FALSE	ORF1ab:cds-YP_009724389.1	TAC	Y	CAC	H	1064
NC_045512.2	3455	T	C	15742	8445	50	1	0	34	6.3484e-05	15752	0.999985	FALSE	ORF1ab:cds-YP_009725295.1	TAC	Y	CAC	H	1064
NC_045512.2	3455	T	A	15742	8445	50	3	3	34	0.000190452	15752	0.999344	FALSE	ORF1ab:cds-YP_009724389.1	TAC	Y	AAC	N	1064
NC_045512.2	3455	T	A	15742	8445	50	3	3	34	0.000190452	15752	0.999344	FALSE	ORF1ab:cds-YP_009725295.1	TAC	Y	AAC	N	1064
NC_045512.2	3456	A	T	15872	8435	50	16	16	33	0.00100686	15891	0.499859	FALSE	ORF1ab:cds-YP_009724389.1	TAC	Y	TTC	F	1064
NC_045512.2	3456	A	T	15872	8435	50	16	16	33	0.00100686	15891	0.499859	FALSE	ORF1ab:cds-YP_009725295.1	TAC	Y	TTC	F	1064
NC_045512.2	3456	A	G	15872	8435	50	1	1	34	6.29287e-05	15891	0.999985	FALSE	ORF1ab:cds-YP_009724389.1	TAC	Y	TGC	C	1064
NC_045512.2	3456	A	G	15872	8435	50	1	1	34	6.29287e-05	15891	0.999985	FALSE	ORF1ab:cds-YP_009725295.1	TAC	Y	TGC	C	1064
NC_045512.2	3456	A	C	15872	8435	50	2	2	34	0.000125857	15891	0.999862	FALSE	ORF1ab:cds-YP_009724389.1	TAC	Y	TCC	S	1064
NC_045512.2	3456	A	C	15872	8435	50	2	2	34	0.000125857	15891	0.999862	FALSE	ORF1ab:cds-YP_009725295.1	TAC	Y	TCC	S	1064
NC_045512.2	3457	C	T	15839	8444	50	10	10	34	0.000630477	15861	0.884992	FALSE	ORF1ab:cds-YP_009724389.1	TAC	Y	TAT	Y	1064
NC_045512.2	3457	C	T	15839	8444	50	10	10	34	0.000630477	15861	0.884992	FALSE	ORF1ab:cds-YP_009725295.1	TAC	Y	TAT	Y	1064
NC_045512.2	3457	C	G	15839	8444	50	4	4	34	0.000252191	15861	0.997777	FALSE	ORF1ab:cds-YP_009724389.1	TAC	Y	TAG	*	1064
NC_045512.2	3457	C	G	15839	8444	50	4	4	34	0.000252191	15861	0.997777	FALSE	ORF1ab:cds-YP_009725295.1	TAC	Y	TAG	*	1064
NC_045512.2	3457	C	A	15839	8444	50	8	8	33	0.000504382	15861	0.953297	FALSE	ORF1ab:cds-YP_009724389.1	TAC	Y	TAA	*	1064
NC_045512.2	3457	C	A	15839	8444	50	8	8	33	0.000504382	15861	0.953297	FALSE	ORF1ab:cds-YP_009725295.1	TAC	Y	TAA	*	1064
NC_045512.2	3458	C	T	15771	8569	49	7	7	31	0.000443431	15786	0.973738	FALSE	ORF1ab:cds-YP_009724389.1	CTT	L	TTT	F	1065
NC_045512.2	3458	C	T	15771	8569	49	7	7	31	0.000443431	15786	0.973738	FALSE	ORF1ab:cds-YP_009725295.1	CTT	L	TTT	F	1065
NC_045512.2	3458	C	G	15771	8569	49	1	1	34	6.33473e-05	15786	0.999985	FALSE	ORF1ab:cds-YP_009724389.1	CTT	L	GTT	V	1065
NC_045512.2	3458	C	G	15771	8569	49	1	1	34	6.33473e-05	15786	0.999985	FALSE	ORF1ab:cds-YP_009725295.1	CTT	L	GTT	V	1065
NC_045512.2	3458	C	A	15771	8569	49	7	7	31	0.000443431	15786	0.973738	FALSE	ORF1ab:cds-YP_009724389.1	CTT	L	ATT	I	1065
NC_045512.2	3458	C	A	15771	8569	49	7	7	31	0.000443431	15786	0.973738	FALSE	ORF1ab:cds-YP_009725295.1	CTT	L	ATT	I	1065
NC_045512.2	3458	C	-T	15771	8569	49	1	0	20	6.33473e-05	15786	1	FALSE	NA	NA	NA	NA	NA	NA
NC_045512.2	3459	T	G	15036	7850	49	4	3	30	0.000265622	15059	0.997775	FALSE	ORF1ab:cds-YP_009724389.1	CTT	L	CGT	R	1065
NC_045512.2	3459	T	G	15036	7850	49	4	3	30	0.000265622	15059	0.997775	FALSE	ORF1ab:cds-YP_009725295.1	CTT	L	CGT	R	1065
NC_045512.2	3459	T	C	15036	7850	49	9	9	36	0.000597649	15059	0.92396	FALSE	ORF1ab:cds-YP_009724389.1	CTT	L	CCT	P	1065
NC_045512.2	3459	T	C	15036	7850	49	9	9	36	0.000597649	15059	0.92396	FALSE	ORF1ab:cds-YP_009725295.1	CTT	L	CCT	P	1065
NC_045512.2	3459	T	A	15036	7850	49	10	9	34	0.000664055	15059	0.884915	FALSE	ORF1ab:cds-YP_009724389.1	CTT	L	CAT	H	1065
NC_045512.2	3459	T	A	15036	7850	49	10	9	34	0.000664055	15059	0.884915	FALSE	ORF1ab:cds-YP_009725295.1	CTT	L	CAT	H	1065
NC_045512.2	3460	T	G	15308	8219	50	3	3	31	0.000195771	15324	0.999342	FALSE	ORF1ab:cds-YP_009724389.1	CTT	L	CTG	L	1065
NC_045512.2	3460	T	G	15308	8219	50	3	3	31	0.000195771	15324	0.999342	FALSE	ORF1ab:cds-YP_009725295.1	CTT	L	CTG	L	1065
NC_045512.2	3460	T	C	15308	8219	50	11	11	31	0.000717828	15324	0.836468	FALSE	ORF1ab:cds-YP_009724389.1	CTT	L	CTC	L	1065
NC_045512.2	3460	T	C	15308	8219	50	11	11	31	0.000717828	15324	0.836468	FALSE	ORF1ab:cds-YP_009725295.1	CTT	L	CTC	L	1065
NC_045512.2	3460	T	A	15308	8219	50	2	2	34	0.000130514	15324	0.999862	FALSE	ORF1ab:cds-YP_009724389.1	CTT	L	CTA	L	1065
NC_045512.2	3460	T	A	15308	8219	50	2	2	34	0.000130514	15324	0.999862	FALSE	ORF1ab:cds-YP_009725295.1	CTT	L	CTA	L	1065
NC_045512.2	3461	A	T	15126	8176	49	7	7	34	0.00046226	15143	0.973718	FALSE	ORF1ab:cds-YP_009724389.1	AAA	K	TAA	*	1066
NC_045512.2	3461	A	T	15126	8176	49	7	7	34	0.00046226	15143	0.973718	FALSE	ORF1ab:cds-YP_009725295.1	AAA	K	TAA	*	1066
NC_045512.2	3461	A	G	15126	8176	49	3	3	34	0.000198111	15143	0.999342	FALSE	ORF1ab:cds-YP_009724389.1	AAA	K	GAA	E	1066
NC_045512.2	3461	A	G	15126	8176	49	3	3	34	0.000198111	15143	0.999342	FALSE	ORF1ab:cds-YP_009725295.1	AAA	K	GAA	E	1066
NC_045512.2	3461	A	C	15126	8176	49	7	7	30	0.00046226	15143	0.973718	FALSE	ORF1ab:cds-YP_009724389.1	AAA	K	CAA	Q	1066
NC_045512.2	3461	A	C	15126	8176	49	7	7	30	0.00046226	15143	0.973718	FALSE	ORF1ab:cds-YP_009725295.1	AAA	K	CAA	Q	1066
NC_045512.2	3462	A	T	15123	8258	49	12	12	34	0.000792707	15138	0.778966	FALSE	ORF1ab:cds-YP_009724389.1	AAA	K	ATA	I	1066
NC_045512.2	3462	A	T	15123	8258	49	12	12	34	0.000792707	15138	0.778966	FALSE	ORF1ab:cds-YP_009725295.1	AAA	K	ATA	I	1066
NC_045512.2	3462	A	G	15123	8258	49	2	2	51	0.000132118	15138	0.249794	FALSE	ORF1ab:cds-YP_009724389.1	AAA	K	AGA	R	1066
NC_045512.2	3462	A	G	15123	8258	49	2	2	51	0.000132118	15138	0.249794	FALSE	ORF1ab:cds-YP_009725295.1	AAA	K	AGA	R	1066
NC_045512.2	3462	A	C	15123	8258	49	1	0	27	6.60589e-05	15138	1	FALSE	ORF1ab:cds-YP_009724389.1	AAA	K	ACA	T	1066
NC_045512.2	3462	A	C	15123	8258	49	1	0	27	6.60589e-05	15138	1	FALSE	ORF1ab:cds-YP_009725295.1	AAA	K	ACA	T	1066
NC_045512.2	3463	A	T	14142	8329	46	6	6	32	0.000423938	14153	0.979309	FALSE	ORF1ab:cds-YP_009724389.1	AAA	K	AAT	N	1066
NC_045512.2	3463	A	T	14142	8329	46	6	6	32	0.000423938	14153	0.979309	FALSE	ORF1ab:cds-YP_009725295.1	AAA	K	AAT	N	1066
NC_045512.2	3463	A	G	14142	8329	46	4	4	34	0.000282626	14153	0.99623	FALSE	ORF1ab:cds-YP_009724389.1	AAA	K	AAG	K	1066
NC_045512.2	3463	A	G	14142	8329	46	4	4	34	0.000282626	14153	0.99623	FALSE	ORF1ab:cds-YP_009725295.1	AAA	K	AAG	K	1066
NC_045512.2	3463	A	C	14142	8329	46	1	0	26	7.06564e-05	14153	1	FALSE	ORF1ab:cds-YP_009724389.1	AAA	K	AAC	N	1066
NC_045512.2	3463	A	C	14142	8329	46	1	0	26	7.06564e-05	14153	1	FALSE	ORF1ab:cds-YP_009725295.1	AAA	K	AAC	N	1066
NC_045512.2	3464	C	T	15296	8675	50	2	2	26	0.000130599	15314	1	FALSE	ORF1ab:cds-YP_009724389.1	CAT	H	TAT	Y	1067
NC_045512.2	3464	C	T	15296	8675	50	2	2	26	0.000130599	15314	1	FALSE	ORF1ab:cds-YP_009725295.1	CAT	H	TAT	Y	1067
NC_045512.2	3464	C	G	15296	8675	50	2	2	34	0.000130599	15314	0.999862	FALSE	ORF1ab:cds-YP_009724389.1	CAT	H	GAT	D	1067
NC_045512.2	3464	C	G	15296	8675	50	2	2	34	0.000130599	15314	0.999862	FALSE	ORF1ab:cds-YP_009725295.1	CAT	H	GAT	D	1067
NC_045512.2	3464	C	A	15296	8675	50	14	14	32	0.000914196	15314	0.644332	FALSE	ORF1ab:cds-YP_009724389.1	CAT	H	AAT	N	1067
NC_045512.2	3464	C	A	15296	8675	50	14	14	32	0.000914196	15314	0.644332	FALSE	ORF1ab:cds-YP_009725295.1	CAT	H	AAT	N	1067
NC_045512.2	3465	A	T	14927	8421	50	2	2	34	0.000133905	14936	0.999741	FALSE	ORF1ab:cds-YP_009724389.1	CAT	H	CTT	L	1067
NC_045512.2	3465	A	T	14927	8421	50	2	2	34	0.000133905	14936	0.999741	FALSE	ORF1ab:cds-YP_009725295.1	CAT	H	CTT	L	1067
NC_045512.2	3465	A	G	14927	8421	50	4	1	34	0.000267809	14936	0.996233	FALSE	ORF1ab:cds-YP_009724389.1	CAT	H	CGT	R	1067
NC_045512.2	3465	A	G	14927	8421	50	4	1	34	0.000267809	14936	0.996233	FALSE	ORF1ab:cds-YP_009725295.1	CAT	H	CGT	R	1067
NC_045512.2	3465	A	C	14927	8421	50	3	3	34	0.000200857	14936	0.998826	FALSE	ORF1ab:cds-YP_009724389.1	CAT	H	CCT	P	1067
NC_045512.2	3465	A	C	14927	8421	50	3	3	34	0.000200857	14936	0.998826	FALSE	ORF1ab:cds-YP_009725295.1	CAT	H	CCT	P	1067
NC_045512.2	3466	T	G	14689	8271	50	2	2	34	0.000136008	14705	0.99974	FALSE	ORF1ab:cds-YP_009724389.1	CAT	H	CAG	Q	1067
NC_045512.2	3466	T	G	14689	8271	50	2	2	34	0.000136008	14705	0.99974	FALSE	ORF1ab:cds-YP_009725295.1	CAT	H	CAG	Q	1067
NC_045512.2	3466	T	C	14689	8271	50	5	4	32	0.00034002	14705	0.990376	FALSE	ORF1ab:cds-YP_009724389.1	CAT	H	CAC	H	1067
NC_045512.2	3466	T	C	14689	8271	50	5	4	32	0.00034002	14705	0.990376	FALSE	ORF1ab:cds-YP_009725295.1	CAT	H	CAC	H	1067
NC_045512.2	3466	T	A	14689	8271	50	9	8	33	0.000612037	14705	0.894891	FALSE	ORF1ab:cds-YP_009724389.1	CAT	H	CAA	Q	1067
NC_045512.2	3466	T	A	14689	8271	50	9	8	33	0.000612037	14705	0.894891	FALSE	ORF1ab:cds-YP_009725295.1	CAT	H	CAA	Q	1067
NC_045512.2	3466	T	+GGA	14689	8271	50	1	0	20	6.80041e-05	14705	1	FALSE	NA	NA	NA	NA	NA	NA
NC_045512.2	3467	G	T	14786	8340	50	5	5	32	0.000337701	14806	0.990361	FALSE	ORF1ab:cds-YP_009724389.1	GGA	G	TGA	*	1068
NC_045512.2	3467	G	T	14786	8340	50	5	5	32	0.000337701	14806	0.990361	FALSE	ORF1ab:cds-YP_009725295.1	GGA	G	TGA	*	1068
NC_045512.2	3467	G	C	14786	8340	50	6	6	32	0.000405241	14806	0.979241	FALSE	ORF1ab:cds-YP_009724389.1	GGA	G	CGA	R	1068
NC_045512.2	3467	G	C	14786	8340	50	6	6	32	0.000405241	14806	0.979241	FALSE	ORF1ab:cds-YP_009725295.1	GGA	G	CGA	R	1068
NC_045512.2	3467	G	A	14786	8340	50	9	8	36	0.000607862	14806	0.894773	FALSE	ORF1ab:cds-YP_009724389.1	GGA	G	AGA	R	1068
NC_045512.2	3467	G	A	14786	8340	50	9	8	36	0.000607862	14806	0.894773	FALSE	ORF1ab:cds-YP_009725295.1	GGA	G	AGA	R	1068
NC_045512.2	3468	G	T	14772	8380	50	6	6	34	0.000405872	14783	0.979309	FALSE	ORF1ab:cds-YP_009724389.1	GGA	G	GTA	V	1068
NC_045512.2	3468	G	T	14772	8380	50	6	6	34	0.000405872	14783	0.979309	FALSE	ORF1ab:cds-YP_009725295.1	GGA	G	GTA	V	1068
NC_045512.2	3468	G	A	14772	8380	50	5	5	32	0.000338226	14783	0.990395	FALSE	ORF1ab:cds-YP_009724389.1	GGA	G	GAA	E	1068
NC_045512.2	3468	G	A	14772	8380	50	5	5	32	0.000338226	14783	0.990395	FALSE	ORF1ab:cds-YP_009725295.1	GGA	G	GAA	E	1068
NC_045512.2	3469	A	T	14798	8376	50	5	5	32	0.000337496	14815	0.990372	FALSE	ORF1ab:cds-YP_009724389.1	GGA	G	GGT	G	1068
NC_045512.2	3469	A	T	14798	8376	50	5	5	32	0.000337496	14815	0.990372	FALSE	ORF1ab:cds-YP_009725295.1	GGA	G	GGT	G	1068
NC_045512.2	3469	A	G	14798	8376	50	12	11	42	0.00080999	14815	0.00170321	TRUE	ORF1ab:cds-YP_009724389.1	GGA	G	GGG	G	1068
NC_045512.2	3469	A	G	14798	8376	50	12	11	42	0.00080999	14815	0.00170321	TRUE	ORF1ab:cds-YP_009725295.1	GGA	G	GGG	G	1068
NC_045512.2	3470	G	T	14786	8376	50	2	2	34	0.000135181	14795	0.999741	FALSE	ORF1ab:cds-YP_009724389.1	GGA	G	TGA	*	1069
NC_045512.2	3470	G	T	14786	8376	50	2	2	34	0.000135181	14795	0.999741	FALSE	ORF1ab:cds-YP_009725295.1	GGA	G	TGA	*	1069
NC_045512.2	3470	G	C	14786	8376	50	1	1	34	6.75904e-05	14795	0.999969	FALSE	ORF1ab:cds-YP_009724389.1	GGA	G	CGA	R	1069
NC_045512.2	3470	G	C	14786	8376	50	1	1	34	6.75904e-05	14795	0.999969	FALSE	ORF1ab:cds-YP_009725295.1	GGA	G	CGA	R	1069
NC_045512.2	3470	G	A	14786	8376	50	6	6	34	0.000405542	14795	0.979324	FALSE	ORF1ab:cds-YP_009724389.1	GGA	G	AGA	R	1069
NC_045512.2	3470	G	A	14786	8376	50	6	6	34	0.000405542	14795	0.979324	FALSE	ORF1ab:cds-YP_009725295.1	GGA	G	AGA	R	1069
NC_045512.2	3471	G	T	14692	8400	50	1	1	34	6.80133e-05	14703	0.999969	FALSE	ORF1ab:cds-YP_009724389.1	GGA	G	GTA	V	1069
NC_045512.2	3471	G	T	14692	8400	50	1	1	34	6.80133e-05	14703	0.999969	FALSE	ORF1ab:cds-YP_009725295.1	GGA	G	GTA	V	1069
NC_045512.2	3471	G	C	14692	8400	50	2	2	30	0.000136027	14703	0.99974	FALSE	ORF1ab:cds-YP_009724389.1	GGA	G	GCA	A	1069
NC_045512.2	3471	G	C	14692	8400	50	2	2	30	0.000136027	14703	0.99974	FALSE	ORF1ab:cds-YP_009725295.1	GGA	G	GCA	A	1069
NC_045512.2	3471	G	A	14692	8400	50	8	8	34	0.000544107	14703	0.933131	FALSE	ORF1ab:cds-YP_009724389.1	GGA	G	GAA	E	1069
NC_045512.2	3471	G	A	14692	8400	50	8	8	34	0.000544107	14703	0.933131	FALSE	ORF1ab:cds-YP_009725295.1	GGA	G	GAA	E	1069
NC_045512.2	3472	A	T	14520	8223	50	1	1	34	6.88279e-05	14529	0.999969	FALSE	ORF1ab:cds-YP_009724389.1	GGA	G	GGT	G	1069
NC_045512.2	3472	A	T	14520	8223	50	1	1	34	6.88279e-05	14529	0.999969	FALSE	ORF1ab:cds-YP_009725295.1	GGA	G	GGT	G	1069
NC_045512.2	3472	A	G	14520	8223	50	8	7	34	0.000550623	14529	0.933173	FALSE	ORF1ab:cds-YP_009724389.1	GGA	G	GGG	G	1069
NC_045512.2	3472	A	G	14520	8223	50	8	7	34	0.000550623	14529	0.933173	FALSE	ORF1ab:cds-YP_009725295.1	GGA	G	GGG	G	1069
NC_045512.2	3472	A	+C	14520	8223	50	1	0	20	6.88279e-05	14529	1	FALSE	NA	NA	NA	NA	NA	NA
NC_045512.2	3473	G	T	14348	8079	50	2	2	34	0.000139276	14360	0.99974	FALSE	ORF1ab:cds-YP_009724389.1	GGT	G	TGT	C	1070
NC_045512.2	3473	G	T	14348	8079	50	2	2	34	0.000139276	14360	0.99974	FALSE	ORF1ab:cds-YP_009725295.1	GGT	G	TGT	C	1070
NC_045512.2	3473	G	C	14348	8079	50	1	1	34	6.96379e-05	14360	0.999969	FALSE	ORF1ab:cds-YP_009724389.1	GGT	G	CGT	R	1070
NC_045512.2	3473	G	C	14348	8079	50	1	1	34	6.96379e-05	14360	0.999969	FALSE	ORF1ab:cds-YP_009725295.1	GGT	G	CGT	R	1070
NC_045512.2	3473	G	A	14348	8079	50	9	9	32	0.000626741	14360	0.895011	FALSE	ORF1ab:cds-YP_009724389.1	GGT	G	AGT	S	1070
NC_045512.2	3473	G	A	14348	8079	50	9	9	32	0.000626741	14360	0.895011	FALSE	ORF1ab:cds-YP_009725295.1	GGT	G	AGT	S	1070
NC_045512.2	3474	G	C	13776	7799	48	3	2	29	0.000217612	13786	1	FALSE	ORF1ab:cds-YP_009724389.1	GGT	G	GCT	A	1070
NC_045512.2	3474	G	C	13776	7799	48	3	2	29	0.000217612	13786	1	FALSE	ORF1ab:cds-YP_009725295.1	GGT	G	GCT	A	1070
NC_045512.2	3474	G	A	13776	7799	48	7	7	34	0.000507761	13786	0.942369	FALSE	ORF1ab:cds-YP_009724389.1	GGT	G	GAT	D	1070
NC_045512.2	3474	G	A	13776	7799	48	7	7	34	0.000507761	13786	0.942369	FALSE	ORF1ab:cds-YP_009725295.1	GGT	G	GAT	D	1070
NC_045512.2	3475	T	G	13956	7968	49	6	6	34	0.0004294	13973	0.968149	FALSE	ORF1ab:cds-YP_009724389.1	GGT	G	GGG	G	1070
NC_045512.2	3475	T	G	13956	7968	49	6	6	34	0.0004294	13973	0.968149	FALSE	ORF1ab:cds-YP_009725295.1	GGT	G	GGG	G	1070
NC_045512.2	3475	T	C	13956	7968	49	4	3	40	0.000286266	13973	0.187209	FALSE	ORF1ab:cds-YP_009724389.1	GGT	G	GGC	G	1070
NC_045512.2	3475	T	C	13956	7968	49	4	3	40	0.000286266	13973	0.187209	FALSE	ORF1ab:cds-YP_009725295.1	GGT	G	GGC	G	1070
NC_045512.2	3475	T	A	13956	7968	49	7	7	32	0.000500966	13973	0.942239	FALSE	ORF1ab:cds-YP_009724389.1	GGT	G	GGA	G	1070
NC_045512.2	3475	T	A	13956	7968	49	7	7	32	0.000500966	13973	0.942239	FALSE	ORF1ab:cds-YP_009725295.1	GGT	G	GGA	G	1070
NC_045512.2	3476	G	T	14131	8145	49	3	3	34	0.000212179	14139	0.998826	FALSE	ORF1ab:cds-YP_009724389.1	GTT	V	TTT	F	1071
NC_045512.2	3476	G	T	14131	8145	49	3	3	34	0.000212179	14139	0.998826	FALSE	ORF1ab:cds-YP_009725295.1	GTT	V	TTT	F	1071
NC_045512.2	3476	G	C	14131	8145	49	2	2	34	0.000141453	14139	0.999741	FALSE	ORF1ab:cds-YP_009724389.1	GTT	V	CTT	L	1071
NC_045512.2	3476	G	C	14131	8145	49	2	2	34	0.000141453	14139	0.999741	FALSE	ORF1ab:cds-YP_009725295.1	GTT	V	CTT	L	1071
NC_045512.2	3476	G	A	14131	8145	49	3	3	34	0.000212179	14139	0.998826	FALSE	ORF1ab:cds-YP_009724389.1	GTT	V	ATT	I	1071
NC_045512.2	3476	G	A	14131	8145	49	3	3	34	0.000212179	14139	0.998826	FALSE	ORF1ab:cds-YP_009725295.1	GTT	V	ATT	I	1071
NC_045512.2	3477	T	G	13881	7960	49	7	6	33	0.000503815	13894	0.942313	FALSE	ORF1ab:cds-YP_009724389.1	GTT	V	GGT	G	1071
NC_045512.2	3477	T	G	13881	7960	49	7	6	33	0.000503815	13894	0.942313	FALSE	ORF1ab:cds-YP_009725295.1	GTT	V	GGT	G	1071
NC_045512.2	3477	T	C	13881	7960	49	1	1	34	7.19735e-05	13894	0.999939	FALSE	ORF1ab:cds-YP_009724389.1	GTT	V	GCT	A	1071
NC_045512.2	3477	T	C	13881	7960	49	1	1	34	7.19735e-05	13894	0.999939	FALSE	ORF1ab:cds-YP_009725295.1	GTT	V	GCT	A	1071
NC_045512.2	3477	T	A	13881	7960	49	5	5	34	0.000359868	13894	0.984543	FALSE	ORF1ab:cds-YP_009724389.1	GTT	V	GAT	D	1071
NC_045512.2	3477	T	A	13881	7960	49	5	5	34	0.000359868	13894	0.984543	FALSE	ORF1ab:cds-YP_009725295.1	GTT	V	GAT	D	1071
NC_045512.2	3478	T	G	13968	8045	49	6	6	32	0.000429123	13982	0.968183	FALSE	ORF1ab:cds-YP_009724389.1	GTT	V	GTG	V	1071
NC_045512.2	3478	T	G	13968	8045	49	6	6	32	0.000429123	13982	0.968183	FALSE	ORF1ab:cds-YP_009725295.1	GTT	V	GTG	V	1071
NC_045512.2	3478	T	C	13968	8045	49	5	3	61	0.000357603	13982	0.0311941	FALSE	ORF1ab:cds-YP_009724389.1	GTT	V	GTC	V	1071
NC_045512.2	3478	T	C	13968	8045	49	5	3	61	0.000357603	13982	0.0311941	FALSE	ORF1ab:cds-YP_009725295.1	GTT	V	GTC	V	1071
NC_045512.2	3478	T	A	13968	8045	49	3	3	45	0.000214562	13982	0.312218	FALSE	ORF1ab:cds-YP_009724389.1	GTT	V	GTA	V	1071
NC_045512.2	3478	T	A	13968	8045	49	3	3	45	0.000214562	13982	0.312218	FALSE	ORF1ab:cds-YP_009725295.1	GTT	V	GTA	V	1071
NC_045512.2	3479	G	T	13472	7650	48	9	8	34	0.000667309	13487	0.856762	FALSE	ORF1ab:cds-YP_009724389.1	GCA	A	TCA	S	1072
NC_045512.2	3479	G	T	13472	7650	48	9	8	34	0.000667309	13487	0.856762	FALSE	ORF1ab:cds-YP_009725295.1	GCA	A	TCA	S	1072
NC_045512.2	3479	G	C	13472	7650	48	1	1	34	7.41455e-05	13487	0.999939	FALSE	ORF1ab:cds-YP_009724389.1	GCA	A	CCA	P	1072
NC_045512.2	3479	G	C	13472	7650	48	1	1	34	7.41455e-05	13487	0.999939	FALSE	ORF1ab:cds-YP_009725295.1	GCA	A	CCA	P	1072
NC_045512.2	3479	G	A	13472	7650	48	5	5	32	0.000370727	13487	0.984531	FALSE	ORF1ab:cds-YP_009724389.1	GCA	A	ACA	T	1072
NC_045512.2	3479	G	A	13472	7650	48	5	5	32	0.000370727	13487	0.984531	FALSE	ORF1ab:cds-YP_009725295.1	GCA	A	ACA	T	1072
NC_045512.2	3480	C	T	13862	8542	48	11	10	33	0.00079245	13881	0.729047	FALSE	ORF1ab:cds-YP_009724389.1	GCA	A	GTA	V	1072
NC_045512.2	3480	C	T	13862	8542	48	11	10	33	0.00079245	13881	0.729047	FALSE	ORF1ab:cds-YP_009725295.1	GCA	A	GTA	V	1072
NC_045512.2	3480	C	G	13862	8542	48	3	2	28	0.000216123	13881	1	FALSE	ORF1ab:cds-YP_009724389.1	GCA	A	GGA	G	1072
NC_045512.2	3480	C	G	13862	8542	48	3	2	28	0.000216123	13881	1	FALSE	ORF1ab:cds-YP_009725295.1	GCA	A	GGA	G	1072
NC_045512.2	3480	C	A	13862	8542	48	5	5	34	0.000360205	13881	0.984508	FALSE	ORF1ab:cds-YP_009724389.1	GCA	A	GAA	E	1072
NC_045512.2	3480	C	A	13862	8542	48	5	5	34	0.000360205	13881	0.984508	FALSE	ORF1ab:cds-YP_009725295.1	GCA	A	GAA	E	1072
NC_045512.2	3481	A	T	13813	8491	48	5	5	34	0.000361585	13828	0.984531	FALSE	ORF1ab:cds-YP_009724389.1	GCA	A	GCT	A	1072
NC_045512.2	3481	A	T	13813	8491	48	5	5	34	0.000361585	13828	0.984531	FALSE	ORF1ab:cds-YP_009725295.1	GCA	A	GCT	A	1072
NC_045512.2	3481	A	G	13813	8491	48	6	5	37	0.000433902	13828	0.968171	FALSE	ORF1ab:cds-YP_009724389.1	GCA	A	GCG	A	1072
NC_045512.2	3481	A	G	13813	8491	48	6	5	37	0.000433902	13828	0.968171	FALSE	ORF1ab:cds-YP_009725295.1	GCA	A	GCG	A	1072
NC_045512.2	3481	A	C	13813	8491	48	4	4	28	0.000289268	13828	1	FALSE	ORF1ab:cds-YP_009724389.1	GCA	A	GCC	A	1072
NC_045512.2	3481	A	C	13813	8491	48	4	4	28	0.000289268	13828	1	FALSE	ORF1ab:cds-YP_009725295.1	GCA	A	GCC	A	1072
NC_045512.2	3482	G	T	13475	8153	48	2	2	34	0.000148269	13489	0.999511	FALSE	ORF1ab:cds-YP_009724389.1	GGA	G	TGA	*	1073
NC_045512.2	3482	G	T	13475	8153	48	2	2	34	0.000148269	13489	0.999511	FALSE	ORF1ab:cds-YP_009725295.1	GGA	G	TGA	*	1073
NC_045512.2	3482	G	C	13475	8153	48	5	5	32	0.000370672	13489	0.984537	FALSE	ORF1ab:cds-YP_009724389.1	GGA	G	CGA	R	1073
NC_045512.2	3482	G	C	13475	8153	48	5	5	32	0.000370672	13489	0.984537	FALSE	ORF1ab:cds-YP_009725295.1	GGA	G	CGA	R	1073
NC_045512.2	3482	G	A	13475	8153	48	7	7	32	0.000518941	13489	0.942293	FALSE	ORF1ab:cds-YP_009724389.1	GGA	G	AGA	R	1073
NC_045512.2	3482	G	A	13475	8153	48	7	7	32	0.000518941	13489	0.942293	FALSE	ORF1ab:cds-YP_009725295.1	GGA	G	AGA	R	1073
NC_045512.2	3483	G	T	13091	7981	48	1	1	34	7.63242e-05	13102	0.999939	FALSE	ORF1ab:cds-YP_009724389.1	GGA	G	GTA	V	1073
NC_045512.2	3483	G	T	13091	7981	48	1	1	34	7.63242e-05	13102	0.999939	FALSE	ORF1ab:cds-YP_009725295.1	GGA	G	GTA	V	1073
NC_045512.2	3483	G	C	13091	7981	48	3	3	34	0.000228973	13102	0.997908	FALSE	ORF1ab:cds-YP_009724389.1	GGA	G	GCA	A	1073
NC_045512.2	3483	G	C	13091	7981	48	3	3	34	0.000228973	13102	0.997908	FALSE	ORF1ab:cds-YP_009725295.1	GGA	G	GCA	A	1073
NC_045512.2	3483	G	A	13091	7981	48	7	7	31	0.00053427	13102	0.942351	FALSE	ORF1ab:cds-YP_009724389.1	GGA	G	GAA	E	1073
NC_045512.2	3483	G	A	13091	7981	48	7	7	31	0.00053427	13102	0.942351	FALSE	ORF1ab:cds-YP_009725295.1	GGA	G	GAA	E	1073
NC_045512.2	3484	A	T	12966	8005	46	1	1	34	7.70772e-05	12974	0.999878	FALSE	ORF1ab:cds-YP_009724389.1	GGA	G	GGT	G	1073
NC_045512.2	3484	A	T	12966	8005	46	1	1	34	7.70772e-05	12974	0.999878	FALSE	ORF1ab:cds-YP_009725295.1	GGA	G	GGT	G	1073
NC_045512.2	3484	A	G	12966	8005	46	7	7	32	0.000539541	12974	0.916544	FALSE	ORF1ab:cds-YP_009724389.1	GGA	G	GGG	G	1073
NC_045512.2	3484	A	G	12966	8005	46	7	7	32	0.000539541	12974	0.916544	FALSE	ORF1ab:cds-YP_009725295.1	GGA	G	GGG	G	1073
NC_045512.2	3485	G	T	12776	7659	48	2	2	30	0.000156421	12786	0.999084	FALSE	ORF1ab:cds-YP_009724389.1	GCC	A	TCC	S	1074
NC_045512.2	3485	G	T	12776	7659	48	2	2	30	0.000156421	12786	0.999084	FALSE	ORF1ab:cds-YP_009725295.1	GCC	A	TCC	S	1074
NC_045512.2	3485	G	C	12776	7659	48	2	2	30	0.000156421	12786	0.999084	FALSE	ORF1ab:cds-YP_009724389.1	GCC	A	CCC	P	1074
NC_045512.2	3485	G	C	12776	7659	48	2	2	30	0.000156421	12786	0.999084	FALSE	ORF1ab:cds-YP_009725295.1	GCC	A	CCC	P	1074
NC_045512.2	3485	G	A	12776	7659	48	6	6	32	0.000469263	12786	0.951882	FALSE	ORF1ab:cds-YP_009724389.1	GCC	A	ACC	T	1074
NC_045512.2	3485	G	A	12776	7659	48	6	6	32	0.000469263	12786	0.951882	FALSE	ORF1ab:cds-YP_009725295.1	GCC	A	ACC	T	1074
NC_045512.2	3486	C	T	12969	7956	48	1	1	26	7.7006e-05	12986	1	FALSE	ORF1ab:cds-YP_009724389.1	GCC	A	GTC	V	1074
NC_045512.2	3486	C	T	12969	7956	48	1	1	26	7.7006e-05	12986	1	FALSE	ORF1ab:cds-YP_009725295.1	GCC	A	GTC	V	1074
NC_045512.2	3486	C	G	12969	7956	48	8	8	32	0.000616048	12986	0.868208	FALSE	ORF1ab:cds-YP_009724389.1	GCC	A	GGC	G	1074
NC_045512.2	3486	C	G	12969	7956	48	8	8	32	0.000616048	12986	0.868208	FALSE	ORF1ab:cds-YP_009725295.1	GCC	A	GGC	G	1074
NC_045512.2	3486	C	A	12969	7956	48	8	8	32	0.000616048	12986	0.868208	FALSE	ORF1ab:cds-YP_009724389.1	GCC	A	GAC	D	1074
NC_045512.2	3486	C	A	12969	7956	48	8	8	32	0.000616048	12986	0.868208	FALSE	ORF1ab:cds-YP_009725295.1	GCC	A	GAC	D	1074
NC_045512.2	3487	C	T	16174	9213	46	1	1	34	6.17589e-05	16192	0.999992	FALSE	ORF1ab:cds-YP_009724389.1	GCC	A	GCT	A	1074
NC_045512.2	3487	C	T	16174	9213	46	1	1	34	6.17589e-05	16192	0.999992	FALSE	ORF1ab:cds-YP_009725295.1	GCC	A	GCT	A	1074
NC_045512.2	3487	C	G	16174	9213	46	8	6	29	0.000494071	16192	1	FALSE	ORF1ab:cds-YP_009724389.1	GCC	A	GCG	A	1074
NC_045512.2	3487	C	G	16174	9213	46	8	6	29	0.000494071	16192	1	FALSE	ORF1ab:cds-YP_009725295.1	GCC	A	GCG	A	1074
NC_045512.2	3487	C	A	16174	9213	46	9	9	33	0.00055583	16192	0.946056	FALSE	ORF1ab:cds-YP_009724389.1	GCC	A	GCA	A	1074
NC_045512.2	3487	C	A	16174	9213	46	9	9	33	0.00055583	16192	0.946056	FALSE	ORF1ab:cds-YP_009725295.1	GCC	A	GCA	A	1074
NC_045512.2	3488	T	G	16073	9079	46	4	4	30	0.000248586	16091	0.998708	FALSE	ORF1ab:cds-YP_009724389.1	TTA	L	GTA	V	1075
NC_045512.2	3488	T	G	16073	9079	46	4	4	30	0.000248586	16091	0.998708	FALSE	ORF1ab:cds-YP_009725295.1	TTA	L	GTA	V	1075
NC_045512.2	3488	T	C	16073	9079	46	9	8	37	0.000559319	16091	0.946056	FALSE	ORF1ab:cds-YP_009724389.1	TTA	L	CTA	L	1075
NC_045512.2	3488	T	C	16073	9079	46	9	8	37	0.000559319	16091	0.946056	FALSE	ORF1ab:cds-YP_009725295.1	TTA	L	CTA	L	1075
NC_045512.2	3488	T	A	16073	9079	46	5	4	30	0.000310733	16091	0.996392	FALSE	ORF1ab:cds-YP_009724389.1	TTA	L	ATA	I	1075
NC_045512.2	3488	T	A	16073	9079	46	5	4	30	0.000310733	16091	0.996392	FALSE	ORF1ab:cds-YP_009725295.1	TTA	L	ATA	I	1075
NC_045512.2	3489	T	G	16166	9223	46	2	2	34	0.000123617	16179	0.999927	FALSE	ORF1ab:cds-YP_009724389.1	TTA	L	TGA	*	1075
NC_045512.2	3489	T	G	16166	9223	46	2	2	34	0.000123617	16179	0.999927	FALSE	ORF1ab:cds-YP_009725295.1	TTA	L	TGA	*	1075
NC_045512.2	3489	T	C	16166	9223	46	11	11	35	0.000679894	16179	0.876172	FALSE	ORF1ab:cds-YP_009724389.1	TTA	L	TCA	S	1075
NC_045512.2	3489	T	C	16166	9223	46	11	11	35	0.000679894	16179	0.876172	FALSE	ORF1ab:cds-YP_009725295.1	TTA	L	TCA	S	1075
NC_045512.2	3490	A	T	16456	9240	46	7	7	33	0.000424989	16471	0.982643	FALSE	ORF1ab:cds-YP_009724389.1	TTA	L	TTT	F	1075
NC_045512.2	3490	A	T	16456	9240	46	7	7	33	0.000424989	16471	0.982643	FALSE	ORF1ab:cds-YP_009725295.1	TTA	L	TTT	F	1075
NC_045512.2	3490	A	G	16456	9240	46	3	2	34	0.000182138	16471	0.999635	FALSE	ORF1ab:cds-YP_009724389.1	TTA	L	TTG	L	1075
NC_045512.2	3490	A	G	16456	9240	46	3	2	34	0.000182138	16471	0.999635	FALSE	ORF1ab:cds-YP_009725295.1	TTA	L	TTG	L	1075
NC_045512.2	3490	A	C	16456	9240	46	5	5	32	0.000303564	16471	0.996397	FALSE	ORF1ab:cds-YP_009724389.1	TTA	L	TTC	F	1075
NC_045512.2	3490	A	C	16456	9240	46	5	5	32	0.000303564	16471	0.996397	FALSE	ORF1ab:cds-YP_009725295.1	TTA	L	TTC	F	1075
NC_045512.2	3491	A	T	16350	9352	45	10	10	33	0.000611135	16363	0.915718	FALSE	ORF1ab:cds-YP_009724389.1	AAT	N	TAT	Y	1076
NC_045512.2	3491	A	T	16350	9352	45	10	10	33	0.000611135	16363	0.915718	FALSE	ORF1ab:cds-YP_009725295.1	AAT	N	TAT	Y	1076
NC_045512.2	3491	A	G	16350	9352	45	1	1	34	6.11135e-05	16363	0.999992	FALSE	ORF1ab:cds-YP_009724389.1	AAT	N	GAT	D	1076
NC_045512.2	3491	A	G	16350	9352	45	1	1	34	6.11135e-05	16363	0.999992	FALSE	ORF1ab:cds-YP_009725295.1	AAT	N	GAT	D	1076
NC_045512.2	3491	A	C	16350	9352	45	2	1	27	0.000122227	16363	1	FALSE	ORF1ab:cds-YP_009724389.1	AAT	N	CAT	H	1076
NC_045512.2	3491	A	C	16350	9352	45	2	1	27	0.000122227	16363	1	FALSE	ORF1ab:cds-YP_009725295.1	AAT	N	CAT	H	1076
NC_045512.2	3492	A	T	16336	9397	45	7	7	34	0.000428187	16348	0.982661	FALSE	ORF1ab:cds-YP_009724389.1	AAT	N	ATT	I	1076
NC_045512.2	3492	A	T	16336	9397	45	7	7	34	0.000428187	16348	0.982661	FALSE	ORF1ab:cds-YP_009725295.1	AAT	N	ATT	I	1076
NC_045512.2	3492	A	G	16336	9397	45	2	1	57	0.000122339	16348	0.249855	FALSE	ORF1ab:cds-YP_009724389.1	AAT	N	AGT	S	1076
NC_045512.2	3492	A	G	16336	9397	45	2	1	57	0.000122339	16348	0.249855	FALSE	ORF1ab:cds-YP_009725295.1	AAT	N	AGT	S	1076
NC_045512.2	3492	A	C	16336	9397	45	3	2	28	0.000183509	16348	1	FALSE	ORF1ab:cds-YP_009724389.1	AAT	N	ACT	T	1076
NC_045512.2	3492	A	C	16336	9397	45	3	2	28	0.000183509	16348	1	FALSE	ORF1ab:cds-YP_009725295.1	AAT	N	ACT	T	1076
NC_045512.2	3493	T	G	16473	9386	46	4	3	28	0.000242498	16495	1	FALSE	ORF1ab:cds-YP_009724389.1	AAT	N	AAG	K	1076
NC_045512.2	3493	T	G	16473	9386	46	4	3	28	0.000242498	16495	1	FALSE	ORF1ab:cds-YP_009725295.1	AAT	N	AAG	K	1076
NC_045512.2	3493	T	C	16473	9386	46	4	3	34	0.000242498	16495	0.998706	FALSE	ORF1ab:cds-YP_009724389.1	AAT	N	AAC	N	1076
NC_045512.2	3493	T	C	16473	9386	46	4	3	34	0.000242498	16495	0.998706	FALSE	ORF1ab:cds-YP_009725295.1	AAT	N	AAC	N	1076
NC_045512.2	3493	T	A	16473	9386	46	14	14	32	0.000848742	16495	0.707351	FALSE	ORF1ab:cds-YP_009724389.1	AAT	N	AAA	K	1076
NC_045512.2	3493	T	A	16473	9386	46	14	14	32	0.000848742	16495	0.707351	FALSE	ORF1ab:cds-YP_009725295.1	AAT	N	AAA	K	1076
NC_045512.2	3494	A	T	15622	8680	46	4	4	34	0.000255951	15628	0.997792	FALSE	ORF1ab:cds-YP_009724389.1	AAG	K	TAG	*	1077
NC_045512.2	3494	A	T	15622	8680	46	4	4	34	0.000255951	15628	0.997792	FALSE	ORF1ab:cds-YP_009725295.1	AAG	K	TAG	*	1077
NC_045512.2	3494	A	G	15622	8680	46	1	1	34	6.39877e-05	15628	0.999985	FALSE	ORF1ab:cds-YP_009724389.1	AAG	K	GAG	E	1077
NC_045512.2	3494	A	G	15622	8680	46	1	1	34	6.39877e-05	15628	0.999985	FALSE	ORF1ab:cds-YP_009725295.1	AAG	K	GAG	E	1077
NC_045512.2	3494	A	C	15622	8680	46	1	1	34	6.39877e-05	15628	0.999985	FALSE	ORF1ab:cds-YP_009724389.1	AAG	K	CAG	Q	1077
NC_045512.2	3494	A	C	15622	8680	46	1	1	34	6.39877e-05	15628	0.999985	FALSE	ORF1ab:cds-YP_009725295.1	AAG	K	CAG	Q	1077
NC_045512.2	3495	A	T	15628	8664	46	8	7	33	0.000511444	15642	0.953415	FALSE	ORF1ab:cds-YP_009724389.1	AAG	K	ATG	M	1077
NC_045512.2	3495	A	T	15628	8664	46	8	7	33	0.000511444	15642	0.953415	FALSE	ORF1ab:cds-YP_009725295.1	AAG	K	ATG	M	1077
NC_045512.2	3495	A	G	15628	8664	46	4	1	51	0.000255722	15642	0.0624161	FALSE	ORF1ab:cds-YP_009724389.1	AAG	K	AGG	R	1077
NC_045512.2	3495	A	G	15628	8664	46	4	1	51	0.000255722	15642	0.0624161	FALSE	ORF1ab:cds-YP_009725295.1	AAG	K	AGG	R	1077
NC_045512.2	3495	A	C	15628	8664	46	2	1	34	0.000127861	15642	0.999862	FALSE	ORF1ab:cds-YP_009724389.1	AAG	K	ACG	T	1077
NC_045512.2	3495	A	C	15628	8664	46	2	1	34	0.000127861	15642	0.999862	FALSE	ORF1ab:cds-YP_009725295.1	AAG	K	ACG	T	1077
NC_045512.2	3496	G	T	15618	8816	45	8	8	33	0.000511673	15635	0.95337	FALSE	ORF1ab:cds-YP_009724389.1	AAG	K	AAT	N	1077
NC_045512.2	3496	G	T	15618	8816	45	8	8	33	0.000511673	15635	0.95337	FALSE	ORF1ab:cds-YP_009725295.1	AAG	K	AAT	N	1077
NC_045512.2	3496	G	C	15618	8816	45	1	1	26	6.39591e-05	15635	1	FALSE	ORF1ab:cds-YP_009724389.1	AAG	K	AAC	N	1077
NC_045512.2	3496	G	C	15618	8816	45	1	1	26	6.39591e-05	15635	1	FALSE	ORF1ab:cds-YP_009725295.1	AAG	K	AAC	N	1077
NC_045512.2	3496	G	A	15618	8816	45	8	8	32	0.000511673	15635	0.95337	FALSE	ORF1ab:cds-YP_009724389.1	AAG	K	AAA	K	1077
NC_045512.2	3496	G	A	15618	8816	45	8	8	32	0.000511673	15635	0.95337	FALSE	ORF1ab:cds-YP_009725295.1	AAG	K	AAA	K	1077
NC_045512.2	3497	G	C	16068	9132	45	3	2	29	0.000186544	16082	1	FALSE	ORF1ab:cds-YP_009724389.1	GCT	A	CCT	P	1078
NC_045512.2	3497	G	C	16068	9132	45	3	2	29	0.000186544	16082	1	FALSE	ORF1ab:cds-YP_009725295.1	GCT	A	CCT	P	1078
NC_045512.2	3497	G	A	16068	9132	45	11	11	32	0.000683995	16082	0.876139	FALSE	ORF1ab:cds-YP_009724389.1	GCT	A	ACT	T	1078
NC_045512.2	3497	G	A	16068	9132	45	11	11	32	0.000683995	16082	0.876139	FALSE	ORF1ab:cds-YP_009725295.1	GCT	A	ACT	T	1078
NC_045512.2	3498	C	T	16094	9158	45	2	2	34	0.000124108	16115	0.999927	FALSE	ORF1ab:cds-YP_009724389.1	GCT	A	GTT	V	1078
NC_045512.2	3498	C	T	16094	9158	45	2	2	34	0.000124108	16115	0.999927	FALSE	ORF1ab:cds-YP_009725295.1	GCT	A	GTT	V	1078
NC_045512.2	3498	C	G	16094	9158	45	11	11	33	0.000682594	16115	0.875907	FALSE	ORF1ab:cds-YP_009724389.1	GCT	A	GGT	G	1078
NC_045512.2	3498	C	G	16094	9158	45	11	11	33	0.000682594	16115	0.875907	FALSE	ORF1ab:cds-YP_009725295.1	GCT	A	GGT	G	1078
NC_045512.2	3498	C	A	16094	9158	45	8	7	33	0.000496432	16115	0.967961	FALSE	ORF1ab:cds-YP_009724389.1	GCT	A	GAT	D	1078
NC_045512.2	3498	C	A	16094	9158	45	8	7	33	0.000496432	16115	0.967961	FALSE	ORF1ab:cds-YP_009725295.1	GCT	A	GAT	D	1078
NC_045512.2	3499	T	G	15745	8783	46	11	11	32	0.000697881	15762	0.83643	FALSE	ORF1ab:cds-YP_009724389.1	GCT	A	GCG	A	1078
NC_045512.2	3499	T	G	15745	8783	46	11	11	32	0.000697881	15762	0.83643	FALSE	ORF1ab:cds-YP_009725295.1	GCT	A	GCG	A	1078
NC_045512.2	3499	T	C	15745	8783	46	5	4	39	0.000317219	15762	0.994078	FALSE	ORF1ab:cds-YP_009724389.1	GCT	A	GCC	A	1078
NC_045512.2	3499	T	C	15745	8783	46	5	4	39	0.000317219	15762	0.994078	FALSE	ORF1ab:cds-YP_009725295.1	GCT	A	GCC	A	1078
NC_045512.2	3499	T	A	15745	8783	46	1	1	34	6.34437e-05	15762	0.999985	FALSE	ORF1ab:cds-YP_009724389.1	GCT	A	GCA	A	1078
NC_045512.2	3499	T	A	15745	8783	46	1	1	34	6.34437e-05	15762	0.999985	FALSE	ORF1ab:cds-YP_009725295.1	GCT	A	GCA	A	1078
NC_045512.2	3500	A	T	15855	8794	46	6	6	31	0.000377905	15877	0.986649	FALSE	ORF1ab:cds-YP_009724389.1	ACT	T	TCT	S	1079
NC_045512.2	3500	A	T	15855	8794	46	6	6	31	0.000377905	15877	0.986649	FALSE	ORF1ab:cds-YP_009725295.1	ACT	T	TCT	S	1079
NC_045512.2	3500	A	G	15855	8794	46	11	10	43	0.000692826	15877	0.00315913	TRUE	ORF1ab:cds-YP_009724389.1	ACT	T	GCT	A	1079
NC_045512.2	3500	A	G	15855	8794	46	11	10	43	0.000692826	15877	0.00315913	TRUE	ORF1ab:cds-YP_009725295.1	ACT	T	GCT	A	1079
NC_045512.2	3500	A	C	15855	8794	46	5	5	34	0.000314921	15877	0.994067	FALSE	ORF1ab:cds-YP_009724389.1	ACT	T	CCT	P	1079
NC_045512.2	3500	A	C	15855	8794	46	5	5	34	0.000314921	15877	0.994067	FALSE	ORF1ab:cds-YP_009725295.1	ACT	T	CCT	P	1079
NC_045512.2	3501	C	T	15967	8893	46	6	6	32	0.000375469	15980	0.986693	FALSE	ORF1ab:cds-YP_009724389.1	ACT	T	ATT	I	1079
NC_045512.2	3501	C	T	15967	8893	46	6	6	32	0.000375469	15980	0.986693	FALSE	ORF1ab:cds-YP_009725295.1	ACT	T	ATT	I	1079
NC_045512.2	3501	C	G	15967	8893	46	3	2	34	0.000187735	15980	0.999343	FALSE	ORF1ab:cds-YP_009724389.1	ACT	T	AGT	S	1079
NC_045512.2	3501	C	G	15967	8893	46	3	2	34	0.000187735	15980	0.999343	FALSE	ORF1ab:cds-YP_009725295.1	ACT	T	AGT	S	1079
NC_045512.2	3501	C	A	15967	8893	46	4	4	34	0.000250313	15980	0.997786	FALSE	ORF1ab:cds-YP_009724389.1	ACT	T	AAT	N	1079
NC_045512.2	3501	C	A	15967	8893	46	4	4	34	0.000250313	15980	0.997786	FALSE	ORF1ab:cds-YP_009725295.1	ACT	T	AAT	N	1079
NC_045512.2	3502	T	G	16158	8862	45	3	3	34	0.00018554	16169	0.999636	FALSE	ORF1ab:cds-YP_009724389.1	ACT	T	ACG	T	1079
NC_045512.2	3502	T	G	16158	8862	45	3	3	34	0.00018554	16169	0.999636	FALSE	ORF1ab:cds-YP_009725295.1	ACT	T	ACG	T	1079
NC_045512.2	3502	T	C	16158	8862	45	4	4	32	0.000247387	16169	0.998712	FALSE	ORF1ab:cds-YP_009724389.1	ACT	T	ACC	T	1079
NC_045512.2	3502	T	C	16158	8862	45	4	4	32	0.000247387	16169	0.998712	FALSE	ORF1ab:cds-YP_009725295.1	ACT	T	ACC	T	1079
NC_045512.2	3502	T	A	16158	8862	45	4	4	32	0.000247387	16169	0.998712	FALSE	ORF1ab:cds-YP_009724389.1	ACT	T	ACA	T	1079
NC_045512.2	3502	T	A	16158	8862	45	4	4	32	0.000247387	16169	0.998712	FALSE	ORF1ab:cds-YP_009725295.1	ACT	T	ACA	T	1079
NC_045512.2	3503	A	T	16294	8950	46	6	6	31	0.00036794	16307	0.991548	FALSE	ORF1ab:cds-YP_009724389.1	AAC	N	TAC	Y	1080
NC_045512.2	3503	A	T	16294	8950	46	6	6	31	0.00036794	16307	0.991548	FALSE	ORF1ab:cds-YP_009725295.1	AAC	N	TAC	Y	1080
NC_045512.2	3503	A	G	16294	8950	46	2	2	51	0.000122647	16307	0.249839	FALSE	ORF1ab:cds-YP_009724389.1	AAC	N	GAC	D	1080
NC_045512.2	3503	A	G	16294	8950	46	2	2	51	0.000122647	16307	0.249839	FALSE	ORF1ab:cds-YP_009725295.1	AAC	N	GAC	D	1080
NC_045512.2	3503	A	C	16294	8950	46	5	4	32	0.000306617	16307	0.9964	FALSE	ORF1ab:cds-YP_009724389.1	AAC	N	CAC	H	1080
NC_045512.2	3503	A	C	16294	8950	46	5	4	32	0.000306617	16307	0.9964	FALSE	ORF1ab:cds-YP_009725295.1	AAC	N	CAC	H	1080
NC_045512.2	3504	A	T	13738	7173	45	6	6	32	0.000436268	13753	0.968171	FALSE	ORF1ab:cds-YP_009724389.1	AAC	N	ATC	I	1080
NC_045512.2	3504	A	T	13738	7173	45	6	6	32	0.000436268	13753	0.968171	FALSE	ORF1ab:cds-YP_009725295.1	AAC	N	ATC	I	1080
NC_045512.2	3504	A	G	13738	7173	45	1	1	26	7.27114e-05	13753	1	FALSE	ORF1ab:cds-YP_009724389.1	AAC	N	AGC	S	1080
NC_045512.2	3504	A	G	13738	7173	45	1	1	26	7.27114e-05	13753	1	FALSE	ORF1ab:cds-YP_009725295.1	AAC	N	AGC	S	1080
NC_045512.2	3504	A	C	13738	7173	45	8	8	34	0.000581691	13753	0.905292	FALSE	ORF1ab:cds-YP_009724389.1	AAC	N	ACC	T	1080
NC_045512.2	3504	A	C	13738	7173	45	8	8	34	0.000581691	13753	0.905292	FALSE	ORF1ab:cds-YP_009725295.1	AAC	N	ACC	T	1080
NC_045512.2	3505	C	T	13921	7218	46	8	8	37	0.000573888	13940	0.905181	FALSE	ORF1ab:cds-YP_009724389.1	AAC	N	AAT	N	1080
NC_045512.2	3505	C	T	13921	7218	46	8	8	37	0.000573888	13940	0.905181	FALSE	ORF1ab:cds-YP_009725295.1	AAC	N	AAT	N	1080
NC_045512.2	3505	C	A	13921	7218	46	11	11	34	0.000789096	13940	0.729049	FALSE	ORF1ab:cds-YP_009724389.1	AAC	N	AAA	K	1080
NC_045512.2	3505	C	A	13921	7218	46	11	11	34	0.000789096	13940	0.729049	FALSE	ORF1ab:cds-YP_009725295.1	AAC	N	AAA	K	1080
NC_045512.2	3506	A	T	13902	7196	45	1	1	34	7.18959e-05	13909	0.999939	FALSE	ORF1ab:cds-YP_009724389.1	AAT	N	TAT	Y	1081
NC_045512.2	3506	A	T	13902	7196	45	1	1	34	7.18959e-05	13909	0.999939	FALSE	ORF1ab:cds-YP_009725295.1	AAT	N	TAT	Y	1081
NC_045512.2	3506	A	G	13902	7196	45	3	2	31	0.000215688	13909	0.997912	FALSE	ORF1ab:cds-YP_009724389.1	AAT	N	GAT	D	1081
NC_045512.2	3506	A	G	13902	7196	45	3	2	31	0.000215688	13909	0.997912	FALSE	ORF1ab:cds-YP_009725295.1	AAT	N	GAT	D	1081
NC_045512.2	3506	A	C	13902	7196	45	3	3	34	0.000215688	13909	0.997912	FALSE	ORF1ab:cds-YP_009724389.1	AAT	N	CAT	H	1081
NC_045512.2	3506	A	C	13902	7196	45	3	3	34	0.000215688	13909	0.997912	FALSE	ORF1ab:cds-YP_009725295.1	AAT	N	CAT	H	1081
NC_045512.2	3507	A	T	14014	7235	46	2	2	34	0.000142633	14022	0.999741	FALSE	ORF1ab:cds-YP_009724389.1	AAT	N	ATT	I	1081
NC_045512.2	3507	A	T	14014	7235	46	2	2	34	0.000142633	14022	0.999741	FALSE	ORF1ab:cds-YP_009725295.1	AAT	N	ATT	I	1081
NC_045512.2	3507	A	G	14014	7235	46	3	2	34	0.00021395	14022	0.998826	FALSE	ORF1ab:cds-YP_009724389.1	AAT	N	AGT	S	1081
NC_045512.2	3507	A	G	14014	7235	46	3	2	34	0.00021395	14022	0.998826	FALSE	ORF1ab:cds-YP_009725295.1	AAT	N	AGT	S	1081
NC_045512.2	3507	A	C	14014	7235	46	3	3	31	0.00021395	14022	0.998826	FALSE	ORF1ab:cds-YP_009724389.1	AAT	N	ACT	T	1081
NC_045512.2	3507	A	C	14014	7235	46	3	3	31	0.00021395	14022	0.998826	FALSE	ORF1ab:cds-YP_009725295.1	AAT	N	ACT	T	1081
NC_045512.2	3508	T	G	13957	7361	45	3	2	31	0.000214669	13975	0.997902	FALSE	ORF1ab:cds-YP_009724389.1	AAT	N	AAG	K	1081
NC_045512.2	3508	T	G	13957	7361	45	3	2	31	0.000214669	13975	0.997902	FALSE	ORF1ab:cds-YP_009725295.1	AAT	N	AAG	K	1081
NC_045512.2	3508	T	C	13957	7361	45	7	7	34	0.000500894	13975	0.94222	FALSE	ORF1ab:cds-YP_009724389.1	AAT	N	AAC	N	1081
NC_045512.2	3508	T	C	13957	7361	45	7	7	34	0.000500894	13975	0.94222	FALSE	ORF1ab:cds-YP_009725295.1	AAT	N	AAC	N	1081
NC_045512.2	3508	T	A	13957	7361	45	8	7	34	0.000572451	13975	0.90521	FALSE	ORF1ab:cds-YP_009724389.1	AAT	N	AAA	K	1081
NC_045512.2	3508	T	A	13957	7361	45	8	7	34	0.000572451	13975	0.90521	FALSE	ORF1ab:cds-YP_009725295.1	AAT	N	AAA	K	1081
NC_045512.2	3509	G	T	13916	7306	45	6	6	34	0.000430725	13930	0.968182	FALSE	ORF1ab:cds-YP_009724389.1	GCC	A	TCC	S	1082
NC_045512.2	3509	G	T	13916	7306	45	6	6	34	0.000430725	13930	0.968182	FALSE	ORF1ab:cds-YP_009725295.1	GCC	A	TCC	S	1082
NC_045512.2	3509	G	C	13916	7306	45	1	1	34	7.17875e-05	13930	0.999939	FALSE	ORF1ab:cds-YP_009724389.1	GCC	A	CCC	P	1082
NC_045512.2	3509	G	C	13916	7306	45	1	1	34	7.17875e-05	13930	0.999939	FALSE	ORF1ab:cds-YP_009725295.1	GCC	A	CCC	P	1082
NC_045512.2	3509	G	A	13916	7306	45	7	7	31	0.000502513	13930	0.942294	FALSE	ORF1ab:cds-YP_009724389.1	GCC	A	ACC	T	1082
NC_045512.2	3509	G	A	13916	7306	45	7	7	31	0.000502513	13930	0.942294	FALSE	ORF1ab:cds-YP_009725295.1	GCC	A	ACC	T	1082
NC_045512.2	3510	C	T	13953	7363	45	4	4	32	0.000286328	13970	0.993619	FALSE	ORF1ab:cds-YP_009724389.1	GCC	A	GTC	V	1082
NC_045512.2	3510	C	T	13953	7363	45	4	4	32	0.000286328	13970	0.993619	FALSE	ORF1ab:cds-YP_009725295.1	GCC	A	GTC	V	1082
NC_045512.2	3510	C	G	13953	7363	45	6	6	32	0.000429492	13970	0.968149	FALSE	ORF1ab:cds-YP_009724389.1	GCC	A	GGC	G	1082
NC_045512.2	3510	C	G	13953	7363	45	6	6	32	0.000429492	13970	0.968149	FALSE	ORF1ab:cds-YP_009725295.1	GCC	A	GGC	G	1082
NC_045512.2	3510	C	A	13953	7363	45	7	7	34	0.000501074	13970	0.942239	FALSE	ORF1ab:cds-YP_009724389.1	GCC	A	GAC	D	1082
NC_045512.2	3510	C	A	13953	7363	45	7	7	34	0.000501074	13970	0.942239	FALSE	ORF1ab:cds-YP_009725295.1	GCC	A	GAC	D	1082
NC_045512.2	3511	C	T	14063	7515	45	4	4	34	0.000284273	14071	0.996235	FALSE	ORF1ab:cds-YP_009724389.1	GCC	A	GCT	A	1082
NC_045512.2	3511	C	T	14063	7515	45	4	4	34	0.000284273	14071	0.996235	FALSE	ORF1ab:cds-YP_009725295.1	GCC	A	GCT	A	1082
NC_045512.2	3511	C	G	14063	7515	45	4	3	34	0.000284273	14071	0.996235	FALSE	ORF1ab:cds-YP_009724389.1	GCC	A	GCG	A	1082
NC_045512.2	3511	C	G	14063	7515	45	4	3	34	0.000284273	14071	0.996235	FALSE	ORF1ab:cds-YP_009725295.1	GCC	A	GCG	A	1082
NC_045512.2	3512	A	T	14128	7531	45	1	0	34	7.07064e-05	14143	0.999969	FALSE	ORF1ab:cds-YP_009724389.1	ATG	M	TTG	L	1083
NC_045512.2	3512	A	T	14128	7531	45	1	0	34	7.07064e-05	14143	0.999969	FALSE	ORF1ab:cds-YP_009725295.1	ATG	M	TTG	L	1083
NC_045512.2	3512	A	G	14128	7531	45	7	6	32	0.000494944	14143	0.960782	FALSE	ORF1ab:cds-YP_009724389.1	ATG	M	GTG	V	1083
NC_045512.2	3512	A	G	14128	7531	45	7	6	32	0.000494944	14143	0.960782	FALSE	ORF1ab:cds-YP_009725295.1	ATG	M	GTG	V	1083
NC_045512.2	3512	A	C	14128	7531	45	7	7	32	0.000494944	14143	0.960782	FALSE	ORF1ab:cds-YP_009724389.1	ATG	M	CTG	L	1083
NC_045512.2	3512	A	C	14128	7531	45	7	7	32	0.000494944	14143	0.960782	FALSE	ORF1ab:cds-YP_009725295.1	ATG	M	CTG	L	1083
NC_045512.2	3513	T	G	14201	7900	47	1	1	34	7.03284e-05	14219	0.999969	FALSE	ORF1ab:cds-YP_009724389.1	ATG	M	AGG	R	1083
NC_045512.2	3513	T	G	14201	7900	47	1	1	34	7.03284e-05	14219	0.999969	FALSE	ORF1ab:cds-YP_009725295.1	ATG	M	AGG	R	1083
NC_045512.2	3513	T	C	14201	7900	47	12	10	35	0.000843941	14219	0.721189	FALSE	ORF1ab:cds-YP_009724389.1	ATG	M	ACG	T	1083
NC_045512.2	3513	T	C	14201	7900	47	12	10	35	0.000843941	14219	0.721189	FALSE	ORF1ab:cds-YP_009725295.1	ATG	M	ACG	T	1083
NC_045512.2	3513	T	A	14201	7900	47	5	5	32	0.000351642	14219	0.990367	FALSE	ORF1ab:cds-YP_009724389.1	ATG	M	AAG	K	1083
NC_045512.2	3513	T	A	14201	7900	47	5	5	32	0.000351642	14219	0.990367	FALSE	ORF1ab:cds-YP_009725295.1	ATG	M	AAG	K	1083
NC_045512.2	3514	G	T	14118	7877	47	3	3	34	0.000212209	14137	0.99882	FALSE	ORF1ab:cds-YP_009724389.1	ATG	M	ATT	I	1083
NC_045512.2	3514	G	T	14118	7877	47	3	3	34	0.000212209	14137	0.99882	FALSE	ORF1ab:cds-YP_009725295.1	ATG	M	ATT	I	1083
NC_045512.2	3514	G	C	14118	7877	47	9	9	32	0.000636627	14137	0.894794	FALSE	ORF1ab:cds-YP_009724389.1	ATG	M	ATC	I	1083
NC_045512.2	3514	G	C	14118	7877	47	9	9	32	0.000636627	14137	0.894794	FALSE	ORF1ab:cds-YP_009725295.1	ATG	M	ATC	I	1083
NC_045512.2	3514	G	A	14118	7877	47	7	6	38	0.000495155	14137	0.960727	FALSE	ORF1ab:cds-YP_009724389.1	ATG	M	ATA	I	1083
NC_045512.2	3514	G	A	14118	7877	47	7	6	38	0.000495155	14137	0.960727	FALSE	ORF1ab:cds-YP_009725295.1	ATG	M	ATA	I	1083
NC_045512.2	3515	C	T	14154	7971	46	2	2	34	0.000141163	14168	0.99974	FALSE	ORF1ab:cds-YP_009724389.1	CAA	Q	TAA	*	1084
NC_045512.2	3515	C	T	14154	7971	46	2	2	34	0.000141163	14168	0.99974	FALSE	ORF1ab:cds-YP_009725295.1	CAA	Q	TAA	*	1084
NC_045512.2	3515	C	G	14154	7971	46	4	4	32	0.000282326	14168	0.996225	FALSE	ORF1ab:cds-YP_009724389.1	CAA	Q	GAA	E	1084
NC_045512.2	3515	C	G	14154	7971	46	4	4	32	0.000282326	14168	0.996225	FALSE	ORF1ab:cds-YP_009725295.1	CAA	Q	GAA	E	1084
NC_045512.2	3515	C	A	14154	7971	46	8	8	33	0.000564653	14168	0.933067	FALSE	ORF1ab:cds-YP_009724389.1	CAA	Q	AAA	K	1084
NC_045512.2	3515	C	A	14154	7971	46	8	8	33	0.000564653	14168	0.933067	FALSE	ORF1ab:cds-YP_009725295.1	CAA	Q	AAA	K	1084
NC_045512.2	3516	A	T	14181	7992	46	11	10	33	0.000774539	14202	0.787461	FALSE	ORF1ab:cds-YP_009724389.1	CAA	Q	CTA	L	1084
NC_045512.2	3516	A	T	14181	7992	46	11	10	33	0.000774539	14202	0.787461	FALSE	ORF1ab:cds-YP_009725295.1	CAA	Q	CTA	L	1084
NC_045512.2	3516	A	G	14181	7992	46	4	3	40	0.00028165	14202	0.187126	FALSE	ORF1ab:cds-YP_009724389.1	CAA	Q	CGA	R	1084
NC_045512.2	3516	A	G	14181	7992	46	4	3	40	0.00028165	14202	0.187126	FALSE	ORF1ab:cds-YP_009725295.1	CAA	Q	CGA	R	1084
NC_045512.2	3516	A	C	14181	7992	46	6	6	31	0.000422476	14202	0.979231	FALSE	ORF1ab:cds-YP_009724389.1	CAA	Q	CCA	P	1084
NC_045512.2	3516	A	C	14181	7992	46	6	6	31	0.000422476	14202	0.979231	FALSE	ORF1ab:cds-YP_009725295.1	CAA	Q	CCA	P	1084
NC_045512.2	3517	A	T	14527	8110	47	1	1	34	6.87427e-05	14547	0.999969	FALSE	ORF1ab:cds-YP_009724389.1	CAA	Q	CAT	H	1084
NC_045512.2	3517	A	T	14527	8110	47	1	1	34	6.87427e-05	14547	0.999969	FALSE	ORF1ab:cds-YP_009725295.1	CAA	Q	CAT	H	1084
NC_045512.2	3517	A	G	14527	8110	47	14	11	31	0.000962398	14547	0.574399	FALSE	ORF1ab:cds-YP_009724389.1	CAA	Q	CAG	Q	1084
NC_045512.2	3517	A	G	14527	8110	47	14	11	31	0.000962398	14547	0.574399	FALSE	ORF1ab:cds-YP_009725295.1	CAA	Q	CAG	Q	1084
NC_045512.2	3517	A	C	14527	8110	47	5	4	34	0.000343713	14547	0.99036	FALSE	ORF1ab:cds-YP_009724389.1	CAA	Q	CAC	H	1084
NC_045512.2	3517	A	C	14527	8110	47	5	4	34	0.000343713	14547	0.99036	FALSE	ORF1ab:cds-YP_009725295.1	CAA	Q	CAC	H	1084
NC_045512.2	3518	G	T	14587	8058	46	4	3	34	0.000273879	14605	0.996219	FALSE	ORF1ab:cds-YP_009724389.1	GTT	V	TTT	F	1085
NC_045512.2	3518	G	T	14587	8058	46	4	3	34	0.000273879	14605	0.996219	FALSE	ORF1ab:cds-YP_009725295.1	GTT	V	TTT	F	1085
NC_045512.2	3518	G	C	14587	8058	46	7	7	34	0.000479288	14605	0.960743	FALSE	ORF1ab:cds-YP_009724389.1	GTT	V	CTT	L	1085
NC_045512.2	3518	G	C	14587	8058	46	7	7	34	0.000479288	14605	0.960743	FALSE	ORF1ab:cds-YP_009725295.1	GTT	V	CTT	L	1085
NC_045512.2	3518	G	A	14587	8058	46	7	7	32	0.000479288	14605	0.960743	FALSE	ORF1ab:cds-YP_009724389.1	GTT	V	ATT	I	1085
NC_045512.2	3518	G	A	14587	8058	46	7	7	32	0.000479288	14605	0.960743	FALSE	ORF1ab:cds-YP_009725295.1	GTT	V	ATT	I	1085
NC_045512.2	3519	T	G	13906	7382	45	5	5	32	0.000359066	13925	0.984508	FALSE	ORF1ab:cds-YP_009724389.1	GTT	V	GGT	G	1085
NC_045512.2	3519	T	G	13906	7382	45	5	5	32	0.000359066	13925	0.984508	FALSE	ORF1ab:cds-YP_009725295.1	GTT	V	GGT	G	1085
NC_045512.2	3519	T	C	13906	7382	45	3	1	45	0.00021544	13925	0.312082	FALSE	ORF1ab:cds-YP_009724389.1	GTT	V	GCT	A	1085
NC_045512.2	3519	T	C	13906	7382	45	3	1	45	0.00021544	13925	0.312082	FALSE	ORF1ab:cds-YP_009725295.1	GTT	V	GCT	A	1085
NC_045512.2	3519	T	A	13906	7382	45	11	11	33	0.000789946	13925	0.729048	FALSE	ORF1ab:cds-YP_009724389.1	GTT	V	GAT	D	1085
NC_045512.2	3519	T	A	13906	7382	45	11	11	33	0.000789946	13925	0.729048	FALSE	ORF1ab:cds-YP_009725295.1	GTT	V	GAT	D	1085
NC_045512.2	3520	T	G	14620	8125	46	3	3	28	0.000204974	14636	1	FALSE	ORF1ab:cds-YP_009724389.1	GTT	V	GTG	V	1085
NC_045512.2	3520	T	G	14620	8125	46	3	3	28	0.000204974	14636	1	FALSE	ORF1ab:cds-YP_009725295.1	GTT	V	GTG	V	1085
NC_045512.2	3520	T	C	14620	8125	46	5	2	43	0.000341623	14636	0.109191	FALSE	ORF1ab:cds-YP_009724389.1	GTT	V	GTC	V	1085
NC_045512.2	3520	T	C	14620	8125	46	5	2	43	0.000341623	14636	0.109191	FALSE	ORF1ab:cds-YP_009725295.1	GTT	V	GTC	V	1085
NC_045512.2	3520	T	A	14620	8125	46	8	8	34	0.000546597	14636	0.933027	FALSE	ORF1ab:cds-YP_009724389.1	GTT	V	GTA	V	1085
NC_045512.2	3520	T	A	14620	8125	46	8	8	34	0.000546597	14636	0.933027	FALSE	ORF1ab:cds-YP_009725295.1	GTT	V	GTA	V	1085
NC_045512.2	3521	G	T	14703	8195	47	7	7	32	0.000475737	14714	0.960836	FALSE	ORF1ab:cds-YP_009724389.1	GAA	E	TAA	*	1086
NC_045512.2	3521	G	T	14703	8195	47	7	7	32	0.000475737	14714	0.960836	FALSE	ORF1ab:cds-YP_009725295.1	GAA	E	TAA	*	1086
NC_045512.2	3521	G	C	14703	8195	47	2	1	30	0.000135925	14714	0.99974	FALSE	ORF1ab:cds-YP_009724389.1	GAA	E	CAA	Q	1086
NC_045512.2	3521	G	C	14703	8195	47	2	1	30	0.000135925	14714	0.99974	FALSE	ORF1ab:cds-YP_009725295.1	GAA	E	CAA	Q	1086
NC_045512.2	3521	G	A	14703	8195	47	2	2	34	0.000135925	14714	0.99974	FALSE	ORF1ab:cds-YP_009724389.1	GAA	E	AAA	K	1086
NC_045512.2	3521	G	A	14703	8195	47	2	2	34	0.000135925	14714	0.99974	FALSE	ORF1ab:cds-YP_009725295.1	GAA	E	AAA	K	1086
NC_045512.2	3522	A	T	14771	8217	47	10	9	34	0.000676315	14786	0.846213	FALSE	ORF1ab:cds-YP_009724389.1	GAA	E	GTA	V	1086
NC_045512.2	3522	A	T	14771	8217	47	10	9	34	0.000676315	14786	0.846213	FALSE	ORF1ab:cds-YP_009725295.1	GAA	E	GTA	V	1086
NC_045512.2	3522	A	G	14771	8217	47	4	4	34	0.000270526	14786	0.996224	FALSE	ORF1ab:cds-YP_009724389.1	GAA	E	GGA	G	1086
NC_045512.2	3522	A	G	14771	8217	47	4	4	34	0.000270526	14786	0.996224	FALSE	ORF1ab:cds-YP_009725295.1	GAA	E	GGA	G	1086
NC_045512.2	3522	A	C	14771	8217	47	1	1	34	6.76315e-05	14786	0.999969	FALSE	ORF1ab:cds-YP_009724389.1	GAA	E	GCA	A	1086
NC_045512.2	3522	A	C	14771	8217	47	1	1	34	6.76315e-05	14786	0.999969	FALSE	ORF1ab:cds-YP_009725295.1	GAA	E	GCA	A	1086
NC_045512.2	3523	A	T	14745	8261	46	10	9	34	0.000677461	14761	0.846173	FALSE	ORF1ab:cds-YP_009724389.1	GAA	E	GAT	D	1086
NC_045512.2	3523	A	T	14745	8261	46	10	9	34	0.000677461	14761	0.846173	FALSE	ORF1ab:cds-YP_009725295.1	GAA	E	GAT	D	1086
NC_045512.2	3523	A	G	14745	8261	46	5	4	30	0.00033873	14761	0.990376	FALSE	ORF1ab:cds-YP_009724389.1	GAA	E	GAG	E	1086
NC_045512.2	3523	A	G	14745	8261	46	5	4	30	0.00033873	14761	0.990376	FALSE	ORF1ab:cds-YP_009725295.1	GAA	E	GAG	E	1086
NC_045512.2	3523	A	C	14745	8261	46	1	1	26	6.77461e-05	14761	1	FALSE	ORF1ab:cds-YP_009724389.1	GAA	E	GAC	D	1086
NC_045512.2	3523	A	C	14745	8261	46	1	1	26	6.77461e-05	14761	1	FALSE	ORF1ab:cds-YP_009725295.1	GAA	E	GAC	D	1086
NC_045512.2	3524	T	G	14783	8314	46	8	8	33	0.000540577	14799	0.933028	FALSE	ORF1ab:cds-YP_009724389.1	TCT	S	GCT	A	1087
NC_045512.2	3524	T	G	14783	8314	46	8	8	33	0.000540577	14799	0.933028	FALSE	ORF1ab:cds-YP_009725295.1	TCT	S	GCT	A	1087
NC_045512.2	3524	T	C	14783	8314	46	2	2	34	0.000135144	14799	0.99974	FALSE	ORF1ab:cds-YP_009724389.1	TCT	S	CCT	P	1087
NC_045512.2	3524	T	C	14783	8314	46	2	2	34	0.000135144	14799	0.99974	FALSE	ORF1ab:cds-YP_009725295.1	TCT	S	CCT	P	1087
NC_045512.2	3524	T	A	14783	8314	46	6	6	32	0.000405433	14799	0.979272	FALSE	ORF1ab:cds-YP_009724389.1	TCT	S	ACT	T	1087
NC_045512.2	3524	T	A	14783	8314	46	6	6	32	0.000405433	14799	0.979272	FALSE	ORF1ab:cds-YP_009725295.1	TCT	S	ACT	T	1087
NC_045512.2	3525	C	T	14732	8419	46	7	7	30	0.000474608	14749	0.960757	FALSE	ORF1ab:cds-YP_009724389.1	TCT	S	TTT	F	1087
NC_045512.2	3525	C	T	14732	8419	46	7	7	30	0.000474608	14749	0.960757	FALSE	ORF1ab:cds-YP_009725295.1	TCT	S	TTT	F	1087
NC_045512.2	3525	C	A	14732	8419	46	10	10	32	0.000678012	14749	0.846133	FALSE	ORF1ab:cds-YP_009724389.1	TCT	S	TAT	Y	1087
NC_045512.2	3525	C	A	14732	8419	46	10	10	32	0.000678012	14749	0.846133	FALSE	ORF1ab:cds-YP_009725295.1	TCT	S	TAT	Y	1087
NC_045512.2	3526	T	G	14684	8362	46	3	2	34	0.000204054	14702	0.998821	FALSE	ORF1ab:cds-YP_009724389.1	TCT	S	TCG	S	1087
NC_045512.2	3526	T	G	14684	8362	46	3	2	34	0.000204054	14702	0.998821	FALSE	ORF1ab:cds-YP_009725295.1	TCT	S	TCG	S	1087
NC_045512.2	3526	T	C	14684	8362	46	7	7	34	0.000476126	14702	0.960744	FALSE	ORF1ab:cds-YP_009724389.1	TCT	S	TCC	S	1087
NC_045512.2	3526	T	C	14684	8362	46	7	7	34	0.000476126	14702	0.960744	FALSE	ORF1ab:cds-YP_009725295.1	TCT	S	TCC	S	1087
NC_045512.2	3526	T	A	14684	8362	46	8	8	32	0.000544144	14702	0.932986	FALSE	ORF1ab:cds-YP_009724389.1	TCT	S	TCA	S	1087
NC_045512.2	3526	T	A	14684	8362	46	8	8	32	0.000544144	14702	0.932986	FALSE	ORF1ab:cds-YP_009725295.1	TCT	S	TCA	S	1087
NC_045512.2	3527	G	T	14922	8467	46	12	12	33	0.000803213	14940	0.721199	FALSE	ORF1ab:cds-YP_009724389.1	GAT	D	TAT	Y	1088
NC_045512.2	3527	G	T	14922	8467	46	12	12	33	0.000803213	14940	0.721199	FALSE	ORF1ab:cds-YP_009725295.1	GAT	D	TAT	Y	1088
NC_045512.2	3527	G	C	14922	8467	46	4	4	30	0.000267738	14940	0.996219	FALSE	ORF1ab:cds-YP_009724389.1	GAT	D	CAT	H	1088
NC_045512.2	3527	G	C	14922	8467	46	4	4	30	0.000267738	14940	0.996219	FALSE	ORF1ab:cds-YP_009725295.1	GAT	D	CAT	H	1088
NC_045512.2	3527	G	A	14922	8467	46	2	2	30	0.000133869	14940	0.99974	FALSE	ORF1ab:cds-YP_009724389.1	GAT	D	AAT	N	1088
NC_045512.2	3527	G	A	14922	8467	46	2	2	30	0.000133869	14940	0.99974	FALSE	ORF1ab:cds-YP_009725295.1	GAT	D	AAT	N	1088
NC_045512.2	3528	A	T	14940	8468	46	4	4	34	0.000267469	14955	0.996224	FALSE	ORF1ab:cds-YP_009724389.1	GAT	D	GTT	V	1088
NC_045512.2	3528	A	T	14940	8468	46	4	4	34	0.000267469	14955	0.996224	FALSE	ORF1ab:cds-YP_009725295.1	GAT	D	GTT	V	1088
NC_045512.2	3528	A	G	14940	8468	46	6	6	34	0.000401204	14955	0.979279	FALSE	ORF1ab:cds-YP_009724389.1	GAT	D	GGT	G	1088
NC_045512.2	3528	A	G	14940	8468	46	6	6	34	0.000401204	14955	0.979279	FALSE	ORF1ab:cds-YP_009725295.1	GAT	D	GGT	G	1088
NC_045512.2	3528	A	C	14940	8468	46	5	5	34	0.000334336	14955	0.99038	FALSE	ORF1ab:cds-YP_009724389.1	GAT	D	GCT	A	1088
NC_045512.2	3528	A	C	14940	8468	46	5	5	34	0.000334336	14955	0.99038	FALSE	ORF1ab:cds-YP_009725295.1	GAT	D	GCT	A	1088
NC_045512.2	3529	T	G	15063	8461	46	3	3	34	0.000198965	15078	0.999342	FALSE	ORF1ab:cds-YP_009724389.1	GAT	D	GAG	E	1088
NC_045512.2	3529	T	G	15063	8461	46	3	3	34	0.000198965	15078	0.999342	FALSE	ORF1ab:cds-YP_009725295.1	GAT	D	GAG	E	1088
NC_045512.2	3529	T	C	15063	8461	46	4	3	42	0.000265287	15078	0.187272	FALSE	ORF1ab:cds-YP_009724389.1	GAT	D	GAC	D	1088
NC_045512.2	3529	T	C	15063	8461	46	4	3	42	0.000265287	15078	0.187272	FALSE	ORF1ab:cds-YP_009725295.1	GAT	D	GAC	D	1088
NC_045512.2	3529	T	A	15063	8461	46	8	8	33	0.000530574	15078	0.953399	FALSE	ORF1ab:cds-YP_009724389.1	GAT	D	GAA	E	1088
NC_045512.2	3529	T	A	15063	8461	46	8	8	33	0.000530574	15078	0.953399	FALSE	ORF1ab:cds-YP_009725295.1	GAT	D	GAA	E	1088
NC_045512.2	3530	G	T	15123	8518	46	6	6	32	0.000396406	15136	0.986693	FALSE	ORF1ab:cds-YP_009724389.1	GAT	D	TAT	Y	1089
NC_045512.2	3530	G	T	15123	8518	46	6	6	32	0.000396406	15136	0.986693	FALSE	ORF1ab:cds-YP_009725295.1	GAT	D	TAT	Y	1089
NC_045512.2	3530	G	C	15123	8518	46	2	2	34	0.000132135	15136	0.999862	FALSE	ORF1ab:cds-YP_009724389.1	GAT	D	CAT	H	1089
NC_045512.2	3530	G	C	15123	8518	46	2	2	34	0.000132135	15136	0.999862	FALSE	ORF1ab:cds-YP_009725295.1	GAT	D	CAT	H	1089
NC_045512.2	3530	G	A	15123	8518	46	5	5	30	0.000330338	15136	0.994087	FALSE	ORF1ab:cds-YP_009724389.1	GAT	D	AAT	N	1089
NC_045512.2	3530	G	A	15123	8518	46	5	5	30	0.000330338	15136	0.994087	FALSE	ORF1ab:cds-YP_009725295.1	GAT	D	AAT	N	1089
NC_045512.2	3531	A	T	15180	8531	46	4	4	32	0.000263262	15194	0.997785	FALSE	ORF1ab:cds-YP_009724389.1	GAT	D	GTT	V	1089
NC_045512.2	3531	A	T	15180	8531	46	4	4	32	0.000263262	15194	0.997785	FALSE	ORF1ab:cds-YP_009725295.1	GAT	D	GTT	V	1089
NC_045512.2	3531	A	G	15180	8531	46	6	6	34	0.000394893	15194	0.986688	FALSE	ORF1ab:cds-YP_009724389.1	GAT	D	GGT	G	1089
NC_045512.2	3531	A	G	15180	8531	46	6	6	34	0.000394893	15194	0.986688	FALSE	ORF1ab:cds-YP_009725295.1	GAT	D	GGT	G	1089
NC_045512.2	3531	A	C	15180	8531	46	4	3	28	0.000263262	15194	1	FALSE	ORF1ab:cds-YP_009724389.1	GAT	D	GCT	A	1089
NC_045512.2	3531	A	C	15180	8531	46	4	3	28	0.000263262	15194	1	FALSE	ORF1ab:cds-YP_009725295.1	GAT	D	GCT	A	1089
NC_045512.2	3532	T	G	15458	8531	46	5	5	32	0.000323206	15470	0.99409	FALSE	ORF1ab:cds-YP_009724389.1	GAT	D	GAG	E	1089
NC_045512.2	3532	T	G	15458	8531	46	5	5	32	0.000323206	15470	0.99409	FALSE	ORF1ab:cds-YP_009725295.1	GAT	D	GAG	E	1089
NC_045512.2	3532	T	A	15458	8531	46	7	7	34	0.000452489	15470	0.973765	FALSE	ORF1ab:cds-YP_009724389.1	GAT	D	GAA	E	1089
NC_045512.2	3532	T	A	15458	8531	46	7	7	34	0.000452489	15470	0.973765	FALSE	ORF1ab:cds-YP_009725295.1	GAT	D	GAA	E	1089
NC_045512.2	3533	T	G	15534	8716	46	8	7	32	0.000514503	15549	0.9534	FALSE	ORF1ab:cds-YP_009724389.1	TAC	Y	GAC	D	1090
NC_045512.2	3533	T	G	15534	8716	46	8	7	32	0.000514503	15549	0.9534	FALSE	ORF1ab:cds-YP_009725295.1	TAC	Y	GAC	D	1090
NC_045512.2	3533	T	C	15534	8716	46	5	3	34	0.000321564	15549	0.994083	FALSE	ORF1ab:cds-YP_009724389.1	TAC	Y	CAC	H	1090
NC_045512.2	3533	T	C	15534	8716	46	5	3	34	0.000321564	15549	0.994083	FALSE	ORF1ab:cds-YP_009725295.1	TAC	Y	CAC	H	1090
NC_045512.2	3533	T	A	15534	8716	46	2	2	34	0.000128626	15549	0.999862	FALSE	ORF1ab:cds-YP_009724389.1	TAC	Y	AAC	N	1090
NC_045512.2	3533	T	A	15534	8716	46	2	2	34	0.000128626	15549	0.999862	FALSE	ORF1ab:cds-YP_009725295.1	TAC	Y	AAC	N	1090
NC_045512.2	3534	A	T	15437	8601	45	9	9	33	0.000582562	15449	0.924239	FALSE	ORF1ab:cds-YP_009724389.1	TAC	Y	TTC	F	1090
NC_045512.2	3534	A	T	15437	8601	45	9	9	33	0.000582562	15449	0.924239	FALSE	ORF1ab:cds-YP_009725295.1	TAC	Y	TTC	F	1090
NC_045512.2	3534	A	G	15437	8601	45	3	2	45	0.000194187	15449	0.312294	FALSE	ORF1ab:cds-YP_009724389.1	TAC	Y	TGC	C	1090
NC_045512.2	3534	A	G	15437	8601	45	3	2	45	0.000194187	15449	0.312294	FALSE	ORF1ab:cds-YP_009725295.1	TAC	Y	TGC	C	1090
NC_045512.2	3535	C	T	15521	8646	46	9	9	31	0.000579188	15539	0.924104	FALSE	ORF1ab:cds-YP_009724389.1	TAC	Y	TAT	Y	1090
NC_045512.2	3535	C	T	15521	8646	46	9	9	31	0.000579188	15539	0.924104	FALSE	ORF1ab:cds-YP_009725295.1	TAC	Y	TAT	Y	1090
NC_045512.2	3535	C	G	15521	8646	46	5	5	32	0.000321771	15539	0.994076	FALSE	ORF1ab:cds-YP_009724389.1	TAC	Y	TAG	*	1090
NC_045512.2	3535	C	G	15521	8646	46	5	5	32	0.000321771	15539	0.994076	FALSE	ORF1ab:cds-YP_009725295.1	TAC	Y	TAG	*	1090
NC_045512.2	3535	C	A	15521	8646	46	4	4	34	0.000257417	15539	0.997781	FALSE	ORF1ab:cds-YP_009724389.1	TAC	Y	TAA	*	1090
NC_045512.2	3535	C	A	15521	8646	46	4	4	34	0.000257417	15539	0.997781	FALSE	ORF1ab:cds-YP_009725295.1	TAC	Y	TAA	*	1090
NC_045512.2	3536	A	T	15564	8680	46	8	8	33	0.00051338	15583	0.95334	FALSE	ORF1ab:cds-YP_009724389.1	ATA	I	TTA	L	1091
NC_045512.2	3536	A	T	15564	8680	46	8	8	33	0.00051338	15583	0.95334	FALSE	ORF1ab:cds-YP_009725295.1	ATA	I	TTA	L	1091
NC_045512.2	3536	A	G	15564	8680	46	3	3	31	0.000192517	15583	0.999341	FALSE	ORF1ab:cds-YP_009724389.1	ATA	I	GTA	V	1091
NC_045512.2	3536	A	G	15564	8680	46	3	3	31	0.000192517	15583	0.999341	FALSE	ORF1ab:cds-YP_009725295.1	ATA	I	GTA	V	1091
NC_045512.2	3536	A	C	15564	8680	46	8	8	32	0.00051338	15583	0.95334	FALSE	ORF1ab:cds-YP_009724389.1	ATA	I	CTA	L	1091
NC_045512.2	3536	A	C	15564	8680	46	8	8	32	0.00051338	15583	0.95334	FALSE	ORF1ab:cds-YP_009725295.1	ATA	I	CTA	L	1091
NC_045512.2	3537	T	G	15603	8697	46	3	3	34	0.000191988	15626	0.99934	FALSE	ORF1ab:cds-YP_009724389.1	ATA	I	AGA	R	1091
NC_045512.2	3537	T	G	15603	8697	46	3	3	34	0.000191988	15626	0.99934	FALSE	ORF1ab:cds-YP_009725295.1	ATA	I	AGA	R	1091
NC_045512.2	3537	T	C	15603	8697	46	5	5	32	0.00031998	15626	0.994064	FALSE	ORF1ab:cds-YP_009724389.1	ATA	I	ACA	T	1091
NC_045512.2	3537	T	C	15603	8697	46	5	5	32	0.00031998	15626	0.994064	FALSE	ORF1ab:cds-YP_009725295.1	ATA	I	ACA	T	1091
NC_045512.2	3537	T	A	15603	8697	46	15	15	32	0.000959939	15626	0.571781	FALSE	ORF1ab:cds-YP_009724389.1	ATA	I	AAA	K	1091
NC_045512.2	3537	T	A	15603	8697	46	15	15	32	0.000959939	15626	0.571781	FALSE	ORF1ab:cds-YP_009725295.1	ATA	I	AAA	K	1091
NC_045512.2	3538	A	T	15382	8511	46	7	7	32	0.000454604	15398	0.973728	FALSE	ORF1ab:cds-YP_009724389.1	ATA	I	ATT	I	1091
NC_045512.2	3538	A	T	15382	8511	46	7	7	32	0.000454604	15398	0.973728	FALSE	ORF1ab:cds-YP_009725295.1	ATA	I	ATT	I	1091
NC_045512.2	3538	A	G	15382	8511	46	2	1	34	0.000129887	15398	0.999862	FALSE	ORF1ab:cds-YP_009724389.1	ATA	I	ATG	M	1091
NC_045512.2	3538	A	G	15382	8511	46	2	1	34	0.000129887	15398	0.999862	FALSE	ORF1ab:cds-YP_009725295.1	ATA	I	ATG	M	1091
NC_045512.2	3538	A	C	15382	8511	46	7	7	31	0.000454604	15398	0.973728	FALSE	ORF1ab:cds-YP_009724389.1	ATA	I	ATC	I	1091
NC_045512.2	3538	A	C	15382	8511	46	7	7	31	0.000454604	15398	0.973728	FALSE	ORF1ab:cds-YP_009725295.1	ATA	I	ATC	I	1091
NC_045512.2	3539	G	T	15857	8549	46	4	4	30	0.000251953	15876	0.99778	FALSE	ORF1ab:cds-YP_009724389.1	GCT	A	TCT	S	1092
NC_045512.2	3539	G	T	15857	8549	46	4	4	30	0.000251953	15876	0.99778	FALSE	ORF1ab:cds-YP_009725295.1	GCT	A	TCT	S	1092
NC_045512.2	3539	G	C	15857	8549	46	1	1	34	6.29882e-05	15876	0.999985	FALSE	ORF1ab:cds-YP_009724389.1	GCT	A	CCT	P	1092
NC_045512.2	3539	G	C	15857	8549	46	1	1	34	6.29882e-05	15876	0.999985	FALSE	ORF1ab:cds-YP_009725295.1	GCT	A	CCT	P	1092
NC_045512.2	3539	G	A	15857	8549	46	14	13	32	0.000881834	15876	0.644273	FALSE	ORF1ab:cds-YP_009724389.1	GCT	A	ACT	T	1092
NC_045512.2	3539	G	A	15857	8549	46	14	13	32	0.000881834	15876	0.644273	FALSE	ORF1ab:cds-YP_009725295.1	GCT	A	ACT	T	1092
NC_045512.2	3540	C	T	15779	8608	45	8	8	34	0.000506361	15799	0.953326	FALSE	ORF1ab:cds-YP_009724389.1	GCT	A	GTT	V	1092
NC_045512.2	3540	C	T	15779	8608	45	8	8	34	0.000506361	15799	0.953326	FALSE	ORF1ab:cds-YP_009725295.1	GCT	A	GTT	V	1092
NC_045512.2	3540	C	G	15779	8608	45	5	5	32	0.000316476	15799	0.994071	FALSE	ORF1ab:cds-YP_009724389.1	GCT	A	GGT	G	1092
NC_045512.2	3540	C	G	15779	8608	45	5	5	32	0.000316476	15799	0.994071	FALSE	ORF1ab:cds-YP_009725295.1	GCT	A	GGT	G	1092
NC_045512.2	3540	C	A	15779	8608	45	7	5	32	0.000443066	15799	0.973693	FALSE	ORF1ab:cds-YP_009724389.1	GCT	A	GAT	D	1092
NC_045512.2	3540	C	A	15779	8608	45	7	5	32	0.000443066	15799	0.973693	FALSE	ORF1ab:cds-YP_009725295.1	GCT	A	GAT	D	1092
NC_045512.2	3541	T	G	15527	8293	46	1	1	34	6.43294e-05	15545	0.999985	FALSE	ORF1ab:cds-YP_009724389.1	GCT	A	GCG	A	1092
NC_045512.2	3541	T	G	15527	8293	46	1	1	34	6.43294e-05	15545	0.999985	FALSE	ORF1ab:cds-YP_009725295.1	GCT	A	GCG	A	1092
NC_045512.2	3541	T	C	15527	8293	46	5	5	30	0.000321647	15545	0.994076	FALSE	ORF1ab:cds-YP_009724389.1	GCT	A	GCC	A	1092
NC_045512.2	3541	T	C	15527	8293	46	5	5	30	0.000321647	15545	0.994076	FALSE	ORF1ab:cds-YP_009725295.1	GCT	A	GCC	A	1092
NC_045512.2	3541	T	A	15527	8293	46	12	12	33	0.000771952	15545	0.778816	FALSE	ORF1ab:cds-YP_009724389.1	GCT	A	GCA	A	1092
NC_045512.2	3541	T	A	15527	8293	46	12	12	33	0.000771952	15545	0.778816	FALSE	ORF1ab:cds-YP_009725295.1	GCT	A	GCA	A	1092
NC_045512.2	3542	A	T	15576	8293	46	6	6	34	0.000384689	15597	0.986653	FALSE	ORF1ab:cds-YP_009724389.1	ACT	T	TCT	S	1093
NC_045512.2	3542	A	T	15576	8293	46	6	6	34	0.000384689	15597	0.986653	FALSE	ORF1ab:cds-YP_009725295.1	ACT	T	TCT	S	1093
NC_045512.2	3542	A	G	15576	8293	46	13	13	32	0.000833494	15597	0.713886	FALSE	ORF1ab:cds-YP_009724389.1	ACT	T	GCT	A	1093
NC_045512.2	3542	A	G	15576	8293	46	13	13	32	0.000833494	15597	0.713886	FALSE	ORF1ab:cds-YP_009725295.1	ACT	T	GCT	A	1093
NC_045512.2	3542	A	C	15576	8293	46	2	2	30	0.00012823	15597	0.999862	FALSE	ORF1ab:cds-YP_009724389.1	ACT	T	CCT	P	1093
NC_045512.2	3542	A	C	15576	8293	46	2	2	30	0.00012823	15597	0.999862	FALSE	ORF1ab:cds-YP_009725295.1	ACT	T	CCT	P	1093
NC_045512.2	3543	C	T	15958	8360	46	3	3	34	0.00018784	15971	0.999343	FALSE	ORF1ab:cds-YP_009724389.1	ACT	T	ATT	I	1093
NC_045512.2	3543	C	T	15958	8360	46	3	3	34	0.00018784	15971	0.999343	FALSE	ORF1ab:cds-YP_009725295.1	ACT	T	ATT	I	1093
NC_045512.2	3543	C	G	15958	8360	46	4	2	28	0.000250454	15971	1	FALSE	ORF1ab:cds-YP_009724389.1	ACT	T	AGT	S	1093
NC_045512.2	3543	C	G	15958	8360	46	4	2	28	0.000250454	15971	1	FALSE	ORF1ab:cds-YP_009725295.1	ACT	T	AGT	S	1093
NC_045512.2	3543	C	A	15958	8360	46	6	6	31	0.000375681	15971	0.986693	FALSE	ORF1ab:cds-YP_009724389.1	ACT	T	AAT	N	1093
NC_045512.2	3543	C	A	15958	8360	46	6	6	31	0.000375681	15971	0.986693	FALSE	ORF1ab:cds-YP_009725295.1	ACT	T	AAT	N	1093
NC_045512.2	3544	T	G	15642	8041	45	1	0	34	6.38733e-05	15656	0.999985	FALSE	ORF1ab:cds-YP_009724389.1	ACT	T	ACG	T	1093
NC_045512.2	3544	T	G	15642	8041	45	1	0	34	6.38733e-05	15656	0.999985	FALSE	ORF1ab:cds-YP_009725295.1	ACT	T	ACG	T	1093
NC_045512.2	3544	T	C	15642	8041	45	10	8	36	0.000638733	15656	0.885239	FALSE	ORF1ab:cds-YP_009724389.1	ACT	T	ACC	T	1093
NC_045512.2	3544	T	C	15642	8041	45	10	8	36	0.000638733	15656	0.885239	FALSE	ORF1ab:cds-YP_009725295.1	ACT	T	ACC	T	1093
NC_045512.2	3544	T	A	15642	8041	45	3	3	31	0.00019162	15656	0.999343	FALSE	ORF1ab:cds-YP_009724389.1	ACT	T	ACA	T	1093
NC_045512.2	3544	T	A	15642	8041	45	3	3	31	0.00019162	15656	0.999343	FALSE	ORF1ab:cds-YP_009725295.1	ACT	T	ACA	T	1093
NC_045512.2	3545	A	T	15931	8318	46	4	4	32	0.00025091	15942	0.997787	FALSE	ORF1ab:cds-YP_009724389.1	AAT	N	TAT	Y	1094
NC_045512.2	3545	A	T	15931	8318	46	4	4	32	0.00025091	15942	0.997787	FALSE	ORF1ab:cds-YP_009725295.1	AAT	N	TAT	Y	1094
NC_045512.2	3545	A	G	15931	8318	46	4	3	31	0.00025091	15942	0.997787	FALSE	ORF1ab:cds-YP_009724389.1	AAT	N	GAT	D	1094
NC_045512.2	3545	A	G	15931	8318	46	4	3	31	0.00025091	15942	0.997787	FALSE	ORF1ab:cds-YP_009725295.1	AAT	N	GAT	D	1094
NC_045512.2	3545	A	C	15931	8318	46	3	3	34	0.000188182	15942	0.999344	FALSE	ORF1ab:cds-YP_009724389.1	AAT	N	CAT	H	1094
NC_045512.2	3545	A	C	15931	8318	46	3	3	34	0.000188182	15942	0.999344	FALSE	ORF1ab:cds-YP_009725295.1	AAT	N	CAT	H	1094
NC_045512.2	3546	A	T	15824	8323	45	2	2	30	0.000126263	15840	0.999862	FALSE	ORF1ab:cds-YP_009724389.1	AAT	N	ATT	I	1094
NC_045512.2	3546	A	T	15824	8323	45	2	2	30	0.000126263	15840	0.999862	FALSE	ORF1ab:cds-YP_009725295.1	AAT	N	ATT	I	1094
NC_045512.2	3546	A	G	15824	8323	45	2	1	34	0.000126263	15840	0.999862	FALSE	ORF1ab:cds-YP_009724389.1	AAT	N	AGT	S	1094
NC_045512.2	3546	A	G	15824	8323	45	2	1	34	0.000126263	15840	0.999862	FALSE	ORF1ab:cds-YP_009725295.1	AAT	N	AGT	S	1094
NC_045512.2	3546	A	C	15824	8323	45	12	11	34	0.000757576	15840	0.778917	FALSE	ORF1ab:cds-YP_009724389.1	AAT	N	ACT	T	1094
NC_045512.2	3546	A	C	15824	8323	45	12	11	34	0.000757576	15840	0.778917	FALSE	ORF1ab:cds-YP_009725295.1	AAT	N	ACT	T	1094
NC_045512.2	3547	T	G	15824	8288	45	2	1	34	0.000126302	15835	0.999863	FALSE	ORF1ab:cds-YP_009724389.1	AAT	N	AAG	K	1094
NC_045512.2	3547	T	G	15824	8288	45	2	1	34	0.000126302	15835	0.999863	FALSE	ORF1ab:cds-YP_009725295.1	AAT	N	AAG	K	1094
NC_045512.2	3547	T	C	15824	8288	45	2	2	30	0.000126302	15835	0.999863	FALSE	ORF1ab:cds-YP_009724389.1	AAT	N	AAC	N	1094
NC_045512.2	3547	T	C	15824	8288	45	2	2	30	0.000126302	15835	0.999863	FALSE	ORF1ab:cds-YP_009725295.1	AAT	N	AAC	N	1094
NC_045512.2	3547	T	A	15824	8288	45	7	7	34	0.000442059	15835	0.973774	FALSE	ORF1ab:cds-YP_009724389.1	AAT	N	AAA	K	1094
NC_045512.2	3547	T	A	15824	8288	45	7	7	34	0.000442059	15835	0.973774	FALSE	ORF1ab:cds-YP_009725295.1	AAT	N	AAA	K	1094
NC_045512.2	3548	G	T	14948	7612	44	6	6	32	0.000400909	14966	0.979257	FALSE	ORF1ab:cds-YP_009724389.1	GGA	G	TGA	*	1095
NC_045512.2	3548	G	T	14948	7612	44	6	6	32	0.000400909	14966	0.979257	FALSE	ORF1ab:cds-YP_009725295.1	GGA	G	TGA	*	1095
NC_045512.2	3548	G	A	14948	7612	44	12	12	33	0.000801817	14966	0.721199	FALSE	ORF1ab:cds-YP_009724389.1	GGA	G	AGA	R	1095
NC_045512.2	3548	G	A	14948	7612	44	12	12	33	0.000801817	14966	0.721199	FALSE	ORF1ab:cds-YP_009725295.1	GGA	G	AGA	R	1095
NC_045512.2	3549	G	T	15252	8073	46	2	2	30	0.000131002	15267	0.999862	FALSE	ORF1ab:cds-YP_009724389.1	GGA	G	GTA	V	1095
NC_045512.2	3549	G	T	15252	8073	46	2	2	30	0.000131002	15267	0.999862	FALSE	ORF1ab:cds-YP_009725295.1	GGA	G	GTA	V	1095
NC_045512.2	3549	G	C	15252	8073	46	4	4	32	0.000262003	15267	0.997784	FALSE	ORF1ab:cds-YP_009724389.1	GGA	G	GCA	A	1095
NC_045512.2	3549	G	C	15252	8073	46	4	4	32	0.000262003	15267	0.997784	FALSE	ORF1ab:cds-YP_009725295.1	GGA	G	GCA	A	1095
NC_045512.2	3549	G	A	15252	8073	46	9	9	33	0.000589507	15267	0.924171	FALSE	ORF1ab:cds-YP_009724389.1	GGA	G	GAA	E	1095
NC_045512.2	3549	G	A	15252	8073	46	9	9	33	0.000589507	15267	0.924171	FALSE	ORF1ab:cds-YP_009725295.1	GGA	G	GAA	E	1095
NC_045512.2	3550	A	T	15340	8135	46	8	8	33	0.000520867	15359	0.953339	FALSE	ORF1ab:cds-YP_009724389.1	GGA	G	GGT	G	1095
NC_045512.2	3550	A	T	15340	8135	46	8	8	33	0.000520867	15359	0.953339	FALSE	ORF1ab:cds-YP_009725295.1	GGA	G	GGT	G	1095
NC_045512.2	3550	A	G	15340	8135	46	11	9	33	0.000716192	15359	0.836345	FALSE	ORF1ab:cds-YP_009724389.1	GGA	G	GGG	G	1095
NC_045512.2	3550	A	G	15340	8135	46	11	9	33	0.000716192	15359	0.836345	FALSE	ORF1ab:cds-YP_009725295.1	GGA	G	GGG	G	1095
NC_045512.2	3551	C	T	15247	8220	45	1	1	34	6.55008e-05	15267	0.999985	FALSE	ORF1ab:cds-YP_009724389.1	CCA	P	TCA	S	1096
NC_045512.2	3551	C	T	15247	8220	45	1	1	34	6.55008e-05	15267	0.999985	FALSE	ORF1ab:cds-YP_009725295.1	CCA	P	TCA	S	1096
NC_045512.2	3551	C	G	15247	8220	45	10	10	33	0.000655008	15267	0.885047	FALSE	ORF1ab:cds-YP_009724389.1	CCA	P	GCA	A	1096
NC_045512.2	3551	C	G	15247	8220	45	10	10	33	0.000655008	15267	0.885047	FALSE	ORF1ab:cds-YP_009725295.1	CCA	P	GCA	A	1096
NC_045512.2	3551	C	A	15247	8220	45	9	9	33	0.000589507	15267	0.924056	FALSE	ORF1ab:cds-YP_009724389.1	CCA	P	ACA	T	1096
NC_045512.2	3551	C	A	15247	8220	45	9	9	33	0.000589507	15267	0.924056	FALSE	ORF1ab:cds-YP_009725295.1	CCA	P	ACA	T	1096
NC_045512.2	3552	C	T	14897	7903	45	1	1	34	6.70646e-05	14911	0.999969	FALSE	ORF1ab:cds-YP_009724389.1	CCA	P	CTA	L	1096
NC_045512.2	3552	C	T	14897	7903	45	1	1	34	6.70646e-05	14911	0.999969	FALSE	ORF1ab:cds-YP_009725295.1	CCA	P	CTA	L	1096
NC_045512.2	3552	C	G	14897	7903	45	12	11	33	0.000804775	14911	0.72143	FALSE	ORF1ab:cds-YP_009724389.1	CCA	P	CGA	R	1096
NC_045512.2	3552	C	G	14897	7903	45	12	11	33	0.000804775	14911	0.72143	FALSE	ORF1ab:cds-YP_009725295.1	CCA	P	CGA	R	1096
NC_045512.2	3552	C	A	14897	7903	45	1	1	34	6.70646e-05	14911	0.999969	FALSE	ORF1ab:cds-YP_009724389.1	CCA	P	CAA	Q	1096
NC_045512.2	3552	C	A	14897	7903	45	1	1	34	6.70646e-05	14911	0.999969	FALSE	ORF1ab:cds-YP_009725295.1	CCA	P	CAA	Q	1096
NC_045512.2	3553	A	T	15611	7945	45	1	1	34	6.40082e-05	15623	0.999985	FALSE	ORF1ab:cds-YP_009724389.1	CCA	P	CCT	P	1096
NC_045512.2	3553	A	T	15611	7945	45	1	1	34	6.40082e-05	15623	0.999985	FALSE	ORF1ab:cds-YP_009725295.1	CCA	P	CCT	P	1096
NC_045512.2	3553	A	G	15611	7945	45	3	3	45	0.000192025	15623	0.312296	FALSE	ORF1ab:cds-YP_009724389.1	CCA	P	CCG	P	1096
NC_045512.2	3553	A	G	15611	7945	45	3	3	45	0.000192025	15623	0.312296	FALSE	ORF1ab:cds-YP_009725295.1	CCA	P	CCG	P	1096
NC_045512.2	3553	A	C	15611	7945	45	8	8	33	0.000512066	15623	0.953445	FALSE	ORF1ab:cds-YP_009724389.1	CCA	P	CCC	P	1096
NC_045512.2	3553	A	C	15611	7945	45	8	8	33	0.000512066	15623	0.953445	FALSE	ORF1ab:cds-YP_009725295.1	CCA	P	CCC	P	1096
NC_045512.2	3554	C	G	15923	7998	45	2	2	34	0.000125557	15929	0.999863	FALSE	ORF1ab:cds-YP_009724389.1	CTT	L	GTT	V	1097
NC_045512.2	3554	C	G	15923	7998	45	2	2	34	0.000125557	15929	0.999863	FALSE	ORF1ab:cds-YP_009725295.1	CTT	L	GTT	V	1097
NC_045512.2	3554	C	A	15923	7998	45	4	4	34	0.000251114	15929	0.997792	FALSE	ORF1ab:cds-YP_009724389.1	CTT	L	ATT	I	1097
NC_045512.2	3554	C	A	15923	7998	45	4	4	34	0.000251114	15929	0.997792	FALSE	ORF1ab:cds-YP_009725295.1	CTT	L	ATT	I	1097
NC_045512.2	3555	T	G	15755	7807	44	5	1	31	0.000316837	15781	0.994057	FALSE	ORF1ab:cds-YP_009724389.1	CTT	L	CGT	R	1097
NC_045512.2	3555	T	G	15755	7807	44	5	1	31	0.000316837	15781	0.994057	FALSE	ORF1ab:cds-YP_009725295.1	CTT	L	CGT	R	1097
NC_045512.2	3555	T	C	15755	7807	44	18	18	33	0.00114061	15781	0.363615	FALSE	ORF1ab:cds-YP_009724389.1	CTT	L	CCT	P	1097
NC_045512.2	3555	T	C	15755	7807	44	18	18	33	0.00114061	15781	0.363615	FALSE	ORF1ab:cds-YP_009725295.1	CTT	L	CCT	P	1097
NC_045512.2	3555	T	A	15755	7807	44	3	3	34	0.000190102	15781	0.999339	FALSE	ORF1ab:cds-YP_009724389.1	CTT	L	CAT	H	1097
NC_045512.2	3555	T	A	15755	7807	44	3	3	34	0.000190102	15781	0.999339	FALSE	ORF1ab:cds-YP_009725295.1	CTT	L	CAT	H	1097
NC_045512.2	3556	T	G	15900	8014	45	2	0	30	0.000125636	15919	0.999862	FALSE	ORF1ab:cds-YP_009724389.1	CTT	L	CTG	L	1097
NC_045512.2	3556	T	G	15900	8014	45	2	0	30	0.000125636	15919	0.999862	FALSE	ORF1ab:cds-YP_009725295.1	CTT	L	CTG	L	1097
NC_045512.2	3556	T	C	15900	8014	45	6	6	38	0.000376908	15919	0.986664	FALSE	ORF1ab:cds-YP_009724389.1	CTT	L	CTC	L	1097
NC_045512.2	3556	T	C	15900	8014	45	6	6	38	0.000376908	15919	0.986664	FALSE	ORF1ab:cds-YP_009725295.1	CTT	L	CTC	L	1097
NC_045512.2	3556	T	A	15900	8014	45	11	11	35	0.000690998	15919	0.836351	FALSE	ORF1ab:cds-YP_009724389.1	CTT	L	CTA	L	1097
NC_045512.2	3556	T	A	15900	8014	45	11	11	35	0.000690998	15919	0.836351	FALSE	ORF1ab:cds-YP_009725295.1	CTT	L	CTA	L	1097
NC_045512.2	3557	A	T	15834	7957	45	12	12	33	0.000756811	15856	0.778622	FALSE	ORF1ab:cds-YP_009724389.1	AAA	K	TAA	*	1098
NC_045512.2	3557	A	T	15834	7957	45	12	12	33	0.000756811	15856	0.778622	FALSE	ORF1ab:cds-YP_009725295.1	AAA	K	TAA	*	1098
NC_045512.2	3557	A	G	15834	7957	45	1	1	34	6.30676e-05	15856	0.999985	FALSE	ORF1ab:cds-YP_009724389.1	AAA	K	GAA	E	1098
NC_045512.2	3557	A	G	15834	7957	45	1	1	34	6.30676e-05	15856	0.999985	FALSE	ORF1ab:cds-YP_009725295.1	AAA	K	GAA	E	1098
NC_045512.2	3557	A	C	15834	7957	45	9	9	31	0.000567608	15856	0.924017	FALSE	ORF1ab:cds-YP_009724389.1	AAA	K	CAA	Q	1098
NC_045512.2	3557	A	C	15834	7957	45	9	9	31	0.000567608	15856	0.924017	FALSE	ORF1ab:cds-YP_009725295.1	AAA	K	CAA	Q	1098
NC_045512.2	3558	A	T	15770	7961	44	13	13	32	0.00082341	15788	0.714062	FALSE	ORF1ab:cds-YP_009724389.1	AAA	K	ATA	I	1098
NC_045512.2	3558	A	T	15770	7961	44	13	13	32	0.00082341	15788	0.714062	FALSE	ORF1ab:cds-YP_009725295.1	AAA	K	ATA	I	1098
NC_045512.2	3558	A	G	15770	7961	44	3	2	28	0.000190018	15788	1	FALSE	ORF1ab:cds-YP_009724389.1	AAA	K	AGA	R	1098
NC_045512.2	3558	A	G	15770	7961	44	3	2	28	0.000190018	15788	1	FALSE	ORF1ab:cds-YP_009725295.1	AAA	K	AGA	R	1098
NC_045512.2	3558	A	C	15770	7961	44	2	2	34	0.000126678	15788	0.999862	FALSE	ORF1ab:cds-YP_009724389.1	AAA	K	ACA	T	1098
NC_045512.2	3558	A	C	15770	7961	44	2	2	34	0.000126678	15788	0.999862	FALSE	ORF1ab:cds-YP_009725295.1	AAA	K	ACA	T	1098
NC_045512.2	3559	A	T	15402	7972	43	10	10	33	0.000648761	15414	0.885302	FALSE	ORF1ab:cds-YP_009724389.1	AAA	K	AAT	N	1098
NC_045512.2	3559	A	T	15402	7972	43	10	10	33	0.000648761	15414	0.885302	FALSE	ORF1ab:cds-YP_009725295.1	AAA	K	AAT	N	1098
NC_045512.2	3559	A	C	15402	7972	43	2	2	34	0.000129752	15414	0.999863	FALSE	ORF1ab:cds-YP_009724389.1	AAA	K	AAC	N	1098
NC_045512.2	3559	A	C	15402	7972	43	2	2	34	0.000129752	15414	0.999863	FALSE	ORF1ab:cds-YP_009725295.1	AAA	K	AAC	N	1098
NC_045512.2	3560	G	T	15993	8047	45	2	2	34	0.000124914	16011	0.999927	FALSE	ORF1ab:cds-YP_009724389.1	GTG	V	TTG	L	1099
NC_045512.2	3560	G	T	15993	8047	45	2	2	34	0.000124914	16011	0.999927	FALSE	ORF1ab:cds-YP_009725295.1	GTG	V	TTG	L	1099
NC_045512.2	3560	G	A	15993	8047	45	16	16	33	0.000999313	16011	0.56994	FALSE	ORF1ab:cds-YP_009724389.1	GTG	V	ATG	M	1099
NC_045512.2	3560	G	A	15993	8047	45	16	16	33	0.000999313	16011	0.56994	FALSE	ORF1ab:cds-YP_009725295.1	GTG	V	ATG	M	1099
NC_045512.2	3561	T	G	15203	7417	44	11	9	33	0.000722496	15225	0.836218	FALSE	ORF1ab:cds-YP_009724389.1	GTG	V	GGG	G	1099
NC_045512.2	3561	T	G	15203	7417	44	11	9	33	0.000722496	15225	0.836218	FALSE	ORF1ab:cds-YP_009725295.1	GTG	V	GGG	G	1099
NC_045512.2	3561	T	A	15203	7417	44	11	11	31	0.000722496	15225	0.836218	FALSE	ORF1ab:cds-YP_009724389.1	GTG	V	GAG	E	1099
NC_045512.2	3561	T	A	15203	7417	44	11	11	31	0.000722496	15225	0.836218	FALSE	ORF1ab:cds-YP_009725295.1	GTG	V	GAG	E	1099
NC_045512.2	3562	G	T	15328	7484	45	5	5	30	0.00032586	15344	0.99408	FALSE	ORF1ab:cds-YP_009724389.1	GTG	V	GTT	V	1099
NC_045512.2	3562	G	T	15328	7484	45	5	5	30	0.00032586	15344	0.99408	FALSE	ORF1ab:cds-YP_009725295.1	GTG	V	GTT	V	1099
NC_045512.2	3562	G	C	15328	7484	45	1	1	34	6.51721e-05	15344	0.999985	FALSE	ORF1ab:cds-YP_009724389.1	GTG	V	GTC	V	1099
NC_045512.2	3562	G	C	15328	7484	45	1	1	34	6.51721e-05	15344	0.999985	FALSE	ORF1ab:cds-YP_009725295.1	GTG	V	GTC	V	1099
NC_045512.2	3562	G	A	15328	7484	45	10	10	31	0.000651721	15344	0.885175	FALSE	ORF1ab:cds-YP_009724389.1	GTG	V	GTA	V	1099
NC_045512.2	3562	G	A	15328	7484	45	10	10	31	0.000651721	15344	0.885175	FALSE	ORF1ab:cds-YP_009725295.1	GTG	V	GTA	V	1099
NC_045512.2	3563	G	T	15027	7199	45	6	5	34	0.000399016	15037	0.986708	FALSE	ORF1ab:cds-YP_009724389.1	GGT	G	TGT	C	1100
NC_045512.2	3563	G	T	15027	7199	45	6	5	34	0.000399016	15037	0.986708	FALSE	ORF1ab:cds-YP_009725295.1	GGT	G	TGT	C	1100
NC_045512.2	3563	G	A	15027	7199	45	4	4	34	0.000266011	15037	0.997788	FALSE	ORF1ab:cds-YP_009724389.1	GGT	G	AGT	S	1100
NC_045512.2	3563	G	A	15027	7199	45	4	4	34	0.000266011	15037	0.997788	FALSE	ORF1ab:cds-YP_009725295.1	GGT	G	AGT	S	1100
NC_045512.2	3564	G	T	15189	7578	47	9	8	34	0.000591872	15206	0.924124	FALSE	ORF1ab:cds-YP_009724389.1	GGT	G	GTT	V	1100
NC_045512.2	3564	G	T	15189	7578	47	9	8	34	0.000591872	15206	0.924124	FALSE	ORF1ab:cds-YP_009725295.1	GGT	G	GTT	V	1100
NC_045512.2	3564	G	C	15189	7578	47	1	1	34	6.57635e-05	15206	0.999985	FALSE	ORF1ab:cds-YP_009724389.1	GGT	G	GCT	A	1100
NC_045512.2	3564	G	C	15189	7578	47	1	1	34	6.57635e-05	15206	0.999985	FALSE	ORF1ab:cds-YP_009725295.1	GGT	G	GCT	A	1100
NC_045512.2	3564	G	A	15189	7578	47	7	5	46	0.000460345	15206	0.0350736	FALSE	ORF1ab:cds-YP_009724389.1	GGT	G	GAT	D	1100
NC_045512.2	3564	G	A	15189	7578	47	7	5	46	0.000460345	15206	0.0350736	FALSE	ORF1ab:cds-YP_009725295.1	GGT	G	GAT	D	1100
NC_045512.2	3565	T	G	15306	7598	47	23	23	32	0.00150013	15332	0.127705	FALSE	ORF1ab:cds-YP_009724389.1	GGT	G	GGG	G	1100
NC_045512.2	3565	T	G	15306	7598	47	23	23	32	0.00150013	15332	0.127705	FALSE	ORF1ab:cds-YP_009725295.1	GGT	G	GGG	G	1100
NC_045512.2	3565	T	C	15306	7598	47	1	1	26	6.52231e-05	15332	1	FALSE	ORF1ab:cds-YP_009724389.1	GGT	G	GGC	G	1100
NC_045512.2	3565	T	C	15306	7598	47	1	1	26	6.52231e-05	15332	1	FALSE	ORF1ab:cds-YP_009725295.1	GGT	G	GGC	G	1100
NC_045512.2	3565	T	A	15306	7598	47	2	1	40	0.000130446	15332	0.499437	FALSE	ORF1ab:cds-YP_009724389.1	GGT	G	GGA	G	1100
NC_045512.2	3565	T	A	15306	7598	47	2	1	40	0.000130446	15332	0.499437	FALSE	ORF1ab:cds-YP_009725295.1	GGT	G	GGA	G	1100
NC_045512.2	3566	G	T	15260	7543	47	9	9	33	0.000589391	15270	0.924286	FALSE	ORF1ab:cds-YP_009724389.1	GGT	G	TGT	C	1101
NC_045512.2	3566	G	T	15260	7543	47	9	9	33	0.000589391	15270	0.924286	FALSE	ORF1ab:cds-YP_009725295.1	GGT	G	TGT	C	1101
NC_045512.2	3566	G	A	15260	7543	47	1	1	34	6.54879e-05	15270	0.999985	FALSE	ORF1ab:cds-YP_009724389.1	GGT	G	AGT	S	1101
NC_045512.2	3566	G	A	15260	7543	47	1	1	34	6.54879e-05	15270	0.999985	FALSE	ORF1ab:cds-YP_009725295.1	GGT	G	AGT	S	1101
NC_045512.2	3567	G	T	15392	7662	47	4	4	32	0.00025969	15403	0.997787	FALSE	ORF1ab:cds-YP_009724389.1	GGT	G	GTT	V	1101
NC_045512.2	3567	G	T	15392	7662	47	4	4	32	0.00025969	15403	0.997787	FALSE	ORF1ab:cds-YP_009725295.1	GGT	G	GTT	V	1101
NC_045512.2	3567	G	C	15392	7662	47	5	5	31	0.000324612	15403	0.994092	FALSE	ORF1ab:cds-YP_009724389.1	GGT	G	GCT	A	1101
NC_045512.2	3567	G	C	15392	7662	47	5	5	31	0.000324612	15403	0.994092	FALSE	ORF1ab:cds-YP_009725295.1	GGT	G	GCT	A	1101
NC_045512.2	3567	G	A	15392	7662	47	2	2	30	0.000129845	15403	0.999863	FALSE	ORF1ab:cds-YP_009724389.1	GGT	G	GAT	D	1101
NC_045512.2	3567	G	A	15392	7662	47	2	2	30	0.000129845	15403	0.999863	FALSE	ORF1ab:cds-YP_009725295.1	GGT	G	GAT	D	1101
NC_045512.2	3568	T	G	15450	7682	47	11	10	32	0.000711422	15462	0.836633	FALSE	ORF1ab:cds-YP_009724389.1	GGT	G	GGG	G	1101
NC_045512.2	3568	T	G	15450	7682	47	11	10	32	0.000711422	15462	0.836633	FALSE	ORF1ab:cds-YP_009725295.1	GGT	G	GGG	G	1101
NC_045512.2	3568	T	A	15450	7682	47	1	1	34	6.46747e-05	15462	0.999985	FALSE	ORF1ab:cds-YP_009724389.1	GGT	G	GGA	G	1101
NC_045512.2	3568	T	A	15450	7682	47	1	1	34	6.46747e-05	15462	0.999985	FALSE	ORF1ab:cds-YP_009725295.1	GGT	G	GGA	G	1101
NC_045512.2	3569	A	T	15304	7689	47	8	8	34	0.000521921	15328	0.953262	FALSE	ORF1ab:cds-YP_009724389.1	AGT	S	TGT	C	1102
NC_045512.2	3569	A	T	15304	7689	47	8	8	34	0.000521921	15328	0.953262	FALSE	ORF1ab:cds-YP_009725295.1	AGT	S	TGT	C	1102
NC_045512.2	3569	A	G	15304	7689	47	13	12	32	0.000848121	15328	0.713703	FALSE	ORF1ab:cds-YP_009724389.1	AGT	S	GGT	G	1102
NC_045512.2	3569	A	G	15304	7689	47	13	12	32	0.000848121	15328	0.713703	FALSE	ORF1ab:cds-YP_009725295.1	AGT	S	GGT	G	1102
NC_045512.2	3569	A	C	15304	7689	47	3	3	31	0.00019572	15328	0.99934	FALSE	ORF1ab:cds-YP_009724389.1	AGT	S	CGT	R	1102
NC_045512.2	3569	A	C	15304	7689	47	3	3	31	0.00019572	15328	0.99934	FALSE	ORF1ab:cds-YP_009725295.1	AGT	S	CGT	R	1102
NC_045512.2	3570	G	T	15494	7708	47	4	3	32	0.000257898	15510	0.997783	FALSE	ORF1ab:cds-YP_009724389.1	AGT	S	ATT	I	1102
NC_045512.2	3570	G	T	15494	7708	47	4	3	32	0.000257898	15510	0.997783	FALSE	ORF1ab:cds-YP_009725295.1	AGT	S	ATT	I	1102
NC_045512.2	3570	G	C	15494	7708	47	1	1	34	6.44745e-05	15510	0.999985	FALSE	ORF1ab:cds-YP_009724389.1	AGT	S	ACT	T	1102
NC_045512.2	3570	G	C	15494	7708	47	1	1	34	6.44745e-05	15510	0.999985	FALSE	ORF1ab:cds-YP_009725295.1	AGT	S	ACT	T	1102
NC_045512.2	3570	G	A	15494	7708	47	11	11	32	0.00070922	15510	0.836469	FALSE	ORF1ab:cds-YP_009724389.1	AGT	S	AAT	N	1102
NC_045512.2	3570	G	A	15494	7708	47	11	11	32	0.00070922	15510	0.836469	FALSE	ORF1ab:cds-YP_009725295.1	AGT	S	AAT	N	1102
NC_045512.2	3571	T	G	15224	7518	47	8	7	33	0.000525107	15235	0.953461	FALSE	ORF1ab:cds-YP_009724389.1	AGT	S	AGG	R	1102
NC_045512.2	3571	T	G	15224	7518	47	8	7	33	0.000525107	15235	0.953461	FALSE	ORF1ab:cds-YP_009725295.1	AGT	S	AGG	R	1102
NC_045512.2	3571	T	C	15224	7518	47	1	0	24	6.56383e-05	15235	1	FALSE	ORF1ab:cds-YP_009724389.1	AGT	S	AGC	S	1102
NC_045512.2	3571	T	C	15224	7518	47	1	0	24	6.56383e-05	15235	1	FALSE	ORF1ab:cds-YP_009725295.1	AGT	S	AGC	S	1102
NC_045512.2	3571	T	A	15224	7518	47	2	2	34	0.000131277	15235	0.999863	FALSE	ORF1ab:cds-YP_009724389.1	AGT	S	AGA	R	1102
NC_045512.2	3571	T	A	15224	7518	47	2	2	34	0.000131277	15235	0.999863	FALSE	ORF1ab:cds-YP_009725295.1	AGT	S	AGA	R	1102
NC_045512.2	3572	T	G	15016	7398	47	2	2	34	0.000133032	15034	0.999862	FALSE	ORF1ab:cds-YP_009724389.1	TGT	C	GGT	G	1103
NC_045512.2	3572	T	G	15016	7398	47	2	2	34	0.000133032	15034	0.999862	FALSE	ORF1ab:cds-YP_009725295.1	TGT	C	GGT	G	1103
NC_045512.2	3572	T	C	15016	7398	47	2	2	30	0.000133032	15034	0.999862	FALSE	ORF1ab:cds-YP_009724389.1	TGT	C	CGT	R	1103
NC_045512.2	3572	T	C	15016	7398	47	2	2	30	0.000133032	15034	0.999862	FALSE	ORF1ab:cds-YP_009725295.1	TGT	C	CGT	R	1103
NC_045512.2	3572	T	A	15016	7398	47	14	14	34	0.000931223	15034	0.64433	FALSE	ORF1ab:cds-YP_009724389.1	TGT	C	AGT	S	1103
NC_045512.2	3572	T	A	15016	7398	47	14	14	34	0.000931223	15034	0.64433	FALSE	ORF1ab:cds-YP_009725295.1	TGT	C	AGT	S	1103
NC_045512.2	3573	G	T	15118	7397	47	11	11	33	0.000726984	15131	0.836593	FALSE	ORF1ab:cds-YP_009724389.1	TGT	C	TTT	F	1103
NC_045512.2	3573	G	T	15118	7397	47	11	11	33	0.000726984	15131	0.836593	FALSE	ORF1ab:cds-YP_009725295.1	TGT	C	TTT	F	1103
NC_045512.2	3573	G	A	15118	7397	47	2	2	30	0.000132179	15131	0.999862	FALSE	ORF1ab:cds-YP_009724389.1	TGT	C	TAT	Y	1103
NC_045512.2	3573	G	A	15118	7397	47	2	2	30	0.000132179	15131	0.999862	FALSE	ORF1ab:cds-YP_009725295.1	TGT	C	TAT	Y	1103
NC_045512.2	3574	T	G	14698	7255	46	9	9	34	0.000611746	14712	0.89495	FALSE	ORF1ab:cds-YP_009724389.1	TGT	C	TGG	W	1103
NC_045512.2	3574	T	G	14698	7255	46	9	9	34	0.000611746	14712	0.89495	FALSE	ORF1ab:cds-YP_009725295.1	TGT	C	TGG	W	1103
NC_045512.2	3574	T	C	14698	7255	46	5	4	32	0.000339859	14712	0.990383	FALSE	ORF1ab:cds-YP_009724389.1	TGT	C	TGC	C	1103
NC_045512.2	3574	T	C	14698	7255	46	5	4	32	0.000339859	14712	0.990383	FALSE	ORF1ab:cds-YP_009725295.1	TGT	C	TGC	C	1103
NC_045512.2	3575	G	T	14909	7261	46	17	17	33	0.00113834	14934	0.359487	FALSE	ORF1ab:cds-YP_009724389.1	GTT	V	TTT	F	1104
NC_045512.2	3575	G	T	14909	7261	46	17	17	33	0.00113834	14934	0.359487	FALSE	ORF1ab:cds-YP_009725295.1	GTT	V	TTT	F	1104
NC_045512.2	3575	G	C	14909	7261	46	2	2	34	0.000133923	14934	0.999739	FALSE	ORF1ab:cds-YP_009724389.1	GTT	V	CTT	L	1104
NC_045512.2	3575	G	C	14909	7261	46	2	2	34	0.000133923	14934	0.999739	FALSE	ORF1ab:cds-YP_009725295.1	GTT	V	CTT	L	1104
NC_045512.2	3575	G	A	14909	7261	46	6	6	34	0.000401768	14934	0.979205	FALSE	ORF1ab:cds-YP_009724389.1	GTT	V	ATT	I	1104
NC_045512.2	3575	G	A	14909	7261	46	6	6	34	0.000401768	14934	0.979205	FALSE	ORF1ab:cds-YP_009725295.1	GTT	V	ATT	I	1104
NC_045512.2	3576	T	G	14779	7183	46	15	15	33	0.00101358	14799	0.499707	FALSE	ORF1ab:cds-YP_009724389.1	GTT	V	GGT	G	1104
NC_045512.2	3576	T	G	14779	7183	46	15	15	33	0.00101358	14799	0.499707	FALSE	ORF1ab:cds-YP_009725295.1	GTT	V	GGT	G	1104
NC_045512.2	3576	T	C	14779	7183	46	2	0	30	0.000135144	14799	0.999739	FALSE	ORF1ab:cds-YP_009724389.1	GTT	V	GCT	A	1104
NC_045512.2	3576	T	C	14779	7183	46	2	0	30	0.000135144	14799	0.999739	FALSE	ORF1ab:cds-YP_009725295.1	GTT	V	GCT	A	1104
NC_045512.2	3576	T	A	14779	7183	46	3	3	34	0.000202716	14799	0.99882	FALSE	ORF1ab:cds-YP_009724389.1	GTT	V	GAT	D	1104
NC_045512.2	3576	T	A	14779	7183	46	3	3	34	0.000202716	14799	0.99882	FALSE	ORF1ab:cds-YP_009725295.1	GTT	V	GAT	D	1104
NC_045512.2	3577	T	G	14594	7067	45	3	3	34	0.000205479	14600	0.998827	FALSE	ORF1ab:cds-YP_009724389.1	GTT	V	GTG	V	1104
NC_045512.2	3577	T	G	14594	7067	45	3	3	34	0.000205479	14600	0.998827	FALSE	ORF1ab:cds-YP_009725295.1	GTT	V	GTG	V	1104
NC_045512.2	3577	T	C	14594	7067	45	2	2	34	0.000136986	14600	0.999741	FALSE	ORF1ab:cds-YP_009724389.1	GTT	V	GTC	V	1104
NC_045512.2	3577	T	C	14594	7067	45	2	2	34	0.000136986	14600	0.999741	FALSE	ORF1ab:cds-YP_009725295.1	GTT	V	GTC	V	1104
NC_045512.2	3577	T	A	14594	7067	45	1	1	34	6.84932e-05	14600	0.99997	FALSE	ORF1ab:cds-YP_009724389.1	GTT	V	GTA	V	1104
NC_045512.2	3577	T	A	14594	7067	45	1	1	34	6.84932e-05	14600	0.99997	FALSE	ORF1ab:cds-YP_009725295.1	GTT	V	GTA	V	1104
NC_045512.2	3578	T	G	14747	7237	46	12	12	33	0.000813008	14760	0.721489	FALSE	ORF1ab:cds-YP_009724389.1	TTA	L	GTA	V	1105
NC_045512.2	3578	T	G	14747	7237	46	12	12	33	0.000813008	14760	0.721489	FALSE	ORF1ab:cds-YP_009725295.1	TTA	L	GTA	V	1105
NC_045512.2	3578	T	A	14747	7237	46	1	1	26	6.77507e-05	14760	1	FALSE	ORF1ab:cds-YP_009724389.1	TTA	L	ATA	I	1105
NC_045512.2	3578	T	A	14747	7237	46	1	1	26	6.77507e-05	14760	1	FALSE	ORF1ab:cds-YP_009725295.1	TTA	L	ATA	I	1105
NC_045512.2	3579	T	G	14515	7088	46	1	0	26	6.88705e-05	14520	1	FALSE	ORF1ab:cds-YP_009724389.1	TTA	L	TGA	*	1105
NC_045512.2	3579	T	G	14515	7088	46	1	0	26	6.88705e-05	14520	1	FALSE	ORF1ab:cds-YP_009725295.1	TTA	L	TGA	*	1105
NC_045512.2	3579	T	C	14515	7088	46	3	3	34	0.000206612	14520	0.998828	FALSE	ORF1ab:cds-YP_009724389.1	TTA	L	TCA	S	1105
NC_045512.2	3579	T	C	14515	7088	46	3	3	34	0.000206612	14520	0.998828	FALSE	ORF1ab:cds-YP_009725295.1	TTA	L	TCA	S	1105
NC_045512.2	3579	T	A	14515	7088	46	1	1	34	6.88705e-05	14520	0.99997	FALSE	ORF1ab:cds-YP_009724389.1	TTA	L	TAA	*	1105
NC_045512.2	3579	T	A	14515	7088	46	1	1	34	6.88705e-05	14520	0.99997	FALSE	ORF1ab:cds-YP_009725295.1	TTA	L	TAA	*	1105
NC_045512.2	3580	A	T	14498	7073	46	21	21	32	0.00144618	14521	0.155057	FALSE	ORF1ab:cds-YP_009724389.1	TTA	L	TTT	F	1105
NC_045512.2	3580	A	T	14498	7073	46	21	21	32	0.00144618	14521	0.155057	FALSE	ORF1ab:cds-YP_009725295.1	TTA	L	TTT	F	1105
NC_045512.2	3580	A	C	14498	7073	46	2	2	34	0.000137732	14521	0.999739	FALSE	ORF1ab:cds-YP_009724389.1	TTA	L	TTC	F	1105
NC_045512.2	3580	A	C	14498	7073	46	2	2	34	0.000137732	14521	0.999739	FALSE	ORF1ab:cds-YP_009725295.1	TTA	L	TTC	F	1105
NC_045512.2	3581	A	T	14475	7109	46	15	15	34	0.00103513	14491	0.5	FALSE	ORF1ab:cds-YP_009724389.1	AGC	S	TGC	C	1106
NC_045512.2	3581	A	T	14475	7109	46	15	15	34	0.00103513	14491	0.5	FALSE	ORF1ab:cds-YP_009725295.1	AGC	S	TGC	C	1106
NC_045512.2	3581	A	C	14475	7109	46	1	1	34	6.90084e-05	14491	0.999969	FALSE	ORF1ab:cds-YP_009724389.1	AGC	S	CGC	R	1106
NC_045512.2	3581	A	C	14475	7109	46	1	1	34	6.90084e-05	14491	0.999969	FALSE	ORF1ab:cds-YP_009725295.1	AGC	S	CGC	R	1106
NC_045512.2	3582	G	T	14439	7127	46	13	13	34	0.000898845	14463	0.648841	FALSE	ORF1ab:cds-YP_009724389.1	AGC	S	ATC	I	1106
NC_045512.2	3582	G	T	14439	7127	46	13	13	34	0.000898845	14463	0.648841	FALSE	ORF1ab:cds-YP_009725295.1	AGC	S	ATC	I	1106
NC_045512.2	3582	G	C	14439	7127	46	2	2	34	0.000138284	14463	0.999739	FALSE	ORF1ab:cds-YP_009724389.1	AGC	S	ACC	T	1106
NC_045512.2	3582	G	C	14439	7127	46	2	2	34	0.000138284	14463	0.999739	FALSE	ORF1ab:cds-YP_009725295.1	AGC	S	ACC	T	1106
NC_045512.2	3582	G	A	14439	7127	46	9	9	33	0.000622278	14463	0.894646	FALSE	ORF1ab:cds-YP_009724389.1	AGC	S	AAC	N	1106
NC_045512.2	3582	G	A	14439	7127	46	9	9	33	0.000622278	14463	0.894646	FALSE	ORF1ab:cds-YP_009725295.1	AGC	S	AAC	N	1106
NC_045512.2	3583	C	T	14320	7156	46	6	3	59	0.000418235	14346	0.0155548	FALSE	ORF1ab:cds-YP_009724389.1	AGC	S	AGT	S	1106
NC_045512.2	3583	C	T	14320	7156	46	6	3	59	0.000418235	14346	0.0155548	FALSE	ORF1ab:cds-YP_009725295.1	AGC	S	AGT	S	1106
NC_045512.2	3583	C	G	14320	7156	46	9	9	33	0.000627353	14346	0.894582	FALSE	ORF1ab:cds-YP_009724389.1	AGC	S	AGG	R	1106
NC_045512.2	3583	C	G	14320	7156	46	9	9	33	0.000627353	14346	0.894582	FALSE	ORF1ab:cds-YP_009725295.1	AGC	S	AGG	R	1106
NC_045512.2	3583	C	A	14320	7156	46	11	11	32	0.000766764	14346	0.78721	FALSE	ORF1ab:cds-YP_009724389.1	AGC	S	AGA	R	1106
NC_045512.2	3583	C	A	14320	7156	46	11	11	32	0.000766764	14346	0.78721	FALSE	ORF1ab:cds-YP_009725295.1	AGC	S	AGA	R	1106
NC_045512.2	3584	G	T	14148	6927	46	1	1	34	7.05667e-05	14171	0.999969	FALSE	ORF1ab:cds-YP_009724389.1	GGA	G	TGA	*	1107
NC_045512.2	3584	G	T	14148	6927	46	1	1	34	7.05667e-05	14171	0.999969	FALSE	ORF1ab:cds-YP_009725295.1	GGA	G	TGA	*	1107
NC_045512.2	3584	G	C	14148	6927	46	10	10	34	0.000705667	14171	0.845879	FALSE	ORF1ab:cds-YP_009724389.1	GGA	G	CGA	R	1107
NC_045512.2	3584	G	C	14148	6927	46	10	10	34	0.000705667	14171	0.845879	FALSE	ORF1ab:cds-YP_009725295.1	GGA	G	CGA	R	1107
NC_045512.2	3584	G	A	14148	6927	46	12	12	31	0.0008468	14171	0.720883	FALSE	ORF1ab:cds-YP_009724389.1	GGA	G	AGA	R	1107
NC_045512.2	3584	G	A	14148	6927	46	12	12	31	0.0008468	14171	0.720883	FALSE	ORF1ab:cds-YP_009725295.1	GGA	G	AGA	R	1107
NC_045512.2	3585	G	T	14474	7003	46	1	1	34	6.90417e-05	14484	0.999969	FALSE	ORF1ab:cds-YP_009724389.1	GGA	G	GTA	V	1107
NC_045512.2	3585	G	T	14474	7003	46	1	1	34	6.90417e-05	14484	0.999969	FALSE	ORF1ab:cds-YP_009725295.1	GGA	G	GTA	V	1107
NC_045512.2	3585	G	C	14474	7003	46	3	3	31	0.000207125	14484	0.998825	FALSE	ORF1ab:cds-YP_009724389.1	GGA	G	GCA	A	1107
NC_045512.2	3585	G	C	14474	7003	46	3	3	31	0.000207125	14484	0.998825	FALSE	ORF1ab:cds-YP_009725295.1	GGA	G	GCA	A	1107
NC_045512.2	3585	G	A	14474	7003	46	6	5	34	0.00041425	14484	0.979317	FALSE	ORF1ab:cds-YP_009724389.1	GGA	G	GAA	E	1107
NC_045512.2	3585	G	A	14474	7003	46	6	5	34	0.00041425	14484	0.979317	FALSE	ORF1ab:cds-YP_009725295.1	GGA	G	GAA	E	1107
NC_045512.2	3586	A	T	14579	7112	46	1	1	34	6.84791e-05	14603	0.999969	FALSE	ORF1ab:cds-YP_009724389.1	GGA	G	GGT	G	1107
NC_045512.2	3586	A	T	14579	7112	46	1	1	34	6.84791e-05	14603	0.999969	FALSE	ORF1ab:cds-YP_009725295.1	GGA	G	GGT	G	1107
NC_045512.2	3586	A	G	14579	7112	46	12	11	35	0.000821749	14603	0.720839	FALSE	ORF1ab:cds-YP_009724389.1	GGA	G	GGG	G	1107
NC_045512.2	3586	A	G	14579	7112	46	12	11	35	0.000821749	14603	0.720839	FALSE	ORF1ab:cds-YP_009725295.1	GGA	G	GGG	G	1107
NC_045512.2	3586	A	C	14579	7112	46	11	11	31	0.00075327	14603	0.787321	FALSE	ORF1ab:cds-YP_009724389.1	GGA	G	GGC	G	1107
NC_045512.2	3586	A	C	14579	7112	46	11	11	31	0.00075327	14603	0.787321	FALSE	ORF1ab:cds-YP_009725295.1	GGA	G	GGC	G	1107
NC_045512.2	3587	C	T	14527	7182	46	1	1	68	6.8738e-05	14548	0.499673	FALSE	ORF1ab:cds-YP_009724389.1	CAC	H	TAC	Y	1108
NC_045512.2	3587	C	T	14527	7182	46	1	1	68	6.8738e-05	14548	0.499673	FALSE	ORF1ab:cds-YP_009725295.1	CAC	H	TAC	Y	1108
NC_045512.2	3587	C	G	14527	7182	46	13	13	30	0.000893594	14548	0.649045	FALSE	ORF1ab:cds-YP_009724389.1	CAC	H	GAC	D	1108
NC_045512.2	3587	C	G	14527	7182	46	13	13	30	0.000893594	14548	0.649045	FALSE	ORF1ab:cds-YP_009725295.1	CAC	H	GAC	D	1108
NC_045512.2	3587	C	A	14527	7182	46	7	7	34	0.000481166	14548	0.960703	FALSE	ORF1ab:cds-YP_009724389.1	CAC	H	AAC	N	1108
NC_045512.2	3587	C	A	14527	7182	46	7	7	34	0.000481166	14548	0.960703	FALSE	ORF1ab:cds-YP_009725295.1	CAC	H	AAC	N	1108
NC_045512.2	3588	A	T	14434	7176	46	2	2	34	0.000138351	14456	0.999739	FALSE	ORF1ab:cds-YP_009724389.1	CAC	H	CTC	L	1108
NC_045512.2	3588	A	T	14434	7176	46	2	2	34	0.000138351	14456	0.999739	FALSE	ORF1ab:cds-YP_009725295.1	CAC	H	CTC	L	1108
NC_045512.2	3588	A	G	14434	7176	46	12	10	33	0.000830105	14456	0.720953	FALSE	ORF1ab:cds-YP_009724389.1	CAC	H	CGC	R	1108
NC_045512.2	3588	A	G	14434	7176	46	12	10	33	0.000830105	14456	0.720953	FALSE	ORF1ab:cds-YP_009725295.1	CAC	H	CGC	R	1108
NC_045512.2	3588	A	C	14434	7176	46	8	8	33	0.000553403	14456	0.932899	FALSE	ORF1ab:cds-YP_009724389.1	CAC	H	CCC	P	1108
NC_045512.2	3588	A	C	14434	7176	46	8	8	33	0.000553403	14456	0.932899	FALSE	ORF1ab:cds-YP_009725295.1	CAC	H	CCC	P	1108
NC_045512.2	3589	C	T	14736	7219	46	3	3	31	0.00020328	14758	0.998819	FALSE	ORF1ab:cds-YP_009724389.1	CAC	H	CAT	H	1108
NC_045512.2	3589	C	T	14736	7219	46	3	3	31	0.00020328	14758	0.998819	FALSE	ORF1ab:cds-YP_009725295.1	CAC	H	CAT	H	1108
NC_045512.2	3589	C	A	14736	7219	46	19	19	33	0.00128744	14758	0.24318	FALSE	ORF1ab:cds-YP_009724389.1	CAC	H	CAA	Q	1108
NC_045512.2	3589	C	A	14736	7219	46	19	19	33	0.00128744	14758	0.24318	FALSE	ORF1ab:cds-YP_009725295.1	CAC	H	CAA	Q	1108
NC_045512.2	3590	A	G	14620	7164	46	3	2	26	0.000204932	14639	1	FALSE	ORF1ab:cds-YP_009724389.1	AAT	N	GAT	D	1109
NC_045512.2	3590	A	G	14620	7164	46	3	2	26	0.000204932	14639	1	FALSE	ORF1ab:cds-YP_009725295.1	AAT	N	GAT	D	1109
NC_045512.2	3590	A	C	14620	7164	46	16	16	32	0.00109297	14639	0.427583	FALSE	ORF1ab:cds-YP_009724389.1	AAT	N	CAT	H	1109
NC_045512.2	3590	A	C	14620	7164	46	16	16	32	0.00109297	14639	0.427583	FALSE	ORF1ab:cds-YP_009725295.1	AAT	N	CAT	H	1109
NC_045512.2	3591	A	T	14811	7227	46	2	2	34	0.00013498	14817	0.999741	FALSE	ORF1ab:cds-YP_009724389.1	AAT	N	ATT	I	1109
NC_045512.2	3591	A	T	14811	7227	46	2	2	34	0.00013498	14817	0.999741	FALSE	ORF1ab:cds-YP_009725295.1	AAT	N	ATT	I	1109
NC_045512.2	3591	A	G	14811	7227	46	1	0	68	6.749e-05	14817	0.499932	FALSE	ORF1ab:cds-YP_009724389.1	AAT	N	AGT	S	1109
NC_045512.2	3591	A	G	14811	7227	46	1	0	68	6.749e-05	14817	0.499932	FALSE	ORF1ab:cds-YP_009725295.1	AAT	N	AGT	S	1109
NC_045512.2	3591	A	C	14811	7227	46	3	3	31	0.00020247	14817	0.998827	FALSE	ORF1ab:cds-YP_009724389.1	AAT	N	ACT	T	1109
NC_045512.2	3591	A	C	14811	7227	46	3	3	31	0.00020247	14817	0.998827	FALSE	ORF1ab:cds-YP_009725295.1	AAT	N	ACT	T	1109
NC_045512.2	3592	T	G	14421	6897	45	2	2	30	0.000138427	14448	0.999738	FALSE	ORF1ab:cds-YP_009724389.1	AAT	N	AAG	K	1109
NC_045512.2	3592	T	G	14421	6897	45	2	2	30	0.000138427	14448	0.999738	FALSE	ORF1ab:cds-YP_009725295.1	AAT	N	AAG	K	1109
NC_045512.2	3592	T	C	14421	6897	45	10	10	33	0.000692137	14448	0.845725	FALSE	ORF1ab:cds-YP_009724389.1	AAT	N	AAC	N	1109
NC_045512.2	3592	T	C	14421	6897	45	10	10	33	0.000692137	14448	0.845725	FALSE	ORF1ab:cds-YP_009725295.1	AAT	N	AAC	N	1109
NC_045512.2	3592	T	A	14421	6897	45	15	14	32	0.00103821	14448	0.499174	FALSE	ORF1ab:cds-YP_009724389.1	AAT	N	AAA	K	1109
NC_045512.2	3592	T	A	14421	6897	45	15	14	32	0.00103821	14448	0.499174	FALSE	ORF1ab:cds-YP_009725295.1	AAT	N	AAA	K	1109
NC_045512.2	3593	C	T	14776	7599	47	6	6	32	0.00040546	14798	0.979226	FALSE	ORF1ab:cds-YP_009724389.1	CTT	L	TTT	F	1110
NC_045512.2	3593	C	T	14776	7599	47	6	6	32	0.00040546	14798	0.979226	FALSE	ORF1ab:cds-YP_009725295.1	CTT	L	TTT	F	1110
NC_045512.2	3593	C	G	14776	7599	47	2	1	30	0.000135153	14798	0.999739	FALSE	ORF1ab:cds-YP_009724389.1	CTT	L	GTT	V	1110
NC_045512.2	3593	C	G	14776	7599	47	2	1	30	0.000135153	14798	0.999739	FALSE	ORF1ab:cds-YP_009725295.1	CTT	L	GTT	V	1110
NC_045512.2	3593	C	A	14776	7599	47	14	14	32	0.000946074	14798	0.574263	FALSE	ORF1ab:cds-YP_009724389.1	CTT	L	ATT	I	1110
NC_045512.2	3593	C	A	14776	7599	47	14	14	32	0.000946074	14798	0.574263	FALSE	ORF1ab:cds-YP_009725295.1	CTT	L	ATT	I	1110
NC_045512.2	3594	T	G	14430	7350	48	1	1	34	6.91898e-05	14453	0.999969	FALSE	ORF1ab:cds-YP_009724389.1	CTT	L	CGT	R	1110
NC_045512.2	3594	T	G	14430	7350	48	1	1	34	6.91898e-05	14453	0.999969	FALSE	ORF1ab:cds-YP_009725295.1	CTT	L	CGT	R	1110
NC_045512.2	3594	T	C	14430	7350	48	12	10	31	0.000830277	14453	0.720893	FALSE	ORF1ab:cds-YP_009724389.1	CTT	L	CCT	P	1110
NC_045512.2	3594	T	C	14430	7350	48	12	10	31	0.000830277	14453	0.720893	FALSE	ORF1ab:cds-YP_009725295.1	CTT	L	CCT	P	1110
NC_045512.2	3594	T	A	14430	7350	48	10	10	34	0.000691898	14453	0.845887	FALSE	ORF1ab:cds-YP_009724389.1	CTT	L	CAT	H	1110
NC_045512.2	3594	T	A	14430	7350	48	10	10	34	0.000691898	14453	0.845887	FALSE	ORF1ab:cds-YP_009725295.1	CTT	L	CAT	H	1110
NC_045512.2	3595	T	G	14408	7342	48	1	1	34	6.9377e-05	14414	0.99997	FALSE	ORF1ab:cds-YP_009724389.1	CTT	L	CTG	L	1110
NC_045512.2	3595	T	G	14408	7342	48	1	1	34	6.9377e-05	14414	0.99997	FALSE	ORF1ab:cds-YP_009725295.1	CTT	L	CTG	L	1110
NC_045512.2	3595	T	C	14408	7342	48	5	5	40	0.000346885	14414	0.109351	FALSE	ORF1ab:cds-YP_009724389.1	CTT	L	CTC	L	1110
NC_045512.2	3595	T	C	14408	7342	48	5	5	40	0.000346885	14414	0.109351	FALSE	ORF1ab:cds-YP_009725295.1	CTT	L	CTC	L	1110
NC_045512.2	3596	G	T	14870	7406	48	14	12	32	0.00093985	14896	0.573985	FALSE	ORF1ab:cds-YP_009724389.1	GCT	A	TCT	S	1111
NC_045512.2	3596	G	T	14870	7406	48	14	12	32	0.00093985	14896	0.573985	FALSE	ORF1ab:cds-YP_009725295.1	GCT	A	TCT	S	1111
NC_045512.2	3596	G	C	14870	7406	48	11	11	32	0.000738453	14896	0.787232	FALSE	ORF1ab:cds-YP_009724389.1	GCT	A	CCT	P	1111
NC_045512.2	3596	G	C	14870	7406	48	11	11	32	0.000738453	14896	0.787232	FALSE	ORF1ab:cds-YP_009725295.1	GCT	A	CCT	P	1111
NC_045512.2	3596	G	A	14870	7406	48	1	1	26	6.71321e-05	14896	1	FALSE	ORF1ab:cds-YP_009724389.1	GCT	A	ACT	T	1111
NC_045512.2	3596	G	A	14870	7406	48	1	1	26	6.71321e-05	14896	1	FALSE	ORF1ab:cds-YP_009725295.1	GCT	A	ACT	T	1111
NC_045512.2	3597	C	T	14890	7607	48	15	15	32	0.00100536	14920	0.498982	FALSE	ORF1ab:cds-YP_009724389.1	GCT	A	GTT	V	1111
NC_045512.2	3597	C	T	14890	7607	48	15	15	32	0.00100536	14920	0.498982	FALSE	ORF1ab:cds-YP_009725295.1	GCT	A	GTT	V	1111
NC_045512.2	3597	C	G	14890	7607	48	8	8	33	0.000536193	14920	0.932741	FALSE	ORF1ab:cds-YP_009724389.1	GCT	A	GGT	G	1111
NC_045512.2	3597	C	G	14890	7607	48	8	8	33	0.000536193	14920	0.932741	FALSE	ORF1ab:cds-YP_009725295.1	GCT	A	GGT	G	1111
NC_045512.2	3597	C	A	14890	7607	48	7	5	34	0.000469169	14920	0.960588	FALSE	ORF1ab:cds-YP_009724389.1	GCT	A	GAT	D	1111
NC_045512.2	3597	C	A	14890	7607	48	7	5	34	0.000469169	14920	0.960588	FALSE	ORF1ab:cds-YP_009725295.1	GCT	A	GAT	D	1111
NC_045512.2	3598	T	G	14713	7404	48	5	5	34	0.000339466	14729	0.990376	FALSE	ORF1ab:cds-YP_009724389.1	GCT	A	GCG	A	1111
NC_045512.2	3598	T	G	14713	7404	48	5	5	34	0.000339466	14729	0.990376	FALSE	ORF1ab:cds-YP_009725295.1	GCT	A	GCG	A	1111
NC_045512.2	3598	T	C	14713	7404	48	11	10	33	0.000746826	14729	0.787723	FALSE	ORF1ab:cds-YP_009724389.1	GCT	A	GCC	A	1111
NC_045512.2	3598	T	C	14713	7404	48	11	10	33	0.000746826	14729	0.787723	FALSE	ORF1ab:cds-YP_009725295.1	GCT	A	GCC	A	1111
NC_045512.2	3599	A	T	14657	7346	48	10	10	33	0.000680921	14686	0.845654	FALSE	ORF1ab:cds-YP_009724389.1	AAA	K	TAA	*	1112
NC_045512.2	3599	A	T	14657	7346	48	10	10	33	0.000680921	14686	0.845654	FALSE	ORF1ab:cds-YP_009725295.1	AAA	K	TAA	*	1112
NC_045512.2	3599	A	G	14657	7346	48	12	10	36	0.000817105	14686	0.720547	FALSE	ORF1ab:cds-YP_009724389.1	AAA	K	GAA	E	1112
NC_045512.2	3599	A	G	14657	7346	48	12	10	36	0.000817105	14686	0.720547	FALSE	ORF1ab:cds-YP_009725295.1	AAA	K	GAA	E	1112
NC_045512.2	3599	A	C	14657	7346	48	7	7	34	0.000476644	14686	0.960598	FALSE	ORF1ab:cds-YP_009724389.1	AAA	K	CAA	Q	1112
NC_045512.2	3599	A	C	14657	7346	48	7	7	34	0.000476644	14686	0.960598	FALSE	ORF1ab:cds-YP_009725295.1	AAA	K	CAA	Q	1112
NC_045512.2	3600	A	T	14498	7281	48	5	5	34	0.000344471	14515	0.990372	FALSE	ORF1ab:cds-YP_009724389.1	AAA	K	ATA	I	1112
NC_045512.2	3600	A	T	14498	7281	48	5	5	34	0.000344471	14515	0.990372	FALSE	ORF1ab:cds-YP_009725295.1	AAA	K	ATA	I	1112
NC_045512.2	3600	A	G	14498	7281	48	2	1	29	0.000137788	14515	1	FALSE	ORF1ab:cds-YP_009724389.1	AAA	K	AGA	R	1112
NC_045512.2	3600	A	G	14498	7281	48	2	1	29	0.000137788	14515	1	FALSE	ORF1ab:cds-YP_009725295.1	AAA	K	AGA	R	1112
NC_045512.2	3600	A	C	14498	7281	48	10	10	31	0.000688942	14515	0.846131	FALSE	ORF1ab:cds-YP_009724389.1	AAA	K	ACA	T	1112
NC_045512.2	3600	A	C	14498	7281	48	10	10	31	0.000688942	14515	0.846131	FALSE	ORF1ab:cds-YP_009725295.1	AAA	K	ACA	T	1112
NC_045512.2	3601	A	T	14713	7478	47	10	10	34	0.000678933	14729	0.846173	FALSE	ORF1ab:cds-YP_009724389.1	AAA	K	AAT	N	1112
NC_045512.2	3601	A	T	14713	7478	47	10	10	34	0.000678933	14729	0.846173	FALSE	ORF1ab:cds-YP_009725295.1	AAA	K	AAT	N	1112
NC_045512.2	3601	A	G	14713	7478	47	4	3	34	0.000271573	14729	0.996222	FALSE	ORF1ab:cds-YP_009724389.1	AAA	K	AAG	K	1112
NC_045512.2	3601	A	G	14713	7478	47	4	3	34	0.000271573	14729	0.996222	FALSE	ORF1ab:cds-YP_009725295.1	AAA	K	AAG	K	1112
NC_045512.2	3601	A	C	14713	7478	47	2	2	34	0.000135787	14729	0.99974	FALSE	ORF1ab:cds-YP_009724389.1	AAA	K	AAC	N	1112
NC_045512.2	3601	A	C	14713	7478	47	2	2	34	0.000135787	14729	0.99974	FALSE	ORF1ab:cds-YP_009725295.1	AAA	K	AAC	N	1112
NC_045512.2	3602	C	T	14702	7564	47	2	2	34	0.000135833	14724	0.999739	FALSE	ORF1ab:cds-YP_009724389.1	CAC	H	TAC	Y	1113
NC_045512.2	3602	C	T	14702	7564	47	2	2	34	0.000135833	14724	0.999739	FALSE	ORF1ab:cds-YP_009725295.1	CAC	H	TAC	Y	1113
NC_045512.2	3602	C	G	14702	7564	47	1	1	26	6.79163e-05	14724	1	FALSE	ORF1ab:cds-YP_009724389.1	CAC	H	GAC	D	1113
NC_045512.2	3602	C	G	14702	7564	47	1	1	26	6.79163e-05	14724	1	FALSE	ORF1ab:cds-YP_009725295.1	CAC	H	GAC	D	1113
NC_045512.2	3602	C	A	14702	7564	47	19	19	33	0.00129041	14724	0.243179	FALSE	ORF1ab:cds-YP_009724389.1	CAC	H	AAC	N	1113
NC_045512.2	3602	C	A	14702	7564	47	19	19	33	0.00129041	14724	0.243179	FALSE	ORF1ab:cds-YP_009725295.1	CAC	H	AAC	N	1113
NC_045512.2	3603	A	T	14584	7412	47	1	1	34	6.85119e-05	14596	0.999969	FALSE	ORF1ab:cds-YP_009724389.1	CAC	H	CTC	L	1113
NC_045512.2	3603	A	T	14584	7412	47	1	1	34	6.85119e-05	14596	0.999969	FALSE	ORF1ab:cds-YP_009725295.1	CAC	H	CTC	L	1113
NC_045512.2	3603	A	G	14584	7412	47	2	1	26	0.000137024	14596	1	FALSE	ORF1ab:cds-YP_009724389.1	CAC	H	CGC	R	1113
NC_045512.2	3603	A	G	14584	7412	47	2	1	26	0.000137024	14596	1	FALSE	ORF1ab:cds-YP_009725295.1	CAC	H	CGC	R	1113
NC_045512.2	3603	A	C	14584	7412	47	9	9	32	0.000616607	14596	0.89501	FALSE	ORF1ab:cds-YP_009724389.1	CAC	H	CCC	P	1113
NC_045512.2	3603	A	C	14584	7412	47	9	9	32	0.000616607	14596	0.89501	FALSE	ORF1ab:cds-YP_009725295.1	CAC	H	CCC	P	1113
NC_045512.2	3604	C	T	14653	7911	49	1	1	34	6.81524e-05	14673	0.999969	FALSE	ORF1ab:cds-YP_009724389.1	CAC	H	CAT	H	1113
NC_045512.2	3604	C	T	14653	7911	49	1	1	34	6.81524e-05	14673	0.999969	FALSE	ORF1ab:cds-YP_009725295.1	CAC	H	CAT	H	1113
NC_045512.2	3604	C	G	14653	7911	49	3	3	34	0.000204457	14673	0.99882	FALSE	ORF1ab:cds-YP_009724389.1	CAC	H	CAG	Q	1113
NC_045512.2	3604	C	G	14653	7911	49	3	3	34	0.000204457	14673	0.99882	FALSE	ORF1ab:cds-YP_009725295.1	CAC	H	CAG	Q	1113
NC_045512.2	3604	C	A	14653	7911	49	16	16	33	0.00109044	14673	0.427509	FALSE	ORF1ab:cds-YP_009724389.1	CAC	H	CAA	Q	1113
NC_045512.2	3604	C	A	14653	7911	49	16	16	33	0.00109044	14673	0.427509	FALSE	ORF1ab:cds-YP_009725295.1	CAC	H	CAA	Q	1113
NC_045512.2	3605	T	G	13694	7148	48	1	1	34	7.29129e-05	13715	0.999939	FALSE	ORF1ab:cds-YP_009724389.1	TGT	C	GGT	G	1114
NC_045512.2	3605	T	G	13694	7148	48	1	1	34	7.29129e-05	13715	0.999939	FALSE	ORF1ab:cds-YP_009725295.1	TGT	C	GGT	G	1114
NC_045512.2	3605	T	C	13694	7148	48	17	14	33	0.00123952	13715	0.292021	FALSE	ORF1ab:cds-YP_009724389.1	TGT	C	CGT	R	1114
NC_045512.2	3605	T	C	13694	7148	48	17	14	33	0.00123952	13715	0.292021	FALSE	ORF1ab:cds-YP_009725295.1	TGT	C	CGT	R	1114
NC_045512.2	3605	T	A	13694	7148	48	3	3	34	0.000218739	13715	0.997899	FALSE	ORF1ab:cds-YP_009724389.1	TGT	C	AGT	S	1114
NC_045512.2	3605	T	A	13694	7148	48	3	3	34	0.000218739	13715	0.997899	FALSE	ORF1ab:cds-YP_009725295.1	TGT	C	AGT	S	1114
NC_045512.2	3606	G	T	14912	7501	49	7	7	32	0.00046876	14933	0.960706	FALSE	ORF1ab:cds-YP_009724389.1	TGT	C	TTT	F	1114
NC_045512.2	3606	G	T	14912	7501	49	7	7	32	0.00046876	14933	0.960706	FALSE	ORF1ab:cds-YP_009725295.1	TGT	C	TTT	F	1114
NC_045512.2	3606	G	C	14912	7501	49	4	4	30	0.000267863	14933	0.996215	FALSE	ORF1ab:cds-YP_009724389.1	TGT	C	TCT	S	1114
NC_045512.2	3606	G	C	14912	7501	49	4	4	30	0.000267863	14933	0.996215	FALSE	ORF1ab:cds-YP_009725295.1	TGT	C	TCT	S	1114
NC_045512.2	3606	G	A	14912	7501	49	10	10	36	0.000669658	14933	0.845978	FALSE	ORF1ab:cds-YP_009724389.1	TGT	C	TAT	Y	1114
NC_045512.2	3606	G	A	14912	7501	49	10	10	36	0.000669658	14933	0.845978	FALSE	ORF1ab:cds-YP_009725295.1	TGT	C	TAT	Y	1114
NC_045512.2	3606	G	-TCTTCATGT	14912	7501	49	1	0	20	6.69658e-05	14933	1	FALSE	NA	NA	NA	NA	NA	NA
NC_045512.2	3607	T	G	14794	7345	48	10	9	34	0.000675083	14813	0.846015	FALSE	ORF1ab:cds-YP_009724389.1	TGT	C	TGG	W	1114
NC_045512.2	3607	T	G	14794	7345	48	10	9	34	0.000675083	14813	0.846015	FALSE	ORF1ab:cds-YP_009725295.1	TGT	C	TGG	W	1114
NC_045512.2	3607	T	C	14794	7345	48	9	9	32	0.000607574	14813	0.894773	FALSE	ORF1ab:cds-YP_009724389.1	TGT	C	TGC	C	1114
NC_045512.2	3607	T	C	14794	7345	48	9	9	32	0.000607574	14813	0.894773	FALSE	ORF1ab:cds-YP_009725295.1	TGT	C	TGC	C	1114
NC_045512.2	3608	C	T	14960	7483	49	14	14	33	0.000934579	14980	0.574339	FALSE	ORF1ab:cds-YP_009724389.1	CTT	L	TTT	F	1115
NC_045512.2	3608	C	T	14960	7483	49	14	14	33	0.000934579	14980	0.574339	FALSE	ORF1ab:cds-YP_009725295.1	CTT	L	TTT	F	1115
NC_045512.2	3608	C	G	14960	7483	49	5	4	32	0.000333778	14980	0.990357	FALSE	ORF1ab:cds-YP_009724389.1	CTT	L	GTT	V	1115
NC_045512.2	3608	C	G	14960	7483	49	5	4	32	0.000333778	14980	0.990357	FALSE	ORF1ab:cds-YP_009725295.1	CTT	L	GTT	V	1115
NC_045512.2	3608	C	A	14960	7483	49	1	1	34	6.67557e-05	14980	0.999969	FALSE	ORF1ab:cds-YP_009724389.1	CTT	L	ATT	I	1115
NC_045512.2	3608	C	A	14960	7483	49	1	1	34	6.67557e-05	14980	0.999969	FALSE	ORF1ab:cds-YP_009725295.1	CTT	L	ATT	I	1115
NC_045512.2	3609	T	G	14893	7394	49	12	12	30	0.000804667	14913	0.721025	FALSE	ORF1ab:cds-YP_009724389.1	CTT	L	CGT	R	1115
NC_045512.2	3609	T	G	14893	7394	49	12	12	30	0.000804667	14913	0.721025	FALSE	ORF1ab:cds-YP_009725295.1	CTT	L	CGT	R	1115
NC_045512.2	3609	T	C	14893	7394	49	6	6	32	0.000402334	14913	0.979234	FALSE	ORF1ab:cds-YP_009724389.1	CTT	L	CCT	P	1115
NC_045512.2	3609	T	C	14893	7394	49	6	6	32	0.000402334	14913	0.979234	FALSE	ORF1ab:cds-YP_009725295.1	CTT	L	CCT	P	1115
NC_045512.2	3609	T	A	14893	7394	49	2	1	30	0.000134111	14913	0.999739	FALSE	ORF1ab:cds-YP_009724389.1	CTT	L	CAT	H	1115
NC_045512.2	3609	T	A	14893	7394	49	2	1	30	0.000134111	14913	0.999739	FALSE	ORF1ab:cds-YP_009725295.1	CTT	L	CAT	H	1115
NC_045512.2	3610	T	G	14601	7226	49	2	2	30	0.000136911	14608	0.999741	FALSE	ORF1ab:cds-YP_009724389.1	CTT	L	CTG	L	1115
NC_045512.2	3610	T	G	14601	7226	49	2	2	30	0.000136911	14608	0.999741	FALSE	ORF1ab:cds-YP_009725295.1	CTT	L	CTG	L	1115
NC_045512.2	3610	T	C	14601	7226	49	5	4	31	0.000342278	14608	0.990406	FALSE	ORF1ab:cds-YP_009724389.1	CTT	L	CTC	L	1115
NC_045512.2	3610	T	C	14601	7226	49	5	4	31	0.000342278	14608	0.990406	FALSE	ORF1ab:cds-YP_009725295.1	CTT	L	CTC	L	1115
NC_045512.2	3611	C	T	14563	7249	50	12	12	32	0.000823215	14577	0.721372	FALSE	ORF1ab:cds-YP_009724389.1	CAT	H	TAT	Y	1116
NC_045512.2	3611	C	T	14563	7249	50	12	12	32	0.000823215	14577	0.721372	FALSE	ORF1ab:cds-YP_009725295.1	CAT	H	TAT	Y	1116
NC_045512.2	3611	C	G	14563	7249	50	2	2	30	0.000137202	14577	0.99974	FALSE	ORF1ab:cds-YP_009724389.1	CAT	H	GAT	D	1116
NC_045512.2	3611	C	G	14563	7249	50	2	2	30	0.000137202	14577	0.99974	FALSE	ORF1ab:cds-YP_009725295.1	CAT	H	GAT	D	1116
NC_045512.2	3611	C	+A	14563	7249	50	1	0	20	6.85965e-05	14578	1	FALSE	NA	NA	NA	NA	NA	NA
NC_045512.2	3612	A	T	14525	7286	50	14	14	32	0.000962265	14549	0.574039	FALSE	ORF1ab:cds-YP_009724389.1	CAT	H	CTT	L	1116
NC_045512.2	3612	A	T	14525	7286	50	14	14	32	0.000962265	14549	0.574039	FALSE	ORF1ab:cds-YP_009725295.1	CAT	H	CTT	L	1116
NC_045512.2	3612	A	G	14525	7286	50	2	1	47	0.000137466	14549	0.499433	FALSE	ORF1ab:cds-YP_009724389.1	CAT	H	CGT	R	1116
NC_045512.2	3612	A	G	14525	7286	50	2	1	47	0.000137466	14549	0.499433	FALSE	ORF1ab:cds-YP_009725295.1	CAT	H	CGT	R	1116
NC_045512.2	3612	A	C	14525	7286	50	8	8	31	0.000549866	14549	0.932837	FALSE	ORF1ab:cds-YP_009724389.1	CAT	H	CCT	P	1116
NC_045512.2	3612	A	C	14525	7286	50	8	8	31	0.000549866	14549	0.932837	FALSE	ORF1ab:cds-YP_009725295.1	CAT	H	CCT	P	1116
NC_045512.2	3613	T	G	14553	7288	50	22	19	35	0.0015083	14586	0.120889	FALSE	ORF1ab:cds-YP_009724389.1	CAT	H	CAG	Q	1116
NC_045512.2	3613	T	G	14553	7288	50	22	19	35	0.0015083	14586	0.120889	FALSE	ORF1ab:cds-YP_009725295.1	CAT	H	CAG	Q	1116
NC_045512.2	3613	T	C	14553	7288	50	4	4	32	0.000274236	14586	0.996193	FALSE	ORF1ab:cds-YP_009724389.1	CAT	H	CAC	H	1116
NC_045512.2	3613	T	C	14553	7288	50	4	4	32	0.000274236	14586	0.996193	FALSE	ORF1ab:cds-YP_009725295.1	CAT	H	CAC	H	1116
NC_045512.2	3613	T	A	14553	7288	50	7	7	34	0.000479912	14586	0.960529	FALSE	ORF1ab:cds-YP_009724389.1	CAT	H	CAA	Q	1116
NC_045512.2	3613	T	A	14553	7288	50	7	7	34	0.000479912	14586	0.960529	FALSE	ORF1ab:cds-YP_009725295.1	CAT	H	CAA	Q	1116
NC_045512.2	3614	G	T	14429	7309	50	6	6	34	0.000415311	14447	0.979248	FALSE	ORF1ab:cds-YP_009724389.1	GTT	V	TTT	F	1117
NC_045512.2	3614	G	T	14429	7309	50	6	6	34	0.000415311	14447	0.979248	FALSE	ORF1ab:cds-YP_009725295.1	GTT	V	TTT	F	1117
NC_045512.2	3614	G	C	14429	7309	50	7	7	32	0.00048453	14447	0.960729	FALSE	ORF1ab:cds-YP_009724389.1	GTT	V	CTT	L	1117
NC_045512.2	3614	G	C	14429	7309	50	7	7	32	0.00048453	14447	0.960729	FALSE	ORF1ab:cds-YP_009725295.1	GTT	V	CTT	L	1117
NC_045512.2	3614	G	A	14429	7309	50	5	4	32	0.000346093	14447	0.990364	FALSE	ORF1ab:cds-YP_009724389.1	GTT	V	ATT	I	1117
NC_045512.2	3614	G	A	14429	7309	50	5	4	32	0.000346093	14447	0.990364	FALSE	ORF1ab:cds-YP_009725295.1	GTT	V	ATT	I	1117
NC_045512.2	3615	T	G	12697	5935	51	7	6	30	0.000550704	12711	0.91636	FALSE	ORF1ab:cds-YP_009724389.1	GTT	V	GGT	G	1117
NC_045512.2	3615	T	G	12697	5935	51	7	6	30	0.000550704	12711	0.91636	FALSE	ORF1ab:cds-YP_009725295.1	GTT	V	GGT	G	1117
NC_045512.2	3615	T	A	12697	5935	51	7	7	32	0.000550704	12711	0.91636	FALSE	ORF1ab:cds-YP_009724389.1	GTT	V	GAT	D	1117
NC_045512.2	3615	T	A	12697	5935	51	7	7	32	0.000550704	12711	0.91636	FALSE	ORF1ab:cds-YP_009725295.1	GTT	V	GAT	D	1117
NC_045512.2	3616	T	G	12579	5863	51	5	5	32	0.000397267	12586	0.975507	FALSE	ORF1ab:cds-YP_009724389.1	GTT	V	GTG	V	1117
NC_045512.2	3616	T	G	12579	5863	51	5	5	32	0.000397267	12586	0.975507	FALSE	ORF1ab:cds-YP_009725295.1	GTT	V	GTG	V	1117
NC_045512.2	3616	T	C	12579	5863	51	1	1	26	7.94534e-05	12586	1	FALSE	ORF1ab:cds-YP_009724389.1	GTT	V	GTC	V	1117
NC_045512.2	3616	T	C	12579	5863	51	1	1	26	7.94534e-05	12586	1	FALSE	ORF1ab:cds-YP_009725295.1	GTT	V	GTC	V	1117
NC_045512.2	3616	T	A	12579	5863	51	1	1	34	7.94534e-05	12586	0.999878	FALSE	ORF1ab:cds-YP_009724389.1	GTT	V	GTA	V	1117
NC_045512.2	3616	T	A	12579	5863	51	1	1	34	7.94534e-05	12586	0.999878	FALSE	ORF1ab:cds-YP_009725295.1	GTT	V	GTA	V	1117
NC_045512.2	3617	G	T	12643	5931	52	8	8	33	0.000632161	12655	0.868393	FALSE	ORF1ab:cds-YP_009724389.1	GTC	V	TTC	F	1118
NC_045512.2	3617	G	T	12643	5931	52	8	8	33	0.000632161	12655	0.868393	FALSE	ORF1ab:cds-YP_009725295.1	GTC	V	TTC	F	1118
NC_045512.2	3617	G	C	12643	5931	52	4	4	32	0.000316081	12655	0.989354	FALSE	ORF1ab:cds-YP_009724389.1	GTC	V	CTC	L	1118
NC_045512.2	3617	G	C	12643	5931	52	4	4	32	0.000316081	12655	0.989354	FALSE	ORF1ab:cds-YP_009725295.1	GTC	V	CTC	L	1118
NC_045512.2	3618	T	G	12682	6232	53	7	7	34	0.000551615	12690	0.916545	FALSE	ORF1ab:cds-YP_009724389.1	GTC	V	GGC	G	1118
NC_045512.2	3618	T	G	12682	6232	53	7	7	34	0.000551615	12690	0.916545	FALSE	ORF1ab:cds-YP_009725295.1	GTC	V	GGC	G	1118
NC_045512.2	3618	T	C	12682	6232	53	1	0	68	7.88022e-05	12690	0.499882	FALSE	ORF1ab:cds-YP_009724389.1	GTC	V	GCC	A	1118
NC_045512.2	3618	T	C	12682	6232	53	1	0	68	7.88022e-05	12690	0.499882	FALSE	ORF1ab:cds-YP_009725295.1	GTC	V	GCC	A	1118
NC_045512.2	3619	C	T	12481	6315	52	17	16	36	0.00135946	12505	0.228603	FALSE	ORF1ab:cds-YP_009724389.1	GTC	V	GTT	V	1118
NC_045512.2	3619	C	T	12481	6315	52	17	16	36	0.00135946	12505	0.228603	FALSE	ORF1ab:cds-YP_009725295.1	GTC	V	GTT	V	1118
NC_045512.2	3619	C	G	12481	6315	52	6	6	34	0.000479808	12505	0.951644	FALSE	ORF1ab:cds-YP_009724389.1	GTC	V	GTG	V	1118
NC_045512.2	3619	C	G	12481	6315	52	6	6	34	0.000479808	12505	0.951644	FALSE	ORF1ab:cds-YP_009725295.1	GTC	V	GTG	V	1118
NC_045512.2	3619	C	A	12481	6315	52	1	1	34	7.9968e-05	12505	0.999877	FALSE	ORF1ab:cds-YP_009724389.1	GTC	V	GTA	V	1118
NC_045512.2	3619	C	A	12481	6315	52	1	1	34	7.9968e-05	12505	0.999877	FALSE	ORF1ab:cds-YP_009725295.1	GTC	V	GTA	V	1118
NC_045512.2	3620	G	T	12571	6286	53	6	6	34	0.000476607	12589	0.951747	FALSE	ORF1ab:cds-YP_009724389.1	GGC	G	TGC	C	1119
NC_045512.2	3620	G	T	12571	6286	53	6	6	34	0.000476607	12589	0.951747	FALSE	ORF1ab:cds-YP_009725295.1	GGC	G	TGC	C	1119
NC_045512.2	3620	G	C	12571	6286	53	7	7	32	0.000556041	12589	0.916278	FALSE	ORF1ab:cds-YP_009724389.1	GGC	G	CGC	R	1119
NC_045512.2	3620	G	C	12571	6286	53	7	7	32	0.000556041	12589	0.916278	FALSE	ORF1ab:cds-YP_009725295.1	GGC	G	CGC	R	1119
NC_045512.2	3620	G	A	12571	6286	53	5	5	40	0.000397172	12589	0.109124	FALSE	ORF1ab:cds-YP_009724389.1	GGC	G	AGC	S	1119
NC_045512.2	3620	G	A	12571	6286	53	5	5	40	0.000397172	12589	0.109124	FALSE	ORF1ab:cds-YP_009725295.1	GGC	G	AGC	S	1119
NC_045512.2	3621	G	T	12959	6375	53	10	10	33	0.000770713	12975	0.738058	FALSE	ORF1ab:cds-YP_009724389.1	GGC	G	GTC	V	1119
NC_045512.2	3621	G	T	12959	6375	53	10	10	33	0.000770713	12975	0.738058	FALSE	ORF1ab:cds-YP_009725295.1	GGC	G	GTC	V	1119
NC_045512.2	3621	G	C	12959	6375	53	6	6	34	0.000462428	12975	0.951784	FALSE	ORF1ab:cds-YP_009724389.1	GGC	G	GCC	A	1119
NC_045512.2	3621	G	C	12959	6375	53	6	6	34	0.000462428	12975	0.951784	FALSE	ORF1ab:cds-YP_009725295.1	GGC	G	GCC	A	1119
NC_045512.2	3622	C	T	13019	6520	53	2	1	51	0.000153421	13036	0.249722	FALSE	ORF1ab:cds-YP_009724389.1	GGC	G	GGT	G	1119
NC_045512.2	3622	C	T	13019	6520	53	2	1	51	0.000153421	13036	0.249722	FALSE	ORF1ab:cds-YP_009725295.1	GGC	G	GGT	G	1119
NC_045512.2	3622	C	G	13019	6520	53	10	10	32	0.000767106	13036	0.797354	FALSE	ORF1ab:cds-YP_009724389.1	GGC	G	GGG	G	1119
NC_045512.2	3622	C	G	13019	6520	53	10	10	32	0.000767106	13036	0.797354	FALSE	ORF1ab:cds-YP_009725295.1	GGC	G	GGG	G	1119
NC_045512.2	3622	C	A	13019	6520	53	5	4	34	0.000383553	13036	0.984517	FALSE	ORF1ab:cds-YP_009724389.1	GGC	G	GGA	G	1119
NC_045512.2	3622	C	A	13019	6520	53	5	4	34	0.000383553	13036	0.984517	FALSE	ORF1ab:cds-YP_009725295.1	GGC	G	GGA	G	1119
NC_045512.2	3623	C	T	12977	6528	53	3	2	30	0.000230929	12991	0.996299	FALSE	ORF1ab:cds-YP_009724389.1	CCA	P	TCA	S	1120
NC_045512.2	3623	C	T	12977	6528	53	3	2	30	0.000230929	12991	0.996299	FALSE	ORF1ab:cds-YP_009725295.1	CCA	P	TCA	S	1120
NC_045512.2	3623	C	G	12977	6528	53	11	11	32	0.00084674	12991	0.661112	FALSE	ORF1ab:cds-YP_009724389.1	CCA	P	GCA	A	1120
NC_045512.2	3623	C	G	12977	6528	53	11	11	32	0.00084674	12991	0.661112	FALSE	ORF1ab:cds-YP_009725295.1	CCA	P	GCA	A	1120
NC_045512.2	3624	C	T	12844	6685	52	1	1	34	7.77847e-05	12856	0.999878	FALSE	ORF1ab:cds-YP_009724389.1	CCA	P	CTA	L	1120
NC_045512.2	3624	C	T	12844	6685	52	1	1	34	7.77847e-05	12856	0.999878	FALSE	ORF1ab:cds-YP_009725295.1	CCA	P	CTA	L	1120
NC_045512.2	3624	C	G	12844	6685	52	6	6	34	0.000466708	12856	0.951849	FALSE	ORF1ab:cds-YP_009724389.1	CCA	P	CGA	R	1120
NC_045512.2	3624	C	G	12844	6685	52	6	6	34	0.000466708	12856	0.951849	FALSE	ORF1ab:cds-YP_009725295.1	CCA	P	CGA	R	1120
NC_045512.2	3624	C	A	12844	6685	52	5	4	40	0.000388923	12856	0.109238	FALSE	ORF1ab:cds-YP_009724389.1	CCA	P	CAA	Q	1120
NC_045512.2	3624	C	A	12844	6685	52	5	4	40	0.000388923	12856	0.109238	FALSE	ORF1ab:cds-YP_009725295.1	CCA	P	CAA	Q	1120
NC_045512.2	3625	A	T	12917	6682	53	1	1	34	7.73036e-05	12936	0.999877	FALSE	ORF1ab:cds-YP_009724389.1	CCA	P	CCT	P	1120
NC_045512.2	3625	A	T	12917	6682	53	1	1	34	7.73036e-05	12936	0.999877	FALSE	ORF1ab:cds-YP_009725295.1	CCA	P	CCT	P	1120
NC_045512.2	3625	A	G	12917	6682	53	1	1	34	7.73036e-05	12936	0.999877	FALSE	ORF1ab:cds-YP_009724389.1	CCA	P	CCG	P	1120
NC_045512.2	3625	A	G	12917	6682	53	1	1	34	7.73036e-05	12936	0.999877	FALSE	ORF1ab:cds-YP_009725295.1	CCA	P	CCG	P	1120
NC_045512.2	3625	A	C	12917	6682	53	17	17	33	0.00131416	12936	0.228938	FALSE	ORF1ab:cds-YP_009724389.1	CCA	P	CCC	P	1120
NC_045512.2	3625	A	C	12917	6682	53	17	17	33	0.00131416	12936	0.228938	FALSE	ORF1ab:cds-YP_009725295.1	CCA	P	CCC	P	1120
NC_045512.2	3626	A	T	13036	6759	53	3	3	34	0.000229832	13053	0.997902	FALSE	ORF1ab:cds-YP_009724389.1	AAT	N	TAT	Y	1121
NC_045512.2	3626	A	T	13036	6759	53	3	3	34	0.000229832	13053	0.997902	FALSE	ORF1ab:cds-YP_009725295.1	AAT	N	TAT	Y	1121
NC_045512.2	3626	A	G	13036	6759	53	3	1	31	0.000229832	13053	0.997902	FALSE	ORF1ab:cds-YP_009724389.1	AAT	N	GAT	D	1121
NC_045512.2	3626	A	G	13036	6759	53	3	1	31	0.000229832	13053	0.997902	FALSE	ORF1ab:cds-YP_009725295.1	AAT	N	GAT	D	1121
NC_045512.2	3626	A	C	13036	6759	53	11	11	31	0.000842718	13053	0.729152	FALSE	ORF1ab:cds-YP_009724389.1	AAT	N	CAT	H	1121
NC_045512.2	3626	A	C	13036	6759	53	11	11	31	0.000842718	13053	0.729152	FALSE	ORF1ab:cds-YP_009725295.1	AAT	N	CAT	H	1121
NC_045512.2	3627	A	T	12988	6757	52	1	1	34	7.69231e-05	13000	0.999939	FALSE	ORF1ab:cds-YP_009724389.1	AAT	N	ATT	I	1121
NC_045512.2	3627	A	T	12988	6757	52	1	1	34	7.69231e-05	13000	0.999939	FALSE	ORF1ab:cds-YP_009725295.1	AAT	N	ATT	I	1121
NC_045512.2	3627	A	G	12988	6757	52	2	2	29	0.000153846	13000	1	FALSE	ORF1ab:cds-YP_009724389.1	AAT	N	AGT	S	1121
NC_045512.2	3627	A	G	12988	6757	52	2	2	29	0.000153846	13000	1	FALSE	ORF1ab:cds-YP_009725295.1	AAT	N	AGT	S	1121
NC_045512.2	3627	A	C	12988	6757	52	9	9	34	0.000692308	13000	0.85684	FALSE	ORF1ab:cds-YP_009724389.1	AAT	N	ACT	T	1121
NC_045512.2	3627	A	C	12988	6757	52	9	9	34	0.000692308	13000	0.85684	FALSE	ORF1ab:cds-YP_009725295.1	AAT	N	ACT	T	1121
NC_045512.2	3628	T	G	13083	6767	52	3	3	31	0.000228938	13104	0.997898	FALSE	ORF1ab:cds-YP_009724389.1	AAT	N	AAG	K	1121
NC_045512.2	3628	T	G	13083	6767	52	3	3	31	0.000228938	13104	0.997898	FALSE	ORF1ab:cds-YP_009725295.1	AAT	N	AAG	K	1121
NC_045512.2	3628	T	C	13083	6767	52	1	1	34	7.63126e-05	13104	0.999939	FALSE	ORF1ab:cds-YP_009724389.1	AAT	N	AAC	N	1121
NC_045512.2	3628	T	C	13083	6767	52	1	1	34	7.63126e-05	13104	0.999939	FALSE	ORF1ab:cds-YP_009725295.1	AAT	N	AAC	N	1121
NC_045512.2	3628	T	A	13083	6767	52	17	17	33	0.00129731	13104	0.292007	FALSE	ORF1ab:cds-YP_009724389.1	AAT	N	AAA	K	1121
NC_045512.2	3628	T	A	13083	6767	52	17	17	33	0.00129731	13104	0.292007	FALSE	ORF1ab:cds-YP_009725295.1	AAT	N	AAA	K	1121
NC_045512.2	3629	G	T	13123	6821	52	8	8	33	0.000608782	13141	0.905199	FALSE	ORF1ab:cds-YP_009724389.1	GTT	V	TTT	F	1122
NC_045512.2	3629	G	T	13123	6821	52	8	8	33	0.000608782	13141	0.905199	FALSE	ORF1ab:cds-YP_009725295.1	GTT	V	TTT	F	1122
NC_045512.2	3629	G	A	13123	6821	52	10	10	33	0.000760977	13141	0.797304	FALSE	ORF1ab:cds-YP_009724389.1	GTT	V	ATT	I	1122
NC_045512.2	3629	G	A	13123	6821	52	10	10	33	0.000760977	13141	0.797304	FALSE	ORF1ab:cds-YP_009725295.1	GTT	V	ATT	I	1122
NC_045512.2	3630	T	G	12574	6353	52	8	8	30	0.000635324	12592	0.868164	FALSE	ORF1ab:cds-YP_009724389.1	GTT	V	GGT	G	1122
NC_045512.2	3630	T	G	12574	6353	52	8	8	30	0.000635324	12592	0.868164	FALSE	ORF1ab:cds-YP_009725295.1	GTT	V	GGT	G	1122
NC_045512.2	3630	T	C	12574	6353	52	2	1	51	0.000158831	12592	0.249692	FALSE	ORF1ab:cds-YP_009724389.1	GTT	V	GCT	A	1122
NC_045512.2	3630	T	C	12574	6353	52	2	1	51	0.000158831	12592	0.249692	FALSE	ORF1ab:cds-YP_009725295.1	GTT	V	GCT	A	1122
NC_045512.2	3630	T	A	12574	6353	52	8	8	32	0.000635324	12592	0.868164	FALSE	ORF1ab:cds-YP_009724389.1	GTT	V	GAT	D	1122
NC_045512.2	3630	T	A	12574	6353	52	8	8	32	0.000635324	12592	0.868164	FALSE	ORF1ab:cds-YP_009725295.1	GTT	V	GAT	D	1122
NC_045512.2	3631	T	G	12818	6539	53	6	6	32	0.000467581	12832	0.951816	FALSE	ORF1ab:cds-YP_009724389.1	GTT	V	GTG	V	1122
NC_045512.2	3631	T	G	12818	6539	53	6	6	32	0.000467581	12832	0.951816	FALSE	ORF1ab:cds-YP_009725295.1	GTT	V	GTG	V	1122
NC_045512.2	3631	T	C	12818	6539	53	6	6	33	0.000467581	12832	0.951816	FALSE	ORF1ab:cds-YP_009724389.1	GTT	V	GTC	V	1122
NC_045512.2	3631	T	C	12818	6539	53	6	6	33	0.000467581	12832	0.951816	FALSE	ORF1ab:cds-YP_009725295.1	GTT	V	GTC	V	1122
NC_045512.2	3631	T	A	12818	6539	53	2	2	30	0.00015586	12832	0.999082	FALSE	ORF1ab:cds-YP_009724389.1	GTT	V	GTA	V	1122
NC_045512.2	3631	T	A	12818	6539	53	2	2	30	0.00015586	12832	0.999082	FALSE	ORF1ab:cds-YP_009725295.1	GTT	V	GTA	V	1122
NC_045512.2	3632	A	T	12875	6611	53	12	12	32	0.000930377	12898	0.579877	FALSE	ORF1ab:cds-YP_009724389.1	AAC	N	TAC	Y	1123
NC_045512.2	3632	A	T	12875	6611	53	12	12	32	0.000930377	12898	0.579877	FALSE	ORF1ab:cds-YP_009725295.1	AAC	N	TAC	Y	1123
NC_045512.2	3632	A	G	12875	6611	53	10	10	31	0.000775314	12898	0.737638	FALSE	ORF1ab:cds-YP_009724389.1	AAC	N	GAC	D	1123
NC_045512.2	3632	A	G	12875	6611	53	10	10	31	0.000775314	12898	0.737638	FALSE	ORF1ab:cds-YP_009725295.1	AAC	N	GAC	D	1123
NC_045512.2	3632	A	C	12875	6611	53	1	1	34	7.75314e-05	12898	0.999877	FALSE	ORF1ab:cds-YP_009724389.1	AAC	N	CAC	H	1123
NC_045512.2	3632	A	C	12875	6611	53	1	1	34	7.75314e-05	12898	0.999877	FALSE	ORF1ab:cds-YP_009725295.1	AAC	N	CAC	H	1123
NC_045512.2	3633	A	T	12785	6636	52	11	11	33	0.000859442	12799	0.661111	FALSE	ORF1ab:cds-YP_009724389.1	AAC	N	ATC	I	1123
NC_045512.2	3633	A	T	12785	6636	52	11	11	33	0.000859442	12799	0.661111	FALSE	ORF1ab:cds-YP_009725295.1	AAC	N	ATC	I	1123
NC_045512.2	3633	A	G	12785	6636	52	2	1	42	0.000156262	12799	0.499678	FALSE	ORF1ab:cds-YP_009724389.1	AAC	N	AGC	S	1123
NC_045512.2	3633	A	G	12785	6636	52	2	1	42	0.000156262	12799	0.499678	FALSE	ORF1ab:cds-YP_009725295.1	AAC	N	AGC	S	1123
NC_045512.2	3633	A	C	12785	6636	52	1	1	34	7.81311e-05	12799	0.999878	FALSE	ORF1ab:cds-YP_009724389.1	AAC	N	ACC	T	1123
NC_045512.2	3633	A	C	12785	6636	52	1	1	34	7.81311e-05	12799	0.999878	FALSE	ORF1ab:cds-YP_009725295.1	AAC	N	ACC	T	1123
NC_045512.2	3634	C	T	12875	6651	53	7	7	34	0.000542762	12897	0.916178	FALSE	ORF1ab:cds-YP_009724389.1	AAC	N	AAT	N	1123
NC_045512.2	3634	C	T	12875	6651	53	7	7	34	0.000542762	12897	0.916178	FALSE	ORF1ab:cds-YP_009725295.1	AAC	N	AAT	N	1123
NC_045512.2	3634	C	A	12875	6651	53	15	15	33	0.00116306	12897	0.350026	FALSE	ORF1ab:cds-YP_009724389.1	AAC	N	AAA	K	1123
NC_045512.2	3634	C	A	12875	6651	53	15	15	33	0.00116306	12897	0.350026	FALSE	ORF1ab:cds-YP_009725295.1	AAC	N	AAA	K	1123
NC_045512.2	3635	A	G	12826	6605	53	6	4	39	0.000467253	12841	0.951799	FALSE	ORF1ab:cds-YP_009724389.1	AAA	K	GAA	E	1124
NC_045512.2	3635	A	G	12826	6605	53	6	4	39	0.000467253	12841	0.951799	FALSE	ORF1ab:cds-YP_009725295.1	AAA	K	GAA	E	1124
NC_045512.2	3635	A	C	12826	6605	53	9	7	33	0.00070088	12841	0.808197	FALSE	ORF1ab:cds-YP_009724389.1	AAA	K	CAA	Q	1124
NC_045512.2	3635	A	C	12826	6605	53	9	7	33	0.00070088	12841	0.808197	FALSE	ORF1ab:cds-YP_009725295.1	AAA	K	CAA	Q	1124
NC_045512.2	3636	A	T	12841	6956	53	3	3	34	0.00023339	12854	0.996301	FALSE	ORF1ab:cds-YP_009724389.1	AAA	K	ATA	I	1124
NC_045512.2	3636	A	T	12841	6956	53	3	3	34	0.00023339	12854	0.996301	FALSE	ORF1ab:cds-YP_009725295.1	AAA	K	ATA	I	1124
NC_045512.2	3636	A	G	12841	6956	53	1	0	27	7.77968e-05	12854	1	FALSE	ORF1ab:cds-YP_009724389.1	AAA	K	AGA	R	1124
NC_045512.2	3636	A	G	12841	6956	53	1	0	27	7.77968e-05	12854	1	FALSE	ORF1ab:cds-YP_009725295.1	AAA	K	AGA	R	1124
NC_045512.2	3636	A	C	12841	6956	53	9	8	32	0.000700171	12854	0.808296	FALSE	ORF1ab:cds-YP_009724389.1	AAA	K	ACA	T	1124
NC_045512.2	3636	A	C	12841	6956	53	9	8	32	0.000700171	12854	0.808296	FALSE	ORF1ab:cds-YP_009725295.1	AAA	K	ACA	T	1124
NC_045512.2	3637	A	T	12396	6964	50	2	2	34	0.000161173	12409	0.999082	FALSE	ORF1ab:cds-YP_009724389.1	AAA	K	AAT	N	1124
NC_045512.2	3637	A	T	12396	6964	50	2	2	34	0.000161173	12409	0.999082	FALSE	ORF1ab:cds-YP_009725295.1	AAA	K	AAT	N	1124
NC_045512.2	3637	A	G	12396	6964	50	2	2	51	0.000161173	12409	0.249788	FALSE	ORF1ab:cds-YP_009724389.1	AAA	K	AAG	K	1124
NC_045512.2	3637	A	G	12396	6964	50	2	2	51	0.000161173	12409	0.249788	FALSE	ORF1ab:cds-YP_009725295.1	AAA	K	AAG	K	1124
NC_045512.2	3637	A	C	12396	6964	50	9	9	33	0.00072528	12409	0.808294	FALSE	ORF1ab:cds-YP_009724389.1	AAA	K	AAC	N	1124
NC_045512.2	3637	A	C	12396	6964	50	9	9	33	0.00072528	12409	0.808294	FALSE	ORF1ab:cds-YP_009725295.1	AAA	K	AAC	N	1124
NC_045512.2	3638	G	T	13343	7064	53	3	3	34	0.000224517	13362	0.9979	FALSE	ORF1ab:cds-YP_009724389.1	GGT	G	TGT	C	1125
NC_045512.2	3638	G	T	13343	7064	53	3	3	34	0.000224517	13362	0.9979	FALSE	ORF1ab:cds-YP_009725295.1	GGT	G	TGT	C	1125
NC_045512.2	3638	G	C	13343	7064	53	2	2	34	0.000149678	13362	0.999509	FALSE	ORF1ab:cds-YP_009724389.1	GGT	G	CGT	R	1125
NC_045512.2	3638	G	C	13343	7064	53	2	2	34	0.000149678	13362	0.999509	FALSE	ORF1ab:cds-YP_009725295.1	GGT	G	CGT	R	1125
NC_045512.2	3638	G	A	13343	7064	53	14	14	35	0.00104775	13362	0.499687	FALSE	ORF1ab:cds-YP_009724389.1	GGT	G	AGT	S	1125
NC_045512.2	3638	G	A	13343	7064	53	14	14	35	0.00104775	13362	0.499687	FALSE	ORF1ab:cds-YP_009725295.1	GGT	G	AGT	S	1125
NC_045512.2	3639	G	T	13397	7260	54	9	8	34	0.000670591	13421	0.856402	FALSE	ORF1ab:cds-YP_009724389.1	GGT	G	GTT	V	1125
NC_045512.2	3639	G	T	13397	7260	54	9	8	34	0.000670591	13421	0.856402	FALSE	ORF1ab:cds-YP_009725295.1	GGT	G	GTT	V	1125
NC_045512.2	3639	G	C	13397	7260	54	2	1	30	0.00014902	13421	0.999508	FALSE	ORF1ab:cds-YP_009724389.1	GGT	G	GCT	A	1125
NC_045512.2	3639	G	C	13397	7260	54	2	1	30	0.00014902	13421	0.999508	FALSE	ORF1ab:cds-YP_009725295.1	GGT	G	GCT	A	1125
NC_045512.2	3639	G	A	13397	7260	54	13	12	34	0.000968631	13421	0.576777	FALSE	ORF1ab:cds-YP_009724389.1	GGT	G	GAT	D	1125
NC_045512.2	3639	G	A	13397	7260	54	13	12	34	0.000968631	13421	0.576777	FALSE	ORF1ab:cds-YP_009725295.1	GGT	G	GAT	D	1125
NC_045512.2	3640	T	G	13281	7133	54	17	17	32	0.00127743	13308	0.291584	FALSE	ORF1ab:cds-YP_009724389.1	GGT	G	GGG	G	1125
NC_045512.2	3640	T	G	13281	7133	54	17	17	32	0.00127743	13308	0.291584	FALSE	ORF1ab:cds-YP_009725295.1	GGT	G	GGG	G	1125
NC_045512.2	3640	T	C	13281	7133	54	2	1	51	0.000150286	13308	0.24954	FALSE	ORF1ab:cds-YP_009724389.1	GGT	G	GGC	G	1125
NC_045512.2	3640	T	C	13281	7133	54	2	1	51	0.000150286	13308	0.24954	FALSE	ORF1ab:cds-YP_009725295.1	GGT	G	GGC	G	1125
NC_045512.2	3640	T	A	13281	7133	54	8	8	31	0.000601142	13308	0.904938	FALSE	ORF1ab:cds-YP_009724389.1	GGT	G	GGA	G	1125
NC_045512.2	3640	T	A	13281	7133	54	8	8	31	0.000601142	13308	0.904938	FALSE	ORF1ab:cds-YP_009725295.1	GGT	G	GGA	G	1125
NC_045512.2	3641	G	T	13331	7285	54	13	13	32	0.000973929	13348	0.577302	FALSE	ORF1ab:cds-YP_009724389.1	GAA	E	TAA	*	1126
NC_045512.2	3641	G	T	13331	7285	54	13	13	32	0.000973929	13348	0.577302	FALSE	ORF1ab:cds-YP_009725295.1	GAA	E	TAA	*	1126
NC_045512.2	3641	G	C	13331	7285	54	3	3	34	0.000224753	13348	0.997902	FALSE	ORF1ab:cds-YP_009724389.1	GAA	E	CAA	Q	1126
NC_045512.2	3641	G	C	13331	7285	54	3	3	34	0.000224753	13348	0.997902	FALSE	ORF1ab:cds-YP_009725295.1	GAA	E	CAA	Q	1126
NC_045512.2	3641	G	A	13331	7285	54	1	1	34	7.49176e-05	13348	0.999939	FALSE	ORF1ab:cds-YP_009724389.1	GAA	E	AAA	K	1126
NC_045512.2	3641	G	A	13331	7285	54	1	1	34	7.49176e-05	13348	0.999939	FALSE	ORF1ab:cds-YP_009725295.1	GAA	E	AAA	K	1126
NC_045512.2	3642	A	T	13336	7429	54	8	8	31	0.000598668	13363	0.90494	FALSE	ORF1ab:cds-YP_009724389.1	GAA	E	GTA	V	1126
NC_045512.2	3642	A	T	13336	7429	54	8	8	31	0.000598668	13363	0.90494	FALSE	ORF1ab:cds-YP_009725295.1	GAA	E	GTA	V	1126
NC_045512.2	3642	A	G	13336	7429	54	16	16	33	0.00119734	13363	0.354703	FALSE	ORF1ab:cds-YP_009724389.1	GAA	E	GGA	G	1126
NC_045512.2	3642	A	G	13336	7429	54	16	16	33	0.00119734	13363	0.354703	FALSE	ORF1ab:cds-YP_009725295.1	GAA	E	GGA	G	1126
NC_045512.2	3642	A	C	13336	7429	54	3	3	34	0.0002245	13363	0.997893	FALSE	ORF1ab:cds-YP_009724389.1	GAA	E	GCA	A	1126
NC_045512.2	3642	A	C	13336	7429	54	3	3	34	0.0002245	13363	0.997893	FALSE	ORF1ab:cds-YP_009725295.1	GAA	E	GCA	A	1126
NC_045512.2	3643	A	T	13317	7465	54	8	8	33	0.00059979	13338	0.905114	FALSE	ORF1ab:cds-YP_009724389.1	GAA	E	GAT	D	1126
NC_045512.2	3643	A	T	13317	7465	54	8	8	33	0.00059979	13338	0.905114	FALSE	ORF1ab:cds-YP_009725295.1	GAA	E	GAT	D	1126
NC_045512.2	3643	A	G	13317	7465	54	9	8	36	0.000674764	13338	0.85652	FALSE	ORF1ab:cds-YP_009724389.1	GAA	E	GAG	E	1126
NC_045512.2	3643	A	G	13317	7465	54	9	8	36	0.000674764	13338	0.85652	FALSE	ORF1ab:cds-YP_009725295.1	GAA	E	GAG	E	1126
NC_045512.2	3643	A	C	13317	7465	54	4	4	29	0.000299895	13338	1	FALSE	ORF1ab:cds-YP_009724389.1	GAA	E	GAC	D	1126
NC_045512.2	3643	A	C	13317	7465	54	4	4	29	0.000299895	13338	1	FALSE	ORF1ab:cds-YP_009725295.1	GAA	E	GAC	D	1126
NC_045512.2	3644	G	T	13373	7460	54	3	3	34	0.000223981	13394	0.997899	FALSE	ORF1ab:cds-YP_009724389.1	GAC	D	TAC	Y	1127
NC_045512.2	3644	G	T	13373	7460	54	3	3	34	0.000223981	13394	0.997899	FALSE	ORF1ab:cds-YP_009725295.1	GAC	D	TAC	Y	1127
NC_045512.2	3644	G	C	13373	7460	54	2	2	30	0.000149321	13394	0.999509	FALSE	ORF1ab:cds-YP_009724389.1	GAC	D	CAC	H	1127
NC_045512.2	3644	G	C	13373	7460	54	2	2	30	0.000149321	13394	0.999509	FALSE	ORF1ab:cds-YP_009725295.1	GAC	D	CAC	H	1127
NC_045512.2	3644	G	A	13373	7460	54	16	16	33	0.00119456	13394	0.355158	FALSE	ORF1ab:cds-YP_009724389.1	GAC	D	AAC	N	1127
NC_045512.2	3644	G	A	13373	7460	54	16	16	33	0.00119456	13394	0.355158	FALSE	ORF1ab:cds-YP_009725295.1	GAC	D	AAC	N	1127
NC_045512.2	3645	A	T	13286	7563	53	2	1	30	0.000150319	13305	0.999509	FALSE	ORF1ab:cds-YP_009724389.1	GAC	D	GTC	V	1127
NC_045512.2	3645	A	T	13286	7563	53	2	1	30	0.000150319	13305	0.999509	FALSE	ORF1ab:cds-YP_009725295.1	GAC	D	GTC	V	1127
NC_045512.2	3645	A	G	13286	7563	53	10	9	33	0.000751597	13305	0.797256	FALSE	ORF1ab:cds-YP_009724389.1	GAC	D	GGC	G	1127
NC_045512.2	3645	A	G	13286	7563	53	10	9	33	0.000751597	13305	0.797256	FALSE	ORF1ab:cds-YP_009725295.1	GAC	D	GGC	G	1127
NC_045512.2	3645	A	C	13286	7563	53	7	7	31	0.000526118	13305	0.942195	FALSE	ORF1ab:cds-YP_009724389.1	GAC	D	GCC	A	1127
NC_045512.2	3645	A	C	13286	7563	53	7	7	31	0.000526118	13305	0.942195	FALSE	ORF1ab:cds-YP_009725295.1	GAC	D	GCC	A	1127
NC_045512.2	3646	C	T	13476	7623	54	1	1	34	7.40576e-05	13503	0.999938	FALSE	ORF1ab:cds-YP_009724389.1	GAC	D	GAT	D	1127
NC_045512.2	3646	C	T	13476	7623	54	1	1	34	7.40576e-05	13503	0.999938	FALSE	ORF1ab:cds-YP_009725295.1	GAC	D	GAT	D	1127
NC_045512.2	3646	C	G	13476	7623	54	6	5	31	0.000444346	13503	0.968031	FALSE	ORF1ab:cds-YP_009724389.1	GAC	D	GAG	E	1127
NC_045512.2	3646	C	G	13476	7623	54	6	5	31	0.000444346	13503	0.968031	FALSE	ORF1ab:cds-YP_009725295.1	GAC	D	GAG	E	1127
NC_045512.2	3646	C	A	13476	7623	54	20	20	32	0.00148115	13503	0.147658	FALSE	ORF1ab:cds-YP_009724389.1	GAC	D	GAA	E	1127
NC_045512.2	3646	C	A	13476	7623	54	20	20	32	0.00148115	13503	0.147658	FALSE	ORF1ab:cds-YP_009725295.1	GAC	D	GAA	E	1127
NC_045512.2	3647	A	T	12867	7213	54	2	2	34	0.000155219	12885	0.99908	FALSE	ORF1ab:cds-YP_009724389.1	ATT	I	TTT	F	1128
NC_045512.2	3647	A	T	12867	7213	54	2	2	34	0.000155219	12885	0.99908	FALSE	ORF1ab:cds-YP_009725295.1	ATT	I	TTT	F	1128
NC_045512.2	3647	A	G	12867	7213	54	8	7	38	0.000620877	12885	0.868169	FALSE	ORF1ab:cds-YP_009724389.1	ATT	I	GTT	V	1128
NC_045512.2	3647	A	G	12867	7213	54	8	7	38	0.000620877	12885	0.868169	FALSE	ORF1ab:cds-YP_009725295.1	ATT	I	GTT	V	1128
NC_045512.2	3647	A	C	12867	7213	54	8	8	34	0.000620877	12885	0.868169	FALSE	ORF1ab:cds-YP_009724389.1	ATT	I	CTT	L	1128
NC_045512.2	3647	A	C	12867	7213	54	8	8	34	0.000620877	12885	0.868169	FALSE	ORF1ab:cds-YP_009725295.1	ATT	I	CTT	L	1128
NC_045512.2	3648	T	G	12949	7310	54	3	2	28	0.000231196	12976	1	FALSE	ORF1ab:cds-YP_009724389.1	ATT	I	AGT	S	1128
NC_045512.2	3648	T	G	12949	7310	54	3	2	28	0.000231196	12976	1	FALSE	ORF1ab:cds-YP_009725295.1	ATT	I	AGT	S	1128
NC_045512.2	3648	T	C	12949	7310	54	9	9	31	0.000693588	12976	0.807614	FALSE	ORF1ab:cds-YP_009724389.1	ATT	I	ACT	T	1128
NC_045512.2	3648	T	C	12949	7310	54	9	9	31	0.000693588	12976	0.807614	FALSE	ORF1ab:cds-YP_009725295.1	ATT	I	ACT	T	1128
NC_045512.2	3648	T	A	12949	7310	54	15	15	32	0.00115598	12976	0.349655	FALSE	ORF1ab:cds-YP_009724389.1	ATT	I	AAT	N	1128
NC_045512.2	3648	T	A	12949	7310	54	15	15	32	0.00115598	12976	0.349655	FALSE	ORF1ab:cds-YP_009725295.1	ATT	I	AAT	N	1128
NC_045512.2	3649	T	C	12978	7342	54	9	9	33	0.000692734	12992	0.808248	FALSE	ORF1ab:cds-YP_009724389.1	ATT	I	ATC	I	1128
NC_045512.2	3649	T	C	12978	7342	54	9	9	33	0.000692734	12992	0.808248	FALSE	ORF1ab:cds-YP_009725295.1	ATT	I	ATC	I	1128
NC_045512.2	3649	T	A	12978	7342	54	5	5	32	0.000384852	12992	0.975443	FALSE	ORF1ab:cds-YP_009724389.1	ATT	I	ATA	I	1128
NC_045512.2	3649	T	A	12978	7342	54	5	5	32	0.000384852	12992	0.975443	FALSE	ORF1ab:cds-YP_009725295.1	ATT	I	ATA	I	1128
NC_045512.2	3650	C	T	12930	7323	54	16	16	33	0.00123495	12956	0.285059	FALSE	ORF1ab:cds-YP_009724389.1	CAA	Q	TAA	*	1129
NC_045512.2	3650	C	T	12930	7323	54	16	16	33	0.00123495	12956	0.285059	FALSE	ORF1ab:cds-YP_009725295.1	CAA	Q	TAA	*	1129
NC_045512.2	3650	C	G	12930	7323	54	3	3	34	0.000231553	12956	0.99628	FALSE	ORF1ab:cds-YP_009724389.1	CAA	Q	GAA	E	1129
NC_045512.2	3650	C	G	12930	7323	54	3	3	34	0.000231553	12956	0.99628	FALSE	ORF1ab:cds-YP_009725295.1	CAA	Q	GAA	E	1129
NC_045512.2	3650	C	A	12930	7323	54	7	7	31	0.00054029	12956	0.916075	FALSE	ORF1ab:cds-YP_009724389.1	CAA	Q	AAA	K	1129
NC_045512.2	3650	C	A	12930	7323	54	7	7	31	0.00054029	12956	0.916075	FALSE	ORF1ab:cds-YP_009725295.1	CAA	Q	AAA	K	1129
NC_045512.2	3651	A	T	12917	7379	54	15	15	32	0.00115902	12942	0.349803	FALSE	ORF1ab:cds-YP_009724389.1	CAA	Q	CTA	L	1129
NC_045512.2	3651	A	T	12917	7379	54	15	15	32	0.00115902	12942	0.349803	FALSE	ORF1ab:cds-YP_009725295.1	CAA	Q	CTA	L	1129
NC_045512.2	3651	A	G	12917	7379	54	3	3	45	0.000231803	12942	0.311877	FALSE	ORF1ab:cds-YP_009724389.1	CAA	Q	CGA	R	1129
NC_045512.2	3651	A	G	12917	7379	54	3	3	45	0.000231803	12942	0.311877	FALSE	ORF1ab:cds-YP_009725295.1	CAA	Q	CGA	R	1129
NC_045512.2	3651	A	C	12917	7379	54	7	7	32	0.000540875	12942	0.916101	FALSE	ORF1ab:cds-YP_009724389.1	CAA	Q	CCA	P	1129
NC_045512.2	3651	A	C	12917	7379	54	7	7	32	0.000540875	12942	0.916101	FALSE	ORF1ab:cds-YP_009725295.1	CAA	Q	CCA	P	1129
NC_045512.2	3652	A	T	12664	7475	51	10	10	33	0.000788271	12686	0.737688	FALSE	ORF1ab:cds-YP_009724389.1	CAA	Q	CAT	H	1129
NC_045512.2	3652	A	T	12664	7475	51	10	10	33	0.000788271	12686	0.737688	FALSE	ORF1ab:cds-YP_009725295.1	CAA	Q	CAT	H	1129
NC_045512.2	3652	A	G	12664	7475	51	1	1	34	7.88271e-05	12686	0.999877	FALSE	ORF1ab:cds-YP_009724389.1	CAA	Q	CAG	Q	1129
NC_045512.2	3652	A	G	12664	7475	51	1	1	34	7.88271e-05	12686	0.999877	FALSE	ORF1ab:cds-YP_009725295.1	CAA	Q	CAG	Q	1129
NC_045512.2	3652	A	C	12664	7475	51	11	9	32	0.000867098	12686	0.660551	FALSE	ORF1ab:cds-YP_009724389.1	CAA	Q	CAC	H	1129
NC_045512.2	3652	A	C	12664	7475	51	11	9	32	0.000867098	12686	0.660551	FALSE	ORF1ab:cds-YP_009725295.1	CAA	Q	CAC	H	1129
NC_045512.2	3653	C	T	13218	7635	54	2	2	34	0.000151092	13237	0.999509	FALSE	ORF1ab:cds-YP_009724389.1	CTT	L	TTT	F	1130
NC_045512.2	3653	C	T	13218	7635	54	2	2	34	0.000151092	13237	0.999509	FALSE	ORF1ab:cds-YP_009725295.1	CTT	L	TTT	F	1130
NC_045512.2	3653	C	G	13218	7635	54	2	1	30	0.000151092	13237	0.999509	FALSE	ORF1ab:cds-YP_009724389.1	CTT	L	GTT	V	1130
NC_045512.2	3653	C	G	13218	7635	54	2	1	30	0.000151092	13237	0.999509	FALSE	ORF1ab:cds-YP_009725295.1	CTT	L	GTT	V	1130
NC_045512.2	3653	C	A	13218	7635	54	15	15	35	0.00113319	13237	0.425	FALSE	ORF1ab:cds-YP_009724389.1	CTT	L	ATT	I	1130
NC_045512.2	3653	C	A	13218	7635	54	15	15	35	0.00113319	13237	0.425	FALSE	ORF1ab:cds-YP_009725295.1	CTT	L	ATT	I	1130
NC_045512.2	3654	T	G	13062	7483	54	4	4	32	0.000305694	13085	0.993601	FALSE	ORF1ab:cds-YP_009724389.1	CTT	L	CGT	R	1130
NC_045512.2	3654	T	G	13062	7483	54	4	4	32	0.000305694	13085	0.993601	FALSE	ORF1ab:cds-YP_009725295.1	CTT	L	CGT	R	1130
NC_045512.2	3654	T	C	13062	7483	54	10	10	33	0.000764234	13085	0.797042	FALSE	ORF1ab:cds-YP_009724389.1	CTT	L	CCT	P	1130
NC_045512.2	3654	T	C	13062	7483	54	10	10	33	0.000764234	13085	0.797042	FALSE	ORF1ab:cds-YP_009725295.1	CTT	L	CCT	P	1130
NC_045512.2	3654	T	A	13062	7483	54	9	9	34	0.00068781	13085	0.856432	FALSE	ORF1ab:cds-YP_009724389.1	CTT	L	CAT	H	1130
NC_045512.2	3654	T	A	13062	7483	54	9	9	34	0.00068781	13085	0.856432	FALSE	ORF1ab:cds-YP_009725295.1	CTT	L	CAT	H	1130
NC_045512.2	3655	T	C	13364	7143	50	10	10	33	0.000747384	13380	0.797411	FALSE	ORF1ab:cds-YP_009724389.1	CTT	L	CTC	L	1130
NC_045512.2	3655	T	C	13364	7143	50	10	10	33	0.000747384	13380	0.797411	FALSE	ORF1ab:cds-YP_009725295.1	CTT	L	CTC	L	1130
NC_045512.2	3655	T	A	13364	7143	50	6	6	34	0.00044843	13380	0.968158	FALSE	ORF1ab:cds-YP_009724389.1	CTT	L	CTA	L	1130
NC_045512.2	3655	T	A	13364	7143	50	6	6	34	0.00044843	13380	0.968158	FALSE	ORF1ab:cds-YP_009725295.1	CTT	L	CTA	L	1130
NC_045512.2	3656	C	T	13843	7644	54	15	15	32	0.00108217	13861	0.425088	FALSE	ORF1ab:cds-YP_009724389.1	CTT	L	TTT	F	1131
NC_045512.2	3656	C	T	13843	7644	54	15	15	32	0.00108217	13861	0.425088	FALSE	ORF1ab:cds-YP_009725295.1	CTT	L	TTT	F	1131
NC_045512.2	3656	C	A	13843	7644	54	3	3	28	0.000216435	13861	1	FALSE	ORF1ab:cds-YP_009724389.1	CTT	L	ATT	I	1131
NC_045512.2	3656	C	A	13843	7644	54	3	3	28	0.000216435	13861	1	FALSE	ORF1ab:cds-YP_009725295.1	CTT	L	ATT	I	1131
NC_045512.2	3657	T	C	13872	7669	54	11	10	36	0.000792279	13884	0.72946	FALSE	ORF1ab:cds-YP_009724389.1	CTT	L	CCT	P	1131
NC_045512.2	3657	T	C	13872	7669	54	11	10	36	0.000792279	13884	0.72946	FALSE	ORF1ab:cds-YP_009725295.1	CTT	L	CCT	P	1131
NC_045512.2	3657	T	A	13872	7669	54	1	1	26	7.20254e-05	13884	1	FALSE	ORF1ab:cds-YP_009724389.1	CTT	L	CAT	H	1131
NC_045512.2	3657	T	A	13872	7669	54	1	1	26	7.20254e-05	13884	1	FALSE	ORF1ab:cds-YP_009725295.1	CTT	L	CAT	H	1131
NC_045512.2	3658	T	G	13900	7732	54	4	4	30	0.000287522	13912	0.993632	FALSE	ORF1ab:cds-YP_009724389.1	CTT	L	CTG	L	1131
NC_045512.2	3658	T	G	13900	7732	54	4	4	30	0.000287522	13912	0.993632	FALSE	ORF1ab:cds-YP_009725295.1	CTT	L	CTG	L	1131
NC_045512.2	3658	T	C	13900	7732	54	8	8	37	0.000575043	13912	0.905376	FALSE	ORF1ab:cds-YP_009724389.1	CTT	L	CTC	L	1131
NC_045512.2	3658	T	C	13900	7732	54	8	8	37	0.000575043	13912	0.905376	FALSE	ORF1ab:cds-YP_009725295.1	CTT	L	CTC	L	1131
NC_045512.2	3659	A	T	13830	7660	54	19	19	33	0.00137135	13855	0.188127	FALSE	ORF1ab:cds-YP_009724389.1	AAG	K	TAG	*	1132
NC_045512.2	3659	A	T	13830	7660	54	19	19	33	0.00137135	13855	0.188127	FALSE	ORF1ab:cds-YP_009725295.1	AAG	K	TAG	*	1132
NC_045512.2	3659	A	C	13830	7660	54	6	6	32	0.000433057	13855	0.968059	FALSE	ORF1ab:cds-YP_009724389.1	AAG	K	CAG	Q	1132
NC_045512.2	3659	A	C	13830	7660	54	6	6	32	0.000433057	13855	0.968059	FALSE	ORF1ab:cds-YP_009725295.1	AAG	K	CAG	Q	1132
NC_045512.2	3660	A	T	13867	7721	54	15	15	34	0.00108046	13883	0.425239	FALSE	ORF1ab:cds-YP_009724389.1	AAG	K	ATG	M	1132
NC_045512.2	3660	A	T	13867	7721	54	15	15	34	0.00108046	13883	0.425239	FALSE	ORF1ab:cds-YP_009725295.1	AAG	K	ATG	M	1132
NC_045512.2	3660	A	C	13867	7721	54	1	1	26	7.20305e-05	13883	1	FALSE	ORF1ab:cds-YP_009724389.1	AAG	K	ACG	T	1132
NC_045512.2	3660	A	C	13867	7721	54	1	1	26	7.20305e-05	13883	1	FALSE	ORF1ab:cds-YP_009725295.1	AAG	K	ACG	T	1132
NC_045512.2	3661	G	T	13866	7715	54	6	6	34	0.000432059	13887	0.968104	FALSE	ORF1ab:cds-YP_009724389.1	AAG	K	AAT	N	1132
NC_045512.2	3661	G	T	13866	7715	54	6	6	34	0.000432059	13887	0.968104	FALSE	ORF1ab:cds-YP_009725295.1	AAG	K	AAT	N	1132
NC_045512.2	3661	G	A	13866	7715	54	15	15	32	0.00108015	13887	0.424862	FALSE	ORF1ab:cds-YP_009724389.1	AAG	K	AAA	K	1132
NC_045512.2	3661	G	A	13866	7715	54	15	15	32	0.00108015	13887	0.424862	FALSE	ORF1ab:cds-YP_009725295.1	AAG	K	AAA	K	1132
NC_045512.2	3662	A	T	13395	7456	52	3	3	34	0.000223714	13410	0.997904	FALSE	ORF1ab:cds-YP_009724389.1	AGT	S	TGT	C	1133
NC_045512.2	3662	A	T	13395	7456	52	3	3	34	0.000223714	13410	0.997904	FALSE	ORF1ab:cds-YP_009725295.1	AGT	S	TGT	C	1133
NC_045512.2	3662	A	G	13395	7456	52	9	9	34	0.000671141	13410	0.856761	FALSE	ORF1ab:cds-YP_009724389.1	AGT	S	GGT	G	1133
NC_045512.2	3662	A	G	13395	7456	52	9	9	34	0.000671141	13410	0.856761	FALSE	ORF1ab:cds-YP_009725295.1	AGT	S	GGT	G	1133
NC_045512.2	3662	A	C	13395	7456	52	3	3	34	0.000223714	13410	0.997904	FALSE	ORF1ab:cds-YP_009724389.1	AGT	S	CGT	R	1133
NC_045512.2	3662	A	C	13395	7456	52	3	3	34	0.000223714	13410	0.997904	FALSE	ORF1ab:cds-YP_009725295.1	AGT	S	CGT	R	1133
NC_045512.2	3663	G	T	13560	7451	54	3	3	28	0.000220897	13581	1	FALSE	ORF1ab:cds-YP_009724389.1	AGT	S	ATT	I	1133
NC_045512.2	3663	G	T	13560	7451	54	3	3	28	0.000220897	13581	1	FALSE	ORF1ab:cds-YP_009725295.1	AGT	S	ATT	I	1133
NC_045512.2	3663	G	C	13560	7451	54	3	3	29	0.000220897	13581	1	FALSE	ORF1ab:cds-YP_009724389.1	AGT	S	ACT	T	1133
NC_045512.2	3663	G	C	13560	7451	54	3	3	29	0.000220897	13581	1	FALSE	ORF1ab:cds-YP_009725295.1	AGT	S	ACT	T	1133
NC_045512.2	3663	G	A	13560	7451	54	15	15	33	0.00110448	13581	0.424853	FALSE	ORF1ab:cds-YP_009724389.1	AGT	S	AAT	N	1133
NC_045512.2	3663	G	A	13560	7451	54	15	15	33	0.00110448	13581	0.424853	FALSE	ORF1ab:cds-YP_009725295.1	AGT	S	AAT	N	1133
NC_045512.2	3664	T	G	12532	6586	55	17	16	32	0.00135393	12556	0.228605	FALSE	ORF1ab:cds-YP_009724389.1	AGT	S	AGG	R	1133
NC_045512.2	3664	T	G	12532	6586	55	17	16	32	0.00135393	12556	0.228605	FALSE	ORF1ab:cds-YP_009725295.1	AGT	S	AGG	R	1133
NC_045512.2	3664	T	C	12532	6586	55	2	2	34	0.000159286	12556	0.999078	FALSE	ORF1ab:cds-YP_009724389.1	AGT	S	AGC	S	1133
NC_045512.2	3664	T	C	12532	6586	55	2	2	34	0.000159286	12556	0.999078	FALSE	ORF1ab:cds-YP_009725295.1	AGT	S	AGC	S	1133
NC_045512.2	3664	T	A	12532	6586	55	5	5	34	0.000398216	12556	0.975347	FALSE	ORF1ab:cds-YP_009724389.1	AGT	S	AGA	R	1133
NC_045512.2	3664	T	A	12532	6586	55	5	5	34	0.000398216	12556	0.975347	FALSE	ORF1ab:cds-YP_009725295.1	AGT	S	AGA	R	1133
NC_045512.2	3665	G	T	12492	6541	55	11	11	33	0.000879297	12510	0.660826	FALSE	ORF1ab:cds-YP_009724389.1	GCT	A	TCT	S	1134
NC_045512.2	3665	G	T	12492	6541	55	11	11	33	0.000879297	12510	0.660826	FALSE	ORF1ab:cds-YP_009725295.1	GCT	A	TCT	S	1134
NC_045512.2	3665	G	A	12492	6541	55	7	7	32	0.000559552	12510	0.916277	FALSE	ORF1ab:cds-YP_009724389.1	GCT	A	ACT	T	1134
NC_045512.2	3665	G	A	12492	6541	55	7	7	32	0.000559552	12510	0.916277	FALSE	ORF1ab:cds-YP_009725295.1	GCT	A	ACT	T	1134
NC_045512.2	3666	C	T	12465	6719	55	6	5	38	0.000480615	12484	0.951729	FALSE	ORF1ab:cds-YP_009724389.1	GCT	A	GTT	V	1134
NC_045512.2	3666	C	T	12465	6719	55	6	5	38	0.000480615	12484	0.951729	FALSE	ORF1ab:cds-YP_009725295.1	GCT	A	GTT	V	1134
NC_045512.2	3666	C	G	12465	6719	55	10	10	33	0.000801025	12484	0.737865	FALSE	ORF1ab:cds-YP_009724389.1	GCT	A	GGT	G	1134
NC_045512.2	3666	C	G	12465	6719	55	10	10	33	0.000801025	12484	0.737865	FALSE	ORF1ab:cds-YP_009725295.1	GCT	A	GGT	G	1134
NC_045512.2	3666	C	A	12465	6719	55	3	3	31	0.000240308	12484	0.996291	FALSE	ORF1ab:cds-YP_009724389.1	GCT	A	GAT	D	1134
NC_045512.2	3666	C	A	12465	6719	55	3	3	31	0.000240308	12484	0.996291	FALSE	ORF1ab:cds-YP_009725295.1	GCT	A	GAT	D	1134
NC_045512.2	3667	T	G	12388	6642	54	2	2	34	0.000161277	12401	0.999082	FALSE	ORF1ab:cds-YP_009724389.1	GCT	A	GCG	A	1134
NC_045512.2	3667	T	G	12388	6642	54	2	2	34	0.000161277	12401	0.999082	FALSE	ORF1ab:cds-YP_009725295.1	GCT	A	GCG	A	1134
NC_045512.2	3667	T	C	12388	6642	54	9	8	31	0.000725748	12401	0.808294	FALSE	ORF1ab:cds-YP_009724389.1	GCT	A	GCC	A	1134
NC_045512.2	3667	T	C	12388	6642	54	9	8	31	0.000725748	12401	0.808294	FALSE	ORF1ab:cds-YP_009725295.1	GCT	A	GCC	A	1134
NC_045512.2	3667	T	A	12388	6642	54	2	2	34	0.000161277	12401	0.999082	FALSE	ORF1ab:cds-YP_009724389.1	GCT	A	GCA	A	1134
NC_045512.2	3667	T	A	12388	6642	54	2	2	34	0.000161277	12401	0.999082	FALSE	ORF1ab:cds-YP_009725295.1	GCT	A	GCA	A	1134
NC_045512.2	3668	T	G	12422	6679	55	7	7	34	0.000562837	12437	0.916357	FALSE	ORF1ab:cds-YP_009724389.1	TAT	Y	GAT	D	1135
NC_045512.2	3668	T	G	12422	6679	55	7	7	34	0.000562837	12437	0.916357	FALSE	ORF1ab:cds-YP_009725295.1	TAT	Y	GAT	D	1135
NC_045512.2	3668	T	C	12422	6679	55	8	6	37	0.000643242	12437	0.868277	FALSE	ORF1ab:cds-YP_009724389.1	TAT	Y	CAT	H	1135
NC_045512.2	3668	T	C	12422	6679	55	8	6	37	0.000643242	12437	0.868277	FALSE	ORF1ab:cds-YP_009725295.1	TAT	Y	CAT	H	1135
NC_045512.2	3669	A	T	12438	6730	55	15	15	34	0.00120385	12460	0.350008	FALSE	ORF1ab:cds-YP_009724389.1	TAT	Y	TTT	F	1135
NC_045512.2	3669	A	T	12438	6730	55	15	15	34	0.00120385	12460	0.350008	FALSE	ORF1ab:cds-YP_009725295.1	TAT	Y	TTT	F	1135
NC_045512.2	3669	A	C	12438	6730	55	7	7	31	0.000561798	12460	0.916168	FALSE	ORF1ab:cds-YP_009724389.1	TAT	Y	TCT	S	1135
NC_045512.2	3669	A	C	12438	6730	55	7	7	31	0.000561798	12460	0.916168	FALSE	ORF1ab:cds-YP_009725295.1	TAT	Y	TCT	S	1135
NC_045512.2	3670	T	C	12446	6763	55	1	1	34	8.02697e-05	12458	0.999878	FALSE	ORF1ab:cds-YP_009724389.1	TAT	Y	TAC	Y	1135
NC_045512.2	3670	T	C	12446	6763	55	1	1	34	8.02697e-05	12458	0.999878	FALSE	ORF1ab:cds-YP_009725295.1	TAT	Y	TAC	Y	1135
NC_045512.2	3670	T	A	12446	6763	55	11	11	33	0.000882967	12458	0.661251	FALSE	ORF1ab:cds-YP_009724389.1	TAT	Y	TAA	*	1135
NC_045512.2	3670	T	A	12446	6763	55	11	11	33	0.000882967	12458	0.661251	FALSE	ORF1ab:cds-YP_009725295.1	TAT	Y	TAA	*	1135
NC_045512.2	3671	G	T	12412	6740	55	17	17	33	0.00136722	12434	0.228733	FALSE	ORF1ab:cds-YP_009724389.1	GAA	E	TAA	*	1136
NC_045512.2	3671	G	T	12412	6740	55	17	17	33	0.00136722	12434	0.228733	FALSE	ORF1ab:cds-YP_009725295.1	GAA	E	TAA	*	1136
NC_045512.2	3671	G	C	12412	6740	55	1	1	34	8.04246e-05	12434	0.999877	FALSE	ORF1ab:cds-YP_009724389.1	GAA	E	CAA	Q	1136
NC_045512.2	3671	G	C	12412	6740	55	1	1	34	8.04246e-05	12434	0.999877	FALSE	ORF1ab:cds-YP_009725295.1	GAA	E	CAA	Q	1136
NC_045512.2	3671	G	A	12412	6740	55	4	4	34	0.000321699	12434	0.989309	FALSE	ORF1ab:cds-YP_009724389.1	GAA	E	AAA	K	1136
NC_045512.2	3671	G	A	12412	6740	55	4	4	34	0.000321699	12434	0.989309	FALSE	ORF1ab:cds-YP_009725295.1	GAA	E	AAA	K	1136
NC_045512.2	3672	A	T	12345	6720	55	9	9	32	0.00072792	12364	0.807987	FALSE	ORF1ab:cds-YP_009724389.1	GAA	E	GTA	V	1136
NC_045512.2	3672	A	T	12345	6720	55	9	9	32	0.00072792	12364	0.807987	FALSE	ORF1ab:cds-YP_009725295.1	GAA	E	GTA	V	1136
NC_045512.2	3672	A	G	12345	6720	55	10	10	30	0.0008088	12364	0.737861	FALSE	ORF1ab:cds-YP_009724389.1	GAA	E	GGA	G	1136
NC_045512.2	3672	A	G	12345	6720	55	10	10	30	0.0008088	12364	0.737861	FALSE	ORF1ab:cds-YP_009725295.1	GAA	E	GGA	G	1136
NC_045512.2	3673	A	T	12390	6749	55	7	7	32	0.000564198	12407	0.916303	FALSE	ORF1ab:cds-YP_009724389.1	GAA	E	GAT	D	1136
NC_045512.2	3673	A	T	12390	6749	55	7	7	32	0.000564198	12407	0.916303	FALSE	ORF1ab:cds-YP_009725295.1	GAA	E	GAT	D	1136
NC_045512.2	3673	A	G	12390	6749	55	8	6	36	0.000644797	12407	0.868199	FALSE	ORF1ab:cds-YP_009724389.1	GAA	E	GAG	E	1136
NC_045512.2	3673	A	G	12390	6749	55	8	6	36	0.000644797	12407	0.868199	FALSE	ORF1ab:cds-YP_009725295.1	GAA	E	GAG	E	1136
NC_045512.2	3673	A	C	12390	6749	55	2	2	34	0.000161199	12407	0.999081	FALSE	ORF1ab:cds-YP_009724389.1	GAA	E	GAC	D	1136
NC_045512.2	3673	A	C	12390	6749	55	2	2	34	0.000161199	12407	0.999081	FALSE	ORF1ab:cds-YP_009725295.1	GAA	E	GAC	D	1136
NC_045512.2	3674	A	T	12368	6719	55	4	4	32	0.000323102	12380	0.989353	FALSE	ORF1ab:cds-YP_009724389.1	AAT	N	TAT	Y	1137
NC_045512.2	3674	A	T	12368	6719	55	4	4	32	0.000323102	12380	0.989353	FALSE	ORF1ab:cds-YP_009725295.1	AAT	N	TAT	Y	1137
NC_045512.2	3674	A	G	12368	6719	55	7	7	37	0.000565428	12380	0.916439	FALSE	ORF1ab:cds-YP_009724389.1	AAT	N	GAT	D	1137
NC_045512.2	3674	A	G	12368	6719	55	7	7	37	0.000565428	12380	0.916439	FALSE	ORF1ab:cds-YP_009725295.1	AAT	N	GAT	D	1137
NC_045512.2	3674	A	C	12368	6719	55	1	1	34	8.07754e-05	12380	0.999878	FALSE	ORF1ab:cds-YP_009724389.1	AAT	N	CAT	H	1137
NC_045512.2	3674	A	C	12368	6719	55	1	1	34	8.07754e-05	12380	0.999878	FALSE	ORF1ab:cds-YP_009725295.1	AAT	N	CAT	H	1137
NC_045512.2	3675	A	T	12493	6798	55	2	2	34	0.000159987	12501	0.999085	FALSE	ORF1ab:cds-YP_009724389.1	AAT	N	ATT	I	1137
NC_045512.2	3675	A	T	12493	6798	55	2	2	34	0.000159987	12501	0.999085	FALSE	ORF1ab:cds-YP_009725295.1	AAT	N	ATT	I	1137
NC_045512.2	3675	A	G	12493	6798	55	3	2	31	0.000239981	12501	0.996309	FALSE	ORF1ab:cds-YP_009724389.1	AAT	N	AGT	S	1137
NC_045512.2	3675	A	G	12493	6798	55	3	2	31	0.000239981	12501	0.996309	FALSE	ORF1ab:cds-YP_009725295.1	AAT	N	AGT	S	1137
NC_045512.2	3675	A	C	12493	6798	55	3	2	31	0.000239981	12501	0.996309	FALSE	ORF1ab:cds-YP_009724389.1	AAT	N	ACT	T	1137
NC_045512.2	3675	A	C	12493	6798	55	3	2	31	0.000239981	12501	0.996309	FALSE	ORF1ab:cds-YP_009725295.1	AAT	N	ACT	T	1137
NC_045512.2	3676	T	G	12504	6832	55	1	1	34	7.98276e-05	12527	0.999877	FALSE	ORF1ab:cds-YP_009724389.1	AAT	N	AAG	K	1137
NC_045512.2	3676	T	G	12504	6832	55	1	1	34	7.98276e-05	12527	0.999877	FALSE	ORF1ab:cds-YP_009725295.1	AAT	N	AAG	K	1137
NC_045512.2	3676	T	C	12504	6832	55	1	1	34	7.98276e-05	12527	0.999877	FALSE	ORF1ab:cds-YP_009724389.1	AAT	N	AAC	N	1137
NC_045512.2	3676	T	C	12504	6832	55	1	1	34	7.98276e-05	12527	0.999877	FALSE	ORF1ab:cds-YP_009725295.1	AAT	N	AAC	N	1137
NC_045512.2	3676	T	A	12504	6832	55	21	21	32	0.00167638	12527	0.0812047	FALSE	ORF1ab:cds-YP_009724389.1	AAT	N	AAA	K	1137
NC_045512.2	3676	T	A	12504	6832	55	21	21	32	0.00167638	12527	0.0812047	FALSE	ORF1ab:cds-YP_009725295.1	AAT	N	AAA	K	1137
NC_045512.2	3677	T	C	12475	6842	55	1	1	34	8.00961e-05	12485	0.999878	FALSE	ORF1ab:cds-YP_009724389.1	TTT	F	CTT	L	1138
NC_045512.2	3677	T	C	12475	6842	55	1	1	34	8.00961e-05	12485	0.999878	FALSE	ORF1ab:cds-YP_009725295.1	TTT	F	CTT	L	1138
NC_045512.2	3677	T	A	12475	6842	55	9	9	33	0.000720865	12485	0.808446	FALSE	ORF1ab:cds-YP_009724389.1	TTT	F	ATT	I	1138
NC_045512.2	3677	T	A	12475	6842	55	9	9	33	0.000720865	12485	0.808446	FALSE	ORF1ab:cds-YP_009725295.1	TTT	F	ATT	I	1138
NC_045512.2	3678	T	G	12444	6867	55	2	2	34	0.000160591	12454	0.999084	FALSE	ORF1ab:cds-YP_009724389.1	TTT	F	TGT	C	1138
NC_045512.2	3678	T	G	12444	6867	55	2	2	34	0.000160591	12454	0.999084	FALSE	ORF1ab:cds-YP_009725295.1	TTT	F	TGT	C	1138
NC_045512.2	3678	T	C	12444	6867	55	2	2	34	0.000160591	12454	0.999084	FALSE	ORF1ab:cds-YP_009724389.1	TTT	F	TCT	S	1138
NC_045512.2	3678	T	C	12444	6867	55	2	2	34	0.000160591	12454	0.999084	FALSE	ORF1ab:cds-YP_009725295.1	TTT	F	TCT	S	1138
NC_045512.2	3678	T	A	12444	6867	55	6	6	32	0.000481773	12454	0.951882	FALSE	ORF1ab:cds-YP_009724389.1	TTT	F	TAT	Y	1138
NC_045512.2	3678	T	A	12444	6867	55	6	6	32	0.000481773	12454	0.951882	FALSE	ORF1ab:cds-YP_009725295.1	TTT	F	TAT	Y	1138
NC_045512.2	3679	T	G	12449	6872	55	4	4	30	0.000321105	12457	0.989371	FALSE	ORF1ab:cds-YP_009724389.1	TTT	F	TTG	L	1138
NC_045512.2	3679	T	G	12449	6872	55	4	4	30	0.000321105	12457	0.989371	FALSE	ORF1ab:cds-YP_009725295.1	TTT	F	TTG	L	1138
NC_045512.2	3679	T	C	12449	6872	55	1	1	34	8.02761e-05	12457	0.999878	FALSE	ORF1ab:cds-YP_009724389.1	TTT	F	TTC	F	1138
NC_045512.2	3679	T	C	12449	6872	55	1	1	34	8.02761e-05	12457	0.999878	FALSE	ORF1ab:cds-YP_009725295.1	TTT	F	TTC	F	1138
NC_045512.2	3679	T	A	12449	6872	55	3	3	31	0.000240828	12457	0.996309	FALSE	ORF1ab:cds-YP_009724389.1	TTT	F	TTA	L	1138
NC_045512.2	3679	T	A	12449	6872	55	3	3	31	0.000240828	12457	0.996309	FALSE	ORF1ab:cds-YP_009725295.1	TTT	F	TTA	L	1138
NC_045512.2	3680	A	T	12462	6927	55	20	20	33	0.00160179	12486	0.10739	FALSE	ORF1ab:cds-YP_009724389.1	AAT	N	TAT	Y	1139
NC_045512.2	3680	A	T	12462	6927	55	20	20	33	0.00160179	12486	0.10739	FALSE	ORF1ab:cds-YP_009725295.1	AAT	N	TAT	Y	1139
NC_045512.2	3680	A	G	12462	6927	55	2	2	47	0.000160179	12486	0.499369	FALSE	ORF1ab:cds-YP_009724389.1	AAT	N	GAT	D	1139
NC_045512.2	3680	A	G	12462	6927	55	2	2	47	0.000160179	12486	0.499369	FALSE	ORF1ab:cds-YP_009725295.1	AAT	N	GAT	D	1139
NC_045512.2	3680	A	C	12462	6927	55	2	2	30	0.000160179	12486	0.999078	FALSE	ORF1ab:cds-YP_009724389.1	AAT	N	CAT	H	1139
NC_045512.2	3680	A	C	12462	6927	55	2	2	30	0.000160179	12486	0.999078	FALSE	ORF1ab:cds-YP_009725295.1	AAT	N	CAT	H	1139
NC_045512.2	3681	A	T	12461	7026	55	10	10	31	0.000801732	12473	0.738297	FALSE	ORF1ab:cds-YP_009724389.1	AAT	N	ATT	I	1139
NC_045512.2	3681	A	T	12461	7026	55	10	10	31	0.000801732	12473	0.738297	FALSE	ORF1ab:cds-YP_009725295.1	AAT	N	ATT	I	1139
NC_045512.2	3681	A	G	12461	7026	55	1	1	26	8.01732e-05	12473	1	FALSE	ORF1ab:cds-YP_009724389.1	AAT	N	AGT	S	1139
NC_045512.2	3681	A	G	12461	7026	55	1	1	26	8.01732e-05	12473	1	FALSE	ORF1ab:cds-YP_009725295.1	AAT	N	AGT	S	1139
NC_045512.2	3681	A	C	12461	7026	55	1	1	34	8.01732e-05	12473	0.999878	FALSE	ORF1ab:cds-YP_009724389.1	AAT	N	ACT	T	1139
NC_045512.2	3681	A	C	12461	7026	55	1	1	34	8.01732e-05	12473	0.999878	FALSE	ORF1ab:cds-YP_009725295.1	AAT	N	ACT	T	1139
NC_045512.2	3682	T	G	12511	7081	55	4	4	32	0.000319259	12529	0.989327	FALSE	ORF1ab:cds-YP_009724389.1	AAT	N	AAG	K	1139
NC_045512.2	3682	T	G	12511	7081	55	4	4	32	0.000319259	12529	0.989327	FALSE	ORF1ab:cds-YP_009725295.1	AAT	N	AAG	K	1139
NC_045512.2	3682	T	C	12511	7081	55	1	1	34	7.98148e-05	12529	0.999877	FALSE	ORF1ab:cds-YP_009724389.1	AAT	N	AAC	N	1139
NC_045512.2	3682	T	C	12511	7081	55	1	1	34	7.98148e-05	12529	0.999877	FALSE	ORF1ab:cds-YP_009725295.1	AAT	N	AAC	N	1139
NC_045512.2	3682	T	A	12511	7081	55	13	13	32	0.00103759	12529	0.499678	FALSE	ORF1ab:cds-YP_009724389.1	AAT	N	AAA	K	1139
NC_045512.2	3682	T	A	12511	7081	55	13	13	32	0.00103759	12529	0.499678	FALSE	ORF1ab:cds-YP_009725295.1	AAT	N	AAA	K	1139
NC_045512.2	3683	C	T	12422	7129	54	13	13	34	0.00104451	12446	0.49919	FALSE	ORF1ab:cds-YP_009724389.1	CAG	Q	TAG	*	1140
NC_045512.2	3683	C	T	12422	7129	54	13	13	34	0.00104451	12446	0.49919	FALSE	ORF1ab:cds-YP_009725295.1	CAG	Q	TAG	*	1140
NC_045512.2	3683	C	G	12422	7129	54	2	2	34	0.000160694	12446	0.999078	FALSE	ORF1ab:cds-YP_009724389.1	CAG	Q	GAG	E	1140
NC_045512.2	3683	C	G	12422	7129	54	2	2	34	0.000160694	12446	0.999078	FALSE	ORF1ab:cds-YP_009725295.1	CAG	Q	GAG	E	1140
NC_045512.2	3683	C	A	12422	7129	54	9	9	33	0.000723124	12446	0.807736	FALSE	ORF1ab:cds-YP_009724389.1	CAG	Q	AAG	K	1140
NC_045512.2	3683	C	A	12422	7129	54	9	9	33	0.000723124	12446	0.807736	FALSE	ORF1ab:cds-YP_009725295.1	CAG	Q	AAG	K	1140
NC_045512.2	3684	A	T	12276	7012	54	6	6	34	0.000487845	12299	0.951657	FALSE	ORF1ab:cds-YP_009724389.1	CAG	Q	CTG	L	1140
NC_045512.2	3684	A	T	12276	7012	54	6	6	34	0.000487845	12299	0.951657	FALSE	ORF1ab:cds-YP_009725295.1	CAG	Q	CTG	L	1140
NC_045512.2	3684	A	G	12276	7012	54	3	1	38	0.000243922	12299	0.996284	FALSE	ORF1ab:cds-YP_009724389.1	CAG	Q	CGG	R	1140
NC_045512.2	3684	A	G	12276	7012	54	3	1	38	0.000243922	12299	0.996284	FALSE	ORF1ab:cds-YP_009725295.1	CAG	Q	CGG	R	1140
NC_045512.2	3684	A	C	12276	7012	54	14	13	32	0.0011383	12299	0.421813	FALSE	ORF1ab:cds-YP_009724389.1	CAG	Q	CCG	P	1140
NC_045512.2	3684	A	C	12276	7012	54	14	13	32	0.0011383	12299	0.421813	FALSE	ORF1ab:cds-YP_009725295.1	CAG	Q	CCG	P	1140
NC_045512.2	3685	G	T	12226	6968	54	7	7	34	0.000571475	12249	0.916135	FALSE	ORF1ab:cds-YP_009724389.1	CAG	Q	CAT	H	1140
NC_045512.2	3685	G	T	12226	6968	54	7	7	34	0.000571475	12249	0.916135	FALSE	ORF1ab:cds-YP_009725295.1	CAG	Q	CAT	H	1140
NC_045512.2	3685	G	C	12226	6968	54	5	5	32	0.000408197	12249	0.975353	FALSE	ORF1ab:cds-YP_009724389.1	CAG	Q	CAC	H	1140
NC_045512.2	3685	G	C	12226	6968	54	5	5	32	0.000408197	12249	0.975353	FALSE	ORF1ab:cds-YP_009725295.1	CAG	Q	CAC	H	1140
NC_045512.2	3685	G	A	12226	6968	54	11	11	32	0.000898032	12249	0.660456	FALSE	ORF1ab:cds-YP_009724389.1	CAG	Q	CAA	Q	1140
NC_045512.2	3685	G	A	12226	6968	54	11	11	32	0.000898032	12249	0.660456	FALSE	ORF1ab:cds-YP_009725295.1	CAG	Q	CAA	Q	1140
NC_045512.2	3686	C	T	12253	7033	54	1	1	34	8.14797e-05	12273	0.999877	FALSE	ORF1ab:cds-YP_009724389.1	CAC	H	TAC	Y	1141
NC_045512.2	3686	C	T	12253	7033	54	1	1	34	8.14797e-05	12273	0.999877	FALSE	ORF1ab:cds-YP_009725295.1	CAC	H	TAC	Y	1141
NC_045512.2	3686	C	G	12253	7033	54	11	11	31	0.000896276	12273	0.660674	FALSE	ORF1ab:cds-YP_009724389.1	CAC	H	GAC	D	1141
NC_045512.2	3686	C	G	12253	7033	54	11	11	31	0.000896276	12273	0.660674	FALSE	ORF1ab:cds-YP_009725295.1	CAC	H	GAC	D	1141
NC_045512.2	3686	C	A	12253	7033	54	8	8	32	0.000651837	12273	0.868079	FALSE	ORF1ab:cds-YP_009724389.1	CAC	H	AAC	N	1141
NC_045512.2	3686	C	A	12253	7033	54	8	8	32	0.000651837	12273	0.868079	FALSE	ORF1ab:cds-YP_009725295.1	CAC	H	AAC	N	1141
NC_045512.2	3687	A	G	12283	7042	54	6	6	32	0.000487884	12298	0.951796	FALSE	ORF1ab:cds-YP_009724389.1	CAC	H	CGC	R	1141
NC_045512.2	3687	A	G	12283	7042	54	6	6	32	0.000487884	12298	0.951796	FALSE	ORF1ab:cds-YP_009725295.1	CAC	H	CGC	R	1141
NC_045512.2	3687	A	C	12283	7042	54	9	9	31	0.000731826	12298	0.808191	FALSE	ORF1ab:cds-YP_009724389.1	CAC	H	CCC	P	1141
NC_045512.2	3687	A	C	12283	7042	54	9	9	31	0.000731826	12298	0.808191	FALSE	ORF1ab:cds-YP_009725295.1	CAC	H	CCC	P	1141
NC_045512.2	3687	A	-C	12283	7042	54	2	0	20	0.000162628	12298	1	FALSE	NA	NA	NA	NA	NA	NA
NC_045512.2	3688	C	T	12244	7052	54	3	3	34	0.000244598	12265	0.996287	FALSE	ORF1ab:cds-YP_009724389.1	CAC	H	CAT	H	1141
NC_045512.2	3688	C	T	12244	7052	54	3	3	34	0.000244598	12265	0.996287	FALSE	ORF1ab:cds-YP_009725295.1	CAC	H	CAT	H	1141
NC_045512.2	3688	C	G	12244	7052	54	5	5	34	0.000407664	12265	0.975373	FALSE	ORF1ab:cds-YP_009724389.1	CAC	H	CAG	Q	1141
NC_045512.2	3688	C	G	12244	7052	54	5	5	34	0.000407664	12265	0.975373	FALSE	ORF1ab:cds-YP_009725295.1	CAC	H	CAG	Q	1141
NC_045512.2	3688	C	A	12244	7052	54	13	13	32	0.00105993	12265	0.499425	FALSE	ORF1ab:cds-YP_009724389.1	CAC	H	CAA	Q	1141
NC_045512.2	3688	C	A	12244	7052	54	13	13	32	0.00105993	12265	0.499425	FALSE	ORF1ab:cds-YP_009725295.1	CAC	H	CAA	Q	1141
NC_045512.2	3688	C	-G	12244	7052	54	4	0	20	0.000326131	12265	1	FALSE	NA	NA	NA	NA	NA	NA
NC_045512.2	3689	G	T	12186	7021	53	2	2	34	0.00016376	12213	0.999076	FALSE	ORF1ab:cds-YP_009724389.1	GAA	E	TAA	*	1142
NC_045512.2	3689	G	T	12186	7021	53	2	2	34	0.00016376	12213	0.999076	FALSE	ORF1ab:cds-YP_009725295.1	GAA	E	TAA	*	1142
NC_045512.2	3689	G	C	12186	7021	53	17	17	32	0.00139196	12213	0.228389	FALSE	ORF1ab:cds-YP_009724389.1	GAA	E	CAA	Q	1142
NC_045512.2	3689	G	C	12186	7021	53	17	17	32	0.00139196	12213	0.228389	FALSE	ORF1ab:cds-YP_009725295.1	GAA	E	CAA	Q	1142
NC_045512.2	3689	G	A	12186	7021	53	8	8	34	0.00065504	12213	0.8678	FALSE	ORF1ab:cds-YP_009724389.1	GAA	E	AAA	K	1142
NC_045512.2	3689	G	A	12186	7021	53	8	8	34	0.00065504	12213	0.8678	FALSE	ORF1ab:cds-YP_009725295.1	GAA	E	AAA	K	1142
NC_045512.2	3689	G	-AA	12186	7021	53	1	0	20	8.188e-05	12213	1	FALSE	NA	NA	NA	NA	NA	NA
NC_045512.2	3689	G	-A	12186	7021	53	11376	0	20	0.931466	12213	0	TRUE	NA	NA	NA	NA	NA	NA
NC_045512.2	3690	A	T	2936	673	43	3	3	31	0.00101351	2960	0.555395	FALSE	ORF1ab:cds-YP_009724389.1	GAA	E	GTA	V	1142
NC_045512.2	3690	A	T	2936	673	43	3	3	31	0.00101351	2960	0.555395	FALSE	ORF1ab:cds-YP_009725295.1	GAA	E	GTA	V	1142
NC_045512.2	3690	A	G	2936	673	43	13	11	30	0.00439189	2960	0.000148309	TRUE	ORF1ab:cds-YP_009724389.1	GAA	E	GGA	G	1142
NC_045512.2	3690	A	G	2936	673	43	13	11	30	0.00439189	2960	0.000148309	TRUE	ORF1ab:cds-YP_009725295.1	GAA	E	GGA	G	1142
NC_045512.2	3690	A	C	2936	673	43	8	8	32	0.0027027	2960	0.0208685	FALSE	ORF1ab:cds-YP_009724389.1	GAA	E	GCA	A	1142
NC_045512.2	3690	A	C	2936	673	43	8	8	32	0.0027027	2960	0.0208685	FALSE	ORF1ab:cds-YP_009725295.1	GAA	E	GCA	A	1142
NC_045512.2	3690	A	-AG	2936	673	43	11	0	20	0.00074708	14724	0.999913	FALSE	NA	NA	NA	NA	NA	NA
NC_045512.2	3690	A	-A	2936	673	43	10	0	20	0.000679163	14724	0.999969	FALSE	NA	NA	NA	NA	NA	NA
NC_045512.2	3690	A	+T	2936	673	43	5	0	20	0.000339582	14724	1	FALSE	NA	NA	NA	NA	NA	NA
NC_045512.2	3691	A	T	14133	7505	51	35	21	40	0.00246757	14184	5.05486e-10	TRUE	ORF1ab:cds-YP_009724389.1	GAA	E	GAT	D	1142
NC_045512.2	3691	A	T	14133	7505	51	35	21	40	0.00246757	14184	5.05486e-10	TRUE	ORF1ab:cds-YP_009725295.1	GAA	E	GAT	D	1142
NC_045512.2	3691	A	G	14133	7505	51	5	5	32	0.00035251	14184	0.990153	FALSE	ORF1ab:cds-YP_009724389.1	GAA	E	GAG	E	1142
NC_045512.2	3691	A	G	14133	7505	51	5	5	32	0.00035251	14184	0.990153	FALSE	ORF1ab:cds-YP_009725295.1	GAA	E	GAG	E	1142
NC_045512.2	3691	A	C	14133	7505	51	11	8	31	0.000775522	14184	0.784819	FALSE	ORF1ab:cds-YP_009724389.1	GAA	E	GAC	D	1142
NC_045512.2	3691	A	C	14133	7505	51	11	8	31	0.000775522	14184	0.784819	FALSE	ORF1ab:cds-YP_009725295.1	GAA	E	GAC	D	1142
NC_045512.2	3691	A	-G	14133	7505	51	4	0	20	0.000281591	14205	1	FALSE	NA	NA	NA	NA	NA	NA
NC_045512.2	3692	G	T	5488	829	43	12007	7191	52	0.685605	17513	0	TRUE	ORF1ab:cds-YP_009724389.1	GTT	V	TTT	F	1143
NC_045512.2	3692	G	T	5488	829	43	12007	7191	52	0.685605	17513	0	TRUE	ORF1ab:cds-YP_009725295.1	GTT	V	TTT	F	1143
NC_045512.2	3692	G	C	5488	829	43	4	4	32	0.000228402	17513	0.774238	FALSE	ORF1ab:cds-YP_009724389.1	GTT	V	CTT	L	1143
NC_045512.2	3692	G	C	5488	829	43	4	4	32	0.000228402	17513	0.774238	FALSE	ORF1ab:cds-YP_009725295.1	GTT	V	CTT	L	1143
NC_045512.2	3692	G	A	5488	829	43	14	14	31	0.000799406	17513	0.00756612	TRUE	ORF1ab:cds-YP_009724389.1	GTT	V	ATT	I	1143
NC_045512.2	3692	G	A	5488	829	43	14	14	31	0.000799406	17513	0.00756612	TRUE	ORF1ab:cds-YP_009725295.1	GTT	V	ATT	I	1143
NC_045512.2	3692	G	-T	5488	829	43	4	0	20	0.000228154	17532	1	FALSE	NA	NA	NA	NA	NA	NA
NC_045512.2	3693	T	G	17734	8124	49	3	2	31	0.000169005	17751	0.999797	FALSE	ORF1ab:cds-YP_009724389.1	GTT	V	GGT	G	1143
NC_045512.2	3693	T	G	17734	8124	49	3	2	31	0.000169005	17751	0.999797	FALSE	ORF1ab:cds-YP_009725295.1	GTT	V	GGT	G	1143
NC_045512.2	3693	T	C	17734	8124	49	3	1	34	0.000169005	17751	0.999797	FALSE	ORF1ab:cds-YP_009724389.1	GTT	V	GCT	A	1143
NC_045512.2	3693	T	C	17734	8124	49	3	1	34	0.000169005	17751	0.999797	FALSE	ORF1ab:cds-YP_009725295.1	GTT	V	GCT	A	1143
NC_045512.2	3693	T	A	17734	8124	49	11	11	33	0.000619683	17751	0.907273	FALSE	ORF1ab:cds-YP_009724389.1	GTT	V	GAT	D	1143
NC_045512.2	3693	T	A	17734	8124	49	11	11	33	0.000619683	17751	0.907273	FALSE	ORF1ab:cds-YP_009725295.1	GTT	V	GAT	D	1143
NC_045512.2	3693	T	+C	17734	8124	49	3	0	20	0.000168919	17760	1	FALSE	NA	NA	NA	NA	NA	NA
NC_045512.2	3694	T	G	17118	7434	46	4	3	34	0.000233454	17134	0.999254	FALSE	ORF1ab:cds-YP_009724389.1	GTT	V	GTG	V	1143
NC_045512.2	3694	T	G	17118	7434	46	4	3	34	0.000233454	17134	0.999254	FALSE	ORF1ab:cds-YP_009725295.1	GTT	V	GTG	V	1143
NC_045512.2	3694	T	C	17118	7434	46	3	3	31	0.00017509	17134	0.999798	FALSE	ORF1ab:cds-YP_009724389.1	GTT	V	GTC	V	1143
NC_045512.2	3694	T	C	17118	7434	46	3	3	31	0.00017509	17134	0.999798	FALSE	ORF1ab:cds-YP_009725295.1	GTT	V	GTC	V	1143
NC_045512.2	3694	T	A	17118	7434	46	9	9	33	0.000525271	17134	0.962222	FALSE	ORF1ab:cds-YP_009724389.1	GTT	V	GTA	V	1143
NC_045512.2	3694	T	A	17118	7434	46	9	9	33	0.000525271	17134	0.962222	FALSE	ORF1ab:cds-YP_009725295.1	GTT	V	GTA	V	1143
NC_045512.2	3694	T	+C	17118	7434	46	2	0	20	0.000116727	17134	1	FALSE	NA	NA	NA	NA	NA	NA
NC_045512.2	3694	T	+A	17118	7434	46	3	0	20	0.00017509	17134	1	FALSE	NA	NA	NA	NA	NA	NA
NC_045512.2	3695	C	T	17808	8103	50	23	23	32	0.00128938	17838	0.214353	FALSE	ORF1ab:cds-YP_009724389.1	CTA	L	TTA	L	1144
NC_045512.2	3695	C	T	17808	8103	50	23	23	32	0.00128938	17838	0.214353	FALSE	ORF1ab:cds-YP_009725295.1	CTA	L	TTA	L	1144
NC_045512.2	3695	C	G	17808	8103	50	2	2	34	0.00011212	17838	0.999962	FALSE	ORF1ab:cds-YP_009724389.1	CTA	L	GTA	V	1144
NC_045512.2	3695	C	G	17808	8103	50	2	2	34	0.00011212	17838	0.999962	FALSE	ORF1ab:cds-YP_009725295.1	CTA	L	GTA	V	1144
NC_045512.2	3695	C	A	17808	8103	50	5	5	32	0.0002803	17838	0.997813	FALSE	ORF1ab:cds-YP_009724389.1	CTA	L	ATA	I	1144
NC_045512.2	3695	C	A	17808	8103	50	5	5	32	0.0002803	17838	0.997813	FALSE	ORF1ab:cds-YP_009725295.1	CTA	L	ATA	I	1144
NC_045512.2	3696	T	G	18021	8121	49	2	2	34	0.000110859	18041	0.99998	FALSE	ORF1ab:cds-YP_009724389.1	CTA	L	CGA	R	1144
NC_045512.2	3696	T	G	18021	8121	49	2	2	34	0.000110859	18041	0.99998	FALSE	ORF1ab:cds-YP_009725295.1	CTA	L	CGA	R	1144
NC_045512.2	3696	T	C	18021	8121	49	11	11	34	0.000609722	18041	0.931898	FALSE	ORF1ab:cds-YP_009724389.1	CTA	L	CCA	P	1144
NC_045512.2	3696	T	C	18021	8121	49	11	11	34	0.000609722	18041	0.931898	FALSE	ORF1ab:cds-YP_009725295.1	CTA	L	CCA	P	1144
NC_045512.2	3696	T	A	18021	8121	49	7	5	32	0.000388005	18041	0.992667	FALSE	ORF1ab:cds-YP_009724389.1	CTA	L	CAA	Q	1144
NC_045512.2	3696	T	A	18021	8121	49	7	5	32	0.000388005	18041	0.992667	FALSE	ORF1ab:cds-YP_009725295.1	CTA	L	CAA	Q	1144
NC_045512.2	3697	A	T	18300	8270	50	21	21	32	0.00114529	18336	0.373654	FALSE	ORF1ab:cds-YP_009724389.1	CTA	L	CTT	L	1144
NC_045512.2	3697	A	T	18300	8270	50	21	21	32	0.00114529	18336	0.373654	FALSE	ORF1ab:cds-YP_009725295.1	CTA	L	CTT	L	1144
NC_045512.2	3697	A	G	18300	8270	50	4	3	32	0.00021815	18336	0.999568	FALSE	ORF1ab:cds-YP_009724389.1	CTA	L	CTG	L	1144
NC_045512.2	3697	A	G	18300	8270	50	4	3	32	0.00021815	18336	0.999568	FALSE	ORF1ab:cds-YP_009725295.1	CTA	L	CTG	L	1144
NC_045512.2	3697	A	C	18300	8270	50	11	10	30	0.000599913	18336	0.931589	FALSE	ORF1ab:cds-YP_009724389.1	CTA	L	CTC	L	1144
NC_045512.2	3697	A	C	18300	8270	50	11	10	30	0.000599913	18336	0.931589	FALSE	ORF1ab:cds-YP_009725295.1	CTA	L	CTC	L	1144
NC_045512.2	3698	C	T	18281	8304	50	13	13	33	0.000710033	18309	0.859104	FALSE	ORF1ab:cds-YP_009724389.1	CTT	L	TTT	F	1145
NC_045512.2	3698	C	T	18281	8304	50	13	13	33	0.000710033	18309	0.859104	FALSE	ORF1ab:cds-YP_009725295.1	CTT	L	TTT	F	1145
NC_045512.2	3698	C	A	18281	8304	50	15	15	32	0.000819269	18309	0.75608	FALSE	ORF1ab:cds-YP_009724389.1	CTT	L	ATT	I	1145
NC_045512.2	3698	C	A	18281	8304	50	15	15	32	0.000819269	18309	0.75608	FALSE	ORF1ab:cds-YP_009725295.1	CTT	L	ATT	I	1145
NC_045512.2	3699	T	G	18314	8390	50	1	1	34	5.45316e-05	18338	0.999998	FALSE	ORF1ab:cds-YP_009724389.1	CTT	L	CGT	R	1145
NC_045512.2	3699	T	G	18314	8390	50	1	1	34	5.45316e-05	18338	0.999998	FALSE	ORF1ab:cds-YP_009725295.1	CTT	L	CGT	R	1145
NC_045512.2	3699	T	C	18314	8390	50	15	14	32	0.000817974	18338	0.756278	FALSE	ORF1ab:cds-YP_009724389.1	CTT	L	CCT	P	1145
NC_045512.2	3699	T	C	18314	8390	50	15	14	32	0.000817974	18338	0.756278	FALSE	ORF1ab:cds-YP_009725295.1	CTT	L	CCT	P	1145
NC_045512.2	3699	T	A	18314	8390	50	8	8	34	0.000436253	18338	0.985472	FALSE	ORF1ab:cds-YP_009724389.1	CTT	L	CAT	H	1145
NC_045512.2	3699	T	A	18314	8390	50	8	8	34	0.000436253	18338	0.985472	FALSE	ORF1ab:cds-YP_009725295.1	CTT	L	CAT	H	1145
NC_045512.2	3700	T	G	17736	7957	49	1	1	34	5.63222e-05	17755	0.999996	FALSE	ORF1ab:cds-YP_009724389.1	CTT	L	CTG	L	1145
NC_045512.2	3700	T	G	17736	7957	49	1	1	34	5.63222e-05	17755	0.999996	FALSE	ORF1ab:cds-YP_009725295.1	CTT	L	CTG	L	1145
NC_045512.2	3700	T	C	17736	7957	49	10	10	36	0.000563222	17755	0.93889	FALSE	ORF1ab:cds-YP_009724389.1	CTT	L	CTC	L	1145
NC_045512.2	3700	T	C	17736	7957	49	10	10	36	0.000563222	17755	0.93889	FALSE	ORF1ab:cds-YP_009725295.1	CTT	L	CTC	L	1145
NC_045512.2	3700	T	A	17736	7957	49	8	8	34	0.000450577	17755	0.978321	FALSE	ORF1ab:cds-YP_009724389.1	CTT	L	CTA	L	1145
NC_045512.2	3700	T	A	17736	7957	49	8	8	34	0.000450577	17755	0.978321	FALSE	ORF1ab:cds-YP_009725295.1	CTT	L	CTA	L	1145
NC_045512.2	3701	G	T	17980	8074	50	19	19	33	0.00105497	18010	0.499321	FALSE	ORF1ab:cds-YP_009724389.1	GCA	A	TCA	S	1146
NC_045512.2	3701	G	T	17980	8074	50	19	19	33	0.00105497	18010	0.499321	FALSE	ORF1ab:cds-YP_009725295.1	GCA	A	TCA	S	1146
NC_045512.2	3701	G	C	17980	8074	50	6	6	31	0.000333148	18010	0.996672	FALSE	ORF1ab:cds-YP_009724389.1	GCA	A	CCA	P	1146
NC_045512.2	3701	G	C	17980	8074	50	6	6	31	0.000333148	18010	0.996672	FALSE	ORF1ab:cds-YP_009725295.1	GCA	A	CCA	P	1146
NC_045512.2	3701	G	A	17980	8074	50	5	5	30	0.000277624	18010	0.998691	FALSE	ORF1ab:cds-YP_009724389.1	GCA	A	ACA	T	1146
NC_045512.2	3701	G	A	17980	8074	50	5	5	30	0.000277624	18010	0.998691	FALSE	ORF1ab:cds-YP_009725295.1	GCA	A	ACA	T	1146
NC_045512.2	3702	C	T	18078	8209	50	17	17	33	0.000938656	18111	0.631192	FALSE	ORF1ab:cds-YP_009724389.1	GCA	A	GTA	V	1146
NC_045512.2	3702	C	T	18078	8209	50	17	17	33	0.000938656	18111	0.631192	FALSE	ORF1ab:cds-YP_009725295.1	GCA	A	GTA	V	1146
NC_045512.2	3702	C	G	18078	8209	50	13	12	32	0.000717796	18111	0.858926	FALSE	ORF1ab:cds-YP_009724389.1	GCA	A	GGA	G	1146
NC_045512.2	3702	C	G	18078	8209	50	13	12	32	0.000717796	18111	0.858926	FALSE	ORF1ab:cds-YP_009725295.1	GCA	A	GGA	G	1146
NC_045512.2	3702	C	A	18078	8209	50	3	3	31	0.000165645	18111	0.999888	FALSE	ORF1ab:cds-YP_009724389.1	GCA	A	GAA	E	1146
NC_045512.2	3702	C	A	18078	8209	50	3	3	31	0.000165645	18111	0.999888	FALSE	ORF1ab:cds-YP_009725295.1	GCA	A	GAA	E	1146
NC_045512.2	3703	A	T	18050	8235	50	8	8	31	0.000442576	18076	0.985461	FALSE	ORF1ab:cds-YP_009724389.1	GCA	A	GCT	A	1146
NC_045512.2	3703	A	T	18050	8235	50	8	8	31	0.000442576	18076	0.985461	FALSE	ORF1ab:cds-YP_009725295.1	GCA	A	GCT	A	1146
NC_045512.2	3703	A	G	18050	8235	50	9	8	35	0.000497898	18076	0.973785	FALSE	ORF1ab:cds-YP_009724389.1	GCA	A	GCG	A	1146
NC_045512.2	3703	A	G	18050	8235	50	9	8	35	0.000497898	18076	0.973785	FALSE	ORF1ab:cds-YP_009725295.1	GCA	A	GCG	A	1146
NC_045512.2	3703	A	C	18050	8235	50	9	9	34	0.000497898	18076	0.973785	FALSE	ORF1ab:cds-YP_009724389.1	GCA	A	GCC	A	1146
NC_045512.2	3703	A	C	18050	8235	50	9	9	34	0.000497898	18076	0.973785	FALSE	ORF1ab:cds-YP_009725295.1	GCA	A	GCC	A	1146
NC_045512.2	3704	C	T	19343	8644	48	2	2	34	0.000103247	19371	0.999989	FALSE	ORF1ab:cds-YP_009724389.1	CCA	P	TCA	S	1147
NC_045512.2	3704	C	T	19343	8644	48	2	2	34	0.000103247	19371	0.999989	FALSE	ORF1ab:cds-YP_009725295.1	CCA	P	TCA	S	1147
NC_045512.2	3704	C	G	19343	8644	48	7	7	32	0.000361365	19371	0.995298	FALSE	ORF1ab:cds-YP_009724389.1	CCA	P	GCA	A	1147
NC_045512.2	3704	C	G	19343	8644	48	7	7	32	0.000361365	19371	0.995298	FALSE	ORF1ab:cds-YP_009725295.1	CCA	P	GCA	A	1147
NC_045512.2	3704	C	A	19343	8644	48	19	19	33	0.000980848	19371	0.563819	FALSE	ORF1ab:cds-YP_009724389.1	CCA	P	ACA	T	1147
NC_045512.2	3704	C	A	19343	8644	48	19	19	33	0.000980848	19371	0.563819	FALSE	ORF1ab:cds-YP_009725295.1	CCA	P	ACA	T	1147
NC_045512.2	3705	C	T	19327	8812	48	2	2	30	0.000103359	19350	0.999989	FALSE	ORF1ab:cds-YP_009724389.1	CCA	P	CTA	L	1147
NC_045512.2	3705	C	T	19327	8812	48	2	2	30	0.000103359	19350	0.999989	FALSE	ORF1ab:cds-YP_009725295.1	CCA	P	CTA	L	1147
NC_045512.2	3705	C	G	19327	8812	48	5	4	31	0.000258398	19350	0.999225	FALSE	ORF1ab:cds-YP_009724389.1	CCA	P	CGA	R	1147
NC_045512.2	3705	C	G	19327	8812	48	5	4	31	0.000258398	19350	0.999225	FALSE	ORF1ab:cds-YP_009725295.1	CCA	P	CGA	R	1147
NC_045512.2	3705	C	A	19327	8812	48	16	12	34	0.000826873	19350	0.750025	FALSE	ORF1ab:cds-YP_009724389.1	CCA	P	CAA	Q	1147
NC_045512.2	3705	C	A	19327	8812	48	16	12	34	0.000826873	19350	0.750025	FALSE	ORF1ab:cds-YP_009725295.1	CCA	P	CAA	Q	1147
NC_045512.2	3705	C	-ATT	19327	8812	48	1	0	20	5.16796e-05	19350	1	FALSE	NA	NA	NA	NA	NA	NA
NC_045512.2	3706	A	T	22134	9188	47	3	2	28	0.000135373	22161	1	FALSE	ORF1ab:cds-YP_009724389.1	CCA	P	CCT	P	1147
NC_045512.2	3706	A	T	22134	9188	47	3	2	28	0.000135373	22161	1	FALSE	ORF1ab:cds-YP_009725295.1	CCA	P	CCT	P	1147
NC_045512.2	3706	A	G	22134	9188	47	7	7	32	0.00031587	22161	0.998837	FALSE	ORF1ab:cds-YP_009724389.1	CCA	P	CCG	P	1147
NC_045512.2	3706	A	G	22134	9188	47	7	7	32	0.00031587	22161	0.998837	FALSE	ORF1ab:cds-YP_009725295.1	CCA	P	CCG	P	1147
NC_045512.2	3706	A	C	22134	9188	47	17	17	33	0.000767113	22161	0.831359	FALSE	ORF1ab:cds-YP_009724389.1	CCA	P	CCC	P	1147
NC_045512.2	3706	A	C	22134	9188	47	17	17	33	0.000767113	22161	0.831359	FALSE	ORF1ab:cds-YP_009725295.1	CCA	P	CCC	P	1147
NC_045512.2	3707	T	G	22140	9704	49	10	4	29	0.000450857	22180	1	FALSE	ORF1ab:cds-YP_009724389.1	TTA	L	GTA	V	1148
NC_045512.2	3707	T	G	22140	9704	49	10	4	29	0.000450857	22180	1	FALSE	ORF1ab:cds-YP_009725295.1	TTA	L	GTA	V	1148
NC_045512.2	3707	T	C	22140	9704	49	13	12	34	0.000586114	22180	0.954956	FALSE	ORF1ab:cds-YP_009724389.1	TTA	L	CTA	L	1148
NC_045512.2	3707	T	C	22140	9704	49	13	12	34	0.000586114	22180	0.954956	FALSE	ORF1ab:cds-YP_009725295.1	TTA	L	CTA	L	1148
NC_045512.2	3707	T	A	22140	9704	49	17	17	32	0.000766456	22180	0.830895	FALSE	ORF1ab:cds-YP_009724389.1	TTA	L	ATA	I	1148
NC_045512.2	3707	T	A	22140	9704	49	17	17	32	0.000766456	22180	0.830895	FALSE	ORF1ab:cds-YP_009725295.1	TTA	L	ATA	I	1148
NC_045512.2	3708	T	G	22131	9717	49	4	4	30	0.000180554	22154	0.999956	FALSE	ORF1ab:cds-YP_009724389.1	TTA	L	TGA	*	1148
NC_045512.2	3708	T	G	22131	9717	49	4	4	30	0.000180554	22154	0.999956	FALSE	ORF1ab:cds-YP_009725295.1	TTA	L	TGA	*	1148
NC_045512.2	3708	T	C	22131	9717	49	11	10	32	0.000496524	22154	0.982425	FALSE	ORF1ab:cds-YP_009724389.1	TTA	L	TCA	S	1148
NC_045512.2	3708	T	C	22131	9717	49	11	10	32	0.000496524	22154	0.982425	FALSE	ORF1ab:cds-YP_009725295.1	TTA	L	TCA	S	1148
NC_045512.2	3708	T	A	22131	9717	49	8	8	31	0.000361109	22154	0.997381	FALSE	ORF1ab:cds-YP_009724389.1	TTA	L	TAA	*	1148
NC_045512.2	3708	T	A	22131	9717	49	8	8	31	0.000361109	22154	0.997381	FALSE	ORF1ab:cds-YP_009725295.1	TTA	L	TAA	*	1148
NC_045512.2	3709	A	T	22853	9920	48	22	22	32	0.000961538	22880	0.559601	FALSE	ORF1ab:cds-YP_009724389.1	TTA	L	TTT	F	1148
NC_045512.2	3709	A	T	22853	9920	48	22	22	32	0.000961538	22880	0.559601	FALSE	ORF1ab:cds-YP_009725295.1	TTA	L	TTT	F	1148
NC_045512.2	3709	A	G	22853	9920	48	3	3	31	0.000131119	22880	0.99999	FALSE	ORF1ab:cds-YP_009724389.1	TTA	L	TTG	L	1148
NC_045512.2	3709	A	G	22853	9920	48	3	3	31	0.000131119	22880	0.99999	FALSE	ORF1ab:cds-YP_009725295.1	TTA	L	TTG	L	1148
NC_045512.2	3709	A	C	22853	9920	48	2	2	30	8.74126e-05	22880	0.999999	FALSE	ORF1ab:cds-YP_009724389.1	TTA	L	TTC	F	1148
NC_045512.2	3709	A	C	22853	9920	48	2	2	30	8.74126e-05	22880	0.999999	FALSE	ORF1ab:cds-YP_009725295.1	TTA	L	TTC	F	1148
NC_045512.2	3710	T	G	23068	9942	49	3	2	31	0.000129904	23094	0.999995	FALSE	ORF1ab:cds-YP_009724389.1	TTA	L	GTA	V	1149
NC_045512.2	3710	T	G	23068	9942	49	3	2	31	0.000129904	23094	0.999995	FALSE	ORF1ab:cds-YP_009725295.1	TTA	L	GTA	V	1149
NC_045512.2	3710	T	C	23068	9942	49	3	2	35	0.000129904	23094	0.999995	FALSE	ORF1ab:cds-YP_009724389.1	TTA	L	CTA	L	1149
NC_045512.2	3710	T	C	23068	9942	49	3	2	35	0.000129904	23094	0.999995	FALSE	ORF1ab:cds-YP_009725295.1	TTA	L	CTA	L	1149
NC_045512.2	3710	T	A	23068	9942	49	20	20	33	0.000866026	23094	0.728666	FALSE	ORF1ab:cds-YP_009724389.1	TTA	L	ATA	I	1149
NC_045512.2	3710	T	A	23068	9942	49	20	20	33	0.000866026	23094	0.728666	FALSE	ORF1ab:cds-YP_009725295.1	TTA	L	ATA	I	1149
NC_045512.2	3711	T	G	22918	9931	49	1	1	34	4.36167e-05	22927	1	FALSE	ORF1ab:cds-YP_009724389.1	TTA	L	TGA	*	1149
NC_045512.2	3711	T	G	22918	9931	49	1	1	34	4.36167e-05	22927	1	FALSE	ORF1ab:cds-YP_009725295.1	TTA	L	TGA	*	1149
NC_045512.2	3711	T	C	22918	9931	49	1	1	26	4.36167e-05	22927	1	FALSE	ORF1ab:cds-YP_009724389.1	TTA	L	TCA	S	1149
NC_045512.2	3711	T	C	22918	9931	49	1	1	26	4.36167e-05	22927	1	FALSE	ORF1ab:cds-YP_009725295.1	TTA	L	TCA	S	1149
NC_045512.2	3711	T	A	22918	9931	49	7	7	31	0.000305317	22927	0.998845	FALSE	ORF1ab:cds-YP_009724389.1	TTA	L	TAA	*	1149
NC_045512.2	3711	T	A	22918	9931	49	7	7	31	0.000305317	22927	0.998845	FALSE	ORF1ab:cds-YP_009725295.1	TTA	L	TAA	*	1149
NC_045512.2	3712	A	T	23000	9974	49	28	28	33	0.00121554	23035	0.2875	FALSE	ORF1ab:cds-YP_009724389.1	TTA	L	TTT	F	1149
NC_045512.2	3712	A	T	23000	9974	49	28	28	33	0.00121554	23035	0.2875	FALSE	ORF1ab:cds-YP_009725295.1	TTA	L	TTT	F	1149
NC_045512.2	3712	A	G	23000	9974	49	5	2	30	0.000217061	23035	0.999909	FALSE	ORF1ab:cds-YP_009724389.1	TTA	L	TTG	L	1149
NC_045512.2	3712	A	G	23000	9974	49	5	2	30	0.000217061	23035	0.999909	FALSE	ORF1ab:cds-YP_009725295.1	TTA	L	TTG	L	1149
NC_045512.2	3712	A	C	23000	9974	49	2	2	34	8.68244e-05	23035	0.999999	FALSE	ORF1ab:cds-YP_009724389.1	TTA	L	TTC	F	1149
NC_045512.2	3712	A	C	23000	9974	49	2	2	34	8.68244e-05	23035	0.999999	FALSE	ORF1ab:cds-YP_009725295.1	TTA	L	TTC	F	1149
NC_045512.2	3713	T	G	22595	9656	50	3	3	29	0.000132632	22619	1	FALSE	ORF1ab:cds-YP_009724389.1	TCA	S	GCA	A	1150
NC_045512.2	3713	T	G	22595	9656	50	3	3	29	0.000132632	22619	1	FALSE	ORF1ab:cds-YP_009725295.1	TCA	S	GCA	A	1150
NC_045512.2	3713	T	C	22595	9656	50	1	1	34	4.42106e-05	22619	1	FALSE	ORF1ab:cds-YP_009724389.1	TCA	S	CCA	P	1150
NC_045512.2	3713	T	C	22595	9656	50	1	1	34	4.42106e-05	22619	1	FALSE	ORF1ab:cds-YP_009725295.1	TCA	S	CCA	P	1150
NC_045512.2	3713	T	A	22595	9656	50	20	20	32	0.000884212	22619	0.677938	FALSE	ORF1ab:cds-YP_009724389.1	TCA	S	ACA	T	1150
NC_045512.2	3713	T	A	22595	9656	50	20	20	32	0.000884212	22619	0.677938	FALSE	ORF1ab:cds-YP_009725295.1	TCA	S	ACA	T	1150
NC_045512.2	3714	C	T	22465	9666	49	26	26	33	0.00115535	22504	0.331974	FALSE	ORF1ab:cds-YP_009724389.1	TCA	S	TTA	L	1150
NC_045512.2	3714	C	T	22465	9666	49	26	26	33	0.00115535	22504	0.331974	FALSE	ORF1ab:cds-YP_009725295.1	TCA	S	TTA	L	1150
NC_045512.2	3714	C	G	22465	9666	49	1	1	34	4.44365e-05	22504	1	FALSE	ORF1ab:cds-YP_009724389.1	TCA	S	TGA	*	1150
NC_045512.2	3714	C	G	22465	9666	49	1	1	34	4.44365e-05	22504	1	FALSE	ORF1ab:cds-YP_009725295.1	TCA	S	TGA	*	1150
NC_045512.2	3714	C	A	22465	9666	49	12	12	32	0.000533239	22504	0.971019	FALSE	ORF1ab:cds-YP_009724389.1	TCA	S	TAA	*	1150
NC_045512.2	3714	C	A	22465	9666	49	12	12	32	0.000533239	22504	0.971019	FALSE	ORF1ab:cds-YP_009725295.1	TCA	S	TAA	*	1150
NC_045512.2	3715	A	T	21793	9004	49	10	10	33	0.000458253	21822	0.985218	FALSE	ORF1ab:cds-YP_009724389.1	TCA	S	TCT	S	1150
NC_045512.2	3715	A	T	21793	9004	49	10	10	33	0.000458253	21822	0.985218	FALSE	ORF1ab:cds-YP_009725295.1	TCA	S	TCT	S	1150
NC_045512.2	3715	A	G	21793	9004	49	5	3	32	0.000229127	21822	0.999732	FALSE	ORF1ab:cds-YP_009724389.1	TCA	S	TCG	S	1150
NC_045512.2	3715	A	G	21793	9004	49	5	3	32	0.000229127	21822	0.999732	FALSE	ORF1ab:cds-YP_009725295.1	TCA	S	TCG	S	1150
NC_045512.2	3715	A	C	21793	9004	49	14	14	30	0.000641554	21822	0.91205	FALSE	ORF1ab:cds-YP_009724389.1	TCA	S	TCC	S	1150
NC_045512.2	3715	A	C	21793	9004	49	14	14	30	0.000641554	21822	0.91205	FALSE	ORF1ab:cds-YP_009725295.1	TCA	S	TCC	S	1150
NC_045512.2	3716	G	T	21772	8970	49	12	12	33	0.000550156	21812	0.959677	FALSE	ORF1ab:cds-YP_009724389.1	GCT	A	TCT	S	1151
NC_045512.2	3716	G	T	21772	8970	49	12	12	33	0.000550156	21812	0.959677	FALSE	ORF1ab:cds-YP_009725295.1	GCT	A	TCT	S	1151
NC_045512.2	3716	G	C	21772	8970	49	6	6	32	0.000275078	21812	0.999236	FALSE	ORF1ab:cds-YP_009724389.1	GCT	A	CCT	P	1151
NC_045512.2	3716	G	C	21772	8970	49	6	6	32	0.000275078	21812	0.999236	FALSE	ORF1ab:cds-YP_009725295.1	GCT	A	CCT	P	1151
NC_045512.2	3716	G	A	21772	8970	49	22	21	33	0.00100862	21812	0.498974	FALSE	ORF1ab:cds-YP_009724389.1	GCT	A	ACT	T	1151
NC_045512.2	3716	G	A	21772	8970	49	22	21	33	0.00100862	21812	0.498974	FALSE	ORF1ab:cds-YP_009725295.1	GCT	A	ACT	T	1151
NC_045512.2	3717	C	T	21838	9186	49	3	3	34	0.000137187	21868	0.999982	FALSE	ORF1ab:cds-YP_009724389.1	GCT	A	GTT	V	1151
NC_045512.2	3717	C	T	21838	9186	49	3	3	34	0.000137187	21868	0.999982	FALSE	ORF1ab:cds-YP_009725295.1	GCT	A	GTT	V	1151
NC_045512.2	3717	C	G	21838	9186	49	15	15	32	0.000685934	21868	0.878215	FALSE	ORF1ab:cds-YP_009724389.1	GCT	A	GGT	G	1151
NC_045512.2	3717	C	G	21838	9186	49	15	15	32	0.000685934	21868	0.878215	FALSE	ORF1ab:cds-YP_009725295.1	GCT	A	GGT	G	1151
NC_045512.2	3717	C	A	21838	9186	49	12	12	32	0.000548747	21868	0.959792	FALSE	ORF1ab:cds-YP_009724389.1	GCT	A	GAT	D	1151
NC_045512.2	3717	C	A	21838	9186	49	12	12	32	0.000548747	21868	0.959792	FALSE	ORF1ab:cds-YP_009725295.1	GCT	A	GAT	D	1151
NC_045512.2	3718	T	G	21610	9039	49	6	6	31	0.000277149	21649	0.999236	FALSE	ORF1ab:cds-YP_009724389.1	GCT	A	GCG	A	1151
NC_045512.2	3718	T	G	21610	9039	49	6	6	31	0.000277149	21649	0.999236	FALSE	ORF1ab:cds-YP_009725295.1	GCT	A	GCG	A	1151
NC_045512.2	3718	T	C	21610	9039	49	17	15	33	0.000785256	21649	0.790392	FALSE	ORF1ab:cds-YP_009724389.1	GCT	A	GCC	A	1151
NC_045512.2	3718	T	C	21610	9039	49	17	15	33	0.000785256	21649	0.790392	FALSE	ORF1ab:cds-YP_009725295.1	GCT	A	GCC	A	1151
NC_045512.2	3718	T	A	21610	9039	49	16	14	33	0.000739064	21649	0.837336	FALSE	ORF1ab:cds-YP_009724389.1	GCT	A	GCA	A	1151
NC_045512.2	3718	T	A	21610	9039	49	16	14	33	0.000739064	21649	0.837336	FALSE	ORF1ab:cds-YP_009725295.1	GCT	A	GCA	A	1151
NC_045512.2	3719	G	T	21806	8920	49	21	18	32	0.000961582	21839	0.560574	FALSE	ORF1ab:cds-YP_009724389.1	GGT	G	TGT	C	1152
NC_045512.2	3719	G	T	21806	8920	49	21	18	32	0.000961582	21839	0.560574	FALSE	ORF1ab:cds-YP_009725295.1	GGT	G	TGT	C	1152
NC_045512.2	3719	G	C	21806	8920	49	6	6	31	0.000274738	21839	0.999238	FALSE	ORF1ab:cds-YP_009724389.1	GGT	G	CGT	R	1152
NC_045512.2	3719	G	C	21806	8920	49	6	6	31	0.000274738	21839	0.999238	FALSE	ORF1ab:cds-YP_009725295.1	GGT	G	CGT	R	1152
NC_045512.2	3719	G	A	21806	8920	49	6	6	32	0.000274738	21839	0.999238	FALSE	ORF1ab:cds-YP_009724389.1	GGT	G	AGT	S	1152
NC_045512.2	3719	G	A	21806	8920	49	6	6	32	0.000274738	21839	0.999238	FALSE	ORF1ab:cds-YP_009725295.1	GGT	G	AGT	S	1152
NC_045512.2	3720	G	T	22173	9032	49	11	10	32	0.00049554	22198	0.98242	FALSE	ORF1ab:cds-YP_009724389.1	GGT	G	GTT	V	1152
NC_045512.2	3720	G	T	22173	9032	49	11	10	32	0.00049554	22198	0.98242	FALSE	ORF1ab:cds-YP_009725295.1	GGT	G	GTT	V	1152
NC_045512.2	3720	G	C	22173	9032	49	8	8	33	0.000360393	22198	0.99738	FALSE	ORF1ab:cds-YP_009724389.1	GGT	G	GCT	A	1152
NC_045512.2	3720	G	C	22173	9032	49	8	8	33	0.000360393	22198	0.99738	FALSE	ORF1ab:cds-YP_009725295.1	GGT	G	GCT	A	1152
NC_045512.2	3720	G	A	22173	9032	49	6	4	38	0.000270295	22198	0.999542	FALSE	ORF1ab:cds-YP_009724389.1	GGT	G	GAT	D	1152
NC_045512.2	3720	G	A	22173	9032	49	6	4	38	0.000270295	22198	0.999542	FALSE	ORF1ab:cds-YP_009725295.1	GGT	G	GAT	D	1152
NC_045512.2	3721	T	G	21790	9035	49	23	20	30	0.00105432	21815	0.440107	FALSE	ORF1ab:cds-YP_009724389.1	GGT	G	GGG	G	1152
NC_045512.2	3721	T	G	21790	9035	49	23	20	30	0.00105432	21815	0.440107	FALSE	ORF1ab:cds-YP_009725295.1	GGT	G	GGG	G	1152
NC_045512.2	3721	T	C	21790	9035	49	1	1	34	4.584e-05	21815	1	FALSE	ORF1ab:cds-YP_009724389.1	GGT	G	GGC	G	1152
NC_045512.2	3721	T	C	21790	9035	49	1	1	34	4.584e-05	21815	1	FALSE	ORF1ab:cds-YP_009725295.1	GGT	G	GGC	G	1152
NC_045512.2	3721	T	A	21790	9035	49	1	1	34	4.584e-05	21815	1	FALSE	ORF1ab:cds-YP_009724389.1	GGT	G	GGA	G	1152
NC_045512.2	3721	T	A	21790	9035	49	1	1	34	4.584e-05	21815	1	FALSE	ORF1ab:cds-YP_009725295.1	GGT	G	GGA	G	1152
NC_045512.2	3722	A	T	22564	9754	50	24	24	32	0.00106181	22603	0.440634	FALSE	ORF1ab:cds-YP_009724389.1	ATT	I	TTT	F	1153
NC_045512.2	3722	A	T	22564	9754	50	24	24	32	0.00106181	22603	0.440634	FALSE	ORF1ab:cds-YP_009725295.1	ATT	I	TTT	F	1153
NC_045512.2	3722	A	G	22564	9754	50	13	13	32	0.000575145	22603	0.954987	FALSE	ORF1ab:cds-YP_009724389.1	ATT	I	GTT	V	1153
NC_045512.2	3722	A	G	22564	9754	50	13	13	32	0.000575145	22603	0.954987	FALSE	ORF1ab:cds-YP_009725295.1	ATT	I	GTT	V	1153
NC_045512.2	3722	A	C	22564	9754	50	2	2	30	8.84838e-05	22603	0.999998	FALSE	ORF1ab:cds-YP_009724389.1	ATT	I	CTT	L	1153
NC_045512.2	3722	A	C	22564	9754	50	2	2	30	8.84838e-05	22603	0.999998	FALSE	ORF1ab:cds-YP_009725295.1	ATT	I	CTT	L	1153
NC_045512.2	3722	A	-T	22564	9754	50	17	0	20	0.000752113	22603	1	FALSE	NA	NA	NA	NA	NA	NA
NC_045512.2	3723	T	G	22464	9717	50	10	10	32	0.000444603	22492	0.989877	FALSE	ORF1ab:cds-YP_009724389.1	ATT	I	AGT	S	1153
NC_045512.2	3723	T	G	22464	9717	50	10	10	32	0.000444603	22492	0.989877	FALSE	ORF1ab:cds-YP_009725295.1	ATT	I	AGT	S	1153
NC_045512.2	3723	T	C	22464	9717	50	2	2	34	8.89205e-05	22492	0.999998	FALSE	ORF1ab:cds-YP_009724389.1	ATT	I	ACT	T	1153
NC_045512.2	3723	T	C	22464	9717	50	2	2	34	8.89205e-05	22492	0.999998	FALSE	ORF1ab:cds-YP_009725295.1	ATT	I	ACT	T	1153
NC_045512.2	3723	T	A	22464	9717	50	16	16	33	0.000711364	22492	0.871356	FALSE	ORF1ab:cds-YP_009724389.1	ATT	I	AAT	N	1153
NC_045512.2	3723	T	A	22464	9717	50	16	16	33	0.000711364	22492	0.871356	FALSE	ORF1ab:cds-YP_009725295.1	ATT	I	AAT	N	1153
NC_045512.2	3724	T	G	22919	9910	51	2	0	26	8.72106e-05	22933	1	FALSE	ORF1ab:cds-YP_009724389.1	ATT	I	ATG	M	1153
NC_045512.2	3724	T	G	22919	9910	51	2	0	26	8.72106e-05	22933	1	FALSE	ORF1ab:cds-YP_009725295.1	ATT	I	ATG	M	1153
NC_045512.2	3724	T	C	22919	9910	51	4	4	34	0.000174421	22933	0.999956	FALSE	ORF1ab:cds-YP_009724389.1	ATT	I	ATC	I	1153
NC_045512.2	3724	T	C	22919	9910	51	4	4	34	0.000174421	22933	0.999956	FALSE	ORF1ab:cds-YP_009725295.1	ATT	I	ATC	I	1153
NC_045512.2	3724	T	A	22919	9910	51	8	8	33	0.000348842	22933	0.997391	FALSE	ORF1ab:cds-YP_009724389.1	ATT	I	ATA	I	1153
NC_045512.2	3724	T	A	22919	9910	51	8	8	33	0.000348842	22933	0.997391	FALSE	ORF1ab:cds-YP_009725295.1	ATT	I	ATA	I	1153
NC_045512.2	3725	T	G	22901	9906	50	1	0	34	4.36376e-05	22916	1	FALSE	ORF1ab:cds-YP_009724389.1	TTT	F	GTT	V	1154
NC_045512.2	3725	T	G	22901	9906	50	1	0	34	4.36376e-05	22916	1	FALSE	ORF1ab:cds-YP_009725295.1	TTT	F	GTT	V	1154
NC_045512.2	3725	T	C	22901	9906	50	1	1	26	4.36376e-05	22916	1	FALSE	ORF1ab:cds-YP_009724389.1	TTT	F	CTT	L	1154
NC_045512.2	3725	T	C	22901	9906	50	1	1	26	4.36376e-05	22916	1	FALSE	ORF1ab:cds-YP_009725295.1	TTT	F	CTT	L	1154
NC_045512.2	3725	T	A	22901	9906	50	13	12	33	0.000567289	22916	0.955283	FALSE	ORF1ab:cds-YP_009724389.1	TTT	F	ATT	I	1154
NC_045512.2	3725	T	A	22901	9906	50	13	12	33	0.000567289	22916	0.955283	FALSE	ORF1ab:cds-YP_009725295.1	TTT	F	ATT	I	1154
NC_045512.2	3726	T	G	22680	9728	49	4	3	32	0.000176274	22692	0.999956	FALSE	ORF1ab:cds-YP_009724389.1	TTT	F	TGT	C	1154
NC_045512.2	3726	T	G	22680	9728	49	4	3	32	0.000176274	22692	0.999956	FALSE	ORF1ab:cds-YP_009725295.1	TTT	F	TGT	C	1154
NC_045512.2	3726	T	C	22680	9728	49	3	1	49	0.000132205	22692	0.499835	FALSE	ORF1ab:cds-YP_009724389.1	TTT	F	TCT	S	1154
NC_045512.2	3726	T	C	22680	9728	49	3	1	49	0.000132205	22692	0.499835	FALSE	ORF1ab:cds-YP_009725295.1	TTT	F	TCT	S	1154
NC_045512.2	3726	T	A	22680	9728	49	5	4	32	0.000220342	22692	0.999845	FALSE	ORF1ab:cds-YP_009724389.1	TTT	F	TAT	Y	1154
NC_045512.2	3726	T	A	22680	9728	49	5	4	32	0.000220342	22692	0.999845	FALSE	ORF1ab:cds-YP_009725295.1	TTT	F	TAT	Y	1154
NC_045512.2	3727	T	G	22809	9991	50	3	2	42	0.000131435	22825	0.499753	FALSE	ORF1ab:cds-YP_009724389.1	TTT	F	TTG	L	1154
NC_045512.2	3727	T	G	22809	9991	50	3	2	42	0.000131435	22825	0.499753	FALSE	ORF1ab:cds-YP_009725295.1	TTT	F	TTG	L	1154
NC_045512.2	3727	T	C	22809	9991	50	8	6	42	0.000350493	22825	0.0546144	FALSE	ORF1ab:cds-YP_009724389.1	TTT	F	TTC	F	1154
NC_045512.2	3727	T	C	22809	9991	50	8	6	42	0.000350493	22825	0.0546144	FALSE	ORF1ab:cds-YP_009725295.1	TTT	F	TTC	F	1154
NC_045512.2	3727	T	A	22809	9991	50	5	5	32	0.000219058	22825	0.999845	FALSE	ORF1ab:cds-YP_009724389.1	TTT	F	TTA	L	1154
NC_045512.2	3727	T	A	22809	9991	50	5	5	32	0.000219058	22825	0.999845	FALSE	ORF1ab:cds-YP_009725295.1	TTT	F	TTA	L	1154
NC_045512.2	3728	G	T	22801	9931	50	30	29	36	0.00131343	22841	0.165382	FALSE	ORF1ab:cds-YP_009724389.1	GGT	G	TGT	C	1155
NC_045512.2	3728	G	T	22801	9931	50	30	29	36	0.00131343	22841	0.165382	FALSE	ORF1ab:cds-YP_009725295.1	GGT	G	TGT	C	1155
NC_045512.2	3728	G	C	22801	9931	50	4	4	30	0.000175124	22841	0.999956	FALSE	ORF1ab:cds-YP_009724389.1	GGT	G	CGT	R	1155
NC_045512.2	3728	G	C	22801	9931	50	4	4	30	0.000175124	22841	0.999956	FALSE	ORF1ab:cds-YP_009725295.1	GGT	G	CGT	R	1155
NC_045512.2	3728	G	A	22801	9931	50	6	4	34	0.000262686	22841	0.999539	FALSE	ORF1ab:cds-YP_009724389.1	GGT	G	AGT	S	1155
NC_045512.2	3728	G	A	22801	9931	50	6	4	34	0.000262686	22841	0.999539	FALSE	ORF1ab:cds-YP_009725295.1	GGT	G	AGT	S	1155
NC_045512.2	3729	G	T	23557	10070	50	10	10	33	0.000424142	23577	0.99323	FALSE	ORF1ab:cds-YP_009724389.1	GGT	G	GTT	V	1155
NC_045512.2	3729	G	T	23557	10070	50	10	10	33	0.000424142	23577	0.99323	FALSE	ORF1ab:cds-YP_009725295.1	GGT	G	GTT	V	1155
NC_045512.2	3729	G	C	23557	10070	50	4	3	40	0.000169657	23577	0.343442	FALSE	ORF1ab:cds-YP_009724389.1	GGT	G	GCT	A	1155
NC_045512.2	3729	G	C	23557	10070	50	4	3	40	0.000169657	23577	0.343442	FALSE	ORF1ab:cds-YP_009725295.1	GGT	G	GCT	A	1155
NC_045512.2	3729	G	A	23557	10070	50	6	5	32	0.000254485	23577	0.999726	FALSE	ORF1ab:cds-YP_009724389.1	GGT	G	GAT	D	1155
NC_045512.2	3729	G	A	23557	10070	50	6	5	32	0.000254485	23577	0.999726	FALSE	ORF1ab:cds-YP_009725295.1	GGT	G	GAT	D	1155
NC_045512.2	3729	G	-T	23557	10070	50	1	0	20	4.24142e-05	23577	1	FALSE	NA	NA	NA	NA	NA	NA
NC_045512.2	3730	T	G	23546	10031	50	27	27	33	0.00114489	23583	0.335328	FALSE	ORF1ab:cds-YP_009724389.1	GGT	G	GGG	G	1155
NC_045512.2	3730	T	G	23546	10031	50	27	27	33	0.00114489	23583	0.335328	FALSE	ORF1ab:cds-YP_009725295.1	GGT	G	GGG	G	1155
NC_045512.2	3730	T	C	23546	10031	50	7	4	47	0.000296824	23583	0.0895204	FALSE	ORF1ab:cds-YP_009724389.1	GGT	G	GGC	G	1155
NC_045512.2	3730	T	C	23546	10031	50	7	4	47	0.000296824	23583	0.0895204	FALSE	ORF1ab:cds-YP_009725295.1	GGT	G	GGC	G	1155
NC_045512.2	3730	T	A	23546	10031	50	3	3	31	0.00012721	23583	0.999995	FALSE	ORF1ab:cds-YP_009724389.1	GGT	G	GGA	G	1155
NC_045512.2	3730	T	A	23546	10031	50	3	3	31	0.00012721	23583	0.999995	FALSE	ORF1ab:cds-YP_009725295.1	GGT	G	GGA	G	1155
NC_045512.2	3730	T	-G	23546	10031	50	1	0	20	4.24034e-05	23583	1	FALSE	NA	NA	NA	NA	NA	NA
NC_045512.2	3731	G	T	23710	10040	50	22	20	32	0.000926706	23740	0.616624	FALSE	ORF1ab:cds-YP_009724389.1	GCT	A	TCT	S	1156
NC_045512.2	3731	G	T	23710	10040	50	22	20	32	0.000926706	23740	0.616624	FALSE	ORF1ab:cds-YP_009725295.1	GCT	A	TCT	S	1156
NC_045512.2	3731	G	C	23710	10040	50	4	4	34	0.000168492	23740	0.999975	FALSE	ORF1ab:cds-YP_009724389.1	GCT	A	CCT	P	1156
NC_045512.2	3731	G	C	23710	10040	50	4	4	34	0.000168492	23740	0.999975	FALSE	ORF1ab:cds-YP_009725295.1	GCT	A	CCT	P	1156
NC_045512.2	3731	G	A	23710	10040	50	4	4	32	0.000168492	23740	0.999975	FALSE	ORF1ab:cds-YP_009724389.1	GCT	A	ACT	T	1156
NC_045512.2	3731	G	A	23710	10040	50	4	4	32	0.000168492	23740	0.999975	FALSE	ORF1ab:cds-YP_009725295.1	GCT	A	ACT	T	1156
NC_045512.2	3731	G	-C	23710	10040	50	1	0	20	4.21212e-05	23741	1	FALSE	NA	NA	NA	NA	NA	NA
NC_045512.2	3732	C	T	23593	10105	50	8	8	36	0.000338467	23636	0.99832	FALSE	ORF1ab:cds-YP_009724389.1	GCT	A	GTT	V	1156
NC_045512.2	3732	C	T	23593	10105	50	8	8	36	0.000338467	23636	0.99832	FALSE	ORF1ab:cds-YP_009725295.1	GCT	A	GTT	V	1156
NC_045512.2	3732	C	G	23593	10105	50	29	28	32	0.00122694	23636	0.243435	FALSE	ORF1ab:cds-YP_009724389.1	GCT	A	GGT	G	1156
NC_045512.2	3732	C	G	23593	10105	50	29	28	32	0.00122694	23636	0.243435	FALSE	ORF1ab:cds-YP_009725295.1	GCT	A	GGT	G	1156
NC_045512.2	3732	C	A	23593	10105	50	6	5	34	0.00025385	23636	0.999724	FALSE	ORF1ab:cds-YP_009724389.1	GCT	A	GAT	D	1156
NC_045512.2	3732	C	A	23593	10105	50	6	5	34	0.00025385	23636	0.999724	FALSE	ORF1ab:cds-YP_009725295.1	GCT	A	GAT	D	1156
NC_045512.2	3733	T	G	23690	10064	50	10	9	30	0.000421479	23726	0.993191	FALSE	ORF1ab:cds-YP_009724389.1	GCT	A	GCG	A	1156
NC_045512.2	3733	T	G	23690	10064	50	10	9	30	0.000421479	23726	0.993191	FALSE	ORF1ab:cds-YP_009725295.1	GCT	A	GCG	A	1156
NC_045512.2	3733	T	C	23690	10064	50	24	23	34	0.00101155	23726	0.499304	FALSE	ORF1ab:cds-YP_009724389.1	GCT	A	GCC	A	1156
NC_045512.2	3733	T	C	23690	10064	50	24	23	34	0.00101155	23726	0.499304	FALSE	ORF1ab:cds-YP_009725295.1	GCT	A	GCC	A	1156
NC_045512.2	3733	T	A	23690	10064	50	2	2	30	8.42957e-05	23726	0.999999	FALSE	ORF1ab:cds-YP_009724389.1	GCT	A	GCA	A	1156
NC_045512.2	3733	T	A	23690	10064	50	2	2	30	8.42957e-05	23726	0.999999	FALSE	ORF1ab:cds-YP_009725295.1	GCT	A	GCA	A	1156
NC_045512.2	3733	T	-G	23690	10064	50	1	0	20	4.21461e-05	23727	1	FALSE	NA	NA	NA	NA	NA	NA
NC_045512.2	3734	G	T	24439	10153	50	22	22	33	0.000899097	24469	0.670253	FALSE	ORF1ab:cds-YP_009724389.1	GAC	D	TAC	Y	1157
NC_045512.2	3734	G	T	24439	10153	50	22	22	33	0.000899097	24469	0.670253	FALSE	ORF1ab:cds-YP_009725295.1	GAC	D	TAC	Y	1157
NC_045512.2	3734	G	C	24439	10153	50	6	6	34	0.000245208	24469	0.999836	FALSE	ORF1ab:cds-YP_009724389.1	GAC	D	CAC	H	1157
NC_045512.2	3734	G	C	24439	10153	50	6	6	34	0.000245208	24469	0.999836	FALSE	ORF1ab:cds-YP_009725295.1	GAC	D	CAC	H	1157
NC_045512.2	3734	G	A	24439	10153	50	2	2	34	8.17361e-05	24469	1	FALSE	ORF1ab:cds-YP_009724389.1	GAC	D	AAC	N	1157
NC_045512.2	3734	G	A	24439	10153	50	2	2	34	8.17361e-05	24469	1	FALSE	ORF1ab:cds-YP_009725295.1	GAC	D	AAC	N	1157
NC_045512.2	3734	G	-A	24439	10153	50	1	0	20	4.08647e-05	24471	1	FALSE	NA	NA	NA	NA	NA	NA
NC_045512.2	3735	A	T	26355	10390	50	14	14	32	0.000530283	26401	0.980612	FALSE	ORF1ab:cds-YP_009724389.1	GAC	D	GTC	V	1157
NC_045512.2	3735	A	T	26355	10390	50	14	14	32	0.000530283	26401	0.980612	FALSE	ORF1ab:cds-YP_009725295.1	GAC	D	GTC	V	1157
NC_045512.2	3735	A	G	26355	10390	50	20	18	35	0.000757547	26401	0.848291	FALSE	ORF1ab:cds-YP_009724389.1	GAC	D	GGC	G	1157
NC_045512.2	3735	A	G	26355	10390	50	20	18	35	0.000757547	26401	0.848291	FALSE	ORF1ab:cds-YP_009725295.1	GAC	D	GGC	G	1157
NC_045512.2	3735	A	C	26355	10390	50	12	7	31	0.000454528	26401	0.993012	FALSE	ORF1ab:cds-YP_009724389.1	GAC	D	GCC	A	1157
NC_045512.2	3735	A	C	26355	10390	50	12	7	31	0.000454528	26401	0.993012	FALSE	ORF1ab:cds-YP_009725295.1	GAC	D	GCC	A	1157
NC_045512.2	3736	C	T	28622	10862	49	14	13	36	0.000488332	28669	0.990168	FALSE	ORF1ab:cds-YP_009724389.1	GAC	D	GAT	D	1157
NC_045512.2	3736	C	T	28622	10862	49	14	13	36	0.000488332	28669	0.990168	FALSE	ORF1ab:cds-YP_009725295.1	GAC	D	GAT	D	1157
NC_045512.2	3736	C	G	28622	10862	49	7	6	31	0.000244166	28669	0.999941	FALSE	ORF1ab:cds-YP_009724389.1	GAC	D	GAG	E	1157
NC_045512.2	3736	C	G	28622	10862	49	7	6	31	0.000244166	28669	0.999941	FALSE	ORF1ab:cds-YP_009725295.1	GAC	D	GAG	E	1157
NC_045512.2	3736	C	A	28622	10862	49	26	24	34	0.000906903	28669	0.65738	FALSE	ORF1ab:cds-YP_009724389.1	GAC	D	GAA	E	1157
NC_045512.2	3736	C	A	28622	10862	49	26	24	34	0.000906903	28669	0.65738	FALSE	ORF1ab:cds-YP_009725295.1	GAC	D	GAA	E	1157
NC_045512.2	3737	C	T	28691	10901	48	12	11	33	0.000417711	28728	0.99677	FALSE	ORF1ab:cds-YP_009724389.1	CCT	P	TCT	S	1158
NC_045512.2	3737	C	T	28691	10901	48	12	11	33	0.000417711	28728	0.99677	FALSE	ORF1ab:cds-YP_009725295.1	CCT	P	TCT	S	1158
NC_045512.2	3737	C	G	28691	10901	48	11	8	32	0.000382902	28728	0.998302	FALSE	ORF1ab:cds-YP_009724389.1	CCT	P	GCT	A	1158
NC_045512.2	3737	C	G	28691	10901	48	11	8	32	0.000382902	28728	0.998302	FALSE	ORF1ab:cds-YP_009725295.1	CCT	P	GCT	A	1158
NC_045512.2	3737	C	A	28691	10901	48	14	8	31	0.000487329	28728	0.990197	FALSE	ORF1ab:cds-YP_009724389.1	CCT	P	ACT	T	1158
NC_045512.2	3737	C	A	28691	10901	48	14	8	31	0.000487329	28728	0.990197	FALSE	ORF1ab:cds-YP_009725295.1	CCT	P	ACT	T	1158
NC_045512.2	3738	C	T	28871	10903	49	7	6	36	0.000242256	28895	0.999941	FALSE	ORF1ab:cds-YP_009724389.1	CCT	P	CTT	L	1158
NC_045512.2	3738	C	T	28871	10903	49	7	6	36	0.000242256	28895	0.999941	FALSE	ORF1ab:cds-YP_009725295.1	CCT	P	CTT	L	1158
NC_045512.2	3738	C	G	28871	10903	49	2	2	34	6.92161e-05	28895	1	FALSE	ORF1ab:cds-YP_009724389.1	CCT	P	CGT	R	1158
NC_045512.2	3738	C	G	28871	10903	49	2	2	34	6.92161e-05	28895	1	FALSE	ORF1ab:cds-YP_009725295.1	CCT	P	CGT	R	1158
NC_045512.2	3738	C	A	28871	10903	49	15	12	38	0.000519121	28895	0.984226	FALSE	ORF1ab:cds-YP_009724389.1	CCT	P	CAT	H	1158
NC_045512.2	3738	C	A	28871	10903	49	15	12	38	0.000519121	28895	0.984226	FALSE	ORF1ab:cds-YP_009725295.1	CCT	P	CAT	H	1158
NC_045512.2	3739	T	G	29188	10858	49	4	3	32	0.000136855	29228	0.999999	FALSE	ORF1ab:cds-YP_009724389.1	CCT	P	CCG	P	1158
NC_045512.2	3739	T	G	29188	10858	49	4	3	32	0.000136855	29228	0.999999	FALSE	ORF1ab:cds-YP_009725295.1	CCT	P	CCG	P	1158
NC_045512.2	3739	T	C	29188	10858	49	33	32	34	0.00112905	29228	0.351392	FALSE	ORF1ab:cds-YP_009724389.1	CCT	P	CCC	P	1158
NC_045512.2	3739	T	C	29188	10858	49	33	32	34	0.00112905	29228	0.351392	FALSE	ORF1ab:cds-YP_009725295.1	CCT	P	CCC	P	1158
NC_045512.2	3739	T	A	29188	10858	49	3	3	31	0.000102641	29228	1	FALSE	ORF1ab:cds-YP_009724389.1	CCT	P	CCA	P	1158
NC_045512.2	3739	T	A	29188	10858	49	3	3	31	0.000102641	29228	1	FALSE	ORF1ab:cds-YP_009725295.1	CCT	P	CCA	P	1158
NC_045512.2	3739	T	+G	29188	10858	49	1	0	20	3.42138e-05	29228	1	FALSE	NA	NA	NA	NA	NA	NA
NC_045512.2	3740	A	T	29686	11151	49	22	21	32	0.000739993	29730	0.868344	FALSE	ORF1ab:cds-YP_009724389.1	ATA	I	TTA	L	1159
NC_045512.2	3740	A	T	29686	11151	49	22	21	32	0.000739993	29730	0.868344	FALSE	ORF1ab:cds-YP_009725295.1	ATA	I	TTA	L	1159
NC_045512.2	3740	A	G	29686	11151	49	2	1	46	6.72721e-05	29730	0.686989	FALSE	ORF1ab:cds-YP_009724389.1	ATA	I	GTA	V	1159
NC_045512.2	3740	A	G	29686	11151	49	2	1	46	6.72721e-05	29730	0.686989	FALSE	ORF1ab:cds-YP_009725295.1	ATA	I	GTA	V	1159
NC_045512.2	3740	A	C	29686	11151	49	20	20	31	0.000672721	29730	0.923491	FALSE	ORF1ab:cds-YP_009724389.1	ATA	I	CTA	L	1159
NC_045512.2	3740	A	C	29686	11151	49	20	20	31	0.000672721	29730	0.923491	FALSE	ORF1ab:cds-YP_009725295.1	ATA	I	CTA	L	1159
NC_045512.2	3741	T	C	29624	11193	49	10	10	31	0.000337189	29657	0.999465	FALSE	ORF1ab:cds-YP_009724389.1	ATA	I	ACA	T	1159
NC_045512.2	3741	T	C	29624	11193	49	10	10	31	0.000337189	29657	0.999465	FALSE	ORF1ab:cds-YP_009725295.1	ATA	I	ACA	T	1159
NC_045512.2	3741	T	A	29624	11193	49	23	23	33	0.000775534	29657	0.833958	FALSE	ORF1ab:cds-YP_009724389.1	ATA	I	AAA	K	1159
NC_045512.2	3741	T	A	29624	11193	49	23	23	33	0.000775534	29657	0.833958	FALSE	ORF1ab:cds-YP_009725295.1	ATA	I	AAA	K	1159
NC_045512.2	3742	A	T	29575	11298	49	29	29	32	0.000979167	29617	0.551571	FALSE	ORF1ab:cds-YP_009724389.1	ATA	I	ATT	I	1159
NC_045512.2	3742	A	T	29575	11298	49	29	29	32	0.000979167	29617	0.551571	FALSE	ORF1ab:cds-YP_009725295.1	ATA	I	ATT	I	1159
NC_045512.2	3742	A	G	29575	11298	49	8	4	45	0.000270115	29617	0.054477	FALSE	ORF1ab:cds-YP_009724389.1	ATA	I	ATG	M	1159
NC_045512.2	3742	A	G	29575	11298	49	8	4	45	0.000270115	29617	0.054477	FALSE	ORF1ab:cds-YP_009725295.1	ATA	I	ATG	M	1159
NC_045512.2	3742	A	C	29575	11298	49	5	5	30	0.000168822	29617	0.999997	FALSE	ORF1ab:cds-YP_009724389.1	ATA	I	ATC	I	1159
NC_045512.2	3742	A	C	29575	11298	49	5	5	30	0.000168822	29617	0.999997	FALSE	ORF1ab:cds-YP_009725295.1	ATA	I	ATC	I	1159
NC_045512.2	3743	C	T	29577	11326	49	14	12	34	0.00047259	29624	0.99309	FALSE	ORF1ab:cds-YP_009724389.1	CAT	H	TAT	Y	1160
NC_045512.2	3743	C	T	29577	11326	49	14	12	34	0.00047259	29624	0.99309	FALSE	ORF1ab:cds-YP_009725295.1	CAT	H	TAT	Y	1160
NC_045512.2	3743	C	G	29577	11326	49	2	2	34	6.75128e-05	29624	1	FALSE	ORF1ab:cds-YP_009724389.1	CAT	H	GAT	D	1160
NC_045512.2	3743	C	G	29577	11326	49	2	2	34	6.75128e-05	29624	1	FALSE	ORF1ab:cds-YP_009725295.1	CAT	H	GAT	D	1160
NC_045512.2	3743	C	A	29577	11326	49	31	31	32	0.00104645	29624	0.447905	FALSE	ORF1ab:cds-YP_009724389.1	CAT	H	AAT	N	1160
NC_045512.2	3743	C	A	29577	11326	49	31	31	32	0.00104645	29624	0.447905	FALSE	ORF1ab:cds-YP_009725295.1	CAT	H	AAT	N	1160
NC_045512.2	3744	A	T	29046	10857	49	18	18	32	0.000618854	29086	0.960379	FALSE	ORF1ab:cds-YP_009724389.1	CAT	H	CTT	L	1160
NC_045512.2	3744	A	T	29046	10857	49	18	18	32	0.000618854	29086	0.960379	FALSE	ORF1ab:cds-YP_009725295.1	CAT	H	CTT	L	1160
NC_045512.2	3744	A	G	29046	10857	49	2	2	29	6.87616e-05	29086	1	FALSE	ORF1ab:cds-YP_009724389.1	CAT	H	CGT	R	1160
NC_045512.2	3744	A	G	29046	10857	49	2	2	29	6.87616e-05	29086	1	FALSE	ORF1ab:cds-YP_009725295.1	CAT	H	CGT	R	1160
NC_045512.2	3744	A	C	29046	10857	49	20	20	33	0.000687616	29086	0.923554	FALSE	ORF1ab:cds-YP_009724389.1	CAT	H	CCT	P	1160
NC_045512.2	3744	A	C	29046	10857	49	20	20	33	0.000687616	29086	0.923554	FALSE	ORF1ab:cds-YP_009725295.1	CAT	H	CCT	P	1160
NC_045512.2	3745	T	G	29028	10482	49	1	1	34	3.44045e-05	29066	1	FALSE	ORF1ab:cds-YP_009724389.1	CAT	H	CAG	Q	1160
NC_045512.2	3745	T	G	29028	10482	49	1	1	34	3.44045e-05	29066	1	FALSE	ORF1ab:cds-YP_009725295.1	CAT	H	CAG	Q	1160
NC_045512.2	3745	T	C	29028	10482	49	8	7	37	0.000275236	29066	0.999904	FALSE	ORF1ab:cds-YP_009724389.1	CAT	H	CAC	H	1160
NC_045512.2	3745	T	C	29028	10482	49	8	7	37	0.000275236	29066	0.999904	FALSE	ORF1ab:cds-YP_009725295.1	CAT	H	CAC	H	1160
NC_045512.2	3745	T	A	29028	10482	49	29	29	32	0.000997729	29066	0.551768	FALSE	ORF1ab:cds-YP_009724389.1	CAT	H	CAA	Q	1160
NC_045512.2	3745	T	A	29028	10482	49	29	29	32	0.000997729	29066	0.551768	FALSE	ORF1ab:cds-YP_009725295.1	CAT	H	CAA	Q	1160
NC_045512.2	3745	T	-T	29028	10482	49	1	0	20	3.44045e-05	29066	1	FALSE	NA	NA	NA	NA	NA	NA
NC_045512.2	3746	T	G	28872	10414	49	2	2	34	6.92113e-05	28897	1	FALSE	ORF1ab:cds-YP_009724389.1	TCT	S	GCT	A	1161
NC_045512.2	3746	T	G	28872	10414	49	2	2	34	6.92113e-05	28897	1	FALSE	ORF1ab:cds-YP_009725295.1	TCT	S	GCT	A	1161
NC_045512.2	3746	T	C	28872	10414	49	18	17	35	0.000622902	28897	0.948079	FALSE	ORF1ab:cds-YP_009724389.1	TCT	S	CCT	P	1161
NC_045512.2	3746	T	C	28872	10414	49	18	17	35	0.000622902	28897	0.948079	FALSE	ORF1ab:cds-YP_009725295.1	TCT	S	CCT	P	1161
NC_045512.2	3746	T	A	28872	10414	49	5	5	34	0.000173028	28897	0.999995	FALSE	ORF1ab:cds-YP_009724389.1	TCT	S	ACT	T	1161
NC_045512.2	3746	T	A	28872	10414	49	5	5	34	0.000173028	28897	0.999995	FALSE	ORF1ab:cds-YP_009725295.1	TCT	S	ACT	T	1161
NC_045512.2	3747	C	T	31815	10815	48	25	24	33	0.000784708	31859	0.824718	FALSE	ORF1ab:cds-YP_009724389.1	TCT	S	TTT	F	1161
NC_045512.2	3747	C	T	31815	10815	48	25	24	33	0.000784708	31859	0.824718	FALSE	ORF1ab:cds-YP_009725295.1	TCT	S	TTT	F	1161
NC_045512.2	3747	C	G	31815	10815	48	2	0	30	6.27766e-05	31859	1	FALSE	ORF1ab:cds-YP_009724389.1	TCT	S	TGT	C	1161
NC_045512.2	3747	C	G	31815	10815	48	2	0	30	6.27766e-05	31859	1	FALSE	ORF1ab:cds-YP_009725295.1	TCT	S	TGT	C	1161
NC_045512.2	3747	C	A	31815	10815	48	17	17	32	0.000533601	31859	0.985273	FALSE	ORF1ab:cds-YP_009724389.1	TCT	S	TAT	Y	1161
NC_045512.2	3747	C	A	31815	10815	48	17	17	32	0.000533601	31859	0.985273	FALSE	ORF1ab:cds-YP_009725295.1	TCT	S	TAT	Y	1161
NC_045512.2	3747	C	-T	31815	10815	48	1	0	20	3.13883e-05	31859	1	FALSE	NA	NA	NA	NA	NA	NA
NC_045512.2	3748	T	G	31460	10601	47	1	0	26	3.17591e-05	31487	1	FALSE	ORF1ab:cds-YP_009724389.1	TCT	S	TCG	S	1161
NC_045512.2	3748	T	G	31460	10601	47	1	0	26	3.17591e-05	31487	1	FALSE	ORF1ab:cds-YP_009725295.1	TCT	S	TCG	S	1161
NC_045512.2	3748	T	C	31460	10601	47	23	23	33	0.00073046	31487	0.889869	FALSE	ORF1ab:cds-YP_009724389.1	TCT	S	TCC	S	1161
NC_045512.2	3748	T	C	31460	10601	47	23	23	33	0.00073046	31487	0.889869	FALSE	ORF1ab:cds-YP_009725295.1	TCT	S	TCC	S	1161
NC_045512.2	3748	T	A	31460	10601	47	3	3	34	9.52774e-05	31487	1	FALSE	ORF1ab:cds-YP_009724389.1	TCT	S	TCA	S	1161
NC_045512.2	3748	T	A	31460	10601	47	3	3	34	9.52774e-05	31487	1	FALSE	ORF1ab:cds-YP_009725295.1	TCT	S	TCA	S	1161
NC_045512.2	3749	T	G	31426	10757	48	3	0	28	9.54229e-05	31439	1	FALSE	ORF1ab:cds-YP_009724389.1	TTA	L	GTA	V	1162
NC_045512.2	3749	T	G	31426	10757	48	3	0	28	9.54229e-05	31439	1	FALSE	ORF1ab:cds-YP_009725295.1	TTA	L	GTA	V	1162
NC_045512.2	3749	T	C	31426	10757	48	9	9	32	0.000286269	31439	0.999909	FALSE	ORF1ab:cds-YP_009724389.1	TTA	L	CTA	L	1162
NC_045512.2	3749	T	C	31426	10757	48	9	9	32	0.000286269	31439	0.999909	FALSE	ORF1ab:cds-YP_009725295.1	TTA	L	CTA	L	1162
NC_045512.2	3749	T	A	31426	10757	48	1	1	34	3.18076e-05	31439	1	FALSE	ORF1ab:cds-YP_009724389.1	TTA	L	ATA	I	1162
NC_045512.2	3749	T	A	31426	10757	48	1	1	34	3.18076e-05	31439	1	FALSE	ORF1ab:cds-YP_009725295.1	TTA	L	ATA	I	1162
NC_045512.2	3750	T	G	31451	10832	48	4	0	32	0.000127089	31474	1	FALSE	ORF1ab:cds-YP_009724389.1	TTA	L	TGA	*	1162
NC_045512.2	3750	T	G	31451	10832	48	4	0	32	0.000127089	31474	1	FALSE	ORF1ab:cds-YP_009725295.1	TTA	L	TGA	*	1162
NC_045512.2	3750	T	C	31451	10832	48	15	14	34	0.000476584	31474	0.994327	FALSE	ORF1ab:cds-YP_009724389.1	TTA	L	TCA	S	1162
NC_045512.2	3750	T	C	31451	10832	48	15	14	34	0.000476584	31474	0.994327	FALSE	ORF1ab:cds-YP_009725295.1	TTA	L	TCA	S	1162
NC_045512.2	3750	T	A	31451	10832	48	4	2	30	0.000127089	31474	1	FALSE	ORF1ab:cds-YP_009724389.1	TTA	L	TAA	*	1162
NC_045512.2	3750	T	A	31451	10832	48	4	2	30	0.000127089	31474	1	FALSE	ORF1ab:cds-YP_009725295.1	TTA	L	TAA	*	1162
NC_045512.2	3751	A	T	31661	10781	48	38	38	34	0.00119855	31705	0.234861	FALSE	ORF1ab:cds-YP_009724389.1	TTA	L	TTT	F	1162
NC_045512.2	3751	A	T	31661	10781	48	38	38	34	0.00119855	31705	0.234861	FALSE	ORF1ab:cds-YP_009725295.1	TTA	L	TTT	F	1162
NC_045512.2	3751	A	G	31661	10781	48	4	0	34	0.000126163	31705	1	FALSE	ORF1ab:cds-YP_009724389.1	TTA	L	TTG	L	1162
NC_045512.2	3751	A	G	31661	10781	48	4	0	34	0.000126163	31705	1	FALSE	ORF1ab:cds-YP_009725295.1	TTA	L	TTG	L	1162
NC_045512.2	3751	A	C	31661	10781	48	2	2	34	6.30815e-05	31705	1	FALSE	ORF1ab:cds-YP_009724389.1	TTA	L	TTC	F	1162
NC_045512.2	3751	A	C	31661	10781	48	2	2	34	6.30815e-05	31705	1	FALSE	ORF1ab:cds-YP_009725295.1	TTA	L	TTC	F	1162
NC_045512.2	3752	A	T	31565	10875	48	23	23	31	0.000727894	31598	0.889737	FALSE	ORF1ab:cds-YP_009724389.1	AGA	R	TGA	*	1163
NC_045512.2	3752	A	T	31565	10875	48	23	23	31	0.000727894	31598	0.889737	FALSE	ORF1ab:cds-YP_009725295.1	AGA	R	TGA	*	1163
NC_045512.2	3752	A	G	31565	10875	48	10	3	39	0.000316476	31598	0.999784	FALSE	ORF1ab:cds-YP_009724389.1	AGA	R	GGA	G	1163
NC_045512.2	3752	A	G	31565	10875	48	10	3	39	0.000316476	31598	0.999784	FALSE	ORF1ab:cds-YP_009725295.1	AGA	R	GGA	G	1163
NC_045512.2	3753	G	T	31784	10931	48	16	14	33	0.00050267	31830	0.990632	FALSE	ORF1ab:cds-YP_009724389.1	AGA	R	ATA	I	1163
NC_045512.2	3753	G	T	31784	10931	48	16	14	33	0.00050267	31830	0.990632	FALSE	ORF1ab:cds-YP_009725295.1	AGA	R	ATA	I	1163
NC_045512.2	3753	G	C	31784	10931	48	3	3	34	9.42507e-05	31830	1	FALSE	ORF1ab:cds-YP_009724389.1	AGA	R	ACA	T	1163
NC_045512.2	3753	G	C	31784	10931	48	3	3	34	9.42507e-05	31830	1	FALSE	ORF1ab:cds-YP_009725295.1	AGA	R	ACA	T	1163
NC_045512.2	3753	G	A	31784	10931	48	27	27	34	0.000848256	31830	0.743479	FALSE	ORF1ab:cds-YP_009724389.1	AGA	R	AAA	K	1163
NC_045512.2	3753	G	A	31784	10931	48	27	27	34	0.000848256	31830	0.743479	FALSE	ORF1ab:cds-YP_009725295.1	AGA	R	AAA	K	1163
NC_045512.2	3754	A	T	31096	11268	47	4	4	32	0.000128514	31125	1	FALSE	ORF1ab:cds-YP_009724389.1	AGA	R	AGT	S	1163
NC_045512.2	3754	A	T	31096	11268	47	4	4	32	0.000128514	31125	1	FALSE	ORF1ab:cds-YP_009725295.1	AGA	R	AGT	S	1163
NC_045512.2	3754	A	G	31096	11268	47	22	20	32	0.000706827	31125	0.915493	FALSE	ORF1ab:cds-YP_009724389.1	AGA	R	AGG	R	1163
NC_045512.2	3754	A	G	31096	11268	47	22	20	32	0.000706827	31125	0.915493	FALSE	ORF1ab:cds-YP_009725295.1	AGA	R	AGG	R	1163
NC_045512.2	3754	A	C	31096	11268	47	3	2	31	9.63855e-05	31125	1	FALSE	ORF1ab:cds-YP_009724389.1	AGA	R	AGC	S	1163
NC_045512.2	3754	A	C	31096	11268	47	3	2	31	9.63855e-05	31125	1	FALSE	ORF1ab:cds-YP_009725295.1	AGA	R	AGC	S	1163
NC_045512.2	3755	G	T	32207	11275	49	7	6	31	0.000217027	32254	0.999993	FALSE	ORF1ab:cds-YP_009724389.1	GTT	V	TTT	F	1164
NC_045512.2	3755	G	T	32207	11275	49	7	6	31	0.000217027	32254	0.999993	FALSE	ORF1ab:cds-YP_009725295.1	GTT	V	TTT	F	1164
NC_045512.2	3755	G	C	32207	11275	49	1	1	34	3.10039e-05	32254	1	FALSE	ORF1ab:cds-YP_009724389.1	GTT	V	CTT	L	1164
NC_045512.2	3755	G	C	32207	11275	49	1	1	34	3.10039e-05	32254	1	FALSE	ORF1ab:cds-YP_009725295.1	GTT	V	CTT	L	1164
NC_045512.2	3755	G	A	32207	11275	49	39	36	34	0.00120915	32254	0.237938	FALSE	ORF1ab:cds-YP_009724389.1	GTT	V	ATT	I	1164
NC_045512.2	3755	G	A	32207	11275	49	39	36	34	0.00120915	32254	0.237938	FALSE	ORF1ab:cds-YP_009725295.1	GTT	V	ATT	I	1164
NC_045512.2	3756	T	G	28711	7690	41	36	35	32	0.00125196	28755	0.190468	FALSE	ORF1ab:cds-YP_009724389.1	GTT	V	GGT	G	1164
NC_045512.2	3756	T	G	28711	7690	41	36	35	32	0.00125196	28755	0.190468	FALSE	ORF1ab:cds-YP_009725295.1	GTT	V	GGT	G	1164
NC_045512.2	3756	T	C	28711	7690	41	2	2	34	6.95531e-05	28755	1	FALSE	ORF1ab:cds-YP_009724389.1	GTT	V	GCT	A	1164
NC_045512.2	3756	T	C	28711	7690	41	2	2	34	6.95531e-05	28755	1	FALSE	ORF1ab:cds-YP_009725295.1	GTT	V	GCT	A	1164
NC_045512.2	3756	T	A	28711	7690	41	6	6	34	0.000208659	28755	0.999981	FALSE	ORF1ab:cds-YP_009724389.1	GTT	V	GAT	D	1164
NC_045512.2	3756	T	A	28711	7690	41	6	6	34	0.000208659	28755	0.999981	FALSE	ORF1ab:cds-YP_009725295.1	GTT	V	GAT	D	1164
NC_045512.2	3756	T	-T	28711	7690	41	1	0	20	3.47766e-05	28755	1	FALSE	NA	NA	NA	NA	NA	NA
NC_045512.2	3757	T	G	31259	10635	50	7	7	34	0.000223749	31285	0.999988	FALSE	ORF1ab:cds-YP_009724389.1	GTT	V	GTG	V	1164
NC_045512.2	3757	T	G	31259	10635	50	7	7	34	0.000223749	31285	0.999988	FALSE	ORF1ab:cds-YP_009725295.1	GTT	V	GTG	V	1164
NC_045512.2	3757	T	C	31259	10635	50	5	3	47	0.000159821	31285	0.362905	FALSE	ORF1ab:cds-YP_009724389.1	GTT	V	GTC	V	1164
NC_045512.2	3757	T	C	31259	10635	50	5	3	47	0.000159821	31285	0.362905	FALSE	ORF1ab:cds-YP_009725295.1	GTT	V	GTC	V	1164
NC_045512.2	3757	T	A	31259	10635	50	14	14	33	0.000447499	31285	0.996692	FALSE	ORF1ab:cds-YP_009724389.1	GTT	V	GTA	V	1164
NC_045512.2	3757	T	A	31259	10635	50	14	14	33	0.000447499	31285	0.996692	FALSE	ORF1ab:cds-YP_009725295.1	GTT	V	GTA	V	1164
NC_045512.2	3757	T	-T	31259	10635	50	1	0	20	3.19632e-05	31286	1	FALSE	NA	NA	NA	NA	NA	NA
NC_045512.2	3758	T	G	31322	10927	49	20	19	31	0.000637999	31348	0.954043	FALSE	ORF1ab:cds-YP_009724389.1	TGT	C	GGT	G	1165
NC_045512.2	3758	T	G	31322	10927	49	20	19	31	0.000637999	31348	0.954043	FALSE	ORF1ab:cds-YP_009725295.1	TGT	C	GGT	G	1165
NC_045512.2	3758	T	C	31322	10927	49	3	3	34	9.56999e-05	31348	1	FALSE	ORF1ab:cds-YP_009724389.1	TGT	C	CGT	R	1165
NC_045512.2	3758	T	C	31322	10927	49	3	3	34	9.56999e-05	31348	1	FALSE	ORF1ab:cds-YP_009725295.1	TGT	C	CGT	R	1165
NC_045512.2	3758	T	A	31322	10927	49	3	3	34	9.56999e-05	31348	1	FALSE	ORF1ab:cds-YP_009724389.1	TGT	C	AGT	S	1165
NC_045512.2	3758	T	A	31322	10927	49	3	3	34	9.56999e-05	31348	1	FALSE	ORF1ab:cds-YP_009725295.1	TGT	C	AGT	S	1165
NC_045512.2	3758	T	+G	31322	10927	49	1	0	20	3.18989e-05	31349	1	FALSE	NA	NA	NA	NA	NA	NA
NC_045512.2	3759	G	T	34458	11222	48	34	34	32	0.000985564	34498	0.547987	FALSE	ORF1ab:cds-YP_009724389.1	TGT	C	TTT	F	1165
NC_045512.2	3759	G	T	34458	11222	48	34	34	32	0.000985564	34498	0.547987	FALSE	ORF1ab:cds-YP_009725295.1	TGT	C	TTT	F	1165
NC_045512.2	3759	G	C	34458	11222	48	3	3	34	8.69616e-05	34498	1	FALSE	ORF1ab:cds-YP_009724389.1	TGT	C	TCT	S	1165
NC_045512.2	3759	G	C	34458	11222	48	3	3	34	8.69616e-05	34498	1	FALSE	ORF1ab:cds-YP_009725295.1	TGT	C	TCT	S	1165
NC_045512.2	3759	G	A	34458	11222	48	3	3	34	8.69616e-05	34498	1	FALSE	ORF1ab:cds-YP_009724389.1	TGT	C	TAT	Y	1165
NC_045512.2	3759	G	A	34458	11222	48	3	3	34	8.69616e-05	34498	1	FALSE	ORF1ab:cds-YP_009725295.1	TGT	C	TAT	Y	1165
NC_045512.2	3760	T	G	34836	11349	48	26	23	33	0.000745605	34871	0.87739	FALSE	ORF1ab:cds-YP_009724389.1	TGT	C	TGG	W	1165
NC_045512.2	3760	T	G	34836	11349	48	26	23	33	0.000745605	34871	0.87739	FALSE	ORF1ab:cds-YP_009725295.1	TGT	C	TGG	W	1165
NC_045512.2	3760	T	C	34836	11349	48	4	3	34	0.000114708	34871	1	FALSE	ORF1ab:cds-YP_009724389.1	TGT	C	TGC	C	1165
NC_045512.2	3760	T	C	34836	11349	48	4	3	34	0.000114708	34871	1	FALSE	ORF1ab:cds-YP_009725295.1	TGT	C	TGC	C	1165
NC_045512.2	3760	T	A	34836	11349	48	5	4	31	0.000143386	34871	1	FALSE	ORF1ab:cds-YP_009724389.1	TGT	C	TGA	*	1165
NC_045512.2	3760	T	A	34836	11349	48	5	4	31	0.000143386	34871	1	FALSE	ORF1ab:cds-YP_009725295.1	TGT	C	TGA	*	1165
NC_045512.2	3761	G	T	35318	11395	48	40	37	33	0.00113119	35361	0.322056	FALSE	ORF1ab:cds-YP_009724389.1	GTA	V	TTA	L	1166
NC_045512.2	3761	G	T	35318	11395	48	40	37	33	0.00113119	35361	0.322056	FALSE	ORF1ab:cds-YP_009725295.1	GTA	V	TTA	L	1166
NC_045512.2	3761	G	C	35318	11395	48	1	1	34	2.82797e-05	35361	1	FALSE	ORF1ab:cds-YP_009724389.1	GTA	V	CTA	L	1166
NC_045512.2	3761	G	C	35318	11395	48	1	1	34	2.82797e-05	35361	1	FALSE	ORF1ab:cds-YP_009725295.1	GTA	V	CTA	L	1166
NC_045512.2	3761	G	A	35318	11395	48	2	2	34	5.65595e-05	35361	1	FALSE	ORF1ab:cds-YP_009724389.1	GTA	V	ATA	I	1166
NC_045512.2	3761	G	A	35318	11395	48	2	2	34	5.65595e-05	35361	1	FALSE	ORF1ab:cds-YP_009725295.1	GTA	V	ATA	I	1166
NC_045512.2	3762	T	G	35590	12386	49	38	35	32	0.00106634	35636	0.407187	FALSE	ORF1ab:cds-YP_009724389.1	GTA	V	GGA	G	1166
NC_045512.2	3762	T	G	35590	12386	49	38	35	32	0.00106634	35636	0.407187	FALSE	ORF1ab:cds-YP_009725295.1	GTA	V	GGA	G	1166
NC_045512.2	3762	T	C	35590	12386	49	6	4	32	0.000168369	35636	1	FALSE	ORF1ab:cds-YP_009724389.1	GTA	V	GCA	A	1166
NC_045512.2	3762	T	C	35590	12386	49	6	4	32	0.000168369	35636	1	FALSE	ORF1ab:cds-YP_009725295.1	GTA	V	GCA	A	1166
NC_045512.2	3762	T	A	35590	12386	49	2	2	30	5.6123e-05	35636	1	FALSE	ORF1ab:cds-YP_009724389.1	GTA	V	GAA	E	1166
NC_045512.2	3762	T	A	35590	12386	49	2	2	30	5.6123e-05	35636	1	FALSE	ORF1ab:cds-YP_009725295.1	GTA	V	GAA	E	1166
NC_045512.2	3762	T	-A	35590	12386	49	1	0	20	2.80615e-05	35636	1	FALSE	NA	NA	NA	NA	NA	NA
NC_045512.2	3762	T	+AG	35590	12386	49	2	0	20	5.6123e-05	35636	1	FALSE	NA	NA	NA	NA	NA	NA
NC_045512.2	3763	A	T	35670	12276	50	39	39	32	0.00109173	35723	0.36307	FALSE	ORF1ab:cds-YP_009724389.1	GTA	V	GTT	V	1166
NC_045512.2	3763	A	T	35670	12276	50	39	39	32	0.00109173	35723	0.36307	FALSE	ORF1ab:cds-YP_009725295.1	GTA	V	GTT	V	1166
NC_045512.2	3763	A	G	35670	12276	50	11	7	40	0.000307925	35723	0.0285311	FALSE	ORF1ab:cds-YP_009724389.1	GTA	V	GTG	V	1166
NC_045512.2	3763	A	G	35670	12276	50	11	7	40	0.000307925	35723	0.0285311	FALSE	ORF1ab:cds-YP_009725295.1	GTA	V	GTG	V	1166
NC_045512.2	3763	A	C	35670	12276	50	3	2	34	8.39795e-05	35723	1	FALSE	ORF1ab:cds-YP_009724389.1	GTA	V	GTC	V	1166
NC_045512.2	3763	A	C	35670	12276	50	3	2	34	8.39795e-05	35723	1	FALSE	ORF1ab:cds-YP_009725295.1	GTA	V	GTC	V	1166
NC_045512.2	3764	G	T	36042	12385	50	14	12	32	0.000387994	36083	0.99953	FALSE	ORF1ab:cds-YP_009724389.1	GAT	D	TAT	Y	1167
NC_045512.2	3764	G	T	36042	12385	50	14	12	32	0.000387994	36083	0.99953	FALSE	ORF1ab:cds-YP_009725295.1	GAT	D	TAT	Y	1167
NC_045512.2	3764	G	A	36042	12385	50	27	25	32	0.000748275	36083	0.896157	FALSE	ORF1ab:cds-YP_009724389.1	GAT	D	AAT	N	1167
NC_045512.2	3764	G	A	36042	12385	50	27	25	32	0.000748275	36083	0.896157	FALSE	ORF1ab:cds-YP_009725295.1	GAT	D	AAT	N	1167
NC_045512.2	3765	A	T	36024	12453	49	18	17	33	0.000499043	36069	0.995441	FALSE	ORF1ab:cds-YP_009724389.1	GAT	D	GTT	V	1167
NC_045512.2	3765	A	T	36024	12453	49	18	17	33	0.000499043	36069	0.995441	FALSE	ORF1ab:cds-YP_009725295.1	GAT	D	GTT	V	1167
NC_045512.2	3765	A	G	36024	12453	49	24	23	33	0.000665391	36069	0.953629	FALSE	ORF1ab:cds-YP_009724389.1	GAT	D	GGT	G	1167
NC_045512.2	3765	A	G	36024	12453	49	24	23	33	0.000665391	36069	0.953629	FALSE	ORF1ab:cds-YP_009725295.1	GAT	D	GGT	G	1167
NC_045512.2	3765	A	C	36024	12453	49	3	2	31	8.31739e-05	36069	1	FALSE	ORF1ab:cds-YP_009724389.1	GAT	D	GCT	A	1167
NC_045512.2	3765	A	C	36024	12453	49	3	2	31	8.31739e-05	36069	1	FALSE	ORF1ab:cds-YP_009725295.1	GAT	D	GCT	A	1167
NC_045512.2	3766	T	G	36247	12485	50	9	7	31	0.000247948	36298	0.999992	FALSE	ORF1ab:cds-YP_009724389.1	GAT	D	GAG	E	1167
NC_045512.2	3766	T	G	36247	12485	50	9	7	31	0.000247948	36298	0.999992	FALSE	ORF1ab:cds-YP_009725295.1	GAT	D	GAG	E	1167
NC_045512.2	3766	T	C	36247	12485	50	5	3	42	0.000137749	36298	0.362595	FALSE	ORF1ab:cds-YP_009724389.1	GAT	D	GAC	D	1167
NC_045512.2	3766	T	C	36247	12485	50	5	3	42	0.000137749	36298	0.362595	FALSE	ORF1ab:cds-YP_009725295.1	GAT	D	GAC	D	1167
NC_045512.2	3766	T	A	36247	12485	50	37	37	33	0.00101934	36298	0.499387	FALSE	ORF1ab:cds-YP_009724389.1	GAT	D	GAA	E	1167
NC_045512.2	3766	T	A	36247	12485	50	37	37	33	0.00101934	36298	0.499387	FALSE	ORF1ab:cds-YP_009725295.1	GAT	D	GAA	E	1167
NC_045512.2	3767	A	T	35754	12390	49	32	31	32	0.000893755	35804	0.686687	FALSE	ORF1ab:cds-YP_009724389.1	ACT	T	TCT	S	1168
NC_045512.2	3767	A	T	35754	12390	49	32	31	32	0.000893755	35804	0.686687	FALSE	ORF1ab:cds-YP_009725295.1	ACT	T	TCT	S	1168
NC_045512.2	3767	A	G	35754	12390	49	15	15	32	0.000418948	35804	0.998689	FALSE	ORF1ab:cds-YP_009724389.1	ACT	T	GCT	A	1168
NC_045512.2	3767	A	G	35754	12390	49	15	15	32	0.000418948	35804	0.998689	FALSE	ORF1ab:cds-YP_009725295.1	ACT	T	GCT	A	1168
NC_045512.2	3767	A	C	35754	12390	49	3	3	31	8.37895e-05	35804	1	FALSE	ORF1ab:cds-YP_009724389.1	ACT	T	CCT	P	1168
NC_045512.2	3767	A	C	35754	12390	49	3	3	31	8.37895e-05	35804	1	FALSE	ORF1ab:cds-YP_009725295.1	ACT	T	CCT	P	1168
NC_045512.2	3768	C	T	36059	12323	50	15	14	34	0.000415282	36120	0.999105	FALSE	ORF1ab:cds-YP_009724389.1	ACT	T	ATT	I	1168
NC_045512.2	3768	C	T	36059	12323	50	15	14	34	0.000415282	36120	0.999105	FALSE	ORF1ab:cds-YP_009725295.1	ACT	T	ATT	I	1168
NC_045512.2	3768	C	G	36059	12323	50	7	3	30	0.000193798	36120	0.999999	FALSE	ORF1ab:cds-YP_009724389.1	ACT	T	AGT	S	1168
NC_045512.2	3768	C	G	36059	12323	50	7	3	30	0.000193798	36120	0.999999	FALSE	ORF1ab:cds-YP_009725295.1	ACT	T	AGT	S	1168
NC_045512.2	3768	C	A	36059	12323	50	39	39	33	0.00107973	36120	0.407748	FALSE	ORF1ab:cds-YP_009724389.1	ACT	T	AAT	N	1168
NC_045512.2	3768	C	A	36059	12323	50	39	39	33	0.00107973	36120	0.407748	FALSE	ORF1ab:cds-YP_009725295.1	ACT	T	AAT	N	1168
NC_045512.2	3769	T	G	34988	11555	50	8	7	33	0.000228408	35025	0.999995	FALSE	ORF1ab:cds-YP_009724389.1	ACT	T	ACG	T	1168
NC_045512.2	3769	T	G	34988	11555	50	8	7	33	0.000228408	35025	0.999995	FALSE	ORF1ab:cds-YP_009725295.1	ACT	T	ACG	T	1168
NC_045512.2	3769	T	C	34988	11555	50	22	21	35	0.000628123	35025	0.968578	FALSE	ORF1ab:cds-YP_009724389.1	ACT	T	ACC	T	1168
NC_045512.2	3769	T	C	34988	11555	50	22	21	35	0.000628123	35025	0.968578	FALSE	ORF1ab:cds-YP_009725295.1	ACT	T	ACC	T	1168
NC_045512.2	3769	T	A	34988	11555	50	7	7	37	0.000199857	35025	0.999999	FALSE	ORF1ab:cds-YP_009724389.1	ACT	T	ACA	T	1168
NC_045512.2	3769	T	A	34988	11555	50	7	7	37	0.000199857	35025	0.999999	FALSE	ORF1ab:cds-YP_009725295.1	ACT	T	ACA	T	1168
NC_045512.2	3770	G	T	35212	11662	50	25	25	33	0.000708999	35261	0.922219	FALSE	ORF1ab:cds-YP_009724389.1	GTT	V	TTT	F	1169
NC_045512.2	3770	G	T	35212	11662	50	25	25	33	0.000708999	35261	0.922219	FALSE	ORF1ab:cds-YP_009725295.1	GTT	V	TTT	F	1169
NC_045512.2	3770	G	C	35212	11662	50	8	8	33	0.00022688	35261	0.999995	FALSE	ORF1ab:cds-YP_009724389.1	GTT	V	CTT	L	1169
NC_045512.2	3770	G	C	35212	11662	50	8	8	33	0.00022688	35261	0.999995	FALSE	ORF1ab:cds-YP_009725295.1	GTT	V	CTT	L	1169
NC_045512.2	3770	G	A	35212	11662	50	16	16	33	0.000453759	35261	0.997683	FALSE	ORF1ab:cds-YP_009724389.1	GTT	V	ATT	I	1169
NC_045512.2	3770	G	A	35212	11662	50	16	16	33	0.000453759	35261	0.997683	FALSE	ORF1ab:cds-YP_009725295.1	GTT	V	ATT	I	1169
NC_045512.2	3771	T	G	34238	10671	46	23	23	33	0.000670965	34279	0.944283	FALSE	ORF1ab:cds-YP_009724389.1	GTT	V	GGT	G	1169
NC_045512.2	3771	T	G	34238	10671	46	23	23	33	0.000670965	34279	0.944283	FALSE	ORF1ab:cds-YP_009725295.1	GTT	V	GGT	G	1169
NC_045512.2	3771	T	C	34238	10671	46	14	13	35	0.000408413	34279	0.998951	FALSE	ORF1ab:cds-YP_009724389.1	GTT	V	GCT	A	1169
NC_045512.2	3771	T	C	34238	10671	46	14	13	35	0.000408413	34279	0.998951	FALSE	ORF1ab:cds-YP_009725295.1	GTT	V	GCT	A	1169
NC_045512.2	3771	T	A	34238	10671	46	4	4	30	0.00011669	34279	1	FALSE	ORF1ab:cds-YP_009724389.1	GTT	V	GAT	D	1169
NC_045512.2	3771	T	A	34238	10671	46	4	4	30	0.00011669	34279	1	FALSE	ORF1ab:cds-YP_009725295.1	GTT	V	GAT	D	1169
NC_045512.2	3772	T	G	34978	11506	50	9	9	34	0.00025715	34999	0.999979	FALSE	ORF1ab:cds-YP_009724389.1	GTT	V	GTG	V	1169
NC_045512.2	3772	T	G	34978	11506	50	9	9	34	0.00025715	34999	0.999979	FALSE	ORF1ab:cds-YP_009725295.1	GTT	V	GTG	V	1169
NC_045512.2	3772	T	C	34978	11506	50	12	10	44	0.000342867	34999	0.0175496	FALSE	ORF1ab:cds-YP_009724389.1	GTT	V	GTC	V	1169
NC_045512.2	3772	T	C	34978	11506	50	12	10	44	0.000342867	34999	0.0175496	FALSE	ORF1ab:cds-YP_009725295.1	GTT	V	GTC	V	1169
NC_045512.2	3773	C	T	34785	11429	50	27	27	34	0.000775149	34832	0.846763	FALSE	ORF1ab:cds-YP_009724389.1	CGC	R	TGC	C	1170
NC_045512.2	3773	C	T	34785	11429	50	27	27	34	0.000775149	34832	0.846763	FALSE	ORF1ab:cds-YP_009725295.1	CGC	R	TGC	C	1170
NC_045512.2	3773	C	G	34785	11429	50	16	16	33	0.000459348	34832	0.996679	FALSE	ORF1ab:cds-YP_009724389.1	CGC	R	GGC	G	1170
NC_045512.2	3773	C	G	34785	11429	50	16	16	33	0.000459348	34832	0.996679	FALSE	ORF1ab:cds-YP_009725295.1	CGC	R	GGC	G	1170
NC_045512.2	3773	C	A	34785	11429	50	4	3	34	0.000114837	34832	1	FALSE	ORF1ab:cds-YP_009724389.1	CGC	R	AGC	S	1170
NC_045512.2	3773	C	A	34785	11429	50	4	3	34	0.000114837	34832	1	FALSE	ORF1ab:cds-YP_009725295.1	CGC	R	AGC	S	1170
NC_045512.2	3774	G	T	34586	11269	50	21	19	33	0.000606253	34639	0.970797	FALSE	ORF1ab:cds-YP_009724389.1	CGC	R	CTC	L	1170
NC_045512.2	3774	G	T	34586	11269	50	21	19	33	0.000606253	34639	0.970797	FALSE	ORF1ab:cds-YP_009725295.1	CGC	R	CTC	L	1170
NC_045512.2	3774	G	C	34586	11269	50	23	23	33	0.000663991	34639	0.944137	FALSE	ORF1ab:cds-YP_009724389.1	CGC	R	CCC	P	1170
NC_045512.2	3774	G	C	34586	11269	50	23	23	33	0.000663991	34639	0.944137	FALSE	ORF1ab:cds-YP_009725295.1	CGC	R	CCC	P	1170
NC_045512.2	3774	G	A	34586	11269	50	9	7	49	0.000259823	34639	0.0726809	FALSE	ORF1ab:cds-YP_009724389.1	CGC	R	CAC	H	1170
NC_045512.2	3774	G	A	34586	11269	50	9	7	49	0.000259823	34639	0.0726809	FALSE	ORF1ab:cds-YP_009725295.1	CGC	R	CAC	H	1170
NC_045512.2	3775	C	T	34635	11659	51	22	21	35	0.000634298	34684	0.959102	FALSE	ORF1ab:cds-YP_009724389.1	CGC	R	CGT	R	1170
NC_045512.2	3775	C	T	34635	11659	51	22	21	35	0.000634298	34684	0.959102	FALSE	ORF1ab:cds-YP_009725295.1	CGC	R	CGT	R	1170
NC_045512.2	3775	C	G	34635	11659	51	24	22	32	0.000691962	34684	0.925712	FALSE	ORF1ab:cds-YP_009724389.1	CGC	R	CGG	R	1170
NC_045512.2	3775	C	G	34635	11659	51	24	22	32	0.000691962	34684	0.925712	FALSE	ORF1ab:cds-YP_009725295.1	CGC	R	CGG	R	1170
NC_045512.2	3775	C	A	34635	11659	51	3	2	42	8.64952e-05	34684	0.655648	FALSE	ORF1ab:cds-YP_009724389.1	CGC	R	CGA	R	1170
NC_045512.2	3775	C	A	34635	11659	51	3	2	42	8.64952e-05	34684	0.655648	FALSE	ORF1ab:cds-YP_009725295.1	CGC	R	CGA	R	1170
NC_045512.2	3776	A	T	34737	11611	50	6	6	32	0.000172389	34805	0.999999	FALSE	ORF1ab:cds-YP_009724389.1	ACA	T	TCA	S	1171
NC_045512.2	3776	A	T	34737	11611	50	6	6	32	0.000172389	34805	0.999999	FALSE	ORF1ab:cds-YP_009725295.1	ACA	T	TCA	S	1171
NC_045512.2	3776	A	G	34737	11611	50	25	14	45	0.000718288	34805	1.34918e-05	TRUE	ORF1ab:cds-YP_009724389.1	ACA	T	GCA	A	1171
NC_045512.2	3776	A	G	34737	11611	50	25	14	45	0.000718288	34805	1.34918e-05	TRUE	ORF1ab:cds-YP_009725295.1	ACA	T	GCA	A	1171
NC_045512.2	3776	A	C	34737	11611	50	37	34	32	0.00106307	34805	0.404833	FALSE	ORF1ab:cds-YP_009724389.1	ACA	T	CCA	P	1171
NC_045512.2	3776	A	C	34737	11611	50	37	34	32	0.00106307	34805	0.404833	FALSE	ORF1ab:cds-YP_009725295.1	ACA	T	CCA	P	1171
NC_045512.2	3777	C	T	34650	11678	51	8	7	34	0.000230587	34694	0.999992	FALSE	ORF1ab:cds-YP_009724389.1	ACA	T	ATA	I	1171
NC_045512.2	3777	C	T	34650	11678	51	8	7	34	0.000230587	34694	0.999992	FALSE	ORF1ab:cds-YP_009725295.1	ACA	T	ATA	I	1171
NC_045512.2	3777	C	G	34650	11678	51	14	14	33	0.000403528	34694	0.99895	FALSE	ORF1ab:cds-YP_009724389.1	ACA	T	AGA	R	1171
NC_045512.2	3777	C	G	34650	11678	51	14	14	33	0.000403528	34694	0.99895	FALSE	ORF1ab:cds-YP_009725295.1	ACA	T	AGA	R	1171
NC_045512.2	3777	C	A	34650	11678	51	22	22	32	0.000634115	34694	0.95915	FALSE	ORF1ab:cds-YP_009724389.1	ACA	T	AAA	K	1171
NC_045512.2	3777	C	A	34650	11678	51	22	22	32	0.000634115	34694	0.95915	FALSE	ORF1ab:cds-YP_009725295.1	ACA	T	AAA	K	1171
NC_045512.2	3777	C	-A	34650	11678	51	2	0	20	5.76469e-05	34694	1	FALSE	NA	NA	NA	NA	NA	NA
NC_045512.2	3778	A	T	34653	11583	51	7	6	32	0.0002017	34705	0.999998	FALSE	ORF1ab:cds-YP_009724389.1	ACA	T	ACT	T	1171
NC_045512.2	3778	A	T	34653	11583	51	7	6	32	0.0002017	34705	0.999998	FALSE	ORF1ab:cds-YP_009725295.1	ACA	T	ACT	T	1171
NC_045512.2	3778	A	G	34653	11583	51	14	4	37	0.0004034	34705	0.998946	FALSE	ORF1ab:cds-YP_009724389.1	ACA	T	ACG	T	1171
NC_045512.2	3778	A	G	34653	11583	51	14	4	37	0.0004034	34705	0.998946	FALSE	ORF1ab:cds-YP_009725295.1	ACA	T	ACG	T	1171
NC_045512.2	3778	A	C	34653	11583	51	31	31	32	0.000893243	34705	0.689104	FALSE	ORF1ab:cds-YP_009724389.1	ACA	T	ACC	T	1171
NC_045512.2	3778	A	C	34653	11583	51	31	31	32	0.000893243	34705	0.689104	FALSE	ORF1ab:cds-YP_009725295.1	ACA	T	ACC	T	1171
NC_045512.2	3779	A	T	34657	11589	51	4	4	32	0.000115354	34676	1	FALSE	ORF1ab:cds-YP_009724389.1	AAT	N	TAT	Y	1172
NC_045512.2	3779	A	T	34657	11589	51	4	4	32	0.000115354	34676	1	FALSE	ORF1ab:cds-YP_009725295.1	AAT	N	TAT	Y	1172
NC_045512.2	3779	A	G	34657	11589	51	5	3	39	0.000144192	34676	1	FALSE	ORF1ab:cds-YP_009724389.1	AAT	N	GAT	D	1172
NC_045512.2	3779	A	G	34657	11589	51	5	3	39	0.000144192	34676	1	FALSE	ORF1ab:cds-YP_009725295.1	AAT	N	GAT	D	1172
NC_045512.2	3779	A	C	34657	11589	51	10	10	33	0.000288384	34676	0.999947	FALSE	ORF1ab:cds-YP_009724389.1	AAT	N	CAT	H	1172
NC_045512.2	3779	A	C	34657	11589	51	10	10	33	0.000288384	34676	0.999947	FALSE	ORF1ab:cds-YP_009725295.1	AAT	N	CAT	H	1172
NC_045512.2	3780	A	T	33614	11845	49	6	6	31	0.000178348	33642	0.999999	FALSE	ORF1ab:cds-YP_009724389.1	AAT	N	ATT	I	1172
NC_045512.2	3780	A	T	33614	11845	49	6	6	31	0.000178348	33642	0.999999	FALSE	ORF1ab:cds-YP_009725295.1	AAT	N	ATT	I	1172
NC_045512.2	3780	A	G	33614	11845	49	2	2	34	5.94495e-05	33642	1	FALSE	ORF1ab:cds-YP_009724389.1	AAT	N	AGT	S	1172
NC_045512.2	3780	A	G	33614	11845	49	2	2	34	5.94495e-05	33642	1	FALSE	ORF1ab:cds-YP_009725295.1	AAT	N	AGT	S	1172
NC_045512.2	3780	A	C	33614	11845	49	20	20	31	0.000594495	33642	0.973281	FALSE	ORF1ab:cds-YP_009724389.1	AAT	N	ACT	T	1172
NC_045512.2	3780	A	C	33614	11845	49	20	20	31	0.000594495	33642	0.973281	FALSE	ORF1ab:cds-YP_009725295.1	AAT	N	ACT	T	1172
NC_045512.2	3781	T	G	34502	11805	51	3	3	31	8.68357e-05	34548	1	FALSE	ORF1ab:cds-YP_009724389.1	AAT	N	AAG	K	1172
NC_045512.2	3781	T	G	34502	11805	51	3	3	31	8.68357e-05	34548	1	FALSE	ORF1ab:cds-YP_009725295.1	AAT	N	AAG	K	1172
NC_045512.2	3781	T	C	34502	11805	51	6	5	31	0.000173671	34548	0.999999	FALSE	ORF1ab:cds-YP_009724389.1	AAT	N	AAC	N	1172
NC_045512.2	3781	T	C	34502	11805	51	6	5	31	0.000173671	34548	0.999999	FALSE	ORF1ab:cds-YP_009725295.1	AAT	N	AAC	N	1172
NC_045512.2	3781	T	A	34502	11805	51	37	37	33	0.00107097	34548	0.405867	FALSE	ORF1ab:cds-YP_009724389.1	AAT	N	AAA	K	1172
NC_045512.2	3781	T	A	34502	11805	51	37	37	33	0.00107097	34548	0.405867	FALSE	ORF1ab:cds-YP_009725295.1	AAT	N	AAA	K	1172
NC_045512.2	3782	G	T	34441	11859	51	25	24	33	0.000724911	34487	0.903451	FALSE	ORF1ab:cds-YP_009724389.1	GTC	V	TTC	F	1173
NC_045512.2	3782	G	T	34441	11859	51	25	24	33	0.000724911	34487	0.903451	FALSE	ORF1ab:cds-YP_009725295.1	GTC	V	TTC	F	1173
NC_045512.2	3782	G	C	34441	11859	51	3	3	28	8.69893e-05	34487	1	FALSE	ORF1ab:cds-YP_009724389.1	GTC	V	CTC	L	1173
NC_045512.2	3782	G	C	34441	11859	51	3	3	28	8.69893e-05	34487	1	FALSE	ORF1ab:cds-YP_009725295.1	GTC	V	CTC	L	1173
NC_045512.2	3782	G	A	34441	11859	51	18	18	33	0.000521936	34487	0.991188	FALSE	ORF1ab:cds-YP_009724389.1	GTC	V	ATC	I	1173
NC_045512.2	3782	G	A	34441	11859	51	18	18	33	0.000521936	34487	0.991188	FALSE	ORF1ab:cds-YP_009725295.1	GTC	V	ATC	I	1173
NC_045512.2	3783	T	G	34318	11793	51	23	21	33	0.000669344	34362	0.944246	FALSE	ORF1ab:cds-YP_009724389.1	GTC	V	GGC	G	1173
NC_045512.2	3783	T	G	34318	11793	51	23	21	33	0.000669344	34362	0.944246	FALSE	ORF1ab:cds-YP_009725295.1	GTC	V	GGC	G	1173
NC_045512.2	3783	T	C	34318	11793	51	4	4	34	0.000116408	34362	1	FALSE	ORF1ab:cds-YP_009724389.1	GTC	V	GCC	A	1173
NC_045512.2	3783	T	C	34318	11793	51	4	4	34	0.000116408	34362	1	FALSE	ORF1ab:cds-YP_009725295.1	GTC	V	GCC	A	1173
NC_045512.2	3783	T	A	34318	11793	51	17	17	33	0.000494733	34362	0.994486	FALSE	ORF1ab:cds-YP_009724389.1	GTC	V	GAC	D	1173
NC_045512.2	3783	T	A	34318	11793	51	17	17	33	0.000494733	34362	0.994486	FALSE	ORF1ab:cds-YP_009725295.1	GTC	V	GAC	D	1173
NC_045512.2	3784	C	T	34294	11764	51	41	41	32	0.0011937	34347	0.243786	FALSE	ORF1ab:cds-YP_009724389.1	GTC	V	GTT	V	1173
NC_045512.2	3784	C	T	34294	11764	51	41	41	32	0.0011937	34347	0.243786	FALSE	ORF1ab:cds-YP_009725295.1	GTC	V	GTT	V	1173
NC_045512.2	3784	C	G	34294	11764	51	8	6	38	0.000232917	34347	0.999992	FALSE	ORF1ab:cds-YP_009724389.1	GTC	V	GTG	V	1173
NC_045512.2	3784	C	G	34294	11764	51	8	6	38	0.000232917	34347	0.999992	FALSE	ORF1ab:cds-YP_009725295.1	GTC	V	GTG	V	1173
NC_045512.2	3784	C	A	34294	11764	51	4	3	34	0.000116458	34347	1	FALSE	ORF1ab:cds-YP_009724389.1	GTC	V	GTA	V	1173
NC_045512.2	3784	C	A	34294	11764	51	4	3	34	0.000116458	34347	1	FALSE	ORF1ab:cds-YP_009725295.1	GTC	V	GTA	V	1173
NC_045512.2	3785	T	G	34329	12044	52	15	14	34	0.000436414	34371	0.998089	FALSE	ORF1ab:cds-YP_009724389.1	TAC	Y	GAC	D	1174
NC_045512.2	3785	T	G	34329	12044	52	15	14	34	0.000436414	34371	0.998089	FALSE	ORF1ab:cds-YP_009725295.1	TAC	Y	GAC	D	1174
NC_045512.2	3785	T	C	34329	12044	52	23	23	35	0.000669169	34371	0.944271	FALSE	ORF1ab:cds-YP_009724389.1	TAC	Y	CAC	H	1174
NC_045512.2	3785	T	C	34329	12044	52	23	23	35	0.000669169	34371	0.944271	FALSE	ORF1ab:cds-YP_009725295.1	TAC	Y	CAC	H	1174
NC_045512.2	3785	T	A	34329	12044	52	4	4	34	0.000116377	34371	1	FALSE	ORF1ab:cds-YP_009724389.1	TAC	Y	AAC	N	1174
NC_045512.2	3785	T	A	34329	12044	52	4	4	34	0.000116377	34371	1	FALSE	ORF1ab:cds-YP_009725295.1	TAC	Y	AAC	N	1174
NC_045512.2	3786	A	T	33841	11975	51	41	41	33	0.00120962	33895	0.207427	FALSE	ORF1ab:cds-YP_009724389.1	TAC	Y	TTC	F	1174
NC_045512.2	3786	A	T	33841	11975	51	41	41	33	0.00120962	33895	0.207427	FALSE	ORF1ab:cds-YP_009725295.1	TAC	Y	TTC	F	1174
NC_045512.2	3786	A	G	33841	11975	51	4	3	34	0.000118012	33895	1	FALSE	ORF1ab:cds-YP_009724389.1	TAC	Y	TGC	C	1174
NC_045512.2	3786	A	G	33841	11975	51	4	3	34	0.000118012	33895	1	FALSE	ORF1ab:cds-YP_009725295.1	TAC	Y	TGC	C	1174
NC_045512.2	3786	A	C	33841	11975	51	9	9	33	0.000265526	33895	0.999965	FALSE	ORF1ab:cds-YP_009724389.1	TAC	Y	TCC	S	1174
NC_045512.2	3786	A	C	33841	11975	51	9	9	33	0.000265526	33895	0.999965	FALSE	ORF1ab:cds-YP_009725295.1	TAC	Y	TCC	S	1174
NC_045512.2	3787	C	T	34207	12179	52	9	9	33	0.000262804	34246	0.999979	FALSE	ORF1ab:cds-YP_009724389.1	TAC	Y	TAT	Y	1174
NC_045512.2	3787	C	T	34207	12179	52	9	9	33	0.000262804	34246	0.999979	FALSE	ORF1ab:cds-YP_009725295.1	TAC	Y	TAT	Y	1174
NC_045512.2	3787	C	G	34207	12179	52	3	3	34	8.76015e-05	34246	1	FALSE	ORF1ab:cds-YP_009724389.1	TAC	Y	TAG	*	1174
NC_045512.2	3787	C	G	34207	12179	52	3	3	34	8.76015e-05	34246	1	FALSE	ORF1ab:cds-YP_009725295.1	TAC	Y	TAG	*	1174
NC_045512.2	3787	C	A	34207	12179	52	27	27	32	0.000788413	34246	0.846972	FALSE	ORF1ab:cds-YP_009724389.1	TAC	Y	TAA	*	1174
NC_045512.2	3787	C	A	34207	12179	52	27	27	32	0.000788413	34246	0.846972	FALSE	ORF1ab:cds-YP_009725295.1	TAC	Y	TAA	*	1174
NC_045512.2	3788	T	G	32836	11077	49	6	3	30	0.000182543	32869	0.999998	FALSE	ORF1ab:cds-YP_009724389.1	TTA	L	GTA	V	1175
NC_045512.2	3788	T	G	32836	11077	49	6	3	30	0.000182543	32869	0.999998	FALSE	ORF1ab:cds-YP_009725295.1	TTA	L	GTA	V	1175
NC_045512.2	3788	T	C	32836	11077	49	21	21	32	0.0006389	32869	0.950758	FALSE	ORF1ab:cds-YP_009724389.1	TTA	L	CTA	L	1175
NC_045512.2	3788	T	C	32836	11077	49	21	21	32	0.0006389	32869	0.950758	FALSE	ORF1ab:cds-YP_009725295.1	TTA	L	CTA	L	1175
NC_045512.2	3788	T	A	32836	11077	49	6	6	34	0.000182543	32869	0.999998	FALSE	ORF1ab:cds-YP_009724389.1	TTA	L	ATA	I	1175
NC_045512.2	3788	T	A	32836	11077	49	6	6	34	0.000182543	32869	0.999998	FALSE	ORF1ab:cds-YP_009725295.1	TTA	L	ATA	I	1175
NC_045512.2	3789	T	G	33046	11452	52	1	1	34	3.02352e-05	33074	1	FALSE	ORF1ab:cds-YP_009724389.1	TTA	L	TGA	*	1175
NC_045512.2	3789	T	G	33046	11452	52	1	1	34	3.02352e-05	33074	1	FALSE	ORF1ab:cds-YP_009725295.1	TTA	L	TGA	*	1175
NC_045512.2	3789	T	C	33046	11452	52	12	12	35	0.000362823	33074	0.999587	FALSE	ORF1ab:cds-YP_009724389.1	TTA	L	TCA	S	1175
NC_045512.2	3789	T	C	33046	11452	52	12	12	35	0.000362823	33074	0.999587	FALSE	ORF1ab:cds-YP_009725295.1	TTA	L	TCA	S	1175
NC_045512.2	3789	T	A	33046	11452	52	15	15	32	0.000453528	33074	0.99724	FALSE	ORF1ab:cds-YP_009724389.1	TTA	L	TAA	*	1175
NC_045512.2	3789	T	A	33046	11452	52	15	15	32	0.000453528	33074	0.99724	FALSE	ORF1ab:cds-YP_009725295.1	TTA	L	TAA	*	1175
NC_045512.2	3790	A	T	32408	11151	52	25	25	33	0.000770369	32452	0.855006	FALSE	ORF1ab:cds-YP_009724389.1	TTA	L	TTT	F	1175
NC_045512.2	3790	A	T	32408	11151	52	25	25	33	0.000770369	32452	0.855006	FALSE	ORF1ab:cds-YP_009725295.1	TTA	L	TTT	F	1175
NC_045512.2	3790	A	G	32408	11151	52	2	2	34	6.16295e-05	32452	1	FALSE	ORF1ab:cds-YP_009724389.1	TTA	L	TTG	L	1175
NC_045512.2	3790	A	G	32408	11151	52	2	2	34	6.16295e-05	32452	1	FALSE	ORF1ab:cds-YP_009725295.1	TTA	L	TTG	L	1175
NC_045512.2	3790	A	C	32408	11151	52	17	16	33	0.000523851	32452	0.989298	FALSE	ORF1ab:cds-YP_009724389.1	TTA	L	TTC	F	1175
NC_045512.2	3790	A	C	32408	11151	52	17	16	33	0.000523851	32452	0.989298	FALSE	ORF1ab:cds-YP_009725295.1	TTA	L	TTC	F	1175
NC_045512.2	3791	G	T	32418	11099	52	19	19	33	0.000585318	32461	0.975462	FALSE	ORF1ab:cds-YP_009724389.1	GCT	A	TCT	S	1176
NC_045512.2	3791	G	T	32418	11099	52	19	19	33	0.000585318	32461	0.975462	FALSE	ORF1ab:cds-YP_009725295.1	GCT	A	TCT	S	1176
NC_045512.2	3791	G	C	32418	11099	52	2	2	30	6.16124e-05	32461	1	FALSE	ORF1ab:cds-YP_009724389.1	GCT	A	CCT	P	1176
NC_045512.2	3791	G	C	32418	11099	52	2	2	30	6.16124e-05	32461	1	FALSE	ORF1ab:cds-YP_009725295.1	GCT	A	CCT	P	1176
NC_045512.2	3791	G	A	32418	11099	52	22	21	34	0.000677736	32461	0.93295	FALSE	ORF1ab:cds-YP_009724389.1	GCT	A	ACT	T	1176
NC_045512.2	3791	G	A	32418	11099	52	22	21	34	0.000677736	32461	0.93295	FALSE	ORF1ab:cds-YP_009725295.1	GCT	A	ACT	T	1176
NC_045512.2	3792	C	T	32332	11254	52	18	18	33	0.000555899	32380	0.983484	FALSE	ORF1ab:cds-YP_009724389.1	GCT	A	GTT	V	1176
NC_045512.2	3792	C	T	32332	11254	52	18	18	33	0.000555899	32380	0.983484	FALSE	ORF1ab:cds-YP_009725295.1	GCT	A	GTT	V	1176
NC_045512.2	3792	C	G	32332	11254	52	18	16	32	0.000555899	32380	0.983484	FALSE	ORF1ab:cds-YP_009724389.1	GCT	A	GGT	G	1176
NC_045512.2	3792	C	G	32332	11254	52	18	16	32	0.000555899	32380	0.983484	FALSE	ORF1ab:cds-YP_009725295.1	GCT	A	GGT	G	1176
NC_045512.2	3792	C	A	32332	11254	52	12	12	33	0.000370599	32380	0.999365	FALSE	ORF1ab:cds-YP_009724389.1	GCT	A	GAT	D	1176
NC_045512.2	3792	C	A	32332	11254	52	12	12	33	0.000370599	32380	0.999365	FALSE	ORF1ab:cds-YP_009725295.1	GCT	A	GAT	D	1176
NC_045512.2	3793	T	G	31620	10709	52	7	5	38	0.000221092	31661	0.999988	FALSE	ORF1ab:cds-YP_009724389.1	GCT	A	GCG	A	1176
NC_045512.2	3793	T	G	31620	10709	52	7	5	38	0.000221092	31661	0.999988	FALSE	ORF1ab:cds-YP_009725295.1	GCT	A	GCG	A	1176
NC_045512.2	3793	T	C	31620	10709	52	18	15	36	0.000568523	31661	0.97772	FALSE	ORF1ab:cds-YP_009724389.1	GCT	A	GCC	A	1176
NC_045512.2	3793	T	C	31620	10709	52	18	15	36	0.000568523	31661	0.97772	FALSE	ORF1ab:cds-YP_009725295.1	GCT	A	GCC	A	1176
NC_045512.2	3793	T	A	31620	10709	52	16	14	35	0.000505354	31661	0.990645	FALSE	ORF1ab:cds-YP_009724389.1	GCT	A	GCA	A	1176
NC_045512.2	3793	T	A	31620	10709	52	16	14	35	0.000505354	31661	0.990645	FALSE	ORF1ab:cds-YP_009725295.1	GCT	A	GCA	A	1176
NC_045512.2	3794	G	T	31638	10741	52	19	18	33	0.000599937	31670	0.967501	FALSE	ORF1ab:cds-YP_009724389.1	GTC	V	TTC	F	1177
NC_045512.2	3794	G	T	31638	10741	52	19	18	33	0.000599937	31670	0.967501	FALSE	ORF1ab:cds-YP_009725295.1	GTC	V	TTC	F	1177
NC_045512.2	3794	G	C	31638	10741	52	7	7	31	0.000221029	31670	0.999988	FALSE	ORF1ab:cds-YP_009724389.1	GTC	V	CTC	L	1177
NC_045512.2	3794	G	C	31638	10741	52	7	7	31	0.000221029	31670	0.999988	FALSE	ORF1ab:cds-YP_009725295.1	GTC	V	CTC	L	1177
NC_045512.2	3794	G	A	31638	10741	52	6	5	38	0.000189454	31670	0.999996	FALSE	ORF1ab:cds-YP_009724389.1	GTC	V	ATC	I	1177
NC_045512.2	3794	G	A	31638	10741	52	6	5	38	0.000189454	31670	0.999996	FALSE	ORF1ab:cds-YP_009725295.1	GTC	V	ATC	I	1177
NC_045512.2	3795	T	G	31028	10580	52	18	18	33	0.000579468	31063	0.977754	FALSE	ORF1ab:cds-YP_009724389.1	GTC	V	GGC	G	1177
NC_045512.2	3795	T	G	31028	10580	52	18	18	33	0.000579468	31063	0.977754	FALSE	ORF1ab:cds-YP_009725295.1	GTC	V	GGC	G	1177
NC_045512.2	3795	T	C	31028	10580	52	14	12	36	0.000450697	31063	0.996684	FALSE	ORF1ab:cds-YP_009724389.1	GTC	V	GCC	A	1177
NC_045512.2	3795	T	C	31028	10580	52	14	12	36	0.000450697	31063	0.996684	FALSE	ORF1ab:cds-YP_009725295.1	GTC	V	GCC	A	1177
NC_045512.2	3795	T	A	31028	10580	52	3	3	34	9.65779e-05	31063	1	FALSE	ORF1ab:cds-YP_009724389.1	GTC	V	GAC	D	1177
NC_045512.2	3795	T	A	31028	10580	52	3	3	34	9.65779e-05	31063	1	FALSE	ORF1ab:cds-YP_009725295.1	GTC	V	GAC	D	1177
NC_045512.2	3796	C	T	31154	10673	53	30	30	33	0.000961693	31195	0.600487	FALSE	ORF1ab:cds-YP_009724389.1	GTC	V	GTT	V	1177
NC_045512.2	3796	C	T	31154	10673	53	30	30	33	0.000961693	31195	0.600487	FALSE	ORF1ab:cds-YP_009725295.1	GTC	V	GTT	V	1177
NC_045512.2	3796	C	G	31154	10673	53	7	7	32	0.000224395	31195	0.999988	FALSE	ORF1ab:cds-YP_009724389.1	GTC	V	GTG	V	1177
NC_045512.2	3796	C	G	31154	10673	53	7	7	32	0.000224395	31195	0.999988	FALSE	ORF1ab:cds-YP_009725295.1	GTC	V	GTG	V	1177
NC_045512.2	3796	C	A	31154	10673	53	4	4	32	0.000128226	31195	1	FALSE	ORF1ab:cds-YP_009724389.1	GTC	V	GTA	V	1177
NC_045512.2	3796	C	A	31154	10673	53	4	4	32	0.000128226	31195	1	FALSE	ORF1ab:cds-YP_009725295.1	GTC	V	GTA	V	1177
NC_045512.2	3797	T	G	31112	10657	52	11	11	33	0.000353175	31146	0.999528	FALSE	ORF1ab:cds-YP_009724389.1	TTT	F	GTT	V	1178
NC_045512.2	3797	T	G	31112	10657	52	11	11	33	0.000353175	31146	0.999528	FALSE	ORF1ab:cds-YP_009725295.1	TTT	F	GTT	V	1178
NC_045512.2	3797	T	C	31112	10657	52	19	18	34	0.00061003	31146	0.967484	FALSE	ORF1ab:cds-YP_009724389.1	TTT	F	CTT	L	1178
NC_045512.2	3797	T	C	31112	10657	52	19	18	34	0.00061003	31146	0.967484	FALSE	ORF1ab:cds-YP_009725295.1	TTT	F	CTT	L	1178
NC_045512.2	3797	T	A	31112	10657	52	4	4	34	0.000128427	31146	1	FALSE	ORF1ab:cds-YP_009724389.1	TTT	F	ATT	I	1178
NC_045512.2	3797	T	A	31112	10657	52	4	4	34	0.000128427	31146	1	FALSE	ORF1ab:cds-YP_009725295.1	TTT	F	ATT	I	1178
NC_045512.2	3798	T	G	30970	10628	52	3	3	34	9.68398e-05	30979	1	FALSE	ORF1ab:cds-YP_009724389.1	TTT	F	TGT	C	1178
NC_045512.2	3798	T	G	30970	10628	52	3	3	34	9.68398e-05	30979	1	FALSE	ORF1ab:cds-YP_009725295.1	TTT	F	TGT	C	1178
NC_045512.2	3798	T	C	30970	10628	52	5	5	36	0.0001614	30979	0.999998	FALSE	ORF1ab:cds-YP_009724389.1	TTT	F	TCT	S	1178
NC_045512.2	3798	T	C	30970	10628	52	5	5	36	0.0001614	30979	0.999998	FALSE	ORF1ab:cds-YP_009725295.1	TTT	F	TCT	S	1178
NC_045512.2	3798	T	A	30970	10628	52	1	1	26	3.22799e-05	30979	1	FALSE	ORF1ab:cds-YP_009724389.1	TTT	F	TAT	Y	1178
NC_045512.2	3798	T	A	30970	10628	52	1	1	26	3.22799e-05	30979	1	FALSE	ORF1ab:cds-YP_009725295.1	TTT	F	TAT	Y	1178
NC_045512.2	3799	T	G	31073	10823	53	3	3	34	9.6494e-05	31090	1	FALSE	ORF1ab:cds-YP_009724389.1	TTT	F	TTG	L	1178
NC_045512.2	3799	T	G	31073	10823	53	3	3	34	9.6494e-05	31090	1	FALSE	ORF1ab:cds-YP_009725295.1	TTT	F	TTG	L	1178
NC_045512.2	3799	T	C	31073	10823	53	13	13	32	0.000418141	31090	0.998175	FALSE	ORF1ab:cds-YP_009724389.1	TTT	F	TTC	F	1178
NC_045512.2	3799	T	C	31073	10823	53	13	13	32	0.000418141	31090	0.998175	FALSE	ORF1ab:cds-YP_009725295.1	TTT	F	TTC	F	1178
NC_045512.2	3799	T	A	31073	10823	53	1	1	34	3.21647e-05	31090	1	FALSE	ORF1ab:cds-YP_009724389.1	TTT	F	TTA	L	1178
NC_045512.2	3799	T	A	31073	10823	53	1	1	34	3.21647e-05	31090	1	FALSE	ORF1ab:cds-YP_009725295.1	TTT	F	TTA	L	1178
NC_045512.2	3800	G	T	42342	14972	49	34	34	32	0.000802208	42383	0.849028	FALSE	ORF1ab:cds-YP_009724389.1	GAT	D	TAT	Y	1179
NC_045512.2	3800	G	T	42342	14972	49	34	34	32	0.000802208	42383	0.849028	FALSE	ORF1ab:cds-YP_009725295.1	GAT	D	TAT	Y	1179
NC_045512.2	3800	G	C	42342	14972	49	3	3	31	7.07831e-05	42383	1	FALSE	ORF1ab:cds-YP_009724389.1	GAT	D	CAT	H	1179
NC_045512.2	3800	G	C	42342	14972	49	3	3	31	7.07831e-05	42383	1	FALSE	ORF1ab:cds-YP_009725295.1	GAT	D	CAT	H	1179
NC_045512.2	3800	G	A	42342	14972	49	4	3	30	9.43775e-05	42383	1	FALSE	ORF1ab:cds-YP_009724389.1	GAT	D	AAT	N	1179
NC_045512.2	3800	G	A	42342	14972	49	4	3	30	9.43775e-05	42383	1	FALSE	ORF1ab:cds-YP_009725295.1	GAT	D	AAT	N	1179
NC_045512.2	3800	G	-AT	42342	14972	49	1	0	20	2.35944e-05	42383	1	FALSE	NA	NA	NA	NA	NA	NA
NC_045512.2	3801	A	T	42860	15139	50	25	24	33	0.000582628	42909	0.98639	FALSE	ORF1ab:cds-YP_009724389.1	GAT	D	GTT	V	1179
NC_045512.2	3801	A	T	42860	15139	50	25	24	33	0.000582628	42909	0.98639	FALSE	ORF1ab:cds-YP_009725295.1	GAT	D	GTT	V	1179
NC_045512.2	3801	A	G	42860	15139	50	22	16	33	0.000512713	42909	0.995908	FALSE	ORF1ab:cds-YP_009724389.1	GAT	D	GGT	G	1179
NC_045512.2	3801	A	G	42860	15139	50	22	16	33	0.000512713	42909	0.995908	FALSE	ORF1ab:cds-YP_009725295.1	GAT	D	GGT	G	1179
NC_045512.2	3801	A	C	42860	15139	50	2	1	30	4.66103e-05	42909	1	FALSE	ORF1ab:cds-YP_009724389.1	GAT	D	GCT	A	1179
NC_045512.2	3801	A	C	42860	15139	50	2	1	30	4.66103e-05	42909	1	FALSE	ORF1ab:cds-YP_009725295.1	GAT	D	GCT	A	1179
NC_045512.2	3802	T	G	42842	15200	50	6	6	30	0.000139938	42876	1	FALSE	ORF1ab:cds-YP_009724389.1	GAT	D	GAG	E	1179
NC_045512.2	3802	T	G	42842	15200	50	6	6	30	0.000139938	42876	1	FALSE	ORF1ab:cds-YP_009725295.1	GAT	D	GAG	E	1179
NC_045512.2	3802	T	C	42842	15200	50	4	3	34	9.32923e-05	42876	1	FALSE	ORF1ab:cds-YP_009724389.1	GAT	D	GAC	D	1179
NC_045512.2	3802	T	C	42842	15200	50	4	3	34	9.32923e-05	42876	1	FALSE	ORF1ab:cds-YP_009725295.1	GAT	D	GAC	D	1179
NC_045512.2	3802	T	A	42842	15200	50	24	23	34	0.000559754	42876	0.99067	FALSE	ORF1ab:cds-YP_009724389.1	GAT	D	GAA	E	1179
NC_045512.2	3802	T	A	42842	15200	50	24	23	34	0.000559754	42876	0.99067	FALSE	ORF1ab:cds-YP_009725295.1	GAT	D	GAA	E	1179
NC_045512.2	3803	A	T	41902	14976	49	24	24	33	0.000572123	41949	0.987554	FALSE	ORF1ab:cds-YP_009724389.1	AAA	K	TAA	*	1180
NC_045512.2	3803	A	T	41902	14976	49	24	24	33	0.000572123	41949	0.987554	FALSE	ORF1ab:cds-YP_009725295.1	AAA	K	TAA	*	1180
NC_045512.2	3803	A	G	41902	14976	49	21	14	36	0.000500608	41949	0.996411	FALSE	ORF1ab:cds-YP_009724389.1	AAA	K	GAA	E	1180
NC_045512.2	3803	A	G	41902	14976	49	21	14	36	0.000500608	41949	0.996411	FALSE	ORF1ab:cds-YP_009725295.1	AAA	K	GAA	E	1180
NC_045512.2	3803	A	C	41902	14976	49	2	2	34	4.76769e-05	41949	1	FALSE	ORF1ab:cds-YP_009724389.1	AAA	K	CAA	Q	1180
NC_045512.2	3803	A	C	41902	14976	49	2	2	34	4.76769e-05	41949	1	FALSE	ORF1ab:cds-YP_009725295.1	AAA	K	CAA	Q	1180
NC_045512.2	3804	A	T	42552	15024	49	7	7	34	0.000164443	42568	1	FALSE	ORF1ab:cds-YP_009724389.1	AAA	K	ATA	I	1180
NC_045512.2	3804	A	T	42552	15024	49	7	7	34	0.000164443	42568	1	FALSE	ORF1ab:cds-YP_009725295.1	AAA	K	ATA	I	1180
NC_045512.2	3804	A	G	42552	15024	49	7	3	34	0.000164443	42568	1	FALSE	ORF1ab:cds-YP_009724389.1	AAA	K	AGA	R	1180
NC_045512.2	3804	A	G	42552	15024	49	7	3	34	0.000164443	42568	1	FALSE	ORF1ab:cds-YP_009725295.1	AAA	K	AGA	R	1180
NC_045512.2	3804	A	C	42552	15024	49	2	2	34	4.69836e-05	42568	1	FALSE	ORF1ab:cds-YP_009724389.1	AAA	K	ACA	T	1180
NC_045512.2	3804	A	C	42552	15024	49	2	2	34	4.69836e-05	42568	1	FALSE	ORF1ab:cds-YP_009725295.1	AAA	K	ACA	T	1180
NC_045512.2	3805	A	T	42522	15143	49	16	16	34	0.000376028	42550	0.999847	FALSE	ORF1ab:cds-YP_009724389.1	AAA	K	AAT	N	1180
NC_045512.2	3805	A	T	42522	15143	49	16	16	34	0.000376028	42550	0.999847	FALSE	ORF1ab:cds-YP_009725295.1	AAA	K	AAT	N	1180
NC_045512.2	3805	A	G	42522	15143	49	8	8	40	0.000188014	42550	0.193615	FALSE	ORF1ab:cds-YP_009724389.1	AAA	K	AAG	K	1180
NC_045512.2	3805	A	G	42522	15143	49	8	8	40	0.000188014	42550	0.193615	FALSE	ORF1ab:cds-YP_009725295.1	AAA	K	AAG	K	1180
NC_045512.2	3805	A	C	42522	15143	49	4	3	30	9.40071e-05	42550	1	FALSE	ORF1ab:cds-YP_009724389.1	AAA	K	AAC	N	1180
NC_045512.2	3805	A	C	42522	15143	49	4	3	30	9.40071e-05	42550	1	FALSE	ORF1ab:cds-YP_009725295.1	AAA	K	AAC	N	1180
NC_045512.2	3806	A	T	42673	15140	50	3	3	34	7.02741e-05	42690	1	FALSE	ORF1ab:cds-YP_009724389.1	AAT	N	TAT	Y	1181
NC_045512.2	3806	A	T	42673	15140	50	3	3	34	7.02741e-05	42690	1	FALSE	ORF1ab:cds-YP_009725295.1	AAT	N	TAT	Y	1181
NC_045512.2	3806	A	G	42673	15140	50	11	3	35	0.000257672	42690	0.999997	FALSE	ORF1ab:cds-YP_009724389.1	AAT	N	GAT	D	1181
NC_045512.2	3806	A	G	42673	15140	50	11	3	35	0.000257672	42690	0.999997	FALSE	ORF1ab:cds-YP_009725295.1	AAT	N	GAT	D	1181
NC_045512.2	3806	A	C	42673	15140	50	3	3	31	7.02741e-05	42690	1	FALSE	ORF1ab:cds-YP_009724389.1	AAT	N	CAT	H	1181
NC_045512.2	3806	A	C	42673	15140	50	3	3	31	7.02741e-05	42690	1	FALSE	ORF1ab:cds-YP_009725295.1	AAT	N	CAT	H	1181
NC_045512.2	3807	A	T	42423	15351	49	8	8	33	0.000188493	42442	1	FALSE	ORF1ab:cds-YP_009724389.1	AAT	N	ATT	I	1181
NC_045512.2	3807	A	T	42423	15351	49	8	8	33	0.000188493	42442	1	FALSE	ORF1ab:cds-YP_009725295.1	AAT	N	ATT	I	1181
NC_045512.2	3807	A	G	42423	15351	49	8	7	29	0.000188493	42442	1	FALSE	ORF1ab:cds-YP_009724389.1	AAT	N	AGT	S	1181
NC_045512.2	3807	A	G	42423	15351	49	8	7	29	0.000188493	42442	1	FALSE	ORF1ab:cds-YP_009725295.1	AAT	N	AGT	S	1181
NC_045512.2	3807	A	C	42423	15351	49	3	3	31	7.06847e-05	42442	1	FALSE	ORF1ab:cds-YP_009724389.1	AAT	N	ACT	T	1181
NC_045512.2	3807	A	C	42423	15351	49	3	3	31	7.06847e-05	42442	1	FALSE	ORF1ab:cds-YP_009725295.1	AAT	N	ACT	T	1181
NC_045512.2	3808	T	G	41861	14569	47	6	3	33	0.000143188	41903	1	FALSE	ORF1ab:cds-YP_009724389.1	AAT	N	AAG	K	1181
NC_045512.2	3808	T	G	41861	14569	47	6	3	33	0.000143188	41903	1	FALSE	ORF1ab:cds-YP_009725295.1	AAT	N	AAG	K	1181
NC_045512.2	3808	T	C	41861	14569	47	3	3	34	7.15939e-05	41903	1	FALSE	ORF1ab:cds-YP_009724389.1	AAT	N	AAC	N	1181
NC_045512.2	3808	T	C	41861	14569	47	3	3	34	7.15939e-05	41903	1	FALSE	ORF1ab:cds-YP_009725295.1	AAT	N	AAC	N	1181
NC_045512.2	3808	T	A	41861	14569	47	33	33	33	0.000787533	41903	0.85221	FALSE	ORF1ab:cds-YP_009724389.1	AAT	N	AAA	K	1181
NC_045512.2	3808	T	A	41861	14569	47	33	33	33	0.000787533	41903	0.85221	FALSE	ORF1ab:cds-YP_009725295.1	AAT	N	AAA	K	1181
NC_045512.2	3809	C	T	43171	15437	49	22	22	31	0.000509118	43212	0.997035	FALSE	ORF1ab:cds-YP_009724389.1	CTC	L	TTC	F	1182
NC_045512.2	3809	C	T	43171	15437	49	22	22	31	0.000509118	43212	0.997035	FALSE	ORF1ab:cds-YP_009725295.1	CTC	L	TTC	F	1182
NC_045512.2	3809	C	G	43171	15437	49	3	3	34	6.94252e-05	43212	1	FALSE	ORF1ab:cds-YP_009724389.1	CTC	L	GTC	V	1182
NC_045512.2	3809	C	G	43171	15437	49	3	3	34	6.94252e-05	43212	1	FALSE	ORF1ab:cds-YP_009725295.1	CTC	L	GTC	V	1182
NC_045512.2	3809	C	A	43171	15437	49	16	16	32	0.000370268	43212	0.999898	FALSE	ORF1ab:cds-YP_009724389.1	CTC	L	ATC	I	1182
NC_045512.2	3809	C	A	43171	15437	49	16	16	32	0.000370268	43212	0.999898	FALSE	ORF1ab:cds-YP_009725295.1	CTC	L	ATC	I	1182
NC_045512.2	3810	T	G	42756	15001	48	4	2	32	9.34732e-05	42793	1	FALSE	ORF1ab:cds-YP_009724389.1	CTC	L	CGC	R	1182
NC_045512.2	3810	T	G	42756	15001	48	4	2	32	9.34732e-05	42793	1	FALSE	ORF1ab:cds-YP_009725295.1	CTC	L	CGC	R	1182
NC_045512.2	3810	T	C	42756	15001	48	21	20	32	0.000490734	42793	0.997421	FALSE	ORF1ab:cds-YP_009724389.1	CTC	L	CCC	P	1182
NC_045512.2	3810	T	C	42756	15001	48	21	20	32	0.000490734	42793	0.997421	FALSE	ORF1ab:cds-YP_009725295.1	CTC	L	CCC	P	1182
NC_045512.2	3810	T	A	42756	15001	48	12	12	34	0.00028042	42793	0.999993	FALSE	ORF1ab:cds-YP_009724389.1	CTC	L	CAC	H	1182
NC_045512.2	3810	T	A	42756	15001	48	12	12	34	0.00028042	42793	0.999993	FALSE	ORF1ab:cds-YP_009725295.1	CTC	L	CAC	H	1182
NC_045512.2	3811	C	T	43068	15367	49	30	30	32	0.000695959	43106	0.949678	FALSE	ORF1ab:cds-YP_009724389.1	CTC	L	CTT	L	1182
NC_045512.2	3811	C	T	43068	15367	49	30	30	32	0.000695959	43106	0.949678	FALSE	ORF1ab:cds-YP_009725295.1	CTC	L	CTT	L	1182
NC_045512.2	3811	C	G	43068	15367	49	4	4	32	9.27945e-05	43106	1	FALSE	ORF1ab:cds-YP_009724389.1	CTC	L	CTG	L	1182
NC_045512.2	3811	C	G	43068	15367	49	4	4	32	9.27945e-05	43106	1	FALSE	ORF1ab:cds-YP_009725295.1	CTC	L	CTG	L	1182
NC_045512.2	3811	C	A	43068	15367	49	4	4	34	9.27945e-05	43106	1	FALSE	ORF1ab:cds-YP_009724389.1	CTC	L	CTA	L	1182
NC_045512.2	3811	C	A	43068	15367	49	4	4	34	9.27945e-05	43106	1	FALSE	ORF1ab:cds-YP_009725295.1	CTC	L	CTA	L	1182
NC_045512.2	3812	T	G	42815	15084	48	6	5	32	0.000140014	42853	1	FALSE	ORF1ab:cds-YP_009724389.1	TAT	Y	GAT	D	1183
NC_045512.2	3812	T	G	42815	15084	48	6	5	32	0.000140014	42853	1	FALSE	ORF1ab:cds-YP_009725295.1	TAT	Y	GAT	D	1183
NC_045512.2	3812	T	C	42815	15084	48	29	29	33	0.000676732	42853	0.952028	FALSE	ORF1ab:cds-YP_009724389.1	TAT	Y	CAT	H	1183
NC_045512.2	3812	T	C	42815	15084	48	29	29	33	0.000676732	42853	0.952028	FALSE	ORF1ab:cds-YP_009725295.1	TAT	Y	CAT	H	1183
NC_045512.2	3812	T	A	42815	15084	48	3	3	31	7.00068e-05	42853	1	FALSE	ORF1ab:cds-YP_009724389.1	TAT	Y	AAT	N	1183
NC_045512.2	3812	T	A	42815	15084	48	3	3	31	7.00068e-05	42853	1	FALSE	ORF1ab:cds-YP_009725295.1	TAT	Y	AAT	N	1183
NC_045512.2	3812	T	-A	42815	15084	48	1	0	20	2.33356e-05	42853	1	FALSE	NA	NA	NA	NA	NA	NA
NC_045512.2	3813	A	T	43398	15485	49	26	26	33	0.000598472	43444	0.985214	FALSE	ORF1ab:cds-YP_009724389.1	TAT	Y	TTT	F	1183
NC_045512.2	3813	A	T	43398	15485	49	26	26	33	0.000598472	43444	0.985214	FALSE	ORF1ab:cds-YP_009725295.1	TAT	Y	TTT	F	1183
NC_045512.2	3813	A	G	43398	15485	49	11	8	31	0.0002532	43444	0.999998	FALSE	ORF1ab:cds-YP_009724389.1	TAT	Y	TGT	C	1183
NC_045512.2	3813	A	G	43398	15485	49	11	8	31	0.0002532	43444	0.999998	FALSE	ORF1ab:cds-YP_009725295.1	TAT	Y	TGT	C	1183
NC_045512.2	3813	A	C	43398	15485	49	9	7	31	0.000207163	43444	1	FALSE	ORF1ab:cds-YP_009724389.1	TAT	Y	TCT	S	1183
NC_045512.2	3813	A	C	43398	15485	49	9	7	31	0.000207163	43444	1	FALSE	ORF1ab:cds-YP_009725295.1	TAT	Y	TCT	S	1183
NC_045512.2	3814	T	G	43336	15230	48	2	2	34	4.61053e-05	43379	1	FALSE	ORF1ab:cds-YP_009724389.1	TAT	Y	TAG	*	1183
NC_045512.2	3814	T	G	43336	15230	48	2	2	34	4.61053e-05	43379	1	FALSE	ORF1ab:cds-YP_009725295.1	TAT	Y	TAG	*	1183
NC_045512.2	3814	T	C	43336	15230	48	15	12	33	0.000345789	43379	0.99995	FALSE	ORF1ab:cds-YP_009724389.1	TAT	Y	TAC	Y	1183
NC_045512.2	3814	T	C	43336	15230	48	15	12	33	0.000345789	43379	0.99995	FALSE	ORF1ab:cds-YP_009725295.1	TAT	Y	TAC	Y	1183
NC_045512.2	3814	T	A	43336	15230	48	26	26	33	0.000599368	43379	0.985228	FALSE	ORF1ab:cds-YP_009724389.1	TAT	Y	TAA	*	1183
NC_045512.2	3814	T	A	43336	15230	48	26	26	33	0.000599368	43379	0.985228	FALSE	ORF1ab:cds-YP_009725295.1	TAT	Y	TAA	*	1183
NC_045512.2	3815	G	T	43525	15544	49	32	28	33	0.000734467	43569	0.91721	FALSE	ORF1ab:cds-YP_009724389.1	GAC	D	TAC	Y	1184
NC_045512.2	3815	G	T	43525	15544	49	32	28	33	0.000734467	43569	0.91721	FALSE	ORF1ab:cds-YP_009725295.1	GAC	D	TAC	Y	1184
NC_045512.2	3815	G	C	43525	15544	49	1	1	34	2.29521e-05	43569	1	FALSE	ORF1ab:cds-YP_009724389.1	GAC	D	CAC	H	1184
NC_045512.2	3815	G	C	43525	15544	49	1	1	34	2.29521e-05	43569	1	FALSE	ORF1ab:cds-YP_009725295.1	GAC	D	CAC	H	1184
NC_045512.2	3815	G	A	43525	15544	49	11	11	33	0.000252473	43569	0.999998	FALSE	ORF1ab:cds-YP_009724389.1	GAC	D	AAC	N	1184
NC_045512.2	3815	G	A	43525	15544	49	11	11	33	0.000252473	43569	0.999998	FALSE	ORF1ab:cds-YP_009725295.1	GAC	D	AAC	N	1184
NC_045512.2	3816	A	T	43507	15796	49	8	6	32	0.000183718	43545	1	FALSE	ORF1ab:cds-YP_009724389.1	GAC	D	GTC	V	1184
NC_045512.2	3816	A	T	43507	15796	49	8	6	32	0.000183718	43545	1	FALSE	ORF1ab:cds-YP_009725295.1	GAC	D	GTC	V	1184
NC_045512.2	3816	A	G	43507	15796	49	25	23	33	0.000574119	43545	0.98973	FALSE	ORF1ab:cds-YP_009724389.1	GAC	D	GGC	G	1184
NC_045512.2	3816	A	G	43507	15796	49	25	23	33	0.000574119	43545	0.98973	FALSE	ORF1ab:cds-YP_009725295.1	GAC	D	GGC	G	1184
NC_045512.2	3816	A	C	43507	15796	49	5	5	31	0.000114824	43545	1	FALSE	ORF1ab:cds-YP_009724389.1	GAC	D	GCC	A	1184
NC_045512.2	3816	A	C	43507	15796	49	5	5	31	0.000114824	43545	1	FALSE	ORF1ab:cds-YP_009725295.1	GAC	D	GCC	A	1184
NC_045512.2	3817	C	T	43635	15939	50	17	16	32	0.000389167	43683	0.999802	FALSE	ORF1ab:cds-YP_009724389.1	GAC	D	GAT	D	1184
NC_045512.2	3817	C	T	43635	15939	50	17	16	32	0.000389167	43683	0.999802	FALSE	ORF1ab:cds-YP_009725295.1	GAC	D	GAT	D	1184
NC_045512.2	3817	C	G	43635	15939	50	9	8	30	0.00020603	43683	1	FALSE	ORF1ab:cds-YP_009724389.1	GAC	D	GAG	E	1184
NC_045512.2	3817	C	G	43635	15939	50	9	8	30	0.00020603	43683	1	FALSE	ORF1ab:cds-YP_009725295.1	GAC	D	GAG	E	1184
NC_045512.2	3817	C	A	43635	15939	50	22	22	33	0.000503628	43683	0.997029	FALSE	ORF1ab:cds-YP_009724389.1	GAC	D	GAA	E	1184
NC_045512.2	3817	C	A	43635	15939	50	22	22	33	0.000503628	43683	0.997029	FALSE	ORF1ab:cds-YP_009725295.1	GAC	D	GAA	E	1184
NC_045512.2	3818	A	T	42827	15747	49	9	9	33	0.000209917	42874	1	FALSE	ORF1ab:cds-YP_009724389.1	AAA	K	TAA	*	1185
NC_045512.2	3818	A	T	42827	15747	49	9	9	33	0.000209917	42874	1	FALSE	ORF1ab:cds-YP_009725295.1	AAA	K	TAA	*	1185
NC_045512.2	3818	A	G	42827	15747	49	22	18	34	0.000513132	42874	0.995911	FALSE	ORF1ab:cds-YP_009724389.1	AAA	K	GAA	E	1185
NC_045512.2	3818	A	G	42827	15747	49	22	18	34	0.000513132	42874	0.995911	FALSE	ORF1ab:cds-YP_009725295.1	AAA	K	GAA	E	1185
NC_045512.2	3818	A	C	42827	15747	49	16	16	33	0.000373187	42874	0.999846	FALSE	ORF1ab:cds-YP_009724389.1	AAA	K	CAA	Q	1185
NC_045512.2	3818	A	C	42827	15747	49	16	16	33	0.000373187	42874	0.999846	FALSE	ORF1ab:cds-YP_009725295.1	AAA	K	CAA	Q	1185
NC_045512.2	3819	A	T	43622	15805	50	8	8	33	0.000183331	43637	1	FALSE	ORF1ab:cds-YP_009724389.1	AAA	K	ATA	I	1185
NC_045512.2	3819	A	T	43622	15805	50	8	8	33	0.000183331	43637	1	FALSE	ORF1ab:cds-YP_009725295.1	AAA	K	ATA	I	1185
NC_045512.2	3819	A	G	43622	15805	50	2	2	51	4.58327e-05	43637	0.249928	FALSE	ORF1ab:cds-YP_009724389.1	AAA	K	AGA	R	1185
NC_045512.2	3819	A	G	43622	15805	50	2	2	51	4.58327e-05	43637	0.249928	FALSE	ORF1ab:cds-YP_009725295.1	AAA	K	AGA	R	1185
NC_045512.2	3819	A	C	43622	15805	50	5	5	34	0.000114582	43637	1	FALSE	ORF1ab:cds-YP_009724389.1	AAA	K	ACA	T	1185
NC_045512.2	3819	A	C	43622	15805	50	5	5	34	0.000114582	43637	1	FALSE	ORF1ab:cds-YP_009725295.1	AAA	K	ACA	T	1185
NC_045512.2	3820	A	T	39739	15780	46	8	8	33	0.000201157	39770	0.999999	FALSE	ORF1ab:cds-YP_009724389.1	AAA	K	AAT	N	1185
NC_045512.2	3820	A	T	39739	15780	46	8	8	33	0.000201157	39770	0.999999	FALSE	ORF1ab:cds-YP_009725295.1	AAA	K	AAT	N	1185
NC_045512.2	3820	A	G	39739	15780	46	6	4	48	0.000150867	39770	0.253597	FALSE	ORF1ab:cds-YP_009724389.1	AAA	K	AAG	K	1185
NC_045512.2	3820	A	G	39739	15780	46	6	4	48	0.000150867	39770	0.253597	FALSE	ORF1ab:cds-YP_009725295.1	AAA	K	AAG	K	1185
NC_045512.2	3820	A	C	39739	15780	46	17	14	32	0.000427458	39770	0.999079	FALSE	ORF1ab:cds-YP_009724389.1	AAA	K	AAC	N	1185
NC_045512.2	3820	A	C	39739	15780	46	17	14	32	0.000427458	39770	0.999079	FALSE	ORF1ab:cds-YP_009725295.1	AAA	K	AAC	N	1185
NC_045512.2	3821	C	T	43335	15773	49	9	9	34	0.00020745	43384	1	FALSE	ORF1ab:cds-YP_009724389.1	CTT	L	TTT	F	1186
NC_045512.2	3821	C	T	43335	15773	49	9	9	34	0.00020745	43384	1	FALSE	ORF1ab:cds-YP_009725295.1	CTT	L	TTT	F	1186
NC_045512.2	3821	C	G	43335	15773	49	10	6	32	0.0002305	43384	0.999999	FALSE	ORF1ab:cds-YP_009724389.1	CTT	L	GTT	V	1186
NC_045512.2	3821	C	G	43335	15773	49	10	6	32	0.0002305	43384	0.999999	FALSE	ORF1ab:cds-YP_009725295.1	CTT	L	GTT	V	1186
NC_045512.2	3821	C	A	43335	15773	49	30	30	32	0.000691499	43384	0.949566	FALSE	ORF1ab:cds-YP_009724389.1	CTT	L	ATT	I	1186
NC_045512.2	3821	C	A	43335	15773	49	30	30	32	0.000691499	43384	0.949566	FALSE	ORF1ab:cds-YP_009725295.1	CTT	L	ATT	I	1186
NC_045512.2	3822	T	G	43073	15673	49	6	6	34	0.000139156	43117	1	FALSE	ORF1ab:cds-YP_009724389.1	CTT	L	CGT	R	1186
NC_045512.2	3822	T	G	43073	15673	49	6	6	34	0.000139156	43117	1	FALSE	ORF1ab:cds-YP_009725295.1	CTT	L	CGT	R	1186
NC_045512.2	3822	T	C	43073	15673	49	20	20	32	0.000463854	43117	0.998882	FALSE	ORF1ab:cds-YP_009724389.1	CTT	L	CCT	P	1186
NC_045512.2	3822	T	C	43073	15673	49	20	20	32	0.000463854	43117	0.998882	FALSE	ORF1ab:cds-YP_009725295.1	CTT	L	CCT	P	1186
NC_045512.2	3822	T	A	43073	15673	49	18	17	31	0.000417469	43117	0.999634	FALSE	ORF1ab:cds-YP_009724389.1	CTT	L	CAT	H	1186
NC_045512.2	3822	T	A	43073	15673	49	18	17	31	0.000417469	43117	0.999634	FALSE	ORF1ab:cds-YP_009725295.1	CTT	L	CAT	H	1186
NC_045512.2	3823	T	G	38265	13600	47	9	4	31	0.000234987	38300	0.999997	FALSE	ORF1ab:cds-YP_009724389.1	CTT	L	CTG	L	1186
NC_045512.2	3823	T	G	38265	13600	47	9	4	31	0.000234987	38300	0.999997	FALSE	ORF1ab:cds-YP_009725295.1	CTT	L	CTG	L	1186
NC_045512.2	3823	T	C	38265	13600	47	11	6	34	0.000287206	38300	0.999981	FALSE	ORF1ab:cds-YP_009724389.1	CTT	L	CTC	L	1186
NC_045512.2	3823	T	C	38265	13600	47	11	6	34	0.000287206	38300	0.999981	FALSE	ORF1ab:cds-YP_009725295.1	CTT	L	CTC	L	1186
NC_045512.2	3823	T	A	38265	13600	47	15	14	35	0.000391645	38300	0.999598	FALSE	ORF1ab:cds-YP_009724389.1	CTT	L	CTA	L	1186
NC_045512.2	3823	T	A	38265	13600	47	15	14	35	0.000391645	38300	0.999598	FALSE	ORF1ab:cds-YP_009725295.1	CTT	L	CTA	L	1186
NC_045512.2	3824	G	T	39507	13813	48	21	19	32	0.000530973	39550	0.993234	FALSE	ORF1ab:cds-YP_009724389.1	GTT	V	TTT	F	1187
NC_045512.2	3824	G	T	39507	13813	48	21	19	32	0.000530973	39550	0.993234	FALSE	ORF1ab:cds-YP_009725295.1	GTT	V	TTT	F	1187
NC_045512.2	3824	G	C	39507	13813	48	15	15	31	0.000379267	39550	0.999731	FALSE	ORF1ab:cds-YP_009724389.1	GTT	V	CTT	L	1187
NC_045512.2	3824	G	C	39507	13813	48	15	15	31	0.000379267	39550	0.999731	FALSE	ORF1ab:cds-YP_009725295.1	GTT	V	CTT	L	1187
NC_045512.2	3824	G	A	39507	13813	48	7	6	32	0.000176991	39550	1	FALSE	ORF1ab:cds-YP_009724389.1	GTT	V	ATT	I	1187
NC_045512.2	3824	G	A	39507	13813	48	7	6	32	0.000176991	39550	1	FALSE	ORF1ab:cds-YP_009725295.1	GTT	V	ATT	I	1187
NC_045512.2	3825	T	G	39630	13844	48	14	13	34	0.000352992	39661	0.999866	FALSE	ORF1ab:cds-YP_009724389.1	GTT	V	GGT	G	1187
NC_045512.2	3825	T	G	39630	13844	48	14	13	34	0.000352992	39661	0.999866	FALSE	ORF1ab:cds-YP_009725295.1	GTT	V	GGT	G	1187
NC_045512.2	3825	T	C	39630	13844	48	11	9	39	0.000277351	39661	0.999988	FALSE	ORF1ab:cds-YP_009724389.1	GTT	V	GCT	A	1187
NC_045512.2	3825	T	C	39630	13844	48	11	9	39	0.000277351	39661	0.999988	FALSE	ORF1ab:cds-YP_009725295.1	GTT	V	GCT	A	1187
NC_045512.2	3825	T	A	39630	13844	48	6	6	34	0.000151282	39661	1	FALSE	ORF1ab:cds-YP_009724389.1	GTT	V	GAT	D	1187
NC_045512.2	3825	T	A	39630	13844	48	6	6	34	0.000151282	39661	1	FALSE	ORF1ab:cds-YP_009725295.1	GTT	V	GAT	D	1187
NC_045512.2	3826	T	G	39354	13575	47	13	10	33	0.0003301	39382	0.999936	FALSE	ORF1ab:cds-YP_009724389.1	GTT	V	GTG	V	1187
NC_045512.2	3826	T	G	39354	13575	47	13	10	33	0.0003301	39382	0.999936	FALSE	ORF1ab:cds-YP_009725295.1	GTT	V	GTG	V	1187
NC_045512.2	3826	T	C	39354	13575	47	10	8	32	0.000253923	39382	0.999995	FALSE	ORF1ab:cds-YP_009724389.1	GTT	V	GTC	V	1187
NC_045512.2	3826	T	C	39354	13575	47	10	8	32	0.000253923	39382	0.999995	FALSE	ORF1ab:cds-YP_009725295.1	GTT	V	GTC	V	1187
NC_045512.2	3826	T	A	39354	13575	47	5	5	32	0.000126962	39382	1	FALSE	ORF1ab:cds-YP_009724389.1	GTT	V	GTA	V	1187
NC_045512.2	3826	T	A	39354	13575	47	5	5	32	0.000126962	39382	1	FALSE	ORF1ab:cds-YP_009725295.1	GTT	V	GTA	V	1187
NC_045512.2	3827	T	G	39719	14287	48	9	8	33	0.000226472	39740	0.999998	FALSE	ORF1ab:cds-YP_009724389.1	TCA	S	GCA	A	1188
NC_045512.2	3827	T	G	39719	14287	48	9	8	33	0.000226472	39740	0.999998	FALSE	ORF1ab:cds-YP_009725295.1	TCA	S	GCA	A	1188
NC_045512.2	3827	T	C	39719	14287	48	7	7	31	0.000176145	39740	1	FALSE	ORF1ab:cds-YP_009724389.1	TCA	S	CCA	P	1188
NC_045512.2	3827	T	C	39719	14287	48	7	7	31	0.000176145	39740	1	FALSE	ORF1ab:cds-YP_009725295.1	TCA	S	CCA	P	1188
NC_045512.2	3827	T	A	39719	14287	48	5	5	31	0.000125818	39740	1	FALSE	ORF1ab:cds-YP_009724389.1	TCA	S	ACA	T	1188
NC_045512.2	3827	T	A	39719	14287	48	5	5	31	0.000125818	39740	1	FALSE	ORF1ab:cds-YP_009725295.1	TCA	S	ACA	T	1188
NC_045512.2	3828	C	T	39635	14214	48	26	26	33	0.000655424	39669	0.959159	FALSE	ORF1ab:cds-YP_009724389.1	TCA	S	TTA	L	1188
NC_045512.2	3828	C	T	39635	14214	48	26	26	33	0.000655424	39669	0.959159	FALSE	ORF1ab:cds-YP_009725295.1	TCA	S	TTA	L	1188
NC_045512.2	3828	C	G	39635	14214	48	2	1	30	5.04172e-05	39669	1	FALSE	ORF1ab:cds-YP_009724389.1	TCA	S	TGA	*	1188
NC_045512.2	3828	C	G	39635	14214	48	2	1	30	5.04172e-05	39669	1	FALSE	ORF1ab:cds-YP_009725295.1	TCA	S	TGA	*	1188
NC_045512.2	3828	C	A	39635	14214	48	6	6	32	0.000151252	39669	1	FALSE	ORF1ab:cds-YP_009724389.1	TCA	S	TAA	*	1188
NC_045512.2	3828	C	A	39635	14214	48	6	6	32	0.000151252	39669	1	FALSE	ORF1ab:cds-YP_009725295.1	TCA	S	TAA	*	1188
NC_045512.2	3829	A	T	39721	14264	48	14	14	32	0.00035213	39758	0.999865	FALSE	ORF1ab:cds-YP_009724389.1	TCA	S	TCT	S	1188
NC_045512.2	3829	A	T	39721	14264	48	14	14	32	0.00035213	39758	0.999865	FALSE	ORF1ab:cds-YP_009725295.1	TCA	S	TCT	S	1188
NC_045512.2	3829	A	G	39721	14264	48	7	4	36	0.000176065	39758	1	FALSE	ORF1ab:cds-YP_009724389.1	TCA	S	TCG	S	1188
NC_045512.2	3829	A	G	39721	14264	48	7	4	36	0.000176065	39758	1	FALSE	ORF1ab:cds-YP_009725295.1	TCA	S	TCG	S	1188
NC_045512.2	3829	A	C	39721	14264	48	16	15	32	0.000402435	39758	0.999491	FALSE	ORF1ab:cds-YP_009724389.1	TCA	S	TCC	S	1188
NC_045512.2	3829	A	C	39721	14264	48	16	15	32	0.000402435	39758	0.999491	FALSE	ORF1ab:cds-YP_009725295.1	TCA	S	TCC	S	1188
NC_045512.2	3830	A	T	39416	14331	48	11	11	34	0.000278855	39447	0.999988	FALSE	ORF1ab:cds-YP_009724389.1	AGC	S	TGC	C	1189
NC_045512.2	3830	A	T	39416	14331	48	11	11	34	0.000278855	39447	0.999988	FALSE	ORF1ab:cds-YP_009725295.1	AGC	S	TGC	C	1189
NC_045512.2	3830	A	G	39416	14331	48	12	8	38	0.000304206	39447	0.999971	FALSE	ORF1ab:cds-YP_009724389.1	AGC	S	GGC	G	1189
NC_045512.2	3830	A	G	39416	14331	48	12	8	38	0.000304206	39447	0.999971	FALSE	ORF1ab:cds-YP_009725295.1	AGC	S	GGC	G	1189
NC_045512.2	3830	A	C	39416	14331	48	8	8	33	0.000202804	39447	0.999999	FALSE	ORF1ab:cds-YP_009724389.1	AGC	S	CGC	R	1189
NC_045512.2	3830	A	C	39416	14331	48	8	8	33	0.000202804	39447	0.999999	FALSE	ORF1ab:cds-YP_009725295.1	AGC	S	CGC	R	1189
NC_045512.2	3831	G	T	39713	14277	48	10	9	32	0.00025156	39752	0.999995	FALSE	ORF1ab:cds-YP_009724389.1	AGC	S	ATC	I	1189
NC_045512.2	3831	G	T	39713	14277	48	10	9	32	0.00025156	39752	0.999995	FALSE	ORF1ab:cds-YP_009725295.1	AGC	S	ATC	I	1189
NC_045512.2	3831	G	C	39713	14277	48	10	10	32	0.00025156	39752	0.999995	FALSE	ORF1ab:cds-YP_009724389.1	AGC	S	ACC	T	1189
NC_045512.2	3831	G	C	39713	14277	48	10	10	32	0.00025156	39752	0.999995	FALSE	ORF1ab:cds-YP_009725295.1	AGC	S	ACC	T	1189
NC_045512.2	3831	G	A	39713	14277	48	19	19	32	0.000477963	39752	0.997316	FALSE	ORF1ab:cds-YP_009724389.1	AGC	S	AAC	N	1189
NC_045512.2	3831	G	A	39713	14277	48	19	19	32	0.000477963	39752	0.997316	FALSE	ORF1ab:cds-YP_009725295.1	AGC	S	AAC	N	1189
NC_045512.2	3832	C	T	39538	14367	48	7	7	31	0.000176884	39574	1	FALSE	ORF1ab:cds-YP_009724389.1	AGC	S	AGT	S	1189
NC_045512.2	3832	C	T	39538	14367	48	7	7	31	0.000176884	39574	1	FALSE	ORF1ab:cds-YP_009725295.1	AGC	S	AGT	S	1189
NC_045512.2	3832	C	G	39538	14367	48	13	13	32	0.000328499	39574	0.999936	FALSE	ORF1ab:cds-YP_009724389.1	AGC	S	AGG	R	1189
NC_045512.2	3832	C	G	39538	14367	48	13	13	32	0.000328499	39574	0.999936	FALSE	ORF1ab:cds-YP_009725295.1	AGC	S	AGG	R	1189
NC_045512.2	3832	C	A	39538	14367	48	16	16	33	0.000404306	39574	0.999491	FALSE	ORF1ab:cds-YP_009724389.1	AGC	S	AGA	R	1189
NC_045512.2	3832	C	A	39538	14367	48	16	16	33	0.000404306	39574	0.999491	FALSE	ORF1ab:cds-YP_009725295.1	AGC	S	AGA	R	1189
NC_045512.2	3832	C	-TT	39538	14367	48	1	0	20	2.52691e-05	39574	1	FALSE	NA	NA	NA	NA	NA	NA
NC_045512.2	3832	C	-T	39538	14367	48	7	0	20	0.000176884	39574	1	FALSE	NA	NA	NA	NA	NA	NA
NC_045512.2	3833	T	G	39642	14274	48	12	6	32	0.000302435	39678	0.999971	FALSE	ORF1ab:cds-YP_009724389.1	TTT	F	GTT	V	1190
NC_045512.2	3833	T	G	39642	14274	48	12	6	32	0.000302435	39678	0.999971	FALSE	ORF1ab:cds-YP_009725295.1	TTT	F	GTT	V	1190
NC_045512.2	3833	T	C	39642	14274	48	14	12	32	0.00035284	39678	0.999865	FALSE	ORF1ab:cds-YP_009724389.1	TTT	F	CTT	L	1190
NC_045512.2	3833	T	C	39642	14274	48	14	12	32	0.00035284	39678	0.999865	FALSE	ORF1ab:cds-YP_009725295.1	TTT	F	CTT	L	1190
NC_045512.2	3833	T	A	39642	14274	48	10	10	33	0.000252029	39678	0.999995	FALSE	ORF1ab:cds-YP_009724389.1	TTT	F	ATT	I	1190
NC_045512.2	3833	T	A	39642	14274	48	10	10	33	0.000252029	39678	0.999995	FALSE	ORF1ab:cds-YP_009725295.1	TTT	F	ATT	I	1190
NC_045512.2	3834	T	G	39779	14562	48	13	13	31	0.000326641	39799	0.999936	FALSE	ORF1ab:cds-YP_009724389.1	TTT	F	TGT	C	1190
NC_045512.2	3834	T	G	39779	14562	48	13	13	31	0.000326641	39799	0.999936	FALSE	ORF1ab:cds-YP_009725295.1	TTT	F	TGT	C	1190
NC_045512.2	3834	T	C	39779	14562	48	4	4	30	0.000100505	39799	1	FALSE	ORF1ab:cds-YP_009724389.1	TTT	F	TCT	S	1190
NC_045512.2	3834	T	C	39779	14562	48	4	4	30	0.000100505	39799	1	FALSE	ORF1ab:cds-YP_009725295.1	TTT	F	TCT	S	1190
NC_045512.2	3834	T	A	39779	14562	48	3	2	31	7.53788e-05	39799	1	FALSE	ORF1ab:cds-YP_009724389.1	TTT	F	TAT	Y	1190
NC_045512.2	3834	T	A	39779	14562	48	3	2	31	7.53788e-05	39799	1	FALSE	ORF1ab:cds-YP_009725295.1	TTT	F	TAT	Y	1190
NC_045512.2	3835	T	G	39929	14565	48	5	3	29	0.000125144	39954	1	FALSE	ORF1ab:cds-YP_009724389.1	TTT	F	TTG	L	1190
NC_045512.2	3835	T	G	39929	14565	48	5	3	29	0.000125144	39954	1	FALSE	ORF1ab:cds-YP_009725295.1	TTT	F	TTG	L	1190
NC_045512.2	3835	T	C	39929	14565	48	14	13	35	0.000350403	39954	0.999866	FALSE	ORF1ab:cds-YP_009724389.1	TTT	F	TTC	F	1190
NC_045512.2	3835	T	C	39929	14565	48	14	13	35	0.000350403	39954	0.999866	FALSE	ORF1ab:cds-YP_009725295.1	TTT	F	TTC	F	1190
NC_045512.2	3835	T	A	39929	14565	48	6	4	31	0.000150173	39954	1	FALSE	ORF1ab:cds-YP_009724389.1	TTT	F	TTA	L	1190
NC_045512.2	3835	T	A	39929	14565	48	6	4	31	0.000150173	39954	1	FALSE	ORF1ab:cds-YP_009725295.1	TTT	F	TTA	L	1190
NC_045512.2	3836	T	G	39942	14555	48	5	3	32	0.000125125	39960	1	FALSE	ORF1ab:cds-YP_009724389.1	TTG	L	GTG	V	1191
NC_045512.2	3836	T	G	39942	14555	48	5	3	32	0.000125125	39960	1	FALSE	ORF1ab:cds-YP_009725295.1	TTG	L	GTG	V	1191
NC_045512.2	3836	T	C	39942	14555	48	9	7	31	0.000225225	39960	0.999998	FALSE	ORF1ab:cds-YP_009724389.1	TTG	L	CTG	L	1191
NC_045512.2	3836	T	C	39942	14555	48	9	7	31	0.000225225	39960	0.999998	FALSE	ORF1ab:cds-YP_009725295.1	TTG	L	CTG	L	1191
NC_045512.2	3836	T	A	39942	14555	48	4	4	34	0.0001001	39960	1	FALSE	ORF1ab:cds-YP_009724389.1	TTG	L	ATG	M	1191
NC_045512.2	3836	T	A	39942	14555	48	4	4	34	0.0001001	39960	1	FALSE	ORF1ab:cds-YP_009725295.1	TTG	L	ATG	M	1191
NC_045512.2	3837	T	G	40115	15576	50	1	1	34	2.49203e-05	40128	1	FALSE	ORF1ab:cds-YP_009724389.1	TTG	L	TGG	W	1191
NC_045512.2	3837	T	G	40115	15576	50	1	1	34	2.49203e-05	40128	1	FALSE	ORF1ab:cds-YP_009725295.1	TTG	L	TGG	W	1191
NC_045512.2	3837	T	C	40115	15576	50	9	5	42	0.000224282	40128	0.133374	FALSE	ORF1ab:cds-YP_009724389.1	TTG	L	TCG	S	1191
NC_045512.2	3837	T	C	40115	15576	50	9	5	42	0.000224282	40128	0.133374	FALSE	ORF1ab:cds-YP_009725295.1	TTG	L	TCG	S	1191
NC_045512.2	3837	T	A	40115	15576	50	3	3	28	7.47608e-05	40128	1	FALSE	ORF1ab:cds-YP_009724389.1	TTG	L	TAG	*	1191
NC_045512.2	3837	T	A	40115	15576	50	3	3	28	7.47608e-05	40128	1	FALSE	ORF1ab:cds-YP_009725295.1	TTG	L	TAG	*	1191
NC_045512.2	3838	G	T	39993	15458	50	29	27	32	0.000724348	40036	0.925882	FALSE	ORF1ab:cds-YP_009724389.1	TTG	L	TTT	F	1191
NC_045512.2	3838	G	T	39993	15458	50	29	27	32	0.000724348	40036	0.925882	FALSE	ORF1ab:cds-YP_009725295.1	TTG	L	TTT	F	1191
NC_045512.2	3838	G	C	39993	15458	50	5	5	32	0.000124888	40036	1	FALSE	ORF1ab:cds-YP_009724389.1	TTG	L	TTC	F	1191
NC_045512.2	3838	G	C	39993	15458	50	5	5	32	0.000124888	40036	1	FALSE	ORF1ab:cds-YP_009725295.1	TTG	L	TTC	F	1191
NC_045512.2	3838	G	A	39993	15458	50	9	8	34	0.000224798	40036	0.999999	FALSE	ORF1ab:cds-YP_009724389.1	TTG	L	TTA	L	1191
NC_045512.2	3838	G	A	39993	15458	50	9	8	34	0.000224798	40036	0.999999	FALSE	ORF1ab:cds-YP_009725295.1	TTG	L	TTA	L	1191
NC_045512.2	3839	G	T	40376	15581	50	12	12	32	0.000297022	40401	0.999982	FALSE	ORF1ab:cds-YP_009724389.1	GAA	E	TAA	*	1192
NC_045512.2	3839	G	T	40376	15581	50	12	12	32	0.000297022	40401	0.999982	FALSE	ORF1ab:cds-YP_009725295.1	GAA	E	TAA	*	1192
NC_045512.2	3839	G	C	40376	15581	50	7	7	32	0.000173263	40401	1	FALSE	ORF1ab:cds-YP_009724389.1	GAA	E	CAA	Q	1192
NC_045512.2	3839	G	C	40376	15581	50	7	7	32	0.000173263	40401	1	FALSE	ORF1ab:cds-YP_009725295.1	GAA	E	CAA	Q	1192
NC_045512.2	3839	G	A	40376	15581	50	6	5	34	0.000148511	40401	1	FALSE	ORF1ab:cds-YP_009724389.1	GAA	E	AAA	K	1192
NC_045512.2	3839	G	A	40376	15581	50	6	5	34	0.000148511	40401	1	FALSE	ORF1ab:cds-YP_009725295.1	GAA	E	AAA	K	1192
NC_045512.2	3840	A	T	40597	15777	50	18	18	34	0.000442946	40637	0.99888	FALSE	ORF1ab:cds-YP_009724389.1	GAA	E	GTA	V	1192
NC_045512.2	3840	A	T	40597	15777	50	18	18	34	0.000442946	40637	0.99888	FALSE	ORF1ab:cds-YP_009725295.1	GAA	E	GTA	V	1192
NC_045512.2	3840	A	G	40597	15777	50	17	14	33	0.000418338	40637	0.999366	FALSE	ORF1ab:cds-YP_009724389.1	GAA	E	GGA	G	1192
NC_045512.2	3840	A	G	40597	15777	50	17	14	33	0.000418338	40637	0.999366	FALSE	ORF1ab:cds-YP_009725295.1	GAA	E	GGA	G	1192
NC_045512.2	3840	A	C	40597	15777	50	5	4	34	0.000123041	40637	1	FALSE	ORF1ab:cds-YP_009724389.1	GAA	E	GCA	A	1192
NC_045512.2	3840	A	C	40597	15777	50	5	4	34	0.000123041	40637	1	FALSE	ORF1ab:cds-YP_009725295.1	GAA	E	GCA	A	1192
NC_045512.2	3841	A	T	40528	16176	49	10	10	34	0.000246585	40554	0.999997	FALSE	ORF1ab:cds-YP_009724389.1	GAA	E	GAT	D	1192
NC_045512.2	3841	A	T	40528	16176	49	10	10	34	0.000246585	40554	0.999997	FALSE	ORF1ab:cds-YP_009725295.1	GAA	E	GAT	D	1192
NC_045512.2	3841	A	G	40528	16176	49	14	12	33	0.000345219	40554	0.999913	FALSE	ORF1ab:cds-YP_009724389.1	GAA	E	GAG	E	1192
NC_045512.2	3841	A	G	40528	16176	49	14	12	33	0.000345219	40554	0.999913	FALSE	ORF1ab:cds-YP_009725295.1	GAA	E	GAG	E	1192
NC_045512.2	3841	A	C	40528	16176	49	2	2	30	4.9317e-05	40554	1	FALSE	ORF1ab:cds-YP_009724389.1	GAA	E	GAC	D	1192
NC_045512.2	3841	A	C	40528	16176	49	2	2	30	4.9317e-05	40554	1	FALSE	ORF1ab:cds-YP_009725295.1	GAA	E	GAC	D	1192
NC_045512.2	3842	A	T	40466	16531	50	7	7	34	0.000172886	40489	1	FALSE	ORF1ab:cds-YP_009724389.1	ATG	M	TTG	L	1193
NC_045512.2	3842	A	T	40466	16531	50	7	7	34	0.000172886	40489	1	FALSE	ORF1ab:cds-YP_009725295.1	ATG	M	TTG	L	1193
NC_045512.2	3842	A	G	40466	16531	50	12	12	34	0.000296377	40489	0.999982	FALSE	ORF1ab:cds-YP_009724389.1	ATG	M	GTG	V	1193
NC_045512.2	3842	A	G	40466	16531	50	12	12	34	0.000296377	40489	0.999982	FALSE	ORF1ab:cds-YP_009725295.1	ATG	M	GTG	V	1193
NC_045512.2	3842	A	C	40466	16531	50	4	4	32	9.87923e-05	40489	1	FALSE	ORF1ab:cds-YP_009724389.1	ATG	M	CTG	L	1193
NC_045512.2	3842	A	C	40466	16531	50	4	4	32	9.87923e-05	40489	1	FALSE	ORF1ab:cds-YP_009725295.1	ATG	M	CTG	L	1193
NC_045512.2	3843	T	G	40545	17198	49	5	5	32	0.000123198	40585	1	FALSE	ORF1ab:cds-YP_009724389.1	ATG	M	AGG	R	1193
NC_045512.2	3843	T	G	40545	17198	49	5	5	32	0.000123198	40585	1	FALSE	ORF1ab:cds-YP_009725295.1	ATG	M	AGG	R	1193
NC_045512.2	3843	T	C	40545	17198	49	5	3	39	0.000123198	40585	1	FALSE	ORF1ab:cds-YP_009724389.1	ATG	M	ACG	T	1193
NC_045512.2	3843	T	C	40545	17198	49	5	3	39	0.000123198	40585	1	FALSE	ORF1ab:cds-YP_009725295.1	ATG	M	ACG	T	1193
NC_045512.2	3843	T	A	40545	17198	49	30	30	33	0.000739189	40585	0.905831	FALSE	ORF1ab:cds-YP_009724389.1	ATG	M	AAG	K	1193
NC_045512.2	3843	T	A	40545	17198	49	30	30	33	0.000739189	40585	0.905831	FALSE	ORF1ab:cds-YP_009725295.1	ATG	M	AAG	K	1193
NC_045512.2	3844	G	T	40782	17210	49	20	20	33	0.000489872	40827	0.996879	FALSE	ORF1ab:cds-YP_009724389.1	ATG	M	ATT	I	1193
NC_045512.2	3844	G	T	40782	17210	49	20	20	33	0.000489872	40827	0.996879	FALSE	ORF1ab:cds-YP_009725295.1	ATG	M	ATT	I	1193
NC_045512.2	3844	G	C	40782	17210	49	7	7	31	0.000171455	40827	1	FALSE	ORF1ab:cds-YP_009724389.1	ATG	M	ATC	I	1193
NC_045512.2	3844	G	C	40782	17210	49	7	7	31	0.000171455	40827	1	FALSE	ORF1ab:cds-YP_009725295.1	ATG	M	ATC	I	1193
NC_045512.2	3844	G	A	40782	17210	49	18	18	33	0.000440885	40827	0.998879	FALSE	ORF1ab:cds-YP_009724389.1	ATG	M	ATA	I	1193
NC_045512.2	3844	G	A	40782	17210	49	18	18	33	0.000440885	40827	0.998879	FALSE	ORF1ab:cds-YP_009725295.1	ATG	M	ATA	I	1193
NC_045512.2	3845	A	T	40727	17248	49	14	14	33	0.000343457	40762	0.999912	FALSE	ORF1ab:cds-YP_009724389.1	AAG	K	TAG	*	1194
NC_045512.2	3845	A	T	40727	17248	49	14	14	33	0.000343457	40762	0.999912	FALSE	ORF1ab:cds-YP_009725295.1	AAG	K	TAG	*	1194
NC_045512.2	3845	A	G	40727	17248	49	16	15	33	0.000392522	40762	0.999657	FALSE	ORF1ab:cds-YP_009724389.1	AAG	K	GAG	E	1194
NC_045512.2	3845	A	G	40727	17248	49	16	15	33	0.000392522	40762	0.999657	FALSE	ORF1ab:cds-YP_009725295.1	AAG	K	GAG	E	1194
NC_045512.2	3845	A	C	40727	17248	49	5	4	34	0.000122663	40762	1	FALSE	ORF1ab:cds-YP_009724389.1	AAG	K	CAG	Q	1194
NC_045512.2	3845	A	C	40727	17248	49	5	4	34	0.000122663	40762	1	FALSE	ORF1ab:cds-YP_009725295.1	AAG	K	CAG	Q	1194
NC_045512.2	3846	A	T	40736	17344	49	21	21	33	0.000514971	40779	0.995058	FALSE	ORF1ab:cds-YP_009724389.1	AAG	K	ATG	M	1194
NC_045512.2	3846	A	T	40736	17344	49	21	21	33	0.000514971	40779	0.995058	FALSE	ORF1ab:cds-YP_009725295.1	AAG	K	ATG	M	1194
NC_045512.2	3846	A	G	40736	17344	49	17	12	45	0.000416881	40779	0.00358028	TRUE	ORF1ab:cds-YP_009724389.1	AAG	K	AGG	R	1194
NC_045512.2	3846	A	G	40736	17344	49	17	12	45	0.000416881	40779	0.00358028	TRUE	ORF1ab:cds-YP_009725295.1	AAG	K	AGG	R	1194
NC_045512.2	3846	A	C	40736	17344	49	5	5	29	0.000122612	40779	1	FALSE	ORF1ab:cds-YP_009724389.1	AAG	K	ACG	T	1194
NC_045512.2	3846	A	C	40736	17344	49	5	5	29	0.000122612	40779	1	FALSE	ORF1ab:cds-YP_009725295.1	AAG	K	ACG	T	1194
NC_045512.2	3847	G	T	40991	17348	49	11	11	31	0.000268116	41027	0.999995	FALSE	ORF1ab:cds-YP_009724389.1	AAG	K	AAT	N	1194
NC_045512.2	3847	G	T	40991	17348	49	11	11	31	0.000268116	41027	0.999995	FALSE	ORF1ab:cds-YP_009725295.1	AAG	K	AAT	N	1194
NC_045512.2	3847	G	C	40991	17348	49	3	3	34	7.31226e-05	41027	1	FALSE	ORF1ab:cds-YP_009724389.1	AAG	K	AAC	N	1194
NC_045512.2	3847	G	C	40991	17348	49	3	3	34	7.31226e-05	41027	1	FALSE	ORF1ab:cds-YP_009725295.1	AAG	K	AAC	N	1194
NC_045512.2	3847	G	A	40991	17348	49	22	21	33	0.000536232	41027	0.994425	FALSE	ORF1ab:cds-YP_009724389.1	AAG	K	AAA	K	1194
NC_045512.2	3847	G	A	40991	17348	49	22	21	33	0.000536232	41027	0.994425	FALSE	ORF1ab:cds-YP_009725295.1	AAG	K	AAA	K	1194
NC_045512.2	3847	G	+C	40991	17348	49	9	0	20	0.000219368	41027	1	FALSE	NA	NA	NA	NA	NA	NA
NC_045512.2	3848	A	T	40827	17517	49	7	7	34	0.000171312	40861	1	FALSE	ORF1ab:cds-YP_009724389.1	AGT	S	TGT	C	1195
NC_045512.2	3848	A	T	40827	17517	49	7	7	34	0.000171312	40861	1	FALSE	ORF1ab:cds-YP_009725295.1	AGT	S	TGT	C	1195
NC_045512.2	3848	A	G	40827	17517	49	19	18	31	0.000464991	40861	0.998101	FALSE	ORF1ab:cds-YP_009724389.1	AGT	S	GGT	G	1195
NC_045512.2	3848	A	G	40827	17517	49	19	18	31	0.000464991	40861	0.998101	FALSE	ORF1ab:cds-YP_009725295.1	AGT	S	GGT	G	1195
NC_045512.2	3848	A	C	40827	17517	49	8	7	31	0.000195786	40861	1	FALSE	ORF1ab:cds-YP_009724389.1	AGT	S	CGT	R	1195
NC_045512.2	3848	A	C	40827	17517	49	8	7	31	0.000195786	40861	1	FALSE	ORF1ab:cds-YP_009725295.1	AGT	S	CGT	R	1195
NC_045512.2	3849	G	T	42604	17708	49	7	7	34	0.00016413	42649	1	FALSE	ORF1ab:cds-YP_009724389.1	AGT	S	ATT	I	1195
NC_045512.2	3849	G	T	42604	17708	49	7	7	34	0.00016413	42649	1	FALSE	ORF1ab:cds-YP_009725295.1	AGT	S	ATT	I	1195
NC_045512.2	3849	G	C	42604	17708	49	4	4	30	9.37888e-05	42649	1	FALSE	ORF1ab:cds-YP_009724389.1	AGT	S	ACT	T	1195
NC_045512.2	3849	G	C	42604	17708	49	4	4	30	9.37888e-05	42649	1	FALSE	ORF1ab:cds-YP_009725295.1	AGT	S	ACT	T	1195
NC_045512.2	3849	G	A	42604	17708	49	34	34	32	0.000797205	42649	0.848932	FALSE	ORF1ab:cds-YP_009724389.1	AGT	S	AAT	N	1195
NC_045512.2	3849	G	A	42604	17708	49	34	34	32	0.000797205	42649	0.848932	FALSE	ORF1ab:cds-YP_009725295.1	AGT	S	AAT	N	1195
NC_045512.2	3850	T	G	42688	18027	49	27	25	31	0.000631919	42727	0.973337	FALSE	ORF1ab:cds-YP_009724389.1	AGT	S	AGG	R	1195
NC_045512.2	3850	T	G	42688	18027	49	27	25	31	0.000631919	42727	0.973337	FALSE	ORF1ab:cds-YP_009725295.1	AGT	S	AGG	R	1195
NC_045512.2	3850	T	C	42688	18027	49	4	2	32	9.36176e-05	42727	1	FALSE	ORF1ab:cds-YP_009724389.1	AGT	S	AGC	S	1195
NC_045512.2	3850	T	C	42688	18027	49	4	2	32	9.36176e-05	42727	1	FALSE	ORF1ab:cds-YP_009725295.1	AGT	S	AGC	S	1195
NC_045512.2	3850	T	A	42688	18027	49	8	7	33	0.000187235	42727	1	FALSE	ORF1ab:cds-YP_009724389.1	AGT	S	AGA	R	1195
NC_045512.2	3850	T	A	42688	18027	49	8	7	33	0.000187235	42727	1	FALSE	ORF1ab:cds-YP_009725295.1	AGT	S	AGA	R	1195
NC_045512.2	3850	T	+G	42688	18027	49	9	0	20	0.00021064	42727	1	FALSE	NA	NA	NA	NA	NA	NA
NC_045512.2	3851	G	T	42588	17943	49	23	22	33	0.000539513	42631	0.993734	FALSE	ORF1ab:cds-YP_009724389.1	GAA	E	TAA	*	1196
NC_045512.2	3851	G	T	42588	17943	49	23	22	33	0.000539513	42631	0.993734	FALSE	ORF1ab:cds-YP_009725295.1	GAA	E	TAA	*	1196
NC_045512.2	3851	G	C	42588	17943	49	2	2	30	4.69142e-05	42631	1	FALSE	ORF1ab:cds-YP_009724389.1	GAA	E	CAA	Q	1196
NC_045512.2	3851	G	C	42588	17943	49	2	2	30	4.69142e-05	42631	1	FALSE	ORF1ab:cds-YP_009725295.1	GAA	E	CAA	Q	1196
NC_045512.2	3851	G	A	42588	17943	49	18	18	33	0.000422228	42631	0.999465	FALSE	ORF1ab:cds-YP_009724389.1	GAA	E	AAA	K	1196
NC_045512.2	3851	G	A	42588	17943	49	18	18	33	0.000422228	42631	0.999465	FALSE	ORF1ab:cds-YP_009725295.1	GAA	E	AAA	K	1196
NC_045512.2	3851	G	-A	42588	17943	49	1	0	20	2.34571e-05	42631	1	FALSE	NA	NA	NA	NA	NA	NA
NC_045512.2	3852	A	T	42668	18180	49	6	6	31	0.000140489	42708	1	FALSE	ORF1ab:cds-YP_009724389.1	GAA	E	GTA	V	1196
NC_045512.2	3852	A	T	42668	18180	49	6	6	31	0.000140489	42708	1	FALSE	ORF1ab:cds-YP_009725295.1	GAA	E	GTA	V	1196
NC_045512.2	3852	A	G	42668	18180	49	31	30	33	0.000725859	42708	0.9201	FALSE	ORF1ab:cds-YP_009724389.1	GAA	E	GGA	G	1196
NC_045512.2	3852	A	G	42668	18180	49	31	30	33	0.000725859	42708	0.9201	FALSE	ORF1ab:cds-YP_009725295.1	GAA	E	GGA	G	1196
NC_045512.2	3852	A	C	42668	18180	49	3	3	31	7.02445e-05	42708	1	FALSE	ORF1ab:cds-YP_009724389.1	GAA	E	GCA	A	1196
NC_045512.2	3852	A	C	42668	18180	49	3	3	31	7.02445e-05	42708	1	FALSE	ORF1ab:cds-YP_009725295.1	GAA	E	GCA	A	1196
NC_045512.2	3853	A	T	42858	18273	49	14	14	31	0.000326447	42886	0.999963	FALSE	ORF1ab:cds-YP_009724389.1	GAA	E	GAT	D	1196
NC_045512.2	3853	A	T	42858	18273	49	14	14	31	0.000326447	42886	0.999963	FALSE	ORF1ab:cds-YP_009725295.1	GAA	E	GAT	D	1196
NC_045512.2	3853	A	G	42858	18273	49	9	6	32	0.000209859	42886	1	FALSE	ORF1ab:cds-YP_009724389.1	GAA	E	GAG	E	1196
NC_045512.2	3853	A	G	42858	18273	49	9	6	32	0.000209859	42886	1	FALSE	ORF1ab:cds-YP_009725295.1	GAA	E	GAG	E	1196
NC_045512.2	3853	A	C	42858	18273	49	5	4	31	0.000116588	42886	1	FALSE	ORF1ab:cds-YP_009724389.1	GAA	E	GAC	D	1196
NC_045512.2	3853	A	C	42858	18273	49	5	4	31	0.000116588	42886	1	FALSE	ORF1ab:cds-YP_009725295.1	GAA	E	GAC	D	1196
NC_045512.2	3854	A	T	42988	18250	49	10	10	31	0.000232477	43015	0.999999	FALSE	ORF1ab:cds-YP_009724389.1	AAG	K	TAG	*	1197
NC_045512.2	3854	A	T	42988	18250	49	10	10	31	0.000232477	43015	0.999999	FALSE	ORF1ab:cds-YP_009725295.1	AAG	K	TAG	*	1197
NC_045512.2	3854	A	G	42988	18250	49	14	12	32	0.000325468	43015	0.999976	FALSE	ORF1ab:cds-YP_009724389.1	AAG	K	GAG	E	1197
NC_045512.2	3854	A	G	42988	18250	49	14	12	32	0.000325468	43015	0.999976	FALSE	ORF1ab:cds-YP_009725295.1	AAG	K	GAG	E	1197
NC_045512.2	3854	A	C	42988	18250	49	3	3	31	6.97431e-05	43015	1	FALSE	ORF1ab:cds-YP_009724389.1	AAG	K	CAG	Q	1197
NC_045512.2	3854	A	C	42988	18250	49	3	3	31	6.97431e-05	43015	1	FALSE	ORF1ab:cds-YP_009725295.1	AAG	K	CAG	Q	1197
NC_045512.2	3855	A	T	42522	18564	48	5	5	32	0.00011755	42535	1	FALSE	ORF1ab:cds-YP_009724389.1	AAG	K	ATG	M	1197
NC_045512.2	3855	A	T	42522	18564	48	5	5	32	0.00011755	42535	1	FALSE	ORF1ab:cds-YP_009725295.1	AAG	K	ATG	M	1197
NC_045512.2	3855	A	G	42522	18564	48	6	4	32	0.00014106	42535	1	FALSE	ORF1ab:cds-YP_009724389.1	AAG	K	AGG	R	1197
NC_045512.2	3855	A	G	42522	18564	48	6	4	32	0.00014106	42535	1	FALSE	ORF1ab:cds-YP_009725295.1	AAG	K	AGG	R	1197
NC_045512.2	3855	A	C	42522	18564	48	2	2	34	4.70201e-05	42535	1	FALSE	ORF1ab:cds-YP_009724389.1	AAG	K	ACG	T	1197
NC_045512.2	3855	A	C	42522	18564	48	2	2	34	4.70201e-05	42535	1	FALSE	ORF1ab:cds-YP_009725295.1	AAG	K	ACG	T	1197
NC_045512.2	3856	G	T	42678	18341	49	5	5	34	0.000117019	42728	1	FALSE	ORF1ab:cds-YP_009724389.1	AAG	K	AAT	N	1197
NC_045512.2	3856	G	T	42678	18341	49	5	5	34	0.000117019	42728	1	FALSE	ORF1ab:cds-YP_009725295.1	AAG	K	AAT	N	1197
NC_045512.2	3856	G	C	42678	18341	49	4	4	34	9.36154e-05	42728	1	FALSE	ORF1ab:cds-YP_009724389.1	AAG	K	AAC	N	1197
NC_045512.2	3856	G	C	42678	18341	49	4	4	34	9.36154e-05	42728	1	FALSE	ORF1ab:cds-YP_009725295.1	AAG	K	AAC	N	1197
NC_045512.2	3856	G	A	42678	18341	49	41	41	34	0.000959558	42728	0.586506	FALSE	ORF1ab:cds-YP_009724389.1	AAG	K	AAA	K	1197
NC_045512.2	3856	G	A	42678	18341	49	41	41	34	0.000959558	42728	0.586506	FALSE	ORF1ab:cds-YP_009725295.1	AAG	K	AAA	K	1197
NC_045512.2	3857	C	T	42579	19425	48	6	6	34	0.000140772	42622	1	FALSE	ORF1ab:cds-YP_009724389.1	CAA	Q	TAA	*	1198
NC_045512.2	3857	C	T	42579	19425	48	6	6	34	0.000140772	42622	1	FALSE	ORF1ab:cds-YP_009725295.1	CAA	Q	TAA	*	1198
NC_045512.2	3857	C	G	42579	19425	48	13	13	32	0.000305007	42622	0.999983	FALSE	ORF1ab:cds-YP_009724389.1	CAA	Q	GAA	E	1198
NC_045512.2	3857	C	G	42579	19425	48	13	13	32	0.000305007	42622	0.999983	FALSE	ORF1ab:cds-YP_009725295.1	CAA	Q	GAA	E	1198
NC_045512.2	3857	C	A	42579	19425	48	24	24	33	0.000563089	42622	0.990651	FALSE	ORF1ab:cds-YP_009724389.1	CAA	Q	AAA	K	1198
NC_045512.2	3857	C	A	42579	19425	48	24	24	33	0.000563089	42622	0.990651	FALSE	ORF1ab:cds-YP_009725295.1	CAA	Q	AAA	K	1198
NC_045512.2	3858	A	T	42860	19419	48	6	6	32	0.000139906	42886	1	FALSE	ORF1ab:cds-YP_009724389.1	CAA	Q	CTA	L	1198
NC_045512.2	3858	A	T	42860	19419	48	6	6	32	0.000139906	42886	1	FALSE	ORF1ab:cds-YP_009725295.1	CAA	Q	CTA	L	1198
NC_045512.2	3858	A	G	42860	19419	48	5	3	47	0.000116588	42886	0.499713	FALSE	ORF1ab:cds-YP_009724389.1	CAA	Q	CGA	R	1198
NC_045512.2	3858	A	G	42860	19419	48	5	3	47	0.000116588	42886	0.499713	FALSE	ORF1ab:cds-YP_009725295.1	CAA	Q	CGA	R	1198
NC_045512.2	3858	A	C	42860	19419	48	15	15	31	0.000349764	42886	0.999923	FALSE	ORF1ab:cds-YP_009724389.1	CAA	Q	CCA	P	1198
NC_045512.2	3858	A	C	42860	19419	48	15	15	31	0.000349764	42886	0.999923	FALSE	ORF1ab:cds-YP_009725295.1	CAA	Q	CCA	P	1198
NC_045512.2	3859	A	T	42874	19521	48	5	5	34	0.000116558	42897	1	FALSE	ORF1ab:cds-YP_009724389.1	CAA	Q	CAT	H	1198
NC_045512.2	3859	A	T	42874	19521	48	5	5	34	0.000116558	42897	1	FALSE	ORF1ab:cds-YP_009725295.1	CAA	Q	CAT	H	1198
NC_045512.2	3859	A	G	42874	19521	48	14	12	38	0.000326363	42897	0.999963	FALSE	ORF1ab:cds-YP_009724389.1	CAA	Q	CAG	Q	1198
NC_045512.2	3859	A	G	42874	19521	48	14	12	38	0.000326363	42897	0.999963	FALSE	ORF1ab:cds-YP_009725295.1	CAA	Q	CAG	Q	1198
NC_045512.2	3859	A	C	42874	19521	48	4	3	32	9.32466e-05	42897	1	FALSE	ORF1ab:cds-YP_009724389.1	CAA	Q	CAC	H	1198
NC_045512.2	3859	A	C	42874	19521	48	4	3	32	9.32466e-05	42897	1	FALSE	ORF1ab:cds-YP_009725295.1	CAA	Q	CAC	H	1198
NC_045512.2	3860	G	T	42872	19691	48	11	10	33	0.000256303	42918	0.999997	FALSE	ORF1ab:cds-YP_009724389.1	GTT	V	TTT	F	1199
NC_045512.2	3860	G	T	42872	19691	48	11	10	33	0.000256303	42918	0.999997	FALSE	ORF1ab:cds-YP_009725295.1	GTT	V	TTT	F	1199
NC_045512.2	3860	G	C	42872	19691	48	14	14	31	0.000326203	42918	0.999963	FALSE	ORF1ab:cds-YP_009724389.1	GTT	V	CTT	L	1199
NC_045512.2	3860	G	C	42872	19691	48	14	14	31	0.000326203	42918	0.999963	FALSE	ORF1ab:cds-YP_009725295.1	GTT	V	CTT	L	1199
NC_045512.2	3860	G	A	42872	19691	48	21	19	35	0.000489305	42918	0.997414	FALSE	ORF1ab:cds-YP_009724389.1	GTT	V	ATT	I	1199
NC_045512.2	3860	G	A	42872	19691	48	21	19	35	0.000489305	42918	0.997414	FALSE	ORF1ab:cds-YP_009725295.1	GTT	V	ATT	I	1199
NC_045512.2	3861	T	G	42812	19920	48	24	21	31	0.000559976	42859	0.990642	FALSE	ORF1ab:cds-YP_009724389.1	GTT	V	GGT	G	1199
NC_045512.2	3861	T	G	42812	19920	48	24	21	31	0.000559976	42859	0.990642	FALSE	ORF1ab:cds-YP_009725295.1	GTT	V	GGT	G	1199
NC_045512.2	3861	T	C	42812	19920	48	8	8	33	0.000186659	42859	1	FALSE	ORF1ab:cds-YP_009724389.1	GTT	V	GCT	A	1199
NC_045512.2	3861	T	C	42812	19920	48	8	8	33	0.000186659	42859	1	FALSE	ORF1ab:cds-YP_009725295.1	GTT	V	GCT	A	1199
NC_045512.2	3861	T	A	42812	19920	48	15	15	30	0.000349985	42859	0.999923	FALSE	ORF1ab:cds-YP_009724389.1	GTT	V	GAT	D	1199
NC_045512.2	3861	T	A	42812	19920	48	15	15	30	0.000349985	42859	0.999923	FALSE	ORF1ab:cds-YP_009725295.1	GTT	V	GAT	D	1199
NC_045512.2	3862	T	G	42770	19891	49	3	3	34	7.01049e-05	42793	1	FALSE	ORF1ab:cds-YP_009724389.1	GTT	V	GTG	V	1199
NC_045512.2	3862	T	G	42770	19891	49	3	3	34	7.01049e-05	42793	1	FALSE	ORF1ab:cds-YP_009725295.1	GTT	V	GTG	V	1199
NC_045512.2	3862	T	C	42770	19891	49	4	2	40	9.34732e-05	42793	0.636495	FALSE	ORF1ab:cds-YP_009724389.1	GTT	V	GTC	V	1199
NC_045512.2	3862	T	C	42770	19891	49	4	2	40	9.34732e-05	42793	0.636495	FALSE	ORF1ab:cds-YP_009725295.1	GTT	V	GTC	V	1199
NC_045512.2	3862	T	A	42770	19891	49	16	16	33	0.000373893	42793	0.999847	FALSE	ORF1ab:cds-YP_009724389.1	GTT	V	GTA	V	1199
NC_045512.2	3862	T	A	42770	19891	49	16	16	33	0.000373893	42793	0.999847	FALSE	ORF1ab:cds-YP_009725295.1	GTT	V	GTA	V	1199
NC_045512.2	3863	G	T	44100	19982	48	25	24	34	0.000566405	44138	0.99228	FALSE	ORF1ab:cds-YP_009724389.1	GAA	E	TAA	*	1200
NC_045512.2	3863	G	T	44100	19982	48	25	24	34	0.000566405	44138	0.99228	FALSE	ORF1ab:cds-YP_009725295.1	GAA	E	TAA	*	1200
NC_045512.2	3863	G	C	44100	19982	48	9	7	33	0.000203906	44138	1	FALSE	ORF1ab:cds-YP_009724389.1	GAA	E	CAA	Q	1200
NC_045512.2	3863	G	C	44100	19982	48	9	7	33	0.000203906	44138	1	FALSE	ORF1ab:cds-YP_009725295.1	GAA	E	CAA	Q	1200
NC_045512.2	3863	G	A	44100	19982	48	4	4	32	9.06249e-05	44138	1	FALSE	ORF1ab:cds-YP_009724389.1	GAA	E	AAA	K	1200
NC_045512.2	3863	G	A	44100	19982	48	4	4	32	9.06249e-05	44138	1	FALSE	ORF1ab:cds-YP_009725295.1	GAA	E	AAA	K	1200
NC_045512.2	3863	G	-A	44100	19982	48	6	0	20	0.000135937	44138	1	FALSE	NA	NA	NA	NA	NA	NA
NC_045512.2	3863	G	+A	44100	19982	48	2	0	20	4.53124e-05	44138	1	FALSE	NA	NA	NA	NA	NA	NA
NC_045512.2	3864	A	T	44152	20118	49	21	21	33	0.000475145	44197	0.99868	FALSE	ORF1ab:cds-YP_009724389.1	GAA	E	GTA	V	1200
NC_045512.2	3864	A	T	44152	20118	49	21	21	33	0.000475145	44197	0.99868	FALSE	ORF1ab:cds-YP_009725295.1	GAA	E	GTA	V	1200
NC_045512.2	3864	A	G	44152	20118	49	19	17	33	0.000429893	44197	0.999548	FALSE	ORF1ab:cds-YP_009724389.1	GAA	E	GGA	G	1200
NC_045512.2	3864	A	G	44152	20118	49	19	17	33	0.000429893	44197	0.999548	FALSE	ORF1ab:cds-YP_009725295.1	GAA	E	GGA	G	1200
NC_045512.2	3864	A	C	44152	20118	49	5	2	29	0.00011313	44197	1	FALSE	ORF1ab:cds-YP_009724389.1	GAA	E	GCA	A	1200
NC_045512.2	3864	A	C	44152	20118	49	5	2	29	0.00011313	44197	1	FALSE	ORF1ab:cds-YP_009725295.1	GAA	E	GCA	A	1200
NC_045512.2	3865	A	T	44162	20228	49	15	15	33	0.000339466	44187	0.999967	FALSE	ORF1ab:cds-YP_009724389.1	GAA	E	GAT	D	1200
NC_045512.2	3865	A	T	44162	20228	49	15	15	33	0.000339466	44187	0.999967	FALSE	ORF1ab:cds-YP_009725295.1	GAA	E	GAT	D	1200
NC_045512.2	3865	A	G	44162	20228	49	4	4	30	9.05244e-05	44187	1	FALSE	ORF1ab:cds-YP_009724389.1	GAA	E	GAG	E	1200
NC_045512.2	3865	A	G	44162	20228	49	4	4	30	9.05244e-05	44187	1	FALSE	ORF1ab:cds-YP_009725295.1	GAA	E	GAG	E	1200
NC_045512.2	3865	A	C	44162	20228	49	6	6	31	0.000135787	44187	1	FALSE	ORF1ab:cds-YP_009724389.1	GAA	E	GAC	D	1200
NC_045512.2	3865	A	C	44162	20228	49	6	6	31	0.000135787	44187	1	FALSE	ORF1ab:cds-YP_009725295.1	GAA	E	GAC	D	1200
NC_045512.2	3865	A	+C	44162	20228	49	2	0	20	4.52622e-05	44187	1	FALSE	NA	NA	NA	NA	NA	NA
NC_045512.2	3866	C	T	44243	20233	49	9	8	33	0.000203197	44292	1	FALSE	ORF1ab:cds-YP_009724389.1	CAA	Q	TAA	*	1201
NC_045512.2	3866	C	T	44243	20233	49	9	8	33	0.000203197	44292	1	FALSE	ORF1ab:cds-YP_009725295.1	CAA	Q	TAA	*	1201
NC_045512.2	3866	C	G	44243	20233	49	11	11	34	0.000248352	44292	0.999999	FALSE	ORF1ab:cds-YP_009724389.1	CAA	Q	GAA	E	1201
NC_045512.2	3866	C	G	44243	20233	49	11	11	34	0.000248352	44292	0.999999	FALSE	ORF1ab:cds-YP_009725295.1	CAA	Q	GAA	E	1201
NC_045512.2	3866	C	A	44243	20233	49	29	27	32	0.000654746	44292	0.969742	FALSE	ORF1ab:cds-YP_009724389.1	CAA	Q	AAA	K	1201
NC_045512.2	3866	C	A	44243	20233	49	29	27	32	0.000654746	44292	0.969742	FALSE	ORF1ab:cds-YP_009725295.1	CAA	Q	AAA	K	1201
NC_045512.2	3867	A	T	43898	20019	48	7	6	32	0.000159341	43931	1	FALSE	ORF1ab:cds-YP_009724389.1	CAA	Q	CTA	L	1201
NC_045512.2	3867	A	T	43898	20019	48	7	6	32	0.000159341	43931	1	FALSE	ORF1ab:cds-YP_009725295.1	CAA	Q	CTA	L	1201
NC_045512.2	3867	A	G	43898	20019	48	9	6	35	0.000204867	43931	1	FALSE	ORF1ab:cds-YP_009724389.1	CAA	Q	CGA	R	1201
NC_045512.2	3867	A	G	43898	20019	48	9	6	35	0.000204867	43931	1	FALSE	ORF1ab:cds-YP_009725295.1	CAA	Q	CGA	R	1201
NC_045512.2	3867	A	C	43898	20019	48	17	16	33	0.00038697	43931	0.999803	FALSE	ORF1ab:cds-YP_009724389.1	CAA	Q	CCA	P	1201
NC_045512.2	3867	A	C	43898	20019	48	17	16	33	0.00038697	43931	0.999803	FALSE	ORF1ab:cds-YP_009725295.1	CAA	Q	CCA	P	1201
NC_045512.2	3868	A	T	44323	20051	49	3	3	34	6.7659e-05	44340	1	FALSE	ORF1ab:cds-YP_009724389.1	CAA	Q	CAT	H	1201
NC_045512.2	3868	A	T	44323	20051	49	3	3	34	6.7659e-05	44340	1	FALSE	ORF1ab:cds-YP_009725295.1	CAA	Q	CAT	H	1201
NC_045512.2	3868	A	G	44323	20051	49	8	4	36	0.000180424	44340	1	FALSE	ORF1ab:cds-YP_009724389.1	CAA	Q	CAG	Q	1201
NC_045512.2	3868	A	G	44323	20051	49	8	4	36	0.000180424	44340	1	FALSE	ORF1ab:cds-YP_009725295.1	CAA	Q	CAG	Q	1201
NC_045512.2	3868	A	C	44323	20051	49	6	5	32	0.000135318	44340	1	FALSE	ORF1ab:cds-YP_009724389.1	CAA	Q	CAC	H	1201
NC_045512.2	3868	A	C	44323	20051	49	6	5	32	0.000135318	44340	1	FALSE	ORF1ab:cds-YP_009725295.1	CAA	Q	CAC	H	1201
NC_045512.2	3869	A	T	43611	19937	48	7	6	34	0.0001604	43641	1	FALSE	ORF1ab:cds-YP_009724389.1	AAG	K	TAG	*	1202
NC_045512.2	3869	A	T	43611	19937	48	7	6	34	0.0001604	43641	1	FALSE	ORF1ab:cds-YP_009725295.1	AAG	K	TAG	*	1202
NC_045512.2	3869	A	G	43611	19937	48	5	3	32	0.000114571	43641	1	FALSE	ORF1ab:cds-YP_009724389.1	AAG	K	GAG	E	1202
NC_045512.2	3869	A	G	43611	19937	48	5	3	32	0.000114571	43641	1	FALSE	ORF1ab:cds-YP_009725295.1	AAG	K	GAG	E	1202
NC_045512.2	3869	A	C	43611	19937	48	18	17	32	0.000412456	43641	0.999635	FALSE	ORF1ab:cds-YP_009724389.1	AAG	K	CAG	Q	1202
NC_045512.2	3869	A	C	43611	19937	48	18	17	32	0.000412456	43641	0.999635	FALSE	ORF1ab:cds-YP_009725295.1	AAG	K	CAG	Q	1202
NC_045512.2	3870	A	T	44270	20105	49	5	4	30	0.000112892	44290	1	FALSE	ORF1ab:cds-YP_009724389.1	AAG	K	ATG	M	1202
NC_045512.2	3870	A	T	44270	20105	49	5	4	30	0.000112892	44290	1	FALSE	ORF1ab:cds-YP_009725295.1	AAG	K	ATG	M	1202
NC_045512.2	3870	A	G	44270	20105	49	11	5	37	0.000248363	44290	0.999999	FALSE	ORF1ab:cds-YP_009724389.1	AAG	K	AGG	R	1202
NC_045512.2	3870	A	G	44270	20105	49	11	5	37	0.000248363	44290	0.999999	FALSE	ORF1ab:cds-YP_009725295.1	AAG	K	AGG	R	1202
NC_045512.2	3870	A	C	44270	20105	49	4	3	42	9.03138e-05	44290	0.63654	FALSE	ORF1ab:cds-YP_009724389.1	AAG	K	ACG	T	1202
NC_045512.2	3870	A	C	44270	20105	49	4	3	42	9.03138e-05	44290	0.63654	FALSE	ORF1ab:cds-YP_009725295.1	AAG	K	ACG	T	1202
NC_045512.2	3871	G	T	44048	20147	48	7	7	32	0.000158755	44093	1	FALSE	ORF1ab:cds-YP_009724389.1	AAG	K	AAT	N	1202
NC_045512.2	3871	G	T	44048	20147	48	7	7	32	0.000158755	44093	1	FALSE	ORF1ab:cds-YP_009725295.1	AAG	K	AAT	N	1202
NC_045512.2	3871	G	C	44048	20147	48	2	2	34	4.53587e-05	44093	1	FALSE	ORF1ab:cds-YP_009724389.1	AAG	K	AAC	N	1202
NC_045512.2	3871	G	C	44048	20147	48	2	2	34	4.53587e-05	44093	1	FALSE	ORF1ab:cds-YP_009725295.1	AAG	K	AAC	N	1202
NC_045512.2	3871	G	A	44048	20147	48	36	36	32	0.000816456	44093	0.842761	FALSE	ORF1ab:cds-YP_009724389.1	AAG	K	AAA	K	1202
NC_045512.2	3871	G	A	44048	20147	48	36	36	32	0.000816456	44093	0.842761	FALSE	ORF1ab:cds-YP_009725295.1	AAG	K	AAA	K	1202
NC_045512.2	3872	A	T	41943	18851	48	7	7	28	0.000166794	41968	1	FALSE	ORF1ab:cds-YP_009724389.1	ATC	I	TTC	F	1203
NC_045512.2	3872	A	T	41943	18851	48	7	7	28	0.000166794	41968	1	FALSE	ORF1ab:cds-YP_009725295.1	ATC	I	TTC	F	1203
NC_045512.2	3872	A	G	41943	18851	48	12	11	33	0.000285932	41968	0.999989	FALSE	ORF1ab:cds-YP_009724389.1	ATC	I	GTC	V	1203
NC_045512.2	3872	A	G	41943	18851	48	12	11	33	0.000285932	41968	0.999989	FALSE	ORF1ab:cds-YP_009725295.1	ATC	I	GTC	V	1203
NC_045512.2	3872	A	C	41943	18851	48	6	2	47	0.000142966	41968	0.376682	FALSE	ORF1ab:cds-YP_009724389.1	ATC	I	CTC	L	1203
NC_045512.2	3872	A	C	41943	18851	48	6	2	47	0.000142966	41968	0.376682	FALSE	ORF1ab:cds-YP_009725295.1	ATC	I	CTC	L	1203
NC_045512.2	3873	T	G	42144	18859	49	4	3	34	9.48407e-05	42176	1	FALSE	ORF1ab:cds-YP_009724389.1	ATC	I	AGC	S	1203
NC_045512.2	3873	T	G	42144	18859	49	4	3	34	9.48407e-05	42176	1	FALSE	ORF1ab:cds-YP_009725295.1	ATC	I	AGC	S	1203
NC_045512.2	3873	T	C	42144	18859	49	4	3	49	9.48407e-05	42176	0.636375	FALSE	ORF1ab:cds-YP_009724389.1	ATC	I	ACC	T	1203
NC_045512.2	3873	T	C	42144	18859	49	4	3	49	9.48407e-05	42176	0.636375	FALSE	ORF1ab:cds-YP_009725295.1	ATC	I	ACC	T	1203
NC_045512.2	3873	T	A	42144	18859	49	24	24	32	0.000569044	42176	0.990677	FALSE	ORF1ab:cds-YP_009724389.1	ATC	I	AAC	N	1203
NC_045512.2	3873	T	A	42144	18859	49	24	24	32	0.000569044	42176	0.990677	FALSE	ORF1ab:cds-YP_009725295.1	ATC	I	AAC	N	1203
NC_045512.2	3874	C	T	41938	18969	48	19	19	34	0.00045265	41975	0.998663	FALSE	ORF1ab:cds-YP_009724389.1	ATC	I	ATT	I	1203
NC_045512.2	3874	C	T	41938	18969	48	19	19	34	0.00045265	41975	0.998663	FALSE	ORF1ab:cds-YP_009725295.1	ATC	I	ATT	I	1203
NC_045512.2	3874	C	G	41938	18969	48	11	11	33	0.000262061	41975	0.999995	FALSE	ORF1ab:cds-YP_009724389.1	ATC	I	ATG	M	1203
NC_045512.2	3874	C	G	41938	18969	48	11	11	33	0.000262061	41975	0.999995	FALSE	ORF1ab:cds-YP_009725295.1	ATC	I	ATG	M	1203
NC_045512.2	3874	C	A	41938	18969	48	7	6	37	0.000166766	41975	1	FALSE	ORF1ab:cds-YP_009724389.1	ATC	I	ATA	I	1203
NC_045512.2	3874	C	A	41938	18969	48	7	6	37	0.000166766	41975	1	FALSE	ORF1ab:cds-YP_009725295.1	ATC	I	ATA	I	1203
NC_045512.2	3875	G	T	41730	18827	48	7	7	32	0.000167592	41768	1	FALSE	ORF1ab:cds-YP_009724389.1	GCT	A	TCT	S	1204
NC_045512.2	3875	G	T	41730	18827	48	7	7	32	0.000167592	41768	1	FALSE	ORF1ab:cds-YP_009725295.1	GCT	A	TCT	S	1204
NC_045512.2	3875	G	C	41730	18827	48	13	13	31	0.000311243	41768	0.999974	FALSE	ORF1ab:cds-YP_009724389.1	GCT	A	CCT	P	1204
NC_045512.2	3875	G	C	41730	18827	48	13	13	31	0.000311243	41768	0.999974	FALSE	ORF1ab:cds-YP_009725295.1	GCT	A	CCT	P	1204
NC_045512.2	3875	G	A	41730	18827	48	18	17	32	0.000430952	41768	0.999225	FALSE	ORF1ab:cds-YP_009724389.1	GCT	A	ACT	T	1204
NC_045512.2	3875	G	A	41730	18827	48	18	17	32	0.000430952	41768	0.999225	FALSE	ORF1ab:cds-YP_009725295.1	GCT	A	ACT	T	1204
NC_045512.2	3876	C	T	41943	18993	48	12	12	33	0.000285912	41971	0.999989	FALSE	ORF1ab:cds-YP_009724389.1	GCT	A	GTT	V	1204
NC_045512.2	3876	C	T	41943	18993	48	12	12	33	0.000285912	41971	0.999989	FALSE	ORF1ab:cds-YP_009725295.1	GCT	A	GTT	V	1204
NC_045512.2	3876	C	G	41943	18993	48	11	11	34	0.000262086	41971	0.999995	FALSE	ORF1ab:cds-YP_009724389.1	GCT	A	GGT	G	1204
NC_045512.2	3876	C	G	41943	18993	48	11	11	34	0.000262086	41971	0.999995	FALSE	ORF1ab:cds-YP_009725295.1	GCT	A	GGT	G	1204
NC_045512.2	3876	C	A	41943	18993	48	5	5	30	0.00011913	41971	1	FALSE	ORF1ab:cds-YP_009724389.1	GCT	A	GAT	D	1204
NC_045512.2	3876	C	A	41943	18993	48	5	5	30	0.00011913	41971	1	FALSE	ORF1ab:cds-YP_009725295.1	GCT	A	GAT	D	1204
NC_045512.2	3877	T	G	41830	18813	48	5	5	32	0.00011944	41862	1	FALSE	ORF1ab:cds-YP_009724389.1	GCT	A	GCG	A	1204
NC_045512.2	3877	T	G	41830	18813	48	5	5	32	0.00011944	41862	1	FALSE	ORF1ab:cds-YP_009725295.1	GCT	A	GCG	A	1204
NC_045512.2	3877	T	C	41830	18813	48	24	21	38	0.000573312	41862	0.9876	FALSE	ORF1ab:cds-YP_009724389.1	GCT	A	GCC	A	1204
NC_045512.2	3877	T	C	41830	18813	48	24	21	38	0.000573312	41862	0.9876	FALSE	ORF1ab:cds-YP_009725295.1	GCT	A	GCC	A	1204
NC_045512.2	3877	T	A	41830	18813	48	3	3	31	7.1664e-05	41862	1	FALSE	ORF1ab:cds-YP_009724389.1	GCT	A	GCA	A	1204
NC_045512.2	3877	T	A	41830	18813	48	3	3	31	7.1664e-05	41862	1	FALSE	ORF1ab:cds-YP_009725295.1	GCT	A	GCA	A	1204
NC_045512.2	3878	G	T	41902	18905	48	12	12	33	0.000286253	41921	0.999989	FALSE	ORF1ab:cds-YP_009724389.1	GAG	E	TAG	*	1205
NC_045512.2	3878	G	T	41902	18905	48	12	12	33	0.000286253	41921	0.999989	FALSE	ORF1ab:cds-YP_009725295.1	GAG	E	TAG	*	1205
NC_045512.2	3878	G	C	41902	18905	48	5	5	32	0.000119272	41921	1	FALSE	ORF1ab:cds-YP_009724389.1	GAG	E	CAG	Q	1205
NC_045512.2	3878	G	C	41902	18905	48	5	5	32	0.000119272	41921	1	FALSE	ORF1ab:cds-YP_009725295.1	GAG	E	CAG	Q	1205
NC_045512.2	3878	G	A	41902	18905	48	2	2	30	4.77088e-05	41921	1	FALSE	ORF1ab:cds-YP_009724389.1	GAG	E	AAG	K	1205
NC_045512.2	3878	G	A	41902	18905	48	2	2	30	4.77088e-05	41921	1	FALSE	ORF1ab:cds-YP_009725295.1	GAG	E	AAG	K	1205
NC_045512.2	3878	G	-A	41902	18905	48	1	0	20	2.38544e-05	41921	1	FALSE	NA	NA	NA	NA	NA	NA
NC_045512.2	3879	A	T	42031	19057	49	4	4	32	9.51113e-05	42056	1	FALSE	ORF1ab:cds-YP_009724389.1	GAG	E	GTG	V	1205
NC_045512.2	3879	A	T	42031	19057	49	4	4	32	9.51113e-05	42056	1	FALSE	ORF1ab:cds-YP_009725295.1	GAG	E	GTG	V	1205
NC_045512.2	3879	A	G	42031	19057	49	12	12	31	0.000285334	42056	0.999993	FALSE	ORF1ab:cds-YP_009724389.1	GAG	E	GGG	G	1205
NC_045512.2	3879	A	G	42031	19057	49	12	12	31	0.000285334	42056	0.999993	FALSE	ORF1ab:cds-YP_009725295.1	GAG	E	GGG	G	1205
NC_045512.2	3879	A	C	42031	19057	49	9	9	32	0.000214	42056	1	FALSE	ORF1ab:cds-YP_009724389.1	GAG	E	GCG	A	1205
NC_045512.2	3879	A	C	42031	19057	49	9	9	32	0.000214	42056	1	FALSE	ORF1ab:cds-YP_009725295.1	GAG	E	GCG	A	1205
NC_045512.2	3880	G	T	42357	19311	48	11	11	34	0.000259514	42387	0.999997	FALSE	ORF1ab:cds-YP_009724389.1	GAG	E	GAT	D	1205
NC_045512.2	3880	G	T	42357	19311	48	11	11	34	0.000259514	42387	0.999997	FALSE	ORF1ab:cds-YP_009725295.1	GAG	E	GAT	D	1205
NC_045512.2	3880	G	C	42357	19311	48	3	3	28	7.07764e-05	42387	1	FALSE	ORF1ab:cds-YP_009724389.1	GAG	E	GAC	D	1205
NC_045512.2	3880	G	C	42357	19311	48	3	3	28	7.07764e-05	42387	1	FALSE	ORF1ab:cds-YP_009725295.1	GAG	E	GAC	D	1205
NC_045512.2	3880	G	A	42357	19311	48	16	16	32	0.000377474	42387	0.999847	FALSE	ORF1ab:cds-YP_009724389.1	GAG	E	GAA	E	1205
NC_045512.2	3880	G	A	42357	19311	48	16	16	32	0.000377474	42387	0.999847	FALSE	ORF1ab:cds-YP_009725295.1	GAG	E	GAA	E	1205
NC_045512.2	3881	A	T	40040	19441	45	6	6	31	0.00014973	40072	1	FALSE	ORF1ab:cds-YP_009724389.1	ATT	I	TTT	F	1206
NC_045512.2	3881	A	T	40040	19441	45	6	6	31	0.00014973	40072	1	FALSE	ORF1ab:cds-YP_009725295.1	ATT	I	TTT	F	1206
NC_045512.2	3881	A	G	40040	19441	45	24	22	34	0.000598922	40072	0.983623	FALSE	ORF1ab:cds-YP_009724389.1	ATT	I	GTT	V	1206
NC_045512.2	3881	A	G	40040	19441	45	24	22	34	0.000598922	40072	0.983623	FALSE	ORF1ab:cds-YP_009725295.1	ATT	I	GTT	V	1206
NC_045512.2	3881	A	C	40040	19441	45	2	2	30	4.99102e-05	40072	1	FALSE	ORF1ab:cds-YP_009724389.1	ATT	I	CTT	L	1206
NC_045512.2	3881	A	C	40040	19441	45	2	2	30	4.99102e-05	40072	1	FALSE	ORF1ab:cds-YP_009725295.1	ATT	I	CTT	L	1206
NC_045512.2	3882	T	G	43017	19505	48	2	2	30	4.64641e-05	43044	1	FALSE	ORF1ab:cds-YP_009724389.1	ATT	I	AGT	S	1206
NC_045512.2	3882	T	G	43017	19505	48	2	2	30	4.64641e-05	43044	1	FALSE	ORF1ab:cds-YP_009725295.1	ATT	I	AGT	S	1206
NC_045512.2	3882	T	C	43017	19505	48	4	3	50	9.29282e-05	43044	0.0624318	FALSE	ORF1ab:cds-YP_009724389.1	ATT	I	ACT	T	1206
NC_045512.2	3882	T	C	43017	19505	48	4	3	50	9.29282e-05	43044	0.0624318	FALSE	ORF1ab:cds-YP_009725295.1	ATT	I	ACT	T	1206
NC_045512.2	3882	T	A	43017	19505	48	21	21	32	0.000487873	43044	0.998159	FALSE	ORF1ab:cds-YP_009724389.1	ATT	I	AAT	N	1206
NC_045512.2	3882	T	A	43017	19505	48	21	21	32	0.000487873	43044	0.998159	FALSE	ORF1ab:cds-YP_009725295.1	ATT	I	AAT	N	1206
NC_045512.2	3883	T	G	42819	19494	48	13	12	31	0.000303469	42838	0.999984	FALSE	ORF1ab:cds-YP_009724389.1	ATT	I	ATG	M	1206
NC_045512.2	3883	T	G	42819	19494	48	13	12	31	0.000303469	42838	0.999984	FALSE	ORF1ab:cds-YP_009725295.1	ATT	I	ATG	M	1206
NC_045512.2	3883	T	C	42819	19494	48	3	3	30	7.00313e-05	42838	1	FALSE	ORF1ab:cds-YP_009724389.1	ATT	I	ATC	I	1206
NC_045512.2	3883	T	C	42819	19494	48	3	3	30	7.00313e-05	42838	1	FALSE	ORF1ab:cds-YP_009725295.1	ATT	I	ATC	I	1206
NC_045512.2	3883	T	A	42819	19494	48	3	3	31	7.00313e-05	42838	1	FALSE	ORF1ab:cds-YP_009724389.1	ATT	I	ATA	I	1206
NC_045512.2	3883	T	A	42819	19494	48	3	3	31	7.00313e-05	42838	1	FALSE	ORF1ab:cds-YP_009725295.1	ATT	I	ATA	I	1206
NC_045512.2	3884	C	T	43152	19693	48	20	20	32	0.000463124	43185	0.998886	FALSE	ORF1ab:cds-YP_009724389.1	CCT	P	TCT	S	1207
NC_045512.2	3884	C	T	43152	19693	48	20	20	32	0.000463124	43185	0.998886	FALSE	ORF1ab:cds-YP_009725295.1	CCT	P	TCT	S	1207
NC_045512.2	3884	C	G	43152	19693	48	3	2	31	6.94686e-05	43185	1	FALSE	ORF1ab:cds-YP_009724389.1	CCT	P	GCT	A	1207
NC_045512.2	3884	C	G	43152	19693	48	3	2	31	6.94686e-05	43185	1	FALSE	ORF1ab:cds-YP_009725295.1	CCT	P	GCT	A	1207
NC_045512.2	3884	C	A	43152	19693	48	10	10	34	0.000231562	43185	0.999999	FALSE	ORF1ab:cds-YP_009724389.1	CCT	P	ACT	T	1207
NC_045512.2	3884	C	A	43152	19693	48	10	10	34	0.000231562	43185	0.999999	FALSE	ORF1ab:cds-YP_009725295.1	CCT	P	ACT	T	1207
NC_045512.2	3885	C	T	42685	21415	46	16	16	33	0.000374646	42707	0.999847	FALSE	ORF1ab:cds-YP_009724389.1	CCT	P	CTT	L	1207
NC_045512.2	3885	C	T	42685	21415	46	16	16	33	0.000374646	42707	0.999847	FALSE	ORF1ab:cds-YP_009725295.1	CCT	P	CTT	L	1207
NC_045512.2	3885	C	G	42685	21415	46	1	1	34	2.34154e-05	42707	1	FALSE	ORF1ab:cds-YP_009724389.1	CCT	P	CGT	R	1207
NC_045512.2	3885	C	G	42685	21415	46	1	1	34	2.34154e-05	42707	1	FALSE	ORF1ab:cds-YP_009725295.1	CCT	P	CGT	R	1207
NC_045512.2	3885	C	A	42685	21415	46	5	3	30	0.000117077	42707	1	FALSE	ORF1ab:cds-YP_009724389.1	CCT	P	CAT	H	1207
NC_045512.2	3885	C	A	42685	21415	46	5	3	30	0.000117077	42707	1	FALSE	ORF1ab:cds-YP_009725295.1	CCT	P	CAT	H	1207
NC_045512.2	3886	T	G	42973	21520	47	2	2	30	4.65192e-05	42993	1	FALSE	ORF1ab:cds-YP_009724389.1	CCT	P	CCG	P	1207
NC_045512.2	3886	T	G	42973	21520	47	2	2	30	4.65192e-05	42993	1	FALSE	ORF1ab:cds-YP_009725295.1	CCT	P	CCG	P	1207
NC_045512.2	3886	T	C	42973	21520	47	15	15	32	0.000348894	42993	0.999923	FALSE	ORF1ab:cds-YP_009724389.1	CCT	P	CCC	P	1207
NC_045512.2	3886	T	C	42973	21520	47	15	15	32	0.000348894	42993	0.999923	FALSE	ORF1ab:cds-YP_009725295.1	CCT	P	CCC	P	1207
NC_045512.2	3886	T	A	42973	21520	47	3	2	34	6.97788e-05	42993	1	FALSE	ORF1ab:cds-YP_009724389.1	CCT	P	CCA	P	1207
NC_045512.2	3886	T	A	42973	21520	47	3	2	34	6.97788e-05	42993	1	FALSE	ORF1ab:cds-YP_009725295.1	CCT	P	CCA	P	1207
NC_045512.2	3887	A	T	42809	21469	47	16	16	33	0.000373483	42840	0.999847	FALSE	ORF1ab:cds-YP_009724389.1	AAA	K	TAA	*	1208
NC_045512.2	3887	A	T	42809	21469	47	16	16	33	0.000373483	42840	0.999847	FALSE	ORF1ab:cds-YP_009725295.1	AAA	K	TAA	*	1208
NC_045512.2	3887	A	G	42809	21469	47	2	2	51	4.66853e-05	42840	0.249834	FALSE	ORF1ab:cds-YP_009724389.1	AAA	K	GAA	E	1208
NC_045512.2	3887	A	G	42809	21469	47	2	2	51	4.66853e-05	42840	0.249834	FALSE	ORF1ab:cds-YP_009725295.1	AAA	K	GAA	E	1208
NC_045512.2	3887	A	C	42809	21469	47	13	12	32	0.000303455	42840	0.999983	FALSE	ORF1ab:cds-YP_009724389.1	AAA	K	CAA	Q	1208
NC_045512.2	3887	A	C	42809	21469	47	13	12	32	0.000303455	42840	0.999983	FALSE	ORF1ab:cds-YP_009725295.1	AAA	K	CAA	Q	1208
NC_045512.2	3888	A	T	42159	21378	46	4	4	32	9.48227e-05	42184	1	FALSE	ORF1ab:cds-YP_009724389.1	AAA	K	ATA	I	1208
NC_045512.2	3888	A	T	42159	21378	46	4	4	32	9.48227e-05	42184	1	FALSE	ORF1ab:cds-YP_009725295.1	AAA	K	ATA	I	1208
NC_045512.2	3888	A	G	42159	21378	46	9	6	35	0.000213351	42184	1	FALSE	ORF1ab:cds-YP_009724389.1	AAA	K	AGA	R	1208
NC_045512.2	3888	A	G	42159	21378	46	9	6	35	0.000213351	42184	1	FALSE	ORF1ab:cds-YP_009725295.1	AAA	K	AGA	R	1208
NC_045512.2	3888	A	C	42159	21378	46	12	12	32	0.000284468	42184	0.999993	FALSE	ORF1ab:cds-YP_009724389.1	AAA	K	ACA	T	1208
NC_045512.2	3888	A	C	42159	21378	46	12	12	32	0.000284468	42184	0.999993	FALSE	ORF1ab:cds-YP_009725295.1	AAA	K	ACA	T	1208
NC_045512.2	3889	A	T	41647	21220	45	15	15	34	0.00035998	41669	0.999883	FALSE	ORF1ab:cds-YP_009724389.1	AAA	K	AAT	N	1208
NC_045512.2	3889	A	T	41647	21220	45	15	15	34	0.00035998	41669	0.999883	FALSE	ORF1ab:cds-YP_009725295.1	AAA	K	AAT	N	1208
NC_045512.2	3889	A	G	41647	21220	45	6	4	38	0.000143992	41669	1	FALSE	ORF1ab:cds-YP_009724389.1	AAA	K	AAG	K	1208
NC_045512.2	3889	A	G	41647	21220	45	6	4	38	0.000143992	41669	1	FALSE	ORF1ab:cds-YP_009725295.1	AAA	K	AAG	K	1208
NC_045512.2	3889	A	C	41647	21220	45	1	1	34	2.39987e-05	41669	1	FALSE	ORF1ab:cds-YP_009724389.1	AAA	K	AAC	N	1208
NC_045512.2	3889	A	C	41647	21220	45	1	1	34	2.39987e-05	41669	1	FALSE	ORF1ab:cds-YP_009725295.1	AAA	K	AAC	N	1208
NC_045512.2	3890	G	T	43021	21451	46	2	2	34	4.64565e-05	43051	1	FALSE	ORF1ab:cds-YP_009724389.1	GAG	E	TAG	*	1209
NC_045512.2	3890	G	T	43021	21451	46	2	2	34	4.64565e-05	43051	1	FALSE	ORF1ab:cds-YP_009725295.1	GAG	E	TAG	*	1209
NC_045512.2	3890	G	C	43021	21451	46	2	2	26	4.64565e-05	43051	1	FALSE	ORF1ab:cds-YP_009724389.1	GAG	E	CAG	Q	1209
NC_045512.2	3890	G	C	43021	21451	46	2	2	26	4.64565e-05	43051	1	FALSE	ORF1ab:cds-YP_009725295.1	GAG	E	CAG	Q	1209
NC_045512.2	3890	G	A	43021	21451	46	26	26	32	0.000603935	43051	0.985275	FALSE	ORF1ab:cds-YP_009724389.1	GAG	E	AAG	K	1209
NC_045512.2	3890	G	A	43021	21451	46	26	26	32	0.000603935	43051	0.985275	FALSE	ORF1ab:cds-YP_009725295.1	GAG	E	AAG	K	1209
NC_045512.2	3891	A	T	42039	21368	46	2	2	30	4.755e-05	42061	1	FALSE	ORF1ab:cds-YP_009724389.1	GAG	E	GTG	V	1209
NC_045512.2	3891	A	T	42039	21368	46	2	2	30	4.755e-05	42061	1	FALSE	ORF1ab:cds-YP_009725295.1	GAG	E	GTG	V	1209
NC_045512.2	3891	A	G	42039	21368	46	14	12	33	0.00033285	42061	0.999963	FALSE	ORF1ab:cds-YP_009724389.1	GAG	E	GGG	G	1209
NC_045512.2	3891	A	G	42039	21368	46	14	12	33	0.00033285	42061	0.999963	FALSE	ORF1ab:cds-YP_009725295.1	GAG	E	GGG	G	1209
NC_045512.2	3891	A	C	42039	21368	46	6	1	30	0.00014265	42061	1	FALSE	ORF1ab:cds-YP_009724389.1	GAG	E	GCG	A	1209
NC_045512.2	3891	A	C	42039	21368	46	6	1	30	0.00014265	42061	1	FALSE	ORF1ab:cds-YP_009725295.1	GAG	E	GCG	A	1209
NC_045512.2	3892	G	T	42219	21209	46	6	4	31	0.000142008	42251	1	FALSE	ORF1ab:cds-YP_009724389.1	GAG	E	GAT	D	1209
NC_045512.2	3892	G	T	42219	21209	46	6	4	31	0.000142008	42251	1	FALSE	ORF1ab:cds-YP_009725295.1	GAG	E	GAT	D	1209
NC_045512.2	3892	G	C	42219	21209	46	1	1	27	2.36681e-05	42251	1	FALSE	ORF1ab:cds-YP_009724389.1	GAG	E	GAC	D	1209
NC_045512.2	3892	G	C	42219	21209	46	1	1	27	2.36681e-05	42251	1	FALSE	ORF1ab:cds-YP_009725295.1	GAG	E	GAC	D	1209
NC_045512.2	3892	G	A	42219	21209	46	25	25	33	0.000591702	42251	0.98645	FALSE	ORF1ab:cds-YP_009724389.1	GAG	E	GAA	E	1209
NC_045512.2	3892	G	A	42219	21209	46	25	25	33	0.000591702	42251	0.98645	FALSE	ORF1ab:cds-YP_009725295.1	GAG	E	GAA	E	1209
NC_045512.2	3893	G	T	41570	20877	46	5	5	32	0.000120244	41582	1	FALSE	ORF1ab:cds-YP_009724389.1	GAA	E	TAA	*	1210
NC_045512.2	3893	G	T	41570	20877	46	5	5	32	0.000120244	41582	1	FALSE	ORF1ab:cds-YP_009725295.1	GAA	E	TAA	*	1210
NC_045512.2	3893	G	C	41570	20877	46	3	3	31	7.21466e-05	41582	1	FALSE	ORF1ab:cds-YP_009724389.1	GAA	E	CAA	Q	1210
NC_045512.2	3893	G	C	41570	20877	46	3	3	31	7.21466e-05	41582	1	FALSE	ORF1ab:cds-YP_009725295.1	GAA	E	CAA	Q	1210
NC_045512.2	3893	G	A	41570	20877	46	4	4	34	9.61955e-05	41582	1	FALSE	ORF1ab:cds-YP_009724389.1	GAA	E	AAA	K	1210
NC_045512.2	3893	G	A	41570	20877	46	4	4	34	9.61955e-05	41582	1	FALSE	ORF1ab:cds-YP_009725295.1	GAA	E	AAA	K	1210
NC_045512.2	3894	A	T	42062	20931	46	2	2	30	4.75229e-05	42085	1	FALSE	ORF1ab:cds-YP_009724389.1	GAA	E	GTA	V	1210
NC_045512.2	3894	A	T	42062	20931	46	2	2	30	4.75229e-05	42085	1	FALSE	ORF1ab:cds-YP_009725295.1	GAA	E	GTA	V	1210
NC_045512.2	3894	A	G	42062	20931	46	21	18	36	0.00049899	42085	0.997431	FALSE	ORF1ab:cds-YP_009724389.1	GAA	E	GGA	G	1210
NC_045512.2	3894	A	G	42062	20931	46	21	18	36	0.00049899	42085	0.997431	FALSE	ORF1ab:cds-YP_009725295.1	GAA	E	GGA	G	1210
NC_045512.2	3895	A	T	42548	21088	46	3	3	31	7.04722e-05	42570	1	FALSE	ORF1ab:cds-YP_009724389.1	GAA	E	GAT	D	1210
NC_045512.2	3895	A	T	42548	21088	46	3	3	31	7.04722e-05	42570	1	FALSE	ORF1ab:cds-YP_009725295.1	GAA	E	GAT	D	1210
NC_045512.2	3895	A	G	42548	21088	46	16	10	37	0.000375852	42570	0.999847	FALSE	ORF1ab:cds-YP_009724389.1	GAA	E	GAG	E	1210
NC_045512.2	3895	A	G	42548	21088	46	16	10	37	0.000375852	42570	0.999847	FALSE	ORF1ab:cds-YP_009725295.1	GAA	E	GAG	E	1210
NC_045512.2	3895	A	C	42548	21088	46	3	1	26	7.04722e-05	42570	1	FALSE	ORF1ab:cds-YP_009724389.1	GAA	E	GAC	D	1210
NC_045512.2	3895	A	C	42548	21088	46	3	1	26	7.04722e-05	42570	1	FALSE	ORF1ab:cds-YP_009725295.1	GAA	E	GAC	D	1210
NC_045512.2	3896	G	T	43192	21222	46	4	4	32	9.25583e-05	43216	1	FALSE	ORF1ab:cds-YP_009724389.1	GTT	V	TTT	F	1211
NC_045512.2	3896	G	T	43192	21222	46	4	4	32	9.25583e-05	43216	1	FALSE	ORF1ab:cds-YP_009725295.1	GTT	V	TTT	F	1211
NC_045512.2	3896	G	C	43192	21222	46	3	2	29	6.94187e-05	43216	1	FALSE	ORF1ab:cds-YP_009724389.1	GTT	V	CTT	L	1211
NC_045512.2	3896	G	C	43192	21222	46	3	2	29	6.94187e-05	43216	1	FALSE	ORF1ab:cds-YP_009725295.1	GTT	V	CTT	L	1211
NC_045512.2	3896	G	A	43192	21222	46	17	16	32	0.000393373	43216	0.999803	FALSE	ORF1ab:cds-YP_009724389.1	GTT	V	ATT	I	1211
NC_045512.2	3896	G	A	43192	21222	46	17	16	32	0.000393373	43216	0.999803	FALSE	ORF1ab:cds-YP_009725295.1	GTT	V	ATT	I	1211
NC_045512.2	3897	T	G	43258	21776	46	17	15	32	0.000392646	43296	0.999803	FALSE	ORF1ab:cds-YP_009724389.1	GTT	V	GGT	G	1211
NC_045512.2	3897	T	G	43258	21776	46	17	15	32	0.000392646	43296	0.999803	FALSE	ORF1ab:cds-YP_009725295.1	GTT	V	GGT	G	1211
NC_045512.2	3897	T	C	43258	21776	46	4	3	40	9.23873e-05	43296	0.636308	FALSE	ORF1ab:cds-YP_009724389.1	GTT	V	GCT	A	1211
NC_045512.2	3897	T	C	43258	21776	46	4	3	40	9.23873e-05	43296	0.636308	FALSE	ORF1ab:cds-YP_009725295.1	GTT	V	GCT	A	1211
NC_045512.2	3897	T	A	43258	21776	46	17	17	33	0.000392646	43296	0.999803	FALSE	ORF1ab:cds-YP_009724389.1	GTT	V	GAT	D	1211
NC_045512.2	3897	T	A	43258	21776	46	17	17	33	0.000392646	43296	0.999803	FALSE	ORF1ab:cds-YP_009725295.1	GTT	V	GAT	D	1211
NC_045512.2	3898	T	G	42809	22798	45	7	5	31	0.000163437	42830	1	FALSE	ORF1ab:cds-YP_009724389.1	GTT	V	GTG	V	1211
NC_045512.2	3898	T	G	42809	22798	45	7	5	31	0.000163437	42830	1	FALSE	ORF1ab:cds-YP_009725295.1	GTT	V	GTG	V	1211
NC_045512.2	3898	T	C	42809	22798	45	1	1	34	2.33481e-05	42830	1	FALSE	ORF1ab:cds-YP_009724389.1	GTT	V	GTC	V	1211
NC_045512.2	3898	T	C	42809	22798	45	1	1	34	2.33481e-05	42830	1	FALSE	ORF1ab:cds-YP_009725295.1	GTT	V	GTC	V	1211
NC_045512.2	3898	T	A	42809	22798	45	13	13	32	0.000303526	42830	0.999984	FALSE	ORF1ab:cds-YP_009724389.1	GTT	V	GTA	V	1211
NC_045512.2	3898	T	A	42809	22798	45	13	13	32	0.000303526	42830	0.999984	FALSE	ORF1ab:cds-YP_009725295.1	GTT	V	GTA	V	1211
NC_045512.2	3898	T	-A	42809	22798	45	1	0	20	2.33481e-05	42830	1	FALSE	NA	NA	NA	NA	NA	NA
NC_045512.2	3899	A	T	41789	22051	45	17	17	34	0.000406485	41822	0.999569	FALSE	ORF1ab:cds-YP_009724389.1	AAG	K	TAG	*	1212
NC_045512.2	3899	A	T	41789	22051	45	17	17	34	0.000406485	41822	0.999569	FALSE	ORF1ab:cds-YP_009725295.1	AAG	K	TAG	*	1212
NC_045512.2	3899	A	G	41789	22051	45	16	12	35	0.000382574	41822	0.99977	FALSE	ORF1ab:cds-YP_009724389.1	AAG	K	GAG	E	1212
NC_045512.2	3899	A	G	41789	22051	45	16	12	35	0.000382574	41822	0.99977	FALSE	ORF1ab:cds-YP_009725295.1	AAG	K	GAG	E	1212
NC_045512.2	3900	A	T	41825	22193	45	15	15	32	0.000358449	41847	0.999883	FALSE	ORF1ab:cds-YP_009724389.1	AAG	K	ATG	M	1212
NC_045512.2	3900	A	T	41825	22193	45	15	15	32	0.000358449	41847	0.999883	FALSE	ORF1ab:cds-YP_009725295.1	AAG	K	ATG	M	1212
NC_045512.2	3900	A	G	41825	22193	45	6	3	43	0.000143379	41847	0.376725	FALSE	ORF1ab:cds-YP_009724389.1	AAG	K	AGG	R	1212
NC_045512.2	3900	A	G	41825	22193	45	6	3	43	0.000143379	41847	0.376725	FALSE	ORF1ab:cds-YP_009725295.1	AAG	K	AGG	R	1212
NC_045512.2	3900	A	C	41825	22193	45	1	0	26	2.38966e-05	41847	1	FALSE	ORF1ab:cds-YP_009724389.1	AAG	K	ACG	T	1212
NC_045512.2	3900	A	C	41825	22193	45	1	0	26	2.38966e-05	41847	1	FALSE	ORF1ab:cds-YP_009725295.1	AAG	K	ACG	T	1212
NC_045512.2	3901	G	T	42071	22041	45	13	13	32	0.00030873	42108	0.999983	FALSE	ORF1ab:cds-YP_009724389.1	AAG	K	AAT	N	1212
NC_045512.2	3901	G	T	42071	22041	45	13	13	32	0.00030873	42108	0.999983	FALSE	ORF1ab:cds-YP_009725295.1	AAG	K	AAT	N	1212
NC_045512.2	3901	G	C	42071	22041	45	3	3	28	7.12454e-05	42108	1	FALSE	ORF1ab:cds-YP_009724389.1	AAG	K	AAC	N	1212
NC_045512.2	3901	G	C	42071	22041	45	3	3	28	7.12454e-05	42108	1	FALSE	ORF1ab:cds-YP_009725295.1	AAG	K	AAC	N	1212
NC_045512.2	3901	G	A	42071	22041	45	21	21	33	0.000498718	42108	0.997421	FALSE	ORF1ab:cds-YP_009724389.1	AAG	K	AAA	K	1212
NC_045512.2	3901	G	A	42071	22041	45	21	21	33	0.000498718	42108	0.997421	FALSE	ORF1ab:cds-YP_009725295.1	AAG	K	AAA	K	1212
NC_045512.2	3902	C	T	41886	21984	45	4	3	32	9.54016e-05	41928	1	FALSE	ORF1ab:cds-YP_009724389.1	CCA	P	TCA	S	1213
NC_045512.2	3902	C	T	41886	21984	45	4	3	32	9.54016e-05	41928	1	FALSE	ORF1ab:cds-YP_009725295.1	CCA	P	TCA	S	1213
NC_045512.2	3902	C	G	41886	21984	45	16	16	32	0.000381607	41928	0.999769	FALSE	ORF1ab:cds-YP_009724389.1	CCA	P	GCA	A	1213
NC_045512.2	3902	C	G	41886	21984	45	16	16	32	0.000381607	41928	0.999769	FALSE	ORF1ab:cds-YP_009725295.1	CCA	P	GCA	A	1213
NC_045512.2	3902	C	A	41886	21984	45	22	19	33	0.000524709	41928	0.994416	FALSE	ORF1ab:cds-YP_009724389.1	CCA	P	ACA	T	1213
NC_045512.2	3902	C	A	41886	21984	45	22	19	33	0.000524709	41928	0.994416	FALSE	ORF1ab:cds-YP_009725295.1	CCA	P	ACA	T	1213
NC_045512.2	3903	C	G	41466	21755	45	5	5	32	0.00012052	41487	1	FALSE	ORF1ab:cds-YP_009724389.1	CCA	P	CGA	R	1213
NC_045512.2	3903	C	G	41466	21755	45	5	5	32	0.00012052	41487	1	FALSE	ORF1ab:cds-YP_009725295.1	CCA	P	CGA	R	1213
NC_045512.2	3903	C	A	41466	21755	45	16	16	33	0.000385663	41487	0.999771	FALSE	ORF1ab:cds-YP_009724389.1	CCA	P	CAA	Q	1213
NC_045512.2	3903	C	A	41466	21755	45	16	16	33	0.000385663	41487	0.999771	FALSE	ORF1ab:cds-YP_009725295.1	CCA	P	CAA	Q	1213
NC_045512.2	3904	A	T	43128	21362	45	2	2	34	4.63424e-05	43157	1	FALSE	ORF1ab:cds-YP_009724389.1	CCA	P	CCT	P	1213
NC_045512.2	3904	A	T	43128	21362	45	2	2	34	4.63424e-05	43157	1	FALSE	ORF1ab:cds-YP_009725295.1	CCA	P	CCT	P	1213
NC_045512.2	3904	A	G	43128	21362	45	11	11	33	0.000254883	43157	0.999998	FALSE	ORF1ab:cds-YP_009724389.1	CCA	P	CCG	P	1213
NC_045512.2	3904	A	G	43128	21362	45	11	11	33	0.000254883	43157	0.999998	FALSE	ORF1ab:cds-YP_009725295.1	CCA	P	CCG	P	1213
NC_045512.2	3904	A	C	43128	21362	45	16	16	32	0.000370739	43157	0.999898	FALSE	ORF1ab:cds-YP_009724389.1	CCA	P	CCC	P	1213
NC_045512.2	3904	A	C	43128	21362	45	16	16	32	0.000370739	43157	0.999898	FALSE	ORF1ab:cds-YP_009725295.1	CCA	P	CCC	P	1213
NC_045512.2	3905	T	G	42260	20902	45	5	2	30	0.000118206	42299	1	FALSE	ORF1ab:cds-YP_009724389.1	TTT	F	GTT	V	1214
NC_045512.2	3905	T	G	42260	20902	45	5	2	30	0.000118206	42299	1	FALSE	ORF1ab:cds-YP_009725295.1	TTT	F	GTT	V	1214
NC_045512.2	3905	T	C	42260	20902	45	13	12	30	0.000307336	42299	0.999983	FALSE	ORF1ab:cds-YP_009724389.1	TTT	F	CTT	L	1214
NC_045512.2	3905	T	C	42260	20902	45	13	12	30	0.000307336	42299	0.999983	FALSE	ORF1ab:cds-YP_009725295.1	TTT	F	CTT	L	1214
NC_045512.2	3905	T	A	42260	20902	45	21	19	32	0.000496466	42299	0.997419	FALSE	ORF1ab:cds-YP_009724389.1	TTT	F	ATT	I	1214
NC_045512.2	3905	T	A	42260	20902	45	21	19	32	0.000496466	42299	0.997419	FALSE	ORF1ab:cds-YP_009725295.1	TTT	F	ATT	I	1214
NC_045512.2	3906	T	G	42878	21401	45	6	6	29	0.000139844	42905	1	FALSE	ORF1ab:cds-YP_009724389.1	TTT	F	TGT	C	1214
NC_045512.2	3906	T	G	42878	21401	45	6	6	29	0.000139844	42905	1	FALSE	ORF1ab:cds-YP_009725295.1	TTT	F	TGT	C	1214
NC_045512.2	3906	T	C	42878	21401	45	13	11	35	0.000302995	42905	0.999983	FALSE	ORF1ab:cds-YP_009724389.1	TTT	F	TCT	S	1214
NC_045512.2	3906	T	C	42878	21401	45	13	11	35	0.000302995	42905	0.999983	FALSE	ORF1ab:cds-YP_009725295.1	TTT	F	TCT	S	1214
NC_045512.2	3906	T	A	42878	21401	45	8	8	34	0.000186458	42905	1	FALSE	ORF1ab:cds-YP_009724389.1	TTT	F	TAT	Y	1214
NC_045512.2	3906	T	A	42878	21401	45	8	8	34	0.000186458	42905	1	FALSE	ORF1ab:cds-YP_009725295.1	TTT	F	TAT	Y	1214
NC_045512.2	3907	T	G	42103	20695	44	3	3	31	7.12149e-05	42126	1	FALSE	ORF1ab:cds-YP_009724389.1	TTT	F	TTG	L	1214
NC_045512.2	3907	T	G	42103	20695	44	3	3	31	7.12149e-05	42126	1	FALSE	ORF1ab:cds-YP_009725295.1	TTT	F	TTG	L	1214
NC_045512.2	3907	T	C	42103	20695	44	5	3	40	0.000118692	42126	0.499752	FALSE	ORF1ab:cds-YP_009724389.1	TTT	F	TTC	F	1214
NC_045512.2	3907	T	C	42103	20695	44	5	3	40	0.000118692	42126	0.499752	FALSE	ORF1ab:cds-YP_009725295.1	TTT	F	TTC	F	1214
NC_045512.2	3907	T	A	42103	20695	44	15	14	32	0.000356075	42126	0.999923	FALSE	ORF1ab:cds-YP_009724389.1	TTT	F	TTA	L	1214
NC_045512.2	3907	T	A	42103	20695	44	15	14	32	0.000356075	42126	0.999923	FALSE	ORF1ab:cds-YP_009725295.1	TTT	F	TTA	L	1214
NC_045512.2	3908	A	T	43126	21499	45	27	27	31	0.000625565	43161	0.979312	FALSE	ORF1ab:cds-YP_009724389.1	ATA	I	TTA	L	1215
NC_045512.2	3908	A	T	43126	21499	45	27	27	31	0.000625565	43161	0.979312	FALSE	ORF1ab:cds-YP_009725295.1	ATA	I	TTA	L	1215
NC_045512.2	3908	A	G	43126	21499	45	5	5	32	0.000115845	43161	1	FALSE	ORF1ab:cds-YP_009724389.1	ATA	I	GTA	V	1215
NC_045512.2	3908	A	G	43126	21499	45	5	5	32	0.000115845	43161	1	FALSE	ORF1ab:cds-YP_009725295.1	ATA	I	GTA	V	1215
NC_045512.2	3908	A	C	43126	21499	45	3	3	31	6.95072e-05	43161	1	FALSE	ORF1ab:cds-YP_009724389.1	ATA	I	CTA	L	1215
NC_045512.2	3908	A	C	43126	21499	45	3	3	31	6.95072e-05	43161	1	FALSE	ORF1ab:cds-YP_009725295.1	ATA	I	CTA	L	1215
NC_045512.2	3909	T	G	42561	21803	44	4	3	32	9.39298e-05	42585	1	FALSE	ORF1ab:cds-YP_009724389.1	ATA	I	AGA	R	1215
NC_045512.2	3909	T	G	42561	21803	44	4	3	32	9.39298e-05	42585	1	FALSE	ORF1ab:cds-YP_009725295.1	ATA	I	AGA	R	1215
NC_045512.2	3909	T	C	42561	21803	44	3	3	31	7.04473e-05	42585	1	FALSE	ORF1ab:cds-YP_009724389.1	ATA	I	ACA	T	1215
NC_045512.2	3909	T	C	42561	21803	44	3	3	31	7.04473e-05	42585	1	FALSE	ORF1ab:cds-YP_009725295.1	ATA	I	ACA	T	1215
NC_045512.2	3909	T	A	42561	21803	44	17	17	33	0.000399202	42585	0.999708	FALSE	ORF1ab:cds-YP_009724389.1	ATA	I	AAA	K	1215
NC_045512.2	3909	T	A	42561	21803	44	17	17	33	0.000399202	42585	0.999708	FALSE	ORF1ab:cds-YP_009725295.1	ATA	I	AAA	K	1215
NC_045512.2	3910	A	T	42319	22600	44	21	21	34	0.000495879	42349	0.997426	FALSE	ORF1ab:cds-YP_009724389.1	ATA	I	ATT	I	1215
NC_045512.2	3910	A	T	42319	22600	44	21	21	34	0.000495879	42349	0.997426	FALSE	ORF1ab:cds-YP_009725295.1	ATA	I	ATT	I	1215
NC_045512.2	3910	A	G	42319	22600	44	7	5	36	0.000165293	42349	1	FALSE	ORF1ab:cds-YP_009724389.1	ATA	I	ATG	M	1215
NC_045512.2	3910	A	G	42319	22600	44	7	5	36	0.000165293	42349	1	FALSE	ORF1ab:cds-YP_009725295.1	ATA	I	ATG	M	1215
NC_045512.2	3910	A	C	42319	22600	44	2	2	30	4.72266e-05	42349	1	FALSE	ORF1ab:cds-YP_009724389.1	ATA	I	ATC	I	1215
NC_045512.2	3910	A	C	42319	22600	44	2	2	30	4.72266e-05	42349	1	FALSE	ORF1ab:cds-YP_009725295.1	ATA	I	ATC	I	1215
NC_045512.2	3911	A	T	42625	22652	44	9	9	34	0.000211045	42645	1	FALSE	ORF1ab:cds-YP_009724389.1	ACT	T	TCT	S	1216
NC_045512.2	3911	A	T	42625	22652	44	9	9	34	0.000211045	42645	1	FALSE	ORF1ab:cds-YP_009725295.1	ACT	T	TCT	S	1216
NC_045512.2	3911	A	G	42625	22652	44	3	2	45	7.03482e-05	42645	0.773293	FALSE	ORF1ab:cds-YP_009724389.1	ACT	T	GCT	A	1216
NC_045512.2	3911	A	G	42625	22652	44	3	2	45	7.03482e-05	42645	0.773293	FALSE	ORF1ab:cds-YP_009725295.1	ACT	T	GCT	A	1216
NC_045512.2	3911	A	C	42625	22652	44	8	5	29	0.000187595	42645	1	FALSE	ORF1ab:cds-YP_009724389.1	ACT	T	CCT	P	1216
NC_045512.2	3911	A	C	42625	22652	44	8	5	29	0.000187595	42645	1	FALSE	ORF1ab:cds-YP_009725295.1	ACT	T	CCT	P	1216
NC_045512.2	3912	C	T	42149	22977	43	13	12	32	0.000308152	42187	0.999983	FALSE	ORF1ab:cds-YP_009724389.1	ACT	T	ATT	I	1216
NC_045512.2	3912	C	T	42149	22977	43	13	12	32	0.000308152	42187	0.999983	FALSE	ORF1ab:cds-YP_009725295.1	ACT	T	ATT	I	1216
NC_045512.2	3912	C	G	42149	22977	43	5	5	29	0.00011852	42187	1	FALSE	ORF1ab:cds-YP_009724389.1	ACT	T	AGT	S	1216
NC_045512.2	3912	C	G	42149	22977	43	5	5	29	0.00011852	42187	1	FALSE	ORF1ab:cds-YP_009725295.1	ACT	T	AGT	S	1216
NC_045512.2	3912	C	A	42149	22977	43	20	18	32	0.00047408	42187	0.998419	FALSE	ORF1ab:cds-YP_009724389.1	ACT	T	AAT	N	1216
NC_045512.2	3912	C	A	42149	22977	43	20	18	32	0.00047408	42187	0.998419	FALSE	ORF1ab:cds-YP_009725295.1	ACT	T	AAT	N	1216
NC_045512.2	3913	T	G	38956	20224	44	6	5	32	0.000153874	38993	1	FALSE	ORF1ab:cds-YP_009724389.1	ACT	T	ACG	T	1216
NC_045512.2	3913	T	G	38956	20224	44	6	5	32	0.000153874	38993	1	FALSE	ORF1ab:cds-YP_009725295.1	ACT	T	ACG	T	1216
NC_045512.2	3913	T	C	38956	20224	44	19	17	32	0.000487267	38993	0.996238	FALSE	ORF1ab:cds-YP_009724389.1	ACT	T	ACC	T	1216
NC_045512.2	3913	T	C	38956	20224	44	19	17	32	0.000487267	38993	0.996238	FALSE	ORF1ab:cds-YP_009725295.1	ACT	T	ACC	T	1216
NC_045512.2	3913	T	A	38956	20224	44	12	12	33	0.000307748	38993	0.999955	FALSE	ORF1ab:cds-YP_009724389.1	ACT	T	ACA	T	1216
NC_045512.2	3913	T	A	38956	20224	44	12	12	33	0.000307748	38993	0.999955	FALSE	ORF1ab:cds-YP_009725295.1	ACT	T	ACA	T	1216
NC_045512.2	3914	G	T	38970	20297	44	15	13	36	0.000384556	39006	0.999732	FALSE	ORF1ab:cds-YP_009724389.1	GAA	E	TAA	*	1217
NC_045512.2	3914	G	T	38970	20297	44	15	13	36	0.000384556	39006	0.999732	FALSE	ORF1ab:cds-YP_009725295.1	GAA	E	TAA	*	1217
NC_045512.2	3914	G	C	38970	20297	44	4	3	32	0.000102548	39006	1	FALSE	ORF1ab:cds-YP_009724389.1	GAA	E	CAA	Q	1217
NC_045512.2	3914	G	C	38970	20297	44	4	3	32	0.000102548	39006	1	FALSE	ORF1ab:cds-YP_009725295.1	GAA	E	CAA	Q	1217
NC_045512.2	3914	G	A	38970	20297	44	17	16	33	0.00043583	39006	0.999077	FALSE	ORF1ab:cds-YP_009724389.1	GAA	E	AAA	K	1217
NC_045512.2	3914	G	A	38970	20297	44	17	16	33	0.00043583	39006	0.999077	FALSE	ORF1ab:cds-YP_009725295.1	GAA	E	AAA	K	1217
NC_045512.2	3914	G	-A	38970	20297	44	1	0	20	2.56371e-05	39006	1	FALSE	NA	NA	NA	NA	NA	NA
NC_045512.2	3915	A	T	38970	20531	44	2	2	34	5.1286e-05	38997	1	FALSE	ORF1ab:cds-YP_009724389.1	GAA	E	GTA	V	1217
NC_045512.2	3915	A	T	38970	20531	44	2	2	34	5.1286e-05	38997	1	FALSE	ORF1ab:cds-YP_009725295.1	GAA	E	GTA	V	1217
NC_045512.2	3915	A	G	38970	20531	44	9	9	31	0.000230787	38997	0.999997	FALSE	ORF1ab:cds-YP_009724389.1	GAA	E	GGA	G	1217
NC_045512.2	3915	A	G	38970	20531	44	9	9	31	0.000230787	38997	0.999997	FALSE	ORF1ab:cds-YP_009725295.1	GAA	E	GGA	G	1217
NC_045512.2	3915	A	C	38970	20531	44	16	15	32	0.000410288	38997	0.999252	FALSE	ORF1ab:cds-YP_009724389.1	GAA	E	GCA	A	1217
NC_045512.2	3915	A	C	38970	20531	44	16	15	32	0.000410288	38997	0.999252	FALSE	ORF1ab:cds-YP_009725295.1	GAA	E	GCA	A	1217
NC_045512.2	3916	A	T	40321	20505	44	9	9	34	0.000223093	40342	0.999999	FALSE	ORF1ab:cds-YP_009724389.1	GAA	E	GAT	D	1217
NC_045512.2	3916	A	T	40321	20505	44	9	9	34	0.000223093	40342	0.999999	FALSE	ORF1ab:cds-YP_009725295.1	GAA	E	GAT	D	1217
NC_045512.2	3916	A	G	40321	20505	44	9	5	38	0.000223093	40342	0.999999	FALSE	ORF1ab:cds-YP_009724389.1	GAA	E	GAG	E	1217
NC_045512.2	3916	A	G	40321	20505	44	9	5	38	0.000223093	40342	0.999999	FALSE	ORF1ab:cds-YP_009725295.1	GAA	E	GAG	E	1217
NC_045512.2	3916	A	C	40321	20505	44	3	3	34	7.43642e-05	40342	1	FALSE	ORF1ab:cds-YP_009724389.1	GAA	E	GAC	D	1217
NC_045512.2	3916	A	C	40321	20505	44	3	3	34	7.43642e-05	40342	1	FALSE	ORF1ab:cds-YP_009725295.1	GAA	E	GAC	D	1217
NC_045512.2	3917	A	T	40527	20671	44	1	1	34	2.46658e-05	40542	1	FALSE	ORF1ab:cds-YP_009724389.1	AGT	S	TGT	C	1218
NC_045512.2	3917	A	T	40527	20671	44	1	1	34	2.46658e-05	40542	1	FALSE	ORF1ab:cds-YP_009725295.1	AGT	S	TGT	C	1218
NC_045512.2	3917	A	G	40527	20671	44	12	9	34	0.000295989	40542	0.999982	FALSE	ORF1ab:cds-YP_009724389.1	AGT	S	GGT	G	1218
NC_045512.2	3917	A	G	40527	20671	44	12	9	34	0.000295989	40542	0.999982	FALSE	ORF1ab:cds-YP_009725295.1	AGT	S	GGT	G	1218
NC_045512.2	3917	A	C	40527	20671	44	2	1	34	4.93316e-05	40542	1	FALSE	ORF1ab:cds-YP_009724389.1	AGT	S	CGT	R	1218
NC_045512.2	3917	A	C	40527	20671	44	2	1	34	4.93316e-05	40542	1	FALSE	ORF1ab:cds-YP_009725295.1	AGT	S	CGT	R	1218
NC_045512.2	3918	G	T	40412	20495	44	3	2	31	7.41785e-05	40443	1	FALSE	ORF1ab:cds-YP_009724389.1	AGT	S	ATT	I	1218
NC_045512.2	3918	G	T	40412	20495	44	3	2	31	7.41785e-05	40443	1	FALSE	ORF1ab:cds-YP_009725295.1	AGT	S	ATT	I	1218
NC_045512.2	3918	G	C	40412	20495	44	2	2	34	4.94523e-05	40443	1	FALSE	ORF1ab:cds-YP_009724389.1	AGT	S	ACT	T	1218
NC_045512.2	3918	G	C	40412	20495	44	2	2	34	4.94523e-05	40443	1	FALSE	ORF1ab:cds-YP_009725295.1	AGT	S	ACT	T	1218
NC_045512.2	3918	G	A	40412	20495	44	26	26	32	0.00064288	40443	0.968016	FALSE	ORF1ab:cds-YP_009724389.1	AGT	S	AAT	N	1218
NC_045512.2	3918	G	A	40412	20495	44	26	26	32	0.00064288	40443	0.968016	FALSE	ORF1ab:cds-YP_009725295.1	AGT	S	AAT	N	1218
NC_045512.2	3919	T	G	40442	21037	44	13	11	32	0.000321202	40473	0.999959	FALSE	ORF1ab:cds-YP_009724389.1	AGT	S	AGG	R	1218
NC_045512.2	3919	T	G	40442	21037	44	13	11	32	0.000321202	40473	0.999959	FALSE	ORF1ab:cds-YP_009725295.1	AGT	S	AGG	R	1218
NC_045512.2	3919	T	C	40442	21037	44	3	2	31	7.41235e-05	40473	1	FALSE	ORF1ab:cds-YP_009724389.1	AGT	S	AGC	S	1218
NC_045512.2	3919	T	C	40442	21037	44	3	2	31	7.41235e-05	40473	1	FALSE	ORF1ab:cds-YP_009725295.1	AGT	S	AGC	S	1218
NC_045512.2	3919	T	A	40442	21037	44	15	15	31	0.000370617	40473	0.999822	FALSE	ORF1ab:cds-YP_009724389.1	AGT	S	AGA	R	1218
NC_045512.2	3919	T	A	40442	21037	44	15	15	31	0.000370617	40473	0.999822	FALSE	ORF1ab:cds-YP_009725295.1	AGT	S	AGA	R	1218
NC_045512.2	3920	A	T	40098	20709	44	13	13	33	0.000324052	40117	0.999959	FALSE	ORF1ab:cds-YP_009724389.1	AAA	K	TAA	*	1219
NC_045512.2	3920	A	T	40098	20709	44	13	13	33	0.000324052	40117	0.999959	FALSE	ORF1ab:cds-YP_009725295.1	AAA	K	TAA	*	1219
NC_045512.2	3920	A	G	40098	20709	44	3	2	34	7.47813e-05	40117	1	FALSE	ORF1ab:cds-YP_009724389.1	AAA	K	GAA	E	1219
NC_045512.2	3920	A	G	40098	20709	44	3	2	34	7.47813e-05	40117	1	FALSE	ORF1ab:cds-YP_009725295.1	AAA	K	GAA	E	1219
NC_045512.2	3920	A	C	40098	20709	44	3	3	34	7.47813e-05	40117	1	FALSE	ORF1ab:cds-YP_009724389.1	AAA	K	CAA	Q	1219
NC_045512.2	3920	A	C	40098	20709	44	3	3	34	7.47813e-05	40117	1	FALSE	ORF1ab:cds-YP_009725295.1	AAA	K	CAA	Q	1219
NC_045512.2	3921	A	T	40079	20816	44	2	2	34	4.9884e-05	40093	1	FALSE	ORF1ab:cds-YP_009724389.1	AAA	K	ATA	I	1219
NC_045512.2	3921	A	T	40079	20816	44	2	2	34	4.9884e-05	40093	1	FALSE	ORF1ab:cds-YP_009725295.1	AAA	K	ATA	I	1219
NC_045512.2	3921	A	G	40079	20816	44	12	12	32	0.000299304	40093	0.999982	FALSE	ORF1ab:cds-YP_009724389.1	AAA	K	AGA	R	1219
NC_045512.2	3921	A	G	40079	20816	44	12	12	32	0.000299304	40093	0.999982	FALSE	ORF1ab:cds-YP_009725295.1	AAA	K	AGA	R	1219
NC_045512.2	3922	A	T	38071	20986	42	11	11	32	0.000288782	38091	0.999981	FALSE	ORF1ab:cds-YP_009724389.1	AAA	K	AAT	N	1219
NC_045512.2	3922	A	T	38071	20986	42	11	11	32	0.000288782	38091	0.999981	FALSE	ORF1ab:cds-YP_009725295.1	AAA	K	AAT	N	1219
NC_045512.2	3922	A	G	38071	20986	42	1	1	34	2.62529e-05	38091	1	FALSE	ORF1ab:cds-YP_009724389.1	AAA	K	AAG	K	1219
NC_045512.2	3922	A	G	38071	20986	42	1	1	34	2.62529e-05	38091	1	FALSE	ORF1ab:cds-YP_009725295.1	AAA	K	AAG	K	1219
NC_045512.2	3922	A	C	38071	20986	42	8	6	30	0.000210023	38091	0.999999	FALSE	ORF1ab:cds-YP_009724389.1	AAA	K	AAC	N	1219
NC_045512.2	3922	A	C	38071	20986	42	8	6	30	0.000210023	38091	0.999999	FALSE	ORF1ab:cds-YP_009725295.1	AAA	K	AAC	N	1219
NC_045512.2	3923	C	T	41345	21147	44	4	4	34	9.66721e-05	41377	1	FALSE	ORF1ab:cds-YP_009724389.1	CCT	P	TCT	S	1220
NC_045512.2	3923	C	T	41345	21147	44	4	4	34	9.66721e-05	41377	1	FALSE	ORF1ab:cds-YP_009725295.1	CCT	P	TCT	S	1220
NC_045512.2	3923	C	G	41345	21147	44	2	1	30	4.8336e-05	41377	1	FALSE	ORF1ab:cds-YP_009724389.1	CCT	P	GCT	A	1220
NC_045512.2	3923	C	G	41345	21147	44	2	1	30	4.8336e-05	41377	1	FALSE	ORF1ab:cds-YP_009725295.1	CCT	P	GCT	A	1220
NC_045512.2	3923	C	A	41345	21147	44	26	26	33	0.000628368	41377	0.975117	FALSE	ORF1ab:cds-YP_009724389.1	CCT	P	ACT	T	1220
NC_045512.2	3923	C	A	41345	21147	44	26	26	33	0.000628368	41377	0.975117	FALSE	ORF1ab:cds-YP_009725295.1	CCT	P	ACT	T	1220
NC_045512.2	3924	C	T	41106	21207	44	5	3	40	0.000121575	41127	0.499776	FALSE	ORF1ab:cds-YP_009724389.1	CCT	P	CTT	L	1220
NC_045512.2	3924	C	T	41106	21207	44	5	3	40	0.000121575	41127	0.499776	FALSE	ORF1ab:cds-YP_009725295.1	CCT	P	CTT	L	1220
NC_045512.2	3924	C	G	41106	21207	44	3	3	31	7.29448e-05	41127	1	FALSE	ORF1ab:cds-YP_009724389.1	CCT	P	CGT	R	1220
NC_045512.2	3924	C	G	41106	21207	44	3	3	31	7.29448e-05	41127	1	FALSE	ORF1ab:cds-YP_009725295.1	CCT	P	CGT	R	1220
NC_045512.2	3924	C	A	41106	21207	44	13	13	33	0.000316094	41127	0.999974	FALSE	ORF1ab:cds-YP_009724389.1	CCT	P	CAT	H	1220
NC_045512.2	3924	C	A	41106	21207	44	13	13	33	0.000316094	41127	0.999974	FALSE	ORF1ab:cds-YP_009725295.1	CCT	P	CAT	H	1220
NC_045512.2	3925	T	G	39745	19891	45	5	3	30	0.000125679	39784	1	FALSE	ORF1ab:cds-YP_009724389.1	CCT	P	CCG	P	1220
NC_045512.2	3925	T	G	39745	19891	45	5	3	30	0.000125679	39784	1	FALSE	ORF1ab:cds-YP_009725295.1	CCT	P	CCG	P	1220
NC_045512.2	3925	T	C	39745	19891	45	20	15	39	0.000502715	39784	0.995669	FALSE	ORF1ab:cds-YP_009724389.1	CCT	P	CCC	P	1220
NC_045512.2	3925	T	C	39745	19891	45	20	15	39	0.000502715	39784	0.995669	FALSE	ORF1ab:cds-YP_009725295.1	CCT	P	CCC	P	1220
NC_045512.2	3925	T	A	39745	19891	45	14	14	32	0.0003519	39784	0.999865	FALSE	ORF1ab:cds-YP_009724389.1	CCT	P	CCA	P	1220
NC_045512.2	3925	T	A	39745	19891	45	14	14	32	0.0003519	39784	0.999865	FALSE	ORF1ab:cds-YP_009725295.1	CCT	P	CCA	P	1220
NC_045512.2	3926	T	G	39566	19930	45	4	2	30	0.000101046	39586	1	FALSE	ORF1ab:cds-YP_009724389.1	TCA	S	GCA	A	1221
NC_045512.2	3926	T	G	39566	19930	45	4	2	30	0.000101046	39586	1	FALSE	ORF1ab:cds-YP_009725295.1	TCA	S	GCA	A	1221
NC_045512.2	3926	T	C	39566	19930	45	12	12	36	0.000303137	39586	0.999972	FALSE	ORF1ab:cds-YP_009724389.1	TCA	S	CCA	P	1221
NC_045512.2	3926	T	C	39566	19930	45	12	12	36	0.000303137	39586	0.999972	FALSE	ORF1ab:cds-YP_009725295.1	TCA	S	CCA	P	1221
NC_045512.2	3926	T	A	39566	19930	45	4	4	32	0.000101046	39586	1	FALSE	ORF1ab:cds-YP_009724389.1	TCA	S	ACA	T	1221
NC_045512.2	3926	T	A	39566	19930	45	4	4	32	0.000101046	39586	1	FALSE	ORF1ab:cds-YP_009725295.1	TCA	S	ACA	T	1221
NC_045512.2	3927	C	T	41082	20086	45	16	16	36	0.000389238	41106	0.99977	FALSE	ORF1ab:cds-YP_009724389.1	TCA	S	TTA	L	1221
NC_045512.2	3927	C	T	41082	20086	45	16	16	36	0.000389238	41106	0.99977	FALSE	ORF1ab:cds-YP_009725295.1	TCA	S	TTA	L	1221
NC_045512.2	3927	C	G	41082	20086	45	5	4	32	0.000121637	41106	1	FALSE	ORF1ab:cds-YP_009724389.1	TCA	S	TGA	*	1221
NC_045512.2	3927	C	G	41082	20086	45	5	4	32	0.000121637	41106	1	FALSE	ORF1ab:cds-YP_009725295.1	TCA	S	TGA	*	1221
NC_045512.2	3927	C	A	41082	20086	45	3	3	34	7.2982e-05	41106	1	FALSE	ORF1ab:cds-YP_009724389.1	TCA	S	TAA	*	1221
NC_045512.2	3927	C	A	41082	20086	45	3	3	34	7.2982e-05	41106	1	FALSE	ORF1ab:cds-YP_009725295.1	TCA	S	TAA	*	1221
NC_045512.2	3928	A	T	40943	20074	45	18	12	35	0.000439249	40979	0.998882	FALSE	ORF1ab:cds-YP_009724389.1	TCA	S	TCT	S	1221
NC_045512.2	3928	A	T	40943	20074	45	18	12	35	0.000439249	40979	0.998882	FALSE	ORF1ab:cds-YP_009725295.1	TCA	S	TCT	S	1221
NC_045512.2	3928	A	G	40943	20074	45	6	4	34	0.000146416	40979	1	FALSE	ORF1ab:cds-YP_009724389.1	TCA	S	TCG	S	1221
NC_045512.2	3928	A	G	40943	20074	45	6	4	34	0.000146416	40979	1	FALSE	ORF1ab:cds-YP_009725295.1	TCA	S	TCG	S	1221
NC_045512.2	3928	A	C	40943	20074	45	12	12	32	0.000292833	40979	0.999982	FALSE	ORF1ab:cds-YP_009724389.1	TCA	S	TCC	S	1221
NC_045512.2	3928	A	C	40943	20074	45	12	12	32	0.000292833	40979	0.999982	FALSE	ORF1ab:cds-YP_009725295.1	TCA	S	TCC	S	1221
NC_045512.2	3929	G	T	41558	19679	44	14	14	32	0.000336563	41597	0.999943	FALSE	ORF1ab:cds-YP_009724389.1	GTT	V	TTT	F	1222
NC_045512.2	3929	G	T	41558	19679	44	14	14	32	0.000336563	41597	0.999943	FALSE	ORF1ab:cds-YP_009725295.1	GTT	V	TTT	F	1222
NC_045512.2	3929	G	C	41558	19679	44	5	4	29	0.000120201	41597	1	FALSE	ORF1ab:cds-YP_009724389.1	GTT	V	CTT	L	1222
NC_045512.2	3929	G	C	41558	19679	44	5	4	29	0.000120201	41597	1	FALSE	ORF1ab:cds-YP_009725295.1	GTT	V	CTT	L	1222
NC_045512.2	3929	G	A	41558	19679	44	20	19	34	0.000480804	41597	0.997773	FALSE	ORF1ab:cds-YP_009724389.1	GTT	V	ATT	I	1222
NC_045512.2	3929	G	A	41558	19679	44	20	19	34	0.000480804	41597	0.997773	FALSE	ORF1ab:cds-YP_009725295.1	GTT	V	ATT	I	1222
NC_045512.2	3930	T	G	40989	20750	44	17	15	31	0.000414361	41027	0.999568	FALSE	ORF1ab:cds-YP_009724389.1	GTT	V	GGT	G	1222
NC_045512.2	3930	T	G	40989	20750	44	17	15	31	0.000414361	41027	0.999568	FALSE	ORF1ab:cds-YP_009725295.1	GTT	V	GGT	G	1222
NC_045512.2	3930	T	C	40989	20750	44	15	14	34	0.000365613	41027	0.999882	FALSE	ORF1ab:cds-YP_009724389.1	GTT	V	GCT	A	1222
NC_045512.2	3930	T	C	40989	20750	44	15	14	34	0.000365613	41027	0.999882	FALSE	ORF1ab:cds-YP_009725295.1	GTT	V	GCT	A	1222
NC_045512.2	3930	T	A	40989	20750	44	6	6	31	0.000146245	41027	1	FALSE	ORF1ab:cds-YP_009724389.1	GTT	V	GAT	D	1222
NC_045512.2	3930	T	A	40989	20750	44	6	6	31	0.000146245	41027	1	FALSE	ORF1ab:cds-YP_009725295.1	GTT	V	GAT	D	1222
NC_045512.2	3931	T	G	39881	19938	45	8	6	37	0.000200476	39905	0.999999	FALSE	ORF1ab:cds-YP_009724389.1	GTT	V	GTG	V	1222
NC_045512.2	3931	T	G	39881	19938	45	8	6	37	0.000200476	39905	0.999999	FALSE	ORF1ab:cds-YP_009725295.1	GTT	V	GTG	V	1222
NC_045512.2	3931	T	C	39881	19938	45	3	3	34	7.51785e-05	39905	1	FALSE	ORF1ab:cds-YP_009724389.1	GTT	V	GTC	V	1222
NC_045512.2	3931	T	C	39881	19938	45	3	3	34	7.51785e-05	39905	1	FALSE	ORF1ab:cds-YP_009725295.1	GTT	V	GTC	V	1222
NC_045512.2	3931	T	A	39881	19938	45	13	12	32	0.000325774	39905	0.999936	FALSE	ORF1ab:cds-YP_009724389.1	GTT	V	GTA	V	1222
NC_045512.2	3931	T	A	39881	19938	45	13	12	32	0.000325774	39905	0.999936	FALSE	ORF1ab:cds-YP_009725295.1	GTT	V	GTA	V	1222
NC_045512.2	3932	G	T	39638	19981	44	22	22	31	0.000554603	39668	0.989798	FALSE	ORF1ab:cds-YP_009724389.1	GAA	E	TAA	*	1223
NC_045512.2	3932	G	T	39638	19981	44	22	22	31	0.000554603	39668	0.989798	FALSE	ORF1ab:cds-YP_009725295.1	GAA	E	TAA	*	1223
NC_045512.2	3932	G	C	39638	19981	44	4	2	34	0.000100837	39668	1	FALSE	ORF1ab:cds-YP_009724389.1	GAA	E	CAA	Q	1223
NC_045512.2	3932	G	C	39638	19981	44	4	2	34	0.000100837	39668	1	FALSE	ORF1ab:cds-YP_009725295.1	GAA	E	CAA	Q	1223
NC_045512.2	3932	G	A	39638	19981	44	4	3	32	0.000100837	39668	1	FALSE	ORF1ab:cds-YP_009724389.1	GAA	E	AAA	K	1223
NC_045512.2	3932	G	A	39638	19981	44	4	3	32	0.000100837	39668	1	FALSE	ORF1ab:cds-YP_009725295.1	GAA	E	AAA	K	1223
NC_045512.2	3933	A	T	39417	19992	44	12	12	32	0.000304175	39451	0.999971	FALSE	ORF1ab:cds-YP_009724389.1	GAA	E	GTA	V	1223
NC_045512.2	3933	A	T	39417	19992	44	12	12	32	0.000304175	39451	0.999971	FALSE	ORF1ab:cds-YP_009725295.1	GAA	E	GTA	V	1223
NC_045512.2	3933	A	G	39417	19992	44	17	16	33	0.000430914	39451	0.999078	FALSE	ORF1ab:cds-YP_009724389.1	GAA	E	GGA	G	1223
NC_045512.2	3933	A	G	39417	19992	44	17	16	33	0.000430914	39451	0.999078	FALSE	ORF1ab:cds-YP_009725295.1	GAA	E	GGA	G	1223
NC_045512.2	3933	A	C	39417	19992	44	5	4	32	0.000126739	39451	1	FALSE	ORF1ab:cds-YP_009724389.1	GAA	E	GCA	A	1223
NC_045512.2	3933	A	C	39417	19992	44	5	4	32	0.000126739	39451	1	FALSE	ORF1ab:cds-YP_009725295.1	GAA	E	GCA	A	1223
NC_045512.2	3934	A	T	39452	20058	44	12	12	32	0.00030399	39475	0.999972	FALSE	ORF1ab:cds-YP_009724389.1	GAA	E	GAT	D	1223
NC_045512.2	3934	A	T	39452	20058	44	12	12	32	0.00030399	39475	0.999972	FALSE	ORF1ab:cds-YP_009725295.1	GAA	E	GAT	D	1223
NC_045512.2	3934	A	G	39452	20058	44	6	4	39	0.000151995	39475	1	FALSE	ORF1ab:cds-YP_009724389.1	GAA	E	GAG	E	1223
NC_045512.2	3934	A	G	39452	20058	44	6	4	39	0.000151995	39475	1	FALSE	ORF1ab:cds-YP_009725295.1	GAA	E	GAG	E	1223
NC_045512.2	3934	A	C	39452	20058	44	5	5	34	0.000126662	39475	1	FALSE	ORF1ab:cds-YP_009724389.1	GAA	E	GAC	D	1223
NC_045512.2	3934	A	C	39452	20058	44	5	5	34	0.000126662	39475	1	FALSE	ORF1ab:cds-YP_009725295.1	GAA	E	GAC	D	1223
NC_045512.2	3935	C	T	39290	20361	44	5	4	34	0.000127149	39324	1	FALSE	ORF1ab:cds-YP_009724389.1	CAG	Q	TAG	*	1224
NC_045512.2	3935	C	T	39290	20361	44	5	4	34	0.000127149	39324	1	FALSE	ORF1ab:cds-YP_009725295.1	CAG	Q	TAG	*	1224
NC_045512.2	3935	C	G	39290	20361	44	10	9	33	0.000254298	39324	0.999995	FALSE	ORF1ab:cds-YP_009724389.1	CAG	Q	GAG	E	1224
NC_045512.2	3935	C	G	39290	20361	44	10	9	33	0.000254298	39324	0.999995	FALSE	ORF1ab:cds-YP_009725295.1	CAG	Q	GAG	E	1224
NC_045512.2	3935	C	A	39290	20361	44	19	19	33	0.000483165	39324	0.99732	FALSE	ORF1ab:cds-YP_009724389.1	CAG	Q	AAG	K	1224
NC_045512.2	3935	C	A	39290	20361	44	19	19	33	0.000483165	39324	0.99732	FALSE	ORF1ab:cds-YP_009725295.1	CAG	Q	AAG	K	1224
NC_045512.2	3936	A	T	37483	19143	44	3	3	34	7.99744e-05	37512	1	FALSE	ORF1ab:cds-YP_009724389.1	CAG	Q	CTG	L	1224
NC_045512.2	3936	A	T	37483	19143	44	3	3	34	7.99744e-05	37512	1	FALSE	ORF1ab:cds-YP_009725295.1	CAG	Q	CTG	L	1224
NC_045512.2	3936	A	G	37483	19143	44	8	4	42	0.000213265	37512	0.113092	FALSE	ORF1ab:cds-YP_009724389.1	CAG	Q	CGG	R	1224
NC_045512.2	3936	A	G	37483	19143	44	8	4	42	0.000213265	37512	0.113092	FALSE	ORF1ab:cds-YP_009725295.1	CAG	Q	CGG	R	1224
NC_045512.2	3936	A	C	37483	19143	44	18	18	30	0.000479846	37512	0.996772	FALSE	ORF1ab:cds-YP_009724389.1	CAG	Q	CCG	P	1224
NC_045512.2	3936	A	C	37483	19143	44	18	18	30	0.000479846	37512	0.996772	FALSE	ORF1ab:cds-YP_009725295.1	CAG	Q	CCG	P	1224
NC_045512.2	3937	G	T	38625	19234	44	1	1	34	2.58692e-05	38656	1	FALSE	ORF1ab:cds-YP_009724389.1	CAG	Q	CAT	H	1224
NC_045512.2	3937	G	T	38625	19234	44	1	1	34	2.58692e-05	38656	1	FALSE	ORF1ab:cds-YP_009725295.1	CAG	Q	CAT	H	1224
NC_045512.2	3937	G	C	38625	19234	44	3	3	34	7.76076e-05	38656	1	FALSE	ORF1ab:cds-YP_009724389.1	CAG	Q	CAC	H	1224
NC_045512.2	3937	G	C	38625	19234	44	3	3	34	7.76076e-05	38656	1	FALSE	ORF1ab:cds-YP_009725295.1	CAG	Q	CAC	H	1224
NC_045512.2	3937	G	A	38625	19234	44	27	27	33	0.000698469	38656	0.932025	FALSE	ORF1ab:cds-YP_009724389.1	CAG	Q	CAA	Q	1224
NC_045512.2	3937	G	A	38625	19234	44	27	27	33	0.000698469	38656	0.932025	FALSE	ORF1ab:cds-YP_009725295.1	CAG	Q	CAA	Q	1224
NC_045512.2	3938	A	T	37916	18756	44	3	3	34	7.9066e-05	37943	1	FALSE	ORF1ab:cds-YP_009724389.1	AGA	R	TGA	*	1225
NC_045512.2	3938	A	T	37916	18756	44	3	3	34	7.9066e-05	37943	1	FALSE	ORF1ab:cds-YP_009725295.1	AGA	R	TGA	*	1225
NC_045512.2	3938	A	G	37916	18756	44	17	16	32	0.00044804	37943	0.998082	FALSE	ORF1ab:cds-YP_009724389.1	AGA	R	GGA	G	1225
NC_045512.2	3938	A	G	37916	18756	44	17	16	32	0.00044804	37943	0.998082	FALSE	ORF1ab:cds-YP_009725295.1	AGA	R	GGA	G	1225
NC_045512.2	3938	A	C	37916	18756	44	7	7	32	0.000184487	37943	1	FALSE	ORF1ab:cds-YP_009724389.1	AGA	R	CGA	R	1225
NC_045512.2	3938	A	C	37916	18756	44	7	7	32	0.000184487	37943	1	FALSE	ORF1ab:cds-YP_009725295.1	AGA	R	CGA	R	1225
NC_045512.2	3939	G	T	38129	18567	44	2	2	34	5.24123e-05	38159	1	FALSE	ORF1ab:cds-YP_009724389.1	AGA	R	ATA	I	1225
NC_045512.2	3939	G	T	38129	18567	44	2	2	34	5.24123e-05	38159	1	FALSE	ORF1ab:cds-YP_009725295.1	AGA	R	ATA	I	1225
NC_045512.2	3939	G	C	38129	18567	44	2	0	34	5.24123e-05	38159	1	FALSE	ORF1ab:cds-YP_009724389.1	AGA	R	ACA	T	1225
NC_045512.2	3939	G	C	38129	18567	44	2	0	34	5.24123e-05	38159	1	FALSE	ORF1ab:cds-YP_009725295.1	AGA	R	ACA	T	1225
NC_045512.2	3939	G	A	38129	18567	44	26	26	33	0.00068136	38159	0.948328	FALSE	ORF1ab:cds-YP_009724389.1	AGA	R	AAA	K	1225
NC_045512.2	3939	G	A	38129	18567	44	26	26	33	0.00068136	38159	0.948328	FALSE	ORF1ab:cds-YP_009725295.1	AGA	R	AAA	K	1225
NC_045512.2	3939	G	-A	38129	18567	44	2	0	20	5.24123e-05	38159	1	FALSE	NA	NA	NA	NA	NA	NA
NC_045512.2	3940	A	G	35163	19047	42	23	23	32	0.000653539	35193	0.956511	FALSE	ORF1ab:cds-YP_009724389.1	AGA	R	AGG	R	1225
NC_045512.2	3940	A	G	35163	19047	42	23	23	32	0.000653539	35193	0.956511	FALSE	ORF1ab:cds-YP_009725295.1	AGA	R	AGG	R	1225
NC_045512.2	3940	A	C	35163	19047	42	7	7	30	0.000198903	35193	0.999999	FALSE	ORF1ab:cds-YP_009724389.1	AGA	R	AGC	S	1225
NC_045512.2	3940	A	C	35163	19047	42	7	7	30	0.000198903	35193	0.999999	FALSE	ORF1ab:cds-YP_009725295.1	AGA	R	AGC	S	1225
NC_045512.2	3941	A	G	38672	18904	45	10	5	36	0.000258505	38684	0.999992	FALSE	ORF1ab:cds-YP_009724389.1	AAA	K	GAA	E	1226
NC_045512.2	3941	A	G	38672	18904	45	10	5	36	0.000258505	38684	0.999992	FALSE	ORF1ab:cds-YP_009725295.1	AAA	K	GAA	E	1226
NC_045512.2	3941	A	C	38672	18904	45	2	2	34	5.1701e-05	38684	1	FALSE	ORF1ab:cds-YP_009724389.1	AAA	K	CAA	Q	1226
NC_045512.2	3941	A	C	38672	18904	45	2	2	34	5.1701e-05	38684	1	FALSE	ORF1ab:cds-YP_009725295.1	AAA	K	CAA	Q	1226
NC_045512.2	3942	A	T	38690	19093	45	1	1	34	2.58325e-05	38711	1	FALSE	ORF1ab:cds-YP_009724389.1	AAA	K	ATA	I	1226
NC_045512.2	3942	A	T	38690	19093	45	1	1	34	2.58325e-05	38711	1	FALSE	ORF1ab:cds-YP_009725295.1	AAA	K	ATA	I	1226
NC_045512.2	3942	A	G	38690	19093	45	18	15	34	0.000464984	38711	0.997725	FALSE	ORF1ab:cds-YP_009724389.1	AAA	K	AGA	R	1226
NC_045512.2	3942	A	G	38690	19093	45	18	15	34	0.000464984	38711	0.997725	FALSE	ORF1ab:cds-YP_009725295.1	AAA	K	AGA	R	1226
NC_045512.2	3942	A	C	38690	19093	45	2	1	34	5.16649e-05	38711	1	FALSE	ORF1ab:cds-YP_009724389.1	AAA	K	ACA	T	1226
NC_045512.2	3942	A	C	38690	19093	45	2	1	34	5.16649e-05	38711	1	FALSE	ORF1ab:cds-YP_009725295.1	AAA	K	ACA	T	1226
NC_045512.2	3943	A	T	38324	19127	45	4	4	34	0.000104338	38337	1	FALSE	ORF1ab:cds-YP_009724389.1	AAA	K	AAT	N	1226
NC_045512.2	3943	A	T	38324	19127	45	4	4	34	0.000104338	38337	1	FALSE	ORF1ab:cds-YP_009725295.1	AAA	K	AAT	N	1226
NC_045512.2	3943	A	G	38324	19127	45	5	5	32	0.000130422	38337	1	FALSE	ORF1ab:cds-YP_009724389.1	AAA	K	AAG	K	1226
NC_045512.2	3943	A	G	38324	19127	45	5	5	32	0.000130422	38337	1	FALSE	ORF1ab:cds-YP_009725295.1	AAA	K	AAG	K	1226
NC_045512.2	3943	A	C	38324	19127	45	4	4	29	0.000104338	38337	1	FALSE	ORF1ab:cds-YP_009724389.1	AAA	K	AAC	N	1226
NC_045512.2	3943	A	C	38324	19127	45	4	4	29	0.000104338	38337	1	FALSE	ORF1ab:cds-YP_009725295.1	AAA	K	AAC	N	1226
NC_045512.2	3944	C	T	38535	19205	45	5	5	34	0.000129628	38572	1	FALSE	ORF1ab:cds-YP_009724389.1	CAA	Q	TAA	*	1227
NC_045512.2	3944	C	T	38535	19205	45	5	5	34	0.000129628	38572	1	FALSE	ORF1ab:cds-YP_009725295.1	CAA	Q	TAA	*	1227
NC_045512.2	3944	C	G	38535	19205	45	3	1	31	7.77766e-05	38572	1	FALSE	ORF1ab:cds-YP_009724389.1	CAA	Q	GAA	E	1227
NC_045512.2	3944	C	G	38535	19205	45	3	1	31	7.77766e-05	38572	1	FALSE	ORF1ab:cds-YP_009725295.1	CAA	Q	GAA	E	1227
NC_045512.2	3944	C	A	38535	19205	45	29	29	32	0.000751841	38572	0.889185	FALSE	ORF1ab:cds-YP_009724389.1	CAA	Q	AAA	K	1227
NC_045512.2	3944	C	A	38535	19205	45	29	29	32	0.000751841	38572	0.889185	FALSE	ORF1ab:cds-YP_009725295.1	CAA	Q	AAA	K	1227
NC_045512.2	3945	A	T	38460	19174	45	2	2	34	5.1971e-05	38483	1	FALSE	ORF1ab:cds-YP_009724389.1	CAA	Q	CTA	L	1227
NC_045512.2	3945	A	T	38460	19174	45	2	2	34	5.1971e-05	38483	1	FALSE	ORF1ab:cds-YP_009725295.1	CAA	Q	CTA	L	1227
NC_045512.2	3945	A	G	38460	19174	45	5	4	32	0.000129928	38483	1	FALSE	ORF1ab:cds-YP_009724389.1	CAA	Q	CGA	R	1227
NC_045512.2	3945	A	G	38460	19174	45	5	4	32	0.000129928	38483	1	FALSE	ORF1ab:cds-YP_009725295.1	CAA	Q	CGA	R	1227
NC_045512.2	3945	A	C	38460	19174	45	16	11	32	0.000415768	38483	0.999253	FALSE	ORF1ab:cds-YP_009724389.1	CAA	Q	CCA	P	1227
NC_045512.2	3945	A	C	38460	19174	45	16	11	32	0.000415768	38483	0.999253	FALSE	ORF1ab:cds-YP_009725295.1	CAA	Q	CCA	P	1227
NC_045512.2	3946	A	T	37419	18266	45	2	2	30	5.34316e-05	37431	1	FALSE	ORF1ab:cds-YP_009724389.1	CAA	Q	CAT	H	1227
NC_045512.2	3946	A	T	37419	18266	45	2	2	30	5.34316e-05	37431	1	FALSE	ORF1ab:cds-YP_009725295.1	CAA	Q	CAT	H	1227
NC_045512.2	3946	A	G	37419	18266	45	6	4	35	0.000160295	37431	1	FALSE	ORF1ab:cds-YP_009724389.1	CAA	Q	CAG	Q	1227
NC_045512.2	3946	A	G	37419	18266	45	6	4	35	0.000160295	37431	1	FALSE	ORF1ab:cds-YP_009725295.1	CAA	Q	CAG	Q	1227
NC_045512.2	3946	A	C	37419	18266	45	4	3	34	0.000106863	37431	1	FALSE	ORF1ab:cds-YP_009724389.1	CAA	Q	CAC	H	1227
NC_045512.2	3946	A	C	37419	18266	45	4	3	34	0.000106863	37431	1	FALSE	ORF1ab:cds-YP_009725295.1	CAA	Q	CAC	H	1227
NC_045512.2	3947	G	T	37617	18268	45	6	6	32	0.000159363	37650	1	FALSE	ORF1ab:cds-YP_009724389.1	GAT	D	TAT	Y	1228
NC_045512.2	3947	G	T	37617	18268	45	6	6	32	0.000159363	37650	1	FALSE	ORF1ab:cds-YP_009725295.1	GAT	D	TAT	Y	1228
NC_045512.2	3947	G	C	37617	18268	45	9	9	34	0.000239044	37650	0.999995	FALSE	ORF1ab:cds-YP_009724389.1	GAT	D	CAT	H	1228
NC_045512.2	3947	G	C	37617	18268	45	9	9	34	0.000239044	37650	0.999995	FALSE	ORF1ab:cds-YP_009725295.1	GAT	D	CAT	H	1228
NC_045512.2	3947	G	A	37617	18268	45	18	18	34	0.000478088	37650	0.996768	FALSE	ORF1ab:cds-YP_009724389.1	GAT	D	AAT	N	1228
NC_045512.2	3947	G	A	37617	18268	45	18	18	34	0.000478088	37650	0.996768	FALSE	ORF1ab:cds-YP_009725295.1	GAT	D	AAT	N	1228
NC_045512.2	3948	A	T	36903	18357	44	4	4	34	0.000108319	36928	1	FALSE	ORF1ab:cds-YP_009724389.1	GAT	D	GTT	V	1228
NC_045512.2	3948	A	T	36903	18357	44	4	4	34	0.000108319	36928	1	FALSE	ORF1ab:cds-YP_009725295.1	GAT	D	GTT	V	1228
NC_045512.2	3948	A	G	36903	18357	44	19	19	32	0.000514515	36928	0.992781	FALSE	ORF1ab:cds-YP_009724389.1	GAT	D	GGT	G	1228
NC_045512.2	3948	A	G	36903	18357	44	19	19	32	0.000514515	36928	0.992781	FALSE	ORF1ab:cds-YP_009725295.1	GAT	D	GGT	G	1228
NC_045512.2	3948	A	C	36903	18357	44	2	2	30	5.41594e-05	36928	1	FALSE	ORF1ab:cds-YP_009724389.1	GAT	D	GCT	A	1228
NC_045512.2	3948	A	C	36903	18357	44	2	2	30	5.41594e-05	36928	1	FALSE	ORF1ab:cds-YP_009725295.1	GAT	D	GCT	A	1228
NC_045512.2	3949	T	G	37461	18124	45	4	4	28	0.000106681	37495	1	FALSE	ORF1ab:cds-YP_009724389.1	GAT	D	GAG	E	1228
NC_045512.2	3949	T	G	37461	18124	45	4	4	28	0.000106681	37495	1	FALSE	ORF1ab:cds-YP_009725295.1	GAT	D	GAG	E	1228
NC_045512.2	3949	T	C	37461	18124	45	4	4	34	0.000106681	37495	1	FALSE	ORF1ab:cds-YP_009724389.1	GAT	D	GAC	D	1228
NC_045512.2	3949	T	C	37461	18124	45	4	4	34	0.000106681	37495	1	FALSE	ORF1ab:cds-YP_009725295.1	GAT	D	GAC	D	1228
NC_045512.2	3949	T	A	37461	18124	45	26	25	32	0.000693426	37495	0.935028	FALSE	ORF1ab:cds-YP_009724389.1	GAT	D	GAA	E	1228
NC_045512.2	3949	T	A	37461	18124	45	26	25	32	0.000693426	37495	0.935028	FALSE	ORF1ab:cds-YP_009725295.1	GAT	D	GAA	E	1228
NC_045512.2	3950	G	T	36910	17668	45	16	16	32	0.000433182	36936	0.998408	FALSE	ORF1ab:cds-YP_009724389.1	GAT	D	TAT	Y	1229
NC_045512.2	3950	G	T	36910	17668	45	16	16	32	0.000433182	36936	0.998408	FALSE	ORF1ab:cds-YP_009725295.1	GAT	D	TAT	Y	1229
NC_045512.2	3950	G	C	36910	17668	45	2	2	34	5.41477e-05	36936	1	FALSE	ORF1ab:cds-YP_009724389.1	GAT	D	CAT	H	1229
NC_045512.2	3950	G	C	36910	17668	45	2	2	34	5.41477e-05	36936	1	FALSE	ORF1ab:cds-YP_009725295.1	GAT	D	CAT	H	1229
NC_045512.2	3950	G	A	36910	17668	45	8	7	32	0.000216591	36936	0.999997	FALSE	ORF1ab:cds-YP_009724389.1	GAT	D	AAT	N	1229
NC_045512.2	3950	G	A	36910	17668	45	8	7	32	0.000216591	36936	0.999997	FALSE	ORF1ab:cds-YP_009725295.1	GAT	D	AAT	N	1229
NC_045512.2	3950	G	-AT	36910	17668	45	1	0	20	2.70739e-05	36936	1	FALSE	NA	NA	NA	NA	NA	NA
NC_045512.2	3951	A	T	36995	17998	45	4	4	34	0.000108035	37025	1	FALSE	ORF1ab:cds-YP_009724389.1	GAT	D	GTT	V	1229
NC_045512.2	3951	A	T	36995	17998	45	4	4	34	0.000108035	37025	1	FALSE	ORF1ab:cds-YP_009725295.1	GAT	D	GTT	V	1229
NC_045512.2	3951	A	G	36995	17998	45	20	17	32	0.000540176	37025	0.991824	FALSE	ORF1ab:cds-YP_009724389.1	GAT	D	GGT	G	1229
NC_045512.2	3951	A	G	36995	17998	45	20	17	32	0.000540176	37025	0.991824	FALSE	ORF1ab:cds-YP_009725295.1	GAT	D	GGT	G	1229
NC_045512.2	3951	A	C	36995	17998	45	6	4	31	0.000162053	37025	1	FALSE	ORF1ab:cds-YP_009724389.1	GAT	D	GCT	A	1229
NC_045512.2	3951	A	C	36995	17998	45	6	4	31	0.000162053	37025	1	FALSE	ORF1ab:cds-YP_009725295.1	GAT	D	GCT	A	1229
NC_045512.2	3952	T	G	36816	17865	45	5	3	31	0.000135704	36845	1	FALSE	ORF1ab:cds-YP_009724389.1	GAT	D	GAG	E	1229
NC_045512.2	3952	T	G	36816	17865	45	5	3	31	0.000135704	36845	1	FALSE	ORF1ab:cds-YP_009725295.1	GAT	D	GAG	E	1229
NC_045512.2	3952	T	C	36816	17865	45	6	5	34	0.000162844	36845	1	FALSE	ORF1ab:cds-YP_009724389.1	GAT	D	GAC	D	1229
NC_045512.2	3952	T	C	36816	17865	45	6	5	34	0.000162844	36845	1	FALSE	ORF1ab:cds-YP_009725295.1	GAT	D	GAC	D	1229
NC_045512.2	3952	T	A	36816	17865	45	18	18	32	0.000488533	36845	0.995461	FALSE	ORF1ab:cds-YP_009724389.1	GAT	D	GAA	E	1229
NC_045512.2	3952	T	A	36816	17865	45	18	18	32	0.000488533	36845	0.995461	FALSE	ORF1ab:cds-YP_009725295.1	GAT	D	GAA	E	1229
NC_045512.2	3953	A	T	36614	17937	45	20	20	32	0.000545688	36651	0.988857	FALSE	ORF1ab:cds-YP_009724389.1	AAG	K	TAG	*	1230
NC_045512.2	3953	A	T	36614	17937	45	20	20	32	0.000545688	36651	0.988857	FALSE	ORF1ab:cds-YP_009725295.1	AAG	K	TAG	*	1230
NC_045512.2	3953	A	G	36614	17937	45	12	10	34	0.000327413	36651	0.999888	FALSE	ORF1ab:cds-YP_009724389.1	AAG	K	GAG	E	1230
NC_045512.2	3953	A	G	36614	17937	45	12	10	34	0.000327413	36651	0.999888	FALSE	ORF1ab:cds-YP_009725295.1	AAG	K	GAG	E	1230
NC_045512.2	3953	A	C	36614	17937	45	5	5	30	0.000136422	36651	1	FALSE	ORF1ab:cds-YP_009724389.1	AAG	K	CAG	Q	1230
NC_045512.2	3953	A	C	36614	17937	45	5	5	30	0.000136422	36651	1	FALSE	ORF1ab:cds-YP_009725295.1	AAG	K	CAG	Q	1230
NC_045512.2	3954	A	T	36858	17987	45	6	6	32	0.000162721	36873	1	FALSE	ORF1ab:cds-YP_009724389.1	AAG	K	ATG	M	1230
NC_045512.2	3954	A	T	36858	17987	45	6	6	32	0.000162721	36873	1	FALSE	ORF1ab:cds-YP_009725295.1	AAG	K	ATG	M	1230
NC_045512.2	3954	A	G	36858	17987	45	9	7	37	0.000244081	36873	0.999992	FALSE	ORF1ab:cds-YP_009724389.1	AAG	K	AGG	R	1230
NC_045512.2	3954	A	G	36858	17987	45	9	7	37	0.000244081	36873	0.999992	FALSE	ORF1ab:cds-YP_009725295.1	AAG	K	AGG	R	1230
NC_045512.2	3955	G	T	36997	17887	45	11	11	34	0.000297048	37031	0.999969	FALSE	ORF1ab:cds-YP_009724389.1	AAG	K	AAT	N	1230
NC_045512.2	3955	G	T	36997	17887	45	11	11	34	0.000297048	37031	0.999969	FALSE	ORF1ab:cds-YP_009725295.1	AAG	K	AAT	N	1230
NC_045512.2	3955	G	C	36997	17887	45	1	1	34	2.70044e-05	37031	1	FALSE	ORF1ab:cds-YP_009724389.1	AAG	K	AAC	N	1230
NC_045512.2	3955	G	C	36997	17887	45	1	1	34	2.70044e-05	37031	1	FALSE	ORF1ab:cds-YP_009725295.1	AAG	K	AAC	N	1230
NC_045512.2	3955	G	A	36997	17887	45	22	21	34	0.000594097	37031	0.981815	FALSE	ORF1ab:cds-YP_009724389.1	AAG	K	AAA	K	1230
NC_045512.2	3955	G	A	36997	17887	45	22	21	34	0.000594097	37031	0.981815	FALSE	ORF1ab:cds-YP_009725295.1	AAG	K	AAA	K	1230
NC_045512.2	3955	G	-A	36997	17887	45	1	0	20	2.70044e-05	37031	1	FALSE	NA	NA	NA	NA	NA	NA
NC_045512.2	3956	A	T	36148	17906	44	5	5	34	0.000138232	36171	1	FALSE	ORF1ab:cds-YP_009724389.1	AAA	K	TAA	*	1231
NC_045512.2	3956	A	T	36148	17906	44	5	5	34	0.000138232	36171	1	FALSE	ORF1ab:cds-YP_009725295.1	AAA	K	TAA	*	1231
NC_045512.2	3956	A	G	36148	17906	44	17	16	35	0.00046999	36171	0.99726	FALSE	ORF1ab:cds-YP_009724389.1	AAA	K	GAA	E	1231
NC_045512.2	3956	A	G	36148	17906	44	17	16	35	0.00046999	36171	0.99726	FALSE	ORF1ab:cds-YP_009725295.1	AAA	K	GAA	E	1231
NC_045512.2	3956	A	C	36148	17906	44	1	1	34	2.76465e-05	36171	1	FALSE	ORF1ab:cds-YP_009724389.1	AAA	K	CAA	Q	1231
NC_045512.2	3956	A	C	36148	17906	44	1	1	34	2.76465e-05	36171	1	FALSE	ORF1ab:cds-YP_009725295.1	AAA	K	CAA	Q	1231
NC_045512.2	3957	A	T	37097	17957	45	3	3	34	8.08451e-05	37108	1	FALSE	ORF1ab:cds-YP_009724389.1	AAA	K	ATA	I	1231
NC_045512.2	3957	A	T	37097	17957	45	3	3	34	8.08451e-05	37108	1	FALSE	ORF1ab:cds-YP_009725295.1	AAA	K	ATA	I	1231
NC_045512.2	3957	A	G	37097	17957	45	7	7	32	0.000188639	37108	1	FALSE	ORF1ab:cds-YP_009724389.1	AAA	K	AGA	R	1231
NC_045512.2	3957	A	G	37097	17957	45	7	7	32	0.000188639	37108	1	FALSE	ORF1ab:cds-YP_009725295.1	AAA	K	AGA	R	1231
NC_045512.2	3957	A	C	37097	17957	45	1	1	34	2.69484e-05	37108	1	FALSE	ORF1ab:cds-YP_009724389.1	AAA	K	ACA	T	1231
NC_045512.2	3957	A	C	37097	17957	45	1	1	34	2.69484e-05	37108	1	FALSE	ORF1ab:cds-YP_009725295.1	AAA	K	ACA	T	1231
NC_045512.2	3958	A	T	37370	17941	45	3	3	34	8.02396e-05	37388	1	FALSE	ORF1ab:cds-YP_009724389.1	AAA	K	AAT	N	1231
NC_045512.2	3958	A	T	37370	17941	45	3	3	34	8.02396e-05	37388	1	FALSE	ORF1ab:cds-YP_009725295.1	AAA	K	AAT	N	1231
NC_045512.2	3958	A	G	37370	17941	45	9	8	31	0.000240719	37388	0.999995	FALSE	ORF1ab:cds-YP_009724389.1	AAA	K	AAG	K	1231
NC_045512.2	3958	A	G	37370	17941	45	9	8	31	0.000240719	37388	0.999995	FALSE	ORF1ab:cds-YP_009725295.1	AAA	K	AAG	K	1231
NC_045512.2	3958	A	C	37370	17941	45	6	3	28	0.000160479	37388	1	FALSE	ORF1ab:cds-YP_009724389.1	AAA	K	AAC	N	1231
NC_045512.2	3958	A	C	37370	17941	45	6	3	28	0.000160479	37388	1	FALSE	ORF1ab:cds-YP_009725295.1	AAA	K	AAC	N	1231
NC_045512.2	3959	A	T	37990	17772	45	3	3	28	7.89349e-05	38006	1	FALSE	ORF1ab:cds-YP_009724389.1	ATC	I	TTC	F	1232
NC_045512.2	3959	A	T	37990	17772	45	3	3	28	7.89349e-05	38006	1	FALSE	ORF1ab:cds-YP_009725295.1	ATC	I	TTC	F	1232
NC_045512.2	3959	A	G	37990	17772	45	4	3	32	0.000105247	38006	1	FALSE	ORF1ab:cds-YP_009724389.1	ATC	I	GTC	V	1232
NC_045512.2	3959	A	G	37990	17772	45	4	3	32	0.000105247	38006	1	FALSE	ORF1ab:cds-YP_009725295.1	ATC	I	GTC	V	1232
NC_045512.2	3959	A	C	37990	17772	45	9	6	29	0.000236805	38006	1	FALSE	ORF1ab:cds-YP_009724389.1	ATC	I	CTC	L	1232
NC_045512.2	3959	A	C	37990	17772	45	9	6	29	0.000236805	38006	1	FALSE	ORF1ab:cds-YP_009725295.1	ATC	I	CTC	L	1232
NC_045512.2	3960	T	G	38055	18080	45	4	2	32	0.000105012	38091	1	FALSE	ORF1ab:cds-YP_009724389.1	ATC	I	AGC	S	1232
NC_045512.2	3960	T	G	38055	18080	45	4	2	32	0.000105012	38091	1	FALSE	ORF1ab:cds-YP_009725295.1	ATC	I	AGC	S	1232
NC_045512.2	3960	T	C	38055	18080	45	5	4	36	0.000131265	38091	1	FALSE	ORF1ab:cds-YP_009724389.1	ATC	I	ACC	T	1232
NC_045512.2	3960	T	C	38055	18080	45	5	4	36	0.000131265	38091	1	FALSE	ORF1ab:cds-YP_009725295.1	ATC	I	ACC	T	1232
NC_045512.2	3960	T	A	38055	18080	45	27	27	32	0.000708829	38091	0.931956	FALSE	ORF1ab:cds-YP_009724389.1	ATC	I	AAC	N	1232
NC_045512.2	3960	T	A	38055	18080	45	27	27	32	0.000708829	38091	0.931956	FALSE	ORF1ab:cds-YP_009725295.1	ATC	I	AAC	N	1232
NC_045512.2	3961	C	T	38074	18187	45	16	16	33	0.000419859	38108	0.999251	FALSE	ORF1ab:cds-YP_009724389.1	ATC	I	ATT	I	1232
NC_045512.2	3961	C	T	38074	18187	45	16	16	33	0.000419859	38108	0.999251	FALSE	ORF1ab:cds-YP_009725295.1	ATC	I	ATT	I	1232
NC_045512.2	3961	C	G	38074	18187	45	1	1	34	2.62412e-05	38108	1	FALSE	ORF1ab:cds-YP_009724389.1	ATC	I	ATG	M	1232
NC_045512.2	3961	C	G	38074	18187	45	1	1	34	2.62412e-05	38108	1	FALSE	ORF1ab:cds-YP_009725295.1	ATC	I	ATG	M	1232
NC_045512.2	3961	C	A	38074	18187	45	17	16	32	0.000446101	38108	0.998664	FALSE	ORF1ab:cds-YP_009724389.1	ATC	I	ATA	I	1232
NC_045512.2	3961	C	A	38074	18187	45	17	16	32	0.000446101	38108	0.998664	FALSE	ORF1ab:cds-YP_009725295.1	ATC	I	ATA	I	1232
NC_045512.2	3962	A	T	37872	18205	45	5	5	30	0.000131912	37904	1	FALSE	ORF1ab:cds-YP_009724389.1	AAA	K	TAA	*	1233
NC_045512.2	3962	A	T	37872	18205	45	5	5	30	0.000131912	37904	1	FALSE	ORF1ab:cds-YP_009725295.1	AAA	K	TAA	*	1233
NC_045512.2	3962	A	G	37872	18205	45	4	4	49	0.00010553	37904	0.49961	FALSE	ORF1ab:cds-YP_009724389.1	AAA	K	GAA	E	1233
NC_045512.2	3962	A	G	37872	18205	45	4	4	49	0.00010553	37904	0.49961	FALSE	ORF1ab:cds-YP_009725295.1	AAA	K	GAA	E	1233
NC_045512.2	3962	A	C	37872	18205	45	23	23	32	0.000606796	37904	0.97405	FALSE	ORF1ab:cds-YP_009724389.1	AAA	K	CAA	Q	1233
NC_045512.2	3962	A	C	37872	18205	45	23	23	32	0.000606796	37904	0.97405	FALSE	ORF1ab:cds-YP_009725295.1	AAA	K	CAA	Q	1233
NC_045512.2	3963	A	T	37674	18253	45	12	12	32	0.000318336	37696	0.999929	FALSE	ORF1ab:cds-YP_009724389.1	AAA	K	ATA	I	1233
NC_045512.2	3963	A	T	37674	18253	45	12	12	32	0.000318336	37696	0.999929	FALSE	ORF1ab:cds-YP_009725295.1	AAA	K	ATA	I	1233
NC_045512.2	3963	A	G	37674	18253	45	6	4	34	0.000159168	37696	1	FALSE	ORF1ab:cds-YP_009724389.1	AAA	K	AGA	R	1233
NC_045512.2	3963	A	G	37674	18253	45	6	4	34	0.000159168	37696	1	FALSE	ORF1ab:cds-YP_009725295.1	AAA	K	AGA	R	1233
NC_045512.2	3963	A	C	37674	18253	45	4	4	34	0.000106112	37696	1	FALSE	ORF1ab:cds-YP_009724389.1	AAA	K	ACA	T	1233
NC_045512.2	3963	A	C	37674	18253	45	4	4	34	0.000106112	37696	1	FALSE	ORF1ab:cds-YP_009725295.1	AAA	K	ACA	T	1233
NC_045512.2	3964	A	T	37605	18151	44	3	3	34	7.97385e-05	37623	1	FALSE	ORF1ab:cds-YP_009724389.1	AAA	K	AAT	N	1233
NC_045512.2	3964	A	T	37605	18151	44	3	3	34	7.97385e-05	37623	1	FALSE	ORF1ab:cds-YP_009725295.1	AAA	K	AAT	N	1233
NC_045512.2	3964	A	G	37605	18151	44	7	5	45	0.000186056	37623	0.17175	FALSE	ORF1ab:cds-YP_009724389.1	AAA	K	AAG	K	1233
NC_045512.2	3964	A	G	37605	18151	44	7	5	45	0.000186056	37623	0.17175	FALSE	ORF1ab:cds-YP_009725295.1	AAA	K	AAG	K	1233
NC_045512.2	3964	A	C	37605	18151	44	8	8	33	0.000212636	37623	0.999998	FALSE	ORF1ab:cds-YP_009724389.1	AAA	K	AAC	N	1233
NC_045512.2	3964	A	C	37605	18151	44	8	8	33	0.000212636	37623	0.999998	FALSE	ORF1ab:cds-YP_009725295.1	AAA	K	AAC	N	1233
NC_045512.2	3965	G	T	38187	18160	44	3	3	31	7.84888e-05	38222	1	FALSE	ORF1ab:cds-YP_009724389.1	GCT	A	TCT	S	1234
NC_045512.2	3965	G	T	38187	18160	44	3	3	31	7.84888e-05	38222	1	FALSE	ORF1ab:cds-YP_009725295.1	GCT	A	TCT	S	1234
NC_045512.2	3965	G	C	38187	18160	44	2	2	30	5.23259e-05	38222	1	FALSE	ORF1ab:cds-YP_009724389.1	GCT	A	CCT	P	1234
NC_045512.2	3965	G	C	38187	18160	44	2	2	30	5.23259e-05	38222	1	FALSE	ORF1ab:cds-YP_009725295.1	GCT	A	CCT	P	1234
NC_045512.2	3965	G	A	38187	18160	44	30	28	34	0.000784888	38222	0.862517	FALSE	ORF1ab:cds-YP_009724389.1	GCT	A	ACT	T	1234
NC_045512.2	3965	G	A	38187	18160	44	30	28	34	0.000784888	38222	0.862517	FALSE	ORF1ab:cds-YP_009725295.1	GCT	A	ACT	T	1234
NC_045512.2	3966	C	T	38144	18296	45	3	2	38	7.85834e-05	38176	1	FALSE	ORF1ab:cds-YP_009724389.1	GCT	A	GTT	V	1234
NC_045512.2	3966	C	T	38144	18296	45	3	2	38	7.85834e-05	38176	1	FALSE	ORF1ab:cds-YP_009725295.1	GCT	A	GTT	V	1234
NC_045512.2	3966	C	G	38144	18296	45	14	13	30	0.000366723	38176	0.999795	FALSE	ORF1ab:cds-YP_009724389.1	GCT	A	GGT	G	1234
NC_045512.2	3966	C	G	38144	18296	45	14	13	30	0.000366723	38176	0.999795	FALSE	ORF1ab:cds-YP_009725295.1	GCT	A	GGT	G	1234
NC_045512.2	3966	C	A	38144	18296	45	15	14	32	0.000392917	38176	0.999598	FALSE	ORF1ab:cds-YP_009724389.1	GCT	A	GAT	D	1234
NC_045512.2	3966	C	A	38144	18296	45	15	14	32	0.000392917	38176	0.999598	FALSE	ORF1ab:cds-YP_009725295.1	GCT	A	GAT	D	1234
NC_045512.2	3967	T	G	37766	17853	44	6	5	32	0.000158722	37802	1	FALSE	ORF1ab:cds-YP_009724389.1	GCT	A	GCG	A	1234
NC_045512.2	3967	T	G	37766	17853	44	6	5	32	0.000158722	37802	1	FALSE	ORF1ab:cds-YP_009725295.1	GCT	A	GCG	A	1234
NC_045512.2	3967	T	C	37766	17853	44	18	15	34	0.000476165	37802	0.996765	FALSE	ORF1ab:cds-YP_009724389.1	GCT	A	GCC	A	1234
NC_045512.2	3967	T	C	37766	17853	44	18	15	34	0.000476165	37802	0.996765	FALSE	ORF1ab:cds-YP_009725295.1	GCT	A	GCC	A	1234
NC_045512.2	3967	T	A	37766	17853	44	12	12	32	0.000317444	37802	0.999929	FALSE	ORF1ab:cds-YP_009724389.1	GCT	A	GCA	A	1234
NC_045512.2	3967	T	A	37766	17853	44	12	12	32	0.000317444	37802	0.999929	FALSE	ORF1ab:cds-YP_009725295.1	GCT	A	GCA	A	1234
NC_045512.2	3968	T	G	37170	17397	45	10	10	34	0.000268897	37189	0.999988	FALSE	ORF1ab:cds-YP_009724389.1	TGT	C	GGT	G	1235
NC_045512.2	3968	T	G	37170	17397	45	10	10	34	0.000268897	37189	0.999988	FALSE	ORF1ab:cds-YP_009725295.1	TGT	C	GGT	G	1235
NC_045512.2	3968	T	C	37170	17397	45	7	7	32	0.000188228	37189	1	FALSE	ORF1ab:cds-YP_009724389.1	TGT	C	CGT	R	1235
NC_045512.2	3968	T	C	37170	17397	45	7	7	32	0.000188228	37189	1	FALSE	ORF1ab:cds-YP_009725295.1	TGT	C	CGT	R	1235
NC_045512.2	3968	T	A	37170	17397	45	2	1	34	5.37793e-05	37189	1	FALSE	ORF1ab:cds-YP_009724389.1	TGT	C	AGT	S	1235
NC_045512.2	3968	T	A	37170	17397	45	2	1	34	5.37793e-05	37189	1	FALSE	ORF1ab:cds-YP_009725295.1	TGT	C	AGT	S	1235
NC_045512.2	3969	G	T	38107	17437	45	21	21	33	0.000550574	38142	0.990822	FALSE	ORF1ab:cds-YP_009724389.1	TGT	C	TTT	F	1235
NC_045512.2	3969	G	T	38107	17437	45	21	21	33	0.000550574	38142	0.990822	FALSE	ORF1ab:cds-YP_009725295.1	TGT	C	TTT	F	1235
NC_045512.2	3969	G	C	38107	17437	45	10	10	32	0.000262178	38142	0.999992	FALSE	ORF1ab:cds-YP_009724389.1	TGT	C	TCT	S	1235
NC_045512.2	3969	G	C	38107	17437	45	10	10	32	0.000262178	38142	0.999992	FALSE	ORF1ab:cds-YP_009725295.1	TGT	C	TCT	S	1235
NC_045512.2	3969	G	A	38107	17437	45	4	4	34	0.000104871	38142	1	FALSE	ORF1ab:cds-YP_009724389.1	TGT	C	TAT	Y	1235
NC_045512.2	3969	G	A	38107	17437	45	4	4	34	0.000104871	38142	1	FALSE	ORF1ab:cds-YP_009725295.1	TGT	C	TAT	Y	1235
NC_045512.2	3970	T	G	38239	17893	45	23	22	31	0.000600993	38270	0.980196	FALSE	ORF1ab:cds-YP_009724389.1	TGT	C	TGG	W	1235
NC_045512.2	3970	T	G	38239	17893	45	23	22	31	0.000600993	38270	0.980196	FALSE	ORF1ab:cds-YP_009725295.1	TGT	C	TGG	W	1235
NC_045512.2	3970	T	C	38239	17893	45	5	4	40	0.000130651	38270	0.362917	FALSE	ORF1ab:cds-YP_009724389.1	TGT	C	TGC	C	1235
NC_045512.2	3970	T	C	38239	17893	45	5	4	40	0.000130651	38270	0.362917	FALSE	ORF1ab:cds-YP_009725295.1	TGT	C	TGC	C	1235
NC_045512.2	3970	T	A	38239	17893	45	3	3	34	7.83904e-05	38270	1	FALSE	ORF1ab:cds-YP_009724389.1	TGT	C	TGA	*	1235
NC_045512.2	3970	T	A	38239	17893	45	3	3	34	7.83904e-05	38270	1	FALSE	ORF1ab:cds-YP_009725295.1	TGT	C	TGA	*	1235
NC_045512.2	3971	G	T	38438	17876	45	26	25	32	0.000675851	38470	0.948306	FALSE	ORF1ab:cds-YP_009724389.1	GTT	V	TTT	F	1236
NC_045512.2	3971	G	T	38438	17876	45	26	25	32	0.000675851	38470	0.948306	FALSE	ORF1ab:cds-YP_009725295.1	GTT	V	TTT	F	1236
NC_045512.2	3971	G	A	38438	17876	45	6	5	32	0.000155966	38470	1	FALSE	ORF1ab:cds-YP_009724389.1	GTT	V	ATT	I	1236
NC_045512.2	3971	G	A	38438	17876	45	6	5	32	0.000155966	38470	1	FALSE	ORF1ab:cds-YP_009725295.1	GTT	V	ATT	I	1236
NC_045512.2	3972	T	G	37186	16860	44	21	21	32	0.000564258	37217	0.987625	FALSE	ORF1ab:cds-YP_009724389.1	GTT	V	GGT	G	1236
NC_045512.2	3972	T	G	37186	16860	44	21	21	32	0.000564258	37217	0.987625	FALSE	ORF1ab:cds-YP_009725295.1	GTT	V	GGT	G	1236
NC_045512.2	3972	T	C	37186	16860	44	5	5	45	0.000134347	37217	0.362906	FALSE	ORF1ab:cds-YP_009724389.1	GTT	V	GCT	A	1236
NC_045512.2	3972	T	C	37186	16860	44	5	5	45	0.000134347	37217	0.362906	FALSE	ORF1ab:cds-YP_009725295.1	GTT	V	GCT	A	1236
NC_045512.2	3972	T	A	37186	16860	44	5	5	34	0.000134347	37217	1	FALSE	ORF1ab:cds-YP_009724389.1	GTT	V	GAT	D	1236
NC_045512.2	3972	T	A	37186	16860	44	5	5	34	0.000134347	37217	1	FALSE	ORF1ab:cds-YP_009725295.1	GTT	V	GAT	D	1236
NC_045512.2	3973	T	G	38363	18451	46	9	5	34	0.000234497	38380	0.999997	FALSE	ORF1ab:cds-YP_009724389.1	GTT	V	GTG	V	1236
NC_045512.2	3973	T	G	38363	18451	46	9	5	34	0.000234497	38380	0.999997	FALSE	ORF1ab:cds-YP_009725295.1	GTT	V	GTG	V	1236
NC_045512.2	3973	T	C	38363	18451	46	6	6	32	0.000156331	38380	1	FALSE	ORF1ab:cds-YP_009724389.1	GTT	V	GTC	V	1236
NC_045512.2	3973	T	C	38363	18451	46	6	6	32	0.000156331	38380	1	FALSE	ORF1ab:cds-YP_009725295.1	GTT	V	GTC	V	1236
NC_045512.2	3973	T	A	38363	18451	46	2	2	26	5.21105e-05	38380	1	FALSE	ORF1ab:cds-YP_009724389.1	GTT	V	GTA	V	1236
NC_045512.2	3973	T	A	38363	18451	46	2	2	26	5.21105e-05	38380	1	FALSE	ORF1ab:cds-YP_009725295.1	GTT	V	GTA	V	1236
NC_045512.2	3973	T	-GAA	38363	18451	46	1	0	20	2.60552e-05	38380	1	FALSE	NA	NA	NA	NA	NA	NA
NC_045512.2	3974	G	T	38489	18344	46	21	21	32	0.000545214	38517	0.990836	FALSE	ORF1ab:cds-YP_009724389.1	GAA	E	TAA	*	1237
NC_045512.2	3974	G	T	38489	18344	46	21	21	32	0.000545214	38517	0.990836	FALSE	ORF1ab:cds-YP_009725295.1	GAA	E	TAA	*	1237
NC_045512.2	3974	G	C	38489	18344	46	2	2	30	5.19251e-05	38517	1	FALSE	ORF1ab:cds-YP_009724389.1	GAA	E	CAA	Q	1237
NC_045512.2	3974	G	C	38489	18344	46	2	2	30	5.19251e-05	38517	1	FALSE	ORF1ab:cds-YP_009725295.1	GAA	E	CAA	Q	1237
NC_045512.2	3974	G	A	38489	18344	46	5	5	34	0.000129813	38517	1	FALSE	ORF1ab:cds-YP_009724389.1	GAA	E	AAA	K	1237
NC_045512.2	3974	G	A	38489	18344	46	5	5	34	0.000129813	38517	1	FALSE	ORF1ab:cds-YP_009725295.1	GAA	E	AAA	K	1237
NC_045512.2	3975	A	T	38946	20396	47	14	14	33	0.000359168	38979	0.999795	FALSE	ORF1ab:cds-YP_009724389.1	GAA	E	GTA	V	1237
NC_045512.2	3975	A	T	38946	20396	47	14	14	33	0.000359168	38979	0.999795	FALSE	ORF1ab:cds-YP_009725295.1	GAA	E	GTA	V	1237
NC_045512.2	3975	A	G	38946	20396	47	18	16	33	0.000461787	38979	0.997716	FALSE	ORF1ab:cds-YP_009724389.1	GAA	E	GGA	G	1237
NC_045512.2	3975	A	G	38946	20396	47	18	16	33	0.000461787	38979	0.997716	FALSE	ORF1ab:cds-YP_009725295.1	GAA	E	GGA	G	1237
NC_045512.2	3975	A	C	38946	20396	47	1	1	34	2.56548e-05	38979	1	FALSE	ORF1ab:cds-YP_009724389.1	GAA	E	GCA	A	1237
NC_045512.2	3975	A	C	38946	20396	47	1	1	34	2.56548e-05	38979	1	FALSE	ORF1ab:cds-YP_009725295.1	GAA	E	GCA	A	1237
NC_045512.2	3976	A	T	39018	20559	48	10	10	34	0.000256167	39037	0.999995	FALSE	ORF1ab:cds-YP_009724389.1	GAA	E	GAT	D	1237
NC_045512.2	3976	A	T	39018	20559	48	10	10	34	0.000256167	39037	0.999995	FALSE	ORF1ab:cds-YP_009725295.1	GAA	E	GAT	D	1237
NC_045512.2	3976	A	G	39018	20559	48	6	4	33	0.0001537	39037	1	FALSE	ORF1ab:cds-YP_009724389.1	GAA	E	GAG	E	1237
NC_045512.2	3976	A	G	39018	20559	48	6	4	33	0.0001537	39037	1	FALSE	ORF1ab:cds-YP_009725295.1	GAA	E	GAG	E	1237
NC_045512.2	3976	A	C	39018	20559	48	3	3	31	7.68502e-05	39037	1	FALSE	ORF1ab:cds-YP_009724389.1	GAA	E	GAC	D	1237
NC_045512.2	3976	A	C	39018	20559	48	3	3	31	7.68502e-05	39037	1	FALSE	ORF1ab:cds-YP_009725295.1	GAA	E	GAC	D	1237
NC_045512.2	3977	G	T	38837	20459	48	1	1	34	2.57281e-05	38868	1	FALSE	ORF1ab:cds-YP_009724389.1	GAA	E	TAA	*	1238
NC_045512.2	3977	G	T	38837	20459	48	1	1	34	2.57281e-05	38868	1	FALSE	ORF1ab:cds-YP_009725295.1	GAA	E	TAA	*	1238
NC_045512.2	3977	G	C	38837	20459	48	2	2	30	5.14562e-05	38868	1	FALSE	ORF1ab:cds-YP_009724389.1	GAA	E	CAA	Q	1238
NC_045512.2	3977	G	C	38837	20459	48	2	2	30	5.14562e-05	38868	1	FALSE	ORF1ab:cds-YP_009725295.1	GAA	E	CAA	Q	1238
NC_045512.2	3977	G	A	38837	20459	48	28	27	32	0.000720387	38868	0.912415	FALSE	ORF1ab:cds-YP_009724389.1	GAA	E	AAA	K	1238
NC_045512.2	3977	G	A	38837	20459	48	28	27	32	0.000720387	38868	0.912415	FALSE	ORF1ab:cds-YP_009725295.1	GAA	E	AAA	K	1238
NC_045512.2	3978	A	G	37162	19911	46	23	23	32	0.000618496	37187	0.974094	FALSE	ORF1ab:cds-YP_009724389.1	GAA	E	GGA	G	1238
NC_045512.2	3978	A	G	37162	19911	46	23	23	32	0.000618496	37187	0.974094	FALSE	ORF1ab:cds-YP_009725295.1	GAA	E	GGA	G	1238
NC_045512.2	3978	A	C	37162	19911	46	2	1	34	5.37822e-05	37187	1	FALSE	ORF1ab:cds-YP_009724389.1	GAA	E	GCA	A	1238
NC_045512.2	3978	A	C	37162	19911	46	2	1	34	5.37822e-05	37187	1	FALSE	ORF1ab:cds-YP_009725295.1	GAA	E	GCA	A	1238
NC_045512.2	3979	A	T	40729	20362	48	2	2	34	4.90906e-05	40741	1	FALSE	ORF1ab:cds-YP_009724389.1	GAA	E	GAT	D	1238
NC_045512.2	3979	A	T	40729	20362	48	2	2	34	4.90906e-05	40741	1	FALSE	ORF1ab:cds-YP_009725295.1	GAA	E	GAT	D	1238
NC_045512.2	3979	A	G	40729	20362	48	10	5	35	0.000245453	40741	0.999997	FALSE	ORF1ab:cds-YP_009724389.1	GAA	E	GAG	E	1238
NC_045512.2	3979	A	G	40729	20362	48	10	5	35	0.000245453	40741	0.999997	FALSE	ORF1ab:cds-YP_009725295.1	GAA	E	GAG	E	1238
NC_045512.2	3980	G	T	40853	20269	48	5	2	29	0.000122279	40890	1	FALSE	ORF1ab:cds-YP_009724389.1	GTT	V	TTT	F	1239
NC_045512.2	3980	G	T	40853	20269	48	5	2	29	0.000122279	40890	1	FALSE	ORF1ab:cds-YP_009725295.1	GTT	V	TTT	F	1239
NC_045512.2	3980	G	C	40853	20269	48	2	1	34	4.89117e-05	40890	1	FALSE	ORF1ab:cds-YP_009724389.1	GTT	V	CTT	L	1239
NC_045512.2	3980	G	C	40853	20269	48	2	1	34	4.89117e-05	40890	1	FALSE	ORF1ab:cds-YP_009725295.1	GTT	V	CTT	L	1239
NC_045512.2	3980	G	A	40853	20269	48	30	28	34	0.000733676	40890	0.905883	FALSE	ORF1ab:cds-YP_009724389.1	GTT	V	ATT	I	1239
NC_045512.2	3980	G	A	40853	20269	48	30	28	34	0.000733676	40890	0.905883	FALSE	ORF1ab:cds-YP_009725295.1	GTT	V	ATT	I	1239
NC_045512.2	3980	G	-T	40853	20269	48	1	0	20	2.44559e-05	40890	1	FALSE	NA	NA	NA	NA	NA	NA
NC_045512.2	3981	T	G	40534	20094	48	23	20	31	0.000566782	40580	0.988669	FALSE	ORF1ab:cds-YP_009724389.1	GTT	V	GGT	G	1239
NC_045512.2	3981	T	G	40534	20094	48	23	20	31	0.000566782	40580	0.988669	FALSE	ORF1ab:cds-YP_009725295.1	GTT	V	GGT	G	1239
NC_045512.2	3981	T	C	40534	20094	48	5	4	46	0.000123213	40580	0.499363	FALSE	ORF1ab:cds-YP_009724389.1	GTT	V	GCT	A	1239
NC_045512.2	3981	T	C	40534	20094	48	5	4	46	0.000123213	40580	0.499363	FALSE	ORF1ab:cds-YP_009725295.1	GTT	V	GCT	A	1239
NC_045512.2	3981	T	A	40534	20094	48	18	18	33	0.000443568	40580	0.998878	FALSE	ORF1ab:cds-YP_009724389.1	GTT	V	GAT	D	1239
NC_045512.2	3981	T	A	40534	20094	48	18	18	33	0.000443568	40580	0.998878	FALSE	ORF1ab:cds-YP_009725295.1	GTT	V	GAT	D	1239
NC_045512.2	3982	T	G	40554	19977	47	3	3	34	7.39262e-05	40581	1	FALSE	ORF1ab:cds-YP_009724389.1	GTT	V	GTG	V	1239
NC_045512.2	3982	T	G	40554	19977	47	3	3	34	7.39262e-05	40581	1	FALSE	ORF1ab:cds-YP_009725295.1	GTT	V	GTG	V	1239
NC_045512.2	3982	T	C	40554	19977	47	6	3	42	0.000147852	40581	0.376642	FALSE	ORF1ab:cds-YP_009724389.1	GTT	V	GTC	V	1239
NC_045512.2	3982	T	C	40554	19977	47	6	3	42	0.000147852	40581	0.376642	FALSE	ORF1ab:cds-YP_009725295.1	GTT	V	GTC	V	1239
NC_045512.2	3982	T	A	40554	19977	47	18	18	33	0.000443557	40581	0.998885	FALSE	ORF1ab:cds-YP_009724389.1	GTT	V	GTA	V	1239
NC_045512.2	3982	T	A	40554	19977	47	18	18	33	0.000443557	40581	0.998885	FALSE	ORF1ab:cds-YP_009725295.1	GTT	V	GTA	V	1239
NC_045512.2	3983	A	T	40759	20228	48	22	22	33	0.000539295	40794	0.992428	FALSE	ORF1ab:cds-YP_009724389.1	ACA	T	TCA	S	1240
NC_045512.2	3983	A	T	40759	20228	48	22	22	33	0.000539295	40794	0.992428	FALSE	ORF1ab:cds-YP_009725295.1	ACA	T	TCA	S	1240
NC_045512.2	3983	A	G	40759	20228	48	12	12	32	0.000294161	40794	0.999982	FALSE	ORF1ab:cds-YP_009724389.1	ACA	T	GCA	A	1240
NC_045512.2	3983	A	G	40759	20228	48	12	12	32	0.000294161	40794	0.999982	FALSE	ORF1ab:cds-YP_009725295.1	ACA	T	GCA	A	1240
NC_045512.2	3983	A	C	40759	20228	48	1	0	26	2.45134e-05	40794	1	FALSE	ORF1ab:cds-YP_009724389.1	ACA	T	CCA	P	1240
NC_045512.2	3983	A	C	40759	20228	48	1	0	26	2.45134e-05	40794	1	FALSE	ORF1ab:cds-YP_009725295.1	ACA	T	CCA	P	1240
NC_045512.2	3984	C	T	41679	20934	48	13	13	31	0.000311631	41716	0.999974	FALSE	ORF1ab:cds-YP_009724389.1	ACA	T	ATA	I	1240
NC_045512.2	3984	C	T	41679	20934	48	13	13	31	0.000311631	41716	0.999974	FALSE	ORF1ab:cds-YP_009725295.1	ACA	T	ATA	I	1240
NC_045512.2	3984	C	G	41679	20934	48	1	1	34	2.39716e-05	41716	1	FALSE	ORF1ab:cds-YP_009724389.1	ACA	T	AGA	R	1240
NC_045512.2	3984	C	G	41679	20934	48	1	1	34	2.39716e-05	41716	1	FALSE	ORF1ab:cds-YP_009725295.1	ACA	T	AGA	R	1240
NC_045512.2	3984	C	A	41679	20934	48	23	22	32	0.000551347	41716	0.991563	FALSE	ORF1ab:cds-YP_009724389.1	ACA	T	AAA	K	1240
NC_045512.2	3984	C	A	41679	20934	48	23	22	32	0.000551347	41716	0.991563	FALSE	ORF1ab:cds-YP_009725295.1	ACA	T	AAA	K	1240
NC_045512.2	3985	A	T	41699	20918	48	9	9	34	0.000215652	41734	0.999999	FALSE	ORF1ab:cds-YP_009724389.1	ACA	T	ACT	T	1240
NC_045512.2	3985	A	T	41699	20918	48	9	9	34	0.000215652	41734	0.999999	FALSE	ORF1ab:cds-YP_009725295.1	ACA	T	ACT	T	1240
NC_045512.2	3985	A	G	41699	20918	48	5	3	40	0.000119806	41734	0.499572	FALSE	ORF1ab:cds-YP_009724389.1	ACA	T	ACG	T	1240
NC_045512.2	3985	A	G	41699	20918	48	5	3	40	0.000119806	41734	0.499572	FALSE	ORF1ab:cds-YP_009725295.1	ACA	T	ACG	T	1240
NC_045512.2	3985	A	C	41699	20918	48	21	20	31	0.000503187	41734	0.996423	FALSE	ORF1ab:cds-YP_009724389.1	ACA	T	ACC	T	1240
NC_045512.2	3985	A	C	41699	20918	48	21	20	31	0.000503187	41734	0.996423	FALSE	ORF1ab:cds-YP_009725295.1	ACA	T	ACC	T	1240
NC_045512.2	3986	A	T	41684	21060	48	1	1	34	2.39837e-05	41695	1	FALSE	ORF1ab:cds-YP_009724389.1	ACA	T	TCA	S	1241
NC_045512.2	3986	A	T	41684	21060	48	1	1	34	2.39837e-05	41695	1	FALSE	ORF1ab:cds-YP_009725295.1	ACA	T	TCA	S	1241
NC_045512.2	3986	A	G	41684	21060	48	4	3	49	9.59348e-05	41695	0.636647	FALSE	ORF1ab:cds-YP_009724389.1	ACA	T	GCA	A	1241
NC_045512.2	3986	A	G	41684	21060	48	4	3	49	9.59348e-05	41695	0.636647	FALSE	ORF1ab:cds-YP_009725295.1	ACA	T	GCA	A	1241
NC_045512.2	3986	A	C	41684	21060	48	6	6	34	0.000143902	41695	1	FALSE	ORF1ab:cds-YP_009724389.1	ACA	T	CCA	P	1241
NC_045512.2	3986	A	C	41684	21060	48	6	6	34	0.000143902	41695	1	FALSE	ORF1ab:cds-YP_009725295.1	ACA	T	CCA	P	1241
NC_045512.2	3987	C	T	41610	21079	48	3	3	31	7.20392e-05	41644	1	FALSE	ORF1ab:cds-YP_009724389.1	ACA	T	ATA	I	1241
NC_045512.2	3987	C	T	41610	21079	48	3	3	31	7.20392e-05	41644	1	FALSE	ORF1ab:cds-YP_009725295.1	ACA	T	ATA	I	1241
NC_045512.2	3987	C	G	41610	21079	48	2	1	30	4.80261e-05	41644	1	FALSE	ORF1ab:cds-YP_009724389.1	ACA	T	AGA	R	1241
NC_045512.2	3987	C	G	41610	21079	48	2	1	30	4.80261e-05	41644	1	FALSE	ORF1ab:cds-YP_009725295.1	ACA	T	AGA	R	1241
NC_045512.2	3987	C	A	41610	21079	48	29	28	34	0.000696379	41644	0.940225	FALSE	ORF1ab:cds-YP_009724389.1	ACA	T	AAA	K	1241
NC_045512.2	3987	C	A	41610	21079	48	29	28	34	0.000696379	41644	0.940225	FALSE	ORF1ab:cds-YP_009725295.1	ACA	T	AAA	K	1241
NC_045512.2	3988	A	T	39194	18848	49	2	2	29	5.09931e-05	39221	1	FALSE	ORF1ab:cds-YP_009724389.1	ACA	T	ACT	T	1241
NC_045512.2	3988	A	T	39194	18848	49	2	2	29	5.09931e-05	39221	1	FALSE	ORF1ab:cds-YP_009725295.1	ACA	T	ACT	T	1241
NC_045512.2	3988	A	G	39194	18848	49	7	2	38	0.000178476	39221	1	FALSE	ORF1ab:cds-YP_009724389.1	ACA	T	ACG	T	1241
NC_045512.2	3988	A	G	39194	18848	49	7	2	38	0.000178476	39221	1	FALSE	ORF1ab:cds-YP_009725295.1	ACA	T	ACG	T	1241
NC_045512.2	3988	A	C	39194	18848	49	18	17	32	0.000458938	39221	0.998401	FALSE	ORF1ab:cds-YP_009724389.1	ACA	T	ACC	T	1241
NC_045512.2	3988	A	C	39194	18848	49	18	17	32	0.000458938	39221	0.998401	FALSE	ORF1ab:cds-YP_009725295.1	ACA	T	ACC	T	1241
NC_045512.2	3989	A	T	39372	19091	49	2	2	34	5.07846e-05	39382	1	FALSE	ORF1ab:cds-YP_009724389.1	ACT	T	TCT	S	1242
NC_045512.2	3989	A	T	39372	19091	49	2	2	34	5.07846e-05	39382	1	FALSE	ORF1ab:cds-YP_009725295.1	ACT	T	TCT	S	1242
NC_045512.2	3989	A	G	39372	19091	49	4	1	30	0.000101569	39382	1	FALSE	ORF1ab:cds-YP_009724389.1	ACT	T	GCT	A	1242
NC_045512.2	3989	A	G	39372	19091	49	4	1	30	0.000101569	39382	1	FALSE	ORF1ab:cds-YP_009725295.1	ACT	T	GCT	A	1242
NC_045512.2	3989	A	C	39372	19091	49	4	4	32	0.000101569	39382	1	FALSE	ORF1ab:cds-YP_009724389.1	ACT	T	CCT	P	1242
NC_045512.2	3989	A	C	39372	19091	49	4	4	32	0.000101569	39382	1	FALSE	ORF1ab:cds-YP_009725295.1	ACT	T	CCT	P	1242
NC_045512.2	3990	C	T	39966	19499	49	3	2	34	7.50169e-05	39991	1	FALSE	ORF1ab:cds-YP_009724389.1	ACT	T	ATT	I	1242
NC_045512.2	3990	C	T	39966	19499	49	3	2	34	7.50169e-05	39991	1	FALSE	ORF1ab:cds-YP_009725295.1	ACT	T	ATT	I	1242
NC_045512.2	3990	C	G	39966	19499	49	1	0	26	2.50056e-05	39991	1	FALSE	ORF1ab:cds-YP_009724389.1	ACT	T	AGT	S	1242
NC_045512.2	3990	C	G	39966	19499	49	1	0	26	2.50056e-05	39991	1	FALSE	ORF1ab:cds-YP_009725295.1	ACT	T	AGT	S	1242
NC_045512.2	3990	C	A	39966	19499	49	21	21	33	0.000525118	39991	0.993267	FALSE	ORF1ab:cds-YP_009724389.1	ACT	T	AAT	N	1242
NC_045512.2	3990	C	A	39966	19499	49	21	21	33	0.000525118	39991	0.993267	FALSE	ORF1ab:cds-YP_009725295.1	ACT	T	AAT	N	1242
NC_045512.2	3991	T	G	39216	18634	48	2	2	30	5.09502e-05	39254	1	FALSE	ORF1ab:cds-YP_009724389.1	ACT	T	ACG	T	1242
NC_045512.2	3991	T	G	39216	18634	48	2	2	30	5.09502e-05	39254	1	FALSE	ORF1ab:cds-YP_009725295.1	ACT	T	ACG	T	1242
NC_045512.2	3991	T	C	39216	18634	48	19	16	33	0.000484027	39254	0.997317	FALSE	ORF1ab:cds-YP_009724389.1	ACT	T	ACC	T	1242
NC_045512.2	3991	T	C	39216	18634	48	19	16	33	0.000484027	39254	0.997317	FALSE	ORF1ab:cds-YP_009725295.1	ACT	T	ACC	T	1242
NC_045512.2	3991	T	A	39216	18634	48	17	17	33	0.000433077	39254	0.999077	FALSE	ORF1ab:cds-YP_009724389.1	ACT	T	ACA	T	1242
NC_045512.2	3991	T	A	39216	18634	48	17	17	33	0.000433077	39254	0.999077	FALSE	ORF1ab:cds-YP_009725295.1	ACT	T	ACA	T	1242
NC_045512.2	3991	T	+CTGGAAGAACAACC	39216	18634	48	1	0	20	2.54751e-05	39254	1	FALSE	NA	NA	NA	NA	NA	NA
NC_045512.2	3992	C	T	39874	19502	49	16	16	32	0.000400922	39908	0.999491	FALSE	ORF1ab:cds-YP_009724389.1	CTG	L	TTG	L	1243
NC_045512.2	3992	C	T	39874	19502	49	16	16	32	0.000400922	39908	0.999491	FALSE	ORF1ab:cds-YP_009725295.1	CTG	L	TTG	L	1243
NC_045512.2	3992	C	G	39874	19502	49	3	2	28	7.51729e-05	39908	1	FALSE	ORF1ab:cds-YP_009724389.1	CTG	L	GTG	V	1243
NC_045512.2	3992	C	G	39874	19502	49	3	2	28	7.51729e-05	39908	1	FALSE	ORF1ab:cds-YP_009725295.1	CTG	L	GTG	V	1243
NC_045512.2	3992	C	A	39874	19502	49	15	15	31	0.000375864	39908	0.999732	FALSE	ORF1ab:cds-YP_009724389.1	CTG	L	ATG	M	1243
NC_045512.2	3992	C	A	39874	19502	49	15	15	31	0.000375864	39908	0.999732	FALSE	ORF1ab:cds-YP_009725295.1	CTG	L	ATG	M	1243
NC_045512.2	3993	T	G	39091	18806	49	1	1	34	2.55585e-05	39126	1	FALSE	ORF1ab:cds-YP_009724389.1	CTG	L	CGG	R	1243
NC_045512.2	3993	T	G	39091	18806	49	1	1	34	2.55585e-05	39126	1	FALSE	ORF1ab:cds-YP_009725295.1	CTG	L	CGG	R	1243
NC_045512.2	3993	T	C	39091	18806	49	31	28	35	0.000792312	39126	0.859047	FALSE	ORF1ab:cds-YP_009724389.1	CTG	L	CCG	P	1243
NC_045512.2	3993	T	C	39091	18806	49	31	28	35	0.000792312	39126	0.859047	FALSE	ORF1ab:cds-YP_009725295.1	CTG	L	CCG	P	1243
NC_045512.2	3993	T	A	39091	18806	49	3	3	34	7.66754e-05	39126	1	FALSE	ORF1ab:cds-YP_009724389.1	CTG	L	CAG	Q	1243
NC_045512.2	3993	T	A	39091	18806	49	3	3	34	7.66754e-05	39126	1	FALSE	ORF1ab:cds-YP_009725295.1	CTG	L	CAG	Q	1243
NC_045512.2	3994	G	T	39238	18787	49	23	23	33	0.000585674	39271	0.98499	FALSE	ORF1ab:cds-YP_009724389.1	CTG	L	CTT	L	1243
NC_045512.2	3994	G	T	39238	18787	49	23	23	33	0.000585674	39271	0.98499	FALSE	ORF1ab:cds-YP_009725295.1	CTG	L	CTT	L	1243
NC_045512.2	3994	G	C	39238	18787	49	4	4	32	0.000101856	39271	1	FALSE	ORF1ab:cds-YP_009724389.1	CTG	L	CTC	L	1243
NC_045512.2	3994	G	C	39238	18787	49	4	4	32	0.000101856	39271	1	FALSE	ORF1ab:cds-YP_009725295.1	CTG	L	CTC	L	1243
NC_045512.2	3994	G	A	39238	18787	49	6	6	31	0.000152784	39271	1	FALSE	ORF1ab:cds-YP_009724389.1	CTG	L	CTA	L	1243
NC_045512.2	3994	G	A	39238	18787	49	6	6	31	0.000152784	39271	1	FALSE	ORF1ab:cds-YP_009725295.1	CTG	L	CTA	L	1243
NC_045512.2	3995	G	T	39580	19693	50	6	5	34	0.000151511	39601	1	FALSE	ORF1ab:cds-YP_009724389.1	GAA	E	TAA	*	1244
NC_045512.2	3995	G	T	39580	19693	50	6	5	34	0.000151511	39601	1	FALSE	ORF1ab:cds-YP_009725295.1	GAA	E	TAA	*	1244
NC_045512.2	3995	G	C	39580	19693	50	9	9	33	0.000227267	39601	0.999998	FALSE	ORF1ab:cds-YP_009724389.1	GAA	E	CAA	Q	1244
NC_045512.2	3995	G	C	39580	19693	50	9	9	33	0.000227267	39601	0.999998	FALSE	ORF1ab:cds-YP_009725295.1	GAA	E	CAA	Q	1244
NC_045512.2	3995	G	A	39580	19693	50	6	6	31	0.000151511	39601	1	FALSE	ORF1ab:cds-YP_009724389.1	GAA	E	AAA	K	1244
NC_045512.2	3995	G	A	39580	19693	50	6	6	31	0.000151511	39601	1	FALSE	ORF1ab:cds-YP_009725295.1	GAA	E	AAA	K	1244
NC_045512.2	3996	A	T	39682	19648	50	12	9	36	0.0003021	39722	0.999971	FALSE	ORF1ab:cds-YP_009724389.1	GAA	E	GTA	V	1244
NC_045512.2	3996	A	T	39682	19648	50	12	9	36	0.0003021	39722	0.999971	FALSE	ORF1ab:cds-YP_009725295.1	GAA	E	GTA	V	1244
NC_045512.2	3996	A	G	39682	19648	50	27	23	34	0.000679724	39722	0.945509	FALSE	ORF1ab:cds-YP_009724389.1	GAA	E	GGA	G	1244
NC_045512.2	3996	A	G	39682	19648	50	27	23	34	0.000679724	39722	0.945509	FALSE	ORF1ab:cds-YP_009725295.1	GAA	E	GGA	G	1244
NC_045512.2	3996	A	C	39682	19648	50	1	0	34	2.5175e-05	39722	1	FALSE	ORF1ab:cds-YP_009724389.1	GAA	E	GCA	A	1244
NC_045512.2	3996	A	C	39682	19648	50	1	0	34	2.5175e-05	39722	1	FALSE	ORF1ab:cds-YP_009725295.1	GAA	E	GCA	A	1244
NC_045512.2	3997	A	T	39718	19771	50	2	2	34	5.03309e-05	39737	1	FALSE	ORF1ab:cds-YP_009724389.1	GAA	E	GAT	D	1244
NC_045512.2	3997	A	T	39718	19771	50	2	2	34	5.03309e-05	39737	1	FALSE	ORF1ab:cds-YP_009725295.1	GAA	E	GAT	D	1244
NC_045512.2	3997	A	G	39718	19771	50	15	13	36	0.000377482	39737	0.999733	FALSE	ORF1ab:cds-YP_009724389.1	GAA	E	GAG	E	1244
NC_045512.2	3997	A	G	39718	19771	50	15	13	36	0.000377482	39737	0.999733	FALSE	ORF1ab:cds-YP_009725295.1	GAA	E	GAG	E	1244
NC_045512.2	3997	A	C	39718	19771	50	2	1	26	5.03309e-05	39737	1	FALSE	ORF1ab:cds-YP_009724389.1	GAA	E	GAC	D	1244
NC_045512.2	3997	A	C	39718	19771	50	2	1	26	5.03309e-05	39737	1	FALSE	ORF1ab:cds-YP_009725295.1	GAA	E	GAC	D	1244
NC_045512.2	3998	G	T	39472	19601	50	6	4	32	0.000151876	39506	1	FALSE	ORF1ab:cds-YP_009724389.1	GAA	E	TAA	*	1245
NC_045512.2	3998	G	T	39472	19601	50	6	4	32	0.000151876	39506	1	FALSE	ORF1ab:cds-YP_009725295.1	GAA	E	TAA	*	1245
NC_045512.2	3998	G	C	39472	19601	50	3	3	34	7.59378e-05	39506	1	FALSE	ORF1ab:cds-YP_009724389.1	GAA	E	CAA	Q	1245
NC_045512.2	3998	G	C	39472	19601	50	3	3	34	7.59378e-05	39506	1	FALSE	ORF1ab:cds-YP_009725295.1	GAA	E	CAA	Q	1245
NC_045512.2	3998	G	A	39472	19601	50	25	25	34	0.000632815	39506	0.970026	FALSE	ORF1ab:cds-YP_009724389.1	GAA	E	AAA	K	1245
NC_045512.2	3998	G	A	39472	19601	50	25	25	34	0.000632815	39506	0.970026	FALSE	ORF1ab:cds-YP_009725295.1	GAA	E	AAA	K	1245
NC_045512.2	3999	A	T	38372	19349	47	1	1	34	2.60417e-05	38400	1	FALSE	ORF1ab:cds-YP_009724389.1	GAA	E	GTA	V	1245
NC_045512.2	3999	A	T	38372	19349	47	1	1	34	2.60417e-05	38400	1	FALSE	ORF1ab:cds-YP_009725295.1	GAA	E	GTA	V	1245
NC_045512.2	3999	A	G	38372	19349	47	23	20	36	0.000598958	38400	0.980211	FALSE	ORF1ab:cds-YP_009724389.1	GAA	E	GGA	G	1245
NC_045512.2	3999	A	G	38372	19349	47	23	20	36	0.000598958	38400	0.980211	FALSE	ORF1ab:cds-YP_009725295.1	GAA	E	GGA	G	1245
NC_045512.2	3999	A	C	38372	19349	47	4	3	42	0.000104167	38400	0.499672	FALSE	ORF1ab:cds-YP_009724389.1	GAA	E	GCA	A	1245
NC_045512.2	3999	A	C	38372	19349	47	4	3	42	0.000104167	38400	0.499672	FALSE	ORF1ab:cds-YP_009725295.1	GAA	E	GCA	A	1245
NC_045512.2	4000	A	G	39541	19711	49	5	5	41	0.000126422	39550	0.363233	FALSE	ORF1ab:cds-YP_009724389.1	GAA	E	GAG	E	1245
NC_045512.2	4000	A	G	39541	19711	49	5	5	41	0.000126422	39550	0.363233	FALSE	ORF1ab:cds-YP_009725295.1	GAA	E	GAG	E	1245
NC_045512.2	4000	A	C	39541	19711	49	4	3	30	0.000101138	39550	1	FALSE	ORF1ab:cds-YP_009724389.1	GAA	E	GAC	D	1245
NC_045512.2	4000	A	C	39541	19711	49	4	3	30	0.000101138	39550	1	FALSE	ORF1ab:cds-YP_009725295.1	GAA	E	GAC	D	1245
NC_045512.2	4001	A	T	39870	19689	49	2	2	34	5.01404e-05	39888	1	FALSE	ORF1ab:cds-YP_009724389.1	ACT	T	TCT	S	1246
NC_045512.2	4001	A	T	39870	19689	49	2	2	34	5.01404e-05	39888	1	FALSE	ORF1ab:cds-YP_009725295.1	ACT	T	TCT	S	1246
NC_045512.2	4001	A	G	39870	19689	49	15	12	32	0.000376053	39888	0.999733	FALSE	ORF1ab:cds-YP_009724389.1	ACT	T	GCT	A	1246
NC_045512.2	4001	A	G	39870	19689	49	15	12	32	0.000376053	39888	0.999733	FALSE	ORF1ab:cds-YP_009725295.1	ACT	T	GCT	A	1246
NC_045512.2	4001	A	C	39870	19689	49	1	1	34	2.50702e-05	39888	1	FALSE	ORF1ab:cds-YP_009724389.1	ACT	T	CCT	P	1246
NC_045512.2	4001	A	C	39870	19689	49	1	1	34	2.50702e-05	39888	1	FALSE	ORF1ab:cds-YP_009725295.1	ACT	T	CCT	P	1246
NC_045512.2	4002	C	T	40176	19892	49	1	1	34	2.4867e-05	40214	1	FALSE	ORF1ab:cds-YP_009724389.1	ACT	T	ATT	I	1246
NC_045512.2	4002	C	T	40176	19892	49	1	1	34	2.4867e-05	40214	1	FALSE	ORF1ab:cds-YP_009725295.1	ACT	T	ATT	I	1246
NC_045512.2	4002	C	G	40176	19892	49	1	1	34	2.4867e-05	40214	1	FALSE	ORF1ab:cds-YP_009724389.1	ACT	T	AGT	S	1246
NC_045512.2	4002	C	G	40176	19892	49	1	1	34	2.4867e-05	40214	1	FALSE	ORF1ab:cds-YP_009725295.1	ACT	T	AGT	S	1246
NC_045512.2	4002	C	A	40176	19892	49	36	36	33	0.000895211	40214	0.716769	FALSE	ORF1ab:cds-YP_009724389.1	ACT	T	AAT	N	1246
NC_045512.2	4002	C	A	40176	19892	49	36	36	33	0.000895211	40214	0.716769	FALSE	ORF1ab:cds-YP_009725295.1	ACT	T	AAT	N	1246
NC_045512.2	4003	T	G	39607	19481	49	4	3	34	0.000100878	39652	1	FALSE	ORF1ab:cds-YP_009724389.1	ACT	T	ACG	T	1246
NC_045512.2	4003	T	G	39607	19481	49	4	3	34	0.000100878	39652	1	FALSE	ORF1ab:cds-YP_009725295.1	ACT	T	ACG	T	1246
NC_045512.2	4003	T	C	39607	19481	49	25	24	33	0.000630485	39652	0.96995	FALSE	ORF1ab:cds-YP_009724389.1	ACT	T	ACC	T	1246
NC_045512.2	4003	T	C	39607	19481	49	25	24	33	0.000630485	39652	0.96995	FALSE	ORF1ab:cds-YP_009725295.1	ACT	T	ACC	T	1246
NC_045512.2	4003	T	A	39607	19481	49	16	15	33	0.000403511	39652	0.999489	FALSE	ORF1ab:cds-YP_009724389.1	ACT	T	ACA	T	1246
NC_045512.2	4003	T	A	39607	19481	49	16	15	33	0.000403511	39652	0.999489	FALSE	ORF1ab:cds-YP_009725295.1	ACT	T	ACA	T	1246
NC_045512.2	4004	A	T	39941	19540	49	18	18	32	0.000450281	39975	0.998397	FALSE	ORF1ab:cds-YP_009724389.1	AAG	K	TAG	*	1247
NC_045512.2	4004	A	T	39941	19540	49	18	18	32	0.000450281	39975	0.998397	FALSE	ORF1ab:cds-YP_009725295.1	AAG	K	TAG	*	1247
NC_045512.2	4004	A	G	39941	19540	49	12	4	39	0.000300188	39975	0.999971	FALSE	ORF1ab:cds-YP_009724389.1	AAG	K	GAG	E	1247
NC_045512.2	4004	A	G	39941	19540	49	12	4	39	0.000300188	39975	0.999971	FALSE	ORF1ab:cds-YP_009725295.1	AAG	K	GAG	E	1247
NC_045512.2	4004	A	C	39941	19540	49	4	4	34	0.000100063	39975	1	FALSE	ORF1ab:cds-YP_009724389.1	AAG	K	CAG	Q	1247
NC_045512.2	4004	A	C	39941	19540	49	4	4	34	0.000100063	39975	1	FALSE	ORF1ab:cds-YP_009725295.1	AAG	K	CAG	Q	1247
NC_045512.2	4005	A	T	39780	19664	49	6	5	38	0.000150746	39802	1	FALSE	ORF1ab:cds-YP_009724389.1	AAG	K	ATG	M	1247
NC_045512.2	4005	A	T	39780	19664	49	6	5	38	0.000150746	39802	1	FALSE	ORF1ab:cds-YP_009725295.1	AAG	K	ATG	M	1247
NC_045512.2	4005	A	G	39780	19664	49	4	2	30	0.000100497	39802	1	FALSE	ORF1ab:cds-YP_009724389.1	AAG	K	AGG	R	1247
NC_045512.2	4005	A	G	39780	19664	49	4	2	30	0.000100497	39802	1	FALSE	ORF1ab:cds-YP_009725295.1	AAG	K	AGG	R	1247
NC_045512.2	4005	A	C	39780	19664	49	12	11	31	0.000301492	39802	0.999972	FALSE	ORF1ab:cds-YP_009724389.1	AAG	K	ACG	T	1247
NC_045512.2	4005	A	C	39780	19664	49	12	11	31	0.000301492	39802	0.999972	FALSE	ORF1ab:cds-YP_009725295.1	AAG	K	ACG	T	1247
NC_045512.2	4006	G	T	40432	19735	49	11	11	33	0.0002718	40471	0.999993	FALSE	ORF1ab:cds-YP_009724389.1	AAG	K	AAT	N	1247
NC_045512.2	4006	G	T	40432	19735	49	11	11	33	0.0002718	40471	0.999993	FALSE	ORF1ab:cds-YP_009725295.1	AAG	K	AAT	N	1247
NC_045512.2	4006	G	C	40432	19735	49	1	1	34	2.47091e-05	40471	1	FALSE	ORF1ab:cds-YP_009724389.1	AAG	K	AAC	N	1247
NC_045512.2	4006	G	C	40432	19735	49	1	1	34	2.47091e-05	40471	1	FALSE	ORF1ab:cds-YP_009725295.1	AAG	K	AAC	N	1247
NC_045512.2	4006	G	A	40432	19735	49	27	27	33	0.000667144	40471	0.956744	FALSE	ORF1ab:cds-YP_009724389.1	AAG	K	AAA	K	1247
NC_045512.2	4006	G	A	40432	19735	49	27	27	33	0.000667144	40471	0.956744	FALSE	ORF1ab:cds-YP_009725295.1	AAG	K	AAA	K	1247
NC_045512.2	4007	T	G	40423	20256	50	24	24	32	0.000592973	40474	0.983546	FALSE	ORF1ab:cds-YP_009724389.1	TTC	F	GTC	V	1248
NC_045512.2	4007	T	G	40423	20256	50	24	24	32	0.000592973	40474	0.983546	FALSE	ORF1ab:cds-YP_009725295.1	TTC	F	GTC	V	1248
NC_045512.2	4007	T	C	40423	20256	50	11	7	38	0.000271779	40474	0.999993	FALSE	ORF1ab:cds-YP_009724389.1	TTC	F	CTC	L	1248
NC_045512.2	4007	T	C	40423	20256	50	11	7	38	0.000271779	40474	0.999993	FALSE	ORF1ab:cds-YP_009725295.1	TTC	F	CTC	L	1248
NC_045512.2	4007	T	A	40423	20256	50	16	16	32	0.000395316	40474	0.999655	FALSE	ORF1ab:cds-YP_009724389.1	TTC	F	ATC	I	1248
NC_045512.2	4007	T	A	40423	20256	50	16	16	32	0.000395316	40474	0.999655	FALSE	ORF1ab:cds-YP_009725295.1	TTC	F	ATC	I	1248
NC_045512.2	4008	T	G	39570	19529	50	6	4	30	0.000151534	39595	1	FALSE	ORF1ab:cds-YP_009724389.1	TTC	F	TGC	C	1248
NC_045512.2	4008	T	G	39570	19529	50	6	4	30	0.000151534	39595	1	FALSE	ORF1ab:cds-YP_009725295.1	TTC	F	TGC	C	1248
NC_045512.2	4008	T	C	39570	19529	50	6	3	48	0.000151534	39595	0.25367	FALSE	ORF1ab:cds-YP_009724389.1	TTC	F	TCC	S	1248
NC_045512.2	4008	T	C	39570	19529	50	6	3	48	0.000151534	39595	0.25367	FALSE	ORF1ab:cds-YP_009725295.1	TTC	F	TCC	S	1248
NC_045512.2	4008	T	A	39570	19529	50	13	13	32	0.000328324	39595	0.999936	FALSE	ORF1ab:cds-YP_009724389.1	TTC	F	TAC	Y	1248
NC_045512.2	4008	T	A	39570	19529	50	13	13	32	0.000328324	39595	0.999936	FALSE	ORF1ab:cds-YP_009725295.1	TTC	F	TAC	Y	1248
NC_045512.2	4009	C	T	39466	19498	50	24	24	33	0.000607564	39502	0.978506	FALSE	ORF1ab:cds-YP_009724389.1	TTC	F	TTT	F	1248
NC_045512.2	4009	C	T	39466	19498	50	24	24	33	0.000607564	39502	0.978506	FALSE	ORF1ab:cds-YP_009725295.1	TTC	F	TTT	F	1248
NC_045512.2	4009	C	G	39466	19498	50	7	7	34	0.000177206	39502	1	FALSE	ORF1ab:cds-YP_009724389.1	TTC	F	TTG	L	1248
NC_045512.2	4009	C	G	39466	19498	50	7	7	34	0.000177206	39502	1	FALSE	ORF1ab:cds-YP_009725295.1	TTC	F	TTG	L	1248
NC_045512.2	4009	C	A	39466	19498	50	5	4	34	0.000126576	39502	1	FALSE	ORF1ab:cds-YP_009724389.1	TTC	F	TTA	L	1248
NC_045512.2	4009	C	A	39466	19498	50	5	4	34	0.000126576	39502	1	FALSE	ORF1ab:cds-YP_009725295.1	TTC	F	TTA	L	1248
NC_045512.2	4010	C	T	38882	19118	50	21	19	38	0.000539721	38909	0.990841	FALSE	ORF1ab:cds-YP_009724389.1	CTC	L	TTC	F	1249
NC_045512.2	4010	C	T	38882	19118	50	21	19	38	0.000539721	38909	0.990841	FALSE	ORF1ab:cds-YP_009725295.1	CTC	L	TTC	F	1249
NC_045512.2	4010	C	G	38882	19118	50	2	1	30	5.1402e-05	38909	1	FALSE	ORF1ab:cds-YP_009724389.1	CTC	L	GTC	V	1249
NC_045512.2	4010	C	G	38882	19118	50	2	1	30	5.1402e-05	38909	1	FALSE	ORF1ab:cds-YP_009725295.1	CTC	L	GTC	V	1249
NC_045512.2	4010	C	A	38882	19118	50	4	3	34	0.000102804	38909	1	FALSE	ORF1ab:cds-YP_009724389.1	CTC	L	ATC	I	1249
NC_045512.2	4010	C	A	38882	19118	50	4	3	34	0.000102804	38909	1	FALSE	ORF1ab:cds-YP_009725295.1	CTC	L	ATC	I	1249
NC_045512.2	4011	T	G	38820	18991	50	7	6	30	0.000180138	38859	1	FALSE	ORF1ab:cds-YP_009724389.1	CTC	L	CGC	R	1249
NC_045512.2	4011	T	G	38820	18991	50	7	6	30	0.000180138	38859	1	FALSE	ORF1ab:cds-YP_009725295.1	CTC	L	CGC	R	1249
NC_045512.2	4011	T	C	38820	18991	50	30	26	36	0.000772022	38859	0.862423	FALSE	ORF1ab:cds-YP_009724389.1	CTC	L	CCC	P	1249
NC_045512.2	4011	T	C	38820	18991	50	30	26	36	0.000772022	38859	0.862423	FALSE	ORF1ab:cds-YP_009725295.1	CTC	L	CCC	P	1249
NC_045512.2	4011	T	A	38820	18991	50	2	2	30	5.14681e-05	38859	1	FALSE	ORF1ab:cds-YP_009724389.1	CTC	L	CAC	H	1249
NC_045512.2	4011	T	A	38820	18991	50	2	2	30	5.14681e-05	38859	1	FALSE	ORF1ab:cds-YP_009725295.1	CTC	L	CAC	H	1249
NC_045512.2	4012	C	T	38852	19011	50	25	24	33	0.000642938	38884	0.961546	FALSE	ORF1ab:cds-YP_009724389.1	CTC	L	CTT	L	1249
NC_045512.2	4012	C	T	38852	19011	50	25	24	33	0.000642938	38884	0.961546	FALSE	ORF1ab:cds-YP_009725295.1	CTC	L	CTT	L	1249
NC_045512.2	4012	C	G	38852	19011	50	2	2	34	5.1435e-05	38884	1	FALSE	ORF1ab:cds-YP_009724389.1	CTC	L	CTG	L	1249
NC_045512.2	4012	C	G	38852	19011	50	2	2	34	5.1435e-05	38884	1	FALSE	ORF1ab:cds-YP_009725295.1	CTC	L	CTG	L	1249
NC_045512.2	4012	C	A	38852	19011	50	5	4	32	0.000128588	38884	1	FALSE	ORF1ab:cds-YP_009724389.1	CTC	L	CTA	L	1249
NC_045512.2	4012	C	A	38852	19011	50	5	4	32	0.000128588	38884	1	FALSE	ORF1ab:cds-YP_009725295.1	CTC	L	CTA	L	1249
NC_045512.2	4013	A	T	38635	18892	50	7	7	31	0.000180986	38677	1	FALSE	ORF1ab:cds-YP_009724389.1	ACA	T	TCA	S	1250
NC_045512.2	4013	A	T	38635	18892	50	7	7	31	0.000180986	38677	1	FALSE	ORF1ab:cds-YP_009725295.1	ACA	T	TCA	S	1250
NC_045512.2	4013	A	G	38635	18892	50	3	2	28	7.75655e-05	38677	1	FALSE	ORF1ab:cds-YP_009724389.1	ACA	T	GCA	A	1250
NC_045512.2	4013	A	G	38635	18892	50	3	2	28	7.75655e-05	38677	1	FALSE	ORF1ab:cds-YP_009725295.1	ACA	T	GCA	A	1250
NC_045512.2	4013	A	C	38635	18892	50	32	31	32	0.000827365	38677	0.798351	FALSE	ORF1ab:cds-YP_009724389.1	ACA	T	CCA	P	1250
NC_045512.2	4013	A	C	38635	18892	50	32	31	32	0.000827365	38677	0.798351	FALSE	ORF1ab:cds-YP_009725295.1	ACA	T	CCA	P	1250
NC_045512.2	4014	C	T	39073	19416	50	11	11	34	0.00028128	39107	0.999988	FALSE	ORF1ab:cds-YP_009724389.1	ACA	T	ATA	I	1250
NC_045512.2	4014	C	T	39073	19416	50	11	11	34	0.00028128	39107	0.999988	FALSE	ORF1ab:cds-YP_009725295.1	ACA	T	ATA	I	1250
NC_045512.2	4014	C	G	39073	19416	50	3	1	34	7.67126e-05	39107	1	FALSE	ORF1ab:cds-YP_009724389.1	ACA	T	AGA	R	1250
NC_045512.2	4014	C	G	39073	19416	50	3	1	34	7.67126e-05	39107	1	FALSE	ORF1ab:cds-YP_009725295.1	ACA	T	AGA	R	1250
NC_045512.2	4014	C	A	39073	19416	50	20	20	32	0.000511417	39107	0.995676	FALSE	ORF1ab:cds-YP_009724389.1	ACA	T	AAA	K	1250
NC_045512.2	4014	C	A	39073	19416	50	20	20	32	0.000511417	39107	0.995676	FALSE	ORF1ab:cds-YP_009725295.1	ACA	T	AAA	K	1250
NC_045512.2	4015	A	T	38436	19006	50	3	2	45	7.79768e-05	38473	0.655854	FALSE	ORF1ab:cds-YP_009724389.1	ACA	T	ACT	T	1250
NC_045512.2	4015	A	T	38436	19006	50	3	2	45	7.79768e-05	38473	0.655854	FALSE	ORF1ab:cds-YP_009725295.1	ACA	T	ACT	T	1250
NC_045512.2	4015	A	G	38436	19006	50	5	4	40	0.000129961	38473	0.362833	FALSE	ORF1ab:cds-YP_009724389.1	ACA	T	ACG	T	1250
NC_045512.2	4015	A	G	38436	19006	50	5	4	40	0.000129961	38473	0.362833	FALSE	ORF1ab:cds-YP_009725295.1	ACA	T	ACG	T	1250
NC_045512.2	4015	A	C	38436	19006	50	29	29	33	0.000753775	38473	0.889185	FALSE	ORF1ab:cds-YP_009724389.1	ACA	T	ACC	T	1250
NC_045512.2	4015	A	C	38436	19006	50	29	29	33	0.000753775	38473	0.889185	FALSE	ORF1ab:cds-YP_009725295.1	ACA	T	ACC	T	1250
NC_045512.2	4016	G	T	38750	19032	50	3	3	31	7.73435e-05	38788	1	FALSE	ORF1ab:cds-YP_009724389.1	GAA	E	TAA	*	1251
NC_045512.2	4016	G	T	38750	19032	50	3	3	31	7.73435e-05	38788	1	FALSE	ORF1ab:cds-YP_009725295.1	GAA	E	TAA	*	1251
NC_045512.2	4016	G	C	38750	19032	50	4	3	32	0.000103125	38788	1	FALSE	ORF1ab:cds-YP_009724389.1	GAA	E	CAA	Q	1251
NC_045512.2	4016	G	C	38750	19032	50	4	3	32	0.000103125	38788	1	FALSE	ORF1ab:cds-YP_009725295.1	GAA	E	CAA	Q	1251
NC_045512.2	4016	G	A	38750	19032	50	31	31	33	0.000799216	38788	0.832167	FALSE	ORF1ab:cds-YP_009724389.1	GAA	E	AAA	K	1251
NC_045512.2	4016	G	A	38750	19032	50	31	31	33	0.000799216	38788	0.832167	FALSE	ORF1ab:cds-YP_009725295.1	GAA	E	AAA	K	1251
NC_045512.2	4017	A	T	38830	19673	50	1	1	34	2.57301e-05	38865	1	FALSE	ORF1ab:cds-YP_009724389.1	GAA	E	GTA	V	1251
NC_045512.2	4017	A	T	38830	19673	50	1	1	34	2.57301e-05	38865	1	FALSE	ORF1ab:cds-YP_009725295.1	GAA	E	GTA	V	1251
NC_045512.2	4017	A	G	38830	19673	50	25	24	33	0.000643252	38865	0.96152	FALSE	ORF1ab:cds-YP_009724389.1	GAA	E	GGA	G	1251
NC_045512.2	4017	A	G	38830	19673	50	25	24	33	0.000643252	38865	0.96152	FALSE	ORF1ab:cds-YP_009725295.1	GAA	E	GGA	G	1251
NC_045512.2	4017	A	C	38830	19673	50	9	9	34	0.000231571	38865	0.999997	FALSE	ORF1ab:cds-YP_009724389.1	GAA	E	GCA	A	1251
NC_045512.2	4017	A	C	38830	19673	50	9	9	34	0.000231571	38865	0.999997	FALSE	ORF1ab:cds-YP_009725295.1	GAA	E	GCA	A	1251
NC_045512.2	4018	A	T	38794	19737	50	5	5	34	0.000128846	38806	1	FALSE	ORF1ab:cds-YP_009724389.1	GAA	E	GAT	D	1251
NC_045512.2	4018	A	T	38794	19737	50	5	5	34	0.000128846	38806	1	FALSE	ORF1ab:cds-YP_009725295.1	GAA	E	GAT	D	1251
NC_045512.2	4018	A	G	38794	19737	50	7	4	35	0.000180384	38806	1	FALSE	ORF1ab:cds-YP_009724389.1	GAA	E	GAG	E	1251
NC_045512.2	4018	A	G	38794	19737	50	7	4	35	0.000180384	38806	1	FALSE	ORF1ab:cds-YP_009725295.1	GAA	E	GAG	E	1251
NC_045512.2	4019	A	T	38499	20003	50	4	4	31	0.000103845	38519	1	FALSE	ORF1ab:cds-YP_009724389.1	AAC	N	TAC	Y	1252
NC_045512.2	4019	A	T	38499	20003	50	4	4	31	0.000103845	38519	1	FALSE	ORF1ab:cds-YP_009725295.1	AAC	N	TAC	Y	1252
NC_045512.2	4019	A	G	38499	20003	50	15	12	32	0.000389418	38519	0.9996	FALSE	ORF1ab:cds-YP_009724389.1	AAC	N	GAC	D	1252
NC_045512.2	4019	A	G	38499	20003	50	15	12	32	0.000389418	38519	0.9996	FALSE	ORF1ab:cds-YP_009725295.1	AAC	N	GAC	D	1252
NC_045512.2	4019	A	C	38499	20003	50	1	0	27	2.59612e-05	38519	1	FALSE	ORF1ab:cds-YP_009724389.1	AAC	N	CAC	H	1252
NC_045512.2	4019	A	C	38499	20003	50	1	0	27	2.59612e-05	38519	1	FALSE	ORF1ab:cds-YP_009725295.1	AAC	N	CAC	H	1252
NC_045512.2	4020	A	T	38743	21763	50	1	1	34	2.58018e-05	38757	1	FALSE	ORF1ab:cds-YP_009724389.1	AAC	N	ATC	I	1252
NC_045512.2	4020	A	T	38743	21763	50	1	1	34	2.58018e-05	38757	1	FALSE	ORF1ab:cds-YP_009725295.1	AAC	N	ATC	I	1252
NC_045512.2	4020	A	G	38743	21763	50	7	3	38	0.000180613	38757	1	FALSE	ORF1ab:cds-YP_009724389.1	AAC	N	AGC	S	1252
NC_045512.2	4020	A	G	38743	21763	50	7	3	38	0.000180613	38757	1	FALSE	ORF1ab:cds-YP_009725295.1	AAC	N	AGC	S	1252
NC_045512.2	4020	A	C	38743	21763	50	6	4	30	0.000154811	38757	1	FALSE	ORF1ab:cds-YP_009724389.1	AAC	N	ACC	T	1252
NC_045512.2	4020	A	C	38743	21763	50	6	4	30	0.000154811	38757	1	FALSE	ORF1ab:cds-YP_009725295.1	AAC	N	ACC	T	1252
NC_045512.2	4021	C	G	39977	21962	52	3	3	31	7.49681e-05	40017	1	FALSE	ORF1ab:cds-YP_009724389.1	AAC	N	AAG	K	1252
NC_045512.2	4021	C	G	39977	21962	52	3	3	31	7.49681e-05	40017	1	FALSE	ORF1ab:cds-YP_009725295.1	AAC	N	AAG	K	1252
NC_045512.2	4021	C	A	39977	21962	52	37	37	33	0.000924607	40017	0.675604	FALSE	ORF1ab:cds-YP_009724389.1	AAC	N	AAA	K	1252
NC_045512.2	4021	C	A	39977	21962	52	37	37	33	0.000924607	40017	0.675604	FALSE	ORF1ab:cds-YP_009725295.1	AAC	N	AAA	K	1252
NC_045512.2	4022	T	G	39323	21541	52	2	2	34	5.08027e-05	39368	1	FALSE	ORF1ab:cds-YP_009724389.1	TTG	L	GTG	V	1253
NC_045512.2	4022	T	G	39323	21541	52	2	2	34	5.08027e-05	39368	1	FALSE	ORF1ab:cds-YP_009725295.1	TTG	L	GTG	V	1253
NC_045512.2	4022	T	C	39323	21541	52	26	25	34	0.000660435	39368	0.95906	FALSE	ORF1ab:cds-YP_009724389.1	TTG	L	CTG	L	1253
NC_045512.2	4022	T	C	39323	21541	52	26	25	34	0.000660435	39368	0.95906	FALSE	ORF1ab:cds-YP_009725295.1	TTG	L	CTG	L	1253
NC_045512.2	4022	T	A	39323	21541	52	17	17	32	0.000431823	39368	0.999075	FALSE	ORF1ab:cds-YP_009724389.1	TTG	L	ATG	M	1253
NC_045512.2	4022	T	A	39323	21541	52	17	17	32	0.000431823	39368	0.999075	FALSE	ORF1ab:cds-YP_009725295.1	TTG	L	ATG	M	1253
NC_045512.2	4023	T	G	38921	21265	52	3	3	31	7.70218e-05	38950	1	FALSE	ORF1ab:cds-YP_009724389.1	TTG	L	TGG	W	1253
NC_045512.2	4023	T	G	38921	21265	52	3	3	31	7.70218e-05	38950	1	FALSE	ORF1ab:cds-YP_009725295.1	TTG	L	TGG	W	1253
NC_045512.2	4023	T	C	38921	21265	52	8	4	48	0.000205392	38950	0.113099	FALSE	ORF1ab:cds-YP_009724389.1	TTG	L	TCG	S	1253
NC_045512.2	4023	T	C	38921	21265	52	8	4	48	0.000205392	38950	0.113099	FALSE	ORF1ab:cds-YP_009725295.1	TTG	L	TCG	S	1253
NC_045512.2	4023	T	A	38921	21265	52	18	17	31	0.000462131	38950	0.99772	FALSE	ORF1ab:cds-YP_009724389.1	TTG	L	TAG	*	1253
NC_045512.2	4023	T	A	38921	21265	52	18	17	31	0.000462131	38950	0.99772	FALSE	ORF1ab:cds-YP_009725295.1	TTG	L	TAG	*	1253
NC_045512.2	4024	G	T	39094	21312	52	30	30	33	0.000766421	39143	0.885533	FALSE	ORF1ab:cds-YP_009724389.1	TTG	L	TTT	F	1253
NC_045512.2	4024	G	T	39094	21312	52	30	30	33	0.000766421	39143	0.885533	FALSE	ORF1ab:cds-YP_009725295.1	TTG	L	TTT	F	1253
NC_045512.2	4024	G	C	39094	21312	52	14	14	32	0.000357663	39143	0.999865	FALSE	ORF1ab:cds-YP_009724389.1	TTG	L	TTC	F	1253
NC_045512.2	4024	G	C	39094	21312	52	14	14	32	0.000357663	39143	0.999865	FALSE	ORF1ab:cds-YP_009725295.1	TTG	L	TTC	F	1253
NC_045512.2	4024	G	A	39094	21312	52	5	5	39	0.000127737	39143	1	FALSE	ORF1ab:cds-YP_009724389.1	TTG	L	TTA	L	1253
NC_045512.2	4024	G	A	39094	21312	52	5	5	39	0.000127737	39143	1	FALSE	ORF1ab:cds-YP_009725295.1	TTG	L	TTA	L	1253
NC_045512.2	4025	T	G	39013	21303	52	26	26	32	0.00066583	39049	0.959141	FALSE	ORF1ab:cds-YP_009724389.1	TTA	L	GTA	V	1254
NC_045512.2	4025	T	G	39013	21303	52	26	26	32	0.00066583	39049	0.959141	FALSE	ORF1ab:cds-YP_009725295.1	TTA	L	GTA	V	1254
NC_045512.2	4025	T	C	39013	21303	52	5	5	32	0.000128044	39049	1	FALSE	ORF1ab:cds-YP_009724389.1	TTA	L	CTA	L	1254
NC_045512.2	4025	T	C	39013	21303	52	5	5	32	0.000128044	39049	1	FALSE	ORF1ab:cds-YP_009725295.1	TTA	L	CTA	L	1254
NC_045512.2	4025	T	A	39013	21303	52	5	5	34	0.000128044	39049	1	FALSE	ORF1ab:cds-YP_009724389.1	TTA	L	ATA	I	1254
NC_045512.2	4025	T	A	39013	21303	52	5	5	34	0.000128044	39049	1	FALSE	ORF1ab:cds-YP_009725295.1	TTA	L	ATA	I	1254
NC_045512.2	4026	T	G	39103	21410	53	9	6	31	0.000230055	39121	0.999998	FALSE	ORF1ab:cds-YP_009724389.1	TTA	L	TGA	*	1254
NC_045512.2	4026	T	G	39103	21410	53	9	6	31	0.000230055	39121	0.999998	FALSE	ORF1ab:cds-YP_009725295.1	TTA	L	TGA	*	1254
NC_045512.2	4026	T	C	39103	21410	53	4	3	49	0.000102247	39121	0.499818	FALSE	ORF1ab:cds-YP_009724389.1	TTA	L	TCA	S	1254
NC_045512.2	4026	T	C	39103	21410	53	4	3	49	0.000102247	39121	0.499818	FALSE	ORF1ab:cds-YP_009725295.1	TTA	L	TCA	S	1254
NC_045512.2	4026	T	A	39103	21410	53	5	5	32	0.000127809	39121	1	FALSE	ORF1ab:cds-YP_009724389.1	TTA	L	TAA	*	1254
NC_045512.2	4026	T	A	39103	21410	53	5	5	32	0.000127809	39121	1	FALSE	ORF1ab:cds-YP_009725295.1	TTA	L	TAA	*	1254
NC_045512.2	4027	A	T	39382	21075	51	35	35	33	0.000887469	39438	0.718664	FALSE	ORF1ab:cds-YP_009724389.1	TTA	L	TTT	F	1254
NC_045512.2	4027	A	T	39382	21075	51	35	35	33	0.000887469	39438	0.718664	FALSE	ORF1ab:cds-YP_009725295.1	TTA	L	TTT	F	1254
NC_045512.2	4027	A	G	39382	21075	51	17	15	31	0.000431056	39438	0.999071	FALSE	ORF1ab:cds-YP_009724389.1	TTA	L	TTG	L	1254
NC_045512.2	4027	A	G	39382	21075	51	17	15	31	0.000431056	39438	0.999071	FALSE	ORF1ab:cds-YP_009725295.1	TTA	L	TTG	L	1254
NC_045512.2	4027	A	C	39382	21075	51	4	4	28	0.000101425	39438	1	FALSE	ORF1ab:cds-YP_009724389.1	TTA	L	TTC	F	1254
NC_045512.2	4027	A	C	39382	21075	51	4	4	28	0.000101425	39438	1	FALSE	ORF1ab:cds-YP_009725295.1	TTA	L	TTC	F	1254
NC_045512.2	4028	C	T	39936	21551	52	22	22	32	0.00055011	39992	0.989729	FALSE	ORF1ab:cds-YP_009724389.1	CTT	L	TTT	F	1255
NC_045512.2	4028	C	T	39936	21551	52	22	22	32	0.00055011	39992	0.989729	FALSE	ORF1ab:cds-YP_009725295.1	CTT	L	TTT	F	1255
NC_045512.2	4028	C	G	39936	21551	52	3	3	34	7.5015e-05	39992	1	FALSE	ORF1ab:cds-YP_009724389.1	CTT	L	GTT	V	1255
NC_045512.2	4028	C	G	39936	21551	52	3	3	34	7.5015e-05	39992	1	FALSE	ORF1ab:cds-YP_009725295.1	CTT	L	GTT	V	1255
NC_045512.2	4028	C	A	39936	21551	52	31	30	32	0.000775155	39992	0.858553	FALSE	ORF1ab:cds-YP_009724389.1	CTT	L	ATT	I	1255
NC_045512.2	4028	C	A	39936	21551	52	31	30	32	0.000775155	39992	0.858553	FALSE	ORF1ab:cds-YP_009725295.1	CTT	L	ATT	I	1255
NC_045512.2	4029	T	G	38261	19877	50	3	3	34	7.83249e-05	38302	1	FALSE	ORF1ab:cds-YP_009724389.1	CTT	L	CGT	R	1255
NC_045512.2	4029	T	G	38261	19877	50	3	3	34	7.83249e-05	38302	1	FALSE	ORF1ab:cds-YP_009725295.1	CTT	L	CGT	R	1255
NC_045512.2	4029	T	C	38261	19877	50	28	28	32	0.000731032	38302	0.912247	FALSE	ORF1ab:cds-YP_009724389.1	CTT	L	CCT	P	1255
NC_045512.2	4029	T	C	38261	19877	50	28	28	32	0.000731032	38302	0.912247	FALSE	ORF1ab:cds-YP_009725295.1	CTT	L	CCT	P	1255
NC_045512.2	4029	T	A	38261	19877	50	10	10	37	0.000261083	38302	0.999992	FALSE	ORF1ab:cds-YP_009724389.1	CTT	L	CAT	H	1255
NC_045512.2	4029	T	A	38261	19877	50	10	10	37	0.000261083	38302	0.999992	FALSE	ORF1ab:cds-YP_009725295.1	CTT	L	CAT	H	1255
NC_045512.2	4030	T	G	39372	21072	52	2	2	30	5.07627e-05	39399	1	FALSE	ORF1ab:cds-YP_009724389.1	CTT	L	CTG	L	1255
NC_045512.2	4030	T	G	39372	21072	52	2	2	30	5.07627e-05	39399	1	FALSE	ORF1ab:cds-YP_009725295.1	CTT	L	CTG	L	1255
NC_045512.2	4030	T	C	39372	21072	52	9	9	33	0.000228432	39399	0.999998	FALSE	ORF1ab:cds-YP_009724389.1	CTT	L	CTC	L	1255
NC_045512.2	4030	T	C	39372	21072	52	9	9	33	0.000228432	39399	0.999998	FALSE	ORF1ab:cds-YP_009725295.1	CTT	L	CTC	L	1255
NC_045512.2	4030	T	A	39372	21072	52	16	16	33	0.000406102	39399	0.999492	FALSE	ORF1ab:cds-YP_009724389.1	CTT	L	CTA	L	1255
NC_045512.2	4030	T	A	39372	21072	52	16	16	33	0.000406102	39399	0.999492	FALSE	ORF1ab:cds-YP_009725295.1	CTT	L	CTA	L	1255
NC_045512.2	4031	T	G	39097	20974	52	3	3	31	7.66773e-05	39125	1	FALSE	ORF1ab:cds-YP_009724389.1	TAT	Y	GAT	D	1256
NC_045512.2	4031	T	G	39097	20974	52	3	3	31	7.66773e-05	39125	1	FALSE	ORF1ab:cds-YP_009725295.1	TAT	Y	GAT	D	1256
NC_045512.2	4031	T	C	39097	20974	52	17	16	32	0.000434505	39125	0.99908	FALSE	ORF1ab:cds-YP_009724389.1	TAT	Y	CAT	H	1256
NC_045512.2	4031	T	C	39097	20974	52	17	16	32	0.000434505	39125	0.99908	FALSE	ORF1ab:cds-YP_009725295.1	TAT	Y	CAT	H	1256
NC_045512.2	4031	T	A	39097	20974	52	8	8	33	0.000204473	39125	0.999999	FALSE	ORF1ab:cds-YP_009724389.1	TAT	Y	AAT	N	1256
NC_045512.2	4031	T	A	39097	20974	52	8	8	33	0.000204473	39125	0.999999	FALSE	ORF1ab:cds-YP_009725295.1	TAT	Y	AAT	N	1256
NC_045512.2	4032	A	T	40151	21369	52	46	44	34	0.00114419	40203	0.294718	FALSE	ORF1ab:cds-YP_009724389.1	TAT	Y	TTT	F	1256
NC_045512.2	4032	A	T	40151	21369	52	46	44	34	0.00114419	40203	0.294718	FALSE	ORF1ab:cds-YP_009725295.1	TAT	Y	TTT	F	1256
NC_045512.2	4032	A	G	40151	21369	52	4	2	32	9.94951e-05	40203	1	FALSE	ORF1ab:cds-YP_009724389.1	TAT	Y	TGT	C	1256
NC_045512.2	4032	A	G	40151	21369	52	4	2	32	9.94951e-05	40203	1	FALSE	ORF1ab:cds-YP_009725295.1	TAT	Y	TGT	C	1256
NC_045512.2	4032	A	C	40151	21369	52	2	2	30	4.97475e-05	40203	1	FALSE	ORF1ab:cds-YP_009724389.1	TAT	Y	TCT	S	1256
NC_045512.2	4032	A	C	40151	21369	52	2	2	30	4.97475e-05	40203	1	FALSE	ORF1ab:cds-YP_009725295.1	TAT	Y	TCT	S	1256
NC_045512.2	4033	T	G	39711	21193	51	3	3	35	7.54679e-05	39752	1	FALSE	ORF1ab:cds-YP_009724389.1	TAT	Y	TAG	*	1256
NC_045512.2	4033	T	G	39711	21193	51	3	3	35	7.54679e-05	39752	1	FALSE	ORF1ab:cds-YP_009725295.1	TAT	Y	TAG	*	1256
NC_045512.2	4033	T	C	39711	21193	51	7	5	36	0.000176092	39752	1	FALSE	ORF1ab:cds-YP_009724389.1	TAT	Y	TAC	Y	1256
NC_045512.2	4033	T	C	39711	21193	51	7	5	36	0.000176092	39752	1	FALSE	ORF1ab:cds-YP_009725295.1	TAT	Y	TAC	Y	1256
NC_045512.2	4033	T	A	39711	21193	51	31	31	33	0.000779835	39752	0.858904	FALSE	ORF1ab:cds-YP_009724389.1	TAT	Y	TAA	*	1256
NC_045512.2	4033	T	A	39711	21193	51	31	31	33	0.000779835	39752	0.858904	FALSE	ORF1ab:cds-YP_009725295.1	TAT	Y	TAA	*	1256
NC_045512.2	4034	A	T	40048	21790	52	39	39	31	0.000972738	40093	0.588755	FALSE	ORF1ab:cds-YP_009724389.1	ATT	I	TTT	F	1257
NC_045512.2	4034	A	T	40048	21790	52	39	39	31	0.000972738	40093	0.588755	FALSE	ORF1ab:cds-YP_009725295.1	ATT	I	TTT	F	1257
NC_045512.2	4034	A	G	40048	21790	52	3	2	28	7.4826e-05	40093	1	FALSE	ORF1ab:cds-YP_009724389.1	ATT	I	GTT	V	1257
NC_045512.2	4034	A	G	40048	21790	52	3	2	28	7.4826e-05	40093	1	FALSE	ORF1ab:cds-YP_009725295.1	ATT	I	GTT	V	1257
NC_045512.2	4034	A	C	40048	21790	52	3	3	28	7.4826e-05	40093	1	FALSE	ORF1ab:cds-YP_009724389.1	ATT	I	CTT	L	1257
NC_045512.2	4034	A	C	40048	21790	52	3	3	28	7.4826e-05	40093	1	FALSE	ORF1ab:cds-YP_009725295.1	ATT	I	CTT	L	1257
NC_045512.2	4035	T	G	38611	20305	49	6	6	32	0.000155179	38665	1	FALSE	ORF1ab:cds-YP_009724389.1	ATT	I	AGT	S	1257
NC_045512.2	4035	T	G	38611	20305	49	6	6	32	0.000155179	38665	1	FALSE	ORF1ab:cds-YP_009725295.1	ATT	I	AGT	S	1257
NC_045512.2	4035	T	C	38611	20305	49	3	3	45	7.75896e-05	38665	0.655649	FALSE	ORF1ab:cds-YP_009724389.1	ATT	I	ACT	T	1257
NC_045512.2	4035	T	C	38611	20305	49	3	3	45	7.75896e-05	38665	0.655649	FALSE	ORF1ab:cds-YP_009725295.1	ATT	I	ACT	T	1257
NC_045512.2	4035	T	A	38611	20305	49	45	45	32	0.00116384	38665	0.254787	FALSE	ORF1ab:cds-YP_009724389.1	ATT	I	AAT	N	1257
NC_045512.2	4035	T	A	38611	20305	49	45	45	32	0.00116384	38665	0.254787	FALSE	ORF1ab:cds-YP_009725295.1	ATT	I	AAT	N	1257
NC_045512.2	4036	T	G	38856	20798	52	7	6	33	0.000180041	38880	1	FALSE	ORF1ab:cds-YP_009724389.1	ATT	I	ATG	M	1257
NC_045512.2	4036	T	G	38856	20798	52	7	6	33	0.000180041	38880	1	FALSE	ORF1ab:cds-YP_009725295.1	ATT	I	ATG	M	1257
NC_045512.2	4036	T	C	38856	20798	52	7	4	41	0.000180041	38880	0.17169	FALSE	ORF1ab:cds-YP_009724389.1	ATT	I	ATC	I	1257
NC_045512.2	4036	T	C	38856	20798	52	7	4	41	0.000180041	38880	0.17169	FALSE	ORF1ab:cds-YP_009725295.1	ATT	I	ATC	I	1257
NC_045512.2	4036	T	A	38856	20798	52	10	10	31	0.000257202	38880	0.999992	FALSE	ORF1ab:cds-YP_009724389.1	ATT	I	ATA	I	1257
NC_045512.2	4036	T	A	38856	20798	52	10	10	31	0.000257202	38880	0.999992	FALSE	ORF1ab:cds-YP_009725295.1	ATT	I	ATA	I	1257
NC_045512.2	4037	G	T	38830	20745	52	31	31	32	0.000797264	38883	0.831764	FALSE	ORF1ab:cds-YP_009724389.1	GAC	D	TAC	Y	1258
NC_045512.2	4037	G	T	38830	20745	52	31	31	32	0.000797264	38883	0.831764	FALSE	ORF1ab:cds-YP_009725295.1	GAC	D	TAC	Y	1258
NC_045512.2	4037	G	C	38830	20745	52	2	2	34	5.14364e-05	38883	1	FALSE	ORF1ab:cds-YP_009724389.1	GAC	D	CAC	H	1258
NC_045512.2	4037	G	C	38830	20745	52	2	2	34	5.14364e-05	38883	1	FALSE	ORF1ab:cds-YP_009725295.1	GAC	D	CAC	H	1258
NC_045512.2	4037	G	A	38830	20745	52	20	20	33	0.000514364	38883	0.993999	FALSE	ORF1ab:cds-YP_009724389.1	GAC	D	AAC	N	1258
NC_045512.2	4037	G	A	38830	20745	52	20	20	33	0.000514364	38883	0.993999	FALSE	ORF1ab:cds-YP_009725295.1	GAC	D	AAC	N	1258
NC_045512.2	4038	A	T	38948	20895	52	17	17	32	0.000435842	39005	0.999071	FALSE	ORF1ab:cds-YP_009724389.1	GAC	D	GTC	V	1258
NC_045512.2	4038	A	T	38948	20895	52	17	17	32	0.000435842	39005	0.999071	FALSE	ORF1ab:cds-YP_009725295.1	GAC	D	GTC	V	1258
NC_045512.2	4038	A	G	38948	20895	52	31	30	32	0.00079477	39005	0.858517	FALSE	ORF1ab:cds-YP_009724389.1	GAC	D	GGC	G	1258
NC_045512.2	4038	A	G	38948	20895	52	31	30	32	0.00079477	39005	0.858517	FALSE	ORF1ab:cds-YP_009725295.1	GAC	D	GGC	G	1258
NC_045512.2	4038	A	C	38948	20895	52	9	9	29	0.00023074	39005	1	FALSE	ORF1ab:cds-YP_009724389.1	GAC	D	GCC	A	1258
NC_045512.2	4038	A	C	38948	20895	52	9	9	29	0.00023074	39005	1	FALSE	ORF1ab:cds-YP_009725295.1	GAC	D	GCC	A	1258
NC_045512.2	4039	C	T	39695	21138	52	17	17	33	0.000427651	39752	0.999071	FALSE	ORF1ab:cds-YP_009724389.1	GAC	D	GAT	D	1258
NC_045512.2	4039	C	T	39695	21138	52	17	17	33	0.000427651	39752	0.999071	FALSE	ORF1ab:cds-YP_009725295.1	GAC	D	GAT	D	1258
NC_045512.2	4039	C	G	39695	21138	52	7	7	34	0.000176092	39752	1	FALSE	ORF1ab:cds-YP_009724389.1	GAC	D	GAG	E	1258
NC_045512.2	4039	C	G	39695	21138	52	7	7	34	0.000176092	39752	1	FALSE	ORF1ab:cds-YP_009725295.1	GAC	D	GAG	E	1258
NC_045512.2	4039	C	A	39695	21138	52	33	33	32	0.000830147	39752	0.794617	FALSE	ORF1ab:cds-YP_009724389.1	GAC	D	GAA	E	1258
NC_045512.2	4039	C	A	39695	21138	52	33	33	32	0.000830147	39752	0.794617	FALSE	ORF1ab:cds-YP_009725295.1	GAC	D	GAA	E	1258
NC_045512.2	4040	A	T	39761	21291	52	3	2	34	7.53504e-05	39814	1	FALSE	ORF1ab:cds-YP_009724389.1	ATT	I	TTT	F	1259
NC_045512.2	4040	A	T	39761	21291	52	3	2	34	7.53504e-05	39814	1	FALSE	ORF1ab:cds-YP_009725295.1	ATT	I	TTT	F	1259
NC_045512.2	4040	A	G	39761	21291	52	21	20	34	0.000527453	39814	0.993216	FALSE	ORF1ab:cds-YP_009724389.1	ATT	I	GTT	V	1259
NC_045512.2	4040	A	G	39761	21291	52	21	20	34	0.000527453	39814	0.993216	FALSE	ORF1ab:cds-YP_009725295.1	ATT	I	GTT	V	1259
NC_045512.2	4040	A	C	39761	21291	52	29	29	32	0.000728387	39814	0.908797	FALSE	ORF1ab:cds-YP_009724389.1	ATT	I	CTT	L	1259
NC_045512.2	4040	A	C	39761	21291	52	29	29	32	0.000728387	39814	0.908797	FALSE	ORF1ab:cds-YP_009725295.1	ATT	I	CTT	L	1259
NC_045512.2	4041	T	G	37521	19424	50	4	2	29	0.000106442	37579	1	FALSE	ORF1ab:cds-YP_009724389.1	ATT	I	AGT	S	1259
NC_045512.2	4041	T	G	37521	19424	50	4	2	29	0.000106442	37579	1	FALSE	ORF1ab:cds-YP_009725295.1	ATT	I	AGT	S	1259
NC_045512.2	4041	T	C	37521	19424	50	7	6	38	0.000186274	37579	1	FALSE	ORF1ab:cds-YP_009724389.1	ATT	I	ACT	T	1259
NC_045512.2	4041	T	C	37521	19424	50	7	6	38	0.000186274	37579	1	FALSE	ORF1ab:cds-YP_009725295.1	ATT	I	ACT	T	1259
NC_045512.2	4041	T	A	37521	19424	50	47	47	32	0.0012507	37579	0.162631	FALSE	ORF1ab:cds-YP_009724389.1	ATT	I	AAT	N	1259
NC_045512.2	4041	T	A	37521	19424	50	47	47	32	0.0012507	37579	0.162631	FALSE	ORF1ab:cds-YP_009725295.1	ATT	I	AAT	N	1259
NC_045512.2	4042	T	G	38569	20478	52	7	3	30	0.0001813	38610	1	FALSE	ORF1ab:cds-YP_009724389.1	ATT	I	ATG	M	1259
NC_045512.2	4042	T	G	38569	20478	52	7	3	30	0.0001813	38610	1	FALSE	ORF1ab:cds-YP_009725295.1	ATT	I	ATG	M	1259
NC_045512.2	4042	T	C	38569	20478	52	19	18	34	0.0004921	38610	0.996234	FALSE	ORF1ab:cds-YP_009724389.1	ATT	I	ATC	I	1259
NC_045512.2	4042	T	C	38569	20478	52	19	18	34	0.0004921	38610	0.996234	FALSE	ORF1ab:cds-YP_009725295.1	ATT	I	ATC	I	1259
NC_045512.2	4042	T	A	38569	20478	52	15	14	32	0.0003885	38610	0.999597	FALSE	ORF1ab:cds-YP_009724389.1	ATT	I	ATA	I	1259
NC_045512.2	4042	T	A	38569	20478	52	15	14	32	0.0003885	38610	0.999597	FALSE	ORF1ab:cds-YP_009725295.1	ATT	I	ATA	I	1259
NC_045512.2	4043	A	T	38605	20535	52	34	32	32	0.000879667	38651	0.721687	FALSE	ORF1ab:cds-YP_009724389.1	AAT	N	TAT	Y	1260
NC_045512.2	4043	A	T	38605	20535	52	34	32	32	0.000879667	38651	0.721687	FALSE	ORF1ab:cds-YP_009725295.1	AAT	N	TAT	Y	1260
NC_045512.2	4043	A	G	38605	20535	52	8	5	33	0.00020698	38651	0.999999	FALSE	ORF1ab:cds-YP_009724389.1	AAT	N	GAT	D	1260
NC_045512.2	4043	A	G	38605	20535	52	8	5	33	0.00020698	38651	0.999999	FALSE	ORF1ab:cds-YP_009725295.1	AAT	N	GAT	D	1260
NC_045512.2	4043	A	C	38605	20535	52	4	3	30	0.00010349	38651	1	FALSE	ORF1ab:cds-YP_009724389.1	AAT	N	CAT	H	1260
NC_045512.2	4043	A	C	38605	20535	52	4	3	30	0.00010349	38651	1	FALSE	ORF1ab:cds-YP_009725295.1	AAT	N	CAT	H	1260
NC_045512.2	4044	A	T	38270	20310	51	18	18	33	0.000469986	38299	0.99772	FALSE	ORF1ab:cds-YP_009724389.1	AAT	N	ATT	I	1260
NC_045512.2	4044	A	T	38270	20310	51	18	18	33	0.000469986	38299	0.99772	FALSE	ORF1ab:cds-YP_009725295.1	AAT	N	ATT	I	1260
NC_045512.2	4044	A	G	38270	20310	51	4	3	40	0.000104441	38299	0.499657	FALSE	ORF1ab:cds-YP_009724389.1	AAT	N	AGT	S	1260
NC_045512.2	4044	A	G	38270	20310	51	4	3	40	0.000104441	38299	0.499657	FALSE	ORF1ab:cds-YP_009725295.1	AAT	N	AGT	S	1260
NC_045512.2	4044	A	C	38270	20310	51	7	7	30	0.000182772	38299	1	FALSE	ORF1ab:cds-YP_009724389.1	AAT	N	ACT	T	1260
NC_045512.2	4044	A	C	38270	20310	51	7	7	30	0.000182772	38299	1	FALSE	ORF1ab:cds-YP_009725295.1	AAT	N	ACT	T	1260
NC_045512.2	4045	T	G	38951	20789	52	5	4	27	0.000128215	38997	1	FALSE	ORF1ab:cds-YP_009724389.1	AAT	N	AAG	K	1260
NC_045512.2	4045	T	G	38951	20789	52	5	4	27	0.000128215	38997	1	FALSE	ORF1ab:cds-YP_009725295.1	AAT	N	AAG	K	1260
NC_045512.2	4045	T	C	38951	20789	52	3	2	54	7.6929e-05	38997	0.124793	FALSE	ORF1ab:cds-YP_009724389.1	AAT	N	AAC	N	1260
NC_045512.2	4045	T	C	38951	20789	52	3	2	54	7.6929e-05	38997	0.124793	FALSE	ORF1ab:cds-YP_009725295.1	AAT	N	AAC	N	1260
NC_045512.2	4045	T	A	38951	20789	52	38	37	33	0.000974434	38997	0.545322	FALSE	ORF1ab:cds-YP_009724389.1	AAT	N	AAA	K	1260
NC_045512.2	4045	T	A	38951	20789	52	38	37	33	0.000974434	38997	0.545322	FALSE	ORF1ab:cds-YP_009725295.1	AAT	N	AAA	K	1260
NC_045512.2	4046	G	T	38849	20985	51	32	31	32	0.000822347	38913	0.797683	FALSE	ORF1ab:cds-YP_009724389.1	GGC	G	TGC	C	1261
NC_045512.2	4046	G	T	38849	20985	51	32	31	32	0.000822347	38913	0.797683	FALSE	ORF1ab:cds-YP_009725295.1	GGC	G	TGC	C	1261
NC_045512.2	4046	G	C	38849	20985	51	3	3	34	7.70951e-05	38913	1	FALSE	ORF1ab:cds-YP_009724389.1	GGC	G	CGC	R	1261
NC_045512.2	4046	G	C	38849	20985	51	3	3	34	7.70951e-05	38913	1	FALSE	ORF1ab:cds-YP_009725295.1	GGC	G	CGC	R	1261
NC_045512.2	4046	G	A	38849	20985	51	29	27	35	0.000745252	38913	0.888647	FALSE	ORF1ab:cds-YP_009724389.1	GGC	G	AGC	S	1261
NC_045512.2	4046	G	A	38849	20985	51	29	27	35	0.000745252	38913	0.888647	FALSE	ORF1ab:cds-YP_009725295.1	GGC	G	AGC	S	1261
NC_045512.2	4047	G	T	38573	21004	51	5	5	32	0.00012951	38607	1	FALSE	ORF1ab:cds-YP_009724389.1	GGC	G	GTC	V	1261
NC_045512.2	4047	G	T	38573	21004	51	5	5	32	0.00012951	38607	1	FALSE	ORF1ab:cds-YP_009725295.1	GGC	G	GTC	V	1261
NC_045512.2	4047	G	C	38573	21004	51	6	6	32	0.000155412	38607	1	FALSE	ORF1ab:cds-YP_009724389.1	GGC	G	GCC	A	1261
NC_045512.2	4047	G	C	38573	21004	51	6	6	32	0.000155412	38607	1	FALSE	ORF1ab:cds-YP_009725295.1	GGC	G	GCC	A	1261
NC_045512.2	4047	G	A	38573	21004	51	23	23	36	0.000595747	38607	0.980182	FALSE	ORF1ab:cds-YP_009724389.1	GGC	G	GAC	D	1261
NC_045512.2	4047	G	A	38573	21004	51	23	23	36	0.000595747	38607	0.980182	FALSE	ORF1ab:cds-YP_009725295.1	GGC	G	GAC	D	1261
NC_045512.2	4048	C	T	37700	20245	51	25	21	38	0.000662024	37763	0.950699	FALSE	ORF1ab:cds-YP_009724389.1	GGC	G	GGT	G	1261
NC_045512.2	4048	C	T	37700	20245	51	25	21	38	0.000662024	37763	0.950699	FALSE	ORF1ab:cds-YP_009725295.1	GGC	G	GGT	G	1261
NC_045512.2	4048	C	G	37700	20245	51	31	30	33	0.000820909	37763	0.801098	FALSE	ORF1ab:cds-YP_009724389.1	GGC	G	GGG	G	1261
NC_045512.2	4048	C	G	37700	20245	51	31	30	33	0.000820909	37763	0.801098	FALSE	ORF1ab:cds-YP_009725295.1	GGC	G	GGG	G	1261
NC_045512.2	4048	C	A	37700	20245	51	7	6	34	0.000185367	37763	1	FALSE	ORF1ab:cds-YP_009724389.1	GGC	G	GGA	G	1261
NC_045512.2	4048	C	A	37700	20245	51	7	6	34	0.000185367	37763	1	FALSE	ORF1ab:cds-YP_009725295.1	GGC	G	GGA	G	1261
NC_045512.2	4049	A	T	37765	20413	52	7	6	32	0.000185073	37823	1	FALSE	ORF1ab:cds-YP_009724389.1	AAT	N	TAT	Y	1262
NC_045512.2	4049	A	T	37765	20413	52	7	6	32	0.000185073	37823	1	FALSE	ORF1ab:cds-YP_009725295.1	AAT	N	TAT	Y	1262
NC_045512.2	4049	A	G	37765	20413	52	22	19	34	0.000581657	37823	0.981706	FALSE	ORF1ab:cds-YP_009724389.1	AAT	N	GAT	D	1262
NC_045512.2	4049	A	G	37765	20413	52	22	19	34	0.000581657	37823	0.981706	FALSE	ORF1ab:cds-YP_009725295.1	AAT	N	GAT	D	1262
NC_045512.2	4049	A	C	37765	20413	52	29	29	32	0.000766729	37823	0.865547	FALSE	ORF1ab:cds-YP_009724389.1	AAT	N	CAT	H	1262
NC_045512.2	4049	A	C	37765	20413	52	29	29	32	0.000766729	37823	0.865547	FALSE	ORF1ab:cds-YP_009725295.1	AAT	N	CAT	H	1262
NC_045512.2	4050	A	T	37909	20584	52	2	1	34	5.2719e-05	37937	1	FALSE	ORF1ab:cds-YP_009724389.1	AAT	N	ATT	I	1262
NC_045512.2	4050	A	T	37909	20584	52	2	1	34	5.2719e-05	37937	1	FALSE	ORF1ab:cds-YP_009725295.1	AAT	N	ATT	I	1262
NC_045512.2	4050	A	G	37909	20584	52	18	17	36	0.000474471	37937	0.996773	FALSE	ORF1ab:cds-YP_009724389.1	AAT	N	AGT	S	1262
NC_045512.2	4050	A	G	37909	20584	52	18	17	36	0.000474471	37937	0.996773	FALSE	ORF1ab:cds-YP_009725295.1	AAT	N	AGT	S	1262
NC_045512.2	4050	A	C	37909	20584	52	8	7	30	0.000210876	37937	0.999998	FALSE	ORF1ab:cds-YP_009724389.1	AAT	N	ACT	T	1262
NC_045512.2	4050	A	C	37909	20584	52	8	7	30	0.000210876	37937	0.999998	FALSE	ORF1ab:cds-YP_009725295.1	AAT	N	ACT	T	1262
NC_045512.2	4051	T	G	36989	19723	49	4	3	34	0.000107956	37052	1	FALSE	ORF1ab:cds-YP_009724389.1	AAT	N	AAG	K	1262
NC_045512.2	4051	T	G	36989	19723	49	4	3	34	0.000107956	37052	1	FALSE	ORF1ab:cds-YP_009725295.1	AAT	N	AAG	K	1262
NC_045512.2	4051	T	C	36989	19723	49	18	18	34	0.000485804	37052	0.996739	FALSE	ORF1ab:cds-YP_009724389.1	AAT	N	AAC	N	1262
NC_045512.2	4051	T	C	36989	19723	49	18	18	34	0.000485804	37052	0.996739	FALSE	ORF1ab:cds-YP_009725295.1	AAT	N	AAC	N	1262
NC_045512.2	4051	T	A	36989	19723	49	41	41	33	0.00110655	37052	0.366158	FALSE	ORF1ab:cds-YP_009724389.1	AAT	N	AAA	K	1262
NC_045512.2	4051	T	A	36989	19723	49	41	41	33	0.00110655	37052	0.366158	FALSE	ORF1ab:cds-YP_009725295.1	AAT	N	AAA	K	1262
NC_045512.2	4052	C	T	37934	21006	52	25	24	31	0.000658068	37990	0.950775	FALSE	ORF1ab:cds-YP_009724389.1	CTT	L	TTT	F	1263
NC_045512.2	4052	C	T	37934	21006	52	25	24	31	0.000658068	37990	0.950775	FALSE	ORF1ab:cds-YP_009725295.1	CTT	L	TTT	F	1263
NC_045512.2	4052	C	G	37934	21006	52	5	4	34	0.000131614	37990	1	FALSE	ORF1ab:cds-YP_009724389.1	CTT	L	GTT	V	1263
NC_045512.2	4052	C	G	37934	21006	52	5	4	34	0.000131614	37990	1	FALSE	ORF1ab:cds-YP_009725295.1	CTT	L	GTT	V	1263
NC_045512.2	4052	C	A	37934	21006	52	26	26	33	0.000684391	37990	0.934735	FALSE	ORF1ab:cds-YP_009724389.1	CTT	L	ATT	I	1263
NC_045512.2	4052	C	A	37934	21006	52	26	26	33	0.000684391	37990	0.934735	FALSE	ORF1ab:cds-YP_009725295.1	CTT	L	ATT	I	1263
NC_045512.2	4053	T	G	37972	21037	52	5	5	32	0.000131475	38030	1	FALSE	ORF1ab:cds-YP_009724389.1	CTT	L	CGT	R	1263
NC_045512.2	4053	T	G	37972	21037	52	5	5	32	0.000131475	38030	1	FALSE	ORF1ab:cds-YP_009725295.1	CTT	L	CGT	R	1263
NC_045512.2	4053	T	C	37972	21037	52	32	31	35	0.000841441	38030	0.79785	FALSE	ORF1ab:cds-YP_009724389.1	CTT	L	CCT	P	1263
NC_045512.2	4053	T	C	37972	21037	52	32	31	35	0.000841441	38030	0.79785	FALSE	ORF1ab:cds-YP_009725295.1	CTT	L	CCT	P	1263
NC_045512.2	4053	T	A	37972	21037	52	21	21	33	0.000552196	38030	0.990764	FALSE	ORF1ab:cds-YP_009724389.1	CTT	L	CAT	H	1263
NC_045512.2	4053	T	A	37972	21037	52	21	21	33	0.000552196	38030	0.990764	FALSE	ORF1ab:cds-YP_009725295.1	CTT	L	CAT	H	1263
NC_045512.2	4054	T	G	37251	20594	51	3	2	29	8.04786e-05	37277	1	FALSE	ORF1ab:cds-YP_009724389.1	CTT	L	CTG	L	1263
NC_045512.2	4054	T	G	37251	20594	51	3	2	29	8.04786e-05	37277	1	FALSE	ORF1ab:cds-YP_009725295.1	CTT	L	CTG	L	1263
NC_045512.2	4054	T	C	37251	20594	51	15	13	35	0.000402393	37277	0.999403	FALSE	ORF1ab:cds-YP_009724389.1	CTT	L	CTC	L	1263
NC_045512.2	4054	T	C	37251	20594	51	15	13	35	0.000402393	37277	0.999403	FALSE	ORF1ab:cds-YP_009725295.1	CTT	L	CTC	L	1263
NC_045512.2	4054	T	A	37251	20594	51	8	8	33	0.00021461	37277	0.999998	FALSE	ORF1ab:cds-YP_009724389.1	CTT	L	CTA	L	1263
NC_045512.2	4054	T	A	37251	20594	51	8	8	33	0.00021461	37277	0.999998	FALSE	ORF1ab:cds-YP_009725295.1	CTT	L	CTA	L	1263
NC_045512.2	4055	C	T	37175	21402	51	33	33	34	0.00088662	37220	0.724474	FALSE	ORF1ab:cds-YP_009724389.1	CAT	H	TAT	Y	1264
NC_045512.2	4055	C	T	37175	21402	51	33	33	34	0.00088662	37220	0.724474	FALSE	ORF1ab:cds-YP_009725295.1	CAT	H	TAT	Y	1264
NC_045512.2	4055	C	G	37175	21402	51	3	1	29	8.06018e-05	37220	1	FALSE	ORF1ab:cds-YP_009724389.1	CAT	H	GAT	D	1264
NC_045512.2	4055	C	G	37175	21402	51	3	1	29	8.06018e-05	37220	1	FALSE	ORF1ab:cds-YP_009725295.1	CAT	H	GAT	D	1264
NC_045512.2	4055	C	A	37175	21402	51	9	8	31	0.000241805	37220	0.999995	FALSE	ORF1ab:cds-YP_009724389.1	CAT	H	AAT	N	1264
NC_045512.2	4055	C	A	37175	21402	51	9	8	31	0.000241805	37220	0.999995	FALSE	ORF1ab:cds-YP_009725295.1	CAT	H	AAT	N	1264
NC_045512.2	4056	A	T	37070	21360	51	23	22	33	0.000619412	37132	0.973861	FALSE	ORF1ab:cds-YP_009724389.1	CAT	H	CTT	L	1264
NC_045512.2	4056	A	T	37070	21360	51	23	22	33	0.000619412	37132	0.973861	FALSE	ORF1ab:cds-YP_009725295.1	CAT	H	CTT	L	1264
NC_045512.2	4056	A	G	37070	21360	51	10	4	40	0.000269309	37132	0.0458891	FALSE	ORF1ab:cds-YP_009724389.1	CAT	H	CGT	R	1264
NC_045512.2	4056	A	G	37070	21360	51	10	4	40	0.000269309	37132	0.0458891	FALSE	ORF1ab:cds-YP_009725295.1	CAT	H	CGT	R	1264
NC_045512.2	4056	A	C	37070	21360	51	29	29	32	0.000780998	37132	0.865442	FALSE	ORF1ab:cds-YP_009724389.1	CAT	H	CCT	P	1264
NC_045512.2	4056	A	C	37070	21360	51	29	29	32	0.000780998	37132	0.865442	FALSE	ORF1ab:cds-YP_009725295.1	CAT	H	CCT	P	1264
NC_045512.2	4057	T	G	37255	21513	51	2	2	34	5.3615e-05	37303	1	FALSE	ORF1ab:cds-YP_009724389.1	CAT	H	CAG	Q	1264
NC_045512.2	4057	T	G	37255	21513	51	2	2	34	5.3615e-05	37303	1	FALSE	ORF1ab:cds-YP_009725295.1	CAT	H	CAG	Q	1264
NC_045512.2	4057	T	C	37255	21513	51	15	13	37	0.000402112	37303	0.999398	FALSE	ORF1ab:cds-YP_009724389.1	CAT	H	CAC	H	1264
NC_045512.2	4057	T	C	37255	21513	51	15	13	37	0.000402112	37303	0.999398	FALSE	ORF1ab:cds-YP_009725295.1	CAT	H	CAC	H	1264
NC_045512.2	4057	T	A	37255	21513	51	31	30	32	0.000831032	37303	0.801551	FALSE	ORF1ab:cds-YP_009724389.1	CAT	H	CAA	Q	1264
NC_045512.2	4057	T	A	37255	21513	51	31	30	32	0.000831032	37303	0.801551	FALSE	ORF1ab:cds-YP_009725295.1	CAT	H	CAA	Q	1264
NC_045512.2	4058	C	T	37057	21396	51	32	32	33	0.000862441	37104	0.764436	FALSE	ORF1ab:cds-YP_009724389.1	CCA	P	TCA	S	1265
NC_045512.2	4058	C	T	37057	21396	51	32	32	33	0.000862441	37104	0.764436	FALSE	ORF1ab:cds-YP_009725295.1	CCA	P	TCA	S	1265
NC_045512.2	4058	C	G	37057	21396	51	4	4	32	0.000107805	37104	1	FALSE	ORF1ab:cds-YP_009724389.1	CCA	P	GCA	A	1265
NC_045512.2	4058	C	G	37057	21396	51	4	4	32	0.000107805	37104	1	FALSE	ORF1ab:cds-YP_009725295.1	CCA	P	GCA	A	1265
NC_045512.2	4058	C	A	37057	21396	51	11	11	32	0.000296464	37104	0.999969	FALSE	ORF1ab:cds-YP_009724389.1	CCA	P	ACA	T	1265
NC_045512.2	4058	C	A	37057	21396	51	11	11	32	0.000296464	37104	0.999969	FALSE	ORF1ab:cds-YP_009725295.1	CCA	P	ACA	T	1265
NC_045512.2	4059	C	T	36888	21326	50	13	12	36	0.000352055	36926	0.999764	FALSE	ORF1ab:cds-YP_009724389.1	CCA	P	CTA	L	1265
NC_045512.2	4059	C	T	36888	21326	50	13	12	36	0.000352055	36926	0.999764	FALSE	ORF1ab:cds-YP_009725295.1	CCA	P	CTA	L	1265
NC_045512.2	4059	C	G	36888	21326	50	2	2	26	5.41624e-05	36926	1	FALSE	ORF1ab:cds-YP_009724389.1	CCA	P	CGA	R	1265
NC_045512.2	4059	C	G	36888	21326	50	2	2	26	5.41624e-05	36926	1	FALSE	ORF1ab:cds-YP_009725295.1	CCA	P	CGA	R	1265
NC_045512.2	4059	C	A	36888	21326	50	23	22	32	0.000622867	36926	0.966223	FALSE	ORF1ab:cds-YP_009724389.1	CCA	P	CAA	Q	1265
NC_045512.2	4059	C	A	36888	21326	50	23	22	32	0.000622867	36926	0.966223	FALSE	ORF1ab:cds-YP_009725295.1	CCA	P	CAA	Q	1265
NC_045512.2	4060	A	T	36299	20772	51	16	16	33	0.000440129	36353	0.998394	FALSE	ORF1ab:cds-YP_009724389.1	CCA	P	CCT	P	1265
NC_045512.2	4060	A	T	36299	20772	51	16	16	33	0.000440129	36353	0.998394	FALSE	ORF1ab:cds-YP_009725295.1	CCA	P	CCT	P	1265
NC_045512.2	4060	A	G	36299	20772	51	7	6	35	0.000192556	36353	0.999999	FALSE	ORF1ab:cds-YP_009724389.1	CCA	P	CCG	P	1265
NC_045512.2	4060	A	G	36299	20772	51	7	6	35	0.000192556	36353	0.999999	FALSE	ORF1ab:cds-YP_009725295.1	CCA	P	CCG	P	1265
NC_045512.2	4060	A	C	36299	20772	51	31	31	32	0.000852749	36353	0.767436	FALSE	ORF1ab:cds-YP_009724389.1	CCA	P	CCC	P	1265
NC_045512.2	4060	A	C	36299	20772	51	31	31	32	0.000852749	36353	0.767436	FALSE	ORF1ab:cds-YP_009725295.1	CCA	P	CCC	P	1265
NC_045512.2	4061	G	T	36312	20768	51	5	5	30	0.000137461	36374	1	FALSE	ORF1ab:cds-YP_009724389.1	GAT	D	TAT	Y	1266
NC_045512.2	4061	G	T	36312	20768	51	5	5	30	0.000137461	36374	1	FALSE	ORF1ab:cds-YP_009725295.1	GAT	D	TAT	Y	1266
NC_045512.2	4061	G	C	36312	20768	51	20	20	32	0.000549843	36374	0.988781	FALSE	ORF1ab:cds-YP_009724389.1	GAT	D	CAT	H	1266
NC_045512.2	4061	G	C	36312	20768	51	20	20	32	0.000549843	36374	0.988781	FALSE	ORF1ab:cds-YP_009725295.1	GAT	D	CAT	H	1266
NC_045512.2	4061	G	A	36312	20768	51	37	35	33	0.00101721	36374	0.498871	FALSE	ORF1ab:cds-YP_009724389.1	GAT	D	AAT	N	1266
NC_045512.2	4061	G	A	36312	20768	51	37	35	33	0.00101721	36374	0.498871	FALSE	ORF1ab:cds-YP_009725295.1	GAT	D	AAT	N	1266
NC_045512.2	4061	G	-AT	36312	20768	51	1	0	20	2.74922e-05	36374	1	FALSE	NA	NA	NA	NA	NA	NA
NC_045512.2	4062	A	T	36150	20942	50	9	9	32	0.000248584	36205	0.999992	FALSE	ORF1ab:cds-YP_009724389.1	GAT	D	GTT	V	1266
NC_045512.2	4062	A	T	36150	20942	50	9	9	32	0.000248584	36205	0.999992	FALSE	ORF1ab:cds-YP_009725295.1	GAT	D	GTT	V	1266
NC_045512.2	4062	A	G	36150	20942	50	27	25	33	0.000745753	36205	0.89586	FALSE	ORF1ab:cds-YP_009724389.1	GAT	D	GGT	G	1266
NC_045512.2	4062	A	G	36150	20942	50	27	25	33	0.000745753	36205	0.89586	FALSE	ORF1ab:cds-YP_009725295.1	GAT	D	GGT	G	1266
NC_045512.2	4062	A	C	36150	20942	50	19	19	34	0.000524789	36205	0.992718	FALSE	ORF1ab:cds-YP_009724389.1	GAT	D	GCT	A	1266
NC_045512.2	4062	A	C	36150	20942	50	19	19	34	0.000524789	36205	0.992718	FALSE	ORF1ab:cds-YP_009725295.1	GAT	D	GCT	A	1266
NC_045512.2	4063	T	G	36254	20853	51	7	7	32	0.000192763	36314	0.999999	FALSE	ORF1ab:cds-YP_009724389.1	GAT	D	GAG	E	1266
NC_045512.2	4063	T	G	36254	20853	51	7	7	32	0.000192763	36314	0.999999	FALSE	ORF1ab:cds-YP_009725295.1	GAT	D	GAG	E	1266
NC_045512.2	4063	T	C	36254	20853	51	6	6	35	0.000165226	36314	1	FALSE	ORF1ab:cds-YP_009724389.1	GAT	D	GAC	D	1266
NC_045512.2	4063	T	C	36254	20853	51	6	6	35	0.000165226	36314	1	FALSE	ORF1ab:cds-YP_009725295.1	GAT	D	GAC	D	1266
NC_045512.2	4063	T	A	36254	20853	51	47	47	33	0.00129427	36314	0.135641	FALSE	ORF1ab:cds-YP_009724389.1	GAT	D	GAA	E	1266
NC_045512.2	4063	T	A	36254	20853	51	47	47	33	0.00129427	36314	0.135641	FALSE	ORF1ab:cds-YP_009725295.1	GAT	D	GAA	E	1266
NC_045512.2	4064	T	G	36035	20807	51	15	15	33	0.000415823	36073	0.999112	FALSE	ORF1ab:cds-YP_009724389.1	TCT	S	GCT	A	1267
NC_045512.2	4064	T	G	36035	20807	51	15	15	33	0.000415823	36073	0.999112	FALSE	ORF1ab:cds-YP_009725295.1	TCT	S	GCT	A	1267
NC_045512.2	4064	T	C	36035	20807	51	9	9	33	0.000249494	36073	0.999992	FALSE	ORF1ab:cds-YP_009724389.1	TCT	S	CCT	P	1267
NC_045512.2	4064	T	C	36035	20807	51	9	9	33	0.000249494	36073	0.999992	FALSE	ORF1ab:cds-YP_009725295.1	TCT	S	CCT	P	1267
NC_045512.2	4064	T	A	36035	20807	51	14	14	32	0.000388102	36073	0.99953	FALSE	ORF1ab:cds-YP_009724389.1	TCT	S	ACT	T	1267
NC_045512.2	4064	T	A	36035	20807	51	14	14	32	0.000388102	36073	0.99953	FALSE	ORF1ab:cds-YP_009725295.1	TCT	S	ACT	T	1267
NC_045512.2	4065	C	T	35850	21216	50	32	32	33	0.00089129	35903	0.686567	FALSE	ORF1ab:cds-YP_009724389.1	TCT	S	TTT	F	1267
NC_045512.2	4065	C	T	35850	21216	50	32	32	33	0.00089129	35903	0.686567	FALSE	ORF1ab:cds-YP_009725295.1	TCT	S	TTT	F	1267
NC_045512.2	4065	C	G	35850	21216	50	1	1	26	2.78528e-05	35903	1	FALSE	ORF1ab:cds-YP_009724389.1	TCT	S	TGT	C	1267
NC_045512.2	4065	C	G	35850	21216	50	1	1	26	2.78528e-05	35903	1	FALSE	ORF1ab:cds-YP_009725295.1	TCT	S	TGT	C	1267
NC_045512.2	4065	C	A	35850	21216	50	20	20	33	0.000557057	35903	0.984891	FALSE	ORF1ab:cds-YP_009724389.1	TCT	S	TAT	Y	1267
NC_045512.2	4065	C	A	35850	21216	50	20	20	33	0.000557057	35903	0.984891	FALSE	ORF1ab:cds-YP_009725295.1	TCT	S	TAT	Y	1267
NC_045512.2	4066	T	G	35615	21007	50	4	4	32	0.00011217	35660	1	FALSE	ORF1ab:cds-YP_009724389.1	TCT	S	TCG	S	1267
NC_045512.2	4066	T	G	35615	21007	50	4	4	32	0.00011217	35660	1	FALSE	ORF1ab:cds-YP_009725295.1	TCT	S	TCG	S	1267
NC_045512.2	4066	T	C	35615	21007	50	33	31	33	0.000925407	35660	0.641438	FALSE	ORF1ab:cds-YP_009724389.1	TCT	S	TCC	S	1267
NC_045512.2	4066	T	C	35615	21007	50	33	31	33	0.000925407	35660	0.641438	FALSE	ORF1ab:cds-YP_009725295.1	TCT	S	TCC	S	1267
NC_045512.2	4066	T	A	35615	21007	50	8	8	31	0.000224341	35660	0.999995	FALSE	ORF1ab:cds-YP_009724389.1	TCT	S	TCA	S	1267
NC_045512.2	4066	T	A	35615	21007	50	8	8	31	0.000224341	35660	0.999995	FALSE	ORF1ab:cds-YP_009725295.1	TCT	S	TCA	S	1267
NC_045512.2	4067	G	T	35205	20616	49	44	44	33	0.00124748	35271	0.183254	FALSE	ORF1ab:cds-YP_009724389.1	GCC	A	TCC	S	1268
NC_045512.2	4067	G	T	35205	20616	49	44	44	33	0.00124748	35271	0.183254	FALSE	ORF1ab:cds-YP_009725295.1	GCC	A	TCC	S	1268
NC_045512.2	4067	G	C	35205	20616	49	15	15	32	0.000425279	35271	0.998682	FALSE	ORF1ab:cds-YP_009724389.1	GCC	A	CCC	P	1268
NC_045512.2	4067	G	C	35205	20616	49	15	15	32	0.000425279	35271	0.998682	FALSE	ORF1ab:cds-YP_009725295.1	GCC	A	CCC	P	1268
NC_045512.2	4067	G	A	35205	20616	49	7	7	31	0.000198463	35271	0.999999	FALSE	ORF1ab:cds-YP_009724389.1	GCC	A	ACC	T	1268
NC_045512.2	4067	G	A	35205	20616	49	7	7	31	0.000198463	35271	0.999999	FALSE	ORF1ab:cds-YP_009725295.1	GCC	A	ACC	T	1268
NC_045512.2	4068	C	T	35422	20969	50	21	19	34	0.000591966	35475	0.977846	FALSE	ORF1ab:cds-YP_009724389.1	GCC	A	GTC	V	1268
NC_045512.2	4068	C	T	35422	20969	50	21	19	34	0.000591966	35475	0.977846	FALSE	ORF1ab:cds-YP_009725295.1	GCC	A	GTC	V	1268
NC_045512.2	4068	C	G	35422	20969	50	23	23	32	0.000648344	35475	0.956302	FALSE	ORF1ab:cds-YP_009724389.1	GCC	A	GGC	G	1268
NC_045512.2	4068	C	G	35422	20969	50	23	23	32	0.000648344	35475	0.956302	FALSE	ORF1ab:cds-YP_009725295.1	GCC	A	GGC	G	1268
NC_045512.2	4068	C	A	35422	20969	50	9	7	37	0.0002537	35475	0.999987	FALSE	ORF1ab:cds-YP_009724389.1	GCC	A	GAC	D	1268
NC_045512.2	4068	C	A	35422	20969	50	9	7	37	0.0002537	35475	0.999987	FALSE	ORF1ab:cds-YP_009725295.1	GCC	A	GAC	D	1268
NC_045512.2	4069	C	T	35451	21061	50	20	18	34	0.000563507	35492	0.984938	FALSE	ORF1ab:cds-YP_009724389.1	GCC	A	GCT	A	1268
NC_045512.2	4069	C	T	35451	21061	50	20	18	34	0.000563507	35492	0.984938	FALSE	ORF1ab:cds-YP_009725295.1	GCC	A	GCT	A	1268
NC_045512.2	4069	C	G	35451	21061	50	7	7	34	0.000197228	35492	0.999999	FALSE	ORF1ab:cds-YP_009724389.1	GCC	A	GCG	A	1268
NC_045512.2	4069	C	G	35451	21061	50	7	7	34	0.000197228	35492	0.999999	FALSE	ORF1ab:cds-YP_009725295.1	GCC	A	GCG	A	1268
NC_045512.2	4069	C	A	35451	21061	50	14	14	33	0.000394455	35492	0.999295	FALSE	ORF1ab:cds-YP_009724389.1	GCC	A	GCA	A	1268
NC_045512.2	4069	C	A	35451	21061	50	14	14	33	0.000394455	35492	0.999295	FALSE	ORF1ab:cds-YP_009725295.1	GCC	A	GCA	A	1268
NC_045512.2	4070	A	T	34910	20589	50	9	8	34	0.000257349	34972	0.999979	FALSE	ORF1ab:cds-YP_009724389.1	ACT	T	TCT	S	1269
NC_045512.2	4070	A	T	34910	20589	50	9	8	34	0.000257349	34972	0.999979	FALSE	ORF1ab:cds-YP_009725295.1	ACT	T	TCT	S	1269
NC_045512.2	4070	A	G	34910	20589	50	18	17	37	0.000514697	34972	0.991149	FALSE	ORF1ab:cds-YP_009724389.1	ACT	T	GCT	A	1269
NC_045512.2	4070	A	G	34910	20589	50	18	17	37	0.000514697	34972	0.991149	FALSE	ORF1ab:cds-YP_009725295.1	ACT	T	GCT	A	1269
NC_045512.2	4070	A	C	34910	20589	50	35	35	32	0.0010008	34972	0.498763	FALSE	ORF1ab:cds-YP_009724389.1	ACT	T	CCT	P	1269
NC_045512.2	4070	A	C	34910	20589	50	35	35	32	0.0010008	34972	0.498763	FALSE	ORF1ab:cds-YP_009725295.1	ACT	T	CCT	P	1269
NC_045512.2	4071	C	T	34876	21022	49	11	11	34	0.000314979	34923	0.999875	FALSE	ORF1ab:cds-YP_009724389.1	ACT	T	ATT	I	1269
NC_045512.2	4071	C	T	34876	21022	49	11	11	34	0.000314979	34923	0.999875	FALSE	ORF1ab:cds-YP_009725295.1	ACT	T	ATT	I	1269
NC_045512.2	4071	C	G	34876	21022	49	4	4	34	0.000114538	34923	1	FALSE	ORF1ab:cds-YP_009724389.1	ACT	T	AGT	S	1269
NC_045512.2	4071	C	G	34876	21022	49	4	4	34	0.000114538	34923	1	FALSE	ORF1ab:cds-YP_009725295.1	ACT	T	AGT	S	1269
NC_045512.2	4071	C	A	34876	21022	49	32	32	33	0.000916302	34923	0.64334	FALSE	ORF1ab:cds-YP_009724389.1	ACT	T	AAT	N	1269
NC_045512.2	4071	C	A	34876	21022	49	32	32	33	0.000916302	34923	0.64334	FALSE	ORF1ab:cds-YP_009725295.1	ACT	T	AAT	N	1269
NC_045512.2	4072	T	C	34284	20471	49	49	47	33	0.00142666	34346	0.061619	FALSE	ORF1ab:cds-YP_009724389.1	ACT	T	ACC	T	1269
NC_045512.2	4072	T	C	34284	20471	49	49	47	33	0.00142666	34346	0.061619	FALSE	ORF1ab:cds-YP_009725295.1	ACT	T	ACC	T	1269
NC_045512.2	4072	T	A	34284	20471	49	13	12	30	0.000378501	34346	0.999449	FALSE	ORF1ab:cds-YP_009724389.1	ACT	T	ACA	T	1269
NC_045512.2	4072	T	A	34284	20471	49	13	12	30	0.000378501	34346	0.999449	FALSE	ORF1ab:cds-YP_009725295.1	ACT	T	ACA	T	1269
NC_045512.2	4073	C	T	34673	21032	49	34	34	32	0.000978953	34731	0.547139	FALSE	ORF1ab:cds-YP_009724389.1	CTT	L	TTT	F	1270
NC_045512.2	4073	C	T	34673	21032	49	34	34	32	0.000978953	34731	0.547139	FALSE	ORF1ab:cds-YP_009725295.1	CTT	L	TTT	F	1270
NC_045512.2	4073	C	G	34673	21032	49	3	3	34	8.63782e-05	34731	1	FALSE	ORF1ab:cds-YP_009724389.1	CTT	L	GTT	V	1270
NC_045512.2	4073	C	G	34673	21032	49	3	3	34	8.63782e-05	34731	1	FALSE	ORF1ab:cds-YP_009725295.1	CTT	L	GTT	V	1270
NC_045512.2	4073	C	A	34673	21032	49	21	21	33	0.000604647	34731	0.970762	FALSE	ORF1ab:cds-YP_009724389.1	CTT	L	ATT	I	1270
NC_045512.2	4073	C	A	34673	21032	49	21	21	33	0.000604647	34731	0.970762	FALSE	ORF1ab:cds-YP_009725295.1	CTT	L	ATT	I	1270
NC_045512.2	4074	T	G	33779	20253	49	7	4	31	0.000206941	33826	0.999996	FALSE	ORF1ab:cds-YP_009724389.1	CTT	L	CGT	R	1270
NC_045512.2	4074	T	G	33779	20253	49	7	4	31	0.000206941	33826	0.999996	FALSE	ORF1ab:cds-YP_009725295.1	CTT	L	CGT	R	1270
NC_045512.2	4074	T	C	33779	20253	49	36	35	34	0.00106427	33826	0.404449	FALSE	ORF1ab:cds-YP_009724389.1	CTT	L	CCT	P	1270
NC_045512.2	4074	T	C	33779	20253	49	36	35	34	0.00106427	33826	0.404449	FALSE	ORF1ab:cds-YP_009725295.1	CTT	L	CCT	P	1270
NC_045512.2	4074	T	A	33779	20253	49	4	4	34	0.000118252	33826	1	FALSE	ORF1ab:cds-YP_009724389.1	CTT	L	CAT	H	1270
NC_045512.2	4074	T	A	33779	20253	49	4	4	34	0.000118252	33826	1	FALSE	ORF1ab:cds-YP_009725295.1	CTT	L	CAT	H	1270
NC_045512.2	4075	T	G	33903	20426	49	2	1	30	5.89397e-05	33933	1	FALSE	ORF1ab:cds-YP_009724389.1	CTT	L	CTG	L	1270
NC_045512.2	4075	T	G	33903	20426	49	2	1	30	5.89397e-05	33933	1	FALSE	ORF1ab:cds-YP_009725295.1	CTT	L	CTG	L	1270
NC_045512.2	4075	T	C	33903	20426	49	16	15	39	0.000471517	33933	0.995295	FALSE	ORF1ab:cds-YP_009724389.1	CTT	L	CTC	L	1270
NC_045512.2	4075	T	C	33903	20426	49	16	15	39	0.000471517	33933	0.995295	FALSE	ORF1ab:cds-YP_009725295.1	CTT	L	CTC	L	1270
NC_045512.2	4075	T	A	33903	20426	49	12	11	31	0.000353638	33933	0.999587	FALSE	ORF1ab:cds-YP_009724389.1	CTT	L	CTA	L	1270
NC_045512.2	4075	T	A	33903	20426	49	12	11	31	0.000353638	33933	0.999587	FALSE	ORF1ab:cds-YP_009725295.1	CTT	L	CTA	L	1270
NC_045512.2	4076	G	T	33889	20381	49	34	34	34	0.00100165	33944	0.499034	FALSE	ORF1ab:cds-YP_009724389.1	GTT	V	TTT	F	1271
NC_045512.2	4076	G	T	33889	20381	49	34	34	34	0.00100165	33944	0.499034	FALSE	ORF1ab:cds-YP_009725295.1	GTT	V	TTT	F	1271
NC_045512.2	4076	G	C	33889	20381	49	13	13	32	0.000382984	33944	0.999171	FALSE	ORF1ab:cds-YP_009724389.1	GTT	V	CTT	L	1271
NC_045512.2	4076	G	C	33889	20381	49	13	13	32	0.000382984	33944	0.999171	FALSE	ORF1ab:cds-YP_009725295.1	GTT	V	CTT	L	1271
NC_045512.2	4076	G	A	33889	20381	49	8	8	31	0.000235682	33944	0.999987	FALSE	ORF1ab:cds-YP_009724389.1	GTT	V	ATT	I	1271
NC_045512.2	4076	G	A	33889	20381	49	8	8	31	0.000235682	33944	0.999987	FALSE	ORF1ab:cds-YP_009725295.1	GTT	V	ATT	I	1271
NC_045512.2	4077	T	G	32602	19148	48	23	23	32	0.000704635	32641	0.911317	FALSE	ORF1ab:cds-YP_009724389.1	GTT	V	GGT	G	1271
NC_045512.2	4077	T	G	32602	19148	48	23	23	32	0.000704635	32641	0.911317	FALSE	ORF1ab:cds-YP_009725295.1	GTT	V	GGT	G	1271
NC_045512.2	4077	T	C	32602	19148	48	8	8	33	0.000245091	32641	0.999979	FALSE	ORF1ab:cds-YP_009724389.1	GTT	V	GCT	A	1271
NC_045512.2	4077	T	C	32602	19148	48	8	8	33	0.000245091	32641	0.999979	FALSE	ORF1ab:cds-YP_009725295.1	GTT	V	GCT	A	1271
NC_045512.2	4077	T	A	32602	19148	48	8	8	34	0.000245091	32641	0.999979	FALSE	ORF1ab:cds-YP_009724389.1	GTT	V	GAT	D	1271
NC_045512.2	4077	T	A	32602	19148	48	8	8	34	0.000245091	32641	0.999979	FALSE	ORF1ab:cds-YP_009725295.1	GTT	V	GAT	D	1271
NC_045512.2	4078	T	G	33616	20842	49	8	8	33	0.000237798	33642	0.999987	FALSE	ORF1ab:cds-YP_009724389.1	GTT	V	GTG	V	1271
NC_045512.2	4078	T	G	33616	20842	49	8	8	33	0.000237798	33642	0.999987	FALSE	ORF1ab:cds-YP_009725295.1	GTT	V	GTG	V	1271
NC_045512.2	4078	T	C	33616	20842	49	6	6	33	0.000178348	33642	0.999999	FALSE	ORF1ab:cds-YP_009724389.1	GTT	V	GTC	V	1271
NC_045512.2	4078	T	C	33616	20842	49	6	6	33	0.000178348	33642	0.999999	FALSE	ORF1ab:cds-YP_009725295.1	GTT	V	GTC	V	1271
NC_045512.2	4078	T	A	33616	20842	49	12	12	32	0.000356697	33642	0.999588	FALSE	ORF1ab:cds-YP_009724389.1	GTT	V	GTA	V	1271
NC_045512.2	4078	T	A	33616	20842	49	12	12	32	0.000356697	33642	0.999588	FALSE	ORF1ab:cds-YP_009725295.1	GTT	V	GTA	V	1271
NC_045512.2	4079	A	T	32857	20353	48	42	40	33	0.00127567	32924	0.146846	FALSE	ORF1ab:cds-YP_009724389.1	AGT	S	TGT	C	1272
NC_045512.2	4079	A	T	32857	20353	48	42	40	33	0.00127567	32924	0.146846	FALSE	ORF1ab:cds-YP_009725295.1	AGT	S	TGT	C	1272
NC_045512.2	4079	A	G	32857	20353	48	22	21	34	0.000668206	32924	0.932603	FALSE	ORF1ab:cds-YP_009724389.1	AGT	S	GGT	G	1272
NC_045512.2	4079	A	G	32857	20353	48	22	21	34	0.000668206	32924	0.932603	FALSE	ORF1ab:cds-YP_009725295.1	AGT	S	GGT	G	1272
NC_045512.2	4079	A	C	32857	20353	48	3	3	34	9.11189e-05	32924	1	FALSE	ORF1ab:cds-YP_009724389.1	AGT	S	CGT	R	1272
NC_045512.2	4079	A	C	32857	20353	48	3	3	34	9.11189e-05	32924	1	FALSE	ORF1ab:cds-YP_009725295.1	AGT	S	CGT	R	1272
NC_045512.2	4080	G	T	32718	20469	48	26	26	33	0.000793167	32780	0.819966	FALSE	ORF1ab:cds-YP_009724389.1	AGT	S	ATT	I	1272
NC_045512.2	4080	G	T	32718	20469	48	26	26	33	0.000793167	32780	0.819966	FALSE	ORF1ab:cds-YP_009725295.1	AGT	S	ATT	I	1272
NC_045512.2	4080	G	C	32718	20469	48	4	4	32	0.000122026	32780	1	FALSE	ORF1ab:cds-YP_009724389.1	AGT	S	ACT	T	1272
NC_045512.2	4080	G	C	32718	20469	48	4	4	32	0.000122026	32780	1	FALSE	ORF1ab:cds-YP_009725295.1	AGT	S	ACT	T	1272
NC_045512.2	4080	G	A	32718	20469	48	32	31	34	0.000976205	32780	0.54829	FALSE	ORF1ab:cds-YP_009724389.1	AGT	S	AAT	N	1272
NC_045512.2	4080	G	A	32718	20469	48	32	31	34	0.000976205	32780	0.54829	FALSE	ORF1ab:cds-YP_009725295.1	AGT	S	AAT	N	1272
NC_045512.2	4081	T	G	32508	20331	48	24	24	32	0.000737259	32553	0.885251	FALSE	ORF1ab:cds-YP_009724389.1	AGT	S	AGG	R	1272
NC_045512.2	4081	T	G	32508	20331	48	24	24	32	0.000737259	32553	0.885251	FALSE	ORF1ab:cds-YP_009725295.1	AGT	S	AGG	R	1272
NC_045512.2	4081	T	C	32508	20331	48	7	4	38	0.000215034	32553	0.999993	FALSE	ORF1ab:cds-YP_009724389.1	AGT	S	AGC	S	1272
NC_045512.2	4081	T	C	32508	20331	48	7	4	38	0.000215034	32553	0.999993	FALSE	ORF1ab:cds-YP_009725295.1	AGT	S	AGC	S	1272
NC_045512.2	4081	T	A	32508	20331	48	14	14	34	0.000430068	32553	0.997718	FALSE	ORF1ab:cds-YP_009724389.1	AGT	S	AGA	R	1272
NC_045512.2	4081	T	A	32508	20331	48	14	14	34	0.000430068	32553	0.997718	FALSE	ORF1ab:cds-YP_009725295.1	AGT	S	AGA	R	1272
NC_045512.2	4082	G	T	36857	21351	47	31	31	32	0.000839813	36913	0.767378	FALSE	ORF1ab:cds-YP_009724389.1	GAC	D	TAC	Y	1273
NC_045512.2	4082	G	T	36857	21351	47	31	31	32	0.000839813	36913	0.767378	FALSE	ORF1ab:cds-YP_009725295.1	GAC	D	TAC	Y	1273
NC_045512.2	4082	G	C	36857	21351	47	3	3	31	8.12722e-05	36913	1	FALSE	ORF1ab:cds-YP_009724389.1	GAC	D	CAC	H	1273
NC_045512.2	4082	G	C	36857	21351	47	3	3	31	8.12722e-05	36913	1	FALSE	ORF1ab:cds-YP_009725295.1	GAC	D	CAC	H	1273
NC_045512.2	4082	G	A	36857	21351	47	22	22	33	0.000595996	36913	0.975881	FALSE	ORF1ab:cds-YP_009724389.1	GAC	D	AAC	N	1273
NC_045512.2	4082	G	A	36857	21351	47	22	22	33	0.000595996	36913	0.975881	FALSE	ORF1ab:cds-YP_009725295.1	GAC	D	AAC	N	1273
NC_045512.2	4083	A	T	36768	21336	46	15	15	32	0.000407354	36823	0.999107	FALSE	ORF1ab:cds-YP_009724389.1	GAC	D	GTC	V	1273
NC_045512.2	4083	A	T	36768	21336	46	15	15	32	0.000407354	36823	0.999107	FALSE	ORF1ab:cds-YP_009725295.1	GAC	D	GTC	V	1273
NC_045512.2	4083	A	G	36768	21336	46	37	32	34	0.00100481	36823	0.49921	FALSE	ORF1ab:cds-YP_009724389.1	GAC	D	GGC	G	1273
NC_045512.2	4083	A	G	36768	21336	46	37	32	34	0.00100481	36823	0.49921	FALSE	ORF1ab:cds-YP_009725295.1	GAC	D	GGC	G	1273
NC_045512.2	4083	A	C	36768	21336	46	3	3	29	8.14708e-05	36823	1	FALSE	ORF1ab:cds-YP_009724389.1	GAC	D	GCC	A	1273
NC_045512.2	4083	A	C	36768	21336	46	3	3	29	8.14708e-05	36823	1	FALSE	ORF1ab:cds-YP_009725295.1	GAC	D	GCC	A	1273
NC_045512.2	4084	C	T	37003	21214	47	21	21	33	0.000566633	37061	0.987536	FALSE	ORF1ab:cds-YP_009724389.1	GAC	D	GAT	D	1273
NC_045512.2	4084	C	T	37003	21214	47	21	21	33	0.000566633	37061	0.987536	FALSE	ORF1ab:cds-YP_009725295.1	GAC	D	GAT	D	1273
NC_045512.2	4084	C	G	37003	21214	47	7	7	34	0.000188878	37061	1	FALSE	ORF1ab:cds-YP_009724389.1	GAC	D	GAG	E	1273
NC_045512.2	4084	C	G	37003	21214	47	7	7	34	0.000188878	37061	1	FALSE	ORF1ab:cds-YP_009725295.1	GAC	D	GAG	E	1273
NC_045512.2	4084	C	A	37003	21214	47	30	30	33	0.000809476	37061	0.835153	FALSE	ORF1ab:cds-YP_009724389.1	GAC	D	GAA	E	1273
NC_045512.2	4084	C	A	37003	21214	47	30	30	33	0.000809476	37061	0.835153	FALSE	ORF1ab:cds-YP_009725295.1	GAC	D	GAA	E	1273
NC_045512.2	4085	A	T	36851	21157	46	15	15	32	0.00040646	36904	0.999108	FALSE	ORF1ab:cds-YP_009724389.1	ATT	I	TTT	F	1274
NC_045512.2	4085	A	T	36851	21157	46	15	15	32	0.00040646	36904	0.999108	FALSE	ORF1ab:cds-YP_009725295.1	ATT	I	TTT	F	1274
NC_045512.2	4085	A	G	36851	21157	46	15	14	33	0.00040646	36904	0.999108	FALSE	ORF1ab:cds-YP_009724389.1	ATT	I	GTT	V	1274
NC_045512.2	4085	A	G	36851	21157	46	15	14	33	0.00040646	36904	0.999108	FALSE	ORF1ab:cds-YP_009725295.1	ATT	I	GTT	V	1274
NC_045512.2	4085	A	C	36851	21157	46	23	22	32	0.000623239	36904	0.966106	FALSE	ORF1ab:cds-YP_009724389.1	ATT	I	CTT	L	1274
NC_045512.2	4085	A	C	36851	21157	46	23	22	32	0.000623239	36904	0.966106	FALSE	ORF1ab:cds-YP_009725295.1	ATT	I	CTT	L	1274
NC_045512.2	4086	T	G	35321	19564	46	5	4	29	0.000141335	35377	1	FALSE	ORF1ab:cds-YP_009724389.1	ATT	I	AGT	S	1274
NC_045512.2	4086	T	G	35321	19564	46	5	4	29	0.000141335	35377	1	FALSE	ORF1ab:cds-YP_009725295.1	ATT	I	AGT	S	1274
NC_045512.2	4086	T	C	35321	19564	46	9	9	32	0.000254403	35377	0.999987	FALSE	ORF1ab:cds-YP_009724389.1	ATT	I	ACT	T	1274
NC_045512.2	4086	T	C	35321	19564	46	9	9	32	0.000254403	35377	0.999987	FALSE	ORF1ab:cds-YP_009725295.1	ATT	I	ACT	T	1274
NC_045512.2	4086	T	A	35321	19564	46	42	42	33	0.00118721	35377	0.246563	FALSE	ORF1ab:cds-YP_009724389.1	ATT	I	AAT	N	1274
NC_045512.2	4086	T	A	35321	19564	46	42	42	33	0.00118721	35377	0.246563	FALSE	ORF1ab:cds-YP_009725295.1	ATT	I	AAT	N	1274
NC_045512.2	4087	T	G	36859	21066	46	4	4	32	0.000108422	36893	1	FALSE	ORF1ab:cds-YP_009724389.1	ATT	I	ATG	M	1274
NC_045512.2	4087	T	G	36859	21066	46	4	4	32	0.000108422	36893	1	FALSE	ORF1ab:cds-YP_009725295.1	ATT	I	ATG	M	1274
NC_045512.2	4087	T	C	36859	21066	46	18	17	36	0.000487897	36893	0.995456	FALSE	ORF1ab:cds-YP_009724389.1	ATT	I	ATC	I	1274
NC_045512.2	4087	T	C	36859	21066	46	18	17	36	0.000487897	36893	0.995456	FALSE	ORF1ab:cds-YP_009725295.1	ATT	I	ATC	I	1274
NC_045512.2	4087	T	A	36859	21066	46	12	12	33	0.000325265	36893	0.999889	FALSE	ORF1ab:cds-YP_009724389.1	ATT	I	ATA	I	1274
NC_045512.2	4087	T	A	36859	21066	46	12	12	33	0.000325265	36893	0.999889	FALSE	ORF1ab:cds-YP_009725295.1	ATT	I	ATA	I	1274
NC_045512.2	4088	G	T	37112	21535	46	34	34	32	0.00091479	37167	0.681615	FALSE	ORF1ab:cds-YP_009724389.1	GAC	D	TAC	Y	1275
NC_045512.2	4088	G	T	37112	21535	46	34	34	32	0.00091479	37167	0.681615	FALSE	ORF1ab:cds-YP_009725295.1	GAC	D	TAC	Y	1275
NC_045512.2	4088	G	C	37112	21535	46	3	3	31	8.07168e-05	37167	1	FALSE	ORF1ab:cds-YP_009724389.1	GAC	D	CAC	H	1275
NC_045512.2	4088	G	C	37112	21535	46	3	3	31	8.07168e-05	37167	1	FALSE	ORF1ab:cds-YP_009725295.1	GAC	D	CAC	H	1275
NC_045512.2	4088	G	A	37112	21535	46	18	17	34	0.000484301	37167	0.996747	FALSE	ORF1ab:cds-YP_009724389.1	GAC	D	AAC	N	1275
NC_045512.2	4088	G	A	37112	21535	46	18	17	34	0.000484301	37167	0.996747	FALSE	ORF1ab:cds-YP_009725295.1	GAC	D	AAC	N	1275
NC_045512.2	4089	A	T	36895	21265	46	20	20	32	0.00054136	36944	0.988822	FALSE	ORF1ab:cds-YP_009724389.1	GAC	D	GTC	V	1275
NC_045512.2	4089	A	T	36895	21265	46	20	20	32	0.00054136	36944	0.988822	FALSE	ORF1ab:cds-YP_009725295.1	GAC	D	GTC	V	1275
NC_045512.2	4089	A	G	36895	21265	46	25	24	33	0.0006767	36944	0.937914	FALSE	ORF1ab:cds-YP_009724389.1	GAC	D	GGC	G	1275
NC_045512.2	4089	A	G	36895	21265	46	25	24	33	0.0006767	36944	0.937914	FALSE	ORF1ab:cds-YP_009725295.1	GAC	D	GGC	G	1275
NC_045512.2	4089	A	C	36895	21265	46	4	4	32	0.000108272	36944	1	FALSE	ORF1ab:cds-YP_009724389.1	GAC	D	GCC	A	1275
NC_045512.2	4089	A	C	36895	21265	46	4	4	32	0.000108272	36944	1	FALSE	ORF1ab:cds-YP_009725295.1	GAC	D	GCC	A	1275
NC_045512.2	4090	C	T	36866	21345	46	25	24	33	0.000676993	36928	0.937746	FALSE	ORF1ab:cds-YP_009724389.1	GAC	D	GAT	D	1275
NC_045512.2	4090	C	T	36866	21345	46	25	24	33	0.000676993	36928	0.937746	FALSE	ORF1ab:cds-YP_009725295.1	GAC	D	GAT	D	1275
NC_045512.2	4090	C	G	36866	21345	46	7	5	33	0.000189558	36928	0.999999	FALSE	ORF1ab:cds-YP_009724389.1	GAC	D	GAG	E	1275
NC_045512.2	4090	C	G	36866	21345	46	7	5	33	0.000189558	36928	0.999999	FALSE	ORF1ab:cds-YP_009725295.1	GAC	D	GAG	E	1275
NC_045512.2	4090	C	A	36866	21345	46	30	30	33	0.000812392	36928	0.804637	FALSE	ORF1ab:cds-YP_009724389.1	GAC	D	GAA	E	1275
NC_045512.2	4090	C	A	36866	21345	46	30	30	33	0.000812392	36928	0.804637	FALSE	ORF1ab:cds-YP_009725295.1	GAC	D	GAA	E	1275
NC_045512.2	4091	A	T	36654	21239	46	13	13	30	0.000354098	36713	0.999762	FALSE	ORF1ab:cds-YP_009724389.1	ATC	I	TTC	F	1276
NC_045512.2	4091	A	T	36654	21239	46	13	13	30	0.000354098	36713	0.999762	FALSE	ORF1ab:cds-YP_009725295.1	ATC	I	TTC	F	1276
NC_045512.2	4091	A	G	36654	21239	46	18	16	34	0.00049029	36713	0.995423	FALSE	ORF1ab:cds-YP_009724389.1	ATC	I	GTC	V	1276
NC_045512.2	4091	A	G	36654	21239	46	18	16	34	0.00049029	36713	0.995423	FALSE	ORF1ab:cds-YP_009725295.1	ATC	I	GTC	V	1276
NC_045512.2	4091	A	C	36654	21239	46	28	28	32	0.000762673	36713	0.869191	FALSE	ORF1ab:cds-YP_009724389.1	ATC	I	CTC	L	1276
NC_045512.2	4091	A	C	36654	21239	46	28	28	32	0.000762673	36713	0.869191	FALSE	ORF1ab:cds-YP_009725295.1	ATC	I	CTC	L	1276
NC_045512.2	4091	A	+T	36654	21239	46	1	0	20	2.72383e-05	36713	1	FALSE	NA	NA	NA	NA	NA	NA
NC_045512.2	4092	T	G	36417	21404	46	8	6	32	0.00021931	36478	0.999997	FALSE	ORF1ab:cds-YP_009724389.1	ATC	I	AGC	S	1276
NC_045512.2	4092	T	G	36417	21404	46	8	6	32	0.00021931	36478	0.999997	FALSE	ORF1ab:cds-YP_009725295.1	ATC	I	AGC	S	1276
NC_045512.2	4092	T	C	36417	21404	46	10	9	37	0.000274138	36478	0.999979	FALSE	ORF1ab:cds-YP_009724389.1	ATC	I	ACC	T	1276
NC_045512.2	4092	T	C	36417	21404	46	10	9	37	0.000274138	36478	0.999979	FALSE	ORF1ab:cds-YP_009725295.1	ATC	I	ACC	T	1276
NC_045512.2	4092	T	A	36417	21404	46	43	43	32	0.00117879	36478	0.249172	FALSE	ORF1ab:cds-YP_009724389.1	ATC	I	AAC	N	1276
NC_045512.2	4092	T	A	36417	21404	46	43	43	32	0.00117879	36478	0.249172	FALSE	ORF1ab:cds-YP_009725295.1	ATC	I	AAC	N	1276
NC_045512.2	4093	C	T	36024	21183	46	28	26	33	0.00077629	36069	0.869511	FALSE	ORF1ab:cds-YP_009724389.1	ATC	I	ATT	I	1276
NC_045512.2	4093	C	T	36024	21183	46	28	26	33	0.00077629	36069	0.869511	FALSE	ORF1ab:cds-YP_009725295.1	ATC	I	ATT	I	1276
NC_045512.2	4093	C	G	36024	21183	46	4	4	34	0.000110899	36069	1	FALSE	ORF1ab:cds-YP_009724389.1	ATC	I	ATG	M	1276
NC_045512.2	4093	C	G	36024	21183	46	4	4	34	0.000110899	36069	1	FALSE	ORF1ab:cds-YP_009725295.1	ATC	I	ATG	M	1276
NC_045512.2	4093	C	A	36024	21183	46	13	12	32	0.00036042	36069	0.999764	FALSE	ORF1ab:cds-YP_009724389.1	ATC	I	ATA	I	1276
NC_045512.2	4093	C	A	36024	21183	46	13	12	32	0.00036042	36069	0.999764	FALSE	ORF1ab:cds-YP_009725295.1	ATC	I	ATA	I	1276
NC_045512.2	4094	A	T	35988	21069	46	17	17	32	0.000471777	36034	0.997242	FALSE	ORF1ab:cds-YP_009724389.1	ACT	T	TCT	S	1277
NC_045512.2	4094	A	T	35988	21069	46	17	17	32	0.000471777	36034	0.997242	FALSE	ORF1ab:cds-YP_009725295.1	ACT	T	TCT	S	1277
NC_045512.2	4094	A	G	35988	21069	46	3	2	28	8.32547e-05	36034	1	FALSE	ORF1ab:cds-YP_009724389.1	ACT	T	GCT	A	1277
NC_045512.2	4094	A	G	35988	21069	46	3	2	28	8.32547e-05	36034	1	FALSE	ORF1ab:cds-YP_009725295.1	ACT	T	GCT	A	1277
NC_045512.2	4094	A	C	35988	21069	46	26	26	32	0.000721541	36034	0.918837	FALSE	ORF1ab:cds-YP_009724389.1	ACT	T	CCT	P	1277
NC_045512.2	4094	A	C	35988	21069	46	26	26	32	0.000721541	36034	0.918837	FALSE	ORF1ab:cds-YP_009725295.1	ACT	T	CCT	P	1277
NC_045512.2	4095	C	T	36026	21304	46	17	17	34	0.000471136	36083	0.997232	FALSE	ORF1ab:cds-YP_009724389.1	ACT	T	ATT	I	1277
NC_045512.2	4095	C	T	36026	21304	46	17	17	34	0.000471136	36083	0.997232	FALSE	ORF1ab:cds-YP_009725295.1	ACT	T	ATT	I	1277
NC_045512.2	4095	C	G	36026	21304	46	5	5	30	0.000138569	36083	1	FALSE	ORF1ab:cds-YP_009724389.1	ACT	T	AGT	S	1277
NC_045512.2	4095	C	G	36026	21304	46	5	5	30	0.000138569	36083	1	FALSE	ORF1ab:cds-YP_009725295.1	ACT	T	AGT	S	1277
NC_045512.2	4095	C	A	36026	21304	46	35	35	33	0.000969986	36083	0.592796	FALSE	ORF1ab:cds-YP_009724389.1	ACT	T	AAT	N	1277
NC_045512.2	4095	C	A	36026	21304	46	35	35	33	0.000969986	36083	0.592796	FALSE	ORF1ab:cds-YP_009725295.1	ACT	T	AAT	N	1277
NC_045512.2	4096	T	G	35810	21221	46	6	5	31	0.000167313	35861	1	FALSE	ORF1ab:cds-YP_009724389.1	ACT	T	ACG	T	1277
NC_045512.2	4096	T	G	35810	21221	46	6	5	31	0.000167313	35861	1	FALSE	ORF1ab:cds-YP_009725295.1	ACT	T	ACG	T	1277
NC_045512.2	4096	T	C	35810	21221	46	35	33	33	0.000975991	35861	0.54684	FALSE	ORF1ab:cds-YP_009724389.1	ACT	T	ACC	T	1277
NC_045512.2	4096	T	C	35810	21221	46	35	33	33	0.000975991	35861	0.54684	FALSE	ORF1ab:cds-YP_009725295.1	ACT	T	ACC	T	1277
NC_045512.2	4096	T	A	35810	21221	46	10	10	34	0.000278854	35861	0.999967	FALSE	ORF1ab:cds-YP_009724389.1	ACT	T	ACA	T	1277
NC_045512.2	4096	T	A	35810	21221	46	10	10	34	0.000278854	35861	0.999967	FALSE	ORF1ab:cds-YP_009725295.1	ACT	T	ACA	T	1277
NC_045512.2	4097	T	G	35695	21132	46	2	2	30	5.59769e-05	35729	1	FALSE	ORF1ab:cds-YP_009724389.1	TTC	F	GTC	V	1278
NC_045512.2	4097	T	G	35695	21132	46	2	2	30	5.59769e-05	35729	1	FALSE	ORF1ab:cds-YP_009725295.1	TTC	F	GTC	V	1278
NC_045512.2	4097	T	C	35695	21132	46	14	14	34	0.000391839	35729	0.999297	FALSE	ORF1ab:cds-YP_009724389.1	TTC	F	CTC	L	1278
NC_045512.2	4097	T	C	35695	21132	46	14	14	34	0.000391839	35729	0.999297	FALSE	ORF1ab:cds-YP_009725295.1	TTC	F	CTC	L	1278
NC_045512.2	4097	T	A	35695	21132	46	18	18	32	0.000503792	35729	0.993659	FALSE	ORF1ab:cds-YP_009724389.1	TTC	F	ATC	I	1278
NC_045512.2	4097	T	A	35695	21132	46	18	18	32	0.000503792	35729	0.993659	FALSE	ORF1ab:cds-YP_009725295.1	TTC	F	ATC	I	1278
NC_045512.2	4097	T	+C	35695	21132	46	2	0	20	5.59769e-05	35729	1	FALSE	NA	NA	NA	NA	NA	NA
NC_045512.2	4098	T	G	34478	20065	45	5	4	34	0.000144902	34506	1	FALSE	ORF1ab:cds-YP_009724389.1	TTC	F	TGC	C	1278
NC_045512.2	4098	T	G	34478	20065	45	5	4	34	0.000144902	34506	1	FALSE	ORF1ab:cds-YP_009725295.1	TTC	F	TGC	C	1278
NC_045512.2	4098	T	C	34478	20065	45	16	16	31	0.000463687	34506	0.996698	FALSE	ORF1ab:cds-YP_009724389.1	TTC	F	TCC	S	1278
NC_045512.2	4098	T	C	34478	20065	45	16	16	31	0.000463687	34506	0.996698	FALSE	ORF1ab:cds-YP_009725295.1	TTC	F	TCC	S	1278
NC_045512.2	4098	T	A	34478	20065	45	7	7	30	0.000202863	34506	0.999998	FALSE	ORF1ab:cds-YP_009724389.1	TTC	F	TAC	Y	1278
NC_045512.2	4098	T	A	34478	20065	45	7	7	30	0.000202863	34506	0.999998	FALSE	ORF1ab:cds-YP_009725295.1	TTC	F	TAC	Y	1278
NC_045512.2	4099	C	T	35502	21019	46	41	41	32	0.00115308	35557	0.282641	FALSE	ORF1ab:cds-YP_009724389.1	TTC	F	TTT	F	1278
NC_045512.2	4099	C	T	35502	21019	46	41	41	32	0.00115308	35557	0.282641	FALSE	ORF1ab:cds-YP_009725295.1	TTC	F	TTT	F	1278
NC_045512.2	4099	C	G	35502	21019	46	2	1	30	5.62477e-05	35557	1	FALSE	ORF1ab:cds-YP_009724389.1	TTC	F	TTG	L	1278
NC_045512.2	4099	C	G	35502	21019	46	2	1	30	5.62477e-05	35557	1	FALSE	ORF1ab:cds-YP_009725295.1	TTC	F	TTG	L	1278
NC_045512.2	4099	C	A	35502	21019	46	12	11	33	0.000337486	35557	0.999825	FALSE	ORF1ab:cds-YP_009724389.1	TTC	F	TTA	L	1278
NC_045512.2	4099	C	A	35502	21019	46	12	11	33	0.000337486	35557	0.999825	FALSE	ORF1ab:cds-YP_009725295.1	TTC	F	TTA	L	1278
NC_045512.2	4100	T	G	35404	20909	46	3	3	34	8.46573e-05	35437	1	FALSE	ORF1ab:cds-YP_009724389.1	TTA	L	GTA	V	1279
NC_045512.2	4100	T	G	35404	20909	46	3	3	34	8.46573e-05	35437	1	FALSE	ORF1ab:cds-YP_009725295.1	TTA	L	GTA	V	1279
NC_045512.2	4100	T	C	35404	20909	46	27	26	35	0.000761916	35437	0.873561	FALSE	ORF1ab:cds-YP_009724389.1	TTA	L	CTA	L	1279
NC_045512.2	4100	T	C	35404	20909	46	27	26	35	0.000761916	35437	0.873561	FALSE	ORF1ab:cds-YP_009725295.1	TTA	L	CTA	L	1279
NC_045512.2	4100	T	A	35404	20909	46	3	3	31	8.46573e-05	35437	1	FALSE	ORF1ab:cds-YP_009724389.1	TTA	L	ATA	I	1279
NC_045512.2	4100	T	A	35404	20909	46	3	3	31	8.46573e-05	35437	1	FALSE	ORF1ab:cds-YP_009725295.1	TTA	L	ATA	I	1279
NC_045512.2	4101	T	G	35503	21091	46	4	4	32	0.000112546	35541	1	FALSE	ORF1ab:cds-YP_009724389.1	TTA	L	TGA	*	1279
NC_045512.2	4101	T	G	35503	21091	46	4	4	32	0.000112546	35541	1	FALSE	ORF1ab:cds-YP_009725295.1	TTA	L	TGA	*	1279
NC_045512.2	4101	T	C	35503	21091	46	25	16	37	0.000703413	35541	0.922396	FALSE	ORF1ab:cds-YP_009724389.1	TTA	L	TCA	S	1279
NC_045512.2	4101	T	C	35503	21091	46	25	16	37	0.000703413	35541	0.922396	FALSE	ORF1ab:cds-YP_009725295.1	TTA	L	TCA	S	1279
NC_045512.2	4101	T	A	35503	21091	46	9	9	34	0.000253229	35541	0.999987	FALSE	ORF1ab:cds-YP_009724389.1	TTA	L	TAA	*	1279
NC_045512.2	4101	T	A	35503	21091	46	9	9	34	0.000253229	35541	0.999987	FALSE	ORF1ab:cds-YP_009725295.1	TTA	L	TAA	*	1279
NC_045512.2	4101	T	-A	35503	21091	46	2	0	20	5.6273e-05	35541	1	FALSE	NA	NA	NA	NA	NA	NA
NC_045512.2	4102	A	T	35513	21095	46	33	31	32	0.000927722	35571	0.640784	FALSE	ORF1ab:cds-YP_009724389.1	TTA	L	TTT	F	1279
NC_045512.2	4102	A	T	35513	21095	46	33	31	32	0.000927722	35571	0.640784	FALSE	ORF1ab:cds-YP_009725295.1	TTA	L	TTT	F	1279
NC_045512.2	4102	A	G	35513	21095	46	5	5	34	0.000140564	35571	1	FALSE	ORF1ab:cds-YP_009724389.1	TTA	L	TTG	L	1279
NC_045512.2	4102	A	G	35513	21095	46	5	5	34	0.000140564	35571	1	FALSE	ORF1ab:cds-YP_009725295.1	TTA	L	TTG	L	1279
NC_045512.2	4102	A	C	35513	21095	46	20	19	32	0.000562256	35571	0.984863	FALSE	ORF1ab:cds-YP_009724389.1	TTA	L	TTC	F	1279
NC_045512.2	4102	A	C	35513	21095	46	20	19	32	0.000562256	35571	0.984863	FALSE	ORF1ab:cds-YP_009725295.1	TTA	L	TTC	F	1279
NC_045512.2	4103	A	T	35380	21226	46	24	24	32	0.000677698	35414	0.941223	FALSE	ORF1ab:cds-YP_009724389.1	AAG	K	TAG	*	1280
NC_045512.2	4103	A	T	35380	21226	46	24	24	32	0.000677698	35414	0.941223	FALSE	ORF1ab:cds-YP_009725295.1	AAG	K	TAG	*	1280
NC_045512.2	4103	A	G	35380	21226	46	3	1	31	8.47123e-05	35414	1	FALSE	ORF1ab:cds-YP_009724389.1	AAG	K	GAG	E	1280
NC_045512.2	4103	A	G	35380	21226	46	3	1	31	8.47123e-05	35414	1	FALSE	ORF1ab:cds-YP_009725295.1	AAG	K	GAG	E	1280
NC_045512.2	4103	A	C	35380	21226	46	7	7	29	0.000197662	35414	1	FALSE	ORF1ab:cds-YP_009724389.1	AAG	K	CAG	Q	1280
NC_045512.2	4103	A	C	35380	21226	46	7	7	29	0.000197662	35414	1	FALSE	ORF1ab:cds-YP_009725295.1	AAG	K	CAG	Q	1280
NC_045512.2	4104	A	T	34914	21365	45	17	17	31	0.000486451	34947	0.994504	FALSE	ORF1ab:cds-YP_009724389.1	AAG	K	ATG	M	1280
NC_045512.2	4104	A	T	34914	21365	45	17	17	31	0.000486451	34947	0.994504	FALSE	ORF1ab:cds-YP_009725295.1	AAG	K	ATG	M	1280
NC_045512.2	4104	A	G	34914	21365	45	5	4	31	0.000143074	34947	1	FALSE	ORF1ab:cds-YP_009724389.1	AAG	K	AGG	R	1280
NC_045512.2	4104	A	G	34914	21365	45	5	4	31	0.000143074	34947	1	FALSE	ORF1ab:cds-YP_009725295.1	AAG	K	AGG	R	1280
NC_045512.2	4104	A	C	34914	21365	45	11	11	34	0.000314762	34947	0.999876	FALSE	ORF1ab:cds-YP_009724389.1	AAG	K	ACG	T	1280
NC_045512.2	4104	A	C	34914	21365	45	11	11	34	0.000314762	34947	0.999876	FALSE	ORF1ab:cds-YP_009725295.1	AAG	K	ACG	T	1280
NC_045512.2	4105	G	T	35778	21359	46	10	10	33	0.000279041	35837	0.999967	FALSE	ORF1ab:cds-YP_009724389.1	AAG	K	AAT	N	1280
NC_045512.2	4105	G	T	35778	21359	46	10	10	33	0.000279041	35837	0.999967	FALSE	ORF1ab:cds-YP_009725295.1	AAG	K	AAT	N	1280
NC_045512.2	4105	G	C	35778	21359	46	5	5	34	0.000139521	35837	1	FALSE	ORF1ab:cds-YP_009724389.1	AAG	K	AAC	N	1280
NC_045512.2	4105	G	C	35778	21359	46	5	5	34	0.000139521	35837	1	FALSE	ORF1ab:cds-YP_009725295.1	AAG	K	AAC	N	1280
NC_045512.2	4105	G	A	35778	21359	46	44	42	34	0.00122778	35837	0.183499	FALSE	ORF1ab:cds-YP_009724389.1	AAG	K	AAA	K	1280
NC_045512.2	4105	G	A	35778	21359	46	44	42	34	0.00122778	35837	0.183499	FALSE	ORF1ab:cds-YP_009725295.1	AAG	K	AAA	K	1280
NC_045512.2	4106	A	T	35500	21438	46	7	7	32	0.000196989	35535	0.999999	FALSE	ORF1ab:cds-YP_009724389.1	AAA	K	TAA	*	1281
NC_045512.2	4106	A	T	35500	21438	46	7	7	32	0.000196989	35535	0.999999	FALSE	ORF1ab:cds-YP_009725295.1	AAA	K	TAA	*	1281
NC_045512.2	4106	A	G	35500	21438	46	23	22	34	0.000647249	35535	0.956481	FALSE	ORF1ab:cds-YP_009724389.1	AAA	K	GAA	E	1281
NC_045512.2	4106	A	G	35500	21438	46	23	22	34	0.000647249	35535	0.956481	FALSE	ORF1ab:cds-YP_009725295.1	AAA	K	GAA	E	1281
NC_045512.2	4106	A	C	35500	21438	46	5	4	34	0.000140706	35535	1	FALSE	ORF1ab:cds-YP_009724389.1	AAA	K	CAA	Q	1281
NC_045512.2	4106	A	C	35500	21438	46	5	4	34	0.000140706	35535	1	FALSE	ORF1ab:cds-YP_009725295.1	AAA	K	CAA	Q	1281
NC_045512.2	4107	A	T	35907	21491	47	8	8	31	0.000222606	35938	0.999996	FALSE	ORF1ab:cds-YP_009724389.1	AAA	K	ATA	I	1281
NC_045512.2	4107	A	T	35907	21491	47	8	8	31	0.000222606	35938	0.999996	FALSE	ORF1ab:cds-YP_009725295.1	AAA	K	ATA	I	1281
NC_045512.2	4107	A	G	35907	21491	47	12	9	39	0.000333908	35938	0.999827	FALSE	ORF1ab:cds-YP_009724389.1	AAA	K	AGA	R	1281
NC_045512.2	4107	A	G	35907	21491	47	12	9	39	0.000333908	35938	0.999827	FALSE	ORF1ab:cds-YP_009725295.1	AAA	K	AGA	R	1281
NC_045512.2	4107	A	C	35907	21491	47	11	11	33	0.000306083	35938	0.999922	FALSE	ORF1ab:cds-YP_009724389.1	AAA	K	ACA	T	1281
NC_045512.2	4107	A	C	35907	21491	47	11	11	33	0.000306083	35938	0.999922	FALSE	ORF1ab:cds-YP_009725295.1	AAA	K	ACA	T	1281
NC_045512.2	4108	A	T	35767	21421	47	7	7	34	0.000195498	35806	0.999999	FALSE	ORF1ab:cds-YP_009724389.1	AAA	K	AAT	N	1281
NC_045512.2	4108	A	T	35767	21421	47	7	7	34	0.000195498	35806	0.999999	FALSE	ORF1ab:cds-YP_009725295.1	AAA	K	AAT	N	1281
NC_045512.2	4108	A	G	35767	21421	47	24	21	36	0.000670279	35806	0.941161	FALSE	ORF1ab:cds-YP_009724389.1	AAA	K	AAG	K	1281
NC_045512.2	4108	A	G	35767	21421	47	24	21	36	0.000670279	35806	0.941161	FALSE	ORF1ab:cds-YP_009725295.1	AAA	K	AAG	K	1281
NC_045512.2	4108	A	C	35767	21421	47	8	8	34	0.000223426	35806	0.999995	FALSE	ORF1ab:cds-YP_009724389.1	AAA	K	AAC	N	1281
NC_045512.2	4108	A	C	35767	21421	47	8	8	34	0.000223426	35806	0.999995	FALSE	ORF1ab:cds-YP_009725295.1	AAA	K	AAC	N	1281
NC_045512.2	4109	G	T	35591	21546	46	9	9	34	0.000252384	35660	0.999987	FALSE	ORF1ab:cds-YP_009724389.1	GAT	D	TAT	Y	1282
NC_045512.2	4109	G	T	35591	21546	46	9	9	34	0.000252384	35660	0.999987	FALSE	ORF1ab:cds-YP_009725295.1	GAT	D	TAT	Y	1282
NC_045512.2	4109	G	C	35591	21546	46	13	13	32	0.000364554	35660	0.999636	FALSE	ORF1ab:cds-YP_009724389.1	GAT	D	CAT	H	1282
NC_045512.2	4109	G	C	35591	21546	46	13	13	32	0.000364554	35660	0.999636	FALSE	ORF1ab:cds-YP_009725295.1	GAT	D	CAT	H	1282
NC_045512.2	4109	G	A	35591	21546	46	47	47	33	0.001318	35660	0.111481	FALSE	ORF1ab:cds-YP_009724389.1	GAT	D	AAT	N	1282
NC_045512.2	4109	G	A	35591	21546	46	47	47	33	0.001318	35660	0.111481	FALSE	ORF1ab:cds-YP_009725295.1	GAT	D	AAT	N	1282
NC_045512.2	4110	A	T	35017	21863	45	7	7	34	0.000199658	35060	0.999999	FALSE	ORF1ab:cds-YP_009724389.1	GAT	D	GTT	V	1282
NC_045512.2	4110	A	T	35017	21863	45	7	7	34	0.000199658	35060	0.999999	FALSE	ORF1ab:cds-YP_009725295.1	GAT	D	GTT	V	1282
NC_045512.2	4110	A	G	35017	21863	45	26	26	34	0.000741586	35060	0.899769	FALSE	ORF1ab:cds-YP_009724389.1	GAT	D	GGT	G	1282
NC_045512.2	4110	A	G	35017	21863	45	26	26	34	0.000741586	35060	0.899769	FALSE	ORF1ab:cds-YP_009725295.1	GAT	D	GGT	G	1282
NC_045512.2	4110	A	C	35017	21863	45	10	10	32	0.000285225	35060	0.999967	FALSE	ORF1ab:cds-YP_009724389.1	GAT	D	GCT	A	1282
NC_045512.2	4110	A	C	35017	21863	45	10	10	32	0.000285225	35060	0.999967	FALSE	ORF1ab:cds-YP_009725295.1	GAT	D	GCT	A	1282
NC_045512.2	4111	T	G	35736	21965	46	9	8	31	0.000251404	35799	0.999987	FALSE	ORF1ab:cds-YP_009724389.1	GAT	D	GAG	E	1282
NC_045512.2	4111	T	G	35736	21965	46	9	8	31	0.000251404	35799	0.999987	FALSE	ORF1ab:cds-YP_009725295.1	GAT	D	GAG	E	1282
NC_045512.2	4111	T	C	35736	21965	46	9	9	32	0.000251404	35799	0.999987	FALSE	ORF1ab:cds-YP_009724389.1	GAT	D	GAC	D	1282
NC_045512.2	4111	T	C	35736	21965	46	9	9	32	0.000251404	35799	0.999987	FALSE	ORF1ab:cds-YP_009725295.1	GAT	D	GAC	D	1282
NC_045512.2	4111	T	A	35736	21965	46	45	45	33	0.00125702	35799	0.156506	FALSE	ORF1ab:cds-YP_009724389.1	GAT	D	GAA	E	1282
NC_045512.2	4111	T	A	35736	21965	46	45	45	33	0.00125702	35799	0.156506	FALSE	ORF1ab:cds-YP_009725295.1	GAT	D	GAA	E	1282
NC_045512.2	4112	G	T	35989	21798	45	32	32	33	0.000887927	36039	0.727141	FALSE	ORF1ab:cds-YP_009724389.1	GCT	A	TCT	S	1283
NC_045512.2	4112	G	T	35989	21798	45	32	32	33	0.000887927	36039	0.727141	FALSE	ORF1ab:cds-YP_009725295.1	GCT	A	TCT	S	1283
NC_045512.2	4112	G	C	35989	21798	45	8	8	33	0.000221982	36039	0.999997	FALSE	ORF1ab:cds-YP_009724389.1	GCT	A	CCT	P	1283
NC_045512.2	4112	G	C	35989	21798	45	8	8	33	0.000221982	36039	0.999997	FALSE	ORF1ab:cds-YP_009725295.1	GCT	A	CCT	P	1283
NC_045512.2	4112	G	A	35989	21798	45	10	10	31	0.000277477	36039	0.99998	FALSE	ORF1ab:cds-YP_009724389.1	GCT	A	ACT	T	1283
NC_045512.2	4112	G	A	35989	21798	45	10	10	31	0.000277477	36039	0.99998	FALSE	ORF1ab:cds-YP_009725295.1	GCT	A	ACT	T	1283
NC_045512.2	4113	C	T	35341	22086	44	10	10	31	0.000282446	35405	0.999967	FALSE	ORF1ab:cds-YP_009724389.1	GCT	A	GTT	V	1283
NC_045512.2	4113	C	T	35341	22086	44	10	10	31	0.000282446	35405	0.999967	FALSE	ORF1ab:cds-YP_009725295.1	GCT	A	GTT	V	1283
NC_045512.2	4113	C	G	35341	22086	44	29	25	31	0.000819093	35405	0.808191	FALSE	ORF1ab:cds-YP_009724389.1	GCT	A	GGT	G	1283
NC_045512.2	4113	C	G	35341	22086	44	29	25	31	0.000819093	35405	0.808191	FALSE	ORF1ab:cds-YP_009725295.1	GCT	A	GGT	G	1283
NC_045512.2	4113	C	A	35341	22086	44	25	21	33	0.000706115	35405	0.921981	FALSE	ORF1ab:cds-YP_009724389.1	GCT	A	GAT	D	1283
NC_045512.2	4113	C	A	35341	22086	44	25	21	33	0.000706115	35405	0.921981	FALSE	ORF1ab:cds-YP_009725295.1	GCT	A	GAT	D	1283
NC_045512.2	4114	T	G	36554	22117	45	2	2	30	5.46478e-05	36598	1	FALSE	ORF1ab:cds-YP_009724389.1	GCT	A	GCG	A	1283
NC_045512.2	4114	T	G	36554	22117	45	2	2	30	5.46478e-05	36598	1	FALSE	ORF1ab:cds-YP_009725295.1	GCT	A	GCG	A	1283
NC_045512.2	4114	T	C	36554	22117	45	36	36	33	0.00098366	36598	0.546553	FALSE	ORF1ab:cds-YP_009724389.1	GCT	A	GCC	A	1283
NC_045512.2	4114	T	C	36554	22117	45	36	36	33	0.00098366	36598	0.546553	FALSE	ORF1ab:cds-YP_009725295.1	GCT	A	GCC	A	1283
NC_045512.2	4114	T	A	36554	22117	45	6	6	34	0.000163943	36598	1	FALSE	ORF1ab:cds-YP_009724389.1	GCT	A	GCA	A	1283
NC_045512.2	4114	T	A	36554	22117	45	6	6	34	0.000163943	36598	1	FALSE	ORF1ab:cds-YP_009725295.1	GCT	A	GCA	A	1283
NC_045512.2	4114	T	+C	36554	22117	45	1	0	20	2.73239e-05	36598	1	FALSE	NA	NA	NA	NA	NA	NA
NC_045512.2	4115	C	T	38579	22286	45	32	31	32	0.000828157	38640	0.797769	FALSE	ORF1ab:cds-YP_009724389.1	CCA	P	TCA	S	1284
NC_045512.2	4115	C	T	38579	22286	45	32	31	32	0.000828157	38640	0.797769	FALSE	ORF1ab:cds-YP_009725295.1	CCA	P	TCA	S	1284
NC_045512.2	4115	C	G	38579	22286	45	22	20	33	0.000569358	38640	0.986226	FALSE	ORF1ab:cds-YP_009724389.1	CCA	P	GCA	A	1284
NC_045512.2	4115	C	G	38579	22286	45	22	20	33	0.000569358	38640	0.986226	FALSE	ORF1ab:cds-YP_009725295.1	CCA	P	GCA	A	1284
NC_045512.2	4115	C	A	38579	22286	45	7	7	32	0.000181159	38640	1	FALSE	ORF1ab:cds-YP_009724389.1	CCA	P	ACA	T	1284
NC_045512.2	4115	C	A	38579	22286	45	7	7	32	0.000181159	38640	1	FALSE	ORF1ab:cds-YP_009725295.1	CCA	P	ACA	T	1284
NC_045512.2	4116	C	T	39155	22236	45	11	11	34	0.000280727	39184	0.999988	FALSE	ORF1ab:cds-YP_009724389.1	CCA	P	CTA	L	1284
NC_045512.2	4116	C	T	39155	22236	45	11	11	34	0.000280727	39184	0.999988	FALSE	ORF1ab:cds-YP_009725295.1	CCA	P	CTA	L	1284
NC_045512.2	4116	C	G	39155	22236	45	6	5	31	0.000153124	39184	1	FALSE	ORF1ab:cds-YP_009724389.1	CCA	P	CGA	R	1284
NC_045512.2	4116	C	G	39155	22236	45	6	5	31	0.000153124	39184	1	FALSE	ORF1ab:cds-YP_009725295.1	CCA	P	CGA	R	1284
NC_045512.2	4116	C	A	39155	22236	45	12	8	33	0.000306247	39184	0.999971	FALSE	ORF1ab:cds-YP_009724389.1	CCA	P	CAA	Q	1284
NC_045512.2	4116	C	A	39155	22236	45	12	8	33	0.000306247	39184	0.999971	FALSE	ORF1ab:cds-YP_009725295.1	CCA	P	CAA	Q	1284
NC_045512.2	4117	A	T	40662	22546	45	25	25	33	0.000613858	40726	0.97666	FALSE	ORF1ab:cds-YP_009724389.1	CCA	P	CCT	P	1284
NC_045512.2	4117	A	T	40662	22546	45	25	25	33	0.000613858	40726	0.97666	FALSE	ORF1ab:cds-YP_009725295.1	CCA	P	CCT	P	1284
NC_045512.2	4117	A	G	40662	22546	45	2	1	34	4.91087e-05	40726	1	FALSE	ORF1ab:cds-YP_009724389.1	CCA	P	CCG	P	1284
NC_045512.2	4117	A	G	40662	22546	45	2	1	34	4.91087e-05	40726	1	FALSE	ORF1ab:cds-YP_009725295.1	CCA	P	CCG	P	1284
NC_045512.2	4117	A	C	40662	22546	45	37	36	32	0.000908511	40726	0.67467	FALSE	ORF1ab:cds-YP_009724389.1	CCA	P	CCC	P	1284
NC_045512.2	4117	A	C	40662	22546	45	37	36	32	0.000908511	40726	0.67467	FALSE	ORF1ab:cds-YP_009725295.1	CCA	P	CCC	P	1284
NC_045512.2	4118	T	G	40833	22680	45	2	1	34	4.89165e-05	40886	1	FALSE	ORF1ab:cds-YP_009724389.1	TAT	Y	GAT	D	1285
NC_045512.2	4118	T	G	40833	22680	45	2	1	34	4.89165e-05	40886	1	FALSE	ORF1ab:cds-YP_009725295.1	TAT	Y	GAT	D	1285
NC_045512.2	4118	T	C	40833	22680	45	27	24	31	0.000660373	40886	0.956616	FALSE	ORF1ab:cds-YP_009724389.1	TAT	Y	CAT	H	1285
NC_045512.2	4118	T	C	40833	22680	45	27	24	31	0.000660373	40886	0.956616	FALSE	ORF1ab:cds-YP_009725295.1	TAT	Y	CAT	H	1285
NC_045512.2	4118	T	A	40833	22680	45	24	23	32	0.000586998	40886	0.983539	FALSE	ORF1ab:cds-YP_009724389.1	TAT	Y	AAT	N	1285
NC_045512.2	4118	T	A	40833	22680	45	24	23	32	0.000586998	40886	0.983539	FALSE	ORF1ab:cds-YP_009725295.1	TAT	Y	AAT	N	1285
NC_045512.2	4119	A	T	40660	22906	45	29	28	32	0.000712041	40728	0.925525	FALSE	ORF1ab:cds-YP_009724389.1	TAT	Y	TTT	F	1285
NC_045512.2	4119	A	T	40660	22906	45	29	28	32	0.000712041	40728	0.925525	FALSE	ORF1ab:cds-YP_009725295.1	TAT	Y	TTT	F	1285
NC_045512.2	4119	A	G	40660	22906	45	10	8	35	0.000245531	40728	0.999997	FALSE	ORF1ab:cds-YP_009724389.1	TAT	Y	TGT	C	1285
NC_045512.2	4119	A	G	40660	22906	45	10	8	35	0.000245531	40728	0.999997	FALSE	ORF1ab:cds-YP_009725295.1	TAT	Y	TGT	C	1285
NC_045512.2	4119	A	C	40660	22906	45	29	28	32	0.000712041	40728	0.925525	FALSE	ORF1ab:cds-YP_009724389.1	TAT	Y	TCT	S	1285
NC_045512.2	4119	A	C	40660	22906	45	29	28	32	0.000712041	40728	0.925525	FALSE	ORF1ab:cds-YP_009725295.1	TAT	Y	TCT	S	1285
NC_045512.2	4120	T	G	40702	22991	44	5	2	32	0.000122669	40760	1	FALSE	ORF1ab:cds-YP_009724389.1	TAT	Y	TAG	*	1285
NC_045512.2	4120	T	G	40702	22991	44	5	2	32	0.000122669	40760	1	FALSE	ORF1ab:cds-YP_009725295.1	TAT	Y	TAG	*	1285
NC_045512.2	4120	T	C	40702	22991	44	8	8	34	0.000196271	40760	1	FALSE	ORF1ab:cds-YP_009724389.1	TAT	Y	TAC	Y	1285
NC_045512.2	4120	T	C	40702	22991	44	8	8	34	0.000196271	40760	1	FALSE	ORF1ab:cds-YP_009725295.1	TAT	Y	TAC	Y	1285
NC_045512.2	4120	T	A	40702	22991	44	45	45	33	0.00110402	40760	0.331746	FALSE	ORF1ab:cds-YP_009724389.1	TAT	Y	TAA	*	1285
NC_045512.2	4120	T	A	40702	22991	44	45	45	33	0.00110402	40760	0.331746	FALSE	ORF1ab:cds-YP_009725295.1	TAT	Y	TAA	*	1285
NC_045512.2	4121	A	T	40509	22836	45	48	48	33	0.00118314	40570	0.227328	FALSE	ORF1ab:cds-YP_009724389.1	ATA	I	TTA	L	1286
NC_045512.2	4121	A	T	40509	22836	45	48	48	33	0.00118314	40570	0.227328	FALSE	ORF1ab:cds-YP_009725295.1	ATA	I	TTA	L	1286
NC_045512.2	4121	A	G	40509	22836	45	7	5	39	0.000172541	40570	1	FALSE	ORF1ab:cds-YP_009724389.1	ATA	I	GTA	V	1286
NC_045512.2	4121	A	G	40509	22836	45	7	5	39	0.000172541	40570	1	FALSE	ORF1ab:cds-YP_009725295.1	ATA	I	GTA	V	1286
NC_045512.2	4121	A	C	40509	22836	45	6	6	32	0.000147893	40570	1	FALSE	ORF1ab:cds-YP_009724389.1	ATA	I	CTA	L	1286
NC_045512.2	4121	A	C	40509	22836	45	6	6	32	0.000147893	40570	1	FALSE	ORF1ab:cds-YP_009725295.1	ATA	I	CTA	L	1286
NC_045512.2	4122	T	G	40432	22851	45	7	4	30	0.000172827	40503	1	FALSE	ORF1ab:cds-YP_009724389.1	ATA	I	AGA	R	1286
NC_045512.2	4122	T	G	40432	22851	45	7	4	30	0.000172827	40503	1	FALSE	ORF1ab:cds-YP_009725295.1	ATA	I	AGA	R	1286
NC_045512.2	4122	T	C	40432	22851	45	14	12	31	0.000345653	40503	0.999911	FALSE	ORF1ab:cds-YP_009724389.1	ATA	I	ACA	T	1286
NC_045512.2	4122	T	C	40432	22851	45	14	12	31	0.000345653	40503	0.999911	FALSE	ORF1ab:cds-YP_009725295.1	ATA	I	ACA	T	1286
NC_045512.2	4122	T	A	40432	22851	45	50	47	33	0.00123448	40503	0.170686	FALSE	ORF1ab:cds-YP_009724389.1	ATA	I	AAA	K	1286
NC_045512.2	4122	T	A	40432	22851	45	50	47	33	0.00123448	40503	0.170686	FALSE	ORF1ab:cds-YP_009725295.1	ATA	I	AAA	K	1286
NC_045512.2	4123	A	T	38598	21224	45	52	52	32	0.00134489	38665	0.0847294	FALSE	ORF1ab:cds-YP_009724389.1	ATA	I	ATT	I	1286
NC_045512.2	4123	A	T	38598	21224	45	52	52	32	0.00134489	38665	0.0847294	FALSE	ORF1ab:cds-YP_009725295.1	ATA	I	ATT	I	1286
NC_045512.2	4123	A	G	38598	21224	45	3	3	45	7.75896e-05	38665	0.655491	FALSE	ORF1ab:cds-YP_009724389.1	ATA	I	ATG	M	1286
NC_045512.2	4123	A	G	38598	21224	45	3	3	45	7.75896e-05	38665	0.655491	FALSE	ORF1ab:cds-YP_009725295.1	ATA	I	ATG	M	1286
NC_045512.2	4123	A	C	38598	21224	45	12	11	34	0.000310358	38665	0.999954	FALSE	ORF1ab:cds-YP_009724389.1	ATA	I	ATC	I	1286
NC_045512.2	4123	A	C	38598	21224	45	12	11	34	0.000310358	38665	0.999954	FALSE	ORF1ab:cds-YP_009725295.1	ATA	I	ATC	I	1286
NC_045512.2	4124	G	T	38788	21410	45	13	12	36	0.000334629	38849	0.9999	FALSE	ORF1ab:cds-YP_009724389.1	GTG	V	TTG	L	1287
NC_045512.2	4124	G	T	38788	21410	45	13	12	36	0.000334629	38849	0.9999	FALSE	ORF1ab:cds-YP_009725295.1	GTG	V	TTG	L	1287
NC_045512.2	4124	G	C	38788	21410	45	5	5	27	0.000128703	38849	1	FALSE	ORF1ab:cds-YP_009724389.1	GTG	V	CTG	L	1287
NC_045512.2	4124	G	C	38788	21410	45	5	5	27	0.000128703	38849	1	FALSE	ORF1ab:cds-YP_009725295.1	GTG	V	CTG	L	1287
NC_045512.2	4124	G	A	38788	21410	45	43	43	32	0.00110685	38849	0.327698	FALSE	ORF1ab:cds-YP_009724389.1	GTG	V	ATG	M	1287
NC_045512.2	4124	G	A	38788	21410	45	43	43	32	0.00110685	38849	0.327698	FALSE	ORF1ab:cds-YP_009725295.1	GTG	V	ATG	M	1287
NC_045512.2	4125	T	G	33973	17244	44	25	25	32	0.000734991	34014	0.903543	FALSE	ORF1ab:cds-YP_009724389.1	GTG	V	GGG	G	1287
NC_045512.2	4125	T	G	33973	17244	44	25	25	32	0.000734991	34014	0.903543	FALSE	ORF1ab:cds-YP_009725295.1	GTG	V	GGG	G	1287
NC_045512.2	4125	T	C	33973	17244	44	7	5	42	0.000205798	34014	0.171459	FALSE	ORF1ab:cds-YP_009724389.1	GTG	V	GCG	A	1287
NC_045512.2	4125	T	C	33973	17244	44	7	5	42	0.000205798	34014	0.171459	FALSE	ORF1ab:cds-YP_009725295.1	GTG	V	GCG	A	1287
NC_045512.2	4125	T	A	33973	17244	44	9	9	33	0.000264597	34014	0.999979	FALSE	ORF1ab:cds-YP_009724389.1	GTG	V	GAG	E	1287
NC_045512.2	4125	T	A	33973	17244	44	9	9	33	0.000264597	34014	0.999979	FALSE	ORF1ab:cds-YP_009725295.1	GTG	V	GAG	E	1287
NC_045512.2	4126	G	T	35124	17474	45	24	23	32	0.000682439	35168	0.941095	FALSE	ORF1ab:cds-YP_009724389.1	GTG	V	GTT	V	1287
NC_045512.2	4126	G	T	35124	17474	45	24	23	32	0.000682439	35168	0.941095	FALSE	ORF1ab:cds-YP_009725295.1	GTG	V	GTT	V	1287
NC_045512.2	4126	G	C	35124	17474	45	2	2	26	5.68699e-05	35168	1	FALSE	ORF1ab:cds-YP_009724389.1	GTG	V	GTC	V	1287
NC_045512.2	4126	G	C	35124	17474	45	2	2	26	5.68699e-05	35168	1	FALSE	ORF1ab:cds-YP_009725295.1	GTG	V	GTC	V	1287
NC_045512.2	4126	G	A	35124	17474	45	18	18	31	0.000511829	35168	0.99364	FALSE	ORF1ab:cds-YP_009724389.1	GTG	V	GTA	V	1287
NC_045512.2	4126	G	A	35124	17474	45	18	18	31	0.000511829	35168	0.99364	FALSE	ORF1ab:cds-YP_009725295.1	GTG	V	GTA	V	1287
NC_045512.2	4127	G	T	35078	17472	45	15	13	32	0.000427363	35099	0.998701	FALSE	ORF1ab:cds-YP_009724389.1	GGT	G	TGT	C	1288
NC_045512.2	4127	G	T	35078	17472	45	15	13	32	0.000427363	35099	0.998701	FALSE	ORF1ab:cds-YP_009725295.1	GGT	G	TGT	C	1288
NC_045512.2	4127	G	C	35078	17472	45	4	4	34	0.000113963	35099	1	FALSE	ORF1ab:cds-YP_009724389.1	GGT	G	CGT	R	1288
NC_045512.2	4127	G	C	35078	17472	45	4	4	34	0.000113963	35099	1	FALSE	ORF1ab:cds-YP_009725295.1	GGT	G	CGT	R	1288
NC_045512.2	4127	G	A	35078	17472	45	2	2	34	5.69817e-05	35099	1	FALSE	ORF1ab:cds-YP_009724389.1	GGT	G	AGT	S	1288
NC_045512.2	4127	G	A	35078	17472	45	2	2	34	5.69817e-05	35099	1	FALSE	ORF1ab:cds-YP_009725295.1	GGT	G	AGT	S	1288
NC_045512.2	4128	G	T	35379	17591	45	16	16	32	0.000451888	35407	0.997699	FALSE	ORF1ab:cds-YP_009724389.1	GGT	G	GTT	V	1288
NC_045512.2	4128	G	T	35379	17591	45	16	16	32	0.000451888	35407	0.997699	FALSE	ORF1ab:cds-YP_009725295.1	GGT	G	GTT	V	1288
NC_045512.2	4128	G	C	35379	17591	45	5	5	31	0.000141215	35407	1	FALSE	ORF1ab:cds-YP_009724389.1	GGT	G	GCT	A	1288
NC_045512.2	4128	G	C	35379	17591	45	5	5	31	0.000141215	35407	1	FALSE	ORF1ab:cds-YP_009725295.1	GGT	G	GCT	A	1288
NC_045512.2	4128	G	A	35379	17591	45	7	6	37	0.000197701	35407	0.999999	FALSE	ORF1ab:cds-YP_009724389.1	GGT	G	GAT	D	1288
NC_045512.2	4128	G	A	35379	17591	45	7	6	37	0.000197701	35407	0.999999	FALSE	ORF1ab:cds-YP_009725295.1	GGT	G	GAT	D	1288
NC_045512.2	4129	T	G	35173	18031	46	42	41	32	0.00119237	35224	0.246757	FALSE	ORF1ab:cds-YP_009724389.1	GGT	G	GGG	G	1288
NC_045512.2	4129	T	G	35173	18031	46	42	41	32	0.00119237	35224	0.246757	FALSE	ORF1ab:cds-YP_009725295.1	GGT	G	GGG	G	1288
NC_045512.2	4129	T	C	35173	18031	46	4	3	34	0.000113559	35224	1	FALSE	ORF1ab:cds-YP_009724389.1	GGT	G	GGC	G	1288
NC_045512.2	4129	T	C	35173	18031	46	4	3	34	0.000113559	35224	1	FALSE	ORF1ab:cds-YP_009725295.1	GGT	G	GGC	G	1288
NC_045512.2	4129	T	A	35173	18031	46	5	5	32	0.000141949	35224	1	FALSE	ORF1ab:cds-YP_009724389.1	GGT	G	GGA	G	1288
NC_045512.2	4129	T	A	35173	18031	46	5	5	32	0.000141949	35224	1	FALSE	ORF1ab:cds-YP_009725295.1	GGT	G	GGA	G	1288
NC_045512.2	4130	G	T	34920	18681	45	25	25	33	0.000715226	34954	0.90368	FALSE	ORF1ab:cds-YP_009724389.1	GAT	D	TAT	Y	1289
NC_045512.2	4130	G	T	34920	18681	45	25	25	33	0.000715226	34954	0.90368	FALSE	ORF1ab:cds-YP_009725295.1	GAT	D	TAT	Y	1289
NC_045512.2	4130	G	C	34920	18681	45	6	6	34	0.000171654	34954	0.999999	FALSE	ORF1ab:cds-YP_009724389.1	GAT	D	CAT	H	1289
NC_045512.2	4130	G	C	34920	18681	45	6	6	34	0.000171654	34954	0.999999	FALSE	ORF1ab:cds-YP_009725295.1	GAT	D	CAT	H	1289
NC_045512.2	4130	G	A	34920	18681	45	3	3	31	8.58271e-05	34954	1	FALSE	ORF1ab:cds-YP_009724389.1	GAT	D	AAT	N	1289
NC_045512.2	4130	G	A	34920	18681	45	3	3	31	8.58271e-05	34954	1	FALSE	ORF1ab:cds-YP_009725295.1	GAT	D	AAT	N	1289
NC_045512.2	4131	A	T	35205	18935	44	12	12	34	0.000340252	35268	0.999825	FALSE	ORF1ab:cds-YP_009724389.1	GAT	D	GTT	V	1289
NC_045512.2	4131	A	T	35205	18935	44	12	12	34	0.000340252	35268	0.999825	FALSE	ORF1ab:cds-YP_009725295.1	GAT	D	GTT	V	1289
NC_045512.2	4131	A	G	35205	18935	44	49	47	34	0.00138936	35268	0.0774593	FALSE	ORF1ab:cds-YP_009724389.1	GAT	D	GGT	G	1289
NC_045512.2	4131	A	G	35205	18935	44	49	47	34	0.00138936	35268	0.0774593	FALSE	ORF1ab:cds-YP_009725295.1	GAT	D	GGT	G	1289
NC_045512.2	4131	A	C	35205	18935	44	2	1	34	5.67086e-05	35268	1	FALSE	ORF1ab:cds-YP_009724389.1	GAT	D	GCT	A	1289
NC_045512.2	4131	A	C	35205	18935	44	2	1	34	5.67086e-05	35268	1	FALSE	ORF1ab:cds-YP_009725295.1	GAT	D	GCT	A	1289
NC_045512.2	4132	T	G	35225	18857	45	8	8	31	0.000226873	35262	0.999995	FALSE	ORF1ab:cds-YP_009724389.1	GAT	D	GAG	E	1289
NC_045512.2	4132	T	G	35225	18857	45	8	8	31	0.000226873	35262	0.999995	FALSE	ORF1ab:cds-YP_009725295.1	GAT	D	GAG	E	1289
NC_045512.2	4132	T	C	35225	18857	45	5	5	40	0.000141796	35262	0.362793	FALSE	ORF1ab:cds-YP_009724389.1	GAT	D	GAC	D	1289
NC_045512.2	4132	T	C	35225	18857	45	5	5	40	0.000141796	35262	0.362793	FALSE	ORF1ab:cds-YP_009725295.1	GAT	D	GAC	D	1289
NC_045512.2	4132	T	A	35225	18857	45	24	24	33	0.000680619	35262	0.941185	FALSE	ORF1ab:cds-YP_009724389.1	GAT	D	GAA	E	1289
NC_045512.2	4132	T	A	35225	18857	45	24	24	33	0.000680619	35262	0.941185	FALSE	ORF1ab:cds-YP_009725295.1	GAT	D	GAA	E	1289
NC_045512.2	4133	G	T	35432	19019	45	28	28	33	0.000789244	35477	0.842925	FALSE	ORF1ab:cds-YP_009724389.1	GTT	V	TTT	F	1290
NC_045512.2	4133	G	T	35432	19019	45	28	28	33	0.000789244	35477	0.842925	FALSE	ORF1ab:cds-YP_009725295.1	GTT	V	TTT	F	1290
NC_045512.2	4133	G	C	35432	19019	45	5	4	31	0.000140936	35477	1	FALSE	ORF1ab:cds-YP_009724389.1	GTT	V	CTT	L	1290
NC_045512.2	4133	G	C	35432	19019	45	5	4	31	0.000140936	35477	1	FALSE	ORF1ab:cds-YP_009725295.1	GTT	V	CTT	L	1290
NC_045512.2	4133	G	A	35432	19019	45	12	12	31	0.000338247	35477	0.999826	FALSE	ORF1ab:cds-YP_009724389.1	GTT	V	ATT	I	1290
NC_045512.2	4133	G	A	35432	19019	45	12	12	31	0.000338247	35477	0.999826	FALSE	ORF1ab:cds-YP_009725295.1	GTT	V	ATT	I	1290
NC_045512.2	4134	T	G	35736	19307	45	24	24	33	0.000670503	35794	0.940921	FALSE	ORF1ab:cds-YP_009724389.1	GTT	V	GGT	G	1290
NC_045512.2	4134	T	G	35736	19307	45	24	24	33	0.000670503	35794	0.940921	FALSE	ORF1ab:cds-YP_009725295.1	GTT	V	GGT	G	1290
NC_045512.2	4134	T	C	35736	19307	45	8	6	37	0.000223501	35794	0.999995	FALSE	ORF1ab:cds-YP_009724389.1	GTT	V	GCT	A	1290
NC_045512.2	4134	T	C	35736	19307	45	8	6	37	0.000223501	35794	0.999995	FALSE	ORF1ab:cds-YP_009725295.1	GTT	V	GCT	A	1290
NC_045512.2	4134	T	A	35736	19307	45	26	26	33	0.000726379	35794	0.899484	FALSE	ORF1ab:cds-YP_009724389.1	GTT	V	GAT	D	1290
NC_045512.2	4134	T	A	35736	19307	45	26	26	33	0.000726379	35794	0.899484	FALSE	ORF1ab:cds-YP_009725295.1	GTT	V	GAT	D	1290
NC_045512.2	4135	T	G	34245	18241	45	11	10	31	0.000321037	34264	0.999877	FALSE	ORF1ab:cds-YP_009724389.1	GTT	V	GTG	V	1290
NC_045512.2	4135	T	G	34245	18241	45	11	10	31	0.000321037	34264	0.999877	FALSE	ORF1ab:cds-YP_009725295.1	GTT	V	GTG	V	1290
NC_045512.2	4135	T	C	34245	18241	45	3	2	42	8.75555e-05	34264	0.656052	FALSE	ORF1ab:cds-YP_009724389.1	GTT	V	GTC	V	1290
NC_045512.2	4135	T	C	34245	18241	45	3	2	42	8.75555e-05	34264	0.656052	FALSE	ORF1ab:cds-YP_009725295.1	GTT	V	GTC	V	1290
NC_045512.2	4135	T	A	34245	18241	45	5	5	32	0.000145926	34264	1	FALSE	ORF1ab:cds-YP_009724389.1	GTT	V	GTA	V	1290
NC_045512.2	4135	T	A	34245	18241	45	5	5	32	0.000145926	34264	1	FALSE	ORF1ab:cds-YP_009725295.1	GTT	V	GTA	V	1290
NC_045512.2	4136	G	T	35982	18458	45	36	36	33	0.000999167	36030	0.546361	FALSE	ORF1ab:cds-YP_009724389.1	GTT	V	TTT	F	1291
NC_045512.2	4136	G	T	35982	18458	45	36	36	33	0.000999167	36030	0.546361	FALSE	ORF1ab:cds-YP_009725295.1	GTT	V	TTT	F	1291
NC_045512.2	4136	G	C	35982	18458	45	7	7	32	0.000194283	36030	0.999999	FALSE	ORF1ab:cds-YP_009724389.1	GTT	V	CTT	L	1291
NC_045512.2	4136	G	C	35982	18458	45	7	7	32	0.000194283	36030	0.999999	FALSE	ORF1ab:cds-YP_009725295.1	GTT	V	CTT	L	1291
NC_045512.2	4136	G	A	35982	18458	45	5	3	39	0.000138773	36030	1	FALSE	ORF1ab:cds-YP_009724389.1	GTT	V	ATT	I	1291
NC_045512.2	4136	G	A	35982	18458	45	5	3	39	0.000138773	36030	1	FALSE	ORF1ab:cds-YP_009725295.1	GTT	V	ATT	I	1291
NC_045512.2	4137	T	G	35842	19124	46	28	24	31	0.000780423	35878	0.843169	FALSE	ORF1ab:cds-YP_009724389.1	GTT	V	GGT	G	1291
NC_045512.2	4137	T	G	35842	19124	46	28	24	31	0.000780423	35878	0.843169	FALSE	ORF1ab:cds-YP_009725295.1	GTT	V	GGT	G	1291
NC_045512.2	4137	T	C	35842	19124	46	3	1	30	8.36167e-05	35878	1	FALSE	ORF1ab:cds-YP_009724389.1	GTT	V	GCT	A	1291
NC_045512.2	4137	T	C	35842	19124	46	3	1	30	8.36167e-05	35878	1	FALSE	ORF1ab:cds-YP_009725295.1	GTT	V	GCT	A	1291
NC_045512.2	4137	T	A	35842	19124	46	5	5	34	0.000139361	35878	1	FALSE	ORF1ab:cds-YP_009724389.1	GTT	V	GAT	D	1291
NC_045512.2	4137	T	A	35842	19124	46	5	5	34	0.000139361	35878	1	FALSE	ORF1ab:cds-YP_009725295.1	GTT	V	GAT	D	1291
NC_045512.2	4138	T	G	36494	20322	47	10	8	30	0.000273845	36517	0.99998	FALSE	ORF1ab:cds-YP_009724389.1	GTT	V	GTG	V	1291
NC_045512.2	4138	T	G	36494	20322	47	10	8	30	0.000273845	36517	0.99998	FALSE	ORF1ab:cds-YP_009725295.1	GTT	V	GTG	V	1291
NC_045512.2	4138	T	C	36494	20322	47	6	3	40	0.000164307	36517	0.253677	FALSE	ORF1ab:cds-YP_009724389.1	GTT	V	GTC	V	1291
NC_045512.2	4138	T	C	36494	20322	47	6	3	40	0.000164307	36517	0.253677	FALSE	ORF1ab:cds-YP_009725295.1	GTT	V	GTC	V	1291
NC_045512.2	4138	T	A	36494	20322	47	7	7	32	0.000191692	36517	0.999999	FALSE	ORF1ab:cds-YP_009724389.1	GTT	V	GTA	V	1291
NC_045512.2	4138	T	A	36494	20322	47	7	7	32	0.000191692	36517	0.999999	FALSE	ORF1ab:cds-YP_009725295.1	GTT	V	GTA	V	1291
NC_045512.2	4139	C	T	30106	15373	47	35	35	33	0.00116036	30163	0.308984	FALSE	ORF1ab:cds-YP_009724389.1	CAA	Q	TAA	*	1292
NC_045512.2	4139	C	T	30106	15373	47	35	35	33	0.00116036	30163	0.308984	FALSE	ORF1ab:cds-YP_009725295.1	CAA	Q	TAA	*	1292
NC_045512.2	4139	C	G	30106	15373	47	22	22	32	0.00072937	30163	0.893547	FALSE	ORF1ab:cds-YP_009724389.1	CAA	Q	GAA	E	1292
NC_045512.2	4139	C	G	30106	15373	47	22	22	32	0.00072937	30163	0.893547	FALSE	ORF1ab:cds-YP_009725295.1	CAA	Q	GAA	E	1292
NC_045512.2	4140	A	T	29744	15364	47	32	32	32	0.00107383	29800	0.397856	FALSE	ORF1ab:cds-YP_009724389.1	CAA	Q	CTA	L	1292
NC_045512.2	4140	A	T	29744	15364	47	32	32	32	0.00107383	29800	0.397856	FALSE	ORF1ab:cds-YP_009725295.1	CAA	Q	CTA	L	1292
NC_045512.2	4140	A	G	29744	15364	47	5	4	47	0.000167785	29800	0.225861	FALSE	ORF1ab:cds-YP_009724389.1	CAA	Q	CGA	R	1292
NC_045512.2	4140	A	G	29744	15364	47	5	4	47	0.000167785	29800	0.225861	FALSE	ORF1ab:cds-YP_009725295.1	CAA	Q	CGA	R	1292
NC_045512.2	4140	A	C	29744	15364	47	19	19	33	0.000637584	29800	0.943898	FALSE	ORF1ab:cds-YP_009724389.1	CAA	Q	CCA	P	1292
NC_045512.2	4140	A	C	29744	15364	47	19	19	33	0.000637584	29800	0.943898	FALSE	ORF1ab:cds-YP_009725295.1	CAA	Q	CCA	P	1292
NC_045512.2	4141	A	T	30150	15563	47	28	28	33	0.000927306	30195	0.652319	FALSE	ORF1ab:cds-YP_009724389.1	CAA	Q	CAT	H	1292
NC_045512.2	4141	A	T	30150	15563	47	28	28	33	0.000927306	30195	0.652319	FALSE	ORF1ab:cds-YP_009725295.1	CAA	Q	CAT	H	1292
NC_045512.2	4141	A	G	30150	15563	47	3	1	29	9.93542e-05	30195	1	FALSE	ORF1ab:cds-YP_009724389.1	CAA	Q	CAG	Q	1292
NC_045512.2	4141	A	G	30150	15563	47	3	1	29	9.93542e-05	30195	1	FALSE	ORF1ab:cds-YP_009725295.1	CAA	Q	CAG	Q	1292
NC_045512.2	4141	A	C	30150	15563	47	14	14	32	0.000463653	30195	0.995187	FALSE	ORF1ab:cds-YP_009724389.1	CAA	Q	CAC	H	1292
NC_045512.2	4141	A	C	30150	15563	47	14	14	32	0.000463653	30195	0.995187	FALSE	ORF1ab:cds-YP_009725295.1	CAA	Q	CAC	H	1292
NC_045512.2	4142	G	T	30198	15568	47	5	4	31	0.000165235	30260	0.999998	FALSE	ORF1ab:cds-YP_009724389.1	GAG	E	TAG	*	1293
NC_045512.2	4142	G	T	30198	15568	47	5	4	31	0.000165235	30260	0.999998	FALSE	ORF1ab:cds-YP_009725295.1	GAG	E	TAG	*	1293
NC_045512.2	4142	G	C	30198	15568	47	23	23	32	0.000760079	30260	0.863263	FALSE	ORF1ab:cds-YP_009724389.1	GAG	E	CAG	Q	1293
NC_045512.2	4142	G	C	30198	15568	47	23	23	32	0.000760079	30260	0.863263	FALSE	ORF1ab:cds-YP_009725295.1	GAG	E	CAG	Q	1293
NC_045512.2	4142	G	A	30198	15568	47	34	34	32	0.0011236	30260	0.352584	FALSE	ORF1ab:cds-YP_009724389.1	GAG	E	AAG	K	1293
NC_045512.2	4142	G	A	30198	15568	47	34	34	32	0.0011236	30260	0.352584	FALSE	ORF1ab:cds-YP_009725295.1	GAG	E	AAG	K	1293
NC_045512.2	4143	A	T	29475	15585	46	4	4	34	0.000135566	29506	0.999999	FALSE	ORF1ab:cds-YP_009724389.1	GAG	E	GTG	V	1293
NC_045512.2	4143	A	T	29475	15585	46	4	4	34	0.000135566	29506	0.999999	FALSE	ORF1ab:cds-YP_009725295.1	GAG	E	GTG	V	1293
NC_045512.2	4143	A	G	29475	15585	46	25	24	33	0.000847285	29506	0.751592	FALSE	ORF1ab:cds-YP_009724389.1	GAG	E	GGG	G	1293
NC_045512.2	4143	A	G	29475	15585	46	25	24	33	0.000847285	29506	0.751592	FALSE	ORF1ab:cds-YP_009725295.1	GAG	E	GGG	G	1293
NC_045512.2	4143	A	C	29475	15585	46	2	2	34	6.77828e-05	29506	1	FALSE	ORF1ab:cds-YP_009724389.1	GAG	E	GCG	A	1293
NC_045512.2	4143	A	C	29475	15585	46	2	2	34	6.77828e-05	29506	1	FALSE	ORF1ab:cds-YP_009725295.1	GAG	E	GCG	A	1293
NC_045512.2	4144	G	T	30329	15606	47	6	5	34	0.000197485	30382	0.999993	FALSE	ORF1ab:cds-YP_009724389.1	GAG	E	GAT	D	1293
NC_045512.2	4144	G	T	30329	15606	47	6	5	34	0.000197485	30382	0.999993	FALSE	ORF1ab:cds-YP_009725295.1	GAG	E	GAT	D	1293
NC_045512.2	4144	G	C	30329	15606	47	4	4	34	0.000131657	30382	1	FALSE	ORF1ab:cds-YP_009724389.1	GAG	E	GAC	D	1293
NC_045512.2	4144	G	C	30329	15606	47	4	4	34	0.000131657	30382	1	FALSE	ORF1ab:cds-YP_009725295.1	GAG	E	GAC	D	1293
NC_045512.2	4144	G	A	30329	15606	47	43	42	33	0.00141531	30382	0.0795425	FALSE	ORF1ab:cds-YP_009724389.1	GAG	E	GAA	E	1293
NC_045512.2	4144	G	A	30329	15606	47	43	42	33	0.00141531	30382	0.0795425	FALSE	ORF1ab:cds-YP_009725295.1	GAG	E	GAA	E	1293
NC_045512.2	4145	G	T	30241	15628	47	5	5	32	0.000165229	30261	0.999998	FALSE	ORF1ab:cds-YP_009724389.1	GGT	G	TGT	C	1294
NC_045512.2	4145	G	T	30241	15628	47	5	5	32	0.000165229	30261	0.999998	FALSE	ORF1ab:cds-YP_009725295.1	GGT	G	TGT	C	1294
NC_045512.2	4145	G	C	30241	15628	47	3	3	31	9.91375e-05	30261	1	FALSE	ORF1ab:cds-YP_009724389.1	GGT	G	CGT	R	1294
NC_045512.2	4145	G	C	30241	15628	47	3	3	31	9.91375e-05	30261	1	FALSE	ORF1ab:cds-YP_009725295.1	GGT	G	CGT	R	1294
NC_045512.2	4145	G	A	30241	15628	47	12	12	33	0.00039655	30261	0.998558	FALSE	ORF1ab:cds-YP_009724389.1	GGT	G	AGT	S	1294
NC_045512.2	4145	G	A	30241	15628	47	12	12	33	0.00039655	30261	0.998558	FALSE	ORF1ab:cds-YP_009725295.1	GGT	G	AGT	S	1294
NC_045512.2	4146	G	T	31003	15831	47	9	6	32	0.000290014	31033	0.999909	FALSE	ORF1ab:cds-YP_009724389.1	GGT	G	GTT	V	1294
NC_045512.2	4146	G	T	31003	15831	47	9	6	32	0.000290014	31033	0.999909	FALSE	ORF1ab:cds-YP_009725295.1	GGT	G	GTT	V	1294
NC_045512.2	4146	G	A	31003	15831	47	21	21	33	0.000676699	31033	0.93679	FALSE	ORF1ab:cds-YP_009724389.1	GGT	G	GAT	D	1294
NC_045512.2	4146	G	A	31003	15831	47	21	21	33	0.000676699	31033	0.93679	FALSE	ORF1ab:cds-YP_009725295.1	GGT	G	GAT	D	1294
NC_045512.2	4147	T	G	31360	16956	49	51	51	33	0.00162338	31416	0.0175364	FALSE	ORF1ab:cds-YP_009724389.1	GGT	G	GGG	G	1294
NC_045512.2	4147	T	G	31360	16956	49	51	51	33	0.00162338	31416	0.0175364	FALSE	ORF1ab:cds-YP_009725295.1	GGT	G	GGG	G	1294
NC_045512.2	4147	T	C	31360	16956	49	2	2	47	6.36618e-05	31416	0.811982	FALSE	ORF1ab:cds-YP_009724389.1	GGT	G	GGC	G	1294
NC_045512.2	4147	T	C	31360	16956	49	2	2	47	6.36618e-05	31416	0.811982	FALSE	ORF1ab:cds-YP_009725295.1	GGT	G	GGC	G	1294
NC_045512.2	4147	T	A	31360	16956	49	3	3	31	9.54927e-05	31416	1	FALSE	ORF1ab:cds-YP_009724389.1	GGT	G	GGA	G	1294
NC_045512.2	4147	T	A	31360	16956	49	3	3	31	9.54927e-05	31416	1	FALSE	ORF1ab:cds-YP_009725295.1	GGT	G	GGA	G	1294
NC_045512.2	4148	G	T	32117	17113	49	31	31	33	0.00096408	32155	0.599107	FALSE	ORF1ab:cds-YP_009724389.1	GTT	V	TTT	F	1295
NC_045512.2	4148	G	T	32117	17113	49	31	31	33	0.00096408	32155	0.599107	FALSE	ORF1ab:cds-YP_009725295.1	GTT	V	TTT	F	1295
NC_045512.2	4148	G	C	32117	17113	49	3	3	34	9.32981e-05	32155	1	FALSE	ORF1ab:cds-YP_009724389.1	GTT	V	CTT	L	1295
NC_045512.2	4148	G	C	32117	17113	49	3	3	34	9.32981e-05	32155	1	FALSE	ORF1ab:cds-YP_009725295.1	GTT	V	CTT	L	1295
NC_045512.2	4148	G	A	32117	17113	49	4	4	32	0.000124397	32155	1	FALSE	ORF1ab:cds-YP_009724389.1	GTT	V	ATT	I	1295
NC_045512.2	4148	G	A	32117	17113	49	4	4	32	0.000124397	32155	1	FALSE	ORF1ab:cds-YP_009725295.1	GTT	V	ATT	I	1295
NC_045512.2	4148	G	-T	32117	17113	49	2	0	20	6.21987e-05	32155	1	FALSE	NA	NA	NA	NA	NA	NA
NC_045512.2	4149	T	G	32087	17136	48	47	46	32	0.00146231	32141	0.0570918	FALSE	ORF1ab:cds-YP_009724389.1	GTT	V	GGT	G	1295
NC_045512.2	4149	T	G	32087	17136	48	47	46	32	0.00146231	32141	0.0570918	FALSE	ORF1ab:cds-YP_009725295.1	GTT	V	GGT	G	1295
NC_045512.2	4149	T	C	32087	17136	48	3	2	34	9.33387e-05	32141	1	FALSE	ORF1ab:cds-YP_009724389.1	GTT	V	GCT	A	1295
NC_045512.2	4149	T	C	32087	17136	48	3	2	34	9.33387e-05	32141	1	FALSE	ORF1ab:cds-YP_009725295.1	GTT	V	GCT	A	1295
NC_045512.2	4149	T	A	32087	17136	48	4	4	34	0.000124452	32141	1	FALSE	ORF1ab:cds-YP_009724389.1	GTT	V	GAT	D	1295
NC_045512.2	4149	T	A	32087	17136	48	4	4	34	0.000124452	32141	1	FALSE	ORF1ab:cds-YP_009725295.1	GTT	V	GAT	D	1295
NC_045512.2	4150	T	G	32262	17479	49	10	9	30	0.00030978	32281	0.999864	FALSE	ORF1ab:cds-YP_009724389.1	GTT	V	GTG	V	1295
NC_045512.2	4150	T	G	32262	17479	49	10	9	30	0.00030978	32281	0.999864	FALSE	ORF1ab:cds-YP_009725295.1	GTT	V	GTG	V	1295
NC_045512.2	4150	T	C	32262	17479	49	4	3	48	0.000123912	32281	0.499763	FALSE	ORF1ab:cds-YP_009724389.1	GTT	V	GTC	V	1295
NC_045512.2	4150	T	C	32262	17479	49	4	3	48	0.000123912	32281	0.499763	FALSE	ORF1ab:cds-YP_009725295.1	GTT	V	GTC	V	1295
NC_045512.2	4150	T	A	32262	17479	49	5	4	34	0.00015489	32281	0.999999	FALSE	ORF1ab:cds-YP_009724389.1	GTT	V	GTA	V	1295
NC_045512.2	4150	T	A	32262	17479	49	5	4	34	0.00015489	32281	0.999999	FALSE	ORF1ab:cds-YP_009725295.1	GTT	V	GTA	V	1295
NC_045512.2	4151	T	G	32205	17494	49	26	25	33	0.000806452	32240	0.820789	FALSE	ORF1ab:cds-YP_009724389.1	TTA	L	GTA	V	1296
NC_045512.2	4151	T	G	32205	17494	49	26	25	33	0.000806452	32240	0.820789	FALSE	ORF1ab:cds-YP_009725295.1	TTA	L	GTA	V	1296
NC_045512.2	4151	T	C	32205	17494	49	3	1	49	9.30521e-05	32240	0.655806	FALSE	ORF1ab:cds-YP_009724389.1	TTA	L	CTA	L	1296
NC_045512.2	4151	T	C	32205	17494	49	3	1	49	9.30521e-05	32240	0.655806	FALSE	ORF1ab:cds-YP_009725295.1	TTA	L	CTA	L	1296
NC_045512.2	4151	T	A	32205	17494	49	6	5	32	0.000186104	32240	0.999998	FALSE	ORF1ab:cds-YP_009724389.1	TTA	L	ATA	I	1296
NC_045512.2	4151	T	A	32205	17494	49	6	5	32	0.000186104	32240	0.999998	FALSE	ORF1ab:cds-YP_009725295.1	TTA	L	ATA	I	1296
NC_045512.2	4152	T	G	32304	17686	49	2	1	30	6.1885e-05	32318	1	FALSE	ORF1ab:cds-YP_009724389.1	TTA	L	TGA	*	1296
NC_045512.2	4152	T	G	32304	17686	49	2	1	30	6.1885e-05	32318	1	FALSE	ORF1ab:cds-YP_009725295.1	TTA	L	TGA	*	1296
NC_045512.2	4152	T	C	32304	17686	49	7	4	42	0.000216598	32318	0.17178	FALSE	ORF1ab:cds-YP_009724389.1	TTA	L	TCA	S	1296
NC_045512.2	4152	T	C	32304	17686	49	7	4	42	0.000216598	32318	0.17178	FALSE	ORF1ab:cds-YP_009725295.1	TTA	L	TCA	S	1296
NC_045512.2	4152	T	A	32304	17686	49	5	5	34	0.000154713	32318	0.999999	FALSE	ORF1ab:cds-YP_009724389.1	TTA	L	TAA	*	1296
NC_045512.2	4152	T	A	32304	17686	49	5	5	34	0.000154713	32318	0.999999	FALSE	ORF1ab:cds-YP_009725295.1	TTA	L	TAA	*	1296
NC_045512.2	4153	A	T	32245	17631	49	59	59	33	0.00182634	32305	0.00303502	TRUE	ORF1ab:cds-YP_009724389.1	TTA	L	TTT	F	1296
NC_045512.2	4153	A	T	32245	17631	49	59	59	33	0.00182634	32305	0.00303502	TRUE	ORF1ab:cds-YP_009725295.1	TTA	L	TTT	F	1296
NC_045512.2	4153	A	G	32245	17631	49	1	1	34	3.0955e-05	32305	1	FALSE	ORF1ab:cds-YP_009724389.1	TTA	L	TTG	L	1296
NC_045512.2	4153	A	G	32245	17631	49	1	1	34	3.0955e-05	32305	1	FALSE	ORF1ab:cds-YP_009725295.1	TTA	L	TTG	L	1296
NC_045512.2	4154	A	T	32080	17622	48	27	27	34	0.000840755	32114	0.782398	FALSE	ORF1ab:cds-YP_009724389.1	ACT	T	TCT	S	1297
NC_045512.2	4154	A	T	32080	17622	48	27	27	34	0.000840755	32114	0.782398	FALSE	ORF1ab:cds-YP_009725295.1	ACT	T	TCT	S	1297
NC_045512.2	4154	A	G	32080	17622	48	4	3	43	0.000124556	32114	0.499506	FALSE	ORF1ab:cds-YP_009724389.1	ACT	T	GCT	A	1297
NC_045512.2	4154	A	G	32080	17622	48	4	3	43	0.000124556	32114	0.499506	FALSE	ORF1ab:cds-YP_009725295.1	ACT	T	GCT	A	1297
NC_045512.2	4154	A	C	32080	17622	48	3	3	29	9.34172e-05	32114	1	FALSE	ORF1ab:cds-YP_009724389.1	ACT	T	CCT	P	1297
NC_045512.2	4154	A	C	32080	17622	48	3	3	29	9.34172e-05	32114	1	FALSE	ORF1ab:cds-YP_009725295.1	ACT	T	CCT	P	1297
NC_045512.2	4155	C	T	32392	17809	48	23	22	33	0.000708564	32460	0.910781	FALSE	ORF1ab:cds-YP_009724389.1	ACT	T	ATT	I	1297
NC_045512.2	4155	C	T	32392	17809	48	23	22	33	0.000708564	32460	0.910781	FALSE	ORF1ab:cds-YP_009725295.1	ACT	T	ATT	I	1297
NC_045512.2	4155	C	G	32392	17809	48	4	3	28	0.000123229	32460	1	FALSE	ORF1ab:cds-YP_009724389.1	ACT	T	AGT	S	1297
NC_045512.2	4155	C	G	32392	17809	48	4	3	28	0.000123229	32460	1	FALSE	ORF1ab:cds-YP_009725295.1	ACT	T	AGT	S	1297
NC_045512.2	4155	C	A	32392	17809	48	41	40	33	0.00126309	32460	0.173573	FALSE	ORF1ab:cds-YP_009724389.1	ACT	T	AAT	N	1297
NC_045512.2	4155	C	A	32392	17809	48	41	40	33	0.00126309	32460	0.173573	FALSE	ORF1ab:cds-YP_009725295.1	ACT	T	AAT	N	1297
NC_045512.2	4155	C	+T	32392	17809	48	1	0	20	3.08071e-05	32460	1	FALSE	NA	NA	NA	NA	NA	NA
NC_045512.2	4156	T	G	32638	17988	49	2	2	34	6.11546e-05	32704	1	FALSE	ORF1ab:cds-YP_009724389.1	ACT	T	ACG	T	1297
NC_045512.2	4156	T	G	32638	17988	49	2	2	34	6.11546e-05	32704	1	FALSE	ORF1ab:cds-YP_009725295.1	ACT	T	ACG	T	1297
NC_045512.2	4156	T	C	32638	17988	49	30	28	32	0.000917319	32704	0.646727	FALSE	ORF1ab:cds-YP_009724389.1	ACT	T	ACC	T	1297
NC_045512.2	4156	T	C	32638	17988	49	30	28	32	0.000917319	32704	0.646727	FALSE	ORF1ab:cds-YP_009725295.1	ACT	T	ACC	T	1297
NC_045512.2	4156	T	A	32638	17988	49	34	34	33	0.00103963	32704	0.449523	FALSE	ORF1ab:cds-YP_009724389.1	ACT	T	ACA	T	1297
NC_045512.2	4156	T	A	32638	17988	49	34	34	33	0.00103963	32704	0.449523	FALSE	ORF1ab:cds-YP_009725295.1	ACT	T	ACA	T	1297
NC_045512.2	4157	G	T	33532	18177	49	36	35	33	0.00107143	33600	0.403435	FALSE	ORF1ab:cds-YP_009724389.1	GCT	A	TCT	S	1298
NC_045512.2	4157	G	T	33532	18177	49	36	35	33	0.00107143	33600	0.403435	FALSE	ORF1ab:cds-YP_009725295.1	GCT	A	TCT	S	1298
NC_045512.2	4157	G	C	33532	18177	49	9	9	31	0.000267857	33600	0.999965	FALSE	ORF1ab:cds-YP_009724389.1	GCT	A	CCT	P	1298
NC_045512.2	4157	G	C	33532	18177	49	9	9	31	0.000267857	33600	0.999965	FALSE	ORF1ab:cds-YP_009725295.1	GCT	A	CCT	P	1298
NC_045512.2	4157	G	A	33532	18177	49	23	23	31	0.000684524	33600	0.928971	FALSE	ORF1ab:cds-YP_009724389.1	GCT	A	ACT	T	1298
NC_045512.2	4157	G	A	33532	18177	49	23	23	31	0.000684524	33600	0.928971	FALSE	ORF1ab:cds-YP_009725295.1	GCT	A	ACT	T	1298
NC_045512.2	4158	C	T	33479	18206	49	11	11	34	0.000328084	33528	0.999804	FALSE	ORF1ab:cds-YP_009724389.1	GCT	A	GTT	V	1298
NC_045512.2	4158	C	T	33479	18206	49	11	11	34	0.000328084	33528	0.999804	FALSE	ORF1ab:cds-YP_009725295.1	GCT	A	GTT	V	1298
NC_045512.2	4158	C	G	33479	18206	49	33	33	32	0.000984252	33528	0.548222	FALSE	ORF1ab:cds-YP_009724389.1	GCT	A	GGT	G	1298
NC_045512.2	4158	C	G	33479	18206	49	33	33	32	0.000984252	33528	0.548222	FALSE	ORF1ab:cds-YP_009725295.1	GCT	A	GGT	G	1298
NC_045512.2	4158	C	A	33479	18206	49	5	3	32	0.000149129	33528	1	FALSE	ORF1ab:cds-YP_009724389.1	GCT	A	GAT	D	1298
NC_045512.2	4158	C	A	33479	18206	49	5	3	32	0.000149129	33528	1	FALSE	ORF1ab:cds-YP_009725295.1	GCT	A	GAT	D	1298
NC_045512.2	4159	T	G	33696	18395	49	13	12	31	0.000385254	33744	0.999173	FALSE	ORF1ab:cds-YP_009724389.1	GCT	A	GCG	A	1298
NC_045512.2	4159	T	G	33696	18395	49	13	12	31	0.000385254	33744	0.999173	FALSE	ORF1ab:cds-YP_009725295.1	GCT	A	GCG	A	1298
NC_045512.2	4159	T	C	33696	18395	49	30	30	34	0.000889047	33744	0.692049	FALSE	ORF1ab:cds-YP_009724389.1	GCT	A	GCC	A	1298
NC_045512.2	4159	T	C	33696	18395	49	30	30	34	0.000889047	33744	0.692049	FALSE	ORF1ab:cds-YP_009725295.1	GCT	A	GCC	A	1298
NC_045512.2	4159	T	A	33696	18395	49	5	4	34	0.000148174	33744	1	FALSE	ORF1ab:cds-YP_009724389.1	GCT	A	GCA	A	1298
NC_045512.2	4159	T	A	33696	18395	49	5	4	34	0.000148174	33744	1	FALSE	ORF1ab:cds-YP_009725295.1	GCT	A	GCA	A	1298
NC_045512.2	4160	G	T	33848	18449	49	35	35	34	0.00103266	33893	0.451339	FALSE	ORF1ab:cds-YP_009724389.1	GTG	V	TTG	L	1299
NC_045512.2	4160	G	T	33848	18449	49	35	35	34	0.00103266	33893	0.451339	FALSE	ORF1ab:cds-YP_009725295.1	GTG	V	TTG	L	1299
NC_045512.2	4160	G	C	33848	18449	49	7	7	31	0.000206532	33893	0.999996	FALSE	ORF1ab:cds-YP_009724389.1	GTG	V	CTG	L	1299
NC_045512.2	4160	G	C	33848	18449	49	7	7	31	0.000206532	33893	0.999996	FALSE	ORF1ab:cds-YP_009725295.1	GTG	V	CTG	L	1299
NC_045512.2	4160	G	A	33848	18449	49	3	2	34	8.85139e-05	33893	1	FALSE	ORF1ab:cds-YP_009724389.1	GTG	V	ATG	M	1299
NC_045512.2	4160	G	A	33848	18449	49	3	2	34	8.85139e-05	33893	1	FALSE	ORF1ab:cds-YP_009725295.1	GTG	V	ATG	M	1299
NC_045512.2	4161	T	G	33960	18543	49	35	35	33	0.00102884	34019	0.498875	FALSE	ORF1ab:cds-YP_009724389.1	GTG	V	GGG	G	1299
NC_045512.2	4161	T	G	33960	18543	49	35	35	33	0.00102884	34019	0.498875	FALSE	ORF1ab:cds-YP_009725295.1	GTG	V	GGG	G	1299
NC_045512.2	4161	T	C	33960	18543	49	21	21	32	0.000617302	34019	0.970751	FALSE	ORF1ab:cds-YP_009724389.1	GTG	V	GCG	A	1299
NC_045512.2	4161	T	C	33960	18543	49	21	21	32	0.000617302	34019	0.970751	FALSE	ORF1ab:cds-YP_009725295.1	GTG	V	GCG	A	1299
NC_045512.2	4161	T	A	33960	18543	49	3	3	34	8.8186e-05	34019	1	FALSE	ORF1ab:cds-YP_009724389.1	GTG	V	GAG	E	1299
NC_045512.2	4161	T	A	33960	18543	49	3	3	34	8.8186e-05	34019	1	FALSE	ORF1ab:cds-YP_009725295.1	GTG	V	GAG	E	1299
NC_045512.2	4162	G	T	38087	19276	49	55	55	33	0.00144164	38151	0.0480799	FALSE	ORF1ab:cds-YP_009724389.1	GTG	V	GTT	V	1299
NC_045512.2	4162	G	T	38087	19276	49	55	55	33	0.00144164	38151	0.0480799	FALSE	ORF1ab:cds-YP_009725295.1	GTG	V	GTT	V	1299
NC_045512.2	4162	G	C	38087	19276	49	5	5	34	0.000131058	38151	1	FALSE	ORF1ab:cds-YP_009724389.1	GTG	V	GTC	V	1299
NC_045512.2	4162	G	C	38087	19276	49	5	5	34	0.000131058	38151	1	FALSE	ORF1ab:cds-YP_009725295.1	GTG	V	GTC	V	1299
NC_045512.2	4162	G	A	38087	19276	49	4	4	34	0.000104847	38151	1	FALSE	ORF1ab:cds-YP_009724389.1	GTG	V	GTA	V	1299
NC_045512.2	4162	G	A	38087	19276	49	4	4	34	0.000104847	38151	1	FALSE	ORF1ab:cds-YP_009725295.1	GTG	V	GTA	V	1299
NC_045512.2	4163	G	T	38357	19356	49	18	14	32	0.000469006	38379	0.997724	FALSE	ORF1ab:cds-YP_009724389.1	GTT	V	TTT	F	1300
NC_045512.2	4163	G	T	38357	19356	49	18	14	32	0.000469006	38379	0.997724	FALSE	ORF1ab:cds-YP_009725295.1	GTT	V	TTT	F	1300
NC_045512.2	4163	G	C	38357	19356	49	1	1	27	2.60559e-05	38379	1	FALSE	ORF1ab:cds-YP_009724389.1	GTT	V	CTT	L	1300
NC_045512.2	4163	G	C	38357	19356	49	1	1	27	2.60559e-05	38379	1	FALSE	ORF1ab:cds-YP_009725295.1	GTT	V	CTT	L	1300
NC_045512.2	4163	G	A	38357	19356	49	3	3	31	7.81677e-05	38379	1	FALSE	ORF1ab:cds-YP_009724389.1	GTT	V	ATT	I	1300
NC_045512.2	4163	G	A	38357	19356	49	3	3	31	7.81677e-05	38379	1	FALSE	ORF1ab:cds-YP_009725295.1	GTT	V	ATT	I	1300
NC_045512.2	4164	T	G	38456	19490	49	47	44	31	0.00122056	38507	0.192605	FALSE	ORF1ab:cds-YP_009724389.1	GTT	V	GGT	G	1300
NC_045512.2	4164	T	G	38456	19490	49	47	44	31	0.00122056	38507	0.192605	FALSE	ORF1ab:cds-YP_009725295.1	GTT	V	GGT	G	1300
NC_045512.2	4164	T	C	38456	19490	49	3	3	34	7.79079e-05	38507	1	FALSE	ORF1ab:cds-YP_009724389.1	GTT	V	GCT	A	1300
NC_045512.2	4164	T	C	38456	19490	49	3	3	34	7.79079e-05	38507	1	FALSE	ORF1ab:cds-YP_009725295.1	GTT	V	GCT	A	1300
NC_045512.2	4164	T	A	38456	19490	49	1	1	34	2.59693e-05	38507	1	FALSE	ORF1ab:cds-YP_009724389.1	GTT	V	GAT	D	1300
NC_045512.2	4164	T	A	38456	19490	49	1	1	34	2.59693e-05	38507	1	FALSE	ORF1ab:cds-YP_009725295.1	GTT	V	GAT	D	1300
NC_045512.2	4165	T	G	38421	19491	49	33	31	32	0.00085799	38462	0.76152	FALSE	ORF1ab:cds-YP_009724389.1	GTT	V	GTG	V	1300
NC_045512.2	4165	T	G	38421	19491	49	33	31	32	0.00085799	38462	0.76152	FALSE	ORF1ab:cds-YP_009725295.1	GTT	V	GTG	V	1300
NC_045512.2	4165	T	C	38421	19491	49	4	4	30	0.000103999	38462	1	FALSE	ORF1ab:cds-YP_009724389.1	GTT	V	GTC	V	1300
NC_045512.2	4165	T	C	38421	19491	49	4	4	30	0.000103999	38462	1	FALSE	ORF1ab:cds-YP_009725295.1	GTT	V	GTC	V	1300
NC_045512.2	4165	T	A	38421	19491	49	4	4	30	0.000103999	38462	1	FALSE	ORF1ab:cds-YP_009724389.1	GTT	V	GTA	V	1300
NC_045512.2	4165	T	A	38421	19491	49	4	4	30	0.000103999	38462	1	FALSE	ORF1ab:cds-YP_009725295.1	GTT	V	GTA	V	1300
NC_045512.2	4166	A	T	38462	19599	49	44	44	33	0.001142	38529	0.289568	FALSE	ORF1ab:cds-YP_009724389.1	ATA	I	TTA	L	1301
NC_045512.2	4166	A	T	38462	19599	49	44	44	33	0.001142	38529	0.289568	FALSE	ORF1ab:cds-YP_009725295.1	ATA	I	TTA	L	1301
NC_045512.2	4166	A	G	38462	19599	49	22	19	34	0.000570998	38529	0.986205	FALSE	ORF1ab:cds-YP_009724389.1	ATA	I	GTA	V	1301
NC_045512.2	4166	A	G	38462	19599	49	22	19	34	0.000570998	38529	0.986205	FALSE	ORF1ab:cds-YP_009725295.1	ATA	I	GTA	V	1301
NC_045512.2	4166	A	C	38462	19599	49	1	1	34	2.59545e-05	38529	1	FALSE	ORF1ab:cds-YP_009724389.1	ATA	I	CTA	L	1301
NC_045512.2	4166	A	C	38462	19599	49	1	1	34	2.59545e-05	38529	1	FALSE	ORF1ab:cds-YP_009725295.1	ATA	I	CTA	L	1301
NC_045512.2	4166	A	-TACC	38462	19599	49	1	0	20	2.59545e-05	38529	1	FALSE	NA	NA	NA	NA	NA	NA
NC_045512.2	4167	T	G	38664	20015	49	6	4	32	0.000154999	38710	1	FALSE	ORF1ab:cds-YP_009724389.1	ATA	I	AGA	R	1301
NC_045512.2	4167	T	G	38664	20015	49	6	4	32	0.000154999	38710	1	FALSE	ORF1ab:cds-YP_009725295.1	ATA	I	AGA	R	1301
NC_045512.2	4167	T	C	38664	20015	49	3	2	45	7.74994e-05	38710	0.655735	FALSE	ORF1ab:cds-YP_009724389.1	ATA	I	ACA	T	1301
NC_045512.2	4167	T	C	38664	20015	49	3	2	45	7.74994e-05	38710	0.655735	FALSE	ORF1ab:cds-YP_009725295.1	ATA	I	ACA	T	1301
NC_045512.2	4167	T	A	38664	20015	49	37	37	33	0.000955825	38710	0.590874	FALSE	ORF1ab:cds-YP_009724389.1	ATA	I	AAA	K	1301
NC_045512.2	4167	T	A	38664	20015	49	37	37	33	0.000955825	38710	0.590874	FALSE	ORF1ab:cds-YP_009725295.1	ATA	I	AAA	K	1301
NC_045512.2	4168	A	T	37872	20003	48	56	54	33	0.00147621	37935	0.0305521	FALSE	ORF1ab:cds-YP_009724389.1	ATA	I	ATT	I	1301
NC_045512.2	4168	A	T	37872	20003	48	56	54	33	0.00147621	37935	0.0305521	FALSE	ORF1ab:cds-YP_009725295.1	ATA	I	ATT	I	1301
NC_045512.2	4168	A	G	37872	20003	48	4	3	32	0.000105444	37935	1	FALSE	ORF1ab:cds-YP_009724389.1	ATA	I	ATG	M	1301
NC_045512.2	4168	A	G	37872	20003	48	4	3	32	0.000105444	37935	1	FALSE	ORF1ab:cds-YP_009725295.1	ATA	I	ATG	M	1301
NC_045512.2	4168	A	C	37872	20003	48	3	3	31	7.90826e-05	37935	1	FALSE	ORF1ab:cds-YP_009724389.1	ATA	I	ATC	I	1301
NC_045512.2	4168	A	C	37872	20003	48	3	3	31	7.90826e-05	37935	1	FALSE	ORF1ab:cds-YP_009725295.1	ATA	I	ATC	I	1301
NC_045512.2	4168	A	+C	37872	20003	48	1	0	20	2.63602e-05	37936	1	FALSE	NA	NA	NA	NA	NA	NA
NC_045512.2	4169	C	T	38440	19886	49	16	15	35	0.000415304	38526	0.999238	FALSE	ORF1ab:cds-YP_009724389.1	CCT	P	TCT	S	1302
NC_045512.2	4169	C	T	38440	19886	49	16	15	35	0.000415304	38526	0.999238	FALSE	ORF1ab:cds-YP_009725295.1	CCT	P	TCT	S	1302
NC_045512.2	4169	C	G	38440	19886	49	3	3	29	7.78695e-05	38526	1	FALSE	ORF1ab:cds-YP_009724389.1	CCT	P	GCT	A	1302
NC_045512.2	4169	C	G	38440	19886	49	3	3	29	7.78695e-05	38526	1	FALSE	ORF1ab:cds-YP_009725295.1	CCT	P	GCT	A	1302
NC_045512.2	4169	C	A	38440	19886	49	67	67	33	0.00173909	38526	0.00296814	TRUE	ORF1ab:cds-YP_009724389.1	CCT	P	ACT	T	1302
NC_045512.2	4169	C	A	38440	19886	49	67	67	33	0.00173909	38526	0.00296814	TRUE	ORF1ab:cds-YP_009725295.1	CCT	P	ACT	T	1302
NC_045512.2	4170	C	T	37722	19574	49	29	26	37	0.000767785	37771	0.865733	FALSE	ORF1ab:cds-YP_009724389.1	CCT	P	CTT	L	1302
NC_045512.2	4170	C	T	37722	19574	49	29	26	37	0.000767785	37771	0.865733	FALSE	ORF1ab:cds-YP_009725295.1	CCT	P	CTT	L	1302
NC_045512.2	4170	C	G	37722	19574	49	5	4	32	0.000132377	37771	1	FALSE	ORF1ab:cds-YP_009724389.1	CCT	P	CGT	R	1302
NC_045512.2	4170	C	G	37722	19574	49	5	4	32	0.000132377	37771	1	FALSE	ORF1ab:cds-YP_009725295.1	CCT	P	CGT	R	1302
NC_045512.2	4170	C	A	37722	19574	49	15	15	32	0.00039713	37771	0.999398	FALSE	ORF1ab:cds-YP_009724389.1	CCT	P	CAT	H	1302
NC_045512.2	4170	C	A	37722	19574	49	15	15	32	0.00039713	37771	0.999398	FALSE	ORF1ab:cds-YP_009725295.1	CCT	P	CAT	H	1302
NC_045512.2	4171	T	G	33629	15965	51	1	1	34	2.96868e-05	33685	1	FALSE	ORF1ab:cds-YP_009724389.1	CCT	P	CCG	P	1302
NC_045512.2	4171	T	G	33629	15965	51	1	1	34	2.96868e-05	33685	1	FALSE	ORF1ab:cds-YP_009725295.1	CCT	P	CCG	P	1302
NC_045512.2	4171	T	C	33629	15965	51	38	36	34	0.0011281	33685	0.316804	FALSE	ORF1ab:cds-YP_009724389.1	CCT	P	CCC	P	1302
NC_045512.2	4171	T	C	33629	15965	51	38	36	34	0.0011281	33685	0.316804	FALSE	ORF1ab:cds-YP_009725295.1	CCT	P	CCC	P	1302
NC_045512.2	4171	T	A	33629	15965	51	17	17	33	0.000504676	33685	0.992261	FALSE	ORF1ab:cds-YP_009724389.1	CCT	P	CCA	P	1302
NC_045512.2	4171	T	A	33629	15965	51	17	17	33	0.000504676	33685	0.992261	FALSE	ORF1ab:cds-YP_009725295.1	CCT	P	CCA	P	1302
NC_045512.2	4172	A	T	33434	15765	50	31	31	33	0.000925705	33488	0.645094	FALSE	ORF1ab:cds-YP_009724389.1	ACT	T	TCT	S	1303
NC_045512.2	4172	A	T	33434	15765	50	31	31	33	0.000925705	33488	0.645094	FALSE	ORF1ab:cds-YP_009725295.1	ACT	T	TCT	S	1303
NC_045512.2	4172	A	G	33434	15765	50	1	1	34	2.98614e-05	33488	1	FALSE	ORF1ab:cds-YP_009724389.1	ACT	T	GCT	A	1303
NC_045512.2	4172	A	G	33434	15765	50	1	1	34	2.98614e-05	33488	1	FALSE	ORF1ab:cds-YP_009725295.1	ACT	T	GCT	A	1303
NC_045512.2	4172	A	C	33434	15765	50	22	22	32	0.000656952	33488	0.947308	FALSE	ORF1ab:cds-YP_009724389.1	ACT	T	CCT	P	1303
NC_045512.2	4172	A	C	33434	15765	50	22	22	32	0.000656952	33488	0.947308	FALSE	ORF1ab:cds-YP_009725295.1	ACT	T	CCT	P	1303
NC_045512.2	4173	C	T	33497	15900	50	12	11	36	0.000357835	33535	0.999586	FALSE	ORF1ab:cds-YP_009724389.1	ACT	T	ATT	I	1303
NC_045512.2	4173	C	T	33497	15900	50	12	11	36	0.000357835	33535	0.999586	FALSE	ORF1ab:cds-YP_009725295.1	ACT	T	ATT	I	1303
NC_045512.2	4173	C	A	33497	15900	50	26	26	33	0.000775309	33535	0.851016	FALSE	ORF1ab:cds-YP_009724389.1	ACT	T	AAT	N	1303
NC_045512.2	4173	C	A	33497	15900	50	26	26	33	0.000775309	33535	0.851016	FALSE	ORF1ab:cds-YP_009725295.1	ACT	T	AAT	N	1303
NC_045512.2	4174	T	C	33771	15928	51	32	31	33	0.00094641	33812	0.597517	FALSE	ORF1ab:cds-YP_009724389.1	ACT	T	ACC	T	1303
NC_045512.2	4174	T	C	33771	15928	51	32	31	33	0.00094641	33812	0.597517	FALSE	ORF1ab:cds-YP_009725295.1	ACT	T	ACC	T	1303
NC_045512.2	4174	T	A	33771	15928	51	9	9	31	0.000266178	33812	0.999965	FALSE	ORF1ab:cds-YP_009724389.1	ACT	T	ACA	T	1303
NC_045512.2	4174	T	A	33771	15928	51	9	9	31	0.000266178	33812	0.999965	FALSE	ORF1ab:cds-YP_009725295.1	ACT	T	ACA	T	1303
NC_045512.2	4174	T	-A	33771	15928	51	7	0	20	0.000207027	33812	1	FALSE	NA	NA	NA	NA	NA	NA
NC_045512.2	4175	A	T	33739	15836	51	30	29	33	0.000887942	33786	0.691801	FALSE	ORF1ab:cds-YP_009724389.1	AAA	K	TAA	*	1304
NC_045512.2	4175	A	T	33739	15836	51	30	29	33	0.000887942	33786	0.691801	FALSE	ORF1ab:cds-YP_009725295.1	AAA	K	TAA	*	1304
NC_045512.2	4175	A	G	33739	15836	51	5	3	46	0.00014799	33786	0.362496	FALSE	ORF1ab:cds-YP_009724389.1	AAA	K	GAA	E	1304
NC_045512.2	4175	A	G	33739	15836	51	5	3	46	0.00014799	33786	0.362496	FALSE	ORF1ab:cds-YP_009725295.1	AAA	K	GAA	E	1304
NC_045512.2	4175	A	C	33739	15836	51	12	10	31	0.000355177	33786	0.999584	FALSE	ORF1ab:cds-YP_009724389.1	AAA	K	CAA	Q	1304
NC_045512.2	4175	A	C	33739	15836	51	12	10	31	0.000355177	33786	0.999584	FALSE	ORF1ab:cds-YP_009725295.1	AAA	K	CAA	Q	1304
NC_045512.2	4176	A	T	33620	15879	50	10	10	33	0.000297159	33652	0.999915	FALSE	ORF1ab:cds-YP_009724389.1	AAA	K	ATA	I	1304
NC_045512.2	4176	A	T	33620	15879	50	10	10	33	0.000297159	33652	0.999915	FALSE	ORF1ab:cds-YP_009725295.1	AAA	K	ATA	I	1304
NC_045512.2	4176	A	G	33620	15879	50	5	3	52	0.00014858	33652	0.031185	FALSE	ORF1ab:cds-YP_009724389.1	AAA	K	AGA	R	1304
NC_045512.2	4176	A	G	33620	15879	50	5	3	52	0.00014858	33652	0.031185	FALSE	ORF1ab:cds-YP_009725295.1	AAA	K	AGA	R	1304
NC_045512.2	4176	A	C	33620	15879	50	17	17	32	0.000505171	33652	0.992314	FALSE	ORF1ab:cds-YP_009724389.1	AAA	K	ACA	T	1304
NC_045512.2	4176	A	C	33620	15879	50	17	17	32	0.000505171	33652	0.992314	FALSE	ORF1ab:cds-YP_009725295.1	AAA	K	ACA	T	1304
NC_045512.2	4177	A	T	33716	15991	51	17	17	34	0.000503748	33747	0.992317	FALSE	ORF1ab:cds-YP_009724389.1	AAA	K	AAT	N	1304
NC_045512.2	4177	A	T	33716	15991	51	17	17	34	0.000503748	33747	0.992317	FALSE	ORF1ab:cds-YP_009725295.1	AAA	K	AAT	N	1304
NC_045512.2	4177	A	G	33716	15991	51	11	5	32	0.000325955	33747	0.999805	FALSE	ORF1ab:cds-YP_009724389.1	AAA	K	AAG	K	1304
NC_045512.2	4177	A	G	33716	15991	51	11	5	32	0.000325955	33747	0.999805	FALSE	ORF1ab:cds-YP_009725295.1	AAA	K	AAG	K	1304
NC_045512.2	4177	A	C	33716	15991	51	3	0	29	8.88968e-05	33747	1	FALSE	ORF1ab:cds-YP_009724389.1	AAA	K	AAC	N	1304
NC_045512.2	4177	A	C	33716	15991	51	3	0	29	8.88968e-05	33747	1	FALSE	ORF1ab:cds-YP_009725295.1	AAA	K	AAC	N	1304
NC_045512.2	4178	A	G	33446	15996	50	5	3	32	0.000149472	33451	1	FALSE	ORF1ab:cds-YP_009724389.1	AAG	K	GAG	E	1305
NC_045512.2	4178	A	G	33446	15996	50	5	3	32	0.000149472	33451	1	FALSE	ORF1ab:cds-YP_009725295.1	AAG	K	GAG	E	1305
NC_045512.2	4179	A	G	33360	16217	49	4	4	34	0.000119883	33366	1	FALSE	ORF1ab:cds-YP_009724389.1	AAG	K	AGG	R	1305
NC_045512.2	4179	A	G	33360	16217	49	4	4	34	0.000119883	33366	1	FALSE	ORF1ab:cds-YP_009725295.1	AAG	K	AGG	R	1305
NC_045512.2	4179	A	C	33360	16217	49	2	2	34	5.99413e-05	33366	1	FALSE	ORF1ab:cds-YP_009724389.1	AAG	K	ACG	T	1305
NC_045512.2	4179	A	C	33360	16217	49	2	2	34	5.99413e-05	33366	1	FALSE	ORF1ab:cds-YP_009725295.1	AAG	K	ACG	T	1305
NC_045512.2	4180	G	T	33889	16275	50	3	3	34	8.83861e-05	33942	1	FALSE	ORF1ab:cds-YP_009724389.1	AAG	K	AAT	N	1305
NC_045512.2	4180	G	T	33889	16275	50	3	3	34	8.83861e-05	33942	1	FALSE	ORF1ab:cds-YP_009725295.1	AAG	K	AAT	N	1305
NC_045512.2	4180	G	A	33889	16275	50	50	50	32	0.0014731	33942	0.0390961	FALSE	ORF1ab:cds-YP_009724389.1	AAG	K	AAA	K	1305
NC_045512.2	4180	G	A	33889	16275	50	50	50	32	0.0014731	33942	0.0390961	FALSE	ORF1ab:cds-YP_009725295.1	AAG	K	AAA	K	1305
NC_045512.2	4181	G	T	33866	16418	50	1	1	34	2.95064e-05	33891	1	FALSE	ORF1ab:cds-YP_009724389.1	GCT	A	TCT	S	1306
NC_045512.2	4181	G	T	33866	16418	50	1	1	34	2.95064e-05	33891	1	FALSE	ORF1ab:cds-YP_009725295.1	GCT	A	TCT	S	1306
NC_045512.2	4181	G	C	33866	16418	50	1	1	34	2.95064e-05	33891	1	FALSE	ORF1ab:cds-YP_009724389.1	GCT	A	CCT	P	1306
NC_045512.2	4181	G	C	33866	16418	50	1	1	34	2.95064e-05	33891	1	FALSE	ORF1ab:cds-YP_009725295.1	GCT	A	CCT	P	1306
NC_045512.2	4181	G	A	33866	16418	50	23	22	34	0.000678646	33891	0.929619	FALSE	ORF1ab:cds-YP_009724389.1	GCT	A	ACT	T	1306
NC_045512.2	4181	G	A	33866	16418	50	23	22	34	0.000678646	33891	0.929619	FALSE	ORF1ab:cds-YP_009725295.1	GCT	A	ACT	T	1306
NC_045512.2	4182	C	T	33717	16488	50	3	3	31	8.88257e-05	33774	1	FALSE	ORF1ab:cds-YP_009724389.1	GCT	A	GTT	V	1306
NC_045512.2	4182	C	T	33717	16488	50	3	3	31	8.88257e-05	33774	1	FALSE	ORF1ab:cds-YP_009725295.1	GCT	A	GTT	V	1306
NC_045512.2	4182	C	G	33717	16488	50	36	36	32	0.00106591	33774	0.40397	FALSE	ORF1ab:cds-YP_009724389.1	GCT	A	GGT	G	1306
NC_045512.2	4182	C	G	33717	16488	50	36	36	32	0.00106591	33774	0.40397	FALSE	ORF1ab:cds-YP_009725295.1	GCT	A	GGT	G	1306
NC_045512.2	4182	C	A	33717	16488	50	18	18	33	0.000532954	33774	0.987854	FALSE	ORF1ab:cds-YP_009724389.1	GCT	A	GAT	D	1306
NC_045512.2	4182	C	A	33717	16488	50	18	18	33	0.000532954	33774	0.987854	FALSE	ORF1ab:cds-YP_009725295.1	GCT	A	GAT	D	1306
NC_045512.2	4183	T	G	33511	16232	50	30	30	32	0.000893628	33571	0.691545	FALSE	ORF1ab:cds-YP_009724389.1	GCT	A	GCG	A	1306
NC_045512.2	4183	T	G	33511	16232	50	30	30	32	0.000893628	33571	0.691545	FALSE	ORF1ab:cds-YP_009725295.1	GCT	A	GCG	A	1306
NC_045512.2	4183	T	C	33511	16232	50	29	27	34	0.000863841	33571	0.736056	FALSE	ORF1ab:cds-YP_009724389.1	GCT	A	GCC	A	1306
NC_045512.2	4183	T	C	33511	16232	50	29	27	34	0.000863841	33571	0.736056	FALSE	ORF1ab:cds-YP_009725295.1	GCT	A	GCC	A	1306
NC_045512.2	4183	T	A	33511	16232	50	1	1	34	2.97876e-05	33571	1	FALSE	ORF1ab:cds-YP_009724389.1	GCT	A	GCA	A	1306
NC_045512.2	4183	T	A	33511	16232	50	1	1	34	2.97876e-05	33571	1	FALSE	ORF1ab:cds-YP_009725295.1	GCT	A	GCA	A	1306
NC_045512.2	4183	T	-G	33511	16232	50	3	0	20	8.93628e-05	33571	1	FALSE	NA	NA	NA	NA	NA	NA
NC_045512.2	4184	G	T	33767	16403	50	31	31	33	0.00091697	33807	0.64559	FALSE	ORF1ab:cds-YP_009724389.1	GGT	G	TGT	C	1307
NC_045512.2	4184	G	T	33767	16403	50	31	31	33	0.00091697	33807	0.64559	FALSE	ORF1ab:cds-YP_009725295.1	GGT	G	TGT	C	1307
NC_045512.2	4184	G	C	33767	16403	50	8	8	33	0.000236637	33807	0.999987	FALSE	ORF1ab:cds-YP_009724389.1	GGT	G	CGT	R	1307
NC_045512.2	4184	G	C	33767	16403	50	8	8	33	0.000236637	33807	0.999987	FALSE	ORF1ab:cds-YP_009725295.1	GGT	G	CGT	R	1307
NC_045512.2	4184	G	A	33767	16403	50	1	1	34	2.95797e-05	33807	1	FALSE	ORF1ab:cds-YP_009724389.1	GGT	G	AGT	S	1307
NC_045512.2	4184	G	A	33767	16403	50	1	1	34	2.95797e-05	33807	1	FALSE	ORF1ab:cds-YP_009725295.1	GGT	G	AGT	S	1307
NC_045512.2	4185	G	T	33775	16600	51	16	16	32	0.000473233	33810	0.995288	FALSE	ORF1ab:cds-YP_009724389.1	GGT	G	GTT	V	1307
NC_045512.2	4185	G	T	33775	16600	51	16	16	32	0.000473233	33810	0.995288	FALSE	ORF1ab:cds-YP_009725295.1	GGT	G	GTT	V	1307
NC_045512.2	4185	G	C	33775	16600	51	17	17	33	0.00050281	33810	0.992308	FALSE	ORF1ab:cds-YP_009724389.1	GGT	G	GCT	A	1307
NC_045512.2	4185	G	C	33775	16600	51	17	17	33	0.00050281	33810	0.992308	FALSE	ORF1ab:cds-YP_009725295.1	GGT	G	GCT	A	1307
NC_045512.2	4185	G	A	33775	16600	51	2	1	34	5.91541e-05	33810	1	FALSE	ORF1ab:cds-YP_009724389.1	GGT	G	GAT	D	1307
NC_045512.2	4185	G	A	33775	16600	51	2	1	34	5.91541e-05	33810	1	FALSE	ORF1ab:cds-YP_009725295.1	GGT	G	GAT	D	1307
NC_045512.2	4186	T	G	33840	16632	51	39	37	33	0.00115099	33884	0.277725	FALSE	ORF1ab:cds-YP_009724389.1	GGT	G	GGG	G	1307
NC_045512.2	4186	T	G	33840	16632	51	39	37	33	0.00115099	33884	0.277725	FALSE	ORF1ab:cds-YP_009725295.1	GGT	G	GGG	G	1307
NC_045512.2	4186	T	C	33840	16632	51	4	3	40	0.00011805	33884	0.49937	FALSE	ORF1ab:cds-YP_009724389.1	GGT	G	GGC	G	1307
NC_045512.2	4186	T	C	33840	16632	51	4	3	40	0.00011805	33884	0.49937	FALSE	ORF1ab:cds-YP_009725295.1	GGT	G	GGC	G	1307
NC_045512.2	4186	T	A	33840	16632	51	1	1	34	2.95125e-05	33884	1	FALSE	ORF1ab:cds-YP_009724389.1	GGT	G	GGA	G	1307
NC_045512.2	4186	T	A	33840	16632	51	1	1	34	2.95125e-05	33884	1	FALSE	ORF1ab:cds-YP_009725295.1	GGT	G	GGA	G	1307
NC_045512.2	4187	G	T	33906	16594	51	33	33	33	0.000972218	33943	0.548802	FALSE	ORF1ab:cds-YP_009724389.1	GGC	G	TGC	C	1308
NC_045512.2	4187	G	T	33906	16594	51	33	33	33	0.000972218	33943	0.548802	FALSE	ORF1ab:cds-YP_009725295.1	GGC	G	TGC	C	1308
NC_045512.2	4187	G	C	33906	16594	51	1	1	34	2.94612e-05	33943	1	FALSE	ORF1ab:cds-YP_009724389.1	GGC	G	CGC	R	1308
NC_045512.2	4187	G	C	33906	16594	51	1	1	34	2.94612e-05	33943	1	FALSE	ORF1ab:cds-YP_009725295.1	GGC	G	CGC	R	1308
NC_045512.2	4187	G	A	33906	16594	51	3	3	45	8.83835e-05	33943	0.655801	FALSE	ORF1ab:cds-YP_009724389.1	GGC	G	AGC	S	1308
NC_045512.2	4187	G	A	33906	16594	51	3	3	45	8.83835e-05	33943	0.655801	FALSE	ORF1ab:cds-YP_009725295.1	GGC	G	AGC	S	1308
NC_045512.2	4188	G	T	34003	16609	50	14	13	32	0.000411474	34024	0.998958	FALSE	ORF1ab:cds-YP_009724389.1	GGC	G	GTC	V	1308
NC_045512.2	4188	G	T	34003	16609	50	14	13	32	0.000411474	34024	0.998958	FALSE	ORF1ab:cds-YP_009725295.1	GGC	G	GTC	V	1308
NC_045512.2	4188	G	A	34003	16609	50	7	6	29	0.000205737	34024	1	FALSE	ORF1ab:cds-YP_009724389.1	GGC	G	GAC	D	1308
NC_045512.2	4188	G	A	34003	16609	50	7	6	29	0.000205737	34024	1	FALSE	ORF1ab:cds-YP_009725295.1	GGC	G	GAC	D	1308
NC_045512.2	4189	C	T	33173	16730	50	25	23	34	0.000752174	33237	0.880711	FALSE	ORF1ab:cds-YP_009724389.1	GGC	G	GGT	G	1308
NC_045512.2	4189	C	T	33173	16730	50	25	23	34	0.000752174	33237	0.880711	FALSE	ORF1ab:cds-YP_009725295.1	GGC	G	GGT	G	1308
NC_045512.2	4189	C	G	33173	16730	50	35	35	32	0.00105304	33237	0.450392	FALSE	ORF1ab:cds-YP_009724389.1	GGC	G	GGG	G	1308
NC_045512.2	4189	C	G	33173	16730	50	35	35	32	0.00105304	33237	0.450392	FALSE	ORF1ab:cds-YP_009725295.1	GGC	G	GGG	G	1308
NC_045512.2	4189	C	A	33173	16730	50	4	4	34	0.000120348	33237	1	FALSE	ORF1ab:cds-YP_009724389.1	GGC	G	GGA	G	1308
NC_045512.2	4189	C	A	33173	16730	50	4	4	34	0.000120348	33237	1	FALSE	ORF1ab:cds-YP_009725295.1	GGC	G	GGA	G	1308
NC_045512.2	4190	A	T	33595	16596	50	2	2	30	5.94177e-05	33660	1	FALSE	ORF1ab:cds-YP_009724389.1	ACT	T	TCT	S	1309
NC_045512.2	4190	A	T	33595	16596	50	2	2	30	5.94177e-05	33660	1	FALSE	ORF1ab:cds-YP_009725295.1	ACT	T	TCT	S	1309
NC_045512.2	4190	A	G	33595	16596	50	32	30	34	0.000950683	33660	0.596398	FALSE	ORF1ab:cds-YP_009724389.1	ACT	T	GCT	A	1309
NC_045512.2	4190	A	G	33595	16596	50	32	30	34	0.000950683	33660	0.596398	FALSE	ORF1ab:cds-YP_009725295.1	ACT	T	GCT	A	1309
NC_045512.2	4190	A	C	33595	16596	50	31	31	33	0.000920974	33660	0.64461	FALSE	ORF1ab:cds-YP_009724389.1	ACT	T	CCT	P	1309
NC_045512.2	4190	A	C	33595	16596	50	31	31	33	0.000920974	33660	0.64461	FALSE	ORF1ab:cds-YP_009725295.1	ACT	T	CCT	P	1309
NC_045512.2	4191	C	T	34715	17006	50	4	4	34	0.000115019	34777	1	FALSE	ORF1ab:cds-YP_009724389.1	ACT	T	ATT	I	1309
NC_045512.2	4191	C	T	34715	17006	50	4	4	34	0.000115019	34777	1	FALSE	ORF1ab:cds-YP_009725295.1	ACT	T	ATT	I	1309
NC_045512.2	4191	C	G	34715	17006	50	23	19	30	0.000661357	34777	0.944028	FALSE	ORF1ab:cds-YP_009724389.1	ACT	T	AGT	S	1309
NC_045512.2	4191	C	G	34715	17006	50	23	19	30	0.000661357	34777	0.944028	FALSE	ORF1ab:cds-YP_009725295.1	ACT	T	AGT	S	1309
NC_045512.2	4191	C	A	34715	17006	50	35	33	32	0.00100641	34777	0.498756	FALSE	ORF1ab:cds-YP_009724389.1	ACT	T	AAT	N	1309
NC_045512.2	4191	C	A	34715	17006	50	35	33	32	0.00100641	34777	0.498756	FALSE	ORF1ab:cds-YP_009725295.1	ACT	T	AAT	N	1309
NC_045512.2	4192	T	G	34719	16936	50	5	5	34	0.000143757	34781	1	FALSE	ORF1ab:cds-YP_009724389.1	ACT	T	ACG	T	1309
NC_045512.2	4192	T	G	34719	16936	50	5	5	34	0.000143757	34781	1	FALSE	ORF1ab:cds-YP_009725295.1	ACT	T	ACG	T	1309
NC_045512.2	4192	T	C	34719	16936	50	46	45	33	0.00132256	34781	0.108765	FALSE	ORF1ab:cds-YP_009724389.1	ACT	T	ACC	T	1309
NC_045512.2	4192	T	C	34719	16936	50	46	45	33	0.00132256	34781	0.108765	FALSE	ORF1ab:cds-YP_009725295.1	ACT	T	ACC	T	1309
NC_045512.2	4192	T	A	34719	16936	50	11	11	33	0.000316265	34781	0.999875	FALSE	ORF1ab:cds-YP_009724389.1	ACT	T	ACA	T	1309
NC_045512.2	4192	T	A	34719	16936	50	11	11	33	0.000316265	34781	0.999875	FALSE	ORF1ab:cds-YP_009725295.1	ACT	T	ACA	T	1309
NC_045512.2	4193	A	T	35792	17076	50	33	33	33	0.000920733	35841	0.641267	FALSE	ORF1ab:cds-YP_009724389.1	ACT	T	TCT	S	1310
NC_045512.2	4193	A	T	35792	17076	50	33	33	33	0.000920733	35841	0.641267	FALSE	ORF1ab:cds-YP_009725295.1	ACT	T	TCT	S	1310
NC_045512.2	4193	A	G	35792	17076	50	5	4	29	0.000139505	35841	1	FALSE	ORF1ab:cds-YP_009724389.1	ACT	T	GCT	A	1310
NC_045512.2	4193	A	G	35792	17076	50	5	4	29	0.000139505	35841	1	FALSE	ORF1ab:cds-YP_009725295.1	ACT	T	GCT	A	1310
NC_045512.2	4193	A	C	35792	17076	50	11	10	31	0.000306911	35841	0.999921	FALSE	ORF1ab:cds-YP_009724389.1	ACT	T	CCT	P	1310
NC_045512.2	4193	A	C	35792	17076	50	11	10	31	0.000306911	35841	0.999921	FALSE	ORF1ab:cds-YP_009725295.1	ACT	T	CCT	P	1310
NC_045512.2	4194	C	T	35882	17283	50	12	12	33	0.000333992	35929	0.999826	FALSE	ORF1ab:cds-YP_009724389.1	ACT	T	ATT	I	1310
NC_045512.2	4194	C	T	35882	17283	50	12	12	33	0.000333992	35929	0.999826	FALSE	ORF1ab:cds-YP_009725295.1	ACT	T	ATT	I	1310
NC_045512.2	4194	C	G	35882	17283	50	5	3	29	0.000139163	35929	1	FALSE	ORF1ab:cds-YP_009724389.1	ACT	T	AGT	S	1310
NC_045512.2	4194	C	G	35882	17283	50	5	3	29	0.000139163	35929	1	FALSE	ORF1ab:cds-YP_009725295.1	ACT	T	AGT	S	1310
NC_045512.2	4194	C	A	35882	17283	50	30	29	33	0.00083498	35929	0.771046	FALSE	ORF1ab:cds-YP_009724389.1	ACT	T	AAT	N	1310
NC_045512.2	4194	C	A	35882	17283	50	30	29	33	0.00083498	35929	0.771046	FALSE	ORF1ab:cds-YP_009725295.1	ACT	T	AAT	N	1310
NC_045512.2	4195	T	G	35831	17328	51	7	6	31	0.000195068	35885	0.999999	FALSE	ORF1ab:cds-YP_009724389.1	ACT	T	ACG	T	1310
NC_045512.2	4195	T	G	35831	17328	51	7	6	31	0.000195068	35885	0.999999	FALSE	ORF1ab:cds-YP_009725295.1	ACT	T	ACG	T	1310
NC_045512.2	4195	T	C	35831	17328	51	36	34	34	0.0010032	35885	0.4992	FALSE	ORF1ab:cds-YP_009724389.1	ACT	T	ACC	T	1310
NC_045512.2	4195	T	C	35831	17328	51	36	34	34	0.0010032	35885	0.4992	FALSE	ORF1ab:cds-YP_009725295.1	ACT	T	ACC	T	1310
NC_045512.2	4195	T	A	35831	17328	51	11	11	33	0.000306535	35885	0.999921	FALSE	ORF1ab:cds-YP_009724389.1	ACT	T	ACA	T	1310
NC_045512.2	4195	T	A	35831	17328	51	11	11	33	0.000306535	35885	0.999921	FALSE	ORF1ab:cds-YP_009725295.1	ACT	T	ACA	T	1310
NC_045512.2	4196	G	T	35700	17305	51	37	37	33	0.00103453	35765	0.451849	FALSE	ORF1ab:cds-YP_009724389.1	GAA	E	TAA	*	1311
NC_045512.2	4196	G	T	35700	17305	51	37	37	33	0.00103453	35765	0.451849	FALSE	ORF1ab:cds-YP_009725295.1	GAA	E	TAA	*	1311
NC_045512.2	4196	G	C	35700	17305	51	9	9	33	0.000251643	35765	0.999987	FALSE	ORF1ab:cds-YP_009724389.1	GAA	E	CAA	Q	1311
NC_045512.2	4196	G	C	35700	17305	51	9	9	33	0.000251643	35765	0.999987	FALSE	ORF1ab:cds-YP_009725295.1	GAA	E	CAA	Q	1311
NC_045512.2	4196	G	A	35700	17305	51	19	18	35	0.000531246	35765	0.989983	FALSE	ORF1ab:cds-YP_009724389.1	GAA	E	AAA	K	1311
NC_045512.2	4196	G	A	35700	17305	51	19	18	35	0.000531246	35765	0.989983	FALSE	ORF1ab:cds-YP_009725295.1	GAA	E	AAA	K	1311
NC_045512.2	4197	A	T	35753	17768	52	11	11	32	0.000307065	35823	0.99992	FALSE	ORF1ab:cds-YP_009724389.1	GAA	E	GTA	V	1311
NC_045512.2	4197	A	T	35753	17768	52	11	11	32	0.000307065	35823	0.99992	FALSE	ORF1ab:cds-YP_009725295.1	GAA	E	GTA	V	1311
NC_045512.2	4197	A	G	35753	17768	52	38	38	32	0.00106077	35823	0.406074	FALSE	ORF1ab:cds-YP_009724389.1	GAA	E	GGA	G	1311
NC_045512.2	4197	A	G	35753	17768	52	38	38	32	0.00106077	35823	0.406074	FALSE	ORF1ab:cds-YP_009725295.1	GAA	E	GGA	G	1311
NC_045512.2	4197	A	C	35753	17768	52	21	20	32	0.000586216	35823	0.977754	FALSE	ORF1ab:cds-YP_009724389.1	GAA	E	GCA	A	1311
NC_045512.2	4197	A	C	35753	17768	52	21	20	32	0.000586216	35823	0.977754	FALSE	ORF1ab:cds-YP_009725295.1	GAA	E	GCA	A	1311
NC_045512.2	4198	A	T	35721	17824	52	28	28	33	0.000782888	35765	0.842954	FALSE	ORF1ab:cds-YP_009724389.1	GAA	E	GAT	D	1311
NC_045512.2	4198	A	T	35721	17824	52	28	28	33	0.000782888	35765	0.842954	FALSE	ORF1ab:cds-YP_009725295.1	GAA	E	GAT	D	1311
NC_045512.2	4198	A	G	35721	17824	52	16	14	33	0.000447365	35765	0.997687	FALSE	ORF1ab:cds-YP_009724389.1	GAA	E	GAG	E	1311
NC_045512.2	4198	A	G	35721	17824	52	16	14	33	0.000447365	35765	0.997687	FALSE	ORF1ab:cds-YP_009725295.1	GAA	E	GAG	E	1311
NC_045512.2	4199	A	T	35826	17864	52	4	4	34	0.000111564	35854	1	FALSE	ORF1ab:cds-YP_009724389.1	ATG	M	TTG	L	1312
NC_045512.2	4199	A	T	35826	17864	52	4	4	34	0.000111564	35854	1	FALSE	ORF1ab:cds-YP_009725295.1	ATG	M	TTG	L	1312
NC_045512.2	4199	A	G	35826	17864	52	24	24	34	0.000669381	35854	0.941299	FALSE	ORF1ab:cds-YP_009724389.1	ATG	M	GTG	V	1312
NC_045512.2	4199	A	G	35826	17864	52	24	24	34	0.000669381	35854	0.941299	FALSE	ORF1ab:cds-YP_009725295.1	ATG	M	GTG	V	1312
NC_045512.2	4200	T	G	34841	17082	52	2	2	30	5.72967e-05	34906	1	FALSE	ORF1ab:cds-YP_009724389.1	ATG	M	AGG	R	1312
NC_045512.2	4200	T	G	34841	17082	52	2	2	30	5.72967e-05	34906	1	FALSE	ORF1ab:cds-YP_009725295.1	ATG	M	AGG	R	1312
NC_045512.2	4200	T	C	34841	17082	52	3	3	30	8.59451e-05	34906	1	FALSE	ORF1ab:cds-YP_009724389.1	ATG	M	ACG	T	1312
NC_045512.2	4200	T	C	34841	17082	52	3	3	30	8.59451e-05	34906	1	FALSE	ORF1ab:cds-YP_009725295.1	ATG	M	ACG	T	1312
NC_045512.2	4200	T	A	34841	17082	52	60	60	32	0.0017189	34906	0.00474228	TRUE	ORF1ab:cds-YP_009724389.1	ATG	M	AAG	K	1312
NC_045512.2	4200	T	A	34841	17082	52	60	60	32	0.0017189	34906	0.00474228	TRUE	ORF1ab:cds-YP_009725295.1	ATG	M	AAG	K	1312
NC_045512.2	4201	G	T	34613	17015	52	43	43	33	0.00123966	34687	0.179882	FALSE	ORF1ab:cds-YP_009724389.1	ATG	M	ATT	I	1312
NC_045512.2	4201	G	T	34613	17015	52	43	43	33	0.00123966	34687	0.179882	FALSE	ORF1ab:cds-YP_009725295.1	ATG	M	ATT	I	1312
NC_045512.2	4201	G	C	34613	17015	52	1	1	34	2.88292e-05	34687	1	FALSE	ORF1ab:cds-YP_009724389.1	ATG	M	ATC	I	1312
NC_045512.2	4201	G	C	34613	17015	52	1	1	34	2.88292e-05	34687	1	FALSE	ORF1ab:cds-YP_009725295.1	ATG	M	ATC	I	1312
NC_045512.2	4201	G	A	34613	17015	52	30	30	33	0.000864877	34687	0.732303	FALSE	ORF1ab:cds-YP_009724389.1	ATG	M	ATA	I	1312
NC_045512.2	4201	G	A	34613	17015	52	30	30	33	0.000864877	34687	0.732303	FALSE	ORF1ab:cds-YP_009725295.1	ATG	M	ATA	I	1312
NC_045512.2	4202	C	T	33439	16473	53	18	18	35	0.000537121	33512	0.987799	FALSE	ORF1ab:cds-YP_009724389.1	CTA	L	TTA	L	1313
NC_045512.2	4202	C	T	33439	16473	53	18	18	35	0.000537121	33512	0.987799	FALSE	ORF1ab:cds-YP_009725295.1	CTA	L	TTA	L	1313
NC_045512.2	4202	C	G	33439	16473	53	34	34	32	0.00101456	33512	0.49814	FALSE	ORF1ab:cds-YP_009724389.1	CTA	L	GTA	V	1313
NC_045512.2	4202	C	G	33439	16473	53	34	34	32	0.00101456	33512	0.49814	FALSE	ORF1ab:cds-YP_009725295.1	CTA	L	GTA	V	1313
NC_045512.2	4202	C	A	33439	16473	53	21	21	32	0.000626641	33512	0.961643	FALSE	ORF1ab:cds-YP_009724389.1	CTA	L	ATA	I	1313
NC_045512.2	4202	C	A	33439	16473	53	21	21	32	0.000626641	33512	0.961643	FALSE	ORF1ab:cds-YP_009725295.1	CTA	L	ATA	I	1313
NC_045512.2	4203	T	G	33278	16328	53	8	7	33	0.000240031	33329	0.999987	FALSE	ORF1ab:cds-YP_009724389.1	CTA	L	CGA	R	1313
NC_045512.2	4203	T	G	33278	16328	53	8	7	33	0.000240031	33329	0.999987	FALSE	ORF1ab:cds-YP_009725295.1	CTA	L	CGA	R	1313
NC_045512.2	4203	T	C	33278	16328	53	40	38	34	0.00120016	33329	0.240873	FALSE	ORF1ab:cds-YP_009724389.1	CTA	L	CCA	P	1313
NC_045512.2	4203	T	C	33278	16328	53	40	38	34	0.00120016	33329	0.240873	FALSE	ORF1ab:cds-YP_009725295.1	CTA	L	CCA	P	1313
NC_045512.2	4203	T	A	33278	16328	53	3	3	31	9.00117e-05	33329	1	FALSE	ORF1ab:cds-YP_009724389.1	CTA	L	CAA	Q	1313
NC_045512.2	4203	T	A	33278	16328	53	3	3	31	9.00117e-05	33329	1	FALSE	ORF1ab:cds-YP_009725295.1	CTA	L	CAA	Q	1313
NC_045512.2	4204	A	T	33845	16543	53	34	34	33	0.00100251	33915	0.498307	FALSE	ORF1ab:cds-YP_009724389.1	CTA	L	CTT	L	1313
NC_045512.2	4204	A	T	33845	16543	53	34	34	33	0.00100251	33915	0.498307	FALSE	ORF1ab:cds-YP_009725295.1	CTA	L	CTT	L	1313
NC_045512.2	4204	A	G	33845	16543	53	23	21	35	0.000678166	33915	0.928946	FALSE	ORF1ab:cds-YP_009724389.1	CTA	L	CTG	L	1313
NC_045512.2	4204	A	G	33845	16543	53	23	21	35	0.000678166	33915	0.928946	FALSE	ORF1ab:cds-YP_009725295.1	CTA	L	CTG	L	1313
NC_045512.2	4204	A	C	33845	16543	53	13	13	33	0.000383311	33915	0.999167	FALSE	ORF1ab:cds-YP_009724389.1	CTA	L	CTC	L	1313
NC_045512.2	4204	A	C	33845	16543	53	13	13	33	0.000383311	33915	0.999167	FALSE	ORF1ab:cds-YP_009725295.1	CTA	L	CTC	L	1313
NC_045512.2	4205	G	T	33849	16539	53	14	14	34	0.000412748	33919	0.998433	FALSE	ORF1ab:cds-YP_009724389.1	GCG	A	TCG	S	1314
NC_045512.2	4205	G	T	33849	16539	53	14	14	34	0.000412748	33919	0.998433	FALSE	ORF1ab:cds-YP_009725295.1	GCG	A	TCG	S	1314
NC_045512.2	4205	G	C	33849	16539	53	19	19	33	0.000560158	33919	0.981555	FALSE	ORF1ab:cds-YP_009724389.1	GCG	A	CCG	P	1314
NC_045512.2	4205	G	C	33849	16539	53	19	19	33	0.000560158	33919	0.981555	FALSE	ORF1ab:cds-YP_009725295.1	GCG	A	CCG	P	1314
NC_045512.2	4205	G	A	33849	16539	53	37	37	33	0.00109083	33919	0.35855	FALSE	ORF1ab:cds-YP_009724389.1	GCG	A	ACG	T	1314
NC_045512.2	4205	G	A	33849	16539	53	37	37	33	0.00109083	33919	0.35855	FALSE	ORF1ab:cds-YP_009725295.1	GCG	A	ACG	T	1314
NC_045512.2	4206	C	T	33767	16734	53	25	25	33	0.000738814	33838	0.880567	FALSE	ORF1ab:cds-YP_009724389.1	GCG	A	GTG	V	1314
NC_045512.2	4206	C	T	33767	16734	53	25	25	33	0.000738814	33838	0.880567	FALSE	ORF1ab:cds-YP_009725295.1	GCG	A	GTG	V	1314
NC_045512.2	4206	C	G	33767	16734	53	35	33	32	0.00103434	33838	0.450078	FALSE	ORF1ab:cds-YP_009724389.1	GCG	A	GGG	G	1314
NC_045512.2	4206	C	G	33767	16734	53	35	33	32	0.00103434	33838	0.450078	FALSE	ORF1ab:cds-YP_009725295.1	GCG	A	GGG	G	1314
NC_045512.2	4206	C	A	33767	16734	53	11	11	33	0.000325078	33838	0.999803	FALSE	ORF1ab:cds-YP_009724389.1	GCG	A	GAG	E	1314
NC_045512.2	4206	C	A	33767	16734	53	11	11	33	0.000325078	33838	0.999803	FALSE	ORF1ab:cds-YP_009725295.1	GCG	A	GAG	E	1314
NC_045512.2	4207	G	T	33748	16632	53	12	10	32	0.000354841	33818	0.999581	FALSE	ORF1ab:cds-YP_009724389.1	GCG	A	GCT	A	1314
NC_045512.2	4207	G	T	33748	16632	53	12	10	32	0.000354841	33818	0.999581	FALSE	ORF1ab:cds-YP_009725295.1	GCG	A	GCT	A	1314
NC_045512.2	4207	G	C	33748	16632	53	35	35	32	0.00103495	33818	0.450125	FALSE	ORF1ab:cds-YP_009724389.1	GCG	A	GCC	A	1314
NC_045512.2	4207	G	C	33748	16632	53	35	35	32	0.00103495	33818	0.450125	FALSE	ORF1ab:cds-YP_009725295.1	GCG	A	GCC	A	1314
NC_045512.2	4207	G	A	33748	16632	53	23	22	34	0.000680111	33818	0.928944	FALSE	ORF1ab:cds-YP_009724389.1	GCG	A	GCA	A	1314
NC_045512.2	4207	G	A	33748	16632	53	23	22	34	0.000680111	33818	0.928944	FALSE	ORF1ab:cds-YP_009725295.1	GCG	A	GCA	A	1314
NC_045512.2	4208	A	T	33855	16777	53	7	7	37	0.000206283	33934	0.999996	FALSE	ORF1ab:cds-YP_009724389.1	AAA	K	TAA	*	1315
NC_045512.2	4208	A	T	33855	16777	53	7	7	37	0.000206283	33934	0.999996	FALSE	ORF1ab:cds-YP_009725295.1	AAA	K	TAA	*	1315
NC_045512.2	4208	A	G	33855	16777	53	59	58	32	0.00173867	33934	0.00433361	TRUE	ORF1ab:cds-YP_009724389.1	AAA	K	GAA	E	1315
NC_045512.2	4208	A	G	33855	16777	53	59	58	32	0.00173867	33934	0.00433361	TRUE	ORF1ab:cds-YP_009725295.1	AAA	K	GAA	E	1315
NC_045512.2	4208	A	C	33855	16777	53	13	13	34	0.000383097	33934	0.999164	FALSE	ORF1ab:cds-YP_009724389.1	AAA	K	CAA	Q	1315
NC_045512.2	4208	A	C	33855	16777	53	13	13	34	0.000383097	33934	0.999164	FALSE	ORF1ab:cds-YP_009725295.1	AAA	K	CAA	Q	1315
NC_045512.2	4209	A	T	33746	16754	53	6	6	34	0.00017752	33799	0.999999	FALSE	ORF1ab:cds-YP_009724389.1	AAA	K	ATA	I	1315
NC_045512.2	4209	A	T	33746	16754	53	6	6	34	0.00017752	33799	0.999999	FALSE	ORF1ab:cds-YP_009725295.1	AAA	K	ATA	I	1315
NC_045512.2	4209	A	G	33746	16754	53	19	13	36	0.000562147	33799	0.981636	FALSE	ORF1ab:cds-YP_009724389.1	AAA	K	AGA	R	1315
NC_045512.2	4209	A	G	33746	16754	53	19	13	36	0.000562147	33799	0.981636	FALSE	ORF1ab:cds-YP_009725295.1	AAA	K	AGA	R	1315
NC_045512.2	4209	A	C	33746	16754	53	28	26	32	0.000828427	33799	0.777962	FALSE	ORF1ab:cds-YP_009724389.1	AAA	K	ACA	T	1315
NC_045512.2	4209	A	C	33746	16754	53	28	26	32	0.000828427	33799	0.777962	FALSE	ORF1ab:cds-YP_009725295.1	AAA	K	ACA	T	1315
NC_045512.2	4210	A	T	33841	16753	53	7	7	32	0.000206666	33871	0.999996	FALSE	ORF1ab:cds-YP_009724389.1	AAA	K	AAT	N	1315
NC_045512.2	4210	A	T	33841	16753	53	7	7	32	0.000206666	33871	0.999996	FALSE	ORF1ab:cds-YP_009725295.1	AAA	K	AAT	N	1315
NC_045512.2	4210	A	G	33841	16753	53	20	19	34	0.000590476	33871	0.973267	FALSE	ORF1ab:cds-YP_009724389.1	AAA	K	AAG	K	1315
NC_045512.2	4210	A	G	33841	16753	53	20	19	34	0.000590476	33871	0.973267	FALSE	ORF1ab:cds-YP_009725295.1	AAA	K	AAG	K	1315
NC_045512.2	4210	A	C	33841	16753	53	3	3	29	8.85713e-05	33871	1	FALSE	ORF1ab:cds-YP_009724389.1	AAA	K	AAC	N	1315
NC_045512.2	4210	A	C	33841	16753	53	3	3	29	8.85713e-05	33871	1	FALSE	ORF1ab:cds-YP_009725295.1	AAA	K	AAC	N	1315
NC_045512.2	4211	G	T	34047	16708	53	5	4	34	0.000146537	34121	1	FALSE	ORF1ab:cds-YP_009724389.1	GCT	A	TCT	S	1316
NC_045512.2	4211	G	T	34047	16708	53	5	4	34	0.000146537	34121	1	FALSE	ORF1ab:cds-YP_009725295.1	GCT	A	TCT	S	1316
NC_045512.2	4211	G	C	34047	16708	53	2	2	34	5.86149e-05	34121	1	FALSE	ORF1ab:cds-YP_009724389.1	GCT	A	CCT	P	1316
NC_045512.2	4211	G	C	34047	16708	53	2	2	34	5.86149e-05	34121	1	FALSE	ORF1ab:cds-YP_009725295.1	GCT	A	CCT	P	1316
NC_045512.2	4211	G	A	34047	16708	53	67	67	32	0.0019636	34121	0.000658485	TRUE	ORF1ab:cds-YP_009724389.1	GCT	A	ACT	T	1316
NC_045512.2	4211	G	A	34047	16708	53	67	67	32	0.0019636	34121	0.000658485	TRUE	ORF1ab:cds-YP_009725295.1	GCT	A	ACT	T	1316
NC_045512.2	4212	C	T	34080	16939	53	7	6	38	0.000204936	34157	0.999998	FALSE	ORF1ab:cds-YP_009724389.1	GCT	A	GTT	V	1316
NC_045512.2	4212	C	T	34080	16939	53	7	6	38	0.000204936	34157	0.999998	FALSE	ORF1ab:cds-YP_009725295.1	GCT	A	GTT	V	1316
NC_045512.2	4212	C	G	34080	16939	53	38	38	32	0.00111251	34157	0.360129	FALSE	ORF1ab:cds-YP_009724389.1	GCT	A	GGT	G	1316
NC_045512.2	4212	C	G	34080	16939	53	38	38	32	0.00111251	34157	0.360129	FALSE	ORF1ab:cds-YP_009725295.1	GCT	A	GGT	G	1316
NC_045512.2	4212	C	A	34080	16939	53	32	32	33	0.00093685	34157	0.64199	FALSE	ORF1ab:cds-YP_009724389.1	GCT	A	GAT	D	1316
NC_045512.2	4212	C	A	34080	16939	53	32	32	33	0.00093685	34157	0.64199	FALSE	ORF1ab:cds-YP_009725295.1	GCT	A	GAT	D	1316
NC_045512.2	4213	T	G	33445	16310	52	16	13	30	0.000477384	33516	0.995236	FALSE	ORF1ab:cds-YP_009724389.1	GCT	A	GCG	A	1316
NC_045512.2	4213	T	G	33445	16310	52	16	13	30	0.000477384	33516	0.995236	FALSE	ORF1ab:cds-YP_009725295.1	GCT	A	GCG	A	1316
NC_045512.2	4213	T	C	33445	16310	52	31	31	32	0.000924931	33516	0.644336	FALSE	ORF1ab:cds-YP_009724389.1	GCT	A	GCC	A	1316
NC_045512.2	4213	T	C	33445	16310	52	31	31	32	0.000924931	33516	0.644336	FALSE	ORF1ab:cds-YP_009725295.1	GCT	A	GCC	A	1316
NC_045512.2	4213	T	A	33445	16310	52	24	24	34	0.000716076	33516	0.906805	FALSE	ORF1ab:cds-YP_009724389.1	GCT	A	GCA	A	1316
NC_045512.2	4213	T	A	33445	16310	52	24	24	34	0.000716076	33516	0.906805	FALSE	ORF1ab:cds-YP_009725295.1	GCT	A	GCA	A	1316
NC_045512.2	4214	T	G	33730	16663	53	31	31	32	0.000917757	33778	0.645368	FALSE	ORF1ab:cds-YP_009724389.1	TTG	L	GTG	V	1317
NC_045512.2	4214	T	G	33730	16663	53	31	31	32	0.000917757	33778	0.645368	FALSE	ORF1ab:cds-YP_009725295.1	TTG	L	GTG	V	1317
NC_045512.2	4214	T	C	33730	16663	53	11	10	39	0.000325656	33778	0.999804	FALSE	ORF1ab:cds-YP_009724389.1	TTG	L	CTG	L	1317
NC_045512.2	4214	T	C	33730	16663	53	11	10	39	0.000325656	33778	0.999804	FALSE	ORF1ab:cds-YP_009725295.1	TTG	L	CTG	L	1317
NC_045512.2	4214	T	A	33730	16663	53	6	6	31	0.00017763	33778	0.999999	FALSE	ORF1ab:cds-YP_009724389.1	TTG	L	ATG	M	1317
NC_045512.2	4214	T	A	33730	16663	53	6	6	31	0.00017763	33778	0.999999	FALSE	ORF1ab:cds-YP_009725295.1	TTG	L	ATG	M	1317
NC_045512.2	4215	T	G	33839	16713	53	11	11	32	0.000324771	33870	0.999805	FALSE	ORF1ab:cds-YP_009724389.1	TTG	L	TGG	W	1317
NC_045512.2	4215	T	G	33839	16713	53	11	11	32	0.000324771	33870	0.999805	FALSE	ORF1ab:cds-YP_009725295.1	TTG	L	TGG	W	1317
NC_045512.2	4215	T	C	33839	16713	53	20	19	32	0.000590493	33870	0.973261	FALSE	ORF1ab:cds-YP_009724389.1	TTG	L	TCG	S	1317
NC_045512.2	4215	T	C	33839	16713	53	20	19	32	0.000590493	33870	0.973261	FALSE	ORF1ab:cds-YP_009725295.1	TTG	L	TCG	S	1317
NC_045512.2	4216	G	T	33752	16826	53	70	70	33	0.00206911	33831	0.000167988	TRUE	ORF1ab:cds-YP_009724389.1	TTG	L	TTT	F	1317
NC_045512.2	4216	G	T	33752	16826	53	70	70	33	0.00206911	33831	0.000167988	TRUE	ORF1ab:cds-YP_009725295.1	TTG	L	TTT	F	1317
NC_045512.2	4216	G	C	33752	16826	53	4	4	34	0.000118235	33831	1	FALSE	ORF1ab:cds-YP_009724389.1	TTG	L	TTC	F	1317
NC_045512.2	4216	G	C	33752	16826	53	4	4	34	0.000118235	33831	1	FALSE	ORF1ab:cds-YP_009725295.1	TTG	L	TTC	F	1317
NC_045512.2	4216	G	A	33752	16826	53	5	2	32	0.000147793	33831	1	FALSE	ORF1ab:cds-YP_009724389.1	TTG	L	TTA	L	1317
NC_045512.2	4216	G	A	33752	16826	53	5	2	32	0.000147793	33831	1	FALSE	ORF1ab:cds-YP_009725295.1	TTG	L	TTA	L	1317
NC_045512.2	4217	A	T	33815	16844	53	35	35	32	0.00103251	33898	0.4495	FALSE	ORF1ab:cds-YP_009724389.1	AGA	R	TGA	*	1318
NC_045512.2	4217	A	T	33815	16844	53	35	35	32	0.00103251	33898	0.4495	FALSE	ORF1ab:cds-YP_009725295.1	AGA	R	TGA	*	1318
NC_045512.2	4217	A	G	33815	16844	53	42	41	34	0.00123901	33898	0.176384	FALSE	ORF1ab:cds-YP_009724389.1	AGA	R	GGA	G	1318
NC_045512.2	4217	A	G	33815	16844	53	42	41	34	0.00123901	33898	0.176384	FALSE	ORF1ab:cds-YP_009725295.1	AGA	R	GGA	G	1318
NC_045512.2	4217	A	C	33815	16844	53	6	6	34	0.000177002	33898	0.999999	FALSE	ORF1ab:cds-YP_009724389.1	AGA	R	CGA	R	1318
NC_045512.2	4217	A	C	33815	16844	53	6	6	34	0.000177002	33898	0.999999	FALSE	ORF1ab:cds-YP_009725295.1	AGA	R	CGA	R	1318
NC_045512.2	4218	G	T	33896	16913	53	30	30	33	0.000883132	33970	0.690979	FALSE	ORF1ab:cds-YP_009724389.1	AGA	R	ATA	I	1318
NC_045512.2	4218	G	T	33896	16913	53	30	30	33	0.000883132	33970	0.690979	FALSE	ORF1ab:cds-YP_009725295.1	AGA	R	ATA	I	1318
NC_045512.2	4218	G	C	33896	16913	53	1	1	34	2.94377e-05	33970	1	FALSE	ORF1ab:cds-YP_009724389.1	AGA	R	ACA	T	1318
NC_045512.2	4218	G	C	33896	16913	53	1	1	34	2.94377e-05	33970	1	FALSE	ORF1ab:cds-YP_009725295.1	AGA	R	ACA	T	1318
NC_045512.2	4218	G	A	33896	16913	53	43	41	34	0.00126582	33970	0.149899	FALSE	ORF1ab:cds-YP_009724389.1	AGA	R	AAA	K	1318
NC_045512.2	4218	G	A	33896	16913	53	43	41	34	0.00126582	33970	0.149899	FALSE	ORF1ab:cds-YP_009725295.1	AGA	R	AAA	K	1318
NC_045512.2	4218	G	-A	33896	16913	53	3	0	20	8.83132e-05	33970	1	FALSE	NA	NA	NA	NA	NA	NA
NC_045512.2	4219	A	T	33313	16958	51	6	6	34	0.000179721	33385	0.999999	FALSE	ORF1ab:cds-YP_009724389.1	AGA	R	AGT	S	1318
NC_045512.2	4219	A	T	33313	16958	51	6	6	34	0.000179721	33385	0.999999	FALSE	ORF1ab:cds-YP_009725295.1	AGA	R	AGT	S	1318
NC_045512.2	4219	A	G	33313	16958	51	65	62	34	0.00194698	33385	0.00079043	TRUE	ORF1ab:cds-YP_009724389.1	AGA	R	AGG	R	1318
NC_045512.2	4219	A	G	33313	16958	51	65	62	34	0.00194698	33385	0.00079043	TRUE	ORF1ab:cds-YP_009725295.1	AGA	R	AGG	R	1318
NC_045512.2	4219	A	C	33313	16958	51	1	1	34	2.99536e-05	33385	1	FALSE	ORF1ab:cds-YP_009724389.1	AGA	R	AGC	S	1318
NC_045512.2	4219	A	C	33313	16958	51	1	1	34	2.99536e-05	33385	1	FALSE	ORF1ab:cds-YP_009725295.1	AGA	R	AGC	S	1318
NC_045512.2	4220	A	T	33385	16554	53	6	6	31	0.000179592	33409	0.999999	FALSE	ORF1ab:cds-YP_009724389.1	AAA	K	TAA	*	1319
NC_045512.2	4220	A	T	33385	16554	53	6	6	31	0.000179592	33409	0.999999	FALSE	ORF1ab:cds-YP_009725295.1	AAA	K	TAA	*	1319
NC_045512.2	4220	A	G	33385	16554	53	12	10	38	0.000359185	33409	0.999588	FALSE	ORF1ab:cds-YP_009724389.1	AAA	K	GAA	E	1319
NC_045512.2	4220	A	G	33385	16554	53	12	10	38	0.000359185	33409	0.999588	FALSE	ORF1ab:cds-YP_009725295.1	AAA	K	GAA	E	1319
NC_045512.2	4220	A	C	33385	16554	53	6	3	31	0.000179592	33409	0.999999	FALSE	ORF1ab:cds-YP_009724389.1	AAA	K	CAA	Q	1319
NC_045512.2	4220	A	C	33385	16554	53	6	3	31	0.000179592	33409	0.999999	FALSE	ORF1ab:cds-YP_009725295.1	AAA	K	CAA	Q	1319
NC_045512.2	4221	A	T	33290	16563	53	7	7	31	0.000210053	33325	0.999996	FALSE	ORF1ab:cds-YP_009724389.1	AAA	K	ATA	I	1319
NC_045512.2	4221	A	T	33290	16563	53	7	7	31	0.000210053	33325	0.999996	FALSE	ORF1ab:cds-YP_009725295.1	AAA	K	ATA	I	1319
NC_045512.2	4221	A	G	33290	16563	53	23	21	35	0.000690173	33325	0.929469	FALSE	ORF1ab:cds-YP_009724389.1	AAA	K	AGA	R	1319
NC_045512.2	4221	A	G	33290	16563	53	23	21	35	0.000690173	33325	0.929469	FALSE	ORF1ab:cds-YP_009725295.1	AAA	K	AGA	R	1319
NC_045512.2	4221	A	C	33290	16563	53	5	5	34	0.000150038	33325	1	FALSE	ORF1ab:cds-YP_009724389.1	AAA	K	ACA	T	1319
NC_045512.2	4221	A	C	33290	16563	53	5	5	34	0.000150038	33325	1	FALSE	ORF1ab:cds-YP_009725295.1	AAA	K	ACA	T	1319
NC_045512.2	4222	A	T	33489	16713	53	5	5	32	0.000149236	33504	1	FALSE	ORF1ab:cds-YP_009724389.1	AAA	K	AAT	N	1319
NC_045512.2	4222	A	T	33489	16713	53	5	5	32	0.000149236	33504	1	FALSE	ORF1ab:cds-YP_009725295.1	AAA	K	AAT	N	1319
NC_045512.2	4222	A	G	33489	16713	53	7	5	35	0.00020893	33504	0.999996	FALSE	ORF1ab:cds-YP_009724389.1	AAA	K	AAG	K	1319
NC_045512.2	4222	A	G	33489	16713	53	7	5	35	0.00020893	33504	0.999996	FALSE	ORF1ab:cds-YP_009725295.1	AAA	K	AAG	K	1319
NC_045512.2	4222	A	C	33489	16713	53	3	2	34	8.95415e-05	33504	1	FALSE	ORF1ab:cds-YP_009724389.1	AAA	K	AAC	N	1319
NC_045512.2	4222	A	C	33489	16713	53	3	2	34	8.95415e-05	33504	1	FALSE	ORF1ab:cds-YP_009725295.1	AAA	K	AAC	N	1319
NC_045512.2	4223	G	T	33557	16713	53	4	4	34	0.00011891	33639	1	FALSE	ORF1ab:cds-YP_009724389.1	GTG	V	TTG	L	1320
NC_045512.2	4223	G	T	33557	16713	53	4	4	34	0.00011891	33639	1	FALSE	ORF1ab:cds-YP_009725295.1	GTG	V	TTG	L	1320
NC_045512.2	4223	G	C	33557	16713	53	5	4	32	0.000148637	33639	1	FALSE	ORF1ab:cds-YP_009724389.1	GTG	V	CTG	L	1320
NC_045512.2	4223	G	C	33557	16713	53	5	4	32	0.000148637	33639	1	FALSE	ORF1ab:cds-YP_009725295.1	GTG	V	CTG	L	1320
NC_045512.2	4223	G	A	33557	16713	53	73	71	34	0.0021701	33639	6.30315e-05	TRUE	ORF1ab:cds-YP_009724389.1	GTG	V	ATG	M	1320
NC_045512.2	4223	G	A	33557	16713	53	73	71	34	0.0021701	33639	6.30315e-05	TRUE	ORF1ab:cds-YP_009725295.1	GTG	V	ATG	M	1320
NC_045512.2	4224	T	G	33314	16812	52	35	35	32	0.00104819	33391	0.44976	FALSE	ORF1ab:cds-YP_009724389.1	GTG	V	GGG	G	1320
NC_045512.2	4224	T	G	33314	16812	52	35	35	32	0.00104819	33391	0.44976	FALSE	ORF1ab:cds-YP_009725295.1	GTG	V	GGG	G	1320
NC_045512.2	4224	T	C	33314	16812	52	13	11	35	0.000389326	33391	0.999164	FALSE	ORF1ab:cds-YP_009724389.1	GTG	V	GCG	A	1320
NC_045512.2	4224	T	C	33314	16812	52	13	11	35	0.000389326	33391	0.999164	FALSE	ORF1ab:cds-YP_009725295.1	GTG	V	GCG	A	1320
NC_045512.2	4224	T	A	33314	16812	52	29	29	33	0.000868497	33391	0.735391	FALSE	ORF1ab:cds-YP_009724389.1	GTG	V	GAG	E	1320
NC_045512.2	4224	T	A	33314	16812	52	29	29	33	0.000868497	33391	0.735391	FALSE	ORF1ab:cds-YP_009725295.1	GTG	V	GAG	E	1320
NC_045512.2	4225	G	T	33392	16798	53	45	45	33	0.00134457	33468	0.105482	FALSE	ORF1ab:cds-YP_009724389.1	GTG	V	GTT	V	1320
NC_045512.2	4225	G	T	33392	16798	53	45	45	33	0.00134457	33468	0.105482	FALSE	ORF1ab:cds-YP_009725295.1	GTG	V	GTT	V	1320
NC_045512.2	4225	G	C	33392	16798	53	7	7	32	0.000209155	33468	0.999996	FALSE	ORF1ab:cds-YP_009724389.1	GTG	V	GTC	V	1320
NC_045512.2	4225	G	C	33392	16798	53	7	7	32	0.000209155	33468	0.999996	FALSE	ORF1ab:cds-YP_009725295.1	GTG	V	GTC	V	1320
NC_045512.2	4225	G	A	33392	16798	53	24	23	32	0.000717103	33468	0.90671	FALSE	ORF1ab:cds-YP_009724389.1	GTG	V	GTA	V	1320
NC_045512.2	4225	G	A	33392	16798	53	24	23	32	0.000717103	33468	0.90671	FALSE	ORF1ab:cds-YP_009725295.1	GTG	V	GTA	V	1320
NC_045512.2	4226	C	T	33295	16919	52	14	12	38	0.000419539	33370	0.99843	FALSE	ORF1ab:cds-YP_009724389.1	CCA	P	TCA	S	1321
NC_045512.2	4226	C	T	33295	16919	52	14	12	38	0.000419539	33370	0.99843	FALSE	ORF1ab:cds-YP_009725295.1	CCA	P	TCA	S	1321
NC_045512.2	4226	C	G	33295	16919	52	57	56	32	0.00170812	33370	0.00735068	TRUE	ORF1ab:cds-YP_009724389.1	CCA	P	GCA	A	1321
NC_045512.2	4226	C	G	33295	16919	52	57	56	32	0.00170812	33370	0.00735068	TRUE	ORF1ab:cds-YP_009725295.1	CCA	P	GCA	A	1321
NC_045512.2	4226	C	A	33295	16919	52	4	4	30	0.000119868	33370	1	FALSE	ORF1ab:cds-YP_009724389.1	CCA	P	ACA	T	1321
NC_045512.2	4226	C	A	33295	16919	52	4	4	30	0.000119868	33370	1	FALSE	ORF1ab:cds-YP_009725295.1	CCA	P	ACA	T	1321
NC_045512.2	4227	C	T	33336	16899	52	23	23	33	0.000689097	33377	0.929378	FALSE	ORF1ab:cds-YP_009724389.1	CCA	P	CTA	L	1321
NC_045512.2	4227	C	T	33336	16899	52	23	23	33	0.000689097	33377	0.929378	FALSE	ORF1ab:cds-YP_009725295.1	CCA	P	CTA	L	1321
NC_045512.2	4227	C	G	33336	16899	52	9	9	34	0.000269647	33377	0.999965	FALSE	ORF1ab:cds-YP_009724389.1	CCA	P	CGA	R	1321
NC_045512.2	4227	C	G	33336	16899	52	9	9	34	0.000269647	33377	0.999965	FALSE	ORF1ab:cds-YP_009725295.1	CCA	P	CGA	R	1321
NC_045512.2	4227	C	A	33336	16899	52	9	9	34	0.000269647	33377	0.999965	FALSE	ORF1ab:cds-YP_009724389.1	CCA	P	CAA	Q	1321
NC_045512.2	4227	C	A	33336	16899	52	9	9	34	0.000269647	33377	0.999965	FALSE	ORF1ab:cds-YP_009725295.1	CCA	P	CAA	Q	1321
NC_045512.2	4228	A	T	33295	16786	52	4	4	34	0.000119865	33371	1	FALSE	ORF1ab:cds-YP_009724389.1	CCA	P	CCT	P	1321
NC_045512.2	4228	A	T	33295	16786	52	4	4	34	0.000119865	33371	1	FALSE	ORF1ab:cds-YP_009725295.1	CCA	P	CCT	P	1321
NC_045512.2	4228	A	G	33295	16786	52	26	25	36	0.00077912	33371	0.849993	FALSE	ORF1ab:cds-YP_009724389.1	CCA	P	CCG	P	1321
NC_045512.2	4228	A	G	33295	16786	52	26	25	36	0.00077912	33371	0.849993	FALSE	ORF1ab:cds-YP_009725295.1	CCA	P	CCG	P	1321
NC_045512.2	4228	A	C	33295	16786	52	46	46	33	0.00137844	33371	0.0875596	FALSE	ORF1ab:cds-YP_009724389.1	CCA	P	CCC	P	1321
NC_045512.2	4228	A	C	33295	16786	52	46	46	33	0.00137844	33371	0.0875596	FALSE	ORF1ab:cds-YP_009725295.1	CCA	P	CCC	P	1321
NC_045512.2	4229	A	T	32120	16931	50	5	4	34	0.000155458	32163	0.999999	FALSE	ORF1ab:cds-YP_009724389.1	ACA	T	TCA	S	1322
NC_045512.2	4229	A	T	32120	16931	50	5	4	34	0.000155458	32163	0.999999	FALSE	ORF1ab:cds-YP_009725295.1	ACA	T	TCA	S	1322
NC_045512.2	4229	A	G	32120	16931	50	8	8	44	0.000248733	32163	0.112921	FALSE	ORF1ab:cds-YP_009724389.1	ACA	T	GCA	A	1322
NC_045512.2	4229	A	G	32120	16931	50	8	8	44	0.000248733	32163	0.112921	FALSE	ORF1ab:cds-YP_009725295.1	ACA	T	GCA	A	1322
NC_045512.2	4229	A	C	32120	16931	50	30	29	32	0.000932749	32163	0.647752	FALSE	ORF1ab:cds-YP_009724389.1	ACA	T	CCA	P	1322
NC_045512.2	4229	A	C	32120	16931	50	30	29	32	0.000932749	32163	0.647752	FALSE	ORF1ab:cds-YP_009725295.1	ACA	T	CCA	P	1322
NC_045512.2	4230	C	T	33372	16961	52	9	9	33	0.000269203	33432	0.999965	FALSE	ORF1ab:cds-YP_009724389.1	ACA	T	ATA	I	1322
NC_045512.2	4230	C	T	33372	16961	52	9	9	33	0.000269203	33432	0.999965	FALSE	ORF1ab:cds-YP_009725295.1	ACA	T	ATA	I	1322
NC_045512.2	4230	C	G	33372	16961	52	4	4	30	0.000119646	33432	1	FALSE	ORF1ab:cds-YP_009724389.1	ACA	T	AGA	R	1322
NC_045512.2	4230	C	G	33372	16961	52	4	4	30	0.000119646	33432	1	FALSE	ORF1ab:cds-YP_009725295.1	ACA	T	AGA	R	1322
NC_045512.2	4230	C	A	33372	16961	52	47	47	33	0.00140584	33432	0.0724752	FALSE	ORF1ab:cds-YP_009724389.1	ACA	T	AAA	K	1322
NC_045512.2	4230	C	A	33372	16961	52	47	47	33	0.00140584	33432	0.0724752	FALSE	ORF1ab:cds-YP_009725295.1	ACA	T	AAA	K	1322
NC_045512.2	4231	A	T	33099	16883	52	5	5	30	0.000150834	33149	1	FALSE	ORF1ab:cds-YP_009724389.1	ACA	T	ACT	T	1322
NC_045512.2	4231	A	T	33099	16883	52	5	5	30	0.000150834	33149	1	FALSE	ORF1ab:cds-YP_009725295.1	ACA	T	ACT	T	1322
NC_045512.2	4231	A	G	33099	16883	52	10	9	31	0.000301668	33149	0.999914	FALSE	ORF1ab:cds-YP_009724389.1	ACA	T	ACG	T	1322
NC_045512.2	4231	A	G	33099	16883	52	10	9	31	0.000301668	33149	0.999914	FALSE	ORF1ab:cds-YP_009725295.1	ACA	T	ACG	T	1322
NC_045512.2	4231	A	C	33099	16883	52	35	35	32	0.00105584	33149	0.451081	FALSE	ORF1ab:cds-YP_009724389.1	ACA	T	ACC	T	1322
NC_045512.2	4231	A	C	33099	16883	52	35	35	32	0.00105584	33149	0.451081	FALSE	ORF1ab:cds-YP_009725295.1	ACA	T	ACC	T	1322
NC_045512.2	4232	G	T	33376	16876	52	1	1	34	2.99007e-05	33444	1	FALSE	ORF1ab:cds-YP_009724389.1	GAC	D	TAC	Y	1323
NC_045512.2	4232	G	T	33376	16876	52	1	1	34	2.99007e-05	33444	1	FALSE	ORF1ab:cds-YP_009725295.1	GAC	D	TAC	Y	1323
NC_045512.2	4232	G	C	33376	16876	52	7	7	31	0.000209305	33444	0.999996	FALSE	ORF1ab:cds-YP_009724389.1	GAC	D	CAC	H	1323
NC_045512.2	4232	G	C	33376	16876	52	7	7	31	0.000209305	33444	0.999996	FALSE	ORF1ab:cds-YP_009725295.1	GAC	D	CAC	H	1323
NC_045512.2	4232	G	A	33376	16876	52	60	60	33	0.00179404	33444	0.00331859	TRUE	ORF1ab:cds-YP_009724389.1	GAC	D	AAC	N	1323
NC_045512.2	4232	G	A	33376	16876	52	60	60	33	0.00179404	33444	0.00331859	TRUE	ORF1ab:cds-YP_009725295.1	GAC	D	AAC	N	1323
NC_045512.2	4233	A	T	33205	16945	52	4	4	32	0.000120207	33276	1	FALSE	ORF1ab:cds-YP_009724389.1	GAC	D	GTC	V	1323
NC_045512.2	4233	A	T	33205	16945	52	4	4	32	0.000120207	33276	1	FALSE	ORF1ab:cds-YP_009725295.1	GAC	D	GTC	V	1323
NC_045512.2	4233	A	G	33205	16945	52	44	42	33	0.00132227	33276	0.1263	FALSE	ORF1ab:cds-YP_009724389.1	GAC	D	GGC	G	1323
NC_045512.2	4233	A	G	33205	16945	52	44	42	33	0.00132227	33276	0.1263	FALSE	ORF1ab:cds-YP_009725295.1	GAC	D	GGC	G	1323
NC_045512.2	4233	A	C	33205	16945	52	23	23	33	0.000691189	33276	0.928919	FALSE	ORF1ab:cds-YP_009724389.1	GAC	D	GCC	A	1323
NC_045512.2	4233	A	C	33205	16945	52	23	23	33	0.000691189	33276	0.928919	FALSE	ORF1ab:cds-YP_009725295.1	GAC	D	GCC	A	1323
NC_045512.2	4234	C	T	34188	17308	52	10	10	34	0.000291834	34266	0.999946	FALSE	ORF1ab:cds-YP_009724389.1	GAC	D	GAT	D	1323
NC_045512.2	4234	C	T	34188	17308	52	10	10	34	0.000291834	34266	0.999946	FALSE	ORF1ab:cds-YP_009725295.1	GAC	D	GAT	D	1323
NC_045512.2	4234	C	G	34188	17308	52	9	9	32	0.000262651	34266	0.999979	FALSE	ORF1ab:cds-YP_009724389.1	GAC	D	GAG	E	1323
NC_045512.2	4234	C	G	34188	17308	52	9	9	32	0.000262651	34266	0.999979	FALSE	ORF1ab:cds-YP_009725295.1	GAC	D	GAG	E	1323
NC_045512.2	4234	C	A	34188	17308	52	59	59	32	0.00172182	34266	0.00612693	TRUE	ORF1ab:cds-YP_009724389.1	GAC	D	GAA	E	1323
NC_045512.2	4234	C	A	34188	17308	52	59	59	32	0.00172182	34266	0.00612693	TRUE	ORF1ab:cds-YP_009725295.1	GAC	D	GAA	E	1323
NC_045512.2	4235	A	T	33985	17237	51	7	7	31	0.000205538	34057	0.999998	FALSE	ORF1ab:cds-YP_009724389.1	AAT	N	TAT	Y	1324
NC_045512.2	4235	A	T	33985	17237	51	7	7	31	0.000205538	34057	0.999998	FALSE	ORF1ab:cds-YP_009725295.1	AAT	N	TAT	Y	1324
NC_045512.2	4235	A	G	33985	17237	51	25	23	34	0.000734063	34057	0.902943	FALSE	ORF1ab:cds-YP_009724389.1	AAT	N	GAT	D	1324
NC_045512.2	4235	A	G	33985	17237	51	25	23	34	0.000734063	34057	0.902943	FALSE	ORF1ab:cds-YP_009725295.1	AAT	N	GAT	D	1324
NC_045512.2	4235	A	C	33985	17237	51	40	39	33	0.0011745	34057	0.27926	FALSE	ORF1ab:cds-YP_009724389.1	AAT	N	CAT	H	1324
NC_045512.2	4235	A	C	33985	17237	51	40	39	33	0.0011745	34057	0.27926	FALSE	ORF1ab:cds-YP_009725295.1	AAT	N	CAT	H	1324
NC_045512.2	4235	A	-ATT	33985	17237	51	1	0	20	2.93625e-05	34057	1	FALSE	NA	NA	NA	NA	NA	NA
NC_045512.2	4236	A	T	34209	17376	51	2	2	34	5.8418e-05	34236	1	FALSE	ORF1ab:cds-YP_009724389.1	AAT	N	ATT	I	1324
NC_045512.2	4236	A	T	34209	17376	51	2	2	34	5.8418e-05	34236	1	FALSE	ORF1ab:cds-YP_009725295.1	AAT	N	ATT	I	1324
NC_045512.2	4236	A	G	34209	17376	51	13	9	33	0.000379717	34236	0.999455	FALSE	ORF1ab:cds-YP_009724389.1	AAT	N	AGT	S	1324
NC_045512.2	4236	A	G	34209	17376	51	13	9	33	0.000379717	34236	0.999455	FALSE	ORF1ab:cds-YP_009725295.1	AAT	N	AGT	S	1324
NC_045512.2	4236	A	C	34209	17376	51	12	12	33	0.000350508	34236	0.999732	FALSE	ORF1ab:cds-YP_009724389.1	AAT	N	ACT	T	1324
NC_045512.2	4236	A	C	34209	17376	51	12	12	33	0.000350508	34236	0.999732	FALSE	ORF1ab:cds-YP_009725295.1	AAT	N	ACT	T	1324
NC_045512.2	4237	T	G	34867	17522	52	4	3	34	0.000114469	34944	1	FALSE	ORF1ab:cds-YP_009724389.1	AAT	N	AAG	K	1324
NC_045512.2	4237	T	G	34867	17522	52	4	3	34	0.000114469	34944	1	FALSE	ORF1ab:cds-YP_009725295.1	AAT	N	AAG	K	1324
NC_045512.2	4237	T	C	34867	17522	52	25	25	36	0.00071543	34944	0.90285	FALSE	ORF1ab:cds-YP_009724389.1	AAT	N	AAC	N	1324
NC_045512.2	4237	T	C	34867	17522	52	25	25	36	0.00071543	34944	0.90285	FALSE	ORF1ab:cds-YP_009725295.1	AAT	N	AAC	N	1324
NC_045512.2	4237	T	A	34867	17522	52	48	47	32	0.00137363	34944	0.0746851	FALSE	ORF1ab:cds-YP_009724389.1	AAT	N	AAA	K	1324
NC_045512.2	4237	T	A	34867	17522	52	48	47	32	0.00137363	34944	0.0746851	FALSE	ORF1ab:cds-YP_009725295.1	AAT	N	AAA	K	1324
NC_045512.2	4238	T	G	34769	17550	51	7	5	34	0.000201092	34810	0.999998	FALSE	ORF1ab:cds-YP_009724389.1	TAT	Y	GAT	D	1325
NC_045512.2	4238	T	G	34769	17550	51	7	5	34	0.000201092	34810	0.999998	FALSE	ORF1ab:cds-YP_009725295.1	TAT	Y	GAT	D	1325
NC_045512.2	4238	T	C	34769	17550	51	6	4	31	0.000172364	34810	0.999999	FALSE	ORF1ab:cds-YP_009724389.1	TAT	Y	CAT	H	1325
NC_045512.2	4238	T	C	34769	17550	51	6	4	31	0.000172364	34810	0.999999	FALSE	ORF1ab:cds-YP_009725295.1	TAT	Y	CAT	H	1325
NC_045512.2	4238	T	A	34769	17550	51	28	26	32	0.000804367	34810	0.812634	FALSE	ORF1ab:cds-YP_009724389.1	TAT	Y	AAT	N	1325
NC_045512.2	4238	T	A	34769	17550	51	28	26	32	0.000804367	34810	0.812634	FALSE	ORF1ab:cds-YP_009725295.1	TAT	Y	AAT	N	1325
NC_045512.2	4239	A	T	35127	17691	51	45	43	33	0.00127855	35196	0.156312	FALSE	ORF1ab:cds-YP_009724389.1	TAT	Y	TTT	F	1325
NC_045512.2	4239	A	T	35127	17691	51	45	43	33	0.00127855	35196	0.156312	FALSE	ORF1ab:cds-YP_009725295.1	TAT	Y	TTT	F	1325
NC_045512.2	4239	A	G	35127	17691	51	15	14	32	0.000426185	35196	0.998681	FALSE	ORF1ab:cds-YP_009724389.1	TAT	Y	TGT	C	1325
NC_045512.2	4239	A	G	35127	17691	51	15	14	32	0.000426185	35196	0.998681	FALSE	ORF1ab:cds-YP_009725295.1	TAT	Y	TGT	C	1325
NC_045512.2	4239	A	C	35127	17691	51	9	9	28	0.000255711	35196	1	FALSE	ORF1ab:cds-YP_009724389.1	TAT	Y	TCT	S	1325
NC_045512.2	4239	A	C	35127	17691	51	9	9	28	0.000255711	35196	1	FALSE	ORF1ab:cds-YP_009725295.1	TAT	Y	TCT	S	1325
NC_045512.2	4240	T	G	34590	16977	50	8	8	32	0.0002309	34647	0.999992	FALSE	ORF1ab:cds-YP_009724389.1	TAT	Y	TAG	*	1325
NC_045512.2	4240	T	G	34590	16977	50	8	8	32	0.0002309	34647	0.999992	FALSE	ORF1ab:cds-YP_009725295.1	TAT	Y	TAG	*	1325
NC_045512.2	4240	T	C	34590	16977	50	8	6	32	0.0002309	34647	0.999992	FALSE	ORF1ab:cds-YP_009724389.1	TAT	Y	TAC	Y	1325
NC_045512.2	4240	T	C	34590	16977	50	8	6	32	0.0002309	34647	0.999992	FALSE	ORF1ab:cds-YP_009725295.1	TAT	Y	TAC	Y	1325
NC_045512.2	4240	T	A	34590	16977	50	41	39	33	0.00118336	34647	0.243633	FALSE	ORF1ab:cds-YP_009724389.1	TAT	Y	TAA	*	1325
NC_045512.2	4240	T	A	34590	16977	50	41	39	33	0.00118336	34647	0.243633	FALSE	ORF1ab:cds-YP_009725295.1	TAT	Y	TAA	*	1325
NC_045512.2	4241	A	T	35070	17634	51	45	45	32	0.00128107	35127	0.156678	FALSE	ORF1ab:cds-YP_009724389.1	ATA	I	TTA	L	1326
NC_045512.2	4241	A	T	35070	17634	51	45	45	32	0.00128107	35127	0.156678	FALSE	ORF1ab:cds-YP_009725295.1	ATA	I	TTA	L	1326
NC_045512.2	4241	A	G	35070	17634	51	4	3	31	0.000113873	35127	1	FALSE	ORF1ab:cds-YP_009724389.1	ATA	I	GTA	V	1326
NC_045512.2	4241	A	G	35070	17634	51	4	3	31	0.000113873	35127	1	FALSE	ORF1ab:cds-YP_009725295.1	ATA	I	GTA	V	1326
NC_045512.2	4241	A	C	35070	17634	51	8	8	30	0.000227745	35127	0.999995	FALSE	ORF1ab:cds-YP_009724389.1	ATA	I	CTA	L	1326
NC_045512.2	4241	A	C	35070	17634	51	8	8	30	0.000227745	35127	0.999995	FALSE	ORF1ab:cds-YP_009725295.1	ATA	I	CTA	L	1326
NC_045512.2	4242	T	G	34927	17483	51	5	5	31	0.000142833	35006	1	FALSE	ORF1ab:cds-YP_009724389.1	ATA	I	AGA	R	1326
NC_045512.2	4242	T	G	34927	17483	51	5	5	31	0.000142833	35006	1	FALSE	ORF1ab:cds-YP_009725295.1	ATA	I	AGA	R	1326
NC_045512.2	4242	T	C	34927	17483	51	10	8	37	0.000285665	35006	0.999966	FALSE	ORF1ab:cds-YP_009724389.1	ATA	I	ACA	T	1326
NC_045512.2	4242	T	C	34927	17483	51	10	8	37	0.000285665	35006	0.999966	FALSE	ORF1ab:cds-YP_009725295.1	ATA	I	ACA	T	1326
NC_045512.2	4242	T	A	34927	17483	51	64	63	32	0.00182826	35006	0.00229171	TRUE	ORF1ab:cds-YP_009724389.1	ATA	I	AAA	K	1326
NC_045512.2	4242	T	A	34927	17483	51	64	63	32	0.00182826	35006	0.00229171	TRUE	ORF1ab:cds-YP_009725295.1	ATA	I	AAA	K	1326
NC_045512.2	4243	A	T	34128	16770	51	59	59	33	0.00172535	34196	0.0061512	TRUE	ORF1ab:cds-YP_009724389.1	ATA	I	ATT	I	1326
NC_045512.2	4243	A	T	34128	16770	51	59	59	33	0.00172535	34196	0.0061512	TRUE	ORF1ab:cds-YP_009725295.1	ATA	I	ATT	I	1326
NC_045512.2	4243	A	G	34128	16770	51	4	3	40	0.000116973	34196	0.498991	FALSE	ORF1ab:cds-YP_009724389.1	ATA	I	ATG	M	1326
NC_045512.2	4243	A	G	34128	16770	51	4	3	40	0.000116973	34196	0.498991	FALSE	ORF1ab:cds-YP_009725295.1	ATA	I	ATG	M	1326
NC_045512.2	4243	A	C	34128	16770	51	5	5	32	0.000146216	34196	1	FALSE	ORF1ab:cds-YP_009724389.1	ATA	I	ATC	I	1326
NC_045512.2	4243	A	C	34128	16770	51	5	5	32	0.000146216	34196	1	FALSE	ORF1ab:cds-YP_009725295.1	ATA	I	ATC	I	1326
NC_045512.2	4244	A	T	33904	16603	51	12	12	33	0.000353721	33925	0.999588	FALSE	ORF1ab:cds-YP_009724389.1	ACC	T	TCC	S	1327
NC_045512.2	4244	A	T	33904	16603	51	12	12	33	0.000353721	33925	0.999588	FALSE	ORF1ab:cds-YP_009725295.1	ACC	T	TCC	S	1327
NC_045512.2	4244	A	G	33904	16603	51	7	7	48	0.000206338	33925	0.1717	FALSE	ORF1ab:cds-YP_009724389.1	ACC	T	GCC	A	1327
NC_045512.2	4244	A	G	33904	16603	51	7	7	48	0.000206338	33925	0.1717	FALSE	ORF1ab:cds-YP_009725295.1	ACC	T	GCC	A	1327
NC_045512.2	4244	A	C	33904	16603	51	2	1	30	5.89536e-05	33925	1	FALSE	ORF1ab:cds-YP_009724389.1	ACC	T	CCC	P	1327
NC_045512.2	4244	A	C	33904	16603	51	2	1	30	5.89536e-05	33925	1	FALSE	ORF1ab:cds-YP_009725295.1	ACC	T	CCC	P	1327
NC_045512.2	4245	C	T	34824	16816	51	19	19	33	0.000544444	34898	0.986329	FALSE	ORF1ab:cds-YP_009724389.1	ACC	T	ATC	I	1327
NC_045512.2	4245	C	T	34824	16816	51	19	19	33	0.000544444	34898	0.986329	FALSE	ORF1ab:cds-YP_009725295.1	ACC	T	ATC	I	1327
NC_045512.2	4245	C	G	34824	16816	51	2	2	34	5.73099e-05	34898	1	FALSE	ORF1ab:cds-YP_009724389.1	ACC	T	AGC	S	1327
NC_045512.2	4245	C	G	34824	16816	51	2	2	34	5.73099e-05	34898	1	FALSE	ORF1ab:cds-YP_009725295.1	ACC	T	AGC	S	1327
NC_045512.2	4245	C	A	34824	16816	51	53	53	32	0.00151871	34898	0.0262645	FALSE	ORF1ab:cds-YP_009724389.1	ACC	T	AAC	N	1327
NC_045512.2	4245	C	A	34824	16816	51	53	53	32	0.00151871	34898	0.0262645	FALSE	ORF1ab:cds-YP_009725295.1	ACC	T	AAC	N	1327
NC_045512.2	4246	C	T	34534	16489	51	8	6	42	0.000231374	34576	0.112955	FALSE	ORF1ab:cds-YP_009724389.1	ACC	T	ACT	T	1327
NC_045512.2	4246	C	T	34534	16489	51	8	6	42	0.000231374	34576	0.112955	FALSE	ORF1ab:cds-YP_009725295.1	ACC	T	ACT	T	1327
NC_045512.2	4246	C	G	34534	16489	51	5	4	32	0.000144609	34576	1	FALSE	ORF1ab:cds-YP_009724389.1	ACC	T	ACG	T	1327
NC_045512.2	4246	C	G	34534	16489	51	5	4	32	0.000144609	34576	1	FALSE	ORF1ab:cds-YP_009725295.1	ACC	T	ACG	T	1327
NC_045512.2	4246	C	A	34534	16489	51	29	28	31	0.000838732	34576	0.774708	FALSE	ORF1ab:cds-YP_009724389.1	ACC	T	ACA	T	1327
NC_045512.2	4246	C	A	34534	16489	51	29	28	31	0.000838732	34576	0.774708	FALSE	ORF1ab:cds-YP_009725295.1	ACC	T	ACA	T	1327
NC_045512.2	4247	A	T	34361	16302	51	7	6	38	0.000203329	34427	0.999998	FALSE	ORF1ab:cds-YP_009724389.1	ACT	T	TCT	S	1328
NC_045512.2	4247	A	T	34361	16302	51	7	6	38	0.000203329	34427	0.999998	FALSE	ORF1ab:cds-YP_009725295.1	ACT	T	TCT	S	1328
NC_045512.2	4247	A	G	34361	16302	51	10	9	32	0.00029047	34427	0.999946	FALSE	ORF1ab:cds-YP_009724389.1	ACT	T	GCT	A	1328
NC_045512.2	4247	A	G	34361	16302	51	10	9	32	0.00029047	34427	0.999946	FALSE	ORF1ab:cds-YP_009725295.1	ACT	T	GCT	A	1328
NC_045512.2	4247	A	C	34361	16302	51	49	46	33	0.0014233	34427	0.0615552	FALSE	ORF1ab:cds-YP_009724389.1	ACT	T	CCT	P	1328
NC_045512.2	4247	A	C	34361	16302	51	49	46	33	0.0014233	34427	0.0615552	FALSE	ORF1ab:cds-YP_009725295.1	ACT	T	CCT	P	1328
NC_045512.2	4248	C	T	34480	16301	51	4	4	32	0.000115848	34528	1	FALSE	ORF1ab:cds-YP_009724389.1	ACT	T	ATT	I	1328
NC_045512.2	4248	C	T	34480	16301	51	4	4	32	0.000115848	34528	1	FALSE	ORF1ab:cds-YP_009725295.1	ACT	T	ATT	I	1328
NC_045512.2	4248	C	G	34480	16301	51	4	4	34	0.000115848	34528	1	FALSE	ORF1ab:cds-YP_009724389.1	ACT	T	AGT	S	1328
NC_045512.2	4248	C	G	34480	16301	51	4	4	34	0.000115848	34528	1	FALSE	ORF1ab:cds-YP_009725295.1	ACT	T	AGT	S	1328
NC_045512.2	4248	C	A	34480	16301	51	40	40	32	0.00115848	34528	0.28029	FALSE	ORF1ab:cds-YP_009724389.1	ACT	T	AAT	N	1328
NC_045512.2	4248	C	A	34480	16301	51	40	40	32	0.00115848	34528	0.28029	FALSE	ORF1ab:cds-YP_009725295.1	ACT	T	AAT	N	1328
NC_045512.2	4249	T	G	34288	16161	51	8	6	37	0.000232754	34371	0.999992	FALSE	ORF1ab:cds-YP_009724389.1	ACT	T	ACG	T	1328
NC_045512.2	4249	T	G	34288	16161	51	8	6	37	0.000232754	34371	0.999992	FALSE	ORF1ab:cds-YP_009725295.1	ACT	T	ACG	T	1328
NC_045512.2	4249	T	C	34288	16161	51	61	61	33	0.00177475	34371	0.00360434	TRUE	ORF1ab:cds-YP_009724389.1	ACT	T	ACC	T	1328
NC_045512.2	4249	T	C	34288	16161	51	61	61	33	0.00177475	34371	0.00360434	TRUE	ORF1ab:cds-YP_009725295.1	ACT	T	ACC	T	1328
NC_045512.2	4249	T	A	34288	16161	51	14	14	32	0.00040732	34371	0.998936	FALSE	ORF1ab:cds-YP_009724389.1	ACT	T	ACA	T	1328
NC_045512.2	4249	T	A	34288	16161	51	14	14	32	0.00040732	34371	0.998936	FALSE	ORF1ab:cds-YP_009725295.1	ACT	T	ACA	T	1328
NC_045512.2	4250	T	G	34320	16259	51	6	6	34	0.000174617	34361	0.999999	FALSE	ORF1ab:cds-YP_009724389.1	TAC	Y	GAC	D	1329
NC_045512.2	4250	T	G	34320	16259	51	6	6	34	0.000174617	34361	0.999999	FALSE	ORF1ab:cds-YP_009725295.1	TAC	Y	GAC	D	1329
NC_045512.2	4250	T	C	34320	16259	51	10	10	33	0.000291028	34361	0.999947	FALSE	ORF1ab:cds-YP_009724389.1	TAC	Y	CAC	H	1329
NC_045512.2	4250	T	C	34320	16259	51	10	10	33	0.000291028	34361	0.999947	FALSE	ORF1ab:cds-YP_009725295.1	TAC	Y	CAC	H	1329
NC_045512.2	4250	T	A	34320	16259	51	25	25	33	0.000727569	34361	0.903545	FALSE	ORF1ab:cds-YP_009724389.1	TAC	Y	AAC	N	1329
NC_045512.2	4250	T	A	34320	16259	51	25	25	33	0.000727569	34361	0.903545	FALSE	ORF1ab:cds-YP_009725295.1	TAC	Y	AAC	N	1329
NC_045512.2	4251	A	T	34021	16221	50	46	46	33	0.00134913	34096	0.108437	FALSE	ORF1ab:cds-YP_009724389.1	TAC	Y	TTC	F	1329
NC_045512.2	4251	A	T	34021	16221	50	46	46	33	0.00134913	34096	0.108437	FALSE	ORF1ab:cds-YP_009725295.1	TAC	Y	TTC	F	1329
NC_045512.2	4251	A	G	34021	16221	50	10	8	35	0.00029329	34096	0.999946	FALSE	ORF1ab:cds-YP_009724389.1	TAC	Y	TGC	C	1329
NC_045512.2	4251	A	G	34021	16221	50	10	8	35	0.00029329	34096	0.999946	FALSE	ORF1ab:cds-YP_009725295.1	TAC	Y	TGC	C	1329
NC_045512.2	4251	A	C	34021	16221	50	19	18	32	0.00055725	34096	0.986322	FALSE	ORF1ab:cds-YP_009724389.1	TAC	Y	TCC	S	1329
NC_045512.2	4251	A	C	34021	16221	50	19	18	32	0.00055725	34096	0.986322	FALSE	ORF1ab:cds-YP_009725295.1	TAC	Y	TCC	S	1329
NC_045512.2	4252	C	T	34432	16216	51	33	33	33	0.000956217	34511	0.594371	FALSE	ORF1ab:cds-YP_009724389.1	TAC	Y	TAT	Y	1329
NC_045512.2	4252	C	T	34432	16216	51	33	33	33	0.000956217	34511	0.594371	FALSE	ORF1ab:cds-YP_009725295.1	TAC	Y	TAT	Y	1329
NC_045512.2	4252	C	G	34432	16216	51	6	5	32	0.000173858	34511	0.999999	FALSE	ORF1ab:cds-YP_009724389.1	TAC	Y	TAG	*	1329
NC_045512.2	4252	C	G	34432	16216	51	6	5	32	0.000173858	34511	0.999999	FALSE	ORF1ab:cds-YP_009725295.1	TAC	Y	TAG	*	1329
NC_045512.2	4252	C	A	34432	16216	51	40	40	32	0.00115905	34511	0.278985	FALSE	ORF1ab:cds-YP_009724389.1	TAC	Y	TAA	*	1329
NC_045512.2	4252	C	A	34432	16216	51	40	40	32	0.00115905	34511	0.278985	FALSE	ORF1ab:cds-YP_009725295.1	TAC	Y	TAA	*	1329
NC_045512.2	4253	C	T	34335	16214	50	21	21	33	0.000610909	34375	0.970889	FALSE	ORF1ab:cds-YP_009724389.1	CCG	P	TCG	S	1330
NC_045512.2	4253	C	T	34335	16214	50	21	21	33	0.000610909	34375	0.970889	FALSE	ORF1ab:cds-YP_009725295.1	CCG	P	TCG	S	1330
NC_045512.2	4253	C	G	34335	16214	50	8	8	32	0.000232727	34375	0.999992	FALSE	ORF1ab:cds-YP_009724389.1	CCG	P	GCG	A	1330
NC_045512.2	4253	C	G	34335	16214	50	8	8	32	0.000232727	34375	0.999992	FALSE	ORF1ab:cds-YP_009725295.1	CCG	P	GCG	A	1330
NC_045512.2	4253	C	A	34335	16214	50	11	11	32	0.00032	34375	0.999876	FALSE	ORF1ab:cds-YP_009724389.1	CCG	P	ACG	T	1330
NC_045512.2	4253	C	A	34335	16214	50	11	11	32	0.00032	34375	0.999876	FALSE	ORF1ab:cds-YP_009725295.1	CCG	P	ACG	T	1330
NC_045512.2	4254	C	T	33527	15536	51	2	2	34	5.96054e-05	33554	1	FALSE	ORF1ab:cds-YP_009724389.1	CCG	P	CTG	L	1330
NC_045512.2	4254	C	T	33527	15536	51	2	2	34	5.96054e-05	33554	1	FALSE	ORF1ab:cds-YP_009725295.1	CCG	P	CTG	L	1330
NC_045512.2	4254	C	G	33527	15536	51	4	4	32	0.000119211	33554	1	FALSE	ORF1ab:cds-YP_009724389.1	CCG	P	CGG	R	1330
NC_045512.2	4254	C	G	33527	15536	51	4	4	32	0.000119211	33554	1	FALSE	ORF1ab:cds-YP_009725295.1	CCG	P	CGG	R	1330
NC_045512.2	4254	C	A	33527	15536	51	21	21	33	0.000625857	33554	0.962061	FALSE	ORF1ab:cds-YP_009724389.1	CCG	P	CAG	Q	1330
NC_045512.2	4254	C	A	33527	15536	51	21	21	33	0.000625857	33554	0.962061	FALSE	ORF1ab:cds-YP_009725295.1	CCG	P	CAG	Q	1330
NC_045512.2	4255	G	T	33137	15169	51	7	7	31	0.000210837	33201	0.999996	FALSE	ORF1ab:cds-YP_009724389.1	CCG	P	CCT	P	1330
NC_045512.2	4255	G	T	33137	15169	51	7	7	31	0.000210837	33201	0.999996	FALSE	ORF1ab:cds-YP_009725295.1	CCG	P	CCT	P	1330
NC_045512.2	4255	G	C	33137	15169	51	46	46	32	0.0013855	33201	0.0878123	FALSE	ORF1ab:cds-YP_009724389.1	CCG	P	CCC	P	1330
NC_045512.2	4255	G	C	33137	15169	51	46	46	32	0.0013855	33201	0.0878123	FALSE	ORF1ab:cds-YP_009725295.1	CCG	P	CCC	P	1330
NC_045512.2	4255	G	A	33137	15169	51	11	11	34	0.000331315	33201	0.999803	FALSE	ORF1ab:cds-YP_009724389.1	CCG	P	CCA	P	1330
NC_045512.2	4255	G	A	33137	15169	51	11	11	34	0.000331315	33201	0.999803	FALSE	ORF1ab:cds-YP_009725295.1	CCG	P	CCA	P	1330
NC_045512.2	4256	G	T	33945	15339	50	3	3	34	8.82976e-05	33976	1	FALSE	ORF1ab:cds-YP_009724389.1	GGT	G	TGT	C	1331
NC_045512.2	4256	G	T	33945	15339	50	3	3	34	8.82976e-05	33976	1	FALSE	ORF1ab:cds-YP_009725295.1	GGT	G	TGT	C	1331
NC_045512.2	4256	G	C	33945	15339	50	17	17	35	0.000500353	33976	0.992317	FALSE	ORF1ab:cds-YP_009724389.1	GGT	G	CGT	R	1331
NC_045512.2	4256	G	C	33945	15339	50	17	17	35	0.000500353	33976	0.992317	FALSE	ORF1ab:cds-YP_009725295.1	GGT	G	CGT	R	1331
NC_045512.2	4256	G	A	33945	15339	50	11	11	34	0.000323758	33976	0.999805	FALSE	ORF1ab:cds-YP_009724389.1	GGT	G	AGT	S	1331
NC_045512.2	4256	G	A	33945	15339	50	11	11	34	0.000323758	33976	0.999805	FALSE	ORF1ab:cds-YP_009725295.1	GGT	G	AGT	S	1331
NC_045512.2	4257	G	T	34053	15604	50	6	6	32	0.000176051	34081	0.999999	FALSE	ORF1ab:cds-YP_009724389.1	GGT	G	GTT	V	1331
NC_045512.2	4257	G	T	34053	15604	50	6	6	32	0.000176051	34081	0.999999	FALSE	ORF1ab:cds-YP_009725295.1	GGT	G	GTT	V	1331
NC_045512.2	4257	G	C	34053	15604	50	15	15	32	0.000440128	34081	0.998098	FALSE	ORF1ab:cds-YP_009724389.1	GGT	G	GCT	A	1331
NC_045512.2	4257	G	C	34053	15604	50	15	15	32	0.000440128	34081	0.998098	FALSE	ORF1ab:cds-YP_009725295.1	GGT	G	GCT	A	1331
NC_045512.2	4257	G	A	34053	15604	50	7	7	37	0.000205393	34081	0.999998	FALSE	ORF1ab:cds-YP_009724389.1	GGT	G	GAT	D	1331
NC_045512.2	4257	G	A	34053	15604	50	7	7	37	0.000205393	34081	0.999998	FALSE	ORF1ab:cds-YP_009725295.1	GGT	G	GAT	D	1331
NC_045512.2	4258	T	G	33013	14591	48	52	52	32	0.00157209	33077	0.0249623	FALSE	ORF1ab:cds-YP_009724389.1	GGT	G	GGG	G	1331
NC_045512.2	4258	T	G	33013	14591	48	52	52	32	0.00157209	33077	0.0249623	FALSE	ORF1ab:cds-YP_009725295.1	GGT	G	GGG	G	1331
NC_045512.2	4258	T	C	33013	14591	48	8	7	36	0.00024186	33077	0.999987	FALSE	ORF1ab:cds-YP_009724389.1	GGT	G	GGC	G	1331
NC_045512.2	4258	T	C	33013	14591	48	8	7	36	0.00024186	33077	0.999987	FALSE	ORF1ab:cds-YP_009725295.1	GGT	G	GGC	G	1331
NC_045512.2	4258	T	A	33013	14591	48	4	4	34	0.00012093	33077	1	FALSE	ORF1ab:cds-YP_009724389.1	GGT	G	GGA	G	1331
NC_045512.2	4258	T	A	33013	14591	48	4	4	34	0.00012093	33077	1	FALSE	ORF1ab:cds-YP_009725295.1	GGT	G	GGA	G	1331
NC_045512.2	4259	C	T	34014	15634	51	35	35	33	0.00102703	34079	0.498584	FALSE	ORF1ab:cds-YP_009724389.1	CAG	Q	TAG	*	1332
NC_045512.2	4259	C	T	34014	15634	51	35	35	33	0.00102703	34079	0.498584	FALSE	ORF1ab:cds-YP_009725295.1	CAG	Q	TAG	*	1332
NC_045512.2	4259	C	G	34014	15634	51	18	18	31	0.000528185	34079	0.991139	FALSE	ORF1ab:cds-YP_009724389.1	CAG	Q	GAG	E	1332
NC_045512.2	4259	C	G	34014	15634	51	18	18	31	0.000528185	34079	0.991139	FALSE	ORF1ab:cds-YP_009725295.1	CAG	Q	GAG	E	1332
NC_045512.2	4259	C	A	34014	15634	51	12	12	32	0.000352123	34079	0.999728	FALSE	ORF1ab:cds-YP_009724389.1	CAG	Q	AAG	K	1332
NC_045512.2	4259	C	A	34014	15634	51	12	12	32	0.000352123	34079	0.999728	FALSE	ORF1ab:cds-YP_009725295.1	CAG	Q	AAG	K	1332
NC_045512.2	4260	A	T	33543	15587	51	7	7	32	0.000208296	33606	0.999996	FALSE	ORF1ab:cds-YP_009724389.1	CAG	Q	CTG	L	1332
NC_045512.2	4260	A	T	33543	15587	51	7	7	32	0.000208296	33606	0.999996	FALSE	ORF1ab:cds-YP_009725295.1	CAG	Q	CTG	L	1332
NC_045512.2	4260	A	G	33543	15587	51	17	15	40	0.000505862	33606	0.00127431	TRUE	ORF1ab:cds-YP_009724389.1	CAG	Q	CGG	R	1332
NC_045512.2	4260	A	G	33543	15587	51	17	15	40	0.000505862	33606	0.00127431	TRUE	ORF1ab:cds-YP_009725295.1	CAG	Q	CGG	R	1332
NC_045512.2	4260	A	C	33543	15587	51	39	39	32	0.00116051	33606	0.276916	FALSE	ORF1ab:cds-YP_009724389.1	CAG	Q	CCG	P	1332
NC_045512.2	4260	A	C	33543	15587	51	39	39	32	0.00116051	33606	0.276916	FALSE	ORF1ab:cds-YP_009725295.1	CAG	Q	CCG	P	1332
NC_045512.2	4261	G	T	34683	15339	50	15	15	31	0.00043158	34756	0.998071	FALSE	ORF1ab:cds-YP_009724389.1	CAG	Q	CAT	H	1332
NC_045512.2	4261	G	T	34683	15339	50	15	15	31	0.00043158	34756	0.998071	FALSE	ORF1ab:cds-YP_009725295.1	CAG	Q	CAT	H	1332
NC_045512.2	4261	G	C	34683	15339	50	13	13	33	0.000374036	34756	0.999447	FALSE	ORF1ab:cds-YP_009724389.1	CAG	Q	CAC	H	1332
NC_045512.2	4261	G	C	34683	15339	50	13	13	33	0.000374036	34756	0.999447	FALSE	ORF1ab:cds-YP_009725295.1	CAG	Q	CAC	H	1332
NC_045512.2	4261	G	A	34683	15339	50	45	44	33	0.00129474	34756	0.129346	FALSE	ORF1ab:cds-YP_009724389.1	CAG	Q	CAA	Q	1332
NC_045512.2	4261	G	A	34683	15339	50	45	44	33	0.00129474	34756	0.129346	FALSE	ORF1ab:cds-YP_009725295.1	CAG	Q	CAA	Q	1332
NC_045512.2	4262	G	T	35134	15656	50	9	6	32	0.000255893	35171	0.999987	FALSE	ORF1ab:cds-YP_009724389.1	GGT	G	TGT	C	1333
NC_045512.2	4262	G	T	35134	15656	50	9	6	32	0.000255893	35171	0.999987	FALSE	ORF1ab:cds-YP_009725295.1	GGT	G	TGT	C	1333
NC_045512.2	4262	G	C	35134	15656	50	14	14	32	0.000398055	35171	0.999296	FALSE	ORF1ab:cds-YP_009724389.1	GGT	G	CGT	R	1333
NC_045512.2	4262	G	C	35134	15656	50	14	14	32	0.000398055	35171	0.999296	FALSE	ORF1ab:cds-YP_009725295.1	GGT	G	CGT	R	1333
NC_045512.2	4262	G	A	35134	15656	50	14	14	34	0.000398055	35171	0.999296	FALSE	ORF1ab:cds-YP_009724389.1	GGT	G	AGT	S	1333
NC_045512.2	4262	G	A	35134	15656	50	14	14	34	0.000398055	35171	0.999296	FALSE	ORF1ab:cds-YP_009725295.1	GGT	G	AGT	S	1333
NC_045512.2	4263	G	T	35919	16088	50	5	2	34	0.000139055	35957	1	FALSE	ORF1ab:cds-YP_009724389.1	GGT	G	GTT	V	1333
NC_045512.2	4263	G	T	35919	16088	50	5	2	34	0.000139055	35957	1	FALSE	ORF1ab:cds-YP_009725295.1	GGT	G	GTT	V	1333
NC_045512.2	4263	G	C	35919	16088	50	9	9	33	0.000250299	35957	0.999987	FALSE	ORF1ab:cds-YP_009724389.1	GGT	G	GCT	A	1333
NC_045512.2	4263	G	C	35919	16088	50	9	9	33	0.000250299	35957	0.999987	FALSE	ORF1ab:cds-YP_009725295.1	GGT	G	GCT	A	1333
NC_045512.2	4263	G	A	35919	16088	50	24	23	32	0.000667464	35957	0.941174	FALSE	ORF1ab:cds-YP_009724389.1	GGT	G	GAT	D	1333
NC_045512.2	4263	G	A	35919	16088	50	24	23	32	0.000667464	35957	0.941174	FALSE	ORF1ab:cds-YP_009725295.1	GGT	G	GAT	D	1333
NC_045512.2	4264	T	G	35007	15367	48	50	49	32	0.00142564	35072	0.0638518	FALSE	ORF1ab:cds-YP_009724389.1	GGT	G	GGG	G	1333
NC_045512.2	4264	T	G	35007	15367	48	50	49	32	0.00142564	35072	0.0638518	FALSE	ORF1ab:cds-YP_009725295.1	GGT	G	GGG	G	1333
NC_045512.2	4264	T	C	35007	15367	48	5	5	34	0.000142564	35072	1	FALSE	ORF1ab:cds-YP_009724389.1	GGT	G	GGC	G	1333
NC_045512.2	4264	T	C	35007	15367	48	5	5	34	0.000142564	35072	1	FALSE	ORF1ab:cds-YP_009725295.1	GGT	G	GGC	G	1333
NC_045512.2	4264	T	A	35007	15367	48	10	10	33	0.000285128	35072	0.999967	FALSE	ORF1ab:cds-YP_009724389.1	GGT	G	GGA	G	1333
NC_045512.2	4264	T	A	35007	15367	48	10	10	33	0.000285128	35072	0.999967	FALSE	ORF1ab:cds-YP_009725295.1	GGT	G	GGA	G	1333
NC_045512.2	4265	T	G	35108	15830	50	20	20	32	0.00056912	35142	0.984966	FALSE	ORF1ab:cds-YP_009724389.1	TTA	L	GTA	V	1334
NC_045512.2	4265	T	G	35108	15830	50	20	20	32	0.00056912	35142	0.984966	FALSE	ORF1ab:cds-YP_009725295.1	TTA	L	GTA	V	1334
NC_045512.2	4265	T	C	35108	15830	50	5	4	39	0.00014228	35142	1	FALSE	ORF1ab:cds-YP_009724389.1	TTA	L	CTA	L	1334
NC_045512.2	4265	T	C	35108	15830	50	5	4	39	0.00014228	35142	1	FALSE	ORF1ab:cds-YP_009725295.1	TTA	L	CTA	L	1334
NC_045512.2	4265	T	A	35108	15830	50	9	9	32	0.000256104	35142	0.999987	FALSE	ORF1ab:cds-YP_009724389.1	TTA	L	ATA	I	1334
NC_045512.2	4265	T	A	35108	15830	50	9	9	32	0.000256104	35142	0.999987	FALSE	ORF1ab:cds-YP_009725295.1	TTA	L	ATA	I	1334
NC_045512.2	4266	T	G	34936	16682	48	15	13	31	0.000429	34965	0.998097	FALSE	ORF1ab:cds-YP_009724389.1	TTA	L	TGA	*	1334
NC_045512.2	4266	T	G	34936	16682	48	15	13	31	0.000429	34965	0.998097	FALSE	ORF1ab:cds-YP_009725295.1	TTA	L	TGA	*	1334
NC_045512.2	4266	T	C	34936	16682	48	4	4	32	0.0001144	34965	1	FALSE	ORF1ab:cds-YP_009724389.1	TTA	L	TCA	S	1334
NC_045512.2	4266	T	C	34936	16682	48	4	4	32	0.0001144	34965	1	FALSE	ORF1ab:cds-YP_009725295.1	TTA	L	TCA	S	1334
NC_045512.2	4266	T	A	34936	16682	48	10	9	30	0.000286	34965	0.999947	FALSE	ORF1ab:cds-YP_009724389.1	TTA	L	TAA	*	1334
NC_045512.2	4266	T	A	34936	16682	48	10	9	30	0.000286	34965	0.999947	FALSE	ORF1ab:cds-YP_009725295.1	TTA	L	TAA	*	1334
NC_045512.2	4266	T	-A	34936	16682	48	1	0	20	2.86e-05	34965	1	FALSE	NA	NA	NA	NA	NA	NA
NC_045512.2	4267	A	T	34736	16800	48	54	54	32	0.00155128	34810	0.0209047	FALSE	ORF1ab:cds-YP_009724389.1	TTA	L	TTT	F	1334
NC_045512.2	4267	A	T	34736	16800	48	54	54	32	0.00155128	34810	0.0209047	FALSE	ORF1ab:cds-YP_009725295.1	TTA	L	TTT	F	1334
NC_045512.2	4267	A	G	34736	16800	48	17	12	34	0.000488365	34810	0.994436	FALSE	ORF1ab:cds-YP_009724389.1	TTA	L	TTG	L	1334
NC_045512.2	4267	A	G	34736	16800	48	17	12	34	0.000488365	34810	0.994436	FALSE	ORF1ab:cds-YP_009725295.1	TTA	L	TTG	L	1334
NC_045512.2	4267	A	C	34736	16800	48	3	2	26	8.61821e-05	34810	1	FALSE	ORF1ab:cds-YP_009724389.1	TTA	L	TTC	F	1334
NC_045512.2	4267	A	C	34736	16800	48	3	2	26	8.61821e-05	34810	1	FALSE	ORF1ab:cds-YP_009725295.1	TTA	L	TTC	F	1334
NC_045512.2	4268	A	T	34721	17365	47	18	18	33	0.000517851	34759	0.991208	FALSE	ORF1ab:cds-YP_009724389.1	AAT	N	TAT	Y	1335
NC_045512.2	4268	A	T	34721	17365	47	18	18	33	0.000517851	34759	0.991208	FALSE	ORF1ab:cds-YP_009725295.1	AAT	N	TAT	Y	1335
NC_045512.2	4268	A	G	34721	17365	47	9	7	39	0.000258926	34759	0.999979	FALSE	ORF1ab:cds-YP_009724389.1	AAT	N	GAT	D	1335
NC_045512.2	4268	A	G	34721	17365	47	9	7	39	0.000258926	34759	0.999979	FALSE	ORF1ab:cds-YP_009725295.1	AAT	N	GAT	D	1335
NC_045512.2	4268	A	C	34721	17365	47	11	9	31	0.000316465	34759	0.999876	FALSE	ORF1ab:cds-YP_009724389.1	AAT	N	CAT	H	1335
NC_045512.2	4268	A	C	34721	17365	47	11	9	31	0.000316465	34759	0.999876	FALSE	ORF1ab:cds-YP_009725295.1	AAT	N	CAT	H	1335
NC_045512.2	4269	A	T	33985	17471	46	19	18	35	0.000558511	34019	0.986474	FALSE	ORF1ab:cds-YP_009724389.1	AAT	N	ATT	I	1335
NC_045512.2	4269	A	T	33985	17471	46	19	18	35	0.000558511	34019	0.986474	FALSE	ORF1ab:cds-YP_009725295.1	AAT	N	ATT	I	1335
NC_045512.2	4269	A	G	33985	17471	46	9	7	36	0.000264558	34019	0.999979	FALSE	ORF1ab:cds-YP_009724389.1	AAT	N	AGT	S	1335
NC_045512.2	4269	A	G	33985	17471	46	9	7	36	0.000264558	34019	0.999979	FALSE	ORF1ab:cds-YP_009725295.1	AAT	N	AGT	S	1335
NC_045512.2	4269	A	C	33985	17471	46	6	6	32	0.000176372	34019	0.999999	FALSE	ORF1ab:cds-YP_009724389.1	AAT	N	ACT	T	1335
NC_045512.2	4269	A	C	33985	17471	46	6	6	32	0.000176372	34019	0.999999	FALSE	ORF1ab:cds-YP_009725295.1	AAT	N	ACT	T	1335
NC_045512.2	4269	A	-T	33985	17471	46	1	0	20	2.93953e-05	34019	1	FALSE	NA	NA	NA	NA	NA	NA
NC_045512.2	4270	T	G	35964	16976	47	9	9	33	0.000249736	36038	0.999992	FALSE	ORF1ab:cds-YP_009724389.1	AAT	N	AAG	K	1335
NC_045512.2	4270	T	G	35964	16976	47	9	9	33	0.000249736	36038	0.999992	FALSE	ORF1ab:cds-YP_009725295.1	AAT	N	AAG	K	1335
NC_045512.2	4270	T	C	35964	16976	47	5	4	46	0.000138742	36038	0.362226	FALSE	ORF1ab:cds-YP_009724389.1	AAT	N	AAC	N	1335
NC_045512.2	4270	T	C	35964	16976	47	5	4	46	0.000138742	36038	0.362226	FALSE	ORF1ab:cds-YP_009725295.1	AAT	N	AAC	N	1335
NC_045512.2	4270	T	A	35964	16976	47	60	60	32	0.00166491	36038	0.0091311	TRUE	ORF1ab:cds-YP_009724389.1	AAT	N	AAA	K	1335
NC_045512.2	4270	T	A	35964	16976	47	60	60	32	0.00166491	36038	0.0091311	TRUE	ORF1ab:cds-YP_009725295.1	AAT	N	AAA	K	1335
NC_045512.2	4271	G	T	35606	16683	47	39	38	33	0.00109314	35677	0.362297	FALSE	ORF1ab:cds-YP_009724389.1	GGT	G	TGT	C	1336
NC_045512.2	4271	G	T	35606	16683	47	39	38	33	0.00109314	35677	0.362297	FALSE	ORF1ab:cds-YP_009725295.1	GGT	G	TGT	C	1336
NC_045512.2	4271	G	C	35606	16683	47	4	4	32	0.000112117	35677	1	FALSE	ORF1ab:cds-YP_009724389.1	GGT	G	CGT	R	1336
NC_045512.2	4271	G	C	35606	16683	47	4	4	32	0.000112117	35677	1	FALSE	ORF1ab:cds-YP_009725295.1	GGT	G	CGT	R	1336
NC_045512.2	4271	G	A	35606	16683	47	28	28	32	0.000784819	35677	0.842228	FALSE	ORF1ab:cds-YP_009724389.1	GGT	G	AGT	S	1336
NC_045512.2	4271	G	A	35606	16683	47	28	28	32	0.000784819	35677	0.842228	FALSE	ORF1ab:cds-YP_009725295.1	GGT	G	AGT	S	1336
NC_045512.2	4272	G	T	35391	16453	47	10	10	33	0.000282287	35425	0.999967	FALSE	ORF1ab:cds-YP_009724389.1	GGT	G	GTT	V	1336
NC_045512.2	4272	G	T	35391	16453	47	10	10	33	0.000282287	35425	0.999967	FALSE	ORF1ab:cds-YP_009725295.1	GGT	G	GTT	V	1336
NC_045512.2	4272	G	C	35391	16453	47	8	8	34	0.000225829	35425	0.999995	FALSE	ORF1ab:cds-YP_009724389.1	GGT	G	GCT	A	1336
NC_045512.2	4272	G	C	35391	16453	47	8	8	34	0.000225829	35425	0.999995	FALSE	ORF1ab:cds-YP_009725295.1	GGT	G	GCT	A	1336
NC_045512.2	4272	G	A	35391	16453	47	16	16	32	0.000451658	35425	0.997694	FALSE	ORF1ab:cds-YP_009724389.1	GGT	G	GAT	D	1336
NC_045512.2	4272	G	A	35391	16453	47	16	16	32	0.000451658	35425	0.997694	FALSE	ORF1ab:cds-YP_009725295.1	GGT	G	GAT	D	1336
NC_045512.2	4272	G	-T	35391	16453	47	2	0	20	5.64573e-05	35425	1	FALSE	NA	NA	NA	NA	NA	NA
NC_045512.2	4273	T	G	35231	16213	47	49	46	32	0.0013881	35300	0.0773088	FALSE	ORF1ab:cds-YP_009724389.1	GGT	G	GGG	G	1336
NC_045512.2	4273	T	G	35231	16213	47	49	46	32	0.0013881	35300	0.0773088	FALSE	ORF1ab:cds-YP_009725295.1	GGT	G	GGG	G	1336
NC_045512.2	4273	T	C	35231	16213	47	8	5	33	0.000226629	35300	0.999995	FALSE	ORF1ab:cds-YP_009724389.1	GGT	G	GGC	G	1336
NC_045512.2	4273	T	C	35231	16213	47	8	5	33	0.000226629	35300	0.999995	FALSE	ORF1ab:cds-YP_009725295.1	GGT	G	GGC	G	1336
NC_045512.2	4273	T	A	35231	16213	47	12	12	36	0.000339943	35300	0.999824	FALSE	ORF1ab:cds-YP_009724389.1	GGT	G	GGA	G	1336
NC_045512.2	4273	T	A	35231	16213	47	12	12	36	0.000339943	35300	0.999824	FALSE	ORF1ab:cds-YP_009725295.1	GGT	G	GGA	G	1336
NC_045512.2	4274	T	G	35347	16359	47	24	23	32	0.000678253	35385	0.941172	FALSE	ORF1ab:cds-YP_009724389.1	TAC	Y	GAC	D	1337
NC_045512.2	4274	T	G	35347	16359	47	24	23	32	0.000678253	35385	0.941172	FALSE	ORF1ab:cds-YP_009725295.1	TAC	Y	GAC	D	1337
NC_045512.2	4274	T	C	35347	16359	47	4	4	34	0.000113042	35385	1	FALSE	ORF1ab:cds-YP_009724389.1	TAC	Y	CAC	H	1337
NC_045512.2	4274	T	C	35347	16359	47	4	4	34	0.000113042	35385	1	FALSE	ORF1ab:cds-YP_009725295.1	TAC	Y	CAC	H	1337
NC_045512.2	4274	T	A	35347	16359	47	10	10	31	0.000282606	35385	0.999967	FALSE	ORF1ab:cds-YP_009724389.1	TAC	Y	AAC	N	1337
NC_045512.2	4274	T	A	35347	16359	47	10	10	31	0.000282606	35385	0.999967	FALSE	ORF1ab:cds-YP_009725295.1	TAC	Y	AAC	N	1337
NC_045512.2	4275	A	T	35649	16325	45	44	43	33	0.00123204	35713	0.183331	FALSE	ORF1ab:cds-YP_009724389.1	TAC	Y	TTC	F	1337
NC_045512.2	4275	A	T	35649	16325	45	44	43	33	0.00123204	35713	0.183331	FALSE	ORF1ab:cds-YP_009725295.1	TAC	Y	TTC	F	1337
NC_045512.2	4275	A	G	35649	16325	45	17	16	33	0.000476017	35713	0.996064	FALSE	ORF1ab:cds-YP_009724389.1	TAC	Y	TGC	C	1337
NC_045512.2	4275	A	G	35649	16325	45	17	16	33	0.000476017	35713	0.996064	FALSE	ORF1ab:cds-YP_009725295.1	TAC	Y	TGC	C	1337
NC_045512.2	4275	A	C	35649	16325	45	3	3	45	8.4003e-05	35713	0.655468	FALSE	ORF1ab:cds-YP_009724389.1	TAC	Y	TCC	S	1337
NC_045512.2	4275	A	C	35649	16325	45	3	3	45	8.4003e-05	35713	0.655468	FALSE	ORF1ab:cds-YP_009725295.1	TAC	Y	TCC	S	1337
NC_045512.2	4276	C	T	35999	16871	46	22	21	34	0.000609841	36075	0.975758	FALSE	ORF1ab:cds-YP_009724389.1	TAC	Y	TAT	Y	1337
NC_045512.2	4276	C	T	35999	16871	46	22	21	34	0.000609841	36075	0.975758	FALSE	ORF1ab:cds-YP_009725295.1	TAC	Y	TAT	Y	1337
NC_045512.2	4276	C	G	35999	16871	46	8	7	31	0.00022176	36075	0.999997	FALSE	ORF1ab:cds-YP_009724389.1	TAC	Y	TAG	*	1337
NC_045512.2	4276	C	G	35999	16871	46	8	7	31	0.00022176	36075	0.999997	FALSE	ORF1ab:cds-YP_009725295.1	TAC	Y	TAG	*	1337
NC_045512.2	4276	C	A	35999	16871	46	46	46	33	0.00127512	36075	0.159122	FALSE	ORF1ab:cds-YP_009724389.1	TAC	Y	TAA	*	1337
NC_045512.2	4276	C	A	35999	16871	46	46	46	33	0.00127512	36075	0.159122	FALSE	ORF1ab:cds-YP_009725295.1	TAC	Y	TAA	*	1337
NC_045512.2	4277	A	T	35984	16831	46	13	13	34	0.00036056	36055	0.999761	FALSE	ORF1ab:cds-YP_009724389.1	ACT	T	TCT	S	1338
NC_045512.2	4277	A	T	35984	16831	46	13	13	34	0.00036056	36055	0.999761	FALSE	ORF1ab:cds-YP_009725295.1	ACT	T	TCT	S	1338
NC_045512.2	4277	A	G	35984	16831	46	16	9	32	0.000443766	36055	0.998385	FALSE	ORF1ab:cds-YP_009724389.1	ACT	T	GCT	A	1338
NC_045512.2	4277	A	G	35984	16831	46	16	9	32	0.000443766	36055	0.998385	FALSE	ORF1ab:cds-YP_009725295.1	ACT	T	GCT	A	1338
NC_045512.2	4277	A	C	35984	16831	46	42	42	33	0.00116489	36055	0.28452	FALSE	ORF1ab:cds-YP_009724389.1	ACT	T	CCT	P	1338
NC_045512.2	4277	A	C	35984	16831	46	42	42	33	0.00116489	36055	0.28452	FALSE	ORF1ab:cds-YP_009725295.1	ACT	T	CCT	P	1338
NC_045512.2	4278	C	T	40027	17272	45	3	2	34	7.48391e-05	40086	1	FALSE	ORF1ab:cds-YP_009724389.1	ACT	T	ATT	I	1338
NC_045512.2	4278	C	T	40027	17272	45	3	2	34	7.48391e-05	40086	1	FALSE	ORF1ab:cds-YP_009725295.1	ACT	T	ATT	I	1338
NC_045512.2	4278	C	G	40027	17272	45	5	5	32	0.000124732	40086	1	FALSE	ORF1ab:cds-YP_009724389.1	ACT	T	AGT	S	1338
NC_045512.2	4278	C	G	40027	17272	45	5	5	32	0.000124732	40086	1	FALSE	ORF1ab:cds-YP_009725295.1	ACT	T	AGT	S	1338
NC_045512.2	4278	C	A	40027	17272	45	51	51	32	0.00127226	40086	0.146906	FALSE	ORF1ab:cds-YP_009724389.1	ACT	T	AAT	N	1338
NC_045512.2	4278	C	A	40027	17272	45	51	51	32	0.00127226	40086	0.146906	FALSE	ORF1ab:cds-YP_009725295.1	ACT	T	AAT	N	1338
NC_045512.2	4279	T	G	38155	15756	45	8	2	33	0.000209287	38225	0.999999	FALSE	ORF1ab:cds-YP_009724389.1	ACT	T	ACG	T	1338
NC_045512.2	4279	T	G	38155	15756	45	8	2	33	0.000209287	38225	0.999999	FALSE	ORF1ab:cds-YP_009725295.1	ACT	T	ACG	T	1338
NC_045512.2	4279	T	C	38155	15756	45	46	46	33	0.0012034	38225	0.221653	FALSE	ORF1ab:cds-YP_009724389.1	ACT	T	ACC	T	1338
NC_045512.2	4279	T	C	38155	15756	45	46	46	33	0.0012034	38225	0.221653	FALSE	ORF1ab:cds-YP_009725295.1	ACT	T	ACC	T	1338
NC_045512.2	4279	T	A	38155	15756	45	16	16	34	0.000418574	38225	0.999242	FALSE	ORF1ab:cds-YP_009724389.1	ACT	T	ACA	T	1338
NC_045512.2	4279	T	A	38155	15756	45	16	16	34	0.000418574	38225	0.999242	FALSE	ORF1ab:cds-YP_009725295.1	ACT	T	ACA	T	1338
NC_045512.2	4280	G	T	40194	15850	44	36	36	33	0.000894232	40258	0.715811	FALSE	ORF1ab:cds-YP_009724389.1	GTA	V	TTA	L	1339
NC_045512.2	4280	G	T	40194	15850	44	36	36	33	0.000894232	40258	0.715811	FALSE	ORF1ab:cds-YP_009725295.1	GTA	V	TTA	L	1339
NC_045512.2	4280	G	C	40194	15850	44	7	7	34	0.000173878	40258	1	FALSE	ORF1ab:cds-YP_009724389.1	GTA	V	CTA	L	1339
NC_045512.2	4280	G	C	40194	15850	44	7	7	34	0.000173878	40258	1	FALSE	ORF1ab:cds-YP_009725295.1	GTA	V	CTA	L	1339
NC_045512.2	4280	G	A	40194	15850	44	21	19	34	0.000521635	40258	0.995029	FALSE	ORF1ab:cds-YP_009724389.1	GTA	V	ATA	I	1339
NC_045512.2	4280	G	A	40194	15850	44	21	19	34	0.000521635	40258	0.995029	FALSE	ORF1ab:cds-YP_009725295.1	GTA	V	ATA	I	1339
NC_045512.2	4281	T	G	40080	15670	44	36	34	33	0.000896682	40148	0.715661	FALSE	ORF1ab:cds-YP_009724389.1	GTA	V	GGA	G	1339
NC_045512.2	4281	T	G	40080	15670	44	36	34	33	0.000896682	40148	0.715661	FALSE	ORF1ab:cds-YP_009725295.1	GTA	V	GGA	G	1339
NC_045512.2	4281	T	C	40080	15670	44	22	21	33	0.000547973	40148	0.99236	FALSE	ORF1ab:cds-YP_009724389.1	GTA	V	GCA	A	1339
NC_045512.2	4281	T	C	40080	15670	44	22	21	33	0.000547973	40148	0.99236	FALSE	ORF1ab:cds-YP_009725295.1	GTA	V	GCA	A	1339
NC_045512.2	4281	T	A	40080	15670	44	10	10	33	0.000249078	40148	0.999997	FALSE	ORF1ab:cds-YP_009724389.1	GTA	V	GAA	E	1339
NC_045512.2	4281	T	A	40080	15670	44	10	10	33	0.000249078	40148	0.999997	FALSE	ORF1ab:cds-YP_009725295.1	GTA	V	GAA	E	1339
NC_045512.2	4282	A	T	39985	15609	44	43	43	33	0.00107374	40047	0.412358	FALSE	ORF1ab:cds-YP_009724389.1	GTA	V	GTT	V	1339
NC_045512.2	4282	A	T	39985	15609	44	43	43	33	0.00107374	40047	0.412358	FALSE	ORF1ab:cds-YP_009725295.1	GTA	V	GTT	V	1339
NC_045512.2	4282	A	G	39985	15609	44	11	9	32	0.000274677	40047	0.999993	FALSE	ORF1ab:cds-YP_009724389.1	GTA	V	GTG	V	1339
NC_045512.2	4282	A	G	39985	15609	44	11	9	32	0.000274677	40047	0.999993	FALSE	ORF1ab:cds-YP_009725295.1	GTA	V	GTG	V	1339
NC_045512.2	4282	A	C	39985	15609	44	8	8	33	0.000199765	40047	1	FALSE	ORF1ab:cds-YP_009724389.1	GTA	V	GTC	V	1339
NC_045512.2	4282	A	C	39985	15609	44	8	8	33	0.000199765	40047	1	FALSE	ORF1ab:cds-YP_009725295.1	GTA	V	GTC	V	1339
NC_045512.2	4283	G	T	40003	15546	44	12	10	36	0.000299528	40063	0.999982	FALSE	ORF1ab:cds-YP_009724389.1	GAG	E	TAG	*	1340
NC_045512.2	4283	G	T	40003	15546	44	12	10	36	0.000299528	40063	0.999982	FALSE	ORF1ab:cds-YP_009725295.1	GAG	E	TAG	*	1340
NC_045512.2	4283	G	C	40003	15546	44	5	5	30	0.000124803	40063	1	FALSE	ORF1ab:cds-YP_009724389.1	GAG	E	CAG	Q	1340
NC_045512.2	4283	G	C	40003	15546	44	5	5	30	0.000124803	40063	1	FALSE	ORF1ab:cds-YP_009725295.1	GAG	E	CAG	Q	1340
NC_045512.2	4283	G	A	40003	15546	44	43	43	34	0.00107331	40063	0.412447	FALSE	ORF1ab:cds-YP_009724389.1	GAG	E	AAG	K	1340
NC_045512.2	4283	G	A	40003	15546	44	43	43	34	0.00107331	40063	0.412447	FALSE	ORF1ab:cds-YP_009725295.1	GAG	E	AAG	K	1340
NC_045512.2	4284	A	T	39669	15789	45	19	19	34	0.000478252	39728	0.9973	FALSE	ORF1ab:cds-YP_009724389.1	GAG	E	GTG	V	1340
NC_045512.2	4284	A	T	39669	15789	45	19	19	34	0.000478252	39728	0.9973	FALSE	ORF1ab:cds-YP_009725295.1	GAG	E	GTG	V	1340
NC_045512.2	4284	A	G	39669	15789	45	36	35	33	0.000906162	39728	0.676983	FALSE	ORF1ab:cds-YP_009724389.1	GAG	E	GGG	G	1340
NC_045512.2	4284	A	G	39669	15789	45	36	35	33	0.000906162	39728	0.676983	FALSE	ORF1ab:cds-YP_009725295.1	GAG	E	GGG	G	1340
NC_045512.2	4284	A	C	39669	15789	45	4	4	34	0.000100685	39728	1	FALSE	ORF1ab:cds-YP_009724389.1	GAG	E	GCG	A	1340
NC_045512.2	4284	A	C	39669	15789	45	4	4	34	0.000100685	39728	1	FALSE	ORF1ab:cds-YP_009725295.1	GAG	E	GCG	A	1340
NC_045512.2	4285	G	T	39388	15653	45	5	5	34	0.000126743	39450	1	FALSE	ORF1ab:cds-YP_009724389.1	GAG	E	GAT	D	1340
NC_045512.2	4285	G	T	39388	15653	45	5	5	34	0.000126743	39450	1	FALSE	ORF1ab:cds-YP_009725295.1	GAG	E	GAT	D	1340
NC_045512.2	4285	G	C	39388	15653	45	3	3	31	7.60456e-05	39450	1	FALSE	ORF1ab:cds-YP_009724389.1	GAG	E	GAC	D	1340
NC_045512.2	4285	G	C	39388	15653	45	3	3	31	7.60456e-05	39450	1	FALSE	ORF1ab:cds-YP_009725295.1	GAG	E	GAC	D	1340
NC_045512.2	4285	G	A	39388	15653	45	54	54	33	0.00136882	39450	0.0728509	FALSE	ORF1ab:cds-YP_009724389.1	GAG	E	GAA	E	1340
NC_045512.2	4285	G	A	39388	15653	45	54	54	33	0.00136882	39450	0.0728509	FALSE	ORF1ab:cds-YP_009725295.1	GAG	E	GAA	E	1340
NC_045512.2	4286	G	T	39393	16104	45	5	5	34	0.00012683	39423	1	FALSE	ORF1ab:cds-YP_009724389.1	GAG	E	TAG	*	1341
NC_045512.2	4286	G	T	39393	16104	45	5	5	34	0.00012683	39423	1	FALSE	ORF1ab:cds-YP_009725295.1	GAG	E	TAG	*	1341
NC_045512.2	4286	G	C	39393	16104	45	7	7	31	0.000177561	39423	1	FALSE	ORF1ab:cds-YP_009724389.1	GAG	E	CAG	Q	1341
NC_045512.2	4286	G	C	39393	16104	45	7	7	31	0.000177561	39423	1	FALSE	ORF1ab:cds-YP_009725295.1	GAG	E	CAG	Q	1341
NC_045512.2	4286	G	A	39393	16104	45	18	17	31	0.000456586	39423	0.998399	FALSE	ORF1ab:cds-YP_009724389.1	GAG	E	AAG	K	1341
NC_045512.2	4286	G	A	39393	16104	45	18	17	31	0.000456586	39423	0.998399	FALSE	ORF1ab:cds-YP_009725295.1	GAG	E	AAG	K	1341
NC_045512.2	4287	A	G	36296	13900	45	40	36	33	0.00110065	36342	0.36521	FALSE	ORF1ab:cds-YP_009724389.1	GAG	E	GGG	G	1341
NC_045512.2	4287	A	G	36296	13900	45	40	36	33	0.00110065	36342	0.36521	FALSE	ORF1ab:cds-YP_009725295.1	GAG	E	GGG	G	1341
NC_045512.2	4287	A	C	36296	13900	45	6	6	31	0.000165098	36342	1	FALSE	ORF1ab:cds-YP_009724389.1	GAG	E	GCG	A	1341
NC_045512.2	4287	A	C	36296	13900	45	6	6	31	0.000165098	36342	1	FALSE	ORF1ab:cds-YP_009725295.1	GAG	E	GCG	A	1341
NC_045512.2	4288	G	T	39746	14056	44	5	5	32	0.000125644	39795	1	FALSE	ORF1ab:cds-YP_009724389.1	GAG	E	GAT	D	1341
NC_045512.2	4288	G	T	39746	14056	44	5	5	32	0.000125644	39795	1	FALSE	ORF1ab:cds-YP_009725295.1	GAG	E	GAT	D	1341
NC_045512.2	4288	G	C	39746	14056	44	3	3	34	7.53864e-05	39795	1	FALSE	ORF1ab:cds-YP_009724389.1	GAG	E	GAC	D	1341
NC_045512.2	4288	G	C	39746	14056	44	3	3	34	7.53864e-05	39795	1	FALSE	ORF1ab:cds-YP_009725295.1	GAG	E	GAC	D	1341
NC_045512.2	4288	G	A	39746	14056	44	41	40	33	0.00103028	39795	0.455201	FALSE	ORF1ab:cds-YP_009724389.1	GAG	E	GAA	E	1341
NC_045512.2	4288	G	A	39746	14056	44	41	40	33	0.00103028	39795	0.455201	FALSE	ORF1ab:cds-YP_009725295.1	GAG	E	GAA	E	1341
NC_045512.2	4289	G	T	38251	13001	44	14	4	32	0.000365726	38280	0.999795	FALSE	ORF1ab:cds-YP_009724389.1	GCA	A	TCA	S	1342
NC_045512.2	4289	G	T	38251	13001	44	14	4	32	0.000365726	38280	0.999795	FALSE	ORF1ab:cds-YP_009725295.1	GCA	A	TCA	S	1342
NC_045512.2	4289	G	C	38251	13001	44	4	4	32	0.000104493	38280	1	FALSE	ORF1ab:cds-YP_009724389.1	GCA	A	CCA	P	1342
NC_045512.2	4289	G	C	38251	13001	44	4	4	32	0.000104493	38280	1	FALSE	ORF1ab:cds-YP_009725295.1	GCA	A	CCA	P	1342
NC_045512.2	4289	G	A	38251	13001	44	11	10	31	0.000287356	38280	0.999981	FALSE	ORF1ab:cds-YP_009724389.1	GCA	A	ACA	T	1342
NC_045512.2	4289	G	A	38251	13001	44	11	10	31	0.000287356	38280	0.999981	FALSE	ORF1ab:cds-YP_009725295.1	GCA	A	ACA	T	1342
NC_045512.2	4290	C	T	38354	13141	45	5	5	30	0.000130188	38406	1	FALSE	ORF1ab:cds-YP_009724389.1	GCA	A	GTA	V	1342
NC_045512.2	4290	C	T	38354	13141	45	5	5	30	0.000130188	38406	1	FALSE	ORF1ab:cds-YP_009725295.1	GCA	A	GTA	V	1342
NC_045512.2	4290	C	G	38354	13141	45	35	34	33	0.000911316	38406	0.679454	FALSE	ORF1ab:cds-YP_009724389.1	GCA	A	GGA	G	1342
NC_045512.2	4290	C	G	38354	13141	45	35	34	33	0.000911316	38406	0.679454	FALSE	ORF1ab:cds-YP_009725295.1	GCA	A	GGA	G	1342
NC_045512.2	4290	C	A	38354	13141	45	12	12	32	0.000312451	38406	0.999954	FALSE	ORF1ab:cds-YP_009724389.1	GCA	A	GAA	E	1342
NC_045512.2	4290	C	A	38354	13141	45	12	12	32	0.000312451	38406	0.999954	FALSE	ORF1ab:cds-YP_009725295.1	GCA	A	GAA	E	1342
NC_045512.2	4291	A	T	38471	13123	45	3	3	34	7.78412e-05	38540	1	FALSE	ORF1ab:cds-YP_009724389.1	GCA	A	GCT	A	1342
NC_045512.2	4291	A	T	38471	13123	45	3	3	34	7.78412e-05	38540	1	FALSE	ORF1ab:cds-YP_009725295.1	GCA	A	GCT	A	1342
NC_045512.2	4291	A	G	38471	13123	45	29	22	38	0.000752465	38540	0.88854	FALSE	ORF1ab:cds-YP_009724389.1	GCA	A	GCG	A	1342
NC_045512.2	4291	A	G	38471	13123	45	29	22	38	0.000752465	38540	0.88854	FALSE	ORF1ab:cds-YP_009725295.1	GCA	A	GCG	A	1342
NC_045512.2	4291	A	C	38471	13123	45	37	36	32	0.000960042	38540	0.589908	FALSE	ORF1ab:cds-YP_009724389.1	GCA	A	GCC	A	1342
NC_045512.2	4291	A	C	38471	13123	45	37	36	32	0.000960042	38540	0.589908	FALSE	ORF1ab:cds-YP_009725295.1	GCA	A	GCC	A	1342
NC_045512.2	4292	A	T	38608	13193	45	2	2	34	5.17692e-05	38633	1	FALSE	ORF1ab:cds-YP_009724389.1	AAG	K	TAG	*	1343
NC_045512.2	4292	A	T	38608	13193	45	2	2	34	5.17692e-05	38633	1	FALSE	ORF1ab:cds-YP_009725295.1	AAG	K	TAG	*	1343
NC_045512.2	4292	A	G	38608	13193	45	12	9	31	0.000310615	38633	0.999955	FALSE	ORF1ab:cds-YP_009724389.1	AAG	K	GAG	E	1343
NC_045512.2	4292	A	G	38608	13193	45	12	9	31	0.000310615	38633	0.999955	FALSE	ORF1ab:cds-YP_009725295.1	AAG	K	GAG	E	1343
NC_045512.2	4292	A	C	38608	13193	45	11	11	33	0.000284731	38633	0.999981	FALSE	ORF1ab:cds-YP_009724389.1	AAG	K	CAG	Q	1343
NC_045512.2	4292	A	C	38608	13193	45	11	11	33	0.000284731	38633	0.999981	FALSE	ORF1ab:cds-YP_009725295.1	AAG	K	CAG	Q	1343
NC_045512.2	4293	A	T	36037	13226	43	4	4	30	0.000110914	36064	1	FALSE	ORF1ab:cds-YP_009724389.1	AAG	K	ATG	M	1343
NC_045512.2	4293	A	T	36037	13226	43	4	4	30	0.000110914	36064	1	FALSE	ORF1ab:cds-YP_009725295.1	AAG	K	ATG	M	1343
NC_045512.2	4293	A	G	36037	13226	43	8	0	33	0.000221828	36064	0.999997	FALSE	ORF1ab:cds-YP_009724389.1	AAG	K	AGG	R	1343
NC_045512.2	4293	A	G	36037	13226	43	8	0	33	0.000221828	36064	0.999997	FALSE	ORF1ab:cds-YP_009725295.1	AAG	K	AGG	R	1343
NC_045512.2	4293	A	C	36037	13226	43	15	15	31	0.000415927	36064	0.999115	FALSE	ORF1ab:cds-YP_009724389.1	AAG	K	ACG	T	1343
NC_045512.2	4293	A	C	36037	13226	43	15	15	31	0.000415927	36064	0.999115	FALSE	ORF1ab:cds-YP_009725295.1	AAG	K	ACG	T	1343
NC_045512.2	4294	G	T	38410	13193	45	7	6	32	0.000181941	38474	1	FALSE	ORF1ab:cds-YP_009724389.1	AAG	K	AAT	N	1343
NC_045512.2	4294	G	T	38410	13193	45	7	6	32	0.000181941	38474	1	FALSE	ORF1ab:cds-YP_009725295.1	AAG	K	AAT	N	1343
NC_045512.2	4294	G	C	38410	13193	45	5	5	32	0.000129958	38474	1	FALSE	ORF1ab:cds-YP_009724389.1	AAG	K	AAC	N	1343
NC_045512.2	4294	G	C	38410	13193	45	5	5	32	0.000129958	38474	1	FALSE	ORF1ab:cds-YP_009725295.1	AAG	K	AAC	N	1343
NC_045512.2	4294	G	A	38410	13193	45	52	52	32	0.00135156	38474	0.084785	FALSE	ORF1ab:cds-YP_009724389.1	AAG	K	AAA	K	1343
NC_045512.2	4294	G	A	38410	13193	45	52	52	32	0.00135156	38474	0.084785	FALSE	ORF1ab:cds-YP_009725295.1	AAG	K	AAA	K	1343
NC_045512.2	4295	A	T	37392	13164	44	2	2	34	5.34316e-05	37431	1	FALSE	ORF1ab:cds-YP_009724389.1	ACA	T	TCA	S	1344
NC_045512.2	4295	A	T	37392	13164	44	2	2	34	5.34316e-05	37431	1	FALSE	ORF1ab:cds-YP_009725295.1	ACA	T	TCA	S	1344
NC_045512.2	4295	A	G	37392	13164	44	35	33	33	0.000935054	37431	0.637962	FALSE	ORF1ab:cds-YP_009724389.1	ACA	T	GCA	A	1344
NC_045512.2	4295	A	G	37392	13164	44	35	33	33	0.000935054	37431	0.637962	FALSE	ORF1ab:cds-YP_009725295.1	ACA	T	GCA	A	1344
NC_045512.2	4295	A	C	37392	13164	44	2	2	30	5.34316e-05	37431	1	FALSE	ORF1ab:cds-YP_009724389.1	ACA	T	CCA	P	1344
NC_045512.2	4295	A	C	37392	13164	44	2	2	30	5.34316e-05	37431	1	FALSE	ORF1ab:cds-YP_009725295.1	ACA	T	CCA	P	1344
NC_045512.2	4296	C	T	38216	13212	44	5	4	37	0.00013063	38276	1	FALSE	ORF1ab:cds-YP_009724389.1	ACA	T	ATA	I	1344
NC_045512.2	4296	C	T	38216	13212	44	5	4	37	0.00013063	38276	1	FALSE	ORF1ab:cds-YP_009725295.1	ACA	T	ATA	I	1344
NC_045512.2	4296	C	G	38216	13212	44	8	8	33	0.000209008	38276	0.999999	FALSE	ORF1ab:cds-YP_009724389.1	ACA	T	AGA	R	1344
NC_045512.2	4296	C	G	38216	13212	44	8	8	33	0.000209008	38276	0.999999	FALSE	ORF1ab:cds-YP_009725295.1	ACA	T	AGA	R	1344
NC_045512.2	4296	C	A	38216	13212	44	47	47	33	0.00122792	38276	0.192306	FALSE	ORF1ab:cds-YP_009724389.1	ACA	T	AAA	K	1344
NC_045512.2	4296	C	A	38216	13212	44	47	47	33	0.00122792	38276	0.192306	FALSE	ORF1ab:cds-YP_009725295.1	ACA	T	AAA	K	1344
NC_045512.2	4297	A	T	34991	10829	44	2	2	30	5.7089e-05	35033	1	FALSE	ORF1ab:cds-YP_009724389.1	ACA	T	ACT	T	1344
NC_045512.2	4297	A	T	34991	10829	44	2	2	30	5.7089e-05	35033	1	FALSE	ORF1ab:cds-YP_009725295.1	ACA	T	ACT	T	1344
NC_045512.2	4297	A	G	34991	10829	44	12	10	39	0.000342534	35033	0.999826	FALSE	ORF1ab:cds-YP_009724389.1	ACA	T	ACG	T	1344
NC_045512.2	4297	A	G	34991	10829	44	12	10	39	0.000342534	35033	0.999826	FALSE	ORF1ab:cds-YP_009725295.1	ACA	T	ACG	T	1344
NC_045512.2	4297	A	C	34991	10829	44	28	28	33	0.000799246	35033	0.843003	FALSE	ORF1ab:cds-YP_009724389.1	ACA	T	ACC	T	1344
NC_045512.2	4297	A	C	34991	10829	44	28	28	33	0.000799246	35033	0.843003	FALSE	ORF1ab:cds-YP_009725295.1	ACA	T	ACC	T	1344
NC_045512.2	4298	G	T	35206	10790	44	1	1	34	2.83632e-05	35257	1	FALSE	ORF1ab:cds-YP_009724389.1	GTG	V	TTG	L	1345
NC_045512.2	4298	G	T	35206	10790	44	1	1	34	2.83632e-05	35257	1	FALSE	ORF1ab:cds-YP_009725295.1	GTG	V	TTG	L	1345
NC_045512.2	4298	G	C	35206	10790	44	10	10	32	0.000283632	35257	0.999967	FALSE	ORF1ab:cds-YP_009724389.1	GTG	V	CTG	L	1345
NC_045512.2	4298	G	C	35206	10790	44	10	10	32	0.000283632	35257	0.999967	FALSE	ORF1ab:cds-YP_009725295.1	GTG	V	CTG	L	1345
NC_045512.2	4298	G	A	35206	10790	44	40	39	33	0.00113453	35257	0.321702	FALSE	ORF1ab:cds-YP_009724389.1	GTG	V	ATG	M	1345
NC_045512.2	4298	G	A	35206	10790	44	40	39	33	0.00113453	35257	0.321702	FALSE	ORF1ab:cds-YP_009725295.1	GTG	V	ATG	M	1345
NC_045512.2	4299	T	G	34971	11055	44	27	25	33	0.0007709	35024	0.873093	FALSE	ORF1ab:cds-YP_009724389.1	GTG	V	GGG	G	1345
NC_045512.2	4299	T	G	34971	11055	44	27	25	33	0.0007709	35024	0.873093	FALSE	ORF1ab:cds-YP_009725295.1	GTG	V	GGG	G	1345
NC_045512.2	4299	T	C	34971	11055	44	15	14	35	0.000428278	35024	0.998688	FALSE	ORF1ab:cds-YP_009724389.1	GTG	V	GCG	A	1345
NC_045512.2	4299	T	C	34971	11055	44	15	14	35	0.000428278	35024	0.998688	FALSE	ORF1ab:cds-YP_009725295.1	GTG	V	GCG	A	1345
NC_045512.2	4299	T	A	34971	11055	44	11	10	32	0.00031407	35024	0.999921	FALSE	ORF1ab:cds-YP_009724389.1	GTG	V	GAG	E	1345
NC_045512.2	4299	T	A	34971	11055	44	11	10	32	0.00031407	35024	0.999921	FALSE	ORF1ab:cds-YP_009725295.1	GTG	V	GAG	E	1345
NC_045512.2	4300	G	T	34945	10971	44	29	28	34	0.000828785	34991	0.774575	FALSE	ORF1ab:cds-YP_009724389.1	GTG	V	GTT	V	1345
NC_045512.2	4300	G	T	34945	10971	44	29	28	34	0.000828785	34991	0.774575	FALSE	ORF1ab:cds-YP_009725295.1	GTG	V	GTT	V	1345
NC_045512.2	4300	G	C	34945	10971	44	3	3	31	8.57363e-05	34991	1	FALSE	ORF1ab:cds-YP_009724389.1	GTG	V	GTC	V	1345
NC_045512.2	4300	G	C	34945	10971	44	3	3	31	8.57363e-05	34991	1	FALSE	ORF1ab:cds-YP_009725295.1	GTG	V	GTC	V	1345
NC_045512.2	4300	G	A	34945	10971	44	14	14	34	0.000400103	34991	0.998949	FALSE	ORF1ab:cds-YP_009724389.1	GTG	V	GTA	V	1345
NC_045512.2	4300	G	A	34945	10971	44	14	14	34	0.000400103	34991	0.998949	FALSE	ORF1ab:cds-YP_009725295.1	GTG	V	GTA	V	1345
NC_045512.2	4301	C	T	34944	11095	45	10	10	33	0.000285771	34993	0.999946	FALSE	ORF1ab:cds-YP_009724389.1	CTT	L	TTT	F	1346
NC_045512.2	4301	C	T	34944	11095	45	10	10	33	0.000285771	34993	0.999946	FALSE	ORF1ab:cds-YP_009725295.1	CTT	L	TTT	F	1346
NC_045512.2	4301	C	G	34944	11095	45	34	34	32	0.000971623	34993	0.547569	FALSE	ORF1ab:cds-YP_009724389.1	CTT	L	GTT	V	1346
NC_045512.2	4301	C	G	34944	11095	45	34	34	32	0.000971623	34993	0.547569	FALSE	ORF1ab:cds-YP_009725295.1	CTT	L	GTT	V	1346
NC_045512.2	4301	C	A	34944	11095	45	5	5	34	0.000142886	34993	1	FALSE	ORF1ab:cds-YP_009724389.1	CTT	L	ATT	I	1346
NC_045512.2	4301	C	A	34944	11095	45	5	5	34	0.000142886	34993	1	FALSE	ORF1ab:cds-YP_009725295.1	CTT	L	ATT	I	1346
NC_045512.2	4301	C	-T	34944	11095	45	1	0	20	2.85771e-05	34993	1	FALSE	NA	NA	NA	NA	NA	NA
NC_045512.2	4302	T	G	34655	10779	45	8	8	34	0.000230581	34695	0.999992	FALSE	ORF1ab:cds-YP_009724389.1	CTT	L	CGT	R	1346
NC_045512.2	4302	T	G	34655	10779	45	8	8	34	0.000230581	34695	0.999992	FALSE	ORF1ab:cds-YP_009725295.1	CTT	L	CGT	R	1346
NC_045512.2	4302	T	C	34655	10779	45	28	27	33	0.000807033	34695	0.812664	FALSE	ORF1ab:cds-YP_009724389.1	CTT	L	CCT	P	1346
NC_045512.2	4302	T	C	34655	10779	45	28	27	33	0.000807033	34695	0.812664	FALSE	ORF1ab:cds-YP_009725295.1	CTT	L	CCT	P	1346
NC_045512.2	4302	T	A	34655	10779	45	4	4	32	0.00011529	34695	1	FALSE	ORF1ab:cds-YP_009724389.1	CTT	L	CAT	H	1346
NC_045512.2	4302	T	A	34655	10779	45	4	4	32	0.00011529	34695	1	FALSE	ORF1ab:cds-YP_009725295.1	CTT	L	CAT	H	1346
NC_045512.2	4303	T	G	34653	10870	45	14	11	33	0.000403691	34680	0.998955	FALSE	ORF1ab:cds-YP_009724389.1	CTT	L	CTG	L	1346
NC_045512.2	4303	T	G	34653	10870	45	14	11	33	0.000403691	34680	0.998955	FALSE	ORF1ab:cds-YP_009725295.1	CTT	L	CTG	L	1346
NC_045512.2	4303	T	C	34653	10870	45	9	8	35	0.000259516	34680	0.999979	FALSE	ORF1ab:cds-YP_009724389.1	CTT	L	CTC	L	1346
NC_045512.2	4303	T	C	34653	10870	45	9	8	35	0.000259516	34680	0.999979	FALSE	ORF1ab:cds-YP_009725295.1	CTT	L	CTC	L	1346
NC_045512.2	4303	T	A	34653	10870	45	4	4	40	0.00011534	34680	0.499653	FALSE	ORF1ab:cds-YP_009724389.1	CTT	L	CTA	L	1346
NC_045512.2	4303	T	A	34653	10870	45	4	4	40	0.00011534	34680	0.499653	FALSE	ORF1ab:cds-YP_009725295.1	CTT	L	CTA	L	1346
NC_045512.2	4303	T	-A	34653	10870	45	3	0	20	8.65052e-05	34680	1	FALSE	NA	NA	NA	NA	NA	NA
NC_045512.2	4304	A	T	34685	10815	44	34	33	32	0.000978896	34733	0.547469	FALSE	ORF1ab:cds-YP_009724389.1	AAA	K	TAA	*	1347
NC_045512.2	4304	A	T	34685	10815	44	34	33	32	0.000978896	34733	0.547469	FALSE	ORF1ab:cds-YP_009725295.1	AAA	K	TAA	*	1347
NC_045512.2	4304	A	G	34685	10815	44	3	1	45	8.63732e-05	34733	0.655622	FALSE	ORF1ab:cds-YP_009724389.1	AAA	K	GAA	E	1347
NC_045512.2	4304	A	G	34685	10815	44	3	1	45	8.63732e-05	34733	0.655622	FALSE	ORF1ab:cds-YP_009725295.1	AAA	K	GAA	E	1347
NC_045512.2	4304	A	C	34685	10815	44	11	11	33	0.000316702	34733	0.999875	FALSE	ORF1ab:cds-YP_009724389.1	AAA	K	CAA	Q	1347
NC_045512.2	4304	A	C	34685	10815	44	11	11	33	0.000316702	34733	0.999875	FALSE	ORF1ab:cds-YP_009725295.1	AAA	K	CAA	Q	1347
NC_045512.2	4305	A	T	34820	10950	45	16	16	34	0.000459216	34842	0.996704	FALSE	ORF1ab:cds-YP_009724389.1	AAA	K	ATA	I	1347
NC_045512.2	4305	A	T	34820	10950	45	16	16	34	0.000459216	34842	0.996704	FALSE	ORF1ab:cds-YP_009725295.1	AAA	K	ATA	I	1347
NC_045512.2	4305	A	G	34820	10950	45	2	1	34	5.7402e-05	34842	1	FALSE	ORF1ab:cds-YP_009724389.1	AAA	K	AGA	R	1347
NC_045512.2	4305	A	G	34820	10950	45	2	1	34	5.7402e-05	34842	1	FALSE	ORF1ab:cds-YP_009725295.1	AAA	K	AGA	R	1347
NC_045512.2	4305	A	C	34820	10950	45	4	4	34	0.000114804	34842	1	FALSE	ORF1ab:cds-YP_009724389.1	AAA	K	ACA	T	1347
NC_045512.2	4305	A	C	34820	10950	45	4	4	34	0.000114804	34842	1	FALSE	ORF1ab:cds-YP_009725295.1	AAA	K	ACA	T	1347
NC_045512.2	4306	A	T	34357	11026	44	13	13	32	0.000378193	34374	0.999457	FALSE	ORF1ab:cds-YP_009724389.1	AAA	K	AAT	N	1347
NC_045512.2	4306	A	T	34357	11026	44	13	13	32	0.000378193	34374	0.999457	FALSE	ORF1ab:cds-YP_009725295.1	AAA	K	AAT	N	1347
NC_045512.2	4306	A	G	34357	11026	44	1	0	24	2.90918e-05	34374	1	FALSE	ORF1ab:cds-YP_009724389.1	AAA	K	AAG	K	1347
NC_045512.2	4306	A	G	34357	11026	44	1	0	24	2.90918e-05	34374	1	FALSE	ORF1ab:cds-YP_009725295.1	AAA	K	AAG	K	1347
NC_045512.2	4306	A	C	34357	11026	44	3	3	28	8.72753e-05	34374	1	FALSE	ORF1ab:cds-YP_009724389.1	AAA	K	AAC	N	1347
NC_045512.2	4306	A	C	34357	11026	44	3	3	28	8.72753e-05	34374	1	FALSE	ORF1ab:cds-YP_009725295.1	AAA	K	AAC	N	1347
NC_045512.2	4307	A	T	34659	10918	45	3	3	31	8.65251e-05	34672	1	FALSE	ORF1ab:cds-YP_009724389.1	AAG	K	TAG	*	1348
NC_045512.2	4307	A	T	34659	10918	45	3	3	31	8.65251e-05	34672	1	FALSE	ORF1ab:cds-YP_009725295.1	AAG	K	TAG	*	1348
NC_045512.2	4307	A	G	34659	10918	45	3	1	32	8.65251e-05	34672	1	FALSE	ORF1ab:cds-YP_009724389.1	AAG	K	GAG	E	1348
NC_045512.2	4307	A	G	34659	10918	45	3	1	32	8.65251e-05	34672	1	FALSE	ORF1ab:cds-YP_009725295.1	AAG	K	GAG	E	1348
NC_045512.2	4307	A	C	34659	10918	45	7	3	32	0.000201892	34672	0.999998	FALSE	ORF1ab:cds-YP_009724389.1	AAG	K	CAG	Q	1348
NC_045512.2	4307	A	C	34659	10918	45	7	3	32	0.000201892	34672	0.999998	FALSE	ORF1ab:cds-YP_009725295.1	AAG	K	CAG	Q	1348
NC_045512.2	4308	A	T	34116	10918	43	2	2	34	5.86115e-05	34123	1	FALSE	ORF1ab:cds-YP_009724389.1	AAG	K	ATG	M	1348
NC_045512.2	4308	A	T	34116	10918	43	2	2	34	5.86115e-05	34123	1	FALSE	ORF1ab:cds-YP_009725295.1	AAG	K	ATG	M	1348
NC_045512.2	4308	A	G	34116	10918	43	3	1	31	8.79172e-05	34123	1	FALSE	ORF1ab:cds-YP_009724389.1	AAG	K	AGG	R	1348
NC_045512.2	4308	A	G	34116	10918	43	3	1	31	8.79172e-05	34123	1	FALSE	ORF1ab:cds-YP_009725295.1	AAG	K	AGG	R	1348
NC_045512.2	4308	A	C	34116	10918	43	2	2	30	5.86115e-05	34123	1	FALSE	ORF1ab:cds-YP_009724389.1	AAG	K	ACG	T	1348
NC_045512.2	4308	A	C	34116	10918	43	2	2	30	5.86115e-05	34123	1	FALSE	ORF1ab:cds-YP_009725295.1	AAG	K	ACG	T	1348
NC_045512.2	4308	A	+GT	34116	10918	43	1	0	20	2.93057e-05	34123	1	FALSE	NA	NA	NA	NA	NA	NA
NC_045512.2	4309	G	T	34239	11004	44	9	3	32	0.000262444	34293	0.999979	FALSE	ORF1ab:cds-YP_009724389.1	AAG	K	AAT	N	1348
NC_045512.2	4309	G	T	34239	11004	44	9	3	32	0.000262444	34293	0.999979	FALSE	ORF1ab:cds-YP_009725295.1	AAG	K	AAT	N	1348
NC_045512.2	4309	G	C	34239	11004	44	2	2	30	5.83209e-05	34293	1	FALSE	ORF1ab:cds-YP_009724389.1	AAG	K	AAC	N	1348
NC_045512.2	4309	G	C	34239	11004	44	2	2	30	5.83209e-05	34293	1	FALSE	ORF1ab:cds-YP_009725295.1	AAG	K	AAC	N	1348
NC_045512.2	4309	G	A	34239	11004	44	43	43	33	0.0012539	34293	0.180543	FALSE	ORF1ab:cds-YP_009724389.1	AAG	K	AAA	K	1348
NC_045512.2	4309	G	A	34239	11004	44	43	43	33	0.0012539	34293	0.180543	FALSE	ORF1ab:cds-YP_009725295.1	AAG	K	AAA	K	1348
NC_045512.2	4310	T	G	33471	10896	43	23	22	32	0.00068626	33515	0.929333	FALSE	ORF1ab:cds-YP_009724389.1	TGT	C	GGT	G	1349
NC_045512.2	4310	T	G	33471	10896	43	23	22	32	0.00068626	33515	0.929333	FALSE	ORF1ab:cds-YP_009725295.1	TGT	C	GGT	G	1349
NC_045512.2	4310	T	C	33471	10896	43	2	2	51	5.96748e-05	33515	0.24969	FALSE	ORF1ab:cds-YP_009724389.1	TGT	C	CGT	R	1349
NC_045512.2	4310	T	C	33471	10896	43	2	2	51	5.96748e-05	33515	0.24969	FALSE	ORF1ab:cds-YP_009725295.1	TGT	C	CGT	R	1349
NC_045512.2	4310	T	A	33471	10896	43	19	19	31	0.00056691	33515	0.981679	FALSE	ORF1ab:cds-YP_009724389.1	TGT	C	AGT	S	1349
NC_045512.2	4310	T	A	33471	10896	43	19	19	31	0.00056691	33515	0.981679	FALSE	ORF1ab:cds-YP_009725295.1	TGT	C	AGT	S	1349
NC_045512.2	4311	G	T	33866	10921	44	26	25	33	0.000766826	33906	0.850965	FALSE	ORF1ab:cds-YP_009724389.1	TGT	C	TTT	F	1349
NC_045512.2	4311	G	T	33866	10921	44	26	25	33	0.000766826	33906	0.850965	FALSE	ORF1ab:cds-YP_009725295.1	TGT	C	TTT	F	1349
NC_045512.2	4311	G	C	33866	10921	44	3	3	34	8.84799e-05	33906	1	FALSE	ORF1ab:cds-YP_009724389.1	TGT	C	TCT	S	1349
NC_045512.2	4311	G	C	33866	10921	44	3	3	34	8.84799e-05	33906	1	FALSE	ORF1ab:cds-YP_009725295.1	TGT	C	TCT	S	1349
NC_045512.2	4311	G	A	33866	10921	44	11	11	32	0.000324426	33906	0.999805	FALSE	ORF1ab:cds-YP_009724389.1	TGT	C	TAT	Y	1349
NC_045512.2	4311	G	A	33866	10921	44	11	11	32	0.000324426	33906	0.999805	FALSE	ORF1ab:cds-YP_009725295.1	TGT	C	TAT	Y	1349
NC_045512.2	4312	T	G	32909	11478	42	33	33	33	0.00100158	32948	0.499755	FALSE	ORF1ab:cds-YP_009724389.1	TGT	C	TGG	W	1349
NC_045512.2	4312	T	G	32909	11478	42	33	33	33	0.00100158	32948	0.499755	FALSE	ORF1ab:cds-YP_009725295.1	TGT	C	TGG	W	1349
NC_045512.2	4312	T	C	32909	11478	42	4	4	30	0.000121403	32948	1	FALSE	ORF1ab:cds-YP_009724389.1	TGT	C	TGC	C	1349
NC_045512.2	4312	T	C	32909	11478	42	4	4	30	0.000121403	32948	1	FALSE	ORF1ab:cds-YP_009725295.1	TGT	C	TGC	C	1349
NC_045512.2	4312	T	A	32909	11478	42	2	2	30	6.07017e-05	32948	1	FALSE	ORF1ab:cds-YP_009724389.1	TGT	C	TGA	*	1349
NC_045512.2	4312	T	A	32909	11478	42	2	2	30	6.07017e-05	32948	1	FALSE	ORF1ab:cds-YP_009725295.1	TGT	C	TGA	*	1349
NC_045512.2	4313	A	T	33403	11798	43	31	31	32	0.000926895	33445	0.64563	FALSE	ORF1ab:cds-YP_009724389.1	AAA	K	TAA	*	1350
NC_045512.2	4313	A	T	33403	11798	43	31	31	32	0.000926895	33445	0.64563	FALSE	ORF1ab:cds-YP_009725295.1	AAA	K	TAA	*	1350
NC_045512.2	4313	A	G	33403	11798	43	7	7	32	0.000209299	33445	0.999996	FALSE	ORF1ab:cds-YP_009724389.1	AAA	K	GAA	E	1350
NC_045512.2	4313	A	G	33403	11798	43	7	7	32	0.000209299	33445	0.999996	FALSE	ORF1ab:cds-YP_009725295.1	AAA	K	GAA	E	1350
NC_045512.2	4313	A	C	33403	11798	43	4	4	30	0.000119599	33445	1	FALSE	ORF1ab:cds-YP_009724389.1	AAA	K	CAA	Q	1350
NC_045512.2	4313	A	C	33403	11798	43	4	4	30	0.000119599	33445	1	FALSE	ORF1ab:cds-YP_009725295.1	AAA	K	CAA	Q	1350
NC_045512.2	4314	A	T	33283	11844	43	9	9	33	0.000270173	33312	0.999966	FALSE	ORF1ab:cds-YP_009724389.1	AAA	K	ATA	I	1350
NC_045512.2	4314	A	T	33283	11844	43	9	9	33	0.000270173	33312	0.999966	FALSE	ORF1ab:cds-YP_009725295.1	AAA	K	ATA	I	1350
NC_045512.2	4314	A	G	33283	11844	43	15	12	34	0.000450288	33312	0.997239	FALSE	ORF1ab:cds-YP_009724389.1	AAA	K	AGA	R	1350
NC_045512.2	4314	A	G	33283	11844	43	15	12	34	0.000450288	33312	0.997239	FALSE	ORF1ab:cds-YP_009725295.1	AAA	K	AGA	R	1350
NC_045512.2	4314	A	C	33283	11844	43	5	5	34	0.000150096	33312	1	FALSE	ORF1ab:cds-YP_009724389.1	AAA	K	ACA	T	1350
NC_045512.2	4314	A	C	33283	11844	43	5	5	34	0.000150096	33312	1	FALSE	ORF1ab:cds-YP_009725295.1	AAA	K	ACA	T	1350
NC_045512.2	4315	A	T	29862	11818	41	13	13	33	0.000435015	29884	0.996043	FALSE	ORF1ab:cds-YP_009724389.1	AAA	K	AAT	N	1350
NC_045512.2	4315	A	T	29862	11818	41	13	13	33	0.000435015	29884	0.996043	FALSE	ORF1ab:cds-YP_009725295.1	AAA	K	AAT	N	1350
NC_045512.2	4315	A	G	29862	11818	41	6	5	34	0.000200776	29884	0.999989	FALSE	ORF1ab:cds-YP_009724389.1	AAA	K	AAG	K	1350
NC_045512.2	4315	A	G	29862	11818	41	6	5	34	0.000200776	29884	0.999989	FALSE	ORF1ab:cds-YP_009725295.1	AAA	K	AAG	K	1350
NC_045512.2	4315	A	C	29862	11818	41	3	3	34	0.000100388	29884	1	FALSE	ORF1ab:cds-YP_009724389.1	AAA	K	AAC	N	1350
NC_045512.2	4315	A	C	29862	11818	41	3	3	34	0.000100388	29884	1	FALSE	ORF1ab:cds-YP_009725295.1	AAA	K	AAC	N	1350
NC_045512.2	4316	A	T	33290	11848	43	5	5	34	0.000150146	33301	1	FALSE	ORF1ab:cds-YP_009724389.1	AGT	S	TGT	C	1351
NC_045512.2	4316	A	T	33290	11848	43	5	5	34	0.000150146	33301	1	FALSE	ORF1ab:cds-YP_009725295.1	AGT	S	TGT	C	1351
NC_045512.2	4316	A	G	33290	11848	43	3	3	34	9.00874e-05	33301	1	FALSE	ORF1ab:cds-YP_009724389.1	AGT	S	GGT	G	1351
NC_045512.2	4316	A	G	33290	11848	43	3	3	34	9.00874e-05	33301	1	FALSE	ORF1ab:cds-YP_009725295.1	AGT	S	GGT	G	1351
NC_045512.2	4316	A	C	33290	11848	43	3	3	28	9.00874e-05	33301	1	FALSE	ORF1ab:cds-YP_009724389.1	AGT	S	CGT	R	1351
NC_045512.2	4316	A	C	33290	11848	43	3	3	28	9.00874e-05	33301	1	FALSE	ORF1ab:cds-YP_009725295.1	AGT	S	CGT	R	1351
NC_045512.2	4317	G	T	33165	11785	43	6	1	30	0.000180625	33218	0.999999	FALSE	ORF1ab:cds-YP_009724389.1	AGT	S	ATT	I	1351
NC_045512.2	4317	G	T	33165	11785	43	6	1	30	0.000180625	33218	0.999999	FALSE	ORF1ab:cds-YP_009725295.1	AGT	S	ATT	I	1351
NC_045512.2	4317	G	C	33165	11785	43	4	3	30	0.000120417	33218	1	FALSE	ORF1ab:cds-YP_009724389.1	AGT	S	ACT	T	1351
NC_045512.2	4317	G	C	33165	11785	43	4	3	30	0.000120417	33218	1	FALSE	ORF1ab:cds-YP_009725295.1	AGT	S	ACT	T	1351
NC_045512.2	4317	G	A	33165	11785	43	43	43	33	0.00129448	33218	0.150521	FALSE	ORF1ab:cds-YP_009724389.1	AGT	S	AAT	N	1351
NC_045512.2	4317	G	A	33165	11785	43	43	43	33	0.00129448	33218	0.150521	FALSE	ORF1ab:cds-YP_009725295.1	AGT	S	AAT	N	1351
NC_045512.2	4318	T	G	32313	11377	43	28	28	33	0.000865292	32359	0.739956	FALSE	ORF1ab:cds-YP_009724389.1	AGT	S	AGG	R	1351
NC_045512.2	4318	T	G	32313	11377	43	28	28	33	0.000865292	32359	0.739956	FALSE	ORF1ab:cds-YP_009725295.1	AGT	S	AGG	R	1351
NC_045512.2	4318	T	C	32313	11377	43	2	2	36	6.18066e-05	32359	1	FALSE	ORF1ab:cds-YP_009724389.1	AGT	S	AGC	S	1351
NC_045512.2	4318	T	C	32313	11377	43	2	2	36	6.18066e-05	32359	1	FALSE	ORF1ab:cds-YP_009725295.1	AGT	S	AGC	S	1351
NC_045512.2	4318	T	A	32313	11377	43	16	16	33	0.000494453	32359	0.993318	FALSE	ORF1ab:cds-YP_009724389.1	AGT	S	AGA	R	1351
NC_045512.2	4318	T	A	32313	11377	43	16	16	33	0.000494453	32359	0.993318	FALSE	ORF1ab:cds-YP_009725295.1	AGT	S	AGA	R	1351
NC_045512.2	4319	G	T	32171	11214	43	28	28	32	0.000869133	32216	0.739993	FALSE	ORF1ab:cds-YP_009724389.1	GCC	A	TCC	S	1352
NC_045512.2	4319	G	T	32171	11214	43	28	28	32	0.000869133	32216	0.739993	FALSE	ORF1ab:cds-YP_009725295.1	GCC	A	TCC	S	1352
NC_045512.2	4319	G	C	32171	11214	43	6	5	30	0.000186243	32216	0.999998	FALSE	ORF1ab:cds-YP_009724389.1	GCC	A	CCC	P	1352
NC_045512.2	4319	G	C	32171	11214	43	6	5	30	0.000186243	32216	0.999998	FALSE	ORF1ab:cds-YP_009725295.1	GCC	A	CCC	P	1352
NC_045512.2	4319	G	A	32171	11214	43	11	11	33	0.000341445	32216	0.999694	FALSE	ORF1ab:cds-YP_009724389.1	GCC	A	ACC	T	1352
NC_045512.2	4319	G	A	32171	11214	43	11	11	33	0.000341445	32216	0.999694	FALSE	ORF1ab:cds-YP_009725295.1	GCC	A	ACC	T	1352
NC_045512.2	4320	C	T	31843	11388	43	8	7	33	0.000250902	31885	0.999965	FALSE	ORF1ab:cds-YP_009724389.1	GCC	A	GTC	V	1352
NC_045512.2	4320	C	T	31843	11388	43	8	7	33	0.000250902	31885	0.999965	FALSE	ORF1ab:cds-YP_009725295.1	GCC	A	GTC	V	1352
NC_045512.2	4320	C	G	31843	11388	43	30	30	32	0.000940881	31885	0.600449	FALSE	ORF1ab:cds-YP_009724389.1	GCC	A	GGC	G	1352
NC_045512.2	4320	C	G	31843	11388	43	30	30	32	0.000940881	31885	0.600449	FALSE	ORF1ab:cds-YP_009725295.1	GCC	A	GGC	G	1352
NC_045512.2	4320	C	A	31843	11388	43	4	4	34	0.000125451	31885	1	FALSE	ORF1ab:cds-YP_009724389.1	GCC	A	GAC	D	1352
NC_045512.2	4320	C	A	31843	11388	43	4	4	34	0.000125451	31885	1	FALSE	ORF1ab:cds-YP_009725295.1	GCC	A	GAC	D	1352
NC_045512.2	4321	C	T	32325	11514	43	10	10	33	0.000309186	32343	0.999864	FALSE	ORF1ab:cds-YP_009724389.1	GCC	A	GCT	A	1352
NC_045512.2	4321	C	T	32325	11514	43	10	10	33	0.000309186	32343	0.999864	FALSE	ORF1ab:cds-YP_009725295.1	GCC	A	GCT	A	1352
NC_045512.2	4321	C	G	32325	11514	43	7	7	34	0.00021643	32343	0.999993	FALSE	ORF1ab:cds-YP_009724389.1	GCC	A	GCG	A	1352
NC_045512.2	4321	C	G	32325	11514	43	7	7	34	0.00021643	32343	0.999993	FALSE	ORF1ab:cds-YP_009725295.1	GCC	A	GCG	A	1352
NC_045512.2	4321	C	A	32325	11514	43	1	1	26	3.09186e-05	32343	1	FALSE	ORF1ab:cds-YP_009724389.1	GCC	A	GCA	A	1352
NC_045512.2	4321	C	A	32325	11514	43	1	1	26	3.09186e-05	32343	1	FALSE	ORF1ab:cds-YP_009725295.1	GCC	A	GCA	A	1352
NC_045512.2	4321	C	-T	32325	11514	43	1	0	20	3.09186e-05	32343	1	FALSE	NA	NA	NA	NA	NA	NA
NC_045512.2	4322	T	G	32665	12973	45	11	11	34	0.000336258	32713	0.999694	FALSE	ORF1ab:cds-YP_009724389.1	TTT	F	GTT	V	1353
NC_045512.2	4322	T	G	32665	12973	45	11	11	34	0.000336258	32713	0.999694	FALSE	ORF1ab:cds-YP_009725295.1	TTT	F	GTT	V	1353
NC_045512.2	4322	T	C	32665	12973	45	34	32	32	0.00103934	32713	0.450363	FALSE	ORF1ab:cds-YP_009724389.1	TTT	F	CTT	L	1353
NC_045512.2	4322	T	C	32665	12973	45	34	32	32	0.00103934	32713	0.450363	FALSE	ORF1ab:cds-YP_009725295.1	TTT	F	CTT	L	1353
NC_045512.2	4322	T	A	32665	12973	45	3	2	34	9.17067e-05	32713	1	FALSE	ORF1ab:cds-YP_009724389.1	TTT	F	ATT	I	1353
NC_045512.2	4322	T	A	32665	12973	45	3	2	34	9.17067e-05	32713	1	FALSE	ORF1ab:cds-YP_009725295.1	TTT	F	ATT	I	1353
NC_045512.2	4323	T	G	31290	11764	44	5	4	30	0.000159678	31313	0.999999	FALSE	ORF1ab:cds-YP_009724389.1	TTT	F	TGT	C	1353
NC_045512.2	4323	T	G	31290	11764	44	5	4	30	0.000159678	31313	0.999999	FALSE	ORF1ab:cds-YP_009725295.1	TTT	F	TGT	C	1353
NC_045512.2	4323	T	C	31290	11764	44	17	17	32	0.000542906	31313	0.985358	FALSE	ORF1ab:cds-YP_009724389.1	TTT	F	TCT	S	1353
NC_045512.2	4323	T	C	31290	11764	44	17	17	32	0.000542906	31313	0.985358	FALSE	ORF1ab:cds-YP_009725295.1	TTT	F	TCT	S	1353
NC_045512.2	4323	T	A	31290	11764	44	1	1	34	3.19356e-05	31313	1	FALSE	ORF1ab:cds-YP_009724389.1	TTT	F	TAT	Y	1353
NC_045512.2	4323	T	A	31290	11764	44	1	1	34	3.19356e-05	31313	1	FALSE	ORF1ab:cds-YP_009725295.1	TTT	F	TAT	Y	1353
NC_045512.2	4324	T	G	32914	13646	46	6	6	32	0.000182183	32934	0.999998	FALSE	ORF1ab:cds-YP_009724389.1	TTT	F	TTG	L	1353
NC_045512.2	4324	T	G	32914	13646	46	6	6	32	0.000182183	32934	0.999998	FALSE	ORF1ab:cds-YP_009725295.1	TTT	F	TTG	L	1353
NC_045512.2	4324	T	C	32914	13646	46	10	10	30	0.000303638	32934	0.999864	FALSE	ORF1ab:cds-YP_009724389.1	TTT	F	TTC	F	1353
NC_045512.2	4324	T	C	32914	13646	46	10	10	30	0.000303638	32934	0.999864	FALSE	ORF1ab:cds-YP_009725295.1	TTT	F	TTC	F	1353
NC_045512.2	4324	T	A	32914	13646	46	4	3	28	0.000121455	32934	1	FALSE	ORF1ab:cds-YP_009724389.1	TTT	F	TTA	L	1353
NC_045512.2	4324	T	A	32914	13646	46	4	3	28	0.000121455	32934	1	FALSE	ORF1ab:cds-YP_009725295.1	TTT	F	TTA	L	1353
NC_045512.2	4325	T	G	33041	13856	46	5	3	34	0.000151277	33052	1	FALSE	ORF1ab:cds-YP_009724389.1	TAC	Y	GAC	D	1354
NC_045512.2	4325	T	G	33041	13856	46	5	3	34	0.000151277	33052	1	FALSE	ORF1ab:cds-YP_009725295.1	TAC	Y	GAC	D	1354
NC_045512.2	4325	T	C	33041	13856	46	6	3	32	0.000181532	33052	0.999999	FALSE	ORF1ab:cds-YP_009724389.1	TAC	Y	CAC	H	1354
NC_045512.2	4325	T	C	33041	13856	46	6	3	32	0.000181532	33052	0.999999	FALSE	ORF1ab:cds-YP_009725295.1	TAC	Y	CAC	H	1354
NC_045512.2	4326	A	T	39395	16364	45	42	42	32	0.00106472	39447	0.411711	FALSE	ORF1ab:cds-YP_009724389.1	TAC	Y	TTC	F	1354
NC_045512.2	4326	A	T	39395	16364	45	42	42	32	0.00106472	39447	0.411711	FALSE	ORF1ab:cds-YP_009725295.1	TAC	Y	TTC	F	1354
NC_045512.2	4326	A	G	39395	16364	45	5	3	40	0.000126752	39447	0.362636	FALSE	ORF1ab:cds-YP_009724389.1	TAC	Y	TGC	C	1354
NC_045512.2	4326	A	G	39395	16364	45	5	3	40	0.000126752	39447	0.362636	FALSE	ORF1ab:cds-YP_009725295.1	TAC	Y	TGC	C	1354
NC_045512.2	4326	A	C	39395	16364	45	5	5	31	0.000126752	39447	1	FALSE	ORF1ab:cds-YP_009724389.1	TAC	Y	TCC	S	1354
NC_045512.2	4326	A	C	39395	16364	45	5	5	31	0.000126752	39447	1	FALSE	ORF1ab:cds-YP_009725295.1	TAC	Y	TCC	S	1354
NC_045512.2	4327	C	T	39654	16881	46	21	20	33	0.000528847	39709	0.993212	FALSE	ORF1ab:cds-YP_009724389.1	TAC	Y	TAT	Y	1354
NC_045512.2	4327	C	T	39654	16881	46	21	20	33	0.000528847	39709	0.993212	FALSE	ORF1ab:cds-YP_009725295.1	TAC	Y	TAT	Y	1354
NC_045512.2	4327	C	G	39654	16881	46	4	1	30	0.000100733	39709	1	FALSE	ORF1ab:cds-YP_009724389.1	TAC	Y	TAG	*	1354
NC_045512.2	4327	C	G	39654	16881	46	4	1	30	0.000100733	39709	1	FALSE	ORF1ab:cds-YP_009725295.1	TAC	Y	TAG	*	1354
NC_045512.2	4327	C	A	39654	16881	46	30	30	32	0.000755496	39709	0.885415	FALSE	ORF1ab:cds-YP_009724389.1	TAC	Y	TAA	*	1354
NC_045512.2	4327	C	A	39654	16881	46	30	30	32	0.000755496	39709	0.885415	FALSE	ORF1ab:cds-YP_009725295.1	TAC	Y	TAA	*	1354
NC_045512.2	4328	A	T	39233	16632	46	11	11	32	0.000280055	39278	0.999988	FALSE	ORF1ab:cds-YP_009724389.1	ATT	I	TTT	F	1355
NC_045512.2	4328	A	T	39233	16632	46	11	11	32	0.000280055	39278	0.999988	FALSE	ORF1ab:cds-YP_009725295.1	ATT	I	TTT	F	1355
NC_045512.2	4328	A	G	39233	16632	46	6	5	32	0.000152757	39278	1	FALSE	ORF1ab:cds-YP_009724389.1	ATT	I	GTT	V	1355
NC_045512.2	4328	A	G	39233	16632	46	6	5	32	0.000152757	39278	1	FALSE	ORF1ab:cds-YP_009725295.1	ATT	I	GTT	V	1355
NC_045512.2	4328	A	C	39233	16632	46	28	28	32	0.000712867	39278	0.928822	FALSE	ORF1ab:cds-YP_009724389.1	ATT	I	CTT	L	1355
NC_045512.2	4328	A	C	39233	16632	46	28	28	32	0.000712867	39278	0.928822	FALSE	ORF1ab:cds-YP_009725295.1	ATT	I	CTT	L	1355
NC_045512.2	4329	T	G	39737	16819	46	7	6	34	0.00017591	39793	1	FALSE	ORF1ab:cds-YP_009724389.1	ATT	I	AGT	S	1355
NC_045512.2	4329	T	G	39737	16819	46	7	6	34	0.00017591	39793	1	FALSE	ORF1ab:cds-YP_009725295.1	ATT	I	AGT	S	1355
NC_045512.2	4329	T	C	39737	16819	46	11	9	33	0.000276431	39793	0.999988	FALSE	ORF1ab:cds-YP_009724389.1	ATT	I	ACT	T	1355
NC_045512.2	4329	T	C	39737	16819	46	11	9	33	0.000276431	39793	0.999988	FALSE	ORF1ab:cds-YP_009725295.1	ATT	I	ACT	T	1355
NC_045512.2	4329	T	A	39737	16819	46	38	38	33	0.000954942	39793	0.589365	FALSE	ORF1ab:cds-YP_009724389.1	ATT	I	AAT	N	1355
NC_045512.2	4329	T	A	39737	16819	46	38	38	33	0.000954942	39793	0.589365	FALSE	ORF1ab:cds-YP_009725295.1	ATT	I	AAT	N	1355
NC_045512.2	4330	T	G	39340	16493	46	6	6	34	0.000152396	39371	1	FALSE	ORF1ab:cds-YP_009724389.1	ATT	I	ATG	M	1355
NC_045512.2	4330	T	G	39340	16493	46	6	6	34	0.000152396	39371	1	FALSE	ORF1ab:cds-YP_009725295.1	ATT	I	ATG	M	1355
NC_045512.2	4330	T	C	39340	16493	46	14	12	35	0.000355592	39371	0.999866	FALSE	ORF1ab:cds-YP_009724389.1	ATT	I	ATC	I	1355
NC_045512.2	4330	T	C	39340	16493	46	14	12	35	0.000355592	39371	0.999866	FALSE	ORF1ab:cds-YP_009725295.1	ATT	I	ATC	I	1355
NC_045512.2	4330	T	A	39340	16493	46	11	10	32	0.000279393	39371	0.999988	FALSE	ORF1ab:cds-YP_009724389.1	ATT	I	ATA	I	1355
NC_045512.2	4330	T	A	39340	16493	46	11	10	32	0.000279393	39371	0.999988	FALSE	ORF1ab:cds-YP_009725295.1	ATT	I	ATA	I	1355
NC_045512.2	4331	C	T	39752	16643	46	37	37	32	0.000929531	39805	0.633937	FALSE	ORF1ab:cds-YP_009724389.1	CTA	L	TTA	L	1356
NC_045512.2	4331	C	T	39752	16643	46	37	37	32	0.000929531	39805	0.633937	FALSE	ORF1ab:cds-YP_009725295.1	CTA	L	TTA	L	1356
NC_045512.2	4331	C	G	39752	16643	46	5	5	30	0.000125612	39805	1	FALSE	ORF1ab:cds-YP_009724389.1	CTA	L	GTA	V	1356
NC_045512.2	4331	C	G	39752	16643	46	5	5	30	0.000125612	39805	1	FALSE	ORF1ab:cds-YP_009725295.1	CTA	L	GTA	V	1356
NC_045512.2	4331	C	A	39752	16643	46	11	10	35	0.000276347	39805	0.999988	FALSE	ORF1ab:cds-YP_009724389.1	CTA	L	ATA	I	1356
NC_045512.2	4331	C	A	39752	16643	46	11	10	35	0.000276347	39805	0.999988	FALSE	ORF1ab:cds-YP_009725295.1	CTA	L	ATA	I	1356
NC_045512.2	4332	T	G	40032	17240	47	4	3	30	9.98378e-05	40065	1	FALSE	ORF1ab:cds-YP_009724389.1	CTA	L	CGA	R	1356
NC_045512.2	4332	T	G	40032	17240	47	4	3	30	9.98378e-05	40065	1	FALSE	ORF1ab:cds-YP_009725295.1	CTA	L	CGA	R	1356
NC_045512.2	4332	T	C	40032	17240	47	25	24	32	0.000623986	40065	0.976829	FALSE	ORF1ab:cds-YP_009724389.1	CTA	L	CCA	P	1356
NC_045512.2	4332	T	C	40032	17240	47	25	24	32	0.000623986	40065	0.976829	FALSE	ORF1ab:cds-YP_009725295.1	CTA	L	CCA	P	1356
NC_045512.2	4332	T	A	40032	17240	47	4	4	34	9.98378e-05	40065	1	FALSE	ORF1ab:cds-YP_009724389.1	CTA	L	CAA	Q	1356
NC_045512.2	4332	T	A	40032	17240	47	4	4	34	9.98378e-05	40065	1	FALSE	ORF1ab:cds-YP_009725295.1	CTA	L	CAA	Q	1356
NC_045512.2	4333	A	T	40275	17248	47	43	43	33	0.0010661	40334	0.412496	FALSE	ORF1ab:cds-YP_009724389.1	CTA	L	CTT	L	1356
NC_045512.2	4333	A	T	40275	17248	47	43	43	33	0.0010661	40334	0.412496	FALSE	ORF1ab:cds-YP_009725295.1	CTA	L	CTT	L	1356
NC_045512.2	4333	A	G	40275	17248	47	8	7	36	0.000198344	40334	1	FALSE	ORF1ab:cds-YP_009724389.1	CTA	L	CTG	L	1356
NC_045512.2	4333	A	G	40275	17248	47	8	7	36	0.000198344	40334	1	FALSE	ORF1ab:cds-YP_009725295.1	CTA	L	CTG	L	1356
NC_045512.2	4333	A	C	40275	17248	47	8	8	34	0.000198344	40334	1	FALSE	ORF1ab:cds-YP_009724389.1	CTA	L	CTC	L	1356
NC_045512.2	4333	A	C	40275	17248	47	8	8	34	0.000198344	40334	1	FALSE	ORF1ab:cds-YP_009725295.1	CTA	L	CTC	L	1356
NC_045512.2	4334	C	T	40153	17200	47	10	10	34	0.000248738	40203	0.999997	FALSE	ORF1ab:cds-YP_009724389.1	CCA	P	TCA	S	1357
NC_045512.2	4334	C	T	40153	17200	47	10	10	34	0.000248738	40203	0.999997	FALSE	ORF1ab:cds-YP_009725295.1	CCA	P	TCA	S	1357
NC_045512.2	4334	C	G	40153	17200	47	4	3	34	9.94951e-05	40203	1	FALSE	ORF1ab:cds-YP_009724389.1	CCA	P	GCA	A	1357
NC_045512.2	4334	C	G	40153	17200	47	4	3	34	9.94951e-05	40203	1	FALSE	ORF1ab:cds-YP_009725295.1	CCA	P	GCA	A	1357
NC_045512.2	4334	C	A	40153	17200	47	36	36	33	0.000895456	40203	0.716326	FALSE	ORF1ab:cds-YP_009724389.1	CCA	P	ACA	T	1357
NC_045512.2	4334	C	A	40153	17200	47	36	36	33	0.000895456	40203	0.716326	FALSE	ORF1ab:cds-YP_009725295.1	CCA	P	ACA	T	1357
NC_045512.2	4335	C	T	39253	16902	46	11	11	33	0.000280034	39281	0.999988	FALSE	ORF1ab:cds-YP_009724389.1	CCA	P	CTA	L	1357
NC_045512.2	4335	C	T	39253	16902	46	11	11	33	0.000280034	39281	0.999988	FALSE	ORF1ab:cds-YP_009725295.1	CCA	P	CTA	L	1357
NC_045512.2	4335	C	G	39253	16902	46	6	6	34	0.000152746	39281	1	FALSE	ORF1ab:cds-YP_009724389.1	CCA	P	CGA	R	1357
NC_045512.2	4335	C	G	39253	16902	46	6	6	34	0.000152746	39281	1	FALSE	ORF1ab:cds-YP_009725295.1	CCA	P	CGA	R	1357
NC_045512.2	4335	C	A	39253	16902	46	11	9	32	0.000280034	39281	0.999988	FALSE	ORF1ab:cds-YP_009724389.1	CCA	P	CAA	Q	1357
NC_045512.2	4335	C	A	39253	16902	46	11	9	32	0.000280034	39281	0.999988	FALSE	ORF1ab:cds-YP_009725295.1	CCA	P	CAA	Q	1357
NC_045512.2	4336	A	T	40041	16967	47	4	3	32	9.97929e-05	40083	1	FALSE	ORF1ab:cds-YP_009724389.1	CCA	P	CCT	P	1357
NC_045512.2	4336	A	T	40041	16967	47	4	3	32	9.97929e-05	40083	1	FALSE	ORF1ab:cds-YP_009725295.1	CCA	P	CCT	P	1357
NC_045512.2	4336	A	G	40041	16967	47	7	3	35	0.000174638	40083	1	FALSE	ORF1ab:cds-YP_009724389.1	CCA	P	CCG	P	1357
NC_045512.2	4336	A	G	40041	16967	47	7	3	35	0.000174638	40083	1	FALSE	ORF1ab:cds-YP_009725295.1	CCA	P	CCG	P	1357
NC_045512.2	4336	A	C	40041	16967	47	31	31	32	0.000773395	40083	0.882347	FALSE	ORF1ab:cds-YP_009724389.1	CCA	P	CCC	P	1357
NC_045512.2	4336	A	C	40041	16967	47	31	31	32	0.000773395	40083	0.882347	FALSE	ORF1ab:cds-YP_009725295.1	CCA	P	CCC	P	1357
NC_045512.2	4337	T	G	40674	17170	47	5	4	31	0.000122775	40725	1	FALSE	ORF1ab:cds-YP_009724389.1	TCT	S	GCT	A	1358
NC_045512.2	4337	T	G	40674	17170	47	5	4	31	0.000122775	40725	1	FALSE	ORF1ab:cds-YP_009725295.1	TCT	S	GCT	A	1358
NC_045512.2	4337	T	C	40674	17170	47	19	19	32	0.000466544	40725	0.998092	FALSE	ORF1ab:cds-YP_009724389.1	TCT	S	CCT	P	1358
NC_045512.2	4337	T	C	40674	17170	47	19	19	32	0.000466544	40725	0.998092	FALSE	ORF1ab:cds-YP_009725295.1	TCT	S	CCT	P	1358
NC_045512.2	4337	T	A	40674	17170	47	27	27	33	0.000662983	40725	0.956634	FALSE	ORF1ab:cds-YP_009724389.1	TCT	S	ACT	T	1358
NC_045512.2	4337	T	A	40674	17170	47	27	27	33	0.000662983	40725	0.956634	FALSE	ORF1ab:cds-YP_009725295.1	TCT	S	ACT	T	1358
NC_045512.2	4338	C	T	42658	18651	48	31	30	36	0.000725825	42710	0.919936	FALSE	ORF1ab:cds-YP_009724389.1	TCT	S	TTT	F	1358
NC_045512.2	4338	C	T	42658	18651	48	31	30	36	0.000725825	42710	0.919936	FALSE	ORF1ab:cds-YP_009725295.1	TCT	S	TTT	F	1358
NC_045512.2	4338	C	G	42658	18651	48	7	6	31	0.000163896	42710	1	FALSE	ORF1ab:cds-YP_009724389.1	TCT	S	TGT	C	1358
NC_045512.2	4338	C	G	42658	18651	48	7	6	31	0.000163896	42710	1	FALSE	ORF1ab:cds-YP_009725295.1	TCT	S	TGT	C	1358
NC_045512.2	4338	C	A	42658	18651	48	14	13	31	0.000327792	42710	0.999963	FALSE	ORF1ab:cds-YP_009724389.1	TCT	S	TAT	Y	1358
NC_045512.2	4338	C	A	42658	18651	48	14	13	31	0.000327792	42710	0.999963	FALSE	ORF1ab:cds-YP_009725295.1	TCT	S	TAT	Y	1358
NC_045512.2	4339	T	G	42673	18762	48	6	6	32	0.00014043	42726	1	FALSE	ORF1ab:cds-YP_009724389.1	TCT	S	TCG	S	1358
NC_045512.2	4339	T	G	42673	18762	48	6	6	32	0.00014043	42726	1	FALSE	ORF1ab:cds-YP_009725295.1	TCT	S	TCG	S	1358
NC_045512.2	4339	T	C	42673	18762	48	32	30	35	0.000748958	42726	0.899403	FALSE	ORF1ab:cds-YP_009724389.1	TCT	S	TCC	S	1358
NC_045512.2	4339	T	C	42673	18762	48	32	30	35	0.000748958	42726	0.899403	FALSE	ORF1ab:cds-YP_009725295.1	TCT	S	TCC	S	1358
NC_045512.2	4339	T	A	42673	18762	48	15	15	32	0.000351074	42726	0.999922	FALSE	ORF1ab:cds-YP_009724389.1	TCT	S	TCA	S	1358
NC_045512.2	4339	T	A	42673	18762	48	15	15	32	0.000351074	42726	0.999922	FALSE	ORF1ab:cds-YP_009725295.1	TCT	S	TCA	S	1358
NC_045512.2	4340	A	T	42598	18577	48	38	38	32	0.000890952	42651	0.711372	FALSE	ORF1ab:cds-YP_009724389.1	ATT	I	TTT	F	1359
NC_045512.2	4340	A	T	42598	18577	48	38	38	32	0.000890952	42651	0.711372	FALSE	ORF1ab:cds-YP_009725295.1	ATT	I	TTT	F	1359
NC_045512.2	4340	A	G	42598	18577	48	6	3	30	0.000140677	42651	1	FALSE	ORF1ab:cds-YP_009724389.1	ATT	I	GTT	V	1359
NC_045512.2	4340	A	G	42598	18577	48	6	3	30	0.000140677	42651	1	FALSE	ORF1ab:cds-YP_009725295.1	ATT	I	GTT	V	1359
NC_045512.2	4340	A	C	42598	18577	48	9	9	33	0.000211015	42651	1	FALSE	ORF1ab:cds-YP_009724389.1	ATT	I	CTT	L	1359
NC_045512.2	4340	A	C	42598	18577	48	9	9	33	0.000211015	42651	1	FALSE	ORF1ab:cds-YP_009725295.1	ATT	I	CTT	L	1359
NC_045512.2	4341	T	G	42652	18615	49	3	3	34	7.02609e-05	42698	1	FALSE	ORF1ab:cds-YP_009724389.1	ATT	I	AGT	S	1359
NC_045512.2	4341	T	G	42652	18615	49	3	3	34	7.02609e-05	42698	1	FALSE	ORF1ab:cds-YP_009725295.1	ATT	I	AGT	S	1359
NC_045512.2	4341	T	C	42652	18615	49	10	9	36	0.000234203	42698	0.999999	FALSE	ORF1ab:cds-YP_009724389.1	ATT	I	ACT	T	1359
NC_045512.2	4341	T	C	42652	18615	49	10	9	36	0.000234203	42698	0.999999	FALSE	ORF1ab:cds-YP_009725295.1	ATT	I	ACT	T	1359
NC_045512.2	4341	T	A	42652	18615	49	33	32	32	0.00077287	42698	0.875831	FALSE	ORF1ab:cds-YP_009724389.1	ATT	I	AAT	N	1359
NC_045512.2	4341	T	A	42652	18615	49	33	32	32	0.00077287	42698	0.875831	FALSE	ORF1ab:cds-YP_009725295.1	ATT	I	AAT	N	1359
NC_045512.2	4342	T	G	41977	18565	48	5	5	34	0.000119048	42000	1	FALSE	ORF1ab:cds-YP_009724389.1	ATT	I	ATG	M	1359
NC_045512.2	4342	T	G	41977	18565	48	5	5	34	0.000119048	42000	1	FALSE	ORF1ab:cds-YP_009725295.1	ATT	I	ATG	M	1359
NC_045512.2	4342	T	C	41977	18565	48	6	6	33	0.000142857	42000	1	FALSE	ORF1ab:cds-YP_009724389.1	ATT	I	ATC	I	1359
NC_045512.2	4342	T	C	41977	18565	48	6	6	33	0.000142857	42000	1	FALSE	ORF1ab:cds-YP_009725295.1	ATT	I	ATC	I	1359
NC_045512.2	4342	T	A	41977	18565	48	12	11	33	0.000285714	42000	0.999993	FALSE	ORF1ab:cds-YP_009724389.1	ATT	I	ATA	I	1359
NC_045512.2	4342	T	A	41977	18565	48	12	11	33	0.000285714	42000	0.999993	FALSE	ORF1ab:cds-YP_009725295.1	ATT	I	ATA	I	1359
NC_045512.2	4343	A	T	41938	18625	48	34	33	33	0.000809832	41984	0.821962	FALSE	ORF1ab:cds-YP_009724389.1	ATC	I	TTC	F	1360
NC_045512.2	4343	A	T	41938	18625	48	34	33	33	0.000809832	41984	0.821962	FALSE	ORF1ab:cds-YP_009725295.1	ATC	I	TTC	F	1360
NC_045512.2	4343	A	G	41938	18625	48	6	5	34	0.000142912	41984	1	FALSE	ORF1ab:cds-YP_009724389.1	ATC	I	GTC	V	1360
NC_045512.2	4343	A	G	41938	18625	48	6	5	34	0.000142912	41984	1	FALSE	ORF1ab:cds-YP_009725295.1	ATC	I	GTC	V	1360
NC_045512.2	4343	A	C	41938	18625	48	6	4	31	0.000142912	41984	1	FALSE	ORF1ab:cds-YP_009724389.1	ATC	I	CTC	L	1360
NC_045512.2	4343	A	C	41938	18625	48	6	4	31	0.000142912	41984	1	FALSE	ORF1ab:cds-YP_009725295.1	ATC	I	CTC	L	1360
NC_045512.2	4344	T	G	42223	18468	46	3	3	34	7.09807e-05	42265	1	FALSE	ORF1ab:cds-YP_009724389.1	ATC	I	AGC	S	1360
NC_045512.2	4344	T	G	42223	18468	46	3	3	34	7.09807e-05	42265	1	FALSE	ORF1ab:cds-YP_009725295.1	ATC	I	AGC	S	1360
NC_045512.2	4344	T	C	42223	18468	46	4	4	30	9.4641e-05	42265	1	FALSE	ORF1ab:cds-YP_009724389.1	ATC	I	ACC	T	1360
NC_045512.2	4344	T	C	42223	18468	46	4	4	30	9.4641e-05	42265	1	FALSE	ORF1ab:cds-YP_009725295.1	ATC	I	ACC	T	1360
NC_045512.2	4344	T	A	42223	18468	46	35	35	32	0.000828108	42265	0.818929	FALSE	ORF1ab:cds-YP_009724389.1	ATC	I	AAC	N	1360
NC_045512.2	4344	T	A	42223	18468	46	35	35	32	0.000828108	42265	0.818929	FALSE	ORF1ab:cds-YP_009725295.1	ATC	I	AAC	N	1360
NC_045512.2	4345	C	T	43286	19250	48	28	28	34	0.000646218	43329	0.971555	FALSE	ORF1ab:cds-YP_009724389.1	ATC	I	ATT	I	1360
NC_045512.2	4345	C	T	43286	19250	48	28	28	34	0.000646218	43329	0.971555	FALSE	ORF1ab:cds-YP_009725295.1	ATC	I	ATT	I	1360
NC_045512.2	4345	C	G	43286	19250	48	3	3	31	6.92377e-05	43329	1	FALSE	ORF1ab:cds-YP_009724389.1	ATC	I	ATG	M	1360
NC_045512.2	4345	C	G	43286	19250	48	3	3	31	6.92377e-05	43329	1	FALSE	ORF1ab:cds-YP_009725295.1	ATC	I	ATG	M	1360
NC_045512.2	4345	C	A	43286	19250	48	12	11	32	0.000276951	43329	0.999996	FALSE	ORF1ab:cds-YP_009724389.1	ATC	I	ATA	I	1360
NC_045512.2	4345	C	A	43286	19250	48	12	11	32	0.000276951	43329	0.999996	FALSE	ORF1ab:cds-YP_009725295.1	ATC	I	ATA	I	1360
NC_045512.2	4346	T	G	42298	18308	47	8	8	34	0.000188898	42351	1	FALSE	ORF1ab:cds-YP_009724389.1	TCT	S	GCT	A	1361
NC_045512.2	4346	T	G	42298	18308	47	8	8	34	0.000188898	42351	1	FALSE	ORF1ab:cds-YP_009725295.1	TCT	S	GCT	A	1361
NC_045512.2	4346	T	C	42298	18308	47	30	29	34	0.000708366	42351	0.93735	FALSE	ORF1ab:cds-YP_009724389.1	TCT	S	CCT	P	1361
NC_045512.2	4346	T	C	42298	18308	47	30	29	34	0.000708366	42351	0.93735	FALSE	ORF1ab:cds-YP_009725295.1	TCT	S	CCT	P	1361
NC_045512.2	4346	T	A	42298	18308	47	15	15	31	0.000354183	42351	0.999922	FALSE	ORF1ab:cds-YP_009724389.1	TCT	S	ACT	T	1361
NC_045512.2	4346	T	A	42298	18308	47	15	15	31	0.000354183	42351	0.999922	FALSE	ORF1ab:cds-YP_009725295.1	TCT	S	ACT	T	1361
NC_045512.2	4347	C	T	42063	17954	48	34	34	33	0.000807486	42106	0.848979	FALSE	ORF1ab:cds-YP_009724389.1	TCT	S	TTT	F	1361
NC_045512.2	4347	C	T	42063	17954	48	34	34	33	0.000807486	42106	0.848979	FALSE	ORF1ab:cds-YP_009725295.1	TCT	S	TTT	F	1361
NC_045512.2	4347	C	G	42063	17954	48	6	5	31	0.000142498	42106	1	FALSE	ORF1ab:cds-YP_009724389.1	TCT	S	TGT	C	1361
NC_045512.2	4347	C	G	42063	17954	48	6	5	31	0.000142498	42106	1	FALSE	ORF1ab:cds-YP_009725295.1	TCT	S	TGT	C	1361
NC_045512.2	4347	C	A	42063	17954	48	3	3	31	7.12488e-05	42106	1	FALSE	ORF1ab:cds-YP_009724389.1	TCT	S	TAT	Y	1361
NC_045512.2	4347	C	A	42063	17954	48	3	3	31	7.12488e-05	42106	1	FALSE	ORF1ab:cds-YP_009725295.1	TCT	S	TAT	Y	1361
NC_045512.2	4348	T	G	41237	17045	47	3	2	29	7.26674e-05	41284	1	FALSE	ORF1ab:cds-YP_009724389.1	TCT	S	TCG	S	1361
NC_045512.2	4348	T	G	41237	17045	47	3	2	29	7.26674e-05	41284	1	FALSE	ORF1ab:cds-YP_009725295.1	TCT	S	TCG	S	1361
NC_045512.2	4348	T	C	41237	17045	47	38	37	31	0.000920453	41284	0.673284	FALSE	ORF1ab:cds-YP_009724389.1	TCT	S	TCC	S	1361
NC_045512.2	4348	T	C	41237	17045	47	38	37	31	0.000920453	41284	0.673284	FALSE	ORF1ab:cds-YP_009725295.1	TCT	S	TCC	S	1361
NC_045512.2	4348	T	A	41237	17045	47	6	6	31	0.000145335	41284	1	FALSE	ORF1ab:cds-YP_009724389.1	TCT	S	TCA	S	1361
NC_045512.2	4348	T	A	41237	17045	47	6	6	31	0.000145335	41284	1	FALSE	ORF1ab:cds-YP_009725295.1	TCT	S	TCA	S	1361
NC_045512.2	4349	A	T	41934	17720	48	25	25	33	0.000595635	41972	0.982194	FALSE	ORF1ab:cds-YP_009724389.1	AAT	N	TAT	Y	1362
NC_045512.2	4349	A	T	41934	17720	48	25	25	33	0.000595635	41972	0.982194	FALSE	ORF1ab:cds-YP_009725295.1	AAT	N	TAT	Y	1362
NC_045512.2	4349	A	G	41934	17720	48	6	5	38	0.000142952	41972	1	FALSE	ORF1ab:cds-YP_009724389.1	AAT	N	GAT	D	1362
NC_045512.2	4349	A	G	41934	17720	48	6	5	38	0.000142952	41972	1	FALSE	ORF1ab:cds-YP_009725295.1	AAT	N	GAT	D	1362
NC_045512.2	4349	A	C	41934	17720	48	7	6	31	0.000166778	41972	1	FALSE	ORF1ab:cds-YP_009724389.1	AAT	N	CAT	H	1362
NC_045512.2	4349	A	C	41934	17720	48	7	6	31	0.000166778	41972	1	FALSE	ORF1ab:cds-YP_009725295.1	AAT	N	CAT	H	1362
NC_045512.2	4350	A	T	40089	17560	47	11	11	32	0.000274212	40115	0.999993	FALSE	ORF1ab:cds-YP_009724389.1	AAT	N	ATT	I	1362
NC_045512.2	4350	A	T	40089	17560	47	11	11	32	0.000274212	40115	0.999993	FALSE	ORF1ab:cds-YP_009725295.1	AAT	N	ATT	I	1362
NC_045512.2	4350	A	G	40089	17560	47	5	4	40	0.000124642	40115	0.499693	FALSE	ORF1ab:cds-YP_009724389.1	AAT	N	AGT	S	1362
NC_045512.2	4350	A	G	40089	17560	47	5	4	40	0.000124642	40115	0.499693	FALSE	ORF1ab:cds-YP_009725295.1	AAT	N	AGT	S	1362
NC_045512.2	4350	A	C	40089	17560	47	10	9	32	0.000249283	40115	0.999997	FALSE	ORF1ab:cds-YP_009724389.1	AAT	N	ACT	T	1362
NC_045512.2	4350	A	C	40089	17560	47	10	9	32	0.000249283	40115	0.999997	FALSE	ORF1ab:cds-YP_009725295.1	AAT	N	ACT	T	1362
NC_045512.2	4351	T	G	41782	17687	48	6	4	31	0.000143455	41825	1	FALSE	ORF1ab:cds-YP_009724389.1	AAT	N	AAG	K	1362
NC_045512.2	4351	T	G	41782	17687	48	6	4	31	0.000143455	41825	1	FALSE	ORF1ab:cds-YP_009725295.1	AAT	N	AAG	K	1362
NC_045512.2	4351	T	C	41782	17687	48	2	0	51	4.78183e-05	41825	0.249758	FALSE	ORF1ab:cds-YP_009724389.1	AAT	N	AAC	N	1362
NC_045512.2	4351	T	C	41782	17687	48	2	0	51	4.78183e-05	41825	0.249758	FALSE	ORF1ab:cds-YP_009725295.1	AAT	N	AAC	N	1362
NC_045512.2	4351	T	A	41782	17687	48	35	34	32	0.00083682	41825	0.788799	FALSE	ORF1ab:cds-YP_009724389.1	AAT	N	AAA	K	1362
NC_045512.2	4351	T	A	41782	17687	48	35	34	32	0.00083682	41825	0.788799	FALSE	ORF1ab:cds-YP_009725295.1	AAT	N	AAA	K	1362
NC_045512.2	4352	G	T	41845	17880	48	24	24	35	0.000573011	41884	0.987579	FALSE	ORF1ab:cds-YP_009724389.1	GAG	E	TAG	*	1363
NC_045512.2	4352	G	T	41845	17880	48	24	24	35	0.000573011	41884	0.987579	FALSE	ORF1ab:cds-YP_009725295.1	GAG	E	TAG	*	1363
NC_045512.2	4352	G	A	41845	17880	48	15	15	32	0.000358132	41884	0.999882	FALSE	ORF1ab:cds-YP_009724389.1	GAG	E	AAG	K	1363
NC_045512.2	4352	G	A	41845	17880	48	15	15	32	0.000358132	41884	0.999882	FALSE	ORF1ab:cds-YP_009725295.1	GAG	E	AAG	K	1363
NC_045512.2	4353	A	T	41266	17541	49	6	6	30	0.00014525	41308	1	FALSE	ORF1ab:cds-YP_009724389.1	GAG	E	GTG	V	1363
NC_045512.2	4353	A	T	41266	17541	49	6	6	30	0.00014525	41308	1	FALSE	ORF1ab:cds-YP_009725295.1	GAG	E	GTG	V	1363
NC_045512.2	4353	A	G	41266	17541	49	33	29	38	0.000798877	41308	0.852209	FALSE	ORF1ab:cds-YP_009724389.1	GAG	E	GGG	G	1363
NC_045512.2	4353	A	G	41266	17541	49	33	29	38	0.000798877	41308	0.852209	FALSE	ORF1ab:cds-YP_009725295.1	GAG	E	GGG	G	1363
NC_045512.2	4353	A	C	41266	17541	49	3	3	34	7.26252e-05	41308	1	FALSE	ORF1ab:cds-YP_009724389.1	GAG	E	GCG	A	1363
NC_045512.2	4353	A	C	41266	17541	49	3	3	34	7.26252e-05	41308	1	FALSE	ORF1ab:cds-YP_009725295.1	GAG	E	GCG	A	1363
NC_045512.2	4354	G	T	41076	17274	49	8	8	32	0.000194581	41114	1	FALSE	ORF1ab:cds-YP_009724389.1	GAG	E	GAT	D	1363
NC_045512.2	4354	G	T	41076	17274	49	8	8	32	0.000194581	41114	1	FALSE	ORF1ab:cds-YP_009725295.1	GAG	E	GAT	D	1363
NC_045512.2	4354	G	C	41076	17274	49	1	1	34	2.43226e-05	41114	1	FALSE	ORF1ab:cds-YP_009724389.1	GAG	E	GAC	D	1363
NC_045512.2	4354	G	C	41076	17274	49	1	1	34	2.43226e-05	41114	1	FALSE	ORF1ab:cds-YP_009725295.1	GAG	E	GAC	D	1363
NC_045512.2	4354	G	A	41076	17274	49	29	29	33	0.000705356	41114	0.940177	FALSE	ORF1ab:cds-YP_009724389.1	GAG	E	GAA	E	1363
NC_045512.2	4354	G	A	41076	17274	49	29	29	33	0.000705356	41114	0.940177	FALSE	ORF1ab:cds-YP_009725295.1	GAG	E	GAA	E	1363
NC_045512.2	4355	A	T	40907	18022	49	3	3	34	7.32654e-05	40947	1	FALSE	ORF1ab:cds-YP_009724389.1	AAG	K	TAG	*	1364
NC_045512.2	4355	A	T	40907	18022	49	3	3	34	7.32654e-05	40947	1	FALSE	ORF1ab:cds-YP_009725295.1	AAG	K	TAG	*	1364
NC_045512.2	4355	A	G	40907	18022	49	35	33	32	0.000854763	40947	0.755625	FALSE	ORF1ab:cds-YP_009724389.1	AAG	K	GAG	E	1364
NC_045512.2	4355	A	G	40907	18022	49	35	33	32	0.000854763	40947	0.755625	FALSE	ORF1ab:cds-YP_009725295.1	AAG	K	GAG	E	1364
NC_045512.2	4355	A	C	40907	18022	49	2	2	34	4.88436e-05	40947	1	FALSE	ORF1ab:cds-YP_009724389.1	AAG	K	CAG	Q	1364
NC_045512.2	4355	A	C	40907	18022	49	2	2	34	4.88436e-05	40947	1	FALSE	ORF1ab:cds-YP_009725295.1	AAG	K	CAG	Q	1364
NC_045512.2	4356	A	T	41007	17829	50	1	1	34	2.43742e-05	41027	1	FALSE	ORF1ab:cds-YP_009724389.1	AAG	K	ATG	M	1364
NC_045512.2	4356	A	T	41007	17829	50	1	1	34	2.43742e-05	41027	1	FALSE	ORF1ab:cds-YP_009725295.1	AAG	K	ATG	M	1364
NC_045512.2	4356	A	G	41007	17829	50	16	12	38	0.000389987	41027	0.999771	FALSE	ORF1ab:cds-YP_009724389.1	AAG	K	AGG	R	1364
NC_045512.2	4356	A	G	41007	17829	50	16	12	38	0.000389987	41027	0.999771	FALSE	ORF1ab:cds-YP_009725295.1	AAG	K	AGG	R	1364
NC_045512.2	4356	A	C	41007	17829	50	3	3	29	7.31226e-05	41027	1	FALSE	ORF1ab:cds-YP_009724389.1	AAG	K	ACG	T	1364
NC_045512.2	4356	A	C	41007	17829	50	3	3	29	7.31226e-05	41027	1	FALSE	ORF1ab:cds-YP_009725295.1	AAG	K	ACG	T	1364
NC_045512.2	4357	G	T	40834	17693	49	6	4	51	0.000146789	40875	0.0155832	FALSE	ORF1ab:cds-YP_009724389.1	AAG	K	AAT	N	1364
NC_045512.2	4357	G	T	40834	17693	49	6	4	51	0.000146789	40875	0.0155832	FALSE	ORF1ab:cds-YP_009725295.1	AAG	K	AAT	N	1364
NC_045512.2	4357	G	C	40834	17693	49	3	3	30	7.33945e-05	40875	1	FALSE	ORF1ab:cds-YP_009724389.1	AAG	K	AAC	N	1364
NC_045512.2	4357	G	C	40834	17693	49	3	3	30	7.33945e-05	40875	1	FALSE	ORF1ab:cds-YP_009725295.1	AAG	K	AAC	N	1364
NC_045512.2	4357	G	A	40834	17693	49	32	32	33	0.000782875	40875	0.855525	FALSE	ORF1ab:cds-YP_009724389.1	AAG	K	AAA	K	1364
NC_045512.2	4357	G	A	40834	17693	49	32	32	33	0.000782875	40875	0.855525	FALSE	ORF1ab:cds-YP_009725295.1	AAG	K	AAA	K	1364
NC_045512.2	4358	C	T	40822	17873	50	3	2	34	7.34071e-05	40868	1	FALSE	ORF1ab:cds-YP_009724389.1	CAA	Q	TAA	*	1365
NC_045512.2	4358	C	T	40822	17873	50	3	2	34	7.34071e-05	40868	1	FALSE	ORF1ab:cds-YP_009725295.1	CAA	Q	TAA	*	1365
NC_045512.2	4358	C	G	40822	17873	50	21	21	32	0.000513849	40868	0.995054	FALSE	ORF1ab:cds-YP_009724389.1	CAA	Q	GAA	E	1365
NC_045512.2	4358	C	G	40822	17873	50	21	21	32	0.000513849	40868	0.995054	FALSE	ORF1ab:cds-YP_009725295.1	CAA	Q	GAA	E	1365
NC_045512.2	4358	C	A	40822	17873	50	22	22	32	0.000538318	40868	0.992406	FALSE	ORF1ab:cds-YP_009724389.1	CAA	Q	AAA	K	1365
NC_045512.2	4358	C	A	40822	17873	50	22	22	32	0.000538318	40868	0.992406	FALSE	ORF1ab:cds-YP_009725295.1	CAA	Q	AAA	K	1365
NC_045512.2	4359	A	T	41017	17888	50	2	2	34	4.87246e-05	41047	1	FALSE	ORF1ab:cds-YP_009724389.1	CAA	Q	CTA	L	1365
NC_045512.2	4359	A	T	41017	17888	50	2	2	34	4.87246e-05	41047	1	FALSE	ORF1ab:cds-YP_009725295.1	CAA	Q	CTA	L	1365
NC_045512.2	4359	A	G	41017	17888	50	9	6	30	0.000219261	41047	0.999999	FALSE	ORF1ab:cds-YP_009724389.1	CAA	Q	CGA	R	1365
NC_045512.2	4359	A	G	41017	17888	50	9	6	30	0.000219261	41047	0.999999	FALSE	ORF1ab:cds-YP_009725295.1	CAA	Q	CGA	R	1365
NC_045512.2	4359	A	C	41017	17888	50	19	19	32	0.000462884	41047	0.998665	FALSE	ORF1ab:cds-YP_009724389.1	CAA	Q	CCA	P	1365
NC_045512.2	4359	A	C	41017	17888	50	19	19	32	0.000462884	41047	0.998665	FALSE	ORF1ab:cds-YP_009725295.1	CAA	Q	CCA	P	1365
NC_045512.2	4360	A	T	41117	17982	50	2	2	34	4.86098e-05	41144	1	FALSE	ORF1ab:cds-YP_009724389.1	CAA	Q	CAT	H	1365
NC_045512.2	4360	A	T	41117	17982	50	2	2	34	4.86098e-05	41144	1	FALSE	ORF1ab:cds-YP_009725295.1	CAA	Q	CAT	H	1365
NC_045512.2	4360	A	G	41117	17982	50	12	11	33	0.000291659	41144	0.999989	FALSE	ORF1ab:cds-YP_009724389.1	CAA	Q	CAG	Q	1365
NC_045512.2	4360	A	G	41117	17982	50	12	11	33	0.000291659	41144	0.999989	FALSE	ORF1ab:cds-YP_009725295.1	CAA	Q	CAG	Q	1365
NC_045512.2	4360	A	C	41117	17982	50	13	9	32	0.000315963	41144	0.999974	FALSE	ORF1ab:cds-YP_009724389.1	CAA	Q	CAC	H	1365
NC_045512.2	4360	A	C	41117	17982	50	13	9	32	0.000315963	41144	0.999974	FALSE	ORF1ab:cds-YP_009725295.1	CAA	Q	CAC	H	1365
NC_045512.2	4361	G	T	40961	17962	50	1	1	34	2.43885e-05	41003	1	FALSE	ORF1ab:cds-YP_009724389.1	GAA	E	TAA	*	1366
NC_045512.2	4361	G	T	40961	17962	50	1	1	34	2.43885e-05	41003	1	FALSE	ORF1ab:cds-YP_009725295.1	GAA	E	TAA	*	1366
NC_045512.2	4361	G	C	40961	17962	50	9	8	34	0.000219496	41003	0.999999	FALSE	ORF1ab:cds-YP_009724389.1	GAA	E	CAA	Q	1366
NC_045512.2	4361	G	C	40961	17962	50	9	8	34	0.000219496	41003	0.999999	FALSE	ORF1ab:cds-YP_009725295.1	GAA	E	CAA	Q	1366
NC_045512.2	4361	G	A	40961	17962	50	32	32	33	0.000780431	41003	0.879094	FALSE	ORF1ab:cds-YP_009724389.1	GAA	E	AAA	K	1366
NC_045512.2	4361	G	A	40961	17962	50	32	32	33	0.000780431	41003	0.879094	FALSE	ORF1ab:cds-YP_009725295.1	GAA	E	AAA	K	1366
NC_045512.2	4362	A	T	39917	18585	48	4	3	40	0.000100133	39947	0.499658	FALSE	ORF1ab:cds-YP_009724389.1	GAA	E	GTA	V	1366
NC_045512.2	4362	A	T	39917	18585	48	4	3	40	0.000100133	39947	0.499658	FALSE	ORF1ab:cds-YP_009725295.1	GAA	E	GTA	V	1366
NC_045512.2	4362	A	G	39917	18585	48	24	21	34	0.000600796	39947	0.978537	FALSE	ORF1ab:cds-YP_009724389.1	GAA	E	GGA	G	1366
NC_045512.2	4362	A	G	39917	18585	48	24	21	34	0.000600796	39947	0.978537	FALSE	ORF1ab:cds-YP_009725295.1	GAA	E	GGA	G	1366
NC_045512.2	4362	A	C	39917	18585	48	2	2	30	5.00663e-05	39947	1	FALSE	ORF1ab:cds-YP_009724389.1	GAA	E	GCA	A	1366
NC_045512.2	4362	A	C	39917	18585	48	2	2	30	5.00663e-05	39947	1	FALSE	ORF1ab:cds-YP_009725295.1	GAA	E	GCA	A	1366
NC_045512.2	4363	A	T	41026	18658	50	2	2	30	4.87234e-05	41048	1	FALSE	ORF1ab:cds-YP_009724389.1	GAA	E	GAT	D	1366
NC_045512.2	4363	A	T	41026	18658	50	2	2	30	4.87234e-05	41048	1	FALSE	ORF1ab:cds-YP_009725295.1	GAA	E	GAT	D	1366
NC_045512.2	4363	A	G	41026	18658	50	16	12	40	0.000389788	41048	0.00589952	TRUE	ORF1ab:cds-YP_009724389.1	GAA	E	GAG	E	1366
NC_045512.2	4363	A	G	41026	18658	50	16	12	40	0.000389788	41048	0.00589952	TRUE	ORF1ab:cds-YP_009725295.1	GAA	E	GAG	E	1366
NC_045512.2	4363	A	C	41026	18658	50	4	4	34	9.74469e-05	41048	1	FALSE	ORF1ab:cds-YP_009724389.1	GAA	E	GAC	D	1366
NC_045512.2	4363	A	C	41026	18658	50	4	4	34	9.74469e-05	41048	1	FALSE	ORF1ab:cds-YP_009725295.1	GAA	E	GAC	D	1366
NC_045512.2	4364	A	T	41087	18934	51	2	2	34	4.86571e-05	41104	1	FALSE	ORF1ab:cds-YP_009724389.1	ATT	I	TTT	F	1367
NC_045512.2	4364	A	T	41087	18934	51	2	2	34	4.86571e-05	41104	1	FALSE	ORF1ab:cds-YP_009725295.1	ATT	I	TTT	F	1367
NC_045512.2	4364	A	G	41087	18934	51	11	11	31	0.000267614	41104	0.999995	FALSE	ORF1ab:cds-YP_009724389.1	ATT	I	GTT	V	1367
NC_045512.2	4364	A	G	41087	18934	51	11	11	31	0.000267614	41104	0.999995	FALSE	ORF1ab:cds-YP_009725295.1	ATT	I	GTT	V	1367
NC_045512.2	4364	A	C	41087	18934	51	4	4	28	9.73141e-05	41104	1	FALSE	ORF1ab:cds-YP_009724389.1	ATT	I	CTT	L	1367
NC_045512.2	4364	A	C	41087	18934	51	4	4	28	9.73141e-05	41104	1	FALSE	ORF1ab:cds-YP_009725295.1	ATT	I	CTT	L	1367
NC_045512.2	4365	T	G	41032	18799	50	4	4	34	9.7371e-05	41080	1	FALSE	ORF1ab:cds-YP_009724389.1	ATT	I	AGT	S	1367
NC_045512.2	4365	T	G	41032	18799	50	4	4	34	9.7371e-05	41080	1	FALSE	ORF1ab:cds-YP_009725295.1	ATT	I	AGT	S	1367
NC_045512.2	4365	T	C	41032	18799	50	7	4	51	0.000170399	41080	0.00778391	TRUE	ORF1ab:cds-YP_009724389.1	ATT	I	ACT	T	1367
NC_045512.2	4365	T	C	41032	18799	50	7	4	51	0.000170399	41080	0.00778391	TRUE	ORF1ab:cds-YP_009725295.1	ATT	I	ACT	T	1367
NC_045512.2	4365	T	A	41032	18799	50	37	37	33	0.000900682	41080	0.713932	FALSE	ORF1ab:cds-YP_009724389.1	ATT	I	AAT	N	1367
NC_045512.2	4365	T	A	41032	18799	50	37	37	33	0.000900682	41080	0.713932	FALSE	ORF1ab:cds-YP_009725295.1	ATT	I	AAT	N	1367
NC_045512.2	4366	T	G	40549	18149	49	4	2	32	9.8578e-05	40577	1	FALSE	ORF1ab:cds-YP_009724389.1	ATT	I	ATG	M	1367
NC_045512.2	4366	T	G	40549	18149	49	4	2	32	9.8578e-05	40577	1	FALSE	ORF1ab:cds-YP_009725295.1	ATT	I	ATG	M	1367
NC_045512.2	4366	T	C	40549	18149	49	4	3	43	9.8578e-05	40577	0.636415	FALSE	ORF1ab:cds-YP_009724389.1	ATT	I	ATC	I	1367
NC_045512.2	4366	T	C	40549	18149	49	4	3	43	9.8578e-05	40577	0.636415	FALSE	ORF1ab:cds-YP_009725295.1	ATT	I	ATC	I	1367
NC_045512.2	4366	T	A	40549	18149	49	20	19	35	0.00049289	40577	0.996894	FALSE	ORF1ab:cds-YP_009724389.1	ATT	I	ATA	I	1367
NC_045512.2	4366	T	A	40549	18149	49	20	19	35	0.00049289	40577	0.996894	FALSE	ORF1ab:cds-YP_009725295.1	ATT	I	ATA	I	1367
NC_045512.2	4367	C	T	41438	19063	51	30	30	32	0.00072317	41484	0.922911	FALSE	ORF1ab:cds-YP_009724389.1	CTT	L	TTT	F	1368
NC_045512.2	4367	C	T	41438	19063	51	30	30	32	0.00072317	41484	0.922911	FALSE	ORF1ab:cds-YP_009725295.1	CTT	L	TTT	F	1368
NC_045512.2	4367	C	G	41438	19063	51	4	4	32	9.64227e-05	41484	1	FALSE	ORF1ab:cds-YP_009724389.1	CTT	L	GTT	V	1368
NC_045512.2	4367	C	G	41438	19063	51	4	4	32	9.64227e-05	41484	1	FALSE	ORF1ab:cds-YP_009725295.1	CTT	L	GTT	V	1368
NC_045512.2	4367	C	A	41438	19063	51	12	11	32	0.000289268	41484	0.999989	FALSE	ORF1ab:cds-YP_009724389.1	CTT	L	ATT	I	1368
NC_045512.2	4367	C	A	41438	19063	51	12	11	32	0.000289268	41484	0.999989	FALSE	ORF1ab:cds-YP_009725295.1	CTT	L	ATT	I	1368
NC_045512.2	4368	T	G	40725	18314	49	2	1	30	4.90713e-05	40757	1	FALSE	ORF1ab:cds-YP_009724389.1	CTT	L	CGT	R	1368
NC_045512.2	4368	T	G	40725	18314	49	2	1	30	4.90713e-05	40757	1	FALSE	ORF1ab:cds-YP_009725295.1	CTT	L	CGT	R	1368
NC_045512.2	4368	T	C	40725	18314	49	25	25	34	0.000613392	40757	0.976834	FALSE	ORF1ab:cds-YP_009724389.1	CTT	L	CCT	P	1368
NC_045512.2	4368	T	C	40725	18314	49	25	25	34	0.000613392	40757	0.976834	FALSE	ORF1ab:cds-YP_009725295.1	CTT	L	CCT	P	1368
NC_045512.2	4368	T	A	40725	18314	49	5	5	32	0.000122678	40757	1	FALSE	ORF1ab:cds-YP_009724389.1	CTT	L	CAT	H	1368
NC_045512.2	4368	T	A	40725	18314	49	5	5	32	0.000122678	40757	1	FALSE	ORF1ab:cds-YP_009725295.1	CTT	L	CAT	H	1368
NC_045512.2	4369	T	G	41330	19278	51	3	2	31	7.25444e-05	41354	1	FALSE	ORF1ab:cds-YP_009724389.1	CTT	L	CTG	L	1368
NC_045512.2	4369	T	G	41330	19278	51	3	2	31	7.25444e-05	41354	1	FALSE	ORF1ab:cds-YP_009725295.1	CTT	L	CTG	L	1368
NC_045512.2	4369	T	C	41330	19278	51	15	13	34	0.000362722	41354	0.999883	FALSE	ORF1ab:cds-YP_009724389.1	CTT	L	CTC	L	1368
NC_045512.2	4369	T	C	41330	19278	51	15	13	34	0.000362722	41354	0.999883	FALSE	ORF1ab:cds-YP_009725295.1	CTT	L	CTC	L	1368
NC_045512.2	4369	T	A	41330	19278	51	6	5	31	0.000145089	41354	1	FALSE	ORF1ab:cds-YP_009724389.1	CTT	L	CTA	L	1368
NC_045512.2	4369	T	A	41330	19278	51	6	5	31	0.000145089	41354	1	FALSE	ORF1ab:cds-YP_009725295.1	CTT	L	CTA	L	1368
NC_045512.2	4370	G	T	41314	19229	51	34	34	33	0.000821991	41363	0.821877	FALSE	ORF1ab:cds-YP_009724389.1	GGA	G	TGA	*	1369
NC_045512.2	4370	G	T	41314	19229	51	34	34	33	0.000821991	41363	0.821877	FALSE	ORF1ab:cds-YP_009725295.1	GGA	G	TGA	*	1369
NC_045512.2	4370	G	C	41314	19229	51	11	11	32	0.000265938	41363	0.999995	FALSE	ORF1ab:cds-YP_009724389.1	GGA	G	CGA	R	1369
NC_045512.2	4370	G	C	41314	19229	51	11	11	32	0.000265938	41363	0.999995	FALSE	ORF1ab:cds-YP_009725295.1	GGA	G	CGA	R	1369
NC_045512.2	4370	G	A	41314	19229	51	4	3	37	9.67048e-05	41363	1	FALSE	ORF1ab:cds-YP_009724389.1	GGA	G	AGA	R	1369
NC_045512.2	4370	G	A	41314	19229	51	4	3	37	9.67048e-05	41363	1	FALSE	ORF1ab:cds-YP_009725295.1	GGA	G	AGA	R	1369
NC_045512.2	4371	G	T	41749	19380	51	18	18	33	0.000430849	41778	0.999227	FALSE	ORF1ab:cds-YP_009724389.1	GGA	G	GTA	V	1369
NC_045512.2	4371	G	T	41749	19380	51	18	18	33	0.000430849	41778	0.999227	FALSE	ORF1ab:cds-YP_009725295.1	GGA	G	GTA	V	1369
NC_045512.2	4371	G	C	41749	19380	51	3	3	28	7.18081e-05	41778	1	FALSE	ORF1ab:cds-YP_009724389.1	GGA	G	GCA	A	1369
NC_045512.2	4371	G	C	41749	19380	51	3	3	28	7.18081e-05	41778	1	FALSE	ORF1ab:cds-YP_009725295.1	GGA	G	GCA	A	1369
NC_045512.2	4371	G	A	41749	19380	51	8	7	31	0.000191488	41778	1	FALSE	ORF1ab:cds-YP_009724389.1	GGA	G	GAA	E	1369
NC_045512.2	4371	G	A	41749	19380	51	8	7	31	0.000191488	41778	1	FALSE	ORF1ab:cds-YP_009725295.1	GGA	G	GAA	E	1369
NC_045512.2	4372	A	T	41994	19758	52	15	15	32	0.000356769	42044	0.999923	FALSE	ORF1ab:cds-YP_009724389.1	GGA	G	GGT	G	1369
NC_045512.2	4372	A	T	41994	19758	52	15	15	32	0.000356769	42044	0.999923	FALSE	ORF1ab:cds-YP_009725295.1	GGA	G	GGT	G	1369
NC_045512.2	4372	A	G	41994	19758	52	31	30	34	0.000737323	42044	0.919963	FALSE	ORF1ab:cds-YP_009724389.1	GGA	G	GGG	G	1369
NC_045512.2	4372	A	G	41994	19758	52	31	30	34	0.000737323	42044	0.919963	FALSE	ORF1ab:cds-YP_009725295.1	GGA	G	GGG	G	1369
NC_045512.2	4372	A	C	41994	19758	52	4	3	37	9.51384e-05	42044	1	FALSE	ORF1ab:cds-YP_009724389.1	GGA	G	GGC	G	1369
NC_045512.2	4372	A	C	41994	19758	52	4	3	37	9.51384e-05	42044	1	FALSE	ORF1ab:cds-YP_009725295.1	GGA	G	GGC	G	1369
NC_045512.2	4373	A	T	41580	19738	51	6	6	30	0.000144186	41613	1	FALSE	ORF1ab:cds-YP_009724389.1	ACT	T	TCT	S	1370
NC_045512.2	4373	A	T	41580	19738	51	6	6	30	0.000144186	41613	1	FALSE	ORF1ab:cds-YP_009725295.1	ACT	T	TCT	S	1370
NC_045512.2	4373	A	G	41580	19738	51	21	17	37	0.00050465	41613	0.996425	FALSE	ORF1ab:cds-YP_009724389.1	ACT	T	GCT	A	1370
NC_045512.2	4373	A	G	41580	19738	51	21	17	37	0.00050465	41613	0.996425	FALSE	ORF1ab:cds-YP_009725295.1	ACT	T	GCT	A	1370
NC_045512.2	4373	A	C	41580	19738	51	6	5	31	0.000144186	41613	1	FALSE	ORF1ab:cds-YP_009724389.1	ACT	T	CCT	P	1370
NC_045512.2	4373	A	C	41580	19738	51	6	5	31	0.000144186	41613	1	FALSE	ORF1ab:cds-YP_009725295.1	ACT	T	CCT	P	1370
NC_045512.2	4374	C	T	41847	19813	51	5	5	32	0.000119329	41901	1	FALSE	ORF1ab:cds-YP_009724389.1	ACT	T	ATT	I	1370
NC_045512.2	4374	C	T	41847	19813	51	5	5	32	0.000119329	41901	1	FALSE	ORF1ab:cds-YP_009725295.1	ACT	T	ATT	I	1370
NC_045512.2	4374	C	G	41847	19813	51	12	12	33	0.000286389	41901	0.999989	FALSE	ORF1ab:cds-YP_009724389.1	ACT	T	AGT	S	1370
NC_045512.2	4374	C	G	41847	19813	51	12	12	33	0.000286389	41901	0.999989	FALSE	ORF1ab:cds-YP_009725295.1	ACT	T	AGT	S	1370
NC_045512.2	4374	C	A	41847	19813	51	37	37	32	0.000883034	41901	0.713721	FALSE	ORF1ab:cds-YP_009724389.1	ACT	T	AAT	N	1370
NC_045512.2	4374	C	A	41847	19813	51	37	37	32	0.000883034	41901	0.713721	FALSE	ORF1ab:cds-YP_009725295.1	ACT	T	AAT	N	1370
NC_045512.2	4375	T	G	41482	19456	51	1	0	27	2.40778e-05	41532	1	FALSE	ORF1ab:cds-YP_009724389.1	ACT	T	ACG	T	1370
NC_045512.2	4375	T	G	41482	19456	51	1	0	27	2.40778e-05	41532	1	FALSE	ORF1ab:cds-YP_009725295.1	ACT	T	ACG	T	1370
NC_045512.2	4375	T	C	41482	19456	51	24	24	36	0.000577868	41532	0.987544	FALSE	ORF1ab:cds-YP_009724389.1	ACT	T	ACC	T	1370
NC_045512.2	4375	T	C	41482	19456	51	24	24	36	0.000577868	41532	0.987544	FALSE	ORF1ab:cds-YP_009725295.1	ACT	T	ACC	T	1370
NC_045512.2	4375	T	A	41482	19456	51	25	25	33	0.000601945	41532	0.982142	FALSE	ORF1ab:cds-YP_009724389.1	ACT	T	ACA	T	1370
NC_045512.2	4375	T	A	41482	19456	51	25	25	33	0.000601945	41532	0.982142	FALSE	ORF1ab:cds-YP_009725295.1	ACT	T	ACA	T	1370
NC_045512.2	4376	G	T	41897	19647	51	23	23	33	0.000548324	41946	0.991537	FALSE	ORF1ab:cds-YP_009724389.1	GTT	V	TTT	F	1371
NC_045512.2	4376	G	T	41897	19647	51	23	23	33	0.000548324	41946	0.991537	FALSE	ORF1ab:cds-YP_009725295.1	GTT	V	TTT	F	1371
NC_045512.2	4376	G	C	41897	19647	51	13	13	30	0.000309922	41946	0.999974	FALSE	ORF1ab:cds-YP_009724389.1	GTT	V	CTT	L	1371
NC_045512.2	4376	G	C	41897	19647	51	13	13	30	0.000309922	41946	0.999974	FALSE	ORF1ab:cds-YP_009725295.1	GTT	V	CTT	L	1371
NC_045512.2	4376	G	A	41897	19647	51	13	13	36	0.000309922	41946	0.999974	FALSE	ORF1ab:cds-YP_009724389.1	GTT	V	ATT	I	1371
NC_045512.2	4376	G	A	41897	19647	51	13	13	36	0.000309922	41946	0.999974	FALSE	ORF1ab:cds-YP_009725295.1	GTT	V	ATT	I	1371
NC_045512.2	4377	T	G	41763	19510	51	21	19	31	0.000502368	41802	0.996419	FALSE	ORF1ab:cds-YP_009724389.1	GTT	V	GGT	G	1371
NC_045512.2	4377	T	G	41763	19510	51	21	19	31	0.000502368	41802	0.996419	FALSE	ORF1ab:cds-YP_009725295.1	GTT	V	GGT	G	1371
NC_045512.2	4377	T	C	41763	19510	51	14	12	37	0.000334912	41802	0.999943	FALSE	ORF1ab:cds-YP_009724389.1	GTT	V	GCT	A	1371
NC_045512.2	4377	T	C	41763	19510	51	14	12	37	0.000334912	41802	0.999943	FALSE	ORF1ab:cds-YP_009725295.1	GTT	V	GCT	A	1371
NC_045512.2	4377	T	A	41763	19510	51	4	3	32	9.56892e-05	41802	1	FALSE	ORF1ab:cds-YP_009724389.1	GTT	V	GAT	D	1371
NC_045512.2	4377	T	A	41763	19510	51	4	3	32	9.56892e-05	41802	1	FALSE	ORF1ab:cds-YP_009725295.1	GTT	V	GAT	D	1371
NC_045512.2	4378	T	G	41859	19628	51	14	14	32	0.000334257	41884	0.999943	FALSE	ORF1ab:cds-YP_009724389.1	GTT	V	GTG	V	1371
NC_045512.2	4378	T	G	41859	19628	51	14	14	32	0.000334257	41884	0.999943	FALSE	ORF1ab:cds-YP_009725295.1	GTT	V	GTG	V	1371
NC_045512.2	4378	T	C	41859	19628	51	4	3	42	9.55019e-05	41884	0.636464	FALSE	ORF1ab:cds-YP_009724389.1	GTT	V	GTC	V	1371
NC_045512.2	4378	T	C	41859	19628	51	4	3	42	9.55019e-05	41884	0.636464	FALSE	ORF1ab:cds-YP_009725295.1	GTT	V	GTC	V	1371
NC_045512.2	4378	T	A	41859	19628	51	7	6	31	0.000167128	41884	1	FALSE	ORF1ab:cds-YP_009724389.1	GTT	V	GTA	V	1371
NC_045512.2	4378	T	A	41859	19628	51	7	6	31	0.000167128	41884	1	FALSE	ORF1ab:cds-YP_009725295.1	GTT	V	GTA	V	1371
NC_045512.2	4379	T	G	41684	19539	51	10	10	34	0.000239768	41707	0.999998	FALSE	ORF1ab:cds-YP_009724389.1	TCT	S	GCT	A	1372
NC_045512.2	4379	T	G	41684	19539	51	10	10	34	0.000239768	41707	0.999998	FALSE	ORF1ab:cds-YP_009725295.1	TCT	S	GCT	A	1372
NC_045512.2	4379	T	C	41684	19539	51	6	6	37	0.000143861	41707	1	FALSE	ORF1ab:cds-YP_009724389.1	TCT	S	CCT	P	1372
NC_045512.2	4379	T	C	41684	19539	51	6	6	37	0.000143861	41707	1	FALSE	ORF1ab:cds-YP_009725295.1	TCT	S	CCT	P	1372
NC_045512.2	4379	T	A	41684	19539	51	7	7	29	0.000167838	41707	1	FALSE	ORF1ab:cds-YP_009724389.1	TCT	S	ACT	T	1372
NC_045512.2	4379	T	A	41684	19539	51	7	7	29	0.000167838	41707	1	FALSE	ORF1ab:cds-YP_009725295.1	TCT	S	ACT	T	1372
NC_045512.2	4380	C	T	41825	19930	52	34	34	32	0.000812095	41867	0.822069	FALSE	ORF1ab:cds-YP_009724389.1	TCT	S	TTT	F	1372
NC_045512.2	4380	C	T	41825	19930	52	34	34	32	0.000812095	41867	0.822069	FALSE	ORF1ab:cds-YP_009725295.1	TCT	S	TTT	F	1372
NC_045512.2	4380	C	G	41825	19930	52	2	2	30	4.77703e-05	41867	1	FALSE	ORF1ab:cds-YP_009724389.1	TCT	S	TGT	C	1372
NC_045512.2	4380	C	G	41825	19930	52	2	2	30	4.77703e-05	41867	1	FALSE	ORF1ab:cds-YP_009725295.1	TCT	S	TGT	C	1372
NC_045512.2	4380	C	A	41825	19930	52	6	6	32	0.000143311	41867	1	FALSE	ORF1ab:cds-YP_009724389.1	TCT	S	TAT	Y	1372
NC_045512.2	4380	C	A	41825	19930	52	6	6	32	0.000143311	41867	1	FALSE	ORF1ab:cds-YP_009725295.1	TCT	S	TAT	Y	1372
NC_045512.2	4381	T	C	41502	19506	51	25	25	35	0.000601917	41534	0.982219	FALSE	ORF1ab:cds-YP_009724389.1	TCT	S	TCC	S	1372
NC_045512.2	4381	T	C	41502	19506	51	25	25	35	0.000601917	41534	0.982219	FALSE	ORF1ab:cds-YP_009725295.1	TCT	S	TCC	S	1372
NC_045512.2	4381	T	A	41502	19506	51	7	7	37	0.000168537	41534	1	FALSE	ORF1ab:cds-YP_009724389.1	TCT	S	TCA	S	1372
NC_045512.2	4381	T	A	41502	19506	51	7	7	37	0.000168537	41534	1	FALSE	ORF1ab:cds-YP_009725295.1	TCT	S	TCA	S	1372
NC_045512.2	4382	T	G	41886	20030	52	3	2	29	7.1582e-05	41910	1	FALSE	ORF1ab:cds-YP_009724389.1	TGG	W	GGG	G	1373
NC_045512.2	4382	T	G	41886	20030	52	3	2	29	7.1582e-05	41910	1	FALSE	ORF1ab:cds-YP_009725295.1	TGG	W	GGG	G	1373
NC_045512.2	4382	T	C	41886	20030	52	16	15	31	0.00038177	41910	0.99977	FALSE	ORF1ab:cds-YP_009724389.1	TGG	W	CGG	R	1373
NC_045512.2	4382	T	C	41886	20030	52	16	15	31	0.00038177	41910	0.99977	FALSE	ORF1ab:cds-YP_009725295.1	TGG	W	CGG	R	1373
NC_045512.2	4382	T	A	41886	20030	52	5	5	30	0.000119303	41910	1	FALSE	ORF1ab:cds-YP_009724389.1	TGG	W	AGG	R	1373
NC_045512.2	4382	T	A	41886	20030	52	5	5	30	0.000119303	41910	1	FALSE	ORF1ab:cds-YP_009725295.1	TGG	W	AGG	R	1373
NC_045512.2	4383	G	T	41697	19893	52	31	31	33	0.000742515	41750	0.902476	FALSE	ORF1ab:cds-YP_009724389.1	TGG	W	TTG	L	1373
NC_045512.2	4383	G	T	41697	19893	52	31	31	33	0.000742515	41750	0.902476	FALSE	ORF1ab:cds-YP_009725295.1	TGG	W	TTG	L	1373
NC_045512.2	4383	G	C	41697	19893	52	17	17	32	0.000407186	41750	0.999566	FALSE	ORF1ab:cds-YP_009724389.1	TGG	W	TCG	S	1373
NC_045512.2	4383	G	C	41697	19893	52	17	17	32	0.000407186	41750	0.999566	FALSE	ORF1ab:cds-YP_009725295.1	TGG	W	TCG	S	1373
NC_045512.2	4383	G	A	41697	19893	52	5	4	31	0.00011976	41750	1	FALSE	ORF1ab:cds-YP_009724389.1	TGG	W	TAG	*	1373
NC_045512.2	4383	G	A	41697	19893	52	5	4	31	0.00011976	41750	1	FALSE	ORF1ab:cds-YP_009725295.1	TGG	W	TAG	*	1373
NC_045512.2	4384	G	T	41806	20038	52	27	27	32	0.000645331	41839	0.965959	FALSE	ORF1ab:cds-YP_009724389.1	TGG	W	TGT	C	1373
NC_045512.2	4384	G	T	41806	20038	52	27	27	32	0.000645331	41839	0.965959	FALSE	ORF1ab:cds-YP_009725295.1	TGG	W	TGT	C	1373
NC_045512.2	4384	G	C	41806	20038	52	4	4	34	9.56046e-05	41839	1	FALSE	ORF1ab:cds-YP_009724389.1	TGG	W	TGC	C	1373
NC_045512.2	4384	G	C	41806	20038	52	4	4	34	9.56046e-05	41839	1	FALSE	ORF1ab:cds-YP_009725295.1	TGG	W	TGC	C	1373
NC_045512.2	4384	G	A	41806	20038	52	2	2	34	4.78023e-05	41839	1	FALSE	ORF1ab:cds-YP_009724389.1	TGG	W	TGA	*	1373
NC_045512.2	4384	G	A	41806	20038	52	2	2	34	4.78023e-05	41839	1	FALSE	ORF1ab:cds-YP_009725295.1	TGG	W	TGA	*	1373
NC_045512.2	4385	A	T	41435	20016	51	18	18	34	0.000433839	41490	0.999221	FALSE	ORF1ab:cds-YP_009724389.1	AAT	N	TAT	Y	1374
NC_045512.2	4385	A	T	41435	20016	51	18	18	34	0.000433839	41490	0.999221	FALSE	ORF1ab:cds-YP_009725295.1	AAT	N	TAT	Y	1374
NC_045512.2	4385	A	G	41435	20016	51	35	31	37	0.000843577	41490	0.788432	FALSE	ORF1ab:cds-YP_009724389.1	AAT	N	GAT	D	1374
NC_045512.2	4385	A	G	41435	20016	51	35	31	37	0.000843577	41490	0.788432	FALSE	ORF1ab:cds-YP_009725295.1	AAT	N	GAT	D	1374
NC_045512.2	4385	A	C	41435	20016	51	2	2	30	4.82044e-05	41490	1	FALSE	ORF1ab:cds-YP_009724389.1	AAT	N	CAT	H	1374
NC_045512.2	4385	A	C	41435	20016	51	2	2	30	4.82044e-05	41490	1	FALSE	ORF1ab:cds-YP_009725295.1	AAT	N	CAT	H	1374
NC_045512.2	4386	A	T	41546	20238	52	9	9	30	0.00021644	41582	0.999999	FALSE	ORF1ab:cds-YP_009724389.1	AAT	N	ATT	I	1374
NC_045512.2	4386	A	T	41546	20238	52	9	9	30	0.00021644	41582	0.999999	FALSE	ORF1ab:cds-YP_009725295.1	AAT	N	ATT	I	1374
NC_045512.2	4386	A	G	41546	20238	52	23	22	32	0.000553124	41582	0.991565	FALSE	ORF1ab:cds-YP_009724389.1	AAT	N	AGT	S	1374
NC_045512.2	4386	A	G	41546	20238	52	23	22	32	0.000553124	41582	0.991565	FALSE	ORF1ab:cds-YP_009725295.1	AAT	N	AGT	S	1374
NC_045512.2	4386	A	C	41546	20238	52	4	4	30	9.61955e-05	41582	1	FALSE	ORF1ab:cds-YP_009724389.1	AAT	N	ACT	T	1374
NC_045512.2	4386	A	C	41546	20238	52	4	4	30	9.61955e-05	41582	1	FALSE	ORF1ab:cds-YP_009725295.1	AAT	N	ACT	T	1374
NC_045512.2	4387	T	G	37795	16537	46	18	16	30	0.000475524	37853	0.996744	FALSE	ORF1ab:cds-YP_009724389.1	AAT	N	AAG	K	1374
NC_045512.2	4387	T	G	37795	16537	46	18	16	30	0.000475524	37853	0.996744	FALSE	ORF1ab:cds-YP_009725295.1	AAT	N	AAG	K	1374
NC_045512.2	4387	T	C	37795	16537	46	8	8	35	0.000211344	37853	0.999998	FALSE	ORF1ab:cds-YP_009724389.1	AAT	N	AAC	N	1374
NC_045512.2	4387	T	C	37795	16537	46	8	8	35	0.000211344	37853	0.999998	FALSE	ORF1ab:cds-YP_009725295.1	AAT	N	AAC	N	1374
NC_045512.2	4387	T	A	37795	16537	46	32	32	33	0.000845376	37853	0.76407	FALSE	ORF1ab:cds-YP_009724389.1	AAT	N	AAA	K	1374
NC_045512.2	4387	T	A	37795	16537	46	32	32	33	0.000845376	37853	0.76407	FALSE	ORF1ab:cds-YP_009725295.1	AAT	N	AAA	K	1374
NC_045512.2	4388	T	G	41126	20310	51	1	1	34	2.42943e-05	41162	1	FALSE	ORF1ab:cds-YP_009724389.1	TTG	L	GTG	V	1375
NC_045512.2	4388	T	G	41126	20310	51	1	1	34	2.42943e-05	41162	1	FALSE	ORF1ab:cds-YP_009725295.1	TTG	L	GTG	V	1375
NC_045512.2	4388	T	C	41126	20310	51	8	6	36	0.000194354	41162	1	FALSE	ORF1ab:cds-YP_009724389.1	TTG	L	CTG	L	1375
NC_045512.2	4388	T	C	41126	20310	51	8	6	36	0.000194354	41162	1	FALSE	ORF1ab:cds-YP_009725295.1	TTG	L	CTG	L	1375
NC_045512.2	4388	T	A	41126	20310	51	27	27	32	0.000655945	41162	0.965937	FALSE	ORF1ab:cds-YP_009724389.1	TTG	L	ATG	M	1375
NC_045512.2	4388	T	A	41126	20310	51	27	27	32	0.000655945	41162	0.965937	FALSE	ORF1ab:cds-YP_009725295.1	TTG	L	ATG	M	1375
NC_045512.2	4389	T	G	41013	20252	51	2	2	30	4.87377e-05	41036	1	FALSE	ORF1ab:cds-YP_009724389.1	TTG	L	TGG	W	1375
NC_045512.2	4389	T	G	41013	20252	51	2	2	30	4.87377e-05	41036	1	FALSE	ORF1ab:cds-YP_009725295.1	TTG	L	TGG	W	1375
NC_045512.2	4389	T	C	41013	20252	51	5	3	47	0.000121844	41036	0.499745	FALSE	ORF1ab:cds-YP_009724389.1	TTG	L	TCG	S	1375
NC_045512.2	4389	T	C	41013	20252	51	5	3	47	0.000121844	41036	0.499745	FALSE	ORF1ab:cds-YP_009725295.1	TTG	L	TCG	S	1375
NC_045512.2	4389	T	A	41013	20252	51	16	16	33	0.000389902	41036	0.999771	FALSE	ORF1ab:cds-YP_009724389.1	TTG	L	TAG	*	1375
NC_045512.2	4389	T	A	41013	20252	51	16	16	33	0.000389902	41036	0.999771	FALSE	ORF1ab:cds-YP_009725295.1	TTG	L	TAG	*	1375
NC_045512.2	4390	G	T	40961	20267	51	46	45	32	0.00112151	41016	0.333727	FALSE	ORF1ab:cds-YP_009724389.1	TTG	L	TTT	F	1375
NC_045512.2	4390	G	T	40961	20267	51	46	45	32	0.00112151	41016	0.333727	FALSE	ORF1ab:cds-YP_009725295.1	TTG	L	TTT	F	1375
NC_045512.2	4390	G	C	40961	20267	51	6	6	34	0.000146284	41016	1	FALSE	ORF1ab:cds-YP_009724389.1	TTG	L	TTC	F	1375
NC_045512.2	4390	G	C	40961	20267	51	6	6	34	0.000146284	41016	1	FALSE	ORF1ab:cds-YP_009725295.1	TTG	L	TTC	F	1375
NC_045512.2	4390	G	A	40961	20267	51	3	3	34	7.31422e-05	41016	1	FALSE	ORF1ab:cds-YP_009724389.1	TTG	L	TTA	L	1375
NC_045512.2	4390	G	A	40961	20267	51	3	3	34	7.31422e-05	41016	1	FALSE	ORF1ab:cds-YP_009725295.1	TTG	L	TTA	L	1375
NC_045512.2	4391	C	T	40869	20356	51	39	31	39	0.000952683	40937	0.587783	FALSE	ORF1ab:cds-YP_009724389.1	CGA	R	TGA	*	1376
NC_045512.2	4391	C	T	40869	20356	51	39	31	39	0.000952683	40937	0.587783	FALSE	ORF1ab:cds-YP_009725295.1	CGA	R	TGA	*	1376
NC_045512.2	4391	C	G	40869	20356	51	21	20	32	0.000512983	40937	0.995024	FALSE	ORF1ab:cds-YP_009724389.1	CGA	R	GGA	G	1376
NC_045512.2	4391	C	G	40869	20356	51	21	20	32	0.000512983	40937	0.995024	FALSE	ORF1ab:cds-YP_009725295.1	CGA	R	GGA	G	1376
NC_045512.2	4391	C	A	40869	20356	51	8	7	32	0.000195422	40937	1	FALSE	ORF1ab:cds-YP_009724389.1	CGA	R	AGA	R	1376
NC_045512.2	4391	C	A	40869	20356	51	8	7	32	0.000195422	40937	1	FALSE	ORF1ab:cds-YP_009725295.1	CGA	R	AGA	R	1376
NC_045512.2	4392	G	T	41132	20424	51	19	19	32	0.000461367	41182	0.998657	FALSE	ORF1ab:cds-YP_009724389.1	CGA	R	CTA	L	1376
NC_045512.2	4392	G	T	41132	20424	51	19	19	32	0.000461367	41182	0.998657	FALSE	ORF1ab:cds-YP_009725295.1	CGA	R	CTA	L	1376
NC_045512.2	4392	G	C	41132	20424	51	24	24	33	0.000582779	41182	0.987544	FALSE	ORF1ab:cds-YP_009724389.1	CGA	R	CCA	P	1376
NC_045512.2	4392	G	C	41132	20424	51	24	24	33	0.000582779	41182	0.987544	FALSE	ORF1ab:cds-YP_009725295.1	CGA	R	CCA	P	1376
NC_045512.2	4392	G	A	41132	20424	51	7	6	31	0.000169977	41182	1	FALSE	ORF1ab:cds-YP_009724389.1	CGA	R	CAA	Q	1376
NC_045512.2	4392	G	A	41132	20424	51	7	6	31	0.000169977	41182	1	FALSE	ORF1ab:cds-YP_009725295.1	CGA	R	CAA	Q	1376
NC_045512.2	4392	G	-AGAAATGCTTGCACATGCAGAAGA	41132	20424	51	1	0	20	2.42825e-05	41182	1	FALSE	NA	NA	NA	NA	NA	NA
NC_045512.2	4393	A	T	41118	20465	51	9	9	33	0.000218579	41175	0.999999	FALSE	ORF1ab:cds-YP_009724389.1	CGA	R	CGT	R	1376
NC_045512.2	4393	A	T	41118	20465	51	9	9	33	0.000218579	41175	0.999999	FALSE	ORF1ab:cds-YP_009725295.1	CGA	R	CGT	R	1376
NC_045512.2	4393	A	G	41118	20465	51	34	34	33	0.000825744	41175	0.821628	FALSE	ORF1ab:cds-YP_009724389.1	CGA	R	CGG	R	1376
NC_045512.2	4393	A	G	41118	20465	51	34	34	33	0.000825744	41175	0.821628	FALSE	ORF1ab:cds-YP_009725295.1	CGA	R	CGG	R	1376
NC_045512.2	4393	A	C	41118	20465	51	14	13	32	0.000340012	41175	0.999943	FALSE	ORF1ab:cds-YP_009724389.1	CGA	R	CGC	R	1376
NC_045512.2	4393	A	C	41118	20465	51	14	13	32	0.000340012	41175	0.999943	FALSE	ORF1ab:cds-YP_009725295.1	CGA	R	CGC	R	1376
NC_045512.2	4394	G	T	41167	20531	52	5	5	32	0.000121306	41218	1	FALSE	ORF1ab:cds-YP_009724389.1	GAA	E	TAA	*	1377
NC_045512.2	4394	G	T	41167	20531	52	5	5	32	0.000121306	41218	1	FALSE	ORF1ab:cds-YP_009725295.1	GAA	E	TAA	*	1377
NC_045512.2	4394	G	C	41167	20531	52	19	19	33	0.000460964	41218	0.998656	FALSE	ORF1ab:cds-YP_009724389.1	GAA	E	CAA	Q	1377
NC_045512.2	4394	G	C	41167	20531	52	19	19	33	0.000460964	41218	0.998656	FALSE	ORF1ab:cds-YP_009725295.1	GAA	E	CAA	Q	1377
NC_045512.2	4394	G	A	41167	20531	52	27	26	33	0.000655054	41218	0.965816	FALSE	ORF1ab:cds-YP_009724389.1	GAA	E	AAA	K	1377
NC_045512.2	4394	G	A	41167	20531	52	27	26	33	0.000655054	41218	0.965816	FALSE	ORF1ab:cds-YP_009725295.1	GAA	E	AAA	K	1377
NC_045512.2	4395	A	T	39244	20741	48	3	3	34	7.63689e-05	39283	1	FALSE	ORF1ab:cds-YP_009724389.1	GAA	E	GTA	V	1377
NC_045512.2	4395	A	T	39244	20741	48	3	3	34	7.63689e-05	39283	1	FALSE	ORF1ab:cds-YP_009725295.1	GAA	E	GTA	V	1377
NC_045512.2	4395	A	G	39244	20741	48	35	34	33	0.000890971	39283	0.719254	FALSE	ORF1ab:cds-YP_009724389.1	GAA	E	GGA	G	1377
NC_045512.2	4395	A	G	39244	20741	48	35	34	33	0.000890971	39283	0.719254	FALSE	ORF1ab:cds-YP_009725295.1	GAA	E	GGA	G	1377
NC_045512.2	4395	A	C	39244	20741	48	1	1	34	2.54563e-05	39283	1	FALSE	ORF1ab:cds-YP_009724389.1	GAA	E	GCA	A	1377
NC_045512.2	4395	A	C	39244	20741	48	1	1	34	2.54563e-05	39283	1	FALSE	ORF1ab:cds-YP_009725295.1	GAA	E	GCA	A	1377
NC_045512.2	4396	A	T	41050	20806	51	7	7	32	0.000170416	41076	1	FALSE	ORF1ab:cds-YP_009724389.1	GAA	E	GAT	D	1377
NC_045512.2	4396	A	T	41050	20806	51	7	7	32	0.000170416	41076	1	FALSE	ORF1ab:cds-YP_009725295.1	GAA	E	GAT	D	1377
NC_045512.2	4396	A	G	41050	20806	51	16	14	32	0.000389522	41076	0.99977	FALSE	ORF1ab:cds-YP_009724389.1	GAA	E	GAG	E	1377
NC_045512.2	4396	A	G	41050	20806	51	16	14	32	0.000389522	41076	0.99977	FALSE	ORF1ab:cds-YP_009725295.1	GAA	E	GAG	E	1377
NC_045512.2	4396	A	C	41050	20806	51	3	3	28	7.30353e-05	41076	1	FALSE	ORF1ab:cds-YP_009724389.1	GAA	E	GAC	D	1377
NC_045512.2	4396	A	C	41050	20806	51	3	3	28	7.30353e-05	41076	1	FALSE	ORF1ab:cds-YP_009725295.1	GAA	E	GAC	D	1377
NC_045512.2	4397	A	T	41356	21112	51	5	5	32	0.000120808	41388	1	FALSE	ORF1ab:cds-YP_009724389.1	ATG	M	TTG	L	1378
NC_045512.2	4397	A	T	41356	21112	51	5	5	32	0.000120808	41388	1	FALSE	ORF1ab:cds-YP_009725295.1	ATG	M	TTG	L	1378
NC_045512.2	4397	A	G	41356	21112	51	19	15	35	0.00045907	41388	0.998664	FALSE	ORF1ab:cds-YP_009724389.1	ATG	M	GTG	V	1378
NC_045512.2	4397	A	G	41356	21112	51	19	15	35	0.00045907	41388	0.998664	FALSE	ORF1ab:cds-YP_009725295.1	ATG	M	GTG	V	1378
NC_045512.2	4397	A	C	41356	21112	51	8	7	31	0.000193293	41388	1	FALSE	ORF1ab:cds-YP_009724389.1	ATG	M	CTG	L	1378
NC_045512.2	4397	A	C	41356	21112	51	8	7	31	0.000193293	41388	1	FALSE	ORF1ab:cds-YP_009725295.1	ATG	M	CTG	L	1378
NC_045512.2	4398	T	G	42126	21213	51	1	0	27	2.37057e-05	42184	1	FALSE	ORF1ab:cds-YP_009724389.1	ATG	M	AGG	R	1378
NC_045512.2	4398	T	G	42126	21213	51	1	0	27	2.37057e-05	42184	1	FALSE	ORF1ab:cds-YP_009725295.1	ATG	M	AGG	R	1378
NC_045512.2	4398	T	C	42126	21213	51	8	8	33	0.000189645	42184	1	FALSE	ORF1ab:cds-YP_009724389.1	ATG	M	ACG	T	1378
NC_045512.2	4398	T	C	42126	21213	51	8	8	33	0.000189645	42184	1	FALSE	ORF1ab:cds-YP_009725295.1	ATG	M	ACG	T	1378
NC_045512.2	4398	T	A	42126	21213	51	49	49	32	0.00116158	42184	0.264356	FALSE	ORF1ab:cds-YP_009724389.1	ATG	M	AAG	K	1378
NC_045512.2	4398	T	A	42126	21213	51	49	49	32	0.00116158	42184	0.264356	FALSE	ORF1ab:cds-YP_009725295.1	ATG	M	AAG	K	1378
NC_045512.2	4399	G	T	42001	21193	51	31	29	32	0.00073699	42063	0.919766	FALSE	ORF1ab:cds-YP_009724389.1	ATG	M	ATT	I	1378
NC_045512.2	4399	G	T	42001	21193	51	31	29	32	0.00073699	42063	0.919766	FALSE	ORF1ab:cds-YP_009725295.1	ATG	M	ATT	I	1378
NC_045512.2	4399	G	C	42001	21193	51	2	2	34	4.75477e-05	42063	1	FALSE	ORF1ab:cds-YP_009724389.1	ATG	M	ATC	I	1378
NC_045512.2	4399	G	C	42001	21193	51	2	2	34	4.75477e-05	42063	1	FALSE	ORF1ab:cds-YP_009725295.1	ATG	M	ATC	I	1378
NC_045512.2	4399	G	A	42001	21193	51	29	28	34	0.000689442	42063	0.951778	FALSE	ORF1ab:cds-YP_009724389.1	ATG	M	ATA	I	1378
NC_045512.2	4399	G	A	42001	21193	51	29	28	34	0.000689442	42063	0.951778	FALSE	ORF1ab:cds-YP_009725295.1	ATG	M	ATA	I	1378
NC_045512.2	4400	C	T	41864	21345	50	15	15	32	0.000357773	41926	0.999881	FALSE	ORF1ab:cds-YP_009724389.1	CTT	L	TTT	F	1379
NC_045512.2	4400	C	T	41864	21345	50	15	15	32	0.000357773	41926	0.999881	FALSE	ORF1ab:cds-YP_009725295.1	CTT	L	TTT	F	1379
NC_045512.2	4400	C	G	41864	21345	50	27	24	33	0.000643992	41926	0.965736	FALSE	ORF1ab:cds-YP_009724389.1	CTT	L	GTT	V	1379
NC_045512.2	4400	C	G	41864	21345	50	27	24	33	0.000643992	41926	0.965736	FALSE	ORF1ab:cds-YP_009725295.1	CTT	L	GTT	V	1379
NC_045512.2	4400	C	A	41864	21345	50	20	20	33	0.000477031	41926	0.997758	FALSE	ORF1ab:cds-YP_009724389.1	CTT	L	ATT	I	1379
NC_045512.2	4400	C	A	41864	21345	50	20	20	33	0.000477031	41926	0.997758	FALSE	ORF1ab:cds-YP_009725295.1	CTT	L	ATT	I	1379
NC_045512.2	4400	C	+G	41864	21345	50	1	0	20	2.3851e-05	41927	1	FALSE	NA	NA	NA	NA	NA	NA
NC_045512.2	4401	T	G	42148	21455	51	14	14	32	0.000331722	42204	0.999963	FALSE	ORF1ab:cds-YP_009724389.1	CTT	L	CGT	R	1379
NC_045512.2	4401	T	G	42148	21455	51	14	14	32	0.000331722	42204	0.999963	FALSE	ORF1ab:cds-YP_009725295.1	CTT	L	CGT	R	1379
NC_045512.2	4401	T	C	42148	21455	51	36	31	37	0.000853	42204	0.785391	FALSE	ORF1ab:cds-YP_009724389.1	CTT	L	CCT	P	1379
NC_045512.2	4401	T	C	42148	21455	51	36	31	37	0.000853	42204	0.785391	FALSE	ORF1ab:cds-YP_009725295.1	CTT	L	CCT	P	1379
NC_045512.2	4401	T	A	42148	21455	51	6	6	34	0.000142167	42204	1	FALSE	ORF1ab:cds-YP_009724389.1	CTT	L	CAT	H	1379
NC_045512.2	4401	T	A	42148	21455	51	6	6	34	0.000142167	42204	1	FALSE	ORF1ab:cds-YP_009725295.1	CTT	L	CAT	H	1379
NC_045512.2	4402	T	G	42161	21488	51	13	12	32	0.00030802	42205	0.999983	FALSE	ORF1ab:cds-YP_009724389.1	CTT	L	CTG	L	1379
NC_045512.2	4402	T	G	42161	21488	51	13	12	32	0.00030802	42205	0.999983	FALSE	ORF1ab:cds-YP_009725295.1	CTT	L	CTG	L	1379
NC_045512.2	4402	T	C	42161	21488	51	22	19	38	0.000521265	42205	0.995913	FALSE	ORF1ab:cds-YP_009724389.1	CTT	L	CTC	L	1379
NC_045512.2	4402	T	C	42161	21488	51	22	19	38	0.000521265	42205	0.995913	FALSE	ORF1ab:cds-YP_009725295.1	CTT	L	CTC	L	1379
NC_045512.2	4402	T	A	42161	21488	51	9	9	32	0.000213245	42205	1	FALSE	ORF1ab:cds-YP_009724389.1	CTT	L	CTA	L	1379
NC_045512.2	4402	T	A	42161	21488	51	9	9	32	0.000213245	42205	1	FALSE	ORF1ab:cds-YP_009725295.1	CTT	L	CTA	L	1379
NC_045512.2	4403	G	T	42105	21388	51	39	39	33	0.000924762	42173	0.670458	FALSE	ORF1ab:cds-YP_009724389.1	GCA	A	TCA	S	1380
NC_045512.2	4403	G	T	42105	21388	51	39	39	33	0.000924762	42173	0.670458	FALSE	ORF1ab:cds-YP_009725295.1	GCA	A	TCA	S	1380
NC_045512.2	4403	G	C	42105	21388	51	14	13	32	0.000331966	42173	0.999963	FALSE	ORF1ab:cds-YP_009724389.1	GCA	A	CCA	P	1380
NC_045512.2	4403	G	C	42105	21388	51	14	13	32	0.000331966	42173	0.999963	FALSE	ORF1ab:cds-YP_009725295.1	GCA	A	CCA	P	1380
NC_045512.2	4403	G	A	42105	21388	51	15	12	33	0.000355678	42173	0.999922	FALSE	ORF1ab:cds-YP_009724389.1	GCA	A	ACA	T	1380
NC_045512.2	4403	G	A	42105	21388	51	15	12	33	0.000355678	42173	0.999922	FALSE	ORF1ab:cds-YP_009725295.1	GCA	A	ACA	T	1380
NC_045512.2	4404	C	T	42251	21647	51	38	35	37	0.000897878	42322	0.71068	FALSE	ORF1ab:cds-YP_009724389.1	GCA	A	GTA	V	1380
NC_045512.2	4404	C	T	42251	21647	51	38	35	37	0.000897878	42322	0.71068	FALSE	ORF1ab:cds-YP_009725295.1	GCA	A	GTA	V	1380
NC_045512.2	4404	C	G	42251	21647	51	28	28	34	0.000661594	42322	0.963602	FALSE	ORF1ab:cds-YP_009724389.1	GCA	A	GGA	G	1380
NC_045512.2	4404	C	G	42251	21647	51	28	28	34	0.000661594	42322	0.963602	FALSE	ORF1ab:cds-YP_009725295.1	GCA	A	GGA	G	1380
NC_045512.2	4404	C	A	42251	21647	51	5	5	32	0.000118142	42322	1	FALSE	ORF1ab:cds-YP_009724389.1	GCA	A	GAA	E	1380
NC_045512.2	4404	C	A	42251	21647	51	5	5	32	0.000118142	42322	1	FALSE	ORF1ab:cds-YP_009725295.1	GCA	A	GAA	E	1380
NC_045512.2	4405	A	T	42137	21622	50	17	17	32	0.000402815	42203	0.999704	FALSE	ORF1ab:cds-YP_009724389.1	GCA	A	GCT	A	1380
NC_045512.2	4405	A	T	42137	21622	50	17	17	32	0.000402815	42203	0.999704	FALSE	ORF1ab:cds-YP_009725295.1	GCA	A	GCT	A	1380
NC_045512.2	4405	A	G	42137	21622	50	18	16	34	0.00042651	42203	0.999461	FALSE	ORF1ab:cds-YP_009724389.1	GCA	A	GCG	A	1380
NC_045512.2	4405	A	G	42137	21622	50	18	16	34	0.00042651	42203	0.999461	FALSE	ORF1ab:cds-YP_009725295.1	GCA	A	GCG	A	1380
NC_045512.2	4405	A	C	42137	21622	50	31	30	32	0.000734545	42203	0.919707	FALSE	ORF1ab:cds-YP_009724389.1	GCA	A	GCC	A	1380
NC_045512.2	4405	A	C	42137	21622	50	31	30	32	0.000734545	42203	0.919707	FALSE	ORF1ab:cds-YP_009725295.1	GCA	A	GCC	A	1380
NC_045512.2	4406	C	T	41993	21836	50	4	3	34	9.5143e-05	42042	1	FALSE	ORF1ab:cds-YP_009724389.1	CAT	H	TAT	Y	1381
NC_045512.2	4406	C	T	41993	21836	50	4	3	34	9.5143e-05	42042	1	FALSE	ORF1ab:cds-YP_009725295.1	CAT	H	TAT	Y	1381
NC_045512.2	4406	C	G	41993	21836	50	16	16	33	0.000380572	42042	0.999845	FALSE	ORF1ab:cds-YP_009724389.1	CAT	H	GAT	D	1381
NC_045512.2	4406	C	G	41993	21836	50	16	16	33	0.000380572	42042	0.999845	FALSE	ORF1ab:cds-YP_009725295.1	CAT	H	GAT	D	1381
NC_045512.2	4406	C	A	41993	21836	50	29	29	33	0.000689786	42042	0.951908	FALSE	ORF1ab:cds-YP_009724389.1	CAT	H	AAT	N	1381
NC_045512.2	4406	C	A	41993	21836	50	29	29	33	0.000689786	42042	0.951908	FALSE	ORF1ab:cds-YP_009725295.1	CAT	H	AAT	N	1381
NC_045512.2	4407	A	T	41153	21108	51	5	5	32	0.000121371	41196	1	FALSE	ORF1ab:cds-YP_009724389.1	CAT	H	CTT	L	1381
NC_045512.2	4407	A	T	41153	21108	51	5	5	32	0.000121371	41196	1	FALSE	ORF1ab:cds-YP_009725295.1	CAT	H	CTT	L	1381
NC_045512.2	4407	A	G	41153	21108	51	7	5	36	0.000169919	41196	1	FALSE	ORF1ab:cds-YP_009724389.1	CAT	H	CGT	R	1381
NC_045512.2	4407	A	G	41153	21108	51	7	5	36	0.000169919	41196	1	FALSE	ORF1ab:cds-YP_009725295.1	CAT	H	CGT	R	1381
NC_045512.2	4407	A	C	41153	21108	51	31	31	33	0.0007525	41196	0.902632	FALSE	ORF1ab:cds-YP_009724389.1	CAT	H	CCT	P	1381
NC_045512.2	4407	A	C	41153	21108	51	31	31	33	0.0007525	41196	0.902632	FALSE	ORF1ab:cds-YP_009725295.1	CAT	H	CCT	P	1381
NC_045512.2	4408	T	G	41037	20962	51	3	3	34	7.30105e-05	41090	1	FALSE	ORF1ab:cds-YP_009724389.1	CAT	H	CAG	Q	1381
NC_045512.2	4408	T	G	41037	20962	51	3	3	34	7.30105e-05	41090	1	FALSE	ORF1ab:cds-YP_009725295.1	CAT	H	CAG	Q	1381
NC_045512.2	4408	T	C	41037	20962	51	13	13	33	0.000316379	41090	0.999974	FALSE	ORF1ab:cds-YP_009724389.1	CAT	H	CAC	H	1381
NC_045512.2	4408	T	C	41037	20962	51	13	13	33	0.000316379	41090	0.999974	FALSE	ORF1ab:cds-YP_009725295.1	CAT	H	CAC	H	1381
NC_045512.2	4408	T	A	41037	20962	51	37	37	33	0.000900462	41090	0.713712	FALSE	ORF1ab:cds-YP_009724389.1	CAT	H	CAA	Q	1381
NC_045512.2	4408	T	A	41037	20962	51	37	37	33	0.000900462	41090	0.713712	FALSE	ORF1ab:cds-YP_009725295.1	CAT	H	CAA	Q	1381
NC_045512.2	4409	G	T	40966	20982	50	27	27	33	0.000658135	41025	0.965754	FALSE	ORF1ab:cds-YP_009724389.1	GCA	A	TCA	S	1382
NC_045512.2	4409	G	T	40966	20982	50	27	27	33	0.000658135	41025	0.965754	FALSE	ORF1ab:cds-YP_009725295.1	GCA	A	TCA	S	1382
NC_045512.2	4409	G	C	40966	20982	50	12	12	33	0.000292505	41025	0.999989	FALSE	ORF1ab:cds-YP_009724389.1	GCA	A	CCA	P	1382
NC_045512.2	4409	G	C	40966	20982	50	12	12	33	0.000292505	41025	0.999989	FALSE	ORF1ab:cds-YP_009725295.1	GCA	A	CCA	P	1382
NC_045512.2	4409	G	A	40966	20982	50	20	18	33	0.000487508	41025	0.997759	FALSE	ORF1ab:cds-YP_009724389.1	GCA	A	ACA	T	1382
NC_045512.2	4409	G	A	40966	20982	50	20	18	33	0.000487508	41025	0.997759	FALSE	ORF1ab:cds-YP_009725295.1	GCA	A	ACA	T	1382
NC_045512.2	4410	C	T	41266	21357	51	13	13	32	0.000314633	41318	0.999974	FALSE	ORF1ab:cds-YP_009724389.1	GCA	A	GTA	V	1382
NC_045512.2	4410	C	T	41266	21357	51	13	13	32	0.000314633	41318	0.999974	FALSE	ORF1ab:cds-YP_009725295.1	GCA	A	GTA	V	1382
NC_045512.2	4410	C	G	41266	21357	51	21	21	32	0.000508253	41318	0.996405	FALSE	ORF1ab:cds-YP_009724389.1	GCA	A	GGA	G	1382
NC_045512.2	4410	C	G	41266	21357	51	21	21	32	0.000508253	41318	0.996405	FALSE	ORF1ab:cds-YP_009725295.1	GCA	A	GGA	G	1382
NC_045512.2	4410	C	A	41266	21357	51	18	16	32	0.000435645	41318	0.999221	FALSE	ORF1ab:cds-YP_009724389.1	GCA	A	GAA	E	1382
NC_045512.2	4410	C	A	41266	21357	51	18	16	32	0.000435645	41318	0.999221	FALSE	ORF1ab:cds-YP_009725295.1	GCA	A	GAA	E	1382
NC_045512.2	4411	A	T	41224	21259	51	17	17	33	0.000411882	41274	0.999566	FALSE	ORF1ab:cds-YP_009724389.1	GCA	A	GCT	A	1382
NC_045512.2	4411	A	T	41224	21259	51	17	17	33	0.000411882	41274	0.999566	FALSE	ORF1ab:cds-YP_009725295.1	GCA	A	GCT	A	1382
NC_045512.2	4411	A	G	41224	21259	51	11	10	37	0.000266512	41274	0.999995	FALSE	ORF1ab:cds-YP_009724389.1	GCA	A	GCG	A	1382
NC_045512.2	4411	A	G	41224	21259	51	11	10	37	0.000266512	41274	0.999995	FALSE	ORF1ab:cds-YP_009725295.1	GCA	A	GCG	A	1382
NC_045512.2	4411	A	C	41224	21259	51	22	22	33	0.000533023	41274	0.994402	FALSE	ORF1ab:cds-YP_009724389.1	GCA	A	GCC	A	1382
NC_045512.2	4411	A	C	41224	21259	51	22	22	33	0.000533023	41274	0.994402	FALSE	ORF1ab:cds-YP_009725295.1	GCA	A	GCC	A	1382
NC_045512.2	4412	G	T	41627	21731	50	5	5	40	0.000119976	41675	0.499365	FALSE	ORF1ab:cds-YP_009724389.1	GAA	E	TAA	*	1383
NC_045512.2	4412	G	T	41627	21731	50	5	5	40	0.000119976	41675	0.499365	FALSE	ORF1ab:cds-YP_009725295.1	GAA	E	TAA	*	1383
NC_045512.2	4412	G	C	41627	21731	50	13	13	34	0.000311938	41675	0.999974	FALSE	ORF1ab:cds-YP_009724389.1	GAA	E	CAA	Q	1383
NC_045512.2	4412	G	C	41627	21731	50	13	13	34	0.000311938	41675	0.999974	FALSE	ORF1ab:cds-YP_009725295.1	GAA	E	CAA	Q	1383
NC_045512.2	4412	G	A	41627	21731	50	30	30	33	0.000719856	41675	0.922868	FALSE	ORF1ab:cds-YP_009724389.1	GAA	E	AAA	K	1383
NC_045512.2	4412	G	A	41627	21731	50	30	30	33	0.000719856	41675	0.922868	FALSE	ORF1ab:cds-YP_009725295.1	GAA	E	AAA	K	1383
NC_045512.2	4413	A	T	41547	22043	50	7	6	31	0.000168261	41602	1	FALSE	ORF1ab:cds-YP_009724389.1	GAA	E	GTA	V	1383
NC_045512.2	4413	A	T	41547	22043	50	7	6	31	0.000168261	41602	1	FALSE	ORF1ab:cds-YP_009725295.1	GAA	E	GTA	V	1383
NC_045512.2	4413	A	G	41547	22043	50	34	27	33	0.000817268	41602	0.821688	FALSE	ORF1ab:cds-YP_009724389.1	GAA	E	GGA	G	1383
NC_045512.2	4413	A	G	41547	22043	50	34	27	33	0.000817268	41602	0.821688	FALSE	ORF1ab:cds-YP_009725295.1	GAA	E	GGA	G	1383
NC_045512.2	4413	A	C	41547	22043	50	14	13	33	0.000336522	41602	0.999943	FALSE	ORF1ab:cds-YP_009724389.1	GAA	E	GCA	A	1383
NC_045512.2	4413	A	C	41547	22043	50	14	13	33	0.000336522	41602	0.999943	FALSE	ORF1ab:cds-YP_009725295.1	GAA	E	GCA	A	1383
NC_045512.2	4414	A	T	41536	22341	50	7	7	29	0.000168403	41567	1	FALSE	ORF1ab:cds-YP_009724389.1	GAA	E	GAT	D	1383
NC_045512.2	4414	A	T	41536	22341	50	7	7	29	0.000168403	41567	1	FALSE	ORF1ab:cds-YP_009725295.1	GAA	E	GAT	D	1383
NC_045512.2	4414	A	G	41536	22341	50	15	13	33	0.000360863	41567	0.999883	FALSE	ORF1ab:cds-YP_009724389.1	GAA	E	GAG	E	1383
NC_045512.2	4414	A	G	41536	22341	50	15	13	33	0.000360863	41567	0.999883	FALSE	ORF1ab:cds-YP_009725295.1	GAA	E	GAG	E	1383
NC_045512.2	4414	A	C	41536	22341	50	9	9	31	0.000216518	41567	0.999999	FALSE	ORF1ab:cds-YP_009724389.1	GAA	E	GAC	D	1383
NC_045512.2	4414	A	C	41536	22341	50	9	9	31	0.000216518	41567	0.999999	FALSE	ORF1ab:cds-YP_009725295.1	GAA	E	GAC	D	1383
NC_045512.2	4415	G	T	41451	22232	50	9	8	33	0.000216836	41506	0.999999	FALSE	ORF1ab:cds-YP_009724389.1	GAA	E	TAA	*	1384
NC_045512.2	4415	G	T	41451	22232	50	9	8	33	0.000216836	41506	0.999999	FALSE	ORF1ab:cds-YP_009725295.1	GAA	E	TAA	*	1384
NC_045512.2	4415	G	C	41451	22232	50	2	1	30	4.81858e-05	41506	1	FALSE	ORF1ab:cds-YP_009724389.1	GAA	E	CAA	Q	1384
NC_045512.2	4415	G	C	41451	22232	50	2	1	30	4.81858e-05	41506	1	FALSE	ORF1ab:cds-YP_009725295.1	GAA	E	CAA	Q	1384
NC_045512.2	4415	G	A	41451	22232	50	44	43	34	0.00106009	41506	0.413691	FALSE	ORF1ab:cds-YP_009724389.1	GAA	E	AAA	K	1384
NC_045512.2	4415	G	A	41451	22232	50	44	43	34	0.00106009	41506	0.413691	FALSE	ORF1ab:cds-YP_009725295.1	GAA	E	AAA	K	1384
NC_045512.2	4416	A	T	40841	22167	49	3	3	34	7.33999e-05	40872	1	FALSE	ORF1ab:cds-YP_009724389.1	GAA	E	GTA	V	1384
NC_045512.2	4416	A	T	40841	22167	49	3	3	34	7.33999e-05	40872	1	FALSE	ORF1ab:cds-YP_009725295.1	GAA	E	GTA	V	1384
NC_045512.2	4416	A	G	40841	22167	49	26	25	36	0.000636132	40872	0.968009	FALSE	ORF1ab:cds-YP_009724389.1	GAA	E	GGA	G	1384
NC_045512.2	4416	A	G	40841	22167	49	26	25	36	0.000636132	40872	0.968009	FALSE	ORF1ab:cds-YP_009725295.1	GAA	E	GGA	G	1384
NC_045512.2	4416	A	C	40841	22167	49	2	2	34	4.89333e-05	40872	1	FALSE	ORF1ab:cds-YP_009724389.1	GAA	E	GCA	A	1384
NC_045512.2	4416	A	C	40841	22167	49	2	2	34	4.89333e-05	40872	1	FALSE	ORF1ab:cds-YP_009725295.1	GAA	E	GCA	A	1384
NC_045512.2	4417	A	T	41132	22022	50	6	6	31	0.00014578	41158	1	FALSE	ORF1ab:cds-YP_009724389.1	GAA	E	GAT	D	1384
NC_045512.2	4417	A	T	41132	22022	50	6	6	31	0.00014578	41158	1	FALSE	ORF1ab:cds-YP_009725295.1	GAA	E	GAT	D	1384
NC_045512.2	4417	A	G	41132	22022	50	18	15	38	0.000437339	41158	0.999228	FALSE	ORF1ab:cds-YP_009724389.1	GAA	E	GAG	E	1384
NC_045512.2	4417	A	G	41132	22022	50	18	15	38	0.000437339	41158	0.999228	FALSE	ORF1ab:cds-YP_009725295.1	GAA	E	GAG	E	1384
NC_045512.2	4417	A	C	41132	22022	50	2	2	34	4.85932e-05	41158	1	FALSE	ORF1ab:cds-YP_009724389.1	GAA	E	GAC	D	1384
NC_045512.2	4417	A	C	41132	22022	50	2	2	34	4.85932e-05	41158	1	FALSE	ORF1ab:cds-YP_009725295.1	GAA	E	GAC	D	1384
NC_045512.2	4418	A	T	41124	22039	50	8	8	33	0.000194382	41156	1	FALSE	ORF1ab:cds-YP_009724389.1	ACA	T	TCA	S	1385
NC_045512.2	4418	A	T	41124	22039	50	8	8	33	0.000194382	41156	1	FALSE	ORF1ab:cds-YP_009725295.1	ACA	T	TCA	S	1385
NC_045512.2	4418	A	G	41124	22039	50	19	16	35	0.000461658	41156	0.998665	FALSE	ORF1ab:cds-YP_009724389.1	ACA	T	GCA	A	1385
NC_045512.2	4418	A	G	41124	22039	50	19	16	35	0.000461658	41156	0.998665	FALSE	ORF1ab:cds-YP_009725295.1	ACA	T	GCA	A	1385
NC_045512.2	4418	A	C	41124	22039	50	5	4	32	0.000121489	41156	1	FALSE	ORF1ab:cds-YP_009724389.1	ACA	T	CCA	P	1385
NC_045512.2	4418	A	C	41124	22039	50	5	4	32	0.000121489	41156	1	FALSE	ORF1ab:cds-YP_009725295.1	ACA	T	CCA	P	1385
NC_045512.2	4419	C	T	41058	21844	50	3	3	34	7.29607e-05	41118	1	FALSE	ORF1ab:cds-YP_009724389.1	ACA	T	ATA	I	1385
NC_045512.2	4419	C	T	41058	21844	50	3	3	34	7.29607e-05	41118	1	FALSE	ORF1ab:cds-YP_009725295.1	ACA	T	ATA	I	1385
NC_045512.2	4419	C	G	41058	21844	50	4	4	34	9.7281e-05	41118	1	FALSE	ORF1ab:cds-YP_009724389.1	ACA	T	AGA	R	1385
NC_045512.2	4419	C	G	41058	21844	50	4	4	34	9.7281e-05	41118	1	FALSE	ORF1ab:cds-YP_009725295.1	ACA	T	AGA	R	1385
NC_045512.2	4419	C	A	41058	21844	50	53	52	33	0.00128897	41118	0.127937	FALSE	ORF1ab:cds-YP_009724389.1	ACA	T	AAA	K	1385
NC_045512.2	4419	C	A	41058	21844	50	53	52	33	0.00128897	41118	0.127937	FALSE	ORF1ab:cds-YP_009725295.1	ACA	T	AAA	K	1385
NC_045512.2	4420	A	T	40881	21710	50	5	5	30	0.000122211	40913	1	FALSE	ORF1ab:cds-YP_009724389.1	ACA	T	ACT	T	1385
NC_045512.2	4420	A	T	40881	21710	50	5	5	30	0.000122211	40913	1	FALSE	ORF1ab:cds-YP_009725295.1	ACA	T	ACT	T	1385
NC_045512.2	4420	A	G	40881	21710	50	6	5	38	0.000146653	40913	1	FALSE	ORF1ab:cds-YP_009724389.1	ACA	T	ACG	T	1385
NC_045512.2	4420	A	G	40881	21710	50	6	5	38	0.000146653	40913	1	FALSE	ORF1ab:cds-YP_009725295.1	ACA	T	ACG	T	1385
NC_045512.2	4420	A	C	40881	21710	50	21	20	33	0.000513284	40913	0.995073	FALSE	ORF1ab:cds-YP_009724389.1	ACA	T	ACC	T	1385
NC_045512.2	4420	A	C	40881	21710	50	21	20	33	0.000513284	40913	0.995073	FALSE	ORF1ab:cds-YP_009725295.1	ACA	T	ACC	T	1385
NC_045512.2	4421	C	T	40200	22341	49	8	6	41	0.000198787	40244	0.193409	FALSE	ORF1ab:cds-YP_009724389.1	CGC	R	TGC	C	1386
NC_045512.2	4421	C	T	40200	22341	49	8	6	41	0.000198787	40244	0.193409	FALSE	ORF1ab:cds-YP_009725295.1	CGC	R	TGC	C	1386
NC_045512.2	4421	C	G	40200	22341	49	4	3	32	9.93937e-05	40244	1	FALSE	ORF1ab:cds-YP_009724389.1	CGC	R	GGC	G	1386
NC_045512.2	4421	C	G	40200	22341	49	4	3	32	9.93937e-05	40244	1	FALSE	ORF1ab:cds-YP_009725295.1	CGC	R	GGC	G	1386
NC_045512.2	4421	C	A	40200	22341	49	32	32	33	0.00079515	40244	0.855452	FALSE	ORF1ab:cds-YP_009724389.1	CGC	R	AGC	S	1386
NC_045512.2	4421	C	A	40200	22341	49	32	32	33	0.00079515	40244	0.855452	FALSE	ORF1ab:cds-YP_009725295.1	CGC	R	AGC	S	1386
NC_045512.2	4422	G	T	39970	22242	49	6	5	31	0.000149888	40030	1	FALSE	ORF1ab:cds-YP_009724389.1	CGC	R	CTC	L	1386
NC_045512.2	4422	G	T	39970	22242	49	6	5	31	0.000149888	40030	1	FALSE	ORF1ab:cds-YP_009725295.1	CGC	R	CTC	L	1386
NC_045512.2	4422	G	C	39970	22242	49	35	35	32	0.000874344	40030	0.754942	FALSE	ORF1ab:cds-YP_009724389.1	CGC	R	CCC	P	1386
NC_045512.2	4422	G	C	39970	22242	49	35	35	32	0.000874344	40030	0.754942	FALSE	ORF1ab:cds-YP_009725295.1	CGC	R	CCC	P	1386
NC_045512.2	4422	G	A	39970	22242	49	19	18	34	0.000474644	40030	0.998086	FALSE	ORF1ab:cds-YP_009724389.1	CGC	R	CAC	H	1386
NC_045512.2	4422	G	A	39970	22242	49	19	18	34	0.000474644	40030	0.998086	FALSE	ORF1ab:cds-YP_009725295.1	CGC	R	CAC	H	1386
NC_045512.2	4423	C	T	40203	22778	49	4	3	40	9.93739e-05	40252	0.636127	FALSE	ORF1ab:cds-YP_009724389.1	CGC	R	CGT	R	1386
NC_045512.2	4423	C	T	40203	22778	49	4	3	40	9.93739e-05	40252	0.636127	FALSE	ORF1ab:cds-YP_009725295.1	CGC	R	CGT	R	1386
NC_045512.2	4423	C	G	40203	22778	49	31	29	32	0.000770148	40252	0.882203	FALSE	ORF1ab:cds-YP_009724389.1	CGC	R	CGG	R	1386
NC_045512.2	4423	C	G	40203	22778	49	31	29	32	0.000770148	40252	0.882203	FALSE	ORF1ab:cds-YP_009725295.1	CGC	R	CGG	R	1386
NC_045512.2	4423	C	A	40203	22778	49	14	14	32	0.000347809	40252	0.999912	FALSE	ORF1ab:cds-YP_009724389.1	CGC	R	CGA	R	1386
NC_045512.2	4423	C	A	40203	22778	49	14	14	32	0.000347809	40252	0.999912	FALSE	ORF1ab:cds-YP_009725295.1	CGC	R	CGA	R	1386
NC_045512.2	4424	A	T	40030	22740	49	6	6	34	0.000149667	40089	1	FALSE	ORF1ab:cds-YP_009724389.1	AAA	K	TAA	*	1387
NC_045512.2	4424	A	T	40030	22740	49	6	6	34	0.000149667	40089	1	FALSE	ORF1ab:cds-YP_009725295.1	AAA	K	TAA	*	1387
NC_045512.2	4424	A	G	40030	22740	49	17	16	38	0.000424056	40089	0.999362	FALSE	ORF1ab:cds-YP_009724389.1	AAA	K	GAA	E	1387
NC_045512.2	4424	A	G	40030	22740	49	17	16	38	0.000424056	40089	0.999362	FALSE	ORF1ab:cds-YP_009725295.1	AAA	K	GAA	E	1387
NC_045512.2	4424	A	C	40030	22740	49	36	36	33	0.000898002	40089	0.715992	FALSE	ORF1ab:cds-YP_009724389.1	AAA	K	CAA	Q	1387
NC_045512.2	4424	A	C	40030	22740	49	36	36	33	0.000898002	40089	0.715992	FALSE	ORF1ab:cds-YP_009725295.1	AAA	K	CAA	Q	1387
NC_045512.2	4425	A	T	35303	19208	49	7	6	32	0.000198053	35344	0.999999	FALSE	ORF1ab:cds-YP_009724389.1	AAA	K	ATA	I	1387
NC_045512.2	4425	A	T	35303	19208	49	7	6	32	0.000198053	35344	0.999999	FALSE	ORF1ab:cds-YP_009725295.1	AAA	K	ATA	I	1387
NC_045512.2	4425	A	G	35303	19208	49	21	16	37	0.00059416	35344	0.977913	FALSE	ORF1ab:cds-YP_009724389.1	AAA	K	AGA	R	1387
NC_045512.2	4425	A	G	35303	19208	49	21	16	37	0.00059416	35344	0.977913	FALSE	ORF1ab:cds-YP_009725295.1	AAA	K	AGA	R	1387
NC_045512.2	4425	A	C	35303	19208	49	13	13	31	0.000367813	35344	0.999639	FALSE	ORF1ab:cds-YP_009724389.1	AAA	K	ACA	T	1387
NC_045512.2	4425	A	C	35303	19208	49	13	13	31	0.000367813	35344	0.999639	FALSE	ORF1ab:cds-YP_009725295.1	AAA	K	ACA	T	1387
NC_045512.2	4426	A	T	33466	19746	44	3	3	31	8.95736e-05	33492	1	FALSE	ORF1ab:cds-YP_009724389.1	AAA	K	AAT	N	1387
NC_045512.2	4426	A	T	33466	19746	44	3	3	31	8.95736e-05	33492	1	FALSE	ORF1ab:cds-YP_009725295.1	AAA	K	AAT	N	1387
NC_045512.2	4426	A	G	33466	19746	44	9	7	40	0.000268721	33492	0.0728646	FALSE	ORF1ab:cds-YP_009724389.1	AAA	K	AAG	K	1387
NC_045512.2	4426	A	G	33466	19746	44	9	7	40	0.000268721	33492	0.0728646	FALSE	ORF1ab:cds-YP_009725295.1	AAA	K	AAG	K	1387
NC_045512.2	4426	A	C	33466	19746	44	14	10	32	0.00041801	33492	0.998456	FALSE	ORF1ab:cds-YP_009724389.1	AAA	K	AAC	N	1387
NC_045512.2	4426	A	C	33466	19746	44	14	10	32	0.00041801	33492	0.998456	FALSE	ORF1ab:cds-YP_009725295.1	AAA	K	AAC	N	1387
NC_045512.2	4427	T	G	35166	19222	48	6	4	29	0.000170411	35209	1	FALSE	ORF1ab:cds-YP_009724389.1	TTA	L	GTA	V	1388
NC_045512.2	4427	T	G	35166	19222	48	6	4	29	0.000170411	35209	1	FALSE	ORF1ab:cds-YP_009725295.1	TTA	L	GTA	V	1388
NC_045512.2	4427	T	C	35166	19222	48	5	4	40	0.000142009	35209	0.362699	FALSE	ORF1ab:cds-YP_009724389.1	TTA	L	CTA	L	1388
NC_045512.2	4427	T	C	35166	19222	48	5	4	40	0.000142009	35209	0.362699	FALSE	ORF1ab:cds-YP_009725295.1	TTA	L	CTA	L	1388
NC_045512.2	4427	T	A	35166	19222	48	32	32	32	0.000908859	35209	0.686966	FALSE	ORF1ab:cds-YP_009724389.1	TTA	L	ATA	I	1388
NC_045512.2	4427	T	A	35166	19222	48	32	32	32	0.000908859	35209	0.686966	FALSE	ORF1ab:cds-YP_009725295.1	TTA	L	ATA	I	1388
NC_045512.2	4428	T	G	35652	20064	48	5	5	30	0.00014015	35676	1	FALSE	ORF1ab:cds-YP_009724389.1	TTA	L	TGA	*	1388
NC_045512.2	4428	T	G	35652	20064	48	5	5	30	0.00014015	35676	1	FALSE	ORF1ab:cds-YP_009725295.1	TTA	L	TGA	*	1388
NC_045512.2	4428	T	C	35652	20064	48	1	1	27	2.803e-05	35676	1	FALSE	ORF1ab:cds-YP_009724389.1	TTA	L	TCA	S	1388
NC_045512.2	4428	T	C	35652	20064	48	1	1	27	2.803e-05	35676	1	FALSE	ORF1ab:cds-YP_009725295.1	TTA	L	TCA	S	1388
NC_045512.2	4428	T	A	35652	20064	48	18	17	32	0.000504541	35676	0.993677	FALSE	ORF1ab:cds-YP_009724389.1	TTA	L	TAA	*	1388
NC_045512.2	4428	T	A	35652	20064	48	18	17	32	0.000504541	35676	0.993677	FALSE	ORF1ab:cds-YP_009725295.1	TTA	L	TAA	*	1388
NC_045512.2	4428	T	+G	35652	20064	48	1	0	20	2.803e-05	35676	1	FALSE	NA	NA	NA	NA	NA	NA
NC_045512.2	4429	A	T	35134	20558	46	30	30	32	0.000853	35170	0.77142	FALSE	ORF1ab:cds-YP_009724389.1	TTA	L	TTT	F	1388
NC_045512.2	4429	A	T	35134	20558	46	30	30	32	0.000853	35170	0.77142	FALSE	ORF1ab:cds-YP_009725295.1	TTA	L	TTT	F	1388
NC_045512.2	4429	A	G	35134	20558	46	3	2	34	8.53e-05	35170	1	FALSE	ORF1ab:cds-YP_009724389.1	TTA	L	TTG	L	1388
NC_045512.2	4429	A	G	35134	20558	46	3	2	34	8.53e-05	35170	1	FALSE	ORF1ab:cds-YP_009725295.1	TTA	L	TTG	L	1388
NC_045512.2	4429	A	C	35134	20558	46	3	2	28	8.53e-05	35170	1	FALSE	ORF1ab:cds-YP_009724389.1	TTA	L	TTC	F	1388
NC_045512.2	4429	A	C	35134	20558	46	3	2	28	8.53e-05	35170	1	FALSE	ORF1ab:cds-YP_009725295.1	TTA	L	TTC	F	1388
NC_045512.2	4430	A	T	35765	21036	47	14	14	32	0.000391204	35787	0.9993	FALSE	ORF1ab:cds-YP_009724389.1	ATG	M	TTG	L	1389
NC_045512.2	4430	A	T	35765	21036	47	14	14	32	0.000391204	35787	0.9993	FALSE	ORF1ab:cds-YP_009725295.1	ATG	M	TTG	L	1389
NC_045512.2	4430	A	G	35765	21036	47	6	6	32	0.000167659	35787	1	FALSE	ORF1ab:cds-YP_009724389.1	ATG	M	GTG	V	1389
NC_045512.2	4430	A	G	35765	21036	47	6	6	32	0.000167659	35787	1	FALSE	ORF1ab:cds-YP_009725295.1	ATG	M	GTG	V	1389
NC_045512.2	4430	A	C	35765	21036	47	2	2	30	5.58862e-05	35787	1	FALSE	ORF1ab:cds-YP_009724389.1	ATG	M	CTG	L	1389
NC_045512.2	4430	A	C	35765	21036	47	2	2	30	5.58862e-05	35787	1	FALSE	ORF1ab:cds-YP_009725295.1	ATG	M	CTG	L	1389
NC_045512.2	4431	T	G	35852	21765	46	3	3	34	8.36097e-05	35881	1	FALSE	ORF1ab:cds-YP_009724389.1	ATG	M	AGG	R	1389
NC_045512.2	4431	T	G	35852	21765	46	3	3	34	8.36097e-05	35881	1	FALSE	ORF1ab:cds-YP_009725295.1	ATG	M	AGG	R	1389
NC_045512.2	4431	T	C	35852	21765	46	2	1	51	5.57398e-05	35881	0.249815	FALSE	ORF1ab:cds-YP_009724389.1	ATG	M	ACG	T	1389
NC_045512.2	4431	T	C	35852	21765	46	2	1	51	5.57398e-05	35881	0.249815	FALSE	ORF1ab:cds-YP_009725295.1	ATG	M	ACG	T	1389
NC_045512.2	4431	T	A	35852	21765	46	24	24	32	0.000668878	35881	0.941286	FALSE	ORF1ab:cds-YP_009724389.1	ATG	M	AAG	K	1389
NC_045512.2	4431	T	A	35852	21765	46	24	24	32	0.000668878	35881	0.941286	FALSE	ORF1ab:cds-YP_009725295.1	ATG	M	AAG	K	1389
NC_045512.2	4432	G	T	35970	21752	46	22	22	32	0.000610907	36012	0.975961	FALSE	ORF1ab:cds-YP_009724389.1	ATG	M	ATT	I	1389
NC_045512.2	4432	G	T	35970	21752	46	22	22	32	0.000610907	36012	0.975961	FALSE	ORF1ab:cds-YP_009725295.1	ATG	M	ATT	I	1389
NC_045512.2	4432	G	C	35970	21752	46	2	2	34	5.5537e-05	36012	1	FALSE	ORF1ab:cds-YP_009724389.1	ATG	M	ATC	I	1389
NC_045512.2	4432	G	C	35970	21752	46	2	2	34	5.5537e-05	36012	1	FALSE	ORF1ab:cds-YP_009725295.1	ATG	M	ATC	I	1389
NC_045512.2	4432	G	A	35970	21752	46	18	18	32	0.000499833	36012	0.995445	FALSE	ORF1ab:cds-YP_009724389.1	ATG	M	ATA	I	1389
NC_045512.2	4432	G	A	35970	21752	46	18	18	32	0.000499833	36012	0.995445	FALSE	ORF1ab:cds-YP_009725295.1	ATG	M	ATA	I	1389
NC_045512.2	4433	C	T	35862	21946	46	13	12	39	0.000362026	35909	0.999639	FALSE	ORF1ab:cds-YP_009724389.1	CCT	P	TCT	S	1390
NC_045512.2	4433	C	T	35862	21946	46	13	12	39	0.000362026	35909	0.999639	FALSE	ORF1ab:cds-YP_009725295.1	CCT	P	TCT	S	1390
NC_045512.2	4433	C	G	35862	21946	46	20	20	33	0.000556963	35909	0.984915	FALSE	ORF1ab:cds-YP_009724389.1	CCT	P	GCT	A	1390
NC_045512.2	4433	C	G	35862	21946	46	20	20	33	0.000556963	35909	0.984915	FALSE	ORF1ab:cds-YP_009725295.1	CCT	P	GCT	A	1390
NC_045512.2	4433	C	A	35862	21946	46	14	14	31	0.000389874	35909	0.999294	FALSE	ORF1ab:cds-YP_009724389.1	CCT	P	ACT	T	1390
NC_045512.2	4433	C	A	35862	21946	46	14	14	31	0.000389874	35909	0.999294	FALSE	ORF1ab:cds-YP_009725295.1	CCT	P	ACT	T	1390
NC_045512.2	4434	C	T	35802	23220	44	16	16	35	0.000446566	35829	0.997699	FALSE	ORF1ab:cds-YP_009724389.1	CCT	P	CTT	L	1390
NC_045512.2	4434	C	T	35802	23220	44	16	16	35	0.000446566	35829	0.997699	FALSE	ORF1ab:cds-YP_009725295.1	CCT	P	CTT	L	1390
NC_045512.2	4434	C	G	35802	23220	44	8	8	34	0.000223283	35829	0.999996	FALSE	ORF1ab:cds-YP_009724389.1	CCT	P	CGT	R	1390
NC_045512.2	4434	C	G	35802	23220	44	8	8	34	0.000223283	35829	0.999996	FALSE	ORF1ab:cds-YP_009725295.1	CCT	P	CGT	R	1390
NC_045512.2	4434	C	A	35802	23220	44	3	2	40	8.37311e-05	35829	0.655955	FALSE	ORF1ab:cds-YP_009724389.1	CCT	P	CAT	H	1390
NC_045512.2	4434	C	A	35802	23220	44	3	2	40	8.37311e-05	35829	0.655955	FALSE	ORF1ab:cds-YP_009725295.1	CCT	P	CAT	H	1390
NC_045512.2	4435	T	G	35741	23104	44	14	14	34	0.000391182	35789	0.999293	FALSE	ORF1ab:cds-YP_009724389.1	CCT	P	CCG	P	1390
NC_045512.2	4435	T	G	35741	23104	44	14	14	34	0.000391182	35789	0.999293	FALSE	ORF1ab:cds-YP_009725295.1	CCT	P	CCG	P	1390
NC_045512.2	4435	T	C	35741	23104	44	30	29	32	0.000838246	35789	0.77101	FALSE	ORF1ab:cds-YP_009724389.1	CCT	P	CCC	P	1390
NC_045512.2	4435	T	C	35741	23104	44	30	29	32	0.000838246	35789	0.77101	FALSE	ORF1ab:cds-YP_009725295.1	CCT	P	CCC	P	1390
NC_045512.2	4435	T	A	35741	23104	44	4	4	34	0.000111766	35789	1	FALSE	ORF1ab:cds-YP_009724389.1	CCT	P	CCA	P	1390
NC_045512.2	4435	T	A	35741	23104	44	4	4	34	0.000111766	35789	1	FALSE	ORF1ab:cds-YP_009725295.1	CCT	P	CCA	P	1390
NC_045512.2	4436	G	T	36045	23352	44	22	22	32	0.000609621	36088	0.975955	FALSE	ORF1ab:cds-YP_009724389.1	GTC	V	TTC	F	1391
NC_045512.2	4436	G	T	36045	23352	44	22	22	32	0.000609621	36088	0.975955	FALSE	ORF1ab:cds-YP_009725295.1	GTC	V	TTC	F	1391
NC_045512.2	4436	G	C	36045	23352	44	15	15	33	0.000415651	36088	0.999111	FALSE	ORF1ab:cds-YP_009724389.1	GTC	V	CTC	L	1391
NC_045512.2	4436	G	C	36045	23352	44	15	15	33	0.000415651	36088	0.999111	FALSE	ORF1ab:cds-YP_009725295.1	GTC	V	CTC	L	1391
NC_045512.2	4436	G	A	36045	23352	44	6	5	33	0.00016626	36088	1	FALSE	ORF1ab:cds-YP_009724389.1	GTC	V	ATC	I	1391
NC_045512.2	4436	G	A	36045	23352	44	6	5	33	0.00016626	36088	1	FALSE	ORF1ab:cds-YP_009725295.1	GTC	V	ATC	I	1391
NC_045512.2	4437	T	G	36187	23435	44	22	22	34	0.000607366	36222	0.976003	FALSE	ORF1ab:cds-YP_009724389.1	GTC	V	GGC	G	1391
NC_045512.2	4437	T	G	36187	23435	44	22	22	34	0.000607366	36222	0.976003	FALSE	ORF1ab:cds-YP_009725295.1	GTC	V	GGC	G	1391
NC_045512.2	4437	T	C	36187	23435	44	9	8	33	0.000248468	36222	0.999992	FALSE	ORF1ab:cds-YP_009724389.1	GTC	V	GCC	A	1391
NC_045512.2	4437	T	C	36187	23435	44	9	8	33	0.000248468	36222	0.999992	FALSE	ORF1ab:cds-YP_009725295.1	GTC	V	GCC	A	1391
NC_045512.2	4437	T	A	36187	23435	44	4	4	32	0.00011043	36222	1	FALSE	ORF1ab:cds-YP_009724389.1	GTC	V	GAC	D	1391
NC_045512.2	4437	T	A	36187	23435	44	4	4	32	0.00011043	36222	1	FALSE	ORF1ab:cds-YP_009725295.1	GTC	V	GAC	D	1391
NC_045512.2	4438	C	T	36172	23419	44	31	31	33	0.000855928	36218	0.76771	FALSE	ORF1ab:cds-YP_009724389.1	GTC	V	GTT	V	1391
NC_045512.2	4438	C	T	36172	23419	44	31	31	33	0.000855928	36218	0.76771	FALSE	ORF1ab:cds-YP_009725295.1	GTC	V	GTT	V	1391
NC_045512.2	4438	C	G	36172	23419	44	6	6	32	0.000165663	36218	1	FALSE	ORF1ab:cds-YP_009724389.1	GTC	V	GTG	V	1391
NC_045512.2	4438	C	G	36172	23419	44	6	6	32	0.000165663	36218	1	FALSE	ORF1ab:cds-YP_009725295.1	GTC	V	GTG	V	1391
NC_045512.2	4438	C	A	36172	23419	44	9	9	33	0.000248495	36218	0.999992	FALSE	ORF1ab:cds-YP_009724389.1	GTC	V	GTA	V	1391
NC_045512.2	4438	C	A	36172	23419	44	9	9	33	0.000248495	36218	0.999992	FALSE	ORF1ab:cds-YP_009725295.1	GTC	V	GTA	V	1391
NC_045512.2	4439	T	G	36271	23481	44	14	14	32	0.00038559	36308	0.99953	FALSE	ORF1ab:cds-YP_009724389.1	TGT	C	GGT	G	1392
NC_045512.2	4439	T	G	36271	23481	44	14	14	32	0.00038559	36308	0.99953	FALSE	ORF1ab:cds-YP_009725295.1	TGT	C	GGT	G	1392
NC_045512.2	4439	T	C	36271	23481	44	18	17	32	0.000495759	36308	0.995452	FALSE	ORF1ab:cds-YP_009724389.1	TGT	C	CGT	R	1392
NC_045512.2	4439	T	C	36271	23481	44	18	17	32	0.000495759	36308	0.995452	FALSE	ORF1ab:cds-YP_009725295.1	TGT	C	CGT	R	1392
NC_045512.2	4439	T	A	36271	23481	44	5	5	32	0.000137711	36308	1	FALSE	ORF1ab:cds-YP_009724389.1	TGT	C	AGT	S	1392
NC_045512.2	4439	T	A	36271	23481	44	5	5	32	0.000137711	36308	1	FALSE	ORF1ab:cds-YP_009725295.1	TGT	C	AGT	S	1392
NC_045512.2	4440	G	T	36581	23527	44	33	33	33	0.000900901	36630	0.684246	FALSE	ORF1ab:cds-YP_009724389.1	TGT	C	TTT	F	1392
NC_045512.2	4440	G	T	36581	23527	44	33	33	33	0.000900901	36630	0.684246	FALSE	ORF1ab:cds-YP_009725295.1	TGT	C	TTT	F	1392
NC_045512.2	4440	G	C	36581	23527	44	11	11	32	0.0003003	36630	0.99995	FALSE	ORF1ab:cds-YP_009724389.1	TGT	C	TCT	S	1392
NC_045512.2	4440	G	C	36581	23527	44	11	11	32	0.0003003	36630	0.99995	FALSE	ORF1ab:cds-YP_009725295.1	TGT	C	TCT	S	1392
NC_045512.2	4440	G	A	36581	23527	44	5	5	30	0.0001365	36630	1	FALSE	ORF1ab:cds-YP_009724389.1	TGT	C	TAT	Y	1392
NC_045512.2	4440	G	A	36581	23527	44	5	5	30	0.0001365	36630	1	FALSE	ORF1ab:cds-YP_009725295.1	TGT	C	TAT	Y	1392
NC_045512.2	4441	T	G	36703	23616	44	25	23	33	0.000680457	36740	0.938069	FALSE	ORF1ab:cds-YP_009724389.1	TGT	C	TGG	W	1392
NC_045512.2	4441	T	G	36703	23616	44	25	23	33	0.000680457	36740	0.938069	FALSE	ORF1ab:cds-YP_009725295.1	TGT	C	TGG	W	1392
NC_045512.2	4441	T	C	36703	23616	44	9	9	34	0.000244965	36740	0.999992	FALSE	ORF1ab:cds-YP_009724389.1	TGT	C	TGC	C	1392
NC_045512.2	4441	T	C	36703	23616	44	9	9	34	0.000244965	36740	0.999992	FALSE	ORF1ab:cds-YP_009725295.1	TGT	C	TGC	C	1392
NC_045512.2	4441	T	A	36703	23616	44	3	3	34	8.16549e-05	36740	1	FALSE	ORF1ab:cds-YP_009724389.1	TGT	C	TGA	*	1392
NC_045512.2	4441	T	A	36703	23616	44	3	3	34	8.16549e-05	36740	1	FALSE	ORF1ab:cds-YP_009725295.1	TGT	C	TGA	*	1392
NC_045512.2	4442	G	T	36857	23566	44	29	29	32	0.000786036	36894	0.839378	FALSE	ORF1ab:cds-YP_009724389.1	GTG	V	TTG	L	1393
NC_045512.2	4442	G	T	36857	23566	44	29	29	32	0.000786036	36894	0.839378	FALSE	ORF1ab:cds-YP_009725295.1	GTG	V	TTG	L	1393
NC_045512.2	4442	G	C	36857	23566	44	4	4	34	0.000108419	36894	1	FALSE	ORF1ab:cds-YP_009724389.1	GTG	V	CTG	L	1393
NC_045512.2	4442	G	C	36857	23566	44	4	4	34	0.000108419	36894	1	FALSE	ORF1ab:cds-YP_009725295.1	GTG	V	CTG	L	1393
NC_045512.2	4442	G	A	36857	23566	44	4	3	42	0.000108419	36894	0.499525	FALSE	ORF1ab:cds-YP_009724389.1	GTG	V	ATG	M	1393
NC_045512.2	4442	G	A	36857	23566	44	4	3	42	0.000108419	36894	0.499525	FALSE	ORF1ab:cds-YP_009725295.1	GTG	V	ATG	M	1393
NC_045512.2	4443	T	G	36853	23726	44	29	29	32	0.000786078	36892	0.839324	FALSE	ORF1ab:cds-YP_009724389.1	GTG	V	GGG	G	1393
NC_045512.2	4443	T	G	36853	23726	44	29	29	32	0.000786078	36892	0.839324	FALSE	ORF1ab:cds-YP_009725295.1	GTG	V	GGG	G	1393
NC_045512.2	4443	T	C	36853	23726	44	4	4	32	0.000108425	36892	1	FALSE	ORF1ab:cds-YP_009724389.1	GTG	V	GCG	A	1393
NC_045512.2	4443	T	C	36853	23726	44	4	4	32	0.000108425	36892	1	FALSE	ORF1ab:cds-YP_009725295.1	GTG	V	GCG	A	1393
NC_045512.2	4443	T	A	36853	23726	44	6	6	34	0.000162637	36892	1	FALSE	ORF1ab:cds-YP_009724389.1	GTG	V	GAG	E	1393
NC_045512.2	4443	T	A	36853	23726	44	6	6	34	0.000162637	36892	1	FALSE	ORF1ab:cds-YP_009725295.1	GTG	V	GAG	E	1393
NC_045512.2	4444	G	T	36801	23715	44	35	35	33	0.000949977	36843	0.593483	FALSE	ORF1ab:cds-YP_009724389.1	GTG	V	GTT	V	1393
NC_045512.2	4444	G	T	36801	23715	44	35	35	33	0.000949977	36843	0.593483	FALSE	ORF1ab:cds-YP_009725295.1	GTG	V	GTT	V	1393
NC_045512.2	4444	G	C	36801	23715	44	2	2	34	5.42844e-05	36843	1	FALSE	ORF1ab:cds-YP_009724389.1	GTG	V	GTC	V	1393
NC_045512.2	4444	G	C	36801	23715	44	2	2	34	5.42844e-05	36843	1	FALSE	ORF1ab:cds-YP_009725295.1	GTG	V	GTC	V	1393
NC_045512.2	4444	G	A	36801	23715	44	5	3	40	0.000135711	36843	0.362739	FALSE	ORF1ab:cds-YP_009724389.1	GTG	V	GTA	V	1393
NC_045512.2	4444	G	A	36801	23715	44	5	3	40	0.000135711	36843	0.362739	FALSE	ORF1ab:cds-YP_009725295.1	GTG	V	GTA	V	1393
NC_045512.2	4445	G	T	36775	23769	44	11	11	32	0.00029897	36793	0.999951	FALSE	ORF1ab:cds-YP_009724389.1	GAA	E	TAA	*	1394
NC_045512.2	4445	G	T	36775	23769	44	11	11	32	0.00029897	36793	0.999951	FALSE	ORF1ab:cds-YP_009725295.1	GAA	E	TAA	*	1394
NC_045512.2	4445	G	C	36775	23769	44	3	3	31	8.15372e-05	36793	1	FALSE	ORF1ab:cds-YP_009724389.1	GAA	E	CAA	Q	1394
NC_045512.2	4445	G	C	36775	23769	44	3	3	31	8.15372e-05	36793	1	FALSE	ORF1ab:cds-YP_009725295.1	GAA	E	CAA	Q	1394
NC_045512.2	4445	G	A	36775	23769	44	4	4	32	0.000108716	36793	1	FALSE	ORF1ab:cds-YP_009724389.1	GAA	E	AAA	K	1394
NC_045512.2	4445	G	A	36775	23769	44	4	4	32	0.000108716	36793	1	FALSE	ORF1ab:cds-YP_009725295.1	GAA	E	AAA	K	1394
NC_045512.2	4446	A	T	37020	24034	44	7	7	34	0.000188857	37065	1	FALSE	ORF1ab:cds-YP_009724389.1	GAA	E	GTA	V	1394
NC_045512.2	4446	A	T	37020	24034	44	7	7	34	0.000188857	37065	1	FALSE	ORF1ab:cds-YP_009725295.1	GAA	E	GTA	V	1394
NC_045512.2	4446	A	G	37020	24034	44	33	31	35	0.000890328	37065	0.724472	FALSE	ORF1ab:cds-YP_009724389.1	GAA	E	GGA	G	1394
NC_045512.2	4446	A	G	37020	24034	44	33	31	35	0.000890328	37065	0.724472	FALSE	ORF1ab:cds-YP_009725295.1	GAA	E	GGA	G	1394
NC_045512.2	4446	A	C	37020	24034	44	5	5	34	0.000134898	37065	1	FALSE	ORF1ab:cds-YP_009724389.1	GAA	E	GCA	A	1394
NC_045512.2	4446	A	C	37020	24034	44	5	5	34	0.000134898	37065	1	FALSE	ORF1ab:cds-YP_009725295.1	GAA	E	GCA	A	1394
NC_045512.2	4447	A	G	37427	24103	44	20	16	32	0.000534017	37452	0.991837	FALSE	ORF1ab:cds-YP_009724389.1	GAA	E	GAG	E	1394
NC_045512.2	4447	A	G	37427	24103	44	20	16	32	0.000534017	37452	0.991837	FALSE	ORF1ab:cds-YP_009725295.1	GAA	E	GAG	E	1394
NC_045512.2	4447	A	C	37427	24103	44	5	5	34	0.000133504	37452	1	FALSE	ORF1ab:cds-YP_009724389.1	GAA	E	GAC	D	1394
NC_045512.2	4447	A	C	37427	24103	44	5	5	34	0.000133504	37452	1	FALSE	ORF1ab:cds-YP_009725295.1	GAA	E	GAC	D	1394
NC_045512.2	4448	A	T	37230	24227	44	5	5	34	0.000134235	37248	1	FALSE	ORF1ab:cds-YP_009724389.1	ACT	T	TCT	S	1395
NC_045512.2	4448	A	T	37230	24227	44	5	5	34	0.000134235	37248	1	FALSE	ORF1ab:cds-YP_009725295.1	ACT	T	TCT	S	1395
NC_045512.2	4448	A	G	37230	24227	44	9	8	32	0.000241624	37248	0.999995	FALSE	ORF1ab:cds-YP_009724389.1	ACT	T	GCT	A	1395
NC_045512.2	4448	A	G	37230	24227	44	9	8	32	0.000241624	37248	0.999995	FALSE	ORF1ab:cds-YP_009725295.1	ACT	T	GCT	A	1395
NC_045512.2	4448	A	C	37230	24227	44	4	2	34	0.000107388	37248	1	FALSE	ORF1ab:cds-YP_009724389.1	ACT	T	CCT	P	1395
NC_045512.2	4448	A	C	37230	24227	44	4	2	34	0.000107388	37248	1	FALSE	ORF1ab:cds-YP_009725295.1	ACT	T	CCT	P	1395
NC_045512.2	4449	C	T	37550	24365	44	2	2	34	5.31971e-05	37596	1	FALSE	ORF1ab:cds-YP_009724389.1	ACT	T	ATT	I	1395
NC_045512.2	4449	C	T	37550	24365	44	2	2	34	5.31971e-05	37596	1	FALSE	ORF1ab:cds-YP_009725295.1	ACT	T	ATT	I	1395
NC_045512.2	4449	C	G	37550	24365	44	5	3	34	0.000132993	37596	1	FALSE	ORF1ab:cds-YP_009724389.1	ACT	T	AGT	S	1395
NC_045512.2	4449	C	G	37550	24365	44	5	3	34	0.000132993	37596	1	FALSE	ORF1ab:cds-YP_009725295.1	ACT	T	AGT	S	1395
NC_045512.2	4449	C	A	37550	24365	44	39	39	32	0.00103734	37596	0.454089	FALSE	ORF1ab:cds-YP_009724389.1	ACT	T	AAT	N	1395
NC_045512.2	4449	C	A	37550	24365	44	39	39	32	0.00103734	37596	0.454089	FALSE	ORF1ab:cds-YP_009725295.1	ACT	T	AAT	N	1395
NC_045512.2	4450	T	G	37576	24282	44	4	4	30	0.000106318	37623	1	FALSE	ORF1ab:cds-YP_009724389.1	ACT	T	ACG	T	1395
NC_045512.2	4450	T	G	37576	24282	44	4	4	30	0.000106318	37623	1	FALSE	ORF1ab:cds-YP_009725295.1	ACT	T	ACG	T	1395
NC_045512.2	4450	T	C	37576	24282	44	24	23	34	0.000637908	37623	0.963788	FALSE	ORF1ab:cds-YP_009724389.1	ACT	T	ACC	T	1395
NC_045512.2	4450	T	C	37576	24282	44	24	23	34	0.000637908	37623	0.963788	FALSE	ORF1ab:cds-YP_009725295.1	ACT	T	ACC	T	1395
NC_045512.2	4450	T	A	37576	24282	44	19	19	32	0.00050501	37623	0.994746	FALSE	ORF1ab:cds-YP_009724389.1	ACT	T	ACA	T	1395
NC_045512.2	4450	T	A	37576	24282	44	19	19	32	0.00050501	37623	0.994746	FALSE	ORF1ab:cds-YP_009725295.1	ACT	T	ACA	T	1395
NC_045512.2	4451	A	T	37655	24429	44	20	20	32	0.000530645	37690	0.991815	FALSE	ORF1ab:cds-YP_009724389.1	AAA	K	TAA	*	1396
NC_045512.2	4451	A	T	37655	24429	44	20	20	32	0.000530645	37690	0.991815	FALSE	ORF1ab:cds-YP_009725295.1	AAA	K	TAA	*	1396
NC_045512.2	4451	A	G	37655	24429	44	7	6	31	0.000185726	37690	1	FALSE	ORF1ab:cds-YP_009724389.1	AAA	K	GAA	E	1396
NC_045512.2	4451	A	G	37655	24429	44	7	6	31	0.000185726	37690	1	FALSE	ORF1ab:cds-YP_009725295.1	AAA	K	GAA	E	1396
NC_045512.2	4451	A	C	37655	24429	44	8	8	32	0.000212258	37690	0.999998	FALSE	ORF1ab:cds-YP_009724389.1	AAA	K	CAA	Q	1396
NC_045512.2	4451	A	C	37655	24429	44	8	8	32	0.000212258	37690	0.999998	FALSE	ORF1ab:cds-YP_009725295.1	AAA	K	CAA	Q	1396
NC_045512.2	4452	A	T	37611	24445	44	7	7	34	0.000185997	37635	1	FALSE	ORF1ab:cds-YP_009724389.1	AAA	K	ATA	I	1396
NC_045512.2	4452	A	T	37611	24445	44	7	7	34	0.000185997	37635	1	FALSE	ORF1ab:cds-YP_009725295.1	AAA	K	ATA	I	1396
NC_045512.2	4452	A	G	37611	24445	44	6	6	31	0.000159426	37635	1	FALSE	ORF1ab:cds-YP_009724389.1	AAA	K	AGA	R	1396
NC_045512.2	4452	A	G	37611	24445	44	6	6	31	0.000159426	37635	1	FALSE	ORF1ab:cds-YP_009725295.1	AAA	K	AGA	R	1396
NC_045512.2	4452	A	C	37611	24445	44	11	11	33	0.000292281	37635	0.999969	FALSE	ORF1ab:cds-YP_009724389.1	AAA	K	ACA	T	1396
NC_045512.2	4452	A	C	37611	24445	44	11	11	33	0.000292281	37635	0.999969	FALSE	ORF1ab:cds-YP_009725295.1	AAA	K	ACA	T	1396
NC_045512.2	4453	A	T	37659	24503	44	12	12	34	0.000318488	37678	0.999929	FALSE	ORF1ab:cds-YP_009724389.1	AAA	K	AAT	N	1396
NC_045512.2	4453	A	T	37659	24503	44	12	12	34	0.000318488	37678	0.999929	FALSE	ORF1ab:cds-YP_009725295.1	AAA	K	AAT	N	1396
NC_045512.2	4453	A	G	37659	24503	44	2	2	34	5.30814e-05	37678	1	FALSE	ORF1ab:cds-YP_009724389.1	AAA	K	AAG	K	1396
NC_045512.2	4453	A	G	37659	24503	44	2	2	34	5.30814e-05	37678	1	FALSE	ORF1ab:cds-YP_009725295.1	AAA	K	AAG	K	1396
NC_045512.2	4453	A	C	37659	24503	44	5	5	32	0.000132703	37678	1	FALSE	ORF1ab:cds-YP_009724389.1	AAA	K	AAC	N	1396
NC_045512.2	4453	A	C	37659	24503	44	5	5	32	0.000132703	37678	1	FALSE	ORF1ab:cds-YP_009725295.1	AAA	K	AAC	N	1396
NC_045512.2	4454	G	T	37724	24346	44	5	4	30	0.00013237	37773	1	FALSE	ORF1ab:cds-YP_009724389.1	GCC	A	TCC	S	1397
NC_045512.2	4454	G	T	37724	24346	44	5	4	30	0.00013237	37773	1	FALSE	ORF1ab:cds-YP_009725295.1	GCC	A	TCC	S	1397
NC_045512.2	4454	G	C	37724	24346	44	3	3	29	7.94218e-05	37773	1	FALSE	ORF1ab:cds-YP_009724389.1	GCC	A	CCC	P	1397
NC_045512.2	4454	G	C	37724	24346	44	3	3	29	7.94218e-05	37773	1	FALSE	ORF1ab:cds-YP_009725295.1	GCC	A	CCC	P	1397
NC_045512.2	4454	G	A	37724	24346	44	41	40	33	0.00108543	37773	0.366795	FALSE	ORF1ab:cds-YP_009724389.1	GCC	A	ACC	T	1397
NC_045512.2	4454	G	A	37724	24346	44	41	40	33	0.00108543	37773	0.366795	FALSE	ORF1ab:cds-YP_009725295.1	GCC	A	ACC	T	1397
NC_045512.2	4455	C	T	37861	24576	44	3	3	34	7.91431e-05	37906	1	FALSE	ORF1ab:cds-YP_009724389.1	GCC	A	GTC	V	1397
NC_045512.2	4455	C	T	37861	24576	44	3	3	34	7.91431e-05	37906	1	FALSE	ORF1ab:cds-YP_009725295.1	GCC	A	GTC	V	1397
NC_045512.2	4455	C	G	37861	24576	44	24	23	33	0.000633145	37906	0.963805	FALSE	ORF1ab:cds-YP_009724389.1	GCC	A	GGC	G	1397
NC_045512.2	4455	C	G	37861	24576	44	24	23	33	0.000633145	37906	0.963805	FALSE	ORF1ab:cds-YP_009725295.1	GCC	A	GGC	G	1397
NC_045512.2	4455	C	A	37861	24576	44	18	17	32	0.000474859	37906	0.996757	FALSE	ORF1ab:cds-YP_009724389.1	GCC	A	GAC	D	1397
NC_045512.2	4455	C	A	37861	24576	44	18	17	32	0.000474859	37906	0.996757	FALSE	ORF1ab:cds-YP_009725295.1	GCC	A	GAC	D	1397
NC_045512.2	4456	C	T	37457	24183	44	5	4	47	0.000133387	37485	0.362953	FALSE	ORF1ab:cds-YP_009724389.1	GCC	A	GCT	A	1397
NC_045512.2	4456	C	T	37457	24183	44	5	4	47	0.000133387	37485	0.362953	FALSE	ORF1ab:cds-YP_009725295.1	GCC	A	GCT	A	1397
NC_045512.2	4456	C	G	37457	24183	44	9	9	31	0.000240096	37485	0.999995	FALSE	ORF1ab:cds-YP_009724389.1	GCC	A	GCG	A	1397
NC_045512.2	4456	C	G	37457	24183	44	9	9	31	0.000240096	37485	0.999995	FALSE	ORF1ab:cds-YP_009725295.1	GCC	A	GCG	A	1397
NC_045512.2	4456	C	A	37457	24183	44	14	14	34	0.000373483	37485	0.999689	FALSE	ORF1ab:cds-YP_009724389.1	GCC	A	GCA	A	1397
NC_045512.2	4456	C	A	37457	24183	44	14	14	34	0.000373483	37485	0.999689	FALSE	ORF1ab:cds-YP_009725295.1	GCC	A	GCA	A	1397
NC_045512.2	4457	A	T	37255	24043	44	3	3	31	8.04009e-05	37313	1	FALSE	ORF1ab:cds-YP_009724389.1	ATA	I	TTA	L	1398
NC_045512.2	4457	A	T	37255	24043	44	3	3	31	8.04009e-05	37313	1	FALSE	ORF1ab:cds-YP_009725295.1	ATA	I	TTA	L	1398
NC_045512.2	4457	A	G	37255	24043	44	13	12	35	0.000348404	37313	0.999845	FALSE	ORF1ab:cds-YP_009724389.1	ATA	I	GTA	V	1398
NC_045512.2	4457	A	G	37255	24043	44	13	12	35	0.000348404	37313	0.999845	FALSE	ORF1ab:cds-YP_009725295.1	ATA	I	GTA	V	1398
NC_045512.2	4457	A	C	37255	24043	44	42	42	32	0.00112561	37313	0.32575	FALSE	ORF1ab:cds-YP_009724389.1	ATA	I	CTA	L	1398
NC_045512.2	4457	A	C	37255	24043	44	42	42	32	0.00112561	37313	0.32575	FALSE	ORF1ab:cds-YP_009725295.1	ATA	I	CTA	L	1398
NC_045512.2	4458	T	G	36930	23637	44	5	5	34	0.000135212	36979	1	FALSE	ORF1ab:cds-YP_009724389.1	ATA	I	AGA	R	1398
NC_045512.2	4458	T	G	36930	23637	44	5	5	34	0.000135212	36979	1	FALSE	ORF1ab:cds-YP_009725295.1	ATA	I	AGA	R	1398
NC_045512.2	4458	T	C	36930	23637	44	17	17	33	0.00045972	36979	0.997239	FALSE	ORF1ab:cds-YP_009724389.1	ATA	I	ACA	T	1398
NC_045512.2	4458	T	C	36930	23637	44	17	17	33	0.00045972	36979	0.997239	FALSE	ORF1ab:cds-YP_009725295.1	ATA	I	ACA	T	1398
NC_045512.2	4458	T	A	36930	23637	44	27	27	32	0.000730144	36979	0.896006	FALSE	ORF1ab:cds-YP_009724389.1	ATA	I	AAA	K	1398
NC_045512.2	4458	T	A	36930	23637	44	27	27	32	0.000730144	36979	0.896006	FALSE	ORF1ab:cds-YP_009725295.1	ATA	I	AAA	K	1398
NC_045512.2	4459	A	T	37796	24228	44	19	15	33	0.000502181	37835	0.994759	FALSE	ORF1ab:cds-YP_009724389.1	ATA	I	ATT	I	1398
NC_045512.2	4459	A	T	37796	24228	44	19	15	33	0.000502181	37835	0.994759	FALSE	ORF1ab:cds-YP_009725295.1	ATA	I	ATT	I	1398
NC_045512.2	4459	A	G	37796	24228	44	7	4	31	0.000185014	37835	1	FALSE	ORF1ab:cds-YP_009724389.1	ATA	I	ATG	M	1398
NC_045512.2	4459	A	G	37796	24228	44	7	4	31	0.000185014	37835	1	FALSE	ORF1ab:cds-YP_009725295.1	ATA	I	ATG	M	1398
NC_045512.2	4459	A	C	37796	24228	44	13	13	32	0.000343597	37835	0.999846	FALSE	ORF1ab:cds-YP_009724389.1	ATA	I	ATC	I	1398
NC_045512.2	4459	A	C	37796	24228	44	13	13	32	0.000343597	37835	0.999846	FALSE	ORF1ab:cds-YP_009725295.1	ATA	I	ATC	I	1398
NC_045512.2	4460	G	T	37937	24463	44	7	7	32	0.000184274	37987	1	FALSE	ORF1ab:cds-YP_009724389.1	GTT	V	TTT	F	1399
NC_045512.2	4460	G	T	37937	24463	44	7	7	32	0.000184274	37987	1	FALSE	ORF1ab:cds-YP_009725295.1	GTT	V	TTT	F	1399
NC_045512.2	4460	G	C	37937	24463	44	4	4	28	0.000105299	37987	1	FALSE	ORF1ab:cds-YP_009724389.1	GTT	V	CTT	L	1399
NC_045512.2	4460	G	C	37937	24463	44	4	4	28	0.000105299	37987	1	FALSE	ORF1ab:cds-YP_009725295.1	GTT	V	CTT	L	1399
NC_045512.2	4460	G	A	37937	24463	44	39	39	33	0.00102667	37987	0.453909	FALSE	ORF1ab:cds-YP_009724389.1	GTT	V	ATT	I	1399
NC_045512.2	4460	G	A	37937	24463	44	39	39	33	0.00102667	37987	0.453909	FALSE	ORF1ab:cds-YP_009725295.1	GTT	V	ATT	I	1399
NC_045512.2	4461	T	G	37469	24088	44	24	23	32	0.000639761	37514	0.963804	FALSE	ORF1ab:cds-YP_009724389.1	GTT	V	GGT	G	1399
NC_045512.2	4461	T	G	37469	24088	44	24	23	32	0.000639761	37514	0.963804	FALSE	ORF1ab:cds-YP_009725295.1	GTT	V	GGT	G	1399
NC_045512.2	4461	T	C	37469	24088	44	6	6	38	0.00015994	37514	1	FALSE	ORF1ab:cds-YP_009724389.1	GTT	V	GCT	A	1399
NC_045512.2	4461	T	C	37469	24088	44	6	6	38	0.00015994	37514	1	FALSE	ORF1ab:cds-YP_009725295.1	GTT	V	GCT	A	1399
NC_045512.2	4461	T	A	37469	24088	44	15	15	34	0.000399851	37514	0.999399	FALSE	ORF1ab:cds-YP_009724389.1	GTT	V	GAT	D	1399
NC_045512.2	4461	T	A	37469	24088	44	15	15	34	0.000399851	37514	0.999399	FALSE	ORF1ab:cds-YP_009725295.1	GTT	V	GAT	D	1399
NC_045512.2	4462	T	G	37879	24489	44	10	10	34	0.000263755	37914	0.999987	FALSE	ORF1ab:cds-YP_009724389.1	GTT	V	GTG	V	1399
NC_045512.2	4462	T	G	37879	24489	44	10	10	34	0.000263755	37914	0.999987	FALSE	ORF1ab:cds-YP_009725295.1	GTT	V	GTG	V	1399
NC_045512.2	4462	T	C	37879	24489	44	8	6	36	0.000211004	37914	0.999998	FALSE	ORF1ab:cds-YP_009724389.1	GTT	V	GTC	V	1399
NC_045512.2	4462	T	C	37879	24489	44	8	6	36	0.000211004	37914	0.999998	FALSE	ORF1ab:cds-YP_009725295.1	GTT	V	GTC	V	1399
NC_045512.2	4462	T	A	37879	24489	44	17	17	33	0.000448383	37914	0.998077	FALSE	ORF1ab:cds-YP_009724389.1	GTT	V	GTA	V	1399
NC_045512.2	4462	T	A	37879	24489	44	17	17	33	0.000448383	37914	0.998077	FALSE	ORF1ab:cds-YP_009725295.1	GTT	V	GTA	V	1399
NC_045512.2	4463	T	G	37381	24029	44	9	9	31	0.000240622	37403	0.999995	FALSE	ORF1ab:cds-YP_009724389.1	TCA	S	GCA	A	1400
NC_045512.2	4463	T	G	37381	24029	44	9	9	31	0.000240622	37403	0.999995	FALSE	ORF1ab:cds-YP_009725295.1	TCA	S	GCA	A	1400
NC_045512.2	4463	T	C	37381	24029	44	4	4	34	0.000106943	37403	1	FALSE	ORF1ab:cds-YP_009724389.1	TCA	S	CCA	P	1400
NC_045512.2	4463	T	C	37381	24029	44	4	4	34	0.000106943	37403	1	FALSE	ORF1ab:cds-YP_009725295.1	TCA	S	CCA	P	1400
NC_045512.2	4463	T	A	37381	24029	44	9	9	31	0.000240622	37403	0.999995	FALSE	ORF1ab:cds-YP_009724389.1	TCA	S	ACA	T	1400
NC_045512.2	4463	T	A	37381	24029	44	9	9	31	0.000240622	37403	0.999995	FALSE	ORF1ab:cds-YP_009725295.1	TCA	S	ACA	T	1400
NC_045512.2	4464	C	T	43017	24767	44	36	36	32	0.000835984	43063	0.815768	FALSE	ORF1ab:cds-YP_009724389.1	TCA	S	TTA	L	1400
NC_045512.2	4464	C	T	43017	24767	44	36	36	32	0.000835984	43063	0.815768	FALSE	ORF1ab:cds-YP_009725295.1	TCA	S	TTA	L	1400
NC_045512.2	4464	C	G	43017	24767	44	5	4	34	0.000116109	43063	1	FALSE	ORF1ab:cds-YP_009724389.1	TCA	S	TGA	*	1400
NC_045512.2	4464	C	G	43017	24767	44	5	4	34	0.000116109	43063	1	FALSE	ORF1ab:cds-YP_009725295.1	TCA	S	TGA	*	1400
NC_045512.2	4464	C	A	43017	24767	44	5	5	30	0.000116109	43063	1	FALSE	ORF1ab:cds-YP_009724389.1	TCA	S	TAA	*	1400
NC_045512.2	4464	C	A	43017	24767	44	5	5	30	0.000116109	43063	1	FALSE	ORF1ab:cds-YP_009725295.1	TCA	S	TAA	*	1400
NC_045512.2	4465	A	T	42798	24519	43	14	14	34	0.000326759	42845	0.999963	FALSE	ORF1ab:cds-YP_009724389.1	TCA	S	TCT	S	1400
NC_045512.2	4465	A	T	42798	24519	43	14	14	34	0.000326759	42845	0.999963	FALSE	ORF1ab:cds-YP_009725295.1	TCA	S	TCT	S	1400
NC_045512.2	4465	A	G	42798	24519	43	6	5	45	0.00014004	42845	0.376371	FALSE	ORF1ab:cds-YP_009724389.1	TCA	S	TCG	S	1400
NC_045512.2	4465	A	G	42798	24519	43	6	5	45	0.00014004	42845	0.376371	FALSE	ORF1ab:cds-YP_009725295.1	TCA	S	TCG	S	1400
NC_045512.2	4465	A	C	42798	24519	43	27	21	31	0.000630179	42845	0.97329	FALSE	ORF1ab:cds-YP_009724389.1	TCA	S	TCC	S	1400
NC_045512.2	4465	A	C	42798	24519	43	27	21	31	0.000630179	42845	0.97329	FALSE	ORF1ab:cds-YP_009725295.1	TCA	S	TCC	S	1400
NC_045512.2	4466	A	T	42055	24819	41	10	9	37	0.000237631	42082	0.999999	FALSE	ORF1ab:cds-YP_009724389.1	ACT	T	TCT	S	1401
NC_045512.2	4466	A	T	42055	24819	41	10	9	37	0.000237631	42082	0.999999	FALSE	ORF1ab:cds-YP_009725295.1	ACT	T	TCT	S	1401
NC_045512.2	4466	A	G	42055	24819	41	5	1	31	0.000118816	42082	1	FALSE	ORF1ab:cds-YP_009724389.1	ACT	T	GCT	A	1401
NC_045512.2	4466	A	G	42055	24819	41	5	1	31	0.000118816	42082	1	FALSE	ORF1ab:cds-YP_009725295.1	ACT	T	GCT	A	1401
NC_045512.2	4466	A	C	42055	24819	41	12	12	32	0.000285158	42082	0.999993	FALSE	ORF1ab:cds-YP_009724389.1	ACT	T	CCT	P	1401
NC_045512.2	4466	A	C	42055	24819	41	12	12	32	0.000285158	42082	0.999993	FALSE	ORF1ab:cds-YP_009725295.1	ACT	T	CCT	P	1401
NC_045512.2	4467	C	T	43685	24864	43	6	5	32	0.000137202	43731	1	FALSE	ORF1ab:cds-YP_009724389.1	ACT	T	ATT	I	1401
NC_045512.2	4467	C	T	43685	24864	43	6	5	32	0.000137202	43731	1	FALSE	ORF1ab:cds-YP_009725295.1	ACT	T	ATT	I	1401
NC_045512.2	4467	C	G	43685	24864	43	7	6	32	0.00016007	43731	1	FALSE	ORF1ab:cds-YP_009724389.1	ACT	T	AGT	S	1401
NC_045512.2	4467	C	G	43685	24864	43	7	6	32	0.00016007	43731	1	FALSE	ORF1ab:cds-YP_009725295.1	ACT	T	AGT	S	1401
NC_045512.2	4467	C	A	43685	24864	43	33	32	32	0.000754613	43731	0.896515	FALSE	ORF1ab:cds-YP_009724389.1	ACT	T	AAT	N	1401
NC_045512.2	4467	C	A	43685	24864	43	33	32	32	0.000754613	43731	0.896515	FALSE	ORF1ab:cds-YP_009725295.1	ACT	T	AAT	N	1401
NC_045512.2	4468	T	G	42635	23958	44	1	1	34	2.34285e-05	42683	1	FALSE	ORF1ab:cds-YP_009724389.1	ACT	T	ACG	T	1401
NC_045512.2	4468	T	G	42635	23958	44	1	1	34	2.34285e-05	42683	1	FALSE	ORF1ab:cds-YP_009725295.1	ACT	T	ACG	T	1401
NC_045512.2	4468	T	C	42635	23958	44	25	24	32	0.000585713	42683	0.986397	FALSE	ORF1ab:cds-YP_009724389.1	ACT	T	ACC	T	1401
NC_045512.2	4468	T	C	42635	23958	44	25	24	32	0.000585713	42683	0.986397	FALSE	ORF1ab:cds-YP_009725295.1	ACT	T	ACC	T	1401
NC_045512.2	4468	T	A	42635	23958	44	22	22	32	0.000515428	42683	0.99591	FALSE	ORF1ab:cds-YP_009724389.1	ACT	T	ACA	T	1401
NC_045512.2	4468	T	A	42635	23958	44	22	22	32	0.000515428	42683	0.99591	FALSE	ORF1ab:cds-YP_009725295.1	ACT	T	ACA	T	1401
NC_045512.2	4469	A	T	42685	23970	44	19	19	32	0.000444715	42724	0.999064	FALSE	ORF1ab:cds-YP_009724389.1	ATA	I	TTA	L	1402
NC_045512.2	4469	A	T	42685	23970	44	19	19	32	0.000444715	42724	0.999064	FALSE	ORF1ab:cds-YP_009725295.1	ATA	I	TTA	L	1402
NC_045512.2	4469	A	G	42685	23970	44	9	7	41	0.000210654	42724	0.133138	FALSE	ORF1ab:cds-YP_009724389.1	ATA	I	GTA	V	1402
NC_045512.2	4469	A	G	42685	23970	44	9	7	41	0.000210654	42724	0.133138	FALSE	ORF1ab:cds-YP_009725295.1	ATA	I	GTA	V	1402
NC_045512.2	4469	A	C	42685	23970	44	11	10	32	0.000257467	42724	0.999997	FALSE	ORF1ab:cds-YP_009724389.1	ATA	I	CTA	L	1402
NC_045512.2	4469	A	C	42685	23970	44	11	10	32	0.000257467	42724	0.999997	FALSE	ORF1ab:cds-YP_009725295.1	ATA	I	CTA	L	1402
NC_045512.2	4470	T	G	42861	24241	44	2	1	34	4.66146e-05	42905	1	FALSE	ORF1ab:cds-YP_009724389.1	ATA	I	AGA	R	1402
NC_045512.2	4470	T	G	42861	24241	44	2	1	34	4.66146e-05	42905	1	FALSE	ORF1ab:cds-YP_009725295.1	ATA	I	AGA	R	1402
NC_045512.2	4470	T	C	42861	24241	44	16	16	33	0.000372917	42905	0.999846	FALSE	ORF1ab:cds-YP_009724389.1	ATA	I	ACA	T	1402
NC_045512.2	4470	T	C	42861	24241	44	16	16	33	0.000372917	42905	0.999846	FALSE	ORF1ab:cds-YP_009725295.1	ATA	I	ACA	T	1402
NC_045512.2	4470	T	A	42861	24241	44	26	26	32	0.00060599	42905	0.980732	FALSE	ORF1ab:cds-YP_009724389.1	ATA	I	AAA	K	1402
NC_045512.2	4470	T	A	42861	24241	44	26	26	32	0.00060599	42905	0.980732	FALSE	ORF1ab:cds-YP_009725295.1	ATA	I	AAA	K	1402
NC_045512.2	4471	A	T	42059	24009	43	35	35	32	0.000831196	42108	0.818736	FALSE	ORF1ab:cds-YP_009724389.1	ATA	I	ATT	I	1402
NC_045512.2	4471	A	T	42059	24009	43	35	35	32	0.000831196	42108	0.818736	FALSE	ORF1ab:cds-YP_009725295.1	ATA	I	ATT	I	1402
NC_045512.2	4471	A	G	42059	24009	43	2	1	64	4.74969e-05	42108	0.249724	FALSE	ORF1ab:cds-YP_009724389.1	ATA	I	ATG	M	1402
NC_045512.2	4471	A	G	42059	24009	43	2	1	64	4.74969e-05	42108	0.249724	FALSE	ORF1ab:cds-YP_009725295.1	ATA	I	ATG	M	1402
NC_045512.2	4471	A	C	42059	24009	43	12	12	31	0.000284981	42108	0.999993	FALSE	ORF1ab:cds-YP_009724389.1	ATA	I	ATC	I	1402
NC_045512.2	4471	A	C	42059	24009	43	12	12	31	0.000284981	42108	0.999993	FALSE	ORF1ab:cds-YP_009725295.1	ATA	I	ATC	I	1402
NC_045512.2	4472	C	T	42119	24070	43	14	11	45	0.000331927	42178	0.0153481	FALSE	ORF1ab:cds-YP_009724389.1	CAG	Q	TAG	*	1403
NC_045512.2	4472	C	T	42119	24070	43	14	11	45	0.000331927	42178	0.0153481	FALSE	ORF1ab:cds-YP_009725295.1	CAG	Q	TAG	*	1403
NC_045512.2	4472	C	G	42119	24070	43	7	4	31	0.000165963	42178	1	FALSE	ORF1ab:cds-YP_009724389.1	CAG	Q	GAG	E	1403
NC_045512.2	4472	C	G	42119	24070	43	7	4	31	0.000165963	42178	1	FALSE	ORF1ab:cds-YP_009725295.1	CAG	Q	GAG	E	1403
NC_045512.2	4472	C	A	42119	24070	43	38	38	32	0.000900944	42178	0.711149	FALSE	ORF1ab:cds-YP_009724389.1	CAG	Q	AAG	K	1403
NC_045512.2	4472	C	A	42119	24070	43	38	38	32	0.000900944	42178	0.711149	FALSE	ORF1ab:cds-YP_009725295.1	CAG	Q	AAG	K	1403
NC_045512.2	4473	A	T	36148	18731	44	12	12	34	0.000331519	36197	0.999888	FALSE	ORF1ab:cds-YP_009724389.1	CAG	Q	CTG	L	1403
NC_045512.2	4473	A	T	36148	18731	44	12	12	34	0.000331519	36197	0.999888	FALSE	ORF1ab:cds-YP_009725295.1	CAG	Q	CTG	L	1403
NC_045512.2	4473	A	G	36148	18731	44	8	2	37	0.000221013	36197	0.999997	FALSE	ORF1ab:cds-YP_009724389.1	CAG	Q	CGG	R	1403
NC_045512.2	4473	A	G	36148	18731	44	8	2	37	0.000221013	36197	0.999997	FALSE	ORF1ab:cds-YP_009725295.1	CAG	Q	CGG	R	1403
NC_045512.2	4473	A	C	36148	18731	44	29	29	34	0.000801171	36197	0.839049	FALSE	ORF1ab:cds-YP_009724389.1	CAG	Q	CCG	P	1403
NC_045512.2	4473	A	C	36148	18731	44	29	29	34	0.000801171	36197	0.839049	FALSE	ORF1ab:cds-YP_009725295.1	CAG	Q	CCG	P	1403
NC_045512.2	4474	G	T	37437	18831	44	3	3	34	8.00427e-05	37480	1	FALSE	ORF1ab:cds-YP_009724389.1	CAG	Q	CAT	H	1403
NC_045512.2	4474	G	T	37437	18831	44	3	3	34	8.00427e-05	37480	1	FALSE	ORF1ab:cds-YP_009725295.1	CAG	Q	CAT	H	1403
NC_045512.2	4474	G	C	37437	18831	44	8	8	34	0.000213447	37480	0.999998	FALSE	ORF1ab:cds-YP_009724389.1	CAG	Q	CAC	H	1403
NC_045512.2	4474	G	C	37437	18831	44	8	8	34	0.000213447	37480	0.999998	FALSE	ORF1ab:cds-YP_009725295.1	CAG	Q	CAC	H	1403
NC_045512.2	4474	G	A	37437	18831	44	32	32	32	0.000853789	37480	0.764576	FALSE	ORF1ab:cds-YP_009724389.1	CAG	Q	CAA	Q	1403
NC_045512.2	4474	G	A	37437	18831	44	32	32	32	0.000853789	37480	0.764576	FALSE	ORF1ab:cds-YP_009725295.1	CAG	Q	CAA	Q	1403
NC_045512.2	4475	C	T	36552	18204	44	6	5	45	0.000163975	36591	0.253462	FALSE	ORF1ab:cds-YP_009724389.1	CGT	R	TGT	C	1404
NC_045512.2	4475	C	T	36552	18204	44	6	5	45	0.000163975	36591	0.253462	FALSE	ORF1ab:cds-YP_009725295.1	CGT	R	TGT	C	1404
NC_045512.2	4475	C	G	36552	18204	44	19	19	32	0.000519253	36591	0.992753	FALSE	ORF1ab:cds-YP_009724389.1	CGT	R	GGT	G	1404
NC_045512.2	4475	C	G	36552	18204	44	19	19	32	0.000519253	36591	0.992753	FALSE	ORF1ab:cds-YP_009725295.1	CGT	R	GGT	G	1404
NC_045512.2	4475	C	A	36552	18204	44	14	12	31	0.000382608	36591	0.99953	FALSE	ORF1ab:cds-YP_009724389.1	CGT	R	AGT	S	1404
NC_045512.2	4475	C	A	36552	18204	44	14	12	31	0.000382608	36591	0.99953	FALSE	ORF1ab:cds-YP_009725295.1	CGT	R	AGT	S	1404
NC_045512.2	4476	G	T	36678	18247	44	4	4	34	0.000108947	36715	1	FALSE	ORF1ab:cds-YP_009724389.1	CGT	R	CTT	L	1404
NC_045512.2	4476	G	T	36678	18247	44	4	4	34	0.000108947	36715	1	FALSE	ORF1ab:cds-YP_009725295.1	CGT	R	CTT	L	1404
NC_045512.2	4476	G	C	36678	18247	44	19	18	31	0.0005175	36715	0.992757	FALSE	ORF1ab:cds-YP_009724389.1	CGT	R	CCT	P	1404
NC_045512.2	4476	G	C	36678	18247	44	19	18	31	0.0005175	36715	0.992757	FALSE	ORF1ab:cds-YP_009725295.1	CGT	R	CCT	P	1404
NC_045512.2	4476	G	A	36678	18247	44	14	13	38	0.000381316	36715	0.99953	FALSE	ORF1ab:cds-YP_009724389.1	CGT	R	CAT	H	1404
NC_045512.2	4476	G	A	36678	18247	44	14	13	38	0.000381316	36715	0.99953	FALSE	ORF1ab:cds-YP_009725295.1	CGT	R	CAT	H	1404
NC_045512.2	4476	G	-T	36678	18247	44	1	0	20	2.72368e-05	36715	1	FALSE	NA	NA	NA	NA	NA	NA
NC_045512.2	4477	T	G	36488	18414	43	28	27	33	0.000766472	36531	0.869538	FALSE	ORF1ab:cds-YP_009724389.1	CGT	R	CGG	R	1404
NC_045512.2	4477	T	G	36488	18414	43	28	27	33	0.000766472	36531	0.869538	FALSE	ORF1ab:cds-YP_009725295.1	CGT	R	CGG	R	1404
NC_045512.2	4477	T	C	36488	18414	43	8	8	33	0.000218992	36531	0.999997	FALSE	ORF1ab:cds-YP_009724389.1	CGT	R	CGC	R	1404
NC_045512.2	4477	T	C	36488	18414	43	8	8	33	0.000218992	36531	0.999997	FALSE	ORF1ab:cds-YP_009725295.1	CGT	R	CGC	R	1404
NC_045512.2	4477	T	A	36488	18414	43	7	5	31	0.000191618	36531	0.999999	FALSE	ORF1ab:cds-YP_009724389.1	CGT	R	CGA	R	1404
NC_045512.2	4477	T	A	36488	18414	43	7	5	31	0.000191618	36531	0.999999	FALSE	ORF1ab:cds-YP_009725295.1	CGT	R	CGA	R	1404
NC_045512.2	4478	A	T	35905	18969	44	27	26	33	0.000750876	35958	0.873105	FALSE	ORF1ab:cds-YP_009724389.1	AAA	K	TAA	*	1405
NC_045512.2	4478	A	T	35905	18969	44	27	26	33	0.000750876	35958	0.873105	FALSE	ORF1ab:cds-YP_009725295.1	AAA	K	TAA	*	1405
NC_045512.2	4478	A	G	35905	18969	44	13	7	43	0.000361533	35958	0.0105683	FALSE	ORF1ab:cds-YP_009724389.1	AAA	K	GAA	E	1405
NC_045512.2	4478	A	G	35905	18969	44	13	7	43	0.000361533	35958	0.0105683	FALSE	ORF1ab:cds-YP_009725295.1	AAA	K	GAA	E	1405
NC_045512.2	4478	A	C	35905	18969	44	13	12	32	0.000361533	35958	0.999638	FALSE	ORF1ab:cds-YP_009724389.1	AAA	K	CAA	Q	1405
NC_045512.2	4478	A	C	35905	18969	44	13	12	32	0.000361533	35958	0.999638	FALSE	ORF1ab:cds-YP_009725295.1	AAA	K	CAA	Q	1405
NC_045512.2	4479	A	T	36630	19434	46	9	9	33	0.000245553	36652	0.999992	FALSE	ORF1ab:cds-YP_009724389.1	AAA	K	ATA	I	1405
NC_045512.2	4479	A	T	36630	19434	46	9	9	33	0.000245553	36652	0.999992	FALSE	ORF1ab:cds-YP_009725295.1	AAA	K	ATA	I	1405
NC_045512.2	4479	A	G	36630	19434	46	12	9	32	0.000327404	36652	0.999889	FALSE	ORF1ab:cds-YP_009724389.1	AAA	K	AGA	R	1405
NC_045512.2	4479	A	G	36630	19434	46	12	9	32	0.000327404	36652	0.999889	FALSE	ORF1ab:cds-YP_009725295.1	AAA	K	AGA	R	1405
NC_045512.2	4479	A	C	36630	19434	46	1	1	34	2.72836e-05	36652	1	FALSE	ORF1ab:cds-YP_009724389.1	AAA	K	ACA	T	1405
NC_045512.2	4479	A	C	36630	19434	46	1	1	34	2.72836e-05	36652	1	FALSE	ORF1ab:cds-YP_009725295.1	AAA	K	ACA	T	1405
NC_045512.2	4480	A	T	35281	20261	42	13	13	34	0.00036823	35304	0.999642	FALSE	ORF1ab:cds-YP_009724389.1	AAA	K	AAT	N	1405
NC_045512.2	4480	A	T	35281	20261	42	13	13	34	0.00036823	35304	0.999642	FALSE	ORF1ab:cds-YP_009725295.1	AAA	K	AAT	N	1405
NC_045512.2	4480	A	G	35281	20261	42	4	3	34	0.000113302	35304	1	FALSE	ORF1ab:cds-YP_009724389.1	AAA	K	AAG	K	1405
NC_045512.2	4480	A	G	35281	20261	42	4	3	34	0.000113302	35304	1	FALSE	ORF1ab:cds-YP_009725295.1	AAA	K	AAG	K	1405
NC_045512.2	4480	A	C	35281	20261	42	6	2	30	0.000169952	35304	1	FALSE	ORF1ab:cds-YP_009724389.1	AAA	K	AAC	N	1405
NC_045512.2	4480	A	C	35281	20261	42	6	2	30	0.000169952	35304	1	FALSE	ORF1ab:cds-YP_009725295.1	AAA	K	AAC	N	1405
NC_045512.2	4481	T	G	39425	20085	46	7	5	30	0.000177345	39471	1	FALSE	ORF1ab:cds-YP_009724389.1	TAT	Y	GAT	D	1406
NC_045512.2	4481	T	G	39425	20085	46	7	5	30	0.000177345	39471	1	FALSE	ORF1ab:cds-YP_009725295.1	TAT	Y	GAT	D	1406
NC_045512.2	4481	T	C	39425	20085	46	4	4	34	0.00010134	39471	1	FALSE	ORF1ab:cds-YP_009724389.1	TAT	Y	CAT	H	1406
NC_045512.2	4481	T	C	39425	20085	46	4	4	34	0.00010134	39471	1	FALSE	ORF1ab:cds-YP_009725295.1	TAT	Y	CAT	H	1406
NC_045512.2	4481	T	A	39425	20085	46	35	35	32	0.000886727	39471	0.719033	FALSE	ORF1ab:cds-YP_009724389.1	TAT	Y	AAT	N	1406
NC_045512.2	4481	T	A	39425	20085	46	35	35	32	0.000886727	39471	0.719033	FALSE	ORF1ab:cds-YP_009725295.1	TAT	Y	AAT	N	1406
NC_045512.2	4482	A	T	38931	20369	45	30	29	33	0.000769902	38966	0.862516	FALSE	ORF1ab:cds-YP_009724389.1	TAT	Y	TTT	F	1406
NC_045512.2	4482	A	T	38931	20369	45	30	29	33	0.000769902	38966	0.862516	FALSE	ORF1ab:cds-YP_009725295.1	TAT	Y	TTT	F	1406
NC_045512.2	4482	A	G	38931	20369	45	2	2	34	5.13268e-05	38966	1	FALSE	ORF1ab:cds-YP_009724389.1	TAT	Y	TGT	C	1406
NC_045512.2	4482	A	G	38931	20369	45	2	2	34	5.13268e-05	38966	1	FALSE	ORF1ab:cds-YP_009725295.1	TAT	Y	TGT	C	1406
NC_045512.2	4482	A	C	38931	20369	45	3	3	34	7.69902e-05	38966	1	FALSE	ORF1ab:cds-YP_009724389.1	TAT	Y	TCT	S	1406
NC_045512.2	4482	A	C	38931	20369	45	3	3	34	7.69902e-05	38966	1	FALSE	ORF1ab:cds-YP_009725295.1	TAT	Y	TCT	S	1406
NC_045512.2	4483	T	G	38287	19385	46	4	4	32	0.000104373	38324	1	FALSE	ORF1ab:cds-YP_009724389.1	TAT	Y	TAG	*	1406
NC_045512.2	4483	T	G	38287	19385	46	4	4	32	0.000104373	38324	1	FALSE	ORF1ab:cds-YP_009725295.1	TAT	Y	TAG	*	1406
NC_045512.2	4483	T	C	38287	19385	46	2	2	30	5.21866e-05	38324	1	FALSE	ORF1ab:cds-YP_009724389.1	TAT	Y	TAC	Y	1406
NC_045512.2	4483	T	C	38287	19385	46	2	2	30	5.21866e-05	38324	1	FALSE	ORF1ab:cds-YP_009725295.1	TAT	Y	TAC	Y	1406
NC_045512.2	4483	T	A	38287	19385	46	31	31	33	0.000808893	38324	0.832194	FALSE	ORF1ab:cds-YP_009724389.1	TAT	Y	TAA	*	1406
NC_045512.2	4483	T	A	38287	19385	46	31	31	33	0.000808893	38324	0.832194	FALSE	ORF1ab:cds-YP_009725295.1	TAT	Y	TAA	*	1406
NC_045512.2	4483	T	-A	38287	19385	46	1	0	20	2.60933e-05	38324	1	FALSE	NA	NA	NA	NA	NA	NA
NC_045512.2	4484	A	T	37839	19233	45	34	33	32	0.000897477	37884	0.681988	FALSE	ORF1ab:cds-YP_009724389.1	AAG	K	TAG	*	1407
NC_045512.2	4484	A	T	37839	19233	45	34	33	32	0.000897477	37884	0.681988	FALSE	ORF1ab:cds-YP_009725295.1	AAG	K	TAG	*	1407
NC_045512.2	4484	A	G	37839	19233	45	11	5	33	0.00029036	37884	0.999969	FALSE	ORF1ab:cds-YP_009724389.1	AAG	K	GAG	E	1407
NC_045512.2	4484	A	G	37839	19233	45	11	5	33	0.00029036	37884	0.999969	FALSE	ORF1ab:cds-YP_009725295.1	AAG	K	GAG	E	1407
NC_045512.2	4485	A	T	37990	19273	46	10	10	33	0.000263082	38011	0.999992	FALSE	ORF1ab:cds-YP_009724389.1	AAG	K	ATG	M	1407
NC_045512.2	4485	A	T	37990	19273	46	10	10	33	0.000263082	38011	0.999992	FALSE	ORF1ab:cds-YP_009725295.1	AAG	K	ATG	M	1407
NC_045512.2	4485	A	G	37990	19273	46	6	4	31	0.000157849	38011	1	FALSE	ORF1ab:cds-YP_009724389.1	AAG	K	AGG	R	1407
NC_045512.2	4485	A	G	37990	19273	46	6	4	31	0.000157849	38011	1	FALSE	ORF1ab:cds-YP_009725295.1	AAG	K	AGG	R	1407
NC_045512.2	4485	A	C	37990	19273	46	5	5	30	0.000131541	38011	1	FALSE	ORF1ab:cds-YP_009724389.1	AAG	K	ACG	T	1407
NC_045512.2	4485	A	C	37990	19273	46	5	5	30	0.000131541	38011	1	FALSE	ORF1ab:cds-YP_009725295.1	AAG	K	ACG	T	1407
NC_045512.2	4486	G	T	38196	19415	46	14	13	32	0.000366109	38240	0.999794	FALSE	ORF1ab:cds-YP_009724389.1	AAG	K	AAT	N	1407
NC_045512.2	4486	G	T	38196	19415	46	14	13	32	0.000366109	38240	0.999794	FALSE	ORF1ab:cds-YP_009725295.1	AAG	K	AAT	N	1407
NC_045512.2	4486	G	C	38196	19415	46	1	1	34	2.61506e-05	38240	1	FALSE	ORF1ab:cds-YP_009724389.1	AAG	K	AAC	N	1407
NC_045512.2	4486	G	C	38196	19415	46	1	1	34	2.61506e-05	38240	1	FALSE	ORF1ab:cds-YP_009725295.1	AAG	K	AAC	N	1407
NC_045512.2	4486	G	A	38196	19415	46	29	28	32	0.000758368	38240	0.889043	FALSE	ORF1ab:cds-YP_009724389.1	AAG	K	AAA	K	1407
NC_045512.2	4486	G	A	38196	19415	46	29	28	32	0.000758368	38240	0.889043	FALSE	ORF1ab:cds-YP_009725295.1	AAG	K	AAA	K	1407
NC_045512.2	4487	G	T	37781	19134	45	11	11	31	0.000290913	37812	0.999969	FALSE	ORF1ab:cds-YP_009724389.1	GGT	G	TGT	C	1408
NC_045512.2	4487	G	T	37781	19134	45	11	11	31	0.000290913	37812	0.999969	FALSE	ORF1ab:cds-YP_009725295.1	GGT	G	TGT	C	1408
NC_045512.2	4487	G	C	37781	19134	45	3	3	28	7.93399e-05	37812	1	FALSE	ORF1ab:cds-YP_009724389.1	GGT	G	CGT	R	1408
NC_045512.2	4487	G	C	37781	19134	45	3	3	28	7.93399e-05	37812	1	FALSE	ORF1ab:cds-YP_009725295.1	GGT	G	CGT	R	1408
NC_045512.2	4487	G	A	37781	19134	45	17	17	32	0.000449593	37812	0.998079	FALSE	ORF1ab:cds-YP_009724389.1	GGT	G	AGT	S	1408
NC_045512.2	4487	G	A	37781	19134	45	17	17	32	0.000449593	37812	0.998079	FALSE	ORF1ab:cds-YP_009725295.1	GGT	G	AGT	S	1408
NC_045512.2	4488	G	T	37960	19275	45	6	6	34	0.000157986	37978	1	FALSE	ORF1ab:cds-YP_009724389.1	GGT	G	GTT	V	1408
NC_045512.2	4488	G	T	37960	19275	45	6	6	34	0.000157986	37978	1	FALSE	ORF1ab:cds-YP_009725295.1	GGT	G	GTT	V	1408
NC_045512.2	4488	G	C	37960	19275	45	3	3	40	7.89931e-05	37978	0.656083	FALSE	ORF1ab:cds-YP_009724389.1	GGT	G	GCT	A	1408
NC_045512.2	4488	G	C	37960	19275	45	3	3	40	7.89931e-05	37978	0.656083	FALSE	ORF1ab:cds-YP_009725295.1	GGT	G	GCT	A	1408
NC_045512.2	4488	G	A	37960	19275	45	9	9	34	0.000236979	37978	0.999995	FALSE	ORF1ab:cds-YP_009724389.1	GGT	G	GAT	D	1408
NC_045512.2	4488	G	A	37960	19275	45	9	9	34	0.000236979	37978	0.999995	FALSE	ORF1ab:cds-YP_009725295.1	GGT	G	GAT	D	1408
NC_045512.2	4489	T	G	34332	16346	44	29	28	31	0.00084371	34372	0.774775	FALSE	ORF1ab:cds-YP_009724389.1	GGT	G	GGG	G	1408
NC_045512.2	4489	T	G	34332	16346	44	29	28	31	0.00084371	34372	0.774775	FALSE	ORF1ab:cds-YP_009725295.1	GGT	G	GGG	G	1408
NC_045512.2	4489	T	C	34332	16346	44	5	5	30	0.000145467	34372	1	FALSE	ORF1ab:cds-YP_009724389.1	GGT	G	GGC	G	1408
NC_045512.2	4489	T	C	34332	16346	44	5	5	30	0.000145467	34372	1	FALSE	ORF1ab:cds-YP_009725295.1	GGT	G	GGC	G	1408
NC_045512.2	4489	T	A	34332	16346	44	6	6	30	0.000174561	34372	0.999999	FALSE	ORF1ab:cds-YP_009724389.1	GGT	G	GGA	G	1408
NC_045512.2	4489	T	A	34332	16346	44	6	6	30	0.000174561	34372	0.999999	FALSE	ORF1ab:cds-YP_009725295.1	GGT	G	GGA	G	1408
NC_045512.2	4490	A	T	35345	17426	46	20	20	32	0.000565163	35388	0.98493	FALSE	ORF1ab:cds-YP_009724389.1	ATT	I	TTT	F	1409
NC_045512.2	4490	A	T	35345	17426	46	20	20	32	0.000565163	35388	0.98493	FALSE	ORF1ab:cds-YP_009725295.1	ATT	I	TTT	F	1409
NC_045512.2	4490	A	G	35345	17426	46	20	15	33	0.000565163	35388	0.98493	FALSE	ORF1ab:cds-YP_009724389.1	ATT	I	GTT	V	1409
NC_045512.2	4490	A	G	35345	17426	46	20	15	33	0.000565163	35388	0.98493	FALSE	ORF1ab:cds-YP_009725295.1	ATT	I	GTT	V	1409
NC_045512.2	4490	A	C	35345	17426	46	3	3	31	8.47745e-05	35388	1	FALSE	ORF1ab:cds-YP_009724389.1	ATT	I	CTT	L	1409
NC_045512.2	4490	A	C	35345	17426	46	3	3	31	8.47745e-05	35388	1	FALSE	ORF1ab:cds-YP_009725295.1	ATT	I	CTT	L	1409
NC_045512.2	4491	T	G	35171	17365	45	7	7	34	0.00019883	35206	0.999999	FALSE	ORF1ab:cds-YP_009724389.1	ATT	I	AGT	S	1409
NC_045512.2	4491	T	G	35171	17365	45	7	7	34	0.00019883	35206	0.999999	FALSE	ORF1ab:cds-YP_009725295.1	ATT	I	AGT	S	1409
NC_045512.2	4491	T	C	35171	17365	45	4	4	40	0.000113617	35206	0.499534	FALSE	ORF1ab:cds-YP_009724389.1	ATT	I	ACT	T	1409
NC_045512.2	4491	T	C	35171	17365	45	4	4	40	0.000113617	35206	0.499534	FALSE	ORF1ab:cds-YP_009725295.1	ATT	I	ACT	T	1409
NC_045512.2	4491	T	A	35171	17365	45	24	24	32	0.000681702	35206	0.94121	FALSE	ORF1ab:cds-YP_009724389.1	ATT	I	AAT	N	1409
NC_045512.2	4491	T	A	35171	17365	45	24	24	32	0.000681702	35206	0.94121	FALSE	ORF1ab:cds-YP_009725295.1	ATT	I	AAT	N	1409
NC_045512.2	4492	T	G	35400	17650	46	6	5	32	0.000169391	35421	1	FALSE	ORF1ab:cds-YP_009724389.1	ATT	I	ATG	M	1409
NC_045512.2	4492	T	G	35400	17650	46	6	5	32	0.000169391	35421	1	FALSE	ORF1ab:cds-YP_009725295.1	ATT	I	ATG	M	1409
NC_045512.2	4492	T	C	35400	17650	46	6	6	36	0.000169391	35421	1	FALSE	ORF1ab:cds-YP_009724389.1	ATT	I	ATC	I	1409
NC_045512.2	4492	T	C	35400	17650	46	6	6	36	0.000169391	35421	1	FALSE	ORF1ab:cds-YP_009725295.1	ATT	I	ATC	I	1409
NC_045512.2	4492	T	A	35400	17650	46	9	9	33	0.000254087	35421	0.999987	FALSE	ORF1ab:cds-YP_009724389.1	ATT	I	ATA	I	1409
NC_045512.2	4492	T	A	35400	17650	46	9	9	33	0.000254087	35421	0.999987	FALSE	ORF1ab:cds-YP_009725295.1	ATT	I	ATA	I	1409
NC_045512.2	4493	A	T	34812	17570	45	28	28	32	0.000803466	34849	0.812787	FALSE	ORF1ab:cds-YP_009724389.1	AAA	K	TAA	*	1410
NC_045512.2	4493	A	T	34812	17570	45	28	28	32	0.000803466	34849	0.812787	FALSE	ORF1ab:cds-YP_009725295.1	AAA	K	TAA	*	1410
NC_045512.2	4493	A	G	34812	17570	45	2	1	30	5.73905e-05	34849	1	FALSE	ORF1ab:cds-YP_009724389.1	AAA	K	GAA	E	1410
NC_045512.2	4493	A	G	34812	17570	45	2	1	30	5.73905e-05	34849	1	FALSE	ORF1ab:cds-YP_009725295.1	AAA	K	GAA	E	1410
NC_045512.2	4493	A	C	34812	17570	45	7	4	28	0.000200867	34849	1	FALSE	ORF1ab:cds-YP_009724389.1	AAA	K	CAA	Q	1410
NC_045512.2	4493	A	C	34812	17570	45	7	4	28	0.000200867	34849	1	FALSE	ORF1ab:cds-YP_009725295.1	AAA	K	CAA	Q	1410
NC_045512.2	4494	A	T	35778	17726	45	15	15	32	0.000418983	35801	0.9987	FALSE	ORF1ab:cds-YP_009724389.1	AAA	K	ATA	I	1410
NC_045512.2	4494	A	T	35778	17726	45	15	15	32	0.000418983	35801	0.9987	FALSE	ORF1ab:cds-YP_009725295.1	AAA	K	ATA	I	1410
NC_045512.2	4494	A	G	35778	17726	45	5	3	39	0.000139661	35801	1	FALSE	ORF1ab:cds-YP_009724389.1	AAA	K	AGA	R	1410
NC_045512.2	4494	A	G	35778	17726	45	5	3	39	0.000139661	35801	1	FALSE	ORF1ab:cds-YP_009725295.1	AAA	K	AGA	R	1410
NC_045512.2	4494	A	C	35778	17726	45	3	3	31	8.37965e-05	35801	1	FALSE	ORF1ab:cds-YP_009724389.1	AAA	K	ACA	T	1410
NC_045512.2	4494	A	C	35778	17726	45	3	3	31	8.37965e-05	35801	1	FALSE	ORF1ab:cds-YP_009725295.1	AAA	K	ACA	T	1410
NC_045512.2	4495	A	T	34982	17674	44	12	12	33	0.000342867	34999	0.999733	FALSE	ORF1ab:cds-YP_009724389.1	AAA	K	AAT	N	1410
NC_045512.2	4495	A	T	34982	17674	44	12	12	33	0.000342867	34999	0.999733	FALSE	ORF1ab:cds-YP_009725295.1	AAA	K	AAT	N	1410
NC_045512.2	4495	A	G	34982	17674	44	2	0	34	5.71445e-05	34999	1	FALSE	ORF1ab:cds-YP_009724389.1	AAA	K	AAG	K	1410
NC_045512.2	4495	A	G	34982	17674	44	2	0	34	5.71445e-05	34999	1	FALSE	ORF1ab:cds-YP_009725295.1	AAA	K	AAG	K	1410
NC_045512.2	4495	A	C	34982	17674	44	3	1	28	8.57167e-05	34999	1	FALSE	ORF1ab:cds-YP_009724389.1	AAA	K	AAC	N	1410
NC_045512.2	4495	A	C	34982	17674	44	3	1	28	8.57167e-05	34999	1	FALSE	ORF1ab:cds-YP_009725295.1	AAA	K	AAC	N	1410
NC_045512.2	4496	A	T	37115	17970	45	1	1	26	2.69375e-05	37123	1	FALSE	ORF1ab:cds-YP_009724389.1	ATA	I	TTA	L	1411
NC_045512.2	4496	A	T	37115	17970	45	1	1	26	2.69375e-05	37123	1	FALSE	ORF1ab:cds-YP_009725295.1	ATA	I	TTA	L	1411
NC_045512.2	4496	A	G	37115	17970	45	4	3	34	0.00010775	37123	1	FALSE	ORF1ab:cds-YP_009724389.1	ATA	I	GTA	V	1411
NC_045512.2	4496	A	G	37115	17970	45	4	3	34	0.00010775	37123	1	FALSE	ORF1ab:cds-YP_009725295.1	ATA	I	GTA	V	1411
NC_045512.2	4496	A	C	37115	17970	45	3	3	29	8.08124e-05	37123	1	FALSE	ORF1ab:cds-YP_009724389.1	ATA	I	CTA	L	1411
NC_045512.2	4496	A	C	37115	17970	45	3	3	29	8.08124e-05	37123	1	FALSE	ORF1ab:cds-YP_009725295.1	ATA	I	CTA	L	1411
NC_045512.2	4497	T	G	36883	17752	45	6	3	28	0.000162487	36926	1	FALSE	ORF1ab:cds-YP_009724389.1	ATA	I	AGA	R	1411
NC_045512.2	4497	T	G	36883	17752	45	6	3	28	0.000162487	36926	1	FALSE	ORF1ab:cds-YP_009725295.1	ATA	I	AGA	R	1411
NC_045512.2	4497	T	C	36883	17752	45	1	1	26	2.70812e-05	36926	1	FALSE	ORF1ab:cds-YP_009724389.1	ATA	I	ACA	T	1411
NC_045512.2	4497	T	C	36883	17752	45	1	1	26	2.70812e-05	36926	1	FALSE	ORF1ab:cds-YP_009725295.1	ATA	I	ACA	T	1411
NC_045512.2	4497	T	A	36883	17752	45	36	35	33	0.000974923	36926	0.546601	FALSE	ORF1ab:cds-YP_009724389.1	ATA	I	AAA	K	1411
NC_045512.2	4497	T	A	36883	17752	45	36	35	33	0.000974923	36926	0.546601	FALSE	ORF1ab:cds-YP_009725295.1	ATA	I	AAA	K	1411
NC_045512.2	4498	A	T	36897	17807	45	20	19	32	0.000541668	36923	0.98889	FALSE	ORF1ab:cds-YP_009724389.1	ATA	I	ATT	I	1411
NC_045512.2	4498	A	T	36897	17807	45	20	19	32	0.000541668	36923	0.98889	FALSE	ORF1ab:cds-YP_009725295.1	ATA	I	ATT	I	1411
NC_045512.2	4498	A	G	36897	17807	45	6	2	43	0.0001625	36923	0.25364	FALSE	ORF1ab:cds-YP_009724389.1	ATA	I	ATG	M	1411
NC_045512.2	4498	A	G	36897	17807	45	6	2	43	0.0001625	36923	0.25364	FALSE	ORF1ab:cds-YP_009725295.1	ATA	I	ATG	M	1411
NC_045512.2	4499	C	T	36913	17812	45	9	8	33	0.000243559	36952	0.999992	FALSE	ORF1ab:cds-YP_009724389.1	CAA	Q	TAA	*	1412
NC_045512.2	4499	C	T	36913	17812	45	9	8	33	0.000243559	36952	0.999992	FALSE	ORF1ab:cds-YP_009725295.1	CAA	Q	TAA	*	1412
NC_045512.2	4499	C	G	36913	17812	45	3	3	31	8.11864e-05	36952	1	FALSE	ORF1ab:cds-YP_009724389.1	CAA	Q	GAA	E	1412
NC_045512.2	4499	C	G	36913	17812	45	3	3	31	8.11864e-05	36952	1	FALSE	ORF1ab:cds-YP_009725295.1	CAA	Q	GAA	E	1412
NC_045512.2	4499	C	A	36913	17812	45	27	26	32	0.000730678	36952	0.8962	FALSE	ORF1ab:cds-YP_009724389.1	CAA	Q	AAA	K	1412
NC_045512.2	4499	C	A	36913	17812	45	27	26	32	0.000730678	36952	0.8962	FALSE	ORF1ab:cds-YP_009725295.1	CAA	Q	AAA	K	1412
NC_045512.2	4500	A	T	36909	17702	45	13	10	33	0.000351846	36948	0.999764	FALSE	ORF1ab:cds-YP_009724389.1	CAA	Q	CTA	L	1412
NC_045512.2	4500	A	T	36909	17702	45	13	10	33	0.000351846	36948	0.999764	FALSE	ORF1ab:cds-YP_009725295.1	CAA	Q	CTA	L	1412
NC_045512.2	4500	A	G	36909	17702	45	5	4	34	0.000135325	36948	1	FALSE	ORF1ab:cds-YP_009724389.1	CAA	Q	CGA	R	1412
NC_045512.2	4500	A	G	36909	17702	45	5	4	34	0.000135325	36948	1	FALSE	ORF1ab:cds-YP_009725295.1	CAA	Q	CGA	R	1412
NC_045512.2	4500	A	C	36909	17702	45	21	21	33	0.000568366	36948	0.98339	FALSE	ORF1ab:cds-YP_009724389.1	CAA	Q	CCA	P	1412
NC_045512.2	4500	A	C	36909	17702	45	21	21	33	0.000568366	36948	0.98339	FALSE	ORF1ab:cds-YP_009725295.1	CAA	Q	CCA	P	1412
NC_045512.2	4501	A	T	37038	17877	44	4	4	32	0.000107936	37059	1	FALSE	ORF1ab:cds-YP_009724389.1	CAA	Q	CAT	H	1412
NC_045512.2	4501	A	T	37038	17877	44	4	4	32	0.000107936	37059	1	FALSE	ORF1ab:cds-YP_009725295.1	CAA	Q	CAT	H	1412
NC_045512.2	4501	A	G	37038	17877	44	7	4	31	0.000188888	37059	1	FALSE	ORF1ab:cds-YP_009724389.1	CAA	Q	CAG	Q	1412
NC_045512.2	4501	A	G	37038	17877	44	7	4	31	0.000188888	37059	1	FALSE	ORF1ab:cds-YP_009725295.1	CAA	Q	CAG	Q	1412
NC_045512.2	4501	A	C	37038	17877	44	10	9	32	0.00026984	37059	0.999988	FALSE	ORF1ab:cds-YP_009724389.1	CAA	Q	CAC	H	1412
NC_045512.2	4501	A	C	37038	17877	44	10	9	32	0.00026984	37059	0.999988	FALSE	ORF1ab:cds-YP_009725295.1	CAA	Q	CAC	H	1412
NC_045512.2	4502	G	T	37071	17955	45	4	4	34	0.000107776	37114	1	FALSE	ORF1ab:cds-YP_009724389.1	GAG	E	TAG	*	1413
NC_045512.2	4502	G	T	37071	17955	45	4	4	34	0.000107776	37114	1	FALSE	ORF1ab:cds-YP_009725295.1	GAG	E	TAG	*	1413
NC_045512.2	4502	G	C	37071	17955	45	9	9	33	0.000242496	37114	0.999995	FALSE	ORF1ab:cds-YP_009724389.1	GAG	E	CAG	Q	1413
NC_045512.2	4502	G	C	37071	17955	45	9	9	33	0.000242496	37114	0.999995	FALSE	ORF1ab:cds-YP_009725295.1	GAG	E	CAG	Q	1413
NC_045512.2	4502	G	A	37071	17955	45	30	30	32	0.00080832	37114	0.835565	FALSE	ORF1ab:cds-YP_009724389.1	GAG	E	AAG	K	1413
NC_045512.2	4502	G	A	37071	17955	45	30	30	32	0.00080832	37114	0.835565	FALSE	ORF1ab:cds-YP_009725295.1	GAG	E	AAG	K	1413
NC_045512.2	4503	A	T	36447	17340	44	4	4	34	0.000109649	36480	1	FALSE	ORF1ab:cds-YP_009724389.1	GAG	E	GTG	V	1413
NC_045512.2	4503	A	T	36447	17340	44	4	4	34	0.000109649	36480	1	FALSE	ORF1ab:cds-YP_009725295.1	GAG	E	GTG	V	1413
NC_045512.2	4503	A	G	36447	17340	44	24	21	34	0.000657895	36480	0.953754	FALSE	ORF1ab:cds-YP_009724389.1	GAG	E	GGG	G	1413
NC_045512.2	4503	A	G	36447	17340	44	24	21	34	0.000657895	36480	0.953754	FALSE	ORF1ab:cds-YP_009725295.1	GAG	E	GGG	G	1413
NC_045512.2	4503	A	C	36447	17340	44	5	5	30	0.000137061	36480	1	FALSE	ORF1ab:cds-YP_009724389.1	GAG	E	GCG	A	1413
NC_045512.2	4503	A	C	36447	17340	44	5	5	30	0.000137061	36480	1	FALSE	ORF1ab:cds-YP_009725295.1	GAG	E	GCG	A	1413
NC_045512.2	4504	G	T	37679	17556	45	4	4	34	0.000106064	37713	1	FALSE	ORF1ab:cds-YP_009724389.1	GAG	E	GAT	D	1413
NC_045512.2	4504	G	T	37679	17556	45	4	4	34	0.000106064	37713	1	FALSE	ORF1ab:cds-YP_009725295.1	GAG	E	GAT	D	1413
NC_045512.2	4504	G	C	37679	17556	45	2	2	30	5.30321e-05	37713	1	FALSE	ORF1ab:cds-YP_009724389.1	GAG	E	GAC	D	1413
NC_045512.2	4504	G	C	37679	17556	45	2	2	30	5.30321e-05	37713	1	FALSE	ORF1ab:cds-YP_009725295.1	GAG	E	GAC	D	1413
NC_045512.2	4504	G	A	37679	17556	45	28	27	34	0.00074245	37713	0.89273	FALSE	ORF1ab:cds-YP_009724389.1	GAG	E	GAA	E	1413
NC_045512.2	4504	G	A	37679	17556	45	28	27	34	0.00074245	37713	0.89273	FALSE	ORF1ab:cds-YP_009725295.1	GAG	E	GAA	E	1413
NC_045512.2	4505	G	T	36245	16167	44	9	6	34	0.000248146	36269	0.999992	FALSE	ORF1ab:cds-YP_009724389.1	GGT	G	TGT	C	1414
NC_045512.2	4505	G	T	36245	16167	44	9	6	34	0.000248146	36269	0.999992	FALSE	ORF1ab:cds-YP_009725295.1	GGT	G	TGT	C	1414
NC_045512.2	4505	G	C	36245	16167	44	4	4	30	0.000110287	36269	1	FALSE	ORF1ab:cds-YP_009724389.1	GGT	G	CGT	R	1414
NC_045512.2	4505	G	C	36245	16167	44	4	4	30	0.000110287	36269	1	FALSE	ORF1ab:cds-YP_009725295.1	GGT	G	CGT	R	1414
NC_045512.2	4505	G	A	36245	16167	44	11	11	34	0.000303289	36269	0.999951	FALSE	ORF1ab:cds-YP_009724389.1	GGT	G	AGT	S	1414
NC_045512.2	4505	G	A	36245	16167	44	11	11	34	0.000303289	36269	0.999951	FALSE	ORF1ab:cds-YP_009725295.1	GGT	G	AGT	S	1414
NC_045512.2	4506	G	T	36972	16415	45	6	5	34	0.000162193	36993	1	FALSE	ORF1ab:cds-YP_009724389.1	GGT	G	GTT	V	1414
NC_045512.2	4506	G	T	36972	16415	45	6	5	34	0.000162193	36993	1	FALSE	ORF1ab:cds-YP_009725295.1	GGT	G	GTT	V	1414
NC_045512.2	4506	G	C	36972	16415	45	4	4	32	0.000108129	36993	1	FALSE	ORF1ab:cds-YP_009724389.1	GGT	G	GCT	A	1414
NC_045512.2	4506	G	C	36972	16415	45	4	4	32	0.000108129	36993	1	FALSE	ORF1ab:cds-YP_009725295.1	GGT	G	GCT	A	1414
NC_045512.2	4506	G	A	36972	16415	45	11	10	34	0.000297354	36993	0.999951	FALSE	ORF1ab:cds-YP_009724389.1	GGT	G	GAT	D	1414
NC_045512.2	4506	G	A	36972	16415	45	11	10	34	0.000297354	36993	0.999951	FALSE	ORF1ab:cds-YP_009725295.1	GGT	G	GAT	D	1414
NC_045512.2	4507	T	G	36575	16053	44	30	29	32	0.000819336	36615	0.805305	FALSE	ORF1ab:cds-YP_009724389.1	GGT	G	GGG	G	1414
NC_045512.2	4507	T	G	36575	16053	44	30	29	32	0.000819336	36615	0.805305	FALSE	ORF1ab:cds-YP_009725295.1	GGT	G	GGG	G	1414
NC_045512.2	4507	T	C	36575	16053	44	5	4	34	0.000136556	36615	1	FALSE	ORF1ab:cds-YP_009724389.1	GGT	G	GGC	G	1414
NC_045512.2	4507	T	C	36575	16053	44	5	4	34	0.000136556	36615	1	FALSE	ORF1ab:cds-YP_009725295.1	GGT	G	GGC	G	1414
NC_045512.2	4507	T	A	36575	16053	44	5	5	32	0.000136556	36615	1	FALSE	ORF1ab:cds-YP_009724389.1	GGT	G	GGA	G	1414
NC_045512.2	4507	T	A	36575	16053	44	5	5	32	0.000136556	36615	1	FALSE	ORF1ab:cds-YP_009725295.1	GGT	G	GGA	G	1414
NC_045512.2	4508	G	T	37003	16227	45	23	22	33	0.000621051	37034	0.974056	FALSE	ORF1ab:cds-YP_009724389.1	GTG	V	TTG	L	1415
NC_045512.2	4508	G	T	37003	16227	45	23	22	33	0.000621051	37034	0.974056	FALSE	ORF1ab:cds-YP_009725295.1	GTG	V	TTG	L	1415
NC_045512.2	4508	G	C	37003	16227	45	3	3	31	8.10066e-05	37034	1	FALSE	ORF1ab:cds-YP_009724389.1	GTG	V	CTG	L	1415
NC_045512.2	4508	G	C	37003	16227	45	3	3	31	8.10066e-05	37034	1	FALSE	ORF1ab:cds-YP_009725295.1	GTG	V	CTG	L	1415
NC_045512.2	4508	G	A	37003	16227	45	5	4	40	0.000135011	37034	0.362905	FALSE	ORF1ab:cds-YP_009724389.1	GTG	V	ATG	M	1415
NC_045512.2	4508	G	A	37003	16227	45	5	4	40	0.000135011	37034	0.362905	FALSE	ORF1ab:cds-YP_009725295.1	GTG	V	ATG	M	1415
NC_045512.2	4509	T	G	36842	16276	45	26	22	31	0.000705047	36877	0.919019	FALSE	ORF1ab:cds-YP_009724389.1	GTG	V	GGG	G	1415
NC_045512.2	4509	T	G	36842	16276	45	26	22	31	0.000705047	36877	0.919019	FALSE	ORF1ab:cds-YP_009725295.1	GTG	V	GGG	G	1415
NC_045512.2	4509	T	C	36842	16276	45	4	3	32	0.000108469	36877	1	FALSE	ORF1ab:cds-YP_009724389.1	GTG	V	GCG	A	1415
NC_045512.2	4509	T	C	36842	16276	45	4	3	32	0.000108469	36877	1	FALSE	ORF1ab:cds-YP_009725295.1	GTG	V	GCG	A	1415
NC_045512.2	4509	T	A	36842	16276	45	5	5	32	0.000135586	36877	1	FALSE	ORF1ab:cds-YP_009724389.1	GTG	V	GAG	E	1415
NC_045512.2	4509	T	A	36842	16276	45	5	5	32	0.000135586	36877	1	FALSE	ORF1ab:cds-YP_009725295.1	GTG	V	GAG	E	1415
NC_045512.2	4509	T	-G	36842	16276	45	2	0	20	5.42343e-05	36877	1	FALSE	NA	NA	NA	NA	NA	NA
NC_045512.2	4510	G	T	36950	15975	45	30	29	32	0.00081114	36985	0.805398	FALSE	ORF1ab:cds-YP_009724389.1	GTG	V	GTT	V	1415
NC_045512.2	4510	G	T	36950	15975	45	30	29	32	0.00081114	36985	0.805398	FALSE	ORF1ab:cds-YP_009725295.1	GTG	V	GTT	V	1415
NC_045512.2	4510	G	C	36950	15975	45	2	2	34	5.4076e-05	36985	1	FALSE	ORF1ab:cds-YP_009724389.1	GTG	V	GTC	V	1415
NC_045512.2	4510	G	C	36950	15975	45	2	2	34	5.4076e-05	36985	1	FALSE	ORF1ab:cds-YP_009725295.1	GTG	V	GTC	V	1415
NC_045512.2	4510	G	A	36950	15975	45	3	2	31	8.1114e-05	36985	1	FALSE	ORF1ab:cds-YP_009724389.1	GTG	V	GTA	V	1415
NC_045512.2	4510	G	A	36950	15975	45	3	2	31	8.1114e-05	36985	1	FALSE	ORF1ab:cds-YP_009725295.1	GTG	V	GTA	V	1415
NC_045512.2	4511	G	T	37644	16550	45	7	7	31	0.000185874	37660	1	FALSE	ORF1ab:cds-YP_009724389.1	GTT	V	TTT	F	1416
NC_045512.2	4511	G	T	37644	16550	45	7	7	31	0.000185874	37660	1	FALSE	ORF1ab:cds-YP_009725295.1	GTT	V	TTT	F	1416
NC_045512.2	4511	G	C	37644	16550	45	5	5	32	0.000132767	37660	1	FALSE	ORF1ab:cds-YP_009724389.1	GTT	V	CTT	L	1416
NC_045512.2	4511	G	C	37644	16550	45	5	5	32	0.000132767	37660	1	FALSE	ORF1ab:cds-YP_009725295.1	GTT	V	CTT	L	1416
NC_045512.2	4511	G	A	37644	16550	45	4	4	34	0.000106213	37660	1	FALSE	ORF1ab:cds-YP_009724389.1	GTT	V	ATT	I	1416
NC_045512.2	4511	G	A	37644	16550	45	4	4	34	0.000106213	37660	1	FALSE	ORF1ab:cds-YP_009725295.1	GTT	V	ATT	I	1416
NC_045512.2	4512	T	G	33715	12600	42	29	28	32	0.000859183	33753	0.736903	FALSE	ORF1ab:cds-YP_009724389.1	GTT	V	GGT	G	1416
NC_045512.2	4512	T	G	33715	12600	42	29	28	32	0.000859183	33753	0.736903	FALSE	ORF1ab:cds-YP_009725295.1	GTT	V	GGT	G	1416
NC_045512.2	4512	T	C	33715	12600	42	6	6	34	0.000177762	33753	0.999999	FALSE	ORF1ab:cds-YP_009724389.1	GTT	V	GCT	A	1416
NC_045512.2	4512	T	C	33715	12600	42	6	6	34	0.000177762	33753	0.999999	FALSE	ORF1ab:cds-YP_009725295.1	GTT	V	GCT	A	1416
NC_045512.2	4512	T	A	33715	12600	42	3	3	34	8.8881e-05	33753	1	FALSE	ORF1ab:cds-YP_009724389.1	GTT	V	GAT	D	1416
NC_045512.2	4512	T	A	33715	12600	42	3	3	34	8.8881e-05	33753	1	FALSE	ORF1ab:cds-YP_009725295.1	GTT	V	GAT	D	1416
NC_045512.2	4513	T	G	37189	15940	46	9	9	32	0.000241896	37206	0.999995	FALSE	ORF1ab:cds-YP_009724389.1	GTT	V	GTG	V	1416
NC_045512.2	4513	T	G	37189	15940	46	9	9	32	0.000241896	37206	0.999995	FALSE	ORF1ab:cds-YP_009725295.1	GTT	V	GTG	V	1416
NC_045512.2	4513	T	C	37189	15940	46	5	1	63	0.000134387	37206	0.0312227	FALSE	ORF1ab:cds-YP_009724389.1	GTT	V	GTC	V	1416
NC_045512.2	4513	T	C	37189	15940	46	5	1	63	0.000134387	37206	0.0312227	FALSE	ORF1ab:cds-YP_009725295.1	GTT	V	GTC	V	1416
NC_045512.2	4513	T	A	37189	15940	46	3	3	34	8.06322e-05	37206	1	FALSE	ORF1ab:cds-YP_009724389.1	GTT	V	GTA	V	1416
NC_045512.2	4513	T	A	37189	15940	46	3	3	34	8.06322e-05	37206	1	FALSE	ORF1ab:cds-YP_009725295.1	GTT	V	GTA	V	1416
NC_045512.2	4514	G	T	37231	15790	46	28	28	33	0.000751355	37266	0.89271	FALSE	ORF1ab:cds-YP_009724389.1	GAT	D	TAT	Y	1417
NC_045512.2	4514	G	T	37231	15790	46	28	28	33	0.000751355	37266	0.89271	FALSE	ORF1ab:cds-YP_009725295.1	GAT	D	TAT	Y	1417
NC_045512.2	4514	G	C	37231	15790	46	2	2	34	5.36682e-05	37266	1	FALSE	ORF1ab:cds-YP_009724389.1	GAT	D	CAT	H	1417
NC_045512.2	4514	G	C	37231	15790	46	2	2	34	5.36682e-05	37266	1	FALSE	ORF1ab:cds-YP_009725295.1	GAT	D	CAT	H	1417
NC_045512.2	4514	G	A	37231	15790	46	5	5	32	0.000134171	37266	1	FALSE	ORF1ab:cds-YP_009724389.1	GAT	D	AAT	N	1417
NC_045512.2	4514	G	A	37231	15790	46	5	5	32	0.000134171	37266	1	FALSE	ORF1ab:cds-YP_009725295.1	GAT	D	AAT	N	1417
NC_045512.2	4515	A	T	37535	18178	49	13	13	33	0.000346012	37571	0.999847	FALSE	ORF1ab:cds-YP_009724389.1	GAT	D	GTT	V	1417
NC_045512.2	4515	A	T	37535	18178	49	13	13	33	0.000346012	37571	0.999847	FALSE	ORF1ab:cds-YP_009725295.1	GAT	D	GTT	V	1417
NC_045512.2	4515	A	G	37535	18178	49	20	20	32	0.000532325	37571	0.991813	FALSE	ORF1ab:cds-YP_009724389.1	GAT	D	GGT	G	1417
NC_045512.2	4515	A	G	37535	18178	49	20	20	32	0.000532325	37571	0.991813	FALSE	ORF1ab:cds-YP_009725295.1	GAT	D	GGT	G	1417
NC_045512.2	4515	A	C	37535	18178	49	3	3	31	7.98488e-05	37571	1	FALSE	ORF1ab:cds-YP_009724389.1	GAT	D	GCT	A	1417
NC_045512.2	4515	A	C	37535	18178	49	3	3	31	7.98488e-05	37571	1	FALSE	ORF1ab:cds-YP_009725295.1	GAT	D	GCT	A	1417
NC_045512.2	4515	A	-T	37535	18178	49	1	0	20	2.66163e-05	37571	1	FALSE	NA	NA	NA	NA	NA	NA
NC_045512.2	4516	T	G	37520	18581	50	8	7	32	0.000212976	37563	0.999998	FALSE	ORF1ab:cds-YP_009724389.1	GAT	D	GAG	E	1417
NC_045512.2	4516	T	G	37520	18581	50	8	7	32	0.000212976	37563	0.999998	FALSE	ORF1ab:cds-YP_009725295.1	GAT	D	GAG	E	1417
NC_045512.2	4516	T	C	37520	18581	50	6	4	27	0.000159732	37563	1	FALSE	ORF1ab:cds-YP_009724389.1	GAT	D	GAC	D	1417
NC_045512.2	4516	T	C	37520	18581	50	6	4	27	0.000159732	37563	1	FALSE	ORF1ab:cds-YP_009725295.1	GAT	D	GAC	D	1417
NC_045512.2	4516	T	A	37520	18581	50	29	29	33	0.000772036	37563	0.865895	FALSE	ORF1ab:cds-YP_009724389.1	GAT	D	GAA	E	1417
NC_045512.2	4516	T	A	37520	18581	50	29	29	33	0.000772036	37563	0.865895	FALSE	ORF1ab:cds-YP_009725295.1	GAT	D	GAA	E	1417
NC_045512.2	4517	T	G	37349	18628	50	7	6	32	0.000187316	37370	1	FALSE	ORF1ab:cds-YP_009724389.1	TAT	Y	GAT	D	1418
NC_045512.2	4517	T	G	37349	18628	50	7	6	32	0.000187316	37370	1	FALSE	ORF1ab:cds-YP_009725295.1	TAT	Y	GAT	D	1418
NC_045512.2	4517	T	C	37349	18628	50	5	5	37	0.000133797	37370	1	FALSE	ORF1ab:cds-YP_009724389.1	TAT	Y	CAT	H	1418
NC_045512.2	4517	T	C	37349	18628	50	5	5	37	0.000133797	37370	1	FALSE	ORF1ab:cds-YP_009725295.1	TAT	Y	CAT	H	1418
NC_045512.2	4517	T	A	37349	18628	50	9	9	32	0.000240835	37370	0.999995	FALSE	ORF1ab:cds-YP_009724389.1	TAT	Y	AAT	N	1418
NC_045512.2	4517	T	A	37349	18628	50	9	9	32	0.000240835	37370	0.999995	FALSE	ORF1ab:cds-YP_009725295.1	TAT	Y	AAT	N	1418
NC_045512.2	4518	A	T	37277	18646	50	37	36	32	0.000991426	37320	0.546013	FALSE	ORF1ab:cds-YP_009724389.1	TAT	Y	TTT	F	1418
NC_045512.2	4518	A	T	37277	18646	50	37	36	32	0.000991426	37320	0.546013	FALSE	ORF1ab:cds-YP_009725295.1	TAT	Y	TTT	F	1418
NC_045512.2	4518	A	G	37277	18646	50	2	1	47	5.35906e-05	37320	0.812173	FALSE	ORF1ab:cds-YP_009724389.1	TAT	Y	TGT	C	1418
NC_045512.2	4518	A	G	37277	18646	50	2	1	47	5.35906e-05	37320	0.812173	FALSE	ORF1ab:cds-YP_009725295.1	TAT	Y	TGT	C	1418
NC_045512.2	4518	A	C	37277	18646	50	4	3	30	0.000107181	37320	1	FALSE	ORF1ab:cds-YP_009724389.1	TAT	Y	TCT	S	1418
NC_045512.2	4518	A	C	37277	18646	50	4	3	30	0.000107181	37320	1	FALSE	ORF1ab:cds-YP_009725295.1	TAT	Y	TCT	S	1418
NC_045512.2	4519	T	G	37189	18508	50	2	1	26	5.37259e-05	37226	1	FALSE	ORF1ab:cds-YP_009724389.1	TAT	Y	TAG	*	1418
NC_045512.2	4519	T	G	37189	18508	50	2	1	26	5.37259e-05	37226	1	FALSE	ORF1ab:cds-YP_009725295.1	TAT	Y	TAG	*	1418
NC_045512.2	4519	T	C	37189	18508	50	3	2	31	8.05888e-05	37226	1	FALSE	ORF1ab:cds-YP_009724389.1	TAT	Y	TAC	Y	1418
NC_045512.2	4519	T	C	37189	18508	50	3	2	31	8.05888e-05	37226	1	FALSE	ORF1ab:cds-YP_009725295.1	TAT	Y	TAC	Y	1418
NC_045512.2	4519	T	A	37189	18508	50	32	31	34	0.000859614	37226	0.764781	FALSE	ORF1ab:cds-YP_009724389.1	TAT	Y	TAA	*	1418
NC_045512.2	4519	T	A	37189	18508	50	32	31	34	0.000859614	37226	0.764781	FALSE	ORF1ab:cds-YP_009725295.1	TAT	Y	TAA	*	1418
NC_045512.2	4520	G	T	36631	18039	50	35	34	33	0.000954094	36684	0.59299	FALSE	ORF1ab:cds-YP_009724389.1	GGT	G	TGT	C	1419
NC_045512.2	4520	G	T	36631	18039	50	35	34	33	0.000954094	36684	0.59299	FALSE	ORF1ab:cds-YP_009725295.1	GGT	G	TGT	C	1419
NC_045512.2	4520	G	C	36631	18039	50	4	4	34	0.000109039	36684	1	FALSE	ORF1ab:cds-YP_009724389.1	GGT	G	CGT	R	1419
NC_045512.2	4520	G	C	36631	18039	50	4	4	34	0.000109039	36684	1	FALSE	ORF1ab:cds-YP_009725295.1	GGT	G	CGT	R	1419
NC_045512.2	4520	G	A	36631	18039	50	14	13	33	0.000381638	36684	0.999528	FALSE	ORF1ab:cds-YP_009724389.1	GGT	G	AGT	S	1419
NC_045512.2	4520	G	A	36631	18039	50	14	13	33	0.000381638	36684	0.999528	FALSE	ORF1ab:cds-YP_009725295.1	GGT	G	AGT	S	1419
NC_045512.2	4521	G	T	37744	18349	50	14	12	37	0.000370596	37777	0.999689	FALSE	ORF1ab:cds-YP_009724389.1	GGT	G	GTT	V	1419
NC_045512.2	4521	G	T	37744	18349	50	14	12	37	0.000370596	37777	0.999689	FALSE	ORF1ab:cds-YP_009725295.1	GGT	G	GTT	V	1419
NC_045512.2	4521	G	C	37744	18349	50	3	1	34	7.94134e-05	37777	1	FALSE	ORF1ab:cds-YP_009724389.1	GGT	G	GCT	A	1419
NC_045512.2	4521	G	C	37744	18349	50	3	1	34	7.94134e-05	37777	1	FALSE	ORF1ab:cds-YP_009725295.1	GGT	G	GCT	A	1419
NC_045512.2	4521	G	A	37744	18349	50	16	15	34	0.000423538	37777	0.998903	FALSE	ORF1ab:cds-YP_009724389.1	GGT	G	GAT	D	1419
NC_045512.2	4521	G	A	37744	18349	50	16	15	34	0.000423538	37777	0.998903	FALSE	ORF1ab:cds-YP_009725295.1	GGT	G	GAT	D	1419
NC_045512.2	4522	T	G	37118	17878	50	38	35	32	0.00102241	37167	0.499533	FALSE	ORF1ab:cds-YP_009724389.1	GGT	G	GGG	G	1419
NC_045512.2	4522	T	G	37118	17878	50	38	35	32	0.00102241	37167	0.499533	FALSE	ORF1ab:cds-YP_009725295.1	GGT	G	GGG	G	1419
NC_045512.2	4522	T	C	37118	17878	50	3	2	30	8.07168e-05	37167	1	FALSE	ORF1ab:cds-YP_009724389.1	GGT	G	GGC	G	1419
NC_045512.2	4522	T	C	37118	17878	50	3	2	30	8.07168e-05	37167	1	FALSE	ORF1ab:cds-YP_009725295.1	GGT	G	GGC	G	1419
NC_045512.2	4522	T	A	37118	17878	50	8	6	33	0.000215245	37167	0.999998	FALSE	ORF1ab:cds-YP_009724389.1	GGT	G	GGA	G	1419
NC_045512.2	4522	T	A	37118	17878	50	8	6	33	0.000215245	37167	0.999998	FALSE	ORF1ab:cds-YP_009725295.1	GGT	G	GGA	G	1419
NC_045512.2	4523	G	T	37034	17744	50	31	30	33	0.000836188	37073	0.801829	FALSE	ORF1ab:cds-YP_009724389.1	GCT	A	TCT	S	1420
NC_045512.2	4523	G	T	37034	17744	50	31	30	33	0.000836188	37073	0.801829	FALSE	ORF1ab:cds-YP_009725295.1	GCT	A	TCT	S	1420
NC_045512.2	4523	G	C	37034	17744	50	2	2	51	5.39476e-05	37073	0.249754	FALSE	ORF1ab:cds-YP_009724389.1	GCT	A	CCT	P	1420
NC_045512.2	4523	G	C	37034	17744	50	2	2	51	5.39476e-05	37073	0.249754	FALSE	ORF1ab:cds-YP_009725295.1	GCT	A	CCT	P	1420
NC_045512.2	4523	G	A	37034	17744	50	6	6	34	0.000161843	37073	1	FALSE	ORF1ab:cds-YP_009724389.1	GCT	A	ACT	T	1420
NC_045512.2	4523	G	A	37034	17744	50	6	6	34	0.000161843	37073	1	FALSE	ORF1ab:cds-YP_009725295.1	GCT	A	ACT	T	1420
NC_045512.2	4524	C	T	36938	17767	50	9	8	34	0.000243322	36988	0.999992	FALSE	ORF1ab:cds-YP_009724389.1	GCT	A	GTT	V	1420
NC_045512.2	4524	C	T	36938	17767	50	9	8	34	0.000243322	36988	0.999992	FALSE	ORF1ab:cds-YP_009725295.1	GCT	A	GTT	V	1420
NC_045512.2	4524	C	G	36938	17767	50	33	33	33	0.000892181	36988	0.684211	FALSE	ORF1ab:cds-YP_009724389.1	GCT	A	GGT	G	1420
NC_045512.2	4524	C	G	36938	17767	50	33	33	33	0.000892181	36988	0.684211	FALSE	ORF1ab:cds-YP_009725295.1	GCT	A	GGT	G	1420
NC_045512.2	4524	C	A	36938	17767	50	8	8	37	0.000216286	36988	0.999997	FALSE	ORF1ab:cds-YP_009724389.1	GCT	A	GAT	D	1420
NC_045512.2	4524	C	A	36938	17767	50	8	8	37	0.000216286	36988	0.999997	FALSE	ORF1ab:cds-YP_009725295.1	GCT	A	GAT	D	1420
NC_045512.2	4525	T	G	37121	17818	50	6	6	32	0.000161434	37167	1	FALSE	ORF1ab:cds-YP_009724389.1	GCT	A	GCG	A	1420
NC_045512.2	4525	T	G	37121	17818	50	6	6	32	0.000161434	37167	1	FALSE	ORF1ab:cds-YP_009725295.1	GCT	A	GCG	A	1420
NC_045512.2	4525	T	C	37121	17818	50	30	27	33	0.000807168	37167	0.835483	FALSE	ORF1ab:cds-YP_009724389.1	GCT	A	GCC	A	1420
NC_045512.2	4525	T	C	37121	17818	50	30	27	33	0.000807168	37167	0.835483	FALSE	ORF1ab:cds-YP_009725295.1	GCT	A	GCC	A	1420
NC_045512.2	4525	T	A	37121	17818	50	10	10	33	0.000269056	37167	0.999987	FALSE	ORF1ab:cds-YP_009724389.1	GCT	A	GCA	A	1420
NC_045512.2	4525	T	A	37121	17818	50	10	10	33	0.000269056	37167	0.999987	FALSE	ORF1ab:cds-YP_009725295.1	GCT	A	GCA	A	1420
NC_045512.2	4526	A	T	37311	17894	50	31	30	33	0.000829787	37359	0.801552	FALSE	ORF1ab:cds-YP_009724389.1	AGA	R	TGA	*	1421
NC_045512.2	4526	A	T	37311	17894	50	31	30	33	0.000829787	37359	0.801552	FALSE	ORF1ab:cds-YP_009725295.1	AGA	R	TGA	*	1421
NC_045512.2	4526	A	G	37311	17894	50	12	10	33	0.000321208	37359	0.999928	FALSE	ORF1ab:cds-YP_009724389.1	AGA	R	GGA	G	1421
NC_045512.2	4526	A	G	37311	17894	50	12	10	33	0.000321208	37359	0.999928	FALSE	ORF1ab:cds-YP_009725295.1	AGA	R	GGA	G	1421
NC_045512.2	4526	A	C	37311	17894	50	5	5	34	0.000133837	37359	1	FALSE	ORF1ab:cds-YP_009724389.1	AGA	R	CGA	R	1421
NC_045512.2	4526	A	C	37311	17894	50	5	5	34	0.000133837	37359	1	FALSE	ORF1ab:cds-YP_009725295.1	AGA	R	CGA	R	1421
NC_045512.2	4527	G	T	37563	17977	50	9	9	33	0.000239279	37613	0.999995	FALSE	ORF1ab:cds-YP_009724389.1	AGA	R	ATA	I	1421
NC_045512.2	4527	G	T	37563	17977	50	9	9	33	0.000239279	37613	0.999995	FALSE	ORF1ab:cds-YP_009725295.1	AGA	R	ATA	I	1421
NC_045512.2	4527	G	C	37563	17977	50	8	8	31	0.000212692	37613	0.999998	FALSE	ORF1ab:cds-YP_009724389.1	AGA	R	ACA	T	1421
NC_045512.2	4527	G	C	37563	17977	50	8	8	31	0.000212692	37613	0.999998	FALSE	ORF1ab:cds-YP_009725295.1	AGA	R	ACA	T	1421
NC_045512.2	4527	G	A	37563	17977	50	33	32	33	0.000877356	37613	0.72429	FALSE	ORF1ab:cds-YP_009724389.1	AGA	R	AAA	K	1421
NC_045512.2	4527	G	A	37563	17977	50	33	32	33	0.000877356	37613	0.72429	FALSE	ORF1ab:cds-YP_009725295.1	AGA	R	AAA	K	1421
NC_045512.2	4528	A	T	35287	18340	46	14	14	32	0.00039623	35333	0.999294	FALSE	ORF1ab:cds-YP_009724389.1	AGA	R	AGT	S	1421
NC_045512.2	4528	A	T	35287	18340	46	14	14	32	0.00039623	35333	0.999294	FALSE	ORF1ab:cds-YP_009725295.1	AGA	R	AGT	S	1421
NC_045512.2	4528	A	G	35287	18340	46	31	28	32	0.000877367	35333	0.73027	FALSE	ORF1ab:cds-YP_009724389.1	AGA	R	AGG	R	1421
NC_045512.2	4528	A	G	35287	18340	46	31	28	32	0.000877367	35333	0.73027	FALSE	ORF1ab:cds-YP_009725295.1	AGA	R	AGG	R	1421
NC_045512.2	4528	A	C	35287	18340	46	1	1	34	2.83022e-05	35333	1	FALSE	ORF1ab:cds-YP_009724389.1	AGA	R	AGC	S	1421
NC_045512.2	4528	A	C	35287	18340	46	1	1	34	2.83022e-05	35333	1	FALSE	ORF1ab:cds-YP_009725295.1	AGA	R	AGC	S	1421
NC_045512.2	4529	T	G	37868	18358	50	11	8	33	0.000290031	37927	0.999969	FALSE	ORF1ab:cds-YP_009724389.1	TTT	F	GTT	V	1422
NC_045512.2	4529	T	G	37868	18358	50	11	8	33	0.000290031	37927	0.999969	FALSE	ORF1ab:cds-YP_009725295.1	TTT	F	GTT	V	1422
NC_045512.2	4529	T	C	37868	18358	50	3	3	35	7.90993e-05	37927	1	FALSE	ORF1ab:cds-YP_009724389.1	TTT	F	CTT	L	1422
NC_045512.2	4529	T	C	37868	18358	50	3	3	35	7.90993e-05	37927	1	FALSE	ORF1ab:cds-YP_009725295.1	TTT	F	CTT	L	1422
NC_045512.2	4529	T	A	37868	18358	50	45	44	33	0.00118649	37927	0.219268	FALSE	ORF1ab:cds-YP_009724389.1	TTT	F	ATT	I	1422
NC_045512.2	4529	T	A	37868	18358	50	45	44	33	0.00118649	37927	0.219268	FALSE	ORF1ab:cds-YP_009725295.1	TTT	F	ATT	I	1422
NC_045512.2	4530	T	G	35505	16186	48	8	7	33	0.000225194	35525	0.999996	FALSE	ORF1ab:cds-YP_009724389.1	TTT	F	TGT	C	1422
NC_045512.2	4530	T	G	35505	16186	48	8	7	33	0.000225194	35525	0.999996	FALSE	ORF1ab:cds-YP_009725295.1	TTT	F	TGT	C	1422
NC_045512.2	4530	T	C	35505	16186	48	4	3	43	0.000112597	35525	0.499769	FALSE	ORF1ab:cds-YP_009724389.1	TTT	F	TCT	S	1422
NC_045512.2	4530	T	C	35505	16186	48	4	3	43	0.000112597	35525	0.499769	FALSE	ORF1ab:cds-YP_009725295.1	TTT	F	TCT	S	1422
NC_045512.2	4530	T	A	35505	16186	48	8	8	32	0.000225194	35525	0.999996	FALSE	ORF1ab:cds-YP_009724389.1	TTT	F	TAT	Y	1422
NC_045512.2	4530	T	A	35505	16186	48	8	8	32	0.000225194	35525	0.999996	FALSE	ORF1ab:cds-YP_009725295.1	TTT	F	TAT	Y	1422
NC_045512.2	4531	T	G	36729	17449	51	2	2	34	5.44262e-05	36747	1	FALSE	ORF1ab:cds-YP_009724389.1	TTT	F	TTG	L	1422
NC_045512.2	4531	T	G	36729	17449	51	2	2	34	5.44262e-05	36747	1	FALSE	ORF1ab:cds-YP_009725295.1	TTT	F	TTG	L	1422
NC_045512.2	4531	T	C	36729	17449	51	2	1	51	5.44262e-05	36747	0.249895	FALSE	ORF1ab:cds-YP_009724389.1	TTT	F	TTC	F	1422
NC_045512.2	4531	T	C	36729	17449	51	2	1	51	5.44262e-05	36747	0.249895	FALSE	ORF1ab:cds-YP_009725295.1	TTT	F	TTC	F	1422
NC_045512.2	4531	T	A	36729	17449	51	14	14	33	0.000380983	36747	0.999533	FALSE	ORF1ab:cds-YP_009724389.1	TTT	F	TTA	L	1422
NC_045512.2	4531	T	A	36729	17449	51	14	14	33	0.000380983	36747	0.999533	FALSE	ORF1ab:cds-YP_009725295.1	TTT	F	TTA	L	1422
NC_045512.2	4532	T	G	36539	17395	50	5	5	30	0.000136776	36556	1	FALSE	ORF1ab:cds-YP_009724389.1	TAC	Y	GAC	D	1423
NC_045512.2	4532	T	G	36539	17395	50	5	5	30	0.000136776	36556	1	FALSE	ORF1ab:cds-YP_009725295.1	TAC	Y	GAC	D	1423
NC_045512.2	4532	T	C	36539	17395	50	6	3	42	0.000164132	36556	0.253758	FALSE	ORF1ab:cds-YP_009724389.1	TAC	Y	CAC	H	1423
NC_045512.2	4532	T	C	36539	17395	50	6	3	42	0.000164132	36556	0.253758	FALSE	ORF1ab:cds-YP_009725295.1	TAC	Y	CAC	H	1423
NC_045512.2	4532	T	A	36539	17395	50	6	5	31	0.000164132	36556	1	FALSE	ORF1ab:cds-YP_009724389.1	TAC	Y	AAC	N	1423
NC_045512.2	4532	T	A	36539	17395	50	6	5	31	0.000164132	36556	1	FALSE	ORF1ab:cds-YP_009725295.1	TAC	Y	AAC	N	1423
NC_045512.2	4533	A	T	36767	17357	51	38	37	32	0.00103222	36814	0.453385	FALSE	ORF1ab:cds-YP_009724389.1	TAC	Y	TTC	F	1423
NC_045512.2	4533	A	T	36767	17357	51	38	37	32	0.00103222	36814	0.453385	FALSE	ORF1ab:cds-YP_009725295.1	TAC	Y	TTC	F	1423
NC_045512.2	4533	A	G	36767	17357	51	4	4	34	0.000108654	36814	1	FALSE	ORF1ab:cds-YP_009724389.1	TAC	Y	TGC	C	1423
NC_045512.2	4533	A	G	36767	17357	51	4	4	34	0.000108654	36814	1	FALSE	ORF1ab:cds-YP_009725295.1	TAC	Y	TGC	C	1423
NC_045512.2	4533	A	C	36767	17357	51	5	5	29	0.000135818	36814	1	FALSE	ORF1ab:cds-YP_009724389.1	TAC	Y	TCC	S	1423
NC_045512.2	4533	A	C	36767	17357	51	5	5	29	0.000135818	36814	1	FALSE	ORF1ab:cds-YP_009725295.1	TAC	Y	TCC	S	1423
NC_045512.2	4534	C	T	37238	17681	51	14	13	33	0.000375396	37294	0.999686	FALSE	ORF1ab:cds-YP_009724389.1	TAC	Y	TAT	Y	1423
NC_045512.2	4534	C	T	37238	17681	51	14	13	33	0.000375396	37294	0.999686	FALSE	ORF1ab:cds-YP_009725295.1	TAC	Y	TAT	Y	1423
NC_045512.2	4534	C	G	37238	17681	51	5	3	29	0.00013407	37294	1	FALSE	ORF1ab:cds-YP_009724389.1	TAC	Y	TAG	*	1423
NC_045512.2	4534	C	G	37238	17681	51	5	3	29	0.00013407	37294	1	FALSE	ORF1ab:cds-YP_009725295.1	TAC	Y	TAG	*	1423
NC_045512.2	4534	C	A	37238	17681	51	37	37	32	0.000992117	37294	0.545417	FALSE	ORF1ab:cds-YP_009724389.1	TAC	Y	TAA	*	1423
NC_045512.2	4534	C	A	37238	17681	51	37	37	32	0.000992117	37294	0.545417	FALSE	ORF1ab:cds-YP_009725295.1	TAC	Y	TAA	*	1423
NC_045512.2	4534	C	+T	37238	17681	51	1	0	20	2.6814e-05	37294	1	FALSE	NA	NA	NA	NA	NA	NA
NC_045512.2	4535	T	G	37084	17507	51	4	1	32	0.00010773	37130	1	FALSE	ORF1ab:cds-YP_009724389.1	TTT	F	GTT	V	1424
NC_045512.2	4535	T	G	37084	17507	51	4	1	32	0.00010773	37130	1	FALSE	ORF1ab:cds-YP_009725295.1	TTT	F	GTT	V	1424
NC_045512.2	4535	T	C	37084	17507	51	29	28	34	0.00078104	37130	0.865822	FALSE	ORF1ab:cds-YP_009724389.1	TTT	F	CTT	L	1424
NC_045512.2	4535	T	C	37084	17507	51	29	28	34	0.00078104	37130	0.865822	FALSE	ORF1ab:cds-YP_009725295.1	TTT	F	CTT	L	1424
NC_045512.2	4535	T	A	37084	17507	51	13	13	32	0.000350121	37130	0.999846	FALSE	ORF1ab:cds-YP_009724389.1	TTT	F	ATT	I	1424
NC_045512.2	4535	T	A	37084	17507	51	13	13	32	0.000350121	37130	0.999846	FALSE	ORF1ab:cds-YP_009725295.1	TTT	F	ATT	I	1424
NC_045512.2	4536	T	G	35358	15812	48	2	1	30	5.65275e-05	35381	1	FALSE	ORF1ab:cds-YP_009724389.1	TTT	F	TGT	C	1424
NC_045512.2	4536	T	G	35358	15812	48	2	1	30	5.65275e-05	35381	1	FALSE	ORF1ab:cds-YP_009725295.1	TTT	F	TGT	C	1424
NC_045512.2	4536	T	C	35358	15812	48	6	4	39	0.000169583	35381	1	FALSE	ORF1ab:cds-YP_009724389.1	TTT	F	TCT	S	1424
NC_045512.2	4536	T	C	35358	15812	48	6	4	39	0.000169583	35381	1	FALSE	ORF1ab:cds-YP_009725295.1	TTT	F	TCT	S	1424
NC_045512.2	4536	T	A	35358	15812	48	15	14	32	0.000423956	35381	0.9987	FALSE	ORF1ab:cds-YP_009724389.1	TTT	F	TAT	Y	1424
NC_045512.2	4536	T	A	35358	15812	48	15	14	32	0.000423956	35381	0.9987	FALSE	ORF1ab:cds-YP_009725295.1	TTT	F	TAT	Y	1424
NC_045512.2	4537	T	C	36759	17246	51	10	10	38	0.000271902	36778	0.99998	FALSE	ORF1ab:cds-YP_009724389.1	TTT	F	TTC	F	1424
NC_045512.2	4537	T	C	36759	17246	51	10	10	38	0.000271902	36778	0.99998	FALSE	ORF1ab:cds-YP_009725295.1	TTT	F	TTC	F	1424
NC_045512.2	4537	T	A	36759	17246	51	9	9	33	0.000244712	36778	0.999992	FALSE	ORF1ab:cds-YP_009724389.1	TTT	F	TTA	L	1424
NC_045512.2	4537	T	A	36759	17246	51	9	9	33	0.000244712	36778	0.999992	FALSE	ORF1ab:cds-YP_009725295.1	TTT	F	TTA	L	1424
NC_045512.2	4538	T	G	36849	17468	51	1	1	26	2.71267e-05	36864	1	FALSE	ORF1ab:cds-YP_009724389.1	TAC	Y	GAC	D	1425
NC_045512.2	4538	T	G	36849	17468	51	1	1	26	2.71267e-05	36864	1	FALSE	ORF1ab:cds-YP_009725295.1	TAC	Y	GAC	D	1425
NC_045512.2	4538	T	C	36849	17468	51	7	5	50	0.000189887	36864	0.00780508	TRUE	ORF1ab:cds-YP_009724389.1	TAC	Y	CAC	H	1425
NC_045512.2	4538	T	C	36849	17468	51	7	5	50	0.000189887	36864	0.00780508	TRUE	ORF1ab:cds-YP_009725295.1	TAC	Y	CAC	H	1425
NC_045512.2	4538	T	A	36849	17468	51	7	7	34	0.000189887	36864	0.999999	FALSE	ORF1ab:cds-YP_009724389.1	TAC	Y	AAC	N	1425
NC_045512.2	4538	T	A	36849	17468	51	7	7	34	0.000189887	36864	0.999999	FALSE	ORF1ab:cds-YP_009725295.1	TAC	Y	AAC	N	1425
NC_045512.2	4539	A	T	36967	17506	51	38	38	33	0.00102675	37010	0.499813	FALSE	ORF1ab:cds-YP_009724389.1	TAC	Y	TTC	F	1425
NC_045512.2	4539	A	T	36967	17506	51	38	38	33	0.00102675	37010	0.499813	FALSE	ORF1ab:cds-YP_009725295.1	TAC	Y	TTC	F	1425
NC_045512.2	4539	A	G	36967	17506	51	2	1	34	5.40394e-05	37010	1	FALSE	ORF1ab:cds-YP_009724389.1	TAC	Y	TGC	C	1425
NC_045512.2	4539	A	G	36967	17506	51	2	1	34	5.40394e-05	37010	1	FALSE	ORF1ab:cds-YP_009725295.1	TAC	Y	TGC	C	1425
NC_045512.2	4539	A	C	36967	17506	51	3	2	34	8.10592e-05	37010	1	FALSE	ORF1ab:cds-YP_009724389.1	TAC	Y	TCC	S	1425
NC_045512.2	4539	A	C	36967	17506	51	3	2	34	8.10592e-05	37010	1	FALSE	ORF1ab:cds-YP_009725295.1	TAC	Y	TCC	S	1425
NC_045512.2	4540	C	T	36940	17602	51	12	12	32	0.000324394	36992	0.999888	FALSE	ORF1ab:cds-YP_009724389.1	TAC	Y	TAT	Y	1425
NC_045512.2	4540	C	T	36940	17602	51	12	12	32	0.000324394	36992	0.999888	FALSE	ORF1ab:cds-YP_009725295.1	TAC	Y	TAT	Y	1425
NC_045512.2	4540	C	G	36940	17602	51	6	3	30	0.000162197	36992	1	FALSE	ORF1ab:cds-YP_009724389.1	TAC	Y	TAG	*	1425
NC_045512.2	4540	C	G	36940	17602	51	6	3	30	0.000162197	36992	1	FALSE	ORF1ab:cds-YP_009725295.1	TAC	Y	TAG	*	1425
NC_045512.2	4540	C	A	36940	17602	51	34	34	33	0.000919118	36992	0.63924	FALSE	ORF1ab:cds-YP_009724389.1	TAC	Y	TAA	*	1425
NC_045512.2	4540	C	A	36940	17602	51	34	34	33	0.000919118	36992	0.63924	FALSE	ORF1ab:cds-YP_009725295.1	TAC	Y	TAA	*	1425
NC_045512.2	4541	A	T	36825	17473	51	11	11	33	0.000298337	36871	0.99995	FALSE	ORF1ab:cds-YP_009724389.1	ACC	T	TCC	S	1426
NC_045512.2	4541	A	T	36825	17473	51	11	11	33	0.000298337	36871	0.99995	FALSE	ORF1ab:cds-YP_009725295.1	ACC	T	TCC	S	1426
NC_045512.2	4541	A	G	36825	17473	51	11	6	31	0.000298337	36871	0.99995	FALSE	ORF1ab:cds-YP_009724389.1	ACC	T	GCC	A	1426
NC_045512.2	4541	A	G	36825	17473	51	11	6	31	0.000298337	36871	0.99995	FALSE	ORF1ab:cds-YP_009725295.1	ACC	T	GCC	A	1426
NC_045512.2	4541	A	C	36825	17473	51	24	24	32	0.000650918	36871	0.953622	FALSE	ORF1ab:cds-YP_009724389.1	ACC	T	CCC	P	1426
NC_045512.2	4541	A	C	36825	17473	51	24	24	32	0.000650918	36871	0.953622	FALSE	ORF1ab:cds-YP_009725295.1	ACC	T	CCC	P	1426
NC_045512.2	4541	A	-C	36825	17473	51	1	0	20	2.71216e-05	36871	1	FALSE	NA	NA	NA	NA	NA	NA
NC_045512.2	4542	C	T	37115	17643	51	3	3	45	8.07276e-05	37162	0.655701	FALSE	ORF1ab:cds-YP_009724389.1	ACC	T	ATC	I	1426
NC_045512.2	4542	C	T	37115	17643	51	3	3	45	8.07276e-05	37162	0.655701	FALSE	ORF1ab:cds-YP_009725295.1	ACC	T	ATC	I	1426
NC_045512.2	4542	C	G	37115	17643	51	9	7	30	0.000242183	37162	0.999995	FALSE	ORF1ab:cds-YP_009724389.1	ACC	T	AGC	S	1426
NC_045512.2	4542	C	G	37115	17643	51	9	7	30	0.000242183	37162	0.999995	FALSE	ORF1ab:cds-YP_009725295.1	ACC	T	AGC	S	1426
NC_045512.2	4542	C	A	37115	17643	51	35	34	33	0.000941822	37162	0.637575	FALSE	ORF1ab:cds-YP_009724389.1	ACC	T	AAC	N	1426
NC_045512.2	4542	C	A	37115	17643	51	35	34	33	0.000941822	37162	0.637575	FALSE	ORF1ab:cds-YP_009725295.1	ACC	T	AAC	N	1426
NC_045512.2	4543	C	T	36784	17306	51	3	3	34	8.15151e-05	36803	1	FALSE	ORF1ab:cds-YP_009724389.1	ACC	T	ACT	T	1426
NC_045512.2	4543	C	T	36784	17306	51	3	3	34	8.15151e-05	36803	1	FALSE	ORF1ab:cds-YP_009725295.1	ACC	T	ACT	T	1426
NC_045512.2	4543	C	G	36784	17306	51	5	4	32	0.000135858	36803	1	FALSE	ORF1ab:cds-YP_009724389.1	ACC	T	ACG	T	1426
NC_045512.2	4543	C	G	36784	17306	51	5	4	32	0.000135858	36803	1	FALSE	ORF1ab:cds-YP_009725295.1	ACC	T	ACG	T	1426
NC_045512.2	4543	C	A	36784	17306	51	11	10	35	0.000298889	36803	0.999951	FALSE	ORF1ab:cds-YP_009724389.1	ACC	T	ACA	T	1426
NC_045512.2	4543	C	A	36784	17306	51	11	10	35	0.000298889	36803	0.999951	FALSE	ORF1ab:cds-YP_009725295.1	ACC	T	ACA	T	1426
NC_045512.2	4544	A	T	36971	17209	51	2	2	34	5.4038e-05	37011	1	FALSE	ORF1ab:cds-YP_009724389.1	AGT	S	TGT	C	1427
NC_045512.2	4544	A	T	36971	17209	51	2	2	34	5.4038e-05	37011	1	FALSE	ORF1ab:cds-YP_009725295.1	AGT	S	TGT	C	1427
NC_045512.2	4544	A	G	36971	17209	51	8	6	33	0.000216152	37011	0.999998	FALSE	ORF1ab:cds-YP_009724389.1	AGT	S	GGT	G	1427
NC_045512.2	4544	A	G	36971	17209	51	8	6	33	0.000216152	37011	0.999998	FALSE	ORF1ab:cds-YP_009725295.1	AGT	S	GGT	G	1427
NC_045512.2	4544	A	C	36971	17209	51	30	28	32	0.00081057	37011	0.835647	FALSE	ORF1ab:cds-YP_009724389.1	AGT	S	CGT	R	1427
NC_045512.2	4544	A	C	36971	17209	51	30	28	32	0.00081057	37011	0.835647	FALSE	ORF1ab:cds-YP_009725295.1	AGT	S	CGT	R	1427
NC_045512.2	4545	G	T	37218	17229	51	3	3	31	8.0511e-05	37262	1	FALSE	ORF1ab:cds-YP_009724389.1	AGT	S	ATT	I	1427
NC_045512.2	4545	G	T	37218	17229	51	3	3	31	8.0511e-05	37262	1	FALSE	ORF1ab:cds-YP_009725295.1	AGT	S	ATT	I	1427
NC_045512.2	4545	G	C	37218	17229	51	10	10	33	0.00026837	37262	0.999987	FALSE	ORF1ab:cds-YP_009724389.1	AGT	S	ACT	T	1427
NC_045512.2	4545	G	C	37218	17229	51	10	10	33	0.00026837	37262	0.999987	FALSE	ORF1ab:cds-YP_009725295.1	AGT	S	ACT	T	1427
NC_045512.2	4545	G	A	37218	17229	51	31	31	32	0.000831947	37262	0.801675	FALSE	ORF1ab:cds-YP_009724389.1	AGT	S	AAT	N	1427
NC_045512.2	4545	G	A	37218	17229	51	31	31	32	0.000831947	37262	0.801675	FALSE	ORF1ab:cds-YP_009725295.1	AGT	S	AAT	N	1427
NC_045512.2	4546	T	G	37315	17498	52	28	28	32	0.000749425	37362	0.892471	FALSE	ORF1ab:cds-YP_009724389.1	AGT	S	AGG	R	1427
NC_045512.2	4546	T	G	37315	17498	52	28	28	32	0.000749425	37362	0.892471	FALSE	ORF1ab:cds-YP_009725295.1	AGT	S	AGG	R	1427
NC_045512.2	4546	T	C	37315	17498	52	6	6	32	0.000160591	37362	1	FALSE	ORF1ab:cds-YP_009724389.1	AGT	S	AGC	S	1427
NC_045512.2	4546	T	C	37315	17498	52	6	6	32	0.000160591	37362	1	FALSE	ORF1ab:cds-YP_009725295.1	AGT	S	AGC	S	1427
NC_045512.2	4546	T	A	37315	17498	52	13	13	33	0.000347947	37362	0.999846	FALSE	ORF1ab:cds-YP_009724389.1	AGT	S	AGA	R	1427
NC_045512.2	4546	T	A	37315	17498	52	13	13	33	0.000347947	37362	0.999846	FALSE	ORF1ab:cds-YP_009725295.1	AGT	S	AGA	R	1427
NC_045512.2	4547	A	T	37324	17454	51	34	34	32	0.000909918	37366	0.682144	FALSE	ORF1ab:cds-YP_009724389.1	AAA	K	TAA	*	1428
NC_045512.2	4547	A	T	37324	17454	51	34	34	32	0.000909918	37366	0.682144	FALSE	ORF1ab:cds-YP_009725295.1	AAA	K	TAA	*	1428
NC_045512.2	4547	A	G	37324	17454	51	8	7	38	0.000214098	37366	0.999998	FALSE	ORF1ab:cds-YP_009724389.1	AAA	K	GAA	E	1428
NC_045512.2	4547	A	G	37324	17454	51	8	7	38	0.000214098	37366	0.999998	FALSE	ORF1ab:cds-YP_009725295.1	AAA	K	GAA	E	1428
NC_045512.2	4548	A	T	37509	17613	51	8	8	32	0.000213157	37531	0.999998	FALSE	ORF1ab:cds-YP_009724389.1	AAA	K	ATA	I	1428
NC_045512.2	4548	A	T	37509	17613	51	8	8	32	0.000213157	37531	0.999998	FALSE	ORF1ab:cds-YP_009725295.1	AAA	K	ATA	I	1428
NC_045512.2	4548	A	G	37509	17613	51	12	11	35	0.000319736	37531	0.999929	FALSE	ORF1ab:cds-YP_009724389.1	AAA	K	AGA	R	1428
NC_045512.2	4548	A	G	37509	17613	51	12	11	35	0.000319736	37531	0.999929	FALSE	ORF1ab:cds-YP_009725295.1	AAA	K	AGA	R	1428
NC_045512.2	4548	A	C	37509	17613	51	2	2	30	5.32893e-05	37531	1	FALSE	ORF1ab:cds-YP_009724389.1	AAA	K	ACA	T	1428
NC_045512.2	4548	A	C	37509	17613	51	2	2	30	5.32893e-05	37531	1	FALSE	ORF1ab:cds-YP_009725295.1	AAA	K	ACA	T	1428
NC_045512.2	4549	A	T	37434	17914	50	13	13	34	0.000347074	37456	0.999847	FALSE	ORF1ab:cds-YP_009724389.1	AAA	K	AAT	N	1428
NC_045512.2	4549	A	T	37434	17914	50	13	13	34	0.000347074	37456	0.999847	FALSE	ORF1ab:cds-YP_009725295.1	AAA	K	AAT	N	1428
NC_045512.2	4549	A	G	37434	17914	50	6	5	34	0.000160188	37456	1	FALSE	ORF1ab:cds-YP_009724389.1	AAA	K	AAG	K	1428
NC_045512.2	4549	A	G	37434	17914	50	6	5	34	0.000160188	37456	1	FALSE	ORF1ab:cds-YP_009725295.1	AAA	K	AAG	K	1428
NC_045512.2	4549	A	C	37434	17914	50	3	2	45	8.0094e-05	37456	0.656031	FALSE	ORF1ab:cds-YP_009724389.1	AAA	K	AAC	N	1428
NC_045512.2	4549	A	C	37434	17914	50	3	2	45	8.0094e-05	37456	0.656031	FALSE	ORF1ab:cds-YP_009725295.1	AAA	K	AAC	N	1428
NC_045512.2	4549	A	+C	37434	17914	50	1	0	20	2.6698e-05	37456	1	FALSE	NA	NA	NA	NA	NA	NA
NC_045512.2	4550	A	T	37667	17851	50	2	2	34	5.308e-05	37679	1	FALSE	ORF1ab:cds-YP_009724389.1	ACA	T	TCA	S	1429
NC_045512.2	4550	A	T	37667	17851	50	2	2	34	5.308e-05	37679	1	FALSE	ORF1ab:cds-YP_009725295.1	ACA	T	TCA	S	1429
NC_045512.2	4550	A	G	37667	17851	50	8	6	33	0.00021232	37679	0.999998	FALSE	ORF1ab:cds-YP_009724389.1	ACA	T	GCA	A	1429
NC_045512.2	4550	A	G	37667	17851	50	8	6	33	0.00021232	37679	0.999998	FALSE	ORF1ab:cds-YP_009725295.1	ACA	T	GCA	A	1429
NC_045512.2	4550	A	C	37667	17851	50	2	1	34	5.308e-05	37679	1	FALSE	ORF1ab:cds-YP_009724389.1	ACA	T	CCA	P	1429
NC_045512.2	4550	A	C	37667	17851	50	2	1	34	5.308e-05	37679	1	FALSE	ORF1ab:cds-YP_009725295.1	ACA	T	CCA	P	1429
NC_045512.2	4551	C	T	38349	17957	51	5	5	40	0.000130205	38401	0.362619	FALSE	ORF1ab:cds-YP_009724389.1	ACA	T	ATA	I	1429
NC_045512.2	4551	C	T	38349	17957	51	5	5	40	0.000130205	38401	0.362619	FALSE	ORF1ab:cds-YP_009725295.1	ACA	T	ATA	I	1429
NC_045512.2	4551	C	G	38349	17957	51	6	6	34	0.000156246	38401	1	FALSE	ORF1ab:cds-YP_009724389.1	ACA	T	AGA	R	1429
NC_045512.2	4551	C	G	38349	17957	51	6	6	34	0.000156246	38401	1	FALSE	ORF1ab:cds-YP_009725295.1	ACA	T	AGA	R	1429
NC_045512.2	4551	C	A	38349	17957	51	41	40	32	0.00106768	38401	0.410575	FALSE	ORF1ab:cds-YP_009724389.1	ACA	T	AAA	K	1429
NC_045512.2	4551	C	A	38349	17957	51	41	40	32	0.00106768	38401	0.410575	FALSE	ORF1ab:cds-YP_009725295.1	ACA	T	AAA	K	1429
NC_045512.2	4552	A	T	37976	17599	51	5	5	29	0.00013152	38017	1	FALSE	ORF1ab:cds-YP_009724389.1	ACA	T	ACT	T	1429
NC_045512.2	4552	A	T	37976	17599	51	5	5	29	0.00013152	38017	1	FALSE	ORF1ab:cds-YP_009725295.1	ACA	T	ACT	T	1429
NC_045512.2	4552	A	G	37976	17599	51	7	6	42	0.000184128	38017	0.171503	FALSE	ORF1ab:cds-YP_009724389.1	ACA	T	ACG	T	1429
NC_045512.2	4552	A	G	37976	17599	51	7	6	42	0.000184128	38017	0.171503	FALSE	ORF1ab:cds-YP_009725295.1	ACA	T	ACG	T	1429
NC_045512.2	4552	A	C	37976	17599	51	29	29	32	0.000762817	38017	0.889103	FALSE	ORF1ab:cds-YP_009724389.1	ACA	T	ACC	T	1429
NC_045512.2	4552	A	C	37976	17599	51	29	29	32	0.000762817	38017	0.889103	FALSE	ORF1ab:cds-YP_009725295.1	ACA	T	ACC	T	1429
NC_045512.2	4553	A	T	38364	17667	50	8	8	32	0.00020842	38384	0.999999	FALSE	ORF1ab:cds-YP_009724389.1	ACT	T	TCT	S	1430
NC_045512.2	4553	A	T	38364	17667	50	8	8	32	0.00020842	38384	0.999999	FALSE	ORF1ab:cds-YP_009725295.1	ACT	T	TCT	S	1430
NC_045512.2	4553	A	G	38364	17667	50	5	4	34	0.000130263	38384	1	FALSE	ORF1ab:cds-YP_009724389.1	ACT	T	GCT	A	1430
NC_045512.2	4553	A	G	38364	17667	50	5	4	34	0.000130263	38384	1	FALSE	ORF1ab:cds-YP_009725295.1	ACT	T	GCT	A	1430
NC_045512.2	4553	A	C	38364	17667	50	7	7	33	0.000182368	38384	1	FALSE	ORF1ab:cds-YP_009724389.1	ACT	T	CCT	P	1430
NC_045512.2	4553	A	C	38364	17667	50	7	7	33	0.000182368	38384	1	FALSE	ORF1ab:cds-YP_009725295.1	ACT	T	CCT	P	1430
NC_045512.2	4554	C	T	38764	18014	51	3	3	34	7.72917e-05	38814	1	FALSE	ORF1ab:cds-YP_009724389.1	ACT	T	ATT	I	1430
NC_045512.2	4554	C	T	38764	18014	51	3	3	34	7.72917e-05	38814	1	FALSE	ORF1ab:cds-YP_009725295.1	ACT	T	ATT	I	1430
NC_045512.2	4554	C	G	38764	18014	51	8	7	31	0.000206111	38814	0.999999	FALSE	ORF1ab:cds-YP_009724389.1	ACT	T	AGT	S	1430
NC_045512.2	4554	C	G	38764	18014	51	8	7	31	0.000206111	38814	0.999999	FALSE	ORF1ab:cds-YP_009725295.1	ACT	T	AGT	S	1430
NC_045512.2	4554	C	A	38764	18014	51	39	38	33	0.00100479	38814	0.499547	FALSE	ORF1ab:cds-YP_009724389.1	ACT	T	AAT	N	1430
NC_045512.2	4554	C	A	38764	18014	51	39	38	33	0.00100479	38814	0.499547	FALSE	ORF1ab:cds-YP_009725295.1	ACT	T	AAT	N	1430
NC_045512.2	4554	C	-TG	38764	18014	51	1	0	20	2.57639e-05	38814	1	FALSE	NA	NA	NA	NA	NA	NA
NC_045512.2	4555	T	G	38541	17835	51	7	7	30	0.000181385	38592	1	FALSE	ORF1ab:cds-YP_009724389.1	ACT	T	ACG	T	1430
NC_045512.2	4555	T	G	38541	17835	51	7	7	30	0.000181385	38592	1	FALSE	ORF1ab:cds-YP_009725295.1	ACT	T	ACG	T	1430
NC_045512.2	4555	T	C	38541	17835	51	31	29	34	0.000803275	38592	0.831787	FALSE	ORF1ab:cds-YP_009724389.1	ACT	T	ACC	T	1430
NC_045512.2	4555	T	C	38541	17835	51	31	29	34	0.000803275	38592	0.831787	FALSE	ORF1ab:cds-YP_009725295.1	ACT	T	ACC	T	1430
NC_045512.2	4555	T	A	38541	17835	51	13	13	32	0.000336857	38592	0.9999	FALSE	ORF1ab:cds-YP_009724389.1	ACT	T	ACA	T	1430
NC_045512.2	4555	T	A	38541	17835	51	13	13	32	0.000336857	38592	0.9999	FALSE	ORF1ab:cds-YP_009725295.1	ACT	T	ACA	T	1430
NC_045512.2	4556	G	T	38543	17836	51	34	34	34	0.00088092	38596	0.72139	FALSE	ORF1ab:cds-YP_009724389.1	GTA	V	TTA	L	1431
NC_045512.2	4556	G	T	38543	17836	51	34	34	34	0.00088092	38596	0.72139	FALSE	ORF1ab:cds-YP_009725295.1	GTA	V	TTA	L	1431
NC_045512.2	4556	G	C	38543	17836	51	5	5	32	0.000129547	38596	1	FALSE	ORF1ab:cds-YP_009724389.1	GTA	V	CTA	L	1431
NC_045512.2	4556	G	C	38543	17836	51	5	5	32	0.000129547	38596	1	FALSE	ORF1ab:cds-YP_009725295.1	GTA	V	CTA	L	1431
NC_045512.2	4556	G	A	38543	17836	51	14	11	36	0.000362732	38596	0.999793	FALSE	ORF1ab:cds-YP_009724389.1	GTA	V	ATA	I	1431
NC_045512.2	4556	G	A	38543	17836	51	14	11	36	0.000362732	38596	0.999793	FALSE	ORF1ab:cds-YP_009725295.1	GTA	V	ATA	I	1431
NC_045512.2	4557	T	G	38478	17766	51	32	29	33	0.000830673	38523	0.798258	FALSE	ORF1ab:cds-YP_009724389.1	GTA	V	GGA	G	1431
NC_045512.2	4557	T	G	38478	17766	51	32	29	33	0.000830673	38523	0.798258	FALSE	ORF1ab:cds-YP_009725295.1	GTA	V	GGA	G	1431
NC_045512.2	4557	T	C	38478	17766	51	8	4	45	0.000207668	38523	0.112963	FALSE	ORF1ab:cds-YP_009724389.1	GTA	V	GCA	A	1431
NC_045512.2	4557	T	C	38478	17766	51	8	4	45	0.000207668	38523	0.112963	FALSE	ORF1ab:cds-YP_009725295.1	GTA	V	GCA	A	1431
NC_045512.2	4557	T	A	38478	17766	51	5	5	34	0.000129793	38523	1	FALSE	ORF1ab:cds-YP_009724389.1	GTA	V	GAA	E	1431
NC_045512.2	4557	T	A	38478	17766	51	5	5	34	0.000129793	38523	1	FALSE	ORF1ab:cds-YP_009725295.1	GTA	V	GAA	E	1431
NC_045512.2	4558	A	T	38254	17627	51	40	40	33	0.00104417	38308	0.454354	FALSE	ORF1ab:cds-YP_009724389.1	GTA	V	GTT	V	1431
NC_045512.2	4558	A	T	38254	17627	51	40	40	33	0.00104417	38308	0.454354	FALSE	ORF1ab:cds-YP_009725295.1	GTA	V	GTT	V	1431
NC_045512.2	4558	A	G	38254	17627	51	13	11	40	0.000339355	38308	0.010571	FALSE	ORF1ab:cds-YP_009724389.1	GTA	V	GTG	V	1431
NC_045512.2	4558	A	G	38254	17627	51	13	11	40	0.000339355	38308	0.010571	FALSE	ORF1ab:cds-YP_009725295.1	GTA	V	GTG	V	1431
NC_045512.2	4558	A	C	38254	17627	51	1	1	34	2.61042e-05	38308	1	FALSE	ORF1ab:cds-YP_009724389.1	GTA	V	GTC	V	1431
NC_045512.2	4558	A	C	38254	17627	51	1	1	34	2.61042e-05	38308	1	FALSE	ORF1ab:cds-YP_009725295.1	GTA	V	GTC	V	1431
NC_045512.2	4558	A	+T	38254	17627	51	1	0	20	2.61042e-05	38308	1	FALSE	NA	NA	NA	NA	NA	NA
NC_045512.2	4559	G	T	38323	17582	51	11	10	36	0.000286712	38366	0.999981	FALSE	ORF1ab:cds-YP_009724389.1	GCG	A	TCG	S	1432
NC_045512.2	4559	G	T	38323	17582	51	11	10	36	0.000286712	38366	0.999981	FALSE	ORF1ab:cds-YP_009725295.1	GCG	A	TCG	S	1432
NC_045512.2	4559	G	C	38323	17582	51	1	1	34	2.60647e-05	38366	1	FALSE	ORF1ab:cds-YP_009724389.1	GCG	A	CCG	P	1432
NC_045512.2	4559	G	C	38323	17582	51	1	1	34	2.60647e-05	38366	1	FALSE	ORF1ab:cds-YP_009725295.1	GCG	A	CCG	P	1432
NC_045512.2	4559	G	A	38323	17582	51	31	31	32	0.000808007	38366	0.83203	FALSE	ORF1ab:cds-YP_009724389.1	GCG	A	ACG	T	1432
NC_045512.2	4559	G	A	38323	17582	51	31	31	32	0.000808007	38366	0.83203	FALSE	ORF1ab:cds-YP_009725295.1	GCG	A	ACG	T	1432
NC_045512.2	4560	C	T	37283	17344	51	8	8	32	0.000214253	37339	0.999998	FALSE	ORF1ab:cds-YP_009724389.1	GCG	A	GTG	V	1432
NC_045512.2	4560	C	T	37283	17344	51	8	8	32	0.000214253	37339	0.999998	FALSE	ORF1ab:cds-YP_009725295.1	GCG	A	GTG	V	1432
NC_045512.2	4560	C	G	37283	17344	51	35	35	32	0.000937358	37339	0.637235	FALSE	ORF1ab:cds-YP_009724389.1	GCG	A	GGG	G	1432
NC_045512.2	4560	C	G	37283	17344	51	35	35	32	0.000937358	37339	0.637235	FALSE	ORF1ab:cds-YP_009725295.1	GCG	A	GGG	G	1432
NC_045512.2	4560	C	A	37283	17344	51	13	12	33	0.000348161	37339	0.999845	FALSE	ORF1ab:cds-YP_009724389.1	GCG	A	GAG	E	1432
NC_045512.2	4560	C	A	37283	17344	51	13	12	33	0.000348161	37339	0.999845	FALSE	ORF1ab:cds-YP_009725295.1	GCG	A	GAG	E	1432
NC_045512.2	4561	G	T	37756	17378	51	5	5	32	0.000132268	37802	1	FALSE	ORF1ab:cds-YP_009724389.1	GCG	A	GCT	A	1432
NC_045512.2	4561	G	T	37756	17378	51	5	5	32	0.000132268	37802	1	FALSE	ORF1ab:cds-YP_009725295.1	GCG	A	GCT	A	1432
NC_045512.2	4561	G	C	37756	17378	51	28	28	32	0.000740702	37802	0.892493	FALSE	ORF1ab:cds-YP_009724389.1	GCG	A	GCC	A	1432
NC_045512.2	4561	G	C	37756	17378	51	28	28	32	0.000740702	37802	0.892493	FALSE	ORF1ab:cds-YP_009725295.1	GCG	A	GCC	A	1432
NC_045512.2	4561	G	A	37756	17378	51	13	9	33	0.000343897	37802	0.999846	FALSE	ORF1ab:cds-YP_009724389.1	GCG	A	GCA	A	1432
NC_045512.2	4561	G	A	37756	17378	51	13	9	33	0.000343897	37802	0.999846	FALSE	ORF1ab:cds-YP_009725295.1	GCG	A	GCA	A	1432
NC_045512.2	4562	T	G	37765	17199	51	40	40	33	0.00105756	37823	0.409132	FALSE	ORF1ab:cds-YP_009724389.1	TCA	S	GCA	A	1433
NC_045512.2	4562	T	G	37765	17199	51	40	40	33	0.00105756	37823	0.409132	FALSE	ORF1ab:cds-YP_009725295.1	TCA	S	GCA	A	1433
NC_045512.2	4562	T	C	37765	17199	51	15	9	49	0.000396584	37823	0.00373968	TRUE	ORF1ab:cds-YP_009724389.1	TCA	S	CCA	P	1433
NC_045512.2	4562	T	C	37765	17199	51	15	9	49	0.000396584	37823	0.00373968	TRUE	ORF1ab:cds-YP_009725295.1	TCA	S	CCA	P	1433
NC_045512.2	4562	T	A	37765	17199	51	3	3	34	7.93168e-05	37823	1	FALSE	ORF1ab:cds-YP_009724389.1	TCA	S	ACA	T	1433
NC_045512.2	4562	T	A	37765	17199	51	3	3	34	7.93168e-05	37823	1	FALSE	ORF1ab:cds-YP_009725295.1	TCA	S	ACA	T	1433
NC_045512.2	4563	C	T	37391	17011	51	36	36	33	0.000961461	37443	0.591817	FALSE	ORF1ab:cds-YP_009724389.1	TCA	S	TTA	L	1433
NC_045512.2	4563	C	T	37391	17011	51	36	36	33	0.000961461	37443	0.591817	FALSE	ORF1ab:cds-YP_009725295.1	TCA	S	TTA	L	1433
NC_045512.2	4563	C	G	37391	17011	51	12	12	32	0.000320487	37443	0.999928	FALSE	ORF1ab:cds-YP_009724389.1	TCA	S	TGA	*	1433
NC_045512.2	4563	C	G	37391	17011	51	12	12	32	0.000320487	37443	0.999928	FALSE	ORF1ab:cds-YP_009725295.1	TCA	S	TGA	*	1433
NC_045512.2	4563	C	A	37391	17011	51	4	4	32	0.000106829	37443	1	FALSE	ORF1ab:cds-YP_009724389.1	TCA	S	TAA	*	1433
NC_045512.2	4563	C	A	37391	17011	51	4	4	32	0.000106829	37443	1	FALSE	ORF1ab:cds-YP_009725295.1	TCA	S	TAA	*	1433
NC_045512.2	4564	A	T	37019	16996	51	11	11	32	0.000296704	37074	0.999969	FALSE	ORF1ab:cds-YP_009724389.1	TCA	S	TCT	S	1433
NC_045512.2	4564	A	T	37019	16996	51	11	11	32	0.000296704	37074	0.999969	FALSE	ORF1ab:cds-YP_009725295.1	TCA	S	TCT	S	1433
NC_045512.2	4564	A	G	37019	16996	51	13	11	32	0.00035065	37074	0.999845	FALSE	ORF1ab:cds-YP_009724389.1	TCA	S	TCG	S	1433
NC_045512.2	4564	A	G	37019	16996	51	13	11	32	0.00035065	37074	0.999845	FALSE	ORF1ab:cds-YP_009725295.1	TCA	S	TCG	S	1433
NC_045512.2	4564	A	C	37019	16996	51	31	31	33	0.000836166	37074	0.801331	FALSE	ORF1ab:cds-YP_009724389.1	TCA	S	TCC	S	1433
NC_045512.2	4564	A	C	37019	16996	51	31	31	33	0.000836166	37074	0.801331	FALSE	ORF1ab:cds-YP_009725295.1	TCA	S	TCC	S	1433
NC_045512.2	4565	C	T	38478	17176	51	16	15	32	0.000415304	38526	0.999247	FALSE	ORF1ab:cds-YP_009724389.1	CTT	L	TTT	F	1434
NC_045512.2	4565	C	T	38478	17176	51	16	15	32	0.000415304	38526	0.999247	FALSE	ORF1ab:cds-YP_009725295.1	CTT	L	TTT	F	1434
NC_045512.2	4565	C	G	38478	17176	51	3	3	31	7.78695e-05	38526	1	FALSE	ORF1ab:cds-YP_009724389.1	CTT	L	GTT	V	1434
NC_045512.2	4565	C	G	38478	17176	51	3	3	31	7.78695e-05	38526	1	FALSE	ORF1ab:cds-YP_009725295.1	CTT	L	GTT	V	1434
NC_045512.2	4565	C	A	38478	17176	51	29	29	33	0.000752738	38526	0.888964	FALSE	ORF1ab:cds-YP_009724389.1	CTT	L	ATT	I	1434
NC_045512.2	4565	C	A	38478	17176	51	29	29	33	0.000752738	38526	0.888964	FALSE	ORF1ab:cds-YP_009725295.1	CTT	L	ATT	I	1434
NC_045512.2	4566	T	G	38474	17242	51	7	5	32	0.000181705	38524	1	FALSE	ORF1ab:cds-YP_009724389.1	CTT	L	CGT	R	1434
NC_045512.2	4566	T	G	38474	17242	51	7	5	32	0.000181705	38524	1	FALSE	ORF1ab:cds-YP_009725295.1	CTT	L	CGT	R	1434
NC_045512.2	4566	T	C	38474	17242	51	32	32	35	0.000830651	38524	0.798105	FALSE	ORF1ab:cds-YP_009724389.1	CTT	L	CCT	P	1434
NC_045512.2	4566	T	C	38474	17242	51	32	32	35	0.000830651	38524	0.798105	FALSE	ORF1ab:cds-YP_009725295.1	CTT	L	CCT	P	1434
NC_045512.2	4566	T	A	38474	17242	51	11	11	33	0.000285536	38524	0.999981	FALSE	ORF1ab:cds-YP_009724389.1	CTT	L	CAT	H	1434
NC_045512.2	4566	T	A	38474	17242	51	11	11	33	0.000285536	38524	0.999981	FALSE	ORF1ab:cds-YP_009725295.1	CTT	L	CAT	H	1434
NC_045512.2	4567	T	G	38994	17042	50	9	8	33	0.000230639	39022	0.999998	FALSE	ORF1ab:cds-YP_009724389.1	CTT	L	CTG	L	1434
NC_045512.2	4567	T	G	38994	17042	50	9	8	33	0.000230639	39022	0.999998	FALSE	ORF1ab:cds-YP_009725295.1	CTT	L	CTG	L	1434
NC_045512.2	4567	T	C	38994	17042	50	6	5	34	0.000153759	39022	1	FALSE	ORF1ab:cds-YP_009724389.1	CTT	L	CTC	L	1434
NC_045512.2	4567	T	C	38994	17042	50	6	5	34	0.000153759	39022	1	FALSE	ORF1ab:cds-YP_009725295.1	CTT	L	CTC	L	1434
NC_045512.2	4567	T	A	38994	17042	50	13	11	33	0.000333145	39022	0.999936	FALSE	ORF1ab:cds-YP_009724389.1	CTT	L	CTA	L	1434
NC_045512.2	4567	T	A	38994	17042	50	13	11	33	0.000333145	39022	0.999936	FALSE	ORF1ab:cds-YP_009725295.1	CTT	L	CTA	L	1434
NC_045512.2	4568	A	T	39385	18124	52	38	38	32	0.000963464	39441	0.589359	FALSE	ORF1ab:cds-YP_009724389.1	ATC	I	TTC	F	1435
NC_045512.2	4568	A	T	39385	18124	52	38	38	32	0.000963464	39441	0.589359	FALSE	ORF1ab:cds-YP_009725295.1	ATC	I	TTC	F	1435
NC_045512.2	4568	A	G	39385	18124	52	8	7	35	0.000202835	39441	0.999999	FALSE	ORF1ab:cds-YP_009724389.1	ATC	I	GTC	V	1435
NC_045512.2	4568	A	G	39385	18124	52	8	7	35	0.000202835	39441	0.999999	FALSE	ORF1ab:cds-YP_009725295.1	ATC	I	GTC	V	1435
NC_045512.2	4568	A	C	39385	18124	52	10	10	33	0.000253543	39441	0.999995	FALSE	ORF1ab:cds-YP_009724389.1	ATC	I	CTC	L	1435
NC_045512.2	4568	A	C	39385	18124	52	10	10	33	0.000253543	39441	0.999995	FALSE	ORF1ab:cds-YP_009725295.1	ATC	I	CTC	L	1435
NC_045512.2	4569	T	G	40078	18305	52	8	7	32	0.000199367	40127	1	FALSE	ORF1ab:cds-YP_009724389.1	ATC	I	AGC	S	1435
NC_045512.2	4569	T	G	40078	18305	52	8	7	32	0.000199367	40127	1	FALSE	ORF1ab:cds-YP_009725295.1	ATC	I	AGC	S	1435
NC_045512.2	4569	T	C	40078	18305	52	5	3	40	0.000124604	40127	0.49934	FALSE	ORF1ab:cds-YP_009724389.1	ATC	I	ACC	T	1435
NC_045512.2	4569	T	C	40078	18305	52	5	3	40	0.000124604	40127	0.49934	FALSE	ORF1ab:cds-YP_009725295.1	ATC	I	ACC	T	1435
NC_045512.2	4569	T	A	40078	18305	52	36	36	33	0.000897152	40127	0.716363	FALSE	ORF1ab:cds-YP_009724389.1	ATC	I	AAC	N	1435
NC_045512.2	4569	T	A	40078	18305	52	36	36	33	0.000897152	40127	0.716363	FALSE	ORF1ab:cds-YP_009725295.1	ATC	I	AAC	N	1435
NC_045512.2	4570	C	T	39940	18473	52	46	45	34	0.00114989	40004	0.294236	FALSE	ORF1ab:cds-YP_009724389.1	ATC	I	ATT	I	1435
NC_045512.2	4570	C	T	39940	18473	52	46	45	34	0.00114989	40004	0.294236	FALSE	ORF1ab:cds-YP_009725295.1	ATC	I	ATT	I	1435
NC_045512.2	4570	C	G	39940	18473	52	5	5	30	0.000124988	40004	1	FALSE	ORF1ab:cds-YP_009724389.1	ATC	I	ATG	M	1435
NC_045512.2	4570	C	G	39940	18473	52	5	5	30	0.000124988	40004	1	FALSE	ORF1ab:cds-YP_009725295.1	ATC	I	ATG	M	1435
NC_045512.2	4570	C	A	39940	18473	52	13	12	33	0.000324968	40004	0.999959	FALSE	ORF1ab:cds-YP_009724389.1	ATC	I	ATA	I	1435
NC_045512.2	4570	C	A	39940	18473	52	13	12	33	0.000324968	40004	0.999959	FALSE	ORF1ab:cds-YP_009725295.1	ATC	I	ATA	I	1435
NC_045512.2	4571	A	T	39539	18168	52	18	17	31	0.000454591	39596	0.998386	FALSE	ORF1ab:cds-YP_009724389.1	AAC	N	TAC	Y	1436
NC_045512.2	4571	A	T	39539	18168	52	18	17	31	0.000454591	39596	0.998386	FALSE	ORF1ab:cds-YP_009725295.1	AAC	N	TAC	Y	1436
NC_045512.2	4571	A	G	39539	18168	52	5	4	30	0.000126275	39596	1	FALSE	ORF1ab:cds-YP_009724389.1	AAC	N	GAC	D	1436
NC_045512.2	4571	A	G	39539	18168	52	5	4	30	0.000126275	39596	1	FALSE	ORF1ab:cds-YP_009725295.1	AAC	N	GAC	D	1436
NC_045512.2	4571	A	C	39539	18168	52	34	33	32	0.000858673	39596	0.757964	FALSE	ORF1ab:cds-YP_009724389.1	AAC	N	CAC	H	1436
NC_045512.2	4571	A	C	39539	18168	52	34	33	32	0.000858673	39596	0.757964	FALSE	ORF1ab:cds-YP_009725295.1	AAC	N	CAC	H	1436
NC_045512.2	4572	A	T	37884	18259	49	11	11	34	0.000290138	37913	0.999969	FALSE	ORF1ab:cds-YP_009724389.1	AAC	N	ATC	I	1436
NC_045512.2	4572	A	T	37884	18259	49	11	11	34	0.000290138	37913	0.999969	FALSE	ORF1ab:cds-YP_009725295.1	AAC	N	ATC	I	1436
NC_045512.2	4572	A	G	37884	18259	49	10	9	40	0.000263762	37913	0.0460459	FALSE	ORF1ab:cds-YP_009724389.1	AAC	N	AGC	S	1436
NC_045512.2	4572	A	G	37884	18259	49	10	9	40	0.000263762	37913	0.0460459	FALSE	ORF1ab:cds-YP_009725295.1	AAC	N	AGC	S	1436
NC_045512.2	4572	A	C	37884	18259	49	8	8	34	0.000211009	37913	0.999998	FALSE	ORF1ab:cds-YP_009724389.1	AAC	N	ACC	T	1436
NC_045512.2	4572	A	C	37884	18259	49	8	8	34	0.000211009	37913	0.999998	FALSE	ORF1ab:cds-YP_009725295.1	AAC	N	ACC	T	1436
NC_045512.2	4573	C	T	39584	18216	52	10	7	36	0.00025227	39640	0.999995	FALSE	ORF1ab:cds-YP_009724389.1	AAC	N	AAT	N	1436
NC_045512.2	4573	C	T	39584	18216	52	10	7	36	0.00025227	39640	0.999995	FALSE	ORF1ab:cds-YP_009725295.1	AAC	N	AAT	N	1436
NC_045512.2	4573	C	G	39584	18216	52	4	4	34	0.000100908	39640	1	FALSE	ORF1ab:cds-YP_009724389.1	AAC	N	AAG	K	1436
NC_045512.2	4573	C	G	39584	18216	52	4	4	34	0.000100908	39640	1	FALSE	ORF1ab:cds-YP_009725295.1	AAC	N	AAG	K	1436
NC_045512.2	4573	C	A	39584	18216	52	42	41	34	0.00105954	39640	0.411536	FALSE	ORF1ab:cds-YP_009724389.1	AAC	N	AAA	K	1436
NC_045512.2	4573	C	A	39584	18216	52	42	41	34	0.00105954	39640	0.411536	FALSE	ORF1ab:cds-YP_009725295.1	AAC	N	AAA	K	1436
NC_045512.2	4574	A	T	38200	17163	51	11	10	34	0.000287582	38250	0.999981	FALSE	ORF1ab:cds-YP_009724389.1	ACA	T	TCA	S	1437
NC_045512.2	4574	A	T	38200	17163	51	11	10	34	0.000287582	38250	0.999981	FALSE	ORF1ab:cds-YP_009725295.1	ACA	T	TCA	S	1437
NC_045512.2	4574	A	G	38200	17163	51	7	5	35	0.000183007	38250	1	FALSE	ORF1ab:cds-YP_009724389.1	ACA	T	GCA	A	1437
NC_045512.2	4574	A	G	38200	17163	51	7	5	35	0.000183007	38250	1	FALSE	ORF1ab:cds-YP_009725295.1	ACA	T	GCA	A	1437
NC_045512.2	4574	A	C	38200	17163	51	32	32	33	0.000836601	38250	0.798102	FALSE	ORF1ab:cds-YP_009724389.1	ACA	T	CCA	P	1437
NC_045512.2	4574	A	C	38200	17163	51	32	32	33	0.000836601	38250	0.798102	FALSE	ORF1ab:cds-YP_009725295.1	ACA	T	CCA	P	1437
NC_045512.2	4575	C	T	38965	17817	51	10	10	34	0.000256292	39018	0.999995	FALSE	ORF1ab:cds-YP_009724389.1	ACA	T	ATA	I	1437
NC_045512.2	4575	C	T	38965	17817	51	10	10	34	0.000256292	39018	0.999995	FALSE	ORF1ab:cds-YP_009725295.1	ACA	T	ATA	I	1437
NC_045512.2	4575	C	G	38965	17817	51	4	4	30	0.000102517	39018	1	FALSE	ORF1ab:cds-YP_009724389.1	ACA	T	AGA	R	1437
NC_045512.2	4575	C	G	38965	17817	51	4	4	30	0.000102517	39018	1	FALSE	ORF1ab:cds-YP_009725295.1	ACA	T	AGA	R	1437
NC_045512.2	4575	C	A	38965	17817	51	39	38	32	0.000999539	39018	0.544464	FALSE	ORF1ab:cds-YP_009724389.1	ACA	T	AAA	K	1437
NC_045512.2	4575	C	A	38965	17817	51	39	38	32	0.000999539	39018	0.544464	FALSE	ORF1ab:cds-YP_009725295.1	ACA	T	AAA	K	1437
NC_045512.2	4576	A	T	38336	17670	51	9	9	33	0.00023443	38391	0.999997	FALSE	ORF1ab:cds-YP_009724389.1	ACA	T	ACT	T	1437
NC_045512.2	4576	A	T	38336	17670	51	9	9	33	0.00023443	38391	0.999997	FALSE	ORF1ab:cds-YP_009725295.1	ACA	T	ACT	T	1437
NC_045512.2	4576	A	G	38336	17670	51	8	8	38	0.000208382	38391	0.999999	FALSE	ORF1ab:cds-YP_009724389.1	ACA	T	ACG	T	1437
NC_045512.2	4576	A	G	38336	17670	51	8	8	38	0.000208382	38391	0.999999	FALSE	ORF1ab:cds-YP_009725295.1	ACA	T	ACG	T	1437
NC_045512.2	4576	A	C	38336	17670	51	38	37	32	0.000989815	38391	0.544911	FALSE	ORF1ab:cds-YP_009724389.1	ACA	T	ACC	T	1437
NC_045512.2	4576	A	C	38336	17670	51	38	37	32	0.000989815	38391	0.544911	FALSE	ORF1ab:cds-YP_009725295.1	ACA	T	ACC	T	1437
NC_045512.2	4576	A	+G	38336	17670	51	1	0	20	2.60478e-05	38391	1	FALSE	NA	NA	NA	NA	NA	NA
NC_045512.2	4577	C	T	38671	17987	51	15	15	32	0.000387387	38721	0.999596	FALSE	ORF1ab:cds-YP_009724389.1	CTT	L	TTT	F	1438
NC_045512.2	4577	C	T	38671	17987	51	15	15	32	0.000387387	38721	0.999596	FALSE	ORF1ab:cds-YP_009725295.1	CTT	L	TTT	F	1438
NC_045512.2	4577	C	G	38671	17987	51	4	4	32	0.000103303	38721	1	FALSE	ORF1ab:cds-YP_009724389.1	CTT	L	GTT	V	1438
NC_045512.2	4577	C	G	38671	17987	51	4	4	32	0.000103303	38721	1	FALSE	ORF1ab:cds-YP_009725295.1	CTT	L	GTT	V	1438
NC_045512.2	4577	C	A	38671	17987	51	31	31	31	0.000800599	38721	0.831843	FALSE	ORF1ab:cds-YP_009724389.1	CTT	L	ATT	I	1438
NC_045512.2	4577	C	A	38671	17987	51	31	31	31	0.000800599	38721	0.831843	FALSE	ORF1ab:cds-YP_009725295.1	CTT	L	ATT	I	1438
NC_045512.2	4578	T	G	37959	18512	52	7	6	33	0.000184157	38011	1	FALSE	ORF1ab:cds-YP_009724389.1	CTT	L	CGT	R	1438
NC_045512.2	4578	T	G	37959	18512	52	7	6	33	0.000184157	38011	1	FALSE	ORF1ab:cds-YP_009725295.1	CTT	L	CGT	R	1438
NC_045512.2	4578	T	C	37959	18512	52	39	37	34	0.00102602	38011	0.499445	FALSE	ORF1ab:cds-YP_009724389.1	CTT	L	CCT	P	1438
NC_045512.2	4578	T	C	37959	18512	52	39	37	34	0.00102602	38011	0.499445	FALSE	ORF1ab:cds-YP_009725295.1	CTT	L	CCT	P	1438
NC_045512.2	4578	T	A	37959	18512	52	6	6	32	0.000157849	38011	1	FALSE	ORF1ab:cds-YP_009724389.1	CTT	L	CAT	H	1438
NC_045512.2	4578	T	A	37959	18512	52	6	6	32	0.000157849	38011	1	FALSE	ORF1ab:cds-YP_009725295.1	CTT	L	CAT	H	1438
NC_045512.2	4579	T	G	38404	19307	53	4	4	34	0.000104093	38427	1	FALSE	ORF1ab:cds-YP_009724389.1	CTT	L	CTG	L	1438
NC_045512.2	4579	T	G	38404	19307	53	4	4	34	0.000104093	38427	1	FALSE	ORF1ab:cds-YP_009725295.1	CTT	L	CTG	L	1438
NC_045512.2	4579	T	C	38404	19307	53	9	7	39	0.00023421	38427	0.999997	FALSE	ORF1ab:cds-YP_009724389.1	CTT	L	CTC	L	1438
NC_045512.2	4579	T	C	38404	19307	53	9	7	39	0.00023421	38427	0.999997	FALSE	ORF1ab:cds-YP_009725295.1	CTT	L	CTC	L	1438
NC_045512.2	4579	T	A	38404	19307	53	10	10	31	0.000260234	38427	0.999992	FALSE	ORF1ab:cds-YP_009724389.1	CTT	L	CTA	L	1438
NC_045512.2	4579	T	A	38404	19307	53	10	10	31	0.000260234	38427	0.999992	FALSE	ORF1ab:cds-YP_009725295.1	CTT	L	CTA	L	1438
NC_045512.2	4580	A	T	38331	19289	54	48	48	33	0.00125	38400	0.165179	FALSE	ORF1ab:cds-YP_009724389.1	AAC	N	TAC	Y	1439
NC_045512.2	4580	A	T	38331	19289	54	48	48	33	0.00125	38400	0.165179	FALSE	ORF1ab:cds-YP_009725295.1	AAC	N	TAC	Y	1439
NC_045512.2	4580	A	G	38331	19289	54	7	7	44	0.000182292	38400	0.171208	FALSE	ORF1ab:cds-YP_009724389.1	AAC	N	GAC	D	1439
NC_045512.2	4580	A	G	38331	19289	54	7	7	44	0.000182292	38400	0.171208	FALSE	ORF1ab:cds-YP_009725295.1	AAC	N	GAC	D	1439
NC_045512.2	4580	A	C	38331	19289	54	14	14	33	0.000364583	38400	0.999792	FALSE	ORF1ab:cds-YP_009724389.1	AAC	N	CAC	H	1439
NC_045512.2	4580	A	C	38331	19289	54	14	14	33	0.000364583	38400	0.999792	FALSE	ORF1ab:cds-YP_009725295.1	AAC	N	CAC	H	1439
NC_045512.2	4581	A	T	37624	19497	52	22	22	32	0.00058419	37659	0.98181	FALSE	ORF1ab:cds-YP_009724389.1	AAC	N	ATC	I	1439
NC_045512.2	4581	A	T	37624	19497	52	22	22	32	0.00058419	37659	0.98181	FALSE	ORF1ab:cds-YP_009725295.1	AAC	N	ATC	I	1439
NC_045512.2	4581	A	G	37624	19497	52	6	5	44	0.000159324	37659	0.253527	FALSE	ORF1ab:cds-YP_009724389.1	AAC	N	AGC	S	1439
NC_045512.2	4581	A	G	37624	19497	52	6	5	44	0.000159324	37659	0.253527	FALSE	ORF1ab:cds-YP_009725295.1	AAC	N	AGC	S	1439
NC_045512.2	4581	A	C	37624	19497	52	7	7	32	0.000185879	37659	1	FALSE	ORF1ab:cds-YP_009724389.1	AAC	N	ACC	T	1439
NC_045512.2	4581	A	C	37624	19497	52	7	7	32	0.000185879	37659	1	FALSE	ORF1ab:cds-YP_009725295.1	AAC	N	ACC	T	1439
NC_045512.2	4582	C	T	38327	19481	53	18	18	32	0.000468872	38390	0.997696	FALSE	ORF1ab:cds-YP_009724389.1	AAC	N	AAT	N	1439
NC_045512.2	4582	C	T	38327	19481	53	18	18	32	0.000468872	38390	0.997696	FALSE	ORF1ab:cds-YP_009725295.1	AAC	N	AAT	N	1439
NC_045512.2	4582	C	G	38327	19481	53	2	1	30	5.20969e-05	38390	1	FALSE	ORF1ab:cds-YP_009724389.1	AAC	N	AAG	K	1439
NC_045512.2	4582	C	G	38327	19481	53	2	1	30	5.20969e-05	38390	1	FALSE	ORF1ab:cds-YP_009725295.1	AAC	N	AAG	K	1439
NC_045512.2	4582	C	A	38327	19481	53	43	43	33	0.00112008	38390	0.327604	FALSE	ORF1ab:cds-YP_009724389.1	AAC	N	AAA	K	1439
NC_045512.2	4582	C	A	38327	19481	53	43	43	33	0.00112008	38390	0.327604	FALSE	ORF1ab:cds-YP_009725295.1	AAC	N	AAA	K	1439
NC_045512.2	4583	G	T	38168	19412	53	9	9	33	0.000235405	38232	0.999997	FALSE	ORF1ab:cds-YP_009724389.1	GAT	D	TAT	Y	1440
NC_045512.2	4583	G	T	38168	19412	53	9	9	33	0.000235405	38232	0.999997	FALSE	ORF1ab:cds-YP_009725295.1	GAT	D	TAT	Y	1440
NC_045512.2	4583	G	C	38168	19412	53	34	33	34	0.000889307	38232	0.72101	FALSE	ORF1ab:cds-YP_009724389.1	GAT	D	CAT	H	1440
NC_045512.2	4583	G	C	38168	19412	53	34	33	34	0.000889307	38232	0.72101	FALSE	ORF1ab:cds-YP_009725295.1	GAT	D	CAT	H	1440
NC_045512.2	4583	G	A	38168	19412	53	21	21	35	0.000549278	38232	0.990749	FALSE	ORF1ab:cds-YP_009724389.1	GAT	D	AAT	N	1440
NC_045512.2	4583	G	A	38168	19412	53	21	21	35	0.000549278	38232	0.990749	FALSE	ORF1ab:cds-YP_009725295.1	GAT	D	AAT	N	1440
NC_045512.2	4584	A	T	38219	19193	54	9	9	34	0.000235153	38273	0.999997	FALSE	ORF1ab:cds-YP_009724389.1	GAT	D	GTT	V	1440
NC_045512.2	4584	A	T	38219	19193	54	9	9	34	0.000235153	38273	0.999997	FALSE	ORF1ab:cds-YP_009725295.1	GAT	D	GTT	V	1440
NC_045512.2	4584	A	G	38219	19193	54	36	34	32	0.000940611	38273	0.63557	FALSE	ORF1ab:cds-YP_009724389.1	GAT	D	GGT	G	1440
NC_045512.2	4584	A	G	38219	19193	54	36	34	32	0.000940611	38273	0.63557	FALSE	ORF1ab:cds-YP_009725295.1	GAT	D	GGT	G	1440
NC_045512.2	4584	A	C	38219	19193	54	9	9	32	0.000235153	38273	0.999997	FALSE	ORF1ab:cds-YP_009724389.1	GAT	D	GCT	A	1440
NC_045512.2	4584	A	C	38219	19193	54	9	9	32	0.000235153	38273	0.999997	FALSE	ORF1ab:cds-YP_009725295.1	GAT	D	GCT	A	1440
NC_045512.2	4585	T	G	37867	18988	53	9	9	31	0.000237298	37927	0.999995	FALSE	ORF1ab:cds-YP_009724389.1	GAT	D	GAG	E	1440
NC_045512.2	4585	T	G	37867	18988	53	9	9	31	0.000237298	37927	0.999995	FALSE	ORF1ab:cds-YP_009725295.1	GAT	D	GAG	E	1440
NC_045512.2	4585	T	C	37867	18988	53	12	12	34	0.000316397	37927	0.999928	FALSE	ORF1ab:cds-YP_009724389.1	GAT	D	GAC	D	1440
NC_045512.2	4585	T	C	37867	18988	53	12	12	34	0.000316397	37927	0.999928	FALSE	ORF1ab:cds-YP_009725295.1	GAT	D	GAC	D	1440
NC_045512.2	4585	T	A	37867	18988	53	39	39	32	0.00102829	37927	0.453451	FALSE	ORF1ab:cds-YP_009724389.1	GAT	D	GAA	E	1440
NC_045512.2	4585	T	A	37867	18988	53	39	39	32	0.00102829	37927	0.453451	FALSE	ORF1ab:cds-YP_009725295.1	GAT	D	GAA	E	1440
NC_045512.2	4586	C	T	37827	19201	54	36	36	32	0.000950144	37889	0.591384	FALSE	ORF1ab:cds-YP_009724389.1	CTA	L	TTA	L	1441
NC_045512.2	4586	C	T	37827	19201	54	36	36	32	0.000950144	37889	0.591384	FALSE	ORF1ab:cds-YP_009725295.1	CTA	L	TTA	L	1441
NC_045512.2	4586	C	G	37827	19201	54	12	12	31	0.000316715	37889	0.999928	FALSE	ORF1ab:cds-YP_009724389.1	CTA	L	GTA	V	1441
NC_045512.2	4586	C	G	37827	19201	54	12	12	31	0.000316715	37889	0.999928	FALSE	ORF1ab:cds-YP_009725295.1	CTA	L	GTA	V	1441
NC_045512.2	4586	C	A	37827	19201	54	14	14	32	0.0003695	37889	0.999686	FALSE	ORF1ab:cds-YP_009724389.1	CTA	L	ATA	I	1441
NC_045512.2	4586	C	A	37827	19201	54	14	14	32	0.0003695	37889	0.999686	FALSE	ORF1ab:cds-YP_009725295.1	CTA	L	ATA	I	1441
NC_045512.2	4587	T	G	37843	19137	54	4	4	30	0.000105535	37902	1	FALSE	ORF1ab:cds-YP_009724389.1	CTA	L	CGA	R	1441
NC_045512.2	4587	T	G	37843	19137	54	4	4	30	0.000105535	37902	1	FALSE	ORF1ab:cds-YP_009725295.1	CTA	L	CGA	R	1441
NC_045512.2	4587	T	C	37843	19137	54	37	36	33	0.000976202	37902	0.545294	FALSE	ORF1ab:cds-YP_009724389.1	CTA	L	CCA	P	1441
NC_045512.2	4587	T	C	37843	19137	54	37	36	33	0.000976202	37902	0.545294	FALSE	ORF1ab:cds-YP_009725295.1	CTA	L	CCA	P	1441
NC_045512.2	4587	T	A	37843	19137	54	18	18	32	0.000474909	37902	0.996743	FALSE	ORF1ab:cds-YP_009724389.1	CTA	L	CAA	Q	1441
NC_045512.2	4587	T	A	37843	19137	54	18	18	32	0.000474909	37902	0.996743	FALSE	ORF1ab:cds-YP_009725295.1	CTA	L	CAA	Q	1441
NC_045512.2	4588	A	T	38440	19237	54	49	49	32	0.0012726	38504	0.141286	FALSE	ORF1ab:cds-YP_009724389.1	CTA	L	CTT	L	1441
NC_045512.2	4588	A	T	38440	19237	54	49	49	32	0.0012726	38504	0.141286	FALSE	ORF1ab:cds-YP_009725295.1	CTA	L	CTT	L	1441
NC_045512.2	4588	A	G	38440	19237	54	5	4	29	0.000129857	38504	1	FALSE	ORF1ab:cds-YP_009724389.1	CTA	L	CTG	L	1441
NC_045512.2	4588	A	G	38440	19237	54	5	4	29	0.000129857	38504	1	FALSE	ORF1ab:cds-YP_009725295.1	CTA	L	CTG	L	1441
NC_045512.2	4588	A	C	38440	19237	54	10	10	33	0.000259713	38504	0.999992	FALSE	ORF1ab:cds-YP_009724389.1	CTA	L	CTC	L	1441
NC_045512.2	4588	A	C	38440	19237	54	10	10	33	0.000259713	38504	0.999992	FALSE	ORF1ab:cds-YP_009725295.1	CTA	L	CTC	L	1441
NC_045512.2	4589	A	T	38188	19218	53	14	14	33	0.000366262	38224	0.999795	FALSE	ORF1ab:cds-YP_009724389.1	AAT	N	TAT	Y	1442
NC_045512.2	4589	A	T	38188	19218	53	14	14	33	0.000366262	38224	0.999795	FALSE	ORF1ab:cds-YP_009725295.1	AAT	N	TAT	Y	1442
NC_045512.2	4589	A	G	38188	19218	53	6	5	32	0.000156969	38224	1	FALSE	ORF1ab:cds-YP_009724389.1	AAT	N	GAT	D	1442
NC_045512.2	4589	A	G	38188	19218	53	6	5	32	0.000156969	38224	1	FALSE	ORF1ab:cds-YP_009725295.1	AAT	N	GAT	D	1442
NC_045512.2	4589	A	C	38188	19218	53	16	16	33	0.000418585	38224	0.99925	FALSE	ORF1ab:cds-YP_009724389.1	AAT	N	CAT	H	1442
NC_045512.2	4589	A	C	38188	19218	53	16	16	33	0.000418585	38224	0.99925	FALSE	ORF1ab:cds-YP_009725295.1	AAT	N	CAT	H	1442
NC_045512.2	4590	A	T	38335	19444	53	15	15	31	0.000390992	38364	0.999599	FALSE	ORF1ab:cds-YP_009724389.1	AAT	N	ATT	I	1442
NC_045512.2	4590	A	T	38335	19444	53	15	15	31	0.000390992	38364	0.999599	FALSE	ORF1ab:cds-YP_009725295.1	AAT	N	ATT	I	1442
NC_045512.2	4590	A	G	38335	19444	53	5	5	30	0.000130331	38364	1	FALSE	ORF1ab:cds-YP_009724389.1	AAT	N	AGT	S	1442
NC_045512.2	4590	A	G	38335	19444	53	5	5	30	0.000130331	38364	1	FALSE	ORF1ab:cds-YP_009725295.1	AAT	N	AGT	S	1442
NC_045512.2	4590	A	C	38335	19444	53	9	7	30	0.000234595	38364	0.999997	FALSE	ORF1ab:cds-YP_009724389.1	AAT	N	ACT	T	1442
NC_045512.2	4590	A	C	38335	19444	53	9	7	30	0.000234595	38364	0.999997	FALSE	ORF1ab:cds-YP_009725295.1	AAT	N	ACT	T	1442
NC_045512.2	4591	T	G	38468	19517	54	5	4	32	0.000129749	38536	1	FALSE	ORF1ab:cds-YP_009724389.1	AAT	N	AAG	K	1442
NC_045512.2	4591	T	G	38468	19517	54	5	4	32	0.000129749	38536	1	FALSE	ORF1ab:cds-YP_009725295.1	AAT	N	AAG	K	1442
NC_045512.2	4591	T	C	38468	19517	54	9	7	35	0.000233548	38536	0.999997	FALSE	ORF1ab:cds-YP_009724389.1	AAT	N	AAC	N	1442
NC_045512.2	4591	T	C	38468	19517	54	9	7	35	0.000233548	38536	0.999997	FALSE	ORF1ab:cds-YP_009725295.1	AAT	N	AAC	N	1442
NC_045512.2	4591	T	A	38468	19517	54	54	54	32	0.00140129	38536	0.0583866	FALSE	ORF1ab:cds-YP_009724389.1	AAT	N	AAA	K	1442
NC_045512.2	4591	T	A	38468	19517	54	54	54	32	0.00140129	38536	0.0583866	FALSE	ORF1ab:cds-YP_009725295.1	AAT	N	AAA	K	1442
NC_045512.2	4592	G	T	38421	19677	53	40	40	33	0.00103923	38490	0.453672	FALSE	ORF1ab:cds-YP_009724389.1	GAA	E	TAA	*	1443
NC_045512.2	4592	G	T	38421	19677	53	40	40	33	0.00103923	38490	0.453672	FALSE	ORF1ab:cds-YP_009725295.1	GAA	E	TAA	*	1443
NC_045512.2	4592	G	C	38421	19677	53	7	7	32	0.000181865	38490	1	FALSE	ORF1ab:cds-YP_009724389.1	GAA	E	CAA	Q	1443
NC_045512.2	4592	G	C	38421	19677	53	7	7	32	0.000181865	38490	1	FALSE	ORF1ab:cds-YP_009725295.1	GAA	E	CAA	Q	1443
NC_045512.2	4592	G	A	38421	19677	53	22	22	33	0.000571577	38490	0.986198	FALSE	ORF1ab:cds-YP_009724389.1	GAA	E	AAA	K	1443
NC_045512.2	4592	G	A	38421	19677	53	22	22	33	0.000571577	38490	0.986198	FALSE	ORF1ab:cds-YP_009725295.1	GAA	E	AAA	K	1443
NC_045512.2	4593	A	T	38223	19438	54	14	13	33	0.000365707	38282	0.999793	FALSE	ORF1ab:cds-YP_009724389.1	GAA	E	GTA	V	1443
NC_045512.2	4593	A	T	38223	19438	54	14	13	33	0.000365707	38282	0.999793	FALSE	ORF1ab:cds-YP_009725295.1	GAA	E	GTA	V	1443
NC_045512.2	4593	A	G	38223	19438	54	40	37	36	0.00104488	38282	0.454124	FALSE	ORF1ab:cds-YP_009724389.1	GAA	E	GGA	G	1443
NC_045512.2	4593	A	G	38223	19438	54	40	37	36	0.00104488	38282	0.454124	FALSE	ORF1ab:cds-YP_009725295.1	GAA	E	GGA	G	1443
NC_045512.2	4593	A	C	38223	19438	54	5	5	32	0.00013061	38282	1	FALSE	ORF1ab:cds-YP_009724389.1	GAA	E	GCA	A	1443
NC_045512.2	4593	A	C	38223	19438	54	5	5	32	0.00013061	38282	1	FALSE	ORF1ab:cds-YP_009725295.1	GAA	E	GCA	A	1443
NC_045512.2	4594	A	T	38039	19263	53	19	19	33	0.000498976	38078	0.996236	FALSE	ORF1ab:cds-YP_009724389.1	GAA	E	GAT	D	1443
NC_045512.2	4594	A	T	38039	19263	53	19	19	33	0.000498976	38078	0.996236	FALSE	ORF1ab:cds-YP_009725295.1	GAA	E	GAT	D	1443
NC_045512.2	4594	A	G	38039	19263	53	14	10	33	0.000367666	38078	0.999794	FALSE	ORF1ab:cds-YP_009724389.1	GAA	E	GAG	E	1443
NC_045512.2	4594	A	G	38039	19263	53	14	10	33	0.000367666	38078	0.999794	FALSE	ORF1ab:cds-YP_009725295.1	GAA	E	GAG	E	1443
NC_045512.2	4594	A	C	38039	19263	53	6	2	28	0.000157571	38078	1	FALSE	ORF1ab:cds-YP_009724389.1	GAA	E	GAC	D	1443
NC_045512.2	4594	A	C	38039	19263	53	6	2	28	0.000157571	38078	1	FALSE	ORF1ab:cds-YP_009725295.1	GAA	E	GAC	D	1443
NC_045512.2	4595	A	T	38046	19321	54	9	9	33	0.000236357	38078	0.999997	FALSE	ORF1ab:cds-YP_009724389.1	ACT	T	TCT	S	1444
NC_045512.2	4595	A	T	38046	19321	54	9	9	33	0.000236357	38078	0.999997	FALSE	ORF1ab:cds-YP_009725295.1	ACT	T	TCT	S	1444
NC_045512.2	4595	A	G	38046	19321	54	15	13	32	0.000393928	38078	0.999598	FALSE	ORF1ab:cds-YP_009724389.1	ACT	T	GCT	A	1444
NC_045512.2	4595	A	G	38046	19321	54	15	13	32	0.000393928	38078	0.999598	FALSE	ORF1ab:cds-YP_009725295.1	ACT	T	GCT	A	1444
NC_045512.2	4595	A	C	38046	19321	54	8	7	30	0.000210095	38078	0.999999	FALSE	ORF1ab:cds-YP_009724389.1	ACT	T	CCT	P	1444
NC_045512.2	4595	A	C	38046	19321	54	8	7	30	0.000210095	38078	0.999999	FALSE	ORF1ab:cds-YP_009725295.1	ACT	T	CCT	P	1444
NC_045512.2	4596	C	T	38266	19665	53	9	9	37	0.000234736	38341	0.999997	FALSE	ORF1ab:cds-YP_009724389.1	ACT	T	ATT	I	1444
NC_045512.2	4596	C	T	38266	19665	53	9	9	37	0.000234736	38341	0.999997	FALSE	ORF1ab:cds-YP_009725295.1	ACT	T	ATT	I	1444
NC_045512.2	4596	C	G	38266	19665	53	6	5	32	0.00015649	38341	1	FALSE	ORF1ab:cds-YP_009724389.1	ACT	T	AGT	S	1444
NC_045512.2	4596	C	G	38266	19665	53	6	5	32	0.00015649	38341	1	FALSE	ORF1ab:cds-YP_009725295.1	ACT	T	AGT	S	1444
NC_045512.2	4596	C	A	38266	19665	53	60	59	33	0.0015649	38341	0.0165493	FALSE	ORF1ab:cds-YP_009724389.1	ACT	T	AAT	N	1444
NC_045512.2	4596	C	A	38266	19665	53	60	59	33	0.0015649	38341	0.0165493	FALSE	ORF1ab:cds-YP_009725295.1	ACT	T	AAT	N	1444
NC_045512.2	4597	T	G	36754	18075	52	4	3	30	0.000108622	36825	1	FALSE	ORF1ab:cds-YP_009724389.1	ACT	T	ACG	T	1444
NC_045512.2	4597	T	G	36754	18075	52	4	3	30	0.000108622	36825	1	FALSE	ORF1ab:cds-YP_009725295.1	ACT	T	ACG	T	1444
NC_045512.2	4597	T	C	36754	18075	52	38	38	32	0.00103191	36825	0.45227	FALSE	ORF1ab:cds-YP_009724389.1	ACT	T	ACC	T	1444
NC_045512.2	4597	T	C	36754	18075	52	38	38	32	0.00103191	36825	0.45227	FALSE	ORF1ab:cds-YP_009725295.1	ACT	T	ACC	T	1444
NC_045512.2	4597	T	A	36754	18075	52	29	28	33	0.000787508	36825	0.838465	FALSE	ORF1ab:cds-YP_009724389.1	ACT	T	ACA	T	1444
NC_045512.2	4597	T	A	36754	18075	52	29	28	33	0.000787508	36825	0.838465	FALSE	ORF1ab:cds-YP_009725295.1	ACT	T	ACA	T	1444
NC_045512.2	4598	C	T	38033	19354	53	34	34	32	0.000892646	38089	0.721307	FALSE	ORF1ab:cds-YP_009724389.1	CTT	L	TTT	F	1445
NC_045512.2	4598	C	T	38033	19354	53	34	34	32	0.000892646	38089	0.721307	FALSE	ORF1ab:cds-YP_009725295.1	CTT	L	TTT	F	1445
NC_045512.2	4598	C	G	38033	19354	53	5	4	29	0.000131271	38089	1	FALSE	ORF1ab:cds-YP_009724389.1	CTT	L	GTT	V	1445
NC_045512.2	4598	C	G	38033	19354	53	5	4	29	0.000131271	38089	1	FALSE	ORF1ab:cds-YP_009725295.1	CTT	L	GTT	V	1445
NC_045512.2	4598	C	A	38033	19354	53	17	17	33	0.000446323	38089	0.998655	FALSE	ORF1ab:cds-YP_009724389.1	CTT	L	ATT	I	1445
NC_045512.2	4598	C	A	38033	19354	53	17	17	33	0.000446323	38089	0.998655	FALSE	ORF1ab:cds-YP_009725295.1	CTT	L	ATT	I	1445
NC_045512.2	4599	T	G	37692	19057	53	6	5	31	0.000158919	37755	1	FALSE	ORF1ab:cds-YP_009724389.1	CTT	L	CGT	R	1445
NC_045512.2	4599	T	G	37692	19057	53	6	5	31	0.000158919	37755	1	FALSE	ORF1ab:cds-YP_009725295.1	CTT	L	CGT	R	1445
NC_045512.2	4599	T	C	37692	19057	53	45	43	35	0.0011919	37755	0.219123	FALSE	ORF1ab:cds-YP_009724389.1	CTT	L	CCT	P	1445
NC_045512.2	4599	T	C	37692	19057	53	45	43	35	0.0011919	37755	0.219123	FALSE	ORF1ab:cds-YP_009725295.1	CTT	L	CCT	P	1445
NC_045512.2	4599	T	A	37692	19057	53	12	12	34	0.000317839	37755	0.999928	FALSE	ORF1ab:cds-YP_009724389.1	CTT	L	CAT	H	1445
NC_045512.2	4599	T	A	37692	19057	53	12	12	34	0.000317839	37755	0.999928	FALSE	ORF1ab:cds-YP_009725295.1	CTT	L	CAT	H	1445
NC_045512.2	4600	T	G	37503	18995	53	3	3	34	7.99275e-05	37534	1	FALSE	ORF1ab:cds-YP_009724389.1	CTT	L	CTG	L	1445
NC_045512.2	4600	T	G	37503	18995	53	3	3	34	7.99275e-05	37534	1	FALSE	ORF1ab:cds-YP_009725295.1	CTT	L	CTG	L	1445
NC_045512.2	4600	T	C	37503	18995	53	19	19	35	0.000506208	37534	0.99477	FALSE	ORF1ab:cds-YP_009724389.1	CTT	L	CTC	L	1445
NC_045512.2	4600	T	C	37503	18995	53	19	19	35	0.000506208	37534	0.99477	FALSE	ORF1ab:cds-YP_009725295.1	CTT	L	CTC	L	1445
NC_045512.2	4600	T	A	37503	18995	53	9	9	33	0.000239783	37534	0.999995	FALSE	ORF1ab:cds-YP_009724389.1	CTT	L	CTA	L	1445
NC_045512.2	4600	T	A	37503	18995	53	9	9	33	0.000239783	37534	0.999995	FALSE	ORF1ab:cds-YP_009725295.1	CTT	L	CTA	L	1445
NC_045512.2	4601	G	T	37922	19209	53	42	42	33	0.0011057	37985	0.325551	FALSE	ORF1ab:cds-YP_009724389.1	GTT	V	TTT	F	1446
NC_045512.2	4601	G	T	37922	19209	53	42	42	33	0.0011057	37985	0.325551	FALSE	ORF1ab:cds-YP_009725295.1	GTT	V	TTT	F	1446
NC_045512.2	4601	G	C	37922	19209	53	15	15	31	0.000394893	37985	0.999395	FALSE	ORF1ab:cds-YP_009724389.1	GTT	V	CTT	L	1446
NC_045512.2	4601	G	C	37922	19209	53	15	15	31	0.000394893	37985	0.999395	FALSE	ORF1ab:cds-YP_009725295.1	GTT	V	CTT	L	1446
NC_045512.2	4601	G	A	37922	19209	53	6	6	34	0.000157957	37985	1	FALSE	ORF1ab:cds-YP_009724389.1	GTT	V	ATT	I	1446
NC_045512.2	4601	G	A	37922	19209	53	6	6	34	0.000157957	37985	1	FALSE	ORF1ab:cds-YP_009725295.1	GTT	V	ATT	I	1446
NC_045512.2	4601	G	-T	37922	19209	53	1	0	20	2.63262e-05	37985	1	FALSE	NA	NA	NA	NA	NA	NA
NC_045512.2	4602	T	G	37946	19205	53	30	30	33	0.000789598	37994	0.835409	FALSE	ORF1ab:cds-YP_009724389.1	GTT	V	GGT	G	1446
NC_045512.2	4602	T	G	37946	19205	53	30	30	33	0.000789598	37994	0.835409	FALSE	ORF1ab:cds-YP_009725295.1	GTT	V	GGT	G	1446
NC_045512.2	4602	T	C	37946	19205	53	9	8	35	0.00023688	37994	0.999995	FALSE	ORF1ab:cds-YP_009724389.1	GTT	V	GCT	A	1446
NC_045512.2	4602	T	C	37946	19205	53	9	8	35	0.00023688	37994	0.999995	FALSE	ORF1ab:cds-YP_009725295.1	GTT	V	GCT	A	1446
NC_045512.2	4602	T	A	37946	19205	53	9	9	34	0.00023688	37994	0.999995	FALSE	ORF1ab:cds-YP_009724389.1	GTT	V	GAT	D	1446
NC_045512.2	4602	T	A	37946	19205	53	9	9	34	0.00023688	37994	0.999995	FALSE	ORF1ab:cds-YP_009725295.1	GTT	V	GAT	D	1446
NC_045512.2	4603	T	G	37932	19238	54	13	11	32	0.000342466	37960	0.999847	FALSE	ORF1ab:cds-YP_009724389.1	GTT	V	GTG	V	1446
NC_045512.2	4603	T	G	37932	19238	54	13	11	32	0.000342466	37960	0.999847	FALSE	ORF1ab:cds-YP_009725295.1	GTT	V	GTG	V	1446
NC_045512.2	4603	T	C	37932	19238	54	10	10	31	0.000263435	37960	0.999988	FALSE	ORF1ab:cds-YP_009724389.1	GTT	V	GTC	V	1446
NC_045512.2	4603	T	C	37932	19238	54	10	10	31	0.000263435	37960	0.999988	FALSE	ORF1ab:cds-YP_009725295.1	GTT	V	GTC	V	1446
NC_045512.2	4603	T	A	37932	19238	54	5	5	34	0.000131718	37960	1	FALSE	ORF1ab:cds-YP_009724389.1	GTT	V	GTA	V	1446
NC_045512.2	4603	T	A	37932	19238	54	5	5	34	0.000131718	37960	1	FALSE	ORF1ab:cds-YP_009725295.1	GTT	V	GTA	V	1446
NC_045512.2	4604	A	T	37655	19060	53	51	50	33	0.00135189	37725	0.0822559	FALSE	ORF1ab:cds-YP_009724389.1	ACA	T	TCA	S	1447
NC_045512.2	4604	A	T	37655	19060	53	51	50	33	0.00135189	37725	0.0822559	FALSE	ORF1ab:cds-YP_009725295.1	ACA	T	TCA	S	1447
NC_045512.2	4604	A	G	37655	19060	53	14	12	36	0.000371107	37725	0.999685	FALSE	ORF1ab:cds-YP_009724389.1	ACA	T	GCA	A	1447
NC_045512.2	4604	A	G	37655	19060	53	14	12	36	0.000371107	37725	0.999685	FALSE	ORF1ab:cds-YP_009725295.1	ACA	T	GCA	A	1447
NC_045512.2	4604	A	C	37655	19060	53	5	4	32	0.000132538	37725	1	FALSE	ORF1ab:cds-YP_009724389.1	ACA	T	CCA	P	1447
NC_045512.2	4604	A	C	37655	19060	53	5	4	32	0.000132538	37725	1	FALSE	ORF1ab:cds-YP_009725295.1	ACA	T	CCA	P	1447
NC_045512.2	4605	C	T	37803	19169	53	24	24	32	0.000633714	37872	0.963608	FALSE	ORF1ab:cds-YP_009724389.1	ACA	T	ATA	I	1447
NC_045512.2	4605	C	T	37803	19169	53	24	24	32	0.000633714	37872	0.963608	FALSE	ORF1ab:cds-YP_009725295.1	ACA	T	ATA	I	1447
NC_045512.2	4605	C	G	37803	19169	53	3	3	34	7.92142e-05	37872	1	FALSE	ORF1ab:cds-YP_009724389.1	ACA	T	AGA	R	1447
NC_045512.2	4605	C	G	37803	19169	53	3	3	34	7.92142e-05	37872	1	FALSE	ORF1ab:cds-YP_009725295.1	ACA	T	AGA	R	1447
NC_045512.2	4605	C	A	37803	19169	53	42	41	33	0.001109	37872	0.325294	FALSE	ORF1ab:cds-YP_009724389.1	ACA	T	AAA	K	1447
NC_045512.2	4605	C	A	37803	19169	53	42	41	33	0.001109	37872	0.325294	FALSE	ORF1ab:cds-YP_009725295.1	ACA	T	AAA	K	1447
NC_045512.2	4605	C	-A	37803	19169	53	1	0	20	2.64047e-05	37872	1	FALSE	NA	NA	NA	NA	NA	NA
NC_045512.2	4606	A	T	37625	18987	53	16	16	33	0.000424617	37681	0.998895	FALSE	ORF1ab:cds-YP_009724389.1	ACA	T	ACT	T	1447
NC_045512.2	4606	A	T	37625	18987	53	16	16	33	0.000424617	37681	0.998895	FALSE	ORF1ab:cds-YP_009725295.1	ACA	T	ACT	T	1447
NC_045512.2	4606	A	G	37625	18987	53	3	3	28	7.96157e-05	37681	1	FALSE	ORF1ab:cds-YP_009724389.1	ACA	T	ACG	T	1447
NC_045512.2	4606	A	G	37625	18987	53	3	3	28	7.96157e-05	37681	1	FALSE	ORF1ab:cds-YP_009725295.1	ACA	T	ACG	T	1447
NC_045512.2	4606	A	C	37625	18987	53	37	37	32	0.000981927	37681	0.545379	FALSE	ORF1ab:cds-YP_009724389.1	ACA	T	ACC	T	1447
NC_045512.2	4606	A	C	37625	18987	53	37	37	32	0.000981927	37681	0.545379	FALSE	ORF1ab:cds-YP_009725295.1	ACA	T	ACC	T	1447
NC_045512.2	4607	A	T	37731	18978	53	8	8	33	0.000211898	37754	0.999998	FALSE	ORF1ab:cds-YP_009724389.1	ATG	M	TTG	L	1448
NC_045512.2	4607	A	T	37731	18978	53	8	8	33	0.000211898	37754	0.999998	FALSE	ORF1ab:cds-YP_009725295.1	ATG	M	TTG	L	1448
NC_045512.2	4607	A	G	37731	18978	53	2	2	34	5.29745e-05	37754	1	FALSE	ORF1ab:cds-YP_009724389.1	ATG	M	GTG	V	1448
NC_045512.2	4607	A	G	37731	18978	53	2	2	34	5.29745e-05	37754	1	FALSE	ORF1ab:cds-YP_009725295.1	ATG	M	GTG	V	1448
NC_045512.2	4607	A	C	37731	18978	53	13	11	31	0.000344334	37754	0.999847	FALSE	ORF1ab:cds-YP_009724389.1	ATG	M	CTG	L	1448
NC_045512.2	4607	A	C	37731	18978	53	13	11	31	0.000344334	37754	0.999847	FALSE	ORF1ab:cds-YP_009725295.1	ATG	M	CTG	L	1448
NC_045512.2	4608	T	G	37560	18906	53	4	4	34	0.000106309	37626	1	FALSE	ORF1ab:cds-YP_009724389.1	ATG	M	AGG	R	1448
NC_045512.2	4608	T	G	37560	18906	53	4	4	34	0.000106309	37626	1	FALSE	ORF1ab:cds-YP_009725295.1	ATG	M	AGG	R	1448
NC_045512.2	4608	T	C	37560	18906	53	15	14	35	0.000398661	37626	0.999395	FALSE	ORF1ab:cds-YP_009724389.1	ATG	M	ACG	T	1448
NC_045512.2	4608	T	C	37560	18906	53	15	14	35	0.000398661	37626	0.999395	FALSE	ORF1ab:cds-YP_009725295.1	ATG	M	ACG	T	1448
NC_045512.2	4608	T	A	37560	18906	53	47	46	32	0.00124914	37626	0.162391	FALSE	ORF1ab:cds-YP_009724389.1	ATG	M	AAG	K	1448
NC_045512.2	4608	T	A	37560	18906	53	47	46	32	0.00124914	37626	0.162391	FALSE	ORF1ab:cds-YP_009725295.1	ATG	M	AAG	K	1448
NC_045512.2	4609	G	T	37421	18855	53	37	37	32	0.000986983	37488	0.544918	FALSE	ORF1ab:cds-YP_009724389.1	ATG	M	ATT	I	1448
NC_045512.2	4609	G	T	37421	18855	53	37	37	32	0.000986983	37488	0.544918	FALSE	ORF1ab:cds-YP_009725295.1	ATG	M	ATT	I	1448
NC_045512.2	4609	G	C	37421	18855	53	11	11	32	0.000293427	37488	0.999969	FALSE	ORF1ab:cds-YP_009724389.1	ATG	M	ATC	I	1448
NC_045512.2	4609	G	C	37421	18855	53	11	11	32	0.000293427	37488	0.999969	FALSE	ORF1ab:cds-YP_009725295.1	ATG	M	ATC	I	1448
NC_045512.2	4609	G	A	37421	18855	53	19	18	34	0.000506829	37488	0.994716	FALSE	ORF1ab:cds-YP_009724389.1	ATG	M	ATA	I	1448
NC_045512.2	4609	G	A	37421	18855	53	19	18	34	0.000506829	37488	0.994716	FALSE	ORF1ab:cds-YP_009725295.1	ATG	M	ATA	I	1448
NC_045512.2	4610	C	T	38035	19613	52	12	11	33	0.000315002	38095	0.999954	FALSE	ORF1ab:cds-YP_009724389.1	CCA	P	TCA	S	1449
NC_045512.2	4610	C	T	38035	19613	52	12	11	33	0.000315002	38095	0.999954	FALSE	ORF1ab:cds-YP_009725295.1	CCA	P	TCA	S	1449
NC_045512.2	4610	C	G	38035	19613	52	26	26	32	0.000682504	38095	0.947993	FALSE	ORF1ab:cds-YP_009724389.1	CCA	P	GCA	A	1449
NC_045512.2	4610	C	G	38035	19613	52	26	26	32	0.000682504	38095	0.947993	FALSE	ORF1ab:cds-YP_009725295.1	CCA	P	GCA	A	1449
NC_045512.2	4610	C	A	38035	19613	52	22	22	32	0.000577504	38095	0.986228	FALSE	ORF1ab:cds-YP_009724389.1	CCA	P	ACA	T	1449
NC_045512.2	4610	C	A	38035	19613	52	22	22	32	0.000577504	38095	0.986228	FALSE	ORF1ab:cds-YP_009725295.1	CCA	P	ACA	T	1449
NC_045512.2	4611	C	T	38114	19452	52	12	12	36	0.000314564	38148	0.999955	FALSE	ORF1ab:cds-YP_009724389.1	CCA	P	CTA	L	1449
NC_045512.2	4611	C	T	38114	19452	52	12	12	36	0.000314564	38148	0.999955	FALSE	ORF1ab:cds-YP_009725295.1	CCA	P	CTA	L	1449
NC_045512.2	4611	C	G	38114	19452	52	12	10	32	0.000314564	38148	0.999955	FALSE	ORF1ab:cds-YP_009724389.1	CCA	P	CGA	R	1449
NC_045512.2	4611	C	G	38114	19452	52	12	10	32	0.000314564	38148	0.999955	FALSE	ORF1ab:cds-YP_009725295.1	CCA	P	CGA	R	1449
NC_045512.2	4611	C	A	38114	19452	52	10	10	31	0.000262137	38148	0.999992	FALSE	ORF1ab:cds-YP_009724389.1	CCA	P	CAA	Q	1449
NC_045512.2	4611	C	A	38114	19452	52	10	10	31	0.000262137	38148	0.999992	FALSE	ORF1ab:cds-YP_009725295.1	CCA	P	CAA	Q	1449
NC_045512.2	4612	A	T	38033	19478	52	6	6	34	0.000157505	38094	1	FALSE	ORF1ab:cds-YP_009724389.1	CCA	P	CCT	P	1449
NC_045512.2	4612	A	T	38033	19478	52	6	6	34	0.000157505	38094	1	FALSE	ORF1ab:cds-YP_009725295.1	CCA	P	CCT	P	1449
NC_045512.2	4612	A	G	38033	19478	52	9	9	31	0.000236258	38094	0.999997	FALSE	ORF1ab:cds-YP_009724389.1	CCA	P	CCG	P	1449
NC_045512.2	4612	A	G	38033	19478	52	9	9	31	0.000236258	38094	0.999997	FALSE	ORF1ab:cds-YP_009725295.1	CCA	P	CCG	P	1449
NC_045512.2	4612	A	C	38033	19478	52	46	46	32	0.00120754	38094	0.221973	FALSE	ORF1ab:cds-YP_009724389.1	CCA	P	CCC	P	1449
NC_045512.2	4612	A	C	38033	19478	52	46	46	32	0.00120754	38094	0.221973	FALSE	ORF1ab:cds-YP_009725295.1	CCA	P	CCC	P	1449
NC_045512.2	4613	C	T	37777	21358	49	7	7	31	0.000185043	37829	1	FALSE	ORF1ab:cds-YP_009724389.1	CTT	L	TTT	F	1450
NC_045512.2	4613	C	T	37777	21358	49	7	7	31	0.000185043	37829	1	FALSE	ORF1ab:cds-YP_009725295.1	CTT	L	TTT	F	1450
NC_045512.2	4613	C	G	37777	21358	49	2	2	34	5.28695e-05	37829	1	FALSE	ORF1ab:cds-YP_009724389.1	CTT	L	GTT	V	1450
NC_045512.2	4613	C	G	37777	21358	49	2	2	34	5.28695e-05	37829	1	FALSE	ORF1ab:cds-YP_009725295.1	CTT	L	GTT	V	1450
NC_045512.2	4613	C	A	37777	21358	49	43	43	33	0.00113669	37829	0.28779	FALSE	ORF1ab:cds-YP_009724389.1	CTT	L	ATT	I	1450
NC_045512.2	4613	C	A	37777	21358	49	43	43	33	0.00113669	37829	0.28779	FALSE	ORF1ab:cds-YP_009725295.1	CTT	L	ATT	I	1450
NC_045512.2	4614	T	G	35389	19058	47	7	7	30	0.000197422	35457	0.999999	FALSE	ORF1ab:cds-YP_009724389.1	CTT	L	CGT	R	1450
NC_045512.2	4614	T	G	35389	19058	47	7	7	30	0.000197422	35457	0.999999	FALSE	ORF1ab:cds-YP_009725295.1	CTT	L	CGT	R	1450
NC_045512.2	4614	T	C	35389	19058	47	45	43	33	0.00126914	35457	0.156348	FALSE	ORF1ab:cds-YP_009724389.1	CTT	L	CCT	P	1450
NC_045512.2	4614	T	C	35389	19058	47	45	43	33	0.00126914	35457	0.156348	FALSE	ORF1ab:cds-YP_009725295.1	CTT	L	CCT	P	1450
NC_045512.2	4614	T	A	35389	19058	47	16	16	33	0.000451251	35457	0.99767	FALSE	ORF1ab:cds-YP_009724389.1	CTT	L	CAT	H	1450
NC_045512.2	4614	T	A	35389	19058	47	16	16	33	0.000451251	35457	0.99767	FALSE	ORF1ab:cds-YP_009725295.1	CTT	L	CAT	H	1450
NC_045512.2	4615	T	C	37919	21486	49	15	13	35	0.000395247	37951	0.999402	FALSE	ORF1ab:cds-YP_009724389.1	CTT	L	CTC	L	1450
NC_045512.2	4615	T	C	37919	21486	49	15	13	35	0.000395247	37951	0.999402	FALSE	ORF1ab:cds-YP_009725295.1	CTT	L	CTC	L	1450
NC_045512.2	4615	T	A	37919	21486	49	17	15	32	0.000447946	37951	0.998079	FALSE	ORF1ab:cds-YP_009724389.1	CTT	L	CTA	L	1450
NC_045512.2	4615	T	A	37919	21486	49	17	15	32	0.000447946	37951	0.998079	FALSE	ORF1ab:cds-YP_009725295.1	CTT	L	CTA	L	1450
NC_045512.2	4616	G	T	37799	21313	50	42	41	32	0.00110912	37868	0.325294	FALSE	ORF1ab:cds-YP_009724389.1	GGC	G	TGC	C	1451
NC_045512.2	4616	G	T	37799	21313	50	42	41	32	0.00110912	37868	0.325294	FALSE	ORF1ab:cds-YP_009725295.1	GGC	G	TGC	C	1451
NC_045512.2	4616	G	C	37799	21313	50	12	12	34	0.00031689	37868	0.999928	FALSE	ORF1ab:cds-YP_009724389.1	GGC	G	CGC	R	1451
NC_045512.2	4616	G	C	37799	21313	50	12	12	34	0.00031689	37868	0.999928	FALSE	ORF1ab:cds-YP_009725295.1	GGC	G	CGC	R	1451
NC_045512.2	4616	G	A	37799	21313	50	15	14	32	0.000396113	37868	0.999394	FALSE	ORF1ab:cds-YP_009724389.1	GGC	G	AGC	S	1451
NC_045512.2	4616	G	A	37799	21313	50	15	14	32	0.000396113	37868	0.999394	FALSE	ORF1ab:cds-YP_009725295.1	GGC	G	AGC	S	1451
NC_045512.2	4617	G	T	37985	21636	49	20	18	32	0.000525997	38023	0.994023	FALSE	ORF1ab:cds-YP_009724389.1	GGC	G	GTC	V	1451
NC_045512.2	4617	G	T	37985	21636	49	20	18	32	0.000525997	38023	0.994023	FALSE	ORF1ab:cds-YP_009725295.1	GGC	G	GTC	V	1451
NC_045512.2	4617	G	C	37985	21636	49	8	8	33	0.000210399	38023	0.999999	FALSE	ORF1ab:cds-YP_009724389.1	GGC	G	GCC	A	1451
NC_045512.2	4617	G	C	37985	21636	49	8	8	33	0.000210399	38023	0.999999	FALSE	ORF1ab:cds-YP_009725295.1	GGC	G	GCC	A	1451
NC_045512.2	4617	G	A	37985	21636	49	10	9	37	0.000262999	38023	0.999992	FALSE	ORF1ab:cds-YP_009724389.1	GGC	G	GAC	D	1451
NC_045512.2	4617	G	A	37985	21636	49	10	9	37	0.000262999	38023	0.999992	FALSE	ORF1ab:cds-YP_009725295.1	GGC	G	GAC	D	1451
NC_045512.2	4618	C	T	37945	21726	49	21	19	36	0.000552384	38017	0.990729	FALSE	ORF1ab:cds-YP_009724389.1	GGC	G	GGT	G	1451
NC_045512.2	4618	C	T	37945	21726	49	21	19	36	0.000552384	38017	0.990729	FALSE	ORF1ab:cds-YP_009725295.1	GGC	G	GGT	G	1451
NC_045512.2	4618	C	G	37945	21726	49	38	37	32	0.000999553	38017	0.544128	FALSE	ORF1ab:cds-YP_009724389.1	GGC	G	GGG	G	1451
NC_045512.2	4618	C	G	37945	21726	49	38	37	32	0.000999553	38017	0.544128	FALSE	ORF1ab:cds-YP_009725295.1	GGC	G	GGG	G	1451
NC_045512.2	4618	C	A	37945	21726	49	13	13	34	0.000341952	38017	0.999899	FALSE	ORF1ab:cds-YP_009724389.1	GGC	G	GGA	G	1451
NC_045512.2	4618	C	A	37945	21726	49	13	13	34	0.000341952	38017	0.999899	FALSE	ORF1ab:cds-YP_009725295.1	GGC	G	GGA	G	1451
NC_045512.2	4619	T	G	36981	20880	49	15	14	33	0.000404946	37042	0.999396	FALSE	ORF1ab:cds-YP_009724389.1	TAT	Y	GAT	D	1452
NC_045512.2	4619	T	G	36981	20880	49	15	14	33	0.000404946	37042	0.999396	FALSE	ORF1ab:cds-YP_009725295.1	TAT	Y	GAT	D	1452
NC_045512.2	4619	T	C	36981	20880	49	36	33	34	0.00097187	37042	0.591405	FALSE	ORF1ab:cds-YP_009724389.1	TAT	Y	CAT	H	1452
NC_045512.2	4619	T	C	36981	20880	49	36	33	34	0.00097187	37042	0.591405	FALSE	ORF1ab:cds-YP_009725295.1	TAT	Y	CAT	H	1452
NC_045512.2	4619	T	A	36981	20880	49	10	10	33	0.000269964	37042	0.999987	FALSE	ORF1ab:cds-YP_009724389.1	TAT	Y	AAT	N	1452
NC_045512.2	4619	T	A	36981	20880	49	10	10	33	0.000269964	37042	0.999987	FALSE	ORF1ab:cds-YP_009725295.1	TAT	Y	AAT	N	1452
NC_045512.2	4620	A	T	40658	21431	48	34	33	33	0.000835012	40718	0.791354	FALSE	ORF1ab:cds-YP_009724389.1	TAT	Y	TTT	F	1452
NC_045512.2	4620	A	T	40658	21431	48	34	33	33	0.000835012	40718	0.791354	FALSE	ORF1ab:cds-YP_009725295.1	TAT	Y	TTT	F	1452
NC_045512.2	4620	A	G	40658	21431	48	9	9	35	0.000221032	40718	0.999999	FALSE	ORF1ab:cds-YP_009724389.1	TAT	Y	TGT	C	1452
NC_045512.2	4620	A	G	40658	21431	48	9	9	35	0.000221032	40718	0.999999	FALSE	ORF1ab:cds-YP_009725295.1	TAT	Y	TGT	C	1452
NC_045512.2	4620	A	C	40658	21431	48	17	17	33	0.000417506	40718	0.999362	FALSE	ORF1ab:cds-YP_009724389.1	TAT	Y	TCT	S	1452
NC_045512.2	4620	A	C	40658	21431	48	17	17	33	0.000417506	40718	0.999362	FALSE	ORF1ab:cds-YP_009725295.1	TAT	Y	TCT	S	1452
NC_045512.2	4621	T	G	40561	21351	48	2	0	34	4.92344e-05	40622	1	FALSE	ORF1ab:cds-YP_009724389.1	TAT	Y	TAG	*	1452
NC_045512.2	4621	T	G	40561	21351	48	2	0	34	4.92344e-05	40622	1	FALSE	ORF1ab:cds-YP_009725295.1	TAT	Y	TAG	*	1452
NC_045512.2	4621	T	C	40561	21351	48	15	13	35	0.000369258	40622	0.99982	FALSE	ORF1ab:cds-YP_009724389.1	TAT	Y	TAC	Y	1452
NC_045512.2	4621	T	C	40561	21351	48	15	13	35	0.000369258	40622	0.99982	FALSE	ORF1ab:cds-YP_009725295.1	TAT	Y	TAC	Y	1452
NC_045512.2	4621	T	A	40561	21351	48	44	44	33	0.00108316	40622	0.371073	FALSE	ORF1ab:cds-YP_009724389.1	TAT	Y	TAA	*	1452
NC_045512.2	4621	T	A	40561	21351	48	44	44	33	0.00108316	40622	0.371073	FALSE	ORF1ab:cds-YP_009725295.1	TAT	Y	TAA	*	1452
NC_045512.2	4622	G	T	41138	21507	48	41	41	33	0.000995073	41203	0.542937	FALSE	ORF1ab:cds-YP_009724389.1	GTA	V	TTA	L	1453
NC_045512.2	4622	G	T	41138	21507	48	41	41	33	0.000995073	41203	0.542937	FALSE	ORF1ab:cds-YP_009725295.1	GTA	V	TTA	L	1453
NC_045512.2	4622	G	C	41138	21507	48	8	8	33	0.000194161	41203	1	FALSE	ORF1ab:cds-YP_009724389.1	GTA	V	CTA	L	1453
NC_045512.2	4622	G	C	41138	21507	48	8	8	33	0.000194161	41203	1	FALSE	ORF1ab:cds-YP_009725295.1	GTA	V	CTA	L	1453
NC_045512.2	4622	G	A	41138	21507	48	16	16	35	0.000388321	41203	0.999767	FALSE	ORF1ab:cds-YP_009724389.1	GTA	V	ATA	I	1453
NC_045512.2	4622	G	A	41138	21507	48	16	16	35	0.000388321	41203	0.999767	FALSE	ORF1ab:cds-YP_009725295.1	GTA	V	ATA	I	1453
NC_045512.2	4623	T	G	41090	21446	48	36	34	33	0.000874678	41158	0.751862	FALSE	ORF1ab:cds-YP_009724389.1	GTA	V	GGA	G	1453
NC_045512.2	4623	T	G	41090	21446	48	36	34	33	0.000874678	41158	0.751862	FALSE	ORF1ab:cds-YP_009725295.1	GTA	V	GGA	G	1453
NC_045512.2	4623	T	C	41090	21446	48	16	15	32	0.000388746	41158	0.999767	FALSE	ORF1ab:cds-YP_009724389.1	GTA	V	GCA	A	1453
NC_045512.2	4623	T	C	41090	21446	48	16	15	32	0.000388746	41158	0.999767	FALSE	ORF1ab:cds-YP_009725295.1	GTA	V	GCA	A	1453
NC_045512.2	4623	T	A	41090	21446	48	16	15	32	0.000388746	41158	0.999767	FALSE	ORF1ab:cds-YP_009724389.1	GTA	V	GAA	E	1453
NC_045512.2	4623	T	A	41090	21446	48	16	15	32	0.000388746	41158	0.999767	FALSE	ORF1ab:cds-YP_009725295.1	GTA	V	GAA	E	1453
NC_045512.2	4624	A	T	40826	21160	48	44	44	33	0.00107614	40887	0.371078	FALSE	ORF1ab:cds-YP_009724389.1	GTA	V	GTT	V	1453
NC_045512.2	4624	A	T	40826	21160	48	44	44	33	0.00107614	40887	0.371078	FALSE	ORF1ab:cds-YP_009725295.1	GTA	V	GTT	V	1453
NC_045512.2	4624	A	G	40826	21160	48	11	10	33	0.000269034	40887	0.999993	FALSE	ORF1ab:cds-YP_009724389.1	GTA	V	GTG	V	1453
NC_045512.2	4624	A	G	40826	21160	48	11	10	33	0.000269034	40887	0.999993	FALSE	ORF1ab:cds-YP_009725295.1	GTA	V	GTG	V	1453
NC_045512.2	4624	A	C	40826	21160	48	6	6	34	0.000146746	40887	1	FALSE	ORF1ab:cds-YP_009724389.1	GTA	V	GTC	V	1453
NC_045512.2	4624	A	C	40826	21160	48	6	6	34	0.000146746	40887	1	FALSE	ORF1ab:cds-YP_009725295.1	GTA	V	GTC	V	1453
NC_045512.2	4625	A	T	41055	21662	48	18	18	33	0.000438009	41095	0.999224	FALSE	ORF1ab:cds-YP_009724389.1	ACA	T	TCA	S	1454
NC_045512.2	4625	A	T	41055	21662	48	18	18	33	0.000438009	41095	0.999224	FALSE	ORF1ab:cds-YP_009725295.1	ACA	T	TCA	S	1454
NC_045512.2	4625	A	G	41055	21662	48	16	14	33	0.000389342	41095	0.999769	FALSE	ORF1ab:cds-YP_009724389.1	ACA	T	GCA	A	1454
NC_045512.2	4625	A	G	41055	21662	48	16	14	33	0.000389342	41095	0.999769	FALSE	ORF1ab:cds-YP_009725295.1	ACA	T	GCA	A	1454
NC_045512.2	4625	A	C	41055	21662	48	6	6	30	0.000146003	41095	1	FALSE	ORF1ab:cds-YP_009724389.1	ACA	T	CCA	P	1454
NC_045512.2	4625	A	C	41055	21662	48	6	6	30	0.000146003	41095	1	FALSE	ORF1ab:cds-YP_009725295.1	ACA	T	CCA	P	1454
NC_045512.2	4626	C	T	40817	21544	48	16	16	32	0.000391361	40883	0.999653	FALSE	ORF1ab:cds-YP_009724389.1	ACA	T	ATA	I	1454
NC_045512.2	4626	C	T	40817	21544	48	16	16	32	0.000391361	40883	0.999653	FALSE	ORF1ab:cds-YP_009725295.1	ACA	T	ATA	I	1454
NC_045512.2	4626	C	G	40817	21544	48	4	4	34	9.78402e-05	40883	1	FALSE	ORF1ab:cds-YP_009724389.1	ACA	T	AGA	R	1454
NC_045512.2	4626	C	G	40817	21544	48	4	4	34	9.78402e-05	40883	1	FALSE	ORF1ab:cds-YP_009725295.1	ACA	T	AGA	R	1454
NC_045512.2	4626	C	A	40817	21544	48	46	43	33	0.00112516	40883	0.294174	FALSE	ORF1ab:cds-YP_009724389.1	ACA	T	AAA	K	1454
NC_045512.2	4626	C	A	40817	21544	48	46	43	33	0.00112516	40883	0.294174	FALSE	ORF1ab:cds-YP_009725295.1	ACA	T	AAA	K	1454
NC_045512.2	4627	A	T	40531	21267	47	8	8	32	0.000197112	40586	1	FALSE	ORF1ab:cds-YP_009724389.1	ACA	T	ACT	T	1454
NC_045512.2	4627	A	T	40531	21267	47	8	8	32	0.000197112	40586	1	FALSE	ORF1ab:cds-YP_009725295.1	ACA	T	ACT	T	1454
NC_045512.2	4627	A	G	40531	21267	47	5	5	39	0.000123195	40586	1	FALSE	ORF1ab:cds-YP_009724389.1	ACA	T	ACG	T	1454
NC_045512.2	4627	A	G	40531	21267	47	5	5	39	0.000123195	40586	1	FALSE	ORF1ab:cds-YP_009725295.1	ACA	T	ACG	T	1454
NC_045512.2	4627	A	C	40531	21267	47	42	42	32	0.00103484	40586	0.455523	FALSE	ORF1ab:cds-YP_009724389.1	ACA	T	ACC	T	1454
NC_045512.2	4627	A	C	40531	21267	47	42	42	32	0.00103484	40586	0.455523	FALSE	ORF1ab:cds-YP_009725295.1	ACA	T	ACC	T	1454
NC_045512.2	4628	C	T	40614	21557	48	9	9	36	0.000221277	40673	0.999999	FALSE	ORF1ab:cds-YP_009724389.1	CAT	H	TAT	Y	1455
NC_045512.2	4628	C	T	40614	21557	48	9	9	36	0.000221277	40673	0.999999	FALSE	ORF1ab:cds-YP_009725295.1	CAT	H	TAT	Y	1455
NC_045512.2	4628	C	G	40614	21557	48	6	4	37	0.000147518	40673	1	FALSE	ORF1ab:cds-YP_009724389.1	CAT	H	GAT	D	1455
NC_045512.2	4628	C	G	40614	21557	48	6	4	37	0.000147518	40673	1	FALSE	ORF1ab:cds-YP_009725295.1	CAT	H	GAT	D	1455
NC_045512.2	4628	C	A	40614	21557	48	44	43	32	0.0010818	40673	0.371159	FALSE	ORF1ab:cds-YP_009724389.1	CAT	H	AAT	N	1455
NC_045512.2	4628	C	A	40614	21557	48	44	43	32	0.0010818	40673	0.371159	FALSE	ORF1ab:cds-YP_009725295.1	CAT	H	AAT	N	1455
NC_045512.2	4629	A	T	37487	18943	48	7	7	30	0.000186468	37540	1	FALSE	ORF1ab:cds-YP_009724389.1	CAT	H	CTT	L	1455
NC_045512.2	4629	A	T	37487	18943	48	7	7	30	0.000186468	37540	1	FALSE	ORF1ab:cds-YP_009725295.1	CAT	H	CTT	L	1455
NC_045512.2	4629	A	G	37487	18943	48	6	4	30	0.00015983	37540	1	FALSE	ORF1ab:cds-YP_009724389.1	CAT	H	CGT	R	1455
NC_045512.2	4629	A	G	37487	18943	48	6	4	30	0.00015983	37540	1	FALSE	ORF1ab:cds-YP_009725295.1	CAT	H	CGT	R	1455
NC_045512.2	4629	A	C	37487	18943	48	40	39	33	0.00106553	37540	0.409354	FALSE	ORF1ab:cds-YP_009724389.1	CAT	H	CCT	P	1455
NC_045512.2	4629	A	C	37487	18943	48	40	39	33	0.00106553	37540	0.409354	FALSE	ORF1ab:cds-YP_009725295.1	CAT	H	CCT	P	1455
NC_045512.2	4630	T	G	37577	19182	48	3	3	28	7.97152e-05	37634	1	FALSE	ORF1ab:cds-YP_009724389.1	CAT	H	CAG	Q	1455
NC_045512.2	4630	T	G	37577	19182	48	3	3	28	7.97152e-05	37634	1	FALSE	ORF1ab:cds-YP_009725295.1	CAT	H	CAG	Q	1455
NC_045512.2	4630	T	C	37577	19182	48	14	11	37	0.000372004	37634	0.999686	FALSE	ORF1ab:cds-YP_009724389.1	CAT	H	CAC	H	1455
NC_045512.2	4630	T	C	37577	19182	48	14	11	37	0.000372004	37634	0.999686	FALSE	ORF1ab:cds-YP_009725295.1	CAT	H	CAC	H	1455
NC_045512.2	4630	T	A	37577	19182	48	40	40	33	0.00106287	37634	0.409173	FALSE	ORF1ab:cds-YP_009724389.1	CAT	H	CAA	Q	1455
NC_045512.2	4630	T	A	37577	19182	48	40	40	33	0.00106287	37634	0.409173	FALSE	ORF1ab:cds-YP_009725295.1	CAT	H	CAA	Q	1455
NC_045512.2	4631	G	T	36700	19181	47	29	28	33	0.000789008	36755	0.838894	FALSE	ORF1ab:cds-YP_009724389.1	GGC	G	TGC	C	1456
NC_045512.2	4631	G	T	36700	19181	47	29	28	33	0.000789008	36755	0.838894	FALSE	ORF1ab:cds-YP_009725295.1	GGC	G	TGC	C	1456
NC_045512.2	4631	G	C	36700	19181	47	10	10	31	0.000272072	36755	0.999979	FALSE	ORF1ab:cds-YP_009724389.1	GGC	G	CGC	R	1456
NC_045512.2	4631	G	C	36700	19181	47	10	10	31	0.000272072	36755	0.999979	FALSE	ORF1ab:cds-YP_009725295.1	GGC	G	CGC	R	1456
NC_045512.2	4631	G	A	36700	19181	47	16	16	32	0.000435315	36755	0.998394	FALSE	ORF1ab:cds-YP_009724389.1	GGC	G	AGC	S	1456
NC_045512.2	4631	G	A	36700	19181	47	16	16	32	0.000435315	36755	0.998394	FALSE	ORF1ab:cds-YP_009725295.1	GGC	G	AGC	S	1456
NC_045512.2	4632	G	T	37030	19171	47	11	11	33	0.000296752	37068	0.999969	FALSE	ORF1ab:cds-YP_009724389.1	GGC	G	GTC	V	1456
NC_045512.2	4632	G	T	37030	19171	47	11	11	33	0.000296752	37068	0.999969	FALSE	ORF1ab:cds-YP_009725295.1	GGC	G	GTC	V	1456
NC_045512.2	4632	G	C	37030	19171	47	14	14	32	0.000377684	37068	0.999688	FALSE	ORF1ab:cds-YP_009724389.1	GGC	G	GCC	A	1456
NC_045512.2	4632	G	C	37030	19171	47	14	14	32	0.000377684	37068	0.999688	FALSE	ORF1ab:cds-YP_009725295.1	GGC	G	GCC	A	1456
NC_045512.2	4632	G	A	37030	19171	47	13	13	35	0.000350707	37068	0.999846	FALSE	ORF1ab:cds-YP_009724389.1	GGC	G	GAC	D	1456
NC_045512.2	4632	G	A	37030	19171	47	13	13	35	0.000350707	37068	0.999846	FALSE	ORF1ab:cds-YP_009725295.1	GGC	G	GAC	D	1456
NC_045512.2	4633	C	T	37034	19208	47	18	17	32	0.000485293	37091	0.996745	FALSE	ORF1ab:cds-YP_009724389.1	GGC	G	GGT	G	1456
NC_045512.2	4633	C	T	37034	19208	47	18	17	32	0.000485293	37091	0.996745	FALSE	ORF1ab:cds-YP_009725295.1	GGC	G	GGT	G	1456
NC_045512.2	4633	C	G	37034	19208	47	28	28	33	0.0007549	37091	0.892267	FALSE	ORF1ab:cds-YP_009724389.1	GGC	G	GGG	G	1456
NC_045512.2	4633	C	G	37034	19208	47	28	28	33	0.0007549	37091	0.892267	FALSE	ORF1ab:cds-YP_009725295.1	GGC	G	GGG	G	1456
NC_045512.2	4633	C	A	37034	19208	47	11	9	31	0.000296568	37091	0.999969	FALSE	ORF1ab:cds-YP_009724389.1	GGC	G	GGA	G	1456
NC_045512.2	4633	C	A	37034	19208	47	11	9	31	0.000296568	37091	0.999969	FALSE	ORF1ab:cds-YP_009725295.1	GGC	G	GGA	G	1456
NC_045512.2	4634	T	G	36930	19078	47	15	14	30	0.000405559	36986	0.999107	FALSE	ORF1ab:cds-YP_009724389.1	TTA	L	GTA	V	1457
NC_045512.2	4634	T	G	36930	19078	47	15	14	30	0.000405559	36986	0.999107	FALSE	ORF1ab:cds-YP_009725295.1	TTA	L	GTA	V	1457
NC_045512.2	4634	T	C	36930	19078	47	33	31	34	0.000892229	36986	0.68397	FALSE	ORF1ab:cds-YP_009724389.1	TTA	L	CTA	L	1457
NC_045512.2	4634	T	C	36930	19078	47	33	31	34	0.000892229	36986	0.68397	FALSE	ORF1ab:cds-YP_009725295.1	TTA	L	CTA	L	1457
NC_045512.2	4634	T	A	36930	19078	47	8	8	34	0.000216298	36986	0.999997	FALSE	ORF1ab:cds-YP_009724389.1	TTA	L	ATA	I	1457
NC_045512.2	4634	T	A	36930	19078	47	8	8	34	0.000216298	36986	0.999997	FALSE	ORF1ab:cds-YP_009725295.1	TTA	L	ATA	I	1457
NC_045512.2	4635	T	G	36944	19262	47	13	11	31	0.000351579	36976	0.999765	FALSE	ORF1ab:cds-YP_009724389.1	TTA	L	TGA	*	1457
NC_045512.2	4635	T	G	36944	19262	47	13	11	31	0.000351579	36976	0.999765	FALSE	ORF1ab:cds-YP_009725295.1	TTA	L	TGA	*	1457
NC_045512.2	4635	T	C	36944	19262	47	10	9	37	0.000270446	36976	0.99998	FALSE	ORF1ab:cds-YP_009724389.1	TTA	L	TCA	S	1457
NC_045512.2	4635	T	C	36944	19262	47	10	9	37	0.000270446	36976	0.99998	FALSE	ORF1ab:cds-YP_009725295.1	TTA	L	TCA	S	1457
NC_045512.2	4635	T	A	36944	19262	47	9	9	32	0.000243401	36976	0.999992	FALSE	ORF1ab:cds-YP_009724389.1	TTA	L	TAA	*	1457
NC_045512.2	4635	T	A	36944	19262	47	9	9	32	0.000243401	36976	0.999992	FALSE	ORF1ab:cds-YP_009725295.1	TTA	L	TAA	*	1457
NC_045512.2	4636	A	T	36686	19064	47	36	36	32	0.000979965	36736	0.546278	FALSE	ORF1ab:cds-YP_009724389.1	TTA	L	TTT	F	1457
NC_045512.2	4636	A	T	36686	19064	47	36	36	32	0.000979965	36736	0.546278	FALSE	ORF1ab:cds-YP_009725295.1	TTA	L	TTT	F	1457
NC_045512.2	4636	A	G	36686	19064	47	2	1	51	5.44425e-05	36736	0.249677	FALSE	ORF1ab:cds-YP_009724389.1	TTA	L	TTG	L	1457
NC_045512.2	4636	A	G	36686	19064	47	2	1	51	5.44425e-05	36736	0.249677	FALSE	ORF1ab:cds-YP_009725295.1	TTA	L	TTG	L	1457
NC_045512.2	4636	A	C	36686	19064	47	12	12	32	0.000326655	36736	0.999888	FALSE	ORF1ab:cds-YP_009724389.1	TTA	L	TTC	F	1457
NC_045512.2	4636	A	C	36686	19064	47	12	12	32	0.000326655	36736	0.999888	FALSE	ORF1ab:cds-YP_009725295.1	TTA	L	TTC	F	1457
NC_045512.2	4637	A	T	36747	19245	47	23	23	34	0.000625425	36775	0.966301	FALSE	ORF1ab:cds-YP_009724389.1	AAT	N	TAT	Y	1458
NC_045512.2	4637	A	T	36747	19245	47	23	23	34	0.000625425	36775	0.966301	FALSE	ORF1ab:cds-YP_009725295.1	AAT	N	TAT	Y	1458
NC_045512.2	4637	A	G	36747	19245	47	3	2	45	8.15772e-05	36775	0.65595	FALSE	ORF1ab:cds-YP_009724389.1	AAT	N	GAT	D	1458
NC_045512.2	4637	A	G	36747	19245	47	3	2	45	8.15772e-05	36775	0.65595	FALSE	ORF1ab:cds-YP_009725295.1	AAT	N	GAT	D	1458
NC_045512.2	4637	A	C	36747	19245	47	2	2	30	5.43848e-05	36775	1	FALSE	ORF1ab:cds-YP_009724389.1	AAT	N	CAT	H	1458
NC_045512.2	4637	A	C	36747	19245	47	2	2	30	5.43848e-05	36775	1	FALSE	ORF1ab:cds-YP_009725295.1	AAT	N	CAT	H	1458
NC_045512.2	4638	A	T	36455	19293	46	19	19	34	0.000520719	36488	0.992765	FALSE	ORF1ab:cds-YP_009724389.1	AAT	N	ATT	I	1458
NC_045512.2	4638	A	T	36455	19293	46	19	19	34	0.000520719	36488	0.992765	FALSE	ORF1ab:cds-YP_009725295.1	AAT	N	ATT	I	1458
NC_045512.2	4638	A	G	36455	19293	46	6	4	44	0.000164438	36488	0.253542	FALSE	ORF1ab:cds-YP_009724389.1	AAT	N	AGT	S	1458
NC_045512.2	4638	A	G	36455	19293	46	6	4	44	0.000164438	36488	0.253542	FALSE	ORF1ab:cds-YP_009725295.1	AAT	N	AGT	S	1458
NC_045512.2	4638	A	C	36455	19293	46	8	6	30	0.00021925	36488	0.999997	FALSE	ORF1ab:cds-YP_009724389.1	AAT	N	ACT	T	1458
NC_045512.2	4638	A	C	36455	19293	46	8	6	30	0.00021925	36488	0.999997	FALSE	ORF1ab:cds-YP_009725295.1	AAT	N	ACT	T	1458
NC_045512.2	4639	T	G	36402	18933	46	3	3	28	8.22752e-05	36463	1	FALSE	ORF1ab:cds-YP_009724389.1	AAT	N	AAG	K	1458
NC_045512.2	4639	T	G	36402	18933	46	3	3	28	8.22752e-05	36463	1	FALSE	ORF1ab:cds-YP_009725295.1	AAT	N	AAG	K	1458
NC_045512.2	4639	T	C	36402	18933	46	9	7	30	0.000246826	36463	0.999992	FALSE	ORF1ab:cds-YP_009724389.1	AAT	N	AAC	N	1458
NC_045512.2	4639	T	C	36402	18933	46	9	7	30	0.000246826	36463	0.999992	FALSE	ORF1ab:cds-YP_009725295.1	AAT	N	AAC	N	1458
NC_045512.2	4639	T	A	36402	18933	46	49	49	32	0.00134383	36463	0.0960128	FALSE	ORF1ab:cds-YP_009724389.1	AAT	N	AAA	K	1458
NC_045512.2	4639	T	A	36402	18933	46	49	49	32	0.00134383	36463	0.0960128	FALSE	ORF1ab:cds-YP_009725295.1	AAT	N	AAA	K	1458
NC_045512.2	4640	T	G	36196	18856	46	2	2	34	5.51983e-05	36233	1	FALSE	ORF1ab:cds-YP_009724389.1	TTG	L	GTG	V	1459
NC_045512.2	4640	T	G	36196	18856	46	2	2	34	5.51983e-05	36233	1	FALSE	ORF1ab:cds-YP_009725295.1	TTG	L	GTG	V	1459
NC_045512.2	4640	T	C	36196	18856	46	8	5	38	0.000220793	36233	0.999997	FALSE	ORF1ab:cds-YP_009724389.1	TTG	L	CTG	L	1459
NC_045512.2	4640	T	C	36196	18856	46	8	5	38	0.000220793	36233	0.999997	FALSE	ORF1ab:cds-YP_009725295.1	TTG	L	CTG	L	1459
NC_045512.2	4640	T	A	36196	18856	46	27	26	33	0.000745177	36233	0.896237	FALSE	ORF1ab:cds-YP_009724389.1	TTG	L	ATG	M	1459
NC_045512.2	4640	T	A	36196	18856	46	27	26	33	0.000745177	36233	0.896237	FALSE	ORF1ab:cds-YP_009725295.1	TTG	L	ATG	M	1459
NC_045512.2	4641	T	G	36181	19031	47	7	5	29	0.000193285	36216	1	FALSE	ORF1ab:cds-YP_009724389.1	TTG	L	TGG	W	1459
NC_045512.2	4641	T	G	36181	19031	47	7	5	29	0.000193285	36216	1	FALSE	ORF1ab:cds-YP_009725295.1	TTG	L	TGG	W	1459
NC_045512.2	4641	T	C	36181	19031	47	8	6	33	0.000220897	36216	0.999997	FALSE	ORF1ab:cds-YP_009724389.1	TTG	L	TCG	S	1459
NC_045512.2	4641	T	C	36181	19031	47	8	6	33	0.000220897	36216	0.999997	FALSE	ORF1ab:cds-YP_009725295.1	TTG	L	TCG	S	1459
NC_045512.2	4641	T	A	36181	19031	47	20	20	33	0.000552242	36216	0.988863	FALSE	ORF1ab:cds-YP_009724389.1	TTG	L	TAG	*	1459
NC_045512.2	4641	T	A	36181	19031	47	20	20	33	0.000552242	36216	0.988863	FALSE	ORF1ab:cds-YP_009725295.1	TTG	L	TAG	*	1459
NC_045512.2	4642	G	T	36094	18924	47	37	37	33	0.00102357	36148	0.499242	FALSE	ORF1ab:cds-YP_009724389.1	TTG	L	TTT	F	1459
NC_045512.2	4642	G	T	36094	18924	47	37	37	33	0.00102357	36148	0.499242	FALSE	ORF1ab:cds-YP_009725295.1	TTG	L	TTT	F	1459
NC_045512.2	4642	G	C	36094	18924	47	8	8	30	0.000221312	36148	0.999997	FALSE	ORF1ab:cds-YP_009724389.1	TTG	L	TTC	F	1459
NC_045512.2	4642	G	C	36094	18924	47	8	8	30	0.000221312	36148	0.999997	FALSE	ORF1ab:cds-YP_009725295.1	TTG	L	TTC	F	1459
NC_045512.2	4642	G	A	36094	18924	47	9	9	33	0.000248976	36148	0.999992	FALSE	ORF1ab:cds-YP_009724389.1	TTG	L	TTA	L	1459
NC_045512.2	4642	G	A	36094	18924	47	9	9	33	0.000248976	36148	0.999992	FALSE	ORF1ab:cds-YP_009725295.1	TTG	L	TTA	L	1459
NC_045512.2	4643	G	T	36168	19024	47	12	12	32	0.000331501	36199	0.999889	FALSE	ORF1ab:cds-YP_009724389.1	GAA	E	TAA	*	1460
NC_045512.2	4643	G	T	36168	19024	47	12	12	32	0.000331501	36199	0.999889	FALSE	ORF1ab:cds-YP_009725295.1	GAA	E	TAA	*	1460
NC_045512.2	4643	G	C	36168	19024	47	4	4	34	0.0001105	36199	1	FALSE	ORF1ab:cds-YP_009724389.1	GAA	E	CAA	Q	1460
NC_045512.2	4643	G	C	36168	19024	47	4	4	34	0.0001105	36199	1	FALSE	ORF1ab:cds-YP_009725295.1	GAA	E	CAA	Q	1460
NC_045512.2	4643	G	A	36168	19024	47	15	14	35	0.000414376	36199	0.999114	FALSE	ORF1ab:cds-YP_009724389.1	GAA	E	AAA	K	1460
NC_045512.2	4643	G	A	36168	19024	47	15	14	35	0.000414376	36199	0.999114	FALSE	ORF1ab:cds-YP_009725295.1	GAA	E	AAA	K	1460
NC_045512.2	4644	A	T	36243	18996	47	18	18	32	0.000495827	36303	0.995421	FALSE	ORF1ab:cds-YP_009724389.1	GAA	E	GTA	V	1460
NC_045512.2	4644	A	T	36243	18996	47	18	18	32	0.000495827	36303	0.995421	FALSE	ORF1ab:cds-YP_009725295.1	GAA	E	GTA	V	1460
NC_045512.2	4644	A	G	36243	18996	47	29	28	34	0.000798832	36303	0.83875	FALSE	ORF1ab:cds-YP_009724389.1	GAA	E	GGA	G	1460
NC_045512.2	4644	A	G	36243	18996	47	29	28	34	0.000798832	36303	0.83875	FALSE	ORF1ab:cds-YP_009725295.1	GAA	E	GGA	G	1460
NC_045512.2	4644	A	C	36243	18996	47	13	11	33	0.000358097	36303	0.999762	FALSE	ORF1ab:cds-YP_009724389.1	GAA	E	GCA	A	1460
NC_045512.2	4644	A	C	36243	18996	47	13	11	33	0.000358097	36303	0.999762	FALSE	ORF1ab:cds-YP_009725295.1	GAA	E	GCA	A	1460
NC_045512.2	4645	A	T	36222	19245	47	11	11	31	0.000303339	36263	0.99995	FALSE	ORF1ab:cds-YP_009724389.1	GAA	E	GAT	D	1460
NC_045512.2	4645	A	T	36222	19245	47	11	11	31	0.000303339	36263	0.99995	FALSE	ORF1ab:cds-YP_009725295.1	GAA	E	GAT	D	1460
NC_045512.2	4645	A	G	36222	19245	47	19	15	31	0.00052395	36263	0.992749	FALSE	ORF1ab:cds-YP_009724389.1	GAA	E	GAG	E	1460
NC_045512.2	4645	A	G	36222	19245	47	19	15	31	0.00052395	36263	0.992749	FALSE	ORF1ab:cds-YP_009725295.1	GAA	E	GAG	E	1460
NC_045512.2	4645	A	C	36222	19245	47	11	11	31	0.000303339	36263	0.99995	FALSE	ORF1ab:cds-YP_009724389.1	GAA	E	GAC	D	1460
NC_045512.2	4645	A	C	36222	19245	47	11	11	31	0.000303339	36263	0.99995	FALSE	ORF1ab:cds-YP_009725295.1	GAA	E	GAC	D	1460
NC_045512.2	4646	G	T	36099	19347	47	11	11	33	0.000304237	36156	0.99995	FALSE	ORF1ab:cds-YP_009724389.1	GAA	E	TAA	*	1461
NC_045512.2	4646	G	T	36099	19347	47	11	11	33	0.000304237	36156	0.99995	FALSE	ORF1ab:cds-YP_009725295.1	GAA	E	TAA	*	1461
NC_045512.2	4646	G	C	36099	19347	47	9	9	34	0.000248921	36156	0.999992	FALSE	ORF1ab:cds-YP_009724389.1	GAA	E	CAA	Q	1461
NC_045512.2	4646	G	C	36099	19347	47	9	9	34	0.000248921	36156	0.999992	FALSE	ORF1ab:cds-YP_009725295.1	GAA	E	CAA	Q	1461
NC_045512.2	4646	G	A	36099	19347	47	37	36	35	0.00102334	36156	0.499101	FALSE	ORF1ab:cds-YP_009724389.1	GAA	E	AAA	K	1461
NC_045512.2	4646	G	A	36099	19347	47	37	36	35	0.00102334	36156	0.499101	FALSE	ORF1ab:cds-YP_009725295.1	GAA	E	AAA	K	1461
NC_045512.2	4647	A	T	35345	19679	45	9	8	35	0.000254323	35388	0.999987	FALSE	ORF1ab:cds-YP_009724389.1	GAA	E	GTA	V	1461
NC_045512.2	4647	A	T	35345	19679	45	9	8	35	0.000254323	35388	0.999987	FALSE	ORF1ab:cds-YP_009725295.1	GAA	E	GTA	V	1461
NC_045512.2	4647	A	G	35345	19679	45	28	28	35	0.000791229	35388	0.842978	FALSE	ORF1ab:cds-YP_009724389.1	GAA	E	GGA	G	1461
NC_045512.2	4647	A	G	35345	19679	45	28	28	35	0.000791229	35388	0.842978	FALSE	ORF1ab:cds-YP_009725295.1	GAA	E	GGA	G	1461
NC_045512.2	4647	A	C	35345	19679	45	6	6	34	0.000169549	35388	1	FALSE	ORF1ab:cds-YP_009724389.1	GAA	E	GCA	A	1461
NC_045512.2	4647	A	C	35345	19679	45	6	6	34	0.000169549	35388	1	FALSE	ORF1ab:cds-YP_009725295.1	GAA	E	GCA	A	1461
NC_045512.2	4648	A	T	35920	19688	46	11	11	31	0.000305989	35949	0.999922	FALSE	ORF1ab:cds-YP_009724389.1	GAA	E	GAT	D	1461
NC_045512.2	4648	A	T	35920	19688	46	11	11	31	0.000305989	35949	0.999922	FALSE	ORF1ab:cds-YP_009725295.1	GAA	E	GAT	D	1461
NC_045512.2	4648	A	G	35920	19688	46	13	11	43	0.000361623	35949	0.0106053	FALSE	ORF1ab:cds-YP_009724389.1	GAA	E	GAG	E	1461
NC_045512.2	4648	A	G	35920	19688	46	13	11	43	0.000361623	35949	0.0106053	FALSE	ORF1ab:cds-YP_009725295.1	GAA	E	GAG	E	1461
NC_045512.2	4648	A	C	35920	19688	46	5	5	30	0.000139086	35949	1	FALSE	ORF1ab:cds-YP_009724389.1	GAA	E	GAC	D	1461
NC_045512.2	4648	A	C	35920	19688	46	5	5	30	0.000139086	35949	1	FALSE	ORF1ab:cds-YP_009725295.1	GAA	E	GAC	D	1461
NC_045512.2	4649	G	T	35885	19769	46	17	10	32	0.000472958	35944	0.99607	FALSE	ORF1ab:cds-YP_009724389.1	GCT	A	TCT	S	1462
NC_045512.2	4649	G	T	35885	19769	46	17	10	32	0.000472958	35944	0.99607	FALSE	ORF1ab:cds-YP_009725295.1	GCT	A	TCT	S	1462
NC_045512.2	4649	G	C	35885	19769	46	4	4	32	0.000111284	35944	1	FALSE	ORF1ab:cds-YP_009724389.1	GCT	A	CCT	P	1462
NC_045512.2	4649	G	C	35885	19769	46	4	4	32	0.000111284	35944	1	FALSE	ORF1ab:cds-YP_009725295.1	GCT	A	CCT	P	1462
NC_045512.2	4649	G	A	35885	19769	46	38	37	32	0.0010572	35944	0.406588	FALSE	ORF1ab:cds-YP_009724389.1	GCT	A	ACT	T	1462
NC_045512.2	4649	G	A	35885	19769	46	38	37	32	0.0010572	35944	0.406588	FALSE	ORF1ab:cds-YP_009725295.1	GCT	A	ACT	T	1462
NC_045512.2	4650	C	T	35701	19848	46	13	12	35	0.000363525	35761	0.999637	FALSE	ORF1ab:cds-YP_009724389.1	GCT	A	GTT	V	1462
NC_045512.2	4650	C	T	35701	19848	46	13	12	35	0.000363525	35761	0.999637	FALSE	ORF1ab:cds-YP_009725295.1	GCT	A	GTT	V	1462
NC_045512.2	4650	C	G	35701	19848	46	26	26	33	0.000727049	35761	0.899445	FALSE	ORF1ab:cds-YP_009724389.1	GCT	A	GGT	G	1462
NC_045512.2	4650	C	G	35701	19848	46	26	26	33	0.000727049	35761	0.899445	FALSE	ORF1ab:cds-YP_009725295.1	GCT	A	GGT	G	1462
NC_045512.2	4650	C	A	35701	19848	46	21	21	32	0.000587232	35761	0.977809	FALSE	ORF1ab:cds-YP_009724389.1	GCT	A	GAT	D	1462
NC_045512.2	4650	C	A	35701	19848	46	21	21	32	0.000587232	35761	0.977809	FALSE	ORF1ab:cds-YP_009725295.1	GCT	A	GAT	D	1462
NC_045512.2	4651	T	G	35806	19829	46	13	12	31	0.000362511	35861	0.999638	FALSE	ORF1ab:cds-YP_009724389.1	GCT	A	GCG	A	1462
NC_045512.2	4651	T	G	35806	19829	46	13	12	31	0.000362511	35861	0.999638	FALSE	ORF1ab:cds-YP_009725295.1	GCT	A	GCG	A	1462
NC_045512.2	4651	T	C	35806	19829	46	27	26	33	0.000752907	35861	0.873058	FALSE	ORF1ab:cds-YP_009724389.1	GCT	A	GCC	A	1462
NC_045512.2	4651	T	C	35806	19829	46	27	26	33	0.000752907	35861	0.873058	FALSE	ORF1ab:cds-YP_009725295.1	GCT	A	GCC	A	1462
NC_045512.2	4651	T	A	35806	19829	46	15	14	32	0.000418282	35861	0.998687	FALSE	ORF1ab:cds-YP_009724389.1	GCT	A	GCA	A	1462
NC_045512.2	4651	T	A	35806	19829	46	15	14	32	0.000418282	35861	0.998687	FALSE	ORF1ab:cds-YP_009725295.1	GCT	A	GCA	A	1462
NC_045512.2	4652	G	T	35661	19711	46	29	29	33	0.000811916	35718	0.808414	FALSE	ORF1ab:cds-YP_009724389.1	GCT	A	TCT	S	1463
NC_045512.2	4652	G	T	35661	19711	46	29	29	33	0.000811916	35718	0.808414	FALSE	ORF1ab:cds-YP_009725295.1	GCT	A	TCT	S	1463
NC_045512.2	4652	G	C	35661	19711	46	15	15	31	0.000419956	35718	0.998686	FALSE	ORF1ab:cds-YP_009724389.1	GCT	A	CCT	P	1463
NC_045512.2	4652	G	C	35661	19711	46	15	15	31	0.000419956	35718	0.998686	FALSE	ORF1ab:cds-YP_009725295.1	GCT	A	CCT	P	1463
NC_045512.2	4652	G	A	35661	19711	46	13	12	36	0.000363962	35718	0.999637	FALSE	ORF1ab:cds-YP_009724389.1	GCT	A	ACT	T	1463
NC_045512.2	4652	G	A	35661	19711	46	13	12	36	0.000363962	35718	0.999637	FALSE	ORF1ab:cds-YP_009725295.1	GCT	A	ACT	T	1463
NC_045512.2	4653	C	T	35548	20262	45	12	12	33	0.000337126	35595	0.999826	FALSE	ORF1ab:cds-YP_009724389.1	GCT	A	GTT	V	1463
NC_045512.2	4653	C	T	35548	20262	45	12	12	33	0.000337126	35595	0.999826	FALSE	ORF1ab:cds-YP_009725295.1	GCT	A	GTT	V	1463
NC_045512.2	4653	C	G	35548	20262	45	21	20	34	0.000589971	35595	0.97788	FALSE	ORF1ab:cds-YP_009724389.1	GCT	A	GGT	G	1463
NC_045512.2	4653	C	G	35548	20262	45	21	20	34	0.000589971	35595	0.97788	FALSE	ORF1ab:cds-YP_009725295.1	GCT	A	GGT	G	1463
NC_045512.2	4653	C	A	35548	20262	45	14	14	31	0.000393314	35595	0.999294	FALSE	ORF1ab:cds-YP_009724389.1	GCT	A	GAT	D	1463
NC_045512.2	4653	C	A	35548	20262	45	14	14	31	0.000393314	35595	0.999294	FALSE	ORF1ab:cds-YP_009725295.1	GCT	A	GAT	D	1463
NC_045512.2	4654	T	G	35757	20314	45	6	6	32	0.000167593	35801	1	FALSE	ORF1ab:cds-YP_009724389.1	GCT	A	GCG	A	1463
NC_045512.2	4654	T	G	35757	20314	45	6	6	32	0.000167593	35801	1	FALSE	ORF1ab:cds-YP_009725295.1	GCT	A	GCG	A	1463
NC_045512.2	4654	T	C	35757	20314	45	25	25	34	0.000698305	35801	0.922302	FALSE	ORF1ab:cds-YP_009724389.1	GCT	A	GCC	A	1463
NC_045512.2	4654	T	C	35757	20314	45	25	25	34	0.000698305	35801	0.922302	FALSE	ORF1ab:cds-YP_009725295.1	GCT	A	GCC	A	1463
NC_045512.2	4654	T	A	35757	20314	45	13	13	33	0.000363118	35801	0.999639	FALSE	ORF1ab:cds-YP_009724389.1	GCT	A	GCA	A	1463
NC_045512.2	4654	T	A	35757	20314	45	13	13	33	0.000363118	35801	0.999639	FALSE	ORF1ab:cds-YP_009725295.1	GCT	A	GCA	A	1463
NC_045512.2	4655	C	T	35541	20300	45	33	33	33	0.000927227	35590	0.641263	FALSE	ORF1ab:cds-YP_009724389.1	CGG	R	TGG	W	1464
NC_045512.2	4655	C	T	35541	20300	45	33	33	33	0.000927227	35590	0.641263	FALSE	ORF1ab:cds-YP_009725295.1	CGG	R	TGG	W	1464
NC_045512.2	4655	C	G	35541	20300	45	12	12	34	0.000337173	35590	0.999825	FALSE	ORF1ab:cds-YP_009724389.1	CGG	R	GGG	G	1464
NC_045512.2	4655	C	G	35541	20300	45	12	12	34	0.000337173	35590	0.999825	FALSE	ORF1ab:cds-YP_009725295.1	CGG	R	GGG	G	1464
NC_045512.2	4655	C	A	35541	20300	45	4	4	34	0.000112391	35590	1	FALSE	ORF1ab:cds-YP_009724389.1	CGG	R	AGG	R	1464
NC_045512.2	4655	C	A	35541	20300	45	4	4	34	0.000112391	35590	1	FALSE	ORF1ab:cds-YP_009725295.1	CGG	R	AGG	R	1464
NC_045512.2	4656	G	T	35292	19994	45	18	17	34	0.000509151	35353	0.993609	FALSE	ORF1ab:cds-YP_009724389.1	CGG	R	CTG	L	1464
NC_045512.2	4656	G	T	35292	19994	45	18	17	34	0.000509151	35353	0.993609	FALSE	ORF1ab:cds-YP_009725295.1	CGG	R	CTG	L	1464
NC_045512.2	4656	G	C	35292	19994	45	35	35	32	0.000990015	35353	0.546359	FALSE	ORF1ab:cds-YP_009724389.1	CGG	R	CCG	P	1464
NC_045512.2	4656	G	C	35292	19994	45	35	35	32	0.000990015	35353	0.546359	FALSE	ORF1ab:cds-YP_009725295.1	CGG	R	CCG	P	1464
NC_045512.2	4656	G	A	35292	19994	45	8	8	32	0.000226289	35353	0.999995	FALSE	ORF1ab:cds-YP_009724389.1	CGG	R	CAG	Q	1464
NC_045512.2	4656	G	A	35292	19994	45	8	8	32	0.000226289	35353	0.999995	FALSE	ORF1ab:cds-YP_009725295.1	CGG	R	CAG	Q	1464
NC_045512.2	4657	G	T	35343	20297	45	19	19	33	0.000536981	35383	0.990051	FALSE	ORF1ab:cds-YP_009724389.1	CGG	R	CGT	R	1464
NC_045512.2	4657	G	T	35343	20297	45	19	19	33	0.000536981	35383	0.990051	FALSE	ORF1ab:cds-YP_009725295.1	CGG	R	CGT	R	1464
NC_045512.2	4657	G	C	35343	20297	45	10	10	34	0.000282622	35383	0.999967	FALSE	ORF1ab:cds-YP_009724389.1	CGG	R	CGC	R	1464
NC_045512.2	4657	G	C	35343	20297	45	10	10	34	0.000282622	35383	0.999967	FALSE	ORF1ab:cds-YP_009725295.1	CGG	R	CGC	R	1464
NC_045512.2	4657	G	A	35343	20297	45	11	10	35	0.000310884	35383	0.999921	FALSE	ORF1ab:cds-YP_009724389.1	CGG	R	CGA	R	1464
NC_045512.2	4657	G	A	35343	20297	45	11	10	35	0.000310884	35383	0.999921	FALSE	ORF1ab:cds-YP_009725295.1	CGG	R	CGA	R	1464
NC_045512.2	4658	T	G	35423	20384	45	32	32	32	0.000901815	35484	0.686229	FALSE	ORF1ab:cds-YP_009724389.1	TAT	Y	GAT	D	1465
NC_045512.2	4658	T	G	35423	20384	45	32	32	32	0.000901815	35484	0.686229	FALSE	ORF1ab:cds-YP_009725295.1	TAT	Y	GAT	D	1465
NC_045512.2	4658	T	C	35423	20384	45	16	15	34	0.000450907	35484	0.997675	FALSE	ORF1ab:cds-YP_009724389.1	TAT	Y	CAT	H	1465
NC_045512.2	4658	T	C	35423	20384	45	16	15	34	0.000450907	35484	0.997675	FALSE	ORF1ab:cds-YP_009725295.1	TAT	Y	CAT	H	1465
NC_045512.2	4658	T	A	35423	20384	45	13	11	32	0.000366362	35484	0.999637	FALSE	ORF1ab:cds-YP_009724389.1	TAT	Y	AAT	N	1465
NC_045512.2	4658	T	A	35423	20384	45	13	11	32	0.000366362	35484	0.999637	FALSE	ORF1ab:cds-YP_009725295.1	TAT	Y	AAT	N	1465
NC_045512.2	4659	A	T	35180	20362	45	27	27	33	0.000766349	35232	0.873119	FALSE	ORF1ab:cds-YP_009724389.1	TAT	Y	TTT	F	1465
NC_045512.2	4659	A	T	35180	20362	45	27	27	33	0.000766349	35232	0.873119	FALSE	ORF1ab:cds-YP_009725295.1	TAT	Y	TTT	F	1465
NC_045512.2	4659	A	G	35180	20362	45	16	16	32	0.000454133	35232	0.997681	FALSE	ORF1ab:cds-YP_009724389.1	TAT	Y	TGT	C	1465
NC_045512.2	4659	A	G	35180	20362	45	16	16	32	0.000454133	35232	0.997681	FALSE	ORF1ab:cds-YP_009725295.1	TAT	Y	TGT	C	1465
NC_045512.2	4659	A	C	35180	20362	45	9	9	31	0.00025545	35232	0.999987	FALSE	ORF1ab:cds-YP_009724389.1	TAT	Y	TCT	S	1465
NC_045512.2	4659	A	C	35180	20362	45	9	9	31	0.00025545	35232	0.999987	FALSE	ORF1ab:cds-YP_009725295.1	TAT	Y	TCT	S	1465
NC_045512.2	4660	T	G	35252	20409	45	10	10	34	0.000283286	35300	0.999967	FALSE	ORF1ab:cds-YP_009724389.1	TAT	Y	TAG	*	1465
NC_045512.2	4660	T	G	35252	20409	45	10	10	34	0.000283286	35300	0.999967	FALSE	ORF1ab:cds-YP_009725295.1	TAT	Y	TAG	*	1465
NC_045512.2	4660	T	C	35252	20409	45	9	9	33	0.000254958	35300	0.999987	FALSE	ORF1ab:cds-YP_009724389.1	TAT	Y	TAC	Y	1465
NC_045512.2	4660	T	C	35252	20409	45	9	9	33	0.000254958	35300	0.999987	FALSE	ORF1ab:cds-YP_009725295.1	TAT	Y	TAC	Y	1465
NC_045512.2	4660	T	A	35252	20409	45	29	29	34	0.00082153	35300	0.808685	FALSE	ORF1ab:cds-YP_009724389.1	TAT	Y	TAA	*	1465
NC_045512.2	4660	T	A	35252	20409	45	29	29	34	0.00082153	35300	0.808685	FALSE	ORF1ab:cds-YP_009725295.1	TAT	Y	TAA	*	1465
NC_045512.2	4661	A	T	34322	20253	44	40	39	33	0.00116367	34374	0.280119	FALSE	ORF1ab:cds-YP_009724389.1	ATG	M	TTG	L	1466
NC_045512.2	4661	A	T	34322	20253	44	40	39	33	0.00116367	34374	0.280119	FALSE	ORF1ab:cds-YP_009725295.1	ATG	M	TTG	L	1466
NC_045512.2	4661	A	G	34322	20253	44	6	5	39	0.000174551	34374	0.999999	FALSE	ORF1ab:cds-YP_009724389.1	ATG	M	GTG	V	1466
NC_045512.2	4661	A	G	34322	20253	44	6	5	39	0.000174551	34374	0.999999	FALSE	ORF1ab:cds-YP_009725295.1	ATG	M	GTG	V	1466
NC_045512.2	4661	A	C	34322	20253	44	6	6	32	0.000174551	34374	0.999999	FALSE	ORF1ab:cds-YP_009724389.1	ATG	M	CTG	L	1466
NC_045512.2	4661	A	C	34322	20253	44	6	6	32	0.000174551	34374	0.999999	FALSE	ORF1ab:cds-YP_009725295.1	ATG	M	CTG	L	1466
NC_045512.2	4662	T	G	34285	19878	44	5	5	32	0.00014562	34336	1	FALSE	ORF1ab:cds-YP_009724389.1	ATG	M	AGG	R	1466
NC_045512.2	4662	T	G	34285	19878	44	5	5	32	0.00014562	34336	1	FALSE	ORF1ab:cds-YP_009725295.1	ATG	M	AGG	R	1466
NC_045512.2	4662	T	C	34285	19878	44	7	6	30	0.000203868	34336	0.999998	FALSE	ORF1ab:cds-YP_009724389.1	ATG	M	ACG	T	1466
NC_045512.2	4662	T	C	34285	19878	44	7	6	30	0.000203868	34336	0.999998	FALSE	ORF1ab:cds-YP_009725295.1	ATG	M	ACG	T	1466
NC_045512.2	4662	T	A	34285	19878	44	39	39	33	0.00113583	34336	0.319406	FALSE	ORF1ab:cds-YP_009724389.1	ATG	M	AAG	K	1466
NC_045512.2	4662	T	A	34285	19878	44	39	39	33	0.00113583	34336	0.319406	FALSE	ORF1ab:cds-YP_009725295.1	ATG	M	AAG	K	1466
NC_045512.2	4663	G	T	45553	22529	43	34	34	32	0.000745451	45610	0.911444	FALSE	ORF1ab:cds-YP_009724389.1	ATG	M	ATT	I	1466
NC_045512.2	4663	G	T	45553	22529	43	34	34	32	0.000745451	45610	0.911444	FALSE	ORF1ab:cds-YP_009725295.1	ATG	M	ATT	I	1466
NC_045512.2	4663	G	C	45553	22529	43	11	11	31	0.000241175	45610	0.999999	FALSE	ORF1ab:cds-YP_009724389.1	ATG	M	ATC	I	1466
NC_045512.2	4663	G	C	45553	22529	43	11	11	31	0.000241175	45610	0.999999	FALSE	ORF1ab:cds-YP_009725295.1	ATG	M	ATC	I	1466
NC_045512.2	4663	G	A	45553	22529	43	12	12	33	0.0002631	45610	0.999998	FALSE	ORF1ab:cds-YP_009724389.1	ATG	M	ATA	I	1466
NC_045512.2	4663	G	A	45553	22529	43	12	12	33	0.0002631	45610	0.999998	FALSE	ORF1ab:cds-YP_009725295.1	ATG	M	ATA	I	1466
NC_045512.2	4664	A	T	44664	22015	42	8	8	34	0.000178891	44720	1	FALSE	ORF1ab:cds-YP_009724389.1	AGA	R	TGA	*	1467
NC_045512.2	4664	A	T	44664	22015	42	8	8	34	0.000178891	44720	1	FALSE	ORF1ab:cds-YP_009725295.1	AGA	R	TGA	*	1467
NC_045512.2	4664	A	G	44664	22015	42	32	28	34	0.000715564	44720	0.932096	FALSE	ORF1ab:cds-YP_009724389.1	AGA	R	GGA	G	1467
NC_045512.2	4664	A	G	44664	22015	42	32	28	34	0.000715564	44720	0.932096	FALSE	ORF1ab:cds-YP_009725295.1	AGA	R	GGA	G	1467
NC_045512.2	4664	A	C	44664	22015	42	16	16	32	0.000357782	44720	0.999932	FALSE	ORF1ab:cds-YP_009724389.1	AGA	R	CGA	R	1467
NC_045512.2	4664	A	C	44664	22015	42	16	16	32	0.000357782	44720	0.999932	FALSE	ORF1ab:cds-YP_009725295.1	AGA	R	CGA	R	1467
NC_045512.2	4665	G	T	44462	21730	42	17	17	32	0.000381894	44515	0.999867	FALSE	ORF1ab:cds-YP_009724389.1	AGA	R	ATA	I	1467
NC_045512.2	4665	G	T	44462	21730	42	17	17	32	0.000381894	44515	0.999867	FALSE	ORF1ab:cds-YP_009725295.1	AGA	R	ATA	I	1467
NC_045512.2	4665	G	C	44462	21730	42	8	8	33	0.000179715	44515	1	FALSE	ORF1ab:cds-YP_009724389.1	AGA	R	ACA	T	1467
NC_045512.2	4665	G	C	44462	21730	42	8	8	33	0.000179715	44515	1	FALSE	ORF1ab:cds-YP_009725295.1	AGA	R	ACA	T	1467
NC_045512.2	4665	G	A	44462	21730	42	28	28	33	0.000629001	44515	0.977736	FALSE	ORF1ab:cds-YP_009724389.1	AGA	R	AAA	K	1467
NC_045512.2	4665	G	A	44462	21730	42	28	28	33	0.000629001	44515	0.977736	FALSE	ORF1ab:cds-YP_009725295.1	AGA	R	AAA	K	1467
NC_045512.2	4666	A	T	37140	16783	44	5	5	34	0.000134506	37173	1	FALSE	ORF1ab:cds-YP_009724389.1	AGA	R	AGT	S	1467
NC_045512.2	4666	A	T	37140	16783	44	5	5	34	0.000134506	37173	1	FALSE	ORF1ab:cds-YP_009725295.1	AGA	R	AGT	S	1467
NC_045512.2	4666	A	G	37140	16783	44	25	24	34	0.000672531	37173	0.951017	FALSE	ORF1ab:cds-YP_009724389.1	AGA	R	AGG	R	1467
NC_045512.2	4666	A	G	37140	16783	44	25	24	34	0.000672531	37173	0.951017	FALSE	ORF1ab:cds-YP_009725295.1	AGA	R	AGG	R	1467
NC_045512.2	4666	A	C	37140	16783	44	3	3	34	8.07037e-05	37173	1	FALSE	ORF1ab:cds-YP_009724389.1	AGA	R	AGC	S	1467
NC_045512.2	4666	A	C	37140	16783	44	3	3	34	8.07037e-05	37173	1	FALSE	ORF1ab:cds-YP_009725295.1	AGA	R	AGC	S	1467
NC_045512.2	4666	A	-T	37140	16783	44	1	0	20	2.69012e-05	37173	1	FALSE	NA	NA	NA	NA	NA	NA
NC_045512.2	4667	T	G	35428	14358	42	10	4	31	0.00028192	35471	0.999967	FALSE	ORF1ab:cds-YP_009724389.1	TCT	S	GCT	A	1468
NC_045512.2	4667	T	G	35428	14358	42	10	4	31	0.00028192	35471	0.999967	FALSE	ORF1ab:cds-YP_009725295.1	TCT	S	GCT	A	1468
NC_045512.2	4667	T	C	35428	14358	42	6	5	32	0.000169152	35471	1	FALSE	ORF1ab:cds-YP_009724389.1	TCT	S	CCT	P	1468
NC_045512.2	4667	T	C	35428	14358	42	6	5	32	0.000169152	35471	1	FALSE	ORF1ab:cds-YP_009725295.1	TCT	S	CCT	P	1468
NC_045512.2	4667	T	A	35428	14358	42	27	27	32	0.000761185	35471	0.873307	FALSE	ORF1ab:cds-YP_009724389.1	TCT	S	ACT	T	1468
NC_045512.2	4667	T	A	35428	14358	42	27	27	32	0.000761185	35471	0.873307	FALSE	ORF1ab:cds-YP_009725295.1	TCT	S	ACT	T	1468
NC_045512.2	4668	C	T	37974	16599	45	26	25	32	0.000683977	38013	0.948228	FALSE	ORF1ab:cds-YP_009724389.1	TCT	S	TTT	F	1468
NC_045512.2	4668	C	T	37974	16599	45	26	25	32	0.000683977	38013	0.948228	FALSE	ORF1ab:cds-YP_009725295.1	TCT	S	TTT	F	1468
NC_045512.2	4668	C	G	37974	16599	45	11	10	32	0.000289375	38013	0.999981	FALSE	ORF1ab:cds-YP_009724389.1	TCT	S	TGT	C	1468
NC_045512.2	4668	C	G	37974	16599	45	11	10	32	0.000289375	38013	0.999981	FALSE	ORF1ab:cds-YP_009725295.1	TCT	S	TGT	C	1468
NC_045512.2	4668	C	A	37974	16599	45	2	2	34	5.26136e-05	38013	1	FALSE	ORF1ab:cds-YP_009724389.1	TCT	S	TAT	Y	1468
NC_045512.2	4668	C	A	37974	16599	45	2	2	34	5.26136e-05	38013	1	FALSE	ORF1ab:cds-YP_009725295.1	TCT	S	TAT	Y	1468
NC_045512.2	4669	T	G	35932	14517	42	2	2	34	5.55957e-05	35974	1	FALSE	ORF1ab:cds-YP_009724389.1	TCT	S	TCG	S	1468
NC_045512.2	4669	T	G	35932	14517	42	2	2	34	5.55957e-05	35974	1	FALSE	ORF1ab:cds-YP_009725295.1	TCT	S	TCG	S	1468
NC_045512.2	4669	T	C	35932	14517	42	28	28	34	0.00077834	35974	0.843009	FALSE	ORF1ab:cds-YP_009724389.1	TCT	S	TCC	S	1468
NC_045512.2	4669	T	C	35932	14517	42	28	28	34	0.00077834	35974	0.843009	FALSE	ORF1ab:cds-YP_009725295.1	TCT	S	TCC	S	1468
NC_045512.2	4669	T	A	35932	14517	42	12	12	32	0.000333574	35974	0.999826	FALSE	ORF1ab:cds-YP_009724389.1	TCT	S	TCA	S	1468
NC_045512.2	4669	T	A	35932	14517	42	12	12	32	0.000333574	35974	0.999826	FALSE	ORF1ab:cds-YP_009725295.1	TCT	S	TCA	S	1468
NC_045512.2	4670	C	T	38292	18022	46	27	27	32	0.000704464	38327	0.93197	FALSE	ORF1ab:cds-YP_009724389.1	CTC	L	TTC	F	1469
NC_045512.2	4670	C	T	38292	18022	46	27	27	32	0.000704464	38327	0.93197	FALSE	ORF1ab:cds-YP_009725295.1	CTC	L	TTC	F	1469
NC_045512.2	4670	C	G	38292	18022	46	1	1	34	2.60913e-05	38327	1	FALSE	ORF1ab:cds-YP_009724389.1	CTC	L	GTC	V	1469
NC_045512.2	4670	C	G	38292	18022	46	1	1	34	2.60913e-05	38327	1	FALSE	ORF1ab:cds-YP_009725295.1	CTC	L	GTC	V	1469
NC_045512.2	4670	C	A	38292	18022	46	7	7	32	0.000182639	38327	1	FALSE	ORF1ab:cds-YP_009724389.1	CTC	L	ATC	I	1469
NC_045512.2	4670	C	A	38292	18022	46	7	7	32	0.000182639	38327	1	FALSE	ORF1ab:cds-YP_009725295.1	CTC	L	ATC	I	1469
NC_045512.2	4671	T	G	35450	15995	45	2	2	34	5.63317e-05	35504	1	FALSE	ORF1ab:cds-YP_009724389.1	CTC	L	CGC	R	1469
NC_045512.2	4671	T	G	35450	15995	45	2	2	34	5.63317e-05	35504	1	FALSE	ORF1ab:cds-YP_009725295.1	CTC	L	CGC	R	1469
NC_045512.2	4671	T	C	35450	15995	45	41	37	35	0.0011548	35504	0.282682	FALSE	ORF1ab:cds-YP_009724389.1	CTC	L	CCC	P	1469
NC_045512.2	4671	T	C	35450	15995	45	41	37	35	0.0011548	35504	0.282682	FALSE	ORF1ab:cds-YP_009725295.1	CTC	L	CCC	P	1469
NC_045512.2	4671	T	A	35450	15995	45	11	10	31	0.000309824	35504	0.999921	FALSE	ORF1ab:cds-YP_009724389.1	CTC	L	CAC	H	1469
NC_045512.2	4671	T	A	35450	15995	45	11	10	31	0.000309824	35504	0.999921	FALSE	ORF1ab:cds-YP_009725295.1	CTC	L	CAC	H	1469
NC_045512.2	4672	C	T	35654	16266	45	28	27	33	0.000784314	35700	0.8429	FALSE	ORF1ab:cds-YP_009724389.1	CTC	L	CTT	L	1469
NC_045512.2	4672	C	T	35654	16266	45	28	27	33	0.000784314	35700	0.8429	FALSE	ORF1ab:cds-YP_009725295.1	CTC	L	CTT	L	1469
NC_045512.2	4672	C	G	35654	16266	45	11	1	31	0.000308123	35700	0.999921	FALSE	ORF1ab:cds-YP_009724389.1	CTC	L	CTG	L	1469
NC_045512.2	4672	C	G	35654	16266	45	11	1	31	0.000308123	35700	0.999921	FALSE	ORF1ab:cds-YP_009725295.1	CTC	L	CTG	L	1469
NC_045512.2	4672	C	A	35654	16266	45	7	7	31	0.000196078	35700	0.999999	FALSE	ORF1ab:cds-YP_009724389.1	CTC	L	CTA	L	1469
NC_045512.2	4672	C	A	35654	16266	45	7	7	31	0.000196078	35700	0.999999	FALSE	ORF1ab:cds-YP_009725295.1	CTC	L	CTA	L	1469
NC_045512.2	4673	A	T	35676	16248	45	8	8	33	0.000223945	35723	0.999995	FALSE	ORF1ab:cds-YP_009724389.1	AAA	K	TAA	*	1470
NC_045512.2	4673	A	T	35676	16248	45	8	8	33	0.000223945	35723	0.999995	FALSE	ORF1ab:cds-YP_009725295.1	AAA	K	TAA	*	1470
NC_045512.2	4673	A	G	35676	16248	45	6	4	38	0.000167959	35723	1	FALSE	ORF1ab:cds-YP_009724389.1	AAA	K	GAA	E	1470
NC_045512.2	4673	A	G	35676	16248	45	6	4	38	0.000167959	35723	1	FALSE	ORF1ab:cds-YP_009725295.1	AAA	K	GAA	E	1470
NC_045512.2	4673	A	C	35676	16248	45	33	32	33	0.000923775	35723	0.641352	FALSE	ORF1ab:cds-YP_009724389.1	AAA	K	CAA	Q	1470
NC_045512.2	4673	A	C	35676	16248	45	33	32	33	0.000923775	35723	0.641352	FALSE	ORF1ab:cds-YP_009725295.1	AAA	K	CAA	Q	1470
NC_045512.2	4674	A	T	35513	16241	45	14	13	33	0.000393933	35539	0.999299	FALSE	ORF1ab:cds-YP_009724389.1	AAA	K	ATA	I	1470
NC_045512.2	4674	A	T	35513	16241	45	14	13	33	0.000393933	35539	0.999299	FALSE	ORF1ab:cds-YP_009725295.1	AAA	K	ATA	I	1470
NC_045512.2	4674	A	G	35513	16241	45	6	4	31	0.000168829	35539	1	FALSE	ORF1ab:cds-YP_009724389.1	AAA	K	AGA	R	1470
NC_045512.2	4674	A	G	35513	16241	45	6	4	31	0.000168829	35539	1	FALSE	ORF1ab:cds-YP_009725295.1	AAA	K	AGA	R	1470
NC_045512.2	4674	A	C	35513	16241	45	6	6	34	0.000168829	35539	1	FALSE	ORF1ab:cds-YP_009724389.1	AAA	K	ACA	T	1470
NC_045512.2	4674	A	C	35513	16241	45	6	6	34	0.000168829	35539	1	FALSE	ORF1ab:cds-YP_009725295.1	AAA	K	ACA	T	1470
NC_045512.2	4675	A	T	34495	16320	43	3	3	31	8.69137e-05	34517	1	FALSE	ORF1ab:cds-YP_009724389.1	AAA	K	AAT	N	1470
NC_045512.2	4675	A	T	34495	16320	43	3	3	31	8.69137e-05	34517	1	FALSE	ORF1ab:cds-YP_009725295.1	AAA	K	AAT	N	1470
NC_045512.2	4675	A	G	34495	16320	43	6	5	36	0.000173827	34517	0.999999	FALSE	ORF1ab:cds-YP_009724389.1	AAA	K	AAG	K	1470
NC_045512.2	4675	A	G	34495	16320	43	6	5	36	0.000173827	34517	0.999999	FALSE	ORF1ab:cds-YP_009725295.1	AAA	K	AAG	K	1470
NC_045512.2	4675	A	C	34495	16320	43	13	12	33	0.000376626	34517	0.999456	FALSE	ORF1ab:cds-YP_009724389.1	AAA	K	AAC	N	1470
NC_045512.2	4675	A	C	34495	16320	43	13	12	33	0.000376626	34517	0.999456	FALSE	ORF1ab:cds-YP_009725295.1	AAA	K	AAC	N	1470
NC_045512.2	4676	G	T	36139	16366	45	5	5	34	0.000138186	36183	1	FALSE	ORF1ab:cds-YP_009724389.1	GTG	V	TTG	L	1471
NC_045512.2	4676	G	T	36139	16366	45	5	5	34	0.000138186	36183	1	FALSE	ORF1ab:cds-YP_009725295.1	GTG	V	TTG	L	1471
NC_045512.2	4676	G	C	36139	16366	45	5	5	34	0.000138186	36183	1	FALSE	ORF1ab:cds-YP_009724389.1	GTG	V	CTG	L	1471
NC_045512.2	4676	G	C	36139	16366	45	5	5	34	0.000138186	36183	1	FALSE	ORF1ab:cds-YP_009725295.1	GTG	V	CTG	L	1471
NC_045512.2	4676	G	A	36139	16366	45	34	34	33	0.000939668	36183	0.639573	FALSE	ORF1ab:cds-YP_009724389.1	GTG	V	ATG	M	1471
NC_045512.2	4676	G	A	36139	16366	45	34	34	33	0.000939668	36183	0.639573	FALSE	ORF1ab:cds-YP_009725295.1	GTG	V	ATG	M	1471
NC_045512.2	4677	T	G	35833	16360	45	28	27	33	0.000780357	35881	0.842849	FALSE	ORF1ab:cds-YP_009724389.1	GTG	V	GGG	G	1471
NC_045512.2	4677	T	G	35833	16360	45	28	27	33	0.000780357	35881	0.842849	FALSE	ORF1ab:cds-YP_009725295.1	GTG	V	GGG	G	1471
NC_045512.2	4677	T	C	35833	16360	45	4	4	32	0.00011148	35881	1	FALSE	ORF1ab:cds-YP_009724389.1	GTG	V	GCG	A	1471
NC_045512.2	4677	T	C	35833	16360	45	4	4	32	0.00011148	35881	1	FALSE	ORF1ab:cds-YP_009725295.1	GTG	V	GCG	A	1471
NC_045512.2	4677	T	A	35833	16360	45	16	16	32	0.000445918	35881	0.997684	FALSE	ORF1ab:cds-YP_009724389.1	GTG	V	GAG	E	1471
NC_045512.2	4677	T	A	35833	16360	45	16	16	32	0.000445918	35881	0.997684	FALSE	ORF1ab:cds-YP_009725295.1	GTG	V	GAG	E	1471
NC_045512.2	4678	G	T	36167	16515	45	28	28	33	0.000773203	36213	0.869489	FALSE	ORF1ab:cds-YP_009724389.1	GTG	V	GTT	V	1471
NC_045512.2	4678	G	T	36167	16515	45	28	28	33	0.000773203	36213	0.869489	FALSE	ORF1ab:cds-YP_009725295.1	GTG	V	GTT	V	1471
NC_045512.2	4678	G	C	36167	16515	45	3	3	34	8.28432e-05	36213	1	FALSE	ORF1ab:cds-YP_009724389.1	GTG	V	GTC	V	1471
NC_045512.2	4678	G	C	36167	16515	45	3	3	34	8.28432e-05	36213	1	FALSE	ORF1ab:cds-YP_009725295.1	GTG	V	GTC	V	1471
NC_045512.2	4678	G	A	36167	16515	45	15	13	38	0.000414216	36213	0.99911	FALSE	ORF1ab:cds-YP_009724389.1	GTG	V	GTA	V	1471
NC_045512.2	4678	G	A	36167	16515	45	15	13	38	0.000414216	36213	0.99911	FALSE	ORF1ab:cds-YP_009725295.1	GTG	V	GTA	V	1471
NC_045512.2	4679	C	T	36148	16833	45	8	8	37	0.000221007	36198	0.999997	FALSE	ORF1ab:cds-YP_009724389.1	CCA	P	TCA	S	1472
NC_045512.2	4679	C	T	36148	16833	45	8	8	37	0.000221007	36198	0.999997	FALSE	ORF1ab:cds-YP_009725295.1	CCA	P	TCA	S	1472
NC_045512.2	4679	C	G	36148	16833	45	37	37	32	0.00102216	36198	0.499433	FALSE	ORF1ab:cds-YP_009724389.1	CCA	P	GCA	A	1472
NC_045512.2	4679	C	G	36148	16833	45	37	37	32	0.00102216	36198	0.499433	FALSE	ORF1ab:cds-YP_009725295.1	CCA	P	GCA	A	1472
NC_045512.2	4679	C	A	36148	16833	45	5	4	32	0.000138129	36198	1	FALSE	ORF1ab:cds-YP_009724389.1	CCA	P	ACA	T	1472
NC_045512.2	4679	C	A	36148	16833	45	5	4	32	0.000138129	36198	1	FALSE	ORF1ab:cds-YP_009725295.1	CCA	P	ACA	T	1472
NC_045512.2	4680	C	T	36676	16943	45	17	16	37	0.000463165	36704	0.997257	FALSE	ORF1ab:cds-YP_009724389.1	CCA	P	CTA	L	1472
NC_045512.2	4680	C	T	36676	16943	45	17	16	37	0.000463165	36704	0.997257	FALSE	ORF1ab:cds-YP_009725295.1	CCA	P	CTA	L	1472
NC_045512.2	4680	C	G	36676	16943	45	7	6	34	0.000190715	36704	0.999999	FALSE	ORF1ab:cds-YP_009724389.1	CCA	P	CGA	R	1472
NC_045512.2	4680	C	G	36676	16943	45	7	6	34	0.000190715	36704	0.999999	FALSE	ORF1ab:cds-YP_009725295.1	CCA	P	CGA	R	1472
NC_045512.2	4680	C	A	36676	16943	45	4	4	34	0.00010898	36704	1	FALSE	ORF1ab:cds-YP_009724389.1	CCA	P	CAA	Q	1472
NC_045512.2	4680	C	A	36676	16943	45	4	4	34	0.00010898	36704	1	FALSE	ORF1ab:cds-YP_009725295.1	CCA	P	CAA	Q	1472
NC_045512.2	4681	A	T	36770	16934	45	6	6	32	0.000162942	36823	1	FALSE	ORF1ab:cds-YP_009724389.1	CCA	P	CCT	P	1472
NC_045512.2	4681	A	T	36770	16934	45	6	6	32	0.000162942	36823	1	FALSE	ORF1ab:cds-YP_009725295.1	CCA	P	CCT	P	1472
NC_045512.2	4681	A	G	36770	16934	45	16	14	34	0.000434511	36823	0.998395	FALSE	ORF1ab:cds-YP_009724389.1	CCA	P	CCG	P	1472
NC_045512.2	4681	A	G	36770	16934	45	16	14	34	0.000434511	36823	0.998395	FALSE	ORF1ab:cds-YP_009725295.1	CCA	P	CCG	P	1472
NC_045512.2	4681	A	C	36770	16934	45	31	28	33	0.000841865	36823	0.767478	FALSE	ORF1ab:cds-YP_009724389.1	CCA	P	CCC	P	1472
NC_045512.2	4681	A	C	36770	16934	45	31	28	33	0.000841865	36823	0.767478	FALSE	ORF1ab:cds-YP_009725295.1	CCA	P	CCC	P	1472
NC_045512.2	4682	G	T	36885	16938	45	8	8	34	0.000216603	36934	0.999997	FALSE	ORF1ab:cds-YP_009724389.1	GCT	A	TCT	S	1473
NC_045512.2	4682	G	T	36885	16938	45	8	8	34	0.000216603	36934	0.999997	FALSE	ORF1ab:cds-YP_009725295.1	GCT	A	TCT	S	1473
NC_045512.2	4682	G	C	36885	16938	45	12	12	33	0.000324904	36934	0.999888	FALSE	ORF1ab:cds-YP_009724389.1	GCT	A	CCT	P	1473
NC_045512.2	4682	G	C	36885	16938	45	12	12	33	0.000324904	36934	0.999888	FALSE	ORF1ab:cds-YP_009725295.1	GCT	A	CCT	P	1473
NC_045512.2	4682	G	A	36885	16938	45	29	29	32	0.000785184	36934	0.839057	FALSE	ORF1ab:cds-YP_009724389.1	GCT	A	ACT	T	1473
NC_045512.2	4682	G	A	36885	16938	45	29	29	32	0.000785184	36934	0.839057	FALSE	ORF1ab:cds-YP_009725295.1	GCT	A	ACT	T	1473
NC_045512.2	4683	C	T	37203	17788	46	5	5	30	0.000134243	37246	1	FALSE	ORF1ab:cds-YP_009724389.1	GCT	A	GTT	V	1473
NC_045512.2	4683	C	T	37203	17788	46	5	5	30	0.000134243	37246	1	FALSE	ORF1ab:cds-YP_009725295.1	GCT	A	GTT	V	1473
NC_045512.2	4683	C	G	37203	17788	46	26	26	32	0.000698062	37246	0.934906	FALSE	ORF1ab:cds-YP_009724389.1	GCT	A	GGT	G	1473
NC_045512.2	4683	C	G	37203	17788	46	26	26	32	0.000698062	37246	0.934906	FALSE	ORF1ab:cds-YP_009725295.1	GCT	A	GGT	G	1473
NC_045512.2	4683	C	A	37203	17788	46	12	12	31	0.000322182	37246	0.999929	FALSE	ORF1ab:cds-YP_009724389.1	GCT	A	GAT	D	1473
NC_045512.2	4683	C	A	37203	17788	46	12	12	31	0.000322182	37246	0.999929	FALSE	ORF1ab:cds-YP_009725295.1	GCT	A	GAT	D	1473
NC_045512.2	4684	T	G	37294	17876	46	7	6	31	0.000187446	37344	1	FALSE	ORF1ab:cds-YP_009724389.1	GCT	A	GCG	A	1473
NC_045512.2	4684	T	G	37294	17876	46	7	6	31	0.000187446	37344	1	FALSE	ORF1ab:cds-YP_009725295.1	GCT	A	GCG	A	1473
NC_045512.2	4684	T	C	37294	17876	46	32	30	34	0.000856898	37344	0.764335	FALSE	ORF1ab:cds-YP_009724389.1	GCT	A	GCC	A	1473
NC_045512.2	4684	T	C	37294	17876	46	32	30	34	0.000856898	37344	0.764335	FALSE	ORF1ab:cds-YP_009725295.1	GCT	A	GCC	A	1473
NC_045512.2	4684	T	A	37294	17876	46	11	11	31	0.000294559	37344	0.999969	FALSE	ORF1ab:cds-YP_009724389.1	GCT	A	GCA	A	1473
NC_045512.2	4684	T	A	37294	17876	46	11	11	31	0.000294559	37344	0.999969	FALSE	ORF1ab:cds-YP_009725295.1	GCT	A	GCA	A	1473
NC_045512.2	4685	A	T	37100	17730	46	32	32	33	0.00086135	37151	0.764298	FALSE	ORF1ab:cds-YP_009724389.1	ACA	T	TCA	S	1474
NC_045512.2	4685	A	T	37100	17730	46	32	32	33	0.00086135	37151	0.764298	FALSE	ORF1ab:cds-YP_009725295.1	ACA	T	TCA	S	1474
NC_045512.2	4685	A	G	37100	17730	46	12	11	33	0.000323006	37151	0.999928	FALSE	ORF1ab:cds-YP_009724389.1	ACA	T	GCA	A	1474
NC_045512.2	4685	A	G	37100	17730	46	12	11	33	0.000323006	37151	0.999928	FALSE	ORF1ab:cds-YP_009725295.1	ACA	T	GCA	A	1474
NC_045512.2	4685	A	C	37100	17730	46	7	7	31	0.00018842	37151	1	FALSE	ORF1ab:cds-YP_009724389.1	ACA	T	CCA	P	1474
NC_045512.2	4685	A	C	37100	17730	46	7	7	31	0.00018842	37151	1	FALSE	ORF1ab:cds-YP_009725295.1	ACA	T	CCA	P	1474
NC_045512.2	4686	C	T	37326	17837	46	9	9	33	0.00024079	37377	0.999995	FALSE	ORF1ab:cds-YP_009724389.1	ACA	T	ATA	I	1474
NC_045512.2	4686	C	T	37326	17837	46	9	9	33	0.00024079	37377	0.999995	FALSE	ORF1ab:cds-YP_009725295.1	ACA	T	ATA	I	1474
NC_045512.2	4686	C	G	37326	17837	46	4	2	32	0.000107018	37377	1	FALSE	ORF1ab:cds-YP_009724389.1	ACA	T	AGA	R	1474
NC_045512.2	4686	C	G	37326	17837	46	4	2	32	0.000107018	37377	1	FALSE	ORF1ab:cds-YP_009725295.1	ACA	T	AGA	R	1474
NC_045512.2	4686	C	A	37326	17837	46	38	31	31	0.00101667	37377	0.499443	FALSE	ORF1ab:cds-YP_009724389.1	ACA	T	AAA	K	1474
NC_045512.2	4686	C	A	37326	17837	46	38	31	31	0.00101667	37377	0.499443	FALSE	ORF1ab:cds-YP_009725295.1	ACA	T	AAA	K	1474
NC_045512.2	4687	A	T	37150	17914	46	14	13	32	0.000376364	37198	0.999687	FALSE	ORF1ab:cds-YP_009724389.1	ACA	T	ACT	T	1474
NC_045512.2	4687	A	T	37150	17914	46	14	13	32	0.000376364	37198	0.999687	FALSE	ORF1ab:cds-YP_009725295.1	ACA	T	ACT	T	1474
NC_045512.2	4687	A	G	37150	17914	46	5	5	42	0.000134416	37198	0.362656	FALSE	ORF1ab:cds-YP_009724389.1	ACA	T	ACG	T	1474
NC_045512.2	4687	A	G	37150	17914	46	5	5	42	0.000134416	37198	0.362656	FALSE	ORF1ab:cds-YP_009725295.1	ACA	T	ACG	T	1474
NC_045512.2	4687	A	C	37150	17914	46	29	29	32	0.000779612	37198	0.865775	FALSE	ORF1ab:cds-YP_009724389.1	ACA	T	ACC	T	1474
NC_045512.2	4687	A	C	37150	17914	46	29	29	32	0.000779612	37198	0.865775	FALSE	ORF1ab:cds-YP_009725295.1	ACA	T	ACC	T	1474
NC_045512.2	4688	G	T	37762	17981	46	10	8	31	0.000264452	37814	0.999987	FALSE	ORF1ab:cds-YP_009724389.1	GTT	V	TTT	F	1475
NC_045512.2	4688	G	T	37762	17981	46	10	8	31	0.000264452	37814	0.999987	FALSE	ORF1ab:cds-YP_009725295.1	GTT	V	TTT	F	1475
NC_045512.2	4688	G	C	37762	17981	46	6	6	32	0.000158671	37814	1	FALSE	ORF1ab:cds-YP_009724389.1	GTT	V	CTT	L	1475
NC_045512.2	4688	G	C	37762	17981	46	6	6	32	0.000158671	37814	1	FALSE	ORF1ab:cds-YP_009725295.1	GTT	V	CTT	L	1475
NC_045512.2	4688	G	A	37762	17981	46	36	36	32	0.000952028	37814	0.591823	FALSE	ORF1ab:cds-YP_009724389.1	GTT	V	ATT	I	1475
NC_045512.2	4688	G	A	37762	17981	46	36	36	32	0.000952028	37814	0.591823	FALSE	ORF1ab:cds-YP_009725295.1	GTT	V	ATT	I	1475
NC_045512.2	4689	T	G	36851	17534	45	28	28	33	0.000758808	36900	0.869425	FALSE	ORF1ab:cds-YP_009724389.1	GTT	V	GGT	G	1475
NC_045512.2	4689	T	G	36851	17534	45	28	28	33	0.000758808	36900	0.869425	FALSE	ORF1ab:cds-YP_009725295.1	GTT	V	GGT	G	1475
NC_045512.2	4689	T	C	36851	17534	45	12	12	33	0.000325203	36900	0.999888	FALSE	ORF1ab:cds-YP_009724389.1	GTT	V	GCT	A	1475
NC_045512.2	4689	T	C	36851	17534	45	12	12	33	0.000325203	36900	0.999888	FALSE	ORF1ab:cds-YP_009725295.1	GTT	V	GCT	A	1475
NC_045512.2	4689	T	A	36851	17534	45	9	8	33	0.000243902	36900	0.999992	FALSE	ORF1ab:cds-YP_009724389.1	GTT	V	GAT	D	1475
NC_045512.2	4689	T	A	36851	17534	45	9	8	33	0.000243902	36900	0.999992	FALSE	ORF1ab:cds-YP_009725295.1	GTT	V	GAT	D	1475
NC_045512.2	4690	T	G	37906	18704	47	8	8	32	0.000210881	37936	0.999998	FALSE	ORF1ab:cds-YP_009724389.1	GTT	V	GTG	V	1475
NC_045512.2	4690	T	G	37906	18704	47	8	8	32	0.000210881	37936	0.999998	FALSE	ORF1ab:cds-YP_009725295.1	GTT	V	GTG	V	1475
NC_045512.2	4690	T	C	37906	18704	47	6	2	47	0.000158161	37936	0.253595	FALSE	ORF1ab:cds-YP_009724389.1	GTT	V	GTC	V	1475
NC_045512.2	4690	T	C	37906	18704	47	6	2	47	0.000158161	37936	0.253595	FALSE	ORF1ab:cds-YP_009725295.1	GTT	V	GTC	V	1475
NC_045512.2	4690	T	A	37906	18704	47	16	16	33	0.000421763	37936	0.998904	FALSE	ORF1ab:cds-YP_009724389.1	GTT	V	GTA	V	1475
NC_045512.2	4690	T	A	37906	18704	47	16	16	33	0.000421763	37936	0.998904	FALSE	ORF1ab:cds-YP_009725295.1	GTT	V	GTA	V	1475
NC_045512.2	4691	T	G	38062	18738	47	13	12	34	0.000341342	38085	0.999901	FALSE	ORF1ab:cds-YP_009724389.1	TCT	S	GCT	A	1476
NC_045512.2	4691	T	G	38062	18738	47	13	12	34	0.000341342	38085	0.999901	FALSE	ORF1ab:cds-YP_009725295.1	TCT	S	GCT	A	1476
NC_045512.2	4691	T	C	38062	18738	47	6	6	37	0.000157542	38085	1	FALSE	ORF1ab:cds-YP_009724389.1	TCT	S	CCT	P	1476
NC_045512.2	4691	T	C	38062	18738	47	6	6	37	0.000157542	38085	1	FALSE	ORF1ab:cds-YP_009725295.1	TCT	S	CCT	P	1476
NC_045512.2	4691	T	A	38062	18738	47	4	4	32	0.000105028	38085	1	FALSE	ORF1ab:cds-YP_009724389.1	TCT	S	ACT	T	1476
NC_045512.2	4691	T	A	38062	18738	47	4	4	32	0.000105028	38085	1	FALSE	ORF1ab:cds-YP_009725295.1	TCT	S	ACT	T	1476
NC_045512.2	4692	C	T	37973	18802	47	38	38	32	0.000999421	38022	0.545178	FALSE	ORF1ab:cds-YP_009724389.1	TCT	S	TTT	F	1476
NC_045512.2	4692	C	T	37973	18802	47	38	38	32	0.000999421	38022	0.545178	FALSE	ORF1ab:cds-YP_009725295.1	TCT	S	TTT	F	1476
NC_045512.2	4692	C	G	37973	18802	47	5	5	34	0.000131503	38022	1	FALSE	ORF1ab:cds-YP_009724389.1	TCT	S	TGT	C	1476
NC_045512.2	4692	C	G	37973	18802	47	5	5	34	0.000131503	38022	1	FALSE	ORF1ab:cds-YP_009725295.1	TCT	S	TGT	C	1476
NC_045512.2	4692	C	A	37973	18802	47	6	5	32	0.000157803	38022	1	FALSE	ORF1ab:cds-YP_009724389.1	TCT	S	TAT	Y	1476
NC_045512.2	4692	C	A	37973	18802	47	6	5	32	0.000157803	38022	1	FALSE	ORF1ab:cds-YP_009725295.1	TCT	S	TAT	Y	1476
NC_045512.2	4693	T	G	38048	18922	47	3	2	45	7.87732e-05	38084	0.655862	FALSE	ORF1ab:cds-YP_009724389.1	TCT	S	TCG	S	1476
NC_045512.2	4693	T	G	38048	18922	47	3	2	45	7.87732e-05	38084	0.655862	FALSE	ORF1ab:cds-YP_009725295.1	TCT	S	TCG	S	1476
NC_045512.2	4693	T	C	38048	18922	47	27	27	33	0.000708959	38084	0.931956	FALSE	ORF1ab:cds-YP_009724389.1	TCT	S	TCC	S	1476
NC_045512.2	4693	T	C	38048	18922	47	27	27	33	0.000708959	38084	0.931956	FALSE	ORF1ab:cds-YP_009725295.1	TCT	S	TCC	S	1476
NC_045512.2	4693	T	A	38048	18922	47	6	6	34	0.000157546	38084	1	FALSE	ORF1ab:cds-YP_009724389.1	TCT	S	TCA	S	1476
NC_045512.2	4693	T	A	38048	18922	47	6	6	34	0.000157546	38084	1	FALSE	ORF1ab:cds-YP_009725295.1	TCT	S	TCA	S	1476
NC_045512.2	4694	G	T	38015	18942	47	38	37	33	0.000998214	38068	0.544996	FALSE	ORF1ab:cds-YP_009724389.1	GTT	V	TTT	F	1477
NC_045512.2	4694	G	T	38015	18942	47	38	37	33	0.000998214	38068	0.544996	FALSE	ORF1ab:cds-YP_009725295.1	GTT	V	TTT	F	1477
NC_045512.2	4694	G	C	38015	18942	47	6	6	32	0.000157613	38068	1	FALSE	ORF1ab:cds-YP_009724389.1	GTT	V	CTT	L	1477
NC_045512.2	4694	G	C	38015	18942	47	6	6	32	0.000157613	38068	1	FALSE	ORF1ab:cds-YP_009725295.1	GTT	V	CTT	L	1477
NC_045512.2	4694	G	A	38015	18942	47	9	9	36	0.000236419	38068	0.999997	FALSE	ORF1ab:cds-YP_009724389.1	GTT	V	ATT	I	1477
NC_045512.2	4694	G	A	38015	18942	47	9	9	36	0.000236419	38068	0.999997	FALSE	ORF1ab:cds-YP_009725295.1	GTT	V	ATT	I	1477
NC_045512.2	4694	G	-T	38015	18942	47	1	0	20	2.62688e-05	38068	1	FALSE	NA	NA	NA	NA	NA	NA
NC_045512.2	4695	T	G	37970	19495	47	31	30	33	0.000815253	38025	0.831671	FALSE	ORF1ab:cds-YP_009724389.1	GTT	V	GGT	G	1477
NC_045512.2	4695	T	G	37970	19495	47	31	30	33	0.000815253	38025	0.831671	FALSE	ORF1ab:cds-YP_009725295.1	GTT	V	GGT	G	1477
NC_045512.2	4695	T	C	37970	19495	47	14	12	41	0.000368179	38025	0.00631909	TRUE	ORF1ab:cds-YP_009724389.1	GTT	V	GCT	A	1477
NC_045512.2	4695	T	C	37970	19495	47	14	12	41	0.000368179	38025	0.00631909	TRUE	ORF1ab:cds-YP_009725295.1	GTT	V	GCT	A	1477
NC_045512.2	4695	T	A	37970	19495	47	10	10	34	0.000262985	38025	0.999992	FALSE	ORF1ab:cds-YP_009724389.1	GTT	V	GAT	D	1477
NC_045512.2	4695	T	A	37970	19495	47	10	10	34	0.000262985	38025	0.999992	FALSE	ORF1ab:cds-YP_009725295.1	GTT	V	GAT	D	1477
NC_045512.2	4696	T	G	38818	19730	48	9	9	33	0.000231738	38837	0.999997	FALSE	ORF1ab:cds-YP_009724389.1	GTT	V	GTG	V	1477
NC_045512.2	4696	T	G	38818	19730	48	9	9	33	0.000231738	38837	0.999997	FALSE	ORF1ab:cds-YP_009725295.1	GTT	V	GTG	V	1477
NC_045512.2	4696	T	C	38818	19730	48	6	4	31	0.000154492	38837	1	FALSE	ORF1ab:cds-YP_009724389.1	GTT	V	GTC	V	1477
NC_045512.2	4696	T	C	38818	19730	48	6	4	31	0.000154492	38837	1	FALSE	ORF1ab:cds-YP_009725295.1	GTT	V	GTC	V	1477
NC_045512.2	4696	T	A	38818	19730	48	4	4	34	0.000102995	38837	1	FALSE	ORF1ab:cds-YP_009724389.1	GTT	V	GTA	V	1477
NC_045512.2	4696	T	A	38818	19730	48	4	4	34	0.000102995	38837	1	FALSE	ORF1ab:cds-YP_009725295.1	GTT	V	GTA	V	1477
NC_045512.2	4697	T	G	38035	18873	46	9	8	34	0.000236494	38056	0.999997	FALSE	ORF1ab:cds-YP_009724389.1	TCT	S	GCT	A	1478
NC_045512.2	4697	T	G	38035	18873	46	9	8	34	0.000236494	38056	0.999997	FALSE	ORF1ab:cds-YP_009725295.1	TCT	S	GCT	A	1478
NC_045512.2	4697	T	C	38035	18873	46	3	2	38	7.88312e-05	38056	1	FALSE	ORF1ab:cds-YP_009724389.1	TCT	S	CCT	P	1478
NC_045512.2	4697	T	C	38035	18873	46	3	2	38	7.88312e-05	38056	1	FALSE	ORF1ab:cds-YP_009725295.1	TCT	S	CCT	P	1478
NC_045512.2	4697	T	A	38035	18873	46	9	9	33	0.000236494	38056	0.999997	FALSE	ORF1ab:cds-YP_009724389.1	TCT	S	ACT	T	1478
NC_045512.2	4697	T	A	38035	18873	46	9	9	33	0.000236494	38056	0.999997	FALSE	ORF1ab:cds-YP_009725295.1	TCT	S	ACT	T	1478
NC_045512.2	4698	C	T	38852	19752	48	40	40	32	0.00102825	38901	0.454589	FALSE	ORF1ab:cds-YP_009724389.1	TCT	S	TTT	F	1478
NC_045512.2	4698	C	T	38852	19752	48	40	40	32	0.00102825	38901	0.454589	FALSE	ORF1ab:cds-YP_009725295.1	TCT	S	TTT	F	1478
NC_045512.2	4698	C	G	38852	19752	48	5	5	32	0.000128531	38901	1	FALSE	ORF1ab:cds-YP_009724389.1	TCT	S	TGT	C	1478
NC_045512.2	4698	C	G	38852	19752	48	5	5	32	0.000128531	38901	1	FALSE	ORF1ab:cds-YP_009725295.1	TCT	S	TGT	C	1478
NC_045512.2	4698	C	A	38852	19752	48	4	3	32	0.000102825	38901	1	FALSE	ORF1ab:cds-YP_009724389.1	TCT	S	TAT	Y	1478
NC_045512.2	4698	C	A	38852	19752	48	4	3	32	0.000102825	38901	1	FALSE	ORF1ab:cds-YP_009725295.1	TCT	S	TAT	Y	1478
NC_045512.2	4699	T	G	38796	19669	47	11	9	29	0.000283199	38842	1	FALSE	ORF1ab:cds-YP_009724389.1	TCT	S	TCG	S	1478
NC_045512.2	4699	T	G	38796	19669	47	11	9	29	0.000283199	38842	1	FALSE	ORF1ab:cds-YP_009725295.1	TCT	S	TCG	S	1478
NC_045512.2	4699	T	C	38796	19669	47	32	32	33	0.00082385	38842	0.79823	FALSE	ORF1ab:cds-YP_009724389.1	TCT	S	TCC	S	1478
NC_045512.2	4699	T	C	38796	19669	47	32	32	33	0.00082385	38842	0.79823	FALSE	ORF1ab:cds-YP_009725295.1	TCT	S	TCC	S	1478
NC_045512.2	4699	T	A	38796	19669	47	3	3	34	7.7236e-05	38842	1	FALSE	ORF1ab:cds-YP_009724389.1	TCT	S	TCA	S	1478
NC_045512.2	4699	T	A	38796	19669	47	3	3	34	7.7236e-05	38842	1	FALSE	ORF1ab:cds-YP_009725295.1	TCT	S	TCA	S	1478
NC_045512.2	4699	T	+G	38796	19669	47	1	0	20	2.57453e-05	38842	1	FALSE	NA	NA	NA	NA	NA	NA
NC_045512.2	4700	T	G	38946	19903	48	5	4	32	0.000128333	38961	1	FALSE	ORF1ab:cds-YP_009724389.1	TCA	S	GCA	A	1479
NC_045512.2	4700	T	G	38946	19903	48	5	4	32	0.000128333	38961	1	FALSE	ORF1ab:cds-YP_009725295.1	TCA	S	GCA	A	1479
NC_045512.2	4700	T	C	38946	19903	48	7	6	32	0.000179667	38961	1	FALSE	ORF1ab:cds-YP_009724389.1	TCA	S	CCA	P	1479
NC_045512.2	4700	T	C	38946	19903	48	7	6	32	0.000179667	38961	1	FALSE	ORF1ab:cds-YP_009725295.1	TCA	S	CCA	P	1479
NC_045512.2	4700	T	A	38946	19903	48	3	3	34	7.70001e-05	38961	1	FALSE	ORF1ab:cds-YP_009724389.1	TCA	S	ACA	T	1479
NC_045512.2	4700	T	A	38946	19903	48	3	3	34	7.70001e-05	38961	1	FALSE	ORF1ab:cds-YP_009725295.1	TCA	S	ACA	T	1479
NC_045512.2	4701	C	T	38816	19903	47	36	36	33	0.000926212	38868	0.635663	FALSE	ORF1ab:cds-YP_009724389.1	TCA	S	TTA	L	1479
NC_045512.2	4701	C	T	38816	19903	47	36	36	33	0.000926212	38868	0.635663	FALSE	ORF1ab:cds-YP_009725295.1	TCA	S	TTA	L	1479
NC_045512.2	4701	C	G	38816	19903	47	7	6	34	0.000180097	38868	1	FALSE	ORF1ab:cds-YP_009724389.1	TCA	S	TGA	*	1479
NC_045512.2	4701	C	G	38816	19903	47	7	6	34	0.000180097	38868	1	FALSE	ORF1ab:cds-YP_009725295.1	TCA	S	TGA	*	1479
NC_045512.2	4701	C	A	38816	19903	47	9	8	33	0.000231553	38868	0.999997	FALSE	ORF1ab:cds-YP_009724389.1	TCA	S	TAA	*	1479
NC_045512.2	4701	C	A	38816	19903	47	9	8	33	0.000231553	38868	0.999997	FALSE	ORF1ab:cds-YP_009725295.1	TCA	S	TAA	*	1479
NC_045512.2	4702	A	T	39130	19974	47	16	15	32	0.00040833	39184	0.999488	FALSE	ORF1ab:cds-YP_009724389.1	TCA	S	TCT	S	1479
NC_045512.2	4702	A	T	39130	19974	47	16	15	32	0.00040833	39184	0.999488	FALSE	ORF1ab:cds-YP_009725295.1	TCA	S	TCT	S	1479
NC_045512.2	4702	A	G	39130	19974	47	10	9	31	0.000255206	39184	0.999995	FALSE	ORF1ab:cds-YP_009724389.1	TCA	S	TCG	S	1479
NC_045512.2	4702	A	G	39130	19974	47	10	9	31	0.000255206	39184	0.999995	FALSE	ORF1ab:cds-YP_009725295.1	TCA	S	TCG	S	1479
NC_045512.2	4702	A	C	39130	19974	47	28	28	32	0.000714577	39184	0.928694	FALSE	ORF1ab:cds-YP_009724389.1	TCA	S	TCC	S	1479
NC_045512.2	4702	A	C	39130	19974	47	28	28	32	0.000714577	39184	0.928694	FALSE	ORF1ab:cds-YP_009725295.1	TCA	S	TCC	S	1479
NC_045512.2	4702	A	+C	39130	19974	47	1	0	20	2.55206e-05	39184	1	FALSE	NA	NA	NA	NA	NA	NA
NC_045512.2	4703	C	T	39539	20126	47	10	10	33	0.000252595	39589	0.999995	FALSE	ORF1ab:cds-YP_009724389.1	CCT	P	TCT	S	1480
NC_045512.2	4703	C	T	39539	20126	47	10	10	33	0.000252595	39589	0.999995	FALSE	ORF1ab:cds-YP_009725295.1	CCT	P	TCT	S	1480
NC_045512.2	4703	C	G	39539	20126	47	3	2	45	7.57786e-05	39589	0.655711	FALSE	ORF1ab:cds-YP_009724389.1	CCT	P	GCT	A	1480
NC_045512.2	4703	C	G	39539	20126	47	3	2	45	7.57786e-05	39589	0.655711	FALSE	ORF1ab:cds-YP_009725295.1	CCT	P	GCT	A	1480
NC_045512.2	4703	C	A	39539	20126	47	37	36	32	0.000934603	39589	0.634059	FALSE	ORF1ab:cds-YP_009724389.1	CCT	P	ACT	T	1480
NC_045512.2	4703	C	A	39539	20126	47	37	36	32	0.000934603	39589	0.634059	FALSE	ORF1ab:cds-YP_009725295.1	CCT	P	ACT	T	1480
NC_045512.2	4704	C	T	39570	20613	47	8	8	33	0.00020202	39600	0.999999	FALSE	ORF1ab:cds-YP_009724389.1	CCT	P	CTT	L	1480
NC_045512.2	4704	C	T	39570	20613	47	8	8	33	0.00020202	39600	0.999999	FALSE	ORF1ab:cds-YP_009725295.1	CCT	P	CTT	L	1480
NC_045512.2	4704	C	G	39570	20613	47	11	4	29	0.000277778	39600	1	FALSE	ORF1ab:cds-YP_009724389.1	CCT	P	CGT	R	1480
NC_045512.2	4704	C	G	39570	20613	47	11	4	29	0.000277778	39600	1	FALSE	ORF1ab:cds-YP_009725295.1	CCT	P	CGT	R	1480
NC_045512.2	4704	C	A	39570	20613	47	11	11	31	0.000277778	39600	0.999988	FALSE	ORF1ab:cds-YP_009724389.1	CCT	P	CAT	H	1480
NC_045512.2	4704	C	A	39570	20613	47	11	11	31	0.000277778	39600	0.999988	FALSE	ORF1ab:cds-YP_009725295.1	CCT	P	CAT	H	1480
NC_045512.2	4705	T	G	39014	20102	47	5	5	32	0.000127985	39067	1	FALSE	ORF1ab:cds-YP_009724389.1	CCT	P	CCG	P	1480
NC_045512.2	4705	T	G	39014	20102	47	5	5	32	0.000127985	39067	1	FALSE	ORF1ab:cds-YP_009725295.1	CCT	P	CCG	P	1480
NC_045512.2	4705	T	C	39014	20102	47	36	34	35	0.000921494	39067	0.677209	FALSE	ORF1ab:cds-YP_009724389.1	CCT	P	CCC	P	1480
NC_045512.2	4705	T	C	39014	20102	47	36	34	35	0.000921494	39067	0.677209	FALSE	ORF1ab:cds-YP_009725295.1	CCT	P	CCC	P	1480
NC_045512.2	4705	T	A	39014	20102	47	12	12	32	0.000307165	39067	0.999971	FALSE	ORF1ab:cds-YP_009724389.1	CCT	P	CCA	P	1480
NC_045512.2	4705	T	A	39014	20102	47	12	12	32	0.000307165	39067	0.999971	FALSE	ORF1ab:cds-YP_009725295.1	CCT	P	CCA	P	1480
NC_045512.2	4706	G	T	39083	20135	47	36	36	32	0.000919658	39145	0.676851	FALSE	ORF1ab:cds-YP_009724389.1	GAT	D	TAT	Y	1481
NC_045512.2	4706	G	T	39083	20135	47	36	36	32	0.000919658	39145	0.676851	FALSE	ORF1ab:cds-YP_009725295.1	GAT	D	TAT	Y	1481
NC_045512.2	4706	G	C	39083	20135	47	16	16	32	0.000408737	39145	0.999486	FALSE	ORF1ab:cds-YP_009724389.1	GAT	D	CAT	H	1481
NC_045512.2	4706	G	C	39083	20135	47	16	16	32	0.000408737	39145	0.999486	FALSE	ORF1ab:cds-YP_009725295.1	GAT	D	CAT	H	1481
NC_045512.2	4706	G	A	39083	20135	47	10	9	37	0.00025546	39145	0.999995	FALSE	ORF1ab:cds-YP_009724389.1	GAT	D	AAT	N	1481
NC_045512.2	4706	G	A	39083	20135	47	10	9	37	0.00025546	39145	0.999995	FALSE	ORF1ab:cds-YP_009725295.1	GAT	D	AAT	N	1481
NC_045512.2	4707	A	T	39143	20100	47	9	9	32	0.000229621	39195	0.999998	FALSE	ORF1ab:cds-YP_009724389.1	GAT	D	GTT	V	1481
NC_045512.2	4707	A	T	39143	20100	47	9	9	32	0.000229621	39195	0.999998	FALSE	ORF1ab:cds-YP_009725295.1	GAT	D	GTT	V	1481
NC_045512.2	4707	A	G	39143	20100	47	32	30	33	0.000816431	39195	0.828353	FALSE	ORF1ab:cds-YP_009724389.1	GAT	D	GGT	G	1481
NC_045512.2	4707	A	G	39143	20100	47	32	30	33	0.000816431	39195	0.828353	FALSE	ORF1ab:cds-YP_009725295.1	GAT	D	GGT	G	1481
NC_045512.2	4707	A	C	39143	20100	47	11	10	31	0.000280648	39195	0.999988	FALSE	ORF1ab:cds-YP_009724389.1	GAT	D	GCT	A	1481
NC_045512.2	4707	A	C	39143	20100	47	11	10	31	0.000280648	39195	0.999988	FALSE	ORF1ab:cds-YP_009725295.1	GAT	D	GCT	A	1481
NC_045512.2	4708	T	G	39438	20211	47	10	9	34	0.000253222	39491	0.999995	FALSE	ORF1ab:cds-YP_009724389.1	GAT	D	GAG	E	1481
NC_045512.2	4708	T	G	39438	20211	47	10	9	34	0.000253222	39491	0.999995	FALSE	ORF1ab:cds-YP_009725295.1	GAT	D	GAG	E	1481
NC_045512.2	4708	T	C	39438	20211	47	8	6	30	0.000202578	39491	0.999999	FALSE	ORF1ab:cds-YP_009724389.1	GAT	D	GAC	D	1481
NC_045512.2	4708	T	C	39438	20211	47	8	6	30	0.000202578	39491	0.999999	FALSE	ORF1ab:cds-YP_009725295.1	GAT	D	GAC	D	1481
NC_045512.2	4708	T	A	39438	20211	47	35	35	33	0.000886278	39491	0.718775	FALSE	ORF1ab:cds-YP_009724389.1	GAT	D	GAA	E	1481
NC_045512.2	4708	T	A	39438	20211	47	35	35	33	0.000886278	39491	0.718775	FALSE	ORF1ab:cds-YP_009725295.1	GAT	D	GAA	E	1481
NC_045512.2	4709	G	T	39348	20174	47	38	37	32	0.000964443	39401	0.589489	FALSE	ORF1ab:cds-YP_009724389.1	GCT	A	TCT	S	1482
NC_045512.2	4709	G	T	39348	20174	47	38	37	32	0.000964443	39401	0.589489	FALSE	ORF1ab:cds-YP_009725295.1	GCT	A	TCT	S	1482
NC_045512.2	4709	G	C	39348	20174	47	8	7	33	0.000203041	39401	0.999999	FALSE	ORF1ab:cds-YP_009724389.1	GCT	A	CCT	P	1482
NC_045512.2	4709	G	C	39348	20174	47	8	7	33	0.000203041	39401	0.999999	FALSE	ORF1ab:cds-YP_009725295.1	GCT	A	CCT	P	1482
NC_045512.2	4709	G	A	39348	20174	47	7	7	32	0.00017766	39401	1	FALSE	ORF1ab:cds-YP_009724389.1	GCT	A	ACT	T	1482
NC_045512.2	4709	G	A	39348	20174	47	7	7	32	0.00017766	39401	1	FALSE	ORF1ab:cds-YP_009725295.1	GCT	A	ACT	T	1482
NC_045512.2	4710	C	T	41384	20583	47	16	14	39	0.000386054	41445	0.999768	FALSE	ORF1ab:cds-YP_009724389.1	GCT	A	GTT	V	1482
NC_045512.2	4710	C	T	41384	20583	47	16	14	39	0.000386054	41445	0.999768	FALSE	ORF1ab:cds-YP_009725295.1	GCT	A	GTT	V	1482
NC_045512.2	4710	C	G	41384	20583	47	32	32	32	0.000772108	41445	0.878699	FALSE	ORF1ab:cds-YP_009724389.1	GCT	A	GGT	G	1482
NC_045512.2	4710	C	G	41384	20583	47	32	32	32	0.000772108	41445	0.878699	FALSE	ORF1ab:cds-YP_009725295.1	GCT	A	GGT	G	1482
NC_045512.2	4710	C	A	41384	20583	47	13	13	31	0.000313669	41445	0.999974	FALSE	ORF1ab:cds-YP_009724389.1	GCT	A	GAT	D	1482
NC_045512.2	4710	C	A	41384	20583	47	13	13	31	0.000313669	41445	0.999974	FALSE	ORF1ab:cds-YP_009725295.1	GCT	A	GAT	D	1482
NC_045512.2	4711	T	G	40617	19736	46	12	11	32	0.000295094	40665	0.999982	FALSE	ORF1ab:cds-YP_009724389.1	GCT	A	GCG	A	1482
NC_045512.2	4711	T	G	40617	19736	46	12	11	32	0.000295094	40665	0.999982	FALSE	ORF1ab:cds-YP_009725295.1	GCT	A	GCG	A	1482
NC_045512.2	4711	T	C	40617	19736	46	31	30	33	0.000762326	40665	0.882226	FALSE	ORF1ab:cds-YP_009724389.1	GCT	A	GCC	A	1482
NC_045512.2	4711	T	C	40617	19736	46	31	30	33	0.000762326	40665	0.882226	FALSE	ORF1ab:cds-YP_009725295.1	GCT	A	GCC	A	1482
NC_045512.2	4711	T	A	40617	19736	46	5	4	30	0.000122956	40665	1	FALSE	ORF1ab:cds-YP_009724389.1	GCT	A	GCA	A	1482
NC_045512.2	4711	T	A	40617	19736	46	5	4	30	0.000122956	40665	1	FALSE	ORF1ab:cds-YP_009725295.1	GCT	A	GCA	A	1482
NC_045512.2	4712	G	T	41241	20031	47	25	25	33	0.000605503	41288	0.982155	FALSE	ORF1ab:cds-YP_009724389.1	GTT	V	TTT	F	1483
NC_045512.2	4712	G	T	41241	20031	47	25	25	33	0.000605503	41288	0.982155	FALSE	ORF1ab:cds-YP_009725295.1	GTT	V	TTT	F	1483
NC_045512.2	4712	G	C	41241	20031	47	12	12	33	0.000290641	41288	0.999989	FALSE	ORF1ab:cds-YP_009724389.1	GTT	V	CTT	L	1483
NC_045512.2	4712	G	C	41241	20031	47	12	12	33	0.000290641	41288	0.999989	FALSE	ORF1ab:cds-YP_009725295.1	GTT	V	CTT	L	1483
NC_045512.2	4712	G	A	41241	20031	47	10	10	36	0.000242201	41288	0.999998	FALSE	ORF1ab:cds-YP_009724389.1	GTT	V	ATT	I	1483
NC_045512.2	4712	G	A	41241	20031	47	10	10	36	0.000242201	41288	0.999998	FALSE	ORF1ab:cds-YP_009725295.1	GTT	V	ATT	I	1483
NC_045512.2	4713	T	G	41233	20084	47	28	28	33	0.000678311	41279	0.95431	FALSE	ORF1ab:cds-YP_009724389.1	GTT	V	GGT	G	1483
NC_045512.2	4713	T	G	41233	20084	47	28	28	33	0.000678311	41279	0.95431	FALSE	ORF1ab:cds-YP_009725295.1	GTT	V	GGT	G	1483
NC_045512.2	4713	T	C	41233	20084	47	10	10	33	0.000242254	41279	0.999998	FALSE	ORF1ab:cds-YP_009724389.1	GTT	V	GCT	A	1483
NC_045512.2	4713	T	C	41233	20084	47	10	10	33	0.000242254	41279	0.999998	FALSE	ORF1ab:cds-YP_009725295.1	GTT	V	GCT	A	1483
NC_045512.2	4713	T	A	41233	20084	47	8	7	34	0.000193803	41279	1	FALSE	ORF1ab:cds-YP_009724389.1	GTT	V	GAT	D	1483
NC_045512.2	4713	T	A	41233	20084	47	8	7	34	0.000193803	41279	1	FALSE	ORF1ab:cds-YP_009725295.1	GTT	V	GAT	D	1483
NC_045512.2	4714	T	G	41385	20440	47	14	14	31	0.000338009	41419	0.999943	FALSE	ORF1ab:cds-YP_009724389.1	GTT	V	GTG	V	1483
NC_045512.2	4714	T	G	41385	20440	47	14	14	31	0.000338009	41419	0.999943	FALSE	ORF1ab:cds-YP_009725295.1	GTT	V	GTG	V	1483
NC_045512.2	4714	T	C	41385	20440	47	15	13	32	0.000362153	41419	0.999883	FALSE	ORF1ab:cds-YP_009724389.1	GTT	V	GTC	V	1483
NC_045512.2	4714	T	C	41385	20440	47	15	13	32	0.000362153	41419	0.999883	FALSE	ORF1ab:cds-YP_009725295.1	GTT	V	GTC	V	1483
NC_045512.2	4714	T	A	41385	20440	47	5	5	32	0.000120718	41419	1	FALSE	ORF1ab:cds-YP_009724389.1	GTT	V	GTA	V	1483
NC_045512.2	4714	T	A	41385	20440	47	5	5	32	0.000120718	41419	1	FALSE	ORF1ab:cds-YP_009725295.1	GTT	V	GTA	V	1483
NC_045512.2	4715	A	T	40894	20122	47	40	40	32	0.000976682	40955	0.543616	FALSE	ORF1ab:cds-YP_009724389.1	ACA	T	TCA	S	1484
NC_045512.2	4715	A	T	40894	20122	47	40	40	32	0.000976682	40955	0.543616	FALSE	ORF1ab:cds-YP_009725295.1	ACA	T	TCA	S	1484
NC_045512.2	4715	A	G	40894	20122	47	16	15	31	0.000390673	40955	0.999654	FALSE	ORF1ab:cds-YP_009724389.1	ACA	T	GCA	A	1484
NC_045512.2	4715	A	G	40894	20122	47	16	15	31	0.000390673	40955	0.999654	FALSE	ORF1ab:cds-YP_009725295.1	ACA	T	GCA	A	1484
NC_045512.2	4715	A	C	40894	20122	47	5	5	32	0.000122085	40955	1	FALSE	ORF1ab:cds-YP_009724389.1	ACA	T	CCA	P	1484
NC_045512.2	4715	A	C	40894	20122	47	5	5	32	0.000122085	40955	1	FALSE	ORF1ab:cds-YP_009725295.1	ACA	T	CCA	P	1484
NC_045512.2	4716	C	T	41014	20640	46	25	23	32	0.000608569	41080	0.982072	FALSE	ORF1ab:cds-YP_009724389.1	ACA	T	ATA	I	1484
NC_045512.2	4716	C	T	41014	20640	46	25	23	32	0.000608569	41080	0.982072	FALSE	ORF1ab:cds-YP_009725295.1	ACA	T	ATA	I	1484
NC_045512.2	4716	C	G	41014	20640	46	10	9	32	0.000243427	41080	0.999998	FALSE	ORF1ab:cds-YP_009724389.1	ACA	T	AGA	R	1484
NC_045512.2	4716	C	G	41014	20640	46	10	9	32	0.000243427	41080	0.999998	FALSE	ORF1ab:cds-YP_009725295.1	ACA	T	AGA	R	1484
NC_045512.2	4716	C	A	41014	20640	46	31	31	32	0.000754625	41080	0.902239	FALSE	ORF1ab:cds-YP_009724389.1	ACA	T	AAA	K	1484
NC_045512.2	4716	C	A	41014	20640	46	31	31	32	0.000754625	41080	0.902239	FALSE	ORF1ab:cds-YP_009725295.1	ACA	T	AAA	K	1484
NC_045512.2	4717	A	T	40332	20474	46	11	11	33	0.000272351	40389	0.999993	FALSE	ORF1ab:cds-YP_009724389.1	ACA	T	ACT	T	1484
NC_045512.2	4717	A	T	40332	20474	46	11	11	33	0.000272351	40389	0.999993	FALSE	ORF1ab:cds-YP_009725295.1	ACA	T	ACT	T	1484
NC_045512.2	4717	A	G	40332	20474	46	15	13	41	0.000371388	40389	0.0095424	TRUE	ORF1ab:cds-YP_009724389.1	ACA	T	ACG	T	1484
NC_045512.2	4717	A	G	40332	20474	46	15	13	41	0.000371388	40389	0.0095424	TRUE	ORF1ab:cds-YP_009725295.1	ACA	T	ACG	T	1484
NC_045512.2	4717	A	C	40332	20474	46	31	31	32	0.000767536	40389	0.882038	FALSE	ORF1ab:cds-YP_009724389.1	ACA	T	ACC	T	1484
NC_045512.2	4717	A	C	40332	20474	46	31	31	32	0.000767536	40389	0.882038	FALSE	ORF1ab:cds-YP_009725295.1	ACA	T	ACC	T	1484
NC_045512.2	4718	G	T	41981	20879	46	6	5	31	0.000142725	42039	1	FALSE	ORF1ab:cds-YP_009724389.1	GCG	A	TCG	S	1485
NC_045512.2	4718	G	T	41981	20879	46	6	5	31	0.000142725	42039	1	FALSE	ORF1ab:cds-YP_009725295.1	GCG	A	TCG	S	1485
NC_045512.2	4718	G	C	41981	20879	46	12	12	32	0.000285449	42039	0.999993	FALSE	ORF1ab:cds-YP_009724389.1	GCG	A	CCG	P	1485
NC_045512.2	4718	G	C	41981	20879	46	12	12	32	0.000285449	42039	0.999993	FALSE	ORF1ab:cds-YP_009725295.1	GCG	A	CCG	P	1485
NC_045512.2	4718	G	A	41981	20879	46	40	39	33	0.000951497	42039	0.629041	FALSE	ORF1ab:cds-YP_009724389.1	GCG	A	ACG	T	1485
NC_045512.2	4718	G	A	41981	20879	46	40	39	33	0.000951497	42039	0.629041	FALSE	ORF1ab:cds-YP_009725295.1	GCG	A	ACG	T	1485
NC_045512.2	4719	C	T	40027	19603	46	8	8	34	0.000199606	40079	1	FALSE	ORF1ab:cds-YP_009724389.1	GCG	A	GTG	V	1485
NC_045512.2	4719	C	T	40027	19603	46	8	8	34	0.000199606	40079	1	FALSE	ORF1ab:cds-YP_009725295.1	GCG	A	GTG	V	1485
NC_045512.2	4719	C	G	40027	19603	46	26	26	32	0.000648719	40079	0.967864	FALSE	ORF1ab:cds-YP_009724389.1	GCG	A	GGG	G	1485
NC_045512.2	4719	C	G	40027	19603	46	26	26	32	0.000648719	40079	0.967864	FALSE	ORF1ab:cds-YP_009725295.1	GCG	A	GGG	G	1485
NC_045512.2	4719	C	A	40027	19603	46	18	15	33	0.000449113	40079	0.998876	FALSE	ORF1ab:cds-YP_009724389.1	GCG	A	GAG	E	1485
NC_045512.2	4719	C	A	40027	19603	46	18	15	33	0.000449113	40079	0.998876	FALSE	ORF1ab:cds-YP_009725295.1	GCG	A	GAG	E	1485
NC_045512.2	4720	G	T	44108	20263	46	2	2	34	4.52981e-05	44152	1	FALSE	ORF1ab:cds-YP_009724389.1	GCG	A	GCT	A	1485
NC_045512.2	4720	G	T	44108	20263	46	2	2	34	4.52981e-05	44152	1	FALSE	ORF1ab:cds-YP_009725295.1	GCG	A	GCT	A	1485
NC_045512.2	4720	G	C	44108	20263	46	26	26	32	0.000588875	44152	0.988748	FALSE	ORF1ab:cds-YP_009724389.1	GCG	A	GCC	A	1485
NC_045512.2	4720	G	C	44108	20263	46	26	26	32	0.000588875	44152	0.988748	FALSE	ORF1ab:cds-YP_009725295.1	GCG	A	GCC	A	1485
NC_045512.2	4720	G	A	44108	20263	46	16	14	36	0.000362384	44152	0.999932	FALSE	ORF1ab:cds-YP_009724389.1	GCG	A	GCA	A	1485
NC_045512.2	4720	G	A	44108	20263	46	16	14	36	0.000362384	44152	0.999932	FALSE	ORF1ab:cds-YP_009725295.1	GCG	A	GCA	A	1485
NC_045512.2	4721	T	G	43755	19963	46	39	36	32	0.000890228	43809	0.709034	FALSE	ORF1ab:cds-YP_009724389.1	TAT	Y	GAT	D	1486
NC_045512.2	4721	T	G	43755	19963	46	39	36	32	0.000890228	43809	0.709034	FALSE	ORF1ab:cds-YP_009725295.1	TAT	Y	GAT	D	1486
NC_045512.2	4721	T	C	43755	19963	46	12	11	34	0.000273916	43809	0.999996	FALSE	ORF1ab:cds-YP_009724389.1	TAT	Y	CAT	H	1486
NC_045512.2	4721	T	C	43755	19963	46	12	11	34	0.000273916	43809	0.999996	FALSE	ORF1ab:cds-YP_009725295.1	TAT	Y	CAT	H	1486
NC_045512.2	4721	T	A	43755	19963	46	3	3	31	6.84791e-05	43809	1	FALSE	ORF1ab:cds-YP_009724389.1	TAT	Y	AAT	N	1486
NC_045512.2	4721	T	A	43755	19963	46	3	3	31	6.84791e-05	43809	1	FALSE	ORF1ab:cds-YP_009725295.1	TAT	Y	AAT	N	1486
NC_045512.2	4722	A	T	43365	19906	46	31	31	33	0.000713858	43426	0.934627	FALSE	ORF1ab:cds-YP_009724389.1	TAT	Y	TTT	F	1486
NC_045512.2	4722	A	T	43365	19906	46	31	31	33	0.000713858	43426	0.934627	FALSE	ORF1ab:cds-YP_009725295.1	TAT	Y	TTT	F	1486
NC_045512.2	4722	A	G	43365	19906	46	17	15	36	0.000391471	43426	0.999801	FALSE	ORF1ab:cds-YP_009724389.1	TAT	Y	TGT	C	1486
NC_045512.2	4722	A	G	43365	19906	46	17	15	36	0.000391471	43426	0.999801	FALSE	ORF1ab:cds-YP_009725295.1	TAT	Y	TGT	C	1486
NC_045512.2	4722	A	C	43365	19906	46	13	12	31	0.00029936	43426	0.999989	FALSE	ORF1ab:cds-YP_009724389.1	TAT	Y	TCT	S	1486
NC_045512.2	4722	A	C	43365	19906	46	13	12	31	0.00029936	43426	0.999989	FALSE	ORF1ab:cds-YP_009725295.1	TAT	Y	TCT	S	1486
NC_045512.2	4723	T	G	43740	19986	46	11	10	34	0.000251233	43784	0.999998	FALSE	ORF1ab:cds-YP_009724389.1	TAT	Y	TAG	*	1486
NC_045512.2	4723	T	G	43740	19986	46	11	10	34	0.000251233	43784	0.999998	FALSE	ORF1ab:cds-YP_009725295.1	TAT	Y	TAG	*	1486
NC_045512.2	4723	T	C	43740	19986	46	5	4	40	0.000114197	43784	0.499466	FALSE	ORF1ab:cds-YP_009724389.1	TAT	Y	TAC	Y	1486
NC_045512.2	4723	T	C	43740	19986	46	5	4	40	0.000114197	43784	0.499466	FALSE	ORF1ab:cds-YP_009725295.1	TAT	Y	TAC	Y	1486
NC_045512.2	4723	T	A	43740	19986	46	28	28	31	0.000639503	43784	0.971549	FALSE	ORF1ab:cds-YP_009724389.1	TAT	Y	TAA	*	1486
NC_045512.2	4723	T	A	43740	19986	46	28	28	31	0.000639503	43784	0.971549	FALSE	ORF1ab:cds-YP_009725295.1	TAT	Y	TAA	*	1486
NC_045512.2	4724	A	T	43689	20237	46	33	33	33	0.000754579	43733	0.896551	FALSE	ORF1ab:cds-YP_009724389.1	AAT	N	TAT	Y	1487
NC_045512.2	4724	A	T	43689	20237	46	33	33	33	0.000754579	43733	0.896551	FALSE	ORF1ab:cds-YP_009725295.1	AAT	N	TAT	Y	1487
NC_045512.2	4724	A	G	43689	20237	46	5	5	32	0.00011433	43733	1	FALSE	ORF1ab:cds-YP_009724389.1	AAT	N	GAT	D	1487
NC_045512.2	4724	A	G	43689	20237	46	5	5	32	0.00011433	43733	1	FALSE	ORF1ab:cds-YP_009725295.1	AAT	N	GAT	D	1487
NC_045512.2	4724	A	C	43689	20237	46	6	6	34	0.000137196	43733	1	FALSE	ORF1ab:cds-YP_009724389.1	AAT	N	CAT	H	1487
NC_045512.2	4724	A	C	43689	20237	46	6	6	34	0.000137196	43733	1	FALSE	ORF1ab:cds-YP_009725295.1	AAT	N	CAT	H	1487
NC_045512.2	4725	A	T	43810	20555	46	14	13	30	0.000319343	43840	0.999976	FALSE	ORF1ab:cds-YP_009724389.1	AAT	N	ATT	I	1487
NC_045512.2	4725	A	T	43810	20555	46	14	13	30	0.000319343	43840	0.999976	FALSE	ORF1ab:cds-YP_009725295.1	AAT	N	ATT	I	1487
NC_045512.2	4725	A	G	43810	20555	46	6	4	38	0.000136861	43840	1	FALSE	ORF1ab:cds-YP_009724389.1	AAT	N	AGT	S	1487
NC_045512.2	4725	A	G	43810	20555	46	6	4	38	0.000136861	43840	1	FALSE	ORF1ab:cds-YP_009725295.1	AAT	N	AGT	S	1487
NC_045512.2	4725	A	C	43810	20555	46	10	10	31	0.000228102	43840	0.999999	FALSE	ORF1ab:cds-YP_009724389.1	AAT	N	ACT	T	1487
NC_045512.2	4725	A	C	43810	20555	46	10	10	31	0.000228102	43840	0.999999	FALSE	ORF1ab:cds-YP_009725295.1	AAT	N	ACT	T	1487
NC_045512.2	4726	T	G	44362	21150	47	4	4	30	9.00678e-05	44411	1	FALSE	ORF1ab:cds-YP_009724389.1	AAT	N	AAG	K	1487
NC_045512.2	4726	T	G	44362	21150	47	4	4	30	9.00678e-05	44411	1	FALSE	ORF1ab:cds-YP_009725295.1	AAT	N	AAG	K	1487
NC_045512.2	4726	T	C	44362	21150	47	11	9	35	0.000247686	44411	0.999999	FALSE	ORF1ab:cds-YP_009724389.1	AAT	N	AAC	N	1487
NC_045512.2	4726	T	C	44362	21150	47	11	9	35	0.000247686	44411	0.999999	FALSE	ORF1ab:cds-YP_009725295.1	AAT	N	AAC	N	1487
NC_045512.2	4726	T	A	44362	21150	47	34	34	32	0.000765576	44411	0.893503	FALSE	ORF1ab:cds-YP_009724389.1	AAT	N	AAA	K	1487
NC_045512.2	4726	T	A	44362	21150	47	34	34	32	0.000765576	44411	0.893503	FALSE	ORF1ab:cds-YP_009725295.1	AAT	N	AAA	K	1487
NC_045512.2	4727	G	T	43059	19906	47	42	42	33	0.000973958	43123	0.584952	FALSE	ORF1ab:cds-YP_009724389.1	GGT	G	TGT	C	1488
NC_045512.2	4727	G	T	43059	19906	47	42	42	33	0.000973958	43123	0.584952	FALSE	ORF1ab:cds-YP_009725295.1	GGT	G	TGT	C	1488
NC_045512.2	4727	G	C	43059	19906	47	3	3	31	6.95684e-05	43123	1	FALSE	ORF1ab:cds-YP_009724389.1	GGT	G	CGT	R	1488
NC_045512.2	4727	G	C	43059	19906	47	3	3	31	6.95684e-05	43123	1	FALSE	ORF1ab:cds-YP_009725295.1	GGT	G	CGT	R	1488
NC_045512.2	4727	G	A	43059	19906	47	19	18	32	0.0004406	43123	0.999344	FALSE	ORF1ab:cds-YP_009724389.1	GGT	G	AGT	S	1488
NC_045512.2	4727	G	A	43059	19906	47	19	18	32	0.0004406	43123	0.999344	FALSE	ORF1ab:cds-YP_009725295.1	GGT	G	AGT	S	1488
NC_045512.2	4728	G	T	43032	19997	47	15	15	32	0.000348319	43064	0.99995	FALSE	ORF1ab:cds-YP_009724389.1	GGT	G	GTT	V	1488
NC_045512.2	4728	G	T	43032	19997	47	15	15	32	0.000348319	43064	0.99995	FALSE	ORF1ab:cds-YP_009725295.1	GGT	G	GTT	V	1488
NC_045512.2	4728	G	C	43032	19997	47	10	10	31	0.000232213	43064	0.999999	FALSE	ORF1ab:cds-YP_009724389.1	GGT	G	GCT	A	1488
NC_045512.2	4728	G	C	43032	19997	47	10	10	31	0.000232213	43064	0.999999	FALSE	ORF1ab:cds-YP_009725295.1	GGT	G	GCT	A	1488
NC_045512.2	4728	G	A	43032	19997	47	7	7	36	0.000162549	43064	1	FALSE	ORF1ab:cds-YP_009724389.1	GGT	G	GAT	D	1488
NC_045512.2	4728	G	A	43032	19997	47	7	7	36	0.000162549	43064	1	FALSE	ORF1ab:cds-YP_009725295.1	GGT	G	GAT	D	1488
NC_045512.2	4729	T	G	39366	17357	48	25	25	32	0.000634534	39399	0.970033	FALSE	ORF1ab:cds-YP_009724389.1	GGT	G	GGG	G	1488
NC_045512.2	4729	T	G	39366	17357	48	25	25	32	0.000634534	39399	0.970033	FALSE	ORF1ab:cds-YP_009725295.1	GGT	G	GGG	G	1488
NC_045512.2	4729	T	C	39366	17357	48	1	1	27	2.53814e-05	39399	1	FALSE	ORF1ab:cds-YP_009724389.1	GGT	G	GGC	G	1488
NC_045512.2	4729	T	C	39366	17357	48	1	1	27	2.53814e-05	39399	1	FALSE	ORF1ab:cds-YP_009725295.1	GGT	G	GGC	G	1488
NC_045512.2	4729	T	A	39366	17357	48	7	7	32	0.000177669	39399	1	FALSE	ORF1ab:cds-YP_009724389.1	GGT	G	GGA	G	1488
NC_045512.2	4729	T	A	39366	17357	48	7	7	32	0.000177669	39399	1	FALSE	ORF1ab:cds-YP_009725295.1	GGT	G	GGA	G	1488
NC_045512.2	4730	T	G	39282	17137	48	12	12	31	0.000305312	39304	0.999972	FALSE	ORF1ab:cds-YP_009724389.1	TAT	Y	GAT	D	1489
NC_045512.2	4730	T	G	39282	17137	48	12	12	31	0.000305312	39304	0.999972	FALSE	ORF1ab:cds-YP_009725295.1	TAT	Y	GAT	D	1489
NC_045512.2	4730	T	C	39282	17137	48	7	7	39	0.000178099	39304	1	FALSE	ORF1ab:cds-YP_009724389.1	TAT	Y	CAT	H	1489
NC_045512.2	4730	T	C	39282	17137	48	7	7	39	0.000178099	39304	1	FALSE	ORF1ab:cds-YP_009725295.1	TAT	Y	CAT	H	1489
NC_045512.2	4730	T	A	39282	17137	48	3	3	31	7.63281e-05	39304	1	FALSE	ORF1ab:cds-YP_009724389.1	TAT	Y	AAT	N	1489
NC_045512.2	4730	T	A	39282	17137	48	3	3	31	7.63281e-05	39304	1	FALSE	ORF1ab:cds-YP_009725295.1	TAT	Y	AAT	N	1489
NC_045512.2	4731	A	T	39534	17473	49	33	32	31	0.000833754	39580	0.794951	FALSE	ORF1ab:cds-YP_009724389.1	TAT	Y	TTT	F	1489
NC_045512.2	4731	A	T	39534	17473	49	33	32	31	0.000833754	39580	0.794951	FALSE	ORF1ab:cds-YP_009725295.1	TAT	Y	TTT	F	1489
NC_045512.2	4731	A	G	39534	17473	49	5	5	34	0.000126326	39580	1	FALSE	ORF1ab:cds-YP_009724389.1	TAT	Y	TGT	C	1489
NC_045512.2	4731	A	G	39534	17473	49	5	5	34	0.000126326	39580	1	FALSE	ORF1ab:cds-YP_009725295.1	TAT	Y	TGT	C	1489
NC_045512.2	4731	A	C	39534	17473	49	8	8	32	0.000202122	39580	0.999999	FALSE	ORF1ab:cds-YP_009724389.1	TAT	Y	TCT	S	1489
NC_045512.2	4731	A	C	39534	17473	49	8	8	32	0.000202122	39580	0.999999	FALSE	ORF1ab:cds-YP_009725295.1	TAT	Y	TCT	S	1489
NC_045512.2	4732	T	G	39866	17116	47	5	5	30	0.000125304	39903	1	FALSE	ORF1ab:cds-YP_009724389.1	TAT	Y	TAG	*	1489
NC_045512.2	4732	T	G	39866	17116	47	5	5	30	0.000125304	39903	1	FALSE	ORF1ab:cds-YP_009725295.1	TAT	Y	TAG	*	1489
NC_045512.2	4732	T	C	39866	17116	47	4	4	34	0.000100243	39903	1	FALSE	ORF1ab:cds-YP_009724389.1	TAT	Y	TAC	Y	1489
NC_045512.2	4732	T	C	39866	17116	47	4	4	34	0.000100243	39903	1	FALSE	ORF1ab:cds-YP_009725295.1	TAT	Y	TAC	Y	1489
NC_045512.2	4732	T	A	39866	17116	47	28	27	32	0.000701702	39903	0.928936	FALSE	ORF1ab:cds-YP_009724389.1	TAT	Y	TAA	*	1489
NC_045512.2	4732	T	A	39866	17116	47	28	27	32	0.000701702	39903	0.928936	FALSE	ORF1ab:cds-YP_009725295.1	TAT	Y	TAA	*	1489
NC_045512.2	4733	C	T	40104	17705	48	37	37	31	0.000921315	40160	0.674973	FALSE	ORF1ab:cds-YP_009724389.1	CTT	L	TTT	F	1490
NC_045512.2	4733	C	T	40104	17705	48	37	37	31	0.000921315	40160	0.674973	FALSE	ORF1ab:cds-YP_009725295.1	CTT	L	TTT	F	1490
NC_045512.2	4733	C	G	40104	17705	48	11	6	33	0.000273904	40160	0.999993	FALSE	ORF1ab:cds-YP_009724389.1	CTT	L	GTT	V	1490
NC_045512.2	4733	C	G	40104	17705	48	11	6	33	0.000273904	40160	0.999993	FALSE	ORF1ab:cds-YP_009725295.1	CTT	L	GTT	V	1490
NC_045512.2	4733	C	A	40104	17705	48	8	7	33	0.000199203	40160	1	FALSE	ORF1ab:cds-YP_009724389.1	CTT	L	ATT	I	1490
NC_045512.2	4733	C	A	40104	17705	48	8	7	33	0.000199203	40160	1	FALSE	ORF1ab:cds-YP_009725295.1	CTT	L	ATT	I	1490
NC_045512.2	4733	C	-T	40104	17705	48	1	0	20	2.49004e-05	40160	1	FALSE	NA	NA	NA	NA	NA	NA
NC_045512.2	4734	T	G	39849	17420	49	4	4	30	0.000100266	39894	1	FALSE	ORF1ab:cds-YP_009724389.1	CTT	L	CGT	R	1490
NC_045512.2	4734	T	G	39849	17420	49	4	4	30	0.000100266	39894	1	FALSE	ORF1ab:cds-YP_009725295.1	CTT	L	CGT	R	1490
NC_045512.2	4734	T	C	39849	17420	49	32	32	35	0.000802126	39894	0.828522	FALSE	ORF1ab:cds-YP_009724389.1	CTT	L	CCT	P	1490
NC_045512.2	4734	T	C	39849	17420	49	32	32	35	0.000802126	39894	0.828522	FALSE	ORF1ab:cds-YP_009725295.1	CTT	L	CCT	P	1490
NC_045512.2	4734	T	A	39849	17420	49	9	9	33	0.000225598	39894	0.999998	FALSE	ORF1ab:cds-YP_009724389.1	CTT	L	CAT	H	1490
NC_045512.2	4734	T	A	39849	17420	49	9	9	33	0.000225598	39894	0.999998	FALSE	ORF1ab:cds-YP_009725295.1	CTT	L	CAT	H	1490
NC_045512.2	4735	T	G	39634	17403	48	3	0	29	7.56582e-05	39652	1	FALSE	ORF1ab:cds-YP_009724389.1	CTT	L	CTG	L	1490
NC_045512.2	4735	T	G	39634	17403	48	3	0	29	7.56582e-05	39652	1	FALSE	ORF1ab:cds-YP_009725295.1	CTT	L	CTG	L	1490
NC_045512.2	4735	T	C	39634	17403	48	10	7	39	0.000252194	39652	0.999995	FALSE	ORF1ab:cds-YP_009724389.1	CTT	L	CTC	L	1490
NC_045512.2	4735	T	C	39634	17403	48	10	7	39	0.000252194	39652	0.999995	FALSE	ORF1ab:cds-YP_009725295.1	CTT	L	CTC	L	1490
NC_045512.2	4735	T	A	39634	17403	48	5	4	32	0.000126097	39652	1	FALSE	ORF1ab:cds-YP_009724389.1	CTT	L	CTA	L	1490
NC_045512.2	4735	T	A	39634	17403	48	5	4	32	0.000126097	39652	1	FALSE	ORF1ab:cds-YP_009725295.1	CTT	L	CTA	L	1490
NC_045512.2	4736	A	T	39952	17826	50	30	30	33	0.000749925	40004	0.905619	FALSE	ORF1ab:cds-YP_009724389.1	ACT	T	TCT	S	1491
NC_045512.2	4736	A	T	39952	17826	50	30	30	33	0.000749925	40004	0.905619	FALSE	ORF1ab:cds-YP_009725295.1	ACT	T	TCT	S	1491
NC_045512.2	4736	A	G	39952	17826	50	9	8	40	0.000224978	40004	0.132991	FALSE	ORF1ab:cds-YP_009724389.1	ACT	T	GCT	A	1491
NC_045512.2	4736	A	G	39952	17826	50	9	8	40	0.000224978	40004	0.132991	FALSE	ORF1ab:cds-YP_009725295.1	ACT	T	GCT	A	1491
NC_045512.2	4736	A	C	39952	17826	50	13	12	32	0.000324968	40004	0.999959	FALSE	ORF1ab:cds-YP_009724389.1	ACT	T	CCT	P	1491
NC_045512.2	4736	A	C	39952	17826	50	13	12	32	0.000324968	40004	0.999959	FALSE	ORF1ab:cds-YP_009725295.1	ACT	T	CCT	P	1491
NC_045512.2	4736	A	-CTT	39952	17826	50	2	0	20	4.9995e-05	40004	1	FALSE	NA	NA	NA	NA	NA	NA
NC_045512.2	4737	C	T	39851	18255	50	21	21	32	0.000526303	39901	0.993218	FALSE	ORF1ab:cds-YP_009724389.1	ACT	T	ATT	I	1491
NC_045512.2	4737	C	T	39851	18255	50	21	21	32	0.000526303	39901	0.993218	FALSE	ORF1ab:cds-YP_009725295.1	ACT	T	ATT	I	1491
NC_045512.2	4737	C	G	39851	18255	50	1	1	34	2.5062e-05	39901	1	FALSE	ORF1ab:cds-YP_009724389.1	ACT	T	AGT	S	1491
NC_045512.2	4737	C	G	39851	18255	50	1	1	34	2.5062e-05	39901	1	FALSE	ORF1ab:cds-YP_009725295.1	ACT	T	AGT	S	1491
NC_045512.2	4737	C	A	39851	18255	50	28	28	34	0.000701737	39901	0.928727	FALSE	ORF1ab:cds-YP_009724389.1	ACT	T	AAT	N	1491
NC_045512.2	4737	C	A	39851	18255	50	28	28	34	0.000701737	39901	0.928727	FALSE	ORF1ab:cds-YP_009725295.1	ACT	T	AAT	N	1491
NC_045512.2	4738	T	G	39789	18326	50	5	5	32	0.000125534	39830	1	FALSE	ORF1ab:cds-YP_009724389.1	ACT	T	ACG	T	1491
NC_045512.2	4738	T	G	39789	18326	50	5	5	32	0.000125534	39830	1	FALSE	ORF1ab:cds-YP_009725295.1	ACT	T	ACG	T	1491
NC_045512.2	4738	T	C	39789	18326	50	28	27	35	0.000702988	39830	0.928852	FALSE	ORF1ab:cds-YP_009724389.1	ACT	T	ACC	T	1491
NC_045512.2	4738	T	C	39789	18326	50	28	27	35	0.000702988	39830	0.928852	FALSE	ORF1ab:cds-YP_009725295.1	ACT	T	ACC	T	1491
NC_045512.2	4738	T	A	39789	18326	50	8	7	33	0.000200854	39830	0.999999	FALSE	ORF1ab:cds-YP_009724389.1	ACT	T	ACA	T	1491
NC_045512.2	4738	T	A	39789	18326	50	8	7	33	0.000200854	39830	0.999999	FALSE	ORF1ab:cds-YP_009725295.1	ACT	T	ACA	T	1491
NC_045512.2	4739	T	G	39468	18104	49	5	5	32	0.000126614	39490	1	FALSE	ORF1ab:cds-YP_009724389.1	TCT	S	GCT	A	1492
NC_045512.2	4739	T	G	39468	18104	49	5	5	32	0.000126614	39490	1	FALSE	ORF1ab:cds-YP_009725295.1	TCT	S	GCT	A	1492
NC_045512.2	4739	T	C	39468	18104	49	10	9	34	0.000253229	39490	0.999995	FALSE	ORF1ab:cds-YP_009724389.1	TCT	S	CCT	P	1492
NC_045512.2	4739	T	C	39468	18104	49	10	9	34	0.000253229	39490	0.999995	FALSE	ORF1ab:cds-YP_009725295.1	TCT	S	CCT	P	1492
NC_045512.2	4739	T	A	39468	18104	49	7	7	34	0.00017726	39490	1	FALSE	ORF1ab:cds-YP_009724389.1	TCT	S	ACT	T	1492
NC_045512.2	4739	T	A	39468	18104	49	7	7	34	0.00017726	39490	1	FALSE	ORF1ab:cds-YP_009725295.1	TCT	S	ACT	T	1492
NC_045512.2	4740	C	T	39733	18287	50	37	37	31	0.000930279	39773	0.634475	FALSE	ORF1ab:cds-YP_009724389.1	TCT	S	TTT	F	1492
NC_045512.2	4740	C	T	39733	18287	50	37	37	31	0.000930279	39773	0.634475	FALSE	ORF1ab:cds-YP_009725295.1	TCT	S	TTT	F	1492
NC_045512.2	4740	C	G	39733	18287	50	1	1	34	2.51427e-05	39773	1	FALSE	ORF1ab:cds-YP_009724389.1	TCT	S	TGT	C	1492
NC_045512.2	4740	C	G	39733	18287	50	1	1	34	2.51427e-05	39773	1	FALSE	ORF1ab:cds-YP_009725295.1	TCT	S	TGT	C	1492
NC_045512.2	4740	C	A	39733	18287	50	2	2	34	5.02854e-05	39773	1	FALSE	ORF1ab:cds-YP_009724389.1	TCT	S	TAT	Y	1492
NC_045512.2	4740	C	A	39733	18287	50	2	2	34	5.02854e-05	39773	1	FALSE	ORF1ab:cds-YP_009725295.1	TCT	S	TAT	Y	1492
NC_045512.2	4741	T	G	39335	17908	50	1	1	26	2.53975e-05	39374	1	FALSE	ORF1ab:cds-YP_009724389.1	TCT	S	TCG	S	1492
NC_045512.2	4741	T	G	39335	17908	50	1	1	26	2.53975e-05	39374	1	FALSE	ORF1ab:cds-YP_009725295.1	TCT	S	TCG	S	1492
NC_045512.2	4741	T	C	39335	17908	50	32	28	33	0.000812719	39374	0.82871	FALSE	ORF1ab:cds-YP_009724389.1	TCT	S	TCC	S	1492
NC_045512.2	4741	T	C	39335	17908	50	32	28	33	0.000812719	39374	0.82871	FALSE	ORF1ab:cds-YP_009725295.1	TCT	S	TCC	S	1492
NC_045512.2	4741	T	A	39335	17908	50	6	6	31	0.000152385	39374	1	FALSE	ORF1ab:cds-YP_009724389.1	TCT	S	TCA	S	1492
NC_045512.2	4741	T	A	39335	17908	50	6	6	31	0.000152385	39374	1	FALSE	ORF1ab:cds-YP_009725295.1	TCT	S	TCA	S	1492
NC_045512.2	4742	T	G	39145	17834	49	4	2	32	0.000102135	39164	1	FALSE	ORF1ab:cds-YP_009724389.1	TCT	S	GCT	A	1493
NC_045512.2	4742	T	G	39145	17834	49	4	2	32	0.000102135	39164	1	FALSE	ORF1ab:cds-YP_009725295.1	TCT	S	GCT	A	1493
NC_045512.2	4742	T	C	39145	17834	49	11	11	38	0.00028087	39164	0.999988	FALSE	ORF1ab:cds-YP_009724389.1	TCT	S	CCT	P	1493
NC_045512.2	4742	T	C	39145	17834	49	11	11	38	0.00028087	39164	0.999988	FALSE	ORF1ab:cds-YP_009725295.1	TCT	S	CCT	P	1493
NC_045512.2	4742	T	A	39145	17834	49	4	4	32	0.000102135	39164	1	FALSE	ORF1ab:cds-YP_009724389.1	TCT	S	ACT	T	1493
NC_045512.2	4742	T	A	39145	17834	49	4	4	32	0.000102135	39164	1	FALSE	ORF1ab:cds-YP_009725295.1	TCT	S	ACT	T	1493
NC_045512.2	4743	C	T	39406	18415	51	31	31	32	0.000786004	39440	0.85907	FALSE	ORF1ab:cds-YP_009724389.1	TCT	S	TTT	F	1493
NC_045512.2	4743	C	T	39406	18415	51	31	31	32	0.000786004	39440	0.85907	FALSE	ORF1ab:cds-YP_009725295.1	TCT	S	TTT	F	1493
NC_045512.2	4743	C	G	39406	18415	51	2	1	30	5.07099e-05	39440	1	FALSE	ORF1ab:cds-YP_009724389.1	TCT	S	TGT	C	1493
NC_045512.2	4743	C	G	39406	18415	51	2	1	30	5.07099e-05	39440	1	FALSE	ORF1ab:cds-YP_009725295.1	TCT	S	TGT	C	1493
NC_045512.2	4743	C	A	39406	18415	51	1	1	34	2.5355e-05	39440	1	FALSE	ORF1ab:cds-YP_009724389.1	TCT	S	TAT	Y	1493
NC_045512.2	4743	C	A	39406	18415	51	1	1	34	2.5355e-05	39440	1	FALSE	ORF1ab:cds-YP_009725295.1	TCT	S	TAT	Y	1493
NC_045512.2	4744	T	G	39372	18313	51	6	4	31	0.000152246	39410	1	FALSE	ORF1ab:cds-YP_009724389.1	TCT	S	TCG	S	1493
NC_045512.2	4744	T	G	39372	18313	51	6	4	31	0.000152246	39410	1	FALSE	ORF1ab:cds-YP_009725295.1	TCT	S	TCG	S	1493
NC_045512.2	4744	T	C	39372	18313	51	26	25	34	0.000659731	39410	0.959123	FALSE	ORF1ab:cds-YP_009724389.1	TCT	S	TCC	S	1493
NC_045512.2	4744	T	C	39372	18313	51	26	25	34	0.000659731	39410	0.959123	FALSE	ORF1ab:cds-YP_009725295.1	TCT	S	TCC	S	1493
NC_045512.2	4744	T	A	39372	18313	51	6	5	30	0.000152246	39410	1	FALSE	ORF1ab:cds-YP_009724389.1	TCT	S	TCA	S	1493
NC_045512.2	4744	T	A	39372	18313	51	6	5	30	0.000152246	39410	1	FALSE	ORF1ab:cds-YP_009725295.1	TCT	S	TCA	S	1493
NC_045512.2	4745	T	G	39095	18053	49	2	2	34	5.11404e-05	39108	1	FALSE	ORF1ab:cds-YP_009724389.1	TCT	S	GCT	A	1494
NC_045512.2	4745	T	G	39095	18053	49	2	2	34	5.11404e-05	39108	1	FALSE	ORF1ab:cds-YP_009725295.1	TCT	S	GCT	A	1494
NC_045512.2	4745	T	C	39095	18053	49	8	8	33	0.000204562	39108	0.999999	FALSE	ORF1ab:cds-YP_009724389.1	TCT	S	CCT	P	1494
NC_045512.2	4745	T	C	39095	18053	49	8	8	33	0.000204562	39108	0.999999	FALSE	ORF1ab:cds-YP_009725295.1	TCT	S	CCT	P	1494
NC_045512.2	4745	T	A	39095	18053	49	3	3	34	7.67106e-05	39108	1	FALSE	ORF1ab:cds-YP_009724389.1	TCT	S	ACT	T	1494
NC_045512.2	4745	T	A	39095	18053	49	3	3	34	7.67106e-05	39108	1	FALSE	ORF1ab:cds-YP_009725295.1	TCT	S	ACT	T	1494
NC_045512.2	4746	C	T	39473	18504	51	27	27	32	0.000683406	39508	0.945566	FALSE	ORF1ab:cds-YP_009724389.1	TCT	S	TTT	F	1494
NC_045512.2	4746	C	T	39473	18504	51	27	27	32	0.000683406	39508	0.945566	FALSE	ORF1ab:cds-YP_009725295.1	TCT	S	TTT	F	1494
NC_045512.2	4746	C	G	39473	18504	51	3	0	31	7.5934e-05	39508	1	FALSE	ORF1ab:cds-YP_009724389.1	TCT	S	TGT	C	1494
NC_045512.2	4746	C	G	39473	18504	51	3	0	31	7.5934e-05	39508	1	FALSE	ORF1ab:cds-YP_009725295.1	TCT	S	TGT	C	1494
NC_045512.2	4746	C	A	39473	18504	51	5	5	34	0.000126557	39508	1	FALSE	ORF1ab:cds-YP_009724389.1	TCT	S	TAT	Y	1494
NC_045512.2	4746	C	A	39473	18504	51	5	5	34	0.000126557	39508	1	FALSE	ORF1ab:cds-YP_009725295.1	TCT	S	TAT	Y	1494
NC_045512.2	4747	T	G	39564	18623	51	2	2	30	5.05038e-05	39601	1	FALSE	ORF1ab:cds-YP_009724389.1	TCT	S	TCG	S	1494
NC_045512.2	4747	T	G	39564	18623	51	2	2	30	5.05038e-05	39601	1	FALSE	ORF1ab:cds-YP_009725295.1	TCT	S	TCG	S	1494
NC_045512.2	4747	T	C	39564	18623	51	27	26	32	0.000681801	39601	0.945543	FALSE	ORF1ab:cds-YP_009724389.1	TCT	S	TCC	S	1494
NC_045512.2	4747	T	C	39564	18623	51	27	26	32	0.000681801	39601	0.945543	FALSE	ORF1ab:cds-YP_009725295.1	TCT	S	TCC	S	1494
NC_045512.2	4747	T	A	39564	18623	51	8	7	37	0.000202015	39601	0.999999	FALSE	ORF1ab:cds-YP_009724389.1	TCT	S	TCA	S	1494
NC_045512.2	4747	T	A	39564	18623	51	8	7	37	0.000202015	39601	0.999999	FALSE	ORF1ab:cds-YP_009725295.1	TCT	S	TCA	S	1494
NC_045512.2	4747	T	+A	39564	18623	51	1	0	20	2.52519e-05	39601	1	FALSE	NA	NA	NA	NA	NA	NA
NC_045512.2	4748	A	T	39571	18656	51	32	32	32	0.000807653	39621	0.828412	FALSE	ORF1ab:cds-YP_009724389.1	AAA	K	TAA	*	1495
NC_045512.2	4748	A	T	39571	18656	51	32	32	32	0.000807653	39621	0.828412	FALSE	ORF1ab:cds-YP_009725295.1	AAA	K	TAA	*	1495
NC_045512.2	4748	A	G	39571	18656	51	10	10	35	0.000252391	39621	0.999995	FALSE	ORF1ab:cds-YP_009724389.1	AAA	K	GAA	E	1495
NC_045512.2	4748	A	G	39571	18656	51	10	10	35	0.000252391	39621	0.999995	FALSE	ORF1ab:cds-YP_009725295.1	AAA	K	GAA	E	1495
NC_045512.2	4748	A	C	39571	18656	51	8	8	34	0.000201913	39621	0.999999	FALSE	ORF1ab:cds-YP_009724389.1	AAA	K	CAA	Q	1495
NC_045512.2	4748	A	C	39571	18656	51	8	8	34	0.000201913	39621	0.999999	FALSE	ORF1ab:cds-YP_009725295.1	AAA	K	CAA	Q	1495
NC_045512.2	4749	A	T	39526	18745	51	9	9	33	0.00022752	39557	0.999998	FALSE	ORF1ab:cds-YP_009724389.1	AAA	K	ATA	I	1495
NC_045512.2	4749	A	T	39526	18745	51	9	9	33	0.00022752	39557	0.999998	FALSE	ORF1ab:cds-YP_009725295.1	AAA	K	ATA	I	1495
NC_045512.2	4749	A	G	39526	18745	51	6	4	37	0.00015168	39557	1	FALSE	ORF1ab:cds-YP_009724389.1	AAA	K	AGA	R	1495
NC_045512.2	4749	A	G	39526	18745	51	6	4	37	0.00015168	39557	1	FALSE	ORF1ab:cds-YP_009725295.1	AAA	K	AGA	R	1495
NC_045512.2	4749	A	C	39526	18745	51	16	12	32	0.00040448	39557	0.999492	FALSE	ORF1ab:cds-YP_009724389.1	AAA	K	ACA	T	1495
NC_045512.2	4749	A	C	39526	18745	51	16	12	32	0.00040448	39557	0.999492	FALSE	ORF1ab:cds-YP_009725295.1	AAA	K	ACA	T	1495
NC_045512.2	4750	A	T	39415	18728	51	19	19	34	0.000481708	39443	0.997325	FALSE	ORF1ab:cds-YP_009724389.1	AAA	K	AAT	N	1495
NC_045512.2	4750	A	T	39415	18728	51	19	19	34	0.000481708	39443	0.997325	FALSE	ORF1ab:cds-YP_009725295.1	AAA	K	AAT	N	1495
NC_045512.2	4750	A	G	39415	18728	51	8	6	41	0.000202824	39443	0.11311	FALSE	ORF1ab:cds-YP_009724389.1	AAA	K	AAG	K	1495
NC_045512.2	4750	A	G	39415	18728	51	8	6	41	0.000202824	39443	0.11311	FALSE	ORF1ab:cds-YP_009725295.1	AAA	K	AAG	K	1495
NC_045512.2	4750	A	C	39415	18728	51	1	1	26	2.5353e-05	39443	1	FALSE	ORF1ab:cds-YP_009724389.1	AAA	K	AAC	N	1495
NC_045512.2	4750	A	C	39415	18728	51	1	1	26	2.5353e-05	39443	1	FALSE	ORF1ab:cds-YP_009725295.1	AAA	K	AAC	N	1495
NC_045512.2	4751	A	T	39596	19024	51	8	8	33	0.000201949	39614	0.999999	FALSE	ORF1ab:cds-YP_009724389.1	ACA	T	TCA	S	1496
NC_045512.2	4751	A	T	39596	19024	51	8	8	33	0.000201949	39614	0.999999	FALSE	ORF1ab:cds-YP_009725295.1	ACA	T	TCA	S	1496
NC_045512.2	4751	A	G	39596	19024	51	7	6	34	0.000176705	39614	1	FALSE	ORF1ab:cds-YP_009724389.1	ACA	T	GCA	A	1496
NC_045512.2	4751	A	G	39596	19024	51	7	6	34	0.000176705	39614	1	FALSE	ORF1ab:cds-YP_009725295.1	ACA	T	GCA	A	1496
NC_045512.2	4751	A	C	39596	19024	51	3	3	31	7.57308e-05	39614	1	FALSE	ORF1ab:cds-YP_009724389.1	ACA	T	CCA	P	1496
NC_045512.2	4751	A	C	39596	19024	51	3	3	31	7.57308e-05	39614	1	FALSE	ORF1ab:cds-YP_009725295.1	ACA	T	CCA	P	1496
NC_045512.2	4752	C	T	39874	19222	51	10	10	33	0.000250451	39928	0.999995	FALSE	ORF1ab:cds-YP_009724389.1	ACA	T	ATA	I	1496
NC_045512.2	4752	C	T	39874	19222	51	10	10	33	0.000250451	39928	0.999995	FALSE	ORF1ab:cds-YP_009725295.1	ACA	T	ATA	I	1496
NC_045512.2	4752	C	A	39874	19222	51	44	43	31	0.00110198	39928	0.329986	FALSE	ORF1ab:cds-YP_009724389.1	ACA	T	AAA	K	1496
NC_045512.2	4752	C	A	39874	19222	51	44	43	31	0.00110198	39928	0.329986	FALSE	ORF1ab:cds-YP_009725295.1	ACA	T	AAA	K	1496
NC_045512.2	4753	A	T	39518	18817	51	14	13	32	0.000353848	39565	0.999865	FALSE	ORF1ab:cds-YP_009724389.1	ACA	T	ACT	T	1496
NC_045512.2	4753	A	T	39518	18817	51	14	13	32	0.000353848	39565	0.999865	FALSE	ORF1ab:cds-YP_009725295.1	ACA	T	ACT	T	1496
NC_045512.2	4753	A	G	39518	18817	51	3	2	45	7.58246e-05	39565	0.655746	FALSE	ORF1ab:cds-YP_009724389.1	ACA	T	ACG	T	1496
NC_045512.2	4753	A	G	39518	18817	51	3	2	45	7.58246e-05	39565	0.655746	FALSE	ORF1ab:cds-YP_009725295.1	ACA	T	ACG	T	1496
NC_045512.2	4753	A	C	39518	18817	51	30	30	33	0.000758246	39565	0.885576	FALSE	ORF1ab:cds-YP_009724389.1	ACA	T	ACC	T	1496
NC_045512.2	4753	A	C	39518	18817	51	30	30	33	0.000758246	39565	0.885576	FALSE	ORF1ab:cds-YP_009725295.1	ACA	T	ACC	T	1496
NC_045512.2	4754	C	T	39840	18977	51	4	4	34	0.000100293	39883	1	FALSE	ORF1ab:cds-YP_009724389.1	CCT	P	TCT	S	1497
NC_045512.2	4754	C	T	39840	18977	51	4	4	34	0.000100293	39883	1	FALSE	ORF1ab:cds-YP_009725295.1	CCT	P	TCT	S	1497
NC_045512.2	4754	C	G	39840	18977	51	5	5	30	0.000125367	39883	1	FALSE	ORF1ab:cds-YP_009724389.1	CCT	P	GCT	A	1497
NC_045512.2	4754	C	G	39840	18977	51	5	5	30	0.000125367	39883	1	FALSE	ORF1ab:cds-YP_009725295.1	CCT	P	GCT	A	1497
NC_045512.2	4754	C	A	39840	18977	51	34	34	33	0.000852494	39883	0.758438	FALSE	ORF1ab:cds-YP_009724389.1	CCT	P	ACT	T	1497
NC_045512.2	4754	C	A	39840	18977	51	34	34	33	0.000852494	39883	0.758438	FALSE	ORF1ab:cds-YP_009725295.1	CCT	P	ACT	T	1497
NC_045512.2	4755	C	T	39767	19211	51	12	12	31	0.000301606	39787	0.999972	FALSE	ORF1ab:cds-YP_009724389.1	CCT	P	CTT	L	1497
NC_045512.2	4755	C	T	39767	19211	51	12	12	31	0.000301606	39787	0.999972	FALSE	ORF1ab:cds-YP_009725295.1	CCT	P	CTT	L	1497
NC_045512.2	4755	C	G	39767	19211	51	2	2	30	5.02677e-05	39787	1	FALSE	ORF1ab:cds-YP_009724389.1	CCT	P	CGT	R	1497
NC_045512.2	4755	C	G	39767	19211	51	2	2	30	5.02677e-05	39787	1	FALSE	ORF1ab:cds-YP_009725295.1	CCT	P	CGT	R	1497
NC_045512.2	4755	C	A	39767	19211	51	6	5	31	0.000150803	39787	1	FALSE	ORF1ab:cds-YP_009724389.1	CCT	P	CAT	H	1497
NC_045512.2	4755	C	A	39767	19211	51	6	5	31	0.000150803	39787	1	FALSE	ORF1ab:cds-YP_009725295.1	CCT	P	CAT	H	1497
NC_045512.2	4756	T	G	39562	18961	51	4	4	32	0.000100977	39613	1	FALSE	ORF1ab:cds-YP_009724389.1	CCT	P	CCG	P	1497
NC_045512.2	4756	T	G	39562	18961	51	4	4	32	0.000100977	39613	1	FALSE	ORF1ab:cds-YP_009725295.1	CCT	P	CCG	P	1497
NC_045512.2	4756	T	C	39562	18961	51	36	32	34	0.000908793	39613	0.677296	FALSE	ORF1ab:cds-YP_009724389.1	CCT	P	CCC	P	1497
NC_045512.2	4756	T	C	39562	18961	51	36	32	34	0.000908793	39613	0.677296	FALSE	ORF1ab:cds-YP_009725295.1	CCT	P	CCC	P	1497
NC_045512.2	4756	T	A	39562	18961	51	11	11	33	0.000277687	39613	0.999988	FALSE	ORF1ab:cds-YP_009724389.1	CCT	P	CCA	P	1497
NC_045512.2	4756	T	A	39562	18961	51	11	11	33	0.000277687	39613	0.999988	FALSE	ORF1ab:cds-YP_009725295.1	CCT	P	CCA	P	1497
NC_045512.2	4757	G	T	39916	19189	51	31	30	33	0.000775601	39969	0.858623	FALSE	ORF1ab:cds-YP_009724389.1	GAA	E	TAA	*	1498
NC_045512.2	4757	G	T	39916	19189	51	31	30	33	0.000775601	39969	0.858623	FALSE	ORF1ab:cds-YP_009725295.1	GAA	E	TAA	*	1498
NC_045512.2	4757	G	C	39916	19189	51	15	15	31	0.000375291	39969	0.99973	FALSE	ORF1ab:cds-YP_009724389.1	GAA	E	CAA	Q	1498
NC_045512.2	4757	G	C	39916	19189	51	15	15	31	0.000375291	39969	0.99973	FALSE	ORF1ab:cds-YP_009725295.1	GAA	E	CAA	Q	1498
NC_045512.2	4757	G	A	39916	19189	51	7	5	46	0.000175136	39969	0.171398	FALSE	ORF1ab:cds-YP_009724389.1	GAA	E	AAA	K	1498
NC_045512.2	4757	G	A	39916	19189	51	7	5	46	0.000175136	39969	0.171398	FALSE	ORF1ab:cds-YP_009725295.1	GAA	E	AAA	K	1498
NC_045512.2	4757	G	-A	39916	19189	51	2	0	20	5.00388e-05	39969	1	FALSE	NA	NA	NA	NA	NA	NA
NC_045512.2	4758	A	T	40039	19354	51	15	15	33	0.000374037	40103	0.99982	FALSE	ORF1ab:cds-YP_009724389.1	GAA	E	GTA	V	1498
NC_045512.2	4758	A	T	40039	19354	51	15	15	33	0.000374037	40103	0.99982	FALSE	ORF1ab:cds-YP_009725295.1	GAA	E	GTA	V	1498
NC_045512.2	4758	A	G	40039	19354	51	30	30	34	0.000748074	40103	0.905373	FALSE	ORF1ab:cds-YP_009724389.1	GAA	E	GGA	G	1498
NC_045512.2	4758	A	G	40039	19354	51	30	30	34	0.000748074	40103	0.905373	FALSE	ORF1ab:cds-YP_009725295.1	GAA	E	GGA	G	1498
NC_045512.2	4758	A	C	40039	19354	51	19	19	32	0.00047378	40103	0.998083	FALSE	ORF1ab:cds-YP_009724389.1	GAA	E	GCA	A	1498
NC_045512.2	4758	A	C	40039	19354	51	19	19	32	0.00047378	40103	0.998083	FALSE	ORF1ab:cds-YP_009725295.1	GAA	E	GCA	A	1498
NC_045512.2	4759	A	T	40029	19451	51	16	16	31	0.000399401	40060	0.999657	FALSE	ORF1ab:cds-YP_009724389.1	GAA	E	GAT	D	1498
NC_045512.2	4759	A	T	40029	19451	51	16	16	31	0.000399401	40060	0.999657	FALSE	ORF1ab:cds-YP_009725295.1	GAA	E	GAT	D	1498
NC_045512.2	4759	A	G	40029	19451	51	11	8	38	0.000274588	40060	0.999993	FALSE	ORF1ab:cds-YP_009724389.1	GAA	E	GAG	E	1498
NC_045512.2	4759	A	G	40029	19451	51	11	8	38	0.000274588	40060	0.999993	FALSE	ORF1ab:cds-YP_009725295.1	GAA	E	GAG	E	1498
NC_045512.2	4759	A	C	40029	19451	51	4	4	34	9.98502e-05	40060	1	FALSE	ORF1ab:cds-YP_009724389.1	GAA	E	GAC	D	1498
NC_045512.2	4759	A	C	40029	19451	51	4	4	34	9.98502e-05	40060	1	FALSE	ORF1ab:cds-YP_009725295.1	GAA	E	GAC	D	1498
NC_045512.2	4760	G	T	40093	19402	51	9	9	32	0.000224204	40142	0.999999	FALSE	ORF1ab:cds-YP_009724389.1	GAA	E	TAA	*	1499
NC_045512.2	4760	G	T	40093	19402	51	9	9	32	0.000224204	40142	0.999999	FALSE	ORF1ab:cds-YP_009725295.1	GAA	E	TAA	*	1499
NC_045512.2	4760	G	C	40093	19402	51	6	6	31	0.000149469	40142	1	FALSE	ORF1ab:cds-YP_009724389.1	GAA	E	CAA	Q	1499
NC_045512.2	4760	G	C	40093	19402	51	6	6	31	0.000149469	40142	1	FALSE	ORF1ab:cds-YP_009725295.1	GAA	E	CAA	Q	1499
NC_045512.2	4760	G	A	40093	19402	51	34	34	32	0.000846993	40142	0.791684	FALSE	ORF1ab:cds-YP_009724389.1	GAA	E	AAA	K	1499
NC_045512.2	4760	G	A	40093	19402	51	34	34	32	0.000846993	40142	0.791684	FALSE	ORF1ab:cds-YP_009725295.1	GAA	E	AAA	K	1499
NC_045512.2	4761	A	T	39263	19378	50	9	8	32	0.00022892	39315	0.999998	FALSE	ORF1ab:cds-YP_009724389.1	GAA	E	GTA	V	1499
NC_045512.2	4761	A	T	39263	19378	50	9	8	32	0.00022892	39315	0.999998	FALSE	ORF1ab:cds-YP_009725295.1	GAA	E	GTA	V	1499
NC_045512.2	4761	A	G	39263	19378	50	31	30	35	0.000788503	39315	0.85864	FALSE	ORF1ab:cds-YP_009724389.1	GAA	E	GGA	G	1499
NC_045512.2	4761	A	G	39263	19378	50	31	30	35	0.000788503	39315	0.85864	FALSE	ORF1ab:cds-YP_009725295.1	GAA	E	GGA	G	1499
NC_045512.2	4761	A	C	39263	19378	50	12	12	32	0.000305227	39315	0.999971	FALSE	ORF1ab:cds-YP_009724389.1	GAA	E	GCA	A	1499
NC_045512.2	4761	A	C	39263	19378	50	12	12	32	0.000305227	39315	0.999971	FALSE	ORF1ab:cds-YP_009725295.1	GAA	E	GCA	A	1499
NC_045512.2	4762	A	T	39889	19404	51	4	4	32	0.000100228	39909	1	FALSE	ORF1ab:cds-YP_009724389.1	GAA	E	GAT	D	1499
NC_045512.2	4762	A	T	39889	19404	51	4	4	32	0.000100228	39909	1	FALSE	ORF1ab:cds-YP_009725295.1	GAA	E	GAT	D	1499
NC_045512.2	4762	A	G	39889	19404	51	14	14	35	0.000350798	39909	0.999866	FALSE	ORF1ab:cds-YP_009724389.1	GAA	E	GAG	E	1499
NC_045512.2	4762	A	G	39889	19404	51	14	14	35	0.000350798	39909	0.999866	FALSE	ORF1ab:cds-YP_009725295.1	GAA	E	GAG	E	1499
NC_045512.2	4762	A	C	39889	19404	51	2	2	30	5.0114e-05	39909	1	FALSE	ORF1ab:cds-YP_009724389.1	GAA	E	GAC	D	1499
NC_045512.2	4762	A	C	39889	19404	51	2	2	30	5.0114e-05	39909	1	FALSE	ORF1ab:cds-YP_009725295.1	GAA	E	GAC	D	1499
NC_045512.2	4763	C	T	39703	19405	51	9	8	34	0.000226375	39757	0.999998	FALSE	ORF1ab:cds-YP_009724389.1	CAT	H	TAT	Y	1500
NC_045512.2	4763	C	T	39703	19405	51	9	8	34	0.000226375	39757	0.999998	FALSE	ORF1ab:cds-YP_009725295.1	CAT	H	TAT	Y	1500
NC_045512.2	4763	C	G	39703	19405	51	9	9	33	0.000226375	39757	0.999998	FALSE	ORF1ab:cds-YP_009724389.1	CAT	H	GAT	D	1500
NC_045512.2	4763	C	G	39703	19405	51	9	9	33	0.000226375	39757	0.999998	FALSE	ORF1ab:cds-YP_009725295.1	CAT	H	GAT	D	1500
NC_045512.2	4763	C	A	39703	19405	51	36	36	33	0.000905501	39757	0.67718	FALSE	ORF1ab:cds-YP_009724389.1	CAT	H	AAT	N	1500
NC_045512.2	4763	C	A	39703	19405	51	36	36	33	0.000905501	39757	0.67718	FALSE	ORF1ab:cds-YP_009725295.1	CAT	H	AAT	N	1500
NC_045512.2	4764	A	T	39837	19445	51	4	4	32	0.000100308	39877	1	FALSE	ORF1ab:cds-YP_009724389.1	CAT	H	CTT	L	1500
NC_045512.2	4764	A	T	39837	19445	51	4	4	32	0.000100308	39877	1	FALSE	ORF1ab:cds-YP_009725295.1	CAT	H	CTT	L	1500
NC_045512.2	4764	A	G	39837	19445	51	4	4	30	0.000100308	39877	1	FALSE	ORF1ab:cds-YP_009724389.1	CAT	H	CGT	R	1500
NC_045512.2	4764	A	G	39837	19445	51	4	4	30	0.000100308	39877	1	FALSE	ORF1ab:cds-YP_009725295.1	CAT	H	CGT	R	1500
NC_045512.2	4764	A	C	39837	19445	51	32	32	32	0.000802468	39877	0.828684	FALSE	ORF1ab:cds-YP_009724389.1	CAT	H	CCT	P	1500
NC_045512.2	4764	A	C	39837	19445	51	32	32	32	0.000802468	39877	0.828684	FALSE	ORF1ab:cds-YP_009725295.1	CAT	H	CCT	P	1500
NC_045512.2	4764	A	-T	39837	19445	51	2	0	20	5.01542e-05	39877	1	FALSE	NA	NA	NA	NA	NA	NA
NC_045512.2	4765	T	G	39794	19542	51	7	6	31	0.000175681	39845	1	FALSE	ORF1ab:cds-YP_009724389.1	CAT	H	CAG	Q	1500
NC_045512.2	4765	T	G	39794	19542	51	7	6	31	0.000175681	39845	1	FALSE	ORF1ab:cds-YP_009725295.1	CAT	H	CAG	Q	1500
NC_045512.2	4765	T	C	39794	19542	51	9	7	32	0.000225875	39845	0.999998	FALSE	ORF1ab:cds-YP_009724389.1	CAT	H	CAC	H	1500
NC_045512.2	4765	T	C	39794	19542	51	9	7	32	0.000225875	39845	0.999998	FALSE	ORF1ab:cds-YP_009725295.1	CAT	H	CAC	H	1500
NC_045512.2	4765	T	A	39794	19542	51	35	35	33	0.000878404	39845	0.71878	FALSE	ORF1ab:cds-YP_009724389.1	CAT	H	CAA	Q	1500
NC_045512.2	4765	T	A	39794	19542	51	35	35	33	0.000878404	39845	0.71878	FALSE	ORF1ab:cds-YP_009725295.1	CAT	H	CAA	Q	1500
NC_045512.2	4766	T	G	38705	18799	50	6	6	32	0.000154883	38739	1	FALSE	ORF1ab:cds-YP_009724389.1	TTT	F	GTT	V	1501
NC_045512.2	4766	T	G	38705	18799	50	6	6	32	0.000154883	38739	1	FALSE	ORF1ab:cds-YP_009725295.1	TTT	F	GTT	V	1501
NC_045512.2	4766	T	C	38705	18799	50	16	14	37	0.00041302	38739	0.999251	FALSE	ORF1ab:cds-YP_009724389.1	TTT	F	CTT	L	1501
NC_045512.2	4766	T	C	38705	18799	50	16	14	37	0.00041302	38739	0.999251	FALSE	ORF1ab:cds-YP_009725295.1	TTT	F	CTT	L	1501
NC_045512.2	4766	T	A	38705	18799	50	12	12	34	0.000309765	38739	0.999955	FALSE	ORF1ab:cds-YP_009724389.1	TTT	F	ATT	I	1501
NC_045512.2	4766	T	A	38705	18799	50	12	12	34	0.000309765	38739	0.999955	FALSE	ORF1ab:cds-YP_009725295.1	TTT	F	ATT	I	1501
NC_045512.2	4767	T	G	39337	19367	51	6	5	30	0.000152412	39367	1	FALSE	ORF1ab:cds-YP_009724389.1	TTT	F	TGT	C	1501
NC_045512.2	4767	T	G	39337	19367	51	6	5	30	0.000152412	39367	1	FALSE	ORF1ab:cds-YP_009725295.1	TTT	F	TGT	C	1501
NC_045512.2	4767	T	C	39337	19367	51	4	3	51	0.000101608	39367	0.0624159	FALSE	ORF1ab:cds-YP_009724389.1	TTT	F	TCT	S	1501
NC_045512.2	4767	T	C	39337	19367	51	4	3	51	0.000101608	39367	0.0624159	FALSE	ORF1ab:cds-YP_009725295.1	TTT	F	TCT	S	1501
NC_045512.2	4767	T	A	39337	19367	51	20	19	32	0.00050804	39367	0.99568	FALSE	ORF1ab:cds-YP_009724389.1	TTT	F	TAT	Y	1501
NC_045512.2	4767	T	A	39337	19367	51	20	19	32	0.00050804	39367	0.99568	FALSE	ORF1ab:cds-YP_009725295.1	TTT	F	TAT	Y	1501
NC_045512.2	4768	T	G	38862	19041	50	3	3	31	7.71823e-05	38869	1	FALSE	ORF1ab:cds-YP_009724389.1	TTT	F	TTG	L	1501
NC_045512.2	4768	T	G	38862	19041	50	3	3	31	7.71823e-05	38869	1	FALSE	ORF1ab:cds-YP_009725295.1	TTT	F	TTG	L	1501
NC_045512.2	4768	T	C	38862	19041	50	1	1	26	2.57274e-05	38869	1	FALSE	ORF1ab:cds-YP_009724389.1	TTT	F	TTC	F	1501
NC_045512.2	4768	T	C	38862	19041	50	1	1	26	2.57274e-05	38869	1	FALSE	ORF1ab:cds-YP_009725295.1	TTT	F	TTC	F	1501
NC_045512.2	4768	T	A	38862	19041	50	3	3	31	7.71823e-05	38869	1	FALSE	ORF1ab:cds-YP_009724389.1	TTT	F	TTA	L	1501
NC_045512.2	4768	T	A	38862	19041	50	3	3	31	7.71823e-05	38869	1	FALSE	ORF1ab:cds-YP_009725295.1	TTT	F	TTA	L	1501
NC_045512.2	4769	A	T	39617	19494	51	41	41	32	0.00103358	39668	0.45511	FALSE	ORF1ab:cds-YP_009724389.1	ATT	I	TTT	F	1502
NC_045512.2	4769	A	T	39617	19494	51	41	41	32	0.00103358	39668	0.45511	FALSE	ORF1ab:cds-YP_009725295.1	ATT	I	TTT	F	1502
NC_045512.2	4769	A	G	39617	19494	51	9	7	32	0.000226883	39668	0.999998	FALSE	ORF1ab:cds-YP_009724389.1	ATT	I	GTT	V	1502
NC_045512.2	4769	A	G	39617	19494	51	9	7	32	0.000226883	39668	0.999998	FALSE	ORF1ab:cds-YP_009725295.1	ATT	I	GTT	V	1502
NC_045512.2	4769	A	C	39617	19494	51	1	1	34	2.52092e-05	39668	1	FALSE	ORF1ab:cds-YP_009724389.1	ATT	I	CTT	L	1502
NC_045512.2	4769	A	C	39617	19494	51	1	1	34	2.52092e-05	39668	1	FALSE	ORF1ab:cds-YP_009725295.1	ATT	I	CTT	L	1502
NC_045512.2	4770	T	G	39283	19250	50	6	6	31	0.000152551	39331	1	FALSE	ORF1ab:cds-YP_009724389.1	ATT	I	AGT	S	1502
NC_045512.2	4770	T	G	39283	19250	50	6	6	31	0.000152551	39331	1	FALSE	ORF1ab:cds-YP_009725295.1	ATT	I	AGT	S	1502
NC_045512.2	4770	T	C	39283	19250	50	7	5	31	0.000177977	39331	1	FALSE	ORF1ab:cds-YP_009724389.1	ATT	I	ACT	T	1502
NC_045512.2	4770	T	C	39283	19250	50	7	5	31	0.000177977	39331	1	FALSE	ORF1ab:cds-YP_009725295.1	ATT	I	ACT	T	1502
NC_045512.2	4770	T	A	39283	19250	50	35	35	33	0.000889883	39331	0.718958	FALSE	ORF1ab:cds-YP_009724389.1	ATT	I	AAT	N	1502
NC_045512.2	4770	T	A	39283	19250	50	35	35	33	0.000889883	39331	0.718958	FALSE	ORF1ab:cds-YP_009725295.1	ATT	I	AAT	N	1502
NC_045512.2	4771	T	G	39099	21137	50	3	2	31	7.6693e-05	39117	1	FALSE	ORF1ab:cds-YP_009724389.1	ATT	I	ATG	M	1502
NC_045512.2	4771	T	G	39099	21137	50	3	2	31	7.6693e-05	39117	1	FALSE	ORF1ab:cds-YP_009725295.1	ATT	I	ATG	M	1502
NC_045512.2	4771	T	C	39099	21137	50	4	4	34	0.000102257	39117	1	FALSE	ORF1ab:cds-YP_009724389.1	ATT	I	ATC	I	1502
NC_045512.2	4771	T	C	39099	21137	50	4	4	34	0.000102257	39117	1	FALSE	ORF1ab:cds-YP_009725295.1	ATT	I	ATC	I	1502
NC_045512.2	4771	T	A	39099	21137	50	11	10	31	0.000281208	39117	0.999988	FALSE	ORF1ab:cds-YP_009724389.1	ATT	I	ATA	I	1502
NC_045512.2	4771	T	A	39099	21137	50	11	10	31	0.000281208	39117	0.999988	FALSE	ORF1ab:cds-YP_009725295.1	ATT	I	ATA	I	1502
NC_045512.2	4772	G	T	39167	21192	50	43	42	33	0.0010961	39230	0.36943	FALSE	ORF1ab:cds-YP_009724389.1	GAA	E	TAA	*	1503
NC_045512.2	4772	G	T	39167	21192	50	43	42	33	0.0010961	39230	0.36943	FALSE	ORF1ab:cds-YP_009725295.1	GAA	E	TAA	*	1503
NC_045512.2	4772	G	C	39167	21192	50	9	9	34	0.000229416	39230	0.999998	FALSE	ORF1ab:cds-YP_009724389.1	GAA	E	CAA	Q	1503
NC_045512.2	4772	G	C	39167	21192	50	9	9	34	0.000229416	39230	0.999998	FALSE	ORF1ab:cds-YP_009725295.1	GAA	E	CAA	Q	1503
NC_045512.2	4772	G	A	39167	21192	50	11	11	32	0.000280398	39230	0.999988	FALSE	ORF1ab:cds-YP_009724389.1	GAA	E	AAA	K	1503
NC_045512.2	4772	G	A	39167	21192	50	11	11	32	0.000280398	39230	0.999988	FALSE	ORF1ab:cds-YP_009725295.1	GAA	E	AAA	K	1503
NC_045512.2	4773	A	T	39029	21186	50	24	24	32	0.000613968	39090	0.978375	FALSE	ORF1ab:cds-YP_009724389.1	GAA	E	GTA	V	1503
NC_045512.2	4773	A	T	39029	21186	50	24	24	32	0.000613968	39090	0.978375	FALSE	ORF1ab:cds-YP_009725295.1	GAA	E	GTA	V	1503
NC_045512.2	4773	A	G	39029	21186	50	34	33	34	0.000869788	39090	0.757818	FALSE	ORF1ab:cds-YP_009724389.1	GAA	E	GGA	G	1503
NC_045512.2	4773	A	G	39029	21186	50	34	33	34	0.000869788	39090	0.757818	FALSE	ORF1ab:cds-YP_009725295.1	GAA	E	GGA	G	1503
NC_045512.2	4773	A	C	39029	21186	50	3	2	31	7.6746e-05	39090	1	FALSE	ORF1ab:cds-YP_009724389.1	GAA	E	GCA	A	1503
NC_045512.2	4773	A	C	39029	21186	50	3	2	31	7.6746e-05	39090	1	FALSE	ORF1ab:cds-YP_009725295.1	GAA	E	GCA	A	1503
NC_045512.2	4774	A	T	39006	21089	50	27	27	35	0.000691492	39046	0.945508	FALSE	ORF1ab:cds-YP_009724389.1	GAA	E	GAT	D	1503
NC_045512.2	4774	A	T	39006	21089	50	27	27	35	0.000691492	39046	0.945508	FALSE	ORF1ab:cds-YP_009725295.1	GAA	E	GAT	D	1503
NC_045512.2	4774	A	G	39006	21089	50	11	8	34	0.000281719	39046	0.999988	FALSE	ORF1ab:cds-YP_009724389.1	GAA	E	GAG	E	1503
NC_045512.2	4774	A	G	39006	21089	50	11	8	34	0.000281719	39046	0.999988	FALSE	ORF1ab:cds-YP_009725295.1	GAA	E	GAG	E	1503
NC_045512.2	4774	A	C	39006	21089	50	2	2	34	5.12216e-05	39046	1	FALSE	ORF1ab:cds-YP_009724389.1	GAA	E	GAC	D	1503
NC_045512.2	4774	A	C	39006	21089	50	2	2	34	5.12216e-05	39046	1	FALSE	ORF1ab:cds-YP_009725295.1	GAA	E	GAC	D	1503
NC_045512.2	4775	A	T	38950	21217	50	6	5	38	0.000153929	38979	1	FALSE	ORF1ab:cds-YP_009724389.1	ACC	T	TCC	S	1504
NC_045512.2	4775	A	T	38950	21217	50	6	5	38	0.000153929	38979	1	FALSE	ORF1ab:cds-YP_009725295.1	ACC	T	TCC	S	1504
NC_045512.2	4775	A	G	38950	21217	50	16	14	35	0.000410477	38979	0.999252	FALSE	ORF1ab:cds-YP_009724389.1	ACC	T	GCC	A	1504
NC_045512.2	4775	A	G	38950	21217	50	16	14	35	0.000410477	38979	0.999252	FALSE	ORF1ab:cds-YP_009725295.1	ACC	T	GCC	A	1504
NC_045512.2	4775	A	C	38950	21217	50	7	6	31	0.000179584	38979	1	FALSE	ORF1ab:cds-YP_009724389.1	ACC	T	CCC	P	1504
NC_045512.2	4775	A	C	38950	21217	50	7	6	31	0.000179584	38979	1	FALSE	ORF1ab:cds-YP_009725295.1	ACC	T	CCC	P	1504
NC_045512.2	4776	C	T	39551	21388	50	20	18	38	0.000504745	39624	0.995628	FALSE	ORF1ab:cds-YP_009724389.1	ACC	T	ATC	I	1504
NC_045512.2	4776	C	T	39551	21388	50	20	18	38	0.000504745	39624	0.995628	FALSE	ORF1ab:cds-YP_009725295.1	ACC	T	ATC	I	1504
NC_045512.2	4776	C	G	39551	21388	50	2	1	34	5.04745e-05	39624	1	FALSE	ORF1ab:cds-YP_009724389.1	ACC	T	AGC	S	1504
NC_045512.2	4776	C	G	39551	21388	50	2	1	34	5.04745e-05	39624	1	FALSE	ORF1ab:cds-YP_009725295.1	ACC	T	AGC	S	1504
NC_045512.2	4776	C	A	39551	21388	50	51	51	33	0.0012871	39624	0.122407	FALSE	ORF1ab:cds-YP_009724389.1	ACC	T	AAC	N	1504
NC_045512.2	4776	C	A	39551	21388	50	51	51	33	0.0012871	39624	0.122407	FALSE	ORF1ab:cds-YP_009725295.1	ACC	T	AAC	N	1504
NC_045512.2	4777	C	T	39798	21560	50	12	12	32	0.000301258	39833	0.999971	FALSE	ORF1ab:cds-YP_009724389.1	ACC	T	ACT	T	1504
NC_045512.2	4777	C	T	39798	21560	50	12	12	32	0.000301258	39833	0.999971	FALSE	ORF1ab:cds-YP_009725295.1	ACC	T	ACT	T	1504
NC_045512.2	4777	C	G	39798	21560	50	1	1	26	2.51048e-05	39833	1	FALSE	ORF1ab:cds-YP_009724389.1	ACC	T	ACG	T	1504
NC_045512.2	4777	C	G	39798	21560	50	1	1	26	2.51048e-05	39833	1	FALSE	ORF1ab:cds-YP_009725295.1	ACC	T	ACG	T	1504
NC_045512.2	4777	C	A	39798	21560	50	22	19	34	0.000552306	39833	0.989785	FALSE	ORF1ab:cds-YP_009724389.1	ACC	T	ACA	T	1504
NC_045512.2	4777	C	A	39798	21560	50	22	19	34	0.000552306	39833	0.989785	FALSE	ORF1ab:cds-YP_009725295.1	ACC	T	ACA	T	1504
NC_045512.2	4778	A	T	39366	21303	50	9	9	33	0.000228282	39425	0.999998	FALSE	ORF1ab:cds-YP_009724389.1	ATC	I	TTC	F	1505
NC_045512.2	4778	A	T	39366	21303	50	9	9	33	0.000228282	39425	0.999998	FALSE	ORF1ab:cds-YP_009725295.1	ATC	I	TTC	F	1505
NC_045512.2	4778	A	G	39366	21303	50	8	3	41	0.000202917	39425	0.112856	FALSE	ORF1ab:cds-YP_009724389.1	ATC	I	GTC	V	1505
NC_045512.2	4778	A	G	39366	21303	50	8	3	41	0.000202917	39425	0.112856	FALSE	ORF1ab:cds-YP_009725295.1	ATC	I	GTC	V	1505
NC_045512.2	4778	A	C	39366	21303	50	42	42	32	0.00106531	39425	0.411399	FALSE	ORF1ab:cds-YP_009724389.1	ATC	I	CTC	L	1505
NC_045512.2	4778	A	C	39366	21303	50	42	42	32	0.00106531	39425	0.411399	FALSE	ORF1ab:cds-YP_009725295.1	ATC	I	CTC	L	1505
NC_045512.2	4778	A	-T	39366	21303	50	1	0	20	2.53646e-05	39425	1	FALSE	NA	NA	NA	NA	NA	NA
NC_045512.2	4779	T	G	38532	20353	49	3	1	29	7.77222e-05	38599	1	FALSE	ORF1ab:cds-YP_009724389.1	ATC	I	AGC	S	1505
NC_045512.2	4779	T	G	38532	20353	49	3	1	29	7.77222e-05	38599	1	FALSE	ORF1ab:cds-YP_009725295.1	ATC	I	AGC	S	1505
NC_045512.2	4779	T	C	38532	20353	49	28	26	37	0.000725407	38599	0.911793	FALSE	ORF1ab:cds-YP_009724389.1	ATC	I	ACC	T	1505
NC_045512.2	4779	T	C	38532	20353	49	28	26	37	0.000725407	38599	0.911793	FALSE	ORF1ab:cds-YP_009725295.1	ATC	I	ACC	T	1505
NC_045512.2	4779	T	A	38532	20353	49	36	36	32	0.000932667	38599	0.634986	FALSE	ORF1ab:cds-YP_009724389.1	ATC	I	AAC	N	1505
NC_045512.2	4779	T	A	38532	20353	49	36	36	32	0.000932667	38599	0.634986	FALSE	ORF1ab:cds-YP_009725295.1	ATC	I	AAC	N	1505
NC_045512.2	4780	C	T	39550	21465	50	34	34	33	0.000858608	39599	0.758234	FALSE	ORF1ab:cds-YP_009724389.1	ATC	I	ATT	I	1505
NC_045512.2	4780	C	T	39550	21465	50	34	34	33	0.000858608	39599	0.758234	FALSE	ORF1ab:cds-YP_009725295.1	ATC	I	ATT	I	1505
NC_045512.2	4780	C	G	39550	21465	50	4	4	34	0.000101013	39599	1	FALSE	ORF1ab:cds-YP_009724389.1	ATC	I	ATG	M	1505
NC_045512.2	4780	C	G	39550	21465	50	4	4	34	0.000101013	39599	1	FALSE	ORF1ab:cds-YP_009725295.1	ATC	I	ATG	M	1505
NC_045512.2	4780	C	A	39550	21465	50	11	10	31	0.000277785	39599	0.999988	FALSE	ORF1ab:cds-YP_009724389.1	ATC	I	ATA	I	1505
NC_045512.2	4780	C	A	39550	21465	50	11	10	31	0.000277785	39599	0.999988	FALSE	ORF1ab:cds-YP_009725295.1	ATC	I	ATA	I	1505
NC_045512.2	4781	T	G	39554	21440	50	5	4	40	0.000126212	39616	0.362501	FALSE	ORF1ab:cds-YP_009724389.1	TCA	S	GCA	A	1506
NC_045512.2	4781	T	G	39554	21440	50	5	4	40	0.000126212	39616	0.362501	FALSE	ORF1ab:cds-YP_009725295.1	TCA	S	GCA	A	1506
NC_045512.2	4781	T	C	39554	21440	50	43	42	34	0.00108542	39616	0.369482	FALSE	ORF1ab:cds-YP_009724389.1	TCA	S	CCA	P	1506
NC_045512.2	4781	T	C	39554	21440	50	43	42	34	0.00108542	39616	0.369482	FALSE	ORF1ab:cds-YP_009725295.1	TCA	S	CCA	P	1506
NC_045512.2	4781	T	A	39554	21440	50	14	14	32	0.000353393	39616	0.999864	FALSE	ORF1ab:cds-YP_009724389.1	TCA	S	ACA	T	1506
NC_045512.2	4781	T	A	39554	21440	50	14	14	32	0.000353393	39616	0.999864	FALSE	ORF1ab:cds-YP_009725295.1	TCA	S	ACA	T	1506
NC_045512.2	4782	C	T	39946	21645	50	52	52	32	0.00129994	40002	0.12545	FALSE	ORF1ab:cds-YP_009724389.1	TCA	S	TTA	L	1506
NC_045512.2	4782	C	T	39946	21645	50	52	52	32	0.00129994	40002	0.12545	FALSE	ORF1ab:cds-YP_009725295.1	TCA	S	TTA	L	1506
NC_045512.2	4782	C	G	39946	21645	50	2	1	34	4.99975e-05	40002	1	FALSE	ORF1ab:cds-YP_009724389.1	TCA	S	TGA	*	1506
NC_045512.2	4782	C	G	39946	21645	50	2	1	34	4.99975e-05	40002	1	FALSE	ORF1ab:cds-YP_009725295.1	TCA	S	TGA	*	1506
NC_045512.2	4782	C	A	39946	21645	50	2	1	34	4.99975e-05	40002	1	FALSE	ORF1ab:cds-YP_009724389.1	TCA	S	TAA	*	1506
NC_045512.2	4782	C	A	39946	21645	50	2	1	34	4.99975e-05	40002	1	FALSE	ORF1ab:cds-YP_009725295.1	TCA	S	TAA	*	1506
NC_045512.2	4783	A	T	39325	21528	49	20	20	33	0.000507588	39402	0.995622	FALSE	ORF1ab:cds-YP_009724389.1	TCA	S	TCT	S	1506
NC_045512.2	4783	A	T	39325	21528	49	20	20	33	0.000507588	39402	0.995622	FALSE	ORF1ab:cds-YP_009725295.1	TCA	S	TCT	S	1506
NC_045512.2	4783	A	G	39325	21528	49	6	5	32	0.000152277	39402	1	FALSE	ORF1ab:cds-YP_009724389.1	TCA	S	TCG	S	1506
NC_045512.2	4783	A	G	39325	21528	49	6	5	32	0.000152277	39402	1	FALSE	ORF1ab:cds-YP_009725295.1	TCA	S	TCG	S	1506
NC_045512.2	4783	A	C	39325	21528	49	51	50	33	0.00129435	39402	0.122305	FALSE	ORF1ab:cds-YP_009724389.1	TCA	S	TCC	S	1506
NC_045512.2	4783	A	C	39325	21528	49	51	50	33	0.00129435	39402	0.122305	FALSE	ORF1ab:cds-YP_009725295.1	TCA	S	TCC	S	1506
NC_045512.2	4784	C	T	39900	21541	50	21	20	34	0.000525473	39964	0.993196	FALSE	ORF1ab:cds-YP_009724389.1	CTT	L	TTT	F	1507
NC_045512.2	4784	C	T	39900	21541	50	21	20	34	0.000525473	39964	0.993196	FALSE	ORF1ab:cds-YP_009725295.1	CTT	L	TTT	F	1507
NC_045512.2	4784	C	G	39900	21541	50	1	1	34	2.50225e-05	39964	1	FALSE	ORF1ab:cds-YP_009724389.1	CTT	L	GTT	V	1507
NC_045512.2	4784	C	G	39900	21541	50	1	1	34	2.50225e-05	39964	1	FALSE	ORF1ab:cds-YP_009725295.1	CTT	L	GTT	V	1507
NC_045512.2	4784	C	A	39900	21541	50	42	42	33	0.00105095	39964	0.411189	FALSE	ORF1ab:cds-YP_009724389.1	CTT	L	ATT	I	1507
NC_045512.2	4784	C	A	39900	21541	50	42	42	33	0.00105095	39964	0.411189	FALSE	ORF1ab:cds-YP_009725295.1	CTT	L	ATT	I	1507
NC_045512.2	4785	T	C	38883	20778	50	55	54	32	0.00141207	38950	0.0480469	FALSE	ORF1ab:cds-YP_009724389.1	CTT	L	CCT	P	1507
NC_045512.2	4785	T	C	38883	20778	50	55	54	32	0.00141207	38950	0.0480469	FALSE	ORF1ab:cds-YP_009725295.1	CTT	L	CCT	P	1507
NC_045512.2	4785	T	A	38883	20778	50	12	12	32	0.000308087	38950	0.999954	FALSE	ORF1ab:cds-YP_009724389.1	CTT	L	CAT	H	1507
NC_045512.2	4785	T	A	38883	20778	50	12	12	32	0.000308087	38950	0.999954	FALSE	ORF1ab:cds-YP_009725295.1	CTT	L	CAT	H	1507
NC_045512.2	4786	T	G	38799	20698	50	7	6	30	0.000180273	38830	1	FALSE	ORF1ab:cds-YP_009724389.1	CTT	L	CTG	L	1507
NC_045512.2	4786	T	G	38799	20698	50	7	6	30	0.000180273	38830	1	FALSE	ORF1ab:cds-YP_009725295.1	CTT	L	CTG	L	1507
NC_045512.2	4786	T	C	38799	20698	50	7	7	41	0.000180273	38830	0.171616	FALSE	ORF1ab:cds-YP_009724389.1	CTT	L	CTC	L	1507
NC_045512.2	4786	T	C	38799	20698	50	7	7	41	0.000180273	38830	0.171616	FALSE	ORF1ab:cds-YP_009725295.1	CTT	L	CTC	L	1507
NC_045512.2	4786	T	A	38799	20698	50	17	17	33	0.000437806	38830	0.998666	FALSE	ORF1ab:cds-YP_009724389.1	CTT	L	CTA	L	1507
NC_045512.2	4786	T	A	38799	20698	50	17	17	33	0.000437806	38830	0.998666	FALSE	ORF1ab:cds-YP_009725295.1	CTT	L	CTA	L	1507
NC_045512.2	4787	G	T	38882	20689	50	49	48	33	0.00125776	38958	0.14097	FALSE	ORF1ab:cds-YP_009724389.1	GCT	A	TCT	S	1508
NC_045512.2	4787	G	T	38882	20689	50	49	48	33	0.00125776	38958	0.14097	FALSE	ORF1ab:cds-YP_009725295.1	GCT	A	TCT	S	1508
NC_045512.2	4787	G	C	38882	20689	50	18	18	35	0.000462036	38958	0.997687	FALSE	ORF1ab:cds-YP_009724389.1	GCT	A	CCT	P	1508
NC_045512.2	4787	G	C	38882	20689	50	18	18	35	0.000462036	38958	0.997687	FALSE	ORF1ab:cds-YP_009725295.1	GCT	A	CCT	P	1508
NC_045512.2	4787	G	A	38882	20689	50	9	8	33	0.000231018	38958	0.999997	FALSE	ORF1ab:cds-YP_009724389.1	GCT	A	ACT	T	1508
NC_045512.2	4787	G	A	38882	20689	50	9	8	33	0.000231018	38958	0.999997	FALSE	ORF1ab:cds-YP_009725295.1	GCT	A	ACT	T	1508
NC_045512.2	4788	C	T	38710	21108	50	25	25	34	0.000644695	38778	0.961237	FALSE	ORF1ab:cds-YP_009724389.1	GCT	A	GTT	V	1508
NC_045512.2	4788	C	T	38710	21108	50	25	25	34	0.000644695	38778	0.961237	FALSE	ORF1ab:cds-YP_009725295.1	GCT	A	GTT	V	1508
NC_045512.2	4788	C	G	38710	21108	50	37	37	32	0.000954149	38778	0.589959	FALSE	ORF1ab:cds-YP_009724389.1	GCT	A	GGT	G	1508
NC_045512.2	4788	C	G	38710	21108	50	37	37	32	0.000954149	38778	0.589959	FALSE	ORF1ab:cds-YP_009725295.1	GCT	A	GGT	G	1508
NC_045512.2	4788	C	A	38710	21108	50	6	6	34	0.000154727	38778	1	FALSE	ORF1ab:cds-YP_009724389.1	GCT	A	GAT	D	1508
NC_045512.2	4788	C	A	38710	21108	50	6	6	34	0.000154727	38778	1	FALSE	ORF1ab:cds-YP_009725295.1	GCT	A	GAT	D	1508
NC_045512.2	4789	T	G	38868	21157	51	10	9	36	0.000256937	38920	0.999992	FALSE	ORF1ab:cds-YP_009724389.1	GCT	A	GCG	A	1508
NC_045512.2	4789	T	G	38868	21157	51	10	9	36	0.000256937	38920	0.999992	FALSE	ORF1ab:cds-YP_009725295.1	GCT	A	GCG	A	1508
NC_045512.2	4789	T	C	38868	21157	51	40	39	35	0.00102775	38920	0.454454	FALSE	ORF1ab:cds-YP_009724389.1	GCT	A	GCC	A	1508
NC_045512.2	4789	T	C	38868	21157	51	40	39	35	0.00102775	38920	0.454454	FALSE	ORF1ab:cds-YP_009725295.1	GCT	A	GCC	A	1508
NC_045512.2	4789	T	A	38868	21157	51	2	2	30	5.13875e-05	38920	1	FALSE	ORF1ab:cds-YP_009724389.1	GCT	A	GCA	A	1508
NC_045512.2	4789	T	A	38868	21157	51	2	2	30	5.13875e-05	38920	1	FALSE	ORF1ab:cds-YP_009725295.1	GCT	A	GCA	A	1508
NC_045512.2	4790	G	T	38887	21132	51	49	48	33	0.0012577	38960	0.14105	FALSE	ORF1ab:cds-YP_009724389.1	GGT	G	TGT	C	1509
NC_045512.2	4790	G	T	38887	21132	51	49	48	33	0.0012577	38960	0.14105	FALSE	ORF1ab:cds-YP_009725295.1	GGT	G	TGT	C	1509
NC_045512.2	4790	G	C	38887	21132	51	13	13	32	0.000333676	38960	0.999899	FALSE	ORF1ab:cds-YP_009724389.1	GGT	G	CGT	R	1509
NC_045512.2	4790	G	C	38887	21132	51	13	13	32	0.000333676	38960	0.999899	FALSE	ORF1ab:cds-YP_009725295.1	GGT	G	CGT	R	1509
NC_045512.2	4790	G	A	38887	21132	51	11	10	36	0.000282341	38960	0.99998	FALSE	ORF1ab:cds-YP_009724389.1	GGT	G	AGT	S	1509
NC_045512.2	4790	G	A	38887	21132	51	11	10	36	0.000282341	38960	0.99998	FALSE	ORF1ab:cds-YP_009725295.1	GGT	G	AGT	S	1509
NC_045512.2	4791	G	T	38253	20711	52	16	16	33	0.000417831	38293	0.999249	FALSE	ORF1ab:cds-YP_009724389.1	GGT	G	GTT	V	1509
NC_045512.2	4791	G	T	38253	20711	52	16	16	33	0.000417831	38293	0.999249	FALSE	ORF1ab:cds-YP_009725295.1	GGT	G	GTT	V	1509
NC_045512.2	4791	G	C	38253	20711	52	17	17	32	0.000443945	38293	0.998662	FALSE	ORF1ab:cds-YP_009724389.1	GGT	G	GCT	A	1509
NC_045512.2	4791	G	C	38253	20711	52	17	17	32	0.000443945	38293	0.998662	FALSE	ORF1ab:cds-YP_009725295.1	GGT	G	GCT	A	1509
NC_045512.2	4791	G	A	38253	20711	52	7	6	36	0.000182801	38293	1	FALSE	ORF1ab:cds-YP_009724389.1	GGT	G	GAT	D	1509
NC_045512.2	4791	G	A	38253	20711	52	7	6	36	0.000182801	38293	1	FALSE	ORF1ab:cds-YP_009725295.1	GGT	G	GAT	D	1509
NC_045512.2	4792	T	G	38079	20507	51	47	47	32	0.00123217	38144	0.192138	FALSE	ORF1ab:cds-YP_009724389.1	GGT	G	GGG	G	1509
NC_045512.2	4792	T	G	38079	20507	51	47	47	32	0.00123217	38144	0.192138	FALSE	ORF1ab:cds-YP_009725295.1	GGT	G	GGG	G	1509
NC_045512.2	4792	T	C	38079	20507	51	6	5	34	0.000157299	38144	1	FALSE	ORF1ab:cds-YP_009724389.1	GGT	G	GGC	G	1509
NC_045512.2	4792	T	C	38079	20507	51	6	5	34	0.000157299	38144	1	FALSE	ORF1ab:cds-YP_009725295.1	GGT	G	GGC	G	1509
NC_045512.2	4792	T	A	38079	20507	51	12	12	35	0.000314597	38144	0.999954	FALSE	ORF1ab:cds-YP_009724389.1	GGT	G	GGA	G	1509
NC_045512.2	4792	T	A	38079	20507	51	12	12	35	0.000314597	38144	0.999954	FALSE	ORF1ab:cds-YP_009725295.1	GGT	G	GGA	G	1509
NC_045512.2	4793	T	G	38291	20830	52	17	16	33	0.000443563	38326	0.998664	FALSE	ORF1ab:cds-YP_009724389.1	TCC	S	GCC	A	1510
NC_045512.2	4793	T	G	38291	20830	52	17	16	33	0.000443563	38326	0.998664	FALSE	ORF1ab:cds-YP_009725295.1	TCC	S	GCC	A	1510
NC_045512.2	4793	T	C	38291	20830	52	8	7	42	0.000208736	38326	0.113046	FALSE	ORF1ab:cds-YP_009724389.1	TCC	S	CCC	P	1510
NC_045512.2	4793	T	C	38291	20830	52	8	7	42	0.000208736	38326	0.113046	FALSE	ORF1ab:cds-YP_009725295.1	TCC	S	CCC	P	1510
NC_045512.2	4793	T	A	38291	20830	52	10	9	35	0.000260919	38326	0.999992	FALSE	ORF1ab:cds-YP_009724389.1	TCC	S	ACC	T	1510
NC_045512.2	4793	T	A	38291	20830	52	10	9	35	0.000260919	38326	0.999992	FALSE	ORF1ab:cds-YP_009725295.1	TCC	S	ACC	T	1510
NC_045512.2	4794	C	T	38264	20694	51	56	55	33	0.00146058	38341	0.0391812	FALSE	ORF1ab:cds-YP_009724389.1	TCC	S	TTC	F	1510
NC_045512.2	4794	C	T	38264	20694	51	56	55	33	0.00146058	38341	0.0391812	FALSE	ORF1ab:cds-YP_009725295.1	TCC	S	TTC	F	1510
NC_045512.2	4794	C	G	38264	20694	51	13	13	33	0.000339063	38341	0.999899	FALSE	ORF1ab:cds-YP_009724389.1	TCC	S	TGC	C	1510
NC_045512.2	4794	C	G	38264	20694	51	13	13	33	0.000339063	38341	0.999899	FALSE	ORF1ab:cds-YP_009725295.1	TCC	S	TGC	C	1510
NC_045512.2	4794	C	A	38264	20694	51	8	8	33	0.000208654	38341	0.999999	FALSE	ORF1ab:cds-YP_009724389.1	TCC	S	TAC	Y	1510
NC_045512.2	4794	C	A	38264	20694	51	8	8	33	0.000208654	38341	0.999999	FALSE	ORF1ab:cds-YP_009725295.1	TCC	S	TAC	Y	1510
NC_045512.2	4795	C	T	38789	20748	51	28	28	35	0.000721055	38832	0.912215	FALSE	ORF1ab:cds-YP_009724389.1	TCC	S	TCT	S	1510
NC_045512.2	4795	C	T	38789	20748	51	28	28	35	0.000721055	38832	0.912215	FALSE	ORF1ab:cds-YP_009725295.1	TCC	S	TCT	S	1510
NC_045512.2	4795	C	G	38789	20748	51	2	2	34	5.15039e-05	38832	1	FALSE	ORF1ab:cds-YP_009724389.1	TCC	S	TCG	S	1510
NC_045512.2	4795	C	G	38789	20748	51	2	2	34	5.15039e-05	38832	1	FALSE	ORF1ab:cds-YP_009725295.1	TCC	S	TCG	S	1510
NC_045512.2	4795	C	A	38789	20748	51	13	13	34	0.000334775	38832	0.9999	FALSE	ORF1ab:cds-YP_009724389.1	TCC	S	TCA	S	1510
NC_045512.2	4795	C	A	38789	20748	51	13	13	34	0.000334775	38832	0.9999	FALSE	ORF1ab:cds-YP_009725295.1	TCC	S	TCA	S	1510
NC_045512.2	4796	T	G	38799	20678	51	3	2	34	7.71903e-05	38865	1	FALSE	ORF1ab:cds-YP_009724389.1	TAT	Y	GAT	D	1511
NC_045512.2	4796	T	G	38799	20678	51	3	2	34	7.71903e-05	38865	1	FALSE	ORF1ab:cds-YP_009725295.1	TAT	Y	GAT	D	1511
NC_045512.2	4796	T	C	38799	20678	51	54	52	33	0.00138942	38865	0.0584179	FALSE	ORF1ab:cds-YP_009724389.1	TAT	Y	CAT	H	1511
NC_045512.2	4796	T	C	38799	20678	51	54	52	33	0.00138942	38865	0.0584179	FALSE	ORF1ab:cds-YP_009725295.1	TAT	Y	CAT	H	1511
NC_045512.2	4796	T	A	38799	20678	51	9	9	33	0.000231571	38865	0.999997	FALSE	ORF1ab:cds-YP_009724389.1	TAT	Y	AAT	N	1511
NC_045512.2	4796	T	A	38799	20678	51	9	9	33	0.000231571	38865	0.999997	FALSE	ORF1ab:cds-YP_009725295.1	TAT	Y	AAT	N	1511
NC_045512.2	4797	A	T	38956	20796	52	47	47	33	0.00120417	39031	0.224184	FALSE	ORF1ab:cds-YP_009724389.1	TAT	Y	TTT	F	1511
NC_045512.2	4797	A	T	38956	20796	52	47	47	33	0.00120417	39031	0.224184	FALSE	ORF1ab:cds-YP_009725295.1	TAT	Y	TTT	F	1511
NC_045512.2	4797	A	G	38956	20796	52	4	2	42	0.000102483	39031	0.499018	FALSE	ORF1ab:cds-YP_009724389.1	TAT	Y	TGT	C	1511
NC_045512.2	4797	A	G	38956	20796	52	4	2	42	0.000102483	39031	0.499018	FALSE	ORF1ab:cds-YP_009725295.1	TAT	Y	TGT	C	1511
NC_045512.2	4797	A	C	38956	20796	52	24	24	32	0.000614896	39031	0.978301	FALSE	ORF1ab:cds-YP_009724389.1	TAT	Y	TCT	S	1511
NC_045512.2	4797	A	C	38956	20796	52	24	24	32	0.000614896	39031	0.978301	FALSE	ORF1ab:cds-YP_009725295.1	TAT	Y	TCT	S	1511
NC_045512.2	4798	T	G	38914	20850	52	3	2	34	7.69487e-05	38987	1	FALSE	ORF1ab:cds-YP_009724389.1	TAT	Y	TAG	*	1511
NC_045512.2	4798	T	G	38914	20850	52	3	2	34	7.69487e-05	38987	1	FALSE	ORF1ab:cds-YP_009725295.1	TAT	Y	TAG	*	1511
NC_045512.2	4798	T	C	38914	20850	52	21	21	34	0.000538641	38987	0.990729	FALSE	ORF1ab:cds-YP_009724389.1	TAT	Y	TAC	Y	1511
NC_045512.2	4798	T	C	38914	20850	52	21	21	34	0.000538641	38987	0.990729	FALSE	ORF1ab:cds-YP_009725295.1	TAT	Y	TAC	Y	1511
NC_045512.2	4798	T	A	38914	20850	52	49	49	32	0.00125683	38987	0.141051	FALSE	ORF1ab:cds-YP_009724389.1	TAT	Y	TAA	*	1511
NC_045512.2	4798	T	A	38914	20850	52	49	49	32	0.00125683	38987	0.141051	FALSE	ORF1ab:cds-YP_009725295.1	TAT	Y	TAA	*	1511
NC_045512.2	4799	A	T	38544	20779	51	57	57	32	0.00147615	38614	0.031916	FALSE	ORF1ab:cds-YP_009724389.1	AAA	K	TAA	*	1512
NC_045512.2	4799	A	T	38544	20779	51	57	57	32	0.00147615	38614	0.031916	FALSE	ORF1ab:cds-YP_009725295.1	AAA	K	TAA	*	1512
NC_045512.2	4799	A	G	38544	20779	51	5	4	32	0.000129487	38614	1	FALSE	ORF1ab:cds-YP_009724389.1	AAA	K	GAA	E	1512
NC_045512.2	4799	A	G	38544	20779	51	5	4	32	0.000129487	38614	1	FALSE	ORF1ab:cds-YP_009725295.1	AAA	K	GAA	E	1512
NC_045512.2	4799	A	C	38544	20779	51	8	8	32	0.000207179	38614	0.999999	FALSE	ORF1ab:cds-YP_009724389.1	AAA	K	CAA	Q	1512
NC_045512.2	4799	A	C	38544	20779	51	8	8	32	0.000207179	38614	0.999999	FALSE	ORF1ab:cds-YP_009725295.1	AAA	K	CAA	Q	1512
NC_045512.2	4800	A	T	38795	20811	51	16	16	33	0.000412095	38826	0.999251	FALSE	ORF1ab:cds-YP_009724389.1	AAA	K	ATA	I	1512
NC_045512.2	4800	A	T	38795	20811	51	16	16	33	0.000412095	38826	0.999251	FALSE	ORF1ab:cds-YP_009725295.1	AAA	K	ATA	I	1512
NC_045512.2	4800	A	G	38795	20811	51	5	2	46	0.00012878	38826	0.362922	FALSE	ORF1ab:cds-YP_009724389.1	AAA	K	AGA	R	1512
NC_045512.2	4800	A	G	38795	20811	51	5	2	46	0.00012878	38826	0.362922	FALSE	ORF1ab:cds-YP_009725295.1	AAA	K	AGA	R	1512
NC_045512.2	4800	A	C	38795	20811	51	10	10	33	0.000257559	38826	0.999992	FALSE	ORF1ab:cds-YP_009724389.1	AAA	K	ACA	T	1512
NC_045512.2	4800	A	C	38795	20811	51	10	10	33	0.000257559	38826	0.999992	FALSE	ORF1ab:cds-YP_009725295.1	AAA	K	ACA	T	1512
NC_045512.2	4801	A	T	38719	20785	51	19	19	32	0.000490335	38749	0.996246	FALSE	ORF1ab:cds-YP_009724389.1	AAA	K	AAT	N	1512
NC_045512.2	4801	A	T	38719	20785	51	19	19	32	0.000490335	38749	0.996246	FALSE	ORF1ab:cds-YP_009725295.1	AAA	K	AAT	N	1512
NC_045512.2	4801	A	G	38719	20785	51	4	3	40	0.000103228	38749	0.499647	FALSE	ORF1ab:cds-YP_009724389.1	AAA	K	AAG	K	1512
NC_045512.2	4801	A	G	38719	20785	51	4	3	40	0.000103228	38749	0.499647	FALSE	ORF1ab:cds-YP_009725295.1	AAA	K	AAG	K	1512
NC_045512.2	4801	A	C	38719	20785	51	7	7	30	0.00018065	38749	1	FALSE	ORF1ab:cds-YP_009724389.1	AAA	K	AAC	N	1512
NC_045512.2	4801	A	C	38719	20785	51	7	7	30	0.00018065	38749	1	FALSE	ORF1ab:cds-YP_009725295.1	AAA	K	AAC	N	1512
NC_045512.2	4802	G	T	38785	20631	50	9	9	34	0.000231595	38861	0.999997	FALSE	ORF1ab:cds-YP_009724389.1	GAT	D	TAT	Y	1513
NC_045512.2	4802	G	T	38785	20631	50	9	9	34	0.000231595	38861	0.999997	FALSE	ORF1ab:cds-YP_009725295.1	GAT	D	TAT	Y	1513
NC_045512.2	4802	G	C	38785	20631	50	5	5	34	0.000128664	38861	1	FALSE	ORF1ab:cds-YP_009724389.1	GAT	D	CAT	H	1513
NC_045512.2	4802	G	C	38785	20631	50	5	5	34	0.000128664	38861	1	FALSE	ORF1ab:cds-YP_009725295.1	GAT	D	CAT	H	1513
NC_045512.2	4802	G	A	38785	20631	50	62	62	33	0.00159543	38861	0.0104022	FALSE	ORF1ab:cds-YP_009724389.1	GAT	D	AAT	N	1513
NC_045512.2	4802	G	A	38785	20631	50	62	62	33	0.00159543	38861	0.0104022	FALSE	ORF1ab:cds-YP_009725295.1	GAT	D	AAT	N	1513
NC_045512.2	4803	A	T	38456	20746	50	9	9	31	0.000233681	38514	0.999997	FALSE	ORF1ab:cds-YP_009724389.1	GAT	D	GTT	V	1513
NC_045512.2	4803	A	T	38456	20746	50	9	9	31	0.000233681	38514	0.999997	FALSE	ORF1ab:cds-YP_009725295.1	GAT	D	GTT	V	1513
NC_045512.2	4803	A	G	38456	20746	50	41	41	33	0.00106455	38514	0.410306	FALSE	ORF1ab:cds-YP_009724389.1	GAT	D	GGT	G	1513
NC_045512.2	4803	A	G	38456	20746	50	41	41	33	0.00106455	38514	0.410306	FALSE	ORF1ab:cds-YP_009725295.1	GAT	D	GGT	G	1513
NC_045512.2	4803	A	C	38456	20746	50	8	6	33	0.000207717	38514	0.999999	FALSE	ORF1ab:cds-YP_009724389.1	GAT	D	GCT	A	1513
NC_045512.2	4803	A	C	38456	20746	50	8	6	33	0.000207717	38514	0.999999	FALSE	ORF1ab:cds-YP_009725295.1	GAT	D	GCT	A	1513
NC_045512.2	4803	A	-T	38456	20746	50	1	0	20	2.59646e-05	38514	1	FALSE	NA	NA	NA	NA	NA	NA
NC_045512.2	4804	T	G	37914	20262	51	8	8	30	0.000210571	37992	0.999998	FALSE	ORF1ab:cds-YP_009724389.1	GAT	D	GAG	E	1513
NC_045512.2	4804	T	G	37914	20262	51	8	8	30	0.000210571	37992	0.999998	FALSE	ORF1ab:cds-YP_009725295.1	GAT	D	GAG	E	1513
NC_045512.2	4804	T	C	37914	20262	51	5	3	34	0.000131607	37992	1	FALSE	ORF1ab:cds-YP_009724389.1	GAT	D	GAC	D	1513
NC_045512.2	4804	T	C	37914	20262	51	5	3	34	0.000131607	37992	1	FALSE	ORF1ab:cds-YP_009725295.1	GAT	D	GAC	D	1513
NC_045512.2	4804	T	A	37914	20262	51	65	65	32	0.00171089	37992	0.00356538	TRUE	ORF1ab:cds-YP_009724389.1	GAT	D	GAA	E	1513
NC_045512.2	4804	T	A	37914	20262	51	65	65	32	0.00171089	37992	0.00356538	TRUE	ORF1ab:cds-YP_009725295.1	GAT	D	GAA	E	1513
NC_045512.2	4805	T	G	37833	20415	51	15	14	31	0.00039605	37874	0.9994	FALSE	ORF1ab:cds-YP_009724389.1	TGG	W	GGG	G	1514
NC_045512.2	4805	T	G	37833	20415	51	15	14	31	0.00039605	37874	0.9994	FALSE	ORF1ab:cds-YP_009725295.1	TGG	W	GGG	G	1514
NC_045512.2	4805	T	C	37833	20415	51	13	12	41	0.000343243	37874	0.0105892	FALSE	ORF1ab:cds-YP_009724389.1	TGG	W	CGG	R	1514
NC_045512.2	4805	T	C	37833	20415	51	13	12	41	0.000343243	37874	0.0105892	FALSE	ORF1ab:cds-YP_009725295.1	TGG	W	CGG	R	1514
NC_045512.2	4805	T	A	37833	20415	51	13	11	33	0.000343243	37874	0.999846	FALSE	ORF1ab:cds-YP_009724389.1	TGG	W	AGG	R	1514
NC_045512.2	4805	T	A	37833	20415	51	13	11	33	0.000343243	37874	0.999846	FALSE	ORF1ab:cds-YP_009725295.1	TGG	W	AGG	R	1514
NC_045512.2	4806	G	T	37547	20416	51	55	54	33	0.00146148	37633	0.037477	FALSE	ORF1ab:cds-YP_009724389.1	TGG	W	TTG	L	1514
NC_045512.2	4806	G	T	37547	20416	51	55	54	33	0.00146148	37633	0.037477	FALSE	ORF1ab:cds-YP_009725295.1	TGG	W	TTG	L	1514
NC_045512.2	4806	G	C	37547	20416	51	6	6	34	0.000159435	37633	1	FALSE	ORF1ab:cds-YP_009724389.1	TGG	W	TCG	S	1514
NC_045512.2	4806	G	C	37547	20416	51	6	6	34	0.000159435	37633	1	FALSE	ORF1ab:cds-YP_009725295.1	TGG	W	TCG	S	1514
NC_045512.2	4806	G	A	37547	20416	51	25	25	32	0.000664311	37633	0.950451	FALSE	ORF1ab:cds-YP_009724389.1	TGG	W	TAG	*	1514
NC_045512.2	4806	G	A	37547	20416	51	25	25	32	0.000664311	37633	0.950451	FALSE	ORF1ab:cds-YP_009725295.1	TGG	W	TAG	*	1514
NC_045512.2	4807	G	T	39990	21202	50	27	27	32	0.00067441	40035	0.956687	FALSE	ORF1ab:cds-YP_009724389.1	TGG	W	TGT	C	1514
NC_045512.2	4807	G	T	39990	21202	50	27	27	32	0.00067441	40035	0.956687	FALSE	ORF1ab:cds-YP_009725295.1	TGG	W	TGT	C	1514
NC_045512.2	4807	G	C	39990	21202	50	9	9	32	0.000224803	40035	0.999999	FALSE	ORF1ab:cds-YP_009724389.1	TGG	W	TGC	C	1514
NC_045512.2	4807	G	C	39990	21202	50	9	9	32	0.000224803	40035	0.999999	FALSE	ORF1ab:cds-YP_009725295.1	TGG	W	TGC	C	1514
NC_045512.2	4807	G	A	39990	21202	50	9	8	37	0.000224803	40035	0.999999	FALSE	ORF1ab:cds-YP_009724389.1	TGG	W	TGA	*	1514
NC_045512.2	4807	G	A	39990	21202	50	9	8	37	0.000224803	40035	0.999999	FALSE	ORF1ab:cds-YP_009725295.1	TGG	W	TGA	*	1514
NC_045512.2	4808	T	G	39590	23347	47	51	49	32	0.00128574	39666	0.122335	FALSE	ORF1ab:cds-YP_009724389.1	TCC	S	GCC	A	1515
NC_045512.2	4808	T	G	39590	23347	47	51	49	32	0.00128574	39666	0.122335	FALSE	ORF1ab:cds-YP_009725295.1	TCC	S	GCC	A	1515
NC_045512.2	4808	T	C	39590	23347	47	14	10	43	0.000352947	39666	0.00630269	TRUE	ORF1ab:cds-YP_009724389.1	TCC	S	CCC	P	1515
NC_045512.2	4808	T	C	39590	23347	47	14	10	43	0.000352947	39666	0.00630269	TRUE	ORF1ab:cds-YP_009725295.1	TCC	S	CCC	P	1515
NC_045512.2	4808	T	A	39590	23347	47	11	10	34	0.000277316	39666	0.999988	FALSE	ORF1ab:cds-YP_009724389.1	TCC	S	ACC	T	1515
NC_045512.2	4808	T	A	39590	23347	47	11	10	34	0.000277316	39666	0.999988	FALSE	ORF1ab:cds-YP_009725295.1	TCC	S	ACC	T	1515
NC_045512.2	4808	T	-C	39590	23347	47	1	0	20	2.52105e-05	39666	1	FALSE	NA	NA	NA	NA	NA	NA
NC_045512.2	4809	C	T	39312	23236	47	55	55	33	0.00139619	39393	0.0601909	FALSE	ORF1ab:cds-YP_009724389.1	TCC	S	TTC	F	1515
NC_045512.2	4809	C	T	39312	23236	47	55	55	33	0.00139619	39393	0.0601909	FALSE	ORF1ab:cds-YP_009725295.1	TCC	S	TTC	F	1515
NC_045512.2	4809	C	G	39312	23236	47	16	16	33	0.000406164	39393	0.999483	FALSE	ORF1ab:cds-YP_009724389.1	TCC	S	TGC	C	1515
NC_045512.2	4809	C	G	39312	23236	47	16	16	33	0.000406164	39393	0.999483	FALSE	ORF1ab:cds-YP_009725295.1	TCC	S	TGC	C	1515
NC_045512.2	4809	C	A	39312	23236	47	10	10	34	0.000253852	39393	0.999995	FALSE	ORF1ab:cds-YP_009724389.1	TCC	S	TAC	Y	1515
NC_045512.2	4809	C	A	39312	23236	47	10	10	34	0.000253852	39393	0.999995	FALSE	ORF1ab:cds-YP_009725295.1	TCC	S	TAC	Y	1515
NC_045512.2	4810	C	T	38838	23250	46	23	22	32	0.000591549	38881	0.980138	FALSE	ORF1ab:cds-YP_009724389.1	TCC	S	TCT	S	1515
NC_045512.2	4810	C	T	38838	23250	46	23	22	32	0.000591549	38881	0.980138	FALSE	ORF1ab:cds-YP_009725295.1	TCC	S	TCT	S	1515
NC_045512.2	4810	C	G	38838	23250	46	12	12	32	0.000308634	38881	0.999955	FALSE	ORF1ab:cds-YP_009724389.1	TCC	S	TCG	S	1515
NC_045512.2	4810	C	G	38838	23250	46	12	12	32	0.000308634	38881	0.999955	FALSE	ORF1ab:cds-YP_009725295.1	TCC	S	TCG	S	1515
NC_045512.2	4810	C	A	38838	23250	46	8	8	34	0.000205756	38881	0.999999	FALSE	ORF1ab:cds-YP_009724389.1	TCC	S	TCA	S	1515
NC_045512.2	4810	C	A	38838	23250	46	8	8	34	0.000205756	38881	0.999999	FALSE	ORF1ab:cds-YP_009725295.1	TCC	S	TCA	S	1515
NC_045512.2	4811	T	G	38451	22578	46	3	2	28	7.78836e-05	38519	1	FALSE	ORF1ab:cds-YP_009724389.1	TAT	Y	GAT	D	1516
NC_045512.2	4811	T	G	38451	22578	46	3	2	28	7.78836e-05	38519	1	FALSE	ORF1ab:cds-YP_009725295.1	TAT	Y	GAT	D	1516
NC_045512.2	4811	T	C	38451	22578	46	50	49	34	0.00129806	38519	0.119847	FALSE	ORF1ab:cds-YP_009724389.1	TAT	Y	CAT	H	1516
NC_045512.2	4811	T	C	38451	22578	46	50	49	34	0.00129806	38519	0.119847	FALSE	ORF1ab:cds-YP_009725295.1	TAT	Y	CAT	H	1516
NC_045512.2	4811	T	A	38451	22578	46	15	15	32	0.000389418	38519	0.999593	FALSE	ORF1ab:cds-YP_009724389.1	TAT	Y	AAT	N	1516
NC_045512.2	4811	T	A	38451	22578	46	15	15	32	0.000389418	38519	0.999593	FALSE	ORF1ab:cds-YP_009725295.1	TAT	Y	AAT	N	1516
NC_045512.2	4812	A	T	40875	22974	46	53	52	32	0.00129426	40950	0.105992	FALSE	ORF1ab:cds-YP_009724389.1	TAT	Y	TTT	F	1516
NC_045512.2	4812	A	T	40875	22974	46	53	52	32	0.00129426	40950	0.105992	FALSE	ORF1ab:cds-YP_009725295.1	TAT	Y	TTT	F	1516
NC_045512.2	4812	A	G	40875	22974	46	4	3	30	9.76801e-05	40950	1	FALSE	ORF1ab:cds-YP_009724389.1	TAT	Y	TGT	C	1516
NC_045512.2	4812	A	G	40875	22974	46	4	3	30	9.76801e-05	40950	1	FALSE	ORF1ab:cds-YP_009725295.1	TAT	Y	TGT	C	1516
NC_045512.2	4812	A	C	40875	22974	46	18	18	31	0.00043956	40950	0.998868	FALSE	ORF1ab:cds-YP_009724389.1	TAT	Y	TCT	S	1516
NC_045512.2	4812	A	C	40875	22974	46	18	18	31	0.00043956	40950	0.998868	FALSE	ORF1ab:cds-YP_009725295.1	TAT	Y	TCT	S	1516
NC_045512.2	4813	T	G	41135	23146	46	6	3	30	0.000145578	41215	1	FALSE	ORF1ab:cds-YP_009724389.1	TAT	Y	TAG	*	1516
NC_045512.2	4813	T	G	41135	23146	46	6	3	30	0.000145578	41215	1	FALSE	ORF1ab:cds-YP_009725295.1	TAT	Y	TAG	*	1516
NC_045512.2	4813	T	C	41135	23146	46	17	17	33	0.000412471	41215	0.999562	FALSE	ORF1ab:cds-YP_009724389.1	TAT	Y	TAC	Y	1516
NC_045512.2	4813	T	C	41135	23146	46	17	17	33	0.000412471	41215	0.999562	FALSE	ORF1ab:cds-YP_009725295.1	TAT	Y	TAC	Y	1516
NC_045512.2	4813	T	A	41135	23146	46	57	57	32	0.00138299	41215	0.0641995	FALSE	ORF1ab:cds-YP_009724389.1	TAT	Y	TAA	*	1516
NC_045512.2	4813	T	A	41135	23146	46	57	57	32	0.00138299	41215	0.0641995	FALSE	ORF1ab:cds-YP_009725295.1	TAT	Y	TAA	*	1516
NC_045512.2	4814	T	G	41089	23043	46	7	7	31	0.000170229	41121	1	FALSE	ORF1ab:cds-YP_009724389.1	TCT	S	GCT	A	1517
NC_045512.2	4814	T	G	41089	23043	46	7	7	31	0.000170229	41121	1	FALSE	ORF1ab:cds-YP_009725295.1	TCT	S	GCT	A	1517
NC_045512.2	4814	T	C	41089	23043	46	9	8	36	0.000218866	41121	0.999999	FALSE	ORF1ab:cds-YP_009724389.1	TCT	S	CCT	P	1517
NC_045512.2	4814	T	C	41089	23043	46	9	8	36	0.000218866	41121	0.999999	FALSE	ORF1ab:cds-YP_009725295.1	TCT	S	CCT	P	1517
NC_045512.2	4814	T	A	41089	23043	46	16	16	33	0.000389096	41121	0.99977	FALSE	ORF1ab:cds-YP_009724389.1	TCT	S	ACT	T	1517
NC_045512.2	4814	T	A	41089	23043	46	16	16	33	0.000389096	41121	0.99977	FALSE	ORF1ab:cds-YP_009725295.1	TCT	S	ACT	T	1517
NC_045512.2	4815	C	T	41057	23341	47	59	59	33	0.00143392	41146	0.0438876	FALSE	ORF1ab:cds-YP_009724389.1	TCT	S	TTT	F	1517
NC_045512.2	4815	C	T	41057	23341	47	59	59	33	0.00143392	41146	0.0438876	FALSE	ORF1ab:cds-YP_009725295.1	TCT	S	TTT	F	1517
NC_045512.2	4815	C	G	41057	23341	47	2	2	34	4.86074e-05	41146	1	FALSE	ORF1ab:cds-YP_009724389.1	TCT	S	TGT	C	1517
NC_045512.2	4815	C	G	41057	23341	47	2	2	34	4.86074e-05	41146	1	FALSE	ORF1ab:cds-YP_009725295.1	TCT	S	TGT	C	1517
NC_045512.2	4815	C	A	41057	23341	47	28	28	33	0.000680504	41146	0.953891	FALSE	ORF1ab:cds-YP_009724389.1	TCT	S	TAT	Y	1517
NC_045512.2	4815	C	A	41057	23341	47	28	28	33	0.000680504	41146	0.953891	FALSE	ORF1ab:cds-YP_009725295.1	TCT	S	TAT	Y	1517
NC_045512.2	4816	T	G	37831	20418	47	4	4	34	0.000105585	37884	1	FALSE	ORF1ab:cds-YP_009724389.1	TCT	S	TCG	S	1517
NC_045512.2	4816	T	G	37831	20418	47	4	4	34	0.000105585	37884	1	FALSE	ORF1ab:cds-YP_009725295.1	TCT	S	TCG	S	1517
NC_045512.2	4816	T	C	37831	20418	47	40	39	33	0.00105585	37884	0.409359	FALSE	ORF1ab:cds-YP_009724389.1	TCT	S	TCC	S	1517
NC_045512.2	4816	T	C	37831	20418	47	40	39	33	0.00105585	37884	0.409359	FALSE	ORF1ab:cds-YP_009725295.1	TCT	S	TCC	S	1517
NC_045512.2	4816	T	A	37831	20418	47	9	9	32	0.000237567	37884	0.999995	FALSE	ORF1ab:cds-YP_009724389.1	TCT	S	TCA	S	1517
NC_045512.2	4816	T	A	37831	20418	47	9	9	32	0.000237567	37884	0.999995	FALSE	ORF1ab:cds-YP_009725295.1	TCT	S	TCA	S	1517
NC_045512.2	4816	T	-G	37831	20418	47	1	0	20	2.63964e-05	37884	1	FALSE	NA	NA	NA	NA	NA	NA
NC_045512.2	4817	G	T	38287	20689	47	50	50	33	0.00130331	38364	0.1196	FALSE	ORF1ab:cds-YP_009724389.1	GGA	G	TGA	*	1518
NC_045512.2	4817	G	T	38287	20689	47	50	50	33	0.00130331	38364	0.1196	FALSE	ORF1ab:cds-YP_009725295.1	GGA	G	TGA	*	1518
NC_045512.2	4817	G	C	38287	20689	47	14	14	32	0.000364925	38364	0.999792	FALSE	ORF1ab:cds-YP_009724389.1	GGA	G	CGA	R	1518
NC_045512.2	4817	G	C	38287	20689	47	14	14	32	0.000364925	38364	0.999792	FALSE	ORF1ab:cds-YP_009725295.1	GGA	G	CGA	R	1518
NC_045512.2	4817	G	A	38287	20689	47	13	12	35	0.000338859	38364	0.999899	FALSE	ORF1ab:cds-YP_009724389.1	GGA	G	AGA	R	1518
NC_045512.2	4817	G	A	38287	20689	47	13	12	35	0.000338859	38364	0.999899	FALSE	ORF1ab:cds-YP_009725295.1	GGA	G	AGA	R	1518
NC_045512.2	4818	G	T	38463	20901	47	11	11	32	0.000285685	38504	0.999981	FALSE	ORF1ab:cds-YP_009724389.1	GGA	G	GTA	V	1518
NC_045512.2	4818	G	T	38463	20901	47	11	11	32	0.000285685	38504	0.999981	FALSE	ORF1ab:cds-YP_009725295.1	GGA	G	GTA	V	1518
NC_045512.2	4818	G	C	38463	20901	47	20	20	33	0.000519427	38504	0.994018	FALSE	ORF1ab:cds-YP_009724389.1	GGA	G	GCA	A	1518
NC_045512.2	4818	G	C	38463	20901	47	20	20	33	0.000519427	38504	0.994018	FALSE	ORF1ab:cds-YP_009725295.1	GGA	G	GCA	A	1518
NC_045512.2	4818	G	A	38463	20901	47	10	10	33	0.000259713	38504	0.999992	FALSE	ORF1ab:cds-YP_009724389.1	GGA	G	GAA	E	1518
NC_045512.2	4818	G	A	38463	20901	47	10	10	33	0.000259713	38504	0.999992	FALSE	ORF1ab:cds-YP_009725295.1	GGA	G	GAA	E	1518
NC_045512.2	4818	G	-AC	38463	20901	47	1	0	20	2.59713e-05	38504	1	FALSE	NA	NA	NA	NA	NA	NA
NC_045512.2	4819	A	T	38536	21008	47	16	16	32	0.000414357	38614	0.99924	FALSE	ORF1ab:cds-YP_009724389.1	GGA	G	GGT	G	1518
NC_045512.2	4819	A	T	38536	21008	47	16	16	32	0.000414357	38614	0.99924	FALSE	ORF1ab:cds-YP_009725295.1	GGA	G	GGT	G	1518
NC_045512.2	4819	A	G	38536	21008	47	51	47	34	0.00132076	38614	0.100843	FALSE	ORF1ab:cds-YP_009724389.1	GGA	G	GGG	G	1518
NC_045512.2	4819	A	G	38536	21008	47	51	47	34	0.00132076	38614	0.100843	FALSE	ORF1ab:cds-YP_009725295.1	GGA	G	GGG	G	1518
NC_045512.2	4819	A	C	38536	21008	47	11	11	32	0.000284871	38614	0.99998	FALSE	ORF1ab:cds-YP_009724389.1	GGA	G	GGC	G	1518
NC_045512.2	4819	A	C	38536	21008	47	11	11	32	0.000284871	38614	0.99998	FALSE	ORF1ab:cds-YP_009725295.1	GGA	G	GGC	G	1518
NC_045512.2	4820	C	T	38419	21158	47	7	7	32	0.000181865	38490	1	FALSE	ORF1ab:cds-YP_009724389.1	CAA	Q	TAA	*	1519
NC_045512.2	4820	C	T	38419	21158	47	7	7	32	0.000181865	38490	1	FALSE	ORF1ab:cds-YP_009725295.1	CAA	Q	TAA	*	1519
NC_045512.2	4820	C	G	38419	21158	47	19	19	33	0.000493635	38490	0.9962	FALSE	ORF1ab:cds-YP_009724389.1	CAA	Q	GAA	E	1519
NC_045512.2	4820	C	G	38419	21158	47	19	19	33	0.000493635	38490	0.9962	FALSE	ORF1ab:cds-YP_009725295.1	CAA	Q	GAA	E	1519
NC_045512.2	4820	C	A	38419	21158	47	45	45	33	0.00116913	38490	0.2541	FALSE	ORF1ab:cds-YP_009724389.1	CAA	Q	AAA	K	1519
NC_045512.2	4820	C	A	38419	21158	47	45	45	33	0.00116913	38490	0.2541	FALSE	ORF1ab:cds-YP_009725295.1	CAA	Q	AAA	K	1519
NC_045512.2	4821	A	T	35657	18518	47	7	7	34	0.000195991	35716	0.999999	FALSE	ORF1ab:cds-YP_009724389.1	CAA	Q	CTA	L	1519
NC_045512.2	4821	A	T	35657	18518	47	7	7	34	0.000195991	35716	0.999999	FALSE	ORF1ab:cds-YP_009725295.1	CAA	Q	CTA	L	1519
NC_045512.2	4821	A	G	35657	18518	47	13	11	38	0.000363983	35716	0.999637	FALSE	ORF1ab:cds-YP_009724389.1	CAA	Q	CGA	R	1519
NC_045512.2	4821	A	G	35657	18518	47	13	11	38	0.000363983	35716	0.999637	FALSE	ORF1ab:cds-YP_009725295.1	CAA	Q	CGA	R	1519
NC_045512.2	4821	A	C	35657	18518	47	39	39	33	0.00109195	35716	0.362843	FALSE	ORF1ab:cds-YP_009724389.1	CAA	Q	CCA	P	1519
NC_045512.2	4821	A	C	35657	18518	47	39	39	33	0.00109195	35716	0.362843	FALSE	ORF1ab:cds-YP_009725295.1	CAA	Q	CCA	P	1519
NC_045512.2	4822	A	T	36711	18938	48	6	5	31	0.000163341	36733	1	FALSE	ORF1ab:cds-YP_009724389.1	CAA	Q	CAT	H	1519
NC_045512.2	4822	A	T	36711	18938	48	6	5	31	0.000163341	36733	1	FALSE	ORF1ab:cds-YP_009725295.1	CAA	Q	CAT	H	1519
NC_045512.2	4822	A	G	36711	18938	48	7	3	33	0.000190564	36733	0.999999	FALSE	ORF1ab:cds-YP_009724389.1	CAA	Q	CAG	Q	1519
NC_045512.2	4822	A	G	36711	18938	48	7	3	33	0.000190564	36733	0.999999	FALSE	ORF1ab:cds-YP_009725295.1	CAA	Q	CAG	Q	1519
NC_045512.2	4822	A	C	36711	18938	48	9	9	32	0.000245011	36733	0.999992	FALSE	ORF1ab:cds-YP_009724389.1	CAA	Q	CAC	H	1519
NC_045512.2	4822	A	C	36711	18938	48	9	9	32	0.000245011	36733	0.999992	FALSE	ORF1ab:cds-YP_009725295.1	CAA	Q	CAC	H	1519
NC_045512.2	4822	A	-T	36711	18938	48	1	0	20	2.72235e-05	36733	1	FALSE	NA	NA	NA	NA	NA	NA
NC_045512.2	4823	T	G	36502	19258	47	1	1	34	2.7353e-05	36559	1	FALSE	ORF1ab:cds-YP_009724389.1	TCT	S	GCT	A	1520
NC_045512.2	4823	T	G	36502	19258	47	1	1	34	2.7353e-05	36559	1	FALSE	ORF1ab:cds-YP_009725295.1	TCT	S	GCT	A	1520
NC_045512.2	4823	T	C	36502	19258	47	17	16	34	0.000465002	36559	0.997232	FALSE	ORF1ab:cds-YP_009724389.1	TCT	S	CCT	P	1520
NC_045512.2	4823	T	C	36502	19258	47	17	16	34	0.000465002	36559	0.997232	FALSE	ORF1ab:cds-YP_009725295.1	TCT	S	CCT	P	1520
NC_045512.2	4823	T	A	36502	19258	47	39	39	33	0.00106677	36559	0.407899	FALSE	ORF1ab:cds-YP_009724389.1	TCT	S	ACT	T	1520
NC_045512.2	4823	T	A	36502	19258	47	39	39	33	0.00106677	36559	0.407899	FALSE	ORF1ab:cds-YP_009725295.1	TCT	S	ACT	T	1520
NC_045512.2	4824	C	T	37909	20131	49	44	44	32	0.00115857	37978	0.251593	FALSE	ORF1ab:cds-YP_009724389.1	TCT	S	TTT	F	1520
NC_045512.2	4824	C	T	37909	20131	49	44	44	32	0.00115857	37978	0.251593	FALSE	ORF1ab:cds-YP_009725295.1	TCT	S	TTT	F	1520
NC_045512.2	4824	C	G	37909	20131	49	4	1	32	0.000105324	37978	1	FALSE	ORF1ab:cds-YP_009724389.1	TCT	S	TGT	C	1520
NC_045512.2	4824	C	G	37909	20131	49	4	1	32	0.000105324	37978	1	FALSE	ORF1ab:cds-YP_009725295.1	TCT	S	TGT	C	1520
NC_045512.2	4824	C	A	37909	20131	49	21	19	32	0.000552952	37978	0.987503	FALSE	ORF1ab:cds-YP_009724389.1	TCT	S	TAT	Y	1520
NC_045512.2	4824	C	A	37909	20131	49	21	19	32	0.000552952	37978	0.987503	FALSE	ORF1ab:cds-YP_009725295.1	TCT	S	TAT	Y	1520
NC_045512.2	4825	T	G	38075	20631	49	3	3	34	7.86617e-05	38138	1	FALSE	ORF1ab:cds-YP_009724389.1	TCT	S	TCG	S	1520
NC_045512.2	4825	T	G	38075	20631	49	3	3	34	7.86617e-05	38138	1	FALSE	ORF1ab:cds-YP_009725295.1	TCT	S	TCG	S	1520
NC_045512.2	4825	T	C	38075	20631	49	44	43	34	0.0011537	38138	0.289721	FALSE	ORF1ab:cds-YP_009724389.1	TCT	S	TCC	S	1520
NC_045512.2	4825	T	C	38075	20631	49	44	43	34	0.0011537	38138	0.289721	FALSE	ORF1ab:cds-YP_009725295.1	TCT	S	TCC	S	1520
NC_045512.2	4825	T	A	38075	20631	49	16	15	31	0.000419529	38138	0.999243	FALSE	ORF1ab:cds-YP_009724389.1	TCT	S	TCA	S	1520
NC_045512.2	4825	T	A	38075	20631	49	16	15	31	0.000419529	38138	0.999243	FALSE	ORF1ab:cds-YP_009725295.1	TCT	S	TCA	S	1520
NC_045512.2	4826	A	T	37478	20037	48	53	53	33	0.00141156	37547	0.0563487	FALSE	ORF1ab:cds-YP_009724389.1	ACA	T	TCA	S	1521
NC_045512.2	4826	A	T	37478	20037	48	53	53	33	0.00141156	37547	0.0563487	FALSE	ORF1ab:cds-YP_009725295.1	ACA	T	TCA	S	1521
NC_045512.2	4826	A	G	37478	20037	48	8	7	29	0.000213066	37547	1	FALSE	ORF1ab:cds-YP_009724389.1	ACA	T	GCA	A	1521
NC_045512.2	4826	A	G	37478	20037	48	8	7	29	0.000213066	37547	1	FALSE	ORF1ab:cds-YP_009725295.1	ACA	T	GCA	A	1521
NC_045512.2	4826	A	C	37478	20037	48	8	8	32	0.000213066	37547	0.999998	FALSE	ORF1ab:cds-YP_009724389.1	ACA	T	CCA	P	1521
NC_045512.2	4826	A	C	37478	20037	48	8	8	32	0.000213066	37547	0.999998	FALSE	ORF1ab:cds-YP_009725295.1	ACA	T	CCA	P	1521
NC_045512.2	4827	C	T	37819	20543	49	10	10	33	0.000264054	37871	0.999987	FALSE	ORF1ab:cds-YP_009724389.1	ACA	T	ATA	I	1521
NC_045512.2	4827	C	T	37819	20543	49	10	10	33	0.000264054	37871	0.999987	FALSE	ORF1ab:cds-YP_009725295.1	ACA	T	ATA	I	1521
NC_045512.2	4827	C	G	37819	20543	49	5	1	34	0.000132027	37871	1	FALSE	ORF1ab:cds-YP_009724389.1	ACA	T	AGA	R	1521
NC_045512.2	4827	C	G	37819	20543	49	5	1	34	0.000132027	37871	1	FALSE	ORF1ab:cds-YP_009725295.1	ACA	T	AGA	R	1521
NC_045512.2	4827	C	A	37819	20543	49	37	37	32	0.000977001	37871	0.54561	FALSE	ORF1ab:cds-YP_009724389.1	ACA	T	AAA	K	1521
NC_045512.2	4827	C	A	37819	20543	49	37	37	32	0.000977001	37871	0.54561	FALSE	ORF1ab:cds-YP_009725295.1	ACA	T	AAA	K	1521
NC_045512.2	4828	A	T	37786	20490	49	17	17	32	0.000449165	37848	0.998061	FALSE	ORF1ab:cds-YP_009724389.1	ACA	T	ACT	T	1521
NC_045512.2	4828	A	T	37786	20490	49	17	17	32	0.000449165	37848	0.998061	FALSE	ORF1ab:cds-YP_009725295.1	ACA	T	ACT	T	1521
NC_045512.2	4828	A	G	37786	20490	49	4	3	31	0.000105686	37848	1	FALSE	ORF1ab:cds-YP_009724389.1	ACA	T	ACG	T	1521
NC_045512.2	4828	A	G	37786	20490	49	4	3	31	0.000105686	37848	1	FALSE	ORF1ab:cds-YP_009725295.1	ACA	T	ACG	T	1521
NC_045512.2	4828	A	C	37786	20490	49	41	41	33	0.00108328	37848	0.366223	FALSE	ORF1ab:cds-YP_009724389.1	ACA	T	ACC	T	1521
NC_045512.2	4828	A	C	37786	20490	49	41	41	33	0.00108328	37848	0.366223	FALSE	ORF1ab:cds-YP_009725295.1	ACA	T	ACC	T	1521
NC_045512.2	4829	C	T	38825	20687	49	6	6	34	0.000154313	38882	1	FALSE	ORF1ab:cds-YP_009724389.1	CAA	Q	TAA	*	1522
NC_045512.2	4829	C	T	38825	20687	49	6	6	34	0.000154313	38882	1	FALSE	ORF1ab:cds-YP_009725295.1	CAA	Q	TAA	*	1522
NC_045512.2	4829	C	G	38825	20687	49	2	2	34	5.14377e-05	38882	1	FALSE	ORF1ab:cds-YP_009724389.1	CAA	Q	GAA	E	1522
NC_045512.2	4829	C	G	38825	20687	49	2	2	34	5.14377e-05	38882	1	FALSE	ORF1ab:cds-YP_009725295.1	CAA	Q	GAA	E	1522
NC_045512.2	4829	C	A	38825	20687	49	49	49	32	0.00126022	38882	0.14148	FALSE	ORF1ab:cds-YP_009724389.1	CAA	Q	AAA	K	1522
NC_045512.2	4829	C	A	38825	20687	49	49	49	32	0.00126022	38882	0.14148	FALSE	ORF1ab:cds-YP_009725295.1	CAA	Q	AAA	K	1522
NC_045512.2	4830	A	T	38331	20297	49	6	6	34	0.000156311	38385	1	FALSE	ORF1ab:cds-YP_009724389.1	CAA	Q	CTA	L	1522
NC_045512.2	4830	A	T	38331	20297	49	6	6	34	0.000156311	38385	1	FALSE	ORF1ab:cds-YP_009725295.1	CAA	Q	CTA	L	1522
NC_045512.2	4830	A	G	38331	20297	49	5	4	32	0.000130259	38385	1	FALSE	ORF1ab:cds-YP_009724389.1	CAA	Q	CGA	R	1522
NC_045512.2	4830	A	G	38331	20297	49	5	4	32	0.000130259	38385	1	FALSE	ORF1ab:cds-YP_009725295.1	CAA	Q	CGA	R	1522
NC_045512.2	4830	A	C	38331	20297	49	43	42	33	0.00112023	38385	0.327986	FALSE	ORF1ab:cds-YP_009724389.1	CAA	Q	CCA	P	1522
NC_045512.2	4830	A	C	38331	20297	49	43	42	33	0.00112023	38385	0.327986	FALSE	ORF1ab:cds-YP_009725295.1	CAA	Q	CCA	P	1522
NC_045512.2	4831	A	T	38272	20020	49	6	6	39	0.00015667	38297	1	FALSE	ORF1ab:cds-YP_009724389.1	CAA	Q	CAT	H	1522
NC_045512.2	4831	A	T	38272	20020	49	6	6	39	0.00015667	38297	1	FALSE	ORF1ab:cds-YP_009725295.1	CAA	Q	CAT	H	1522
NC_045512.2	4831	A	G	38272	20020	49	6	4	38	0.00015667	38297	1	FALSE	ORF1ab:cds-YP_009724389.1	CAA	Q	CAG	Q	1522
NC_045512.2	4831	A	G	38272	20020	49	6	4	38	0.00015667	38297	1	FALSE	ORF1ab:cds-YP_009725295.1	CAA	Q	CAG	Q	1522
NC_045512.2	4831	A	C	38272	20020	49	13	12	32	0.000339452	38297	0.999901	FALSE	ORF1ab:cds-YP_009724389.1	CAA	Q	CAC	H	1522
NC_045512.2	4831	A	C	38272	20020	49	13	12	32	0.000339452	38297	0.999901	FALSE	ORF1ab:cds-YP_009725295.1	CAA	Q	CAC	H	1522
NC_045512.2	4832	C	T	38395	20284	49	5	5	32	0.000130063	38443	1	FALSE	ORF1ab:cds-YP_009724389.1	CTA	L	TTA	L	1523
NC_045512.2	4832	C	T	38395	20284	49	5	5	32	0.000130063	38443	1	FALSE	ORF1ab:cds-YP_009725295.1	CTA	L	TTA	L	1523
NC_045512.2	4832	C	G	38395	20284	49	2	2	34	5.20251e-05	38443	1	FALSE	ORF1ab:cds-YP_009724389.1	CTA	L	GTA	V	1523
NC_045512.2	4832	C	G	38395	20284	49	2	2	34	5.20251e-05	38443	1	FALSE	ORF1ab:cds-YP_009725295.1	CTA	L	GTA	V	1523
NC_045512.2	4832	C	A	38395	20284	49	41	41	33	0.00106651	38443	0.410756	FALSE	ORF1ab:cds-YP_009724389.1	CTA	L	ATA	I	1523
NC_045512.2	4832	C	A	38395	20284	49	41	41	33	0.00106651	38443	0.410756	FALSE	ORF1ab:cds-YP_009725295.1	CTA	L	ATA	I	1523
NC_045512.2	4833	T	G	37059	19708	50	5	5	31	0.000134691	37122	1	FALSE	ORF1ab:cds-YP_009724389.1	CTA	L	CGA	R	1523
NC_045512.2	4833	T	G	37059	19708	50	5	5	31	0.000134691	37122	1	FALSE	ORF1ab:cds-YP_009725295.1	CTA	L	CGA	R	1523
NC_045512.2	4833	T	C	37059	19708	50	42	38	34	0.0011314	37122	0.325529	FALSE	ORF1ab:cds-YP_009724389.1	CTA	L	CCA	P	1523
NC_045512.2	4833	T	C	37059	19708	50	42	38	34	0.0011314	37122	0.325529	FALSE	ORF1ab:cds-YP_009725295.1	CTA	L	CCA	P	1523
NC_045512.2	4833	T	A	37059	19708	50	16	16	33	0.000431011	37122	0.998892	FALSE	ORF1ab:cds-YP_009724389.1	CTA	L	CAA	Q	1523
NC_045512.2	4833	T	A	37059	19708	50	16	16	33	0.000431011	37122	0.998892	FALSE	ORF1ab:cds-YP_009725295.1	CTA	L	CAA	Q	1523
NC_045512.2	4834	A	T	37290	20111	50	38	38	32	0.00101765	37341	0.499443	FALSE	ORF1ab:cds-YP_009724389.1	CTA	L	CTT	L	1523
NC_045512.2	4834	A	T	37290	20111	50	38	38	32	0.00101765	37341	0.499443	FALSE	ORF1ab:cds-YP_009725295.1	CTA	L	CTT	L	1523
NC_045512.2	4834	A	G	37290	20111	50	6	5	45	0.000160681	37341	0.253313	FALSE	ORF1ab:cds-YP_009724389.1	CTA	L	CTG	L	1523
NC_045512.2	4834	A	G	37290	20111	50	6	5	45	0.000160681	37341	0.253313	FALSE	ORF1ab:cds-YP_009725295.1	CTA	L	CTG	L	1523
NC_045512.2	4834	A	C	37290	20111	50	7	6	33	0.000187462	37341	1	FALSE	ORF1ab:cds-YP_009724389.1	CTA	L	CTC	L	1523
NC_045512.2	4834	A	C	37290	20111	50	7	6	33	0.000187462	37341	1	FALSE	ORF1ab:cds-YP_009725295.1	CTA	L	CTC	L	1523
NC_045512.2	4835	G	T	37140	19784	50	10	10	33	0.000268781	37205	0.999987	FALSE	ORF1ab:cds-YP_009724389.1	GGT	G	TGT	C	1524
NC_045512.2	4835	G	T	37140	19784	50	10	10	33	0.000268781	37205	0.999987	FALSE	ORF1ab:cds-YP_009725295.1	GGT	G	TGT	C	1524
NC_045512.2	4835	G	C	37140	19784	50	18	18	32	0.000483806	37205	0.996737	FALSE	ORF1ab:cds-YP_009724389.1	GGT	G	CGT	R	1524
NC_045512.2	4835	G	C	37140	19784	50	18	18	32	0.000483806	37205	0.996737	FALSE	ORF1ab:cds-YP_009725295.1	GGT	G	CGT	R	1524
NC_045512.2	4835	G	A	37140	19784	50	37	37	32	0.00099449	37205	0.545	FALSE	ORF1ab:cds-YP_009724389.1	GGT	G	AGT	S	1524
NC_045512.2	4835	G	A	37140	19784	50	37	37	32	0.00099449	37205	0.545	FALSE	ORF1ab:cds-YP_009725295.1	GGT	G	AGT	S	1524
NC_045512.2	4836	G	T	38815	20495	50	20	16	32	0.000514774	38852	0.994025	FALSE	ORF1ab:cds-YP_009724389.1	GGT	G	GTT	V	1524
NC_045512.2	4836	G	T	38815	20495	50	20	16	32	0.000514774	38852	0.994025	FALSE	ORF1ab:cds-YP_009725295.1	GGT	G	GTT	V	1524
NC_045512.2	4836	G	C	38815	20495	50	5	5	30	0.000128694	38852	1	FALSE	ORF1ab:cds-YP_009724389.1	GGT	G	GCT	A	1524
NC_045512.2	4836	G	C	38815	20495	50	5	5	30	0.000128694	38852	1	FALSE	ORF1ab:cds-YP_009725295.1	GGT	G	GCT	A	1524
NC_045512.2	4836	G	A	38815	20495	50	12	12	34	0.000308864	38852	0.999955	FALSE	ORF1ab:cds-YP_009724389.1	GGT	G	GAT	D	1524
NC_045512.2	4836	G	A	38815	20495	50	12	12	34	0.000308864	38852	0.999955	FALSE	ORF1ab:cds-YP_009725295.1	GGT	G	GAT	D	1524
NC_045512.2	4837	T	G	38909	20588	50	44	40	32	0.00112902	38972	0.289739	FALSE	ORF1ab:cds-YP_009724389.1	GGT	G	GGG	G	1524
NC_045512.2	4837	T	G	38909	20588	50	44	40	32	0.00112902	38972	0.289739	FALSE	ORF1ab:cds-YP_009725295.1	GGT	G	GGG	G	1524
NC_045512.2	4837	T	C	38909	20588	50	6	5	32	0.000153957	38972	1	FALSE	ORF1ab:cds-YP_009724389.1	GGT	G	GGC	G	1524
NC_045512.2	4837	T	C	38909	20588	50	6	5	32	0.000153957	38972	1	FALSE	ORF1ab:cds-YP_009725295.1	GGT	G	GGC	G	1524
NC_045512.2	4837	T	A	38909	20588	50	13	13	31	0.000333573	38972	0.9999	FALSE	ORF1ab:cds-YP_009724389.1	GGT	G	GGA	G	1524
NC_045512.2	4837	T	A	38909	20588	50	13	13	31	0.000333573	38972	0.9999	FALSE	ORF1ab:cds-YP_009725295.1	GGT	G	GGA	G	1524
NC_045512.2	4838	A	T	37982	19921	50	40	39	33	0.00105125	38050	0.453703	FALSE	ORF1ab:cds-YP_009724389.1	ATA	I	TTA	L	1525
NC_045512.2	4838	A	T	37982	19921	50	40	39	33	0.00105125	38050	0.453703	FALSE	ORF1ab:cds-YP_009725295.1	ATA	I	TTA	L	1525
NC_045512.2	4838	A	G	37982	19921	50	22	19	34	0.000578187	38050	0.9862	FALSE	ORF1ab:cds-YP_009724389.1	ATA	I	GTA	V	1525
NC_045512.2	4838	A	G	37982	19921	50	22	19	34	0.000578187	38050	0.9862	FALSE	ORF1ab:cds-YP_009725295.1	ATA	I	GTA	V	1525
NC_045512.2	4838	A	C	37982	19921	50	6	6	32	0.000157687	38050	1	FALSE	ORF1ab:cds-YP_009724389.1	ATA	I	CTA	L	1525
NC_045512.2	4838	A	C	37982	19921	50	6	6	32	0.000157687	38050	1	FALSE	ORF1ab:cds-YP_009725295.1	ATA	I	CTA	L	1525
NC_045512.2	4839	T	G	38054	20078	51	16	14	30	0.00041976	38117	0.999243	FALSE	ORF1ab:cds-YP_009724389.1	ATA	I	AGA	R	1525
NC_045512.2	4839	T	G	38054	20078	51	16	14	30	0.00041976	38117	0.999243	FALSE	ORF1ab:cds-YP_009725295.1	ATA	I	AGA	R	1525
NC_045512.2	4839	T	C	38054	20078	51	8	8	30	0.00020988	38117	0.999999	FALSE	ORF1ab:cds-YP_009724389.1	ATA	I	ACA	T	1525
NC_045512.2	4839	T	C	38054	20078	51	8	8	30	0.00020988	38117	0.999999	FALSE	ORF1ab:cds-YP_009725295.1	ATA	I	ACA	T	1525
NC_045512.2	4839	T	A	38054	20078	51	39	38	32	0.00102317	38117	0.49894	FALSE	ORF1ab:cds-YP_009724389.1	ATA	I	AAA	K	1525
NC_045512.2	4839	T	A	38054	20078	51	39	38	32	0.00102317	38117	0.49894	FALSE	ORF1ab:cds-YP_009725295.1	ATA	I	AAA	K	1525
NC_045512.2	4840	A	T	37093	19498	50	59	59	33	0.00158773	37160	0.0156831	FALSE	ORF1ab:cds-YP_009724389.1	ATA	I	ATT	I	1525
NC_045512.2	4840	A	T	37093	19498	50	59	59	33	0.00158773	37160	0.0156831	FALSE	ORF1ab:cds-YP_009725295.1	ATA	I	ATT	I	1525
NC_045512.2	4840	A	G	37093	19498	50	6	4	62	0.000161464	37160	0.0155463	FALSE	ORF1ab:cds-YP_009724389.1	ATA	I	ATG	M	1525
NC_045512.2	4840	A	G	37093	19498	50	6	4	62	0.000161464	37160	0.0155463	FALSE	ORF1ab:cds-YP_009725295.1	ATA	I	ATG	M	1525
NC_045512.2	4840	A	C	37093	19498	50	2	1	30	5.38213e-05	37160	1	FALSE	ORF1ab:cds-YP_009724389.1	ATA	I	ATC	I	1525
NC_045512.2	4840	A	C	37093	19498	50	2	1	30	5.38213e-05	37160	1	FALSE	ORF1ab:cds-YP_009725295.1	ATA	I	ATC	I	1525
NC_045512.2	4841	G	T	37255	19421	51	11	10	37	0.000294724	37323	0.999969	FALSE	ORF1ab:cds-YP_009724389.1	GAA	E	TAA	*	1526
NC_045512.2	4841	G	T	37255	19421	51	11	10	37	0.000294724	37323	0.999969	FALSE	ORF1ab:cds-YP_009725295.1	GAA	E	TAA	*	1526
NC_045512.2	4841	G	C	37255	19421	51	4	4	32	0.000107173	37323	1	FALSE	ORF1ab:cds-YP_009724389.1	GAA	E	CAA	Q	1526
NC_045512.2	4841	G	C	37255	19421	51	4	4	32	0.000107173	37323	1	FALSE	ORF1ab:cds-YP_009725295.1	GAA	E	CAA	Q	1526
NC_045512.2	4841	G	A	37255	19421	51	53	53	33	0.00142004	37323	0.0563612	FALSE	ORF1ab:cds-YP_009724389.1	GAA	E	AAA	K	1526
NC_045512.2	4841	G	A	37255	19421	51	53	53	33	0.00142004	37323	0.0563612	FALSE	ORF1ab:cds-YP_009725295.1	GAA	E	AAA	K	1526
NC_045512.2	4842	A	T	37135	19680	50	17	17	33	0.000457051	37195	0.998062	FALSE	ORF1ab:cds-YP_009724389.1	GAA	E	GTA	V	1526
NC_045512.2	4842	A	T	37135	19680	50	17	17	33	0.000457051	37195	0.998062	FALSE	ORF1ab:cds-YP_009725295.1	GAA	E	GTA	V	1526
NC_045512.2	4842	A	G	37135	19680	50	41	40	33	0.0011023	37195	0.366296	FALSE	ORF1ab:cds-YP_009724389.1	GAA	E	GGA	G	1526
NC_045512.2	4842	A	G	37135	19680	50	41	40	33	0.0011023	37195	0.366296	FALSE	ORF1ab:cds-YP_009725295.1	GAA	E	GGA	G	1526
NC_045512.2	4842	A	C	37135	19680	50	2	2	34	5.37707e-05	37195	1	FALSE	ORF1ab:cds-YP_009724389.1	GAA	E	GCA	A	1526
NC_045512.2	4842	A	C	37135	19680	50	2	2	34	5.37707e-05	37195	1	FALSE	ORF1ab:cds-YP_009725295.1	GAA	E	GCA	A	1526
NC_045512.2	4843	A	T	37491	20058	51	4	4	32	0.000106647	37507	1	FALSE	ORF1ab:cds-YP_009724389.1	GAA	E	GAT	D	1526
NC_045512.2	4843	A	T	37491	20058	51	4	4	32	0.000106647	37507	1	FALSE	ORF1ab:cds-YP_009725295.1	GAA	E	GAT	D	1526
NC_045512.2	4843	A	G	37491	20058	51	9	7	36	0.000239955	37507	0.999995	FALSE	ORF1ab:cds-YP_009724389.1	GAA	E	GAG	E	1526
NC_045512.2	4843	A	G	37491	20058	51	9	7	36	0.000239955	37507	0.999995	FALSE	ORF1ab:cds-YP_009725295.1	GAA	E	GAG	E	1526
NC_045512.2	4843	A	C	37491	20058	51	3	3	31	7.99851e-05	37507	1	FALSE	ORF1ab:cds-YP_009724389.1	GAA	E	GAC	D	1526
NC_045512.2	4843	A	C	37491	20058	51	3	3	31	7.99851e-05	37507	1	FALSE	ORF1ab:cds-YP_009725295.1	GAA	E	GAC	D	1526
NC_045512.2	4844	T	G	37167	19797	51	19	16	33	0.000510245	37237	0.994711	FALSE	ORF1ab:cds-YP_009724389.1	TTT	F	GTT	V	1527
NC_045512.2	4844	T	G	37167	19797	51	19	16	33	0.000510245	37237	0.994711	FALSE	ORF1ab:cds-YP_009725295.1	TTT	F	GTT	V	1527
NC_045512.2	4844	T	C	37167	19797	51	5	5	37	0.000134275	37237	1	FALSE	ORF1ab:cds-YP_009724389.1	TTT	F	CTT	L	1527
NC_045512.2	4844	T	C	37167	19797	51	5	5	37	0.000134275	37237	1	FALSE	ORF1ab:cds-YP_009725295.1	TTT	F	CTT	L	1527
NC_045512.2	4844	T	A	37167	19797	51	46	46	32	0.00123533	37237	0.189102	FALSE	ORF1ab:cds-YP_009724389.1	TTT	F	ATT	I	1527
NC_045512.2	4844	T	A	37167	19797	51	46	46	32	0.00123533	37237	0.189102	FALSE	ORF1ab:cds-YP_009725295.1	TTT	F	ATT	I	1527
NC_045512.2	4845	T	G	35613	18731	52	3	2	34	8.41633e-05	35645	1	FALSE	ORF1ab:cds-YP_009724389.1	TTT	F	TGT	C	1527
NC_045512.2	4845	T	G	35613	18731	52	3	2	34	8.41633e-05	35645	1	FALSE	ORF1ab:cds-YP_009725295.1	TTT	F	TGT	C	1527
NC_045512.2	4845	T	C	35613	18731	52	10	9	41	0.000280544	35645	0.0460251	FALSE	ORF1ab:cds-YP_009724389.1	TTT	F	TCT	S	1527
NC_045512.2	4845	T	C	35613	18731	52	10	9	41	0.000280544	35645	0.0460251	FALSE	ORF1ab:cds-YP_009725295.1	TTT	F	TCT	S	1527
NC_045512.2	4845	T	A	35613	18731	52	19	19	33	0.000533034	35645	0.990073	FALSE	ORF1ab:cds-YP_009724389.1	TTT	F	TAT	Y	1527
NC_045512.2	4845	T	A	35613	18731	52	19	19	33	0.000533034	35645	0.990073	FALSE	ORF1ab:cds-YP_009725295.1	TTT	F	TAT	Y	1527
NC_045512.2	4846	T	G	35556	18347	51	4	4	30	0.000112416	35582	1	FALSE	ORF1ab:cds-YP_009724389.1	TTT	F	TTG	L	1527
NC_045512.2	4846	T	G	35556	18347	51	4	4	30	0.000112416	35582	1	FALSE	ORF1ab:cds-YP_009725295.1	TTT	F	TTG	L	1527
NC_045512.2	4846	T	C	35556	18347	51	6	6	30	0.000168625	35582	1	FALSE	ORF1ab:cds-YP_009724389.1	TTT	F	TTC	F	1527
NC_045512.2	4846	T	C	35556	18347	51	6	6	30	0.000168625	35582	1	FALSE	ORF1ab:cds-YP_009725295.1	TTT	F	TTC	F	1527
NC_045512.2	4846	T	A	35556	18347	51	16	15	29	0.000449666	35582	1	FALSE	ORF1ab:cds-YP_009724389.1	TTT	F	TTA	L	1527
NC_045512.2	4846	T	A	35556	18347	51	16	15	29	0.000449666	35582	1	FALSE	ORF1ab:cds-YP_009725295.1	TTT	F	TTA	L	1527
NC_045512.2	4847	C	T	36020	18973	52	55	55	32	0.00152431	36082	0.0291547	FALSE	ORF1ab:cds-YP_009724389.1	CTT	L	TTT	F	1528
NC_045512.2	4847	C	T	36020	18973	52	55	55	32	0.00152431	36082	0.0291547	FALSE	ORF1ab:cds-YP_009725295.1	CTT	L	TTT	F	1528
NC_045512.2	4847	C	G	36020	18973	52	2	1	34	5.54293e-05	36082	1	FALSE	ORF1ab:cds-YP_009724389.1	CTT	L	GTT	V	1528
NC_045512.2	4847	C	G	36020	18973	52	2	1	34	5.54293e-05	36082	1	FALSE	ORF1ab:cds-YP_009725295.1	CTT	L	GTT	V	1528
NC_045512.2	4847	C	A	36020	18973	52	5	5	34	0.000138573	36082	1	FALSE	ORF1ab:cds-YP_009724389.1	CTT	L	ATT	I	1528
NC_045512.2	4847	C	A	36020	18973	52	5	5	34	0.000138573	36082	1	FALSE	ORF1ab:cds-YP_009725295.1	CTT	L	ATT	I	1528
NC_045512.2	4848	T	G	35885	18765	51	4	4	30	0.000111328	35930	1	FALSE	ORF1ab:cds-YP_009724389.1	CTT	L	CGT	R	1528
NC_045512.2	4848	T	G	35885	18765	51	4	4	30	0.000111328	35930	1	FALSE	ORF1ab:cds-YP_009725295.1	CTT	L	CGT	R	1528
NC_045512.2	4848	T	C	35885	18765	51	39	38	34	0.00108544	35930	0.36348	FALSE	ORF1ab:cds-YP_009724389.1	CTT	L	CCT	P	1528
NC_045512.2	4848	T	C	35885	18765	51	39	38	34	0.00108544	35930	0.36348	FALSE	ORF1ab:cds-YP_009725295.1	CTT	L	CCT	P	1528
NC_045512.2	4848	T	A	35885	18765	51	2	2	30	5.56638e-05	35930	1	FALSE	ORF1ab:cds-YP_009724389.1	CTT	L	CAT	H	1528
NC_045512.2	4848	T	A	35885	18765	51	2	2	30	5.56638e-05	35930	1	FALSE	ORF1ab:cds-YP_009725295.1	CTT	L	CAT	H	1528
NC_045512.2	4849	T	G	36220	19087	52	4	4	32	0.000110384	36237	1	FALSE	ORF1ab:cds-YP_009724389.1	CTT	L	CTG	L	1528
NC_045512.2	4849	T	G	36220	19087	52	4	4	32	0.000110384	36237	1	FALSE	ORF1ab:cds-YP_009725295.1	CTT	L	CTG	L	1528
NC_045512.2	4849	T	C	36220	19087	52	12	10	36	0.000331153	36237	0.999889	FALSE	ORF1ab:cds-YP_009724389.1	CTT	L	CTC	L	1528
NC_045512.2	4849	T	C	36220	19087	52	12	10	36	0.000331153	36237	0.999889	FALSE	ORF1ab:cds-YP_009725295.1	CTT	L	CTC	L	1528
NC_045512.2	4849	T	A	36220	19087	52	1	1	34	2.75961e-05	36237	1	FALSE	ORF1ab:cds-YP_009724389.1	CTT	L	CTA	L	1528
NC_045512.2	4849	T	A	36220	19087	52	1	1	34	2.75961e-05	36237	1	FALSE	ORF1ab:cds-YP_009725295.1	CTT	L	CTA	L	1528
NC_045512.2	4850	A	T	36082	19662	53	51	51	33	0.00141048	36158	0.0659359	FALSE	ORF1ab:cds-YP_009724389.1	AAG	K	TAG	*	1529
NC_045512.2	4850	A	T	36082	19662	53	51	51	33	0.00141048	36158	0.0659359	FALSE	ORF1ab:cds-YP_009725295.1	AAG	K	TAG	*	1529
NC_045512.2	4850	A	G	36082	19662	53	4	4	34	0.000110626	36158	1	FALSE	ORF1ab:cds-YP_009724389.1	AAG	K	GAG	E	1529
NC_045512.2	4850	A	G	36082	19662	53	4	4	34	0.000110626	36158	1	FALSE	ORF1ab:cds-YP_009725295.1	AAG	K	GAG	E	1529
NC_045512.2	4850	A	C	36082	19662	53	21	18	31	0.000580784	36158	0.983229	FALSE	ORF1ab:cds-YP_009724389.1	AAG	K	CAG	Q	1529
NC_045512.2	4850	A	C	36082	19662	53	21	18	31	0.000580784	36158	0.983229	FALSE	ORF1ab:cds-YP_009725295.1	AAG	K	CAG	Q	1529
NC_045512.2	4850	A	+AG	36082	19662	53	1	0	20	2.76564e-05	36158	1	FALSE	NA	NA	NA	NA	NA	NA
NC_045512.2	4851	A	T	36226	19972	53	22	22	32	0.000606679	36263	0.975991	FALSE	ORF1ab:cds-YP_009724389.1	AAG	K	ATG	M	1529
NC_045512.2	4851	A	T	36226	19972	53	22	22	32	0.000606679	36263	0.975991	FALSE	ORF1ab:cds-YP_009725295.1	AAG	K	ATG	M	1529
NC_045512.2	4851	A	G	36226	19972	53	8	5	37	0.000220611	36263	0.999997	FALSE	ORF1ab:cds-YP_009724389.1	AAG	K	AGG	R	1529
NC_045512.2	4851	A	G	36226	19972	53	8	5	37	0.000220611	36263	0.999997	FALSE	ORF1ab:cds-YP_009725295.1	AAG	K	AGG	R	1529
NC_045512.2	4851	A	C	36226	19972	53	7	5	31	0.000193034	36263	0.999999	FALSE	ORF1ab:cds-YP_009724389.1	AAG	K	ACG	T	1529
NC_045512.2	4851	A	C	36226	19972	53	7	5	31	0.000193034	36263	0.999999	FALSE	ORF1ab:cds-YP_009725295.1	AAG	K	ACG	T	1529
NC_045512.2	4852	G	T	36251	20010	53	21	19	34	0.000578226	36318	0.983269	FALSE	ORF1ab:cds-YP_009724389.1	AAG	K	AAT	N	1529
NC_045512.2	4852	G	T	36251	20010	53	21	19	34	0.000578226	36318	0.983269	FALSE	ORF1ab:cds-YP_009725295.1	AAG	K	AAT	N	1529
NC_045512.2	4852	G	C	36251	20010	53	3	3	31	8.26037e-05	36318	1	FALSE	ORF1ab:cds-YP_009724389.1	AAG	K	AAC	N	1529
NC_045512.2	4852	G	C	36251	20010	53	3	3	31	8.26037e-05	36318	1	FALSE	ORF1ab:cds-YP_009725295.1	AAG	K	AAC	N	1529
NC_045512.2	4852	G	A	36251	20010	53	43	43	33	0.00118399	36318	0.248935	FALSE	ORF1ab:cds-YP_009724389.1	AAG	K	AAA	K	1529
NC_045512.2	4852	G	A	36251	20010	53	43	43	33	0.00118399	36318	0.248935	FALSE	ORF1ab:cds-YP_009725295.1	AAG	K	AAA	K	1529
NC_045512.2	4853	A	T	35935	20159	51	5	4	39	0.000138931	35989	1	FALSE	ORF1ab:cds-YP_009724389.1	AGA	R	TGA	*	1530
NC_045512.2	4853	A	T	35935	20159	51	5	4	39	0.000138931	35989	1	FALSE	ORF1ab:cds-YP_009725295.1	AGA	R	TGA	*	1530
NC_045512.2	4853	A	G	35935	20159	51	45	45	33	0.00125038	35989	0.156779	FALSE	ORF1ab:cds-YP_009724389.1	AGA	R	GGA	G	1530
NC_045512.2	4853	A	G	35935	20159	51	45	45	33	0.00125038	35989	0.156779	FALSE	ORF1ab:cds-YP_009725295.1	AGA	R	GGA	G	1530
NC_045512.2	4853	A	C	35935	20159	51	4	4	34	0.000111145	35989	1	FALSE	ORF1ab:cds-YP_009724389.1	AGA	R	CGA	R	1530
NC_045512.2	4853	A	C	35935	20159	51	4	4	34	0.000111145	35989	1	FALSE	ORF1ab:cds-YP_009725295.1	AGA	R	CGA	R	1530
NC_045512.2	4854	G	T	36208	20217	53	4	4	34	0.000110266	36276	1	FALSE	ORF1ab:cds-YP_009724389.1	AGA	R	ATA	I	1530
NC_045512.2	4854	G	T	36208	20217	53	4	4	34	0.000110266	36276	1	FALSE	ORF1ab:cds-YP_009725295.1	AGA	R	ATA	I	1530
NC_045512.2	4854	G	C	36208	20217	53	3	3	28	8.26993e-05	36276	1	FALSE	ORF1ab:cds-YP_009724389.1	AGA	R	ACA	T	1530
NC_045512.2	4854	G	C	36208	20217	53	3	3	28	8.26993e-05	36276	1	FALSE	ORF1ab:cds-YP_009725295.1	AGA	R	ACA	T	1530
NC_045512.2	4854	G	A	36208	20217	53	61	60	33	0.00168155	36276	0.00714626	TRUE	ORF1ab:cds-YP_009724389.1	AGA	R	AAA	K	1530
NC_045512.2	4854	G	A	36208	20217	53	61	60	33	0.00168155	36276	0.00714626	TRUE	ORF1ab:cds-YP_009725295.1	AGA	R	AAA	K	1530
NC_045512.2	4855	A	T	35314	19730	52	11	11	33	0.000310884	35383	0.99992	FALSE	ORF1ab:cds-YP_009724389.1	AGA	R	AGT	S	1530
NC_045512.2	4855	A	T	35314	19730	52	11	11	33	0.000310884	35383	0.99992	FALSE	ORF1ab:cds-YP_009725295.1	AGA	R	AGT	S	1530
NC_045512.2	4855	A	G	35314	19730	52	53	53	34	0.00149789	35383	0.0344347	FALSE	ORF1ab:cds-YP_009724389.1	AGA	R	AGG	R	1530
NC_045512.2	4855	A	G	35314	19730	52	53	53	34	0.00149789	35383	0.0344347	FALSE	ORF1ab:cds-YP_009725295.1	AGA	R	AGG	R	1530
NC_045512.2	4855	A	C	35314	19730	52	5	5	32	0.000141311	35383	1	FALSE	ORF1ab:cds-YP_009724389.1	AGA	R	AGC	S	1530
NC_045512.2	4855	A	C	35314	19730	52	5	5	32	0.000141311	35383	1	FALSE	ORF1ab:cds-YP_009725295.1	AGA	R	AGC	S	1530
NC_045512.2	4856	G	T	36133	19841	53	5	5	32	0.000138125	36199	1	FALSE	ORF1ab:cds-YP_009724389.1	GGT	G	TGT	C	1531
NC_045512.2	4856	G	T	36133	19841	53	5	5	32	0.000138125	36199	1	FALSE	ORF1ab:cds-YP_009725295.1	GGT	G	TGT	C	1531
NC_045512.2	4856	G	C	36133	19841	53	2	2	34	5.52501e-05	36199	1	FALSE	ORF1ab:cds-YP_009724389.1	GGT	G	CGT	R	1531
NC_045512.2	4856	G	C	36133	19841	53	2	2	34	5.52501e-05	36199	1	FALSE	ORF1ab:cds-YP_009725295.1	GGT	G	CGT	R	1531
NC_045512.2	4856	G	A	36133	19841	53	59	58	32	0.00162988	36199	0.0116741	FALSE	ORF1ab:cds-YP_009724389.1	GGT	G	AGT	S	1531
NC_045512.2	4856	G	A	36133	19841	53	59	58	32	0.00162988	36199	0.0116741	FALSE	ORF1ab:cds-YP_009725295.1	GGT	G	AGT	S	1531
NC_045512.2	4857	G	T	36338	20058	52	10	8	32	0.000275005	36363	0.99998	FALSE	ORF1ab:cds-YP_009724389.1	GGT	G	GTT	V	1531
NC_045512.2	4857	G	T	36338	20058	52	10	8	32	0.000275005	36363	0.99998	FALSE	ORF1ab:cds-YP_009725295.1	GGT	G	GTT	V	1531
NC_045512.2	4857	G	C	36338	20058	52	5	5	34	0.000137502	36363	1	FALSE	ORF1ab:cds-YP_009724389.1	GGT	G	GCT	A	1531
NC_045512.2	4857	G	C	36338	20058	52	5	5	34	0.000137502	36363	1	FALSE	ORF1ab:cds-YP_009725295.1	GGT	G	GCT	A	1531
NC_045512.2	4857	G	A	36338	20058	52	10	10	33	0.000275005	36363	0.99998	FALSE	ORF1ab:cds-YP_009724389.1	GGT	G	GAT	D	1531
NC_045512.2	4857	G	A	36338	20058	52	10	10	33	0.000275005	36363	0.99998	FALSE	ORF1ab:cds-YP_009725295.1	GGT	G	GAT	D	1531
NC_045512.2	4858	T	G	36395	20014	53	51	51	32	0.00139852	36467	0.066006	FALSE	ORF1ab:cds-YP_009724389.1	GGT	G	GGG	G	1531
NC_045512.2	4858	T	G	36395	20014	53	51	51	32	0.00139852	36467	0.066006	FALSE	ORF1ab:cds-YP_009725295.1	GGT	G	GGG	G	1531
NC_045512.2	4858	T	C	36395	20014	53	5	5	32	0.00013711	36467	1	FALSE	ORF1ab:cds-YP_009724389.1	GGT	G	GGC	G	1531
NC_045512.2	4858	T	C	36395	20014	53	5	5	32	0.00013711	36467	1	FALSE	ORF1ab:cds-YP_009725295.1	GGT	G	GGC	G	1531
NC_045512.2	4858	T	A	36395	20014	53	16	15	33	0.000438753	36467	0.998385	FALSE	ORF1ab:cds-YP_009724389.1	GGT	G	GGA	G	1531
NC_045512.2	4858	T	A	36395	20014	53	16	15	33	0.000438753	36467	0.998385	FALSE	ORF1ab:cds-YP_009725295.1	GGT	G	GGA	G	1531
NC_045512.2	4859	G	T	36690	20268	53	45	45	32	0.00122456	36748	0.186559	FALSE	ORF1ab:cds-YP_009724389.1	GAT	D	TAT	Y	1532
NC_045512.2	4859	G	T	36690	20268	53	45	45	32	0.00122456	36748	0.186559	FALSE	ORF1ab:cds-YP_009725295.1	GAT	D	TAT	Y	1532
NC_045512.2	4859	G	C	36690	20268	53	9	9	34	0.000244911	36748	0.999992	FALSE	ORF1ab:cds-YP_009724389.1	GAT	D	CAT	H	1532
NC_045512.2	4859	G	C	36690	20268	53	9	9	34	0.000244911	36748	0.999992	FALSE	ORF1ab:cds-YP_009725295.1	GAT	D	CAT	H	1532
NC_045512.2	4859	G	A	36690	20268	53	4	3	34	0.000108849	36748	1	FALSE	ORF1ab:cds-YP_009724389.1	GAT	D	AAT	N	1532
NC_045512.2	4859	G	A	36690	20268	53	4	3	34	0.000108849	36748	1	FALSE	ORF1ab:cds-YP_009725295.1	GAT	D	AAT	N	1532
NC_045512.2	4860	A	T	36863	20474	53	13	11	36	0.000351874	36945	0.99976	FALSE	ORF1ab:cds-YP_009724389.1	GAT	D	GTT	V	1532
NC_045512.2	4860	A	T	36863	20474	53	13	11	36	0.000351874	36945	0.99976	FALSE	ORF1ab:cds-YP_009725295.1	GAT	D	GTT	V	1532
NC_045512.2	4860	A	G	36863	20474	53	67	66	33	0.00181351	36945	0.00144576	TRUE	ORF1ab:cds-YP_009724389.1	GAT	D	GGT	G	1532
NC_045512.2	4860	A	G	36863	20474	53	67	66	33	0.00181351	36945	0.00144576	TRUE	ORF1ab:cds-YP_009725295.1	GAT	D	GGT	G	1532
NC_045512.2	4860	A	C	36863	20474	53	2	1	34	5.41345e-05	36945	1	FALSE	ORF1ab:cds-YP_009724389.1	GAT	D	GCT	A	1532
NC_045512.2	4860	A	C	36863	20474	53	2	1	34	5.41345e-05	36945	1	FALSE	ORF1ab:cds-YP_009725295.1	GAT	D	GCT	A	1532
NC_045512.2	4861	T	G	36756	21114	52	12	11	32	0.00032591	36820	0.999887	FALSE	ORF1ab:cds-YP_009724389.1	GAT	D	GAG	E	1532
NC_045512.2	4861	T	G	36756	21114	52	12	11	32	0.00032591	36820	0.999887	FALSE	ORF1ab:cds-YP_009725295.1	GAT	D	GAG	E	1532
NC_045512.2	4861	T	C	36756	21114	52	3	3	26	8.14775e-05	36820	1	FALSE	ORF1ab:cds-YP_009724389.1	GAT	D	GAC	D	1532
NC_045512.2	4861	T	C	36756	21114	52	3	3	26	8.14775e-05	36820	1	FALSE	ORF1ab:cds-YP_009725295.1	GAT	D	GAC	D	1532
NC_045512.2	4861	T	A	36756	21114	52	49	49	33	0.0013308	36820	0.0959523	FALSE	ORF1ab:cds-YP_009724389.1	GAT	D	GAA	E	1532
NC_045512.2	4861	T	A	36756	21114	52	49	49	33	0.0013308	36820	0.0959523	FALSE	ORF1ab:cds-YP_009725295.1	GAT	D	GAA	E	1532
NC_045512.2	4862	A	T	36547	21010	51	49	49	33	0.00133814	36618	0.0957996	FALSE	ORF1ab:cds-YP_009724389.1	AAA	K	TAA	*	1533
NC_045512.2	4862	A	T	36547	21010	51	49	49	33	0.00133814	36618	0.0957996	FALSE	ORF1ab:cds-YP_009725295.1	AAA	K	TAA	*	1533
NC_045512.2	4862	A	G	36547	21010	51	16	15	32	0.000436944	36618	0.998385	FALSE	ORF1ab:cds-YP_009724389.1	AAA	K	GAA	E	1533
NC_045512.2	4862	A	G	36547	21010	51	16	15	32	0.000436944	36618	0.998385	FALSE	ORF1ab:cds-YP_009725295.1	AAA	K	GAA	E	1533
NC_045512.2	4862	A	C	36547	21010	51	6	6	32	0.000163854	36618	1	FALSE	ORF1ab:cds-YP_009724389.1	AAA	K	CAA	Q	1533
NC_045512.2	4862	A	C	36547	21010	51	6	6	32	0.000163854	36618	1	FALSE	ORF1ab:cds-YP_009725295.1	AAA	K	CAA	Q	1533
NC_045512.2	4863	A	T	36714	21236	51	9	9	33	0.000245031	36730	0.999992	FALSE	ORF1ab:cds-YP_009724389.1	AAA	K	ATA	I	1533
NC_045512.2	4863	A	T	36714	21236	51	9	9	33	0.000245031	36730	0.999992	FALSE	ORF1ab:cds-YP_009725295.1	AAA	K	ATA	I	1533
NC_045512.2	4863	A	G	36714	21236	51	2	1	51	5.44514e-05	36730	0.249908	FALSE	ORF1ab:cds-YP_009724389.1	AAA	K	AGA	R	1533
NC_045512.2	4863	A	G	36714	21236	51	2	1	51	5.44514e-05	36730	0.249908	FALSE	ORF1ab:cds-YP_009725295.1	AAA	K	AGA	R	1533
NC_045512.2	4863	A	C	36714	21236	51	5	5	34	0.000136129	36730	1	FALSE	ORF1ab:cds-YP_009724389.1	AAA	K	ACA	T	1533
NC_045512.2	4863	A	C	36714	21236	51	5	5	34	0.000136129	36730	1	FALSE	ORF1ab:cds-YP_009725295.1	AAA	K	ACA	T	1533
NC_045512.2	4864	A	T	36532	21205	50	19	19	33	0.000519623	36565	0.992765	FALSE	ORF1ab:cds-YP_009724389.1	AAA	K	AAT	N	1533
NC_045512.2	4864	A	T	36532	21205	50	19	19	33	0.000519623	36565	0.992765	FALSE	ORF1ab:cds-YP_009725295.1	AAA	K	AAT	N	1533
NC_045512.2	4864	A	G	36532	21205	50	4	2	42	0.000109394	36565	0.499581	FALSE	ORF1ab:cds-YP_009724389.1	AAA	K	AAG	K	1533
NC_045512.2	4864	A	G	36532	21205	50	4	2	42	0.000109394	36565	0.499581	FALSE	ORF1ab:cds-YP_009725295.1	AAA	K	AAG	K	1533
NC_045512.2	4864	A	C	36532	21205	50	10	9	37	0.000273486	36565	0.99998	FALSE	ORF1ab:cds-YP_009724389.1	AAA	K	AAC	N	1533
NC_045512.2	4864	A	C	36532	21205	50	10	9	37	0.000273486	36565	0.99998	FALSE	ORF1ab:cds-YP_009725295.1	AAA	K	AAC	N	1533
NC_045512.2	4865	A	T	36180	20675	52	6	4	31	0.000165773	36194	1	FALSE	ORF1ab:cds-YP_009724389.1	AGT	S	TGT	C	1534
NC_045512.2	4865	A	T	36180	20675	52	6	4	31	0.000165773	36194	1	FALSE	ORF1ab:cds-YP_009725295.1	AGT	S	TGT	C	1534
NC_045512.2	4865	A	G	36180	20675	52	3	3	30	8.28867e-05	36194	1	FALSE	ORF1ab:cds-YP_009724389.1	AGT	S	GGT	G	1534
NC_045512.2	4865	A	G	36180	20675	52	3	3	30	8.28867e-05	36194	1	FALSE	ORF1ab:cds-YP_009725295.1	AGT	S	GGT	G	1534
NC_045512.2	4865	A	C	36180	20675	52	5	3	34	0.000138144	36194	1	FALSE	ORF1ab:cds-YP_009724389.1	AGT	S	CGT	R	1534
NC_045512.2	4865	A	C	36180	20675	52	5	3	34	0.000138144	36194	1	FALSE	ORF1ab:cds-YP_009725295.1	AGT	S	CGT	R	1534
NC_045512.2	4866	G	T	36772	20852	51	6	6	34	0.000162849	36844	1	FALSE	ORF1ab:cds-YP_009724389.1	AGT	S	ATT	I	1534
NC_045512.2	4866	G	T	36772	20852	51	6	6	34	0.000162849	36844	1	FALSE	ORF1ab:cds-YP_009725295.1	AGT	S	ATT	I	1534
NC_045512.2	4866	G	C	36772	20852	51	3	3	34	8.14244e-05	36844	1	FALSE	ORF1ab:cds-YP_009724389.1	AGT	S	ACT	T	1534
NC_045512.2	4866	G	C	36772	20852	51	3	3	34	8.14244e-05	36844	1	FALSE	ORF1ab:cds-YP_009725295.1	AGT	S	ACT	T	1534
NC_045512.2	4866	G	A	36772	20852	51	63	63	33	0.00170991	36844	0.00428105	TRUE	ORF1ab:cds-YP_009724389.1	AGT	S	AAT	N	1534
NC_045512.2	4866	G	A	36772	20852	51	63	63	33	0.00170991	36844	0.00428105	TRUE	ORF1ab:cds-YP_009725295.1	AGT	S	AAT	N	1534
NC_045512.2	4867	T	G	36117	20522	51	41	41	33	0.00113307	36185	0.323171	FALSE	ORF1ab:cds-YP_009724389.1	AGT	S	AGG	R	1534
NC_045512.2	4867	T	G	36117	20522	51	41	41	33	0.00113307	36185	0.323171	FALSE	ORF1ab:cds-YP_009725295.1	AGT	S	AGG	R	1534
NC_045512.2	4867	T	C	36117	20522	51	5	5	36	0.000138179	36185	1	FALSE	ORF1ab:cds-YP_009724389.1	AGT	S	AGC	S	1534
NC_045512.2	4867	T	C	36117	20522	51	5	5	36	0.000138179	36185	1	FALSE	ORF1ab:cds-YP_009725295.1	AGT	S	AGC	S	1534
NC_045512.2	4867	T	A	36117	20522	51	22	22	32	0.000607987	36185	0.975806	FALSE	ORF1ab:cds-YP_009724389.1	AGT	S	AGA	R	1534
NC_045512.2	4867	T	A	36117	20522	51	22	22	32	0.000607987	36185	0.975806	FALSE	ORF1ab:cds-YP_009725295.1	AGT	S	AGA	R	1534
NC_045512.2	4868	G	T	36819	20622	52	46	46	32	0.00124702	36888	0.159354	FALSE	ORF1ab:cds-YP_009724389.1	GTA	V	TTA	L	1535
NC_045512.2	4868	G	T	36819	20622	52	46	46	32	0.00124702	36888	0.159354	FALSE	ORF1ab:cds-YP_009725295.1	GTA	V	TTA	L	1535
NC_045512.2	4868	G	C	36819	20622	52	6	6	34	0.000162655	36888	1	FALSE	ORF1ab:cds-YP_009724389.1	GTA	V	CTA	L	1535
NC_045512.2	4868	G	C	36819	20622	52	6	6	34	0.000162655	36888	1	FALSE	ORF1ab:cds-YP_009725295.1	GTA	V	CTA	L	1535
NC_045512.2	4868	G	A	36819	20622	52	17	17	33	0.000460854	36888	0.997223	FALSE	ORF1ab:cds-YP_009724389.1	GTA	V	ATA	I	1535
NC_045512.2	4868	G	A	36819	20622	52	17	17	33	0.000460854	36888	0.997223	FALSE	ORF1ab:cds-YP_009725295.1	GTA	V	ATA	I	1535
NC_045512.2	4868	G	-T	36819	20622	52	1	0	20	2.71091e-05	36888	1	FALSE	NA	NA	NA	NA	NA	NA
NC_045512.2	4869	T	G	36625	20933	51	48	47	32	0.00130844	36685	0.114508	FALSE	ORF1ab:cds-YP_009724389.1	GTA	V	GGA	G	1535
NC_045512.2	4869	T	G	36625	20933	51	48	47	32	0.00130844	36685	0.114508	FALSE	ORF1ab:cds-YP_009725295.1	GTA	V	GGA	G	1535
NC_045512.2	4869	T	C	36625	20933	51	4	4	40	0.000109036	36685	0.499165	FALSE	ORF1ab:cds-YP_009724389.1	GTA	V	GCA	A	1535
NC_045512.2	4869	T	C	36625	20933	51	4	4	40	0.000109036	36685	0.499165	FALSE	ORF1ab:cds-YP_009725295.1	GTA	V	GCA	A	1535
NC_045512.2	4869	T	A	36625	20933	51	8	8	34	0.000218073	36685	0.999997	FALSE	ORF1ab:cds-YP_009724389.1	GTA	V	GAA	E	1535
NC_045512.2	4869	T	A	36625	20933	51	8	8	34	0.000218073	36685	0.999997	FALSE	ORF1ab:cds-YP_009725295.1	GTA	V	GAA	E	1535
NC_045512.2	4870	A	T	38388	22272	52	52	51	33	0.00135212	38458	0.0846697	FALSE	ORF1ab:cds-YP_009724389.1	GTA	V	GTT	V	1535
NC_045512.2	4870	A	T	38388	22272	52	52	51	33	0.00135212	38458	0.0846697	FALSE	ORF1ab:cds-YP_009725295.1	GTA	V	GTT	V	1535
NC_045512.2	4870	A	G	38388	22272	52	14	10	34	0.000364033	38458	0.999792	FALSE	ORF1ab:cds-YP_009724389.1	GTA	V	GTG	V	1535
NC_045512.2	4870	A	G	38388	22272	52	14	10	34	0.000364033	38458	0.999792	FALSE	ORF1ab:cds-YP_009725295.1	GTA	V	GTG	V	1535
NC_045512.2	4870	A	C	38388	22272	52	4	4	34	0.00010401	38458	1	FALSE	ORF1ab:cds-YP_009724389.1	GTA	V	GTC	V	1535
NC_045512.2	4870	A	C	38388	22272	52	4	4	34	0.00010401	38458	1	FALSE	ORF1ab:cds-YP_009725295.1	GTA	V	GTC	V	1535
NC_045512.2	4871	T	G	37024	22323	49	20	18	33	0.00053904	37103	0.991714	FALSE	ORF1ab:cds-YP_009724389.1	TAT	Y	GAT	D	1536
NC_045512.2	4871	T	G	37024	22323	49	20	18	33	0.00053904	37103	0.991714	FALSE	ORF1ab:cds-YP_009725295.1	TAT	Y	GAT	D	1536
NC_045512.2	4871	T	C	37024	22323	49	9	9	33	0.000242568	37103	0.999995	FALSE	ORF1ab:cds-YP_009724389.1	TAT	Y	CAT	H	1536
NC_045512.2	4871	T	C	37024	22323	49	9	9	33	0.000242568	37103	0.999995	FALSE	ORF1ab:cds-YP_009725295.1	TAT	Y	CAT	H	1536
NC_045512.2	4871	T	A	37024	22323	49	50	50	32	0.0013476	37103	0.0982454	FALSE	ORF1ab:cds-YP_009724389.1	TAT	Y	AAT	N	1536
NC_045512.2	4871	T	A	37024	22323	49	50	50	32	0.0013476	37103	0.0982454	FALSE	ORF1ab:cds-YP_009725295.1	TAT	Y	AAT	N	1536
NC_045512.2	4872	A	T	38070	23483	50	54	54	33	0.00141624	38129	0.0585157	FALSE	ORF1ab:cds-YP_009724389.1	TAT	Y	TTT	F	1536
NC_045512.2	4872	A	T	38070	23483	50	54	54	33	0.00141624	38129	0.0585157	FALSE	ORF1ab:cds-YP_009725295.1	TAT	Y	TTT	F	1536
NC_045512.2	4872	A	G	38070	23483	50	2	2	26	5.24535e-05	38129	1	FALSE	ORF1ab:cds-YP_009724389.1	TAT	Y	TGT	C	1536
NC_045512.2	4872	A	G	38070	23483	50	2	2	26	5.24535e-05	38129	1	FALSE	ORF1ab:cds-YP_009725295.1	TAT	Y	TGT	C	1536
NC_045512.2	4872	A	C	38070	23483	50	3	3	31	7.86803e-05	38129	1	FALSE	ORF1ab:cds-YP_009724389.1	TAT	Y	TCT	S	1536
NC_045512.2	4872	A	C	38070	23483	50	3	3	31	7.86803e-05	38129	1	FALSE	ORF1ab:cds-YP_009725295.1	TAT	Y	TCT	S	1536
NC_045512.2	4872	A	-T	38070	23483	50	1	0	20	2.62268e-05	38129	1	FALSE	NA	NA	NA	NA	NA	NA
NC_045512.2	4872	A	+T	38070	23483	50	1	0	20	2.62268e-05	38129	1	FALSE	NA	NA	NA	NA	NA	NA
NC_045512.2	4873	T	G	38009	23279	50	3	3	26	7.87546e-05	38093	1	FALSE	ORF1ab:cds-YP_009724389.1	TAT	Y	TAG	*	1536
NC_045512.2	4873	T	G	38009	23279	50	3	3	26	7.87546e-05	38093	1	FALSE	ORF1ab:cds-YP_009725295.1	TAT	Y	TAG	*	1536
NC_045512.2	4873	T	C	38009	23279	50	9	9	32	0.000236264	38093	0.999997	FALSE	ORF1ab:cds-YP_009724389.1	TAT	Y	TAC	Y	1536
NC_045512.2	4873	T	C	38009	23279	50	9	9	32	0.000236264	38093	0.999997	FALSE	ORF1ab:cds-YP_009725295.1	TAT	Y	TAC	Y	1536
NC_045512.2	4873	T	A	38009	23279	50	72	72	33	0.00189011	38093	0.000756289	TRUE	ORF1ab:cds-YP_009724389.1	TAT	Y	TAA	*	1536
NC_045512.2	4873	T	A	38009	23279	50	72	72	33	0.00189011	38093	0.000756289	TRUE	ORF1ab:cds-YP_009725295.1	TAT	Y	TAA	*	1536
NC_045512.2	4874	T	G	38010	23339	50	2	1	34	5.25914e-05	38029	1	FALSE	ORF1ab:cds-YP_009724389.1	TAC	Y	GAC	D	1537
NC_045512.2	4874	T	G	38010	23339	50	2	1	34	5.25914e-05	38029	1	FALSE	ORF1ab:cds-YP_009725295.1	TAC	Y	GAC	D	1537
NC_045512.2	4874	T	C	38010	23339	50	7	7	28	0.00018407	38029	1	FALSE	ORF1ab:cds-YP_009724389.1	TAC	Y	CAC	H	1537
NC_045512.2	4874	T	C	38010	23339	50	7	7	28	0.00018407	38029	1	FALSE	ORF1ab:cds-YP_009725295.1	TAC	Y	CAC	H	1537
NC_045512.2	4874	T	A	38010	23339	50	10	10	33	0.000262957	38029	0.999992	FALSE	ORF1ab:cds-YP_009724389.1	TAC	Y	AAC	N	1537
NC_045512.2	4874	T	A	38010	23339	50	10	10	33	0.000262957	38029	0.999992	FALSE	ORF1ab:cds-YP_009725295.1	TAC	Y	AAC	N	1537
NC_045512.2	4874	T	-A	38010	23339	50	2	0	20	5.25914e-05	38029	1	FALSE	NA	NA	NA	NA	NA	NA
NC_045512.2	4875	A	T	37026	22664	50	57	57	33	0.00153672	37092	0.0245778	FALSE	ORF1ab:cds-YP_009724389.1	TAC	Y	TTC	F	1537
NC_045512.2	4875	A	T	37026	22664	50	57	57	33	0.00153672	37092	0.0245778	FALSE	ORF1ab:cds-YP_009725295.1	TAC	Y	TTC	F	1537
NC_045512.2	4875	A	G	37026	22664	50	7	1	35	0.00018872	37092	1	FALSE	ORF1ab:cds-YP_009724389.1	TAC	Y	TGC	C	1537
NC_045512.2	4875	A	G	37026	22664	50	7	1	35	0.00018872	37092	1	FALSE	ORF1ab:cds-YP_009725295.1	TAC	Y	TGC	C	1537
NC_045512.2	4875	A	C	37026	22664	50	2	2	34	5.392e-05	37092	1	FALSE	ORF1ab:cds-YP_009724389.1	TAC	Y	TCC	S	1537
NC_045512.2	4875	A	C	37026	22664	50	2	2	34	5.392e-05	37092	1	FALSE	ORF1ab:cds-YP_009725295.1	TAC	Y	TCC	S	1537
NC_045512.2	4876	C	T	37243	22795	51	24	24	32	0.000643001	37325	0.963494	FALSE	ORF1ab:cds-YP_009724389.1	TAC	Y	TAT	Y	1537
NC_045512.2	4876	C	T	37243	22795	51	24	24	32	0.000643001	37325	0.963494	FALSE	ORF1ab:cds-YP_009725295.1	TAC	Y	TAT	Y	1537
NC_045512.2	4876	C	G	37243	22795	51	7	7	34	0.000187542	37325	1	FALSE	ORF1ab:cds-YP_009724389.1	TAC	Y	TAG	*	1537
NC_045512.2	4876	C	G	37243	22795	51	7	7	34	0.000187542	37325	1	FALSE	ORF1ab:cds-YP_009725295.1	TAC	Y	TAG	*	1537
NC_045512.2	4876	C	A	37243	22795	51	51	51	32	0.00136638	37325	0.0820217	FALSE	ORF1ab:cds-YP_009724389.1	TAC	Y	TAA	*	1537
NC_045512.2	4876	C	A	37243	22795	51	51	51	32	0.00136638	37325	0.0820217	FALSE	ORF1ab:cds-YP_009725295.1	TAC	Y	TAA	*	1537
NC_045512.2	4877	A	T	36457	22052	51	21	21	31	0.000574838	36532	0.983235	FALSE	ORF1ab:cds-YP_009724389.1	ACT	T	TCT	S	1538
NC_045512.2	4877	A	T	36457	22052	51	21	21	31	0.000574838	36532	0.983235	FALSE	ORF1ab:cds-YP_009725295.1	ACT	T	TCT	S	1538
NC_045512.2	4877	A	G	36457	22052	51	4	3	34	0.000109493	36532	1	FALSE	ORF1ab:cds-YP_009724389.1	ACT	T	GCT	A	1538
NC_045512.2	4877	A	G	36457	22052	51	4	3	34	0.000109493	36532	1	FALSE	ORF1ab:cds-YP_009725295.1	ACT	T	GCT	A	1538
NC_045512.2	4877	A	C	36457	22052	51	50	50	33	0.00136866	36532	0.0797125	FALSE	ORF1ab:cds-YP_009724389.1	ACT	T	CCT	P	1538
NC_045512.2	4877	A	C	36457	22052	51	50	50	33	0.00136866	36532	0.0797125	FALSE	ORF1ab:cds-YP_009725295.1	ACT	T	CCT	P	1538
NC_045512.2	4878	C	T	38012	22610	51	6	6	34	0.000157538	38086	1	FALSE	ORF1ab:cds-YP_009724389.1	ACT	T	ATT	I	1538
NC_045512.2	4878	C	T	38012	22610	51	6	6	34	0.000157538	38086	1	FALSE	ORF1ab:cds-YP_009725295.1	ACT	T	ATT	I	1538
NC_045512.2	4878	C	G	38012	22610	51	5	3	28	0.000131282	38086	1	FALSE	ORF1ab:cds-YP_009724389.1	ACT	T	AGT	S	1538
NC_045512.2	4878	C	G	38012	22610	51	5	3	28	0.000131282	38086	1	FALSE	ORF1ab:cds-YP_009725295.1	ACT	T	AGT	S	1538
NC_045512.2	4878	C	A	38012	22610	51	63	63	32	0.00165415	38086	0.00818785	TRUE	ORF1ab:cds-YP_009724389.1	ACT	T	AAT	N	1538
NC_045512.2	4878	C	A	38012	22610	51	63	63	32	0.00165415	38086	0.00818785	TRUE	ORF1ab:cds-YP_009725295.1	ACT	T	AAT	N	1538
NC_045512.2	4879	T	G	36564	21314	51	4	3	32	0.000109179	36637	1	FALSE	ORF1ab:cds-YP_009724389.1	ACT	T	ACG	T	1538
NC_045512.2	4879	T	G	36564	21314	51	4	3	32	0.000109179	36637	1	FALSE	ORF1ab:cds-YP_009725295.1	ACT	T	ACG	T	1538
NC_045512.2	4879	T	C	36564	21314	51	59	58	32	0.00161039	36637	0.0116466	FALSE	ORF1ab:cds-YP_009724389.1	ACT	T	ACC	T	1538
NC_045512.2	4879	T	C	36564	21314	51	59	58	32	0.00161039	36637	0.0116466	FALSE	ORF1ab:cds-YP_009725295.1	ACT	T	ACC	T	1538
NC_045512.2	4879	T	A	36564	21314	51	10	10	33	0.000272948	36637	0.999979	FALSE	ORF1ab:cds-YP_009724389.1	ACT	T	ACA	T	1538
NC_045512.2	4879	T	A	36564	21314	51	10	10	33	0.000272948	36637	0.999979	FALSE	ORF1ab:cds-YP_009725295.1	ACT	T	ACA	T	1538
NC_045512.2	4880	A	T	36843	21288	51	48	47	33	0.00130071	36903	0.114534	FALSE	ORF1ab:cds-YP_009724389.1	AGT	S	TGT	C	1539
NC_045512.2	4880	A	T	36843	21288	51	48	47	33	0.00130071	36903	0.114534	FALSE	ORF1ab:cds-YP_009725295.1	AGT	S	TGT	C	1539
NC_045512.2	4880	A	G	36843	21288	51	2	1	30	5.41961e-05	36903	1	FALSE	ORF1ab:cds-YP_009724389.1	AGT	S	GGT	G	1539
NC_045512.2	4880	A	G	36843	21288	51	2	1	30	5.41961e-05	36903	1	FALSE	ORF1ab:cds-YP_009725295.1	AGT	S	GGT	G	1539
NC_045512.2	4880	A	C	36843	21288	51	10	10	33	0.000270981	36903	0.999979	FALSE	ORF1ab:cds-YP_009724389.1	AGT	S	CGT	R	1539
NC_045512.2	4880	A	C	36843	21288	51	10	10	33	0.000270981	36903	0.999979	FALSE	ORF1ab:cds-YP_009725295.1	AGT	S	CGT	R	1539
NC_045512.2	4881	G	T	36795	21301	51	11	11	31	0.000298329	36872	0.99995	FALSE	ORF1ab:cds-YP_009724389.1	AGT	S	ATT	I	1539
NC_045512.2	4881	G	T	36795	21301	51	11	11	31	0.000298329	36872	0.99995	FALSE	ORF1ab:cds-YP_009725295.1	AGT	S	ATT	I	1539
NC_045512.2	4881	G	C	36795	21301	51	15	15	33	0.000406813	36872	0.999101	FALSE	ORF1ab:cds-YP_009724389.1	AGT	S	ACT	T	1539
NC_045512.2	4881	G	C	36795	21301	51	15	15	33	0.000406813	36872	0.999101	FALSE	ORF1ab:cds-YP_009725295.1	AGT	S	ACT	T	1539
NC_045512.2	4881	G	A	36795	21301	51	51	49	33	0.00138316	36872	0.0659296	FALSE	ORF1ab:cds-YP_009724389.1	AGT	S	AAT	N	1539
NC_045512.2	4881	G	A	36795	21301	51	51	49	33	0.00138316	36872	0.0659296	FALSE	ORF1ab:cds-YP_009725295.1	AGT	S	AAT	N	1539
NC_045512.2	4881	G	-T	36795	21301	51	1	0	20	2.71209e-05	36872	1	FALSE	NA	NA	NA	NA	NA	NA
NC_045512.2	4882	T	G	36639	22027	52	47	45	33	0.00128044	36706	0.135456	FALSE	ORF1ab:cds-YP_009724389.1	AGT	S	AGG	R	1539
NC_045512.2	4882	T	G	36639	22027	52	47	45	33	0.00128044	36706	0.135456	FALSE	ORF1ab:cds-YP_009725295.1	AGT	S	AGG	R	1539
NC_045512.2	4882	T	C	36639	22027	52	7	6	36	0.000190705	36706	0.999999	FALSE	ORF1ab:cds-YP_009724389.1	AGT	S	AGC	S	1539
NC_045512.2	4882	T	C	36639	22027	52	7	6	36	0.000190705	36706	0.999999	FALSE	ORF1ab:cds-YP_009725295.1	AGT	S	AGC	S	1539
NC_045512.2	4882	T	A	36639	22027	52	13	13	32	0.000354166	36706	0.999762	FALSE	ORF1ab:cds-YP_009724389.1	AGT	S	AGA	R	1539
NC_045512.2	4882	T	A	36639	22027	52	13	13	32	0.000354166	36706	0.999762	FALSE	ORF1ab:cds-YP_009725295.1	AGT	S	AGA	R	1539
NC_045512.2	4883	A	T	36737	22191	52	46	45	32	0.00124993	36802	0.159472	FALSE	ORF1ab:cds-YP_009724389.1	AAT	N	TAT	Y	1540
NC_045512.2	4883	A	T	36737	22191	52	46	45	32	0.00124993	36802	0.159472	FALSE	ORF1ab:cds-YP_009725295.1	AAT	N	TAT	Y	1540
NC_045512.2	4883	A	G	36737	22191	52	16	12	33	0.000434759	36802	0.998388	FALSE	ORF1ab:cds-YP_009724389.1	AAT	N	GAT	D	1540
NC_045512.2	4883	A	G	36737	22191	52	16	12	33	0.000434759	36802	0.998388	FALSE	ORF1ab:cds-YP_009725295.1	AAT	N	GAT	D	1540
NC_045512.2	4883	A	C	36737	22191	52	3	3	31	8.15173e-05	36802	1	FALSE	ORF1ab:cds-YP_009724389.1	AAT	N	CAT	H	1540
NC_045512.2	4883	A	C	36737	22191	52	3	3	31	8.15173e-05	36802	1	FALSE	ORF1ab:cds-YP_009725295.1	AAT	N	CAT	H	1540
NC_045512.2	4884	A	T	36770	22188	52	14	14	32	0.000380342	36809	0.99953	FALSE	ORF1ab:cds-YP_009724389.1	AAT	N	ATT	I	1540
NC_045512.2	4884	A	T	36770	22188	52	14	14	32	0.000380342	36809	0.99953	FALSE	ORF1ab:cds-YP_009725295.1	AAT	N	ATT	I	1540
NC_045512.2	4884	A	G	36770	22188	52	20	19	33	0.000543345	36809	0.988851	FALSE	ORF1ab:cds-YP_009724389.1	AAT	N	AGT	S	1540
NC_045512.2	4884	A	G	36770	22188	52	20	19	33	0.000543345	36809	0.988851	FALSE	ORF1ab:cds-YP_009725295.1	AAT	N	AGT	S	1540
NC_045512.2	4884	A	C	36770	22188	52	5	5	30	0.000135836	36809	1	FALSE	ORF1ab:cds-YP_009724389.1	AAT	N	ACT	T	1540
NC_045512.2	4884	A	C	36770	22188	52	5	5	30	0.000135836	36809	1	FALSE	ORF1ab:cds-YP_009725295.1	AAT	N	ACT	T	1540
NC_045512.2	4885	T	G	37492	22200	52	6	5	31	0.000159736	37562	1	FALSE	ORF1ab:cds-YP_009724389.1	AAT	N	AAG	K	1540
NC_045512.2	4885	T	G	37492	22200	52	6	5	31	0.000159736	37562	1	FALSE	ORF1ab:cds-YP_009725295.1	AAT	N	AAG	K	1540
NC_045512.2	4885	T	C	37492	22200	52	8	6	38	0.000212981	37562	0.999998	FALSE	ORF1ab:cds-YP_009724389.1	AAT	N	AAC	N	1540
NC_045512.2	4885	T	C	37492	22200	52	8	6	38	0.000212981	37562	0.999998	FALSE	ORF1ab:cds-YP_009725295.1	AAT	N	AAC	N	1540
NC_045512.2	4885	T	A	37492	22200	52	56	54	33	0.00149087	37562	0.0304975	FALSE	ORF1ab:cds-YP_009724389.1	AAT	N	AAA	K	1540
NC_045512.2	4885	T	A	37492	22200	52	56	54	33	0.00149087	37562	0.0304975	FALSE	ORF1ab:cds-YP_009725295.1	AAT	N	AAA	K	1540
NC_045512.2	4886	C	T	37605	22422	52	48	48	33	0.00127389	37680	0.138159	FALSE	ORF1ab:cds-YP_009724389.1	CCT	P	TCT	S	1541
NC_045512.2	4886	C	T	37605	22422	52	48	48	33	0.00127389	37680	0.138159	FALSE	ORF1ab:cds-YP_009725295.1	CCT	P	TCT	S	1541
NC_045512.2	4886	C	G	37605	22422	52	2	2	34	5.30786e-05	37680	1	FALSE	ORF1ab:cds-YP_009724389.1	CCT	P	GCT	A	1541
NC_045512.2	4886	C	G	37605	22422	52	2	2	34	5.30786e-05	37680	1	FALSE	ORF1ab:cds-YP_009725295.1	CCT	P	GCT	A	1541
NC_045512.2	4886	C	A	37605	22422	52	25	25	33	0.000663482	37680	0.95057	FALSE	ORF1ab:cds-YP_009724389.1	CCT	P	ACT	T	1541
NC_045512.2	4886	C	A	37605	22422	52	25	25	33	0.000663482	37680	0.95057	FALSE	ORF1ab:cds-YP_009725295.1	CCT	P	ACT	T	1541
NC_045512.2	4887	C	T	35850	20978	53	11	11	34	0.000306518	35887	0.999921	FALSE	ORF1ab:cds-YP_009724389.1	CCT	P	CTT	L	1541
NC_045512.2	4887	C	T	35850	20978	53	11	11	34	0.000306518	35887	0.999921	FALSE	ORF1ab:cds-YP_009725295.1	CCT	P	CTT	L	1541
NC_045512.2	4887	C	G	35850	20978	53	5	4	32	0.000139326	35887	1	FALSE	ORF1ab:cds-YP_009724389.1	CCT	P	CGT	R	1541
NC_045512.2	4887	C	G	35850	20978	53	5	4	32	0.000139326	35887	1	FALSE	ORF1ab:cds-YP_009725295.1	CCT	P	CGT	R	1541
NC_045512.2	4887	C	A	35850	20978	53	21	20	32	0.00058517	35887	0.977936	FALSE	ORF1ab:cds-YP_009724389.1	CCT	P	CAT	H	1541
NC_045512.2	4887	C	A	35850	20978	53	21	20	32	0.00058517	35887	0.977936	FALSE	ORF1ab:cds-YP_009725295.1	CCT	P	CAT	H	1541
NC_045512.2	4888	T	G	35611	20695	53	7	6	33	0.000196205	35677	0.999999	FALSE	ORF1ab:cds-YP_009724389.1	CCT	P	CCG	P	1541
NC_045512.2	4888	T	G	35611	20695	53	7	6	33	0.000196205	35677	0.999999	FALSE	ORF1ab:cds-YP_009725295.1	CCT	P	CCG	P	1541
NC_045512.2	4888	T	C	35611	20695	53	51	51	33	0.00142949	35677	0.0523129	FALSE	ORF1ab:cds-YP_009724389.1	CCT	P	CCC	P	1541
NC_045512.2	4888	T	C	35611	20695	53	51	51	33	0.00142949	35677	0.0523129	FALSE	ORF1ab:cds-YP_009725295.1	CCT	P	CCC	P	1541
NC_045512.2	4888	T	A	35611	20695	53	8	8	33	0.000224234	35677	0.999995	FALSE	ORF1ab:cds-YP_009724389.1	CCT	P	CCA	P	1541
NC_045512.2	4888	T	A	35611	20695	53	8	8	33	0.000224234	35677	0.999995	FALSE	ORF1ab:cds-YP_009725295.1	CCT	P	CCA	P	1541
NC_045512.2	4889	A	T	35858	21597	55	46	46	33	0.0012803	35929	0.132424	FALSE	ORF1ab:cds-YP_009724389.1	ACC	T	TCC	S	1542
NC_045512.2	4889	A	T	35858	21597	55	46	46	33	0.0012803	35929	0.132424	FALSE	ORF1ab:cds-YP_009725295.1	ACC	T	TCC	S	1542
NC_045512.2	4889	A	G	35858	21597	55	6	4	34	0.000166996	35929	1	FALSE	ORF1ab:cds-YP_009724389.1	ACC	T	GCC	A	1542
NC_045512.2	4889	A	G	35858	21597	55	6	4	34	0.000166996	35929	1	FALSE	ORF1ab:cds-YP_009725295.1	ACC	T	GCC	A	1542
NC_045512.2	4889	A	C	35858	21597	55	19	19	33	0.000528821	35929	0.989968	FALSE	ORF1ab:cds-YP_009724389.1	ACC	T	CCC	P	1542
NC_045512.2	4889	A	C	35858	21597	55	19	19	33	0.000528821	35929	0.989968	FALSE	ORF1ab:cds-YP_009725295.1	ACC	T	CCC	P	1542
NC_045512.2	4890	C	T	35821	21639	55	9	9	33	0.000250808	35884	0.999987	FALSE	ORF1ab:cds-YP_009724389.1	ACC	T	ATC	I	1542
NC_045512.2	4890	C	T	35821	21639	55	9	9	33	0.000250808	35884	0.999987	FALSE	ORF1ab:cds-YP_009725295.1	ACC	T	ATC	I	1542
NC_045512.2	4890	C	G	35821	21639	55	1	1	34	2.78676e-05	35884	1	FALSE	ORF1ab:cds-YP_009724389.1	ACC	T	AGC	S	1542
NC_045512.2	4890	C	G	35821	21639	55	1	1	34	2.78676e-05	35884	1	FALSE	ORF1ab:cds-YP_009725295.1	ACC	T	AGC	S	1542
NC_045512.2	4890	C	A	35821	21639	55	53	53	32	0.00147698	35884	0.0344979	FALSE	ORF1ab:cds-YP_009724389.1	ACC	T	AAC	N	1542
NC_045512.2	4890	C	A	35821	21639	55	53	53	32	0.00147698	35884	0.0344979	FALSE	ORF1ab:cds-YP_009725295.1	ACC	T	AAC	N	1542
NC_045512.2	4891	C	T	35813	21718	55	14	13	33	0.000390592	35843	0.999298	FALSE	ORF1ab:cds-YP_009724389.1	ACC	T	ACT	T	1542
NC_045512.2	4891	C	T	35813	21718	55	14	13	33	0.000390592	35843	0.999298	FALSE	ORF1ab:cds-YP_009725295.1	ACC	T	ACT	T	1542
NC_045512.2	4891	C	G	35813	21718	55	2	2	34	5.57989e-05	35843	1	FALSE	ORF1ab:cds-YP_009724389.1	ACC	T	ACG	T	1542
NC_045512.2	4891	C	G	35813	21718	55	2	2	34	5.57989e-05	35843	1	FALSE	ORF1ab:cds-YP_009725295.1	ACC	T	ACG	T	1542
NC_045512.2	4891	C	A	35813	21718	55	14	13	33	0.000390592	35843	0.999298	FALSE	ORF1ab:cds-YP_009724389.1	ACC	T	ACA	T	1542
NC_045512.2	4891	C	A	35813	21718	55	14	13	33	0.000390592	35843	0.999298	FALSE	ORF1ab:cds-YP_009725295.1	ACC	T	ACA	T	1542
NC_045512.2	4892	A	T	36014	22028	55	6	6	32	0.000166297	36080	1	FALSE	ORF1ab:cds-YP_009724389.1	ACA	T	TCA	S	1543
NC_045512.2	4892	A	T	36014	22028	55	6	6	32	0.000166297	36080	1	FALSE	ORF1ab:cds-YP_009725295.1	ACA	T	TCA	S	1543
NC_045512.2	4892	A	G	36014	22028	55	5	4	43	0.000138581	36080	0.362364	FALSE	ORF1ab:cds-YP_009724389.1	ACA	T	GCA	A	1543
NC_045512.2	4892	A	G	36014	22028	55	5	4	43	0.000138581	36080	0.362364	FALSE	ORF1ab:cds-YP_009725295.1	ACA	T	GCA	A	1543
NC_045512.2	4892	A	C	36014	22028	55	55	55	32	0.00152439	36080	0.0291196	FALSE	ORF1ab:cds-YP_009724389.1	ACA	T	CCA	P	1543
NC_045512.2	4892	A	C	36014	22028	55	55	55	32	0.00152439	36080	0.0291196	FALSE	ORF1ab:cds-YP_009725295.1	ACA	T	CCA	P	1543
NC_045512.2	4893	C	T	36194	22094	55	7	7	31	0.000193061	36258	0.999999	FALSE	ORF1ab:cds-YP_009724389.1	ACA	T	ATA	I	1543
NC_045512.2	4893	C	T	36194	22094	55	7	7	31	0.000193061	36258	0.999999	FALSE	ORF1ab:cds-YP_009725295.1	ACA	T	ATA	I	1543
NC_045512.2	4893	C	G	36194	22094	55	5	2	32	0.000137901	36258	1	FALSE	ORF1ab:cds-YP_009724389.1	ACA	T	AGA	R	1543
NC_045512.2	4893	C	G	36194	22094	55	5	2	32	0.000137901	36258	1	FALSE	ORF1ab:cds-YP_009725295.1	ACA	T	AGA	R	1543
NC_045512.2	4893	C	A	36194	22094	55	52	52	33	0.00143417	36258	0.054383	FALSE	ORF1ab:cds-YP_009724389.1	ACA	T	AAA	K	1543
NC_045512.2	4893	C	A	36194	22094	55	52	52	33	0.00143417	36258	0.054383	FALSE	ORF1ab:cds-YP_009725295.1	ACA	T	AAA	K	1543
NC_045512.2	4894	A	T	35245	21490	57	8	8	33	0.000226494	35321	0.999995	FALSE	ORF1ab:cds-YP_009724389.1	ACA	T	ACT	T	1543
NC_045512.2	4894	A	T	35245	21490	57	8	8	33	0.000226494	35321	0.999995	FALSE	ORF1ab:cds-YP_009725295.1	ACA	T	ACT	T	1543
NC_045512.2	4894	A	G	35245	21490	57	5	4	32	0.000141559	35321	1	FALSE	ORF1ab:cds-YP_009724389.1	ACA	T	ACG	T	1543
NC_045512.2	4894	A	G	35245	21490	57	5	4	32	0.000141559	35321	1	FALSE	ORF1ab:cds-YP_009725295.1	ACA	T	ACG	T	1543
NC_045512.2	4894	A	C	35245	21490	57	63	61	33	0.00178364	35321	0.00301342	TRUE	ORF1ab:cds-YP_009724389.1	ACA	T	ACC	T	1543
NC_045512.2	4894	A	C	35245	21490	57	63	61	33	0.00178364	35321	0.00301342	TRUE	ORF1ab:cds-YP_009725295.1	ACA	T	ACC	T	1543
NC_045512.2	4895	T	G	35038	21412	56	3	3	31	8.54093e-05	35125	1	FALSE	ORF1ab:cds-YP_009724389.1	TTC	F	GTC	V	1544
NC_045512.2	4895	T	G	35038	21412	56	3	3	31	8.54093e-05	35125	1	FALSE	ORF1ab:cds-YP_009725295.1	TTC	F	GTC	V	1544
NC_045512.2	4895	T	C	35038	21412	56	15	13	41	0.000427046	35125	0.00371832	TRUE	ORF1ab:cds-YP_009724389.1	TTC	F	CTC	L	1544
NC_045512.2	4895	T	C	35038	21412	56	15	13	41	0.000427046	35125	0.00371832	TRUE	ORF1ab:cds-YP_009725295.1	TTC	F	CTC	L	1544
NC_045512.2	4895	T	A	35038	21412	56	69	69	33	0.00196441	35125	0.000544924	TRUE	ORF1ab:cds-YP_009724389.1	TTC	F	ATC	I	1544
NC_045512.2	4895	T	A	35038	21412	56	69	69	33	0.00196441	35125	0.000544924	TRUE	ORF1ab:cds-YP_009725295.1	TTC	F	ATC	I	1544
NC_045512.2	4896	T	G	35168	21615	57	3	3	31	8.52345e-05	35197	1	FALSE	ORF1ab:cds-YP_009724389.1	TTC	F	TGC	C	1544
NC_045512.2	4896	T	G	35168	21615	57	3	3	31	8.52345e-05	35197	1	FALSE	ORF1ab:cds-YP_009725295.1	TTC	F	TGC	C	1544
NC_045512.2	4896	T	C	35168	21615	57	17	16	31	0.000482996	35197	0.996105	FALSE	ORF1ab:cds-YP_009724389.1	TTC	F	TCC	S	1544
NC_045512.2	4896	T	C	35168	21615	57	17	16	31	0.000482996	35197	0.996105	FALSE	ORF1ab:cds-YP_009725295.1	TTC	F	TCC	S	1544
NC_045512.2	4896	T	A	35168	21615	57	9	9	34	0.000255704	35197	0.999987	FALSE	ORF1ab:cds-YP_009724389.1	TTC	F	TAC	Y	1544
NC_045512.2	4896	T	A	35168	21615	57	9	9	34	0.000255704	35197	0.999987	FALSE	ORF1ab:cds-YP_009725295.1	TTC	F	TAC	Y	1544
NC_045512.2	4897	C	T	35271	21857	57	57	57	33	0.00161217	35356	0.0138279	FALSE	ORF1ab:cds-YP_009724389.1	TTC	F	TTT	F	1544
NC_045512.2	4897	C	T	35271	21857	57	57	57	33	0.00161217	35356	0.0138279	FALSE	ORF1ab:cds-YP_009725295.1	TTC	F	TTT	F	1544
NC_045512.2	4897	C	G	35271	21857	57	4	4	30	0.000113135	35356	1	FALSE	ORF1ab:cds-YP_009724389.1	TTC	F	TTG	L	1544
NC_045512.2	4897	C	G	35271	21857	57	4	4	30	0.000113135	35356	1	FALSE	ORF1ab:cds-YP_009725295.1	TTC	F	TTG	L	1544
NC_045512.2	4897	C	A	35271	21857	57	24	21	36	0.00067881	35356	0.94057	FALSE	ORF1ab:cds-YP_009724389.1	TTC	F	TTA	L	1544
NC_045512.2	4897	C	A	35271	21857	57	24	21	36	0.00067881	35356	0.94057	FALSE	ORF1ab:cds-YP_009725295.1	TTC	F	TTA	L	1544
NC_045512.2	4898	C	T	35109	21692	57	27	26	34	0.000768224	35146	0.873468	FALSE	ORF1ab:cds-YP_009724389.1	CAC	H	TAC	Y	1545
NC_045512.2	4898	C	T	35109	21692	57	27	26	34	0.000768224	35146	0.873468	FALSE	ORF1ab:cds-YP_009725295.1	CAC	H	TAC	Y	1545
NC_045512.2	4898	C	G	35109	21692	57	4	4	34	0.000113811	35146	1	FALSE	ORF1ab:cds-YP_009724389.1	CAC	H	GAC	D	1545
NC_045512.2	4898	C	G	35109	21692	57	4	4	34	0.000113811	35146	1	FALSE	ORF1ab:cds-YP_009725295.1	CAC	H	GAC	D	1545
NC_045512.2	4898	C	A	35109	21692	57	6	6	30	0.000170716	35146	1	FALSE	ORF1ab:cds-YP_009724389.1	CAC	H	AAC	N	1545
NC_045512.2	4898	C	A	35109	21692	57	6	6	30	0.000170716	35146	1	FALSE	ORF1ab:cds-YP_009725295.1	CAC	H	AAC	N	1545
NC_045512.2	4899	A	T	34911	21548	57	13	13	33	0.00037162	34982	0.999447	FALSE	ORF1ab:cds-YP_009724389.1	CAC	H	CTC	L	1545
NC_045512.2	4899	A	T	34911	21548	57	13	13	33	0.00037162	34982	0.999447	FALSE	ORF1ab:cds-YP_009725295.1	CAC	H	CTC	L	1545
NC_045512.2	4899	A	G	34911	21548	57	2	2	51	5.71723e-05	34982	0.24951	FALSE	ORF1ab:cds-YP_009724389.1	CAC	H	CGC	R	1545
NC_045512.2	4899	A	G	34911	21548	57	2	2	51	5.71723e-05	34982	0.24951	FALSE	ORF1ab:cds-YP_009725295.1	CAC	H	CGC	R	1545
NC_045512.2	4899	A	C	34911	21548	57	56	55	32	0.00160082	34982	0.013039	FALSE	ORF1ab:cds-YP_009724389.1	CAC	H	CCC	P	1545
NC_045512.2	4899	A	C	34911	21548	57	56	55	32	0.00160082	34982	0.013039	FALSE	ORF1ab:cds-YP_009725295.1	CAC	H	CCC	P	1545
NC_045512.2	4900	C	T	35179	21708	57	2	2	34	5.6744e-05	35246	1	FALSE	ORF1ab:cds-YP_009724389.1	CAC	H	CAT	H	1545
NC_045512.2	4900	C	T	35179	21708	57	2	2	34	5.6744e-05	35246	1	FALSE	ORF1ab:cds-YP_009725295.1	CAC	H	CAT	H	1545
NC_045512.2	4900	C	G	35179	21708	57	5	3	31	0.00014186	35246	1	FALSE	ORF1ab:cds-YP_009724389.1	CAC	H	CAG	Q	1545
NC_045512.2	4900	C	G	35179	21708	57	5	3	31	0.00014186	35246	1	FALSE	ORF1ab:cds-YP_009725295.1	CAC	H	CAG	Q	1545
NC_045512.2	4900	C	A	35179	21708	57	60	60	32	0.00170232	35246	0.00664298	TRUE	ORF1ab:cds-YP_009724389.1	CAC	H	CAA	Q	1545
NC_045512.2	4900	C	A	35179	21708	57	60	60	32	0.00170232	35246	0.00664298	TRUE	ORF1ab:cds-YP_009725295.1	CAC	H	CAA	Q	1545
NC_045512.2	4901	C	T	34606	21484	57	2	2	30	5.69671e-05	35108	1	FALSE	ORF1ab:cds-YP_009724389.1	CTA	L	TTA	L	1546
NC_045512.2	4901	C	T	34606	21484	57	2	2	30	5.69671e-05	35108	1	FALSE	ORF1ab:cds-YP_009725295.1	CTA	L	TTA	L	1546
NC_045512.2	4901	C	G	34606	21484	57	3	2	29	8.54506e-05	35108	1	FALSE	ORF1ab:cds-YP_009724389.1	CTA	L	GTA	V	1546
NC_045512.2	4901	C	G	34606	21484	57	3	2	29	8.54506e-05	35108	1	FALSE	ORF1ab:cds-YP_009725295.1	CTA	L	GTA	V	1546
NC_045512.2	4901	C	A	34606	21484	57	497	315	56	0.0141563	35108	4.0537e-151	TRUE	ORF1ab:cds-YP_009724389.1	CTA	L	ATA	I	1546
NC_045512.2	4901	C	A	34606	21484	57	497	315	56	0.0141563	35108	4.0537e-151	TRUE	ORF1ab:cds-YP_009725295.1	CTA	L	ATA	I	1546
NC_045512.2	4902	T	G	33611	20375	55	7	7	34	0.000207764	33692	0.999996	FALSE	ORF1ab:cds-YP_009724389.1	CTA	L	CGA	R	1546
NC_045512.2	4902	T	G	33611	20375	55	7	7	34	0.000207764	33692	0.999996	FALSE	ORF1ab:cds-YP_009725295.1	CTA	L	CGA	R	1546
NC_045512.2	4902	T	C	33611	20375	55	56	56	33	0.00166212	33692	0.00946823	TRUE	ORF1ab:cds-YP_009724389.1	CTA	L	CCA	P	1546
NC_045512.2	4902	T	C	33611	20375	55	56	56	33	0.00166212	33692	0.00946823	TRUE	ORF1ab:cds-YP_009725295.1	CTA	L	CCA	P	1546
NC_045512.2	4902	T	A	33611	20375	55	18	18	32	0.000534251	33692	0.987773	FALSE	ORF1ab:cds-YP_009724389.1	CTA	L	CAA	Q	1546
NC_045512.2	4902	T	A	33611	20375	55	18	18	32	0.000534251	33692	0.987773	FALSE	ORF1ab:cds-YP_009725295.1	CTA	L	CAA	Q	1546
NC_045512.2	4903	A	T	34378	21183	58	50	50	33	0.00145151	34447	0.0502157	FALSE	ORF1ab:cds-YP_009724389.1	CTA	L	CTT	L	1546
NC_045512.2	4903	A	T	34378	21183	58	50	50	33	0.00145151	34447	0.0502157	FALSE	ORF1ab:cds-YP_009725295.1	CTA	L	CTT	L	1546
NC_045512.2	4903	A	G	34378	21183	58	4	3	32	0.00011612	34447	1	FALSE	ORF1ab:cds-YP_009724389.1	CTA	L	CTG	L	1546
NC_045512.2	4903	A	G	34378	21183	58	4	3	32	0.00011612	34447	1	FALSE	ORF1ab:cds-YP_009725295.1	CTA	L	CTG	L	1546
NC_045512.2	4903	A	C	34378	21183	58	15	15	32	0.000435452	34447	0.998073	FALSE	ORF1ab:cds-YP_009724389.1	CTA	L	CTC	L	1546
NC_045512.2	4903	A	C	34378	21183	58	15	15	32	0.000435452	34447	0.998073	FALSE	ORF1ab:cds-YP_009725295.1	CTA	L	CTC	L	1546
NC_045512.2	4904	G	T	34407	21225	58	11	11	33	0.000318989	34484	0.999874	FALSE	ORF1ab:cds-YP_009724389.1	GAT	D	TAT	Y	1547
NC_045512.2	4904	G	T	34407	21225	58	11	11	33	0.000318989	34484	0.999874	FALSE	ORF1ab:cds-YP_009725295.1	GAT	D	TAT	Y	1547
NC_045512.2	4904	G	C	34407	21225	58	10	10	34	0.00028999	34484	0.999946	FALSE	ORF1ab:cds-YP_009724389.1	GAT	D	CAT	H	1547
NC_045512.2	4904	G	C	34407	21225	58	10	10	34	0.00028999	34484	0.999946	FALSE	ORF1ab:cds-YP_009725295.1	GAT	D	CAT	H	1547
NC_045512.2	4904	G	A	34407	21225	58	56	56	33	0.00162394	34484	0.0130097	FALSE	ORF1ab:cds-YP_009724389.1	GAT	D	AAT	N	1547
NC_045512.2	4904	G	A	34407	21225	58	56	56	33	0.00162394	34484	0.0130097	FALSE	ORF1ab:cds-YP_009725295.1	GAT	D	AAT	N	1547
NC_045512.2	4905	A	T	34613	21449	56	14	14	31	0.000403679	34681	0.998941	FALSE	ORF1ab:cds-YP_009724389.1	GAT	D	GTT	V	1547
NC_045512.2	4905	A	T	34613	21449	56	14	14	31	0.000403679	34681	0.998941	FALSE	ORF1ab:cds-YP_009725295.1	GAT	D	GTT	V	1547
NC_045512.2	4905	A	G	34613	21449	56	53	51	33	0.00152821	34681	0.0263123	FALSE	ORF1ab:cds-YP_009724389.1	GAT	D	GGT	G	1547
NC_045512.2	4905	A	G	34613	21449	56	53	51	33	0.00152821	34681	0.0263123	FALSE	ORF1ab:cds-YP_009725295.1	GAT	D	GGT	G	1547
NC_045512.2	4905	A	C	34613	21449	56	1	1	38	2.88342e-05	34681	1	FALSE	ORF1ab:cds-YP_009724389.1	GAT	D	GCT	A	1547
NC_045512.2	4905	A	C	34613	21449	56	1	1	38	2.88342e-05	34681	1	FALSE	ORF1ab:cds-YP_009725295.1	GAT	D	GCT	A	1547
NC_045512.2	4906	T	G	34396	21227	57	14	13	31	0.000406127	34472	0.998938	FALSE	ORF1ab:cds-YP_009724389.1	GAT	D	GAG	E	1547
NC_045512.2	4906	T	G	34396	21227	57	14	13	31	0.000406127	34472	0.998938	FALSE	ORF1ab:cds-YP_009725295.1	GAT	D	GAG	E	1547
NC_045512.2	4906	T	C	34396	21227	57	1	1	34	2.90091e-05	34472	1	FALSE	ORF1ab:cds-YP_009724389.1	GAT	D	GAC	D	1547
NC_045512.2	4906	T	C	34396	21227	57	1	1	34	2.90091e-05	34472	1	FALSE	ORF1ab:cds-YP_009725295.1	GAT	D	GAC	D	1547
NC_045512.2	4906	T	A	34396	21227	57	61	61	33	0.00176955	34472	0.00361516	TRUE	ORF1ab:cds-YP_009724389.1	GAT	D	GAA	E	1547
NC_045512.2	4906	T	A	34396	21227	57	61	61	33	0.00176955	34472	0.00361516	TRUE	ORF1ab:cds-YP_009725295.1	GAT	D	GAA	E	1547
NC_045512.2	4907	G	T	34138	21000	57	48	47	33	0.00140326	34206	0.0748584	FALSE	ORF1ab:cds-YP_009724389.1	GGT	G	TGT	C	1548
NC_045512.2	4907	G	T	34138	21000	57	48	47	33	0.00140326	34206	0.0748584	FALSE	ORF1ab:cds-YP_009725295.1	GGT	G	TGT	C	1548
NC_045512.2	4907	G	C	34138	21000	57	7	5	27	0.000204642	34206	1	FALSE	ORF1ab:cds-YP_009724389.1	GGT	G	CGT	R	1548
NC_045512.2	4907	G	C	34138	21000	57	7	5	27	0.000204642	34206	1	FALSE	ORF1ab:cds-YP_009725295.1	GGT	G	CGT	R	1548
NC_045512.2	4907	G	A	34138	21000	57	13	13	33	0.00038005	34206	0.999447	FALSE	ORF1ab:cds-YP_009724389.1	GGT	G	AGT	S	1548
NC_045512.2	4907	G	A	34138	21000	57	13	13	33	0.00038005	34206	0.999447	FALSE	ORF1ab:cds-YP_009725295.1	GGT	G	AGT	S	1548
NC_045512.2	4908	G	T	34343	21270	58	12	11	32	0.000349091	34375	0.999731	FALSE	ORF1ab:cds-YP_009724389.1	GGT	G	GTT	V	1548
NC_045512.2	4908	G	T	34343	21270	58	12	11	32	0.000349091	34375	0.999731	FALSE	ORF1ab:cds-YP_009725295.1	GGT	G	GTT	V	1548
NC_045512.2	4908	G	C	34343	21270	58	1	1	26	2.90909e-05	34375	1	FALSE	ORF1ab:cds-YP_009724389.1	GGT	G	GCT	A	1548
NC_045512.2	4908	G	C	34343	21270	58	1	1	26	2.90909e-05	34375	1	FALSE	ORF1ab:cds-YP_009725295.1	GGT	G	GCT	A	1548
NC_045512.2	4908	G	A	34343	21270	58	19	19	33	0.000552727	34375	0.986481	FALSE	ORF1ab:cds-YP_009724389.1	GGT	G	GAT	D	1548
NC_045512.2	4908	G	A	34343	21270	58	19	19	33	0.000552727	34375	0.986481	FALSE	ORF1ab:cds-YP_009725295.1	GGT	G	GAT	D	1548
NC_045512.2	4909	T	G	34148	21090	58	60	59	33	0.00175357	34216	0.00473579	TRUE	ORF1ab:cds-YP_009724389.1	GGT	G	GGG	G	1548
NC_045512.2	4909	T	G	34148	21090	58	60	59	33	0.00175357	34216	0.00473579	TRUE	ORF1ab:cds-YP_009725295.1	GGT	G	GGG	G	1548
NC_045512.2	4909	T	A	34148	21090	58	8	8	31	0.000233809	34216	0.999992	FALSE	ORF1ab:cds-YP_009724389.1	GGT	G	GGA	G	1548
NC_045512.2	4909	T	A	34148	21090	58	8	8	31	0.000233809	34216	0.999992	FALSE	ORF1ab:cds-YP_009725295.1	GGT	G	GGA	G	1548
NC_045512.2	4910	G	T	34092	21026	58	54	54	32	0.00158098	34156	0.0209769	FALSE	ORF1ab:cds-YP_009724389.1	GAA	E	TAA	*	1549
NC_045512.2	4910	G	T	34092	21026	58	54	54	32	0.00158098	34156	0.0209769	FALSE	ORF1ab:cds-YP_009725295.1	GAA	E	TAA	*	1549
NC_045512.2	4910	G	A	34092	21026	58	10	10	34	0.000292774	34156	0.999946	FALSE	ORF1ab:cds-YP_009724389.1	GAA	E	AAA	K	1549
NC_045512.2	4910	G	A	34092	21026	58	10	10	34	0.000292774	34156	0.999946	FALSE	ORF1ab:cds-YP_009725295.1	GAA	E	AAA	K	1549
NC_045512.2	4911	A	T	34062	21021	57	11	11	33	0.000322174	34143	0.999874	FALSE	ORF1ab:cds-YP_009724389.1	GAA	E	GTA	V	1549
NC_045512.2	4911	A	T	34062	21021	57	11	11	33	0.000322174	34143	0.999874	FALSE	ORF1ab:cds-YP_009725295.1	GAA	E	GTA	V	1549
NC_045512.2	4911	A	G	34062	21021	57	68	65	34	0.00199162	34143	0.000485961	TRUE	ORF1ab:cds-YP_009724389.1	GAA	E	GGA	G	1549
NC_045512.2	4911	A	G	34062	21021	57	68	65	34	0.00199162	34143	0.000485961	TRUE	ORF1ab:cds-YP_009725295.1	GAA	E	GGA	G	1549
NC_045512.2	4911	A	C	34062	21021	57	2	2	34	5.85772e-05	34143	1	FALSE	ORF1ab:cds-YP_009724389.1	GAA	E	GCA	A	1549
NC_045512.2	4911	A	C	34062	21021	57	2	2	34	5.85772e-05	34143	1	FALSE	ORF1ab:cds-YP_009725295.1	GAA	E	GCA	A	1549
NC_045512.2	4912	A	T	34216	21202	57	17	17	33	0.000496437	34244	0.994512	FALSE	ORF1ab:cds-YP_009724389.1	GAA	E	GAT	D	1549
NC_045512.2	4912	A	T	34216	21202	57	17	17	33	0.000496437	34244	0.994512	FALSE	ORF1ab:cds-YP_009725295.1	GAA	E	GAT	D	1549
NC_045512.2	4912	A	G	34216	21202	57	11	9	41	0.000321224	34244	0.028617	FALSE	ORF1ab:cds-YP_009724389.1	GAA	E	GAG	E	1549
NC_045512.2	4912	A	G	34216	21202	57	11	9	41	0.000321224	34244	0.028617	FALSE	ORF1ab:cds-YP_009725295.1	GAA	E	GAG	E	1549
NC_045512.2	4913	G	T	34697	21416	58	3	3	34	8.63036e-05	34761	1	FALSE	ORF1ab:cds-YP_009724389.1	GTT	V	TTT	F	1550
NC_045512.2	4913	G	T	34697	21416	58	3	3	34	8.63036e-05	34761	1	FALSE	ORF1ab:cds-YP_009725295.1	GTT	V	TTT	F	1550
NC_045512.2	4913	G	C	34697	21416	58	1	1	34	2.87679e-05	34761	1	FALSE	ORF1ab:cds-YP_009724389.1	GTT	V	CTT	L	1550
NC_045512.2	4913	G	C	34697	21416	58	1	1	34	2.87679e-05	34761	1	FALSE	ORF1ab:cds-YP_009725295.1	GTT	V	CTT	L	1550
NC_045512.2	4913	G	A	34697	21416	58	60	60	33	0.00172607	34761	0.00474406	TRUE	ORF1ab:cds-YP_009724389.1	GTT	V	ATT	I	1550
NC_045512.2	4913	G	A	34697	21416	58	60	60	33	0.00172607	34761	0.00474406	TRUE	ORF1ab:cds-YP_009725295.1	GTT	V	ATT	I	1550
NC_045512.2	4914	T	G	34232	21037	58	52	51	33	0.00151542	34314	0.032704	FALSE	ORF1ab:cds-YP_009724389.1	GTT	V	GGT	G	1550
NC_045512.2	4914	T	G	34232	21037	58	52	51	33	0.00151542	34314	0.032704	FALSE	ORF1ab:cds-YP_009725295.1	GTT	V	GGT	G	1550
NC_045512.2	4914	T	C	34232	21037	58	5	5	38	0.000145713	34314	1	FALSE	ORF1ab:cds-YP_009724389.1	GTT	V	GCT	A	1550
NC_045512.2	4914	T	C	34232	21037	58	5	5	38	0.000145713	34314	1	FALSE	ORF1ab:cds-YP_009725295.1	GTT	V	GCT	A	1550
NC_045512.2	4914	T	A	34232	21037	58	25	25	32	0.000728566	34314	0.902756	FALSE	ORF1ab:cds-YP_009724389.1	GTT	V	GAT	D	1550
NC_045512.2	4914	T	A	34232	21037	58	25	25	32	0.000728566	34314	0.902756	FALSE	ORF1ab:cds-YP_009725295.1	GTT	V	GAT	D	1550
NC_045512.2	4914	T	-TATCACCTTTGACAATCTTAAGACACTTC	34232	21037	58	1	0	20	2.91426e-05	34314	1	FALSE	NA	NA	NA	NA	NA	NA
NC_045512.2	4915	T	G	34006	20847	57	9	8	33	0.000264418	34037	0.999979	FALSE	ORF1ab:cds-YP_009724389.1	GTT	V	GTG	V	1550
NC_045512.2	4915	T	G	34006	20847	57	9	8	33	0.000264418	34037	0.999979	FALSE	ORF1ab:cds-YP_009725295.1	GTT	V	GTG	V	1550
NC_045512.2	4915	T	C	34006	20847	57	4	2	51	0.000117519	34037	0.0623954	FALSE	ORF1ab:cds-YP_009724389.1	GTT	V	GTC	V	1550
NC_045512.2	4915	T	C	34006	20847	57	4	2	51	0.000117519	34037	0.0623954	FALSE	ORF1ab:cds-YP_009725295.1	GTT	V	GTC	V	1550
NC_045512.2	4915	T	A	34006	20847	57	18	18	33	0.000528836	34037	0.991222	FALSE	ORF1ab:cds-YP_009724389.1	GTT	V	GTA	V	1550
NC_045512.2	4915	T	A	34006	20847	57	18	18	33	0.000528836	34037	0.991222	FALSE	ORF1ab:cds-YP_009725295.1	GTT	V	GTA	V	1550
NC_045512.2	4916	A	T	34106	21004	57	52	52	33	0.00152136	34180	0.0327721	FALSE	ORF1ab:cds-YP_009724389.1	ATC	I	TTC	F	1551
NC_045512.2	4916	A	T	34106	21004	57	52	52	33	0.00152136	34180	0.0327721	FALSE	ORF1ab:cds-YP_009725295.1	ATC	I	TTC	F	1551
NC_045512.2	4916	A	G	34106	21004	57	20	20	34	0.000585138	34180	0.979644	FALSE	ORF1ab:cds-YP_009724389.1	ATC	I	GTC	V	1551
NC_045512.2	4916	A	G	34106	21004	57	20	20	34	0.000585138	34180	0.979644	FALSE	ORF1ab:cds-YP_009725295.1	ATC	I	GTC	V	1551
NC_045512.2	4916	A	C	34106	21004	57	2	2	34	5.85138e-05	34180	1	FALSE	ORF1ab:cds-YP_009724389.1	ATC	I	CTC	L	1551
NC_045512.2	4916	A	C	34106	21004	57	2	2	34	5.85138e-05	34180	1	FALSE	ORF1ab:cds-YP_009725295.1	ATC	I	CTC	L	1551
NC_045512.2	4917	T	G	33779	20669	58	3	2	26	8.8642e-05	33844	1	FALSE	ORF1ab:cds-YP_009724389.1	ATC	I	AGC	S	1551
NC_045512.2	4917	T	G	33779	20669	58	3	2	26	8.8642e-05	33844	1	FALSE	ORF1ab:cds-YP_009725295.1	ATC	I	AGC	S	1551
NC_045512.2	4917	T	C	33779	20669	58	3	2	40	8.8642e-05	33844	0.655397	FALSE	ORF1ab:cds-YP_009724389.1	ATC	I	ACC	T	1551
NC_045512.2	4917	T	C	33779	20669	58	3	2	40	8.8642e-05	33844	0.655397	FALSE	ORF1ab:cds-YP_009725295.1	ATC	I	ACC	T	1551
NC_045512.2	4917	T	A	33779	20669	58	59	59	34	0.00174329	33844	0.00435691	TRUE	ORF1ab:cds-YP_009724389.1	ATC	I	AAC	N	1551
NC_045512.2	4917	T	A	33779	20669	58	59	59	34	0.00174329	33844	0.00435691	TRUE	ORF1ab:cds-YP_009725295.1	ATC	I	AAC	N	1551
NC_045512.2	4918	C	T	33844	20776	58	56	56	32	0.00165114	33916	0.00949734	TRUE	ORF1ab:cds-YP_009724389.1	ATC	I	ATT	I	1551
NC_045512.2	4918	C	T	33844	20776	58	56	56	32	0.00165114	33916	0.00949734	TRUE	ORF1ab:cds-YP_009725295.1	ATC	I	ATT	I	1551
NC_045512.2	4918	C	G	33844	20776	58	5	4	31	0.000147423	33916	1	FALSE	ORF1ab:cds-YP_009724389.1	ATC	I	ATG	M	1551
NC_045512.2	4918	C	G	33844	20776	58	5	4	31	0.000147423	33916	1	FALSE	ORF1ab:cds-YP_009725295.1	ATC	I	ATG	M	1551
NC_045512.2	4918	C	A	33844	20776	58	11	11	34	0.000324331	33916	0.999802	FALSE	ORF1ab:cds-YP_009724389.1	ATC	I	ATA	I	1551
NC_045512.2	4918	C	A	33844	20776	58	11	11	34	0.000324331	33916	0.999802	FALSE	ORF1ab:cds-YP_009725295.1	ATC	I	ATA	I	1551
NC_045512.2	4919	A	T	33889	20791	58	12	12	33	0.000353409	33955	0.999582	FALSE	ORF1ab:cds-YP_009724389.1	ACC	T	TCC	S	1552
NC_045512.2	4919	A	T	33889	20791	58	12	12	33	0.000353409	33955	0.999582	FALSE	ORF1ab:cds-YP_009725295.1	ACC	T	TCC	S	1552
NC_045512.2	4919	A	G	33889	20791	58	4	4	42	0.000117803	33955	0.499	FALSE	ORF1ab:cds-YP_009724389.1	ACC	T	GCC	A	1552
NC_045512.2	4919	A	G	33889	20791	58	4	4	42	0.000117803	33955	0.499	FALSE	ORF1ab:cds-YP_009725295.1	ACC	T	GCC	A	1552
NC_045512.2	4919	A	C	33889	20791	58	50	50	32	0.00147254	33955	0.0389374	FALSE	ORF1ab:cds-YP_009724389.1	ACC	T	CCC	P	1552
NC_045512.2	4919	A	C	33889	20791	58	50	50	32	0.00147254	33955	0.0389374	FALSE	ORF1ab:cds-YP_009725295.1	ACC	T	CCC	P	1552
NC_045512.2	4920	C	T	33949	20878	58	17	17	32	0.000499589	34028	0.994426	FALSE	ORF1ab:cds-YP_009724389.1	ACC	T	ATC	I	1552
NC_045512.2	4920	C	T	33949	20878	58	17	17	32	0.000499589	34028	0.994426	FALSE	ORF1ab:cds-YP_009725295.1	ACC	T	ATC	I	1552
NC_045512.2	4920	C	G	33949	20878	58	3	3	34	8.81627e-05	34028	1	FALSE	ORF1ab:cds-YP_009724389.1	ACC	T	AGC	S	1552
NC_045512.2	4920	C	G	33949	20878	58	3	3	34	8.81627e-05	34028	1	FALSE	ORF1ab:cds-YP_009725295.1	ACC	T	AGC	S	1552
NC_045512.2	4920	C	A	33949	20878	58	59	59	32	0.00173387	34028	0.00612152	TRUE	ORF1ab:cds-YP_009724389.1	ACC	T	AAC	N	1552
NC_045512.2	4920	C	A	33949	20878	58	59	59	32	0.00173387	34028	0.00612152	TRUE	ORF1ab:cds-YP_009725295.1	ACC	T	AAC	N	1552
NC_045512.2	4921	C	T	33806	20814	58	4	3	33	0.000118245	33828	1	FALSE	ORF1ab:cds-YP_009724389.1	ACC	T	ACT	T	1552
NC_045512.2	4921	C	T	33806	20814	58	4	3	33	0.000118245	33828	1	FALSE	ORF1ab:cds-YP_009725295.1	ACC	T	ACT	T	1552
NC_045512.2	4921	C	G	33806	20814	58	4	4	34	0.000118245	33828	1	FALSE	ORF1ab:cds-YP_009724389.1	ACC	T	ACG	T	1552
NC_045512.2	4921	C	G	33806	20814	58	4	4	34	0.000118245	33828	1	FALSE	ORF1ab:cds-YP_009725295.1	ACC	T	ACG	T	1552
NC_045512.2	4921	C	A	33806	20814	58	14	14	33	0.000413858	33828	0.998457	FALSE	ORF1ab:cds-YP_009724389.1	ACC	T	ACA	T	1552
NC_045512.2	4921	C	A	33806	20814	58	14	14	33	0.000413858	33828	0.998457	FALSE	ORF1ab:cds-YP_009725295.1	ACC	T	ACA	T	1552
NC_045512.2	4922	T	G	31946	19252	58	4	3	30	0.000124949	32013	1	FALSE	ORF1ab:cds-YP_009724389.1	TTT	F	GTT	V	1553
NC_045512.2	4922	T	G	31946	19252	58	4	3	30	0.000124949	32013	1	FALSE	ORF1ab:cds-YP_009725295.1	TTT	F	GTT	V	1553
NC_045512.2	4922	T	C	31946	19252	58	49	49	31	0.00153063	32013	0.0370967	FALSE	ORF1ab:cds-YP_009724389.1	TTT	F	CTT	L	1553
NC_045512.2	4922	T	C	31946	19252	58	49	49	31	0.00153063	32013	0.0370967	FALSE	ORF1ab:cds-YP_009725295.1	TTT	F	CTT	L	1553
NC_045512.2	4922	T	A	31946	19252	58	14	14	32	0.000437322	32013	0.9977	FALSE	ORF1ab:cds-YP_009724389.1	TTT	F	ATT	I	1553
NC_045512.2	4922	T	A	31946	19252	58	14	14	32	0.000437322	32013	0.9977	FALSE	ORF1ab:cds-YP_009725295.1	TTT	F	ATT	I	1553
NC_045512.2	4923	T	G	31865	19197	56	5	5	32	0.000156769	31894	0.999999	FALSE	ORF1ab:cds-YP_009724389.1	TTT	F	TGT	C	1553
NC_045512.2	4923	T	G	31865	19197	56	5	5	32	0.000156769	31894	0.999999	FALSE	ORF1ab:cds-YP_009725295.1	TTT	F	TGT	C	1553
NC_045512.2	4923	T	C	31865	19197	56	18	17	33	0.000564369	31894	0.977785	FALSE	ORF1ab:cds-YP_009724389.1	TTT	F	TCT	S	1553
NC_045512.2	4923	T	C	31865	19197	56	18	17	33	0.000564369	31894	0.977785	FALSE	ORF1ab:cds-YP_009725295.1	TTT	F	TCT	S	1553
NC_045512.2	4923	T	A	31865	19197	56	6	5	36	0.000188123	31894	0.999996	FALSE	ORF1ab:cds-YP_009724389.1	TTT	F	TAT	Y	1553
NC_045512.2	4923	T	A	31865	19197	56	6	5	36	0.000188123	31894	0.999996	FALSE	ORF1ab:cds-YP_009725295.1	TTT	F	TAT	Y	1553
NC_045512.2	4924	T	G	32265	19567	58	1	1	34	3.09722e-05	32287	1	FALSE	ORF1ab:cds-YP_009724389.1	TTT	F	TTG	L	1553
NC_045512.2	4924	T	G	32265	19567	58	1	1	34	3.09722e-05	32287	1	FALSE	ORF1ab:cds-YP_009725295.1	TTT	F	TTG	L	1553
NC_045512.2	4924	T	C	32265	19567	58	13	12	34	0.000402639	32287	0.998771	FALSE	ORF1ab:cds-YP_009724389.1	TTT	F	TTC	F	1553
NC_045512.2	4924	T	C	32265	19567	58	13	12	34	0.000402639	32287	0.998771	FALSE	ORF1ab:cds-YP_009725295.1	TTT	F	TTC	F	1553
NC_045512.2	4924	T	A	32265	19567	58	8	8	31	0.000247778	32287	0.999979	FALSE	ORF1ab:cds-YP_009724389.1	TTT	F	TTA	L	1553
NC_045512.2	4924	T	A	32265	19567	58	8	8	31	0.000247778	32287	0.999979	FALSE	ORF1ab:cds-YP_009725295.1	TTT	F	TTA	L	1553
NC_045512.2	4925	G	T	32195	19560	59	64	64	33	0.00198339	32268	0.000703183	TRUE	ORF1ab:cds-YP_009724389.1	GAC	D	TAC	Y	1554
NC_045512.2	4925	G	T	32195	19560	59	64	64	33	0.00198339	32268	0.000703183	TRUE	ORF1ab:cds-YP_009725295.1	GAC	D	TAC	Y	1554
NC_045512.2	4925	G	C	32195	19560	59	5	5	34	0.000154952	32268	0.999999	FALSE	ORF1ab:cds-YP_009724389.1	GAC	D	CAC	H	1554
NC_045512.2	4925	G	C	32195	19560	59	5	5	34	0.000154952	32268	0.999999	FALSE	ORF1ab:cds-YP_009725295.1	GAC	D	CAC	H	1554
NC_045512.2	4925	G	A	32195	19560	59	4	4	34	0.000123962	32268	1	FALSE	ORF1ab:cds-YP_009724389.1	GAC	D	AAC	N	1554
NC_045512.2	4925	G	A	32195	19560	59	4	4	34	0.000123962	32268	1	FALSE	ORF1ab:cds-YP_009725295.1	GAC	D	AAC	N	1554
NC_045512.2	4926	A	T	32196	19555	58	16	16	32	0.000495832	32269	0.993261	FALSE	ORF1ab:cds-YP_009724389.1	GAC	D	GTC	V	1554
NC_045512.2	4926	A	T	32196	19555	58	16	16	32	0.000495832	32269	0.993261	FALSE	ORF1ab:cds-YP_009725295.1	GAC	D	GTC	V	1554
NC_045512.2	4926	A	G	32196	19555	58	50	48	33	0.00154947	32269	0.0296053	FALSE	ORF1ab:cds-YP_009724389.1	GAC	D	GGC	G	1554
NC_045512.2	4926	A	G	32196	19555	58	50	48	33	0.00154947	32269	0.0296053	FALSE	ORF1ab:cds-YP_009725295.1	GAC	D	GGC	G	1554
NC_045512.2	4926	A	C	32196	19555	58	7	7	31	0.000216926	32269	0.999993	FALSE	ORF1ab:cds-YP_009724389.1	GAC	D	GCC	A	1554
NC_045512.2	4926	A	C	32196	19555	58	7	7	31	0.000216926	32269	0.999993	FALSE	ORF1ab:cds-YP_009725295.1	GAC	D	GCC	A	1554
NC_045512.2	4927	C	T	32157	19831	58	16	15	36	0.000496509	32225	0.993271	FALSE	ORF1ab:cds-YP_009724389.1	GAC	D	GAT	D	1554
NC_045512.2	4927	C	T	32157	19831	58	16	15	36	0.000496509	32225	0.993271	FALSE	ORF1ab:cds-YP_009725295.1	GAC	D	GAT	D	1554
NC_045512.2	4927	C	G	32157	19831	58	6	5	31	0.000186191	32225	0.999998	FALSE	ORF1ab:cds-YP_009724389.1	GAC	D	GAG	E	1554
NC_045512.2	4927	C	G	32157	19831	58	6	5	31	0.000186191	32225	0.999998	FALSE	ORF1ab:cds-YP_009725295.1	GAC	D	GAG	E	1554
NC_045512.2	4927	C	A	32157	19831	58	46	46	33	0.00142746	32225	0.0697437	FALSE	ORF1ab:cds-YP_009724389.1	GAC	D	GAA	E	1554
NC_045512.2	4927	C	A	32157	19831	58	46	46	33	0.00142746	32225	0.0697437	FALSE	ORF1ab:cds-YP_009725295.1	GAC	D	GAA	E	1554
NC_045512.2	4928	A	T	31845	19621	57	7	7	34	0.000219333	31915	0.999988	FALSE	ORF1ab:cds-YP_009724389.1	AAT	N	TAT	Y	1555
NC_045512.2	4928	A	T	31845	19621	57	7	7	34	0.000219333	31915	0.999988	FALSE	ORF1ab:cds-YP_009725295.1	AAT	N	TAT	Y	1555
NC_045512.2	4928	A	G	31845	19621	57	15	15	35	0.000469998	31915	0.994244	FALSE	ORF1ab:cds-YP_009724389.1	AAT	N	GAT	D	1555
NC_045512.2	4928	A	G	31845	19621	57	15	15	35	0.000469998	31915	0.994244	FALSE	ORF1ab:cds-YP_009725295.1	AAT	N	GAT	D	1555
NC_045512.2	4928	A	C	31845	19621	57	48	48	33	0.00150399	31915	0.0352555	FALSE	ORF1ab:cds-YP_009724389.1	AAT	N	CAT	H	1555
NC_045512.2	4928	A	C	31845	19621	57	48	48	33	0.00150399	31915	0.0352555	FALSE	ORF1ab:cds-YP_009725295.1	AAT	N	CAT	H	1555
NC_045512.2	4929	A	T	31408	19162	58	2	2	30	6.36497e-05	31422	1	FALSE	ORF1ab:cds-YP_009724389.1	AAT	N	ATT	I	1555
NC_045512.2	4929	A	T	31408	19162	58	2	2	30	6.36497e-05	31422	1	FALSE	ORF1ab:cds-YP_009725295.1	AAT	N	ATT	I	1555
NC_045512.2	4929	A	G	31408	19162	58	6	3	30	0.000190949	31422	0.999996	FALSE	ORF1ab:cds-YP_009724389.1	AAT	N	AGT	S	1555
NC_045512.2	4929	A	G	31408	19162	58	6	3	30	0.000190949	31422	0.999996	FALSE	ORF1ab:cds-YP_009725295.1	AAT	N	AGT	S	1555
NC_045512.2	4929	A	C	31408	19162	58	6	6	32	0.000190949	31422	0.999996	FALSE	ORF1ab:cds-YP_009724389.1	AAT	N	ACT	T	1555
NC_045512.2	4929	A	C	31408	19162	58	6	6	32	0.000190949	31422	0.999996	FALSE	ORF1ab:cds-YP_009725295.1	AAT	N	ACT	T	1555
NC_045512.2	4930	T	G	31258	18695	56	3	3	28	9.5761e-05	31328	1	FALSE	ORF1ab:cds-YP_009724389.1	AAT	N	AAG	K	1555
NC_045512.2	4930	T	G	31258	18695	56	3	3	28	9.5761e-05	31328	1	FALSE	ORF1ab:cds-YP_009725295.1	AAT	N	AAG	K	1555
NC_045512.2	4930	T	C	31258	18695	56	15	12	36	0.000478805	31328	0.994243	FALSE	ORF1ab:cds-YP_009724389.1	AAT	N	AAC	N	1555
NC_045512.2	4930	T	C	31258	18695	56	15	12	36	0.000478805	31328	0.994243	FALSE	ORF1ab:cds-YP_009725295.1	AAT	N	AAC	N	1555
NC_045512.2	4930	T	A	31258	18695	56	52	51	33	0.00165986	31328	0.0136246	FALSE	ORF1ab:cds-YP_009724389.1	AAT	N	AAA	K	1555
NC_045512.2	4930	T	A	31258	18695	56	52	51	33	0.00165986	31328	0.0136246	FALSE	ORF1ab:cds-YP_009725295.1	AAT	N	AAA	K	1555
NC_045512.2	4931	C	T	32091	19755	58	43	43	31	0.00133719	32157	0.12325	FALSE	ORF1ab:cds-YP_009724389.1	CTT	L	TTT	F	1556
NC_045512.2	4931	C	T	32091	19755	58	43	43	31	0.00133719	32157	0.12325	FALSE	ORF1ab:cds-YP_009725295.1	CTT	L	TTT	F	1556
NC_045512.2	4931	C	G	32091	19755	58	1	1	34	3.10974e-05	32157	1	FALSE	ORF1ab:cds-YP_009724389.1	CTT	L	GTT	V	1556
NC_045512.2	4931	C	G	32091	19755	58	1	1	34	3.10974e-05	32157	1	FALSE	ORF1ab:cds-YP_009725295.1	CTT	L	GTT	V	1556
NC_045512.2	4931	C	A	32091	19755	58	22	21	32	0.000684143	32157	0.93259	FALSE	ORF1ab:cds-YP_009724389.1	CTT	L	ATT	I	1556
NC_045512.2	4931	C	A	32091	19755	58	22	21	32	0.000684143	32157	0.93259	FALSE	ORF1ab:cds-YP_009725295.1	CTT	L	ATT	I	1556
NC_045512.2	4932	T	G	31667	19337	57	3	2	40	9.45299e-05	31736	0.655281	FALSE	ORF1ab:cds-YP_009724389.1	CTT	L	CGT	R	1556
NC_045512.2	4932	T	G	31667	19337	57	3	2	40	9.45299e-05	31736	0.655281	FALSE	ORF1ab:cds-YP_009725295.1	CTT	L	CGT	R	1556
NC_045512.2	4932	T	C	31667	19337	57	49	48	34	0.00154399	31736	0.0280725	FALSE	ORF1ab:cds-YP_009724389.1	CTT	L	CCT	P	1556
NC_045512.2	4932	T	C	31667	19337	57	49	48	34	0.00154399	31736	0.0280725	FALSE	ORF1ab:cds-YP_009725295.1	CTT	L	CCT	P	1556
NC_045512.2	4932	T	A	31667	19337	57	17	17	33	0.000535669	31736	0.985167	FALSE	ORF1ab:cds-YP_009724389.1	CTT	L	CAT	H	1556
NC_045512.2	4932	T	A	31667	19337	57	17	17	33	0.000535669	31736	0.985167	FALSE	ORF1ab:cds-YP_009725295.1	CTT	L	CAT	H	1556
NC_045512.2	4933	T	C	31949	19658	58	8	8	34	0.000250289	31963	0.999965	FALSE	ORF1ab:cds-YP_009724389.1	CTT	L	CTC	L	1556
NC_045512.2	4933	T	C	31949	19658	58	8	8	34	0.000250289	31963	0.999965	FALSE	ORF1ab:cds-YP_009725295.1	CTT	L	CTC	L	1556
NC_045512.2	4933	T	A	31949	19658	58	6	5	36	0.000187717	31963	0.999996	FALSE	ORF1ab:cds-YP_009724389.1	CTT	L	CTA	L	1556
NC_045512.2	4933	T	A	31949	19658	58	6	5	36	0.000187717	31963	0.999996	FALSE	ORF1ab:cds-YP_009725295.1	CTT	L	CTA	L	1556
NC_045512.2	4934	A	T	32011	19713	58	57	56	34	0.00177686	32079	0.00522251	TRUE	ORF1ab:cds-YP_009724389.1	AAG	K	TAG	*	1557
NC_045512.2	4934	A	T	32011	19713	58	57	56	34	0.00177686	32079	0.00522251	TRUE	ORF1ab:cds-YP_009725295.1	AAG	K	TAG	*	1557
NC_045512.2	4934	A	G	32011	19713	58	1	1	26	3.1173e-05	32079	1	FALSE	ORF1ab:cds-YP_009724389.1	AAG	K	GAG	E	1557
NC_045512.2	4934	A	G	32011	19713	58	1	1	26	3.1173e-05	32079	1	FALSE	ORF1ab:cds-YP_009725295.1	AAG	K	GAG	E	1557
NC_045512.2	4934	A	C	32011	19713	58	10	10	32	0.00031173	32079	0.999862	FALSE	ORF1ab:cds-YP_009724389.1	AAG	K	CAG	Q	1557
NC_045512.2	4934	A	C	32011	19713	58	10	10	32	0.00031173	32079	0.999862	FALSE	ORF1ab:cds-YP_009725295.1	AAG	K	CAG	Q	1557
NC_045512.2	4935	A	T	32069	19813	58	17	17	34	0.000529579	32101	0.989332	FALSE	ORF1ab:cds-YP_009724389.1	AAG	K	ATG	M	1557
NC_045512.2	4935	A	T	32069	19813	58	17	17	34	0.000529579	32101	0.989332	FALSE	ORF1ab:cds-YP_009725295.1	AAG	K	ATG	M	1557
NC_045512.2	4935	A	G	32069	19813	58	6	4	42	0.00018691	32101	0.253492	FALSE	ORF1ab:cds-YP_009724389.1	AAG	K	AGG	R	1557
NC_045512.2	4935	A	G	32069	19813	58	6	4	42	0.00018691	32101	0.253492	FALSE	ORF1ab:cds-YP_009725295.1	AAG	K	AGG	R	1557
NC_045512.2	4935	A	C	32069	19813	58	9	8	32	0.000280365	32101	0.999944	FALSE	ORF1ab:cds-YP_009724389.1	AAG	K	ACG	T	1557
NC_045512.2	4935	A	C	32069	19813	58	9	8	32	0.000280365	32101	0.999944	FALSE	ORF1ab:cds-YP_009725295.1	AAG	K	ACG	T	1557
NC_045512.2	4936	G	T	32011	19776	58	15	15	33	0.000467421	32091	0.995958	FALSE	ORF1ab:cds-YP_009724389.1	AAG	K	AAT	N	1557
NC_045512.2	4936	G	T	32011	19776	58	15	15	33	0.000467421	32091	0.995958	FALSE	ORF1ab:cds-YP_009725295.1	AAG	K	AAT	N	1557
NC_045512.2	4936	G	C	32011	19776	58	11	11	29	0.000342775	32091	1	FALSE	ORF1ab:cds-YP_009724389.1	AAG	K	AAC	N	1557
NC_045512.2	4936	G	C	32011	19776	58	11	11	29	0.000342775	32091	1	FALSE	ORF1ab:cds-YP_009725295.1	AAG	K	AAC	N	1557
NC_045512.2	4936	G	A	32011	19776	58	54	54	33	0.00168271	32091	0.0113337	FALSE	ORF1ab:cds-YP_009724389.1	AAG	K	AAA	K	1557
NC_045512.2	4936	G	A	32011	19776	58	54	54	33	0.00168271	32091	0.0113337	FALSE	ORF1ab:cds-YP_009725295.1	AAG	K	AAA	K	1557
NC_045512.2	4937	A	T	31915	19772	56	5	5	34	0.000156372	31975	0.999999	FALSE	ORF1ab:cds-YP_009724389.1	ACA	T	TCA	S	1558
NC_045512.2	4937	A	T	31915	19772	56	5	5	34	0.000156372	31975	0.999999	FALSE	ORF1ab:cds-YP_009725295.1	ACA	T	TCA	S	1558
NC_045512.2	4937	A	G	31915	19772	56	49	48	34	0.00153245	31975	0.0281557	FALSE	ORF1ab:cds-YP_009724389.1	ACA	T	GCA	A	1558
NC_045512.2	4937	A	G	31915	19772	56	49	48	34	0.00153245	31975	0.0281557	FALSE	ORF1ab:cds-YP_009725295.1	ACA	T	GCA	A	1558
NC_045512.2	4937	A	C	31915	19772	56	6	6	31	0.000187647	31975	0.999996	FALSE	ORF1ab:cds-YP_009724389.1	ACA	T	CCA	P	1558
NC_045512.2	4937	A	C	31915	19772	56	6	6	31	0.000187647	31975	0.999996	FALSE	ORF1ab:cds-YP_009725295.1	ACA	T	CCA	P	1558
NC_045512.2	4938	C	T	31801	19665	58	7	7	32	0.000219629	31872	0.999988	FALSE	ORF1ab:cds-YP_009724389.1	ACA	T	ATA	I	1558
NC_045512.2	4938	C	T	31801	19665	58	7	7	32	0.000219629	31872	0.999988	FALSE	ORF1ab:cds-YP_009725295.1	ACA	T	ATA	I	1558
NC_045512.2	4938	C	G	31801	19665	58	6	6	34	0.000188253	31872	0.999996	FALSE	ORF1ab:cds-YP_009724389.1	ACA	T	AGA	R	1558
NC_045512.2	4938	C	G	31801	19665	58	6	6	34	0.000188253	31872	0.999996	FALSE	ORF1ab:cds-YP_009725295.1	ACA	T	AGA	R	1558
NC_045512.2	4938	C	A	31801	19665	58	58	58	33	0.00181978	31872	0.00273997	TRUE	ORF1ab:cds-YP_009724389.1	ACA	T	AAA	K	1558
NC_045512.2	4938	C	A	31801	19665	58	58	58	33	0.00181978	31872	0.00273997	TRUE	ORF1ab:cds-YP_009725295.1	ACA	T	AAA	K	1558
NC_045512.2	4939	A	T	30067	18247	58	4	4	34	0.000132767	30128	1	FALSE	ORF1ab:cds-YP_009724389.1	ACA	T	ACT	T	1558
NC_045512.2	4939	A	T	30067	18247	58	4	4	34	0.000132767	30128	1	FALSE	ORF1ab:cds-YP_009725295.1	ACA	T	ACT	T	1558
NC_045512.2	4939	A	G	30067	18247	58	13	13	38	0.000431492	30128	0.997264	FALSE	ORF1ab:cds-YP_009724389.1	ACA	T	ACG	T	1558
NC_045512.2	4939	A	G	30067	18247	58	13	13	38	0.000431492	30128	0.997264	FALSE	ORF1ab:cds-YP_009725295.1	ACA	T	ACG	T	1558
NC_045512.2	4939	A	C	30067	18247	58	44	43	33	0.00146044	30128	0.0646633	FALSE	ORF1ab:cds-YP_009724389.1	ACA	T	ACC	T	1558
NC_045512.2	4939	A	C	30067	18247	58	44	43	33	0.00146044	30128	0.0646633	FALSE	ORF1ab:cds-YP_009725295.1	ACA	T	ACC	T	1558
NC_045512.2	4940	C	T	30045	18286	58	6	6	34	0.000199289	30107	0.999993	FALSE	ORF1ab:cds-YP_009724389.1	CTT	L	TTT	F	1559
NC_045512.2	4940	C	T	30045	18286	58	6	6	34	0.000199289	30107	0.999993	FALSE	ORF1ab:cds-YP_009725295.1	CTT	L	TTT	F	1559
NC_045512.2	4940	C	G	30045	18286	58	3	2	31	9.96446e-05	30107	1	FALSE	ORF1ab:cds-YP_009724389.1	CTT	L	GTT	V	1559
NC_045512.2	4940	C	G	30045	18286	58	3	2	31	9.96446e-05	30107	1	FALSE	ORF1ab:cds-YP_009725295.1	CTT	L	GTT	V	1559
NC_045512.2	4940	C	A	30045	18286	58	53	53	33	0.00176039	30107	0.00755293	TRUE	ORF1ab:cds-YP_009724389.1	CTT	L	ATT	I	1559
NC_045512.2	4940	C	A	30045	18286	58	53	53	33	0.00176039	30107	0.00755293	TRUE	ORF1ab:cds-YP_009725295.1	CTT	L	ATT	I	1559
NC_045512.2	4940	C	-TTCTT	30045	18286	58	2	0	20	6.64275e-05	30108	1	FALSE	NA	NA	NA	NA	NA	NA
NC_045512.2	4941	T	G	29724	18103	58	1	0	27	3.35525e-05	29804	1	FALSE	ORF1ab:cds-YP_009724389.1	CTT	L	CGT	R	1559
NC_045512.2	4941	T	G	29724	18103	58	1	0	27	3.35525e-05	29804	1	FALSE	ORF1ab:cds-YP_009725295.1	CTT	L	CGT	R	1559
NC_045512.2	4941	T	C	29724	18103	58	66	62	36	0.00221447	29804	9.11797e-05	TRUE	ORF1ab:cds-YP_009724389.1	CTT	L	CCT	P	1559
NC_045512.2	4941	T	C	29724	18103	58	66	62	36	0.00221447	29804	9.11797e-05	TRUE	ORF1ab:cds-YP_009725295.1	CTT	L	CCT	P	1559
NC_045512.2	4941	T	A	29724	18103	58	13	13	33	0.000436183	29804	0.995965	FALSE	ORF1ab:cds-YP_009724389.1	CTT	L	CAT	H	1559
NC_045512.2	4941	T	A	29724	18103	58	13	13	33	0.000436183	29804	0.995965	FALSE	ORF1ab:cds-YP_009725295.1	CTT	L	CAT	H	1559
NC_045512.2	4942	T	G	29379	17789	57	5	3	36	0.000169993	29413	0.999997	FALSE	ORF1ab:cds-YP_009724389.1	CTT	L	CTG	L	1559
NC_045512.2	4942	T	G	29379	17789	57	5	3	36	0.000169993	29413	0.999997	FALSE	ORF1ab:cds-YP_009725295.1	CTT	L	CTG	L	1559
NC_045512.2	4942	T	C	29379	17789	57	12	10	38	0.000407983	29413	0.997827	FALSE	ORF1ab:cds-YP_009724389.1	CTT	L	CTC	L	1559
NC_045512.2	4942	T	C	29379	17789	57	12	10	38	0.000407983	29413	0.997827	FALSE	ORF1ab:cds-YP_009725295.1	CTT	L	CTC	L	1559
NC_045512.2	4942	T	A	29379	17789	57	17	16	33	0.000577976	29413	0.972872	FALSE	ORF1ab:cds-YP_009724389.1	CTT	L	CTA	L	1559
NC_045512.2	4942	T	A	29379	17789	57	17	16	33	0.000577976	29413	0.972872	FALSE	ORF1ab:cds-YP_009725295.1	CTT	L	CTA	L	1559
NC_045512.2	4943	C	T	29689	18159	58	41	41	33	0.00137829	29747	0.0935297	FALSE	ORF1ab:cds-YP_009724389.1	CTT	L	TTT	F	1560
NC_045512.2	4943	C	T	29689	18159	58	41	41	33	0.00137829	29747	0.0935297	FALSE	ORF1ab:cds-YP_009725295.1	CTT	L	TTT	F	1560
NC_045512.2	4943	C	G	29689	18159	58	5	4	39	0.000168084	29747	0.999997	FALSE	ORF1ab:cds-YP_009724389.1	CTT	L	GTT	V	1560
NC_045512.2	4943	C	G	29689	18159	58	5	4	39	0.000168084	29747	0.999997	FALSE	ORF1ab:cds-YP_009725295.1	CTT	L	GTT	V	1560
NC_045512.2	4943	C	A	29689	18159	58	12	11	32	0.000403402	29747	0.99781	FALSE	ORF1ab:cds-YP_009724389.1	CTT	L	ATT	I	1560
NC_045512.2	4943	C	A	29689	18159	58	12	11	32	0.000403402	29747	0.99781	FALSE	ORF1ab:cds-YP_009725295.1	CTT	L	ATT	I	1560
NC_045512.2	4944	T	G	29592	18096	58	6	6	31	0.000202354	29651	0.999989	FALSE	ORF1ab:cds-YP_009724389.1	CTT	L	CGT	R	1560
NC_045512.2	4944	T	G	29592	18096	58	6	6	31	0.000202354	29651	0.999989	FALSE	ORF1ab:cds-YP_009725295.1	CTT	L	CGT	R	1560
NC_045512.2	4944	T	C	29592	18096	58	49	48	32	0.00165256	29651	0.0152755	FALSE	ORF1ab:cds-YP_009724389.1	CTT	L	CCT	P	1560
NC_045512.2	4944	T	C	29592	18096	58	49	48	32	0.00165256	29651	0.0152755	FALSE	ORF1ab:cds-YP_009725295.1	CTT	L	CCT	P	1560
NC_045512.2	4944	T	A	29592	18096	58	4	4	32	0.000134903	29651	0.999999	FALSE	ORF1ab:cds-YP_009724389.1	CTT	L	CAT	H	1560
NC_045512.2	4944	T	A	29592	18096	58	4	4	32	0.000134903	29651	0.999999	FALSE	ORF1ab:cds-YP_009725295.1	CTT	L	CAT	H	1560
NC_045512.2	4945	T	G	29635	18166	58	2	2	34	6.74423e-05	29655	1	FALSE	ORF1ab:cds-YP_009724389.1	CTT	L	CTG	L	1560
NC_045512.2	4945	T	G	29635	18166	58	2	2	34	6.74423e-05	29655	1	FALSE	ORF1ab:cds-YP_009725295.1	CTT	L	CTG	L	1560
NC_045512.2	4945	T	C	29635	18166	58	12	12	35	0.000404654	29655	0.997838	FALSE	ORF1ab:cds-YP_009724389.1	CTT	L	CTC	L	1560
NC_045512.2	4945	T	C	29635	18166	58	12	12	35	0.000404654	29655	0.997838	FALSE	ORF1ab:cds-YP_009725295.1	CTT	L	CTC	L	1560
NC_045512.2	4945	T	A	29635	18166	58	6	6	32	0.000202327	29655	0.999989	FALSE	ORF1ab:cds-YP_009724389.1	CTT	L	CTA	L	1560
NC_045512.2	4945	T	A	29635	18166	58	6	6	32	0.000202327	29655	0.999989	FALSE	ORF1ab:cds-YP_009725295.1	CTT	L	CTA	L	1560
NC_045512.2	4946	T	G	29220	17970	56	3	3	31	0.000102564	29250	1	FALSE	ORF1ab:cds-YP_009724389.1	TCT	S	GCT	A	1561
NC_045512.2	4946	T	G	29220	17970	56	3	3	31	0.000102564	29250	1	FALSE	ORF1ab:cds-YP_009725295.1	TCT	S	GCT	A	1561
NC_045512.2	4946	T	C	29220	17970	56	18	18	31	0.000615385	29250	0.96048	FALSE	ORF1ab:cds-YP_009724389.1	TCT	S	CCT	P	1561
NC_045512.2	4946	T	C	29220	17970	56	18	18	31	0.000615385	29250	0.96048	FALSE	ORF1ab:cds-YP_009725295.1	TCT	S	CCT	P	1561
NC_045512.2	4946	T	A	29220	17970	56	9	9	34	0.000307692	29250	0.999763	FALSE	ORF1ab:cds-YP_009724389.1	TCT	S	ACT	T	1561
NC_045512.2	4946	T	A	29220	17970	56	9	9	34	0.000307692	29250	0.999763	FALSE	ORF1ab:cds-YP_009725295.1	TCT	S	ACT	T	1561
NC_045512.2	4947	C	T	29436	18248	58	54	54	32	0.00183069	29497	0.00398551	TRUE	ORF1ab:cds-YP_009724389.1	TCT	S	TTT	F	1561
NC_045512.2	4947	C	T	29436	18248	58	54	54	32	0.00183069	29497	0.00398551	TRUE	ORF1ab:cds-YP_009725295.1	TCT	S	TTT	F	1561
NC_045512.2	4947	C	G	29436	18248	58	3	3	31	0.000101705	29497	1	FALSE	ORF1ab:cds-YP_009724389.1	TCT	S	TGT	C	1561
NC_045512.2	4947	C	G	29436	18248	58	3	3	31	0.000101705	29497	1	FALSE	ORF1ab:cds-YP_009725295.1	TCT	S	TGT	C	1561
NC_045512.2	4947	C	A	29436	18248	58	4	4	32	0.000135607	29497	0.999999	FALSE	ORF1ab:cds-YP_009724389.1	TCT	S	TAT	Y	1561
NC_045512.2	4947	C	A	29436	18248	58	4	4	32	0.000135607	29497	0.999999	FALSE	ORF1ab:cds-YP_009725295.1	TCT	S	TAT	Y	1561
NC_045512.2	4948	T	G	28895	17760	56	4	3	29	0.00013816	28952	1	FALSE	ORF1ab:cds-YP_009724389.1	TCT	S	TCG	S	1561
NC_045512.2	4948	T	G	28895	17760	56	4	3	29	0.00013816	28952	1	FALSE	ORF1ab:cds-YP_009725295.1	TCT	S	TCG	S	1561
NC_045512.2	4948	T	C	28895	17760	56	45	44	32	0.0015543	28952	0.0299937	FALSE	ORF1ab:cds-YP_009724389.1	TCT	S	TCC	S	1561
NC_045512.2	4948	T	C	28895	17760	56	45	44	32	0.0015543	28952	0.0299937	FALSE	ORF1ab:cds-YP_009725295.1	TCT	S	TCC	S	1561
NC_045512.2	4948	T	A	28895	17760	56	8	8	34	0.000276319	28952	0.999841	FALSE	ORF1ab:cds-YP_009724389.1	TCT	S	TCA	S	1561
NC_045512.2	4948	T	A	28895	17760	56	8	8	34	0.000276319	28952	0.999841	FALSE	ORF1ab:cds-YP_009725295.1	TCT	S	TCA	S	1561
NC_045512.2	4949	T	G	29115	18048	57	2	2	34	6.86389e-05	29138	1	FALSE	ORF1ab:cds-YP_009724389.1	TTG	L	GTG	V	1562
NC_045512.2	4949	T	G	29115	18048	57	2	2	34	6.86389e-05	29138	1	FALSE	ORF1ab:cds-YP_009725295.1	TTG	L	GTG	V	1562
NC_045512.2	4949	T	C	29115	18048	57	14	13	40	0.000480472	29138	0.00208452	TRUE	ORF1ab:cds-YP_009724389.1	TTG	L	CTG	L	1562
NC_045512.2	4949	T	C	29115	18048	57	14	13	40	0.000480472	29138	0.00208452	TRUE	ORF1ab:cds-YP_009725295.1	TTG	L	CTG	L	1562
NC_045512.2	4949	T	A	29115	18048	57	7	7	34	0.000240236	29138	0.999965	FALSE	ORF1ab:cds-YP_009724389.1	TTG	L	ATG	M	1562
NC_045512.2	4949	T	A	29115	18048	57	7	7	34	0.000240236	29138	0.999965	FALSE	ORF1ab:cds-YP_009725295.1	TTG	L	ATG	M	1562
NC_045512.2	4950	T	G	29089	18006	58	4	4	30	0.000137382	29116	0.999999	FALSE	ORF1ab:cds-YP_009724389.1	TTG	L	TGG	W	1562
NC_045512.2	4950	T	G	29089	18006	58	4	4	30	0.000137382	29116	0.999999	FALSE	ORF1ab:cds-YP_009725295.1	TTG	L	TGG	W	1562
NC_045512.2	4950	T	C	29089	18006	58	17	16	35	0.000583871	29116	0.972944	FALSE	ORF1ab:cds-YP_009724389.1	TTG	L	TCG	S	1562
NC_045512.2	4950	T	C	29089	18006	58	17	16	35	0.000583871	29116	0.972944	FALSE	ORF1ab:cds-YP_009725295.1	TTG	L	TCG	S	1562
NC_045512.2	4950	T	A	29089	18006	58	6	6	32	0.000206072	29116	0.999989	FALSE	ORF1ab:cds-YP_009724389.1	TTG	L	TAG	*	1562
NC_045512.2	4950	T	A	29089	18006	58	6	6	32	0.000206072	29116	0.999989	FALSE	ORF1ab:cds-YP_009725295.1	TTG	L	TAG	*	1562
NC_045512.2	4951	G	T	29060	18021	58	54	54	33	0.00185363	29132	0.00396489	TRUE	ORF1ab:cds-YP_009724389.1	TTG	L	TTT	F	1562
NC_045512.2	4951	G	T	29060	18021	58	54	54	33	0.00185363	29132	0.00396489	TRUE	ORF1ab:cds-YP_009725295.1	TTG	L	TTT	F	1562
NC_045512.2	4951	G	C	29060	18021	58	8	8	33	0.000274612	29132	0.999902	FALSE	ORF1ab:cds-YP_009724389.1	TTG	L	TTC	F	1562
NC_045512.2	4951	G	C	29060	18021	58	8	8	33	0.000274612	29132	0.999902	FALSE	ORF1ab:cds-YP_009725295.1	TTG	L	TTC	F	1562
NC_045512.2	4951	G	A	29060	18021	58	10	8	39	0.000343265	29132	0.999457	FALSE	ORF1ab:cds-YP_009724389.1	TTG	L	TTA	L	1562
NC_045512.2	4951	G	A	29060	18021	58	10	8	39	0.000343265	29132	0.999457	FALSE	ORF1ab:cds-YP_009725295.1	TTG	L	TTA	L	1562
NC_045512.2	4952	A	T	29063	18048	58	19	19	33	0.000652069	29138	0.943633	FALSE	ORF1ab:cds-YP_009724389.1	AGA	R	TGA	*	1563
NC_045512.2	4952	A	T	29063	18048	58	19	19	33	0.000652069	29138	0.943633	FALSE	ORF1ab:cds-YP_009725295.1	AGA	R	TGA	*	1563
NC_045512.2	4952	A	G	29063	18048	58	46	45	34	0.00157869	29138	0.0315928	FALSE	ORF1ab:cds-YP_009724389.1	AGA	R	GGA	G	1563
NC_045512.2	4952	A	G	29063	18048	58	46	45	34	0.00157869	29138	0.0315928	FALSE	ORF1ab:cds-YP_009725295.1	AGA	R	GGA	G	1563
NC_045512.2	4952	A	C	29063	18048	58	10	10	34	0.000343194	29138	0.999457	FALSE	ORF1ab:cds-YP_009724389.1	AGA	R	CGA	R	1563
NC_045512.2	4952	A	C	29063	18048	58	10	10	34	0.000343194	29138	0.999457	FALSE	ORF1ab:cds-YP_009725295.1	AGA	R	CGA	R	1563
NC_045512.2	4953	G	T	29015	18153	58	18	17	35	0.000618876	29085	0.960075	FALSE	ORF1ab:cds-YP_009724389.1	AGA	R	ATA	I	1563
NC_045512.2	4953	G	T	29015	18153	58	18	17	35	0.000618876	29085	0.960075	FALSE	ORF1ab:cds-YP_009725295.1	AGA	R	ATA	I	1563
NC_045512.2	4953	G	C	29015	18153	58	3	2	31	0.000103146	29085	1	FALSE	ORF1ab:cds-YP_009724389.1	AGA	R	ACA	T	1563
NC_045512.2	4953	G	C	29015	18153	58	3	2	31	0.000103146	29085	1	FALSE	ORF1ab:cds-YP_009725295.1	AGA	R	ACA	T	1563
NC_045512.2	4953	G	A	29015	18153	58	49	49	33	0.00168472	29085	0.0152208	FALSE	ORF1ab:cds-YP_009724389.1	AGA	R	AAA	K	1563
NC_045512.2	4953	G	A	29015	18153	58	49	49	33	0.00168472	29085	0.0152208	FALSE	ORF1ab:cds-YP_009725295.1	AGA	R	AAA	K	1563
NC_045512.2	4954	A	T	28892	18205	55	9	7	30	0.000310731	28964	0.999616	FALSE	ORF1ab:cds-YP_009724389.1	AGA	R	AGT	S	1563
NC_045512.2	4954	A	T	28892	18205	55	9	7	30	0.000310731	28964	0.999616	FALSE	ORF1ab:cds-YP_009725295.1	AGA	R	AGT	S	1563
NC_045512.2	4954	A	G	28892	18205	55	54	53	32	0.00186438	28964	0.00267975	TRUE	ORF1ab:cds-YP_009724389.1	AGA	R	AGG	R	1563
NC_045512.2	4954	A	G	28892	18205	55	54	53	32	0.00186438	28964	0.00267975	TRUE	ORF1ab:cds-YP_009725295.1	AGA	R	AGG	R	1563
NC_045512.2	4954	A	C	28892	18205	55	9	9	33	0.000310731	28964	0.999616	FALSE	ORF1ab:cds-YP_009724389.1	AGA	R	AGC	S	1563
NC_045512.2	4954	A	C	28892	18205	55	9	9	33	0.000310731	28964	0.999616	FALSE	ORF1ab:cds-YP_009725295.1	AGA	R	AGC	S	1563
NC_045512.2	4955	G	T	28917	18128	57	8	8	34	0.000275967	28989	0.99984	FALSE	ORF1ab:cds-YP_009724389.1	GAA	E	TAA	*	1564
NC_045512.2	4955	G	T	28917	18128	57	8	8	34	0.000275967	28989	0.99984	FALSE	ORF1ab:cds-YP_009725295.1	GAA	E	TAA	*	1564
NC_045512.2	4955	G	C	28917	18128	57	6	6	31	0.000206975	28989	0.99998	FALSE	ORF1ab:cds-YP_009724389.1	GAA	E	CAA	Q	1564
NC_045512.2	4955	G	C	28917	18128	57	6	6	31	0.000206975	28989	0.99998	FALSE	ORF1ab:cds-YP_009725295.1	GAA	E	CAA	Q	1564
NC_045512.2	4955	G	A	28917	18128	57	58	58	33	0.00200076	28989	0.000790831	TRUE	ORF1ab:cds-YP_009724389.1	GAA	E	AAA	K	1564
NC_045512.2	4955	G	A	28917	18128	57	58	58	33	0.00200076	28989	0.000790831	TRUE	ORF1ab:cds-YP_009725295.1	GAA	E	AAA	K	1564
NC_045512.2	4956	A	T	28704	18164	54	5	4	32	0.000173804	28768	0.999994	FALSE	ORF1ab:cds-YP_009724389.1	GAA	E	GTA	V	1564
NC_045512.2	4956	A	T	28704	18164	54	5	4	32	0.000173804	28768	0.999994	FALSE	ORF1ab:cds-YP_009725295.1	GAA	E	GTA	V	1564
NC_045512.2	4956	A	G	28704	18164	54	54	53	33	0.00187709	28768	0.00268988	TRUE	ORF1ab:cds-YP_009724389.1	GAA	E	GGA	G	1564
NC_045512.2	4956	A	G	28704	18164	54	54	53	33	0.00187709	28768	0.00268988	TRUE	ORF1ab:cds-YP_009725295.1	GAA	E	GGA	G	1564
NC_045512.2	4956	A	C	28704	18164	54	5	5	34	0.000173804	28768	0.999994	FALSE	ORF1ab:cds-YP_009724389.1	GAA	E	GCA	A	1564
NC_045512.2	4956	A	C	28704	18164	54	5	5	34	0.000173804	28768	0.999994	FALSE	ORF1ab:cds-YP_009725295.1	GAA	E	GCA	A	1564
NC_045512.2	4957	A	T	28795	18269	57	8	8	34	0.000277518	28827	0.999843	FALSE	ORF1ab:cds-YP_009724389.1	GAA	E	GAT	D	1564
NC_045512.2	4957	A	T	28795	18269	57	8	8	34	0.000277518	28827	0.999843	FALSE	ORF1ab:cds-YP_009725295.1	GAA	E	GAT	D	1564
NC_045512.2	4957	A	G	28795	18269	57	12	10	42	0.000416276	28827	0.0064426	TRUE	ORF1ab:cds-YP_009724389.1	GAA	E	GAG	E	1564
NC_045512.2	4957	A	G	28795	18269	57	12	10	42	0.000416276	28827	0.0064426	TRUE	ORF1ab:cds-YP_009725295.1	GAA	E	GAG	E	1564
NC_045512.2	4957	A	C	28795	18269	57	12	12	36	0.000416276	28827	0.996776	FALSE	ORF1ab:cds-YP_009724389.1	GAA	E	GAC	D	1564
NC_045512.2	4957	A	C	28795	18269	57	12	12	36	0.000416276	28827	0.996776	FALSE	ORF1ab:cds-YP_009725295.1	GAA	E	GAC	D	1564
NC_045512.2	4958	G	T	28722	18882	55	4	4	34	0.000138952	28787	0.999999	FALSE	ORF1ab:cds-YP_009724389.1	GTG	V	TTG	L	1565
NC_045512.2	4958	G	T	28722	18882	55	4	4	34	0.000138952	28787	0.999999	FALSE	ORF1ab:cds-YP_009725295.1	GTG	V	TTG	L	1565
NC_045512.2	4958	G	C	28722	18882	55	8	8	34	0.000277903	28787	0.999841	FALSE	ORF1ab:cds-YP_009724389.1	GTG	V	CTG	L	1565
NC_045512.2	4958	G	C	28722	18882	55	8	8	34	0.000277903	28787	0.999841	FALSE	ORF1ab:cds-YP_009725295.1	GTG	V	CTG	L	1565
NC_045512.2	4958	G	A	28722	18882	55	53	53	33	0.00184111	28787	0.00359895	TRUE	ORF1ab:cds-YP_009724389.1	GTG	V	ATG	M	1565
NC_045512.2	4958	G	A	28722	18882	55	53	53	33	0.00184111	28787	0.00359895	TRUE	ORF1ab:cds-YP_009725295.1	GTG	V	ATG	M	1565
NC_045512.2	4959	T	G	28737	18904	55	46	46	32	0.00159678	28808	0.0234266	FALSE	ORF1ab:cds-YP_009724389.1	GTG	V	GGG	G	1565
NC_045512.2	4959	T	G	28737	18904	55	46	46	32	0.00159678	28808	0.0234266	FALSE	ORF1ab:cds-YP_009725295.1	GTG	V	GGG	G	1565
NC_045512.2	4959	T	C	28737	18904	55	10	10	31	0.000347126	28808	0.999156	FALSE	ORF1ab:cds-YP_009724389.1	GTG	V	GCG	A	1565
NC_045512.2	4959	T	C	28737	18904	55	10	10	31	0.000347126	28808	0.999156	FALSE	ORF1ab:cds-YP_009725295.1	GTG	V	GCG	A	1565
NC_045512.2	4959	T	A	28737	18904	55	15	15	34	0.000520689	28808	0.984013	FALSE	ORF1ab:cds-YP_009724389.1	GTG	V	GAG	E	1565
NC_045512.2	4959	T	A	28737	18904	55	15	15	34	0.000520689	28808	0.984013	FALSE	ORF1ab:cds-YP_009725295.1	GTG	V	GAG	E	1565
NC_045512.2	4960	G	T	28596	18761	55	48	48	34	0.00167411	28672	0.0141129	FALSE	ORF1ab:cds-YP_009724389.1	GTG	V	GTT	V	1565
NC_045512.2	4960	G	T	28596	18761	55	48	48	34	0.00167411	28672	0.0141129	FALSE	ORF1ab:cds-YP_009725295.1	GTG	V	GTT	V	1565
NC_045512.2	4960	G	C	28596	18761	55	10	10	33	0.000348772	28672	0.999154	FALSE	ORF1ab:cds-YP_009724389.1	GTG	V	GTC	V	1565
NC_045512.2	4960	G	C	28596	18761	55	10	10	33	0.000348772	28672	0.999154	FALSE	ORF1ab:cds-YP_009725295.1	GTG	V	GTC	V	1565
NC_045512.2	4960	G	A	28596	18761	55	18	18	34	0.00062779	28672	0.947446	FALSE	ORF1ab:cds-YP_009724389.1	GTG	V	GTA	V	1565
NC_045512.2	4960	G	A	28596	18761	55	18	18	34	0.00062779	28672	0.947446	FALSE	ORF1ab:cds-YP_009725295.1	GTG	V	GTA	V	1565
NC_045512.2	4961	A	T	28526	18744	55	9	9	32	0.000314619	28606	0.999615	FALSE	ORF1ab:cds-YP_009724389.1	AGG	R	TGG	W	1566
NC_045512.2	4961	A	T	28526	18744	55	9	9	32	0.000314619	28606	0.999615	FALSE	ORF1ab:cds-YP_009725295.1	AGG	R	TGG	W	1566
NC_045512.2	4961	A	G	28526	18744	55	61	59	34	0.00213242	28606	0.000298933	TRUE	ORF1ab:cds-YP_009724389.1	AGG	R	GGG	G	1566
NC_045512.2	4961	A	G	28526	18744	55	61	59	34	0.00213242	28606	0.000298933	TRUE	ORF1ab:cds-YP_009725295.1	AGG	R	GGG	G	1566
NC_045512.2	4961	A	C	28526	18744	55	10	8	30	0.000349577	28606	0.999153	FALSE	ORF1ab:cds-YP_009724389.1	AGG	R	CGG	R	1566
NC_045512.2	4961	A	C	28526	18744	55	10	8	30	0.000349577	28606	0.999153	FALSE	ORF1ab:cds-YP_009725295.1	AGG	R	CGG	R	1566
NC_045512.2	4962	G	T	28351	18568	55	16	16	33	0.000562885	28425	0.975278	FALSE	ORF1ab:cds-YP_009724389.1	AGG	R	ATG	M	1566
NC_045512.2	4962	G	T	28351	18568	55	16	16	33	0.000562885	28425	0.975278	FALSE	ORF1ab:cds-YP_009725295.1	AGG	R	ATG	M	1566
NC_045512.2	4962	G	C	28351	18568	55	4	4	32	0.000140721	28425	0.999999	FALSE	ORF1ab:cds-YP_009724389.1	AGG	R	ACG	T	1566
NC_045512.2	4962	G	C	28351	18568	55	4	4	32	0.000140721	28425	0.999999	FALSE	ORF1ab:cds-YP_009725295.1	AGG	R	ACG	T	1566
NC_045512.2	4962	G	A	28351	18568	55	54	54	33	0.00189974	28425	0.00267641	TRUE	ORF1ab:cds-YP_009724389.1	AGG	R	AAG	K	1566
NC_045512.2	4962	G	A	28351	18568	55	54	54	33	0.00189974	28425	0.00267641	TRUE	ORF1ab:cds-YP_009725295.1	AGG	R	AAG	K	1566
NC_045512.2	4963	G	T	28394	19588	53	10	9	31	0.000351877	28419	0.99917	FALSE	ORF1ab:cds-YP_009724389.1	AGG	R	AGT	S	1566
NC_045512.2	4963	G	T	28394	19588	53	10	9	31	0.000351877	28419	0.99917	FALSE	ORF1ab:cds-YP_009725295.1	AGG	R	AGT	S	1566
NC_045512.2	4963	G	C	28394	19588	53	5	5	29	0.000175939	28419	1	FALSE	ORF1ab:cds-YP_009724389.1	AGG	R	AGC	S	1566
NC_045512.2	4963	G	C	28394	19588	53	5	5	29	0.000175939	28419	1	FALSE	ORF1ab:cds-YP_009725295.1	AGG	R	AGC	S	1566
NC_045512.2	4963	G	A	28394	19588	53	10	10	33	0.000351877	28419	0.99917	FALSE	ORF1ab:cds-YP_009724389.1	AGG	R	AGA	R	1566
NC_045512.2	4963	G	A	28394	19588	53	10	10	33	0.000351877	28419	0.99917	FALSE	ORF1ab:cds-YP_009725295.1	AGG	R	AGA	R	1566
NC_045512.2	4964	A	T	28099	19358	53	4	4	32	0.00014205	28159	0.999999	FALSE	ORF1ab:cds-YP_009724389.1	ACT	T	TCT	S	1567
NC_045512.2	4964	A	T	28099	19358	53	4	4	32	0.00014205	28159	0.999999	FALSE	ORF1ab:cds-YP_009725295.1	ACT	T	TCT	S	1567
NC_045512.2	4964	A	G	28099	19358	53	49	47	35	0.00174012	28159	0.0109268	FALSE	ORF1ab:cds-YP_009724389.1	ACT	T	GCT	A	1567
NC_045512.2	4964	A	G	28099	19358	53	49	47	35	0.00174012	28159	0.0109268	FALSE	ORF1ab:cds-YP_009725295.1	ACT	T	GCT	A	1567
NC_045512.2	4964	A	C	28099	19358	53	7	7	32	0.000248588	28159	0.999941	FALSE	ORF1ab:cds-YP_009724389.1	ACT	T	CCT	P	1567
NC_045512.2	4964	A	C	28099	19358	53	7	7	32	0.000248588	28159	0.999941	FALSE	ORF1ab:cds-YP_009725295.1	ACT	T	CCT	P	1567
NC_045512.2	4965	C	T	28034	19293	53	10	10	33	0.000355847	28102	0.999156	FALSE	ORF1ab:cds-YP_009724389.1	ACT	T	ATT	I	1567
NC_045512.2	4965	C	T	28034	19293	53	10	10	33	0.000355847	28102	0.999156	FALSE	ORF1ab:cds-YP_009725295.1	ACT	T	ATT	I	1567
NC_045512.2	4965	C	G	28034	19293	53	15	15	33	0.00053377	28102	0.984022	FALSE	ORF1ab:cds-YP_009724389.1	ACT	T	AGT	S	1567
NC_045512.2	4965	C	G	28034	19293	53	15	15	33	0.00053377	28102	0.984022	FALSE	ORF1ab:cds-YP_009725295.1	ACT	T	AGT	S	1567
NC_045512.2	4965	C	A	28034	19293	53	43	43	33	0.00153014	28102	0.0474993	FALSE	ORF1ab:cds-YP_009724389.1	ACT	T	AAT	N	1567
NC_045512.2	4965	C	A	28034	19293	53	43	43	33	0.00153014	28102	0.0474993	FALSE	ORF1ab:cds-YP_009725295.1	ACT	T	AAT	N	1567
NC_045512.2	4966	T	G	26605	18002	52	11	11	32	0.000412526	26665	0.996132	FALSE	ORF1ab:cds-YP_009724389.1	ACT	T	ACG	T	1567
NC_045512.2	4966	T	G	26605	18002	52	11	11	32	0.000412526	26665	0.996132	FALSE	ORF1ab:cds-YP_009725295.1	ACT	T	ACG	T	1567
NC_045512.2	4966	T	C	26605	18002	52	41	40	33	0.0015376	26665	0.0428673	FALSE	ORF1ab:cds-YP_009724389.1	ACT	T	ACC	T	1567
NC_045512.2	4966	T	C	26605	18002	52	41	40	33	0.0015376	26665	0.0428673	FALSE	ORF1ab:cds-YP_009725295.1	ACT	T	ACC	T	1567
NC_045512.2	4966	T	A	26605	18002	52	8	8	33	0.000300019	26665	0.999583	FALSE	ORF1ab:cds-YP_009724389.1	ACT	T	ACA	T	1567
NC_045512.2	4966	T	A	26605	18002	52	8	8	33	0.000300019	26665	0.999583	FALSE	ORF1ab:cds-YP_009725295.1	ACT	T	ACA	T	1567
NC_045512.2	4967	A	T	27155	18610	53	35	35	33	0.00128648	27206	0.186354	FALSE	ORF1ab:cds-YP_009724389.1	ATT	I	TTT	F	1568
NC_045512.2	4967	A	T	27155	18610	53	35	35	33	0.00128648	27206	0.186354	FALSE	ORF1ab:cds-YP_009725295.1	ATT	I	TTT	F	1568
NC_045512.2	4967	A	G	27155	18610	53	8	6	36	0.000294053	27206	0.999743	FALSE	ORF1ab:cds-YP_009724389.1	ATT	I	GTT	V	1568
NC_045512.2	4967	A	G	27155	18610	53	8	6	36	0.000294053	27206	0.999743	FALSE	ORF1ab:cds-YP_009725295.1	ATT	I	GTT	V	1568
NC_045512.2	4967	A	C	27155	18610	53	8	8	34	0.000294053	27206	0.999743	FALSE	ORF1ab:cds-YP_009724389.1	ATT	I	CTT	L	1568
NC_045512.2	4967	A	C	27155	18610	53	8	8	34	0.000294053	27206	0.999743	FALSE	ORF1ab:cds-YP_009725295.1	ATT	I	CTT	L	1568
NC_045512.2	4968	T	G	26877	18411	53	4	3	28	0.0001485	26936	1	FALSE	ORF1ab:cds-YP_009724389.1	ATT	I	AGT	S	1568
NC_045512.2	4968	T	G	26877	18411	53	4	3	28	0.0001485	26936	1	FALSE	ORF1ab:cds-YP_009725295.1	ATT	I	AGT	S	1568
NC_045512.2	4968	T	C	26877	18411	53	12	12	36	0.0004455	26936	0.992988	FALSE	ORF1ab:cds-YP_009724389.1	ATT	I	ACT	T	1568
NC_045512.2	4968	T	C	26877	18411	53	12	12	36	0.0004455	26936	0.992988	FALSE	ORF1ab:cds-YP_009725295.1	ATT	I	ACT	T	1568
NC_045512.2	4968	T	A	26877	18411	53	43	43	32	0.00159638	26936	0.0264268	FALSE	ORF1ab:cds-YP_009724389.1	ATT	I	AAT	N	1568
NC_045512.2	4968	T	A	26877	18411	53	43	43	32	0.00159638	26936	0.0264268	FALSE	ORF1ab:cds-YP_009725295.1	ATT	I	AAT	N	1568
NC_045512.2	4969	T	G	27047	18613	53	6	6	32	0.000221631	27072	0.999967	FALSE	ORF1ab:cds-YP_009724389.1	ATT	I	ATG	M	1568
NC_045512.2	4969	T	G	27047	18613	53	6	6	32	0.000221631	27072	0.999967	FALSE	ORF1ab:cds-YP_009725295.1	ATT	I	ATG	M	1568
NC_045512.2	4969	T	C	27047	18613	53	7	7	32	0.00025857	27072	0.999902	FALSE	ORF1ab:cds-YP_009724389.1	ATT	I	ATC	I	1568
NC_045512.2	4969	T	C	27047	18613	53	7	7	32	0.00025857	27072	0.999902	FALSE	ORF1ab:cds-YP_009725295.1	ATT	I	ATC	I	1568
NC_045512.2	4969	T	A	27047	18613	53	12	12	33	0.000443262	27072	0.995256	FALSE	ORF1ab:cds-YP_009724389.1	ATT	I	ATA	I	1568
NC_045512.2	4969	T	A	27047	18613	53	12	12	33	0.000443262	27072	0.995256	FALSE	ORF1ab:cds-YP_009725295.1	ATT	I	ATA	I	1568
NC_045512.2	4970	A	T	26973	18589	53	44	44	33	0.00162794	27028	0.0282253	FALSE	ORF1ab:cds-YP_009724389.1	AAG	K	TAG	*	1569
NC_045512.2	4970	A	T	26973	18589	53	44	44	33	0.00162794	27028	0.0282253	FALSE	ORF1ab:cds-YP_009725295.1	AAG	K	TAG	*	1569
NC_045512.2	4970	A	G	26973	18589	53	6	5	33	0.000221992	27028	0.999966	FALSE	ORF1ab:cds-YP_009724389.1	AAG	K	GAG	E	1569
NC_045512.2	4970	A	G	26973	18589	53	6	5	33	0.000221992	27028	0.999966	FALSE	ORF1ab:cds-YP_009725295.1	AAG	K	GAG	E	1569
NC_045512.2	4970	A	C	26973	18589	53	5	5	31	0.000184993	27028	0.99999	FALSE	ORF1ab:cds-YP_009724389.1	AAG	K	CAG	Q	1569
NC_045512.2	4970	A	C	26973	18589	53	5	5	31	0.000184993	27028	0.99999	FALSE	ORF1ab:cds-YP_009725295.1	AAG	K	CAG	Q	1569
NC_045512.2	4971	A	T	26567	18372	51	18	18	34	0.000676717	26599	0.912746	FALSE	ORF1ab:cds-YP_009724389.1	AAG	K	ATG	M	1569
NC_045512.2	4971	A	T	26567	18372	51	18	18	34	0.000676717	26599	0.912746	FALSE	ORF1ab:cds-YP_009725295.1	AAG	K	ATG	M	1569
NC_045512.2	4971	A	G	26567	18372	51	3	3	34	0.000112786	26599	0.999999	FALSE	ORF1ab:cds-YP_009724389.1	AAG	K	AGG	R	1569
NC_045512.2	4971	A	G	26567	18372	51	3	3	34	0.000112786	26599	0.999999	FALSE	ORF1ab:cds-YP_009725295.1	AAG	K	AGG	R	1569
NC_045512.2	4971	A	C	26567	18372	51	11	11	33	0.000413549	26599	0.996168	FALSE	ORF1ab:cds-YP_009724389.1	AAG	K	ACG	T	1569
NC_045512.2	4971	A	C	26567	18372	51	11	11	33	0.000413549	26599	0.996168	FALSE	ORF1ab:cds-YP_009725295.1	AAG	K	ACG	T	1569
NC_045512.2	4972	G	T	26513	18278	53	17	17	34	0.000639531	26582	0.936147	FALSE	ORF1ab:cds-YP_009724389.1	AAG	K	AAT	N	1569
NC_045512.2	4972	G	T	26513	18278	53	17	17	34	0.000639531	26582	0.936147	FALSE	ORF1ab:cds-YP_009725295.1	AAG	K	AAT	N	1569
NC_045512.2	4972	G	C	26513	18278	53	4	4	32	0.000150478	26582	0.999996	FALSE	ORF1ab:cds-YP_009724389.1	AAG	K	AAC	N	1569
NC_045512.2	4972	G	C	26513	18278	53	4	4	32	0.000150478	26582	0.999996	FALSE	ORF1ab:cds-YP_009725295.1	AAG	K	AAC	N	1569
NC_045512.2	4972	G	A	26513	18278	53	48	48	32	0.00180573	26582	0.00694413	TRUE	ORF1ab:cds-YP_009724389.1	AAG	K	AAA	K	1569
NC_045512.2	4972	G	A	26513	18278	53	48	48	32	0.00180573	26582	0.00694413	TRUE	ORF1ab:cds-YP_009725295.1	AAG	K	AAA	K	1569
NC_045512.2	4973	G	T	26540	18559	52	8	8	33	0.000301023	26576	0.999587	FALSE	ORF1ab:cds-YP_009724389.1	GTG	V	TTG	L	1570
NC_045512.2	4973	G	T	26540	18559	52	8	8	33	0.000301023	26576	0.999587	FALSE	ORF1ab:cds-YP_009725295.1	GTG	V	TTG	L	1570
NC_045512.2	4973	G	C	26540	18559	52	6	6	29	0.000225768	26576	1	FALSE	ORF1ab:cds-YP_009724389.1	GTG	V	CTG	L	1570
NC_045512.2	4973	G	C	26540	18559	52	6	6	29	0.000225768	26576	1	FALSE	ORF1ab:cds-YP_009725295.1	GTG	V	CTG	L	1570
NC_045512.2	4973	G	A	26540	18559	52	22	22	33	0.000827815	26576	0.764137	FALSE	ORF1ab:cds-YP_009724389.1	GTG	V	ATG	M	1570
NC_045512.2	4973	G	A	26540	18559	52	22	22	33	0.000827815	26576	0.764137	FALSE	ORF1ab:cds-YP_009725295.1	GTG	V	ATG	M	1570
NC_045512.2	4974	T	G	23171	15837	53	40	40	33	0.00172236	23224	0.0213032	FALSE	ORF1ab:cds-YP_009724389.1	GTG	V	GGG	G	1570
NC_045512.2	4974	T	G	23171	15837	53	40	40	33	0.00172236	23224	0.0213032	FALSE	ORF1ab:cds-YP_009725295.1	GTG	V	GGG	G	1570
NC_045512.2	4974	T	C	23171	15837	53	4	4	42	0.000172236	23224	0.34277	FALSE	ORF1ab:cds-YP_009724389.1	GTG	V	GCG	A	1570
NC_045512.2	4974	T	C	23171	15837	53	4	4	42	0.000172236	23224	0.34277	FALSE	ORF1ab:cds-YP_009725295.1	GTG	V	GCG	A	1570
NC_045512.2	4974	T	A	23171	15837	53	9	9	34	0.00038753	23224	0.996455	FALSE	ORF1ab:cds-YP_009724389.1	GTG	V	GAG	E	1570
NC_045512.2	4974	T	A	23171	15837	53	9	9	34	0.00038753	23224	0.996455	FALSE	ORF1ab:cds-YP_009725295.1	GTG	V	GAG	E	1570
NC_045512.2	4975	G	T	23269	16221	53	41	41	33	0.0017577	23326	0.0162191	FALSE	ORF1ab:cds-YP_009724389.1	GTG	V	GTT	V	1570
NC_045512.2	4975	G	T	23269	16221	53	41	41	33	0.0017577	23326	0.0162191	FALSE	ORF1ab:cds-YP_009725295.1	GTG	V	GTT	V	1570
NC_045512.2	4975	G	C	23269	16221	53	6	6	32	0.000257224	23326	0.999722	FALSE	ORF1ab:cds-YP_009724389.1	GTG	V	GTC	V	1570
NC_045512.2	4975	G	C	23269	16221	53	6	6	32	0.000257224	23326	0.999722	FALSE	ORF1ab:cds-YP_009725295.1	GTG	V	GTC	V	1570
NC_045512.2	4975	G	A	23269	16221	53	10	10	33	0.000428706	23326	0.993144	FALSE	ORF1ab:cds-YP_009724389.1	GTG	V	GTA	V	1570
NC_045512.2	4975	G	A	23269	16221	53	10	10	33	0.000428706	23326	0.993144	FALSE	ORF1ab:cds-YP_009725295.1	GTG	V	GTA	V	1570
NC_045512.2	4976	T	G	18718	11879	49	42	42	33	0.00223785	18768	0.00131868	TRUE	ORF1ab:cds-YP_009724389.1	TTT	F	GTT	V	1571
NC_045512.2	4976	T	G	18718	11879	49	42	42	33	0.00223785	18768	0.00131868	TRUE	ORF1ab:cds-YP_009725295.1	TTT	F	GTT	V	1571
NC_045512.2	4976	T	C	18718	11879	49	3	3	35	0.000159847	18768	0.999887	FALSE	ORF1ab:cds-YP_009724389.1	TTT	F	CTT	L	1571
NC_045512.2	4976	T	C	18718	11879	49	3	3	35	0.000159847	18768	0.999887	FALSE	ORF1ab:cds-YP_009725295.1	TTT	F	CTT	L	1571
NC_045512.2	4976	T	A	18718	11879	49	5	4	32	0.000266411	18768	0.99868	FALSE	ORF1ab:cds-YP_009724389.1	TTT	F	ATT	I	1571
NC_045512.2	4976	T	A	18718	11879	49	5	4	32	0.000266411	18768	0.99868	FALSE	ORF1ab:cds-YP_009725295.1	TTT	F	ATT	I	1571
NC_045512.2	4977	T	G	22085	15324	53	4	4	32	0.000180963	22104	0.999956	FALSE	ORF1ab:cds-YP_009724389.1	TTT	F	TGT	C	1571
NC_045512.2	4977	T	G	22085	15324	53	4	4	32	0.000180963	22104	0.999956	FALSE	ORF1ab:cds-YP_009725295.1	TTT	F	TGT	C	1571
NC_045512.2	4977	T	C	22085	15324	53	7	6	37	0.000316685	22104	0.998841	FALSE	ORF1ab:cds-YP_009724389.1	TTT	F	TCT	S	1571
NC_045512.2	4977	T	C	22085	15324	53	7	6	37	0.000316685	22104	0.998841	FALSE	ORF1ab:cds-YP_009725295.1	TTT	F	TCT	S	1571
NC_045512.2	4977	T	A	22085	15324	53	8	8	33	0.000361925	22104	0.997386	FALSE	ORF1ab:cds-YP_009724389.1	TTT	F	TAT	Y	1571
NC_045512.2	4977	T	A	22085	15324	53	8	8	33	0.000361925	22104	0.997386	FALSE	ORF1ab:cds-YP_009725295.1	TTT	F	TAT	Y	1571
NC_045512.2	4978	T	G	22066	15305	53	10	10	34	0.000452653	22092	0.98994	FALSE	ORF1ab:cds-YP_009724389.1	TTT	F	TTG	L	1571
NC_045512.2	4978	T	G	22066	15305	53	10	10	34	0.000452653	22092	0.98994	FALSE	ORF1ab:cds-YP_009725295.1	TTT	F	TTG	L	1571
NC_045512.2	4978	T	C	22066	15305	53	10	10	35	0.000452653	22092	0.98994	FALSE	ORF1ab:cds-YP_009724389.1	TTT	F	TTC	F	1571
NC_045512.2	4978	T	C	22066	15305	53	10	10	35	0.000452653	22092	0.98994	FALSE	ORF1ab:cds-YP_009725295.1	TTT	F	TTC	F	1571
NC_045512.2	4978	T	A	22066	15305	53	6	6	30	0.000271592	22092	0.999542	FALSE	ORF1ab:cds-YP_009724389.1	TTT	F	TTA	L	1571
NC_045512.2	4978	T	A	22066	15305	53	6	6	30	0.000271592	22092	0.999542	FALSE	ORF1ab:cds-YP_009725295.1	TTT	F	TTA	L	1571
NC_045512.2	4979	A	T	21950	15197	53	43	43	33	0.00195419	22004	0.00618716	TRUE	ORF1ab:cds-YP_009724389.1	ACA	T	TCA	S	1572
NC_045512.2	4979	A	T	21950	15197	53	43	43	33	0.00195419	22004	0.00618716	TRUE	ORF1ab:cds-YP_009725295.1	ACA	T	TCA	S	1572
NC_045512.2	4979	A	G	21950	15197	53	5	4	47	0.000227231	22004	0.225649	FALSE	ORF1ab:cds-YP_009724389.1	ACA	T	GCA	A	1572
NC_045512.2	4979	A	G	21950	15197	53	5	4	47	0.000227231	22004	0.225649	FALSE	ORF1ab:cds-YP_009725295.1	ACA	T	GCA	A	1572
NC_045512.2	4979	A	C	21950	15197	53	6	6	34	0.000272678	22004	0.999536	FALSE	ORF1ab:cds-YP_009724389.1	ACA	T	CCA	P	1572
NC_045512.2	4979	A	C	21950	15197	53	6	6	34	0.000272678	22004	0.999536	FALSE	ORF1ab:cds-YP_009725295.1	ACA	T	CCA	P	1572
NC_045512.2	4980	C	T	21939	15518	52	15	15	34	0.000681911	21997	0.877439	FALSE	ORF1ab:cds-YP_009724389.1	ACA	T	ATA	I	1572
NC_045512.2	4980	C	T	21939	15518	52	15	15	34	0.000681911	21997	0.877439	FALSE	ORF1ab:cds-YP_009725295.1	ACA	T	ATA	I	1572
NC_045512.2	4980	C	A	21939	15518	52	43	43	33	0.00195481	21997	0.00402033	TRUE	ORF1ab:cds-YP_009724389.1	ACA	T	AAA	K	1572
NC_045512.2	4980	C	A	21939	15518	52	43	43	33	0.00195481	21997	0.00402033	TRUE	ORF1ab:cds-YP_009725295.1	ACA	T	AAA	K	1572
NC_045512.2	4981	A	T	21696	15318	52	16	16	33	0.000735632	21750	0.83682	FALSE	ORF1ab:cds-YP_009724389.1	ACA	T	ACT	T	1572
NC_045512.2	4981	A	T	21696	15318	52	16	16	33	0.000735632	21750	0.83682	FALSE	ORF1ab:cds-YP_009725295.1	ACA	T	ACT	T	1572
NC_045512.2	4981	A	G	21696	15318	52	2	2	36	9.1954e-05	21750	0.999997	FALSE	ORF1ab:cds-YP_009724389.1	ACA	T	ACG	T	1572
NC_045512.2	4981	A	G	21696	15318	52	2	2	36	9.1954e-05	21750	0.999997	FALSE	ORF1ab:cds-YP_009725295.1	ACA	T	ACG	T	1572
NC_045512.2	4981	A	C	21696	15318	52	36	36	32	0.00165517	21750	0.0310752	FALSE	ORF1ab:cds-YP_009724389.1	ACA	T	ACC	T	1572
NC_045512.2	4981	A	C	21696	15318	52	36	36	32	0.00165517	21750	0.0310752	FALSE	ORF1ab:cds-YP_009725295.1	ACA	T	ACC	T	1572
NC_045512.2	4982	A	T	21575	15408	51	5	5	32	0.000231503	21598	0.999732	FALSE	ORF1ab:cds-YP_009724389.1	ACA	T	TCA	S	1573
NC_045512.2	4982	A	T	21575	15408	51	5	5	32	0.000231503	21598	0.999732	FALSE	ORF1ab:cds-YP_009725295.1	ACA	T	TCA	S	1573
NC_045512.2	4982	A	G	21575	15408	51	7	4	35	0.000324104	21598	0.998135	FALSE	ORF1ab:cds-YP_009724389.1	ACA	T	GCA	A	1573
NC_045512.2	4982	A	G	21575	15408	51	7	4	35	0.000324104	21598	0.998135	FALSE	ORF1ab:cds-YP_009725295.1	ACA	T	GCA	A	1573
NC_045512.2	4982	A	C	21575	15408	51	11	10	29	0.000509306	21598	1	FALSE	ORF1ab:cds-YP_009724389.1	ACA	T	CCA	P	1573
NC_045512.2	4982	A	C	21575	15408	51	11	10	29	0.000509306	21598	1	FALSE	ORF1ab:cds-YP_009725295.1	ACA	T	CCA	P	1573
NC_045512.2	4983	C	T	21463	15356	51	11	10	36	0.000511247	21516	0.974675	FALSE	ORF1ab:cds-YP_009724389.1	ACA	T	ATA	I	1573
NC_045512.2	4983	C	T	21463	15356	51	11	10	36	0.000511247	21516	0.974675	FALSE	ORF1ab:cds-YP_009725295.1	ACA	T	ATA	I	1573
NC_045512.2	4983	C	A	21463	15356	51	42	42	33	0.00195204	21516	0.00551245	TRUE	ORF1ab:cds-YP_009724389.1	ACA	T	AAA	K	1573
NC_045512.2	4983	C	A	21463	15356	51	42	42	33	0.00195204	21516	0.00551245	TRUE	ORF1ab:cds-YP_009725295.1	ACA	T	AAA	K	1573
NC_045512.2	4984	A	T	19019	13359	52	8	8	34	0.000419705	19061	0.990327	FALSE	ORF1ab:cds-YP_009724389.1	ACA	T	ACT	T	1573
NC_045512.2	4984	A	T	19019	13359	52	8	8	34	0.000419705	19061	0.990327	FALSE	ORF1ab:cds-YP_009725295.1	ACA	T	ACT	T	1573
NC_045512.2	4984	A	G	19019	13359	52	3	2	30	0.000157389	19061	0.999939	FALSE	ORF1ab:cds-YP_009724389.1	ACA	T	ACG	T	1573
NC_045512.2	4984	A	G	19019	13359	52	3	2	30	0.000157389	19061	0.999939	FALSE	ORF1ab:cds-YP_009725295.1	ACA	T	ACG	T	1573
NC_045512.2	4984	A	C	19019	13359	52	31	30	33	0.00162636	19061	0.0591202	FALSE	ORF1ab:cds-YP_009724389.1	ACA	T	ACC	T	1573
NC_045512.2	4984	A	C	19019	13359	52	31	30	33	0.00162636	19061	0.0591202	FALSE	ORF1ab:cds-YP_009725295.1	ACA	T	ACC	T	1573
NC_045512.2	4985	G	T	18979	13363	52	5	5	34	0.000262743	19030	0.999215	FALSE	ORF1ab:cds-YP_009724389.1	GTA	V	TTA	L	1574
NC_045512.2	4985	G	T	18979	13363	52	5	5	34	0.000262743	19030	0.999215	FALSE	ORF1ab:cds-YP_009725295.1	GTA	V	TTA	L	1574
NC_045512.2	4985	G	C	18979	13363	52	5	5	34	0.000262743	19030	0.999215	FALSE	ORF1ab:cds-YP_009724389.1	GTA	V	CTA	L	1574
NC_045512.2	4985	G	C	18979	13363	52	5	5	34	0.000262743	19030	0.999215	FALSE	ORF1ab:cds-YP_009725295.1	GTA	V	CTA	L	1574
NC_045512.2	4985	G	A	18979	13363	52	41	40	33	0.00215449	19030	0.0030717	TRUE	ORF1ab:cds-YP_009724389.1	GTA	V	ATA	I	1574
NC_045512.2	4985	G	A	18979	13363	52	41	40	33	0.00215449	19030	0.0030717	TRUE	ORF1ab:cds-YP_009725295.1	GTA	V	ATA	I	1574
NC_045512.2	4986	T	G	18717	13331	51	31	31	32	0.00165157	18770	0.0422603	FALSE	ORF1ab:cds-YP_009724389.1	GTA	V	GGA	G	1574
NC_045512.2	4986	T	G	18717	13331	51	31	31	32	0.00165157	18770	0.0422603	FALSE	ORF1ab:cds-YP_009725295.1	GTA	V	GGA	G	1574
NC_045512.2	4986	T	C	18717	13331	51	16	16	32	0.000852424	18770	0.694313	FALSE	ORF1ab:cds-YP_009724389.1	GTA	V	GCA	A	1574
NC_045512.2	4986	T	C	18717	13331	51	16	16	32	0.000852424	18770	0.694313	FALSE	ORF1ab:cds-YP_009725295.1	GTA	V	GCA	A	1574
NC_045512.2	4986	T	A	18717	13331	51	6	6	32	0.000319659	18770	0.996644	FALSE	ORF1ab:cds-YP_009724389.1	GTA	V	GAA	E	1574
NC_045512.2	4986	T	A	18717	13331	51	6	6	32	0.000319659	18770	0.996644	FALSE	ORF1ab:cds-YP_009725295.1	GTA	V	GAA	E	1574
NC_045512.2	4987	A	T	18766	13639	51	36	36	32	0.00191388	18810	0.00983755	TRUE	ORF1ab:cds-YP_009724389.1	GTA	V	GTT	V	1574
NC_045512.2	4987	A	T	18766	13639	51	36	36	32	0.00191388	18810	0.00983755	TRUE	ORF1ab:cds-YP_009725295.1	GTA	V	GTT	V	1574
NC_045512.2	4987	A	G	18766	13639	51	6	6	32	0.000318979	18810	0.996655	FALSE	ORF1ab:cds-YP_009724389.1	GTA	V	GTG	V	1574
NC_045512.2	4987	A	G	18766	13639	51	6	6	32	0.000318979	18810	0.996655	FALSE	ORF1ab:cds-YP_009725295.1	GTA	V	GTG	V	1574
NC_045512.2	4987	A	C	18766	13639	51	2	2	30	0.000106326	18810	0.99998	FALSE	ORF1ab:cds-YP_009724389.1	GTA	V	GTC	V	1574
NC_045512.2	4987	A	C	18766	13639	51	2	2	30	0.000106326	18810	0.99998	FALSE	ORF1ab:cds-YP_009725295.1	GTA	V	GTC	V	1574
NC_045512.2	4988	G	T	18728	13614	51	7	7	32	0.000372876	18773	0.9926	FALSE	ORF1ab:cds-YP_009724389.1	GAC	D	TAC	Y	1575
NC_045512.2	4988	G	T	18728	13614	51	7	7	32	0.000372876	18773	0.9926	FALSE	ORF1ab:cds-YP_009725295.1	GAC	D	TAC	Y	1575
NC_045512.2	4988	G	C	18728	13614	51	2	2	34	0.000106536	18773	0.99998	FALSE	ORF1ab:cds-YP_009724389.1	GAC	D	CAC	H	1575
NC_045512.2	4988	G	C	18728	13614	51	2	2	34	0.000106536	18773	0.99998	FALSE	ORF1ab:cds-YP_009725295.1	GAC	D	CAC	H	1575
NC_045512.2	4988	G	A	18728	13614	51	36	36	32	0.00191765	18773	0.00983226	TRUE	ORF1ab:cds-YP_009724389.1	GAC	D	AAC	N	1575
NC_045512.2	4988	G	A	18728	13614	51	36	36	32	0.00191765	18773	0.00983226	TRUE	ORF1ab:cds-YP_009725295.1	GAC	D	AAC	N	1575
NC_045512.2	4989	A	T	18369	13311	51	12	12	34	0.00065136	18423	0.898767	FALSE	ORF1ab:cds-YP_009724389.1	GAC	D	GTC	V	1575
NC_045512.2	4989	A	T	18369	13311	51	12	12	34	0.00065136	18423	0.898767	FALSE	ORF1ab:cds-YP_009725295.1	GAC	D	GTC	V	1575
NC_045512.2	4989	A	G	18369	13311	51	33	32	32	0.00179124	18423	0.0241384	FALSE	ORF1ab:cds-YP_009724389.1	GAC	D	GGC	G	1575
NC_045512.2	4989	A	G	18369	13311	51	33	32	32	0.00179124	18423	0.0241384	FALSE	ORF1ab:cds-YP_009725295.1	GAC	D	GGC	G	1575
NC_045512.2	4989	A	C	18369	13311	51	9	9	31	0.00048852	18423	0.973546	FALSE	ORF1ab:cds-YP_009724389.1	GAC	D	GCC	A	1575
NC_045512.2	4989	A	C	18369	13311	51	9	9	31	0.00048852	18423	0.973546	FALSE	ORF1ab:cds-YP_009725295.1	GAC	D	GCC	A	1575
NC_045512.2	4990	C	T	18350	13300	51	5	5	34	0.000271754	18399	0.99868	FALSE	ORF1ab:cds-YP_009724389.1	GAC	D	GAT	D	1575
NC_045512.2	4990	C	T	18350	13300	51	5	5	34	0.000271754	18399	0.99868	FALSE	ORF1ab:cds-YP_009725295.1	GAC	D	GAT	D	1575
NC_045512.2	4990	C	G	18350	13300	51	3	3	34	0.000163052	18399	0.999887	FALSE	ORF1ab:cds-YP_009724389.1	GAC	D	GAG	E	1575
NC_045512.2	4990	C	G	18350	13300	51	3	3	34	0.000163052	18399	0.999887	FALSE	ORF1ab:cds-YP_009725295.1	GAC	D	GAG	E	1575
NC_045512.2	4990	C	A	18350	13300	51	41	41	33	0.00222838	18399	0.00187442	TRUE	ORF1ab:cds-YP_009724389.1	GAC	D	GAA	E	1575
NC_045512.2	4990	C	A	18350	13300	51	41	41	33	0.00222838	18399	0.00187442	TRUE	ORF1ab:cds-YP_009725295.1	GAC	D	GAA	E	1575
NC_045512.2	4991	A	T	17590	12658	51	5	5	32	0.000283447	17640	0.997795	FALSE	ORF1ab:cds-YP_009724389.1	AAC	N	TAC	Y	1576
NC_045512.2	4991	A	T	17590	12658	51	5	5	32	0.000283447	17640	0.997795	FALSE	ORF1ab:cds-YP_009725295.1	AAC	N	TAC	Y	1576
NC_045512.2	4991	A	G	17590	12658	51	13	12	40	0.000736961	17640	0.000902528	TRUE	ORF1ab:cds-YP_009724389.1	AAC	N	GAC	D	1576
NC_045512.2	4991	A	G	17590	12658	51	13	12	40	0.000736961	17640	0.000902528	TRUE	ORF1ab:cds-YP_009725295.1	AAC	N	GAC	D	1576
NC_045512.2	4991	A	C	17590	12658	51	32	32	32	0.00181406	17640	0.0219416	FALSE	ORF1ab:cds-YP_009724389.1	AAC	N	CAC	H	1576
NC_045512.2	4991	A	C	17590	12658	51	32	32	32	0.00181406	17640	0.0219416	FALSE	ORF1ab:cds-YP_009725295.1	AAC	N	CAC	H	1576
NC_045512.2	4992	A	T	9373	7083	49	7	7	34	0.000745553	9389	0.772327	FALSE	ORF1ab:cds-YP_009724389.1	AAC	N	ATC	I	1576
NC_045512.2	4992	A	T	9373	7083	49	7	7	34	0.000745553	9389	0.772327	FALSE	ORF1ab:cds-YP_009725295.1	AAC	N	ATC	I	1576
NC_045512.2	4992	A	G	9373	7083	49	4	3	51	0.00042603	9389	0.0623336	FALSE	ORF1ab:cds-YP_009724389.1	AAC	N	AGC	S	1576
NC_045512.2	4992	A	G	9373	7083	49	4	3	51	0.00042603	9389	0.0623336	FALSE	ORF1ab:cds-YP_009725295.1	AAC	N	AGC	S	1576
NC_045512.2	4992	A	C	9373	7083	49	5	5	32	0.000532538	9389	0.909973	FALSE	ORF1ab:cds-YP_009724389.1	AAC	N	ACC	T	1576
NC_045512.2	4992	A	C	9373	7083	49	5	5	32	0.000532538	9389	0.909973	FALSE	ORF1ab:cds-YP_009725295.1	AAC	N	ACC	T	1576
NC_045512.2	4993	C	T	9340	7065	49	7	6	30	0.000747384	9366	0.771672	FALSE	ORF1ab:cds-YP_009724389.1	AAC	N	AAT	N	1576
NC_045512.2	4993	C	T	9340	7065	49	7	6	30	0.000747384	9366	0.771672	FALSE	ORF1ab:cds-YP_009725295.1	AAC	N	AAT	N	1576
NC_045512.2	4993	C	G	9340	7065	49	2	2	30	0.000213538	9366	0.994086	FALSE	ORF1ab:cds-YP_009724389.1	AAC	N	AAG	K	1576
NC_045512.2	4993	C	G	9340	7065	49	2	2	30	0.000213538	9366	0.994086	FALSE	ORF1ab:cds-YP_009725295.1	AAC	N	AAG	K	1576
NC_045512.2	4993	C	A	9340	7065	49	17	17	33	0.00181508	9366	0.0838333	FALSE	ORF1ab:cds-YP_009724389.1	AAC	N	AAA	K	1576
NC_045512.2	4993	C	A	9340	7065	49	17	17	33	0.00181508	9366	0.0838333	FALSE	ORF1ab:cds-YP_009725295.1	AAC	N	AAA	K	1576
NC_045512.2	4994	A	T	9356	7078	49	3	3	31	0.000319932	9377	0.980596	FALSE	ORF1ab:cds-YP_009724389.1	ATT	I	TTT	F	1577
NC_045512.2	4994	A	T	9356	7078	49	3	3	31	0.000319932	9377	0.980596	FALSE	ORF1ab:cds-YP_009725295.1	ATT	I	TTT	F	1577
NC_045512.2	4994	A	G	9356	7078	49	3	3	34	0.000319932	9377	0.980596	FALSE	ORF1ab:cds-YP_009724389.1	ATT	I	GTT	V	1577
NC_045512.2	4994	A	G	9356	7078	49	3	3	34	0.000319932	9377	0.980596	FALSE	ORF1ab:cds-YP_009725295.1	ATT	I	GTT	V	1577
NC_045512.2	4994	A	C	9356	7078	49	15	15	31	0.00159966	9377	0.153261	FALSE	ORF1ab:cds-YP_009724389.1	ATT	I	CTT	L	1577
NC_045512.2	4994	A	C	9356	7078	49	15	15	31	0.00159966	9377	0.153261	FALSE	ORF1ab:cds-YP_009725295.1	ATT	I	CTT	L	1577
NC_045512.2	4995	T	G	9334	7063	49	2	2	34	0.000213767	9356	0.994097	FALSE	ORF1ab:cds-YP_009724389.1	ATT	I	AGT	S	1577
NC_045512.2	4995	T	G	9334	7063	49	2	2	34	0.000213767	9356	0.994097	FALSE	ORF1ab:cds-YP_009725295.1	ATT	I	AGT	S	1577
NC_045512.2	4995	T	C	9334	7063	49	2	2	34	0.000213767	9356	0.994097	FALSE	ORF1ab:cds-YP_009724389.1	ATT	I	ACT	T	1577
NC_045512.2	4995	T	C	9334	7063	49	2	2	34	0.000213767	9356	0.994097	FALSE	ORF1ab:cds-YP_009725295.1	ATT	I	ACT	T	1577
NC_045512.2	4995	T	A	9334	7063	49	18	18	34	0.0019239	9356	0.060804	FALSE	ORF1ab:cds-YP_009724389.1	ATT	I	AAT	N	1577
NC_045512.2	4995	T	A	9334	7063	49	18	18	34	0.0019239	9356	0.060804	FALSE	ORF1ab:cds-YP_009725295.1	ATT	I	AAT	N	1577
NC_045512.2	4996	T	G	9333	7082	48	1	1	34	0.000107032	9343	0.999022	FALSE	ORF1ab:cds-YP_009724389.1	ATT	I	ATG	M	1577
NC_045512.2	4996	T	G	9333	7082	48	1	1	34	0.000107032	9343	0.999022	FALSE	ORF1ab:cds-YP_009725295.1	ATT	I	ATG	M	1577
NC_045512.2	4996	T	C	9333	7082	48	3	3	34	0.000321096	9343	0.980691	FALSE	ORF1ab:cds-YP_009724389.1	ATT	I	ATC	I	1577
NC_045512.2	4996	T	C	9333	7082	48	3	3	34	0.000321096	9343	0.980691	FALSE	ORF1ab:cds-YP_009725295.1	ATT	I	ATC	I	1577
NC_045512.2	4996	T	A	9333	7082	48	6	6	31	0.000642192	9343	0.849072	FALSE	ORF1ab:cds-YP_009724389.1	ATT	I	ATA	I	1577
NC_045512.2	4996	T	A	9333	7082	48	6	6	31	0.000642192	9343	0.849072	FALSE	ORF1ab:cds-YP_009725295.1	ATT	I	ATA	I	1577
NC_045512.2	4997	A	T	9328	7108	48	17	17	32	0.0018176	9353	0.0838748	FALSE	ORF1ab:cds-YP_009724389.1	AAC	N	TAC	Y	1578
NC_045512.2	4997	A	T	9328	7108	48	17	17	32	0.0018176	9353	0.0838748	FALSE	ORF1ab:cds-YP_009725295.1	AAC	N	TAC	Y	1578
NC_045512.2	4997	A	G	9328	7108	48	4	4	32	0.00042767	9353	0.953539	FALSE	ORF1ab:cds-YP_009724389.1	AAC	N	GAC	D	1578
NC_045512.2	4997	A	G	9328	7108	48	4	4	32	0.00042767	9353	0.953539	FALSE	ORF1ab:cds-YP_009725295.1	AAC	N	GAC	D	1578
NC_045512.2	4997	A	C	9328	7108	48	4	4	32	0.00042767	9353	0.953539	FALSE	ORF1ab:cds-YP_009724389.1	AAC	N	CAC	H	1578
NC_045512.2	4997	A	C	9328	7108	48	4	4	32	0.00042767	9353	0.953539	FALSE	ORF1ab:cds-YP_009725295.1	AAC	N	CAC	H	1578
NC_045512.2	4998	A	T	9360	7144	48	7	7	30	0.000746985	9371	0.772653	FALSE	ORF1ab:cds-YP_009724389.1	AAC	N	ATC	I	1578
NC_045512.2	4998	A	T	9360	7144	48	7	7	30	0.000746985	9371	0.772653	FALSE	ORF1ab:cds-YP_009725295.1	AAC	N	ATC	I	1578
NC_045512.2	4998	A	G	9360	7144	48	2	2	34	0.000213424	9371	0.994129	FALSE	ORF1ab:cds-YP_009724389.1	AAC	N	AGC	S	1578
NC_045512.2	4998	A	G	9360	7144	48	2	2	34	0.000213424	9371	0.994129	FALSE	ORF1ab:cds-YP_009725295.1	AAC	N	AGC	S	1578
NC_045512.2	4998	A	C	9360	7144	48	2	2	34	0.000213424	9371	0.994129	FALSE	ORF1ab:cds-YP_009724389.1	AAC	N	ACC	T	1578
NC_045512.2	4998	A	C	9360	7144	48	2	2	34	0.000213424	9371	0.994129	FALSE	ORF1ab:cds-YP_009725295.1	AAC	N	ACC	T	1578
NC_045512.2	4999	C	T	9335	7129	48	7	7	31	0.000748023	9358	0.771867	FALSE	ORF1ab:cds-YP_009724389.1	AAC	N	AAT	N	1578
NC_045512.2	4999	C	T	9335	7129	48	7	7	31	0.000748023	9358	0.771867	FALSE	ORF1ab:cds-YP_009725295.1	AAC	N	AAT	N	1578
NC_045512.2	4999	C	G	9335	7129	48	2	2	34	0.000213721	9358	0.994094	FALSE	ORF1ab:cds-YP_009724389.1	AAC	N	AAG	K	1578
NC_045512.2	4999	C	G	9335	7129	48	2	2	34	0.000213721	9358	0.994094	FALSE	ORF1ab:cds-YP_009725295.1	AAC	N	AAG	K	1578
NC_045512.2	4999	C	A	9335	7129	48	14	14	32	0.00149605	9358	0.201708	FALSE	ORF1ab:cds-YP_009724389.1	AAC	N	AAA	K	1578
NC_045512.2	4999	C	A	9335	7129	48	14	14	32	0.00149605	9358	0.201708	FALSE	ORF1ab:cds-YP_009725295.1	AAC	N	AAA	K	1578
NC_045512.2	5000	C	T	9351	7147	48	6	6	32	0.000640683	9365	0.848876	FALSE	ORF1ab:cds-YP_009724389.1	CTC	L	TTC	F	1579
NC_045512.2	5000	C	T	9351	7147	48	6	6	32	0.000640683	9365	0.848876	FALSE	ORF1ab:cds-YP_009725295.1	CTC	L	TTC	F	1579
NC_045512.2	5000	C	A	9351	7147	48	8	8	33	0.000854245	9365	0.685153	FALSE	ORF1ab:cds-YP_009724389.1	CTC	L	ATC	I	1579
NC_045512.2	5000	C	A	9351	7147	48	8	8	33	0.000854245	9365	0.685153	FALSE	ORF1ab:cds-YP_009725295.1	CTC	L	ATC	I	1579
NC_045512.2	5001	T	G	9346	7143	48	5	5	31	0.000533789	9367	0.909808	FALSE	ORF1ab:cds-YP_009724389.1	CTC	L	CGC	R	1579
NC_045512.2	5001	T	G	9346	7143	48	5	5	31	0.000533789	9367	0.909808	FALSE	ORF1ab:cds-YP_009725295.1	CTC	L	CGC	R	1579
NC_045512.2	5001	T	C	9346	7143	48	13	13	32	0.00138785	9367	0.261034	FALSE	ORF1ab:cds-YP_009724389.1	CTC	L	CCC	P	1579
NC_045512.2	5001	T	C	9346	7143	48	13	13	32	0.00138785	9367	0.261034	FALSE	ORF1ab:cds-YP_009725295.1	CTC	L	CCC	P	1579
NC_045512.2	5001	T	A	9346	7143	48	3	2	31	0.000320273	9367	0.980596	FALSE	ORF1ab:cds-YP_009724389.1	CTC	L	CAC	H	1579
NC_045512.2	5001	T	A	9346	7143	48	3	2	31	0.000320273	9367	0.980596	FALSE	ORF1ab:cds-YP_009725295.1	CTC	L	CAC	H	1579
NC_045512.2	5002	C	T	9340	7127	48	15	15	33	0.00160205	9363	0.153135	FALSE	ORF1ab:cds-YP_009724389.1	CTC	L	CTT	L	1579
NC_045512.2	5002	C	T	9340	7127	48	15	15	33	0.00160205	9363	0.153135	FALSE	ORF1ab:cds-YP_009725295.1	CTC	L	CTT	L	1579
NC_045512.2	5002	C	G	9340	7127	48	4	4	32	0.000427213	9363	0.953577	FALSE	ORF1ab:cds-YP_009724389.1	CTC	L	CTG	L	1579
NC_045512.2	5002	C	G	9340	7127	48	4	4	32	0.000427213	9363	0.953577	FALSE	ORF1ab:cds-YP_009725295.1	CTC	L	CTG	L	1579
NC_045512.2	5002	C	A	9340	7127	48	4	4	34	0.000427213	9363	0.953577	FALSE	ORF1ab:cds-YP_009724389.1	CTC	L	CTA	L	1579
NC_045512.2	5002	C	A	9340	7127	48	4	4	34	0.000427213	9363	0.953577	FALSE	ORF1ab:cds-YP_009725295.1	CTC	L	CTA	L	1579
NC_045512.2	5003	C	T	9355	7154	48	6	6	34	0.000640478	9368	0.848925	FALSE	ORF1ab:cds-YP_009724389.1	CAC	H	TAC	Y	1580
NC_045512.2	5003	C	T	9355	7154	48	6	6	34	0.000640478	9368	0.848925	FALSE	ORF1ab:cds-YP_009725295.1	CAC	H	TAC	Y	1580
NC_045512.2	5003	C	A	9355	7154	48	7	7	32	0.000747225	9368	0.772522	FALSE	ORF1ab:cds-YP_009724389.1	CAC	H	AAC	N	1580
NC_045512.2	5003	C	A	9355	7154	48	7	7	32	0.000747225	9368	0.772522	FALSE	ORF1ab:cds-YP_009725295.1	CAC	H	AAC	N	1580
NC_045512.2	5004	A	T	9341	7130	48	5	5	32	0.000533846	9366	0.909677	FALSE	ORF1ab:cds-YP_009724389.1	CAC	H	CTC	L	1580
NC_045512.2	5004	A	T	9341	7130	48	5	5	32	0.000533846	9366	0.909677	FALSE	ORF1ab:cds-YP_009725295.1	CAC	H	CTC	L	1580
NC_045512.2	5004	A	G	9341	7130	48	6	6	32	0.000640615	9366	0.848336	FALSE	ORF1ab:cds-YP_009724389.1	CAC	H	CGC	R	1580
NC_045512.2	5004	A	G	9341	7130	48	6	6	32	0.000640615	9366	0.848336	FALSE	ORF1ab:cds-YP_009725295.1	CAC	H	CGC	R	1580
NC_045512.2	5004	A	C	9341	7130	48	14	14	32	0.00149477	9366	0.201563	FALSE	ORF1ab:cds-YP_009724389.1	CAC	H	CCC	P	1580
NC_045512.2	5004	A	C	9341	7130	48	14	14	32	0.00149477	9366	0.201563	FALSE	ORF1ab:cds-YP_009725295.1	CAC	H	CCC	P	1580
NC_045512.2	5005	C	T	9347	7140	48	5	4	40	0.000533618	9370	0.0310917	FALSE	ORF1ab:cds-YP_009724389.1	CAC	H	CAT	H	1580
NC_045512.2	5005	C	T	9347	7140	48	5	4	40	0.000533618	9370	0.0310917	FALSE	ORF1ab:cds-YP_009725295.1	CAC	H	CAT	H	1580
NC_045512.2	5005	C	G	9347	7140	48	1	1	34	0.000106724	9370	0.999015	FALSE	ORF1ab:cds-YP_009724389.1	CAC	H	CAG	Q	1580
NC_045512.2	5005	C	G	9347	7140	48	1	1	34	0.000106724	9370	0.999015	FALSE	ORF1ab:cds-YP_009725295.1	CAC	H	CAG	Q	1580
NC_045512.2	5005	C	A	9347	7140	48	17	17	34	0.0018143	9370	0.0839599	FALSE	ORF1ab:cds-YP_009724389.1	CAC	H	CAA	Q	1580
NC_045512.2	5005	C	A	9347	7140	48	17	17	34	0.0018143	9370	0.0839599	FALSE	ORF1ab:cds-YP_009725295.1	CAC	H	CAA	Q	1580
NC_045512.2	5006	A	T	9339	7137	48	2	2	34	0.000213607	9363	0.994092	FALSE	ORF1ab:cds-YP_009724389.1	ACG	T	TCG	S	1581
NC_045512.2	5006	A	T	9339	7137	48	2	2	34	0.000213607	9363	0.994092	FALSE	ORF1ab:cds-YP_009725295.1	ACG	T	TCG	S	1581
NC_045512.2	5006	A	G	9339	7137	48	6	6	34	0.00064082	9363	0.848385	FALSE	ORF1ab:cds-YP_009724389.1	ACG	T	GCG	A	1581
NC_045512.2	5006	A	G	9339	7137	48	6	6	34	0.00064082	9363	0.848385	FALSE	ORF1ab:cds-YP_009725295.1	ACG	T	GCG	A	1581
NC_045512.2	5006	A	C	9339	7137	48	16	16	33	0.00170885	9363	0.114241	FALSE	ORF1ab:cds-YP_009724389.1	ACG	T	CCG	P	1581
NC_045512.2	5006	A	C	9339	7137	48	16	16	33	0.00170885	9363	0.114241	FALSE	ORF1ab:cds-YP_009725295.1	ACG	T	CCG	P	1581
NC_045512.2	5007	C	T	9330	7135	48	3	3	34	0.000320753	9353	0.980579	FALSE	ORF1ab:cds-YP_009724389.1	ACG	T	ATG	M	1581
NC_045512.2	5007	C	T	9330	7135	48	3	3	34	0.000320753	9353	0.980579	FALSE	ORF1ab:cds-YP_009725295.1	ACG	T	ATG	M	1581
NC_045512.2	5007	C	A	9330	7135	48	20	20	33	0.00213835	9353	0.0305746	FALSE	ORF1ab:cds-YP_009724389.1	ACG	T	AAG	K	1581
NC_045512.2	5007	C	A	9330	7135	48	20	20	33	0.00213835	9353	0.0305746	FALSE	ORF1ab:cds-YP_009725295.1	ACG	T	AAG	K	1581
NC_045512.2	5008	G	T	9267	7096	48	3	3	28	0.000322928	9290	1	FALSE	ORF1ab:cds-YP_009724389.1	ACG	T	ACT	T	1581
NC_045512.2	5008	G	T	9267	7096	48	3	3	28	0.000322928	9290	1	FALSE	ORF1ab:cds-YP_009725295.1	ACG	T	ACT	T	1581
NC_045512.2	5008	G	C	9267	7096	48	17	16	30	0.00182992	9290	0.0839568	FALSE	ORF1ab:cds-YP_009724389.1	ACG	T	ACC	T	1581
NC_045512.2	5008	G	C	9267	7096	48	17	16	30	0.00182992	9290	0.0839568	FALSE	ORF1ab:cds-YP_009725295.1	ACG	T	ACC	T	1581
NC_045512.2	5008	G	A	9267	7096	48	3	3	34	0.000322928	9290	0.980578	FALSE	ORF1ab:cds-YP_009724389.1	ACG	T	ACA	T	1581
NC_045512.2	5008	G	A	9267	7096	48	3	3	34	0.000322928	9290	0.980578	FALSE	ORF1ab:cds-YP_009725295.1	ACG	T	ACA	T	1581
NC_045512.2	5009	C	T	9321	7139	48	3	3	34	0.000321062	9344	0.980579	FALSE	ORF1ab:cds-YP_009724389.1	CAA	Q	TAA	*	1582
NC_045512.2	5009	C	T	9321	7139	48	3	3	34	0.000321062	9344	0.980579	FALSE	ORF1ab:cds-YP_009725295.1	CAA	Q	TAA	*	1582
NC_045512.2	5009	C	G	9321	7139	48	16	16	32	0.00171233	9344	0.114292	FALSE	ORF1ab:cds-YP_009724389.1	CAA	Q	GAA	E	1582
NC_045512.2	5009	C	G	9321	7139	48	16	16	32	0.00171233	9344	0.114292	FALSE	ORF1ab:cds-YP_009725295.1	CAA	Q	GAA	E	1582
NC_045512.2	5009	C	A	9321	7139	48	4	4	34	0.000428082	9344	0.953576	FALSE	ORF1ab:cds-YP_009724389.1	CAA	Q	AAA	K	1582
NC_045512.2	5009	C	A	9321	7139	48	4	4	34	0.000428082	9344	0.953576	FALSE	ORF1ab:cds-YP_009725295.1	CAA	Q	AAA	K	1582
NC_045512.2	5010	A	T	9303	7131	47	6	6	32	0.000643363	9326	0.848431	FALSE	ORF1ab:cds-YP_009724389.1	CAA	Q	CTA	L	1582
NC_045512.2	5010	A	T	9303	7131	47	6	6	32	0.000643363	9326	0.848431	FALSE	ORF1ab:cds-YP_009725295.1	CAA	Q	CTA	L	1582
NC_045512.2	5010	A	G	9303	7131	47	3	3	34	0.000321681	9326	0.980578	FALSE	ORF1ab:cds-YP_009724389.1	CAA	Q	CGA	R	1582
NC_045512.2	5010	A	G	9303	7131	47	3	3	34	0.000321681	9326	0.980578	FALSE	ORF1ab:cds-YP_009725295.1	CAA	Q	CGA	R	1582
NC_045512.2	5010	A	C	9303	7131	47	14	14	33	0.00150118	9326	0.201705	FALSE	ORF1ab:cds-YP_009724389.1	CAA	Q	CCA	P	1582
NC_045512.2	5010	A	C	9303	7131	47	14	14	33	0.00150118	9326	0.201705	FALSE	ORF1ab:cds-YP_009725295.1	CAA	Q	CCA	P	1582
NC_045512.2	5011	A	T	9296	7125	47	2	2	30	0.000214915	9306	0.994132	FALSE	ORF1ab:cds-YP_009724389.1	CAA	Q	CAT	H	1582
NC_045512.2	5011	A	T	9296	7125	47	2	2	30	0.000214915	9306	0.994132	FALSE	ORF1ab:cds-YP_009725295.1	CAA	Q	CAT	H	1582
NC_045512.2	5011	A	G	9296	7125	47	5	5	32	0.000537288	9306	0.910168	FALSE	ORF1ab:cds-YP_009724389.1	CAA	Q	CAG	Q	1582
NC_045512.2	5011	A	G	9296	7125	47	5	5	32	0.000537288	9306	0.910168	FALSE	ORF1ab:cds-YP_009725295.1	CAA	Q	CAG	Q	1582
NC_045512.2	5011	A	C	9296	7125	47	3	3	34	0.000322373	9306	0.980691	FALSE	ORF1ab:cds-YP_009724389.1	CAA	Q	CAC	H	1582
NC_045512.2	5011	A	C	9296	7125	47	3	3	34	0.000322373	9306	0.980691	FALSE	ORF1ab:cds-YP_009725295.1	CAA	Q	CAC	H	1582
NC_045512.2	5012	G	T	9333	7159	48	5	5	32	0.000534531	9354	0.909808	FALSE	ORF1ab:cds-YP_009724389.1	GTT	V	TTT	F	1583
NC_045512.2	5012	G	T	9333	7159	48	5	5	32	0.000534531	9354	0.909808	FALSE	ORF1ab:cds-YP_009725295.1	GTT	V	TTT	F	1583
NC_045512.2	5012	G	C	9333	7159	48	2	2	30	0.000213812	9354	0.9941	FALSE	ORF1ab:cds-YP_009724389.1	GTT	V	CTT	L	1583
NC_045512.2	5012	G	C	9333	7159	48	2	2	30	0.000213812	9354	0.9941	FALSE	ORF1ab:cds-YP_009725295.1	GTT	V	CTT	L	1583
NC_045512.2	5012	G	A	9333	7159	48	14	14	32	0.00149669	9354	0.201853	FALSE	ORF1ab:cds-YP_009724389.1	GTT	V	ATT	I	1583
NC_045512.2	5012	G	A	9333	7159	48	14	14	32	0.00149669	9354	0.201853	FALSE	ORF1ab:cds-YP_009725295.1	GTT	V	ATT	I	1583
NC_045512.2	5013	T	G	9328	7161	48	15	15	34	0.00160428	9350	0.153197	FALSE	ORF1ab:cds-YP_009724389.1	GTT	V	GGT	G	1583
NC_045512.2	5013	T	G	9328	7161	48	15	15	34	0.00160428	9350	0.153197	FALSE	ORF1ab:cds-YP_009725295.1	GTT	V	GGT	G	1583
NC_045512.2	5013	T	A	9328	7161	48	7	7	34	0.000748663	9350	0.771932	FALSE	ORF1ab:cds-YP_009724389.1	GTT	V	GAT	D	1583
NC_045512.2	5013	T	A	9328	7161	48	7	7	34	0.000748663	9350	0.771932	FALSE	ORF1ab:cds-YP_009725295.1	GTT	V	GAT	D	1583
NC_045512.2	5014	T	G	9339	7170	48	8	8	33	0.000855341	9353	0.685153	FALSE	ORF1ab:cds-YP_009724389.1	GTT	V	GTG	V	1583
NC_045512.2	5014	T	G	9339	7170	48	8	8	33	0.000855341	9353	0.685153	FALSE	ORF1ab:cds-YP_009725295.1	GTT	V	GTG	V	1583
NC_045512.2	5014	T	C	9339	7170	48	1	1	34	0.000106918	9353	0.99902	FALSE	ORF1ab:cds-YP_009724389.1	GTT	V	GTC	V	1583
NC_045512.2	5014	T	C	9339	7170	48	1	1	34	0.000106918	9353	0.99902	FALSE	ORF1ab:cds-YP_009725295.1	GTT	V	GTC	V	1583
NC_045512.2	5014	T	A	9339	7170	48	5	5	34	0.000534588	9353	0.910037	FALSE	ORF1ab:cds-YP_009724389.1	GTT	V	GTA	V	1583
NC_045512.2	5014	T	A	9339	7170	48	5	5	34	0.000534588	9353	0.910037	FALSE	ORF1ab:cds-YP_009725295.1	GTT	V	GTA	V	1583
NC_045512.2	5015	G	T	9336	7163	48	15	15	32	0.00160291	9358	0.153197	FALSE	ORF1ab:cds-YP_009724389.1	GTG	V	TTG	L	1584
NC_045512.2	5015	G	T	9336	7163	48	15	15	32	0.00160291	9358	0.153197	FALSE	ORF1ab:cds-YP_009725295.1	GTG	V	TTG	L	1584
NC_045512.2	5015	G	C	9336	7163	48	1	1	34	0.00010686	9358	0.999015	FALSE	ORF1ab:cds-YP_009724389.1	GTG	V	CTG	L	1584
NC_045512.2	5015	G	C	9336	7163	48	1	1	34	0.00010686	9358	0.999015	FALSE	ORF1ab:cds-YP_009725295.1	GTG	V	CTG	L	1584
NC_045512.2	5015	G	A	9336	7163	48	6	6	32	0.000641163	9358	0.848483	FALSE	ORF1ab:cds-YP_009724389.1	GTG	V	ATG	M	1584
NC_045512.2	5015	G	A	9336	7163	48	6	6	32	0.000641163	9358	0.848483	FALSE	ORF1ab:cds-YP_009725295.1	GTG	V	ATG	M	1584
NC_045512.2	5016	T	G	9320	7144	48	17	16	32	0.00181877	9347	0.08379	FALSE	ORF1ab:cds-YP_009724389.1	GTG	V	GGG	G	1584
NC_045512.2	5016	T	G	9320	7144	48	17	16	32	0.00181877	9347	0.08379	FALSE	ORF1ab:cds-YP_009725295.1	GTG	V	GGG	G	1584
NC_045512.2	5016	T	C	9320	7144	48	7	7	34	0.000748903	9347	0.771604	FALSE	ORF1ab:cds-YP_009724389.1	GTG	V	GCG	A	1584
NC_045512.2	5016	T	C	9320	7144	48	7	7	34	0.000748903	9347	0.771604	FALSE	ORF1ab:cds-YP_009725295.1	GTG	V	GCG	A	1584
NC_045512.2	5016	T	A	9320	7144	48	3	3	34	0.000320959	9347	0.980544	FALSE	ORF1ab:cds-YP_009724389.1	GTG	V	GAG	E	1584
NC_045512.2	5016	T	A	9320	7144	48	3	3	34	0.000320959	9347	0.980544	FALSE	ORF1ab:cds-YP_009725295.1	GTG	V	GAG	E	1584
NC_045512.2	5017	G	T	9305	7135	48	18	18	33	0.00192988	9327	0.0608033	FALSE	ORF1ab:cds-YP_009724389.1	GTG	V	GTT	V	1584
NC_045512.2	5017	G	T	9305	7135	48	18	18	33	0.00192988	9327	0.0608033	FALSE	ORF1ab:cds-YP_009725295.1	GTG	V	GTT	V	1584
NC_045512.2	5017	G	A	9305	7135	48	4	4	34	0.000428862	9327	0.953594	FALSE	ORF1ab:cds-YP_009724389.1	GTG	V	GTA	V	1584
NC_045512.2	5017	G	A	9305	7135	48	4	4	34	0.000428862	9327	0.953594	FALSE	ORF1ab:cds-YP_009725295.1	GTG	V	GTA	V	1584
NC_045512.2	5018	G	T	9314	7144	48	4	4	34	0.000428908	9326	0.953782	FALSE	ORF1ab:cds-YP_009724389.1	GAC	D	TAC	Y	1585
NC_045512.2	5018	G	T	9314	7144	48	4	4	34	0.000428908	9326	0.953782	FALSE	ORF1ab:cds-YP_009725295.1	GAC	D	TAC	Y	1585
NC_045512.2	5018	G	C	9314	7144	48	1	1	68	0.000107227	9326	0.499732	FALSE	ORF1ab:cds-YP_009724389.1	GAC	D	CAC	H	1585
NC_045512.2	5018	G	C	9314	7144	48	1	1	68	0.000107227	9326	0.499732	FALSE	ORF1ab:cds-YP_009725295.1	GAC	D	CAC	H	1585
NC_045512.2	5018	G	A	9314	7144	48	7	7	32	0.00075059	9326	0.772587	FALSE	ORF1ab:cds-YP_009724389.1	GAC	D	AAC	N	1585
NC_045512.2	5018	G	A	9314	7144	48	7	7	32	0.00075059	9326	0.772587	FALSE	ORF1ab:cds-YP_009725295.1	GAC	D	AAC	N	1585
NC_045512.2	5019	A	T	9272	7098	48	4	4	30	0.000430246	9297	0.953537	FALSE	ORF1ab:cds-YP_009724389.1	GAC	D	GTC	V	1585
NC_045512.2	5019	A	T	9272	7098	48	4	4	30	0.000430246	9297	0.953537	FALSE	ORF1ab:cds-YP_009725295.1	GAC	D	GTC	V	1585
NC_045512.2	5019	A	G	9272	7098	48	20	20	34	0.00215123	9297	0.0305338	FALSE	ORF1ab:cds-YP_009724389.1	GAC	D	GGC	G	1585
NC_045512.2	5019	A	G	9272	7098	48	20	20	34	0.00215123	9297	0.0305338	FALSE	ORF1ab:cds-YP_009725295.1	GAC	D	GGC	G	1585
NC_045512.2	5019	A	C	9272	7098	48	1	1	34	0.000107562	9297	0.999014	FALSE	ORF1ab:cds-YP_009724389.1	GAC	D	GCC	A	1585
NC_045512.2	5019	A	C	9272	7098	48	1	1	34	0.000107562	9297	0.999014	FALSE	ORF1ab:cds-YP_009725295.1	GAC	D	GCC	A	1585
NC_045512.2	5020	C	T	9295	7128	48	6	6	32	0.000643639	9322	0.848233	FALSE	ORF1ab:cds-YP_009724389.1	GAC	D	GAT	D	1585
NC_045512.2	5020	C	T	9295	7128	48	6	6	32	0.000643639	9322	0.848233	FALSE	ORF1ab:cds-YP_009725295.1	GAC	D	GAT	D	1585
NC_045512.2	5020	C	G	9295	7128	48	3	3	34	0.000321819	9322	0.980543	FALSE	ORF1ab:cds-YP_009724389.1	GAC	D	GAG	E	1585
NC_045512.2	5020	C	G	9295	7128	48	3	3	34	0.000321819	9322	0.980543	FALSE	ORF1ab:cds-YP_009725295.1	GAC	D	GAG	E	1585
NC_045512.2	5020	C	A	9295	7128	48	18	18	34	0.00193092	9322	0.060635	FALSE	ORF1ab:cds-YP_009724389.1	GAC	D	GAA	E	1585
NC_045512.2	5020	C	A	9295	7128	48	18	18	34	0.00193092	9322	0.060635	FALSE	ORF1ab:cds-YP_009725295.1	GAC	D	GAA	E	1585
NC_045512.2	5021	A	T	9301	7133	48	2	2	34	0.000214523	9323	0.994097	FALSE	ORF1ab:cds-YP_009724389.1	ATG	M	TTG	L	1586
NC_045512.2	5021	A	T	9301	7133	48	2	2	34	0.000214523	9323	0.994097	FALSE	ORF1ab:cds-YP_009725295.1	ATG	M	TTG	L	1586
NC_045512.2	5021	A	G	9301	7133	48	8	8	32	0.000858093	9323	0.684514	FALSE	ORF1ab:cds-YP_009724389.1	ATG	M	GTG	V	1586
NC_045512.2	5021	A	G	9301	7133	48	8	8	32	0.000858093	9323	0.684514	FALSE	ORF1ab:cds-YP_009725295.1	ATG	M	GTG	V	1586
NC_045512.2	5021	A	C	9301	7133	48	12	12	32	0.00128714	9323	0.330909	FALSE	ORF1ab:cds-YP_009724389.1	ATG	M	CTG	L	1586
NC_045512.2	5021	A	C	9301	7133	48	12	12	32	0.00128714	9323	0.330909	FALSE	ORF1ab:cds-YP_009725295.1	ATG	M	CTG	L	1586
NC_045512.2	5022	T	G	9296	7135	48	2	2	34	0.000214523	9323	0.994083	FALSE	ORF1ab:cds-YP_009724389.1	ATG	M	AGG	R	1586
NC_045512.2	5022	T	G	9296	7135	48	2	2	34	0.000214523	9323	0.994083	FALSE	ORF1ab:cds-YP_009725295.1	ATG	M	AGG	R	1586
NC_045512.2	5022	T	C	9296	7135	48	6	3	48	0.00064357	9323	0.0155121	FALSE	ORF1ab:cds-YP_009724389.1	ATG	M	ACG	T	1586
NC_045512.2	5022	T	C	9296	7135	48	6	3	48	0.00064357	9323	0.0155121	FALSE	ORF1ab:cds-YP_009725295.1	ATG	M	ACG	T	1586
NC_045512.2	5022	T	A	9296	7135	48	19	19	33	0.00203797	9323	0.0432782	FALSE	ORF1ab:cds-YP_009724389.1	ATG	M	AAG	K	1586
NC_045512.2	5022	T	A	9296	7135	48	19	19	33	0.00203797	9323	0.0432782	FALSE	ORF1ab:cds-YP_009725295.1	ATG	M	AAG	K	1586
NC_045512.2	5023	G	T	9325	7162	48	13	13	34	0.00139112	9345	0.261115	FALSE	ORF1ab:cds-YP_009724389.1	ATG	M	ATT	I	1586
NC_045512.2	5023	G	T	9325	7162	48	13	13	34	0.00139112	9345	0.261115	FALSE	ORF1ab:cds-YP_009725295.1	ATG	M	ATT	I	1586
NC_045512.2	5023	G	C	9325	7162	48	2	2	30	0.000214018	9345	0.994103	FALSE	ORF1ab:cds-YP_009724389.1	ATG	M	ATC	I	1586
NC_045512.2	5023	G	C	9325	7162	48	2	2	30	0.000214018	9345	0.994103	FALSE	ORF1ab:cds-YP_009725295.1	ATG	M	ATC	I	1586
NC_045512.2	5023	G	A	9325	7162	48	5	5	34	0.000535045	9345	0.90984	FALSE	ORF1ab:cds-YP_009724389.1	ATG	M	ATA	I	1586
NC_045512.2	5023	G	A	9325	7162	48	5	5	34	0.000535045	9345	0.90984	FALSE	ORF1ab:cds-YP_009725295.1	ATG	M	ATA	I	1586
NC_045512.2	5024	T	G	9103	7004	48	18	18	33	0.00197174	9129	0.0606608	FALSE	ORF1ab:cds-YP_009724389.1	TCA	S	GCA	A	1587
NC_045512.2	5024	T	G	9103	7004	48	18	18	33	0.00197174	9129	0.0606608	FALSE	ORF1ab:cds-YP_009725295.1	TCA	S	GCA	A	1587
NC_045512.2	5024	T	C	9103	7004	48	3	3	31	0.000328623	9129	0.980549	FALSE	ORF1ab:cds-YP_009724389.1	TCA	S	CCA	P	1587
NC_045512.2	5024	T	C	9103	7004	48	3	3	31	0.000328623	9129	0.980549	FALSE	ORF1ab:cds-YP_009725295.1	TCA	S	CCA	P	1587
NC_045512.2	5024	T	A	9103	7004	48	5	5	32	0.000547705	9129	0.909629	FALSE	ORF1ab:cds-YP_009724389.1	TCA	S	ACA	T	1587
NC_045512.2	5024	T	A	9103	7004	48	5	5	32	0.000547705	9129	0.909629	FALSE	ORF1ab:cds-YP_009725295.1	TCA	S	ACA	T	1587
NC_045512.2	5025	C	T	9108	7032	48	18	18	33	0.00197109	9132	0.0607295	FALSE	ORF1ab:cds-YP_009724389.1	TCA	S	TTA	L	1587
NC_045512.2	5025	C	T	9108	7032	48	18	18	33	0.00197109	9132	0.0607295	FALSE	ORF1ab:cds-YP_009725295.1	TCA	S	TTA	L	1587
NC_045512.2	5025	C	G	9108	7032	48	1	1	34	0.000109505	9132	0.999014	FALSE	ORF1ab:cds-YP_009724389.1	TCA	S	TGA	*	1587
NC_045512.2	5025	C	G	9108	7032	48	1	1	34	0.000109505	9132	0.999014	FALSE	ORF1ab:cds-YP_009725295.1	TCA	S	TGA	*	1587
NC_045512.2	5025	C	A	9108	7032	48	5	5	32	0.000547525	9132	0.909697	FALSE	ORF1ab:cds-YP_009724389.1	TCA	S	TAA	*	1587
NC_045512.2	5025	C	A	9108	7032	48	5	5	32	0.000547525	9132	0.909697	FALSE	ORF1ab:cds-YP_009725295.1	TCA	S	TAA	*	1587
NC_045512.2	5026	A	T	8882	6849	48	2	2	34	0.000224593	8905	0.989176	FALSE	ORF1ab:cds-YP_009724389.1	TCA	S	TCT	S	1587
NC_045512.2	5026	A	T	8882	6849	48	2	2	34	0.000224593	8905	0.989176	FALSE	ORF1ab:cds-YP_009725295.1	TCA	S	TCT	S	1587
NC_045512.2	5026	A	G	8882	6849	48	6	6	34	0.000673779	8905	0.787127	FALSE	ORF1ab:cds-YP_009724389.1	TCA	S	TCG	S	1587
NC_045512.2	5026	A	G	8882	6849	48	6	6	34	0.000673779	8905	0.787127	FALSE	ORF1ab:cds-YP_009725295.1	TCA	S	TCG	S	1587
NC_045512.2	5026	A	C	8882	6849	48	15	15	32	0.00168445	8905	0.104528	FALSE	ORF1ab:cds-YP_009724389.1	TCA	S	TCC	S	1587
NC_045512.2	5026	A	C	8882	6849	48	15	15	32	0.00168445	8905	0.104528	FALSE	ORF1ab:cds-YP_009725295.1	TCA	S	TCC	S	1587
NC_045512.2	5027	A	T	8871	6891	45	7	7	34	0.000788111	8882	0.696226	FALSE	ORF1ab:cds-YP_009724389.1	ATG	M	TTG	L	1588
NC_045512.2	5027	A	T	8871	6891	45	7	7	34	0.000788111	8882	0.696226	FALSE	ORF1ab:cds-YP_009725295.1	ATG	M	TTG	L	1588
NC_045512.2	5027	A	G	8871	6891	45	2	2	34	0.000225175	8882	0.989236	FALSE	ORF1ab:cds-YP_009724389.1	ATG	M	GTG	V	1588
NC_045512.2	5027	A	G	8871	6891	45	2	2	34	0.000225175	8882	0.989236	FALSE	ORF1ab:cds-YP_009725295.1	ATG	M	GTG	V	1588
NC_045512.2	5027	A	C	8871	6891	45	2	2	34	0.000225175	8882	0.989236	FALSE	ORF1ab:cds-YP_009724389.1	ATG	M	CTG	L	1588
NC_045512.2	5027	A	C	8871	6891	45	2	2	34	0.000225175	8882	0.989236	FALSE	ORF1ab:cds-YP_009725295.1	ATG	M	CTG	L	1588
NC_045512.2	5028	T	G	8889	6887	47	3	3	31	0.0003367	8910	0.967095	FALSE	ORF1ab:cds-YP_009724389.1	ATG	M	AGG	R	1588
NC_045512.2	5028	T	G	8889	6887	47	3	3	31	0.0003367	8910	0.967095	FALSE	ORF1ab:cds-YP_009725295.1	ATG	M	AGG	R	1588
NC_045512.2	5028	T	C	8889	6887	47	1	1	27	0.000112233	8910	1	FALSE	ORF1ab:cds-YP_009724389.1	ATG	M	ACG	T	1588
NC_045512.2	5028	T	C	8889	6887	47	1	1	27	0.000112233	8910	1	FALSE	ORF1ab:cds-YP_009725295.1	ATG	M	ACG	T	1588
NC_045512.2	5028	T	A	8889	6887	47	17	17	32	0.00190797	8910	0.0536609	FALSE	ORF1ab:cds-YP_009724389.1	ATG	M	AAG	K	1588
NC_045512.2	5028	T	A	8889	6887	47	17	17	32	0.00190797	8910	0.0536609	FALSE	ORF1ab:cds-YP_009725295.1	ATG	M	AAG	K	1588
NC_045512.2	5029	G	T	8758	7069	45	16	16	33	0.00182232	8780	0.0754555	FALSE	ORF1ab:cds-YP_009724389.1	ATG	M	ATT	I	1588
NC_045512.2	5029	G	T	8758	7069	45	16	16	33	0.00182232	8780	0.0754555	FALSE	ORF1ab:cds-YP_009725295.1	ATG	M	ATT	I	1588
NC_045512.2	5029	G	C	8758	7069	45	2	2	34	0.00022779	8780	0.98918	FALSE	ORF1ab:cds-YP_009724389.1	ATG	M	ATC	I	1588
NC_045512.2	5029	G	C	8758	7069	45	2	2	34	0.00022779	8780	0.98918	FALSE	ORF1ab:cds-YP_009725295.1	ATG	M	ATC	I	1588
NC_045512.2	5029	G	A	8758	7069	45	4	4	34	0.000455581	8780	0.926601	FALSE	ORF1ab:cds-YP_009724389.1	ATG	M	ATA	I	1588
NC_045512.2	5029	G	A	8758	7069	45	4	4	34	0.000455581	8780	0.926601	FALSE	ORF1ab:cds-YP_009725295.1	ATG	M	ATA	I	1588
NC_045512.2	5030	A	T	8726	7053	44	2	2	34	0.000228728	8744	0.9892	FALSE	ORF1ab:cds-YP_009724389.1	ACA	T	TCA	S	1589
NC_045512.2	5030	A	T	8726	7053	44	2	2	34	0.000228728	8744	0.9892	FALSE	ORF1ab:cds-YP_009725295.1	ACA	T	TCA	S	1589
NC_045512.2	5030	A	G	8726	7053	44	13	13	34	0.00148673	8744	0.191222	FALSE	ORF1ab:cds-YP_009724389.1	ACA	T	GCA	A	1589
NC_045512.2	5030	A	G	8726	7053	44	13	13	34	0.00148673	8744	0.191222	FALSE	ORF1ab:cds-YP_009725295.1	ACA	T	GCA	A	1589
NC_045512.2	5030	A	C	8726	7053	44	3	3	31	0.000343092	8744	0.967133	FALSE	ORF1ab:cds-YP_009724389.1	ACA	T	CCA	P	1589
NC_045512.2	5030	A	C	8726	7053	44	3	3	31	0.000343092	8744	0.967133	FALSE	ORF1ab:cds-YP_009725295.1	ACA	T	CCA	P	1589
NC_045512.2	5031	C	T	7955	6466	45	4	4	34	0.000501505	7976	0.886151	FALSE	ORF1ab:cds-YP_009724389.1	ACA	T	ATA	I	1589
NC_045512.2	5031	C	T	7955	6466	45	4	4	34	0.000501505	7976	0.886151	FALSE	ORF1ab:cds-YP_009725295.1	ACA	T	ATA	I	1589
NC_045512.2	5031	C	G	7955	6466	45	5	5	32	0.000626881	7976	0.805332	FALSE	ORF1ab:cds-YP_009724389.1	ACA	T	AGA	R	1589
NC_045512.2	5031	C	G	7955	6466	45	5	5	32	0.000626881	7976	0.805332	FALSE	ORF1ab:cds-YP_009725295.1	ACA	T	AGA	R	1589
NC_045512.2	5031	C	A	7955	6466	45	12	12	32	0.00150451	7976	0.178919	FALSE	ORF1ab:cds-YP_009724389.1	ACA	T	AAA	K	1589
NC_045512.2	5031	C	A	7955	6466	45	12	12	32	0.00150451	7976	0.178919	FALSE	ORF1ab:cds-YP_009725295.1	ACA	T	AAA	K	1589
NC_045512.2	5032	A	T	6497	5260	45	1	1	34	0.000153704	6506	0.992171	FALSE	ORF1ab:cds-YP_009724389.1	ACA	T	ACT	T	1589
NC_045512.2	5032	A	T	6497	5260	45	1	1	34	0.000153704	6506	0.992171	FALSE	ORF1ab:cds-YP_009725295.1	ACA	T	ACT	T	1589
NC_045512.2	5032	A	G	6497	5260	45	1	1	34	0.000153704	6506	0.992171	FALSE	ORF1ab:cds-YP_009724389.1	ACA	T	ACG	T	1589
NC_045512.2	5032	A	G	6497	5260	45	1	1	34	0.000153704	6506	0.992171	FALSE	ORF1ab:cds-YP_009725295.1	ACA	T	ACG	T	1589
NC_045512.2	5032	A	C	6497	5260	45	7	7	34	0.00107593	6506	0.499887	FALSE	ORF1ab:cds-YP_009724389.1	ACA	T	ACC	T	1589
NC_045512.2	5032	A	C	6497	5260	45	7	7	34	0.00107593	6506	0.499887	FALSE	ORF1ab:cds-YP_009725295.1	ACA	T	ACC	T	1589
NC_045512.2	5033	T	G	6351	5116	45	1	1	34	0.000157233	6360	0.99217	FALSE	ORF1ab:cds-YP_009724389.1	TAT	Y	GAT	D	1590
NC_045512.2	5033	T	G	6351	5116	45	1	1	34	0.000157233	6360	0.99217	FALSE	ORF1ab:cds-YP_009725295.1	TAT	Y	GAT	D	1590
NC_045512.2	5033	T	C	6351	5116	45	1	1	34	0.000157233	6360	0.99217	FALSE	ORF1ab:cds-YP_009724389.1	TAT	Y	CAT	H	1590
NC_045512.2	5033	T	C	6351	5116	45	1	1	34	0.000157233	6360	0.99217	FALSE	ORF1ab:cds-YP_009725295.1	TAT	Y	CAT	H	1590
NC_045512.2	5033	T	A	6351	5116	45	7	7	34	0.00110063	6360	0.499885	FALSE	ORF1ab:cds-YP_009724389.1	TAT	Y	AAT	N	1590
NC_045512.2	5033	T	A	6351	5116	45	7	7	34	0.00110063	6360	0.499885	FALSE	ORF1ab:cds-YP_009725295.1	TAT	Y	AAT	N	1590
NC_045512.2	5034	A	T	6389	5166	45	10	10	36	0.00156079	6407	0.226438	FALSE	ORF1ab:cds-YP_009724389.1	TAT	Y	TTT	F	1590
NC_045512.2	5034	A	T	6389	5166	45	10	10	36	0.00156079	6407	0.226438	FALSE	ORF1ab:cds-YP_009725295.1	TAT	Y	TTT	F	1590
NC_045512.2	5034	A	G	6389	5166	45	3	3	34	0.000468238	6407	0.909694	FALSE	ORF1ab:cds-YP_009724389.1	TAT	Y	TGT	C	1590
NC_045512.2	5034	A	G	6389	5166	45	3	3	34	0.000468238	6407	0.909694	FALSE	ORF1ab:cds-YP_009725295.1	TAT	Y	TGT	C	1590
NC_045512.2	5034	A	C	6389	5166	45	5	5	32	0.000780396	6407	0.724615	FALSE	ORF1ab:cds-YP_009724389.1	TAT	Y	TCT	S	1590
NC_045512.2	5034	A	C	6389	5166	45	5	5	32	0.000780396	6407	0.724615	FALSE	ORF1ab:cds-YP_009725295.1	TAT	Y	TCT	S	1590
NC_045512.2	5035	T	C	6397	5195	45	2	2	30	0.000311915	6412	0.964681	FALSE	ORF1ab:cds-YP_009724389.1	TAT	Y	TAC	Y	1590
NC_045512.2	5035	T	C	6397	5195	45	2	2	30	0.000311915	6412	0.964681	FALSE	ORF1ab:cds-YP_009725295.1	TAT	Y	TAC	Y	1590
NC_045512.2	5035	T	A	6397	5195	45	13	13	32	0.00202745	6412	0.0833243	FALSE	ORF1ab:cds-YP_009724389.1	TAT	Y	TAA	*	1590
NC_045512.2	5035	T	A	6397	5195	45	13	13	32	0.00202745	6412	0.0833243	FALSE	ORF1ab:cds-YP_009725295.1	TAT	Y	TAA	*	1590
NC_045512.2	5036	G	T	6223	5216	43	11	11	31	0.0017631	6239	0.165653	FALSE	ORF1ab:cds-YP_009724389.1	GGA	G	TGA	*	1591
NC_045512.2	5036	G	T	6223	5216	43	11	11	31	0.0017631	6239	0.165653	FALSE	ORF1ab:cds-YP_009725295.1	GGA	G	TGA	*	1591
NC_045512.2	5036	G	C	6223	5216	43	3	3	31	0.000480846	6239	0.909761	FALSE	ORF1ab:cds-YP_009724389.1	GGA	G	CGA	R	1591
NC_045512.2	5036	G	C	6223	5216	43	3	3	31	0.000480846	6239	0.909761	FALSE	ORF1ab:cds-YP_009725295.1	GGA	G	CGA	R	1591
NC_045512.2	5036	G	A	6223	5216	43	2	1	51	0.000320564	6239	0.249459	FALSE	ORF1ab:cds-YP_009724389.1	GGA	G	AGA	R	1591
NC_045512.2	5036	G	A	6223	5216	43	2	1	51	0.000320564	6239	0.249459	FALSE	ORF1ab:cds-YP_009725295.1	GGA	G	AGA	R	1591
NC_045512.2	5037	G	T	6279	5280	43	6	6	32	0.000953895	6290	0.612416	FALSE	ORF1ab:cds-YP_009724389.1	GGA	G	GTA	V	1591
NC_045512.2	5037	G	T	6279	5280	43	6	6	32	0.000953895	6290	0.612416	FALSE	ORF1ab:cds-YP_009725295.1	GGA	G	GTA	V	1591
NC_045512.2	5037	G	C	6279	5280	43	1	1	34	0.000158983	6290	0.992161	FALSE	ORF1ab:cds-YP_009724389.1	GGA	G	GCA	A	1591
NC_045512.2	5037	G	C	6279	5280	43	1	1	34	0.000158983	6290	0.992161	FALSE	ORF1ab:cds-YP_009725295.1	GGA	G	GCA	A	1591
NC_045512.2	5037	G	A	6279	5280	43	4	4	34	0.00063593	6290	0.827831	FALSE	ORF1ab:cds-YP_009724389.1	GGA	G	GAA	E	1591
NC_045512.2	5037	G	A	6279	5280	43	4	4	34	0.00063593	6290	0.827831	FALSE	ORF1ab:cds-YP_009725295.1	GGA	G	GAA	E	1591
NC_045512.2	5038	A	T	5999	5047	43	3	3	31	0.000498919	6013	0.909828	FALSE	ORF1ab:cds-YP_009724389.1	GGA	G	GGT	G	1591
NC_045512.2	5038	A	T	5999	5047	43	3	3	31	0.000498919	6013	0.909828	FALSE	ORF1ab:cds-YP_009725295.1	GGA	G	GGT	G	1591
NC_045512.2	5038	A	G	5999	5047	43	7	7	32	0.00116414	6013	0.499268	FALSE	ORF1ab:cds-YP_009724389.1	GGA	G	GGG	G	1591
NC_045512.2	5038	A	G	5999	5047	43	7	7	32	0.00116414	6013	0.499268	FALSE	ORF1ab:cds-YP_009725295.1	GGA	G	GGG	G	1591
NC_045512.2	5038	A	C	5999	5047	43	4	4	30	0.000665225	6013	0.827612	FALSE	ORF1ab:cds-YP_009724389.1	GGA	G	GGC	G	1591
NC_045512.2	5038	A	C	5999	5047	43	4	4	30	0.000665225	6013	0.827612	FALSE	ORF1ab:cds-YP_009725295.1	GGA	G	GGC	G	1591
NC_045512.2	5039	C	T	5889	4987	43	3	3	31	0.000507958	5906	0.854828	FALSE	ORF1ab:cds-YP_009724389.1	CAA	Q	TAA	*	1592
NC_045512.2	5039	C	T	5889	4987	43	3	3	31	0.000507958	5906	0.854828	FALSE	ORF1ab:cds-YP_009725295.1	CAA	Q	TAA	*	1592
NC_045512.2	5039	C	G	5889	4987	43	5	5	34	0.000846597	5906	0.621951	FALSE	ORF1ab:cds-YP_009724389.1	CAA	Q	GAA	E	1592
NC_045512.2	5039	C	G	5889	4987	43	5	5	34	0.000846597	5906	0.621951	FALSE	ORF1ab:cds-YP_009725295.1	CAA	Q	GAA	E	1592
NC_045512.2	5039	C	A	5889	4987	43	9	9	33	0.00152387	5906	0.211183	FALSE	ORF1ab:cds-YP_009724389.1	CAA	Q	AAA	K	1592
NC_045512.2	5039	C	A	5889	4987	43	9	9	33	0.00152387	5906	0.211183	FALSE	ORF1ab:cds-YP_009725295.1	CAA	Q	AAA	K	1592
NC_045512.2	5040	A	T	3140	2613	43	1	1	34	0.000318066	3144	0.93748	FALSE	ORF1ab:cds-YP_009724389.1	CAA	Q	CTA	L	1592
NC_045512.2	5040	A	T	3140	2613	43	1	1	34	0.000318066	3144	0.93748	FALSE	ORF1ab:cds-YP_009725295.1	CAA	Q	CTA	L	1592
NC_045512.2	5040	A	C	3140	2613	43	3	3	34	0.000954198	3144	0.656325	FALSE	ORF1ab:cds-YP_009724389.1	CAA	Q	CCA	P	1592
NC_045512.2	5040	A	C	3140	2613	43	3	3	34	0.000954198	3144	0.656325	FALSE	ORF1ab:cds-YP_009725295.1	CAA	Q	CCA	P	1592
NC_045512.2	5041	A	C	3151	2624	43	3	3	31	0.000951173	3154	0.656473	FALSE	ORF1ab:cds-YP_009724389.1	CAA	Q	CAC	H	1592
NC_045512.2	5041	A	C	3151	2624	43	3	3	31	0.000951173	3154	0.656473	FALSE	ORF1ab:cds-YP_009725295.1	CAA	Q	CAC	H	1592
NC_045512.2	5042	C	T	3106	2598	43	1	1	34	0.000321234	3113	0.937359	FALSE	ORF1ab:cds-YP_009724389.1	CAG	Q	TAG	*	1593
NC_045512.2	5042	C	T	3106	2598	43	1	1	34	0.000321234	3113	0.937359	FALSE	ORF1ab:cds-YP_009725295.1	CAG	Q	TAG	*	1593
NC_045512.2	5042	C	A	3106	2598	43	6	5	38	0.0019274	3113	0.253748	FALSE	ORF1ab:cds-YP_009724389.1	CAG	Q	AAG	K	1593
NC_045512.2	5042	C	A	3106	2598	43	6	5	38	0.0019274	3113	0.253748	FALSE	ORF1ab:cds-YP_009725295.1	CAG	Q	AAG	K	1593
NC_045512.2	5043	A	G	2203	1831	43	1	1	34	0.000453104	2207	0.874915	FALSE	ORF1ab:cds-YP_009724389.1	CAG	Q	CGG	R	1593
NC_045512.2	5043	A	G	2203	1831	43	1	1	34	0.000453104	2207	0.874915	FALSE	ORF1ab:cds-YP_009725295.1	CAG	Q	CGG	R	1593
NC_045512.2	5043	A	C	2203	1831	43	3	3	31	0.00135931	2207	0.5	FALSE	ORF1ab:cds-YP_009724389.1	CAG	Q	CCG	P	1593
NC_045512.2	5043	A	C	2203	1831	43	3	3	31	0.00135931	2207	0.5	FALSE	ORF1ab:cds-YP_009725295.1	CAG	Q	CCG	P	1593
NC_045512.2	5044	G	T	2158	1794	43	2	2	34	0.000923788	2165	0.686892	FALSE	ORF1ab:cds-YP_009724389.1	CAG	Q	CAT	H	1593
NC_045512.2	5044	G	T	2158	1794	43	2	2	34	0.000923788	2165	0.686892	FALSE	ORF1ab:cds-YP_009725295.1	CAG	Q	CAT	H	1593
NC_045512.2	5044	G	C	2158	1794	43	2	2	34	0.000923788	2165	0.686892	FALSE	ORF1ab:cds-YP_009724389.1	CAG	Q	CAC	H	1593
NC_045512.2	5044	G	C	2158	1794	43	2	2	34	0.000923788	2165	0.686892	FALSE	ORF1ab:cds-YP_009725295.1	CAG	Q	CAC	H	1593
NC_045512.2	5044	G	A	2158	1794	43	3	3	34	0.00138568	2165	0.499349	FALSE	ORF1ab:cds-YP_009724389.1	CAG	Q	CAA	Q	1593
NC_045512.2	5044	G	A	2158	1794	43	3	3	34	0.00138568	2165	0.499349	FALSE	ORF1ab:cds-YP_009725295.1	CAG	Q	CAA	Q	1593
NC_045512.2	5044	G	-T	2158	1794	43	1	0	20	0.000461894	2165	1	FALSE	NA	NA	NA	NA	NA	NA
NC_045512.2	5045	T	A	1089	878	42	2	2	34	0.00183318	1091	0.5	FALSE	ORF1ab:cds-YP_009724389.1	TTT	F	ATT	I	1594
NC_045512.2	5045	T	A	1089	878	42	2	2	34	0.00183318	1091	0.5	FALSE	ORF1ab:cds-YP_009725295.1	TTT	F	ATT	I	1594
NC_045512.2	5046	T	C	1074	878	43	2	2	34	0.00185874	1076	0.500349	FALSE	ORF1ab:cds-YP_009724389.1	TTT	F	TCT	S	1594
NC_045512.2	5046	T	C	1074	878	43	2	2	34	0.00185874	1076	0.500349	FALSE	ORF1ab:cds-YP_009725295.1	TTT	F	TCT	S	1594
NC_045512.2	5047	T	G	1062	866	43	3	3	34	0.00281426	1066	0.312324	FALSE	ORF1ab:cds-YP_009724389.1	TTT	F	TTG	L	1594
NC_045512.2	5047	T	G	1062	866	43	3	3	34	0.00281426	1066	0.312324	FALSE	ORF1ab:cds-YP_009725295.1	TTT	F	TTG	L	1594
NC_045512.2	5047	T	A	1062	866	43	1	1	34	0.000938086	1066	0.749647	FALSE	ORF1ab:cds-YP_009724389.1	TTT	F	TTA	L	1594
NC_045512.2	5047	T	A	1062	866	43	1	1	34	0.000938086	1066	0.749647	FALSE	ORF1ab:cds-YP_009725295.1	TTT	F	TTA	L	1594
NC_045512.2	5048	G	T	293	220	41	1	1	34	0.00340136	294	0.500852	FALSE	ORF1ab:cds-YP_009724389.1	GGT	G	TGT	C	1595
NC_045512.2	5048	G	T	293	220	41	1	1	34	0.00340136	294	0.500852	FALSE	ORF1ab:cds-YP_009725295.1	GGT	G	TGT	C	1595
NC_045512.2	25844	C	G	601	103	44	1	0	34	0.00166113	602	0.500416	FALSE	ORF3a:cds-YP_009724391.1	ACT	T	AGT	S	151
NC_045512.2	25845	T	C	608	103	44	1	0	34	0.00164204	609	0.500411	FALSE	ORF3a:cds-YP_009724391.1	ACT	T	ACC	T	151
NC_045512.2	25847	A	C	641	107	44	2	1	34	0.00311042	643	0.250195	FALSE	ORF3a:cds-YP_009724391.1	AAT	N	ACT	T	152
NC_045512.2	25849	T	A	679	135	46	1	1	34	0.00147059	680	0.500368	FALSE	ORF3a:cds-YP_009724391.1	TGT	C	AGT	S	153
NC_045512.2	25850	G	T	829	153	45	2	0	47	0.00239808	834	0.249249	FALSE	ORF3a:cds-YP_009724391.1	TGT	C	TTT	F	153
NC_045512.2	25850	G	A	829	153	45	3	1	31	0.00359712	834	0.12455	FALSE	ORF3a:cds-YP_009724391.1	TGT	C	TAT	Y	153
NC_045512.2	25853	A	G	844	161	46	1	1	26	0.00118343	845	0.998098	FALSE	ORF3a:cds-YP_009724391.1	TAC	Y	TGC	C	154
NC_045512.2	25855	G	T	1149	293	49	1	1	34	0.000869565	1150	0.750326	FALSE	ORF3a:cds-YP_009724391.1	GAC	D	TAC	Y	155
NC_045512.2	25858	T	G	1541	389	49	1	1	34	0.000648088	1543	0.750081	FALSE	ORF3a:cds-YP_009724391.1	TAT	Y	GAT	D	156
NC_045512.2	25858	T	A	1541	389	49	1	0	34	0.000648088	1543	0.750081	FALSE	ORF3a:cds-YP_009724391.1	TAT	Y	AAT	N	156
NC_045512.2	25860	T	G	4686	979	46	2	0	30	0.000426439	4690	0.89065	FALSE	ORF3a:cds-YP_009724391.1	TAT	Y	TAG	*	156
NC_045512.2	25860	T	C	4686	979	46	2	1	51	0.000426439	4690	0.24992	FALSE	ORF3a:cds-YP_009724391.1	TAT	Y	TAC	Y	156
NC_045512.2	25861	T	A	4691	988	47	1	1	34	0.000213129	4692	0.9688	FALSE	ORF3a:cds-YP_009724391.1	TGT	C	AGT	S	157
NC_045512.2	25862	G	T	4795	1009	46	1	1	34	0.000208464	4797	0.968783	FALSE	ORF3a:cds-YP_009724391.1	TGT	C	TTT	F	157
NC_045512.2	25862	G	A	4795	1009	46	1	1	34	0.000208464	4797	0.968783	FALSE	ORF3a:cds-YP_009724391.1	TGT	C	TAT	Y	157
NC_045512.2	25863	T	G	4830	1061	47	1	1	34	0.000206954	4832	0.968782	FALSE	ORF3a:cds-YP_009724391.1	TGT	C	TGG	W	157
NC_045512.2	25863	T	C	4830	1061	47	1	1	68	0.000206954	4832	0.5	FALSE	ORF3a:cds-YP_009724391.1	TGT	C	TGC	C	157
NC_045512.2	25864	A	T	4855	1077	47	2	2	34	0.000411607	4859	0.890649	FALSE	ORF3a:cds-YP_009724391.1	ATA	I	TTA	L	158
NC_045512.2	25864	A	G	4855	1077	47	2	1	34	0.000411607	4859	0.890649	FALSE	ORF3a:cds-YP_009724391.1	ATA	I	GTA	V	158
NC_045512.2	25865	T	G	4866	1102	48	1	1	34	0.000205381	4869	0.968766	FALSE	ORF3a:cds-YP_009724391.1	ATA	I	AGA	R	158
NC_045512.2	25865	T	A	4866	1102	48	2	1	51	0.000410762	4869	0.249974	FALSE	ORF3a:cds-YP_009724391.1	ATA	I	AAA	K	158
NC_045512.2	25866	A	T	4856	1098	47	2	2	34	0.000411692	4858	0.890746	FALSE	ORF3a:cds-YP_009724391.1	ATA	I	ATT	I	158
NC_045512.2	25867	C	T	7506	1559	47	1	1	34	0.000133174	7509	0.996099	FALSE	ORF3a:cds-YP_009724391.1	CCT	P	TCT	S	159
NC_045512.2	25867	C	A	7506	1559	47	2	2	34	0.000266347	7509	0.980497	FALSE	ORF3a:cds-YP_009724391.1	CCT	P	ACT	T	159
NC_045512.2	25868	C	T	7506	1638	47	1	1	34	0.000133174	7509	0.996099	FALSE	ORF3a:cds-YP_009724391.1	CCT	P	CTT	L	159
NC_045512.2	25868	C	G	7506	1638	47	1	0	27	0.000133174	7509	1	FALSE	ORF3a:cds-YP_009724391.1	CCT	P	CGT	R	159
NC_045512.2	25868	C	A	7506	1638	47	1	1	34	0.000133174	7509	0.996099	FALSE	ORF3a:cds-YP_009724391.1	CCT	P	CAT	H	159
NC_045512.2	25869	T	G	7817	1696	47	1	0	24	0.000127861	7821	1	FALSE	ORF3a:cds-YP_009724391.1	CCT	P	CCG	P	159
NC_045512.2	25869	T	C	7817	1696	47	2	2	30	0.000255722	7821	0.980487	FALSE	ORF3a:cds-YP_009724391.1	CCT	P	CCC	P	159
NC_045512.2	25869	T	A	7817	1696	47	1	1	34	0.000127861	7821	0.996097	FALSE	ORF3a:cds-YP_009724391.1	CCT	P	CCA	P	159
NC_045512.2	25870	T	G	7821	1708	47	1	0	34	0.000127812	7824	0.996099	FALSE	ORF3a:cds-YP_009724391.1	TAC	Y	GAC	D	160
NC_045512.2	25870	T	C	7821	1708	47	2	2	34	0.000255624	7824	0.980496	FALSE	ORF3a:cds-YP_009724391.1	TAC	Y	CAC	H	160
NC_045512.2	25871	A	T	7842	1706	47	2	2	34	0.000254907	7846	0.980487	FALSE	ORF3a:cds-YP_009724391.1	TAC	Y	TTC	F	160
NC_045512.2	25871	A	C	7842	1706	47	2	1	34	0.000254907	7846	0.980487	FALSE	ORF3a:cds-YP_009724391.1	TAC	Y	TCC	S	160
NC_045512.2	25872	C	T	7896	1746	47	3	2	34	0.000379699	7901	0.945346	FALSE	ORF3a:cds-YP_009724391.1	TAC	Y	TAT	Y	160
NC_045512.2	25872	C	G	7896	1746	47	1	0	34	0.000126566	7901	0.996095	FALSE	ORF3a:cds-YP_009724391.1	TAC	Y	TAG	*	160
NC_045512.2	25872	C	A	7896	1746	47	1	1	34	0.000126566	7901	0.996095	FALSE	ORF3a:cds-YP_009724391.1	TAC	Y	TAA	*	160
NC_045512.2	25873	A	T	7959	1805	48	1	1	34	0.000125612	7961	0.996101	FALSE	ORF3a:cds-YP_009724391.1	AAT	N	TAT	Y	161
NC_045512.2	25873	A	C	7959	1805	48	1	1	26	0.000125612	7961	1	FALSE	ORF3a:cds-YP_009724391.1	AAT	N	CAT	H	161
NC_045512.2	25874	A	G	7971	1811	48	1	0	34	0.000125423	7973	0.996101	FALSE	ORF3a:cds-YP_009724391.1	AAT	N	AGT	S	161
NC_045512.2	25874	A	C	7971	1811	48	1	1	34	0.000125423	7973	0.996101	FALSE	ORF3a:cds-YP_009724391.1	AAT	N	ACT	T	161
NC_045512.2	25875	T	G	7994	1820	48	1	0	27	0.000125031	7998	1	FALSE	ORF3a:cds-YP_009724391.1	AAT	N	AAG	K	161
NC_045512.2	25875	T	C	7994	1820	48	1	1	24	0.000125031	7998	1	FALSE	ORF3a:cds-YP_009724391.1	AAT	N	AAC	N	161
NC_045512.2	25875	T	A	7994	1820	48	2	2	34	0.000250063	7998	0.980486	FALSE	ORF3a:cds-YP_009724391.1	AAT	N	AAA	K	161
NC_045512.2	25876	A	G	8056	1849	47	1	1	60	0.0001241	8058	0.5	FALSE	ORF3a:cds-YP_009724391.1	AGT	S	GGT	G	162
NC_045512.2	25876	A	C	8056	1849	47	1	0	26	0.0001241	8058	1	FALSE	ORF3a:cds-YP_009724391.1	AGT	S	CGT	R	162
NC_045512.2	25877	G	T	8434	1881	48	1	1	26	0.000118526	8437	1	FALSE	ORF3a:cds-YP_009724391.1	AGT	S	ATT	I	162
NC_045512.2	25877	G	A	8434	1881	48	2	2	34	0.000237051	8437	0.989276	FALSE	ORF3a:cds-YP_009724391.1	AGT	S	AAT	N	162
NC_045512.2	25878	T	G	8443	1934	48	2	1	30	0.000236798	8446	0.989276	FALSE	ORF3a:cds-YP_009724391.1	AGT	S	AGG	R	162
NC_045512.2	25878	T	A	8443	1934	48	1	1	34	0.000118399	8446	0.99805	FALSE	ORF3a:cds-YP_009724391.1	AGT	S	AGA	R	162
NC_045512.2	25879	G	T	8439	1928	48	1	1	34	0.000118455	8442	0.99805	FALSE	ORF3a:cds-YP_009724391.1	GTA	V	TTA	L	163
NC_045512.2	25879	G	A	8439	1928	48	2	1	51	0.000236911	8442	0.249985	FALSE	ORF3a:cds-YP_009724391.1	GTA	V	ATA	I	163
NC_045512.2	25880	T	G	8457	2018	48	2	2	34	0.000236435	8459	0.989281	FALSE	ORF3a:cds-YP_009724391.1	GTA	V	GGA	G	163
NC_045512.2	25881	A	T	8484	2020	49	3	3	31	0.00035344	8488	0.967328	FALSE	ORF3a:cds-YP_009724391.1	GTA	V	GTT	V	163
NC_045512.2	25881	A	G	8484	2020	49	1	1	34	0.000117813	8488	0.998049	FALSE	ORF3a:cds-YP_009724391.1	GTA	V	GTG	V	163
NC_045512.2	25882	A	T	8463	2237	50	1	1	26	0.00011805	8471	1	FALSE	ORF3a:cds-YP_009724391.1	ACT	T	TCT	S	164
NC_045512.2	25882	A	G	8463	2237	50	7	2	31	0.000826349	8471	0.696462	FALSE	ORF3a:cds-YP_009724391.1	ACT	T	GCT	A	164
NC_045512.2	25883	C	T	8648	2270	50	2	2	34	0.000231134	8653	0.989265	FALSE	ORF3a:cds-YP_009724391.1	ACT	T	ATT	I	164
NC_045512.2	25883	C	A	8648	2270	50	3	3	31	0.000346701	8653	0.967313	FALSE	ORF3a:cds-YP_009724391.1	ACT	T	AAT	N	164
NC_045512.2	25884	T	C	8661	2290	51	2	2	34	0.000230787	8666	0.989265	FALSE	ORF3a:cds-YP_009724391.1	ACT	T	ACC	T	164
NC_045512.2	25884	T	A	8661	2290	51	3	3	34	0.00034618	8666	0.967313	FALSE	ORF3a:cds-YP_009724391.1	ACT	T	ACA	T	164
NC_045512.2	25885	T	C	8638	2278	49	3	2	56	0.000347102	8643	0.124957	FALSE	ORF3a:cds-YP_009724391.1	TCT	S	CCT	P	165
NC_045512.2	25885	T	A	8638	2278	49	2	2	34	0.000231401	8643	0.989265	FALSE	ORF3a:cds-YP_009724391.1	TCT	S	ACT	T	165
NC_045512.2	25886	C	T	8765	2311	50	2	2	34	0.000228128	8767	0.98928	FALSE	ORF3a:cds-YP_009724391.1	TCT	S	TTT	F	165
NC_045512.2	25886	C	-T	8765	2311	50	1	0	20	0.000114064	8767	1	FALSE	NA	NA	NA	NA	NA	NA
NC_045512.2	25887	T	G	8776	2356	51	1	0	34	0.000113908	8779	0.998049	FALSE	ORF3a:cds-YP_009724391.1	TCT	S	TCG	S	165
NC_045512.2	25887	T	C	8776	2356	51	2	2	34	0.000227816	8779	0.98927	FALSE	ORF3a:cds-YP_009724391.1	TCT	S	TCC	S	165
NC_045512.2	25888	T	G	8775	2356	49	5	0	34	0.000569411	8781	0.866667	FALSE	ORF3a:cds-YP_009724391.1	TCA	S	GCA	A	166
NC_045512.2	25888	T	C	8775	2356	49	1	1	34	0.000113882	8781	0.998047	FALSE	ORF3a:cds-YP_009724391.1	TCA	S	CCA	P	166
NC_045512.2	25889	C	T	8774	2569	52	1	1	34	0.000113934	8777	0.99805	FALSE	ORF3a:cds-YP_009724391.1	TCA	S	TTA	L	166
NC_045512.2	25889	C	G	8774	2569	52	1	0	34	0.000113934	8777	0.99805	FALSE	ORF3a:cds-YP_009724391.1	TCA	S	TGA	*	166
NC_045512.2	25889	C	A	8774	2569	52	1	0	26	0.000113934	8777	1	FALSE	ORF3a:cds-YP_009724391.1	TCA	S	TAA	*	166
NC_045512.2	25890	A	T	8819	2641	53	3	3	31	0.000339943	8825	0.967299	FALSE	ORF3a:cds-YP_009724391.1	TCA	S	TCT	S	166
NC_045512.2	25890	A	C	8819	2641	53	3	3	34	0.000339943	8825	0.967299	FALSE	ORF3a:cds-YP_009724391.1	TCA	S	TCC	S	166
NC_045512.2	25891	A	T	8734	2657	52	2	2	30	0.000228912	8737	0.989275	FALSE	ORF3a:cds-YP_009724391.1	ATT	I	TTT	F	167
NC_045512.2	25891	A	C	8734	2657	52	1	1	34	0.000114456	8737	0.99805	FALSE	ORF3a:cds-YP_009724391.1	ATT	I	CTT	L	167
NC_045512.2	25892	T	C	8831	2750	53	3	3	45	0.000339443	8838	0.124915	FALSE	ORF3a:cds-YP_009724391.1	ATT	I	ACT	T	167
NC_045512.2	25892	T	A	8831	2750	53	4	4	34	0.000452591	8838	0.927016	FALSE	ORF3a:cds-YP_009724391.1	ATT	I	AAT	N	167
NC_045512.2	25893	T	C	8878	2767	53	1	1	60	0.000112587	8882	0.499944	FALSE	ORF3a:cds-YP_009724391.1	ATT	I	ATC	I	167
NC_045512.2	25893	T	A	8878	2767	53	3	3	34	0.000337762	8882	0.967326	FALSE	ORF3a:cds-YP_009724391.1	ATT	I	ATA	I	167
NC_045512.2	25894	G	T	8994	2787	54	5	5	32	0.000555494	9001	0.910268	FALSE	ORF3a:cds-YP_009724391.1	GTC	V	TTC	F	168
NC_045512.2	25894	G	A	8994	2787	54	2	2	34	0.000222198	9001	0.994141	FALSE	ORF3a:cds-YP_009724391.1	GTC	V	ATC	I	168
NC_045512.2	25895	T	G	9013	2828	53	5	4	32	0.000554324	9020	0.910268	FALSE	ORF3a:cds-YP_009724391.1	GTC	V	GGC	G	168
NC_045512.2	25895	T	C	9013	2828	53	1	0	26	0.000110865	9020	1	FALSE	ORF3a:cds-YP_009724391.1	GTC	V	GCC	A	168
NC_045512.2	25895	T	A	9013	2828	53	1	0	34	0.000110865	9020	0.999023	FALSE	ORF3a:cds-YP_009724391.1	GTC	V	GAC	D	168
NC_045512.2	25896	C	T	9063	2838	54	6	6	38	0.000661303	9073	0.849071	FALSE	ORF3a:cds-YP_009724391.1	GTC	V	GTT	V	168
NC_045512.2	25896	C	G	9063	2838	54	1	1	34	0.000110217	9073	0.999022	FALSE	ORF3a:cds-YP_009724391.1	GTC	V	GTG	V	168
NC_045512.2	25896	C	A	9063	2838	54	3	0	31	0.000330651	9073	0.980691	FALSE	ORF3a:cds-YP_009724391.1	GTC	V	GTA	V	168
NC_045512.2	25897	A	T	9038	2897	54	1	1	34	0.000110546	9046	0.999023	FALSE	ORF3a:cds-YP_009724391.1	ATT	I	TTT	F	169
NC_045512.2	25897	A	G	9038	2897	54	4	2	43	0.000442184	9046	0.0624378	FALSE	ORF3a:cds-YP_009724391.1	ATT	I	GTT	V	169
NC_045512.2	25897	A	C	9038	2897	54	3	3	34	0.000331638	9046	0.980708	FALSE	ORF3a:cds-YP_009724391.1	ATT	I	CTT	L	169
NC_045512.2	25898	T	C	9105	2901	54	1	1	34	0.000109769	9110	0.999024	FALSE	ORF3a:cds-YP_009724391.1	ATT	I	ACT	T	169
NC_045512.2	25898	T	A	9105	2901	54	4	4	34	0.000439078	9110	0.953915	FALSE	ORF3a:cds-YP_009724391.1	ATT	I	AAT	N	169
NC_045512.2	25899	T	G	9103	2962	54	1	0	34	0.000109794	9108	0.999024	FALSE	ORF3a:cds-YP_009724391.1	ATT	I	ATG	M	169
NC_045512.2	25899	T	C	9103	2962	54	2	2	30	0.000219587	9108	0.994147	FALSE	ORF3a:cds-YP_009724391.1	ATT	I	ATC	I	169
NC_045512.2	25899	T	A	9103	2962	54	2	2	30	0.000219587	9108	0.994147	FALSE	ORF3a:cds-YP_009724391.1	ATT	I	ATA	I	169
NC_045512.2	25900	A	T	9055	2958	54	6	6	30	0.000662179	9061	0.849273	FALSE	ORF3a:cds-YP_009724391.1	ACT	T	TCT	S	170
NC_045512.2	25901	C	T	9098	2964	54	3	3	34	0.000329489	9105	0.980717	FALSE	ORF3a:cds-YP_009724391.1	ACT	T	ATT	I	170
NC_045512.2	25901	C	A	9098	2964	54	4	4	34	0.000439319	9105	0.953877	FALSE	ORF3a:cds-YP_009724391.1	ACT	T	AAT	N	170
NC_045512.2	25902	T	C	9099	2980	54	5	4	32	0.000549149	9105	0.910301	FALSE	ORF3a:cds-YP_009724391.1	ACT	T	ACC	T	170
NC_045512.2	25902	T	A	9099	2980	54	1	1	34	0.00010983	9105	0.999024	FALSE	ORF3a:cds-YP_009724391.1	ACT	T	ACA	T	170
NC_045512.2	25903	T	G	9106	2986	55	1	0	34	0.000109769	9110	0.999025	FALSE	ORF3a:cds-YP_009724391.1	TCA	S	GCA	A	171
NC_045512.2	25903	T	C	9106	2986	55	1	1	26	0.000109769	9110	1	FALSE	ORF3a:cds-YP_009724391.1	TCA	S	CCA	P	171
NC_045512.2	25903	T	A	9106	2986	55	2	2	34	0.000219539	9110	0.994149	FALSE	ORF3a:cds-YP_009724391.1	TCA	S	ACA	T	171
NC_045512.2	25904	C	T	9101	2982	54	5	5	34	0.000549089	9106	0.910335	FALSE	ORF3a:cds-YP_009724391.1	TCA	S	TTA	L	171
NC_045512.2	25905	A	T	9089	2979	54	3	3	31	0.000329707	9099	0.980691	FALSE	ORF3a:cds-YP_009724391.1	TCA	S	TCT	S	171
NC_045512.2	25905	A	G	9089	2979	54	4	2	51	0.000439609	9099	0.0624107	FALSE	ORF3a:cds-YP_009724391.1	TCA	S	TCG	S	171
NC_045512.2	25905	A	C	9089	2979	54	3	3	34	0.000329707	9099	0.980691	FALSE	ORF3a:cds-YP_009724391.1	TCA	S	TCC	S	171
NC_045512.2	25906	G	T	9084	2984	54	6	5	49	0.000659703	9095	0.0155915	FALSE	ORF3a:cds-YP_009724391.1	GGT	G	TGT	C	172
NC_045512.2	25906	G	C	9084	2984	54	1	1	34	0.000109951	9095	0.999021	FALSE	ORF3a:cds-YP_009724391.1	GGT	G	CGT	R	172
NC_045512.2	25906	G	A	9084	2984	54	4	4	34	0.000439802	9095	0.9538	FALSE	ORF3a:cds-YP_009724391.1	GGT	G	AGT	S	172
NC_045512.2	25907	G	T	9093	3073	55	1	1	60	0.000109914	9098	0.499918	FALSE	ORF3a:cds-YP_009724391.1	GGT	G	GTT	V	172
NC_045512.2	25907	G	C	9093	3073	55	3	3	31	0.000329743	9098	0.980735	FALSE	ORF3a:cds-YP_009724391.1	GGT	G	GCT	A	172
NC_045512.2	25907	G	A	9093	3073	55	1	1	34	0.000109914	9098	0.999024	FALSE	ORF3a:cds-YP_009724391.1	GGT	G	GAT	D	172
NC_045512.2	25908	T	G	9109	3114	56	5	5	32	0.000548426	9117	0.910234	FALSE	ORF3a:cds-YP_009724391.1	GGT	G	GGG	G	172
NC_045512.2	25908	T	C	9109	3114	56	1	0	68	0.000109685	9117	0.499835	FALSE	ORF3a:cds-YP_009724391.1	GGT	G	GGC	G	172
NC_045512.2	25908	T	A	9109	3114	56	2	2	34	0.00021937	9117	0.994138	FALSE	ORF3a:cds-YP_009724391.1	GGT	G	GGA	G	172
NC_045512.2	25909	G	T	9106	3115	56	5	5	32	0.000548727	9112	0.910301	FALSE	ORF3a:cds-YP_009724391.1	GAT	D	TAT	Y	173
NC_045512.2	25909	G	A	9106	3115	56	1	1	68	0.000109745	9112	0.49989	FALSE	ORF3a:cds-YP_009724391.1	GAT	D	AAT	N	173
NC_045512.2	25910	A	T	9123	3243	57	1	1	26	0.000109541	9129	1	FALSE	ORF3a:cds-YP_009724391.1	GAT	D	GTT	V	173
NC_045512.2	25910	A	G	9123	3243	57	5	5	34	0.000547705	9129	0.910301	FALSE	ORF3a:cds-YP_009724391.1	GAT	D	GGT	G	173
NC_045512.2	25911	T	G	9124	3254	57	1	1	26	0.000109529	9130	1	FALSE	ORF3a:cds-YP_009724391.1	GAT	D	GAG	E	173
NC_045512.2	25911	T	C	9124	3254	57	1	1	26	0.000109529	9130	1	FALSE	ORF3a:cds-YP_009724391.1	GAT	D	GAC	D	173
NC_045512.2	25911	T	A	9124	3254	57	4	4	34	0.000438116	9130	0.953896	FALSE	ORF3a:cds-YP_009724391.1	GAT	D	GAA	E	173
NC_045512.2	25912	G	T	9107	3244	56	4	3	34	0.000438982	9112	0.953915	FALSE	ORF3a:cds-YP_009724391.1	GGC	G	TGC	C	174
NC_045512.2	25912	G	A	9107	3244	56	1	1	34	0.000109745	9112	0.999024	FALSE	ORF3a:cds-YP_009724391.1	GGC	G	AGC	S	174
NC_045512.2	25913	G	T	9102	3247	56	1	1	34	0.000109806	9107	0.999024	FALSE	ORF3a:cds-YP_009724391.1	GGC	G	GTC	V	174
NC_045512.2	25913	G	A	9102	3247	56	4	3	40	0.000439223	9107	0.0624794	FALSE	ORF3a:cds-YP_009724391.1	GGC	G	GAC	D	174
NC_045512.2	25914	C	T	9117	3267	57	2	2	34	0.000219226	9123	0.994144	FALSE	ORF3a:cds-YP_009724391.1	GGC	G	GGT	G	174
NC_045512.2	25914	C	G	9117	3267	57	4	4	34	0.000438452	9123	0.953896	FALSE	ORF3a:cds-YP_009724391.1	GGC	G	GGG	G	174
NC_045512.2	25915	A	T	9119	3276	56	1	1	34	0.000109577	9126	0.999023	FALSE	ORF3a:cds-YP_009724391.1	ACA	T	TCA	S	175
NC_045512.2	25915	A	G	9119	3276	56	3	3	34	0.000328731	9126	0.980717	FALSE	ORF3a:cds-YP_009724391.1	ACA	T	GCA	A	175
NC_045512.2	25915	A	C	9119	3276	56	3	3	34	0.000328731	9126	0.980717	FALSE	ORF3a:cds-YP_009724391.1	ACA	T	CCA	P	175
NC_045512.2	25916	C	G	9119	3374	57	2	2	34	0.00021913	9127	0.994138	FALSE	ORF3a:cds-YP_009724391.1	ACA	T	AGA	R	175
NC_045512.2	25916	C	A	9119	3374	57	6	5	38	0.00065739	9127	0.849171	FALSE	ORF3a:cds-YP_009724391.1	ACA	T	AAA	K	175
NC_045512.2	25917	A	T	9135	3393	58	1	1	34	0.000109373	9143	0.999023	FALSE	ORF3a:cds-YP_009724391.1	ACA	T	ACT	T	175
NC_045512.2	25917	A	C	9135	3393	58	7	7	32	0.000765613	9143	0.772851	FALSE	ORF3a:cds-YP_009724391.1	ACA	T	ACC	T	175
NC_045512.2	25918	A	T	9139	3425	58	3	3	34	0.00032812	9143	0.980744	FALSE	ORF3a:cds-YP_009724391.1	ACA	T	TCA	S	176
NC_045512.2	25918	A	C	9139	3425	58	1	1	27	0.000109373	9143	1	FALSE	ORF3a:cds-YP_009724391.1	ACA	T	CCA	P	176
NC_045512.2	25919	C	T	9070	3419	57	2	2	34	0.000220313	9078	0.994138	FALSE	ORF3a:cds-YP_009724391.1	ACA	T	ATA	I	176
NC_045512.2	25919	C	G	9070	3419	57	1	1	26	0.000110156	9078	1	FALSE	ORF3a:cds-YP_009724391.1	ACA	T	AGA	R	176
NC_045512.2	25919	C	A	9070	3419	57	5	5	32	0.000550782	9078	0.910234	FALSE	ORF3a:cds-YP_009724391.1	ACA	T	AAA	K	176
NC_045512.2	25920	A	T	9132	3432	57	1	1	34	0.000109433	9138	0.999024	FALSE	ORF3a:cds-YP_009724391.1	ACA	T	ACT	T	176
NC_045512.2	25920	A	G	9132	3432	57	2	2	27	0.000218866	9138	1	FALSE	ORF3a:cds-YP_009724391.1	ACA	T	ACG	T	176
NC_045512.2	25920	A	C	9132	3432	57	3	3	34	0.000328299	9138	0.980726	FALSE	ORF3a:cds-YP_009724391.1	ACA	T	ACC	T	176
NC_045512.2	25921	A	T	9143	3438	58	1	1	34	0.000109325	9147	0.999025	FALSE	ORF3a:cds-YP_009724391.1	AGT	S	TGT	C	177
NC_045512.2	25921	A	G	9143	3438	58	1	1	68	0.000109325	9147	0.499945	FALSE	ORF3a:cds-YP_009724391.1	AGT	S	GGT	G	177
NC_045512.2	25921	A	C	9143	3438	58	2	2	30	0.000218651	9147	0.994149	FALSE	ORF3a:cds-YP_009724391.1	AGT	S	CGT	R	177
NC_045512.2	25922	G	T	9103	3436	58	2	2	51	0.000219467	9113	0.249794	FALSE	ORF3a:cds-YP_009724391.1	AGT	S	ATT	I	177
NC_045512.2	25922	G	C	9103	3436	58	2	2	34	0.000219467	9113	0.994132	FALSE	ORF3a:cds-YP_009724391.1	AGT	S	ACT	T	177
NC_045512.2	25922	G	A	9103	3436	58	6	6	34	0.0006584	9113	0.849071	FALSE	ORF3a:cds-YP_009724391.1	AGT	S	AAT	N	177
NC_045512.2	25923	T	G	9108	3605	59	5	4	34	0.000548246	9120	0.9101	FALSE	ORF3a:cds-YP_009724391.1	AGT	S	AGG	R	177
NC_045512.2	25923	T	C	9108	3605	59	2	1	68	0.000219298	9120	0.249739	FALSE	ORF3a:cds-YP_009724391.1	AGT	S	AGC	S	177
NC_045512.2	25923	T	A	9108	3605	59	5	5	30	0.000548246	9120	0.9101	FALSE	ORF3a:cds-YP_009724391.1	AGT	S	AGA	R	177
NC_045512.2	25924	C	T	9104	3607	59	5	5	32	0.000548667	9113	0.910201	FALSE	ORF3a:cds-YP_009724391.1	CCT	P	TCT	S	178
NC_045512.2	25924	C	G	9104	3607	59	2	1	34	0.000219467	9113	0.994135	FALSE	ORF3a:cds-YP_009724391.1	CCT	P	GCT	A	178
NC_045512.2	25924	C	A	9104	3607	59	2	2	30	0.000219467	9113	0.994135	FALSE	ORF3a:cds-YP_009724391.1	CCT	P	ACT	T	178
NC_045512.2	25925	C	T	9093	3617	59	1	1	34	0.000109926	9097	0.999025	FALSE	ORF3a:cds-YP_009724391.1	CCT	P	CTT	L	178
NC_045512.2	25925	C	G	9093	3617	59	2	2	34	0.000219853	9097	0.994149	FALSE	ORF3a:cds-YP_009724391.1	CCT	P	CGT	R	178
NC_045512.2	25925	C	A	9093	3617	59	1	1	34	0.000109926	9097	0.999025	FALSE	ORF3a:cds-YP_009724391.1	CCT	P	CAT	H	178
NC_045512.2	25926	T	G	9106	3604	58	1	1	26	0.000109733	9113	1	FALSE	ORF3a:cds-YP_009724391.1	CCT	P	CCG	P	178
NC_045512.2	25926	T	C	9106	3604	58	6	5	38	0.0006584	9113	0.849222	FALSE	ORF3a:cds-YP_009724391.1	CCT	P	CCC	P	178
NC_045512.2	25927	A	T	9133	3623	59	7	7	30	0.000765613	9143	0.772717	FALSE	ORF3a:cds-YP_009724391.1	ATT	I	TTT	F	179
NC_045512.2	25927	A	C	9133	3623	59	3	3	31	0.00032812	9143	0.980691	FALSE	ORF3a:cds-YP_009724391.1	ATT	I	CTT	L	179
NC_045512.2	25928	T	C	9115	3626	59	5	4	44	0.000548005	9124	0.0312072	FALSE	ORF3a:cds-YP_009724391.1	ATT	I	ACT	T	179
NC_045512.2	25928	T	A	9115	3626	59	4	4	34	0.000438404	9124	0.953838	FALSE	ORF3a:cds-YP_009724391.1	ATT	I	AAT	N	179
NC_045512.2	25929	T	C	12055	4949	54	2	1	34	0.000165851	12059	0.999087	FALSE	ORF3a:cds-YP_009724391.1	ATT	I	ATC	I	179
NC_045512.2	25929	T	A	12055	4949	54	2	2	34	0.000165851	12059	0.999087	FALSE	ORF3a:cds-YP_009724391.1	ATT	I	ATA	I	179
NC_045512.2	25930	T	C	12049	5004	54	1	1	34	8.296e-05	12054	0.999878	FALSE	ORF3a:cds-YP_009724391.1	TCT	S	CCT	P	180
NC_045512.2	25930	T	A	12049	5004	54	4	4	34	0.00033184	12054	0.989385	FALSE	ORF3a:cds-YP_009724391.1	TCT	S	ACT	T	180
NC_045512.2	25931	C	T	12074	5032	54	7	7	31	0.000579278	12084	0.916494	FALSE	ORF3a:cds-YP_009724391.1	TCT	S	TTT	F	180
NC_045512.2	25931	C	A	12074	5032	54	3	3	34	0.000248262	12084	0.996306	FALSE	ORF3a:cds-YP_009724391.1	TCT	S	TAT	Y	180
NC_045512.2	25932	T	C	12011	4979	54	4	4	34	0.000332889	12016	0.989385	FALSE	ORF3a:cds-YP_009724391.1	TCT	S	TCC	S	180
NC_045512.2	25932	T	A	12011	4979	54	1	1	34	8.32224e-05	12016	0.999878	FALSE	ORF3a:cds-YP_009724391.1	TCT	S	TCA	S	180
NC_045512.2	25933	G	T	12233	5083	54	7	7	34	0.000571802	12242	0.916521	FALSE	ORF3a:cds-YP_009724391.1	GAA	E	TAA	*	181
NC_045512.2	25933	G	C	12233	5083	54	1	1	34	8.1686e-05	12242	0.999878	FALSE	ORF3a:cds-YP_009724391.1	GAA	E	CAA	Q	181
NC_045512.2	25933	G	A	12233	5083	54	1	1	34	8.1686e-05	12242	0.999878	FALSE	ORF3a:cds-YP_009724391.1	GAA	E	AAA	K	181
NC_045512.2	25934	A	T	12288	5109	55	2	2	34	0.000162628	12298	0.999084	FALSE	ORF3a:cds-YP_009724391.1	GAA	E	GTA	V	181
NC_045512.2	25934	A	G	12288	5109	55	5	5	30	0.00040657	12298	0.975479	FALSE	ORF3a:cds-YP_009724391.1	GAA	E	GGA	G	181
NC_045512.2	25934	A	C	12288	5109	55	3	3	30	0.000243942	12298	0.996306	FALSE	ORF3a:cds-YP_009724391.1	GAA	E	GCA	A	181
NC_045512.2	25935	A	T	12224	5170	54	3	3	34	0.000245298	12230	0.996312	FALSE	ORF3a:cds-YP_009724391.1	GAA	E	GAT	D	181
NC_045512.2	25935	A	G	12224	5170	54	1	0	27	8.17661e-05	12230	1	FALSE	ORF3a:cds-YP_009724391.1	GAA	E	GAG	E	181
NC_045512.2	25935	A	C	12224	5170	54	2	1	34	0.000163532	12230	0.999086	FALSE	ORF3a:cds-YP_009724391.1	GAA	E	GAC	D	181
NC_045512.2	25936	C	T	12309	5147	55	3	2	34	0.000243506	12320	0.996304	FALSE	ORF3a:cds-YP_009724391.1	CAT	H	TAT	Y	182
NC_045512.2	25936	C	G	12309	5147	55	3	3	31	0.000243506	12320	0.996304	FALSE	ORF3a:cds-YP_009724391.1	CAT	H	GAT	D	182
NC_045512.2	25936	C	A	12309	5147	55	5	5	34	0.000405844	12320	0.97547	FALSE	ORF3a:cds-YP_009724391.1	CAT	H	AAT	N	182
NC_045512.2	25937	A	T	12320	5150	55	2	2	30	0.000162193	12331	0.999083	FALSE	ORF3a:cds-YP_009724391.1	CAT	H	CTT	L	182
NC_045512.2	25937	A	G	12320	5150	55	3	2	42	0.000243289	12331	0.312272	FALSE	ORF3a:cds-YP_009724391.1	CAT	H	CGT	R	182
NC_045512.2	25937	A	C	12320	5150	55	6	4	34	0.000486579	12331	0.951865	FALSE	ORF3a:cds-YP_009724391.1	CAT	H	CCT	P	182
NC_045512.2	25938	T	C	12325	5137	54	2	2	34	0.000162167	12333	0.999085	FALSE	ORF3a:cds-YP_009724391.1	CAT	H	CAC	H	182
NC_045512.2	25938	T	A	12325	5137	54	6	6	32	0.0004865	12333	0.951917	FALSE	ORF3a:cds-YP_009724391.1	CAT	H	CAA	Q	182
NC_045512.2	25939	G	T	12392	5196	55	4	4	30	0.000322555	12401	0.989367	FALSE	ORF3a:cds-YP_009724391.1	GAC	D	TAC	Y	183
NC_045512.2	25939	G	C	12392	5196	55	2	2	30	0.000161277	12401	0.999084	FALSE	ORF3a:cds-YP_009724391.1	GAC	D	CAC	H	183
NC_045512.2	25939	G	A	12392	5196	55	3	3	31	0.000241916	12401	0.996307	FALSE	ORF3a:cds-YP_009724391.1	GAC	D	AAC	N	183
NC_045512.2	25940	A	T	12424	5209	55	1	1	26	8.04505e-05	12430	1	FALSE	ORF3a:cds-YP_009724391.1	GAC	D	GTC	V	183
NC_045512.2	25940	A	G	12424	5209	55	5	5	34	0.000402253	12430	0.975517	FALSE	ORF3a:cds-YP_009724391.1	GAC	D	GGC	G	183
NC_045512.2	25941	C	T	12704	5266	55	3	2	34	0.000235997	12712	0.996309	FALSE	ORF3a:cds-YP_009724391.1	GAC	D	GAT	D	183
NC_045512.2	25941	C	G	12704	5266	55	1	1	34	7.86658e-05	12712	0.999878	FALSE	ORF3a:cds-YP_009724391.1	GAC	D	GAG	E	183
NC_045512.2	25941	C	A	12704	5266	55	4	4	34	0.000314663	12712	0.989371	FALSE	ORF3a:cds-YP_009724391.1	GAC	D	GAA	E	183
NC_045512.2	25942	T	G	12649	5254	55	2	2	30	0.000158015	12657	0.999085	FALSE	ORF3a:cds-YP_009724391.1	TAC	Y	GAC	D	184
NC_045512.2	25942	T	C	12649	5254	55	5	3	37	0.000395038	12657	0.975498	FALSE	ORF3a:cds-YP_009724391.1	TAC	Y	CAC	H	184
NC_045512.2	25942	T	A	12649	5254	55	1	1	26	7.90077e-05	12657	1	FALSE	ORF3a:cds-YP_009724391.1	TAC	Y	AAC	N	184
NC_045512.2	25943	A	T	12672	5273	55	6	6	34	0.000473037	12684	0.951849	FALSE	ORF3a:cds-YP_009724391.1	TAC	Y	TTC	F	184
NC_045512.2	25943	A	G	12672	5273	55	1	1	34	7.88395e-05	12684	0.999878	FALSE	ORF3a:cds-YP_009724391.1	TAC	Y	TGC	C	184
NC_045512.2	25943	A	C	12672	5273	55	5	3	30	0.000394197	12684	0.975461	FALSE	ORF3a:cds-YP_009724391.1	TAC	Y	TCC	S	184
NC_045512.2	25944	C	T	12727	5268	55	4	4	34	0.00031407	12736	0.989367	FALSE	ORF3a:cds-YP_009724391.1	TAC	Y	TAT	Y	184
NC_045512.2	25944	C	A	12727	5268	55	5	5	32	0.000392588	12736	0.975488	FALSE	ORF3a:cds-YP_009724391.1	TAC	Y	TAA	*	184
NC_045512.2	25945	C	T	12588	5282	54	3	3	34	0.000238228	12593	0.996314	FALSE	ORF3a:cds-YP_009724391.1	CAG	Q	TAG	*	185
NC_045512.2	25945	C	A	12588	5282	54	2	2	34	0.000158818	12593	0.999086	FALSE	ORF3a:cds-YP_009724391.1	CAG	Q	AAG	K	185
NC_045512.2	25946	A	T	12653	5282	54	1	1	34	7.89827e-05	12661	0.999878	FALSE	ORF3a:cds-YP_009724391.1	CAG	Q	CTG	L	185
NC_045512.2	25946	A	C	12653	5282	54	7	7	32	0.000552879	12661	0.916545	FALSE	ORF3a:cds-YP_009724391.1	CAG	Q	CCG	P	185
NC_045512.2	25947	G	T	12983	5337	54	3	3	56	0.000230822	12997	0.124841	FALSE	ORF3a:cds-YP_009724391.1	CAG	Q	CAT	H	185
NC_045512.2	25947	G	C	12983	5337	54	5	5	32	0.000384704	12997	0.975443	FALSE	ORF3a:cds-YP_009724391.1	CAG	Q	CAC	H	185
NC_045512.2	25947	G	A	12983	5337	54	6	6	32	0.000461645	12997	0.951817	FALSE	ORF3a:cds-YP_009724391.1	CAG	Q	CAA	Q	185
NC_045512.2	25948	A	G	12805	5348	53	6	5	32	0.000468274	12813	0.951915	FALSE	ORF3a:cds-YP_009724391.1	ATT	I	GTT	V	186
NC_045512.2	25948	A	C	12805	5348	53	2	2	34	0.000156091	12813	0.999085	FALSE	ORF3a:cds-YP_009724391.1	ATT	I	CTT	L	186
NC_045512.2	25948	A	-T	12805	5348	53	1	0	20	7.80457e-05	12813	1	FALSE	NA	NA	NA	NA	NA	NA
NC_045512.2	25949	T	G	12447	5132	49	4	3	28	0.000321027	12460	1	FALSE	ORF3a:cds-YP_009724391.1	ATT	I	AGT	S	186
NC_045512.2	25949	T	A	12447	5132	49	9	9	31	0.000722311	12460	0.808244	FALSE	ORF3a:cds-YP_009724391.1	ATT	I	AAT	N	186
NC_045512.2	25950	T	G	12845	5338	54	2	2	34	0.00015563	12851	0.999086	FALSE	ORF3a:cds-YP_009724391.1	ATT	I	ATG	M	186
NC_045512.2	25950	T	C	12845	5338	54	2	1	51	0.00015563	12851	0.249932	FALSE	ORF3a:cds-YP_009724391.1	ATT	I	ATC	I	186
NC_045512.2	25950	T	A	12845	5338	54	2	2	30	0.00015563	12851	0.999086	FALSE	ORF3a:cds-YP_009724391.1	ATT	I	ATA	I	186
NC_045512.2	25951	G	T	12916	5357	54	9	9	34	0.000696163	12928	0.808345	FALSE	ORF3a:cds-YP_009724391.1	GGT	G	TGT	C	187
NC_045512.2	25951	G	C	12916	5357	54	1	1	34	7.73515e-05	12928	0.999878	FALSE	ORF3a:cds-YP_009724391.1	GGT	G	CGT	R	187
NC_045512.2	25951	G	A	12916	5357	54	2	2	30	0.000154703	12928	0.999083	FALSE	ORF3a:cds-YP_009724391.1	GGT	G	AGT	S	187
NC_045512.2	25952	G	T	12950	5403	55	7	7	31	0.000540123	12960	0.916492	FALSE	ORF3a:cds-YP_009724391.1	GGT	G	GTT	V	187
NC_045512.2	25952	G	C	12950	5403	55	1	0	27	7.71605e-05	12960	1	FALSE	ORF3a:cds-YP_009724391.1	GGT	G	GCT	A	187
NC_045512.2	25952	G	A	12950	5403	55	2	2	40	0.000154321	12960	0.499797	FALSE	ORF3a:cds-YP_009724391.1	GGT	G	GAT	D	187
NC_045512.2	25953	T	G	13091	5441	55	7	7	31	0.00053427	13102	0.942351	FALSE	ORF3a:cds-YP_009724391.1	GGT	G	GGG	G	187
NC_045512.2	25953	T	C	13091	5441	55	3	2	45	0.000228973	13102	0.312285	FALSE	ORF3a:cds-YP_009724391.1	GGT	G	GGC	G	187
NC_045512.2	25953	T	A	13091	5441	55	1	1	34	7.63242e-05	13102	0.999939	FALSE	ORF3a:cds-YP_009724391.1	GGT	G	GGA	G	187
NC_045512.2	25954	G	T	13193	5440	55	6	6	34	0.000454511	13201	0.968251	FALSE	ORF3a:cds-YP_009724391.1	GGT	G	TGT	C	188
NC_045512.2	25954	G	C	13193	5440	55	1	1	26	7.57518e-05	13201	1	FALSE	ORF3a:cds-YP_009724391.1	GGT	G	CGT	R	188
NC_045512.2	25954	G	A	13193	5440	55	1	1	34	7.57518e-05	13201	0.999939	FALSE	ORF3a:cds-YP_009724391.1	GGT	G	AGT	S	188
NC_045512.2	25955	G	T	13211	5444	54	4	4	34	0.000302686	13215	0.993654	FALSE	ORF3a:cds-YP_009724391.1	GGT	G	GTT	V	188
NC_045512.2	25956	T	G	13044	5406	54	9	8	34	0.000689497	13053	0.857004	FALSE	ORF3a:cds-YP_009724391.1	GGT	G	GGG	G	188
NC_045512.2	25957	T	G	13107	5426	54	5	4	30	0.000381243	13115	0.984574	FALSE	ORF3a:cds-YP_009724391.1	TAT	Y	GAT	D	189
NC_045512.2	25957	T	C	13107	5426	54	3	2	56	0.000228746	13115	0.124929	FALSE	ORF3a:cds-YP_009724391.1	TAT	Y	CAT	H	189
NC_045512.2	25958	A	T	13026	5424	54	8	7	32	0.000613497	13040	0.905317	FALSE	ORF3a:cds-YP_009724391.1	TAT	Y	TTT	F	189
NC_045512.2	25958	A	G	13026	5424	54	5	3	32	0.000383436	13040	0.984536	FALSE	ORF3a:cds-YP_009724391.1	TAT	Y	TGT	C	189
NC_045512.2	25958	A	C	13026	5424	54	1	1	34	7.66871e-05	13040	0.999939	FALSE	ORF3a:cds-YP_009724391.1	TAT	Y	TCT	S	189
NC_045512.2	25959	T	C	13125	5445	55	1	1	34	7.61267e-05	13136	0.999939	FALSE	ORF3a:cds-YP_009724391.1	TAT	Y	TAC	Y	189
NC_045512.2	25959	T	A	13125	5445	55	10	9	31	0.000761267	13136	0.797667	FALSE	ORF3a:cds-YP_009724391.1	TAT	Y	TAA	*	189
NC_045512.2	25960	A	T	12925	5438	54	12	12	32	0.000927572	12937	0.580702	FALSE	ORF3a:cds-YP_009724391.1	ACT	T	TCT	S	190
NC_045512.2	25961	C	T	13095	5457	54	6	6	34	0.000457736	13108	0.968192	FALSE	ORF3a:cds-YP_009724391.1	ACT	T	ATT	I	190
NC_045512.2	25961	C	G	13095	5457	54	1	1	34	7.62893e-05	13108	0.999939	FALSE	ORF3a:cds-YP_009724391.1	ACT	T	AGT	S	190
NC_045512.2	25961	C	A	13095	5457	54	6	6	34	0.000457736	13108	0.968192	FALSE	ORF3a:cds-YP_009724391.1	ACT	T	AAT	N	190
NC_045512.2	25962	T	G	12935	5346	54	4	2	32	0.00030888	12950	0.989341	FALSE	ORF3a:cds-YP_009724391.1	ACT	T	ACG	T	190
NC_045512.2	25962	T	C	12935	5346	54	7	7	37	0.000540541	12950	0.916362	FALSE	ORF3a:cds-YP_009724391.1	ACT	T	ACC	T	190
NC_045512.2	25962	T	A	12935	5346	54	4	4	32	0.00030888	12950	0.989341	FALSE	ORF3a:cds-YP_009724391.1	ACT	T	ACA	T	190
NC_045512.2	25963	G	T	12974	5362	54	6	6	31	0.000461965	12988	0.951816	FALSE	ORF3a:cds-YP_009724391.1	GAA	E	TAA	*	191
NC_045512.2	25963	G	C	12974	5362	54	5	5	34	0.000384971	12988	0.975443	FALSE	ORF3a:cds-YP_009724391.1	GAA	E	CAA	Q	191
NC_045512.2	25963	G	A	12974	5362	54	3	2	45	0.000230982	12988	0.312197	FALSE	ORF3a:cds-YP_009724391.1	GAA	E	AAA	K	191
NC_045512.2	25963	G	-A	12974	5362	54	4	0	20	0.000307977	12988	1	FALSE	NA	NA	NA	NA	NA	NA
NC_045512.2	25964	A	T	12975	5372	54	4	4	34	0.000307977	12988	0.989332	FALSE	ORF3a:cds-YP_009724391.1	GAA	E	GTA	V	191
NC_045512.2	25964	A	G	12975	5372	54	8	8	38	0.000615953	12988	0.868208	FALSE	ORF3a:cds-YP_009724391.1	GAA	E	GGA	G	191
NC_045512.2	25964	A	C	12975	5372	54	1	1	34	7.69941e-05	12988	0.999877	FALSE	ORF3a:cds-YP_009724391.1	GAA	E	GCA	A	191
NC_045512.2	25965	A	T	12960	5382	54	3	3	31	0.000231321	12969	0.996307	FALSE	ORF3a:cds-YP_009724391.1	GAA	E	GAT	D	191
NC_045512.2	25965	A	G	12960	5382	54	4	4	40	0.000308428	12969	0.18738	FALSE	ORF3a:cds-YP_009724391.1	GAA	E	GAG	E	191
NC_045512.2	25965	A	C	12960	5382	54	2	2	30	0.000154214	12969	0.999084	FALSE	ORF3a:cds-YP_009724391.1	GAA	E	GAC	D	191
NC_045512.2	25966	A	T	12161	5113	54	2	2	30	0.000164352	12169	0.999085	FALSE	ORF3a:cds-YP_009724391.1	AAA	K	TAA	*	192
NC_045512.2	25966	A	G	12161	5113	54	3	3	45	0.000246528	12169	0.312361	FALSE	ORF3a:cds-YP_009724391.1	AAA	K	GAA	E	192
NC_045512.2	25966	A	C	12161	5113	54	3	2	34	0.000246528	12169	0.996309	FALSE	ORF3a:cds-YP_009724391.1	AAA	K	CAA	Q	192
NC_045512.2	25967	A	T	12023	5189	53	1	1	34	8.31393e-05	12028	0.999878	FALSE	ORF3a:cds-YP_009724391.1	AAA	K	ATA	I	192
NC_045512.2	25967	A	G	12023	5189	53	3	1	28	0.000249418	12028	1	FALSE	ORF3a:cds-YP_009724391.1	AAA	K	AGA	R	192
NC_045512.2	25967	A	C	12023	5189	53	1	0	34	8.31393e-05	12028	0.999878	FALSE	ORF3a:cds-YP_009724391.1	AAA	K	ACA	T	192
NC_045512.2	25968	A	T	12131	5210	54	1	1	34	8.24131e-05	12134	0.999878	FALSE	ORF3a:cds-YP_009724391.1	AAA	K	AAT	N	192
NC_045512.2	25968	A	G	12131	5210	54	1	1	34	8.24131e-05	12134	0.999878	FALSE	ORF3a:cds-YP_009724391.1	AAA	K	AAG	K	192
NC_045512.2	25968	A	C	12131	5210	54	1	1	34	8.24131e-05	12134	0.999878	FALSE	ORF3a:cds-YP_009724391.1	AAA	K	AAC	N	192
NC_045512.2	25969	T	G	12184	5246	54	2	2	30	0.000163975	12197	0.999082	FALSE	ORF3a:cds-YP_009724391.1	TGG	W	GGG	G	193
NC_045512.2	25969	T	C	12184	5246	54	3	3	42	0.000245962	12197	0.312208	FALSE	ORF3a:cds-YP_009724391.1	TGG	W	CGG	R	193
NC_045512.2	25969	T	A	12184	5246	54	8	8	33	0.000655899	12197	0.868353	FALSE	ORF3a:cds-YP_009724391.1	TGG	W	AGG	R	193
NC_045512.2	25970	G	T	12147	5230	54	9	9	33	0.000740192	12159	0.808345	FALSE	ORF3a:cds-YP_009724391.1	TGG	W	TTG	L	193
NC_045512.2	25970	G	A	12147	5230	54	3	3	45	0.000246731	12159	0.312238	FALSE	ORF3a:cds-YP_009724391.1	TGG	W	TAG	*	193
NC_045512.2	25971	G	T	12146	5232	54	2	2	34	0.000164582	12152	0.999086	FALSE	ORF3a:cds-YP_009724391.1	TGG	W	TGT	C	193
NC_045512.2	25971	G	C	12146	5232	54	2	2	34	0.000164582	12152	0.999086	FALSE	ORF3a:cds-YP_009724391.1	TGG	W	TGC	C	193
NC_045512.2	25971	G	A	12146	5232	54	2	2	51	0.000164582	12152	0.249928	FALSE	ORF3a:cds-YP_009724391.1	TGG	W	TGA	*	193
NC_045512.2	25972	G	T	12183	5272	54	4	4	34	0.000328084	12192	0.989367	FALSE	ORF3a:cds-YP_009724391.1	GAA	E	TAA	*	194
NC_045512.2	25972	G	C	12183	5272	54	2	2	34	0.000164042	12192	0.999084	FALSE	ORF3a:cds-YP_009724391.1	GAA	E	CAA	Q	194
NC_045512.2	25972	G	A	12183	5272	54	3	3	31	0.000246063	12192	0.996307	FALSE	ORF3a:cds-YP_009724391.1	GAA	E	AAA	K	194
NC_045512.2	25973	A	T	12231	5251	54	2	2	34	0.000163319	12246	0.999082	FALSE	ORF3a:cds-YP_009724391.1	GAA	E	GTA	V	194
NC_045512.2	25973	A	G	12231	5251	54	11	10	30	0.000898252	12246	0.661035	FALSE	ORF3a:cds-YP_009724391.1	GAA	E	GGA	G	194
NC_045512.2	25973	A	C	12231	5251	54	2	2	30	0.000163319	12246	0.999082	FALSE	ORF3a:cds-YP_009724391.1	GAA	E	GCA	A	194
NC_045512.2	25974	A	G	12257	5302	54	5	4	38	0.000407697	12264	0.975508	FALSE	ORF3a:cds-YP_009724391.1	GAA	E	GAG	E	194
NC_045512.2	25974	A	C	12257	5302	54	2	2	30	0.000163079	12264	0.999085	FALSE	ORF3a:cds-YP_009724391.1	GAA	E	GAC	D	194
NC_045512.2	25975	T	G	12238	5306	54	5	5	29	0.000408063	12253	1	FALSE	ORF3a:cds-YP_009724391.1	TCT	S	GCT	A	195
NC_045512.2	25975	T	A	12238	5306	54	10	9	30	0.000816127	12253	0.738109	FALSE	ORF3a:cds-YP_009724391.1	TCT	S	ACT	T	195
NC_045512.2	25976	C	T	12207	5314	54	8	8	33	0.000654664	12220	0.868353	FALSE	ORF3a:cds-YP_009724391.1	TCT	S	TTT	F	195
NC_045512.2	25976	C	A	12207	5314	54	5	5	34	0.000409165	12220	0.97545	FALSE	ORF3a:cds-YP_009724391.1	TCT	S	TAT	Y	195
NC_045512.2	25977	T	G	12262	5320	54	1	1	34	8.14531e-05	12277	0.999877	FALSE	ORF3a:cds-YP_009724391.1	TCT	S	TCG	S	195
NC_045512.2	25977	T	C	12262	5320	54	8	7	35	0.000651625	12277	0.868275	FALSE	ORF3a:cds-YP_009724391.1	TCT	S	TCC	S	195
NC_045512.2	25977	T	A	12262	5320	54	6	6	34	0.000488719	12277	0.951796	FALSE	ORF3a:cds-YP_009724391.1	TCT	S	TCA	S	195
NC_045512.2	25978	G	T	12260	5306	54	11	11	34	0.00089613	12275	0.661036	FALSE	ORF3a:cds-YP_009724391.1	GGA	G	TGA	*	196
NC_045512.2	25978	G	C	12260	5306	54	2	2	34	0.000162933	12275	0.999082	FALSE	ORF3a:cds-YP_009724391.1	GGA	G	CGA	R	196
NC_045512.2	25978	G	A	12260	5306	54	2	2	34	0.000162933	12275	0.999082	FALSE	ORF3a:cds-YP_009724391.1	GGA	G	AGA	R	196
NC_045512.2	25979	G	T	12459	5350	54	2	2	34	0.000160436	12466	0.999085	FALSE	ORF3a:cds-YP_009724391.1	GGA	G	GTA	V	196
NC_045512.2	25979	G	C	12459	5350	54	2	2	30	0.000160436	12466	0.999085	FALSE	ORF3a:cds-YP_009724391.1	GGA	G	GCA	A	196
NC_045512.2	25979	G	A	12459	5350	54	3	3	28	0.000240655	12466	1	FALSE	ORF3a:cds-YP_009724391.1	GGA	G	GAA	E	196
NC_045512.2	25980	A	T	12516	5365	54	3	3	34	0.000239425	12530	0.996299	FALSE	ORF3a:cds-YP_009724391.1	GGA	G	GGT	G	196
NC_045512.2	25980	A	G	12516	5365	54	10	10	32	0.000798085	12530	0.738174	FALSE	ORF3a:cds-YP_009724391.1	GGA	G	GGG	G	196
NC_045512.2	25980	A	C	12516	5365	54	1	1	26	7.98085e-05	12530	1	FALSE	ORF3a:cds-YP_009724391.1	GGA	G	GGC	G	196
NC_045512.2	25981	G	T	12991	5445	54	2	2	34	0.000153799	13004	0.999511	FALSE	ORF3a:cds-YP_009724391.1	GTA	V	TTA	L	197
NC_045512.2	25981	G	C	12991	5445	54	3	3	31	0.000230698	13004	0.997906	FALSE	ORF3a:cds-YP_009724391.1	GTA	V	CTA	L	197
NC_045512.2	25981	G	A	12991	5445	54	8	8	32	0.000615195	13004	0.905347	FALSE	ORF3a:cds-YP_009724391.1	GTA	V	ATA	I	197
NC_045512.2	25982	T	G	12986	5507	54	12	8	31	0.000922864	13003	0.654766	FALSE	ORF3a:cds-YP_009724391.1	GTA	V	GGA	G	197
NC_045512.2	25982	T	C	12986	5507	54	3	3	31	0.000230716	13003	0.997902	FALSE	ORF3a:cds-YP_009724391.1	GTA	V	GCA	A	197
NC_045512.2	25982	T	A	12986	5507	54	2	2	30	0.000153811	13003	0.99951	FALSE	ORF3a:cds-YP_009724391.1	GTA	V	GAA	E	197
NC_045512.2	25983	A	T	13016	5518	54	7	7	34	0.000537387	13026	0.942371	FALSE	ORF3a:cds-YP_009724391.1	GTA	V	GTT	V	197
NC_045512.2	25983	A	G	13016	5518	54	1	1	34	7.67695e-05	13026	0.999939	FALSE	ORF3a:cds-YP_009724391.1	GTA	V	GTG	V	197
NC_045512.2	25983	A	C	13016	5518	54	2	1	26	0.000153539	13026	1	FALSE	ORF3a:cds-YP_009724391.1	GTA	V	GTC	V	197
NC_045512.2	25984	A	T	12966	5518	53	3	3	31	0.000231232	12974	0.996309	FALSE	ORF3a:cds-YP_009724391.1	AAA	K	TAA	*	198
NC_045512.2	25984	A	G	12966	5518	53	3	3	31	0.000231232	12974	0.996309	FALSE	ORF3a:cds-YP_009724391.1	AAA	K	GAA	E	198
NC_045512.2	25984	A	C	12966	5518	53	2	2	34	0.000154154	12974	0.999085	FALSE	ORF3a:cds-YP_009724391.1	AAA	K	CAA	Q	198
NC_045512.2	25985	A	T	12944	5557	54	7	7	32	0.000540374	12954	0.916492	FALSE	ORF3a:cds-YP_009724391.1	AAA	K	ATA	I	198
NC_045512.2	25985	A	G	12944	5557	54	1	0	34	7.71962e-05	12954	0.999878	FALSE	ORF3a:cds-YP_009724391.1	AAA	K	AGA	R	198
NC_045512.2	25985	A	C	12944	5557	54	2	2	34	0.000154392	12954	0.999084	FALSE	ORF3a:cds-YP_009724391.1	AAA	K	ACA	T	198
NC_045512.2	25986	A	T	13197	5591	54	3	3	31	0.000227221	13203	0.997913	FALSE	ORF3a:cds-YP_009724391.1	AAA	K	AAT	N	198
NC_045512.2	25986	A	G	13197	5591	54	1	0	68	7.57404e-05	13203	0.499924	FALSE	ORF3a:cds-YP_009724391.1	AAA	K	AAG	K	198
NC_045512.2	25986	A	C	13197	5591	54	2	2	34	0.000151481	13203	0.999512	FALSE	ORF3a:cds-YP_009724391.1	AAA	K	AAC	N	198
NC_045512.2	25987	G	T	13169	5599	54	3	1	42	0.00022748	13188	0.312059	FALSE	ORF3a:cds-YP_009724391.1	GAC	D	TAC	Y	199
NC_045512.2	25987	G	C	13169	5599	54	4	4	32	0.000303306	13188	0.993612	FALSE	ORF3a:cds-YP_009724391.1	GAC	D	CAC	H	199
NC_045512.2	25987	G	A	13169	5599	54	12	12	35	0.000909918	13188	0.654628	FALSE	ORF3a:cds-YP_009724391.1	GAC	D	AAC	N	199
NC_045512.2	25988	A	T	13104	5584	53	3	3	31	0.000228746	13115	0.997908	FALSE	ORF3a:cds-YP_009724391.1	GAC	D	GTC	V	199
NC_045512.2	25988	A	G	13104	5584	53	7	7	35	0.00053374	13115	0.942351	FALSE	ORF3a:cds-YP_009724391.1	GAC	D	GGC	G	199
NC_045512.2	25988	A	C	13104	5584	53	1	1	34	7.62486e-05	13115	0.999939	FALSE	ORF3a:cds-YP_009724391.1	GAC	D	GCC	A	199
NC_045512.2	25989	C	T	13176	5658	53	1	1	26	7.5815e-05	13190	1	FALSE	ORF3a:cds-YP_009724391.1	GAC	D	GAT	D	199
NC_045512.2	25989	C	G	13176	5658	53	2	2	34	0.00015163	13190	0.999511	FALSE	ORF3a:cds-YP_009724391.1	GAC	D	GAG	E	199
NC_045512.2	25989	C	A	13176	5658	53	11	11	34	0.000833965	13190	0.729341	FALSE	ORF3a:cds-YP_009724391.1	GAC	D	GAA	E	199
NC_045512.2	25990	T	G	13181	5670	54	5	5	34	0.00037896	13194	0.984543	FALSE	ORF3a:cds-YP_009724391.1	TGT	C	GGT	G	200
NC_045512.2	25990	T	C	13181	5670	54	7	7	32	0.000530544	13194	0.942311	FALSE	ORF3a:cds-YP_009724391.1	TGT	C	CGT	R	200
NC_045512.2	25990	T	A	13181	5670	54	1	1	34	7.5792e-05	13194	0.999939	FALSE	ORF3a:cds-YP_009724391.1	TGT	C	AGT	S	200
NC_045512.2	25991	G	T	13831	5746	53	11	10	32	0.000794396	13847	0.729224	FALSE	ORF3a:cds-YP_009724391.1	TGT	C	TTT	F	200
NC_045512.2	25991	G	C	13831	5746	53	2	2	34	0.000144436	13847	0.99951	FALSE	ORF3a:cds-YP_009724391.1	TGT	C	TCT	S	200
NC_045512.2	25991	G	A	13831	5746	53	3	3	34	0.000216653	13847	0.997904	FALSE	ORF3a:cds-YP_009724391.1	TGT	C	TAT	Y	200
NC_045512.2	25992	T	G	13883	5757	53	8	8	33	0.000575581	13899	0.905265	FALSE	ORF3a:cds-YP_009724391.1	TGT	C	TGG	W	200
NC_045512.2	25992	T	C	13883	5757	53	5	5	30	0.000359738	13899	0.984526	FALSE	ORF3a:cds-YP_009724391.1	TGT	C	TGC	C	200
NC_045512.2	25992	T	A	13883	5757	53	3	3	34	0.000215843	13899	0.997904	FALSE	ORF3a:cds-YP_009724391.1	TGT	C	TGA	*	200
NC_045512.2	25993	G	T	13917	5758	53	11	11	34	0.000789606	13931	0.729343	FALSE	ORF3a:cds-YP_009724391.1	GTT	V	TTT	F	201
NC_045512.2	25993	G	C	13917	5758	53	2	2	30	0.000143565	13931	0.999511	FALSE	ORF3a:cds-YP_009724391.1	GTT	V	CTT	L	201
NC_045512.2	25993	G	A	13917	5758	53	1	1	26	7.17824e-05	13931	1	FALSE	ORF3a:cds-YP_009724391.1	GTT	V	ATT	I	201
NC_045512.2	25994	T	G	13963	5793	53	8	8	31	0.000572533	13973	0.905432	FALSE	ORF3a:cds-YP_009724391.1	GTT	V	GGT	G	201
NC_045512.2	25994	T	C	13963	5793	53	1	1	60	7.15666e-05	13973	0.499857	FALSE	ORF3a:cds-YP_009724391.1	GTT	V	GCT	A	201
NC_045512.2	25994	T	A	13963	5793	53	1	1	34	7.15666e-05	13973	0.999939	FALSE	ORF3a:cds-YP_009724391.1	GTT	V	GAT	D	201
NC_045512.2	25995	T	G	13960	5867	53	5	5	34	0.000357987	13967	0.984579	FALSE	ORF3a:cds-YP_009724391.1	GTT	V	GTG	V	201
NC_045512.2	25995	T	A	13960	5867	53	2	2	30	0.000143195	13967	0.999512	FALSE	ORF3a:cds-YP_009724391.1	GTT	V	GTA	V	201
NC_045512.2	25996	G	T	15131	5972	52	13	12	36	0.000858256	15147	0.714176	FALSE	ORF3a:cds-YP_009724391.1	GTA	V	TTA	L	202
NC_045512.2	25996	G	A	15131	5972	52	3	3	31	0.000198059	15147	0.999342	FALSE	ORF3a:cds-YP_009724391.1	GTA	V	ATA	I	202
NC_045512.2	25997	T	G	14986	5793	50	6	6	32	0.000400107	14996	0.979316	FALSE	ORF3a:cds-YP_009724391.1	GTA	V	GGA	G	202
NC_045512.2	25997	T	C	14986	5793	50	2	2	34	0.000133369	14996	0.999741	FALSE	ORF3a:cds-YP_009724391.1	GTA	V	GCA	A	202
NC_045512.2	25997	T	A	14986	5793	50	2	2	34	0.000133369	14996	0.999741	FALSE	ORF3a:cds-YP_009724391.1	GTA	V	GAA	E	202
NC_045512.2	25998	A	T	15207	6031	52	14	14	32	0.00091948	15226	0.644265	FALSE	ORF3a:cds-YP_009724391.1	GTA	V	GTT	V	202
NC_045512.2	25998	A	G	15207	6031	52	3	2	31	0.000197031	15226	0.999341	FALSE	ORF3a:cds-YP_009724391.1	GTA	V	GTG	V	202
NC_045512.2	25998	A	C	15207	6031	52	2	2	34	0.000131354	15226	0.999862	FALSE	ORF3a:cds-YP_009724391.1	GTA	V	GTC	V	202
NC_045512.2	25999	T	G	15336	6030	52	5	3	29	0.000325712	15351	1	FALSE	ORF3a:cds-YP_009724391.1	TTA	L	GTA	V	203
NC_045512.2	25999	T	C	15336	6030	52	2	2	34	0.000130285	15351	0.999862	FALSE	ORF3a:cds-YP_009724391.1	TTA	L	CTA	L	203
NC_045512.2	25999	T	A	15336	6030	52	8	8	33	0.000521139	15351	0.9534	FALSE	ORF3a:cds-YP_009724391.1	TTA	L	ATA	I	203
NC_045512.2	26000	T	C	14766	5742	51	1	1	34	6.77002e-05	14771	0.99997	FALSE	ORF3a:cds-YP_009724391.1	TTA	L	TCA	S	203
NC_045512.2	26000	T	A	14766	5742	51	4	4	32	0.000270801	14771	0.99624	FALSE	ORF3a:cds-YP_009724391.1	TTA	L	TAA	*	203
NC_045512.2	26001	A	T	14297	5829	50	9	9	31	0.000628887	14311	0.89495	FALSE	ORF3a:cds-YP_009724391.1	TTA	L	TTT	F	203
NC_045512.2	26001	A	G	14297	5829	50	2	2	34	0.000139753	14311	0.99974	FALSE	ORF3a:cds-YP_009724391.1	TTA	L	TTG	L	203
NC_045512.2	26001	A	C	14297	5829	50	3	3	34	0.000209629	14311	0.998823	FALSE	ORF3a:cds-YP_009724391.1	TTA	L	TTC	F	203
NC_045512.2	26002	C	T	14672	5817	51	7	6	31	0.00047658	14688	0.96077	FALSE	ORF3a:cds-YP_009724391.1	CAC	H	TAC	Y	204
NC_045512.2	26002	C	A	14672	5817	51	9	9	34	0.000612745	14688	0.894891	FALSE	ORF3a:cds-YP_009724391.1	CAC	H	AAC	N	204
NC_045512.2	26003	A	T	14668	5773	51	3	2	28	0.000204304	14684	1	FALSE	ORF3a:cds-YP_009724391.1	CAC	H	CTC	L	204
NC_045512.2	26003	A	G	14668	5773	51	2	2	51	0.000136203	14684	0.24977	FALSE	ORF3a:cds-YP_009724391.1	CAC	H	CGC	R	204
NC_045512.2	26003	A	C	14668	5773	51	11	11	32	0.000749115	14684	0.787722	FALSE	ORF3a:cds-YP_009724391.1	CAC	H	CCC	P	204
NC_045512.2	26004	C	T	14886	5893	51	4	4	40	0.000268402	14903	0.187227	FALSE	ORF3a:cds-YP_009724391.1	CAC	H	CAT	H	204
NC_045512.2	26004	C	G	14886	5893	51	2	0	30	0.000134201	14903	0.99974	FALSE	ORF3a:cds-YP_009724391.1	CAC	H	CAG	Q	204
NC_045512.2	26004	C	A	14886	5893	51	11	11	34	0.000738106	14903	0.787675	FALSE	ORF3a:cds-YP_009724391.1	CAC	H	CAA	Q	204
NC_045512.2	26005	A	G	13969	5367	50	2	2	47	0.000143031	13983	0.499705	FALSE	ORF3a:cds-YP_009724391.1	AGT	S	GGT	G	205
NC_045512.2	26005	A	C	13969	5367	50	12	10	32	0.000858185	13983	0.654981	FALSE	ORF3a:cds-YP_009724391.1	AGT	S	CGT	R	205
NC_045512.2	26006	G	T	14259	5388	50	1	1	34	7.00574e-05	14274	0.999969	FALSE	ORF3a:cds-YP_009724391.1	AGT	S	ATT	I	205
NC_045512.2	26006	G	C	14259	5388	50	3	3	31	0.000210172	14274	0.998822	FALSE	ORF3a:cds-YP_009724391.1	AGT	S	ACT	T	205
NC_045512.2	26006	G	A	14259	5388	50	11	11	34	0.000770632	14274	0.787771	FALSE	ORF3a:cds-YP_009724391.1	AGT	S	AAT	N	205
NC_045512.2	26007	T	G	14141	5410	50	8	8	34	0.000565091	14157	0.933024	FALSE	ORF3a:cds-YP_009724391.1	AGT	S	AGG	R	205
NC_045512.2	26007	T	C	14141	5410	50	5	5	34	0.000353182	14157	0.990375	FALSE	ORF3a:cds-YP_009724391.1	AGT	S	AGC	S	205
NC_045512.2	26007	T	A	14141	5410	50	3	3	34	0.000211909	14157	0.998822	FALSE	ORF3a:cds-YP_009724391.1	AGT	S	AGA	R	205
NC_045512.2	26008	T	G	14078	5457	49	3	3	34	0.000212902	14091	0.998823	FALSE	ORF3a:cds-YP_009724391.1	TAC	Y	GAC	D	206
NC_045512.2	26008	T	C	14078	5457	49	3	0	34	0.000212902	14091	0.998823	FALSE	ORF3a:cds-YP_009724391.1	TAC	Y	CAC	H	206
NC_045512.2	26008	T	A	14078	5457	49	7	7	32	0.000496771	14091	0.960809	FALSE	ORF3a:cds-YP_009724391.1	TAC	Y	AAC	N	206
NC_045512.2	26009	A	T	13829	5491	49	11	11	32	0.000794453	13846	0.729165	FALSE	ORF3a:cds-YP_009724391.1	TAC	Y	TTC	F	206
NC_045512.2	26009	A	G	13829	5491	49	5	5	34	0.000361115	13846	0.98452	FALSE	ORF3a:cds-YP_009724391.1	TAC	Y	TGC	C	206
NC_045512.2	26009	A	C	13829	5491	49	1	1	34	7.2223e-05	13846	0.999939	FALSE	ORF3a:cds-YP_009724391.1	TAC	Y	TCC	S	206
NC_045512.2	26010	C	T	13167	6385	45	5	5	32	0.000379276	13183	0.984524	FALSE	ORF3a:cds-YP_009724391.1	TAC	Y	TAT	Y	206
NC_045512.2	26010	C	G	13167	6385	45	3	1	31	0.000227566	13183	0.997903	FALSE	ORF3a:cds-YP_009724391.1	TAC	Y	TAG	*	206
NC_045512.2	26010	C	A	13167	6385	45	8	8	33	0.000606842	13183	0.905259	FALSE	ORF3a:cds-YP_009724391.1	TAC	Y	TAA	*	206
NC_045512.2	26011	T	G	14071	6367	46	3	1	34	0.000212977	14086	0.998822	FALSE	ORF3a:cds-YP_009724391.1	TTC	F	GTC	V	207
NC_045512.2	26011	T	C	14071	6367	46	9	8	36	0.000638932	14086	0.894918	FALSE	ORF3a:cds-YP_009724391.1	TTC	F	CTC	L	207
NC_045512.2	26011	T	A	14071	6367	46	3	3	34	0.000212977	14086	0.998822	FALSE	ORF3a:cds-YP_009724391.1	TTC	F	ATC	I	207
NC_045512.2	26012	T	G	14078	6393	46	1	1	34	7.09925e-05	14086	0.999969	FALSE	ORF3a:cds-YP_009724391.1	TTC	F	TGC	C	207
NC_045512.2	26012	T	C	14078	6393	46	3	3	34	0.000212977	14086	0.998826	FALSE	ORF3a:cds-YP_009724391.1	TTC	F	TCC	S	207
NC_045512.2	26012	T	A	14078	6393	46	4	4	34	0.00028397	14086	0.996235	FALSE	ORF3a:cds-YP_009724391.1	TTC	F	TAC	Y	207
NC_045512.2	26013	C	T	13915	6372	46	9	9	34	0.000646041	13931	0.856726	FALSE	ORF3a:cds-YP_009724391.1	TTC	F	TTT	F	207
NC_045512.2	26013	C	G	13915	6372	46	3	3	34	0.000215347	13931	0.997904	FALSE	ORF3a:cds-YP_009724391.1	TTC	F	TTG	L	207
NC_045512.2	26013	C	A	13915	6372	46	4	3	34	0.000287129	13931	0.993621	FALSE	ORF3a:cds-YP_009724391.1	TTC	F	TTA	L	207
NC_045512.2	26014	A	T	13879	6311	46	5	5	32	0.000359893	13893	0.984537	FALSE	ORF3a:cds-YP_009724391.1	ACT	T	TCT	S	208
NC_045512.2	26014	A	G	13879	6311	46	2	2	34	0.000143957	13893	0.999511	FALSE	ORF3a:cds-YP_009724391.1	ACT	T	GCT	A	208
NC_045512.2	26014	A	C	13879	6311	46	7	7	32	0.000503851	13893	0.942294	FALSE	ORF3a:cds-YP_009724391.1	ACT	T	CCT	P	208
NC_045512.2	26015	C	T	14145	6448	46	7	7	31	0.000494315	14161	0.960768	FALSE	ORF3a:cds-YP_009724391.1	ACT	T	ATT	I	208
NC_045512.2	26015	C	G	14145	6448	46	2	1	30	0.000141233	14161	0.99974	FALSE	ORF3a:cds-YP_009724391.1	ACT	T	AGT	S	208
NC_045512.2	26015	C	A	14145	6448	46	7	7	34	0.000494315	14161	0.960768	FALSE	ORF3a:cds-YP_009724391.1	ACT	T	AAT	N	208
NC_045512.2	26016	T	G	14009	6382	46	2	1	26	0.000142613	14024	1	FALSE	ORF3a:cds-YP_009724391.1	ACT	T	ACG	T	208
NC_045512.2	26016	T	C	14009	6382	46	10	10	34	0.000713063	14024	0.846209	FALSE	ORF3a:cds-YP_009724391.1	ACT	T	ACC	T	208
NC_045512.2	26016	T	A	14009	6382	46	3	3	31	0.000213919	14024	0.998822	FALSE	ORF3a:cds-YP_009724391.1	ACT	T	ACA	T	208
NC_045512.2	26017	T	G	13943	6500	46	3	3	34	0.000215023	13952	0.99791	FALSE	ORF3a:cds-YP_009724391.1	TCA	S	GCA	A	209
NC_045512.2	26017	T	C	13943	6500	46	4	3	32	0.000286697	13952	0.99364	FALSE	ORF3a:cds-YP_009724391.1	TCA	S	CCA	P	209
NC_045512.2	26017	T	A	13943	6500	46	2	2	34	0.000143349	13952	0.999512	FALSE	ORF3a:cds-YP_009724391.1	TCA	S	ACA	T	209
NC_045512.2	26018	C	T	13813	7117	43	11	11	34	0.000795487	13828	0.729283	FALSE	ORF3a:cds-YP_009724391.1	TCA	S	TTA	L	209
NC_045512.2	26018	C	G	13813	7117	43	2	2	30	0.000144634	13828	0.99951	FALSE	ORF3a:cds-YP_009724391.1	TCA	S	TGA	*	209
NC_045512.2	26018	C	A	13813	7117	43	2	2	40	0.000144634	13828	0.499674	FALSE	ORF3a:cds-YP_009724391.1	TCA	S	TAA	*	209
NC_045512.2	26019	A	T	13584	6987	43	8	8	32	0.000588062	13604	0.905148	FALSE	ORF3a:cds-YP_009724391.1	TCA	S	TCT	S	209
NC_045512.2	26019	A	G	13584	6987	43	4	3	32	0.000294031	13604	0.99361	FALSE	ORF3a:cds-YP_009724391.1	TCA	S	TCG	S	209
NC_045512.2	26019	A	C	13584	6987	43	8	8	31	0.000588062	13604	0.905148	FALSE	ORF3a:cds-YP_009724391.1	TCA	S	TCC	S	209
NC_045512.2	26020	G	T	13758	7046	42	3	3	31	0.000217786	13775	0.997903	FALSE	ORF3a:cds-YP_009724391.1	GAC	D	TAC	Y	210
NC_045512.2	26020	G	C	13758	7046	42	2	2	34	0.000145191	13775	0.99951	FALSE	ORF3a:cds-YP_009724391.1	GAC	D	CAC	H	210
NC_045512.2	26020	G	A	13758	7046	42	12	12	34	0.000871143	13775	0.654778	FALSE	ORF3a:cds-YP_009724391.1	GAC	D	AAC	N	210
NC_045512.2	26021	A	T	13797	7085	43	3	3	34	0.000217218	13811	0.997905	FALSE	ORF3a:cds-YP_009724391.1	GAC	D	GTC	V	210
NC_045512.2	26021	A	G	13797	7085	43	7	7	32	0.000506842	13811	0.942294	FALSE	ORF3a:cds-YP_009724391.1	GAC	D	GGC	G	210
NC_045512.2	26021	A	C	13797	7085	43	4	4	32	0.000289624	13811	0.993627	FALSE	ORF3a:cds-YP_009724391.1	GAC	D	GCC	A	210
NC_045512.2	26022	C	T	14036	7139	42	2	2	34	0.000142308	14054	0.999739	FALSE	ORF3a:cds-YP_009724391.1	GAC	D	GAT	D	210
NC_045512.2	26022	C	G	14036	7139	42	3	3	34	0.000213462	14054	0.998821	FALSE	ORF3a:cds-YP_009724391.1	GAC	D	GAG	E	210
NC_045512.2	26022	C	A	14036	7139	42	13	13	34	0.000925004	14054	0.649238	FALSE	ORF3a:cds-YP_009724391.1	GAC	D	GAA	E	210
NC_045512.2	26023	T	G	13728	6858	41	4	4	30	0.000291036	13744	0.993621	FALSE	ORF3a:cds-YP_009724391.1	TAT	Y	GAT	D	211
NC_045512.2	26023	T	C	13728	6858	41	8	8	33	0.000582072	13744	0.905263	FALSE	ORF3a:cds-YP_009724391.1	TAT	Y	CAT	H	211
NC_045512.2	26023	T	A	13728	6858	41	4	4	34	0.000291036	13744	0.993621	FALSE	ORF3a:cds-YP_009724391.1	TAT	Y	AAT	N	211
NC_045512.2	26024	A	T	14568	7012	43	9	8	33	0.000617326	14579	0.89504	FALSE	ORF3a:cds-YP_009724391.1	TAT	Y	TTT	F	211
NC_045512.2	26024	A	G	14568	7012	43	1	1	34	6.85918e-05	14579	0.999969	FALSE	ORF3a:cds-YP_009724391.1	TAT	Y	TGT	C	211
NC_045512.2	26024	A	C	14568	7012	43	1	1	34	6.85918e-05	14579	0.999969	FALSE	ORF3a:cds-YP_009724391.1	TAT	Y	TCT	S	211
NC_045512.2	26025	T	G	14544	7063	43	4	1	28	0.000274706	14561	1	FALSE	ORF3a:cds-YP_009724391.1	TAT	Y	TAG	*	211
NC_045512.2	26025	T	C	14544	7063	43	5	4	32	0.000343383	14561	0.990372	FALSE	ORF3a:cds-YP_009724391.1	TAT	Y	TAC	Y	211
NC_045512.2	26025	T	A	14544	7063	43	8	8	34	0.000549413	14561	0.933005	FALSE	ORF3a:cds-YP_009724391.1	TAT	Y	TAA	*	211
NC_045512.2	26026	T	G	14412	7111	42	3	1	34	0.000208016	14422	0.998825	FALSE	ORF3a:cds-YP_009724391.1	TAC	Y	GAC	D	212
NC_045512.2	26026	T	A	14412	7111	42	7	7	34	0.00048537	14422	0.96085	FALSE	ORF3a:cds-YP_009724391.1	TAC	Y	AAC	N	212
NC_045512.2	26027	A	T	14461	7125	42	9	9	33	0.000621805	14474	0.89498	FALSE	ORF3a:cds-YP_009724391.1	TAC	Y	TTC	F	212
NC_045512.2	26027	A	G	14461	7125	42	3	2	42	0.000207268	14474	0.312254	FALSE	ORF3a:cds-YP_009724391.1	TAC	Y	TGC	C	212
NC_045512.2	26027	A	C	14461	7125	42	1	1	34	6.90894e-05	14474	0.999969	FALSE	ORF3a:cds-YP_009724391.1	TAC	Y	TCC	S	212
NC_045512.2	26028	C	T	14529	7207	42	6	6	31	0.000412371	14550	0.979233	FALSE	ORF3a:cds-YP_009724391.1	TAC	Y	TAT	Y	212
NC_045512.2	26028	C	G	14529	7207	42	4	1	32	0.000274914	14550	0.996214	FALSE	ORF3a:cds-YP_009724391.1	TAC	Y	TAG	*	212
NC_045512.2	26028	C	A	14529	7207	42	11	11	32	0.000756014	14550	0.78747	FALSE	ORF3a:cds-YP_009724391.1	TAC	Y	TAA	*	212
NC_045512.2	26029	C	T	14451	7091	42	2	2	34	0.000138313	14460	0.999741	FALSE	ORF3a:cds-YP_009724391.1	CAG	Q	TAG	*	213
NC_045512.2	26029	C	G	14451	7091	42	1	1	34	6.91563e-05	14460	0.999969	FALSE	ORF3a:cds-YP_009724391.1	CAG	Q	GAG	E	213
NC_045512.2	26029	C	A	14451	7091	42	6	6	32	0.000414938	14460	0.979324	FALSE	ORF3a:cds-YP_009724391.1	CAG	Q	AAG	K	213
NC_045512.2	26030	A	T	14386	6945	42	2	2	30	0.000138889	14400	0.99974	FALSE	ORF3a:cds-YP_009724391.1	CAG	Q	CTG	L	213
NC_045512.2	26030	A	G	14386	6945	42	3	1	34	0.000208333	14400	0.998823	FALSE	ORF3a:cds-YP_009724391.1	CAG	Q	CGG	R	213
NC_045512.2	26030	A	C	14386	6945	42	9	9	34	0.000625	14400	0.89495	FALSE	ORF3a:cds-YP_009724391.1	CAG	Q	CCG	P	213
NC_045512.2	26031	G	T	15079	6911	42	4	3	30	0.000264936	15098	0.99778	FALSE	ORF3a:cds-YP_009724391.1	CAG	Q	CAT	H	213
NC_045512.2	26031	G	C	15079	6911	42	4	4	32	0.000264936	15098	0.99778	FALSE	ORF3a:cds-YP_009724391.1	CAG	Q	CAC	H	213
NC_045512.2	26031	G	A	15079	6911	42	11	10	33	0.000728573	15098	0.836341	FALSE	ORF3a:cds-YP_009724391.1	CAG	Q	CAA	Q	213
NC_045512.2	26032	C	T	15150	6951	42	1	1	34	6.59457e-05	15164	0.999985	FALSE	ORF3a:cds-YP_009724391.1	CTG	L	TTG	L	214
NC_045512.2	26032	C	G	15150	6951	42	8	8	33	0.000527565	15164	0.953415	FALSE	ORF3a:cds-YP_009724391.1	CTG	L	GTG	V	214
NC_045512.2	26032	C	A	15150	6951	42	5	4	32	0.000329728	15164	0.994085	FALSE	ORF3a:cds-YP_009724391.1	CTG	L	ATG	M	214
NC_045512.2	26033	T	G	14420	6477	42	7	5	31	0.000484899	14436	0.960769	FALSE	ORF3a:cds-YP_009724391.1	CTG	L	CGG	R	214
NC_045512.2	26033	T	C	14420	6477	42	6	6	32	0.000415628	14436	0.979271	FALSE	ORF3a:cds-YP_009724391.1	CTG	L	CCG	P	214
NC_045512.2	26033	T	A	14420	6477	42	3	3	34	0.000207814	14436	0.998822	FALSE	ORF3a:cds-YP_009724391.1	CTG	L	CAG	Q	214
NC_045512.2	26034	G	T	14792	6466	42	8	8	34	0.000540321	14806	0.933069	FALSE	ORF3a:cds-YP_009724391.1	CTG	L	CTT	L	214
NC_045512.2	26034	G	C	14792	6466	42	2	2	34	0.00013508	14806	0.99974	FALSE	ORF3a:cds-YP_009724391.1	CTG	L	CTC	L	214
NC_045512.2	26034	G	A	14792	6466	42	4	2	34	0.000270161	14806	0.996226	FALSE	ORF3a:cds-YP_009724391.1	CTG	L	CTA	L	214
NC_045512.2	26035	T	G	14553	6218	41	6	5	31	0.000411946	14565	0.979301	FALSE	ORF3a:cds-YP_009724391.1	TAC	Y	GAC	D	215
NC_045512.2	26035	T	C	14553	6218	41	2	1	34	0.000137315	14565	0.99974	FALSE	ORF3a:cds-YP_009724391.1	TAC	Y	CAC	H	215
NC_045512.2	26035	T	A	14553	6218	41	4	4	32	0.000274631	14565	0.996229	FALSE	ORF3a:cds-YP_009724391.1	TAC	Y	AAC	N	215
NC_045512.2	26036	A	T	14962	6538	43	5	5	34	0.000333957	14972	0.990398	FALSE	ORF3a:cds-YP_009724391.1	TAC	Y	TTC	F	215
NC_045512.2	26036	A	G	14962	6538	43	5	4	34	0.000333957	14972	0.990398	FALSE	ORF3a:cds-YP_009724391.1	TAC	Y	TGC	C	215
NC_045512.2	26037	C	T	14899	6590	42	4	4	30	0.000268204	14914	0.996224	FALSE	ORF3a:cds-YP_009724391.1	TAC	Y	TAT	Y	215
NC_045512.2	26037	C	G	14899	6590	42	4	4	34	0.000268204	14914	0.996224	FALSE	ORF3a:cds-YP_009724391.1	TAC	Y	TAG	*	215
NC_045512.2	26037	C	A	14899	6590	42	7	7	32	0.000469358	14914	0.960784	FALSE	ORF3a:cds-YP_009724391.1	TAC	Y	TAA	*	215
NC_045512.2	26038	T	G	14863	6509	43	1	1	34	6.72179e-05	14877	0.999969	FALSE	ORF3a:cds-YP_009724391.1	TCA	S	GCA	A	216
NC_045512.2	26038	T	C	14863	6509	43	10	9	37	0.000672179	14877	0.846252	FALSE	ORF3a:cds-YP_009724391.1	TCA	S	CCA	P	216
NC_045512.2	26038	T	A	14863	6509	43	3	3	34	0.000201654	14877	0.998823	FALSE	ORF3a:cds-YP_009724391.1	TCA	S	ACA	T	216
NC_045512.2	26039	C	T	15054	6478	42	10	10	32	0.000663658	15068	0.885239	FALSE	ORF3a:cds-YP_009724391.1	TCA	S	TTA	L	216
NC_045512.2	26039	C	A	15054	6478	42	4	4	34	0.000265463	15068	0.997785	FALSE	ORF3a:cds-YP_009724391.1	TCA	S	TAA	*	216
NC_045512.2	26040	A	T	14179	5743	43	4	4	31	0.000281849	14192	0.996227	FALSE	ORF3a:cds-YP_009724391.1	TCA	S	TCT	S	216
NC_045512.2	26040	A	G	14179	5743	43	1	1	34	7.04622e-05	14192	0.999969	FALSE	ORF3a:cds-YP_009724391.1	TCA	S	TCG	S	216
NC_045512.2	26040	A	C	14179	5743	43	8	8	33	0.000563698	14192	0.933089	FALSE	ORF3a:cds-YP_009724391.1	TCA	S	TCC	S	216
NC_045512.2	26041	A	T	14234	5824	42	3	3	34	0.000210659	14241	0.998827	FALSE	ORF3a:cds-YP_009724391.1	ACT	T	TCT	S	217
NC_045512.2	26041	A	G	14234	5824	42	2	2	30	0.00014044	14241	0.999741	FALSE	ORF3a:cds-YP_009724391.1	ACT	T	GCT	A	217
NC_045512.2	26041	A	C	14234	5824	42	2	2	34	0.00014044	14241	0.999741	FALSE	ORF3a:cds-YP_009724391.1	ACT	T	CCT	P	217
NC_045512.2	26042	C	T	14534	5831	43	2	1	34	0.000137485	14547	0.99974	FALSE	ORF3a:cds-YP_009724391.1	ACT	T	ATT	I	217
NC_045512.2	26042	C	G	14534	5831	43	1	0	34	6.87427e-05	14547	0.999969	FALSE	ORF3a:cds-YP_009724391.1	ACT	T	AGT	S	217
NC_045512.2	26042	C	A	14534	5831	43	10	10	34	0.000687427	14547	0.846292	FALSE	ORF3a:cds-YP_009724391.1	ACT	T	AAT	N	217
NC_045512.2	26043	T	G	14176	5552	43	2	2	30	0.000140944	14190	0.99974	FALSE	ORF3a:cds-YP_009724391.1	ACT	T	ACG	T	217
NC_045512.2	26043	T	C	14176	5552	43	6	6	32	0.000422833	14190	0.979286	FALSE	ORF3a:cds-YP_009724391.1	ACT	T	ACC	T	217
NC_045512.2	26043	T	A	14176	5552	43	6	6	31	0.000422833	14190	0.979286	FALSE	ORF3a:cds-YP_009724391.1	ACT	T	ACA	T	217
NC_045512.2	26044	C	T	14318	5602	43	8	6	34	0.000558269	14330	0.93311	FALSE	ORF3a:cds-YP_009724391.1	CAA	Q	TAA	*	218
NC_045512.2	26044	C	G	14318	5602	43	2	2	34	0.000139567	14330	0.99974	FALSE	ORF3a:cds-YP_009724391.1	CAA	Q	GAA	E	218
NC_045512.2	26044	C	A	14318	5602	43	2	2	34	0.000139567	14330	0.99974	FALSE	ORF3a:cds-YP_009724391.1	CAA	Q	AAA	K	218
NC_045512.2	26045	A	T	13951	5513	42	2	2	34	0.000143246	13962	0.999511	FALSE	ORF3a:cds-YP_009724391.1	CAA	Q	CTA	L	218
NC_045512.2	26045	A	G	13951	5513	42	1	1	34	7.1623e-05	13962	0.999939	FALSE	ORF3a:cds-YP_009724391.1	CAA	Q	CGA	R	218
NC_045512.2	26045	A	C	13951	5513	42	8	8	31	0.000572984	13962	0.905404	FALSE	ORF3a:cds-YP_009724391.1	CAA	Q	CCA	P	218
NC_045512.2	26046	A	T	14388	5449	42	2	2	34	0.000138918	14397	0.999741	FALSE	ORF3a:cds-YP_009724391.1	CAA	Q	CAT	H	218
NC_045512.2	26046	A	G	14388	5449	42	4	2	30	0.000277836	14397	0.996234	FALSE	ORF3a:cds-YP_009724391.1	CAA	Q	CAG	Q	218
NC_045512.2	26046	A	C	14388	5449	42	3	3	28	0.000208377	14397	1	FALSE	ORF3a:cds-YP_009724391.1	CAA	Q	CAC	H	218
NC_045512.2	26047	T	G	14366	5417	42	3	3	28	0.000208609	14381	1	FALSE	ORF3a:cds-YP_009724391.1	TTG	L	GTG	V	219
NC_045512.2	26047	T	C	14366	5417	42	2	2	30	0.000139072	14381	0.99974	FALSE	ORF3a:cds-YP_009724391.1	TTG	L	CTG	L	219
NC_045512.2	26047	T	A	14366	5417	42	10	9	31	0.000695362	14381	0.846211	FALSE	ORF3a:cds-YP_009724391.1	TTG	L	ATG	M	219
NC_045512.2	26048	T	G	14063	5147	41	3	3	29	0.000213174	14073	1	FALSE	ORF3a:cds-YP_009724391.1	TTG	L	TGG	W	219
NC_045512.2	26048	T	C	14063	5147	41	3	1	34	0.000213174	14073	0.998825	FALSE	ORF3a:cds-YP_009724391.1	TTG	L	TCG	S	219
NC_045512.2	26048	T	A	14063	5147	41	4	4	34	0.000284232	14073	0.996232	FALSE	ORF3a:cds-YP_009724391.1	TTG	L	TAG	*	219
NC_045512.2	26049	G	T	14477	5465	43	7	7	32	0.000483158	14488	0.960836	FALSE	ORF3a:cds-YP_009724391.1	TTG	L	TTT	F	219
NC_045512.2	26049	G	A	14477	5465	43	4	4	34	0.000276091	14488	0.99623	FALSE	ORF3a:cds-YP_009724391.1	TTG	L	TTA	L	219
NC_045512.2	26050	A	T	14264	5202	43	5	5	32	0.000350238	14276	0.990391	FALSE	ORF3a:cds-YP_009724391.1	AGT	S	TGT	C	220
NC_045512.2	26050	A	G	14264	5202	43	6	5	30	0.000420286	14276	0.979301	FALSE	ORF3a:cds-YP_009724391.1	AGT	S	GGT	G	220
NC_045512.2	26050	A	C	14264	5202	43	1	1	34	7.00476e-05	14276	0.999969	FALSE	ORF3a:cds-YP_009724391.1	AGT	S	CGT	R	220
NC_045512.2	26051	G	T	14701	5201	43	3	3	34	0.000203915	14712	0.998825	FALSE	ORF3a:cds-YP_009724391.1	AGT	S	ATT	I	220
NC_045512.2	26051	G	C	14701	5201	43	1	1	34	6.79717e-05	14712	0.999969	FALSE	ORF3a:cds-YP_009724391.1	AGT	S	ACT	T	220
NC_045512.2	26051	G	A	14701	5201	43	7	7	34	0.000475802	14712	0.960836	FALSE	ORF3a:cds-YP_009724391.1	AGT	S	AAT	N	220
NC_045512.2	26052	T	G	14587	5275	42	8	7	32	0.00054787	14602	0.933048	FALSE	ORF3a:cds-YP_009724391.1	AGT	S	AGG	R	220
NC_045512.2	26052	T	C	14587	5275	42	2	2	34	0.000136968	14602	0.99974	FALSE	ORF3a:cds-YP_009724391.1	AGT	S	AGC	S	220
NC_045512.2	26052	T	A	14587	5275	42	5	4	39	0.000342419	14602	0.990379	FALSE	ORF3a:cds-YP_009724391.1	AGT	S	AGA	R	220
NC_045512.2	26052	T	-A	14587	5275	42	1	0	20	6.84838e-05	14602	1	FALSE	NA	NA	NA	NA	NA	NA
NC_045512.2	26053	A	T	14635	5289	43	6	6	32	0.000409584	14649	0.979279	FALSE	ORF3a:cds-YP_009724391.1	ACA	T	TCA	S	221
NC_045512.2	26053	A	G	14635	5289	43	4	3	32	0.000273056	14649	0.996224	FALSE	ORF3a:cds-YP_009724391.1	ACA	T	GCA	A	221
NC_045512.2	26053	A	C	14635	5289	43	4	2	42	0.000273056	14649	0.187265	FALSE	ORF3a:cds-YP_009724391.1	ACA	T	CCA	P	221
NC_045512.2	26054	C	T	14610	5287	43	5	4	34	0.00034188	14625	0.990379	FALSE	ORF3a:cds-YP_009724391.1	ACA	T	ATA	I	221
NC_045512.2	26054	C	G	14610	5287	43	3	1	31	0.000205128	14625	0.998822	FALSE	ORF3a:cds-YP_009724391.1	ACA	T	AGA	R	221
NC_045512.2	26054	C	A	14610	5287	43	7	7	32	0.000478632	14625	0.960783	FALSE	ORF3a:cds-YP_009724391.1	ACA	T	AAA	K	221
NC_045512.2	26055	A	T	14429	4993	43	4	4	34	0.000276932	14444	0.996224	FALSE	ORF3a:cds-YP_009724391.1	ACA	T	ACT	T	221
NC_045512.2	26055	A	G	14429	4993	43	2	0	34	0.000138466	14444	0.99974	FALSE	ORF3a:cds-YP_009724391.1	ACA	T	ACG	T	221
NC_045512.2	26055	A	C	14429	4993	43	9	9	33	0.000623096	14444	0.894919	FALSE	ORF3a:cds-YP_009724391.1	ACA	T	ACC	T	221
NC_045512.2	26056	G	T	14654	5029	43	3	3	31	0.000204513	14669	0.998822	FALSE	ORF3a:cds-YP_009724391.1	GAC	D	TAC	Y	222
NC_045512.2	26056	G	C	14654	5029	43	4	4	32	0.000272684	14669	0.996224	FALSE	ORF3a:cds-YP_009724391.1	GAC	D	CAC	H	222
NC_045512.2	26056	G	A	14654	5029	43	8	8	34	0.000545368	14669	0.933048	FALSE	ORF3a:cds-YP_009724391.1	GAC	D	AAC	N	222
NC_045512.2	26057	A	T	14656	5185	43	1	1	34	6.81849e-05	14666	0.999969	FALSE	ORF3a:cds-YP_009724391.1	GAC	D	GTC	V	222
NC_045512.2	26057	A	G	14656	5185	43	6	5	31	0.00040911	14666	0.979317	FALSE	ORF3a:cds-YP_009724391.1	GAC	D	GGC	G	222
NC_045512.2	26057	A	C	14656	5185	43	3	3	34	0.000204555	14666	0.998825	FALSE	ORF3a:cds-YP_009724391.1	GAC	D	GCC	A	222
NC_045512.2	26058	C	T	15256	5194	43	2	2	30	0.000131002	15267	0.999863	FALSE	ORF3a:cds-YP_009724391.1	GAC	D	GAT	D	222
NC_045512.2	26058	C	G	15256	5194	43	3	3	34	0.000196502	15267	0.999344	FALSE	ORF3a:cds-YP_009724391.1	GAC	D	GAG	E	222
NC_045512.2	26058	C	A	15256	5194	43	6	6	32	0.000393005	15267	0.986703	FALSE	ORF3a:cds-YP_009724391.1	GAC	D	GAA	E	222
NC_045512.2	26059	A	T	15133	5460	45	1	1	34	6.60328e-05	15144	0.999985	FALSE	ORF3a:cds-YP_009724391.1	ACT	T	TCT	S	223
NC_045512.2	26059	A	G	15133	5460	45	5	3	34	0.000330164	15144	0.994092	FALSE	ORF3a:cds-YP_009724391.1	ACT	T	GCT	A	223
NC_045512.2	26059	A	C	15133	5460	45	5	5	32	0.000330164	15144	0.994092	FALSE	ORF3a:cds-YP_009724391.1	ACT	T	CCT	P	223
NC_045512.2	26060	C	T	14878	5192	44	2	1	34	0.000134327	14889	0.99974	FALSE	ORF3a:cds-YP_009724391.1	ACT	T	ATT	I	223
NC_045512.2	26060	C	A	14878	5192	44	9	8	32	0.000604473	14889	0.895039	FALSE	ORF3a:cds-YP_009724391.1	ACT	T	AAT	N	223
NC_045512.2	26061	T	G	14676	5122	45	1	1	27	6.80782e-05	14689	1	FALSE	ORF3a:cds-YP_009724391.1	ACT	T	ACG	T	223
NC_045512.2	26061	T	C	14676	5122	45	6	6	34	0.000408469	14689	0.979294	FALSE	ORF3a:cds-YP_009724391.1	ACT	T	ACC	T	223
NC_045512.2	26061	T	A	14676	5122	45	6	5	30	0.000408469	14689	0.979294	FALSE	ORF3a:cds-YP_009724391.1	ACT	T	ACA	T	223
NC_045512.2	26062	G	T	14885	5187	45	7	7	36	0.000469799	14900	0.960784	FALSE	ORF3a:cds-YP_009724391.1	GGT	G	TGT	C	224
NC_045512.2	26062	G	C	14885	5187	45	3	3	34	0.000201342	14900	0.998822	FALSE	ORF3a:cds-YP_009724391.1	GGT	G	CGT	R	224
NC_045512.2	26062	G	A	14885	5187	45	5	3	40	0.00033557	14900	0.10921	FALSE	ORF3a:cds-YP_009724391.1	GGT	G	AGT	S	224
NC_045512.2	26063	G	T	15638	5266	45	6	5	34	0.000383387	15650	0.986698	FALSE	ORF3a:cds-YP_009724391.1	GGT	G	GTT	V	224
NC_045512.2	26063	G	C	15638	5266	45	4	4	32	0.000255591	15650	0.997787	FALSE	ORF3a:cds-YP_009724391.1	GGT	G	GCT	A	224
NC_045512.2	26063	G	A	15638	5266	45	2	1	34	0.000127796	15650	0.999863	FALSE	ORF3a:cds-YP_009724391.1	GGT	G	GAT	D	224
NC_045512.2	26064	T	G	15581	5300	45	7	7	32	0.000448977	15591	0.973783	FALSE	ORF3a:cds-YP_009724391.1	GGT	G	GGG	G	224
NC_045512.2	26064	T	C	15581	5300	45	1	1	26	6.41396e-05	15591	1	FALSE	ORF3a:cds-YP_009724391.1	GGT	G	GGC	G	224
NC_045512.2	26064	T	A	15581	5300	45	2	2	34	0.000128279	15591	0.999863	FALSE	ORF3a:cds-YP_009724391.1	GGT	G	GGA	G	224
NC_045512.2	26065	G	T	15450	5061	43	11	10	34	0.000711422	15462	0.836633	FALSE	ORF3a:cds-YP_009724391.1	GTT	V	TTT	F	225
NC_045512.2	26065	G	A	15450	5061	43	1	1	34	6.46747e-05	15462	0.999985	FALSE	ORF3a:cds-YP_009724391.1	GTT	V	ATT	I	225
NC_045512.2	26066	T	G	15540	5181	44	7	6	31	0.000450132	15551	0.973774	FALSE	ORF3a:cds-YP_009724391.1	GTT	V	GGT	G	225
NC_045512.2	26066	T	C	15540	5181	44	3	2	45	0.000192914	15551	0.312319	FALSE	ORF3a:cds-YP_009724391.1	GTT	V	GCT	A	225
NC_045512.2	26066	T	A	15540	5181	44	1	1	34	6.43045e-05	15551	0.999985	FALSE	ORF3a:cds-YP_009724391.1	GTT	V	GAT	D	225
NC_045512.2	26067	T	G	15212	5018	45	5	2	32	0.000328515	15220	0.9941	FALSE	ORF3a:cds-YP_009724391.1	GTT	V	GTG	V	225
NC_045512.2	26067	T	A	15212	5018	45	3	2	26	0.000197109	15220	1	FALSE	ORF3a:cds-YP_009724391.1	GTT	V	GTA	V	225
NC_045512.2	26068	G	T	15296	4983	45	10	8	32	0.000653253	15308	0.885302	FALSE	ORF3a:cds-YP_009724391.1	GAA	E	TAA	*	226
NC_045512.2	26068	G	C	15296	4983	45	1	1	34	6.53253e-05	15308	0.999985	FALSE	ORF3a:cds-YP_009724391.1	GAA	E	CAA	Q	226
NC_045512.2	26068	G	A	15296	4983	45	1	1	26	6.53253e-05	15308	1	FALSE	ORF3a:cds-YP_009724391.1	GAA	E	AAA	K	226
NC_045512.2	26069	A	T	15327	5050	46	4	4	34	0.000260739	15341	0.997785	FALSE	ORF3a:cds-YP_009724391.1	GAA	E	GTA	V	226
NC_045512.2	26069	A	G	15327	5050	46	8	5	34	0.000521478	15341	0.953415	FALSE	ORF3a:cds-YP_009724391.1	GAA	E	GGA	G	226
NC_045512.2	26069	A	C	15327	5050	46	2	2	30	0.00013037	15341	0.999862	FALSE	ORF3a:cds-YP_009724391.1	GAA	E	GCA	A	226
NC_045512.2	26070	A	T	15352	5073	46	3	2	45	0.000195249	15365	0.312268	FALSE	ORF3a:cds-YP_009724391.1	GAA	E	GAT	D	226
NC_045512.2	26070	A	G	15352	5073	46	5	3	47	0.000325415	15365	0.109245	FALSE	ORF3a:cds-YP_009724391.1	GAA	E	GAG	E	226
NC_045512.2	26070	A	C	15352	5073	46	5	3	31	0.000325415	15365	0.994087	FALSE	ORF3a:cds-YP_009724391.1	GAA	E	GAC	D	226
NC_045512.2	26071	C	T	15467	5023	45	1	1	34	6.46037e-05	15479	0.999985	FALSE	ORF3a:cds-YP_009724391.1	CAT	H	TAT	Y	227
NC_045512.2	26071	C	G	15467	5023	45	3	3	31	0.000193811	15479	0.999343	FALSE	ORF3a:cds-YP_009724391.1	CAT	H	GAT	D	227
NC_045512.2	26071	C	A	15467	5023	45	8	8	32	0.000516829	15479	0.953445	FALSE	ORF3a:cds-YP_009724391.1	CAT	H	AAT	N	227
NC_045512.2	26072	A	G	15132	4584	45	1	1	34	6.60589e-05	15138	0.999985	FALSE	ORF3a:cds-YP_009724391.1	CAT	H	CGT	R	227
NC_045512.2	26072	A	C	15132	4584	45	5	5	34	0.000330295	15138	0.994104	FALSE	ORF3a:cds-YP_009724391.1	CAT	H	CCT	P	227
NC_045512.2	26073	T	G	15126	4681	46	2	1	34	0.000132109	15139	0.999862	FALSE	ORF3a:cds-YP_009724391.1	CAT	H	CAG	Q	227
NC_045512.2	26073	T	C	15126	4681	46	3	3	34	0.000198164	15139	0.999343	FALSE	ORF3a:cds-YP_009724391.1	CAT	H	CAC	H	227
NC_045512.2	26073	T	A	15126	4681	46	8	8	33	0.000528436	15139	0.95343	FALSE	ORF3a:cds-YP_009724391.1	CAT	H	CAA	Q	227
NC_045512.2	26074	G	T	15139	4618	45	5	5	34	0.000330011	15151	0.99409	FALSE	ORF3a:cds-YP_009724391.1	GTT	V	TTT	F	228
NC_045512.2	26074	G	C	15139	4618	45	4	4	32	0.000264009	15151	0.997786	FALSE	ORF3a:cds-YP_009724391.1	GTT	V	CTT	L	228
NC_045512.2	26074	G	A	15139	4618	45	3	3	34	0.000198007	15151	0.999343	FALSE	ORF3a:cds-YP_009724391.1	GTT	V	ATT	I	228
NC_045512.2	26075	T	G	15266	4763	46	7	5	31	0.000458205	15277	0.973775	FALSE	ORF3a:cds-YP_009724391.1	GTT	V	GGT	G	228
NC_045512.2	26075	T	A	15266	4763	46	4	4	34	0.000261832	15277	0.997787	FALSE	ORF3a:cds-YP_009724391.1	GTT	V	GAT	D	228
NC_045512.2	26076	T	G	15246	4740	46	3	3	31	0.000196708	15251	0.999346	FALSE	ORF3a:cds-YP_009724391.1	GTT	V	GTG	V	228
NC_045512.2	26076	T	C	15246	4740	46	1	1	34	6.55695e-05	15251	0.999985	FALSE	ORF3a:cds-YP_009724391.1	GTT	V	GTC	V	228
NC_045512.2	26076	T	A	15246	4740	46	1	1	34	6.55695e-05	15251	0.999985	FALSE	ORF3a:cds-YP_009724391.1	GTT	V	GTA	V	228
NC_045512.2	26077	A	T	15310	4738	46	9	9	33	0.000587352	15323	0.924217	FALSE	ORF3a:cds-YP_009724391.1	ACC	T	TCC	S	229
NC_045512.2	26077	A	G	15310	4738	46	2	1	34	0.000130523	15323	0.999862	FALSE	ORF3a:cds-YP_009724391.1	ACC	T	GCC	A	229
NC_045512.2	26077	A	C	15310	4738	46	2	2	34	0.000130523	15323	0.999862	FALSE	ORF3a:cds-YP_009724391.1	ACC	T	CCC	P	229
NC_045512.2	26078	C	T	15323	4800	46	7	7	40	0.000456323	15340	0.0350743	FALSE	ORF3a:cds-YP_009724391.1	ACC	T	ATC	I	229
NC_045512.2	26078	C	G	15323	4800	46	1	0	26	6.5189e-05	15340	1	FALSE	ORF3a:cds-YP_009724391.1	ACC	T	AGC	S	229
NC_045512.2	26078	C	A	15323	4800	46	9	8	34	0.000586701	15340	0.924125	FALSE	ORF3a:cds-YP_009724391.1	ACC	T	AAC	N	229
NC_045512.2	26079	C	T	15240	4797	45	2	2	34	0.000131165	15248	0.999863	FALSE	ORF3a:cds-YP_009724391.1	ACC	T	ACT	T	229
NC_045512.2	26079	C	G	15240	4797	45	4	2	34	0.000262329	15248	0.99779	FALSE	ORF3a:cds-YP_009724391.1	ACC	T	ACG	T	229
NC_045512.2	26079	C	A	15240	4797	45	2	2	34	0.000131165	15248	0.999863	FALSE	ORF3a:cds-YP_009724391.1	ACC	T	ACA	T	229
NC_045512.2	26080	T	G	15200	4738	47	1	0	34	6.57333e-05	15213	0.999985	FALSE	ORF3a:cds-YP_009724391.1	TTC	F	GTC	V	230
NC_045512.2	26080	T	C	15200	4738	47	9	9	30	0.000591599	15213	0.924217	FALSE	ORF3a:cds-YP_009724391.1	TTC	F	CTC	L	230
NC_045512.2	26080	T	A	15200	4738	47	3	3	34	0.0001972	15213	0.999343	FALSE	ORF3a:cds-YP_009724391.1	TTC	F	ATC	I	230
NC_045512.2	26081	T	C	14935	4437	45	8	6	35	0.000535332	14944	0.933171	FALSE	ORF3a:cds-YP_009724391.1	TTC	F	TCC	S	230
NC_045512.2	26081	T	A	14935	4437	45	1	1	34	6.69165e-05	14944	0.999969	FALSE	ORF3a:cds-YP_009724391.1	TTC	F	TAC	Y	230
NC_045512.2	26082	C	T	15032	4545	45	9	9	31	0.000598245	15044	0.92424	FALSE	ORF3a:cds-YP_009724391.1	TTC	F	TTT	F	230
NC_045512.2	26082	C	G	15032	4545	45	1	0	34	6.64717e-05	15044	0.999985	FALSE	ORF3a:cds-YP_009724391.1	TTC	F	TTG	L	230
NC_045512.2	26082	C	A	15032	4545	45	2	1	34	0.000132943	15044	0.999863	FALSE	ORF3a:cds-YP_009724391.1	TTC	F	TTA	L	230
NC_045512.2	26083	T	G	15029	4712	47	1	0	34	6.64982e-05	15038	0.999985	FALSE	ORF3a:cds-YP_009724391.1	TTC	F	GTC	V	231
NC_045512.2	26083	T	C	15029	4712	47	6	6	31	0.000398989	15038	0.986714	FALSE	ORF3a:cds-YP_009724391.1	TTC	F	CTC	L	231
NC_045512.2	26083	T	A	15029	4712	47	2	2	34	0.000132996	15038	0.999863	FALSE	ORF3a:cds-YP_009724391.1	TTC	F	ATC	I	231
NC_045512.2	26084	T	G	14986	4667	47	1	0	27	6.67111e-05	14990	1	FALSE	ORF3a:cds-YP_009724391.1	TTC	F	TGC	C	231
NC_045512.2	26084	T	C	14986	4667	47	3	2	34	0.000200133	14990	0.998828	FALSE	ORF3a:cds-YP_009724391.1	TTC	F	TCC	S	231
NC_045512.2	26085	C	T	15025	4758	47	10	10	32	0.00066507	15036	0.885336	FALSE	ORF3a:cds-YP_009724391.1	TTC	F	TTT	F	231
NC_045512.2	26085	C	A	15025	4758	47	1	1	34	6.6507e-05	15036	0.999985	FALSE	ORF3a:cds-YP_009724391.1	TTC	F	TTA	L	231
NC_045512.2	26086	A	T	15029	4778	47	3	3	34	0.000199468	15040	0.999344	FALSE	ORF3a:cds-YP_009724391.1	ATC	I	TTC	F	232
NC_045512.2	26086	A	G	15029	4778	47	3	2	54	0.000199468	15040	0.1249	FALSE	ORF3a:cds-YP_009724391.1	ATC	I	GTC	V	232
NC_045512.2	26086	A	C	15029	4778	47	5	4	32	0.000332447	15040	0.994092	FALSE	ORF3a:cds-YP_009724391.1	ATC	I	CTC	L	232
NC_045512.2	26087	T	G	14935	4704	47	2	1	30	0.000133788	14949	0.99974	FALSE	ORF3a:cds-YP_009724391.1	ATC	I	AGC	S	232
NC_045512.2	26087	T	C	14935	4704	47	5	4	28	0.000334471	14949	1	FALSE	ORF3a:cds-YP_009724391.1	ATC	I	ACC	T	232
NC_045512.2	26087	T	A	14935	4704	47	7	7	34	0.000468259	14949	0.960797	FALSE	ORF3a:cds-YP_009724391.1	ATC	I	AAC	N	232
NC_045512.2	26088	C	T	14924	4809	47	6	6	34	0.000401768	14934	0.979316	FALSE	ORF3a:cds-YP_009724391.1	ATC	I	ATT	I	232
NC_045512.2	26088	C	G	14924	4809	47	1	0	27	6.69613e-05	14934	1	FALSE	ORF3a:cds-YP_009724391.1	ATC	I	ATG	M	232
NC_045512.2	26088	C	A	14924	4809	47	3	3	34	0.000200884	14934	0.998825	FALSE	ORF3a:cds-YP_009724391.1	ATC	I	ATA	I	232
NC_045512.2	26089	T	G	14920	4815	47	3	1	31	0.000200938	14930	0.998825	FALSE	ORF3a:cds-YP_009724391.1	TAC	Y	GAC	D	233
NC_045512.2	26089	T	C	14920	4815	47	5	4	39	0.000334896	14930	0.990398	FALSE	ORF3a:cds-YP_009724391.1	TAC	Y	CAC	H	233
NC_045512.2	26089	T	A	14920	4815	47	2	2	30	0.000133958	14930	0.999741	FALSE	ORF3a:cds-YP_009724391.1	TAC	Y	AAC	N	233
NC_045512.2	26090	A	T	14957	4865	48	9	9	33	0.000601243	14969	0.89501	FALSE	ORF3a:cds-YP_009724391.1	TAC	Y	TTC	F	233
NC_045512.2	26090	A	G	14957	4865	48	2	1	30	0.000133609	14969	0.99974	FALSE	ORF3a:cds-YP_009724391.1	TAC	Y	TGC	C	233
NC_045512.2	26090	A	C	14957	4865	48	1	1	26	6.68047e-05	14969	1	FALSE	ORF3a:cds-YP_009724391.1	TAC	Y	TCC	S	233
NC_045512.2	26091	C	T	15045	4850	46	1	1	34	6.64319e-05	15053	0.999985	FALSE	ORF3a:cds-YP_009724391.1	TAC	Y	TAT	Y	233
NC_045512.2	26091	C	A	15045	4850	46	7	7	30	0.000465024	15053	0.973803	FALSE	ORF3a:cds-YP_009724391.1	TAC	Y	TAA	*	233
NC_045512.2	26092	A	T	15052	4972	48	5	4	32	0.000331917	15064	0.99409	FALSE	ORF3a:cds-YP_009724391.1	AAT	N	TAT	Y	234
NC_045512.2	26092	A	G	15052	4972	48	1	0	26	6.63834e-05	15064	1	FALSE	ORF3a:cds-YP_009724391.1	AAT	N	GAT	D	234
NC_045512.2	26092	A	C	15052	4972	48	6	6	32	0.000398301	15064	0.986698	FALSE	ORF3a:cds-YP_009724391.1	AAT	N	CAT	H	234
NC_045512.2	26093	A	T	15155	5294	49	1	1	34	6.59674e-05	15159	0.999985	FALSE	ORF3a:cds-YP_009724391.1	AAT	N	ATT	I	234
NC_045512.2	26093	A	G	15155	5294	49	3	3	28	0.000197902	15159	1	FALSE	ORF3a:cds-YP_009724391.1	AAT	N	AGT	S	234
NC_045512.2	26094	T	G	15118	5228	48	1	1	34	6.61201e-05	15124	0.999985	FALSE	ORF3a:cds-YP_009724391.1	AAT	N	AAG	K	234
NC_045512.2	26094	T	C	15118	5228	48	1	1	34	6.61201e-05	15124	0.999985	FALSE	ORF3a:cds-YP_009724391.1	AAT	N	AAC	N	234
NC_045512.2	26094	T	A	15118	5228	48	4	4	32	0.00026448	15124	0.997792	FALSE	ORF3a:cds-YP_009724391.1	AAT	N	AAA	K	234
NC_045512.2	26094	T	-A	15118	5228	48	1	0	20	6.61201e-05	15124	1	FALSE	NA	NA	NA	NA	NA	NA
NC_045512.2	26095	A	T	14725	5335	48	4	4	32	0.000271573	14729	0.99624	FALSE	ORF3a:cds-YP_009724391.1	AAA	K	TAA	*	235
NC_045512.2	26096	A	T	15156	5341	49	1	1	26	6.59674e-05	15159	1	FALSE	ORF3a:cds-YP_009724391.1	AAA	K	ATA	I	235
NC_045512.2	26096	A	C	15156	5341	49	2	2	34	0.000131935	15159	0.999863	FALSE	ORF3a:cds-YP_009724391.1	AAA	K	ACA	T	235
NC_045512.2	26097	A	T	14465	5382	48	5	5	31	0.000345495	14472	0.99041	FALSE	ORF3a:cds-YP_009724391.1	AAA	K	AAT	N	235
NC_045512.2	26097	A	G	14465	5382	48	2	0	47	0.000138198	14472	0.499896	FALSE	ORF3a:cds-YP_009724391.1	AAA	K	AAG	K	235
NC_045512.2	26098	A	T	15070	5397	48	1	0	34	6.63394e-05	15074	0.999985	FALSE	ORF3a:cds-YP_009724391.1	ATT	I	TTT	F	236
NC_045512.2	26098	A	G	15070	5397	48	1	1	34	6.63394e-05	15074	0.999985	FALSE	ORF3a:cds-YP_009724391.1	ATT	I	GTT	V	236
NC_045512.2	26098	A	C	15070	5397	48	2	2	34	0.000132679	15074	0.999863	FALSE	ORF3a:cds-YP_009724391.1	ATT	I	CTT	L	236
NC_045512.2	26099	T	C	15204	5499	49	1	1	34	6.57376e-05	15212	0.999985	FALSE	ORF3a:cds-YP_009724391.1	ATT	I	ACT	T	236
NC_045512.2	26099	T	A	15204	5499	49	7	7	32	0.000460163	15212	0.973803	FALSE	ORF3a:cds-YP_009724391.1	ATT	I	AAT	N	236
NC_045512.2	26100	T	G	15181	5890	51	1	1	26	6.58415e-05	15188	1	FALSE	ORF3a:cds-YP_009724391.1	ATT	I	ATG	M	236
NC_045512.2	26100	T	C	15181	5890	51	2	1	30	0.000131683	15188	0.999863	FALSE	ORF3a:cds-YP_009724391.1	ATT	I	ATC	I	236
NC_045512.2	26100	T	A	15181	5890	51	4	4	34	0.000263366	15188	0.997791	FALSE	ORF3a:cds-YP_009724391.1	ATT	I	ATA	I	236
NC_045512.2	26101	G	T	15257	5896	50	6	6	32	0.00039303	15266	0.986713	FALSE	ORF3a:cds-YP_009724391.1	GTT	V	TTT	F	237
NC_045512.2	26101	G	C	15257	5896	50	1	1	34	6.5505e-05	15266	0.999985	FALSE	ORF3a:cds-YP_009724391.1	GTT	V	CTT	L	237
NC_045512.2	26101	G	A	15257	5896	50	2	2	26	0.00013101	15266	1	FALSE	ORF3a:cds-YP_009724391.1	GTT	V	ATT	I	237
NC_045512.2	26102	T	G	15091	5764	49	6	6	32	0.000397325	15101	0.986708	FALSE	ORF3a:cds-YP_009724391.1	GTT	V	GGT	G	237
NC_045512.2	26102	T	C	15091	5764	49	3	3	31	0.000198662	15101	0.999344	FALSE	ORF3a:cds-YP_009724391.1	GTT	V	GCT	A	237
NC_045512.2	26102	T	A	15091	5764	49	1	1	34	6.62208e-05	15101	0.999985	FALSE	ORF3a:cds-YP_009724391.1	GTT	V	GAT	D	237
NC_045512.2	26103	T	G	15333	6030	51	2	2	30	0.000130319	15347	0.999862	FALSE	ORF3a:cds-YP_009724391.1	GTT	V	GTG	V	237
NC_045512.2	26103	T	C	15333	6030	51	4	2	34	0.000260637	15347	0.997785	FALSE	ORF3a:cds-YP_009724391.1	GTT	V	GTC	V	237
NC_045512.2	26103	T	A	15333	6030	51	8	4	55	0.000521275	15347	0.0038976	TRUE	ORF3a:cds-YP_009724391.1	GTT	V	GTA	V	237
NC_045512.2	26104	G	T	15201	5931	50	9	9	34	0.000591638	15212	0.924263	FALSE	ORF3a:cds-YP_009724391.1	GAT	D	TAT	Y	238
NC_045512.2	26104	G	A	15201	5931	50	2	2	34	0.000131475	15212	0.999863	FALSE	ORF3a:cds-YP_009724391.1	GAT	D	AAT	N	238
NC_045512.2	26105	A	T	15160	5987	50	4	4	34	0.000263574	15176	0.997783	FALSE	ORF3a:cds-YP_009724391.1	GAT	D	GTT	V	238
NC_045512.2	26105	A	G	15160	5987	50	10	8	38	0.000658935	15176	0.885174	FALSE	ORF3a:cds-YP_009724391.1	GAT	D	GGT	G	238
NC_045512.2	26105	A	C	15160	5987	50	2	2	26	0.000131787	15176	1	FALSE	ORF3a:cds-YP_009724391.1	GAT	D	GCT	A	238
NC_045512.2	26106	T	G	15365	6182	51	2	2	34	0.000130098	15373	0.999863	FALSE	ORF3a:cds-YP_009724391.1	GAT	D	GAG	E	238
NC_045512.2	26106	T	A	15365	6182	51	6	6	34	0.000390295	15373	0.986718	FALSE	ORF3a:cds-YP_009724391.1	GAT	D	GAA	E	238
NC_045512.2	26107	G	T	15255	6124	51	8	8	34	0.00052404	15266	0.953461	FALSE	ORF3a:cds-YP_009724391.1	GAG	E	TAG	*	239
NC_045512.2	26107	G	A	15255	6124	51	3	2	42	0.000196515	15266	0.312316	FALSE	ORF3a:cds-YP_009724391.1	GAG	E	AAG	K	239
NC_045512.2	26108	A	T	15347	6168	50	4	3	30	0.000260383	15362	0.997784	FALSE	ORF3a:cds-YP_009724391.1	GAG	E	GTG	V	239
NC_045512.2	26108	A	G	15347	6168	50	11	10	36	0.000716053	15362	0.83651	FALSE	ORF3a:cds-YP_009724391.1	GAG	E	GGG	G	239
NC_045512.2	26109	G	T	15931	6239	51	3	3	34	0.000188159	15944	0.999343	FALSE	ORF3a:cds-YP_009724391.1	GAG	E	GAT	D	239
NC_045512.2	26109	G	C	15931	6239	51	1	1	34	6.27195e-05	15944	0.999985	FALSE	ORF3a:cds-YP_009724391.1	GAG	E	GAC	D	239
NC_045512.2	26109	G	A	15931	6239	51	9	9	34	0.000564476	15944	0.924216	FALSE	ORF3a:cds-YP_009724391.1	GAG	E	GAA	E	239
NC_045512.2	26110	C	G	15964	6296	51	11	10	34	0.00068849	15977	0.83659	FALSE	ORF3a:cds-YP_009724391.1	CCT	P	GCT	A	240
NC_045512.2	26110	C	A	15964	6296	51	2	1	30	0.00012518	15977	0.999862	FALSE	ORF3a:cds-YP_009724391.1	CCT	P	ACT	T	240
NC_045512.2	26111	C	T	15938	6166	50	2	2	30	0.000125439	15944	0.999863	FALSE	ORF3a:cds-YP_009724391.1	CCT	P	CTT	L	240
NC_045512.2	26111	C	G	15938	6166	50	1	1	34	6.27195e-05	15944	0.999985	FALSE	ORF3a:cds-YP_009724391.1	CCT	P	CGT	R	240
NC_045512.2	26111	C	A	15938	6166	50	3	3	34	0.000188159	15944	0.999345	FALSE	ORF3a:cds-YP_009724391.1	CCT	P	CAT	H	240
NC_045512.2	26112	T	G	16011	6220	51	3	2	45	0.000187207	16025	0.312254	FALSE	ORF3a:cds-YP_009724391.1	CCT	P	CCG	P	240
NC_045512.2	26112	T	C	16011	6220	51	9	9	37	0.000561622	16025	0.946124	FALSE	ORF3a:cds-YP_009724391.1	CCT	P	CCC	P	240
NC_045512.2	26112	T	A	16011	6220	51	2	2	30	0.000124805	16025	0.999927	FALSE	ORF3a:cds-YP_009724391.1	CCT	P	CCA	P	240
NC_045512.2	26113	G	T	16019	6097	49	7	7	32	0.000436627	16032	0.982655	FALSE	ORF3a:cds-YP_009724391.1	GAA	E	TAA	*	241
NC_045512.2	26113	G	C	16019	6097	49	4	4	34	0.000249501	16032	0.998711	FALSE	ORF3a:cds-YP_009724391.1	GAA	E	CAA	Q	241
NC_045512.2	26113	G	A	16019	6097	49	2	2	40	0.00012475	16032	0.499766	FALSE	ORF3a:cds-YP_009724391.1	GAA	E	AAA	K	241
NC_045512.2	26114	A	T	16266	6325	51	2	2	34	0.000122865	16278	0.999927	FALSE	ORF3a:cds-YP_009724391.1	GAA	E	GTA	V	241
NC_045512.2	26114	A	G	16266	6325	51	7	7	34	0.000430028	16278	0.982661	FALSE	ORF3a:cds-YP_009724391.1	GAA	E	GGA	G	241
NC_045512.2	26114	A	C	16266	6325	51	3	2	28	0.000184298	16278	1	FALSE	ORF3a:cds-YP_009724391.1	GAA	E	GCA	A	241
NC_045512.2	26115	A	T	16107	6321	51	2	2	34	0.000124108	16115	0.999928	FALSE	ORF3a:cds-YP_009724391.1	GAA	E	GAT	D	241
NC_045512.2	26115	A	G	16107	6321	51	5	2	47	0.00031027	16115	0.109324	FALSE	ORF3a:cds-YP_009724391.1	GAA	E	GAG	E	241
NC_045512.2	26115	A	C	16107	6321	51	1	1	24	6.2054e-05	16115	1	FALSE	ORF3a:cds-YP_009724391.1	GAA	E	GAC	D	241
NC_045512.2	26116	G	C	16070	6013	47	5	4	31	0.000310887	16083	0.9964	FALSE	ORF3a:cds-YP_009724391.1	GAA	E	CAA	Q	242
NC_045512.2	26116	G	A	16070	6013	47	8	8	34	0.00049742	16083	0.968048	FALSE	ORF3a:cds-YP_009724391.1	GAA	E	AAA	K	242
NC_045512.2	26117	A	T	15681	6330	49	1	1	34	6.37267e-05	15692	0.999985	FALSE	ORF3a:cds-YP_009724391.1	GAA	E	GTA	V	242
NC_045512.2	26117	A	G	15681	6330	49	7	6	37	0.000446087	15692	0.973774	FALSE	ORF3a:cds-YP_009724391.1	GAA	E	GGA	G	242
NC_045512.2	26117	A	C	15681	6330	49	3	3	34	0.00019118	15692	0.999344	FALSE	ORF3a:cds-YP_009724391.1	GAA	E	GCA	A	242
NC_045512.2	26118	A	T	15868	6073	51	3	3	31	0.000188988	15874	0.999345	FALSE	ORF3a:cds-YP_009724391.1	GAA	E	GAT	D	242
NC_045512.2	26118	A	G	15868	6073	51	1	0	34	6.29961e-05	15874	0.999985	FALSE	ORF3a:cds-YP_009724391.1	GAA	E	GAG	E	242
NC_045512.2	26118	A	C	15868	6073	51	2	2	30	0.000125992	15874	0.999863	FALSE	ORF3a:cds-YP_009724391.1	GAA	E	GAC	D	242
NC_045512.2	26119	C	T	15722	5934	50	2	2	51	0.000127105	15735	0.249833	FALSE	ORF3a:cds-YP_009724391.1	CAT	H	TAT	Y	243
NC_045512.2	26119	C	G	15722	5934	50	2	2	34	0.000127105	15735	0.999862	FALSE	ORF3a:cds-YP_009724391.1	CAT	H	GAT	D	243
NC_045512.2	26119	C	A	15722	5934	50	9	9	32	0.000571973	15735	0.924216	FALSE	ORF3a:cds-YP_009724391.1	CAT	H	AAT	N	243
NC_045512.2	26120	A	T	15671	5891	50	2	2	30	0.00012751	15685	0.999862	FALSE	ORF3a:cds-YP_009724391.1	CAT	H	CTT	L	243
NC_045512.2	26120	A	G	15671	5891	50	4	0	28	0.000255021	15685	1	FALSE	ORF3a:cds-YP_009724391.1	CAT	H	CGT	R	243
NC_045512.2	26120	A	C	15671	5891	50	8	7	34	0.000510041	15685	0.953415	FALSE	ORF3a:cds-YP_009724391.1	CAT	H	CCT	P	243
NC_045512.2	26121	T	G	15785	6048	51	1	1	34	6.33152e-05	15794	0.999985	FALSE	ORF3a:cds-YP_009724391.1	CAT	H	CAG	Q	243
NC_045512.2	26121	T	C	15785	6048	51	3	2	45	0.000189946	15794	0.312369	FALSE	ORF3a:cds-YP_009724391.1	CAT	H	CAC	H	243
NC_045512.2	26121	T	A	15785	6048	51	5	5	30	0.000316576	15794	0.994097	FALSE	ORF3a:cds-YP_009724391.1	CAT	H	CAA	Q	243
NC_045512.2	26122	G	T	15826	5912	51	8	8	34	0.000505178	15836	0.953474	FALSE	ORF3a:cds-YP_009724391.1	GTC	V	TTC	F	244
NC_045512.2	26122	G	A	15826	5912	51	2	2	30	0.000126295	15836	0.999863	FALSE	ORF3a:cds-YP_009724391.1	GTC	V	ATC	I	244
NC_045512.2	26123	T	G	15832	5941	50	5	5	32	0.000315657	15840	0.994099	FALSE	ORF3a:cds-YP_009724391.1	GTC	V	GGC	G	244
NC_045512.2	26123	T	C	15832	5941	50	3	3	45	0.000189394	15840	0.312393	FALSE	ORF3a:cds-YP_009724391.1	GTC	V	GCC	A	244
NC_045512.2	26124	C	T	16015	6143	52	4	3	42	0.000249641	16023	0.187422	FALSE	ORF3a:cds-YP_009724391.1	GTC	V	GTT	V	244
NC_045512.2	26124	C	G	16015	6143	52	2	2	34	0.000124821	16023	0.999928	FALSE	ORF3a:cds-YP_009724391.1	GTC	V	GTG	V	244
NC_045512.2	26124	C	A	16015	6143	52	2	2	34	0.000124821	16023	0.999928	FALSE	ORF3a:cds-YP_009724391.1	GTC	V	GTA	V	244
NC_045512.2	26125	C	T	15510	5834	49	4	4	32	0.000257832	15514	0.997794	FALSE	ORF3a:cds-YP_009724391.1	CAA	Q	TAA	*	245
NC_045512.2	26126	A	T	15802	6298	52	3	3	28	0.000189741	15811	1	FALSE	ORF3a:cds-YP_009724391.1	CAA	Q	CTA	L	245
NC_045512.2	26126	A	C	15802	6298	52	6	6	32	0.000379483	15811	0.986713	FALSE	ORF3a:cds-YP_009724391.1	CAA	Q	CCA	P	245
NC_045512.2	26127	A	T	15889	6351	52	3	2	45	0.000188727	15896	0.312417	FALSE	ORF3a:cds-YP_009724391.1	CAA	Q	CAT	H	245
NC_045512.2	26127	A	G	15889	6351	52	1	1	24	6.29089e-05	15896	1	FALSE	ORF3a:cds-YP_009724391.1	CAA	Q	CAG	Q	245
NC_045512.2	26127	A	C	15889	6351	52	3	2	45	0.000188727	15896	0.312417	FALSE	ORF3a:cds-YP_009724391.1	CAA	Q	CAC	H	245
NC_045512.2	26128	A	T	15594	6174	50	2	2	26	0.000128222	15598	1	FALSE	ORF3a:cds-YP_009724391.1	ATT	I	TTT	F	246
NC_045512.2	26128	A	C	15594	6174	50	2	1	27	0.000128222	15598	1	FALSE	ORF3a:cds-YP_009724391.1	ATT	I	CTT	L	246
NC_045512.2	26129	T	C	16132	6408	52	1	1	34	6.19617e-05	16139	0.999992	FALSE	ORF3a:cds-YP_009724391.1	ATT	I	ACT	T	246
NC_045512.2	26129	T	A	16132	6408	52	6	6	34	0.00037177	16139	0.991568	FALSE	ORF3a:cds-YP_009724391.1	ATT	I	AAT	N	246
NC_045512.2	26130	T	G	15694	6051	48	1	1	24	6.36862e-05	15702	1	FALSE	ORF3a:cds-YP_009724391.1	ATT	I	ATG	M	246
NC_045512.2	26130	T	C	15694	6051	48	5	4	39	0.000318431	15702	0.994099	FALSE	ORF3a:cds-YP_009724391.1	ATT	I	ATC	I	246
NC_045512.2	26130	T	A	15694	6051	48	2	2	34	0.000127372	15702	0.999863	FALSE	ORF3a:cds-YP_009724391.1	ATT	I	ATA	I	246
NC_045512.2	26131	C	T	15700	6371	51	6	6	31	0.000381971	15708	0.986718	FALSE	ORF3a:cds-YP_009724391.1	CAC	H	TAC	Y	247
NC_045512.2	26131	C	A	15700	6371	51	2	2	34	0.000127324	15708	0.999863	FALSE	ORF3a:cds-YP_009724391.1	CAC	H	AAC	N	247
NC_045512.2	26132	A	T	15753	6431	52	2	2	34	0.000126896	15761	0.999863	FALSE	ORF3a:cds-YP_009724391.1	CAC	H	CTC	L	247
NC_045512.2	26132	A	G	15753	6431	52	1	1	26	6.34478e-05	15761	1	FALSE	ORF3a:cds-YP_009724391.1	CAC	H	CGC	R	247
NC_045512.2	26132	A	C	15753	6431	52	5	5	34	0.000317239	15761	0.994099	FALSE	ORF3a:cds-YP_009724391.1	CAC	H	CCC	P	247
NC_045512.2	26133	C	T	15698	6368	51	1	0	60	6.36699e-05	15706	0.499904	FALSE	ORF3a:cds-YP_009724391.1	CAC	H	CAT	H	247
NC_045512.2	26133	C	G	15698	6368	51	1	1	26	6.36699e-05	15706	1	FALSE	ORF3a:cds-YP_009724391.1	CAC	H	CAG	Q	247
NC_045512.2	26133	C	A	15698	6368	51	6	6	32	0.00038202	15706	0.986718	FALSE	ORF3a:cds-YP_009724391.1	CAC	H	CAA	Q	247
NC_045512.2	26134	A	T	15883	6833	53	3	3	34	0.000188798	15890	0.999345	FALSE	ORF3a:cds-YP_009724391.1	ACA	T	TCA	S	248
NC_045512.2	26134	A	C	15883	6833	53	4	4	32	0.000251731	15890	0.997791	FALSE	ORF3a:cds-YP_009724391.1	ACA	T	CCA	P	248
NC_045512.2	26134	A	+C	15883	6833	53	1	0	20	6.29327e-05	15890	1	FALSE	NA	NA	NA	NA	NA	NA
NC_045512.2	26135	C	T	15769	6665	51	3	2	35	0.000190114	15780	0.999344	FALSE	ORF3a:cds-YP_009724391.1	ACA	T	ATA	I	248
NC_045512.2	26135	C	G	15769	6665	51	1	0	27	6.33714e-05	15780	1	FALSE	ORF3a:cds-YP_009724391.1	ACA	T	AGA	R	248
NC_045512.2	26135	C	A	15769	6665	51	7	7	34	0.000443599	15780	0.973774	FALSE	ORF3a:cds-YP_009724391.1	ACA	T	AAA	K	248
NC_045512.2	26136	A	T	15867	6778	54	1	1	26	6.29802e-05	15878	1	FALSE	ORF3a:cds-YP_009724391.1	ACA	T	ACT	T	248
NC_045512.2	26136	A	G	15867	6778	54	3	1	68	0.000188941	15878	0.124906	FALSE	ORF3a:cds-YP_009724391.1	ACA	T	ACG	T	248
NC_045512.2	26136	A	C	15867	6778	54	7	7	31	0.000440862	15878	0.973774	FALSE	ORF3a:cds-YP_009724391.1	ACA	T	ACC	T	248
NC_045512.2	26137	A	T	15666	6195	49	2	2	34	0.000127584	15676	0.999863	FALSE	ORF3a:cds-YP_009724391.1	ATC	I	TTC	F	249
NC_045512.2	26137	A	G	15666	6195	49	2	0	47	0.000127584	15676	0.499832	FALSE	ORF3a:cds-YP_009724391.1	ATC	I	GTC	V	249
NC_045512.2	26137	A	C	15666	6195	49	6	5	31	0.000382751	15676	0.986708	FALSE	ORF3a:cds-YP_009724391.1	ATC	I	CTC	L	249
NC_045512.2	26138	T	C	16052	6707	51	1	1	68	6.22549e-05	16063	0.49986	FALSE	ORF3a:cds-YP_009724391.1	ATC	I	ACC	T	249
NC_045512.2	26138	T	A	16052	6707	51	10	9	30	0.000622549	16063	0.915767	FALSE	ORF3a:cds-YP_009724391.1	ATC	I	AAC	N	249
NC_045512.2	26139	C	T	16348	7080	53	6	6	34	0.000366771	16359	0.991555	FALSE	ORF3a:cds-YP_009724391.1	ATC	I	ATT	I	249
NC_045512.2	26139	C	G	16348	7080	53	1	1	34	6.11284e-05	16359	0.999992	FALSE	ORF3a:cds-YP_009724391.1	ATC	I	ATG	M	249
NC_045512.2	26139	C	A	16348	7080	53	4	4	34	0.000244514	16359	0.998712	FALSE	ORF3a:cds-YP_009724391.1	ATC	I	ATA	I	249
NC_045512.2	26140	G	T	16329	7105	53	6	5	32	0.000367107	16344	0.991542	FALSE	ORF3a:cds-YP_009724391.1	GAC	D	TAC	Y	250
NC_045512.2	26140	G	C	16329	7105	53	6	6	31	0.000367107	16344	0.991542	FALSE	ORF3a:cds-YP_009724391.1	GAC	D	CAC	H	250
NC_045512.2	26140	G	A	16329	7105	53	3	3	28	0.000183554	16344	1	FALSE	ORF3a:cds-YP_009724391.1	GAC	D	AAC	N	250
NC_045512.2	26141	A	T	16198	7335	52	3	3	34	0.000185071	16210	0.999636	FALSE	ORF3a:cds-YP_009724391.1	GAC	D	GTC	V	250
NC_045512.2	26141	A	G	16198	7335	52	5	5	34	0.000308452	16210	0.996401	FALSE	ORF3a:cds-YP_009724391.1	GAC	D	GGC	G	250
NC_045512.2	26141	A	C	16198	7335	52	4	4	32	0.000246761	16210	0.998711	FALSE	ORF3a:cds-YP_009724391.1	GAC	D	GCC	A	250
NC_045512.2	26142	C	T	16075	7494	53	5	4	40	0.000310733	16091	0.109208	FALSE	ORF3a:cds-YP_009724391.1	GAC	D	GAT	D	250
NC_045512.2	26142	C	G	16075	7494	53	5	5	30	0.000310733	16091	0.996395	FALSE	ORF3a:cds-YP_009724391.1	GAC	D	GAG	E	250
NC_045512.2	26142	C	A	16075	7494	53	6	6	31	0.000372879	16091	0.991538	FALSE	ORF3a:cds-YP_009724391.1	GAC	D	GAA	E	250
NC_045512.2	26143	G	T	16084	7491	53	2	2	34	0.000124239	16098	0.999927	FALSE	ORF3a:cds-YP_009724391.1	GGT	G	TGT	C	251
NC_045512.2	26143	G	C	16084	7491	53	5	5	32	0.000310598	16098	0.996398	FALSE	ORF3a:cds-YP_009724391.1	GGT	G	CGT	R	251
NC_045512.2	26143	G	A	16084	7491	53	7	6	32	0.000434837	16098	0.982649	FALSE	ORF3a:cds-YP_009724391.1	GGT	G	AGT	S	251
NC_045512.2	26144	G	T	16176	7549	53	2	2	34	0.000123556	16187	0.999928	FALSE	ORF3a:cds-YP_009724391.1	GGT	G	GTT	V	251
NC_045512.2	26144	G	C	16176	7549	53	4	4	34	0.000247112	16187	0.998712	FALSE	ORF3a:cds-YP_009724391.1	GGT	G	GCT	A	251
NC_045512.2	26144	G	A	16176	7549	53	5	2	47	0.00030889	16187	0.109281	FALSE	ORF3a:cds-YP_009724391.1	GGT	G	GAT	D	251
NC_045512.2	26145	T	G	16177	7537	53	10	10	32	0.000617703	16189	0.915742	FALSE	ORF3a:cds-YP_009724391.1	GGT	G	GGG	G	251
NC_045512.2	26145	T	C	16177	7537	53	1	1	26	6.17703e-05	16189	1	FALSE	ORF3a:cds-YP_009724391.1	GGT	G	GGC	G	251
NC_045512.2	26145	T	A	16177	7537	53	1	1	34	6.17703e-05	16189	0.999992	FALSE	ORF3a:cds-YP_009724391.1	GGT	G	GGA	G	251
NC_045512.2	26146	T	G	15714	7210	52	4	4	32	0.000254421	15722	0.99779	FALSE	ORF3a:cds-YP_009724391.1	TCA	S	GCA	A	252
NC_045512.2	26146	T	C	15714	7210	52	1	1	24	6.36051e-05	15722	1	FALSE	ORF3a:cds-YP_009724391.1	TCA	S	CCA	P	252
NC_045512.2	26146	T	A	15714	7210	52	3	2	45	0.000190815	15722	0.312393	FALSE	ORF3a:cds-YP_009724391.1	TCA	S	ACA	T	252
NC_045512.2	26147	C	T	15715	7732	52	9	9	32	0.000572264	15727	0.924239	FALSE	ORF3a:cds-YP_009724391.1	TCA	S	TTA	L	252
NC_045512.2	26147	C	G	15715	7732	52	1	1	26	6.35849e-05	15727	1	FALSE	ORF3a:cds-YP_009724391.1	TCA	S	TGA	*	252
NC_045512.2	26147	C	A	15715	7732	52	2	2	34	0.00012717	15727	0.999863	FALSE	ORF3a:cds-YP_009724391.1	TCA	S	TAA	*	252
NC_045512.2	26148	A	T	15809	7741	51	8	8	32	0.000505529	15825	0.953386	FALSE	ORF3a:cds-YP_009724391.1	TCA	S	TCT	S	252
NC_045512.2	26148	A	G	15809	7741	51	2	0	25	0.000126382	15825	1	FALSE	ORF3a:cds-YP_009724391.1	TCA	S	TCG	S	252
NC_045512.2	26148	A	C	15809	7741	51	6	6	31	0.000379147	15825	0.986679	FALSE	ORF3a:cds-YP_009724391.1	TCA	S	TCC	S	252
NC_045512.2	26149	T	G	16067	7870	52	3	2	31	0.000186556	16081	0.999635	FALSE	ORF3a:cds-YP_009724391.1	TCC	S	GCC	A	253
NC_045512.2	26149	T	C	16067	7870	52	4	4	32	0.000248741	16081	0.99871	FALSE	ORF3a:cds-YP_009724391.1	TCC	S	CCC	P	253
NC_045512.2	26149	T	A	16067	7870	52	7	7	32	0.000435296	16081	0.982649	FALSE	ORF3a:cds-YP_009724391.1	TCC	S	ACC	T	253
NC_045512.2	26150	C	T	16005	7849	52	5	5	34	0.000312207	16015	0.996404	FALSE	ORF3a:cds-YP_009724391.1	TCC	S	TTC	F	253
NC_045512.2	26150	C	A	16005	7849	52	5	5	30	0.000312207	16015	0.996404	FALSE	ORF3a:cds-YP_009724391.1	TCC	S	TAC	Y	253
NC_045512.2	26151	C	T	15965	7875	52	4	4	34	0.000250423	15973	0.99779	FALSE	ORF3a:cds-YP_009724391.1	TCC	S	TCT	S	253
NC_045512.2	26151	C	G	15965	7875	52	2	2	30	0.000125211	15973	0.999863	FALSE	ORF3a:cds-YP_009724391.1	TCC	S	TCG	S	253
NC_045512.2	26151	C	A	15965	7875	52	2	2	34	0.000125211	15973	0.999863	FALSE	ORF3a:cds-YP_009724391.1	TCC	S	TCA	S	253
NC_045512.2	26152	G	T	15917	7809	52	1	1	27	6.27707e-05	15931	1	FALSE	ORF3a:cds-YP_009724391.1	GGA	G	TGA	*	254
NC_045512.2	26152	G	C	15917	7809	52	9	9	31	0.000564936	15931	0.924194	FALSE	ORF3a:cds-YP_009724391.1	GGA	G	CGA	R	254
NC_045512.2	26152	G	A	15917	7809	52	4	4	42	0.000251083	15931	0.187304	FALSE	ORF3a:cds-YP_009724391.1	GGA	G	AGA	R	254
NC_045512.2	26153	G	T	15977	7823	52	1	1	34	6.25586e-05	15985	0.999985	FALSE	ORF3a:cds-YP_009724391.1	GGA	G	GTA	V	254
NC_045512.2	26153	G	C	15977	7823	52	4	4	34	0.000250235	15985	0.99779	FALSE	ORF3a:cds-YP_009724391.1	GGA	G	GCA	A	254
NC_045512.2	26153	G	A	15977	7823	52	3	3	45	0.000187676	15985	0.312394	FALSE	ORF3a:cds-YP_009724391.1	GGA	G	GAA	E	254
NC_045512.2	26154	A	T	15967	7787	52	1	1	34	6.25782e-05	15980	0.999985	FALSE	ORF3a:cds-YP_009724391.1	GGA	G	GGT	G	254
NC_045512.2	26154	A	G	15967	7787	52	11	11	32	0.00068836	15980	0.83659	FALSE	ORF3a:cds-YP_009724391.1	GGA	G	GGG	G	254
NC_045512.2	26154	A	C	15967	7787	52	1	0	34	6.25782e-05	15980	0.999985	FALSE	ORF3a:cds-YP_009724391.1	GGA	G	GGC	G	254
NC_045512.2	26155	G	C	16171	7830	51	1	1	26	6.18085e-05	16179	1	FALSE	ORF3a:cds-YP_009724391.1	GTT	V	CTT	L	255
NC_045512.2	26155	G	A	16171	7830	51	7	7	32	0.00043266	16179	0.982687	FALSE	ORF3a:cds-YP_009724391.1	GTT	V	ATT	I	255
NC_045512.2	26156	T	G	16191	7940	52	7	5	30	0.000431912	16207	0.982636	FALSE	ORF3a:cds-YP_009724391.1	GTT	V	GGT	G	255
NC_045512.2	26156	T	C	16191	7940	52	2	2	30	0.000123403	16207	0.999927	FALSE	ORF3a:cds-YP_009724391.1	GTT	V	GCT	A	255
NC_045512.2	26156	T	A	16191	7940	52	7	6	30	0.000431912	16207	0.982636	FALSE	ORF3a:cds-YP_009724391.1	GTT	V	GAT	D	255
NC_045512.2	26157	T	G	16368	7959	51	4	4	34	0.00024426	16376	0.998714	FALSE	ORF3a:cds-YP_009724391.1	GTT	V	GTG	V	255
NC_045512.2	26157	T	C	16368	7959	51	3	2	43	0.000183195	16376	0.312397	FALSE	ORF3a:cds-YP_009724391.1	GTT	V	GTC	V	255
NC_045512.2	26157	T	A	16368	7959	51	1	1	34	6.1065e-05	16376	0.999992	FALSE	ORF3a:cds-YP_009724391.1	GTT	V	GTA	V	255
NC_045512.2	26158	G	T	16472	7978	51	11	11	37	0.000667314	16484	0.876203	FALSE	ORF3a:cds-YP_009724391.1	GTT	V	TTT	F	256
NC_045512.2	26158	G	A	16472	7978	51	1	1	34	6.06649e-05	16484	0.999992	FALSE	ORF3a:cds-YP_009724391.1	GTT	V	ATT	I	256
NC_045512.2	26159	T	G	16499	7995	51	6	5	31	0.000363438	16509	0.991558	FALSE	ORF3a:cds-YP_009724391.1	GTT	V	GGT	G	256
NC_045512.2	26159	T	C	16499	7995	51	1	0	68	6.0573e-05	16509	0.499879	FALSE	ORF3a:cds-YP_009724391.1	GTT	V	GCT	A	256
NC_045512.2	26159	T	A	16499	7995	51	3	3	34	0.000181719	16509	0.999636	FALSE	ORF3a:cds-YP_009724391.1	GTT	V	GAT	D	256
NC_045512.2	26160	T	G	16410	7928	51	4	4	30	0.000243635	16418	0.998714	FALSE	ORF3a:cds-YP_009724391.1	GTT	V	GTG	V	256
NC_045512.2	26160	T	C	16410	7928	51	3	2	34	0.000182726	16418	0.999636	FALSE	ORF3a:cds-YP_009724391.1	GTT	V	GTC	V	256
NC_045512.2	26160	T	A	16410	7928	51	1	1	34	6.09088e-05	16418	0.999992	FALSE	ORF3a:cds-YP_009724391.1	GTT	V	GTA	V	256
NC_045512.2	26160	T	-A	16410	7928	51	1	0	20	6.09088e-05	16418	1	FALSE	NA	NA	NA	NA	NA	NA
NC_045512.2	26161	A	T	16441	8020	51	10	9	32	0.000607718	16455	0.915669	FALSE	ORF3a:cds-YP_009724391.1	AAT	N	TAT	Y	257
NC_045512.2	26161	A	G	16441	8020	51	4	3	40	0.000243087	16455	0.187291	FALSE	ORF3a:cds-YP_009724391.1	AAT	N	GAT	D	257
NC_045512.2	26162	A	T	16481	8043	51	4	4	34	0.00024263	16486	0.998715	FALSE	ORF3a:cds-YP_009724391.1	AAT	N	ATT	I	257
NC_045512.2	26162	A	C	16481	8043	51	1	1	34	6.06575e-05	16486	0.999992	FALSE	ORF3a:cds-YP_009724391.1	AAT	N	ACT	T	257
NC_045512.2	26163	T	G	16541	8059	51	4	2	30	0.000241575	16558	0.998709	FALSE	ORF3a:cds-YP_009724391.1	AAT	N	AAG	K	257
NC_045512.2	26163	T	C	16541	8059	51	3	2	31	0.000181181	16558	0.999635	FALSE	ORF3a:cds-YP_009724391.1	AAT	N	AAC	N	257
NC_045512.2	26163	T	A	16541	8059	51	10	10	34	0.000603938	16558	0.915621	FALSE	ORF3a:cds-YP_009724391.1	AAT	N	AAA	K	257
NC_045512.2	26164	C	T	16187	7854	51	6	5	39	0.00037037	16200	0.991545	FALSE	ORF3a:cds-YP_009724391.1	CCA	P	TCA	S	258
NC_045512.2	26164	C	A	16187	7854	51	7	7	34	0.000432099	16200	0.982649	FALSE	ORF3a:cds-YP_009724391.1	CCA	P	ACA	T	258
NC_045512.2	26165	C	T	16085	7907	50	7	5	32	0.000434918	16095	0.982674	FALSE	ORF3a:cds-YP_009724391.1	CCA	P	CTA	L	258
NC_045512.2	26165	C	A	16085	7907	50	3	3	34	0.000186393	16095	0.999636	FALSE	ORF3a:cds-YP_009724391.1	CCA	P	CAA	Q	258
NC_045512.2	26166	A	T	15736	7587	50	2	2	30	0.000126992	15749	0.999862	FALSE	ORF3a:cds-YP_009724391.1	CCA	P	CCT	P	258
NC_045512.2	26166	A	G	15736	7587	50	1	0	34	6.34961e-05	15749	0.999985	FALSE	ORF3a:cds-YP_009724391.1	CCA	P	CCG	P	258
NC_045512.2	26166	A	C	15736	7587	50	10	8	33	0.000634961	15749	0.885269	FALSE	ORF3a:cds-YP_009724391.1	CCA	P	CCC	P	258
NC_045512.2	26167	G	C	15891	7562	51	4	4	34	0.000251588	15899	0.99779	FALSE	ORF3a:cds-YP_009724391.1	GTA	V	CTA	L	259
NC_045512.2	26167	G	A	15891	7562	51	4	4	34	0.000251588	15899	0.99779	FALSE	ORF3a:cds-YP_009724391.1	GTA	V	ATA	I	259
NC_045512.2	26168	T	G	15820	7548	51	4	4	34	0.000252637	15833	0.997786	FALSE	ORF3a:cds-YP_009724391.1	GTA	V	GGA	G	259
NC_045512.2	26168	T	C	15820	7548	51	2	0	47	0.000126318	15833	0.499763	FALSE	ORF3a:cds-YP_009724391.1	GTA	V	GCA	A	259
NC_045512.2	26168	T	A	15820	7548	51	7	6	29	0.000442115	15833	1	FALSE	ORF3a:cds-YP_009724391.1	GTA	V	GAA	E	259
NC_045512.2	26169	A	T	15910	7625	51	4	4	34	0.000251272	15919	0.997789	FALSE	ORF3a:cds-YP_009724391.1	GTA	V	GTT	V	259
NC_045512.2	26169	A	G	15910	7625	51	4	4	34	0.000251272	15919	0.997789	FALSE	ORF3a:cds-YP_009724391.1	GTA	V	GTG	V	259
NC_045512.2	26169	A	C	15910	7625	51	1	1	34	6.2818e-05	15919	0.999985	FALSE	ORF3a:cds-YP_009724391.1	GTA	V	GTC	V	259
NC_045512.2	26170	A	T	15903	7641	51	3	3	34	0.000188561	15910	0.999345	FALSE	ORF3a:cds-YP_009724391.1	ATG	M	TTG	L	260
NC_045512.2	26170	A	G	15903	7641	51	3	3	42	0.000188561	15910	0.312417	FALSE	ORF3a:cds-YP_009724391.1	ATG	M	GTG	V	260
NC_045512.2	26170	A	C	15903	7641	51	1	1	34	6.28536e-05	15910	0.999985	FALSE	ORF3a:cds-YP_009724391.1	ATG	M	CTG	L	260
NC_045512.2	26171	T	A	15818	7582	51	10	10	33	0.000631792	15828	0.885362	FALSE	ORF3a:cds-YP_009724391.1	ATG	M	AAG	K	260
NC_045512.2	26172	G	T	15774	7582	51	5	5	34	0.000316736	15786	0.99409	FALSE	ORF3a:cds-YP_009724391.1	ATG	M	ATT	I	260
NC_045512.2	26172	G	A	15774	7582	51	7	7	36	0.000443431	15786	0.973765	FALSE	ORF3a:cds-YP_009724391.1	ATG	M	ATA	I	260
NC_045512.2	26173	G	T	15791	7756	51	4	3	32	0.000253197	15798	0.997791	FALSE	ORF3a:cds-YP_009724391.1	GAA	E	TAA	*	261
NC_045512.2	26173	G	C	15791	7756	51	2	2	51	0.000126598	15798	0.249929	FALSE	ORF3a:cds-YP_009724391.1	GAA	E	CAA	Q	261
NC_045512.2	26173	G	A	15791	7756	51	1	1	26	6.32992e-05	15798	1	FALSE	ORF3a:cds-YP_009724391.1	GAA	E	AAA	K	261
NC_045512.2	26174	A	T	15733	7675	51	1	1	34	6.35203e-05	15743	0.999985	FALSE	ORF3a:cds-YP_009724391.1	GAA	E	GTA	V	261
NC_045512.2	26174	A	G	15733	7675	51	8	8	34	0.000508162	15743	0.953475	FALSE	ORF3a:cds-YP_009724391.1	GAA	E	GGA	G	261
NC_045512.2	26174	A	C	15733	7675	51	1	1	27	6.35203e-05	15743	1	FALSE	ORF3a:cds-YP_009724391.1	GAA	E	GCA	A	261
NC_045512.2	26175	A	T	15451	8008	49	4	4	30	0.000258749	15459	0.99779	FALSE	ORF3a:cds-YP_009724391.1	GAA	E	GAT	D	261
NC_045512.2	26175	A	G	15451	8008	49	4	4	34	0.000258749	15459	0.99779	FALSE	ORF3a:cds-YP_009724391.1	GAA	E	GAG	E	261
NC_045512.2	26176	C	G	15599	7970	50	3	3	34	0.000192172	15611	0.999343	FALSE	ORF3a:cds-YP_009724391.1	CCA	P	GCA	A	262
NC_045512.2	26176	C	A	15599	7970	50	9	9	32	0.000576517	15611	0.924239	FALSE	ORF3a:cds-YP_009724391.1	CCA	P	ACA	T	262
NC_045512.2	26177	C	T	15629	8081	50	1	1	26	6.39591e-05	15635	1	FALSE	ORF3a:cds-YP_009724391.1	CCA	P	CTA	L	262
NC_045512.2	26177	C	A	15629	8081	50	5	5	34	0.000319795	15635	0.994104	FALSE	ORF3a:cds-YP_009724391.1	CCA	P	CAA	Q	262
NC_045512.2	26178	A	T	15728	8022	50	1	0	26	6.35243e-05	15742	1	FALSE	ORF3a:cds-YP_009724391.1	CCA	P	CCT	P	262
NC_045512.2	26178	A	G	15728	8022	50	3	2	27	0.000190573	15742	1	FALSE	ORF3a:cds-YP_009724391.1	CCA	P	CCG	P	262
NC_045512.2	26178	A	C	15728	8022	50	10	10	31	0.000635243	15742	0.885239	FALSE	ORF3a:cds-YP_009724391.1	CCA	P	CCC	P	262
NC_045512.2	26179	A	C	15820	8079	50	7	7	32	0.000442282	15827	0.97381	FALSE	ORF3a:cds-YP_009724391.1	ATT	I	CTT	L	263
NC_045512.2	26179	A	-T	15820	8079	50	1	0	20	6.31832e-05	15827	1	FALSE	NA	NA	NA	NA	NA	NA
NC_045512.2	26180	T	G	14996	7249	47	7	5	28	0.000466263	15013	1	FALSE	ORF3a:cds-YP_009724391.1	ATT	I	AGT	S	263
NC_045512.2	26180	T	C	14996	7249	47	2	1	51	0.000133218	15013	0.249742	FALSE	ORF3a:cds-YP_009724391.1	ATT	I	ACT	T	263
NC_045512.2	26180	T	A	14996	7249	47	8	8	33	0.000532872	15013	0.953352	FALSE	ORF3a:cds-YP_009724391.1	ATT	I	AAT	N	263
NC_045512.2	26181	T	A	15837	8122	50	6	6	32	0.000378716	15843	0.986728	FALSE	ORF3a:cds-YP_009724391.1	ATT	I	ATA	I	263
NC_045512.2	26182	T	G	15595	8289	48	1	1	34	6.41149e-05	15597	0.999985	FALSE	ORF3a:cds-YP_009724391.1	TAT	Y	GAT	D	264
NC_045512.2	26182	T	A	15595	8289	48	1	1	34	6.41149e-05	15597	0.999985	FALSE	ORF3a:cds-YP_009724391.1	TAT	Y	AAT	N	264
NC_045512.2	26183	A	T	15841	8366	49	9	9	34	0.000567823	15850	0.924305	FALSE	ORF3a:cds-YP_009724391.1	TAT	Y	TTT	F	264
NC_045512.2	26184	T	C	15813	8344	49	1	1	34	6.32111e-05	15820	0.999985	FALSE	ORF3a:cds-YP_009724391.1	TAT	Y	TAC	Y	264
NC_045512.2	26184	T	A	15813	8344	49	6	6	32	0.000379267	15820	0.986723	FALSE	ORF3a:cds-YP_009724391.1	TAT	Y	TAA	*	264
NC_045512.2	26185	G	T	15726	8460	48	7	6	33	0.000444868	15735	0.973792	FALSE	ORF3a:cds-YP_009724391.1	GAT	D	TAT	Y	265
NC_045512.2	26185	G	C	15726	8460	48	1	1	26	6.35526e-05	15735	1	FALSE	ORF3a:cds-YP_009724391.1	GAT	D	CAT	H	265
NC_045512.2	26185	G	A	15726	8460	48	1	1	34	6.35526e-05	15735	0.999985	FALSE	ORF3a:cds-YP_009724391.1	GAT	D	AAT	N	265
NC_045512.2	26186	A	T	15845	8684	49	4	4	34	0.000252286	15855	0.997788	FALSE	ORF3a:cds-YP_009724391.1	GAT	D	GTT	V	265
NC_045512.2	26186	A	G	15845	8684	49	6	5	32	0.00037843	15855	0.986708	FALSE	ORF3a:cds-YP_009724391.1	GAT	D	GGT	G	265
NC_045512.2	26187	T	G	15481	8397	48	4	4	34	0.000258131	15496	0.997784	FALSE	ORF3a:cds-YP_009724391.1	GAT	D	GAG	E	265
NC_045512.2	26187	T	C	15481	8397	48	4	2	49	0.000258131	15496	0.187278	FALSE	ORF3a:cds-YP_009724391.1	GAT	D	GAC	D	265
NC_045512.2	26187	T	A	15481	8397	48	7	7	34	0.000451729	15496	0.973738	FALSE	ORF3a:cds-YP_009724391.1	GAT	D	GAA	E	265
NC_045512.2	26188	G	T	15322	8306	48	7	7	32	0.000456472	15335	0.973756	FALSE	ORF3a:cds-YP_009724391.1	GAA	E	TAA	*	266
NC_045512.2	26188	G	C	15322	8306	48	2	2	30	0.000130421	15335	0.999862	FALSE	ORF3a:cds-YP_009724391.1	GAA	E	CAA	Q	266
NC_045512.2	26188	G	A	15322	8306	48	4	4	34	0.000260841	15335	0.997786	FALSE	ORF3a:cds-YP_009724391.1	GAA	E	AAA	K	266
NC_045512.2	26189	A	T	15476	8425	48	5	4	30	0.00032281	15489	0.994087	FALSE	ORF3a:cds-YP_009724391.1	GAA	E	GTA	V	266
NC_045512.2	26189	A	G	15476	8425	48	5	5	32	0.00032281	15489	0.994087	FALSE	ORF3a:cds-YP_009724391.1	GAA	E	GGA	G	266
NC_045512.2	26189	A	C	15476	8425	48	3	3	31	0.000193686	15489	0.999343	FALSE	ORF3a:cds-YP_009724391.1	GAA	E	GCA	A	266
NC_045512.2	26190	A	T	14795	8449	46	2	2	34	0.000135099	14804	0.999741	FALSE	ORF3a:cds-YP_009724391.1	GAA	E	GAT	D	266
NC_045512.2	26190	A	G	14795	8449	46	6	5	32	0.000405296	14804	0.979324	FALSE	ORF3a:cds-YP_009724391.1	GAA	E	GAG	E	266
NC_045512.2	26190	A	C	14795	8449	46	1	0	24	6.75493e-05	14804	1	FALSE	ORF3a:cds-YP_009724391.1	GAA	E	GAC	D	266
NC_045512.2	26190	A	+C	14795	8449	46	3	0	20	0.000202648	14804	1	FALSE	NA	NA	NA	NA	NA	NA
NC_045512.2	26191	C	T	15465	8743	48	1	1	34	6.46162e-05	15476	0.999985	FALSE	ORF3a:cds-YP_009724391.1	CCG	P	TCG	S	267
NC_045512.2	26191	C	G	15465	8743	48	1	1	34	6.46162e-05	15476	0.999985	FALSE	ORF3a:cds-YP_009724391.1	CCG	P	GCG	A	267
NC_045512.2	26191	C	A	15465	8743	48	9	9	31	0.000581546	15476	0.924262	FALSE	ORF3a:cds-YP_009724391.1	CCG	P	ACG	T	267
NC_045512.2	26192	C	T	15271	8656	48	2	2	30	0.000130907	15278	0.999863	FALSE	ORF3a:cds-YP_009724391.1	CCG	P	CTG	L	267
NC_045512.2	26192	C	A	15271	8656	48	5	4	27	0.000327268	15278	1	FALSE	ORF3a:cds-YP_009724391.1	CCG	P	CAG	Q	267
NC_045512.2	26193	G	C	15466	8648	48	13	13	30	0.000839793	15480	0.714294	FALSE	ORF3a:cds-YP_009724391.1	CCG	P	CCC	P	267
NC_045512.2	26193	G	A	15466	8648	48	1	1	26	6.45995e-05	15480	1	FALSE	ORF3a:cds-YP_009724391.1	CCG	P	CCA	P	267
NC_045512.2	26194	A	G	15477	8702	47	7	7	37	0.000451875	15491	0.973747	FALSE	ORF3a:cds-YP_009724391.1	ACG	T	GCG	A	268
NC_045512.2	26194	A	C	15477	8702	47	7	6	31	0.000451875	15491	0.973747	FALSE	ORF3a:cds-YP_009724391.1	ACG	T	CCG	P	268
NC_045512.2	26195	C	G	15544	8810	48	4	4	34	0.000257136	15556	0.997787	FALSE	ORF3a:cds-YP_009724391.1	ACG	T	AGG	R	268
NC_045512.2	26195	C	A	15544	8810	48	8	8	33	0.000514271	15556	0.953445	FALSE	ORF3a:cds-YP_009724391.1	ACG	T	AAG	K	268
NC_045512.2	26196	G	C	15409	8773	47	8	8	33	0.000518706	15423	0.953415	FALSE	ORF3a:cds-YP_009724391.1	ACG	T	ACC	T	268
NC_045512.2	26196	G	A	15409	8773	47	6	6	32	0.000389029	15423	0.986688	FALSE	ORF3a:cds-YP_009724391.1	ACG	T	ACA	T	268
NC_045512.2	26197	A	G	15498	8930	48	8	8	36	0.000515796	15510	0.953445	FALSE	ORF3a:cds-YP_009724391.1	ACG	T	GCG	A	269
NC_045512.2	26197	A	C	15498	8930	48	4	4	32	0.000257898	15510	0.997787	FALSE	ORF3a:cds-YP_009724391.1	ACG	T	CCG	P	269
NC_045512.2	26198	C	T	15467	8951	48	2	2	30	0.000129191	15481	0.999862	FALSE	ORF3a:cds-YP_009724391.1	ACG	T	ATG	M	269
NC_045512.2	26198	C	G	15467	8951	48	5	5	34	0.000322977	15481	0.994085	FALSE	ORF3a:cds-YP_009724391.1	ACG	T	AGG	R	269
NC_045512.2	26198	C	A	15467	8951	48	7	7	34	0.000452167	15481	0.973747	FALSE	ORF3a:cds-YP_009724391.1	ACG	T	AAG	K	269
NC_045512.2	26199	G	T	15339	8898	47	2	2	34	0.000130293	15350	0.999863	FALSE	ORF3a:cds-YP_009724391.1	ACG	T	ACT	T	269
NC_045512.2	26199	G	C	15339	8898	47	5	5	30	0.000325733	15350	0.994092	FALSE	ORF3a:cds-YP_009724391.1	ACG	T	ACC	T	269
NC_045512.2	26199	G	A	15339	8898	47	4	4	34	0.000260586	15350	0.997787	FALSE	ORF3a:cds-YP_009724391.1	ACG	T	ACA	T	269
NC_045512.2	26200	A	T	15463	9190	48	1	1	34	6.46162e-05	15476	0.999985	FALSE	ORF3a:cds-YP_009724391.1	ACT	T	TCT	S	270
NC_045512.2	26200	A	G	15463	9190	48	7	7	34	0.000452313	15476	0.973756	FALSE	ORF3a:cds-YP_009724391.1	ACT	T	GCT	A	270
NC_045512.2	26200	A	C	15463	9190	48	5	5	32	0.000323081	15476	0.994087	FALSE	ORF3a:cds-YP_009724391.1	ACT	T	CCT	P	270
NC_045512.2	26201	C	T	15454	9491	47	1	1	34	6.4658e-05	15466	0.999985	FALSE	ORF3a:cds-YP_009724391.1	ACT	T	ATT	I	270
NC_045512.2	26201	C	G	15454	9491	47	4	4	34	0.000258632	15466	0.997787	FALSE	ORF3a:cds-YP_009724391.1	ACT	T	AGT	S	270
NC_045512.2	26201	C	A	15454	9491	47	7	7	32	0.000452606	15466	0.973765	FALSE	ORF3a:cds-YP_009724391.1	ACT	T	AAT	N	270
NC_045512.2	26202	T	G	15251	9324	47	1	1	26	6.55136e-05	15264	1	FALSE	ORF3a:cds-YP_009724391.1	ACT	T	ACG	T	270
NC_045512.2	26202	T	C	15251	9324	47	7	7	37	0.000458595	15264	0.973756	FALSE	ORF3a:cds-YP_009724391.1	ACT	T	ACC	T	270
NC_045512.2	26202	T	A	15251	9324	47	5	5	30	0.000327568	15264	0.994087	FALSE	ORF3a:cds-YP_009724391.1	ACT	T	ACA	T	270
NC_045512.2	26203	A	T	15221	9325	47	6	6	34	0.000393882	15233	0.986698	FALSE	ORF3a:cds-YP_009724391.1	ACT	T	TCT	S	271
NC_045512.2	26203	A	G	15221	9325	47	1	0	68	6.5647e-05	15233	0.499836	FALSE	ORF3a:cds-YP_009724391.1	ACT	T	GCT	A	271
NC_045512.2	26203	A	C	15221	9325	47	5	5	34	0.000328235	15233	0.99409	FALSE	ORF3a:cds-YP_009724391.1	ACT	T	CCT	P	271
NC_045512.2	26204	C	T	15225	9431	47	5	5	32	0.000328213	15234	0.994097	FALSE	ORF3a:cds-YP_009724391.1	ACT	T	ATT	I	271
NC_045512.2	26204	C	A	15225	9431	47	4	4	34	0.000262571	15234	0.997789	FALSE	ORF3a:cds-YP_009724391.1	ACT	T	AAT	N	271
NC_045512.2	26205	T	C	15145	9354	47	8	8	34	0.000527809	15157	0.953446	FALSE	ORF3a:cds-YP_009724391.1	ACT	T	ACC	T	271
NC_045512.2	26205	T	A	15145	9354	47	4	4	34	0.000263904	15157	0.997787	FALSE	ORF3a:cds-YP_009724391.1	ACT	T	ACA	T	271
NC_045512.2	26206	A	T	14985	9233	47	5	5	34	0.000333356	14999	0.990383	FALSE	ORF3a:cds-YP_009724391.1	AGC	S	TGC	C	272
NC_045512.2	26206	A	G	14985	9233	47	2	2	34	0.000133342	14999	0.99974	FALSE	ORF3a:cds-YP_009724391.1	AGC	S	GGC	G	272
NC_045512.2	26206	A	C	14985	9233	47	7	6	30	0.000466698	14999	0.960797	FALSE	ORF3a:cds-YP_009724391.1	AGC	S	CGC	R	272
NC_045512.2	26207	G	T	14990	9325	47	5	5	32	0.000333244	15004	0.994085	FALSE	ORF3a:cds-YP_009724391.1	AGC	S	ATC	I	272
NC_045512.2	26207	G	C	14990	9325	47	3	3	28	0.000199947	15004	1	FALSE	ORF3a:cds-YP_009724391.1	AGC	S	ACC	T	272
NC_045512.2	26207	G	A	14990	9325	47	6	6	31	0.000399893	15004	0.986688	FALSE	ORF3a:cds-YP_009724391.1	AGC	S	AAC	N	272
NC_045512.2	26208	C	T	14583	9257	46	1	1	34	6.85166e-05	14595	0.999969	FALSE	ORF3a:cds-YP_009724391.1	AGC	S	AGT	S	272
NC_045512.2	26208	C	G	14583	9257	46	4	4	34	0.000274066	14595	0.996229	FALSE	ORF3a:cds-YP_009724391.1	AGC	S	AGG	R	272
NC_045512.2	26208	C	A	14583	9257	46	7	7	32	0.000479616	14595	0.960823	FALSE	ORF3a:cds-YP_009724391.1	AGC	S	AGA	R	272
NC_045512.2	26209	G	C	14638	9286	46	5	5	34	0.000341437	14644	0.990414	FALSE	ORF3a:cds-YP_009724391.1	GTG	V	CTG	L	273
NC_045512.2	26209	G	A	14638	9286	46	1	1	34	6.82874e-05	14644	0.99997	FALSE	ORF3a:cds-YP_009724391.1	GTG	V	ATG	M	273
NC_045512.2	26210	T	G	13358	8213	47	6	6	34	0.000448833	13368	0.968228	FALSE	ORF3a:cds-YP_009724391.1	GTG	V	GGG	G	273
NC_045512.2	26210	T	C	13358	8213	47	3	3	34	0.000224417	13368	0.997909	FALSE	ORF3a:cds-YP_009724391.1	GTG	V	GCG	A	273
NC_045512.2	26210	T	A	13358	8213	47	1	1	34	7.48055e-05	13368	0.999939	FALSE	ORF3a:cds-YP_009724391.1	GTG	V	GAG	E	273
NC_045512.2	26211	G	T	13320	8224	47	6	6	32	0.000450146	13329	0.968239	FALSE	ORF3a:cds-YP_009724391.1	GTG	V	GTT	V	273
NC_045512.2	26211	G	C	13320	8224	47	2	2	34	0.000150049	13329	0.999512	FALSE	ORF3a:cds-YP_009724391.1	GTG	V	GTC	V	273
NC_045512.2	26211	G	A	13320	8224	47	1	0	46	7.50244e-05	13329	0.749878	FALSE	ORF3a:cds-YP_009724391.1	GTG	V	GTA	V	273
NC_045512.2	26212	C	T	13313	8341	46	4	4	34	0.000300165	13326	0.993629	FALSE	ORF3a:cds-YP_009724391.1	CCT	P	TCT	S	274
NC_045512.2	26212	C	G	13313	8341	46	7	7	31	0.000525289	13326	0.942312	FALSE	ORF3a:cds-YP_009724391.1	CCT	P	GCT	A	274
NC_045512.2	26212	C	A	13313	8341	46	2	2	34	0.000150083	13326	0.999511	FALSE	ORF3a:cds-YP_009724391.1	CCT	P	ACT	T	274
NC_045512.2	26213	C	T	13273	8613	45	3	3	34	0.000225887	13281	0.997911	FALSE	ORF3a:cds-YP_009724391.1	CCT	P	CTT	L	274
NC_045512.2	26213	C	G	13273	8613	45	5	5	30	0.000376478	13281	0.984573	FALSE	ORF3a:cds-YP_009724391.1	CCT	P	CGT	R	274
NC_045512.2	26214	T	G	12338	7659	44	7	7	33	0.000566526	12356	0.916275	FALSE	ORF3a:cds-YP_009724391.1	CCT	P	CCG	P	274
NC_045512.2	26214	T	C	12338	7659	44	10	10	32	0.000809323	12356	0.737923	FALSE	ORF3a:cds-YP_009724391.1	CCT	P	CCC	P	274
NC_045512.2	26214	T	A	12338	7659	44	1	1	68	8.09323e-05	12356	0.499676	FALSE	ORF3a:cds-YP_009724391.1	CCT	P	CCA	P	274
NC_045512.2	26215	T	G	13145	8503	46	1	1	34	7.60283e-05	13153	0.999939	FALSE	ORF3a:cds-YP_009724391.1	TTG	L	GTG	V	275
NC_045512.2	26215	T	C	13145	8503	46	5	5	32	0.000380141	13153	0.984574	FALSE	ORF3a:cds-YP_009724391.1	TTG	L	CTG	L	275
NC_045512.2	26215	T	A	13145	8503	46	2	2	34	0.000152057	13153	0.999512	FALSE	ORF3a:cds-YP_009724391.1	TTG	L	ATG	M	275
NC_045512.2	26216	T	C	13103	8502	46	3	3	34	0.000228868	13108	0.997914	FALSE	ORF3a:cds-YP_009724391.1	TTG	L	TCG	S	275
NC_045512.2	26216	T	A	13103	8502	46	2	2	34	0.000152579	13108	0.999513	FALSE	ORF3a:cds-YP_009724391.1	TTG	L	TAG	*	275
NC_045512.2	26217	G	T	13102	8509	46	11	11	34	0.000838606	13117	0.729278	FALSE	ORF3a:cds-YP_009724391.1	TTG	L	TTT	F	275
NC_045512.2	26217	G	C	13102	8509	46	1	1	34	7.62369e-05	13117	0.999939	FALSE	ORF3a:cds-YP_009724391.1	TTG	L	TTC	F	275
NC_045512.2	26217	G	A	13102	8509	46	3	3	45	0.000228711	13117	0.312171	FALSE	ORF3a:cds-YP_009724391.1	TTG	L	TTA	L	275
NC_045512.2	26218	T	G	13049	8511	45	5	5	34	0.000382907	13058	0.984567	FALSE	ORF3a:cds-YP_009724391.1	TAA	*	GAA	E	276
NC_045512.2	26218	T	C	13049	8511	45	3	3	34	0.000229744	13058	0.99791	FALSE	ORF3a:cds-YP_009724391.1	TAA	*	CAA	Q	276
NC_045512.2	26218	T	A	13049	8511	45	1	1	24	7.65814e-05	13058	1	FALSE	ORF3a:cds-YP_009724391.1	TAA	*	AAA	K	276
NC_045512.2	26218	T	-A	13049	8511	45	1	0	20	7.65814e-05	13058	1	FALSE	NA	NA	NA	NA	NA	NA
NC_045512.2	26219	A	T	13100	8543	45	5	5	34	0.000381359	13111	0.984549	FALSE	ORF3a:cds-YP_009724391.1	TAA	*	TTA	L	276
NC_045512.2	26219	A	G	13100	8543	45	4	4	34	0.000305087	13111	0.993632	FALSE	ORF3a:cds-YP_009724391.1	TAA	*	TGA	*	276
NC_045512.2	26219	A	C	13100	8543	45	2	2	30	0.000152544	13111	0.999511	FALSE	ORF3a:cds-YP_009724391.1	TAA	*	TCA	S	276
NC_045512.2	26220	A	T	13030	8523	45	4	4	34	0.000306748	13040	0.993637	FALSE	ORF3a:cds-YP_009724391.1	TAA	*	TAT	Y	276
NC_045512.2	26220	A	G	13030	8523	45	3	2	42	0.000230061	13040	0.312313	FALSE	ORF3a:cds-YP_009724391.1	TAA	*	TAG	*	276
NC_045512.2	26220	A	C	13030	8523	45	3	3	31	0.000230061	13040	0.997909	FALSE	ORF3a:cds-YP_009724391.1	TAA	*	TAC	Y	276
NC_045512.2	26221	G	T	12922	8431	45	2	2	30	0.000154583	12938	0.999081	FALSE	NA	NA	NA	NA	NA	NA
NC_045512.2	26221	G	C	12922	8431	45	1	1	26	7.72917e-05	12938	1	FALSE	NA	NA	NA	NA	NA	NA
NC_045512.2	26221	G	A	12922	8431	45	13	11	38	0.00100479	12938	0.499844	FALSE	NA	NA	NA	NA	NA	NA
NC_045512.2	26222	C	T	12976	8796	45	3	3	31	0.000230929	12991	0.996298	FALSE	NA	NA	NA	NA	NA	NA
NC_045512.2	26222	C	G	12976	8796	45	6	6	31	0.000461858	12991	0.9518	FALSE	NA	NA	NA	NA	NA	NA
NC_045512.2	26222	C	A	12976	8796	45	6	5	34	0.000461858	12991	0.9518	FALSE	NA	NA	NA	NA	NA	NA
NC_045512.2	26223	A	T	12848	8684	45	2	2	34	0.000155521	12860	0.999083	FALSE	NA	NA	NA	NA	NA	NA
NC_045512.2	26223	A	G	12848	8684	45	5	4	37	0.000388802	12860	0.975461	FALSE	NA	NA	NA	NA	NA	NA
NC_045512.2	26223	A	C	12848	8684	45	5	5	30	0.000388802	12860	0.975461	FALSE	NA	NA	NA	NA	NA	NA
NC_045512.2	26224	C	G	15922	9804	43	2	2	30	0.000125549	15930	0.999863	FALSE	NA	NA	NA	NA	NA	NA
NC_045512.2	26224	C	A	15922	9804	43	6	6	32	0.000376648	15930	0.986718	FALSE	NA	NA	NA	NA	NA	NA
NC_045512.2	26225	A	T	15778	9579	43	1	1	34	6.33553e-05	15784	0.999985	FALSE	NA	NA	NA	NA	NA	NA
NC_045512.2	26225	A	C	15778	9579	43	5	5	32	0.000316776	15784	0.994104	FALSE	NA	NA	NA	NA	NA	NA
NC_045512.2	26226	A	T	15923	9703	43	2	2	30	0.000125534	15932	0.999863	FALSE	NA	NA	NA	NA	NA	NA
NC_045512.2	26226	A	G	15923	9703	43	1	1	34	6.27668e-05	15932	0.999985	FALSE	NA	NA	NA	NA	NA	NA
NC_045512.2	26226	A	C	15923	9703	43	6	4	31	0.000376601	15932	0.986713	FALSE	NA	NA	NA	NA	NA	NA
NC_045512.2	26227	G	C	16162	9739	43	1	1	26	6.18353e-05	16172	1	FALSE	NA	NA	NA	NA	NA	NA
NC_045512.2	26227	G	A	16162	9739	43	9	9	31	0.000556517	16172	0.946192	FALSE	NA	NA	NA	NA	NA	NA
NC_045512.2	26228	C	T	16176	9900	43	4	3	34	0.00024702	16193	0.998708	FALSE	NA	NA	NA	NA	NA	NA
NC_045512.2	26228	C	G	16176	9900	43	5	5	32	0.000308775	16193	0.996394	FALSE	NA	NA	NA	NA	NA	NA
NC_045512.2	26228	C	A	16176	9900	43	8	7	31	0.000494041	16193	0.968005	FALSE	NA	NA	NA	NA	NA	NA
NC_045512.2	26229	T	G	16119	9863	44	4	4	32	0.000248	16129	0.998712	FALSE	NA	NA	NA	NA	NA	NA
NC_045512.2	26229	T	C	16119	9863	44	5	5	30	0.000310001	16129	0.996404	FALSE	NA	NA	NA	NA	NA	NA
NC_045512.2	26229	T	A	16119	9863	44	1	1	34	6.20001e-05	16129	0.999992	FALSE	NA	NA	NA	NA	NA	NA
NC_045512.2	26230	G	T	15994	9615	43	5	5	34	0.000312383	16006	0.996401	FALSE	NA	NA	NA	NA	NA	NA
NC_045512.2	26230	G	C	15994	9615	43	5	5	32	0.000312383	16006	0.996401	FALSE	NA	NA	NA	NA	NA	NA
NC_045512.2	26230	G	A	15994	9615	43	2	2	34	0.000124953	16006	0.999927	FALSE	NA	NA	NA	NA	NA	NA
NC_045512.2	26231	A	T	16095	9767	44	4	4	32	0.00024837	16105	0.998712	FALSE	NA	NA	NA	NA	NA	NA
NC_045512.2	26231	A	G	16095	9767	44	5	5	32	0.000310463	16105	0.996404	FALSE	NA	NA	NA	NA	NA	NA
NC_045512.2	26231	A	C	16095	9767	44	1	1	34	6.20925e-05	16105	0.999992	FALSE	NA	NA	NA	NA	NA	NA
NC_045512.2	26232	T	G	16124	9843	44	4	4	34	0.000247878	16137	0.998711	FALSE	NA	NA	NA	NA	NA	NA
NC_045512.2	26232	T	C	16124	9843	44	3	2	42	0.000185908	16137	0.312279	FALSE	NA	NA	NA	NA	NA	NA
NC_045512.2	26232	T	A	16124	9843	44	6	6	32	0.000371816	16137	0.991548	FALSE	NA	NA	NA	NA	NA	NA
NC_045512.2	26233	G	T	16106	9830	44	5	5	32	0.000310193	16119	0.9964	FALSE	NA	NA	NA	NA	NA	NA
NC_045512.2	26233	G	C	16106	9830	44	4	4	32	0.000248154	16119	0.998711	FALSE	NA	NA	NA	NA	NA	NA
NC_045512.2	26233	G	A	16106	9830	44	4	4	32	0.000248154	16119	0.998711	FALSE	NA	NA	NA	NA	NA	NA
NC_045512.2	26234	A	T	15756	9566	44	5	5	34	0.000316977	15774	0.994076	FALSE	NA	NA	NA	NA	NA	NA
NC_045512.2	26234	A	G	15756	9566	44	7	7	34	0.000443768	15774	0.973711	FALSE	NA	NA	NA	NA	NA	NA
NC_045512.2	26234	A	C	15756	9566	44	6	4	32	0.000380373	15774	0.986669	FALSE	NA	NA	NA	NA	NA	NA
NC_045512.2	26235	G	T	16457	9671	44	2	1	34	0.000121462	16466	0.999928	FALSE	NA	NA	NA	NA	NA	NA
NC_045512.2	26235	G	A	16457	9671	44	7	7	32	0.000425118	16466	0.98268	FALSE	NA	NA	NA	NA	NA	NA
NC_045512.2	26236	T	G	16151	9447	44	6	5	32	0.000371195	16164	0.991548	FALSE	NA	NA	NA	NA	NA	NA
NC_045512.2	26236	T	C	16151	9447	44	1	1	34	6.18659e-05	16164	0.999992	FALSE	NA	NA	NA	NA	NA	NA
NC_045512.2	26236	T	A	16151	9447	44	6	6	34	0.000371195	16164	0.991548	FALSE	NA	NA	NA	NA	NA	NA
NC_045512.2	26237	A	T	16154	9426	44	6	6	34	0.000371058	16170	0.991538	FALSE	NA	NA	NA	NA	NA	NA
NC_045512.2	26237	A	G	16154	9426	44	7	7	38	0.0004329	16170	0.982636	FALSE	NA	NA	NA	NA	NA	NA
NC_045512.2	26237	A	C	16154	9426	44	3	3	34	0.000185529	16170	0.999635	FALSE	NA	NA	NA	NA	NA	NA
NC_045512.2	26238	C	T	16165	9465	44	3	3	34	0.000185437	16178	0.999635	FALSE	NA	NA	NA	NA	NA	NA
NC_045512.2	26238	C	G	16165	9465	44	4	4	31	0.000247249	16178	0.998711	FALSE	NA	NA	NA	NA	NA	NA
NC_045512.2	26238	C	A	16165	9465	44	6	6	31	0.000370874	16178	0.991548	FALSE	NA	NA	NA	NA	NA	NA
NC_045512.2	26239	G	T	16046	9303	44	3	3	28	0.000186788	16061	1	FALSE	NA	NA	NA	NA	NA	NA
NC_045512.2	26239	G	C	16046	9303	44	7	7	32	0.000435838	16061	0.982642	FALSE	NA	NA	NA	NA	NA	NA
NC_045512.2	26239	G	A	16046	9303	44	5	5	32	0.000311313	16061	0.996397	FALSE	NA	NA	NA	NA	NA	NA
NC_045512.2	26240	A	G	16169	9414	45	6	6	34	0.000370828	16180	0.991555	FALSE	NA	NA	NA	NA	NA	NA
NC_045512.2	26240	A	C	16169	9414	45	5	4	34	0.000309023	16180	0.996403	FALSE	NA	NA	NA	NA	NA	NA
NC_045512.2	26241	A	T	15242	9605	42	1	1	34	6.55394e-05	15258	0.999985	FALSE	NA	NA	NA	NA	NA	NA
NC_045512.2	26241	A	G	15242	9605	42	8	4	33	0.000524315	15258	0.953384	FALSE	NA	NA	NA	NA	NA	NA
NC_045512.2	26241	A	C	15242	9605	42	7	5	30	0.000458776	15258	0.973728	FALSE	NA	NA	NA	NA	NA	NA
NC_045512.2	26242	C	T	17385	9798	45	1	1	34	5.74746e-05	17399	0.999996	FALSE	NA	NA	NA	NA	NA	NA
NC_045512.2	26242	C	G	17385	9798	45	2	2	34	0.000114949	17399	0.999962	FALSE	NA	NA	NA	NA	NA	NA
NC_045512.2	26242	C	A	17385	9798	45	11	11	33	0.00063222	17399	0.907571	FALSE	NA	NA	NA	NA	NA	NA
NC_045512.2	26243	T	G	17329	9757	44	2	1	34	0.000115307	17345	0.999962	FALSE	NA	NA	NA	NA	NA	NA
NC_045512.2	26243	T	C	17329	9757	44	7	7	31	0.000403575	17345	0.988662	FALSE	NA	NA	NA	NA	NA	NA
NC_045512.2	26243	T	A	17329	9757	44	7	7	34	0.000403575	17345	0.988662	FALSE	NA	NA	NA	NA	NA	NA
NC_045512.2	26244	T	C	16484	8938	45	6	6	34	0.000363769	16494	0.991558	FALSE	NA	NA	NA	NA	NA	NA
NC_045512.2	26244	T	A	16484	8938	45	4	4	34	0.000242512	16494	0.998712	FALSE	NA	NA	NA	NA	NA	NA
NC_045512.2	26245	A	T	16569	9040	45	12	12	32	0.000723545	16585	0.827515	FALSE	E:cds-YP_009724392.1	ATG	M	TTG	L	1
NC_045512.2	26245	A	G	16569	9040	45	2	1	30	0.000120591	16585	0.999927	FALSE	E:cds-YP_009724392.1	ATG	M	GTG	V	1
NC_045512.2	26245	A	C	16569	9040	45	2	2	34	0.000120591	16585	0.999927	FALSE	E:cds-YP_009724392.1	ATG	M	CTG	L	1
NC_045512.2	26246	T	C	16589	9077	45	2	2	47	0.000120511	16596	0.49991	FALSE	E:cds-YP_009724392.1	ATG	M	ACG	T	1
NC_045512.2	26246	T	A	16589	9077	45	5	5	32	0.000301277	16596	0.996409	FALSE	E:cds-YP_009724392.1	ATG	M	AAG	K	1
NC_045512.2	26247	G	T	16707	9147	45	8	8	33	0.00047844	16721	0.968037	FALSE	E:cds-YP_009724392.1	ATG	M	ATT	I	1
NC_045512.2	26247	G	A	16707	9147	45	6	6	34	0.00035883	16721	0.991545	FALSE	E:cds-YP_009724392.1	ATG	M	ATA	I	1
NC_045512.2	26248	T	G	16566	9042	45	8	8	31	0.000482538	16579	0.968048	FALSE	E:cds-YP_009724392.1	TAC	Y	GAC	D	2
NC_045512.2	26248	T	C	16566	9042	45	3	3	45	0.000180952	16579	0.312285	FALSE	E:cds-YP_009724392.1	TAC	Y	CAC	H	2
NC_045512.2	26248	T	A	16566	9042	45	2	2	34	0.000120635	16579	0.999927	FALSE	E:cds-YP_009724392.1	TAC	Y	AAC	N	2
NC_045512.2	26249	A	T	16558	8982	45	7	7	32	0.000422348	16574	0.982637	FALSE	E:cds-YP_009724392.1	TAC	Y	TTC	F	2
NC_045512.2	26249	A	G	16558	8982	45	5	5	34	0.000301677	16574	0.996395	FALSE	E:cds-YP_009724392.1	TAC	Y	TGC	C	2
NC_045512.2	26249	A	C	16558	8982	45	4	4	30	0.000241342	16574	0.998709	FALSE	E:cds-YP_009724392.1	TAC	Y	TCC	S	2
NC_045512.2	26250	C	T	16280	9022	44	7	6	34	0.000429474	16299	0.982617	FALSE	E:cds-YP_009724392.1	TAC	Y	TAT	Y	2
NC_045512.2	26250	C	G	16280	9022	44	2	2	34	0.000122707	16299	0.999927	FALSE	E:cds-YP_009724392.1	TAC	Y	TAG	*	2
NC_045512.2	26250	C	A	16280	9022	44	10	10	32	0.000613535	16299	0.915572	FALSE	E:cds-YP_009724392.1	TAC	Y	TAA	*	2
NC_045512.2	26251	T	G	15073	7750	46	1	1	34	6.62778e-05	15088	0.999985	FALSE	E:cds-YP_009724392.1	TCA	S	GCA	A	3
NC_045512.2	26251	T	C	15073	7750	46	7	5	30	0.000463945	15088	0.973737	FALSE	E:cds-YP_009724392.1	TCA	S	CCA	P	3
NC_045512.2	26251	T	A	15073	7750	46	7	6	32	0.000463945	15088	0.973737	FALSE	E:cds-YP_009724392.1	TCA	S	ACA	T	3
NC_045512.2	26252	C	T	15410	7745	46	6	6	32	0.000389105	15420	0.986708	FALSE	E:cds-YP_009724392.1	TCA	S	TTA	L	3
NC_045512.2	26252	C	G	15410	7745	46	2	1	34	0.000129702	15420	0.999863	FALSE	E:cds-YP_009724392.1	TCA	S	TGA	*	3
NC_045512.2	26252	C	A	15410	7745	46	2	2	34	0.000129702	15420	0.999863	FALSE	E:cds-YP_009724392.1	TCA	S	TAA	*	3
NC_045512.2	26253	A	T	15299	7647	46	5	5	32	0.000326541	15312	0.994087	FALSE	E:cds-YP_009724392.1	TCA	S	TCT	S	3
NC_045512.2	26253	A	G	15299	7647	46	1	1	34	6.53083e-05	15312	0.999985	FALSE	E:cds-YP_009724392.1	TCA	S	TCG	S	3
NC_045512.2	26253	A	C	15299	7647	46	7	6	32	0.000457158	15312	0.973756	FALSE	E:cds-YP_009724392.1	TCA	S	TCC	S	3
NC_045512.2	26254	T	C	15371	7790	46	7	7	38	0.000455077	15382	0.973774	FALSE	E:cds-YP_009724392.1	TTC	F	CTC	L	4
NC_045512.2	26254	T	A	15371	7790	46	4	4	32	0.000260044	15382	0.997787	FALSE	E:cds-YP_009724392.1	TTC	F	ATC	I	4
NC_045512.2	26255	T	G	15370	7853	46	3	2	31	0.00019502	15383	0.999343	FALSE	E:cds-YP_009724392.1	TTC	F	TGC	C	4
NC_045512.2	26255	T	C	15370	7853	46	5	3	46	0.000325034	15383	0.109245	FALSE	E:cds-YP_009724392.1	TTC	F	TCC	S	4
NC_045512.2	26255	T	A	15370	7853	46	5	5	34	0.000325034	15383	0.994087	FALSE	E:cds-YP_009724392.1	TTC	F	TAC	Y	4
NC_045512.2	26256	C	T	15202	7695	46	11	10	33	0.000722971	15215	0.836593	FALSE	E:cds-YP_009724392.1	TTC	F	TTT	F	4
NC_045512.2	26256	C	A	15202	7695	46	2	2	34	0.000131449	15215	0.999862	FALSE	E:cds-YP_009724392.1	TTC	F	TTA	L	4
NC_045512.2	26257	G	T	15209	7719	46	8	8	34	0.000525624	15220	0.953461	FALSE	E:cds-YP_009724392.1	GTT	V	TTT	F	5
NC_045512.2	26257	G	C	15209	7719	46	3	3	34	0.000197109	15220	0.999344	FALSE	E:cds-YP_009724392.1	GTT	V	CTT	L	5
NC_045512.2	26258	T	G	15346	7755	46	5	5	34	0.000325563	15358	0.99409	FALSE	E:cds-YP_009724392.1	GTT	V	GGT	G	5
NC_045512.2	26258	T	C	15346	7755	46	7	6	36	0.000455789	15358	0.973765	FALSE	E:cds-YP_009724392.1	GTT	V	GCT	A	5
NC_045512.2	26259	T	G	15302	7825	46	9	5	31	0.000587659	15315	0.924217	FALSE	E:cds-YP_009724392.1	GTT	V	GTG	V	5
NC_045512.2	26259	T	C	15302	7825	46	3	2	26	0.000195886	15315	1	FALSE	E:cds-YP_009724392.1	GTT	V	GTC	V	5
NC_045512.2	26259	T	A	15302	7825	46	1	1	34	6.52955e-05	15315	0.999985	FALSE	E:cds-YP_009724392.1	GTT	V	GTA	V	5
NC_045512.2	26260	T	G	15309	7937	45	1	1	26	6.5304e-05	15313	1	FALSE	E:cds-YP_009724392.1	TCG	S	GCG	A	6
NC_045512.2	26260	T	C	15309	7937	45	2	2	34	0.000130608	15313	0.999863	FALSE	E:cds-YP_009724392.1	TCG	S	CCG	P	6
NC_045512.2	26260	T	A	15309	7937	45	1	1	34	6.5304e-05	15313	0.999985	FALSE	E:cds-YP_009724392.1	TCG	S	ACG	T	6
NC_045512.2	26261	C	T	15181	7898	45	13	12	34	0.000855376	15198	0.714116	FALSE	E:cds-YP_009724392.1	TCG	S	TTG	L	6
NC_045512.2	26261	C	G	15181	7898	45	1	0	34	6.57981e-05	15198	0.999985	FALSE	E:cds-YP_009724392.1	TCG	S	TGG	W	6
NC_045512.2	26261	C	A	15181	7898	45	3	2	31	0.000197394	15198	0.999342	FALSE	E:cds-YP_009724392.1	TCG	S	TAG	*	6
NC_045512.2	26262	G	T	15184	7899	45	7	7	31	0.000460617	15197	0.973756	FALSE	E:cds-YP_009724392.1	TCG	S	TCT	S	6
NC_045512.2	26262	G	C	15184	7899	45	5	5	34	0.000329012	15197	0.994087	FALSE	E:cds-YP_009724392.1	TCG	S	TCC	S	6
NC_045512.2	26262	G	A	15184	7899	45	1	1	26	6.58025e-05	15197	1	FALSE	E:cds-YP_009724392.1	TCG	S	TCA	S	6
NC_045512.2	26263	G	T	15261	7941	45	1	1	34	6.54922e-05	15269	0.999985	FALSE	E:cds-YP_009724392.1	GAA	E	TAA	*	7
NC_045512.2	26263	G	C	15261	7941	45	5	5	34	0.000327461	15269	0.9941	FALSE	E:cds-YP_009724392.1	GAA	E	CAA	Q	7
NC_045512.2	26263	G	A	15261	7941	45	2	2	34	0.000130984	15269	0.999863	FALSE	E:cds-YP_009724392.1	GAA	E	AAA	K	7
NC_045512.2	26264	A	T	15310	7993	45	1	1	34	6.52614e-05	15323	0.999985	FALSE	E:cds-YP_009724392.1	GAA	E	GTA	V	7
NC_045512.2	26264	A	G	15310	7993	45	7	7	34	0.00045683	15323	0.973756	FALSE	E:cds-YP_009724392.1	GAA	E	GGA	G	7
NC_045512.2	26264	A	C	15310	7993	45	5	3	31	0.000326307	15323	0.994087	FALSE	E:cds-YP_009724392.1	GAA	E	GCA	A	7
NC_045512.2	26265	A	T	15355	8025	45	1	1	34	6.50703e-05	15368	0.999985	FALSE	E:cds-YP_009724392.1	GAA	E	GAT	D	7
NC_045512.2	26265	A	G	15355	8025	45	11	10	37	0.000715773	15368	0.836592	FALSE	E:cds-YP_009724392.1	GAA	E	GAG	E	7
NC_045512.2	26265	A	C	15355	8025	45	1	1	26	6.50703e-05	15368	1	FALSE	E:cds-YP_009724392.1	GAA	E	GAC	D	7
NC_045512.2	26266	G	C	15576	8073	45	2	2	34	0.000128304	15588	0.999863	FALSE	E:cds-YP_009724392.1	GAG	E	CAG	Q	8
NC_045512.2	26266	G	A	15576	8073	45	10	10	37	0.000641519	15588	0.885301	FALSE	E:cds-YP_009724392.1	GAG	E	AAG	K	8
NC_045512.2	26267	A	G	15410	8114	44	6	4	28	0.000389206	15416	1	FALSE	E:cds-YP_009724392.1	GAG	E	GGG	G	8
NC_045512.2	26268	G	T	15790	8100	45	1	1	34	6.33032e-05	15797	0.999985	FALSE	E:cds-YP_009724392.1	GAG	E	GAT	D	8
NC_045512.2	26268	G	A	15790	8100	45	6	6	34	0.000379819	15797	0.986723	FALSE	E:cds-YP_009724392.1	GAG	E	GAA	E	8
NC_045512.2	26269	A	T	15150	8150	43	1	1	34	6.59674e-05	15159	0.999985	FALSE	E:cds-YP_009724392.1	ACA	T	TCA	S	9
NC_045512.2	26269	A	G	15150	8150	43	6	5	32	0.000395804	15159	0.986714	FALSE	E:cds-YP_009724392.1	ACA	T	GCA	A	9
NC_045512.2	26269	A	C	15150	8150	43	2	2	34	0.000131935	15159	0.999863	FALSE	E:cds-YP_009724392.1	ACA	T	CCA	P	9
NC_045512.2	26270	C	T	3	3	31	15835	8133	45	0.99918	15848	0	TRUE	E:cds-YP_009724392.1	ACA	T	ATA	I	9
NC_045512.2	26270	C	G	3	3	31	3	3	34	0.000189298	15848	2.45298e-08	TRUE	E:cds-YP_009724392.1	ACA	T	AGA	R	9
NC_045512.2	26270	C	A	3	3	31	7	7	34	0.000441696	15848	4.08693e-19	TRUE	E:cds-YP_009724392.1	ACA	T	AAA	K	9
NC_045512.2	26271	A	T	15788	8127	45	5	5	32	0.000316516	15797	0.994097	FALSE	E:cds-YP_009724392.1	ACA	T	ACT	T	9
NC_045512.2	26271	A	G	15788	8127	45	3	2	42	0.000189909	15797	0.312369	FALSE	E:cds-YP_009724392.1	ACA	T	ACG	T	9
NC_045512.2	26271	A	C	15788	8127	45	1	1	34	6.33032e-05	15797	0.999985	FALSE	E:cds-YP_009724392.1	ACA	T	ACC	T	9
NC_045512.2	26272	G	T	15666	7925	45	4	4	34	0.000255135	15678	0.997787	FALSE	E:cds-YP_009724392.1	GGT	G	TGT	C	10
NC_045512.2	26272	G	A	15666	7925	45	8	8	33	0.000510269	15678	0.953445	FALSE	E:cds-YP_009724392.1	GGT	G	AGT	S	10
NC_045512.2	26273	G	T	15765	8183	45	2	2	34	0.000126799	15773	0.999863	FALSE	E:cds-YP_009724392.1	GGT	G	GTT	V	10
NC_045512.2	26273	G	C	15765	8183	45	1	1	26	6.33995e-05	15773	1	FALSE	E:cds-YP_009724392.1	GGT	G	GCT	A	10
NC_045512.2	26273	G	A	15765	8183	45	5	5	34	0.000316997	15773	0.994099	FALSE	E:cds-YP_009724392.1	GGT	G	GAT	D	10
NC_045512.2	26274	T	G	15689	8184	45	10	9	32	0.000636862	15702	0.88527	FALSE	E:cds-YP_009724392.1	GGT	G	GGG	G	10
NC_045512.2	26274	T	C	15689	8184	45	1	1	34	6.36862e-05	15702	0.999985	FALSE	E:cds-YP_009724392.1	GGT	G	GGC	G	10
NC_045512.2	26274	T	A	15689	8184	45	2	2	30	0.000127372	15702	0.999862	FALSE	E:cds-YP_009724392.1	GGT	G	GGA	G	10
NC_045512.2	26275	A	T	15565	8082	45	6	6	31	0.000385134	15579	0.986688	FALSE	E:cds-YP_009724392.1	ACG	T	TCG	S	11
NC_045512.2	26275	A	G	15565	8082	45	7	7	31	0.000449323	15579	0.973747	FALSE	E:cds-YP_009724392.1	ACG	T	GCG	A	11
NC_045512.2	26275	A	C	15565	8082	45	1	1	27	6.4189e-05	15579	1	FALSE	E:cds-YP_009724392.1	ACG	T	CCG	P	11
NC_045512.2	26276	C	T	16068	7937	45	7	7	42	0.000435161	16086	0.0350713	FALSE	E:cds-YP_009724392.1	ACG	T	ATG	M	11
NC_045512.2	26276	C	G	16068	7937	45	3	3	31	0.000186498	16086	0.999634	FALSE	E:cds-YP_009724392.1	ACG	T	AGG	R	11
NC_045512.2	26276	C	A	16068	7937	45	8	7	33	0.000497327	16086	0.967994	FALSE	E:cds-YP_009724392.1	ACG	T	AAG	K	11
NC_045512.2	26277	G	T	15936	7794	45	3	2	34	0.000188041	15954	0.999342	FALSE	E:cds-YP_009724392.1	ACG	T	ACT	T	11
NC_045512.2	26277	G	C	15936	7794	45	8	8	32	0.000501442	15954	0.953357	FALSE	E:cds-YP_009724392.1	ACG	T	ACC	T	11
NC_045512.2	26277	G	A	15936	7794	45	7	7	37	0.000438761	15954	0.973711	FALSE	E:cds-YP_009724392.1	ACG	T	ACA	T	11
NC_045512.2	26278	T	G	15001	6941	43	7	7	32	0.000466138	15017	0.973727	FALSE	E:cds-YP_009724392.1	TTA	L	GTA	V	12
NC_045512.2	26278	T	C	15001	6941	43	7	6	30	0.000466138	15017	0.973727	FALSE	E:cds-YP_009724392.1	TTA	L	CTA	L	12
NC_045512.2	26278	T	A	15001	6941	43	2	2	34	0.000133182	15017	0.999862	FALSE	E:cds-YP_009724392.1	TTA	L	ATA	I	12
NC_045512.2	26279	T	G	15872	7867	45	5	4	32	0.000314842	15881	0.994097	FALSE	E:cds-YP_009724392.1	TTA	L	TGA	*	12
NC_045512.2	26279	T	C	15872	7867	45	2	2	34	0.000125937	15881	0.999863	FALSE	E:cds-YP_009724392.1	TTA	L	TCA	S	12
NC_045512.2	26279	T	A	15872	7867	45	2	2	34	0.000125937	15881	0.999863	FALSE	E:cds-YP_009724392.1	TTA	L	TAA	*	12
NC_045512.2	26280	A	T	15844	7825	45	12	12	32	0.000756477	15863	0.77877	FALSE	E:cds-YP_009724392.1	TTA	L	TTT	F	12
NC_045512.2	26280	A	G	15844	7825	45	5	4	46	0.000315199	15863	0.109161	FALSE	E:cds-YP_009724392.1	TTA	L	TTG	L	12
NC_045512.2	26280	A	C	15844	7825	45	2	2	34	0.00012608	15863	0.999862	FALSE	E:cds-YP_009724392.1	TTA	L	TTC	F	12
NC_045512.2	26281	A	T	15761	7852	45	6	6	34	0.000380493	15769	0.986718	FALSE	E:cds-YP_009724392.1	ATA	I	TTA	L	13
NC_045512.2	26281	A	G	15761	7852	45	1	1	26	6.34156e-05	15769	1	FALSE	E:cds-YP_009724392.1	ATA	I	GTA	V	13
NC_045512.2	26281	A	C	15761	7852	45	1	0	26	6.34156e-05	15769	1	FALSE	E:cds-YP_009724392.1	ATA	I	CTA	L	13
NC_045512.2	26282	T	G	16026	7845	45	2	1	34	0.000124673	16042	0.999927	FALSE	E:cds-YP_009724392.1	ATA	I	AGA	R	13
NC_045512.2	26282	T	C	16026	7845	45	2	1	43	0.000124673	16042	0.499696	FALSE	E:cds-YP_009724392.1	ATA	I	ACA	T	13
NC_045512.2	26282	T	A	16026	7845	45	12	12	33	0.000748036	16042	0.827515	FALSE	E:cds-YP_009724392.1	ATA	I	AAA	K	13
NC_045512.2	26283	A	T	16181	7856	45	6	6	34	0.000370599	16190	0.991561	FALSE	E:cds-YP_009724392.1	ATA	I	ATT	I	13
NC_045512.2	26283	A	G	16181	7856	45	2	2	51	0.000123533	16190	0.2499	FALSE	E:cds-YP_009724392.1	ATA	I	ATG	M	13
NC_045512.2	26283	A	C	16181	7856	45	1	1	34	6.17665e-05	16190	0.999992	FALSE	E:cds-YP_009724392.1	ATA	I	ATC	I	13
NC_045512.2	26284	G	T	16533	7855	45	9	7	34	0.000543774	16551	0.946058	FALSE	E:cds-YP_009724392.1	GTT	V	TTT	F	14
NC_045512.2	26284	G	C	16533	7855	45	1	1	34	6.04193e-05	16551	0.999992	FALSE	E:cds-YP_009724392.1	GTT	V	CTT	L	14
NC_045512.2	26284	G	A	16533	7855	45	8	7	38	0.000483354	16551	0.967995	FALSE	E:cds-YP_009724392.1	GTT	V	ATT	I	14
NC_045512.2	26285	T	G	15093	6587	44	8	7	32	0.000529591	15106	0.95343	FALSE	E:cds-YP_009724392.1	GTT	V	GGT	G	14
NC_045512.2	26285	T	C	15093	6587	44	1	1	34	6.61989e-05	15106	0.999985	FALSE	E:cds-YP_009724392.1	GTT	V	GCT	A	14
NC_045512.2	26285	T	A	15093	6587	44	4	4	32	0.000264795	15106	0.997786	FALSE	E:cds-YP_009724392.1	GTT	V	GAT	D	14
NC_045512.2	26286	T	G	15472	6955	45	2	2	34	0.000129191	15481	0.999863	FALSE	E:cds-YP_009724392.1	GTT	V	GTG	V	14
NC_045512.2	26286	T	C	15472	6955	45	2	2	34	0.000129191	15481	0.999863	FALSE	E:cds-YP_009724392.1	GTT	V	GTC	V	14
NC_045512.2	26286	T	A	15472	6955	45	5	4	27	0.000322977	15481	1	FALSE	E:cds-YP_009724392.1	GTT	V	GTA	V	14
NC_045512.2	26287	A	T	14198	6036	45	6	6	31	0.000422297	14208	0.979317	FALSE	E:cds-YP_009724392.1	AAT	N	TAT	Y	15
NC_045512.2	26287	A	G	14198	6036	45	2	2	30	0.000140766	14208	0.999741	FALSE	E:cds-YP_009724392.1	AAT	N	GAT	D	15
NC_045512.2	26287	A	C	14198	6036	45	2	0	30	0.000140766	14208	0.999741	FALSE	E:cds-YP_009724392.1	AAT	N	CAT	H	15
NC_045512.2	26288	A	T	14072	6172	44	7	7	32	0.000497124	14081	0.960864	FALSE	E:cds-YP_009724392.1	AAT	N	ATT	I	15
NC_045512.2	26288	A	G	14072	6172	44	1	1	34	7.10177e-05	14081	0.999969	FALSE	E:cds-YP_009724392.1	AAT	N	AGT	S	15
NC_045512.2	26288	A	C	14072	6172	44	1	1	34	7.10177e-05	14081	0.999969	FALSE	E:cds-YP_009724392.1	AAT	N	ACT	T	15
NC_045512.2	26289	T	G	14128	6154	44	2	1	30	0.000141433	14141	0.99974	FALSE	E:cds-YP_009724392.1	AAT	N	AAG	K	15
NC_045512.2	26289	T	C	14128	6154	44	2	2	34	0.000141433	14141	0.99974	FALSE	E:cds-YP_009724392.1	AAT	N	AAC	N	15
NC_045512.2	26289	T	A	14128	6154	44	9	9	34	0.000636447	14141	0.89498	FALSE	E:cds-YP_009724392.1	AAT	N	AAA	K	15
NC_045512.2	26290	A	T	14140	6153	44	7	7	34	0.00049477	14148	0.960878	FALSE	E:cds-YP_009724392.1	AGC	S	TGC	C	16
NC_045512.2	26290	A	C	14140	6153	44	1	1	34	7.06814e-05	14148	0.999969	FALSE	E:cds-YP_009724392.1	AGC	S	CGC	R	16
NC_045512.2	26291	G	T	14340	6183	44	2	2	34	0.000139324	14355	0.99974	FALSE	E:cds-YP_009724392.1	AGC	S	ATC	I	16
NC_045512.2	26291	G	C	14340	6183	44	2	2	30	0.000139324	14355	0.99974	FALSE	E:cds-YP_009724392.1	AGC	S	ACC	T	16
NC_045512.2	26291	G	A	14340	6183	44	11	11	32	0.000766284	14355	0.787771	FALSE	E:cds-YP_009724392.1	AGC	S	AAC	N	16
NC_045512.2	26292	C	T	14342	6213	44	5	5	34	0.000348262	14357	0.990379	FALSE	E:cds-YP_009724392.1	AGC	S	AGT	S	16
NC_045512.2	26292	C	G	14342	6213	44	7	7	34	0.000487567	14357	0.960782	FALSE	E:cds-YP_009724392.1	AGC	S	AGG	R	16
NC_045512.2	26292	C	A	14342	6213	44	3	3	34	0.000208957	14357	0.998822	FALSE	E:cds-YP_009724392.1	AGC	S	AGA	R	16
NC_045512.2	26293	G	T	14312	6134	44	3	3	31	0.000209439	14324	0.998824	FALSE	E:cds-YP_009724392.1	GTA	V	TTA	L	17
NC_045512.2	26293	G	C	14312	6134	44	7	7	32	0.00048869	14324	0.960823	FALSE	E:cds-YP_009724392.1	GTA	V	CTA	L	17
NC_045512.2	26293	G	A	14312	6134	44	2	1	51	0.000139626	14324	0.249834	FALSE	E:cds-YP_009724392.1	GTA	V	ATA	I	17
NC_045512.2	26294	T	G	14385	6244	44	10	10	33	0.000694589	14397	0.846333	FALSE	E:cds-YP_009724392.1	GTA	V	GGA	G	17
NC_045512.2	26294	T	C	14385	6244	44	2	2	34	0.000138918	14397	0.99974	FALSE	E:cds-YP_009724392.1	GTA	V	GCA	A	17
NC_045512.2	26295	A	T	14285	6282	44	9	9	33	0.000629415	14299	0.89495	FALSE	E:cds-YP_009724392.1	GTA	V	GTT	V	17
NC_045512.2	26295	A	G	14285	6282	44	2	2	30	0.00013987	14299	0.99974	FALSE	E:cds-YP_009724392.1	GTA	V	GTG	V	17
NC_045512.2	26295	A	C	14285	6282	44	3	3	28	0.000209805	14299	1	FALSE	E:cds-YP_009724392.1	GTA	V	GTC	V	17
NC_045512.2	26296	C	T	14482	6344	44	4	4	34	0.000275919	14497	0.996224	FALSE	E:cds-YP_009724392.1	CTT	L	TTT	F	18
NC_045512.2	26296	C	G	14482	6344	44	4	3	32	0.000275919	14497	0.996224	FALSE	E:cds-YP_009724392.1	CTT	L	GTT	V	18
NC_045512.2	26296	C	A	14482	6344	44	7	7	34	0.000482859	14497	0.960783	FALSE	E:cds-YP_009724392.1	CTT	L	ATT	I	18
NC_045512.2	26297	T	G	14546	6389	44	1	1	26	6.86766e-05	14561	1	FALSE	E:cds-YP_009724392.1	CTT	L	CGT	R	18
NC_045512.2	26297	T	C	14546	6389	44	11	9	31	0.000755443	14561	0.787772	FALSE	E:cds-YP_009724392.1	CTT	L	CCT	P	18
NC_045512.2	26297	T	A	14546	6389	44	3	3	31	0.00020603	14561	0.998822	FALSE	E:cds-YP_009724392.1	CTT	L	CAT	H	18
NC_045512.2	26298	T	G	14506	6339	44	1	1	34	6.88848e-05	14517	0.999969	FALSE	E:cds-YP_009724392.1	CTT	L	CTG	L	18
NC_045512.2	26298	T	C	14506	6339	44	4	4	35	0.000275539	14517	0.99623	FALSE	E:cds-YP_009724392.1	CTT	L	CTC	L	18
NC_045512.2	26298	T	A	14506	6339	44	6	5	38	0.000413309	14517	0.979309	FALSE	E:cds-YP_009724392.1	CTT	L	CTA	L	18
NC_045512.2	26299	C	T	14572	6401	44	8	8	33	0.000548622	14582	0.933152	FALSE	E:cds-YP_009724392.1	CTT	L	TTT	F	19
NC_045512.2	26299	C	G	14572	6401	44	1	1	34	6.85777e-05	14582	0.999969	FALSE	E:cds-YP_009724392.1	CTT	L	GTT	V	19
NC_045512.2	26299	C	A	14572	6401	44	1	1	34	6.85777e-05	14582	0.999969	FALSE	E:cds-YP_009724392.1	CTT	L	ATT	I	19
NC_045512.2	26300	T	G	14566	6400	44	3	2	34	0.000205775	14579	0.998823	FALSE	E:cds-YP_009724392.1	CTT	L	CGT	R	19
NC_045512.2	26300	T	C	14566	6400	44	9	8	34	0.000617326	14579	0.89498	FALSE	E:cds-YP_009724392.1	CTT	L	CCT	P	19
NC_045512.2	26300	T	A	14566	6400	44	1	1	26	6.85918e-05	14579	1	FALSE	E:cds-YP_009724392.1	CTT	L	CAT	H	19
NC_045512.2	26301	T	G	14588	6476	44	1	1	34	6.85307e-05	14592	0.99997	FALSE	E:cds-YP_009724392.1	CTT	L	CTG	L	19
NC_045512.2	26301	T	C	14588	6476	44	2	2	30	0.000137061	14592	0.999741	FALSE	E:cds-YP_009724392.1	CTT	L	CTC	L	19
NC_045512.2	26301	T	A	14588	6476	44	1	1	34	6.85307e-05	14592	0.99997	FALSE	E:cds-YP_009724392.1	CTT	L	CTA	L	19
NC_045512.2	26302	T	G	14726	6963	46	1	1	34	6.78841e-05	14731	0.99997	FALSE	E:cds-YP_009724392.1	TTT	F	GTT	V	20
NC_045512.2	26302	T	C	14726	6963	46	4	3	34	0.000271536	14731	0.99624	FALSE	E:cds-YP_009724392.1	TTT	F	CTT	L	20
NC_045512.2	26303	T	G	14727	6962	46	2	2	34	0.000135759	14732	0.999741	FALSE	E:cds-YP_009724392.1	TTT	F	TGT	C	20
NC_045512.2	26303	T	C	14727	6962	46	2	2	34	0.000135759	14732	0.999741	FALSE	E:cds-YP_009724392.1	TTT	F	TCT	S	20
NC_045512.2	26303	T	A	14727	6962	46	1	1	34	6.78794e-05	14732	0.99997	FALSE	E:cds-YP_009724392.1	TTT	F	TAT	Y	20
NC_045512.2	26304	T	G	14462	6750	45	2	2	34	0.000138236	14468	0.999741	FALSE	E:cds-YP_009724392.1	TTT	F	TTG	L	20
NC_045512.2	26304	T	C	14462	6750	45	4	3	46	0.000276472	14468	0.187457	FALSE	E:cds-YP_009724392.1	TTT	F	TTC	F	20
NC_045512.2	26305	C	T	14642	7030	45	12	12	32	0.00081861	14659	0.721254	FALSE	E:cds-YP_009724392.1	CTT	L	TTT	F	21
NC_045512.2	26305	C	G	14642	7030	45	1	1	34	6.82175e-05	14659	0.999969	FALSE	E:cds-YP_009724392.1	CTT	L	GTT	V	21
NC_045512.2	26305	C	A	14642	7030	45	4	3	30	0.00027287	14659	0.996221	FALSE	E:cds-YP_009724392.1	CTT	L	ATT	I	21
NC_045512.2	26306	T	G	14718	7071	46	1	1	34	6.78887e-05	14730	0.999969	FALSE	E:cds-YP_009724392.1	CTT	L	CGT	R	21
NC_045512.2	26306	T	C	14718	7071	46	8	8	34	0.000543109	14730	0.93311	FALSE	E:cds-YP_009724392.1	CTT	L	CCT	P	21
NC_045512.2	26306	T	A	14718	7071	46	3	3	34	0.000203666	14730	0.998824	FALSE	E:cds-YP_009724392.1	CTT	L	CAT	H	21
NC_045512.2	26307	T	G	14701	7076	45	3	3	34	0.000203929	14711	0.998825	FALSE	E:cds-YP_009724392.1	CTT	L	CTG	L	21
NC_045512.2	26307	T	C	14701	7076	45	6	4	42	0.000407858	14711	0.0624442	FALSE	E:cds-YP_009724392.1	CTT	L	CTC	L	21
NC_045512.2	26307	T	A	14701	7076	45	1	1	34	6.79763e-05	14711	0.999969	FALSE	E:cds-YP_009724392.1	CTT	L	CTA	L	21
NC_045512.2	26308	G	T	14662	7124	45	11	11	31	0.000749523	14676	0.787822	FALSE	E:cds-YP_009724392.1	GCT	A	TCT	S	22
NC_045512.2	26308	G	C	14662	7124	45	2	2	34	0.000136277	14676	0.99974	FALSE	E:cds-YP_009724392.1	GCT	A	CCT	P	22
NC_045512.2	26308	G	A	14662	7124	45	1	1	34	6.81385e-05	14676	0.999969	FALSE	E:cds-YP_009724392.1	GCT	A	ACT	T	22
NC_045512.2	26309	C	T	14657	7163	45	5	5	34	0.000340762	14673	0.990376	FALSE	E:cds-YP_009724392.1	GCT	A	GTT	V	22
NC_045512.2	26309	C	G	14657	7163	45	8	8	34	0.000545219	14673	0.933027	FALSE	E:cds-YP_009724392.1	GCT	A	GGT	G	22
NC_045512.2	26309	C	A	14657	7163	45	3	3	34	0.000204457	14673	0.998822	FALSE	E:cds-YP_009724392.1	GCT	A	GAT	D	22
NC_045512.2	26310	T	G	14818	7319	45	4	3	32	0.000269705	14831	0.996227	FALSE	E:cds-YP_009724392.1	GCT	A	GCG	A	22
NC_045512.2	26310	T	C	14818	7319	45	8	8	34	0.000539411	14831	0.933089	FALSE	E:cds-YP_009724392.1	GCT	A	GCC	A	22
NC_045512.2	26310	T	A	14818	7319	45	1	1	34	6.74263e-05	14831	0.999969	FALSE	E:cds-YP_009724392.1	GCT	A	GCA	A	22
NC_045512.2	26311	T	G	12855	5375	42	3	3	34	0.000233245	12862	0.996311	FALSE	E:cds-YP_009724392.1	TTC	F	GTC	V	23
NC_045512.2	26311	T	C	12855	5375	42	3	3	34	0.000233245	12862	0.996311	FALSE	E:cds-YP_009724392.1	TTC	F	CTC	L	23
NC_045512.2	26311	T	A	12855	5375	42	1	1	34	7.77484e-05	12862	0.999878	FALSE	E:cds-YP_009724392.1	TTC	F	ATC	I	23
NC_045512.2	26312	T	G	14875	7398	46	1	0	26	6.71953e-05	14882	1	FALSE	E:cds-YP_009724392.1	TTC	F	TGC	C	23
NC_045512.2	26312	T	C	14875	7398	46	5	4	32	0.000335976	14882	0.990409	FALSE	E:cds-YP_009724392.1	TTC	F	TCC	S	23
NC_045512.2	26312	T	A	14875	7398	46	1	1	34	6.71953e-05	14882	0.99997	FALSE	E:cds-YP_009724392.1	TTC	F	TAC	Y	23
NC_045512.2	26313	C	T	14785	7366	45	13	13	32	0.000878378	14800	0.649446	FALSE	E:cds-YP_009724392.1	TTC	F	TTT	F	23
NC_045512.2	26313	C	G	14785	7366	45	1	1	34	6.75676e-05	14800	0.999969	FALSE	E:cds-YP_009724392.1	TTC	F	TTG	L	23
NC_045512.2	26313	C	A	14785	7366	45	1	1	34	6.75676e-05	14800	0.999969	FALSE	E:cds-YP_009724392.1	TTC	F	TTA	L	23
NC_045512.2	26314	G	T	15038	7439	45	4	4	32	0.000265745	15052	0.997785	FALSE	E:cds-YP_009724392.1	GTG	V	TTG	L	24
NC_045512.2	26314	G	C	15038	7439	45	6	6	31	0.000398618	15052	0.986688	FALSE	E:cds-YP_009724392.1	GTG	V	CTG	L	24
NC_045512.2	26314	G	A	15038	7439	45	4	4	40	0.000265745	15052	0.187292	FALSE	E:cds-YP_009724392.1	GTG	V	ATG	M	24
NC_045512.2	26315	T	G	15081	7482	46	8	8	34	0.000530082	15092	0.953461	FALSE	E:cds-YP_009724392.1	GTG	V	GGG	G	24
NC_045512.2	26315	T	C	15081	7482	46	2	2	34	0.000132521	15092	0.999863	FALSE	E:cds-YP_009724392.1	GTG	V	GCG	A	24
NC_045512.2	26315	T	A	15081	7482	46	1	0	26	6.62603e-05	15092	1	FALSE	E:cds-YP_009724392.1	GTG	V	GAG	E	24
NC_045512.2	26316	G	T	15004	7426	45	13	12	33	0.000865455	15021	0.714115	FALSE	E:cds-YP_009724392.1	GTG	V	GTT	V	24
NC_045512.2	26316	G	C	15004	7426	45	2	2	34	0.000133147	15021	0.999862	FALSE	E:cds-YP_009724392.1	GTG	V	GTC	V	24
NC_045512.2	26316	G	A	15004	7426	45	2	2	34	0.000133147	15021	0.999862	FALSE	E:cds-YP_009724392.1	GTG	V	GTA	V	24
NC_045512.2	26317	G	T	15251	7500	45	4	3	34	0.000262106	15261	0.997788	FALSE	E:cds-YP_009724392.1	GTA	V	TTA	L	25
NC_045512.2	26317	G	C	15251	7500	45	3	3	34	0.00019658	15261	0.999344	FALSE	E:cds-YP_009724392.1	GTA	V	CTA	L	25
NC_045512.2	26317	G	A	15251	7500	45	3	2	34	0.00019658	15261	0.999344	FALSE	E:cds-YP_009724392.1	GTA	V	ATA	I	25
NC_045512.2	26318	T	G	15212	7456	45	12	12	33	0.000788074	15227	0.778966	FALSE	E:cds-YP_009724392.1	GTA	V	GGA	G	25
NC_045512.2	26318	T	C	15212	7456	45	3	3	34	0.000197018	15227	0.999342	FALSE	E:cds-YP_009724392.1	GTA	V	GCA	A	25
NC_045512.2	26319	A	T	15565	7737	46	8	8	33	0.000513512	15579	0.953415	FALSE	E:cds-YP_009724392.1	GTA	V	GTT	V	25
NC_045512.2	26319	A	G	15565	7737	46	6	6	32	0.000385134	15579	0.986688	FALSE	E:cds-YP_009724392.1	GTA	V	GTG	V	25
NC_045512.2	26320	T	G	15628	7773	46	3	3	31	0.000191791	15642	0.999343	FALSE	E:cds-YP_009724392.1	TTC	F	GTC	V	26
NC_045512.2	26320	T	C	15628	7773	46	1	1	24	6.39304e-05	15642	1	FALSE	E:cds-YP_009724392.1	TTC	F	CTC	L	26
NC_045512.2	26320	T	A	15628	7773	46	10	10	33	0.000639304	15642	0.885239	FALSE	E:cds-YP_009724392.1	TTC	F	ATC	I	26
NC_045512.2	26321	T	G	15465	7619	45	1	1	34	6.46371e-05	15471	0.999985	FALSE	E:cds-YP_009724392.1	TTC	F	TGC	C	26
NC_045512.2	26321	T	A	15465	7619	45	5	5	32	0.000323185	15471	0.994104	FALSE	E:cds-YP_009724392.1	TTC	F	TAC	Y	26
NC_045512.2	26321	T	-CTTGC	15465	7619	45	3	0	20	0.000193911	15471	1	FALSE	NA	NA	NA	NA	NA	NA
NC_045512.2	26322	C	T	15573	7787	46	8	8	32	0.000513281	15586	0.953385	FALSE	E:cds-YP_009724392.1	TTC	F	TTT	F	26
NC_045512.2	26322	C	A	15573	7787	46	5	5	30	0.000320801	15586	0.99408	FALSE	E:cds-YP_009724392.1	TTC	F	TTA	L	26
NC_045512.2	26323	T	C	15333	7577	46	7	7	32	0.000456264	15342	0.973765	FALSE	E:cds-YP_009724392.1	TTG	L	CTG	L	27
NC_045512.2	26323	T	A	15333	7577	46	2	2	34	0.000130361	15342	0.999863	FALSE	E:cds-YP_009724392.1	TTG	L	ATG	M	27
NC_045512.2	26324	T	G	15373	7900	47	2	2	30	0.000130005	15384	0.999862	FALSE	E:cds-YP_009724392.1	TTG	L	TGG	W	27
NC_045512.2	26324	T	C	15373	7900	47	6	3	36	0.000390016	15384	0.986688	FALSE	E:cds-YP_009724392.1	TTG	L	TCG	S	27
NC_045512.2	26324	T	A	15373	7900	47	3	3	34	0.000195008	15384	0.999343	FALSE	E:cds-YP_009724392.1	TTG	L	TAG	*	27
NC_045512.2	26325	G	T	15381	7871	47	10	10	33	0.000649519	15396	0.885112	FALSE	E:cds-YP_009724392.1	TTG	L	TTT	F	27
NC_045512.2	26325	G	C	15381	7871	47	3	2	26	0.000194856	15396	1	FALSE	E:cds-YP_009724392.1	TTG	L	TTC	F	27
NC_045512.2	26325	G	A	15381	7871	47	2	2	34	0.000129904	15396	0.999862	FALSE	E:cds-YP_009724392.1	TTG	L	TTA	L	27
NC_045512.2	26326	C	T	15117	7705	47	6	6	31	0.000396458	15134	0.986657	FALSE	E:cds-YP_009724392.1	CTA	L	TTA	L	28
NC_045512.2	26326	C	G	15117	7705	47	10	10	33	0.000660764	15134	0.885045	FALSE	E:cds-YP_009724392.1	CTA	L	GTA	V	28
NC_045512.2	26326	C	A	15117	7705	47	1	1	34	6.60764e-05	15134	0.999985	FALSE	E:cds-YP_009724392.1	CTA	L	ATA	I	28
NC_045512.2	26327	T	G	15301	7722	47	5	5	34	0.000326328	15322	0.994068	FALSE	E:cds-YP_009724392.1	CTA	L	CGA	R	28
NC_045512.2	26327	T	C	15301	7722	47	12	10	40	0.000783188	15322	0.00170092	TRUE	E:cds-YP_009724392.1	CTA	L	CCA	P	28
NC_045512.2	26327	T	A	15301	7722	47	4	4	34	0.000261063	15322	0.997778	FALSE	E:cds-YP_009724392.1	CTA	L	CAA	Q	28
NC_045512.2	26328	A	T	15399	7552	47	11	11	34	0.000713637	15414	0.83651	FALSE	E:cds-YP_009724392.1	CTA	L	CTT	L	28
NC_045512.2	26328	A	G	15399	7552	47	3	2	34	0.000194628	15414	0.999343	FALSE	E:cds-YP_009724392.1	CTA	L	CTG	L	28
NC_045512.2	26328	A	C	15399	7552	47	1	1	34	6.48761e-05	15414	0.999985	FALSE	E:cds-YP_009724392.1	CTA	L	CTC	L	28
NC_045512.2	26329	G	T	15372	7592	47	3	2	31	0.000194906	15392	0.999341	FALSE	E:cds-YP_009724392.1	GTT	V	TTT	F	29
NC_045512.2	26329	G	C	15372	7592	47	6	6	32	0.000389813	15392	0.986658	FALSE	E:cds-YP_009724392.1	GTT	V	CTT	L	29
NC_045512.2	26329	G	A	15372	7592	47	11	10	33	0.000714657	15392	0.836304	FALSE	E:cds-YP_009724392.1	GTT	V	ATT	I	29
NC_045512.2	26330	T	G	15341	7672	47	10	10	33	0.000650957	15362	0.885016	FALSE	E:cds-YP_009724392.1	GTT	V	GGT	G	29
NC_045512.2	26330	T	C	15341	7672	47	3	2	30	0.000195287	15362	0.999341	FALSE	E:cds-YP_009724392.1	GTT	V	GCT	A	29
NC_045512.2	26330	T	A	15341	7672	47	8	8	33	0.000520766	15362	0.953308	FALSE	E:cds-YP_009724392.1	GTT	V	GAT	D	29
NC_045512.2	26331	T	G	15319	7710	46	4	3	34	0.000260994	15326	0.997791	FALSE	E:cds-YP_009724392.1	GTT	V	GTG	V	29
NC_045512.2	26331	T	C	15319	7710	46	1	1	34	6.52486e-05	15326	0.999985	FALSE	E:cds-YP_009724392.1	GTT	V	GTC	V	29
NC_045512.2	26331	T	A	15319	7710	46	2	2	34	0.000130497	15326	0.999863	FALSE	E:cds-YP_009724392.1	GTT	V	GTA	V	29
NC_045512.2	26332	A	T	15496	7666	46	12	12	33	0.000773395	15516	0.778715	FALSE	E:cds-YP_009724392.1	ACA	T	TCA	S	30
NC_045512.2	26332	A	G	15496	7666	46	4	2	40	0.000257798	15516	0.187178	FALSE	E:cds-YP_009724392.1	ACA	T	GCA	A	30
NC_045512.2	26332	A	C	15496	7666	46	4	4	34	0.000257798	15516	0.997779	FALSE	E:cds-YP_009724392.1	ACA	T	CCA	P	30
NC_045512.2	26333	C	T	15702	7783	47	4	4	34	0.000254485	15718	0.997783	FALSE	E:cds-YP_009724392.1	ACA	T	ATA	I	30
NC_045512.2	26333	C	G	15702	7783	47	3	3	34	0.000190864	15718	0.999342	FALSE	E:cds-YP_009724392.1	ACA	T	AGA	R	30
NC_045512.2	26333	C	A	15702	7783	47	9	8	33	0.000572592	15718	0.924149	FALSE	E:cds-YP_009724392.1	ACA	T	AAA	K	30
NC_045512.2	26334	A	T	15683	7794	47	4	4	32	0.000254793	15699	0.997783	FALSE	E:cds-YP_009724392.1	ACA	T	ACT	T	30
NC_045512.2	26334	A	G	15683	7794	47	1	1	34	6.36983e-05	15699	0.999985	FALSE	E:cds-YP_009724392.1	ACA	T	ACG	T	30
NC_045512.2	26334	A	C	15683	7794	47	11	11	32	0.000700682	15699	0.83647	FALSE	E:cds-YP_009724392.1	ACA	T	ACC	T	30
NC_045512.2	26335	C	T	15807	7823	47	4	3	42	0.000252845	15820	0.187322	FALSE	E:cds-YP_009724392.1	CTA	L	TTA	L	31
NC_045512.2	26335	C	G	15807	7823	47	1	1	34	6.32111e-05	15820	0.999985	FALSE	E:cds-YP_009724392.1	CTA	L	GTA	V	31
NC_045512.2	26335	C	A	15807	7823	47	8	8	33	0.000505689	15820	0.95343	FALSE	E:cds-YP_009724392.1	CTA	L	ATA	I	31
NC_045512.2	26336	T	C	15494	7618	47	13	12	34	0.000838115	15511	0.714118	FALSE	E:cds-YP_009724392.1	CTA	L	CCA	P	31
NC_045512.2	26336	T	A	15494	7618	47	4	4	34	0.000257882	15511	0.997782	FALSE	E:cds-YP_009724392.1	CTA	L	CAA	Q	31
NC_045512.2	26337	A	T	15548	7412	47	8	8	34	0.000514139	15560	0.953445	FALSE	E:cds-YP_009724392.1	CTA	L	CTT	L	31
NC_045512.2	26337	A	C	15548	7412	47	4	4	34	0.000257069	15560	0.997787	FALSE	E:cds-YP_009724392.1	CTA	L	CTC	L	31
NC_045512.2	26338	G	T	15581	7414	47	7	5	32	0.000448718	15600	0.973701	FALSE	E:cds-YP_009724392.1	GCC	A	TCC	S	32
NC_045512.2	26338	G	C	15581	7414	47	4	4	30	0.00025641	15600	0.99778	FALSE	E:cds-YP_009724392.1	GCC	A	CCC	P	32
NC_045512.2	26338	G	A	15581	7414	47	8	8	32	0.000512821	15600	0.95334	FALSE	E:cds-YP_009724392.1	GCC	A	ACC	T	32
NC_045512.2	26339	C	T	15541	7460	47	4	4	34	0.000257119	15557	0.997783	FALSE	E:cds-YP_009724392.1	GCC	A	GTC	V	32
NC_045512.2	26339	C	G	15541	7460	47	7	7	31	0.000449958	15557	0.973729	FALSE	E:cds-YP_009724392.1	GCC	A	GGC	G	32
NC_045512.2	26339	C	A	15541	7460	47	5	4	37	0.000321399	15557	0.99408	FALSE	E:cds-YP_009724392.1	GCC	A	GAC	D	32
NC_045512.2	26340	C	T	15702	7612	47	3	3	31	0.000190937	15712	0.999344	FALSE	E:cds-YP_009724392.1	GCC	A	GCT	A	32
NC_045512.2	26340	C	G	15702	7612	47	4	4	34	0.000254582	15712	0.997788	FALSE	E:cds-YP_009724392.1	GCC	A	GCG	A	32
NC_045512.2	26340	C	A	15702	7612	47	3	3	34	0.000190937	15712	0.999344	FALSE	E:cds-YP_009724392.1	GCC	A	GCA	A	32
NC_045512.2	26341	A	T	15460	7425	48	3	3	31	0.000193823	15478	0.999342	FALSE	E:cds-YP_009724392.1	ATC	I	TTC	F	33
NC_045512.2	26341	A	G	15460	7425	48	2	2	30	0.000129216	15478	0.999862	FALSE	E:cds-YP_009724392.1	ATC	I	GTC	V	33
NC_045512.2	26341	A	C	15460	7425	48	13	12	32	0.000839902	15478	0.714059	FALSE	E:cds-YP_009724392.1	ATC	I	CTC	L	33
NC_045512.2	26342	T	G	16542	7530	47	1	1	34	6.03901e-05	16559	0.999992	FALSE	E:cds-YP_009724392.1	ATC	I	AGC	S	33
NC_045512.2	26342	T	C	16542	7530	47	6	5	34	0.000362341	16559	0.991535	FALSE	E:cds-YP_009724392.1	ATC	I	ACC	T	33
NC_045512.2	26342	T	A	16542	7530	47	10	9	33	0.000603901	16559	0.915621	FALSE	E:cds-YP_009724392.1	ATC	I	AAC	N	33
NC_045512.2	26343	C	T	16534	7572	47	10	10	34	0.000604266	16549	0.915669	FALSE	E:cds-YP_009724392.1	ATC	I	ATT	I	33
NC_045512.2	26343	C	A	16534	7572	47	5	3	30	0.000302133	16549	0.996397	FALSE	E:cds-YP_009724392.1	ATC	I	ATA	I	33
NC_045512.2	26344	C	T	16449	7536	47	6	5	32	0.00036452	16460	0.991555	FALSE	E:cds-YP_009724392.1	CTT	L	TTT	F	34
NC_045512.2	26344	C	G	16449	7536	47	1	0	26	6.07533e-05	16460	1	FALSE	E:cds-YP_009724392.1	CTT	L	GTT	V	34
NC_045512.2	26344	C	A	16449	7536	47	4	4	32	0.000243013	16460	0.998712	FALSE	E:cds-YP_009724392.1	CTT	L	ATT	I	34
NC_045512.2	26345	T	G	16519	7536	47	2	2	34	0.00012097	16533	0.999927	FALSE	E:cds-YP_009724392.1	CTT	L	CGT	R	34
NC_045512.2	26345	T	C	16519	7536	47	12	11	35	0.000725821	16533	0.827598	FALSE	E:cds-YP_009724392.1	CTT	L	CCT	P	34
NC_045512.2	26346	T	C	16255	7374	47	8	7	34	0.000491884	16264	0.968091	FALSE	E:cds-YP_009724392.1	CTT	L	CTC	L	34
NC_045512.2	26346	T	A	16255	7374	47	1	1	34	6.14855e-05	16264	0.999992	FALSE	E:cds-YP_009724392.1	CTT	L	CTA	L	34
NC_045512.2	26347	A	T	16166	7266	48	13	13	33	0.000803262	16184	0.770769	FALSE	E:cds-YP_009724392.1	ACT	T	TCT	S	35
NC_045512.2	26347	A	G	16166	7266	48	2	1	40	0.000123579	16184	0.499652	FALSE	E:cds-YP_009724392.1	ACT	T	GCT	A	35
NC_045512.2	26347	A	C	16166	7266	48	3	3	34	0.000185368	16184	0.999634	FALSE	E:cds-YP_009724392.1	ACT	T	CCT	P	35
NC_045512.2	26348	C	T	16040	7353	47	6	6	34	0.000373622	16059	0.991528	FALSE	E:cds-YP_009724392.1	ACT	T	ATT	I	35
NC_045512.2	26348	C	G	16040	7353	47	3	3	35	0.000186811	16059	0.999634	FALSE	E:cds-YP_009724392.1	ACT	T	AGT	S	35
NC_045512.2	26348	C	A	16040	7353	47	10	10	33	0.000622704	16059	0.91557	FALSE	E:cds-YP_009724392.1	ACT	T	AAT	N	35
NC_045512.2	26349	T	G	15919	7278	47	2	2	34	0.000125502	15936	0.999862	FALSE	E:cds-YP_009724392.1	ACT	T	ACG	T	35
NC_045512.2	26349	T	C	15919	7278	47	12	10	36	0.000753012	15936	0.778868	FALSE	E:cds-YP_009724392.1	ACT	T	ACC	T	35
NC_045512.2	26349	T	A	15919	7278	47	3	3	28	0.000188253	15936	1	FALSE	E:cds-YP_009724392.1	ACT	T	ACA	T	35
NC_045512.2	26349	T	+G	15919	7278	47	1	0	20	6.2751e-05	15936	1	FALSE	NA	NA	NA	NA	NA	NA
NC_045512.2	26350	G	T	15830	7217	47	10	10	33	0.000631154	15844	0.885239	FALSE	E:cds-YP_009724392.1	GCG	A	TCG	S	36
NC_045512.2	26350	G	C	15830	7217	47	3	3	34	0.000189346	15844	0.999343	FALSE	E:cds-YP_009724392.1	GCG	A	CCG	P	36
NC_045512.2	26350	G	A	15830	7217	47	1	1	26	6.31154e-05	15844	1	FALSE	E:cds-YP_009724392.1	GCG	A	ACG	T	36
NC_045512.2	26351	C	T	14530	6579	48	4	4	42	0.000275028	14544	0.187285	FALSE	E:cds-YP_009724392.1	GCG	A	GTG	V	36
NC_045512.2	26351	C	G	14530	6579	48	9	9	32	0.000618812	14544	0.89495	FALSE	E:cds-YP_009724392.1	GCG	A	GGG	G	36
NC_045512.2	26351	C	A	14530	6579	48	1	1	34	6.87569e-05	14544	0.999969	FALSE	E:cds-YP_009724392.1	GCG	A	GAG	E	36
NC_045512.2	26352	G	T	14489	6502	48	5	5	32	0.000344661	14507	0.990368	FALSE	E:cds-YP_009724392.1	GCG	A	GCT	A	36
NC_045512.2	26352	G	C	14489	6502	48	10	10	31	0.000689322	14507	0.84609	FALSE	E:cds-YP_009724392.1	GCG	A	GCC	A	36
NC_045512.2	26352	G	A	14489	6502	48	3	3	68	0.000206797	14507	0.124806	FALSE	E:cds-YP_009724392.1	GCG	A	GCA	A	36
NC_045512.2	26353	C	T	14757	6568	47	3	3	34	0.000203101	14771	0.998823	FALSE	E:cds-YP_009724392.1	CTT	L	TTT	F	37
NC_045512.2	26353	C	G	14757	6568	47	10	10	34	0.000677002	14771	0.846252	FALSE	E:cds-YP_009724392.1	CTT	L	GTT	V	37
NC_045512.2	26353	C	A	14757	6568	47	1	1	34	6.77002e-05	14771	0.999969	FALSE	E:cds-YP_009724392.1	CTT	L	ATT	I	37
NC_045512.2	26354	T	G	14642	6485	48	10	5	36	0.000681989	14663	0.845972	FALSE	E:cds-YP_009724392.1	CTT	L	CGT	R	37
NC_045512.2	26354	T	C	14642	6485	48	11	11	32	0.000750188	14663	0.787473	FALSE	E:cds-YP_009724392.1	CTT	L	CCT	P	37
NC_045512.2	26355	T	G	14220	5911	45	3	3	34	0.000210807	14231	0.998825	FALSE	E:cds-YP_009724392.1	CTT	L	CTG	L	37
NC_045512.2	26355	T	C	14220	5911	45	8	4	35	0.000562153	14231	0.933132	FALSE	E:cds-YP_009724392.1	CTT	L	CTC	L	37
NC_045512.2	26356	C	T	14774	6534	47	10	8	39	0.000676224	14788	0.846252	FALSE	E:cds-YP_009724392.1	CGA	R	TGA	*	38
NC_045512.2	26356	C	G	14774	6534	47	3	2	34	0.000202867	14788	0.998823	FALSE	E:cds-YP_009724392.1	CGA	R	GGA	G	38
NC_045512.2	26356	C	A	14774	6534	47	1	1	26	6.76224e-05	14788	1	FALSE	E:cds-YP_009724392.1	CGA	R	AGA	R	38
NC_045512.2	26357	G	T	14836	6551	47	9	9	33	0.000605816	14856	0.894773	FALSE	E:cds-YP_009724392.1	CGA	R	CTA	L	38
NC_045512.2	26357	G	C	14836	6551	47	10	10	34	0.000673129	14856	0.846016	FALSE	E:cds-YP_009724392.1	CGA	R	CCA	P	38
NC_045512.2	26357	G	A	14836	6551	47	1	1	68	6.73129e-05	14856	0.499697	FALSE	E:cds-YP_009724392.1	CGA	R	CAA	Q	38
NC_045512.2	26358	A	T	14900	6530	47	5	5	30	0.000335143	14919	0.990365	FALSE	E:cds-YP_009724392.1	CGA	R	CGT	R	38
NC_045512.2	26358	A	G	14900	6530	47	12	12	36	0.000804343	14919	0.721141	FALSE	E:cds-YP_009724392.1	CGA	R	CGG	R	38
NC_045512.2	26358	A	C	14900	6530	47	2	2	34	0.000134057	14919	0.999739	FALSE	E:cds-YP_009724392.1	CGA	R	CGC	R	38
NC_045512.2	26359	T	G	14738	6638	48	5	4	34	0.000338914	14753	0.99038	FALSE	E:cds-YP_009724392.1	TTG	L	GTG	V	39
NC_045512.2	26359	T	C	14738	6638	48	2	2	34	0.000135566	14753	0.99974	FALSE	E:cds-YP_009724392.1	TTG	L	CTG	L	39
NC_045512.2	26359	T	A	14738	6638	48	8	8	33	0.000542263	14753	0.933048	FALSE	E:cds-YP_009724392.1	TTG	L	ATG	M	39
NC_045512.2	26360	T	G	14751	6551	48	4	4	32	0.000270984	14761	0.996232	FALSE	E:cds-YP_009724392.1	TTG	L	TGG	W	39
NC_045512.2	26360	T	C	14751	6551	48	4	4	51	0.000270984	14761	0.062445	FALSE	E:cds-YP_009724392.1	TTG	L	TCG	S	39
NC_045512.2	26360	T	A	14751	6551	48	2	2	30	0.000135492	14761	0.999741	FALSE	E:cds-YP_009724392.1	TTG	L	TAG	*	39
NC_045512.2	26361	G	T	15185	6579	48	14	13	32	0.00092075	15205	0.644198	FALSE	E:cds-YP_009724392.1	TTG	L	TTT	F	39
NC_045512.2	26361	G	C	15185	6579	48	3	3	31	0.000197304	15205	0.999341	FALSE	E:cds-YP_009724392.1	TTG	L	TTC	F	39
NC_045512.2	26361	G	A	15185	6579	48	3	3	34	0.000197304	15205	0.999341	FALSE	E:cds-YP_009724392.1	TTG	L	TTA	L	39
NC_045512.2	26362	T	G	14952	6360	48	10	8	32	0.000668226	14965	0.846291	FALSE	E:cds-YP_009724392.1	TGT	C	GGT	G	40
NC_045512.2	26362	T	C	14952	6360	48	1	1	34	6.68226e-05	14965	0.999969	FALSE	E:cds-YP_009724392.1	TGT	C	CGT	R	40
NC_045512.2	26362	T	A	14952	6360	48	2	1	30	0.000133645	14965	0.99974	FALSE	E:cds-YP_009724392.1	TGT	C	AGT	S	40
NC_045512.2	26363	G	T	15078	6399	48	15	15	34	0.000993772	15094	0.572268	FALSE	E:cds-YP_009724392.1	TGT	C	TTT	F	40
NC_045512.2	26363	G	C	15078	6399	48	1	1	34	6.62515e-05	15094	0.999985	FALSE	E:cds-YP_009724392.1	TGT	C	TCT	S	40
NC_045512.2	26364	T	G	14849	6255	47	13	12	33	0.000874479	14866	0.649315	FALSE	E:cds-YP_009724392.1	TGT	C	TGG	W	40
NC_045512.2	26364	T	C	14849	6255	47	2	2	34	0.000134535	14866	0.99974	FALSE	E:cds-YP_009724392.1	TGT	C	TGC	C	40
NC_045512.2	26364	T	A	14849	6255	47	2	1	40	0.000134535	14866	0.499647	FALSE	E:cds-YP_009724392.1	TGT	C	TGA	*	40
NC_045512.2	26365	G	T	15086	6320	47	13	13	33	0.00086087	15101	0.714236	FALSE	E:cds-YP_009724392.1	GCG	A	TCG	S	41
NC_045512.2	26365	G	C	15086	6320	47	2	2	34	0.000132442	15101	0.999862	FALSE	E:cds-YP_009724392.1	GCG	A	CCG	P	41
NC_045512.2	26366	C	T	14567	6261	47	7	6	37	0.000479912	14586	0.96073	FALSE	E:cds-YP_009724392.1	GCG	A	GTG	V	41
NC_045512.2	26366	C	G	14567	6261	47	11	11	33	0.000754148	14586	0.787571	FALSE	E:cds-YP_009724392.1	GCG	A	GGG	G	41
NC_045512.2	26366	C	A	14567	6261	47	1	1	26	6.85589e-05	14586	1	FALSE	E:cds-YP_009724392.1	GCG	A	GAG	E	41
NC_045512.2	26367	G	T	14691	6174	48	5	5	34	0.000339951	14708	0.990372	FALSE	E:cds-YP_009724392.1	GCG	A	GCT	A	41
NC_045512.2	26367	G	C	14691	6174	48	10	10	33	0.000679902	14708	0.846133	FALSE	E:cds-YP_009724392.1	GCG	A	GCC	A	41
NC_045512.2	26367	G	A	14691	6174	48	2	1	51	0.00013598	14708	0.249753	FALSE	E:cds-YP_009724392.1	GCG	A	GCA	A	41
NC_045512.2	26368	T	G	14742	6275	48	12	11	34	0.000813008	14760	0.721197	FALSE	E:cds-YP_009724392.1	TAC	Y	GAC	D	42
NC_045512.2	26368	T	C	14742	6275	48	4	4	28	0.000271003	14760	1	FALSE	E:cds-YP_009724392.1	TAC	Y	CAC	H	42
NC_045512.2	26368	T	A	14742	6275	48	2	1	30	0.000135501	14760	0.99974	FALSE	E:cds-YP_009724392.1	TAC	Y	AAC	N	42
NC_045512.2	26369	A	T	14651	6235	48	11	11	33	0.00074983	14670	0.787573	FALSE	E:cds-YP_009724392.1	TAC	Y	TTC	F	42
NC_045512.2	26369	A	G	14651	6235	48	3	3	31	0.000204499	14670	0.99882	FALSE	E:cds-YP_009724392.1	TAC	Y	TGC	C	42
NC_045512.2	26369	A	C	14651	6235	48	5	5	30	0.000340832	14670	0.990364	FALSE	E:cds-YP_009724392.1	TAC	Y	TCC	S	42
NC_045512.2	26370	C	T	14871	6332	47	5	5	32	0.000335886	14886	0.99038	FALSE	E:cds-YP_009724392.1	TAC	Y	TAT	Y	42
NC_045512.2	26370	C	G	14871	6332	47	2	2	34	0.000134354	14886	0.99974	FALSE	E:cds-YP_009724392.1	TAC	Y	TAG	*	42
NC_045512.2	26370	C	A	14871	6332	47	8	8	33	0.000537418	14886	0.933048	FALSE	E:cds-YP_009724392.1	TAC	Y	TAA	*	42
NC_045512.2	26371	T	G	14444	5959	48	2	1	30	0.000138293	14462	0.99974	FALSE	E:cds-YP_009724392.1	TGC	C	GGC	G	43
NC_045512.2	26371	T	C	14444	5959	48	11	11	32	0.000760614	14462	0.78762	FALSE	E:cds-YP_009724392.1	TGC	C	CGC	R	43
NC_045512.2	26371	T	A	14444	5959	48	5	4	34	0.000345734	14462	0.990368	FALSE	E:cds-YP_009724392.1	TGC	C	AGC	S	43
NC_045512.2	26372	G	T	14452	5832	47	12	12	33	0.000829302	14470	0.721192	FALSE	E:cds-YP_009724392.1	TGC	C	TTC	F	43
NC_045512.2	26372	G	C	14452	5832	47	3	3	34	0.000207326	14470	0.998821	FALSE	E:cds-YP_009724392.1	TGC	C	TCC	S	43
NC_045512.2	26372	G	A	14452	5832	47	3	3	31	0.000207326	14470	0.998821	FALSE	E:cds-YP_009724392.1	TGC	C	TAC	Y	43
NC_045512.2	26373	C	T	14669	6005	47	6	4	34	0.000408608	14684	0.979279	FALSE	E:cds-YP_009724392.1	TGC	C	TGT	C	43
NC_045512.2	26373	C	G	14669	6005	47	9	8	32	0.000612912	14684	0.89492	FALSE	E:cds-YP_009724392.1	TGC	C	TGG	W	43
NC_045512.2	26374	T	G	14556	5889	47	2	2	34	0.00013725	14572	0.99974	FALSE	E:cds-YP_009724392.1	TGC	C	GGC	G	44
NC_045512.2	26374	T	C	14556	5889	47	12	12	34	0.000823497	14572	0.721313	FALSE	E:cds-YP_009724392.1	TGC	C	CGC	R	44
NC_045512.2	26374	T	A	14556	5889	47	2	2	34	0.00013725	14572	0.99974	FALSE	E:cds-YP_009724392.1	TGC	C	AGC	S	44
NC_045512.2	26375	G	T	14859	5887	47	12	12	34	0.00080656	14878	0.72114	FALSE	E:cds-YP_009724392.1	TGC	C	TTC	F	44
NC_045512.2	26375	G	C	14859	5887	47	4	3	30	0.000268853	14878	0.996218	FALSE	E:cds-YP_009724392.1	TGC	C	TCC	S	44
NC_045512.2	26375	G	A	14859	5887	47	3	3	45	0.00020164	14878	0.312109	FALSE	E:cds-YP_009724392.1	TGC	C	TAC	Y	44
NC_045512.2	26376	C	T	14822	5890	47	5	5	34	0.000336973	14838	0.990376	FALSE	E:cds-YP_009724392.1	TGC	C	TGT	C	44
NC_045512.2	26376	C	G	14822	5890	47	7	6	32	0.000471762	14838	0.960771	FALSE	E:cds-YP_009724392.1	TGC	C	TGG	W	44
NC_045512.2	26376	C	A	14822	5890	47	4	2	34	0.000269578	14838	0.996222	FALSE	E:cds-YP_009724392.1	TGC	C	TGA	*	44
NC_045512.2	26377	A	T	14870	5873	47	3	3	34	0.000201478	14890	0.99882	FALSE	E:cds-YP_009724392.1	AAT	N	TAT	Y	45
NC_045512.2	26377	A	G	14870	5873	47	7	6	34	0.000470114	14890	0.960719	FALSE	E:cds-YP_009724392.1	AAT	N	GAT	D	45
NC_045512.2	26377	A	C	14870	5873	47	10	10	33	0.000671592	14890	0.846016	FALSE	E:cds-YP_009724392.1	AAT	N	CAT	H	45
NC_045512.2	26378	A	T	14985	6021	47	1	1	26	6.66978e-05	14993	1	FALSE	E:cds-YP_009724392.1	AAT	N	ATT	I	45
NC_045512.2	26378	A	G	14985	6021	47	1	1	34	6.66978e-05	14993	0.999969	FALSE	E:cds-YP_009724392.1	AAT	N	AGT	S	45
NC_045512.2	26378	A	C	14985	6021	47	6	6	34	0.000400187	14993	0.979331	FALSE	E:cds-YP_009724392.1	AAT	N	ACT	T	45
NC_045512.2	26379	T	C	14575	5719	47	5	5	40	0.000342677	14591	0.10919	FALSE	E:cds-YP_009724392.1	AAT	N	AAC	N	45
NC_045512.2	26379	T	A	14575	5719	47	11	11	31	0.000753889	14591	0.787722	FALSE	E:cds-YP_009724392.1	AAT	N	AAA	K	45
NC_045512.2	26380	A	T	14389	5771	46	11	11	34	0.00076373	14403	0.787822	FALSE	E:cds-YP_009724392.1	ATT	I	TTT	F	46
NC_045512.2	26380	A	G	14389	5771	46	2	1	30	0.00013886	14403	0.99974	FALSE	E:cds-YP_009724392.1	ATT	I	GTT	V	46
NC_045512.2	26380	A	C	14389	5771	46	1	1	34	6.943e-05	14403	0.999969	FALSE	E:cds-YP_009724392.1	ATT	I	CTT	L	46
NC_045512.2	26381	T	G	14836	5753	47	2	1	30	0.000134671	14851	0.99974	FALSE	E:cds-YP_009724392.1	ATT	I	AGT	S	46
NC_045512.2	26381	T	C	14836	5753	47	2	2	34	0.000134671	14851	0.99974	FALSE	E:cds-YP_009724392.1	ATT	I	ACT	T	46
NC_045512.2	26381	T	A	14836	5753	47	11	11	33	0.000740691	14851	0.787773	FALSE	E:cds-YP_009724392.1	ATT	I	AAT	N	46
NC_045512.2	26382	T	G	14579	5570	47	2	1	34	0.00013709	14589	0.999741	FALSE	E:cds-YP_009724392.1	ATT	I	ATG	M	46
NC_045512.2	26382	T	C	14579	5570	47	4	2	34	0.000274179	14589	0.996232	FALSE	E:cds-YP_009724392.1	ATT	I	ATC	I	46
NC_045512.2	26382	T	A	14579	5570	47	4	3	30	0.000274179	14589	0.996232	FALSE	E:cds-YP_009724392.1	ATT	I	ATA	I	46
NC_045512.2	26383	G	T	14781	5570	47	13	13	34	0.000878497	14798	0.649315	FALSE	E:cds-YP_009724392.1	GTT	V	TTT	F	47
NC_045512.2	26383	G	C	14781	5570	47	2	2	30	0.000135153	14798	0.99974	FALSE	E:cds-YP_009724392.1	GTT	V	CTT	L	47
NC_045512.2	26383	G	A	14781	5570	47	2	2	30	0.000135153	14798	0.99974	FALSE	E:cds-YP_009724392.1	GTT	V	ATT	I	47
NC_045512.2	26384	T	G	14259	5160	46	9	9	33	0.000630605	14272	0.89498	FALSE	E:cds-YP_009724392.1	GTT	V	GGT	G	47
NC_045512.2	26384	T	C	14259	5160	46	1	1	34	7.00673e-05	14272	0.999969	FALSE	E:cds-YP_009724392.1	GTT	V	GCT	A	47
NC_045512.2	26384	T	A	14259	5160	46	3	3	34	0.000210202	14272	0.998823	FALSE	E:cds-YP_009724392.1	GTT	V	GAT	D	47
NC_045512.2	26385	T	G	14398	5419	47	5	4	32	0.000346981	14410	0.990391	FALSE	E:cds-YP_009724392.1	GTT	V	GTG	V	47
NC_045512.2	26385	T	C	14398	5419	47	6	4	39	0.000416378	14410	0.979301	FALSE	E:cds-YP_009724392.1	GTT	V	GTC	V	47
NC_045512.2	26385	T	A	14398	5419	47	1	1	34	6.93963e-05	14410	0.999969	FALSE	E:cds-YP_009724392.1	GTT	V	GTA	V	47
NC_045512.2	26386	A	T	14445	5556	46	10	10	34	0.000691611	14459	0.846252	FALSE	E:cds-YP_009724392.1	AAC	N	TAC	Y	48
NC_045512.2	26386	A	G	14445	5556	46	3	2	34	0.000207483	14459	0.998823	FALSE	E:cds-YP_009724392.1	AAC	N	GAC	D	48
NC_045512.2	26386	A	C	14445	5556	46	1	1	34	6.91611e-05	14459	0.999969	FALSE	E:cds-YP_009724392.1	AAC	N	CAC	H	48
NC_045512.2	26387	A	T	13039	5739	44	7	7	32	0.000536357	13051	0.942331	FALSE	E:cds-YP_009724392.1	AAC	N	ATC	I	48
NC_045512.2	26387	A	G	13039	5739	44	2	1	30	0.000153245	13051	0.999511	FALSE	E:cds-YP_009724392.1	AAC	N	AGC	S	48
NC_045512.2	26387	A	C	13039	5739	44	3	3	31	0.000229867	13051	0.997907	FALSE	E:cds-YP_009724392.1	AAC	N	ACC	T	48
NC_045512.2	26388	C	T	14709	5848	47	6	5	39	0.00040747	14725	0.979271	FALSE	E:cds-YP_009724392.1	AAC	N	AAT	N	48
NC_045512.2	26388	C	G	14709	5848	47	1	0	34	6.79117e-05	14725	0.999969	FALSE	E:cds-YP_009724392.1	AAC	N	AAG	K	48
NC_045512.2	26388	C	A	14709	5848	47	9	9	32	0.000611205	14725	0.894891	FALSE	E:cds-YP_009724392.1	AAC	N	AAA	K	48
NC_045512.2	26389	G	T	14674	5850	47	2	2	30	0.000136166	14688	0.99974	FALSE	E:cds-YP_009724392.1	GTG	V	TTG	L	49
NC_045512.2	26389	G	C	14674	5850	47	7	7	32	0.00047658	14688	0.960797	FALSE	E:cds-YP_009724392.1	GTG	V	CTG	L	49
NC_045512.2	26389	G	A	14674	5850	47	5	5	32	0.000340414	14688	0.990383	FALSE	E:cds-YP_009724392.1	GTG	V	ATG	M	49
NC_045512.2	26390	T	G	14289	5632	47	8	8	34	0.000559128	14308	0.932961	FALSE	E:cds-YP_009724392.1	GTG	V	GGG	G	49
NC_045512.2	26390	T	C	14289	5632	47	7	7	31	0.000489237	14308	0.960728	FALSE	E:cds-YP_009724392.1	GTG	V	GCG	A	49
NC_045512.2	26390	T	A	14289	5632	47	4	3	32	0.000279564	14308	0.996217	FALSE	E:cds-YP_009724392.1	GTG	V	GAG	E	49
NC_045512.2	26391	G	T	14449	5759	47	8	8	34	0.000553097	14464	0.933047	FALSE	E:cds-YP_009724392.1	GTG	V	GTT	V	49
NC_045512.2	26391	G	C	14449	5759	47	6	6	31	0.000414823	14464	0.979278	FALSE	E:cds-YP_009724392.1	GTG	V	GTC	V	49
NC_045512.2	26391	G	A	14449	5759	47	1	1	34	6.91372e-05	14464	0.999969	FALSE	E:cds-YP_009724392.1	GTG	V	GTA	V	49
NC_045512.2	26392	A	T	14209	5612	47	5	5	34	0.00035142	14228	0.990363	FALSE	E:cds-YP_009724392.1	AGT	S	TGT	C	50
NC_045512.2	26392	A	G	14209	5612	47	11	11	34	0.000773123	14228	0.787565	FALSE	E:cds-YP_009724392.1	AGT	S	GGT	G	50
NC_045512.2	26392	A	C	14209	5612	47	3	3	34	0.000210852	14228	0.99882	FALSE	E:cds-YP_009724392.1	AGT	S	CGT	R	50
NC_045512.2	26393	G	T	14057	5739	45	4	4	34	0.000284293	14070	0.996227	FALSE	E:cds-YP_009724392.1	AGT	S	ATT	I	50
NC_045512.2	26393	G	C	14057	5739	45	1	1	26	7.10732e-05	14070	1	FALSE	E:cds-YP_009724392.1	AGT	S	ACT	T	50
NC_045512.2	26393	G	A	14057	5739	45	8	8	32	0.000568586	14070	0.933089	FALSE	E:cds-YP_009724392.1	AGT	S	AAT	N	50
NC_045512.2	26394	T	G	14173	5948	46	11	11	33	0.000775412	14186	0.787873	FALSE	E:cds-YP_009724392.1	AGT	S	AGG	R	50
NC_045512.2	26394	T	A	14173	5948	46	2	2	30	0.000140984	14186	0.99974	FALSE	E:cds-YP_009724392.1	AGT	S	AGA	R	50
NC_045512.2	26395	C	T	14255	6094	46	5	5	30	0.000350435	14268	0.990387	FALSE	E:cds-YP_009724392.1	CTT	L	TTT	F	51
NC_045512.2	26395	C	G	14255	6094	46	3	2	28	0.000210261	14268	1	FALSE	E:cds-YP_009724392.1	CTT	L	GTT	V	51
NC_045512.2	26395	C	A	14255	6094	46	5	5	30	0.000350435	14268	0.990387	FALSE	E:cds-YP_009724392.1	CTT	L	ATT	I	51
NC_045512.2	26396	T	G	14413	6104	47	5	5	30	0.000346548	14428	0.990379	FALSE	E:cds-YP_009724392.1	CTT	L	CGT	R	51
NC_045512.2	26396	T	C	14413	6104	47	9	9	37	0.000623787	14428	0.894919	FALSE	E:cds-YP_009724392.1	CTT	L	CCT	P	51
NC_045512.2	26396	T	A	14413	6104	47	1	0	26	6.93097e-05	14428	1	FALSE	E:cds-YP_009724392.1	CTT	L	CAT	H	51
NC_045512.2	26397	T	C	14355	6071	47	5	4	39	0.000348117	14363	0.990406	FALSE	E:cds-YP_009724392.1	CTT	L	CTC	L	51
NC_045512.2	26397	T	A	14355	6071	47	3	3	34	0.00020887	14363	0.998826	FALSE	E:cds-YP_009724392.1	CTT	L	CTA	L	51
NC_045512.2	26398	G	T	14421	6059	47	11	11	32	0.000761984	14436	0.787771	FALSE	E:cds-YP_009724392.1	GTA	V	TTA	L	52
NC_045512.2	26398	G	C	14421	6059	47	4	4	30	0.000277085	14436	0.996224	FALSE	E:cds-YP_009724392.1	GTA	V	CTA	L	52
NC_045512.2	26399	T	G	14533	6437	48	9	7	31	0.000618854	14543	0.895071	FALSE	E:cds-YP_009724392.1	GTA	V	GGA	G	52
NC_045512.2	26399	T	A	14533	6437	48	1	1	34	6.87616e-05	14543	0.999969	FALSE	E:cds-YP_009724392.1	GTA	V	GAA	E	52
NC_045512.2	26400	A	T	14573	6623	49	11	11	33	0.000753889	14591	0.787621	FALSE	E:cds-YP_009724392.1	GTA	V	GTT	V	52
NC_045512.2	26400	A	G	14573	6623	49	4	4	32	0.000274142	14591	0.996219	FALSE	E:cds-YP_009724392.1	GTA	V	GTG	V	52
NC_045512.2	26400	A	C	14573	6623	49	3	3	28	0.000205606	14591	1	FALSE	E:cds-YP_009724392.1	GTA	V	GTC	V	52
NC_045512.2	26401	A	T	14547	6663	49	6	6	34	0.000412116	14559	0.979301	FALSE	E:cds-YP_009724392.1	AAA	K	TAA	*	53
NC_045512.2	26401	A	G	14547	6663	49	6	5	39	0.000412116	14559	0.979301	FALSE	E:cds-YP_009724392.1	AAA	K	GAA	E	53
NC_045512.2	26402	A	T	13921	6585	47	5	5	32	0.000358989	13928	0.984579	FALSE	E:cds-YP_009724392.1	AAA	K	ATA	I	53
NC_045512.2	26402	A	G	13921	6585	47	2	2	34	0.000143596	13928	0.999512	FALSE	E:cds-YP_009724392.1	AAA	K	AGA	R	53
NC_045512.2	26403	A	T	14450	6621	48	2	2	34	0.00013837	14454	0.999741	FALSE	E:cds-YP_009724392.1	AAA	K	AAT	N	53
NC_045512.2	26403	A	C	14450	6621	48	2	2	34	0.00013837	14454	0.999741	FALSE	E:cds-YP_009724392.1	AAA	K	AAC	N	53
NC_045512.2	26404	C	T	14459	6586	48	1	1	34	6.90751e-05	14477	0.999969	FALSE	E:cds-YP_009724392.1	CCT	P	TCT	S	54
NC_045512.2	26404	C	G	14459	6586	48	3	3	34	0.000207225	14477	0.998821	FALSE	E:cds-YP_009724392.1	CCT	P	GCT	A	54
NC_045512.2	26404	C	A	14459	6586	48	14	14	33	0.000967051	14477	0.574542	FALSE	E:cds-YP_009724392.1	CCT	P	ACT	T	54
NC_045512.2	26405	C	T	14303	6502	48	3	3	34	0.00020957	14315	0.998824	FALSE	E:cds-YP_009724392.1	CCT	P	CTT	L	54
NC_045512.2	26405	C	G	14303	6502	48	1	1	34	6.98568e-05	14315	0.999969	FALSE	E:cds-YP_009724392.1	CCT	P	CGT	R	54
NC_045512.2	26405	C	A	14303	6502	48	8	8	31	0.000558854	14315	0.93311	FALSE	E:cds-YP_009724392.1	CCT	P	CAT	H	54
NC_045512.2	26406	T	G	14199	6589	49	1	1	34	7.03433e-05	14216	0.999969	FALSE	E:cds-YP_009724392.1	CCT	P	CCG	P	54
NC_045512.2	26406	T	C	14199	6589	49	9	9	31	0.000633089	14216	0.894857	FALSE	E:cds-YP_009724392.1	CCT	P	CCC	P	54
NC_045512.2	26406	T	A	14199	6589	49	7	7	38	0.000492403	14216	0.960755	FALSE	E:cds-YP_009724392.1	CCT	P	CCA	P	54
NC_045512.2	26407	T	G	13967	6418	49	1	1	34	7.1541e-05	13978	0.999939	FALSE	E:cds-YP_009724392.1	TCT	S	GCT	A	55
NC_045512.2	26407	T	C	13967	6418	49	9	8	32	0.000643869	13978	0.856918	FALSE	E:cds-YP_009724392.1	TCT	S	CCT	P	55
NC_045512.2	26407	T	A	13967	6418	49	1	1	34	7.1541e-05	13978	0.999939	FALSE	E:cds-YP_009724392.1	TCT	S	ACT	T	55
NC_045512.2	26408	C	T	14388	6737	49	11	11	31	0.000763889	14400	0.787923	FALSE	E:cds-YP_009724392.1	TCT	S	TTT	F	55
NC_045512.2	26408	C	G	14388	6737	49	1	0	38	6.94444e-05	14400	0.999969	FALSE	E:cds-YP_009724392.1	TCT	S	TGT	C	55
NC_045512.2	26409	T	G	14364	6684	49	3	3	34	0.000208696	14375	0.998825	FALSE	E:cds-YP_009724392.1	TCT	S	TCG	S	55
NC_045512.2	26409	T	C	14364	6684	49	8	8	33	0.000556522	14375	0.933132	FALSE	E:cds-YP_009724392.1	TCT	S	TCC	S	55
NC_045512.2	26410	T	C	14338	6755	49	4	4	32	0.000278862	14344	0.996238	FALSE	E:cds-YP_009724392.1	TTT	F	CTT	L	56
NC_045512.2	26410	T	A	14338	6755	49	2	2	34	0.000139431	14344	0.999741	FALSE	E:cds-YP_009724392.1	TTT	F	ATT	I	56
NC_045512.2	26411	T	G	13395	5753	46	2	2	30	0.000149231	13402	0.999512	FALSE	E:cds-YP_009724392.1	TTT	F	TGT	C	56
NC_045512.2	26411	T	C	13395	5753	46	5	5	34	0.000373079	13402	0.984579	FALSE	E:cds-YP_009724392.1	TTT	F	TCT	S	56
NC_045512.2	26412	T	G	14351	6714	50	3	1	34	0.000208986	14355	0.998828	FALSE	E:cds-YP_009724392.1	TTT	F	TTG	L	56
NC_045512.2	26412	T	C	14351	6714	50	1	1	34	6.96621e-05	14355	0.99997	FALSE	E:cds-YP_009724392.1	TTT	F	TTC	F	56
NC_045512.2	26413	T	G	14376	6746	50	1	1	34	6.95362e-05	14381	0.99997	FALSE	E:cds-YP_009724392.1	TAC	Y	GAC	D	57
NC_045512.2	26413	T	C	14376	6746	50	3	2	28	0.000208609	14381	1	FALSE	E:cds-YP_009724392.1	TAC	Y	CAC	H	57
NC_045512.2	26413	T	A	14376	6746	50	1	1	34	6.95362e-05	14381	0.99997	FALSE	E:cds-YP_009724392.1	TAC	Y	AAC	N	57
NC_045512.2	26413	T	-A	14376	6746	50	2	0	20	0.000139072	14381	1	FALSE	NA	NA	NA	NA	NA	NA
NC_045512.2	26414	A	T	14390	6730	50	13	13	33	0.000902464	14405	0.649311	FALSE	E:cds-YP_009724392.1	TAC	Y	TTC	F	57
NC_045512.2	26414	A	G	14390	6730	50	1	1	26	6.94203e-05	14405	1	FALSE	E:cds-YP_009724392.1	TAC	Y	TGC	C	57
NC_045512.2	26414	A	C	14390	6730	50	1	1	34	6.94203e-05	14405	0.999969	FALSE	E:cds-YP_009724392.1	TAC	Y	TCC	S	57
NC_045512.2	26415	C	T	14776	6888	49	9	9	36	0.000608437	14792	0.894891	FALSE	E:cds-YP_009724392.1	TAC	Y	TAT	Y	57
NC_045512.2	26415	C	G	14776	6888	49	1	1	34	6.76041e-05	14792	0.999969	FALSE	E:cds-YP_009724392.1	TAC	Y	TAG	*	57
NC_045512.2	26415	C	A	14776	6888	49	6	6	34	0.000405625	14792	0.979271	FALSE	E:cds-YP_009724392.1	TAC	Y	TAA	*	57
NC_045512.2	26416	G	T	14977	6914	49	8	7	34	0.000533511	14995	0.932988	FALSE	E:cds-YP_009724392.1	GTT	V	TTT	F	58
NC_045512.2	26416	G	C	14977	6914	49	5	5	30	0.000333444	14995	0.990369	FALSE	E:cds-YP_009724392.1	GTT	V	CTT	L	58
NC_045512.2	26416	G	A	14977	6914	49	5	5	32	0.000333444	14995	0.990369	FALSE	E:cds-YP_009724392.1	GTT	V	ATT	I	58
NC_045512.2	26417	T	G	13481	5521	45	9	7	33	0.000666519	13503	0.856485	FALSE	E:cds-YP_009724392.1	GTT	V	GGT	G	58
NC_045512.2	26417	T	C	13481	5521	45	7	6	32	0.000518403	13503	0.942139	FALSE	E:cds-YP_009724392.1	GTT	V	GCT	A	58
NC_045512.2	26417	T	A	13481	5521	45	6	6	34	0.000444346	13503	0.968089	FALSE	E:cds-YP_009724392.1	GTT	V	GAT	D	58
NC_045512.2	26418	T	G	14832	7004	49	5	5	32	0.000336836	14844	0.990391	FALSE	E:cds-YP_009724392.1	GTT	V	GTG	V	58
NC_045512.2	26418	T	C	14832	7004	49	7	7	38	0.000471571	14844	0.960823	FALSE	E:cds-YP_009724392.1	GTT	V	GTC	V	58
NC_045512.2	26419	T	G	14794	7069	49	10	8	32	0.000675447	14805	0.846371	FALSE	E:cds-YP_009724392.1	TAC	Y	GAC	D	59
NC_045512.2	26419	T	A	14794	7069	49	1	1	26	6.75447e-05	14805	1	FALSE	E:cds-YP_009724392.1	TAC	Y	AAC	N	59
NC_045512.2	26420	A	T	14758	7089	49	17	17	31	0.00115028	14779	0.359766	FALSE	E:cds-YP_009724392.1	TAC	Y	TTC	F	59
NC_045512.2	26420	A	G	14758	7089	49	2	1	30	0.000135327	14779	0.999739	FALSE	E:cds-YP_009724392.1	TAC	Y	TGC	C	59
NC_045512.2	26420	A	C	14758	7089	49	2	2	34	0.000135327	14779	0.999739	FALSE	E:cds-YP_009724392.1	TAC	Y	TCC	S	59
NC_045512.2	26421	C	T	14752	7162	49	11	11	33	0.000744702	14771	0.787574	FALSE	E:cds-YP_009724392.1	TAC	Y	TAT	Y	59
NC_045512.2	26421	C	G	14752	7162	49	1	1	34	6.77002e-05	14771	0.999969	FALSE	E:cds-YP_009724392.1	TAC	Y	TAG	*	59
NC_045512.2	26421	C	A	14752	7162	49	7	7	31	0.000473902	14771	0.960731	FALSE	E:cds-YP_009724392.1	TAC	Y	TAA	*	59
NC_045512.2	26422	T	G	14873	7089	49	3	3	34	0.000201478	14890	0.998821	FALSE	E:cds-YP_009724392.1	TCT	S	GCT	A	60
NC_045512.2	26422	T	C	14873	7089	49	10	9	37	0.000671592	14890	0.846134	FALSE	E:cds-YP_009724392.1	TCT	S	CCT	P	60
NC_045512.2	26422	T	A	14873	7089	49	4	4	34	0.000268637	14890	0.996221	FALSE	E:cds-YP_009724392.1	TCT	S	ACT	T	60
NC_045512.2	26423	C	T	14863	7140	49	10	10	32	0.000672043	14880	0.846134	FALSE	E:cds-YP_009724392.1	TCT	S	TTT	F	60
NC_045512.2	26423	C	G	14863	7140	49	1	0	34	6.72043e-05	14880	0.999969	FALSE	E:cds-YP_009724392.1	TCT	S	TGT	C	60
NC_045512.2	26423	C	A	14863	7140	49	6	6	32	0.000403226	14880	0.979264	FALSE	E:cds-YP_009724392.1	TCT	S	TAT	Y	60
NC_045512.2	26424	T	G	14627	6916	49	1	1	34	6.83107e-05	14639	0.999969	FALSE	E:cds-YP_009724392.1	TCT	S	TCG	S	60
NC_045512.2	26424	T	C	14627	6916	49	8	8	32	0.000546485	14639	0.93311	FALSE	E:cds-YP_009724392.1	TCT	S	TCC	S	60
NC_045512.2	26424	T	A	14627	6916	49	3	3	34	0.000204932	14639	0.998824	FALSE	E:cds-YP_009724392.1	TCT	S	TCA	S	60
NC_045512.2	26425	C	T	14450	6789	49	12	12	33	0.000829703	14463	0.721491	FALSE	E:cds-YP_009724392.1	CGT	R	TGT	C	61
NC_045512.2	26425	C	A	14450	6789	49	1	1	34	6.91419e-05	14463	0.999969	FALSE	E:cds-YP_009724392.1	CGT	R	AGT	S	61
NC_045512.2	26426	G	T	14479	6876	49	7	7	32	0.000482892	14496	0.960756	FALSE	E:cds-YP_009724392.1	CGT	R	CTT	L	61
NC_045512.2	26426	G	C	14479	6876	49	10	9	31	0.000689845	14496	0.846131	FALSE	E:cds-YP_009724392.1	CGT	R	CCT	P	61
NC_045512.2	26427	T	G	14387	7116	48	9	9	32	0.000624826	14404	0.894858	FALSE	E:cds-YP_009724392.1	CGT	R	CGG	R	61
NC_045512.2	26427	T	C	14387	7116	48	7	6	36	0.000485976	14404	0.960756	FALSE	E:cds-YP_009724392.1	CGT	R	CGC	R	61
NC_045512.2	26427	T	A	14387	7116	48	1	1	34	6.94252e-05	14404	0.999969	FALSE	E:cds-YP_009724392.1	CGT	R	CGA	R	61
NC_045512.2	26428	G	T	14389	7060	48	7	7	30	0.00048601	14403	0.960796	FALSE	E:cds-YP_009724392.1	GTT	V	TTT	F	62
NC_045512.2	26428	G	C	14389	7060	48	6	6	32	0.00041658	14403	0.979286	FALSE	E:cds-YP_009724392.1	GTT	V	CTT	L	62
NC_045512.2	26428	G	A	14389	7060	48	1	0	46	6.943e-05	14403	0.7498	FALSE	E:cds-YP_009724392.1	GTT	V	ATT	I	62
NC_045512.2	26429	T	G	14088	6818	47	12	11	32	0.000851003	14101	0.721493	FALSE	E:cds-YP_009724392.1	GTT	V	GGT	G	62
NC_045512.2	26429	T	A	14088	6818	47	1	1	34	7.0917e-05	14101	0.999969	FALSE	E:cds-YP_009724392.1	GTT	V	GAT	D	62
NC_045512.2	26430	T	G	14361	7100	49	6	6	34	0.000417537	14370	0.979325	FALSE	E:cds-YP_009724392.1	GTT	V	GTG	V	62
NC_045512.2	26430	T	C	14361	7100	49	1	0	34	6.95894e-05	14370	0.999969	FALSE	E:cds-YP_009724392.1	GTT	V	GTC	V	62
NC_045512.2	26430	T	A	14361	7100	49	2	2	34	0.000139179	14370	0.999741	FALSE	E:cds-YP_009724392.1	GTT	V	GTA	V	62
NC_045512.2	26430	T	-A	14361	7100	49	1	0	20	6.95894e-05	14370	1	FALSE	NA	NA	NA	NA	NA	NA
NC_045512.2	26431	A	T	14100	7063	48	11	10	32	0.000779147	14118	0.787563	FALSE	E:cds-YP_009724392.1	AAA	K	TAA	*	63
NC_045512.2	26431	A	G	14100	7063	48	6	6	34	0.000424989	14118	0.979246	FALSE	E:cds-YP_009724392.1	AAA	K	GAA	E	63
NC_045512.2	26431	A	C	14100	7063	48	1	1	34	7.08316e-05	14118	0.999969	FALSE	E:cds-YP_009724392.1	AAA	K	CAA	Q	63
NC_045512.2	26432	A	T	14269	7143	48	9	9	31	0.000630164	14282	0.89498	FALSE	E:cds-YP_009724392.1	AAA	K	ATA	I	63
NC_045512.2	26432	A	G	14269	7143	48	3	3	31	0.000210055	14282	0.998823	FALSE	E:cds-YP_009724392.1	AAA	K	AGA	R	63
NC_045512.2	26432	A	C	14269	7143	48	1	1	34	7.00182e-05	14282	0.999969	FALSE	E:cds-YP_009724392.1	AAA	K	ACA	T	63
NC_045512.2	26433	A	T	14320	7156	49	9	9	34	0.000627965	14332	0.895011	FALSE	E:cds-YP_009724392.1	AAA	K	AAT	N	63
NC_045512.2	26433	A	G	14320	7156	49	3	2	43	0.000209322	14332	0.312278	FALSE	E:cds-YP_009724392.1	AAA	K	AAG	K	63
NC_045512.2	26434	A	T	14241	7248	48	4	4	32	0.000280741	14248	0.996237	FALSE	E:cds-YP_009724392.1	AAT	N	TAT	Y	64
NC_045512.2	26434	A	G	14241	7248	48	2	1	34	0.000140371	14248	0.999741	FALSE	E:cds-YP_009724392.1	AAT	N	GAT	D	64
NC_045512.2	26434	A	C	14241	7248	48	1	1	34	7.01853e-05	14248	0.99997	FALSE	E:cds-YP_009724392.1	AAT	N	CAT	H	64
NC_045512.2	26435	A	T	14307	7526	48	1	1	26	6.98666e-05	14313	1	FALSE	E:cds-YP_009724392.1	AAT	N	ATT	I	64
NC_045512.2	26435	A	G	14307	7526	48	3	3	34	0.0002096	14313	0.998827	FALSE	E:cds-YP_009724392.1	AAT	N	AGT	S	64
NC_045512.2	26435	A	C	14307	7526	48	2	1	29	0.000139733	14313	1	FALSE	E:cds-YP_009724392.1	AAT	N	ACT	T	64
NC_045512.2	26436	T	C	14305	7498	48	1	1	34	6.9847e-05	14317	0.999969	FALSE	E:cds-YP_009724392.1	AAT	N	AAC	N	64
NC_045512.2	26436	T	A	14305	7498	48	11	11	32	0.000768317	14317	0.787924	FALSE	E:cds-YP_009724392.1	AAT	N	AAA	K	64
NC_045512.2	26437	C	T	14256	7545	48	7	7	31	0.000490368	14275	0.960728	FALSE	E:cds-YP_009724392.1	CTG	L	TTG	L	65
NC_045512.2	26437	C	G	14256	7545	48	3	3	34	0.000210158	14275	0.99882	FALSE	E:cds-YP_009724392.1	CTG	L	GTG	V	65
NC_045512.2	26437	C	A	14256	7545	48	9	8	32	0.000630473	14275	0.894796	FALSE	E:cds-YP_009724392.1	CTG	L	ATG	M	65
NC_045512.2	26438	T	G	14321	7555	48	1	1	26	6.97545e-05	14336	1	FALSE	E:cds-YP_009724392.1	CTG	L	CGG	R	65
NC_045512.2	26438	T	C	14321	7555	48	7	7	32	0.000488281	14336	0.960782	FALSE	E:cds-YP_009724392.1	CTG	L	CCG	P	65
NC_045512.2	26438	T	A	14321	7555	48	7	7	34	0.000488281	14336	0.960782	FALSE	E:cds-YP_009724392.1	CTG	L	CAG	Q	65
NC_045512.2	26439	G	T	14294	7513	48	12	12	32	0.000838164	14317	0.720888	FALSE	E:cds-YP_009724392.1	CTG	L	CTT	L	65
NC_045512.2	26439	G	C	14294	7513	48	7	7	34	0.000488929	14317	0.960674	FALSE	E:cds-YP_009724392.1	CTG	L	CTC	L	65
NC_045512.2	26439	G	A	14294	7513	48	4	4	34	0.000279388	14317	0.996211	FALSE	E:cds-YP_009724392.1	CTG	L	CTA	L	65
NC_045512.2	26440	A	T	14354	7552	48	6	6	34	0.000417507	14371	0.979263	FALSE	E:cds-YP_009724392.1	AAT	N	TAT	Y	66
NC_045512.2	26440	A	G	14354	7552	48	6	5	32	0.000417507	14371	0.979263	FALSE	E:cds-YP_009724392.1	AAT	N	GAT	D	66
NC_045512.2	26440	A	C	14354	7552	48	5	5	30	0.000347923	14371	0.990371	FALSE	E:cds-YP_009724392.1	AAT	N	CAT	H	66
NC_045512.2	26441	A	T	14206	7565	48	5	5	34	0.000351692	14217	0.990395	FALSE	E:cds-YP_009724392.1	AAT	N	ATT	I	66
NC_045512.2	26441	A	G	14206	7565	48	4	4	32	0.000281353	14217	0.99623	FALSE	E:cds-YP_009724392.1	AAT	N	AGT	S	66
NC_045512.2	26441	A	C	14206	7565	48	2	2	30	0.000140677	14217	0.99974	FALSE	E:cds-YP_009724392.1	AAT	N	ACT	T	66
NC_045512.2	26442	T	G	14365	7645	48	6	6	32	0.000417072	14386	0.979232	FALSE	E:cds-YP_009724392.1	AAT	N	AAG	K	66
NC_045512.2	26442	T	C	14365	7645	48	3	3	31	0.000208536	14386	0.998819	FALSE	E:cds-YP_009724392.1	AAT	N	AAC	N	66
NC_045512.2	26442	T	A	14365	7645	48	12	10	35	0.000834144	14386	0.721011	FALSE	E:cds-YP_009724392.1	AAT	N	AAA	K	66
NC_045512.2	26443	T	G	14259	7587	48	1	1	27	7.00673e-05	14272	1	FALSE	E:cds-YP_009724392.1	TCT	S	GCT	A	67
NC_045512.2	26443	T	C	14259	7587	48	2	1	36	0.000140135	14272	0.99974	FALSE	E:cds-YP_009724392.1	TCT	S	CCT	P	67
NC_045512.2	26443	T	A	14259	7587	48	10	10	32	0.000700673	14272	0.846292	FALSE	E:cds-YP_009724392.1	TCT	S	ACT	T	67
NC_045512.2	26444	C	T	15367	7780	48	10	10	32	0.000650026	15384	0.885143	FALSE	E:cds-YP_009724392.1	TCT	S	TTT	F	67
NC_045512.2	26444	C	G	15367	7780	48	1	1	34	6.50026e-05	15384	0.999985	FALSE	E:cds-YP_009724392.1	TCT	S	TGT	C	67
NC_045512.2	26444	C	A	15367	7780	48	6	6	32	0.000390016	15384	0.986673	FALSE	E:cds-YP_009724392.1	TCT	S	TAT	Y	67
NC_045512.2	26445	T	G	15348	7685	48	1	1	34	6.51084e-05	15359	0.999985	FALSE	E:cds-YP_009724392.1	TCT	S	TCG	S	67
NC_045512.2	26445	T	C	15348	7685	48	8	7	31	0.000520867	15359	0.953461	FALSE	E:cds-YP_009724392.1	TCT	S	TCC	S	67
NC_045512.2	26445	T	A	15348	7685	48	2	2	34	0.000130217	15359	0.999863	FALSE	E:cds-YP_009724392.1	TCT	S	TCA	S	67
NC_045512.2	26446	T	G	15000	7555	48	1	0	26	6.66223e-05	15010	1	FALSE	E:cds-YP_009724392.1	TCT	S	GCT	A	68
NC_045512.2	26446	T	C	15000	7555	48	6	5	34	0.000399734	15010	0.986709	FALSE	E:cds-YP_009724392.1	TCT	S	CCT	P	68
NC_045512.2	26446	T	A	15000	7555	48	3	3	34	0.000199867	15010	0.999344	FALSE	E:cds-YP_009724392.1	TCT	S	ACT	T	68
NC_045512.2	26447	C	T	15398	8194	49	7	7	32	0.000454339	15407	0.973793	FALSE	E:cds-YP_009724392.1	TCT	S	TTT	F	68
NC_045512.2	26447	C	G	15398	8194	49	1	1	34	6.49056e-05	15407	0.999985	FALSE	E:cds-YP_009724392.1	TCT	S	TGT	C	68
NC_045512.2	26447	C	A	15398	8194	49	1	1	34	6.49056e-05	15407	0.999985	FALSE	E:cds-YP_009724392.1	TCT	S	TAT	Y	68
NC_045512.2	26448	T	C	15431	8165	49	7	7	37	0.000453427	15438	0.973811	FALSE	E:cds-YP_009724392.1	TCT	S	TCC	S	68
NC_045512.2	26449	A	T	15471	8195	49	9	9	35	0.000581058	15489	0.924103	FALSE	E:cds-YP_009724392.1	AGA	R	TGA	*	69
NC_045512.2	26449	A	G	15471	8195	49	4	2	38	0.000258248	15489	0.997781	FALSE	E:cds-YP_009724392.1	AGA	R	GGA	G	69
NC_045512.2	26449	A	C	15471	8195	49	5	5	32	0.00032281	15489	0.994075	FALSE	E:cds-YP_009724392.1	AGA	R	CGA	R	69
NC_045512.2	26450	G	T	15470	8221	49	8	8	31	0.000516562	15487	0.95337	FALSE	E:cds-YP_009724392.1	AGA	R	ATA	I	69
NC_045512.2	26450	G	C	15470	8221	49	4	4	32	0.000258281	15487	0.997782	FALSE	E:cds-YP_009724392.1	AGA	R	ACA	T	69
NC_045512.2	26450	G	A	15470	8221	49	5	5	34	0.000322851	15487	0.994078	FALSE	E:cds-YP_009724392.1	AGA	R	AAA	K	69
NC_045512.2	26451	A	T	14950	8155	47	8	7	32	0.000534616	14964	0.933069	FALSE	E:cds-YP_009724392.1	AGA	R	AGT	S	69
NC_045512.2	26451	A	G	14950	8155	47	6	5	32	0.000400962	14964	0.979287	FALSE	E:cds-YP_009724392.1	AGA	R	AGG	R	69
NC_045512.2	26452	G	T	15743	8210	49	1	1	26	6.34639e-05	15757	1	FALSE	E:cds-YP_009724392.1	GTT	V	TTT	F	70
NC_045512.2	26452	G	C	15743	8210	49	2	2	34	0.000126928	15757	0.999862	FALSE	E:cds-YP_009724392.1	GTT	V	CTT	L	70
NC_045512.2	26452	G	A	15743	8210	49	11	11	33	0.000698102	15757	0.83655	FALSE	E:cds-YP_009724392.1	GTT	V	ATT	I	70
NC_045512.2	26453	T	G	14367	6977	48	13	11	31	0.000903656	14386	0.649176	FALSE	E:cds-YP_009724392.1	GTT	V	GGT	G	70
NC_045512.2	26453	T	C	14367	6977	48	2	2	34	0.000139024	14386	0.999739	FALSE	E:cds-YP_009724392.1	GTT	V	GCT	A	70
NC_045512.2	26453	T	A	14367	6977	48	4	4	34	0.000278048	14386	0.996217	FALSE	E:cds-YP_009724392.1	GTT	V	GAT	D	70
NC_045512.2	26454	T	G	14603	7239	49	4	4	34	0.000273691	14615	0.996229	FALSE	E:cds-YP_009724392.1	GTT	V	GTG	V	70
NC_045512.2	26454	T	C	14603	7239	49	5	5	30	0.000342114	14615	0.990391	FALSE	E:cds-YP_009724392.1	GTT	V	GTC	V	70
NC_045512.2	26454	T	A	14603	7239	49	3	3	34	0.000205269	14615	0.998824	FALSE	E:cds-YP_009724392.1	GTT	V	GTA	V	70
NC_045512.2	26455	C	T	14490	7233	49	10	10	33	0.000689417	14505	0.846211	FALSE	E:cds-YP_009724392.1	CCT	P	TCT	S	71
NC_045512.2	26455	C	G	14490	7233	49	5	5	34	0.000344709	14505	0.990379	FALSE	E:cds-YP_009724392.1	CCT	P	GCT	A	71
NC_045512.2	26456	C	T	14540	7396	49	11	11	33	0.000755806	14554	0.787822	FALSE	E:cds-YP_009724392.1	CCT	P	CTT	L	71
NC_045512.2	26456	C	G	14540	7396	49	2	1	34	0.000137419	14554	0.99974	FALSE	E:cds-YP_009724392.1	CCT	P	CGT	R	71
NC_045512.2	26456	C	A	14540	7396	49	1	0	26	6.87096e-05	14554	1	FALSE	E:cds-YP_009724392.1	CCT	P	CAT	H	71
NC_045512.2	26457	T	G	14715	7463	50	1	1	26	6.78887e-05	14730	1	FALSE	E:cds-YP_009724392.1	CCT	P	CCG	P	71
NC_045512.2	26457	T	C	14715	7463	50	11	11	31	0.000746775	14730	0.787772	FALSE	E:cds-YP_009724392.1	CCT	P	CCC	P	71
NC_045512.2	26457	T	A	14715	7463	50	3	3	45	0.000203666	14730	0.312207	FALSE	E:cds-YP_009724392.1	CCT	P	CCA	P	71
NC_045512.2	26458	G	T	14676	7429	50	5	5	34	0.000340275	14694	0.990368	FALSE	E:cds-YP_009724392.1	GAT	D	TAT	Y	72
NC_045512.2	26458	G	C	14676	7429	50	10	10	33	0.00068055	14694	0.846093	FALSE	E:cds-YP_009724392.1	GAT	D	CAT	H	72
NC_045512.2	26458	G	A	14676	7429	50	3	2	45	0.000204165	14694	0.31213	FALSE	E:cds-YP_009724392.1	GAT	D	AAT	N	72
NC_045512.2	26459	A	T	14696	7469	50	6	6	34	0.000407858	14711	0.979279	FALSE	E:cds-YP_009724392.1	GAT	D	GTT	V	72
NC_045512.2	26459	A	G	14696	7469	50	6	6	39	0.000407858	14711	0.979279	FALSE	E:cds-YP_009724392.1	GAT	D	GGT	G	72
NC_045512.2	26459	A	C	14696	7469	50	3	3	34	0.000203929	14711	0.998822	FALSE	E:cds-YP_009724392.1	GAT	D	GCT	A	72
NC_045512.2	26460	T	G	14570	7327	49	5	4	29	0.000342936	14580	1	FALSE	E:cds-YP_009724392.1	GAT	D	GAG	E	72
NC_045512.2	26460	T	C	14570	7327	49	2	2	30	0.000137174	14580	0.999741	FALSE	E:cds-YP_009724392.1	GAT	D	GAC	D	72
NC_045512.2	26460	T	A	14570	7327	49	3	3	34	0.000205761	14580	0.998825	FALSE	E:cds-YP_009724392.1	GAT	D	GAA	E	72
NC_045512.2	26461	C	T	14832	7313	50	6	6	32	0.000404095	14848	0.979272	FALSE	E:cds-YP_009724392.1	CTT	L	TTT	F	73
NC_045512.2	26461	C	G	14832	7313	50	6	4	30	0.000404095	14848	0.979272	FALSE	E:cds-YP_009724392.1	CTT	L	GTT	V	73
NC_045512.2	26461	C	A	14832	7313	50	4	4	34	0.000269397	14848	0.996222	FALSE	E:cds-YP_009724392.1	CTT	L	ATT	I	73
NC_045512.2	26462	T	G	14795	7251	50	1	0	26	6.75356e-05	14807	1	FALSE	E:cds-YP_009724392.1	CTT	L	CGT	R	73
NC_045512.2	26462	T	C	14795	7251	50	8	6	38	0.000540285	14807	0.93311	FALSE	E:cds-YP_009724392.1	CTT	L	CCT	P	73
NC_045512.2	26462	T	A	14795	7251	50	3	2	34	0.000202607	14807	0.998824	FALSE	E:cds-YP_009724392.1	CTT	L	CAT	H	73
NC_045512.2	26463	T	G	14734	7220	49	3	2	30	0.0002035	14742	0.998826	FALSE	E:cds-YP_009724392.1	CTT	L	CTG	L	73
NC_045512.2	26463	T	C	14734	7220	49	5	5	39	0.000339167	14742	0.990406	FALSE	E:cds-YP_009724392.1	CTT	L	CTC	L	73
NC_045512.2	26464	C	T	14706	7329	50	10	10	32	0.000679394	14719	0.846292	FALSE	E:cds-YP_009724392.1	CTG	L	TTG	L	74
NC_045512.2	26464	C	G	14706	7329	50	2	1	30	0.000135879	14719	0.99974	FALSE	E:cds-YP_009724392.1	CTG	L	GTG	V	74
NC_045512.2	26464	C	A	14706	7329	50	1	1	27	6.79394e-05	14719	1	FALSE	E:cds-YP_009724392.1	CTG	L	ATG	M	74
NC_045512.2	26465	T	G	14744	7336	50	3	2	30	0.000203321	14755	0.998825	FALSE	E:cds-YP_009724392.1	CTG	L	CGG	R	74
NC_045512.2	26465	T	C	14744	7336	50	7	7	34	0.000474415	14755	0.960836	FALSE	E:cds-YP_009724392.1	CTG	L	CCG	P	74
NC_045512.2	26465	T	A	14744	7336	50	1	1	34	6.77736e-05	14755	0.999969	FALSE	E:cds-YP_009724392.1	CTG	L	CAG	Q	74
NC_045512.2	26465	T	-G	14744	7336	50	1	0	20	6.77736e-05	14755	1	FALSE	NA	NA	NA	NA	NA	NA
NC_045512.2	26466	G	T	15310	7262	49	11	11	32	0.000717641	15328	0.836344	FALSE	E:cds-YP_009724392.1	CTG	L	CTT	L	74
NC_045512.2	26466	G	C	15310	7262	49	4	4	34	0.00026096	15328	0.99778	FALSE	E:cds-YP_009724392.1	CTG	L	CTC	L	74
NC_045512.2	26466	G	A	15310	7262	49	3	3	28	0.00019572	15328	1	FALSE	E:cds-YP_009724392.1	CTG	L	CTA	L	74
NC_045512.2	26467	G	T	15494	7435	49	6	5	34	0.000386947	15506	0.986698	FALSE	E:cds-YP_009724392.1	GTC	V	TTC	F	75
NC_045512.2	26467	G	C	15494	7435	49	3	3	34	0.000193473	15506	0.999343	FALSE	E:cds-YP_009724392.1	GTC	V	CTC	L	75
NC_045512.2	26467	G	A	15494	7435	49	3	3	45	0.000193473	15506	0.312294	FALSE	E:cds-YP_009724392.1	GTC	V	ATC	I	75
NC_045512.2	26468	T	G	15299	7305	49	11	10	31	0.000718344	15313	0.836551	FALSE	E:cds-YP_009724392.1	GTC	V	GGC	G	75
NC_045512.2	26468	T	A	15299	7305	49	3	3	34	0.000195912	15313	0.999343	FALSE	E:cds-YP_009724392.1	GTC	V	GAC	D	75
NC_045512.2	26469	C	T	15353	7516	49	5	5	34	0.000325415	15365	0.99409	FALSE	E:cds-YP_009724392.1	GTC	V	GTT	V	75
NC_045512.2	26469	C	G	15353	7516	49	4	4	30	0.000260332	15365	0.997787	FALSE	E:cds-YP_009724392.1	GTC	V	GTG	V	75
NC_045512.2	26469	C	A	15353	7516	49	3	3	31	0.000195249	15365	0.999343	FALSE	E:cds-YP_009724392.1	GTC	V	GTA	V	75
NC_045512.2	26470	T	G	14893	7168	49	5	5	30	0.000335435	14906	0.990387	FALSE	E:cds-YP_009724392.1	TAA	*	GAA	E	76
NC_045512.2	26470	T	C	14893	7168	49	8	8	33	0.000536697	14906	0.93309	FALSE	E:cds-YP_009724392.1	TAA	*	CAA	Q	76
NC_045512.2	26471	A	T	14942	7133	49	9	9	33	0.000601765	14956	0.894951	FALSE	E:cds-YP_009724392.1	TAA	*	TTA	L	76
NC_045512.2	26471	A	C	14942	7133	49	5	5	34	0.000334314	14956	0.990383	FALSE	E:cds-YP_009724392.1	TAA	*	TCA	S	76
NC_045512.2	26472	A	T	14965	7217	49	6	6	32	0.000400614	14977	0.979302	FALSE	E:cds-YP_009724392.1	TAA	*	TAT	Y	76
NC_045512.2	26472	A	G	14965	7217	49	1	0	34	6.6769e-05	14977	0.999969	FALSE	E:cds-YP_009724392.1	TAA	*	TAG	*	76
NC_045512.2	26472	A	C	14965	7217	49	5	5	34	0.000333845	14977	0.990391	FALSE	E:cds-YP_009724392.1	TAA	*	TAC	Y	76
NC_045512.2	26473	A	T	14738	7498	49	5	5	32	0.000339098	14745	0.99041	FALSE	NA	NA	NA	NA	NA	NA
NC_045512.2	26473	A	C	14738	7498	49	2	2	30	0.000135639	14745	0.999741	FALSE	NA	NA	NA	NA	NA	NA
NC_045512.2	26474	C	T	14942	7476	50	1	1	34	6.68583e-05	14957	0.999969	FALSE	NA	NA	NA	NA	NA	NA
NC_045512.2	26474	C	G	14942	7476	50	1	0	34	6.68583e-05	14957	0.999969	FALSE	NA	NA	NA	NA	NA	NA
NC_045512.2	26474	C	A	14942	7476	50	13	13	32	0.000869158	14957	0.649446	FALSE	NA	NA	NA	NA	NA	NA
NC_045512.2	26475	G	T	14134	6772	50	2	2	34	0.000141383	14146	0.99974	FALSE	NA	NA	NA	NA	NA	NA
NC_045512.2	26475	G	C	14134	6772	50	3	3	31	0.000212074	14146	0.998824	FALSE	NA	NA	NA	NA	NA	NA
NC_045512.2	26475	G	A	14134	6772	50	7	7	37	0.00049484	14146	0.960823	FALSE	NA	NA	NA	NA	NA	NA
NC_045512.2	26476	A	T	14269	6786	50	1	1	34	7.00378e-05	14278	0.999969	FALSE	NA	NA	NA	NA	NA	NA
NC_045512.2	26476	A	G	14269	6786	50	5	4	30	0.000350189	14278	0.990402	FALSE	NA	NA	NA	NA	NA	NA
NC_045512.2	26476	A	C	14269	6786	50	3	3	31	0.000210113	14278	0.998826	FALSE	NA	NA	NA	NA	NA	NA
NC_045512.2	26477	A	T	13853	6844	48	2	2	30	0.000144248	13865	0.999511	FALSE	NA	NA	NA	NA	NA	NA
NC_045512.2	26477	A	G	13853	6844	48	6	3	37	0.000432744	13865	0.968205	FALSE	NA	NA	NA	NA	NA	NA
NC_045512.2	26477	A	C	13853	6844	48	4	4	28	0.000288496	13865	1	FALSE	NA	NA	NA	NA	NA	NA
NC_045512.2	26478	C	T	14232	7026	50	5	4	40	0.000350976	14246	0.109219	FALSE	NA	NA	NA	NA	NA	NA
NC_045512.2	26478	C	G	14232	7026	50	2	2	34	0.00014039	14246	0.99974	FALSE	NA	NA	NA	NA	NA	NA
NC_045512.2	26478	C	A	14232	7026	50	7	6	33	0.000491366	14246	0.960796	FALSE	NA	NA	NA	NA	NA	NA
NC_045512.2	26479	T	G	14280	7085	50	1	0	27	6.99643e-05	14293	1	FALSE	NA	NA	NA	NA	NA	NA
NC_045512.2	26479	T	C	14280	7085	50	4	4	34	0.000279857	14293	0.996227	FALSE	NA	NA	NA	NA	NA	NA
NC_045512.2	26479	T	A	14280	7085	50	8	8	33	0.000559715	14293	0.933089	FALSE	NA	NA	NA	NA	NA	NA
NC_045512.2	26480	A	T	14323	7091	50	3	3	34	0.000209336	14331	0.998826	FALSE	NA	NA	NA	NA	NA	NA
NC_045512.2	26480	A	G	14323	7091	50	1	0	24	6.97788e-05	14331	1	FALSE	NA	NA	NA	NA	NA	NA
NC_045512.2	26480	A	C	14323	7091	50	4	4	28	0.000279115	14331	1	FALSE	NA	NA	NA	NA	NA	NA
NC_045512.2	26481	A	T	14192	7119	49	2	2	34	0.000140825	14202	0.999741	FALSE	NA	NA	NA	NA	NA	NA
NC_045512.2	26481	A	G	14192	7119	49	2	2	34	0.000140825	14202	0.999741	FALSE	NA	NA	NA	NA	NA	NA
NC_045512.2	26481	A	C	14192	7119	49	6	5	31	0.000422476	14202	0.979317	FALSE	NA	NA	NA	NA	NA	NA
NC_045512.2	26482	A	T	14522	7180	50	4	4	34	0.00027533	14528	0.996238	FALSE	NA	NA	NA	NA	NA	NA
NC_045512.2	26482	A	G	14522	7180	50	2	2	47	0.000137665	14528	0.499923	FALSE	NA	NA	NA	NA	NA	NA
NC_045512.2	26482	A	+T	14522	7180	50	1	0	20	6.88326e-05	14528	1	FALSE	NA	NA	NA	NA	NA	NA
NC_045512.2	26483	T	A	14439	7091	49	10	9	32	0.000692089	14449	0.846413	FALSE	NA	NA	NA	NA	NA	NA
NC_045512.2	26484	A	T	14307	7198	49	6	5	32	0.000419199	14313	0.979348	FALSE	NA	NA	NA	NA	NA	NA
NC_045512.2	26485	T	C	14344	7045	49	1	1	27	6.96767e-05	14352	1	FALSE	NA	NA	NA	NA	NA	NA
NC_045512.2	26485	T	A	14344	7045	49	7	7	34	0.000487737	14352	0.960877	FALSE	NA	NA	NA	NA	NA	NA
NC_045512.2	26486	T	C	14331	7183	49	3	3	31	0.000209234	14338	0.998827	FALSE	NA	NA	NA	NA	NA	NA
NC_045512.2	26486	T	A	14331	7183	49	4	4	32	0.000278979	14338	0.996237	FALSE	NA	NA	NA	NA	NA	NA
NC_045512.2	26487	A	T	14367	7331	49	9	8	32	0.000625869	14380	0.89498	FALSE	NA	NA	NA	NA	NA	NA
NC_045512.2	26487	A	G	14367	7331	49	2	2	29	0.000139082	14380	1	FALSE	NA	NA	NA	NA	NA	NA
NC_045512.2	26487	A	C	14367	7331	49	2	2	30	0.000139082	14380	0.99974	FALSE	NA	NA	NA	NA	NA	NA
NC_045512.2	26488	T	G	14100	6898	48	1	1	34	7.08868e-05	14107	0.99997	FALSE	NA	NA	NA	NA	NA	NA
NC_045512.2	26488	T	C	14100	6898	48	2	2	34	0.000141774	14107	0.999741	FALSE	NA	NA	NA	NA	NA	NA
NC_045512.2	26488	T	A	14100	6898	48	4	4	32	0.000283547	14107	0.996237	FALSE	NA	NA	NA	NA	NA	NA
NC_045512.2	26489	A	T	14210	7266	49	8	8	34	0.000562627	14219	0.933175	FALSE	NA	NA	NA	NA	NA	NA
NC_045512.2	26489	A	C	14210	7266	49	1	1	26	7.03284e-05	14219	1	FALSE	NA	NA	NA	NA	NA	NA
NC_045512.2	26490	T	G	14230	7144	49	1	0	34	7.02297e-05	14239	0.999969	FALSE	NA	NA	NA	NA	NA	NA
NC_045512.2	26490	T	C	14230	7144	49	1	1	34	7.02297e-05	14239	0.999969	FALSE	NA	NA	NA	NA	NA	NA
NC_045512.2	26490	T	A	14230	7144	49	7	7	34	0.000491608	14239	0.960864	FALSE	NA	NA	NA	NA	NA	NA
NC_045512.2	26491	T	G	14076	7089	49	4	2	26	0.00028399	14085	1	FALSE	NA	NA	NA	NA	NA	NA
NC_045512.2	26491	T	C	14076	7089	49	2	2	34	0.000141995	14085	0.999741	FALSE	NA	NA	NA	NA	NA	NA
NC_045512.2	26491	T	A	14076	7089	49	3	3	31	0.000212993	14085	0.998826	FALSE	NA	NA	NA	NA	NA	NA
NC_045512.2	26492	A	T	13784	7184	48	10	9	32	0.000724795	13797	0.797564	FALSE	NA	NA	NA	NA	NA	NA
NC_045512.2	26492	A	G	13784	7184	48	3	1	45	0.000217439	13797	0.312242	FALSE	NA	NA	NA	NA	NA	NA
NC_045512.2	26493	G	T	14057	7414	48	7	7	32	0.000497512	14070	0.960809	FALSE	NA	NA	NA	NA	NA	NA
NC_045512.2	26493	G	C	14057	7414	48	1	1	34	7.10732e-05	14070	0.999969	FALSE	NA	NA	NA	NA	NA	NA
NC_045512.2	26493	G	A	14057	7414	48	5	5	34	0.000355366	14070	0.990387	FALSE	NA	NA	NA	NA	NA	NA
NC_045512.2	26494	T	G	13592	7048	47	8	6	30	0.000588062	13604	0.905376	FALSE	NA	NA	NA	NA	NA	NA
NC_045512.2	26494	T	C	13592	7048	47	1	0	34	7.35078e-05	13604	0.999939	FALSE	NA	NA	NA	NA	NA	NA
NC_045512.2	26494	T	A	13592	7048	47	3	3	31	0.000220523	13604	0.997907	FALSE	NA	NA	NA	NA	NA	NA
NC_045512.2	26495	T	G	14057	7526	48	4	3	30	0.000284333	14068	0.99623	FALSE	NA	NA	NA	NA	NA	NA
NC_045512.2	26495	T	C	14057	7526	48	1	1	26	7.10833e-05	14068	1	FALSE	NA	NA	NA	NA	NA	NA
NC_045512.2	26495	T	A	14057	7526	48	6	6	34	0.0004265	14068	0.979309	FALSE	NA	NA	NA	NA	NA	NA
NC_045512.2	26496	T	G	13906	7443	48	5	5	30	0.000359324	13915	0.984567	FALSE	NA	NA	NA	NA	NA	NA
NC_045512.2	26496	T	C	13906	7443	48	3	3	30	0.000215595	13915	0.99791	FALSE	NA	NA	NA	NA	NA	NA
NC_045512.2	26496	T	A	13906	7443	48	1	1	34	7.18649e-05	13915	0.999939	FALSE	NA	NA	NA	NA	NA	NA
NC_045512.2	26497	T	C	13900	7469	48	2	1	30	0.000143854	13903	0.999513	FALSE	NA	NA	NA	NA	NA	NA
NC_045512.2	26497	T	A	13900	7469	48	1	1	34	7.19269e-05	13903	0.999939	FALSE	NA	NA	NA	NA	NA	NA
NC_045512.2	26498	T	C	13884	7479	48	1	1	68	7.20098e-05	13887	0.499982	FALSE	NA	NA	NA	NA	NA	NA
NC_045512.2	26498	T	A	13884	7479	48	2	2	34	0.00014402	13887	0.999513	FALSE	NA	NA	NA	NA	NA	NA
NC_045512.2	26499	C	T	13791	7476	48	12	12	33	0.00086925	13805	0.654981	FALSE	NA	NA	NA	NA	NA	NA
NC_045512.2	26499	C	G	13791	7476	48	1	1	34	7.24375e-05	13805	0.999939	FALSE	NA	NA	NA	NA	NA	NA
NC_045512.2	26499	C	A	13791	7476	48	1	1	34	7.24375e-05	13805	0.999939	FALSE	NA	NA	NA	NA	NA	NA
NC_045512.2	26500	T	C	13830	7476	48	4	4	32	0.000289101	13836	0.993648	FALSE	NA	NA	NA	NA	NA	NA
NC_045512.2	26500	T	A	13830	7476	48	2	2	34	0.00014455	13836	0.999512	FALSE	NA	NA	NA	NA	NA	NA
NC_045512.2	26501	G	T	14011	7457	48	13	12	36	0.000926784	14027	0.649377	FALSE	NA	NA	NA	NA	NA	NA
NC_045512.2	26501	G	C	14011	7457	48	3	3	34	0.000213873	14027	0.998822	FALSE	NA	NA	NA	NA	NA	NA
NC_045512.2	26502	T	G	13514	6991	47	6	6	32	0.00044359	13526	0.968204	FALSE	NA	NA	NA	NA	NA	NA
NC_045512.2	26502	T	C	13514	6991	47	6	6	34	0.00044359	13526	0.968204	FALSE	NA	NA	NA	NA	NA	NA
NC_045512.2	26503	T	G	13376	6879	46	2	2	34	0.000149477	13380	0.999513	FALSE	NA	NA	NA	NA	NA	NA
NC_045512.2	26503	T	A	13376	6879	46	2	2	34	0.000149477	13380	0.999513	FALSE	NA	NA	NA	NA	NA	NA
NC_045512.2	26504	T	G	13845	7541	48	5	5	34	0.000360985	13851	0.984585	FALSE	NA	NA	NA	NA	NA	NA
NC_045512.2	26504	T	C	13845	7541	48	1	1	34	7.2197e-05	13851	0.999939	FALSE	NA	NA	NA	NA	NA	NA
NC_045512.2	26505	G	T	13757	7462	48	13	12	35	0.00094367	13776	0.577161	FALSE	NA	NA	NA	NA	NA	NA
NC_045512.2	26505	G	C	13757	7462	48	4	4	30	0.00029036	13776	0.993613	FALSE	NA	NA	NA	NA	NA	NA
NC_045512.2	26505	G	A	13757	7462	48	2	2	51	0.00014518	13776	0.2497	FALSE	NA	NA	NA	NA	NA	NA
NC_045512.2	26506	G	T	13739	7619	48	10	10	32	0.00072722	13751	0.797613	FALSE	NA	NA	NA	NA	NA	NA
NC_045512.2	26506	G	A	13739	7619	48	2	1	34	0.000145444	13751	0.999511	FALSE	NA	NA	NA	NA	NA	NA
NC_045512.2	26507	A	T	13821	7779	48	8	8	34	0.000578076	13839	0.905208	FALSE	NA	NA	NA	NA	NA	NA
NC_045512.2	26507	A	G	13821	7779	48	10	10	40	0.000722596	13839	0.00583805	TRUE	NA	NA	NA	NA	NA	NA
NC_045512.2	26508	A	T	13834	7826	48	1	1	34	7.22282e-05	13845	0.999939	FALSE	NA	NA	NA	NA	NA	NA
NC_045512.2	26508	A	G	13834	7826	48	9	7	33	0.000650054	13845	0.856918	FALSE	NA	NA	NA	NA	NA	NA
NC_045512.2	26508	A	C	13834	7826	48	1	1	34	7.22282e-05	13845	0.999939	FALSE	NA	NA	NA	NA	NA	NA
NC_045512.2	26509	C	T	13961	7863	48	3	3	34	0.000214638	13977	0.997904	FALSE	NA	NA	NA	NA	NA	NA
NC_045512.2	26509	C	G	13961	7863	48	5	5	31	0.000357731	13977	0.984526	FALSE	NA	NA	NA	NA	NA	NA
NC_045512.2	26509	C	A	13961	7863	48	8	8	32	0.000572369	13977	0.905265	FALSE	NA	NA	NA	NA	NA	NA
NC_045512.2	26510	T	G	13692	7643	48	5	4	40	0.000364724	13709	0.109161	FALSE	NA	NA	NA	NA	NA	NA
NC_045512.2	26510	T	C	13692	7643	48	4	4	34	0.000291779	13709	0.993619	FALSE	NA	NA	NA	NA	NA	NA
NC_045512.2	26510	T	A	13692	7643	48	8	8	32	0.000583558	13709	0.905235	FALSE	NA	NA	NA	NA	NA	NA
NC_045512.2	26511	T	G	13639	7635	48	2	2	34	0.000146563	13646	0.999512	FALSE	NA	NA	NA	NA	NA	NA
NC_045512.2	26511	T	C	13639	7635	48	1	1	34	7.32815e-05	13646	0.999939	FALSE	NA	NA	NA	NA	NA	NA
NC_045512.2	26511	T	A	13639	7635	48	4	4	32	0.000293126	13646	0.993645	FALSE	NA	NA	NA	NA	NA	NA
NC_045512.2	26512	T	C	13782	7919	48	6	6	38	0.000435161	13788	0.968272	FALSE	NA	NA	NA	NA	NA	NA
NC_045512.2	26513	A	T	13680	7890	47	12	12	32	0.000876168	13696	0.654845	FALSE	NA	NA	NA	NA	NA	NA
NC_045512.2	26513	A	G	13680	7890	47	1	0	24	7.3014e-05	13696	1	FALSE	NA	NA	NA	NA	NA	NA
NC_045512.2	26513	A	C	13680	7890	47	3	3	34	0.000219042	13696	0.997903	FALSE	NA	NA	NA	NA	NA	NA
NC_045512.2	26514	A	T	13810	8000	47	11	11	33	0.000795833	13822	0.729461	FALSE	NA	NA	NA	NA	NA	NA
NC_045512.2	26514	A	C	13810	8000	47	1	0	34	7.23484e-05	13822	0.999939	FALSE	NA	NA	NA	NA	NA	NA
NC_045512.2	26515	T	G	13890	7993	47	1	1	34	7.19373e-05	13901	0.999939	FALSE	NA	NA	NA	NA	NA	NA
NC_045512.2	26515	T	A	13890	7993	47	10	10	33	0.000719373	13901	0.797662	FALSE	NA	NA	NA	NA	NA	NA
NC_045512.2	26516	T	G	13684	7898	47	3	2	34	0.00021901	13698	0.997905	FALSE	NA	NA	NA	NA	NA	NA
NC_045512.2	26516	T	C	13684	7898	47	2	1	51	0.000146007	13698	0.24979	FALSE	NA	NA	NA	NA	NA	NA
NC_045512.2	26516	T	A	13684	7898	47	9	9	34	0.00065703	13698	0.856802	FALSE	NA	NA	NA	NA	NA	NA
NC_045512.2	26517	T	C	13622	7830	47	1	1	26	7.33676e-05	13630	1	FALSE	NA	NA	NA	NA	NA	NA
NC_045512.2	26517	T	A	13622	7830	47	7	7	34	0.000513573	13630	0.942407	FALSE	NA	NA	NA	NA	NA	NA
NC_045512.2	26518	T	C	13585	7954	47	5	5	32	0.000367918	13590	0.984591	FALSE	NA	NA	NA	NA	NA	NA
NC_045512.2	26519	A	T	13592	7977	47	11	11	31	0.000808526	13605	0.729402	FALSE	NA	NA	NA	NA	NA	NA
NC_045512.2	26519	A	G	13592	7977	47	2	2	34	0.000147005	13605	0.999511	FALSE	NA	NA	NA	NA	NA	NA
NC_045512.2	26520	G	T	13585	7977	47	8	8	33	0.000588235	13600	0.905291	FALSE	NA	NA	NA	NA	NA	NA
NC_045512.2	26520	G	A	13585	7977	47	7	7	34	0.000514706	13600	0.942274	FALSE	NA	NA	NA	NA	NA	NA
NC_045512.2	26521	C	T	13434	8064	46	6	5	38	0.000446063	13451	0.968147	FALSE	NA	NA	NA	NA	NA	NA
NC_045512.2	26521	C	G	13434	8064	46	5	5	34	0.00037172	13451	0.984519	FALSE	NA	NA	NA	NA	NA	NA
NC_045512.2	26521	C	A	13434	8064	46	6	6	32	0.000446063	13451	0.968147	FALSE	NA	NA	NA	NA	NA	NA
NC_045512.2	26522	C	T	13475	8086	47	2	2	51	0.000148302	13486	0.249842	FALSE	NA	NA	NA	NA	NA	NA
NC_045512.2	26522	C	G	13475	8086	47	3	3	31	0.000222453	13486	0.997908	FALSE	NA	NA	NA	NA	NA	NA
NC_045512.2	26522	C	A	13475	8086	47	6	5	34	0.000444906	13486	0.968216	FALSE	NA	NA	NA	NA	NA	NA
NC_045512.2	26523	A	T	13353	7940	47	2	2	34	0.000149589	13370	0.99951	FALSE	M:cds-YP_009724393.1	ATG	M	TTG	L	1
NC_045512.2	26523	A	G	13353	7940	47	6	5	31	0.000448766	13370	0.968146	FALSE	M:cds-YP_009724393.1	ATG	M	GTG	V	1
NC_045512.2	26523	A	C	13353	7940	47	9	9	31	0.000673149	13370	0.856681	FALSE	M:cds-YP_009724393.1	ATG	M	CTG	L	1
NC_045512.2	26524	T	G	13321	8030	46	1	1	34	7.49906e-05	13335	0.999939	FALSE	M:cds-YP_009724393.1	ATG	M	AGG	R	1
NC_045512.2	26524	T	C	13321	8030	46	8	7	34	0.000599925	13335	0.905318	FALSE	M:cds-YP_009724393.1	ATG	M	ACG	T	1
NC_045512.2	26524	T	A	13321	8030	46	5	5	32	0.000374953	13335	0.984537	FALSE	M:cds-YP_009724393.1	ATG	M	AAG	K	1
NC_045512.2	26525	G	T	13297	8051	46	4	4	32	0.000300481	13312	0.993623	FALSE	M:cds-YP_009724393.1	ATG	M	ATT	I	1
NC_045512.2	26525	G	C	13297	8051	46	5	5	30	0.000375601	13312	0.98453	FALSE	M:cds-YP_009724393.1	ATG	M	ATC	I	1
NC_045512.2	26525	G	A	13297	8051	46	6	6	32	0.000450721	13312	0.968169	FALSE	M:cds-YP_009724393.1	ATG	M	ATA	I	1
NC_045512.2	26526	G	T	13284	8178	46	3	3	31	0.000225581	13299	0.997904	FALSE	M:cds-YP_009724393.1	GCA	A	TCA	S	2
NC_045512.2	26526	G	A	13284	8178	46	12	10	34	0.000902323	13299	0.654911	FALSE	M:cds-YP_009724393.1	GCA	A	ACA	T	2
NC_045512.2	26527	C	T	13258	8163	46	7	7	34	0.000527307	13275	0.942233	FALSE	M:cds-YP_009724393.1	GCA	A	GTA	V	2
NC_045512.2	26527	C	G	13258	8163	46	7	7	31	0.000527307	13275	0.942233	FALSE	M:cds-YP_009724393.1	GCA	A	GGA	G	2
NC_045512.2	26527	C	A	13258	8163	46	3	3	29	0.000225989	13275	1	FALSE	M:cds-YP_009724393.1	GCA	A	GAA	E	2
NC_045512.2	26528	A	T	13237	8107	46	2	2	34	0.000150932	13251	0.999511	FALSE	M:cds-YP_009724393.1	GCA	A	GCT	A	2
NC_045512.2	26528	A	G	13237	8107	46	8	8	34	0.000603728	13251	0.905318	FALSE	M:cds-YP_009724393.1	GCA	A	GCG	A	2
NC_045512.2	26528	A	C	13237	8107	46	4	4	30	0.000301864	13251	0.993626	FALSE	M:cds-YP_009724393.1	GCA	A	GCC	A	2
NC_045512.2	26529	G	T	13129	8051	46	1	1	34	7.61151e-05	13138	0.999939	FALSE	M:cds-YP_009724393.1	GAT	D	TAT	Y	3
NC_045512.2	26529	G	C	13129	8051	46	3	3	31	0.000228345	13138	0.99791	FALSE	M:cds-YP_009724393.1	GAT	D	CAT	H	3
NC_045512.2	26529	G	A	13129	8051	46	5	5	34	0.000380575	13138	0.984567	FALSE	M:cds-YP_009724393.1	GAT	D	AAT	N	3
NC_045512.2	26530	A	T	4	4	32	4	3	30	0.00030546	13095	1.35318e-10	TRUE	M:cds-YP_009724393.1	GAT	D	GTT	V	3
NC_045512.2	26530	A	G	4	4	32	13082	8114	46	0.999007	13095	0	TRUE	M:cds-YP_009724393.1	GAT	D	GGT	G	3
NC_045512.2	26530	A	C	4	4	32	5	5	34	0.000381825	13095	3.34558e-13	TRUE	M:cds-YP_009724393.1	GAT	D	GCT	A	3
NC_045512.2	26531	T	G	12870	7898	45	7	7	32	0.000543267	12885	0.916361	FALSE	M:cds-YP_009724393.1	GAT	D	GAG	E	3
NC_045512.2	26531	T	A	12870	7898	45	8	8	33	0.000620877	12885	0.868281	FALSE	M:cds-YP_009724393.1	GAT	D	GAA	E	3
NC_045512.2	26532	T	G	12496	7654	44	5	5	30	0.000399904	12503	0.975507	FALSE	M:cds-YP_009724393.1	TCC	S	GCC	A	4
NC_045512.2	26532	T	C	12496	7654	44	1	1	34	7.99808e-05	12503	0.999878	FALSE	M:cds-YP_009724393.1	TCC	S	CCC	P	4
NC_045512.2	26532	T	A	12496	7654	44	1	1	34	7.99808e-05	12503	0.999878	FALSE	M:cds-YP_009724393.1	TCC	S	ACC	T	4
NC_045512.2	26533	C	T	12783	8196	45	8	8	33	0.000625049	12799	0.868243	FALSE	M:cds-YP_009724393.1	TCC	S	TTC	F	4
NC_045512.2	26533	C	G	12783	8196	45	6	5	31	0.000468787	12799	0.951782	FALSE	M:cds-YP_009724393.1	TCC	S	TGC	C	4
NC_045512.2	26533	C	A	12783	8196	45	2	2	34	0.000156262	12799	0.999081	FALSE	M:cds-YP_009724393.1	TCC	S	TAC	Y	4
NC_045512.2	26534	C	T	12739	8136	45	8	8	33	0.0006275	12749	0.868469	FALSE	M:cds-YP_009724393.1	TCC	S	TCT	S	4
NC_045512.2	26534	C	A	12739	8136	45	2	2	34	0.000156875	12749	0.999084	FALSE	M:cds-YP_009724393.1	TCC	S	TCA	S	4
NC_045512.2	26535	A	T	12761	8060	45	8	8	32	0.000626174	12776	0.86828	FALSE	M:cds-YP_009724393.1	AAC	N	TAC	Y	5
NC_045512.2	26535	A	C	12761	8060	45	7	6	34	0.000547902	12776	0.91636	FALSE	M:cds-YP_009724393.1	AAC	N	CAC	H	5
NC_045512.2	26536	A	T	12621	8076	45	1	1	20	7.91828e-05	12629	1	FALSE	M:cds-YP_009724393.1	AAC	N	ATC	I	5
NC_045512.2	26536	A	C	12621	8076	45	7	7	31	0.00055428	12629	0.916546	FALSE	M:cds-YP_009724393.1	AAC	N	ACC	T	5
NC_045512.2	26537	C	T	12665	8081	45	3	3	34	0.00023663	12678	0.996301	FALSE	M:cds-YP_009724393.1	AAC	N	AAT	N	5
NC_045512.2	26537	C	G	12665	8081	45	2	2	34	0.000157754	12678	0.999082	FALSE	M:cds-YP_009724393.1	AAC	N	AAG	K	5
NC_045512.2	26537	C	A	12665	8081	45	8	7	33	0.000631014	12678	0.868355	FALSE	M:cds-YP_009724393.1	AAC	N	AAA	K	5
NC_045512.2	26537	C	+G	12665	8081	45	1	0	20	7.88768e-05	12678	1	FALSE	NA	NA	NA	NA	NA	NA
NC_045512.2	26538	G	T	12199	7635	45	3	2	34	0.00024566	12212	0.996301	FALSE	M:cds-YP_009724393.1	GGT	G	TGT	C	6
NC_045512.2	26538	G	C	12199	7635	45	3	3	31	0.00024566	12212	0.996301	FALSE	M:cds-YP_009724393.1	GGT	G	CGT	R	6
NC_045512.2	26538	G	A	12199	7635	45	7	7	31	0.000573207	12212	0.916411	FALSE	M:cds-YP_009724393.1	GGT	G	AGT	S	6
NC_045512.2	26538	G	+GTACT	12199	7635	45	1	0	20	8.18867e-05	12212	1	FALSE	NA	NA	NA	NA	NA	NA
NC_045512.2	26539	G	T	12039	7591	45	5	5	32	0.000414938	12050	0.975469	FALSE	M:cds-YP_009724393.1	GGT	G	GTT	V	6
NC_045512.2	26539	G	C	12039	7591	45	2	2	26	0.000165975	12050	1	FALSE	M:cds-YP_009724393.1	GGT	G	GCT	A	6
NC_045512.2	26539	G	A	12039	7591	45	4	4	34	0.00033195	12050	0.989358	FALSE	M:cds-YP_009724393.1	GGT	G	GAT	D	6
NC_045512.2	26540	T	G	11885	7453	45	6	6	31	0.000504414	11895	0.928268	FALSE	M:cds-YP_009724393.1	GGT	G	GGG	G	6
NC_045512.2	26540	T	C	11885	7453	45	4	4	34	0.000336276	11895	0.982415	FALSE	M:cds-YP_009724393.1	GGT	G	GGC	G	6
NC_045512.2	26541	A	T	11826	7385	45	8	8	31	0.00067579	11838	0.82031	FALSE	M:cds-YP_009724393.1	ACT	T	TCT	S	7
NC_045512.2	26541	A	G	11826	7385	45	3	3	31	0.000253421	11838	0.99352	FALSE	M:cds-YP_009724393.1	ACT	T	GCT	A	7
NC_045512.2	26541	A	C	11826	7385	45	1	1	26	8.44737e-05	11838	1	FALSE	M:cds-YP_009724393.1	ACT	T	CCT	P	7
NC_045512.2	26542	C	T	11724	7435	45	7	7	34	0.000595948	11746	0.880641	FALSE	M:cds-YP_009724393.1	ACT	T	ATT	I	7
NC_045512.2	26542	C	G	11724	7435	45	3	3	34	0.000255406	11746	0.993492	FALSE	M:cds-YP_009724393.1	ACT	T	AGT	S	7
NC_045512.2	26542	C	A	11724	7435	45	12	8	40	0.00102162	11746	0.00169766	TRUE	M:cds-YP_009724393.1	ACT	T	AAT	N	7
NC_045512.2	26543	T	G	11035	6682	44	1	1	34	9.05223e-05	11047	0.999755	FALSE	M:cds-YP_009724393.1	ACT	T	ACG	T	7
NC_045512.2	26543	T	C	11035	6682	44	8	7	34	0.000724179	11047	0.820306	FALSE	M:cds-YP_009724393.1	ACT	T	ACC	T	7
NC_045512.2	26543	T	A	11035	6682	44	3	3	34	0.000271567	11047	0.99352	FALSE	M:cds-YP_009724393.1	ACT	T	ACA	T	7
NC_045512.2	26544	A	T	11570	7337	45	5	5	32	0.000431965	11575	0.961658	FALSE	M:cds-YP_009724393.1	ATT	I	TTT	F	8
NC_045512.2	26544	A	-T	11570	7337	45	1	0	20	8.63931e-05	11575	1	FALSE	NA	NA	NA	NA	NA	NA
NC_045512.2	26545	T	G	11503	7203	45	10	6	44	0.000868206	11518	0.00583841	TRUE	M:cds-YP_009724393.1	ATT	I	AGT	S	8
NC_045512.2	26545	T	C	11503	7203	45	3	3	31	0.000260462	11518	0.993509	FALSE	M:cds-YP_009724393.1	ATT	I	ACT	T	8
NC_045512.2	26545	T	A	11503	7203	45	2	2	34	0.000173641	11518	0.998284	FALSE	M:cds-YP_009724393.1	ATT	I	AAT	N	8
NC_045512.2	26546	T	C	11432	7188	45	2	1	51	0.000174886	11436	0.249967	FALSE	M:cds-YP_009724393.1	ATT	I	ATC	I	8
NC_045512.2	26546	T	A	11432	7188	45	2	2	30	0.000174886	11436	0.998294	FALSE	M:cds-YP_009724393.1	ATT	I	ATA	I	8
NC_045512.2	26547	A	T	14888	7902	42	6	6	31	0.000402739	14898	0.979316	FALSE	M:cds-YP_009724393.1	ACC	T	TCC	S	9
NC_045512.2	26547	A	G	14888	7902	42	2	1	51	0.000134246	14898	0.249874	FALSE	M:cds-YP_009724393.1	ACC	T	GCC	A	9
NC_045512.2	26547	A	C	14888	7902	42	2	2	34	0.000134246	14898	0.999741	FALSE	M:cds-YP_009724393.1	ACC	T	CCC	P	9
NC_045512.2	26548	C	T	15529	8265	43	6	6	34	0.000386125	15539	0.986708	FALSE	M:cds-YP_009724393.1	ACC	T	ATC	I	9
NC_045512.2	26548	C	G	15529	8265	43	1	0	34	6.43542e-05	15539	0.999985	FALSE	M:cds-YP_009724393.1	ACC	T	AGC	S	9
NC_045512.2	26548	C	A	15529	8265	43	3	3	34	0.000193063	15539	0.999344	FALSE	M:cds-YP_009724393.1	ACC	T	AAC	N	9
NC_045512.2	26549	C	T	14938	7792	43	4	4	32	0.00026763	14946	0.996235	FALSE	M:cds-YP_009724393.1	ACC	T	ACT	T	9
NC_045512.2	26549	C	G	14938	7792	43	2	2	34	0.000133815	14946	0.999741	FALSE	M:cds-YP_009724393.1	ACC	T	ACG	T	9
NC_045512.2	26549	C	A	14938	7792	43	2	1	30	0.000133815	14946	0.999741	FALSE	M:cds-YP_009724393.1	ACC	T	ACA	T	9
NC_045512.2	26550	G	T	14902	7671	44	1	1	34	6.70511e-05	14914	0.999969	FALSE	M:cds-YP_009724393.1	GTT	V	TTT	F	10
NC_045512.2	26550	G	C	14902	7671	44	6	6	34	0.000402307	14914	0.979302	FALSE	M:cds-YP_009724393.1	GTT	V	CTT	L	10
NC_045512.2	26550	G	A	14902	7671	44	5	5	46	0.000335255	14914	0.109257	FALSE	M:cds-YP_009724393.1	GTT	V	ATT	I	10
NC_045512.2	26551	T	G	14090	6881	43	3	3	34	0.000212796	14098	0.998826	FALSE	M:cds-YP_009724393.1	GTT	V	GGT	G	10
NC_045512.2	26551	T	C	14090	6881	43	4	3	34	0.000283728	14098	0.996235	FALSE	M:cds-YP_009724393.1	GTT	V	GCT	A	10
NC_045512.2	26551	T	A	14090	6881	43	1	1	34	7.0932e-05	14098	0.999969	FALSE	M:cds-YP_009724393.1	GTT	V	GAT	D	10
NC_045512.2	26552	T	G	14468	7251	44	2	0	34	0.000138169	14475	0.999741	FALSE	M:cds-YP_009724393.1	GTT	V	GTG	V	10
NC_045512.2	26552	T	C	14468	7251	44	2	2	30	0.000138169	14475	0.999741	FALSE	M:cds-YP_009724393.1	GTT	V	GTC	V	10
NC_045512.2	26552	T	A	14468	7251	44	3	3	31	0.000207254	14475	0.998827	FALSE	M:cds-YP_009724393.1	GTT	V	GTA	V	10
NC_045512.2	26553	G	T	14419	7221	44	4	4	34	0.000277277	14426	0.996237	FALSE	M:cds-YP_009724393.1	GAA	E	TAA	*	11
NC_045512.2	26553	G	C	14419	7221	44	2	2	34	0.000138639	14426	0.999741	FALSE	M:cds-YP_009724393.1	GAA	E	CAA	Q	11
NC_045512.2	26553	G	A	14419	7221	44	1	1	34	6.93193e-05	14426	0.99997	FALSE	M:cds-YP_009724393.1	GAA	E	AAA	K	11
NC_045512.2	26554	A	T	14344	7331	43	3	3	31	0.000209001	14354	0.998825	FALSE	M:cds-YP_009724393.1	GAA	E	GTA	V	11
NC_045512.2	26554	A	G	14344	7331	43	5	4	32	0.000348335	14354	0.990398	FALSE	M:cds-YP_009724393.1	GAA	E	GGA	G	11
NC_045512.2	26554	A	C	14344	7331	43	2	1	34	0.000139334	14354	0.999741	FALSE	M:cds-YP_009724393.1	GAA	E	GCA	A	11
NC_045512.2	26555	A	T	14514	7375	44	4	4	34	0.000275425	14523	0.996233	FALSE	M:cds-YP_009724393.1	GAA	E	GAT	D	11
NC_045512.2	26555	A	G	14514	7375	44	5	3	34	0.000344281	14523	0.990402	FALSE	M:cds-YP_009724393.1	GAA	E	GAG	E	11
NC_045512.2	26556	G	T	14441	7360	44	5	5	34	0.000345973	14452	0.990395	FALSE	M:cds-YP_009724393.1	GAG	E	TAG	*	12
NC_045512.2	26556	G	C	14441	7360	44	1	1	27	6.91946e-05	14452	1	FALSE	M:cds-YP_009724393.1	GAG	E	CAG	Q	12
NC_045512.2	26556	G	A	14441	7360	44	5	5	34	0.000345973	14452	0.990395	FALSE	M:cds-YP_009724393.1	GAG	E	AAG	K	12
NC_045512.2	26557	A	T	11597	6798	40	3	3	30	0.000258465	11607	0.993526	FALSE	M:cds-YP_009724393.1	GAG	E	GTG	V	12
NC_045512.2	26557	A	G	11597	6798	40	6	4	34	0.000516929	11607	0.928268	FALSE	M:cds-YP_009724393.1	GAG	E	GGG	G	12
NC_045512.2	26557	A	C	11597	6798	40	1	1	26	8.61549e-05	11607	1	FALSE	M:cds-YP_009724393.1	GAG	E	GCG	A	12
NC_045512.2	26558	G	T	14088	6787	44	1	1	34	7.0927e-05	14099	0.999969	FALSE	M:cds-YP_009724393.1	GAG	E	GAT	D	12
NC_045512.2	26558	G	C	14088	6787	44	1	1	34	7.0927e-05	14099	0.999969	FALSE	M:cds-YP_009724393.1	GAG	E	GAC	D	12
NC_045512.2	26558	G	A	14088	6787	44	9	9	32	0.000638343	14099	0.895042	FALSE	M:cds-YP_009724393.1	GAG	E	GAA	E	12
NC_045512.2	26559	C	T	14044	6784	44	2	2	30	0.000142268	14058	0.99974	FALSE	M:cds-YP_009724393.1	CTT	L	TTT	F	13
NC_045512.2	26559	C	G	14044	6784	44	9	8	33	0.000640205	14058	0.894949	FALSE	M:cds-YP_009724393.1	CTT	L	GTT	V	13
NC_045512.2	26559	C	A	14044	6784	44	3	2	34	0.000213402	14058	0.998823	FALSE	M:cds-YP_009724393.1	CTT	L	ATT	I	13
NC_045512.2	26560	T	G	14052	6747	44	2	2	34	0.000142197	14065	0.99974	FALSE	M:cds-YP_009724393.1	CTT	L	CGT	R	13
NC_045512.2	26560	T	C	14052	6747	44	8	6	34	0.000568788	14065	0.933089	FALSE	M:cds-YP_009724393.1	CTT	L	CCT	P	13
NC_045512.2	26560	T	A	14052	6747	44	3	3	34	0.000213295	14065	0.998823	FALSE	M:cds-YP_009724393.1	CTT	L	CAT	H	13
NC_045512.2	26561	T	G	14108	6892	44	2	2	34	0.000141713	14113	0.999741	FALSE	M:cds-YP_009724393.1	CTT	L	CTG	L	13
NC_045512.2	26561	T	C	14108	6892	44	1	1	34	7.08567e-05	14113	0.99997	FALSE	M:cds-YP_009724393.1	CTT	L	CTC	L	13
NC_045512.2	26561	T	A	14108	6892	44	2	2	34	0.000141713	14113	0.999741	FALSE	M:cds-YP_009724393.1	CTT	L	CTA	L	13
NC_045512.2	26561	T	-A	14108	6892	44	1	0	20	7.08567e-05	14113	1	FALSE	NA	NA	NA	NA	NA	NA
NC_045512.2	26562	A	T	14160	6932	44	10	9	35	0.000705567	14173	0.846251	FALSE	M:cds-YP_009724393.1	AAA	K	TAA	*	14
NC_045512.2	26562	A	C	14160	6932	44	3	3	31	0.00021167	14173	0.998823	FALSE	M:cds-YP_009724393.1	AAA	K	CAA	Q	14
NC_045512.2	26563	A	T	12540	5772	44	5	5	32	0.000398311	12553	0.975451	FALSE	M:cds-YP_009724393.1	AAA	K	ATA	I	14
NC_045512.2	26563	A	G	12540	5772	44	6	0	32	0.000477973	12553	0.951831	FALSE	M:cds-YP_009724393.1	AAA	K	AGA	R	14
NC_045512.2	26563	A	C	12540	5772	44	2	1	34	0.000159324	12553	0.999082	FALSE	M:cds-YP_009724393.1	AAA	K	ACA	T	14
NC_045512.2	26564	A	T	12105	5755	42	4	4	32	0.000330251	12112	0.989376	FALSE	M:cds-YP_009724393.1	AAA	K	AAT	N	14
NC_045512.2	26564	A	G	12105	5755	42	3	3	31	0.000247688	12112	0.996311	FALSE	M:cds-YP_009724393.1	AAA	K	AAG	K	14
NC_045512.2	26565	A	T	12471	5706	43	1	1	34	8.01539e-05	12476	0.999878	FALSE	M:cds-YP_009724393.1	AAG	K	TAG	*	15
NC_045512.2	26565	A	G	12471	5706	43	2	1	26	0.000160308	12476	1	FALSE	M:cds-YP_009724393.1	AAG	K	GAG	E	15
NC_045512.2	26565	A	C	12471	5706	43	2	2	34	0.000160308	12476	0.999086	FALSE	M:cds-YP_009724393.1	AAG	K	CAG	Q	15
NC_045512.2	26566	A	T	12428	5834	43	1	1	34	8.04246e-05	12434	0.999878	FALSE	M:cds-YP_009724393.1	AAG	K	ATG	M	15
NC_045512.2	26566	A	G	12428	5834	43	2	0	51	0.000160849	12434	0.24993	FALSE	M:cds-YP_009724393.1	AAG	K	AGG	R	15
NC_045512.2	26566	A	C	12428	5834	43	3	3	29	0.000241274	12434	1	FALSE	M:cds-YP_009724393.1	AAG	K	ACG	T	15
NC_045512.2	26567	G	T	12343	5779	43	1	1	34	8.09127e-05	12359	0.999877	FALSE	M:cds-YP_009724393.1	AAG	K	AAT	N	15
NC_045512.2	26567	G	C	12343	5779	43	2	2	34	0.000161825	12359	0.999081	FALSE	M:cds-YP_009724393.1	AAG	K	AAC	N	15
NC_045512.2	26567	G	A	12343	5779	43	13	13	33	0.00105187	12359	0.499837	FALSE	M:cds-YP_009724393.1	AAG	K	AAA	K	15
NC_045512.2	26568	C	T	12483	5970	43	1	1	26	8.00256e-05	12496	1	FALSE	M:cds-YP_009724393.1	CTC	L	TTC	F	16
NC_045512.2	26568	C	G	12483	5970	43	5	5	30	0.000400128	12496	0.975451	FALSE	M:cds-YP_009724393.1	CTC	L	GTC	V	16
NC_045512.2	26568	C	A	12483	5970	43	7	4	31	0.000560179	12496	0.916412	FALSE	M:cds-YP_009724393.1	CTC	L	ATC	I	16
NC_045512.2	26569	T	G	12473	5905	43	3	3	31	0.000240308	12484	0.996304	FALSE	M:cds-YP_009724393.1	CTC	L	CGC	R	16
NC_045512.2	26569	T	C	12473	5905	43	5	5	32	0.000400513	12484	0.97547	FALSE	M:cds-YP_009724393.1	CTC	L	CCC	P	16
NC_045512.2	26569	T	A	12473	5905	43	3	3	28	0.000240308	12484	1	FALSE	M:cds-YP_009724393.1	CTC	L	CAC	H	16
NC_045512.2	26570	C	T	12600	5948	43	9	9	36	0.00071355	12613	0.808295	FALSE	M:cds-YP_009724393.1	CTC	L	CTT	L	16
NC_045512.2	26570	C	G	12600	5948	43	4	4	34	0.000317133	12613	0.989349	FALSE	M:cds-YP_009724393.1	CTC	L	CTG	L	16
NC_045512.2	26571	C	T	12753	6270	44	3	3	31	0.000235165	12757	0.996316	FALSE	M:cds-YP_009724393.1	CTT	L	TTT	F	17
NC_045512.2	26571	C	G	12753	6270	44	1	1	34	7.83883e-05	12757	0.999878	FALSE	M:cds-YP_009724393.1	CTT	L	GTT	V	17
NC_045512.2	26572	T	C	12621	6158	44	9	9	33	0.000712476	12632	0.808395	FALSE	M:cds-YP_009724393.1	CTT	L	CCT	P	17
NC_045512.2	26572	T	A	12621	6158	44	2	2	30	0.000158328	12632	0.999083	FALSE	M:cds-YP_009724393.1	CTT	L	CAT	H	17
NC_045512.2	26573	T	G	12759	6283	44	2	2	34	0.000156642	12768	0.999084	FALSE	M:cds-YP_009724393.1	CTT	L	CTG	L	17
NC_045512.2	26573	T	C	12759	6283	44	5	4	32	0.000391604	12768	0.975488	FALSE	M:cds-YP_009724393.1	CTT	L	CTC	L	17
NC_045512.2	26573	T	A	12759	6283	44	2	2	34	0.000156642	12768	0.999084	FALSE	M:cds-YP_009724393.1	CTT	L	CTA	L	17
NC_045512.2	26574	G	T	12884	6290	44	9	9	33	0.000697837	12897	0.808296	FALSE	M:cds-YP_009724393.1	GAA	E	TAA	*	18
NC_045512.2	26574	G	C	12884	6290	44	4	4	34	0.00031015	12897	0.98935	FALSE	M:cds-YP_009724393.1	GAA	E	CAA	Q	18
NC_045512.2	26575	A	T	12888	6269	44	7	7	34	0.000542299	12908	0.916231	FALSE	M:cds-YP_009724393.1	GAA	E	GTA	V	18
NC_045512.2	26575	A	G	12888	6269	44	11	10	38	0.000852185	12908	0.660699	FALSE	M:cds-YP_009724393.1	GAA	E	GGA	G	18
NC_045512.2	26575	A	C	12888	6269	44	2	2	34	0.000154943	12908	0.99908	FALSE	M:cds-YP_009724393.1	GAA	E	GCA	A	18
NC_045512.2	26576	A	T	12822	6318	44	7	7	31	0.000545469	12833	0.916466	FALSE	M:cds-YP_009724393.1	GAA	E	GAT	D	18
NC_045512.2	26576	A	G	12822	6318	44	3	3	42	0.000233772	12833	0.312281	FALSE	M:cds-YP_009724393.1	GAA	E	GAG	E	18
NC_045512.2	26576	A	C	12822	6318	44	1	1	34	7.79241e-05	12833	0.999878	FALSE	M:cds-YP_009724393.1	GAA	E	GAC	D	18
NC_045512.2	26577	C	T	2	2	34	4	3	32	0.000297066	13465	2.59975e-11	TRUE	M:cds-YP_009724393.1	CAA	Q	TAA	*	19
NC_045512.2	26577	C	G	2	2	34	13450	6364	44	0.998886	13465	0	TRUE	M:cds-YP_009724393.1	CAA	Q	GAA	E	19
NC_045512.2	26577	C	A	2	2	34	9	9	34	0.0006684	13465	6.78415e-25	TRUE	M:cds-YP_009724393.1	CAA	Q	AAA	K	19
NC_045512.2	26578	A	T	13309	6426	43	1	1	34	7.50638e-05	13322	0.999939	FALSE	M:cds-YP_009724393.1	CAA	Q	CTA	L	19
NC_045512.2	26578	A	G	13309	6426	43	7	7	34	0.000525447	13322	0.942312	FALSE	M:cds-YP_009724393.1	CAA	Q	CGA	R	19
NC_045512.2	26578	A	C	13309	6426	43	5	5	32	0.000375319	13322	0.984543	FALSE	M:cds-YP_009724393.1	CAA	Q	CCA	P	19
NC_045512.2	26579	A	G	13565	6468	44	3	3	31	0.000221092	13569	0.997915	FALSE	M:cds-YP_009724393.1	CAA	Q	CAG	Q	19
NC_045512.2	26579	A	C	13565	6468	44	1	1	26	7.36974e-05	13569	1	FALSE	M:cds-YP_009724393.1	CAA	Q	CAC	H	19
NC_045512.2	26580	T	G	13569	6490	44	6	6	32	0.000441501	13590	0.968101	FALSE	M:cds-YP_009724393.1	TGG	W	GGG	G	20
NC_045512.2	26580	T	C	13569	6490	44	3	2	34	0.000220751	13590	0.997899	FALSE	M:cds-YP_009724393.1	TGG	W	CGG	R	20
NC_045512.2	26580	T	A	13569	6490	44	12	12	33	0.000883002	13590	0.654502	FALSE	M:cds-YP_009724393.1	TGG	W	AGG	R	20
NC_045512.2	26581	G	T	13516	6457	44	10	9	36	0.000738662	13538	0.79711	FALSE	M:cds-YP_009724393.1	TGG	W	TTG	L	20
NC_045512.2	26581	G	C	13516	6457	44	4	4	32	0.000295465	13538	0.993605	FALSE	M:cds-YP_009724393.1	TGG	W	TCG	S	20
NC_045512.2	26581	G	A	13516	6457	44	8	8	34	0.000590929	13538	0.905089	FALSE	M:cds-YP_009724393.1	TGG	W	TAG	*	20
NC_045512.2	26582	G	T	13715	6526	44	3	2	28	0.000218579	13725	1	FALSE	M:cds-YP_009724393.1	TGG	W	TGT	C	20
NC_045512.2	26582	G	C	13715	6526	44	1	1	34	7.28597e-05	13725	0.999939	FALSE	M:cds-YP_009724393.1	TGG	W	TGC	C	20
NC_045512.2	26582	G	A	13715	6526	44	6	6	32	0.000437158	13725	0.968227	FALSE	M:cds-YP_009724393.1	TGG	W	TGA	*	20
NC_045512.2	26583	A	T	13819	6561	44	6	6	32	0.00043362	13837	0.968137	FALSE	M:cds-YP_009724393.1	AAC	N	TAC	Y	21
NC_045512.2	26583	A	G	13819	6561	44	12	12	32	0.00086724	13837	0.654712	FALSE	M:cds-YP_009724393.1	AAC	N	GAC	D	21
NC_045512.2	26584	A	T	13850	6583	44	2	2	34	0.000144259	13864	0.999511	FALSE	M:cds-YP_009724393.1	AAC	N	ATC	I	21
NC_045512.2	26584	A	G	13850	6583	44	9	9	32	0.000649163	13864	0.856803	FALSE	M:cds-YP_009724393.1	AAC	N	AGC	S	21
NC_045512.2	26584	A	C	13850	6583	44	3	1	25	0.000216388	13864	1	FALSE	M:cds-YP_009724393.1	AAC	N	ACC	T	21
NC_045512.2	26585	C	T	13910	6704	45	2	2	34	0.000143585	13929	0.999509	FALSE	M:cds-YP_009724393.1	AAC	N	AAT	N	21
NC_045512.2	26585	C	G	13910	6704	45	5	5	32	0.000358963	13929	0.984508	FALSE	M:cds-YP_009724393.1	AAC	N	AAG	K	21
NC_045512.2	26585	C	A	13910	6704	45	12	12	34	0.000861512	13929	0.654647	FALSE	M:cds-YP_009724393.1	AAC	N	AAA	K	21
NC_045512.2	26586	C	T	13935	6776	45	1	1	34	7.17e-05	13947	0.999939	FALSE	M:cds-YP_009724393.1	CTA	L	TTA	L	22
NC_045512.2	26586	C	G	13935	6776	45	4	1	32	0.0002868	13947	0.993632	FALSE	M:cds-YP_009724393.1	CTA	L	GTA	V	22
NC_045512.2	26586	C	A	13935	6776	45	7	7	34	0.0005019	13947	0.942332	FALSE	M:cds-YP_009724393.1	CTA	L	ATA	I	22
NC_045512.2	26587	T	G	13913	6655	45	2	1	30	0.000143565	13931	0.99951	FALSE	M:cds-YP_009724393.1	CTA	L	CGA	R	22
NC_045512.2	26587	T	C	13913	6655	45	10	10	31	0.000717824	13931	0.797319	FALSE	M:cds-YP_009724393.1	CTA	L	CCA	P	22
NC_045512.2	26587	T	A	13913	6655	45	6	6	34	0.000430694	13931	0.968138	FALSE	M:cds-YP_009724393.1	CTA	L	CAA	Q	22
NC_045512.2	26587	T	-A	13913	6655	45	1	0	20	7.17824e-05	13931	1	FALSE	NA	NA	NA	NA	NA	NA
NC_045512.2	26588	A	T	14678	6877	45	10	10	32	0.000680457	14696	0.846053	FALSE	M:cds-YP_009724393.1	CTA	L	CTT	L	22
NC_045512.2	26588	A	G	14678	6877	45	1	1	26	6.80457e-05	14696	1	FALSE	M:cds-YP_009724393.1	CTA	L	CTG	L	22
NC_045512.2	26588	A	C	14678	6877	45	7	7	34	0.00047632	14696	0.96073	FALSE	M:cds-YP_009724393.1	CTA	L	CTC	L	22
NC_045512.2	26589	G	T	14951	6806	44	4	4	34	0.000267165	14972	0.996215	FALSE	M:cds-YP_009724393.1	GTA	V	TTA	L	23
NC_045512.2	26589	G	C	14951	6806	44	5	5	34	0.000333957	14972	0.990357	FALSE	M:cds-YP_009724393.1	GTA	V	CTA	L	23
NC_045512.2	26589	G	A	14951	6806	44	12	12	32	0.000801496	14972	0.721026	FALSE	M:cds-YP_009724393.1	GTA	V	ATA	I	23
NC_045512.2	26590	T	G	14992	6994	44	10	10	34	0.000666445	15005	0.885271	FALSE	M:cds-YP_009724393.1	GTA	V	GGA	G	23
NC_045512.2	26590	T	C	14992	6994	44	1	1	26	6.66445e-05	15005	1	FALSE	M:cds-YP_009724393.1	GTA	V	GCA	A	23
NC_045512.2	26590	T	A	14992	6994	44	2	2	34	0.000133289	15005	0.999862	FALSE	M:cds-YP_009724393.1	GTA	V	GAA	E	23
NC_045512.2	26591	A	T	15040	7028	45	10	10	32	0.000664319	15053	0.885271	FALSE	M:cds-YP_009724393.1	GTA	V	GTT	V	23
NC_045512.2	26591	A	G	15040	7028	45	2	2	34	0.000132864	15053	0.999862	FALSE	M:cds-YP_009724393.1	GTA	V	GTG	V	23
NC_045512.2	26591	A	C	15040	7028	45	1	1	34	6.64319e-05	15053	0.999985	FALSE	M:cds-YP_009724393.1	GTA	V	GTC	V	23
NC_045512.2	26592	A	T	14948	7042	45	1	1	34	6.68449e-05	14960	0.999969	FALSE	M:cds-YP_009724393.1	ATA	I	TTA	L	24
NC_045512.2	26592	A	G	14948	7042	45	7	7	31	0.000467914	14960	0.960823	FALSE	M:cds-YP_009724393.1	ATA	I	GTA	V	24
NC_045512.2	26592	A	C	14948	7042	45	4	4	30	0.00026738	14960	0.996229	FALSE	M:cds-YP_009724393.1	ATA	I	CTA	L	24
NC_045512.2	26593	T	G	15063	7038	44	3	2	31	0.000198939	15080	0.999342	FALSE	M:cds-YP_009724393.1	ATA	I	AGA	R	24
NC_045512.2	26593	T	C	15063	7038	44	6	6	32	0.000397878	15080	0.986672	FALSE	M:cds-YP_009724393.1	ATA	I	ACA	T	24
NC_045512.2	26593	T	A	15063	7038	44	8	8	33	0.000530504	15080	0.953368	FALSE	M:cds-YP_009724393.1	ATA	I	AAA	K	24
NC_045512.2	26594	A	T	14795	7132	44	11	10	32	0.000742591	14813	0.787624	FALSE	M:cds-YP_009724393.1	ATA	I	ATT	I	24
NC_045512.2	26594	A	G	14795	7132	44	5	3	32	0.000337541	14813	0.990368	FALSE	M:cds-YP_009724393.1	ATA	I	ATG	M	24
NC_045512.2	26594	A	C	14795	7132	44	2	2	30	0.000135017	14813	0.99974	FALSE	M:cds-YP_009724393.1	ATA	I	ATC	I	24
NC_045512.2	26595	G	T	15083	7227	44	3	3	34	0.000198636	15103	0.999341	FALSE	M:cds-YP_009724393.1	GGT	G	TGT	C	25
NC_045512.2	26595	G	A	15083	7227	44	17	17	32	0.0011256	15103	0.42984	FALSE	M:cds-YP_009724393.1	GGT	G	AGT	S	25
NC_045512.2	26596	G	T	15177	7461	45	9	8	33	0.000592456	15191	0.924194	FALSE	M:cds-YP_009724393.1	GGT	G	GTT	V	25
NC_045512.2	26596	G	C	15177	7461	45	3	3	34	0.000197485	15191	0.999343	FALSE	M:cds-YP_009724393.1	GGT	G	GCT	A	25
NC_045512.2	26596	G	A	15177	7461	45	2	2	34	0.000131657	15191	0.999862	FALSE	M:cds-YP_009724393.1	GGT	G	GAT	D	25
NC_045512.2	26597	T	G	14478	6808	45	11	11	33	0.000758935	14494	0.787721	FALSE	M:cds-YP_009724393.1	GGT	G	GGG	G	25
NC_045512.2	26597	T	A	14478	6808	45	5	5	34	0.00034497	14494	0.990375	FALSE	M:cds-YP_009724393.1	GGT	G	GGA	G	25
NC_045512.2	26598	T	G	14771	6825	45	7	7	29	0.000473549	14782	1	FALSE	M:cds-YP_009724393.1	TTC	F	GTC	V	26
NC_045512.2	26598	T	C	14771	6825	45	1	1	27	6.76498e-05	14782	1	FALSE	M:cds-YP_009724393.1	TTC	F	CTC	L	26
NC_045512.2	26598	T	A	14771	6825	45	3	3	34	0.00020295	14782	0.998825	FALSE	M:cds-YP_009724393.1	TTC	F	ATC	I	26
NC_045512.2	26599	T	G	14836	6827	45	5	5	34	0.000336746	14848	0.990391	FALSE	M:cds-YP_009724393.1	TTC	F	TGC	C	26
NC_045512.2	26599	T	C	14836	6827	45	3	2	34	0.000202047	14848	0.998824	FALSE	M:cds-YP_009724393.1	TTC	F	TCC	S	26
NC_045512.2	26599	T	A	14836	6827	45	4	4	34	0.000269397	14848	0.996229	FALSE	M:cds-YP_009724393.1	TTC	F	TAC	Y	26
NC_045512.2	26600	C	T	14862	6842	45	14	14	32	0.000940797	14881	0.574477	FALSE	M:cds-YP_009724393.1	TTC	F	TTT	F	26
NC_045512.2	26600	C	G	14862	6842	45	2	2	34	0.0001344	14881	0.999739	FALSE	M:cds-YP_009724393.1	TTC	F	TTG	L	26
NC_045512.2	26600	C	A	14862	6842	45	3	3	34	0.000201599	14881	0.99882	FALSE	M:cds-YP_009724393.1	TTC	F	TTA	L	26
NC_045512.2	26601	C	T	14858	6992	45	6	6	34	0.00040347	14871	0.979294	FALSE	M:cds-YP_009724393.1	CTA	L	TTA	L	27
NC_045512.2	26601	C	G	14858	6992	45	2	1	30	0.00013449	14871	0.99974	FALSE	M:cds-YP_009724393.1	CTA	L	GTA	V	27
NC_045512.2	26601	C	A	14858	6992	45	5	5	30	0.000336225	14871	0.990387	FALSE	M:cds-YP_009724393.1	CTA	L	ATA	I	27
NC_045512.2	26602	T	G	14484	6800	43	2	1	30	0.000137941	14499	0.99974	FALSE	M:cds-YP_009724393.1	CTA	L	CGA	R	27
NC_045512.2	26602	T	C	14484	6800	43	10	10	31	0.000689703	14499	0.846211	FALSE	M:cds-YP_009724393.1	CTA	L	CCA	P	27
NC_045512.2	26602	T	A	14484	6800	43	3	3	28	0.000206911	14499	1	FALSE	M:cds-YP_009724393.1	CTA	L	CAA	Q	27
NC_045512.2	26603	A	T	14970	6961	45	10	10	33	0.000667022	14992	0.84594	FALSE	M:cds-YP_009724393.1	CTA	L	CTT	L	27
NC_045512.2	26603	A	G	14970	6961	45	1	1	34	6.67022e-05	14992	0.999969	FALSE	M:cds-YP_009724393.1	CTA	L	CTG	L	27
NC_045512.2	26603	A	C	14970	6961	45	11	11	31	0.000733725	14992	0.787432	FALSE	M:cds-YP_009724393.1	CTA	L	CTC	L	27
NC_045512.2	26604	T	G	14820	6867	45	2	2	30	0.000134771	14840	0.999739	FALSE	M:cds-YP_009724393.1	TTC	F	GTC	V	28
NC_045512.2	26604	T	C	14820	6867	45	9	9	32	0.000606469	14840	0.894773	FALSE	M:cds-YP_009724393.1	TTC	F	CTC	L	28
NC_045512.2	26604	T	A	14820	6867	45	9	9	34	0.000606469	14840	0.894773	FALSE	M:cds-YP_009724393.1	TTC	F	ATC	I	28
NC_045512.2	26605	T	G	14823	6859	45	1	1	34	6.74491e-05	14826	0.99997	FALSE	M:cds-YP_009724393.1	TTC	F	TGC	C	28
NC_045512.2	26605	T	C	14823	6859	45	1	1	34	6.74491e-05	14826	0.99997	FALSE	M:cds-YP_009724393.1	TTC	F	TCC	S	28
NC_045512.2	26605	T	A	14823	6859	45	1	1	34	6.74491e-05	14826	0.99997	FALSE	M:cds-YP_009724393.1	TTC	F	TAC	Y	28
NC_045512.2	26606	C	T	14839	6811	44	14	14	33	0.000941873	14864	0.574054	FALSE	M:cds-YP_009724393.1	TTC	F	TTT	F	28
NC_045512.2	26606	C	A	14839	6811	44	11	9	33	0.000740043	14864	0.78728	FALSE	M:cds-YP_009724393.1	TTC	F	TTA	L	28
NC_045512.2	26607	C	T	14597	6588	45	8	8	34	0.00054757	14610	0.933089	FALSE	M:cds-YP_009724393.1	CTT	L	TTT	F	29
NC_045512.2	26607	C	G	14597	6588	45	1	1	34	6.84463e-05	14610	0.999969	FALSE	M:cds-YP_009724393.1	CTT	L	GTT	V	29
NC_045512.2	26607	C	A	14597	6588	45	4	4	30	0.000273785	14610	0.996227	FALSE	M:cds-YP_009724393.1	CTT	L	ATT	I	29
NC_045512.2	26607	C	-T	14597	6588	45	1	0	20	6.84463e-05	14610	1	FALSE	NA	NA	NA	NA	NA	NA
NC_045512.2	26608	T	C	14543	6509	45	15	15	32	0.00103008	14562	0.499702	FALSE	M:cds-YP_009724393.1	CTT	L	CCT	P	29
NC_045512.2	26608	T	A	14543	6509	45	4	4	34	0.000274688	14562	0.996216	FALSE	M:cds-YP_009724393.1	CTT	L	CAT	H	29
NC_045512.2	26609	T	G	14516	6521	45	1	1	34	6.88373e-05	14527	0.999969	FALSE	M:cds-YP_009724393.1	CTT	L	CTG	L	29
NC_045512.2	26609	T	C	14516	6521	45	7	7	34	0.000481861	14527	0.960836	FALSE	M:cds-YP_009724393.1	CTT	L	CTC	L	29
NC_045512.2	26609	T	A	14516	6521	45	3	3	34	0.000206512	14527	0.998825	FALSE	M:cds-YP_009724393.1	CTT	L	CTA	L	29
NC_045512.2	26610	A	T	14472	6514	45	12	12	32	0.0008281	14491	0.721133	FALSE	M:cds-YP_009724393.1	ACA	T	TCA	S	30
NC_045512.2	26610	A	G	14472	6514	45	2	1	40	0.000138017	14491	0.499586	FALSE	M:cds-YP_009724393.1	ACA	T	GCA	A	30
NC_045512.2	26610	A	C	14472	6514	45	5	5	30	0.000345042	14491	0.990364	FALSE	M:cds-YP_009724393.1	ACA	T	CCA	P	30
NC_045512.2	26611	C	T	14445	6669	44	9	9	34	0.000622148	14466	0.894737	FALSE	M:cds-YP_009724393.1	ACA	T	ATA	I	30
NC_045512.2	26611	C	G	14445	6669	44	2	2	30	0.000138255	14466	0.999739	FALSE	M:cds-YP_009724393.1	ACA	T	AGA	R	30
NC_045512.2	26611	C	A	14445	6669	44	10	9	31	0.000691276	14466	0.845968	FALSE	M:cds-YP_009724393.1	ACA	T	AAA	K	30
NC_045512.2	26612	A	T	14432	6675	44	5	5	34	0.000346045	14449	0.990372	FALSE	M:cds-YP_009724393.1	ACA	T	ACT	T	30
NC_045512.2	26612	A	G	14432	6675	44	2	2	34	0.000138418	14449	0.99974	FALSE	M:cds-YP_009724393.1	ACA	T	ACG	T	30
NC_045512.2	26612	A	C	14432	6675	44	10	10	34	0.000692089	14449	0.84613	FALSE	M:cds-YP_009724393.1	ACA	T	ACC	T	30
NC_045512.2	26613	T	G	14298	6665	45	1	1	27	6.98373e-05	14319	1	FALSE	M:cds-YP_009724393.1	TGG	W	GGG	G	31
NC_045512.2	26613	T	C	14298	6665	45	4	4	34	0.000279349	14319	0.996214	FALSE	M:cds-YP_009724393.1	TGG	W	CGG	R	31
NC_045512.2	26613	T	A	14298	6665	45	16	16	33	0.0011174	14319	0.427427	FALSE	M:cds-YP_009724393.1	TGG	W	AGG	R	31
NC_045512.2	26614	G	T	14418	6673	45	12	12	32	0.00083114	14438	0.721072	FALSE	M:cds-YP_009724393.1	TGG	W	TTG	L	31
NC_045512.2	26614	G	C	14418	6673	45	6	6	32	0.00041557	14438	0.97924	FALSE	M:cds-YP_009724393.1	TGG	W	TCG	S	31
NC_045512.2	26614	G	A	14418	6673	45	2	2	34	0.000138523	14438	0.999739	FALSE	M:cds-YP_009724393.1	TGG	W	TAG	*	31
NC_045512.2	26615	G	T	15173	6745	45	1	1	34	6.58501e-05	15186	0.999985	FALSE	M:cds-YP_009724393.1	TGG	W	TGT	C	31
NC_045512.2	26615	G	C	15173	6745	45	3	3	34	0.00019755	15186	0.999343	FALSE	M:cds-YP_009724393.1	TGG	W	TGC	C	31
NC_045512.2	26615	G	A	15173	6745	45	9	9	34	0.000592651	15186	0.924217	FALSE	M:cds-YP_009724393.1	TGG	W	TGA	*	31
NC_045512.2	26616	A	T	15276	6788	45	6	6	31	0.000392182	15299	0.986642	FALSE	M:cds-YP_009724393.1	ATT	I	TTT	F	32
NC_045512.2	26616	A	G	15276	6788	45	13	12	33	0.000849729	15299	0.713761	FALSE	M:cds-YP_009724393.1	ATT	I	GTT	V	32
NC_045512.2	26616	A	C	15276	6788	45	4	2	32	0.000261455	15299	0.997776	FALSE	M:cds-YP_009724393.1	ATT	I	CTT	L	32
NC_045512.2	26616	A	-T	15276	6788	45	1	0	20	6.53637e-05	15299	1	FALSE	NA	NA	NA	NA	NA	NA
NC_045512.2	26617	T	G	14606	6470	43	12	10	32	0.000820288	14629	0.72084	FALSE	M:cds-YP_009724393.1	ATT	I	AGT	S	32
NC_045512.2	26617	T	A	14606	6470	43	11	11	34	0.000751931	14629	0.787322	FALSE	M:cds-YP_009724393.1	ATT	I	AAT	N	32
NC_045512.2	26618	T	G	15122	7041	44	11	11	33	0.000726696	15137	0.836509	FALSE	M:cds-YP_009724393.1	ATT	I	ATG	M	32
NC_045512.2	26618	T	C	15122	7041	44	2	2	34	0.000132127	15137	0.999862	FALSE	M:cds-YP_009724393.1	ATT	I	ATC	I	32
NC_045512.2	26618	T	A	15122	7041	44	2	2	34	0.000132127	15137	0.999862	FALSE	M:cds-YP_009724393.1	ATT	I	ATA	I	32
NC_045512.2	26619	T	G	15040	6967	44	4	4	32	0.000265745	15052	0.997786	FALSE	M:cds-YP_009724393.1	TGT	C	GGT	G	33
NC_045512.2	26619	T	C	15040	6967	44	1	1	26	6.64364e-05	15052	1	FALSE	M:cds-YP_009724393.1	TGT	C	CGT	R	33
NC_045512.2	26619	T	A	15040	6967	44	7	7	34	0.000465054	15052	0.973765	FALSE	M:cds-YP_009724393.1	TGT	C	AGT	S	33
NC_045512.2	26620	G	T	15399	7004	44	17	16	35	0.00110218	15424	0.42948	FALSE	M:cds-YP_009724393.1	TGT	C	TTT	F	33
NC_045512.2	26620	G	C	15399	7004	44	2	2	30	0.000129668	15424	0.999862	FALSE	M:cds-YP_009724393.1	TGT	C	TCT	S	33
NC_045512.2	26620	G	A	15399	7004	44	6	6	32	0.000389004	15424	0.986633	FALSE	M:cds-YP_009724393.1	TGT	C	TAT	Y	33
NC_045512.2	26621	T	G	15343	6917	43	12	12	32	0.000781199	15361	0.778814	FALSE	M:cds-YP_009724393.1	TGT	C	TGG	W	33
NC_045512.2	26621	T	C	15343	6917	43	1	1	34	6.50999e-05	15361	0.999985	FALSE	M:cds-YP_009724393.1	TGT	C	TGC	C	33
NC_045512.2	26621	T	A	15343	6917	43	5	5	34	0.0003255	15361	0.994075	FALSE	M:cds-YP_009724393.1	TGT	C	TGA	*	33
NC_045512.2	26622	C	T	15479	7060	44	17	17	33	0.0010967	15501	0.4297	FALSE	M:cds-YP_009724393.1	CTT	L	TTT	F	34
NC_045512.2	26622	C	G	15479	7060	44	2	2	34	0.000129024	15501	0.999862	FALSE	M:cds-YP_009724393.1	CTT	L	GTT	V	34
NC_045512.2	26622	C	A	15479	7060	44	3	3	34	0.000193536	15501	0.99934	FALSE	M:cds-YP_009724393.1	CTT	L	ATT	I	34
NC_045512.2	26623	T	G	15420	6941	44	8	7	31	0.000518068	15442	0.953294	FALSE	M:cds-YP_009724393.1	CTT	L	CGT	R	34
NC_045512.2	26623	T	C	15420	6941	44	10	10	37	0.000647585	15442	0.884986	FALSE	M:cds-YP_009724393.1	CTT	L	CCT	P	34
NC_045512.2	26623	T	A	15420	6941	44	4	4	34	0.000259034	15442	0.997777	FALSE	M:cds-YP_009724393.1	CTT	L	CAT	H	34
NC_045512.2	26624	T	G	14760	6412	44	4	3	32	0.000270838	14769	0.996233	FALSE	M:cds-YP_009724393.1	CTT	L	CTG	L	34
NC_045512.2	26624	T	C	14760	6412	44	2	1	26	0.000135419	14769	1	FALSE	M:cds-YP_009724393.1	CTT	L	CTC	L	34
NC_045512.2	26624	T	A	14760	6412	44	3	3	31	0.000203128	14769	0.998826	FALSE	M:cds-YP_009724393.1	CTT	L	CTA	L	34
NC_045512.2	26625	C	T	14818	6477	44	10	10	32	0.000674172	14833	0.846213	FALSE	M:cds-YP_009724393.1	CTA	L	TTA	L	35
NC_045512.2	26625	C	G	14818	6477	44	1	1	34	6.74172e-05	14833	0.999969	FALSE	M:cds-YP_009724393.1	CTA	L	GTA	V	35
NC_045512.2	26625	C	A	14818	6477	44	4	4	30	0.000269669	14833	0.996224	FALSE	M:cds-YP_009724393.1	CTA	L	ATA	I	35
NC_045512.2	26626	T	G	14830	6504	44	4	4	32	0.000269469	14844	0.996226	FALSE	M:cds-YP_009724393.1	CTA	L	CGA	R	35
NC_045512.2	26626	T	C	14830	6504	44	8	8	38	0.000538938	14844	0.933069	FALSE	M:cds-YP_009724393.1	CTA	L	CCA	P	35
NC_045512.2	26626	T	A	14830	6504	44	2	2	34	0.000134735	14844	0.99974	FALSE	M:cds-YP_009724393.1	CTA	L	CAA	Q	35
NC_045512.2	26627	A	T	14849	6548	44	15	15	32	0.00100861	14872	0.49949	FALSE	M:cds-YP_009724393.1	CTA	L	CTT	L	35
NC_045512.2	26627	A	G	14849	6548	44	3	3	45	0.000201721	14872	0.312008	FALSE	M:cds-YP_009724393.1	CTA	L	CTG	L	35
NC_045512.2	26627	A	C	14849	6548	44	5	3	32	0.000336202	14872	0.99035	FALSE	M:cds-YP_009724393.1	CTA	L	CTC	L	35
NC_045512.2	26628	C	T	15150	6613	44	2	2	34	0.000131865	15167	0.999862	FALSE	M:cds-YP_009724393.1	CAA	Q	TAA	*	36
NC_045512.2	26628	C	G	15150	6613	44	1	1	34	6.59326e-05	15167	0.999985	FALSE	M:cds-YP_009724393.1	CAA	Q	GAA	E	36
NC_045512.2	26628	C	A	15150	6613	44	14	14	33	0.000923057	15167	0.644398	FALSE	M:cds-YP_009724393.1	CAA	Q	AAA	K	36
NC_045512.2	26629	A	T	14653	6259	44	8	8	32	0.000545219	14673	0.932944	FALSE	M:cds-YP_009724393.1	CAA	Q	CTA	L	36
NC_045512.2	26629	A	G	14653	6259	44	1	1	26	6.81524e-05	14673	1	FALSE	M:cds-YP_009724393.1	CAA	Q	CGA	R	36
NC_045512.2	26629	A	C	14653	6259	44	11	10	34	0.000749676	14673	0.787523	FALSE	M:cds-YP_009724393.1	CAA	Q	CCA	P	36
NC_045512.2	26630	A	T	14756	6315	44	1	1	34	6.77369e-05	14763	0.99997	FALSE	M:cds-YP_009724393.1	CAA	Q	CAT	H	36
NC_045512.2	26630	A	G	14756	6315	44	1	0	26	6.77369e-05	14763	1	FALSE	M:cds-YP_009724393.1	CAA	Q	CAG	Q	36
NC_045512.2	26630	A	C	14756	6315	44	5	5	34	0.000338685	14763	0.99041	FALSE	M:cds-YP_009724393.1	CAA	Q	CAC	H	36
NC_045512.2	26631	T	G	14122	5673	42	2	2	34	0.000141453	14139	0.99974	FALSE	M:cds-YP_009724393.1	TTT	F	GTT	V	37
NC_045512.2	26631	T	C	14122	5673	42	6	5	34	0.000424358	14139	0.979262	FALSE	M:cds-YP_009724393.1	TTT	F	CTT	L	37
NC_045512.2	26631	T	A	14122	5673	42	9	9	36	0.000636537	14139	0.894856	FALSE	M:cds-YP_009724393.1	TTT	F	ATT	I	37
NC_045512.2	26632	T	G	14753	6584	45	2	2	26	0.000135465	14764	1	FALSE	M:cds-YP_009724393.1	TTT	F	TGT	C	37
NC_045512.2	26632	T	A	14753	6584	45	9	9	34	0.000609591	14764	0.89504	FALSE	M:cds-YP_009724393.1	TTT	F	TAT	Y	37
NC_045512.2	26633	T	G	14779	6745	45	4	4	32	0.000270471	14789	0.996232	FALSE	M:cds-YP_009724393.1	TTT	F	TTG	L	37
NC_045512.2	26633	T	A	14779	6745	45	6	6	34	0.000405707	14789	0.979317	FALSE	M:cds-YP_009724393.1	TTT	F	TTA	L	37
NC_045512.2	26634	G	T	14990	6727	45	17	17	33	0.00113213	15016	0.429391	FALSE	M:cds-YP_009724393.1	GCC	A	TCC	S	38
NC_045512.2	26634	G	C	14990	6727	45	1	1	26	6.65956e-05	15016	1	FALSE	M:cds-YP_009724393.1	GCC	A	CCC	P	38
NC_045512.2	26634	G	A	14990	6727	45	8	6	38	0.000532765	15016	0.953227	FALSE	M:cds-YP_009724393.1	GCC	A	ACC	T	38
NC_045512.2	26635	C	T	14923	6764	45	18	15	35	0.00120353	14956	0.297283	FALSE	M:cds-YP_009724393.1	GCC	A	GTC	V	38
NC_045512.2	26635	C	G	14923	6764	45	10	8	32	0.000668628	14956	0.845508	FALSE	M:cds-YP_009724393.1	GCC	A	GGC	G	38
NC_045512.2	26635	C	A	14923	6764	45	5	4	32	0.000334314	14956	0.990313	FALSE	M:cds-YP_009724393.1	GCC	A	GAC	D	38
NC_045512.2	26636	C	T	14993	6848	45	8	8	32	0.00053312	15006	0.95343	FALSE	M:cds-YP_009724393.1	GCC	A	GCT	A	38
NC_045512.2	26636	C	G	14993	6848	45	3	2	31	0.00019992	15006	0.999343	FALSE	M:cds-YP_009724393.1	GCC	A	GCG	A	38
NC_045512.2	26636	C	A	14993	6848	45	2	2	34	0.00013328	15006	0.999862	FALSE	M:cds-YP_009724393.1	GCC	A	GCA	A	38
NC_045512.2	26637	T	G	14605	6627	45	6	6	32	0.000410144	14629	0.97921	FALSE	M:cds-YP_009724393.1	TAT	Y	GAT	D	39
NC_045512.2	26637	T	C	14605	6627	45	15	13	34	0.00102536	14629	0.499407	FALSE	M:cds-YP_009724393.1	TAT	Y	CAT	H	39
NC_045512.2	26637	T	A	14605	6627	45	3	3	31	0.000205072	14629	0.998818	FALSE	M:cds-YP_009724393.1	TAT	Y	AAT	N	39
NC_045512.2	26638	A	T	14761	6857	46	7	7	34	0.000473677	14778	0.960757	FALSE	M:cds-YP_009724393.1	TAT	Y	TTT	F	39
NC_045512.2	26638	A	G	14761	6857	46	2	2	34	0.000135336	14778	0.99974	FALSE	M:cds-YP_009724393.1	TAT	Y	TGT	C	39
NC_045512.2	26638	A	C	14761	6857	46	8	8	33	0.000541345	14778	0.933007	FALSE	M:cds-YP_009724393.1	TAT	Y	TCT	S	39
NC_045512.2	26639	T	G	14791	6866	46	1	1	34	6.75402e-05	14806	0.999969	FALSE	M:cds-YP_009724393.1	TAT	Y	TAG	*	39
NC_045512.2	26639	T	C	14791	6866	46	6	6	32	0.000405241	14806	0.979279	FALSE	M:cds-YP_009724393.1	TAT	Y	TAC	Y	39
NC_045512.2	26639	T	A	14791	6866	46	8	8	32	0.000540321	14806	0.933048	FALSE	M:cds-YP_009724393.1	TAT	Y	TAA	*	39
NC_045512.2	26640	G	T	14883	6961	46	14	14	31	0.00093966	14899	0.574688	FALSE	M:cds-YP_009724393.1	GCC	A	TCC	S	40
NC_045512.2	26640	G	A	14883	6961	46	2	2	34	0.000134237	14899	0.99974	FALSE	M:cds-YP_009724393.1	GCC	A	ACC	T	40
NC_045512.2	26641	C	T	14800	7002	46	7	7	32	0.000472207	14824	0.960666	FALSE	M:cds-YP_009724393.1	GCC	A	GTC	V	40
NC_045512.2	26641	C	G	14800	7002	46	11	11	33	0.00074204	14824	0.787328	FALSE	M:cds-YP_009724393.1	GCC	A	GGC	G	40
NC_045512.2	26641	C	A	14800	7002	46	6	6	30	0.000404749	14824	0.979211	FALSE	M:cds-YP_009724393.1	GCC	A	GAC	D	40
NC_045512.2	26642	C	T	14905	7036	46	10	10	34	0.000670286	14919	0.846252	FALSE	M:cds-YP_009724393.1	GCC	A	GCT	A	40
NC_045512.2	26642	C	G	14905	7036	46	2	2	34	0.000134057	14919	0.99974	FALSE	M:cds-YP_009724393.1	GCC	A	GCG	A	40
NC_045512.2	26642	C	A	14905	7036	46	2	2	30	0.000134057	14919	0.99974	FALSE	M:cds-YP_009724393.1	GCC	A	GCA	A	40
NC_045512.2	26643	A	T	14710	6797	46	5	5	32	0.000339236	14739	0.990327	FALSE	M:cds-YP_009724393.1	AAC	N	TAC	Y	41
NC_045512.2	26643	A	G	14710	6797	46	9	9	36	0.000610625	14739	0.894503	FALSE	M:cds-YP_009724393.1	AAC	N	GAC	D	41
NC_045512.2	26643	A	C	14710	6797	46	15	14	33	0.00101771	14739	0.499043	FALSE	M:cds-YP_009724393.1	AAC	N	CAC	H	41
NC_045512.2	26644	A	T	12987	6867	43	5	5	32	0.000384527	13003	0.984523	FALSE	M:cds-YP_009724393.1	AAC	N	ATC	I	41
NC_045512.2	26644	A	G	12987	6867	43	1	0	38	7.69053e-05	13003	0.999939	FALSE	M:cds-YP_009724393.1	AAC	N	AGC	S	41
NC_045512.2	26644	A	C	12987	6867	43	10	9	32	0.000769053	13003	0.797406	FALSE	M:cds-YP_009724393.1	AAC	N	ACC	T	41
NC_045512.2	26645	C	T	14790	6844	46	2	2	34	0.000135071	14807	0.99974	FALSE	M:cds-YP_009724393.1	AAC	N	AAT	N	41
NC_045512.2	26645	C	G	14790	6844	46	2	2	34	0.000135071	14807	0.99974	FALSE	M:cds-YP_009724393.1	AAC	N	AAG	K	41
NC_045512.2	26645	C	A	14790	6844	46	13	13	32	0.000877963	14807	0.649315	FALSE	M:cds-YP_009724393.1	AAC	N	AAA	K	41
NC_045512.2	26646	A	T	14733	6840	46	7	7	32	0.000474544	14751	0.960744	FALSE	M:cds-YP_009724393.1	AGG	R	TGG	W	42
NC_045512.2	26646	A	C	14733	6840	46	11	11	32	0.000745712	14751	0.787624	FALSE	M:cds-YP_009724393.1	AGG	R	CGG	R	42
NC_045512.2	26647	G	T	15144	6845	46	3	3	31	0.000197759	15170	0.999339	FALSE	M:cds-YP_009724393.1	AGG	R	ATG	M	42
NC_045512.2	26647	G	C	15144	6845	46	4	4	34	0.000263678	15170	0.997773	FALSE	M:cds-YP_009724393.1	AGG	R	ACG	T	42
NC_045512.2	26647	G	A	15144	6845	46	19	19	33	0.00125247	15170	0.303288	FALSE	M:cds-YP_009724393.1	AGG	R	AAG	K	42
NC_045512.2	26648	G	T	15502	7212	47	5	5	32	0.000322186	15519	0.994078	FALSE	M:cds-YP_009724393.1	AGG	R	AGT	S	42
NC_045512.2	26648	G	C	15502	7212	47	9	9	30	0.000579934	15519	0.924126	FALSE	M:cds-YP_009724393.1	AGG	R	AGC	S	42
NC_045512.2	26648	G	A	15502	7212	47	3	3	34	0.000193311	15519	0.999342	FALSE	M:cds-YP_009724393.1	AGG	R	AGA	R	42
NC_045512.2	26649	A	T	15402	7201	47	6	5	34	0.000389055	15422	0.986658	FALSE	M:cds-YP_009724393.1	AAT	N	TAT	Y	43
NC_045512.2	26649	A	G	15402	7201	47	11	10	31	0.000713267	15422	0.836304	FALSE	M:cds-YP_009724393.1	AAT	N	GAT	D	43
NC_045512.2	26649	A	C	15402	7201	47	3	2	31	0.000194527	15422	0.999341	FALSE	M:cds-YP_009724393.1	AAT	N	CAT	H	43
NC_045512.2	26650	A	T	15358	7256	47	3	3	31	0.000195097	15377	0.999341	FALSE	M:cds-YP_009724393.1	AAT	N	ATT	I	43
NC_045512.2	26650	A	G	15358	7256	47	13	11	32	0.000845418	15377	0.713999	FALSE	M:cds-YP_009724393.1	AAT	N	AGT	S	43
NC_045512.2	26650	A	C	15358	7256	47	3	3	31	0.000195097	15377	0.999341	FALSE	M:cds-YP_009724393.1	AAT	N	ACT	T	43
NC_045512.2	26651	T	G	15452	7323	48	11	10	32	0.000710548	15481	0.835936	FALSE	M:cds-YP_009724393.1	AAT	N	AAG	K	43
NC_045512.2	26651	T	C	15452	7323	48	3	3	29	0.000193786	15481	1	FALSE	M:cds-YP_009724393.1	AAT	N	AAC	N	43
NC_045512.2	26651	T	A	15452	7323	48	15	13	31	0.00096893	15481	0.571356	FALSE	M:cds-YP_009724393.1	AAT	N	AAA	K	43
NC_045512.2	26652	A	T	15295	7397	47	12	11	32	0.000783597	15314	0.778763	FALSE	M:cds-YP_009724393.1	AGG	R	TGG	W	44
NC_045512.2	26652	A	G	15295	7397	47	4	3	40	0.000261199	15314	0.187194	FALSE	M:cds-YP_009724393.1	AGG	R	GGG	G	44
NC_045512.2	26652	A	C	15295	7397	47	3	3	34	0.000195899	15314	0.999341	FALSE	M:cds-YP_009724393.1	AGG	R	CGG	R	44
NC_045512.2	26653	G	T	15800	7352	47	8	8	34	0.000505338	15831	0.953163	FALSE	M:cds-YP_009724393.1	AGG	R	ATG	M	44
NC_045512.2	26653	G	C	15800	7352	47	3	3	34	0.000189502	15831	0.999338	FALSE	M:cds-YP_009724393.1	AGG	R	ACG	T	44
NC_045512.2	26653	G	A	15800	7352	47	20	20	33	0.00126334	15831	0.249063	FALSE	M:cds-YP_009724393.1	AGG	R	AAG	K	44
NC_045512.2	26654	G	T	15765	7335	47	15	15	32	0.000950089	15788	0.571786	FALSE	M:cds-YP_009724393.1	AGG	R	AGT	S	44
NC_045512.2	26654	G	C	15765	7335	47	1	1	26	6.33392e-05	15788	1	FALSE	M:cds-YP_009724393.1	AGG	R	AGC	S	44
NC_045512.2	26654	G	A	15765	7335	47	7	7	34	0.000443375	15788	0.973666	FALSE	M:cds-YP_009724393.1	AGG	R	AGA	R	44
NC_045512.2	26654	G	-T	15765	7335	47	1	0	20	6.33392e-05	15788	1	FALSE	NA	NA	NA	NA	NA	NA
NC_045512.2	26655	T	G	15231	7000	46	16	16	32	0.00104863	15258	0.499192	FALSE	M:cds-YP_009724393.1	TTT	F	GTT	V	45
NC_045512.2	26655	T	C	15231	7000	46	2	2	34	0.000131079	15258	0.999861	FALSE	M:cds-YP_009724393.1	TTT	F	CTT	L	45
NC_045512.2	26655	T	A	15231	7000	46	9	9	34	0.000589855	15258	0.923871	FALSE	M:cds-YP_009724393.1	TTT	F	ATT	I	45
NC_045512.2	26656	T	G	15301	7103	48	12	12	32	0.00078329	15320	0.778763	FALSE	M:cds-YP_009724393.1	TTT	F	TGT	C	45
NC_045512.2	26656	T	C	15301	7103	48	4	4	42	0.000261097	15320	0.187194	FALSE	M:cds-YP_009724393.1	TTT	F	TCT	S	45
NC_045512.2	26656	T	A	15301	7103	48	3	3	34	0.000195822	15320	0.999341	FALSE	M:cds-YP_009724393.1	TTT	F	TAT	Y	45
NC_045512.2	26657	T	G	14053	5859	46	12	11	32	0.00085306	14067	0.721432	FALSE	M:cds-YP_009724393.1	TTT	F	TTG	L	45
NC_045512.2	26657	T	C	14053	5859	46	2	2	34	0.000142177	14067	0.99974	FALSE	M:cds-YP_009724393.1	TTT	F	TTC	F	45
NC_045512.2	26658	T	G	14975	6793	49	3	3	30	0.00020024	14982	0.998827	FALSE	M:cds-YP_009724393.1	TTG	L	GTG	V	46
NC_045512.2	26658	T	C	14975	6793	49	2	2	34	0.000133494	14982	0.999741	FALSE	M:cds-YP_009724393.1	TTG	L	CTG	L	46
NC_045512.2	26658	T	A	14975	6793	49	2	2	34	0.000133494	14982	0.999741	FALSE	M:cds-YP_009724393.1	TTG	L	ATG	M	46
NC_045512.2	26659	T	G	15008	6902	49	3	3	34	0.0001998	15015	0.999345	FALSE	M:cds-YP_009724393.1	TTG	L	TGG	W	46
NC_045512.2	26659	T	C	15008	6902	49	2	2	34	0.0001332	15015	0.999863	FALSE	M:cds-YP_009724393.1	TTG	L	TCG	S	46
NC_045512.2	26659	T	A	15008	6902	49	2	2	30	0.0001332	15015	0.999863	FALSE	M:cds-YP_009724393.1	TTG	L	TAG	*	46
NC_045512.2	26660	G	T	15253	6935	49	26	26	33	0.00170135	15282	0.0584659	FALSE	M:cds-YP_009724393.1	TTG	L	TTT	F	46
NC_045512.2	26660	G	C	15253	6935	49	1	1	34	6.54365e-05	15282	0.999985	FALSE	M:cds-YP_009724393.1	TTG	L	TTC	F	46
NC_045512.2	26660	G	A	15253	6935	49	2	2	34	0.000130873	15282	0.999861	FALSE	M:cds-YP_009724393.1	TTG	L	TTA	L	46
NC_045512.2	26661	T	G	15240	6983	49	13	12	30	0.0008519	15260	0.713938	FALSE	M:cds-YP_009724393.1	TAT	Y	GAT	D	47
NC_045512.2	26661	T	C	15240	6983	49	4	3	40	0.000262123	15260	0.187172	FALSE	M:cds-YP_009724393.1	TAT	Y	CAT	H	47
NC_045512.2	26661	T	A	15240	6983	49	3	3	30	0.000196592	15260	0.999341	FALSE	M:cds-YP_009724393.1	TAT	Y	AAT	N	47
NC_045512.2	26662	A	T	15107	6857	49	27	27	33	0.00178324	15141	0.043985	FALSE	M:cds-YP_009724393.1	TAT	Y	TTT	F	47
NC_045512.2	26662	A	G	15107	6857	49	5	4	32	0.000330229	15141	0.994036	FALSE	M:cds-YP_009724393.1	TAT	Y	TGT	C	47
NC_045512.2	26662	A	C	15107	6857	49	2	2	34	0.000132092	15141	0.999861	FALSE	M:cds-YP_009724393.1	TAT	Y	TCT	S	47
NC_045512.2	26663	T	G	15080	6830	49	9	8	33	0.000595829	15105	0.923938	FALSE	M:cds-YP_009724393.1	TAT	Y	TAG	*	47
NC_045512.2	26663	T	C	15080	6830	49	2	1	43	0.000132406	15105	0.499453	FALSE	M:cds-YP_009724393.1	TAT	Y	TAC	Y	47
NC_045512.2	26663	T	A	15080	6830	49	14	14	34	0.000926845	15105	0.643861	FALSE	M:cds-YP_009724393.1	TAT	Y	TAA	*	47
NC_045512.2	26664	A	T	15043	6923	49	24	23	32	0.00159215	15074	0.0994315	FALSE	M:cds-YP_009724393.1	ATA	I	TTA	L	48
NC_045512.2	26664	A	G	15043	6923	49	3	3	31	0.000199018	15074	0.999337	FALSE	M:cds-YP_009724393.1	ATA	I	GTA	V	48
NC_045512.2	26664	A	C	15043	6923	49	4	4	30	0.000265358	15074	0.997768	FALSE	M:cds-YP_009724393.1	ATA	I	CTA	L	48
NC_045512.2	26665	T	G	15224	7011	49	1	0	34	6.55738e-05	15250	0.999985	FALSE	M:cds-YP_009724393.1	ATA	I	AGA	R	48
NC_045512.2	26665	T	C	15224	7011	49	1	1	34	6.55738e-05	15250	0.999985	FALSE	M:cds-YP_009724393.1	ATA	I	ACA	T	48
NC_045512.2	26665	T	A	15224	7011	49	24	24	32	0.00157377	15250	0.0996154	FALSE	M:cds-YP_009724393.1	ATA	I	AAA	K	48
NC_045512.2	26666	A	T	15177	6985	49	26	26	32	0.0017094	15210	0.0583666	FALSE	M:cds-YP_009724393.1	ATA	I	ATT	I	48
NC_045512.2	26666	A	G	15177	6985	49	3	3	34	0.000197239	15210	0.999337	FALSE	M:cds-YP_009724393.1	ATA	I	ATG	M	48
NC_045512.2	26666	A	C	15177	6985	49	4	2	30	0.000262985	15210	0.997766	FALSE	M:cds-YP_009724393.1	ATA	I	ATC	I	48
NC_045512.2	26667	A	T	15251	7057	49	7	7	34	0.000458655	15262	0.973775	FALSE	M:cds-YP_009724393.1	ATT	I	TTT	F	49
NC_045512.2	26667	A	G	15251	7057	49	1	1	34	6.55222e-05	15262	0.999985	FALSE	M:cds-YP_009724393.1	ATT	I	GTT	V	49
NC_045512.2	26667	A	C	15251	7057	49	3	3	28	0.000196567	15262	1	FALSE	M:cds-YP_009724393.1	ATT	I	CTT	L	49
NC_045512.2	26668	T	C	15066	6975	49	3	2	42	0.00019886	15086	0.31209	FALSE	M:cds-YP_009724393.1	ATT	I	ACT	T	49
NC_045512.2	26668	T	A	15066	6975	49	17	17	33	0.00112687	15086	0.429839	FALSE	M:cds-YP_009724393.1	ATT	I	AAT	N	49
NC_045512.2	26669	T	G	14144	6741	47	4	4	34	0.000282426	14163	0.996217	FALSE	M:cds-YP_009724393.1	ATT	I	ATG	M	49
NC_045512.2	26669	T	C	14144	6741	47	5	5	34	0.000353033	14163	0.990363	FALSE	M:cds-YP_009724393.1	ATT	I	ATC	I	49
NC_045512.2	26669	T	A	14144	6741	47	10	10	32	0.000706065	14163	0.846045	FALSE	M:cds-YP_009724393.1	ATT	I	ATA	I	49
NC_045512.2	26670	A	T	14815	6787	49	20	20	32	0.00134798	14837	0.195573	FALSE	M:cds-YP_009724393.1	AAG	K	TAG	*	50
NC_045512.2	26670	A	C	14815	6787	49	2	2	34	0.000134798	14837	0.999739	FALSE	M:cds-YP_009724393.1	AAG	K	CAG	Q	50
NC_045512.2	26671	A	T	14455	6803	48	12	12	32	0.000829073	14474	0.721133	FALSE	M:cds-YP_009724393.1	AAG	K	ATG	M	50
NC_045512.2	26671	A	G	14455	6803	48	3	3	46	0.000207268	14474	0.312098	FALSE	M:cds-YP_009724393.1	AAG	K	AGG	R	50
NC_045512.2	26671	A	C	14455	6803	48	4	4	30	0.000276358	14474	0.996217	FALSE	M:cds-YP_009724393.1	AAG	K	ACG	T	50
NC_045512.2	26672	G	T	14818	6796	50	11	11	32	0.000740641	14852	0.786836	FALSE	M:cds-YP_009724393.1	AAG	K	AAT	N	50
NC_045512.2	26672	G	C	14818	6796	50	3	3	31	0.000201993	14852	0.998812	FALSE	M:cds-YP_009724393.1	AAG	K	AAC	N	50
NC_045512.2	26672	G	A	14818	6796	50	20	20	33	0.00134662	14852	0.194919	FALSE	M:cds-YP_009724393.1	AAG	K	AAA	K	50
NC_045512.2	26673	T	G	14258	6277	47	16	14	33	0.00111974	14289	0.426667	FALSE	M:cds-YP_009724393.1	TTA	L	GTA	V	51
NC_045512.2	26673	T	A	14258	6277	47	15	14	30	0.00104976	14289	0.498861	FALSE	M:cds-YP_009724393.1	TTA	L	ATA	I	51
NC_045512.2	26674	T	G	14706	6749	50	5	5	32	0.000339582	14724	0.990368	FALSE	M:cds-YP_009724393.1	TTA	L	TGA	*	51
NC_045512.2	26674	T	C	14706	6749	50	2	2	34	0.000135833	14724	0.99974	FALSE	M:cds-YP_009724393.1	TTA	L	TCA	S	51
NC_045512.2	26674	T	A	14706	6749	50	11	11	34	0.00074708	14724	0.787623	FALSE	M:cds-YP_009724393.1	TTA	L	TAA	*	51
NC_045512.2	26675	A	T	14664	6785	50	21	20	33	0.00142896	14696	0.154625	FALSE	M:cds-YP_009724393.1	TTA	L	TTT	F	51
NC_045512.2	26675	A	G	14664	6785	50	11	9	35	0.000748503	14696	0.786925	FALSE	M:cds-YP_009724393.1	TTA	L	TTG	L	51
NC_045512.2	26676	A	T	14838	7122	50	9	9	32	0.000605979	14852	0.894951	FALSE	M:cds-YP_009724393.1	ATT	I	TTT	F	52
NC_045512.2	26676	A	G	14838	7122	50	4	3	32	0.000269324	14852	0.996226	FALSE	M:cds-YP_009724393.1	ATT	I	GTT	V	52
NC_045512.2	26676	A	C	14838	7122	50	1	0	27	6.7331e-05	14852	1	FALSE	M:cds-YP_009724393.1	ATT	I	CTT	L	52
NC_045512.2	26677	T	C	14926	7058	50	2	2	34	0.000133824	14945	0.999739	FALSE	M:cds-YP_009724393.1	ATT	I	ACT	T	52
NC_045512.2	26677	T	A	14926	7058	50	17	17	33	0.0011375	14945	0.35991	FALSE	M:cds-YP_009724393.1	ATT	I	AAT	N	52
NC_045512.2	26678	T	G	14994	7181	50	1	0	27	6.66089e-05	15013	1	FALSE	M:cds-YP_009724393.1	ATT	I	ATG	M	52
NC_045512.2	26678	T	C	14994	7181	50	3	3	45	0.000199827	15013	0.312113	FALSE	M:cds-YP_009724393.1	ATT	I	ATC	I	52
NC_045512.2	26678	T	A	14994	7181	50	15	14	33	0.000999134	15013	0.572052	FALSE	M:cds-YP_009724393.1	ATT	I	ATA	I	52
NC_045512.2	26679	T	G	15036	7216	51	1	1	34	6.64364e-05	15052	0.999985	FALSE	M:cds-YP_009724393.1	TTC	F	GTC	V	53
NC_045512.2	26679	T	C	15036	7216	51	4	3	46	0.000265745	15052	0.187251	FALSE	M:cds-YP_009724393.1	TTC	F	CTC	L	53
NC_045512.2	26679	T	A	15036	7216	51	11	10	32	0.0007308	15052	0.836467	FALSE	M:cds-YP_009724393.1	TTC	F	ATC	I	53
NC_045512.2	26680	T	G	14866	7253	50	2	1	30	0.000134454	14875	0.999741	FALSE	M:cds-YP_009724393.1	TTC	F	TGC	C	53
NC_045512.2	26680	T	C	14866	7253	50	3	3	40	0.000201681	14875	0.312361	FALSE	M:cds-YP_009724393.1	TTC	F	TCC	S	53
NC_045512.2	26680	T	A	14866	7253	50	4	3	25	0.000268908	14875	1	FALSE	M:cds-YP_009724393.1	TTC	F	TAC	Y	53
NC_045512.2	26681	C	T	14781	7313	49	31	31	33	0.00209247	14815	0.00799763	TRUE	M:cds-YP_009724393.1	TTC	F	TTT	F	53
NC_045512.2	26681	C	G	14781	7313	49	1	1	34	6.74992e-05	14815	0.999969	FALSE	M:cds-YP_009724393.1	TTC	F	TTG	L	53
NC_045512.2	26681	C	A	14781	7313	49	2	2	30	0.000134998	14815	0.999738	FALSE	M:cds-YP_009724393.1	TTC	F	TTA	L	53
NC_045512.2	26682	C	T	14801	7400	50	17	17	33	0.00114702	14821	0.359837	FALSE	M:cds-YP_009724393.1	CTC	L	TTC	F	54
NC_045512.2	26682	C	G	14801	7400	50	1	1	34	6.74718e-05	14821	0.999969	FALSE	M:cds-YP_009724393.1	CTC	L	GTC	V	54
NC_045512.2	26682	C	A	14801	7400	50	2	2	34	0.000134944	14821	0.999739	FALSE	M:cds-YP_009724393.1	CTC	L	ATC	I	54
NC_045512.2	26683	T	G	14729	7224	49	2	2	34	0.000135584	14751	0.999739	FALSE	M:cds-YP_009724393.1	CTC	L	CGC	R	54
NC_045512.2	26683	T	C	14729	7224	49	18	18	32	0.00122026	14751	0.298006	FALSE	M:cds-YP_009724393.1	CTC	L	CCC	P	54
NC_045512.2	26683	T	A	14729	7224	49	2	2	34	0.000135584	14751	0.999739	FALSE	M:cds-YP_009724393.1	CTC	L	CAC	H	54
NC_045512.2	26684	C	T	14857	7533	50	14	14	33	0.00094124	14874	0.574617	FALSE	M:cds-YP_009724393.1	CTC	L	CTT	L	54
NC_045512.2	26684	C	G	14857	7533	50	2	2	34	0.000134463	14874	0.99974	FALSE	M:cds-YP_009724393.1	CTC	L	CTG	L	54
NC_045512.2	26684	C	A	14857	7533	50	1	1	34	6.72314e-05	14874	0.999969	FALSE	M:cds-YP_009724393.1	CTC	L	CTA	L	54
NC_045512.2	26685	T	G	14557	7266	49	2	1	34	0.000137071	14591	0.999738	FALSE	M:cds-YP_009724393.1	TGG	W	GGG	G	55
NC_045512.2	26685	T	C	14557	7266	49	30	29	33	0.00205606	14591	0.011244	FALSE	M:cds-YP_009724393.1	TGG	W	CGG	R	55
NC_045512.2	26685	T	A	14557	7266	49	2	2	34	0.000137071	14591	0.999738	FALSE	M:cds-YP_009724393.1	TGG	W	AGG	R	55
NC_045512.2	26686	G	T	14851	7413	50	22	22	32	0.00147849	14880	0.121105	FALSE	M:cds-YP_009724393.1	TGG	W	TTG	L	55
NC_045512.2	26686	G	C	14851	7413	50	6	6	34	0.000403226	14880	0.979174	FALSE	M:cds-YP_009724393.1	TGG	W	TCG	S	55
NC_045512.2	26686	G	A	14851	7413	50	1	1	34	6.72043e-05	14880	0.999969	FALSE	M:cds-YP_009724393.1	TGG	W	TAG	*	55
NC_045512.2	26687	G	T	14916	7701	51	5	5	30	0.000334784	14935	0.990365	FALSE	M:cds-YP_009724393.1	TGG	W	TGT	C	55
NC_045512.2	26687	G	C	14916	7701	51	12	11	32	0.000803482	14935	0.721141	FALSE	M:cds-YP_009724393.1	TGG	W	TGC	C	55
NC_045512.2	26687	G	A	14916	7701	51	2	2	30	0.000133914	14935	0.999739	FALSE	M:cds-YP_009724393.1	TGG	W	TGA	*	55
NC_045512.2	26688	C	T	14773	8086	49	11	11	33	0.000742942	14806	0.786882	FALSE	M:cds-YP_009724393.1	CTG	L	TTG	L	56
NC_045512.2	26688	C	G	14773	8086	49	16	16	32	0.00108064	14806	0.426559	FALSE	M:cds-YP_009724393.1	CTG	L	GTG	V	56
NC_045512.2	26688	C	A	14773	8086	49	6	6	32	0.000405241	14806	0.979144	FALSE	M:cds-YP_009724393.1	CTG	L	ATG	M	56
NC_045512.2	26689	T	G	14860	8036	49	14	14	31	0.000940102	14892	0.573562	FALSE	M:cds-YP_009724393.1	CTG	L	CGG	R	56
NC_045512.2	26689	T	C	14860	8036	49	16	16	33	0.0010744	14892	0.426639	FALSE	M:cds-YP_009724393.1	CTG	L	CCG	P	56
NC_045512.2	26689	T	A	14860	8036	49	2	2	30	0.0001343	14892	0.999738	FALSE	M:cds-YP_009724393.1	CTG	L	CAG	Q	56
NC_045512.2	26690	G	T	16132	8217	49	18	18	32	0.00111393	16159	0.431475	FALSE	M:cds-YP_009724393.1	CTG	L	CTT	L	56
NC_045512.2	26690	G	C	16132	8217	49	6	6	32	0.00037131	16159	0.991502	FALSE	M:cds-YP_009724393.1	CTG	L	CTC	L	56
NC_045512.2	26690	G	A	16132	8217	49	3	3	34	0.000185655	16159	0.999633	FALSE	M:cds-YP_009724393.1	CTG	L	CTA	L	56
NC_045512.2	26691	T	G	16059	8228	49	19	19	32	0.00118042	16096	0.366683	FALSE	M:cds-YP_009724393.1	TTA	L	GTA	V	57
NC_045512.2	26691	T	C	16059	8228	49	15	15	32	0.000931909	16096	0.638643	FALSE	M:cds-YP_009724393.1	TTA	L	CTA	L	57
NC_045512.2	26691	T	A	16059	8228	49	3	3	31	0.000186382	16096	0.999631	FALSE	M:cds-YP_009724393.1	TTA	L	ATA	I	57
NC_045512.2	26692	T	G	15824	8036	48	6	5	31	0.000378907	15835	0.986703	FALSE	M:cds-YP_009724393.1	TTA	L	TGA	*	57
NC_045512.2	26692	T	C	15824	8036	48	1	1	68	6.31512e-05	15835	0.499858	FALSE	M:cds-YP_009724393.1	TTA	L	TCA	S	57
NC_045512.2	26692	T	A	15824	8036	48	4	4	32	0.000252605	15835	0.997787	FALSE	M:cds-YP_009724393.1	TTA	L	TAA	*	57
NC_045512.2	26693	A	T	14032	8631	43	36	23	31	0.00255646	14082	0.00127624	TRUE	M:cds-YP_009724393.1	TTA	L	TTT	F	57
NC_045512.2	26693	A	G	14032	8631	43	13	12	34	0.000923164	14082	0.647024	FALSE	M:cds-YP_009724393.1	TTA	L	TTG	L	57
NC_045512.2	26693	A	C	14032	8631	43	1	1	34	7.10126e-05	14082	0.999969	FALSE	M:cds-YP_009724393.1	TTA	L	TTC	F	57
NC_045512.2	26693	A	+G	14032	8631	43	1	0	20	7.10126e-05	14082	1	FALSE	NA	NA	NA	NA	NA	NA
NC_045512.2	26694	T	G	16042	8388	48	1	1	34	6.22432e-05	16066	0.999992	FALSE	M:cds-YP_009724393.1	TGG	W	GGG	G	58
NC_045512.2	26694	T	C	16042	8388	48	1	1	34	6.22432e-05	16066	0.999992	FALSE	M:cds-YP_009724393.1	TGG	W	CGG	R	58
NC_045512.2	26694	T	A	16042	8388	48	22	22	33	0.00136935	16066	0.208652	FALSE	M:cds-YP_009724393.1	TGG	W	AGG	R	58
NC_045512.2	26695	G	T	15944	8288	48	30	30	33	0.00187711	15982	0.0177204	FALSE	M:cds-YP_009724393.1	TGG	W	TTG	L	58
NC_045512.2	26695	G	C	15944	8288	48	1	1	34	6.25704e-05	15982	0.999985	FALSE	M:cds-YP_009724393.1	TGG	W	TCG	S	58
NC_045512.2	26695	G	A	15944	8288	48	7	7	32	0.000437993	15982	0.973532	FALSE	M:cds-YP_009724393.1	TGG	W	TAG	*	58
NC_045512.2	26696	G	T	16146	8399	48	5	5	34	0.000309234	16169	0.996385	FALSE	M:cds-YP_009724393.1	TGG	W	TGT	C	58
NC_045512.2	26696	G	C	16146	8399	48	3	3	31	0.00018554	16169	0.999634	FALSE	M:cds-YP_009724393.1	TGG	W	TGC	C	58
NC_045512.2	26696	G	A	16146	8399	48	15	15	32	0.000927701	16169	0.63956	FALSE	M:cds-YP_009724393.1	TGG	W	TGA	*	58
NC_045512.2	26697	C	T	15934	8230	48	14	14	32	0.00087626	15977	0.642752	FALSE	M:cds-YP_009724393.1	CCA	P	TCA	S	59
NC_045512.2	26697	C	G	15934	8230	48	23	23	32	0.00143957	15977	0.127027	FALSE	M:cds-YP_009724393.1	CCA	P	GCA	A	59
NC_045512.2	26697	C	A	15934	8230	48	6	4	44	0.00037554	15977	0.0621102	FALSE	M:cds-YP_009724393.1	CCA	P	ACA	T	59
NC_045512.2	26698	C	T	15961	8469	48	3	3	34	0.000187652	15987	0.999339	FALSE	M:cds-YP_009724393.1	CCA	P	CTA	L	59
NC_045512.2	26698	C	G	15961	8469	48	18	17	33	0.00112591	15987	0.363622	FALSE	M:cds-YP_009724393.1	CCA	P	CGA	R	59
NC_045512.2	26698	C	A	15961	8469	48	5	5	30	0.000312754	15987	0.994057	FALSE	M:cds-YP_009724393.1	CCA	P	CAA	Q	59
NC_045512.2	26699	A	T	14762	7389	48	2	2	34	0.000135062	14808	0.999736	FALSE	M:cds-YP_009724393.1	CCA	P	CCT	P	59
NC_045512.2	26699	A	G	14762	7389	48	20	15	42	0.00135062	14808	1.02626e-05	TRUE	M:cds-YP_009724393.1	CCA	P	CCG	P	59
NC_045512.2	26699	A	C	14762	7389	48	24	24	33	0.00162075	14808	0.0709282	FALSE	M:cds-YP_009724393.1	CCA	P	CCC	P	59
NC_045512.2	26700	G	T	14849	7401	48	5	5	32	0.000335886	14886	0.990297	FALSE	M:cds-YP_009724393.1	GTA	V	TTA	L	60
NC_045512.2	26700	G	C	14849	7401	48	12	12	32	0.000806127	14886	0.720093	FALSE	M:cds-YP_009724393.1	GTA	V	CTA	L	60
NC_045512.2	26700	G	A	14849	7401	48	20	20	32	0.00134354	14886	0.194758	FALSE	M:cds-YP_009724393.1	GTA	V	ATA	I	60
NC_045512.2	26701	T	G	14884	7665	48	25	24	33	0.00167504	14925	0.0536059	FALSE	M:cds-YP_009724393.1	GTA	V	GGA	G	60
NC_045512.2	26701	T	C	14884	7665	48	12	12	33	0.00080402	14925	0.719864	FALSE	M:cds-YP_009724393.1	GTA	V	GCA	A	60
NC_045512.2	26701	T	A	14884	7665	48	4	4	32	0.000268007	14925	0.996183	FALSE	M:cds-YP_009724393.1	GTA	V	GAA	E	60
NC_045512.2	26701	T	-A	14884	7665	48	1	0	20	6.70017e-05	14925	1	FALSE	NA	NA	NA	NA	NA	NA
NC_045512.2	26702	A	T	14946	7732	48	24	24	33	0.00160246	14977	0.0713294	FALSE	M:cds-YP_009724393.1	GTA	V	GTT	V	60
NC_045512.2	26702	A	G	14946	7732	48	6	5	32	0.000400614	14977	0.979153	FALSE	M:cds-YP_009724393.1	GTA	V	GTG	V	60
NC_045512.2	26702	A	C	14946	7732	48	1	1	34	6.6769e-05	14977	0.999969	FALSE	M:cds-YP_009724393.1	GTA	V	GTC	V	60
NC_045512.2	26703	A	T	15255	7924	49	7	7	31	0.000458325	15273	0.973709	FALSE	M:cds-YP_009724393.1	ACT	T	TCT	S	61
NC_045512.2	26703	A	G	15255	7924	49	10	10	31	0.00065475	15273	0.885111	FALSE	M:cds-YP_009724393.1	ACT	T	GCT	A	61
NC_045512.2	26703	A	C	15255	7924	49	1	1	26	6.5475e-05	15273	1	FALSE	M:cds-YP_009724393.1	ACT	T	CCT	P	61
NC_045512.2	26704	C	T	15317	7888	49	14	14	33	0.000911636	15357	0.642881	FALSE	M:cds-YP_009724393.1	ACT	T	ATT	I	61
NC_045512.2	26704	C	G	15317	7888	49	1	1	34	6.51169e-05	15357	0.999984	FALSE	M:cds-YP_009724393.1	ACT	T	AGT	S	61
NC_045512.2	26704	C	A	15317	7888	49	25	25	33	0.00162792	15357	0.0763799	FALSE	M:cds-YP_009724393.1	ACT	T	AAT	N	61
NC_045512.2	26705	T	C	15016	7638	49	21	21	32	0.00139507	15053	0.201527	FALSE	M:cds-YP_009724393.1	ACT	T	ACC	T	61
NC_045512.2	26705	T	A	15016	7638	49	16	16	33	0.00106291	15053	0.498511	FALSE	M:cds-YP_009724393.1	ACT	T	ACA	T	61
NC_045512.2	26706	T	G	14990	7610	48	3	3	34	0.000199867	15010	0.999341	FALSE	M:cds-YP_009724393.1	TTA	L	GTA	V	62
NC_045512.2	26706	T	C	14990	7610	48	4	4	32	0.000266489	15010	0.997779	FALSE	M:cds-YP_009724393.1	TTA	L	CTA	L	62
NC_045512.2	26706	T	A	14990	7610	48	13	13	33	0.000866089	15010	0.713934	FALSE	M:cds-YP_009724393.1	TTA	L	ATA	I	62
NC_045512.2	26707	T	G	15114	7740	49	3	3	31	0.000198255	15132	0.999342	FALSE	M:cds-YP_009724393.1	TTA	L	TGA	*	62
NC_045512.2	26707	T	C	15114	7740	49	10	10	34	0.000660851	15132	0.88511	FALSE	M:cds-YP_009724393.1	TTA	L	TCA	S	62
NC_045512.2	26707	T	A	15114	7740	49	5	5	34	0.000330426	15132	0.994075	FALSE	M:cds-YP_009724393.1	TTA	L	TAA	*	62
NC_045512.2	26708	A	T	15185	7729	49	36	36	33	0.00236469	15224	0.00228062	TRUE	M:cds-YP_009724393.1	TTA	L	TTT	F	62
NC_045512.2	26708	A	G	15185	7729	49	3	3	31	0.000197057	15224	0.999335	FALSE	M:cds-YP_009724393.1	TTA	L	TTG	L	62
NC_045512.2	26709	G	T	4	4	42	17	17	31	0.00114109	14898	6.32435e-45	TRUE	M:cds-YP_009724393.1	GCT	A	TCT	S	63
NC_045512.2	26709	G	C	4	4	42	1	0	27	6.71231e-05	14898	0.04901	FALSE	M:cds-YP_009724393.1	GCT	A	CCT	P	63
NC_045512.2	26709	G	A	4	4	42	14876	7884	47	0.998523	14898	0	TRUE	M:cds-YP_009724393.1	GCT	A	ACT	T	63
NC_045512.2	26710	C	T	15211	7927	48	16	16	33	0.00104911	15251	0.498309	FALSE	M:cds-YP_009724393.1	GCT	A	GTT	V	63
NC_045512.2	26710	C	G	15211	7927	48	1	1	34	6.55695e-05	15251	0.999984	FALSE	M:cds-YP_009724393.1	GCT	A	GGT	G	63
NC_045512.2	26710	C	A	15211	7927	48	23	23	33	0.0015081	15251	0.127111	FALSE	M:cds-YP_009724393.1	GCT	A	GAT	D	63
NC_045512.2	26711	T	C	15140	7876	49	17	17	33	0.00112026	15175	0.428733	FALSE	M:cds-YP_009724393.1	GCT	A	GCC	A	63
NC_045512.2	26711	T	A	15140	7876	49	18	18	33	0.00118616	15175	0.362948	FALSE	M:cds-YP_009724393.1	GCT	A	GCA	A	63
NC_045512.2	26712	T	C	14936	7729	49	4	4	30	0.000267487	14954	0.996219	FALSE	M:cds-YP_009724393.1	TGT	C	CGT	R	64
NC_045512.2	26712	T	A	14936	7729	49	14	14	31	0.000936204	14954	0.574548	FALSE	M:cds-YP_009724393.1	TGT	C	AGT	S	64
NC_045512.2	26713	G	T	15105	7504	48	29	29	33	0.0019147	15146	0.024165	FALSE	M:cds-YP_009724393.1	TGT	C	TTT	F	64
NC_045512.2	26713	G	C	15105	7504	48	8	8	33	0.000528192	15146	0.952996	FALSE	M:cds-YP_009724393.1	TGT	C	TCT	S	64
NC_045512.2	26713	G	A	15105	7504	48	4	4	34	0.000264096	15146	0.997758	FALSE	M:cds-YP_009724393.1	TGT	C	TAT	Y	64
NC_045512.2	26714	T	G	15277	7743	48	22	22	30	0.00143781	15301	0.161808	FALSE	M:cds-YP_009724393.1	TGT	C	TGG	W	64
NC_045512.2	26714	T	C	15277	7743	48	1	1	34	6.53552e-05	15301	0.999985	FALSE	M:cds-YP_009724393.1	TGT	C	TGC	C	64
NC_045512.2	26714	T	A	15277	7743	48	1	1	34	6.53552e-05	15301	0.999985	FALSE	M:cds-YP_009724393.1	TGT	C	TGA	*	64
NC_045512.2	26715	T	G	14397	6850	46	7	6	30	0.000485841	14408	0.960837	FALSE	M:cds-YP_009724393.1	TTT	F	GTT	V	65
NC_045512.2	26715	T	C	14397	6850	46	1	1	34	6.94059e-05	14408	0.999969	FALSE	M:cds-YP_009724393.1	TTT	F	CTT	L	65
NC_045512.2	26715	T	A	14397	6850	46	3	3	31	0.000208218	14408	0.998825	FALSE	M:cds-YP_009724393.1	TTT	F	ATT	I	65
NC_045512.2	26716	T	G	15324	7750	49	13	13	32	0.000847292	15343	0.713999	FALSE	M:cds-YP_009724393.1	TTT	F	TGT	C	65
NC_045512.2	26716	T	C	15324	7750	49	1	1	34	6.51763e-05	15343	0.999985	FALSE	M:cds-YP_009724393.1	TTT	F	TCT	S	65
NC_045512.2	26716	T	A	15324	7750	49	5	5	32	0.000325882	15343	0.994073	FALSE	M:cds-YP_009724393.1	TTT	F	TAT	Y	65
NC_045512.2	26717	T	G	15174	7647	49	1	1	34	6.58675e-05	15182	0.999985	FALSE	M:cds-YP_009724393.1	TTT	F	TTG	L	65
NC_045512.2	26717	T	C	15174	7647	49	2	2	47	0.000131735	15182	0.499876	FALSE	M:cds-YP_009724393.1	TTT	F	TTC	F	65
NC_045512.2	26717	T	A	15174	7647	49	5	4	34	0.000329337	15182	0.9941	FALSE	M:cds-YP_009724393.1	TTT	F	TTA	L	65
NC_045512.2	26718	G	T	15200	7610	49	36	36	33	0.00236189	15242	0.00227566	TRUE	M:cds-YP_009724393.1	GTG	V	TTG	L	66
NC_045512.2	26718	G	C	15200	7610	49	2	2	30	0.000131216	15242	0.99986	FALSE	M:cds-YP_009724393.1	GTG	V	CTG	L	66
NC_045512.2	26718	G	A	15200	7610	49	4	4	32	0.000262433	15242	0.997757	FALSE	M:cds-YP_009724393.1	GTG	V	ATG	M	66
NC_045512.2	26719	T	G	15141	7667	48	20	19	33	0.00131865	15167	0.249343	FALSE	M:cds-YP_009724393.1	GTG	V	GGG	G	66
NC_045512.2	26719	T	C	15141	7667	48	1	1	46	6.59326e-05	15167	0.749612	FALSE	M:cds-YP_009724393.1	GTG	V	GCG	A	66
NC_045512.2	26719	T	A	15141	7667	48	5	5	34	0.000329663	15167	0.994056	FALSE	M:cds-YP_009724393.1	GTG	V	GAG	E	66
NC_045512.2	26720	G	T	15210	7612	49	36	35	33	0.00235988	15255	0.00227071	TRUE	M:cds-YP_009724393.1	GTG	V	GTT	V	66
NC_045512.2	26720	G	C	15210	7612	49	1	1	26	6.55523e-05	15255	1	FALSE	M:cds-YP_009724393.1	GTG	V	GTC	V	66
NC_045512.2	26720	G	A	15210	7612	49	8	8	37	0.000524418	15255	0.952937	FALSE	M:cds-YP_009724393.1	GTG	V	GTA	V	66
NC_045512.2	26721	C	T	15121	7698	48	11	7	37	0.00072502	15172	0.835	FALSE	M:cds-YP_009724393.1	CTT	L	TTT	F	67
NC_045512.2	26721	C	G	15121	7698	48	33	33	32	0.00217506	15172	0.00653453	TRUE	M:cds-YP_009724393.1	CTT	L	GTT	V	67
NC_045512.2	26721	C	A	15121	7698	48	7	5	33	0.000461376	15172	0.973397	FALSE	M:cds-YP_009724393.1	CTT	L	ATT	I	67
NC_045512.2	26722	T	G	14744	7207	49	5	4	30	0.000338455	14773	0.990327	FALSE	M:cds-YP_009724393.1	CTT	L	CGT	R	67
NC_045512.2	26722	T	C	14744	7207	49	21	20	32	0.00142151	14773	0.154772	FALSE	M:cds-YP_009724393.1	CTT	L	CCT	P	67
NC_045512.2	26722	T	A	14744	7207	49	3	3	31	0.000203073	14773	0.998815	FALSE	M:cds-YP_009724393.1	CTT	L	CAT	H	67
NC_045512.2	26723	T	G	14781	7279	49	8	8	32	0.00054065	14797	0.933028	FALSE	M:cds-YP_009724393.1	CTT	L	CTG	L	67
NC_045512.2	26723	T	C	14781	7279	49	3	3	34	0.000202744	14797	0.998822	FALSE	M:cds-YP_009724393.1	CTT	L	CTC	L	67
NC_045512.2	26723	T	A	14781	7279	49	5	5	32	0.000337906	14797	0.990376	FALSE	M:cds-YP_009724393.1	CTT	L	CTA	L	67
NC_045512.2	26724	G	T	14766	7249	49	30	30	32	0.00202607	14807	0.0111989	FALSE	M:cds-YP_009724393.1	GCT	A	TCT	S	68
NC_045512.2	26724	G	C	14766	7249	49	7	7	32	0.000472749	14807	0.960441	FALSE	M:cds-YP_009724393.1	GCT	A	CCT	P	68
NC_045512.2	26724	G	A	14766	7249	49	4	4	28	0.000270143	14807	1	FALSE	M:cds-YP_009724393.1	GCT	A	ACT	T	68
NC_045512.2	26725	C	T	14728	7509	48	19	18	34	0.00128665	14767	0.242138	FALSE	M:cds-YP_009724393.1	GCT	A	GTT	V	68
NC_045512.2	26725	C	G	14728	7509	48	17	17	33	0.00115122	14767	0.358485	FALSE	M:cds-YP_009724393.1	GCT	A	GGT	G	68
NC_045512.2	26725	C	A	14728	7509	48	3	3	34	0.000203156	14767	0.99881	FALSE	M:cds-YP_009724393.1	GCT	A	GAT	D	68
NC_045512.2	26726	T	G	14833	7577	48	5	5	32	0.000336428	14862	0.990327	FALSE	M:cds-YP_009724393.1	GCT	A	GCG	A	68
NC_045512.2	26726	T	C	14833	7577	48	22	20	34	0.00148029	14862	0.121104	FALSE	M:cds-YP_009724393.1	GCT	A	GCC	A	68
NC_045512.2	26726	T	A	14833	7577	48	2	2	30	0.000134571	14862	0.999738	FALSE	M:cds-YP_009724393.1	GCT	A	GCA	A	68
NC_045512.2	26727	G	T	15023	7475	48	25	25	33	0.00166047	15056	0.0765809	FALSE	M:cds-YP_009724393.1	GCT	A	TCT	S	69
NC_045512.2	26727	G	C	15023	7475	48	5	5	32	0.000332094	15056	0.994038	FALSE	M:cds-YP_009724393.1	GCT	A	CCT	P	69
NC_045512.2	26727	G	A	15023	7475	48	3	3	31	0.000199256	15056	0.999337	FALSE	M:cds-YP_009724393.1	GCT	A	ACT	T	69
NC_045512.2	26728	C	T	14973	7631	48	8	8	33	0.000533262	15002	0.95318	FALSE	M:cds-YP_009724393.1	GCT	A	GTT	V	69
NC_045512.2	26728	C	G	14973	7631	48	18	18	32	0.00119984	15002	0.363369	FALSE	M:cds-YP_009724393.1	GCT	A	GGT	G	69
NC_045512.2	26728	C	A	14973	7631	48	3	2	34	0.000199973	15002	0.999338	FALSE	M:cds-YP_009724393.1	GCT	A	GAT	D	69
NC_045512.2	26729	T	G	15066	7571	48	3	3	31	0.000198754	15094	0.999338	FALSE	M:cds-YP_009724393.1	GCT	A	GCG	A	69
NC_045512.2	26729	T	C	15066	7571	48	23	22	31	0.00152378	15094	0.127616	FALSE	M:cds-YP_009724393.1	GCT	A	GCC	A	69
NC_045512.2	26729	T	A	15066	7571	48	2	2	34	0.000132503	15094	0.999861	FALSE	M:cds-YP_009724393.1	GCT	A	GCA	A	69
NC_045512.2	26730	G	T	15084	7545	48	23	22	34	0.00152177	15114	0.127531	FALSE	M:cds-YP_009724393.1	GTT	V	TTT	F	70
NC_045512.2	26730	G	C	15084	7545	48	4	4	34	0.000264655	15114	0.997769	FALSE	M:cds-YP_009724393.1	GTT	V	CTT	L	70
NC_045512.2	26730	G	A	15084	7545	48	3	3	31	0.000198491	15114	0.999338	FALSE	M:cds-YP_009724393.1	GTT	V	ATT	I	70
NC_045512.2	26731	T	G	13037	5523	44	19	18	32	0.0014536	13071	0.187573	FALSE	M:cds-YP_009724393.1	GTT	V	GGT	G	70
NC_045512.2	26731	T	C	13037	5523	44	12	12	33	0.000918063	13071	0.653555	FALSE	M:cds-YP_009724393.1	GTT	V	GCT	A	70
NC_045512.2	26731	T	A	13037	5523	44	3	3	34	0.000229516	13071	0.997885	FALSE	M:cds-YP_009724393.1	GTT	V	GAT	D	70
NC_045512.2	26732	T	G	15092	7542	48	4	4	34	0.000264918	15099	0.997791	FALSE	M:cds-YP_009724393.1	GTT	V	GTG	V	70
NC_045512.2	26732	T	A	15092	7542	48	3	3	34	0.000198689	15099	0.999345	FALSE	M:cds-YP_009724393.1	GTT	V	GTA	V	70
NC_045512.2	26733	T	G	15108	7581	48	9	9	32	0.000595159	15122	0.924194	FALSE	M:cds-YP_009724393.1	TAC	Y	GAC	D	71
NC_045512.2	26733	T	C	15108	7581	48	3	2	31	0.000198386	15122	0.999343	FALSE	M:cds-YP_009724393.1	TAC	Y	CAC	H	71
NC_045512.2	26733	T	A	15108	7581	48	2	2	30	0.000132258	15122	0.999862	FALSE	M:cds-YP_009724393.1	TAC	Y	AAC	N	71
NC_045512.2	26734	A	T	14972	7461	48	30	30	33	0.0019992	15006	0.017751	FALSE	M:cds-YP_009724393.1	TAC	Y	TTC	F	71
NC_045512.2	26734	A	G	14972	7461	48	1	1	34	6.664e-05	15006	0.999985	FALSE	M:cds-YP_009724393.1	TAC	Y	TGC	C	71
NC_045512.2	26734	A	C	14972	7461	48	3	3	34	0.00019992	15006	0.999337	FALSE	M:cds-YP_009724393.1	TAC	Y	TCC	S	71
NC_045512.2	26735	C	T	14914	7513	48	21	20	33	0.00140402	14957	0.154116	FALSE	M:cds-YP_009724393.1	TAC	Y	TAT	Y	71
NC_045512.2	26735	C	G	14914	7513	48	3	3	34	0.000200575	14957	0.998808	FALSE	M:cds-YP_009724393.1	TAC	Y	TAG	*	71
NC_045512.2	26735	C	A	14914	7513	48	19	19	34	0.00127031	14957	0.241912	FALSE	M:cds-YP_009724393.1	TAC	Y	TAA	*	71
NC_045512.2	26736	A	T	14563	7181	47	14	14	32	0.000959035	14598	0.573323	FALSE	M:cds-YP_009724393.1	AGA	R	TGA	*	72
NC_045512.2	26736	A	G	14563	7181	47	3	2	34	0.000205508	14598	0.998812	FALSE	M:cds-YP_009724393.1	AGA	R	GGA	G	72
NC_045512.2	26736	A	C	14563	7181	47	18	18	33	0.00123305	14598	0.297123	FALSE	M:cds-YP_009724393.1	AGA	R	CGA	R	72
NC_045512.2	26737	G	T	14998	7252	48	6	6	34	0.000399016	15037	0.986558	FALSE	M:cds-YP_009724393.1	AGA	R	ATA	I	72
NC_045512.2	26737	G	C	14998	7252	48	7	7	32	0.000465518	15037	0.973508	FALSE	M:cds-YP_009724393.1	AGA	R	ACA	T	72
NC_045512.2	26737	G	A	14998	7252	48	26	26	33	0.00172907	15037	0.0582143	FALSE	M:cds-YP_009724393.1	AGA	R	AAA	K	72
NC_045512.2	26738	A	T	14954	7334	48	6	5	38	0.000400347	14987	0.979145	FALSE	M:cds-YP_009724393.1	AGA	R	AGT	S	72
NC_045512.2	26738	A	G	14954	7334	48	15	14	36	0.00100087	14987	0.49877	FALSE	M:cds-YP_009724393.1	AGA	R	AGG	R	72
NC_045512.2	26738	A	C	14954	7334	48	12	12	32	0.000800694	14987	0.720333	FALSE	M:cds-YP_009724393.1	AGA	R	AGC	S	72
NC_045512.2	26739	A	T	14908	7584	47	2	2	34	0.000134066	14918	0.999741	FALSE	M:cds-YP_009724393.1	ATA	I	TTA	L	73
NC_045512.2	26739	A	G	14908	7584	47	5	5	34	0.000335166	14918	0.990398	FALSE	M:cds-YP_009724393.1	ATA	I	GTA	V	73
NC_045512.2	26739	A	C	14908	7584	47	3	3	34	0.000201099	14918	0.998825	FALSE	M:cds-YP_009724393.1	ATA	I	CTA	L	73
NC_045512.2	26740	T	G	14883	7716	47	12	12	31	0.000804343	14919	0.720154	FALSE	M:cds-YP_009724393.1	ATA	I	AGA	R	73
NC_045512.2	26740	T	C	14883	7716	47	2	2	30	0.000134057	14919	0.999737	FALSE	M:cds-YP_009724393.1	ATA	I	ACA	T	73
NC_045512.2	26740	T	A	14883	7716	47	22	22	32	0.00147463	14919	0.120821	FALSE	M:cds-YP_009724393.1	ATA	I	AAA	K	73
NC_045512.2	26741	A	T	14622	7489	47	23	23	33	0.00156975	14652	0.0935221	FALSE	M:cds-YP_009724393.1	ATA	I	ATT	I	73
NC_045512.2	26741	A	G	14622	7489	47	5	4	40	0.00034125	14652	0.108967	FALSE	M:cds-YP_009724393.1	ATA	I	ATG	M	73
NC_045512.2	26741	A	C	14622	7489	47	2	2	30	0.0001365	14652	0.999738	FALSE	M:cds-YP_009724393.1	ATA	I	ATC	I	73
NC_045512.2	26742	A	T	14709	7551	47	8	8	33	0.000543331	14724	0.933048	FALSE	M:cds-YP_009724393.1	AAT	N	TAT	Y	74
NC_045512.2	26742	A	G	14709	7551	47	5	3	34	0.000339582	14724	0.99038	FALSE	M:cds-YP_009724393.1	AAT	N	GAT	D	74
NC_045512.2	26742	A	C	14709	7551	47	2	2	30	0.000135833	14724	0.99974	FALSE	M:cds-YP_009724393.1	AAT	N	CAT	H	74
NC_045512.2	26743	A	T	14485	7556	46	13	13	33	0.000896119	14507	0.648977	FALSE	M:cds-YP_009724393.1	AAT	N	ATT	I	74
NC_045512.2	26743	A	G	14485	7556	46	5	4	40	0.000344661	14507	0.109092	FALSE	M:cds-YP_009724393.1	AAT	N	AGT	S	74
NC_045512.2	26743	A	C	14485	7556	46	4	4	32	0.000275729	14507	0.996213	FALSE	M:cds-YP_009724393.1	AAT	N	ACT	T	74
NC_045512.2	26744	T	G	14791	7696	47	4	4	34	0.000269705	14831	0.996184	FALSE	M:cds-YP_009724393.1	AAT	N	AAG	K	74
NC_045512.2	26744	T	C	14791	7696	47	4	3	32	0.000269705	14831	0.996184	FALSE	M:cds-YP_009724393.1	AAT	N	AAC	N	74
NC_045512.2	26744	T	A	14791	7696	47	32	32	33	0.00215764	14831	0.00561897	TRUE	M:cds-YP_009724393.1	AAT	N	AAA	K	74
NC_045512.2	26745	T	G	14790	7788	47	3	3	34	0.000202552	14811	0.998819	FALSE	M:cds-YP_009724393.1	TGG	W	GGG	G	75
NC_045512.2	26745	T	C	14790	7788	47	4	4	40	0.00027007	14811	0.187141	FALSE	M:cds-YP_009724393.1	TGG	W	CGG	R	75
NC_045512.2	26745	T	A	14790	7788	47	14	14	31	0.000945243	14811	0.574334	FALSE	M:cds-YP_009724393.1	TGG	W	AGG	R	75
NC_045512.2	26745	T	+C	14790	7788	47	1	0	20	6.75174e-05	14811	1	FALSE	NA	NA	NA	NA	NA	NA
NC_045512.2	26746	G	T	14301	7346	47	31	31	32	0.00216133	14343	0.00795526	TRUE	M:cds-YP_009724393.1	TGG	W	TTG	L	75
NC_045512.2	26746	G	A	14301	7346	47	11	10	33	0.000766925	14343	0.786391	FALSE	M:cds-YP_009724393.1	TGG	W	TAG	*	75
NC_045512.2	26747	G	T	14355	7447	47	19	19	33	0.00132156	14377	0.243173	FALSE	M:cds-YP_009724393.1	TGG	W	TGT	C	75
NC_045512.2	26747	G	C	14355	7447	47	1	1	26	6.95555e-05	14377	1	FALSE	M:cds-YP_009724393.1	TGG	W	TGC	C	75
NC_045512.2	26747	G	A	14355	7447	47	2	2	34	0.000139111	14377	0.999739	FALSE	M:cds-YP_009724393.1	TGG	W	TGA	*	75
NC_045512.2	26748	A	T	14332	7420	47	16	16	32	0.00111328	14372	0.425994	FALSE	M:cds-YP_009724393.1	ATC	I	TTC	F	76
NC_045512.2	26748	A	G	14332	7420	47	22	22	33	0.00153075	14372	0.120627	FALSE	M:cds-YP_009724393.1	ATC	I	GTC	V	76
NC_045512.2	26748	A	C	14332	7420	47	2	2	30	0.000139159	14372	0.999737	FALSE	M:cds-YP_009724393.1	ATC	I	CTC	L	76
NC_045512.2	26749	T	G	14296	7476	47	18	18	32	0.00125532	14339	0.29655	FALSE	M:cds-YP_009724393.1	ATC	I	AGC	S	76
NC_045512.2	26749	T	C	14296	7476	47	2	2	34	0.00013948	14339	0.999736	FALSE	M:cds-YP_009724393.1	ATC	I	ACC	T	76
NC_045512.2	26749	T	A	14296	7476	47	23	23	32	0.00160402	14339	0.0930526	FALSE	M:cds-YP_009724393.1	ATC	I	AAC	N	76
NC_045512.2	26750	C	T	14239	7630	47	23	23	35	0.00161031	14283	0.0930138	FALSE	M:cds-YP_009724393.1	ATC	I	ATT	I	76
NC_045512.2	26750	C	G	14239	7630	47	13	13	33	0.000910173	14283	0.647469	FALSE	M:cds-YP_009724393.1	ATC	I	ATG	M	76
NC_045512.2	26750	C	A	14239	7630	47	8	8	32	0.000560106	14283	0.932423	FALSE	M:cds-YP_009724393.1	ATC	I	ATA	I	76
NC_045512.2	26751	A	T	14160	7516	47	7	7	34	0.000493201	14193	0.960535	FALSE	M:cds-YP_009724393.1	ACC	T	TCC	S	77
NC_045512.2	26751	A	G	14160	7516	47	2	1	30	0.000140915	14193	0.999738	FALSE	M:cds-YP_009724393.1	ACC	T	GCC	A	77
NC_045512.2	26751	A	C	14160	7516	47	24	24	32	0.00169097	14193	0.0712819	FALSE	M:cds-YP_009724393.1	ACC	T	CCC	P	77
NC_045512.2	26752	C	T	14365	7670	47	13	12	34	0.00090284	14399	0.648162	FALSE	M:cds-YP_009724393.1	ACC	T	ATC	I	77
NC_045512.2	26752	C	G	14365	7670	47	1	1	26	6.94493e-05	14399	1	FALSE	M:cds-YP_009724393.1	ACC	T	AGC	S	77
NC_045512.2	26752	C	A	14365	7670	47	20	20	32	0.00138899	14399	0.194892	FALSE	M:cds-YP_009724393.1	ACC	T	AAC	N	77
NC_045512.2	26753	C	T	14349	7722	47	2	2	30	0.000139218	14366	0.99974	FALSE	M:cds-YP_009724393.1	ACC	T	ACT	T	77
NC_045512.2	26753	C	G	14349	7722	47	5	4	34	0.000348044	14366	0.990371	FALSE	M:cds-YP_009724393.1	ACC	T	ACG	T	77
NC_045512.2	26753	C	A	14349	7722	47	10	9	31	0.000696088	14366	0.846129	FALSE	M:cds-YP_009724393.1	ACC	T	ACA	T	77
NC_045512.2	26754	G	T	14375	7703	47	5	4	31	0.000346981	14410	0.990302	FALSE	M:cds-YP_009724393.1	GGT	G	TGT	C	78
NC_045512.2	26754	G	C	14375	7703	47	22	22	32	0.00152672	14410	0.120839	FALSE	M:cds-YP_009724393.1	GGT	G	CGT	R	78
NC_045512.2	26754	G	A	14375	7703	47	8	8	33	0.00055517	14410	0.932622	FALSE	M:cds-YP_009724393.1	GGT	G	AGT	S	78
NC_045512.2	26755	G	T	14649	7782	47	3	3	31	0.000204527	14668	0.99882	FALSE	M:cds-YP_009724393.1	GGT	G	GTT	V	78
NC_045512.2	26755	G	C	14649	7782	47	14	14	32	0.000954459	14668	0.574473	FALSE	M:cds-YP_009724393.1	GGT	G	GCT	A	78
NC_045512.2	26755	G	A	14649	7782	47	2	2	34	0.000136351	14668	0.999739	FALSE	M:cds-YP_009724393.1	GGT	G	GAT	D	78
NC_045512.2	26756	T	G	14548	7676	47	28	28	33	0.00191899	14591	0.0215436	FALSE	M:cds-YP_009724393.1	GGT	G	GGG	G	78
NC_045512.2	26756	T	C	14548	7676	47	9	9	33	0.000616819	14591	0.894075	FALSE	M:cds-YP_009724393.1	GGT	G	GGC	G	78
NC_045512.2	26756	T	A	14548	7676	47	6	5	32	0.000411212	14591	0.979064	FALSE	M:cds-YP_009724393.1	GGT	G	GGA	G	78
NC_045512.2	26757	G	T	14484	7644	47	26	25	33	0.00179125	14515	0.0401658	FALSE	M:cds-YP_009724393.1	GGA	G	TGA	*	79
NC_045512.2	26757	G	C	14484	7644	47	3	3	31	0.000206683	14515	0.998814	FALSE	M:cds-YP_009724393.1	GGA	G	CGA	R	79
NC_045512.2	26757	G	A	14484	7644	47	2	2	34	0.000137788	14515	0.999738	FALSE	M:cds-YP_009724393.1	GGA	G	AGA	R	79
NC_045512.2	26758	G	T	14825	8302	48	11	11	30	0.00074104	14844	0.787576	FALSE	M:cds-YP_009724393.1	GGA	G	GTA	V	79
NC_045512.2	26758	G	C	14825	8302	48	5	5	32	0.000336836	14844	0.990365	FALSE	M:cds-YP_009724393.1	GGA	G	GCA	A	79
NC_045512.2	26758	G	A	14825	8302	48	3	3	25	0.000202102	14844	1	FALSE	M:cds-YP_009724393.1	GGA	G	GAA	E	79
NC_045512.2	26759	A	T	14728	8287	46	15	15	33	0.0010153	14774	0.497796	FALSE	M:cds-YP_009724393.1	GGA	G	GGT	G	79
NC_045512.2	26759	A	G	14728	8287	46	30	29	34	0.00203059	14774	0.0111658	FALSE	M:cds-YP_009724393.1	GGA	G	GGG	G	79
NC_045512.2	26759	A	C	14728	8287	46	1	1	34	6.76865e-05	14774	0.999969	FALSE	M:cds-YP_009724393.1	GGA	G	GGC	G	79
NC_045512.2	26760	A	T	14880	8333	48	3	3	34	0.000201302	14903	0.998818	FALSE	M:cds-YP_009724393.1	ATT	I	TTT	F	80
NC_045512.2	26760	A	G	14880	8333	48	18	17	32	0.00120781	14903	0.297943	FALSE	M:cds-YP_009724393.1	ATT	I	GTT	V	80
NC_045512.2	26760	A	C	14880	8333	48	2	2	34	0.000134201	14903	0.999739	FALSE	M:cds-YP_009724393.1	ATT	I	CTT	L	80
NC_045512.2	26761	T	G	14638	8138	48	9	9	33	0.000613037	14681	0.89408	FALSE	M:cds-YP_009724393.1	ATT	I	AGT	S	80
NC_045512.2	26761	T	C	14638	8138	48	4	4	32	0.000272461	14681	0.996179	FALSE	M:cds-YP_009724393.1	ATT	I	ACT	T	80
NC_045512.2	26761	T	A	14638	8138	48	30	30	32	0.00204346	14681	0.0111847	FALSE	M:cds-YP_009724393.1	ATT	I	AAT	N	80
NC_045512.2	26762	T	G	14737	8682	49	2	2	34	0.000135474	14763	0.999739	FALSE	M:cds-YP_009724393.1	ATT	I	ATG	M	80
NC_045512.2	26762	T	C	14737	8682	49	4	3	51	0.000270948	14763	0.0623095	FALSE	M:cds-YP_009724393.1	ATT	I	ATC	I	80
NC_045512.2	26762	T	A	14737	8682	49	20	20	32	0.00135474	14763	0.195352	FALSE	M:cds-YP_009724393.1	ATT	I	ATA	I	80
NC_045512.2	26763	G	T	14829	8697	50	37	36	34	0.00248622	14882	0.000866192	TRUE	M:cds-YP_009724393.1	GCT	A	TCT	S	81
NC_045512.2	26763	G	C	14829	8697	50	4	2	41	0.000268781	14882	0.186471	FALSE	M:cds-YP_009724393.1	GCT	A	CCT	P	81
NC_045512.2	26763	G	A	14829	8697	50	12	12	32	0.000806343	14882	0.719159	FALSE	M:cds-YP_009724393.1	GCT	A	ACT	T	81
NC_045512.2	26764	C	T	14516	8808	49	20	20	35	0.00137325	14564	0.194125	FALSE	M:cds-YP_009724393.1	GCT	A	GTT	V	81
NC_045512.2	26764	C	G	14516	8808	49	26	26	32	0.00178522	14564	0.0398477	FALSE	M:cds-YP_009724393.1	GCT	A	GGT	G	81
NC_045512.2	26764	C	A	14516	8808	49	2	2	34	0.000137325	14564	0.999736	FALSE	M:cds-YP_009724393.1	GCT	A	GAT	D	81
NC_045512.2	26765	T	G	13900	8155	48	10	10	34	0.000717206	13943	0.796091	FALSE	M:cds-YP_009724393.1	GCT	A	GCG	A	81
NC_045512.2	26765	T	C	13900	8155	48	31	30	35	0.00222334	13943	0.00471626	TRUE	M:cds-YP_009724393.1	GCT	A	GCC	A	81
NC_045512.2	26765	T	A	13900	8155	48	2	2	34	0.000143441	13943	0.999504	FALSE	M:cds-YP_009724393.1	GCT	A	GCA	A	81
NC_045512.2	26766	A	T	14509	8777	49	27	27	32	0.00185389	14564	0.0293042	FALSE	M:cds-YP_009724393.1	ATC	I	TTC	F	82
NC_045512.2	26766	A	G	14509	8777	49	15	13	35	0.00102994	14564	0.497093	FALSE	M:cds-YP_009724393.1	ATC	I	GTC	V	82
NC_045512.2	26766	A	C	14509	8777	49	13	13	32	0.000892612	14564	0.646769	FALSE	M:cds-YP_009724393.1	ATC	I	CTC	L	82
NC_045512.2	26767	T	G	14491	8841	48	5	4	32	0.000343974	14536	0.990264	FALSE	M:cds-YP_009724393.1	ATC	I	AGC	S	82
NC_045512.2	26767	T	C	14491	8841	48	14	14	34	0.000963126	14536	0.572596	FALSE	M:cds-YP_009724393.1	ATC	I	ACC	T	82
NC_045512.2	26767	T	A	14491	8841	48	26	26	33	0.00178866	14536	0.039903	FALSE	M:cds-YP_009724393.1	ATC	I	AAC	N	82
NC_045512.2	26768	C	T	14634	8843	49	44	44	32	0.00299503	14691	4.88676e-05	TRUE	M:cds-YP_009724393.1	ATC	I	ATT	I	82
NC_045512.2	26768	C	G	14634	8843	49	3	3	34	0.000204207	14691	0.9988	FALSE	M:cds-YP_009724393.1	ATC	I	ATG	M	82
NC_045512.2	26768	C	A	14634	8843	49	10	10	33	0.000680689	14691	0.844531	FALSE	M:cds-YP_009724393.1	ATC	I	ATA	I	82
NC_045512.2	26769	G	T	14619	8818	49	13	13	33	0.000885619	14679	0.646457	FALSE	M:cds-YP_009724393.1	GCA	A	TCA	S	83
NC_045512.2	26769	G	C	14619	8818	49	31	30	33	0.00211186	14679	0.00786832	TRUE	M:cds-YP_009724393.1	GCA	A	CCA	P	83
NC_045512.2	26769	G	A	14619	8818	49	16	15	35	0.00108999	14679	0.424553	FALSE	M:cds-YP_009724393.1	GCA	A	ACA	T	83
NC_045512.2	26770	C	T	14621	8964	48	20	19	33	0.00136342	14669	0.194136	FALSE	M:cds-YP_009724393.1	GCA	A	GTA	V	83
NC_045512.2	26770	C	G	14621	8964	48	27	27	31	0.00184062	14669	0.0294099	FALSE	M:cds-YP_009724393.1	GCA	A	GGA	G	83
NC_045512.2	26770	C	A	14621	8964	48	1	1	26	6.8171e-05	14669	1	FALSE	M:cds-YP_009724393.1	GCA	A	GAA	E	83
NC_045512.2	26771	A	T	14544	8901	48	4	4	32	0.00027401	14598	0.996161	FALSE	M:cds-YP_009724393.1	GCA	A	GCT	A	83
NC_045512.2	26771	A	G	14544	8901	48	13	11	37	0.000890533	14598	0.646842	FALSE	M:cds-YP_009724393.1	GCA	A	GCG	A	83
NC_045512.2	26771	A	C	14544	8901	48	37	37	33	0.00253459	14598	0.000865122	TRUE	M:cds-YP_009724393.1	GCA	A	GCC	A	83
NC_045512.2	26772	A	T	14593	8971	48	7	7	31	0.000478829	14619	0.960637	FALSE	M:cds-YP_009724393.1	ATG	M	TTG	L	84
NC_045512.2	26772	A	G	14593	8971	48	11	11	34	0.000752445	14619	0.787221	FALSE	M:cds-YP_009724393.1	ATG	M	GTG	V	84
NC_045512.2	26772	A	C	14593	8971	48	8	8	32	0.000547233	14619	0.932817	FALSE	M:cds-YP_009724393.1	ATG	M	CTG	L	84
NC_045512.2	26773	T	G	14639	9001	48	4	3	34	0.00027222	14694	0.99616	FALSE	M:cds-YP_009724393.1	ATG	M	AGG	R	84
NC_045512.2	26773	T	C	14639	9001	48	14	14	31	0.00095277	14694	0.571904	FALSE	M:cds-YP_009724393.1	ATG	M	ACG	T	84
NC_045512.2	26773	T	A	14639	9001	48	37	37	32	0.00251803	14694	0.000864539	TRUE	M:cds-YP_009724393.1	ATG	M	AAG	K	84
NC_045512.2	26774	G	T	15395	9122	48	37	37	33	0.00239482	15450	0.00156011	TRUE	M:cds-YP_009724393.1	ATG	M	ATT	I	84
NC_045512.2	26774	G	C	15395	9122	48	1	1	34	6.47249e-05	15450	0.999984	FALSE	M:cds-YP_009724393.1	ATG	M	ATC	I	84
NC_045512.2	26774	G	A	15395	9122	48	17	17	33	0.00110032	15450	0.427304	FALSE	M:cds-YP_009724393.1	ATG	M	ATA	I	84
NC_045512.2	26775	G	T	15434	9134	48	14	13	32	0.00090527	15465	0.643482	FALSE	M:cds-YP_009724393.1	GCT	A	TCT	S	85
NC_045512.2	26775	G	C	15434	9134	48	2	2	34	0.000129324	15465	0.999861	FALSE	M:cds-YP_009724393.1	GCT	A	CCT	P	85
NC_045512.2	26775	G	A	15434	9134	48	15	15	32	0.000969932	15465	0.571215	FALSE	M:cds-YP_009724393.1	GCT	A	ACT	T	85
NC_045512.2	26776	C	T	15295	9016	48	18	18	33	0.00117249	15352	0.361404	FALSE	M:cds-YP_009724393.1	GCT	A	GTT	V	85
NC_045512.2	26776	C	G	15295	9016	48	37	37	33	0.00241011	15352	0.00155755	TRUE	M:cds-YP_009724393.1	GCT	A	GGT	G	85
NC_045512.2	26776	C	A	15295	9016	48	2	2	30	0.000130276	15352	0.999859	FALSE	M:cds-YP_009724393.1	GCT	A	GAT	D	85
NC_045512.2	26777	T	G	15295	9069	49	23	23	32	0.00149847	15349	0.126528	FALSE	M:cds-YP_009724393.1	GCT	A	GCG	A	85
NC_045512.2	26777	T	C	15295	9069	49	28	28	34	0.00182422	15349	0.0325121	FALSE	M:cds-YP_009724393.1	GCT	A	GCC	A	85
NC_045512.2	26777	T	A	15295	9069	49	3	2	34	0.000195452	15349	0.99933	FALSE	M:cds-YP_009724393.1	GCT	A	GCA	A	85
NC_045512.2	26778	T	G	15208	9027	48	17	16	32	0.001116	15233	0.429473	FALSE	M:cds-YP_009724393.1	TGT	C	GGT	G	86
NC_045512.2	26778	T	C	15208	9027	48	8	8	34	0.000525176	15233	0.953246	FALSE	M:cds-YP_009724393.1	TGT	C	CGT	R	86
NC_045512.2	26779	G	T	15908	9282	48	42	42	32	0.00263075	15965	0.000224617	TRUE	M:cds-YP_009724393.1	TGT	C	TTT	F	86
NC_045512.2	26779	G	C	15908	9282	48	13	13	31	0.000814281	15965	0.71184	FALSE	M:cds-YP_009724393.1	TGT	C	TCT	S	86
NC_045512.2	26779	G	A	15908	9282	48	2	2	34	0.000125274	15965	0.99986	FALSE	M:cds-YP_009724393.1	TGT	C	TAT	Y	86
NC_045512.2	26780	T	G	15848	9219	48	36	34	33	0.002266	15887	0.00228145	TRUE	M:cds-YP_009724393.1	TGT	C	TGG	W	86
NC_045512.2	26780	T	C	15848	9219	48	2	2	34	0.000125889	15887	0.999861	FALSE	M:cds-YP_009724393.1	TGT	C	TGC	C	86
NC_045512.2	26780	T	A	15848	9219	48	1	1	34	6.29445e-05	15887	0.999985	FALSE	M:cds-YP_009724393.1	TGT	C	TGA	*	86
NC_045512.2	26781	C	T	16183	9344	48	46	45	34	0.00283181	16244	8.5798e-05	TRUE	M:cds-YP_009724393.1	CTT	L	TTT	F	87
NC_045512.2	26781	C	G	16183	9344	48	12	11	32	0.000738734	16244	0.825621	FALSE	M:cds-YP_009724393.1	CTT	L	GTT	V	87
NC_045512.2	26781	C	A	16183	9344	48	3	2	29	0.000184684	16244	1	FALSE	M:cds-YP_009724393.1	CTT	L	ATT	I	87
NC_045512.2	26782	T	G	16246	9386	48	13	12	31	0.00079784	16294	0.769252	FALSE	M:cds-YP_009724393.1	CTT	L	CGT	R	87
NC_045512.2	26782	T	C	16246	9386	48	33	33	33	0.00202529	16294	0.0105151	FALSE	M:cds-YP_009724393.1	CTT	L	CCT	P	87
NC_045512.2	26782	T	A	16246	9386	48	2	1	47	0.000122745	16294	0.498963	FALSE	M:cds-YP_009724393.1	CTT	L	CAT	H	87
NC_045512.2	26783	T	G	15302	8571	48	1	1	34	6.52997e-05	15314	0.999985	FALSE	M:cds-YP_009724393.1	CTT	L	CTG	L	87
NC_045512.2	26783	T	C	15302	8571	48	9	9	34	0.000587698	15314	0.92424	FALSE	M:cds-YP_009724393.1	CTT	L	CTC	L	87
NC_045512.2	26783	T	A	15302	8571	48	2	1	30	0.000130599	15314	0.999863	FALSE	M:cds-YP_009724393.1	CTT	L	CTA	L	87
NC_045512.2	26784	G	T	15251	8514	48	44	44	32	0.0028745	15307	9.93984e-05	TRUE	M:cds-YP_009724393.1	GTA	V	TTA	L	88
NC_045512.2	26784	G	C	15251	8514	48	11	11	34	0.000718625	15307	0.834804	FALSE	M:cds-YP_009724393.1	GTA	V	CTA	L	88
NC_045512.2	26784	G	A	15251	8514	48	1	1	34	6.53296e-05	15307	0.999984	FALSE	M:cds-YP_009724393.1	GTA	V	ATA	I	88
NC_045512.2	26785	T	G	15219	8630	48	35	35	32	0.00229418	15256	0.00327619	TRUE	M:cds-YP_009724393.1	GTA	V	GGA	G	88
NC_045512.2	26785	T	C	15219	8630	48	1	1	34	6.5548e-05	15256	0.999985	FALSE	M:cds-YP_009724393.1	GTA	V	GCA	A	88
NC_045512.2	26785	T	A	15219	8630	48	1	1	26	6.5548e-05	15256	1	FALSE	M:cds-YP_009724393.1	GTA	V	GAA	E	88
NC_045512.2	26786	A	T	15256	8648	48	51	51	33	0.00332985	15316	4.89561e-06	TRUE	M:cds-YP_009724393.1	GTA	V	GTT	V	88
NC_045512.2	26786	A	G	15256	8648	48	9	8	32	0.000587621	15316	0.923133	FALSE	M:cds-YP_009724393.1	GTA	V	GTG	V	88
NC_045512.2	26787	G	T	15738	8706	48	10	10	33	0.000633633	15782	0.884309	FALSE	M:cds-YP_009724393.1	GGC	G	TGC	C	89
NC_045512.2	26787	G	A	15738	8706	48	34	33	33	0.00215435	15782	0.00464556	TRUE	M:cds-YP_009724393.1	GGC	G	AGC	S	89
NC_045512.2	26788	G	T	15052	8092	48	11	11	34	0.000729733	15074	0.836215	FALSE	M:cds-YP_009724393.1	GGC	G	GTC	V	89
NC_045512.2	26788	G	C	15052	8092	48	3	3	34	0.000199018	15074	0.99934	FALSE	M:cds-YP_009724393.1	GGC	G	GCC	A	89
NC_045512.2	26788	G	A	15052	8092	48	8	8	33	0.000530715	15074	0.95329	FALSE	M:cds-YP_009724393.1	GGC	G	GAC	D	89
NC_045512.2	26789	C	T	14983	8093	48	4	4	34	0.000265922	15042	0.99774	FALSE	M:cds-YP_009724393.1	GGC	G	GGT	G	89
NC_045512.2	26789	C	G	14983	8093	48	42	42	33	0.00279218	15042	0.000223872	TRUE	M:cds-YP_009724393.1	GGC	G	GGG	G	89
NC_045512.2	26789	C	A	14983	8093	48	13	13	30	0.000864247	15042	0.711573	FALSE	M:cds-YP_009724393.1	GGC	G	GGA	G	89
NC_045512.2	26790	T	G	14353	7462	47	17	17	32	0.00118039	14402	0.357717	FALSE	M:cds-YP_009724393.1	TTG	L	GTG	V	90
NC_045512.2	26790	T	C	14353	7462	47	29	28	33	0.00201361	14402	0.0155376	FALSE	M:cds-YP_009724393.1	TTG	L	CTG	L	90
NC_045512.2	26790	T	A	14353	7462	47	3	1	56	0.000208304	14402	0.124401	FALSE	M:cds-YP_009724393.1	TTG	L	ATG	M	90
NC_045512.2	26791	T	G	14812	7887	48	10	10	34	0.000674172	14833	0.845976	FALSE	M:cds-YP_009724393.1	TTG	L	TGG	W	90
NC_045512.2	26791	T	C	14812	7887	48	9	9	34	0.000606755	14833	0.894743	FALSE	M:cds-YP_009724393.1	TTG	L	TCG	S	90
NC_045512.2	26791	T	A	14812	7887	48	2	2	34	0.000134834	14833	0.999739	FALSE	M:cds-YP_009724393.1	TTG	L	TAG	*	90
NC_045512.2	26792	G	T	14821	7843	48	38	38	32	0.00255548	14870	0.000586843	TRUE	M:cds-YP_009724393.1	TTG	L	TTT	F	90
NC_045512.2	26792	G	C	14821	7843	48	10	10	33	0.000672495	14870	0.84487	FALSE	M:cds-YP_009724393.1	TTG	L	TTC	F	90
NC_045512.2	26792	G	A	14821	7843	48	1	1	34	6.72495e-05	14870	0.999969	FALSE	M:cds-YP_009724393.1	TTG	L	TTA	L	90
NC_045512.2	26793	A	T	15126	7990	48	19	19	32	0.00125156	15181	0.301328	FALSE	M:cds-YP_009724393.1	ATG	M	TTG	L	91
NC_045512.2	26793	A	G	15126	7990	48	33	32	33	0.00217377	15181	0.00651793	TRUE	M:cds-YP_009724393.1	ATG	M	GTG	V	91
NC_045512.2	26793	A	C	15126	7990	48	3	3	34	0.000197615	15181	0.99933	FALSE	M:cds-YP_009724393.1	ATG	M	CTG	L	91
NC_045512.2	26794	T	G	15135	8034	48	11	11	34	0.00072459	15181	0.835211	FALSE	M:cds-YP_009724393.1	ATG	M	AGG	R	91
NC_045512.2	26794	T	C	15135	8034	48	1	1	34	6.58718e-05	15181	0.999984	FALSE	M:cds-YP_009724393.1	ATG	M	ACG	T	91
NC_045512.2	26794	T	A	15135	8034	48	34	34	33	0.00223964	15181	0.00463722	TRUE	M:cds-YP_009724393.1	ATG	M	AAG	K	91
NC_045512.2	26795	G	T	15120	8030	48	34	34	33	0.002242	15165	0.00464026	TRUE	M:cds-YP_009724393.1	ATG	M	ATT	I	91
NC_045512.2	26795	G	C	15120	8030	48	1	1	26	6.59413e-05	15165	1	FALSE	M:cds-YP_009724393.1	ATG	M	ATC	I	91
NC_045512.2	26795	G	A	15120	8030	48	10	9	35	0.000659413	15165	0.884238	FALSE	M:cds-YP_009724393.1	ATG	M	ATA	I	91
NC_045512.2	26796	T	G	14332	7411	48	30	30	33	0.00208667	14377	0.0111685	FALSE	M:cds-YP_009724393.1	TGG	W	GGG	G	92
NC_045512.2	26796	T	C	14332	7411	48	3	2	42	0.000208667	14377	0.311417	FALSE	M:cds-YP_009724393.1	TGG	W	CGG	R	92
NC_045512.2	26796	T	A	14332	7411	48	12	12	32	0.000834666	14377	0.719564	FALSE	M:cds-YP_009724393.1	TGG	W	AGG	R	92
NC_045512.2	26797	G	T	14348	7284	49	40	40	34	0.00277971	14390	0.000264352	TRUE	M:cds-YP_009724393.1	TGG	W	TTG	L	92
NC_045512.2	26797	G	A	14348	7284	49	2	1	34	0.000138985	14390	0.999736	FALSE	M:cds-YP_009724393.1	TGG	W	TAG	*	92
NC_045512.2	26798	G	T	14318	7427	48	8	8	34	0.000558269	14330	0.93311	FALSE	M:cds-YP_009724393.1	TGG	W	TGT	C	92
NC_045512.2	26798	G	C	14318	7427	48	1	1	34	6.97837e-05	14330	0.999969	FALSE	M:cds-YP_009724393.1	TGG	W	TGC	C	92
NC_045512.2	26798	G	A	14318	7427	48	3	2	34	0.000209351	14330	0.998824	FALSE	M:cds-YP_009724393.1	TGG	W	TGA	*	92
NC_045512.2	26799	C	T	14283	7553	47	10	10	34	0.000697691	14333	0.844776	FALSE	M:cds-YP_009724393.1	CTC	L	TTC	F	93
NC_045512.2	26799	C	G	14283	7553	47	36	36	32	0.00251169	14333	0.00127668	TRUE	M:cds-YP_009724393.1	CTC	L	GTC	V	93
NC_045512.2	26799	C	A	14283	7553	47	4	4	32	0.000279076	14333	0.996166	FALSE	M:cds-YP_009724393.1	CTC	L	ATC	I	93
NC_045512.2	26800	T	G	14298	7528	48	16	16	34	0.00111522	14347	0.425311	FALSE	M:cds-YP_009724393.1	CTC	L	CGC	R	93
NC_045512.2	26800	T	C	14298	7528	48	31	31	34	0.00216073	14347	0.00791977	TRUE	M:cds-YP_009724393.1	CTC	L	CCC	P	93
NC_045512.2	26800	T	A	14298	7528	48	2	2	30	0.000139402	14347	0.999736	FALSE	M:cds-YP_009724393.1	CTC	L	CAC	H	93
NC_045512.2	26801	C	T	14475	7500	48	33	33	35	0.0022732	14517	0.00392464	TRUE	M:cds-YP_009724393.1	CTC	L	CTT	L	93
NC_045512.2	26801	C	G	14475	7500	48	7	6	37	0.000482193	14517	0.96042	FALSE	M:cds-YP_009724393.1	CTC	L	CTG	L	93
NC_045512.2	26801	C	A	14475	7500	48	2	2	34	0.00013777	14517	0.999736	FALSE	M:cds-YP_009724393.1	CTC	L	CTA	L	93
NC_045512.2	26802	A	T	14354	7299	48	10	10	32	0.000694155	14406	0.844702	FALSE	M:cds-YP_009724393.1	AGC	S	TGC	C	94
NC_045512.2	26802	A	G	14354	7299	48	3	1	31	0.000208247	14406	0.998802	FALSE	M:cds-YP_009724393.1	AGC	S	GGC	G	94
NC_045512.2	26802	A	C	14354	7299	48	39	39	32	0.00270721	14406	0.000392567	TRUE	M:cds-YP_009724393.1	AGC	S	CGC	R	94
NC_045512.2	26803	G	T	14415	7324	48	11	11	37	0.000760404	14466	0.785945	FALSE	M:cds-YP_009724393.1	AGC	S	ATC	I	94
NC_045512.2	26803	G	C	14415	7324	48	8	8	33	0.000553021	14466	0.932283	FALSE	M:cds-YP_009724393.1	AGC	S	ACC	T	94
NC_045512.2	26803	G	A	14415	7324	48	32	32	32	0.00221208	14466	0.0055765	TRUE	M:cds-YP_009724393.1	AGC	S	AAC	N	94
NC_045512.2	26804	C	T	14431	7610	47	1	1	34	6.91037e-05	14471	0.999969	FALSE	M:cds-YP_009724393.1	AGC	S	AGT	S	94
NC_045512.2	26804	C	G	14431	7610	47	31	31	32	0.00214222	14471	0.00796615	TRUE	M:cds-YP_009724393.1	AGC	S	AGG	R	94
NC_045512.2	26804	C	A	14431	7610	47	8	8	33	0.00055283	14471	0.932517	FALSE	M:cds-YP_009724393.1	AGC	S	AGA	R	94
NC_045512.2	26805	T	G	14450	7650	48	8	8	32	0.000551762	14499	0.932327	FALSE	M:cds-YP_009724393.1	TAC	Y	GAC	D	95
NC_045512.2	26805	T	C	14450	7650	48	31	31	33	0.00213808	14499	0.0079211	TRUE	M:cds-YP_009724393.1	TAC	Y	CAC	H	95
NC_045512.2	26805	T	A	14450	7650	48	10	10	34	0.000689703	14499	0.844834	FALSE	M:cds-YP_009724393.1	TAC	Y	AAC	N	95
NC_045512.2	26805	T	-A	14450	7650	48	1	0	20	6.89703e-05	14499	1	FALSE	NA	NA	NA	NA	NA	NA
NC_045512.2	26806	A	T	14285	7459	48	35	35	33	0.00244107	14338	0.00186017	TRUE	M:cds-YP_009724393.1	TAC	Y	TTC	F	95
NC_045512.2	26806	A	G	14285	7459	48	10	10	35	0.000697447	14338	0.844612	FALSE	M:cds-YP_009724393.1	TAC	Y	TGC	C	95
NC_045512.2	26806	A	C	14285	7459	48	8	8	34	0.000557958	14338	0.932211	FALSE	M:cds-YP_009724393.1	TAC	Y	TCC	S	95
NC_045512.2	26807	C	T	14527	7623	47	12	11	34	0.000823497	14572	0.719588	FALSE	M:cds-YP_009724393.1	TAC	Y	TAT	Y	95
NC_045512.2	26807	C	G	14527	7623	47	3	1	34	0.000205874	14572	0.998806	FALSE	M:cds-YP_009724393.1	TAC	Y	TAG	*	95
NC_045512.2	26807	C	A	14527	7623	47	30	30	32	0.00205874	14572	0.0111704	FALSE	M:cds-YP_009724393.1	TAC	Y	TAA	*	95
NC_045512.2	26808	T	G	14633	7628	48	2	0	30	0.000136231	14681	0.999736	FALSE	M:cds-YP_009724393.1	TTC	F	GTC	V	96
NC_045512.2	26808	T	C	14633	7628	48	36	36	33	0.00245215	14681	0.00127926	TRUE	M:cds-YP_009724393.1	TTC	F	CTC	L	96
NC_045512.2	26808	T	A	14633	7628	48	10	10	33	0.000681153	14681	0.844892	FALSE	M:cds-YP_009724393.1	TTC	F	ATC	I	96
NC_045512.2	26809	T	G	14712	7658	48	1	1	34	6.78564e-05	14737	0.999969	FALSE	M:cds-YP_009724393.1	TTC	F	TGC	C	96
NC_045512.2	26809	T	C	14712	7658	48	15	14	35	0.00101785	14737	0.499338	FALSE	M:cds-YP_009724393.1	TTC	F	TCC	S	96
NC_045512.2	26809	T	A	14712	7658	48	9	9	32	0.000610708	14737	0.894622	FALSE	M:cds-YP_009724393.1	TTC	F	TAC	Y	96
NC_045512.2	26810	C	T	14496	7546	48	41	41	32	0.00281981	14540	0.000175098	TRUE	M:cds-YP_009724393.1	TTC	F	TTT	F	96
NC_045512.2	26810	C	G	14496	7546	48	1	1	34	6.87758e-05	14540	0.999969	FALSE	M:cds-YP_009724393.1	TTC	F	TTG	L	96
NC_045512.2	26810	C	A	14496	7546	48	2	1	34	0.000137552	14540	0.999736	FALSE	M:cds-YP_009724393.1	TTC	F	TTA	L	96
NC_045512.2	26810	C	+G	14496	7546	48	1	0	20	6.87758e-05	14540	1	FALSE	NA	NA	NA	NA	NA	NA
NC_045512.2	26811	A	T	14384	7441	48	16	16	34	0.00110872	14431	0.425475	FALSE	M:cds-YP_009724393.1	ATT	I	TTT	F	97
NC_045512.2	26811	A	G	14384	7441	48	3	3	34	0.000207886	14431	0.998805	FALSE	M:cds-YP_009724393.1	ATT	I	GTT	V	97
NC_045512.2	26811	A	C	14384	7441	48	28	28	32	0.00194027	14431	0.0214947	FALSE	M:cds-YP_009724393.1	ATT	I	CTT	L	97
NC_045512.2	26812	T	G	14394	7476	48	2	1	34	0.000138581	14432	0.999737	FALSE	M:cds-YP_009724393.1	ATT	I	AGT	S	97
NC_045512.2	26812	T	C	14394	7476	48	7	7	34	0.000485033	14432	0.960472	FALSE	M:cds-YP_009724393.1	ATT	I	ACT	T	97
NC_045512.2	26812	T	A	14394	7476	48	29	29	33	0.00200942	14432	0.0156358	FALSE	M:cds-YP_009724393.1	ATT	I	AAT	N	97
NC_045512.2	26812	T	+TGCTTC	14394	7476	48	1	0	20	6.92905e-05	14432	1	FALSE	NA	NA	NA	NA	NA	NA
NC_045512.2	26813	T	G	14350	7485	48	1	1	34	6.95749e-05	14373	0.999969	FALSE	M:cds-YP_009724393.1	ATT	I	ATG	M	97
NC_045512.2	26813	T	C	14350	7485	48	13	11	36	0.000904474	14373	0.648905	FALSE	M:cds-YP_009724393.1	ATT	I	ATC	I	97
NC_045512.2	26813	T	A	14350	7485	48	9	9	32	0.000626174	14373	0.894675	FALSE	M:cds-YP_009724393.1	ATT	I	ATA	I	97
NC_045512.2	26814	G	T	14505	7425	48	38	38	34	0.00261115	14553	0.000587117	TRUE	M:cds-YP_009724393.1	GCT	A	TCT	S	98
NC_045512.2	26814	G	A	14505	7425	48	10	10	33	0.000687144	14553	0.84488	FALSE	M:cds-YP_009724393.1	GCT	A	ACT	T	98
NC_045512.2	26815	C	T	14446	7508	48	18	18	33	0.00124146	14499	0.295889	FALSE	M:cds-YP_009724393.1	GCT	A	GTT	V	98
NC_045512.2	26815	C	G	14446	7508	48	31	31	32	0.00213808	14499	0.00790107	TRUE	M:cds-YP_009724393.1	GCT	A	GGT	G	98
NC_045512.2	26815	C	A	14446	7508	48	4	2	32	0.000275881	14499	0.996162	FALSE	M:cds-YP_009724393.1	GCT	A	GAT	D	98
NC_045512.2	26816	T	G	14347	7392	48	8	7	34	0.000556058	14387	0.932514	FALSE	M:cds-YP_009724393.1	GCT	A	GCG	A	98
NC_045512.2	26816	T	C	14347	7392	48	30	29	33	0.00208522	14387	0.0112023	FALSE	M:cds-YP_009724393.1	GCT	A	GCC	A	98
NC_045512.2	26816	T	A	14347	7392	48	2	2	34	0.000139014	14387	0.999737	FALSE	M:cds-YP_009724393.1	GCT	A	GCA	A	98
NC_045512.2	26817	T	G	14142	7220	47	11	11	32	0.000776507	14166	0.787305	FALSE	M:cds-YP_009724393.1	TCT	S	GCT	A	99
NC_045512.2	26817	T	C	14142	7220	47	10	9	35	0.000705916	14166	0.845838	FALSE	M:cds-YP_009724393.1	TCT	S	CCT	P	99
NC_045512.2	26817	T	A	14142	7220	47	3	2	30	0.000211775	14166	0.998817	FALSE	M:cds-YP_009724393.1	TCT	S	ACT	T	99
NC_045512.2	26818	C	T	14982	7457	48	35	35	32	0.00233054	15018	0.00327813	TRUE	M:cds-YP_009724393.1	TCT	S	TTT	F	99
NC_045512.2	26818	C	G	14982	7457	48	1	1	34	6.65868e-05	15018	0.999985	FALSE	M:cds-YP_009724393.1	TCT	S	TGT	C	99
NC_045512.2	26818	C	-T	14982	7457	48	2	0	20	0.000133174	15018	1	FALSE	NA	NA	NA	NA	NA	NA
NC_045512.2	26819	T	G	14961	7434	48	1	1	34	6.67156e-05	14989	0.999969	FALSE	M:cds-YP_009724393.1	TCT	S	TCG	S	99
NC_045512.2	26819	T	C	14961	7434	48	27	27	33	0.00180132	14989	0.0296766	FALSE	M:cds-YP_009724393.1	TCT	S	TCC	S	99
NC_045512.2	26820	T	G	15024	7465	48	2	2	34	0.000132996	15038	0.999862	FALSE	M:cds-YP_009724393.1	TTC	F	GTC	V	100
NC_045512.2	26820	T	C	15024	7465	48	12	11	42	0.000797978	15038	0.00170519	TRUE	M:cds-YP_009724393.1	TTC	F	CTC	L	100
NC_045512.2	26821	T	G	15069	7478	48	4	2	32	0.000265199	15083	0.997785	FALSE	M:cds-YP_009724393.1	TTC	F	TGC	C	100
NC_045512.2	26821	T	C	15069	7478	48	10	10	32	0.000662998	15083	0.885239	FALSE	M:cds-YP_009724393.1	TTC	F	TCC	S	100
NC_045512.2	26822	C	T	15004	7447	48	48	48	33	0.00318852	15054	1.84468e-05	TRUE	M:cds-YP_009724393.1	TTC	F	TTT	F	100
NC_045512.2	26822	C	G	15004	7447	48	2	1	30	0.000132855	15054	0.99986	FALSE	M:cds-YP_009724393.1	TTC	F	TTG	L	100
NC_045512.2	26823	A	T	14801	7282	48	17	17	31	0.00114478	14850	0.357787	FALSE	M:cds-YP_009724393.1	AGA	R	TGA	*	101
NC_045512.2	26823	A	G	14801	7282	48	3	2	34	0.00020202	14850	0.998804	FALSE	M:cds-YP_009724393.1	AGA	R	GGA	G	101
NC_045512.2	26823	A	C	14801	7282	48	29	29	34	0.00195286	14850	0.0155446	FALSE	M:cds-YP_009724393.1	AGA	R	CGA	R	101
NC_045512.2	26824	G	T	14873	7258	48	11	11	33	0.000737216	14921	0.78615	FALSE	M:cds-YP_009724393.1	AGA	R	ATA	I	101
NC_045512.2	26824	G	C	14873	7258	48	9	9	33	0.000603177	14921	0.893947	FALSE	M:cds-YP_009724393.1	AGA	R	ACA	T	101
NC_045512.2	26824	G	A	14873	7258	48	28	28	33	0.00187655	14921	0.0214929	FALSE	M:cds-YP_009724393.1	AGA	R	AAA	K	101
NC_045512.2	26825	A	T	14866	7379	48	2	2	34	0.000134138	14910	0.999736	FALSE	M:cds-YP_009724393.1	AGA	R	AGT	S	101
NC_045512.2	26825	A	G	14866	7379	48	30	30	33	0.00201207	14910	0.0111802	FALSE	M:cds-YP_009724393.1	AGA	R	AGG	R	101
NC_045512.2	26825	A	C	14866	7379	48	12	11	32	0.000804829	14910	0.719688	FALSE	M:cds-YP_009724393.1	AGA	R	AGC	S	101
NC_045512.2	26826	C	T	15171	7524	48	1	1	34	6.56987e-05	15221	0.999984	FALSE	M:cds-YP_009724393.1	CTG	L	TTG	L	102
NC_045512.2	26826	C	G	15171	7524	48	9	9	32	0.000591288	15221	0.923359	FALSE	M:cds-YP_009724393.1	CTG	L	GTG	V	102
NC_045512.2	26826	C	A	15171	7524	48	40	38	33	0.00262795	15221	0.000498871	TRUE	M:cds-YP_009724393.1	CTG	L	ATG	M	102
NC_045512.2	26827	T	G	14634	7112	48	10	9	32	0.000681199	14680	0.844972	FALSE	M:cds-YP_009724393.1	CTG	L	CGG	R	102
NC_045512.2	26827	T	C	14634	7112	48	29	29	33	0.00197548	14680	0.0155681	FALSE	M:cds-YP_009724393.1	CTG	L	CCG	P	102
NC_045512.2	26827	T	A	14634	7112	48	7	7	34	0.000476839	14680	0.960371	FALSE	M:cds-YP_009724393.1	CTG	L	CAG	Q	102
NC_045512.2	26828	G	T	15329	7174	48	25	25	33	0.00162602	15375	0.0762028	FALSE	M:cds-YP_009724393.1	CTG	L	CTT	L	102
NC_045512.2	26828	G	C	15329	7174	48	9	9	30	0.000585366	15375	0.92346	FALSE	M:cds-YP_009724393.1	CTG	L	CTC	L	102
NC_045512.2	26828	G	A	15329	7174	48	12	12	32	0.000780488	15375	0.777393	FALSE	M:cds-YP_009724393.1	CTG	L	CTA	L	102
NC_045512.2	26829	T	G	13570	5395	44	31	29	33	0.00227707	13614	0.0047114	TRUE	M:cds-YP_009724393.1	TTT	F	GTT	V	103
NC_045512.2	26829	T	C	13570	5395	44	12	12	32	0.000881446	13614	0.652926	FALSE	M:cds-YP_009724393.1	TTT	F	CTT	L	103
NC_045512.2	26829	T	A	13570	5395	44	1	1	34	7.34538e-05	13614	0.999938	FALSE	M:cds-YP_009724393.1	TTT	F	ATT	I	103
NC_045512.2	26830	T	G	15288	7150	48	10	9	34	0.000653637	15299	0.885334	FALSE	M:cds-YP_009724393.1	TTT	F	TGT	C	103
NC_045512.2	26830	T	C	15288	7150	48	1	1	34	6.53637e-05	15299	0.999985	FALSE	M:cds-YP_009724393.1	TTT	F	TCT	S	103
NC_045512.2	26831	T	G	15245	7099	48	13	13	32	0.000851733	15263	0.714057	FALSE	M:cds-YP_009724393.1	TTT	F	TTG	L	103
NC_045512.2	26831	T	C	15245	7099	48	3	2	45	0.000196554	15263	0.312144	FALSE	M:cds-YP_009724393.1	TTT	F	TTC	F	103
NC_045512.2	26831	T	A	15245	7099	48	2	2	34	0.000131036	15263	0.999862	FALSE	M:cds-YP_009724393.1	TTT	F	TTA	L	103
NC_045512.2	26832	G	T	15243	7142	48	38	38	32	0.00248626	15284	0.00108392	TRUE	M:cds-YP_009724393.1	GCG	A	TCG	S	104
NC_045512.2	26832	G	C	15243	7142	48	1	1	26	6.54279e-05	15284	1	FALSE	M:cds-YP_009724393.1	GCG	A	CCG	P	104
NC_045512.2	26832	G	A	15243	7142	48	2	2	47	0.000130856	15284	0.499066	FALSE	M:cds-YP_009724393.1	GCG	A	ACG	T	104
NC_045512.2	26833	C	T	15135	7121	48	26	24	33	0.00171143	15192	0.0577771	FALSE	M:cds-YP_009724393.1	GCG	A	GTG	V	104
NC_045512.2	26833	C	G	15135	7121	48	30	29	33	0.00197472	15192	0.0175314	FALSE	M:cds-YP_009724393.1	GCG	A	GGG	G	104
NC_045512.2	26833	C	A	15135	7121	48	1	1	34	6.58241e-05	15192	0.999984	FALSE	M:cds-YP_009724393.1	GCG	A	GAG	E	104
NC_045512.2	26834	G	T	15156	7096	48	13	13	32	0.000855319	15199	0.712561	FALSE	M:cds-YP_009724393.1	GCG	A	GCT	A	104
NC_045512.2	26834	G	C	15156	7096	48	29	29	34	0.00190802	15199	0.024141	FALSE	M:cds-YP_009724393.1	GCG	A	GCC	A	104
NC_045512.2	26834	G	A	15156	7096	48	1	0	68	6.57938e-05	15199	0.499325	FALSE	M:cds-YP_009724393.1	GCG	A	GCA	A	104
NC_045512.2	26835	C	T	14892	6985	48	4	3	34	0.000267702	14942	0.996169	FALSE	M:cds-YP_009724393.1	CGT	R	TGT	C	105
NC_045512.2	26835	C	G	14892	6985	48	42	41	32	0.00281087	14942	0.00011492	TRUE	M:cds-YP_009724393.1	CGT	R	GGT	G	105
NC_045512.2	26835	C	A	14892	6985	48	4	3	28	0.000267702	14942	1	FALSE	M:cds-YP_009724393.1	CGT	R	AGT	S	105
NC_045512.2	26836	G	T	14845	6916	48	1	1	34	6.71727e-05	14887	0.999969	FALSE	M:cds-YP_009724393.1	CGT	R	CTT	L	105
NC_045512.2	26836	G	C	14845	6916	48	37	37	32	0.00248539	14887	0.000873942	TRUE	M:cds-YP_009724393.1	CGT	R	CCT	P	105
NC_045512.2	26836	G	A	14845	6916	48	4	1	42	0.000268691	14887	0.186702	FALSE	M:cds-YP_009724393.1	CGT	R	CAT	H	105
NC_045512.2	26837	T	G	14182	6455	49	35	35	33	0.00246046	14225	0.00187586	TRUE	M:cds-YP_009724393.1	CGT	R	CGG	R	105
NC_045512.2	26837	T	C	14182	6455	49	7	7	34	0.000492091	14225	0.960398	FALSE	M:cds-YP_009724393.1	CGT	R	CGC	R	105
NC_045512.2	26837	T	A	14182	6455	49	1	1	34	7.02988e-05	14225	0.999969	FALSE	M:cds-YP_009724393.1	CGT	R	CGA	R	105
NC_045512.2	26837	T	-ACGC	14182	6455	49	1	0	20	7.02988e-05	14225	1	FALSE	NA	NA	NA	NA	NA	NA
NC_045512.2	26837	T	-A	14182	6455	49	1	0	20	7.02988e-05	14225	1	FALSE	NA	NA	NA	NA	NA	NA
NC_045512.2	26838	A	T	14017	6470	47	30	29	33	0.0021322	14070	0.0110965	FALSE	M:cds-YP_009724393.1	ACG	T	TCG	S	106
NC_045512.2	26838	A	G	14017	6470	47	10	9	40	0.000710732	14070	0.00576823	TRUE	M:cds-YP_009724393.1	ACG	T	GCG	A	106
NC_045512.2	26838	A	C	14017	6470	47	13	13	32	0.000923952	14070	0.646675	FALSE	M:cds-YP_009724393.1	ACG	T	CCG	P	106
NC_045512.2	26839	C	T	14175	6546	49	9	9	32	0.000632911	14220	0.893958	FALSE	M:cds-YP_009724393.1	ACG	T	ATG	M	106
NC_045512.2	26839	C	G	14175	6546	49	13	13	32	0.000914205	14220	0.647323	FALSE	M:cds-YP_009724393.1	ACG	T	AGG	R	106
NC_045512.2	26839	C	A	14175	6546	49	23	23	32	0.00161744	14220	0.0929385	FALSE	M:cds-YP_009724393.1	ACG	T	AAG	K	106
NC_045512.2	26840	G	T	14146	6549	48	12	12	32	0.000845666	14190	0.71954	FALSE	M:cds-YP_009724393.1	ACG	T	ACT	T	106
NC_045512.2	26840	G	C	14146	6549	48	24	24	32	0.00169133	14190	0.0709263	FALSE	M:cds-YP_009724393.1	ACG	T	ACC	T	106
NC_045512.2	26840	G	A	14146	6549	48	8	8	32	0.000563777	14190	0.932397	FALSE	M:cds-YP_009724393.1	ACG	T	ACA	T	106
NC_045512.2	26841	C	T	13981	6933	47	3	3	34	0.00021395	14022	0.998807	FALSE	M:cds-YP_009724393.1	CGT	R	TGT	C	107
NC_045512.2	26841	C	G	13981	6933	47	26	26	33	0.00185423	14022	0.0399452	FALSE	M:cds-YP_009724393.1	CGT	R	GGT	G	107
NC_045512.2	26841	C	A	13981	6933	47	12	12	32	0.000855798	14022	0.719703	FALSE	M:cds-YP_009724393.1	CGT	R	AGT	S	107
NC_045512.2	26842	G	T	13958	6890	47	7	7	31	0.000499929	14002	0.960377	FALSE	M:cds-YP_009724393.1	CGT	R	CTT	L	107
NC_045512.2	26842	G	C	13958	6890	47	36	35	33	0.00257106	14002	0.00128244	TRUE	M:cds-YP_009724393.1	CGT	R	CCT	P	107
NC_045512.2	26842	G	A	13958	6890	47	1	1	34	7.14184e-05	14002	0.999969	FALSE	M:cds-YP_009724393.1	CGT	R	CAT	H	107
NC_045512.2	26843	T	G	13845	6908	47	37	36	32	0.00266302	13894	0.000458742	TRUE	M:cds-YP_009724393.1	CGT	R	CGG	R	107
NC_045512.2	26843	T	C	13845	6908	47	11	10	32	0.000791709	13894	0.727273	FALSE	M:cds-YP_009724393.1	CGT	R	CGC	R	107
NC_045512.2	26843	T	A	13845	6908	47	1	1	34	7.19735e-05	13894	0.999938	FALSE	M:cds-YP_009724393.1	CGT	R	CGA	R	107
NC_045512.2	26844	T	G	14163	7481	48	10	10	34	0.000704871	14187	0.845838	FALSE	M:cds-YP_009724393.1	TCC	S	GCC	A	108
NC_045512.2	26844	T	C	14163	7481	48	12	12	33	0.000845845	14187	0.720822	FALSE	M:cds-YP_009724393.1	TCC	S	CCC	P	108
NC_045512.2	26844	T	A	14163	7481	48	2	1	30	0.000140974	14187	0.999739	FALSE	M:cds-YP_009724393.1	TCC	S	ACC	T	108
NC_045512.2	26845	C	T	14094	7438	48	34	34	33	0.00240436	14141	0.00271356	TRUE	M:cds-YP_009724393.1	TCC	S	TTC	F	108
NC_045512.2	26845	C	G	14094	7438	48	12	12	32	0.000848596	14141	0.71941	FALSE	M:cds-YP_009724393.1	TCC	S	TGC	C	108
NC_045512.2	26845	C	A	14094	7438	48	1	1	34	7.07164e-05	14141	0.999969	FALSE	M:cds-YP_009724393.1	TCC	S	TAC	Y	108
NC_045512.2	26846	C	T	13914	7376	48	19	19	33	0.00136357	13934	0.188405	FALSE	M:cds-YP_009724393.1	TCC	S	TCT	S	108
NC_045512.2	26846	C	A	13914	7376	48	1	1	34	7.17669e-05	13934	0.999939	FALSE	M:cds-YP_009724393.1	TCC	S	TCA	S	108
NC_045512.2	26847	A	T	13946	7396	48	16	16	32	0.00114335	13994	0.353222	FALSE	M:cds-YP_009724393.1	ATG	M	TTG	L	109
NC_045512.2	26847	A	G	13946	7396	48	2	2	34	0.000142918	13994	0.999503	FALSE	M:cds-YP_009724393.1	ATG	M	GTG	V	109
NC_045512.2	26847	A	C	13946	7396	48	30	30	32	0.00214378	13994	0.00674828	TRUE	M:cds-YP_009724393.1	ATG	M	CTG	L	109
NC_045512.2	26848	T	G	13944	7412	48	3	3	34	0.000214454	13989	0.997877	FALSE	M:cds-YP_009724393.1	ATG	M	AGG	R	109
NC_045512.2	26848	T	C	13944	7412	48	18	17	32	0.00128673	13989	0.234835	FALSE	M:cds-YP_009724393.1	ATG	M	ACG	T	109
NC_045512.2	26848	T	A	13944	7412	48	24	24	33	0.00171563	13989	0.0488817	FALSE	M:cds-YP_009724393.1	ATG	M	AAG	K	109
NC_045512.2	26849	G	T	13908	7424	48	23	22	33	0.00164863	13951	0.0655992	FALSE	M:cds-YP_009724393.1	ATG	M	ATT	I	109
NC_045512.2	26849	G	C	13908	7424	48	12	12	32	0.000860153	13951	0.653043	FALSE	M:cds-YP_009724393.1	ATG	M	ATC	I	109
NC_045512.2	26849	G	A	13908	7424	48	8	8	34	0.000573436	13951	0.90451	FALSE	M:cds-YP_009724393.1	ATG	M	ATA	I	109
NC_045512.2	26850	T	G	13393	7002	48	22	22	33	0.001638	13431	0.087065	FALSE	M:cds-YP_009724393.1	TGG	W	GGG	G	110
NC_045512.2	26850	T	A	13393	7002	48	16	16	34	0.00119127	13431	0.353878	FALSE	M:cds-YP_009724393.1	TGG	W	AGG	R	110
NC_045512.2	26851	G	T	13369	6948	48	33	33	32	0.00246158	13406	0.00224475	TRUE	M:cds-YP_009724393.1	TGG	W	TTG	L	110
NC_045512.2	26851	G	C	13369	6948	48	3	3	31	0.00022378	13406	0.997883	FALSE	M:cds-YP_009724393.1	TGG	W	TCG	S	110
NC_045512.2	26851	G	A	13369	6948	48	1	1	34	7.45935e-05	13406	0.999938	FALSE	M:cds-YP_009724393.1	TGG	W	TAG	*	110
NC_045512.2	26852	G	T	13358	6977	48	11	11	34	0.000822737	13370	0.729464	FALSE	M:cds-YP_009724393.1	TGG	W	TGT	C	110
NC_045512.2	26852	G	C	13358	6977	48	1	1	34	7.47943e-05	13370	0.999939	FALSE	M:cds-YP_009724393.1	TGG	W	TGC	C	110
NC_045512.2	26853	T	G	13314	6944	48	30	30	32	0.0022477	13347	0.00681244	TRUE	M:cds-YP_009724393.1	TCA	S	GCA	A	111
NC_045512.2	26853	T	C	13314	6944	48	1	1	34	7.49232e-05	13347	0.999938	FALSE	M:cds-YP_009724393.1	TCA	S	CCA	P	111
NC_045512.2	26853	T	A	13314	6944	48	2	2	34	0.000149846	13347	0.999506	FALSE	M:cds-YP_009724393.1	TCA	S	ACA	T	111
NC_045512.2	26854	C	T	12960	6799	48	21	21	32	0.00161489	13004	0.11363	FALSE	M:cds-YP_009724393.1	TCA	S	TTA	L	111
NC_045512.2	26854	C	G	12960	6799	48	21	21	32	0.00161489	13004	0.11363	FALSE	M:cds-YP_009724393.1	TCA	S	TGA	*	111
NC_045512.2	26854	C	A	12960	6799	48	2	2	34	0.000153799	13004	0.999503	FALSE	M:cds-YP_009724393.1	TCA	S	TAA	*	111
NC_045512.2	26855	A	T	12951	6802	48	11	11	33	0.00084661	12993	0.659196	FALSE	M:cds-YP_009724393.1	TCA	S	TCT	S	111
NC_045512.2	26855	A	G	12951	6802	48	12	12	33	0.000923574	12993	0.578464	FALSE	M:cds-YP_009724393.1	TCA	S	TCG	S	111
NC_045512.2	26855	A	C	12951	6802	48	19	19	34	0.00146233	12993	0.139321	FALSE	M:cds-YP_009724393.1	TCA	S	TCC	S	111
NC_045512.2	26855	A	+T	12951	6802	48	1	0	20	7.69645e-05	12993	1	FALSE	NA	NA	NA	NA	NA	NA
NC_045512.2	26856	T	G	12986	6849	48	2	2	34	0.000153563	13024	0.999505	FALSE	M:cds-YP_009724393.1	TTC	F	GTC	V	112
NC_045512.2	26856	T	C	12986	6849	48	13	10	40	0.000998157	13024	0.000903009	TRUE	M:cds-YP_009724393.1	TTC	F	CTC	L	112
NC_045512.2	26856	T	A	12986	6849	48	23	23	32	0.00176597	13024	0.0657008	FALSE	M:cds-YP_009724393.1	TTC	F	ATC	I	112
NC_045512.2	26857	T	G	12994	6855	48	3	1	31	0.00023045	13018	0.997895	FALSE	M:cds-YP_009724393.1	TTC	F	TGC	C	112
NC_045512.2	26857	T	C	12994	6855	48	14	14	31	0.00107543	13018	0.499276	FALSE	M:cds-YP_009724393.1	TTC	F	TCC	S	112
NC_045512.2	26857	T	A	12994	6855	48	7	7	32	0.000537717	13018	0.942092	FALSE	M:cds-YP_009724393.1	TTC	F	TAC	Y	112
NC_045512.2	26858	C	T	12928	6858	48	32	32	33	0.0024659	12977	0.00179148	TRUE	M:cds-YP_009724393.1	TTC	F	TTT	F	112
NC_045512.2	26858	C	G	12928	6858	48	3	3	34	0.000231178	12977	0.996243	FALSE	M:cds-YP_009724393.1	TTC	F	TTG	L	112
NC_045512.2	26858	C	A	12928	6858	48	14	14	33	0.00107883	12977	0.419828	FALSE	M:cds-YP_009724393.1	TTC	F	TTA	L	112
NC_045512.2	26859	A	T	12758	6742	48	21	21	33	0.00163998	12805	0.0803983	FALSE	M:cds-YP_009724393.1	AAT	N	TAT	Y	113
NC_045512.2	26859	A	G	12758	6742	48	2	2	34	0.000156189	12805	0.999068	FALSE	M:cds-YP_009724393.1	AAT	N	GAT	D	113
NC_045512.2	26859	A	C	12758	6742	48	24	24	32	0.00187427	12805	0.0321552	FALSE	M:cds-YP_009724393.1	AAT	N	CAT	H	113
NC_045512.2	26860	A	T	12827	6851	48	14	14	32	0.00108932	12852	0.421686	FALSE	M:cds-YP_009724393.1	AAT	N	ATT	I	113
NC_045512.2	26860	A	G	12827	6851	48	2	2	30	0.000155618	12852	0.999077	FALSE	M:cds-YP_009724393.1	AAT	N	AGT	S	113
NC_045512.2	26860	A	C	12827	6851	48	9	9	33	0.00070028	12852	0.807706	FALSE	M:cds-YP_009724393.1	AAT	N	ACT	T	113
NC_045512.2	26861	T	C	12842	6910	49	14	14	32	0.00108662	12884	0.420357	FALSE	M:cds-YP_009724393.1	AAT	N	AAC	N	113
NC_045512.2	26861	T	A	12842	6910	49	28	28	33	0.00217324	12884	0.00818182	TRUE	M:cds-YP_009724393.1	AAT	N	AAA	K	113
NC_045512.2	26862	C	T	15696	8361	48	24	23	34	0.00152449	15743	0.0988908	FALSE	M:cds-YP_009724393.1	CCA	P	TCA	S	114
NC_045512.2	26862	C	G	15696	8361	48	2	2	30	0.000127041	15743	0.99986	FALSE	M:cds-YP_009724393.1	CCA	P	GCA	A	114
NC_045512.2	26862	C	A	15696	8361	48	21	21	33	0.00133393	15743	0.201031	FALSE	M:cds-YP_009724393.1	CCA	P	ACA	T	114
NC_045512.2	26863	C	T	15665	8553	47	8	8	34	0.000509944	15688	0.953281	FALSE	M:cds-YP_009724393.1	CCA	P	CTA	L	114
NC_045512.2	26863	C	G	15665	8553	47	1	1	34	6.3743e-05	15688	0.999985	FALSE	M:cds-YP_009724393.1	CCA	P	CGA	R	114
NC_045512.2	26863	C	A	15665	8553	47	14	14	33	0.000892402	15688	0.644013	FALSE	M:cds-YP_009724393.1	CCA	P	CAA	Q	114
NC_045512.2	26864	A	T	15623	8460	47	16	16	33	0.00102086	15673	0.497639	FALSE	M:cds-YP_009724393.1	CCA	P	CCT	P	114
NC_045512.2	26864	A	G	15623	8460	47	1	1	34	6.3804e-05	15673	0.999984	FALSE	M:cds-YP_009724393.1	CCA	P	CCG	P	114
NC_045512.2	26864	A	C	15623	8460	47	33	32	32	0.00210553	15673	0.00654198	TRUE	M:cds-YP_009724393.1	CCA	P	CCC	P	114
NC_045512.2	26865	G	T	15623	8448	47	6	6	31	0.000382824	15673	0.986508	FALSE	M:cds-YP_009724393.1	GAA	E	TAA	*	115
NC_045512.2	26865	G	C	15623	8448	47	20	20	32	0.00127608	15673	0.247911	FALSE	M:cds-YP_009724393.1	GAA	E	CAA	Q	115
NC_045512.2	26865	G	A	15623	8448	47	24	24	33	0.0015313	15673	0.0987823	FALSE	M:cds-YP_009724393.1	GAA	E	AAA	K	115
NC_045512.2	26866	A	T	15540	8464	47	4	4	34	0.00025669	15583	0.997757	FALSE	M:cds-YP_009724393.1	GAA	E	GTA	V	115
NC_045512.2	26866	A	G	15540	8464	47	26	26	33	0.00166848	15583	0.0581333	FALSE	M:cds-YP_009724393.1	GAA	E	GGA	G	115
NC_045512.2	26866	A	C	15540	8464	47	13	13	32	0.000834242	15583	0.712602	FALSE	M:cds-YP_009724393.1	GAA	E	GCA	A	115
NC_045512.2	26867	A	G	15843	8547	47	8	8	33	0.000504636	15853	0.953474	FALSE	M:cds-YP_009724393.1	GAA	E	GAG	E	115
NC_045512.2	26867	A	C	15843	8547	47	2	2	34	0.000126159	15853	0.999863	FALSE	M:cds-YP_009724393.1	GAA	E	GAC	D	115
NC_045512.2	26868	A	T	15592	8533	47	2	2	34	0.000128107	15612	0.999862	FALSE	M:cds-YP_009724393.1	ACT	T	TCT	S	116
NC_045512.2	26868	A	G	15592	8533	47	15	15	35	0.000960799	15612	0.571989	FALSE	M:cds-YP_009724393.1	ACT	T	GCT	A	116
NC_045512.2	26868	A	C	15592	8533	47	3	3	34	0.00019216	15612	0.999341	FALSE	M:cds-YP_009724393.1	ACT	T	CCT	P	116
NC_045512.2	26869	C	T	16001	8549	47	6	6	31	0.000373995	16043	0.991451	FALSE	M:cds-YP_009724393.1	ACT	T	ATT	I	116
NC_045512.2	26869	C	G	16001	8549	47	1	1	34	6.23325e-05	16043	0.999992	FALSE	M:cds-YP_009724393.1	ACT	T	AGT	S	116
NC_045512.2	26869	C	A	16001	8549	47	35	35	33	0.00218164	16043	0.0054348	TRUE	M:cds-YP_009724393.1	ACT	T	AAT	N	116
NC_045512.2	26870	T	G	15908	8471	47	2	2	30	0.000125376	15952	0.99986	FALSE	M:cds-YP_009724393.1	ACT	T	ACG	T	116
NC_045512.2	26870	T	C	15908	8471	47	25	25	33	0.0015672	15952	0.0762862	FALSE	M:cds-YP_009724393.1	ACT	T	ACC	T	116
NC_045512.2	26870	T	A	15908	8471	47	17	17	33	0.0010657	15952	0.428163	FALSE	M:cds-YP_009724393.1	ACT	T	ACA	T	116
NC_045512.2	26871	A	T	15971	8545	47	24	24	33	0.00149925	16008	0.13343	FALSE	M:cds-YP_009724393.1	AAC	N	TAC	Y	117
NC_045512.2	26871	A	G	15971	8545	47	1	1	34	6.24688e-05	16008	0.999992	FALSE	M:cds-YP_009724393.1	AAC	N	GAC	D	117
NC_045512.2	26871	A	C	15971	8545	47	12	12	33	0.000749625	16008	0.82662	FALSE	M:cds-YP_009724393.1	AAC	N	CAC	H	117
NC_045512.2	26872	A	T	15936	8722	47	11	10	34	0.000689094	15963	0.836033	FALSE	M:cds-YP_009724393.1	AAC	N	ATC	I	117
NC_045512.2	26872	A	G	15936	8722	47	2	2	26	0.00012529	15963	1	FALSE	M:cds-YP_009724393.1	AAC	N	AGC	S	117
NC_045512.2	26872	A	C	15936	8722	47	14	14	32	0.000877028	15963	0.643767	FALSE	M:cds-YP_009724393.1	AAC	N	ACC	T	117
NC_045512.2	26873	C	T	16068	8737	47	19	19	32	0.00117866	16120	0.36564	FALSE	M:cds-YP_009724393.1	AAC	N	AAT	N	117
NC_045512.2	26873	C	G	16068	8737	47	2	2	34	0.000124069	16120	0.999926	FALSE	M:cds-YP_009724393.1	AAC	N	AAG	K	117
NC_045512.2	26873	C	A	16068	8737	47	31	31	32	0.00192308	16120	0.0197169	FALSE	M:cds-YP_009724393.1	AAC	N	AAA	K	117
NC_045512.2	26874	A	T	15959	8776	47	5	5	32	0.000312715	15989	0.994048	FALSE	M:cds-YP_009724393.1	ATT	I	TTT	F	118
NC_045512.2	26874	A	C	15959	8776	47	25	25	33	0.00156357	15989	0.0766869	FALSE	M:cds-YP_009724393.1	ATT	I	CTT	L	118
NC_045512.2	26875	T	G	16055	8750	47	4	3	32	0.000248416	16102	0.998691	FALSE	M:cds-YP_009724393.1	ATT	I	AGT	S	118
NC_045512.2	26875	T	C	16055	8750	47	10	10	31	0.000621041	16102	0.914878	FALSE	M:cds-YP_009724393.1	ATT	I	ACT	T	118
NC_045512.2	26875	T	A	16055	8750	47	33	33	32	0.00204943	16102	0.0105196	FALSE	M:cds-YP_009724393.1	ATT	I	AAT	N	118
NC_045512.2	26876	T	G	15776	8493	46	2	2	34	0.000126582	15800	0.999862	FALSE	M:cds-YP_009724393.1	ATT	I	ATG	M	118
NC_045512.2	26876	T	C	15776	8493	46	13	13	31	0.000822785	15800	0.713718	FALSE	M:cds-YP_009724393.1	ATT	I	ATC	I	118
NC_045512.2	26876	T	A	15776	8493	46	9	9	33	0.00056962	15800	0.923972	FALSE	M:cds-YP_009724393.1	ATT	I	ATA	I	118
NC_045512.2	26877	C	T	16208	8875	47	34	34	32	0.00209179	16254	0.00758449	TRUE	M:cds-YP_009724393.1	CTT	L	TTT	F	119
NC_045512.2	26877	C	G	16208	8875	47	1	0	27	6.15233e-05	16254	1	FALSE	M:cds-YP_009724393.1	CTT	L	GTT	V	119
NC_045512.2	26877	C	A	16208	8875	47	11	11	32	0.000676756	16254	0.875082	FALSE	M:cds-YP_009724393.1	CTT	L	ATT	I	119
NC_045512.2	26878	T	G	16015	8698	47	4	3	30	0.000249283	16046	0.9987	FALSE	M:cds-YP_009724393.1	CTT	L	CGT	R	119
NC_045512.2	26878	T	C	16015	8698	47	27	27	33	0.00168266	16046	0.0629419	FALSE	M:cds-YP_009724393.1	CTT	L	CCT	P	119
NC_045512.2	26879	T	G	15453	8141	45	1	1	26	6.46371e-05	15471	1	FALSE	M:cds-YP_009724393.1	CTT	L	CTG	L	119
NC_045512.2	26879	T	C	15453	8141	45	16	15	32	0.00103419	15471	0.499928	FALSE	M:cds-YP_009724393.1	CTT	L	CTC	L	119
NC_045512.2	26879	T	A	15453	8141	45	1	1	34	6.46371e-05	15471	0.999985	FALSE	M:cds-YP_009724393.1	CTT	L	CTA	L	119
NC_045512.2	26880	C	T	15969	8762	47	32	32	33	0.00199913	16007	0.0145526	FALSE	M:cds-YP_009724393.1	CTC	L	TTC	F	120
NC_045512.2	26880	C	G	15969	8762	47	3	3	28	0.000187418	16007	1	FALSE	M:cds-YP_009724393.1	CTC	L	GTC	V	120
NC_045512.2	26880	C	A	15969	8762	47	3	3	34	0.000187418	16007	0.999631	FALSE	M:cds-YP_009724393.1	CTC	L	ATC	I	120
NC_045512.2	26881	T	G	15985	8737	47	2	2	34	0.000124883	16015	0.999927	FALSE	M:cds-YP_009724393.1	CTC	L	CGC	R	120
NC_045512.2	26881	T	C	15985	8737	47	24	24	32	0.0014986	16015	0.13373	FALSE	M:cds-YP_009724393.1	CTC	L	CCC	P	120
NC_045512.2	26881	T	A	15985	8737	47	4	4	34	0.000249766	16015	0.998701	FALSE	M:cds-YP_009724393.1	CTC	L	CAC	H	120
NC_045512.2	26882	C	T	15996	8764	47	39	39	32	0.00243157	16039	0.00131963	TRUE	M:cds-YP_009724393.1	CTC	L	CTT	L	120
NC_045512.2	26882	C	G	15996	8764	47	2	2	34	0.000124696	16039	0.999926	FALSE	M:cds-YP_009724393.1	CTC	L	CTG	L	120
NC_045512.2	26882	C	A	15996	8764	47	2	2	34	0.000124696	16039	0.999926	FALSE	M:cds-YP_009724393.1	CTC	L	CTA	L	120
NC_045512.2	26883	A	T	15974	8705	47	11	11	33	0.000686256	16029	0.874765	FALSE	M:cds-YP_009724393.1	AAC	N	TAC	Y	121
NC_045512.2	26883	A	G	15974	8705	47	2	2	34	0.000124774	16029	0.999926	FALSE	M:cds-YP_009724393.1	AAC	N	GAC	D	121
NC_045512.2	26883	A	C	15974	8705	47	42	41	33	0.00262025	16029	0.000422057	TRUE	M:cds-YP_009724393.1	AAC	N	CAC	H	121
NC_045512.2	26884	A	T	15843	8664	46	14	14	32	0.000882112	15871	0.643699	FALSE	M:cds-YP_009724393.1	AAC	N	ATC	I	121
NC_045512.2	26884	A	G	15843	8664	46	5	4	34	0.00031504	15871	0.994052	FALSE	M:cds-YP_009724393.1	AAC	N	AGC	S	121
NC_045512.2	26884	A	C	15843	8664	46	9	8	32	0.000567072	15871	0.923884	FALSE	M:cds-YP_009724393.1	AAC	N	ACC	T	121
NC_045512.2	26885	C	T	16052	8789	47	6	6	34	0.000372879	16091	0.991461	FALSE	M:cds-YP_009724393.1	AAC	N	AAT	N	121
NC_045512.2	26885	C	G	16052	8789	47	3	3	31	0.00018644	16091	0.999631	FALSE	M:cds-YP_009724393.1	AAC	N	AAG	K	121
NC_045512.2	26885	C	A	16052	8789	47	30	30	32	0.0018644	16091	0.0268479	FALSE	M:cds-YP_009724393.1	AAC	N	AAA	K	121
NC_045512.2	26886	G	T	16143	8529	47	5	5	34	0.000308775	16193	0.996344	FALSE	M:cds-YP_009724393.1	GTG	V	TTG	L	122
NC_045512.2	26886	G	C	16143	8529	47	27	27	33	0.00166739	16193	0.062468	FALSE	M:cds-YP_009724393.1	GTG	V	CTG	L	122
NC_045512.2	26886	G	A	16143	8529	47	18	18	32	0.00111159	16193	0.429835	FALSE	M:cds-YP_009724393.1	GTG	V	ATG	M	122
NC_045512.2	26887	T	G	12100	5292	47	26	25	32	0.00214009	12149	0.0164776	FALSE	M:cds-YP_009724393.1	GTG	V	GGG	G	122
NC_045512.2	26887	T	C	12100	5292	47	14	14	34	0.00115236	12149	0.419645	FALSE	M:cds-YP_009724393.1	GTG	V	GCG	A	122
NC_045512.2	26887	T	A	12100	5292	47	9	9	33	0.000740802	12149	0.806414	FALSE	M:cds-YP_009724393.1	GTG	V	GAG	E	122
NC_045512.2	26888	G	T	11868	5100	46	13	13	33	0.00109271	11897	0.418149	FALSE	M:cds-YP_009724393.1	GTG	V	GTT	V	122
NC_045512.2	26888	G	C	11868	5100	46	14	14	32	0.00117677	11897	0.343846	FALSE	M:cds-YP_009724393.1	GTG	V	GTC	V	122
NC_045512.2	26888	G	A	11868	5100	46	2	2	34	0.00016811	11897	0.998274	FALSE	M:cds-YP_009724393.1	GTG	V	GTA	V	122
NC_045512.2	26889	C	T	12117	5442	47	5	5	32	0.000411624	12147	0.975284	FALSE	M:cds-YP_009724393.1	CCA	P	TCA	S	123
NC_045512.2	26889	C	G	12117	5442	47	23	23	32	0.00189347	12147	0.0445129	FALSE	M:cds-YP_009724393.1	CCA	P	GCA	A	123
NC_045512.2	26889	C	A	12117	5442	47	2	2	34	0.00016465	12147	0.999075	FALSE	M:cds-YP_009724393.1	CCA	P	ACA	T	123
NC_045512.2	26890	C	T	12007	5470	47	9	9	32	0.000748752	12020	0.808292	FALSE	M:cds-YP_009724393.1	CCA	P	CTA	L	123
NC_045512.2	26890	C	G	12007	5470	47	2	2	30	0.000166389	12020	0.999082	FALSE	M:cds-YP_009724393.1	CCA	P	CGA	R	123
NC_045512.2	26890	C	A	12007	5470	47	2	2	34	0.000166389	12020	0.999082	FALSE	M:cds-YP_009724393.1	CCA	P	CAA	Q	123
NC_045512.2	26891	A	T	12080	5454	47	5	5	39	0.000413189	12101	0.975372	FALSE	M:cds-YP_009724393.1	CCA	P	CCT	P	123
NC_045512.2	26891	A	G	12080	5454	47	4	4	34	0.000330551	12101	0.989312	FALSE	M:cds-YP_009724393.1	CCA	P	CCG	P	123
NC_045512.2	26891	A	C	12080	5454	47	12	12	32	0.000991654	12101	0.57999	FALSE	M:cds-YP_009724393.1	CCA	P	CCC	P	123
NC_045512.2	26892	C	T	12474	5581	47	6	6	34	0.000480269	12493	0.951729	FALSE	M:cds-YP_009724393.1	CTC	L	TTC	F	124
NC_045512.2	26892	C	G	12474	5581	47	3	2	31	0.000240134	12493	0.996291	FALSE	M:cds-YP_009724393.1	CTC	L	GTC	V	124
NC_045512.2	26892	C	A	12474	5581	47	10	10	32	0.000800448	12493	0.737865	FALSE	M:cds-YP_009724393.1	CTC	L	ATC	I	124
NC_045512.2	26893	T	G	12565	5580	48	8	8	32	0.000635475	12589	0.867934	FALSE	M:cds-YP_009724393.1	CTC	L	CGC	R	124
NC_045512.2	26893	T	C	12565	5580	48	14	14	32	0.00111208	12589	0.421749	FALSE	M:cds-YP_009724393.1	CTC	L	CCC	P	124
NC_045512.2	26893	T	A	12565	5580	48	2	2	30	0.000158869	12589	0.999078	FALSE	M:cds-YP_009724393.1	CTC	L	CAC	H	124
NC_045512.2	26894	C	T	12870	5599	47	15	13	34	0.00116333	12894	0.349876	FALSE	M:cds-YP_009724393.1	CTC	L	CTT	L	124
NC_045512.2	26894	C	G	12870	5599	47	3	3	34	0.000232666	12894	0.996283	FALSE	M:cds-YP_009724393.1	CTC	L	CTG	L	124
NC_045512.2	26894	C	A	12870	5599	47	6	6	34	0.000465333	12894	0.951651	FALSE	M:cds-YP_009724393.1	CTC	L	CTA	L	124
NC_045512.2	26895	C	T	12845	5623	47	7	5	38	0.00054445	12857	0.91644	FALSE	M:cds-YP_009724393.1	CAT	H	TAT	Y	125
NC_045512.2	26895	C	G	12845	5623	47	3	3	31	0.000233336	12857	0.996303	FALSE	M:cds-YP_009724393.1	CAT	H	GAT	D	125
NC_045512.2	26895	C	A	12845	5623	47	2	2	34	0.000155557	12857	0.999083	FALSE	M:cds-YP_009724393.1	CAT	H	AAT	N	125
NC_045512.2	26896	A	T	12858	5626	47	10	10	33	0.000776458	12879	0.737757	FALSE	M:cds-YP_009724393.1	CAT	H	CTT	L	125
NC_045512.2	26896	A	G	12858	5626	47	1	1	34	7.76458e-05	12879	0.999877	FALSE	M:cds-YP_009724393.1	CAT	H	CGT	R	125
NC_045512.2	26896	A	C	12858	5626	47	10	10	34	0.000776458	12879	0.737757	FALSE	M:cds-YP_009724393.1	CAT	H	CCT	P	125
NC_045512.2	26897	T	G	12868	5634	47	6	5	32	0.000465369	12893	0.951634	FALSE	M:cds-YP_009724393.1	CAT	H	CAG	Q	125
NC_045512.2	26897	T	C	12868	5634	47	10	9	36	0.000775615	12893	0.737518	FALSE	M:cds-YP_009724393.1	CAT	H	CAC	H	125
NC_045512.2	26897	T	A	12868	5634	47	9	9	32	0.000698053	12893	0.807708	FALSE	M:cds-YP_009724393.1	CAT	H	CAA	Q	125
NC_045512.2	26898	G	T	12821	5635	47	12	12	33	0.000934288	12844	0.579874	FALSE	M:cds-YP_009724393.1	GGC	G	TGC	C	126
NC_045512.2	26898	G	C	12821	5635	47	9	9	31	0.000700716	12844	0.807804	FALSE	M:cds-YP_009724393.1	GGC	G	CGC	R	126
NC_045512.2	26898	G	A	12821	5635	47	2	2	34	0.000155715	12844	0.999078	FALSE	M:cds-YP_009724393.1	GGC	G	AGC	S	126
NC_045512.2	26899	G	T	14189	5892	47	4	4	32	0.000281611	14204	0.996224	FALSE	M:cds-YP_009724393.1	GGC	G	GTC	V	126
NC_045512.2	26899	G	C	14189	5892	47	2	2	30	0.000140805	14204	0.99974	FALSE	M:cds-YP_009724393.1	GGC	G	GCC	A	126
NC_045512.2	26899	G	A	14189	5892	47	9	8	36	0.000633624	14204	0.894918	FALSE	M:cds-YP_009724393.1	GGC	G	GAC	D	126
NC_045512.2	26900	C	T	14127	5947	47	10	9	34	0.000706714	14150	0.845879	FALSE	M:cds-YP_009724393.1	GGC	G	GGT	G	126
NC_045512.2	26900	C	G	14127	5947	47	10	10	32	0.000706714	14150	0.845879	FALSE	M:cds-YP_009724393.1	GGC	G	GGG	G	126
NC_045512.2	26900	C	A	14127	5947	47	3	1	34	0.000212014	14150	0.998818	FALSE	M:cds-YP_009724393.1	GGC	G	GGA	G	126
NC_045512.2	26901	A	T	14122	5899	47	3	3	31	0.000211984	14152	0.998814	FALSE	M:cds-YP_009724393.1	ACT	T	TCT	S	127
NC_045512.2	26901	A	G	14122	5899	47	17	13	33	0.00120124	14152	0.359085	FALSE	M:cds-YP_009724393.1	ACT	T	GCT	A	127
NC_045512.2	26901	A	C	14122	5899	47	10	10	33	0.000706614	14152	0.845589	FALSE	M:cds-YP_009724393.1	ACT	T	CCT	P	127
NC_045512.2	26902	C	T	14359	6007	47	3	3	31	0.000208667	14377	0.998821	FALSE	M:cds-YP_009724393.1	ACT	T	ATT	I	127
NC_045512.2	26902	C	G	14359	6007	47	5	5	34	0.000347778	14377	0.990368	FALSE	M:cds-YP_009724393.1	ACT	T	AGT	S	127
NC_045512.2	26902	C	A	14359	6007	47	10	10	34	0.000695555	14377	0.846089	FALSE	M:cds-YP_009724393.1	ACT	T	AAT	N	127
NC_045512.2	26903	T	G	14342	5957	47	2	2	26	0.000139227	14365	1	FALSE	M:cds-YP_009724393.1	ACT	T	ACG	T	127
NC_045512.2	26903	T	C	14342	5957	47	17	16	33	0.00118343	14365	0.359611	FALSE	M:cds-YP_009724393.1	ACT	T	ACC	T	127
NC_045512.2	26903	T	A	14342	5957	47	4	4	32	0.000278455	14365	0.996211	FALSE	M:cds-YP_009724393.1	ACT	T	ACA	T	127
NC_045512.2	26904	A	T	16137	6280	46	9	9	30	0.000557138	16154	0.946073	FALSE	M:cds-YP_009724393.1	ATT	I	TTT	F	128
NC_045512.2	26904	A	G	16137	6280	46	3	3	31	0.000185713	16154	0.999635	FALSE	M:cds-YP_009724393.1	ATT	I	GTT	V	128
NC_045512.2	26904	A	C	16137	6280	46	5	5	34	0.000309521	16154	0.996394	FALSE	M:cds-YP_009724393.1	ATT	I	CTT	L	128
NC_045512.2	26905	T	G	16321	6320	47	3	2	34	0.000183587	16341	0.999634	FALSE	M:cds-YP_009724393.1	ATT	I	AGT	S	128
NC_045512.2	26905	T	C	16321	6320	47	8	8	31	0.000489566	16341	0.967973	FALSE	M:cds-YP_009724393.1	ATT	I	ACT	T	128
NC_045512.2	26905	T	A	16321	6320	47	9	9	34	0.000550762	16341	0.946023	FALSE	M:cds-YP_009724393.1	ATT	I	AAT	N	128
NC_045512.2	26906	T	G	16245	6334	46	5	2	32	0.000307522	16259	0.996398	FALSE	M:cds-YP_009724393.1	ATT	I	ATG	M	128
NC_045512.2	26906	T	C	16245	6334	46	6	5	39	0.000369026	16259	0.991545	FALSE	M:cds-YP_009724393.1	ATT	I	ATC	I	128
NC_045512.2	26906	T	A	16245	6334	46	3	3	34	0.000184513	16259	0.999635	FALSE	M:cds-YP_009724393.1	ATT	I	ATA	I	128
NC_045512.2	26907	C	T	16254	6392	46	14	14	31	0.000859951	16280	0.707114	FALSE	M:cds-YP_009724393.1	CTG	L	TTG	L	129
NC_045512.2	26907	C	G	16254	6392	46	2	2	30	0.00012285	16280	0.999927	FALSE	M:cds-YP_009724393.1	CTG	L	GTG	V	129
NC_045512.2	26907	C	A	16254	6392	46	10	9	33	0.000614251	16280	0.915401	FALSE	M:cds-YP_009724393.1	CTG	L	ATG	M	129
NC_045512.2	26908	T	C	16212	6361	46	14	12	32	0.000862441	16233	0.707405	FALSE	M:cds-YP_009724393.1	CTG	L	CCG	P	129
NC_045512.2	26908	T	A	16212	6361	46	7	7	34	0.00043122	16233	0.982605	FALSE	M:cds-YP_009724393.1	CTG	L	CAG	Q	129
NC_045512.2	26909	G	T	16536	6452	46	17	17	32	0.00102645	16562	0.499442	FALSE	M:cds-YP_009724393.1	CTG	L	CTT	L	129
NC_045512.2	26909	G	C	16536	6452	46	3	3	34	0.000181138	16562	0.999633	FALSE	M:cds-YP_009724393.1	CTG	L	CTC	L	129
NC_045512.2	26909	G	A	16536	6452	46	6	2	32	0.000362275	16562	0.991506	FALSE	M:cds-YP_009724393.1	CTG	L	CTA	L	129
NC_045512.2	26910	A	T	16619	6456	46	3	3	34	0.000180223	16646	0.999633	FALSE	M:cds-YP_009724393.1	ACC	T	TCC	S	130
NC_045512.2	26910	A	G	16619	6456	46	14	14	32	0.000841043	16646	0.707069	FALSE	M:cds-YP_009724393.1	ACC	T	GCC	A	130
NC_045512.2	26910	A	C	16619	6456	46	10	10	31	0.000600745	16646	0.915383	FALSE	M:cds-YP_009724393.1	ACC	T	CCC	P	130
NC_045512.2	26911	C	T	16555	6446	46	8	8	34	0.000482567	16578	0.967942	FALSE	M:cds-YP_009724393.1	ACC	T	ATC	I	130
NC_045512.2	26911	C	G	16555	6446	46	3	3	31	0.000180963	16578	0.999634	FALSE	M:cds-YP_009724393.1	ACC	T	AGC	S	130
NC_045512.2	26911	C	A	16555	6446	46	12	12	33	0.000723851	16578	0.827228	FALSE	M:cds-YP_009724393.1	ACC	T	AAC	N	130
NC_045512.2	26912	C	T	16505	6464	46	4	2	47	0.000242116	16521	0.187273	FALSE	M:cds-YP_009724393.1	ACC	T	ACT	T	130
NC_045512.2	26912	C	G	16505	6464	46	8	8	32	0.000484232	16521	0.968016	FALSE	M:cds-YP_009724393.1	ACC	T	ACG	T	130
NC_045512.2	26912	C	A	16505	6464	46	4	4	34	0.000242116	16521	0.998709	FALSE	M:cds-YP_009724393.1	ACC	T	ACA	T	130
NC_045512.2	26913	A	T	16628	6475	46	4	3	32	0.000240298	16646	0.998708	FALSE	M:cds-YP_009724393.1	AGA	R	TGA	*	131
NC_045512.2	26913	A	G	16628	6475	46	2	2	30	0.000120149	16646	0.999927	FALSE	M:cds-YP_009724393.1	AGA	R	GGA	G	131
NC_045512.2	26913	A	C	16628	6475	46	12	12	33	0.000720894	16646	0.827434	FALSE	M:cds-YP_009724393.1	AGA	R	CGA	R	131
NC_045512.2	26914	G	T	16582	6478	46	5	5	32	0.000301005	16611	0.996376	FALSE	M:cds-YP_009724393.1	AGA	R	ATA	I	131
NC_045512.2	26914	G	C	16582	6478	46	12	12	32	0.000722413	16611	0.826982	FALSE	M:cds-YP_009724393.1	AGA	R	ACA	T	131
NC_045512.2	26914	G	A	16582	6478	46	12	11	33	0.000722413	16611	0.826982	FALSE	M:cds-YP_009724393.1	AGA	R	AAA	K	131
NC_045512.2	26915	A	G	16511	6493	46	12	12	34	0.000725777	16534	0.827227	FALSE	M:cds-YP_009724393.1	AGA	R	AGG	R	131
NC_045512.2	26915	A	C	16511	6493	46	11	11	34	0.000665296	16534	0.875847	FALSE	M:cds-YP_009724393.1	AGA	R	AGC	S	131
NC_045512.2	26916	C	T	16611	6490	46	1	1	34	6.00962e-05	16640	0.999992	FALSE	M:cds-YP_009724393.1	CCG	P	TCG	S	132
NC_045512.2	26916	C	G	16611	6490	46	5	3	32	0.000300481	16640	0.996376	FALSE	M:cds-YP_009724393.1	CCG	P	GCG	A	132
NC_045512.2	26916	C	A	16611	6490	46	23	23	33	0.00138221	16640	0.168012	FALSE	M:cds-YP_009724393.1	CCG	P	ACG	T	132
NC_045512.2	26917	C	T	16427	6550	46	5	5	32	0.000304081	16443	0.996395	FALSE	M:cds-YP_009724393.1	CCG	P	CTG	L	132
NC_045512.2	26917	C	G	16427	6550	46	8	7	34	0.000486529	16443	0.968016	FALSE	M:cds-YP_009724393.1	CCG	P	CGG	R	132
NC_045512.2	26917	C	A	16427	6550	46	3	3	34	0.000182448	16443	0.999635	FALSE	M:cds-YP_009724393.1	CCG	P	CAG	Q	132
NC_045512.2	26918	G	T	16549	6495	46	3	3	34	0.000181006	16574	0.999633	FALSE	M:cds-YP_009724393.1	CCG	P	CCT	P	132
NC_045512.2	26918	G	C	16549	6495	46	11	11	33	0.00066369	16574	0.875783	FALSE	M:cds-YP_009724393.1	CCG	P	CCC	P	132
NC_045512.2	26918	G	A	16549	6495	46	11	9	39	0.00066369	16574	0.875783	FALSE	M:cds-YP_009724393.1	CCG	P	CCA	P	132
NC_045512.2	26919	C	T	16958	6633	46	3	3	34	0.00017672	16976	0.999635	FALSE	M:cds-YP_009724393.1	CTT	L	TTT	F	133
NC_045512.2	26919	C	G	16958	6633	46	13	10	32	0.000765787	16976	0.770774	FALSE	M:cds-YP_009724393.1	CTT	L	GTT	V	133
NC_045512.2	26919	C	A	16958	6633	46	2	1	34	0.000117813	16976	0.999927	FALSE	M:cds-YP_009724393.1	CTT	L	ATT	I	133
NC_045512.2	26920	T	G	16959	6706	46	3	3	34	0.000176647	16983	0.999634	FALSE	M:cds-YP_009724393.1	CTT	L	CGT	R	133
NC_045512.2	26920	T	C	16959	6706	46	18	18	33	0.00105988	16983	0.431709	FALSE	M:cds-YP_009724393.1	CTT	L	CCT	P	133
NC_045512.2	26920	T	A	16959	6706	46	3	3	31	0.000176647	16983	0.999634	FALSE	M:cds-YP_009724393.1	CTT	L	CAT	H	133
NC_045512.2	26921	T	G	16903	6586	46	9	9	33	0.000531852	16922	0.946043	FALSE	M:cds-YP_009724393.1	CTT	L	CTG	L	133
NC_045512.2	26921	T	C	16903	6586	46	7	7	42	0.000413663	16922	0.035069	FALSE	M:cds-YP_009724393.1	CTT	L	CTC	L	133
NC_045512.2	26921	T	A	16903	6586	46	3	3	34	0.000177284	16922	0.999634	FALSE	M:cds-YP_009724393.1	CTT	L	CTA	L	133
NC_045512.2	26922	C	T	17096	6718	46	17	17	32	0.000993223	17116	0.567816	FALSE	M:cds-YP_009724393.1	CTA	L	TTA	L	134
NC_045512.2	26922	C	G	17096	6718	46	1	1	34	5.84249e-05	17116	0.999996	FALSE	M:cds-YP_009724393.1	CTA	L	GTA	V	134
NC_045512.2	26922	C	A	17096	6718	46	2	1	30	0.00011685	17116	0.999962	FALSE	M:cds-YP_009724393.1	CTA	L	ATA	I	134
NC_045512.2	26923	T	G	17051	6690	46	1	0	34	5.85995e-05	17065	0.999996	FALSE	M:cds-YP_009724393.1	CTA	L	CGA	R	134
NC_045512.2	26923	T	C	17051	6690	46	12	12	31	0.000703194	17065	0.867603	FALSE	M:cds-YP_009724393.1	CTA	L	CCA	P	134
NC_045512.2	26923	T	A	17051	6690	46	1	1	34	5.85995e-05	17065	0.999996	FALSE	M:cds-YP_009724393.1	CTA	L	CAA	Q	134
NC_045512.2	26924	A	T	17043	6746	46	14	14	33	0.000820393	17065	0.763182	FALSE	M:cds-YP_009724393.1	CTA	L	CTT	L	134
NC_045512.2	26924	A	G	17043	6746	46	2	1	30	0.000117199	17065	0.999962	FALSE	M:cds-YP_009724393.1	CTA	L	CTG	L	134
NC_045512.2	26924	A	C	17043	6746	46	6	6	31	0.000351597	17065	0.99467	FALSE	M:cds-YP_009724393.1	CTA	L	CTC	L	134
NC_045512.2	26925	G	T	16984	6920	46	5	5	34	0.000293962	17009	0.997817	FALSE	M:cds-YP_009724393.1	GAA	E	TAA	*	135
NC_045512.2	26925	G	C	16984	6920	46	8	8	34	0.000470339	17009	0.978274	FALSE	M:cds-YP_009724393.1	GAA	E	CAA	Q	135
NC_045512.2	26925	G	A	16984	6920	46	12	12	32	0.000705509	17009	0.867227	FALSE	M:cds-YP_009724393.1	GAA	E	AAA	K	135
NC_045512.2	26926	A	T	16292	6980	44	7	7	32	0.000428922	16320	0.982561	FALSE	M:cds-YP_009724393.1	GAA	E	GTA	V	135
NC_045512.2	26926	A	G	16292	6980	44	16	14	33	0.000980392	16320	0.569254	FALSE	M:cds-YP_009724393.1	GAA	E	GGA	G	135
NC_045512.2	26926	A	C	16292	6980	44	5	5	31	0.000306373	16320	0.996377	FALSE	M:cds-YP_009724393.1	GAA	E	GCA	A	135
NC_045512.2	26927	A	T	17058	7069	46	2	2	30	0.000117213	17063	0.999962	FALSE	M:cds-YP_009724393.1	GAA	E	GAT	D	135
NC_045512.2	26927	A	G	17058	7069	46	2	2	30	0.000117213	17063	0.999962	FALSE	M:cds-YP_009724393.1	GAA	E	GAG	E	135
NC_045512.2	26927	A	C	17058	7069	46	1	1	34	5.86063e-05	17063	0.999996	FALSE	M:cds-YP_009724393.1	GAA	E	GAC	D	135
NC_045512.2	26928	A	T	16764	6880	46	2	2	34	0.000119218	16776	0.999927	FALSE	M:cds-YP_009724393.1	AGT	S	TGT	C	136
NC_045512.2	26928	A	G	16764	6880	46	8	6	33	0.000476872	16776	0.968058	FALSE	M:cds-YP_009724393.1	AGT	S	GGT	G	136
NC_045512.2	26928	A	C	16764	6880	46	2	1	34	0.000119218	16776	0.999927	FALSE	M:cds-YP_009724393.1	AGT	S	CGT	R	136
NC_045512.2	26929	G	C	16801	6893	46	3	3	31	0.000178327	16823	0.999634	FALSE	M:cds-YP_009724393.1	AGT	S	ACT	T	136
NC_045512.2	26929	G	A	16801	6893	46	19	19	32	0.00112941	16823	0.367739	FALSE	M:cds-YP_009724393.1	AGT	S	AAT	N	136
NC_045512.2	26930	T	G	16635	7041	45	9	9	33	0.000540281	16658	0.945976	FALSE	M:cds-YP_009724393.1	AGT	S	AGG	R	136
NC_045512.2	26930	T	C	16635	7041	45	3	3	34	0.000180094	16658	0.999634	FALSE	M:cds-YP_009724393.1	AGT	S	AGC	S	136
NC_045512.2	26930	T	A	16635	7041	45	11	11	31	0.000660343	16658	0.875849	FALSE	M:cds-YP_009724393.1	AGT	S	AGA	R	136
NC_045512.2	26931	G	T	16685	7055	45	13	12	36	0.00077807	16708	0.770526	FALSE	M:cds-YP_009724393.1	GAA	E	TAA	*	137
NC_045512.2	26931	G	C	16685	7055	45	3	2	34	0.000179555	16708	0.999634	FALSE	M:cds-YP_009724393.1	GAA	E	CAA	Q	137
NC_045512.2	26931	G	A	16685	7055	45	7	7	34	0.000418961	16708	0.982594	FALSE	M:cds-YP_009724393.1	GAA	E	AAA	K	137
NC_045512.2	26932	A	T	16609	7189	45	3	3	34	0.000180375	16632	0.999634	FALSE	M:cds-YP_009724393.1	GAA	E	GTA	V	137
NC_045512.2	26932	A	G	16609	7189	45	18	17	34	0.00108225	16632	0.431771	FALSE	M:cds-YP_009724393.1	GAA	E	GGA	G	137
NC_045512.2	26932	A	C	16609	7189	45	2	2	30	0.00012025	16632	0.999927	FALSE	M:cds-YP_009724393.1	GAA	E	GCA	A	137
NC_045512.2	26933	A	T	16391	7200	45	8	8	33	0.000487508	16410	0.967984	FALSE	M:cds-YP_009724393.1	GAA	E	GAT	D	137
NC_045512.2	26933	A	G	16391	7200	45	4	4	32	0.000243754	16410	0.998707	FALSE	M:cds-YP_009724393.1	GAA	E	GAG	E	137
NC_045512.2	26933	A	C	16391	7200	45	7	3	31	0.000426569	16410	0.982618	FALSE	M:cds-YP_009724393.1	GAA	E	GAC	D	137
NC_045512.2	26934	C	T	16938	7255	45	2	2	34	0.000117925	16960	0.999927	FALSE	M:cds-YP_009724393.1	CTC	L	TTC	F	138
NC_045512.2	26934	C	G	16938	7255	45	9	8	33	0.00053066	16960	0.945994	FALSE	M:cds-YP_009724393.1	CTC	L	GTC	V	138
NC_045512.2	26934	C	A	16938	7255	45	11	11	33	0.000648585	16960	0.875885	FALSE	M:cds-YP_009724393.1	CTC	L	ATC	I	138
NC_045512.2	26935	T	G	16956	7512	46	1	1	34	5.88859e-05	16982	0.999992	FALSE	M:cds-YP_009724393.1	CTC	L	CGC	R	138
NC_045512.2	26935	T	C	16956	7512	46	11	11	33	0.000647745	16982	0.875759	FALSE	M:cds-YP_009724393.1	CTC	L	CCC	P	138
NC_045512.2	26935	T	A	16956	7512	46	14	14	32	0.000824402	16982	0.707137	FALSE	M:cds-YP_009724393.1	CTC	L	CAC	H	138
NC_045512.2	26936	C	T	17069	7567	47	12	12	34	0.000702247	17088	0.867433	FALSE	M:cds-YP_009724393.1	CTC	L	CTT	L	138
NC_045512.2	26936	C	A	17069	7567	47	7	7	32	0.000409644	17088	0.988649	FALSE	M:cds-YP_009724393.1	CTC	L	CTA	L	138
NC_045512.2	26937	G	T	17002	7578	46	6	6	31	0.000352382	17027	0.994663	FALSE	M:cds-YP_009724393.1	GTA	V	TTA	L	139
NC_045512.2	26937	G	C	17002	7578	46	16	16	34	0.000939684	17027	0.635387	FALSE	M:cds-YP_009724393.1	GTA	V	CTA	L	139
NC_045512.2	26937	G	A	17002	7578	46	3	3	45	0.000176191	17027	0.312026	FALSE	M:cds-YP_009724393.1	GTA	V	ATA	I	139
NC_045512.2	26938	T	G	17051	8087	47	8	8	34	0.000468768	17066	0.97835	FALSE	M:cds-YP_009724393.1	GTA	V	GGA	G	139
NC_045512.2	26938	T	C	17051	8087	47	7	7	34	0.000410172	17066	0.988666	FALSE	M:cds-YP_009724393.1	GTA	V	GCA	A	139
NC_045512.2	26939	A	T	17156	8126	47	14	14	33	0.000814664	17185	0.762831	FALSE	M:cds-YP_009724393.1	GTA	V	GTT	V	139
NC_045512.2	26939	A	G	17156	8126	47	6	4	39	0.000349142	17185	0.994655	FALSE	M:cds-YP_009724393.1	GTA	V	GTG	V	139
NC_045512.2	26939	A	C	17156	8126	47	9	9	33	0.000523713	17185	0.962063	FALSE	M:cds-YP_009724393.1	GTA	V	GTC	V	139
NC_045512.2	26940	A	T	17144	8107	47	5	5	34	0.000291392	17159	0.997826	FALSE	M:cds-YP_009724393.1	ATC	I	TTC	F	140
NC_045512.2	26940	A	G	17144	8107	47	8	8	33	0.000466228	17159	0.97835	FALSE	M:cds-YP_009724393.1	ATC	I	GTC	V	140
NC_045512.2	26940	A	C	17144	8107	47	2	2	34	0.000116557	17159	0.999962	FALSE	M:cds-YP_009724393.1	ATC	I	CTC	L	140
NC_045512.2	26941	T	C	17175	8160	47	3	3	34	0.00017449	17193	0.999798	FALSE	M:cds-YP_009724393.1	ATC	I	ACC	T	140
NC_045512.2	26941	T	A	17175	8160	47	15	15	32	0.000872448	17193	0.701664	FALSE	M:cds-YP_009724393.1	ATC	I	AAC	N	140
NC_045512.2	26942	C	T	17121	8224	47	10	10	34	0.000583158	17148	0.938741	FALSE	M:cds-YP_009724393.1	ATC	I	ATT	I	140
NC_045512.2	26942	C	G	17121	8224	47	2	2	30	0.000116632	17148	0.999962	FALSE	M:cds-YP_009724393.1	ATC	I	ATG	M	140
NC_045512.2	26942	C	A	17121	8224	47	15	15	31	0.000874738	17148	0.701145	FALSE	M:cds-YP_009724393.1	ATC	I	ATA	I	140
NC_045512.2	26943	G	T	16781	7992	47	5	4	40	0.00029746	16809	0.109047	FALSE	M:cds-YP_009724393.1	GGA	G	TGA	*	141
NC_045512.2	26943	G	C	16781	7992	47	13	13	32	0.000773395	16809	0.770283	FALSE	M:cds-YP_009724393.1	GGA	G	CGA	R	141
NC_045512.2	26943	G	A	16781	7992	47	10	10	37	0.000594919	16809	0.915363	FALSE	M:cds-YP_009724393.1	GGA	G	AGA	R	141
NC_045512.2	26944	G	T	17044	8130	47	11	11	34	0.000644783	17060	0.90752	FALSE	M:cds-YP_009724393.1	GGA	G	GTA	V	141
NC_045512.2	26944	G	C	17044	8130	47	4	4	32	0.000234467	17060	0.999254	FALSE	M:cds-YP_009724393.1	GGA	G	GCA	A	141
NC_045512.2	26944	G	A	17044	8130	47	1	1	34	5.86166e-05	17060	0.999996	FALSE	M:cds-YP_009724393.1	GGA	G	GAA	E	141
NC_045512.2	26945	A	T	17055	8121	47	1	1	34	5.85583e-05	17077	0.999996	FALSE	M:cds-YP_009724393.1	GGA	G	GGT	G	141
NC_045512.2	26945	A	G	17055	8121	47	12	12	32	0.0007027	17077	0.867331	FALSE	M:cds-YP_009724393.1	GGA	G	GGG	G	141
NC_045512.2	26945	A	C	17055	8121	47	9	9	33	0.000527025	17077	0.962148	FALSE	M:cds-YP_009724393.1	GGA	G	GGC	G	141
NC_045512.2	26946	G	T	17205	8100	47	1	1	34	5.80686e-05	17221	0.999996	FALSE	M:cds-YP_009724393.1	GCT	A	TCT	S	142
NC_045512.2	26946	G	C	17205	8100	47	4	4	32	0.000232275	17221	0.999254	FALSE	M:cds-YP_009724393.1	GCT	A	CCT	P	142
NC_045512.2	26946	G	A	17205	8100	47	11	10	33	0.000638755	17221	0.907521	FALSE	M:cds-YP_009724393.1	GCT	A	ACT	T	142
NC_045512.2	26947	C	T	17440	8209	46	7	5	32	0.000400687	17470	0.988604	FALSE	M:cds-YP_009724393.1	GCT	A	GTT	V	142
NC_045512.2	26947	C	G	17440	8209	46	18	18	33	0.00103034	17470	0.499251	FALSE	M:cds-YP_009724393.1	GCT	A	GGT	G	142
NC_045512.2	26947	C	A	17440	8209	46	5	4	28	0.000286205	17470	1	FALSE	M:cds-YP_009724393.1	GCT	A	GAT	D	142
NC_045512.2	26948	T	G	17508	8218	47	4	4	34	0.000228128	17534	0.999251	FALSE	M:cds-YP_009724393.1	GCT	A	GCG	A	142
NC_045512.2	26948	T	C	17508	8218	47	12	12	32	0.000684385	17534	0.867203	FALSE	M:cds-YP_009724393.1	GCT	A	GCC	A	142
NC_045512.2	26948	T	A	17508	8218	47	10	10	32	0.000570321	17534	0.938763	FALSE	M:cds-YP_009724393.1	GCT	A	GCA	A	142
NC_045512.2	26949	G	T	17723	8259	47	11	11	33	0.000619963	17743	0.907422	FALSE	M:cds-YP_009724393.1	GTG	V	TTG	L	143
NC_045512.2	26949	G	C	17723	8259	47	6	5	32	0.000338162	17743	0.994675	FALSE	M:cds-YP_009724393.1	GTG	V	CTG	L	143
NC_045512.2	26949	G	A	17723	8259	47	3	3	34	0.000169081	17743	0.999798	FALSE	M:cds-YP_009724393.1	GTG	V	ATG	M	143
NC_045512.2	26950	T	G	17676	8319	47	12	11	33	0.000677928	17701	0.867239	FALSE	M:cds-YP_009724393.1	GTG	V	GGG	G	143
NC_045512.2	26950	T	C	17676	8319	47	12	12	36	0.000677928	17701	0.867239	FALSE	M:cds-YP_009724393.1	GTG	V	GCG	A	143
NC_045512.2	26950	T	A	17676	8319	47	1	0	60	5.6494e-05	17701	0.499675	FALSE	M:cds-YP_009724393.1	GTG	V	GAG	E	143
NC_045512.2	26951	G	T	17734	8311	47	21	21	34	0.0011825	17759	0.313273	FALSE	M:cds-YP_009724393.1	GTG	V	GTT	V	143
NC_045512.2	26951	G	C	17734	8311	47	3	3	31	0.000168928	17759	0.999798	FALSE	M:cds-YP_009724393.1	GTG	V	GTC	V	143
NC_045512.2	26951	G	A	17734	8311	47	1	1	34	5.63095e-05	17759	0.999996	FALSE	M:cds-YP_009724393.1	GTG	V	GTA	V	143
NC_045512.2	26952	A	T	17527	8408	46	3	3	34	0.000170882	17556	0.999797	FALSE	M:cds-YP_009724393.1	ATC	I	TTC	F	144
NC_045512.2	26952	A	G	17527	8408	46	23	21	32	0.00131009	17556	0.214399	FALSE	M:cds-YP_009724393.1	ATC	I	GTC	V	144
NC_045512.2	26952	A	C	17527	8408	46	3	3	34	0.000170882	17556	0.999797	FALSE	M:cds-YP_009724393.1	ATC	I	CTC	L	144
NC_045512.2	26953	T	G	17493	8301	47	3	3	28	0.000171311	17512	1	FALSE	M:cds-YP_009724393.1	ATC	I	AGC	S	144
NC_045512.2	26953	T	C	17493	8301	47	5	5	34	0.000285519	17512	0.997822	FALSE	M:cds-YP_009724393.1	ATC	I	ACC	T	144
NC_045512.2	26953	T	A	17493	8301	47	11	11	34	0.000628141	17512	0.907445	FALSE	M:cds-YP_009724393.1	ATC	I	AAC	N	144
NC_045512.2	26954	C	T	17459	8283	47	12	12	34	0.000686263	17486	0.867169	FALSE	M:cds-YP_009724393.1	ATC	I	ATT	I	144
NC_045512.2	26954	C	G	17459	8283	47	9	9	34	0.000514697	17486	0.962091	FALSE	M:cds-YP_009724393.1	ATC	I	ATG	M	144
NC_045512.2	26954	C	A	17459	8283	47	6	6	34	0.000343132	17486	0.99466	FALSE	M:cds-YP_009724393.1	ATC	I	ATA	I	144
NC_045512.2	26955	C	T	17184	8312	47	4	4	32	0.000232572	17199	0.999254	FALSE	M:cds-YP_009724393.1	CTT	L	TTT	F	145
NC_045512.2	26955	C	G	17184	8312	47	2	2	34	0.000116286	17199	0.999962	FALSE	M:cds-YP_009724393.1	CTT	L	GTT	V	145
NC_045512.2	26955	C	A	17184	8312	47	9	9	32	0.000523286	17199	0.962235	FALSE	M:cds-YP_009724393.1	CTT	L	ATT	I	145
NC_045512.2	26956	T	G	17213	8022	47	1	1	34	5.80282e-05	17233	0.999996	FALSE	M:cds-YP_009724393.1	CTT	L	CGT	R	145
NC_045512.2	26956	T	C	17213	8022	47	17	17	33	0.000986479	17233	0.567816	FALSE	M:cds-YP_009724393.1	CTT	L	CCT	P	145
NC_045512.2	26956	T	A	17213	8022	47	2	2	34	0.000116056	17233	0.999962	FALSE	M:cds-YP_009724393.1	CTT	L	CAT	H	145
NC_045512.2	26957	T	G	17265	8121	47	3	2	31	0.000173591	17282	0.999798	FALSE	M:cds-YP_009724393.1	CTT	L	CTG	L	145
NC_045512.2	26957	T	C	17265	8121	47	14	13	35	0.000810091	17282	0.763435	FALSE	M:cds-YP_009724393.1	CTT	L	CTC	L	145
NC_045512.2	26958	C	T	17043	7987	47	14	13	33	0.000820681	17059	0.763486	FALSE	M:cds-YP_009724393.1	CGT	R	TGT	C	146
NC_045512.2	26958	C	A	17043	7987	47	2	1	30	0.00011724	17059	0.999962	FALSE	M:cds-YP_009724393.1	CGT	R	AGT	S	146
NC_045512.2	26959	G	T	17156	8013	47	11	11	34	0.000640279	17180	0.907315	FALSE	M:cds-YP_009724393.1	CGT	R	CTT	L	146
NC_045512.2	26959	G	C	17156	8013	47	11	11	34	0.000640279	17180	0.907315	FALSE	M:cds-YP_009724393.1	CGT	R	CCT	P	146
NC_045512.2	26959	G	A	17156	8013	47	2	2	30	0.000116414	17180	0.999962	FALSE	M:cds-YP_009724393.1	CGT	R	CAT	H	146
NC_045512.2	26960	T	G	16965	7998	47	12	11	32	0.000706506	16985	0.827355	FALSE	M:cds-YP_009724393.1	CGT	R	CGG	R	146
NC_045512.2	26960	T	C	16965	7998	47	8	8	32	0.000471004	16985	0.967975	FALSE	M:cds-YP_009724393.1	CGT	R	CGC	R	146
NC_045512.2	26961	G	T	17123	8128	47	14	14	31	0.000816517	17146	0.763132	FALSE	M:cds-YP_009724393.1	GGA	G	TGA	*	147
NC_045512.2	26961	G	C	17123	8128	47	8	8	32	0.000466581	17146	0.97829	FALSE	M:cds-YP_009724393.1	GGA	G	CGA	R	147
NC_045512.2	26961	G	A	17123	8128	47	1	1	34	5.83226e-05	17146	0.999996	FALSE	M:cds-YP_009724393.1	GGA	G	AGA	R	147
NC_045512.2	26962	G	T	17199	8236	47	6	4	34	0.000348675	17208	0.994697	FALSE	M:cds-YP_009724393.1	GGA	G	GTA	V	147
NC_045512.2	26962	G	C	17199	8236	47	1	1	34	5.81125e-05	17208	0.999996	FALSE	M:cds-YP_009724393.1	GGA	G	GCA	A	147
NC_045512.2	26962	G	A	17199	8236	47	2	2	34	0.000116225	17208	0.999962	FALSE	M:cds-YP_009724393.1	GGA	G	GAA	E	147
NC_045512.2	26963	A	T	17187	8353	48	6	6	34	0.000348533	17215	0.994657	FALSE	M:cds-YP_009724393.1	GGA	G	GGT	G	147
NC_045512.2	26963	A	G	17187	8353	48	19	18	34	0.00110369	17215	0.433382	FALSE	M:cds-YP_009724393.1	GGA	G	GGG	G	147
NC_045512.2	26963	A	C	17187	8353	48	3	3	31	0.000174267	17215	0.999797	FALSE	M:cds-YP_009724393.1	GGA	G	GGC	G	147
NC_045512.2	26964	C	T	17221	8444	48	4	4	34	0.000231911	17248	0.99925	FALSE	M:cds-YP_009724393.1	CAT	H	TAT	Y	148
NC_045512.2	26964	C	G	17221	8444	48	9	8	32	0.0005218	17248	0.962088	FALSE	M:cds-YP_009724393.1	CAT	H	GAT	D	148
NC_045512.2	26964	C	A	17221	8444	48	14	14	32	0.000811688	17248	0.762933	FALSE	M:cds-YP_009724393.1	CAT	H	AAT	N	148
NC_045512.2	26965	A	T	16850	8293	48	1	1	34	5.92628e-05	16874	0.999992	FALSE	M:cds-YP_009724393.1	CAT	H	CTT	L	148
NC_045512.2	26965	A	G	16850	8293	48	8	8	34	0.000474102	16874	0.967933	FALSE	M:cds-YP_009724393.1	CAT	H	CGT	R	148
NC_045512.2	26965	A	C	16850	8293	48	15	15	33	0.000888942	16874	0.639514	FALSE	M:cds-YP_009724393.1	CAT	H	CCT	P	148
NC_045512.2	26966	T	G	17152	8247	48	4	4	34	0.000232815	17181	0.99925	FALSE	M:cds-YP_009724393.1	CAT	H	CAG	Q	148
NC_045512.2	26966	T	C	17152	8247	48	6	5	34	0.000349223	17181	0.994655	FALSE	M:cds-YP_009724393.1	CAT	H	CAC	H	148
NC_045512.2	26966	T	A	17152	8247	48	19	19	33	0.00110587	17181	0.433312	FALSE	M:cds-YP_009724393.1	CAT	H	CAA	Q	148
NC_045512.2	26967	C	T	17224	8595	47	12	12	33	0.000695935	17243	0.867434	FALSE	M:cds-YP_009724393.1	CTT	L	TTT	F	149
NC_045512.2	26967	C	G	17224	8595	47	1	1	26	5.79945e-05	17243	1	FALSE	M:cds-YP_009724393.1	CTT	L	GTT	V	149
NC_045512.2	26967	C	A	17224	8595	47	6	6	39	0.000347967	17243	0.994676	FALSE	M:cds-YP_009724393.1	CTT	L	ATT	I	149
NC_045512.2	26968	T	C	16806	8236	46	14	13	35	0.000831996	16827	0.707414	FALSE	M:cds-YP_009724393.1	CTT	L	CCT	P	149
NC_045512.2	26968	T	A	16806	8236	46	7	7	32	0.000415998	16827	0.982606	FALSE	M:cds-YP_009724393.1	CTT	L	CAT	H	149
NC_045512.2	26969	T	G	17287	8592	47	1	0	26	5.78135e-05	17297	1	FALSE	M:cds-YP_009724393.1	CTT	L	CTG	L	149
NC_045512.2	26969	T	C	17287	8592	47	9	7	45	0.000520321	17297	0.0107333	FALSE	M:cds-YP_009724393.1	CTT	L	CTC	L	149
NC_045512.2	26970	C	T	17237	8592	47	16	15	35	0.000927321	17254	0.635897	FALSE	M:cds-YP_009724393.1	CGT	R	TGT	C	150
NC_045512.2	26970	C	G	17237	8592	47	1	1	27	5.79576e-05	17254	1	FALSE	M:cds-YP_009724393.1	CGT	R	GGT	G	150
NC_045512.2	26971	G	T	17298	8592	47	13	12	34	0.000750447	17323	0.818846	FALSE	M:cds-YP_009724393.1	CGT	R	CTT	L	150
NC_045512.2	26971	G	C	17298	8592	47	11	11	32	0.000634994	17323	0.907292	FALSE	M:cds-YP_009724393.1	CGT	R	CCT	P	150
NC_045512.2	26971	G	A	17298	8592	47	1	1	34	5.77267e-05	17323	0.999996	FALSE	M:cds-YP_009724393.1	CGT	R	CAT	H	150
NC_045512.2	26972	T	G	17161	8509	46	14	14	33	0.000814806	17182	0.763234	FALSE	M:cds-YP_009724393.1	CGT	R	CGG	R	150
NC_045512.2	26972	T	C	17161	8509	46	5	5	30	0.000291002	17182	0.99782	FALSE	M:cds-YP_009724393.1	CGT	R	CGC	R	150
NC_045512.2	26972	T	A	17161	8509	46	2	2	34	0.000116401	17182	0.999962	FALSE	M:cds-YP_009724393.1	CGT	R	CGA	R	150
NC_045512.2	26973	A	T	17256	8596	48	11	11	32	0.000636574	17280	0.907317	FALSE	M:cds-YP_009724393.1	ATT	I	TTT	F	151
NC_045512.2	26973	A	G	17256	8596	48	7	7	34	0.000405093	17280	0.988628	FALSE	M:cds-YP_009724393.1	ATT	I	GTT	V	151
NC_045512.2	26973	A	C	17256	8596	48	6	6	32	0.000347222	17280	0.994666	FALSE	M:cds-YP_009724393.1	ATT	I	CTT	L	151
NC_045512.2	26974	T	G	17530	8887	48	6	6	34	0.000341802	17554	0.994666	FALSE	M:cds-YP_009724393.1	ATT	I	AGT	S	151
NC_045512.2	26974	T	C	17530	8887	48	4	4	28	0.000227868	17554	1	FALSE	M:cds-YP_009724393.1	ATT	I	ACT	T	151
NC_045512.2	26974	T	A	17530	8887	48	14	14	33	0.000797539	17554	0.76309	FALSE	M:cds-YP_009724393.1	ATT	I	AAT	N	151
NC_045512.2	26975	T	G	17195	8705	48	1	1	34	5.81226e-05	17205	0.999996	FALSE	M:cds-YP_009724393.1	ATT	I	ATG	M	151
NC_045512.2	26975	T	C	17195	8705	48	2	1	51	0.000116245	17205	0.249891	FALSE	M:cds-YP_009724393.1	ATT	I	ATC	I	151
NC_045512.2	26975	T	A	17195	8705	48	7	7	34	0.000406858	17205	0.988687	FALSE	M:cds-YP_009724393.1	ATT	I	ATA	I	151
NC_045512.2	26976	G	T	17686	8717	48	18	18	34	0.00101609	17715	0.499329	FALSE	M:cds-YP_009724393.1	GCT	A	TCT	S	152
NC_045512.2	26976	G	A	17686	8717	48	11	10	33	0.000620943	17715	0.907197	FALSE	M:cds-YP_009724393.1	GCT	A	ACT	T	152
NC_045512.2	26977	C	T	17555	9080	47	13	12	36	0.000739098	17589	0.81848	FALSE	M:cds-YP_009724393.1	GCT	A	GTT	V	152
NC_045512.2	26977	C	G	17555	9080	47	17	16	33	0.000966513	17589	0.566898	FALSE	M:cds-YP_009724393.1	GCT	A	GGT	G	152
NC_045512.2	26977	C	A	17555	9080	47	4	1	30	0.000227415	17589	0.999248	FALSE	M:cds-YP_009724393.1	GCT	A	GAT	D	152
NC_045512.2	26978	T	G	17473	8942	47	5	5	34	0.000285763	17497	0.997818	FALSE	M:cds-YP_009724393.1	GCT	A	GCG	A	152
NC_045512.2	26978	T	C	17473	8942	47	18	17	35	0.00102875	17497	0.49966	FALSE	M:cds-YP_009724393.1	GCT	A	GCC	A	152
NC_045512.2	26978	T	A	17473	8942	47	1	1	34	5.71527e-05	17497	0.999996	FALSE	M:cds-YP_009724393.1	GCT	A	GCA	A	152
NC_045512.2	26979	G	T	17538	8948	47	14	14	32	0.000797357	17558	0.763287	FALSE	M:cds-YP_009724393.1	GGA	G	TGA	*	153
NC_045512.2	26979	G	C	17538	8948	47	6	6	32	0.000341725	17558	0.994675	FALSE	M:cds-YP_009724393.1	GGA	G	CGA	R	153
NC_045512.2	26980	G	T	17506	9086	47	5	5	34	0.000285404	17519	0.997828	FALSE	M:cds-YP_009724393.1	GGA	G	GTA	V	153
NC_045512.2	26980	G	C	17506	9086	47	5	5	34	0.000285404	17519	0.997828	FALSE	M:cds-YP_009724393.1	GGA	G	GCA	A	153
NC_045512.2	26980	G	A	17506	9086	47	3	2	45	0.000171243	17519	0.312297	FALSE	M:cds-YP_009724393.1	GGA	G	GAA	E	153
NC_045512.2	26981	A	T	17689	9089	47	5	5	34	0.000282279	17713	0.997818	FALSE	M:cds-YP_009724393.1	GGA	G	GGT	G	153
NC_045512.2	26981	A	G	17689	9089	47	19	19	32	0.00107266	17713	0.433668	FALSE	M:cds-YP_009724393.1	GGA	G	GGG	G	153
NC_045512.2	26982	C	T	17690	9123	47	1	0	34	5.64525e-05	17714	0.999996	FALSE	M:cds-YP_009724393.1	CAC	H	TAC	Y	154
NC_045512.2	26982	C	G	17690	9123	47	8	8	34	0.00045162	17714	0.978284	FALSE	M:cds-YP_009724393.1	CAC	H	GAC	D	154
NC_045512.2	26982	C	A	17690	9123	47	15	15	31	0.000846788	17714	0.70133	FALSE	M:cds-YP_009724393.1	CAC	H	AAC	N	154
NC_045512.2	26983	A	T	17306	8936	47	4	4	32	0.000230827	17329	0.999252	FALSE	M:cds-YP_009724393.1	CAC	H	CTC	L	154
NC_045512.2	26983	A	G	17306	8936	47	5	5	32	0.000288534	17329	0.997819	FALSE	M:cds-YP_009724393.1	CAC	H	CGC	R	154
NC_045512.2	26983	A	C	17306	8936	47	14	14	32	0.000807894	17329	0.763136	FALSE	M:cds-YP_009724393.1	CAC	H	CCC	P	154
NC_045512.2	26984	C	A	17810	8982	47	18	18	33	0.00100965	17828	0.500067	FALSE	M:cds-YP_009724393.1	CAC	H	CAA	Q	154
NC_045512.2	26985	C	T	17312	8607	48	1	1	34	5.77334e-05	17321	0.999996	FALSE	M:cds-YP_009724393.1	CAT	H	TAT	Y	155
NC_045512.2	26985	C	G	17312	8607	48	3	3	34	0.0001732	17321	0.999799	FALSE	M:cds-YP_009724393.1	CAT	H	GAT	D	155
NC_045512.2	26985	C	A	17312	8607	48	5	5	32	0.000288667	17321	0.997831	FALSE	M:cds-YP_009724393.1	CAT	H	AAT	N	155
NC_045512.2	26986	A	T	19287	8881	47	3	3	31	0.000155344	19312	0.999939	FALSE	M:cds-YP_009724393.1	CAT	H	CTT	L	155
NC_045512.2	26986	A	G	19287	8881	47	4	2	29	0.000207125	19312	1	FALSE	M:cds-YP_009724393.1	CAT	H	CGT	R	155
NC_045512.2	26986	A	C	19287	8881	47	18	18	32	0.000932063	19312	0.628285	FALSE	M:cds-YP_009724393.1	CAT	H	CCT	P	155
NC_045512.2	26987	T	G	18845	8461	46	3	2	34	0.000158957	18873	0.999889	FALSE	M:cds-YP_009724393.1	CAT	H	CAG	Q	155
NC_045512.2	26987	T	C	18845	8461	46	9	9	33	0.000476872	18873	0.973772	FALSE	M:cds-YP_009724393.1	CAT	H	CAC	H	155
NC_045512.2	26987	T	A	18845	8461	46	16	16	32	0.000847772	18873	0.695687	FALSE	M:cds-YP_009724393.1	CAT	H	CAA	Q	155
NC_045512.2	26988	C	T	19283	8941	47	12	12	32	0.000621601	19305	0.925091	FALSE	M:cds-YP_009724393.1	CTA	L	TTA	L	156
NC_045512.2	26988	C	G	19283	8941	47	2	2	34	0.0001036	19305	0.999989	FALSE	M:cds-YP_009724393.1	CTA	L	GTA	V	156
NC_045512.2	26988	C	A	19283	8941	47	8	8	32	0.0004144	19305	0.990397	FALSE	M:cds-YP_009724393.1	CTA	L	ATA	I	156
NC_045512.2	26989	T	G	19272	8965	47	5	3	34	0.000259108	19297	0.999224	FALSE	M:cds-YP_009724393.1	CTA	L	CGA	R	156
NC_045512.2	26989	T	C	19272	8965	47	14	14	33	0.000725501	19297	0.851654	FALSE	M:cds-YP_009724393.1	CTA	L	CCA	P	156
NC_045512.2	26989	T	A	19272	8965	47	6	6	32	0.000310929	19297	0.997952	FALSE	M:cds-YP_009724393.1	CTA	L	CAA	Q	156
NC_045512.2	26990	A	T	19130	8896	47	20	19	32	0.00104395	19158	0.499542	FALSE	M:cds-YP_009724393.1	CTA	L	CTT	L	156
NC_045512.2	26990	A	G	19130	8896	47	1	0	34	5.21975e-05	19158	0.999999	FALSE	M:cds-YP_009724393.1	CTA	L	CTG	L	156
NC_045512.2	26990	A	C	19130	8896	47	7	7	32	0.000365383	19158	0.995298	FALSE	M:cds-YP_009724393.1	CTA	L	CTC	L	156
NC_045512.2	26991	G	T	19126	8842	48	7	6	34	0.000365478	19153	0.9953	FALSE	M:cds-YP_009724393.1	GGA	G	TGA	*	157
NC_045512.2	26991	G	C	19126	8842	48	4	4	34	0.000208845	19153	0.999754	FALSE	M:cds-YP_009724393.1	GGA	G	CGA	R	157
NC_045512.2	26991	G	A	19126	8842	48	16	16	33	0.000835378	19153	0.749825	FALSE	M:cds-YP_009724393.1	GGA	G	AGA	R	157
NC_045512.2	26992	G	T	18909	9005	47	6	5	32	0.000317058	18924	0.996693	FALSE	M:cds-YP_009724393.1	GGA	G	GTA	V	157
NC_045512.2	26992	G	C	18909	9005	47	3	3	34	0.000158529	18924	0.999889	FALSE	M:cds-YP_009724393.1	GGA	G	GCA	A	157
NC_045512.2	26992	G	A	18909	9005	47	6	6	34	0.000317058	18924	0.996693	FALSE	M:cds-YP_009724393.1	GGA	G	GAA	E	157
NC_045512.2	26993	A	T	18592	8663	48	4	3	34	0.000214834	18619	0.99957	FALSE	M:cds-YP_009724393.1	GGA	G	GGT	G	157
NC_045512.2	26993	A	G	18592	8663	48	19	18	33	0.00102046	18619	0.49954	FALSE	M:cds-YP_009724393.1	GGA	G	GGG	G	157
NC_045512.2	26993	A	C	18592	8663	48	4	4	32	0.000214834	18619	0.99957	FALSE	M:cds-YP_009724393.1	GGA	G	GGC	G	157
NC_045512.2	26994	C	T	18482	8623	48	2	2	30	0.000108056	18509	0.99998	FALSE	M:cds-YP_009724393.1	CGC	R	TGC	C	158
NC_045512.2	26994	C	G	18482	8623	48	12	12	34	0.000648333	18509	0.899481	FALSE	M:cds-YP_009724393.1	CGC	R	GGC	G	158
NC_045512.2	26994	C	A	18482	8623	48	13	13	32	0.000702361	18509	0.859141	FALSE	M:cds-YP_009724393.1	CGC	R	AGC	S	158
NC_045512.2	26995	G	T	16518	7007	49	2	2	30	0.000120934	16538	0.999927	FALSE	M:cds-YP_009724393.1	CGC	R	CTC	L	158
NC_045512.2	26995	G	C	16518	7007	49	13	13	32	0.000786068	16538	0.770672	FALSE	M:cds-YP_009724393.1	CGC	R	CCC	P	158
NC_045512.2	26995	G	A	16518	7007	49	5	5	34	0.000302334	16538	0.99639	FALSE	M:cds-YP_009724393.1	CGC	R	CAC	H	158
NC_045512.2	26996	C	T	16828	7430	49	6	4	45	0.000356083	16850	0.0623345	FALSE	M:cds-YP_009724393.1	CGC	R	CGT	R	158
NC_045512.2	26996	C	G	16828	7430	49	12	11	32	0.000712166	16850	0.827273	FALSE	M:cds-YP_009724393.1	CGC	R	CGG	R	158
NC_045512.2	26996	C	A	16828	7430	49	4	4	32	0.000237389	16850	0.998706	FALSE	M:cds-YP_009724393.1	CGC	R	CGA	R	158
NC_045512.2	26997	T	G	16683	7296	49	9	9	34	0.000538632	16709	0.945927	FALSE	M:cds-YP_009724393.1	TGT	C	GGT	G	159
NC_045512.2	26997	T	C	16683	7296	49	16	15	38	0.000957568	16709	0.569405	FALSE	M:cds-YP_009724393.1	TGT	C	CGT	R	159
NC_045512.2	26997	T	A	16683	7296	49	1	1	34	5.9848e-05	16709	0.999992	FALSE	M:cds-YP_009724393.1	TGT	C	AGT	S	159
NC_045512.2	26998	G	T	16706	7300	49	11	11	33	0.000657777	16723	0.876042	FALSE	M:cds-YP_009724393.1	TGT	C	TTT	F	159
NC_045512.2	26998	G	C	16706	7300	49	5	5	30	0.000298989	16723	0.996394	FALSE	M:cds-YP_009724393.1	TGT	C	TCT	S	159
NC_045512.2	26998	G	A	16706	7300	49	1	0	68	5.97979e-05	16723	0.499776	FALSE	M:cds-YP_009724393.1	TGT	C	TAT	Y	159
NC_045512.2	26999	T	G	16627	7308	49	16	14	32	0.000960903	16651	0.569538	FALSE	M:cds-YP_009724393.1	TGT	C	TGG	W	159
NC_045512.2	26999	T	C	16627	7308	49	7	7	34	0.000420395	16651	0.982587	FALSE	M:cds-YP_009724393.1	TGT	C	TGC	C	159
NC_045512.2	26999	T	A	16627	7308	49	1	1	26	6.00565e-05	16651	1	FALSE	M:cds-YP_009724393.1	TGT	C	TGA	*	159
NC_045512.2	27000	G	T	16728	7304	49	15	15	34	0.000895576	16749	0.639699	FALSE	M:cds-YP_009724393.1	GAC	D	TAC	Y	160
NC_045512.2	27000	G	C	16728	7304	49	2	1	34	0.00011941	16749	0.999927	FALSE	M:cds-YP_009724393.1	GAC	D	CAC	H	160
NC_045512.2	27000	G	A	16728	7304	49	4	4	34	0.00023882	16749	0.998706	FALSE	M:cds-YP_009724393.1	GAC	D	AAC	N	160
NC_045512.2	27001	A	T	16661	7438	49	7	7	34	0.000419237	16697	0.982514	FALSE	M:cds-YP_009724393.1	GAC	D	GTC	V	160
NC_045512.2	27001	A	G	16661	7438	49	26	21	40	0.00155717	16697	2.05349e-07	TRUE	M:cds-YP_009724393.1	GAC	D	GGC	G	160
NC_045512.2	27001	A	C	16661	7438	49	3	3	26	0.000179673	16697	1	FALSE	M:cds-YP_009724393.1	GAC	D	GCC	A	160
NC_045512.2	27002	C	T	17130	7531	49	5	5	34	0.000291528	17151	0.99782	FALSE	M:cds-YP_009724393.1	GAC	D	GAT	D	160
NC_045512.2	27002	C	G	17130	7531	49	6	6	34	0.000349834	17151	0.994672	FALSE	M:cds-YP_009724393.1	GAC	D	GAG	E	160
NC_045512.2	27002	C	A	17130	7531	49	10	10	34	0.000583056	17151	0.938851	FALSE	M:cds-YP_009724393.1	GAC	D	GAA	E	160
NC_045512.2	27003	A	T	17224	7557	49	1	1	34	5.79811e-05	17247	0.999996	FALSE	M:cds-YP_009724393.1	ATC	I	TTC	F	161
NC_045512.2	27003	A	G	17224	7557	49	8	7	32	0.000463849	17247	0.97829	FALSE	M:cds-YP_009724393.1	ATC	I	GTC	V	161
NC_045512.2	27003	A	C	17224	7557	49	14	12	32	0.000811735	17247	0.763134	FALSE	M:cds-YP_009724393.1	ATC	I	CTC	L	161
NC_045512.2	27004	T	G	17489	7600	49	2	2	34	0.000114201	17513	0.999962	FALSE	M:cds-YP_009724393.1	ATC	I	AGC	S	161
NC_045512.2	27004	T	C	17489	7600	49	6	6	32	0.000342603	17513	0.994666	FALSE	M:cds-YP_009724393.1	ATC	I	ACC	T	161
NC_045512.2	27004	T	A	17489	7600	49	16	16	33	0.000913607	17513	0.635461	FALSE	M:cds-YP_009724393.1	ATC	I	AAC	N	161
NC_045512.2	27005	C	T	17147	7506	50	10	10	33	0.000582649	17163	0.938943	FALSE	M:cds-YP_009724393.1	ATC	I	ATT	I	161
NC_045512.2	27005	C	A	17147	7506	50	6	6	34	0.000349589	17163	0.994683	FALSE	M:cds-YP_009724393.1	ATC	I	ATA	I	161
NC_045512.2	27006	A	T	17130	7495	50	8	8	32	0.000466336	17155	0.978275	FALSE	M:cds-YP_009724393.1	AAG	K	TAG	*	162
NC_045512.2	27006	A	G	17130	7495	50	5	3	40	0.00029146	17155	0.109095	FALSE	M:cds-YP_009724393.1	AAG	K	GAG	E	162
NC_045512.2	27006	A	C	17130	7495	50	12	12	34	0.000699505	17155	0.86723	FALSE	M:cds-YP_009724393.1	AAG	K	CAG	Q	162
NC_045512.2	27007	A	T	16705	7472	48	8	8	33	0.000478211	16729	0.967932	FALSE	M:cds-YP_009724393.1	AAG	K	ATG	M	162
NC_045512.2	27007	A	G	16705	7472	48	6	4	37	0.000358659	16729	0.991513	FALSE	M:cds-YP_009724393.1	AAG	K	AGG	R	162
NC_045512.2	27007	A	C	16705	7472	48	10	10	31	0.000597764	16729	0.915456	FALSE	M:cds-YP_009724393.1	AAG	K	ACG	T	162
NC_045512.2	27008	G	T	17093	7453	50	4	4	42	0.000233604	17123	0.187025	FALSE	M:cds-YP_009724393.1	AAG	K	AAT	N	162
NC_045512.2	27008	G	C	17093	7453	50	8	7	33	0.000467208	17123	0.978236	FALSE	M:cds-YP_009724393.1	AAG	K	AAC	N	162
NC_045512.2	27008	G	A	17093	7453	50	18	17	32	0.00105122	17123	0.499236	FALSE	M:cds-YP_009724393.1	AAG	K	AAA	K	162
NC_045512.2	27009	G	T	17187	7570	50	4	4	34	0.000232518	17203	0.999254	FALSE	M:cds-YP_009724393.1	GAC	D	TAC	Y	163
NC_045512.2	27009	G	A	17187	7570	50	12	12	34	0.000697553	17203	0.867535	FALSE	M:cds-YP_009724393.1	GAC	D	AAC	N	163
NC_045512.2	27010	A	T	17261	7679	51	3	3	31	0.000173541	17287	0.999797	FALSE	M:cds-YP_009724393.1	GAC	D	GTC	V	163
NC_045512.2	27010	A	G	17261	7679	51	21	21	33	0.00121479	17287	0.313201	FALSE	M:cds-YP_009724393.1	GAC	D	GGC	G	163
NC_045512.2	27010	A	C	17261	7679	51	2	2	34	0.000115694	17287	0.999962	FALSE	M:cds-YP_009724393.1	GAC	D	GCC	A	163
NC_045512.2	27011	C	T	16845	7426	51	3	3	31	0.000177788	16874	0.999633	FALSE	M:cds-YP_009724393.1	GAC	D	GAT	D	163
NC_045512.2	27011	C	G	16845	7426	51	13	12	32	0.000770416	16874	0.770237	FALSE	M:cds-YP_009724393.1	GAC	D	GAG	E	163
NC_045512.2	27011	C	A	16845	7426	51	13	13	33	0.000770416	16874	0.770237	FALSE	M:cds-YP_009724393.1	GAC	D	GAA	E	163
NC_045512.2	27012	C	T	16661	7324	51	4	4	34	0.000239823	16679	0.998708	FALSE	M:cds-YP_009724393.1	CTG	L	TTG	L	164
NC_045512.2	27012	C	G	16661	7324	51	8	8	34	0.000479645	16679	0.967995	FALSE	M:cds-YP_009724393.1	CTG	L	GTG	V	164
NC_045512.2	27012	C	A	16661	7324	51	6	6	34	0.000359734	16679	0.991532	FALSE	M:cds-YP_009724393.1	CTG	L	ATG	M	164
NC_045512.2	27013	T	G	16485	7233	51	5	1	32	0.000302755	16515	0.996375	FALSE	M:cds-YP_009724393.1	CTG	L	CGG	R	164
NC_045512.2	27013	T	C	16485	7233	51	17	17	34	0.00102937	16515	0.49916	FALSE	M:cds-YP_009724393.1	CTG	L	CCG	P	164
NC_045512.2	27013	T	A	16485	7233	51	8	8	34	0.000484408	16515	0.967867	FALSE	M:cds-YP_009724393.1	CTG	L	CAG	Q	164
NC_045512.2	27014	G	T	16798	7242	51	13	13	32	0.000772568	16827	0.770235	FALSE	M:cds-YP_009724393.1	CTG	L	CTT	L	164
NC_045512.2	27014	G	C	16798	7242	51	12	12	34	0.00071314	16827	0.826989	FALSE	M:cds-YP_009724393.1	CTG	L	CTC	L	164
NC_045512.2	27014	G	A	16798	7242	51	4	1	59	0.000237713	16827	0.0623106	FALSE	M:cds-YP_009724393.1	CTG	L	CTA	L	164
NC_045512.2	27015	C	T	16828	7265	51	11	10	37	0.000652664	16854	0.875756	FALSE	M:cds-YP_009724393.1	CCT	P	TCT	S	165
NC_045512.2	27015	C	G	16828	7265	51	10	10	34	0.000593331	16854	0.915411	FALSE	M:cds-YP_009724393.1	CCT	P	GCT	A	165
NC_045512.2	27015	C	A	16828	7265	51	5	2	32	0.000296665	16854	0.996381	FALSE	M:cds-YP_009724393.1	CCT	P	ACT	T	165
NC_045512.2	27016	C	T	16866	7341	51	13	13	34	0.000769914	16885	0.770725	FALSE	M:cds-YP_009724393.1	CCT	P	CTT	L	165
NC_045512.2	27016	C	G	16866	7341	51	6	6	32	0.000355345	16885	0.991529	FALSE	M:cds-YP_009724393.1	CCT	P	CGT	R	165
NC_045512.2	27017	T	G	16784	7304	51	11	9	32	0.000654333	16811	0.875724	FALSE	M:cds-YP_009724393.1	CCT	P	CCG	P	165
NC_045512.2	27017	T	C	16784	7304	51	15	15	31	0.000892273	16811	0.639325	FALSE	M:cds-YP_009724393.1	CCT	P	CCC	P	165
NC_045512.2	27017	T	A	16784	7304	51	1	1	68	5.94849e-05	16811	0.499628	FALSE	M:cds-YP_009724393.1	CCT	P	CCA	P	165
NC_045512.2	27018	A	T	16792	7220	51	13	13	32	0.000772568	16827	0.769941	FALSE	M:cds-YP_009724393.1	AAA	K	TAA	*	166
NC_045512.2	27018	A	G	16792	7220	51	4	3	40	0.000237713	16827	0.186924	FALSE	M:cds-YP_009724393.1	AAA	K	GAA	E	166
NC_045512.2	27018	A	C	16792	7220	51	18	18	33	0.00106971	16827	0.43095	FALSE	M:cds-YP_009724393.1	AAA	K	CAA	Q	166
NC_045512.2	27019	A	T	16791	7258	51	8	8	33	0.000475794	16814	0.967943	FALSE	M:cds-YP_009724393.1	AAA	K	ATA	I	166
NC_045512.2	27019	A	G	16791	7258	51	6	5	32	0.000356845	16814	0.991516	FALSE	M:cds-YP_009724393.1	AAA	K	AGA	R	166
NC_045512.2	27019	A	C	16791	7258	51	9	9	33	0.000535268	16814	0.945977	FALSE	M:cds-YP_009724393.1	AAA	K	ACA	T	166
NC_045512.2	27020	A	T	16663	7375	50	11	11	32	0.000659472	16680	0.876042	FALSE	M:cds-YP_009724393.1	AAA	K	AAT	N	166
NC_045512.2	27020	A	G	16663	7375	50	3	2	42	0.000179856	16680	0.312196	FALSE	M:cds-YP_009724393.1	AAA	K	AAG	K	166
NC_045512.2	27020	A	C	16663	7375	50	3	3	34	0.000179856	16680	0.999635	FALSE	M:cds-YP_009724393.1	AAA	K	AAC	N	166
NC_045512.2	27021	G	T	16847	7369	51	4	4	28	0.000237023	16876	1	FALSE	M:cds-YP_009724393.1	GAA	E	TAA	*	167
NC_045512.2	27021	G	C	16847	7369	51	3	3	28	0.000177767	16876	1	FALSE	M:cds-YP_009724393.1	GAA	E	CAA	Q	167
NC_045512.2	27021	G	A	16847	7369	51	22	22	33	0.00130363	16876	0.208398	FALSE	M:cds-YP_009724393.1	GAA	E	AAA	K	167
NC_045512.2	27022	A	T	16609	7402	49	2	2	34	0.000120272	16629	0.999927	FALSE	M:cds-YP_009724393.1	GAA	E	GTA	V	167
NC_045512.2	27022	A	G	16609	7402	49	14	12	34	0.000841903	16629	0.707468	FALSE	M:cds-YP_009724393.1	GAA	E	GGA	G	167
NC_045512.2	27022	A	C	16609	7402	49	4	4	32	0.000240544	16629	0.998707	FALSE	M:cds-YP_009724393.1	GAA	E	GCA	A	167
NC_045512.2	27023	A	T	16498	7055	51	3	3	45	0.000181653	16515	0.312193	FALSE	M:cds-YP_009724393.1	GAA	E	GAT	D	167
NC_045512.2	27023	A	G	16498	7055	51	11	8	35	0.000666061	16515	0.876041	FALSE	M:cds-YP_009724393.1	GAA	E	GAG	E	167
NC_045512.2	27023	A	C	16498	7055	51	3	3	34	0.000181653	16515	0.999635	FALSE	M:cds-YP_009724393.1	GAA	E	GAC	D	167
NC_045512.2	27024	A	T	16528	7091	51	2	2	30	0.000120919	16540	0.999927	FALSE	M:cds-YP_009724393.1	ATC	I	TTC	F	168
NC_045512.2	27024	A	G	16528	7091	51	9	9	33	0.000544135	16540	0.946157	FALSE	M:cds-YP_009724393.1	ATC	I	GTC	V	168
NC_045512.2	27024	A	C	16528	7091	51	1	1	34	6.04595e-05	16540	0.999992	FALSE	M:cds-YP_009724393.1	ATC	I	CTC	L	168
NC_045512.2	27025	T	C	16533	7341	51	4	4	34	0.000241531	16561	0.998702	FALSE	M:cds-YP_009724393.1	ATC	I	ACC	T	168
NC_045512.2	27025	T	A	16533	7341	51	24	24	33	0.00144919	16561	0.133824	FALSE	M:cds-YP_009724393.1	ATC	I	AAC	N	168
NC_045512.2	27026	C	T	16587	7514	52	16	14	33	0.000963043	16614	0.569334	FALSE	M:cds-YP_009724393.1	ATC	I	ATT	I	168
NC_045512.2	27026	C	A	16587	7514	52	11	11	35	0.000662092	16614	0.875719	FALSE	M:cds-YP_009724393.1	ATC	I	ATA	I	168
NC_045512.2	27026	C	-A	16587	7514	52	1	0	20	6.01902e-05	16614	1	FALSE	NA	NA	NA	NA	NA	NA
NC_045512.2	27027	A	T	16535	7601	52	9	8	36	0.000543478	16560	0.945925	FALSE	M:cds-YP_009724393.1	ACT	T	TCT	S	169
NC_045512.2	27027	A	G	16535	7601	52	2	2	34	0.000120773	16560	0.999927	FALSE	M:cds-YP_009724393.1	ACT	T	GCT	A	169
NC_045512.2	27027	A	C	16535	7601	52	14	13	34	0.000845411	16560	0.707123	FALSE	M:cds-YP_009724393.1	ACT	T	CCT	P	169
NC_045512.2	27028	C	T	16852	7777	52	10	10	30	0.000592487	16878	0.915411	FALSE	M:cds-YP_009724393.1	ACT	T	ATT	I	169
NC_045512.2	27028	C	G	16852	7777	52	3	3	31	0.000177746	16878	0.999633	FALSE	M:cds-YP_009724393.1	ACT	T	AGT	S	169
NC_045512.2	27028	C	A	16852	7777	52	13	13	31	0.000770233	16878	0.770383	FALSE	M:cds-YP_009724393.1	ACT	T	AAT	N	169
NC_045512.2	27029	T	G	16741	7687	52	3	2	31	0.000178827	16776	0.999632	FALSE	M:cds-YP_009724393.1	ACT	T	ACG	T	169
NC_045512.2	27029	T	C	16741	7687	52	25	24	33	0.00149022	16776	0.105058	FALSE	M:cds-YP_009724393.1	ACT	T	ACC	T	169
NC_045512.2	27029	T	A	16741	7687	52	7	7	32	0.000417263	16776	0.98252	FALSE	M:cds-YP_009724393.1	ACT	T	ACA	T	169
NC_045512.2	27030	G	T	16829	7758	52	15	15	32	0.000889574	16862	0.638953	FALSE	M:cds-YP_009724393.1	GTT	V	TTT	F	170
NC_045512.2	27030	G	C	16829	7758	52	8	8	34	0.00047444	16862	0.967839	FALSE	M:cds-YP_009724393.1	GTT	V	CTT	L	170
NC_045512.2	27030	G	A	16829	7758	52	10	9	35	0.000593049	16862	0.915246	FALSE	M:cds-YP_009724393.1	GTT	V	ATT	I	170
NC_045512.2	27031	T	G	16829	7726	52	16	14	31	0.000948823	16863	0.568878	FALSE	M:cds-YP_009724393.1	GTT	V	GGT	G	170
NC_045512.2	27031	T	C	16829	7726	52	14	13	32	0.00083022	16863	0.706682	FALSE	M:cds-YP_009724393.1	GTT	V	GCT	A	170
NC_045512.2	27031	T	A	16829	7726	52	4	4	34	0.000237206	16863	0.998699	FALSE	M:cds-YP_009724393.1	GTT	V	GAT	D	170
NC_045512.2	27032	T	G	16872	7754	52	9	9	37	0.000532923	16888	0.946091	FALSE	M:cds-YP_009724393.1	GTT	V	GTG	V	170
NC_045512.2	27032	T	C	16872	7754	52	5	4	40	0.000296068	16888	0.109215	FALSE	M:cds-YP_009724393.1	GTT	V	GTC	V	170
NC_045512.2	27032	T	A	16872	7754	52	2	1	30	0.000118427	16888	0.999927	FALSE	M:cds-YP_009724393.1	GTT	V	GTA	V	170
NC_045512.2	27033	G	T	16896	7746	52	19	19	32	0.00112267	16924	0.367342	FALSE	M:cds-YP_009724393.1	GCT	A	TCT	S	171
NC_045512.2	27033	G	C	16896	7746	52	6	6	32	0.000354526	16924	0.991501	FALSE	M:cds-YP_009724393.1	GCT	A	CCT	P	171
NC_045512.2	27033	G	A	16896	7746	52	3	3	34	0.000177263	16924	0.999633	FALSE	M:cds-YP_009724393.1	GCT	A	ACT	T	171
NC_045512.2	27034	C	T	16893	7791	52	20	19	35	0.0011814	16929	0.307823	FALSE	M:cds-YP_009724393.1	GCT	A	GTT	V	171
NC_045512.2	27034	C	G	16893	7791	52	12	12	32	0.000708843	16929	0.82671	FALSE	M:cds-YP_009724393.1	GCT	A	GGT	G	171
NC_045512.2	27034	C	A	16893	7791	52	4	4	34	0.000236281	16929	0.998698	FALSE	M:cds-YP_009724393.1	GCT	A	GAT	D	171
NC_045512.2	27035	T	G	16892	7746	52	9	9	32	0.000532009	16917	0.945945	FALSE	M:cds-YP_009724393.1	GCT	A	GCG	A	171
NC_045512.2	27035	T	C	16892	7746	52	14	14	36	0.00082757	16917	0.707191	FALSE	M:cds-YP_009724393.1	GCT	A	GCC	A	171
NC_045512.2	27035	T	A	16892	7746	52	2	2	30	0.000118224	16917	0.999927	FALSE	M:cds-YP_009724393.1	GCT	A	GCA	A	171
NC_045512.2	27036	A	T	16865	7874	52	12	12	32	0.000709891	16904	0.826588	FALSE	M:cds-YP_009724393.1	ACA	T	TCA	S	172
NC_045512.2	27036	A	G	16865	7874	52	17	14	37	0.00100568	16904	0.498564	FALSE	M:cds-YP_009724393.1	ACA	T	GCA	A	172
NC_045512.2	27036	A	C	16865	7874	52	10	10	34	0.000591576	16904	0.915105	FALSE	M:cds-YP_009724393.1	ACA	T	CCA	P	172
NC_045512.2	27037	C	T	16739	7968	52	12	10	33	0.000715777	16765	0.827109	FALSE	M:cds-YP_009724393.1	ACA	T	ATA	I	172
NC_045512.2	27037	C	G	16739	7968	52	2	2	30	0.000119296	16765	0.999927	FALSE	M:cds-YP_009724393.1	ACA	T	AGA	R	172
NC_045512.2	27037	C	A	16739	7968	52	12	12	34	0.000715777	16765	0.827109	FALSE	M:cds-YP_009724393.1	ACA	T	AAA	K	172
NC_045512.2	27038	A	T	16667	8046	52	12	12	34	0.000718778	16695	0.827026	FALSE	M:cds-YP_009724393.1	ACA	T	ACT	T	172
NC_045512.2	27038	A	G	16667	8046	52	3	3	34	0.000179695	16695	0.999633	FALSE	M:cds-YP_009724393.1	ACA	T	ACG	T	172
NC_045512.2	27038	A	C	16667	8046	52	13	13	32	0.000778676	16695	0.770279	FALSE	M:cds-YP_009724393.1	ACA	T	ACC	T	172
NC_045512.2	27039	T	G	16667	7970	52	6	6	34	0.000359109	16708	0.991458	FALSE	M:cds-YP_009724393.1	TCA	S	GCA	A	173
NC_045512.2	27039	T	C	16667	7970	52	11	11	32	0.000658367	16708	0.875271	FALSE	M:cds-YP_009724393.1	TCA	S	CCA	P	173
NC_045512.2	27039	T	A	16667	7970	52	24	24	32	0.00143644	16708	0.133294	FALSE	M:cds-YP_009724393.1	TCA	S	ACA	T	173
NC_045512.2	27040	C	T	16685	7951	52	15	15	34	0.000897612	16711	0.639384	FALSE	M:cds-YP_009724393.1	TCA	S	TTA	L	173
NC_045512.2	27040	C	G	16685	7951	52	4	4	32	0.000239363	16711	0.998704	FALSE	M:cds-YP_009724393.1	TCA	S	TGA	*	173
NC_045512.2	27040	C	A	16685	7951	52	7	7	32	0.000418886	16711	0.982575	FALSE	M:cds-YP_009724393.1	TCA	S	TAA	*	173
NC_045512.2	27041	A	T	16700	7954	53	11	11	32	0.00065758	16728	0.87569	FALSE	M:cds-YP_009724393.1	TCA	S	TCT	S	173
NC_045512.2	27041	A	G	16700	7954	53	3	3	30	0.00017934	16728	0.999633	FALSE	M:cds-YP_009724393.1	TCA	S	TCG	S	173
NC_045512.2	27041	A	C	16700	7954	53	14	14	32	0.00083692	16728	0.707015	FALSE	M:cds-YP_009724393.1	TCA	S	TCC	S	173
NC_045512.2	27042	C	T	16590	8094	52	12	12	31	0.000722065	16619	0.826982	FALSE	M:cds-YP_009724393.1	CGA	R	TGA	*	174
NC_045512.2	27042	C	G	16590	8094	52	2	2	34	0.000120344	16619	0.999927	FALSE	M:cds-YP_009724393.1	CGA	R	GGA	G	174
NC_045512.2	27042	C	A	16590	8094	52	15	15	32	0.000902581	16619	0.639191	FALSE	M:cds-YP_009724393.1	CGA	R	AGA	R	174
NC_045512.2	27043	G	T	16556	8085	52	1	1	34	6.02809e-05	16589	0.999992	FALSE	M:cds-YP_009724393.1	CGA	R	CTA	L	174
NC_045512.2	27043	G	C	16556	8085	52	24	24	32	0.00144674	16589	0.133618	FALSE	M:cds-YP_009724393.1	CGA	R	CCA	P	174
NC_045512.2	27043	G	A	16556	8085	52	8	8	32	0.000482247	16589	0.967836	FALSE	M:cds-YP_009724393.1	CGA	R	CAA	Q	174
NC_045512.2	27044	A	T	16635	8164	53	2	2	34	0.000120026	16663	0.999927	FALSE	M:cds-YP_009724393.1	CGA	R	CGT	R	174
NC_045512.2	27044	A	G	16635	8164	53	17	15	32	0.00102022	16663	0.499307	FALSE	M:cds-YP_009724393.1	CGA	R	CGG	R	174
NC_045512.2	27044	A	C	16635	8164	53	9	9	34	0.000540119	16663	0.945893	FALSE	M:cds-YP_009724393.1	CGA	R	CGC	R	174
NC_045512.2	27045	A	T	15491	8298	48	4	3	40	0.000257782	15517	0.187057	FALSE	M:cds-YP_009724393.1	ACG	T	TCG	S	175
NC_045512.2	27045	A	G	15491	8298	48	11	11	32	0.0007089	15517	0.83606	FALSE	M:cds-YP_009724393.1	ACG	T	GCG	A	175
NC_045512.2	27045	A	C	15491	8298	48	11	10	32	0.0007089	15517	0.83606	FALSE	M:cds-YP_009724393.1	ACG	T	CCG	P	175
NC_045512.2	27046	C	T	16657	8493	53	1	1	34	5.98946e-05	16696	0.999992	FALSE	M:cds-YP_009724393.1	ACG	T	ATG	M	175
NC_045512.2	27046	C	G	16657	8493	53	13	13	34	0.00077863	16696	0.769736	FALSE	M:cds-YP_009724393.1	ACG	T	AGG	R	175
NC_045512.2	27046	C	A	16657	8493	53	25	25	33	0.00149736	16696	0.104916	FALSE	M:cds-YP_009724393.1	ACG	T	AAG	K	175
NC_045512.2	27047	G	T	16632	8482	53	5	4	31	0.000299904	16672	0.99636	FALSE	M:cds-YP_009724393.1	ACG	T	ACT	T	175
NC_045512.2	27047	G	C	16632	8482	53	19	19	33	0.00113964	16672	0.366525	FALSE	M:cds-YP_009724393.1	ACG	T	ACC	T	175
NC_045512.2	27047	G	A	16632	8482	53	16	16	33	0.000959693	16672	0.568462	FALSE	M:cds-YP_009724393.1	ACG	T	ACA	T	175
NC_045512.2	27048	C	T	16499	8854	51	2	2	30	0.000121007	16528	0.999927	FALSE	M:cds-YP_009724393.1	CTT	L	TTT	F	176
NC_045512.2	27048	C	G	16499	8854	51	14	14	32	0.000847047	16528	0.70695	FALSE	M:cds-YP_009724393.1	CTT	L	GTT	V	176
NC_045512.2	27048	C	A	16499	8854	51	13	13	31	0.000786544	16528	0.770223	FALSE	M:cds-YP_009724393.1	CTT	L	ATT	I	176
NC_045512.2	27049	T	G	16296	8848	51	7	6	32	0.000428606	16332	0.98251	FALSE	M:cds-YP_009724393.1	CTT	L	CGT	R	176
NC_045512.2	27049	T	C	16296	8848	51	27	26	36	0.0016532	16332	0.0628211	FALSE	M:cds-YP_009724393.1	CTT	L	CCT	P	176
NC_045512.2	27049	T	A	16296	8848	51	2	2	34	0.000122459	16332	0.999927	FALSE	M:cds-YP_009724393.1	CTT	L	CAT	H	176
NC_045512.2	27050	T	G	16372	8911	51	15	14	32	0.000914634	16400	0.639245	FALSE	M:cds-YP_009724393.1	CTT	L	CTG	L	176
NC_045512.2	27050	T	C	16372	8911	51	11	11	33	0.000670732	16400	0.875681	FALSE	M:cds-YP_009724393.1	CTT	L	CTC	L	176
NC_045512.2	27050	T	A	16372	8911	51	2	2	34	0.000121951	16400	0.999927	FALSE	M:cds-YP_009724393.1	CTT	L	CTA	L	176
NC_045512.2	27051	T	G	16189	8567	50	5	4	31	0.000308452	16210	0.996388	FALSE	M:cds-YP_009724393.1	TCT	S	GCT	A	177
NC_045512.2	27051	T	C	16189	8567	50	11	11	36	0.000678593	16210	0.875908	FALSE	M:cds-YP_009724393.1	TCT	S	CCT	P	177
NC_045512.2	27051	T	A	16189	8567	50	5	5	30	0.000308452	16210	0.996388	FALSE	M:cds-YP_009724393.1	TCT	S	ACT	T	177
NC_045512.2	27052	C	T	16498	8927	52	32	30	33	0.00193494	16538	0.0145403	FALSE	M:cds-YP_009724393.1	TCT	S	TTT	F	177
NC_045512.2	27052	C	G	16498	8927	52	5	5	32	0.000302334	16538	0.99636	FALSE	M:cds-YP_009724393.1	TCT	S	TGT	C	177
NC_045512.2	27052	C	A	16498	8927	52	3	3	34	0.0001814	16538	0.999631	FALSE	M:cds-YP_009724393.1	TCT	S	TAT	Y	177
NC_045512.2	27053	T	G	16510	8952	52	1	1	34	6.04668e-05	16538	0.999992	FALSE	M:cds-YP_009724393.1	TCT	S	TCG	S	177
NC_045512.2	27053	T	C	16510	8952	52	23	22	32	0.00139074	16538	0.168058	FALSE	M:cds-YP_009724393.1	TCT	S	TCC	S	177
NC_045512.2	27053	T	A	16510	8952	52	4	4	34	0.000241867	16538	0.998702	FALSE	M:cds-YP_009724393.1	TCT	S	TCA	S	177
NC_045512.2	27054	T	G	16013	8562	50	4	4	32	0.000249532	16030	0.998708	FALSE	M:cds-YP_009724393.1	TAT	Y	GAT	D	178
NC_045512.2	27054	T	C	16013	8562	50	11	10	34	0.000686213	16030	0.876039	FALSE	M:cds-YP_009724393.1	TAT	Y	CAT	H	178
NC_045512.2	27054	T	A	16013	8562	50	2	2	34	0.000124766	16030	0.999927	FALSE	M:cds-YP_009724393.1	TAT	Y	AAT	N	178
NC_045512.2	27055	A	T	16185	9535	49	22	22	32	0.00135635	16220	0.208051	FALSE	M:cds-YP_009724393.1	TAT	Y	TTT	F	178
NC_045512.2	27055	A	G	16185	9535	49	3	3	34	0.000184957	16220	0.999632	FALSE	M:cds-YP_009724393.1	TAT	Y	TGT	C	178
NC_045512.2	27055	A	C	16185	9535	49	10	10	32	0.000616523	16220	0.915179	FALSE	M:cds-YP_009724393.1	TAT	Y	TCT	S	178
NC_045512.2	27056	T	G	16201	9539	50	2	2	34	0.000123274	16224	0.999927	FALSE	M:cds-YP_009724393.1	TAT	Y	TAG	*	178
NC_045512.2	27056	T	C	16201	9539	50	3	2	45	0.000184911	16224	0.312049	FALSE	M:cds-YP_009724393.1	TAT	Y	TAC	Y	178
NC_045512.2	27056	T	A	16201	9539	50	18	18	34	0.00110947	16224	0.431763	FALSE	M:cds-YP_009724393.1	TAT	Y	TAA	*	178
NC_045512.2	27057	T	G	16232	9602	50	4	4	32	0.000246184	16248	0.998709	FALSE	M:cds-YP_009724393.1	TAC	Y	GAC	D	179
NC_045512.2	27057	T	C	16232	9602	50	4	4	32	0.000246184	16248	0.998709	FALSE	M:cds-YP_009724393.1	TAC	Y	CAC	H	179
NC_045512.2	27057	T	A	16232	9602	50	8	8	34	0.000492368	16248	0.968016	FALSE	M:cds-YP_009724393.1	TAC	Y	AAC	N	179
NC_045512.2	27058	A	T	16129	9595	49	23	23	32	0.00142336	16159	0.167952	FALSE	M:cds-YP_009724393.1	TAC	Y	TTC	F	179
NC_045512.2	27058	A	G	16129	9595	49	6	5	39	0.00037131	16159	0.991492	FALSE	M:cds-YP_009724393.1	TAC	Y	TGC	C	179
NC_045512.2	27058	A	C	16129	9595	49	1	1	34	6.1885e-05	16159	0.999992	FALSE	M:cds-YP_009724393.1	TAC	Y	TCC	S	179
NC_045512.2	27059	C	T	16196	9644	50	17	17	33	0.00104712	16235	0.498505	FALSE	M:cds-YP_009724393.1	TAC	Y	TAT	Y	179
NC_045512.2	27059	C	G	16196	9644	50	3	3	31	0.000184786	16235	0.999631	FALSE	M:cds-YP_009724393.1	TAC	Y	TAG	*	179
NC_045512.2	27059	C	A	16196	9644	50	19	19	32	0.00117031	16235	0.366556	FALSE	M:cds-YP_009724393.1	TAC	Y	TAA	*	179
NC_045512.2	27060	A	T	16200	9663	49	11	11	34	0.00067759	16234	0.875479	FALSE	M:cds-YP_009724393.1	AAA	K	TAA	*	180
NC_045512.2	27060	A	G	16200	9663	49	4	4	49	0.000246396	16234	0.186922	FALSE	M:cds-YP_009724393.1	AAA	K	GAA	E	180
NC_045512.2	27060	A	C	16200	9663	49	19	19	33	0.00117038	16234	0.366902	FALSE	M:cds-YP_009724393.1	AAA	K	CAA	Q	180
NC_045512.2	27061	A	T	16204	9682	49	2	2	34	0.000123312	16219	0.999927	FALSE	M:cds-YP_009724393.1	AAA	K	ATA	I	180
NC_045512.2	27061	A	G	16204	9682	49	5	4	33	0.00030828	16219	0.996397	FALSE	M:cds-YP_009724393.1	AAA	K	AGA	R	180
NC_045512.2	27061	A	C	16204	9682	49	8	7	32	0.000493249	16219	0.968026	FALSE	M:cds-YP_009724393.1	AAA	K	ACA	T	180
NC_045512.2	27062	A	T	15654	9722	46	1	1	26	6.38203e-05	15669	1	FALSE	M:cds-YP_009724393.1	AAA	K	AAT	N	180
NC_045512.2	27062	A	G	15654	9722	46	3	2	34	0.000191461	15669	0.999343	FALSE	M:cds-YP_009724393.1	AAA	K	AAG	K	180
NC_045512.2	27062	A	C	15654	9722	46	11	11	31	0.000702023	15669	0.83651	FALSE	M:cds-YP_009724393.1	AAA	K	AAC	N	180
NC_045512.2	27063	T	G	16360	9714	49	1	1	34	6.0983e-05	16398	0.999992	FALSE	M:cds-YP_009724393.1	TTG	L	GTG	V	181
NC_045512.2	27063	T	C	16360	9714	49	3	3	34	0.000182949	16398	0.999631	FALSE	M:cds-YP_009724393.1	TTG	L	CTG	L	181
NC_045512.2	27063	T	A	16360	9714	49	34	34	32	0.00207342	16398	0.0076213	TRUE	M:cds-YP_009724393.1	TTG	L	ATG	M	181
NC_045512.2	27064	T	G	16337	9695	49	2	2	34	0.000122227	16363	0.999927	FALSE	M:cds-YP_009724393.1	TTG	L	TGG	W	181
NC_045512.2	27064	T	C	16337	9695	49	4	4	32	0.000244454	16363	0.998703	FALSE	M:cds-YP_009724393.1	TTG	L	TCG	S	181
NC_045512.2	27064	T	A	16337	9695	49	20	19	34	0.00122227	16363	0.308437	FALSE	M:cds-YP_009724393.1	TTG	L	TAG	*	181
NC_045512.2	27065	G	T	16379	9755	50	21	21	34	0.00127924	16416	0.254669	FALSE	M:cds-YP_009724393.1	TTG	L	TTT	F	181
NC_045512.2	27065	G	C	16379	9755	50	3	3	34	0.000182749	16416	0.999631	FALSE	M:cds-YP_009724393.1	TTG	L	TTC	F	181
NC_045512.2	27065	G	A	16379	9755	50	13	13	33	0.00079191	16416	0.769817	FALSE	M:cds-YP_009724393.1	TTG	L	TTA	L	181
NC_045512.2	27066	G	T	16407	9790	50	14	14	33	0.0008521	16430	0.707292	FALSE	M:cds-YP_009724393.1	GGA	G	TGA	*	182
NC_045512.2	27066	G	C	16407	9790	50	2	2	34	0.000121729	16430	0.999927	FALSE	M:cds-YP_009724393.1	GGA	G	CGA	R	182
NC_045512.2	27066	G	A	16407	9790	50	7	7	37	0.00042605	16430	0.982593	FALSE	M:cds-YP_009724393.1	GGA	G	AGA	R	182
NC_045512.2	27067	G	T	16442	9761	50	12	12	33	0.00072904	16460	0.827432	FALSE	M:cds-YP_009724393.1	GGA	G	GTA	V	182
NC_045512.2	27067	G	C	16442	9761	50	1	1	34	6.07533e-05	16460	0.999992	FALSE	M:cds-YP_009724393.1	GGA	G	GCA	A	182
NC_045512.2	27067	G	A	16442	9761	50	5	5	32	0.000303767	16460	0.996392	FALSE	M:cds-YP_009724393.1	GGA	G	GAA	E	182
NC_045512.2	27068	A	T	16518	9807	50	2	2	34	0.000120831	16552	0.999927	FALSE	M:cds-YP_009724393.1	GGA	G	GGT	G	182
NC_045512.2	27068	A	G	16518	9807	50	29	29	32	0.00175205	16552	0.0360663	FALSE	M:cds-YP_009724393.1	GGA	G	GGG	G	182
NC_045512.2	27068	A	C	16518	9807	50	3	3	34	0.000181247	16552	0.999632	FALSE	M:cds-YP_009724393.1	GGA	G	GGC	G	182
NC_045512.2	27069	G	T	16572	9647	49	6	5	32	0.000361468	16599	0.991503	FALSE	M:cds-YP_009724393.1	GCT	A	TCT	S	183
NC_045512.2	27069	G	C	16572	9647	49	1	1	26	6.02446e-05	16599	1	FALSE	M:cds-YP_009724393.1	GCT	A	CCT	P	183
NC_045512.2	27069	G	A	16572	9647	49	20	19	34	0.00120489	16599	0.308379	FALSE	M:cds-YP_009724393.1	GCT	A	ACT	T	183
NC_045512.2	27070	C	T	16661	10006	49	3	3	34	0.000179673	16697	0.999632	FALSE	M:cds-YP_009724393.1	GCT	A	GTT	V	183
NC_045512.2	27070	C	G	16661	10006	49	22	22	32	0.0013176	16697	0.20802	FALSE	M:cds-YP_009724393.1	GCT	A	GGT	G	183
NC_045512.2	27070	C	A	16661	10006	49	11	10	33	0.000658801	16697	0.875432	FALSE	M:cds-YP_009724393.1	GCT	A	GAT	D	183
NC_045512.2	27071	T	G	16366	9694	49	7	7	30	0.000426725	16404	0.982498	FALSE	M:cds-YP_009724393.1	GCT	A	GCG	A	183
NC_045512.2	27071	T	C	16366	9694	49	20	20	33	0.00121921	16404	0.30766	FALSE	M:cds-YP_009724393.1	GCT	A	GCC	A	183
NC_045512.2	27071	T	A	16366	9694	49	11	11	33	0.000670568	16404	0.875354	FALSE	M:cds-YP_009724393.1	GCT	A	GCA	A	183
NC_045512.2	27072	T	G	16620	9909	49	9	9	33	0.000540833	16641	0.946009	FALSE	M:cds-YP_009724393.1	TCG	S	GCG	A	184
NC_045512.2	27072	T	C	16620	9909	49	10	9	35	0.000600925	16641	0.915526	FALSE	M:cds-YP_009724393.1	TCG	S	CCG	P	184
NC_045512.2	27072	T	A	16620	9909	49	2	2	34	0.000120185	16641	0.999927	FALSE	M:cds-YP_009724393.1	TCG	S	ACG	T	184
NC_045512.2	27073	C	T	16612	9892	49	26	25	35	0.00156212	16644	0.0817939	FALSE	M:cds-YP_009724393.1	TCG	S	TTG	L	184
NC_045512.2	27073	C	G	16612	9892	49	3	3	31	0.000180245	16644	0.999632	FALSE	M:cds-YP_009724393.1	TCG	S	TGG	W	184
NC_045512.2	27073	C	A	16612	9892	49	3	3	34	0.000180245	16644	0.999632	FALSE	M:cds-YP_009724393.1	TCG	S	TAG	*	184
NC_045512.2	27074	G	T	16527	9809	49	19	19	33	0.00114707	16564	0.366719	FALSE	M:cds-YP_009724393.1	TCG	S	TCT	S	184
NC_045512.2	27074	G	C	16527	9809	49	16	16	33	0.00096595	16564	0.568655	FALSE	M:cds-YP_009724393.1	TCG	S	TCC	S	184
NC_045512.2	27074	G	A	16527	9809	49	2	2	34	0.000120744	16564	0.999927	FALSE	M:cds-YP_009724393.1	TCG	S	TCA	S	184
NC_045512.2	27075	C	T	16561	9863	49	13	13	34	0.000783557	16591	0.770176	FALSE	M:cds-YP_009724393.1	CAG	Q	TAG	*	185
NC_045512.2	27075	C	G	16561	9863	49	15	14	31	0.000904105	16591	0.639126	FALSE	M:cds-YP_009724393.1	CAG	Q	GAG	E	185
NC_045512.2	27075	C	A	16561	9863	49	2	2	30	0.000120547	16591	0.999927	FALSE	M:cds-YP_009724393.1	CAG	Q	AAG	K	185
NC_045512.2	27076	A	T	16518	9797	49	6	6	32	0.000362494	16552	0.99148	FALSE	M:cds-YP_009724393.1	CAG	Q	CTG	L	185
NC_045512.2	27076	A	G	16518	9797	49	7	6	34	0.00042291	16552	0.982525	FALSE	M:cds-YP_009724393.1	CAG	Q	CGG	R	185
NC_045512.2	27076	A	C	16518	9797	49	21	21	33	0.00126873	16552	0.254856	FALSE	M:cds-YP_009724393.1	CAG	Q	CCG	P	185
NC_045512.2	27077	G	T	17241	9916	49	3	3	31	0.000173712	17270	0.999797	FALSE	M:cds-YP_009724393.1	CAG	Q	CAT	H	185
NC_045512.2	27077	G	C	17241	9916	49	8	8	34	0.000463231	17270	0.978245	FALSE	M:cds-YP_009724393.1	CAG	Q	CAC	H	185
NC_045512.2	27077	G	A	17241	9916	49	18	17	34	0.00104227	17270	0.499311	FALSE	M:cds-YP_009724393.1	CAG	Q	CAA	Q	185
NC_045512.2	27078	C	T	16918	9766	49	4	3	42	0.000236058	16945	0.187076	FALSE	M:cds-YP_009724393.1	CGT	R	TGT	C	186
NC_045512.2	27078	C	G	16918	9766	49	16	15	33	0.000944231	16945	0.569347	FALSE	M:cds-YP_009724393.1	CGT	R	GGT	G	186
NC_045512.2	27078	C	A	16918	9766	49	7	7	32	0.000413101	16945	0.98257	FALSE	M:cds-YP_009724393.1	CGT	R	AGT	S	186
NC_045512.2	27079	G	T	17591	9891	49	3	2	31	0.000170155	17631	0.999796	FALSE	M:cds-YP_009724393.1	CGT	R	CTT	L	186
NC_045512.2	27079	G	C	17591	9891	49	21	21	32	0.00119108	17631	0.312335	FALSE	M:cds-YP_009724393.1	CGT	R	CCT	P	186
NC_045512.2	27079	G	A	17591	9891	49	16	16	33	0.000907492	17631	0.634475	FALSE	M:cds-YP_009724393.1	CGT	R	CAT	H	186
NC_045512.2	27080	T	G	17681	9957	49	31	30	33	0.00174904	17724	0.0295014	FALSE	M:cds-YP_009724393.1	CGT	R	CGG	R	186
NC_045512.2	27080	T	C	17681	9957	49	10	9	34	0.000564207	17724	0.938462	FALSE	M:cds-YP_009724393.1	CGT	R	CGC	R	186
NC_045512.2	27080	T	A	17681	9957	49	2	2	34	0.000112841	17724	0.999961	FALSE	M:cds-YP_009724393.1	CGT	R	CGA	R	186
NC_045512.2	27081	G	T	17708	9897	49	18	18	32	0.00101448	17743	0.498927	FALSE	M:cds-YP_009724393.1	GTA	V	TTA	L	187
NC_045512.2	27081	G	C	17708	9897	49	13	13	32	0.000732683	17743	0.818445	FALSE	M:cds-YP_009724393.1	GTA	V	CTA	L	187
NC_045512.2	27081	G	A	17708	9897	49	4	4	34	0.000225441	17743	0.999248	FALSE	M:cds-YP_009724393.1	GTA	V	ATA	I	187
NC_045512.2	27082	T	G	17718	9897	49	24	24	33	0.00135188	17753	0.173839	FALSE	M:cds-YP_009724393.1	GTA	V	GGA	G	187
NC_045512.2	27082	T	C	17718	9897	49	5	3	38	0.000281643	17753	0.997808	FALSE	M:cds-YP_009724393.1	GTA	V	GCA	A	187
NC_045512.2	27082	T	A	17718	9897	49	6	6	31	0.000337971	17753	0.994644	FALSE	M:cds-YP_009724393.1	GTA	V	GAA	E	187
NC_045512.2	27083	A	T	17494	9668	49	27	27	33	0.00153987	17534	0.0865904	FALSE	M:cds-YP_009724393.1	GTA	V	GTT	V	187
NC_045512.2	27083	A	G	17494	9668	49	9	8	39	0.000513288	17534	0.961935	FALSE	M:cds-YP_009724393.1	GTA	V	GTG	V	187
NC_045512.2	27083	A	C	17494	9668	49	4	3	32	0.000228128	17534	0.999246	FALSE	M:cds-YP_009724393.1	GTA	V	GTC	V	187
NC_045512.2	27084	G	T	17547	9628	49	11	11	32	0.000625711	17580	0.907094	FALSE	M:cds-YP_009724393.1	GCA	A	TCA	S	188
NC_045512.2	27084	G	C	17547	9628	49	2	2	30	0.000113766	17580	0.999961	FALSE	M:cds-YP_009724393.1	GCA	A	CCA	P	188
NC_045512.2	27084	G	A	17547	9628	49	20	20	35	0.00113766	17580	0.370558	FALSE	M:cds-YP_009724393.1	GCA	A	ACA	T	188
NC_045512.2	27085	C	T	17526	9887	49	11	11	32	0.000626388	17561	0.907043	FALSE	M:cds-YP_009724393.1	GCA	A	GTA	V	188
NC_045512.2	27085	C	G	17526	9887	49	14	14	33	0.000797221	17561	0.762547	FALSE	M:cds-YP_009724393.1	GCA	A	GGA	G	188
NC_045512.2	27085	C	A	17526	9887	49	10	10	33	0.000569444	17561	0.938602	FALSE	M:cds-YP_009724393.1	GCA	A	GAA	E	188
NC_045512.2	27086	A	T	16626	9101	50	1	1	34	6.0042e-05	16655	0.999992	FALSE	M:cds-YP_009724393.1	GCA	A	GCT	A	188
NC_045512.2	27086	A	G	16626	9101	50	8	7	37	0.000480336	16655	0.967879	FALSE	M:cds-YP_009724393.1	GCA	A	GCG	A	188
NC_045512.2	27086	A	C	16626	9101	50	20	20	32	0.00120084	16655	0.308253	FALSE	M:cds-YP_009724393.1	GCA	A	GCC	A	188
NC_045512.2	27087	G	T	16576	9060	49	3	3	34	0.000180658	16606	0.999633	FALSE	M:cds-YP_009724393.1	GGT	G	TGT	C	189
NC_045512.2	27087	G	C	16576	9060	49	8	8	34	0.000481754	16606	0.967868	FALSE	M:cds-YP_009724393.1	GGT	G	CGT	R	189
NC_045512.2	27087	G	A	16576	9060	49	19	18	31	0.00114416	16606	0.367195	FALSE	M:cds-YP_009724393.1	GGT	G	AGT	S	189
NC_045512.2	27088	G	T	16044	8712	50	3	3	34	0.000186753	16064	0.999634	FALSE	M:cds-YP_009724393.1	GGT	G	GTT	V	189
NC_045512.2	27088	G	C	16044	8712	50	8	8	33	0.000498008	16064	0.967972	FALSE	M:cds-YP_009724393.1	GGT	G	GCT	A	189
NC_045512.2	27088	G	A	16044	8712	50	9	9	32	0.000560259	16064	0.946021	FALSE	M:cds-YP_009724393.1	GGT	G	GAT	D	189
NC_045512.2	27089	T	G	15915	8886	52	21	20	33	0.0013167	15949	0.201743	FALSE	M:cds-YP_009724393.1	GGT	G	GGG	G	189
NC_045512.2	27089	T	C	15915	8886	52	3	3	34	0.0001881	15949	0.999337	FALSE	M:cds-YP_009724393.1	GGT	G	GGC	G	189
NC_045512.2	27089	T	A	15915	8886	52	10	10	32	0.000626999	15949	0.884626	FALSE	M:cds-YP_009724393.1	GGT	G	GGA	G	189
NC_045512.2	27090	G	T	15968	8893	52	15	15	34	0.000937969	15992	0.571724	FALSE	M:cds-YP_009724393.1	GAC	D	TAC	Y	190
NC_045512.2	27090	G	C	15968	8893	52	5	5	31	0.000312656	15992	0.994062	FALSE	M:cds-YP_009724393.1	GAC	D	CAC	H	190
NC_045512.2	27090	G	A	15968	8893	52	4	4	32	0.000250125	15992	0.997775	FALSE	M:cds-YP_009724393.1	GAC	D	AAC	N	190
NC_045512.2	27091	A	T	15947	8863	51	10	10	34	0.000625782	15980	0.884658	FALSE	M:cds-YP_009724393.1	GAC	D	GTC	V	190
NC_045512.2	27091	A	G	15947	8863	51	20	20	33	0.00125156	15980	0.248952	FALSE	M:cds-YP_009724393.1	GAC	D	GGC	G	190
NC_045512.2	27091	A	C	15947	8863	51	3	3	28	0.000187735	15980	1	FALSE	M:cds-YP_009724393.1	GAC	D	GCC	A	190
NC_045512.2	27092	C	T	15999	8922	52	10	10	34	0.00062383	16030	0.915273	FALSE	M:cds-YP_009724393.1	GAC	D	GAT	D	190
NC_045512.2	27092	C	G	15999	8922	52	8	8	32	0.000499064	16030	0.967851	FALSE	M:cds-YP_009724393.1	GAC	D	GAG	E	190
NC_045512.2	27092	C	A	15999	8922	52	13	13	34	0.000810979	16030	0.770101	FALSE	M:cds-YP_009724393.1	GAC	D	GAA	E	190
NC_045512.2	27093	T	G	15940	8897	52	11	11	32	0.000688705	15972	0.835835	FALSE	M:cds-YP_009724393.1	TCA	S	GCA	A	191
NC_045512.2	27093	T	C	15940	8897	52	13	13	32	0.000813924	15972	0.713268	FALSE	M:cds-YP_009724393.1	TCA	S	CCA	P	191
NC_045512.2	27093	T	A	15940	8897	52	8	8	33	0.000500877	15972	0.953151	FALSE	M:cds-YP_009724393.1	TCA	S	ACA	T	191
NC_045512.2	27094	C	T	15811	8893	51	19	19	33	0.00119949	15840	0.303115	FALSE	M:cds-YP_009724393.1	TCA	S	TTA	L	191
NC_045512.2	27094	C	G	15811	8893	51	1	0	34	6.31313e-05	15840	0.999985	FALSE	M:cds-YP_009724393.1	TCA	S	TGA	*	191
NC_045512.2	27094	C	A	15811	8893	51	9	9	33	0.000568182	15840	0.923861	FALSE	M:cds-YP_009724393.1	TCA	S	TAA	*	191
NC_045512.2	27095	A	T	15711	8894	51	13	13	32	0.00082524	15753	0.712677	FALSE	M:cds-YP_009724393.1	TCA	S	TCT	S	191
NC_045512.2	27095	A	G	15711	8894	51	2	2	51	0.00012696	15753	0.249373	FALSE	M:cds-YP_009724393.1	TCA	S	TCG	S	191
NC_045512.2	27095	A	C	15711	8894	51	27	26	33	0.00171396	15753	0.0438407	FALSE	M:cds-YP_009724393.1	TCA	S	TCC	S	191
NC_045512.2	27096	G	T	16019	8903	51	9	9	33	0.000560748	16050	0.945833	FALSE	M:cds-YP_009724393.1	GGT	G	TGT	C	192
NC_045512.2	27096	G	C	16019	8903	51	9	9	33	0.000560748	16050	0.945833	FALSE	M:cds-YP_009724393.1	GGT	G	CGT	R	192
NC_045512.2	27096	G	A	16019	8903	51	13	13	33	0.000809969	16050	0.770101	FALSE	M:cds-YP_009724393.1	GGT	G	AGT	S	192
NC_045512.2	27097	G	T	16062	9017	51	4	4	34	0.000248663	16086	0.998704	FALSE	M:cds-YP_009724393.1	GGT	G	GTT	V	192
NC_045512.2	27097	G	C	16062	9017	51	12	12	33	0.00074599	16086	0.827176	FALSE	M:cds-YP_009724393.1	GGT	G	GCT	A	192
NC_045512.2	27097	G	A	16062	9017	51	8	8	33	0.000497327	16086	0.967928	FALSE	M:cds-YP_009724393.1	GGT	G	GAT	D	192
NC_045512.2	27098	T	G	15977	9182	51	16	15	32	0.0009995	16008	0.56903	FALSE	M:cds-YP_009724393.1	GGT	G	GGG	G	192
NC_045512.2	27098	T	C	15977	9182	51	3	3	31	0.000187406	16008	0.999632	FALSE	M:cds-YP_009724393.1	GGT	G	GGC	G	192
NC_045512.2	27098	T	A	15977	9182	51	12	12	33	0.000749625	16008	0.826876	FALSE	M:cds-YP_009724393.1	GGT	G	GGA	G	192
NC_045512.2	27099	T	G	15713	8921	50	15	15	33	0.000953471	15732	0.57206	FALSE	M:cds-YP_009724393.1	TTT	F	GTT	V	193
NC_045512.2	27099	T	C	15713	8921	50	1	0	68	6.35647e-05	15732	0.49973	FALSE	M:cds-YP_009724393.1	TTT	F	CTT	L	193
NC_045512.2	27099	T	A	15713	8921	50	3	3	34	0.000190694	15732	0.999341	FALSE	M:cds-YP_009724393.1	TTT	F	ATT	I	193
NC_045512.2	27100	T	G	15957	9217	51	10	10	31	0.000626135	15971	0.885239	FALSE	M:cds-YP_009724393.1	TTT	F	TGT	C	193
NC_045512.2	27100	T	C	15957	9217	51	3	3	31	0.00018784	15971	0.999343	FALSE	M:cds-YP_009724393.1	TTT	F	TCT	S	193
NC_045512.2	27100	T	A	15957	9217	51	1	1	34	6.26135e-05	15971	0.999985	FALSE	M:cds-YP_009724393.1	TTT	F	TAT	Y	193
NC_045512.2	27101	T	C	15899	9189	51	4	3	51	0.000251493	15905	0.0624804	FALSE	M:cds-YP_009724393.1	TTT	F	TTC	F	193
NC_045512.2	27101	T	A	15899	9189	51	2	2	34	0.000125747	15905	0.999863	FALSE	M:cds-YP_009724393.1	TTT	F	TTA	L	193
NC_045512.2	27102	G	T	16207	9182	51	32	31	32	0.00196984	16245	0.014554	FALSE	M:cds-YP_009724393.1	GCT	A	TCT	S	194
NC_045512.2	27102	G	C	16207	9182	51	2	2	30	0.000123115	16245	0.999927	FALSE	M:cds-YP_009724393.1	GCT	A	CCT	P	194
NC_045512.2	27102	G	A	16207	9182	51	4	4	34	0.00024623	16245	0.998696	FALSE	M:cds-YP_009724393.1	GCT	A	ACT	T	194
NC_045512.2	27103	C	T	16205	9266	51	20	20	35	0.0012316	16239	0.30791	FALSE	M:cds-YP_009724393.1	GCT	A	GTT	V	194
NC_045512.2	27103	C	G	16205	9266	51	12	12	31	0.000738962	16239	0.826759	FALSE	M:cds-YP_009724393.1	GCT	A	GGT	G	194
NC_045512.2	27103	C	A	16205	9266	51	2	2	34	0.00012316	16239	0.999927	FALSE	M:cds-YP_009724393.1	GCT	A	GAT	D	194
NC_045512.2	27104	T	G	16070	9143	51	5	5	30	0.000310675	16094	0.996383	FALSE	M:cds-YP_009724393.1	GCT	A	GCG	A	194
NC_045512.2	27104	T	C	16070	9143	51	14	14	34	0.000869889	16094	0.707225	FALSE	M:cds-YP_009724393.1	GCT	A	GCC	A	194
NC_045512.2	27104	T	A	16070	9143	51	5	5	30	0.000310675	16094	0.996383	FALSE	M:cds-YP_009724393.1	GCT	A	GCA	A	194
NC_045512.2	27105	G	T	16458	9164	51	16	16	34	0.000970638	16484	0.569397	FALSE	M:cds-YP_009724393.1	GCA	A	TCA	S	195
NC_045512.2	27105	G	C	16458	9164	51	5	5	34	0.000303324	16484	0.996381	FALSE	M:cds-YP_009724393.1	GCA	A	CCA	P	195
NC_045512.2	27105	G	A	16458	9164	51	5	4	39	0.000303324	16484	0.996381	FALSE	M:cds-YP_009724393.1	GCA	A	ACA	T	195
NC_045512.2	27106	C	T	16307	9168	50	8	8	33	0.000489836	16332	0.967919	FALSE	M:cds-YP_009724393.1	GCA	A	GTA	V	195
NC_045512.2	27106	C	G	16307	9168	50	15	15	32	0.000918442	16332	0.639435	FALSE	M:cds-YP_009724393.1	GCA	A	GGA	G	195
NC_045512.2	27106	C	A	16307	9168	50	2	1	30	0.000122459	16332	0.999927	FALSE	M:cds-YP_009724393.1	GCA	A	GAA	E	195
NC_045512.2	27107	A	T	16391	9181	51	11	11	31	0.000669792	16423	0.875551	FALSE	M:cds-YP_009724393.1	GCA	A	GCT	A	195
NC_045512.2	27107	A	G	16391	9181	51	8	7	38	0.000487122	16423	0.967844	FALSE	M:cds-YP_009724393.1	GCA	A	GCG	A	195
NC_045512.2	27107	A	C	16391	9181	51	13	13	32	0.000791573	16423	0.770069	FALSE	M:cds-YP_009724393.1	GCA	A	GCC	A	195
NC_045512.2	27108	T	G	16382	9190	51	11	11	34	0.000670119	16415	0.875518	FALSE	M:cds-YP_009724393.1	TAC	Y	GAC	D	196
NC_045512.2	27108	T	C	16382	9190	51	6	4	32	0.000365519	16415	0.991483	FALSE	M:cds-YP_009724393.1	TAC	Y	CAC	H	196
NC_045512.2	27108	T	A	16382	9190	51	16	16	32	0.000974718	16415	0.568916	FALSE	M:cds-YP_009724393.1	TAC	Y	AAC	N	196
NC_045512.2	27109	A	T	16296	9123	50	16	16	33	0.000980032	16326	0.569117	FALSE	M:cds-YP_009724393.1	TAC	Y	TTC	F	196
NC_045512.2	27109	A	G	16296	9123	50	4	4	31	0.000245008	16326	0.998701	FALSE	M:cds-YP_009724393.1	TAC	Y	TGC	C	196
NC_045512.2	27109	A	C	16296	9123	50	10	10	33	0.00061252	16326	0.915305	FALSE	M:cds-YP_009724393.1	TAC	Y	TCC	S	196
NC_045512.2	27110	C	T	16260	9120	50	5	5	34	0.000306861	16294	0.996368	FALSE	M:cds-YP_009724393.1	TAC	Y	TAT	Y	196
NC_045512.2	27110	C	G	16260	9120	50	3	3	28	0.000184117	16294	1	FALSE	M:cds-YP_009724393.1	TAC	Y	TAG	*	196
NC_045512.2	27110	C	A	16260	9120	50	26	26	33	0.00159568	16294	0.0817275	FALSE	M:cds-YP_009724393.1	TAC	Y	TAA	*	196
NC_045512.2	27111	A	T	15785	8737	51	10	10	34	0.000632591	15808	0.884961	FALSE	M:cds-YP_009724393.1	AGT	S	TGT	C	197
NC_045512.2	27111	A	G	15785	8737	51	2	2	34	0.000126518	15808	0.999862	FALSE	M:cds-YP_009724393.1	AGT	S	GGT	G	197
NC_045512.2	27111	A	C	15785	8737	51	11	11	32	0.00069585	15808	0.836189	FALSE	M:cds-YP_009724393.1	AGT	S	CGT	R	197
NC_045512.2	27112	G	T	15830	8758	51	1	1	34	6.30517e-05	15860	0.999985	FALSE	M:cds-YP_009724393.1	AGT	S	ATT	I	197
NC_045512.2	27112	G	C	15830	8758	51	7	7	34	0.000441362	15860	0.973603	FALSE	M:cds-YP_009724393.1	AGT	S	ACT	T	197
NC_045512.2	27112	G	A	15830	8758	51	22	21	34	0.00138714	15860	0.161532	FALSE	M:cds-YP_009724393.1	AGT	S	AAT	N	197
NC_045512.2	27113	T	G	15841	8871	50	14	13	33	0.00088189	15875	0.643316	FALSE	M:cds-YP_009724393.1	AGT	S	AGG	R	197
NC_045512.2	27113	T	C	15841	8871	50	12	11	36	0.000755906	15875	0.778034	FALSE	M:cds-YP_009724393.1	AGT	S	AGC	S	197
NC_045512.2	27113	T	A	15841	8871	50	8	7	35	0.000503937	15875	0.95312	FALSE	M:cds-YP_009724393.1	AGT	S	AGA	R	197
NC_045512.2	27114	C	T	15340	8356	51	15	15	33	0.000975864	15371	0.571209	FALSE	M:cds-YP_009724393.1	CGC	R	TGC	C	198
NC_045512.2	27114	C	G	15340	8356	51	6	6	32	0.000390345	15371	0.986602	FALSE	M:cds-YP_009724393.1	CGC	R	GGC	G	198
NC_045512.2	27114	C	A	15340	8356	51	10	10	33	0.000650576	15371	0.884698	FALSE	M:cds-YP_009724393.1	CGC	R	AGC	S	198
NC_045512.2	27115	G	T	15327	8339	51	7	7	32	0.000456085	15348	0.973682	FALSE	M:cds-YP_009724393.1	CGC	R	CTC	L	198
NC_045512.2	27115	G	C	15327	8339	51	13	13	34	0.000847016	15348	0.713881	FALSE	M:cds-YP_009724393.1	CGC	R	CCC	P	198
NC_045512.2	27115	G	A	15327	8339	51	1	1	68	6.51551e-05	15348	0.49969	FALSE	M:cds-YP_009724393.1	CGC	R	CAC	H	198
NC_045512.2	27116	C	T	15826	8459	50	12	12	33	0.00075705	15851	0.778475	FALSE	M:cds-YP_009724393.1	CGC	R	CGT	R	198
NC_045512.2	27116	C	G	15826	8459	50	11	11	31	0.000693963	15851	0.83611	FALSE	M:cds-YP_009724393.1	CGC	R	CGG	R	198
NC_045512.2	27116	C	A	15826	8459	50	2	1	34	0.000126175	15851	0.999862	FALSE	M:cds-YP_009724393.1	CGC	R	CGA	R	198
NC_045512.2	27116	C	+G	15826	8459	50	1	0	20	6.30875e-05	15851	1	FALSE	NA	NA	NA	NA	NA	NA
NC_045512.2	27117	T	G	15749	8394	50	7	6	37	0.000443543	15782	0.973575	FALSE	M:cds-YP_009724393.1	TAC	Y	GAC	D	199
NC_045512.2	27117	T	C	15749	8394	50	26	25	35	0.00164745	15782	0.0583764	FALSE	M:cds-YP_009724393.1	TAC	Y	CAC	H	199
NC_045512.2	27118	A	T	15558	8268	49	12	12	33	0.000769774	15589	0.778167	FALSE	M:cds-YP_009724393.1	TAC	Y	TTC	F	199
NC_045512.2	27118	A	G	15558	8268	49	12	11	32	0.000769774	15589	0.778167	FALSE	M:cds-YP_009724393.1	TAC	Y	TGC	C	199
NC_045512.2	27118	A	C	15558	8268	49	7	7	31	0.000449035	15589	0.973591	FALSE	M:cds-YP_009724393.1	TAC	Y	TCC	S	199
NC_045512.2	27119	C	T	15579	8392	50	8	7	37	0.000512821	15600	0.95331	FALSE	M:cds-YP_009724393.1	TAC	Y	TAT	Y	199
NC_045512.2	27119	C	G	15579	8392	50	1	1	26	6.41026e-05	15600	1	FALSE	M:cds-YP_009724393.1	TAC	Y	TAG	*	199
NC_045512.2	27119	C	A	15579	8392	50	12	12	32	0.000769231	15600	0.778667	FALSE	M:cds-YP_009724393.1	TAC	Y	TAA	*	199
NC_045512.2	27120	A	T	15685	8400	50	12	12	33	0.00076365	15714	0.778272	FALSE	M:cds-YP_009724393.1	AGG	R	TGG	W	200
NC_045512.2	27120	A	G	15685	8400	50	2	0	68	0.000127275	15714	0.249578	FALSE	M:cds-YP_009724393.1	AGG	R	GGG	G	200
NC_045512.2	27120	A	C	15685	8400	50	15	15	32	0.000954563	15714	0.571369	FALSE	M:cds-YP_009724393.1	AGG	R	CGG	R	200
NC_045512.2	27121	G	T	15660	8314	49	3	3	40	0.000191205	15690	0.311866	FALSE	M:cds-YP_009724393.1	AGG	R	ATG	M	200
NC_045512.2	27121	G	C	15660	8314	49	5	5	34	0.000318674	15690	0.994047	FALSE	M:cds-YP_009724393.1	AGG	R	ACG	T	200
NC_045512.2	27121	G	A	15660	8314	49	22	22	33	0.00140217	15690	0.161527	FALSE	M:cds-YP_009724393.1	AGG	R	AAG	K	200
NC_045512.2	27122	G	T	16052	8969	51	2	2	34	0.000124479	16067	0.999927	FALSE	M:cds-YP_009724393.1	AGG	R	AGT	S	200
NC_045512.2	27122	G	C	16052	8969	51	9	9	32	0.000560154	16067	0.946107	FALSE	M:cds-YP_009724393.1	AGG	R	AGC	S	200
NC_045512.2	27122	G	A	16052	8969	51	4	4	34	0.000248957	16067	0.99871	FALSE	M:cds-YP_009724393.1	AGG	R	AGA	R	200
NC_045512.2	27123	A	G	15751	8880	50	18	17	35	0.00114141	15770	0.364097	FALSE	M:cds-YP_009724393.1	ATT	I	GTT	V	201
NC_045512.2	27123	A	C	15751	8880	50	1	1	34	6.34115e-05	15770	0.999985	FALSE	M:cds-YP_009724393.1	ATT	I	CTT	L	201
NC_045512.2	27124	T	G	15865	8832	51	11	11	33	0.000692303	15889	0.836151	FALSE	M:cds-YP_009724393.1	ATT	I	AGT	S	201
NC_045512.2	27124	T	C	15865	8832	51	1	1	34	6.29366e-05	15889	0.999985	FALSE	M:cds-YP_009724393.1	ATT	I	ACT	T	201
NC_045512.2	27124	T	A	15865	8832	51	12	12	33	0.000755239	15889	0.778525	FALSE	M:cds-YP_009724393.1	ATT	I	AAT	N	201
NC_045512.2	27125	T	G	15237	8383	51	10	9	33	0.00065548	15256	0.885079	FALSE	M:cds-YP_009724393.1	ATT	I	ATG	M	201
NC_045512.2	27125	T	C	15237	8383	51	1	1	34	6.5548e-05	15256	0.999985	FALSE	M:cds-YP_009724393.1	ATT	I	ATC	I	201
NC_045512.2	27125	T	A	15237	8383	51	8	8	29	0.000524384	15256	1	FALSE	M:cds-YP_009724393.1	ATT	I	ATA	I	201
NC_045512.2	27126	G	T	15103	8286	51	17	17	33	0.0011236	15130	0.429322	FALSE	M:cds-YP_009724393.1	GGC	G	TGC	C	202
NC_045512.2	27126	G	A	15103	8286	51	10	10	34	0.000660939	15130	0.884819	FALSE	M:cds-YP_009724393.1	GGC	G	AGC	S	202
NC_045512.2	27127	G	T	15127	8443	51	15	15	34	0.000990491	15144	0.572196	FALSE	M:cds-YP_009724393.1	GGC	G	GTC	V	202
NC_045512.2	27127	G	C	15127	8443	51	2	2	34	0.000132066	15144	0.999862	FALSE	M:cds-YP_009724393.1	GGC	G	GCC	A	202
NC_045512.2	27128	C	T	15154	8510	51	11	11	33	0.000724542	15182	0.835966	FALSE	M:cds-YP_009724393.1	GGC	G	GGT	G	202
NC_045512.2	27128	C	G	15154	8510	51	16	16	32	0.00105388	15182	0.499188	FALSE	M:cds-YP_009724393.1	GGC	G	GGG	G	202
NC_045512.2	27128	C	A	15154	8510	51	1	1	34	6.58675e-05	15182	0.999985	FALSE	M:cds-YP_009724393.1	GGC	G	GGA	G	202
NC_045512.2	27129	A	G	15048	8498	50	21	20	38	0.00139239	15082	0.201698	FALSE	M:cds-YP_009724393.1	AAC	N	GAC	D	203
NC_045512.2	27129	A	C	15048	8498	50	13	13	33	0.000861955	15082	0.713091	FALSE	M:cds-YP_009724393.1	AAC	N	CAC	H	203
NC_045512.2	27130	A	G	14691	8203	50	10	9	34	0.000679902	14708	0.846133	FALSE	M:cds-YP_009724393.1	AAC	N	AGC	S	203
NC_045512.2	27130	A	C	14691	8203	50	7	7	32	0.000475931	14708	0.960757	FALSE	M:cds-YP_009724393.1	AAC	N	ACC	T	203
NC_045512.2	27131	C	T	14813	8307	49	2	1	34	0.000134825	14834	0.999739	FALSE	M:cds-YP_009724393.1	AAC	N	AAT	N	203
NC_045512.2	27131	C	G	14813	8307	49	1	1	34	6.74127e-05	14834	0.999969	FALSE	M:cds-YP_009724393.1	AAC	N	AAG	K	203
NC_045512.2	27131	C	A	14813	8307	49	18	18	33	0.00121343	14834	0.298074	FALSE	M:cds-YP_009724393.1	AAC	N	AAA	K	203
NC_045512.2	27132	T	G	14782	8269	50	2	2	34	0.000135026	14812	0.999738	FALSE	M:cds-YP_009724393.1	TAT	Y	GAT	D	204
NC_045512.2	27132	T	C	14782	8269	50	14	13	35	0.00094518	14812	0.573698	FALSE	M:cds-YP_009724393.1	TAT	Y	CAT	H	204
NC_045512.2	27132	T	A	14782	8269	50	14	13	31	0.00094518	14812	0.573698	FALSE	M:cds-YP_009724393.1	TAT	Y	AAT	N	204
NC_045512.2	27133	A	T	14912	8329	50	14	14	31	0.000937584	14932	0.574407	FALSE	M:cds-YP_009724393.1	TAT	Y	TTT	F	204
NC_045512.2	27133	A	G	14912	8329	50	1	1	34	6.69703e-05	14932	0.999969	FALSE	M:cds-YP_009724393.1	TAT	Y	TGT	C	204
NC_045512.2	27133	A	C	14912	8329	50	5	5	30	0.000334851	14932	0.990361	FALSE	M:cds-YP_009724393.1	TAT	Y	TCT	S	204
NC_045512.2	27134	T	G	14938	8360	50	1	1	34	6.68315e-05	14963	0.999969	FALSE	M:cds-YP_009724393.1	TAT	Y	TAG	*	204
NC_045512.2	27134	T	C	14938	8360	50	10	10	30	0.000668315	14963	0.845822	FALSE	M:cds-YP_009724393.1	TAT	Y	TAC	Y	204
NC_045512.2	27134	T	A	14938	8360	50	14	14	33	0.000935641	14963	0.574058	FALSE	M:cds-YP_009724393.1	TAT	Y	TAA	*	204
NC_045512.2	27135	A	T	14714	8422	49	21	21	34	0.00142498	14737	0.15506	FALSE	M:cds-YP_009724393.1	AAA	K	TAA	*	205
NC_045512.2	27135	A	G	14714	8422	49	1	1	34	6.78564e-05	14737	0.999969	FALSE	M:cds-YP_009724393.1	AAA	K	GAA	E	205
NC_045512.2	27135	A	C	14714	8422	49	1	1	34	6.78564e-05	14737	0.999969	FALSE	M:cds-YP_009724393.1	AAA	K	CAA	Q	205
NC_045512.2	27136	A	T	14948	8445	50	5	5	34	0.000334336	14955	0.990409	FALSE	M:cds-YP_009724393.1	AAA	K	ATA	I	205
NC_045512.2	27136	A	G	14948	8445	50	1	1	34	6.68673e-05	14955	0.99997	FALSE	M:cds-YP_009724393.1	AAA	K	AGA	R	205
NC_045512.2	27136	A	C	14948	8445	50	1	1	26	6.68673e-05	14955	1	FALSE	M:cds-YP_009724393.1	AAA	K	ACA	T	205
NC_045512.2	27137	A	T	14751	9162	45	8	8	34	0.000541969	14761	0.933151	FALSE	M:cds-YP_009724393.1	AAA	K	AAT	N	205
NC_045512.2	27137	A	G	14751	9162	45	1	1	34	6.77461e-05	14761	0.999969	FALSE	M:cds-YP_009724393.1	AAA	K	AAG	K	205
NC_045512.2	27137	A	C	14751	9162	45	1	1	26	6.77461e-05	14761	1	FALSE	M:cds-YP_009724393.1	AAA	K	AAC	N	205
NC_045512.2	27138	T	G	15142	9069	47	1	1	34	6.59152e-05	15171	0.999985	FALSE	M:cds-YP_009724393.1	TTA	L	GTA	V	206
NC_045512.2	27138	T	A	15142	9069	47	28	28	32	0.00184563	15171	0.0329016	FALSE	M:cds-YP_009724393.1	TTA	L	ATA	I	206
NC_045512.2	27139	T	G	15179	9105	47	2	2	26	0.000131648	15192	1	FALSE	M:cds-YP_009724393.1	TTA	L	TGA	*	206
NC_045512.2	27139	T	A	15179	9105	47	11	11	31	0.000724065	15192	0.836593	FALSE	M:cds-YP_009724393.1	TTA	L	TAA	*	206
NC_045512.2	27140	A	T	14995	8928	47	18	18	32	0.0011988	15015	0.364021	FALSE	M:cds-YP_009724393.1	TTA	L	TTT	F	206
NC_045512.2	27140	A	G	14995	8928	47	1	1	34	6.66001e-05	15015	0.999985	FALSE	M:cds-YP_009724393.1	TTA	L	TTG	L	206
NC_045512.2	27140	A	C	14995	8928	47	1	1	34	6.66001e-05	15015	0.999985	FALSE	M:cds-YP_009724393.1	TTA	L	TTC	F	206
NC_045512.2	27141	A	T	14849	8834	46	9	9	31	0.000605734	14858	0.895098	FALSE	M:cds-YP_009724393.1	AAC	N	TAC	Y	207
NC_045512.2	27142	A	T	14845	8935	46	7	7	31	0.000471254	14854	0.960862	FALSE	M:cds-YP_009724393.1	AAC	N	ATC	I	207
NC_045512.2	27142	A	C	14845	8935	46	2	2	34	0.000134644	14854	0.999741	FALSE	M:cds-YP_009724393.1	AAC	N	ACC	T	207
NC_045512.2	27143	C	T	14841	8960	46	2	2	34	0.000134544	14865	0.999739	FALSE	M:cds-YP_009724393.1	AAC	N	AAT	N	207
NC_045512.2	27143	C	A	14841	8960	46	22	22	32	0.00147999	14865	0.121308	FALSE	M:cds-YP_009724393.1	AAC	N	AAA	K	207
NC_045512.2	27144	A	T	14805	8801	47	2	1	29	0.000134944	14821	1	FALSE	M:cds-YP_009724393.1	ACA	T	TCA	S	208
NC_045512.2	27144	A	G	14805	8801	47	2	2	30	0.000134944	14821	0.99974	FALSE	M:cds-YP_009724393.1	ACA	T	GCA	A	208
NC_045512.2	27144	A	C	14805	8801	47	12	12	32	0.000809662	14821	0.721314	FALSE	M:cds-YP_009724393.1	ACA	T	CCA	P	208
NC_045512.2	27145	C	G	14778	8847	47	2	1	30	0.000135117	14802	0.999739	FALSE	M:cds-YP_009724393.1	ACA	T	AGA	R	208
NC_045512.2	27145	C	A	14778	8847	47	22	21	33	0.00148629	14802	0.121308	FALSE	M:cds-YP_009724393.1	ACA	T	AAA	K	208
NC_045512.2	27146	A	T	14253	8346	47	1	1	34	7.00476e-05	14276	0.999969	FALSE	M:cds-YP_009724393.1	ACA	T	ACT	T	208
NC_045512.2	27146	A	G	14253	8346	47	2	2	25	0.000140095	14276	1	FALSE	M:cds-YP_009724393.1	ACA	T	ACG	T	208
NC_045512.2	27146	A	C	14253	8346	47	20	19	33	0.00140095	14276	0.195509	FALSE	M:cds-YP_009724393.1	ACA	T	ACC	T	208
NC_045512.2	27147	G	T	14144	8441	46	1	1	26	7.05716e-05	14170	1	FALSE	M:cds-YP_009724393.1	GAC	D	TAC	Y	209
NC_045512.2	27147	G	C	14144	8441	46	7	6	34	0.000494001	14170	0.960631	FALSE	M:cds-YP_009724393.1	GAC	D	CAC	H	209
NC_045512.2	27147	G	A	14144	8441	46	18	18	33	0.00127029	14170	0.297715	FALSE	M:cds-YP_009724393.1	GAC	D	AAC	N	209
NC_045512.2	27148	A	T	14185	8490	47	3	3	40	0.000211149	14208	0.311985	FALSE	M:cds-YP_009724393.1	GAC	D	GTC	V	209
NC_045512.2	27148	A	G	14185	8490	47	12	12	33	0.000844595	14208	0.720884	FALSE	M:cds-YP_009724393.1	GAC	D	GGC	G	209
NC_045512.2	27148	A	C	14185	8490	47	8	8	34	0.000563063	14208	0.932874	FALSE	M:cds-YP_009724393.1	GAC	D	GCC	A	209
NC_045512.2	27149	C	T	14204	8544	47	1	1	34	7.0279e-05	14229	0.999969	FALSE	M:cds-YP_009724393.1	GAC	D	GAT	D	209
NC_045512.2	27149	C	G	14204	8544	47	5	5	32	0.000351395	14229	0.99034	FALSE	M:cds-YP_009724393.1	GAC	D	GAG	E	209
NC_045512.2	27149	C	A	14204	8544	47	19	19	33	0.0013353	14229	0.242979	FALSE	M:cds-YP_009724393.1	GAC	D	GAA	E	209
NC_045512.2	27150	C	T	14144	8517	47	2	2	30	0.000141283	14156	0.99974	FALSE	M:cds-YP_009724393.1	CAT	H	TAT	Y	210
NC_045512.2	27150	C	G	14144	8517	47	6	6	34	0.000423849	14156	0.979301	FALSE	M:cds-YP_009724393.1	CAT	H	GAT	D	210
NC_045512.2	27150	C	A	14144	8517	47	4	4	34	0.000282566	14156	0.996229	FALSE	M:cds-YP_009724393.1	CAT	H	AAT	N	210
NC_045512.2	27151	A	T	13820	8176	47	2	1	47	0.000144509	13840	0.499539	FALSE	M:cds-YP_009724393.1	CAT	H	CTT	L	210
NC_045512.2	27151	A	C	13820	8176	47	18	18	33	0.00130058	13840	0.236377	FALSE	M:cds-YP_009724393.1	CAT	H	CCT	P	210
NC_045512.2	27152	T	G	13690	8104	47	2	2	34	0.000145826	13715	0.999508	FALSE	M:cds-YP_009724393.1	CAT	H	CAG	Q	210
NC_045512.2	27152	T	C	13690	8104	47	11	11	32	0.000802042	13715	0.728685	FALSE	M:cds-YP_009724393.1	CAT	H	CAC	H	210
NC_045512.2	27152	T	A	13690	8104	47	12	12	33	0.000874954	13715	0.654234	FALSE	M:cds-YP_009724393.1	CAT	H	CAA	Q	210
NC_045512.2	27153	T	C	13884	8481	47	9	8	33	0.000647529	13899	0.856765	FALSE	M:cds-YP_009724393.1	TCC	S	CCC	P	211
NC_045512.2	27153	T	A	13884	8481	47	6	6	32	0.000431686	13899	0.968171	FALSE	M:cds-YP_009724393.1	TCC	S	ACC	T	211
NC_045512.2	27154	C	T	13792	8720	46	19	19	31	0.00137492	13819	0.188015	FALSE	M:cds-YP_009724393.1	TCC	S	TTC	F	211
NC_045512.2	27154	C	G	13792	8720	46	1	1	34	7.23641e-05	13819	0.999938	FALSE	M:cds-YP_009724393.1	TCC	S	TGC	C	211
NC_045512.2	27154	C	A	13792	8720	46	7	7	34	0.000506549	13819	0.94205	FALSE	M:cds-YP_009724393.1	TCC	S	TAC	Y	211
NC_045512.2	27155	C	T	13893	8748	47	12	12	33	0.000862875	13907	0.654981	FALSE	M:cds-YP_009724393.1	TCC	S	TCT	S	211
NC_045512.2	27155	C	G	13893	8748	47	2	2	34	0.000143812	13907	0.999511	FALSE	M:cds-YP_009724393.1	TCC	S	TCG	S	211
NC_045512.2	27156	A	T	13452	8356	47	8	8	34	0.000593604	13477	0.905001	FALSE	M:cds-YP_009724393.1	AGT	S	TGT	C	212
NC_045512.2	27156	A	G	13452	8356	47	1	1	34	7.42005e-05	13477	0.999938	FALSE	M:cds-YP_009724393.1	AGT	S	GGT	G	212
NC_045512.2	27156	A	C	13452	8356	47	16	16	33	0.00118721	13477	0.35486	FALSE	M:cds-YP_009724393.1	AGT	S	CGT	R	212
NC_045512.2	27157	G	T	13408	8365	47	1	1	34	7.44546e-05	13431	0.999939	FALSE	M:cds-YP_009724393.1	AGT	S	ATT	I	212
NC_045512.2	27157	G	C	13408	8365	47	10	10	30	0.000744546	13431	0.797055	FALSE	M:cds-YP_009724393.1	AGT	S	ACT	T	212
NC_045512.2	27157	G	A	13408	8365	47	12	12	34	0.000893455	13431	0.654357	FALSE	M:cds-YP_009724393.1	AGT	S	AAT	N	212
NC_045512.2	27157	G	-T	13408	8365	47	1	0	20	7.44546e-05	13431	1	FALSE	NA	NA	NA	NA	NA	NA
NC_045512.2	27158	T	G	13192	8123	47	11	11	33	0.000832324	13216	0.728659	FALSE	M:cds-YP_009724393.1	AGT	S	AGG	R	212
NC_045512.2	27158	T	C	13192	8123	47	9	8	33	0.000680993	13216	0.856355	FALSE	M:cds-YP_009724393.1	AGT	S	AGC	S	212
NC_045512.2	27158	T	A	13192	8123	47	4	4	34	0.000302663	13216	0.993596	FALSE	M:cds-YP_009724393.1	AGT	S	AGA	R	212
NC_045512.2	27159	A	T	13209	8202	47	13	13	33	0.000982764	13228	0.577148	FALSE	M:cds-YP_009724393.1	AGC	S	TGC	C	213
NC_045512.2	27159	A	G	13209	8202	47	5	5	34	0.000377986	13228	0.984505	FALSE	M:cds-YP_009724393.1	AGC	S	GGC	G	213
NC_045512.2	27159	A	C	13209	8202	47	1	1	34	7.55972e-05	13228	0.999939	FALSE	M:cds-YP_009724393.1	AGC	S	CGC	R	213
NC_045512.2	27160	G	T	13056	8102	47	6	6	34	0.000458891	13075	0.968121	FALSE	M:cds-YP_009724393.1	AGC	S	ATC	I	213
NC_045512.2	27160	G	C	13056	8102	47	1	1	34	7.64818e-05	13075	0.999939	FALSE	M:cds-YP_009724393.1	AGC	S	ACC	T	213
NC_045512.2	27160	G	A	13056	8102	47	12	12	32	0.000917782	13075	0.654625	FALSE	M:cds-YP_009724393.1	AGC	S	AAC	N	213
NC_045512.2	27161	C	T	12843	7891	47	6	6	34	0.000466345	12866	0.951667	FALSE	M:cds-YP_009724393.1	AGC	S	AGT	S	213
NC_045512.2	27161	C	G	12843	7891	47	12	12	34	0.000932691	12866	0.579875	FALSE	M:cds-YP_009724393.1	AGC	S	AGG	R	213
NC_045512.2	27161	C	A	12843	7891	47	5	5	32	0.000388621	12866	0.97536	FALSE	M:cds-YP_009724393.1	AGC	S	AGA	R	213
NC_045512.2	27162	A	G	12727	7777	47	6	5	38	0.000470699	12747	0.951715	FALSE	M:cds-YP_009724393.1	AGT	S	GGT	G	214
NC_045512.2	27162	A	C	12727	7777	47	14	14	32	0.0010983	12747	0.422075	FALSE	M:cds-YP_009724393.1	AGT	S	CGT	R	214
NC_045512.2	27163	G	T	12798	7873	47	2	2	34	0.000156079	12814	0.999081	FALSE	M:cds-YP_009724393.1	AGT	S	ATT	I	214
NC_045512.2	27163	G	C	12798	7873	47	4	4	34	0.000312159	12814	0.989336	FALSE	M:cds-YP_009724393.1	AGT	S	ACT	T	214
NC_045512.2	27163	G	A	12798	7873	47	10	10	33	0.000780396	12814	0.738056	FALSE	M:cds-YP_009724393.1	AGT	S	AAT	N	214
NC_045512.2	27164	T	G	12631	7738	48	13	13	36	0.00102734	12654	0.499283	FALSE	M:cds-YP_009724393.1	AGT	S	AGG	R	214
NC_045512.2	27164	T	C	12631	7738	48	6	5	33	0.000474158	12654	0.951663	FALSE	M:cds-YP_009724393.1	AGT	S	AGC	S	214
NC_045512.2	27164	T	A	12631	7738	48	4	4	30	0.000316106	12654	0.989305	FALSE	M:cds-YP_009724393.1	AGT	S	AGA	R	214
NC_045512.2	27165	G	T	12541	7809	47	12	12	33	0.000955338	12561	0.580089	FALSE	M:cds-YP_009724393.1	GAC	D	TAC	Y	215
NC_045512.2	27165	G	C	12541	7809	47	1	1	34	7.96115e-05	12561	0.999877	FALSE	M:cds-YP_009724393.1	GAC	D	CAC	H	215
NC_045512.2	27165	G	A	12541	7809	47	7	6	37	0.00055728	12561	0.916224	FALSE	M:cds-YP_009724393.1	GAC	D	AAC	N	215
NC_045512.2	27166	A	T	12424	7776	46	6	5	34	0.000481966	12449	0.951626	FALSE	M:cds-YP_009724393.1	GAC	D	GTC	V	215
NC_045512.2	27166	A	G	12424	7776	46	18	17	38	0.0014459	12449	0.180302	FALSE	M:cds-YP_009724393.1	GAC	D	GGC	G	215
NC_045512.2	27166	A	C	12424	7776	46	1	1	34	8.03277e-05	12449	0.999877	FALSE	M:cds-YP_009724393.1	GAC	D	GCC	A	215
NC_045512.2	27167	C	T	12527	7805	47	9	8	37	0.000717017	12552	0.80769	FALSE	M:cds-YP_009724393.1	GAC	D	GAT	D	215
NC_045512.2	27167	C	G	12527	7805	47	4	4	34	0.000318674	12552	0.989296	FALSE	M:cds-YP_009724393.1	GAC	D	GAG	E	215
NC_045512.2	27167	C	A	12527	7805	47	12	12	34	0.000956023	12552	0.579703	FALSE	M:cds-YP_009724393.1	GAC	D	GAA	E	215
NC_045512.2	27168	A	T	12468	7774	47	2	2	34	0.000160102	12492	0.999078	FALSE	M:cds-YP_009724393.1	AAT	N	TAT	Y	216
NC_045512.2	27168	A	G	12468	7774	47	12	8	48	0.000960615	12492	0.00169682	TRUE	M:cds-YP_009724393.1	AAT	N	GAT	D	216
NC_045512.2	27168	A	C	12468	7774	47	10	10	32	0.000800512	12492	0.737556	FALSE	M:cds-YP_009724393.1	AAT	N	CAT	H	216
NC_045512.2	27169	A	G	15977	9033	45	3	2	34	0.000187652	15987	0.999344	FALSE	M:cds-YP_009724393.1	AAT	N	AGT	S	216
NC_045512.2	27169	A	C	15977	9033	45	7	7	31	0.000437856	15987	0.973783	FALSE	M:cds-YP_009724393.1	AAT	N	ACT	T	216
NC_045512.2	27170	T	G	15396	8518	44	2	1	34	0.00012971	15419	0.999862	FALSE	M:cds-YP_009724393.1	AAT	N	AAG	K	216
NC_045512.2	27170	T	C	15396	8518	44	8	8	31	0.00051884	15419	0.953278	FALSE	M:cds-YP_009724393.1	AAT	N	AAC	N	216
NC_045512.2	27170	T	A	15396	8518	44	13	13	32	0.000843116	15419	0.713764	FALSE	M:cds-YP_009724393.1	AAT	N	AAA	K	216
NC_045512.2	27171	A	T	15578	9014	44	20	14	33	0.0012818	15603	0.249416	FALSE	M:cds-YP_009724393.1	ATT	I	TTT	F	217
NC_045512.2	27171	A	G	15578	9014	44	2	2	34	0.00012818	15603	0.999862	FALSE	M:cds-YP_009724393.1	ATT	I	GTT	V	217
NC_045512.2	27171	A	C	15578	9014	44	3	2	29	0.000192271	15603	1	FALSE	M:cds-YP_009724393.1	ATT	I	CTT	L	217
NC_045512.2	27172	T	G	15744	8915	45	2	2	30	0.000126791	15774	0.999861	FALSE	M:cds-YP_009724393.1	ATT	I	AGT	S	217
NC_045512.2	27172	T	C	15744	8915	45	3	2	34	0.000190186	15774	0.999338	FALSE	M:cds-YP_009724393.1	ATT	I	ACT	T	217
NC_045512.2	27172	T	A	15744	8915	45	25	19	33	0.00158489	15774	0.0766836	FALSE	M:cds-YP_009724393.1	ATT	I	AAT	N	217
NC_045512.2	27173	T	C	15734	8961	45	4	4	40	0.000254065	15744	0.187381	FALSE	M:cds-YP_009724393.1	ATT	I	ATC	I	217
NC_045512.2	27173	T	A	15734	8961	45	6	6	34	0.000381098	15744	0.986708	FALSE	M:cds-YP_009724393.1	ATT	I	ATA	I	217
NC_045512.2	27174	G	T	15682	8862	45	16	16	33	0.00101878	15705	0.499572	FALSE	M:cds-YP_009724393.1	GCT	A	TCT	S	218
NC_045512.2	27174	G	C	15682	8862	45	1	1	34	6.3674e-05	15705	0.999985	FALSE	M:cds-YP_009724393.1	GCT	A	CCT	P	218
NC_045512.2	27174	G	A	15682	8862	45	6	6	39	0.000382044	15705	0.986644	FALSE	M:cds-YP_009724393.1	GCT	A	ACT	T	218
NC_045512.2	27175	C	T	15741	8922	45	10	10	34	0.000634357	15764	0.88496	FALSE	M:cds-YP_009724393.1	GCT	A	GTT	V	218
NC_045512.2	27175	C	G	15741	8922	45	11	11	33	0.000697792	15764	0.836188	FALSE	M:cds-YP_009724393.1	GCT	A	GGT	G	218
NC_045512.2	27175	C	A	15741	8922	45	2	2	34	0.000126871	15764	0.999862	FALSE	M:cds-YP_009724393.1	GCT	A	GAT	D	218
NC_045512.2	27176	T	G	14504	7788	44	8	7	30	0.000550737	14526	0.9329	FALSE	M:cds-YP_009724393.1	GCT	A	GCG	A	218
NC_045512.2	27176	T	C	14504	7788	44	13	11	39	0.000894947	14526	0.648977	FALSE	M:cds-YP_009724393.1	GCT	A	GCC	A	218
NC_045512.2	27176	T	A	14504	7788	44	1	1	34	6.88421e-05	14526	0.999969	FALSE	M:cds-YP_009724393.1	GCT	A	GCA	A	218
NC_045512.2	27176	T	-TTG	14504	7788	44	2	0	20	0.000137684	14526	1	FALSE	NA	NA	NA	NA	NA	NA
NC_045512.2	27177	T	G	14813	8096	46	6	6	34	0.000404722	14825	0.979287	FALSE	M:cds-YP_009724393.1	TTG	L	GTG	V	219
NC_045512.2	27177	T	C	14813	8096	46	4	4	30	0.000269815	14825	0.996226	FALSE	M:cds-YP_009724393.1	TTG	L	CTG	L	219
NC_045512.2	27177	T	A	14813	8096	46	2	2	34	0.000134907	14825	0.99974	FALSE	M:cds-YP_009724393.1	TTG	L	ATG	M	219
NC_045512.2	27177	T	-TG	14813	8096	46	1	0	20	6.74445e-05	14827	1	FALSE	NA	NA	NA	NA	NA	NA
NC_045512.2	27178	T	G	14582	7796	46	2	2	51	0.000137014	14597	0.249735	FALSE	M:cds-YP_009724393.1	TTG	L	TGG	W	219
NC_045512.2	27178	T	C	14582	7796	46	9	7	32	0.000616565	14597	0.89483	FALSE	M:cds-YP_009724393.1	TTG	L	TCG	S	219
NC_045512.2	27178	T	A	14582	7796	46	4	3	30	0.000274029	14597	0.996219	FALSE	M:cds-YP_009724393.1	TTG	L	TAG	*	219
NC_045512.2	27179	G	T	14879	7878	45	13	13	36	0.000872308	14903	0.648663	FALSE	M:cds-YP_009724393.1	TTG	L	TTT	F	219
NC_045512.2	27179	G	C	14879	7878	45	2	1	51	0.000134201	14903	0.249589	FALSE	M:cds-YP_009724393.1	TTG	L	TTC	F	219
NC_045512.2	27179	G	A	14879	7878	45	9	5	41	0.000603905	14903	0.0106818	FALSE	M:cds-YP_009724393.1	TTG	L	TTA	L	219
NC_045512.2	27180	C	T	16279	8158	45	10	10	34	0.000613422	16302	0.915475	FALSE	M:cds-YP_009724393.1	CTT	L	TTT	F	220
NC_045512.2	27180	C	G	16279	8158	45	11	8	34	0.000674764	16302	0.875843	FALSE	M:cds-YP_009724393.1	CTT	L	GTT	V	220
NC_045512.2	27180	C	A	16279	8158	45	2	2	30	0.000122684	16302	0.999927	FALSE	M:cds-YP_009724393.1	CTT	L	ATT	I	220
NC_045512.2	27181	T	G	16443	8281	45	7	5	31	0.000425299	16459	0.982637	FALSE	M:cds-YP_009724393.1	CTT	L	CGT	R	220
NC_045512.2	27181	T	C	16443	8281	45	9	9	33	0.000546813	16459	0.946091	FALSE	M:cds-YP_009724393.1	CTT	L	CCT	P	220
NC_045512.2	27182	T	G	16414	8295	45	7	6	32	0.000426102	16428	0.982649	FALSE	M:cds-YP_009724393.1	CTT	L	CTG	L	220
NC_045512.2	27182	T	C	16414	8295	45	5	4	40	0.000304358	16428	0.109239	FALSE	M:cds-YP_009724393.1	CTT	L	CTC	L	220
NC_045512.2	27182	T	A	16414	8295	45	2	2	34	0.000121743	16428	0.999927	FALSE	M:cds-YP_009724393.1	CTT	L	CTA	L	220
NC_045512.2	27182	T	+G	16414	8295	45	1	0	20	6.08717e-05	16428	1	FALSE	NA	NA	NA	NA	NA	NA
NC_045512.2	27183	G	T	17330	8343	45	13	13	34	0.00074928	17350	0.819056	FALSE	M:cds-YP_009724393.1	GTA	V	TTA	L	221
NC_045512.2	27183	G	C	17330	8343	45	5	5	30	0.000288184	17350	0.997821	FALSE	M:cds-YP_009724393.1	GTA	V	CTA	L	221
NC_045512.2	27183	G	A	17330	8343	45	2	1	34	0.000115274	17350	0.999962	FALSE	M:cds-YP_009724393.1	GTA	V	ATA	I	221
NC_045512.2	27183	G	-T	17330	8343	45	1	0	20	5.76369e-05	17350	1	FALSE	NA	NA	NA	NA	NA	NA
NC_045512.2	27184	T	G	17503	8453	45	11	8	32	0.000627961	17517	0.907546	FALSE	M:cds-YP_009724393.1	GTA	V	GGA	G	221
NC_045512.2	27184	T	C	17503	8453	45	1	0	68	5.70874e-05	17517	0.499814	FALSE	M:cds-YP_009724393.1	GTA	V	GCA	A	221
NC_045512.2	27184	T	A	17503	8453	45	2	2	30	0.000114175	17517	0.999962	FALSE	M:cds-YP_009724393.1	GTA	V	GAA	E	221
NC_045512.2	27185	A	T	17533	8419	45	12	12	33	0.000683605	17554	0.867369	FALSE	M:cds-YP_009724393.1	GTA	V	GTT	V	221
NC_045512.2	27185	A	G	17533	8419	45	7	7	38	0.00039877	17554	0.988641	FALSE	M:cds-YP_009724393.1	GTA	V	GTG	V	221
NC_045512.2	27185	A	C	17533	8419	45	2	2	30	0.000113934	17554	0.999962	FALSE	M:cds-YP_009724393.1	GTA	V	GTC	V	221
NC_045512.2	27186	C	T	18557	8593	45	6	6	34	0.000322945	18579	0.996684	FALSE	M:cds-YP_009724393.1	CAG	Q	TAG	*	222
NC_045512.2	27186	C	G	18557	8593	45	5	5	32	0.000269121	18579	0.998695	FALSE	M:cds-YP_009724393.1	CAG	Q	GAG	E	222
NC_045512.2	27186	C	A	18557	8593	45	11	11	34	0.000592066	18579	0.931862	FALSE	M:cds-YP_009724393.1	CAG	Q	AAG	K	222
NC_045512.2	27186	C	-A	18557	8593	45	2	0	20	0.000107648	18579	1	FALSE	NA	NA	NA	NA	NA	NA
NC_045512.2	27186	C	+A	18557	8593	45	1	0	20	5.38242e-05	18579	1	FALSE	NA	NA	NA	NA	NA	NA
NC_045512.2	27187	A	T	18365	8339	45	6	6	32	0.000326442	18380	0.99669	FALSE	M:cds-YP_009724393.1	CAG	Q	CTG	L	222
NC_045512.2	27187	A	C	18365	8339	45	9	9	32	0.000489663	18380	0.973863	FALSE	M:cds-YP_009724393.1	CAG	Q	CCG	P	222
NC_045512.2	27188	G	T	21084	8895	45	1	1	34	4.73866e-05	21103	1	FALSE	M:cds-YP_009724393.1	CAG	Q	CAT	H	222
NC_045512.2	27188	G	C	21084	8895	45	2	2	34	9.47733e-05	21103	0.999997	FALSE	M:cds-YP_009724393.1	CAG	Q	CAC	H	222
NC_045512.2	27188	G	A	21084	8895	45	16	15	39	0.000758186	21103	0.838031	FALSE	M:cds-YP_009724393.1	CAG	Q	CAA	Q	222
NC_045512.2	27189	T	G	20888	9224	47	13	10	33	0.000621623	20913	0.918477	FALSE	M:cds-YP_009724393.1	TAA	*	GAA	E	223
NC_045512.2	27189	T	C	20888	9224	47	5	4	34	0.000239086	20913	0.999543	FALSE	M:cds-YP_009724393.1	TAA	*	CAA	Q	223
NC_045512.2	27189	T	A	20888	9224	47	7	5	34	0.00033472	20913	0.997027	FALSE	M:cds-YP_009724393.1	TAA	*	AAA	K	223
NC_045512.2	27190	A	T	21160	9343	47	11	11	31	0.000519407	21178	0.974945	FALSE	M:cds-YP_009724393.1	TAA	*	TTA	L	223
NC_045512.2	27190	A	G	21160	9343	47	5	5	34	0.000236094	21178	0.999733	FALSE	M:cds-YP_009724393.1	TAA	*	TGA	*	223
NC_045512.2	27190	A	C	21160	9343	47	2	2	30	9.44376e-05	21178	0.999997	FALSE	M:cds-YP_009724393.1	TAA	*	TCA	S	223
NC_045512.2	27191	A	T	21915	9515	47	8	8	34	0.000364764	21932	0.995934	FALSE	M:cds-YP_009724393.1	TAA	*	TAT	Y	223
NC_045512.2	27191	A	G	21915	9515	47	7	6	32	0.000319168	21932	0.998139	FALSE	M:cds-YP_009724393.1	TAA	*	TAG	*	223
NC_045512.2	27191	A	C	21915	9515	47	2	1	30	9.1191e-05	21932	0.999997	FALSE	M:cds-YP_009724393.1	TAA	*	TAC	Y	223
NC_045512.2	27192	G	T	21982	9447	47	5	5	32	0.000227211	22006	0.999844	FALSE	NA	NA	NA	NA	NA	NA
NC_045512.2	27192	G	A	21982	9447	47	19	19	34	0.000863401	22006	0.733549	FALSE	NA	NA	NA	NA	NA	NA
NC_045512.2	27193	T	G	21828	9304	47	16	14	32	0.000732064	21856	0.837721	FALSE	NA	NA	NA	NA	NA	NA
NC_045512.2	27193	T	C	21828	9304	47	4	1	40	0.000183016	21856	0.343246	FALSE	NA	NA	NA	NA	NA	NA
NC_045512.2	27193	T	A	21828	9304	47	8	7	32	0.000366032	21856	0.995917	FALSE	NA	NA	NA	NA	NA	NA
NC_045512.2	27194	G	T	22160	9488	47	15	13	34	0.000676163	22184	0.906037	FALSE	NA	NA	NA	NA	NA	NA
NC_045512.2	27194	G	C	22160	9488	47	3	3	45	0.000135233	22184	0.499577	FALSE	NA	NA	NA	NA	NA	NA
NC_045512.2	27194	G	A	22160	9488	47	6	5	34	0.000270465	22184	0.999542	FALSE	NA	NA	NA	NA	NA	NA
NC_045512.2	27195	A	T	21886	9266	47	6	6	32	0.000273785	21915	0.999239	FALSE	NA	NA	NA	NA	NA	NA
NC_045512.2	27195	A	G	21886	9266	47	22	17	33	0.00100388	21915	0.49964	FALSE	NA	NA	NA	NA	NA	NA
NC_045512.2	27195	A	C	21886	9266	47	1	1	34	4.56308e-05	21915	1	FALSE	NA	NA	NA	NA	NA	NA
NC_045512.2	27196	C	T	22874	9445	47	6	6	34	0.00026202	22899	0.999542	FALSE	NA	NA	NA	NA	NA	NA
NC_045512.2	27196	C	G	22874	9445	47	5	5	32	0.00021835	22899	0.999844	FALSE	NA	NA	NA	NA	NA	NA
NC_045512.2	27196	C	A	22874	9445	47	14	13	35	0.00061138	22899	0.933658	FALSE	NA	NA	NA	NA	NA	NA
NC_045512.2	27197	A	T	22315	9495	49	1	1	34	4.47828e-05	22330	1	FALSE	NA	NA	NA	NA	NA	NA
NC_045512.2	27197	A	G	22315	9495	49	5	3	30	0.000223914	22330	0.999845	FALSE	NA	NA	NA	NA	NA	NA
NC_045512.2	27197	A	C	22315	9495	49	9	8	33	0.000403045	22330	0.994667	FALSE	NA	NA	NA	NA	NA	NA
NC_045512.2	27198	A	T	22456	9539	49	2	2	34	8.90195e-05	22467	0.999999	FALSE	NA	NA	NA	NA	NA	NA
NC_045512.2	27198	A	G	22456	9539	49	4	0	40	0.000178039	22467	0.343614	FALSE	NA	NA	NA	NA	NA	NA
NC_045512.2	27198	A	C	22456	9539	49	5	5	32	0.000222549	22467	0.999845	FALSE	NA	NA	NA	NA	NA	NA
NC_045512.2	27199	C	T	21168	8559	47	1	1	34	4.71988e-05	21187	1	FALSE	NA	NA	NA	NA	NA	NA
NC_045512.2	27199	C	G	21168	8559	47	1	1	68	4.71988e-05	21187	0.499799	FALSE	NA	NA	NA	NA	NA	NA
NC_045512.2	27199	C	A	21168	8559	47	17	17	32	0.000802379	21187	0.791217	FALSE	NA	NA	NA	NA	NA	NA
NC_045512.2	27200	A	G	21210	8594	48	2	0	34	9.42374e-05	21223	0.999997	FALSE	NA	NA	NA	NA	NA	NA
NC_045512.2	27200	A	C	21210	8594	48	11	11	32	0.000518306	21223	0.974984	FALSE	NA	NA	NA	NA	NA	NA
NC_045512.2	27201	G	T	21263	8600	48	1	1	34	4.69903e-05	21281	1	FALSE	NA	NA	NA	NA	NA	NA
NC_045512.2	27201	G	C	21263	8600	48	3	3	34	0.000140971	21281	0.999982	FALSE	NA	NA	NA	NA	NA	NA
NC_045512.2	27201	G	A	21263	8600	48	14	14	33	0.000657864	21281	0.91229	FALSE	NA	NA	NA	NA	NA	NA
NC_045512.2	27202	A	T	21418	8813	48	1	1	27	4.66548e-05	21434	1	FALSE	ORF6:cds-YP_009724394.1	ATG	M	TTG	L	1
NC_045512.2	27202	A	G	21418	8813	48	10	10	34	0.000466548	21434	0.98528	FALSE	ORF6:cds-YP_009724394.1	ATG	M	GTG	V	1
NC_045512.2	27202	A	C	21418	8813	48	5	5	32	0.000233274	21434	0.999733	FALSE	ORF6:cds-YP_009724394.1	ATG	M	CTG	L	1
NC_045512.2	27203	T	G	21761	8874	48	13	7	31	0.000596604	21790	0.939106	FALSE	ORF6:cds-YP_009724394.1	ATG	M	AGG	R	1
NC_045512.2	27203	T	C	21761	8874	48	1	1	34	4.58926e-05	21790	1	FALSE	ORF6:cds-YP_009724394.1	ATG	M	ACG	T	1
NC_045512.2	27203	T	A	21761	8874	48	15	15	34	0.000688389	21790	0.878242	FALSE	ORF6:cds-YP_009724394.1	ATG	M	AAG	K	1
NC_045512.2	27204	G	T	22305	9029	48	11	11	31	0.000492765	22323	0.982459	FALSE	ORF6:cds-YP_009724394.1	ATG	M	ATT	I	1
NC_045512.2	27204	G	C	22305	9029	48	2	2	30	8.95937e-05	22323	0.999999	FALSE	ORF6:cds-YP_009724394.1	ATG	M	ATC	I	1
NC_045512.2	27204	G	A	22305	9029	48	5	5	34	0.000223984	22323	0.999844	FALSE	ORF6:cds-YP_009724394.1	ATG	M	ATA	I	1
NC_045512.2	27205	T	G	22326	9023	48	15	12	33	0.000671201	22348	0.906083	FALSE	ORF6:cds-YP_009724394.1	TTT	F	GTT	V	2
NC_045512.2	27205	T	C	22326	9023	48	1	1	34	4.47467e-05	22348	1	FALSE	ORF6:cds-YP_009724394.1	TTT	F	CTT	L	2
NC_045512.2	27205	T	A	22326	9023	48	6	6	30	0.00026848	22348	0.999543	FALSE	ORF6:cds-YP_009724394.1	TTT	F	ATT	I	2
NC_045512.2	27206	T	G	22357	9110	48	6	5	34	0.00026824	22368	0.999545	FALSE	ORF6:cds-YP_009724394.1	TTT	F	TGT	C	2
NC_045512.2	27206	T	C	22357	9110	48	4	1	35	0.000178827	22368	0.999956	FALSE	ORF6:cds-YP_009724394.1	TTT	F	TCT	S	2
NC_045512.2	27206	T	A	22357	9110	48	1	1	34	4.47067e-05	22368	1	FALSE	ORF6:cds-YP_009724394.1	TTT	F	TAT	Y	2
NC_045512.2	27207	T	G	22319	9035	48	4	4	34	0.000179155	22327	0.999956	FALSE	ORF6:cds-YP_009724394.1	TTT	F	TTG	L	2
NC_045512.2	27207	T	C	22319	9035	48	2	1	47	8.95776e-05	22327	0.687424	FALSE	ORF6:cds-YP_009724394.1	TTT	F	TTC	F	2
NC_045512.2	27207	T	A	22319	9035	48	2	2	34	8.95776e-05	22327	0.999999	FALSE	ORF6:cds-YP_009724394.1	TTT	F	TTA	L	2
NC_045512.2	27208	C	T	22374	9071	48	20	20	32	0.000893017	22396	0.678042	FALSE	ORF6:cds-YP_009724394.1	CAT	H	TAT	Y	3
NC_045512.2	27208	C	G	22374	9071	48	1	1	34	4.46508e-05	22396	1	FALSE	ORF6:cds-YP_009724394.1	CAT	H	GAT	D	3
NC_045512.2	27208	C	A	22374	9071	48	1	1	34	4.46508e-05	22396	1	FALSE	ORF6:cds-YP_009724394.1	CAT	H	AAT	N	3
NC_045512.2	27209	A	T	22234	9115	48	7	7	32	0.000314522	22256	0.998839	FALSE	ORF6:cds-YP_009724394.1	CAT	H	CTT	L	3
NC_045512.2	27209	A	G	22234	9115	48	3	1	31	0.000134795	22256	0.99999	FALSE	ORF6:cds-YP_009724394.1	CAT	H	CGT	R	3
NC_045512.2	27209	A	C	22234	9115	48	12	12	32	0.00053918	22256	0.971164	FALSE	ORF6:cds-YP_009724394.1	CAT	H	CCT	P	3
NC_045512.2	27210	T	C	22035	8828	47	11	8	31	0.000498663	22059	0.982425	FALSE	ORF6:cds-YP_009724394.1	CAT	H	CAC	H	3
NC_045512.2	27210	T	A	22035	8828	47	13	13	32	0.000589329	22059	0.955171	FALSE	ORF6:cds-YP_009724394.1	CAT	H	CAA	Q	3
NC_045512.2	27211	C	T	22678	9500	49	13	13	32	0.000572687	22700	0.955198	FALSE	ORF6:cds-YP_009724394.1	CTC	L	TTC	F	4
NC_045512.2	27211	C	G	22678	9500	49	1	0	34	4.40529e-05	22700	1	FALSE	ORF6:cds-YP_009724394.1	CTC	L	GTC	V	4
NC_045512.2	27211	C	A	22678	9500	49	8	7	33	0.000352423	22700	0.997383	FALSE	ORF6:cds-YP_009724394.1	CTC	L	ATC	I	4
NC_045512.2	27212	T	G	22744	9599	49	2	1	30	8.78503e-05	22766	0.999999	FALSE	ORF6:cds-YP_009724394.1	CTC	L	CGC	R	4
NC_045512.2	27212	T	C	22744	9599	49	15	14	35	0.000658877	22766	0.906084	FALSE	ORF6:cds-YP_009724394.1	CTC	L	CCC	P	4
NC_045512.2	27212	T	A	22744	9599	49	5	5	34	0.000219626	22766	0.999844	FALSE	ORF6:cds-YP_009724394.1	CTC	L	CAC	H	4
NC_045512.2	27213	C	T	22735	9586	49	17	17	32	0.000747056	22756	0.831608	FALSE	ORF6:cds-YP_009724394.1	CTC	L	CTT	L	4
NC_045512.2	27213	C	G	22735	9586	49	2	1	30	8.78889e-05	22756	0.999999	FALSE	ORF6:cds-YP_009724394.1	CTC	L	CTG	L	4
NC_045512.2	27213	C	A	22735	9586	49	2	1	34	8.78889e-05	22756	0.999999	FALSE	ORF6:cds-YP_009724394.1	CTC	L	CTA	L	4
NC_045512.2	27214	G	T	22790	9597	49	4	4	34	0.000175331	22814	0.999956	FALSE	ORF6:cds-YP_009724394.1	GTT	V	TTT	F	5
NC_045512.2	27214	G	C	22790	9597	49	16	16	33	0.000701324	22814	0.871963	FALSE	ORF6:cds-YP_009724394.1	GTT	V	CTT	L	5
NC_045512.2	27214	G	A	22790	9597	49	4	3	51	0.000175331	22814	0.0623877	FALSE	ORF6:cds-YP_009724394.1	GTT	V	ATT	I	5
NC_045512.2	27215	T	G	21854	8739	45	18	16	32	0.000822669	21880	0.738568	FALSE	ORF6:cds-YP_009724394.1	GTT	V	GGT	G	5
NC_045512.2	27215	T	C	21854	8739	45	6	6	34	0.000274223	21880	0.99924	FALSE	ORF6:cds-YP_009724394.1	GTT	V	GCT	A	5
NC_045512.2	27215	T	A	21854	8739	45	2	2	34	9.14077e-05	21880	0.999997	FALSE	ORF6:cds-YP_009724394.1	GTT	V	GAT	D	5
NC_045512.2	27216	T	G	22925	10385	51	5	5	34	0.00021795	22941	0.999845	FALSE	ORF6:cds-YP_009724394.1	GTT	V	GTG	V	5
NC_045512.2	27216	T	C	22925	10385	51	10	8	31	0.000435901	22941	0.989974	FALSE	ORF6:cds-YP_009724394.1	GTT	V	GTC	V	5
NC_045512.2	27216	T	A	22925	10385	51	1	1	34	4.35901e-05	22941	1	FALSE	ORF6:cds-YP_009724394.1	GTT	V	GTA	V	5
NC_045512.2	27217	G	T	23065	10404	51	22	21	32	0.000952835	23089	0.617004	FALSE	ORF6:cds-YP_009724394.1	GAC	D	TAC	Y	6
NC_045512.2	27217	G	C	23065	10404	51	1	1	34	4.33107e-05	23089	1	FALSE	ORF6:cds-YP_009724394.1	GAC	D	CAC	H	6
NC_045512.2	27217	G	A	23065	10404	51	1	1	24	4.33107e-05	23089	1	FALSE	ORF6:cds-YP_009724394.1	GAC	D	AAC	N	6
NC_045512.2	27218	A	T	23955	10562	50	8	8	33	0.000333584	23982	0.99833	FALSE	ORF6:cds-YP_009724394.1	GAC	D	GTC	V	6
NC_045512.2	27218	A	G	23955	10562	50	17	17	34	0.000708865	23982	0.865749	FALSE	ORF6:cds-YP_009724394.1	GAC	D	GGC	G	6
NC_045512.2	27218	A	C	23955	10562	50	2	2	27	8.33959e-05	23982	1	FALSE	ORF6:cds-YP_009724394.1	GAC	D	GCC	A	6
NC_045512.2	27219	C	T	24348	10779	51	7	7	34	0.000287191	24374	0.999559	FALSE	ORF6:cds-YP_009724394.1	GAC	D	GAT	D	6
NC_045512.2	27219	C	G	24348	10779	51	7	6	34	0.000287191	24374	0.999559	FALSE	ORF6:cds-YP_009724394.1	GAC	D	GAG	E	6
NC_045512.2	27219	C	A	24348	10779	51	12	12	32	0.000492328	24374	0.985562	FALSE	ORF6:cds-YP_009724394.1	GAC	D	GAA	E	6
NC_045512.2	27220	T	G	24385	10818	51	6	5	31	0.000245791	24411	0.999837	FALSE	ORF6:cds-YP_009724394.1	TTT	F	GTT	V	7
NC_045512.2	27220	T	C	24385	10818	51	14	14	33	0.000573512	24411	0.963469	FALSE	ORF6:cds-YP_009724394.1	TTT	F	CTT	L	7
NC_045512.2	27220	T	A	24385	10818	51	6	6	31	0.000245791	24411	0.999837	FALSE	ORF6:cds-YP_009724394.1	TTT	F	ATT	I	7
NC_045512.2	27221	T	C	24375	11003	51	8	7	33	0.000328017	24389	0.99895	FALSE	ORF6:cds-YP_009724394.1	TTT	F	TCT	S	7
NC_045512.2	27221	T	A	24375	11003	51	6	6	32	0.000246013	24389	0.999838	FALSE	ORF6:cds-YP_009724394.1	TTT	F	TAT	Y	7
NC_045512.2	27222	T	G	24539	11196	52	2	2	34	8.14564e-05	24553	1	FALSE	ORF6:cds-YP_009724394.1	TTT	F	TTG	L	7
NC_045512.2	27222	T	C	24539	11196	52	11	11	40	0.00044801	24553	0.0112177	FALSE	ORF6:cds-YP_009724394.1	TTT	F	TTC	F	7
NC_045512.2	27222	T	A	24539	11196	52	1	1	34	4.07282e-05	24553	1	FALSE	ORF6:cds-YP_009724394.1	TTT	F	TTA	L	7
NC_045512.2	27223	C	T	24425	11137	51	27	27	33	0.00110389	24459	0.38949	FALSE	ORF6:cds-YP_009724394.1	CAG	Q	TAG	*	8
NC_045512.2	27223	C	G	24425	11137	51	3	2	34	0.000122654	24459	0.999997	FALSE	ORF6:cds-YP_009724394.1	CAG	Q	GAG	E	8
NC_045512.2	27223	C	A	24425	11137	51	4	3	34	0.000163539	24459	0.999986	FALSE	ORF6:cds-YP_009724394.1	CAG	Q	AAG	K	8
NC_045512.2	27224	A	T	24279	11166	51	12	12	32	0.000493543	24314	0.985522	FALSE	ORF6:cds-YP_009724394.1	CAG	Q	CTG	L	8
NC_045512.2	27224	A	G	24279	11166	51	8	5	38	0.000329029	24314	0.998942	FALSE	ORF6:cds-YP_009724394.1	CAG	Q	CGG	R	8
NC_045512.2	27224	A	C	24279	11166	51	15	15	32	0.000616929	24314	0.945738	FALSE	ORF6:cds-YP_009724394.1	CAG	Q	CCG	P	8
NC_045512.2	27224	A	+G	24279	11166	51	1	0	20	4.11286e-05	24314	1	FALSE	NA	NA	NA	NA	NA	NA
NC_045512.2	27225	G	T	25692	11348	50	9	8	33	0.000349922	25720	0.998527	FALSE	ORF6:cds-YP_009724394.1	CAG	Q	CAT	H	8
NC_045512.2	27225	G	C	25692	11348	50	4	4	34	0.000155521	25720	0.999992	FALSE	ORF6:cds-YP_009724394.1	CAG	Q	CAC	H	8
NC_045512.2	27225	G	A	25692	11348	50	15	15	33	0.000583204	25720	0.959585	FALSE	ORF6:cds-YP_009724394.1	CAG	Q	CAA	Q	8
NC_045512.2	27226	G	T	25812	11506	51	3	3	34	0.00011614	25831	0.999998	FALSE	ORF6:cds-YP_009724394.1	GTT	V	TTT	F	9
NC_045512.2	27226	G	C	25812	11506	51	9	8	29	0.000348419	25831	1	FALSE	ORF6:cds-YP_009724394.1	GTT	V	CTT	L	9
NC_045512.2	27226	G	A	25812	11506	51	7	7	34	0.000270992	25831	0.999732	FALSE	ORF6:cds-YP_009724394.1	GTT	V	ATT	I	9
NC_045512.2	27227	T	G	25906	12069	52	22	21	32	0.000848242	25936	0.719744	FALSE	ORF6:cds-YP_009724394.1	GTT	V	GGT	G	9
NC_045512.2	27227	T	C	25906	12069	52	1	1	26	3.85564e-05	25936	1	FALSE	ORF6:cds-YP_009724394.1	GTT	V	GCT	A	9
NC_045512.2	27227	T	A	25906	12069	52	7	7	34	0.000269895	25936	0.999731	FALSE	ORF6:cds-YP_009724394.1	GTT	V	GAT	D	9
NC_045512.2	27228	T	G	26170	12357	52	10	10	33	0.000381913	26184	0.998037	FALSE	ORF6:cds-YP_009724394.1	GTT	V	GTG	V	9
NC_045512.2	27228	T	C	26170	12357	52	3	3	34	0.000114574	26184	0.999999	FALSE	ORF6:cds-YP_009724394.1	GTT	V	GTC	V	9
NC_045512.2	27228	T	A	26170	12357	52	1	1	34	3.81913e-05	26184	1	FALSE	ORF6:cds-YP_009724394.1	GTT	V	GTA	V	9
NC_045512.2	27229	A	T	26432	12461	51	23	23	33	0.000869007	26467	0.715508	FALSE	ORF6:cds-YP_009724394.1	ACT	T	TCT	S	10
NC_045512.2	27229	A	G	26432	12461	51	11	10	36	0.000415612	26467	0.996165	FALSE	ORF6:cds-YP_009724394.1	ACT	T	GCT	A	10
NC_045512.2	27229	A	C	26432	12461	51	1	1	34	3.77829e-05	26467	1	FALSE	ORF6:cds-YP_009724394.1	ACT	T	CCT	P	10
NC_045512.2	27230	C	T	29939	13443	52	16	16	33	0.000533654	29982	0.982058	FALSE	ORF6:cds-YP_009724394.1	ACT	T	ATT	I	10
NC_045512.2	27230	C	G	29939	13443	52	4	2	34	0.000133413	29982	0.999999	FALSE	ORF6:cds-YP_009724394.1	ACT	T	AGT	S	10
NC_045512.2	27230	C	A	29939	13443	52	23	21	32	0.000767127	29982	0.833659	FALSE	ORF6:cds-YP_009724394.1	ACT	T	AAT	N	10
NC_045512.2	27231	T	G	29856	13321	51	3	3	31	0.000100381	29886	1	FALSE	ORF6:cds-YP_009724394.1	ACT	T	ACG	T	10
NC_045512.2	27231	T	C	29856	13321	51	22	21	33	0.000736131	29886	0.868705	FALSE	ORF6:cds-YP_009724394.1	ACT	T	ACC	T	10
NC_045512.2	27231	T	A	29856	13321	51	5	5	32	0.000167302	29886	0.999997	FALSE	ORF6:cds-YP_009724394.1	ACT	T	ACA	T	10
NC_045512.2	27232	A	T	30130	13533	52	20	20	33	0.000663086	30162	0.940463	FALSE	ORF6:cds-YP_009724394.1	ATA	I	TTA	L	11
NC_045512.2	27232	A	G	30130	13533	52	4	2	42	0.000132617	30162	0.49951	FALSE	ORF6:cds-YP_009724394.1	ATA	I	GTA	V	11
NC_045512.2	27232	A	C	30130	13533	52	8	7	31	0.000265234	30162	0.999942	FALSE	ORF6:cds-YP_009724394.1	ATA	I	CTA	L	11
NC_045512.2	27233	T	G	30240	13601	52	4	2	34	0.000132113	30277	1	FALSE	ORF6:cds-YP_009724394.1	ATA	I	AGA	R	11
NC_045512.2	27233	T	C	30240	13601	52	12	10	34	0.00039634	30277	0.998549	FALSE	ORF6:cds-YP_009724394.1	ATA	I	ACA	T	11
NC_045512.2	27233	T	A	30240	13601	52	21	21	33	0.000693596	30277	0.919434	FALSE	ORF6:cds-YP_009724394.1	ATA	I	AAA	K	11
NC_045512.2	27234	A	T	29757	13241	52	28	28	32	0.000939818	29793	0.604022	FALSE	ORF6:cds-YP_009724394.1	ATA	I	ATT	I	11
NC_045512.2	27234	A	G	29757	13241	52	3	2	31	0.000100695	29793	1	FALSE	ORF6:cds-YP_009724394.1	ATA	I	ATG	M	11
NC_045512.2	27234	A	C	29757	13241	52	5	4	28	0.000167825	29793	1	FALSE	ORF6:cds-YP_009724394.1	ATA	I	ATC	I	11
NC_045512.2	27235	G	T	30130	13271	52	8	7	32	0.000265138	30173	0.999941	FALSE	ORF6:cds-YP_009724394.1	GCA	A	TCA	S	12
NC_045512.2	27235	G	C	30130	13271	52	4	4	34	0.000132569	30173	1	FALSE	ORF6:cds-YP_009724394.1	GCA	A	CCA	P	12
NC_045512.2	27235	G	A	30130	13271	52	31	28	32	0.00102741	30173	0.499429	FALSE	ORF6:cds-YP_009724394.1	GCA	A	ACA	T	12
NC_045512.2	27236	C	T	30164	13432	52	10	10	33	0.000331115	30201	0.999658	FALSE	ORF6:cds-YP_009724394.1	GCA	A	GTA	V	12
NC_045512.2	27236	C	G	30164	13432	52	19	19	32	0.000629118	30201	0.957167	FALSE	ORF6:cds-YP_009724394.1	GCA	A	GGA	G	12
NC_045512.2	27236	C	A	30164	13432	52	8	8	33	0.000264892	30201	0.999942	FALSE	ORF6:cds-YP_009724394.1	GCA	A	GAA	E	12
NC_045512.2	27237	A	T	30169	13298	52	2	2	34	6.62317e-05	30197	1	FALSE	ORF6:cds-YP_009724394.1	GCA	A	GCT	A	12
NC_045512.2	27237	A	G	30169	13298	52	9	7	40	0.000298043	30197	0.072834	FALSE	ORF6:cds-YP_009724394.1	GCA	A	GCG	A	12
NC_045512.2	27237	A	C	30169	13298	52	17	16	32	0.00056297	30197	0.979991	FALSE	ORF6:cds-YP_009724394.1	GCA	A	GCC	A	12
NC_045512.2	27238	G	T	30306	13399	52	2	2	34	6.59304e-05	30335	1	FALSE	ORF6:cds-YP_009724394.1	GAG	E	TAG	*	13
NC_045512.2	27238	G	C	30306	13399	52	6	6	32	0.000197791	30335	0.999994	FALSE	ORF6:cds-YP_009724394.1	GAG	E	CAG	Q	13
NC_045512.2	27238	G	A	30306	13399	52	21	21	34	0.00069227	30335	0.919575	FALSE	ORF6:cds-YP_009724394.1	GAG	E	AAG	K	13
NC_045512.2	27239	A	G	29674	12577	52	24	23	36	0.00080789	29707	0.794774	FALSE	ORF6:cds-YP_009724394.1	GAG	E	GGG	G	13
NC_045512.2	27239	A	C	29674	12577	52	9	8	33	0.000302959	29707	0.999763	FALSE	ORF6:cds-YP_009724394.1	GAG	E	GCG	A	13
NC_045512.2	27240	G	T	30372	12762	52	2	2	34	6.57851e-05	30402	1	FALSE	ORF6:cds-YP_009724394.1	GAG	E	GAT	D	13
NC_045512.2	27240	G	A	30372	12762	52	28	28	32	0.000920992	30402	0.653021	FALSE	ORF6:cds-YP_009724394.1	GAG	E	GAA	E	13
NC_045512.2	27241	A	T	29604	13050	51	5	4	37	0.000168708	29637	0.999997	FALSE	ORF6:cds-YP_009724394.1	ATA	I	TTA	L	14
NC_045512.2	27241	A	G	29604	13050	51	27	27	32	0.000911023	29637	0.655397	FALSE	ORF6:cds-YP_009724394.1	ATA	I	GTA	V	14
NC_045512.2	27241	A	C	29604	13050	51	1	0	27	3.37416e-05	29637	1	FALSE	ORF6:cds-YP_009724394.1	ATA	I	CTA	L	14
NC_045512.2	27242	T	G	30269	12826	51	7	6	31	0.000230977	30306	0.999979	FALSE	ORF6:cds-YP_009724394.1	ATA	I	AGA	R	14
NC_045512.2	27242	T	A	30269	12826	51	30	30	33	0.000989903	30306	0.55101	FALSE	ORF6:cds-YP_009724394.1	ATA	I	AAA	K	14
NC_045512.2	27243	A	T	30100	13048	52	18	18	31	0.000597352	30133	0.97021	FALSE	ORF6:cds-YP_009724394.1	ATA	I	ATT	I	14
NC_045512.2	27243	A	G	30100	13048	52	14	12	33	0.000464607	30133	0.995206	FALSE	ORF6:cds-YP_009724394.1	ATA	I	ATG	M	14
NC_045512.2	27243	A	C	30100	13048	52	1	1	34	3.31862e-05	30133	1	FALSE	ORF6:cds-YP_009724394.1	ATA	I	ATC	I	14
NC_045512.2	27244	T	G	30465	12966	52	2	0	30	6.55759e-05	30499	1	FALSE	ORF6:cds-YP_009724394.1	TTA	L	GTA	V	15
NC_045512.2	27244	T	C	30465	12966	52	4	2	41	0.000131152	30499	0.49948	FALSE	ORF6:cds-YP_009724394.1	TTA	L	CTA	L	15
NC_045512.2	27244	T	A	30465	12966	52	28	28	33	0.000918063	30499	0.652836	FALSE	ORF6:cds-YP_009724394.1	TTA	L	ATA	I	15
NC_045512.2	27245	T	G	30541	13072	53	2	0	26	6.54622e-05	30552	1	FALSE	ORF6:cds-YP_009724394.1	TTA	L	TGA	*	15
NC_045512.2	27245	T	C	30541	13072	53	4	2	48	0.000130924	30552	0.499893	FALSE	ORF6:cds-YP_009724394.1	TTA	L	TCA	S	15
NC_045512.2	27245	T	A	30541	13072	53	5	5	32	0.000163655	30552	0.999998	FALSE	ORF6:cds-YP_009724394.1	TTA	L	TAA	*	15
NC_045512.2	27245	T	-A	30541	13072	53	1	0	20	3.27311e-05	30552	1	FALSE	NA	NA	NA	NA	NA	NA
NC_045512.2	27246	A	T	30738	13000	53	25	25	33	0.000812585	30766	0.790623	FALSE	ORF6:cds-YP_009724394.1	TTA	L	TTT	F	15
NC_045512.2	27246	A	G	30738	13000	53	2	1	32	6.50068e-05	30766	1	FALSE	ORF6:cds-YP_009724394.1	TTA	L	TTG	L	15
NC_045512.2	27246	A	C	30738	13000	53	1	1	34	3.25034e-05	30766	1	FALSE	ORF6:cds-YP_009724394.1	TTA	L	TTC	F	15
NC_045512.2	27247	C	T	30756	13151	52	17	17	34	0.000552109	30791	0.979953	FALSE	ORF6:cds-YP_009724394.1	CTA	L	TTA	L	16
NC_045512.2	27247	C	A	30756	13151	52	18	17	32	0.000584586	30791	0.970196	FALSE	ORF6:cds-YP_009724394.1	CTA	L	ATA	I	16
NC_045512.2	27247	C	-TAA	30756	13151	52	1	0	20	3.2477e-05	30791	1	FALSE	NA	NA	NA	NA	NA	NA
NC_045512.2	27248	T	G	30683	13021	52	1	1	27	3.25606e-05	30712	1	FALSE	ORF6:cds-YP_009724394.1	CTA	L	CGA	R	16
NC_045512.2	27248	T	C	30683	13021	52	21	21	33	0.000683772	30712	0.919558	FALSE	ORF6:cds-YP_009724394.1	CTA	L	CCA	P	16
NC_045512.2	27248	T	A	30683	13021	52	7	7	32	0.000227924	30712	0.999979	FALSE	ORF6:cds-YP_009724394.1	CTA	L	CAA	Q	16
NC_045512.2	27248	T	-A	30683	13021	52	1	0	20	3.25595e-05	30713	1	FALSE	NA	NA	NA	NA	NA	NA
NC_045512.2	27249	A	T	30575	12839	53	21	20	35	0.000686073	30609	0.919453	FALSE	ORF6:cds-YP_009724394.1	CTA	L	CTT	L	16
NC_045512.2	27249	A	G	30575	12839	53	5	3	37	0.000163351	30609	0.999998	FALSE	ORF6:cds-YP_009724394.1	CTA	L	CTG	L	16
NC_045512.2	27249	A	C	30575	12839	53	8	7	32	0.000261361	30609	0.999942	FALSE	ORF6:cds-YP_009724394.1	CTA	L	CTC	L	16
NC_045512.2	27250	A	T	30283	12861	52	6	6	29	0.000197994	30304	1	FALSE	ORF6:cds-YP_009724394.1	ATT	I	TTT	F	17
NC_045512.2	27250	A	G	30283	12861	52	2	2	34	6.59979e-05	30304	1	FALSE	ORF6:cds-YP_009724394.1	ATT	I	GTT	V	17
NC_045512.2	27250	A	C	30283	12861	52	13	13	31	0.000428986	30304	0.9973	FALSE	ORF6:cds-YP_009724394.1	ATT	I	CTT	L	17
NC_045512.2	27251	T	G	30952	12970	52	1	1	34	3.22737e-05	30985	1	FALSE	ORF6:cds-YP_009724394.1	ATT	I	AGT	S	17
NC_045512.2	27251	T	C	30952	12970	52	4	1	31	0.000129095	30985	1	FALSE	ORF6:cds-YP_009724394.1	ATT	I	ACT	T	17
NC_045512.2	27251	T	A	30952	12970	52	28	26	32	0.000903663	30985	0.652884	FALSE	ORF6:cds-YP_009724394.1	ATT	I	AAT	N	17
NC_045512.2	27252	T	G	30516	12762	51	3	2	31	9.82383e-05	30538	1	FALSE	ORF6:cds-YP_009724394.1	ATT	I	ATG	M	17
NC_045512.2	27252	T	C	30516	12762	51	4	2	38	0.000130984	30538	1	FALSE	ORF6:cds-YP_009724394.1	ATT	I	ATC	I	17
NC_045512.2	27252	T	A	30516	12762	51	15	15	32	0.000491191	30538	0.991958	FALSE	ORF6:cds-YP_009724394.1	ATT	I	ATA	I	17
NC_045512.2	27253	A	T	31185	13160	53	21	21	32	0.000672818	31212	0.936834	FALSE	ORF6:cds-YP_009724394.1	ATT	I	TTT	F	18
NC_045512.2	27253	A	G	31185	13160	53	5	5	39	0.000160195	31212	0.999999	FALSE	ORF6:cds-YP_009724394.1	ATT	I	GTT	V	18
NC_045512.2	27253	A	C	31185	13160	53	1	1	34	3.2039e-05	31212	1	FALSE	ORF6:cds-YP_009724394.1	ATT	I	CTT	L	18
NC_045512.2	27254	T	G	30924	12973	52	4	1	30	0.000129224	30954	1	FALSE	ORF6:cds-YP_009724394.1	ATT	I	AGT	S	18
NC_045512.2	27254	T	C	30924	12973	52	3	2	31	9.6918e-05	30954	1	FALSE	ORF6:cds-YP_009724394.1	ATT	I	ACT	T	18
NC_045512.2	27254	T	A	30924	12973	52	23	22	32	0.000743038	30954	0.864109	FALSE	ORF6:cds-YP_009724394.1	ATT	I	AAT	N	18
NC_045512.2	27255	T	G	30807	13012	52	2	1	30	6.4895e-05	30819	1	FALSE	ORF6:cds-YP_009724394.1	ATT	I	ATG	M	18
NC_045512.2	27255	T	C	30807	13012	52	4	3	51	0.00012979	30819	0.0624655	FALSE	ORF6:cds-YP_009724394.1	ATT	I	ATC	I	18
NC_045512.2	27255	T	A	30807	13012	52	6	6	34	0.000194685	30819	0.999994	FALSE	ORF6:cds-YP_009724394.1	ATT	I	ATA	I	18
NC_045512.2	27256	A	T	31065	13279	52	28	28	33	0.000900322	31100	0.698366	FALSE	ORF6:cds-YP_009724394.1	ATG	M	TTG	L	19
NC_045512.2	27256	A	G	31065	13279	52	6	3	37	0.000192926	31100	0.999996	FALSE	ORF6:cds-YP_009724394.1	ATG	M	GTG	V	19
NC_045512.2	27256	A	C	31065	13279	52	1	1	34	3.21543e-05	31100	1	FALSE	ORF6:cds-YP_009724394.1	ATG	M	CTG	L	19
NC_045512.2	27257	T	C	31038	13245	52	2	2	29	6.43874e-05	31062	1	FALSE	ORF6:cds-YP_009724394.1	ATG	M	ACG	T	19
NC_045512.2	27257	T	A	31038	13245	52	22	22	33	0.000708261	31062	0.915584	FALSE	ORF6:cds-YP_009724394.1	ATG	M	AAG	K	19
NC_045512.2	27258	G	T	30958	13298	53	31	31	32	0.00100006	30998	0.499596	FALSE	ORF6:cds-YP_009724394.1	ATG	M	ATT	I	19
NC_045512.2	27258	G	C	30958	13298	53	3	3	34	9.67804e-05	30998	1	FALSE	ORF6:cds-YP_009724394.1	ATG	M	ATC	I	19
NC_045512.2	27258	G	A	30958	13298	53	6	5	39	0.000193561	30998	0.999993	FALSE	ORF6:cds-YP_009724394.1	ATG	M	ATA	I	19
NC_045512.2	27259	A	T	11	8	31	14	13	37	0.000453588	30865	6.16186e-35	TRUE	ORF6:cds-YP_009724394.1	AGG	R	TGG	W	20
NC_045512.2	27259	A	G	11	8	31	20	19	33	0.000647983	30865	1.54042e-50	TRUE	ORF6:cds-YP_009724394.1	AGG	R	GGG	G	20
NC_045512.2	27259	A	C	11	8	31	30820	13287	52	0.998542	30865	0	TRUE	ORF6:cds-YP_009724394.1	AGG	R	CGG	R	20
NC_045512.2	27260	G	T	30715	13025	52	12	12	34	0.000390244	30750	0.99855	FALSE	ORF6:cds-YP_009724394.1	AGG	R	ATG	M	20
NC_045512.2	27260	G	C	30715	13025	52	21	21	32	0.000682927	30750	0.919471	FALSE	ORF6:cds-YP_009724394.1	AGG	R	ACG	T	20
NC_045512.2	27260	G	A	30715	13025	52	2	2	34	6.50407e-05	30750	1	FALSE	ORF6:cds-YP_009724394.1	AGG	R	AAG	K	20
NC_045512.2	27261	G	T	30826	13103	52	4	4	32	0.00012971	30838	1	FALSE	ORF6:cds-YP_009724394.1	AGG	R	AGT	S	20
NC_045512.2	27261	G	C	30826	13103	52	4	4	34	0.00012971	30838	1	FALSE	ORF6:cds-YP_009724394.1	AGG	R	AGC	S	20
NC_045512.2	27261	G	A	30826	13103	52	4	3	49	0.00012971	30838	0.499876	FALSE	ORF6:cds-YP_009724394.1	AGG	R	AGA	R	20
NC_045512.2	27262	A	T	30701	13215	52	3	3	31	9.75737e-05	30746	1	FALSE	ORF6:cds-YP_009724394.1	ACT	T	TCT	S	21
NC_045512.2	27262	A	G	30701	13215	52	32	28	32	0.00104079	30746	0.448902	FALSE	ORF6:cds-YP_009724394.1	ACT	T	GCT	A	21
NC_045512.2	27262	A	C	30701	13215	52	10	10	31	0.000325246	30746	0.999657	FALSE	ORF6:cds-YP_009724394.1	ACT	T	CCT	P	21
NC_045512.2	27263	C	T	33621	13705	52	3	3	34	8.91345e-05	33657	1	FALSE	ORF6:cds-YP_009724394.1	ACT	T	ATT	I	21
NC_045512.2	27263	C	G	33621	13705	52	11	11	31	0.000326827	33657	0.999805	FALSE	ORF6:cds-YP_009724394.1	ACT	T	AGT	S	21
NC_045512.2	27263	C	A	33621	13705	52	22	22	33	0.000653653	33657	0.947523	FALSE	ORF6:cds-YP_009724394.1	ACT	T	AAT	N	21
NC_045512.2	27264	T	G	33690	13766	52	14	9	31	0.000415061	33730	0.998449	FALSE	ORF6:cds-YP_009724394.1	ACT	T	ACG	T	21
NC_045512.2	27264	T	C	33690	13766	52	21	20	32	0.000622591	33730	0.961944	FALSE	ORF6:cds-YP_009724394.1	ACT	T	ACC	T	21
NC_045512.2	27264	T	A	33690	13766	52	5	5	34	0.000148236	33730	1	FALSE	ORF6:cds-YP_009724394.1	ACT	T	ACA	T	21
NC_045512.2	27265	T	G	33283	13424	50	2	1	34	6.00492e-05	33306	1	FALSE	ORF6:cds-YP_009724394.1	TTT	F	GTT	V	22
NC_045512.2	27265	T	C	33283	13424	50	10	9	40	0.000300246	33306	0.046064	FALSE	ORF6:cds-YP_009724394.1	TTT	F	CTT	L	22
NC_045512.2	27265	T	A	33283	13424	50	11	10	31	0.000330271	33306	0.999806	FALSE	ORF6:cds-YP_009724394.1	TTT	F	ATT	I	22
NC_045512.2	27266	T	G	33606	13811	52	3	2	31	8.92326e-05	33620	1	FALSE	ORF6:cds-YP_009724394.1	TTT	F	TGT	C	22
NC_045512.2	27266	T	C	33606	13811	52	10	9	31	0.000297442	33620	0.999915	FALSE	ORF6:cds-YP_009724394.1	TTT	F	TCT	S	22
NC_045512.2	27266	T	A	33606	13811	52	1	1	34	2.97442e-05	33620	1	FALSE	ORF6:cds-YP_009724394.1	TTT	F	TAT	Y	22
NC_045512.2	27267	T	G	33605	14035	52	1	0	26	2.97504e-05	33613	1	FALSE	ORF6:cds-YP_009724394.1	TTT	F	TTG	L	22
NC_045512.2	27267	T	C	33605	14035	52	4	3	42	0.000119002	33613	0.499951	FALSE	ORF6:cds-YP_009724394.1	TTT	F	TTC	F	22
NC_045512.2	27267	T	A	33605	14035	52	3	3	34	8.92512e-05	33613	1	FALSE	ORF6:cds-YP_009724394.1	TTT	F	TTA	L	22
NC_045512.2	27268	A	T	33675	14083	52	35	34	33	0.00103814	33714	0.451628	FALSE	ORF6:cds-YP_009724394.1	AAA	K	TAA	*	23
NC_045512.2	27268	A	G	33675	14083	52	2	2	34	5.93225e-05	33714	1	FALSE	ORF6:cds-YP_009724394.1	AAA	K	GAA	E	23
NC_045512.2	27268	A	C	33675	14083	52	2	1	34	5.93225e-05	33714	1	FALSE	ORF6:cds-YP_009724394.1	AAA	K	CAA	Q	23
NC_045512.2	27269	A	T	33578	14116	52	16	16	32	0.00047619	33600	0.995306	FALSE	ORF6:cds-YP_009724394.1	AAA	K	ATA	I	23
NC_045512.2	27269	A	G	33578	14116	52	3	3	31	8.92857e-05	33600	1	FALSE	ORF6:cds-YP_009724394.1	AAA	K	AGA	R	23
NC_045512.2	27269	A	C	33578	14116	52	3	3	31	8.92857e-05	33600	1	FALSE	ORF6:cds-YP_009724394.1	AAA	K	ACA	T	23
NC_045512.2	27270	A	T	33434	14133	52	14	14	33	0.000418485	33454	0.998459	FALSE	ORF6:cds-YP_009724394.1	AAA	K	AAT	N	23
NC_045512.2	27270	A	G	33434	14133	52	5	5	34	0.000149459	33454	1	FALSE	ORF6:cds-YP_009724394.1	AAA	K	AAG	K	23
NC_045512.2	27270	A	C	33434	14133	52	1	1	34	2.98918e-05	33454	1	FALSE	ORF6:cds-YP_009724394.1	AAA	K	AAC	N	23
NC_045512.2	27271	G	T	33713	14121	52	3	3	34	8.88784e-05	33754	1	FALSE	ORF6:cds-YP_009724394.1	GTT	V	TTT	F	24
NC_045512.2	27271	G	C	33713	14121	52	2	2	30	5.92522e-05	33754	1	FALSE	ORF6:cds-YP_009724394.1	GTT	V	CTT	L	24
NC_045512.2	27271	G	A	33713	14121	52	36	36	32	0.00106654	33754	0.404735	FALSE	ORF6:cds-YP_009724394.1	GTT	V	ATT	I	24
NC_045512.2	27272	T	G	31411	12514	51	24	21	33	0.000762801	31463	0.859088	FALSE	ORF6:cds-YP_009724394.1	GTT	V	GGT	G	24
NC_045512.2	27272	T	C	31411	12514	51	12	11	45	0.0003814	31463	0.0174645	FALSE	ORF6:cds-YP_009724394.1	GTT	V	GCT	A	24
NC_045512.2	27272	T	A	31411	12514	51	16	16	33	0.000508534	31463	0.990614	FALSE	ORF6:cds-YP_009724394.1	GTT	V	GAT	D	24
NC_045512.2	27273	T	G	31680	12806	52	6	6	31	0.000189233	31707	0.999996	FALSE	ORF6:cds-YP_009724394.1	GTT	V	GTG	V	24
NC_045512.2	27273	T	C	31680	12806	52	7	4	47	0.000220771	31707	0.17161	FALSE	ORF6:cds-YP_009724394.1	GTT	V	GTC	V	24
NC_045512.2	27273	T	A	31680	12806	52	14	14	32	0.000441543	31707	0.996692	FALSE	ORF6:cds-YP_009724394.1	GTT	V	GTA	V	24
NC_045512.2	27274	T	G	31719	12852	53	11	11	34	0.000346588	31738	0.99953	FALSE	ORF6:cds-YP_009724394.1	TCC	S	GCC	A	25
NC_045512.2	27274	T	C	31719	12852	53	6	5	44	0.000189048	31738	0.253705	FALSE	ORF6:cds-YP_009724394.1	TCC	S	CCC	P	25
NC_045512.2	27274	T	A	31719	12852	53	2	2	34	6.30159e-05	31738	1	FALSE	ORF6:cds-YP_009724394.1	TCC	S	ACC	T	25
NC_045512.2	27275	C	T	31620	12824	52	41	41	33	0.00129472	31667	0.144102	FALSE	ORF6:cds-YP_009724394.1	TCC	S	TTC	F	25
NC_045512.2	27275	C	G	31620	12824	52	3	3	31	9.47358e-05	31667	1	FALSE	ORF6:cds-YP_009724394.1	TCC	S	TGC	C	25
NC_045512.2	27275	C	A	31620	12824	52	3	3	29	9.47358e-05	31667	1	FALSE	ORF6:cds-YP_009724394.1	TCC	S	TAC	Y	25
NC_045512.2	27276	C	T	31687	13015	53	18	17	32	0.000567555	31715	0.977796	FALSE	ORF6:cds-YP_009724394.1	TCC	S	TCT	S	25
NC_045512.2	27276	C	G	31687	13015	53	2	1	30	6.30616e-05	31715	1	FALSE	ORF6:cds-YP_009724394.1	TCC	S	TCG	S	25
NC_045512.2	27276	C	A	31687	13015	53	8	8	34	0.000252247	31715	0.999965	FALSE	ORF6:cds-YP_009724394.1	TCC	S	TCA	S	25
NC_045512.2	27277	A	T	31470	13436	53	13	13	36	0.000412515	31514	0.998159	FALSE	ORF6:cds-YP_009724394.1	ATT	I	TTT	F	26
NC_045512.2	27277	A	G	31470	13436	53	6	4	39	0.000190392	31514	0.999996	FALSE	ORF6:cds-YP_009724394.1	ATT	I	GTT	V	26
NC_045512.2	27277	A	C	31470	13436	53	25	25	33	0.000793298	31514	0.824713	FALSE	ORF6:cds-YP_009724394.1	ATT	I	CTT	L	26
NC_045512.2	27278	T	G	31526	13672	53	6	1	32	0.00019	31579	0.999996	FALSE	ORF6:cds-YP_009724394.1	ATT	I	AGT	S	26
NC_045512.2	27278	T	C	31526	13672	53	17	17	36	0.000538332	31579	0.985235	FALSE	ORF6:cds-YP_009724394.1	ATT	I	ACT	T	26
NC_045512.2	27278	T	A	31526	13672	53	30	30	33	0.000949998	31579	0.599916	FALSE	ORF6:cds-YP_009724394.1	ATT	I	AAT	N	26
NC_045512.2	27279	T	G	31718	13741	53	7	6	32	0.000220528	31742	0.999988	FALSE	ORF6:cds-YP_009724394.1	ATT	I	ATG	M	26
NC_045512.2	27279	T	C	31718	13741	53	11	10	37	0.000346544	31742	0.999529	FALSE	ORF6:cds-YP_009724394.1	ATT	I	ATC	I	26
NC_045512.2	27279	T	A	31718	13741	53	6	6	34	0.000189024	31742	0.999996	FALSE	ORF6:cds-YP_009724394.1	ATT	I	ATA	I	26
NC_045512.2	27280	T	G	31792	13842	54	1	1	34	3.14367e-05	31810	1	FALSE	ORF6:cds-YP_009724394.1	TGG	W	GGG	G	27
NC_045512.2	27280	T	C	31792	13842	54	3	3	31	9.431e-05	31810	1	FALSE	ORF6:cds-YP_009724394.1	TGG	W	CGG	R	27
NC_045512.2	27280	T	A	31792	13842	54	14	14	32	0.000440113	31810	0.996702	FALSE	ORF6:cds-YP_009724394.1	TGG	W	AGG	R	27
NC_045512.2	27281	G	T	31737	13775	54	38	38	32	0.00119568	31781	0.234862	FALSE	ORF6:cds-YP_009724394.1	TGG	W	TTG	L	27
NC_045512.2	27281	G	A	31737	13775	54	6	6	34	0.000188792	31781	0.999996	FALSE	ORF6:cds-YP_009724394.1	TGG	W	TAG	*	27
NC_045512.2	27282	G	T	31789	13888	54	18	18	33	0.000565789	31814	0.977814	FALSE	ORF6:cds-YP_009724394.1	TGG	W	TGT	C	27
NC_045512.2	27282	G	C	31789	13888	54	2	2	30	6.28654e-05	31814	1	FALSE	ORF6:cds-YP_009724394.1	TGG	W	TGC	C	27
NC_045512.2	27282	G	A	31789	13888	54	5	4	47	0.000157164	31814	0.362946	FALSE	ORF6:cds-YP_009724394.1	TGG	W	TGA	*	27
NC_045512.2	27283	A	T	31812	13969	54	13	13	33	0.000408035	31860	0.998156	FALSE	ORF6:cds-YP_009724394.1	AAT	N	TAT	Y	28
NC_045512.2	27283	A	G	31812	13969	54	33	28	33	0.00103578	31860	0.449603	FALSE	ORF6:cds-YP_009724394.1	AAT	N	GAT	D	28
NC_045512.2	27283	A	C	31812	13969	54	2	2	34	6.27746e-05	31860	1	FALSE	ORF6:cds-YP_009724394.1	AAT	N	CAT	H	28
NC_045512.2	27284	A	T	32102	14095	54	3	3	34	9.33765e-05	32128	1	FALSE	ORF6:cds-YP_009724394.1	AAT	N	ATT	I	28
NC_045512.2	27284	A	G	32102	14095	54	21	21	32	0.000653635	32128	0.950838	FALSE	ORF6:cds-YP_009724394.1	AAT	N	AGT	S	28
NC_045512.2	27284	A	C	32102	14095	54	2	2	34	6.2251e-05	32128	1	FALSE	ORF6:cds-YP_009724394.1	AAT	N	ACT	T	28
NC_045512.2	27285	T	G	31772	13700	52	13	11	31	0.000408484	31825	0.998153	FALSE	ORF6:cds-YP_009724394.1	AAT	N	AAG	K	28
NC_045512.2	27285	T	C	31772	13700	52	5	3	49	0.000157109	31825	0.362465	FALSE	ORF6:cds-YP_009724394.1	AAT	N	AAC	N	28
NC_045512.2	27285	T	A	31772	13700	52	35	35	33	0.00109976	31825	0.355232	FALSE	ORF6:cds-YP_009724394.1	AAT	N	AAA	K	28
NC_045512.2	27286	C	T	32431	14333	54	24	24	31	0.000738894	32481	0.885138	FALSE	ORF6:cds-YP_009724394.1	CTT	L	TTT	F	29
NC_045512.2	27286	C	G	32431	14333	54	4	0	32	0.000123149	32481	1	FALSE	ORF6:cds-YP_009724394.1	CTT	L	GTT	V	29
NC_045512.2	27286	C	A	32431	14333	54	22	22	32	0.000677319	32481	0.932847	FALSE	ORF6:cds-YP_009724394.1	CTT	L	ATT	I	29
NC_045512.2	27287	T	G	32452	14491	54	2	2	30	6.15479e-05	32495	1	FALSE	ORF6:cds-YP_009724394.1	CTT	L	CGT	R	29
NC_045512.2	27287	T	C	32452	14491	54	26	24	36	0.000800123	32495	0.820544	FALSE	ORF6:cds-YP_009724394.1	CTT	L	CCT	P	29
NC_045512.2	27287	T	A	32452	14491	54	15	15	32	0.000461609	32495	0.996006	FALSE	ORF6:cds-YP_009724394.1	CTT	L	CAT	H	29
NC_045512.2	27288	T	G	32714	14553	54	3	1	31	9.16422e-05	32736	1	FALSE	ORF6:cds-YP_009724394.1	CTT	L	CTG	L	29
NC_045512.2	27288	T	C	32714	14553	54	14	13	38	0.000427664	32736	0.997735	FALSE	ORF6:cds-YP_009724394.1	CTT	L	CTC	L	29
NC_045512.2	27288	T	A	32714	14553	54	5	5	32	0.000152737	32736	0.999999	FALSE	ORF6:cds-YP_009724394.1	CTT	L	CTA	L	29
NC_045512.2	27289	G	T	32783	14467	54	34	32	34	0.00103548	32835	0.450218	FALSE	ORF6:cds-YP_009724394.1	GAT	D	TAT	Y	30
NC_045512.2	27289	G	C	32783	14467	54	12	12	33	0.000365464	32835	0.999364	FALSE	ORF6:cds-YP_009724394.1	GAT	D	CAT	H	30
NC_045512.2	27289	G	A	32783	14467	54	6	5	34	0.000182732	32835	0.999998	FALSE	ORF6:cds-YP_009724394.1	GAT	D	AAT	N	30
NC_045512.2	27290	A	T	32774	14555	54	18	18	32	0.000548546	32814	0.983521	FALSE	ORF6:cds-YP_009724394.1	GAT	D	GTT	V	30
NC_045512.2	27290	A	G	32774	14555	54	20	20	32	0.000609496	32814	0.964696	FALSE	ORF6:cds-YP_009724394.1	GAT	D	GGT	G	30
NC_045512.2	27290	A	C	32774	14555	54	2	1	30	6.09496e-05	32814	1	FALSE	ORF6:cds-YP_009724394.1	GAT	D	GCT	A	30
NC_045512.2	27291	T	G	32790	14761	54	7	7	33	0.000213259	32824	0.999993	FALSE	ORF6:cds-YP_009724394.1	GAT	D	GAG	E	30
NC_045512.2	27291	T	C	32790	14761	54	4	4	30	0.000121862	32824	1	FALSE	ORF6:cds-YP_009724394.1	GAT	D	GAC	D	30
NC_045512.2	27291	T	A	32790	14761	54	23	23	32	0.000700707	32824	0.911408	FALSE	ORF6:cds-YP_009724394.1	GAT	D	GAA	E	30
NC_045512.2	27292	T	G	32832	14808	54	15	12	29	0.000456482	32860	1	FALSE	ORF6:cds-YP_009724394.1	TAC	Y	GAC	D	31
NC_045512.2	27292	T	C	32832	14808	54	3	2	38	9.12964e-05	32860	1	FALSE	ORF6:cds-YP_009724394.1	TAC	Y	CAC	H	31
NC_045512.2	27292	T	A	32832	14808	54	10	10	34	0.000304321	32860	0.999864	FALSE	ORF6:cds-YP_009724394.1	TAC	Y	AAC	N	31
NC_045512.2	27293	A	T	32287	14707	54	30	29	33	0.000928247	32319	0.648254	FALSE	ORF6:cds-YP_009724394.1	TAC	Y	TTC	F	31
NC_045512.2	27293	A	G	32287	14707	54	1	0	68	3.09416e-05	32319	0.499768	FALSE	ORF6:cds-YP_009724394.1	TAC	Y	TGC	C	31
NC_045512.2	27293	A	C	32287	14707	54	1	1	34	3.09416e-05	32319	1	FALSE	ORF6:cds-YP_009724394.1	TAC	Y	TCC	S	31
NC_045512.2	27294	C	T	32387	14745	53	22	21	33	0.000678196	32439	0.932817	FALSE	ORF6:cds-YP_009724394.1	TAC	Y	TAT	Y	31
NC_045512.2	27294	C	G	32387	14745	53	5	2	28	0.000154135	32439	1	FALSE	ORF6:cds-YP_009724394.1	TAC	Y	TAG	*	31
NC_045512.2	27294	C	A	32387	14745	53	25	25	33	0.000770677	32439	0.854793	FALSE	ORF6:cds-YP_009724394.1	TAC	Y	TAA	*	31
NC_045512.2	27295	A	T	32774	14590	54	16	15	33	0.000487552	32817	0.993324	FALSE	ORF6:cds-YP_009724394.1	ATC	I	TTC	F	32
NC_045512.2	27295	A	G	32774	14590	54	9	5	38	0.000274248	32817	0.999943	FALSE	ORF6:cds-YP_009724394.1	ATC	I	GTC	V	32
NC_045512.2	27295	A	C	32774	14590	54	18	18	33	0.000548496	32817	0.983508	FALSE	ORF6:cds-YP_009724394.1	ATC	I	CTC	L	32
NC_045512.2	27295	A	+G	32774	14590	54	1	0	20	3.0472e-05	32817	1	FALSE	NA	NA	NA	NA	NA	NA
NC_045512.2	27296	T	G	34754	14762	53	5	2	29	0.000143678	34800	1	FALSE	ORF6:cds-YP_009724394.1	ATC	I	AGC	S	32
NC_045512.2	27296	T	C	34754	14762	53	11	9	37	0.000316092	34800	0.999875	FALSE	ORF6:cds-YP_009724394.1	ATC	I	ACC	T	32
NC_045512.2	27296	T	A	34754	14762	53	30	30	32	0.000862069	34800	0.733372	FALSE	ORF6:cds-YP_009724394.1	ATC	I	AAC	N	32
NC_045512.2	27297	C	T	34379	14728	54	27	26	34	0.000784337	34424	0.846812	FALSE	ORF6:cds-YP_009724394.1	ATC	I	ATT	I	32
NC_045512.2	27297	C	G	34379	14728	54	4	4	34	0.000116198	34424	1	FALSE	ORF6:cds-YP_009724394.1	ATC	I	ATG	M	32
NC_045512.2	27297	C	A	34379	14728	54	14	11	33	0.000406693	34424	0.998949	FALSE	ORF6:cds-YP_009724394.1	ATC	I	ATA	I	32
NC_045512.2	27298	A	T	34436	14772	54	9	9	34	0.000261081	34472	0.999979	FALSE	ORF6:cds-YP_009724394.1	ATA	I	TTA	L	33
NC_045512.2	27298	A	G	34436	14772	54	2	1	51	5.80181e-05	34472	0.249757	FALSE	ORF6:cds-YP_009724394.1	ATA	I	GTA	V	33
NC_045512.2	27298	A	C	34436	14772	54	25	25	33	0.000725226	34472	0.903641	FALSE	ORF6:cds-YP_009724394.1	ATA	I	CTA	L	33
NC_045512.2	27299	T	G	34395	14876	54	1	1	34	2.90436e-05	34431	1	FALSE	ORF6:cds-YP_009724394.1	ATA	I	AGA	R	33
NC_045512.2	27299	T	C	34395	14876	54	8	8	34	0.000232349	34431	0.999992	FALSE	ORF6:cds-YP_009724394.1	ATA	I	ACA	T	33
NC_045512.2	27299	T	A	34395	14876	54	27	26	33	0.000784177	34431	0.847054	FALSE	ORF6:cds-YP_009724394.1	ATA	I	AAA	K	33
NC_045512.2	27300	A	T	34285	14892	54	25	25	33	0.000728311	34326	0.903545	FALSE	ORF6:cds-YP_009724394.1	ATA	I	ATT	I	33
NC_045512.2	27300	A	G	34285	14892	54	2	0	34	5.82649e-05	34326	1	FALSE	ORF6:cds-YP_009724394.1	ATA	I	ATG	M	33
NC_045512.2	27300	A	C	34285	14892	54	14	14	31	0.000407854	34326	0.998951	FALSE	ORF6:cds-YP_009724394.1	ATA	I	ATC	I	33
NC_045512.2	27301	A	T	34217	14961	54	14	13	32	0.000408926	34236	0.998958	FALSE	ORF6:cds-YP_009724394.1	AAC	N	TAC	Y	34
NC_045512.2	27301	A	G	34217	14961	54	4	3	50	0.000116836	34236	0.0624434	FALSE	ORF6:cds-YP_009724394.1	AAC	N	GAC	D	34
NC_045512.2	27301	A	C	34217	14961	54	1	1	34	2.9209e-05	34236	1	FALSE	ORF6:cds-YP_009724394.1	AAC	N	CAC	H	34
NC_045512.2	27302	A	T	30565	15124	48	14	14	33	0.000457696	30588	0.995221	FALSE	ORF6:cds-YP_009724394.1	AAC	N	ATC	I	34
NC_045512.2	27302	A	G	30565	15124	48	5	4	32	0.000163463	30588	0.999998	FALSE	ORF6:cds-YP_009724394.1	AAC	N	AGC	S	34
NC_045512.2	27302	A	C	30565	15124	48	4	0	28	0.00013077	30588	1	FALSE	ORF6:cds-YP_009724394.1	AAC	N	ACC	T	34
NC_045512.2	27303	C	T	34377	14941	53	5	5	32	0.00014526	34421	1	FALSE	ORF6:cds-YP_009724394.1	AAC	N	AAT	N	34
NC_045512.2	27303	C	G	34377	14941	53	1	0	34	2.9052e-05	34421	1	FALSE	ORF6:cds-YP_009724394.1	AAC	N	AAG	K	34
NC_045512.2	27303	C	A	34377	14941	53	38	38	33	0.00110398	34421	0.361673	FALSE	ORF6:cds-YP_009724394.1	AAC	N	AAA	K	34
NC_045512.2	27304	C	T	33540	14507	53	6	5	37	0.000178742	33568	0.999999	FALSE	ORF6:cds-YP_009724394.1	CTC	L	TTC	F	35
NC_045512.2	27304	C	G	33540	14507	53	3	1	31	8.93708e-05	33568	1	FALSE	ORF6:cds-YP_009724394.1	CTC	L	GTC	V	35
NC_045512.2	27304	C	A	33540	14507	53	19	18	34	0.000566015	33568	0.981756	FALSE	ORF6:cds-YP_009724394.1	CTC	L	ATC	I	35
NC_045512.2	27305	T	G	31732	13160	54	3	2	45	9.4396e-05	31781	0.655593	FALSE	ORF6:cds-YP_009724394.1	CTC	L	CGC	R	35
NC_045512.2	27305	T	C	31732	13160	54	35	31	38	0.00110129	31781	0.355422	FALSE	ORF6:cds-YP_009724394.1	CTC	L	CCC	P	35
NC_045512.2	27305	T	A	31732	13160	54	11	11	34	0.000346119	31781	0.999525	FALSE	ORF6:cds-YP_009724394.1	CTC	L	CAC	H	35
NC_045512.2	27306	C	T	31686	13143	54	25	25	33	0.000788171	31719	0.825052	FALSE	ORF6:cds-YP_009724394.1	CTC	L	CTT	L	35
NC_045512.2	27306	C	A	31686	13143	54	8	8	34	0.000252215	31719	0.999965	FALSE	ORF6:cds-YP_009724394.1	CTC	L	CTA	L	35
NC_045512.2	27307	A	T	31776	13190	54	7	7	31	0.000219987	31820	0.999988	FALSE	ORF6:cds-YP_009724394.1	ATA	I	TTA	L	36
NC_045512.2	27307	A	G	31776	13190	54	5	2	51	0.000157134	31820	0.0311518	FALSE	ORF6:cds-YP_009724394.1	ATA	I	GTA	V	36
NC_045512.2	27307	A	C	31776	13190	54	32	32	33	0.00100566	31820	0.49945	FALSE	ORF6:cds-YP_009724394.1	ATA	I	CTA	L	36
NC_045512.2	27308	T	G	31609	13153	54	1	0	27	3.16046e-05	31641	1	FALSE	ORF6:cds-YP_009724394.1	ATA	I	AGA	R	36
NC_045512.2	27308	T	C	31609	13153	54	7	6	32	0.000221232	31641	0.999988	FALSE	ORF6:cds-YP_009724394.1	ATA	I	ACA	T	36
NC_045512.2	27308	T	A	31609	13153	54	24	24	33	0.00075851	31641	0.859617	FALSE	ORF6:cds-YP_009724394.1	ATA	I	AAA	K	36
NC_045512.2	27308	T	-A	31609	13153	54	1	0	20	3.16046e-05	31641	1	FALSE	NA	NA	NA	NA	NA	NA
NC_045512.2	27309	A	T	31782	13632	55	29	29	33	0.000911405	31819	0.650264	FALSE	ORF6:cds-YP_009724394.1	ATA	I	ATT	I	36
NC_045512.2	27309	A	G	31782	13632	55	1	0	34	3.14278e-05	31819	1	FALSE	ORF6:cds-YP_009724394.1	ATA	I	ATG	M	36
NC_045512.2	27309	A	C	31782	13632	55	7	7	34	0.000219994	31819	0.999988	FALSE	ORF6:cds-YP_009724394.1	ATA	I	ATC	I	36
NC_045512.2	27310	A	T	31996	13831	55	9	9	32	0.000281153	32011	0.999944	FALSE	ORF6:cds-YP_009724394.1	ATT	I	TTT	F	37
NC_045512.2	27310	A	G	31996	13831	55	6	3	34	0.000187436	32011	0.999998	FALSE	ORF6:cds-YP_009724394.1	ATT	I	GTT	V	37
NC_045512.2	27311	T	G	31761	13770	55	5	1	29	0.000157243	31798	1	FALSE	ORF6:cds-YP_009724394.1	ATT	I	AGT	S	37
NC_045512.2	27311	T	C	31761	13770	55	6	0	43	0.000188691	31798	0.253426	FALSE	ORF6:cds-YP_009724394.1	ATT	I	ACT	T	37
NC_045512.2	27311	T	A	31761	13770	55	26	26	33	0.000817661	31798	0.786236	FALSE	ORF6:cds-YP_009724394.1	ATT	I	AAT	N	37
NC_045512.2	27312	T	G	31378	13639	55	3	2	34	9.55414e-05	31400	1	FALSE	ORF6:cds-YP_009724394.1	ATT	I	ATG	M	37
NC_045512.2	27312	T	C	31378	13639	55	3	2	34	9.55414e-05	31400	1	FALSE	ORF6:cds-YP_009724394.1	ATT	I	ATC	I	37
NC_045512.2	27312	T	A	31378	13639	55	16	16	33	0.000509554	31400	0.990696	FALSE	ORF6:cds-YP_009724394.1	ATT	I	ATA	I	37
NC_045512.2	27313	A	T	31378	13539	55	28	28	33	0.000891407	31411	0.698453	FALSE	ORF6:cds-YP_009724394.1	AAA	K	TAA	*	38
NC_045512.2	27313	A	G	31378	13539	55	4	2	31	0.000127344	31411	1	FALSE	ORF6:cds-YP_009724394.1	AAA	K	GAA	E	38
NC_045512.2	27313	A	C	31378	13539	55	1	1	34	3.1836e-05	31411	1	FALSE	ORF6:cds-YP_009724394.1	AAA	K	CAA	Q	38
NC_045512.2	27314	A	T	31088	13612	54	11	11	32	0.000353652	31104	0.999531	FALSE	ORF6:cds-YP_009724394.1	AAA	K	ATA	I	38
NC_045512.2	27314	A	G	31088	13612	54	4	4	40	0.000128601	31104	0.499807	FALSE	ORF6:cds-YP_009724394.1	AAA	K	AGA	R	38
NC_045512.2	27314	A	C	31088	13612	54	1	1	34	3.21502e-05	31104	1	FALSE	ORF6:cds-YP_009724394.1	AAA	K	ACA	T	38
NC_045512.2	27315	A	T	31521	13835	55	9	9	31	0.000285334	31542	0.999909	FALSE	ORF6:cds-YP_009724394.1	AAA	K	AAT	N	38
NC_045512.2	27315	A	G	31521	13835	55	9	7	38	0.000285334	31542	0.999909	FALSE	ORF6:cds-YP_009724394.1	AAA	K	AAG	K	38
NC_045512.2	27315	A	C	31521	13835	55	3	2	31	9.51113e-05	31542	1	FALSE	ORF6:cds-YP_009724394.1	AAA	K	AAC	N	38
NC_045512.2	27316	A	T	31468	13839	55	6	6	34	0.000190627	31475	0.999996	FALSE	ORF6:cds-YP_009724394.1	AAT	N	TAT	Y	39
NC_045512.2	27316	A	C	31468	13839	55	1	1	34	3.17712e-05	31475	1	FALSE	ORF6:cds-YP_009724394.1	AAT	N	CAT	H	39
NC_045512.2	27317	A	T	31217	14030	55	8	8	34	0.00025618	31228	0.999965	FALSE	ORF6:cds-YP_009724394.1	AAT	N	ATT	I	39
NC_045512.2	27317	A	G	31217	14030	55	2	1	29	6.40451e-05	31228	1	FALSE	ORF6:cds-YP_009724394.1	AAT	N	AGT	S	39
NC_045512.2	27317	A	C	31217	14030	55	1	0	27	3.20225e-05	31228	1	FALSE	ORF6:cds-YP_009724394.1	AAT	N	ACT	T	39
NC_045512.2	27318	T	G	31364	14077	55	4	3	30	0.00012738	31402	1	FALSE	ORF6:cds-YP_009724394.1	AAT	N	AAG	K	39
NC_045512.2	27318	T	C	31364	14077	55	2	1	40	6.36902e-05	31402	0.812161	FALSE	ORF6:cds-YP_009724394.1	AAT	N	AAC	N	39
NC_045512.2	27318	T	A	31364	14077	55	32	32	32	0.00101904	31402	0.499747	FALSE	ORF6:cds-YP_009724394.1	AAT	N	AAA	K	39
NC_045512.2	27319	T	C	31361	14476	56	10	10	31	0.000318634	31384	0.999784	FALSE	ORF6:cds-YP_009724394.1	TTA	L	CTA	L	40
NC_045512.2	27319	T	A	31361	14476	56	13	12	33	0.000414224	31384	0.998171	FALSE	ORF6:cds-YP_009724394.1	TTA	L	ATA	I	40
NC_045512.2	27320	T	G	31210	14555	55	1	1	34	3.20225e-05	31228	1	FALSE	ORF6:cds-YP_009724394.1	TTA	L	TGA	*	40
NC_045512.2	27320	T	C	31210	14555	55	9	9	35	0.000288203	31228	0.999909	FALSE	ORF6:cds-YP_009724394.1	TTA	L	TCA	S	40
NC_045512.2	27320	T	A	31210	14555	55	8	8	33	0.00025618	31228	0.999965	FALSE	ORF6:cds-YP_009724394.1	TTA	L	TAA	*	40
NC_045512.2	27321	A	T	31580	14853	57	30	30	33	0.000948947	31614	0.600828	FALSE	ORF6:cds-YP_009724394.1	TTA	L	TTT	F	40
NC_045512.2	27321	A	G	31580	14853	57	3	2	40	9.48947e-05	31614	0.655812	FALSE	ORF6:cds-YP_009724394.1	TTA	L	TTG	L	40
NC_045512.2	27321	A	C	31580	14853	57	1	1	27	3.16316e-05	31614	1	FALSE	ORF6:cds-YP_009724394.1	TTA	L	TTC	F	40
NC_045512.2	27322	T	C	31465	14756	56	2	1	29	6.35102e-05	31491	1	FALSE	ORF6:cds-YP_009724394.1	TCT	S	CCT	P	41
NC_045512.2	27322	T	A	31465	14756	56	24	24	32	0.000762123	31491	0.859774	FALSE	ORF6:cds-YP_009724394.1	TCT	S	ACT	T	41
NC_045512.2	27323	C	T	31394	14897	56	28	28	32	0.00089084	31431	0.698282	FALSE	ORF6:cds-YP_009724394.1	TCT	S	TTT	F	41
NC_045512.2	27323	C	G	31394	14897	56	1	0	27	3.18157e-05	31431	1	FALSE	ORF6:cds-YP_009724394.1	TCT	S	TGT	C	41
NC_045512.2	27323	C	A	31394	14897	56	8	8	34	0.000254526	31431	0.999965	FALSE	ORF6:cds-YP_009724394.1	TCT	S	TAT	Y	41
NC_045512.2	27324	T	G	31453	14820	56	2	2	34	6.35183e-05	31487	1	FALSE	ORF6:cds-YP_009724394.1	TCT	S	TCG	S	41
NC_045512.2	27324	T	C	31453	14820	56	24	23	36	0.000762219	31487	0.859563	FALSE	ORF6:cds-YP_009724394.1	TCT	S	TCC	S	41
NC_045512.2	27324	T	A	31453	14820	56	8	8	32	0.000254073	31487	0.999965	FALSE	ORF6:cds-YP_009724394.1	TCT	S	TCA	S	41
NC_045512.2	27325	A	T	31408	14754	56	27	27	33	0.000858478	31451	0.74359	FALSE	ORF6:cds-YP_009724394.1	AAG	K	TAG	*	42
NC_045512.2	27325	A	G	31408	14754	56	5	5	30	0.000158977	31451	0.999999	FALSE	ORF6:cds-YP_009724394.1	AAG	K	GAG	E	42
NC_045512.2	27325	A	C	31408	14754	56	11	9	31	0.00034975	31451	0.999526	FALSE	ORF6:cds-YP_009724394.1	AAG	K	CAG	Q	42
NC_045512.2	27326	A	T	31327	14800	56	9	9	33	0.000287118	31346	0.999909	FALSE	ORF6:cds-YP_009724394.1	AAG	K	ATG	M	42
NC_045512.2	27326	A	G	31327	14800	56	3	2	40	9.5706e-05	31346	0.656033	FALSE	ORF6:cds-YP_009724394.1	AAG	K	AGG	R	42
NC_045512.2	27326	A	C	31327	14800	56	7	7	32	0.000223314	31346	0.999988	FALSE	ORF6:cds-YP_009724394.1	AAG	K	ACG	T	42
NC_045512.2	27326	A	-G	31327	14800	56	1	0	20	3.1902e-05	31346	1	FALSE	NA	NA	NA	NA	NA	NA
NC_045512.2	27327	G	T	32482	15055	56	10	10	32	0.000307456	32525	0.999863	FALSE	ORF6:cds-YP_009724394.1	AAG	K	AAT	N	42
NC_045512.2	27327	G	C	32482	15055	56	3	3	26	9.22367e-05	32525	1	FALSE	ORF6:cds-YP_009724394.1	AAG	K	AAC	N	42
NC_045512.2	27327	G	A	32482	15055	56	30	30	32	0.000922367	32525	0.647713	FALSE	ORF6:cds-YP_009724394.1	AAG	K	AAA	K	42
NC_045512.2	27328	T	G	32432	15692	56	23	22	33	0.000708259	32474	0.91126	FALSE	ORF6:cds-YP_009724394.1	TCA	S	GCA	A	43
NC_045512.2	27328	T	C	32432	15692	56	4	3	45	0.000123175	32474	0.499377	FALSE	ORF6:cds-YP_009724394.1	TCA	S	CCA	P	43
NC_045512.2	27328	T	A	32432	15692	56	15	15	30	0.000461908	32474	0.996008	FALSE	ORF6:cds-YP_009724394.1	TCA	S	ACA	T	43
NC_045512.2	27329	C	T	33028	16083	57	24	22	34	0.000725821	33066	0.907423	FALSE	ORF6:cds-YP_009724394.1	TCA	S	TTA	L	43
NC_045512.2	27329	C	G	33028	16083	57	4	4	34	0.00012097	33066	1	FALSE	ORF6:cds-YP_009724394.1	TCA	S	TGA	*	43
NC_045512.2	27329	C	A	33028	16083	57	10	10	33	0.000302425	33066	0.999914	FALSE	ORF6:cds-YP_009724394.1	TCA	S	TAA	*	43
NC_045512.2	27329	C	-ACTA	33028	16083	57	3	0	20	9.07276e-05	33066	1	FALSE	NA	NA	NA	NA	NA	NA
NC_045512.2	27330	A	T	32972	15969	57	10	8	32	0.000302883	33016	0.999914	FALSE	ORF6:cds-YP_009724394.1	TCA	S	TCT	S	43
NC_045512.2	27330	A	G	32972	15969	57	9	8	34	0.000272595	33016	0.999965	FALSE	ORF6:cds-YP_009724394.1	TCA	S	TCG	S	43
NC_045512.2	27330	A	C	32972	15969	57	25	24	33	0.000757209	33016	0.881098	FALSE	ORF6:cds-YP_009724394.1	TCA	S	TCC	S	43
NC_045512.2	27330	A	+C	32972	15969	57	1	0	20	3.02856e-05	33019	1	FALSE	NA	NA	NA	NA	NA	NA
NC_045512.2	27331	C	T	32885	16575	56	15	15	31	0.000455609	32923	0.996009	FALSE	ORF6:cds-YP_009724394.1	CTA	L	TTA	L	44
NC_045512.2	27331	C	G	32885	16575	56	1	0	27	3.03739e-05	32923	1	FALSE	ORF6:cds-YP_009724394.1	CTA	L	GTA	V	44
NC_045512.2	27331	C	A	32885	16575	56	22	22	33	0.000668226	32923	0.932982	FALSE	ORF6:cds-YP_009724394.1	CTA	L	ATA	I	44
NC_045512.2	27331	C	-T	32885	16575	56	1	0	20	3.03711e-05	32926	1	FALSE	NA	NA	NA	NA	NA	NA
NC_045512.2	27332	T	G	32310	16223	55	2	1	30	6.18142e-05	32355	1	FALSE	ORF6:cds-YP_009724394.1	CTA	L	CGA	R	44
NC_045512.2	27332	T	C	32310	16223	55	37	34	35	0.00114356	32355	0.314633	FALSE	ORF6:cds-YP_009724394.1	CTA	L	CCA	P	44
NC_045512.2	27332	T	A	32310	16223	55	6	6	34	0.000185443	32355	0.999998	FALSE	ORF6:cds-YP_009724394.1	CTA	L	CAA	Q	44
NC_045512.2	27333	A	T	32556	16407	56	19	18	32	0.000583037	32588	0.975513	FALSE	ORF6:cds-YP_009724394.1	CTA	L	CTT	L	44
NC_045512.2	27333	A	G	32556	16407	56	4	4	37	0.000122745	32588	1	FALSE	ORF6:cds-YP_009724394.1	CTA	L	CTG	L	44
NC_045512.2	27333	A	C	32556	16407	56	9	9	31	0.000276175	32588	0.999944	FALSE	ORF6:cds-YP_009724394.1	CTA	L	CTC	L	44
NC_045512.2	27334	A	T	32346	16750	55	7	7	32	0.000216283	32365	0.999993	FALSE	ORF6:cds-YP_009724394.1	ACT	T	TCT	S	45
NC_045512.2	27334	A	G	32346	16750	55	4	2	40	0.00012359	32365	0.499763	FALSE	ORF6:cds-YP_009724394.1	ACT	T	GCT	A	45
NC_045512.2	27334	A	C	32346	16750	55	8	8	33	0.000247181	32365	0.999979	FALSE	ORF6:cds-YP_009724394.1	ACT	T	CCT	P	45
NC_045512.2	27335	C	T	32274	17047	55	39	35	40	0.00120597	32339	2.74961e-09	TRUE	ORF6:cds-YP_009724394.1	ACT	T	ATT	I	45
NC_045512.2	27335	C	G	32274	17047	55	4	3	30	0.00012369	32339	1	FALSE	ORF6:cds-YP_009724394.1	ACT	T	AGT	S	45
NC_045512.2	27335	C	A	32274	17047	55	22	22	33	0.000680293	32339	0.932623	FALSE	ORF6:cds-YP_009724394.1	ACT	T	AAT	N	45
NC_045512.2	27336	T	G	30150	15408	54	5	4	39	0.000165601	30193	0.999998	FALSE	ORF6:cds-YP_009724394.1	ACT	T	ACG	T	45
NC_045512.2	27336	T	C	30150	15408	54	23	20	34	0.000761766	30193	0.863764	FALSE	ORF6:cds-YP_009724394.1	ACT	T	ACC	T	45
NC_045512.2	27336	T	A	30150	15408	54	15	14	33	0.000496804	30193	0.991906	FALSE	ORF6:cds-YP_009724394.1	ACT	T	ACA	T	45
NC_045512.2	27337	G	T	30414	15682	55	20	18	34	0.000656707	30455	0.94034	FALSE	ORF6:cds-YP_009724394.1	GAG	E	TAG	*	46
NC_045512.2	27337	G	C	30414	15682	55	6	6	31	0.000197012	30455	0.999993	FALSE	ORF6:cds-YP_009724394.1	GAG	E	CAG	Q	46
NC_045512.2	27337	G	A	30414	15682	55	15	14	32	0.00049253	30455	0.991912	FALSE	ORF6:cds-YP_009724394.1	GAG	E	AAG	K	46
NC_045512.2	27338	A	T	29791	15125	56	8	7	36	0.000268195	29829	0.999904	FALSE	ORF6:cds-YP_009724394.1	GAG	E	GTG	V	46
NC_045512.2	27338	A	G	29791	15125	56	19	18	35	0.000636964	29829	0.944135	FALSE	ORF6:cds-YP_009724394.1	GAG	E	GGG	G	46
NC_045512.2	27338	A	C	29791	15125	56	11	11	33	0.000368769	29829	0.998883	FALSE	ORF6:cds-YP_009724394.1	GAG	E	GCG	A	46
NC_045512.2	27339	G	T	30487	16013	54	10	10	30	0.000327665	30519	0.999659	FALSE	ORF6:cds-YP_009724394.1	GAG	E	GAT	D	46
NC_045512.2	27339	G	C	30487	16013	54	1	1	34	3.27665e-05	30519	1	FALSE	ORF6:cds-YP_009724394.1	GAG	E	GAC	D	46
NC_045512.2	27339	G	A	30487	16013	54	21	21	33	0.000688096	30519	0.919523	FALSE	ORF6:cds-YP_009724394.1	GAG	E	GAA	E	46
NC_045512.2	27339	G	-A	30487	16013	54	1	0	20	3.27665e-05	30519	1	FALSE	NA	NA	NA	NA	NA	NA
NC_045512.2	27340	A	T	30192	16000	53	7	6	31	0.000231543	30232	0.999979	FALSE	ORF6:cds-YP_009724394.1	AAT	N	TAT	Y	47
NC_045512.2	27340	A	G	30192	16000	53	27	25	35	0.000893093	30232	0.7012	FALSE	ORF6:cds-YP_009724394.1	AAT	N	GAT	D	47
NC_045512.2	27340	A	C	30192	16000	53	6	4	31	0.000198465	30232	0.999993	FALSE	ORF6:cds-YP_009724394.1	AAT	N	CAT	H	47
NC_045512.2	27341	A	T	30427	16135	53	3	3	34	9.85545e-05	30440	1	FALSE	ORF6:cds-YP_009724394.1	AAT	N	ATT	I	47
NC_045512.2	27341	A	G	30427	16135	53	7	5	33	0.000229961	30440	0.999979	FALSE	ORF6:cds-YP_009724394.1	AAT	N	AGT	S	47
NC_045512.2	27341	A	C	30427	16135	53	3	3	34	9.85545e-05	30440	1	FALSE	ORF6:cds-YP_009724394.1	AAT	N	ACT	T	47
NC_045512.2	27342	T	G	30630	16344	53	8	6	33	0.000260875	30666	0.999942	FALSE	ORF6:cds-YP_009724394.1	AAT	N	AAG	K	47
NC_045512.2	27342	T	C	30630	16344	53	4	1	42	0.000130438	30666	0.499447	FALSE	ORF6:cds-YP_009724394.1	AAT	N	AAC	N	47
NC_045512.2	27342	T	A	30630	16344	53	24	24	33	0.000782626	30666	0.829326	FALSE	ORF6:cds-YP_009724394.1	AAT	N	AAA	K	47
NC_045512.2	27343	A	T	29981	16287	52	18	18	33	0.00059984	30008	0.970257	FALSE	ORF6:cds-YP_009724394.1	AAA	K	TAA	*	48
NC_045512.2	27343	A	G	29981	16287	52	3	2	28	9.99733e-05	30008	1	FALSE	ORF6:cds-YP_009724394.1	AAA	K	GAA	E	48
NC_045512.2	27343	A	C	29981	16287	52	6	5	31	0.000199947	30008	0.999994	FALSE	ORF6:cds-YP_009724394.1	AAA	K	CAA	Q	48
NC_045512.2	27344	A	T	30369	16334	53	18	12	37	0.000592261	30392	0.970288	FALSE	ORF6:cds-YP_009724394.1	AAA	K	ATA	I	48
NC_045512.2	27344	A	G	30369	16334	53	4	2	38	0.000131614	30392	1	FALSE	ORF6:cds-YP_009724394.1	AAA	K	AGA	R	48
NC_045512.2	27344	A	C	30369	16334	53	1	1	34	3.29034e-05	30392	1	FALSE	ORF6:cds-YP_009724394.1	AAA	K	ACA	T	48
NC_045512.2	27345	A	T	30103	16424	52	20	15	38	0.000663856	30127	0.940575	FALSE	ORF6:cds-YP_009724394.1	AAA	K	AAT	N	48
NC_045512.2	27345	A	G	30103	16424	52	2	1	51	6.63856e-05	30127	0.249822	FALSE	ORF6:cds-YP_009724394.1	AAA	K	AAG	K	48
NC_045512.2	27345	A	C	30103	16424	52	2	2	26	6.63856e-05	30127	1	FALSE	ORF6:cds-YP_009724394.1	AAA	K	AAC	N	48
NC_045512.2	27346	T	G	30123	16065	52	4	4	30	0.000132608	30164	1	FALSE	ORF6:cds-YP_009724394.1	TAT	Y	GAT	D	49
NC_045512.2	27346	T	C	30123	16065	52	2	2	34	6.63042e-05	30164	1	FALSE	ORF6:cds-YP_009724394.1	TAT	Y	CAT	H	49
NC_045512.2	27346	T	A	30123	16065	52	35	35	33	0.00116032	30164	0.309741	FALSE	ORF6:cds-YP_009724394.1	TAT	Y	AAT	N	49
NC_045512.2	27347	A	T	29901	16558	51	17	16	30	0.000568049	29927	0.972951	FALSE	ORF6:cds-YP_009724394.1	TAT	Y	TTT	F	49
NC_045512.2	27347	A	G	29901	16558	51	1	1	34	3.34146e-05	29927	1	FALSE	ORF6:cds-YP_009724394.1	TAT	Y	TGT	C	49
NC_045512.2	27347	A	C	29901	16558	51	8	8	30	0.000267317	29927	0.999904	FALSE	ORF6:cds-YP_009724394.1	TAT	Y	TCT	S	49
NC_045512.2	27348	T	C	28517	15186	53	2	2	34	7.00648e-05	28545	1	FALSE	ORF6:cds-YP_009724394.1	TAT	Y	TAC	Y	49
NC_045512.2	27348	T	A	28517	15186	53	26	26	33	0.000910843	28545	0.658279	FALSE	ORF6:cds-YP_009724394.1	TAT	Y	TAA	*	49
NC_045512.2	27349	T	G	27899	14667	51	2	1	34	7.16666e-05	27907	1	FALSE	ORF6:cds-YP_009724394.1	TCT	S	GCT	A	50
NC_045512.2	27349	T	C	27899	14667	51	2	1	30	7.16666e-05	27907	1	FALSE	ORF6:cds-YP_009724394.1	TCT	S	CCT	P	50
NC_045512.2	27349	T	A	27899	14667	51	4	4	32	0.000143333	27907	0.999998	FALSE	ORF6:cds-YP_009724394.1	TCT	S	ACT	T	50
NC_045512.2	27350	C	T	28255	15345	53	18	18	32	0.00063647	28281	0.948078	FALSE	ORF6:cds-YP_009724394.1	TCT	S	TTT	F	50
NC_045512.2	27350	C	A	28255	15345	53	8	8	34	0.000282875	28281	0.999843	FALSE	ORF6:cds-YP_009724394.1	TCT	S	TAT	Y	50
NC_045512.2	27351	T	G	27900	15003	53	1	1	26	3.58089e-05	27926	1	FALSE	ORF6:cds-YP_009724394.1	TCT	S	TCG	S	50
NC_045512.2	27351	T	C	27900	15003	53	19	17	36	0.00068037	27926	0.908007	FALSE	ORF6:cds-YP_009724394.1	TCT	S	TCC	S	50
NC_045512.2	27351	T	A	27900	15003	53	6	6	32	0.000214854	27926	0.999967	FALSE	ORF6:cds-YP_009724394.1	TCT	S	TCA	S	50
NC_045512.2	27352	C	T	28235	15044	53	22	22	33	0.000778375	28264	0.838805	FALSE	ORF6:cds-YP_009724394.1	CAA	Q	TAA	*	51
NC_045512.2	27352	C	A	28235	15044	53	7	7	31	0.000247665	28264	0.999941	FALSE	ORF6:cds-YP_009724394.1	CAA	Q	AAA	K	51
NC_045512.2	27353	A	T	27968	14940	52	6	6	32	0.000214347	27992	0.999967	FALSE	ORF6:cds-YP_009724394.1	CAA	Q	CTA	L	51
NC_045512.2	27353	A	G	27968	14940	52	2	2	40	7.1449e-05	27992	0.687225	FALSE	ORF6:cds-YP_009724394.1	CAA	Q	CGA	R	51
NC_045512.2	27353	A	C	27968	14940	52	16	16	33	0.000571592	27992	0.966994	FALSE	ORF6:cds-YP_009724394.1	CAA	Q	CCA	P	51
NC_045512.2	27354	A	T	27998	15245	51	11	11	32	0.000392437	28030	0.998304	FALSE	ORF6:cds-YP_009724394.1	CAA	Q	CAT	H	51
NC_045512.2	27354	A	G	27998	15245	51	12	2	41	0.000428113	28030	0.00644183	TRUE	ORF6:cds-YP_009724394.1	CAA	Q	CAG	Q	51
NC_045512.2	27354	A	C	27998	15245	51	9	7	30	0.000321085	28030	0.999622	FALSE	ORF6:cds-YP_009724394.1	CAA	Q	CAC	H	51
NC_045512.2	27355	T	C	28168	15218	52	7	7	32	0.000248262	28196	0.999941	FALSE	ORF6:cds-YP_009724394.1	TTA	L	CTA	L	52
NC_045512.2	27355	T	A	28168	15218	52	21	20	34	0.000744786	28196	0.873513	FALSE	ORF6:cds-YP_009724394.1	TTA	L	ATA	I	52
NC_045512.2	27356	T	G	28303	15399	52	1	1	34	3.5312e-05	28319	1	FALSE	ORF6:cds-YP_009724394.1	TTA	L	TGA	*	52
NC_045512.2	27356	T	C	28303	15399	52	2	2	36	7.0624e-05	28319	1	FALSE	ORF6:cds-YP_009724394.1	TTA	L	TCA	S	52
NC_045512.2	27356	T	A	28303	15399	52	13	13	32	0.000459056	28319	0.994257	FALSE	ORF6:cds-YP_009724394.1	TTA	L	TAA	*	52
NC_045512.2	27357	A	T	28129	15287	52	19	19	33	0.000674908	28152	0.928101	FALSE	ORF6:cds-YP_009724394.1	TTA	L	TTT	F	52
NC_045512.2	27357	A	G	28129	15287	52	1	1	26	3.55215e-05	28152	1	FALSE	ORF6:cds-YP_009724394.1	TTA	L	TTG	L	52
NC_045512.2	27357	A	C	28129	15287	52	3	1	29	0.000106564	28152	1	FALSE	ORF6:cds-YP_009724394.1	TTA	L	TTC	F	52
NC_045512.2	27358	G	T	29019	15398	52	14	14	33	0.000481895	29052	0.993119	FALSE	ORF6:cds-YP_009724394.1	GAT	D	TAT	Y	53
NC_045512.2	27358	G	C	29019	15398	52	3	2	34	0.000103263	29052	1	FALSE	ORF6:cds-YP_009724394.1	GAT	D	CAT	H	53
NC_045512.2	27358	G	A	29019	15398	52	16	16	33	0.000550737	29052	0.982105	FALSE	ORF6:cds-YP_009724394.1	GAT	D	AAT	N	53
NC_045512.2	27359	A	T	28943	15772	51	8	7	34	0.000276214	28963	0.999844	FALSE	ORF6:cds-YP_009724394.1	GAT	D	GTT	V	53
NC_045512.2	27359	A	G	28943	15772	51	9	8	36	0.000310741	28963	0.999624	FALSE	ORF6:cds-YP_009724394.1	GAT	D	GGT	G	53
NC_045512.2	27359	A	C	28943	15772	51	3	3	31	0.00010358	28963	1	FALSE	ORF6:cds-YP_009724394.1	GAT	D	GCT	A	53
NC_045512.2	27360	T	G	29247	15838	53	6	4	32	0.000204897	29283	0.999989	FALSE	ORF6:cds-YP_009724394.1	GAT	D	GAG	E	53
NC_045512.2	27360	T	C	29247	15838	53	3	2	42	0.000102449	29283	0.499487	FALSE	ORF6:cds-YP_009724394.1	GAT	D	GAC	D	53
NC_045512.2	27360	T	A	29247	15838	53	27	27	33	0.000922037	29283	0.655253	FALSE	ORF6:cds-YP_009724394.1	GAT	D	GAA	E	53
NC_045512.2	27361	G	T	28080	14916	52	17	17	32	0.000604789	28109	0.963725	FALSE	ORF6:cds-YP_009724394.1	GAA	E	TAA	*	54
NC_045512.2	27361	G	C	28080	14916	52	5	5	30	0.000177879	28109	0.999995	FALSE	ORF6:cds-YP_009724394.1	GAA	E	CAA	Q	54
NC_045512.2	27361	G	A	28080	14916	52	7	7	34	0.000249031	28109	0.999941	FALSE	ORF6:cds-YP_009724394.1	GAA	E	AAA	K	54
NC_045512.2	27362	A	T	28139	14963	52	10	10	33	0.000355051	28165	0.999169	FALSE	ORF6:cds-YP_009724394.1	GAA	E	GTA	V	54
NC_045512.2	27362	A	G	28139	14963	52	14	13	34	0.000497071	28165	0.990229	FALSE	ORF6:cds-YP_009724394.1	GAA	E	GGA	G	54
NC_045512.2	27362	A	C	28139	14963	52	2	2	30	7.10101e-05	28165	1	FALSE	ORF6:cds-YP_009724394.1	GAA	E	GCA	A	54
NC_045512.2	27363	A	T	27868	14814	52	11	11	34	0.000394407	27890	0.99745	FALSE	ORF6:cds-YP_009724394.1	GAA	E	GAT	D	54
NC_045512.2	27363	A	G	27868	14814	52	10	8	34	0.000358551	27890	0.998717	FALSE	ORF6:cds-YP_009724394.1	GAA	E	GAG	E	54
NC_045512.2	27363	A	C	27868	14814	52	1	1	34	3.58551e-05	27890	1	FALSE	ORF6:cds-YP_009724394.1	GAA	E	GAC	D	54
NC_045512.2	27364	G	T	28182	14863	52	4	4	32	0.000141789	28211	0.999999	FALSE	ORF6:cds-YP_009724394.1	GAG	E	TAG	*	55
NC_045512.2	27364	G	C	28182	14863	52	1	1	27	3.54472e-05	28211	1	FALSE	ORF6:cds-YP_009724394.1	GAG	E	CAG	Q	55
NC_045512.2	27364	G	A	28182	14863	52	24	22	35	0.000850732	28211	0.755712	FALSE	ORF6:cds-YP_009724394.1	GAG	E	AAG	K	55
NC_045512.2	27365	A	T	27965	15101	52	5	4	32	0.000178667	27985	0.99999	FALSE	ORF6:cds-YP_009724394.1	GAG	E	GTG	V	55
NC_045512.2	27365	A	G	27965	15101	52	14	14	32	0.000500268	27985	0.986241	FALSE	ORF6:cds-YP_009724394.1	GAG	E	GGG	G	55
NC_045512.2	27365	A	C	27965	15101	52	1	1	26	3.57334e-05	27985	1	FALSE	ORF6:cds-YP_009724394.1	GAG	E	GCG	A	55
NC_045512.2	27366	G	T	28024	14925	53	4	4	34	0.000142557	28059	0.999999	FALSE	ORF6:cds-YP_009724394.1	GAG	E	GAT	D	55
NC_045512.2	27366	G	C	28024	14925	53	5	5	32	0.000178196	28059	0.999994	FALSE	ORF6:cds-YP_009724394.1	GAG	E	GAC	D	55
NC_045512.2	27366	G	A	28024	14925	53	26	24	35	0.000926619	28059	0.657941	FALSE	ORF6:cds-YP_009724394.1	GAG	E	GAA	E	55
NC_045512.2	27367	C	T	25763	13327	53	6	5	39	0.000232612	25794	0.999903	FALSE	ORF6:cds-YP_009724394.1	CAA	Q	TAA	*	56
NC_045512.2	27367	C	G	25763	13327	53	15	14	31	0.000581531	25794	0.959554	FALSE	ORF6:cds-YP_009724394.1	CAA	Q	GAA	E	56
NC_045512.2	27367	C	A	25763	13327	53	10	8	36	0.000387687	25794	0.996993	FALSE	ORF6:cds-YP_009724394.1	CAA	Q	AAA	K	56
NC_045512.2	27368	A	T	26233	13338	54	2	2	34	7.61818e-05	26253	1	FALSE	ORF6:cds-YP_009724394.1	CAA	Q	CTA	L	56
NC_045512.2	27368	A	G	26233	13338	54	5	4	32	0.000190454	26253	0.999983	FALSE	ORF6:cds-YP_009724394.1	CAA	Q	CGA	R	56
NC_045512.2	27368	A	C	26233	13338	54	13	12	32	0.000495182	26253	0.988152	FALSE	ORF6:cds-YP_009724394.1	CAA	Q	CCA	P	56
NC_045512.2	27369	A	T	26433	13827	53	2	2	34	7.56201e-05	26448	1	FALSE	ORF6:cds-YP_009724394.1	CAA	Q	CAT	H	56
NC_045512.2	27369	A	G	26433	13827	53	7	6	45	0.00026467	26448	0.08976	FALSE	ORF6:cds-YP_009724394.1	CAA	Q	CAG	Q	56
NC_045512.2	27369	A	C	26433	13827	53	6	6	32	0.00022686	26448	0.999944	FALSE	ORF6:cds-YP_009724394.1	CAA	Q	CAC	H	56
NC_045512.2	27370	C	T	26677	13903	53	6	6	32	0.000224702	26702	0.999943	FALSE	ORF6:cds-YP_009724394.1	CCA	P	TCA	S	57
NC_045512.2	27370	C	G	26677	13903	53	3	1	31	0.000112351	26702	0.999999	FALSE	ORF6:cds-YP_009724394.1	CCA	P	GCA	A	57
NC_045512.2	27370	C	A	26677	13903	53	16	15	32	0.000599206	26702	0.955757	FALSE	ORF6:cds-YP_009724394.1	CCA	P	ACA	T	57
NC_045512.2	27371	C	T	26668	13880	53	2	2	30	7.49316e-05	26691	1	FALSE	ORF6:cds-YP_009724394.1	CCA	P	CTA	L	57
NC_045512.2	27371	C	G	26668	13880	53	2	1	34	7.49316e-05	26691	1	FALSE	ORF6:cds-YP_009724394.1	CCA	P	CGA	R	57
NC_045512.2	27371	C	A	26668	13880	53	19	18	35	0.00071185	26691	0.883678	FALSE	ORF6:cds-YP_009724394.1	CCA	P	CAA	Q	57
NC_045512.2	27372	A	T	26266	13479	53	4	3	40	0.000152149	26290	0.343402	FALSE	ORF6:cds-YP_009724394.1	CCA	P	CCT	P	57
NC_045512.2	27372	A	C	26266	13479	53	20	18	34	0.000760746	26290	0.849017	FALSE	ORF6:cds-YP_009724394.1	CCA	P	CCC	P	57
NC_045512.2	27373	A	T	25434	13023	51	2	2	34	7.857e-05	25455	1	FALSE	ORF6:cds-YP_009724394.1	ATG	M	TTG	L	58
NC_045512.2	27373	A	G	25434	13023	51	6	2	38	0.00023571	25455	0.999904	FALSE	ORF6:cds-YP_009724394.1	ATG	M	GTG	V	58
NC_045512.2	27373	A	C	25434	13023	51	13	9	32	0.000510705	25455	0.983221	FALSE	ORF6:cds-YP_009724394.1	ATG	M	CTG	L	58
NC_045512.2	27374	T	G	25671	13144	52	1	0	27	3.8915e-05	25697	1	FALSE	ORF6:cds-YP_009724394.1	ATG	M	AGG	R	58
NC_045512.2	27374	T	C	25671	13144	52	10	10	31	0.00038915	25697	0.996999	FALSE	ORF6:cds-YP_009724394.1	ATG	M	ACG	T	58
NC_045512.2	27374	T	A	25671	13144	52	15	15	32	0.000583726	25697	0.959607	FALSE	ORF6:cds-YP_009724394.1	ATG	M	AAG	K	58
NC_045512.2	27375	G	T	25657	13100	53	16	16	32	0.000622932	25685	0.941275	FALSE	ORF6:cds-YP_009724394.1	ATG	M	ATT	I	58
NC_045512.2	27375	G	C	25657	13100	53	4	3	32	0.000155733	25685	0.999992	FALSE	ORF6:cds-YP_009724394.1	ATG	M	ATC	I	58
NC_045512.2	27375	G	A	25657	13100	53	8	8	29	0.000311466	25685	1	FALSE	ORF6:cds-YP_009724394.1	ATG	M	ATA	I	58
NC_045512.2	27376	G	T	25679	13467	52	9	9	32	0.000350249	25696	0.998533	FALSE	ORF6:cds-YP_009724394.1	GAG	E	TAG	*	59
NC_045512.2	27376	G	C	25679	13467	52	1	1	27	3.89166e-05	25696	1	FALSE	ORF6:cds-YP_009724394.1	GAG	E	CAG	Q	59
NC_045512.2	27376	G	A	25679	13467	52	7	6	38	0.000272416	25696	0.999733	FALSE	ORF6:cds-YP_009724394.1	GAG	E	AAG	K	59
NC_045512.2	27377	A	T	23903	12092	52	9	8	34	0.000376097	23930	0.996488	FALSE	ORF6:cds-YP_009724394.1	GAG	E	GTG	V	59
NC_045512.2	27377	A	G	23903	12092	52	11	11	30	0.000459674	23930	0.987814	FALSE	ORF6:cds-YP_009724394.1	GAG	E	GGG	G	59
NC_045512.2	27377	A	C	23903	12092	52	7	5	53	0.00029252	23930	0.00778738	TRUE	ORF6:cds-YP_009724394.1	GAG	E	GCG	A	59
NC_045512.2	27378	G	T	23928	12042	53	1	1	34	4.17676e-05	23942	1	FALSE	ORF6:cds-YP_009724394.1	GAG	E	GAT	D	59
NC_045512.2	27378	G	C	23928	12042	53	2	2	34	8.35352e-05	23942	0.999999	FALSE	ORF6:cds-YP_009724394.1	GAG	E	GAC	D	59
NC_045512.2	27378	G	A	23928	12042	53	11	11	33	0.000459444	23942	0.987864	FALSE	ORF6:cds-YP_009724394.1	GAG	E	GAA	E	59
NC_045512.2	27379	A	T	23150	12067	51	8	7	36	0.000345274	23170	0.998335	FALSE	ORF6:cds-YP_009724394.1	ATT	I	TTT	F	60
NC_045512.2	27379	A	G	23150	12067	51	11	10	37	0.000474752	23170	0.987841	FALSE	ORF6:cds-YP_009724394.1	ATT	I	GTT	V	60
NC_045512.2	27379	A	C	23150	12067	51	1	1	34	4.31593e-05	23170	1	FALSE	ORF6:cds-YP_009724394.1	ATT	I	CTT	L	60
NC_045512.2	27380	T	G	23048	11803	51	2	2	34	8.6719e-05	23063	0.999999	FALSE	ORF6:cds-YP_009724394.1	ATT	I	AGT	S	60
NC_045512.2	27380	T	C	23048	11803	51	3	2	45	0.000130078	23063	0.499776	FALSE	ORF6:cds-YP_009724394.1	ATT	I	ACT	T	60
NC_045512.2	27380	T	A	23048	11803	51	10	10	33	0.000433595	23063	0.993242	FALSE	ORF6:cds-YP_009724394.1	ATT	I	AAT	N	60
NC_045512.2	27381	T	G	23086	12585	50	2	2	34	8.65876e-05	23098	0.999999	FALSE	ORF6:cds-YP_009724394.1	ATT	I	ATG	M	60
NC_045512.2	27381	T	C	23086	12585	50	2	2	51	8.65876e-05	23098	0.249897	FALSE	ORF6:cds-YP_009724394.1	ATT	I	ATC	I	60
NC_045512.2	27381	T	A	23086	12585	50	8	7	32	0.00034635	23098	0.99834	FALSE	ORF6:cds-YP_009724394.1	ATT	I	ATA	I	60
NC_045512.2	27382	G	T	23634	12697	50	9	9	34	0.00038055	23650	0.996502	FALSE	ORF6:cds-YP_009724394.1	GAT	D	TAT	Y	61
NC_045512.2	27382	G	C	23634	12697	50	1	0	68	4.22833e-05	23650	0.499852	FALSE	ORF6:cds-YP_009724394.1	GAT	D	CAT	H	61
NC_045512.2	27382	G	A	23634	12697	50	6	6	34	0.0002537	23650	0.999727	FALSE	ORF6:cds-YP_009724394.1	GAT	D	AAT	N	61
NC_045512.2	27383	A	T	23656	12749	50	3	2	34	0.000126743	23670	0.999995	FALSE	ORF6:cds-YP_009724394.1	GAT	D	GTT	V	61
NC_045512.2	27383	A	G	23656	12749	50	10	8	33	0.000422476	23670	0.993244	FALSE	ORF6:cds-YP_009724394.1	GAT	D	GGT	G	61
NC_045512.2	27383	A	C	23656	12749	50	1	1	26	4.22476e-05	23670	1	FALSE	ORF6:cds-YP_009724394.1	GAT	D	GCT	A	61
NC_045512.2	27384	T	G	23668	12835	50	2	1	30	8.44595e-05	23680	0.999999	FALSE	ORF6:cds-YP_009724394.1	GAT	D	GAG	E	61
NC_045512.2	27384	T	A	23668	12835	50	10	10	33	0.000422297	23680	0.993248	FALSE	ORF6:cds-YP_009724394.1	GAT	D	GAA	E	61
NC_045512.2	27385	T	G	23492	12750	50	4	4	32	0.000170198	23502	0.999975	FALSE	ORF6:cds-YP_009724394.1	TAA	*	GAA	E	62
NC_045512.2	27385	T	C	23492	12750	50	3	2	30	0.000127649	23502	0.999995	FALSE	ORF6:cds-YP_009724394.1	TAA	*	CAA	Q	62
NC_045512.2	27385	T	A	23492	12750	50	3	3	34	0.000127649	23502	0.999995	FALSE	ORF6:cds-YP_009724394.1	TAA	*	AAA	K	62
NC_045512.2	27386	A	T	23387	12832	51	13	12	34	0.000555484	23403	0.96741	FALSE	ORF6:cds-YP_009724394.1	TAA	*	TTA	L	62
NC_045512.2	27386	A	G	23387	12832	51	2	0	47	8.54591e-05	23403	0.6873	FALSE	ORF6:cds-YP_009724394.1	TAA	*	TGA	*	62
NC_045512.2	27386	A	C	23387	12832	51	1	1	26	4.27296e-05	23403	1	FALSE	ORF6:cds-YP_009724394.1	TAA	*	TCA	S	62
NC_045512.2	27387	A	T	23298	12820	51	4	3	34	0.000171608	23309	0.999975	FALSE	ORF6:cds-YP_009724394.1	TAA	*	TAT	Y	62
NC_045512.2	27387	A	G	23298	12820	51	5	2	34	0.000214509	23309	0.99991	FALSE	ORF6:cds-YP_009724394.1	TAA	*	TAG	*	62
NC_045512.2	27387	A	C	23298	12820	51	2	0	27	8.58038e-05	23309	1	FALSE	ORF6:cds-YP_009724394.1	TAA	*	TAC	Y	62
NC_045512.2	27388	A	T	23039	12918	49	5	4	32	0.000216948	23047	0.99991	FALSE	NA	NA	NA	NA	NA	NA
NC_045512.2	27388	A	C	23039	12918	49	3	3	34	0.000130169	23047	0.999995	FALSE	NA	NA	NA	NA	NA	NA
NC_045512.2	27389	C	T	23267	12985	50	5	5	39	0.000214712	23287	0.99991	FALSE	NA	NA	NA	NA	NA	NA
NC_045512.2	27389	C	G	23267	12985	50	1	1	34	4.29424e-05	23287	1	FALSE	NA	NA	NA	NA	NA	NA
NC_045512.2	27389	C	A	23267	12985	50	14	14	32	0.000601194	23287	0.950564	FALSE	NA	NA	NA	NA	NA	NA
NC_045512.2	27390	G	T	23259	13033	50	2	2	34	8.59217e-05	23277	0.999999	FALSE	NA	NA	NA	NA	NA	NA
NC_045512.2	27390	G	C	23259	13033	50	9	9	33	0.000386648	23277	0.996499	FALSE	NA	NA	NA	NA	NA	NA
NC_045512.2	27390	G	A	23259	13033	50	7	6	38	0.000300726	23277	0.999284	FALSE	NA	NA	NA	NA	NA	NA
NC_045512.2	27391	A	T	22596	12530	50	3	2	34	0.000132708	22606	0.99999	FALSE	NA	NA	NA	NA	NA	NA
NC_045512.2	27391	A	G	22596	12530	50	6	6	34	0.000265416	22606	0.999545	FALSE	NA	NA	NA	NA	NA	NA
NC_045512.2	27391	A	C	22596	12530	50	1	1	34	4.4236e-05	22606	1	FALSE	NA	NA	NA	NA	NA	NA
NC_045512.2	27392	A	T	22438	12733	49	4	3	34	0.000178182	22449	0.999956	FALSE	NA	NA	NA	NA	NA	NA
NC_045512.2	27392	A	G	22438	12733	49	3	1	28	0.000133636	22449	1	FALSE	NA	NA	NA	NA	NA	NA
NC_045512.2	27392	A	C	22438	12733	49	4	4	32	0.000178182	22449	0.999956	FALSE	NA	NA	NA	NA	NA	NA
NC_045512.2	27393	C	T	22752	12744	50	2	2	34	8.78387e-05	22769	0.999999	FALSE	NA	NA	NA	NA	NA	NA
NC_045512.2	27393	C	G	22752	12744	50	5	5	30	0.000219597	22769	0.999844	FALSE	NA	NA	NA	NA	NA	NA
NC_045512.2	27393	C	A	22752	12744	50	10	10	34	0.000439194	22769	0.989971	FALSE	NA	NA	NA	NA	NA	NA
NC_045512.2	27394	A	T	22914	12939	51	7	7	31	0.000305264	22931	0.998842	FALSE	ORF7a:cds-YP_009724395.1	ATG	M	TTG	L	1
NC_045512.2	27394	A	G	22914	12939	51	4	2	43	0.000174436	22931	0.343494	FALSE	ORF7a:cds-YP_009724395.1	ATG	M	GTG	V	1
NC_045512.2	27394	A	C	22914	12939	51	6	6	34	0.000261655	22931	0.999544	FALSE	ORF7a:cds-YP_009724395.1	ATG	M	CTG	L	1
NC_045512.2	27395	T	G	22802	12895	50	2	1	34	8.76347e-05	22822	0.999999	FALSE	ORF7a:cds-YP_009724395.1	ATG	M	AGG	R	1
NC_045512.2	27395	T	C	22802	12895	50	4	2	38	0.000175269	22822	0.999956	FALSE	ORF7a:cds-YP_009724395.1	ATG	M	ACG	T	1
NC_045512.2	27395	T	A	22802	12895	50	14	14	34	0.000613443	22822	0.933742	FALSE	ORF7a:cds-YP_009724395.1	ATG	M	AAG	K	1
NC_045512.2	27396	G	T	22805	12958	50	8	7	31	0.000350616	22817	0.997393	FALSE	ORF7a:cds-YP_009724395.1	ATG	M	ATT	I	1
NC_045512.2	27396	G	C	22805	12958	50	3	3	34	0.000131481	22817	0.99999	FALSE	ORF7a:cds-YP_009724395.1	ATG	M	ATC	I	1
NC_045512.2	27396	G	A	22805	12958	50	1	1	34	4.3827e-05	22817	1	FALSE	ORF7a:cds-YP_009724395.1	ATG	M	ATA	I	1
NC_045512.2	27397	A	T	22733	12934	50	3	3	30	0.000131886	22747	0.99999	FALSE	ORF7a:cds-YP_009724395.1	AAA	K	TAA	*	2
NC_045512.2	27397	A	G	22733	12934	50	8	8	34	0.000351695	22747	0.997391	FALSE	ORF7a:cds-YP_009724395.1	AAA	K	GAA	E	2
NC_045512.2	27397	A	C	22733	12934	50	3	3	34	0.000131886	22747	0.99999	FALSE	ORF7a:cds-YP_009724395.1	AAA	K	CAA	Q	2
NC_045512.2	27398	A	T	22969	13057	50	7	7	30	0.000304613	22980	0.998844	FALSE	ORF7a:cds-YP_009724395.1	AAA	K	ATA	I	2
NC_045512.2	27398	A	G	22969	13057	50	3	2	42	0.000130548	22980	0.499857	FALSE	ORF7a:cds-YP_009724395.1	AAA	K	AGA	R	2
NC_045512.2	27398	A	C	22969	13057	50	1	1	34	4.35161e-05	22980	1	FALSE	ORF7a:cds-YP_009724395.1	AAA	K	ACA	T	2
NC_045512.2	27399	A	T	23042	13086	50	3	3	28	0.000130118	23056	1	FALSE	ORF7a:cds-YP_009724395.1	AAA	K	AAT	N	2
NC_045512.2	27399	A	G	23042	13086	50	7	6	33	0.000303609	23056	0.999285	FALSE	ORF7a:cds-YP_009724395.1	AAA	K	AAG	K	2
NC_045512.2	27399	A	C	23042	13086	50	4	3	30	0.000173491	23056	0.999975	FALSE	ORF7a:cds-YP_009724395.1	AAA	K	AAC	N	2
NC_045512.2	27400	A	T	22905	13076	50	1	1	34	4.36491e-05	22910	1	FALSE	ORF7a:cds-YP_009724395.1	ATT	I	TTT	F	3
NC_045512.2	27400	A	G	22905	13076	50	1	1	34	4.36491e-05	22910	1	FALSE	ORF7a:cds-YP_009724395.1	ATT	I	GTT	V	3
NC_045512.2	27400	A	C	22905	13076	50	3	3	34	0.000130947	22910	0.99999	FALSE	ORF7a:cds-YP_009724395.1	ATT	I	CTT	L	3
NC_045512.2	27401	T	G	22991	13039	50	3	2	31	0.000130384	23009	0.999995	FALSE	ORF7a:cds-YP_009724395.1	ATT	I	AGT	S	3
NC_045512.2	27401	T	C	22991	13039	50	3	2	45	0.000130384	23009	0.499715	FALSE	ORF7a:cds-YP_009724395.1	ATT	I	ACT	T	3
NC_045512.2	27401	T	A	22991	13039	50	12	12	34	0.000521535	23009	0.979527	FALSE	ORF7a:cds-YP_009724395.1	ATT	I	AAT	N	3
NC_045512.2	27402	T	G	22515	12790	49	2	2	34	8.87902e-05	22525	0.999999	FALSE	ORF7a:cds-YP_009724395.1	ATT	I	ATG	M	3
NC_045512.2	27402	T	C	22515	12790	49	1	1	34	4.43951e-05	22525	1	FALSE	ORF7a:cds-YP_009724395.1	ATT	I	ATC	I	3
NC_045512.2	27402	T	A	22515	12790	49	7	7	32	0.000310766	22525	0.998845	FALSE	ORF7a:cds-YP_009724395.1	ATT	I	ATA	I	3
NC_045512.2	27403	A	T	22891	13112	50	11	11	34	0.000480265	22904	0.982486	FALSE	ORF7a:cds-YP_009724395.1	ATT	I	TTT	F	4
NC_045512.2	27403	A	C	22891	13112	50	2	1	30	8.7321e-05	22904	0.999999	FALSE	ORF7a:cds-YP_009724395.1	ATT	I	CTT	L	4
NC_045512.2	27404	T	G	22964	13082	50	5	5	30	0.000217609	22977	0.999845	FALSE	ORF7a:cds-YP_009724395.1	ATT	I	AGT	S	4
NC_045512.2	27404	T	C	22964	13082	50	1	1	34	4.35218e-05	22977	1	FALSE	ORF7a:cds-YP_009724395.1	ATT	I	ACT	T	4
NC_045512.2	27404	T	A	22964	13082	50	7	7	34	0.000304652	22977	0.998843	FALSE	ORF7a:cds-YP_009724395.1	ATT	I	AAT	N	4
NC_045512.2	27405	T	G	22877	13034	50	4	1	34	0.000174734	22892	0.999956	FALSE	ORF7a:cds-YP_009724395.1	ATT	I	ATG	M	4
NC_045512.2	27405	T	C	22877	13034	50	6	4	51	0.0002621	22892	0.0156035	FALSE	ORF7a:cds-YP_009724395.1	ATT	I	ATC	I	4
NC_045512.2	27405	T	A	22877	13034	50	5	5	29	0.000218417	22892	1	FALSE	ORF7a:cds-YP_009724395.1	ATT	I	ATA	I	4
NC_045512.2	27406	C	T	22909	13118	50	8	8	33	0.000348964	22925	0.997389	FALSE	ORF7a:cds-YP_009724395.1	CTT	L	TTT	F	5
NC_045512.2	27406	C	G	22909	13118	50	1	1	34	4.36205e-05	22925	1	FALSE	ORF7a:cds-YP_009724395.1	CTT	L	GTT	V	5
NC_045512.2	27406	C	A	22909	13118	50	7	7	34	0.000305344	22925	0.998842	FALSE	ORF7a:cds-YP_009724395.1	CTT	L	ATT	I	5
NC_045512.2	27406	C	-T	22909	13118	50	1	0	20	4.36205e-05	22925	1	FALSE	NA	NA	NA	NA	NA	NA
NC_045512.2	27407	T	G	22712	12912	50	2	2	30	8.80127e-05	22724	0.999999	FALSE	ORF7a:cds-YP_009724395.1	CTT	L	CGT	R	5
NC_045512.2	27407	T	C	22712	12912	50	6	6	38	0.000264038	22724	0.999544	FALSE	ORF7a:cds-YP_009724395.1	CTT	L	CCT	P	5
NC_045512.2	27407	T	A	22712	12912	50	4	4	34	0.000176025	22724	0.999956	FALSE	ORF7a:cds-YP_009724395.1	CTT	L	CAT	H	5
NC_045512.2	27408	T	C	22775	12947	50	2	2	34	8.78002e-05	22779	0.999999	FALSE	ORF7a:cds-YP_009724395.1	CTT	L	CTC	L	5
NC_045512.2	27408	T	A	22775	12947	50	2	2	30	8.78002e-05	22779	0.999999	FALSE	ORF7a:cds-YP_009724395.1	CTT	L	CTA	L	5
NC_045512.2	27409	T	G	22780	13045	50	3	3	31	0.000131619	22793	0.99999	FALSE	ORF7a:cds-YP_009724395.1	TTC	F	GTC	V	6
NC_045512.2	27409	T	C	22780	13045	50	6	6	34	0.000263239	22793	0.999544	FALSE	ORF7a:cds-YP_009724395.1	TTC	F	CTC	L	6
NC_045512.2	27409	T	A	22780	13045	50	4	4	32	0.000175492	22793	0.999956	FALSE	ORF7a:cds-YP_009724395.1	TTC	F	ATC	I	6
NC_045512.2	27410	T	G	22443	12522	49	3	1	31	0.000133624	22451	0.99999	FALSE	ORF7a:cds-YP_009724395.1	TTC	F	TGC	C	6
NC_045512.2	27410	T	C	22443	12522	49	2	1	47	8.90829e-05	22451	0.687425	FALSE	ORF7a:cds-YP_009724395.1	TTC	F	TCC	S	6
NC_045512.2	27410	T	A	22443	12522	49	3	3	31	0.000133624	22451	0.99999	FALSE	ORF7a:cds-YP_009724395.1	TTC	F	TAC	Y	6
NC_045512.2	27411	C	T	22947	13061	50	8	8	33	0.000348371	22964	0.997388	FALSE	ORF7a:cds-YP_009724395.1	TTC	F	TTT	F	6
NC_045512.2	27411	C	A	22947	13061	50	9	8	34	0.000391918	22964	0.994663	FALSE	ORF7a:cds-YP_009724395.1	TTC	F	TTA	L	6
NC_045512.2	27412	T	G	22577	12667	49	2	2	34	8.85347e-05	22590	0.999999	FALSE	ORF7a:cds-YP_009724395.1	TTG	L	GTG	V	7
NC_045512.2	27412	T	C	22577	12667	49	9	9	29	0.000398406	22590	1	FALSE	ORF7a:cds-YP_009724395.1	TTG	L	CTG	L	7
NC_045512.2	27412	T	A	22577	12667	49	2	2	34	8.85347e-05	22590	0.999999	FALSE	ORF7a:cds-YP_009724395.1	TTG	L	ATG	M	7
NC_045512.2	27413	T	G	22773	12925	50	2	2	34	8.77886e-05	22782	0.999999	FALSE	ORF7a:cds-YP_009724395.1	TTG	L	TGG	W	7
NC_045512.2	27413	T	C	22773	12925	50	5	5	32	0.000219472	22782	0.999845	FALSE	ORF7a:cds-YP_009724395.1	TTG	L	TCG	S	7
NC_045512.2	27413	T	A	22773	12925	50	2	2	34	8.77886e-05	22782	0.999999	FALSE	ORF7a:cds-YP_009724395.1	TTG	L	TAG	*	7
NC_045512.2	27414	G	T	22643	13682	48	7	7	32	0.000308955	22657	0.998843	FALSE	ORF7a:cds-YP_009724395.1	TTG	L	TTT	F	7
NC_045512.2	27414	G	C	22643	13682	48	4	4	32	0.000176546	22657	0.999956	FALSE	ORF7a:cds-YP_009724395.1	TTG	L	TTC	F	7
NC_045512.2	27414	G	A	22643	13682	48	3	3	34	0.000132409	22657	0.99999	FALSE	ORF7a:cds-YP_009724395.1	TTG	L	TTA	L	7
NC_045512.2	27415	G	T	22692	13673	48	5	4	32	0.000220206	22706	0.999845	FALSE	ORF7a:cds-YP_009724395.1	GCA	A	TCA	S	8
NC_045512.2	27415	G	C	22692	13673	48	2	1	34	8.80824e-05	22706	0.999999	FALSE	ORF7a:cds-YP_009724395.1	GCA	A	CCA	P	8
NC_045512.2	27415	G	A	22692	13673	48	7	6	34	0.000308289	22706	0.998843	FALSE	ORF7a:cds-YP_009724395.1	GCA	A	ACA	T	8
NC_045512.2	27416	C	T	22772	13751	48	7	7	31	0.000307139	22791	0.998841	FALSE	ORF7a:cds-YP_009724395.1	GCA	A	GTA	V	8
NC_045512.2	27416	C	G	22772	13751	48	8	7	32	0.000351016	22791	0.997386	FALSE	ORF7a:cds-YP_009724395.1	GCA	A	GGA	G	8
NC_045512.2	27416	C	A	22772	13751	48	4	4	30	0.000175508	22791	0.999956	FALSE	ORF7a:cds-YP_009724395.1	GCA	A	GAA	E	8
NC_045512.2	27417	A	T	22789	13655	48	4	4	42	0.000175392	22806	0.343493	FALSE	ORF7a:cds-YP_009724395.1	GCA	A	GCT	A	8
NC_045512.2	27417	A	G	22789	13655	48	8	6	33	0.000350785	22806	0.997388	FALSE	ORF7a:cds-YP_009724395.1	GCA	A	GCG	A	8
NC_045512.2	27417	A	C	22789	13655	48	5	5	34	0.000219241	22806	0.999844	FALSE	ORF7a:cds-YP_009724395.1	GCA	A	GCC	A	8
NC_045512.2	27418	C	T	23221	13757	48	2	1	51	8.60733e-05	23236	0.249865	FALSE	ORF7a:cds-YP_009724395.1	CTG	L	TTG	L	9
NC_045512.2	27418	C	G	23221	13757	48	6	6	32	0.00025822	23236	0.999727	FALSE	ORF7a:cds-YP_009724395.1	CTG	L	GTG	V	9
NC_045512.2	27418	C	A	23221	13757	48	7	7	34	0.000301257	23236	0.999285	FALSE	ORF7a:cds-YP_009724395.1	CTG	L	ATG	M	9
NC_045512.2	27419	T	G	23117	13762	48	2	1	34	8.64454e-05	23136	0.999999	FALSE	ORF7a:cds-YP_009724395.1	CTG	L	CGG	R	9
NC_045512.2	27419	T	C	23117	13762	48	11	11	34	0.00047545	23136	0.987845	FALSE	ORF7a:cds-YP_009724395.1	CTG	L	CCG	P	9
NC_045512.2	27419	T	A	23117	13762	48	6	6	30	0.000259336	23136	0.999727	FALSE	ORF7a:cds-YP_009724395.1	CTG	L	CAG	Q	9
NC_045512.2	27420	G	T	24640	14059	48	8	7	32	0.000324465	24656	0.998949	FALSE	ORF7a:cds-YP_009724395.1	CTG	L	CTT	L	9
NC_045512.2	27420	G	C	24640	14059	48	2	2	34	8.11162e-05	24656	1	FALSE	ORF7a:cds-YP_009724395.1	CTG	L	CTC	L	9
NC_045512.2	27420	G	A	24640	14059	48	6	5	39	0.000243348	24656	0.999838	FALSE	ORF7a:cds-YP_009724395.1	CTG	L	CTA	L	9
NC_045512.2	27421	A	T	24820	14163	48	1	1	34	4.02625e-05	24837	1	FALSE	ORF7a:cds-YP_009724395.1	ATA	I	TTA	L	10
NC_045512.2	27421	A	G	24820	14163	48	10	10	33	0.000402625	24837	0.995482	FALSE	ORF7a:cds-YP_009724395.1	ATA	I	GTA	V	10
NC_045512.2	27421	A	C	24820	14163	48	6	3	31	0.000241575	24837	0.999838	FALSE	ORF7a:cds-YP_009724395.1	ATA	I	CTA	L	10
NC_045512.2	27422	T	G	24312	13704	47	2	2	34	8.22233e-05	24324	1	FALSE	ORF7a:cds-YP_009724395.1	ATA	I	AGA	R	10
NC_045512.2	27422	T	C	24312	13704	47	2	2	34	8.22233e-05	24324	1	FALSE	ORF7a:cds-YP_009724395.1	ATA	I	ACA	T	10
NC_045512.2	27422	T	A	24312	13704	47	8	8	33	0.000328893	24324	0.998951	FALSE	ORF7a:cds-YP_009724395.1	ATA	I	AAA	K	10
NC_045512.2	27423	A	T	24477	14181	47	12	12	33	0.000489896	24495	0.985598	FALSE	ORF7a:cds-YP_009724395.1	ATA	I	ATT	I	10
NC_045512.2	27423	A	G	24477	14181	47	6	4	32	0.000244948	24495	0.999837	FALSE	ORF7a:cds-YP_009724395.1	ATA	I	ATG	M	10
NC_045512.2	27424	A	T	24628	14033	48	4	3	32	0.000162351	24638	0.999986	FALSE	ORF7a:cds-YP_009724395.1	ACA	T	TCA	S	11
NC_045512.2	27424	A	G	24628	14033	48	4	4	34	0.000162351	24638	0.999986	FALSE	ORF7a:cds-YP_009724395.1	ACA	T	GCA	A	11
NC_045512.2	27424	A	C	24628	14033	48	2	2	30	8.11754e-05	24638	1	FALSE	ORF7a:cds-YP_009724395.1	ACA	T	CCA	P	11
NC_045512.2	27425	C	T	24859	14258	49	6	5	34	0.000241158	24880	0.999837	FALSE	ORF7a:cds-YP_009724395.1	ACA	T	ATA	I	11
NC_045512.2	27425	C	A	24859	14258	49	15	15	32	0.000602894	24880	0.945936	FALSE	ORF7a:cds-YP_009724395.1	ACA	T	AAA	K	11
NC_045512.2	27426	A	T	24557	13984	49	2	2	34	8.14001e-05	24570	1	FALSE	ORF7a:cds-YP_009724395.1	ACA	T	ACT	T	11
NC_045512.2	27426	A	G	24557	13984	49	4	3	29	0.0001628	24570	1	FALSE	ORF7a:cds-YP_009724395.1	ACA	T	ACG	T	11
NC_045512.2	27426	A	C	24557	13984	49	7	7	32	0.0002849	24570	0.999562	FALSE	ORF7a:cds-YP_009724395.1	ACA	T	ACC	T	11
NC_045512.2	27427	C	T	24534	13873	49	2	2	34	8.14697e-05	24549	1	FALSE	ORF7a:cds-YP_009724395.1	CTC	L	TTC	F	12
NC_045512.2	27427	C	A	24534	13873	49	13	13	32	0.000529553	24549	0.976519	FALSE	ORF7a:cds-YP_009724395.1	CTC	L	ATC	I	12
NC_045512.2	27427	C	-T	24534	13873	49	1	0	20	4.07349e-05	24549	1	FALSE	NA	NA	NA	NA	NA	NA
NC_045512.2	27428	T	G	23489	12946	49	3	3	28	0.000127622	23507	1	FALSE	ORF7a:cds-YP_009724395.1	CTC	L	CGC	R	12
NC_045512.2	27428	T	C	23489	12946	49	12	9	41	0.000510486	23507	0.00645485	TRUE	ORF7a:cds-YP_009724395.1	CTC	L	CCC	P	12
NC_045512.2	27428	T	A	23489	12946	49	3	3	31	0.000127622	23507	0.999995	FALSE	ORF7a:cds-YP_009724395.1	CTC	L	CAC	H	12
NC_045512.2	27429	C	T	22785	12132	49	3	3	42	0.000131625	22792	0.499938	FALSE	ORF7a:cds-YP_009724395.1	CTC	L	CTT	L	12
NC_045512.2	27429	C	A	22785	12132	49	4	4	32	0.0001755	22792	0.999956	FALSE	ORF7a:cds-YP_009724395.1	CTC	L	CTA	L	12
NC_045512.2	27430	G	T	22673	12039	49	5	2	32	0.000220381	22688	0.999845	FALSE	ORF7a:cds-YP_009724395.1	GCT	A	TCT	S	13
NC_045512.2	27430	G	C	22673	12039	49	4	4	30	0.000176305	22688	0.999956	FALSE	ORF7a:cds-YP_009724395.1	GCT	A	CCT	P	13
NC_045512.2	27430	G	A	22673	12039	49	6	6	34	0.000264457	22688	0.999544	FALSE	ORF7a:cds-YP_009724395.1	GCT	A	ACT	T	13
NC_045512.2	27431	C	T	23012	12153	49	4	4	32	0.000173747	23022	0.999975	FALSE	ORF7a:cds-YP_009724395.1	GCT	A	GTT	V	13
NC_045512.2	27431	C	G	23012	12153	49	4	3	32	0.000173747	23022	0.999975	FALSE	ORF7a:cds-YP_009724395.1	GCT	A	GGT	G	13
NC_045512.2	27431	C	A	23012	12153	49	2	2	34	8.68734e-05	23022	0.999999	FALSE	ORF7a:cds-YP_009724395.1	GCT	A	GAT	D	13
NC_045512.2	27432	T	G	23004	12106	49	7	7	33	0.000304097	23019	0.999285	FALSE	ORF7a:cds-YP_009724395.1	GCT	A	GCG	A	13
NC_045512.2	27432	T	C	23004	12106	49	5	5	39	0.000217212	23019	0.99991	FALSE	ORF7a:cds-YP_009724395.1	GCT	A	GCC	A	13
NC_045512.2	27432	T	A	23004	12106	49	3	3	31	0.000130327	23019	0.999995	FALSE	ORF7a:cds-YP_009724395.1	GCT	A	GCA	A	13
NC_045512.2	27433	A	T	23169	12105	49	3	2	31	0.000129422	23180	0.999995	FALSE	ORF7a:cds-YP_009724395.1	ACT	T	TCT	S	14
NC_045512.2	27433	A	G	23169	12105	49	5	4	32	0.000215703	23180	0.99991	FALSE	ORF7a:cds-YP_009724395.1	ACT	T	GCT	A	14
NC_045512.2	27433	A	C	23169	12105	49	3	1	34	0.000129422	23180	0.999995	FALSE	ORF7a:cds-YP_009724395.1	ACT	T	CCT	P	14
NC_045512.2	27434	C	T	22913	11958	49	3	1	44	0.00013085	22927	0.499795	FALSE	ORF7a:cds-YP_009724395.1	ACT	T	ATT	I	14
NC_045512.2	27434	C	G	22913	11958	49	4	2	26	0.000174467	22927	1	FALSE	ORF7a:cds-YP_009724395.1	ACT	T	AGT	S	14
NC_045512.2	27434	C	A	22913	11958	49	7	7	32	0.000305317	22927	0.998843	FALSE	ORF7a:cds-YP_009724395.1	ACT	T	AAT	N	14
NC_045512.2	27435	T	G	22822	11967	49	1	1	34	4.3802e-05	22830	1	FALSE	ORF7a:cds-YP_009724395.1	ACT	T	ACG	T	14
NC_045512.2	27435	T	C	22822	11967	49	3	3	34	0.000131406	22830	0.99999	FALSE	ORF7a:cds-YP_009724395.1	ACT	T	ACC	T	14
NC_045512.2	27435	T	A	22822	11967	49	4	4	34	0.000175208	22830	0.999956	FALSE	ORF7a:cds-YP_009724395.1	ACT	T	ACA	T	14
NC_045512.2	27436	T	C	22655	11848	49	5	3	31	0.000220585	22667	0.999845	FALSE	ORF7a:cds-YP_009724395.1	TGT	C	CGT	R	15
NC_045512.2	27436	T	A	22655	11848	49	7	7	31	0.000308819	22667	0.998844	FALSE	ORF7a:cds-YP_009724395.1	TGT	C	AGT	S	15
NC_045512.2	27437	G	T	22759	12073	49	5	5	32	0.000219568	22772	0.999845	FALSE	ORF7a:cds-YP_009724395.1	TGT	C	TTT	F	15
NC_045512.2	27437	G	C	22759	12073	49	5	5	34	0.000219568	22772	0.999845	FALSE	ORF7a:cds-YP_009724395.1	TGT	C	TCT	S	15
NC_045512.2	27437	G	A	22759	12073	49	3	2	45	0.000131741	22772	0.499815	FALSE	ORF7a:cds-YP_009724395.1	TGT	C	TAT	Y	15
NC_045512.2	27438	T	G	22040	11443	49	7	6	34	0.00031746	22050	0.998845	FALSE	ORF7a:cds-YP_009724395.1	TGT	C	TGG	W	15
NC_045512.2	27438	T	C	22040	11443	49	1	1	34	4.53515e-05	22050	1	FALSE	ORF7a:cds-YP_009724395.1	TGT	C	TGC	C	15
NC_045512.2	27438	T	A	22040	11443	49	2	2	34	9.07029e-05	22050	0.999999	FALSE	ORF7a:cds-YP_009724395.1	TGT	C	TGA	*	15
NC_045512.2	27439	G	T	22350	11832	49	7	7	34	0.000313059	22360	0.998845	FALSE	ORF7a:cds-YP_009724395.1	GAG	E	TAG	*	16
NC_045512.2	27439	G	C	22350	11832	49	1	1	34	4.47227e-05	22360	1	FALSE	ORF7a:cds-YP_009724395.1	GAG	E	CAG	Q	16
NC_045512.2	27439	G	A	22350	11832	49	2	2	34	8.94454e-05	22360	0.999999	FALSE	ORF7a:cds-YP_009724395.1	GAG	E	AAG	K	16
NC_045512.2	27440	A	T	22004	11582	49	3	3	34	0.000136283	22013	0.99999	FALSE	ORF7a:cds-YP_009724395.1	GAG	E	GTG	V	16
NC_045512.2	27440	A	G	22004	11582	49	6	6	38	0.000272566	22013	0.999545	FALSE	ORF7a:cds-YP_009724395.1	GAG	E	GGG	G	16
NC_045512.2	27441	G	T	22298	11603	49	4	4	32	0.000179284	22311	0.999956	FALSE	ORF7a:cds-YP_009724395.1	GAG	E	GAT	D	16
NC_045512.2	27441	G	C	22298	11603	49	1	1	34	4.48209e-05	22311	1	FALSE	ORF7a:cds-YP_009724395.1	GAG	E	GAC	D	16
NC_045512.2	27441	G	A	22298	11603	49	8	7	37	0.000358568	22311	0.997392	FALSE	ORF7a:cds-YP_009724395.1	GAG	E	GAA	E	16
NC_045512.2	27442	C	T	0	0	0	22011	11571	49	0.999455	22023	0	TRUE	ORF7a:cds-YP_009724395.1	CTT	L	TTT	F	17
NC_045512.2	27442	C	G	0	0	0	6	6	32	0.000272442	22023	2.37585e-18	TRUE	ORF7a:cds-YP_009724395.1	CTT	L	GTT	V	17
NC_045512.2	27442	C	A	0	0	0	6	6	34	0.000272442	22023	2.37585e-18	TRUE	ORF7a:cds-YP_009724395.1	CTT	L	ATT	I	17
NC_045512.2	27443	T	G	21870	11449	49	1	1	26	4.57101e-05	21877	1	FALSE	ORF7a:cds-YP_009724395.1	CTT	L	CGT	R	17
NC_045512.2	27443	T	C	21870	11449	49	3	2	45	0.00013713	21877	0.499936	FALSE	ORF7a:cds-YP_009724395.1	CTT	L	CCT	P	17
NC_045512.2	27443	T	A	21870	11449	49	3	3	31	0.00013713	21877	0.999982	FALSE	ORF7a:cds-YP_009724395.1	CTT	L	CAT	H	17
NC_045512.2	27444	T	G	21889	11480	49	4	3	32	0.000182682	21896	0.999922	FALSE	ORF7a:cds-YP_009724395.1	CTT	L	CTG	L	17
NC_045512.2	27444	T	C	21889	11480	49	3	3	34	0.000137011	21896	0.999982	FALSE	ORF7a:cds-YP_009724395.1	CTT	L	CTC	L	17
NC_045512.2	27445	T	G	21243	10982	47	1	0	34	4.70566e-05	21251	1	FALSE	ORF7a:cds-YP_009724395.1	TAT	Y	GAT	D	18
NC_045512.2	27445	T	C	21243	10982	47	4	3	42	0.000188226	21251	0.343673	FALSE	ORF7a:cds-YP_009724395.1	TAT	Y	CAT	H	18
NC_045512.2	27445	T	A	21243	10982	47	3	3	34	0.00014117	21251	0.999982	FALSE	ORF7a:cds-YP_009724395.1	TAT	Y	AAT	N	18
NC_045512.2	27446	A	T	21838	11902	48	9	9	34	0.000411899	21850	0.99195	FALSE	ORF7a:cds-YP_009724395.1	TAT	Y	TTT	F	18
NC_045512.2	27446	A	G	21838	11902	48	2	0	51	9.15332e-05	21850	0.249891	FALSE	ORF7a:cds-YP_009724395.1	TAT	Y	TGT	C	18
NC_045512.2	27446	A	C	21838	11902	48	1	0	27	4.57666e-05	21850	1	FALSE	ORF7a:cds-YP_009724395.1	TAT	Y	TCT	S	18
NC_045512.2	27447	T	G	21703	12398	47	3	2	34	0.00013816	21714	0.999982	FALSE	ORF7a:cds-YP_009724395.1	TAT	Y	TAG	*	18
NC_045512.2	27447	T	C	21703	12398	47	4	2	29	0.000184213	21714	1	FALSE	ORF7a:cds-YP_009724395.1	TAT	Y	TAC	Y	18
NC_045512.2	27447	T	A	21703	12398	47	4	4	29	0.000184213	21714	1	FALSE	ORF7a:cds-YP_009724395.1	TAT	Y	TAA	*	18
NC_045512.2	27448	C	T	21696	12449	47	9	9	31	0.000414613	21707	0.991953	FALSE	ORF7a:cds-YP_009724395.1	CAC	H	TAC	Y	19
NC_045512.2	27448	C	A	21696	12449	47	2	2	30	9.21362e-05	21707	0.999997	FALSE	ORF7a:cds-YP_009724395.1	CAC	H	AAC	N	19
NC_045512.2	27449	A	T	21459	12255	47	2	2	34	9.31489e-05	21471	0.999997	FALSE	ORF7a:cds-YP_009724395.1	CAC	H	CTC	L	19
NC_045512.2	27449	A	G	21459	12255	47	4	1	57	0.000186298	21471	0.0624505	FALSE	ORF7a:cds-YP_009724395.1	CAC	H	CGC	R	19
NC_045512.2	27449	A	C	21459	12255	47	6	6	34	0.000279447	21471	0.999244	FALSE	ORF7a:cds-YP_009724395.1	CAC	H	CCC	P	19
NC_045512.2	27450	C	T	21354	12160	47	8	8	33	0.000374409	21367	0.995939	FALSE	ORF7a:cds-YP_009724395.1	CAC	H	CAT	H	19
NC_045512.2	27450	C	G	21354	12160	47	2	0	30	9.36023e-05	21367	0.999997	FALSE	ORF7a:cds-YP_009724395.1	CAC	H	CAG	Q	19
NC_045512.2	27450	C	A	21354	12160	47	3	3	34	0.000140403	21367	0.999982	FALSE	ORF7a:cds-YP_009724395.1	CAC	H	CAA	Q	19
NC_045512.2	27451	T	C	21330	12185	47	5	5	39	0.000234324	21338	0.999734	FALSE	ORF7a:cds-YP_009724395.1	TAC	Y	CAC	H	20
NC_045512.2	27451	T	A	21330	12185	47	3	3	34	0.000140594	21338	0.999982	FALSE	ORF7a:cds-YP_009724395.1	TAC	Y	AAC	N	20
NC_045512.2	27452	A	T	21291	12164	47	6	6	34	0.000281624	21305	0.999243	FALSE	ORF7a:cds-YP_009724395.1	TAC	Y	TTC	F	20
NC_045512.2	27452	A	G	21291	12164	47	3	2	25	0.000140812	21305	1	FALSE	ORF7a:cds-YP_009724395.1	TAC	Y	TGC	C	20
NC_045512.2	27452	A	C	21291	12164	47	5	5	31	0.000234687	21305	0.999733	FALSE	ORF7a:cds-YP_009724395.1	TAC	Y	TCC	S	20
NC_045512.2	27453	C	T	21254	12344	47	2	2	34	9.40734e-05	21260	0.999997	FALSE	ORF7a:cds-YP_009724395.1	TAC	Y	TAT	Y	20
NC_045512.2	27453	C	G	21254	12344	47	2	2	30	9.40734e-05	21260	0.999997	FALSE	ORF7a:cds-YP_009724395.1	TAC	Y	TAG	*	20
NC_045512.2	27453	C	A	21254	12344	47	2	2	30	9.40734e-05	21260	0.999997	FALSE	ORF7a:cds-YP_009724395.1	TAC	Y	TAA	*	20
NC_045512.2	27454	C	T	21168	12290	47	5	5	32	0.000236139	21174	0.999734	FALSE	ORF7a:cds-YP_009724395.1	CAA	Q	TAA	*	21
NC_045512.2	27454	C	A	21168	12290	47	1	1	34	4.72277e-05	21174	1	FALSE	ORF7a:cds-YP_009724395.1	CAA	Q	AAA	K	21
NC_045512.2	27455	A	T	21202	12275	47	4	4	34	0.00018859	21210	0.999922	FALSE	ORF7a:cds-YP_009724395.1	CAA	Q	CTA	L	21
NC_045512.2	27455	A	G	21202	12275	47	1	0	34	4.71476e-05	21210	1	FALSE	ORF7a:cds-YP_009724395.1	CAA	Q	CGA	R	21
NC_045512.2	27455	A	C	21202	12275	47	3	3	31	0.000141443	21210	0.999982	FALSE	ORF7a:cds-YP_009724395.1	CAA	Q	CCA	P	21
NC_045512.2	27456	A	T	20871	12295	46	3	3	31	0.000143651	20884	0.999967	FALSE	ORF7a:cds-YP_009724395.1	CAA	Q	CAT	H	21
NC_045512.2	27456	A	G	20871	12295	46	4	2	27	0.000191534	20884	1	FALSE	ORF7a:cds-YP_009724395.1	CAA	Q	CAG	Q	21
NC_045512.2	27456	A	C	20871	12295	46	6	6	34	0.000287301	20884	0.998754	FALSE	ORF7a:cds-YP_009724395.1	CAA	Q	CAC	H	21
NC_045512.2	27457	G	T	21168	12298	47	3	3	34	0.000141656	21178	0.999982	FALSE	ORF7a:cds-YP_009724395.1	GAG	E	TAG	*	22
NC_045512.2	27457	G	C	21168	12298	47	4	4	30	0.000188875	21178	0.999922	FALSE	ORF7a:cds-YP_009724395.1	GAG	E	CAG	Q	22
NC_045512.2	27457	G	A	21168	12298	47	3	3	34	0.000141656	21178	0.999982	FALSE	ORF7a:cds-YP_009724395.1	GAG	E	AAG	K	22
NC_045512.2	27458	A	T	20790	12139	46	3	2	31	0.000144238	20799	0.999967	FALSE	ORF7a:cds-YP_009724395.1	GAG	E	GTG	V	22
NC_045512.2	27458	A	G	20790	12139	46	4	4	32	0.000192317	20799	0.999862	FALSE	ORF7a:cds-YP_009724395.1	GAG	E	GGG	G	22
NC_045512.2	27458	A	C	20790	12139	46	2	2	26	9.61585e-05	20799	1	FALSE	ORF7a:cds-YP_009724395.1	GAG	E	GCG	A	22
NC_045512.2	27459	G	C	20997	12138	47	2	2	30	9.52018e-05	21008	0.999997	FALSE	ORF7a:cds-YP_009724395.1	GAG	E	GAC	D	22
NC_045512.2	27459	G	A	20997	12138	47	9	9	33	0.000428408	21008	0.991953	FALSE	ORF7a:cds-YP_009724395.1	GAG	E	GAA	E	22
NC_045512.2	27460	T	G	19807	11351	48	5	4	34	0.000252309	19817	0.999229	FALSE	ORF7a:cds-YP_009724395.1	TGT	C	GGT	G	23
NC_045512.2	27460	T	C	19807	11351	48	4	3	30	0.000201847	19817	0.999756	FALSE	ORF7a:cds-YP_009724395.1	TGT	C	CGT	R	23
NC_045512.2	27460	T	A	19807	11351	48	1	1	34	5.04617e-05	19817	0.999999	FALSE	ORF7a:cds-YP_009724395.1	TGT	C	AGT	S	23
NC_045512.2	27461	G	T	19557	11169	48	4	4	32	0.000204405	19569	0.999756	FALSE	ORF7a:cds-YP_009724395.1	TGT	C	TTT	F	23
NC_045512.2	27461	G	C	19557	11169	48	5	5	29	0.000255506	19569	1	FALSE	ORF7a:cds-YP_009724395.1	TGT	C	TCT	S	23
NC_045512.2	27461	G	A	19557	11169	48	3	3	34	0.000153304	19569	0.999939	FALSE	ORF7a:cds-YP_009724395.1	TGT	C	TAT	Y	23
NC_045512.2	27462	T	G	19403	11032	48	9	8	33	0.000463583	19414	0.982178	FALSE	ORF7a:cds-YP_009724395.1	TGT	C	TGG	W	23
NC_045512.2	27462	T	A	19403	11032	48	2	1	34	0.000103018	19414	0.99999	FALSE	ORF7a:cds-YP_009724395.1	TGT	C	TGA	*	23
NC_045512.2	27463	G	T	19405	11029	48	5	5	34	0.000257533	19415	0.999229	FALSE	ORF7a:cds-YP_009724395.1	GTT	V	TTT	F	24
NC_045512.2	27463	G	C	19405	11029	48	3	3	31	0.00015452	19415	0.99994	FALSE	ORF7a:cds-YP_009724395.1	GTT	V	CTT	L	24
NC_045512.2	27463	G	A	19405	11029	48	2	2	34	0.000103013	19415	0.99999	FALSE	ORF7a:cds-YP_009724395.1	GTT	V	ATT	I	24
NC_045512.2	27464	T	G	18664	10297	46	4	4	34	0.000214225	18672	0.999573	FALSE	ORF7a:cds-YP_009724395.1	GTT	V	GGT	G	24
NC_045512.2	27464	T	C	18664	10297	46	3	2	46	0.000160668	18672	0.31241	FALSE	ORF7a:cds-YP_009724395.1	GTT	V	GCT	A	24
NC_045512.2	27464	T	A	18664	10297	46	1	1	34	5.35561e-05	18672	0.999998	FALSE	ORF7a:cds-YP_009724395.1	GTT	V	GAT	D	24
NC_045512.2	27465	T	G	19441	11125	48	1	1	34	5.14192e-05	19448	0.999999	FALSE	ORF7a:cds-YP_009724395.1	GTT	V	GTG	V	24
NC_045512.2	27465	T	C	19441	11125	48	3	3	28	0.000154258	19448	1	FALSE	ORF7a:cds-YP_009724395.1	GTT	V	GTC	V	24
NC_045512.2	27465	T	A	19441	11125	48	3	3	31	0.000154258	19448	0.99994	FALSE	ORF7a:cds-YP_009724395.1	GTT	V	GTA	V	24
NC_045512.2	27465	T	-A	19441	11125	48	1	0	20	5.14192e-05	19448	1	FALSE	NA	NA	NA	NA	NA	NA
NC_045512.2	27466	A	T	18759	10706	47	4	4	34	0.000213129	18768	0.999573	FALSE	ORF7a:cds-YP_009724395.1	AGA	R	TGA	*	25
NC_045512.2	27466	A	G	18759	10706	47	3	3	34	0.000159847	18768	0.999889	FALSE	ORF7a:cds-YP_009724395.1	AGA	R	GGA	G	25
NC_045512.2	27466	A	C	18759	10706	47	2	2	34	0.000106564	18768	0.99998	FALSE	ORF7a:cds-YP_009724395.1	AGA	R	CGA	R	25
NC_045512.2	27467	G	T	18864	10686	48	5	5	30	0.000264929	18873	0.998702	FALSE	ORF7a:cds-YP_009724395.1	AGA	R	ATA	I	25
NC_045512.2	27467	G	C	18864	10686	48	3	3	34	0.000158957	18873	0.99989	FALSE	ORF7a:cds-YP_009724395.1	AGA	R	ACA	T	25
NC_045512.2	27467	G	A	18864	10686	48	1	1	34	5.29857e-05	18873	0.999998	FALSE	ORF7a:cds-YP_009724395.1	AGA	R	AAA	K	25
NC_045512.2	27468	A	T	18245	10373	47	3	3	34	0.000164312	18258	0.999889	FALSE	ORF7a:cds-YP_009724395.1	AGA	R	AGT	S	25
NC_045512.2	27468	A	G	18245	10373	47	7	6	37	0.000383394	18258	0.992686	FALSE	ORF7a:cds-YP_009724395.1	AGA	R	AGG	R	25
NC_045512.2	27468	A	C	18245	10373	47	3	3	31	0.000164312	18258	0.999889	FALSE	ORF7a:cds-YP_009724395.1	AGA	R	AGC	S	25
NC_045512.2	27469	G	T	18346	10225	48	1	1	26	5.44781e-05	18356	1	FALSE	ORF7a:cds-YP_009724395.1	GGT	G	TGT	C	26
NC_045512.2	27469	G	C	18346	10225	48	2	2	34	0.000108956	18356	0.99998	FALSE	ORF7a:cds-YP_009724395.1	GGT	G	CGT	R	26
NC_045512.2	27469	G	A	18346	10225	48	7	6	32	0.000381347	18356	0.992694	FALSE	ORF7a:cds-YP_009724395.1	GGT	G	AGT	S	26
NC_045512.2	27470	G	T	17237	9308	48	6	5	31	0.000347927	17245	0.994699	FALSE	ORF7a:cds-YP_009724395.1	GGT	G	GTT	V	26
NC_045512.2	27470	G	A	17237	9308	48	2	2	34	0.000115976	17245	0.999962	FALSE	ORF7a:cds-YP_009724395.1	GGT	G	GAT	D	26
NC_045512.2	27471	T	G	16948	9104	49	3	3	34	0.000176876	16961	0.999635	FALSE	ORF7a:cds-YP_009724395.1	GGT	G	GGG	G	26
NC_045512.2	27471	T	C	16948	9104	49	5	4	47	0.000294794	16961	0.109258	FALSE	ORF7a:cds-YP_009724395.1	GGT	G	GGC	G	26
NC_045512.2	27471	T	A	16948	9104	49	5	5	34	0.000294794	16961	0.9964	FALSE	ORF7a:cds-YP_009724395.1	GGT	G	GGA	G	26
NC_045512.2	27472	A	T	16696	8955	49	2	1	30	0.000119703	16708	0.999927	FALSE	ORF7a:cds-YP_009724395.1	ACA	T	TCA	S	27
NC_045512.2	27472	A	G	16696	8955	49	9	5	38	0.000538664	16708	0.946157	FALSE	ORF7a:cds-YP_009724395.1	ACA	T	GCA	A	27
NC_045512.2	27472	A	C	16696	8955	49	1	1	34	5.98516e-05	16708	0.999992	FALSE	ORF7a:cds-YP_009724395.1	ACA	T	CCA	P	27
NC_045512.2	27473	C	G	16727	9014	49	3	3	31	0.000179308	16731	0.999637	FALSE	ORF7a:cds-YP_009724395.1	ACA	T	AGA	R	27
NC_045512.2	27473	C	A	16727	9014	49	1	1	34	5.97693e-05	16731	0.999992	FALSE	ORF7a:cds-YP_009724395.1	ACA	T	AAA	K	27
NC_045512.2	27474	A	T	16706	9040	49	7	7	32	0.00041876	16716	0.982674	FALSE	ORF7a:cds-YP_009724395.1	ACA	T	ACT	T	27
NC_045512.2	27474	A	C	16706	9040	49	3	3	31	0.000179469	16716	0.999636	FALSE	ORF7a:cds-YP_009724395.1	ACA	T	ACC	T	27
NC_045512.2	27475	A	G	16677	9037	49	2	2	34	0.000119904	16680	0.999928	FALSE	ORF7a:cds-YP_009724395.1	ACA	T	GCA	A	28
NC_045512.2	27475	A	C	16677	9037	49	1	1	34	5.9952e-05	16680	0.999992	FALSE	ORF7a:cds-YP_009724395.1	ACA	T	CCA	P	28
NC_045512.2	27476	C	T	27074	12026	44	1	1	34	3.69303e-05	27078	1	FALSE	ORF7a:cds-YP_009724395.1	ACA	T	ATA	I	28
NC_045512.2	27476	C	A	27074	12026	44	3	3	31	0.000110791	27078	1	FALSE	ORF7a:cds-YP_009724395.1	ACA	T	AAA	K	28
NC_045512.2	27477	A	T	25546	10937	44	2	2	34	7.82595e-05	25556	1	FALSE	ORF7a:cds-YP_009724395.1	ACA	T	ACT	T	28
NC_045512.2	27477	A	G	25546	10937	44	2	0	34	7.82595e-05	25556	1	FALSE	ORF7a:cds-YP_009724395.1	ACA	T	ACG	T	28
NC_045512.2	27477	A	C	25546	10937	44	6	6	31	0.000234779	25556	0.999904	FALSE	ORF7a:cds-YP_009724395.1	ACA	T	ACC	T	28
NC_045512.2	27478	G	T	25584	11167	43	2	2	30	7.81494e-05	25592	1	FALSE	ORF7a:cds-YP_009724395.1	GTA	V	TTA	L	29
NC_045512.2	27478	G	C	25584	11167	43	1	1	34	3.90747e-05	25592	1	FALSE	ORF7a:cds-YP_009724395.1	GTA	V	CTA	L	29
NC_045512.2	27478	G	A	25584	11167	43	5	4	34	0.000195374	25592	0.99997	FALSE	ORF7a:cds-YP_009724395.1	GTA	V	ATA	I	29
NC_045512.2	27479	T	G	24863	10730	43	6	5	31	0.000241225	24873	0.999838	FALSE	ORF7a:cds-YP_009724395.1	GTA	V	GGA	G	29
NC_045512.2	27479	T	C	24863	10730	43	2	2	34	8.04085e-05	24873	1	FALSE	ORF7a:cds-YP_009724395.1	GTA	V	GCA	A	29
NC_045512.2	27479	T	A	24863	10730	43	2	1	30	8.04085e-05	24873	1	FALSE	ORF7a:cds-YP_009724395.1	GTA	V	GAA	E	29
NC_045512.2	27480	A	T	24290	10770	43	3	3	34	0.000123482	24295	0.999997	FALSE	ORF7a:cds-YP_009724395.1	GTA	V	GTT	V	29
NC_045512.2	27480	A	G	24290	10770	43	2	1	47	8.23215e-05	24295	0.687477	FALSE	ORF7a:cds-YP_009724395.1	GTA	V	GTG	V	29
NC_045512.2	27481	C	T	24958	10863	43	2	2	51	8.00993e-05	24969	0.249915	FALSE	ORF7a:cds-YP_009724395.1	CTT	L	TTT	F	30
NC_045512.2	27481	C	G	24958	10863	43	4	4	34	0.000160199	24969	0.999986	FALSE	ORF7a:cds-YP_009724395.1	CTT	L	GTT	V	30
NC_045512.2	27481	C	A	24958	10863	43	5	3	34	0.000200248	24969	0.999948	FALSE	ORF7a:cds-YP_009724395.1	CTT	L	ATT	I	30
NC_045512.2	27482	T	G	24376	10393	43	1	0	27	4.10122e-05	24383	1	FALSE	ORF7a:cds-YP_009724395.1	CTT	L	CGT	R	30
NC_045512.2	27482	T	C	24376	10393	43	3	3	31	0.000123037	24383	0.999997	FALSE	ORF7a:cds-YP_009724395.1	CTT	L	CCT	P	30
NC_045512.2	27482	T	A	24376	10393	43	3	3	34	0.000123037	24383	0.999997	FALSE	ORF7a:cds-YP_009724395.1	CTT	L	CAT	H	30
NC_045512.2	27483	T	G	24108	10159	43	4	3	32	0.000165879	24114	0.999986	FALSE	ORF7a:cds-YP_009724395.1	CTT	L	CTG	L	30
NC_045512.2	27483	T	C	24108	10159	43	1	1	34	4.14697e-05	24114	1	FALSE	ORF7a:cds-YP_009724395.1	CTT	L	CTC	L	30
NC_045512.2	27483	T	A	24108	10159	43	1	1	34	4.14697e-05	24114	1	FALSE	ORF7a:cds-YP_009724395.1	CTT	L	CTA	L	30
NC_045512.2	27484	T	G	24221	10283	43	1	0	27	4.1278e-05	24226	1	FALSE	ORF7a:cds-YP_009724395.1	TTA	L	GTA	V	31
NC_045512.2	27484	T	C	24221	10283	43	4	4	42	0.000165112	24226	0.34374	FALSE	ORF7a:cds-YP_009724395.1	TTA	L	CTA	L	31
NC_045512.2	27485	T	C	24359	10658	44	2	1	34	8.20984e-05	24361	1	FALSE	ORF7a:cds-YP_009724395.1	TTA	L	TCA	S	31
NC_045512.2	27486	A	T	24404	10627	44	8	8	33	0.000327694	24413	0.998952	FALSE	ORF7a:cds-YP_009724395.1	TTA	L	TTT	F	31
NC_045512.2	27486	A	G	24404	10627	44	1	1	34	4.09618e-05	24413	1	FALSE	ORF7a:cds-YP_009724395.1	TTA	L	TTG	L	31
NC_045512.2	27487	A	T	24322	10615	44	5	5	30	0.000205533	24327	0.999948	FALSE	ORF7a:cds-YP_009724395.1	AAA	K	TAA	*	32
NC_045512.2	27488	A	T	24079	10613	43	2	2	34	8.30427e-05	24084	1	FALSE	ORF7a:cds-YP_009724395.1	AAA	K	ATA	I	32
NC_045512.2	27488	A	G	24079	10613	43	2	0	34	8.30427e-05	24084	1	FALSE	ORF7a:cds-YP_009724395.1	AAA	K	AGA	R	32
NC_045512.2	27488	A	C	24079	10613	43	1	1	26	4.15213e-05	24084	1	FALSE	ORF7a:cds-YP_009724395.1	AAA	K	ACA	T	32
NC_045512.2	27489	A	T	24386	10669	44	1	1	34	4.10021e-05	24389	1	FALSE	ORF7a:cds-YP_009724395.1	AAA	K	AAT	N	32
NC_045512.2	27489	A	G	24386	10669	44	2	0	34	8.20042e-05	24389	1	FALSE	ORF7a:cds-YP_009724395.1	AAA	K	AAG	K	32
NC_045512.2	27490	G	T	24263	10846	43	2	0	34	8.23961e-05	24273	1	FALSE	ORF7a:cds-YP_009724395.1	GAA	E	TAA	*	33
NC_045512.2	27490	G	C	24263	10846	43	2	2	34	8.23961e-05	24273	1	FALSE	ORF7a:cds-YP_009724395.1	GAA	E	CAA	Q	33
NC_045512.2	27490	G	A	24263	10846	43	6	6	34	0.000247188	24273	0.999838	FALSE	ORF7a:cds-YP_009724395.1	GAA	E	AAA	K	33
NC_045512.2	27491	A	G	24133	10953	43	10	5	36	0.000414199	24143	0.995493	FALSE	ORF7a:cds-YP_009724395.1	GAA	E	GGA	G	33
NC_045512.2	27492	A	T	24749	11017	44	1	1	34	4.03942e-05	24756	1	FALSE	ORF7a:cds-YP_009724395.1	GAA	E	GAT	D	33
NC_045512.2	27492	A	G	24749	11017	44	4	3	43	0.000161577	24756	0.343703	FALSE	ORF7a:cds-YP_009724395.1	GAA	E	GAG	E	33
NC_045512.2	27492	A	C	24749	11017	44	2	2	34	8.07885e-05	24756	1	FALSE	ORF7a:cds-YP_009724395.1	GAA	E	GAC	D	33
NC_045512.2	27493	C	T	24683	11005	43	2	2	30	8.09946e-05	24693	1	FALSE	ORF7a:cds-YP_009724395.1	CCT	P	TCT	S	34
NC_045512.2	27493	C	G	24683	11005	43	3	3	31	0.000121492	24693	0.999997	FALSE	ORF7a:cds-YP_009724395.1	CCT	P	GCT	A	34
NC_045512.2	27493	C	A	24683	11005	43	5	4	32	0.000202487	24693	0.999948	FALSE	ORF7a:cds-YP_009724395.1	CCT	P	ACT	T	34
NC_045512.2	27494	C	T	24666	11137	44	1	0	34	4.05301e-05	24673	1	FALSE	ORF7a:cds-YP_009724395.1	CCT	P	CTT	L	34
NC_045512.2	27494	C	A	24666	11137	44	6	6	34	0.000243181	24673	0.999838	FALSE	ORF7a:cds-YP_009724395.1	CCT	P	CAT	H	34
NC_045512.2	27495	T	G	24806	11276	44	1	1	34	4.0295e-05	24817	1	FALSE	ORF7a:cds-YP_009724395.1	CCT	P	CCG	P	34
NC_045512.2	27495	T	C	24806	11276	44	7	5	34	0.000282065	24817	0.999562	FALSE	ORF7a:cds-YP_009724395.1	CCT	P	CCC	P	34
NC_045512.2	27495	T	A	24806	11276	44	3	2	28	0.000120885	24817	1	FALSE	ORF7a:cds-YP_009724395.1	CCT	P	CCA	P	34
NC_045512.2	27496	T	G	24774	11301	44	1	0	27	4.03535e-05	24781	1	FALSE	ORF7a:cds-YP_009724395.1	TGC	C	GGC	G	35
NC_045512.2	27496	T	C	24774	11301	44	6	5	32	0.000242121	24781	0.999838	FALSE	ORF7a:cds-YP_009724395.1	TGC	C	CGC	R	35
NC_045512.2	27496	T	-G	24774	11301	44	1	0	20	4.03535e-05	24781	1	FALSE	NA	NA	NA	NA	NA	NA
NC_045512.2	27497	G	T	24753	11240	44	5	5	32	0.000201914	24763	0.999948	FALSE	ORF7a:cds-YP_009724395.1	TGC	C	TTC	F	35
NC_045512.2	27497	G	C	24753	11240	44	2	2	34	8.07657e-05	24763	1	FALSE	ORF7a:cds-YP_009724395.1	TGC	C	TCC	S	35
NC_045512.2	27497	G	A	24753	11240	44	3	3	28	0.000121148	24763	1	FALSE	ORF7a:cds-YP_009724395.1	TGC	C	TAC	Y	35
NC_045512.2	27498	C	T	24791	11314	44	5	4	39	0.000201605	24801	0.999948	FALSE	ORF7a:cds-YP_009724395.1	TGC	C	TGT	C	35
NC_045512.2	27498	C	G	24791	11314	44	3	3	34	0.000120963	24801	0.999997	FALSE	ORF7a:cds-YP_009724395.1	TGC	C	TGG	W	35
NC_045512.2	27498	C	A	24791	11314	44	2	2	30	8.06419e-05	24801	1	FALSE	ORF7a:cds-YP_009724395.1	TGC	C	TGA	*	35
NC_045512.2	27499	T	G	24792	11820	45	5	3	29	0.000201597	24802	1	FALSE	ORF7a:cds-YP_009724395.1	TCT	S	GCT	A	36
NC_045512.2	27499	T	C	24792	11820	45	3	3	34	0.000120958	24802	0.999997	FALSE	ORF7a:cds-YP_009724395.1	TCT	S	CCT	P	36
NC_045512.2	27499	T	A	24792	11820	45	2	1	34	8.06387e-05	24802	1	FALSE	ORF7a:cds-YP_009724395.1	TCT	S	ACT	T	36
NC_045512.2	27500	C	T	25914	12224	46	3	2	30	0.000115727	25923	0.999998	FALSE	ORF7a:cds-YP_009724395.1	TCT	S	TTT	F	36
NC_045512.2	27500	C	G	25914	12224	46	2	2	34	7.71516e-05	25923	1	FALSE	ORF7a:cds-YP_009724395.1	TCT	S	TGT	C	36
NC_045512.2	27500	C	A	25914	12224	46	4	4	32	0.000154303	25923	0.999992	FALSE	ORF7a:cds-YP_009724395.1	TCT	S	TAT	Y	36
NC_045512.2	27501	T	G	25602	12035	46	2	2	30	7.80884e-05	25612	1	FALSE	ORF7a:cds-YP_009724395.1	TCT	S	TCG	S	36
NC_045512.2	27501	T	C	25602	12035	46	8	6	36	0.000312354	25612	0.999343	FALSE	ORF7a:cds-YP_009724395.1	TCT	S	TCC	S	36
NC_045512.2	27502	T	C	24702	11147	45	3	2	34	0.000121428	24706	0.999997	FALSE	ORF7a:cds-YP_009724395.1	TCT	S	CCT	P	37
NC_045512.2	27502	T	A	24702	11147	45	1	0	20	4.0476e-05	24706	1	FALSE	ORF7a:cds-YP_009724395.1	TCT	S	ACT	T	37
NC_045512.2	27503	C	T	25580	12214	45	5	5	34	0.000195419	25586	0.99997	FALSE	ORF7a:cds-YP_009724395.1	TCT	S	TTT	F	37
NC_045512.2	27503	C	G	25580	12214	45	1	1	34	3.90839e-05	25586	1	FALSE	ORF7a:cds-YP_009724395.1	TCT	S	TGT	C	37
NC_045512.2	27504	T	G	25588	12317	46	2	0	30	7.81372e-05	25596	1	FALSE	ORF7a:cds-YP_009724395.1	TCT	S	TCG	S	37
NC_045512.2	27504	T	C	25588	12317	46	6	4	34	0.000234412	25596	0.999904	FALSE	ORF7a:cds-YP_009724395.1	TCT	S	TCC	S	37
NC_045512.2	27505	G	T	25535	12215	45	6	6	34	0.000234889	25544	0.999904	FALSE	ORF7a:cds-YP_009724395.1	GGA	G	TGA	*	38
NC_045512.2	27505	G	C	25535	12215	45	2	1	30	7.82963e-05	25544	1	FALSE	ORF7a:cds-YP_009724395.1	GGA	G	CGA	R	38
NC_045512.2	27505	G	A	25535	12215	45	1	0	34	3.91481e-05	25544	1	FALSE	ORF7a:cds-YP_009724395.1	GGA	G	AGA	R	38
NC_045512.2	27506	G	T	26296	12340	45	2	2	34	7.60398e-05	26302	1	FALSE	ORF7a:cds-YP_009724395.1	GGA	G	GTA	V	38
NC_045512.2	27506	G	C	26296	12340	45	3	3	34	0.00011406	26302	0.999999	FALSE	ORF7a:cds-YP_009724395.1	GGA	G	GCA	A	38
NC_045512.2	27506	G	A	26296	12340	45	1	1	34	3.80199e-05	26302	1	FALSE	ORF7a:cds-YP_009724395.1	GGA	G	GAA	E	38
NC_045512.2	27507	A	T	26417	12520	46	3	3	34	0.000113516	26428	0.999999	FALSE	ORF7a:cds-YP_009724395.1	GGA	G	GGT	G	38
NC_045512.2	27507	A	G	26417	12520	46	4	4	32	0.000151355	26428	0.999996	FALSE	ORF7a:cds-YP_009724395.1	GGA	G	GGG	G	38
NC_045512.2	27507	A	C	26417	12520	46	4	2	32	0.000151355	26428	0.999996	FALSE	ORF7a:cds-YP_009724395.1	GGA	G	GGC	G	38
NC_045512.2	27508	A	G	22678	9742	45	8	5	34	0.000352609	22688	0.997395	FALSE	ORF7a:cds-YP_009724395.1	ACA	T	GCA	A	39
NC_045512.2	27508	A	C	22678	9742	45	2	2	30	8.81523e-05	22688	0.999999	FALSE	ORF7a:cds-YP_009724395.1	ACA	T	CCA	P	39
NC_045512.2	27509	C	T	22797	9991	45	3	1	45	0.000131544	22806	0.499897	FALSE	ORF7a:cds-YP_009724395.1	ACA	T	ATA	I	39
NC_045512.2	27509	C	G	22797	9991	45	3	3	34	0.000131544	22806	0.99999	FALSE	ORF7a:cds-YP_009724395.1	ACA	T	AGA	R	39
NC_045512.2	27509	C	A	22797	9991	45	3	2	42	0.000131544	22806	0.499897	FALSE	ORF7a:cds-YP_009724395.1	ACA	T	AAA	K	39
NC_045512.2	27509	C	-AT	22797	9991	45	1	0	20	4.38481e-05	22806	1	FALSE	NA	NA	NA	NA	NA	NA
NC_045512.2	27510	A	T	22967	10059	45	1	0	34	4.3535e-05	22970	1	FALSE	ORF7a:cds-YP_009724395.1	ACA	T	ACT	T	39
NC_045512.2	27510	A	C	22967	10059	45	2	2	34	8.70701e-05	22970	0.999999	FALSE	ORF7a:cds-YP_009724395.1	ACA	T	ACC	T	39
NC_045512.2	27511	T	G	23434	10151	45	1	1	34	4.26603e-05	23441	1	FALSE	ORF7a:cds-YP_009724395.1	TAC	Y	GAC	D	40
NC_045512.2	27511	T	C	23434	10151	45	3	2	42	0.000127981	23441	0.49992	FALSE	ORF7a:cds-YP_009724395.1	TAC	Y	CAC	H	40
NC_045512.2	27511	T	A	23434	10151	45	3	3	34	0.000127981	23441	0.999995	FALSE	ORF7a:cds-YP_009724395.1	TAC	Y	AAC	N	40
NC_045512.2	27512	A	T	23391	10162	45	2	2	34	8.54737e-05	23399	0.999999	FALSE	ORF7a:cds-YP_009724395.1	TAC	Y	TTC	F	40
NC_045512.2	27512	A	G	23391	10162	45	3	2	27	0.000128211	23399	1	FALSE	ORF7a:cds-YP_009724395.1	TAC	Y	TGC	C	40
NC_045512.2	27512	A	C	23391	10162	45	3	2	34	0.000128211	23399	0.999995	FALSE	ORF7a:cds-YP_009724395.1	TAC	Y	TCC	S	40
NC_045512.2	27513	C	T	23388	10248	45	4	1	40	0.000170969	23396	0.34368	FALSE	ORF7a:cds-YP_009724395.1	TAC	Y	TAT	Y	40
NC_045512.2	27513	C	G	23388	10248	45	2	1	30	8.54847e-05	23396	0.999999	FALSE	ORF7a:cds-YP_009724395.1	TAC	Y	TAG	*	40
NC_045512.2	27513	C	A	23388	10248	45	2	2	34	8.54847e-05	23396	0.999999	FALSE	ORF7a:cds-YP_009724395.1	TAC	Y	TAA	*	40
NC_045512.2	27514	G	T	23432	10266	45	1	1	34	4.26658e-05	23438	1	FALSE	ORF7a:cds-YP_009724395.1	GAG	E	TAG	*	41
NC_045512.2	27514	G	C	23432	10266	45	3	3	34	0.000127997	23438	0.999995	FALSE	ORF7a:cds-YP_009724395.1	GAG	E	CAG	Q	41
NC_045512.2	27514	G	A	23432	10266	45	2	2	51	8.53315e-05	23438	0.249963	FALSE	ORF7a:cds-YP_009724395.1	GAG	E	AAG	K	41
NC_045512.2	27515	A	T	23463	10333	45	1	0	34	4.2604e-05	23472	1	FALSE	ORF7a:cds-YP_009724395.1	GAG	E	GTG	V	41
NC_045512.2	27515	A	G	23463	10333	45	6	4	34	0.000255624	23472	0.999728	FALSE	ORF7a:cds-YP_009724395.1	GAG	E	GGG	G	41
NC_045512.2	27515	A	C	23463	10333	45	2	2	30	8.52079e-05	23472	0.999999	FALSE	ORF7a:cds-YP_009724395.1	GAG	E	GCG	A	41
NC_045512.2	27515	A	-G	23463	10333	45	2	0	20	8.52079e-05	23472	1	FALSE	NA	NA	NA	NA	NA	NA
NC_045512.2	27516	G	T	23654	10313	45	1	1	34	4.22636e-05	23661	1	FALSE	ORF7a:cds-YP_009724395.1	GAG	E	GAT	D	41
NC_045512.2	27516	G	C	23654	10313	45	1	1	34	4.22636e-05	23661	1	FALSE	ORF7a:cds-YP_009724395.1	GAG	E	GAC	D	41
NC_045512.2	27516	G	A	23654	10313	45	5	4	40	0.000211318	23661	0.226493	FALSE	ORF7a:cds-YP_009724395.1	GAG	E	GAA	E	41
NC_045512.2	27517	G	T	23696	10389	45	1	1	26	4.21977e-05	23698	1	FALSE	ORF7a:cds-YP_009724395.1	GGC	G	TGC	C	42
NC_045512.2	27517	G	A	23696	10389	45	1	1	26	4.21977e-05	23698	1	FALSE	ORF7a:cds-YP_009724395.1	GGC	G	AGC	S	42
NC_045512.2	27518	G	A	23722	10569	45	3	2	45	0.000126449	23725	0.50002	FALSE	ORF7a:cds-YP_009724395.1	GGC	G	GAC	D	42
NC_045512.2	27519	C	T	23577	10845	44	1	1	34	4.24052e-05	23582	1	FALSE	ORF7a:cds-YP_009724395.1	GGC	G	GGT	G	42
NC_045512.2	27519	C	G	23577	10845	44	4	3	32	0.000169621	23582	0.999975	FALSE	ORF7a:cds-YP_009724395.1	GGC	G	GGG	G	42
NC_045512.2	27520	A	T	23838	10805	45	1	0	34	4.19287e-05	23850	1	FALSE	ORF7a:cds-YP_009724395.1	AAT	N	TAT	Y	43
NC_045512.2	27520	A	G	23838	10805	45	7	4	43	0.000293501	23850	0.0897818	FALSE	ORF7a:cds-YP_009724395.1	AAT	N	GAT	D	43
NC_045512.2	27520	A	C	23838	10805	45	4	3	30	0.000167715	23850	0.999975	FALSE	ORF7a:cds-YP_009724395.1	AAT	N	CAT	H	43
NC_045512.2	27521	A	G	23585	11030	44	6	4	28	0.000254323	23592	1	FALSE	ORF7a:cds-YP_009724395.1	AAT	N	AGT	S	43
NC_045512.2	27521	A	C	23585	11030	44	1	1	34	4.23872e-05	23592	1	FALSE	ORF7a:cds-YP_009724395.1	AAT	N	ACT	T	43
NC_045512.2	27522	T	G	23944	10895	45	1	1	24	4.17449e-05	23955	1	FALSE	ORF7a:cds-YP_009724395.1	AAT	N	AAG	K	43
NC_045512.2	27522	T	C	23944	10895	45	5	5	47	0.000208725	23955	0.22646	FALSE	ORF7a:cds-YP_009724395.1	AAT	N	AAC	N	43
NC_045512.2	27522	T	A	23944	10895	45	5	5	34	0.000208725	23955	0.99991	FALSE	ORF7a:cds-YP_009724395.1	AAT	N	AAA	K	43
NC_045512.2	27523	T	G	24150	11123	45	1	1	34	4.13976e-05	24156	1	FALSE	ORF7a:cds-YP_009724395.1	TCA	S	GCA	A	44
NC_045512.2	27523	T	C	24150	11123	45	1	0	34	4.13976e-05	24156	1	FALSE	ORF7a:cds-YP_009724395.1	TCA	S	CCA	P	44
NC_045512.2	27523	T	A	24150	11123	45	4	3	32	0.00016559	24156	0.999986	FALSE	ORF7a:cds-YP_009724395.1	TCA	S	ACA	T	44
NC_045512.2	27524	C	T	24142	11126	45	6	5	32	0.000248437	24151	0.999838	FALSE	ORF7a:cds-YP_009724395.1	TCA	S	TTA	L	44
NC_045512.2	27524	C	G	24142	11126	45	1	1	34	4.14062e-05	24151	1	FALSE	ORF7a:cds-YP_009724395.1	TCA	S	TGA	*	44
NC_045512.2	27524	C	A	24142	11126	45	2	2	30	8.28123e-05	24151	1	FALSE	ORF7a:cds-YP_009724395.1	TCA	S	TAA	*	44
NC_045512.2	27525	A	T	23991	11110	45	4	4	34	0.000166667	24000	0.999986	FALSE	ORF7a:cds-YP_009724395.1	TCA	S	TCT	S	44
NC_045512.2	27525	A	G	23991	11110	45	2	1	51	8.33333e-05	24000	0.249932	FALSE	ORF7a:cds-YP_009724395.1	TCA	S	TCG	S	44
NC_045512.2	27525	A	C	23991	11110	45	3	3	34	0.000125	24000	0.999997	FALSE	ORF7a:cds-YP_009724395.1	TCA	S	TCC	S	44
NC_045512.2	27526	C	T	24335	11142	45	2	2	30	8.21625e-05	24342	1	FALSE	ORF7a:cds-YP_009724395.1	CCA	P	TCA	S	45
NC_045512.2	27526	C	G	24335	11142	45	1	0	27	4.10813e-05	24342	1	FALSE	ORF7a:cds-YP_009724395.1	CCA	P	GCA	A	45
NC_045512.2	27526	C	A	24335	11142	45	4	4	32	0.000164325	24342	0.999986	FALSE	ORF7a:cds-YP_009724395.1	CCA	P	ACA	T	45
NC_045512.2	27527	C	A	24288	11180	45	2	1	34	8.23384e-05	24290	1	FALSE	ORF7a:cds-YP_009724395.1	CCA	P	CAA	Q	45
NC_045512.2	27528	A	G	24980	11375	45	2	1	34	8.00416e-05	24987	1	FALSE	ORF7a:cds-YP_009724395.1	CCA	P	CCG	P	45
NC_045512.2	27528	A	C	24980	11375	45	5	5	31	0.000200104	24987	0.999948	FALSE	ORF7a:cds-YP_009724395.1	CCA	P	CCC	P	45
NC_045512.2	27529	T	G	25013	11499	45	2	0	30	7.99265e-05	25023	1	FALSE	ORF7a:cds-YP_009724395.1	TTT	F	GTT	V	46
NC_045512.2	27529	T	C	25013	11499	45	4	4	30	0.000159853	25023	0.999992	FALSE	ORF7a:cds-YP_009724395.1	TTT	F	CTT	L	46
NC_045512.2	27529	T	A	25013	11499	45	4	4	34	0.000159853	25023	0.999992	FALSE	ORF7a:cds-YP_009724395.1	TTT	F	ATT	I	46
NC_045512.2	27530	T	G	24400	10813	44	1	1	26	4.09735e-05	24406	1	FALSE	ORF7a:cds-YP_009724395.1	TTT	F	TGT	C	46
NC_045512.2	27530	T	C	24400	10813	44	4	3	42	0.000163894	24406	0.343721	FALSE	ORF7a:cds-YP_009724395.1	TTT	F	TCT	S	46
NC_045512.2	27530	T	A	24400	10813	44	1	1	34	4.09735e-05	24406	1	FALSE	ORF7a:cds-YP_009724395.1	TTT	F	TAT	Y	46
NC_045512.2	27531	T	C	25079	11511	45	2	1	53	7.97321e-05	25084	0.249975	FALSE	ORF7a:cds-YP_009724395.1	TTT	F	TTC	F	46
NC_045512.2	27531	T	A	25079	11511	45	3	3	34	0.000119598	25084	0.999998	FALSE	ORF7a:cds-YP_009724395.1	TTT	F	TTA	L	46
NC_045512.2	27532	C	T	25058	11626	45	6	6	34	0.000239378	25065	0.999904	FALSE	ORF7a:cds-YP_009724395.1	CAT	H	TAT	Y	47
NC_045512.2	27532	C	G	25058	11626	45	1	1	34	3.98963e-05	25065	1	FALSE	ORF7a:cds-YP_009724395.1	CAT	H	GAT	D	47
NC_045512.2	27533	A	T	25094	11630	45	4	4	32	0.000159369	25099	0.999992	FALSE	ORF7a:cds-YP_009724395.1	CAT	H	CTT	L	47
NC_045512.2	27533	A	C	25094	11630	45	1	1	34	3.98422e-05	25099	1	FALSE	ORF7a:cds-YP_009724395.1	CAT	H	CCT	P	47
NC_045512.2	27534	T	C	25527	11964	46	2	1	30	7.83331e-05	25532	1	FALSE	ORF7a:cds-YP_009724395.1	CAT	H	CAC	H	47
NC_045512.2	27534	T	A	25527	11964	46	3	3	45	0.0001175	25532	0.499982	FALSE	ORF7a:cds-YP_009724395.1	CAT	H	CAA	Q	47
NC_045512.2	27535	C	T	25461	11893	46	4	3	34	0.000157066	25467	0.999992	FALSE	ORF7a:cds-YP_009724395.1	CCT	P	TCT	S	48
NC_045512.2	27535	C	A	25461	11893	46	2	1	30	7.8533e-05	25467	1	FALSE	ORF7a:cds-YP_009724395.1	CCT	P	ACT	T	48
NC_045512.2	27536	C	T	26039	12231	46	1	1	34	3.83995e-05	26042	1	FALSE	ORF7a:cds-YP_009724395.1	CCT	P	CTT	L	48
NC_045512.2	27536	C	G	26039	12231	46	1	0	34	3.83995e-05	26042	1	FALSE	ORF7a:cds-YP_009724395.1	CCT	P	CGT	R	48
NC_045512.2	27536	C	A	26039	12231	46	1	0	34	3.83995e-05	26042	1	FALSE	ORF7a:cds-YP_009724395.1	CCT	P	CAT	H	48
NC_045512.2	27537	T	C	25677	11808	45	5	5	39	0.000194689	25682	0.99997	FALSE	ORF7a:cds-YP_009724395.1	CCT	P	CCC	P	48
NC_045512.2	27538	C	T	26136	12231	46	2	2	30	7.65169e-05	26138	1	FALSE	ORF7a:cds-YP_009724395.1	CTA	L	TTA	L	49
NC_045512.2	27539	T	C	26038	12177	46	6	5	34	0.000230371	26045	0.999944	FALSE	ORF7a:cds-YP_009724395.1	CTA	L	CCA	P	49
NC_045512.2	27539	T	A	26038	12177	46	1	1	34	3.83951e-05	26045	1	FALSE	ORF7a:cds-YP_009724395.1	CTA	L	CAA	Q	49
NC_045512.2	27540	A	T	26017	12183	46	6	5	32	0.000230512	26029	0.999944	FALSE	ORF7a:cds-YP_009724395.1	CTA	L	CTT	L	49
NC_045512.2	27540	A	G	26017	12183	46	2	1	51	7.68374e-05	26029	0.249909	FALSE	ORF7a:cds-YP_009724395.1	CTA	L	CTG	L	49
NC_045512.2	27540	A	C	26017	12183	46	4	4	30	0.000153675	26029	0.999996	FALSE	ORF7a:cds-YP_009724395.1	CTA	L	CTC	L	49
NC_045512.2	27541	G	T	26039	12137	46	2	2	34	7.67813e-05	26048	1	FALSE	ORF7a:cds-YP_009724395.1	GCT	A	TCT	S	50
NC_045512.2	27541	G	C	26039	12137	46	2	1	34	7.67813e-05	26048	1	FALSE	ORF7a:cds-YP_009724395.1	GCT	A	CCT	P	50
NC_045512.2	27541	G	A	26039	12137	46	5	4	40	0.000191953	26048	0.2265	FALSE	ORF7a:cds-YP_009724395.1	GCT	A	ACT	T	50
NC_045512.2	27542	C	T	26005	12270	46	3	2	38	0.000115323	26014	0.999999	FALSE	ORF7a:cds-YP_009724395.1	GCT	A	GTT	V	50
NC_045512.2	27542	C	G	26005	12270	46	3	3	34	0.000115323	26014	0.999999	FALSE	ORF7a:cds-YP_009724395.1	GCT	A	GGT	G	50
NC_045512.2	27542	C	A	26005	12270	46	3	2	34	0.000115323	26014	0.999999	FALSE	ORF7a:cds-YP_009724395.1	GCT	A	GAT	D	50
NC_045512.2	27543	T	G	25781	12006	46	3	2	31	0.000116311	25793	0.999998	FALSE	ORF7a:cds-YP_009724395.1	GCT	A	GCG	A	50
NC_045512.2	27543	T	C	25781	12006	46	7	5	33	0.000271391	25793	0.999733	FALSE	ORF7a:cds-YP_009724395.1	GCT	A	GCC	A	50
NC_045512.2	27543	T	A	25781	12006	46	2	2	34	7.75404e-05	25793	1	FALSE	ORF7a:cds-YP_009724395.1	GCT	A	GCA	A	50
NC_045512.2	27544	G	T	25850	11991	46	4	4	34	0.000154709	25855	0.999992	FALSE	ORF7a:cds-YP_009724395.1	GAT	D	TAT	Y	51
NC_045512.2	27544	G	C	25850	11991	46	1	1	34	3.86772e-05	25855	1	FALSE	ORF7a:cds-YP_009724395.1	GAT	D	CAT	H	51
NC_045512.2	27544	G	-ATA	25850	11991	46	1	0	20	3.86772e-05	25855	1	FALSE	NA	NA	NA	NA	NA	NA
NC_045512.2	27545	A	T	25637	11834	46	2	2	34	7.79849e-05	25646	1	FALSE	ORF7a:cds-YP_009724395.1	GAT	D	GTT	V	51
NC_045512.2	27545	A	G	25637	11834	46	4	3	35	0.00015597	25646	0.999992	FALSE	ORF7a:cds-YP_009724395.1	GAT	D	GGT	G	51
NC_045512.2	27545	A	C	25637	11834	46	3	2	28	0.000116977	25646	1	FALSE	ORF7a:cds-YP_009724395.1	GAT	D	GCT	A	51
NC_045512.2	27546	T	G	25696	11828	46	1	1	34	3.8906e-05	25703	1	FALSE	ORF7a:cds-YP_009724395.1	GAT	D	GAG	E	51
NC_045512.2	27546	T	C	25696	11828	46	1	1	34	3.8906e-05	25703	1	FALSE	ORF7a:cds-YP_009724395.1	GAT	D	GAC	D	51
NC_045512.2	27546	T	A	25696	11828	46	5	5	34	0.00019453	25703	0.99997	FALSE	ORF7a:cds-YP_009724395.1	GAT	D	GAA	E	51
NC_045512.2	27547	A	T	25216	11807	46	3	3	34	0.000118944	25222	0.999998	FALSE	ORF7a:cds-YP_009724395.1	AAC	N	TAC	Y	52
NC_045512.2	27547	A	G	25216	11807	46	2	2	30	7.92959e-05	25222	1	FALSE	ORF7a:cds-YP_009724395.1	AAC	N	GAC	D	52
NC_045512.2	27547	A	C	25216	11807	46	1	1	34	3.96479e-05	25222	1	FALSE	ORF7a:cds-YP_009724395.1	AAC	N	CAC	H	52
NC_045512.2	27548	A	T	25548	11832	46	1	1	34	3.91359e-05	25552	1	FALSE	ORF7a:cds-YP_009724395.1	AAC	N	ATC	I	52
NC_045512.2	27548	A	G	25548	11832	46	2	2	64	7.82718e-05	25552	0.249985	FALSE	ORF7a:cds-YP_009724395.1	AAC	N	AGC	S	52
NC_045512.2	27548	A	C	25548	11832	46	1	1	34	3.91359e-05	25552	1	FALSE	ORF7a:cds-YP_009724395.1	AAC	N	ACC	T	52
NC_045512.2	27549	C	T	25618	11879	46	4	3	42	0.000156073	25629	0.343631	FALSE	ORF7a:cds-YP_009724395.1	AAC	N	AAT	N	52
NC_045512.2	27549	C	G	25618	11879	46	3	2	26	0.000117055	25629	1	FALSE	ORF7a:cds-YP_009724395.1	AAC	N	AAG	K	52
NC_045512.2	27549	C	A	25618	11879	46	4	4	34	0.000156073	25629	0.999992	FALSE	ORF7a:cds-YP_009724395.1	AAC	N	AAA	K	52
NC_045512.2	27550	A	T	25441	11789	46	2	1	30	7.85855e-05	25450	1	FALSE	ORF7a:cds-YP_009724395.1	AAA	K	TAA	*	53
NC_045512.2	27550	A	G	25441	11789	46	4	4	35	0.000157171	25450	0.999992	FALSE	ORF7a:cds-YP_009724395.1	AAA	K	GAA	E	53
NC_045512.2	27550	A	C	25441	11789	46	3	2	34	0.000117878	25450	0.999998	FALSE	ORF7a:cds-YP_009724395.1	AAA	K	CAA	Q	53
NC_045512.2	27551	A	G	25971	11844	46	6	2	32	0.000230965	25978	0.999904	FALSE	ORF7a:cds-YP_009724395.1	AAA	K	AGA	R	53
NC_045512.2	27551	A	C	25971	11844	46	1	1	26	3.84941e-05	25978	1	FALSE	ORF7a:cds-YP_009724395.1	AAA	K	ACA	T	53
NC_045512.2	27552	A	T	24346	11888	43	1	1	34	4.10543e-05	24358	1	FALSE	ORF7a:cds-YP_009724395.1	AAA	K	AAT	N	53
NC_045512.2	27552	A	G	24346	11888	43	1	1	68	4.10543e-05	24358	0.499897	FALSE	ORF7a:cds-YP_009724395.1	AAA	K	AAG	K	53
NC_045512.2	27552	A	C	24346	11888	43	10	7	31	0.000410543	24358	0.99549	FALSE	ORF7a:cds-YP_009724395.1	AAA	K	AAC	N	53
NC_045512.2	27553	T	C	24901	10844	44	3	3	31	0.000120434	24910	0.999997	FALSE	ORF7a:cds-YP_009724395.1	TTT	F	CTT	L	54
NC_045512.2	27553	T	A	24901	10844	44	6	4	32	0.000240867	24910	0.999838	FALSE	ORF7a:cds-YP_009724395.1	TTT	F	ATT	I	54
NC_045512.2	27554	T	C	25676	11909	45	3	2	30	0.000116813	25682	0.999998	FALSE	ORF7a:cds-YP_009724395.1	TTT	F	TCT	S	54
NC_045512.2	27554	T	A	25676	11909	45	3	3	34	0.000116813	25682	0.999998	FALSE	ORF7a:cds-YP_009724395.1	TTT	F	TAT	Y	54
NC_045512.2	27555	T	C	25643	11864	45	1	1	34	3.8994e-05	25645	1	FALSE	ORF7a:cds-YP_009724395.1	TTT	F	TTC	F	54
NC_045512.2	27555	T	A	25643	11864	45	1	1	26	3.8994e-05	25645	1	FALSE	ORF7a:cds-YP_009724395.1	TTT	F	TTA	L	54
NC_045512.2	27556	G	T	25820	11708	45	8	7	34	0.000309729	25829	0.999343	FALSE	ORF7a:cds-YP_009724395.1	GCA	A	TCA	S	55
NC_045512.2	27556	G	C	25820	11708	45	1	1	34	3.87162e-05	25829	1	FALSE	ORF7a:cds-YP_009724395.1	GCA	A	CCA	P	55
NC_045512.2	27557	C	T	25901	11918	46	5	4	34	0.000192983	25909	0.99997	FALSE	ORF7a:cds-YP_009724395.1	GCA	A	GTA	V	55
NC_045512.2	27557	C	G	25901	11918	46	2	2	34	7.71933e-05	25909	1	FALSE	ORF7a:cds-YP_009724395.1	GCA	A	GGA	G	55
NC_045512.2	27557	C	A	25901	11918	46	1	1	27	3.85966e-05	25909	1	FALSE	ORF7a:cds-YP_009724395.1	GCA	A	GAA	E	55
NC_045512.2	27558	A	T	25919	11868	46	5	5	36	0.000192827	25930	0.99997	FALSE	ORF7a:cds-YP_009724395.1	GCA	A	GCT	A	55
NC_045512.2	27558	A	G	25919	11868	46	4	1	51	0.000154261	25930	0.0624638	FALSE	ORF7a:cds-YP_009724395.1	GCA	A	GCG	A	55
NC_045512.2	27558	A	C	25919	11868	46	2	2	34	7.71307e-05	25930	1	FALSE	ORF7a:cds-YP_009724395.1	GCA	A	GCC	A	55
NC_045512.2	27559	C	G	25998	12007	46	5	4	31	0.000192263	26006	0.999983	FALSE	ORF7a:cds-YP_009724395.1	CTG	L	GTG	V	56
NC_045512.2	27559	C	A	25998	12007	46	3	3	34	0.000115358	26006	0.999999	FALSE	ORF7a:cds-YP_009724395.1	CTG	L	ATG	M	56
NC_045512.2	27560	T	G	25352	11586	45	1	1	26	3.94322e-05	25360	1	FALSE	ORF7a:cds-YP_009724395.1	CTG	L	CGG	R	56
NC_045512.2	27560	T	C	25352	11586	45	6	6	32	0.000236593	25360	0.999904	FALSE	ORF7a:cds-YP_009724395.1	CTG	L	CCG	P	56
NC_045512.2	27560	T	A	25352	11586	45	1	1	34	3.94322e-05	25360	1	FALSE	ORF7a:cds-YP_009724395.1	CTG	L	CAG	Q	56
NC_045512.2	27561	G	T	26800	11792	45	5	4	32	0.000186511	26808	0.999983	FALSE	ORF7a:cds-YP_009724395.1	CTG	L	CTT	L	56
NC_045512.2	27561	G	A	26800	11792	45	3	3	34	0.000111907	26808	0.999999	FALSE	ORF7a:cds-YP_009724395.1	CTG	L	CTA	L	56
NC_045512.2	27562	A	G	26935	11780	45	4	3	42	0.000148467	26942	0.343706	FALSE	ORF7a:cds-YP_009724395.1	ACT	T	GCT	A	57
NC_045512.2	27562	A	C	26935	11780	45	3	3	31	0.00011135	26942	0.999999	FALSE	ORF7a:cds-YP_009724395.1	ACT	T	CCT	P	57
NC_045512.2	27563	C	T	26917	11816	45	3	3	34	0.000111421	26925	0.999999	FALSE	ORF7a:cds-YP_009724395.1	ACT	T	ATT	I	57
NC_045512.2	27563	C	G	26917	11816	45	1	0	34	3.71402e-05	26925	1	FALSE	ORF7a:cds-YP_009724395.1	ACT	T	AGT	S	57
NC_045512.2	27563	C	A	26917	11816	45	4	4	34	0.000148561	26925	0.999996	FALSE	ORF7a:cds-YP_009724395.1	ACT	T	AAT	N	57
NC_045512.2	27564	T	G	26867	11805	45	3	3	34	0.00011162	26877	0.999999	FALSE	ORF7a:cds-YP_009724395.1	ACT	T	ACG	T	57
NC_045512.2	27564	T	C	26867	11805	45	6	4	32	0.000223239	26877	0.999944	FALSE	ORF7a:cds-YP_009724395.1	ACT	T	ACC	T	57
NC_045512.2	27564	T	A	26867	11805	45	1	1	34	3.72065e-05	26877	1	FALSE	ORF7a:cds-YP_009724395.1	ACT	T	ACA	T	57
NC_045512.2	27565	T	G	26661	11854	46	1	1	27	3.74967e-05	26669	1	FALSE	ORF7a:cds-YP_009724395.1	TGC	C	GGC	G	58
NC_045512.2	27565	T	C	26661	11854	46	4	2	32	0.000149987	26669	0.999996	FALSE	ORF7a:cds-YP_009724395.1	TGC	C	CGC	R	58
NC_045512.2	27565	T	A	26661	11854	46	3	3	34	0.00011249	26669	0.999999	FALSE	ORF7a:cds-YP_009724395.1	TGC	C	AGC	S	58
NC_045512.2	27566	G	T	26965	11869	46	1	1	34	3.70769e-05	26971	1	FALSE	ORF7a:cds-YP_009724395.1	TGC	C	TTC	F	58
NC_045512.2	27566	G	C	26965	11869	46	2	2	34	7.41537e-05	26971	1	FALSE	ORF7a:cds-YP_009724395.1	TGC	C	TCC	S	58
NC_045512.2	27566	G	A	26965	11869	46	3	3	45	0.000111231	26971	0.499965	FALSE	ORF7a:cds-YP_009724395.1	TGC	C	TAC	Y	58
NC_045512.2	27567	C	T	27440	12353	45	2	2	34	7.28651e-05	27448	1	FALSE	ORF7a:cds-YP_009724395.1	TGC	C	TGT	C	58
NC_045512.2	27567	C	G	27440	12353	45	3	3	31	0.000109298	27448	1	FALSE	ORF7a:cds-YP_009724395.1	TGC	C	TGG	W	58
NC_045512.2	27567	C	A	27440	12353	45	3	3	29	0.000109298	27448	1	FALSE	ORF7a:cds-YP_009724395.1	TGC	C	TGA	*	58
NC_045512.2	27568	T	G	27529	12364	46	7	4	29	0.000254139	27544	1	FALSE	ORF7a:cds-YP_009724395.1	TTT	F	GTT	V	59
NC_045512.2	27568	T	C	27529	12364	46	7	7	37	0.000254139	27544	0.999903	FALSE	ORF7a:cds-YP_009724395.1	TTT	F	CTT	L	59
NC_045512.2	27568	T	A	27529	12364	46	1	1	34	3.63055e-05	27544	1	FALSE	ORF7a:cds-YP_009724395.1	TTT	F	ATT	I	59
NC_045512.2	27569	T	G	27428	12296	46	2	2	34	7.29076e-05	27432	1	FALSE	ORF7a:cds-YP_009724395.1	TTT	F	TGT	C	59
NC_045512.2	27569	T	A	27428	12296	46	2	2	34	7.29076e-05	27432	1	FALSE	ORF7a:cds-YP_009724395.1	TTT	F	TAT	Y	59
NC_045512.2	27570	T	G	25972	11414	46	2	2	34	7.69882e-05	25978	1	FALSE	ORF7a:cds-YP_009724395.1	TTT	F	TTG	L	59
NC_045512.2	27570	T	C	25972	11414	46	4	2	38	0.000153976	25978	0.999992	FALSE	ORF7a:cds-YP_009724395.1	TTT	F	TTC	F	59
NC_045512.2	27570	T	+G	25972	11414	46	1	0	20	3.84941e-05	25978	1	FALSE	NA	NA	NA	NA	NA	NA
NC_045512.2	27571	A	T	25827	11848	45	4	4	32	0.000154817	25837	0.999992	FALSE	ORF7a:cds-YP_009724395.1	AGC	S	TGC	C	60
NC_045512.2	27571	A	G	25827	11848	45	4	3	32	0.000154817	25837	0.999992	FALSE	ORF7a:cds-YP_009724395.1	AGC	S	GGC	G	60
NC_045512.2	27571	A	C	25827	11848	45	2	1	29	7.74084e-05	25837	1	FALSE	ORF7a:cds-YP_009724395.1	AGC	S	CGC	R	60
NC_045512.2	27572	G	T	25876	11773	45	2	2	34	7.72708e-05	25883	1	FALSE	ORF7a:cds-YP_009724395.1	AGC	S	ATC	I	60
NC_045512.2	27572	G	C	25876	11773	45	2	2	30	7.72708e-05	25883	1	FALSE	ORF7a:cds-YP_009724395.1	AGC	S	ACC	T	60
NC_045512.2	27572	G	A	25876	11773	45	3	3	34	0.000115906	25883	0.999998	FALSE	ORF7a:cds-YP_009724395.1	AGC	S	AAC	N	60
NC_045512.2	27573	C	T	25580	11881	45	5	3	32	0.000195396	25589	0.99997	FALSE	ORF7a:cds-YP_009724395.1	AGC	S	AGT	S	60
NC_045512.2	27573	C	G	25580	11881	45	3	3	31	0.000117238	25589	0.999998	FALSE	ORF7a:cds-YP_009724395.1	AGC	S	AGG	R	60
NC_045512.2	27573	C	A	25580	11881	45	1	1	26	3.90793e-05	25589	1	FALSE	ORF7a:cds-YP_009724395.1	AGC	S	AGA	R	60
NC_045512.2	27574	A	G	25602	11744	45	2	0	29	7.81067e-05	25606	1	FALSE	ORF7a:cds-YP_009724395.1	ACT	T	GCT	A	61
NC_045512.2	27574	A	C	25602	11744	45	2	2	34	7.81067e-05	25606	1	FALSE	ORF7a:cds-YP_009724395.1	ACT	T	CCT	P	61
NC_045512.2	27575	C	T	25440	12400	45	3	2	45	0.000117883	25449	0.499908	FALSE	ORF7a:cds-YP_009724395.1	ACT	T	ATT	I	61
NC_045512.2	27575	C	G	25440	12400	45	2	2	34	7.85885e-05	25449	1	FALSE	ORF7a:cds-YP_009724395.1	ACT	T	AGT	S	61
NC_045512.2	27575	C	A	25440	12400	45	4	4	32	0.000157177	25449	0.999992	FALSE	ORF7a:cds-YP_009724395.1	ACT	T	AAT	N	61
NC_045512.2	27576	T	G	25022	11854	47	2	1	30	7.99009e-05	25031	1	FALSE	ORF7a:cds-YP_009724395.1	ACT	T	ACG	T	61
NC_045512.2	27576	T	C	25022	11854	47	7	7	39	0.000279653	25031	0.999733	FALSE	ORF7a:cds-YP_009724395.1	ACT	T	ACC	T	61
NC_045512.2	27577	C	T	25516	12460	47	4	4	34	0.000156728	25522	0.999992	FALSE	ORF7a:cds-YP_009724395.1	CAA	Q	TAA	*	62
NC_045512.2	27577	C	G	25516	12460	47	1	1	34	3.91819e-05	25522	1	FALSE	ORF7a:cds-YP_009724395.1	CAA	Q	GAA	E	62
NC_045512.2	27577	C	A	25516	12460	47	1	1	34	3.91819e-05	25522	1	FALSE	ORF7a:cds-YP_009724395.1	CAA	Q	AAA	K	62
NC_045512.2	27578	A	G	25093	12540	47	1	0	34	3.98391e-05	25101	1	FALSE	ORF7a:cds-YP_009724395.1	CAA	Q	CGA	R	62
NC_045512.2	27578	A	C	25093	12540	47	7	5	32	0.000278873	25101	0.999734	FALSE	ORF7a:cds-YP_009724395.1	CAA	Q	CCA	P	62
NC_045512.2	27579	A	T	25426	12597	47	1	1	34	3.93205e-05	25432	1	FALSE	ORF7a:cds-YP_009724395.1	CAA	Q	CAT	H	62
NC_045512.2	27579	A	G	25426	12597	47	4	2	31	0.000157282	25432	0.999992	FALSE	ORF7a:cds-YP_009724395.1	CAA	Q	CAG	Q	62
NC_045512.2	27579	A	C	25426	12597	47	1	1	34	3.93205e-05	25432	1	FALSE	ORF7a:cds-YP_009724395.1	CAA	Q	CAC	H	62
NC_045512.2	27580	T	G	24391	11615	45	1	1	34	4.09853e-05	24399	1	FALSE	ORF7a:cds-YP_009724395.1	TTT	F	GTT	V	63
NC_045512.2	27580	T	C	24391	11615	45	2	2	34	8.19706e-05	24399	1	FALSE	ORF7a:cds-YP_009724395.1	TTT	F	CTT	L	63
NC_045512.2	27580	T	A	24391	11615	45	5	5	34	0.000204926	24399	0.999948	FALSE	ORF7a:cds-YP_009724395.1	TTT	F	ATT	I	63
NC_045512.2	27581	T	G	25362	12633	47	3	2	31	0.000118236	25373	0.999998	FALSE	ORF7a:cds-YP_009724395.1	TTT	F	TGT	C	63
NC_045512.2	27581	T	C	25362	12633	47	5	4	39	0.00019706	25373	0.99997	FALSE	ORF7a:cds-YP_009724395.1	TTT	F	TCT	S	63
NC_045512.2	27581	T	A	25362	12633	47	3	3	34	0.000118236	25373	0.999998	FALSE	ORF7a:cds-YP_009724395.1	TTT	F	TAT	Y	63
NC_045512.2	27582	T	G	25344	12837	47	1	0	34	3.94477e-05	25350	1	FALSE	ORF7a:cds-YP_009724395.1	TTT	F	TTG	L	63
NC_045512.2	27582	T	C	25344	12837	47	2	1	47	7.88955e-05	25350	0.687463	FALSE	ORF7a:cds-YP_009724395.1	TTT	F	TTC	F	63
NC_045512.2	27582	T	A	25344	12837	47	3	3	34	0.000118343	25350	0.999998	FALSE	ORF7a:cds-YP_009724395.1	TTT	F	TTA	L	63
NC_045512.2	27583	G	T	25731	12928	47	8	8	33	0.000310752	25744	0.999342	FALSE	ORF7a:cds-YP_009724395.1	GCT	A	TCT	S	64
NC_045512.2	27583	G	C	25731	12928	47	1	1	34	3.8844e-05	25744	1	FALSE	ORF7a:cds-YP_009724395.1	GCT	A	CCT	P	64
NC_045512.2	27583	G	A	25731	12928	47	4	3	37	0.000155376	25744	0.999992	FALSE	ORF7a:cds-YP_009724395.1	GCT	A	ACT	T	64
NC_045512.2	27584	C	T	25634	13095	47	5	4	31	0.000194955	25647	0.99997	FALSE	ORF7a:cds-YP_009724395.1	GCT	A	GTT	V	64
NC_045512.2	27584	C	G	25634	13095	47	4	4	34	0.000155964	25647	0.999992	FALSE	ORF7a:cds-YP_009724395.1	GCT	A	GGT	G	64
NC_045512.2	27584	C	A	25634	13095	47	4	4	32	0.000155964	25647	0.999992	FALSE	ORF7a:cds-YP_009724395.1	GCT	A	GAT	D	64
NC_045512.2	27584	C	-T	25634	13095	47	1	0	20	3.89909e-05	25647	1	FALSE	NA	NA	NA	NA	NA	NA
NC_045512.2	27585	T	G	25610	13124	48	1	0	34	3.90366e-05	25617	1	FALSE	ORF7a:cds-YP_009724395.1	GCT	A	GCG	A	64
NC_045512.2	27585	T	C	25610	13124	48	6	6	34	0.000234219	25617	0.999904	FALSE	ORF7a:cds-YP_009724395.1	GCT	A	GCC	A	64
NC_045512.2	27586	T	G	24440	12176	46	2	2	34	8.1813e-05	24446	1	FALSE	ORF7a:cds-YP_009724395.1	TTT	F	GTT	V	65
NC_045512.2	27586	T	C	24440	12176	46	3	3	35	0.000122719	24446	0.999997	FALSE	ORF7a:cds-YP_009724395.1	TTT	F	CTT	L	65
NC_045512.2	27586	T	A	24440	12176	46	1	1	34	4.09065e-05	24446	1	FALSE	ORF7a:cds-YP_009724395.1	TTT	F	ATT	I	65
NC_045512.2	27587	T	C	25031	12758	48	4	4	40	0.000159764	25037	0.343722	FALSE	ORF7a:cds-YP_009724395.1	TTT	F	TCT	S	65
NC_045512.2	27587	T	A	25031	12758	48	2	2	34	7.98818e-05	25037	1	FALSE	ORF7a:cds-YP_009724395.1	TTT	F	TAT	Y	65
NC_045512.2	27588	T	C	25612	12826	48	6	4	48	0.00023421	25618	0.144525	FALSE	ORF7a:cds-YP_009724395.1	TTT	F	TTC	F	65
NC_045512.2	27589	G	T	25570	12777	48	6	5	34	0.000234558	25580	0.999904	FALSE	ORF7a:cds-YP_009724395.1	GCT	A	TCT	S	66
NC_045512.2	27589	G	C	25570	12777	48	3	2	31	0.000117279	25580	0.999998	FALSE	ORF7a:cds-YP_009724395.1	GCT	A	CCT	P	66
NC_045512.2	27589	G	A	25570	12777	48	1	1	68	3.9093e-05	25580	0.499922	FALSE	ORF7a:cds-YP_009724395.1	GCT	A	ACT	T	66
NC_045512.2	27590	C	T	25509	13176	48	5	4	34	0.00019594	25518	0.99997	FALSE	ORF7a:cds-YP_009724395.1	GCT	A	GTT	V	66
NC_045512.2	27590	C	G	25509	13176	48	4	4	34	0.000156752	25518	0.999992	FALSE	ORF7a:cds-YP_009724395.1	GCT	A	GGT	G	66
NC_045512.2	27591	T	C	25637	13203	48	11	11	36	0.000428883	25648	0.99435	FALSE	ORF7a:cds-YP_009724395.1	GCT	A	GCC	A	66
NC_045512.2	27592	T	G	25330	12868	48	2	2	34	7.89391e-05	25336	1	FALSE	ORF7a:cds-YP_009724395.1	TGT	C	GGT	G	67
NC_045512.2	27592	T	C	25330	12868	48	3	2	35	0.000118409	25336	0.999998	FALSE	ORF7a:cds-YP_009724395.1	TGT	C	CGT	R	67
NC_045512.2	27592	T	A	25330	12868	48	1	1	34	3.94695e-05	25336	1	FALSE	ORF7a:cds-YP_009724395.1	TGT	C	AGT	S	67
NC_045512.2	27593	G	T	25563	12899	49	6	6	32	0.000234604	25575	0.999904	FALSE	ORF7a:cds-YP_009724395.1	TGT	C	TTT	F	67
NC_045512.2	27593	G	C	25563	12899	49	5	5	30	0.000195503	25575	0.99997	FALSE	ORF7a:cds-YP_009724395.1	TGT	C	TCT	S	67
NC_045512.2	27593	G	A	25563	12899	49	1	1	34	3.91007e-05	25575	1	FALSE	ORF7a:cds-YP_009724395.1	TGT	C	TAT	Y	67
NC_045512.2	27594	T	G	25790	12924	48	6	6	32	0.000232576	25798	0.999904	FALSE	ORF7a:cds-YP_009724395.1	TGT	C	TGG	W	67
NC_045512.2	27594	T	C	25790	12924	48	2	1	31	7.75254e-05	25798	1	FALSE	ORF7a:cds-YP_009724395.1	TGT	C	TGC	C	67
NC_045512.2	27595	C	T	25693	12878	48	5	5	32	0.00019456	25699	0.99997	FALSE	ORF7a:cds-YP_009724395.1	CCT	P	TCT	S	68
NC_045512.2	27595	C	A	25693	12878	48	1	1	27	3.8912e-05	25699	1	FALSE	ORF7a:cds-YP_009724395.1	CCT	P	ACT	T	68
NC_045512.2	27596	C	T	25607	12938	49	1	1	26	3.90457e-05	25611	1	FALSE	ORF7a:cds-YP_009724395.1	CCT	P	CTT	L	68
NC_045512.2	27596	C	G	25607	12938	49	3	2	31	0.000117137	25611	0.999998	FALSE	ORF7a:cds-YP_009724395.1	CCT	P	CGT	R	68
NC_045512.2	27596	C	-T	25607	12938	49	1	0	20	3.90457e-05	25611	1	FALSE	NA	NA	NA	NA	NA	NA
NC_045512.2	27597	T	G	24660	12289	49	1	0	34	4.05334e-05	24671	1	FALSE	ORF7a:cds-YP_009724395.1	CCT	P	CCG	P	68
NC_045512.2	27597	T	C	24660	12289	49	10	9	35	0.000405334	24671	0.995489	FALSE	ORF7a:cds-YP_009724395.1	CCT	P	CCC	P	68
NC_045512.2	27598	G	T	24703	12337	49	8	7	33	0.000323677	24716	0.998951	FALSE	ORF7a:cds-YP_009724395.1	GAC	D	TAC	Y	69
NC_045512.2	27598	G	C	24703	12337	49	2	2	34	8.09192e-05	24716	1	FALSE	ORF7a:cds-YP_009724395.1	GAC	D	CAC	H	69
NC_045512.2	27598	G	A	24703	12337	49	3	2	45	0.000121379	24716	0.499829	FALSE	ORF7a:cds-YP_009724395.1	GAC	D	AAC	N	69
NC_045512.2	27599	A	T	24505	12339	49	1	1	34	4.0793e-05	24514	1	FALSE	ORF7a:cds-YP_009724395.1	GAC	D	GTC	V	69
NC_045512.2	27599	A	G	24505	12339	49	6	6	34	0.000244758	24514	0.999838	FALSE	ORF7a:cds-YP_009724395.1	GAC	D	GGC	G	69
NC_045512.2	27599	A	C	24505	12339	49	2	2	34	8.1586e-05	24514	1	FALSE	ORF7a:cds-YP_009724395.1	GAC	D	GCC	A	69
NC_045512.2	27600	C	T	24428	12611	49	2	2	34	8.18398e-05	24438	1	FALSE	ORF7a:cds-YP_009724395.1	GAC	D	GAT	D	69
NC_045512.2	27600	C	G	24428	12611	49	1	1	34	4.09199e-05	24438	1	FALSE	ORF7a:cds-YP_009724395.1	GAC	D	GAG	E	69
NC_045512.2	27600	C	A	24428	12611	49	7	7	29	0.000286439	24438	1	FALSE	ORF7a:cds-YP_009724395.1	GAC	D	GAA	E	69
NC_045512.2	27601	G	T	24034	12328	49	3	3	28	0.000124761	24046	1	FALSE	ORF7a:cds-YP_009724395.1	GGC	G	TGC	C	70
NC_045512.2	27601	G	C	24034	12328	49	7	7	32	0.000291109	24046	0.999562	FALSE	ORF7a:cds-YP_009724395.1	GGC	G	CGC	R	70
NC_045512.2	27601	G	A	24034	12328	49	2	1	51	8.31739e-05	24046	0.249901	FALSE	ORF7a:cds-YP_009724395.1	GGC	G	AGC	S	70
NC_045512.2	27602	G	T	25204	12464	49	2	1	30	7.93242e-05	25213	1	FALSE	ORF7a:cds-YP_009724395.1	GGC	G	GTC	V	70
NC_045512.2	27602	G	C	25204	12464	49	2	2	30	7.93242e-05	25213	1	FALSE	ORF7a:cds-YP_009724395.1	GGC	G	GCC	A	70
NC_045512.2	27602	G	A	25204	12464	49	5	4	40	0.00019831	25213	0.226497	FALSE	ORF7a:cds-YP_009724395.1	GGC	G	GAC	D	70
NC_045512.2	27603	C	T	24889	12532	49	1	1	68	4.01639e-05	24898	0.49993	FALSE	ORF7a:cds-YP_009724395.1	GGC	G	GGT	G	70
NC_045512.2	27603	C	G	24889	12532	49	6	6	34	0.000240983	24898	0.999838	FALSE	ORF7a:cds-YP_009724395.1	GGC	G	GGG	G	70
NC_045512.2	27603	C	A	24889	12532	49	2	2	34	8.03277e-05	24898	1	FALSE	ORF7a:cds-YP_009724395.1	GGC	G	GGA	G	70
NC_045512.2	27604	G	C	24966	12516	49	6	5	29	0.00024024	24975	1	FALSE	ORF7a:cds-YP_009724395.1	GTA	V	CTA	L	71
NC_045512.2	27604	G	A	24966	12516	49	3	2	38	0.00012012	24975	0.999997	FALSE	ORF7a:cds-YP_009724395.1	GTA	V	ATA	I	71
NC_045512.2	27605	T	G	24981	12643	49	7	7	34	0.000280078	24993	0.999562	FALSE	ORF7a:cds-YP_009724395.1	GTA	V	GGA	G	71
NC_045512.2	27605	T	C	24981	12643	49	2	1	51	8.00224e-05	24993	0.249905	FALSE	ORF7a:cds-YP_009724395.1	GTA	V	GCA	A	71
NC_045512.2	27605	T	A	24981	12643	49	3	2	29	0.000120034	24993	1	FALSE	ORF7a:cds-YP_009724395.1	GTA	V	GAA	E	71
NC_045512.2	27605	T	-A	24981	12643	49	2	0	20	8.00224e-05	24993	1	FALSE	NA	NA	NA	NA	NA	NA
NC_045512.2	27606	A	T	25000	12600	49	5	5	32	0.000199912	25011	0.99997	FALSE	ORF7a:cds-YP_009724395.1	GTA	V	GTT	V	71
NC_045512.2	27606	A	G	25000	12600	49	1	1	34	3.99824e-05	25011	1	FALSE	ORF7a:cds-YP_009724395.1	GTA	V	GTG	V	71
NC_045512.2	27606	A	C	25000	12600	49	5	4	32	0.000199912	25011	0.99997	FALSE	ORF7a:cds-YP_009724395.1	GTA	V	GTC	V	71
NC_045512.2	27606	A	-AAACACGTCTATCAGTTACGTGCCAGATCAGTTTCACCTAAACTGTTCATCAGACAAGAGG	25000	12600	49	1	0	20	3.99792e-05	25013	1	FALSE	NA	NA	NA	NA	NA	NA
NC_045512.2	27607	A	T	25284	12734	49	1	1	26	3.95413e-05	25290	1	FALSE	ORF7a:cds-YP_009724395.1	AAA	K	TAA	*	72
NC_045512.2	27607	A	G	25284	12734	49	4	4	29	0.000158165	25290	1	FALSE	ORF7a:cds-YP_009724395.1	AAA	K	GAA	E	72
NC_045512.2	27607	A	C	25284	12734	49	1	1	34	3.95413e-05	25290	1	FALSE	ORF7a:cds-YP_009724395.1	AAA	K	CAA	Q	72
NC_045512.2	27608	A	T	22994	12959	45	2	2	34	8.69603e-05	22999	0.999999	FALSE	ORF7a:cds-YP_009724395.1	AAA	K	ATA	I	72
NC_045512.2	27608	A	C	22994	12959	45	3	1	28	0.00013044	22999	1	FALSE	ORF7a:cds-YP_009724395.1	AAA	K	ACA	T	72
NC_045512.2	27609	A	T	25236	12931	49	1	1	34	3.95648e-05	25275	1	FALSE	ORF7a:cds-YP_009724395.1	AAA	K	AAT	N	72
NC_045512.2	27609	A	G	25236	12931	49	35	20	46	0.00138477	25275	5.05556e-09	TRUE	ORF7a:cds-YP_009724395.1	AAA	K	AAG	K	72
NC_045512.2	27609	A	C	25236	12931	49	3	2	28	0.000118694	25275	1	FALSE	ORF7a:cds-YP_009724395.1	AAA	K	AAC	N	72
NC_045512.2	27610	C	T	25192	13035	49	1	1	34	3.96825e-05	25200	1	FALSE	ORF7a:cds-YP_009724395.1	CAC	H	TAC	Y	73
NC_045512.2	27610	C	A	25192	13035	49	7	7	34	0.000277778	25200	0.999733	FALSE	ORF7a:cds-YP_009724395.1	CAC	H	AAC	N	73
NC_045512.2	27611	A	G	23450	11665	50	2	1	34	8.52697e-05	23455	0.999999	FALSE	ORF7a:cds-YP_009724395.1	CAC	H	CGC	R	73
NC_045512.2	27611	A	C	23450	11665	50	3	3	34	0.000127904	23455	0.999995	FALSE	ORF7a:cds-YP_009724395.1	CAC	H	CCC	P	73
NC_045512.2	27612	C	T	23485	12246	49	2	1	26	8.51245e-05	23495	1	FALSE	ORF7a:cds-YP_009724395.1	CAC	H	CAT	H	73
NC_045512.2	27612	C	A	23485	12246	49	8	7	37	0.000340498	23495	0.99834	FALSE	ORF7a:cds-YP_009724395.1	CAC	H	CAA	Q	73
NC_045512.2	27613	G	T	23588	12284	49	2	1	34	8.47494e-05	23599	0.999999	FALSE	ORF7a:cds-YP_009724395.1	GTC	V	TTC	F	74
NC_045512.2	27613	G	C	23588	12284	49	7	7	32	0.000296623	23599	0.999286	FALSE	ORF7a:cds-YP_009724395.1	GTC	V	CTC	L	74
NC_045512.2	27613	G	A	23588	12284	49	2	1	47	8.47494e-05	23599	0.687365	FALSE	ORF7a:cds-YP_009724395.1	GTC	V	ATC	I	74
NC_045512.2	27614	T	G	23544	12134	48	7	7	34	0.000297152	23557	0.999285	FALSE	ORF7a:cds-YP_009724395.1	GTC	V	GGC	G	74
NC_045512.2	27614	T	A	23544	12134	48	6	4	33	0.000254701	23557	0.999727	FALSE	ORF7a:cds-YP_009724395.1	GTC	V	GAC	D	74
NC_045512.2	27615	C	T	23863	12480	49	5	5	34	0.000209459	23871	0.99991	FALSE	ORF7a:cds-YP_009724395.1	GTC	V	GTT	V	74
NC_045512.2	27615	C	G	23863	12480	49	2	1	30	8.37837e-05	23871	0.999999	FALSE	ORF7a:cds-YP_009724395.1	GTC	V	GTG	V	74
NC_045512.2	27615	C	A	23863	12480	49	1	1	34	4.18918e-05	23871	1	FALSE	ORF7a:cds-YP_009724395.1	GTC	V	GTA	V	74
NC_045512.2	27616	T	G	23441	12021	48	4	4	32	0.000170539	23455	0.999975	FALSE	ORF7a:cds-YP_009724395.1	TAT	Y	GAT	D	75
NC_045512.2	27616	T	C	23441	12021	48	8	8	35	0.000341079	23455	0.998338	FALSE	ORF7a:cds-YP_009724395.1	TAT	Y	CAT	H	75
NC_045512.2	27616	T	A	23441	12021	48	2	2	34	8.52697e-05	23455	0.999999	FALSE	ORF7a:cds-YP_009724395.1	TAT	Y	AAT	N	75
NC_045512.2	27617	A	T	23656	12343	49	8	8	30	0.000338009	23668	0.998339	FALSE	ORF7a:cds-YP_009724395.1	TAT	Y	TTT	F	75
NC_045512.2	27617	A	G	23656	12343	49	3	1	45	0.000126753	23668	0.499822	FALSE	ORF7a:cds-YP_009724395.1	TAT	Y	TGT	C	75
NC_045512.2	27617	A	C	23656	12343	49	1	1	26	4.22511e-05	23668	1	FALSE	ORF7a:cds-YP_009724395.1	TAT	Y	TCT	S	75
NC_045512.2	27618	T	C	23808	12396	49	7	6	34	0.000293871	23820	0.999286	FALSE	ORF7a:cds-YP_009724395.1	TAT	Y	TAC	Y	75
NC_045512.2	27618	T	A	23808	12396	49	5	5	34	0.000209908	23820	0.99991	FALSE	ORF7a:cds-YP_009724395.1	TAT	Y	TAA	*	75
NC_045512.2	27619	C	T	23493	12658	48	10	10	33	0.000425423	23506	0.993244	FALSE	ORF7a:cds-YP_009724395.1	CAG	Q	TAG	*	76
NC_045512.2	27619	C	G	23493	12658	48	2	2	51	8.50847e-05	23506	0.249878	FALSE	ORF7a:cds-YP_009724395.1	CAG	Q	GAG	E	76
NC_045512.2	27619	C	A	23493	12658	48	1	1	34	4.25423e-05	23506	1	FALSE	ORF7a:cds-YP_009724395.1	CAG	Q	AAG	K	76
NC_045512.2	27620	A	T	23273	12606	48	1	1	34	4.29516e-05	23282	1	FALSE	ORF7a:cds-YP_009724395.1	CAG	Q	CTG	L	76
NC_045512.2	27620	A	G	23273	12606	48	2	2	29	8.59033e-05	23282	1	FALSE	ORF7a:cds-YP_009724395.1	CAG	Q	CGG	R	76
NC_045512.2	27620	A	C	23273	12606	48	6	6	31	0.00025771	23282	0.999728	FALSE	ORF7a:cds-YP_009724395.1	CAG	Q	CCG	P	76
NC_045512.2	27621	G	T	23497	12656	47	3	3	34	0.000127627	23506	0.999995	FALSE	ORF7a:cds-YP_009724395.1	CAG	Q	CAT	H	76
NC_045512.2	27621	G	A	23497	12656	47	6	6	34	0.000255254	23506	0.999728	FALSE	ORF7a:cds-YP_009724395.1	CAG	Q	CAA	Q	76
NC_045512.2	27622	T	G	23320	12532	48	7	7	32	0.000299991	23334	0.999285	FALSE	ORF7a:cds-YP_009724395.1	TTA	L	GTA	V	77
NC_045512.2	27622	T	C	23320	12532	48	7	6	32	0.000299991	23334	0.999285	FALSE	ORF7a:cds-YP_009724395.1	TTA	L	CTA	L	77
NC_045512.2	27623	T	C	23138	12398	48	2	1	30	8.64192e-05	23143	0.999999	FALSE	ORF7a:cds-YP_009724395.1	TTA	L	TCA	S	77
NC_045512.2	27623	T	A	23138	12398	48	3	3	31	0.000129629	23143	0.999995	FALSE	ORF7a:cds-YP_009724395.1	TTA	L	TAA	*	77
NC_045512.2	27624	A	T	23064	12557	47	8	8	33	0.000346696	23075	0.99834	FALSE	ORF7a:cds-YP_009724395.1	TTA	L	TTT	F	77
NC_045512.2	27624	A	G	23064	12557	47	3	2	45	0.000130011	23075	0.499837	FALSE	ORF7a:cds-YP_009724395.1	TTA	L	TTG	L	77
NC_045512.2	27625	C	T	22881	12520	47	6	5	34	0.000262077	22894	0.999544	FALSE	ORF7a:cds-YP_009724395.1	CGT	R	TGT	C	78
NC_045512.2	27625	C	G	22881	12520	47	2	2	30	8.73591e-05	22894	0.999999	FALSE	ORF7a:cds-YP_009724395.1	CGT	R	GGT	G	78
NC_045512.2	27625	C	A	22881	12520	47	5	5	34	0.000218398	22894	0.999845	FALSE	ORF7a:cds-YP_009724395.1	CGT	R	AGT	S	78
NC_045512.2	27626	G	T	22790	12437	47	2	2	34	8.7727e-05	22798	0.999999	FALSE	ORF7a:cds-YP_009724395.1	CGT	R	CTT	L	78
NC_045512.2	27626	G	C	22790	12437	47	4	4	34	0.000175454	22798	0.999956	FALSE	ORF7a:cds-YP_009724395.1	CGT	R	CCT	P	78
NC_045512.2	27626	G	A	22790	12437	47	2	2	34	8.7727e-05	22798	0.999999	FALSE	ORF7a:cds-YP_009724395.1	CGT	R	CAT	H	78
NC_045512.2	27627	T	G	23485	12552	47	5	5	30	0.000212775	23499	0.99991	FALSE	ORF7a:cds-YP_009724395.1	CGT	R	CGG	R	78
NC_045512.2	27627	T	C	23485	12552	47	3	3	45	0.000127665	23499	0.499781	FALSE	ORF7a:cds-YP_009724395.1	CGT	R	CGC	R	78
NC_045512.2	27627	T	A	23485	12552	47	6	5	31	0.00025533	23499	0.999727	FALSE	ORF7a:cds-YP_009724395.1	CGT	R	CGA	R	78
NC_045512.2	27628	G	T	23488	12539	47	6	5	32	0.000255352	23497	0.999728	FALSE	ORF7a:cds-YP_009724395.1	GCC	A	TCC	S	79
NC_045512.2	27628	G	C	23488	12539	47	3	3	34	0.000127676	23497	0.999995	FALSE	ORF7a:cds-YP_009724395.1	GCC	A	CCC	P	79
NC_045512.2	27629	C	T	23418	12533	47	3	3	31	0.000128046	23429	0.999995	FALSE	ORF7a:cds-YP_009724395.1	GCC	A	GTC	V	79
NC_045512.2	27629	C	G	23418	12533	47	7	7	38	0.000298775	23429	0.999286	FALSE	ORF7a:cds-YP_009724395.1	GCC	A	GGC	G	79
NC_045512.2	27629	C	A	23418	12533	47	1	1	34	4.26821e-05	23429	1	FALSE	ORF7a:cds-YP_009724395.1	GCC	A	GAC	D	79
NC_045512.2	27629	C	+CAGAT	23418	12533	47	1	0	20	4.26803e-05	23430	1	FALSE	NA	NA	NA	NA	NA	NA
NC_045512.2	27630	C	T	23153	12313	47	5	5	32	0.00021588	23161	0.99991	FALSE	ORF7a:cds-YP_009724395.1	GCC	A	GCT	A	79
NC_045512.2	27630	C	G	23153	12313	47	1	1	26	4.3176e-05	23161	1	FALSE	ORF7a:cds-YP_009724395.1	GCC	A	GCG	A	79
NC_045512.2	27630	C	A	23153	12313	47	2	2	34	8.63521e-05	23161	0.999999	FALSE	ORF7a:cds-YP_009724395.1	GCC	A	GCA	A	79
NC_045512.2	27631	A	T	23254	12326	47	3	3	28	0.000128932	23268	1	FALSE	ORF7a:cds-YP_009724395.1	AGA	R	TGA	*	80
NC_045512.2	27631	A	G	23254	12326	47	4	4	32	0.00017191	23268	0.999975	FALSE	ORF7a:cds-YP_009724395.1	AGA	R	GGA	G	80
NC_045512.2	27631	A	C	23254	12326	47	7	4	33	0.000300842	23268	0.999285	FALSE	ORF7a:cds-YP_009724395.1	AGA	R	CGA	R	80
NC_045512.2	27632	G	T	23537	12308	47	2	1	30	8.49221e-05	23551	0.999999	FALSE	ORF7a:cds-YP_009724395.1	AGA	R	ATA	I	80
NC_045512.2	27632	G	C	23537	12308	47	6	6	31	0.000254766	23551	0.999727	FALSE	ORF7a:cds-YP_009724395.1	AGA	R	ACA	T	80
NC_045512.2	27632	G	A	23537	12308	47	6	6	32	0.000254766	23551	0.999727	FALSE	ORF7a:cds-YP_009724395.1	AGA	R	AAA	K	80
NC_045512.2	27633	A	T	23230	12415	46	4	4	32	0.000172102	23242	0.999975	FALSE	ORF7a:cds-YP_009724395.1	AGA	R	AGT	S	80
NC_045512.2	27633	A	G	23230	12415	46	3	2	38	0.000129077	23242	0.999995	FALSE	ORF7a:cds-YP_009724395.1	AGA	R	AGG	R	80
NC_045512.2	27633	A	C	23230	12415	46	5	5	32	0.000215128	23242	0.99991	FALSE	ORF7a:cds-YP_009724395.1	AGA	R	AGC	S	80
NC_045512.2	27634	T	G	23596	12392	47	2	2	34	8.4717e-05	23608	0.999999	FALSE	ORF7a:cds-YP_009724395.1	TCA	S	GCA	A	81
NC_045512.2	27634	T	C	23596	12392	47	2	0	34	8.4717e-05	23608	0.999999	FALSE	ORF7a:cds-YP_009724395.1	TCA	S	CCA	P	81
NC_045512.2	27634	T	A	23596	12392	47	8	8	33	0.000338868	23608	0.998339	FALSE	ORF7a:cds-YP_009724395.1	TCA	S	ACA	T	81
NC_045512.2	27635	C	T	23560	12361	47	7	6	32	0.000296937	23574	0.999285	FALSE	ORF7a:cds-YP_009724395.1	TCA	S	TTA	L	81
NC_045512.2	27635	C	G	23560	12361	47	6	4	31	0.000254518	23574	0.999727	FALSE	ORF7a:cds-YP_009724395.1	TCA	S	TGA	*	81
NC_045512.2	27635	C	A	23560	12361	47	1	1	68	4.24196e-05	23574	0.499862	FALSE	ORF7a:cds-YP_009724395.1	TCA	S	TAA	*	81
NC_045512.2	27636	A	T	22956	11710	47	1	1	34	4.35332e-05	22971	1	FALSE	ORF7a:cds-YP_009724395.1	TCA	S	TCT	S	81
NC_045512.2	27636	A	G	22956	11710	47	8	4	44	0.000348265	22971	0.0546148	FALSE	ORF7a:cds-YP_009724395.1	TCA	S	TCG	S	81
NC_045512.2	27636	A	C	22956	11710	47	6	6	32	0.000261199	22971	0.999544	FALSE	ORF7a:cds-YP_009724395.1	TCA	S	TCC	S	81
NC_045512.2	27637	G	T	23478	11755	47	9	8	34	0.000383109	23492	0.996503	FALSE	ORF7a:cds-YP_009724395.1	GTT	V	TTT	F	82
NC_045512.2	27637	G	C	23478	11755	47	2	2	34	8.51354e-05	23492	0.999999	FALSE	ORF7a:cds-YP_009724395.1	GTT	V	CTT	L	82
NC_045512.2	27637	G	A	23478	11755	47	3	3	31	0.000127703	23492	0.999995	FALSE	ORF7a:cds-YP_009724395.1	GTT	V	ATT	I	82
NC_045512.2	27637	G	+T	23478	11755	47	1	0	20	4.25659e-05	23493	1	FALSE	NA	NA	NA	NA	NA	NA
NC_045512.2	27638	T	G	23441	11872	47	6	6	32	0.000255864	23450	0.999728	FALSE	ORF7a:cds-YP_009724395.1	GTT	V	GGT	G	82
NC_045512.2	27638	T	C	23441	11872	47	3	2	45	0.000127932	23450	0.49988	FALSE	ORF7a:cds-YP_009724395.1	GTT	V	GCT	A	82
NC_045512.2	27639	T	G	23503	11928	47	1	0	34	4.25351e-05	23510	1	FALSE	ORF7a:cds-YP_009724395.1	GTT	V	GTG	V	82
NC_045512.2	27639	T	C	23503	11928	47	4	3	45	0.00017014	23510	0.34368	FALSE	ORF7a:cds-YP_009724395.1	GTT	V	GTC	V	82
NC_045512.2	27639	T	A	23503	11928	47	2	2	34	8.50702e-05	23510	0.999999	FALSE	ORF7a:cds-YP_009724395.1	GTT	V	GTA	V	82
NC_045512.2	27640	T	G	23545	11955	47	4	3	32	0.00016983	23553	0.999975	FALSE	ORF7a:cds-YP_009724395.1	TCA	S	GCA	A	83
NC_045512.2	27640	T	C	23545	11955	47	3	3	42	0.000127372	23553	0.4999	FALSE	ORF7a:cds-YP_009724395.1	TCA	S	CCA	P	83
NC_045512.2	27640	T	A	23545	11955	47	1	1	34	4.24574e-05	23553	1	FALSE	ORF7a:cds-YP_009724395.1	TCA	S	ACA	T	83
NC_045512.2	27640	T	+CAG	23545	11955	47	1	0	20	4.24556e-05	23554	1	FALSE	NA	NA	NA	NA	NA	NA
NC_045512.2	27641	C	T	25331	12028	47	11	10	33	0.000434011	25345	0.994343	FALSE	ORF7a:cds-YP_009724395.1	TCA	S	TTA	L	83
NC_045512.2	27641	C	G	25331	12028	47	2	2	34	7.8911e-05	25345	1	FALSE	ORF7a:cds-YP_009724395.1	TCA	S	TGA	*	83
NC_045512.2	27641	C	A	25331	12028	47	1	0	34	3.94555e-05	25345	1	FALSE	ORF7a:cds-YP_009724395.1	TCA	S	TAA	*	83
NC_045512.2	27642	A	T	25140	12065	47	7	7	34	0.000278219	25160	0.999732	FALSE	ORF7a:cds-YP_009724395.1	TCA	S	TCT	S	83
NC_045512.2	27642	A	G	25140	12065	47	4	4	34	0.000158983	25160	0.999992	FALSE	ORF7a:cds-YP_009724395.1	TCA	S	TCG	S	83
NC_045512.2	27642	A	C	25140	12065	47	9	7	33	0.000357711	25160	0.998531	FALSE	ORF7a:cds-YP_009724395.1	TCA	S	TCC	S	83
NC_045512.2	27643	C	T	25545	12177	47	6	6	32	0.000234751	25559	0.999904	FALSE	ORF7a:cds-YP_009724395.1	CCT	P	TCT	S	84
NC_045512.2	27643	C	G	25545	12177	47	2	1	30	7.82503e-05	25559	1	FALSE	ORF7a:cds-YP_009724395.1	CCT	P	GCT	A	84
NC_045512.2	27643	C	A	25545	12177	47	6	6	32	0.000234751	25559	0.999904	FALSE	ORF7a:cds-YP_009724395.1	CCT	P	ACT	T	84
NC_045512.2	27644	C	T	25442	12202	47	4	4	30	0.000157177	25449	0.999992	FALSE	ORF7a:cds-YP_009724395.1	CCT	P	CTT	L	84
NC_045512.2	27644	C	G	25442	12202	47	3	3	34	0.000117883	25449	0.999998	FALSE	ORF7a:cds-YP_009724395.1	CCT	P	CGT	R	84
NC_045512.2	27644	C	-T	25442	12202	47	1	0	20	3.92927e-05	25450	1	FALSE	NA	NA	NA	NA	NA	NA
NC_045512.2	27645	T	G	25146	11783	46	1	1	34	3.97472e-05	25159	1	FALSE	ORF7a:cds-YP_009724395.1	CCT	P	CCG	P	84
NC_045512.2	27645	T	C	25146	11783	46	9	8	33	0.000357725	25159	0.998534	FALSE	ORF7a:cds-YP_009724395.1	CCT	P	CCC	P	84
NC_045512.2	27645	T	A	25146	11783	46	3	3	31	0.000119242	25159	0.999998	FALSE	ORF7a:cds-YP_009724395.1	CCT	P	CCA	P	84
NC_045512.2	27646	A	T	25233	11771	47	6	6	32	0.000237624	25250	0.999904	FALSE	ORF7a:cds-YP_009724395.1	AAA	K	TAA	*	85
NC_045512.2	27646	A	G	25233	11771	47	5	3	47	0.00019802	25250	0.226351	FALSE	ORF7a:cds-YP_009724395.1	AAA	K	GAA	E	85
NC_045512.2	27646	A	C	25233	11771	47	6	6	32	0.000237624	25250	0.999904	FALSE	ORF7a:cds-YP_009724395.1	AAA	K	CAA	Q	85
NC_045512.2	27647	A	T	25127	11689	46	6	5	32	0.000238663	25140	0.999904	FALSE	ORF7a:cds-YP_009724395.1	AAA	K	ATA	I	85
NC_045512.2	27647	A	C	25127	11689	46	7	7	31	0.000278441	25140	0.999733	FALSE	ORF7a:cds-YP_009724395.1	AAA	K	ACA	T	85
NC_045512.2	27648	A	T	23529	11811	44	3	3	31	0.000127421	23544	0.999995	FALSE	ORF7a:cds-YP_009724395.1	AAA	K	AAT	N	85
NC_045512.2	27648	A	G	23529	11811	44	7	4	33	0.000297316	23544	0.999285	FALSE	ORF7a:cds-YP_009724395.1	AAA	K	AAG	K	85
NC_045512.2	27648	A	C	23529	11811	44	5	5	29	0.000212368	23544	1	FALSE	ORF7a:cds-YP_009724395.1	AAA	K	AAC	N	85
NC_045512.2	27649	C	T	25400	12153	46	6	5	37	0.000236062	25417	0.999904	FALSE	ORF7a:cds-YP_009724395.1	CTG	L	TTG	L	86
NC_045512.2	27649	C	G	25400	12153	46	2	1	27	7.86875e-05	25417	1	FALSE	ORF7a:cds-YP_009724395.1	CTG	L	GTG	V	86
NC_045512.2	27649	C	A	25400	12153	46	9	9	33	0.000354094	25417	0.998533	FALSE	ORF7a:cds-YP_009724395.1	CTG	L	ATG	M	86
NC_045512.2	27650	T	G	23356	10599	47	3	2	31	0.000128359	23372	0.999995	FALSE	ORF7a:cds-YP_009724395.1	CTG	L	CGG	R	86
NC_045512.2	27650	T	C	23356	10599	47	9	8	34	0.000385076	23372	0.9965	FALSE	ORF7a:cds-YP_009724395.1	CTG	L	CCG	P	86
NC_045512.2	27650	T	A	23356	10599	47	4	4	34	0.000171145	23372	0.999975	FALSE	ORF7a:cds-YP_009724395.1	CTG	L	CAG	Q	86
NC_045512.2	27651	G	T	23822	10649	47	6	6	34	0.000251731	23835	0.999727	FALSE	ORF7a:cds-YP_009724395.1	CTG	L	CTT	L	86
NC_045512.2	27651	G	C	23822	10649	47	3	3	34	0.000125865	23835	0.999995	FALSE	ORF7a:cds-YP_009724395.1	CTG	L	CTC	L	86
NC_045512.2	27651	G	A	23822	10649	47	4	4	32	0.00016782	23835	0.999975	FALSE	ORF7a:cds-YP_009724395.1	CTG	L	CTA	L	86
NC_045512.2	27652	T	G	23604	10476	47	13	9	31	0.000550241	23626	0.967345	FALSE	ORF7a:cds-YP_009724395.1	TTC	F	GTC	V	87
NC_045512.2	27652	T	C	23604	10476	47	8	6	39	0.00033861	23626	0.998333	FALSE	ORF7a:cds-YP_009724395.1	TTC	F	CTC	L	87
NC_045512.2	27652	T	A	23604	10476	47	1	1	34	4.23263e-05	23626	1	FALSE	ORF7a:cds-YP_009724395.1	TTC	F	ATC	I	87
NC_045512.2	27653	T	G	23718	10538	47	5	5	34	0.000210704	23730	0.99991	FALSE	ORF7a:cds-YP_009724395.1	TTC	F	TGC	C	87
NC_045512.2	27653	T	C	23718	10538	47	7	4	48	0.000294985	23730	0.0897712	FALSE	ORF7a:cds-YP_009724395.1	TTC	F	TCC	S	87
NC_045512.2	27654	C	T	23736	10508	47	6	6	34	0.000252632	23750	0.999727	FALSE	ORF7a:cds-YP_009724395.1	TTC	F	TTT	F	87
NC_045512.2	27654	C	G	23736	10508	47	6	6	32	0.000252632	23750	0.999727	FALSE	ORF7a:cds-YP_009724395.1	TTC	F	TTG	L	87
NC_045512.2	27654	C	A	23736	10508	47	2	2	30	8.42105e-05	23750	0.999999	FALSE	ORF7a:cds-YP_009724395.1	TTC	F	TTA	L	87
NC_045512.2	27655	A	T	22966	10349	46	5	5	30	0.000217552	22983	0.999844	FALSE	ORF7a:cds-YP_009724395.1	ATC	I	TTC	F	88
NC_045512.2	27655	A	G	22966	10349	46	3	1	38	0.000130531	22983	0.99999	FALSE	ORF7a:cds-YP_009724395.1	ATC	I	GTC	V	88
NC_045512.2	27655	A	C	22966	10349	46	9	9	33	0.000391594	22983	0.994661	FALSE	ORF7a:cds-YP_009724395.1	ATC	I	CTC	L	88
NC_045512.2	27656	T	G	23702	10514	47	4	3	34	0.000168684	23713	0.999975	FALSE	ORF7a:cds-YP_009724395.1	ATC	I	AGC	S	88
NC_045512.2	27656	T	C	23702	10514	47	2	2	51	8.43419e-05	23713	0.2499	FALSE	ORF7a:cds-YP_009724395.1	ATC	I	ACC	T	88
NC_045512.2	27656	T	A	23702	10514	47	5	5	34	0.000210855	23713	0.99991	FALSE	ORF7a:cds-YP_009724395.1	ATC	I	AAC	N	88
NC_045512.2	27657	C	T	23526	10653	47	8	8	38	0.000339862	23539	0.998338	FALSE	ORF7a:cds-YP_009724395.1	ATC	I	ATT	I	88
NC_045512.2	27657	C	G	23526	10653	47	3	3	34	0.000127448	23539	0.999995	FALSE	ORF7a:cds-YP_009724395.1	ATC	I	ATG	M	88
NC_045512.2	27657	C	A	23526	10653	47	2	2	34	8.49654e-05	23539	0.999999	FALSE	ORF7a:cds-YP_009724395.1	ATC	I	ATA	I	88
NC_045512.2	27658	A	T	23251	10436	47	2	2	34	8.59587e-05	23267	0.999999	FALSE	ORF7a:cds-YP_009724395.1	AGA	R	TGA	*	89
NC_045512.2	27658	A	G	23251	10436	47	3	2	42	0.000128938	23267	0.499738	FALSE	ORF7a:cds-YP_009724395.1	AGA	R	GGA	G	89
NC_045512.2	27658	A	C	23251	10436	47	11	11	32	0.000472773	23267	0.987853	FALSE	ORF7a:cds-YP_009724395.1	AGA	R	CGA	R	89
NC_045512.2	27659	G	T	23891	10501	46	3	3	34	0.000125497	23905	0.999995	FALSE	ORF7a:cds-YP_009724395.1	AGA	R	ATA	I	89
NC_045512.2	27659	G	C	23891	10501	46	2	2	34	8.36645e-05	23905	0.999999	FALSE	ORF7a:cds-YP_009724395.1	AGA	R	ACA	T	89
NC_045512.2	27659	G	A	23891	10501	46	9	9	34	0.00037649	23905	0.996503	FALSE	ORF7a:cds-YP_009724395.1	AGA	R	AAA	K	89
NC_045512.2	27660	A	T	23609	10312	47	3	3	34	0.000127006	23621	0.999995	FALSE	ORF7a:cds-YP_009724395.1	AGA	R	AGT	S	89
NC_045512.2	27660	A	G	23609	10312	47	4	4	34	0.000169341	23621	0.999975	FALSE	ORF7a:cds-YP_009724395.1	AGA	R	AGG	R	89
NC_045512.2	27660	A	C	23609	10312	47	5	4	32	0.000211676	23621	0.99991	FALSE	ORF7a:cds-YP_009724395.1	AGA	R	AGC	S	89
NC_045512.2	27661	C	T	23584	10451	46	1	1	34	4.23747e-05	23599	1	FALSE	ORF7a:cds-YP_009724395.1	CAA	Q	TAA	*	90
NC_045512.2	27661	C	G	23584	10451	46	2	0	34	8.47494e-05	23599	0.999999	FALSE	ORF7a:cds-YP_009724395.1	CAA	Q	GAA	E	90
NC_045512.2	27661	C	A	23584	10451	46	12	12	34	0.000508496	23599	0.979539	FALSE	ORF7a:cds-YP_009724395.1	CAA	Q	AAA	K	90
NC_045512.2	27662	A	T	23758	11197	48	1	1	26	4.20698e-05	23770	1	FALSE	ORF7a:cds-YP_009724395.1	CAA	Q	CTA	L	90
NC_045512.2	27662	A	G	23758	11197	48	7	6	38	0.000294489	23770	0.999286	FALSE	ORF7a:cds-YP_009724395.1	CAA	Q	CGA	R	90
NC_045512.2	27662	A	C	23758	11197	48	4	4	30	0.000168279	23770	0.999975	FALSE	ORF7a:cds-YP_009724395.1	CAA	Q	CCA	P	90
NC_045512.2	27663	A	T	23717	11117	48	1	1	34	4.21514e-05	23724	1	FALSE	ORF7a:cds-YP_009724395.1	CAA	Q	CAT	H	90
NC_045512.2	27663	A	G	23717	11117	48	3	1	28	0.000126454	23724	1	FALSE	ORF7a:cds-YP_009724395.1	CAA	Q	CAG	Q	90
NC_045512.2	27663	A	C	23717	11117	48	3	3	34	0.000126454	23724	0.999995	FALSE	ORF7a:cds-YP_009724395.1	CAA	Q	CAC	H	90
NC_045512.2	27664	G	T	23860	11163	48	1	1	34	4.18813e-05	23877	1	FALSE	ORF7a:cds-YP_009724395.1	GAG	E	TAG	*	91
NC_045512.2	27664	G	C	23860	11163	48	7	7	31	0.000293169	23877	0.999284	FALSE	ORF7a:cds-YP_009724395.1	GAG	E	CAG	Q	91
NC_045512.2	27664	G	A	23860	11163	48	9	9	36	0.000376932	23877	0.996499	FALSE	ORF7a:cds-YP_009724395.1	GAG	E	AAG	K	91
NC_045512.2	27665	A	T	23559	11276	47	1	1	34	4.2416e-05	23576	1	FALSE	ORF7a:cds-YP_009724395.1	GAG	E	GTG	V	91
NC_045512.2	27665	A	G	23559	11276	47	11	9	35	0.000466576	23576	0.987849	FALSE	ORF7a:cds-YP_009724395.1	GAG	E	GGG	G	91
NC_045512.2	27665	A	C	23559	11276	47	5	4	32	0.00021208	23576	0.99991	FALSE	ORF7a:cds-YP_009724395.1	GAG	E	GCG	A	91
NC_045512.2	27666	G	T	23815	11207	48	2	2	34	8.39243e-05	23831	0.999999	FALSE	ORF7a:cds-YP_009724395.1	GAG	E	GAT	D	91
NC_045512.2	27666	G	C	23815	11207	48	2	1	34	8.39243e-05	23831	0.999999	FALSE	ORF7a:cds-YP_009724395.1	GAG	E	GAC	D	91
NC_045512.2	27666	G	A	23815	11207	48	12	11	34	0.000503546	23831	0.979532	FALSE	ORF7a:cds-YP_009724395.1	GAG	E	GAA	E	91
NC_045512.2	27667	G	T	23723	11253	48	1	1	34	4.2139e-05	23731	1	FALSE	ORF7a:cds-YP_009724395.1	GAA	E	TAA	*	92
NC_045512.2	27667	G	C	23723	11253	48	6	5	31	0.000252834	23731	0.999728	FALSE	ORF7a:cds-YP_009724395.1	GAA	E	CAA	Q	92
NC_045512.2	27667	G	A	23723	11253	48	1	1	34	4.2139e-05	23731	1	FALSE	ORF7a:cds-YP_009724395.1	GAA	E	AAA	K	92
NC_045512.2	27668	A	T	23263	10792	48	3	3	31	0.000128866	23280	0.999995	FALSE	ORF7a:cds-YP_009724395.1	GAA	E	GTA	V	92
NC_045512.2	27668	A	G	23263	10792	48	12	7	31	0.000515464	23280	0.979533	FALSE	ORF7a:cds-YP_009724395.1	GAA	E	GGA	G	92
NC_045512.2	27668	A	C	23263	10792	48	2	1	30	8.59107e-05	23280	0.999999	FALSE	ORF7a:cds-YP_009724395.1	GAA	E	GCA	A	92
NC_045512.2	27669	A	T	23343	10870	48	5	5	34	0.000214087	23355	0.99991	FALSE	ORF7a:cds-YP_009724395.1	GAA	E	GAT	D	92
NC_045512.2	27669	A	G	23343	10870	48	5	3	40	0.000214087	23355	0.22644	FALSE	ORF7a:cds-YP_009724395.1	GAA	E	GAG	E	92
NC_045512.2	27669	A	C	23343	10870	48	2	2	34	8.56348e-05	23355	0.999999	FALSE	ORF7a:cds-YP_009724395.1	GAA	E	GAC	D	92
NC_045512.2	27670	G	T	23611	10954	48	4	2	28	0.000169291	23628	1	FALSE	ORF7a:cds-YP_009724395.1	GTT	V	TTT	F	93
NC_045512.2	27670	G	C	23611	10954	48	3	3	31	0.000126968	23628	0.999995	FALSE	ORF7a:cds-YP_009724395.1	GTT	V	CTT	L	93
NC_045512.2	27670	G	A	23611	10954	48	10	9	36	0.000423227	23628	0.993237	FALSE	ORF7a:cds-YP_009724395.1	GTT	V	ATT	I	93
NC_045512.2	27671	T	G	23482	10692	47	7	6	31	0.000297898	23498	0.999285	FALSE	ORF7a:cds-YP_009724395.1	GTT	V	GGT	G	93
NC_045512.2	27671	T	C	23482	10692	47	5	4	44	0.000212784	23498	0.22637	FALSE	ORF7a:cds-YP_009724395.1	GTT	V	GCT	A	93
NC_045512.2	27671	T	A	23482	10692	47	4	4	34	0.000170227	23498	0.999975	FALSE	ORF7a:cds-YP_009724395.1	GTT	V	GAT	D	93
NC_045512.2	27672	T	G	23703	10982	48	3	1	34	0.000126486	23718	0.999995	FALSE	ORF7a:cds-YP_009724395.1	GTT	V	GTG	V	93
NC_045512.2	27672	T	C	23703	10982	48	6	4	48	0.000252972	23718	0.1444	FALSE	ORF7a:cds-YP_009724395.1	GTT	V	GTC	V	93
NC_045512.2	27672	T	A	23703	10982	48	6	6	34	0.000252972	23718	0.999727	FALSE	ORF7a:cds-YP_009724395.1	GTT	V	GTA	V	93
NC_045512.2	27673	C	T	23497	10810	48	9	9	33	0.000382734	23515	0.996499	FALSE	ORF7a:cds-YP_009724395.1	CAA	Q	TAA	*	94
NC_045512.2	27673	C	G	23497	10810	48	7	6	33	0.000297682	23515	0.999284	FALSE	ORF7a:cds-YP_009724395.1	CAA	Q	GAA	E	94
NC_045512.2	27673	C	A	23497	10810	48	2	2	34	8.50521e-05	23515	0.999999	FALSE	ORF7a:cds-YP_009724395.1	CAA	Q	AAA	K	94
NC_045512.2	27674	A	T	23400	10905	48	5	5	30	0.00021352	23417	0.99991	FALSE	ORF7a:cds-YP_009724395.1	CAA	Q	CTA	L	94
NC_045512.2	27674	A	G	23400	10905	48	4	1	40	0.000170816	23417	0.3435	FALSE	ORF7a:cds-YP_009724395.1	CAA	Q	CGA	R	94
NC_045512.2	27674	A	C	23400	10905	48	8	8	32	0.000341632	23417	0.998337	FALSE	ORF7a:cds-YP_009724395.1	CAA	Q	CCA	P	94
NC_045512.2	27675	A	T	23327	10978	48	5	5	34	0.000214261	23336	0.99991	FALSE	ORF7a:cds-YP_009724395.1	CAA	Q	CAT	H	94
NC_045512.2	27675	A	G	23327	10978	48	2	0	34	8.57045e-05	23336	0.999999	FALSE	ORF7a:cds-YP_009724395.1	CAA	Q	CAG	Q	94
NC_045512.2	27675	A	C	23327	10978	48	2	2	34	8.57045e-05	23336	0.999999	FALSE	ORF7a:cds-YP_009724395.1	CAA	Q	CAC	H	94
NC_045512.2	27676	G	T	24070	10997	48	1	1	34	4.15265e-05	24081	1	FALSE	ORF7a:cds-YP_009724395.1	GAA	E	TAA	*	95
NC_045512.2	27676	G	C	24070	10997	48	3	3	34	0.00012458	24081	0.999997	FALSE	ORF7a:cds-YP_009724395.1	GAA	E	CAA	Q	95
NC_045512.2	27676	G	A	24070	10997	48	7	7	32	0.000290686	24081	0.999562	FALSE	ORF7a:cds-YP_009724395.1	GAA	E	AAA	K	95
NC_045512.2	27677	A	T	22681	11156	45	6	3	32	0.000264317	22700	0.999543	FALSE	ORF7a:cds-YP_009724395.1	GAA	E	GTA	V	95
NC_045512.2	27677	A	G	22681	11156	45	10	9	37	0.000440529	22700	0.989964	FALSE	ORF7a:cds-YP_009724395.1	GAA	E	GGA	G	95
NC_045512.2	27677	A	C	22681	11156	45	3	2	34	0.000132159	22700	0.99999	FALSE	ORF7a:cds-YP_009724395.1	GAA	E	GCA	A	95
NC_045512.2	27678	A	T	24440	11303	48	3	3	31	0.000122684	24453	0.999997	FALSE	ORF7a:cds-YP_009724395.1	GAA	E	GAT	D	95
NC_045512.2	27678	A	G	24440	11303	48	7	4	41	0.000286263	24453	0.0897733	FALSE	ORF7a:cds-YP_009724395.1	GAA	E	GAG	E	95
NC_045512.2	27678	A	C	24440	11303	48	3	3	31	0.000122684	24453	0.999997	FALSE	ORF7a:cds-YP_009724395.1	GAA	E	GAC	D	95
NC_045512.2	27679	C	T	24452	11352	47	2	2	30	8.17327e-05	24470	1	FALSE	ORF7a:cds-YP_009724395.1	CTT	L	TTT	F	96
NC_045512.2	27679	C	G	24452	11352	47	8	4	32	0.000326931	24470	0.998949	FALSE	ORF7a:cds-YP_009724395.1	CTT	L	GTT	V	96
NC_045512.2	27679	C	A	24452	11352	47	8	8	32	0.000326931	24470	0.998949	FALSE	ORF7a:cds-YP_009724395.1	CTT	L	ATT	I	96
NC_045512.2	27679	C	+G	24452	11352	47	2	0	20	8.17327e-05	24470	1	FALSE	NA	NA	NA	NA	NA	NA
NC_045512.2	27680	T	G	23300	10220	46	3	3	31	0.000128661	23317	0.999995	FALSE	ORF7a:cds-YP_009724395.1	CTT	L	CGT	R	96
NC_045512.2	27680	T	C	23300	10220	46	13	13	32	0.000557533	23317	0.967401	FALSE	ORF7a:cds-YP_009724395.1	CTT	L	CCT	P	96
NC_045512.2	27680	T	A	23300	10220	46	1	1	34	4.28872e-05	23317	1	FALSE	ORF7a:cds-YP_009724395.1	CTT	L	CAT	H	96
NC_045512.2	27681	T	G	24150	11088	47	3	3	34	0.000124167	24161	0.999997	FALSE	ORF7a:cds-YP_009724395.1	CTT	L	CTG	L	96
NC_045512.2	27681	T	C	24150	11088	47	4	4	32	0.000165556	24161	0.999986	FALSE	ORF7a:cds-YP_009724395.1	CTT	L	CTC	L	96
NC_045512.2	27681	T	A	24150	11088	47	4	4	32	0.000165556	24161	0.999986	FALSE	ORF7a:cds-YP_009724395.1	CTT	L	CTA	L	96
NC_045512.2	27682	T	G	24168	11107	47	2	2	34	8.27267e-05	24176	1	FALSE	ORF7a:cds-YP_009724395.1	TAC	Y	GAC	D	97
NC_045512.2	27682	T	C	24168	11107	47	5	5	34	0.000206817	24176	0.999948	FALSE	ORF7a:cds-YP_009724395.1	TAC	Y	CAC	H	97
NC_045512.2	27682	T	A	24168	11107	47	1	1	34	4.13633e-05	24176	1	FALSE	ORF7a:cds-YP_009724395.1	TAC	Y	AAC	N	97
NC_045512.2	27683	A	T	24170	11067	47	9	8	30	0.000372116	24186	0.997726	FALSE	ORF7a:cds-YP_009724395.1	TAC	Y	TTC	F	97
NC_045512.2	27683	A	G	24170	11067	47	4	4	40	0.000165385	24186	0.343527	FALSE	ORF7a:cds-YP_009724395.1	TAC	Y	TGC	C	97
NC_045512.2	27683	A	C	24170	11067	47	3	3	34	0.000124039	24186	0.999997	FALSE	ORF7a:cds-YP_009724395.1	TAC	Y	TCC	S	97
NC_045512.2	27684	C	T	24097	11245	47	3	3	34	0.00012445	24106	0.999997	FALSE	ORF7a:cds-YP_009724395.1	TAC	Y	TAT	Y	97
NC_045512.2	27684	C	G	24097	11245	47	1	1	34	4.14834e-05	24106	1	FALSE	ORF7a:cds-YP_009724395.1	TAC	Y	TAG	*	97
NC_045512.2	27684	C	A	24097	11245	47	5	5	34	0.000207417	24106	0.999948	FALSE	ORF7a:cds-YP_009724395.1	TAC	Y	TAA	*	97
NC_045512.2	27685	T	G	23414	10625	47	3	3	31	0.000128063	23426	0.999995	FALSE	ORF7a:cds-YP_009724395.1	TCT	S	GCT	A	98
NC_045512.2	27685	T	C	23414	10625	47	7	7	32	0.000298813	23426	0.999286	FALSE	ORF7a:cds-YP_009724395.1	TCT	S	CCT	P	98
NC_045512.2	27685	T	A	23414	10625	47	2	2	34	8.53752e-05	23426	0.999999	FALSE	ORF7a:cds-YP_009724395.1	TCT	S	ACT	T	98
NC_045512.2	27686	C	T	23747	11122	48	8	8	34	0.000336672	23762	0.998338	FALSE	ORF7a:cds-YP_009724395.1	TCT	S	TTT	F	98
NC_045512.2	27686	C	A	23747	11122	48	7	7	32	0.000294588	23762	0.999285	FALSE	ORF7a:cds-YP_009724395.1	TCT	S	TAT	Y	98
NC_045512.2	27687	T	G	23408	10815	48	3	2	34	0.000128074	23424	0.999995	FALSE	ORF7a:cds-YP_009724395.1	TCT	S	TCG	S	98
NC_045512.2	27687	T	C	23408	10815	48	12	9	33	0.000512295	23424	0.979539	FALSE	ORF7a:cds-YP_009724395.1	TCT	S	TCC	S	98
NC_045512.2	27687	T	A	23408	10815	48	1	1	34	4.26913e-05	23424	1	FALSE	ORF7a:cds-YP_009724395.1	TCT	S	TCA	S	98
NC_045512.2	27687	T	-C	23408	10815	48	1	0	20	4.26913e-05	23424	1	FALSE	NA	NA	NA	NA	NA	NA
NC_045512.2	27688	C	T	23281	10726	48	8	8	33	0.000343436	23294	0.998338	FALSE	ORF7a:cds-YP_009724395.1	CCA	P	TCA	S	99
NC_045512.2	27688	C	G	23281	10726	48	2	1	30	8.5859e-05	23294	0.999999	FALSE	ORF7a:cds-YP_009724395.1	CCA	P	GCA	A	99
NC_045512.2	27688	C	A	23281	10726	48	3	3	28	0.000128789	23294	1	FALSE	ORF7a:cds-YP_009724395.1	CCA	P	ACA	T	99
NC_045512.2	27689	C	T	23288	10766	48	3	3	34	0.000128777	23296	0.999995	FALSE	ORF7a:cds-YP_009724395.1	CCA	P	CTA	L	99
NC_045512.2	27689	C	G	23288	10766	48	3	2	34	0.000128777	23296	0.999995	FALSE	ORF7a:cds-YP_009724395.1	CCA	P	CGA	R	99
NC_045512.2	27689	C	A	23288	10766	48	2	2	34	8.58516e-05	23296	0.999999	FALSE	ORF7a:cds-YP_009724395.1	CCA	P	CAA	Q	99
NC_045512.2	27690	A	T	23328	10716	48	6	6	34	0.000257069	23340	0.999727	FALSE	ORF7a:cds-YP_009724395.1	CCA	P	CCT	P	99
NC_045512.2	27690	A	G	23328	10716	48	2	2	34	8.56898e-05	23340	0.999999	FALSE	ORF7a:cds-YP_009724395.1	CCA	P	CCG	P	99
NC_045512.2	27690	A	C	23328	10716	48	4	4	30	0.00017138	23340	0.999975	FALSE	ORF7a:cds-YP_009724395.1	CCA	P	CCC	P	99
NC_045512.2	27691	A	T	23331	10762	48	6	6	32	0.000257036	23343	0.999727	FALSE	ORF7a:cds-YP_009724395.1	ATT	I	TTT	F	100
NC_045512.2	27691	A	G	23331	10762	48	2	0	43	8.56788e-05	23343	0.687363	FALSE	ORF7a:cds-YP_009724395.1	ATT	I	GTT	V	100
NC_045512.2	27691	A	C	23331	10762	48	4	4	30	0.000171358	23343	0.999975	FALSE	ORF7a:cds-YP_009724395.1	ATT	I	CTT	L	100
NC_045512.2	27692	T	G	22970	10505	47	2	2	34	8.70246e-05	22982	0.999999	FALSE	ORF7a:cds-YP_009724395.1	ATT	I	AGT	S	100
NC_045512.2	27692	T	C	22970	10505	47	5	4	39	0.000217562	22982	0.999845	FALSE	ORF7a:cds-YP_009724395.1	ATT	I	ACT	T	100
NC_045512.2	27692	T	A	22970	10505	47	5	5	32	0.000217562	22982	0.999845	FALSE	ORF7a:cds-YP_009724395.1	ATT	I	AAT	N	100
NC_045512.2	27693	T	G	23136	10880	48	1	0	27	4.32021e-05	23147	1	FALSE	ORF7a:cds-YP_009724395.1	ATT	I	ATG	M	100
NC_045512.2	27693	T	C	23136	10880	48	5	5	40	0.000216011	23147	0.226456	FALSE	ORF7a:cds-YP_009724395.1	ATT	I	ATC	I	100
NC_045512.2	27693	T	A	23136	10880	48	5	4	32	0.000216011	23147	0.99991	FALSE	ORF7a:cds-YP_009724395.1	ATT	I	ATA	I	100
NC_045512.2	27694	T	C	23126	10949	48	5	5	30	0.000216123	23135	0.99991	FALSE	ORF7a:cds-YP_009724395.1	TTT	F	CTT	L	101
NC_045512.2	27694	T	A	23126	10949	48	4	4	32	0.000172898	23135	0.999975	FALSE	ORF7a:cds-YP_009724395.1	TTT	F	ATT	I	101
NC_045512.2	27695	T	C	23294	10877	48	4	2	40	0.000171674	23300	0.34372	FALSE	ORF7a:cds-YP_009724395.1	TTT	F	TCT	S	101
NC_045512.2	27695	T	A	23294	10877	48	2	2	34	8.58369e-05	23300	0.999999	FALSE	ORF7a:cds-YP_009724395.1	TTT	F	TAT	Y	101
NC_045512.2	27696	T	G	23148	10740	47	1	1	34	4.31854e-05	23156	1	FALSE	ORF7a:cds-YP_009724395.1	TTT	F	TTG	L	101
NC_045512.2	27696	T	C	23148	10740	47	6	5	34	0.000259112	23156	0.999728	FALSE	ORF7a:cds-YP_009724395.1	TTT	F	TTC	F	101
NC_045512.2	27696	T	A	23148	10740	47	1	1	34	4.31854e-05	23156	1	FALSE	ORF7a:cds-YP_009724395.1	TTT	F	TTA	L	101
NC_045512.2	27697	C	T	23247	10882	48	8	8	34	0.000343938	23260	0.998339	FALSE	ORF7a:cds-YP_009724395.1	CTT	L	TTT	F	102
NC_045512.2	27697	C	A	23247	10882	48	5	5	30	0.000214961	23260	0.99991	FALSE	ORF7a:cds-YP_009724395.1	CTT	L	ATT	I	102
NC_045512.2	27698	T	C	23237	10816	48	10	9	37	0.000430089	23251	0.993244	FALSE	ORF7a:cds-YP_009724395.1	CTT	L	CCT	P	102
NC_045512.2	27698	T	A	23237	10816	48	4	4	34	0.000172036	23251	0.999975	FALSE	ORF7a:cds-YP_009724395.1	CTT	L	CAT	H	102
NC_045512.2	27699	T	G	22994	10622	47	1	0	26	4.34745e-05	23002	1	FALSE	ORF7a:cds-YP_009724395.1	CTT	L	CTG	L	102
NC_045512.2	27699	T	C	22994	10622	47	4	3	30	0.000173898	23002	0.999975	FALSE	ORF7a:cds-YP_009724395.1	CTT	L	CTC	L	102
NC_045512.2	27699	T	A	22994	10622	47	3	3	31	0.000130423	23002	0.999995	FALSE	ORF7a:cds-YP_009724395.1	CTT	L	CTA	L	102
NC_045512.2	27700	A	T	23271	11047	48	6	5	38	0.000257732	23280	0.999728	FALSE	ORF7a:cds-YP_009724395.1	ATT	I	TTT	F	103
NC_045512.2	27700	A	C	23271	11047	48	3	2	34	0.000128866	23280	0.999995	FALSE	ORF7a:cds-YP_009724395.1	ATT	I	CTT	L	103
NC_045512.2	27701	T	G	23284	11018	48	2	2	34	8.58627e-05	23293	0.999999	FALSE	ORF7a:cds-YP_009724395.1	ATT	I	AGT	S	103
NC_045512.2	27701	T	C	23284	11018	48	2	2	30	8.58627e-05	23293	0.999999	FALSE	ORF7a:cds-YP_009724395.1	ATT	I	ACT	T	103
NC_045512.2	27701	T	A	23284	11018	48	5	5	34	0.000214657	23293	0.99991	FALSE	ORF7a:cds-YP_009724395.1	ATT	I	AAT	N	103
NC_045512.2	27702	T	G	23052	11088	47	1	1	34	4.33708e-05	23057	1	FALSE	ORF7a:cds-YP_009724395.1	ATT	I	ATG	M	103
NC_045512.2	27702	T	C	23052	11088	47	3	3	45	0.000130112	23057	0.49998	FALSE	ORF7a:cds-YP_009724395.1	ATT	I	ATC	I	103
NC_045512.2	27702	T	A	23052	11088	47	1	1	26	4.33708e-05	23057	1	FALSE	ORF7a:cds-YP_009724395.1	ATT	I	ATA	I	103
NC_045512.2	27703	G	T	23391	11248	48	8	8	33	0.000341851	23402	0.99834	FALSE	ORF7a:cds-YP_009724395.1	GTT	V	TTT	F	104
NC_045512.2	27703	G	A	23391	11248	48	3	3	34	0.000128194	23402	0.999995	FALSE	ORF7a:cds-YP_009724395.1	GTT	V	ATT	I	104
NC_045512.2	27704	T	G	23317	11169	48	6	6	34	0.000257235	23325	0.999728	FALSE	ORF7a:cds-YP_009724395.1	GTT	V	GGT	G	104
NC_045512.2	27704	T	C	23317	11169	48	2	2	51	8.57449e-05	23325	0.249941	FALSE	ORF7a:cds-YP_009724395.1	GTT	V	GCT	A	104
NC_045512.2	27705	T	C	23498	11932	50	4	4	32	0.000170184	23504	0.999975	FALSE	ORF7a:cds-YP_009724395.1	GTT	V	GTC	V	104
NC_045512.2	27705	T	A	23498	11932	50	2	1	34	8.50919e-05	23504	0.999999	FALSE	ORF7a:cds-YP_009724395.1	GTT	V	GTA	V	104
NC_045512.2	27706	G	T	23515	11958	50	7	7	34	0.000297543	23526	0.999286	FALSE	ORF7a:cds-YP_009724395.1	GCG	A	TCG	S	105
NC_045512.2	27706	G	C	23515	11958	50	2	2	34	8.50123e-05	23526	0.999999	FALSE	ORF7a:cds-YP_009724395.1	GCG	A	CCG	P	105
NC_045512.2	27706	G	A	23515	11958	50	2	1	34	8.50123e-05	23526	0.999999	FALSE	ORF7a:cds-YP_009724395.1	GCG	A	ACG	T	105
NC_045512.2	27707	C	T	23887	12148	49	8	6	47	0.000334658	23905	0.054603	FALSE	ORF7a:cds-YP_009724395.1	GCG	A	GTG	V	105
NC_045512.2	27707	C	G	23887	12148	49	5	5	32	0.000209161	23905	0.99991	FALSE	ORF7a:cds-YP_009724395.1	GCG	A	GGG	G	105
NC_045512.2	27707	C	A	23887	12148	49	5	3	32	0.000209161	23905	0.99991	FALSE	ORF7a:cds-YP_009724395.1	GCG	A	GAG	E	105
NC_045512.2	27708	G	T	23967	12106	50	7	5	32	0.000291813	23988	0.999283	FALSE	ORF7a:cds-YP_009724395.1	GCG	A	GCT	A	105
NC_045512.2	27708	G	C	23967	12106	50	6	6	32	0.000250125	23988	0.999726	FALSE	ORF7a:cds-YP_009724395.1	GCG	A	GCC	A	105
NC_045512.2	27708	G	A	23967	12106	50	8	7	50	0.0003335	23988	0.00389616	TRUE	ORF7a:cds-YP_009724395.1	GCG	A	GCA	A	105
NC_045512.2	27709	G	T	24672	12163	49	2	2	34	8.10274e-05	24683	1	FALSE	ORF7a:cds-YP_009724395.1	GCA	A	TCA	S	106
NC_045512.2	27709	G	C	24672	12163	49	3	3	34	0.000121541	24683	0.999997	FALSE	ORF7a:cds-YP_009724395.1	GCA	A	CCA	P	106
NC_045512.2	27709	G	A	24672	12163	49	6	3	51	0.000243082	24683	0.0156127	FALSE	ORF7a:cds-YP_009724395.1	GCA	A	ACA	T	106
NC_045512.2	27710	C	G	24709	12231	49	6	5	35	0.000242679	24724	0.999838	FALSE	ORF7a:cds-YP_009724395.1	GCA	A	GGA	G	106
NC_045512.2	27710	C	A	24709	12231	49	9	8	30	0.000364019	24724	0.997727	FALSE	ORF7a:cds-YP_009724395.1	GCA	A	GAA	E	106
NC_045512.2	27710	C	-A	24709	12231	49	1	0	20	4.04465e-05	24724	1	FALSE	NA	NA	NA	NA	NA	NA
NC_045512.2	27711	A	T	24803	12277	49	3	3	31	0.000120865	24821	0.999997	FALSE	ORF7a:cds-YP_009724395.1	GCA	A	GCT	A	106
NC_045512.2	27711	A	G	24803	12277	49	7	4	47	0.000282019	24821	0.0897149	FALSE	ORF7a:cds-YP_009724395.1	GCA	A	GCG	A	106
NC_045512.2	27711	A	C	24803	12277	49	8	7	32	0.000322308	24821	0.998948	FALSE	ORF7a:cds-YP_009724395.1	GCA	A	GCC	A	106
NC_045512.2	27712	A	G	24749	12731	48	4	4	34	0.000161564	24758	0.999986	FALSE	ORF7a:cds-YP_009724395.1	ATA	I	GTA	V	107
NC_045512.2	27712	A	C	24749	12731	48	5	5	34	0.000201955	24758	0.999948	FALSE	ORF7a:cds-YP_009724395.1	ATA	I	CTA	L	107
NC_045512.2	27713	T	C	24505	12684	48	3	3	34	0.000122359	24518	0.999997	FALSE	ORF7a:cds-YP_009724395.1	ATA	I	ACA	T	107
NC_045512.2	27713	T	A	24505	12684	48	10	10	32	0.000407864	24518	0.995488	FALSE	ORF7a:cds-YP_009724395.1	ATA	I	AAA	K	107
NC_045512.2	27714	A	T	24157	12884	47	9	8	32	0.000372362	24170	0.997728	FALSE	ORF7a:cds-YP_009724395.1	ATA	I	ATT	I	107
NC_045512.2	27714	A	G	24157	12884	47	3	3	40	0.000124121	24170	0.499825	FALSE	ORF7a:cds-YP_009724395.1	ATA	I	ATG	M	107
NC_045512.2	27714	A	C	24157	12884	47	1	1	34	4.13736e-05	24170	1	FALSE	ORF7a:cds-YP_009724395.1	ATA	I	ATC	I	107
NC_045512.2	27715	G	A	25029	12991	49	11	11	32	0.000439297	25040	0.994351	FALSE	ORF7a:cds-YP_009724395.1	GTG	V	ATG	M	108
NC_045512.2	27716	T	G	24593	12664	49	8	8	34	0.000325124	24606	0.998951	FALSE	ORF7a:cds-YP_009724395.1	GTG	V	GGG	G	108
NC_045512.2	27716	T	C	24593	12664	49	3	3	38	0.000121921	24606	0.999997	FALSE	ORF7a:cds-YP_009724395.1	GTG	V	GCG	A	108
NC_045512.2	27716	T	A	24593	12664	49	2	2	34	8.1281e-05	24606	1	FALSE	ORF7a:cds-YP_009724395.1	GTG	V	GAG	E	108
NC_045512.2	27717	G	T	26116	12850	48	6	6	34	0.00022963	26129	0.999944	FALSE	ORF7a:cds-YP_009724395.1	GTG	V	GTT	V	108
NC_045512.2	27717	G	C	26116	12850	48	1	1	34	3.82717e-05	26129	1	FALSE	ORF7a:cds-YP_009724395.1	GTG	V	GTC	V	108
NC_045512.2	27717	G	A	26116	12850	48	6	5	34	0.00022963	26129	0.999944	FALSE	ORF7a:cds-YP_009724395.1	GTG	V	GTA	V	108
NC_045512.2	27718	T	G	23653	10655	45	14	13	34	0.000591416	23672	0.950577	FALSE	ORF7a:cds-YP_009724395.1	TTT	F	GTT	V	109
NC_045512.2	27718	T	C	23653	10655	45	2	1	34	8.4488e-05	23672	0.999999	FALSE	ORF7a:cds-YP_009724395.1	TTT	F	CTT	L	109
NC_045512.2	27718	T	A	23653	10655	45	3	3	34	0.000126732	23672	0.999995	FALSE	ORF7a:cds-YP_009724395.1	TTT	F	ATT	I	109
NC_045512.2	27719	T	G	27452	12872	47	8	5	33	0.00029128	27465	0.999746	FALSE	ORF7a:cds-YP_009724395.1	TTT	F	TGT	C	109
NC_045512.2	27719	T	C	27452	12872	47	2	2	25	7.282e-05	27465	1	FALSE	ORF7a:cds-YP_009724395.1	TTT	F	TCT	S	109
NC_045512.2	27719	T	A	27452	12872	47	3	3	34	0.00010923	27465	1	FALSE	ORF7a:cds-YP_009724395.1	TTT	F	TAT	Y	109
NC_045512.2	27720	T	G	27135	12605	47	5	3	30	0.000184182	27147	0.99999	FALSE	ORF7a:cds-YP_009724395.1	TTT	F	TTG	L	109
NC_045512.2	27720	T	C	27135	12605	47	2	1	30	7.3673e-05	27147	1	FALSE	ORF7a:cds-YP_009724395.1	TTT	F	TTC	F	109
NC_045512.2	27720	T	A	27135	12605	47	5	5	32	0.000184182	27147	0.99999	FALSE	ORF7a:cds-YP_009724395.1	TTT	F	TTA	L	109
NC_045512.2	27721	A	T	27467	12960	48	9	8	31	0.000327511	27480	0.999405	FALSE	ORF7a:cds-YP_009724395.1	ATA	I	TTA	L	110
NC_045512.2	27721	A	G	27467	12960	48	3	3	31	0.00010917	27480	1	FALSE	ORF7a:cds-YP_009724395.1	ATA	I	GTA	V	110
NC_045512.2	27721	A	C	27467	12960	48	1	1	26	3.63901e-05	27480	1	FALSE	ORF7a:cds-YP_009724395.1	ATA	I	CTA	L	110
NC_045512.2	27722	T	G	27306	12812	47	3	3	31	0.00010981	27320	1	FALSE	ORF7a:cds-YP_009724395.1	ATA	I	AGA	R	110
NC_045512.2	27722	T	C	27306	12812	47	2	1	30	7.32064e-05	27320	1	FALSE	ORF7a:cds-YP_009724395.1	ATA	I	ACA	T	110
NC_045512.2	27722	T	A	27306	12812	47	9	9	31	0.000329429	27320	0.999405	FALSE	ORF7a:cds-YP_009724395.1	ATA	I	AAA	K	110
NC_045512.2	27722	T	-A	27306	12812	47	1	0	20	3.66032e-05	27320	1	FALSE	NA	NA	NA	NA	NA	NA
NC_045512.2	27723	A	T	27066	12855	47	12	11	32	0.000443082	27083	0.995267	FALSE	ORF7a:cds-YP_009724395.1	ATA	I	ATT	I	110
NC_045512.2	27723	A	G	27066	12855	47	2	2	30	7.38471e-05	27083	1	FALSE	ORF7a:cds-YP_009724395.1	ATA	I	ATG	M	110
NC_045512.2	27723	A	C	27066	12855	47	3	3	31	0.000110771	27083	1	FALSE	ORF7a:cds-YP_009724395.1	ATA	I	ATC	I	110
NC_045512.2	27724	A	T	27477	12998	48	3	2	29	0.000109154	27484	1	FALSE	ORF7a:cds-YP_009724395.1	ACA	T	TCA	S	111
NC_045512.2	27724	A	G	27477	12998	48	3	0	31	0.000109154	27484	1	FALSE	ORF7a:cds-YP_009724395.1	ACA	T	GCA	A	111
NC_045512.2	27724	A	C	27477	12998	48	1	1	26	3.63848e-05	27484	1	FALSE	ORF7a:cds-YP_009724395.1	ACA	T	CCA	P	111
NC_045512.2	27725	C	T	27645	13079	48	4	3	34	0.000144603	27662	0.999998	FALSE	ORF7a:cds-YP_009724395.1	ACA	T	ATA	I	111
NC_045512.2	27725	C	G	27645	13079	48	2	1	26	7.23014e-05	27662	1	FALSE	ORF7a:cds-YP_009724395.1	ACA	T	AGA	R	111
NC_045512.2	27725	C	A	27645	13079	48	11	11	33	0.000397657	27662	0.997454	FALSE	ORF7a:cds-YP_009724395.1	ACA	T	AAA	K	111
NC_045512.2	27726	A	T	26181	11784	48	1	0	27	3.81723e-05	26197	1	FALSE	ORF7a:cds-YP_009724395.1	ACA	T	ACT	T	111
NC_045512.2	27726	A	G	26181	11784	48	3	3	34	0.000114517	26197	0.999999	FALSE	ORF7a:cds-YP_009724395.1	ACA	T	ACG	T	111
NC_045512.2	27726	A	C	26181	11784	48	12	12	32	0.000458068	26197	0.993084	FALSE	ORF7a:cds-YP_009724395.1	ACA	T	ACC	T	111
NC_045512.2	27727	C	G	26249	11974	48	3	0	29	0.000114216	26266	1	FALSE	ORF7a:cds-YP_009724395.1	CTT	L	GTT	V	112
NC_045512.2	27727	C	A	26249	11974	48	14	14	33	0.000533008	26266	0.980787	FALSE	ORF7a:cds-YP_009724395.1	CTT	L	ATT	I	112
NC_045512.2	27728	T	G	24420	10359	48	2	2	34	8.18565e-05	24433	1	FALSE	ORF7a:cds-YP_009724395.1	CTT	L	CGT	R	112
NC_045512.2	27728	T	C	24420	10359	48	10	10	34	0.000409283	24433	0.995488	FALSE	ORF7a:cds-YP_009724395.1	CTT	L	CCT	P	112
NC_045512.2	27728	T	A	24420	10359	48	1	1	34	4.09283e-05	24433	1	FALSE	ORF7a:cds-YP_009724395.1	CTT	L	CAT	H	112
NC_045512.2	27729	T	C	24768	10592	48	6	2	38	0.00024216	24777	0.999838	FALSE	ORF7a:cds-YP_009724395.1	CTT	L	CTC	L	112
NC_045512.2	27729	T	A	24768	10592	48	3	2	30	0.00012108	24777	0.999997	FALSE	ORF7a:cds-YP_009724395.1	CTT	L	CTA	L	112
NC_045512.2	27730	T	G	24703	10579	48	1	1	34	4.04727e-05	24708	1	FALSE	ORF7a:cds-YP_009724395.1	TGC	C	GGC	G	113
NC_045512.2	27730	T	C	24703	10579	48	2	2	34	8.09454e-05	24708	1	FALSE	ORF7a:cds-YP_009724395.1	TGC	C	CGC	R	113
NC_045512.2	27730	T	A	24703	10579	48	2	2	34	8.09454e-05	24708	1	FALSE	ORF7a:cds-YP_009724395.1	TGC	C	AGC	S	113
NC_045512.2	27731	G	T	25498	10612	48	10	10	33	0.000391988	25511	0.997012	FALSE	ORF7a:cds-YP_009724395.1	TGC	C	TTC	F	113
NC_045512.2	27731	G	C	25498	10612	48	1	1	34	3.91988e-05	25511	1	FALSE	ORF7a:cds-YP_009724395.1	TGC	C	TCC	S	113
NC_045512.2	27731	G	A	25498	10612	48	2	2	51	7.83976e-05	25511	0.249897	FALSE	ORF7a:cds-YP_009724395.1	TGC	C	TAC	Y	113
NC_045512.2	27732	C	T	25478	10798	48	3	3	31	0.000117666	25496	0.999998	FALSE	ORF7a:cds-YP_009724395.1	TGC	C	TGT	C	113
NC_045512.2	27732	C	G	25478	10798	48	11	7	31	0.00043144	25496	0.994337	FALSE	ORF7a:cds-YP_009724395.1	TGC	C	TGG	W	113
NC_045512.2	27732	C	A	25478	10798	48	4	3	34	0.000156887	25496	0.999992	FALSE	ORF7a:cds-YP_009724395.1	TGC	C	TGA	*	113
NC_045512.2	27733	T	G	25062	10303	48	5	5	32	0.000199386	25077	0.99997	FALSE	ORF7a:cds-YP_009724395.1	TTC	F	GTC	V	114
NC_045512.2	27733	T	C	25062	10303	48	8	8	38	0.000319017	25077	0.999341	FALSE	ORF7a:cds-YP_009724395.1	TTC	F	CTC	L	114
NC_045512.2	27733	T	A	25062	10303	48	2	2	34	7.97544e-05	25077	1	FALSE	ORF7a:cds-YP_009724395.1	TTC	F	ATC	I	114
NC_045512.2	27734	T	G	25143	10565	48	5	3	31	0.000198776	25154	0.99997	FALSE	ORF7a:cds-YP_009724395.1	TTC	F	TGC	C	114
NC_045512.2	27734	T	C	25143	10565	48	3	2	34	0.000119265	25154	0.999998	FALSE	ORF7a:cds-YP_009724395.1	TTC	F	TCC	S	114
NC_045512.2	27734	T	A	25143	10565	48	3	1	28	0.000119265	25154	1	FALSE	ORF7a:cds-YP_009724395.1	TTC	F	TAC	Y	114
NC_045512.2	27735	C	T	25080	10524	49	11	11	33	0.000438369	25093	0.994347	FALSE	ORF7a:cds-YP_009724395.1	TTC	F	TTT	F	114
NC_045512.2	27735	C	A	25080	10524	49	2	2	34	7.97035e-05	25093	1	FALSE	ORF7a:cds-YP_009724395.1	TTC	F	TTA	L	114
NC_045512.2	27736	A	T	24980	10364	49	2	2	30	8.00096e-05	24997	1	FALSE	ORF7a:cds-YP_009724395.1	ACA	T	TCA	S	115
NC_045512.2	27736	A	G	24980	10364	49	2	1	51	8.00096e-05	24997	0.249855	FALSE	ORF7a:cds-YP_009724395.1	ACA	T	GCA	A	115
NC_045512.2	27736	A	C	24980	10364	49	13	11	32	0.000520062	24997	0.976505	FALSE	ORF7a:cds-YP_009724395.1	ACA	T	CCA	P	115
NC_045512.2	27737	C	T	24981	10417	48	3	3	45	0.000120029	24994	0.499831	FALSE	ORF7a:cds-YP_009724395.1	ACA	T	ATA	I	115
NC_045512.2	27737	C	G	24981	10417	48	1	1	34	4.00096e-05	24994	1	FALSE	ORF7a:cds-YP_009724395.1	ACA	T	AGA	R	115
NC_045512.2	27737	C	A	24981	10417	48	9	9	33	0.000360086	24994	0.997728	FALSE	ORF7a:cds-YP_009724395.1	ACA	T	AAA	K	115
NC_045512.2	27738	A	T	24792	10229	49	1	1	34	4.03161e-05	24804	1	FALSE	ORF7a:cds-YP_009724395.1	ACA	T	ACT	T	115
NC_045512.2	27738	A	G	24792	10229	49	1	0	34	4.03161e-05	24804	1	FALSE	ORF7a:cds-YP_009724395.1	ACA	T	ACG	T	115
NC_045512.2	27738	A	C	24792	10229	49	10	10	32	0.000403161	24804	0.995489	FALSE	ORF7a:cds-YP_009724395.1	ACA	T	ACC	T	115
NC_045512.2	27739	C	T	25133	10777	49	1	1	34	3.97693e-05	25145	1	FALSE	ORF7a:cds-YP_009724395.1	CTC	L	TTC	F	116
NC_045512.2	27739	C	A	25133	10777	49	11	11	33	0.000437463	25145	0.994349	FALSE	ORF7a:cds-YP_009724395.1	CTC	L	ATC	I	116
NC_045512.2	27740	T	C	24418	10368	49	13	13	34	0.000532111	24431	0.976533	FALSE	ORF7a:cds-YP_009724395.1	CTC	L	CCC	P	116
NC_045512.2	27741	C	T	24540	10390	49	10	10	36	0.000407299	24552	0.99549	FALSE	ORF7a:cds-YP_009724395.1	CTC	L	CTT	L	116
NC_045512.2	27741	C	G	24540	10390	49	1	1	34	4.07299e-05	24552	1	FALSE	ORF7a:cds-YP_009724395.1	CTC	L	CTG	L	116
NC_045512.2	27741	C	A	24540	10390	49	1	1	34	4.07299e-05	24552	1	FALSE	ORF7a:cds-YP_009724395.1	CTC	L	CTA	L	116
NC_045512.2	27741	C	+A	24540	10390	49	1	0	20	4.07299e-05	24552	1	FALSE	NA	NA	NA	NA	NA	NA
NC_045512.2	27742	A	G	24491	10421	49	1	0	68	4.08113e-05	24503	0.499898	FALSE	ORF7a:cds-YP_009724395.1	AAA	K	GAA	E	117
NC_045512.2	27742	A	C	24491	10421	49	11	11	33	0.000448925	24503	0.991682	FALSE	ORF7a:cds-YP_009724395.1	AAA	K	CAA	Q	117
NC_045512.2	27743	A	T	24800	10521	49	3	3	28	0.000120948	24804	1	FALSE	ORF7a:cds-YP_009724395.1	AAA	K	ATA	I	117
NC_045512.2	27743	A	G	24800	10521	49	1	1	34	4.03161e-05	24804	1	FALSE	ORF7a:cds-YP_009724395.1	AAA	K	AGA	R	117
NC_045512.2	27744	A	T	24232	10580	47	1	1	34	4.12609e-05	24236	1	FALSE	ORF7a:cds-YP_009724395.1	AAA	K	AAT	N	117
NC_045512.2	27744	A	G	24232	10580	47	1	0	46	4.12609e-05	24236	0.874992	FALSE	ORF7a:cds-YP_009724395.1	AAA	K	AAG	K	117
NC_045512.2	27744	A	C	24232	10580	47	2	1	30	8.25219e-05	24236	1	FALSE	ORF7a:cds-YP_009724395.1	AAA	K	AAC	N	117
NC_045512.2	27745	A	G	24943	10654	49	5	2	34	0.000200401	24950	0.999948	FALSE	ORF7a:cds-YP_009724395.1	AGA	R	GGA	G	118
NC_045512.2	27745	A	C	24943	10654	49	2	2	34	8.01603e-05	24950	1	FALSE	ORF7a:cds-YP_009724395.1	AGA	R	CGA	R	118
NC_045512.2	27746	G	T	24907	10637	48	7	1	31	0.000280831	24926	0.999561	FALSE	ORF7a:cds-YP_009724395.1	AGA	R	ATA	I	118
NC_045512.2	27746	G	C	24907	10637	48	2	2	34	8.02375e-05	24926	1	FALSE	ORF7a:cds-YP_009724395.1	AGA	R	ACA	T	118
NC_045512.2	27746	G	A	24907	10637	48	10	10	33	0.000401188	24926	0.995479	FALSE	ORF7a:cds-YP_009724395.1	AGA	R	AAA	K	118
NC_045512.2	27747	A	T	24602	10613	48	3	2	31	0.000121862	24618	0.999997	FALSE	ORF7a:cds-YP_009724395.1	AGA	R	AGT	S	118
NC_045512.2	27747	A	G	24602	10613	48	10	10	33	0.000406207	24618	0.995483	FALSE	ORF7a:cds-YP_009724395.1	AGA	R	AGG	R	118
NC_045512.2	27747	A	C	24602	10613	48	3	2	28	0.000121862	24618	1	FALSE	ORF7a:cds-YP_009724395.1	AGA	R	AGC	S	118
NC_045512.2	27748	A	T	24676	10370	49	2	2	34	8.10209e-05	24685	1	FALSE	ORF7a:cds-YP_009724395.1	AAG	K	TAG	*	119
NC_045512.2	27748	A	G	24676	10370	49	3	3	65	0.000121531	24685	0.124954	FALSE	ORF7a:cds-YP_009724395.1	AAG	K	GAG	E	119
NC_045512.2	27748	A	C	24676	10370	49	4	0	30	0.000162042	24685	0.999986	FALSE	ORF7a:cds-YP_009724395.1	AAG	K	CAG	Q	119
NC_045512.2	27749	A	T	24556	10155	47	2	2	34	8.14332e-05	24560	1	FALSE	ORF7a:cds-YP_009724395.1	AAG	K	ATG	M	119
NC_045512.2	27749	A	G	24556	10155	47	1	1	34	4.07166e-05	24560	1	FALSE	ORF7a:cds-YP_009724395.1	AAG	K	AGG	R	119
NC_045512.2	27749	A	C	24556	10155	47	1	1	34	4.07166e-05	24560	1	FALSE	ORF7a:cds-YP_009724395.1	AAG	K	ACG	T	119
NC_045512.2	27750	G	T	24669	10196	48	2	2	34	8.10307e-05	24682	1	FALSE	ORF7a:cds-YP_009724395.1	AAG	K	AAT	N	119
NC_045512.2	27750	G	A	24669	10196	48	11	10	34	0.000445669	24682	0.991679	FALSE	ORF7a:cds-YP_009724395.1	AAG	K	AAA	K	119
NC_045512.2	27751	A	T	24316	10127	47	2	2	34	8.22064e-05	24329	1	FALSE	ORF7a:cds-YP_009724395.1	ACA	T	TCA	S	120
NC_045512.2	27751	A	G	24316	10127	47	9	8	31	0.000369929	24329	0.997728	FALSE	ORF7a:cds-YP_009724395.1	ACA	T	GCA	A	120
NC_045512.2	27751	A	C	24316	10127	47	2	2	34	8.22064e-05	24329	1	FALSE	ORF7a:cds-YP_009724395.1	ACA	T	CCA	P	120
NC_045512.2	27752	C	T	24687	10687	48	3	2	45	0.000121443	24703	0.499772	FALSE	ORF7a:cds-YP_009724395.1	ACA	T	ATA	I	120
NC_045512.2	27752	C	G	24687	10687	48	1	0	27	4.04809e-05	24703	1	FALSE	ORF7a:cds-YP_009724395.1	ACA	T	AGA	R	120
NC_045512.2	27752	C	A	24687	10687	48	12	12	32	0.000485771	24703	0.985607	FALSE	ORF7a:cds-YP_009724395.1	ACA	T	AAA	K	120
NC_045512.2	27753	A	T	24165	10326	48	1	1	34	4.13514e-05	24183	1	FALSE	ORF7a:cds-YP_009724395.1	ACA	T	ACT	T	120
NC_045512.2	27753	A	G	24165	10326	48	1	1	34	4.13514e-05	24183	1	FALSE	ORF7a:cds-YP_009724395.1	ACA	T	ACG	T	120
NC_045512.2	27753	A	C	24165	10326	48	16	15	31	0.000661622	24183	0.923136	FALSE	ORF7a:cds-YP_009724395.1	ACA	T	ACC	T	120
NC_045512.2	27754	G	T	24435	10277	47	2	2	26	8.17962e-05	24451	1	FALSE	ORF7a:cds-YP_009724395.1	GAA	E	TAA	*	121
NC_045512.2	27754	G	C	24435	10277	47	2	2	30	8.17962e-05	24451	1	FALSE	ORF7a:cds-YP_009724395.1	GAA	E	CAA	Q	121
NC_045512.2	27754	G	A	24435	10277	47	12	10	33	0.000490777	24451	0.985607	FALSE	ORF7a:cds-YP_009724395.1	GAA	E	AAA	K	121
NC_045512.2	27755	A	T	24425	10377	48	1	1	34	4.09132e-05	24442	1	FALSE	ORF7a:cds-YP_009724395.1	GAA	E	GTA	V	121
NC_045512.2	27755	A	G	24425	10377	48	13	13	32	0.000531871	24442	0.976505	FALSE	ORF7a:cds-YP_009724395.1	GAA	E	GGA	G	121
NC_045512.2	27755	A	C	24425	10377	48	3	2	34	0.00012274	24442	0.999997	FALSE	ORF7a:cds-YP_009724395.1	GAA	E	GCA	A	121
NC_045512.2	27756	A	T	24183	10321	47	2	1	30	8.26788e-05	24190	1	FALSE	ORF7a:cds-YP_009724395.1	GAA	E	GAT	D	121
NC_045512.2	27756	A	T	24183	10321	47	2	1	30	8.26788e-05	24190	1	FALSE	ORF7b:cds-YP_009725318.1	ATG	M	TTG	L	1
NC_045512.2	27756	A	G	24183	10321	47	4	1	42	0.000165358	24190	0.343702	FALSE	ORF7a:cds-YP_009724395.1	GAA	E	GAG	E	121
NC_045512.2	27756	A	G	24183	10321	47	4	1	42	0.000165358	24190	0.343702	FALSE	ORF7b:cds-YP_009725318.1	ATG	M	GTG	V	1
NC_045512.2	27756	A	C	24183	10321	47	1	1	34	4.13394e-05	24190	1	FALSE	ORF7a:cds-YP_009724395.1	GAA	E	GAC	D	121
NC_045512.2	27756	A	C	24183	10321	47	1	1	34	4.13394e-05	24190	1	FALSE	ORF7b:cds-YP_009725318.1	ATG	M	CTG	L	1
NC_045512.2	27757	T	G	24483	10259	47	2	2	30	8.1636e-05	24499	1	FALSE	ORF7a:cds-YP_009724395.1	TGA	*	GGA	G	122
NC_045512.2	27757	T	G	24483	10259	47	2	2	30	8.1636e-05	24499	1	FALSE	ORF7b:cds-YP_009725318.1	ATG	M	AGG	R	1
NC_045512.2	27757	T	C	24483	10259	47	3	2	46	0.000122454	24499	0.49977	FALSE	ORF7a:cds-YP_009724395.1	TGA	*	CGA	R	122
NC_045512.2	27757	T	C	24483	10259	47	3	2	46	0.000122454	24499	0.49977	FALSE	ORF7b:cds-YP_009725318.1	ATG	M	ACG	T	1
NC_045512.2	27757	T	A	24483	10259	47	11	10	31	0.000448998	24499	0.991671	FALSE	ORF7a:cds-YP_009724395.1	TGA	*	AGA	R	122
NC_045512.2	27757	T	A	24483	10259	47	11	10	31	0.000448998	24499	0.991671	FALSE	ORF7b:cds-YP_009725318.1	ATG	M	AAG	K	1
NC_045512.2	27758	G	T	24666	10477	47	11	10	33	0.000445687	24681	0.991674	FALSE	ORF7a:cds-YP_009724395.1	TGA	*	TTA	L	122
NC_045512.2	27758	G	T	24666	10477	47	11	10	33	0.000445687	24681	0.991674	FALSE	ORF7b:cds-YP_009725318.1	ATG	M	ATT	I	1
NC_045512.2	27758	G	A	24666	10477	47	4	4	34	0.000162068	24681	0.999986	FALSE	ORF7a:cds-YP_009724395.1	TGA	*	TAA	*	122
NC_045512.2	27758	G	A	24666	10477	47	4	4	34	0.000162068	24681	0.999986	FALSE	ORF7b:cds-YP_009725318.1	ATG	M	ATA	I	1
NC_045512.2	27759	A	T	24634	10410	47	1	1	34	4.05647e-05	24652	1	FALSE	ORF7a:cds-YP_009724395.1	TGA	*	TGT	C	122
NC_045512.2	27759	A	T	24634	10410	47	1	1	34	4.05647e-05	24652	1	FALSE	ORF7b:cds-YP_009725318.1	ATT	I	TTT	F	2
NC_045512.2	27759	A	G	24634	10410	47	13	11	33	0.000527341	24652	0.976498	FALSE	ORF7a:cds-YP_009724395.1	TGA	*	TGG	W	122
NC_045512.2	27759	A	G	24634	10410	47	13	11	33	0.000527341	24652	0.976498	FALSE	ORF7b:cds-YP_009725318.1	ATT	I	GTT	V	2
NC_045512.2	27759	A	C	24634	10410	47	4	3	30	0.000162259	24652	0.999986	FALSE	ORF7a:cds-YP_009724395.1	TGA	*	TGC	C	122
NC_045512.2	27759	A	C	24634	10410	47	4	3	30	0.000162259	24652	0.999986	FALSE	ORF7b:cds-YP_009725318.1	ATT	I	CTT	L	2
NC_045512.2	27760	T	G	24523	10271	47	1	1	34	4.07581e-05	24535	1	FALSE	ORF7b:cds-YP_009725318.1	ATT	I	AGT	S	2
NC_045512.2	27760	T	C	24523	10271	47	2	2	34	8.15162e-05	24535	1	FALSE	ORF7b:cds-YP_009725318.1	ATT	I	ACT	T	2
NC_045512.2	27760	T	A	24523	10271	47	9	9	32	0.000366823	24535	0.997729	FALSE	ORF7b:cds-YP_009725318.1	ATT	I	AAT	N	2
NC_045512.2	27761	T	G	24414	10344	47	3	3	28	0.00012285	24420	1	FALSE	ORF7b:cds-YP_009725318.1	ATT	I	ATG	M	2
NC_045512.2	27761	T	C	24414	10344	47	2	0	29	8.19001e-05	24420	1	FALSE	ORF7b:cds-YP_009725318.1	ATT	I	ATC	I	2
NC_045512.2	27761	T	A	24414	10344	47	1	0	26	4.095e-05	24420	1	FALSE	ORF7b:cds-YP_009725318.1	ATT	I	ATA	I	2
NC_045512.2	27762	G	T	24505	10341	47	9	9	34	0.000367077	24518	0.997728	FALSE	ORF7b:cds-YP_009725318.1	GAA	E	TAA	*	3
NC_045512.2	27762	G	C	24505	10341	47	1	1	34	4.07864e-05	24518	1	FALSE	ORF7b:cds-YP_009725318.1	GAA	E	CAA	Q	3
NC_045512.2	27762	G	A	24505	10341	47	3	2	40	0.000122359	24518	0.499828	FALSE	ORF7b:cds-YP_009725318.1	GAA	E	AAA	K	3
NC_045512.2	27763	A	T	24105	10163	47	2	2	30	8.29222e-05	24119	1	FALSE	ORF7b:cds-YP_009725318.1	GAA	E	GTA	V	3
NC_045512.2	27763	A	G	24105	10163	47	10	9	44	0.000414611	24119	0.0192654	FALSE	ORF7b:cds-YP_009725318.1	GAA	E	GGA	G	3
NC_045512.2	27763	A	C	24105	10163	47	2	1	34	8.29222e-05	24119	1	FALSE	ORF7b:cds-YP_009725318.1	GAA	E	GCA	A	3
NC_045512.2	27764	A	T	24018	10239	47	1	1	34	4.1625e-05	24024	1	FALSE	ORF7b:cds-YP_009725318.1	GAA	E	GAT	D	3
NC_045512.2	27764	A	G	24018	10239	47	1	0	20	4.1625e-05	24024	1	FALSE	ORF7b:cds-YP_009725318.1	GAA	E	GAG	E	3
NC_045512.2	27764	A	C	24018	10239	47	4	3	32	0.0001665	24024	0.999986	FALSE	ORF7b:cds-YP_009725318.1	GAA	E	GAC	D	3
NC_045512.2	27765	C	T	24242	10359	47	1	0	34	4.12286e-05	24255	1	FALSE	ORF7b:cds-YP_009725318.1	CTT	L	TTT	F	4
NC_045512.2	27765	C	G	24242	10359	47	2	2	34	8.24572e-05	24255	1	FALSE	ORF7b:cds-YP_009725318.1	CTT	L	GTT	V	4
NC_045512.2	27765	C	A	24242	10359	47	10	10	32	0.000412286	24255	0.995488	FALSE	ORF7b:cds-YP_009725318.1	CTT	L	ATT	I	4
NC_045512.2	27766	T	G	23964	10152	47	2	0	34	8.34098e-05	23978	0.999999	FALSE	ORF7b:cds-YP_009725318.1	CTT	L	CGT	R	4
NC_045512.2	27766	T	C	23964	10152	47	10	10	34	0.000417049	23978	0.993243	FALSE	ORF7b:cds-YP_009725318.1	CTT	L	CCT	P	4
NC_045512.2	27766	T	A	23964	10152	47	2	1	34	8.34098e-05	23978	0.999999	FALSE	ORF7b:cds-YP_009725318.1	CTT	L	CAT	H	4
NC_045512.2	27767	T	C	23954	10066	47	4	3	37	0.000166945	23960	0.999975	FALSE	ORF7b:cds-YP_009725318.1	CTT	L	CTC	L	4
NC_045512.2	27767	T	A	23954	10066	47	2	2	34	8.34725e-05	23960	0.999999	FALSE	ORF7b:cds-YP_009725318.1	CTT	L	CTA	L	4
NC_045512.2	27768	T	C	23932	10025	47	3	1	38	0.000125334	23936	0.999995	FALSE	ORF7b:cds-YP_009725318.1	TCA	S	CCA	P	5
NC_045512.2	27768	T	A	23932	10025	47	1	1	34	4.17781e-05	23936	1	FALSE	ORF7b:cds-YP_009725318.1	TCA	S	ACA	T	5
NC_045512.2	27769	C	T	24076	10071	47	13	13	32	0.000539665	24089	0.976533	FALSE	ORF7b:cds-YP_009725318.1	TCA	S	TTA	L	5
NC_045512.2	27770	A	T	23940	10145	47	2	1	30	8.34864e-05	23956	0.999999	FALSE	ORF7b:cds-YP_009725318.1	TCA	S	TCT	S	5
NC_045512.2	27770	A	G	23940	10145	47	3	2	45	0.00012523	23956	0.499765	FALSE	ORF7b:cds-YP_009725318.1	TCA	S	TCG	S	5
NC_045512.2	27770	A	C	23940	10145	47	11	10	34	0.000459175	23956	0.987856	FALSE	ORF7b:cds-YP_009725318.1	TCA	S	TCC	S	5
NC_045512.2	27771	T	G	24067	10050	46	3	1	34	0.000124585	24080	0.999997	FALSE	ORF7b:cds-YP_009725318.1	TTA	L	GTA	V	6
NC_045512.2	27771	T	C	24067	10050	46	1	1	34	4.15282e-05	24080	1	FALSE	ORF7b:cds-YP_009725318.1	TTA	L	CTA	L	6
NC_045512.2	27771	T	A	24067	10050	46	9	9	32	0.000373754	24080	0.997729	FALSE	ORF7b:cds-YP_009725318.1	TTA	L	ATA	I	6
NC_045512.2	27772	T	G	24109	10206	46	1	0	34	4.14731e-05	24112	1	FALSE	ORF7b:cds-YP_009725318.1	TTA	L	TGA	*	6
NC_045512.2	27772	T	C	24109	10206	46	1	1	26	4.14731e-05	24112	1	FALSE	ORF7b:cds-YP_009725318.1	TTA	L	TCA	S	6
NC_045512.2	27772	T	A	24109	10206	46	1	0	34	4.14731e-05	24112	1	FALSE	ORF7b:cds-YP_009725318.1	TTA	L	TAA	*	6
NC_045512.2	27773	A	T	23802	10167	46	10	10	32	0.000419833	23819	0.993237	FALSE	ORF7b:cds-YP_009725318.1	TTA	L	TTT	F	6
NC_045512.2	27773	A	G	23802	10167	46	6	4	43	0.0002519	23819	0.144373	FALSE	ORF7b:cds-YP_009725318.1	TTA	L	TTG	L	6
NC_045512.2	27773	A	C	23802	10167	46	1	0	27	4.19833e-05	23819	1	FALSE	ORF7b:cds-YP_009725318.1	TTA	L	TTC	F	6
NC_045512.2	27774	A	T	23414	10251	45	2	2	34	8.53935e-05	23421	0.999999	FALSE	ORF7b:cds-YP_009725318.1	ATT	I	TTT	F	7
NC_045512.2	27774	A	G	23414	10251	45	3	2	49	0.00012809	23421	0.49994	FALSE	ORF7b:cds-YP_009725318.1	ATT	I	GTT	V	7
NC_045512.2	27774	A	C	23414	10251	45	2	2	34	8.53935e-05	23421	0.999999	FALSE	ORF7b:cds-YP_009725318.1	ATT	I	CTT	L	7
NC_045512.2	27775	T	G	23949	10056	46	3	2	31	0.000125203	23961	0.999995	FALSE	ORF7b:cds-YP_009725318.1	ATT	I	AGT	S	7
NC_045512.2	27775	T	A	23949	10056	46	9	9	34	0.00037561	23961	0.996507	FALSE	ORF7b:cds-YP_009725318.1	ATT	I	AAT	N	7
NC_045512.2	27776	T	G	23904	10134	47	1	1	34	4.18253e-05	23909	1	FALSE	ORF7b:cds-YP_009725318.1	ATT	I	ATG	M	7
NC_045512.2	27776	T	C	23904	10134	47	3	3	56	0.000125476	23909	0.124984	FALSE	ORF7b:cds-YP_009725318.1	ATT	I	ATC	I	7
NC_045512.2	27776	T	A	23904	10134	47	1	1	26	4.18253e-05	23909	1	FALSE	ORF7b:cds-YP_009725318.1	ATT	I	ATA	I	7
NC_045512.2	27777	G	T	23996	10117	46	9	9	33	0.000374828	24011	0.997727	FALSE	ORF7b:cds-YP_009725318.1	GAC	D	TAC	Y	8
NC_045512.2	27777	G	C	23996	10117	46	3	3	34	0.000124943	24011	0.999997	FALSE	ORF7b:cds-YP_009725318.1	GAC	D	CAC	H	8
NC_045512.2	27777	G	A	23996	10117	46	3	3	34	0.000124943	24011	0.999997	FALSE	ORF7b:cds-YP_009725318.1	GAC	D	AAC	N	8
NC_045512.2	27778	A	T	23875	10597	47	2	2	30	8.37205e-05	23889	0.999999	FALSE	ORF7b:cds-YP_009725318.1	GAC	D	GTC	V	8
NC_045512.2	27778	A	G	23875	10597	47	11	9	33	0.000460463	23889	0.987864	FALSE	ORF7b:cds-YP_009725318.1	GAC	D	GGC	G	8
NC_045512.2	27778	A	C	23875	10597	47	1	1	26	4.18603e-05	23889	1	FALSE	ORF7b:cds-YP_009725318.1	GAC	D	GCC	A	8
NC_045512.2	27779	C	T	24113	10771	47	4	3	34	0.000165782	24128	0.999986	FALSE	ORF7b:cds-YP_009725318.1	GAC	D	GAT	D	8
NC_045512.2	27779	C	G	24113	10771	47	1	0	34	4.14456e-05	24128	1	FALSE	ORF7b:cds-YP_009725318.1	GAC	D	GAG	E	8
NC_045512.2	27779	C	A	24113	10771	47	10	9	33	0.000414456	24128	0.995485	FALSE	ORF7b:cds-YP_009725318.1	GAC	D	GAA	E	8
NC_045512.2	27780	T	G	24257	10963	47	1	1	34	4.12048e-05	24269	1	FALSE	ORF7b:cds-YP_009725318.1	TTC	F	GTC	V	9
NC_045512.2	27780	T	C	24257	10963	47	10	10	32	0.000412048	24269	0.99549	FALSE	ORF7b:cds-YP_009725318.1	TTC	F	CTC	L	9
NC_045512.2	27780	T	A	24257	10963	47	1	1	34	4.12048e-05	24269	1	FALSE	ORF7b:cds-YP_009725318.1	TTC	F	ATC	I	9
NC_045512.2	27781	T	G	23963	10748	47	2	1	30	8.34446e-05	23968	0.999999	FALSE	ORF7b:cds-YP_009725318.1	TTC	F	TGC	C	9
NC_045512.2	27781	T	C	23963	10748	47	1	1	34	4.17223e-05	23968	1	FALSE	ORF7b:cds-YP_009725318.1	TTC	F	TCC	S	9
NC_045512.2	27781	T	A	23963	10748	47	2	2	34	8.34446e-05	23968	0.999999	FALSE	ORF7b:cds-YP_009725318.1	TTC	F	TAC	Y	9
NC_045512.2	27782	C	T	24100	11087	47	8	8	33	0.000331799	24111	0.998951	FALSE	ORF7b:cds-YP_009725318.1	TTC	F	TTT	F	9
NC_045512.2	27782	C	G	24100	11087	47	1	1	34	4.14748e-05	24111	1	FALSE	ORF7b:cds-YP_009725318.1	TTC	F	TTG	L	9
NC_045512.2	27782	C	A	24100	11087	47	2	2	34	8.29497e-05	24111	1	FALSE	ORF7b:cds-YP_009725318.1	TTC	F	TTA	L	9
NC_045512.2	27783	T	C	23866	10905	47	10	9	35	0.000418813	23877	0.99325	FALSE	ORF7b:cds-YP_009725318.1	TAT	Y	CAT	H	10
NC_045512.2	27783	T	A	23866	10905	47	1	0	26	4.18813e-05	23877	1	FALSE	ORF7b:cds-YP_009725318.1	TAT	Y	AAT	N	10
NC_045512.2	27784	A	T	24142	11282	48	10	9	31	0.000414044	24152	0.995493	FALSE	ORF7b:cds-YP_009725318.1	TAT	Y	TTT	F	10
NC_045512.2	27785	T	G	22769	9902	45	1	1	34	4.38885e-05	22785	1	FALSE	ORF7b:cds-YP_009725318.1	TAT	Y	TAG	*	10
NC_045512.2	27785	T	C	22769	9902	45	5	4	29	0.000219443	22785	1	FALSE	ORF7b:cds-YP_009725318.1	TAT	Y	TAC	Y	10
NC_045512.2	27785	T	A	22769	9902	45	10	10	34	0.000438885	22785	0.989974	FALSE	ORF7b:cds-YP_009725318.1	TAT	Y	TAA	*	10
NC_045512.2	27786	T	C	24116	11468	48	3	3	56	0.000124373	24121	0.124984	FALSE	ORF7b:cds-YP_009725318.1	TTG	L	CTG	L	11
NC_045512.2	27786	T	A	24116	11468	48	2	1	29	8.29153e-05	24121	1	FALSE	ORF7b:cds-YP_009725318.1	TTG	L	ATG	M	11
NC_045512.2	27787	T	G	23921	11403	48	1	1	27	4.17973e-05	23925	1	FALSE	ORF7b:cds-YP_009725318.1	TTG	L	TGG	W	11
NC_045512.2	27787	T	C	23921	11403	48	1	1	24	4.17973e-05	23925	1	FALSE	ORF7b:cds-YP_009725318.1	TTG	L	TCG	S	11
NC_045512.2	27787	T	A	23921	11403	48	2	2	34	8.35946e-05	23925	0.999999	FALSE	ORF7b:cds-YP_009725318.1	TTG	L	TAG	*	11
NC_045512.2	27788	G	T	23636	11399	48	11	11	33	0.000465136	23649	0.987868	FALSE	ORF7b:cds-YP_009725318.1	TTG	L	TTT	F	11
NC_045512.2	27788	G	C	23636	11399	48	1	1	26	4.22851e-05	23649	1	FALSE	ORF7b:cds-YP_009725318.1	TTG	L	TTC	F	11
NC_045512.2	27788	G	A	23636	11399	48	1	1	26	4.22851e-05	23649	1	FALSE	ORF7b:cds-YP_009725318.1	TTG	L	TTA	L	11
NC_045512.2	27789	T	G	23644	11450	48	10	10	32	0.000422744	23655	0.99325	FALSE	ORF7b:cds-YP_009725318.1	TGC	C	GGC	G	12
NC_045512.2	27789	T	A	23644	11450	48	1	1	34	4.22744e-05	23655	1	FALSE	ORF7b:cds-YP_009725318.1	TGC	C	AGC	S	12
NC_045512.2	27790	G	T	23540	11318	47	12	12	33	0.000509446	23555	0.979545	FALSE	ORF7b:cds-YP_009725318.1	TGC	C	TTC	F	12
NC_045512.2	27790	G	A	23540	11318	47	3	2	34	0.000127361	23555	0.999995	FALSE	ORF7b:cds-YP_009725318.1	TGC	C	TAC	Y	12
NC_045512.2	27791	C	G	23063	11947	46	11	9	31	0.000476706	23075	0.987873	FALSE	ORF7b:cds-YP_009725318.1	TGC	C	TGG	W	12
NC_045512.2	27791	C	A	23063	11947	46	1	1	34	4.33369e-05	23075	1	FALSE	ORF7b:cds-YP_009725318.1	TGC	C	TGA	*	12
NC_045512.2	27791	C	-T	23063	11947	46	1	0	20	4.33369e-05	23075	1	FALSE	NA	NA	NA	NA	NA	NA
NC_045512.2	27792	T	C	22694	11511	46	14	14	36	0.000616469	22710	0.933794	FALSE	ORF7b:cds-YP_009725318.1	TTT	F	CTT	L	13
NC_045512.2	27792	T	A	22694	11511	46	2	2	30	8.80669e-05	22710	0.999999	FALSE	ORF7b:cds-YP_009725318.1	TTT	F	ATT	I	13
NC_045512.2	27793	T	G	22835	11705	46	3	2	30	0.000131343	22841	0.99999	FALSE	ORF7b:cds-YP_009725318.1	TTT	F	TGT	C	13
NC_045512.2	27793	T	C	22835	11705	46	2	1	51	8.75618e-05	22841	0.249962	FALSE	ORF7b:cds-YP_009725318.1	TTT	F	TCT	S	13
NC_045512.2	27793	T	A	22835	11705	46	1	1	34	4.37809e-05	22841	1	FALSE	ORF7b:cds-YP_009725318.1	TTT	F	TAT	Y	13
NC_045512.2	27794	T	C	22689	11717	46	4	3	40	0.000176258	22694	0.34374	FALSE	ORF7b:cds-YP_009725318.1	TTT	F	TTC	F	13
NC_045512.2	27794	T	A	22689	11717	46	1	1	34	4.40645e-05	22694	1	FALSE	ORF7b:cds-YP_009725318.1	TTT	F	TTA	L	13
NC_045512.2	27795	T	G	22754	11797	46	1	1	27	4.39406e-05	22758	1	FALSE	ORF7b:cds-YP_009725318.1	TTA	L	GTA	V	14
NC_045512.2	27795	T	C	22754	11797	46	2	2	34	8.78812e-05	22758	0.999999	FALSE	ORF7b:cds-YP_009725318.1	TTA	L	CTA	L	14
NC_045512.2	27795	T	A	22754	11797	46	1	1	34	4.39406e-05	22758	1	FALSE	ORF7b:cds-YP_009725318.1	TTA	L	ATA	I	14
NC_045512.2	27796	T	G	22809	11868	46	4	3	30	0.000175331	22814	0.999956	FALSE	ORF7b:cds-YP_009725318.1	TTA	L	TGA	*	14
NC_045512.2	27796	T	C	22809	11868	46	1	0	24	4.38327e-05	22814	1	FALSE	ORF7b:cds-YP_009725318.1	TTA	L	TCA	S	14
NC_045512.2	27797	A	T	22636	11858	46	11	11	32	0.00048563	22651	0.982475	FALSE	ORF7b:cds-YP_009725318.1	TTA	L	TTT	F	14
NC_045512.2	27797	A	G	22636	11858	46	1	1	34	4.41482e-05	22651	1	FALSE	ORF7b:cds-YP_009725318.1	TTA	L	TTG	L	14
NC_045512.2	27797	A	C	22636	11858	46	3	3	31	0.000132444	22651	0.99999	FALSE	ORF7b:cds-YP_009725318.1	TTA	L	TTC	F	14
NC_045512.2	27798	G	T	22625	11819	46	3	3	34	0.000132503	22641	0.99999	FALSE	ORF7b:cds-YP_009725318.1	GCC	A	TCC	S	15
NC_045512.2	27798	G	C	22625	11819	46	1	0	20	4.41677e-05	22641	1	FALSE	ORF7b:cds-YP_009725318.1	GCC	A	CCC	P	15
NC_045512.2	27798	G	A	22625	11819	46	12	12	32	0.000530012	22641	0.971215	FALSE	ORF7b:cds-YP_009725318.1	GCC	A	ACC	T	15
NC_045512.2	27799	C	T	22419	11849	45	1	1	34	4.45792e-05	22432	1	FALSE	ORF7b:cds-YP_009725318.1	GCC	A	GTC	V	15
NC_045512.2	27799	C	G	22419	11849	45	8	8	34	0.000356633	22432	0.997392	FALSE	ORF7b:cds-YP_009725318.1	GCC	A	GGC	G	15
NC_045512.2	27799	C	A	22419	11849	45	4	3	32	0.000178317	22432	0.999956	FALSE	ORF7b:cds-YP_009725318.1	GCC	A	GAC	D	15
NC_045512.2	27800	C	T	22279	11924	45	3	3	31	0.000134626	22284	0.99999	FALSE	ORF7b:cds-YP_009725318.1	GCC	A	GCT	A	15
NC_045512.2	27800	C	A	22279	11924	45	2	2	30	8.97505e-05	22284	0.999999	FALSE	ORF7b:cds-YP_009725318.1	GCC	A	GCA	A	15
NC_045512.2	27801	T	G	21549	11236	45	2	2	34	9.27472e-05	21564	0.999997	FALSE	ORF7b:cds-YP_009725318.1	TTT	F	GTT	V	16
NC_045512.2	27801	T	C	21549	11236	45	12	11	36	0.000556483	21564	0.959963	FALSE	ORF7b:cds-YP_009725318.1	TTT	F	CTT	L	16
NC_045512.2	27801	T	A	21549	11236	45	1	1	34	4.63736e-05	21564	1	FALSE	ORF7b:cds-YP_009725318.1	TTT	F	ATT	I	16
NC_045512.2	27802	T	G	21640	11400	45	1	1	34	4.62022e-05	21644	1	FALSE	ORF7b:cds-YP_009725318.1	TTT	F	TGT	C	16
NC_045512.2	27802	T	C	21640	11400	45	3	2	34	0.000138607	21644	0.999982	FALSE	ORF7b:cds-YP_009725318.1	TTT	F	TCT	S	16
NC_045512.2	27803	T	G	21705	11422	46	2	1	27	9.21022e-05	21715	1	FALSE	ORF7b:cds-YP_009725318.1	TTT	F	TTG	L	16
NC_045512.2	27803	T	C	21705	11422	46	4	3	38	0.000184204	21715	0.999922	FALSE	ORF7b:cds-YP_009725318.1	TTT	F	TTC	F	16
NC_045512.2	27803	T	A	21705	11422	46	4	3	32	0.000184204	21715	0.999922	FALSE	ORF7b:cds-YP_009725318.1	TTT	F	TTA	L	16
NC_045512.2	27804	C	T	21525	11392	45	12	11	36	0.000557155	21538	0.959986	FALSE	ORF7b:cds-YP_009725318.1	CTG	L	TTG	L	17
NC_045512.2	27804	C	A	21525	11392	45	1	1	26	4.64296e-05	21538	1	FALSE	ORF7b:cds-YP_009725318.1	CTG	L	ATG	M	17
NC_045512.2	27805	T	G	21579	11478	45	2	1	30	9.2614e-05	21595	0.999997	FALSE	ORF7b:cds-YP_009725318.1	CTG	L	CGG	R	17
NC_045512.2	27805	T	C	21579	11478	45	11	10	37	0.000509377	21595	0.97496	FALSE	ORF7b:cds-YP_009725318.1	CTG	L	CCG	P	17
NC_045512.2	27805	T	A	21579	11478	45	3	2	31	0.000138921	21595	0.999982	FALSE	ORF7b:cds-YP_009725318.1	CTG	L	CAG	Q	17
NC_045512.2	27806	G	T	21573	11490	45	10	10	33	0.000463306	21584	0.985304	FALSE	ORF7b:cds-YP_009725318.1	CTG	L	CTT	L	17
NC_045512.2	27806	G	C	21573	11490	45	1	1	34	4.63306e-05	21584	1	FALSE	ORF7b:cds-YP_009725318.1	CTG	L	CTC	L	17
NC_045512.2	27806	G	-C	21573	11490	45	1	0	20	4.63306e-05	21584	1	FALSE	NA	NA	NA	NA	NA	NA
NC_045512.2	27807	C	T	2	2	34	21408	11484	46	0.99944	21420	0	TRUE	ORF7b:cds-YP_009725318.1	CTA	L	TTA	L	18
NC_045512.2	27807	C	G	2	2	34	9	8	34	0.000420168	21420	2.99406e-25	TRUE	ORF7b:cds-YP_009725318.1	CTA	L	GTA	V	18
NC_045512.2	27807	C	A	2	2	34	1	1	34	4.66853e-05	21420	0.00307778	TRUE	ORF7b:cds-YP_009725318.1	CTA	L	ATA	I	18
NC_045512.2	27808	T	G	21257	11394	46	1	0	26	4.70301e-05	21263	1	FALSE	ORF7b:cds-YP_009725318.1	CTA	L	CGA	R	18
NC_045512.2	27808	T	C	21257	11394	46	4	4	38	0.00018812	21263	0.999922	FALSE	ORF7b:cds-YP_009725318.1	CTA	L	CCA	P	18
NC_045512.2	27808	T	A	21257	11394	46	1	1	26	4.70301e-05	21263	1	FALSE	ORF7b:cds-YP_009725318.1	CTA	L	CAA	Q	18
NC_045512.2	27809	A	T	21156	11553	45	9	8	31	0.00042521	21166	0.991956	FALSE	ORF7b:cds-YP_009725318.1	CTA	L	CTT	L	18
NC_045512.2	27809	A	G	21156	11553	45	1	1	34	4.72456e-05	21166	1	FALSE	ORF7b:cds-YP_009725318.1	CTA	L	CTG	L	18
NC_045512.2	27810	T	C	21058	11544	45	6	3	35	0.000284698	21075	0.999243	FALSE	ORF7b:cds-YP_009725318.1	TTC	F	CTC	L	19
NC_045512.2	27810	T	A	21058	11544	45	11	11	33	0.000521945	21075	0.974953	FALSE	ORF7b:cds-YP_009725318.1	TTC	F	ATC	I	19
NC_045512.2	27811	T	G	21127	11616	45	1	1	26	4.73216e-05	21132	1	FALSE	ORF7b:cds-YP_009725318.1	TTC	F	TGC	C	19
NC_045512.2	27811	T	C	21127	11616	45	2	1	34	9.46432e-05	21132	0.999997	FALSE	ORF7b:cds-YP_009725318.1	TTC	F	TCC	S	19
NC_045512.2	27811	T	A	21127	11616	45	2	2	34	9.46432e-05	21132	0.999997	FALSE	ORF7b:cds-YP_009725318.1	TTC	F	TAC	Y	19
NC_045512.2	27812	C	T	20839	11461	45	13	13	36	0.000623322	20856	0.918643	FALSE	ORF7b:cds-YP_009725318.1	TTC	F	TTT	F	19
NC_045512.2	27812	C	A	20839	11461	45	4	4	32	0.000191791	20856	0.999861	FALSE	ORF7b:cds-YP_009725318.1	TTC	F	TTA	L	19
NC_045512.2	27813	C	T	24621	11558	44	3	3	40	0.000121827	24625	0.5	FALSE	ORF7b:cds-YP_009725318.1	CTT	L	TTT	F	20
NC_045512.2	27813	C	A	24621	11558	44	1	1	34	4.06091e-05	24625	1	FALSE	ORF7b:cds-YP_009725318.1	CTT	L	ATT	I	20
NC_045512.2	27814	T	G	24703	11543	44	1	1	34	4.04645e-05	24713	1	FALSE	ORF7b:cds-YP_009725318.1	CTT	L	CGT	R	20
NC_045512.2	27814	T	C	24703	11543	44	8	7	34	0.000323716	24713	0.998952	FALSE	ORF7b:cds-YP_009725318.1	CTT	L	CCT	P	20
NC_045512.2	27814	T	A	24703	11543	44	1	1	27	4.04645e-05	24713	1	FALSE	ORF7b:cds-YP_009725318.1	CTT	L	CAT	H	20
NC_045512.2	27815	T	G	24429	11402	44	1	0	27	4.09216e-05	24437	1	FALSE	ORF7b:cds-YP_009725318.1	CTT	L	CTG	L	20
NC_045512.2	27815	T	C	24429	11402	44	4	4	40	0.000163686	24437	0.343683	FALSE	ORF7b:cds-YP_009725318.1	CTT	L	CTC	L	20
NC_045512.2	27815	T	A	24429	11402	44	3	2	26	0.000122765	24437	1	FALSE	ORF7b:cds-YP_009725318.1	CTT	L	CTA	L	20
NC_045512.2	27816	G	T	24749	11343	44	10	9	33	0.000403877	24760	0.995491	FALSE	ORF7b:cds-YP_009725318.1	GTT	V	TTT	F	21
NC_045512.2	27816	G	C	24749	11343	44	1	1	26	4.03877e-05	24760	1	FALSE	ORF7b:cds-YP_009725318.1	GTT	V	CTT	L	21
NC_045512.2	27817	T	G	24719	11246	44	8	7	32	0.00032352	24728	0.998952	FALSE	ORF7b:cds-YP_009725318.1	GTT	V	GGT	G	21
NC_045512.2	27817	T	A	24719	11246	44	1	1	34	4.044e-05	24728	1	FALSE	ORF7b:cds-YP_009725318.1	GTT	V	GAT	D	21
NC_045512.2	27818	T	G	24725	11321	44	1	1	34	4.04384e-05	24729	1	FALSE	ORF7b:cds-YP_009725318.1	GTT	V	GTG	V	21
NC_045512.2	27818	T	C	24725	11321	44	3	2	45	0.000121315	24729	0.5	FALSE	ORF7b:cds-YP_009725318.1	GTT	V	GTC	V	21
NC_045512.2	27819	T	G	23976	10541	43	1	1	34	4.17014e-05	23980	1	FALSE	ORF7b:cds-YP_009725318.1	TTA	L	GTA	V	22
NC_045512.2	27819	T	C	23976	10541	43	2	0	34	8.34028e-05	23980	0.999999	FALSE	ORF7b:cds-YP_009725318.1	TTA	L	CTA	L	22
NC_045512.2	27819	T	A	23976	10541	43	1	1	34	4.17014e-05	23980	1	FALSE	ORF7b:cds-YP_009725318.1	TTA	L	ATA	I	22
NC_045512.2	27820	T	G	25445	12424	46	2	0	26	7.85885e-05	25449	1	FALSE	ORF7b:cds-YP_009725318.1	TTA	L	TGA	*	22
NC_045512.2	27820	T	A	25445	12424	46	2	1	34	7.85885e-05	25449	1	FALSE	ORF7b:cds-YP_009725318.1	TTA	L	TAA	*	22
NC_045512.2	27821	A	T	25408	12433	45	10	9	34	0.000393283	25427	0.997006	FALSE	ORF7b:cds-YP_009725318.1	TTA	L	TTT	F	22
NC_045512.2	27821	A	G	25408	12433	45	3	1	45	0.000117985	25427	0.499723	FALSE	ORF7b:cds-YP_009725318.1	TTA	L	TTG	L	22
NC_045512.2	27821	A	C	25408	12433	45	6	4	30	0.00023597	25427	0.999904	FALSE	ORF7b:cds-YP_009725318.1	TTA	L	TTC	F	22
NC_045512.2	27822	A	T	20445	8900	46	3	2	31	0.000146714	20448	0.999967	FALSE	ORF7b:cds-YP_009725318.1	ATT	I	TTT	F	23
NC_045512.2	27823	T	G	20606	8924	46	1	0	27	4.85107e-05	20614	1	FALSE	ORF7b:cds-YP_009725318.1	ATT	I	AGT	S	23
NC_045512.2	27823	T	C	20606	8924	46	1	0	26	4.85107e-05	20614	1	FALSE	ORF7b:cds-YP_009725318.1	ATT	I	ACT	T	23
NC_045512.2	27823	T	A	20606	8924	46	6	6	32	0.000291064	20614	0.998756	FALSE	ORF7b:cds-YP_009725318.1	ATT	I	AAT	N	23
NC_045512.2	27824	T	C	20562	8942	46	1	1	34	4.86263e-05	20565	1	FALSE	ORF7b:cds-YP_009725318.1	ATT	I	ATC	I	23
NC_045512.2	27824	T	A	20562	8942	46	2	2	30	9.72526e-05	20565	0.999995	FALSE	ORF7b:cds-YP_009725318.1	ATT	I	ATA	I	23
NC_045512.2	27825	A	T	20616	9044	46	6	6	32	0.000290923	20624	0.998756	FALSE	ORF7b:cds-YP_009725318.1	ATG	M	TTG	L	24
NC_045512.2	27825	A	G	20616	9044	46	1	1	34	4.84872e-05	20624	1	FALSE	ORF7b:cds-YP_009725318.1	ATG	M	GTG	V	24
NC_045512.2	27825	A	C	20616	9044	46	1	1	34	4.84872e-05	20624	1	FALSE	ORF7b:cds-YP_009725318.1	ATG	M	CTG	L	24
NC_045512.2	27826	T	G	20686	9108	46	1	0	34	4.83279e-05	20692	1	FALSE	ORF7b:cds-YP_009725318.1	ATG	M	AGG	R	24
NC_045512.2	27826	T	C	20686	9108	46	1	0	34	4.83279e-05	20692	1	FALSE	ORF7b:cds-YP_009725318.1	ATG	M	ACG	T	24
NC_045512.2	27826	T	A	20686	9108	46	4	4	34	0.000193311	20692	0.999862	FALSE	ORF7b:cds-YP_009725318.1	ATG	M	AAG	K	24
NC_045512.2	27827	G	T	20724	9169	46	8	8	32	0.000385858	20733	0.993744	FALSE	ORF7b:cds-YP_009725318.1	ATG	M	ATT	I	24
NC_045512.2	27827	G	C	20724	9169	46	1	0	34	4.82323e-05	20733	1	FALSE	ORF7b:cds-YP_009725318.1	ATG	M	ATC	I	24
NC_045512.2	27828	C	T	20999	9621	46	3	3	34	0.000142782	21011	0.999982	FALSE	ORF7b:cds-YP_009725318.1	CTT	L	TTT	F	25
NC_045512.2	27828	C	G	20999	9621	46	5	5	34	0.000237971	21011	0.999734	FALSE	ORF7b:cds-YP_009725318.1	CTT	L	GTT	V	25
NC_045512.2	27828	C	A	20999	9621	46	4	3	32	0.000190376	21011	0.999922	FALSE	ORF7b:cds-YP_009725318.1	CTT	L	ATT	I	25
NC_045512.2	27828	C	+T	20999	9621	46	1	0	20	4.75941e-05	21011	1	FALSE	NA	NA	NA	NA	NA	NA
NC_045512.2	27829	T	G	21099	9528	46	1	1	34	4.73821e-05	21105	1	FALSE	ORF7b:cds-YP_009725318.1	CTT	L	CGT	R	25
NC_045512.2	27829	T	C	21099	9528	46	5	5	34	0.000236911	21105	0.999734	FALSE	ORF7b:cds-YP_009725318.1	CTT	L	CCT	P	25
NC_045512.2	27830	T	G	21127	9663	46	4	3	30	0.00018926	21135	0.999922	FALSE	ORF7b:cds-YP_009725318.1	CTT	L	CTG	L	25
NC_045512.2	27830	T	C	21127	9663	46	2	2	34	9.46298e-05	21135	0.999997	FALSE	ORF7b:cds-YP_009725318.1	CTT	L	CTC	L	25
NC_045512.2	27830	T	A	21127	9663	46	2	2	25	9.46298e-05	21135	1	FALSE	ORF7b:cds-YP_009725318.1	CTT	L	CTA	L	25
NC_045512.2	27831	A	T	21314	9700	46	8	8	34	0.000375164	21324	0.995944	FALSE	ORF7b:cds-YP_009725318.1	ATT	I	TTT	F	26
NC_045512.2	27831	A	C	21314	9700	46	2	2	34	9.3791e-05	21324	0.999997	FALSE	ORF7b:cds-YP_009725318.1	ATT	I	CTT	L	26
NC_045512.2	27832	T	C	21258	9756	46	1	1	68	4.70234e-05	21266	0.499929	FALSE	ORF7b:cds-YP_009725318.1	ATT	I	ACT	T	26
NC_045512.2	27832	T	A	21258	9756	46	7	7	32	0.000329164	21266	0.998146	FALSE	ORF7b:cds-YP_009725318.1	ATT	I	AAT	N	26
NC_045512.2	27833	T	G	21033	9887	45	4	1	28	0.000190114	21040	1	FALSE	ORF7b:cds-YP_009725318.1	ATT	I	ATG	M	26
NC_045512.2	27833	T	C	21033	9887	45	1	0	68	4.75285e-05	21040	0.499941	FALSE	ORF7b:cds-YP_009725318.1	ATT	I	ATC	I	26
NC_045512.2	27833	T	A	21033	9887	45	2	1	27	9.5057e-05	21040	1	FALSE	ORF7b:cds-YP_009725318.1	ATT	I	ATA	I	26
NC_045512.2	27834	A	T	21634	10053	46	10	10	32	0.000461979	21646	0.985299	FALSE	ORF7b:cds-YP_009725318.1	ATC	I	TTC	F	27
NC_045512.2	27834	A	G	21634	10053	46	1	1	34	4.61979e-05	21646	1	FALSE	ORF7b:cds-YP_009725318.1	ATC	I	GTC	V	27
NC_045512.2	27834	A	C	21634	10053	46	1	1	34	4.61979e-05	21646	1	FALSE	ORF7b:cds-YP_009725318.1	ATC	I	CTC	L	27
NC_045512.2	27835	T	G	21425	9682	45	1	0	34	4.6657e-05	21433	1	FALSE	ORF7b:cds-YP_009725318.1	ATC	I	AGC	S	27
NC_045512.2	27835	T	C	21425	9682	45	1	1	34	4.6657e-05	21433	1	FALSE	ORF7b:cds-YP_009725318.1	ATC	I	ACC	T	27
NC_045512.2	27835	T	A	21425	9682	45	6	6	31	0.000279942	21433	0.999245	FALSE	ORF7b:cds-YP_009725318.1	ATC	I	AAC	N	27
NC_045512.2	27836	C	T	21866	10136	46	10	10	34	0.00045708	21878	0.985299	FALSE	ORF7b:cds-YP_009725318.1	ATC	I	ATT	I	27
NC_045512.2	27836	C	G	21866	10136	46	1	1	34	4.5708e-05	21878	1	FALSE	ORF7b:cds-YP_009725318.1	ATC	I	ATG	M	27
NC_045512.2	27836	C	A	21866	10136	46	1	1	34	4.5708e-05	21878	1	FALSE	ORF7b:cds-YP_009725318.1	ATC	I	ATA	I	27
NC_045512.2	27837	T	G	21866	10092	46	1	1	34	4.57059e-05	21879	1	FALSE	ORF7b:cds-YP_009725318.1	TTT	F	GTT	V	28
NC_045512.2	27837	T	C	21866	10092	46	7	5	31	0.000319941	21879	0.998142	FALSE	ORF7b:cds-YP_009725318.1	TTT	F	CTT	L	28
NC_045512.2	27837	T	A	21866	10092	46	5	5	40	0.00022853	21879	0.226413	FALSE	ORF7b:cds-YP_009725318.1	TTT	F	ATT	I	28
NC_045512.2	27838	T	C	22001	10588	47	2	2	34	9.08967e-05	22003	0.999999	FALSE	ORF7b:cds-YP_009725318.1	TTT	F	TCT	S	28
NC_045512.2	27839	T	G	21584	10176	46	1	1	34	4.63199e-05	21589	1	FALSE	ORF7b:cds-YP_009725318.1	TTT	F	TTG	L	28
NC_045512.2	27839	T	C	21584	10176	46	4	2	31	0.00018528	21589	0.999922	FALSE	ORF7b:cds-YP_009725318.1	TTT	F	TTC	F	28
NC_045512.2	27840	T	G	22045	10741	47	1	1	38	4.53535e-05	22049	1	FALSE	ORF7b:cds-YP_009725318.1	TGG	W	GGG	G	29
NC_045512.2	27840	T	C	22045	10741	47	3	1	30	0.000136061	22049	0.99999	FALSE	ORF7b:cds-YP_009725318.1	TGG	W	CGG	R	29
NC_045512.2	27841	G	T	22116	10714	47	11	11	32	0.00049713	22127	0.982498	FALSE	ORF7b:cds-YP_009725318.1	TGG	W	TTG	L	29
NC_045512.2	27842	G	T	22616	11012	48	5	5	32	0.000221024	22622	0.999845	FALSE	ORF7b:cds-YP_009725318.1	TGG	W	TGT	C	29
NC_045512.2	27842	G	A	22616	11012	48	1	1	34	4.42048e-05	22622	1	FALSE	ORF7b:cds-YP_009725318.1	TGG	W	TGA	*	29
NC_045512.2	27843	T	G	22542	10962	48	9	8	34	0.000399042	22554	0.994672	FALSE	ORF7b:cds-YP_009725318.1	TTC	F	GTC	V	30
NC_045512.2	27843	T	C	22542	10962	48	3	2	31	0.000133014	22554	0.99999	FALSE	ORF7b:cds-YP_009725318.1	TTC	F	CTC	L	30
NC_045512.2	27844	T	G	22023	10428	46	5	4	31	0.000226953	22031	0.999845	FALSE	ORF7b:cds-YP_009725318.1	TTC	F	TGC	C	30
NC_045512.2	27844	T	C	22023	10428	46	2	1	51	9.07812e-05	22031	0.249938	FALSE	ORF7b:cds-YP_009725318.1	TTC	F	TCC	S	30
NC_045512.2	27844	T	A	22023	10428	46	1	1	24	4.53906e-05	22031	1	FALSE	ORF7b:cds-YP_009725318.1	TTC	F	TAC	Y	30
NC_045512.2	27845	C	T	22695	11256	48	7	7	30	0.000308248	22709	0.998843	FALSE	ORF7b:cds-YP_009725318.1	TTC	F	TTT	F	30
NC_045512.2	27845	C	G	22695	11256	48	5	4	34	0.000220177	22709	0.999845	FALSE	ORF7b:cds-YP_009725318.1	TTC	F	TTG	L	30
NC_045512.2	27845	C	A	22695	11256	48	2	1	30	8.80708e-05	22709	0.999999	FALSE	ORF7b:cds-YP_009725318.1	TTC	F	TTA	L	30
NC_045512.2	27846	T	C	22733	11249	48	8	7	34	0.000351772	22742	0.997396	FALSE	ORF7b:cds-YP_009725318.1	TCA	S	CCA	P	31
NC_045512.2	27846	T	A	22733	11249	48	1	0	27	4.39715e-05	22742	1	FALSE	ORF7b:cds-YP_009725318.1	TCA	S	ACA	T	31
NC_045512.2	27847	C	T	24901	11692	48	12	12	33	0.000481638	24915	0.985616	FALSE	ORF7b:cds-YP_009725318.1	TCA	S	TTA	L	31
NC_045512.2	27847	C	G	24901	11692	48	2	0	34	8.02729e-05	24915	1	FALSE	ORF7b:cds-YP_009725318.1	TCA	S	TGA	*	31
NC_045512.2	27848	A	T	24917	11765	48	3	3	29	0.000120322	24933	1	FALSE	ORF7b:cds-YP_009725318.1	TCA	S	TCT	S	31
NC_045512.2	27848	A	G	24917	11765	48	2	1	42	8.0215e-05	24933	0.687312	FALSE	ORF7b:cds-YP_009725318.1	TCA	S	TCG	S	31
NC_045512.2	27848	A	C	24917	11765	48	11	10	32	0.000441182	24933	0.991671	FALSE	ORF7b:cds-YP_009725318.1	TCA	S	TCC	S	31
NC_045512.2	27849	C	T	25170	11954	48	5	5	32	0.000198547	25183	0.99997	FALSE	ORF7b:cds-YP_009725318.1	CTT	L	TTT	F	32
NC_045512.2	27849	C	G	25170	11954	48	2	0	34	7.94187e-05	25183	1	FALSE	ORF7b:cds-YP_009725318.1	CTT	L	GTT	V	32
NC_045512.2	27849	C	A	25170	11954	48	6	6	32	0.000238256	25183	0.999904	FALSE	ORF7b:cds-YP_009725318.1	CTT	L	ATT	I	32
NC_045512.2	27850	T	G	25086	11865	48	1	1	26	3.98422e-05	25099	1	FALSE	ORF7b:cds-YP_009725318.1	CTT	L	CGT	R	32
NC_045512.2	27850	T	C	25086	11865	48	10	10	40	0.000398422	25099	0.0192695	FALSE	ORF7b:cds-YP_009725318.1	CTT	L	CCT	P	32
NC_045512.2	27850	T	A	25086	11865	48	2	2	34	7.96844e-05	25099	1	FALSE	ORF7b:cds-YP_009725318.1	CTT	L	CAT	H	32
NC_045512.2	27851	T	G	24834	11723	48	3	1	34	0.000120763	24842	0.999997	FALSE	ORF7b:cds-YP_009725318.1	CTT	L	CTG	L	32
NC_045512.2	27851	T	C	24834	11723	48	2	2	30	8.05088e-05	24842	1	FALSE	ORF7b:cds-YP_009725318.1	CTT	L	CTC	L	32
NC_045512.2	27851	T	A	24834	11723	48	3	3	28	0.000120763	24842	1	FALSE	ORF7b:cds-YP_009725318.1	CTT	L	CTA	L	32
NC_045512.2	27852	G	T	25178	11964	48	5	5	34	0.000198507	25188	0.99997	FALSE	ORF7b:cds-YP_009725318.1	GAA	E	TAA	*	33
NC_045512.2	27852	G	C	25178	11964	48	5	5	32	0.000198507	25188	0.99997	FALSE	ORF7b:cds-YP_009725318.1	GAA	E	CAA	Q	33
NC_045512.2	27853	A	T	25311	12044	48	4	4	34	0.000157965	25322	0.999992	FALSE	ORF7b:cds-YP_009725318.1	GAA	E	GTA	V	33
NC_045512.2	27853	A	G	25311	12044	48	7	6	32	0.000276439	25322	0.999733	FALSE	ORF7b:cds-YP_009725318.1	GAA	E	GGA	G	33
NC_045512.2	27854	A	T	24344	12089	46	4	4	32	0.000164251	24353	0.999986	FALSE	ORF7b:cds-YP_009725318.1	GAA	E	GAT	D	33
NC_045512.2	27854	A	G	24344	12089	46	2	2	34	8.21254e-05	24353	1	FALSE	ORF7b:cds-YP_009725318.1	GAA	E	GAG	E	33
NC_045512.2	27854	A	C	24344	12089	46	3	2	29	0.000123188	24353	1	FALSE	ORF7b:cds-YP_009725318.1	GAA	E	GAC	D	33
NC_045512.2	27855	C	T	25749	12320	48	2	2	47	7.76367e-05	25761	0.687376	FALSE	ORF7b:cds-YP_009725318.1	CTG	L	TTG	L	34
NC_045512.2	27855	C	G	25749	12320	48	3	3	34	0.000116455	25761	0.999998	FALSE	ORF7b:cds-YP_009725318.1	CTG	L	GTG	V	34
NC_045512.2	27855	C	A	25749	12320	48	7	7	31	0.000271729	25761	0.999733	FALSE	ORF7b:cds-YP_009725318.1	CTG	L	ATG	M	34
NC_045512.2	27856	T	G	25880	12743	49	1	0	24	3.86115e-05	25899	1	FALSE	ORF7b:cds-YP_009725318.1	CTG	L	CGG	R	34
NC_045512.2	27856	T	C	25880	12743	49	13	11	43	0.00050195	25899	0.00368459	TRUE	ORF7b:cds-YP_009725318.1	CTG	L	CCG	P	34
NC_045512.2	27856	T	A	25880	12743	49	5	4	34	0.000193058	25899	0.99997	FALSE	ORF7b:cds-YP_009725318.1	CTG	L	CAG	Q	34
NC_045512.2	27857	G	T	25797	12698	48	7	7	34	0.000271234	25808	0.999733	FALSE	ORF7b:cds-YP_009725318.1	CTG	L	CTT	L	34
NC_045512.2	27857	G	C	25797	12698	48	1	1	34	3.87477e-05	25808	1	FALSE	ORF7b:cds-YP_009725318.1	CTG	L	CTC	L	34
NC_045512.2	27857	G	A	25797	12698	48	3	3	34	0.000116243	25808	0.999998	FALSE	ORF7b:cds-YP_009725318.1	CTG	L	CTA	L	34
NC_045512.2	27858	C	T	25841	12787	49	1	0	34	3.86877e-05	25848	1	FALSE	ORF7b:cds-YP_009725318.1	CAA	Q	TAA	*	35
NC_045512.2	27858	C	G	25841	12787	49	6	6	34	0.000232126	25848	0.999904	FALSE	ORF7b:cds-YP_009725318.1	CAA	Q	GAA	E	35
NC_045512.2	27859	A	T	25911	12812	49	4	4	34	0.000154309	25922	0.999992	FALSE	ORF7b:cds-YP_009725318.1	CAA	Q	CTA	L	35
NC_045512.2	27859	A	G	25911	12812	49	2	2	47	7.71545e-05	25922	0.687391	FALSE	ORF7b:cds-YP_009725318.1	CAA	Q	CGA	R	35
NC_045512.2	27859	A	C	25911	12812	49	5	5	34	0.000192886	25922	0.99997	FALSE	ORF7b:cds-YP_009725318.1	CAA	Q	CCA	P	35
NC_045512.2	27860	A	T	25881	13110	48	1	1	34	3.86294e-05	25887	1	FALSE	ORF7b:cds-YP_009725318.1	CAA	Q	CAT	H	35
NC_045512.2	27860	A	G	25881	13110	48	3	3	28	0.000115888	25887	1	FALSE	ORF7b:cds-YP_009725318.1	CAA	Q	CAG	Q	35
NC_045512.2	27860	A	C	25881	13110	48	2	2	30	7.72589e-05	25887	1	FALSE	ORF7b:cds-YP_009725318.1	CAA	Q	CAC	H	35
NC_045512.2	27861	G	T	25914	13081	48	3	3	28	0.000115705	25928	1	FALSE	ORF7b:cds-YP_009725318.1	GAT	D	TAT	Y	36
NC_045512.2	27861	G	C	25914	13081	48	3	3	31	0.000115705	25928	0.999998	FALSE	ORF7b:cds-YP_009725318.1	GAT	D	CAT	H	36
NC_045512.2	27861	G	A	25914	13081	48	8	8	34	0.000308547	25928	0.999342	FALSE	ORF7b:cds-YP_009725318.1	GAT	D	AAT	N	36
NC_045512.2	27862	A	T	25487	13633	47	1	1	34	3.92218e-05	25496	1	FALSE	ORF7b:cds-YP_009725318.1	GAT	D	GTT	V	36
NC_045512.2	27862	A	G	25487	13633	47	6	5	34	0.000235331	25496	0.999904	FALSE	ORF7b:cds-YP_009725318.1	GAT	D	GGT	G	36
NC_045512.2	27862	A	C	25487	13633	47	2	1	27	7.84437e-05	25496	1	FALSE	ORF7b:cds-YP_009725318.1	GAT	D	GCT	A	36
NC_045512.2	27863	T	G	26330	13647	49	1	1	34	3.79651e-05	26340	1	FALSE	ORF7b:cds-YP_009725318.1	GAT	D	GAG	E	36
NC_045512.2	27863	T	A	26330	13647	49	9	9	33	0.000341686	26340	0.999064	FALSE	ORF7b:cds-YP_009725318.1	GAT	D	GAA	E	36
NC_045512.2	27864	C	T	25708	13209	49	8	7	33	0.000310994	25724	0.999341	FALSE	ORF7b:cds-YP_009725318.1	CAT	H	TAT	Y	37
NC_045512.2	27864	C	G	25708	13209	49	6	4	31	0.000233245	25724	0.999904	FALSE	ORF7b:cds-YP_009725318.1	CAT	H	GAT	D	37
NC_045512.2	27864	C	A	25708	13209	49	2	2	34	7.77484e-05	25724	1	FALSE	ORF7b:cds-YP_009725318.1	CAT	H	AAT	N	37
NC_045512.2	27865	A	T	25750	13283	49	2	2	34	7.76398e-05	25760	1	FALSE	ORF7b:cds-YP_009725318.1	CAT	H	CTT	L	37
NC_045512.2	27865	A	G	25750	13283	49	1	0	34	3.88199e-05	25760	1	FALSE	ORF7b:cds-YP_009725318.1	CAT	H	CGT	R	37
NC_045512.2	27865	A	C	25750	13283	49	7	7	33	0.000271739	25760	0.999733	FALSE	ORF7b:cds-YP_009725318.1	CAT	H	CCT	P	37
NC_045512.2	27866	T	C	26151	13436	49	3	3	45	0.000114679	26160	0.49991	FALSE	ORF7b:cds-YP_009725318.1	CAT	H	CAC	H	37
NC_045512.2	27866	T	A	26151	13436	49	6	6	31	0.000229358	26160	0.999944	FALSE	ORF7b:cds-YP_009725318.1	CAT	H	CAA	Q	37
NC_045512.2	27866	T	-A	26151	13436	49	2	0	20	7.64526e-05	26160	1	FALSE	NA	NA	NA	NA	NA	NA
NC_045512.2	27867	A	T	26309	13562	49	7	7	34	0.000265937	26322	0.999838	FALSE	ORF7b:cds-YP_009725318.1	AAT	N	TAT	Y	38
NC_045512.2	27867	A	G	26309	13562	49	1	1	68	3.7991e-05	26322	0.499877	FALSE	ORF7b:cds-YP_009725318.1	AAT	N	GAT	D	38
NC_045512.2	27867	A	C	26309	13562	49	5	3	29	0.000189955	26322	1	FALSE	ORF7b:cds-YP_009725318.1	AAT	N	CAT	H	38
NC_045512.2	27868	A	T	26208	14179	48	2	2	34	7.6298e-05	26213	1	FALSE	ORF7b:cds-YP_009725318.1	AAT	N	ATT	I	38
NC_045512.2	27868	A	G	26208	14179	48	3	1	29	0.000114447	26213	1	FALSE	ORF7b:cds-YP_009725318.1	AAT	N	AGT	S	38
NC_045512.2	27869	T	G	26137	14183	48	1	1	34	3.82468e-05	26146	1	FALSE	ORF7b:cds-YP_009725318.1	AAT	N	AAG	K	38
NC_045512.2	27869	T	A	26137	14183	48	8	8	33	0.000305974	26146	0.999591	FALSE	ORF7b:cds-YP_009725318.1	AAT	N	AAA	K	38
NC_045512.2	27870	G	T	25744	14605	47	8	8	34	0.000310595	25757	0.999342	FALSE	ORF7b:cds-YP_009725318.1	GAA	E	TAA	*	39
NC_045512.2	27870	G	A	25744	14605	47	5	5	32	0.000194122	25757	0.99997	FALSE	ORF7b:cds-YP_009725318.1	GAA	E	AAA	K	39
NC_045512.2	27870	G	-A	25744	14605	47	2	0	20	7.76488e-05	25757	1	FALSE	NA	NA	NA	NA	NA	NA
NC_045512.2	27871	A	T	25172	14210	46	4	4	34	0.000158806	25188	0.999992	FALSE	ORF7b:cds-YP_009725318.1	GAA	E	GTA	V	39
NC_045512.2	27871	A	G	25172	14210	46	11	9	31	0.000436716	25188	0.994337	FALSE	ORF7b:cds-YP_009725318.1	GAA	E	GGA	G	39
NC_045512.2	27871	A	C	25172	14210	46	1	0	27	3.97014e-05	25188	1	FALSE	ORF7b:cds-YP_009725318.1	GAA	E	GCA	A	39
NC_045512.2	27872	A	T	25512	14639	47	5	5	32	0.000195917	25521	0.99997	FALSE	ORF7b:cds-YP_009725318.1	GAA	E	GAT	D	39
NC_045512.2	27872	A	G	25512	14639	47	3	2	32	0.00011755	25521	0.999998	FALSE	ORF7b:cds-YP_009725318.1	GAA	E	GAG	E	39
NC_045512.2	27872	A	C	25512	14639	47	1	1	26	3.91834e-05	25521	1	FALSE	ORF7b:cds-YP_009725318.1	GAA	E	GAC	D	39
NC_045512.2	27873	A	T	25592	14608	47	1	1	34	3.90671e-05	25597	1	FALSE	ORF7b:cds-YP_009725318.1	ACT	T	TCT	S	40
NC_045512.2	27873	A	G	25592	14608	47	4	3	32	0.000156268	25597	0.999992	FALSE	ORF7b:cds-YP_009725318.1	ACT	T	GCT	A	40
NC_045512.2	27874	C	T	25560	14795	47	2	1	51	7.82044e-05	25574	0.249888	FALSE	ORF7b:cds-YP_009725318.1	ACT	T	ATT	I	40
NC_045512.2	27874	C	A	25560	14795	47	12	12	31	0.000469227	25574	0.989982	FALSE	ORF7b:cds-YP_009725318.1	ACT	T	AAT	N	40
NC_045512.2	27875	T	C	25083	14352	47	6	5	34	0.00023912	25092	0.999904	FALSE	ORF7b:cds-YP_009725318.1	ACT	T	ACC	T	40
NC_045512.2	27875	T	A	25083	14352	47	3	3	34	0.00011956	25092	0.999998	FALSE	ORF7b:cds-YP_009725318.1	ACT	T	ACA	T	40
NC_045512.2	27876	T	G	25065	14227	46	1	0	26	3.98867e-05	25071	1	FALSE	ORF7b:cds-YP_009725318.1	TGT	C	GGT	G	41
NC_045512.2	27876	T	C	25065	14227	46	4	3	42	0.000159547	25071	0.343722	FALSE	ORF7b:cds-YP_009725318.1	TGT	C	CGT	R	41
NC_045512.2	27876	T	A	25065	14227	46	1	1	34	3.98867e-05	25071	1	FALSE	ORF7b:cds-YP_009725318.1	TGT	C	AGT	S	41
NC_045512.2	27877	G	T	25331	14503	47	7	7	34	0.000276232	25341	0.999733	FALSE	ORF7b:cds-YP_009725318.1	TGT	C	TTT	F	41
NC_045512.2	27877	G	C	25331	14503	47	3	3	34	0.000118385	25341	0.999998	FALSE	ORF7b:cds-YP_009725318.1	TGT	C	TCT	S	41
NC_045512.2	27878	T	G	25378	14616	47	6	6	34	0.000236332	25388	0.999904	FALSE	ORF7b:cds-YP_009725318.1	TGT	C	TGG	W	41
NC_045512.2	27878	T	C	25378	14616	47	3	0	42	0.000118166	25388	0.499889	FALSE	ORF7b:cds-YP_009725318.1	TGT	C	TGC	C	41
NC_045512.2	27878	T	A	25378	14616	47	1	1	34	3.93887e-05	25388	1	FALSE	ORF7b:cds-YP_009725318.1	TGT	C	TGA	*	41
NC_045512.2	27879	C	T	25395	14711	47	10	10	31	0.000393608	25406	0.997014	FALSE	ORF7b:cds-YP_009725318.1	CAC	H	TAC	Y	42
NC_045512.2	27879	C	G	25395	14711	47	1	1	34	3.93608e-05	25406	1	FALSE	ORF7b:cds-YP_009725318.1	CAC	H	GAC	D	42
NC_045512.2	27880	A	T	25334	14674	47	2	2	30	7.89048e-05	25347	1	FALSE	ORF7b:cds-YP_009725318.1	CAC	H	CTC	L	42
NC_045512.2	27880	A	G	25334	14674	47	5	5	32	0.000197262	25347	0.99997	FALSE	ORF7b:cds-YP_009725318.1	CAC	H	CGC	R	42
NC_045512.2	27880	A	C	25334	14674	47	6	6	34	0.000236714	25347	0.999904	FALSE	ORF7b:cds-YP_009725318.1	CAC	H	CCC	P	42
NC_045512.2	27881	C	T	25740	14979	47	2	2	34	7.76729e-05	25749	1	FALSE	ORF7b:cds-YP_009725318.1	CAC	H	CAT	H	42
NC_045512.2	27881	C	G	25740	14979	47	1	0	27	3.88365e-05	25749	1	FALSE	ORF7b:cds-YP_009725318.1	CAC	H	CAG	Q	42
NC_045512.2	27881	C	A	25740	14979	47	6	6	34	0.000233019	25749	0.999904	FALSE	ORF7b:cds-YP_009725318.1	CAC	H	CAA	Q	42
NC_045512.2	27882	G	T	25822	14953	46	3	1	31	0.000116117	25836	0.999998	FALSE	ORF7b:cds-YP_009725318.1	GCC	A	TCC	S	43
NC_045512.2	27882	G	C	25822	14953	46	9	9	32	0.000348351	25836	0.998535	FALSE	ORF7b:cds-YP_009725318.1	GCC	A	CCC	P	43
NC_045512.2	27882	G	A	25822	14953	46	2	2	34	7.74114e-05	25836	1	FALSE	ORF7b:cds-YP_009725318.1	GCC	A	ACC	T	43
NC_045512.2	27883	C	T	25959	14913	46	1	1	34	3.85149e-05	25964	1	FALSE	ORF7b:cds-YP_009725318.1	GCC	A	GTC	V	43
NC_045512.2	27883	C	G	25959	14913	46	3	3	31	0.000115545	25964	0.999998	FALSE	ORF7b:cds-YP_009725318.1	GCC	A	GGC	G	43
NC_045512.2	27883	C	A	25959	14913	46	1	1	34	3.85149e-05	25964	1	FALSE	ORF7b:cds-YP_009725318.1	GCC	A	GAC	D	43
NC_045512.2	27884	C	G	26084	15117	47	2	1	30	7.66607e-05	26089	1	FALSE	ORF7b:cds-YP_009725318.1	GCC	A	GCG	A	43
NC_045512.2	27884	C	A	26084	15117	47	3	2	34	0.000114991	26089	0.999999	FALSE	ORF7b:cds-YP_009725318.1	GCC	A	GCA	A	43
NC_045512.2	27885	T	G	25566	14573	47	4	4	42	0.000156378	25579	0.343594	FALSE	ORF7b:cds-YP_009725318.1	TAA	*	GAA	E	44
NC_045512.2	27885	T	C	25566	14573	47	9	7	43	0.000351851	25579	0.0326865	FALSE	ORF7b:cds-YP_009725318.1	TAA	*	CAA	Q	44
NC_045512.2	27885	T	-A	25566	14573	47	1	0	20	3.90946e-05	25579	1	FALSE	NA	NA	NA	NA	NA	NA
NC_045512.2	27886	A	T	26008	15406	48	6	6	32	0.000230583	26021	0.999944	FALSE	ORF7b:cds-YP_009725318.1	TAA	*	TTA	L	44
NC_045512.2	27886	A	G	26008	15406	48	1	0	38	3.84305e-05	26021	1	FALSE	ORF7b:cds-YP_009725318.1	TAA	*	TGA	*	44
NC_045512.2	27886	A	C	26008	15406	48	6	6	32	0.000230583	26021	0.999944	FALSE	ORF7b:cds-YP_009725318.1	TAA	*	TCA	S	44
NC_045512.2	27887	A	T	25807	15246	47	3	3	34	0.000116212	25815	0.999998	FALSE	ORF7b:cds-YP_009725318.1	TAA	*	TAT	Y	44
NC_045512.2	27887	A	G	25807	15246	47	2	1	47	7.74743e-05	25815	0.687435	FALSE	ORF7b:cds-YP_009725318.1	TAA	*	TAG	*	44
NC_045512.2	27887	A	C	25807	15246	47	3	3	34	0.000116212	25815	0.999998	FALSE	ORF7b:cds-YP_009725318.1	TAA	*	TAC	Y	44
NC_045512.2	27888	A	T	25552	15575	47	5	5	34	0.000195611	25561	0.99997	FALSE	NA	NA	NA	NA	NA	NA
NC_045512.2	27888	A	G	25552	15575	47	2	1	51	7.82442e-05	25561	0.249936	FALSE	NA	NA	NA	NA	NA	NA
NC_045512.2	27888	A	C	25552	15575	47	2	2	30	7.82442e-05	25561	1	FALSE	NA	NA	NA	NA	NA	NA
NC_045512.2	27889	C	T	26022	15797	48	2	1	68	7.68167e-05	26036	0.24989	FALSE	NA	NA	NA	NA	NA	NA
NC_045512.2	27889	C	A	26022	15797	48	12	12	32	0.0004609	26036	0.993088	FALSE	NA	NA	NA	NA	NA	NA
NC_045512.2	27889	C	-G	26022	15797	48	1	0	20	3.84084e-05	26036	1	FALSE	NA	NA	NA	NA	NA	NA
NC_045512.2	27890	G	T	25242	15132	48	2	2	34	7.92079e-05	25250	1	FALSE	NA	NA	NA	NA	NA	NA
NC_045512.2	27890	G	C	25242	15132	48	4	4	34	0.000158416	25250	0.999992	FALSE	NA	NA	NA	NA	NA	NA
NC_045512.2	27890	G	A	25242	15132	48	2	2	34	7.92079e-05	25250	1	FALSE	NA	NA	NA	NA	NA	NA
NC_045512.2	27891	A	T	25047	14883	48	1	1	34	3.99058e-05	25059	1	FALSE	NA	NA	NA	NA	NA	NA
NC_045512.2	27891	A	G	25047	14883	48	9	8	33	0.000359152	25059	0.998536	FALSE	NA	NA	NA	NA	NA	NA
NC_045512.2	27891	A	C	25047	14883	48	2	2	34	7.98116e-05	25059	1	FALSE	NA	NA	NA	NA	NA	NA
NC_045512.2	27892	A	G	24716	14882	48	2	1	30	8.09061e-05	24720	1	FALSE	NA	NA	NA	NA	NA	NA
NC_045512.2	27892	A	C	24716	14882	48	2	2	34	8.09061e-05	24720	1	FALSE	NA	NA	NA	NA	NA	NA
NC_045512.2	27893	C	T	24907	14931	48	3	2	34	0.000120395	24918	0.999997	FALSE	NA	NA	NA	NA	NA	NA
NC_045512.2	27893	C	G	24907	14931	48	2	2	34	8.02633e-05	24918	1	FALSE	NA	NA	NA	NA	NA	NA
NC_045512.2	27893	C	A	24907	14931	48	6	6	32	0.00024079	24918	0.999838	FALSE	NA	NA	NA	NA	NA	NA
NC_045512.2	27894	A	T	24535	14964	48	2	1	34	8.14664e-05	24550	1	FALSE	ORF8:cds-YP_009724396.1	ATG	M	TTG	L	1
NC_045512.2	27894	A	G	24535	14964	48	1	1	24	4.07332e-05	24550	1	FALSE	ORF8:cds-YP_009724396.1	ATG	M	GTG	V	1
NC_045512.2	27894	A	C	24535	14964	48	12	11	33	0.000488798	24550	0.985612	FALSE	ORF8:cds-YP_009724396.1	ATG	M	CTG	L	1
NC_045512.2	27895	T	G	24663	14953	48	1	1	34	4.05285e-05	24674	1	FALSE	ORF8:cds-YP_009724396.1	ATG	M	AGG	R	1
NC_045512.2	27895	T	C	24663	14953	48	2	1	34	8.1057e-05	24674	1	FALSE	ORF8:cds-YP_009724396.1	ATG	M	ACG	T	1
NC_045512.2	27895	T	A	24663	14953	48	8	8	34	0.000324228	24674	0.998951	FALSE	ORF8:cds-YP_009724396.1	ATG	M	AAG	K	1
NC_045512.2	27896	G	T	24632	15008	48	5	5	32	0.000202914	24641	0.999948	FALSE	ORF8:cds-YP_009724396.1	ATG	M	ATT	I	1
NC_045512.2	27896	G	C	24632	15008	48	2	2	30	8.11655e-05	24641	1	FALSE	ORF8:cds-YP_009724396.1	ATG	M	ATC	I	1
NC_045512.2	27896	G	A	24632	15008	48	2	1	51	8.11655e-05	24641	0.249934	FALSE	ORF8:cds-YP_009724396.1	ATG	M	ATA	I	1
NC_045512.2	27897	A	T	24634	15038	48	3	3	31	0.000121733	24644	0.999997	FALSE	ORF8:cds-YP_009724396.1	AAA	K	TAA	*	2
NC_045512.2	27897	A	G	24634	15038	48	6	5	34	0.000243467	24644	0.999838	FALSE	ORF8:cds-YP_009724396.1	AAA	K	GAA	E	2
NC_045512.2	27897	A	C	24634	15038	48	1	1	34	4.05778e-05	24644	1	FALSE	ORF8:cds-YP_009724396.1	AAA	K	CAA	Q	2
NC_045512.2	27898	A	T	24592	15008	48	2	2	30	8.13041e-05	24599	1	FALSE	ORF8:cds-YP_009724396.1	AAA	K	ATA	I	2
NC_045512.2	27898	A	G	24592	15008	48	3	2	31	0.000121956	24599	0.999997	FALSE	ORF8:cds-YP_009724396.1	AAA	K	AGA	R	2
NC_045512.2	27898	A	C	24592	15008	48	2	2	34	8.13041e-05	24599	1	FALSE	ORF8:cds-YP_009724396.1	AAA	K	ACA	T	2
NC_045512.2	27899	A	T	24755	15074	48	1	1	34	4.03861e-05	24761	1	FALSE	ORF8:cds-YP_009724396.1	AAA	K	AAT	N	2
NC_045512.2	27899	A	G	24755	15074	48	4	4	51	0.000161544	24761	0.0624874	FALSE	ORF8:cds-YP_009724396.1	AAA	K	AAG	K	2
NC_045512.2	27899	A	C	24755	15074	48	1	1	24	4.03861e-05	24761	1	FALSE	ORF8:cds-YP_009724396.1	AAA	K	AAC	N	2
NC_045512.2	27900	T	C	24730	15121	48	6	5	39	0.000242483	24744	0.999838	FALSE	ORF8:cds-YP_009724396.1	TTT	F	CTT	L	3
NC_045512.2	27900	T	A	24730	15121	48	8	8	34	0.000323311	24744	0.99895	FALSE	ORF8:cds-YP_009724396.1	TTT	F	ATT	I	3
NC_045512.2	27901	T	G	24724	15213	48	1	0	26	4.04367e-05	24730	1	FALSE	ORF8:cds-YP_009724396.1	TTT	F	TGT	C	3
NC_045512.2	27901	T	C	24724	15213	48	1	1	38	4.04367e-05	24730	1	FALSE	ORF8:cds-YP_009724396.1	TTT	F	TCT	S	3
NC_045512.2	27901	T	A	24724	15213	48	4	4	34	0.000161747	24730	0.999986	FALSE	ORF8:cds-YP_009724396.1	TTT	F	TAT	Y	3
NC_045512.2	27902	T	G	23986	14479	47	2	0	27	8.33576e-05	23993	1	FALSE	ORF8:cds-YP_009724396.1	TTT	F	TTG	L	3
NC_045512.2	27902	T	C	23986	14479	47	3	3	45	0.000125036	23993	0.499941	FALSE	ORF8:cds-YP_009724396.1	TTT	F	TTC	F	3
NC_045512.2	27902	T	A	23986	14479	47	2	2	34	8.33576e-05	23993	0.999999	FALSE	ORF8:cds-YP_009724396.1	TTT	F	TTA	L	3
NC_045512.2	27903	C	T	24446	15138	48	9	9	34	0.000368023	24455	0.997732	FALSE	ORF8:cds-YP_009724396.1	CTT	L	TTT	F	4
NC_045512.2	27904	T	G	24208	14867	48	2	2	34	8.25934e-05	24215	1	FALSE	ORF8:cds-YP_009724396.1	CTT	L	CGT	R	4
NC_045512.2	27904	T	C	24208	14867	48	5	5	40	0.000206484	24215	0.226529	FALSE	ORF8:cds-YP_009724396.1	CTT	L	CCT	P	4
NC_045512.2	27905	T	G	24369	15062	48	2	2	34	8.20412e-05	24378	1	FALSE	ORF8:cds-YP_009724396.1	CTT	L	CTG	L	4
NC_045512.2	27905	T	C	24369	15062	48	7	5	53	0.000287144	24378	0.00780801	TRUE	ORF8:cds-YP_009724396.1	CTT	L	CTC	L	4
NC_045512.2	27906	G	T	24498	15181	48	5	5	30	0.000204032	24506	0.999948	FALSE	ORF8:cds-YP_009724396.1	GTT	V	TTT	F	5
NC_045512.2	27906	G	C	24498	15181	48	2	2	34	8.16127e-05	24506	1	FALSE	ORF8:cds-YP_009724396.1	GTT	V	CTT	L	5
NC_045512.2	27906	G	A	24498	15181	48	1	1	34	4.08063e-05	24506	1	FALSE	ORF8:cds-YP_009724396.1	GTT	V	ATT	I	5
NC_045512.2	27907	T	G	24381	15073	48	6	6	32	0.000246023	24388	0.999838	FALSE	ORF8:cds-YP_009724396.1	GTT	V	GGT	G	5
NC_045512.2	27907	T	A	24381	15073	48	1	1	34	4.10038e-05	24388	1	FALSE	ORF8:cds-YP_009724396.1	GTT	V	GAT	D	5
NC_045512.2	27908	T	G	24484	15301	48	1	1	34	4.08397e-05	24486	1	FALSE	ORF8:cds-YP_009724396.1	GTT	V	GTG	V	5
NC_045512.2	27908	T	C	24484	15301	48	1	1	34	4.08397e-05	24486	1	FALSE	ORF8:cds-YP_009724396.1	GTT	V	GTC	V	5
NC_045512.2	27909	T	G	24510	15400	48	4	2	32	0.000163145	24518	0.999986	FALSE	ORF8:cds-YP_009724396.1	TTC	F	GTC	V	6
NC_045512.2	27909	T	C	24510	15400	48	4	2	35	0.000163145	24518	0.999986	FALSE	ORF8:cds-YP_009724396.1	TTC	F	CTC	L	6
NC_045512.2	27910	T	G	23468	14386	45	1	1	34	4.26076e-05	23470	1	FALSE	ORF8:cds-YP_009724396.1	TTC	F	TGC	C	6
NC_045512.2	27910	T	A	23468	14386	45	1	1	20	4.26076e-05	23470	1	FALSE	ORF8:cds-YP_009724396.1	TTC	F	TAC	Y	6
NC_045512.2	27911	C	T	24435	15348	48	7	7	31	0.000286392	24442	0.999563	FALSE	ORF8:cds-YP_009724396.1	TTC	F	TTT	F	6
NC_045512.2	27912	T	C	24376	15265	48	10	10	31	0.000410055	24387	0.995491	FALSE	ORF8:cds-YP_009724396.1	TTA	L	CTA	L	7
NC_045512.2	27912	T	A	24376	15265	48	1	1	34	4.10055e-05	24387	1	FALSE	ORF8:cds-YP_009724396.1	TTA	L	ATA	I	7
NC_045512.2	27913	T	C	24402	15344	48	2	2	30	8.19504e-05	24405	1	FALSE	ORF8:cds-YP_009724396.1	TTA	L	TCA	S	7
NC_045512.2	27913	T	A	24402	15344	48	1	1	34	4.09752e-05	24405	1	FALSE	ORF8:cds-YP_009724396.1	TTA	L	TAA	*	7
NC_045512.2	27914	A	T	24424	15368	48	7	7	34	0.000286439	24438	0.999562	FALSE	ORF8:cds-YP_009724396.1	TTA	L	TTT	F	7
NC_045512.2	27914	A	G	24424	15368	48	4	3	42	0.00016368	24438	0.343568	FALSE	ORF8:cds-YP_009724396.1	TTA	L	TTG	L	7
NC_045512.2	27914	A	C	24424	15368	48	3	3	31	0.00012276	24438	0.999997	FALSE	ORF8:cds-YP_009724396.1	TTA	L	TTC	F	7
NC_045512.2	27915	G	T	24369	15278	47	4	4	32	0.000164062	24381	0.999986	FALSE	ORF8:cds-YP_009724396.1	GGA	G	TGA	*	8
NC_045512.2	27915	G	C	24369	15278	47	2	2	34	8.20311e-05	24381	1	FALSE	ORF8:cds-YP_009724396.1	GGA	G	CGA	R	8
NC_045512.2	27915	G	A	24369	15278	47	6	6	32	0.000246093	24381	0.999838	FALSE	ORF8:cds-YP_009724396.1	GGA	G	AGA	R	8
NC_045512.2	27916	G	T	24397	15361	47	2	2	30	8.19605e-05	24402	1	FALSE	ORF8:cds-YP_009724396.1	GGA	G	GTA	V	8
NC_045512.2	27916	G	C	24397	15361	47	2	2	34	8.19605e-05	24402	1	FALSE	ORF8:cds-YP_009724396.1	GGA	G	GCA	A	8
NC_045512.2	27916	G	A	24397	15361	47	1	1	26	4.09802e-05	24402	1	FALSE	ORF8:cds-YP_009724396.1	GGA	G	GAA	E	8
NC_045512.2	27917	A	T	24471	15414	48	1	1	34	4.0848e-05	24481	1	FALSE	ORF8:cds-YP_009724396.1	GGA	G	GGT	G	8
NC_045512.2	27917	A	G	24471	15414	48	8	8	34	0.000326784	24481	0.998952	FALSE	ORF8:cds-YP_009724396.1	GGA	G	GGG	G	8
NC_045512.2	27917	A	C	24471	15414	48	1	1	26	4.0848e-05	24481	1	FALSE	ORF8:cds-YP_009724396.1	GGA	G	GGC	G	8
NC_045512.2	27918	A	G	24573	15654	48	5	5	32	0.000203417	24580	0.999948	FALSE	ORF8:cds-YP_009724396.1	ATC	I	GTC	V	9
NC_045512.2	27918	A	C	24573	15654	48	2	1	34	8.1367e-05	24580	1	FALSE	ORF8:cds-YP_009724396.1	ATC	I	CTC	L	9
NC_045512.2	27919	T	G	24505	15571	47	2	2	30	8.15661e-05	24520	1	FALSE	ORF8:cds-YP_009724396.1	ATC	I	AGC	S	9
NC_045512.2	27919	T	C	24505	15571	47	5	2	54	0.000203915	24520	0.031215	FALSE	ORF8:cds-YP_009724396.1	ATC	I	ACC	T	9
NC_045512.2	27919	T	A	24505	15571	47	8	7	32	0.000326264	24520	0.99895	FALSE	ORF8:cds-YP_009724396.1	ATC	I	AAC	N	9
NC_045512.2	27920	C	T	25339	15721	47	9	8	41	0.000354974	25354	0.0326767	FALSE	ORF8:cds-YP_009724396.1	ATC	I	ATT	I	9
NC_045512.2	27920	C	A	25339	15721	47	6	5	31	0.000236649	25354	0.999904	FALSE	ORF8:cds-YP_009724396.1	ATC	I	ATA	I	9
NC_045512.2	27921	A	T	25388	15767	47	1	1	34	3.93716e-05	25399	1	FALSE	ORF8:cds-YP_009724396.1	ATC	I	TTC	F	10
NC_045512.2	27921	A	G	25388	15767	47	2	2	34	7.87433e-05	25399	1	FALSE	ORF8:cds-YP_009724396.1	ATC	I	GTC	V	10
NC_045512.2	27921	A	C	25388	15767	47	8	6	31	0.000314973	25399	0.999342	FALSE	ORF8:cds-YP_009724396.1	ATC	I	CTC	L	10
NC_045512.2	27922	T	G	25723	15818	47	1	0	26	3.88621e-05	25732	1	FALSE	ORF8:cds-YP_009724396.1	ATC	I	AGC	S	10
NC_045512.2	27922	T	C	25723	15818	47	4	4	32	0.000155448	25732	0.999992	FALSE	ORF8:cds-YP_009724396.1	ATC	I	ACC	T	10
NC_045512.2	27922	T	A	25723	15818	47	4	4	34	0.000155448	25732	0.999992	FALSE	ORF8:cds-YP_009724396.1	ATC	I	AAC	N	10
NC_045512.2	27923	C	T	25666	15917	47	10	8	40	0.000389378	25682	0.0192605	FALSE	ORF8:cds-YP_009724396.1	ATC	I	ATT	I	10
NC_045512.2	27923	C	G	25666	15917	47	4	1	28	0.000155751	25682	1	FALSE	ORF8:cds-YP_009724396.1	ATC	I	ATG	M	10
NC_045512.2	27923	C	A	25666	15917	47	2	2	34	7.78756e-05	25682	1	FALSE	ORF8:cds-YP_009724396.1	ATC	I	ATA	I	10
NC_045512.2	27924	A	T	25521	15774	47	1	1	34	3.91681e-05	25531	1	FALSE	ORF8:cds-YP_009724396.1	ACA	T	TCA	S	11
NC_045512.2	27924	A	G	25521	15774	47	2	2	34	7.83361e-05	25531	1	FALSE	ORF8:cds-YP_009724396.1	ACA	T	GCA	A	11
NC_045512.2	27924	A	C	25521	15774	47	7	7	30	0.000274176	25531	0.999733	FALSE	ORF8:cds-YP_009724396.1	ACA	T	CCA	P	11
NC_045512.2	27925	C	T	25811	15823	47	3	3	45	0.000116176	25823	0.499855	FALSE	ORF8:cds-YP_009724396.1	ACA	T	ATA	I	11
NC_045512.2	27925	C	G	25811	15823	47	2	1	34	7.74503e-05	25823	1	FALSE	ORF8:cds-YP_009724396.1	ACA	T	AGA	R	11
NC_045512.2	27925	C	A	25811	15823	47	7	7	32	0.000271076	25823	0.999733	FALSE	ORF8:cds-YP_009724396.1	ACA	T	AAA	K	11
NC_045512.2	27926	A	G	25734	15732	47	3	2	45	0.000116527	25745	0.499873	FALSE	ORF8:cds-YP_009724396.1	ACA	T	ACG	T	11
NC_045512.2	27926	A	C	25734	15732	47	8	8	32	0.00031074	25745	0.999342	FALSE	ORF8:cds-YP_009724396.1	ACA	T	ACC	T	11
NC_045512.2	27927	A	T	25734	15726	47	1	1	34	3.88485e-05	25741	1	FALSE	ORF8:cds-YP_009724396.1	ACT	T	TCT	S	12
NC_045512.2	27927	A	G	25734	15726	47	1	0	68	3.88485e-05	25741	0.499951	FALSE	ORF8:cds-YP_009724396.1	ACT	T	GCT	A	12
NC_045512.2	27927	A	C	25734	15726	47	5	5	30	0.000194243	25741	0.99997	FALSE	ORF8:cds-YP_009724396.1	ACT	T	CCT	P	12
NC_045512.2	27928	C	T	26125	16047	47	1	1	26	3.82658e-05	26133	1	FALSE	ORF8:cds-YP_009724396.1	ACT	T	ATT	I	12
NC_045512.2	27928	C	G	26125	16047	47	1	1	34	3.82658e-05	26133	1	FALSE	ORF8:cds-YP_009724396.1	ACT	T	AGT	S	12
NC_045512.2	27928	C	A	26125	16047	47	6	6	32	0.000229595	26133	0.999944	FALSE	ORF8:cds-YP_009724396.1	ACT	T	AAT	N	12
NC_045512.2	27929	T	C	24372	14466	47	5	5	32	0.000205086	24380	0.999948	FALSE	ORF8:cds-YP_009724396.1	ACT	T	ACC	T	12
NC_045512.2	27929	T	A	24372	14466	47	3	3	31	0.000123052	24380	0.999997	FALSE	ORF8:cds-YP_009724396.1	ACT	T	ACA	T	12
NC_045512.2	27930	G	T	24524	14667	47	8	8	33	0.000326065	24535	0.998951	FALSE	ORF8:cds-YP_009724396.1	GTA	V	TTA	L	13
NC_045512.2	27930	G	C	24524	14667	47	1	1	26	4.07581e-05	24535	1	FALSE	ORF8:cds-YP_009724396.1	GTA	V	CTA	L	13
NC_045512.2	27930	G	A	24524	14667	47	2	2	30	8.15162e-05	24535	1	FALSE	ORF8:cds-YP_009724396.1	GTA	V	ATA	I	13
NC_045512.2	27931	T	G	24104	14446	48	5	5	34	0.000207348	24114	0.999948	FALSE	ORF8:cds-YP_009724396.1	GTA	V	GGA	G	13
NC_045512.2	27931	T	C	24104	14446	48	4	4	32	0.000165879	24114	0.999986	FALSE	ORF8:cds-YP_009724396.1	GTA	V	GCA	A	13
NC_045512.2	27931	T	A	24104	14446	48	1	1	26	4.14697e-05	24114	1	FALSE	ORF8:cds-YP_009724396.1	GTA	V	GAA	E	13
NC_045512.2	27932	A	T	24201	14552	48	7	7	32	0.000289149	24209	0.999563	FALSE	ORF8:cds-YP_009724396.1	GTA	V	GTT	V	13
NC_045512.2	27932	A	G	24201	14552	48	1	0	52	4.1307e-05	24209	0.499938	FALSE	ORF8:cds-YP_009724396.1	GTA	V	GTG	V	13
NC_045512.2	27933	G	T	24017	14538	48	3	3	45	0.000124865	24026	0.499902	FALSE	ORF8:cds-YP_009724396.1	GCT	A	TCT	S	14
NC_045512.2	27933	G	A	24017	14538	48	6	6	34	0.000249729	24026	0.999838	FALSE	ORF8:cds-YP_009724396.1	GCT	A	ACT	T	14
NC_045512.2	27934	C	T	23530	14264	48	2	2	30	8.49545e-05	23542	0.999999	FALSE	ORF8:cds-YP_009724396.1	GCT	A	GTT	V	14
NC_045512.2	27934	C	G	23530	14264	48	6	5	32	0.000254864	23542	0.999727	FALSE	ORF8:cds-YP_009724396.1	GCT	A	GGT	G	14
NC_045512.2	27934	C	A	23530	14264	48	4	4	34	0.000169909	23542	0.999975	FALSE	ORF8:cds-YP_009724396.1	GCT	A	GAT	D	14
NC_045512.2	27935	T	G	23387	14096	48	1	1	34	4.27277e-05	23404	1	FALSE	ORF8:cds-YP_009724396.1	GCT	A	GCG	A	14
NC_045512.2	27935	T	C	23387	14096	48	12	12	36	0.000512733	23404	0.979533	FALSE	ORF8:cds-YP_009724396.1	GCT	A	GCC	A	14
NC_045512.2	27935	T	A	23387	14096	48	4	4	32	0.000170911	23404	0.999975	FALSE	ORF8:cds-YP_009724396.1	GCT	A	GCA	A	14
NC_045512.2	27936	G	T	23320	13920	48	9	7	31	0.000385687	23335	0.996503	FALSE	ORF8:cds-YP_009724396.1	GCA	A	TCA	S	15
NC_045512.2	27936	G	C	23320	13920	48	2	1	30	8.57082e-05	23335	0.999999	FALSE	ORF8:cds-YP_009724396.1	GCA	A	CCA	P	15
NC_045512.2	27936	G	A	23320	13920	48	4	4	34	0.000171416	23335	0.999975	FALSE	ORF8:cds-YP_009724396.1	GCA	A	ACA	T	15
NC_045512.2	27937	C	T	22819	13628	48	1	1	34	4.38059e-05	22828	1	FALSE	ORF8:cds-YP_009724396.1	GCA	A	GTA	V	15
NC_045512.2	27937	C	G	22819	13628	48	7	7	32	0.000306641	22828	0.998845	FALSE	ORF8:cds-YP_009724396.1	GCA	A	GGA	G	15
NC_045512.2	27937	C	A	22819	13628	48	1	1	34	4.38059e-05	22828	1	FALSE	ORF8:cds-YP_009724396.1	GCA	A	GAA	E	15
NC_045512.2	27938	A	T	22996	13888	49	2	2	34	8.6915e-05	23011	0.999999	FALSE	ORF8:cds-YP_009724396.1	GCA	A	GCT	A	15
NC_045512.2	27938	A	G	22996	13888	49	3	2	56	0.000130372	23011	0.124902	FALSE	ORF8:cds-YP_009724396.1	GCA	A	GCG	A	15
NC_045512.2	27938	A	C	22996	13888	49	10	9	32	0.000434575	23011	0.993242	FALSE	ORF8:cds-YP_009724396.1	GCA	A	GCC	A	15
NC_045512.2	27939	T	G	22969	13878	49	3	2	29	0.000130531	22983	1	FALSE	ORF8:cds-YP_009724396.1	TTT	F	GTT	V	16
NC_045512.2	27939	T	C	22969	13878	49	3	2	28	0.000130531	22983	1	FALSE	ORF8:cds-YP_009724396.1	TTT	F	CTT	L	16
NC_045512.2	27939	T	A	22969	13878	49	8	8	31	0.000348083	22983	0.997391	FALSE	ORF8:cds-YP_009724396.1	TTT	F	ATT	I	16
NC_045512.2	27940	T	G	22795	13748	49	1	0	26	4.3852e-05	22804	1	FALSE	ORF8:cds-YP_009724396.1	TTT	F	TGT	C	16
NC_045512.2	27940	T	C	22795	13748	49	5	5	39	0.00021926	22804	0.999845	FALSE	ORF8:cds-YP_009724396.1	TTT	F	TCT	S	16
NC_045512.2	27940	T	A	22795	13748	49	3	3	34	0.000131556	22804	0.99999	FALSE	ORF8:cds-YP_009724396.1	TTT	F	TAT	Y	16
NC_045512.2	27941	T	G	22752	13734	49	3	2	31	0.00013177	22767	0.99999	FALSE	ORF8:cds-YP_009724396.1	TTT	F	TTG	L	16
NC_045512.2	27941	T	C	22752	13734	49	9	5	38	0.000395309	22767	0.994667	FALSE	ORF8:cds-YP_009724396.1	TTT	F	TTC	F	16
NC_045512.2	27941	T	A	22752	13734	49	3	2	45	0.00013177	22767	0.499773	FALSE	ORF8:cds-YP_009724396.1	TTT	F	TTA	L	16
NC_045512.2	27942	C	T	22725	13986	49	13	12	36	0.000571705	22739	0.955296	FALSE	ORF8:cds-YP_009724396.1	CAC	H	TAC	Y	17
NC_045512.2	27942	C	A	22725	13986	49	1	1	34	4.39773e-05	22739	1	FALSE	ORF8:cds-YP_009724396.1	CAC	H	AAC	N	17
NC_045512.2	27943	A	T	22747	14054	49	5	5	32	0.000219664	22762	0.999845	FALSE	ORF8:cds-YP_009724396.1	CAC	H	CTC	L	17
NC_045512.2	27943	A	G	22747	14054	49	1	1	34	4.39329e-05	22762	1	FALSE	ORF8:cds-YP_009724396.1	CAC	H	CGC	R	17
NC_045512.2	27943	A	C	22747	14054	49	9	9	33	0.000395396	22762	0.994667	FALSE	ORF8:cds-YP_009724396.1	CAC	H	CCC	P	17
NC_045512.2	27944	C	T	22650	14084	48	2	2	34	8.82535e-05	22662	0.999999	FALSE	ORF8:cds-YP_009724396.1	CAC	H	CAT	H	17
NC_045512.2	27944	C	G	22650	14084	48	1	1	26	4.41267e-05	22662	1	FALSE	ORF8:cds-YP_009724396.1	CAC	H	CAG	Q	17
NC_045512.2	27944	C	A	22650	14084	48	9	9	33	0.000397141	22662	0.994672	FALSE	ORF8:cds-YP_009724396.1	CAC	H	CAA	Q	17
NC_045512.2	27945	C	T	22394	13889	48	1	1	34	4.46468e-05	22398	1	FALSE	ORF8:cds-YP_009724396.1	CAA	Q	TAA	*	18
NC_045512.2	27945	C	G	22394	13889	48	2	1	34	8.92937e-05	22398	0.999999	FALSE	ORF8:cds-YP_009724396.1	CAA	Q	GAA	E	18
NC_045512.2	27945	C	A	22394	13889	48	1	1	26	4.46468e-05	22398	1	FALSE	ORF8:cds-YP_009724396.1	CAA	Q	AAA	K	18
NC_045512.2	27946	A	T	22286	13739	49	1	0	34	4.4837e-05	22303	1	FALSE	ORF8:cds-YP_009724396.1	CAA	Q	CTA	L	18
NC_045512.2	27946	A	G	22286	13739	49	5	4	44	0.000224185	22303	0.226342	FALSE	ORF8:cds-YP_009724396.1	CAA	Q	CGA	R	18
NC_045512.2	27946	A	C	22286	13739	49	11	11	31	0.000493207	22303	0.982465	FALSE	ORF8:cds-YP_009724396.1	CAA	Q	CCA	P	18
NC_045512.2	27947	A	C	22436	13950	47	5	5	30	0.000222806	22441	0.999845	FALSE	ORF8:cds-YP_009724396.1	CAA	Q	CAC	H	18
NC_045512.2	27948	G	C	22897	13974	48	6	6	32	0.00026186	22913	0.999544	FALSE	ORF8:cds-YP_009724396.1	GAA	E	CAA	Q	19
NC_045512.2	27948	G	A	22897	13974	48	10	10	32	0.000436433	22913	0.989974	FALSE	ORF8:cds-YP_009724396.1	GAA	E	AAA	K	19
NC_045512.2	27949	A	T	22823	14315	48	2	2	34	8.75848e-05	22835	0.999999	FALSE	ORF8:cds-YP_009724396.1	GAA	E	GTA	V	19
NC_045512.2	27949	A	G	22823	14315	48	7	7	37	0.000306547	22835	0.998844	FALSE	ORF8:cds-YP_009724396.1	GAA	E	GGA	G	19
NC_045512.2	27949	A	C	22823	14315	48	3	2	31	0.000131377	22835	0.99999	FALSE	ORF8:cds-YP_009724396.1	GAA	E	GCA	A	19
NC_045512.2	27950	A	T	23082	14406	49	1	1	34	4.33144e-05	23087	1	FALSE	ORF8:cds-YP_009724396.1	GAA	E	GAT	D	19
NC_045512.2	27950	A	G	23082	14406	49	4	2	51	0.000173258	23087	0.0624919	FALSE	ORF8:cds-YP_009724396.1	GAA	E	GAG	E	19
NC_045512.2	27951	T	G	22979	14326	49	6	4	31	0.000260938	22994	0.999544	FALSE	ORF8:cds-YP_009724396.1	TGT	C	GGT	G	20
NC_045512.2	27951	T	C	22979	14326	49	1	1	26	4.34896e-05	22994	1	FALSE	ORF8:cds-YP_009724396.1	TGT	C	CGT	R	20
NC_045512.2	27951	T	A	22979	14326	49	8	8	32	0.000347917	22994	0.99739	FALSE	ORF8:cds-YP_009724396.1	TGT	C	AGT	S	20
NC_045512.2	27952	G	T	23113	14442	48	8	8	33	0.000345901	23128	0.998338	FALSE	ORF8:cds-YP_009724396.1	TGT	C	TTT	F	20
NC_045512.2	27952	G	C	23113	14442	48	1	0	27	4.32376e-05	23128	1	FALSE	ORF8:cds-YP_009724396.1	TGT	C	TCT	S	20
NC_045512.2	27952	G	A	23113	14442	48	6	6	32	0.000259426	23128	0.999727	FALSE	ORF8:cds-YP_009724396.1	TGT	C	TAT	Y	20
NC_045512.2	27953	T	G	23136	14490	49	8	7	34	0.000345557	23151	0.998338	FALSE	ORF8:cds-YP_009724396.1	TGT	C	TGG	W	20
NC_045512.2	27953	T	C	23136	14490	49	2	2	30	8.63894e-05	23151	0.999999	FALSE	ORF8:cds-YP_009724396.1	TGT	C	TGC	C	20
NC_045512.2	27953	T	A	23136	14490	49	5	5	32	0.000215973	23151	0.99991	FALSE	ORF8:cds-YP_009724396.1	TGT	C	TGA	*	20
NC_045512.2	27954	A	T	23227	14644	48	9	9	32	0.00038723	23242	0.996503	FALSE	ORF8:cds-YP_009724396.1	AGT	S	TGT	C	21
NC_045512.2	27954	A	G	23227	14644	48	5	4	47	0.000215128	23242	0.226386	FALSE	ORF8:cds-YP_009724396.1	AGT	S	GGT	G	21
NC_045512.2	27954	A	C	23227	14644	48	1	1	26	4.30256e-05	23242	1	FALSE	ORF8:cds-YP_009724396.1	AGT	S	CGT	R	21
NC_045512.2	27955	G	T	23754	15193	46	4	4	34	0.000168286	23769	0.999975	FALSE	ORF8:cds-YP_009724396.1	AGT	S	ATT	I	21
NC_045512.2	27955	G	C	23754	15193	46	1	1	34	4.20716e-05	23769	1	FALSE	ORF8:cds-YP_009724396.1	AGT	S	ACT	T	21
NC_045512.2	27955	G	A	23754	15193	46	10	10	34	0.000420716	23769	0.993241	FALSE	ORF8:cds-YP_009724396.1	AGT	S	AAT	N	21
NC_045512.2	27956	T	G	17176	8619	42	9	9	30	0.00052353	17191	0.962235	FALSE	ORF8:cds-YP_009724396.1	AGT	S	AGG	R	21
NC_045512.2	27956	T	C	17176	8619	42	3	3	29	0.00017451	17191	1	FALSE	ORF8:cds-YP_009724396.1	AGT	S	AGC	S	21
NC_045512.2	27956	T	A	17176	8619	42	3	3	34	0.00017451	17191	0.999798	FALSE	ORF8:cds-YP_009724396.1	AGT	S	AGA	R	21
NC_045512.2	27957	T	G	23143	14841	47	5	3	32	0.000215936	23155	0.99991	FALSE	ORF8:cds-YP_009724396.1	TTA	L	GTA	V	22
NC_045512.2	27957	T	C	23143	14841	47	3	3	34	0.000129562	23155	0.999995	FALSE	ORF8:cds-YP_009724396.1	TTA	L	CTA	L	22
NC_045512.2	27957	T	A	23143	14841	47	4	4	34	0.000172749	23155	0.999975	FALSE	ORF8:cds-YP_009724396.1	TTA	L	ATA	I	22
NC_045512.2	27958	T	G	23172	14868	47	2	2	34	8.62924e-05	23177	0.999999	FALSE	ORF8:cds-YP_009724396.1	TTA	L	TGA	*	22
NC_045512.2	27958	T	C	23172	14868	47	1	1	34	4.31462e-05	23177	1	FALSE	ORF8:cds-YP_009724396.1	TTA	L	TCA	S	22
NC_045512.2	27958	T	A	23172	14868	47	2	2	30	8.62924e-05	23177	0.999999	FALSE	ORF8:cds-YP_009724396.1	TTA	L	TAA	*	22
NC_045512.2	27959	A	T	22961	14635	47	12	12	32	0.000522284	22976	0.971223	FALSE	ORF8:cds-YP_009724396.1	TTA	L	TTT	F	22
NC_045512.2	27959	A	C	22961	14635	47	3	3	31	0.000130571	22976	0.99999	FALSE	ORF8:cds-YP_009724396.1	TTA	L	TTC	F	22
NC_045512.2	27960	C	T	22928	14661	46	6	6	31	0.000261495	22945	0.999544	FALSE	ORF8:cds-YP_009724396.1	CAG	Q	TAG	*	23
NC_045512.2	27960	C	G	22928	14661	46	2	1	34	8.7165e-05	22945	0.999999	FALSE	ORF8:cds-YP_009724396.1	CAG	Q	GAG	E	23
NC_045512.2	27960	C	A	22928	14661	46	9	8	36	0.000392242	22945	0.994663	FALSE	ORF8:cds-YP_009724396.1	CAG	Q	AAG	K	23
NC_045512.2	27961	A	T	22760	14470	46	3	3	34	0.000131718	22776	0.99999	FALSE	ORF8:cds-YP_009724396.1	CAG	Q	CTG	L	23
NC_045512.2	27961	A	G	22760	14470	46	5	2	31	0.000219529	22776	0.999845	FALSE	ORF8:cds-YP_009724396.1	CAG	Q	CGG	R	23
NC_045512.2	27961	A	C	22760	14470	46	8	8	33	0.000351247	22776	0.997389	FALSE	ORF8:cds-YP_009724396.1	CAG	Q	CCG	P	23
NC_045512.2	27962	G	T	24396	14692	46	3	3	31	0.00012287	24416	0.999997	FALSE	ORF8:cds-YP_009724396.1	CAG	Q	CAT	H	23
NC_045512.2	27962	G	C	24396	14692	46	5	5	32	0.000204784	24416	0.999948	FALSE	ORF8:cds-YP_009724396.1	CAG	Q	CAC	H	23
NC_045512.2	27962	G	A	24396	14692	46	12	12	32	0.000491481	24416	0.985589	FALSE	ORF8:cds-YP_009724396.1	CAG	Q	CAA	Q	23
NC_045512.2	27963	T	G	24366	14960	47	10	8	31	0.000410139	24382	0.995483	FALSE	ORF8:cds-YP_009724396.1	TCA	S	GCA	A	24
NC_045512.2	27963	T	C	24366	14960	47	2	2	34	8.20277e-05	24382	1	FALSE	ORF8:cds-YP_009724396.1	TCA	S	CCA	P	24
NC_045512.2	27963	T	A	24366	14960	47	4	3	32	0.000164055	24382	0.999986	FALSE	ORF8:cds-YP_009724396.1	TCA	S	ACA	T	24
NC_045512.2	27964	C	T	23873	14116	47	10	10	35	0.000418585	23890	0.993237	FALSE	ORF8:cds-YP_009724396.1	TCA	S	TTA	L	24
NC_045512.2	27964	C	G	23873	14116	47	4	3	30	0.000167434	23890	0.999975	FALSE	ORF8:cds-YP_009724396.1	TCA	S	TGA	*	24
NC_045512.2	27964	C	A	23873	14116	47	3	3	34	0.000125576	23890	0.999995	FALSE	ORF8:cds-YP_009724396.1	TCA	S	TAA	*	24
NC_045512.2	27965	A	T	23909	14203	47	7	7	34	0.000292618	23922	0.999286	FALSE	ORF8:cds-YP_009724396.1	TCA	S	TCT	S	24
NC_045512.2	27965	A	G	23909	14203	47	1	1	34	4.18025e-05	23922	1	FALSE	ORF8:cds-YP_009724396.1	TCA	S	TCG	S	24
NC_045512.2	27965	A	C	23909	14203	47	5	4	30	0.000209013	23922	0.99991	FALSE	ORF8:cds-YP_009724396.1	TCA	S	TCC	S	24
NC_045512.2	27966	T	G	23907	14215	47	1	1	34	4.18043e-05	23921	1	FALSE	ORF8:cds-YP_009724396.1	TGT	C	GGT	G	25
NC_045512.2	27966	T	C	23907	14215	47	5	5	32	0.000209021	23921	0.99991	FALSE	ORF8:cds-YP_009724396.1	TGT	C	CGT	R	25
NC_045512.2	27966	T	A	23907	14215	47	8	8	33	0.000334434	23921	0.998338	FALSE	ORF8:cds-YP_009724396.1	TGT	C	AGT	S	25
NC_045512.2	27967	G	T	24037	14299	47	9	9	34	0.000374127	24056	0.997723	FALSE	ORF8:cds-YP_009724396.1	TGT	C	TTT	F	25
NC_045512.2	27967	G	C	24037	14299	47	6	6	30	0.000249418	24056	0.999837	FALSE	ORF8:cds-YP_009724396.1	TGT	C	TCT	S	25
NC_045512.2	27967	G	A	24037	14299	47	4	3	42	0.000166279	24056	0.343467	FALSE	ORF8:cds-YP_009724396.1	TGT	C	TAT	Y	25
NC_045512.2	27968	T	G	24145	14611	47	7	7	30	0.000289759	24158	0.999562	FALSE	ORF8:cds-YP_009724396.1	TGT	C	TGG	W	25
NC_045512.2	27968	T	C	24145	14611	47	3	3	34	0.000124182	24158	0.999997	FALSE	ORF8:cds-YP_009724396.1	TGT	C	TGC	C	25
NC_045512.2	27968	T	A	24145	14611	47	3	3	31	0.000124182	24158	0.999997	FALSE	ORF8:cds-YP_009724396.1	TGT	C	TGA	*	25
NC_045512.2	27969	A	T	24337	14474	47	13	13	32	0.000533706	24358	0.976478	FALSE	ORF8:cds-YP_009724396.1	ACT	T	TCT	S	26
NC_045512.2	27969	A	G	24337	14474	47	6	5	29	0.000246326	24358	1	FALSE	ORF8:cds-YP_009724396.1	ACT	T	GCT	A	26
NC_045512.2	27969	A	C	24337	14474	47	2	2	34	8.21085e-05	24358	1	FALSE	ORF8:cds-YP_009724396.1	ACT	T	CCT	P	26
NC_045512.2	27970	C	T	24393	14755	47	5	5	40	0.000204817	24412	0.226327	FALSE	ORF8:cds-YP_009724396.1	ACT	T	ATT	I	26
NC_045512.2	27970	C	G	24393	14755	47	5	4	34	0.000204817	24412	0.999948	FALSE	ORF8:cds-YP_009724396.1	ACT	T	AGT	S	26
NC_045512.2	27970	C	A	24393	14755	47	9	8	29	0.000368671	24412	1	FALSE	ORF8:cds-YP_009724396.1	ACT	T	AAT	N	26
NC_045512.2	27971	T	G	22310	12914	48	1	1	34	4.48029e-05	22320	1	FALSE	ORF8:cds-YP_009724396.1	ACT	T	ACG	T	26
NC_045512.2	27971	T	C	22310	12914	48	6	6	32	0.000268817	22320	0.999545	FALSE	ORF8:cds-YP_009724396.1	ACT	T	ACC	T	26
NC_045512.2	27971	T	A	22310	12914	48	3	3	34	0.000134409	22320	0.99999	FALSE	ORF8:cds-YP_009724396.1	ACT	T	ACA	T	26
NC_045512.2	27972	C	T	22230	12850	48	10	10	33	0.00044958	22243	0.989984	FALSE	ORF8:cds-YP_009724396.1	CAA	Q	TAA	*	27
NC_045512.2	27972	C	G	22230	12850	48	2	2	34	8.99159e-05	22243	0.999999	FALSE	ORF8:cds-YP_009724396.1	CAA	Q	GAA	E	27
NC_045512.2	27972	C	A	22230	12850	48	1	1	34	4.4958e-05	22243	1	FALSE	ORF8:cds-YP_009724396.1	CAA	Q	AAA	K	27
NC_045512.2	27973	A	T	21588	12258	48	3	3	31	0.000138863	21604	0.999982	FALSE	ORF8:cds-YP_009724396.1	CAA	Q	CTA	L	27
NC_045512.2	27973	A	G	21588	12258	48	3	2	28	0.000138863	21604	1	FALSE	ORF8:cds-YP_009724396.1	CAA	Q	CGA	R	27
NC_045512.2	27973	A	C	21588	12258	48	10	9	30	0.000462877	21604	0.98528	FALSE	ORF8:cds-YP_009724396.1	CAA	Q	CCA	P	27
NC_045512.2	27974	A	T	21916	12325	48	4	3	34	0.000182457	21923	0.999922	FALSE	ORF8:cds-YP_009724396.1	CAA	Q	CAT	H	27
NC_045512.2	27974	A	C	21916	12325	48	3	3	31	0.000136843	21923	0.999982	FALSE	ORF8:cds-YP_009724396.1	CAA	Q	CAC	H	27
NC_045512.2	27975	C	T	21902	12338	47	4	4	34	0.000182523	21915	0.999922	FALSE	ORF8:cds-YP_009724396.1	CAT	H	TAT	Y	28
NC_045512.2	27975	C	A	21902	12338	47	9	9	34	0.000410678	21915	0.991947	FALSE	ORF8:cds-YP_009724396.1	CAT	H	AAT	N	28
NC_045512.2	27976	A	T	21568	12018	48	2	2	30	9.26827e-05	21579	0.999997	FALSE	ORF8:cds-YP_009724396.1	CAT	H	CTT	L	28
NC_045512.2	27976	A	G	21568	12018	48	1	0	34	4.63414e-05	21579	1	FALSE	ORF8:cds-YP_009724396.1	CAT	H	CGT	R	28
NC_045512.2	27976	A	C	21568	12018	48	8	8	33	0.000370731	21579	0.995942	FALSE	ORF8:cds-YP_009724396.1	CAT	H	CCT	P	28
NC_045512.2	27977	T	G	21554	12018	48	4	1	30	0.000185434	21571	0.999922	FALSE	ORF8:cds-YP_009724396.1	CAT	H	CAG	Q	28
NC_045512.2	27977	T	C	21554	12018	48	5	2	47	0.000231793	21571	0.226334	FALSE	ORF8:cds-YP_009724396.1	CAT	H	CAC	H	28
NC_045512.2	27977	T	A	21554	12018	48	8	7	31	0.000370868	21571	0.995933	FALSE	ORF8:cds-YP_009724396.1	CAT	H	CAA	Q	28
NC_045512.2	27978	C	T	21047	11724	47	7	7	34	0.000332431	21057	0.998144	FALSE	ORF8:cds-YP_009724396.1	CAA	Q	TAA	*	29
NC_045512.2	27978	C	G	21047	11724	47	1	0	34	4.74901e-05	21057	1	FALSE	ORF8:cds-YP_009724396.1	CAA	Q	GAA	E	29
NC_045512.2	27978	C	A	21047	11724	47	2	2	30	9.49803e-05	21057	0.999997	FALSE	ORF8:cds-YP_009724396.1	CAA	Q	AAA	K	29
NC_045512.2	27979	A	T	21069	11740	47	3	3	34	0.000142315	21080	0.999982	FALSE	ORF8:cds-YP_009724396.1	CAA	Q	CTA	L	29
NC_045512.2	27979	A	G	21069	11740	47	2	0	30	9.48767e-05	21080	0.999997	FALSE	ORF8:cds-YP_009724396.1	CAA	Q	CGA	R	29
NC_045512.2	27979	A	C	21069	11740	47	6	6	31	0.00028463	21080	0.999244	FALSE	ORF8:cds-YP_009724396.1	CAA	Q	CCA	P	29
NC_045512.2	27980	A	T	20740	11960	44	1	1	34	4.81928e-05	20750	1	FALSE	ORF8:cds-YP_009724396.1	CAA	Q	CAT	H	29
NC_045512.2	27980	A	G	20740	11960	44	5	3	59	0.000240964	20750	0.0312274	FALSE	ORF8:cds-YP_009724396.1	CAA	Q	CAG	Q	29
NC_045512.2	27980	A	C	20740	11960	44	4	4	30	0.000192771	20750	0.999862	FALSE	ORF8:cds-YP_009724396.1	CAA	Q	CAC	H	29
NC_045512.2	27981	C	A	22136	11876	47	10	10	36	0.000451549	22146	0.989995	FALSE	ORF8:cds-YP_009724396.1	CCA	P	ACA	T	30
NC_045512.2	27982	C	G	22134	11943	47	1	0	34	4.5161e-05	22143	1	FALSE	ORF8:cds-YP_009724396.1	CCA	P	CGA	R	30
NC_045512.2	27982	C	A	22134	11943	47	8	8	34	0.000361288	22143	0.997396	FALSE	ORF8:cds-YP_009724396.1	CCA	P	CAA	Q	30
NC_045512.2	27983	A	G	21902	11563	47	4	2	32	0.000182532	21914	0.999922	FALSE	ORF8:cds-YP_009724396.1	CCA	P	CCG	P	30
NC_045512.2	27983	A	C	21902	11563	47	8	8	32	0.000365063	21914	0.995941	FALSE	ORF8:cds-YP_009724396.1	CCA	P	CCC	P	30
NC_045512.2	27984	T	G	21865	11693	47	2	1	34	9.14202e-05	21877	0.999997	FALSE	ORF8:cds-YP_009724396.1	TAT	Y	GAT	D	31
NC_045512.2	27984	T	C	21865	11693	47	7	6	33	0.000319971	21877	0.998143	FALSE	ORF8:cds-YP_009724396.1	TAT	Y	CAT	H	31
NC_045512.2	27984	T	A	21865	11693	47	3	3	34	0.00013713	21877	0.999982	FALSE	ORF8:cds-YP_009724396.1	TAT	Y	AAT	N	31
NC_045512.2	27985	A	T	21856	11891	47	6	6	34	0.000274424	21864	0.999245	FALSE	ORF8:cds-YP_009724396.1	TAT	Y	TTT	F	31
NC_045512.2	27985	A	G	21856	11891	47	2	1	40	9.14746e-05	21864	0.687423	FALSE	ORF8:cds-YP_009724396.1	TAT	Y	TGT	C	31
NC_045512.2	27986	T	G	22119	11961	47	1	1	34	4.51875e-05	22130	1	FALSE	ORF8:cds-YP_009724396.1	TAT	Y	TAG	*	31
NC_045512.2	27986	T	C	22119	11961	47	3	2	30	0.000135563	22130	0.99999	FALSE	ORF8:cds-YP_009724396.1	TAT	Y	TAC	Y	31
NC_045512.2	27986	T	A	22119	11961	47	7	6	32	0.000316313	22130	0.998844	FALSE	ORF8:cds-YP_009724396.1	TAT	Y	TAA	*	31
NC_045512.2	27987	G	T	22196	12037	47	11	11	32	0.000495272	22210	0.982481	FALSE	ORF8:cds-YP_009724396.1	GTA	V	TTA	L	32
NC_045512.2	27987	G	A	22196	12037	47	3	3	31	0.000135074	22210	0.99999	FALSE	ORF8:cds-YP_009724396.1	GTA	V	ATA	I	32
NC_045512.2	27988	T	G	22136	11948	48	9	9	33	0.000406321	22150	0.994669	FALSE	ORF8:cds-YP_009724396.1	GTA	V	GGA	G	32
NC_045512.2	27988	T	C	22136	11948	48	2	1	34	9.02935e-05	22150	0.999999	FALSE	ORF8:cds-YP_009724396.1	GTA	V	GCA	A	32
NC_045512.2	27988	T	A	22136	11948	48	3	3	31	0.00013544	22150	0.99999	FALSE	ORF8:cds-YP_009724396.1	GTA	V	GAA	E	32
NC_045512.2	27989	A	T	21092	11072	48	8	8	33	0.000379003	21108	0.995935	FALSE	ORF8:cds-YP_009724396.1	GTA	V	GTT	V	32
NC_045512.2	27989	A	G	21092	11072	48	6	5	36	0.000284252	21108	0.999243	FALSE	ORF8:cds-YP_009724396.1	GTA	V	GTG	V	32
NC_045512.2	27989	A	C	21092	11072	48	2	2	26	9.47508e-05	21108	1	FALSE	ORF8:cds-YP_009724396.1	GTA	V	GTC	V	32
NC_045512.2	27990	G	T	21471	11135	48	3	3	34	0.000139639	21484	0.999982	FALSE	ORF8:cds-YP_009724396.1	GTT	V	TTT	F	33
NC_045512.2	27990	G	C	21471	11135	48	2	2	34	9.30925e-05	21484	0.999997	FALSE	ORF8:cds-YP_009724396.1	GTT	V	CTT	L	33
NC_045512.2	27990	G	A	21471	11135	48	8	8	34	0.00037237	21484	0.995939	FALSE	ORF8:cds-YP_009724396.1	GTT	V	ATT	I	33
NC_045512.2	27991	T	G	20035	9616	45	12	11	30	0.000598444	20052	0.944916	FALSE	ORF8:cds-YP_009724396.1	GTT	V	GGT	G	33
NC_045512.2	27991	T	C	20035	9616	45	2	2	34	9.97407e-05	20052	0.999995	FALSE	ORF8:cds-YP_009724396.1	GTT	V	GCT	A	33
NC_045512.2	27991	T	A	20035	9616	45	3	3	31	0.000149611	20052	0.999967	FALSE	ORF8:cds-YP_009724396.1	GTT	V	GAT	D	33
NC_045512.2	27992	T	G	21219	11049	49	3	2	34	0.000141343	21225	0.999982	FALSE	ORF8:cds-YP_009724396.1	GTT	V	GTG	V	33
NC_045512.2	27992	T	C	21219	11049	49	2	2	34	9.42285e-05	21225	0.999997	FALSE	ORF8:cds-YP_009724396.1	GTT	V	GTC	V	33
NC_045512.2	27992	T	A	21219	11049	49	1	1	34	4.71143e-05	21225	1	FALSE	ORF8:cds-YP_009724396.1	GTT	V	GTA	V	33
NC_045512.2	27993	G	T	21206	11164	48	11	8	31	0.000518379	21220	0.974976	FALSE	ORF8:cds-YP_009724396.1	GAT	D	TAT	Y	34
NC_045512.2	27993	G	C	21206	11164	48	1	1	34	4.71254e-05	21220	1	FALSE	ORF8:cds-YP_009724396.1	GAT	D	CAT	H	34
NC_045512.2	27993	G	A	21206	11164	48	2	2	30	9.42507e-05	21220	0.999997	FALSE	ORF8:cds-YP_009724396.1	GAT	D	AAT	N	34
NC_045512.2	27994	A	T	20951	10911	49	4	4	32	0.000190831	20961	0.999862	FALSE	ORF8:cds-YP_009724396.1	GAT	D	GTT	V	34
NC_045512.2	27994	A	G	20951	10911	49	6	5	34	0.000286246	20961	0.998755	FALSE	ORF8:cds-YP_009724396.1	GAT	D	GGT	G	34
NC_045512.2	27995	T	G	20976	10950	49	3	2	31	0.000142932	20989	0.999967	FALSE	ORF8:cds-YP_009724396.1	GAT	D	GAG	E	34
NC_045512.2	27995	T	C	20976	10950	49	2	1	47	9.5288e-05	20989	0.68733	FALSE	ORF8:cds-YP_009724396.1	GAT	D	GAC	D	34
NC_045512.2	27995	T	A	20976	10950	49	8	8	34	0.000381152	20989	0.993735	FALSE	ORF8:cds-YP_009724396.1	GAT	D	GAA	E	34
NC_045512.2	27996	G	T	20816	10831	48	9	9	33	0.000432131	20827	0.98796	FALSE	ORF8:cds-YP_009724396.1	GAC	D	TAC	Y	35
NC_045512.2	27996	G	C	20816	10831	48	1	1	34	4.80146e-05	20827	1	FALSE	ORF8:cds-YP_009724396.1	GAC	D	CAC	H	35
NC_045512.2	27996	G	A	20816	10831	48	1	1	34	4.80146e-05	20827	1	FALSE	ORF8:cds-YP_009724396.1	GAC	D	AAC	N	35
NC_045512.2	27997	A	T	20848	10968	48	3	3	34	0.000143795	20863	0.999967	FALSE	ORF8:cds-YP_009724396.1	GAC	D	GTC	V	35
NC_045512.2	27997	A	G	20848	10968	48	9	9	34	0.000431386	20863	0.987944	FALSE	ORF8:cds-YP_009724396.1	GAC	D	GGC	G	35
NC_045512.2	27997	A	C	20848	10968	48	3	3	31	0.000143795	20863	0.999967	FALSE	ORF8:cds-YP_009724396.1	GAC	D	GCC	A	35
NC_045512.2	27998	C	T	21745	11678	47	4	3	59	0.000183798	21763	0.0624167	FALSE	ORF8:cds-YP_009724396.1	GAC	D	GAT	D	35
NC_045512.2	27998	C	G	21745	11678	47	4	3	28	0.000183798	21763	1	FALSE	ORF8:cds-YP_009724396.1	GAC	D	GAG	E	35
NC_045512.2	27998	C	A	21745	11678	47	10	9	33	0.000459495	21763	0.985271	FALSE	ORF8:cds-YP_009724396.1	GAC	D	GAA	E	35
NC_045512.2	27999	C	T	21576	11639	47	1	1	34	4.63285e-05	21585	1	FALSE	ORF8:cds-YP_009724396.1	CCG	P	TCG	S	36
NC_045512.2	27999	C	G	21576	11639	47	1	1	34	4.63285e-05	21585	1	FALSE	ORF8:cds-YP_009724396.1	CCG	P	GCG	A	36
NC_045512.2	27999	C	A	21576	11639	47	7	4	30	0.000324299	21585	0.998145	FALSE	ORF8:cds-YP_009724396.1	CCG	P	ACG	T	36
NC_045512.2	28000	C	G	21233	11413	47	2	0	26	9.4162e-05	21240	1	FALSE	ORF8:cds-YP_009724396.1	CCG	P	CGG	R	36
NC_045512.2	28000	C	A	21233	11413	47	5	4	54	0.000235405	21240	0.031239	FALSE	ORF8:cds-YP_009724396.1	CCG	P	CAG	Q	36
NC_045512.2	28001	G	C	21485	11442	47	13	13	35	0.000604511	21505	0.939251	FALSE	ORF8:cds-YP_009724396.1	CCG	P	CCC	P	36
NC_045512.2	28001	G	A	21485	11442	47	7	6	52	0.000325506	21505	0.00779344	TRUE	ORF8:cds-YP_009724396.1	CCG	P	CCA	P	36
NC_045512.2	28002	T	G	21451	11399	47	8	8	33	0.0003727	21465	0.995938	FALSE	ORF8:cds-YP_009724396.1	TGT	C	GGT	G	37
NC_045512.2	28002	T	C	21451	11399	47	5	5	32	0.000232937	21465	0.999733	FALSE	ORF8:cds-YP_009724396.1	TGT	C	CGT	R	37
NC_045512.2	28002	T	A	21451	11399	47	1	1	34	4.65875e-05	21465	1	FALSE	ORF8:cds-YP_009724396.1	TGT	C	AGT	S	37
NC_045512.2	28003	G	T	22405	11558	47	8	8	34	0.000356904	22415	0.997395	FALSE	ORF8:cds-YP_009724396.1	TGT	C	TTT	F	37
NC_045512.2	28003	G	A	22405	11558	47	2	2	30	8.9226e-05	22415	0.999999	FALSE	ORF8:cds-YP_009724396.1	TGT	C	TAT	Y	37
NC_045512.2	28004	T	G	22444	11660	47	12	10	30	0.000534307	22459	0.971224	FALSE	ORF8:cds-YP_009724396.1	TGT	C	TGG	W	37
NC_045512.2	28004	T	C	22444	11660	47	2	0	29	8.90512e-05	22459	1	FALSE	ORF8:cds-YP_009724396.1	TGT	C	TGC	C	37
NC_045512.2	28004	T	A	22444	11660	47	1	1	34	4.45256e-05	22459	1	FALSE	ORF8:cds-YP_009724396.1	TGT	C	TGA	*	37
NC_045512.2	28005	C	T	22434	11694	46	9	9	34	0.000400802	22455	0.994656	FALSE	ORF8:cds-YP_009724396.1	CCT	P	TCT	S	38
NC_045512.2	28005	C	G	22434	11694	46	4	3	32	0.000178134	22455	0.999956	FALSE	ORF8:cds-YP_009724396.1	CCT	P	GCT	A	38
NC_045512.2	28005	C	A	22434	11694	46	8	8	33	0.000356268	22455	0.997384	FALSE	ORF8:cds-YP_009724396.1	CCT	P	ACT	T	38
NC_045512.2	28006	C	T	22535	11762	46	4	4	32	0.000177447	22542	0.999956	FALSE	ORF8:cds-YP_009724396.1	CCT	P	CTT	L	38
NC_045512.2	28006	C	G	22535	11762	46	1	1	34	4.43616e-05	22542	1	FALSE	ORF8:cds-YP_009724396.1	CCT	P	CGT	R	38
NC_045512.2	28006	C	A	22535	11762	46	2	0	34	8.87233e-05	22542	0.999999	FALSE	ORF8:cds-YP_009724396.1	CCT	P	CAT	H	38
NC_045512.2	28007	T	G	21523	10783	47	2	1	30	9.28591e-05	21538	0.999997	FALSE	ORF8:cds-YP_009724396.1	CCT	P	CCG	P	38
NC_045512.2	28007	T	C	21523	10783	47	13	12	33	0.000603584	21538	0.939332	FALSE	ORF8:cds-YP_009724396.1	CCT	P	CCC	P	38
NC_045512.2	28008	A	T	21964	10909	46	8	8	32	0.000363967	21980	0.995935	FALSE	ORF8:cds-YP_009724396.1	ATT	I	TTT	F	39
NC_045512.2	28008	A	G	21964	10909	46	3	1	34	0.000136488	21980	0.999982	FALSE	ORF8:cds-YP_009724396.1	ATT	I	GTT	V	39
NC_045512.2	28008	A	C	21964	10909	46	5	5	32	0.00022748	21980	0.999733	FALSE	ORF8:cds-YP_009724396.1	ATT	I	CTT	L	39
NC_045512.2	28009	T	G	22023	10888	47	3	1	31	0.000136135	22037	0.99999	FALSE	ORF8:cds-YP_009724396.1	ATT	I	AGT	S	39
NC_045512.2	28009	T	C	22023	10888	47	3	2	42	0.000136135	22037	0.499787	FALSE	ORF8:cds-YP_009724396.1	ATT	I	ACT	T	39
NC_045512.2	28009	T	A	22023	10888	47	8	8	34	0.000363026	22037	0.997391	FALSE	ORF8:cds-YP_009724396.1	ATT	I	AAT	N	39
NC_045512.2	28010	T	G	21892	10845	47	3	2	34	0.000136986	21900	0.999982	FALSE	ORF8:cds-YP_009724396.1	ATT	I	ATG	M	39
NC_045512.2	28010	T	A	21892	10845	47	5	5	34	0.000228311	21900	0.999734	FALSE	ORF8:cds-YP_009724396.1	ATT	I	ATA	I	39
NC_045512.2	28011	C	T	21843	10775	47	10	10	34	0.000457519	21857	0.985289	FALSE	ORF8:cds-YP_009724396.1	CAC	H	TAC	Y	40
NC_045512.2	28011	C	G	21843	10775	47	1	1	34	4.57519e-05	21857	1	FALSE	ORF8:cds-YP_009724396.1	CAC	H	GAC	D	40
NC_045512.2	28011	C	A	21843	10775	47	3	1	34	0.000137256	21857	0.999982	FALSE	ORF8:cds-YP_009724396.1	CAC	H	AAC	N	40
NC_045512.2	28012	A	T	20823	9952	47	6	6	31	0.000287922	20839	0.998752	FALSE	ORF8:cds-YP_009724396.1	CAC	H	CTC	L	40
NC_045512.2	28012	A	C	20823	9952	47	10	9	33	0.000479869	20839	0.978616	FALSE	ORF8:cds-YP_009724396.1	CAC	H	CCC	P	40
NC_045512.2	28013	C	T	21639	10110	47	5	5	34	0.000230926	21652	0.999733	FALSE	ORF8:cds-YP_009724396.1	CAC	H	CAT	H	40
NC_045512.2	28013	C	G	21639	10110	47	1	0	26	4.61851e-05	21652	1	FALSE	ORF8:cds-YP_009724396.1	CAC	H	CAG	Q	40
NC_045512.2	28013	C	A	21639	10110	47	7	7	34	0.000323296	21652	0.998142	FALSE	ORF8:cds-YP_009724396.1	CAC	H	CAA	Q	40
NC_045512.2	28014	T	C	21566	10057	47	13	10	32	0.00060227	21585	0.939267	FALSE	ORF8:cds-YP_009724396.1	TTC	F	CTC	L	41
NC_045512.2	28014	T	A	21566	10057	47	6	5	32	0.000277971	21585	0.999242	FALSE	ORF8:cds-YP_009724396.1	TTC	F	ATC	I	41
NC_045512.2	28015	T	G	21427	9963	47	5	3	30	0.000233198	21441	0.999733	FALSE	ORF8:cds-YP_009724396.1	TTC	F	TGC	C	41
NC_045512.2	28015	T	C	21427	9963	47	6	6	41	0.000279838	21441	0.144401	FALSE	ORF8:cds-YP_009724396.1	TTC	F	TCC	S	41
NC_045512.2	28015	T	A	21427	9963	47	3	3	34	0.000139919	21441	0.999982	FALSE	ORF8:cds-YP_009724396.1	TTC	F	TAC	Y	41
NC_045512.2	28016	C	T	21327	10022	46	11	11	34	0.000515391	21343	0.97496	FALSE	ORF8:cds-YP_009724396.1	TTC	F	TTT	F	41
NC_045512.2	28016	C	G	21327	10022	46	2	1	34	9.37075e-05	21343	0.999997	FALSE	ORF8:cds-YP_009724396.1	TTC	F	TTG	L	41
NC_045512.2	28016	C	A	21327	10022	46	3	2	34	0.000140561	21343	0.999982	FALSE	ORF8:cds-YP_009724396.1	TTC	F	TTA	L	41
NC_045512.2	28017	T	G	20924	9619	46	2	1	34	9.55429e-05	20933	0.999995	FALSE	ORF8:cds-YP_009724396.1	TAT	Y	GAT	D	42
NC_045512.2	28017	T	C	20924	9619	46	6	5	31	0.000286629	20933	0.998756	FALSE	ORF8:cds-YP_009724396.1	TAT	Y	CAT	H	42
NC_045512.2	28017	T	A	20924	9619	46	1	1	34	4.77715e-05	20933	1	FALSE	ORF8:cds-YP_009724396.1	TAT	Y	AAT	N	42
NC_045512.2	28018	A	T	21373	9746	46	7	7	32	0.000327317	21386	0.998142	FALSE	ORF8:cds-YP_009724396.1	TAT	Y	TTT	F	42
NC_045512.2	28018	A	G	21373	9746	46	2	1	40	9.35191e-05	21386	0.687333	FALSE	ORF8:cds-YP_009724396.1	TAT	Y	TGT	C	42
NC_045512.2	28018	A	C	21373	9746	46	4	4	32	0.000187038	21386	0.999922	FALSE	ORF8:cds-YP_009724396.1	TAT	Y	TCT	S	42
NC_045512.2	28019	T	G	21372	9750	47	1	0	24	4.67639e-05	21384	1	FALSE	ORF8:cds-YP_009724396.1	TAT	Y	TAG	*	42
NC_045512.2	28019	T	C	21372	9750	47	5	4	39	0.00023382	21384	0.999734	FALSE	ORF8:cds-YP_009724396.1	TAT	Y	TAC	Y	42
NC_045512.2	28019	T	A	21372	9750	47	6	6	34	0.000280584	21384	0.999244	FALSE	ORF8:cds-YP_009724396.1	TAT	Y	TAA	*	42
NC_045512.2	28020	T	G	21380	9791	46	3	0	34	0.000140252	21390	0.999982	FALSE	ORF8:cds-YP_009724396.1	TCT	S	GCT	A	43
NC_045512.2	28020	T	C	21380	9791	46	2	2	36	9.35016e-05	21390	0.999997	FALSE	ORF8:cds-YP_009724396.1	TCT	S	CCT	P	43
NC_045512.2	28020	T	A	21380	9791	46	5	4	32	0.000233754	21390	0.999734	FALSE	ORF8:cds-YP_009724396.1	TCT	S	ACT	T	43
NC_045512.2	28021	C	T	21339	9771	46	10	10	34	0.000468362	21351	0.985299	FALSE	ORF8:cds-YP_009724396.1	TCT	S	TTT	F	43
NC_045512.2	28021	C	A	21339	9771	46	2	2	34	9.36724e-05	21351	0.999997	FALSE	ORF8:cds-YP_009724396.1	TCT	S	TAT	Y	43
NC_045512.2	28022	T	G	20665	9091	47	1	1	34	4.83699e-05	20674	1	FALSE	ORF8:cds-YP_009724396.1	TCT	S	TCG	S	43
NC_045512.2	28022	T	C	20665	9091	47	7	6	34	0.00033859	20674	0.997044	FALSE	ORF8:cds-YP_009724396.1	TCT	S	TCC	S	43
NC_045512.2	28022	T	A	20665	9091	47	1	1	26	4.83699e-05	20674	1	FALSE	ORF8:cds-YP_009724396.1	TCT	S	TCA	S	43
NC_045512.2	28023	A	T	20828	9144	47	7	7	34	0.000335893	20840	0.997041	FALSE	ORF8:cds-YP_009724396.1	AAA	K	TAA	*	44
NC_045512.2	28023	A	G	20828	9144	47	3	2	34	0.000143954	20840	0.999967	FALSE	ORF8:cds-YP_009724396.1	AAA	K	GAA	E	44
NC_045512.2	28023	A	C	20828	9144	47	2	2	34	9.59693e-05	20840	0.999995	FALSE	ORF8:cds-YP_009724396.1	AAA	K	CAA	Q	44
NC_045512.2	28024	A	T	20485	9139	46	5	5	32	0.000243962	20495	0.999546	FALSE	ORF8:cds-YP_009724396.1	AAA	K	ATA	I	44
NC_045512.2	28024	A	G	20485	9139	46	3	0	39	0.000146377	20495	0.999967	FALSE	ORF8:cds-YP_009724396.1	AAA	K	AGA	R	44
NC_045512.2	28024	A	C	20485	9139	46	2	2	30	9.75848e-05	20495	0.999995	FALSE	ORF8:cds-YP_009724396.1	AAA	K	ACA	T	44
NC_045512.2	28025	A	T	20343	9136	46	1	1	34	4.91497e-05	20346	1	FALSE	ORF8:cds-YP_009724396.1	AAA	K	AAT	N	44
NC_045512.2	28025	A	G	20343	9136	46	1	0	60	4.91497e-05	20346	0.499988	FALSE	ORF8:cds-YP_009724396.1	AAA	K	AAG	K	44
NC_045512.2	28025	A	C	20343	9136	46	1	1	34	4.91497e-05	20346	1	FALSE	ORF8:cds-YP_009724396.1	AAA	K	AAC	N	44
NC_045512.2	28026	T	C	21025	9365	47	1	1	34	4.75443e-05	21033	1	FALSE	ORF8:cds-YP_009724396.1	TGG	W	CGG	R	45
NC_045512.2	28026	T	A	21025	9365	47	7	6	37	0.00033281	21033	0.998146	FALSE	ORF8:cds-YP_009724396.1	TGG	W	AGG	R	45
NC_045512.2	28027	G	T	20484	8971	46	9	8	34	0.000439046	20499	0.987944	FALSE	ORF8:cds-YP_009724396.1	TGG	W	TTG	L	45
NC_045512.2	28027	G	C	20484	8971	46	2	2	30	9.75657e-05	20499	0.999995	FALSE	ORF8:cds-YP_009724396.1	TGG	W	TCG	S	45
NC_045512.2	28027	G	A	20484	8971	46	4	4	30	0.000195131	20499	0.999861	FALSE	ORF8:cds-YP_009724396.1	TGG	W	TAG	*	45
NC_045512.2	28028	G	T	22083	9289	46	5	4	29	0.000226306	22094	1	FALSE	ORF8:cds-YP_009724396.1	TGG	W	TGT	C	45
NC_045512.2	28028	G	C	22083	9289	46	2	2	34	9.05223e-05	22094	0.999999	FALSE	ORF8:cds-YP_009724396.1	TGG	W	TGC	C	45
NC_045512.2	28028	G	A	22083	9289	46	4	3	34	0.000181045	22094	0.999956	FALSE	ORF8:cds-YP_009724396.1	TGG	W	TGA	*	45
NC_045512.2	28029	T	G	21992	9408	47	8	8	33	0.00036357	22004	0.997393	FALSE	ORF8:cds-YP_009724396.1	TAT	Y	GAT	D	46
NC_045512.2	28029	T	C	21992	9408	47	1	0	26	4.54463e-05	22004	1	FALSE	ORF8:cds-YP_009724396.1	TAT	Y	CAT	H	46
NC_045512.2	28029	T	A	21992	9408	47	3	3	31	0.000136339	22004	0.99999	FALSE	ORF8:cds-YP_009724396.1	TAT	Y	AAT	N	46
NC_045512.2	28030	A	T	22587	9517	47	6	5	32	0.00026551	22598	0.999545	FALSE	ORF8:cds-YP_009724396.1	TAT	Y	TTT	F	46
NC_045512.2	28030	A	G	22587	9517	47	4	4	42	0.000177007	22598	0.343615	FALSE	ORF8:cds-YP_009724396.1	TAT	Y	TGT	C	46
NC_045512.2	28030	A	C	22587	9517	47	1	1	26	4.42517e-05	22598	1	FALSE	ORF8:cds-YP_009724396.1	TAT	Y	TCT	S	46
NC_045512.2	28031	T	C	22353	9180	46	3	3	30	0.000134144	22364	0.99999	FALSE	ORF8:cds-YP_009724396.1	TAT	Y	TAC	Y	46
NC_045512.2	28031	T	A	22353	9180	46	8	8	33	0.000357718	22364	0.997394	FALSE	ORF8:cds-YP_009724396.1	TAT	Y	TAA	*	46
NC_045512.2	28032	A	T	22564	9775	47	7	7	32	0.000310078	22575	0.998844	FALSE	ORF8:cds-YP_009724396.1	ATT	I	TTT	F	47
NC_045512.2	28032	A	G	22564	9775	47	4	1	38	0.000177187	22575	0.999956	FALSE	ORF8:cds-YP_009724396.1	ATT	I	GTT	V	47
NC_045512.2	28033	T	C	22572	9714	46	2	1	29	8.85622e-05	22583	1	FALSE	ORF8:cds-YP_009724396.1	ATT	I	ACT	T	47
NC_045512.2	28033	T	A	22572	9714	46	9	9	34	0.00039853	22583	0.994674	FALSE	ORF8:cds-YP_009724396.1	ATT	I	AAT	N	47
NC_045512.2	28034	T	G	22724	9891	47	1	0	34	4.39889e-05	22733	1	FALSE	ORF8:cds-YP_009724396.1	ATT	I	ATG	M	47
NC_045512.2	28034	T	C	22724	9891	47	4	1	34	0.000175956	22733	0.999956	FALSE	ORF8:cds-YP_009724396.1	ATT	I	ATC	I	47
NC_045512.2	28034	T	A	22724	9891	47	4	4	32	0.000175956	22733	0.999956	FALSE	ORF8:cds-YP_009724396.1	ATT	I	ATA	I	47
NC_045512.2	28035	A	T	22287	9712	46	13	12	31	0.000582881	22303	0.955272	FALSE	ORF8:cds-YP_009724396.1	AGA	R	TGA	*	48
NC_045512.2	28035	A	G	22287	9712	46	2	0	30	8.9674e-05	22303	0.999999	FALSE	ORF8:cds-YP_009724396.1	AGA	R	GGA	G	48
NC_045512.2	28035	A	C	22287	9712	46	1	1	34	4.4837e-05	22303	1	FALSE	ORF8:cds-YP_009724396.1	AGA	R	CGA	R	48
NC_045512.2	28036	G	T	23246	9729	46	4	4	34	0.000171969	23260	0.999975	FALSE	ORF8:cds-YP_009724396.1	AGA	R	ATA	I	48
NC_045512.2	28036	G	C	23246	9729	46	3	3	31	0.000128977	23260	0.999995	FALSE	ORF8:cds-YP_009724396.1	AGA	R	ACA	T	48
NC_045512.2	28036	G	A	23246	9729	46	7	7	34	0.000300946	23260	0.999285	FALSE	ORF8:cds-YP_009724396.1	AGA	R	AAA	K	48
NC_045512.2	28037	A	T	22029	8735	47	3	2	34	0.000136116	22040	0.99999	FALSE	ORF8:cds-YP_009724396.1	AGA	R	AGT	S	48
NC_045512.2	28037	A	G	22029	8735	47	7	7	34	0.000317604	22040	0.998844	FALSE	ORF8:cds-YP_009724396.1	AGA	R	AGG	R	48
NC_045512.2	28037	A	C	22029	8735	47	1	1	34	4.53721e-05	22040	1	FALSE	ORF8:cds-YP_009724396.1	AGA	R	AGC	S	48
NC_045512.2	28038	G	T	22020	8730	47	1	1	34	4.53926e-05	22030	1	FALSE	ORF8:cds-YP_009724396.1	GTA	V	TTA	L	49
NC_045512.2	28038	G	A	22020	8730	47	9	9	34	0.000408534	22030	0.994676	FALSE	ORF8:cds-YP_009724396.1	GTA	V	ATA	I	49
NC_045512.2	28039	T	G	21514	8369	47	8	8	32	0.000371661	21525	0.995942	FALSE	ORF8:cds-YP_009724396.1	GTA	V	GGA	G	49
NC_045512.2	28039	T	A	21514	8369	47	3	3	34	0.000139373	21525	0.999982	FALSE	ORF8:cds-YP_009724396.1	GTA	V	GAA	E	49
NC_045512.2	28040	A	T	21544	8257	48	8	8	33	0.000371109	21557	0.995939	FALSE	ORF8:cds-YP_009724396.1	GTA	V	GTT	V	49
NC_045512.2	28040	A	G	21544	8257	48	4	3	42	0.000185555	21557	0.343565	FALSE	ORF8:cds-YP_009724396.1	GTA	V	GTG	V	49
NC_045512.2	28040	A	C	21544	8257	48	1	1	34	4.63886e-05	21557	1	FALSE	ORF8:cds-YP_009724396.1	GTA	V	GTC	V	49
NC_045512.2	28041	G	T	21432	8188	47	4	4	34	0.000186541	21443	0.999922	FALSE	ORF8:cds-YP_009724396.1	GGA	G	TGA	*	50
NC_045512.2	28041	G	C	21432	8188	47	1	1	34	4.66353e-05	21443	1	FALSE	ORF8:cds-YP_009724396.1	GGA	G	CGA	R	50
NC_045512.2	28041	G	A	21432	8188	47	6	6	34	0.000279812	21443	0.999244	FALSE	ORF8:cds-YP_009724396.1	GGA	G	AGA	R	50
NC_045512.2	28042	G	T	21712	9624	51	2	1	34	9.20895e-05	21718	0.999997	FALSE	ORF8:cds-YP_009724396.1	GGA	G	GTA	V	50
NC_045512.2	28042	G	A	21712	9624	51	4	3	42	0.000184179	21718	0.343718	FALSE	ORF8:cds-YP_009724396.1	GGA	G	GAA	E	50
NC_045512.2	28043	A	T	21732	9647	51	1	1	34	4.59876e-05	21745	1	FALSE	ORF8:cds-YP_009724396.1	GGA	G	GGT	G	50
NC_045512.2	28043	A	G	21732	9647	51	12	10	33	0.000551851	21745	0.959985	FALSE	ORF8:cds-YP_009724396.1	GGA	G	GGG	G	50
NC_045512.2	28044	G	T	21718	9559	51	1	1	34	4.60278e-05	21726	1	FALSE	ORF8:cds-YP_009724396.1	GCT	A	TCT	S	51
NC_045512.2	28044	G	A	21718	9559	51	7	7	34	0.000322195	21726	0.998146	FALSE	ORF8:cds-YP_009724396.1	GCT	A	ACT	T	51
NC_045512.2	28045	C	T	21270	9395	52	1	1	34	4.69903e-05	21281	1	FALSE	ORF8:cds-YP_009724396.1	GCT	A	GTT	V	51
NC_045512.2	28045	C	G	21270	9395	52	7	7	34	0.000328932	21281	0.998144	FALSE	ORF8:cds-YP_009724396.1	GCT	A	GGT	G	51
NC_045512.2	28045	C	A	21270	9395	52	3	3	34	0.000140971	21281	0.999982	FALSE	ORF8:cds-YP_009724396.1	GCT	A	GAT	D	51
NC_045512.2	28046	T	G	21329	9551	52	3	3	34	0.000140581	21340	0.999982	FALSE	ORF8:cds-YP_009724396.1	GCT	A	GCG	A	51
NC_045512.2	28046	T	C	21329	9551	52	7	6	37	0.000328022	21340	0.998144	FALSE	ORF8:cds-YP_009724396.1	GCT	A	GCC	A	51
NC_045512.2	28046	T	A	21329	9551	52	1	1	34	4.68604e-05	21340	1	FALSE	ORF8:cds-YP_009724396.1	GCT	A	GCA	A	51
NC_045512.2	28047	A	T	21306	9554	52	6	6	34	0.000281386	21323	0.999243	FALSE	ORF8:cds-YP_009724396.1	AGA	R	TGA	*	52
NC_045512.2	28047	A	G	21306	9554	52	3	3	34	0.000140693	21323	0.999982	FALSE	ORF8:cds-YP_009724396.1	AGA	R	GGA	G	52
NC_045512.2	28047	A	C	21306	9554	52	8	5	34	0.000375182	21323	0.995933	FALSE	ORF8:cds-YP_009724396.1	AGA	R	CGA	R	52
NC_045512.2	28048	G	T	21195	9413	52	3	3	34	0.000141463	21207	0.999982	FALSE	ORF8:cds-YP_009724396.1	AGA	R	ATA	I	52
NC_045512.2	28048	G	C	21195	9413	52	2	2	34	9.43085e-05	21207	0.999997	FALSE	ORF8:cds-YP_009724396.1	AGA	R	ACA	T	52
NC_045512.2	28048	G	A	21195	9413	52	7	7	36	0.00033008	21207	0.998143	FALSE	ORF8:cds-YP_009724396.1	AGA	R	AAA	K	52
NC_045512.2	28048	G	-A	21195	9413	52	1	0	20	4.71542e-05	21207	1	FALSE	NA	NA	NA	NA	NA	NA
NC_045512.2	28049	A	T	20894	9573	50	2	1	30	9.568e-05	20903	0.999995	FALSE	ORF8:cds-YP_009724396.1	AGA	R	AGT	S	52
NC_045512.2	28049	A	G	20894	9573	50	5	5	29	0.0002392	20903	1	FALSE	ORF8:cds-YP_009724396.1	AGA	R	AGG	R	52
NC_045512.2	28049	A	C	20894	9573	50	2	2	34	9.568e-05	20903	0.999995	FALSE	ORF8:cds-YP_009724396.1	AGA	R	AGC	S	52
NC_045512.2	28050	A	T	21381	9590	52	1	1	34	4.67552e-05	21388	1	FALSE	ORF8:cds-YP_009724396.1	AAA	K	TAA	*	53
NC_045512.2	28050	A	G	21381	9590	52	6	5	40	0.000280531	21388	0.144508	FALSE	ORF8:cds-YP_009724396.1	AAA	K	GAA	E	53
NC_045512.2	28051	A	T	21481	9713	53	2	2	34	9.30839e-05	21486	0.999997	FALSE	ORF8:cds-YP_009724396.1	AAA	K	ATA	I	53
NC_045512.2	28051	A	G	21481	9713	53	3	2	41	0.000139626	21486	0.499978	FALSE	ORF8:cds-YP_009724396.1	AAA	K	AGA	R	53
NC_045512.2	28052	A	G	21516	9740	53	3	2	45	0.000139399	21521	0.499978	FALSE	ORF8:cds-YP_009724396.1	AAA	K	AAG	K	53
NC_045512.2	28052	A	C	21516	9740	53	2	1	30	9.29325e-05	21521	0.999997	FALSE	ORF8:cds-YP_009724396.1	AAA	K	AAC	N	53
NC_045512.2	28053	T	C	21468	9740	52	3	3	27	0.000139658	21481	1	FALSE	ORF8:cds-YP_009724396.1	TCA	S	CCA	P	54
NC_045512.2	28053	T	A	21468	9740	52	10	10	34	0.000465528	21481	0.985295	FALSE	ORF8:cds-YP_009724396.1	TCA	S	ACA	T	54
NC_045512.2	28054	C	T	21443	9713	52	7	6	34	0.000326249	21456	0.998142	FALSE	ORF8:cds-YP_009724396.1	TCA	S	TTA	L	54
NC_045512.2	28054	C	A	21443	9713	52	6	6	32	0.000279642	21456	0.999244	FALSE	ORF8:cds-YP_009724396.1	TCA	S	TAA	*	54
NC_045512.2	28055	A	T	21425	9687	53	6	4	32	0.000279864	21439	0.999243	FALSE	ORF8:cds-YP_009724396.1	TCA	S	TCT	S	54
NC_045512.2	28055	A	G	21425	9687	53	2	0	36	9.32879e-05	21439	0.999997	FALSE	ORF8:cds-YP_009724396.1	TCA	S	TCG	S	54
NC_045512.2	28055	A	C	21425	9687	53	6	6	31	0.000279864	21439	0.999243	FALSE	ORF8:cds-YP_009724396.1	TCA	S	TCC	S	54
NC_045512.2	28056	G	T	21279	9537	52	3	3	34	0.000140898	21292	0.999982	FALSE	ORF8:cds-YP_009724396.1	GCA	A	TCA	S	55
NC_045512.2	28056	G	C	21279	9537	52	3	3	31	0.000140898	21292	0.999982	FALSE	ORF8:cds-YP_009724396.1	GCA	A	CCA	P	55
NC_045512.2	28056	G	A	21279	9537	52	7	7	34	0.000328762	21292	0.998142	FALSE	ORF8:cds-YP_009724396.1	GCA	A	ACA	T	55
NC_045512.2	28057	C	G	21384	9729	53	6	5	30	0.000280452	21394	0.999245	FALSE	ORF8:cds-YP_009724396.1	GCA	A	GGA	G	55
NC_045512.2	28057	C	A	21384	9729	53	4	4	34	0.000186968	21394	0.999922	FALSE	ORF8:cds-YP_009724396.1	GCA	A	GAA	E	55
NC_045512.2	28058	A	T	21479	9722	53	2	2	34	9.30665e-05	21490	0.999997	FALSE	ORF8:cds-YP_009724396.1	GCA	A	GCT	A	55
NC_045512.2	28058	A	G	21479	9722	53	3	1	45	0.0001396	21490	0.499847	FALSE	ORF8:cds-YP_009724396.1	GCA	A	GCG	A	55
NC_045512.2	28058	A	C	21479	9722	53	6	6	32	0.0002792	21490	0.999244	FALSE	ORF8:cds-YP_009724396.1	GCA	A	GCC	A	55
NC_045512.2	28059	C	T	21861	9752	52	1	1	34	4.57226e-05	21871	1	FALSE	ORF8:cds-YP_009724396.1	CCT	P	TCT	S	56
NC_045512.2	28059	C	G	21861	9752	52	2	1	34	9.14453e-05	21871	0.999997	FALSE	ORF8:cds-YP_009724396.1	CCT	P	GCT	A	56
NC_045512.2	28059	C	A	21861	9752	52	7	7	32	0.000320059	21871	0.998144	FALSE	ORF8:cds-YP_009724396.1	CCT	P	ACT	T	56
NC_045512.2	28060	C	G	21835	9806	52	1	0	27	4.57834e-05	21842	1	FALSE	ORF8:cds-YP_009724396.1	CCT	P	CGT	R	56
NC_045512.2	28060	C	A	21835	9806	52	6	3	32	0.0002747	21842	0.999246	FALSE	ORF8:cds-YP_009724396.1	CCT	P	CAT	H	56
NC_045512.2	28061	T	G	21742	9700	52	1	0	34	4.59686e-05	21754	1	FALSE	ORF8:cds-YP_009724396.1	CCT	P	CCG	P	56
NC_045512.2	28061	T	C	21742	9700	52	10	9	39	0.000459686	21754	0.985299	FALSE	ORF8:cds-YP_009724396.1	CCT	P	CCC	P	56
NC_045512.2	28061	T	A	21742	9700	52	1	1	34	4.59686e-05	21754	1	FALSE	ORF8:cds-YP_009724396.1	CCT	P	CCA	P	56
NC_045512.2	28062	T	C	21719	9723	52	6	6	35	0.00027618	21725	0.999246	FALSE	ORF8:cds-YP_009724396.1	TTA	L	CTA	L	57
NC_045512.2	28063	T	G	21957	9816	52	1	1	34	4.55332e-05	21962	1	FALSE	ORF8:cds-YP_009724396.1	TTA	L	TGA	*	57
NC_045512.2	28063	T	C	21957	9816	52	3	3	34	0.0001366	21962	0.999982	FALSE	ORF8:cds-YP_009724396.1	TTA	L	TCA	S	57
NC_045512.2	28063	T	A	21957	9816	52	1	0	26	4.55332e-05	21962	1	FALSE	ORF8:cds-YP_009724396.1	TTA	L	TAA	*	57
NC_045512.2	28064	A	T	21986	9855	53	9	9	34	0.000409147	21997	0.991953	FALSE	ORF8:cds-YP_009724396.1	TTA	L	TTT	F	57
NC_045512.2	28064	A	G	21986	9855	53	2	0	51	9.09215e-05	21997	0.249903	FALSE	ORF8:cds-YP_009724396.1	TTA	L	TTG	L	57
NC_045512.2	28065	A	T	21993	9934	51	4	4	34	0.000181785	22004	0.999956	FALSE	ORF8:cds-YP_009724396.1	ATT	I	TTT	F	58
NC_045512.2	28065	A	G	21993	9934	51	5	2	42	0.000227231	22004	0.226451	FALSE	ORF8:cds-YP_009724396.1	ATT	I	GTT	V	58
NC_045512.2	28065	A	C	21993	9934	51	2	1	29	9.08926e-05	22004	1	FALSE	ORF8:cds-YP_009724396.1	ATT	I	CTT	L	58
NC_045512.2	28066	T	G	22280	9875	52	2	2	34	8.97183e-05	22292	0.999999	FALSE	ORF8:cds-YP_009724396.1	ATT	I	AGT	S	58
NC_045512.2	28066	T	C	22280	9875	52	3	2	49	0.000134577	22292	0.499832	FALSE	ORF8:cds-YP_009724396.1	ATT	I	ACT	T	58
NC_045512.2	28066	T	A	22280	9875	52	7	7	32	0.000314014	22292	0.998844	FALSE	ORF8:cds-YP_009724396.1	ATT	I	AAT	N	58
NC_045512.2	28067	T	G	21554	9221	50	1	0	26	4.63757e-05	21563	1	FALSE	ORF8:cds-YP_009724396.1	ATT	I	ATG	M	58
NC_045512.2	28067	T	C	21554	9221	50	3	2	38	0.000139127	21563	0.999982	FALSE	ORF8:cds-YP_009724396.1	ATT	I	ATC	I	58
NC_045512.2	28067	T	A	21554	9221	50	5	5	32	0.000231879	21563	0.999734	FALSE	ORF8:cds-YP_009724396.1	ATT	I	ATA	I	58
NC_045512.2	28068	G	T	22045	9720	52	8	8	31	0.00036273	22055	0.997395	FALSE	ORF8:cds-YP_009724396.1	GAA	E	TAA	*	59
NC_045512.2	28068	G	C	22045	9720	52	1	1	27	4.53412e-05	22055	1	FALSE	ORF8:cds-YP_009724396.1	GAA	E	CAA	Q	59
NC_045512.2	28068	G	A	22045	9720	52	1	1	34	4.53412e-05	22055	1	FALSE	ORF8:cds-YP_009724396.1	GAA	E	AAA	K	59
NC_045512.2	28069	A	T	21865	9637	52	4	4	34	0.000182849	21876	0.999922	FALSE	ORF8:cds-YP_009724396.1	GAA	E	GTA	V	59
NC_045512.2	28069	A	G	21865	9637	52	6	5	34	0.000274273	21876	0.999244	FALSE	ORF8:cds-YP_009724396.1	GAA	E	GGA	G	59
NC_045512.2	28069	A	C	21865	9637	52	1	1	26	4.57122e-05	21876	1	FALSE	ORF8:cds-YP_009724396.1	GAA	E	GCA	A	59
NC_045512.2	28070	A	T	21837	9652	52	1	1	26	4.57813e-05	21843	1	FALSE	ORF8:cds-YP_009724396.1	GAA	E	GAT	D	59
NC_045512.2	28070	A	G	21837	9652	52	3	3	34	0.000137344	21843	0.999982	FALSE	ORF8:cds-YP_009724396.1	GAA	E	GAG	E	59
NC_045512.2	28070	A	C	21837	9652	52	2	2	34	9.15625e-05	21843	0.999997	FALSE	ORF8:cds-YP_009724396.1	GAA	E	GAC	D	59
NC_045512.2	28071	T	G	21897	10005	52	2	1	34	9.12909e-05	21908	0.999997	FALSE	ORF8:cds-YP_009724396.1	TTG	L	GTG	V	60
NC_045512.2	28071	T	A	21897	10005	52	9	9	34	0.000410809	21908	0.991953	FALSE	ORF8:cds-YP_009724396.1	TTG	L	ATG	M	60
NC_045512.2	28072	T	C	21834	10013	52	3	2	45	0.000137356	21841	0.499936	FALSE	ORF8:cds-YP_009724396.1	TTG	L	TCG	S	60
NC_045512.2	28072	T	A	21834	10013	52	4	4	34	0.000183142	21841	0.999922	FALSE	ORF8:cds-YP_009724396.1	TTG	L	TAG	*	60
NC_045512.2	28073	G	T	22513	10205	51	10	9	36	0.000443931	22526	0.989984	FALSE	ORF8:cds-YP_009724396.1	TTG	L	TTT	F	60
NC_045512.2	28073	G	A	22513	10205	51	3	3	34	0.000133179	22526	0.99999	FALSE	ORF8:cds-YP_009724396.1	TTG	L	TTA	L	60
NC_045512.2	28074	T	G	22178	9980	51	5	5	34	0.000225378	22185	0.999845	FALSE	ORF8:cds-YP_009724396.1	TGC	C	GGC	G	61
NC_045512.2	28074	T	C	22178	9980	51	2	1	46	9.0151e-05	22185	0.687441	FALSE	ORF8:cds-YP_009724396.1	TGC	C	CGC	R	61
NC_045512.2	28075	G	T	22430	10047	52	6	6	34	0.000267427	22436	0.999546	FALSE	ORF8:cds-YP_009724396.1	TGC	C	TTC	F	61
NC_045512.2	28076	C	T	22272	10163	51	10	5	50	0.000448652	22289	0.000974264	TRUE	ORF8:cds-YP_009724396.1	TGC	C	TGT	C	61
NC_045512.2	28076	C	G	22272	10163	51	7	6	30	0.000314056	22289	0.998842	FALSE	ORF8:cds-YP_009724396.1	TGC	C	TGG	W	61
NC_045512.2	28077	G	C	22396	10148	52	6	6	31	0.000267809	22404	0.999545	FALSE	ORF8:cds-YP_009724396.1	GTG	V	CTG	L	62
NC_045512.2	28077	G	A	22396	10148	52	2	0	51	8.92698e-05	22404	0.249939	FALSE	ORF8:cds-YP_009724396.1	GTG	V	ATG	M	62
NC_045512.2	28078	T	G	22289	10077	50	5	5	32	0.000224245	22297	0.999845	FALSE	ORF8:cds-YP_009724396.1	GTG	V	GGG	G	62
NC_045512.2	28078	T	C	22289	10077	50	3	3	31	0.000134547	22297	0.99999	FALSE	ORF8:cds-YP_009724396.1	GTG	V	GCG	A	62
NC_045512.2	28079	G	T	22290	10208	51	5	5	34	0.000224255	22296	0.999845	FALSE	ORF8:cds-YP_009724396.1	GTG	V	GTT	V	62
NC_045512.2	28079	G	A	22290	10208	51	1	1	34	4.48511e-05	22296	1	FALSE	ORF8:cds-YP_009724396.1	GTG	V	GTA	V	62
NC_045512.2	28080	G	T	22222	10209	50	6	5	31	0.00026993	22228	0.999546	FALSE	ORF8:cds-YP_009724396.1	GAT	D	TAT	Y	63
NC_045512.2	28081	A	G	22402	10560	52	10	9	40	0.00044619	22412	0.0192781	FALSE	ORF8:cds-YP_009724396.1	GAT	D	GGT	G	63
NC_045512.2	28082	T	G	21805	10133	52	2	2	34	9.16884e-05	21813	0.999997	FALSE	ORF8:cds-YP_009724396.1	GAT	D	GAG	E	63
NC_045512.2	28082	T	C	21805	10133	52	2	1	30	9.16884e-05	21813	0.999997	FALSE	ORF8:cds-YP_009724396.1	GAT	D	GAC	D	63
NC_045512.2	28082	T	A	21805	10133	52	4	4	34	0.000183377	21813	0.999922	FALSE	ORF8:cds-YP_009724396.1	GAT	D	GAA	E	63
NC_045512.2	28083	G	T	21767	10129	52	5	5	34	0.0002296	21777	0.999734	FALSE	ORF8:cds-YP_009724396.1	GAG	E	TAG	*	64
NC_045512.2	28083	G	C	21767	10129	52	2	1	51	9.184e-05	21777	0.249914	FALSE	ORF8:cds-YP_009724396.1	GAG	E	CAG	Q	64
NC_045512.2	28083	G	A	21767	10129	52	3	3	34	0.00013776	21777	0.999982	FALSE	ORF8:cds-YP_009724396.1	GAG	E	AAG	K	64
NC_045512.2	28084	A	T	21510	10373	52	3	3	34	0.000139392	21522	0.999982	FALSE	ORF8:cds-YP_009724396.1	GAG	E	GTG	V	64
NC_045512.2	28084	A	G	21510	10373	52	8	7	42	0.000371713	21522	0.0546426	FALSE	ORF8:cds-YP_009724396.1	GAG	E	GGG	G	64
NC_045512.2	28084	A	C	21510	10373	52	1	0	34	4.64641e-05	21522	1	FALSE	ORF8:cds-YP_009724396.1	GAG	E	GCG	A	64
NC_045512.2	28085	G	C	21639	10389	53	2	2	30	9.23958e-05	21646	0.999997	FALSE	ORF8:cds-YP_009724396.1	GAG	E	GAC	D	64
NC_045512.2	28085	G	A	21639	10389	53	5	4	40	0.00023099	21646	0.226525	FALSE	ORF8:cds-YP_009724396.1	GAG	E	GAA	E	64
NC_045512.2	28086	G	C	21567	10407	53	1	1	26	4.63499e-05	21575	1	FALSE	ORF8:cds-YP_009724396.1	GCT	A	CCT	P	65
NC_045512.2	28086	G	A	21567	10407	53	7	6	30	0.00032445	21575	0.998146	FALSE	ORF8:cds-YP_009724396.1	GCT	A	ACT	T	65
NC_045512.2	28087	C	G	21487	10481	52	8	8	34	0.000372162	21496	0.995945	FALSE	ORF8:cds-YP_009724396.1	GCT	A	GGT	G	65
NC_045512.2	28087	C	A	21487	10481	52	1	1	34	4.65203e-05	21496	1	FALSE	ORF8:cds-YP_009724396.1	GCT	A	GAT	D	65
NC_045512.2	28088	T	G	21220	10197	53	3	3	34	0.000141309	21230	0.999982	FALSE	ORF8:cds-YP_009724396.1	GCT	A	GCG	A	65
NC_045512.2	28088	T	C	21220	10197	53	7	6	47	0.000329722	21230	0.0897974	FALSE	ORF8:cds-YP_009724396.1	GCT	A	GCC	A	65
NC_045512.2	28089	G	T	20669	9743	53	3	3	31	0.000145068	20680	0.999967	FALSE	ORF8:cds-YP_009724396.1	GGT	G	TGT	C	66
NC_045512.2	28089	G	C	20669	9743	53	3	3	31	0.000145068	20680	0.999967	FALSE	ORF8:cds-YP_009724396.1	GGT	G	CGT	R	66
NC_045512.2	28089	G	A	20669	9743	53	5	3	61	0.000241779	20680	0.0312236	FALSE	ORF8:cds-YP_009724396.1	GGT	G	AGT	S	66
NC_045512.2	28090	G	T	20718	9822	53	1	1	34	4.82625e-05	20720	1	FALSE	ORF8:cds-YP_009724396.1	GGT	G	GTT	V	66
NC_045512.2	28090	G	A	20718	9822	53	1	1	68	4.82625e-05	20720	0.5	FALSE	ORF8:cds-YP_009724396.1	GGT	G	GAT	D	66
NC_045512.2	28091	T	G	20737	9883	53	8	6	30	0.000385561	20749	0.993737	FALSE	ORF8:cds-YP_009724396.1	GGT	G	GGG	G	66
NC_045512.2	28091	T	C	20737	9883	53	4	1	32	0.00019278	20749	0.999862	FALSE	ORF8:cds-YP_009724396.1	GGT	G	GGC	G	66
NC_045512.2	28092	T	G	20604	9758	51	2	2	34	9.7045e-05	20609	0.999995	FALSE	ORF8:cds-YP_009724396.1	TCT	S	GCT	A	67
NC_045512.2	28092	T	C	20604	9758	51	2	1	51	9.7045e-05	20609	0.24997	FALSE	ORF8:cds-YP_009724396.1	TCT	S	CCT	P	67
NC_045512.2	28092	T	A	20604	9758	51	1	1	34	4.85225e-05	20609	1	FALSE	ORF8:cds-YP_009724396.1	TCT	S	ACT	T	67
NC_045512.2	28093	C	T	20735	9899	53	3	3	45	0.000144648	20740	0.499977	FALSE	ORF8:cds-YP_009724396.1	TCT	S	TTT	F	67
NC_045512.2	28093	C	G	20735	9899	53	2	1	34	9.6432e-05	20740	0.999995	FALSE	ORF8:cds-YP_009724396.1	TCT	S	TGT	C	67
NC_045512.2	28094	T	C	20507	9739	53	4	4	42	0.000195008	20512	0.343739	FALSE	ORF8:cds-YP_009724396.1	TCT	S	TCC	S	67
NC_045512.2	28094	T	A	20507	9739	53	1	0	24	4.8752e-05	20512	1	FALSE	ORF8:cds-YP_009724396.1	TCT	S	TCA	S	67
NC_045512.2	28095	A	T	20428	9682	53	6	6	34	0.0002936	20436	0.998756	FALSE	ORF8:cds-YP_009724396.1	AAA	K	TAA	*	68
NC_045512.2	28095	A	C	20428	9682	53	2	2	34	9.78665e-05	20436	0.999995	FALSE	ORF8:cds-YP_009724396.1	AAA	K	CAA	Q	68
NC_045512.2	28096	A	T	20393	9720	53	2	2	34	9.80633e-05	20395	0.999995	FALSE	ORF8:cds-YP_009724396.1	AAA	K	ATA	I	68
NC_045512.2	28097	A	G	20424	9705	53	3	3	43	0.000146857	20428	0.5	FALSE	ORF8:cds-YP_009724396.1	AAA	K	AAG	K	68
NC_045512.2	28097	A	C	20424	9705	53	1	1	27	4.89524e-05	20428	1	FALSE	ORF8:cds-YP_009724396.1	AAA	K	AAC	N	68
NC_045512.2	28098	T	C	20213	9635	53	1	0	60	4.94584e-05	20219	0.499951	FALSE	ORF8:cds-YP_009724396.1	TCA	S	CCA	P	69
NC_045512.2	28098	T	A	20213	9635	53	5	5	34	0.000247292	20219	0.999546	FALSE	ORF8:cds-YP_009724396.1	TCA	S	ACA	T	69
NC_045512.2	28099	C	T	19395	9135	53	4	4	42	0.000206164	19402	0.187452	FALSE	ORF8:cds-YP_009724396.1	TCA	S	TTA	L	69
NC_045512.2	28099	C	A	19395	9135	53	3	3	31	0.000154623	19402	0.99994	FALSE	ORF8:cds-YP_009724396.1	TCA	S	TAA	*	69
NC_045512.2	28100	A	T	19438	9408	54	2	2	34	0.000102854	19445	0.99999	FALSE	ORF8:cds-YP_009724396.1	TCA	S	TCT	S	69
NC_045512.2	28100	A	G	19438	9408	54	3	2	40	0.000154281	19445	0.312432	FALSE	ORF8:cds-YP_009724396.1	TCA	S	TCG	S	69
NC_045512.2	28100	A	C	19438	9408	54	2	2	34	0.000102854	19445	0.99999	FALSE	ORF8:cds-YP_009724396.1	TCA	S	TCC	S	69
NC_045512.2	28101	C	G	19300	9443	54	1	0	27	5.17974e-05	19306	1	FALSE	ORF8:cds-YP_009724396.1	CCC	P	GCC	A	70
NC_045512.2	28101	C	A	19300	9443	54	5	5	32	0.000258987	19306	0.999231	FALSE	ORF8:cds-YP_009724396.1	CCC	P	ACC	T	70
NC_045512.2	28102	C	T	19277	9478	53	1	1	34	5.18645e-05	19281	0.999999	FALSE	ORF8:cds-YP_009724396.1	CCC	P	CTC	L	70
NC_045512.2	28102	C	G	19277	9478	53	1	1	26	5.18645e-05	19281	1	FALSE	ORF8:cds-YP_009724396.1	CCC	P	CGC	R	70
NC_045512.2	28102	C	A	19277	9478	53	2	2	34	0.000103729	19281	0.99999	FALSE	ORF8:cds-YP_009724396.1	CCC	P	CAC	H	70
NC_045512.2	28103	C	T	19148	9475	53	1	1	34	5.2222e-05	19149	0.999999	FALSE	ORF8:cds-YP_009724396.1	CCC	P	CCT	P	70
NC_045512.2	28104	A	G	19067	9406	53	2	1	40	0.00010486	19073	0.499941	FALSE	ORF8:cds-YP_009724396.1	ATT	I	GTT	V	71
NC_045512.2	28104	A	C	19067	9406	53	4	4	34	0.000209721	19073	0.999757	FALSE	ORF8:cds-YP_009724396.1	ATT	I	CTT	L	71
NC_045512.2	28105	T	G	19067	9424	53	3	3	31	0.000157249	19078	0.999939	FALSE	ORF8:cds-YP_009724396.1	ATT	I	AGT	S	71
NC_045512.2	28105	T	C	19067	9424	53	7	4	39	0.000366915	19078	0.995329	FALSE	ORF8:cds-YP_009724396.1	ATT	I	ACT	T	71
NC_045512.2	28105	T	A	19067	9424	53	1	1	34	5.24164e-05	19078	0.999999	FALSE	ORF8:cds-YP_009724396.1	ATT	I	AAT	N	71
NC_045512.2	28106	T	G	19126	9760	53	1	1	34	5.22712e-05	19131	0.999999	FALSE	ORF8:cds-YP_009724396.1	ATT	I	ATG	M	71
NC_045512.2	28106	T	C	19126	9760	53	2	1	34	0.000104542	19131	0.99999	FALSE	ORF8:cds-YP_009724396.1	ATT	I	ATC	I	71
NC_045512.2	28106	T	A	19126	9760	53	2	2	30	0.000104542	19131	0.99999	FALSE	ORF8:cds-YP_009724396.1	ATT	I	ATA	I	71
NC_045512.2	28107	C	T	19113	9710	53	3	2	45	0.00015692	19118	0.312471	FALSE	ORF8:cds-YP_009724396.1	CAG	Q	TAG	*	72
NC_045512.2	28107	C	G	19113	9710	53	1	1	34	5.23067e-05	19118	0.999999	FALSE	ORF8:cds-YP_009724396.1	CAG	Q	GAG	E	72
NC_045512.2	28107	C	A	19113	9710	53	1	1	34	5.23067e-05	19118	0.999999	FALSE	ORF8:cds-YP_009724396.1	CAG	Q	AAG	K	72
NC_045512.2	28108	A	T	18880	9580	53	2	2	30	0.000105871	18891	0.99998	FALSE	ORF8:cds-YP_009724396.1	CAG	Q	CTG	L	72
NC_045512.2	28108	A	G	18880	9580	53	6	2	51	0.000317612	18891	0.0156089	FALSE	ORF8:cds-YP_009724396.1	CAG	Q	CGG	R	72
NC_045512.2	28108	A	C	18880	9580	53	3	3	34	0.000158806	18891	0.999889	FALSE	ORF8:cds-YP_009724396.1	CAG	Q	CCG	P	72
NC_045512.2	28109	G	C	26263	11831	48	5	4	34	0.000190309	26273	0.999983	FALSE	ORF8:cds-YP_009724396.1	CAG	Q	CAC	H	72
NC_045512.2	28109	G	A	26263	11831	48	5	3	40	0.000190309	26273	0.226484	FALSE	ORF8:cds-YP_009724396.1	CAG	Q	CAA	Q	72
NC_045512.2	28110	T	G	26138	11806	48	3	2	34	0.000114753	26143	0.999999	FALSE	ORF8:cds-YP_009724396.1	TAC	Y	GAC	D	73
NC_045512.2	28110	T	C	26138	11806	48	1	0	34	3.82512e-05	26143	1	FALSE	ORF8:cds-YP_009724396.1	TAC	Y	CAC	H	73
NC_045512.2	28110	T	A	26138	11806	48	1	1	34	3.82512e-05	26143	1	FALSE	ORF8:cds-YP_009724396.1	TAC	Y	AAC	N	73
NC_045512.2	28111	A	T	26017	11842	48	3	3	31	0.000115278	26024	0.999999	FALSE	ORF8:cds-YP_009724396.1	TAC	Y	TTC	F	73
NC_045512.2	28111	A	G	26017	11842	48	4	2	43	0.000153704	26024	0.343705	FALSE	ORF8:cds-YP_009724396.1	TAC	Y	TGC	C	73
NC_045512.2	28112	C	T	25867	12355	47	3	2	34	0.000115955	25872	0.999998	FALSE	ORF8:cds-YP_009724396.1	TAC	Y	TAT	Y	73
NC_045512.2	28112	C	A	25867	12355	47	2	1	34	7.73036e-05	25872	1	FALSE	ORF8:cds-YP_009724396.1	TAC	Y	TAA	*	73
NC_045512.2	28113	A	G	24552	11516	46	2	2	51	8.14498e-05	24555	0.249995	FALSE	ORF8:cds-YP_009724396.1	ATC	I	GTC	V	74
NC_045512.2	28113	A	C	24552	11516	46	1	1	34	4.07249e-05	24555	1	FALSE	ORF8:cds-YP_009724396.1	ATC	I	CTC	L	74
NC_045512.2	28114	T	G	25032	11498	47	3	1	29	0.000119818	25038	1	FALSE	ORF8:cds-YP_009724396.1	ATC	I	AGC	S	74
NC_045512.2	28114	T	C	25032	11498	47	1	1	34	3.99393e-05	25038	1	FALSE	ORF8:cds-YP_009724396.1	ATC	I	ACC	T	74
NC_045512.2	28114	T	A	25032	11498	47	2	2	34	7.98786e-05	25038	1	FALSE	ORF8:cds-YP_009724396.1	ATC	I	AAC	N	74
NC_045512.2	28115	C	T	24882	11604	47	2	1	30	8.036e-05	24888	1	FALSE	ORF8:cds-YP_009724396.1	ATC	I	ATT	I	74
NC_045512.2	28115	C	G	24882	11604	47	1	0	26	4.018e-05	24888	1	FALSE	ORF8:cds-YP_009724396.1	ATC	I	ATG	M	74
NC_045512.2	28115	C	A	24882	11604	47	3	3	28	0.00012054	24888	1	FALSE	ORF8:cds-YP_009724396.1	ATC	I	ATA	I	74
NC_045512.2	28116	G	T	24814	11519	47	2	2	34	8.05834e-05	24819	1	FALSE	ORF8:cds-YP_009724396.1	GAT	D	TAT	Y	75
NC_045512.2	28116	G	C	24814	11519	47	1	1	34	4.02917e-05	24819	1	FALSE	ORF8:cds-YP_009724396.1	GAT	D	CAT	H	75
NC_045512.2	28116	G	A	24814	11519	47	2	2	51	8.05834e-05	24819	0.249975	FALSE	ORF8:cds-YP_009724396.1	GAT	D	AAT	N	75
NC_045512.2	28117	A	T	24883	11557	47	1	1	34	4.01849e-05	24885	1	FALSE	ORF8:cds-YP_009724396.1	GAT	D	GTT	V	75
NC_045512.2	28117	A	C	24883	11557	47	1	1	34	4.01849e-05	24885	1	FALSE	ORF8:cds-YP_009724396.1	GAT	D	GCT	A	75
NC_045512.2	28118	T	G	24015	10905	46	1	1	34	4.16354e-05	24018	1	FALSE	ORF8:cds-YP_009724396.1	GAT	D	GAG	E	75
NC_045512.2	28118	T	C	24015	10905	46	1	0	34	4.16354e-05	24018	1	FALSE	ORF8:cds-YP_009724396.1	GAT	D	GAC	D	75
NC_045512.2	28118	T	A	24015	10905	46	1	1	34	4.16354e-05	24018	1	FALSE	ORF8:cds-YP_009724396.1	GAT	D	GAA	E	75
NC_045512.2	28119	A	T	24058	11174	46	1	1	34	4.15559e-05	24064	1	FALSE	ORF8:cds-YP_009724396.1	ATC	I	TTC	F	76
NC_045512.2	28119	A	C	24058	11174	46	5	3	31	0.000207779	24064	0.999948	FALSE	ORF8:cds-YP_009724396.1	ATC	I	CTC	L	76
NC_045512.2	28120	T	G	24180	11283	46	3	2	31	0.000124034	24187	0.999997	FALSE	ORF8:cds-YP_009724396.1	ATC	I	AGC	S	76
NC_045512.2	28120	T	C	24180	11283	46	3	2	56	0.000124034	24187	0.124969	FALSE	ORF8:cds-YP_009724396.1	ATC	I	ACC	T	76
NC_045512.2	28120	T	A	24180	11283	46	1	1	34	4.13445e-05	24187	1	FALSE	ORF8:cds-YP_009724396.1	ATC	I	AAC	N	76
NC_045512.2	28121	C	T	24011	11095	46	3	2	45	0.000124917	24016	0.49998	FALSE	ORF8:cds-YP_009724396.1	ATC	I	ATT	I	76
NC_045512.2	28121	C	G	24011	11095	46	1	0	34	4.16389e-05	24016	1	FALSE	ORF8:cds-YP_009724396.1	ATC	I	ATG	M	76
NC_045512.2	28121	C	A	24011	11095	46	1	1	34	4.16389e-05	24016	1	FALSE	ORF8:cds-YP_009724396.1	ATC	I	ATA	I	76
NC_045512.2	28122	G	T	23920	11030	46	1	1	34	4.1799e-05	23924	1	FALSE	ORF8:cds-YP_009724396.1	GGT	G	TGT	C	77
NC_045512.2	28122	G	C	23920	11030	46	1	1	34	4.1799e-05	23924	1	FALSE	ORF8:cds-YP_009724396.1	GGT	G	CGT	R	77
NC_045512.2	28122	G	A	23920	11030	46	2	1	30	8.35981e-05	23924	0.999999	FALSE	ORF8:cds-YP_009724396.1	GGT	G	AGT	S	77
NC_045512.2	28123	G	T	23972	10976	46	1	1	34	4.17049e-05	23978	1	FALSE	ORF8:cds-YP_009724396.1	GGT	G	GTT	V	77
NC_045512.2	28123	G	C	23972	10976	46	2	2	34	8.34098e-05	23978	0.999999	FALSE	ORF8:cds-YP_009724396.1	GGT	G	GCT	A	77
NC_045512.2	28123	G	A	23972	10976	46	3	1	45	0.000125115	23978	0.499961	FALSE	ORF8:cds-YP_009724396.1	GGT	G	GAT	D	77
NC_045512.2	28124	T	G	23751	10759	45	3	3	34	0.000126273	23758	0.999995	FALSE	ORF8:cds-YP_009724396.1	GGT	G	GGG	G	77
NC_045512.2	28124	T	C	23751	10759	45	3	1	31	0.000126273	23758	0.999995	FALSE	ORF8:cds-YP_009724396.1	GGT	G	GGC	G	77
NC_045512.2	28124	T	A	23751	10759	45	1	1	24	4.20911e-05	23758	1	FALSE	ORF8:cds-YP_009724396.1	GGT	G	GGA	G	77
NC_045512.2	28125	A	T	24292	11172	46	1	1	34	4.11573e-05	24297	1	FALSE	ORF8:cds-YP_009724396.1	AAT	N	TAT	Y	78
NC_045512.2	28125	A	G	24292	11172	46	2	1	34	8.23147e-05	24297	1	FALSE	ORF8:cds-YP_009724396.1	AAT	N	GAT	D	78
NC_045512.2	28125	A	C	24292	11172	46	2	1	30	8.23147e-05	24297	1	FALSE	ORF8:cds-YP_009724396.1	AAT	N	CAT	H	78
NC_045512.2	28126	A	T	25456	11785	46	1	0	34	3.92819e-05	25457	1	FALSE	ORF8:cds-YP_009724396.1	AAT	N	ATT	I	78
NC_045512.2	28127	T	C	25381	11540	46	1	1	34	3.93933e-05	25385	1	FALSE	ORF8:cds-YP_009724396.1	AAT	N	AAC	N	78
NC_045512.2	28127	T	A	25381	11540	46	3	3	34	0.00011818	25385	0.999998	FALSE	ORF8:cds-YP_009724396.1	AAT	N	AAA	K	78
NC_045512.2	28128	T	G	25407	11755	46	3	1	29	0.000118041	25415	1	FALSE	ORF8:cds-YP_009724396.1	TAT	Y	GAT	D	79
NC_045512.2	28128	T	C	25407	11755	46	1	1	24	3.93468e-05	25415	1	FALSE	ORF8:cds-YP_009724396.1	TAT	Y	CAT	H	79
NC_045512.2	28128	T	A	25407	11755	46	4	3	30	0.000157387	25415	0.999992	FALSE	ORF8:cds-YP_009724396.1	TAT	Y	AAT	N	79
NC_045512.2	28129	A	T	25782	11942	46	2	2	30	7.75645e-05	25785	1	FALSE	ORF8:cds-YP_009724396.1	TAT	Y	TTT	F	79
NC_045512.2	28129	A	G	25782	11942	46	1	0	38	3.87822e-05	25785	1	FALSE	ORF8:cds-YP_009724396.1	TAT	Y	TGT	C	79
NC_045512.2	28130	T	G	25579	11808	46	2	1	30	7.81708e-05	25585	1	FALSE	ORF8:cds-YP_009724396.1	TAT	Y	TAG	*	79
NC_045512.2	28130	T	C	25579	11808	46	3	0	42	0.000117256	25585	0.499963	FALSE	ORF8:cds-YP_009724396.1	TAT	Y	TAC	Y	79
NC_045512.2	28130	T	A	25579	11808	46	1	1	34	3.90854e-05	25585	1	FALSE	ORF8:cds-YP_009724396.1	TAT	Y	TAA	*	79
NC_045512.2	28131	A	T	25478	12208	45	3	2	31	0.00011773	25482	0.999998	FALSE	ORF8:cds-YP_009724396.1	ACA	T	TCA	S	80
NC_045512.2	28131	A	G	25478	12208	45	1	1	34	3.92434e-05	25482	1	FALSE	ORF8:cds-YP_009724396.1	ACA	T	GCA	A	80
NC_045512.2	28132	C	T	25591	12241	45	2	2	34	7.81403e-05	25595	1	FALSE	ORF8:cds-YP_009724396.1	ACA	T	ATA	I	80
NC_045512.2	28132	C	G	25591	12241	45	1	1	34	3.90701e-05	25595	1	FALSE	ORF8:cds-YP_009724396.1	ACA	T	AGA	R	80
NC_045512.2	28132	C	A	25591	12241	45	1	1	34	3.90701e-05	25595	1	FALSE	ORF8:cds-YP_009724396.1	ACA	T	AAA	K	80
NC_045512.2	28133	A	C	25543	12126	45	3	1	31	0.000117435	25546	0.999998	FALSE	ORF8:cds-YP_009724396.1	ACA	T	ACC	T	80
NC_045512.2	28134	G	C	26032	12198	45	1	0	34	3.84098e-05	26035	1	FALSE	ORF8:cds-YP_009724396.1	GTT	V	CTT	L	81
NC_045512.2	28134	G	A	26032	12198	45	2	2	34	7.68197e-05	26035	1	FALSE	ORF8:cds-YP_009724396.1	GTT	V	ATT	I	81
NC_045512.2	28135	T	G	24098	11133	42	5	2	30	0.000207409	24107	0.999948	FALSE	ORF8:cds-YP_009724396.1	GTT	V	GGT	G	81
NC_045512.2	28135	T	C	24098	11133	42	3	2	40	0.000124445	24107	0.499903	FALSE	ORF8:cds-YP_009724396.1	GTT	V	GCT	A	81
NC_045512.2	28135	T	A	24098	11133	42	1	1	34	4.14817e-05	24107	1	FALSE	ORF8:cds-YP_009724396.1	GTT	V	GAT	D	81
NC_045512.2	28136	T	G	24881	11655	45	2	1	34	8.03471e-05	24892	1	FALSE	ORF8:cds-YP_009724396.1	GTT	V	GTG	V	81
NC_045512.2	28136	T	C	24881	11655	45	7	4	32	0.000281215	24892	0.999562	FALSE	ORF8:cds-YP_009724396.1	GTT	V	GTC	V	81
NC_045512.2	28136	T	A	24881	11655	45	2	0	25	8.03471e-05	24892	1	FALSE	ORF8:cds-YP_009724396.1	GTT	V	GTA	V	81
NC_045512.2	28137	T	G	25048	11698	45	2	1	30	7.98403e-05	25050	1	FALSE	ORF8:cds-YP_009724396.1	TCC	S	GCC	A	82
NC_045512.2	28137	T	+C	25048	11698	45	1	0	20	3.99202e-05	25050	1	FALSE	NA	NA	NA	NA	NA	NA
NC_045512.2	28138	C	T	25078	11600	45	2	1	34	7.97385e-05	25082	1	FALSE	ORF8:cds-YP_009724396.1	TCC	S	TTC	F	82
NC_045512.2	28138	C	G	25078	11600	45	1	0	34	3.98692e-05	25082	1	FALSE	ORF8:cds-YP_009724396.1	TCC	S	TGC	C	82
NC_045512.2	28138	C	A	25078	11600	45	1	0	26	3.98692e-05	25082	1	FALSE	ORF8:cds-YP_009724396.1	TCC	S	TAC	Y	82
NC_045512.2	28139	C	T	25251	11863	45	2	2	34	7.9186e-05	25257	1	FALSE	ORF8:cds-YP_009724396.1	TCC	S	TCT	S	82
NC_045512.2	28139	C	G	25251	11863	45	3	1	26	0.000118779	25257	1	FALSE	ORF8:cds-YP_009724396.1	TCC	S	TCG	S	82
NC_045512.2	28139	C	A	25251	11863	45	1	1	24	3.9593e-05	25257	1	FALSE	ORF8:cds-YP_009724396.1	TCC	S	TCA	S	82
NC_045512.2	28140	T	G	25364	11870	45	1	0	26	3.94213e-05	25367	1	FALSE	ORF8:cds-YP_009724396.1	TGT	C	GGT	G	83
NC_045512.2	28140	T	C	25364	11870	45	1	1	34	3.94213e-05	25367	1	FALSE	ORF8:cds-YP_009724396.1	TGT	C	CGT	R	83
NC_045512.2	28140	T	A	25364	11870	45	1	1	26	3.94213e-05	25367	1	FALSE	ORF8:cds-YP_009724396.1	TGT	C	AGT	S	83
NC_045512.2	28141	G	T	25520	11850	45	3	2	29	0.000117527	25526	1	FALSE	ORF8:cds-YP_009724396.1	TGT	C	TTT	F	83
NC_045512.2	28141	G	C	25520	11850	45	2	2	30	7.83515e-05	25526	1	FALSE	ORF8:cds-YP_009724396.1	TGT	C	TCT	S	83
NC_045512.2	28141	G	A	25520	11850	45	1	1	34	3.91757e-05	25526	1	FALSE	ORF8:cds-YP_009724396.1	TGT	C	TAT	Y	83
NC_045512.2	28141	G	-T	25520	11850	45	1	0	20	3.91757e-05	25526	1	FALSE	NA	NA	NA	NA	NA	NA
NC_045512.2	28142	T	C	20823	8037	41	2	0	68	9.60384e-05	20825	0.249994	FALSE	ORF8:cds-YP_009724396.1	TGT	C	TGC	C	83
NC_045512.2	28143	T	G	23273	10525	44	2	2	34	8.59291e-05	23275	0.999999	FALSE	ORF8:cds-YP_009724396.1	TTA	L	GTA	V	84
NC_045512.2	28144	T	G	23258	10563	44	1	1	34	4.29886e-05	23262	1	FALSE	ORF8:cds-YP_009724396.1	TTA	L	TGA	*	84
NC_045512.2	28144	T	C	23258	10563	44	3	3	31	0.000128966	23262	0.999995	FALSE	ORF8:cds-YP_009724396.1	TTA	L	TCA	S	84
NC_045512.2	28145	A	G	23462	10546	44	2	2	51	8.5237e-05	23464	0.250005	FALSE	ORF8:cds-YP_009724396.1	TTA	L	TTG	L	84
NC_045512.2	28146	C	T	23440	10515	44	1	1	34	4.26603e-05	23441	1	FALSE	ORF8:cds-YP_009724396.1	CCT	P	TCT	S	85
NC_045512.2	28147	C	G	23275	10910	43	2	1	26	8.59217e-05	23277	1	FALSE	ORF8:cds-YP_009724396.1	CCT	P	CGT	R	85
NC_045512.2	28147	C	-T	23275	10910	43	2	0	20	8.59217e-05	23277	1	FALSE	NA	NA	NA	NA	NA	NA
NC_045512.2	28148	T	G	23459	11019	44	2	0	30	8.52297e-05	23466	0.999999	FALSE	ORF8:cds-YP_009724396.1	CCT	P	CCG	P	85
NC_045512.2	28148	T	C	23459	11019	44	4	3	51	0.000170459	23466	0.0624707	FALSE	ORF8:cds-YP_009724396.1	CCT	P	CCC	P	85
NC_045512.2	28148	T	A	23459	11019	44	1	1	34	4.26148e-05	23466	1	FALSE	ORF8:cds-YP_009724396.1	CCT	P	CCA	P	85
NC_045512.2	28149	T	G	21930	9551	41	3	2	28	0.000136768	21935	1	FALSE	ORF8:cds-YP_009724396.1	TTT	F	GTT	V	86
NC_045512.2	28149	T	C	21930	9551	41	1	0	34	4.55892e-05	21935	1	FALSE	ORF8:cds-YP_009724396.1	TTT	F	CTT	L	86
NC_045512.2	28149	T	A	21930	9551	41	1	1	26	4.55892e-05	21935	1	FALSE	ORF8:cds-YP_009724396.1	TTT	F	ATT	I	86
NC_045512.2	28150	T	G	23501	11052	44	2	1	26	8.50955e-05	23503	1	FALSE	ORF8:cds-YP_009724396.1	TTT	F	TGT	C	86
NC_045512.2	28151	T	G	23477	11057	44	1	0	24	4.25514e-05	23501	1	FALSE	ORF8:cds-YP_009724396.1	TTT	F	TTG	L	86
NC_045512.2	28151	T	C	23477	11057	44	23	11	42	0.000978682	23501	9.67188e-06	TRUE	ORF8:cds-YP_009724396.1	TTT	F	TTC	F	86
NC_045512.2	28152	A	T	23425	11086	44	4	3	31	0.000170685	23435	0.999975	FALSE	ORF8:cds-YP_009724396.1	ACA	T	TCA	S	87
NC_045512.2	28152	A	G	23425	11086	44	4	2	34	0.000170685	23435	0.999975	FALSE	ORF8:cds-YP_009724396.1	ACA	T	GCA	A	87
NC_045512.2	28152	A	C	23425	11086	44	2	2	30	8.53424e-05	23435	0.999999	FALSE	ORF8:cds-YP_009724396.1	ACA	T	CCA	P	87
NC_045512.2	28153	C	T	23349	11287	43	2	2	51	8.56384e-05	23354	0.249973	FALSE	ORF8:cds-YP_009724396.1	ACA	T	ATA	I	87
NC_045512.2	28153	C	G	23349	11287	43	1	0	34	4.28192e-05	23354	1	FALSE	ORF8:cds-YP_009724396.1	ACA	T	AGA	R	87
NC_045512.2	28153	C	A	23349	11287	43	2	2	34	8.56384e-05	23354	0.999999	FALSE	ORF8:cds-YP_009724396.1	ACA	T	AAA	K	87
NC_045512.2	28154	A	G	23373	11296	43	3	2	34	0.000128331	23377	0.999995	FALSE	ORF8:cds-YP_009724396.1	ACA	T	ACG	T	87
NC_045512.2	28154	A	C	23373	11296	43	1	1	34	4.27771e-05	23377	1	FALSE	ORF8:cds-YP_009724396.1	ACA	T	ACC	T	87
NC_045512.2	28155	A	T	23439	11324	43	2	2	30	8.52988e-05	23447	0.999999	FALSE	ORF8:cds-YP_009724396.1	ATT	I	TTT	F	88
NC_045512.2	28155	A	G	23439	11324	43	2	1	51	8.52988e-05	23447	0.249941	FALSE	ORF8:cds-YP_009724396.1	ATT	I	GTT	V	88
NC_045512.2	28155	A	C	23439	11324	43	4	1	32	0.000170598	23447	0.999975	FALSE	ORF8:cds-YP_009724396.1	ATT	I	CTT	L	88
NC_045512.2	28156	T	G	23107	11017	42	1	0	34	4.32676e-05	23112	1	FALSE	ORF8:cds-YP_009724396.1	ATT	I	AGT	S	88
NC_045512.2	28156	T	C	23107	11017	42	1	0	34	4.32676e-05	23112	1	FALSE	ORF8:cds-YP_009724396.1	ATT	I	ACT	T	88
NC_045512.2	28156	T	A	23107	11017	42	3	3	34	0.000129803	23112	0.999995	FALSE	ORF8:cds-YP_009724396.1	ATT	I	AAT	N	88
NC_045512.2	28157	T	C	23180	11207	42	2	2	34	8.62738e-05	23182	0.999999	FALSE	ORF8:cds-YP_009724396.1	ATT	I	ATC	I	88
NC_045512.2	28158	A	T	23448	11432	43	3	2	34	0.000127904	23455	0.999995	FALSE	ORF8:cds-YP_009724396.1	AAT	N	TAT	Y	89
NC_045512.2	28158	A	G	23448	11432	43	3	0	45	0.000127904	23455	0.49994	FALSE	ORF8:cds-YP_009724396.1	AAT	N	GAT	D	89
NC_045512.2	28158	A	C	23448	11432	43	1	1	26	4.26348e-05	23455	1	FALSE	ORF8:cds-YP_009724396.1	AAT	N	CAT	H	89
NC_045512.2	28159	A	T	22587	11513	42	2	1	30	8.85308e-05	22591	0.999999	FALSE	ORF8:cds-YP_009724396.1	AAT	N	ATT	I	89
NC_045512.2	28159	A	G	22587	11513	42	1	1	34	4.42654e-05	22591	1	FALSE	ORF8:cds-YP_009724396.1	AAT	N	AGT	S	89
NC_045512.2	28159	A	C	22587	11513	42	1	1	26	4.42654e-05	22591	1	FALSE	ORF8:cds-YP_009724396.1	AAT	N	ACT	T	89
NC_045512.2	28160	T	C	23502	11722	43	2	1	30	8.5081e-05	23507	0.999999	FALSE	ORF8:cds-YP_009724396.1	AAT	N	AAC	N	89
NC_045512.2	28160	T	A	23502	11722	43	3	3	31	0.000127622	23507	0.999995	FALSE	ORF8:cds-YP_009724396.1	AAT	N	AAA	K	89
NC_045512.2	28161	T	G	23347	11766	43	1	1	34	4.28229e-05	23352	1	FALSE	ORF8:cds-YP_009724396.1	TGC	C	GGC	G	90
NC_045512.2	28161	T	C	23347	11766	43	1	1	34	4.28229e-05	23352	1	FALSE	ORF8:cds-YP_009724396.1	TGC	C	CGC	R	90
NC_045512.2	28161	T	A	23347	11766	43	3	1	34	0.000128469	23352	0.999995	FALSE	ORF8:cds-YP_009724396.1	TGC	C	AGC	S	90
NC_045512.2	28162	G	T	23411	11680	43	7	7	31	0.000298877	23421	0.999286	FALSE	ORF8:cds-YP_009724396.1	TGC	C	TTC	F	90
NC_045512.2	28162	G	A	23411	11680	43	3	3	45	0.00012809	23421	0.49988	FALSE	ORF8:cds-YP_009724396.1	TGC	C	TAC	Y	90
NC_045512.2	28163	C	T	23422	11957	43	1	1	34	4.2684e-05	23428	1	FALSE	ORF8:cds-YP_009724396.1	TGC	C	TGT	C	90
NC_045512.2	28163	C	G	23422	11957	43	2	1	34	8.53679e-05	23428	0.999999	FALSE	ORF8:cds-YP_009724396.1	TGC	C	TGG	W	90
NC_045512.2	28163	C	A	23422	11957	43	3	0	31	0.000128052	23428	0.999995	FALSE	ORF8:cds-YP_009724396.1	TGC	C	TGA	*	90
NC_045512.2	28164	C	A	23486	11952	43	4	4	30	0.000170285	23490	0.999976	FALSE	ORF8:cds-YP_009724396.1	CAG	Q	AAG	K	91
NC_045512.2	28165	A	T	23573	12004	43	1	1	34	4.24124e-05	23578	1	FALSE	ORF8:cds-YP_009724396.1	CAG	Q	CTG	L	91
NC_045512.2	28165	A	G	23573	12004	43	1	1	26	4.24124e-05	23578	1	FALSE	ORF8:cds-YP_009724396.1	CAG	Q	CGG	R	91
NC_045512.2	28165	A	C	23573	12004	43	3	3	42	0.000127237	23578	0.49998	FALSE	ORF8:cds-YP_009724396.1	CAG	Q	CCG	P	91
NC_045512.2	28166	G	T	23467	11921	43	1	1	34	4.26021e-05	23473	1	FALSE	ORF8:cds-YP_009724396.1	CAG	Q	CAT	H	91
NC_045512.2	28166	G	C	23467	11921	43	3	3	26	0.000127806	23473	1	FALSE	ORF8:cds-YP_009724396.1	CAG	Q	CAC	H	91
NC_045512.2	28166	G	A	23467	11921	43	2	1	34	8.52043e-05	23473	0.999999	FALSE	ORF8:cds-YP_009724396.1	CAG	Q	CAA	Q	91
NC_045512.2	28167	G	T	23601	12090	43	1	0	34	4.23675e-05	23603	1	FALSE	ORF8:cds-YP_009724396.1	GAA	E	TAA	*	92
NC_045512.2	28167	G	C	23601	12090	43	1	1	34	4.23675e-05	23603	1	FALSE	ORF8:cds-YP_009724396.1	GAA	E	CAA	Q	92
NC_045512.2	28168	A	G	24037	12190	43	2	1	51	8.31981e-05	24039	0.250005	FALSE	ORF8:cds-YP_009724396.1	GAA	E	GGA	G	92
NC_045512.2	28169	A	T	24042	12247	43	2	2	34	8.3167e-05	24048	1	FALSE	ORF8:cds-YP_009724396.1	GAA	E	GAT	D	92
NC_045512.2	28169	A	G	24042	12247	43	3	1	45	0.00012475	24048	0.499961	FALSE	ORF8:cds-YP_009724396.1	GAA	E	GAG	E	92
NC_045512.2	28169	A	C	24042	12247	43	1	0	34	4.15835e-05	24048	1	FALSE	ORF8:cds-YP_009724396.1	GAA	E	GAC	D	92
NC_045512.2	28170	C	T	24576	12404	43	3	2	45	0.000122045	24581	0.499981	FALSE	ORF8:cds-YP_009724396.1	CCT	P	TCT	S	93
NC_045512.2	28170	C	G	24576	12404	43	1	0	27	4.06818e-05	24581	1	FALSE	ORF8:cds-YP_009724396.1	CCT	P	GCT	A	93
NC_045512.2	28170	C	A	24576	12404	43	1	1	34	4.06818e-05	24581	1	FALSE	ORF8:cds-YP_009724396.1	CCT	P	ACT	T	93
NC_045512.2	28171	C	T	24626	12549	44	1	1	34	4.06025e-05	24629	1	FALSE	ORF8:cds-YP_009724396.1	CCT	P	CTT	L	93
NC_045512.2	28171	C	G	24626	12549	44	1	0	34	4.06025e-05	24629	1	FALSE	ORF8:cds-YP_009724396.1	CCT	P	CGT	R	93
NC_045512.2	28171	C	A	24626	12549	44	1	1	34	4.06025e-05	24629	1	FALSE	ORF8:cds-YP_009724396.1	CCT	P	CAT	H	93
NC_045512.2	28172	T	G	24773	13045	44	2	1	34	8.07037e-05	24782	1	FALSE	ORF8:cds-YP_009724396.1	CCT	P	CCG	P	93
NC_045512.2	28172	T	C	24773	13045	44	5	3	46	0.000201759	24782	0.226496	FALSE	ORF8:cds-YP_009724396.1	CCT	P	CCC	P	93
NC_045512.2	28172	T	A	24773	13045	44	2	2	34	8.07037e-05	24782	1	FALSE	ORF8:cds-YP_009724396.1	CCT	P	CCA	P	93
NC_045512.2	28173	A	T	25078	13033	44	4	3	32	0.000159439	25088	0.999992	FALSE	ORF8:cds-YP_009724396.1	AAA	K	TAA	*	94
NC_045512.2	28173	A	G	25078	13033	44	4	3	33	0.000159439	25088	0.999992	FALSE	ORF8:cds-YP_009724396.1	AAA	K	GAA	E	94
NC_045512.2	28173	A	C	25078	13033	44	2	2	30	7.97194e-05	25088	1	FALSE	ORF8:cds-YP_009724396.1	AAA	K	CAA	Q	94
NC_045512.2	28174	A	T	25043	13121	44	1	1	34	3.99281e-05	25045	1	FALSE	ORF8:cds-YP_009724396.1	AAA	K	ATA	I	94
NC_045512.2	28174	A	C	25043	13121	44	1	0	34	3.99281e-05	25045	1	FALSE	ORF8:cds-YP_009724396.1	AAA	K	ACA	T	94
NC_045512.2	28175	A	T	24349	13084	43	1	1	34	4.10678e-05	24350	1	FALSE	ORF8:cds-YP_009724396.1	AAA	K	AAT	N	94
NC_045512.2	28176	T	C	25058	13066	44	3	3	34	0.000119694	25064	0.999998	FALSE	ORF8:cds-YP_009724396.1	TTG	L	CTG	L	95
NC_045512.2	28176	T	A	25058	13066	44	3	3	31	0.000119694	25064	0.999998	FALSE	ORF8:cds-YP_009724396.1	TTG	L	ATG	M	95
NC_045512.2	28177	T	G	24701	12919	44	4	4	32	0.000161891	24708	0.999986	FALSE	ORF8:cds-YP_009724396.1	TTG	L	TGG	W	95
NC_045512.2	28177	T	C	24701	12919	44	2	1	34	8.09454e-05	24708	1	FALSE	ORF8:cds-YP_009724396.1	TTG	L	TCG	S	95
NC_045512.2	28177	T	A	24701	12919	44	1	1	34	4.04727e-05	24708	1	FALSE	ORF8:cds-YP_009724396.1	TTG	L	TAG	*	95
NC_045512.2	28178	G	T	25778	13533	45	4	4	32	0.000155135	25784	0.999992	FALSE	ORF8:cds-YP_009724396.1	TTG	L	TTT	F	95
NC_045512.2	28178	G	A	25778	13533	45	2	1	51	7.75675e-05	25784	0.249966	FALSE	ORF8:cds-YP_009724396.1	TTG	L	TTA	L	95
NC_045512.2	28179	G	T	25121	13546	43	2	1	30	7.9602e-05	25125	1	FALSE	ORF8:cds-YP_009724396.1	GGT	G	TGT	C	96
NC_045512.2	28179	G	C	25121	13546	43	2	2	30	7.9602e-05	25125	1	FALSE	ORF8:cds-YP_009724396.1	GGT	G	CGT	R	96
NC_045512.2	28180	G	T	25329	13766	44	2	2	34	7.89422e-05	25335	1	FALSE	ORF8:cds-YP_009724396.1	GGT	G	GTT	V	96
NC_045512.2	28180	G	A	25329	13766	44	4	3	40	0.000157884	25335	0.343722	FALSE	ORF8:cds-YP_009724396.1	GGT	G	GAT	D	96
NC_045512.2	28181	T	G	25272	13918	43	1	0	27	3.95664e-05	25274	1	FALSE	ORF8:cds-YP_009724396.1	GGT	G	GGG	G	96
NC_045512.2	28181	T	C	25272	13918	43	1	1	34	3.95664e-05	25274	1	FALSE	ORF8:cds-YP_009724396.1	GGT	G	GGC	G	96
NC_045512.2	28182	A	T	24888	13626	43	2	2	30	8.03342e-05	24896	1	FALSE	ORF8:cds-YP_009724396.1	AGT	S	TGT	C	97
NC_045512.2	28182	A	G	24888	13626	43	2	0	30	8.03342e-05	24896	1	FALSE	ORF8:cds-YP_009724396.1	AGT	S	GGT	G	97
NC_045512.2	28182	A	C	24888	13626	43	4	4	30	0.000160668	24896	0.999986	FALSE	ORF8:cds-YP_009724396.1	AGT	S	CGT	R	97
NC_045512.2	28183	G	T	28099	14119	43	1	1	34	3.55834e-05	28103	1	FALSE	ORF8:cds-YP_009724396.1	AGT	S	ATT	I	97
NC_045512.2	28183	G	C	28099	14119	43	2	2	34	7.11668e-05	28103	1	FALSE	ORF8:cds-YP_009724396.1	AGT	S	ACT	T	97
NC_045512.2	28183	G	A	28099	14119	43	1	1	34	3.55834e-05	28103	1	FALSE	ORF8:cds-YP_009724396.1	AGT	S	AAT	N	97
NC_045512.2	28184	T	G	27914	13979	43	3	1	31	0.000107446	27921	1	FALSE	ORF8:cds-YP_009724396.1	AGT	S	AGG	R	97
NC_045512.2	28184	T	C	27914	13979	43	3	2	34	0.000107446	27921	1	FALSE	ORF8:cds-YP_009724396.1	AGT	S	AGC	S	97
NC_045512.2	28184	T	A	27914	13979	43	1	1	34	3.58153e-05	27921	1	FALSE	ORF8:cds-YP_009724396.1	AGT	S	AGA	R	97
NC_045512.2	28185	C	T	28371	14473	43	4	3	32	0.000140944	28380	0.999999	FALSE	ORF8:cds-YP_009724396.1	CTT	L	TTT	F	98
NC_045512.2	28185	C	G	28371	14473	43	2	0	34	7.04722e-05	28380	1	FALSE	ORF8:cds-YP_009724396.1	CTT	L	GTT	V	98
NC_045512.2	28185	C	A	28371	14473	43	3	2	28	0.000105708	28380	1	FALSE	ORF8:cds-YP_009724396.1	CTT	L	ATT	I	98
NC_045512.2	28186	T	G	28403	14514	43	3	2	31	0.000105589	28412	1	FALSE	ORF8:cds-YP_009724396.1	CTT	L	CGT	R	98
NC_045512.2	28186	T	C	28403	14514	43	6	5	31	0.000211178	28412	0.999981	FALSE	ORF8:cds-YP_009724396.1	CTT	L	CCT	P	98
NC_045512.2	28187	T	C	27995	14177	43	2	0	29	7.14311e-05	27999	1	FALSE	ORF8:cds-YP_009724396.1	CTT	L	CTC	L	98
NC_045512.2	28187	T	A	27995	14177	43	2	0	29	7.14311e-05	27999	1	FALSE	ORF8:cds-YP_009724396.1	CTT	L	CTA	L	98
NC_045512.2	28188	G	T	28564	14179	43	2	2	30	7.0006e-05	28569	1	FALSE	ORF8:cds-YP_009724396.1	GTA	V	TTA	L	99
NC_045512.2	28188	G	A	28564	14179	43	3	2	34	0.000105009	28569	1	FALSE	ORF8:cds-YP_009724396.1	GTA	V	ATA	I	99
NC_045512.2	28188	G	+T	28564	14179	43	1	0	20	3.5003e-05	28569	1	FALSE	NA	NA	NA	NA	NA	NA
NC_045512.2	28189	T	G	28593	14401	43	2	0	34	6.9935e-05	28598	1	FALSE	ORF8:cds-YP_009724396.1	GTA	V	GGA	G	99
NC_045512.2	28189	T	C	28593	14401	43	2	2	30	6.9935e-05	28598	1	FALSE	ORF8:cds-YP_009724396.1	GTA	V	GCA	A	99
NC_045512.2	28189	T	A	28593	14401	43	1	0	26	3.49675e-05	28598	1	FALSE	ORF8:cds-YP_009724396.1	GTA	V	GAA	E	99
NC_045512.2	28190	A	T	28623	14398	43	1	1	34	3.49345e-05	28625	1	FALSE	ORF8:cds-YP_009724396.1	GTA	V	GTT	V	99
NC_045512.2	28190	A	C	28623	14398	43	1	1	34	3.49345e-05	28625	1	FALSE	ORF8:cds-YP_009724396.1	GTA	V	GTC	V	99
NC_045512.2	28190	A	-G	28623	14398	43	1	0	20	3.49345e-05	28625	1	FALSE	NA	NA	NA	NA	NA	NA
NC_045512.2	28191	G	T	0	0	0	2	1	30	6.99374e-05	28597	1.06373e-06	TRUE	ORF8:cds-YP_009724396.1	GTG	V	TTG	L	100
NC_045512.2	28191	G	C	0	0	0	2	2	30	6.99374e-05	28597	1.06373e-06	TRUE	ORF8:cds-YP_009724396.1	GTG	V	CTG	L	100
NC_045512.2	28191	G	A	0	0	0	28593	14475	43	0.99986	28597	0	TRUE	ORF8:cds-YP_009724396.1	GTG	V	ATG	M	100
NC_045512.2	28192	T	G	24515	10914	43	1	0	34	4.0783e-05	24520	1	FALSE	ORF8:cds-YP_009724396.1	GTG	V	GGG	G	100
NC_045512.2	28192	T	C	24515	10914	43	3	3	34	0.000122349	24520	0.999997	FALSE	ORF8:cds-YP_009724396.1	GTG	V	GCG	A	100
NC_045512.2	28192	T	A	24515	10914	43	1	1	34	4.0783e-05	24520	1	FALSE	ORF8:cds-YP_009724396.1	GTG	V	GAG	E	100
NC_045512.2	28193	G	T	25315	11373	44	4	4	34	0.000157972	25321	0.999992	FALSE	ORF8:cds-YP_009724396.1	GTG	V	GTT	V	100
NC_045512.2	28193	G	A	25315	11373	44	2	2	51	7.89858e-05	25321	0.249965	FALSE	ORF8:cds-YP_009724396.1	GTG	V	GTA	V	100
NC_045512.2	28194	C	T	24636	11139	44	3	3	45	0.000121743	24642	0.499962	FALSE	ORF8:cds-YP_009724396.1	CGT	R	TGT	C	101
NC_045512.2	28194	C	G	24636	11139	44	2	1	30	8.11622e-05	24642	1	FALSE	ORF8:cds-YP_009724396.1	CGT	R	GGT	G	101
NC_045512.2	28194	C	A	24636	11139	44	1	1	34	4.05811e-05	24642	1	FALSE	ORF8:cds-YP_009724396.1	CGT	R	AGT	S	101
NC_045512.2	28195	G	T	25051	11182	44	3	3	34	0.000119722	25058	0.999998	FALSE	ORF8:cds-YP_009724396.1	CGT	R	CTT	L	101
NC_045512.2	28195	G	C	25051	11182	44	2	2	34	7.98148e-05	25058	1	FALSE	ORF8:cds-YP_009724396.1	CGT	R	CCT	P	101
NC_045512.2	28195	G	A	25051	11182	44	2	2	51	7.98148e-05	25058	0.249955	FALSE	ORF8:cds-YP_009724396.1	CGT	R	CAT	H	101
NC_045512.2	28196	T	G	25011	11294	44	2	1	34	7.99552e-05	25014	1	FALSE	ORF8:cds-YP_009724396.1	CGT	R	CGG	R	101
NC_045512.2	28196	T	A	25011	11294	44	1	1	34	3.99776e-05	25014	1	FALSE	ORF8:cds-YP_009724396.1	CGT	R	CGA	R	101
NC_045512.2	28196	T	+A	25011	11294	44	1	0	20	3.99776e-05	25014	1	FALSE	NA	NA	NA	NA	NA	NA
NC_045512.2	28197	T	C	24466	10809	45	2	1	30	8.17327e-05	24470	1	FALSE	ORF8:cds-YP_009724396.1	TGT	C	CGT	R	102
NC_045512.2	28197	T	A	24466	10809	45	2	2	34	8.17327e-05	24470	1	FALSE	ORF8:cds-YP_009724396.1	TGT	C	AGT	S	102
NC_045512.2	28198	G	T	24533	10817	45	1	1	34	4.07531e-05	24538	1	FALSE	ORF8:cds-YP_009724396.1	TGT	C	TTT	F	102
NC_045512.2	28198	G	C	24533	10817	45	2	2	30	8.15062e-05	24538	1	FALSE	ORF8:cds-YP_009724396.1	TGT	C	TCT	S	102
NC_045512.2	28198	G	A	24533	10817	45	2	2	34	8.15062e-05	24538	1	FALSE	ORF8:cds-YP_009724396.1	TGT	C	TAT	Y	102
NC_045512.2	28199	T	G	24059	10309	43	3	2	31	0.000124662	24065	0.999997	FALSE	ORF8:cds-YP_009724396.1	TGT	C	TGG	W	102
NC_045512.2	28199	T	C	24059	10309	43	2	2	34	8.31082e-05	24065	1	FALSE	ORF8:cds-YP_009724396.1	TGT	C	TGC	C	102
NC_045512.2	28199	T	A	24059	10309	43	1	1	34	4.15541e-05	24065	1	FALSE	ORF8:cds-YP_009724396.1	TGT	C	TGA	*	102
NC_045512.2	28200	T	C	24629	10932	45	2	2	26	8.11919e-05	24633	1	FALSE	ORF8:cds-YP_009724396.1	TCG	S	CCG	P	103
NC_045512.2	28200	T	A	24629	10932	45	2	1	30	8.11919e-05	24633	1	FALSE	ORF8:cds-YP_009724396.1	TCG	S	ACG	T	103
NC_045512.2	28201	C	T	24483	10899	45	4	4	34	0.000163345	24488	0.999986	FALSE	ORF8:cds-YP_009724396.1	TCG	S	TTG	L	103
NC_045512.2	28201	C	A	24483	10899	45	1	1	26	4.08363e-05	24488	1	FALSE	ORF8:cds-YP_009724396.1	TCG	S	TAG	*	103
NC_045512.2	28202	G	T	24154	10537	45	7	5	34	0.000289699	24163	0.999562	FALSE	ORF8:cds-YP_009724396.1	TCG	S	TCT	S	103
NC_045512.2	28202	G	C	24154	10537	45	1	1	34	4.13856e-05	24163	1	FALSE	ORF8:cds-YP_009724396.1	TCG	S	TCC	S	103
NC_045512.2	28202	G	A	24154	10537	45	1	1	34	4.13856e-05	24163	1	FALSE	ORF8:cds-YP_009724396.1	TCG	S	TCA	S	103
NC_045512.2	28203	T	G	24184	10568	45	1	1	34	4.13445e-05	24187	1	FALSE	ORF8:cds-YP_009724396.1	TTC	F	GTC	V	104
NC_045512.2	28203	T	C	24184	10568	45	2	1	51	8.2689e-05	24187	0.249995	FALSE	ORF8:cds-YP_009724396.1	TTC	F	CTC	L	104
NC_045512.2	28204	T	G	23996	10394	44	2	2	30	8.33299e-05	24001	1	FALSE	ORF8:cds-YP_009724396.1	TTC	F	TGC	C	104
NC_045512.2	28204	T	C	23996	10394	44	1	1	34	4.16649e-05	24001	1	FALSE	ORF8:cds-YP_009724396.1	TTC	F	TCC	S	104
NC_045512.2	28204	T	A	23996	10394	44	2	2	26	8.33299e-05	24001	1	FALSE	ORF8:cds-YP_009724396.1	TTC	F	TAC	Y	104
NC_045512.2	28205	C	T	24304	10810	45	3	3	31	0.000123421	24307	0.999997	FALSE	ORF8:cds-YP_009724396.1	TTC	F	TTT	F	104
NC_045512.2	28206	T	G	24124	10650	45	2	2	34	8.28775e-05	24132	1	FALSE	ORF8:cds-YP_009724396.1	TAT	Y	GAT	D	105
NC_045512.2	28206	T	C	24124	10650	45	5	3	39	0.000207194	24132	0.999948	FALSE	ORF8:cds-YP_009724396.1	TAT	Y	CAT	H	105
NC_045512.2	28206	T	A	24124	10650	45	1	1	27	4.14388e-05	24132	1	FALSE	ORF8:cds-YP_009724396.1	TAT	Y	AAT	N	105
NC_045512.2	28207	A	C	24500	10863	46	3	0	29	0.000122434	24503	1	FALSE	ORF8:cds-YP_009724396.1	TAT	Y	TCT	S	105
NC_045512.2	28208	T	C	24413	10802	46	3	2	34	0.00012286	24418	0.999997	FALSE	ORF8:cds-YP_009724396.1	TAT	Y	TAC	Y	105
NC_045512.2	28208	T	A	24413	10802	46	2	2	30	8.19068e-05	24418	1	FALSE	ORF8:cds-YP_009724396.1	TAT	Y	TAA	*	105
NC_045512.2	28209	G	T	24383	10868	45	5	5	32	0.00020501	24389	0.999948	FALSE	ORF8:cds-YP_009724396.1	GAA	E	TAA	*	106
NC_045512.2	28209	G	C	24383	10868	45	1	1	34	4.10021e-05	24389	1	FALSE	ORF8:cds-YP_009724396.1	GAA	E	CAA	Q	106
NC_045512.2	28210	A	T	24273	11307	45	1	1	34	4.11929e-05	24276	1	FALSE	ORF8:cds-YP_009724396.1	GAA	E	GTA	V	106
NC_045512.2	28210	A	G	24273	11307	45	2	1	51	8.23859e-05	24276	0.249995	FALSE	ORF8:cds-YP_009724396.1	GAA	E	GGA	G	106
NC_045512.2	28211	A	T	24259	11254	46	1	1	34	4.12099e-05	24266	1	FALSE	ORF8:cds-YP_009724396.1	GAA	E	GAT	D	106
NC_045512.2	28211	A	G	24259	11254	46	3	2	32	0.00012363	24266	0.999997	FALSE	ORF8:cds-YP_009724396.1	GAA	E	GAG	E	106
NC_045512.2	28211	A	C	24259	11254	46	3	2	29	0.00012363	24266	1	FALSE	ORF8:cds-YP_009724396.1	GAA	E	GAC	D	106
NC_045512.2	28212	G	T	24360	11213	46	4	0	36	0.00016415	24368	0.999986	FALSE	ORF8:cds-YP_009724396.1	GAC	D	TAC	Y	107
NC_045512.2	28212	G	C	24360	11213	46	2	2	34	8.20749e-05	24368	1	FALSE	ORF8:cds-YP_009724396.1	GAC	D	CAC	H	107
NC_045512.2	28212	G	A	24360	11213	46	2	2	34	8.20749e-05	24368	1	FALSE	ORF8:cds-YP_009724396.1	GAC	D	AAC	N	107
NC_045512.2	28213	A	G	24350	11498	46	1	1	34	4.10627e-05	24353	1	FALSE	ORF8:cds-YP_009724396.1	GAC	D	GGC	G	107
NC_045512.2	28213	A	C	24350	11498	46	2	2	30	8.21254e-05	24353	1	FALSE	ORF8:cds-YP_009724396.1	GAC	D	GCC	A	107
NC_045512.2	28214	C	T	24677	11659	46	1	0	20	4.05137e-05	24683	1	FALSE	ORF8:cds-YP_009724396.1	GAC	D	GAT	D	107
NC_045512.2	28214	C	A	24677	11659	46	5	5	34	0.000202569	24683	0.999948	FALSE	ORF8:cds-YP_009724396.1	GAC	D	GAA	E	107
NC_045512.2	28214	C	-T	24677	11659	46	1	0	20	4.05137e-05	24683	1	FALSE	NA	NA	NA	NA	NA	NA
NC_045512.2	28215	T	G	24496	11770	46	1	1	34	4.0813e-05	24502	1	FALSE	ORF8:cds-YP_009724396.1	TTT	F	GTT	V	108
NC_045512.2	28215	T	C	24496	11770	46	5	4	34	0.000204065	24502	0.999948	FALSE	ORF8:cds-YP_009724396.1	TTT	F	CTT	L	108
NC_045512.2	28216	T	G	24601	11947	47	1	0	34	4.06339e-05	24610	1	FALSE	ORF8:cds-YP_009724396.1	TTT	F	TGT	C	108
NC_045512.2	28216	T	C	24601	11947	47	5	3	39	0.000203169	24610	0.999948	FALSE	ORF8:cds-YP_009724396.1	TTT	F	TCT	S	108
NC_045512.2	28216	T	A	24601	11947	47	3	3	45	0.000121902	24610	0.499905	FALSE	ORF8:cds-YP_009724396.1	TTT	F	TAT	Y	108
NC_045512.2	28217	T	G	24665	11960	47	3	0	29	0.00012159	24673	1	FALSE	ORF8:cds-YP_009724396.1	TTT	F	TTG	L	108
NC_045512.2	28217	T	C	24665	11960	47	3	3	31	0.00012159	24673	0.999997	FALSE	ORF8:cds-YP_009724396.1	TTT	F	TTC	F	108
NC_045512.2	28217	T	A	24665	11960	47	2	2	34	8.10603e-05	24673	1	FALSE	ORF8:cds-YP_009724396.1	TTT	F	TTA	L	108
NC_045512.2	28218	T	C	24631	11906	47	3	2	34	0.000121763	24638	0.999997	FALSE	ORF8:cds-YP_009724396.1	TTA	L	CTA	L	109
NC_045512.2	28218	T	A	24631	11906	47	4	3	34	0.000162351	24638	0.999986	FALSE	ORF8:cds-YP_009724396.1	TTA	L	ATA	I	109
NC_045512.2	28219	T	A	24758	12243	48	2	2	34	8.07754e-05	24760	1	FALSE	ORF8:cds-YP_009724396.1	TTA	L	TAA	*	109
NC_045512.2	28220	A	T	24785	12243	48	6	5	31	0.000242014	24792	0.999838	FALSE	ORF8:cds-YP_009724396.1	TTA	L	TTT	F	109
NC_045512.2	28220	A	C	24785	12243	48	1	1	34	4.03356e-05	24792	1	FALSE	ORF8:cds-YP_009724396.1	TTA	L	TTC	F	109
NC_045512.2	28221	G	T	24844	12252	48	3	3	31	0.000120724	24850	0.999997	FALSE	ORF8:cds-YP_009724396.1	GAG	E	TAG	*	110
NC_045512.2	28221	G	C	24844	12252	48	1	1	34	4.02414e-05	24850	1	FALSE	ORF8:cds-YP_009724396.1	GAG	E	CAG	Q	110
NC_045512.2	28221	G	A	24844	12252	48	2	2	30	8.04829e-05	24850	1	FALSE	ORF8:cds-YP_009724396.1	GAG	E	AAG	K	110
NC_045512.2	28222	A	T	24331	11994	47	3	3	34	0.000123249	24341	0.999997	FALSE	ORF8:cds-YP_009724396.1	GAG	E	GTG	V	110
NC_045512.2	28222	A	G	24331	11994	47	6	3	38	0.000246498	24341	0.999838	FALSE	ORF8:cds-YP_009724396.1	GAG	E	GGG	G	110
NC_045512.2	28222	A	C	24331	11994	47	1	1	26	4.10829e-05	24341	1	FALSE	ORF8:cds-YP_009724396.1	GAG	E	GCG	A	110
NC_045512.2	28223	G	A	25286	12023	47	7	5	42	0.000276756	25293	0.089834	FALSE	ORF8:cds-YP_009724396.1	GAG	E	GAA	E	110
NC_045512.2	28224	T	G	24515	11701	46	3	3	31	0.000122334	24523	0.999997	FALSE	ORF8:cds-YP_009724396.1	TAT	Y	GAT	D	111
NC_045512.2	28224	T	C	24515	11701	46	2	2	34	8.15561e-05	24523	1	FALSE	ORF8:cds-YP_009724396.1	TAT	Y	CAT	H	111
NC_045512.2	28224	T	A	24515	11701	46	3	3	34	0.000122334	24523	0.999997	FALSE	ORF8:cds-YP_009724396.1	TAT	Y	AAT	N	111
NC_045512.2	28225	A	T	26511	12287	47	3	3	34	0.000113135	26517	0.999999	FALSE	ORF8:cds-YP_009724396.1	TAT	Y	TTT	F	111
NC_045512.2	28225	A	G	26511	12287	47	3	2	28	0.000113135	26517	1	FALSE	ORF8:cds-YP_009724396.1	TAT	Y	TGT	C	111
NC_045512.2	28226	T	G	26160	12015	46	6	4	31	0.00022927	26170	0.999944	FALSE	ORF8:cds-YP_009724396.1	TAT	Y	TAG	*	111
NC_045512.2	28226	T	C	26160	12015	46	1	1	60	3.82117e-05	26170	0.499924	FALSE	ORF8:cds-YP_009724396.1	TAT	Y	TAC	Y	111
NC_045512.2	28226	T	A	26160	12015	46	3	3	29	0.000114635	26170	1	FALSE	ORF8:cds-YP_009724396.1	TAT	Y	TAA	*	111
NC_045512.2	28227	C	T	26471	12301	47	7	6	37	0.000264321	26483	0.999838	FALSE	ORF8:cds-YP_009724396.1	CAT	H	TAT	Y	112
NC_045512.2	28227	C	G	26471	12301	47	3	1	34	0.00011328	26483	0.999999	FALSE	ORF8:cds-YP_009724396.1	CAT	H	GAT	D	112
NC_045512.2	28227	C	A	26471	12301	47	2	1	34	7.55201e-05	26483	1	FALSE	ORF8:cds-YP_009724396.1	CAT	H	AAT	N	112
NC_045512.2	28228	A	G	26441	12346	47	2	2	34	7.56144e-05	26450	1	FALSE	ORF8:cds-YP_009724396.1	CAT	H	CGT	R	112
NC_045512.2	28228	A	C	26441	12346	47	7	7	30	0.00026465	26450	0.999839	FALSE	ORF8:cds-YP_009724396.1	CAT	H	CCT	P	112
NC_045512.2	28229	T	G	26597	12588	47	1	1	34	3.75855e-05	26606	1	FALSE	ORF8:cds-YP_009724396.1	CAT	H	CAG	Q	112
NC_045512.2	28229	T	C	26597	12588	47	7	6	36	0.000263099	26606	0.999839	FALSE	ORF8:cds-YP_009724396.1	CAT	H	CAC	H	112
NC_045512.2	28229	T	A	26597	12588	47	1	1	26	3.75855e-05	26606	1	FALSE	ORF8:cds-YP_009724396.1	CAT	H	CAA	Q	112
NC_045512.2	28230	G	T	26077	12514	47	7	7	32	0.000268333	26087	0.999839	FALSE	ORF8:cds-YP_009724396.1	GAC	D	TAC	Y	113
NC_045512.2	28230	G	C	26077	12514	47	2	2	30	7.66665e-05	26087	1	FALSE	ORF8:cds-YP_009724396.1	GAC	D	CAC	H	113
NC_045512.2	28230	G	A	26077	12514	47	1	1	34	3.83333e-05	26087	1	FALSE	ORF8:cds-YP_009724396.1	GAC	D	AAC	N	113
NC_045512.2	28231	A	T	25966	12617	45	2	2	34	7.69941e-05	25976	1	FALSE	ORF8:cds-YP_009724396.1	GAC	D	GTC	V	113
NC_045512.2	28231	A	G	25966	12617	45	7	7	34	0.00026948	25976	0.999733	FALSE	ORF8:cds-YP_009724396.1	GAC	D	GGC	G	113
NC_045512.2	28231	A	C	25966	12617	45	1	1	27	3.84971e-05	25976	1	FALSE	ORF8:cds-YP_009724396.1	GAC	D	GCC	A	113
NC_045512.2	28232	C	T	25169	11766	47	2	2	34	7.9425e-05	25181	1	FALSE	ORF8:cds-YP_009724396.1	GAC	D	GAT	D	113
NC_045512.2	28232	C	G	25169	11766	47	2	1	30	7.9425e-05	25181	1	FALSE	ORF8:cds-YP_009724396.1	GAC	D	GAG	E	113
NC_045512.2	28232	C	A	25169	11766	47	8	8	32	0.0003177	25181	0.999342	FALSE	ORF8:cds-YP_009724396.1	GAC	D	GAA	E	113
NC_045512.2	28233	G	C	25133	11778	47	2	2	30	7.95482e-05	25142	1	FALSE	ORF8:cds-YP_009724396.1	GTT	V	CTT	L	114
NC_045512.2	28233	G	A	25133	11778	47	7	6	43	0.000278419	25142	0.0898144	FALSE	ORF8:cds-YP_009724396.1	GTT	V	ATT	I	114
NC_045512.2	28234	T	G	22907	9803	46	5	3	30	0.000218198	22915	0.999845	FALSE	ORF8:cds-YP_009724396.1	GTT	V	GGT	G	114
NC_045512.2	28234	T	C	22907	9803	46	1	0	34	4.36395e-05	22915	1	FALSE	ORF8:cds-YP_009724396.1	GTT	V	GCT	A	114
NC_045512.2	28234	T	A	22907	9803	46	2	2	34	8.72791e-05	22915	0.999999	FALSE	ORF8:cds-YP_009724396.1	GTT	V	GAT	D	114
NC_045512.2	28235	T	C	23648	10772	49	4	4	40	0.000169119	23652	0.34376	FALSE	ORF8:cds-YP_009724396.1	GTT	V	GTC	V	114
NC_045512.2	28236	C	T	23405	10635	49	6	5	34	0.000256246	23415	0.999728	FALSE	ORF8:cds-YP_009724396.1	CGT	R	TGT	C	115
NC_045512.2	28236	C	G	23405	10635	49	3	3	31	0.000128123	23415	0.999995	FALSE	ORF8:cds-YP_009724396.1	CGT	R	GGT	G	115
NC_045512.2	28236	C	A	23405	10635	49	1	0	20	4.27077e-05	23415	1	FALSE	ORF8:cds-YP_009724396.1	CGT	R	AGT	S	115
NC_045512.2	28237	G	T	23488	10707	49	1	1	34	4.25641e-05	23494	1	FALSE	ORF8:cds-YP_009724396.1	CGT	R	CTT	L	115
NC_045512.2	28237	G	C	23488	10707	49	3	3	31	0.000127692	23494	0.999995	FALSE	ORF8:cds-YP_009724396.1	CGT	R	CCT	P	115
NC_045512.2	28237	G	A	23488	10707	49	2	1	31	8.51281e-05	23494	0.999999	FALSE	ORF8:cds-YP_009724396.1	CGT	R	CAT	H	115
NC_045512.2	28238	T	G	23352	10732	48	6	6	32	0.000256827	23362	0.999728	FALSE	ORF8:cds-YP_009724396.1	CGT	R	CGG	R	115
NC_045512.2	28238	T	C	23352	10732	48	2	2	51	8.56091e-05	23362	0.24992	FALSE	ORF8:cds-YP_009724396.1	CGT	R	CGC	R	115
NC_045512.2	28238	T	A	23352	10732	48	2	1	29	8.56091e-05	23362	1	FALSE	ORF8:cds-YP_009724396.1	CGT	R	CGA	R	115
NC_045512.2	28239	G	T	23426	10638	49	7	7	32	0.000298686	23436	0.999286	FALSE	ORF8:cds-YP_009724396.1	GTT	V	TTT	F	116
NC_045512.2	28239	G	C	23426	10638	49	1	1	34	4.26694e-05	23436	1	FALSE	ORF8:cds-YP_009724396.1	GTT	V	CTT	L	116
NC_045512.2	28239	G	A	23426	10638	49	2	2	34	8.53388e-05	23436	0.999999	FALSE	ORF8:cds-YP_009724396.1	GTT	V	ATT	I	116
NC_045512.2	28240	T	G	23346	10759	49	5	3	34	0.000214087	23355	0.99991	FALSE	ORF8:cds-YP_009724396.1	GTT	V	GGT	G	116
NC_045512.2	28240	T	C	23346	10759	49	1	0	68	4.28174e-05	23355	0.499925	FALSE	ORF8:cds-YP_009724396.1	GTT	V	GCT	A	116
NC_045512.2	28240	T	A	23346	10759	49	3	3	28	0.000128452	23355	1	FALSE	ORF8:cds-YP_009724396.1	GTT	V	GAT	D	116
NC_045512.2	28240	T	-TG	23346	10759	49	1	0	20	4.28174e-05	23355	1	FALSE	NA	NA	NA	NA	NA	NA
NC_045512.2	28241	T	G	22902	10766	49	4	3	32	0.000174581	22912	0.999956	FALSE	ORF8:cds-YP_009724396.1	GTT	V	GTG	V	116
NC_045512.2	28241	T	C	22902	10766	49	4	0	37	0.000174581	22912	0.999956	FALSE	ORF8:cds-YP_009724396.1	GTT	V	GTC	V	116
NC_045512.2	28241	T	A	22902	10766	49	2	2	30	8.72905e-05	22912	0.999999	FALSE	ORF8:cds-YP_009724396.1	GTT	V	GTA	V	116
NC_045512.2	28242	G	T	24209	10883	48	5	5	34	0.000206484	24215	0.999948	FALSE	ORF8:cds-YP_009724396.1	GTT	V	TTT	F	117
NC_045512.2	28242	G	C	24209	10883	48	1	1	34	4.12967e-05	24215	1	FALSE	ORF8:cds-YP_009724396.1	GTT	V	CTT	L	117
NC_045512.2	28242	G	-T	24209	10883	48	2	0	20	8.259e-05	24216	1	FALSE	NA	NA	NA	NA	NA	NA
NC_045512.2	28243	T	G	24035	10711	48	7	5	32	0.000291133	24044	0.999562	FALSE	ORF8:cds-YP_009724396.1	GTT	V	GGT	G	117
NC_045512.2	28243	T	C	24035	10711	48	1	1	26	4.15904e-05	24044	1	FALSE	ORF8:cds-YP_009724396.1	GTT	V	GCT	A	117
NC_045512.2	28243	T	A	24035	10711	48	1	0	34	4.15904e-05	24044	1	FALSE	ORF8:cds-YP_009724396.1	GTT	V	GAT	D	117
NC_045512.2	28244	T	G	24023	10694	48	4	3	28	0.000166452	24031	1	FALSE	ORF8:cds-YP_009724396.1	GTT	V	GTG	V	117
NC_045512.2	28244	T	C	24023	10694	48	4	3	32	0.000166452	24031	0.999986	FALSE	ORF8:cds-YP_009724396.1	GTT	V	GTC	V	117
NC_045512.2	28245	T	G	24162	11176	49	6	4	30	0.000248231	24171	0.999838	FALSE	ORF8:cds-YP_009724396.1	TTA	L	GTA	V	118
NC_045512.2	28245	T	C	24162	11176	49	3	1	42	0.000124116	24171	0.499903	FALSE	ORF8:cds-YP_009724396.1	TTA	L	CTA	L	118
NC_045512.2	28246	T	G	24189	11488	49	1	1	34	4.1336e-05	24192	1	FALSE	ORF8:cds-YP_009724396.1	TTA	L	TGA	*	118
NC_045512.2	28246	T	C	24189	11488	49	2	0	51	8.2672e-05	24192	0.249995	FALSE	ORF8:cds-YP_009724396.1	TTA	L	TCA	S	118
NC_045512.2	28247	A	T	24168	11496	49	8	8	32	0.000330893	24177	0.998952	FALSE	ORF8:cds-YP_009724396.1	TTA	L	TTT	F	118
NC_045512.2	28247	A	G	24168	11496	49	1	1	34	4.13616e-05	24177	1	FALSE	ORF8:cds-YP_009724396.1	TTA	L	TTG	L	118
NC_045512.2	28248	G	T	24443	11492	49	3	3	31	0.000122699	24450	0.999997	FALSE	ORF8:cds-YP_009724396.1	GAT	D	TAT	Y	119
NC_045512.2	28248	G	C	24443	11492	49	1	1	26	4.08998e-05	24450	1	FALSE	ORF8:cds-YP_009724396.1	GAT	D	CAT	H	119
NC_045512.2	28248	G	A	24443	11492	49	3	3	34	0.000122699	24450	0.999997	FALSE	ORF8:cds-YP_009724396.1	GAT	D	AAT	N	119
NC_045512.2	28249	A	T	23705	11604	48	6	5	32	0.000252983	23717	0.999727	FALSE	ORF8:cds-YP_009724396.1	GAT	D	GTT	V	119
NC_045512.2	28249	A	G	23705	11604	48	6	5	37	0.000252983	23717	0.999727	FALSE	ORF8:cds-YP_009724396.1	GAT	D	GGT	G	119
NC_045512.2	28250	T	G	24436	11576	49	1	1	34	4.09048e-05	24447	1	FALSE	ORF8:cds-YP_009724396.1	GAT	D	GAG	E	119
NC_045512.2	28250	T	C	24436	11576	49	2	2	47	8.18096e-05	24447	0.687385	FALSE	ORF8:cds-YP_009724396.1	GAT	D	GAC	D	119
NC_045512.2	28250	T	A	24436	11576	49	8	8	33	0.000327239	24447	0.998951	FALSE	ORF8:cds-YP_009724396.1	GAT	D	GAA	E	119
NC_045512.2	28251	T	G	22628	10043	49	3	3	34	0.000132532	22636	0.99999	FALSE	ORF8:cds-YP_009724396.1	TTC	F	GTC	V	120
NC_045512.2	28251	T	C	22628	10043	49	4	4	33	0.00017671	22636	0.999956	FALSE	ORF8:cds-YP_009724396.1	TTC	F	CTC	L	120
NC_045512.2	28251	T	A	22628	10043	49	1	1	34	4.41774e-05	22636	1	FALSE	ORF8:cds-YP_009724396.1	TTC	F	ATC	I	120
NC_045512.2	28252	T	G	23018	10770	50	3	3	31	0.000130304	23023	0.999995	FALSE	ORF8:cds-YP_009724396.1	TTC	F	TGC	C	120
NC_045512.2	28252	T	A	23018	10770	50	2	2	34	8.68697e-05	23023	0.999999	FALSE	ORF8:cds-YP_009724396.1	TTC	F	TAC	Y	120
NC_045512.2	28253	C	T	23201	10839	51	9	9	36	0.000387714	23213	0.996507	FALSE	ORF8:cds-YP_009724396.1	TTC	F	TTT	F	120
NC_045512.2	28253	C	G	23201	10839	51	2	2	34	8.61586e-05	23213	0.999999	FALSE	ORF8:cds-YP_009724396.1	TTC	F	TTG	L	120
NC_045512.2	28253	C	A	23201	10839	51	1	1	34	4.30793e-05	23213	1	FALSE	ORF8:cds-YP_009724396.1	TTC	F	TTA	L	120
NC_045512.2	28254	A	T	23117	10834	50	4	4	34	0.000172973	23125	0.999975	FALSE	ORF8:cds-YP_009724396.1	ATC	I	TTC	F	121
NC_045512.2	28254	A	C	23117	10834	50	4	4	34	0.000172973	23125	0.999975	FALSE	ORF8:cds-YP_009724396.1	ATC	I	CTC	L	121
NC_045512.2	28255	T	G	22965	11079	49	1	1	34	4.35294e-05	22973	1	FALSE	ORF8:cds-YP_009724396.1	ATC	I	AGC	S	121
NC_045512.2	28255	T	C	22965	11079	49	2	2	34	8.70587e-05	22973	0.999999	FALSE	ORF8:cds-YP_009724396.1	ATC	I	ACC	T	121
NC_045512.2	28255	T	A	22965	11079	49	5	5	34	0.000217647	22973	0.999845	FALSE	ORF8:cds-YP_009724396.1	ATC	I	AAC	N	121
NC_045512.2	28256	C	T	23079	11321	49	6	6	32	0.000259864	23089	0.999728	FALSE	ORF8:cds-YP_009724396.1	ATC	I	ATT	I	121
NC_045512.2	28256	C	G	23079	11321	49	1	1	34	4.33107e-05	23089	1	FALSE	ORF8:cds-YP_009724396.1	ATC	I	ATG	M	121
NC_045512.2	28256	C	A	23079	11321	49	3	3	34	0.000129932	23089	0.999995	FALSE	ORF8:cds-YP_009724396.1	ATC	I	ATA	I	121
NC_045512.2	28257	T	G	22863	11149	50	2	0	26	8.74355e-05	22874	1	FALSE	ORF8:cds-YP_009724396.1	TAA	*	GAA	E	122
NC_045512.2	28257	T	C	22863	11149	50	5	5	34	0.000218589	22874	0.999845	FALSE	ORF8:cds-YP_009724396.1	TAA	*	CAA	Q	122
NC_045512.2	28257	T	A	22863	11149	50	4	4	32	0.000174871	22874	0.999956	FALSE	ORF8:cds-YP_009724396.1	TAA	*	AAA	K	122
NC_045512.2	28258	A	T	22763	11244	50	8	8	33	0.000351247	22776	0.997392	FALSE	ORF8:cds-YP_009724396.1	TAA	*	TTA	L	122
NC_045512.2	28258	A	G	22763	11244	50	4	3	51	0.000175623	22776	0.0624479	FALSE	ORF8:cds-YP_009724396.1	TAA	*	TGA	*	122
NC_045512.2	28258	A	C	22763	11244	50	1	1	34	4.39059e-05	22776	1	FALSE	ORF8:cds-YP_009724396.1	TAA	*	TCA	S	122
NC_045512.2	28259	A	T	22771	11359	50	3	3	31	0.000131694	22780	0.99999	FALSE	ORF8:cds-YP_009724396.1	TAA	*	TAT	Y	122
NC_045512.2	28259	A	G	22771	11359	50	3	1	45	0.000131694	22780	0.499897	FALSE	ORF8:cds-YP_009724396.1	TAA	*	TAG	*	122
NC_045512.2	28259	A	C	22771	11359	50	3	3	31	0.000131694	22780	0.99999	FALSE	ORF8:cds-YP_009724396.1	TAA	*	TAC	Y	122
NC_045512.2	28260	A	T	21938	12270	47	3	3	31	0.000136693	21947	0.999982	FALSE	NA	NA	NA	NA	NA	NA
NC_045512.2	28260	A	G	21938	12270	47	5	4	32	0.000227822	21947	0.999734	FALSE	NA	NA	NA	NA	NA	NA
NC_045512.2	28260	A	C	21938	12270	47	1	1	34	4.55643e-05	21947	1	FALSE	NA	NA	NA	NA	NA	NA
NC_045512.2	28261	C	T	23117	12294	51	4	3	42	0.000172951	23128	0.343618	FALSE	NA	NA	NA	NA	NA	NA
NC_045512.2	28261	C	G	23117	12294	51	1	1	34	4.32376e-05	23128	1	FALSE	NA	NA	NA	NA	NA	NA
NC_045512.2	28261	C	A	23117	12294	51	6	6	32	0.000259426	23128	0.999728	FALSE	NA	NA	NA	NA	NA	NA
NC_045512.2	28262	G	T	22954	12141	51	4	4	34	0.000174171	22966	0.999956	FALSE	NA	NA	NA	NA	NA	NA
NC_045512.2	28262	G	C	22954	12141	51	4	4	34	0.000174171	22966	0.999956	FALSE	NA	NA	NA	NA	NA	NA
NC_045512.2	28262	G	A	22954	12141	51	4	4	34	0.000174171	22966	0.999956	FALSE	NA	NA	NA	NA	NA	NA
NC_045512.2	28263	A	T	23114	12483	51	3	2	28	0.000129707	23129	1	FALSE	NA	NA	NA	NA	NA	NA
NC_045512.2	28263	A	G	23114	12483	51	10	7	43	0.000432358	23129	0.019261	FALSE	NA	NA	NA	NA	NA	NA
NC_045512.2	28263	A	C	23114	12483	51	2	2	30	8.64715e-05	23129	0.999999	FALSE	NA	NA	NA	NA	NA	NA
NC_045512.2	28264	A	T	22694	12519	50	3	3	34	0.000132124	22706	0.99999	FALSE	NA	NA	NA	NA	NA	NA
NC_045512.2	28264	A	G	22694	12519	50	3	2	45	0.000132124	22706	0.499835	FALSE	NA	NA	NA	NA	NA	NA
NC_045512.2	28264	A	C	22694	12519	50	6	5	28	0.000264247	22706	1	FALSE	NA	NA	NA	NA	NA	NA
NC_045512.2	28265	C	T	23179	12573	51	4	3	34	0.000172466	23193	0.999975	FALSE	NA	NA	NA	NA	NA	NA
NC_045512.2	28265	C	G	23179	12573	51	2	2	34	8.62329e-05	23193	0.999999	FALSE	NA	NA	NA	NA	NA	NA
NC_045512.2	28265	C	A	23179	12573	51	8	8	32	0.000344932	23193	0.998338	FALSE	NA	NA	NA	NA	NA	NA
NC_045512.2	28266	A	T	22849	12355	50	2	2	30	8.74814e-05	22862	0.999999	FALSE	NA	NA	NA	NA	NA	NA
NC_045512.2	28266	A	G	22849	12355	50	4	3	49	0.000174963	22862	0.343576	FALSE	NA	NA	NA	NA	NA	NA
NC_045512.2	28266	A	C	22849	12355	50	7	7	32	0.000306185	22862	0.998843	FALSE	NA	NA	NA	NA	NA	NA
NC_045512.2	28267	A	T	23319	12621	51	4	4	34	0.000171475	23327	0.999975	FALSE	NA	NA	NA	NA	NA	NA
NC_045512.2	28267	A	G	23319	12621	51	3	3	34	0.000128606	23327	0.999995	FALSE	NA	NA	NA	NA	NA	NA
NC_045512.2	28267	A	C	23319	12621	51	1	1	34	4.28688e-05	23327	1	FALSE	NA	NA	NA	NA	NA	NA
NC_045512.2	28268	A	T	23123	12737	48	3	3	34	0.000129696	23131	0.999995	FALSE	NA	NA	NA	NA	NA	NA
NC_045512.2	28268	A	G	23123	12737	48	2	2	47	8.64641e-05	23131	0.687427	FALSE	NA	NA	NA	NA	NA	NA
NC_045512.2	28268	A	C	23123	12737	48	3	3	29	0.000129696	23131	1	FALSE	NA	NA	NA	NA	NA	NA
NC_045512.2	28269	C	T	24229	12812	51	4	4	32	0.000164996	24243	0.999986	FALSE	NA	NA	NA	NA	NA	NA
NC_045512.2	28269	C	A	24229	12812	51	10	10	33	0.00041249	24243	0.995486	FALSE	NA	NA	NA	NA	NA	NA
NC_045512.2	28270	T	G	24144	12728	51	3	3	31	0.000124172	24160	0.999997	FALSE	NA	NA	NA	NA	NA	NA
NC_045512.2	28270	T	C	24144	12728	51	8	8	32	0.000331126	24160	0.998949	FALSE	NA	NA	NA	NA	NA	NA
NC_045512.2	28270	T	A	24144	12728	51	5	5	34	0.000206954	24160	0.999948	FALSE	NA	NA	NA	NA	NA	NA
NC_045512.2	28271	A	T	3	3	34	24160	12817	51	0.999586	24170	0	TRUE	NA	NA	NA	NA	NA	NA
NC_045512.2	28271	A	G	3	3	34	5	3	32	0.000206868	24170	9.64074e-14	TRUE	NA	NA	NA	NA	NA	NA
NC_045512.2	28271	A	C	3	3	34	2	2	51	8.27472e-05	24170	3.42256e-08	TRUE	NA	NA	NA	NA	NA	NA
NC_045512.2	28272	A	T	24169	12795	51	8	7	34	0.000330825	24182	0.998951	FALSE	NA	NA	NA	NA	NA	NA
NC_045512.2	28272	A	G	24169	12795	51	2	1	29	8.27061e-05	24182	1	FALSE	NA	NA	NA	NA	NA	NA
NC_045512.2	28272	A	C	24169	12795	51	3	3	31	0.000124059	24182	0.999997	FALSE	NA	NA	NA	NA	NA	NA
NC_045512.2	28273	A	T	24032	12862	51	5	4	32	0.000207978	24041	0.999948	FALSE	NA	NA	NA	NA	NA	NA
NC_045512.2	28273	A	G	24032	12862	51	2	2	30	8.31912e-05	24041	1	FALSE	NA	NA	NA	NA	NA	NA
NC_045512.2	28273	A	C	24032	12862	51	2	2	34	8.31912e-05	24041	1	FALSE	NA	NA	NA	NA	NA	NA
NC_045512.2	28274	A	T	23682	12844	50	4	4	34	0.000168848	23690	0.999975	FALSE	N:cds-YP_009724397.2	ATG	M	TTG	L	1
NC_045512.2	28274	A	G	23682	12844	50	3	2	27	0.000126636	23690	1	FALSE	N:cds-YP_009724397.2	ATG	M	GTG	V	1
NC_045512.2	28274	A	C	23682	12844	50	1	1	26	4.22119e-05	23690	1	FALSE	N:cds-YP_009724397.2	ATG	M	CTG	L	1
NC_045512.2	28275	T	G	24173	13009	51	2	2	34	8.26925e-05	24186	1	FALSE	N:cds-YP_009724397.2	ATG	M	AGG	R	1
NC_045512.2	28275	T	C	24173	13009	51	2	1	40	8.26925e-05	24186	0.687353	FALSE	N:cds-YP_009724397.2	ATG	M	ACG	T	1
NC_045512.2	28275	T	A	24173	13009	51	9	9	32	0.000372116	24186	0.997728	FALSE	N:cds-YP_009724397.2	ATG	M	AAG	K	1
NC_045512.2	28276	G	T	24184	13020	51	7	7	32	0.000289304	24196	0.999562	FALSE	N:cds-YP_009724397.2	ATG	M	ATT	I	1
NC_045512.2	28276	G	C	24184	13020	51	1	0	68	4.13291e-05	24196	0.499897	FALSE	N:cds-YP_009724397.2	ATG	M	ATC	I	1
NC_045512.2	28276	G	A	24184	13020	51	4	4	40	0.000165317	24196	0.343605	FALSE	N:cds-YP_009724397.2	ATG	M	ATA	I	1
NC_045512.2	28277	T	G	23271	12578	50	5	5	34	0.000214786	23279	0.99991	FALSE	N:cds-YP_009724397.2	TCT	S	GCT	A	2
NC_045512.2	28277	T	A	23271	12578	50	3	3	34	0.000128872	23279	0.999995	FALSE	N:cds-YP_009724397.2	TCT	S	ACT	T	2
NC_045512.2	28278	C	T	23278	12763	51	11	10	36	0.000472225	23294	0.987857	FALSE	N:cds-YP_009724397.2	TCT	S	TTT	F	2
NC_045512.2	28278	C	G	23278	12763	51	2	1	30	8.5859e-05	23294	0.999999	FALSE	N:cds-YP_009724397.2	TCT	S	TGT	C	2
NC_045512.2	28278	C	A	23278	12763	51	3	3	34	0.000128789	23294	0.999995	FALSE	N:cds-YP_009724397.2	TCT	S	TAT	Y	2
NC_045512.2	28279	T	G	23279	12688	51	4	4	34	0.000171718	23294	0.999975	FALSE	N:cds-YP_009724397.2	TCT	S	TCG	S	2
NC_045512.2	28279	T	C	23279	12688	51	9	8	42	0.000386366	23294	0.0326733	FALSE	N:cds-YP_009724397.2	TCT	S	TCC	S	2
NC_045512.2	28279	T	A	23279	12688	51	2	1	51	8.5859e-05	23294	0.249866	FALSE	N:cds-YP_009724397.2	TCT	S	TCA	S	2
NC_045512.2	28280	G	T	23393	12771	51	10	10	31	0.000427223	23407	0.993244	FALSE	N:cds-YP_009724397.2	GAT	D	TAT	Y	3
NC_045512.2	28280	G	C	23393	12771	51	2	2	34	8.54445e-05	23407	0.999999	FALSE	N:cds-YP_009724397.2	GAT	D	CAT	H	3
NC_045512.2	28280	G	A	23393	12771	51	2	2	34	8.54445e-05	23407	0.999999	FALSE	N:cds-YP_009724397.2	GAT	D	AAT	N	3
NC_045512.2	28281	A	T	23654	12871	51	4	3	32	0.000169005	23668	0.999975	FALSE	N:cds-YP_009724397.2	GAT	D	GTT	V	3
NC_045512.2	28281	A	G	23654	12871	51	6	6	34	0.000253507	23668	0.999727	FALSE	N:cds-YP_009724397.2	GAT	D	GGT	G	3
NC_045512.2	28281	A	C	23654	12871	51	4	4	32	0.000169005	23668	0.999975	FALSE	N:cds-YP_009724397.2	GAT	D	GCT	A	3
NC_045512.2	28282	T	G	23514	12733	50	3	3	34	0.000127513	23527	0.999995	FALSE	N:cds-YP_009724397.2	GAT	D	GAG	E	3
NC_045512.2	28282	T	C	23514	12733	50	5	4	47	0.000212522	23527	0.226423	FALSE	N:cds-YP_009724397.2	GAT	D	GAC	D	3
NC_045512.2	28282	T	A	23514	12733	50	5	5	34	0.000212522	23527	0.99991	FALSE	N:cds-YP_009724397.2	GAT	D	GAA	E	3
NC_045512.2	28283	A	T	23345	12839	50	8	7	30	0.000342436	23362	0.998337	FALSE	N:cds-YP_009724397.2	AAT	N	TAT	Y	4
NC_045512.2	28283	A	G	23345	12839	50	7	5	37	0.000299632	23362	0.999284	FALSE	N:cds-YP_009724397.2	AAT	N	GAT	D	4
NC_045512.2	28283	A	C	23345	12839	50	2	2	30	8.56091e-05	23362	0.999999	FALSE	N:cds-YP_009724397.2	AAT	N	CAT	H	4
NC_045512.2	28284	A	T	23565	12933	50	4	4	32	0.000169686	23573	0.999975	FALSE	N:cds-YP_009724397.2	AAT	N	ATT	I	4
NC_045512.2	28284	A	G	23565	12933	50	2	0	51	8.48428e-05	23573	0.249942	FALSE	N:cds-YP_009724397.2	AAT	N	AGT	S	4
NC_045512.2	28284	A	C	23565	12933	50	2	2	30	8.48428e-05	23573	0.999999	FALSE	N:cds-YP_009724397.2	AAT	N	ACT	T	4
NC_045512.2	28285	T	G	23258	12898	50	3	3	31	0.000128927	23269	0.999995	FALSE	N:cds-YP_009724397.2	AAT	N	AAG	K	4
NC_045512.2	28285	T	C	23258	12898	50	2	2	34	8.59513e-05	23269	0.999999	FALSE	N:cds-YP_009724397.2	AAT	N	AAC	N	4
NC_045512.2	28285	T	A	23258	12898	50	6	6	31	0.000257854	23269	0.999728	FALSE	N:cds-YP_009724397.2	AAT	N	AAA	K	4
NC_045512.2	28286	G	T	23128	12780	50	12	12	32	0.000518426	23147	0.97952	FALSE	N:cds-YP_009724397.2	GGA	G	TGA	*	5
NC_045512.2	28286	G	C	23128	12780	50	2	2	30	8.64043e-05	23147	0.999999	FALSE	N:cds-YP_009724397.2	GGA	G	CGA	R	5
NC_045512.2	28286	G	A	23128	12780	50	5	5	34	0.000216011	23147	0.99991	FALSE	N:cds-YP_009724397.2	GGA	G	AGA	R	5
NC_045512.2	28287	G	T	23147	13011	50	4	4	34	0.000172734	23157	0.999975	FALSE	N:cds-YP_009724397.2	GGA	G	GTA	V	5
NC_045512.2	28287	G	C	23147	13011	50	1	1	26	4.31835e-05	23157	1	FALSE	N:cds-YP_009724397.2	GGA	G	GCA	A	5
NC_045512.2	28287	G	A	23147	13011	50	5	4	39	0.000215917	23157	0.99991	FALSE	N:cds-YP_009724397.2	GGA	G	GAA	E	5
NC_045512.2	28288	A	T	23146	12928	51	7	7	32	0.000302193	23164	0.999284	FALSE	N:cds-YP_009724397.2	GGA	G	GGT	G	5
NC_045512.2	28288	A	G	23146	12928	51	9	9	30	0.000388534	23164	0.996499	FALSE	N:cds-YP_009724397.2	GGA	G	GGG	G	5
NC_045512.2	28288	A	C	23146	12928	51	2	2	30	8.63409e-05	23164	0.999999	FALSE	N:cds-YP_009724397.2	GGA	G	GGC	G	5
NC_045512.2	28289	C	T	23436	13145	50	7	7	34	0.000298406	23458	0.999283	FALSE	N:cds-YP_009724397.2	CCC	P	TCC	S	6
NC_045512.2	28289	C	G	23436	13145	50	7	6	32	0.000298406	23458	0.999283	FALSE	N:cds-YP_009724397.2	CCC	P	GCC	A	6
NC_045512.2	28289	C	A	23436	13145	50	8	7	37	0.000341035	23458	0.998333	FALSE	N:cds-YP_009724397.2	CCC	P	ACC	T	6
NC_045512.2	28290	C	T	23146	13212	50	4	4	42	0.000172719	23159	0.343578	FALSE	N:cds-YP_009724397.2	CCC	P	CTC	L	6
NC_045512.2	28290	C	G	23146	13212	50	3	2	31	0.000129539	23159	0.999995	FALSE	N:cds-YP_009724397.2	CCC	P	CGC	R	6
NC_045512.2	28290	C	A	23146	13212	50	6	3	34	0.000259079	23159	0.999727	FALSE	N:cds-YP_009724397.2	CCC	P	CAC	H	6
NC_045512.2	28291	C	T	23254	13228	50	1	1	34	4.29812e-05	23266	1	FALSE	N:cds-YP_009724397.2	CCC	P	CCT	P	6
NC_045512.2	28291	C	G	23254	13228	50	4	4	32	0.000171925	23266	0.999975	FALSE	N:cds-YP_009724397.2	CCC	P	CCG	P	6
NC_045512.2	28291	C	A	23254	13228	50	7	7	30	0.000300868	23266	0.999286	FALSE	N:cds-YP_009724397.2	CCC	P	CCA	P	6
NC_045512.2	28292	C	T	23301	13293	51	5	3	32	0.000214519	23308	0.99991	FALSE	N:cds-YP_009724397.2	CAA	Q	TAA	*	7
NC_045512.2	28292	C	G	23301	13293	51	1	1	26	4.29037e-05	23308	1	FALSE	N:cds-YP_009724397.2	CAA	Q	GAA	E	7
NC_045512.2	28292	C	A	23301	13293	51	1	1	34	4.29037e-05	23308	1	FALSE	N:cds-YP_009724397.2	CAA	Q	AAA	K	7
NC_045512.2	28292	C	-A	23301	13293	51	2	0	20	8.58074e-05	23308	1	FALSE	NA	NA	NA	NA	NA	NA
NC_045512.2	28293	A	T	23272	13255	51	4	4	32	0.000171681	23299	0.999975	FALSE	N:cds-YP_009724397.2	CAA	Q	CTA	L	7
NC_045512.2	28293	A	G	23272	13255	51	8	6	45	0.000343362	23299	0.0545179	FALSE	N:cds-YP_009724397.2	CAA	Q	CGA	R	7
NC_045512.2	28293	A	C	23272	13255	51	15	13	34	0.000643804	23299	0.928192	FALSE	N:cds-YP_009724397.2	CAA	Q	CCA	P	7
NC_045512.2	28294	A	T	23362	13438	51	7	7	31	0.000299478	23374	0.999286	FALSE	N:cds-YP_009724397.2	CAA	Q	CAT	H	7
NC_045512.2	28294	A	G	23362	13438	51	1	1	34	4.27826e-05	23374	1	FALSE	N:cds-YP_009724397.2	CAA	Q	CAG	Q	7
NC_045512.2	28294	A	C	23362	13438	51	4	4	30	0.00017113	23374	0.999975	FALSE	N:cds-YP_009724397.2	CAA	Q	CAC	H	7
NC_045512.2	28295	A	T	22894	13456	49	4	4	32	0.000174642	22904	0.999956	FALSE	N:cds-YP_009724397.2	AAT	N	TAT	Y	8
NC_045512.2	28295	A	G	22894	13456	49	1	1	34	4.36605e-05	22904	1	FALSE	N:cds-YP_009724397.2	AAT	N	GAT	D	8
NC_045512.2	28295	A	C	22894	13456	49	5	5	31	0.000218302	22904	0.999845	FALSE	N:cds-YP_009724397.2	AAT	N	CAT	H	8
NC_045512.2	28296	A	T	23285	13461	50	5	5	30	0.000214629	23296	0.99991	FALSE	N:cds-YP_009724397.2	AAT	N	ATT	I	8
NC_045512.2	28296	A	G	23285	13461	50	4	2	54	0.000171703	23296	0.0624598	FALSE	N:cds-YP_009724397.2	AAT	N	AGT	S	8
NC_045512.2	28296	A	C	23285	13461	50	2	2	26	8.58516e-05	23296	1	FALSE	N:cds-YP_009724397.2	AAT	N	ACT	T	8
NC_045512.2	28297	T	G	23364	13576	51	1	1	34	4.27734e-05	23379	1	FALSE	N:cds-YP_009724397.2	AAT	N	AAG	K	8
NC_045512.2	28297	T	C	23364	13576	51	2	2	34	8.55469e-05	23379	0.999999	FALSE	N:cds-YP_009724397.2	AAT	N	AAC	N	8
NC_045512.2	28297	T	A	23364	13576	51	12	12	32	0.000513281	23379	0.979545	FALSE	N:cds-YP_009724397.2	AAT	N	AAA	K	8
NC_045512.2	28298	C	T	23061	13327	51	8	7	37	0.000346666	23077	0.998337	FALSE	N:cds-YP_009724397.2	CAG	Q	TAG	*	9
NC_045512.2	28298	C	G	23061	13327	51	3	3	31	0.00013	23077	0.999995	FALSE	N:cds-YP_009724397.2	CAG	Q	GAG	E	9
NC_045512.2	28298	C	A	23061	13327	51	5	5	34	0.000216666	23077	0.99991	FALSE	N:cds-YP_009724397.2	CAG	Q	AAG	K	9
NC_045512.2	28299	A	T	22728	13111	51	5	5	34	0.000219877	22740	0.999845	FALSE	N:cds-YP_009724397.2	CAG	Q	CTG	L	9
NC_045512.2	28299	A	G	22728	13111	51	3	3	34	0.000131926	22740	0.99999	FALSE	N:cds-YP_009724397.2	CAG	Q	CGG	R	9
NC_045512.2	28299	A	C	22728	13111	51	4	4	32	0.000175901	22740	0.999956	FALSE	N:cds-YP_009724397.2	CAG	Q	CCG	P	9
NC_045512.2	28300	G	T	23075	13177	51	7	7	34	0.000303135	23092	0.999284	FALSE	N:cds-YP_009724397.2	CAG	Q	CAT	H	9
NC_045512.2	28300	G	C	23075	13177	51	4	4	32	0.00017322	23092	0.999975	FALSE	N:cds-YP_009724397.2	CAG	Q	CAC	H	9
NC_045512.2	28300	G	A	23075	13177	51	6	6	32	0.00025983	23092	0.999727	FALSE	N:cds-YP_009724397.2	CAG	Q	CAA	Q	9
NC_045512.2	28301	C	T	23073	13363	51	8	5	45	0.00034644	23092	0.0545924	FALSE	N:cds-YP_009724397.2	CGA	R	TGA	*	10
NC_045512.2	28301	C	G	23073	13363	51	6	6	32	0.00025983	23092	0.999727	FALSE	N:cds-YP_009724397.2	CGA	R	GGA	G	10
NC_045512.2	28301	C	A	23073	13363	51	5	4	30	0.000216525	23092	0.99991	FALSE	N:cds-YP_009724397.2	CGA	R	AGA	R	10
NC_045512.2	28302	G	T	23588	13433	51	7	7	30	0.000296535	23606	0.999284	FALSE	N:cds-YP_009724397.2	CGA	R	CTA	L	10
NC_045512.2	28302	G	C	23588	13433	51	6	6	34	0.000254173	23606	0.999727	FALSE	N:cds-YP_009724397.2	CGA	R	CCA	P	10
NC_045512.2	28302	G	A	23588	13433	51	5	5	34	0.000211811	23606	0.99991	FALSE	N:cds-YP_009724397.2	CGA	R	CAA	Q	10
NC_045512.2	28303	A	T	23678	13488	51	5	5	32	0.000211024	23694	0.99991	FALSE	N:cds-YP_009724397.2	CGA	R	CGT	R	10
NC_045512.2	28303	A	G	23678	13488	51	9	9	32	0.000379843	23694	0.996502	FALSE	N:cds-YP_009724397.2	CGA	R	CGG	R	10
NC_045512.2	28303	A	C	23678	13488	51	2	2	34	8.44096e-05	23694	0.999999	FALSE	N:cds-YP_009724397.2	CGA	R	CGC	R	10
NC_045512.2	28304	A	T	23488	13471	50	4	4	32	0.000170198	23502	0.999975	FALSE	N:cds-YP_009724397.2	AAT	N	TAT	Y	11
NC_045512.2	28304	A	G	23488	13471	50	6	4	35	0.000255297	23502	0.999727	FALSE	N:cds-YP_009724397.2	AAT	N	GAT	D	11
NC_045512.2	28304	A	C	23488	13471	50	4	3	29	0.000170198	23502	1	FALSE	N:cds-YP_009724397.2	AAT	N	CAT	H	11
NC_045512.2	28305	A	T	23778	13479	51	2	2	34	8.40583e-05	23793	0.999999	FALSE	N:cds-YP_009724397.2	AAT	N	ATT	I	11
NC_045512.2	28305	A	G	23778	13479	51	8	7	38	0.000336233	23793	0.998338	FALSE	N:cds-YP_009724397.2	AAT	N	AGT	S	11
NC_045512.2	28305	A	C	23778	13479	51	5	4	28	0.000210146	23793	1	FALSE	N:cds-YP_009724397.2	AAT	N	ACT	T	11
NC_045512.2	28306	T	G	23809	13537	51	2	2	34	8.39384e-05	23827	0.999999	FALSE	N:cds-YP_009724397.2	AAT	N	AAG	K	11
NC_045512.2	28306	T	C	23809	13537	51	4	3	37	0.000167877	23827	0.999975	FALSE	N:cds-YP_009724397.2	AAT	N	AAC	N	11
NC_045512.2	28306	T	A	23809	13537	51	12	12	33	0.00050363	23827	0.979526	FALSE	N:cds-YP_009724397.2	AAT	N	AAA	K	11
NC_045512.2	28307	G	T	23659	13293	50	7	7	32	0.000295646	23677	0.999284	FALSE	N:cds-YP_009724397.2	GCA	A	TCA	S	12
NC_045512.2	28307	G	C	23659	13293	50	4	4	30	0.00016894	23677	0.999975	FALSE	N:cds-YP_009724397.2	GCA	A	CCA	P	12
NC_045512.2	28307	G	A	23659	13293	50	7	7	34	0.000295646	23677	0.999284	FALSE	N:cds-YP_009724397.2	GCA	A	ACA	T	12
NC_045512.2	28308	C	T	23882	13626	50	7	7	34	0.000292899	23899	0.999284	FALSE	N:cds-YP_009724397.2	GCA	A	GTA	V	12
NC_045512.2	28308	C	G	23882	13626	50	4	4	34	0.000167371	23899	0.999975	FALSE	N:cds-YP_009724397.2	GCA	A	GGA	G	12
NC_045512.2	28308	C	A	23882	13626	50	6	5	32	0.000251057	23899	0.999727	FALSE	N:cds-YP_009724397.2	GCA	A	GAA	E	12
NC_045512.2	28309	A	T	23716	13418	51	5	5	32	0.000210704	23730	0.99991	FALSE	N:cds-YP_009724397.2	GCA	A	GCT	A	12
NC_045512.2	28309	A	G	23716	13418	51	4	2	51	0.000168563	23730	0.0624447	FALSE	N:cds-YP_009724397.2	GCA	A	GCG	A	12
NC_045512.2	28309	A	C	23716	13418	51	5	5	34	0.000210704	23730	0.99991	FALSE	N:cds-YP_009724397.2	GCA	A	GCC	A	12
NC_045512.2	28310	C	T	23845	13551	51	1	1	34	4.19059e-05	23863	1	FALSE	N:cds-YP_009724397.2	CCC	P	TCC	S	13
NC_045512.2	28310	C	G	23845	13551	51	4	4	34	0.000167624	23863	0.999975	FALSE	N:cds-YP_009724397.2	CCC	P	GCC	A	13
NC_045512.2	28310	C	A	23845	13551	51	13	13	36	0.000544776	23863	0.967391	FALSE	N:cds-YP_009724397.2	CCC	P	ACC	T	13
NC_045512.2	28311	C	T	11	10	35	23307	13181	52	0.999185	23326	0	TRUE	N:cds-YP_009724397.2	CCC	P	CTC	L	13
NC_045512.2	28311	C	A	11	10	35	8	8	33	0.000342965	23326	2.70319e-19	TRUE	N:cds-YP_009724397.2	CCC	P	CAC	H	13
NC_045512.2	28312	C	T	23967	13428	52	6	6	32	0.000250188	23982	0.999727	FALSE	N:cds-YP_009724397.2	CCC	P	CCT	P	13
NC_045512.2	28312	C	G	23967	13428	52	1	0	27	4.16979e-05	23982	1	FALSE	N:cds-YP_009724397.2	CCC	P	CCG	P	13
NC_045512.2	28312	C	A	23967	13428	52	8	7	33	0.000333584	23982	0.998338	FALSE	N:cds-YP_009724397.2	CCC	P	CCA	P	13
NC_045512.2	28313	C	T	23830	13385	51	6	5	34	0.000251657	23842	0.999727	FALSE	N:cds-YP_009724397.2	CGC	R	TGC	C	14
NC_045512.2	28313	C	G	23830	13385	51	2	2	34	8.38856e-05	23842	0.999999	FALSE	N:cds-YP_009724397.2	CGC	R	GGC	G	14
NC_045512.2	28313	C	A	23830	13385	51	4	3	34	0.000167771	23842	0.999975	FALSE	N:cds-YP_009724397.2	CGC	R	AGC	S	14
NC_045512.2	28314	G	T	24480	13093	51	8	8	33	0.000326517	24501	0.998947	FALSE	N:cds-YP_009724397.2	CGC	R	CTC	L	14
NC_045512.2	28314	G	C	24480	13093	51	9	8	31	0.000367332	24501	0.997722	FALSE	N:cds-YP_009724397.2	CGC	R	CCC	P	14
NC_045512.2	28314	G	A	24480	13093	51	4	4	34	0.000163259	24501	0.999986	FALSE	N:cds-YP_009724397.2	CGC	R	CAC	H	14
NC_045512.2	28315	C	T	24823	13455	51	2	2	34	8.05315e-05	24835	1	FALSE	N:cds-YP_009724397.2	CGC	R	CGT	R	14
NC_045512.2	28315	C	G	24823	13455	51	5	4	31	0.000201329	24835	0.999948	FALSE	N:cds-YP_009724397.2	CGC	R	CGG	R	14
NC_045512.2	28315	C	A	24823	13455	51	5	3	34	0.000201329	24835	0.999948	FALSE	N:cds-YP_009724397.2	CGC	R	CGA	R	14
NC_045512.2	28315	C	+G	24823	13455	51	1	0	20	4.02658e-05	24835	1	FALSE	NA	NA	NA	NA	NA	NA
NC_045512.2	28316	A	T	24484	13264	51	2	2	30	8.1636e-05	24499	1	FALSE	N:cds-YP_009724397.2	ATT	I	TTT	F	15
NC_045512.2	28316	A	G	24484	13264	51	4	3	37	0.000163272	24499	0.999986	FALSE	N:cds-YP_009724397.2	ATT	I	GTT	V	15
NC_045512.2	28316	A	C	24484	13264	51	9	9	31	0.000367362	24499	0.997727	FALSE	N:cds-YP_009724397.2	ATT	I	CTT	L	15
NC_045512.2	28317	T	G	24581	13319	51	5	3	31	0.000203244	24601	0.999948	FALSE	N:cds-YP_009724397.2	ATT	I	AGT	S	15
NC_045512.2	28317	T	C	24581	13319	51	4	3	29	0.000162595	24601	1	FALSE	N:cds-YP_009724397.2	ATT	I	ACT	T	15
NC_045512.2	28317	T	A	24581	13319	51	11	11	33	0.000447136	24601	0.99166	FALSE	N:cds-YP_009724397.2	ATT	I	AAT	N	15
NC_045512.2	28318	T	G	24601	13370	51	2	1	25	8.12447e-05	24617	1	FALSE	N:cds-YP_009724397.2	ATT	I	ATG	M	15
NC_045512.2	28318	T	C	24601	13370	51	5	5	31	0.000203112	24617	0.999948	FALSE	N:cds-YP_009724397.2	ATT	I	ATC	I	15
NC_045512.2	28318	T	A	24601	13370	51	9	9	33	0.000365601	24617	0.997726	FALSE	N:cds-YP_009724397.2	ATT	I	ATA	I	15
NC_045512.2	28319	A	T	24956	13473	49	10	10	30	0.000400465	24971	0.995485	FALSE	N:cds-YP_009724397.2	ACG	T	TCG	S	16
NC_045512.2	28319	A	G	24956	13473	49	2	2	47	8.00929e-05	24971	0.687327	FALSE	N:cds-YP_009724397.2	ACG	T	GCG	A	16
NC_045512.2	28319	A	C	24956	13473	49	3	3	28	0.000120139	24971	1	FALSE	N:cds-YP_009724397.2	ACG	T	CCG	P	16
NC_045512.2	28320	C	T	25153	13741	50	7	7	32	0.00027812	25169	0.999733	FALSE	N:cds-YP_009724397.2	ACG	T	ATG	M	16
NC_045512.2	28320	C	G	25153	13741	50	2	2	30	7.94628e-05	25169	1	FALSE	N:cds-YP_009724397.2	ACG	T	AGG	R	16
NC_045512.2	28320	C	A	25153	13741	50	7	6	34	0.00027812	25169	0.999733	FALSE	N:cds-YP_009724397.2	ACG	T	AAG	K	16
NC_045512.2	28321	G	T	24726	13292	50	3	3	34	0.000121256	24741	0.999997	FALSE	N:cds-YP_009724397.2	ACG	T	ACT	T	16
NC_045512.2	28321	G	C	24726	13292	50	7	7	32	0.000282931	24741	0.999561	FALSE	N:cds-YP_009724397.2	ACG	T	ACC	T	16
NC_045512.2	28321	G	A	24726	13292	50	5	5	40	0.000202094	24741	0.226397	FALSE	N:cds-YP_009724397.2	ACG	T	ACA	T	16
NC_045512.2	28322	T	G	24310	12985	50	4	4	34	0.000164426	24327	0.999986	FALSE	N:cds-YP_009724397.2	TTT	F	GTT	V	17
NC_045512.2	28322	T	C	24310	12985	50	6	4	32	0.00024664	24327	0.999838	FALSE	N:cds-YP_009724397.2	TTT	F	CTT	L	17
NC_045512.2	28322	T	A	24310	12985	50	7	7	31	0.000287746	24327	0.999561	FALSE	N:cds-YP_009724397.2	TTT	F	ATT	I	17
NC_045512.2	28322	T	+A	24310	12985	50	1	0	20	4.11066e-05	24327	1	FALSE	NA	NA	NA	NA	NA	NA
NC_045512.2	28323	T	G	23113	11994	50	2	2	34	8.65052e-05	23120	0.999999	FALSE	N:cds-YP_009724397.2	TTT	F	TGT	C	17
NC_045512.2	28323	T	C	23113	11994	50	2	2	34	8.65052e-05	23120	0.999999	FALSE	N:cds-YP_009724397.2	TTT	F	TCT	S	17
NC_045512.2	28323	T	A	23113	11994	50	3	3	34	0.000129758	23120	0.999995	FALSE	N:cds-YP_009724397.2	TTT	F	TAT	Y	17
NC_045512.2	28324	T	G	23303	12321	51	5	5	34	0.000214326	23329	0.99991	FALSE	N:cds-YP_009724397.2	TTT	F	TTG	L	17
NC_045512.2	28324	T	C	23303	12321	51	18	8	44	0.000771572	23329	0.000200214	TRUE	N:cds-YP_009724397.2	TTT	F	TTC	F	17
NC_045512.2	28324	T	A	23303	12321	51	3	3	31	0.000128595	23329	0.999995	FALSE	N:cds-YP_009724397.2	TTT	F	TTA	L	17
NC_045512.2	28325	G	T	23398	12282	51	7	6	32	0.000299018	23410	0.999286	FALSE	N:cds-YP_009724397.2	GGT	G	TGT	C	18
NC_045512.2	28325	G	A	23398	12282	51	5	5	34	0.000213584	23410	0.99991	FALSE	N:cds-YP_009724397.2	GGT	G	AGT	S	18
NC_045512.2	28326	G	T	23427	12335	51	7	7	31	0.00029866	23438	0.999286	FALSE	N:cds-YP_009724397.2	GGT	G	GTT	V	18
NC_045512.2	28326	G	A	23427	12335	51	4	4	34	0.000170663	23438	0.999975	FALSE	N:cds-YP_009724397.2	GGT	G	GAT	D	18
NC_045512.2	28327	T	G	23229	12288	51	8	8	33	0.000344145	23246	0.998337	FALSE	N:cds-YP_009724397.2	GGT	G	GGG	G	18
NC_045512.2	28327	T	C	23229	12288	51	6	6	38	0.000258109	23246	0.999727	FALSE	N:cds-YP_009724397.2	GGT	G	GGC	G	18
NC_045512.2	28327	T	A	23229	12288	51	3	3	31	0.000129054	23246	0.999995	FALSE	N:cds-YP_009724397.2	GGT	G	GGA	G	18
NC_045512.2	28328	G	T	22754	12015	52	6	6	39	0.000263528	22768	0.999544	FALSE	N:cds-YP_009724397.2	GGA	G	TGA	*	19
NC_045512.2	28328	G	C	22754	12015	52	2	2	34	8.78426e-05	22768	0.999999	FALSE	N:cds-YP_009724397.2	GGA	G	CGA	R	19
NC_045512.2	28328	G	A	22754	12015	52	6	5	38	0.000263528	22768	0.999544	FALSE	N:cds-YP_009724397.2	GGA	G	AGA	R	19
NC_045512.2	28329	G	T	22585	12152	51	5	5	32	0.000221298	22594	0.999845	FALSE	N:cds-YP_009724397.2	GGA	G	GTA	V	19
NC_045512.2	28329	G	C	22585	12152	51	3	3	34	0.000132779	22594	0.99999	FALSE	N:cds-YP_009724397.2	GGA	G	GCA	A	19
NC_045512.2	28329	G	A	22585	12152	51	1	1	34	4.42595e-05	22594	1	FALSE	N:cds-YP_009724397.2	GGA	G	GAA	E	19
NC_045512.2	28330	A	T	22496	12082	51	4	4	32	0.000177691	22511	0.999956	FALSE	N:cds-YP_009724397.2	GGA	G	GGT	G	19
NC_045512.2	28330	A	G	22496	12082	51	9	9	33	0.000399805	22511	0.994667	FALSE	N:cds-YP_009724397.2	GGA	G	GGG	G	19
NC_045512.2	28330	A	C	22496	12082	51	2	2	30	8.88455e-05	22511	0.999999	FALSE	N:cds-YP_009724397.2	GGA	G	GGC	G	19
NC_045512.2	28331	C	T	22878	12188	51	4	2	40	0.000174711	22895	0.343494	FALSE	N:cds-YP_009724397.2	CCC	P	TCC	S	20
NC_045512.2	28331	C	G	22878	12188	51	7	6	32	0.000305744	22895	0.998842	FALSE	N:cds-YP_009724397.2	CCC	P	GCC	A	20
NC_045512.2	28331	C	A	22878	12188	51	6	6	34	0.000262066	22895	0.999544	FALSE	N:cds-YP_009724397.2	CCC	P	ACC	T	20
NC_045512.2	28332	C	T	22661	12230	50	3	2	45	0.000132293	22677	0.499752	FALSE	N:cds-YP_009724397.2	CCC	P	CTC	L	20
NC_045512.2	28332	C	G	22661	12230	50	4	4	30	0.00017639	22677	0.999956	FALSE	N:cds-YP_009724397.2	CCC	P	CGC	R	20
NC_045512.2	28332	C	A	22661	12230	50	9	8	32	0.000396878	22677	0.994665	FALSE	N:cds-YP_009724397.2	CCC	P	CAC	H	20
NC_045512.2	28333	C	T	22774	13164	48	2	2	51	8.77925e-05	22781	0.249951	FALSE	N:cds-YP_009724397.2	CCC	P	CCT	P	20
NC_045512.2	28333	C	A	22774	13164	48	5	5	34	0.000219481	22781	0.999845	FALSE	N:cds-YP_009724397.2	CCC	P	CCA	P	20
NC_045512.2	28334	T	G	22659	13058	48	1	0	26	4.40956e-05	22678	1	FALSE	N:cds-YP_009724397.2	TCA	S	GCA	A	21
NC_045512.2	28334	T	C	22659	13058	48	15	13	33	0.000661434	22678	0.906152	FALSE	N:cds-YP_009724397.2	TCA	S	CCA	P	21
NC_045512.2	28334	T	A	22659	13058	48	3	3	31	0.000132287	22678	0.99999	FALSE	N:cds-YP_009724397.2	TCA	S	ACA	T	21
NC_045512.2	28335	C	T	22607	13155	48	6	6	34	0.000265264	22619	0.999545	FALSE	N:cds-YP_009724397.2	TCA	S	TTA	L	21
NC_045512.2	28335	C	G	22607	13155	48	2	2	34	8.84212e-05	22619	0.999999	FALSE	N:cds-YP_009724397.2	TCA	S	TGA	*	21
NC_045512.2	28335	C	A	22607	13155	48	4	4	34	0.000176842	22619	0.999956	FALSE	N:cds-YP_009724397.2	TCA	S	TAA	*	21
NC_045512.2	28336	A	T	22654	13211	48	4	4	34	0.000176445	22670	0.999956	FALSE	N:cds-YP_009724397.2	TCA	S	TCT	S	21
NC_045512.2	28336	A	G	22654	13211	48	5	2	48	0.000220556	22670	0.226363	FALSE	N:cds-YP_009724397.2	TCA	S	TCG	S	21
NC_045512.2	28336	A	C	22654	13211	48	7	7	34	0.000308778	22670	0.998842	FALSE	N:cds-YP_009724397.2	TCA	S	TCC	S	21
NC_045512.2	28337	G	T	22880	13242	48	4	4	32	0.000174711	22895	0.999956	FALSE	N:cds-YP_009724397.2	GAT	D	TAT	Y	22
NC_045512.2	28337	G	C	22880	13242	48	5	5	32	0.000218388	22895	0.999845	FALSE	N:cds-YP_009724397.2	GAT	D	CAT	H	22
NC_045512.2	28337	G	A	22880	13242	48	6	6	32	0.000262066	22895	0.999544	FALSE	N:cds-YP_009724397.2	GAT	D	AAT	N	22
NC_045512.2	28338	A	T	22919	13333	48	2	2	34	8.72068e-05	22934	0.999999	FALSE	N:cds-YP_009724397.2	GAT	D	GTT	V	22
NC_045512.2	28338	A	G	22919	13333	48	10	9	35	0.000436034	22934	0.989977	FALSE	N:cds-YP_009724397.2	GAT	D	GGT	G	22
NC_045512.2	28338	A	C	22919	13333	48	3	3	34	0.00013081	22934	0.99999	FALSE	N:cds-YP_009724397.2	GAT	D	GCT	A	22
NC_045512.2	28338	A	-T	22919	13333	48	2	0	20	8.72068e-05	22934	1	FALSE	NA	NA	NA	NA	NA	NA
NC_045512.2	28339	T	G	22844	13490	48	5	3	32	0.000218723	22860	0.999844	FALSE	N:cds-YP_009724397.2	GAT	D	GAG	E	22
NC_045512.2	28339	T	C	22844	13490	48	2	2	34	8.74891e-05	22860	0.999999	FALSE	N:cds-YP_009724397.2	GAT	D	GAC	D	22
NC_045512.2	28339	T	A	22844	13490	48	9	9	34	0.000393701	22860	0.994663	FALSE	N:cds-YP_009724397.2	GAT	D	GAA	E	22
NC_045512.2	28340	T	G	22373	13060	48	4	2	30	0.000178651	22390	0.999956	FALSE	N:cds-YP_009724397.2	TCA	S	GCA	A	23
NC_045512.2	28340	T	C	22373	13060	48	6	6	34	0.000267977	22390	0.999544	FALSE	N:cds-YP_009724397.2	TCA	S	CCA	P	23
NC_045512.2	28340	T	A	22373	13060	48	7	7	34	0.00031264	22390	0.998842	FALSE	N:cds-YP_009724397.2	TCA	S	ACA	T	23
NC_045512.2	28341	C	T	22352	13098	48	13	12	38	0.000581187	22368	0.955272	FALSE	N:cds-YP_009724397.2	TCA	S	TTA	L	23
NC_045512.2	28341	C	A	22352	13098	48	3	3	34	0.00013412	22368	0.99999	FALSE	N:cds-YP_009724397.2	TCA	S	TAA	*	23
NC_045512.2	28342	A	T	22233	12966	48	4	4	34	0.000179783	22249	0.999956	FALSE	N:cds-YP_009724397.2	TCA	S	TCT	S	23
NC_045512.2	28342	A	G	22233	12966	48	2	1	30	8.98917e-05	22249	0.999999	FALSE	N:cds-YP_009724397.2	TCA	S	TCG	S	23
NC_045512.2	28342	A	C	22233	12966	48	10	10	33	0.000449458	22249	0.989974	FALSE	N:cds-YP_009724397.2	TCA	S	TCC	S	23
NC_045512.2	28343	A	T	21695	13025	46	5	5	32	0.00023034	21707	0.999734	FALSE	N:cds-YP_009724397.2	ACT	T	TCT	S	24
NC_045512.2	28343	A	G	21695	13025	46	3	2	29	0.000138204	21707	1	FALSE	N:cds-YP_009724397.2	ACT	T	GCT	A	24
NC_045512.2	28343	A	C	21695	13025	46	4	3	30	0.000184272	21707	0.999922	FALSE	N:cds-YP_009724397.2	ACT	T	CCT	P	24
NC_045512.2	28344	C	T	22129	13188	47	1	1	34	4.5163e-05	22142	1	FALSE	N:cds-YP_009724397.2	ACT	T	ATT	I	24
NC_045512.2	28344	C	G	22129	13188	47	4	3	30	0.000180652	22142	0.999956	FALSE	N:cds-YP_009724397.2	ACT	T	AGT	S	24
NC_045512.2	28344	C	A	22129	13188	47	8	8	32	0.000361304	22142	0.997392	FALSE	N:cds-YP_009724397.2	ACT	T	AAT	N	24
NC_045512.2	28345	T	G	22051	13052	48	3	2	34	0.000135913	22073	0.99999	FALSE	N:cds-YP_009724397.2	ACT	T	ACG	T	24
NC_045512.2	28345	T	C	22051	13052	48	12	9	38	0.000543651	22073	0.971163	FALSE	N:cds-YP_009724397.2	ACT	T	ACC	T	24
NC_045512.2	28345	T	A	22051	13052	48	7	7	33	0.00031713	22073	0.998839	FALSE	N:cds-YP_009724397.2	ACT	T	ACA	T	24
NC_045512.2	28346	G	T	21944	12919	48	7	7	34	0.000318747	21961	0.998139	FALSE	N:cds-YP_009724397.2	GGC	G	TGC	C	25
NC_045512.2	28346	G	C	21944	12919	48	4	4	32	0.000182141	21961	0.999922	FALSE	N:cds-YP_009724397.2	GGC	G	CGC	R	25
NC_045512.2	28346	G	A	21944	12919	48	6	6	30	0.000273212	21961	0.999243	FALSE	N:cds-YP_009724397.2	GGC	G	AGC	S	25
NC_045512.2	28347	G	T	22323	12929	47	6	6	32	0.000268577	22340	0.999544	FALSE	N:cds-YP_009724397.2	GGC	G	GTC	V	25
NC_045512.2	28347	G	C	22323	12929	47	5	5	32	0.000223814	22340	0.999844	FALSE	N:cds-YP_009724397.2	GGC	G	GCC	A	25
NC_045512.2	28347	G	A	22323	12929	47	6	5	32	0.000268577	22340	0.999544	FALSE	N:cds-YP_009724397.2	GGC	G	GAC	D	25
NC_045512.2	28348	C	T	22431	13204	48	7	6	42	0.000311804	22450	0.0897013	FALSE	N:cds-YP_009724397.2	GGC	G	GGT	G	25
NC_045512.2	28348	C	G	22431	13204	48	9	9	33	0.000400891	22450	0.994659	FALSE	N:cds-YP_009724397.2	GGC	G	GGG	G	25
NC_045512.2	28348	C	A	22431	13204	48	3	3	26	0.00013363	22450	1	FALSE	N:cds-YP_009724397.2	GGC	G	GGA	G	25
NC_045512.2	28349	A	T	22474	13216	48	1	1	26	4.44642e-05	22490	1	FALSE	N:cds-YP_009724397.2	AGT	S	TGT	C	26
NC_045512.2	28349	A	G	22474	13216	48	6	6	31	0.000266785	22490	0.999544	FALSE	N:cds-YP_009724397.2	AGT	S	GGT	G	26
NC_045512.2	28349	A	C	22474	13216	48	9	9	34	0.000400178	22490	0.994665	FALSE	N:cds-YP_009724397.2	AGT	S	CGT	R	26
NC_045512.2	28350	G	T	22459	13193	48	3	3	31	0.00013347	22477	0.99999	FALSE	N:cds-YP_009724397.2	AGT	S	ATT	I	26
NC_045512.2	28350	G	C	22459	13193	48	5	5	34	0.00022245	22477	0.999844	FALSE	N:cds-YP_009724397.2	AGT	S	ACT	T	26
NC_045512.2	28350	G	A	22459	13193	48	10	10	36	0.000444899	22477	0.989968	FALSE	N:cds-YP_009724397.2	AGT	S	AAT	N	26
NC_045512.2	28351	T	G	22183	13233	48	7	7	32	0.000315273	22203	0.99884	FALSE	N:cds-YP_009724397.2	AGT	S	AGG	R	26
NC_045512.2	28351	T	C	22183	13233	48	6	6	39	0.000270234	22203	0.999543	FALSE	N:cds-YP_009724397.2	AGT	S	AGC	S	26
NC_045512.2	28351	T	A	22183	13233	48	7	7	33	0.000315273	22203	0.99884	FALSE	N:cds-YP_009724397.2	AGT	S	AGA	R	26
NC_045512.2	28352	A	T	22462	13508	49	7	7	34	0.000311443	22476	0.998843	FALSE	N:cds-YP_009724397.2	AAC	N	TAC	Y	27
NC_045512.2	28352	A	G	22462	13508	49	3	3	31	0.000133476	22476	0.99999	FALSE	N:cds-YP_009724397.2	AAC	N	GAC	D	27
NC_045512.2	28352	A	C	22462	13508	49	4	4	34	0.000177968	22476	0.999956	FALSE	N:cds-YP_009724397.2	AAC	N	CAC	H	27
NC_045512.2	28353	A	T	22453	13556	49	4	4	34	0.000178079	22462	0.999956	FALSE	N:cds-YP_009724397.2	AAC	N	ATC	I	27
NC_045512.2	28353	A	G	22453	13556	49	3	3	34	0.000133559	22462	0.99999	FALSE	N:cds-YP_009724397.2	AAC	N	AGC	S	27
NC_045512.2	28353	A	C	22453	13556	49	2	2	34	8.90393e-05	22462	0.999999	FALSE	N:cds-YP_009724397.2	AAC	N	ACC	T	27
NC_045512.2	28354	C	T	22428	13534	49	5	5	30	0.000222767	22445	0.999844	FALSE	N:cds-YP_009724397.2	AAC	N	AAT	N	27
NC_045512.2	28354	C	G	22428	13534	49	3	3	34	0.00013366	22445	0.99999	FALSE	N:cds-YP_009724397.2	AAC	N	AAG	K	27
NC_045512.2	28354	C	A	22428	13534	49	9	9	33	0.00040098	22445	0.994663	FALSE	N:cds-YP_009724397.2	AAC	N	AAA	K	27
NC_045512.2	28355	C	T	22363	13532	48	4	4	32	0.000178747	22378	0.999956	FALSE	N:cds-YP_009724397.2	CAG	Q	TAG	*	28
NC_045512.2	28355	C	G	22363	13532	48	2	2	34	8.93735e-05	22378	0.999999	FALSE	N:cds-YP_009724397.2	CAG	Q	GAG	E	28
NC_045512.2	28355	C	A	22363	13532	48	9	9	34	0.000402181	22378	0.994667	FALSE	N:cds-YP_009724397.2	CAG	Q	AAG	K	28
NC_045512.2	28356	A	T	21303	12666	47	1	1	34	4.69175e-05	21314	1	FALSE	N:cds-YP_009724397.2	CAG	Q	CTG	L	28
NC_045512.2	28356	A	G	21303	12666	47	1	1	34	4.69175e-05	21314	1	FALSE	N:cds-YP_009724397.2	CAG	Q	CGG	R	28
NC_045512.2	28356	A	C	21303	12666	47	9	9	33	0.000422258	21314	0.991953	FALSE	N:cds-YP_009724397.2	CAG	Q	CCG	P	28
NC_045512.2	28357	G	T	21646	12946	49	1	1	34	4.61681e-05	21660	1	FALSE	N:cds-YP_009724397.2	CAG	Q	CAT	H	28
NC_045512.2	28357	G	C	21646	12946	49	6	6	34	0.000277008	21660	0.999243	FALSE	N:cds-YP_009724397.2	CAG	Q	CAC	H	28
NC_045512.2	28357	G	A	21646	12946	49	7	7	34	0.000323176	21660	0.998141	FALSE	N:cds-YP_009724397.2	CAG	Q	CAA	Q	28
NC_045512.2	28358	A	T	21533	12968	48	1	1	34	4.64037e-05	21550	1	FALSE	N:cds-YP_009724397.2	AAT	N	TAT	Y	29
NC_045512.2	28358	A	G	21533	12968	48	12	9	40	0.000556845	21550	0.00645659	TRUE	N:cds-YP_009724397.2	AAT	N	GAT	D	29
NC_045512.2	28358	A	C	21533	12968	48	4	4	32	0.000185615	21550	0.999922	FALSE	N:cds-YP_009724397.2	AAT	N	CAT	H	29
NC_045512.2	28358	A	-ATGGAG	21533	12968	48	1	0	20	4.64037e-05	21550	1	FALSE	NA	NA	NA	NA	NA	NA
NC_045512.2	28359	A	T	21563	12966	48	2	2	34	9.26956e-05	21576	0.999997	FALSE	N:cds-YP_009724397.2	AAT	N	ATT	I	29
NC_045512.2	28359	A	G	21563	12966	48	6	5	34	0.000278087	21576	0.999243	FALSE	N:cds-YP_009724397.2	AAT	N	AGT	S	29
NC_045512.2	28359	A	C	21563	12966	48	5	5	30	0.000231739	21576	0.999733	FALSE	N:cds-YP_009724397.2	AAT	N	ACT	T	29
NC_045512.2	28359	A	-TGGAGAACG	21563	12966	48	5	0	20	0.000231728	21577	1	FALSE	NA	NA	NA	NA	NA	NA
NC_045512.2	28360	T	G	21597	12991	49	2	2	30	9.25241e-05	21616	0.999997	FALSE	N:cds-YP_009724397.2	AAT	N	AAG	K	29
NC_045512.2	28360	T	C	21597	12991	49	7	7	29	0.000323834	21616	1	FALSE	N:cds-YP_009724397.2	AAT	N	AAC	N	29
NC_045512.2	28360	T	A	21597	12991	49	10	10	33	0.00046262	21616	0.985256	FALSE	N:cds-YP_009724397.2	AAT	N	AAA	K	29
NC_045512.2	28360	T	-GGAGAACGC	21597	12991	49	4	0	20	0.000185031	21618	1	FALSE	NA	NA	NA	NA	NA	NA
NC_045512.2	28361	G	T	20656	12182	49	7	7	32	0.000338606	20673	0.997031	FALSE	N:cds-YP_009724397.2	GGA	G	TGA	*	30
NC_045512.2	28361	G	C	20656	12182	49	4	4	34	0.000193489	20673	0.999861	FALSE	N:cds-YP_009724397.2	GGA	G	CGA	R	30
NC_045512.2	28361	G	A	20656	12182	49	6	6	34	0.000290234	20673	0.99875	FALSE	N:cds-YP_009724397.2	GGA	G	AGA	R	30
NC_045512.2	28361	G	-GAGAACGCA	20656	12182	49	17870	0	20	0.864245	20677	0	TRUE	NA	NA	NA	NA	NA	NA
NC_045512.2	28362	G	T	2978	2104	40	4	4	34	0.00133914	2987	0.373401	FALSE	N:cds-YP_009724397.2	GGA	G	GTA	V	30
NC_045512.2	28362	G	C	2978	2104	40	2	2	34	0.000669568	2987	0.79535	FALSE	N:cds-YP_009724397.2	GGA	G	GCA	A	30
NC_045512.2	28362	G	A	2978	2104	40	3	3	34	0.00100435	2987	0.58307	FALSE	N:cds-YP_009724397.2	GGA	G	GAA	E	30
NC_045512.2	28362	G	-AGAACGCAG	2978	2104	40	5	0	20	0.00023625	21164	1	FALSE	NA	NA	NA	NA	NA	NA
NC_045512.2	28363	A	T	4	4	34	246	23	34	0.964706	255	0	TRUE	N:cds-YP_009724397.2	GGA	G	GGT	G	30
NC_045512.2	28363	A	G	4	4	34	3	3	34	0.0117647	255	4.43991e-08	TRUE	N:cds-YP_009724397.2	GGA	G	GGG	G	30
NC_045512.2	28363	A	C	4	4	34	2	2	34	0.00784314	255	1.67167e-05	TRUE	N:cds-YP_009724397.2	GGA	G	GGC	G	30
NC_045512.2	28363	A	-GAACGCAGT	4	4	34	1	0	20	5.42388e-05	18437	0.0491688	FALSE	NA	NA	NA	NA	NA	NA
NC_045512.2	28364	G	T	184	15	34	1	1	34	0.0052356	191	0.173378	FALSE	N:cds-YP_009724397.2	GAA	E	TAA	*	31
NC_045512.2	28364	G	C	184	15	34	3	3	34	0.0157068	191	0.00117037	TRUE	N:cds-YP_009724397.2	GAA	E	CAA	Q	31
NC_045512.2	28364	G	A	184	15	34	3	3	31	0.0157068	191	0.00117037	TRUE	N:cds-YP_009724397.2	GAA	E	AAA	K	31
NC_045512.2	28364	G	-AACGCAGTG	184	15	34	1	0	20	5.44129e-05	18378	0.843116	FALSE	NA	NA	NA	NA	NA	NA
NC_045512.2	28364	G	-AACGCAGT	184	15	34	1	0	20	5.44129e-05	18378	0.843116	FALSE	NA	NA	NA	NA	NA	NA
NC_045512.2	28365	A	T	4	4	34	2	2	34	0.25	8	1.71618e-05	TRUE	N:cds-YP_009724397.2	GAA	E	GTA	V	31
NC_045512.2	28365	A	G	4	4	34	2	2	34	0.25	8	1.71618e-05	TRUE	N:cds-YP_009724397.2	GAA	E	GGA	G	31
NC_045512.2	28366	A	T	2	2	34	2	2	30	0.285714	7	6.87604e-06	TRUE	N:cds-YP_009724397.2	GAA	E	GAT	D	31
NC_045512.2	28366	A	G	2	2	34	2	2	34	0.285714	7	6.87604e-06	TRUE	N:cds-YP_009724397.2	GAA	E	GAG	E	31
NC_045512.2	28366	A	C	2	2	34	1	1	34	0.142857	7	0.00312929	TRUE	N:cds-YP_009724397.2	GAA	E	GAC	D	31
NC_045512.2	28367	C	T	1	1	34	2	2	34	0.285714	7	3.44067e-06	TRUE	N:cds-YP_009724397.2	CGC	R	TGC	C	32
NC_045512.2	28367	C	A	1	1	34	4	4	32	0.571429	7	7.99843e-12	TRUE	N:cds-YP_009724397.2	CGC	R	AGC	S	32
NC_045512.2	28368	G	T	0	0	0	4	4	34	0.666667	6	1.60131e-12	TRUE	N:cds-YP_009724397.2	CGC	R	CTC	L	32
NC_045512.2	28368	G	C	0	0	0	1	1	26	0.166667	6	0.0100027	FALSE	N:cds-YP_009724397.2	CGC	R	CCC	P	32
NC_045512.2	28368	G	A	0	0	0	1	1	34	0.166667	6	0.00104424	TRUE	N:cds-YP_009724397.2	CGC	R	CAC	H	32
NC_045512.2	28369	C	T	2	2	34	2	2	34	0.25	8	6.87528e-06	TRUE	N:cds-YP_009724397.2	CGC	R	CGT	R	32
NC_045512.2	28369	C	G	2	2	34	3	3	34	0.375	8	1.32195e-08	TRUE	N:cds-YP_009724397.2	CGC	R	CGG	R	32
NC_045512.2	28369	C	A	2	2	34	1	1	34	0.125	8	0.00312911	TRUE	N:cds-YP_009724397.2	CGC	R	CGA	R	32
NC_045512.2	28370	A	T	2	1	47	2	2	30	0.00479616	417	6.57797e-06	TRUE	N:cds-YP_009724397.2	AGT	S	TGT	C	33
NC_045512.2	28370	A	G	2	1	47	410	81	43	0.983213	417	0	TRUE	N:cds-YP_009724397.2	AGT	S	GGT	G	33
NC_045512.2	28370	A	C	2	1	47	3	3	31	0.00719424	417	1.23712e-08	TRUE	N:cds-YP_009724397.2	AGT	S	CGT	R	33
NC_045512.2	28371	G	T	20933	11418	49	2	2	34	9.55064e-05	20941	0.999994	FALSE	N:cds-YP_009724397.2	AGT	S	ATT	I	33
NC_045512.2	28371	G	C	20933	11418	49	4	4	32	0.000191013	20941	0.999861	FALSE	N:cds-YP_009724397.2	AGT	S	ACT	T	33
NC_045512.2	28371	G	A	20933	11418	49	2	2	34	9.55064e-05	20941	0.999994	FALSE	N:cds-YP_009724397.2	AGT	S	AAT	N	33
NC_045512.2	28372	T	G	20924	11425	50	8	8	32	0.00038208	20938	0.99372	FALSE	N:cds-YP_009724397.2	AGT	S	AGG	R	33
NC_045512.2	28372	T	C	20924	11425	50	5	3	54	0.0002388	20938	0.0311903	FALSE	N:cds-YP_009724397.2	AGT	S	AGC	S	33
NC_045512.2	28372	T	A	20924	11425	50	1	1	34	4.77601e-05	20938	1	FALSE	N:cds-YP_009724397.2	AGT	S	AGA	R	33
NC_045512.2	28373	G	T	20945	11402	50	5	5	32	0.000238618	20954	0.999545	FALSE	N:cds-YP_009724397.2	GGG	G	TGG	W	34
NC_045512.2	28373	G	C	20945	11402	50	1	1	34	4.77236e-05	20954	1	FALSE	N:cds-YP_009724397.2	GGG	G	CGG	R	34
NC_045512.2	28373	G	A	20945	11402	50	3	3	31	0.000143171	20954	0.999967	FALSE	N:cds-YP_009724397.2	GGG	G	AGG	R	34
NC_045512.2	28374	G	T	20921	11390	50	5	5	39	0.00023888	20931	0.999545	FALSE	N:cds-YP_009724397.2	GGG	G	GTG	V	34
NC_045512.2	28374	G	C	20921	11390	50	3	3	31	0.000143328	20931	0.999967	FALSE	N:cds-YP_009724397.2	GGG	G	GCG	A	34
NC_045512.2	28374	G	A	20921	11390	50	2	2	34	9.55521e-05	20931	0.999995	FALSE	N:cds-YP_009724397.2	GGG	G	GAG	E	34
NC_045512.2	28375	G	T	20967	11396	50	5	5	31	0.000238356	20977	0.999545	FALSE	N:cds-YP_009724397.2	GGG	G	GGT	G	34
NC_045512.2	28375	G	C	20967	11396	50	3	3	34	0.000143014	20977	0.999967	FALSE	N:cds-YP_009724397.2	GGG	G	GGC	G	34
NC_045512.2	28375	G	A	20967	11396	50	2	2	30	9.53425e-05	20977	0.999995	FALSE	N:cds-YP_009724397.2	GGG	G	GGA	G	34
NC_045512.2	28376	G	T	21001	11435	50	5	5	32	0.000238005	21008	0.999734	FALSE	N:cds-YP_009724397.2	GCG	A	TCG	S	35
NC_045512.2	28376	G	C	21001	11435	50	2	2	34	9.52018e-05	21008	0.999997	FALSE	N:cds-YP_009724397.2	GCG	A	CCG	P	35
NC_045512.2	28377	C	T	20642	11500	48	3	1	56	0.000145236	20656	0.1249	FALSE	N:cds-YP_009724397.2	GCG	A	GTG	V	35
NC_045512.2	28377	C	G	20642	11500	48	10	10	32	0.000484121	20656	0.97863	FALSE	N:cds-YP_009724397.2	GCG	A	GGG	G	35
NC_045512.2	28377	C	A	20642	11500	48	1	1	34	4.84121e-05	20656	1	FALSE	N:cds-YP_009724397.2	GCG	A	GAG	E	35
NC_045512.2	28378	G	T	20988	11456	50	2	2	30	9.5229e-05	21002	0.999997	FALSE	N:cds-YP_009724397.2	GCG	A	GCT	A	35
NC_045512.2	28378	G	C	20988	11456	50	6	6	32	0.000285687	21002	0.999243	FALSE	N:cds-YP_009724397.2	GCG	A	GCC	A	35
NC_045512.2	28378	G	A	20988	11456	50	6	6	34	0.000285687	21002	0.999243	FALSE	N:cds-YP_009724397.2	GCG	A	GCA	A	35
NC_045512.2	28379	C	T	20933	11503	49	1	1	34	4.77509e-05	20942	1	FALSE	N:cds-YP_009724397.2	CGA	R	TGA	*	36
NC_045512.2	28379	C	G	20933	11503	49	6	6	31	0.000286506	20942	0.998756	FALSE	N:cds-YP_009724397.2	CGA	R	GGA	G	36
NC_045512.2	28379	C	A	20933	11503	49	2	2	34	9.55019e-05	20942	0.999995	FALSE	N:cds-YP_009724397.2	CGA	R	AGA	R	36
NC_045512.2	28380	G	C	21376	11566	50	7	7	34	0.000327271	21389	0.998142	FALSE	N:cds-YP_009724397.2	CGA	R	CCA	P	36
NC_045512.2	28380	G	A	21376	11566	50	6	4	48	0.000280518	21389	0.144416	FALSE	N:cds-YP_009724397.2	CGA	R	CAA	Q	36
NC_045512.2	28381	A	T	21495	11631	50	3	3	34	0.000139451	21513	0.999982	FALSE	N:cds-YP_009724397.2	CGA	R	CGT	R	36
NC_045512.2	28381	A	G	21495	11631	50	13	10	32	0.000604286	21513	0.939283	FALSE	N:cds-YP_009724397.2	CGA	R	CGG	R	36
NC_045512.2	28381	A	C	21495	11631	50	2	2	34	9.2967e-05	21513	0.999997	FALSE	N:cds-YP_009724397.2	CGA	R	CGC	R	36
NC_045512.2	28382	T	G	21504	11670	50	1	1	34	4.64706e-05	21519	1	FALSE	N:cds-YP_009724397.2	TCA	S	GCA	A	37
NC_045512.2	28382	T	C	21504	11670	50	6	5	34	0.000278823	21519	0.999243	FALSE	N:cds-YP_009724397.2	TCA	S	CCA	P	37
NC_045512.2	28382	T	A	21504	11670	50	8	8	33	0.000371764	21519	0.995936	FALSE	N:cds-YP_009724397.2	TCA	S	ACA	T	37
NC_045512.2	28383	C	T	21464	11879	49	9	9	32	0.000419072	21476	0.99195	FALSE	N:cds-YP_009724397.2	TCA	S	TTA	L	37
NC_045512.2	28383	C	A	21464	11879	49	3	3	34	0.000139691	21476	0.999982	FALSE	N:cds-YP_009724397.2	TCA	S	TAA	*	37
NC_045512.2	28383	C	-A	21464	11879	49	2	0	20	9.31272e-05	21476	1	FALSE	NA	NA	NA	NA	NA	NA
NC_045512.2	28384	A	T	21422	12009	49	2	2	34	9.32966e-05	21437	0.999997	FALSE	N:cds-YP_009724397.2	TCA	S	TCT	S	37
NC_045512.2	28384	A	G	21422	12009	49	5	5	38	0.000233242	21437	0.999733	FALSE	N:cds-YP_009724397.2	TCA	S	TCG	S	37
NC_045512.2	28384	A	C	21422	12009	49	8	8	32	0.000373187	21437	0.995933	FALSE	N:cds-YP_009724397.2	TCA	S	TCC	S	37
NC_045512.2	28385	A	T	21891	12620	48	2	2	34	9.13284e-05	21899	0.999997	FALSE	N:cds-YP_009724397.2	AAA	K	TAA	*	38
NC_045512.2	28385	A	G	21891	12620	48	3	3	30	0.000136993	21899	0.999982	FALSE	N:cds-YP_009724397.2	AAA	K	GAA	E	38
NC_045512.2	28385	A	C	21891	12620	48	3	3	31	0.000136993	21899	0.999982	FALSE	N:cds-YP_009724397.2	AAA	K	CAA	Q	38
NC_045512.2	28386	A	G	21873	12623	48	3	2	31	0.000137124	21878	0.999982	FALSE	N:cds-YP_009724397.2	AAA	K	AGA	R	38
NC_045512.2	28386	A	C	21873	12623	48	2	1	30	9.1416e-05	21878	0.999997	FALSE	N:cds-YP_009724397.2	AAA	K	ACA	T	38
NC_045512.2	28387	A	T	21860	12665	48	2	2	34	9.1462e-05	21867	0.999997	FALSE	N:cds-YP_009724397.2	AAA	K	AAT	N	38
NC_045512.2	28387	A	G	21860	12665	48	3	0	28	0.000137193	21867	1	FALSE	N:cds-YP_009724397.2	AAA	K	AAG	K	38
NC_045512.2	28387	A	C	21860	12665	48	2	2	34	9.1462e-05	21867	0.999997	FALSE	N:cds-YP_009724397.2	AAA	K	AAC	N	38
NC_045512.2	28388	C	T	21852	12639	48	2	2	30	9.14829e-05	21862	0.999997	FALSE	N:cds-YP_009724397.2	CAA	Q	TAA	*	39
NC_045512.2	28388	C	A	21852	12639	48	8	8	33	0.000365932	21862	0.995944	FALSE	N:cds-YP_009724397.2	CAA	Q	AAA	K	39
NC_045512.2	28389	A	G	21360	12431	49	2	0	27	9.35979e-05	21368	1	FALSE	N:cds-YP_009724397.2	CAA	Q	CGA	R	39
NC_045512.2	28389	A	C	21360	12431	49	6	6	34	0.000280794	21368	0.999245	FALSE	N:cds-YP_009724397.2	CAA	Q	CCA	P	39
NC_045512.2	28390	A	T	21370	12436	49	1	1	34	4.67749e-05	21379	1	FALSE	N:cds-YP_009724397.2	CAA	Q	CAT	H	39
NC_045512.2	28390	A	G	21370	12436	49	1	0	24	4.67749e-05	21379	1	FALSE	N:cds-YP_009724397.2	CAA	Q	CAG	Q	39
NC_045512.2	28390	A	C	21370	12436	49	7	7	29	0.000327424	21379	1	FALSE	N:cds-YP_009724397.2	CAA	Q	CAC	H	39
NC_045512.2	28391	C	G	21477	12825	49	2	2	34	9.30795e-05	21487	0.999997	FALSE	N:cds-YP_009724397.2	CGT	R	GGT	G	40
NC_045512.2	28391	C	A	21477	12825	49	8	7	32	0.000372318	21487	0.995944	FALSE	N:cds-YP_009724397.2	CGT	R	AGT	S	40
NC_045512.2	28392	G	T	21436	12820	49	5	4	28	0.000233079	21452	1	FALSE	N:cds-YP_009724397.2	CGT	R	CTT	L	40
NC_045512.2	28392	G	C	21436	12820	49	6	6	34	0.000279694	21452	0.999243	FALSE	N:cds-YP_009724397.2	CGT	R	CCT	P	40
NC_045512.2	28392	G	A	21436	12820	49	5	3	30	0.000233079	21452	0.999733	FALSE	N:cds-YP_009724397.2	CGT	R	CAT	H	40
NC_045512.2	28393	T	G	21425	12829	49	4	4	34	0.000186602	21436	0.999922	FALSE	N:cds-YP_009724397.2	CGT	R	CGG	R	40
NC_045512.2	28393	T	C	21425	12829	49	6	6	30	0.000279903	21436	0.999244	FALSE	N:cds-YP_009724397.2	CGT	R	CGC	R	40
NC_045512.2	28393	T	A	21425	12829	49	1	1	26	4.66505e-05	21436	1	FALSE	N:cds-YP_009724397.2	CGT	R	CGA	R	40
NC_045512.2	28394	C	T	20784	12231	49	6	5	32	0.000288545	20794	0.998755	FALSE	N:cds-YP_009724397.2	CGG	R	TGG	W	41
NC_045512.2	28394	C	G	20784	12231	49	4	4	34	0.000192363	20794	0.999862	FALSE	N:cds-YP_009724397.2	CGG	R	GGG	G	41
NC_045512.2	28395	G	T	20740	12211	49	4	3	32	0.00019278	20749	0.999862	FALSE	N:cds-YP_009724397.2	CGG	R	CTG	L	41
NC_045512.2	28395	G	C	20740	12211	49	4	4	32	0.00019278	20749	0.999862	FALSE	N:cds-YP_009724397.2	CGG	R	CCG	P	41
NC_045512.2	28395	G	A	20740	12211	49	1	1	34	4.81951e-05	20749	1	FALSE	N:cds-YP_009724397.2	CGG	R	CAG	Q	41
NC_045512.2	28396	G	T	20570	12068	49	2	2	34	9.71959e-05	20577	0.999995	FALSE	N:cds-YP_009724397.2	CGG	R	CGT	R	41
NC_045512.2	28396	G	C	20570	12068	49	4	4	32	0.000194392	20577	0.999862	FALSE	N:cds-YP_009724397.2	CGG	R	CGC	R	41
NC_045512.2	28396	G	A	20570	12068	49	1	1	60	4.85979e-05	20577	0.499939	FALSE	N:cds-YP_009724397.2	CGG	R	CGA	R	41
NC_045512.2	28397	C	T	20739	12274	49	3	2	34	0.000144571	20751	0.999967	FALSE	N:cds-YP_009724397.2	CCC	P	TCC	S	42
NC_045512.2	28397	C	G	20739	12274	49	8	8	38	0.000385524	20751	0.993737	FALSE	N:cds-YP_009724397.2	CCC	P	GCC	A	42
NC_045512.2	28397	C	A	20739	12274	49	1	1	26	4.81904e-05	20751	1	FALSE	N:cds-YP_009724397.2	CCC	P	ACC	T	42
NC_045512.2	28398	C	G	20739	12272	49	4	4	34	0.000192827	20744	0.999862	FALSE	N:cds-YP_009724397.2	CCC	P	CGC	R	42
NC_045512.2	28398	C	A	20739	12272	49	1	1	34	4.82067e-05	20744	1	FALSE	N:cds-YP_009724397.2	CCC	P	CAC	H	42
NC_045512.2	28399	C	T	20636	12226	49	1	1	34	4.84496e-05	20640	1	FALSE	N:cds-YP_009724397.2	CCC	P	CCT	P	42
NC_045512.2	28399	C	G	20636	12226	49	2	2	34	9.68992e-05	20640	0.999995	FALSE	N:cds-YP_009724397.2	CCC	P	CCG	P	42
NC_045512.2	28399	C	A	20636	12226	49	1	1	34	4.84496e-05	20640	1	FALSE	N:cds-YP_009724397.2	CCC	P	CCA	P	42
NC_045512.2	28400	C	T	20597	12184	49	3	3	31	0.00014561	20603	0.999967	FALSE	N:cds-YP_009724397.2	CAA	Q	TAA	*	43
NC_045512.2	28400	C	G	20597	12184	49	1	1	34	4.85366e-05	20603	1	FALSE	N:cds-YP_009724397.2	CAA	Q	GAA	E	43
NC_045512.2	28400	C	A	20597	12184	49	2	2	34	9.70732e-05	20603	0.999995	FALSE	N:cds-YP_009724397.2	CAA	Q	AAA	K	43
NC_045512.2	28400	C	-A	20597	12184	49	1	0	20	4.85366e-05	20603	1	FALSE	NA	NA	NA	NA	NA	NA
NC_045512.2	28401	A	T	20490	12109	49	3	3	31	0.00014632	20503	0.999967	FALSE	N:cds-YP_009724397.2	CAA	Q	CTA	L	43
NC_045512.2	28401	A	G	20490	12109	49	2	1	51	9.75467e-05	20503	0.24986	FALSE	N:cds-YP_009724397.2	CAA	Q	CGA	R	43
NC_045512.2	28401	A	C	20490	12109	49	8	8	33	0.000390187	20503	0.993733	FALSE	N:cds-YP_009724397.2	CAA	Q	CCA	P	43
NC_045512.2	28402	A	T	20531	12631	48	2	2	47	9.73852e-05	20537	0.687454	FALSE	N:cds-YP_009724397.2	CAA	Q	CAT	H	43
NC_045512.2	28402	A	C	20531	12631	48	4	4	34	0.00019477	20537	0.999862	FALSE	N:cds-YP_009724397.2	CAA	Q	CAC	H	43
NC_045512.2	28403	G	T	20461	12573	48	1	1	34	4.88496e-05	20471	1	FALSE	N:cds-YP_009724397.2	GGT	G	TGT	C	44
NC_045512.2	28403	G	C	20461	12573	48	4	4	32	0.000195398	20471	0.999862	FALSE	N:cds-YP_009724397.2	GGT	G	CGT	R	44
NC_045512.2	28403	G	A	20461	12573	48	5	5	34	0.000244248	20471	0.999546	FALSE	N:cds-YP_009724397.2	GGT	G	AGT	S	44
NC_045512.2	28404	G	C	20491	12615	48	2	2	30	9.75753e-05	20497	0.999995	FALSE	N:cds-YP_009724397.2	GGT	G	GCT	A	44
NC_045512.2	28404	G	A	20491	12615	48	4	4	34	0.000195151	20497	0.999862	FALSE	N:cds-YP_009724397.2	GGT	G	GAT	D	44
NC_045512.2	28405	T	G	17722	9933	45	8	8	33	0.000451162	17732	0.978386	FALSE	N:cds-YP_009724397.2	GGT	G	GGG	G	44
NC_045512.2	28405	T	C	17722	9933	45	2	2	25	0.00011279	17732	1	FALSE	N:cds-YP_009724397.2	GGT	G	GGC	G	44
NC_045512.2	28406	T	G	19183	11465	49	2	2	34	0.000104221	19190	0.99999	FALSE	N:cds-YP_009724397.2	TTA	L	GTA	V	45
NC_045512.2	28406	T	C	19183	11465	49	2	2	51	0.000104221	19190	0.249941	FALSE	N:cds-YP_009724397.2	TTA	L	CTA	L	45
NC_045512.2	28406	T	A	19183	11465	49	3	2	34	0.000156331	19190	0.99994	FALSE	N:cds-YP_009724397.2	TTA	L	ATA	I	45
NC_045512.2	28407	T	G	19228	11537	49	2	1	34	0.000103977	19235	0.99999	FALSE	N:cds-YP_009724397.2	TTA	L	TGA	*	45
NC_045512.2	28407	T	C	19228	11537	49	3	2	30	0.000155966	19235	0.99994	FALSE	N:cds-YP_009724397.2	TTA	L	TCA	S	45
NC_045512.2	28407	T	A	19228	11537	49	2	1	30	0.000103977	19235	0.99999	FALSE	N:cds-YP_009724397.2	TTA	L	TAA	*	45
NC_045512.2	28408	A	T	19163	11547	49	7	7	32	0.000365097	19173	0.99533	FALSE	N:cds-YP_009724397.2	TTA	L	TTT	F	45
NC_045512.2	28408	A	G	19163	11547	49	3	2	34	0.00015647	19173	0.99994	FALSE	N:cds-YP_009724397.2	TTA	L	TTG	L	45
NC_045512.2	28409	C	T	19147	11546	48	3	3	31	0.000156601	19157	0.99994	FALSE	N:cds-YP_009724397.2	CCC	P	TCC	S	46
NC_045512.2	28409	C	G	19147	11546	48	3	3	34	0.000156601	19157	0.99994	FALSE	N:cds-YP_009724397.2	CCC	P	GCC	A	46
NC_045512.2	28409	C	A	19147	11546	48	4	3	32	0.000208801	19157	0.999756	FALSE	N:cds-YP_009724397.2	CCC	P	ACC	T	46
NC_045512.2	28409	C	-CCAATAATA	19147	11546	48	1	0	20	5.22002e-05	19157	1	FALSE	NA	NA	NA	NA	NA	NA
NC_045512.2	28410	C	G	19096	11581	48	2	1	34	0.00010469	19104	0.99999	FALSE	N:cds-YP_009724397.2	CCC	P	CGC	R	46
NC_045512.2	28410	C	A	19096	11581	48	6	6	31	0.00031407	19104	0.997965	FALSE	N:cds-YP_009724397.2	CCC	P	CAC	H	46
NC_045512.2	28411	C	T	19122	11566	49	2	2	34	0.000104581	19124	0.99999	FALSE	N:cds-YP_009724397.2	CCC	P	CCT	P	46
NC_045512.2	28412	A	G	18154	10758	49	3	3	31	0.00016518	18162	0.99989	FALSE	N:cds-YP_009724397.2	AAT	N	GAT	D	47
NC_045512.2	28412	A	C	18154	10758	49	5	5	34	0.0002753	18162	0.998702	FALSE	N:cds-YP_009724397.2	AAT	N	CAT	H	47
NC_045512.2	28413	A	T	18255	10935	49	1	1	34	5.47675e-05	18259	0.999998	FALSE	N:cds-YP_009724397.2	AAT	N	ATT	I	47
NC_045512.2	28413	A	G	18255	10935	49	2	2	34	0.000109535	18259	0.99998	FALSE	N:cds-YP_009724397.2	AAT	N	AGT	S	47
NC_045512.2	28413	A	C	18255	10935	49	1	1	26	5.47675e-05	18259	1	FALSE	N:cds-YP_009724397.2	AAT	N	ACT	T	47
NC_045512.2	28414	T	C	18146	10833	48	3	3	34	0.000165244	18155	0.999889	FALSE	N:cds-YP_009724397.2	AAT	N	AAC	N	47
NC_045512.2	28414	T	A	18146	10833	48	6	6	32	0.000330487	18155	0.996699	FALSE	N:cds-YP_009724397.2	AAT	N	AAA	K	47
NC_045512.2	28415	A	T	18097	10890	49	4	4	34	0.00022097	18102	0.999574	FALSE	N:cds-YP_009724397.2	AAT	N	TAT	Y	48
NC_045512.2	28415	A	C	18097	10890	49	1	1	34	5.52425e-05	18102	0.999998	FALSE	N:cds-YP_009724397.2	AAT	N	CAT	H	48
NC_045512.2	28416	A	T	18101	10854	49	1	1	34	5.52242e-05	18108	0.999998	FALSE	N:cds-YP_009724397.2	AAT	N	ATT	I	48
NC_045512.2	28416	A	G	18101	10854	49	4	4	31	0.000220897	18108	0.999573	FALSE	N:cds-YP_009724397.2	AAT	N	AGT	S	48
NC_045512.2	28416	A	C	18101	10854	49	2	2	34	0.000110448	18108	0.99998	FALSE	N:cds-YP_009724397.2	AAT	N	ACT	T	48
NC_045512.2	28417	T	G	18073	10856	49	1	1	26	5.52975e-05	18084	1	FALSE	N:cds-YP_009724397.2	AAT	N	AAG	K	48
NC_045512.2	28417	T	C	18073	10856	49	4	4	35	0.00022119	18084	0.999572	FALSE	N:cds-YP_009724397.2	AAT	N	AAC	N	48
NC_045512.2	28417	T	A	18073	10856	49	6	6	30	0.000331785	18084	0.996697	FALSE	N:cds-YP_009724397.2	AAT	N	AAA	K	48
NC_045512.2	28418	A	T	17576	10471	49	5	5	34	0.000284301	17587	0.997829	FALSE	N:cds-YP_009724397.2	ACT	T	TCT	S	49
NC_045512.2	28418	A	G	17576	10471	49	3	2	44	0.000170581	17587	0.312319	FALSE	N:cds-YP_009724397.2	ACT	T	GCT	A	49
NC_045512.2	28418	A	C	17576	10471	49	3	3	31	0.000170581	17587	0.999799	FALSE	N:cds-YP_009724397.2	ACT	T	CCT	P	49
NC_045512.2	28419	C	T	17662	10548	49	3	3	31	0.000169741	17674	0.999799	FALSE	N:cds-YP_009724397.2	ACT	T	ATT	I	49
NC_045512.2	28419	C	G	17662	10548	49	2	2	34	0.000113161	17674	0.999962	FALSE	N:cds-YP_009724397.2	ACT	T	AGT	S	49
NC_045512.2	28419	C	A	17662	10548	49	7	7	31	0.000396062	17674	0.988678	FALSE	N:cds-YP_009724397.2	ACT	T	AAT	N	49
NC_045512.2	28420	T	G	15789	8937	50	1	1	27	6.32992e-05	15798	1	FALSE	N:cds-YP_009724397.2	ACT	T	ACG	T	49
NC_045512.2	28420	T	C	15789	8937	50	6	5	34	0.000379795	15798	0.986713	FALSE	N:cds-YP_009724397.2	ACT	T	ACC	T	49
NC_045512.2	28420	T	A	15789	8937	50	2	2	34	0.000126598	15798	0.999863	FALSE	N:cds-YP_009724397.2	ACT	T	ACA	T	49
NC_045512.2	28421	G	T	23079	11223	45	3	3	34	0.000129932	23089	0.999995	FALSE	N:cds-YP_009724397.2	GCG	A	TCG	S	50
NC_045512.2	28421	G	C	23079	11223	45	2	2	26	8.66213e-05	23089	1	FALSE	N:cds-YP_009724397.2	GCG	A	CCG	P	50
NC_045512.2	28421	G	A	23079	11223	45	5	4	32	0.000216553	23089	0.99991	FALSE	N:cds-YP_009724397.2	GCG	A	ACG	T	50
NC_045512.2	28422	C	T	22669	10893	46	5	3	34	0.000220468	22679	0.999845	FALSE	N:cds-YP_009724397.2	GCG	A	GTG	V	50
NC_045512.2	28422	C	G	22669	10893	46	3	3	28	0.000132281	22679	1	FALSE	N:cds-YP_009724397.2	GCG	A	GGG	G	50
NC_045512.2	28422	C	A	22669	10893	46	2	2	34	8.81873e-05	22679	0.999999	FALSE	N:cds-YP_009724397.2	GCG	A	GAG	E	50
NC_045512.2	28423	G	T	22849	10938	46	4	4	34	0.000174993	22858	0.999956	FALSE	N:cds-YP_009724397.2	GCG	A	GCT	A	50
NC_045512.2	28423	G	C	22849	10938	46	4	4	32	0.000174993	22858	0.999956	FALSE	N:cds-YP_009724397.2	GCG	A	GCC	A	50
NC_045512.2	28423	G	A	22849	10938	46	1	1	34	4.37484e-05	22858	1	FALSE	N:cds-YP_009724397.2	GCG	A	GCA	A	50
NC_045512.2	28424	T	G	21957	9898	44	3	3	34	0.000136581	21965	0.999982	FALSE	N:cds-YP_009724397.2	TCT	S	GCT	A	51
NC_045512.2	28424	T	C	21957	9898	44	3	3	31	0.000136581	21965	0.999982	FALSE	N:cds-YP_009724397.2	TCT	S	CCT	P	51
NC_045512.2	28424	T	A	21957	9898	44	2	2	29	9.10539e-05	21965	1	FALSE	N:cds-YP_009724397.2	TCT	S	ACT	T	51
NC_045512.2	28425	C	T	22922	10990	46	3	3	31	0.000130833	22930	0.99999	FALSE	N:cds-YP_009724397.2	TCT	S	TTT	F	51
NC_045512.2	28425	C	G	22922	10990	46	3	3	31	0.000130833	22930	0.99999	FALSE	N:cds-YP_009724397.2	TCT	S	TGT	C	51
NC_045512.2	28425	C	A	22922	10990	46	2	2	30	8.7222e-05	22930	0.999999	FALSE	N:cds-YP_009724397.2	TCT	S	TAT	Y	51
NC_045512.2	28426	T	G	22906	10977	46	2	1	30	8.72867e-05	22913	0.999999	FALSE	N:cds-YP_009724397.2	TCT	S	TCG	S	51
NC_045512.2	28426	T	C	22906	10977	46	3	3	42	0.00013093	22913	0.499939	FALSE	N:cds-YP_009724397.2	TCT	S	TCC	S	51
NC_045512.2	28426	T	A	22906	10977	46	2	2	34	8.72867e-05	22913	0.999999	FALSE	N:cds-YP_009724397.2	TCT	S	TCA	S	51
NC_045512.2	28427	T	G	22980	11058	46	1	1	34	4.34972e-05	22990	1	FALSE	N:cds-YP_009724397.2	TGG	W	GGG	G	52
NC_045512.2	28427	T	C	22980	11058	46	7	6	36	0.00030448	22990	0.998845	FALSE	N:cds-YP_009724397.2	TGG	W	CGG	R	52
NC_045512.2	28427	T	A	22980	11058	46	2	2	30	8.69943e-05	22990	0.999999	FALSE	N:cds-YP_009724397.2	TGG	W	AGG	R	52
NC_045512.2	28427	T	-GGTTCACCG	22980	11058	46	1	0	20	4.34972e-05	22990	1	FALSE	NA	NA	NA	NA	NA	NA
NC_045512.2	28428	G	T	23007	11182	45	5	5	34	0.00021725	23015	0.99991	FALSE	N:cds-YP_009724397.2	TGG	W	TTG	L	52
NC_045512.2	28428	G	C	23007	11182	45	1	1	34	4.34499e-05	23015	1	FALSE	N:cds-YP_009724397.2	TGG	W	TCG	S	52
NC_045512.2	28428	G	A	23007	11182	45	2	2	34	8.68998e-05	23015	0.999999	FALSE	N:cds-YP_009724397.2	TGG	W	TAG	*	52
NC_045512.2	28429	G	T	22803	10823	44	2	2	34	8.76808e-05	22810	0.999999	FALSE	N:cds-YP_009724397.2	TGG	W	TGT	C	52
NC_045512.2	28429	G	C	22803	10823	44	3	2	34	0.000131521	22810	0.99999	FALSE	N:cds-YP_009724397.2	TGG	W	TGC	C	52
NC_045512.2	28429	G	A	22803	10823	44	2	2	34	8.76808e-05	22810	0.999999	FALSE	N:cds-YP_009724397.2	TGG	W	TGA	*	52
NC_045512.2	28430	T	G	22925	10991	45	9	6	30	0.000392362	22938	0.994669	FALSE	N:cds-YP_009724397.2	TTC	F	GTC	V	53
NC_045512.2	28430	T	C	22925	10991	45	4	4	40	0.000174383	22938	0.343556	FALSE	N:cds-YP_009724397.2	TTC	F	CTC	L	53
NC_045512.2	28431	T	G	23216	11191	45	6	5	32	0.00025832	23227	0.999727	FALSE	N:cds-YP_009724397.2	TTC	F	TGC	C	53
NC_045512.2	28431	T	C	23216	11191	45	3	3	34	0.00012916	23227	0.999995	FALSE	N:cds-YP_009724397.2	TTC	F	TCC	S	53
NC_045512.2	28431	T	A	23216	11191	45	2	1	29	8.61067e-05	23227	1	FALSE	N:cds-YP_009724397.2	TTC	F	TAC	Y	53
NC_045512.2	28432	C	T	23162	11194	45	6	5	38	0.000258944	23171	0.999728	FALSE	N:cds-YP_009724397.2	TTC	F	TTT	F	53
NC_045512.2	28432	C	A	23162	11194	45	3	2	28	0.000129472	23171	1	FALSE	N:cds-YP_009724397.2	TTC	F	TTA	L	53
NC_045512.2	28433	A	T	22842	10961	45	1	1	26	4.37675e-05	22848	1	FALSE	N:cds-YP_009724397.2	ACC	T	TCC	S	54
NC_045512.2	28433	A	G	22842	10961	45	2	2	34	8.7535e-05	22848	0.999999	FALSE	N:cds-YP_009724397.2	ACC	T	GCC	A	54
NC_045512.2	28433	A	C	22842	10961	45	3	3	34	0.000131303	22848	0.99999	FALSE	N:cds-YP_009724397.2	ACC	T	CCC	P	54
NC_045512.2	28434	C	T	22962	10994	45	2	2	51	8.70777e-05	22968	0.249951	FALSE	N:cds-YP_009724397.2	ACC	T	ATC	I	54
NC_045512.2	28434	C	G	22962	10994	45	1	1	34	4.35388e-05	22968	1	FALSE	N:cds-YP_009724397.2	ACC	T	AGC	S	54
NC_045512.2	28434	C	A	22962	10994	45	3	3	28	0.000130617	22968	1	FALSE	N:cds-YP_009724397.2	ACC	T	AAC	N	54
NC_045512.2	28435	C	T	22897	11061	45	1	1	34	4.36624e-05	22903	1	FALSE	N:cds-YP_009724397.2	ACC	T	ACT	T	54
NC_045512.2	28435	C	A	22897	11061	45	5	5	39	0.000218312	22903	0.999845	FALSE	N:cds-YP_009724397.2	ACC	T	ACA	T	54
NC_045512.2	28436	G	T	22877	10971	45	1	1	68	4.3691e-05	22888	0.499891	FALSE	N:cds-YP_009724397.2	GCT	A	TCT	S	55
NC_045512.2	28436	G	C	22877	10971	45	6	6	31	0.000262146	22888	0.999545	FALSE	N:cds-YP_009724397.2	GCT	A	CCT	P	55
NC_045512.2	28436	G	A	22877	10971	45	4	3	34	0.000174764	22888	0.999956	FALSE	N:cds-YP_009724397.2	GCT	A	ACT	T	55
NC_045512.2	28437	C	G	22865	11046	45	4	4	30	0.000174879	22873	0.999956	FALSE	N:cds-YP_009724397.2	GCT	A	GGT	G	55
NC_045512.2	28437	C	A	22865	11046	45	4	2	32	0.000174879	22873	0.999956	FALSE	N:cds-YP_009724397.2	GCT	A	GAT	D	55
NC_045512.2	28438	T	G	22277	10056	43	2	1	34	8.97424e-05	22286	0.999999	FALSE	N:cds-YP_009724397.2	GCT	A	GCG	A	55
NC_045512.2	28438	T	C	22277	10056	43	5	5	40	0.000224356	22286	0.226489	FALSE	N:cds-YP_009724397.2	GCT	A	GCC	A	55
NC_045512.2	28438	T	A	22277	10056	43	2	2	34	8.97424e-05	22286	0.999999	FALSE	N:cds-YP_009724397.2	GCT	A	GCA	A	55
NC_045512.2	28439	C	T	19398	8865	44	4	4	42	0.000206111	19407	0.187419	FALSE	N:cds-YP_009724397.2	CTC	L	TTC	F	56
NC_045512.2	28439	C	G	19398	8865	44	3	2	31	0.000154583	19407	0.99994	FALSE	N:cds-YP_009724397.2	CTC	L	GTC	V	56
NC_045512.2	28439	C	A	19398	8865	44	2	2	34	0.000103056	19407	0.99999	FALSE	N:cds-YP_009724397.2	CTC	L	ATC	I	56
NC_045512.2	28440	T	G	20459	8864	45	6	4	32	0.000293083	20472	0.998754	FALSE	N:cds-YP_009724397.2	CTC	L	CGC	R	56
NC_045512.2	28440	T	C	20459	8864	45	4	3	40	0.000195389	20472	0.343555	FALSE	N:cds-YP_009724397.2	CTC	L	CCC	P	56
NC_045512.2	28440	T	A	20459	8864	45	3	2	34	0.000146542	20472	0.999967	FALSE	N:cds-YP_009724397.2	CTC	L	CAC	H	56
NC_045512.2	28440	T	-CACTCAACA	20459	8864	45	1	0	20	4.88472e-05	20472	1	FALSE	NA	NA	NA	NA	NA	NA
NC_045512.2	28441	C	T	20948	8989	45	3	3	31	0.00014315	20957	0.999967	FALSE	N:cds-YP_009724397.2	CTC	L	CTT	L	56
NC_045512.2	28441	C	G	20948	8989	45	3	3	34	0.00014315	20957	0.999967	FALSE	N:cds-YP_009724397.2	CTC	L	CTG	L	56
NC_045512.2	28441	C	A	20948	8989	45	3	3	34	0.00014315	20957	0.999967	FALSE	N:cds-YP_009724397.2	CTC	L	CTA	L	56
NC_045512.2	28442	A	T	20775	8949	44	3	2	31	0.000144321	20787	0.999967	FALSE	N:cds-YP_009724397.2	ACT	T	TCT	S	57
NC_045512.2	28442	A	G	20775	8949	44	3	3	34	0.000144321	20787	0.999967	FALSE	N:cds-YP_009724397.2	ACT	T	GCT	A	57
NC_045512.2	28442	A	C	20775	8949	44	6	4	34	0.000288642	20787	0.998754	FALSE	N:cds-YP_009724397.2	ACT	T	CCT	P	57
NC_045512.2	28443	C	T	21102	9073	45	3	3	31	0.000142119	21109	0.999982	FALSE	N:cds-YP_009724397.2	ACT	T	ATT	I	57
NC_045512.2	28443	C	G	21102	9073	45	1	0	27	4.73732e-05	21109	1	FALSE	N:cds-YP_009724397.2	ACT	T	AGT	S	57
NC_045512.2	28443	C	A	21102	9073	45	3	2	31	0.000142119	21109	0.999982	FALSE	N:cds-YP_009724397.2	ACT	T	AAT	N	57
NC_045512.2	28444	T	G	21093	9081	45	5	5	34	0.000236944	21102	0.999734	FALSE	N:cds-YP_009724397.2	ACT	T	ACG	T	57
NC_045512.2	28444	T	C	21093	9081	45	3	2	45	0.000142167	21102	0.499867	FALSE	N:cds-YP_009724397.2	ACT	T	ACC	T	57
NC_045512.2	28444	T	A	21093	9081	45	1	1	34	4.73889e-05	21102	1	FALSE	N:cds-YP_009724397.2	ACT	T	ACA	T	57
NC_045512.2	28444	T	-CAACATGGC	21093	9081	45	1	0	20	4.73866e-05	21103	1	FALSE	NA	NA	NA	NA	NA	NA
NC_045512.2	28445	C	T	21649	9678	46	2	2	34	9.23617e-05	21654	0.999997	FALSE	N:cds-YP_009724397.2	CAA	Q	TAA	*	58
NC_045512.2	28445	C	G	21649	9678	46	1	1	34	4.61808e-05	21654	1	FALSE	N:cds-YP_009724397.2	CAA	Q	GAA	E	58
NC_045512.2	28445	C	A	21649	9678	46	2	2	34	9.23617e-05	21654	0.999997	FALSE	N:cds-YP_009724397.2	CAA	Q	AAA	K	58
NC_045512.2	28445	C	-AACATGGCA	21649	9678	46	1	0	20	4.61766e-05	21656	1	FALSE	NA	NA	NA	NA	NA	NA
NC_045512.2	28446	A	T	21444	9699	46	3	3	34	0.000139828	21455	0.999982	FALSE	N:cds-YP_009724397.2	CAA	Q	CTA	L	58
NC_045512.2	28446	A	G	21444	9699	46	4	2	49	0.000186437	21455	0.343542	FALSE	N:cds-YP_009724397.2	CAA	Q	CGA	R	58
NC_045512.2	28446	A	C	21444	9699	46	4	3	34	0.000186437	21455	0.999922	FALSE	N:cds-YP_009724397.2	CAA	Q	CCA	P	58
NC_045512.2	28447	A	T	21519	9775	45	1	1	34	4.64511e-05	21528	1	FALSE	N:cds-YP_009724397.2	CAA	Q	CAT	H	58
NC_045512.2	28447	A	G	21519	9775	45	3	0	56	0.000139353	21528	0.124922	FALSE	N:cds-YP_009724397.2	CAA	Q	CAG	Q	58
NC_045512.2	28447	A	C	21519	9775	45	5	5	30	0.000232256	21528	0.999734	FALSE	N:cds-YP_009724397.2	CAA	Q	CAC	H	58
NC_045512.2	28448	C	T	21769	9830	46	5	2	34	0.000229558	21781	0.999733	FALSE	N:cds-YP_009724397.2	CAT	H	TAT	Y	59
NC_045512.2	28448	C	G	21769	9830	46	2	1	27	9.18231e-05	21781	1	FALSE	N:cds-YP_009724397.2	CAT	H	GAT	D	59
NC_045512.2	28448	C	A	21769	9830	46	5	4	29	0.000229558	21781	1	FALSE	N:cds-YP_009724397.2	CAT	H	AAT	N	59
NC_045512.2	28449	A	T	21690	9728	46	1	0	20	4.60957e-05	21694	1	FALSE	N:cds-YP_009724397.2	CAT	H	CTT	L	59
NC_045512.2	28449	A	C	21690	9728	46	3	3	34	0.000138287	21694	0.999982	FALSE	N:cds-YP_009724397.2	CAT	H	CCT	P	59
NC_045512.2	28450	T	G	22049	9938	46	1	1	34	4.5335e-05	22058	1	FALSE	N:cds-YP_009724397.2	CAT	H	CAG	Q	59
NC_045512.2	28450	T	C	22049	9938	46	2	2	30	9.06701e-05	22058	0.999999	FALSE	N:cds-YP_009724397.2	CAT	H	CAC	H	59
NC_045512.2	28450	T	A	22049	9938	46	6	6	32	0.00027201	22058	0.999545	FALSE	N:cds-YP_009724397.2	CAT	H	CAA	Q	59
NC_045512.2	28451	G	T	22038	9903	46	2	2	34	9.06988e-05	22051	0.999999	FALSE	N:cds-YP_009724397.2	GGC	G	TGC	C	60
NC_045512.2	28451	G	C	22038	9903	46	3	3	31	0.000136048	22051	0.99999	FALSE	N:cds-YP_009724397.2	GGC	G	CGC	R	60
NC_045512.2	28451	G	A	22038	9903	46	8	7	40	0.000362795	22051	0.0546198	FALSE	N:cds-YP_009724397.2	GGC	G	AGC	S	60
NC_045512.2	28452	G	T	22224	9938	46	5	5	30	0.000224891	22233	0.999845	FALSE	N:cds-YP_009724397.2	GGC	G	GTC	V	60
NC_045512.2	28452	G	C	22224	9938	46	1	1	34	4.49782e-05	22233	1	FALSE	N:cds-YP_009724397.2	GGC	G	GCC	A	60
NC_045512.2	28452	G	A	22224	9938	46	3	2	31	0.000134935	22233	0.99999	FALSE	N:cds-YP_009724397.2	GGC	G	GAC	D	60
NC_045512.2	28453	C	T	22362	10123	46	1	1	34	4.46987e-05	22372	1	FALSE	N:cds-YP_009724397.2	GGC	G	GGT	G	60
NC_045512.2	28453	C	G	22362	10123	46	6	6	37	0.000268192	22372	0.999545	FALSE	N:cds-YP_009724397.2	GGC	G	GGG	G	60
NC_045512.2	28453	C	A	22362	10123	46	3	3	31	0.000134096	22372	0.99999	FALSE	N:cds-YP_009724397.2	GGC	G	GGA	G	60
NC_045512.2	28454	A	G	22430	10121	46	7	7	36	0.000311943	22440	0.998844	FALSE	N:cds-YP_009724397.2	AAG	K	GAG	E	61
NC_045512.2	28454	A	C	22430	10121	46	3	3	34	0.00013369	22440	0.99999	FALSE	N:cds-YP_009724397.2	AAG	K	CAG	Q	61
NC_045512.2	28455	A	T	22441	10176	46	4	3	34	0.00017815	22453	0.999956	FALSE	N:cds-YP_009724397.2	AAG	K	ATG	M	61
NC_045512.2	28455	A	G	22441	10176	46	3	1	31	0.000133612	22453	0.99999	FALSE	N:cds-YP_009724397.2	AAG	K	AGG	R	61
NC_045512.2	28455	A	C	22441	10176	46	5	4	31	0.000222687	22453	0.999845	FALSE	N:cds-YP_009724397.2	AAG	K	ACG	T	61
NC_045512.2	28456	G	T	22461	10108	46	1	1	34	4.44998e-05	22472	1	FALSE	N:cds-YP_009724397.2	AAG	K	AAT	N	61
NC_045512.2	28456	G	C	22461	10108	46	3	3	34	0.000133499	22472	0.99999	FALSE	N:cds-YP_009724397.2	AAG	K	AAC	N	61
NC_045512.2	28456	G	A	22461	10108	46	7	6	37	0.000311499	22472	0.998844	FALSE	N:cds-YP_009724397.2	AAG	K	AAA	K	61
NC_045512.2	28457	G	T	22547	10453	47	2	2	30	8.86682e-05	22556	0.999999	FALSE	N:cds-YP_009724397.2	GAA	E	TAA	*	62
NC_045512.2	28457	G	C	22547	10453	47	2	2	34	8.86682e-05	22556	0.999999	FALSE	N:cds-YP_009724397.2	GAA	E	CAA	Q	62
NC_045512.2	28457	G	A	22547	10453	47	5	5	34	0.000221671	22556	0.999845	FALSE	N:cds-YP_009724397.2	GAA	E	AAA	K	62
NC_045512.2	28458	A	T	22593	10470	47	1	1	34	4.4238e-05	22605	1	FALSE	N:cds-YP_009724397.2	GAA	E	GTA	V	62
NC_045512.2	28458	A	G	22593	10470	47	9	7	36	0.000398142	22605	0.994672	FALSE	N:cds-YP_009724397.2	GAA	E	GGA	G	62
NC_045512.2	28458	A	C	22593	10470	47	2	2	26	8.8476e-05	22605	1	FALSE	N:cds-YP_009724397.2	GAA	E	GCA	A	62
NC_045512.2	28459	A	T	22610	10510	47	1	1	34	4.42067e-05	22621	1	FALSE	N:cds-YP_009724397.2	GAA	E	GAT	D	62
NC_045512.2	28459	A	G	22610	10510	47	9	8	32	0.00039786	22621	0.994674	FALSE	N:cds-YP_009724397.2	GAA	E	GAG	E	62
NC_045512.2	28459	A	C	22610	10510	47	1	0	24	4.42067e-05	22621	1	FALSE	N:cds-YP_009724397.2	GAA	E	GAC	D	62
NC_045512.2	28460	G	C	22605	10540	47	3	3	31	0.000132655	22615	0.99999	FALSE	N:cds-YP_009724397.2	GAC	D	CAC	H	63
NC_045512.2	28460	G	A	22605	10540	47	7	6	32	0.000309529	22615	0.998845	FALSE	N:cds-YP_009724397.2	GAC	D	AAC	N	63
NC_045512.2	28461	A	T	22430	10876	47	1	1	34	4.45613e-05	22441	1	FALSE	N:cds-YP_009724397.2	GAC	D	GTC	V	63
NC_045512.2	28461	A	G	22430	10876	47	8	5	32	0.00035649	22441	0.997394	FALSE	N:cds-YP_009724397.2	GAC	D	GGC	G	63
NC_045512.2	28461	A	C	22430	10876	47	2	2	34	8.91226e-05	22441	0.999999	FALSE	N:cds-YP_009724397.2	GAC	D	GCC	A	63
NC_045512.2	28462	C	T	23393	11047	47	1	1	26	4.27296e-05	23403	1	FALSE	N:cds-YP_009724397.2	GAC	D	GAT	D	63
NC_045512.2	28462	C	G	23393	11047	47	4	4	30	0.000170918	23403	0.999975	FALSE	N:cds-YP_009724397.2	GAC	D	GAG	E	63
NC_045512.2	28462	C	A	23393	11047	47	5	4	34	0.000213648	23403	0.99991	FALSE	N:cds-YP_009724397.2	GAC	D	GAA	E	63
NC_045512.2	28463	C	G	23411	11134	47	2	1	30	8.53898e-05	23422	0.999999	FALSE	N:cds-YP_009724397.2	CTT	L	GTT	V	64
NC_045512.2	28463	C	A	23411	11134	47	9	7	34	0.000384254	23422	0.996508	FALSE	N:cds-YP_009724397.2	CTT	L	ATT	I	64
NC_045512.2	28464	T	G	23437	11140	47	1	1	34	4.26403e-05	23452	1	FALSE	N:cds-YP_009724397.2	CTT	L	CGT	R	64
NC_045512.2	28464	T	C	23437	11140	47	11	8	32	0.000469043	23452	0.98786	FALSE	N:cds-YP_009724397.2	CTT	L	CCT	P	64
NC_045512.2	28464	T	A	23437	11140	47	3	2	45	0.000127921	23452	0.49978	FALSE	N:cds-YP_009724397.2	CTT	L	CAT	H	64
NC_045512.2	28465	T	C	23454	11230	47	5	5	34	0.00021312	23461	0.99991	FALSE	N:cds-YP_009724397.2	CTT	L	CTC	L	64
NC_045512.2	28465	T	A	23454	11230	47	2	1	34	8.52479e-05	23461	0.999999	FALSE	N:cds-YP_009724397.2	CTT	L	CTA	L	64
NC_045512.2	28466	A	T	23339	11141	47	5	5	34	0.000214142	23349	0.99991	FALSE	N:cds-YP_009724397.2	AAA	K	TAA	*	65
NC_045512.2	28466	A	G	23339	11141	47	2	1	51	8.56568e-05	23349	0.24992	FALSE	N:cds-YP_009724397.2	AAA	K	GAA	E	65
NC_045512.2	28466	A	C	23339	11141	47	3	3	34	0.000128485	23349	0.999995	FALSE	N:cds-YP_009724397.2	AAA	K	CAA	Q	65
NC_045512.2	28467	A	T	23588	12381	50	6	5	45	0.00025427	23597	0.144483	FALSE	N:cds-YP_009724397.2	AAA	K	ATA	I	65
NC_045512.2	28467	A	G	23588	12381	50	3	2	34	0.000127135	23597	0.999995	FALSE	N:cds-YP_009724397.2	AAA	K	AGA	R	65
NC_045512.2	28468	A	T	22747	12467	47	2	2	34	8.79005e-05	22753	0.999999	FALSE	N:cds-YP_009724397.2	AAA	K	AAT	N	65
NC_045512.2	28468	A	G	22747	12467	47	2	2	30	8.79005e-05	22753	0.999999	FALSE	N:cds-YP_009724397.2	AAA	K	AAG	K	65
NC_045512.2	28468	A	C	22747	12467	47	2	1	30	8.79005e-05	22753	0.999999	FALSE	N:cds-YP_009724397.2	AAA	K	AAC	N	65
NC_045512.2	28469	T	G	23662	12449	50	1	1	34	4.22351e-05	23677	1	FALSE	N:cds-YP_009724397.2	TTC	F	GTC	V	66
NC_045512.2	28469	T	C	23662	12449	50	5	4	47	0.000211175	23677	0.226389	FALSE	N:cds-YP_009724397.2	TTC	F	CTC	L	66
NC_045512.2	28469	T	A	23662	12449	50	9	9	32	0.000380116	23677	0.996503	FALSE	N:cds-YP_009724397.2	TTC	F	ATC	I	66
NC_045512.2	28470	T	G	23280	12199	50	1	1	26	4.29387e-05	23289	1	FALSE	N:cds-YP_009724397.2	TTC	F	TGC	C	66
NC_045512.2	28470	T	C	23280	12199	50	4	4	40	0.000171755	23289	0.343659	FALSE	N:cds-YP_009724397.2	TTC	F	TCC	S	66
NC_045512.2	28470	T	A	23280	12199	50	4	4	34	0.000171755	23289	0.999975	FALSE	N:cds-YP_009724397.2	TTC	F	TAC	Y	66
NC_045512.2	28471	C	T	22893	12080	49	9	8	37	0.000392927	22905	0.994672	FALSE	N:cds-YP_009724397.2	TTC	F	TTT	F	66
NC_045512.2	28471	C	A	22893	12080	49	3	3	34	0.000130976	22905	0.99999	FALSE	N:cds-YP_009724397.2	TTC	F	TTA	L	66
NC_045512.2	28472	C	T	22742	12129	50	4	4	32	0.000175832	22749	0.999956	FALSE	N:cds-YP_009724397.2	CCT	P	TCT	S	67
NC_045512.2	28472	C	G	22742	12129	50	1	0	34	4.3958e-05	22749	1	FALSE	N:cds-YP_009724397.2	CCT	P	GCT	A	67
NC_045512.2	28472	C	A	22742	12129	50	2	2	30	8.7916e-05	22749	0.999999	FALSE	N:cds-YP_009724397.2	CCT	P	ACT	T	67
NC_045512.2	28473	C	T	23177	12641	49	3	3	34	0.000129416	23181	0.999995	FALSE	N:cds-YP_009724397.2	CCT	P	CTT	L	67
NC_045512.2	28473	C	A	23177	12641	49	1	1	34	4.31388e-05	23181	1	FALSE	N:cds-YP_009724397.2	CCT	P	CAT	H	67
NC_045512.2	28474	T	G	23229	12659	49	1	1	34	4.302e-05	23245	1	FALSE	N:cds-YP_009724397.2	CCT	P	CCG	P	67
NC_045512.2	28474	T	C	23229	12659	49	14	12	34	0.00060228	23245	0.950618	FALSE	N:cds-YP_009724397.2	CCT	P	CCC	P	67
NC_045512.2	28474	T	A	23229	12659	49	1	1	34	4.302e-05	23245	1	FALSE	N:cds-YP_009724397.2	CCT	P	CCA	P	67
NC_045512.2	28475	C	T	23145	12575	49	4	4	34	0.000172779	23151	0.999975	FALSE	N:cds-YP_009724397.2	CGA	R	TGA	*	68
NC_045512.2	28475	C	G	23145	12575	49	1	1	34	4.31947e-05	23151	1	FALSE	N:cds-YP_009724397.2	CGA	R	GGA	G	68
NC_045512.2	28475	C	A	23145	12575	49	1	1	34	4.31947e-05	23151	1	FALSE	N:cds-YP_009724397.2	CGA	R	AGA	R	68
NC_045512.2	28476	G	T	23138	12590	49	5	5	32	0.000215973	23151	0.99991	FALSE	N:cds-YP_009724397.2	CGA	R	CTA	L	68
NC_045512.2	28476	G	C	23138	12590	49	7	7	31	0.000302363	23151	0.999286	FALSE	N:cds-YP_009724397.2	CGA	R	CCA	P	68
NC_045512.2	28476	G	A	23138	12590	49	1	1	26	4.31947e-05	23151	1	FALSE	N:cds-YP_009724397.2	CGA	R	CAA	Q	68
NC_045512.2	28477	A	T	23329	12641	49	3	3	31	0.000128524	23342	0.999995	FALSE	N:cds-YP_009724397.2	CGA	R	CGT	R	68
NC_045512.2	28477	A	G	23329	12641	49	5	4	40	0.000214206	23342	0.226422	FALSE	N:cds-YP_009724397.2	CGA	R	CGG	R	68
NC_045512.2	28477	A	C	23329	12641	49	5	5	29	0.000214206	23342	1	FALSE	N:cds-YP_009724397.2	CGA	R	CGC	R	68
NC_045512.2	28478	G	T	23911	12765	49	3	3	28	0.000125413	23921	1	FALSE	N:cds-YP_009724397.2	GGA	G	TGA	*	69
NC_045512.2	28478	G	C	23911	12765	49	2	2	34	8.36085e-05	23921	0.999999	FALSE	N:cds-YP_009724397.2	GGA	G	CGA	R	69
NC_045512.2	28478	G	A	23911	12765	49	5	4	34	0.000209021	23921	0.99991	FALSE	N:cds-YP_009724397.2	GGA	G	AGA	R	69
NC_045512.2	28479	G	T	23998	13153	49	3	0	29	0.000124948	24010	1	FALSE	N:cds-YP_009724397.2	GGA	G	GTA	V	69
NC_045512.2	28479	G	C	23998	13153	49	3	3	31	0.000124948	24010	0.999997	FALSE	N:cds-YP_009724397.2	GGA	G	GCA	A	69
NC_045512.2	28479	G	A	23998	13153	49	6	6	32	0.000249896	24010	0.999838	FALSE	N:cds-YP_009724397.2	GGA	G	GAA	E	69
NC_045512.2	28480	A	T	24050	13440	50	1	1	34	4.15576e-05	24063	1	FALSE	N:cds-YP_009724397.2	GGA	G	GGT	G	69
NC_045512.2	28480	A	G	24050	13440	50	7	5	36	0.000290903	24063	0.999562	FALSE	N:cds-YP_009724397.2	GGA	G	GGG	G	69
NC_045512.2	28480	A	C	24050	13440	50	5	4	29	0.000207788	24063	1	FALSE	N:cds-YP_009724397.2	GGA	G	GGC	G	69
NC_045512.2	28481	C	T	24026	13470	50	2	1	47	8.31981e-05	24039	0.687352	FALSE	N:cds-YP_009724397.2	CAA	Q	TAA	*	70
NC_045512.2	28481	C	G	24026	13470	50	6	6	32	0.000249594	24039	0.999838	FALSE	N:cds-YP_009724397.2	CAA	Q	GAA	E	70
NC_045512.2	28481	C	A	24026	13470	50	5	5	34	0.000207995	24039	0.999948	FALSE	N:cds-YP_009724397.2	CAA	Q	AAA	K	70
NC_045512.2	28482	A	T	23569	13109	50	3	2	31	0.000127237	23578	0.999995	FALSE	N:cds-YP_009724397.2	CAA	Q	CTA	L	70
NC_045512.2	28482	A	G	23569	13109	50	3	3	31	0.000127237	23578	0.999995	FALSE	N:cds-YP_009724397.2	CAA	Q	CGA	R	70
NC_045512.2	28482	A	C	23569	13109	50	3	3	31	0.000127237	23578	0.999995	FALSE	N:cds-YP_009724397.2	CAA	Q	CCA	P	70
NC_045512.2	28483	A	T	23648	13130	50	1	1	34	4.22601e-05	23663	1	FALSE	N:cds-YP_009724397.2	CAA	Q	CAT	H	70
NC_045512.2	28483	A	G	23648	13130	50	7	5	55	0.00029582	23663	0.00780095	TRUE	N:cds-YP_009724397.2	CAA	Q	CAG	Q	70
NC_045512.2	28483	A	C	23648	13130	50	7	7	30	0.00029582	23663	0.999285	FALSE	N:cds-YP_009724397.2	CAA	Q	CAC	H	70
NC_045512.2	28484	G	T	23590	13164	50	2	2	51	8.47206e-05	23607	0.249846	FALSE	N:cds-YP_009724397.2	GGC	G	TGC	C	71
NC_045512.2	28484	G	C	23590	13164	50	4	4	34	0.000169441	23607	0.999975	FALSE	N:cds-YP_009724397.2	GGC	G	CGC	R	71
NC_045512.2	28484	G	A	23590	13164	50	11	9	34	0.000465963	23607	0.987853	FALSE	N:cds-YP_009724397.2	GGC	G	AGC	S	71
NC_045512.2	28485	G	T	23566	13586	51	1	1	34	4.24142e-05	23577	1	FALSE	N:cds-YP_009724397.2	GGC	G	GTC	V	71
NC_045512.2	28485	G	C	23566	13586	51	1	1	34	4.24142e-05	23577	1	FALSE	N:cds-YP_009724397.2	GGC	G	GCC	A	71
NC_045512.2	28485	G	A	23566	13586	51	9	9	33	0.000381728	23577	0.996508	FALSE	N:cds-YP_009724397.2	GGC	G	GAC	D	71
NC_045512.2	28486	C	T	23426	13631	50	3	2	45	0.000127965	23444	0.49972	FALSE	N:cds-YP_009724397.2	GGC	G	GGT	G	71
NC_045512.2	28486	C	G	23426	13631	50	9	9	32	0.000383894	23444	0.996499	FALSE	N:cds-YP_009724397.2	GGC	G	GGG	G	71
NC_045512.2	28486	C	A	23426	13631	50	6	5	29	0.000255929	23444	1	FALSE	N:cds-YP_009724397.2	GGC	G	GGA	G	71
NC_045512.2	28487	G	C	22950	13064	51	6	6	31	0.000261313	22961	0.999545	FALSE	N:cds-YP_009724397.2	GTT	V	CTT	L	72
NC_045512.2	28487	G	A	22950	13064	51	5	2	61	0.000217761	22961	0.0312262	FALSE	N:cds-YP_009724397.2	GTT	V	ATT	I	72
NC_045512.2	28488	T	G	22848	13041	51	10	10	32	0.000437311	22867	0.989964	FALSE	N:cds-YP_009724397.2	GTT	V	GGT	G	72
NC_045512.2	28488	T	C	22848	13041	51	7	7	33	0.000306118	22867	0.998841	FALSE	N:cds-YP_009724397.2	GTT	V	GCT	A	72
NC_045512.2	28488	T	A	22848	13041	51	2	2	34	8.74623e-05	22867	0.999999	FALSE	N:cds-YP_009724397.2	GTT	V	GAT	D	72
NC_045512.2	28489	T	G	22996	13331	52	5	5	32	0.000217306	23009	0.99991	FALSE	N:cds-YP_009724397.2	GTT	V	GTG	V	72
NC_045512.2	28489	T	C	22996	13331	52	8	8	33	0.00034769	23009	0.998339	FALSE	N:cds-YP_009724397.2	GTT	V	GTC	V	72
NC_045512.2	28490	C	T	22921	13400	51	12	11	36	0.000523127	22939	0.971198	FALSE	N:cds-YP_009724397.2	CCA	P	TCA	S	73
NC_045512.2	28490	C	G	22921	13400	51	6	5	30	0.000261563	22939	0.999543	FALSE	N:cds-YP_009724397.2	CCA	P	GCA	A	73
NC_045512.2	28491	C	T	22954	13443	52	8	8	32	0.000348387	22963	0.997396	FALSE	N:cds-YP_009724397.2	CCA	P	CTA	L	73
NC_045512.2	28491	C	A	22954	13443	52	1	1	34	4.35483e-05	22963	1	FALSE	N:cds-YP_009724397.2	CCA	P	CAA	Q	73
NC_045512.2	28492	A	T	23099	13511	51	5	5	34	0.000216254	23121	0.99991	FALSE	N:cds-YP_009724397.2	CCA	P	CCT	P	73
NC_045512.2	28492	A	G	23099	13511	51	4	2	31	0.000173003	23121	0.999975	FALSE	N:cds-YP_009724397.2	CCA	P	CCG	P	73
NC_045512.2	28492	A	C	23099	13511	51	13	12	32	0.000562259	23121	0.967354	FALSE	N:cds-YP_009724397.2	CCA	P	CCC	P	73
NC_045512.2	28493	A	T	23209	13787	51	2	2	34	8.61326e-05	23220	0.999999	FALSE	N:cds-YP_009724397.2	ATT	I	TTT	F	74
NC_045512.2	28493	A	G	23209	13787	51	1	0	34	4.30663e-05	23220	1	FALSE	N:cds-YP_009724397.2	ATT	I	GTT	V	74
NC_045512.2	28493	A	C	23209	13787	51	8	6	31	0.000344531	23220	0.99834	FALSE	N:cds-YP_009724397.2	ATT	I	CTT	L	74
NC_045512.2	28494	T	G	23173	13794	52	3	3	31	0.000129349	23193	0.999995	FALSE	N:cds-YP_009724397.2	ATT	I	AGT	S	74
NC_045512.2	28494	T	C	23173	13794	52	7	7	34	0.000301815	23193	0.999284	FALSE	N:cds-YP_009724397.2	ATT	I	ACT	T	74
NC_045512.2	28494	T	A	23173	13794	52	10	9	34	0.000431165	23193	0.99323	FALSE	N:cds-YP_009724397.2	ATT	I	AAT	N	74
NC_045512.2	28495	T	G	23139	13787	52	3	3	28	0.000129584	23151	1	FALSE	N:cds-YP_009724397.2	ATT	I	ATG	M	74
NC_045512.2	28495	T	C	23139	13787	52	1	0	68	4.31947e-05	23151	0.499892	FALSE	N:cds-YP_009724397.2	ATT	I	ATC	I	74
NC_045512.2	28495	T	A	23139	13787	52	8	8	32	0.000345557	23151	0.99834	FALSE	N:cds-YP_009724397.2	ATT	I	ATA	I	74
NC_045512.2	28496	A	T	23243	13948	53	8	8	32	0.000344056	23252	0.998342	FALSE	N:cds-YP_009724397.2	AAC	N	TAC	Y	75
NC_045512.2	28496	A	C	23243	13948	53	1	1	34	4.30071e-05	23252	1	FALSE	N:cds-YP_009724397.2	AAC	N	CAC	H	75
NC_045512.2	28497	A	T	23077	13973	51	9	9	33	0.000389762	23091	0.996504	FALSE	N:cds-YP_009724397.2	AAC	N	ATC	I	75
NC_045512.2	28497	A	G	23077	13973	51	3	1	31	0.000129921	23091	0.999995	FALSE	N:cds-YP_009724397.2	AAC	N	AGC	S	75
NC_045512.2	28497	A	C	23077	13973	51	2	2	26	8.66138e-05	23091	1	FALSE	N:cds-YP_009724397.2	AAC	N	ACC	T	75
NC_045512.2	28498	C	T	23733	14262	53	5	5	34	0.000210535	23749	0.99991	FALSE	N:cds-YP_009724397.2	AAC	N	AAT	N	75
NC_045512.2	28498	C	G	23733	14262	53	2	2	34	8.42141e-05	23749	0.999999	FALSE	N:cds-YP_009724397.2	AAC	N	AAG	K	75
NC_045512.2	28498	C	A	23733	14262	53	9	9	34	0.000378963	23749	0.996502	FALSE	N:cds-YP_009724397.2	AAC	N	AAA	K	75
NC_045512.2	28499	A	T	23791	14300	53	1	0	26	4.20168e-05	23800	1	FALSE	N:cds-YP_009724397.2	ACC	T	TCC	S	76
NC_045512.2	28499	A	G	23791	14300	53	1	0	68	4.20168e-05	23800	0.499926	FALSE	N:cds-YP_009724397.2	ACC	T	GCC	A	76
NC_045512.2	28499	A	C	23791	14300	53	7	7	31	0.000294118	23800	0.999287	FALSE	N:cds-YP_009724397.2	ACC	T	CCC	P	76
NC_045512.2	28500	C	G	24222	14481	53	1	1	34	4.12626e-05	24235	1	FALSE	N:cds-YP_009724397.2	ACC	T	AGC	S	76
NC_045512.2	28500	C	A	24222	14481	53	12	12	32	0.000495152	24235	0.985621	FALSE	N:cds-YP_009724397.2	ACC	T	AAC	N	76
NC_045512.2	28501	C	T	23864	14234	53	1	0	68	4.18918e-05	23871	0.499948	FALSE	N:cds-YP_009724397.2	ACC	T	ACT	T	76
NC_045512.2	28501	C	A	23864	14234	53	6	6	32	0.000251351	23871	0.999728	FALSE	N:cds-YP_009724397.2	ACC	T	ACA	T	76
NC_045512.2	28502	A	T	23802	14159	53	4	4	30	0.000167961	23815	0.999975	FALSE	N:cds-YP_009724397.2	AAT	N	TAT	Y	77
NC_045512.2	28502	A	G	23802	14159	53	1	1	34	4.19903e-05	23815	1	FALSE	N:cds-YP_009724397.2	AAT	N	GAT	D	77
NC_045512.2	28502	A	C	23802	14159	53	8	8	33	0.000335923	23815	0.998339	FALSE	N:cds-YP_009724397.2	AAT	N	CAT	H	77
NC_045512.2	28503	A	T	23531	14174	52	1	1	34	4.24773e-05	23542	1	FALSE	N:cds-YP_009724397.2	AAT	N	ATT	I	77
NC_045512.2	28503	A	G	23531	14174	52	1	1	34	4.24773e-05	23542	1	FALSE	N:cds-YP_009724397.2	AAT	N	AGT	S	77
NC_045512.2	28503	A	C	23531	14174	52	9	9	33	0.000382295	23542	0.996508	FALSE	N:cds-YP_009724397.2	AAT	N	ACT	T	77
NC_045512.2	28504	T	G	23903	14200	53	1	0	68	4.18008e-05	23923	0.499812	FALSE	N:cds-YP_009724397.2	AAT	N	AAG	K	77
NC_045512.2	28504	T	C	23903	14200	53	6	6	31	0.000250805	23923	0.999726	FALSE	N:cds-YP_009724397.2	AAT	N	AAC	N	77
NC_045512.2	28504	T	A	23903	14200	53	13	12	32	0.00054341	23923	0.967373	FALSE	N:cds-YP_009724397.2	AAT	N	AAA	K	77
NC_045512.2	28505	A	T	23811	14272	52	6	5	32	0.000251889	23820	0.999728	FALSE	N:cds-YP_009724397.2	AGC	S	TGC	C	78
NC_045512.2	28505	A	G	23811	14272	52	1	0	68	4.19815e-05	23820	0.499927	FALSE	N:cds-YP_009724397.2	AGC	S	GGC	G	78
NC_045512.2	28505	A	C	23811	14272	52	2	2	34	8.39631e-05	23820	0.999999	FALSE	N:cds-YP_009724397.2	AGC	S	CGC	R	78
NC_045512.2	28506	G	T	23848	14211	53	9	7	29	0.000377058	23869	1	FALSE	N:cds-YP_009724397.2	AGC	S	ATC	I	78
NC_045512.2	28506	G	C	23848	14211	53	2	1	47	8.37907e-05	23869	0.687225	FALSE	N:cds-YP_009724397.2	AGC	S	ACC	T	78
NC_045512.2	28506	G	A	23848	14211	53	10	10	31	0.000418953	23869	0.993228	FALSE	N:cds-YP_009724397.2	AGC	S	AAC	N	78
NC_045512.2	28506	G	+C	23848	14211	53	1	0	20	4.18953e-05	23869	1	FALSE	NA	NA	NA	NA	NA	NA
NC_045512.2	28507	C	T	23261	13912	53	7	7	32	0.000300636	23284	0.999283	FALSE	N:cds-YP_009724397.2	AGC	S	AGT	S	78
NC_045512.2	28507	C	G	23261	13912	53	5	4	28	0.00021474	23284	1	FALSE	N:cds-YP_009724397.2	AGC	S	AGG	R	78
NC_045512.2	28507	C	A	23261	13912	53	11	11	32	0.000472427	23284	0.987829	FALSE	N:cds-YP_009724397.2	AGC	S	AGA	R	78
NC_045512.2	28508	A	T	22255	13135	54	2	2	34	8.9815e-05	22268	0.999999	FALSE	N:cds-YP_009724397.2	AGT	S	TGT	C	79
NC_045512.2	28508	A	G	22255	13135	54	6	3	44	0.000269445	22268	0.144421	FALSE	N:cds-YP_009724397.2	AGT	S	GGT	G	79
NC_045512.2	28508	A	C	22255	13135	54	5	5	32	0.000224537	22268	0.999845	FALSE	N:cds-YP_009724397.2	AGT	S	CGT	R	79
NC_045512.2	28509	G	C	22699	13382	54	8	8	32	0.000352221	22713	0.997391	FALSE	N:cds-YP_009724397.2	AGT	S	ACT	T	79
NC_045512.2	28509	G	A	22699	13382	54	6	5	34	0.000264166	22713	0.999544	FALSE	N:cds-YP_009724397.2	AGT	S	AAT	N	79
NC_045512.2	28510	T	G	22401	13220	55	4	3	32	0.000178396	22422	0.999956	FALSE	N:cds-YP_009724397.2	AGT	S	AGG	R	79
NC_045512.2	28510	T	C	22401	13220	55	12	10	43	0.000535189	22422	0.00645116	TRUE	N:cds-YP_009724397.2	AGT	S	AGC	S	79
NC_045512.2	28510	T	A	22401	13220	55	5	5	32	0.000222995	22422	0.999844	FALSE	N:cds-YP_009724397.2	AGT	S	AGA	R	79
NC_045512.2	28511	C	T	22374	13349	54	7	7	34	0.000312612	22392	0.998841	FALSE	N:cds-YP_009724397.2	CCA	P	TCA	S	80
NC_045512.2	28511	C	G	22374	13349	54	4	4	36	0.000178635	22392	0.999956	FALSE	N:cds-YP_009724397.2	CCA	P	GCA	A	80
NC_045512.2	28511	C	A	22374	13349	54	7	7	32	0.000312612	22392	0.998841	FALSE	N:cds-YP_009724397.2	CCA	P	ACA	T	80
NC_045512.2	28512	C	T	22309	13352	54	6	5	34	0.000268769	22324	0.999544	FALSE	N:cds-YP_009724397.2	CCA	P	CTA	L	80
NC_045512.2	28512	C	G	22309	13352	54	5	5	29	0.000223974	22324	1	FALSE	N:cds-YP_009724397.2	CCA	P	CGA	R	80
NC_045512.2	28512	C	A	22309	13352	54	4	3	28	0.000179179	22324	1	FALSE	N:cds-YP_009724397.2	CCA	P	CAA	Q	80
NC_045512.2	28513	A	T	21935	13047	54	4	4	34	0.000182241	21949	0.999922	FALSE	N:cds-YP_009724397.2	CCA	P	CCT	P	80
NC_045512.2	28513	A	G	21935	13047	54	1	0	68	4.55602e-05	21949	0.499863	FALSE	N:cds-YP_009724397.2	CCA	P	CCG	P	80
NC_045512.2	28513	A	C	21935	13047	54	9	9	33	0.000410041	21949	0.991944	FALSE	N:cds-YP_009724397.2	CCA	P	CCC	P	80
NC_045512.2	28514	G	T	21850	13162	54	1	1	34	4.57373e-05	21864	1	FALSE	N:cds-YP_009724397.2	GAT	D	TAT	Y	81
NC_045512.2	28514	G	C	21850	13162	54	7	7	34	0.000320161	21864	0.998141	FALSE	N:cds-YP_009724397.2	GAT	D	CAT	H	81
NC_045512.2	28514	G	A	21850	13162	54	6	6	31	0.000274424	21864	0.999243	FALSE	N:cds-YP_009724397.2	GAT	D	AAT	N	81
NC_045512.2	28515	A	G	21798	13182	53	10	9	39	0.0004584	21815	0.985275	FALSE	N:cds-YP_009724397.2	GAT	D	GGT	G	81
NC_045512.2	28515	A	C	21798	13182	53	7	7	30	0.00032088	21815	0.998139	FALSE	N:cds-YP_009724397.2	GAT	D	GCT	A	81
NC_045512.2	28516	T	G	21710	13074	54	6	6	34	0.000276167	21726	0.999243	FALSE	N:cds-YP_009724397.2	GAT	D	GAG	E	81
NC_045512.2	28516	T	A	21710	13074	54	10	9	35	0.000460278	21726	0.98528	FALSE	N:cds-YP_009724397.2	GAT	D	GAA	E	81
NC_045512.2	28517	G	T	21771	13406	53	5	5	32	0.000229526	21784	0.999733	FALSE	N:cds-YP_009724397.2	GAC	D	TAC	Y	82
NC_045512.2	28517	G	C	21771	13406	53	4	2	34	0.000183621	21784	0.999922	FALSE	N:cds-YP_009724397.2	GAC	D	CAC	H	82
NC_045512.2	28517	G	A	21771	13406	53	4	4	34	0.000183621	21784	0.999922	FALSE	N:cds-YP_009724397.2	GAC	D	AAC	N	82
NC_045512.2	28518	A	T	20677	12519	54	2	2	34	9.66837e-05	20686	0.999995	FALSE	N:cds-YP_009724397.2	GAC	D	GTC	V	82
NC_045512.2	28518	A	G	20677	12519	54	6	5	30	0.000290051	20686	0.998756	FALSE	N:cds-YP_009724397.2	GAC	D	GGC	G	82
NC_045512.2	28518	A	C	20677	12519	54	1	1	26	4.83419e-05	20686	1	FALSE	N:cds-YP_009724397.2	GAC	D	GCC	A	82
NC_045512.2	28519	C	T	20630	12497	54	4	4	32	0.00019377	20643	0.999861	FALSE	N:cds-YP_009724397.2	GAC	D	GAT	D	82
NC_045512.2	28519	C	G	20630	12497	54	2	2	34	9.68851e-05	20643	0.999995	FALSE	N:cds-YP_009724397.2	GAC	D	GAG	E	82
NC_045512.2	28519	C	A	20630	12497	54	7	7	32	0.000339098	20643	0.99704	FALSE	N:cds-YP_009724397.2	GAC	D	GAA	E	82
NC_045512.2	28520	C	T	20557	12603	54	2	2	51	9.72337e-05	20569	0.249885	FALSE	N:cds-YP_009724397.2	CAA	Q	TAA	*	83
NC_045512.2	28520	C	G	20557	12603	54	6	6	32	0.000291701	20569	0.998754	FALSE	N:cds-YP_009724397.2	CAA	Q	GAA	E	83
NC_045512.2	28520	C	A	20557	12603	54	4	4	34	0.000194467	20569	0.999862	FALSE	N:cds-YP_009724397.2	CAA	Q	AAA	K	83
NC_045512.2	28521	A	G	20587	12585	54	3	3	45	0.000145645	20598	0.499841	FALSE	N:cds-YP_009724397.2	CAA	Q	CGA	R	83
NC_045512.2	28521	A	C	20587	12585	54	8	8	32	0.000388387	20598	0.99374	FALSE	N:cds-YP_009724397.2	CAA	Q	CCA	P	83
NC_045512.2	28522	A	G	20330	12602	52	5	4	34	0.000245797	20342	0.999545	FALSE	N:cds-YP_009724397.2	CAA	Q	CAG	Q	83
NC_045512.2	28522	A	C	20330	12602	52	7	7	32	0.000344116	20342	0.997041	FALSE	N:cds-YP_009724397.2	CAA	Q	CAC	H	83
NC_045512.2	28523	A	G	20494	12534	53	3	2	56	0.000146327	20502	0.124954	FALSE	N:cds-YP_009724397.2	ATT	I	GTT	V	84
NC_045512.2	28523	A	C	20494	12534	53	5	5	34	0.000243879	20502	0.999546	FALSE	N:cds-YP_009724397.2	ATT	I	CTT	L	84
NC_045512.2	28524	T	G	20256	12313	53	5	4	32	0.000246585	20277	0.999543	FALSE	N:cds-YP_009724397.2	ATT	I	AGT	S	84
NC_045512.2	28524	T	C	20256	12313	53	3	2	42	0.000147951	20277	0.499607	FALSE	N:cds-YP_009724397.2	ATT	I	ACT	T	84
NC_045512.2	28524	T	A	20256	12313	53	13	13	32	0.00064112	20277	0.918558	FALSE	N:cds-YP_009724397.2	ATT	I	AAT	N	84
NC_045512.2	28525	T	G	20337	12567	52	3	3	31	0.000147427	20349	0.999967	FALSE	N:cds-YP_009724397.2	ATT	I	ATG	M	84
NC_045512.2	28525	T	C	20337	12567	52	1	0	68	4.91425e-05	20349	0.499877	FALSE	N:cds-YP_009724397.2	ATT	I	ATC	I	84
NC_045512.2	28525	T	A	20337	12567	52	8	8	31	0.00039314	20349	0.993737	FALSE	N:cds-YP_009724397.2	ATT	I	ATA	I	84
NC_045512.2	28526	G	T	20702	12712	54	9	8	36	0.000434447	20716	0.987948	FALSE	N:cds-YP_009724397.2	GGC	G	TGC	C	85
NC_045512.2	28526	G	A	20702	12712	54	5	5	32	0.000241359	20716	0.999545	FALSE	N:cds-YP_009724397.2	GGC	G	AGC	S	85
NC_045512.2	28527	G	T	20552	12600	54	10	8	32	0.00048631	20563	0.97865	FALSE	N:cds-YP_009724397.2	GGC	G	GTC	V	85
NC_045512.2	28527	G	C	20552	12600	54	1	1	34	4.8631e-05	20563	1	FALSE	N:cds-YP_009724397.2	GGC	G	GCC	A	85
NC_045512.2	28528	C	T	20584	12627	54	6	5	32	0.000291248	20601	0.998752	FALSE	N:cds-YP_009724397.2	GGC	G	GGT	G	85
NC_045512.2	28528	C	G	20584	12627	54	8	8	32	0.000388331	20601	0.993726	FALSE	N:cds-YP_009724397.2	GGC	G	GGG	G	85
NC_045512.2	28528	C	A	20584	12627	54	3	2	43	0.000145624	20601	0.499704	FALSE	N:cds-YP_009724397.2	GGC	G	GGA	G	85
NC_045512.2	28529	T	G	20577	12606	54	7	6	33	0.000339888	20595	0.997034	FALSE	N:cds-YP_009724397.2	TAC	Y	GAC	D	86
NC_045512.2	28529	T	C	20577	12606	54	9	8	41	0.000436999	20595	0.0326503	FALSE	N:cds-YP_009724397.2	TAC	Y	CAC	H	86
NC_045512.2	28529	T	A	20577	12606	54	2	2	34	9.71109e-05	20595	0.999995	FALSE	N:cds-YP_009724397.2	TAC	Y	AAC	N	86
NC_045512.2	28530	A	T	20491	12538	54	4	4	32	0.000195093	20503	0.999862	FALSE	N:cds-YP_009724397.2	TAC	Y	TTC	F	86
NC_045512.2	28530	A	G	20491	12538	54	6	5	35	0.00029264	20503	0.998754	FALSE	N:cds-YP_009724397.2	TAC	Y	TGC	C	86
NC_045512.2	28530	A	C	20491	12538	54	2	2	34	9.75467e-05	20503	0.999995	FALSE	N:cds-YP_009724397.2	TAC	Y	TCC	S	86
NC_045512.2	28531	C	T	20790	12831	54	4	4	32	0.000192298	20801	0.999862	FALSE	N:cds-YP_009724397.2	TAC	Y	TAT	Y	86
NC_045512.2	28531	C	G	20790	12831	54	1	1	34	4.80746e-05	20801	1	FALSE	N:cds-YP_009724397.2	TAC	Y	TAG	*	86
NC_045512.2	28531	C	A	20790	12831	54	6	6	34	0.000288448	20801	0.998755	FALSE	N:cds-YP_009724397.2	TAC	Y	TAA	*	86
NC_045512.2	28532	T	C	20715	12805	54	9	9	36	0.000434216	20727	0.987956	FALSE	N:cds-YP_009724397.2	TAC	Y	CAC	H	87
NC_045512.2	28532	T	A	20715	12805	54	3	3	34	0.000144739	20727	0.999967	FALSE	N:cds-YP_009724397.2	TAC	Y	AAC	N	87
NC_045512.2	28533	A	T	21041	12953	54	6	6	32	0.000285009	21052	0.999244	FALSE	N:cds-YP_009724397.2	TAC	Y	TTC	F	87
NC_045512.2	28533	A	G	21041	12953	54	2	2	29	9.50029e-05	21052	1	FALSE	N:cds-YP_009724397.2	TAC	Y	TGC	C	87
NC_045512.2	28533	A	C	21041	12953	54	3	3	34	0.000142504	21052	0.999982	FALSE	N:cds-YP_009724397.2	TAC	Y	TCC	S	87
NC_045512.2	28534	C	T	21016	12938	54	4	4	32	0.000190223	21028	0.999922	FALSE	N:cds-YP_009724397.2	TAC	Y	TAT	Y	87
NC_045512.2	28534	C	A	21016	12938	54	8	8	33	0.000380445	21028	0.995941	FALSE	N:cds-YP_009724397.2	TAC	Y	TAA	*	87
NC_045512.2	28534	C	-CGAAGAGCT	21016	12938	54	2	0	20	9.51113e-05	21028	1	FALSE	NA	NA	NA	NA	NA	NA
NC_045512.2	28535	C	T	20014	12414	54	6	5	34	0.000299655	20023	0.998755	FALSE	N:cds-YP_009724397.2	CGA	R	TGA	*	88
NC_045512.2	28535	C	A	20014	12414	54	3	3	34	0.000149828	20023	0.999967	FALSE	N:cds-YP_009724397.2	CGA	R	AGA	R	88
NC_045512.2	28536	G	T	19979	12361	54	1	0	27	5.002e-05	19992	1	FALSE	N:cds-YP_009724397.2	CGA	R	CTA	L	88
NC_045512.2	28536	G	C	19979	12361	54	7	7	31	0.00035014	19992	0.995321	FALSE	N:cds-YP_009724397.2	CGA	R	CCA	P	88
NC_045512.2	28536	G	A	19979	12361	54	5	5	34	0.0002501	19992	0.999228	FALSE	N:cds-YP_009724397.2	CGA	R	CAA	Q	88
NC_045512.2	28537	A	G	19929	12384	54	4	4	30	0.000200592	19941	0.999756	FALSE	N:cds-YP_009724397.2	CGA	R	CGG	R	88
NC_045512.2	28537	A	C	19929	12384	54	8	8	34	0.000401183	19941	0.990425	FALSE	N:cds-YP_009724397.2	CGA	R	CGC	R	88
NC_045512.2	28538	A	G	19984	12417	54	5	4	46	0.000250025	19998	0.226316	FALSE	N:cds-YP_009724397.2	AGA	R	GGA	G	89
NC_045512.2	28538	A	C	19984	12417	54	9	7	32	0.000450045	19998	0.987936	FALSE	N:cds-YP_009724397.2	AGA	R	CGA	R	89
NC_045512.2	28539	G	C	20015	12406	54	2	2	26	9.98652e-05	20027	1	FALSE	N:cds-YP_009724397.2	AGA	R	ACA	T	89
NC_045512.2	28539	G	A	20015	12406	54	10	10	31	0.000499326	20027	0.978631	FALSE	N:cds-YP_009724397.2	AGA	R	AAA	K	89
NC_045512.2	28540	A	T	18869	11585	55	1	1	34	5.29633e-05	18881	0.999998	FALSE	N:cds-YP_009724397.2	AGA	R	AGT	S	89
NC_045512.2	28540	A	G	18869	11585	55	9	8	35	0.00047667	18881	0.973889	FALSE	N:cds-YP_009724397.2	AGA	R	AGG	R	89
NC_045512.2	28540	A	C	18869	11585	55	2	2	26	0.000105927	18881	1	FALSE	N:cds-YP_009724397.2	AGA	R	AGC	S	89
NC_045512.2	28541	G	T	18798	11457	55	2	2	34	0.000106315	18812	0.99998	FALSE	N:cds-YP_009724397.2	GCT	A	TCT	S	90
NC_045512.2	28541	G	C	18798	11457	55	3	3	29	0.000159473	18812	1	FALSE	N:cds-YP_009724397.2	GCT	A	CCT	P	90
NC_045512.2	28541	G	A	18798	11457	55	9	9	37	0.000478418	18812	0.973872	FALSE	N:cds-YP_009724397.2	GCT	A	ACT	T	90
NC_045512.2	28542	C	G	17692	10660	57	10	10	33	0.000564748	17707	0.938925	FALSE	N:cds-YP_009724397.2	GCT	A	GGT	G	90
NC_045512.2	28542	C	A	17692	10660	57	5	5	34	0.000282374	17707	0.997824	FALSE	N:cds-YP_009724397.2	GCT	A	GAT	D	90
NC_045512.2	28543	T	G	17609	10581	57	5	4	32	0.000283656	17627	0.997822	FALSE	N:cds-YP_009724397.2	GCT	A	GCG	A	90
NC_045512.2	28543	T	C	17609	10581	57	7	7	34	0.000397118	17627	0.988645	FALSE	N:cds-YP_009724397.2	GCT	A	GCC	A	90
NC_045512.2	28543	T	A	17609	10581	57	6	6	31	0.000340387	17627	0.994675	FALSE	N:cds-YP_009724397.2	GCT	A	GCA	A	90
NC_045512.2	28544	A	T	17667	10634	57	7	7	32	0.000395883	17682	0.988666	FALSE	N:cds-YP_009724397.2	ACC	T	TCC	S	91
NC_045512.2	28544	A	G	17667	10634	57	4	4	32	0.000226219	17682	0.999254	FALSE	N:cds-YP_009724397.2	ACC	T	GCC	A	91
NC_045512.2	28544	A	C	17667	10634	57	4	4	34	0.000226219	17682	0.999254	FALSE	N:cds-YP_009724397.2	ACC	T	CCC	P	91
NC_045512.2	28545	C	T	17618	10608	57	4	4	32	0.000226886	17630	0.999255	FALSE	N:cds-YP_009724397.2	ACC	T	ATC	I	91
NC_045512.2	28545	C	G	17618	10608	57	1	0	27	5.67215e-05	17630	1	FALSE	N:cds-YP_009724397.2	ACC	T	AGC	S	91
NC_045512.2	28545	C	A	17618	10608	57	7	7	34	0.00039705	17630	0.988678	FALSE	N:cds-YP_009724397.2	ACC	T	AAC	N	91
NC_045512.2	28546	C	T	17482	10806	56	3	3	34	0.000171527	17490	0.999799	FALSE	N:cds-YP_009724397.2	ACC	T	ACT	T	91
NC_045512.2	28546	C	G	17482	10806	56	2	1	51	0.000114351	17490	0.249921	FALSE	N:cds-YP_009724397.2	ACC	T	ACG	T	91
NC_045512.2	28546	C	A	17482	10806	56	3	3	34	0.000171527	17490	0.999799	FALSE	N:cds-YP_009724397.2	ACC	T	ACA	T	91
NC_045512.2	28547	A	T	17292	10679	56	1	1	34	5.77901e-05	17304	0.999996	FALSE	N:cds-YP_009724397.2	AGA	R	TGA	*	92
NC_045512.2	28547	A	G	17292	10679	56	3	3	42	0.00017337	17304	0.312316	FALSE	N:cds-YP_009724397.2	AGA	R	GGA	G	92
NC_045512.2	28547	A	C	17292	10679	56	8	8	33	0.000462321	17304	0.978372	FALSE	N:cds-YP_009724397.2	AGA	R	CGA	R	92
NC_045512.2	28548	G	C	17107	10624	56	10	10	34	0.000583942	17125	0.938906	FALSE	N:cds-YP_009724397.2	AGA	R	ACA	T	92
NC_045512.2	28548	G	A	17107	10624	56	8	8	34	0.000467153	17125	0.978327	FALSE	N:cds-YP_009724397.2	AGA	R	AAA	K	92
NC_045512.2	28549	A	T	16946	10700	51	4	1	26	0.00023578	16965	1	FALSE	N:cds-YP_009724397.2	AGA	R	AGT	S	92
NC_045512.2	28549	A	G	16946	10700	51	8	7	36	0.000471559	16965	0.967986	FALSE	N:cds-YP_009724397.2	AGA	R	AGG	R	92
NC_045512.2	28549	A	C	16946	10700	51	7	7	32	0.000412614	16965	0.982619	FALSE	N:cds-YP_009724397.2	AGA	R	AGC	S	92
NC_045512.2	28550	C	T	16943	10501	57	2	2	34	0.000117931	16959	0.999927	FALSE	N:cds-YP_009724397.2	CGA	R	TGA	*	93
NC_045512.2	28550	C	G	16943	10501	57	3	3	34	0.000176897	16959	0.999635	FALSE	N:cds-YP_009724397.2	CGA	R	GGA	G	93
NC_045512.2	28550	C	A	16943	10501	57	11	11	32	0.000648623	16959	0.876074	FALSE	N:cds-YP_009724397.2	CGA	R	AGA	R	93
NC_045512.2	28551	G	T	16832	10434	57	1	1	34	5.93648e-05	16845	0.999992	FALSE	N:cds-YP_009724397.2	CGA	R	CTA	L	93
NC_045512.2	28551	G	C	16832	10434	57	7	7	32	0.000415554	16845	0.982655	FALSE	N:cds-YP_009724397.2	CGA	R	CCA	P	93
NC_045512.2	28551	G	A	16832	10434	57	5	5	29	0.000296824	16845	1	FALSE	N:cds-YP_009724397.2	CGA	R	CAA	Q	93
NC_045512.2	28552	A	G	16862	10414	57	7	7	34	0.000414864	16873	0.982667	FALSE	N:cds-YP_009724397.2	CGA	R	CGG	R	93
NC_045512.2	28552	A	C	16862	10414	57	4	4	34	0.000237065	16873	0.998712	FALSE	N:cds-YP_009724397.2	CGA	R	CGC	R	93
NC_045512.2	28553	A	G	16819	10433	57	3	3	34	0.000178274	16828	0.999636	FALSE	N:cds-YP_009724397.2	ATT	I	GTT	V	94
NC_045512.2	28553	A	C	16819	10433	57	6	6	34	0.000356549	16828	0.991561	FALSE	N:cds-YP_009724397.2	ATT	I	CTT	L	94
NC_045512.2	28554	T	G	16301	10169	53	5	5	34	0.00030641	16318	0.996394	FALSE	N:cds-YP_009724397.2	ATT	I	AGT	S	94
NC_045512.2	28554	T	A	16301	10169	53	12	12	34	0.000735384	16318	0.827473	FALSE	N:cds-YP_009724397.2	ATT	I	AAT	N	94
NC_045512.2	28555	T	G	16761	10634	56	1	1	34	5.9577e-05	16785	0.999992	FALSE	N:cds-YP_009724397.2	ATT	I	ATG	M	94
NC_045512.2	28555	T	C	16761	10634	56	14	11	53	0.000834078	16785	6.06416e-05	TRUE	N:cds-YP_009724397.2	ATT	I	ATC	I	94
NC_045512.2	28555	T	A	16761	10634	56	9	9	32	0.000536193	16785	0.94596	FALSE	N:cds-YP_009724397.2	ATT	I	ATA	I	94
NC_045512.2	28556	C	T	16652	10526	56	10	10	33	0.000599916	16669	0.915622	FALSE	N:cds-YP_009724397.2	CGT	R	TGT	C	95
NC_045512.2	28556	C	A	16652	10526	56	7	7	37	0.000419941	16669	0.982631	FALSE	N:cds-YP_009724397.2	CGT	R	AGT	S	95
NC_045512.2	28557	G	T	16317	10309	57	7	7	31	0.000428554	16334	0.98263	FALSE	N:cds-YP_009724397.2	CGT	R	CTT	L	95
NC_045512.2	28557	G	C	16317	10309	57	8	8	32	0.000489776	16334	0.968005	FALSE	N:cds-YP_009724397.2	CGT	R	CCT	P	95
NC_045512.2	28557	G	A	16317	10309	57	2	2	34	0.000122444	16334	0.999927	FALSE	N:cds-YP_009724397.2	CGT	R	CAT	H	95
NC_045512.2	28558	T	G	16294	10291	56	6	6	32	0.000367895	16309	0.991542	FALSE	N:cds-YP_009724397.2	CGT	R	CGG	R	95
NC_045512.2	28558	T	C	16294	10291	56	6	5	45	0.000367895	16309	0.0623994	FALSE	N:cds-YP_009724397.2	CGT	R	CGC	R	95
NC_045512.2	28558	T	A	16294	10291	56	3	3	34	0.000183948	16309	0.999635	FALSE	N:cds-YP_009724397.2	CGT	R	CGA	R	95
NC_045512.2	28559	G	T	16269	10279	57	7	7	34	0.000429817	16286	0.98263	FALSE	N:cds-YP_009724397.2	GGT	G	TGT	C	96
NC_045512.2	28559	G	C	16269	10279	57	6	6	31	0.000368415	16286	0.991535	FALSE	N:cds-YP_009724397.2	GGT	G	CGT	R	96
NC_045512.2	28559	G	A	16269	10279	57	4	4	42	0.00024561	16286	0.187251	FALSE	N:cds-YP_009724397.2	GGT	G	AGT	S	96
NC_045512.2	28560	G	T	16270	10434	56	3	3	34	0.000184275	16280	0.999636	FALSE	N:cds-YP_009724397.2	GGT	G	GTT	V	96
NC_045512.2	28560	G	C	16270	10434	56	3	3	34	0.000184275	16280	0.999636	FALSE	N:cds-YP_009724397.2	GGT	G	GCT	A	96
NC_045512.2	28560	G	A	16270	10434	56	4	2	42	0.0002457	16280	0.187385	FALSE	N:cds-YP_009724397.2	GGT	G	GAT	D	96
NC_045512.2	28561	T	G	15817	10108	57	10	10	32	0.000631712	15830	0.885269	FALSE	N:cds-YP_009724397.2	GGT	G	GGG	G	96
NC_045512.2	28561	T	C	15817	10108	57	1	1	24	6.31712e-05	15830	1	FALSE	N:cds-YP_009724397.2	GGT	G	GGC	G	96
NC_045512.2	28561	T	A	15817	10108	57	2	2	34	0.000126342	15830	0.999862	FALSE	N:cds-YP_009724397.2	GGT	G	GGA	G	96
NC_045512.2	28562	G	T	15674	10530	54	8	8	33	0.000510139	15682	0.953505	FALSE	N:cds-YP_009724397.2	GGT	G	TGT	C	97
NC_045512.2	28563	G	T	15694	10588	54	1	1	34	6.37064e-05	15697	0.999985	FALSE	N:cds-YP_009724397.2	GGT	G	GTT	V	97
NC_045512.2	28563	G	C	15694	10588	54	1	1	34	6.37064e-05	15697	0.999985	FALSE	N:cds-YP_009724397.2	GGT	G	GCT	A	97
NC_045512.2	28563	G	A	15694	10588	54	1	1	26	6.37064e-05	15697	1	FALSE	N:cds-YP_009724397.2	GGT	G	GAT	D	97
NC_045512.2	28564	T	G	15581	10639	54	11	11	32	0.0007054	15594	0.836591	FALSE	N:cds-YP_009724397.2	GGT	G	GGG	G	97
NC_045512.2	28564	T	A	15581	10639	54	2	2	34	0.000128254	15594	0.999862	FALSE	N:cds-YP_009724397.2	GGT	G	GGA	G	97
NC_045512.2	28565	G	T	15538	10611	54	7	7	31	0.000450219	15548	0.973783	FALSE	N:cds-YP_009724397.2	GAC	D	TAC	Y	98
NC_045512.2	28565	G	C	15538	10611	54	1	1	34	6.4317e-05	15548	0.999985	FALSE	N:cds-YP_009724397.2	GAC	D	CAC	H	98
NC_045512.2	28565	G	A	15538	10611	54	2	2	34	0.000128634	15548	0.999863	FALSE	N:cds-YP_009724397.2	GAC	D	AAC	N	98
NC_045512.2	28566	A	T	15456	10541	54	5	5	34	0.000323039	15478	0.994066	FALSE	N:cds-YP_009724397.2	GAC	D	GTC	V	98
NC_045512.2	28566	A	G	15456	10541	54	12	12	31	0.000775294	15478	0.778614	FALSE	N:cds-YP_009724397.2	GAC	D	GGC	G	98
NC_045512.2	28566	A	C	15456	10541	54	5	5	29	0.000323039	15478	1	FALSE	N:cds-YP_009724397.2	GAC	D	GCC	A	98
NC_045512.2	28567	C	T	15465	10615	54	4	4	34	0.000258365	15482	0.997782	FALSE	N:cds-YP_009724397.2	GAC	D	GAT	D	98
NC_045512.2	28567	C	G	15465	10615	54	3	3	34	0.000193773	15482	0.999342	FALSE	N:cds-YP_009724397.2	GAC	D	GAG	E	98
NC_045512.2	28567	C	A	15465	10615	54	10	10	37	0.000645911	15482	0.885144	FALSE	N:cds-YP_009724397.2	GAC	D	GAA	E	98
NC_045512.2	28568	G	C	15361	10522	54	6	6	34	0.000390345	15371	0.986708	FALSE	N:cds-YP_009724397.2	GGT	G	CGT	R	99
NC_045512.2	28568	G	A	15361	10522	54	4	4	34	0.00026023	15371	0.997788	FALSE	N:cds-YP_009724397.2	GGT	G	AGT	S	99
NC_045512.2	28569	G	T	15341	10530	54	1	1	34	6.51254e-05	15355	0.999985	FALSE	N:cds-YP_009724397.2	GGT	G	GTT	V	99
NC_045512.2	28569	G	C	15341	10530	54	5	5	32	0.000325627	15355	0.994085	FALSE	N:cds-YP_009724397.2	GGT	G	GCT	A	99
NC_045512.2	28569	G	A	15341	10530	54	8	8	37	0.000521003	15355	0.953415	FALSE	N:cds-YP_009724397.2	GGT	G	GAT	D	99
NC_045512.2	28570	T	G	15397	10577	54	9	9	33	0.000583923	15413	0.924148	FALSE	N:cds-YP_009724397.2	GGT	G	GGG	G	99
NC_045512.2	28570	T	C	15397	10577	54	5	5	34	0.000324401	15413	0.99408	FALSE	N:cds-YP_009724397.2	GGT	G	GGC	G	99
NC_045512.2	28570	T	A	15397	10577	54	2	2	34	0.000129761	15413	0.999862	FALSE	N:cds-YP_009724397.2	GGT	G	GGA	G	99
NC_045512.2	28570	T	-A	15397	10577	54	1	0	20	6.48803e-05	15413	1	FALSE	NA	NA	NA	NA	NA	NA
NC_045512.2	28571	A	T	14943	10157	53	8	8	34	0.000534688	14962	0.932947	FALSE	N:cds-YP_009724397.2	AAA	K	TAA	*	100
NC_045512.2	28571	A	G	14943	10157	53	10	9	38	0.00066836	14962	0.846018	FALSE	N:cds-YP_009724397.2	AAA	K	GAA	E	100
NC_045512.2	28571	A	C	14943	10157	53	1	1	34	6.6836e-05	14962	0.999969	FALSE	N:cds-YP_009724397.2	AAA	K	CAA	Q	100
NC_045512.2	28572	A	T	15106	10362	54	4	4	34	0.000264603	15117	0.997787	FALSE	N:cds-YP_009724397.2	AAA	K	ATA	I	100
NC_045512.2	28572	A	G	15106	10362	54	6	6	32	0.000396904	15117	0.986703	FALSE	N:cds-YP_009724397.2	AAA	K	AGA	R	100
NC_045512.2	28572	A	C	15106	10362	54	1	1	34	6.61507e-05	15117	0.999985	FALSE	N:cds-YP_009724397.2	AAA	K	ACA	T	100
NC_045512.2	28573	A	T	15046	10439	46	5	5	34	0.000332138	15054	0.9941	FALSE	N:cds-YP_009724397.2	AAA	K	AAT	N	100
NC_045512.2	28573	A	G	15046	10439	46	3	3	45	0.000199283	15054	0.312388	FALSE	N:cds-YP_009724397.2	AAA	K	AAG	K	100
NC_045512.2	28574	A	T	15150	10465	54	1	1	34	6.59892e-05	15154	0.999985	FALSE	N:cds-YP_009724397.2	ATG	M	TTG	L	101
NC_045512.2	28574	A	C	15150	10465	54	3	3	34	0.000197968	15154	0.999346	FALSE	N:cds-YP_009724397.2	ATG	M	CTG	L	101
NC_045512.2	28575	T	C	15093	10488	53	2	2	34	0.000132371	15109	0.999862	FALSE	N:cds-YP_009724397.2	ATG	M	ACG	T	101
NC_045512.2	28575	T	A	15093	10488	53	14	14	33	0.0009266	15109	0.644464	FALSE	N:cds-YP_009724397.2	ATG	M	AAG	K	101
NC_045512.2	28576	G	T	14788	10259	53	5	5	34	0.000337701	14806	0.990368	FALSE	N:cds-YP_009724397.2	ATG	M	ATT	I	101
NC_045512.2	28576	G	C	14788	10259	53	1	1	27	6.75402e-05	14806	1	FALSE	N:cds-YP_009724397.2	ATG	M	ATC	I	101
NC_045512.2	28576	G	A	14788	10259	53	12	10	37	0.000810482	14806	0.721197	FALSE	N:cds-YP_009724397.2	ATG	M	ATA	I	101
NC_045512.2	28577	A	T	14717	10191	52	3	3	34	0.000203666	14730	0.998823	FALSE	N:cds-YP_009724397.2	AAA	K	TAA	*	102
NC_045512.2	28577	A	G	14717	10191	52	7	7	37	0.000475221	14730	0.96081	FALSE	N:cds-YP_009724397.2	AAA	K	GAA	E	102
NC_045512.2	28577	A	C	14717	10191	52	3	2	29	0.000203666	14730	1	FALSE	N:cds-YP_009724397.2	AAA	K	CAA	Q	102
NC_045512.2	28578	A	T	14675	10173	53	7	7	32	0.000476644	14686	0.960836	FALSE	N:cds-YP_009724397.2	AAA	K	ATA	I	102
NC_045512.2	28578	A	G	14675	10173	53	4	4	32	0.000272368	14686	0.99623	FALSE	N:cds-YP_009724397.2	AAA	K	AGA	R	102
NC_045512.2	28579	A	T	14713	10258	53	1	1	34	6.79163e-05	14724	0.999969	FALSE	N:cds-YP_009724397.2	AAA	K	AAT	N	102
NC_045512.2	28579	A	G	14713	10258	53	7	7	31	0.000475414	14724	0.960836	FALSE	N:cds-YP_009724397.2	AAA	K	AAG	K	102
NC_045512.2	28579	A	C	14713	10258	53	3	3	34	0.000203749	14724	0.998825	FALSE	N:cds-YP_009724397.2	AAA	K	AAC	N	102
NC_045512.2	28580	G	T	14659	10322	52	2	2	34	0.000136268	14677	0.99974	FALSE	N:cds-YP_009724397.2	GAT	D	TAT	Y	103
NC_045512.2	28580	G	C	14659	10322	52	2	2	34	0.000136268	14677	0.99974	FALSE	N:cds-YP_009724397.2	GAT	D	CAT	H	103
NC_045512.2	28580	G	A	14659	10322	52	14	14	32	0.000953873	14677	0.574545	FALSE	N:cds-YP_009724397.2	GAT	D	AAT	N	103
NC_045512.2	28581	A	G	14660	10331	52	6	6	30	0.000409054	14668	0.979332	FALSE	N:cds-YP_009724397.2	GAT	D	GGT	G	103
NC_045512.2	28581	A	C	14660	10331	52	2	2	34	0.000136351	14668	0.999741	FALSE	N:cds-YP_009724397.2	GAT	D	GCT	A	103
NC_045512.2	28582	T	G	13559	9253	50	5	5	32	0.000368243	13578	0.984507	FALSE	N:cds-YP_009724397.2	GAT	D	GAG	E	103
NC_045512.2	28582	T	C	13559	9253	50	3	3	34	0.000220946	13578	0.997901	FALSE	N:cds-YP_009724397.2	GAT	D	GAC	D	103
NC_045512.2	28582	T	A	13559	9253	50	11	11	34	0.000810134	13578	0.72904	FALSE	N:cds-YP_009724397.2	GAT	D	GAA	E	103
NC_045512.2	28583	C	T	14545	10276	52	4	4	30	0.000274782	14557	0.996229	FALSE	N:cds-YP_009724397.2	CTC	L	TTC	F	104
NC_045512.2	28583	C	G	14545	10276	52	3	3	34	0.000206086	14557	0.998824	FALSE	N:cds-YP_009724397.2	CTC	L	GTC	V	104
NC_045512.2	28583	C	A	14545	10276	52	5	5	32	0.000343477	14557	0.990391	FALSE	N:cds-YP_009724397.2	CTC	L	ATC	I	104
NC_045512.2	28584	T	C	14511	10250	53	7	7	32	0.000481928	14525	0.960796	FALSE	N:cds-YP_009724397.2	CTC	L	CCC	P	104
NC_045512.2	28584	T	A	14511	10250	53	7	7	34	0.000481928	14525	0.960796	FALSE	N:cds-YP_009724397.2	CTC	L	CAC	H	104
NC_045512.2	28585	C	T	14476	10229	52	10	10	34	0.000690226	14488	0.846332	FALSE	N:cds-YP_009724397.2	CTC	L	CTT	L	104
NC_045512.2	28585	C	G	14476	10229	52	1	1	34	6.90226e-05	14488	0.999969	FALSE	N:cds-YP_009724397.2	CTC	L	CTG	L	104
NC_045512.2	28585	C	A	14476	10229	52	1	1	34	6.90226e-05	14488	0.999969	FALSE	N:cds-YP_009724397.2	CTC	L	CTA	L	104
NC_045512.2	28586	A	T	14376	10144	52	4	4	34	0.000277855	14396	0.996216	FALSE	N:cds-YP_009724397.2	AGT	S	TGT	C	105
NC_045512.2	28586	A	G	14376	10144	52	3	1	65	0.000208391	14396	0.124779	FALSE	N:cds-YP_009724397.2	AGT	S	GGT	G	105
NC_045512.2	28586	A	C	14376	10144	52	13	13	32	0.000903029	14396	0.649108	FALSE	N:cds-YP_009724397.2	AGT	S	CGT	R	105
NC_045512.2	28587	G	T	14374	10179	52	7	7	32	0.000486381	14392	0.960742	FALSE	N:cds-YP_009724397.2	AGT	S	ATT	I	105
NC_045512.2	28587	G	C	14374	10179	52	5	5	32	0.000347415	14392	0.990368	FALSE	N:cds-YP_009724397.2	AGT	S	ACT	T	105
NC_045512.2	28587	G	A	14374	10179	52	6	6	34	0.000416898	14392	0.979255	FALSE	N:cds-YP_009724397.2	AGT	S	AAT	N	105
NC_045512.2	28588	T	G	14359	10340	51	13	13	32	0.000903908	14382	0.648905	FALSE	N:cds-YP_009724397.2	AGT	S	AGG	R	105
NC_045512.2	28588	T	C	14359	10340	51	6	6	34	0.000417188	14382	0.979216	FALSE	N:cds-YP_009724397.2	AGT	S	AGC	S	105
NC_045512.2	28588	T	A	14359	10340	51	4	4	34	0.000278125	14382	0.996211	FALSE	N:cds-YP_009724397.2	AGT	S	AGA	R	105
NC_045512.2	28589	C	T	14239	10269	51	8	7	36	0.000561167	14256	0.933003	FALSE	N:cds-YP_009724397.2	CCA	P	TCA	S	106
NC_045512.2	28589	C	G	14239	10269	51	3	3	31	0.000210438	14256	0.998821	FALSE	N:cds-YP_009724397.2	CCA	P	GCA	A	106
NC_045512.2	28589	C	A	14239	10269	51	6	6	34	0.000420875	14256	0.979262	FALSE	N:cds-YP_009724397.2	CCA	P	ACA	T	106
NC_045512.2	28590	C	T	14114	10194	51	3	3	34	0.000212419	14123	0.998826	FALSE	N:cds-YP_009724397.2	CCA	P	CTA	L	106
NC_045512.2	28590	C	G	14114	10194	51	5	5	29	0.000354032	14123	1	FALSE	N:cds-YP_009724397.2	CCA	P	CGA	R	106
NC_045512.2	28590	C	A	14114	10194	51	1	1	34	7.08065e-05	14123	0.999969	FALSE	N:cds-YP_009724397.2	CCA	P	CAA	Q	106
NC_045512.2	28591	A	T	13844	9963	52	8	8	32	0.000576992	13865	0.905124	FALSE	N:cds-YP_009724397.2	CCA	P	CCT	P	106
NC_045512.2	28591	A	G	13844	9963	52	1	1	34	7.21241e-05	13865	0.999939	FALSE	N:cds-YP_009724397.2	CCA	P	CCG	P	106
NC_045512.2	28591	A	C	13844	9963	52	12	12	32	0.000865489	13865	0.654511	FALSE	N:cds-YP_009724397.2	CCA	P	CCC	P	106
NC_045512.2	28592	A	T	13869	10204	51	1	1	34	7.20617e-05	13877	0.999939	FALSE	N:cds-YP_009724397.2	AGA	R	TGA	*	107
NC_045512.2	28592	A	C	13869	10204	51	7	7	34	0.000504432	13877	0.942406	FALSE	N:cds-YP_009724397.2	AGA	R	CGA	R	107
NC_045512.2	28593	G	C	13864	10227	51	7	7	34	0.000504286	13881	0.942238	FALSE	N:cds-YP_009724397.2	AGA	R	ACA	T	107
NC_045512.2	28593	G	A	13864	10227	51	10	10	31	0.000720409	13881	0.797367	FALSE	N:cds-YP_009724397.2	AGA	R	AAA	K	107
NC_045512.2	28594	A	T	13723	10146	48	1	1	34	7.28226e-05	13732	0.999939	FALSE	N:cds-YP_009724397.2	AGA	R	AGT	S	107
NC_045512.2	28594	A	G	13723	10146	48	7	7	32	0.000509758	13732	0.942388	FALSE	N:cds-YP_009724397.2	AGA	R	AGG	R	107
NC_045512.2	28594	A	C	13723	10146	48	1	1	26	7.28226e-05	13732	1	FALSE	N:cds-YP_009724397.2	AGA	R	AGC	S	107
NC_045512.2	28595	T	G	13737	10138	51	5	4	29	0.000363504	13755	1	FALSE	N:cds-YP_009724397.2	TGG	W	GGG	G	108
NC_045512.2	28595	T	C	13737	10138	51	1	1	34	7.27008e-05	13755	0.999939	FALSE	N:cds-YP_009724397.2	TGG	W	CGG	R	108
NC_045512.2	28595	T	A	13737	10138	51	12	12	33	0.00087241	13755	0.65471	FALSE	N:cds-YP_009724397.2	TGG	W	AGG	R	108
NC_045512.2	28596	G	T	12100	8922	50	6	6	34	0.000495499	12109	0.9519	FALSE	N:cds-YP_009724397.2	TGG	W	TTG	L	108
NC_045512.2	28596	G	C	12100	8922	50	2	2	30	0.000165166	12109	0.999084	FALSE	N:cds-YP_009724397.2	TGG	W	TCG	S	108
NC_045512.2	28596	G	A	12100	8922	50	1	1	34	8.25832e-05	12109	0.999878	FALSE	N:cds-YP_009724397.2	TGG	W	TAG	*	108
NC_045512.2	28597	G	T	12156	8989	50	1	1	34	8.21895e-05	12167	0.999878	FALSE	N:cds-YP_009724397.2	TGG	W	TGT	C	108
NC_045512.2	28597	G	C	12156	8989	50	5	5	30	0.000410948	12167	0.975469	FALSE	N:cds-YP_009724397.2	TGG	W	TGC	C	108
NC_045512.2	28597	G	A	12156	8989	50	5	5	32	0.000410948	12167	0.975469	FALSE	N:cds-YP_009724397.2	TGG	W	TGA	*	108
NC_045512.2	28598	T	G	11891	8785	50	7	7	34	0.000588235	11900	0.881111	FALSE	N:cds-YP_009724397.2	TAT	Y	GAT	D	109
NC_045512.2	28598	T	C	11891	8785	50	2	1	51	0.000168067	11900	0.249863	FALSE	N:cds-YP_009724397.2	TAT	Y	CAT	H	109
NC_045512.2	28599	A	T	12079	8975	50	5	5	34	0.000413531	12091	0.97546	FALSE	N:cds-YP_009724397.2	TAT	Y	TTT	F	109
NC_045512.2	28599	A	G	12079	8975	50	6	6	32	0.000496237	12091	0.951847	FALSE	N:cds-YP_009724397.2	TAT	Y	TGT	C	109
NC_045512.2	28599	A	C	12079	8975	50	1	1	34	8.27061e-05	12091	0.999878	FALSE	N:cds-YP_009724397.2	TAT	Y	TCT	S	109
NC_045512.2	28600	T	G	12080	8974	50	5	5	34	0.000413462	12093	0.97545	FALSE	N:cds-YP_009724397.2	TAT	Y	TAG	*	109
NC_045512.2	28600	T	C	12080	8974	50	2	2	30	0.000165385	12093	0.999082	FALSE	N:cds-YP_009724397.2	TAT	Y	TAC	Y	109
NC_045512.2	28600	T	A	12080	8974	50	6	6	34	0.000496155	12093	0.95183	FALSE	N:cds-YP_009724397.2	TAT	Y	TAA	*	109
NC_045512.2	28601	T	G	11958	8984	50	3	3	34	0.000250731	11965	0.993534	FALSE	N:cds-YP_009724397.2	TTC	F	GTC	V	110
NC_045512.2	28601	T	C	11958	8984	50	3	3	54	0.000250731	11965	0.124937	FALSE	N:cds-YP_009724397.2	TTC	F	CTC	L	110
NC_045512.2	28601	T	A	11958	8984	50	1	1	34	8.35771e-05	11965	0.999756	FALSE	N:cds-YP_009724397.2	TTC	F	ATC	I	110
NC_045512.2	28602	T	G	11729	8781	49	1	1	34	8.51789e-05	11740	0.999755	FALSE	N:cds-YP_009724397.2	TTC	F	TGC	C	110
NC_045512.2	28602	T	C	11729	8781	49	2	2	34	0.000170358	11740	0.998289	FALSE	N:cds-YP_009724397.2	TTC	F	TCC	S	110
NC_045512.2	28602	T	A	11729	8781	49	8	8	33	0.000681431	11740	0.820358	FALSE	N:cds-YP_009724397.2	TTC	F	TAC	Y	110
NC_045512.2	28603	C	T	11748	8895	49	12	12	32	0.00102015	11763	0.499835	FALSE	N:cds-YP_009724397.2	TTC	F	TTT	F	110
NC_045512.2	28603	C	G	11748	8895	49	2	2	34	0.000170025	11763	0.998285	FALSE	N:cds-YP_009724397.2	TTC	F	TTG	L	110
NC_045512.2	28603	C	A	11748	8895	49	1	1	34	8.50123e-05	11763	0.999755	FALSE	N:cds-YP_009724397.2	TTC	F	TTA	L	110
NC_045512.2	28604	T	G	11708	8867	49	1	1	27	8.53606e-05	11715	1	FALSE	N:cds-YP_009724397.2	TAC	Y	GAC	D	111
NC_045512.2	28604	T	C	11708	8867	49	6	6	34	0.000512164	11715	0.928341	FALSE	N:cds-YP_009724397.2	TAC	Y	CAC	H	111
NC_045512.2	28605	A	T	11572	8745	49	11	11	32	0.000949258	11588	0.583814	FALSE	N:cds-YP_009724397.2	TAC	Y	TTC	F	111
NC_045512.2	28605	A	G	11572	8745	49	1	1	34	8.62962e-05	11588	0.999755	FALSE	N:cds-YP_009724397.2	TAC	Y	TGC	C	111
NC_045512.2	28605	A	C	11572	8745	49	4	4	30	0.000345185	11588	0.982371	FALSE	N:cds-YP_009724397.2	TAC	Y	TCC	S	111
NC_045512.2	28606	C	T	11513	8746	49	1	1	34	8.6798e-05	11521	0.999756	FALSE	N:cds-YP_009724397.2	TAC	Y	TAT	Y	111
NC_045512.2	28606	C	G	11513	8746	49	2	2	30	0.000173596	11521	0.998291	FALSE	N:cds-YP_009724397.2	TAC	Y	TAG	*	111
NC_045512.2	28606	C	A	11513	8746	49	5	5	30	0.00043399	11521	0.961615	FALSE	N:cds-YP_009724397.2	TAC	Y	TAA	*	111
NC_045512.2	28607	T	C	10799	8150	50	5	5	34	0.000462706	10806	0.940808	FALSE	N:cds-YP_009724397.2	TAC	Y	CAC	H	112
NC_045512.2	28607	T	A	10799	8150	50	2	2	34	0.000185082	10806	0.996827	FALSE	N:cds-YP_009724397.2	TAC	Y	AAC	N	112
NC_045512.2	28608	A	T	10722	8087	49	5	5	34	0.000465983	10730	0.940787	FALSE	N:cds-YP_009724397.2	TAC	Y	TTC	F	112
NC_045512.2	28608	A	C	10722	8087	49	3	3	34	0.00027959	10730	0.98877	FALSE	N:cds-YP_009724397.2	TAC	Y	TCC	S	112
NC_045512.2	28609	C	T	10692	8055	50	2	2	51	0.000186881	10702	0.249825	FALSE	N:cds-YP_009724397.2	TAC	Y	TAT	Y	112
NC_045512.2	28609	C	G	10692	8055	50	1	0	68	9.34405e-05	10702	0.499813	FALSE	N:cds-YP_009724397.2	TAC	Y	TAG	*	112
NC_045512.2	28609	C	A	10692	8055	50	7	7	32	0.000654083	10702	0.833847	FALSE	N:cds-YP_009724397.2	TAC	Y	TAA	*	112
NC_045512.2	28610	C	T	10229	7758	49	6	5	38	0.00058588	10241	0.894854	FALSE	N:cds-YP_009724397.2	CTA	L	TTA	L	113
NC_045512.2	28610	C	G	10229	7758	49	1	1	26	9.76467e-05	10241	1	FALSE	N:cds-YP_009724397.2	CTA	L	GTA	V	113
NC_045512.2	28610	C	A	10229	7758	49	5	5	32	0.000488234	10241	0.940698	FALSE	N:cds-YP_009724397.2	CTA	L	ATA	I	113
NC_045512.2	28611	T	C	10203	7741	49	7	7	34	0.000685066	10218	0.833593	FALSE	N:cds-YP_009724397.2	CTA	L	CCA	P	113
NC_045512.2	28611	T	A	10203	7741	49	8	8	38	0.000782932	10218	0.759364	FALSE	N:cds-YP_009724397.2	CTA	L	CAA	Q	113
NC_045512.2	28612	A	T	9798	7447	49	5	5	34	0.000509788	9808	0.910171	FALSE	N:cds-YP_009724397.2	CTA	L	CTT	L	113
NC_045512.2	28612	A	G	9798	7447	49	1	1	34	0.000101958	9808	0.999022	FALSE	N:cds-YP_009724397.2	CTA	L	CTG	L	113
NC_045512.2	28612	A	C	9798	7447	49	4	4	30	0.00040783	9808	0.953822	FALSE	N:cds-YP_009724397.2	CTA	L	CTC	L	113
NC_045512.2	28613	G	T	9795	7545	48	3	3	45	0.000305873	9808	0.124809	FALSE	N:cds-YP_009724397.2	GGA	G	TGA	*	114
NC_045512.2	28613	G	C	9795	7545	48	5	5	34	0.000509788	9808	0.910077	FALSE	N:cds-YP_009724397.2	GGA	G	CGA	R	114
NC_045512.2	28613	G	A	9795	7545	48	5	5	34	0.000509788	9808	0.910077	FALSE	N:cds-YP_009724397.2	GGA	G	AGA	R	114
NC_045512.2	28614	G	T	9730	7512	48	6	6	30	0.00061608	9739	0.849121	FALSE	N:cds-YP_009724397.2	GGA	G	GTA	V	114
NC_045512.2	28614	G	A	9730	7512	48	3	3	34	0.00030804	9739	0.9807	FALSE	N:cds-YP_009724397.2	GGA	G	GAA	E	114
NC_045512.2	28615	A	G	9749	7535	48	8	8	33	0.000819756	9759	0.685471	FALSE	N:cds-YP_009724397.2	GGA	G	GGG	G	114
NC_045512.2	28615	A	C	9749	7535	48	2	2	34	0.000204939	9759	0.994132	FALSE	N:cds-YP_009724397.2	GGA	G	GGC	G	114
NC_045512.2	28616	A	T	9704	7510	48	3	3	31	0.000308737	9717	0.980667	FALSE	N:cds-YP_009724397.2	ACT	T	TCT	S	115
NC_045512.2	28616	A	G	9704	7510	48	9	8	33	0.000926212	9717	0.59252	FALSE	N:cds-YP_009724397.2	ACT	T	GCT	A	115
NC_045512.2	28616	A	C	9704	7510	48	1	1	34	0.000102912	9717	0.99902	FALSE	N:cds-YP_009724397.2	ACT	T	CCT	P	115
NC_045512.2	28617	C	T	9409	7256	48	1	1	34	0.000106123	9423	0.99902	FALSE	N:cds-YP_009724397.2	ACT	T	ATT	I	115
NC_045512.2	28617	C	G	9409	7256	48	7	7	31	0.000742863	9423	0.772459	FALSE	N:cds-YP_009724397.2	ACT	T	AGT	S	115
NC_045512.2	28617	C	A	9409	7256	48	6	6	34	0.00063674	9423	0.848878	FALSE	N:cds-YP_009724397.2	ACT	T	AAT	N	115
NC_045512.2	28618	T	G	6276	4638	50	1	1	34	0.000159058	6287	0.992161	FALSE	N:cds-YP_009724397.2	ACT	T	ACG	T	115
NC_045512.2	28618	T	C	6276	4638	50	6	6	38	0.00095435	6287	0.612416	FALSE	N:cds-YP_009724397.2	ACT	T	ACC	T	115
NC_045512.2	28618	T	A	6276	4638	50	4	4	32	0.000636233	6287	0.827831	FALSE	N:cds-YP_009724397.2	ACT	T	ACA	T	115
NC_045512.2	28619	G	T	6179	4548	50	4	4	34	0.000646517	6187	0.828025	FALSE	N:cds-YP_009724397.2	GGG	G	TGG	W	116
NC_045512.2	28619	G	C	6179	4548	50	1	1	34	0.000161629	6187	0.992174	FALSE	N:cds-YP_009724397.2	GGG	G	CGG	R	116
NC_045512.2	28619	G	A	6179	4548	50	3	3	34	0.000484888	6187	0.910077	FALSE	N:cds-YP_009724397.2	GGG	G	AGG	R	116
NC_045512.2	28620	G	T	6193	4568	50	1	1	34	0.000161394	6196	0.992196	FALSE	N:cds-YP_009724397.2	GGG	G	GTG	V	116
NC_045512.2	28620	G	C	6193	4568	50	2	2	34	0.000322789	6196	0.964888	FALSE	N:cds-YP_009724397.2	GGG	G	GCG	A	116
NC_045512.2	28621	G	T	6199	4571	50	5	5	31	0.000805802	6205	0.725677	FALSE	N:cds-YP_009724397.2	GGG	G	GGT	G	116
NC_045512.2	28621	G	A	6199	4571	50	1	0	68	0.00016116	6205	0.499839	FALSE	N:cds-YP_009724397.2	GGG	G	GGA	G	116
NC_045512.2	28622	C	T	6181	4579	50	1	0	68	0.000161525	6191	0.499677	FALSE	N:cds-YP_009724397.2	CCA	P	TCA	S	117
NC_045512.2	28622	C	G	6181	4579	50	8	8	32	0.0012922	6191	0.395086	FALSE	N:cds-YP_009724397.2	CCA	P	GCA	A	117
NC_045512.2	28622	C	A	6181	4579	50	1	0	27	0.000161525	6191	1	FALSE	N:cds-YP_009724397.2	CCA	P	ACA	T	117
NC_045512.2	28623	C	T	5681	4264	49	2	2	34	0.000351679	5687	0.937471	FALSE	N:cds-YP_009724397.2	CCA	P	CTA	L	117
NC_045512.2	28623	C	G	5681	4264	49	4	4	30	0.000703359	5687	0.746094	FALSE	N:cds-YP_009724397.2	CCA	P	CGA	R	117
NC_045512.2	28624	A	G	5574	4180	50	4	4	28	0.000716717	5581	1	FALSE	N:cds-YP_009724397.2	CCA	P	CCG	P	117
NC_045512.2	28624	A	C	5574	4180	50	3	3	31	0.000537538	5581	0.85538	FALSE	N:cds-YP_009724397.2	CCA	P	CCC	P	117
NC_045512.2	28625	G	T	5561	4170	49	1	1	34	0.000179598	5568	0.984354	FALSE	N:cds-YP_009724397.2	GAA	E	TAA	*	118
NC_045512.2	28625	G	C	5561	4170	49	4	4	32	0.000718391	5568	0.746005	FALSE	N:cds-YP_009724397.2	GAA	E	CAA	Q	118
NC_045512.2	28625	G	A	5561	4170	49	2	2	34	0.000359195	5568	0.937441	FALSE	N:cds-YP_009724397.2	GAA	E	AAA	K	118
NC_045512.2	28626	A	T	5553	4185	48	1	1	34	0.000179921	5558	0.984371	FALSE	N:cds-YP_009724397.2	GAA	E	GTA	V	118
NC_045512.2	28626	A	G	5553	4185	48	1	1	34	0.000179921	5558	0.984371	FALSE	N:cds-YP_009724397.2	GAA	E	GGA	G	118
NC_045512.2	28626	A	C	5553	4185	48	3	3	31	0.000539763	5558	0.855498	FALSE	N:cds-YP_009724397.2	GAA	E	GCA	A	118
NC_045512.2	28627	A	G	5533	4165	49	4	3	46	0.000722282	5538	0.0624661	FALSE	N:cds-YP_009724397.2	GAA	E	GAG	E	118
NC_045512.2	28627	A	C	5533	4165	49	1	1	34	0.000180571	5538	0.984371	FALSE	N:cds-YP_009724397.2	GAA	E	GAC	D	118
NC_045512.2	28628	G	T	5288	4004	49	1	1	34	0.000188857	5295	0.984353	FALSE	N:cds-YP_009724397.2	GCT	A	TCT	S	119
NC_045512.2	28628	G	C	5288	4004	49	1	1	34	0.000188857	5295	0.984353	FALSE	N:cds-YP_009724397.2	GCT	A	CCT	P	119
NC_045512.2	28628	G	A	5288	4004	49	5	5	32	0.000944287	5295	0.622989	FALSE	N:cds-YP_009724397.2	GCT	A	ACT	T	119
NC_045512.2	28629	C	G	4996	3935	47	2	2	30	0.00039968	5004	0.937401	FALSE	N:cds-YP_009724397.2	GCT	A	GGT	G	119
NC_045512.2	28629	C	A	4996	3935	47	6	6	32	0.00119904	5004	0.499865	FALSE	N:cds-YP_009724397.2	GCT	A	GAT	D	119
NC_045512.2	28630	T	G	4319	3349	47	1	1	34	0.000230787	4333	0.968569	FALSE	N:cds-YP_009724397.2	GCT	A	GCG	A	119
NC_045512.2	28630	T	C	4319	3349	47	9	8	37	0.00207708	4333	0.132879	FALSE	N:cds-YP_009724397.2	GCT	A	GCC	A	119
NC_045512.2	28630	T	A	4319	3349	47	4	3	42	0.000923148	4333	0.0621972	FALSE	N:cds-YP_009724397.2	GCT	A	GCA	A	119
NC_045512.2	28631	G	T	4160	3200	48	2	2	34	0.000480307	4164	0.890653	FALSE	N:cds-YP_009724397.2	GGA	G	TGA	*	120
NC_045512.2	28631	G	C	4160	3200	48	2	2	34	0.000480307	4164	0.890653	FALSE	N:cds-YP_009724397.2	GGA	G	CGA	R	120
NC_045512.2	28632	G	T	4261	3303	48	1	1	26	0.000234412	4266	1	FALSE	N:cds-YP_009724397.2	GGA	G	GTA	V	120
NC_045512.2	28632	G	C	4261	3303	48	3	3	34	0.000703235	4266	0.773438	FALSE	N:cds-YP_009724397.2	GGA	G	GCA	A	120
NC_045512.2	28632	G	A	4261	3303	48	1	1	34	0.000234412	4266	0.968732	FALSE	N:cds-YP_009724397.2	GGA	G	GAA	E	120
NC_045512.2	28633	A	T	4252	3295	48	2	2	34	0.000469814	4257	0.890597	FALSE	N:cds-YP_009724397.2	GGA	G	GGT	G	120
NC_045512.2	28633	A	G	4252	3295	48	2	2	30	0.000469814	4257	0.890597	FALSE	N:cds-YP_009724397.2	GGA	G	GGG	G	120
NC_045512.2	28633	A	C	4252	3295	48	1	1	26	0.000234907	4257	1	FALSE	N:cds-YP_009724397.2	GGA	G	GGC	G	120
NC_045512.2	28634	C	G	4183	3249	48	2	2	30	0.000477441	4189	0.890541	FALSE	N:cds-YP_009724397.2	CTT	L	GTT	V	121
NC_045512.2	28634	C	A	4183	3249	48	4	4	32	0.000954882	4189	0.636653	FALSE	N:cds-YP_009724397.2	CTT	L	ATT	I	121
NC_045512.2	28634	C	+T	4183	3249	48	1	0	20	0.00023872	4189	1	FALSE	NA	NA	NA	NA	NA	NA
NC_045512.2	28635	T	G	2525	1933	49	1	1	34	0.000395413	2529	0.874926	FALSE	N:cds-YP_009724397.2	CTT	L	CGT	R	121
NC_045512.2	28635	T	C	2525	1933	49	3	3	31	0.00118624	2529	0.5	FALSE	N:cds-YP_009724397.2	CTT	L	CCT	P	121
NC_045512.2	28636	T	G	2374	1814	49	1	1	34	0.000420698	2377	0.875	FALSE	N:cds-YP_009724397.2	CTT	L	CTG	L	121
NC_045512.2	28636	T	A	2374	1814	49	2	2	34	0.000841397	2377	0.687579	FALSE	N:cds-YP_009724397.2	CTT	L	CTA	L	121
NC_045512.2	28636	T	-C	2374	1814	49	1	0	20	0.000420698	2377	1	FALSE	NA	NA	NA	NA	NA	NA
NC_045512.2	28636	T	+C	2374	1814	49	1	0	20	0.000420698	2377	1	FALSE	NA	NA	NA	NA	NA	NA
NC_045512.2	28637	C	T	2317	1782	49	2	2	34	0.000862069	2320	0.687419	FALSE	N:cds-YP_009724397.2	CCC	P	TCC	S	122
NC_045512.2	28637	C	A	2317	1782	49	1	1	34	0.000431034	2320	0.874919	FALSE	N:cds-YP_009724397.2	CCC	P	ACC	T	122
NC_045512.2	28638	C	T	2174	1676	49	1	1	34	0.00045977	2175	0.875172	FALSE	N:cds-YP_009724397.2	CCC	P	CTC	L	122
NC_045512.2	28638	C	+T	2174	1676	49	1	0	20	0.00045977	2175	1	FALSE	NA	NA	NA	NA	NA	NA
NC_045512.2	28639	C	T	2144	1650	49	3	3	45	0.0013973	2147	0.125	FALSE	N:cds-YP_009724397.2	CCC	P	CCT	P	122
NC_045512.2	28639	C	+T	2144	1650	49	1	0	20	0.000465766	2147	1	FALSE	NA	NA	NA	NA	NA	NA
NC_045512.2	28640	T	C	1500	1148	49	2	1	51	0.00133156	1502	0.250083	FALSE	N:cds-YP_009724397.2	TAT	Y	CAT	H	123
NC_045512.2	28641	A	C	1435	1098	49	1	1	34	0.000696379	1436	0.750261	FALSE	N:cds-YP_009724397.2	TAT	Y	TCT	S	123
NC_045512.2	28642	T	C	1430	1102	49	3	2	54	0.00209351	1433	0.125	FALSE	N:cds-YP_009724397.2	TAT	Y	TAC	Y	123
NC_045512.2	28643	G	T	952	755	48	1	1	34	0.00104932	953	0.500262	FALSE	N:cds-YP_009724397.2	GGT	G	TGT	C	124
NC_045512.2	28644	G	A	963	777	47	1	1	34	0.00103734	964	0.500259	FALSE	N:cds-YP_009724397.2	GGT	G	GAT	D	124
