REGION	POS	REF	ALT	REF_DP	REF_RV	REF_QUAL	ALT_DP	ALT_RV	ALT_QUAL	ALT_FREQ	TOTAL_DP	PVAL	PASS	GFF_FEATURE	REF_CODON	REF_AA	ALT_CODON	ALT_AA	POS_AA
NC_045512.2	405	A	G	0	0	0	6	1	43	1	6	0.0021645	TRUE	ORF1ab:cds-YP_009724389.1	AAA	K	AGA	R	47
NC_045512.2	405	A	G	0	0	0	6	1	43	1	6	0.0021645	TRUE	ORF1ab:cds-YP_009725295.1	AAA	K	AGA	R	47
NC_045512.2	556	C	A	10	6	40	1	0	37	0.0909091	11	0.52381	FALSE	ORF1ab:cds-YP_009724389.1	TAC	Y	TAA	*	97
NC_045512.2	556	C	A	10	6	40	1	0	37	0.0909091	11	0.52381	FALSE	ORF1ab:cds-YP_009725295.1	TAC	Y	TAA	*	97
NC_045512.2	561	G	A	10	5	38	1	1	37	0.0909091	11	0.52381	FALSE	ORF1ab:cds-YP_009724389.1	CGT	R	CAT	H	99
NC_045512.2	561	G	A	10	5	38	1	1	37	0.0909091	11	0.52381	FALSE	ORF1ab:cds-YP_009725295.1	CGT	R	CAT	H	99
NC_045512.2	621	G	A	5	3	51	1	1	37	0.166667	6	0.545455	FALSE	ORF1ab:cds-YP_009724389.1	CGC	R	CAC	H	119
NC_045512.2	621	G	A	5	3	51	1	1	37	0.166667	6	0.545455	FALSE	ORF1ab:cds-YP_009725295.1	CGC	R	CAC	H	119
NC_045512.2	667	T	G	9278	400	36	2	2	37	0.000215494	9281	0.994152	FALSE	ORF1ab:cds-YP_009724389.1	CAT	H	CAG	Q	134
NC_045512.2	667	T	G	9278	400	36	2	2	37	0.000215494	9281	0.994152	FALSE	ORF1ab:cds-YP_009725295.1	CAT	H	CAG	Q	134
NC_045512.2	667	T	C	9278	400	36	1	0	37	0.000107747	9281	0.999025	FALSE	ORF1ab:cds-YP_009724389.1	CAT	H	CAC	H	134
NC_045512.2	667	T	C	9278	400	36	1	0	37	0.000107747	9281	0.999025	FALSE	ORF1ab:cds-YP_009725295.1	CAT	H	CAC	H	134
NC_045512.2	668	A	G	9345	486	36	4	0	37	0.000427807	9350	0.953913	FALSE	ORF1ab:cds-YP_009724389.1	AGT	S	GGT	G	135
NC_045512.2	668	A	G	9345	486	36	4	0	37	0.000427807	9350	0.953913	FALSE	ORF1ab:cds-YP_009725295.1	AGT	S	GGT	G	135
NC_045512.2	668	A	C	9345	486	36	1	1	25	0.000106952	9350	1	FALSE	ORF1ab:cds-YP_009724389.1	AGT	S	CGT	R	135
NC_045512.2	668	A	C	9345	486	36	1	1	25	0.000106952	9350	1	FALSE	ORF1ab:cds-YP_009725295.1	AGT	S	CGT	R	135
NC_045512.2	669	G	T	9895	502	36	4	0	37	0.00040404	9900	0.95391	FALSE	ORF1ab:cds-YP_009724389.1	AGT	S	ATT	I	135
NC_045512.2	669	G	T	9895	502	36	4	0	37	0.00040404	9900	0.95391	FALSE	ORF1ab:cds-YP_009725295.1	AGT	S	ATT	I	135
NC_045512.2	669	G	C	9895	502	36	1	0	25	0.00010101	9900	1	FALSE	ORF1ab:cds-YP_009724389.1	AGT	S	ACT	T	135
NC_045512.2	669	G	C	9895	502	36	1	0	25	0.00010101	9900	1	FALSE	ORF1ab:cds-YP_009725295.1	AGT	S	ACT	T	135
NC_045512.2	670	T	G	1	0	25	12129	650	37	0.999835	12131	0	TRUE	ORF1ab:cds-YP_009724389.1	AGT	S	AGG	R	135
NC_045512.2	670	T	G	1	0	25	12129	650	37	0.999835	12131	0	TRUE	ORF1ab:cds-YP_009725295.1	AGT	S	AGG	R	135
NC_045512.2	670	T	A	1	0	25	1	0	37	8.24334e-05	12131	0.00214203	TRUE	ORF1ab:cds-YP_009724389.1	AGT	S	AGA	R	135
NC_045512.2	670	T	A	1	0	25	1	0	37	8.24334e-05	12131	0.00214203	TRUE	ORF1ab:cds-YP_009725295.1	AGT	S	AGA	R	135
NC_045512.2	671	T	G	11515	701	36	1	0	25	8.68206e-05	11518	1	FALSE	ORF1ab:cds-YP_009724389.1	TAC	Y	GAC	D	136
NC_045512.2	671	T	G	11515	701	36	1	0	25	8.68206e-05	11518	1	FALSE	ORF1ab:cds-YP_009725295.1	TAC	Y	GAC	D	136
NC_045512.2	671	T	C	11515	701	36	1	1	37	8.68206e-05	11518	0.999756	FALSE	ORF1ab:cds-YP_009724389.1	TAC	Y	CAC	H	136
NC_045512.2	671	T	C	11515	701	36	1	1	37	8.68206e-05	11518	0.999756	FALSE	ORF1ab:cds-YP_009725295.1	TAC	Y	CAC	H	136
NC_045512.2	671	T	A	11515	701	36	1	0	37	8.68206e-05	11518	0.999756	FALSE	ORF1ab:cds-YP_009724389.1	TAC	Y	AAC	N	136
NC_045512.2	671	T	A	11515	701	36	1	0	37	8.68206e-05	11518	0.999756	FALSE	ORF1ab:cds-YP_009725295.1	TAC	Y	AAC	N	136
NC_045512.2	672	A	G	11698	703	36	1	0	25	8.54628e-05	11701	1	FALSE	ORF1ab:cds-YP_009724389.1	TAC	Y	TGC	C	136
NC_045512.2	672	A	G	11698	703	36	1	0	25	8.54628e-05	11701	1	FALSE	ORF1ab:cds-YP_009725295.1	TAC	Y	TGC	C	136
NC_045512.2	672	A	C	11698	703	36	2	0	25	0.000170926	11701	1	FALSE	ORF1ab:cds-YP_009724389.1	TAC	Y	TCC	S	136
NC_045512.2	672	A	C	11698	703	36	2	0	25	0.000170926	11701	1	FALSE	ORF1ab:cds-YP_009725295.1	TAC	Y	TCC	S	136
NC_045512.2	673	C	T	12190	724	37	11	0	35	0.000901565	12201	0.661326	FALSE	ORF1ab:cds-YP_009724389.1	TAC	Y	TAT	Y	136
NC_045512.2	673	C	T	12190	724	37	11	0	35	0.000901565	12201	0.661326	FALSE	ORF1ab:cds-YP_009725295.1	TAC	Y	TAT	Y	136
NC_045512.2	674	G	A	12244	730	37	4	0	37	0.000326584	12248	0.98939	FALSE	ORF1ab:cds-YP_009724389.1	GGC	G	AGC	S	137
NC_045512.2	674	G	A	12244	730	37	4	0	37	0.000326584	12248	0.98939	FALSE	ORF1ab:cds-YP_009725295.1	GGC	G	AGC	S	137
NC_045512.2	675	G	A	12791	939	37	5	1	37	0.000390747	12796	0.975525	FALSE	ORF1ab:cds-YP_009724389.1	GGC	G	GAC	D	137
NC_045512.2	675	G	A	12791	939	37	5	1	37	0.000390747	12796	0.975525	FALSE	ORF1ab:cds-YP_009725295.1	GGC	G	GAC	D	137
NC_045512.2	676	C	T	12800	1014	38	4	1	37	0.000312378	12805	0.989384	FALSE	ORF1ab:cds-YP_009724389.1	GGC	G	GGT	G	137
NC_045512.2	676	C	T	12800	1014	38	4	1	37	0.000312378	12805	0.989384	FALSE	ORF1ab:cds-YP_009725295.1	GGC	G	GGT	G	137
NC_045512.2	676	C	A	12800	1014	38	1	0	37	7.80945e-05	12805	0.999878	FALSE	ORF1ab:cds-YP_009724389.1	GGC	G	GGA	G	137
NC_045512.2	676	C	A	12800	1014	38	1	0	37	7.80945e-05	12805	0.999878	FALSE	ORF1ab:cds-YP_009725295.1	GGC	G	GGA	G	137
NC_045512.2	677	G	A	12861	1020	38	2	0	37	0.000155485	12863	0.999087	FALSE	ORF1ab:cds-YP_009724389.1	GCC	A	ACC	T	138
NC_045512.2	677	G	A	12861	1020	38	2	0	37	0.000155485	12863	0.999087	FALSE	ORF1ab:cds-YP_009725295.1	GCC	A	ACC	T	138
NC_045512.2	678	C	T	12799	1027	38	1	0	37	7.8125e-05	12800	0.999878	FALSE	ORF1ab:cds-YP_009724389.1	GCC	A	GTC	V	138
NC_045512.2	678	C	T	12799	1027	38	1	0	37	7.8125e-05	12800	0.999878	FALSE	ORF1ab:cds-YP_009725295.1	GCC	A	GTC	V	138
NC_045512.2	679	C	T	12802	1021	38	6	0	37	0.000468457	12808	0.951948	FALSE	ORF1ab:cds-YP_009724389.1	GCC	A	GCT	A	138
NC_045512.2	679	C	T	12802	1021	38	6	0	37	0.000468457	12808	0.951948	FALSE	ORF1ab:cds-YP_009725295.1	GCC	A	GCT	A	138
NC_045512.2	680	G	T	15219	1072	37	1	0	37	6.5647e-05	15233	0.999985	FALSE	ORF1ab:cds-YP_009724389.1	GAT	D	TAT	Y	139
NC_045512.2	680	G	T	15219	1072	37	1	0	37	6.5647e-05	15233	0.999985	FALSE	ORF1ab:cds-YP_009725295.1	GAT	D	TAT	Y	139
NC_045512.2	680	G	A	15219	1072	37	13	2	37	0.00085341	15233	0.714295	FALSE	ORF1ab:cds-YP_009724389.1	GAT	D	AAT	N	139
NC_045512.2	680	G	A	15219	1072	37	13	2	37	0.00085341	15233	0.714295	FALSE	ORF1ab:cds-YP_009725295.1	GAT	D	AAT	N	139
NC_045512.2	681	A	T	15215	1077	37	1	0	25	6.57203e-05	15216	1	FALSE	ORF1ab:cds-YP_009724389.1	GAT	D	GTT	V	139
NC_045512.2	681	A	T	15215	1077	37	1	0	25	6.57203e-05	15216	1	FALSE	ORF1ab:cds-YP_009725295.1	GAT	D	GTT	V	139
NC_045512.2	682	T	A	15951	1176	37	1	0	25	6.26881e-05	15952	1	FALSE	ORF1ab:cds-YP_009724389.1	GAT	D	GAA	E	139
NC_045512.2	682	T	A	15951	1176	37	1	0	25	6.26881e-05	15952	1	FALSE	ORF1ab:cds-YP_009725295.1	GAT	D	GAA	E	139
NC_045512.2	683	C	A	16139	1173	38	1	0	37	6.19579e-05	16140	0.999992	FALSE	ORF1ab:cds-YP_009724389.1	CTA	L	ATA	I	140
NC_045512.2	683	C	A	16139	1173	38	1	0	37	6.19579e-05	16140	0.999992	FALSE	ORF1ab:cds-YP_009725295.1	CTA	L	ATA	I	140
NC_045512.2	684	T	C	16122	1203	38	2	1	31	0.000124039	16124	0.999928	FALSE	ORF1ab:cds-YP_009724389.1	CTA	L	CCA	P	140
NC_045512.2	684	T	C	16122	1203	38	2	1	31	0.000124039	16124	0.999928	FALSE	ORF1ab:cds-YP_009725295.1	CTA	L	CCA	P	140
NC_045512.2	685	A	G	16295	1214	38	1	0	37	6.13648e-05	16296	0.999992	FALSE	ORF1ab:cds-YP_009724389.1	CTA	L	CTG	L	140
NC_045512.2	685	A	G	16295	1214	38	1	0	37	6.13648e-05	16296	0.999992	FALSE	ORF1ab:cds-YP_009725295.1	CTA	L	CTG	L	140
NC_045512.2	686	A	T	16222	1202	38	1	0	37	6.16371e-05	16224	0.999992	FALSE	ORF1ab:cds-YP_009724389.1	AAG	K	TAG	*	141
NC_045512.2	686	A	T	16222	1202	38	1	0	37	6.16371e-05	16224	0.999992	FALSE	ORF1ab:cds-YP_009725295.1	AAG	K	TAG	*	141
NC_045512.2	686	A	G	16222	1202	38	1	0	25	6.16371e-05	16224	1	FALSE	ORF1ab:cds-YP_009724389.1	AAG	K	GAG	E	141
NC_045512.2	686	A	G	16222	1202	38	1	0	25	6.16371e-05	16224	1	FALSE	ORF1ab:cds-YP_009725295.1	AAG	K	GAG	E	141
NC_045512.2	687	A	G	16219	1243	38	1	0	25	6.16523e-05	16220	1	FALSE	ORF1ab:cds-YP_009724389.1	AAG	K	AGG	R	141
NC_045512.2	687	A	G	16219	1243	38	1	0	25	6.16523e-05	16220	1	FALSE	ORF1ab:cds-YP_009725295.1	AAG	K	AGG	R	141
NC_045512.2	688	G	C	16420	1244	38	1	1	29	6.08865e-05	16424	1	FALSE	ORF1ab:cds-YP_009724389.1	AAG	K	AAC	N	141
NC_045512.2	688	G	C	16420	1244	38	1	1	29	6.08865e-05	16424	1	FALSE	ORF1ab:cds-YP_009725295.1	AAG	K	AAC	N	141
NC_045512.2	688	G	A	16420	1244	38	3	0	33	0.00018266	16424	0.999637	FALSE	ORF1ab:cds-YP_009724389.1	AAG	K	AAA	K	141
NC_045512.2	688	G	A	16420	1244	38	3	0	33	0.00018266	16424	0.999637	FALSE	ORF1ab:cds-YP_009725295.1	AAG	K	AAA	K	141
NC_045512.2	689	T	G	16153	1308	37	3	2	33	0.000185632	16161	0.999636	FALSE	ORF1ab:cds-YP_009724389.1	TCA	S	GCA	A	142
NC_045512.2	689	T	G	16153	1308	37	3	2	33	0.000185632	16161	0.999636	FALSE	ORF1ab:cds-YP_009725295.1	TCA	S	GCA	A	142
NC_045512.2	689	T	C	16153	1308	37	5	0	34	0.000309387	16161	0.996407	FALSE	ORF1ab:cds-YP_009724389.1	TCA	S	CCA	P	142
NC_045512.2	689	T	C	16153	1308	37	5	0	34	0.000309387	16161	0.996407	FALSE	ORF1ab:cds-YP_009725295.1	TCA	S	CCA	P	142
NC_045512.2	690	C	T	16990	1332	38	1	0	37	5.88547e-05	16991	0.999992	FALSE	ORF1ab:cds-YP_009724389.1	TCA	S	TTA	L	142
NC_045512.2	690	C	T	16990	1332	38	1	0	37	5.88547e-05	16991	0.999992	FALSE	ORF1ab:cds-YP_009725295.1	TCA	S	TTA	L	142
NC_045512.2	691	A	G	16647	1322	37	2	0	31	0.000120098	16653	0.999928	FALSE	ORF1ab:cds-YP_009724389.1	TCA	S	TCG	S	142
NC_045512.2	691	A	G	16647	1322	37	2	0	31	0.000120098	16653	0.999928	FALSE	ORF1ab:cds-YP_009725295.1	TCA	S	TCG	S	142
NC_045512.2	691	A	C	16647	1322	37	4	1	28	0.000240197	16653	1	FALSE	ORF1ab:cds-YP_009724389.1	TCA	S	TCC	S	142
NC_045512.2	691	A	C	16647	1322	37	4	1	28	0.000240197	16653	1	FALSE	ORF1ab:cds-YP_009725295.1	TCA	S	TCC	S	142
NC_045512.2	691	A	-T	16647	1322	37	1	0	20	6.00492e-05	16653	1	FALSE	NA	NA	NA	NA	NA	NA
NC_045512.2	692	T	G	16153	1312	37	7	0	28	0.000432981	16167	1	FALSE	ORF1ab:cds-YP_009724389.1	TTT	F	GTT	V	143
NC_045512.2	692	T	G	16153	1312	37	7	0	28	0.000432981	16167	1	FALSE	ORF1ab:cds-YP_009725295.1	TTT	F	GTT	V	143
NC_045512.2	692	T	C	16153	1312	37	6	0	33	0.000371126	16167	0.991541	FALSE	ORF1ab:cds-YP_009724389.1	TTT	F	CTT	L	143
NC_045512.2	692	T	C	16153	1312	37	6	0	33	0.000371126	16167	0.991541	FALSE	ORF1ab:cds-YP_009725295.1	TTT	F	CTT	L	143
NC_045512.2	692	T	A	16153	1312	37	1	0	37	6.18544e-05	16167	0.999992	FALSE	ORF1ab:cds-YP_009724389.1	TTT	F	ATT	I	143
NC_045512.2	692	T	A	16153	1312	37	1	0	37	6.18544e-05	16167	0.999992	FALSE	ORF1ab:cds-YP_009725295.1	TTT	F	ATT	I	143
NC_045512.2	693	T	G	16568	1328	37	1	0	25	6.03355e-05	16574	1	FALSE	ORF1ab:cds-YP_009724389.1	TTT	F	TGT	C	143
NC_045512.2	693	T	G	16568	1328	37	1	0	25	6.03355e-05	16574	1	FALSE	ORF1ab:cds-YP_009725295.1	TTT	F	TGT	C	143
NC_045512.2	693	T	C	16568	1328	37	3	0	33	0.000181006	16574	0.999637	FALSE	ORF1ab:cds-YP_009724389.1	TTT	F	TCT	S	143
NC_045512.2	693	T	C	16568	1328	37	3	0	33	0.000181006	16574	0.999637	FALSE	ORF1ab:cds-YP_009725295.1	TTT	F	TCT	S	143
NC_045512.2	693	T	A	16568	1328	37	2	0	37	0.000120671	16574	0.999928	FALSE	ORF1ab:cds-YP_009724389.1	TTT	F	TAT	Y	143
NC_045512.2	693	T	A	16568	1328	37	2	0	37	0.000120671	16574	0.999928	FALSE	ORF1ab:cds-YP_009725295.1	TTT	F	TAT	Y	143
NC_045512.2	694	T	G	17250	1413	38	2	2	37	0.000115922	17253	0.999962	FALSE	ORF1ab:cds-YP_009724389.1	TTT	F	TTG	L	143
NC_045512.2	694	T	G	17250	1413	38	2	2	37	0.000115922	17253	0.999962	FALSE	ORF1ab:cds-YP_009725295.1	TTT	F	TTG	L	143
NC_045512.2	694	T	C	17250	1413	38	1	0	25	5.79609e-05	17253	1	FALSE	ORF1ab:cds-YP_009724389.1	TTT	F	TTC	F	143
NC_045512.2	694	T	C	17250	1413	38	1	0	25	5.79609e-05	17253	1	FALSE	ORF1ab:cds-YP_009725295.1	TTT	F	TTC	F	143
NC_045512.2	695	G	A	17886	1426	38	2	0	37	0.000111807	17888	0.999962	FALSE	ORF1ab:cds-YP_009724389.1	GAC	D	AAC	N	144
NC_045512.2	695	G	A	17886	1426	38	2	0	37	0.000111807	17888	0.999962	FALSE	ORF1ab:cds-YP_009725295.1	GAC	D	AAC	N	144
NC_045512.2	696	A	G	17467	1434	38	1	0	25	5.72475e-05	17468	1	FALSE	ORF1ab:cds-YP_009724389.1	GAC	D	GGC	G	144
NC_045512.2	696	A	G	17467	1434	38	1	0	25	5.72475e-05	17468	1	FALSE	ORF1ab:cds-YP_009725295.1	GAC	D	GGC	G	144
NC_045512.2	697	C	T	17542	1427	37	2	0	37	0.00011398	17547	0.999962	FALSE	ORF1ab:cds-YP_009724389.1	GAC	D	GAT	D	144
NC_045512.2	697	C	T	17542	1427	37	2	0	37	0.00011398	17547	0.999962	FALSE	ORF1ab:cds-YP_009725295.1	GAC	D	GAT	D	144
NC_045512.2	697	C	A	17542	1427	37	3	0	33	0.000170969	17547	0.999799	FALSE	ORF1ab:cds-YP_009724389.1	GAC	D	GAA	E	144
NC_045512.2	697	C	A	17542	1427	37	3	0	33	0.000170969	17547	0.999799	FALSE	ORF1ab:cds-YP_009725295.1	GAC	D	GAA	E	144
NC_045512.2	698	T	G	17414	1425	37	1	0	25	5.74152e-05	17417	1	FALSE	ORF1ab:cds-YP_009724389.1	TTA	L	GTA	V	145
NC_045512.2	698	T	G	17414	1425	37	1	0	25	5.74152e-05	17417	1	FALSE	ORF1ab:cds-YP_009725295.1	TTA	L	GTA	V	145
NC_045512.2	698	T	C	17414	1425	37	2	0	37	0.00011483	17417	0.999962	FALSE	ORF1ab:cds-YP_009724389.1	TTA	L	CTA	L	145
NC_045512.2	698	T	C	17414	1425	37	2	0	37	0.00011483	17417	0.999962	FALSE	ORF1ab:cds-YP_009725295.1	TTA	L	CTA	L	145
NC_045512.2	699	T	C	17913	1440	38	3	0	37	0.000167448	17916	0.9998	FALSE	ORF1ab:cds-YP_009724389.1	TTA	L	TCA	S	145
NC_045512.2	699	T	C	17913	1440	38	3	0	37	0.000167448	17916	0.9998	FALSE	ORF1ab:cds-YP_009725295.1	TTA	L	TCA	S	145
NC_045512.2	700	A	T	17679	1449	38	1	0	37	5.65355e-05	17688	0.999996	FALSE	ORF1ab:cds-YP_009724389.1	TTA	L	TTT	F	145
NC_045512.2	700	A	T	17679	1449	38	1	0	37	5.65355e-05	17688	0.999996	FALSE	ORF1ab:cds-YP_009725295.1	TTA	L	TTT	F	145
NC_045512.2	700	A	G	17679	1449	38	7	0	37	0.000395749	17688	0.98869	FALSE	ORF1ab:cds-YP_009724389.1	TTA	L	TTG	L	145
NC_045512.2	700	A	G	17679	1449	38	7	0	37	0.000395749	17688	0.98869	FALSE	ORF1ab:cds-YP_009725295.1	TTA	L	TTG	L	145
NC_045512.2	700	A	C	17679	1449	38	1	0	25	5.65355e-05	17688	1	FALSE	ORF1ab:cds-YP_009724389.1	TTA	L	TTC	F	145
NC_045512.2	700	A	C	17679	1449	38	1	0	25	5.65355e-05	17688	1	FALSE	ORF1ab:cds-YP_009725295.1	TTA	L	TTC	F	145
NC_045512.2	701	G	T	18387	1829	39	4	1	37	0.000217498	18391	0.999574	FALSE	ORF1ab:cds-YP_009724389.1	GGC	G	TGC	C	146
NC_045512.2	701	G	T	18387	1829	39	4	1	37	0.000217498	18391	0.999574	FALSE	ORF1ab:cds-YP_009725295.1	GGC	G	TGC	C	146
NC_045512.2	702	G	T	18480	1855	39	1	0	37	5.41096e-05	18481	0.999998	FALSE	ORF1ab:cds-YP_009724389.1	GGC	G	GTC	V	146
NC_045512.2	702	G	T	18480	1855	39	1	0	37	5.41096e-05	18481	0.999998	FALSE	ORF1ab:cds-YP_009725295.1	GGC	G	GTC	V	146
NC_045512.2	703	C	T	18488	1858	39	10	1	43	0.00054057	18499	0.00585357	TRUE	ORF1ab:cds-YP_009724389.1	GGC	G	GGT	G	146
NC_045512.2	703	C	T	18488	1858	39	10	1	43	0.00054057	18499	0.00585357	TRUE	ORF1ab:cds-YP_009725295.1	GGC	G	GGT	G	146
NC_045512.2	703	C	G	18488	1858	39	1	0	37	5.4057e-05	18499	0.999998	FALSE	ORF1ab:cds-YP_009724389.1	GGC	G	GGG	G	146
NC_045512.2	703	C	G	18488	1858	39	1	0	37	5.4057e-05	18499	0.999998	FALSE	ORF1ab:cds-YP_009725295.1	GGC	G	GGG	G	146
NC_045512.2	704	G	A	18567	1913	39	6	0	43	0.00032305	18573	0.0624912	FALSE	ORF1ab:cds-YP_009724389.1	GAC	D	AAC	N	147
NC_045512.2	704	G	A	18567	1913	39	6	0	43	0.00032305	18573	0.0624912	FALSE	ORF1ab:cds-YP_009725295.1	GAC	D	AAC	N	147
NC_045512.2	705	A	T	18334	1901	39	1	0	25	5.45405e-05	18335	1	FALSE	ORF1ab:cds-YP_009724389.1	GAC	D	GTC	V	147
NC_045512.2	705	A	T	18334	1901	39	1	0	25	5.45405e-05	18335	1	FALSE	ORF1ab:cds-YP_009725295.1	GAC	D	GTC	V	147
NC_045512.2	706	C	T	18560	1939	39	20	2	40	0.00107637	18581	1.0442e-05	TRUE	ORF1ab:cds-YP_009724389.1	GAC	D	GAT	D	147
NC_045512.2	706	C	T	18560	1939	39	20	2	40	0.00107637	18581	1.0442e-05	TRUE	ORF1ab:cds-YP_009725295.1	GAC	D	GAT	D	147
NC_045512.2	706	C	A	18560	1939	39	1	1	29	5.38184e-05	18581	1	FALSE	ORF1ab:cds-YP_009724389.1	GAC	D	GAA	E	147
NC_045512.2	706	C	A	18560	1939	39	1	1	29	5.38184e-05	18581	1	FALSE	ORF1ab:cds-YP_009725295.1	GAC	D	GAA	E	147
NC_045512.2	707	G	T	18634	1956	39	2	0	37	0.000107302	18639	0.99998	FALSE	ORF1ab:cds-YP_009724389.1	GAG	E	TAG	*	148
NC_045512.2	707	G	T	18634	1956	39	2	0	37	0.000107302	18639	0.99998	FALSE	ORF1ab:cds-YP_009725295.1	GAG	E	TAG	*	148
NC_045512.2	707	G	A	18634	1956	39	3	1	37	0.000160953	18639	0.99989	FALSE	ORF1ab:cds-YP_009724389.1	GAG	E	AAG	K	148
NC_045512.2	707	G	A	18634	1956	39	3	1	37	0.000160953	18639	0.99989	FALSE	ORF1ab:cds-YP_009725295.1	GAG	E	AAG	K	148
NC_045512.2	708	A	T	18630	1959	39	2	0	25	0.000107325	18635	1	FALSE	ORF1ab:cds-YP_009724389.1	GAG	E	GTG	V	148
NC_045512.2	708	A	T	18630	1959	39	2	0	25	0.000107325	18635	1	FALSE	ORF1ab:cds-YP_009725295.1	GAG	E	GTG	V	148
NC_045512.2	708	A	G	18630	1959	39	3	0	37	0.000160987	18635	0.99989	FALSE	ORF1ab:cds-YP_009724389.1	GAG	E	GGG	G	148
NC_045512.2	708	A	G	18630	1959	39	3	0	37	0.000160987	18635	0.99989	FALSE	ORF1ab:cds-YP_009725295.1	GAG	E	GGG	G	148
NC_045512.2	709	G	A	21392	2004	39	5	0	32	0.000233678	21397	0.999734	FALSE	ORF1ab:cds-YP_009724389.1	GAG	E	GAA	E	148
NC_045512.2	709	G	A	21392	2004	39	5	0	32	0.000233678	21397	0.999734	FALSE	ORF1ab:cds-YP_009725295.1	GAG	E	GAA	E	148
NC_045512.2	710	C	T	20513	1997	38	12	1	37	0.000584624	20526	0.944977	FALSE	ORF1ab:cds-YP_009724389.1	CTT	L	TTT	F	149
NC_045512.2	710	C	T	20513	1997	38	12	1	37	0.000584624	20526	0.944977	FALSE	ORF1ab:cds-YP_009725295.1	CTT	L	TTT	F	149
NC_045512.2	710	C	A	20513	1997	38	1	0	25	4.87187e-05	20526	1	FALSE	ORF1ab:cds-YP_009724389.1	CTT	L	ATT	I	149
NC_045512.2	710	C	A	20513	1997	38	1	0	25	4.87187e-05	20526	1	FALSE	ORF1ab:cds-YP_009725295.1	CTT	L	ATT	I	149
NC_045512.2	711	T	G	20407	2137	38	8	1	26	0.000391773	20420	1	FALSE	ORF1ab:cds-YP_009724389.1	CTT	L	CGT	R	149
NC_045512.2	711	T	G	20407	2137	38	8	1	26	0.000391773	20420	1	FALSE	ORF1ab:cds-YP_009725295.1	CTT	L	CGT	R	149
NC_045512.2	711	T	C	20407	2137	38	2	0	37	9.79432e-05	20420	0.999995	FALSE	ORF1ab:cds-YP_009724389.1	CTT	L	CCT	P	149
NC_045512.2	711	T	C	20407	2137	38	2	0	37	9.79432e-05	20420	0.999995	FALSE	ORF1ab:cds-YP_009725295.1	CTT	L	CCT	P	149
NC_045512.2	711	T	A	20407	2137	38	3	0	33	0.000146915	20420	0.999967	FALSE	ORF1ab:cds-YP_009724389.1	CTT	L	CAT	H	149
NC_045512.2	711	T	A	20407	2137	38	3	0	33	0.000146915	20420	0.999967	FALSE	ORF1ab:cds-YP_009725295.1	CTT	L	CAT	H	149
NC_045512.2	712	T	G	21261	2138	39	1	0	25	4.70256e-05	21265	1	FALSE	ORF1ab:cds-YP_009724389.1	CTT	L	CTG	L	149
NC_045512.2	712	T	G	21261	2138	39	1	0	25	4.70256e-05	21265	1	FALSE	ORF1ab:cds-YP_009725295.1	CTT	L	CTG	L	149
NC_045512.2	712	T	C	21261	2138	39	2	0	31	9.40513e-05	21265	0.999997	FALSE	ORF1ab:cds-YP_009724389.1	CTT	L	CTC	L	149
NC_045512.2	712	T	C	21261	2138	39	2	0	31	9.40513e-05	21265	0.999997	FALSE	ORF1ab:cds-YP_009725295.1	CTT	L	CTC	L	149
NC_045512.2	712	T	A	21261	2138	39	1	1	37	4.70256e-05	21265	1	FALSE	ORF1ab:cds-YP_009724389.1	CTT	L	CTA	L	149
NC_045512.2	712	T	A	21261	2138	39	1	1	37	4.70256e-05	21265	1	FALSE	ORF1ab:cds-YP_009725295.1	CTT	L	CTA	L	149
NC_045512.2	713	G	T	21845	2881	41	2	0	37	9.15374e-05	21849	0.999997	FALSE	ORF1ab:cds-YP_009724389.1	GGC	G	TGC	C	150
NC_045512.2	713	G	T	21845	2881	41	2	0	37	9.15374e-05	21849	0.999997	FALSE	ORF1ab:cds-YP_009725295.1	GGC	G	TGC	C	150
NC_045512.2	713	G	A	21845	2881	41	2	1	37	9.15374e-05	21849	0.999997	FALSE	ORF1ab:cds-YP_009724389.1	GGC	G	AGC	S	150
NC_045512.2	713	G	A	21845	2881	41	2	1	37	9.15374e-05	21849	0.999997	FALSE	ORF1ab:cds-YP_009725295.1	GGC	G	AGC	S	150
NC_045512.2	714	G	T	23503	2934	41	1	0	37	4.25297e-05	23513	1	FALSE	ORF1ab:cds-YP_009724389.1	GGC	G	GTC	V	150
NC_045512.2	714	G	T	23503	2934	41	1	0	37	4.25297e-05	23513	1	FALSE	ORF1ab:cds-YP_009725295.1	GGC	G	GTC	V	150
NC_045512.2	714	G	C	23503	2934	41	1	1	62	4.25297e-05	23513	0.499915	FALSE	ORF1ab:cds-YP_009724389.1	GGC	G	GCC	A	150
NC_045512.2	714	G	C	23503	2934	41	1	1	62	4.25297e-05	23513	0.499915	FALSE	ORF1ab:cds-YP_009725295.1	GGC	G	GCC	A	150
NC_045512.2	714	G	A	23503	2934	41	8	1	44	0.000340237	23513	0.0546613	FALSE	ORF1ab:cds-YP_009724389.1	GGC	G	GAC	D	150
NC_045512.2	714	G	A	23503	2934	41	8	1	44	0.000340237	23513	0.0546613	FALSE	ORF1ab:cds-YP_009725295.1	GGC	G	GAC	D	150
NC_045512.2	715	C	T	23434	2966	40	18	1	36	0.000767525	23452	0.825697	FALSE	ORF1ab:cds-YP_009724389.1	GGC	G	GGT	G	150
NC_045512.2	715	C	T	23434	2966	40	18	1	36	0.000767525	23452	0.825697	FALSE	ORF1ab:cds-YP_009725295.1	GGC	G	GGT	G	150
NC_045512.2	716	A	G	22905	2984	40	3	0	37	0.000130924	22914	0.99999	FALSE	ORF1ab:cds-YP_009724389.1	ACT	T	GCT	A	151
NC_045512.2	716	A	G	22905	2984	40	3	0	37	0.000130924	22914	0.99999	FALSE	ORF1ab:cds-YP_009725295.1	ACT	T	GCT	A	151
NC_045512.2	716	A	C	22905	2984	40	6	0	26	0.000261849	22914	1	FALSE	ORF1ab:cds-YP_009724389.1	ACT	T	CCT	P	151
NC_045512.2	716	A	C	22905	2984	40	6	0	26	0.000261849	22914	1	FALSE	ORF1ab:cds-YP_009725295.1	ACT	T	CCT	P	151
NC_045512.2	717	C	T	23336	2968	40	7	3	44	0.00029985	23345	0.0898121	FALSE	ORF1ab:cds-YP_009724389.1	ACT	T	ATT	I	151
NC_045512.2	717	C	T	23336	2968	40	7	3	44	0.00029985	23345	0.0898121	FALSE	ORF1ab:cds-YP_009725295.1	ACT	T	ATT	I	151
NC_045512.2	717	C	A	23336	2968	40	2	0	31	8.56714e-05	23345	0.999999	FALSE	ORF1ab:cds-YP_009724389.1	ACT	T	AAT	N	151
NC_045512.2	717	C	A	23336	2968	40	2	0	31	8.56714e-05	23345	0.999999	FALSE	ORF1ab:cds-YP_009725295.1	ACT	T	AAT	N	151
NC_045512.2	718	T	G	23581	3002	40	1	0	25	4.2389e-05	23591	1	FALSE	ORF1ab:cds-YP_009724389.1	ACT	T	ACG	T	151
NC_045512.2	718	T	G	23581	3002	40	1	0	25	4.2389e-05	23591	1	FALSE	ORF1ab:cds-YP_009725295.1	ACT	T	ACG	T	151
NC_045512.2	718	T	C	23581	3002	40	6	1	39	0.000254334	23591	0.999728	FALSE	ORF1ab:cds-YP_009724389.1	ACT	T	ACC	T	151
NC_045512.2	718	T	C	23581	3002	40	6	1	39	0.000254334	23591	0.999728	FALSE	ORF1ab:cds-YP_009725295.1	ACT	T	ACC	T	151
NC_045512.2	718	T	A	23581	3002	40	3	0	37	0.000127167	23591	0.999995	FALSE	ORF1ab:cds-YP_009724389.1	ACT	T	ACA	T	151
NC_045512.2	718	T	A	23581	3002	40	3	0	37	0.000127167	23591	0.999995	FALSE	ORF1ab:cds-YP_009725295.1	ACT	T	ACA	T	151
NC_045512.2	719	G	T	23840	3043	41	2	0	31	8.38434e-05	23854	0.999999	FALSE	ORF1ab:cds-YP_009724389.1	GAT	D	TAT	Y	152
NC_045512.2	719	G	T	23840	3043	41	2	0	31	8.38434e-05	23854	0.999999	FALSE	ORF1ab:cds-YP_009725295.1	GAT	D	TAT	Y	152
NC_045512.2	719	G	A	23840	3043	41	12	2	39	0.00050306	23854	0.979551	FALSE	ORF1ab:cds-YP_009724389.1	GAT	D	AAT	N	152
NC_045512.2	719	G	A	23840	3043	41	12	2	39	0.00050306	23854	0.979551	FALSE	ORF1ab:cds-YP_009725295.1	GAT	D	AAT	N	152
NC_045512.2	720	A	T	23477	3059	40	1	0	25	4.25876e-05	23481	1	FALSE	ORF1ab:cds-YP_009724389.1	GAT	D	GTT	V	152
NC_045512.2	720	A	T	23477	3059	40	1	0	25	4.25876e-05	23481	1	FALSE	ORF1ab:cds-YP_009725295.1	GAT	D	GTT	V	152
NC_045512.2	720	A	G	23477	3059	40	2	0	37	8.51752e-05	23481	0.999999	FALSE	ORF1ab:cds-YP_009724389.1	GAT	D	GGT	G	152
NC_045512.2	720	A	G	23477	3059	40	2	0	37	8.51752e-05	23481	0.999999	FALSE	ORF1ab:cds-YP_009725295.1	GAT	D	GGT	G	152
NC_045512.2	720	A	C	23477	3059	40	1	1	29	4.25876e-05	23481	1	FALSE	ORF1ab:cds-YP_009724389.1	GAT	D	GCT	A	152
NC_045512.2	720	A	C	23477	3059	40	1	1	29	4.25876e-05	23481	1	FALSE	ORF1ab:cds-YP_009725295.1	GAT	D	GCT	A	152
NC_045512.2	721	T	G	23313	3081	40	3	0	29	0.000128639	23321	1	FALSE	ORF1ab:cds-YP_009724389.1	GAT	D	GAG	E	152
NC_045512.2	721	T	G	23313	3081	40	3	0	29	0.000128639	23321	1	FALSE	ORF1ab:cds-YP_009725295.1	GAT	D	GAG	E	152
NC_045512.2	721	T	C	23313	3081	40	3	1	29	0.000128639	23321	1	FALSE	ORF1ab:cds-YP_009724389.1	GAT	D	GAC	D	152
NC_045512.2	721	T	C	23313	3081	40	3	1	29	0.000128639	23321	1	FALSE	ORF1ab:cds-YP_009725295.1	GAT	D	GAC	D	152
NC_045512.2	721	T	A	23313	3081	40	2	1	33	8.57596e-05	23321	0.999999	FALSE	ORF1ab:cds-YP_009724389.1	GAT	D	GAA	E	152
NC_045512.2	721	T	A	23313	3081	40	2	1	33	8.57596e-05	23321	0.999999	FALSE	ORF1ab:cds-YP_009725295.1	GAT	D	GAA	E	152
NC_045512.2	722	C	T	23739	3091	41	3	0	37	0.000126358	23742	0.999995	FALSE	ORF1ab:cds-YP_009724389.1	CCT	P	TCT	S	153
NC_045512.2	722	C	T	23739	3091	41	3	0	37	0.000126358	23742	0.999995	FALSE	ORF1ab:cds-YP_009725295.1	CCT	P	TCT	S	153
NC_045512.2	723	C	T	23284	3128	40	1	0	37	4.29443e-05	23286	1	FALSE	ORF1ab:cds-YP_009724389.1	CCT	P	CTT	L	153
NC_045512.2	723	C	T	23284	3128	40	1	0	37	4.29443e-05	23286	1	FALSE	ORF1ab:cds-YP_009725295.1	CCT	P	CTT	L	153
NC_045512.2	723	C	A	23284	3128	40	1	0	37	4.29443e-05	23286	1	FALSE	ORF1ab:cds-YP_009724389.1	CCT	P	CAT	H	153
NC_045512.2	723	C	A	23284	3128	40	1	0	37	4.29443e-05	23286	1	FALSE	ORF1ab:cds-YP_009725295.1	CCT	P	CAT	H	153
NC_045512.2	724	T	G	22647	3147	40	11	0	27	0.000485201	22671	1	FALSE	ORF1ab:cds-YP_009724389.1	CCT	P	CCG	P	153
NC_045512.2	724	T	G	22647	3147	40	11	0	27	0.000485201	22671	1	FALSE	ORF1ab:cds-YP_009725295.1	CCT	P	CCG	P	153
NC_045512.2	724	T	C	22647	3147	40	9	3	48	0.000396983	22671	0.0326243	FALSE	ORF1ab:cds-YP_009724389.1	CCT	P	CCC	P	153
NC_045512.2	724	T	C	22647	3147	40	9	3	48	0.000396983	22671	0.0326243	FALSE	ORF1ab:cds-YP_009725295.1	CCT	P	CCC	P	153
NC_045512.2	724	T	A	22647	3147	40	4	0	31	0.000176437	22671	0.999956	FALSE	ORF1ab:cds-YP_009724389.1	CCT	P	CCA	P	153
NC_045512.2	724	T	A	22647	3147	40	4	0	31	0.000176437	22671	0.999956	FALSE	ORF1ab:cds-YP_009725295.1	CCT	P	CCA	P	153
NC_045512.2	725	T	G	22600	3172	40	15	0	27	0.000663071	22622	1	FALSE	ORF1ab:cds-YP_009724389.1	TAT	Y	GAT	D	154
NC_045512.2	725	T	G	22600	3172	40	15	0	27	0.000663071	22622	1	FALSE	ORF1ab:cds-YP_009725295.1	TAT	Y	GAT	D	154
NC_045512.2	725	T	C	22600	3172	40	6	1	41	0.000265229	22622	0.144292	FALSE	ORF1ab:cds-YP_009724389.1	TAT	Y	CAT	H	154
NC_045512.2	725	T	C	22600	3172	40	6	1	41	0.000265229	22622	0.144292	FALSE	ORF1ab:cds-YP_009725295.1	TAT	Y	CAT	H	154
NC_045512.2	725	T	A	22600	3172	40	1	0	37	4.42048e-05	22622	1	FALSE	ORF1ab:cds-YP_009724389.1	TAT	Y	AAT	N	154
NC_045512.2	725	T	A	22600	3172	40	1	0	37	4.42048e-05	22622	1	FALSE	ORF1ab:cds-YP_009725295.1	TAT	Y	AAT	N	154
NC_045512.2	726	A	T	23659	3138	40	2	0	31	8.45059e-05	23667	0.999999	FALSE	ORF1ab:cds-YP_009724389.1	TAT	Y	TTT	F	154
NC_045512.2	726	A	T	23659	3138	40	2	0	31	8.45059e-05	23667	0.999999	FALSE	ORF1ab:cds-YP_009725295.1	TAT	Y	TTT	F	154
NC_045512.2	726	A	G	23659	3138	40	3	0	37	0.000126759	23667	0.999995	FALSE	ORF1ab:cds-YP_009724389.1	TAT	Y	TGT	C	154
NC_045512.2	726	A	G	23659	3138	40	3	0	37	0.000126759	23667	0.999995	FALSE	ORF1ab:cds-YP_009725295.1	TAT	Y	TGT	C	154
NC_045512.2	726	A	C	23659	3138	40	3	0	23	0.000126759	23667	1	FALSE	ORF1ab:cds-YP_009724389.1	TAT	Y	TCT	S	154
NC_045512.2	726	A	C	23659	3138	40	3	0	23	0.000126759	23667	1	FALSE	ORF1ab:cds-YP_009725295.1	TAT	Y	TCT	S	154
NC_045512.2	727	T	G	23422	3168	40	4	0	26	0.000170729	23429	1	FALSE	ORF1ab:cds-YP_009724389.1	TAT	Y	TAG	*	154
NC_045512.2	727	T	G	23422	3168	40	4	0	26	0.000170729	23429	1	FALSE	ORF1ab:cds-YP_009725295.1	TAT	Y	TAG	*	154
NC_045512.2	727	T	C	23422	3168	40	2	0	55	8.53643e-05	23429	0.249952	FALSE	ORF1ab:cds-YP_009724389.1	TAT	Y	TAC	Y	154
NC_045512.2	727	T	C	23422	3168	40	2	0	55	8.53643e-05	23429	0.249952	FALSE	ORF1ab:cds-YP_009725295.1	TAT	Y	TAC	Y	154
NC_045512.2	727	T	A	23422	3168	40	1	0	25	4.26821e-05	23429	1	FALSE	ORF1ab:cds-YP_009724389.1	TAT	Y	TAA	*	154
NC_045512.2	727	T	A	23422	3168	40	1	0	25	4.26821e-05	23429	1	FALSE	ORF1ab:cds-YP_009725295.1	TAT	Y	TAA	*	154
NC_045512.2	728	G	T	24080	3153	41	1	0	74	4.15213e-05	24084	0.499979	FALSE	ORF1ab:cds-YP_009724389.1	GAA	E	TAA	*	155
NC_045512.2	728	G	T	24080	3153	41	1	0	74	4.15213e-05	24084	0.499979	FALSE	ORF1ab:cds-YP_009725295.1	GAA	E	TAA	*	155
NC_045512.2	728	G	A	24080	3153	41	3	0	37	0.000124564	24084	0.999997	FALSE	ORF1ab:cds-YP_009724389.1	GAA	E	AAA	K	155
NC_045512.2	728	G	A	24080	3153	41	3	0	37	0.000124564	24084	0.999997	FALSE	ORF1ab:cds-YP_009725295.1	GAA	E	AAA	K	155
NC_045512.2	728	G	-A	24080	3153	41	2	0	20	8.30427e-05	24084	1	FALSE	NA	NA	NA	NA	NA	NA
NC_045512.2	729	A	T	24122	3323	41	1	0	37	4.14473e-05	24127	1	FALSE	ORF1ab:cds-YP_009724389.1	GAA	E	GTA	V	155
NC_045512.2	729	A	T	24122	3323	41	1	0	37	4.14473e-05	24127	1	FALSE	ORF1ab:cds-YP_009725295.1	GAA	E	GTA	V	155
NC_045512.2	729	A	G	24122	3323	41	4	0	43	0.000165789	24127	0.343701	FALSE	ORF1ab:cds-YP_009724389.1	GAA	E	GGA	G	155
NC_045512.2	729	A	G	24122	3323	41	4	0	43	0.000165789	24127	0.343701	FALSE	ORF1ab:cds-YP_009725295.1	GAA	E	GGA	G	155
NC_045512.2	730	A	T	24007	3334	41	9	2	41	0.000374579	24027	0.0326495	FALSE	ORF1ab:cds-YP_009724389.1	GAA	E	GAT	D	155
NC_045512.2	730	A	T	24007	3334	41	9	2	41	0.000374579	24027	0.0326495	FALSE	ORF1ab:cds-YP_009725295.1	GAA	E	GAT	D	155
NC_045512.2	730	A	G	24007	3334	41	7	0	42	0.000291339	24027	0.0897004	FALSE	ORF1ab:cds-YP_009724389.1	GAA	E	GAG	E	155
NC_045512.2	730	A	G	24007	3334	41	7	0	42	0.000291339	24027	0.0897004	FALSE	ORF1ab:cds-YP_009725295.1	GAA	E	GAG	E	155
NC_045512.2	730	A	C	24007	3334	41	4	0	34	0.000166479	24027	0.999986	FALSE	ORF1ab:cds-YP_009724389.1	GAA	E	GAC	D	155
NC_045512.2	730	A	C	24007	3334	41	4	0	34	0.000166479	24027	0.999986	FALSE	ORF1ab:cds-YP_009725295.1	GAA	E	GAC	D	155
NC_045512.2	731	G	A	23846	3348	41	4	1	37	0.000167715	23850	0.999976	FALSE	ORF1ab:cds-YP_009724389.1	GAT	D	AAT	N	156
NC_045512.2	731	G	A	23846	3348	41	4	1	37	0.000167715	23850	0.999976	FALSE	ORF1ab:cds-YP_009725295.1	GAT	D	AAT	N	156
NC_045512.2	732	A	T	24289	3357	41	2	0	43	8.23215e-05	24295	0.687461	FALSE	ORF1ab:cds-YP_009724389.1	GAT	D	GTT	V	156
NC_045512.2	732	A	T	24289	3357	41	2	0	43	8.23215e-05	24295	0.687461	FALSE	ORF1ab:cds-YP_009725295.1	GAT	D	GTT	V	156
NC_045512.2	732	A	G	24289	3357	41	4	1	49	0.000164643	24295	0.343721	FALSE	ORF1ab:cds-YP_009724389.1	GAT	D	GGT	G	156
NC_045512.2	732	A	G	24289	3357	41	4	1	49	0.000164643	24295	0.343721	FALSE	ORF1ab:cds-YP_009725295.1	GAT	D	GGT	G	156
NC_045512.2	732	A	-T	24289	3357	41	4	0	20	0.000164643	24295	1	FALSE	NA	NA	NA	NA	NA	NA
NC_045512.2	733	T	G	24337	3350	41	1	1	29	4.10813e-05	24342	1	FALSE	ORF1ab:cds-YP_009724389.1	GAT	D	GAG	E	156
NC_045512.2	733	T	G	24337	3350	41	1	1	29	4.10813e-05	24342	1	FALSE	ORF1ab:cds-YP_009725295.1	GAT	D	GAG	E	156
NC_045512.2	733	T	C	24337	3350	41	3	0	37	0.000123244	24342	0.999997	FALSE	ORF1ab:cds-YP_009724389.1	GAT	D	GAC	D	156
NC_045512.2	733	T	C	24337	3350	41	3	0	37	0.000123244	24342	0.999997	FALSE	ORF1ab:cds-YP_009725295.1	GAT	D	GAC	D	156
NC_045512.2	733	T	A	24337	3350	41	1	0	37	4.10813e-05	24342	1	FALSE	ORF1ab:cds-YP_009724389.1	GAT	D	GAA	E	156
NC_045512.2	733	T	A	24337	3350	41	1	0	37	4.10813e-05	24342	1	FALSE	ORF1ab:cds-YP_009725295.1	GAT	D	GAA	E	156
NC_045512.2	734	T	G	24295	3358	41	1	1	29	4.11557e-05	24298	1	FALSE	ORF1ab:cds-YP_009724389.1	TTT	F	GTT	V	157
NC_045512.2	734	T	G	24295	3358	41	1	1	29	4.11557e-05	24298	1	FALSE	ORF1ab:cds-YP_009725295.1	TTT	F	GTT	V	157
NC_045512.2	734	T	C	24295	3358	41	2	1	55	8.23113e-05	24298	0.249995	FALSE	ORF1ab:cds-YP_009724389.1	TTT	F	CTT	L	157
NC_045512.2	734	T	C	24295	3358	41	2	1	55	8.23113e-05	24298	0.249995	FALSE	ORF1ab:cds-YP_009725295.1	TTT	F	CTT	L	157
NC_045512.2	735	T	C	24202	3364	41	5	0	34	0.000206543	24208	0.999948	FALSE	ORF1ab:cds-YP_009724389.1	TTT	F	TCT	S	157
NC_045512.2	735	T	C	24202	3364	41	5	0	34	0.000206543	24208	0.999948	FALSE	ORF1ab:cds-YP_009725295.1	TTT	F	TCT	S	157
NC_045512.2	735	T	A	24202	3364	41	1	0	25	4.13087e-05	24208	1	FALSE	ORF1ab:cds-YP_009724389.1	TTT	F	TAT	Y	157
NC_045512.2	735	T	A	24202	3364	41	1	0	25	4.13087e-05	24208	1	FALSE	ORF1ab:cds-YP_009725295.1	TTT	F	TAT	Y	157
NC_045512.2	736	T	C	24362	3383	41	3	1	45	0.000123107	24369	0.499942	FALSE	ORF1ab:cds-YP_009724389.1	TTT	F	TTC	F	157
NC_045512.2	736	T	C	24362	3383	41	3	1	45	0.000123107	24369	0.499942	FALSE	ORF1ab:cds-YP_009725295.1	TTT	F	TTC	F	157
NC_045512.2	736	T	A	24362	3383	41	4	0	25	0.000164143	24369	1	FALSE	ORF1ab:cds-YP_009724389.1	TTT	F	TTA	L	157
NC_045512.2	736	T	A	24362	3383	41	4	0	25	0.000164143	24369	1	FALSE	ORF1ab:cds-YP_009725295.1	TTT	F	TTA	L	157
NC_045512.2	737	C	T	24328	3540	42	1	0	37	4.10998e-05	24331	1	FALSE	ORF1ab:cds-YP_009724389.1	CAA	Q	TAA	*	158
NC_045512.2	737	C	T	24328	3540	42	1	0	37	4.10998e-05	24331	1	FALSE	ORF1ab:cds-YP_009725295.1	CAA	Q	TAA	*	158
NC_045512.2	737	C	A	24328	3540	42	2	1	31	8.21997e-05	24331	1	FALSE	ORF1ab:cds-YP_009724389.1	CAA	Q	AAA	K	158
NC_045512.2	737	C	A	24328	3540	42	2	1	31	8.21997e-05	24331	1	FALSE	ORF1ab:cds-YP_009725295.1	CAA	Q	AAA	K	158
NC_045512.2	738	A	T	24238	3564	41	1	0	37	4.12337e-05	24252	1	FALSE	ORF1ab:cds-YP_009724389.1	CAA	Q	CTA	L	158
NC_045512.2	738	A	T	24238	3564	41	1	0	37	4.12337e-05	24252	1	FALSE	ORF1ab:cds-YP_009725295.1	CAA	Q	CTA	L	158
NC_045512.2	738	A	G	24238	3564	41	13	0	36	0.000536038	24252	0.976526	FALSE	ORF1ab:cds-YP_009724389.1	CAA	Q	CGA	R	158
NC_045512.2	738	A	G	24238	3564	41	13	0	36	0.000536038	24252	0.976526	FALSE	ORF1ab:cds-YP_009725295.1	CAA	Q	CGA	R	158
NC_045512.2	739	A	T	23877	3561	41	5	2	37	0.000209336	23885	0.99991	FALSE	ORF1ab:cds-YP_009724389.1	CAA	Q	CAT	H	158
NC_045512.2	739	A	T	23877	3561	41	5	2	37	0.000209336	23885	0.99991	FALSE	ORF1ab:cds-YP_009725295.1	CAA	Q	CAT	H	158
NC_045512.2	739	A	G	23877	3561	41	2	0	31	8.37346e-05	23885	0.999999	FALSE	ORF1ab:cds-YP_009724389.1	CAA	Q	CAG	Q	158
NC_045512.2	739	A	G	23877	3561	41	2	0	31	8.37346e-05	23885	0.999999	FALSE	ORF1ab:cds-YP_009725295.1	CAA	Q	CAG	Q	158
NC_045512.2	739	A	C	23877	3561	41	1	0	25	4.18673e-05	23885	1	FALSE	ORF1ab:cds-YP_009724389.1	CAA	Q	CAC	H	158
NC_045512.2	739	A	C	23877	3561	41	1	0	25	4.18673e-05	23885	1	FALSE	ORF1ab:cds-YP_009725295.1	CAA	Q	CAC	H	158
NC_045512.2	740	G	C	24281	3654	42	1	0	37	4.11777e-05	24285	1	FALSE	ORF1ab:cds-YP_009724389.1	GAA	E	CAA	Q	159
NC_045512.2	740	G	C	24281	3654	42	1	0	37	4.11777e-05	24285	1	FALSE	ORF1ab:cds-YP_009725295.1	GAA	E	CAA	Q	159
NC_045512.2	740	G	A	24281	3654	42	3	1	37	0.000123533	24285	0.999997	FALSE	ORF1ab:cds-YP_009724389.1	GAA	E	AAA	K	159
NC_045512.2	740	G	A	24281	3654	42	3	1	37	0.000123533	24285	0.999997	FALSE	ORF1ab:cds-YP_009725295.1	GAA	E	AAA	K	159
NC_045512.2	740	G	-A	24281	3654	42	3	0	20	0.000123533	24285	1	FALSE	NA	NA	NA	NA	NA	NA
NC_045512.2	741	A	T	23980	3670	41	2	0	31	8.33889e-05	23984	0.999999	FALSE	ORF1ab:cds-YP_009724389.1	GAA	E	GTA	V	159
NC_045512.2	741	A	T	23980	3670	41	2	0	31	8.33889e-05	23984	0.999999	FALSE	ORF1ab:cds-YP_009725295.1	GAA	E	GTA	V	159
NC_045512.2	741	A	G	23980	3670	41	1	0	37	4.16945e-05	23984	1	FALSE	ORF1ab:cds-YP_009724389.1	GAA	E	GGA	G	159
NC_045512.2	741	A	G	23980	3670	41	1	0	37	4.16945e-05	23984	1	FALSE	ORF1ab:cds-YP_009725295.1	GAA	E	GGA	G	159
NC_045512.2	741	A	C	23980	3670	41	1	0	25	4.16945e-05	23984	1	FALSE	ORF1ab:cds-YP_009724389.1	GAA	E	GCA	A	159
NC_045512.2	741	A	C	23980	3670	41	1	0	25	4.16945e-05	23984	1	FALSE	ORF1ab:cds-YP_009725295.1	GAA	E	GCA	A	159
NC_045512.2	742	A	G	23921	3670	41	4	0	34	0.000167154	23930	0.999975	FALSE	ORF1ab:cds-YP_009724389.1	GAA	E	GAG	E	159
NC_045512.2	742	A	G	23921	3670	41	4	0	34	0.000167154	23930	0.999975	FALSE	ORF1ab:cds-YP_009725295.1	GAA	E	GAG	E	159
NC_045512.2	742	A	C	23921	3670	41	5	0	34	0.000208943	23930	0.99991	FALSE	ORF1ab:cds-YP_009724389.1	GAA	E	GAC	D	159
NC_045512.2	742	A	C	23921	3670	41	5	0	34	0.000208943	23930	0.99991	FALSE	ORF1ab:cds-YP_009725295.1	GAA	E	GAC	D	159
NC_045512.2	743	A	T	24150	3765	41	1	0	74	4.13942e-05	24158	0.499938	FALSE	ORF1ab:cds-YP_009724389.1	AAC	N	TAC	Y	160
NC_045512.2	743	A	T	24150	3765	41	1	0	74	4.13942e-05	24158	0.499938	FALSE	ORF1ab:cds-YP_009725295.1	AAC	N	TAC	Y	160
NC_045512.2	743	A	G	24150	3765	41	4	1	43	0.000165577	24158	0.343682	FALSE	ORF1ab:cds-YP_009724389.1	AAC	N	GAC	D	160
NC_045512.2	743	A	G	24150	3765	41	4	1	43	0.000165577	24158	0.343682	FALSE	ORF1ab:cds-YP_009725295.1	AAC	N	GAC	D	160
NC_045512.2	743	A	C	24150	3765	41	3	0	29	0.000124182	24158	1	FALSE	ORF1ab:cds-YP_009724389.1	AAC	N	CAC	H	160
NC_045512.2	743	A	C	24150	3765	41	3	0	29	0.000124182	24158	1	FALSE	ORF1ab:cds-YP_009725295.1	AAC	N	CAC	H	160
NC_045512.2	744	A	T	23936	3796	41	4	0	31	0.000167049	23945	0.999975	FALSE	ORF1ab:cds-YP_009724389.1	AAC	N	ATC	I	160
NC_045512.2	744	A	T	23936	3796	41	4	0	31	0.000167049	23945	0.999975	FALSE	ORF1ab:cds-YP_009725295.1	AAC	N	ATC	I	160
NC_045512.2	744	A	G	23936	3796	41	4	3	33	0.000167049	23945	0.999975	FALSE	ORF1ab:cds-YP_009724389.1	AAC	N	AGC	S	160
NC_045512.2	744	A	G	23936	3796	41	4	3	33	0.000167049	23945	0.999975	FALSE	ORF1ab:cds-YP_009725295.1	AAC	N	AGC	S	160
NC_045512.2	744	A	C	23936	3796	41	1	1	25	4.17624e-05	23945	1	FALSE	ORF1ab:cds-YP_009724389.1	AAC	N	ACC	T	160
NC_045512.2	744	A	C	23936	3796	41	1	1	25	4.17624e-05	23945	1	FALSE	ORF1ab:cds-YP_009725295.1	AAC	N	ACC	T	160
NC_045512.2	745	C	T	24697	3805	42	4	1	37	0.00016193	24702	0.999986	FALSE	ORF1ab:cds-YP_009724389.1	AAC	N	AAT	N	160
NC_045512.2	745	C	T	24697	3805	42	4	1	37	0.00016193	24702	0.999986	FALSE	ORF1ab:cds-YP_009725295.1	AAC	N	AAT	N	160
NC_045512.2	745	C	A	24697	3805	42	1	0	37	4.04826e-05	24702	1	FALSE	ORF1ab:cds-YP_009724389.1	AAC	N	AAA	K	160
NC_045512.2	745	C	A	24697	3805	42	1	0	37	4.04826e-05	24702	1	FALSE	ORF1ab:cds-YP_009725295.1	AAC	N	AAA	K	160
NC_045512.2	746	T	C	24086	4041	41	6	2	49	0.000249045	24092	0.144524	FALSE	ORF1ab:cds-YP_009724389.1	TGG	W	CGG	R	161
NC_045512.2	746	T	C	24086	4041	41	6	2	49	0.000249045	24092	0.144524	FALSE	ORF1ab:cds-YP_009725295.1	TGG	W	CGG	R	161
NC_045512.2	747	G	A	23844	4141	41	1	0	25	4.19375e-05	23845	1	FALSE	ORF1ab:cds-YP_009724389.1	TGG	W	TAG	*	161
NC_045512.2	747	G	A	23844	4141	41	1	0	25	4.19375e-05	23845	1	FALSE	ORF1ab:cds-YP_009725295.1	TGG	W	TAG	*	161
NC_045512.2	748	G	A	23553	4318	41	1	1	37	4.24556e-05	23554	1	FALSE	ORF1ab:cds-YP_009724389.1	TGG	W	TGA	*	161
NC_045512.2	748	G	A	23553	4318	41	1	1	37	4.24556e-05	23554	1	FALSE	ORF1ab:cds-YP_009725295.1	TGG	W	TGA	*	161
NC_045512.2	749	A	T	23232	4354	41	3	0	33	0.000129071	23243	0.999995	FALSE	ORF1ab:cds-YP_009724389.1	AAC	N	TAC	Y	162
NC_045512.2	749	A	T	23232	4354	41	3	0	33	0.000129071	23243	0.999995	FALSE	ORF1ab:cds-YP_009725295.1	AAC	N	TAC	Y	162
NC_045512.2	749	A	G	23232	4354	41	8	1	38	0.00034419	23243	0.99834	FALSE	ORF1ab:cds-YP_009724389.1	AAC	N	GAC	D	162
NC_045512.2	749	A	G	23232	4354	41	8	1	38	0.00034419	23243	0.99834	FALSE	ORF1ab:cds-YP_009725295.1	AAC	N	GAC	D	162
NC_045512.2	750	A	C	22349	4541	40	11	0	26	0.00049195	22360	1	FALSE	ORF1ab:cds-YP_009724389.1	AAC	N	ACC	T	162
NC_045512.2	750	A	C	22349	4541	40	11	0	26	0.00049195	22360	1	FALSE	ORF1ab:cds-YP_009725295.1	AAC	N	ACC	T	162
NC_045512.2	751	C	A	23608	4598	40	1	0	29	4.23567e-05	23609	1	FALSE	ORF1ab:cds-YP_009724389.1	AAC	N	AAA	K	162
NC_045512.2	751	C	A	23608	4598	40	1	0	29	4.23567e-05	23609	1	FALSE	ORF1ab:cds-YP_009725295.1	AAC	N	AAA	K	162
NC_045512.2	752	A	T	23781	4589	40	1	0	25	4.20451e-05	23784	1	FALSE	ORF1ab:cds-YP_009724389.1	ACT	T	TCT	S	163
NC_045512.2	752	A	T	23781	4589	40	1	0	25	4.20451e-05	23784	1	FALSE	ORF1ab:cds-YP_009725295.1	ACT	T	TCT	S	163
NC_045512.2	752	A	C	23781	4589	40	2	0	25	8.40901e-05	23784	1	FALSE	ORF1ab:cds-YP_009724389.1	ACT	T	CCT	P	163
NC_045512.2	752	A	C	23781	4589	40	2	0	25	8.40901e-05	23784	1	FALSE	ORF1ab:cds-YP_009725295.1	ACT	T	CCT	P	163
NC_045512.2	753	C	T	24063	4676	41	1	0	37	4.15559e-05	24064	1	FALSE	ORF1ab:cds-YP_009724389.1	ACT	T	ATT	I	163
NC_045512.2	753	C	T	24063	4676	41	1	0	37	4.15559e-05	24064	1	FALSE	ORF1ab:cds-YP_009725295.1	ACT	T	ATT	I	163
NC_045512.2	754	T	G	23642	4723	40	3	2	29	0.000126845	23651	1	FALSE	ORF1ab:cds-YP_009724389.1	ACT	T	ACG	T	163
NC_045512.2	754	T	G	23642	4723	40	3	2	29	0.000126845	23651	1	FALSE	ORF1ab:cds-YP_009725295.1	ACT	T	ACG	T	163
NC_045512.2	754	T	C	23642	4723	40	6	1	35	0.000253689	23651	0.999728	FALSE	ORF1ab:cds-YP_009724389.1	ACT	T	ACC	T	163
NC_045512.2	754	T	C	23642	4723	40	6	1	35	0.000253689	23651	0.999728	FALSE	ORF1ab:cds-YP_009725295.1	ACT	T	ACC	T	163
NC_045512.2	754	T	-AA	23642	4723	40	1	0	20	4.22815e-05	23651	1	FALSE	NA	NA	NA	NA	NA	NA
NC_045512.2	754	T	-A	23642	4723	40	1	0	20	4.22815e-05	23651	1	FALSE	NA	NA	NA	NA	NA	NA
NC_045512.2	755	A	T	24692	5031	40	2	0	37	8.09585e-05	24704	1	FALSE	ORF1ab:cds-YP_009724389.1	AAA	K	TAA	*	164
NC_045512.2	755	A	T	24692	5031	40	2	0	37	8.09585e-05	24704	1	FALSE	ORF1ab:cds-YP_009725295.1	AAA	K	TAA	*	164
NC_045512.2	755	A	G	24692	5031	40	7	1	37	0.000283355	24704	0.999562	FALSE	ORF1ab:cds-YP_009724389.1	AAA	K	GAA	E	164
NC_045512.2	755	A	G	24692	5031	40	7	1	37	0.000283355	24704	0.999562	FALSE	ORF1ab:cds-YP_009725295.1	AAA	K	GAA	E	164
NC_045512.2	755	A	C	24692	5031	40	3	1	29	0.000121438	24704	1	FALSE	ORF1ab:cds-YP_009724389.1	AAA	K	CAA	Q	164
NC_045512.2	755	A	C	24692	5031	40	3	1	29	0.000121438	24704	1	FALSE	ORF1ab:cds-YP_009725295.1	AAA	K	CAA	Q	164
NC_045512.2	756	A	G	25178	4945	40	4	2	43	0.000158812	25187	0.343648	FALSE	ORF1ab:cds-YP_009724389.1	AAA	K	AGA	R	164
NC_045512.2	756	A	G	25178	4945	40	4	2	43	0.000158812	25187	0.343648	FALSE	ORF1ab:cds-YP_009725295.1	AAA	K	AGA	R	164
NC_045512.2	756	A	C	25178	4945	40	5	5	25	0.000198515	25187	1	FALSE	ORF1ab:cds-YP_009724389.1	AAA	K	ACA	T	164
NC_045512.2	756	A	C	25178	4945	40	5	5	25	0.000198515	25187	1	FALSE	ORF1ab:cds-YP_009725295.1	AAA	K	ACA	T	164
NC_045512.2	757	A	T	25926	4925	39	1	0	25	3.85639e-05	25931	1	FALSE	ORF1ab:cds-YP_009724389.1	AAA	K	AAT	N	164
NC_045512.2	757	A	T	25926	4925	39	1	0	25	3.85639e-05	25931	1	FALSE	ORF1ab:cds-YP_009725295.1	AAA	K	AAT	N	164
NC_045512.2	757	A	G	25926	4925	39	3	0	37	0.000115692	25931	0.999998	FALSE	ORF1ab:cds-YP_009724389.1	AAA	K	AAG	K	164
NC_045512.2	757	A	G	25926	4925	39	3	0	37	0.000115692	25931	0.999998	FALSE	ORF1ab:cds-YP_009725295.1	AAA	K	AAG	K	164
NC_045512.2	757	A	C	25926	4925	39	1	1	25	3.85639e-05	25931	1	FALSE	ORF1ab:cds-YP_009724389.1	AAA	K	AAC	N	164
NC_045512.2	757	A	C	25926	4925	39	1	1	25	3.85639e-05	25931	1	FALSE	ORF1ab:cds-YP_009725295.1	AAA	K	AAC	N	164
NC_045512.2	758	C	T	27029	5255	40	1	0	37	3.69946e-05	27031	1	FALSE	ORF1ab:cds-YP_009724389.1	CAT	H	TAT	Y	165
NC_045512.2	758	C	T	27029	5255	40	1	0	37	3.69946e-05	27031	1	FALSE	ORF1ab:cds-YP_009725295.1	CAT	H	TAT	Y	165
NC_045512.2	758	C	A	27029	5255	40	1	0	37	3.69946e-05	27031	1	FALSE	ORF1ab:cds-YP_009724389.1	CAT	H	AAT	N	165
NC_045512.2	758	C	A	27029	5255	40	1	0	37	3.69946e-05	27031	1	FALSE	ORF1ab:cds-YP_009725295.1	CAT	H	AAT	N	165
NC_045512.2	759	A	T	26795	4963	39	1	1	48	3.73134e-05	26800	0.874986	FALSE	ORF1ab:cds-YP_009724389.1	CAT	H	CTT	L	165
NC_045512.2	759	A	T	26795	4963	39	1	1	48	3.73134e-05	26800	0.874986	FALSE	ORF1ab:cds-YP_009725295.1	CAT	H	CTT	L	165
NC_045512.2	759	A	G	26795	4963	39	1	1	74	3.73134e-05	26800	0.499972	FALSE	ORF1ab:cds-YP_009724389.1	CAT	H	CGT	R	165
NC_045512.2	759	A	G	26795	4963	39	1	1	74	3.73134e-05	26800	0.499972	FALSE	ORF1ab:cds-YP_009725295.1	CAT	H	CGT	R	165
NC_045512.2	759	A	C	26795	4963	39	3	3	25	0.00011194	26800	1	FALSE	ORF1ab:cds-YP_009724389.1	CAT	H	CCT	P	165
NC_045512.2	759	A	C	26795	4963	39	3	3	25	0.00011194	26800	1	FALSE	ORF1ab:cds-YP_009725295.1	CAT	H	CCT	P	165
NC_045512.2	759	A	+G	26795	4963	39	1	0	20	3.73134e-05	26800	1	FALSE	NA	NA	NA	NA	NA	NA
NC_045512.2	760	T	G	27488	5383	40	2	2	25	7.27484e-05	27492	1	FALSE	ORF1ab:cds-YP_009724389.1	CAT	H	CAG	Q	165
NC_045512.2	760	T	G	27488	5383	40	2	2	25	7.27484e-05	27492	1	FALSE	ORF1ab:cds-YP_009725295.1	CAT	H	CAG	Q	165
NC_045512.2	760	T	C	27488	5383	40	2	1	37	7.27484e-05	27492	1	FALSE	ORF1ab:cds-YP_009724389.1	CAT	H	CAC	H	165
NC_045512.2	760	T	C	27488	5383	40	2	1	37	7.27484e-05	27492	1	FALSE	ORF1ab:cds-YP_009725295.1	CAT	H	CAC	H	165
NC_045512.2	761	A	T	27370	5465	40	1	0	25	3.6519e-05	27383	1	FALSE	ORF1ab:cds-YP_009724389.1	AGC	S	TGC	C	166
NC_045512.2	761	A	T	27370	5465	40	1	0	25	3.6519e-05	27383	1	FALSE	ORF1ab:cds-YP_009725295.1	AGC	S	TGC	C	166
NC_045512.2	761	A	G	27370	5465	40	8	3	41	0.000292152	27383	0.0546458	FALSE	ORF1ab:cds-YP_009724389.1	AGC	S	GGC	G	166
NC_045512.2	761	A	G	27370	5465	40	8	3	41	0.000292152	27383	0.0546458	FALSE	ORF1ab:cds-YP_009725295.1	AGC	S	GGC	G	166
NC_045512.2	761	A	C	27370	5465	40	4	3	27	0.000146076	27383	1	FALSE	ORF1ab:cds-YP_009724389.1	AGC	S	CGC	R	166
NC_045512.2	761	A	C	27370	5465	40	4	3	27	0.000146076	27383	1	FALSE	ORF1ab:cds-YP_009725295.1	AGC	S	CGC	R	166
NC_045512.2	762	G	T	29037	6094	40	3	0	29	0.000103284	29046	1	FALSE	ORF1ab:cds-YP_009724389.1	AGC	S	ATC	I	166
NC_045512.2	762	G	T	29037	6094	40	3	0	29	0.000103284	29046	1	FALSE	ORF1ab:cds-YP_009725295.1	AGC	S	ATC	I	166
NC_045512.2	762	G	A	29037	6094	40	6	0	37	0.000206569	29046	0.999989	FALSE	ORF1ab:cds-YP_009724389.1	AGC	S	AAC	N	166
NC_045512.2	762	G	A	29037	6094	40	6	0	37	0.000206569	29046	0.999989	FALSE	ORF1ab:cds-YP_009725295.1	AGC	S	AAC	N	166
NC_045512.2	763	C	T	27939	6779	40	21	6	39	0.000750966	27964	0.843852	FALSE	ORF1ab:cds-YP_009724389.1	AGC	S	AGT	S	166
NC_045512.2	763	C	T	27939	6779	40	21	6	39	0.000750966	27964	0.843852	FALSE	ORF1ab:cds-YP_009725295.1	AGC	S	AGT	S	166
NC_045512.2	763	C	G	27939	6779	40	1	0	74	3.57603e-05	27964	0.499794	FALSE	ORF1ab:cds-YP_009724389.1	AGC	S	AGG	R	166
NC_045512.2	763	C	G	27939	6779	40	1	0	74	3.57603e-05	27964	0.499794	FALSE	ORF1ab:cds-YP_009725295.1	AGC	S	AGG	R	166
NC_045512.2	763	C	A	27939	6779	40	3	0	37	0.000107281	27964	1	FALSE	ORF1ab:cds-YP_009724389.1	AGC	S	AGA	R	166
NC_045512.2	763	C	A	27939	6779	40	3	0	37	0.000107281	27964	1	FALSE	ORF1ab:cds-YP_009725295.1	AGC	S	AGA	R	166
NC_045512.2	764	A	T	26677	6619	39	1	0	25	3.74616e-05	26694	1	FALSE	ORF1ab:cds-YP_009724389.1	AGT	S	TGT	C	167
NC_045512.2	764	A	T	26677	6619	39	1	0	25	3.74616e-05	26694	1	FALSE	ORF1ab:cds-YP_009725295.1	AGT	S	TGT	C	167
NC_045512.2	764	A	G	26677	6619	39	5	3	37	0.000187308	26694	0.999983	FALSE	ORF1ab:cds-YP_009724389.1	AGT	S	GGT	G	167
NC_045512.2	764	A	G	26677	6619	39	5	3	37	0.000187308	26694	0.999983	FALSE	ORF1ab:cds-YP_009725295.1	AGT	S	GGT	G	167
NC_045512.2	764	A	C	26677	6619	39	11	4	32	0.000412078	26694	0.996188	FALSE	ORF1ab:cds-YP_009724389.1	AGT	S	CGT	R	167
NC_045512.2	764	A	C	26677	6619	39	11	4	32	0.000412078	26694	0.996188	FALSE	ORF1ab:cds-YP_009725295.1	AGT	S	CGT	R	167
NC_045512.2	765	G	T	27991	7134	40	3	0	37	0.000107158	27996	1	FALSE	ORF1ab:cds-YP_009724389.1	AGT	S	ATT	I	167
NC_045512.2	765	G	T	27991	7134	40	3	0	37	0.000107158	27996	1	FALSE	ORF1ab:cds-YP_009725295.1	AGT	S	ATT	I	167
NC_045512.2	765	G	A	27991	7134	40	2	1	42	7.14388e-05	27996	0.68748	FALSE	ORF1ab:cds-YP_009724389.1	AGT	S	AAT	N	167
NC_045512.2	765	G	A	27991	7134	40	2	1	42	7.14388e-05	27996	0.68748	FALSE	ORF1ab:cds-YP_009725295.1	AGT	S	AAT	N	167
NC_045512.2	765	G	-T	27991	7134	40	1	0	20	3.57194e-05	27996	1	FALSE	NA	NA	NA	NA	NA	NA
NC_045512.2	766	T	G	27088	7037	39	4	3	28	0.000147612	27098	1	FALSE	ORF1ab:cds-YP_009724389.1	AGT	S	AGG	R	167
NC_045512.2	766	T	G	27088	7037	39	4	3	28	0.000147612	27098	1	FALSE	ORF1ab:cds-YP_009725295.1	AGT	S	AGG	R	167
NC_045512.2	766	T	C	27088	7037	39	3	1	33	0.000110709	27098	1	FALSE	ORF1ab:cds-YP_009724389.1	AGT	S	AGC	S	167
NC_045512.2	766	T	C	27088	7037	39	3	1	33	0.000110709	27098	1	FALSE	ORF1ab:cds-YP_009725295.1	AGT	S	AGC	S	167
NC_045512.2	766	T	A	27088	7037	39	3	1	37	0.000110709	27098	1	FALSE	ORF1ab:cds-YP_009724389.1	AGT	S	AGA	R	167
NC_045512.2	766	T	A	27088	7037	39	3	1	37	0.000110709	27098	1	FALSE	ORF1ab:cds-YP_009725295.1	AGT	S	AGA	R	167
NC_045512.2	766	T	-G	27088	7037	39	1	0	20	3.69017e-05	27099	1	FALSE	NA	NA	NA	NA	NA	NA
NC_045512.2	768	G	T	30032	7233	39	4	2	31	0.000133156	30040	1	FALSE	ORF1ab:cds-YP_009724389.1	GGT	G	GTT	V	168
NC_045512.2	768	G	T	30032	7233	39	4	2	31	0.000133156	30040	1	FALSE	ORF1ab:cds-YP_009725295.1	GGT	G	GTT	V	168
NC_045512.2	768	G	A	30032	7233	39	4	0	46	0.000133156	30040	0.499945	FALSE	ORF1ab:cds-YP_009724389.1	GGT	G	GAT	D	168
NC_045512.2	768	G	A	30032	7233	39	4	0	46	0.000133156	30040	0.499945	FALSE	ORF1ab:cds-YP_009725295.1	GGT	G	GAT	D	168
NC_045512.2	769	T	G	28032	7113	39	16	0	28	0.000570288	28056	1	FALSE	ORF1ab:cds-YP_009724389.1	GGT	G	GGG	G	168
NC_045512.2	769	T	G	28032	7113	39	16	0	28	0.000570288	28056	1	FALSE	ORF1ab:cds-YP_009725295.1	GGT	G	GGG	G	168
NC_045512.2	769	T	C	28032	7113	39	5	0	44	0.000178215	28056	0.226285	FALSE	ORF1ab:cds-YP_009724389.1	GGT	G	GGC	G	168
NC_045512.2	769	T	C	28032	7113	39	5	0	44	0.000178215	28056	0.226285	FALSE	ORF1ab:cds-YP_009725295.1	GGT	G	GGC	G	168
NC_045512.2	769	T	A	28032	7113	39	3	0	33	0.000106929	28056	1	FALSE	ORF1ab:cds-YP_009724389.1	GGT	G	GGA	G	168
NC_045512.2	769	T	A	28032	7113	39	3	0	33	0.000106929	28056	1	FALSE	ORF1ab:cds-YP_009725295.1	GGT	G	GGA	G	168
NC_045512.2	770	G	A	29844	7228	39	1	0	37	3.35064e-05	29845	1	FALSE	ORF1ab:cds-YP_009724389.1	GTT	V	ATT	I	169
NC_045512.2	770	G	A	29844	7228	39	1	0	37	3.35064e-05	29845	1	FALSE	ORF1ab:cds-YP_009725295.1	GTT	V	ATT	I	169
NC_045512.2	771	T	G	27577	7293	38	2	1	25	7.25084e-05	27583	1	FALSE	ORF1ab:cds-YP_009724389.1	GTT	V	GGT	G	169
NC_045512.2	771	T	G	27577	7293	38	2	1	25	7.25084e-05	27583	1	FALSE	ORF1ab:cds-YP_009725295.1	GTT	V	GGT	G	169
NC_045512.2	771	T	C	27577	7293	38	3	0	33	0.000108763	27583	1	FALSE	ORF1ab:cds-YP_009724389.1	GTT	V	GCT	A	169
NC_045512.2	771	T	C	27577	7293	38	3	0	33	0.000108763	27583	1	FALSE	ORF1ab:cds-YP_009725295.1	GTT	V	GCT	A	169
NC_045512.2	771	T	A	27577	7293	38	1	0	37	3.62542e-05	27583	1	FALSE	ORF1ab:cds-YP_009724389.1	GTT	V	GAT	D	169
NC_045512.2	771	T	A	27577	7293	38	1	0	37	3.62542e-05	27583	1	FALSE	ORF1ab:cds-YP_009725295.1	GTT	V	GAT	D	169
NC_045512.2	772	T	G	28124	7431	39	3	2	32	0.000106655	28128	1	FALSE	ORF1ab:cds-YP_009724389.1	GTT	V	GTG	V	169
NC_045512.2	772	T	G	28124	7431	39	3	2	32	0.000106655	28128	1	FALSE	ORF1ab:cds-YP_009725295.1	GTT	V	GTG	V	169
NC_045512.2	772	T	C	28124	7431	39	1	0	37	3.55518e-05	28128	1	FALSE	ORF1ab:cds-YP_009724389.1	GTT	V	GTC	V	169
NC_045512.2	772	T	C	28124	7431	39	1	0	37	3.55518e-05	28128	1	FALSE	ORF1ab:cds-YP_009725295.1	GTT	V	GTC	V	169
NC_045512.2	773	A	G	28207	7683	39	8	1	35	0.000283537	28215	0.999844	FALSE	ORF1ab:cds-YP_009724389.1	ACC	T	GCC	A	170
NC_045512.2	773	A	G	28207	7683	39	8	1	35	0.000283537	28215	0.999844	FALSE	ORF1ab:cds-YP_009725295.1	ACC	T	GCC	A	170
NC_045512.2	774	C	T	29316	7982	39	3	1	37	0.000102316	29321	1	FALSE	ORF1ab:cds-YP_009724389.1	ACC	T	ATC	I	170
NC_045512.2	774	C	T	29316	7982	39	3	1	37	0.000102316	29321	1	FALSE	ORF1ab:cds-YP_009725295.1	ACC	T	ATC	I	170
NC_045512.2	774	C	G	29316	7982	39	1	0	37	3.41052e-05	29321	1	FALSE	ORF1ab:cds-YP_009724389.1	ACC	T	AGC	S	170
NC_045512.2	774	C	G	29316	7982	39	1	0	37	3.41052e-05	29321	1	FALSE	ORF1ab:cds-YP_009725295.1	ACC	T	AGC	S	170
NC_045512.2	774	C	A	29316	7982	39	1	1	25	3.41052e-05	29321	1	FALSE	ORF1ab:cds-YP_009724389.1	ACC	T	AAC	N	170
NC_045512.2	774	C	A	29316	7982	39	1	1	25	3.41052e-05	29321	1	FALSE	ORF1ab:cds-YP_009725295.1	ACC	T	AAC	N	170
NC_045512.2	775	C	T	29555	8099	39	7	2	36	0.000236774	29564	0.999965	FALSE	ORF1ab:cds-YP_009724389.1	ACC	T	ACT	T	170
NC_045512.2	775	C	T	29555	8099	39	7	2	36	0.000236774	29564	0.999965	FALSE	ORF1ab:cds-YP_009725295.1	ACC	T	ACT	T	170
NC_045512.2	775	C	A	29555	8099	39	2	1	37	6.76498e-05	29564	1	FALSE	ORF1ab:cds-YP_009724389.1	ACC	T	ACA	T	170
NC_045512.2	775	C	A	29555	8099	39	2	1	37	6.76498e-05	29564	1	FALSE	ORF1ab:cds-YP_009725295.1	ACC	T	ACA	T	170
NC_045512.2	776	C	T	29127	7798	39	3	2	49	0.000102962	29137	0.499903	FALSE	ORF1ab:cds-YP_009724389.1	CGT	R	TGT	C	171
NC_045512.2	776	C	T	29127	7798	39	3	2	49	0.000102962	29137	0.499903	FALSE	ORF1ab:cds-YP_009725295.1	CGT	R	TGT	C	171
NC_045512.2	776	C	A	29127	7798	39	7	1	37	0.000240244	29137	0.999965	FALSE	ORF1ab:cds-YP_009724389.1	CGT	R	AGT	S	171
NC_045512.2	776	C	A	29127	7798	39	7	1	37	0.000240244	29137	0.999965	FALSE	ORF1ab:cds-YP_009725295.1	CGT	R	AGT	S	171
NC_045512.2	777	G	C	29092	7708	39	2	1	37	6.86059e-05	29152	1	FALSE	ORF1ab:cds-YP_009724389.1	CGT	R	CCT	P	171
NC_045512.2	777	G	C	29092	7708	39	2	1	37	6.86059e-05	29152	1	FALSE	ORF1ab:cds-YP_009725295.1	CGT	R	CCT	P	171
NC_045512.2	777	G	A	29092	7708	39	58	14	36	0.00198957	29152	0.00122995	TRUE	ORF1ab:cds-YP_009724389.1	CGT	R	CAT	H	171
NC_045512.2	777	G	A	29092	7708	39	58	14	36	0.00198957	29152	0.00122995	TRUE	ORF1ab:cds-YP_009725295.1	CGT	R	CAT	H	171
NC_045512.2	778	T	G	28565	7639	39	2	1	31	6.99962e-05	28573	1	FALSE	ORF1ab:cds-YP_009724389.1	CGT	R	CGG	R	171
NC_045512.2	778	T	G	28565	7639	39	2	1	31	6.99962e-05	28573	1	FALSE	ORF1ab:cds-YP_009725295.1	CGT	R	CGG	R	171
NC_045512.2	778	T	C	28565	7639	39	5	0	44	0.00017499	28573	0.226519	FALSE	ORF1ab:cds-YP_009724389.1	CGT	R	CGC	R	171
NC_045512.2	778	T	C	28565	7639	39	5	0	44	0.00017499	28573	0.226519	FALSE	ORF1ab:cds-YP_009725295.1	CGT	R	CGC	R	171
NC_045512.2	778	T	A	28565	7639	39	1	0	22	3.49981e-05	28573	1	FALSE	ORF1ab:cds-YP_009724389.1	CGT	R	CGA	R	171
NC_045512.2	778	T	A	28565	7639	39	1	0	22	3.49981e-05	28573	1	FALSE	ORF1ab:cds-YP_009725295.1	CGT	R	CGA	R	171
NC_045512.2	779	G	T	29300	7655	39	1	1	25	3.41227e-05	29306	1	FALSE	ORF1ab:cds-YP_009724389.1	GAA	E	TAA	*	172
NC_045512.2	779	G	T	29300	7655	39	1	1	25	3.41227e-05	29306	1	FALSE	ORF1ab:cds-YP_009725295.1	GAA	E	TAA	*	172
NC_045512.2	779	G	C	29300	7655	39	1	0	25	3.41227e-05	29306	1	FALSE	ORF1ab:cds-YP_009724389.1	GAA	E	CAA	Q	172
NC_045512.2	779	G	C	29300	7655	39	1	0	25	3.41227e-05	29306	1	FALSE	ORF1ab:cds-YP_009725295.1	GAA	E	CAA	Q	172
NC_045512.2	779	G	A	29300	7655	39	4	2	37	0.000136491	29306	0.999999	FALSE	ORF1ab:cds-YP_009724389.1	GAA	E	AAA	K	172
NC_045512.2	779	G	A	29300	7655	39	4	2	37	0.000136491	29306	0.999999	FALSE	ORF1ab:cds-YP_009725295.1	GAA	E	AAA	K	172
NC_045512.2	780	A	T	29276	7719	39	2	0	31	6.8299e-05	29283	1	FALSE	ORF1ab:cds-YP_009724389.1	GAA	E	GTA	V	172
NC_045512.2	780	A	T	29276	7719	39	2	0	31	6.8299e-05	29283	1	FALSE	ORF1ab:cds-YP_009725295.1	GAA	E	GTA	V	172
NC_045512.2	780	A	G	29276	7719	39	4	2	37	0.000136598	29283	0.999999	FALSE	ORF1ab:cds-YP_009724389.1	GAA	E	GGA	G	172
NC_045512.2	780	A	G	29276	7719	39	4	2	37	0.000136598	29283	0.999999	FALSE	ORF1ab:cds-YP_009725295.1	GAA	E	GGA	G	172
NC_045512.2	780	A	C	29276	7719	39	1	1	37	3.41495e-05	29283	1	FALSE	ORF1ab:cds-YP_009724389.1	GAA	E	GCA	A	172
NC_045512.2	780	A	C	29276	7719	39	1	1	37	3.41495e-05	29283	1	FALSE	ORF1ab:cds-YP_009725295.1	GAA	E	GCA	A	172
NC_045512.2	781	A	G	27371	7866	38	3	1	37	0.000109589	27375	1	FALSE	ORF1ab:cds-YP_009724389.1	GAA	E	GAG	E	172
NC_045512.2	781	A	G	27371	7866	38	3	1	37	0.000109589	27375	1	FALSE	ORF1ab:cds-YP_009725295.1	GAA	E	GAG	E	172
NC_045512.2	781	A	C	27371	7866	38	1	1	25	3.65297e-05	27375	1	FALSE	ORF1ab:cds-YP_009724389.1	GAA	E	GAC	D	172
NC_045512.2	781	A	C	27371	7866	38	1	1	25	3.65297e-05	27375	1	FALSE	ORF1ab:cds-YP_009725295.1	GAA	E	GAC	D	172
NC_045512.2	782	C	T	27673	8552	38	2	1	37	7.22674e-05	27675	1	FALSE	ORF1ab:cds-YP_009724389.1	CTC	L	TTC	F	173
NC_045512.2	782	C	T	27673	8552	38	2	1	37	7.22674e-05	27675	1	FALSE	ORF1ab:cds-YP_009725295.1	CTC	L	TTC	F	173
NC_045512.2	783	T	G	27507	8394	38	1	1	37	3.63372e-05	27520	1	FALSE	ORF1ab:cds-YP_009724389.1	CTC	L	CGC	R	173
NC_045512.2	783	T	G	27507	8394	38	1	1	37	3.63372e-05	27520	1	FALSE	ORF1ab:cds-YP_009725295.1	CTC	L	CGC	R	173
NC_045512.2	783	T	C	27507	8394	38	8	1	34	0.000290698	27520	0.999746	FALSE	ORF1ab:cds-YP_009724389.1	CTC	L	CCC	P	173
NC_045512.2	783	T	C	27507	8394	38	8	1	34	0.000290698	27520	0.999746	FALSE	ORF1ab:cds-YP_009725295.1	CTC	L	CCC	P	173
NC_045512.2	783	T	A	27507	8394	38	4	2	29	0.000145349	27520	1	FALSE	ORF1ab:cds-YP_009724389.1	CTC	L	CAC	H	173
NC_045512.2	783	T	A	27507	8394	38	4	2	29	0.000145349	27520	1	FALSE	ORF1ab:cds-YP_009725295.1	CTC	L	CAC	H	173
NC_045512.2	784	C	T	27847	8662	38	1	0	37	3.59079e-05	27849	1	FALSE	ORF1ab:cds-YP_009724389.1	CTC	L	CTT	L	173
NC_045512.2	784	C	T	27847	8662	38	1	0	37	3.59079e-05	27849	1	FALSE	ORF1ab:cds-YP_009725295.1	CTC	L	CTT	L	173
NC_045512.2	784	C	A	27847	8662	38	1	0	37	3.59079e-05	27849	1	FALSE	ORF1ab:cds-YP_009724389.1	CTC	L	CTA	L	173
NC_045512.2	784	C	A	27847	8662	38	1	0	37	3.59079e-05	27849	1	FALSE	ORF1ab:cds-YP_009725295.1	CTC	L	CTA	L	173
NC_045512.2	785	A	T	27169	8381	38	1	0	37	3.67904e-05	27181	1	FALSE	ORF1ab:cds-YP_009724389.1	ATG	M	TTG	L	174
NC_045512.2	785	A	T	27169	8381	38	1	0	37	3.67904e-05	27181	1	FALSE	ORF1ab:cds-YP_009725295.1	ATG	M	TTG	L	174
NC_045512.2	785	A	G	27169	8381	38	8	2	37	0.000294323	27181	0.999747	FALSE	ORF1ab:cds-YP_009724389.1	ATG	M	GTG	V	174
NC_045512.2	785	A	G	27169	8381	38	8	2	37	0.000294323	27181	0.999747	FALSE	ORF1ab:cds-YP_009725295.1	ATG	M	GTG	V	174
NC_045512.2	785	A	C	27169	8381	38	3	2	29	0.000110371	27181	1	FALSE	ORF1ab:cds-YP_009724389.1	ATG	M	CTG	L	174
NC_045512.2	785	A	C	27169	8381	38	3	2	29	0.000110371	27181	1	FALSE	ORF1ab:cds-YP_009725295.1	ATG	M	CTG	L	174
NC_045512.2	786	T	C	27683	8484	38	5	2	44	0.000180571	27690	0.226533	FALSE	ORF1ab:cds-YP_009724389.1	ATG	M	ACG	T	174
NC_045512.2	786	T	C	27683	8484	38	5	2	44	0.000180571	27690	0.226533	FALSE	ORF1ab:cds-YP_009725295.1	ATG	M	ACG	T	174
NC_045512.2	786	T	A	27683	8484	38	2	0	37	7.22282e-05	27690	1	FALSE	ORF1ab:cds-YP_009724389.1	ATG	M	AAG	K	174
NC_045512.2	786	T	A	27683	8484	38	2	0	37	7.22282e-05	27690	1	FALSE	ORF1ab:cds-YP_009725295.1	ATG	M	AAG	K	174
NC_045512.2	787	G	T	28213	8717	38	1	1	25	3.54321e-05	28223	1	FALSE	ORF1ab:cds-YP_009724389.1	ATG	M	ATT	I	174
NC_045512.2	787	G	T	28213	8717	38	1	1	25	3.54321e-05	28223	1	FALSE	ORF1ab:cds-YP_009725295.1	ATG	M	ATT	I	174
NC_045512.2	787	G	C	28213	8717	38	2	0	37	7.08642e-05	28223	1	FALSE	ORF1ab:cds-YP_009724389.1	ATG	M	ATC	I	174
NC_045512.2	787	G	C	28213	8717	38	2	0	37	7.08642e-05	28223	1	FALSE	ORF1ab:cds-YP_009725295.1	ATG	M	ATC	I	174
NC_045512.2	787	G	A	28213	8717	38	7	3	36	0.000248025	28223	0.999942	FALSE	ORF1ab:cds-YP_009724389.1	ATG	M	ATA	I	174
NC_045512.2	787	G	A	28213	8717	38	7	3	36	0.000248025	28223	0.999942	FALSE	ORF1ab:cds-YP_009725295.1	ATG	M	ATA	I	174
NC_045512.2	788	C	T	28115	8739	38	27	4	37	0.000959386	28143	0.606198	FALSE	ORF1ab:cds-YP_009724389.1	CGT	R	TGT	C	175
NC_045512.2	788	C	T	28115	8739	38	27	4	37	0.000959386	28143	0.606198	FALSE	ORF1ab:cds-YP_009725295.1	CGT	R	TGT	C	175
NC_045512.2	788	C	G	28115	8739	38	1	0	37	3.55328e-05	28143	1	FALSE	ORF1ab:cds-YP_009724389.1	CGT	R	GGT	G	175
NC_045512.2	788	C	G	28115	8739	38	1	0	37	3.55328e-05	28143	1	FALSE	ORF1ab:cds-YP_009725295.1	CGT	R	GGT	G	175
NC_045512.2	789	G	C	28168	8786	38	2	0	37	7.09572e-05	28186	1	FALSE	ORF1ab:cds-YP_009724389.1	CGT	R	CCT	P	175
NC_045512.2	789	G	C	28168	8786	38	2	0	37	7.09572e-05	28186	1	FALSE	ORF1ab:cds-YP_009725295.1	CGT	R	CCT	P	175
NC_045512.2	789	G	A	28168	8786	38	16	7	39	0.000567658	28186	0.975654	FALSE	ORF1ab:cds-YP_009724389.1	CGT	R	CAT	H	175
NC_045512.2	789	G	A	28168	8786	38	16	7	39	0.000567658	28186	0.975654	FALSE	ORF1ab:cds-YP_009725295.1	CGT	R	CAT	H	175
NC_045512.2	790	T	G	27308	8775	38	6	0	29	0.000219595	27323	1	FALSE	ORF1ab:cds-YP_009724389.1	CGT	R	CGG	R	175
NC_045512.2	790	T	G	27308	8775	38	6	0	29	0.000219595	27323	1	FALSE	ORF1ab:cds-YP_009725295.1	CGT	R	CGG	R	175
NC_045512.2	790	T	C	27308	8775	38	7	2	40	0.000256194	27323	0.0897627	FALSE	ORF1ab:cds-YP_009724389.1	CGT	R	CGC	R	175
NC_045512.2	790	T	C	27308	8775	38	7	2	40	0.000256194	27323	0.0897627	FALSE	ORF1ab:cds-YP_009725295.1	CGT	R	CGC	R	175
NC_045512.2	790	T	A	27308	8775	38	2	0	37	7.31984e-05	27323	1	FALSE	ORF1ab:cds-YP_009724389.1	CGT	R	CGA	R	175
NC_045512.2	790	T	A	27308	8775	38	2	0	37	7.31984e-05	27323	1	FALSE	ORF1ab:cds-YP_009725295.1	CGT	R	CGA	R	175
NC_045512.2	791	G	T	27596	8819	38	2	0	37	7.24638e-05	27600	1	FALSE	ORF1ab:cds-YP_009724389.1	GAG	E	TAG	*	176
NC_045512.2	791	G	T	27596	8819	38	2	0	37	7.24638e-05	27600	1	FALSE	ORF1ab:cds-YP_009725295.1	GAG	E	TAG	*	176
NC_045512.2	791	G	C	27596	8819	38	1	0	37	3.62319e-05	27600	1	FALSE	ORF1ab:cds-YP_009724389.1	GAG	E	CAG	Q	176
NC_045512.2	791	G	C	27596	8819	38	1	0	37	3.62319e-05	27600	1	FALSE	ORF1ab:cds-YP_009725295.1	GAG	E	CAG	Q	176
NC_045512.2	791	G	A	27596	8819	38	1	0	37	3.62319e-05	27600	1	FALSE	ORF1ab:cds-YP_009724389.1	GAG	E	AAG	K	176
NC_045512.2	791	G	A	27596	8819	38	1	0	37	3.62319e-05	27600	1	FALSE	ORF1ab:cds-YP_009725295.1	GAG	E	AAG	K	176
NC_045512.2	792	A	T	27076	8834	38	1	0	37	3.69194e-05	27086	1	FALSE	ORF1ab:cds-YP_009724389.1	GAG	E	GTG	V	176
NC_045512.2	792	A	T	27076	8834	38	1	0	37	3.69194e-05	27086	1	FALSE	ORF1ab:cds-YP_009725295.1	GAG	E	GTG	V	176
NC_045512.2	792	A	G	27076	8834	38	8	4	40	0.000295356	27086	0.0546648	FALSE	ORF1ab:cds-YP_009724389.1	GAG	E	GGG	G	176
NC_045512.2	792	A	G	27076	8834	38	8	4	40	0.000295356	27086	0.0546648	FALSE	ORF1ab:cds-YP_009725295.1	GAG	E	GGG	G	176
NC_045512.2	792	A	C	27076	8834	38	1	1	25	3.69194e-05	27086	1	FALSE	ORF1ab:cds-YP_009724389.1	GAG	E	GCG	A	176
NC_045512.2	792	A	C	27076	8834	38	1	1	25	3.69194e-05	27086	1	FALSE	ORF1ab:cds-YP_009725295.1	GAG	E	GCG	A	176
NC_045512.2	793	G	T	29291	8809	38	1	0	25	3.41239e-05	29305	1	FALSE	ORF1ab:cds-YP_009724389.1	GAG	E	GAT	D	176
NC_045512.2	793	G	T	29291	8809	38	1	0	25	3.41239e-05	29305	1	FALSE	ORF1ab:cds-YP_009725295.1	GAG	E	GAT	D	176
NC_045512.2	793	G	A	29291	8809	38	13	8	41	0.00044361	29305	0.00368907	TRUE	ORF1ab:cds-YP_009724389.1	GAG	E	GAA	E	176
NC_045512.2	793	G	A	29291	8809	38	13	8	41	0.00044361	29305	0.00368907	TRUE	ORF1ab:cds-YP_009725295.1	GAG	E	GAA	E	176
NC_045512.2	794	C	T	28503	8864	38	14	4	34	0.000490849	28522	0.99025	FALSE	ORF1ab:cds-YP_009724389.1	CTT	L	TTT	F	177
NC_045512.2	794	C	T	28503	8864	38	14	4	34	0.000490849	28522	0.99025	FALSE	ORF1ab:cds-YP_009725295.1	CTT	L	TTT	F	177
NC_045512.2	794	C	G	28503	8864	38	1	1	37	3.50607e-05	28522	1	FALSE	ORF1ab:cds-YP_009724389.1	CTT	L	GTT	V	177
NC_045512.2	794	C	G	28503	8864	38	1	1	37	3.50607e-05	28522	1	FALSE	ORF1ab:cds-YP_009725295.1	CTT	L	GTT	V	177
NC_045512.2	794	C	A	28503	8864	38	4	1	37	0.000140243	28522	0.999999	FALSE	ORF1ab:cds-YP_009724389.1	CTT	L	ATT	I	177
NC_045512.2	794	C	A	28503	8864	38	4	1	37	0.000140243	28522	0.999999	FALSE	ORF1ab:cds-YP_009725295.1	CTT	L	ATT	I	177
NC_045512.2	795	T	G	29113	8841	38	2	1	31	6.86695e-05	29125	1	FALSE	ORF1ab:cds-YP_009724389.1	CTT	L	CGT	R	177
NC_045512.2	795	T	G	29113	8841	38	2	1	31	6.86695e-05	29125	1	FALSE	ORF1ab:cds-YP_009725295.1	CTT	L	CGT	R	177
NC_045512.2	795	T	C	29113	8841	38	7	1	35	0.000240343	29125	0.999965	FALSE	ORF1ab:cds-YP_009724389.1	CTT	L	CCT	P	177
NC_045512.2	795	T	C	29113	8841	38	7	1	35	0.000240343	29125	0.999965	FALSE	ORF1ab:cds-YP_009725295.1	CTT	L	CCT	P	177
NC_045512.2	795	T	A	29113	8841	38	3	0	29	0.000103004	29125	1	FALSE	ORF1ab:cds-YP_009724389.1	CTT	L	CAT	H	177
NC_045512.2	795	T	A	29113	8841	38	3	0	29	0.000103004	29125	1	FALSE	ORF1ab:cds-YP_009725295.1	CTT	L	CAT	H	177
NC_045512.2	796	T	G	27892	8809	37	16	1	29	0.000573169	27915	1	FALSE	ORF1ab:cds-YP_009724389.1	CTT	L	CTG	L	177
NC_045512.2	796	T	G	27892	8809	37	16	1	29	0.000573169	27915	1	FALSE	ORF1ab:cds-YP_009725295.1	CTT	L	CTG	L	177
NC_045512.2	796	T	C	27892	8809	37	5	2	51	0.000179115	27915	0.0311968	FALSE	ORF1ab:cds-YP_009724389.1	CTT	L	CTC	L	177
NC_045512.2	796	T	C	27892	8809	37	5	2	51	0.000179115	27915	0.0311968	FALSE	ORF1ab:cds-YP_009725295.1	CTT	L	CTC	L	177
NC_045512.2	796	T	A	27892	8809	37	2	0	37	7.16461e-05	27915	1	FALSE	ORF1ab:cds-YP_009724389.1	CTT	L	CTA	L	177
NC_045512.2	796	T	A	27892	8809	37	2	0	37	7.16461e-05	27915	1	FALSE	ORF1ab:cds-YP_009725295.1	CTT	L	CTA	L	177
NC_045512.2	797	A	T	28881	9369	38	1	0	37	3.46129e-05	28891	1	FALSE	ORF1ab:cds-YP_009724389.1	AAC	N	TAC	Y	178
NC_045512.2	797	A	T	28881	9369	38	1	0	37	3.46129e-05	28891	1	FALSE	ORF1ab:cds-YP_009725295.1	AAC	N	TAC	Y	178
NC_045512.2	797	A	G	28881	9369	38	3	1	29	0.000103839	28891	1	FALSE	ORF1ab:cds-YP_009724389.1	AAC	N	GAC	D	178
NC_045512.2	797	A	G	28881	9369	38	3	1	29	0.000103839	28891	1	FALSE	ORF1ab:cds-YP_009725295.1	AAC	N	GAC	D	178
NC_045512.2	797	A	C	28881	9369	38	6	0	26	0.000207677	28891	1	FALSE	ORF1ab:cds-YP_009724389.1	AAC	N	CAC	H	178
NC_045512.2	797	A	C	28881	9369	38	6	0	26	0.000207677	28891	1	FALSE	ORF1ab:cds-YP_009725295.1	AAC	N	CAC	H	178
NC_045512.2	798	A	G	29481	9662	38	3	1	37	0.00010174	29487	1	FALSE	ORF1ab:cds-YP_009724389.1	AAC	N	AGC	S	178
NC_045512.2	798	A	G	29481	9662	38	3	1	37	0.00010174	29487	1	FALSE	ORF1ab:cds-YP_009725295.1	AAC	N	AGC	S	178
NC_045512.2	798	A	C	29481	9662	38	3	2	29	0.00010174	29487	1	FALSE	ORF1ab:cds-YP_009724389.1	AAC	N	ACC	T	178
NC_045512.2	798	A	C	29481	9662	38	3	2	29	0.00010174	29487	1	FALSE	ORF1ab:cds-YP_009725295.1	AAC	N	ACC	T	178
NC_045512.2	799	C	T	29917	10125	38	12	3	39	0.000400936	29930	0.997844	FALSE	ORF1ab:cds-YP_009724389.1	AAC	N	AAT	N	178
NC_045512.2	799	C	T	29917	10125	38	12	3	39	0.000400936	29930	0.997844	FALSE	ORF1ab:cds-YP_009725295.1	AAC	N	AAT	N	178
NC_045512.2	799	C	G	29917	10125	38	1	0	37	3.34113e-05	29930	1	FALSE	ORF1ab:cds-YP_009724389.1	AAC	N	AAG	K	178
NC_045512.2	799	C	G	29917	10125	38	1	0	37	3.34113e-05	29930	1	FALSE	ORF1ab:cds-YP_009725295.1	AAC	N	AAG	K	178
NC_045512.2	800	G	T	30033	10089	38	1	1	37	3.32901e-05	30039	1	FALSE	ORF1ab:cds-YP_009724389.1	GGA	G	TGA	*	179
NC_045512.2	800	G	T	30033	10089	38	1	1	37	3.32901e-05	30039	1	FALSE	ORF1ab:cds-YP_009725295.1	GGA	G	TGA	*	179
NC_045512.2	800	G	A	30033	10089	38	5	4	37	0.00016645	30039	0.999998	FALSE	ORF1ab:cds-YP_009724389.1	GGA	G	AGA	R	179
NC_045512.2	800	G	A	30033	10089	38	5	4	37	0.00016645	30039	0.999998	FALSE	ORF1ab:cds-YP_009725295.1	GGA	G	AGA	R	179
NC_045512.2	801	G	T	30207	10060	38	1	0	25	3.31016e-05	30210	1	FALSE	ORF1ab:cds-YP_009724389.1	GGA	G	GTA	V	179
NC_045512.2	801	G	T	30207	10060	38	1	0	25	3.31016e-05	30210	1	FALSE	ORF1ab:cds-YP_009725295.1	GGA	G	GTA	V	179
NC_045512.2	801	G	A	30207	10060	38	2	2	37	6.62032e-05	30210	1	FALSE	ORF1ab:cds-YP_009724389.1	GGA	G	GAA	E	179
NC_045512.2	801	G	A	30207	10060	38	2	2	37	6.62032e-05	30210	1	FALSE	ORF1ab:cds-YP_009725295.1	GGA	G	GAA	E	179
NC_045512.2	802	A	T	28914	9457	38	2	1	37	6.91467e-05	28924	1	FALSE	ORF1ab:cds-YP_009724389.1	GGA	G	GGT	G	179
NC_045512.2	802	A	T	28914	9457	38	2	1	37	6.91467e-05	28924	1	FALSE	ORF1ab:cds-YP_009725295.1	GGA	G	GGT	G	179
NC_045512.2	802	A	G	28914	9457	38	8	0	40	0.000276587	28924	0.0546662	FALSE	ORF1ab:cds-YP_009724389.1	GGA	G	GGG	G	179
NC_045512.2	802	A	G	28914	9457	38	8	0	40	0.000276587	28924	0.0546662	FALSE	ORF1ab:cds-YP_009725295.1	GGA	G	GGG	G	179
NC_045512.2	802	A	-G	28914	9457	38	5	0	20	0.000172867	28924	1	FALSE	NA	NA	NA	NA	NA	NA
NC_045512.2	803	G	C	29727	9490	38	1	0	25	3.36349e-05	29731	1	FALSE	ORF1ab:cds-YP_009724389.1	GGG	G	CGG	R	180
NC_045512.2	803	G	C	29727	9490	38	1	0	25	3.36349e-05	29731	1	FALSE	ORF1ab:cds-YP_009725295.1	GGG	G	CGG	R	180
NC_045512.2	803	G	A	29727	9490	38	3	0	37	0.000100905	29731	1	FALSE	ORF1ab:cds-YP_009724389.1	GGG	G	AGG	R	180
NC_045512.2	803	G	A	29727	9490	38	3	0	37	0.000100905	29731	1	FALSE	ORF1ab:cds-YP_009725295.1	GGG	G	AGG	R	180
NC_045512.2	804	G	T	30124	10064	39	3	1	33	9.95652e-05	30131	1	FALSE	ORF1ab:cds-YP_009724389.1	GGG	G	GTG	V	180
NC_045512.2	804	G	T	30124	10064	39	3	1	33	9.95652e-05	30131	1	FALSE	ORF1ab:cds-YP_009725295.1	GGG	G	GTG	V	180
NC_045512.2	804	G	C	30124	10064	39	1	0	25	3.31884e-05	30131	1	FALSE	ORF1ab:cds-YP_009724389.1	GGG	G	GCG	A	180
NC_045512.2	804	G	C	30124	10064	39	1	0	25	3.31884e-05	30131	1	FALSE	ORF1ab:cds-YP_009725295.1	GGG	G	GCG	A	180
NC_045512.2	804	G	A	30124	10064	39	3	1	49	9.95652e-05	30131	0.656211	FALSE	ORF1ab:cds-YP_009724389.1	GGG	G	GAG	E	180
NC_045512.2	804	G	A	30124	10064	39	3	1	49	9.95652e-05	30131	0.656211	FALSE	ORF1ab:cds-YP_009725295.1	GGG	G	GAG	E	180
NC_045512.2	805	G	T	32887	9984	38	3	1	33	9.12131e-05	32890	1	FALSE	ORF1ab:cds-YP_009724389.1	GGG	G	GGT	G	180
NC_045512.2	805	G	T	32887	9984	38	3	1	33	9.12131e-05	32890	1	FALSE	ORF1ab:cds-YP_009725295.1	GGG	G	GGT	G	180
NC_045512.2	806	G	C	33240	10307	39	2	2	37	6.00925e-05	33282	1	FALSE	ORF1ab:cds-YP_009724389.1	GCA	A	CCA	P	181
NC_045512.2	806	G	C	33240	10307	39	2	2	37	6.00925e-05	33282	1	FALSE	ORF1ab:cds-YP_009725295.1	GCA	A	CCA	P	181
NC_045512.2	806	G	A	33240	10307	39	40	12	38	0.00120185	33282	0.241234	FALSE	ORF1ab:cds-YP_009724389.1	GCA	A	ACA	T	181
NC_045512.2	806	G	A	33240	10307	39	40	12	38	0.00120185	33282	0.241234	FALSE	ORF1ab:cds-YP_009725295.1	GCA	A	ACA	T	181
NC_045512.2	807	C	T	33004	10333	39	21	11	37	0.000635843	33027	0.962098	FALSE	ORF1ab:cds-YP_009724389.1	GCA	A	GTA	V	181
NC_045512.2	807	C	T	33004	10333	39	21	11	37	0.000635843	33027	0.962098	FALSE	ORF1ab:cds-YP_009725295.1	GCA	A	GTA	V	181
NC_045512.2	807	C	A	33004	10333	39	2	1	31	6.05565e-05	33027	1	FALSE	ORF1ab:cds-YP_009724389.1	GCA	A	GAA	E	181
NC_045512.2	807	C	A	33004	10333	39	2	1	31	6.05565e-05	33027	1	FALSE	ORF1ab:cds-YP_009725295.1	GCA	A	GAA	E	181
NC_045512.2	808	A	T	31985	10178	38	1	1	37	3.12549e-05	31995	1	FALSE	ORF1ab:cds-YP_009724389.1	GCA	A	GCT	A	181
NC_045512.2	808	A	T	31985	10178	38	1	1	37	3.12549e-05	31995	1	FALSE	ORF1ab:cds-YP_009725295.1	GCA	A	GCT	A	181
NC_045512.2	808	A	G	31985	10178	38	7	2	40	0.000218784	31995	0.17183	FALSE	ORF1ab:cds-YP_009724389.1	GCA	A	GCG	A	181
NC_045512.2	808	A	G	31985	10178	38	7	2	40	0.000218784	31995	0.17183	FALSE	ORF1ab:cds-YP_009725295.1	GCA	A	GCG	A	181
NC_045512.2	808	A	C	31985	10178	38	2	1	37	6.25098e-05	31995	1	FALSE	ORF1ab:cds-YP_009724389.1	GCA	A	GCC	A	181
NC_045512.2	808	A	C	31985	10178	38	2	1	37	6.25098e-05	31995	1	FALSE	ORF1ab:cds-YP_009725295.1	GCA	A	GCC	A	181
NC_045512.2	809	T	G	32215	10098	38	3	1	33	9.3081e-05	32230	1	FALSE	ORF1ab:cds-YP_009724389.1	TAC	Y	GAC	D	182
NC_045512.2	809	T	G	32215	10098	38	3	1	33	9.3081e-05	32230	1	FALSE	ORF1ab:cds-YP_009725295.1	TAC	Y	GAC	D	182
NC_045512.2	809	T	C	32215	10098	38	11	3	40	0.000341297	32230	0.0286619	FALSE	ORF1ab:cds-YP_009724389.1	TAC	Y	CAC	H	182
NC_045512.2	809	T	C	32215	10098	38	11	3	40	0.000341297	32230	0.0286619	FALSE	ORF1ab:cds-YP_009725295.1	TAC	Y	CAC	H	182
NC_045512.2	809	T	A	32215	10098	38	1	0	37	3.1027e-05	32230	1	FALSE	ORF1ab:cds-YP_009724389.1	TAC	Y	AAC	N	182
NC_045512.2	809	T	A	32215	10098	38	1	0	37	3.1027e-05	32230	1	FALSE	ORF1ab:cds-YP_009725295.1	TAC	Y	AAC	N	182
NC_045512.2	810	A	G	30645	10296	38	3	3	37	9.78729e-05	30652	1	FALSE	ORF1ab:cds-YP_009724389.1	TAC	Y	TGC	C	182
NC_045512.2	810	A	G	30645	10296	38	3	3	37	9.78729e-05	30652	1	FALSE	ORF1ab:cds-YP_009725295.1	TAC	Y	TGC	C	182
NC_045512.2	810	A	C	30645	10296	38	4	3	25	0.000130497	30652	1	FALSE	ORF1ab:cds-YP_009724389.1	TAC	Y	TCC	S	182
NC_045512.2	810	A	C	30645	10296	38	4	3	25	0.000130497	30652	1	FALSE	ORF1ab:cds-YP_009725295.1	TAC	Y	TCC	S	182
NC_045512.2	811	C	T	31387	10673	38	5	1	37	0.000159266	31394	0.999999	FALSE	ORF1ab:cds-YP_009724389.1	TAC	Y	TAT	Y	182
NC_045512.2	811	C	T	31387	10673	38	5	1	37	0.000159266	31394	0.999999	FALSE	ORF1ab:cds-YP_009725295.1	TAC	Y	TAT	Y	182
NC_045512.2	811	C	G	31387	10673	38	1	0	37	3.18532e-05	31394	1	FALSE	ORF1ab:cds-YP_009724389.1	TAC	Y	TAG	*	182
NC_045512.2	811	C	G	31387	10673	38	1	0	37	3.18532e-05	31394	1	FALSE	ORF1ab:cds-YP_009725295.1	TAC	Y	TAG	*	182
NC_045512.2	811	C	A	31387	10673	38	1	1	37	3.18532e-05	31394	1	FALSE	ORF1ab:cds-YP_009724389.1	TAC	Y	TAA	*	182
NC_045512.2	811	C	A	31387	10673	38	1	1	37	3.18532e-05	31394	1	FALSE	ORF1ab:cds-YP_009725295.1	TAC	Y	TAA	*	182
NC_045512.2	812	A	T	30875	10337	38	1	0	37	3.23824e-05	30881	1	FALSE	ORF1ab:cds-YP_009724389.1	ACT	T	TCT	S	183
NC_045512.2	812	A	T	30875	10337	38	1	0	37	3.23824e-05	30881	1	FALSE	ORF1ab:cds-YP_009725295.1	ACT	T	TCT	S	183
NC_045512.2	812	A	G	30875	10337	38	3	2	37	9.71471e-05	30881	1	FALSE	ORF1ab:cds-YP_009724389.1	ACT	T	GCT	A	183
NC_045512.2	812	A	G	30875	10337	38	3	2	37	9.71471e-05	30881	1	FALSE	ORF1ab:cds-YP_009725295.1	ACT	T	GCT	A	183
NC_045512.2	812	A	C	30875	10337	38	2	0	31	6.47647e-05	30881	1	FALSE	ORF1ab:cds-YP_009724389.1	ACT	T	CCT	P	183
NC_045512.2	812	A	C	30875	10337	38	2	0	31	6.47647e-05	30881	1	FALSE	ORF1ab:cds-YP_009725295.1	ACT	T	CCT	P	183
NC_045512.2	813	C	T	31378	10713	38	1	0	37	3.18674e-05	31380	1	FALSE	ORF1ab:cds-YP_009724389.1	ACT	T	ATT	I	183
NC_045512.2	813	C	T	31378	10713	38	1	0	37	3.18674e-05	31380	1	FALSE	ORF1ab:cds-YP_009725295.1	ACT	T	ATT	I	183
NC_045512.2	813	C	A	31378	10713	38	1	0	25	3.18674e-05	31380	1	FALSE	ORF1ab:cds-YP_009724389.1	ACT	T	AAT	N	183
NC_045512.2	813	C	A	31378	10713	38	1	0	25	3.18674e-05	31380	1	FALSE	ORF1ab:cds-YP_009725295.1	ACT	T	AAT	N	183
NC_045512.2	814	T	C	29460	9434	38	17	0	39	0.000576701	29478	0.973009	FALSE	ORF1ab:cds-YP_009724389.1	ACT	T	ACC	T	183
NC_045512.2	814	T	C	29460	9434	38	17	0	39	0.000576701	29478	0.973009	FALSE	ORF1ab:cds-YP_009725295.1	ACT	T	ACC	T	183
NC_045512.2	814	T	A	29460	9434	38	1	0	37	3.39236e-05	29478	1	FALSE	ORF1ab:cds-YP_009724389.1	ACT	T	ACA	T	183
NC_045512.2	814	T	A	29460	9434	38	1	0	37	3.39236e-05	29478	1	FALSE	ORF1ab:cds-YP_009725295.1	ACT	T	ACA	T	183
NC_045512.2	815	C	T	28892	9523	38	2	0	37	6.92185e-05	28894	1	FALSE	ORF1ab:cds-YP_009724389.1	CGC	R	TGC	C	184
NC_045512.2	815	C	T	28892	9523	38	2	0	37	6.92185e-05	28894	1	FALSE	ORF1ab:cds-YP_009725295.1	CGC	R	TGC	C	184
NC_045512.2	816	G	T	28760	9481	38	5	3	29	0.000173653	28793	1	FALSE	ORF1ab:cds-YP_009724389.1	CGC	R	CTC	L	184
NC_045512.2	816	G	T	28760	9481	38	5	3	29	0.000173653	28793	1	FALSE	ORF1ab:cds-YP_009725295.1	CGC	R	CTC	L	184
NC_045512.2	816	G	A	28760	9481	38	28	12	36	0.000972459	28793	0.552893	FALSE	ORF1ab:cds-YP_009724389.1	CGC	R	CAC	H	184
NC_045512.2	816	G	A	28760	9481	38	28	12	36	0.000972459	28793	0.552893	FALSE	ORF1ab:cds-YP_009725295.1	CGC	R	CAC	H	184
NC_045512.2	817	C	T	28692	9428	38	2	2	37	6.96961e-05	28696	1	FALSE	ORF1ab:cds-YP_009724389.1	CGC	R	CGT	R	184
NC_045512.2	817	C	T	28692	9428	38	2	2	37	6.96961e-05	28696	1	FALSE	ORF1ab:cds-YP_009725295.1	CGC	R	CGT	R	184
NC_045512.2	817	C	A	28692	9428	38	2	0	37	6.96961e-05	28696	1	FALSE	ORF1ab:cds-YP_009724389.1	CGC	R	CGA	R	184
NC_045512.2	817	C	A	28692	9428	38	2	0	37	6.96961e-05	28696	1	FALSE	ORF1ab:cds-YP_009725295.1	CGC	R	CGA	R	184
NC_045512.2	818	T	G	28347	9593	38	4	0	28	0.000141019	28365	1	FALSE	ORF1ab:cds-YP_009724389.1	TAT	Y	GAT	D	185
NC_045512.2	818	T	G	28347	9593	38	4	0	28	0.000141019	28365	1	FALSE	ORF1ab:cds-YP_009725295.1	TAT	Y	GAT	D	185
NC_045512.2	818	T	C	28347	9593	38	13	7	43	0.000458311	28365	0.00368602	TRUE	ORF1ab:cds-YP_009724389.1	TAT	Y	CAT	H	185
NC_045512.2	818	T	C	28347	9593	38	13	7	43	0.000458311	28365	0.00368602	TRUE	ORF1ab:cds-YP_009725295.1	TAT	Y	CAT	H	185
NC_045512.2	818	T	A	28347	9593	38	1	0	25	3.52547e-05	28365	1	FALSE	ORF1ab:cds-YP_009724389.1	TAT	Y	AAT	N	185
NC_045512.2	818	T	A	28347	9593	38	1	0	25	3.52547e-05	28365	1	FALSE	ORF1ab:cds-YP_009725295.1	TAT	Y	AAT	N	185
NC_045512.2	819	A	G	28511	9619	38	1	0	37	3.50717e-05	28513	1	FALSE	ORF1ab:cds-YP_009724389.1	TAT	Y	TGT	C	185
NC_045512.2	819	A	G	28511	9619	38	1	0	37	3.50717e-05	28513	1	FALSE	ORF1ab:cds-YP_009725295.1	TAT	Y	TGT	C	185
NC_045512.2	819	A	C	28511	9619	38	1	0	25	3.50717e-05	28513	1	FALSE	ORF1ab:cds-YP_009724389.1	TAT	Y	TCT	S	185
NC_045512.2	819	A	C	28511	9619	38	1	0	25	3.50717e-05	28513	1	FALSE	ORF1ab:cds-YP_009725295.1	TAT	Y	TCT	S	185
NC_045512.2	819	A	+C	28511	9619	38	1	0	20	3.50717e-05	28513	1	FALSE	NA	NA	NA	NA	NA	NA
NC_045512.2	820	T	C	28808	9534	38	3	1	49	0.000104123	28812	0.5	FALSE	ORF1ab:cds-YP_009724389.1	TAT	Y	TAC	Y	185
NC_045512.2	820	T	C	28808	9534	38	3	1	49	0.000104123	28812	0.5	FALSE	ORF1ab:cds-YP_009725295.1	TAT	Y	TAC	Y	185
NC_045512.2	820	T	A	28808	9534	38	1	1	37	3.47078e-05	28812	1	FALSE	ORF1ab:cds-YP_009724389.1	TAT	Y	TAA	*	185
NC_045512.2	820	T	A	28808	9534	38	1	1	37	3.47078e-05	28812	1	FALSE	ORF1ab:cds-YP_009725295.1	TAT	Y	TAA	*	185
NC_045512.2	821	G	A	29449	9584	38	4	1	37	0.00013581	29453	0.999999	FALSE	ORF1ab:cds-YP_009724389.1	GTC	V	ATC	I	186
NC_045512.2	821	G	A	29449	9584	38	4	1	37	0.00013581	29453	0.999999	FALSE	ORF1ab:cds-YP_009725295.1	GTC	V	ATC	I	186
NC_045512.2	822	T	G	28740	9590	38	1	0	25	3.47887e-05	28745	1	FALSE	ORF1ab:cds-YP_009724389.1	GTC	V	GGC	G	186
NC_045512.2	822	T	G	28740	9590	38	1	0	25	3.47887e-05	28745	1	FALSE	ORF1ab:cds-YP_009725295.1	GTC	V	GGC	G	186
NC_045512.2	822	T	C	28740	9590	38	3	0	37	0.000104366	28745	1	FALSE	ORF1ab:cds-YP_009724389.1	GTC	V	GCC	A	186
NC_045512.2	822	T	C	28740	9590	38	3	0	37	0.000104366	28745	1	FALSE	ORF1ab:cds-YP_009725295.1	GTC	V	GCC	A	186
NC_045512.2	822	T	A	28740	9590	38	1	0	25	3.47887e-05	28745	1	FALSE	ORF1ab:cds-YP_009724389.1	GTC	V	GAC	D	186
NC_045512.2	822	T	A	28740	9590	38	1	0	25	3.47887e-05	28745	1	FALSE	ORF1ab:cds-YP_009725295.1	GTC	V	GAC	D	186
NC_045512.2	823	C	T	29175	9501	38	8	3	40	0.000274132	29183	0.0546785	FALSE	ORF1ab:cds-YP_009724389.1	GTC	V	GTT	V	186
NC_045512.2	823	C	T	29175	9501	38	8	3	40	0.000274132	29183	0.0546785	FALSE	ORF1ab:cds-YP_009725295.1	GTC	V	GTT	V	186
NC_045512.2	824	G	T	29201	9478	38	1	0	37	3.42243e-05	29219	1	FALSE	ORF1ab:cds-YP_009724389.1	GAT	D	TAT	Y	187
NC_045512.2	824	G	T	29201	9478	38	1	0	37	3.42243e-05	29219	1	FALSE	ORF1ab:cds-YP_009725295.1	GAT	D	TAT	Y	187
NC_045512.2	824	G	A	29201	9478	38	17	6	38	0.000581813	29219	0.973009	FALSE	ORF1ab:cds-YP_009724389.1	GAT	D	AAT	N	187
NC_045512.2	824	G	A	29201	9478	38	17	6	38	0.000581813	29219	0.973009	FALSE	ORF1ab:cds-YP_009725295.1	GAT	D	AAT	N	187
NC_045512.2	825	A	T	28968	9998	38	2	1	25	6.90226e-05	28976	1	FALSE	ORF1ab:cds-YP_009724389.1	GAT	D	GTT	V	187
NC_045512.2	825	A	T	28968	9998	38	2	1	25	6.90226e-05	28976	1	FALSE	ORF1ab:cds-YP_009725295.1	GAT	D	GTT	V	187
NC_045512.2	825	A	G	28968	9998	38	3	1	29	0.000103534	28976	1	FALSE	ORF1ab:cds-YP_009724389.1	GAT	D	GGT	G	187
NC_045512.2	825	A	G	28968	9998	38	3	1	29	0.000103534	28976	1	FALSE	ORF1ab:cds-YP_009725295.1	GAT	D	GGT	G	187
NC_045512.2	825	A	C	28968	9998	38	3	0	25	0.000103534	28976	1	FALSE	ORF1ab:cds-YP_009724389.1	GAT	D	GCT	A	187
NC_045512.2	825	A	C	28968	9998	38	3	0	25	0.000103534	28976	1	FALSE	ORF1ab:cds-YP_009725295.1	GAT	D	GCT	A	187
NC_045512.2	826	T	G	28476	10045	38	11	3	27	0.0003861	28490	1	FALSE	ORF1ab:cds-YP_009724389.1	GAT	D	GAG	E	187
NC_045512.2	826	T	G	28476	10045	38	11	3	27	0.0003861	28490	1	FALSE	ORF1ab:cds-YP_009725295.1	GAT	D	GAG	E	187
NC_045512.2	826	T	C	28476	10045	38	2	0	37	7.02001e-05	28490	1	FALSE	ORF1ab:cds-YP_009724389.1	GAT	D	GAC	D	187
NC_045512.2	826	T	C	28476	10045	38	2	0	37	7.02001e-05	28490	1	FALSE	ORF1ab:cds-YP_009725295.1	GAT	D	GAC	D	187
NC_045512.2	826	T	A	28476	10045	38	1	1	37	3.51e-05	28490	1	FALSE	ORF1ab:cds-YP_009724389.1	GAT	D	GAA	E	187
NC_045512.2	826	T	A	28476	10045	38	1	1	37	3.51e-05	28490	1	FALSE	ORF1ab:cds-YP_009725295.1	GAT	D	GAA	E	187
NC_045512.2	827	A	G	28584	9609	38	3	1	37	0.000104913	28595	1	FALSE	ORF1ab:cds-YP_009724389.1	AAC	N	GAC	D	188
NC_045512.2	827	A	G	28584	9609	38	3	1	37	0.000104913	28595	1	FALSE	ORF1ab:cds-YP_009725295.1	AAC	N	GAC	D	188
NC_045512.2	827	A	C	28584	9609	38	8	4	29	0.000279769	28595	1	FALSE	ORF1ab:cds-YP_009724389.1	AAC	N	CAC	H	188
NC_045512.2	827	A	C	28584	9609	38	8	4	29	0.000279769	28595	1	FALSE	ORF1ab:cds-YP_009725295.1	AAC	N	CAC	H	188
NC_045512.2	828	A	G	28318	9442	38	3	2	37	0.000105887	28332	1	FALSE	ORF1ab:cds-YP_009724389.1	AAC	N	AGC	S	188
NC_045512.2	828	A	G	28318	9442	38	3	2	37	0.000105887	28332	1	FALSE	ORF1ab:cds-YP_009725295.1	AAC	N	AGC	S	188
NC_045512.2	828	A	C	28318	9442	38	11	10	28	0.000388254	28332	1	FALSE	ORF1ab:cds-YP_009724389.1	AAC	N	ACC	T	188
NC_045512.2	828	A	C	28318	9442	38	11	10	28	0.000388254	28332	1	FALSE	ORF1ab:cds-YP_009725295.1	AAC	N	ACC	T	188
NC_045512.2	829	C	T	29846	10355	38	3	0	37	0.000100499	29851	1	FALSE	ORF1ab:cds-YP_009724389.1	AAC	N	AAT	N	188
NC_045512.2	829	C	T	29846	10355	38	3	0	37	0.000100499	29851	1	FALSE	ORF1ab:cds-YP_009725295.1	AAC	N	AAT	N	188
NC_045512.2	829	C	A	29846	10355	38	2	0	31	6.69994e-05	29851	1	FALSE	ORF1ab:cds-YP_009724389.1	AAC	N	AAA	K	188
NC_045512.2	829	C	A	29846	10355	38	2	0	31	6.69994e-05	29851	1	FALSE	ORF1ab:cds-YP_009725295.1	AAC	N	AAA	K	188
NC_045512.2	829	C	-A	29846	10355	38	1	0	20	3.34997e-05	29851	1	FALSE	NA	NA	NA	NA	NA	NA
NC_045512.2	830	A	T	28445	9347	38	1	1	25	3.51284e-05	28467	1	FALSE	ORF1ab:cds-YP_009724389.1	AAC	N	TAC	Y	189
NC_045512.2	830	A	T	28445	9347	38	1	1	25	3.51284e-05	28467	1	FALSE	ORF1ab:cds-YP_009725295.1	AAC	N	TAC	Y	189
NC_045512.2	830	A	G	28445	9347	38	7	1	33	0.000245899	28467	0.999941	FALSE	ORF1ab:cds-YP_009724389.1	AAC	N	GAC	D	189
NC_045512.2	830	A	G	28445	9347	38	7	1	33	0.000245899	28467	0.999941	FALSE	ORF1ab:cds-YP_009725295.1	AAC	N	GAC	D	189
NC_045512.2	830	A	C	28445	9347	38	14	12	29	0.000491798	28467	1	FALSE	ORF1ab:cds-YP_009724389.1	AAC	N	CAC	H	189
NC_045512.2	830	A	C	28445	9347	38	14	12	29	0.000491798	28467	1	FALSE	ORF1ab:cds-YP_009725295.1	AAC	N	CAC	H	189
NC_045512.2	831	A	T	28130	9040	37	2	0	37	7.10379e-05	28154	1	FALSE	ORF1ab:cds-YP_009724389.1	AAC	N	ATC	I	189
NC_045512.2	831	A	T	28130	9040	37	2	0	37	7.10379e-05	28154	1	FALSE	ORF1ab:cds-YP_009725295.1	AAC	N	ATC	I	189
NC_045512.2	831	A	G	28130	9040	37	3	1	33	0.000106557	28154	1	FALSE	ORF1ab:cds-YP_009724389.1	AAC	N	AGC	S	189
NC_045512.2	831	A	G	28130	9040	37	3	1	33	0.000106557	28154	1	FALSE	ORF1ab:cds-YP_009725295.1	AAC	N	AGC	S	189
NC_045512.2	831	A	C	28130	9040	37	19	15	27	0.00067486	28154	1	FALSE	ORF1ab:cds-YP_009724389.1	AAC	N	ACC	T	189
NC_045512.2	831	A	C	28130	9040	37	19	15	27	0.00067486	28154	1	FALSE	ORF1ab:cds-YP_009725295.1	AAC	N	ACC	T	189
NC_045512.2	832	C	T	29661	10324	38	1	0	25	3.37109e-05	29664	1	FALSE	ORF1ab:cds-YP_009724389.1	AAC	N	AAT	N	189
NC_045512.2	832	C	T	29661	10324	38	1	0	25	3.37109e-05	29664	1	FALSE	ORF1ab:cds-YP_009725295.1	AAC	N	AAT	N	189
NC_045512.2	832	C	G	29661	10324	38	2	2	31	6.74218e-05	29664	1	FALSE	ORF1ab:cds-YP_009724389.1	AAC	N	AAG	K	189
NC_045512.2	832	C	G	29661	10324	38	2	2	31	6.74218e-05	29664	1	FALSE	ORF1ab:cds-YP_009725295.1	AAC	N	AAG	K	189
NC_045512.2	833	T	G	28397	9556	37	17	10	27	0.000598191	28419	1	FALSE	ORF1ab:cds-YP_009724389.1	TTC	F	GTC	V	190
NC_045512.2	833	T	G	28397	9556	37	17	10	27	0.000598191	28419	1	FALSE	ORF1ab:cds-YP_009725295.1	TTC	F	GTC	V	190
NC_045512.2	833	T	C	28397	9556	37	4	1	36	0.000140751	28419	0.999999	FALSE	ORF1ab:cds-YP_009724389.1	TTC	F	CTC	L	190
NC_045512.2	833	T	C	28397	9556	37	4	1	36	0.000140751	28419	0.999999	FALSE	ORF1ab:cds-YP_009725295.1	TTC	F	CTC	L	190
NC_045512.2	833	T	A	28397	9556	37	1	1	74	3.51877e-05	28419	0.499824	FALSE	ORF1ab:cds-YP_009724389.1	TTC	F	ATC	I	190
NC_045512.2	833	T	A	28397	9556	37	1	1	74	3.51877e-05	28419	0.499824	FALSE	ORF1ab:cds-YP_009725295.1	TTC	F	ATC	I	190
NC_045512.2	834	T	G	29476	9928	38	1	0	25	3.39225e-05	29479	1	FALSE	ORF1ab:cds-YP_009724389.1	TTC	F	TGC	C	190
NC_045512.2	834	T	G	29476	9928	38	1	0	25	3.39225e-05	29479	1	FALSE	ORF1ab:cds-YP_009725295.1	TTC	F	TGC	C	190
NC_045512.2	834	T	C	29476	9928	38	2	1	37	6.78449e-05	29479	1	FALSE	ORF1ab:cds-YP_009724389.1	TTC	F	TCC	S	190
NC_045512.2	834	T	C	29476	9928	38	2	1	37	6.78449e-05	29479	1	FALSE	ORF1ab:cds-YP_009725295.1	TTC	F	TCC	S	190
NC_045512.2	835	C	T	30345	10276	38	1	0	37	3.29522e-05	30347	1	FALSE	ORF1ab:cds-YP_009724389.1	TTC	F	TTT	F	190
NC_045512.2	835	C	T	30345	10276	38	1	0	37	3.29522e-05	30347	1	FALSE	ORF1ab:cds-YP_009725295.1	TTC	F	TTT	F	190
NC_045512.2	835	C	A	30345	10276	38	1	1	25	3.29522e-05	30347	1	FALSE	ORF1ab:cds-YP_009724389.1	TTC	F	TTA	L	190
NC_045512.2	835	C	A	30345	10276	38	1	1	25	3.29522e-05	30347	1	FALSE	ORF1ab:cds-YP_009725295.1	TTC	F	TTA	L	190
NC_045512.2	835	C	-TG	30345	10276	38	1	0	20	3.29522e-05	30347	1	FALSE	NA	NA	NA	NA	NA	NA
NC_045512.2	836	T	G	30064	10013	38	1	0	25	3.32524e-05	30073	1	FALSE	ORF1ab:cds-YP_009724389.1	TGT	C	GGT	G	191
NC_045512.2	836	T	G	30064	10013	38	1	0	25	3.32524e-05	30073	1	FALSE	ORF1ab:cds-YP_009725295.1	TGT	C	GGT	G	191
NC_045512.2	836	T	C	30064	10013	38	8	3	41	0.000266019	30073	0.113249	FALSE	ORF1ab:cds-YP_009724389.1	TGT	C	CGT	R	191
NC_045512.2	836	T	C	30064	10013	38	8	3	41	0.000266019	30073	0.113249	FALSE	ORF1ab:cds-YP_009725295.1	TGT	C	CGT	R	191
NC_045512.2	837	G	T	30520	10289	39	2	1	37	6.55222e-05	30524	1	FALSE	ORF1ab:cds-YP_009724389.1	TGT	C	TTT	F	191
NC_045512.2	837	G	T	30520	10289	39	2	1	37	6.55222e-05	30524	1	FALSE	ORF1ab:cds-YP_009725295.1	TGT	C	TTT	F	191
NC_045512.2	837	G	A	30520	10289	39	2	0	37	6.55222e-05	30524	1	FALSE	ORF1ab:cds-YP_009724389.1	TGT	C	TAT	Y	191
NC_045512.2	837	G	A	30520	10289	39	2	0	37	6.55222e-05	30524	1	FALSE	ORF1ab:cds-YP_009725295.1	TGT	C	TAT	Y	191
NC_045512.2	838	T	C	29955	9937	38	1	0	37	3.33823e-05	29956	1	FALSE	ORF1ab:cds-YP_009724389.1	TGT	C	TGC	C	191
NC_045512.2	838	T	C	29955	9937	38	1	0	37	3.33823e-05	29956	1	FALSE	ORF1ab:cds-YP_009725295.1	TGT	C	TGC	C	191
NC_045512.2	839	G	T	30314	10102	39	3	1	37	9.89446e-05	30320	1	FALSE	ORF1ab:cds-YP_009724389.1	GGC	G	TGC	C	192
NC_045512.2	839	G	T	30314	10102	39	3	1	37	9.89446e-05	30320	1	FALSE	ORF1ab:cds-YP_009725295.1	GGC	G	TGC	C	192
NC_045512.2	839	G	A	30314	10102	39	3	2	37	9.89446e-05	30320	1	FALSE	ORF1ab:cds-YP_009724389.1	GGC	G	AGC	S	192
NC_045512.2	839	G	A	30314	10102	39	3	2	37	9.89446e-05	30320	1	FALSE	ORF1ab:cds-YP_009725295.1	GGC	G	AGC	S	192
NC_045512.2	840	G	T	30450	10115	39	4	3	46	0.000131281	30469	0.499749	FALSE	ORF1ab:cds-YP_009724389.1	GGC	G	GTC	V	192
NC_045512.2	840	G	T	30450	10115	39	4	3	46	0.000131281	30469	0.499749	FALSE	ORF1ab:cds-YP_009725295.1	GGC	G	GTC	V	192
NC_045512.2	840	G	A	30450	10115	39	15	7	37	0.000492304	30469	0.991965	FALSE	ORF1ab:cds-YP_009724389.1	GGC	G	GAC	D	192
NC_045512.2	840	G	A	30450	10115	39	15	7	37	0.000492304	30469	0.991965	FALSE	ORF1ab:cds-YP_009725295.1	GGC	G	GAC	D	192
NC_045512.2	841	C	T	30280	10013	39	31	11	37	0.00102263	30314	0.499897	FALSE	ORF1ab:cds-YP_009724389.1	GGC	G	GGT	G	192
NC_045512.2	841	C	T	30280	10013	39	31	11	37	0.00102263	30314	0.499897	FALSE	ORF1ab:cds-YP_009725295.1	GGC	G	GGT	G	192
NC_045512.2	841	C	G	30280	10013	39	1	0	37	3.29881e-05	30314	1	FALSE	ORF1ab:cds-YP_009724389.1	GGC	G	GGG	G	192
NC_045512.2	841	C	G	30280	10013	39	1	0	37	3.29881e-05	30314	1	FALSE	ORF1ab:cds-YP_009725295.1	GGC	G	GGG	G	192
NC_045512.2	841	C	A	30280	10013	39	2	1	31	6.59761e-05	30314	1	FALSE	ORF1ab:cds-YP_009724389.1	GGC	G	GGA	G	192
NC_045512.2	841	C	A	30280	10013	39	2	1	31	6.59761e-05	30314	1	FALSE	ORF1ab:cds-YP_009725295.1	GGC	G	GGA	G	192
NC_045512.2	842	C	G	31077	11265	40	1	0	74	3.21709e-05	31084	0.49996	FALSE	ORF1ab:cds-YP_009724389.1	CCT	P	GCT	A	193
NC_045512.2	842	C	G	31077	11265	40	1	0	74	3.21709e-05	31084	0.49996	FALSE	ORF1ab:cds-YP_009725295.1	CCT	P	GCT	A	193
NC_045512.2	842	C	A	31077	11265	40	6	3	33	0.000193025	31084	0.999996	FALSE	ORF1ab:cds-YP_009724389.1	CCT	P	ACT	T	193
NC_045512.2	842	C	A	31077	11265	40	6	3	33	0.000193025	31084	0.999996	FALSE	ORF1ab:cds-YP_009725295.1	CCT	P	ACT	T	193
NC_045512.2	843	C	T	31228	11381	40	2	2	37	6.40328e-05	31234	1	FALSE	ORF1ab:cds-YP_009724389.1	CCT	P	CTT	L	193
NC_045512.2	843	C	T	31228	11381	40	2	2	37	6.40328e-05	31234	1	FALSE	ORF1ab:cds-YP_009725295.1	CCT	P	CTT	L	193
NC_045512.2	843	C	A	31228	11381	40	4	3	37	0.000128066	31234	1	FALSE	ORF1ab:cds-YP_009724389.1	CCT	P	CAT	H	193
NC_045512.2	843	C	A	31228	11381	40	4	3	37	0.000128066	31234	1	FALSE	ORF1ab:cds-YP_009725295.1	CCT	P	CAT	H	193
NC_045512.2	844	T	G	30448	11014	40	6	1	31	0.000196934	30467	0.999994	FALSE	ORF1ab:cds-YP_009724389.1	CCT	P	CCG	P	193
NC_045512.2	844	T	G	30448	11014	40	6	1	31	0.000196934	30467	0.999994	FALSE	ORF1ab:cds-YP_009725295.1	CCT	P	CCG	P	193
NC_045512.2	844	T	C	30448	11014	40	12	4	34	0.000393869	30467	0.998558	FALSE	ORF1ab:cds-YP_009724389.1	CCT	P	CCC	P	193
NC_045512.2	844	T	C	30448	11014	40	12	4	34	0.000393869	30467	0.998558	FALSE	ORF1ab:cds-YP_009725295.1	CCT	P	CCC	P	193
NC_045512.2	844	T	A	30448	11014	40	1	0	37	3.28224e-05	30467	1	FALSE	ORF1ab:cds-YP_009724389.1	CCT	P	CCA	P	193
NC_045512.2	844	T	A	30448	11014	40	1	0	37	3.28224e-05	30467	1	FALSE	ORF1ab:cds-YP_009725295.1	CCT	P	CCA	P	193
NC_045512.2	845	G	T	31502	11789	40	2	1	31	6.34518e-05	31520	1	FALSE	ORF1ab:cds-YP_009724389.1	GAT	D	TAT	Y	194
NC_045512.2	845	G	T	31502	11789	40	2	1	31	6.34518e-05	31520	1	FALSE	ORF1ab:cds-YP_009725295.1	GAT	D	TAT	Y	194
NC_045512.2	845	G	C	31502	11789	40	1	0	37	3.17259e-05	31520	1	FALSE	ORF1ab:cds-YP_009724389.1	GAT	D	CAT	H	194
NC_045512.2	845	G	C	31502	11789	40	1	0	37	3.17259e-05	31520	1	FALSE	ORF1ab:cds-YP_009725295.1	GAT	D	CAT	H	194
NC_045512.2	845	G	A	31502	11789	40	15	6	41	0.000475888	31520	0.00376337	TRUE	ORF1ab:cds-YP_009724389.1	GAT	D	AAT	N	194
NC_045512.2	845	G	A	31502	11789	40	15	6	41	0.000475888	31520	0.00376337	TRUE	ORF1ab:cds-YP_009725295.1	GAT	D	AAT	N	194
NC_045512.2	846	A	T	30219	11655	39	3	0	29	9.9249e-05	30227	1	FALSE	ORF1ab:cds-YP_009724389.1	GAT	D	GTT	V	194
NC_045512.2	846	A	T	30219	11655	39	3	0	29	9.9249e-05	30227	1	FALSE	ORF1ab:cds-YP_009725295.1	GAT	D	GTT	V	194
NC_045512.2	846	A	G	30219	11655	39	5	0	37	0.000165415	30227	0.999998	FALSE	ORF1ab:cds-YP_009724389.1	GAT	D	GGT	G	194
NC_045512.2	846	A	G	30219	11655	39	5	0	37	0.000165415	30227	0.999998	FALSE	ORF1ab:cds-YP_009725295.1	GAT	D	GGT	G	194
NC_045512.2	847	T	G	30420	11342	39	11	7	30	0.000361462	30432	0.999277	FALSE	ORF1ab:cds-YP_009724389.1	GAT	D	GAG	E	194
NC_045512.2	847	T	G	30420	11342	39	11	7	30	0.000361462	30432	0.999277	FALSE	ORF1ab:cds-YP_009725295.1	GAT	D	GAG	E	194
NC_045512.2	847	T	C	30420	11342	39	1	1	37	3.28601e-05	30432	1	FALSE	ORF1ab:cds-YP_009724389.1	GAT	D	GAC	D	194
NC_045512.2	847	T	C	30420	11342	39	1	1	37	3.28601e-05	30432	1	FALSE	ORF1ab:cds-YP_009725295.1	GAT	D	GAC	D	194
NC_045512.2	848	G	A	31665	11869	40	3	1	37	9.47329e-05	31668	1	FALSE	ORF1ab:cds-YP_009724389.1	GGC	G	AGC	S	195
NC_045512.2	848	G	A	31665	11869	40	3	1	37	9.47329e-05	31668	1	FALSE	ORF1ab:cds-YP_009725295.1	GGC	G	AGC	S	195
NC_045512.2	849	G	T	31412	11689	40	2	0	25	6.36233e-05	31435	1	FALSE	ORF1ab:cds-YP_009724389.1	GGC	G	GTC	V	195
NC_045512.2	849	G	T	31412	11689	40	2	0	25	6.36233e-05	31435	1	FALSE	ORF1ab:cds-YP_009725295.1	GGC	G	GTC	V	195
NC_045512.2	849	G	A	31412	11689	40	21	10	39	0.000668045	31435	0.936891	FALSE	ORF1ab:cds-YP_009724389.1	GGC	G	GAC	D	195
NC_045512.2	849	G	A	31412	11689	40	21	10	39	0.000668045	31435	0.936891	FALSE	ORF1ab:cds-YP_009725295.1	GGC	G	GAC	D	195
NC_045512.2	850	C	T	31757	12173	40	23	13	39	0.000723612	31785	0.889847	FALSE	ORF1ab:cds-YP_009724389.1	GGC	G	GGT	G	195
NC_045512.2	850	C	T	31757	12173	40	23	13	39	0.000723612	31785	0.889847	FALSE	ORF1ab:cds-YP_009725295.1	GGC	G	GGT	G	195
NC_045512.2	850	C	G	31757	12173	40	1	0	37	3.14614e-05	31785	1	FALSE	ORF1ab:cds-YP_009724389.1	GGC	G	GGG	G	195
NC_045512.2	850	C	G	31757	12173	40	1	0	37	3.14614e-05	31785	1	FALSE	ORF1ab:cds-YP_009725295.1	GGC	G	GGG	G	195
NC_045512.2	850	C	A	31757	12173	40	4	2	35	0.000125846	31785	1	FALSE	ORF1ab:cds-YP_009724389.1	GGC	G	GGA	G	195
NC_045512.2	850	C	A	31757	12173	40	4	2	35	0.000125846	31785	1	FALSE	ORF1ab:cds-YP_009725295.1	GGC	G	GGA	G	195
NC_045512.2	851	T	G	30735	11814	39	5	4	28	0.000162586	30753	1	FALSE	ORF1ab:cds-YP_009724389.1	TAC	Y	GAC	D	196
NC_045512.2	851	T	G	30735	11814	39	5	4	28	0.000162586	30753	1	FALSE	ORF1ab:cds-YP_009725295.1	TAC	Y	GAC	D	196
NC_045512.2	851	T	C	30735	11814	39	11	6	34	0.000357689	30753	0.999276	FALSE	ORF1ab:cds-YP_009724389.1	TAC	Y	CAC	H	196
NC_045512.2	851	T	C	30735	11814	39	11	6	34	0.000357689	30753	0.999276	FALSE	ORF1ab:cds-YP_009725295.1	TAC	Y	CAC	H	196
NC_045512.2	851	T	A	30735	11814	39	2	0	37	6.50343e-05	30753	1	FALSE	ORF1ab:cds-YP_009724389.1	TAC	Y	AAC	N	196
NC_045512.2	851	T	A	30735	11814	39	2	0	37	6.50343e-05	30753	1	FALSE	ORF1ab:cds-YP_009725295.1	TAC	Y	AAC	N	196
NC_045512.2	852	A	T	35418	18529	43	1	1	37	2.82159e-05	35441	1	FALSE	ORF1ab:cds-YP_009724389.1	TAC	Y	TTC	F	196
NC_045512.2	852	A	T	35418	18529	43	1	1	37	2.82159e-05	35441	1	FALSE	ORF1ab:cds-YP_009725295.1	TAC	Y	TTC	F	196
NC_045512.2	852	A	G	35418	18529	43	17	12	41	0.00047967	35441	0.00128542	TRUE	ORF1ab:cds-YP_009724389.1	TAC	Y	TGC	C	196
NC_045512.2	852	A	G	35418	18529	43	17	12	41	0.00047967	35441	0.00128542	TRUE	ORF1ab:cds-YP_009725295.1	TAC	Y	TGC	C	196
NC_045512.2	852	A	C	35418	18529	43	5	0	28	0.00014108	35441	1	FALSE	ORF1ab:cds-YP_009724389.1	TAC	Y	TCC	S	196
NC_045512.2	852	A	C	35418	18529	43	5	0	28	0.00014108	35441	1	FALSE	ORF1ab:cds-YP_009725295.1	TAC	Y	TCC	S	196
NC_045512.2	853	C	T	36270	18898	43	11	4	41	0.000302888	36317	0.0285571	FALSE	ORF1ab:cds-YP_009724389.1	TAC	Y	TAT	Y	196
NC_045512.2	853	C	T	36270	18898	43	11	4	41	0.000302888	36317	0.0285571	FALSE	ORF1ab:cds-YP_009725295.1	TAC	Y	TAT	Y	196
NC_045512.2	853	C	G	36270	18898	43	34	34	36	0.000936201	36317	0.639444	FALSE	ORF1ab:cds-YP_009724389.1	TAC	Y	TAG	*	196
NC_045512.2	853	C	G	36270	18898	43	34	34	36	0.000936201	36317	0.639444	FALSE	ORF1ab:cds-YP_009725295.1	TAC	Y	TAG	*	196
NC_045512.2	853	C	A	36270	18898	43	2	0	27	5.50706e-05	36317	1	FALSE	ORF1ab:cds-YP_009724389.1	TAC	Y	TAA	*	196
NC_045512.2	853	C	A	36270	18898	43	2	0	27	5.50706e-05	36317	1	FALSE	ORF1ab:cds-YP_009725295.1	TAC	Y	TAA	*	196
NC_045512.2	854	C	G	36437	18854	43	1	1	25	2.74424e-05	36440	1	FALSE	ORF1ab:cds-YP_009724389.1	CCT	P	GCT	A	197
NC_045512.2	854	C	G	36437	18854	43	1	1	25	2.74424e-05	36440	1	FALSE	ORF1ab:cds-YP_009725295.1	CCT	P	GCT	A	197
NC_045512.2	854	C	A	36437	18854	43	2	1	31	5.48847e-05	36440	1	FALSE	ORF1ab:cds-YP_009724389.1	CCT	P	ACT	T	197
NC_045512.2	854	C	A	36437	18854	43	2	1	31	5.48847e-05	36440	1	FALSE	ORF1ab:cds-YP_009725295.1	CCT	P	ACT	T	197
NC_045512.2	855	C	T	37763	20466	44	3	1	37	7.94239e-05	37772	1	FALSE	ORF1ab:cds-YP_009724389.1	CCT	P	CTT	L	197
NC_045512.2	855	C	T	37763	20466	44	3	1	37	7.94239e-05	37772	1	FALSE	ORF1ab:cds-YP_009725295.1	CCT	P	CTT	L	197
NC_045512.2	855	C	G	37763	20466	44	3	1	30	7.94239e-05	37772	1	FALSE	ORF1ab:cds-YP_009724389.1	CCT	P	CGT	R	197
NC_045512.2	855	C	G	37763	20466	44	3	1	30	7.94239e-05	37772	1	FALSE	ORF1ab:cds-YP_009725295.1	CCT	P	CGT	R	197
NC_045512.2	855	C	A	37763	20466	44	3	0	36	7.94239e-05	37772	1	FALSE	ORF1ab:cds-YP_009724389.1	CCT	P	CAT	H	197
NC_045512.2	855	C	A	37763	20466	44	3	0	36	7.94239e-05	37772	1	FALSE	ORF1ab:cds-YP_009725295.1	CCT	P	CAT	H	197
NC_045512.2	856	T	G	35991	20150	42	4	1	24	0.000111083	36009	1	FALSE	ORF1ab:cds-YP_009724389.1	CCT	P	CCG	P	197
NC_045512.2	856	T	G	35991	20150	42	4	1	24	0.000111083	36009	1	FALSE	ORF1ab:cds-YP_009725295.1	CCT	P	CCG	P	197
NC_045512.2	856	T	C	35991	20150	42	10	6	34	0.000277708	36009	0.99998	FALSE	ORF1ab:cds-YP_009724389.1	CCT	P	CCC	P	197
NC_045512.2	856	T	C	35991	20150	42	10	6	34	0.000277708	36009	0.99998	FALSE	ORF1ab:cds-YP_009725295.1	CCT	P	CCC	P	197
NC_045512.2	856	T	A	35991	20150	42	4	2	40	0.000111083	36009	0.499803	FALSE	ORF1ab:cds-YP_009724389.1	CCT	P	CCA	P	197
NC_045512.2	856	T	A	35991	20150	42	4	2	40	0.000111083	36009	0.499803	FALSE	ORF1ab:cds-YP_009725295.1	CCT	P	CCA	P	197
NC_045512.2	857	C	T	36575	20281	43	2	2	55	5.46792e-05	36577	0.250003	FALSE	ORF1ab:cds-YP_009724389.1	CTT	L	TTT	F	198
NC_045512.2	857	C	T	36575	20281	43	2	2	55	5.46792e-05	36577	0.250003	FALSE	ORF1ab:cds-YP_009725295.1	CTT	L	TTT	F	198
NC_045512.2	858	T	G	34496	20120	41	14	8	26	0.000405562	34520	1	FALSE	ORF1ab:cds-YP_009724389.1	CTT	L	CGT	R	198
NC_045512.2	858	T	G	34496	20120	41	14	8	26	0.000405562	34520	1	FALSE	ORF1ab:cds-YP_009725295.1	CTT	L	CGT	R	198
NC_045512.2	858	T	C	34496	20120	41	6	5	43	0.000173812	34520	0.25365	FALSE	ORF1ab:cds-YP_009724389.1	CTT	L	CCT	P	198
NC_045512.2	858	T	C	34496	20120	41	6	5	43	0.000173812	34520	0.25365	FALSE	ORF1ab:cds-YP_009725295.1	CTT	L	CCT	P	198
NC_045512.2	858	T	A	34496	20120	41	4	1	31	0.000115875	34520	1	FALSE	ORF1ab:cds-YP_009724389.1	CTT	L	CAT	H	198
NC_045512.2	858	T	A	34496	20120	41	4	1	31	0.000115875	34520	1	FALSE	ORF1ab:cds-YP_009725295.1	CTT	L	CAT	H	198
NC_045512.2	859	T	G	35149	20321	41	6	2	27	0.000170644	35161	1	FALSE	ORF1ab:cds-YP_009724389.1	CTT	L	CTG	L	198
NC_045512.2	859	T	G	35149	20321	41	6	2	27	0.000170644	35161	1	FALSE	ORF1ab:cds-YP_009725295.1	CTT	L	CTG	L	198
NC_045512.2	859	T	C	35149	20321	41	4	1	37	0.000113762	35161	1	FALSE	ORF1ab:cds-YP_009724389.1	CTT	L	CTC	L	198
NC_045512.2	859	T	C	35149	20321	41	4	1	37	0.000113762	35161	1	FALSE	ORF1ab:cds-YP_009725295.1	CTT	L	CTC	L	198
NC_045512.2	859	T	A	35149	20321	41	2	1	49	5.68812e-05	35161	0.812429	FALSE	ORF1ab:cds-YP_009724389.1	CTT	L	CTA	L	198
NC_045512.2	859	T	A	35149	20321	41	2	1	49	5.68812e-05	35161	0.812429	FALSE	ORF1ab:cds-YP_009725295.1	CTT	L	CTA	L	198
NC_045512.2	860	G	T	36443	21389	43	2	1	37	5.48757e-05	36446	1	FALSE	ORF1ab:cds-YP_009724389.1	GAG	E	TAG	*	199
NC_045512.2	860	G	T	36443	21389	43	2	1	37	5.48757e-05	36446	1	FALSE	ORF1ab:cds-YP_009725295.1	GAG	E	TAG	*	199
NC_045512.2	860	G	A	36443	21389	43	1	1	37	2.74379e-05	36446	1	FALSE	ORF1ab:cds-YP_009724389.1	GAG	E	AAG	K	199
NC_045512.2	860	G	A	36443	21389	43	1	1	37	2.74379e-05	36446	1	FALSE	ORF1ab:cds-YP_009725295.1	GAG	E	AAG	K	199
NC_045512.2	861	A	T	35521	20979	43	3	3	25	8.44309e-05	35532	1	FALSE	ORF1ab:cds-YP_009724389.1	GAG	E	GTG	V	199
NC_045512.2	861	A	T	35521	20979	43	3	3	25	8.44309e-05	35532	1	FALSE	ORF1ab:cds-YP_009725295.1	GAG	E	GTG	V	199
NC_045512.2	861	A	G	35521	20979	43	7	4	52	0.000197006	35532	0.00780788	TRUE	ORF1ab:cds-YP_009724389.1	GAG	E	GGG	G	199
NC_045512.2	861	A	G	35521	20979	43	7	4	52	0.000197006	35532	0.00780788	TRUE	ORF1ab:cds-YP_009725295.1	GAG	E	GGG	G	199
NC_045512.2	861	A	C	35521	20979	43	1	0	29	2.81436e-05	35532	1	FALSE	ORF1ab:cds-YP_009724389.1	GAG	E	GCG	A	199
NC_045512.2	861	A	C	35521	20979	43	1	0	29	2.81436e-05	35532	1	FALSE	ORF1ab:cds-YP_009725295.1	GAG	E	GCG	A	199
NC_045512.2	862	G	T	35484	20933	43	1	1	25	2.81793e-05	35487	1	FALSE	ORF1ab:cds-YP_009724389.1	GAG	E	GAT	D	199
NC_045512.2	862	G	T	35484	20933	43	1	1	25	2.81793e-05	35487	1	FALSE	ORF1ab:cds-YP_009725295.1	GAG	E	GAT	D	199
NC_045512.2	862	G	A	35484	20933	43	2	1	37	5.63587e-05	35487	1	FALSE	ORF1ab:cds-YP_009724389.1	GAG	E	GAA	E	199
NC_045512.2	862	G	A	35484	20933	43	2	1	37	5.63587e-05	35487	1	FALSE	ORF1ab:cds-YP_009725295.1	GAG	E	GAA	E	199
NC_045512.2	863	T	C	34006	20600	42	7	4	35	0.000205798	34014	0.999998	FALSE	ORF1ab:cds-YP_009724389.1	TGC	C	CGC	R	200
NC_045512.2	863	T	C	34006	20600	42	7	4	35	0.000205798	34014	0.999998	FALSE	ORF1ab:cds-YP_009725295.1	TGC	C	CGC	R	200
NC_045512.2	863	T	A	34006	20600	42	1	1	25	2.93997e-05	34014	1	FALSE	ORF1ab:cds-YP_009724389.1	TGC	C	AGC	S	200
NC_045512.2	863	T	A	34006	20600	42	1	1	25	2.93997e-05	34014	1	FALSE	ORF1ab:cds-YP_009725295.1	TGC	C	AGC	S	200
NC_045512.2	864	G	T	34011	20355	42	2	2	31	5.8713e-05	34064	1	FALSE	ORF1ab:cds-YP_009724389.1	TGC	C	TTC	F	200
NC_045512.2	864	G	T	34011	20355	42	2	2	31	5.8713e-05	34064	1	FALSE	ORF1ab:cds-YP_009725295.1	TGC	C	TTC	F	200
NC_045512.2	864	G	A	34011	20355	42	51	32	44	0.00149718	34064	1.43433e-12	TRUE	ORF1ab:cds-YP_009724389.1	TGC	C	TAC	Y	200
NC_045512.2	864	G	A	34011	20355	42	51	32	44	0.00149718	34064	1.43433e-12	TRUE	ORF1ab:cds-YP_009725295.1	TGC	C	TAC	Y	200
NC_045512.2	865	C	T	34368	20958	42	28	16	43	0.00081393	34401	2.31098e-06	TRUE	ORF1ab:cds-YP_009724389.1	TGC	C	TGT	C	200
NC_045512.2	865	C	T	34368	20958	42	28	16	43	0.00081393	34401	2.31098e-06	TRUE	ORF1ab:cds-YP_009725295.1	TGC	C	TGT	C	200
NC_045512.2	865	C	G	34368	20958	42	2	2	37	5.81378e-05	34401	1	FALSE	ORF1ab:cds-YP_009724389.1	TGC	C	TGG	W	200
NC_045512.2	865	C	G	34368	20958	42	2	2	37	5.81378e-05	34401	1	FALSE	ORF1ab:cds-YP_009725295.1	TGC	C	TGG	W	200
NC_045512.2	865	C	A	34368	20958	42	3	2	26	8.72068e-05	34401	1	FALSE	ORF1ab:cds-YP_009724389.1	TGC	C	TGA	*	200
NC_045512.2	865	C	A	34368	20958	42	3	2	26	8.72068e-05	34401	1	FALSE	ORF1ab:cds-YP_009725295.1	TGC	C	TGA	*	200
NC_045512.2	866	A	G	33254	20401	41	3	2	53	9.01632e-05	33273	0.12491	FALSE	ORF1ab:cds-YP_009724389.1	ATT	I	GTT	V	201
NC_045512.2	866	A	G	33254	20401	41	3	2	53	9.01632e-05	33273	0.12491	FALSE	ORF1ab:cds-YP_009725295.1	ATT	I	GTT	V	201
NC_045512.2	866	A	C	33254	20401	41	16	2	29	0.00048087	33273	1	FALSE	ORF1ab:cds-YP_009724389.1	ATT	I	CTT	L	201
NC_045512.2	866	A	C	33254	20401	41	16	2	29	0.00048087	33273	1	FALSE	ORF1ab:cds-YP_009725295.1	ATT	I	CTT	L	201
NC_045512.2	867	T	G	33011	20081	41	12	0	26	0.000363317	33029	1	FALSE	ORF1ab:cds-YP_009724389.1	ATT	I	AGT	S	201
NC_045512.2	867	T	G	33011	20081	41	12	0	26	0.000363317	33029	1	FALSE	ORF1ab:cds-YP_009725295.1	ATT	I	AGT	S	201
NC_045512.2	867	T	C	33011	20081	41	4	3	46	0.000121106	33029	0.499785	FALSE	ORF1ab:cds-YP_009724389.1	ATT	I	ACT	T	201
NC_045512.2	867	T	C	33011	20081	41	4	3	46	0.000121106	33029	0.499785	FALSE	ORF1ab:cds-YP_009725295.1	ATT	I	ACT	T	201
NC_045512.2	867	T	A	33011	20081	41	2	1	31	6.05528e-05	33029	1	FALSE	ORF1ab:cds-YP_009724389.1	ATT	I	AAT	N	201
NC_045512.2	867	T	A	33011	20081	41	2	1	31	6.05528e-05	33029	1	FALSE	ORF1ab:cds-YP_009725295.1	ATT	I	AAT	N	201
NC_045512.2	868	T	G	33003	20981	41	3	2	25	9.08843e-05	33009	1	FALSE	ORF1ab:cds-YP_009724389.1	ATT	I	ATG	M	201
NC_045512.2	868	T	G	33003	20981	41	3	2	25	9.08843e-05	33009	1	FALSE	ORF1ab:cds-YP_009725295.1	ATT	I	ATG	M	201
NC_045512.2	868	T	C	33003	20981	41	2	0	68	6.05895e-05	33009	0.249973	FALSE	ORF1ab:cds-YP_009724389.1	ATT	I	ATC	I	201
NC_045512.2	868	T	C	33003	20981	41	2	0	68	6.05895e-05	33009	0.249973	FALSE	ORF1ab:cds-YP_009725295.1	ATT	I	ATC	I	201
NC_045512.2	868	T	A	33003	20981	41	1	1	25	3.02948e-05	33009	1	FALSE	ORF1ab:cds-YP_009724389.1	ATT	I	ATA	I	201
NC_045512.2	868	T	A	33003	20981	41	1	1	25	3.02948e-05	33009	1	FALSE	ORF1ab:cds-YP_009725295.1	ATT	I	ATA	I	201
NC_045512.2	868	T	-A	33003	20981	41	1	0	20	3.02948e-05	33009	1	FALSE	NA	NA	NA	NA	NA	NA
NC_045512.2	869	A	T	32687	20974	40	2	1	55	6.11677e-05	32697	0.249935	FALSE	ORF1ab:cds-YP_009724389.1	AAA	K	TAA	*	202
NC_045512.2	869	A	T	32687	20974	40	2	1	55	6.11677e-05	32697	0.249935	FALSE	ORF1ab:cds-YP_009725295.1	AAA	K	TAA	*	202
NC_045512.2	869	A	G	32687	20974	40	2	2	31	6.11677e-05	32697	1	FALSE	ORF1ab:cds-YP_009724389.1	AAA	K	GAA	E	202
NC_045512.2	869	A	G	32687	20974	40	2	2	31	6.11677e-05	32697	1	FALSE	ORF1ab:cds-YP_009725295.1	AAA	K	GAA	E	202
NC_045512.2	869	A	C	32687	20974	40	6	6	26	0.000183503	32697	1	FALSE	ORF1ab:cds-YP_009724389.1	AAA	K	CAA	Q	202
NC_045512.2	869	A	C	32687	20974	40	6	6	26	0.000183503	32697	1	FALSE	ORF1ab:cds-YP_009725295.1	AAA	K	CAA	Q	202
NC_045512.2	870	A	T	32497	20880	40	2	1	37	6.1512e-05	32514	1	FALSE	ORF1ab:cds-YP_009724389.1	AAA	K	ATA	I	202
NC_045512.2	870	A	T	32497	20880	40	2	1	37	6.1512e-05	32514	1	FALSE	ORF1ab:cds-YP_009725295.1	AAA	K	ATA	I	202
NC_045512.2	870	A	G	32497	20880	40	1	1	37	3.0756e-05	32514	1	FALSE	ORF1ab:cds-YP_009724389.1	AAA	K	AGA	R	202
NC_045512.2	870	A	G	32497	20880	40	1	1	37	3.0756e-05	32514	1	FALSE	ORF1ab:cds-YP_009725295.1	AAA	K	AGA	R	202
NC_045512.2	870	A	C	32497	20880	40	14	13	33	0.000430584	32514	0.997739	FALSE	ORF1ab:cds-YP_009724389.1	AAA	K	ACA	T	202
NC_045512.2	870	A	C	32497	20880	40	14	13	33	0.000430584	32514	0.997739	FALSE	ORF1ab:cds-YP_009725295.1	AAA	K	ACA	T	202
NC_045512.2	871	A	T	32813	21297	40	4	1	37	0.000121818	32836	1	FALSE	ORF1ab:cds-YP_009724389.1	AAA	K	AAT	N	202
NC_045512.2	871	A	T	32813	21297	40	4	1	37	0.000121818	32836	1	FALSE	ORF1ab:cds-YP_009725295.1	AAA	K	AAT	N	202
NC_045512.2	871	A	G	32813	21297	40	5	1	44	0.000152272	32836	0.36299	FALSE	ORF1ab:cds-YP_009724389.1	AAA	K	AAG	K	202
NC_045512.2	871	A	G	32813	21297	40	5	1	44	0.000152272	32836	0.36299	FALSE	ORF1ab:cds-YP_009725295.1	AAA	K	AAG	K	202
NC_045512.2	871	A	C	32813	21297	40	14	11	29	0.000426361	32836	1	FALSE	ORF1ab:cds-YP_009724389.1	AAA	K	AAC	N	202
NC_045512.2	871	A	C	32813	21297	40	14	11	29	0.000426361	32836	1	FALSE	ORF1ab:cds-YP_009725295.1	AAA	K	AAC	N	202
NC_045512.2	872	G	T	33244	21815	41	3	0	29	9.02337e-05	33247	1	FALSE	ORF1ab:cds-YP_009724389.1	GAC	D	TAC	Y	203
NC_045512.2	872	G	T	33244	21815	41	3	0	29	9.02337e-05	33247	1	FALSE	ORF1ab:cds-YP_009725295.1	GAC	D	TAC	Y	203
NC_045512.2	872	G	-AC	33244	21815	41	1	0	20	3.00779e-05	33247	1	FALSE	NA	NA	NA	NA	NA	NA
NC_045512.2	873	A	T	33110	21609	41	5	2	28	0.000150948	33124	1	FALSE	ORF1ab:cds-YP_009724389.1	GAC	D	GTC	V	203
NC_045512.2	873	A	T	33110	21609	41	5	2	28	0.000150948	33124	1	FALSE	ORF1ab:cds-YP_009725295.1	GAC	D	GTC	V	203
NC_045512.2	873	A	G	33110	21609	41	7	6	37	0.000211327	33124	0.999996	FALSE	ORF1ab:cds-YP_009724389.1	GAC	D	GGC	G	203
NC_045512.2	873	A	G	33110	21609	41	7	6	37	0.000211327	33124	0.999996	FALSE	ORF1ab:cds-YP_009725295.1	GAC	D	GGC	G	203
NC_045512.2	873	A	C	33110	21609	41	2	2	31	6.03792e-05	33124	1	FALSE	ORF1ab:cds-YP_009724389.1	GAC	D	GCC	A	203
NC_045512.2	873	A	C	33110	21609	41	2	2	31	6.03792e-05	33124	1	FALSE	ORF1ab:cds-YP_009725295.1	GAC	D	GCC	A	203
NC_045512.2	874	C	T	33575	21815	41	2	2	37	5.9561e-05	33579	1	FALSE	ORF1ab:cds-YP_009724389.1	GAC	D	GAT	D	203
NC_045512.2	874	C	T	33575	21815	41	2	2	37	5.9561e-05	33579	1	FALSE	ORF1ab:cds-YP_009725295.1	GAC	D	GAT	D	203
NC_045512.2	874	C	A	33575	21815	41	2	2	25	5.9561e-05	33579	1	FALSE	ORF1ab:cds-YP_009724389.1	GAC	D	GAA	E	203
NC_045512.2	874	C	A	33575	21815	41	2	2	25	5.9561e-05	33579	1	FALSE	ORF1ab:cds-YP_009725295.1	GAC	D	GAA	E	203
NC_045512.2	875	C	T	32903	21724	40	1	0	37	3.03877e-05	32908	1	FALSE	ORF1ab:cds-YP_009724389.1	CTT	L	TTT	F	204
NC_045512.2	875	C	T	32903	21724	40	1	0	37	3.03877e-05	32908	1	FALSE	ORF1ab:cds-YP_009725295.1	CTT	L	TTT	F	204
NC_045512.2	875	C	A	32903	21724	40	4	2	34	0.000121551	32908	1	FALSE	ORF1ab:cds-YP_009724389.1	CTT	L	ATT	I	204
NC_045512.2	875	C	A	32903	21724	40	4	2	34	0.000121551	32908	1	FALSE	ORF1ab:cds-YP_009725295.1	CTT	L	ATT	I	204
NC_045512.2	875	C	-T	32903	21724	40	1	0	20	3.03877e-05	32908	1	FALSE	NA	NA	NA	NA	NA	NA
NC_045512.2	876	T	G	32236	21186	40	7	3	29	0.000217027	32254	1	FALSE	ORF1ab:cds-YP_009724389.1	CTT	L	CGT	R	204
NC_045512.2	876	T	G	32236	21186	40	7	3	29	0.000217027	32254	1	FALSE	ORF1ab:cds-YP_009725295.1	CTT	L	CGT	R	204
NC_045512.2	876	T	C	32236	21186	40	7	1	35	0.000217027	32254	0.999993	FALSE	ORF1ab:cds-YP_009724389.1	CTT	L	CCT	P	204
NC_045512.2	876	T	C	32236	21186	40	7	1	35	0.000217027	32254	0.999993	FALSE	ORF1ab:cds-YP_009725295.1	CTT	L	CCT	P	204
NC_045512.2	876	T	A	32236	21186	40	4	3	34	0.000124016	32254	1	FALSE	ORF1ab:cds-YP_009724389.1	CTT	L	CAT	H	204
NC_045512.2	876	T	A	32236	21186	40	4	3	34	0.000124016	32254	1	FALSE	ORF1ab:cds-YP_009725295.1	CTT	L	CAT	H	204
NC_045512.2	877	T	G	32302	21229	40	3	1	26	9.28563e-05	32308	1	FALSE	ORF1ab:cds-YP_009724389.1	CTT	L	CTG	L	204
NC_045512.2	877	T	G	32302	21229	40	3	1	26	9.28563e-05	32308	1	FALSE	ORF1ab:cds-YP_009725295.1	CTT	L	CTG	L	204
NC_045512.2	877	T	C	32302	21229	40	1	1	37	3.09521e-05	32308	1	FALSE	ORF1ab:cds-YP_009724389.1	CTT	L	CTC	L	204
NC_045512.2	877	T	C	32302	21229	40	1	1	37	3.09521e-05	32308	1	FALSE	ORF1ab:cds-YP_009725295.1	CTT	L	CTC	L	204
NC_045512.2	877	T	A	32302	21229	40	2	1	49	6.19042e-05	32308	0.812481	FALSE	ORF1ab:cds-YP_009724389.1	CTT	L	CTA	L	204
NC_045512.2	877	T	A	32302	21229	40	2	1	49	6.19042e-05	32308	0.812481	FALSE	ORF1ab:cds-YP_009725295.1	CTT	L	CTA	L	204
NC_045512.2	878	C	T	33491	22238	41	1	1	25	2.98552e-05	33495	1	FALSE	ORF1ab:cds-YP_009724389.1	CTA	L	TTA	L	205
NC_045512.2	878	C	T	33491	22238	41	1	1	25	2.98552e-05	33495	1	FALSE	ORF1ab:cds-YP_009725295.1	CTA	L	TTA	L	205
NC_045512.2	878	C	A	33491	22238	41	3	1	29	8.95656e-05	33495	1	FALSE	ORF1ab:cds-YP_009724389.1	CTA	L	ATA	I	205
NC_045512.2	878	C	A	33491	22238	41	3	1	29	8.95656e-05	33495	1	FALSE	ORF1ab:cds-YP_009725295.1	CTA	L	ATA	I	205
NC_045512.2	879	T	G	31864	20588	40	23	23	28	0.000721116	31895	1	FALSE	ORF1ab:cds-YP_009724389.1	CTA	L	CGA	R	205
NC_045512.2	879	T	G	31864	20588	40	23	23	28	0.000721116	31895	1	FALSE	ORF1ab:cds-YP_009725295.1	CTA	L	CGA	R	205
NC_045512.2	879	T	C	31864	20588	40	8	5	41	0.000250823	31895	0.113039	FALSE	ORF1ab:cds-YP_009724389.1	CTA	L	CCA	P	205
NC_045512.2	879	T	C	31864	20588	40	8	5	41	0.000250823	31895	0.113039	FALSE	ORF1ab:cds-YP_009725295.1	CTA	L	CCA	P	205
NC_045512.2	880	A	G	31862	21316	39	3	1	37	9.41147e-05	31876	1	FALSE	ORF1ab:cds-YP_009724389.1	CTA	L	CTG	L	205
NC_045512.2	880	A	G	31862	21316	39	3	1	37	9.41147e-05	31876	1	FALSE	ORF1ab:cds-YP_009725295.1	CTA	L	CTG	L	205
NC_045512.2	880	A	C	31862	21316	39	11	1	30	0.000345087	31876	0.999531	FALSE	ORF1ab:cds-YP_009724389.1	CTA	L	CTC	L	205
NC_045512.2	880	A	C	31862	21316	39	11	1	30	0.000345087	31876	0.999531	FALSE	ORF1ab:cds-YP_009725295.1	CTA	L	CTC	L	205
NC_045512.2	881	G	T	32778	21778	40	2	1	49	6.10016e-05	32786	0.812462	FALSE	ORF1ab:cds-YP_009724389.1	GCA	A	TCA	S	206
NC_045512.2	881	G	T	32778	21778	40	2	1	49	6.10016e-05	32786	0.812462	FALSE	ORF1ab:cds-YP_009725295.1	GCA	A	TCA	S	206
NC_045512.2	881	G	A	32778	21778	40	6	4	43	0.000183005	32786	0.253876	FALSE	ORF1ab:cds-YP_009724389.1	GCA	A	ACA	T	206
NC_045512.2	881	G	A	32778	21778	40	6	4	43	0.000183005	32786	0.253876	FALSE	ORF1ab:cds-YP_009725295.1	GCA	A	ACA	T	206
NC_045512.2	882	C	T	33305	22411	40	15	12	36	0.000450153	33322	0.99725	FALSE	ORF1ab:cds-YP_009724389.1	GCA	A	GTA	V	206
NC_045512.2	882	C	T	33305	22411	40	15	12	36	0.000450153	33322	0.99725	FALSE	ORF1ab:cds-YP_009725295.1	GCA	A	GTA	V	206
NC_045512.2	882	C	G	33305	22411	40	2	0	37	6.00204e-05	33322	1	FALSE	ORF1ab:cds-YP_009724389.1	GCA	A	GGA	G	206
NC_045512.2	882	C	G	33305	22411	40	2	0	37	6.00204e-05	33322	1	FALSE	ORF1ab:cds-YP_009725295.1	GCA	A	GGA	G	206
NC_045512.2	882	C	-A	33305	22411	40	1	0	20	3.00102e-05	33322	1	FALSE	NA	NA	NA	NA	NA	NA
NC_045512.2	883	A	T	32208	21434	40	1	1	25	3.10453e-05	32211	1	FALSE	ORF1ab:cds-YP_009724389.1	GCA	A	GCT	A	206
NC_045512.2	883	A	T	32208	21434	40	1	1	25	3.10453e-05	32211	1	FALSE	ORF1ab:cds-YP_009725295.1	GCA	A	GCT	A	206
NC_045512.2	883	A	G	32208	21434	40	2	1	42	6.20906e-05	32211	0.8125	FALSE	ORF1ab:cds-YP_009724389.1	GCA	A	GCG	A	206
NC_045512.2	883	A	G	32208	21434	40	2	1	42	6.20906e-05	32211	0.8125	FALSE	ORF1ab:cds-YP_009725295.1	GCA	A	GCG	A	206
NC_045512.2	884	C	T	32619	21753	41	2	2	55	6.13064e-05	32623	0.249989	FALSE	ORF1ab:cds-YP_009724389.1	CGT	R	TGT	C	207
NC_045512.2	884	C	T	32619	21753	41	2	2	55	6.13064e-05	32623	0.249989	FALSE	ORF1ab:cds-YP_009725295.1	CGT	R	TGT	C	207
NC_045512.2	884	C	A	32619	21753	41	2	1	49	6.13064e-05	32623	0.8125	FALSE	ORF1ab:cds-YP_009724389.1	CGT	R	AGT	S	207
NC_045512.2	884	C	A	32619	21753	41	2	1	49	6.13064e-05	32623	0.8125	FALSE	ORF1ab:cds-YP_009725295.1	CGT	R	AGT	S	207
NC_045512.2	885	G	T	32638	21838	41	2	1	37	6.12651e-05	32645	1	FALSE	ORF1ab:cds-YP_009724389.1	CGT	R	CTT	L	207
NC_045512.2	885	G	T	32638	21838	41	2	1	37	6.12651e-05	32645	1	FALSE	ORF1ab:cds-YP_009725295.1	CGT	R	CTT	L	207
NC_045512.2	885	G	A	32638	21838	41	5	3	37	0.000153163	32645	0.999999	FALSE	ORF1ab:cds-YP_009724389.1	CGT	R	CAT	H	207
NC_045512.2	885	G	A	32638	21838	41	5	3	37	0.000153163	32645	0.999999	FALSE	ORF1ab:cds-YP_009725295.1	CGT	R	CAT	H	207
NC_045512.2	886	T	G	32407	21727	41	1	0	25	3.08537e-05	32411	1	FALSE	ORF1ab:cds-YP_009724389.1	CGT	R	CGG	R	207
NC_045512.2	886	T	G	32407	21727	41	1	0	25	3.08537e-05	32411	1	FALSE	ORF1ab:cds-YP_009725295.1	CGT	R	CGG	R	207
NC_045512.2	886	T	C	32407	21727	41	2	2	31	6.17074e-05	32411	1	FALSE	ORF1ab:cds-YP_009724389.1	CGT	R	CGC	R	207
NC_045512.2	886	T	C	32407	21727	41	2	2	31	6.17074e-05	32411	1	FALSE	ORF1ab:cds-YP_009725295.1	CGT	R	CGC	R	207
NC_045512.2	886	T	A	32407	21727	41	1	1	25	3.08537e-05	32411	1	FALSE	ORF1ab:cds-YP_009724389.1	CGT	R	CGA	R	207
NC_045512.2	886	T	A	32407	21727	41	1	1	25	3.08537e-05	32411	1	FALSE	ORF1ab:cds-YP_009725295.1	CGT	R	CGA	R	207
NC_045512.2	887	G	T	32304	21783	40	2	2	31	6.18716e-05	32325	1	FALSE	ORF1ab:cds-YP_009724389.1	GCT	A	TCT	S	208
NC_045512.2	887	G	T	32304	21783	40	2	2	31	6.18716e-05	32325	1	FALSE	ORF1ab:cds-YP_009725295.1	GCT	A	TCT	S	208
NC_045512.2	887	G	A	32304	21783	40	19	10	42	0.00058778	32325	0.000426806	TRUE	ORF1ab:cds-YP_009724389.1	GCT	A	ACT	T	208
NC_045512.2	887	G	A	32304	21783	40	19	10	42	0.00058778	32325	0.000426806	TRUE	ORF1ab:cds-YP_009725295.1	GCT	A	ACT	T	208
NC_045512.2	888	C	T	32374	22130	40	32	20	39	0.000987441	32407	0.549698	FALSE	ORF1ab:cds-YP_009724389.1	GCT	A	GTT	V	208
NC_045512.2	888	C	T	32374	22130	40	32	20	39	0.000987441	32407	0.549698	FALSE	ORF1ab:cds-YP_009725295.1	GCT	A	GTT	V	208
NC_045512.2	888	C	A	32374	22130	40	1	1	37	3.08575e-05	32407	1	FALSE	ORF1ab:cds-YP_009724389.1	GCT	A	GAT	D	208
NC_045512.2	888	C	A	32374	22130	40	1	1	37	3.08575e-05	32407	1	FALSE	ORF1ab:cds-YP_009725295.1	GCT	A	GAT	D	208
NC_045512.2	889	T	G	28771	18628	39	41	41	27	0.00142252	28822	1	FALSE	ORF1ab:cds-YP_009724389.1	GCT	A	GCG	A	208
NC_045512.2	889	T	G	28771	18628	39	41	41	27	0.00142252	28822	1	FALSE	ORF1ab:cds-YP_009725295.1	GCT	A	GCG	A	208
NC_045512.2	889	T	C	28771	18628	39	9	7	41	0.000312261	28822	0.0325306	FALSE	ORF1ab:cds-YP_009724389.1	GCT	A	GCC	A	208
NC_045512.2	889	T	C	28771	18628	39	9	7	41	0.000312261	28822	0.0325306	FALSE	ORF1ab:cds-YP_009725295.1	GCT	A	GCC	A	208
NC_045512.2	889	T	A	28771	18628	39	1	1	25	3.46957e-05	28822	1	FALSE	ORF1ab:cds-YP_009724389.1	GCT	A	GCA	A	208
NC_045512.2	889	T	A	28771	18628	39	1	1	25	3.46957e-05	28822	1	FALSE	ORF1ab:cds-YP_009725295.1	GCT	A	GCA	A	208
NC_045512.2	890	G	T	32917	22209	40	2	0	31	6.07497e-05	32922	1	FALSE	ORF1ab:cds-YP_009724389.1	GGT	G	TGT	C	209
NC_045512.2	890	G	T	32917	22209	40	2	0	31	6.07497e-05	32922	1	FALSE	ORF1ab:cds-YP_009725295.1	GGT	G	TGT	C	209
NC_045512.2	890	G	A	32917	22209	40	3	2	37	9.11245e-05	32922	1	FALSE	ORF1ab:cds-YP_009724389.1	GGT	G	AGT	S	209
NC_045512.2	890	G	A	32917	22209	40	3	2	37	9.11245e-05	32922	1	FALSE	ORF1ab:cds-YP_009725295.1	GGT	G	AGT	S	209
NC_045512.2	891	G	T	32936	22267	40	3	3	45	9.10526e-05	32948	0.656143	FALSE	ORF1ab:cds-YP_009724389.1	GGT	G	GTT	V	209
NC_045512.2	891	G	T	32936	22267	40	3	3	45	9.10526e-05	32948	0.656143	FALSE	ORF1ab:cds-YP_009725295.1	GGT	G	GTT	V	209
NC_045512.2	891	G	A	32936	22267	40	9	7	41	0.000273158	32948	0.072965	FALSE	ORF1ab:cds-YP_009724389.1	GGT	G	GAT	D	209
NC_045512.2	891	G	A	32936	22267	40	9	7	41	0.000273158	32948	0.072965	FALSE	ORF1ab:cds-YP_009725295.1	GGT	G	GAT	D	209
NC_045512.2	892	T	G	32551	22050	40	4	4	28	0.000122854	32559	1	FALSE	ORF1ab:cds-YP_009724389.1	GGT	G	GGG	G	209
NC_045512.2	892	T	G	32551	22050	40	4	4	28	0.000122854	32559	1	FALSE	ORF1ab:cds-YP_009725295.1	GGT	G	GGG	G	209
NC_045512.2	892	T	C	32551	22050	40	4	4	37	0.000122854	32559	1	FALSE	ORF1ab:cds-YP_009724389.1	GGT	G	GGC	G	209
NC_045512.2	892	T	C	32551	22050	40	4	4	37	0.000122854	32559	1	FALSE	ORF1ab:cds-YP_009725295.1	GGT	G	GGC	G	209
NC_045512.2	892	T	-A	32551	22050	40	1	0	20	3.07135e-05	32559	1	FALSE	NA	NA	NA	NA	NA	NA
NC_045512.2	893	A	T	33196	23204	40	1	1	25	3.01178e-05	33203	1	FALSE	ORF1ab:cds-YP_009724389.1	AAA	K	TAA	*	210
NC_045512.2	893	A	T	33196	23204	40	1	1	25	3.01178e-05	33203	1	FALSE	ORF1ab:cds-YP_009725295.1	AAA	K	TAA	*	210
NC_045512.2	893	A	G	33196	23204	40	1	1	37	3.01178e-05	33203	1	FALSE	ORF1ab:cds-YP_009724389.1	AAA	K	GAA	E	210
NC_045512.2	893	A	G	33196	23204	40	1	1	37	3.01178e-05	33203	1	FALSE	ORF1ab:cds-YP_009725295.1	AAA	K	GAA	E	210
NC_045512.2	893	A	C	33196	23204	40	5	2	34	0.000150589	33203	1	FALSE	ORF1ab:cds-YP_009724389.1	AAA	K	CAA	Q	210
NC_045512.2	893	A	C	33196	23204	40	5	2	34	0.000150589	33203	1	FALSE	ORF1ab:cds-YP_009725295.1	AAA	K	CAA	Q	210
NC_045512.2	894	A	T	31711	22737	39	2	2	37	6.30517e-05	31720	1	FALSE	ORF1ab:cds-YP_009724389.1	AAA	K	ATA	I	210
NC_045512.2	894	A	T	31711	22737	39	2	2	37	6.30517e-05	31720	1	FALSE	ORF1ab:cds-YP_009725295.1	AAA	K	ATA	I	210
NC_045512.2	894	A	G	31711	22737	39	2	2	37	6.30517e-05	31720	1	FALSE	ORF1ab:cds-YP_009724389.1	AAA	K	AGA	R	210
NC_045512.2	894	A	G	31711	22737	39	2	2	37	6.30517e-05	31720	1	FALSE	ORF1ab:cds-YP_009725295.1	AAA	K	AGA	R	210
NC_045512.2	894	A	C	31711	22737	39	5	4	28	0.000157629	31720	1	FALSE	ORF1ab:cds-YP_009724389.1	AAA	K	ACA	T	210
NC_045512.2	894	A	C	31711	22737	39	5	4	28	0.000157629	31720	1	FALSE	ORF1ab:cds-YP_009725295.1	AAA	K	ACA	T	210
NC_045512.2	895	A	G	31995	22949	40	10	7	39	0.000312412	32009	0.999865	FALSE	ORF1ab:cds-YP_009724389.1	AAA	K	AAG	K	210
NC_045512.2	895	A	G	31995	22949	40	10	7	39	0.000312412	32009	0.999865	FALSE	ORF1ab:cds-YP_009725295.1	AAA	K	AAG	K	210
NC_045512.2	895	A	C	31995	22949	40	4	3	29	0.000124965	32009	1	FALSE	ORF1ab:cds-YP_009724389.1	AAA	K	AAC	N	210
NC_045512.2	895	A	C	31995	22949	40	4	3	29	0.000124965	32009	1	FALSE	ORF1ab:cds-YP_009725295.1	AAA	K	AAC	N	210
NC_045512.2	895	A	-G	31995	22949	40	1	0	20	3.12412e-05	32009	1	FALSE	NA	NA	NA	NA	NA	NA
NC_045512.2	896	G	A	32725	23577	40	21	18	41	0.0006413	32746	0.000138252	TRUE	ORF1ab:cds-YP_009724389.1	GCT	A	ACT	T	211
NC_045512.2	896	G	A	32725	23577	40	21	18	41	0.0006413	32746	0.000138252	TRUE	ORF1ab:cds-YP_009725295.1	GCT	A	ACT	T	211
NC_045512.2	897	C	T	32896	23974	40	6	2	39	0.000182349	32904	0.999998	FALSE	ORF1ab:cds-YP_009724389.1	GCT	A	GTT	V	211
NC_045512.2	897	C	T	32896	23974	40	6	2	39	0.000182349	32904	0.999998	FALSE	ORF1ab:cds-YP_009725295.1	GCT	A	GTT	V	211
NC_045512.2	897	C	A	32896	23974	40	2	1	37	6.07829e-05	32904	1	FALSE	ORF1ab:cds-YP_009724389.1	GCT	A	GAT	D	211
NC_045512.2	897	C	A	32896	23974	40	2	1	37	6.07829e-05	32904	1	FALSE	ORF1ab:cds-YP_009725295.1	GCT	A	GAT	D	211
NC_045512.2	898	T	G	31362	22420	40	3	3	26	9.56114e-05	31377	1	FALSE	ORF1ab:cds-YP_009724389.1	GCT	A	GCG	A	211
NC_045512.2	898	T	G	31362	22420	40	3	3	26	9.56114e-05	31377	1	FALSE	ORF1ab:cds-YP_009725295.1	GCT	A	GCG	A	211
NC_045512.2	898	T	C	31362	22420	40	8	3	40	0.000254964	31377	0.113199	FALSE	ORF1ab:cds-YP_009724389.1	GCT	A	GCC	A	211
NC_045512.2	898	T	C	31362	22420	40	8	3	40	0.000254964	31377	0.113199	FALSE	ORF1ab:cds-YP_009725295.1	GCT	A	GCC	A	211
NC_045512.2	898	T	A	31362	22420	40	4	1	42	0.000127482	31377	0.499826	FALSE	ORF1ab:cds-YP_009724389.1	GCT	A	GCA	A	211
NC_045512.2	898	T	A	31362	22420	40	4	1	42	0.000127482	31377	0.499826	FALSE	ORF1ab:cds-YP_009725295.1	GCT	A	GCA	A	211
NC_045512.2	899	T	G	31084	22330	40	2	2	31	6.43252e-05	31092	1	FALSE	ORF1ab:cds-YP_009724389.1	TCA	S	GCA	A	212
NC_045512.2	899	T	G	31084	22330	40	2	2	31	6.43252e-05	31092	1	FALSE	ORF1ab:cds-YP_009725295.1	TCA	S	GCA	A	212
NC_045512.2	899	T	C	31084	22330	40	3	2	32	9.64878e-05	31092	1	FALSE	ORF1ab:cds-YP_009724389.1	TCA	S	CCA	P	212
NC_045512.2	899	T	C	31084	22330	40	3	2	32	9.64878e-05	31092	1	FALSE	ORF1ab:cds-YP_009725295.1	TCA	S	CCA	P	212
NC_045512.2	899	T	A	31084	22330	40	3	2	25	9.64878e-05	31092	1	FALSE	ORF1ab:cds-YP_009724389.1	TCA	S	ACA	T	212
NC_045512.2	899	T	A	31084	22330	40	3	2	25	9.64878e-05	31092	1	FALSE	ORF1ab:cds-YP_009725295.1	TCA	S	ACA	T	212
NC_045512.2	900	C	T	31574	22747	40	1	1	37	3.16706e-05	31575	1	FALSE	ORF1ab:cds-YP_009724389.1	TCA	S	TTA	L	212
NC_045512.2	900	C	T	31574	22747	40	1	1	37	3.16706e-05	31575	1	FALSE	ORF1ab:cds-YP_009725295.1	TCA	S	TTA	L	212
NC_045512.2	901	A	T	30592	21902	39	1	1	37	3.26712e-05	30608	1	FALSE	ORF1ab:cds-YP_009724389.1	TCA	S	TCT	S	212
NC_045512.2	901	A	T	30592	21902	39	1	1	37	3.26712e-05	30608	1	FALSE	ORF1ab:cds-YP_009725295.1	TCA	S	TCT	S	212
NC_045512.2	901	A	G	30592	21902	39	9	7	38	0.000294041	30608	0.999853	FALSE	ORF1ab:cds-YP_009724389.1	TCA	S	TCG	S	212
NC_045512.2	901	A	G	30592	21902	39	9	7	38	0.000294041	30608	0.999853	FALSE	ORF1ab:cds-YP_009725295.1	TCA	S	TCG	S	212
NC_045512.2	901	A	C	30592	21902	39	6	6	29	0.000196027	30608	1	FALSE	ORF1ab:cds-YP_009724389.1	TCA	S	TCC	S	212
NC_045512.2	901	A	C	30592	21902	39	6	6	29	0.000196027	30608	1	FALSE	ORF1ab:cds-YP_009725295.1	TCA	S	TCC	S	212
NC_045512.2	902	T	G	30554	21909	40	1	1	25	3.27204e-05	30562	1	FALSE	ORF1ab:cds-YP_009724389.1	TGC	C	GGC	G	213
NC_045512.2	902	T	G	30554	21909	40	1	1	25	3.27204e-05	30562	1	FALSE	ORF1ab:cds-YP_009725295.1	TGC	C	GGC	G	213
NC_045512.2	902	T	C	30554	21909	40	6	4	47	0.000196322	30562	0.253874	FALSE	ORF1ab:cds-YP_009724389.1	TGC	C	CGC	R	213
NC_045512.2	902	T	C	30554	21909	40	6	4	47	0.000196322	30562	0.253874	FALSE	ORF1ab:cds-YP_009725295.1	TGC	C	CGC	R	213
NC_045512.2	902	T	A	30554	21909	40	1	0	25	3.27204e-05	30562	1	FALSE	ORF1ab:cds-YP_009724389.1	TGC	C	AGC	S	213
NC_045512.2	902	T	A	30554	21909	40	1	0	25	3.27204e-05	30562	1	FALSE	ORF1ab:cds-YP_009725295.1	TGC	C	AGC	S	213
NC_045512.2	903	G	T	31202	22546	40	1	1	25	3.20266e-05	31224	1	FALSE	ORF1ab:cds-YP_009724389.1	TGC	C	TTC	F	213
NC_045512.2	903	G	T	31202	22546	40	1	1	25	3.20266e-05	31224	1	FALSE	ORF1ab:cds-YP_009725295.1	TGC	C	TTC	F	213
NC_045512.2	903	G	A	31202	22546	40	21	15	41	0.00067256	31224	0.000138236	TRUE	ORF1ab:cds-YP_009724389.1	TGC	C	TAC	Y	213
NC_045512.2	903	G	A	31202	22546	40	21	15	41	0.00067256	31224	0.000138236	TRUE	ORF1ab:cds-YP_009725295.1	TGC	C	TAC	Y	213
NC_045512.2	904	C	T	32198	24101	40	37	27	39	0.00114775	32237	0.31509	FALSE	ORF1ab:cds-YP_009724389.1	TGC	C	TGT	C	213
NC_045512.2	904	C	T	32198	24101	40	37	27	39	0.00114775	32237	0.31509	FALSE	ORF1ab:cds-YP_009725295.1	TGC	C	TGT	C	213
NC_045512.2	904	C	G	32198	24101	40	1	1	37	3.10203e-05	32237	1	FALSE	ORF1ab:cds-YP_009724389.1	TGC	C	TGG	W	213
NC_045512.2	904	C	G	32198	24101	40	1	1	37	3.10203e-05	32237	1	FALSE	ORF1ab:cds-YP_009725295.1	TGC	C	TGG	W	213
NC_045512.2	904	C	A	32198	24101	40	1	1	25	3.10203e-05	32237	1	FALSE	ORF1ab:cds-YP_009724389.1	TGC	C	TGA	*	213
NC_045512.2	904	C	A	32198	24101	40	1	1	25	3.10203e-05	32237	1	FALSE	ORF1ab:cds-YP_009725295.1	TGC	C	TGA	*	213
NC_045512.2	905	A	T	31296	23414	40	1	1	25	3.19417e-05	31307	1	FALSE	ORF1ab:cds-YP_009724389.1	ACT	T	TCT	S	214
NC_045512.2	905	A	T	31296	23414	40	1	1	25	3.19417e-05	31307	1	FALSE	ORF1ab:cds-YP_009725295.1	ACT	T	TCT	S	214
NC_045512.2	905	A	G	31296	23414	40	2	2	37	6.38835e-05	31307	1	FALSE	ORF1ab:cds-YP_009724389.1	ACT	T	GCT	A	214
NC_045512.2	905	A	G	31296	23414	40	2	2	37	6.38835e-05	31307	1	FALSE	ORF1ab:cds-YP_009725295.1	ACT	T	GCT	A	214
NC_045512.2	905	A	C	31296	23414	40	8	1	37	0.000255534	31307	0.999965	FALSE	ORF1ab:cds-YP_009724389.1	ACT	T	CCT	P	214
NC_045512.2	905	A	C	31296	23414	40	8	1	37	0.000255534	31307	0.999965	FALSE	ORF1ab:cds-YP_009725295.1	ACT	T	CCT	P	214
NC_045512.2	906	C	T	30305	24191	39	2	2	37	6.59892e-05	30308	1	FALSE	ORF1ab:cds-YP_009724389.1	ACT	T	ATT	I	214
NC_045512.2	906	C	T	30305	24191	39	2	2	37	6.59892e-05	30308	1	FALSE	ORF1ab:cds-YP_009725295.1	ACT	T	ATT	I	214
NC_045512.2	906	C	A	30305	24191	39	1	0	25	3.29946e-05	30308	1	FALSE	ORF1ab:cds-YP_009724389.1	ACT	T	AAT	N	214
NC_045512.2	906	C	A	30305	24191	39	1	0	25	3.29946e-05	30308	1	FALSE	ORF1ab:cds-YP_009725295.1	ACT	T	AAT	N	214
NC_045512.2	906	C	-T	30305	24191	39	1	0	20	3.29946e-05	30308	1	FALSE	NA	NA	NA	NA	NA	NA
NC_045512.2	907	T	G	29894	23896	39	1	1	37	3.34471e-05	29898	1	FALSE	ORF1ab:cds-YP_009724389.1	ACT	T	ACG	T	214
NC_045512.2	907	T	G	29894	23896	39	1	1	37	3.34471e-05	29898	1	FALSE	ORF1ab:cds-YP_009725295.1	ACT	T	ACG	T	214
NC_045512.2	907	T	C	29894	23896	39	1	1	37	3.34471e-05	29898	1	FALSE	ORF1ab:cds-YP_009724389.1	ACT	T	ACC	T	214
NC_045512.2	907	T	C	29894	23896	39	1	1	37	3.34471e-05	29898	1	FALSE	ORF1ab:cds-YP_009725295.1	ACT	T	ACC	T	214
NC_045512.2	907	T	A	29894	23896	39	2	2	37	6.68941e-05	29898	1	FALSE	ORF1ab:cds-YP_009724389.1	ACT	T	ACA	T	214
NC_045512.2	907	T	A	29894	23896	39	2	2	37	6.68941e-05	29898	1	FALSE	ORF1ab:cds-YP_009725295.1	ACT	T	ACA	T	214
NC_045512.2	908	T	C	29857	23873	39	6	5	35	0.000200918	29863	0.999989	FALSE	ORF1ab:cds-YP_009724389.1	TTG	L	CTG	L	215
NC_045512.2	908	T	C	29857	23873	39	6	5	35	0.000200918	29863	0.999989	FALSE	ORF1ab:cds-YP_009725295.1	TTG	L	CTG	L	215
NC_045512.2	909	T	G	30382	24487	39	2	2	25	6.58176e-05	30387	1	FALSE	ORF1ab:cds-YP_009724389.1	TTG	L	TGG	W	215
NC_045512.2	909	T	G	30382	24487	39	2	2	25	6.58176e-05	30387	1	FALSE	ORF1ab:cds-YP_009725295.1	TTG	L	TGG	W	215
NC_045512.2	909	T	C	30382	24487	39	2	2	37	6.58176e-05	30387	1	FALSE	ORF1ab:cds-YP_009724389.1	TTG	L	TCG	S	215
NC_045512.2	909	T	C	30382	24487	39	2	2	37	6.58176e-05	30387	1	FALSE	ORF1ab:cds-YP_009725295.1	TTG	L	TCG	S	215
NC_045512.2	909	T	A	30382	24487	39	1	1	37	3.29088e-05	30387	1	FALSE	ORF1ab:cds-YP_009724389.1	TTG	L	TAG	*	215
NC_045512.2	909	T	A	30382	24487	39	1	1	37	3.29088e-05	30387	1	FALSE	ORF1ab:cds-YP_009725295.1	TTG	L	TAG	*	215
NC_045512.2	910	G	T	30930	25129	39	3	2	36	9.69681e-05	30938	1	FALSE	ORF1ab:cds-YP_009724389.1	TTG	L	TTT	F	215
NC_045512.2	910	G	T	30930	25129	39	3	2	36	9.69681e-05	30938	1	FALSE	ORF1ab:cds-YP_009725295.1	TTG	L	TTT	F	215
NC_045512.2	910	G	A	30930	25129	39	5	3	49	0.000161614	30938	0.363237	FALSE	ORF1ab:cds-YP_009724389.1	TTG	L	TTA	L	215
NC_045512.2	910	G	A	30930	25129	39	5	3	49	0.000161614	30938	0.363237	FALSE	ORF1ab:cds-YP_009725295.1	TTG	L	TTA	L	215
NC_045512.2	911	T	G	30611	24813	39	1	1	25	3.26595e-05	30619	1	FALSE	ORF1ab:cds-YP_009724389.1	TCC	S	GCC	A	216
NC_045512.2	911	T	G	30611	24813	39	1	1	25	3.26595e-05	30619	1	FALSE	ORF1ab:cds-YP_009725295.1	TCC	S	GCC	A	216
NC_045512.2	911	T	C	30611	24813	39	7	5	42	0.000228616	30619	0.171855	FALSE	ORF1ab:cds-YP_009724389.1	TCC	S	CCC	P	216
NC_045512.2	911	T	C	30611	24813	39	7	5	42	0.000228616	30619	0.171855	FALSE	ORF1ab:cds-YP_009725295.1	TCC	S	CCC	P	216
NC_045512.2	912	C	T	30723	25079	39	5	3	37	0.000162713	30729	0.999998	FALSE	ORF1ab:cds-YP_009724389.1	TCC	S	TTC	F	216
NC_045512.2	912	C	T	30723	25079	39	5	3	37	0.000162713	30729	0.999998	FALSE	ORF1ab:cds-YP_009725295.1	TCC	S	TTC	F	216
NC_045512.2	912	C	A	30723	25079	39	1	1	37	3.25425e-05	30729	1	FALSE	ORF1ab:cds-YP_009724389.1	TCC	S	TAC	Y	216
NC_045512.2	912	C	A	30723	25079	39	1	1	37	3.25425e-05	30729	1	FALSE	ORF1ab:cds-YP_009725295.1	TCC	S	TAC	Y	216
NC_045512.2	913	C	T	30208	24637	39	1	1	37	3.30994e-05	30212	1	FALSE	ORF1ab:cds-YP_009724389.1	TCC	S	TCT	S	216
NC_045512.2	913	C	T	30208	24637	39	1	1	37	3.30994e-05	30212	1	FALSE	ORF1ab:cds-YP_009725295.1	TCC	S	TCT	S	216
NC_045512.2	913	C	A	30208	24637	39	3	2	33	9.92983e-05	30212	1	FALSE	ORF1ab:cds-YP_009724389.1	TCC	S	TCA	S	216
NC_045512.2	913	C	A	30208	24637	39	3	2	33	9.92983e-05	30212	1	FALSE	ORF1ab:cds-YP_009725295.1	TCC	S	TCA	S	216
NC_045512.2	914	G	T	31400	26059	40	1	1	37	3.1834e-05	31413	1	FALSE	ORF1ab:cds-YP_009724389.1	GAA	E	TAA	*	217
NC_045512.2	914	G	T	31400	26059	40	1	1	37	3.1834e-05	31413	1	FALSE	ORF1ab:cds-YP_009725295.1	GAA	E	TAA	*	217
NC_045512.2	914	G	A	31400	26059	40	12	10	46	0.000382007	31413	0.0175675	FALSE	ORF1ab:cds-YP_009724389.1	GAA	E	AAA	K	217
NC_045512.2	914	G	A	31400	26059	40	12	10	46	0.000382007	31413	0.0175675	FALSE	ORF1ab:cds-YP_009725295.1	GAA	E	AAA	K	217
NC_045512.2	915	A	T	30451	25170	39	1	0	25	3.28256e-05	30464	1	FALSE	ORF1ab:cds-YP_009724389.1	GAA	E	GTA	V	217
NC_045512.2	915	A	T	30451	25170	39	1	0	25	3.28256e-05	30464	1	FALSE	ORF1ab:cds-YP_009725295.1	GAA	E	GTA	V	217
NC_045512.2	915	A	G	30451	25170	39	5	5	34	0.000164128	30464	0.999998	FALSE	ORF1ab:cds-YP_009724389.1	GAA	E	GGA	G	217
NC_045512.2	915	A	G	30451	25170	39	5	5	34	0.000164128	30464	0.999998	FALSE	ORF1ab:cds-YP_009725295.1	GAA	E	GGA	G	217
NC_045512.2	915	A	C	30451	25170	39	7	7	25	0.000229779	30464	1	FALSE	ORF1ab:cds-YP_009724389.1	GAA	E	GCA	A	217
NC_045512.2	915	A	C	30451	25170	39	7	7	25	0.000229779	30464	1	FALSE	ORF1ab:cds-YP_009725295.1	GAA	E	GCA	A	217
NC_045512.2	916	A	G	30835	25910	39	11	10	34	0.000356425	30862	0.999273	FALSE	ORF1ab:cds-YP_009724389.1	GAA	E	GAG	E	217
NC_045512.2	916	A	G	30835	25910	39	11	10	34	0.000356425	30862	0.999273	FALSE	ORF1ab:cds-YP_009725295.1	GAA	E	GAG	E	217
NC_045512.2	916	A	C	30835	25910	39	16	15	26	0.000518437	30862	1	FALSE	ORF1ab:cds-YP_009724389.1	GAA	E	GAC	D	217
NC_045512.2	916	A	C	30835	25910	39	16	15	26	0.000518437	30862	1	FALSE	ORF1ab:cds-YP_009725295.1	GAA	E	GAC	D	217
NC_045512.2	917	C	T	32686	27710	40	3	3	33	9.1774e-05	32689	1	FALSE	ORF1ab:cds-YP_009724389.1	CAA	Q	TAA	*	218
NC_045512.2	917	C	T	32686	27710	40	3	3	33	9.1774e-05	32689	1	FALSE	ORF1ab:cds-YP_009725295.1	CAA	Q	TAA	*	218
NC_045512.2	918	A	G	32143	27238	40	3	3	49	9.33213e-05	32147	0.656243	FALSE	ORF1ab:cds-YP_009724389.1	CAA	Q	CGA	R	218
NC_045512.2	918	A	G	32143	27238	40	3	3	49	9.33213e-05	32147	0.656243	FALSE	ORF1ab:cds-YP_009725295.1	CAA	Q	CGA	R	218
NC_045512.2	918	A	C	32143	27238	40	1	0	25	3.11071e-05	32147	1	FALSE	ORF1ab:cds-YP_009724389.1	CAA	Q	CCA	P	218
NC_045512.2	918	A	C	32143	27238	40	1	0	25	3.11071e-05	32147	1	FALSE	ORF1ab:cds-YP_009725295.1	CAA	Q	CCA	P	218
NC_045512.2	919	A	G	31130	26299	39	4	4	43	0.000128436	31144	0.499842	FALSE	ORF1ab:cds-YP_009724389.1	CAA	Q	CAG	Q	218
NC_045512.2	919	A	G	31130	26299	39	4	4	43	0.000128436	31144	0.499842	FALSE	ORF1ab:cds-YP_009725295.1	CAA	Q	CAG	Q	218
NC_045512.2	919	A	C	31130	26299	39	10	5	27	0.000321089	31144	1	FALSE	ORF1ab:cds-YP_009724389.1	CAA	Q	CAC	H	218
NC_045512.2	919	A	C	31130	26299	39	10	5	27	0.000321089	31144	1	FALSE	ORF1ab:cds-YP_009725295.1	CAA	Q	CAC	H	218
NC_045512.2	920	C	T	32603	27712	40	4	4	37	0.000122669	32608	1	FALSE	ORF1ab:cds-YP_009724389.1	CTG	L	TTG	L	219
NC_045512.2	920	C	T	32603	27712	40	4	4	37	0.000122669	32608	1	FALSE	ORF1ab:cds-YP_009725295.1	CTG	L	TTG	L	219
NC_045512.2	920	C	A	32603	27712	40	1	1	25	3.06673e-05	32608	1	FALSE	ORF1ab:cds-YP_009724389.1	CTG	L	ATG	M	219
NC_045512.2	920	C	A	32603	27712	40	1	1	25	3.06673e-05	32608	1	FALSE	ORF1ab:cds-YP_009725295.1	CTG	L	ATG	M	219
NC_045512.2	921	T	G	32935	28241	40	3	2	31	9.10526e-05	32948	1	FALSE	ORF1ab:cds-YP_009724389.1	CTG	L	CGG	R	219
NC_045512.2	921	T	G	32935	28241	40	3	2	31	9.10526e-05	32948	1	FALSE	ORF1ab:cds-YP_009725295.1	CTG	L	CGG	R	219
NC_045512.2	921	T	C	32935	28241	40	7	6	40	0.000212456	32948	0.171794	FALSE	ORF1ab:cds-YP_009724389.1	CTG	L	CCG	P	219
NC_045512.2	921	T	C	32935	28241	40	7	6	40	0.000212456	32948	0.171794	FALSE	ORF1ab:cds-YP_009725295.1	CTG	L	CCG	P	219
NC_045512.2	921	T	A	32935	28241	40	3	1	29	9.10526e-05	32948	1	FALSE	ORF1ab:cds-YP_009724389.1	CTG	L	CAG	Q	219
NC_045512.2	921	T	A	32935	28241	40	3	1	29	9.10526e-05	32948	1	FALSE	ORF1ab:cds-YP_009725295.1	CTG	L	CAG	Q	219
NC_045512.2	922	G	T	32603	28194	39	2	2	31	6.13271e-05	32612	1	FALSE	ORF1ab:cds-YP_009724389.1	CTG	L	CTT	L	219
NC_045512.2	922	G	T	32603	28194	39	2	2	31	6.13271e-05	32612	1	FALSE	ORF1ab:cds-YP_009725295.1	CTG	L	CTT	L	219
NC_045512.2	922	G	A	32603	28194	39	7	7	33	0.000214645	32612	0.999993	FALSE	ORF1ab:cds-YP_009724389.1	CTG	L	CTA	L	219
NC_045512.2	922	G	A	32603	28194	39	7	7	33	0.000214645	32612	0.999993	FALSE	ORF1ab:cds-YP_009725295.1	CTG	L	CTA	L	219
NC_045512.2	923	G	T	33008	28647	40	2	2	31	6.05822e-05	33013	1	FALSE	ORF1ab:cds-YP_009724389.1	GAC	D	TAC	Y	220
NC_045512.2	923	G	T	33008	28647	40	2	2	31	6.05822e-05	33013	1	FALSE	ORF1ab:cds-YP_009725295.1	GAC	D	TAC	Y	220
NC_045512.2	923	G	A	33008	28647	40	3	3	37	9.08733e-05	33013	1	FALSE	ORF1ab:cds-YP_009724389.1	GAC	D	AAC	N	220
NC_045512.2	923	G	A	33008	28647	40	3	3	37	9.08733e-05	33013	1	FALSE	ORF1ab:cds-YP_009725295.1	GAC	D	AAC	N	220
NC_045512.2	924	A	G	32884	28538	40	9	4	49	0.000273614	32893	0.072987	FALSE	ORF1ab:cds-YP_009724389.1	GAC	D	GGC	G	220
NC_045512.2	924	A	G	32884	28538	40	9	4	49	0.000273614	32893	0.072987	FALSE	ORF1ab:cds-YP_009725295.1	GAC	D	GGC	G	220
NC_045512.2	925	C	T	33109	28836	40	1	1	37	3.02005e-05	33112	1	FALSE	ORF1ab:cds-YP_009724389.1	GAC	D	GAT	D	220
NC_045512.2	925	C	T	33109	28836	40	1	1	37	3.02005e-05	33112	1	FALSE	ORF1ab:cds-YP_009725295.1	GAC	D	GAT	D	220
NC_045512.2	925	C	A	33109	28836	40	2	2	37	6.04011e-05	33112	1	FALSE	ORF1ab:cds-YP_009724389.1	GAC	D	GAA	E	220
NC_045512.2	925	C	A	33109	28836	40	2	2	37	6.04011e-05	33112	1	FALSE	ORF1ab:cds-YP_009725295.1	GAC	D	GAA	E	220
NC_045512.2	926	T	C	33223	29163	40	6	5	43	0.00018056	33230	0.253891	FALSE	ORF1ab:cds-YP_009724389.1	TTT	F	CTT	L	221
NC_045512.2	926	T	C	33223	29163	40	6	5	43	0.00018056	33230	0.253891	FALSE	ORF1ab:cds-YP_009725295.1	TTT	F	CTT	L	221
NC_045512.2	926	T	A	33223	29163	40	1	1	37	3.00933e-05	33230	1	FALSE	ORF1ab:cds-YP_009724389.1	TTT	F	ATT	I	221
NC_045512.2	926	T	A	33223	29163	40	1	1	37	3.00933e-05	33230	1	FALSE	ORF1ab:cds-YP_009725295.1	TTT	F	ATT	I	221
NC_045512.2	927	T	G	33105	29120	40	4	1	38	0.000120809	33110	1	FALSE	ORF1ab:cds-YP_009724389.1	TTT	F	TGT	C	221
NC_045512.2	927	T	G	33105	29120	40	4	1	38	0.000120809	33110	1	FALSE	ORF1ab:cds-YP_009725295.1	TTT	F	TGT	C	221
NC_045512.2	927	T	C	33105	29120	40	1	1	37	3.02024e-05	33110	1	FALSE	ORF1ab:cds-YP_009724389.1	TTT	F	TCT	S	221
NC_045512.2	927	T	C	33105	29120	40	1	1	37	3.02024e-05	33110	1	FALSE	ORF1ab:cds-YP_009725295.1	TTT	F	TCT	S	221
NC_045512.2	928	T	G	33049	29000	40	3	1	24	9.07551e-05	33056	1	FALSE	ORF1ab:cds-YP_009724389.1	TTT	F	TTG	L	221
NC_045512.2	928	T	G	33049	29000	40	3	1	24	9.07551e-05	33056	1	FALSE	ORF1ab:cds-YP_009725295.1	TTT	F	TTG	L	221
NC_045512.2	928	T	C	33049	29000	40	4	4	34	0.000121007	33056	1	FALSE	ORF1ab:cds-YP_009724389.1	TTT	F	TTC	F	221
NC_045512.2	928	T	C	33049	29000	40	4	4	34	0.000121007	33056	1	FALSE	ORF1ab:cds-YP_009725295.1	TTT	F	TTC	F	221
NC_045512.2	929	A	T	32551	28537	40	1	1	37	3.07154e-05	32557	1	FALSE	ORF1ab:cds-YP_009724389.1	ATT	I	TTT	F	222
NC_045512.2	929	A	T	32551	28537	40	1	1	37	3.07154e-05	32557	1	FALSE	ORF1ab:cds-YP_009725295.1	ATT	I	TTT	F	222
NC_045512.2	929	A	G	32551	28537	40	4	4	37	0.000122861	32557	1	FALSE	ORF1ab:cds-YP_009724389.1	ATT	I	GTT	V	222
NC_045512.2	929	A	G	32551	28537	40	4	4	37	0.000122861	32557	1	FALSE	ORF1ab:cds-YP_009725295.1	ATT	I	GTT	V	222
NC_045512.2	929	A	C	32551	28537	40	1	1	25	3.07154e-05	32557	1	FALSE	ORF1ab:cds-YP_009724389.1	ATT	I	CTT	L	222
NC_045512.2	929	A	C	32551	28537	40	1	1	25	3.07154e-05	32557	1	FALSE	ORF1ab:cds-YP_009725295.1	ATT	I	CTT	L	222
NC_045512.2	930	T	G	32653	28889	40	4	3	28	0.000122466	32662	1	FALSE	ORF1ab:cds-YP_009724389.1	ATT	I	AGT	S	222
NC_045512.2	930	T	G	32653	28889	40	4	3	28	0.000122466	32662	1	FALSE	ORF1ab:cds-YP_009725295.1	ATT	I	AGT	S	222
NC_045512.2	930	T	C	32653	28889	40	3	3	37	9.18499e-05	32662	1	FALSE	ORF1ab:cds-YP_009724389.1	ATT	I	ACT	T	222
NC_045512.2	930	T	C	32653	28889	40	3	3	37	9.18499e-05	32662	1	FALSE	ORF1ab:cds-YP_009725295.1	ATT	I	ACT	T	222
NC_045512.2	930	T	A	32653	28889	40	2	2	37	6.12332e-05	32662	1	FALSE	ORF1ab:cds-YP_009724389.1	ATT	I	AAT	N	222
NC_045512.2	930	T	A	32653	28889	40	2	2	37	6.12332e-05	32662	1	FALSE	ORF1ab:cds-YP_009725295.1	ATT	I	AAT	N	222
NC_045512.2	931	T	G	32246	28534	40	7	7	28	0.000217	32258	1	FALSE	ORF1ab:cds-YP_009724389.1	ATT	I	ATG	M	222
NC_045512.2	931	T	G	32246	28534	40	7	7	28	0.000217	32258	1	FALSE	ORF1ab:cds-YP_009725295.1	ATT	I	ATG	M	222
NC_045512.2	931	T	C	32246	28534	40	4	3	40	0.000124	32258	0.499881	FALSE	ORF1ab:cds-YP_009724389.1	ATT	I	ATC	I	222
NC_045512.2	931	T	C	32246	28534	40	4	3	40	0.000124	32258	0.499881	FALSE	ORF1ab:cds-YP_009725295.1	ATT	I	ATC	I	222
NC_045512.2	931	T	A	32246	28534	40	1	1	37	3.10001e-05	32258	1	FALSE	ORF1ab:cds-YP_009724389.1	ATT	I	ATA	I	222
NC_045512.2	931	T	A	32246	28534	40	1	1	37	3.10001e-05	32258	1	FALSE	ORF1ab:cds-YP_009725295.1	ATT	I	ATA	I	222
NC_045512.2	932	G	A	33320	29643	40	2	2	37	6.00204e-05	33322	1	FALSE	ORF1ab:cds-YP_009724389.1	GAC	D	AAC	N	223
NC_045512.2	932	G	A	33320	29643	40	2	2	37	6.00204e-05	33322	1	FALSE	ORF1ab:cds-YP_009725295.1	GAC	D	AAC	N	223
NC_045512.2	933	A	T	31974	28547	40	2	2	31	6.25039e-05	31998	1	FALSE	ORF1ab:cds-YP_009724389.1	GAC	D	GTC	V	223
NC_045512.2	933	A	T	31974	28547	40	2	2	31	6.25039e-05	31998	1	FALSE	ORF1ab:cds-YP_009725295.1	GAC	D	GTC	V	223
NC_045512.2	933	A	G	31974	28547	40	17	17	36	0.000531283	31998	0.985354	FALSE	ORF1ab:cds-YP_009724389.1	GAC	D	GGC	G	223
NC_045512.2	933	A	G	31974	28547	40	17	17	36	0.000531283	31998	0.985354	FALSE	ORF1ab:cds-YP_009725295.1	GAC	D	GGC	G	223
NC_045512.2	933	A	C	31974	28547	40	5	5	27	0.00015626	31998	1	FALSE	ORF1ab:cds-YP_009724389.1	GAC	D	GCC	A	223
NC_045512.2	933	A	C	31974	28547	40	5	5	27	0.00015626	31998	1	FALSE	ORF1ab:cds-YP_009725295.1	GAC	D	GCC	A	223
NC_045512.2	934	C	T	33951	30590	40	10	7	40	0.000294438	33963	0.046122	FALSE	ORF1ab:cds-YP_009724389.1	GAC	D	GAT	D	223
NC_045512.2	934	C	T	33951	30590	40	10	7	40	0.000294438	33963	0.046122	FALSE	ORF1ab:cds-YP_009725295.1	GAC	D	GAT	D	223
NC_045512.2	934	C	A	33951	30590	40	2	2	37	5.88876e-05	33963	1	FALSE	ORF1ab:cds-YP_009724389.1	GAC	D	GAA	E	223
NC_045512.2	934	C	A	33951	30590	40	2	2	37	5.88876e-05	33963	1	FALSE	ORF1ab:cds-YP_009725295.1	GAC	D	GAA	E	223
NC_045512.2	935	A	T	32354	29032	40	5	5	29	0.000154464	32370	1	FALSE	ORF1ab:cds-YP_009724389.1	ACT	T	TCT	S	224
NC_045512.2	935	A	T	32354	29032	40	5	5	29	0.000154464	32370	1	FALSE	ORF1ab:cds-YP_009725295.1	ACT	T	TCT	S	224
NC_045512.2	935	A	G	32354	29032	40	2	2	31	6.17856e-05	32370	1	FALSE	ORF1ab:cds-YP_009724389.1	ACT	T	GCT	A	224
NC_045512.2	935	A	G	32354	29032	40	2	2	31	6.17856e-05	32370	1	FALSE	ORF1ab:cds-YP_009725295.1	ACT	T	GCT	A	224
NC_045512.2	935	A	C	32354	29032	40	9	9	26	0.000278035	32370	1	FALSE	ORF1ab:cds-YP_009724389.1	ACT	T	CCT	P	224
NC_045512.2	935	A	C	32354	29032	40	9	9	26	0.000278035	32370	1	FALSE	ORF1ab:cds-YP_009725295.1	ACT	T	CCT	P	224
NC_045512.2	936	C	T	33908	30731	40	3	3	37	8.84564e-05	33915	1	FALSE	ORF1ab:cds-YP_009724389.1	ACT	T	ATT	I	224
NC_045512.2	936	C	T	33908	30731	40	3	3	37	8.84564e-05	33915	1	FALSE	ORF1ab:cds-YP_009725295.1	ACT	T	ATT	I	224
NC_045512.2	936	C	G	33908	30731	40	1	1	37	2.94855e-05	33915	1	FALSE	ORF1ab:cds-YP_009724389.1	ACT	T	AGT	S	224
NC_045512.2	936	C	G	33908	30731	40	1	1	37	2.94855e-05	33915	1	FALSE	ORF1ab:cds-YP_009725295.1	ACT	T	AGT	S	224
NC_045512.2	936	C	A	33908	30731	40	3	3	27	8.84564e-05	33915	1	FALSE	ORF1ab:cds-YP_009724389.1	ACT	T	AAT	N	224
NC_045512.2	936	C	A	33908	30731	40	3	3	27	8.84564e-05	33915	1	FALSE	ORF1ab:cds-YP_009725295.1	ACT	T	AAT	N	224
NC_045512.2	937	T	G	33382	30228	40	1	1	25	2.99509e-05	33388	1	FALSE	ORF1ab:cds-YP_009724389.1	ACT	T	ACG	T	224
NC_045512.2	937	T	G	33382	30228	40	1	1	25	2.99509e-05	33388	1	FALSE	ORF1ab:cds-YP_009725295.1	ACT	T	ACG	T	224
NC_045512.2	937	T	C	33382	30228	40	4	3	30	0.000119804	33388	1	FALSE	ORF1ab:cds-YP_009724389.1	ACT	T	ACC	T	224
NC_045512.2	937	T	C	33382	30228	40	4	3	30	0.000119804	33388	1	FALSE	ORF1ab:cds-YP_009725295.1	ACT	T	ACC	T	224
NC_045512.2	937	T	A	33382	30228	40	1	0	29	2.99509e-05	33388	1	FALSE	ORF1ab:cds-YP_009724389.1	ACT	T	ACA	T	224
NC_045512.2	937	T	A	33382	30228	40	1	0	29	2.99509e-05	33388	1	FALSE	ORF1ab:cds-YP_009725295.1	ACT	T	ACA	T	224
NC_045512.2	937	T	-A	33382	30228	40	1	0	20	2.99509e-05	33388	1	FALSE	NA	NA	NA	NA	NA	NA
NC_045512.2	938	A	T	33366	30228	40	3	3	29	8.98823e-05	33377	1	FALSE	ORF1ab:cds-YP_009724389.1	AAG	K	TAG	*	225
NC_045512.2	938	A	T	33366	30228	40	3	3	29	8.98823e-05	33377	1	FALSE	ORF1ab:cds-YP_009725295.1	AAG	K	TAG	*	225
NC_045512.2	938	A	G	33366	30228	40	4	3	34	0.000119843	33377	1	FALSE	ORF1ab:cds-YP_009724389.1	AAG	K	GAG	E	225
NC_045512.2	938	A	G	33366	30228	40	4	3	34	0.000119843	33377	1	FALSE	ORF1ab:cds-YP_009725295.1	AAG	K	GAG	E	225
NC_045512.2	938	A	C	33366	30228	40	4	1	28	0.000119843	33377	1	FALSE	ORF1ab:cds-YP_009724389.1	AAG	K	CAG	Q	225
NC_045512.2	938	A	C	33366	30228	40	4	1	28	0.000119843	33377	1	FALSE	ORF1ab:cds-YP_009725295.1	AAG	K	CAG	Q	225
NC_045512.2	939	A	T	32748	29600	39	2	2	31	6.10557e-05	32757	1	FALSE	ORF1ab:cds-YP_009724389.1	AAG	K	ATG	M	225
NC_045512.2	939	A	T	32748	29600	39	2	2	31	6.10557e-05	32757	1	FALSE	ORF1ab:cds-YP_009725295.1	AAG	K	ATG	M	225
NC_045512.2	939	A	G	32748	29600	39	1	1	37	3.05278e-05	32757	1	FALSE	ORF1ab:cds-YP_009724389.1	AAG	K	AGG	R	225
NC_045512.2	939	A	G	32748	29600	39	1	1	37	3.05278e-05	32757	1	FALSE	ORF1ab:cds-YP_009725295.1	AAG	K	AGG	R	225
NC_045512.2	939	A	C	32748	29600	39	6	6	27	0.000183167	32757	1	FALSE	ORF1ab:cds-YP_009724389.1	AAG	K	ACG	T	225
NC_045512.2	939	A	C	32748	29600	39	6	6	27	0.000183167	32757	1	FALSE	ORF1ab:cds-YP_009725295.1	AAG	K	ACG	T	225
NC_045512.2	941	A	T	33444	30459	40	2	2	37	5.97729e-05	33460	1	FALSE	ORF1ab:cds-YP_009724389.1	AGG	R	TGG	W	226
NC_045512.2	941	A	T	33444	30459	40	2	2	37	5.97729e-05	33460	1	FALSE	ORF1ab:cds-YP_009725295.1	AGG	R	TGG	W	226
NC_045512.2	941	A	G	33444	30459	40	10	9	40	0.000298864	33460	0.0461008	FALSE	ORF1ab:cds-YP_009724389.1	AGG	R	GGG	G	226
NC_045512.2	941	A	G	33444	30459	40	10	9	40	0.000298864	33460	0.0461008	FALSE	ORF1ab:cds-YP_009725295.1	AGG	R	GGG	G	226
NC_045512.2	941	A	C	33444	30459	40	4	4	35	0.000119546	33460	1	FALSE	ORF1ab:cds-YP_009724389.1	AGG	R	CGG	R	226
NC_045512.2	941	A	C	33444	30459	40	4	4	35	0.000119546	33460	1	FALSE	ORF1ab:cds-YP_009725295.1	AGG	R	CGG	R	226
NC_045512.2	941	A	-G	33444	30459	40	7	0	20	0.000209205	33460	1	FALSE	NA	NA	NA	NA	NA	NA
NC_045512.2	941	A	+T	33444	30459	40	1	0	20	2.98864e-05	33460	1	FALSE	NA	NA	NA	NA	NA	NA
NC_045512.2	942	G	T	33198	30193	40	6	6	33	0.000180679	33208	0.999999	FALSE	ORF1ab:cds-YP_009724389.1	AGG	R	ATG	M	226
NC_045512.2	942	G	T	33198	30193	40	6	6	33	0.000180679	33208	0.999999	FALSE	ORF1ab:cds-YP_009725295.1	AGG	R	ATG	M	226
NC_045512.2	942	G	C	33198	30193	40	2	2	37	6.02265e-05	33208	1	FALSE	ORF1ab:cds-YP_009724389.1	AGG	R	ACG	T	226
NC_045512.2	942	G	C	33198	30193	40	2	2	37	6.02265e-05	33208	1	FALSE	ORF1ab:cds-YP_009725295.1	AGG	R	ACG	T	226
NC_045512.2	942	G	A	33198	30193	40	2	2	37	6.02265e-05	33208	1	FALSE	ORF1ab:cds-YP_009724389.1	AGG	R	AAG	K	226
NC_045512.2	942	G	A	33198	30193	40	2	2	37	6.02265e-05	33208	1	FALSE	ORF1ab:cds-YP_009725295.1	AGG	R	AAG	K	226
NC_045512.2	943	G	T	31704	28796	40	7	5	45	0.00022073	31713	0.171843	FALSE	ORF1ab:cds-YP_009724389.1	AGG	R	AGT	S	226
NC_045512.2	943	G	T	31704	28796	40	7	5	45	0.00022073	31713	0.171843	FALSE	ORF1ab:cds-YP_009725295.1	AGG	R	AGT	S	226
NC_045512.2	943	G	A	31704	28796	40	2	1	37	6.30656e-05	31713	1	FALSE	ORF1ab:cds-YP_009724389.1	AGG	R	AGA	R	226
NC_045512.2	943	G	A	31704	28796	40	2	1	37	6.30656e-05	31713	1	FALSE	ORF1ab:cds-YP_009725295.1	AGG	R	AGA	R	226
NC_045512.2	944	G	T	31430	28508	40	3	2	27	9.54381e-05	31434	1	FALSE	ORF1ab:cds-YP_009724389.1	GGT	G	TGT	C	227
NC_045512.2	944	G	T	31430	28508	40	3	2	27	9.54381e-05	31434	1	FALSE	ORF1ab:cds-YP_009725295.1	GGT	G	TGT	C	227
NC_045512.2	944	G	A	31430	28508	40	1	1	37	3.18127e-05	31434	1	FALSE	ORF1ab:cds-YP_009724389.1	GGT	G	AGT	S	227
NC_045512.2	944	G	A	31430	28508	40	1	1	37	3.18127e-05	31434	1	FALSE	ORF1ab:cds-YP_009725295.1	GGT	G	AGT	S	227
NC_045512.2	945	G	T	31497	28583	40	2	2	31	6.34659e-05	31513	1	FALSE	ORF1ab:cds-YP_009724389.1	GGT	G	GTT	V	227
NC_045512.2	945	G	T	31497	28583	40	2	2	31	6.34659e-05	31513	1	FALSE	ORF1ab:cds-YP_009725295.1	GGT	G	GTT	V	227
NC_045512.2	945	G	C	31497	28583	40	1	0	37	3.17329e-05	31513	1	FALSE	ORF1ab:cds-YP_009724389.1	GGT	G	GCT	A	227
NC_045512.2	945	G	C	31497	28583	40	1	0	37	3.17329e-05	31513	1	FALSE	ORF1ab:cds-YP_009725295.1	GGT	G	GCT	A	227
NC_045512.2	945	G	A	31497	28583	40	13	13	38	0.000412528	31513	0.998176	FALSE	ORF1ab:cds-YP_009724389.1	GGT	G	GAT	D	227
NC_045512.2	945	G	A	31497	28583	40	13	13	38	0.000412528	31513	0.998176	FALSE	ORF1ab:cds-YP_009725295.1	GGT	G	GAT	D	227
NC_045512.2	945	G	+C	31497	28583	40	1	0	20	3.17329e-05	31513	1	FALSE	NA	NA	NA	NA	NA	NA
NC_045512.2	946	T	C	30932	28124	40	5	5	29	0.000161619	30937	1	FALSE	ORF1ab:cds-YP_009724389.1	GGT	G	GGC	G	227
NC_045512.2	946	T	C	30932	28124	40	5	5	29	0.000161619	30937	1	FALSE	ORF1ab:cds-YP_009725295.1	GGT	G	GGC	G	227
NC_045512.2	947	G	T	30917	28105	40	1	0	74	3.23248e-05	30936	0.499863	FALSE	ORF1ab:cds-YP_009724389.1	GTA	V	TTA	L	228
NC_045512.2	947	G	T	30917	28105	40	1	0	74	3.23248e-05	30936	0.499863	FALSE	ORF1ab:cds-YP_009725295.1	GTA	V	TTA	L	228
NC_045512.2	947	G	A	30917	28105	40	18	15	39	0.000581846	30936	0.970317	FALSE	ORF1ab:cds-YP_009724389.1	GTA	V	ATA	I	228
NC_045512.2	947	G	A	30917	28105	40	18	15	39	0.000581846	30936	0.970317	FALSE	ORF1ab:cds-YP_009725295.1	GTA	V	ATA	I	228
NC_045512.2	948	T	C	30588	28020	40	6	5	35	0.00019611	30595	0.999994	FALSE	ORF1ab:cds-YP_009724389.1	GTA	V	GCA	A	228
NC_045512.2	948	T	C	30588	28020	40	6	5	35	0.00019611	30595	0.999994	FALSE	ORF1ab:cds-YP_009725295.1	GTA	V	GCA	A	228
NC_045512.2	948	T	A	30588	28020	40	1	1	37	3.26851e-05	30595	1	FALSE	ORF1ab:cds-YP_009724389.1	GTA	V	GAA	E	228
NC_045512.2	948	T	A	30588	28020	40	1	1	37	3.26851e-05	30595	1	FALSE	ORF1ab:cds-YP_009725295.1	GTA	V	GAA	E	228
NC_045512.2	949	A	T	29978	27441	39	1	1	37	3.335e-05	29985	1	FALSE	ORF1ab:cds-YP_009724389.1	GTA	V	GTT	V	228
NC_045512.2	949	A	T	29978	27441	39	1	1	37	3.335e-05	29985	1	FALSE	ORF1ab:cds-YP_009725295.1	GTA	V	GTT	V	228
NC_045512.2	949	A	G	29978	27441	39	3	3	37	0.00010005	29985	1	FALSE	ORF1ab:cds-YP_009724389.1	GTA	V	GTG	V	228
NC_045512.2	949	A	G	29978	27441	39	3	3	37	0.00010005	29985	1	FALSE	ORF1ab:cds-YP_009725295.1	GTA	V	GTG	V	228
NC_045512.2	949	A	C	29978	27441	39	3	2	30	0.00010005	29985	1	FALSE	ORF1ab:cds-YP_009724389.1	GTA	V	GTC	V	228
NC_045512.2	949	A	C	29978	27441	39	3	2	30	0.00010005	29985	1	FALSE	ORF1ab:cds-YP_009725295.1	GTA	V	GTC	V	228
NC_045512.2	950	T	G	29202	26665	39	5	5	32	0.000171157	29213	0.999997	FALSE	ORF1ab:cds-YP_009724389.1	TAC	Y	GAC	D	229
NC_045512.2	950	T	G	29202	26665	39	5	5	32	0.000171157	29213	0.999997	FALSE	ORF1ab:cds-YP_009725295.1	TAC	Y	GAC	D	229
NC_045512.2	950	T	C	29202	26665	39	2	2	37	6.84627e-05	29213	1	FALSE	ORF1ab:cds-YP_009724389.1	TAC	Y	CAC	H	229
NC_045512.2	950	T	C	29202	26665	39	2	2	37	6.84627e-05	29213	1	FALSE	ORF1ab:cds-YP_009725295.1	TAC	Y	CAC	H	229
NC_045512.2	950	T	A	29202	26665	39	4	4	34	0.000136925	29213	0.999999	FALSE	ORF1ab:cds-YP_009724389.1	TAC	Y	AAC	N	229
NC_045512.2	950	T	A	29202	26665	39	4	4	34	0.000136925	29213	0.999999	FALSE	ORF1ab:cds-YP_009725295.1	TAC	Y	AAC	N	229
NC_045512.2	950	T	-A	29202	26665	39	4	0	20	0.000136925	29213	1	FALSE	NA	NA	NA	NA	NA	NA
NC_045512.2	950	T	+AC	29202	26665	39	1	0	20	3.42313e-05	29213	1	FALSE	NA	NA	NA	NA	NA	NA
NC_045512.2	951	A	G	27315	24845	39	1	1	37	3.65925e-05	27328	1	FALSE	ORF1ab:cds-YP_009724389.1	TAC	Y	TGC	C	229
NC_045512.2	951	A	G	27315	24845	39	1	1	37	3.65925e-05	27328	1	FALSE	ORF1ab:cds-YP_009725295.1	TAC	Y	TGC	C	229
NC_045512.2	951	A	C	27315	24845	39	12	11	25	0.00043911	27328	1	FALSE	ORF1ab:cds-YP_009724389.1	TAC	Y	TCC	S	229
NC_045512.2	951	A	C	27315	24845	39	12	11	25	0.00043911	27328	1	FALSE	ORF1ab:cds-YP_009725295.1	TAC	Y	TCC	S	229
NC_045512.2	952	C	T	29570	27137	40	12	10	34	0.000405625	29584	0.997844	FALSE	ORF1ab:cds-YP_009724389.1	TAC	Y	TAT	Y	229
NC_045512.2	952	C	T	29570	27137	40	12	10	34	0.000405625	29584	0.997844	FALSE	ORF1ab:cds-YP_009725295.1	TAC	Y	TAT	Y	229
NC_045512.2	952	C	G	29570	27137	40	1	0	37	3.38021e-05	29584	1	FALSE	ORF1ab:cds-YP_009724389.1	TAC	Y	TAG	*	229
NC_045512.2	952	C	G	29570	27137	40	1	0	37	3.38021e-05	29584	1	FALSE	ORF1ab:cds-YP_009725295.1	TAC	Y	TAG	*	229
NC_045512.2	952	C	A	29570	27137	40	1	0	20	3.38021e-05	29584	1	FALSE	ORF1ab:cds-YP_009724389.1	TAC	Y	TAA	*	229
NC_045512.2	952	C	A	29570	27137	40	1	0	20	3.38021e-05	29584	1	FALSE	ORF1ab:cds-YP_009725295.1	TAC	Y	TAA	*	229
NC_045512.2	953	T	G	20587	18603	40	5	5	29	0.000242542	20615	1	FALSE	ORF1ab:cds-YP_009724389.1	TGC	C	GGC	G	230
NC_045512.2	953	T	G	20587	18603	40	5	5	29	0.000242542	20615	1	FALSE	ORF1ab:cds-YP_009725295.1	TGC	C	GGC	G	230
NC_045512.2	953	T	C	20587	18603	40	23	5	38	0.00111569	20615	0.380091	FALSE	ORF1ab:cds-YP_009724389.1	TGC	C	CGC	R	230
NC_045512.2	953	T	C	20587	18603	40	23	5	38	0.00111569	20615	0.380091	FALSE	ORF1ab:cds-YP_009725295.1	TGC	C	CGC	R	230
NC_045512.2	954	G	C	20457	18557	40	1	0	37	4.88186e-05	20484	1	FALSE	ORF1ab:cds-YP_009724389.1	TGC	C	TCC	S	230
NC_045512.2	954	G	C	20457	18557	40	1	0	37	4.88186e-05	20484	1	FALSE	ORF1ab:cds-YP_009725295.1	TGC	C	TCC	S	230
NC_045512.2	954	G	A	20457	18557	40	26	21	43	0.00126928	20484	1.50594e-06	TRUE	ORF1ab:cds-YP_009724389.1	TGC	C	TAC	Y	230
NC_045512.2	954	G	A	20457	18557	40	26	21	43	0.00126928	20484	1.50594e-06	TRUE	ORF1ab:cds-YP_009725295.1	TGC	C	TAC	Y	230
NC_045512.2	955	C	T	20579	18903	39	17	15	42	0.000825403	20596	0.000363496	TRUE	ORF1ab:cds-YP_009724389.1	TGC	C	TGT	C	230
NC_045512.2	955	C	T	20579	18903	39	17	15	42	0.000825403	20596	0.000363496	TRUE	ORF1ab:cds-YP_009725295.1	TGC	C	TGT	C	230
NC_045512.2	956	T	C	18347	16747	39	3	2	49	0.000163488	18350	0.31251	FALSE	ORF1ab:cds-YP_009724389.1	TGC	C	CGC	R	231
NC_045512.2	956	T	C	18347	16747	39	3	2	49	0.000163488	18350	0.31251	FALSE	ORF1ab:cds-YP_009725295.1	TGC	C	CGC	R	231
NC_045512.2	957	G	A	18523	16931	40	7	7	35	0.000377766	18530	0.992702	FALSE	ORF1ab:cds-YP_009724389.1	TGC	C	TAC	Y	231
NC_045512.2	957	G	A	18523	16931	40	7	7	35	0.000377766	18530	0.992702	FALSE	ORF1ab:cds-YP_009725295.1	TGC	C	TAC	Y	231
NC_045512.2	958	C	T	18355	16965	39	16	16	37	0.000870843	18373	0.696232	FALSE	ORF1ab:cds-YP_009724389.1	TGC	C	TGT	C	231
NC_045512.2	958	C	T	18355	16965	39	16	16	37	0.000870843	18373	0.696232	FALSE	ORF1ab:cds-YP_009725295.1	TGC	C	TGT	C	231
NC_045512.2	958	C	G	18355	16965	39	1	1	37	5.44277e-05	18373	0.999998	FALSE	ORF1ab:cds-YP_009724389.1	TGC	C	TGG	W	231
NC_045512.2	958	C	G	18355	16965	39	1	1	37	5.44277e-05	18373	0.999998	FALSE	ORF1ab:cds-YP_009725295.1	TGC	C	TGG	W	231
NC_045512.2	958	C	A	18355	16965	39	1	1	37	5.44277e-05	18373	0.999998	FALSE	ORF1ab:cds-YP_009724389.1	TGC	C	TGA	*	231
NC_045512.2	958	C	A	18355	16965	39	1	1	37	5.44277e-05	18373	0.999998	FALSE	ORF1ab:cds-YP_009725295.1	TGC	C	TGA	*	231
NC_045512.2	959	C	T	18223	16831	39	4	4	34	0.000219431	18229	0.999574	FALSE	ORF1ab:cds-YP_009724389.1	CGT	R	TGT	C	232
NC_045512.2	959	C	T	18223	16831	39	4	4	34	0.000219431	18229	0.999574	FALSE	ORF1ab:cds-YP_009725295.1	CGT	R	TGT	C	232
NC_045512.2	959	C	A	18223	16831	39	2	2	31	0.000109715	18229	0.99998	FALSE	ORF1ab:cds-YP_009724389.1	CGT	R	AGT	S	232
NC_045512.2	959	C	A	18223	16831	39	2	2	31	0.000109715	18229	0.99998	FALSE	ORF1ab:cds-YP_009725295.1	CGT	R	AGT	S	232
NC_045512.2	960	G	A	18169	16781	39	18	16	37	0.000989718	18187	0.566128	FALSE	ORF1ab:cds-YP_009724389.1	CGT	R	CAT	H	232
NC_045512.2	960	G	A	18169	16781	39	18	16	37	0.000989718	18187	0.566128	FALSE	ORF1ab:cds-YP_009725295.1	CGT	R	CAT	H	232
NC_045512.2	961	T	G	17453	16079	39	1	1	25	5.72902e-05	17455	1	FALSE	ORF1ab:cds-YP_009724389.1	CGT	R	CGG	R	232
NC_045512.2	961	T	G	17453	16079	39	1	1	25	5.72902e-05	17455	1	FALSE	ORF1ab:cds-YP_009725295.1	CGT	R	CGG	R	232
NC_045512.2	961	T	A	17453	16079	39	1	1	37	5.72902e-05	17455	0.999996	FALSE	ORF1ab:cds-YP_009724389.1	CGT	R	CGA	R	232
NC_045512.2	961	T	A	17453	16079	39	1	1	37	5.72902e-05	17455	0.999996	FALSE	ORF1ab:cds-YP_009725295.1	CGT	R	CGA	R	232
NC_045512.2	962	G	A	17386	16012	39	1	1	74	5.75142e-05	17387	0.500014	FALSE	ORF1ab:cds-YP_009724389.1	GAA	E	AAA	K	233
NC_045512.2	962	G	A	17386	16012	39	1	1	74	5.75142e-05	17387	0.500014	FALSE	ORF1ab:cds-YP_009725295.1	GAA	E	AAA	K	233
NC_045512.2	963	A	T	17261	15944	39	1	1	37	5.79173e-05	17266	0.999996	FALSE	ORF1ab:cds-YP_009724389.1	GAA	E	GTA	V	233
NC_045512.2	963	A	T	17261	15944	39	1	1	37	5.79173e-05	17266	0.999996	FALSE	ORF1ab:cds-YP_009725295.1	GAA	E	GTA	V	233
NC_045512.2	963	A	G	17261	15944	39	3	1	57	0.000173752	17266	0.124978	FALSE	ORF1ab:cds-YP_009724389.1	GAA	E	GGA	G	233
NC_045512.2	963	A	G	17261	15944	39	3	1	57	0.000173752	17266	0.124978	FALSE	ORF1ab:cds-YP_009725295.1	GAA	E	GGA	G	233
NC_045512.2	963	A	C	17261	15944	39	1	1	25	5.79173e-05	17266	1	FALSE	ORF1ab:cds-YP_009724389.1	GAA	E	GCA	A	233
NC_045512.2	963	A	C	17261	15944	39	1	1	25	5.79173e-05	17266	1	FALSE	ORF1ab:cds-YP_009725295.1	GAA	E	GCA	A	233
NC_045512.2	964	A	T	16761	15513	38	1	1	25	5.9641e-05	16767	1	FALSE	ORF1ab:cds-YP_009724389.1	GAA	E	GAT	D	233
NC_045512.2	964	A	T	16761	15513	38	1	1	25	5.9641e-05	16767	1	FALSE	ORF1ab:cds-YP_009725295.1	GAA	E	GAT	D	233
NC_045512.2	964	A	C	16761	15513	38	5	2	26	0.000298205	16767	1	FALSE	ORF1ab:cds-YP_009724389.1	GAA	E	GAC	D	233
NC_045512.2	964	A	C	16761	15513	38	5	2	26	0.000298205	16767	1	FALSE	ORF1ab:cds-YP_009725295.1	GAA	E	GAC	D	233
NC_045512.2	965	C	T	17357	16163	38	3	2	37	0.000172801	17361	0.999799	FALSE	ORF1ab:cds-YP_009724389.1	CAT	H	TAT	Y	234
NC_045512.2	965	C	T	17357	16163	38	3	2	37	0.000172801	17361	0.999799	FALSE	ORF1ab:cds-YP_009725295.1	CAT	H	TAT	Y	234
NC_045512.2	965	C	A	17357	16163	38	1	1	25	5.76004e-05	17361	1	FALSE	ORF1ab:cds-YP_009724389.1	CAT	H	AAT	N	234
NC_045512.2	965	C	A	17357	16163	38	1	1	25	5.76004e-05	17361	1	FALSE	ORF1ab:cds-YP_009725295.1	CAT	H	AAT	N	234
NC_045512.2	966	A	T	15834	14729	38	1	1	25	6.30955e-05	15849	1	FALSE	ORF1ab:cds-YP_009724389.1	CAT	H	CTT	L	234
NC_045512.2	966	A	T	15834	14729	38	1	1	25	6.30955e-05	15849	1	FALSE	ORF1ab:cds-YP_009725295.1	CAT	H	CTT	L	234
NC_045512.2	966	A	G	15834	14729	38	2	2	37	0.000126191	15849	0.999862	FALSE	ORF1ab:cds-YP_009724389.1	CAT	H	CGT	R	234
NC_045512.2	966	A	G	15834	14729	38	2	2	37	0.000126191	15849	0.999862	FALSE	ORF1ab:cds-YP_009725295.1	CAT	H	CGT	R	234
NC_045512.2	966	A	C	15834	14729	38	12	11	26	0.000757146	15849	1	FALSE	ORF1ab:cds-YP_009724389.1	CAT	H	CCT	P	234
NC_045512.2	966	A	C	15834	14729	38	12	11	26	0.000757146	15849	1	FALSE	ORF1ab:cds-YP_009725295.1	CAT	H	CCT	P	234
NC_045512.2	967	T	G	16342	15325	38	4	4	25	0.000244693	16347	1	FALSE	ORF1ab:cds-YP_009724389.1	CAT	H	CAG	Q	234
NC_045512.2	967	T	G	16342	15325	38	4	4	25	0.000244693	16347	1	FALSE	ORF1ab:cds-YP_009725295.1	CAT	H	CAG	Q	234
NC_045512.2	967	T	C	16342	15325	38	1	1	37	6.11733e-05	16347	0.999992	FALSE	ORF1ab:cds-YP_009724389.1	CAT	H	CAC	H	234
NC_045512.2	967	T	C	16342	15325	38	1	1	37	6.11733e-05	16347	0.999992	FALSE	ORF1ab:cds-YP_009725295.1	CAT	H	CAC	H	234
NC_045512.2	968	G	T	16412	15459	38	1	1	37	6.09199e-05	16415	0.999992	FALSE	ORF1ab:cds-YP_009724389.1	GAG	E	TAG	*	235
NC_045512.2	968	G	T	16412	15459	38	1	1	37	6.09199e-05	16415	0.999992	FALSE	ORF1ab:cds-YP_009725295.1	GAG	E	TAG	*	235
NC_045512.2	968	G	A	16412	15459	38	2	2	37	0.00012184	16415	0.999928	FALSE	ORF1ab:cds-YP_009724389.1	GAG	E	AAG	K	235
NC_045512.2	968	G	A	16412	15459	38	2	2	37	0.00012184	16415	0.999928	FALSE	ORF1ab:cds-YP_009725295.1	GAG	E	AAG	K	235
NC_045512.2	969	A	T	15798	14847	38	1	1	25	6.32751e-05	15804	1	FALSE	ORF1ab:cds-YP_009724389.1	GAG	E	GTG	V	235
NC_045512.2	969	A	T	15798	14847	38	1	1	25	6.32751e-05	15804	1	FALSE	ORF1ab:cds-YP_009725295.1	GAG	E	GTG	V	235
NC_045512.2	969	A	G	15798	14847	38	4	4	31	0.0002531	15804	0.997792	FALSE	ORF1ab:cds-YP_009724389.1	GAG	E	GGG	G	235
NC_045512.2	969	A	G	15798	14847	38	4	4	31	0.0002531	15804	0.997792	FALSE	ORF1ab:cds-YP_009725295.1	GAG	E	GGG	G	235
NC_045512.2	969	A	C	15798	14847	38	1	1	25	6.32751e-05	15804	1	FALSE	ORF1ab:cds-YP_009724389.1	GAG	E	GCG	A	235
NC_045512.2	969	A	C	15798	14847	38	1	1	25	6.32751e-05	15804	1	FALSE	ORF1ab:cds-YP_009725295.1	GAG	E	GCG	A	235
NC_045512.2	970	G	A	15691	14749	38	14	14	40	0.000891436	15705	0.000487262	TRUE	ORF1ab:cds-YP_009724389.1	GAG	E	GAA	E	235
NC_045512.2	970	G	A	15691	14749	38	14	14	40	0.000891436	15705	0.000487262	TRUE	ORF1ab:cds-YP_009725295.1	GAG	E	GAA	E	235
NC_045512.2	971	C	T	15606	14666	38	2	2	37	0.000128123	15610	0.999863	FALSE	ORF1ab:cds-YP_009724389.1	CAT	H	TAT	Y	236
NC_045512.2	971	C	T	15606	14666	38	2	2	37	0.000128123	15610	0.999863	FALSE	ORF1ab:cds-YP_009725295.1	CAT	H	TAT	Y	236
NC_045512.2	971	C	A	15606	14666	38	2	2	25	0.000128123	15610	1	FALSE	ORF1ab:cds-YP_009724389.1	CAT	H	AAT	N	236
NC_045512.2	971	C	A	15606	14666	38	2	2	25	0.000128123	15610	1	FALSE	ORF1ab:cds-YP_009725295.1	CAT	H	AAT	N	236
NC_045512.2	972	A	G	15300	14403	38	1	1	37	6.53509e-05	15302	0.999985	FALSE	ORF1ab:cds-YP_009724389.1	CAT	H	CGT	R	236
NC_045512.2	972	A	G	15300	14403	38	1	1	37	6.53509e-05	15302	0.999985	FALSE	ORF1ab:cds-YP_009725295.1	CAT	H	CGT	R	236
NC_045512.2	972	A	C	15300	14403	38	1	1	25	6.53509e-05	15302	1	FALSE	ORF1ab:cds-YP_009724389.1	CAT	H	CCT	P	236
NC_045512.2	972	A	C	15300	14403	38	1	1	25	6.53509e-05	15302	1	FALSE	ORF1ab:cds-YP_009725295.1	CAT	H	CCT	P	236
NC_045512.2	973	T	G	15308	14443	38	4	2	29	0.000261131	15318	1	FALSE	ORF1ab:cds-YP_009724389.1	CAT	H	CAG	Q	236
NC_045512.2	973	T	G	15308	14443	38	4	2	29	0.000261131	15318	1	FALSE	ORF1ab:cds-YP_009725295.1	CAT	H	CAG	Q	236
NC_045512.2	973	T	C	15308	14443	38	6	5	43	0.000391696	15318	0.0624464	FALSE	ORF1ab:cds-YP_009724389.1	CAT	H	CAC	H	236
NC_045512.2	973	T	C	15308	14443	38	6	5	43	0.000391696	15318	0.0624464	FALSE	ORF1ab:cds-YP_009725295.1	CAT	H	CAC	H	236
NC_045512.2	974	G	T	15453	14581	38	3	3	37	0.000194024	15462	0.999344	FALSE	ORF1ab:cds-YP_009724389.1	GAA	E	TAA	*	237
NC_045512.2	974	G	T	15453	14581	38	3	3	37	0.000194024	15462	0.999344	FALSE	ORF1ab:cds-YP_009725295.1	GAA	E	TAA	*	237
NC_045512.2	974	G	C	15453	14581	38	2	0	37	0.000129349	15462	0.999863	FALSE	ORF1ab:cds-YP_009724389.1	GAA	E	CAA	Q	237
NC_045512.2	974	G	C	15453	14581	38	2	0	37	0.000129349	15462	0.999863	FALSE	ORF1ab:cds-YP_009725295.1	GAA	E	CAA	Q	237
NC_045512.2	974	G	A	15453	14581	38	4	4	37	0.000258699	15462	0.997789	FALSE	ORF1ab:cds-YP_009724389.1	GAA	E	AAA	K	237
NC_045512.2	974	G	A	15453	14581	38	4	4	37	0.000258699	15462	0.997789	FALSE	ORF1ab:cds-YP_009725295.1	GAA	E	AAA	K	237
NC_045512.2	975	A	T	15443	14710	38	1	1	25	6.47375e-05	15447	1	FALSE	ORF1ab:cds-YP_009724389.1	GAA	E	GTA	V	237
NC_045512.2	975	A	T	15443	14710	38	1	1	25	6.47375e-05	15447	1	FALSE	ORF1ab:cds-YP_009725295.1	GAA	E	GTA	V	237
NC_045512.2	975	A	G	15443	14710	38	3	3	37	0.000194212	15447	0.999346	FALSE	ORF1ab:cds-YP_009724389.1	GAA	E	GGA	G	237
NC_045512.2	975	A	G	15443	14710	38	3	3	37	0.000194212	15447	0.999346	FALSE	ORF1ab:cds-YP_009725295.1	GAA	E	GGA	G	237
NC_045512.2	976	A	T	15265	14627	37	2	1	25	0.000130976	15270	1	FALSE	ORF1ab:cds-YP_009724389.1	GAA	E	GAT	D	237
NC_045512.2	976	A	T	15265	14627	37	2	1	25	0.000130976	15270	1	FALSE	ORF1ab:cds-YP_009725295.1	GAA	E	GAT	D	237
NC_045512.2	976	A	G	15265	14627	37	3	3	49	0.000196464	15270	0.312463	FALSE	ORF1ab:cds-YP_009724389.1	GAA	E	GAG	E	237
NC_045512.2	976	A	G	15265	14627	37	3	3	49	0.000196464	15270	0.312463	FALSE	ORF1ab:cds-YP_009725295.1	GAA	E	GAG	E	237
NC_045512.2	977	A	G	15292	14668	37	1	0	74	6.53851e-05	15294	0.5	FALSE	ORF1ab:cds-YP_009724389.1	ATT	I	GTT	V	238
NC_045512.2	977	A	G	15292	14668	37	1	0	74	6.53851e-05	15294	0.5	FALSE	ORF1ab:cds-YP_009725295.1	ATT	I	GTT	V	238
NC_045512.2	977	A	C	15292	14668	37	1	0	29	6.53851e-05	15294	1	FALSE	ORF1ab:cds-YP_009724389.1	ATT	I	CTT	L	238
NC_045512.2	977	A	C	15292	14668	37	1	0	29	6.53851e-05	15294	1	FALSE	ORF1ab:cds-YP_009725295.1	ATT	I	CTT	L	238
NC_045512.2	978	T	G	14439	13823	36	5	5	25	0.000346093	14447	1	FALSE	ORF1ab:cds-YP_009724389.1	ATT	I	AGT	S	238
NC_045512.2	978	T	G	14439	13823	36	5	5	25	0.000346093	14447	1	FALSE	ORF1ab:cds-YP_009725295.1	ATT	I	AGT	S	238
NC_045512.2	978	T	C	14439	13823	36	3	3	29	0.000207656	14447	1	FALSE	ORF1ab:cds-YP_009724389.1	ATT	I	ACT	T	238
NC_045512.2	978	T	C	14439	13823	36	3	3	29	0.000207656	14447	1	FALSE	ORF1ab:cds-YP_009725295.1	ATT	I	ACT	T	238
NC_045512.2	979	T	G	14708	14084	37	1	1	25	6.7981e-05	14710	1	FALSE	ORF1ab:cds-YP_009724389.1	ATT	I	ATG	M	238
NC_045512.2	979	T	G	14708	14084	37	1	1	25	6.7981e-05	14710	1	FALSE	ORF1ab:cds-YP_009725295.1	ATT	I	ATG	M	238
NC_045512.2	979	T	A	14708	14084	37	1	1	25	6.7981e-05	14710	1	FALSE	ORF1ab:cds-YP_009724389.1	ATT	I	ATA	I	238
NC_045512.2	979	T	A	14708	14084	37	1	1	25	6.7981e-05	14710	1	FALSE	ORF1ab:cds-YP_009725295.1	ATT	I	ATA	I	238
NC_045512.2	980	G	A	14705	14078	37	11	11	35	0.000747486	14716	0.787971	FALSE	ORF1ab:cds-YP_009724389.1	GCT	A	ACT	T	239
NC_045512.2	980	G	A	14705	14078	37	11	11	35	0.000747486	14716	0.787971	FALSE	ORF1ab:cds-YP_009725295.1	GCT	A	ACT	T	239
NC_045512.2	981	C	T	14435	13838	37	10	10	39	0.000692233	14446	0.846373	FALSE	ORF1ab:cds-YP_009724389.1	GCT	A	GTT	V	239
NC_045512.2	981	C	T	14435	13838	37	10	10	39	0.000692233	14446	0.846373	FALSE	ORF1ab:cds-YP_009725295.1	GCT	A	GTT	V	239
NC_045512.2	981	C	A	14435	13838	37	1	1	25	6.92233e-05	14446	1	FALSE	ORF1ab:cds-YP_009724389.1	GCT	A	GAT	D	239
NC_045512.2	981	C	A	14435	13838	37	1	1	25	6.92233e-05	14446	1	FALSE	ORF1ab:cds-YP_009725295.1	GCT	A	GAT	D	239
NC_045512.2	982	T	G	14578	13989	37	1	1	25	6.8573e-05	14583	1	FALSE	ORF1ab:cds-YP_009724389.1	GCT	A	GCG	A	239
NC_045512.2	982	T	G	14578	13989	37	1	1	25	6.8573e-05	14583	1	FALSE	ORF1ab:cds-YP_009725295.1	GCT	A	GCG	A	239
NC_045512.2	982	T	C	14578	13989	37	3	3	37	0.000205719	14583	0.998828	FALSE	ORF1ab:cds-YP_009724389.1	GCT	A	GCC	A	239
NC_045512.2	982	T	C	14578	13989	37	3	3	37	0.000205719	14583	0.998828	FALSE	ORF1ab:cds-YP_009725295.1	GCT	A	GCC	A	239
NC_045512.2	982	T	A	14578	13989	37	1	1	37	6.8573e-05	14583	0.99997	FALSE	ORF1ab:cds-YP_009724389.1	GCT	A	GCA	A	239
NC_045512.2	982	T	A	14578	13989	37	1	1	37	6.8573e-05	14583	0.99997	FALSE	ORF1ab:cds-YP_009725295.1	GCT	A	GCA	A	239
NC_045512.2	983	T	C	14655	14060	37	3	3	37	0.000204638	14660	0.998828	FALSE	ORF1ab:cds-YP_009724389.1	TGG	W	CGG	R	240
NC_045512.2	983	T	C	14655	14060	37	3	3	37	0.000204638	14660	0.998828	FALSE	ORF1ab:cds-YP_009725295.1	TGG	W	CGG	R	240
NC_045512.2	983	T	A	14655	14060	37	2	2	37	0.000136426	14660	0.999741	FALSE	ORF1ab:cds-YP_009724389.1	TGG	W	AGG	R	240
NC_045512.2	983	T	A	14655	14060	37	2	2	37	0.000136426	14660	0.999741	FALSE	ORF1ab:cds-YP_009725295.1	TGG	W	AGG	R	240
NC_045512.2	984	G	A	14413	13813	37	1	1	37	6.9377e-05	14414	0.99997	FALSE	ORF1ab:cds-YP_009724389.1	TGG	W	TAG	*	240
NC_045512.2	984	G	A	14413	13813	37	1	1	37	6.9377e-05	14414	0.99997	FALSE	ORF1ab:cds-YP_009725295.1	TGG	W	TAG	*	240
NC_045512.2	985	G	T	14471	13880	37	2	2	25	0.000138179	14474	1	FALSE	ORF1ab:cds-YP_009724389.1	TGG	W	TGT	C	240
NC_045512.2	985	G	T	14471	13880	37	2	2	25	0.000138179	14474	1	FALSE	ORF1ab:cds-YP_009725295.1	TGG	W	TGT	C	240
NC_045512.2	985	G	A	14471	13880	37	1	1	37	6.90894e-05	14474	0.99997	FALSE	ORF1ab:cds-YP_009724389.1	TGG	W	TGA	*	240
NC_045512.2	985	G	A	14471	13880	37	1	1	37	6.90894e-05	14474	0.99997	FALSE	ORF1ab:cds-YP_009725295.1	TGG	W	TGA	*	240
NC_045512.2	986	T	C	14315	13728	37	2	2	42	0.000139694	14317	0.500026	FALSE	ORF1ab:cds-YP_009724389.1	TAC	Y	CAC	H	241
NC_045512.2	986	T	C	14315	13728	37	2	2	42	0.000139694	14317	0.500026	FALSE	ORF1ab:cds-YP_009725295.1	TAC	Y	CAC	H	241
NC_045512.2	987	A	T	14316	13742	37	2	2	31	0.000139655	14321	0.999741	FALSE	ORF1ab:cds-YP_009724389.1	TAC	Y	TTC	F	241
NC_045512.2	987	A	T	14316	13742	37	2	2	31	0.000139655	14321	0.999741	FALSE	ORF1ab:cds-YP_009725295.1	TAC	Y	TTC	F	241
NC_045512.2	987	A	G	14316	13742	37	1	1	25	6.98275e-05	14321	1	FALSE	ORF1ab:cds-YP_009724389.1	TAC	Y	TGC	C	241
NC_045512.2	987	A	G	14316	13742	37	1	1	25	6.98275e-05	14321	1	FALSE	ORF1ab:cds-YP_009725295.1	TAC	Y	TGC	C	241
NC_045512.2	987	A	C	14316	13742	37	2	1	27	0.000139655	14321	1	FALSE	ORF1ab:cds-YP_009724389.1	TAC	Y	TCC	S	241
NC_045512.2	987	A	C	14316	13742	37	2	1	27	0.000139655	14321	1	FALSE	ORF1ab:cds-YP_009725295.1	TAC	Y	TCC	S	241
NC_045512.2	988	C	T	14450	13862	37	3	2	49	0.000207569	14453	0.312513	FALSE	ORF1ab:cds-YP_009724389.1	TAC	Y	TAT	Y	241
NC_045512.2	988	C	T	14450	13862	37	3	2	49	0.000207569	14453	0.312513	FALSE	ORF1ab:cds-YP_009725295.1	TAC	Y	TAT	Y	241
NC_045512.2	989	A	T	13431	12882	37	3	3	37	0.000223314	13434	0.997916	FALSE	ORF1ab:cds-YP_009724389.1	ACG	T	TCG	S	242
NC_045512.2	989	A	T	13431	12882	37	3	3	37	0.000223314	13434	0.997916	FALSE	ORF1ab:cds-YP_009725295.1	ACG	T	TCG	S	242
NC_045512.2	990	C	T	13682	13132	37	7	7	37	0.000511359	13689	0.942426	FALSE	ORF1ab:cds-YP_009724389.1	ACG	T	ATG	M	242
NC_045512.2	990	C	T	13682	13132	37	7	7	37	0.000511359	13689	0.942426	FALSE	ORF1ab:cds-YP_009725295.1	ACG	T	ATG	M	242
NC_045512.2	991	G	T	13530	13179	37	1	1	25	7.39044e-05	13531	1	FALSE	ORF1ab:cds-YP_009724389.1	ACG	T	ACT	T	242
NC_045512.2	991	G	T	13530	13179	37	1	1	25	7.39044e-05	13531	1	FALSE	ORF1ab:cds-YP_009725295.1	ACG	T	ACT	T	242
NC_045512.2	992	G	A	13508	13160	37	4	4	37	0.000296033	13512	0.993653	FALSE	ORF1ab:cds-YP_009724389.1	GAA	E	AAA	K	243
NC_045512.2	992	G	A	13508	13160	37	4	4	37	0.000296033	13512	0.993653	FALSE	ORF1ab:cds-YP_009725295.1	GAA	E	AAA	K	243
NC_045512.2	993	A	T	13270	12930	37	3	3	29	0.000225989	13275	1	FALSE	ORF1ab:cds-YP_009724389.1	GAA	E	GTA	V	243
NC_045512.2	993	A	T	13270	12930	37	3	3	29	0.000225989	13275	1	FALSE	ORF1ab:cds-YP_009725295.1	GAA	E	GTA	V	243
NC_045512.2	993	A	G	13270	12930	37	2	2	43	0.000150659	13275	0.499943	FALSE	ORF1ab:cds-YP_009724389.1	GAA	E	GGA	G	243
NC_045512.2	993	A	G	13270	12930	37	2	2	43	0.000150659	13275	0.499943	FALSE	ORF1ab:cds-YP_009725295.1	GAA	E	GGA	G	243
NC_045512.2	994	A	G	12180	11856	37	2	1	31	0.000164177	12182	0.999087	FALSE	ORF1ab:cds-YP_009724389.1	GAA	E	GAG	E	243
NC_045512.2	994	A	G	12180	11856	37	2	1	31	0.000164177	12182	0.999087	FALSE	ORF1ab:cds-YP_009725295.1	GAA	E	GAG	E	243
NC_045512.2	995	C	T	12156	11828	37	11	9	40	0.000903936	12169	0.00316655	TRUE	ORF1ab:cds-YP_009724389.1	CGT	R	TGT	C	244
NC_045512.2	995	C	T	12156	11828	37	11	9	40	0.000903936	12169	0.00316655	TRUE	ORF1ab:cds-YP_009725295.1	CGT	R	TGT	C	244
NC_045512.2	995	C	A	12156	11828	37	2	2	31	0.000164352	12169	0.999082	FALSE	ORF1ab:cds-YP_009724389.1	CGT	R	AGT	S	244
NC_045512.2	995	C	A	12156	11828	37	2	2	31	0.000164352	12169	0.999082	FALSE	ORF1ab:cds-YP_009725295.1	CGT	R	AGT	S	244
NC_045512.2	996	G	T	11882	11565	37	2	2	31	0.000167799	11919	0.998268	FALSE	ORF1ab:cds-YP_009724389.1	CGT	R	CTT	L	244
NC_045512.2	996	G	T	11882	11565	37	2	2	31	0.000167799	11919	0.998268	FALSE	ORF1ab:cds-YP_009725295.1	CGT	R	CTT	L	244
NC_045512.2	996	G	C	11882	11565	37	34	32	38	0.00285259	11919	0.000406716	TRUE	ORF1ab:cds-YP_009724389.1	CGT	R	CCT	P	244
NC_045512.2	996	G	C	11882	11565	37	34	32	38	0.00285259	11919	0.000406716	TRUE	ORF1ab:cds-YP_009725295.1	CGT	R	CCT	P	244
NC_045512.2	996	G	A	11882	11565	37	1	1	37	8.38997e-05	11919	0.999752	FALSE	ORF1ab:cds-YP_009724389.1	CGT	R	CAT	H	244
NC_045512.2	996	G	A	11882	11565	37	1	1	37	8.38997e-05	11919	0.999752	FALSE	ORF1ab:cds-YP_009725295.1	CGT	R	CAT	H	244
NC_045512.2	997	T	G	11778	11548	37	1	1	25	8.48969e-05	11779	1	FALSE	ORF1ab:cds-YP_009724389.1	CGT	R	CGG	R	244
NC_045512.2	997	T	G	11778	11548	37	1	1	25	8.48969e-05	11779	1	FALSE	ORF1ab:cds-YP_009725295.1	CGT	R	CGG	R	244
NC_045512.2	998	T	C	11706	11487	36	3	3	37	0.000256191	11710	0.993543	FALSE	ORF1ab:cds-YP_009724389.1	TCT	S	CCT	P	245
NC_045512.2	998	T	C	11706	11487	36	3	3	37	0.000256191	11710	0.993543	FALSE	ORF1ab:cds-YP_009725295.1	TCT	S	CCT	P	245
NC_045512.2	998	T	A	11706	11487	36	1	1	25	8.53971e-05	11710	1	FALSE	ORF1ab:cds-YP_009724389.1	TCT	S	ACT	T	245
NC_045512.2	998	T	A	11706	11487	36	1	1	25	8.53971e-05	11710	1	FALSE	ORF1ab:cds-YP_009725295.1	TCT	S	ACT	T	245
NC_045512.2	1000	T	G	11416	11207	36	1	1	25	8.75657e-05	11420	1	FALSE	ORF1ab:cds-YP_009724389.1	TCT	S	TCG	S	245
NC_045512.2	1000	T	G	11416	11207	36	1	1	25	8.75657e-05	11420	1	FALSE	ORF1ab:cds-YP_009725295.1	TCT	S	TCG	S	245
NC_045512.2	1000	T	C	11416	11207	36	3	3	37	0.000262697	11420	0.993543	FALSE	ORF1ab:cds-YP_009724389.1	TCT	S	TCC	S	245
NC_045512.2	1000	T	C	11416	11207	36	3	3	37	0.000262697	11420	0.993543	FALSE	ORF1ab:cds-YP_009725295.1	TCT	S	TCC	S	245
NC_045512.2	1001	G	C	11565	11357	36	6	6	37	0.000518448	11573	0.928317	FALSE	ORF1ab:cds-YP_009724389.1	GAA	E	CAA	Q	246
NC_045512.2	1001	G	C	11565	11357	36	6	6	37	0.000518448	11573	0.928317	FALSE	ORF1ab:cds-YP_009725295.1	GAA	E	CAA	Q	246
NC_045512.2	1001	G	A	11565	11357	36	2	2	37	0.000172816	11573	0.998291	FALSE	ORF1ab:cds-YP_009724389.1	GAA	E	AAA	K	246
NC_045512.2	1001	G	A	11565	11357	36	2	2	37	0.000172816	11573	0.998291	FALSE	ORF1ab:cds-YP_009725295.1	GAA	E	AAA	K	246
NC_045512.2	1001	G	-A	11565	11357	36	1	0	20	8.6408e-05	11573	1	FALSE	NA	NA	NA	NA	NA	NA
NC_045512.2	1002	A	T	11363	11157	36	1	1	37	8.7974e-05	11367	0.999756	FALSE	ORF1ab:cds-YP_009724389.1	GAA	E	GTA	V	246
NC_045512.2	1002	A	T	11363	11157	36	1	1	37	8.7974e-05	11367	0.999756	FALSE	ORF1ab:cds-YP_009725295.1	GAA	E	GTA	V	246
NC_045512.2	1002	A	C	11363	11157	36	3	3	29	0.000263922	11367	1	FALSE	ORF1ab:cds-YP_009724389.1	GAA	E	GCA	A	246
NC_045512.2	1002	A	C	11363	11157	36	3	3	29	0.000263922	11367	1	FALSE	ORF1ab:cds-YP_009725295.1	GAA	E	GCA	A	246
NC_045512.2	1003	A	C	10848	10647	36	2	2	25	0.000184332	10850	1	FALSE	ORF1ab:cds-YP_009724389.1	GAA	E	GAC	D	246
NC_045512.2	1003	A	C	10848	10647	36	2	2	25	0.000184332	10850	1	FALSE	ORF1ab:cds-YP_009725295.1	GAA	E	GAC	D	246
NC_045512.2	1004	A	T	10610	10407	36	2	2	37	0.000188413	10615	0.99683	FALSE	ORF1ab:cds-YP_009724389.1	AAG	K	TAG	*	247
NC_045512.2	1004	A	T	10610	10407	36	2	2	37	0.000188413	10615	0.99683	FALSE	ORF1ab:cds-YP_009725295.1	AAG	K	TAG	*	247
NC_045512.2	1004	A	G	10610	10407	36	1	1	37	9.42063e-05	10615	0.999512	FALSE	ORF1ab:cds-YP_009724389.1	AAG	K	GAG	E	247
NC_045512.2	1004	A	G	10610	10407	36	1	1	37	9.42063e-05	10615	0.999512	FALSE	ORF1ab:cds-YP_009725295.1	AAG	K	GAG	E	247
NC_045512.2	1004	A	C	10610	10407	36	2	2	31	0.000188413	10615	0.99683	FALSE	ORF1ab:cds-YP_009724389.1	AAG	K	CAG	Q	247
NC_045512.2	1004	A	C	10610	10407	36	2	2	31	0.000188413	10615	0.99683	FALSE	ORF1ab:cds-YP_009725295.1	AAG	K	CAG	Q	247
NC_045512.2	1005	A	G	9839	9694	36	1	1	37	0.000101616	9841	0.999026	FALSE	ORF1ab:cds-YP_009724389.1	AAG	K	AGG	R	247
NC_045512.2	1005	A	G	9839	9694	36	1	1	37	0.000101616	9841	0.999026	FALSE	ORF1ab:cds-YP_009725295.1	AAG	K	AGG	R	247
NC_045512.2	1005	A	C	9839	9694	36	1	0	37	0.000101616	9841	0.999026	FALSE	ORF1ab:cds-YP_009724389.1	AAG	K	ACG	T	247
NC_045512.2	1005	A	C	9839	9694	36	1	0	37	0.000101616	9841	0.999026	FALSE	ORF1ab:cds-YP_009725295.1	AAG	K	ACG	T	247
NC_045512.2	1006	G	A	9794	9640	36	1	1	37	0.000102093	9795	0.999026	FALSE	ORF1ab:cds-YP_009724389.1	AAG	K	AAA	K	247
NC_045512.2	1006	G	A	9794	9640	36	1	1	37	0.000102093	9795	0.999026	FALSE	ORF1ab:cds-YP_009725295.1	AAG	K	AAA	K	247
NC_045512.2	1007	A	T	9876	9732	36	1	1	37	0.000101245	9877	0.999026	FALSE	ORF1ab:cds-YP_009724389.1	AGC	S	TGC	C	248
NC_045512.2	1007	A	T	9876	9732	36	1	1	37	0.000101245	9877	0.999026	FALSE	ORF1ab:cds-YP_009725295.1	AGC	S	TGC	C	248
NC_045512.2	1008	G	A	9638	9488	36	2	2	37	0.000207469	9640	0.994155	FALSE	ORF1ab:cds-YP_009724389.1	AGC	S	AAC	N	248
NC_045512.2	1008	G	A	9638	9488	36	2	2	37	0.000207469	9640	0.994155	FALSE	ORF1ab:cds-YP_009725295.1	AGC	S	AAC	N	248
NC_045512.2	1009	C	T	9759	9612	36	9	9	41	0.000921376	9768	0.00195043	TRUE	ORF1ab:cds-YP_009724389.1	AGC	S	AGT	S	248
NC_045512.2	1009	C	T	9759	9612	36	9	9	41	0.000921376	9768	0.00195043	TRUE	ORF1ab:cds-YP_009725295.1	AGC	S	AGT	S	248
NC_045512.2	1010	T	C	8425	8285	36	2	2	37	0.000237332	8427	0.989281	FALSE	ORF1ab:cds-YP_009724389.1	TAT	Y	CAT	H	249
NC_045512.2	1010	T	C	8425	8285	36	2	2	37	0.000237332	8427	0.989281	FALSE	ORF1ab:cds-YP_009725295.1	TAT	Y	CAT	H	249
NC_045512.2	1011	A	T	8293	8162	36	1	1	37	0.000120555	8295	0.998051	FALSE	ORF1ab:cds-YP_009724389.1	TAT	Y	TTT	F	249
NC_045512.2	1011	A	T	8293	8162	36	1	1	37	0.000120555	8295	0.998051	FALSE	ORF1ab:cds-YP_009725295.1	TAT	Y	TTT	F	249
NC_045512.2	1011	A	G	8293	8162	36	1	1	37	0.000120555	8295	0.998051	FALSE	ORF1ab:cds-YP_009724389.1	TAT	Y	TGT	C	249
NC_045512.2	1011	A	G	8293	8162	36	1	1	37	0.000120555	8295	0.998051	FALSE	ORF1ab:cds-YP_009725295.1	TAT	Y	TGT	C	249
NC_045512.2	1012	T	C	8231	8096	36	2	2	37	0.000242925	8233	0.989282	FALSE	ORF1ab:cds-YP_009724389.1	TAT	Y	TAC	Y	249
NC_045512.2	1012	T	C	8231	8096	36	2	2	37	0.000242925	8233	0.989282	FALSE	ORF1ab:cds-YP_009725295.1	TAT	Y	TAC	Y	249
NC_045512.2	1013	G	A	8165	8023	36	1	1	37	0.000122459	8166	0.998052	FALSE	ORF1ab:cds-YP_009724389.1	GAA	E	AAA	K	250
NC_045512.2	1013	G	A	8165	8023	36	1	1	37	0.000122459	8166	0.998052	FALSE	ORF1ab:cds-YP_009725295.1	GAA	E	AAA	K	250
NC_045512.2	1014	A	T	7847	7706	36	1	1	25	0.000127389	7850	1	FALSE	ORF1ab:cds-YP_009724389.1	GAA	E	GTA	V	250
NC_045512.2	1014	A	T	7847	7706	36	1	1	25	0.000127389	7850	1	FALSE	ORF1ab:cds-YP_009725295.1	GAA	E	GTA	V	250
NC_045512.2	1014	A	G	7847	7706	36	2	2	37	0.000254777	7850	0.980496	FALSE	ORF1ab:cds-YP_009724389.1	GAA	E	GGA	G	250
NC_045512.2	1014	A	G	7847	7706	36	2	2	37	0.000254777	7850	0.980496	FALSE	ORF1ab:cds-YP_009725295.1	GAA	E	GGA	G	250
NC_045512.2	1182	T	C	43	26	37	1	0	37	0.0227273	44	0.505747	FALSE	ORF1ab:cds-YP_009724389.1	GTT	V	GCT	A	306
NC_045512.2	1182	T	C	43	26	37	1	0	37	0.0227273	44	0.505747	FALSE	ORF1ab:cds-YP_009725295.1	GTT	V	GCT	A	306
NC_045512.2	1209	T	C	39	23	37	1	0	37	0.025	40	0.506329	FALSE	ORF1ab:cds-YP_009724389.1	ATG	M	ACG	T	315
NC_045512.2	1209	T	C	39	23	37	1	0	37	0.025	40	0.506329	FALSE	ORF1ab:cds-YP_009725295.1	ATG	M	ACG	T	315
NC_045512.2	1263	C	A	39	31	42	1	1	37	0.025	40	0.506329	FALSE	ORF1ab:cds-YP_009724389.1	ACG	T	AAG	K	333
NC_045512.2	1263	C	A	39	31	42	1	1	37	0.025	40	0.506329	FALSE	ORF1ab:cds-YP_009725295.1	ACG	T	AAG	K	333
NC_045512.2	1335	G	T	30	19	36	1	1	37	0.0322581	31	0.508197	FALSE	ORF1ab:cds-YP_009724389.1	TGT	C	TTT	F	357
NC_045512.2	1335	G	T	30	19	36	1	1	37	0.0322581	31	0.508197	FALSE	ORF1ab:cds-YP_009725295.1	TGT	C	TTT	F	357
NC_045512.2	1567	C	T	26	21	38	1	1	37	0.037037	27	0.509434	FALSE	ORF1ab:cds-YP_009724389.1	AAC	N	AAT	N	434
NC_045512.2	1567	C	T	26	21	38	1	1	37	0.037037	27	0.509434	FALSE	ORF1ab:cds-YP_009725295.1	AAC	N	AAT	N	434
NC_045512.2	1602	T	C	715	12	36	1	0	37	0.00139665	716	0.500349	FALSE	ORF1ab:cds-YP_009724389.1	CTT	L	CCT	P	446
NC_045512.2	1602	T	C	715	12	36	1	0	37	0.00139665	716	0.500349	FALSE	ORF1ab:cds-YP_009725295.1	CTT	L	CCT	P	446
NC_045512.2	1608	A	G	793	13	36	1	0	37	0.00125945	794	0.500315	FALSE	ORF1ab:cds-YP_009724389.1	GAC	D	GGC	G	448
NC_045512.2	1608	A	G	793	13	36	1	0	37	0.00125945	794	0.500315	FALSE	ORF1ab:cds-YP_009725295.1	GAC	D	GGC	G	448
NC_045512.2	1620	A	C	893	18	36	1	0	25	0.00111857	894	0.998096	FALSE	ORF1ab:cds-YP_009724389.1	GAA	E	GCA	A	452
NC_045512.2	1620	A	C	893	18	36	1	0	25	0.00111857	894	0.998096	FALSE	ORF1ab:cds-YP_009725295.1	GAA	E	GCA	A	452
NC_045512.2	1626	T	C	913	26	36	1	0	37	0.0010929	915	0.5	FALSE	ORF1ab:cds-YP_009724389.1	CTC	L	CCC	P	454
NC_045512.2	1626	T	C	913	26	36	1	0	37	0.0010929	915	0.5	FALSE	ORF1ab:cds-YP_009725295.1	CTC	L	CCC	P	454
NC_045512.2	1626	T	A	913	26	36	1	0	37	0.0010929	915	0.5	FALSE	ORF1ab:cds-YP_009724389.1	CTC	L	CAC	H	454
NC_045512.2	1626	T	A	913	26	36	1	0	37	0.0010929	915	0.5	FALSE	ORF1ab:cds-YP_009725295.1	CTC	L	CAC	H	454
NC_045512.2	1628	C	T	924	32	36	1	0	37	0.00108108	925	0.50027	FALSE	ORF1ab:cds-YP_009724389.1	CAA	Q	TAA	*	455
NC_045512.2	1628	C	T	924	32	36	1	0	37	0.00108108	925	0.50027	FALSE	ORF1ab:cds-YP_009725295.1	CAA	Q	TAA	*	455
NC_045512.2	1629	A	C	923	33	36	1	0	25	0.00108225	924	0.999052	FALSE	ORF1ab:cds-YP_009724389.1	CAA	Q	CCA	P	455
NC_045512.2	1629	A	C	923	33	36	1	0	25	0.00108225	924	0.999052	FALSE	ORF1ab:cds-YP_009725295.1	CAA	Q	CCA	P	455
NC_045512.2	1630	A	C	934	32	36	1	1	29	0.00106952	935	0.999052	FALSE	ORF1ab:cds-YP_009724389.1	CAA	Q	CAC	H	455
NC_045512.2	1630	A	C	934	32	36	1	1	29	0.00106952	935	0.999052	FALSE	ORF1ab:cds-YP_009725295.1	CAA	Q	CAC	H	455
NC_045512.2	1636	G	T	973	33	36	1	1	37	0.00102669	974	0.500257	FALSE	ORF1ab:cds-YP_009724389.1	GAG	E	GAT	D	457
NC_045512.2	1636	G	T	973	33	36	1	1	37	0.00102669	974	0.500257	FALSE	ORF1ab:cds-YP_009725295.1	GAG	E	GAT	D	457
NC_045512.2	1644	A	C	1049	57	37	1	0	25	0.000952381	1050	0.999527	FALSE	ORF1ab:cds-YP_009724389.1	AAC	N	ACC	T	460
NC_045512.2	1644	A	C	1049	57	37	1	0	25	0.000952381	1050	0.999527	FALSE	ORF1ab:cds-YP_009725295.1	AAC	N	ACC	T	460
NC_045512.2	1645	C	T	1151	62	37	1	0	37	0.000868056	1152	0.750326	FALSE	ORF1ab:cds-YP_009724389.1	AAC	N	AAT	N	460
NC_045512.2	1645	C	T	1151	62	37	1	0	37	0.000868056	1152	0.750326	FALSE	ORF1ab:cds-YP_009725295.1	AAC	N	AAT	N	460
NC_045512.2	1646	A	C	1142	60	36	1	1	25	0.000874891	1143	0.999764	FALSE	ORF1ab:cds-YP_009724389.1	ATC	I	CTC	L	461
NC_045512.2	1646	A	C	1142	60	36	1	1	25	0.000874891	1143	0.999764	FALSE	ORF1ab:cds-YP_009725295.1	ATC	I	CTC	L	461
NC_045512.2	1647	T	C	1205	59	37	1	0	37	0.000829187	1206	0.750311	FALSE	ORF1ab:cds-YP_009724389.1	ATC	I	ACC	T	461
NC_045512.2	1647	T	C	1205	59	37	1	0	37	0.000829187	1206	0.750311	FALSE	ORF1ab:cds-YP_009725295.1	ATC	I	ACC	T	461
NC_045512.2	1648	C	A	1271	65	37	1	0	25	0.000786164	1272	0.999882	FALSE	ORF1ab:cds-YP_009724389.1	ATC	I	ATA	I	461
NC_045512.2	1648	C	A	1271	65	37	1	0	25	0.000786164	1272	0.999882	FALSE	ORF1ab:cds-YP_009725295.1	ATC	I	ATA	I	461
NC_045512.2	1650	A	C	1278	80	37	1	1	25	0.000781861	1279	0.999882	FALSE	ORF1ab:cds-YP_009724389.1	AAT	N	ACT	T	462
NC_045512.2	1650	A	C	1278	80	37	1	1	25	0.000781861	1279	0.999882	FALSE	ORF1ab:cds-YP_009725295.1	AAT	N	ACT	T	462
NC_045512.2	1652	A	C	1298	85	37	1	0	25	0.000769823	1299	0.999882	FALSE	ORF1ab:cds-YP_009724389.1	ATT	I	CTT	L	463
NC_045512.2	1652	A	C	1298	85	37	1	0	25	0.000769823	1299	0.999882	FALSE	ORF1ab:cds-YP_009725295.1	ATT	I	CTT	L	463
NC_045512.2	1653	T	G	1261	87	37	1	1	29	0.000792393	1262	0.999882	FALSE	ORF1ab:cds-YP_009724389.1	ATT	I	AGT	S	463
NC_045512.2	1653	T	G	1261	87	37	1	1	29	0.000792393	1262	0.999882	FALSE	ORF1ab:cds-YP_009725295.1	ATT	I	AGT	S	463
NC_045512.2	1654	T	G	1308	85	38	1	0	25	0.000763942	1309	0.999941	FALSE	ORF1ab:cds-YP_009724389.1	ATT	I	ATG	M	463
NC_045512.2	1654	T	G	1308	85	38	1	0	25	0.000763942	1309	0.999941	FALSE	ORF1ab:cds-YP_009725295.1	ATT	I	ATG	M	463
NC_045512.2	1658	G	A	1358	95	38	1	0	37	0.000735835	1359	0.750276	FALSE	ORF1ab:cds-YP_009724389.1	GGT	G	AGT	S	465
NC_045512.2	1658	G	A	1358	95	38	1	0	37	0.000735835	1359	0.750276	FALSE	ORF1ab:cds-YP_009725295.1	GGT	G	AGT	S	465
NC_045512.2	1667	A	C	1525	107	38	1	0	25	0.000655308	1526	0.999985	FALSE	ORF1ab:cds-YP_009724389.1	AAA	K	CAA	Q	468
NC_045512.2	1667	A	C	1525	107	38	1	0	25	0.000655308	1526	0.999985	FALSE	ORF1ab:cds-YP_009725295.1	AAA	K	CAA	Q	468
NC_045512.2	1670	C	T	1528	105	38	1	1	36	0.000654022	1529	0.750245	FALSE	ORF1ab:cds-YP_009724389.1	CTT	L	TTT	F	469
NC_045512.2	1670	C	T	1528	105	38	1	1	36	0.000654022	1529	0.750245	FALSE	ORF1ab:cds-YP_009725295.1	CTT	L	TTT	F	469
NC_045512.2	1678	A	T	1579	115	38	1	0	25	0.000632911	1580	0.999985	FALSE	ORF1ab:cds-YP_009724389.1	GAA	E	GAT	D	471
NC_045512.2	1678	A	T	1579	115	38	1	0	25	0.000632911	1580	0.999985	FALSE	ORF1ab:cds-YP_009725295.1	GAA	E	GAT	D	471
NC_045512.2	1684	C	T	1571	160	39	1	0	37	0.000636132	1572	0.750239	FALSE	ORF1ab:cds-YP_009724389.1	ATC	I	ATT	I	473
NC_045512.2	1684	C	T	1571	160	39	1	0	37	0.000636132	1572	0.750239	FALSE	ORF1ab:cds-YP_009725295.1	ATC	I	ATT	I	473
NC_045512.2	1685	G	T	1580	178	39	1	0	25	0.000630915	1585	0.999985	FALSE	ORF1ab:cds-YP_009724389.1	GCC	A	TCC	S	474
NC_045512.2	1685	G	T	1580	178	39	1	0	25	0.000630915	1585	0.999985	FALSE	ORF1ab:cds-YP_009725295.1	GCC	A	TCC	S	474
NC_045512.2	1685	G	A	1580	178	39	4	1	37	0.00252366	1585	0.187303	FALSE	ORF1ab:cds-YP_009724389.1	GCC	A	ACC	T	474
NC_045512.2	1685	G	A	1580	178	39	4	1	37	0.00252366	1585	0.187303	FALSE	ORF1ab:cds-YP_009725295.1	GCC	A	ACC	T	474
NC_045512.2	1688	A	T	1576	198	39	1	0	37	0.000634115	1577	0.750238	FALSE	ORF1ab:cds-YP_009724389.1	ATT	I	TTT	F	475
NC_045512.2	1688	A	T	1576	198	39	1	0	37	0.000634115	1577	0.750238	FALSE	ORF1ab:cds-YP_009725295.1	ATT	I	TTT	F	475
NC_045512.2	1691	A	C	1422	217	39	1	0	25	0.000702741	1423	0.999971	FALSE	ORF1ab:cds-YP_009724389.1	ATT	I	CTT	L	476
NC_045512.2	1691	A	C	1422	217	39	1	0	25	0.000702741	1423	0.999971	FALSE	ORF1ab:cds-YP_009725295.1	ATT	I	CTT	L	476
NC_045512.2	1692	T	G	1388	218	39	2	0	25	0.00143885	1390	0.999528	FALSE	ORF1ab:cds-YP_009724389.1	ATT	I	AGT	S	476
NC_045512.2	1692	T	G	1388	218	39	2	0	25	0.00143885	1390	0.999528	FALSE	ORF1ab:cds-YP_009725295.1	ATT	I	AGT	S	476
NC_045512.2	1697	G	A	1421	237	39	4	0	39	0.00280702	1425	0.1875	FALSE	ORF1ab:cds-YP_009724389.1	GCA	A	ACA	T	478
NC_045512.2	1697	G	A	1421	237	39	4	0	39	0.00280702	1425	0.1875	FALSE	ORF1ab:cds-YP_009725295.1	GCA	A	ACA	T	478
NC_045512.2	1698	C	T	1436	245	39	2	1	42	0.00139082	1438	0.250087	FALSE	ORF1ab:cds-YP_009724389.1	GCA	A	GTA	V	478
NC_045512.2	1698	C	T	1436	245	39	2	1	42	0.00139082	1438	0.250087	FALSE	ORF1ab:cds-YP_009725295.1	GCA	A	GTA	V	478
NC_045512.2	1701	C	-T	1192	284	38	1	0	20	0.000838926	1192	0.999765	FALSE	NA	NA	NA	NA	NA	NA
NC_045512.2	1702	T	C	1171	274	38	4	0	37	0.00340426	1175	0.187234	FALSE	ORF1ab:cds-YP_009724389.1	TCT	S	TCC	S	479
NC_045512.2	1702	T	C	1171	274	38	4	0	37	0.00340426	1175	0.187234	FALSE	ORF1ab:cds-YP_009725295.1	TCT	S	TCC	S	479
NC_045512.2	1710	C	T	1135	294	37	2	1	37	0.00175901	1137	0.50033	FALSE	ORF1ab:cds-YP_009724389.1	GCT	A	GTT	V	482
NC_045512.2	1710	C	T	1135	294	37	2	1	37	0.00175901	1137	0.50033	FALSE	ORF1ab:cds-YP_009725295.1	GCT	A	GTT	V	482
NC_045512.2	1711	T	C	1146	277	37	1	0	37	0.00087184	1147	0.750327	FALSE	ORF1ab:cds-YP_009724389.1	GCT	A	GCC	A	482
NC_045512.2	1711	T	C	1146	277	37	1	0	37	0.00087184	1147	0.750327	FALSE	ORF1ab:cds-YP_009725295.1	GCT	A	GCC	A	482
NC_045512.2	1717	A	C	1089	299	37	1	0	25	0.000917431	1090	0.999526	FALSE	ORF1ab:cds-YP_009724389.1	ACA	T	ACC	T	484
NC_045512.2	1717	A	C	1089	299	37	1	0	25	0.000917431	1090	0.999526	FALSE	ORF1ab:cds-YP_009725295.1	ACA	T	ACC	T	484
NC_045512.2	1721	G	T	1157	340	37	2	2	37	0.00172117	1162	0.499353	FALSE	ORF1ab:cds-YP_009724389.1	GCT	A	TCT	S	486
NC_045512.2	1721	G	T	1157	340	37	2	2	37	0.00172117	1162	0.499353	FALSE	ORF1ab:cds-YP_009725295.1	GCT	A	TCT	S	486
NC_045512.2	1721	G	A	1157	340	37	3	1	37	0.00258176	1162	0.312015	FALSE	ORF1ab:cds-YP_009724389.1	GCT	A	ACT	T	486
NC_045512.2	1721	G	A	1157	340	37	3	1	37	0.00258176	1162	0.312015	FALSE	ORF1ab:cds-YP_009725295.1	GCT	A	ACT	T	486
NC_045512.2	1722	C	T	1156	347	37	2	0	37	0.00172712	1158	0.500324	FALSE	ORF1ab:cds-YP_009724389.1	GCT	A	GTT	V	486
NC_045512.2	1722	C	T	1156	347	37	2	0	37	0.00172712	1158	0.500324	FALSE	ORF1ab:cds-YP_009725295.1	GCT	A	GTT	V	486
NC_045512.2	1722	C	+T	1156	347	37	1	0	20	0.000863558	1158	0.999763	FALSE	NA	NA	NA	NA	NA	NA
NC_045512.2	1725	T	G	1105	336	37	1	1	37	0.000904159	1106	0.750339	FALSE	ORF1ab:cds-YP_009724389.1	TTT	F	TGT	C	487
NC_045512.2	1725	T	G	1105	336	37	1	1	37	0.000904159	1106	0.750339	FALSE	ORF1ab:cds-YP_009725295.1	TTT	F	TGT	C	487
NC_045512.2	1733	A	G	1161	381	38	1	1	37	0.000860585	1162	0.750323	FALSE	ORF1ab:cds-YP_009724389.1	ACT	T	GCT	A	490
NC_045512.2	1733	A	G	1161	381	38	1	1	37	0.000860585	1162	0.750323	FALSE	ORF1ab:cds-YP_009725295.1	ACT	T	GCT	A	490
NC_045512.2	1740	A	C	1272	466	38	1	1	25	0.000785546	1273	0.999882	FALSE	ORF1ab:cds-YP_009724389.1	AAA	K	ACA	T	492
NC_045512.2	1740	A	C	1272	466	38	1	1	25	0.000785546	1273	0.999882	FALSE	ORF1ab:cds-YP_009725295.1	AAA	K	ACA	T	492
NC_045512.2	1744	T	G	1236	476	37	1	0	25	0.000807754	1238	0.999882	FALSE	ORF1ab:cds-YP_009724389.1	GGT	G	GGG	G	493
NC_045512.2	1744	T	G	1236	476	37	1	0	25	0.000807754	1238	0.999882	FALSE	ORF1ab:cds-YP_009725295.1	GGT	G	GGG	G	493
NC_045512.2	1744	T	C	1236	476	37	1	0	37	0.000807754	1238	0.750101	FALSE	ORF1ab:cds-YP_009724389.1	GGT	G	GGC	G	493
NC_045512.2	1744	T	C	1236	476	37	1	0	37	0.000807754	1238	0.750101	FALSE	ORF1ab:cds-YP_009725295.1	GGT	G	GGC	G	493
NC_045512.2	1751	T	C	1167	490	37	1	1	36	0.000856164	1168	0.750321	FALSE	ORF1ab:cds-YP_009724389.1	TAT	Y	CAT	H	496
NC_045512.2	1751	T	C	1167	490	37	1	1	36	0.000856164	1168	0.750321	FALSE	ORF1ab:cds-YP_009725295.1	TAT	Y	CAT	H	496
NC_045512.2	1755	A	T	1329	674	39	1	1	37	0.00075188	1330	0.750282	FALSE	ORF1ab:cds-YP_009724389.1	AAA	K	ATA	I	497
NC_045512.2	1755	A	T	1329	674	39	1	1	37	0.00075188	1330	0.750282	FALSE	ORF1ab:cds-YP_009725295.1	AAA	K	ATA	I	497
NC_045512.2	1756	A	C	1282	658	38	1	1	25	0.000779423	1283	0.999882	FALSE	ORF1ab:cds-YP_009724389.1	AAA	K	AAC	N	497
NC_045512.2	1756	A	C	1282	658	38	1	1	25	0.000779423	1283	0.999882	FALSE	ORF1ab:cds-YP_009725295.1	AAA	K	AAC	N	497
NC_045512.2	1757	G	A	1263	650	38	2	0	37	0.00158103	1265	0.500297	FALSE	ORF1ab:cds-YP_009724389.1	GCA	A	ACA	T	498
NC_045512.2	1757	G	A	1263	650	38	2	0	37	0.00158103	1265	0.500297	FALSE	ORF1ab:cds-YP_009725295.1	GCA	A	ACA	T	498
NC_045512.2	1758	C	T	1316	695	38	1	1	37	0.000758725	1318	0.750095	FALSE	ORF1ab:cds-YP_009724389.1	GCA	A	GTA	V	498
NC_045512.2	1758	C	T	1316	695	38	1	1	37	0.000758725	1318	0.750095	FALSE	ORF1ab:cds-YP_009725295.1	GCA	A	GTA	V	498
NC_045512.2	1758	C	A	1316	695	38	1	0	37	0.000758725	1318	0.750095	FALSE	ORF1ab:cds-YP_009724389.1	GCA	A	GAA	E	498
NC_045512.2	1758	C	A	1316	695	38	1	0	37	0.000758725	1318	0.750095	FALSE	ORF1ab:cds-YP_009725295.1	GCA	A	GAA	E	498
NC_045512.2	1761	T	A	1334	717	39	1	1	37	0.000749064	1335	0.750281	FALSE	ORF1ab:cds-YP_009724389.1	TTC	F	TAC	Y	499
NC_045512.2	1761	T	A	1334	717	39	1	1	37	0.000749064	1335	0.750281	FALSE	ORF1ab:cds-YP_009725295.1	TTC	F	TAC	Y	499
NC_045512.2	1770	T	G	1371	908	38	1	1	25	0.000728863	1372	0.999941	FALSE	ORF1ab:cds-YP_009724389.1	ATT	I	AGT	S	502
NC_045512.2	1770	T	G	1371	908	38	1	1	25	0.000728863	1372	0.999941	FALSE	ORF1ab:cds-YP_009725295.1	ATT	I	AGT	S	502
NC_045512.2	1771	T	G	1361	900	38	1	1	25	0.000734214	1362	0.999941	FALSE	ORF1ab:cds-YP_009724389.1	ATT	I	ATG	M	502
NC_045512.2	1771	T	G	1361	900	38	1	1	25	0.000734214	1362	0.999941	FALSE	ORF1ab:cds-YP_009725295.1	ATT	I	ATG	M	502
NC_045512.2	1776	A	T	1440	935	38	1	1	37	0.000693963	1441	0.75026	FALSE	ORF1ab:cds-YP_009724389.1	GAA	E	GTA	V	504
NC_045512.2	1776	A	T	1440	935	38	1	1	37	0.000693963	1441	0.75026	FALSE	ORF1ab:cds-YP_009725295.1	GAA	E	GTA	V	504
NC_045512.2	1782	G	T	1412	885	38	1	1	25	0.000707214	1414	0.999971	FALSE	ORF1ab:cds-YP_009724389.1	TGT	C	TTT	F	506
NC_045512.2	1782	G	T	1412	885	38	1	1	25	0.000707214	1414	0.999971	FALSE	ORF1ab:cds-YP_009725295.1	TGT	C	TTT	F	506
NC_045512.2	1782	G	A	1412	885	38	1	0	37	0.000707214	1414	0.750088	FALSE	ORF1ab:cds-YP_009724389.1	TGT	C	TAT	Y	506
NC_045512.2	1782	G	A	1412	885	38	1	0	37	0.000707214	1414	0.750088	FALSE	ORF1ab:cds-YP_009725295.1	TGT	C	TAT	Y	506
NC_045512.2	1785	G	T	1403	887	38	1	1	25	0.000712251	1404	0.999971	FALSE	ORF1ab:cds-YP_009724389.1	GGT	G	GTT	V	507
NC_045512.2	1785	G	T	1403	887	38	1	1	25	0.000712251	1404	0.999971	FALSE	ORF1ab:cds-YP_009725295.1	GGT	G	GTT	V	507
NC_045512.2	1786	T	C	1410	896	38	1	0	37	0.000708717	1411	0.750266	FALSE	ORF1ab:cds-YP_009724389.1	GGT	G	GGC	G	507
NC_045512.2	1786	T	C	1410	896	38	1	0	37	0.000708717	1411	0.750266	FALSE	ORF1ab:cds-YP_009725295.1	GGT	G	GGC	G	507
NC_045512.2	1787	A	G	1372	899	38	1	0	37	0.000728332	1373	0.750273	FALSE	ORF1ab:cds-YP_009724389.1	AAT	N	GAT	D	508
NC_045512.2	1787	A	G	1372	899	38	1	0	37	0.000728332	1373	0.750273	FALSE	ORF1ab:cds-YP_009725295.1	AAT	N	GAT	D	508
NC_045512.2	1788	A	C	1376	889	38	2	1	28	0.00145138	1378	0.999528	FALSE	ORF1ab:cds-YP_009724389.1	AAT	N	ACT	T	508
NC_045512.2	1788	A	C	1376	889	38	2	1	28	0.00145138	1378	0.999528	FALSE	ORF1ab:cds-YP_009725295.1	AAT	N	ACT	T	508
NC_045512.2	1793	A	G	1413	933	38	1	0	37	0.000707214	1414	0.750265	FALSE	ORF1ab:cds-YP_009724389.1	AAA	K	GAA	E	510
NC_045512.2	1793	A	G	1413	933	38	1	0	37	0.000707214	1414	0.750265	FALSE	ORF1ab:cds-YP_009725295.1	AAA	K	GAA	E	510
NC_045512.2	1795	A	G	1406	933	38	1	0	37	0.000710732	1407	0.750267	FALSE	ORF1ab:cds-YP_009724389.1	AAA	K	AAG	K	510
NC_045512.2	1795	A	G	1406	933	38	1	0	37	0.000710732	1407	0.750267	FALSE	ORF1ab:cds-YP_009725295.1	AAA	K	AAG	K	510
NC_045512.2	1800	C	T	1422	951	38	1	1	37	0.000702741	1423	0.750264	FALSE	ORF1ab:cds-YP_009724389.1	ACA	T	ATA	I	512
NC_045512.2	1800	C	T	1422	951	38	1	1	37	0.000702741	1423	0.750264	FALSE	ORF1ab:cds-YP_009725295.1	ACA	T	ATA	I	512
NC_045512.2	1803	A	G	1355	909	38	1	0	37	0.00073692	1357	0.750092	FALSE	ORF1ab:cds-YP_009724389.1	AAA	K	AGA	R	513
NC_045512.2	1803	A	G	1355	909	38	1	0	37	0.00073692	1357	0.750092	FALSE	ORF1ab:cds-YP_009725295.1	AAA	K	AGA	R	513
NC_045512.2	1803	A	C	1355	909	38	1	1	25	0.00073692	1357	0.999941	FALSE	ORF1ab:cds-YP_009724389.1	AAA	K	ACA	T	513
NC_045512.2	1803	A	C	1355	909	38	1	1	25	0.00073692	1357	0.999941	FALSE	ORF1ab:cds-YP_009725295.1	AAA	K	ACA	T	513
NC_045512.2	1804	A	G	1377	932	38	1	1	37	0.000725163	1379	0.750091	FALSE	ORF1ab:cds-YP_009724389.1	AAA	K	AAG	K	513
NC_045512.2	1804	A	G	1377	932	38	1	1	37	0.000725163	1379	0.750091	FALSE	ORF1ab:cds-YP_009725295.1	AAA	K	AAG	K	513
NC_045512.2	1804	A	C	1377	932	38	1	1	25	0.000725163	1379	0.999941	FALSE	ORF1ab:cds-YP_009724389.1	AAA	K	AAC	N	513
NC_045512.2	1804	A	C	1377	932	38	1	1	25	0.000725163	1379	0.999941	FALSE	ORF1ab:cds-YP_009725295.1	AAA	K	AAC	N	513
NC_045512.2	1808	A	G	1396	954	38	1	1	37	0.00071582	1397	0.750269	FALSE	ORF1ab:cds-YP_009724389.1	AAA	K	GAA	E	515
NC_045512.2	1808	A	G	1396	954	38	1	1	37	0.00071582	1397	0.750269	FALSE	ORF1ab:cds-YP_009725295.1	AAA	K	GAA	E	515
NC_045512.2	1810	A	C	1367	943	38	1	1	25	0.000730994	1368	0.999941	FALSE	ORF1ab:cds-YP_009724389.1	AAA	K	AAC	N	515
NC_045512.2	1810	A	C	1367	943	38	1	1	25	0.000730994	1368	0.999941	FALSE	ORF1ab:cds-YP_009725295.1	AAA	K	AAC	N	515
NC_045512.2	1811	G	A	1397	957	38	1	1	48	0.000715308	1398	0.500179	FALSE	ORF1ab:cds-YP_009724389.1	GCT	A	ACT	T	516
NC_045512.2	1811	G	A	1397	957	38	1	1	48	0.000715308	1398	0.500179	FALSE	ORF1ab:cds-YP_009725295.1	GCT	A	ACT	T	516
NC_045512.2	1813	T	C	1420	986	38	1	0	37	0.00070373	1421	0.750264	FALSE	ORF1ab:cds-YP_009724389.1	GCT	A	GCC	A	516
NC_045512.2	1813	T	C	1420	986	38	1	0	37	0.00070373	1421	0.750264	FALSE	ORF1ab:cds-YP_009725295.1	GCT	A	GCC	A	516
NC_045512.2	1813	T	-A	1420	986	38	6	0	20	0.00422238	1421	0.980113	FALSE	NA	NA	NA	NA	NA	NA
NC_045512.2	1813	T	+A	1420	986	38	2	0	20	0.00140746	1421	0.999751	FALSE	NA	NA	NA	NA	NA	NA
NC_045512.2	1817	A	C	1375	951	37	2	2	25	0.00145243	1377	0.999528	FALSE	ORF1ab:cds-YP_009724389.1	AAA	K	CAA	Q	518
NC_045512.2	1817	A	C	1375	951	37	2	2	25	0.00145243	1377	0.999528	FALSE	ORF1ab:cds-YP_009725295.1	AAA	K	CAA	Q	518
NC_045512.2	1820	G	A	1359	967	37	1	0	37	0.000735294	1360	0.750276	FALSE	ORF1ab:cds-YP_009724389.1	GGT	G	AGT	S	519
NC_045512.2	1820	G	A	1359	967	37	1	0	37	0.000735294	1360	0.750276	FALSE	ORF1ab:cds-YP_009725295.1	GGT	G	AGT	S	519
NC_045512.2	1822	T	G	1342	950	38	1	0	22	0.000744048	1344	0.999941	FALSE	ORF1ab:cds-YP_009724389.1	GGT	G	GGG	G	519
NC_045512.2	1822	T	G	1342	950	38	1	0	22	0.000744048	1344	0.999941	FALSE	ORF1ab:cds-YP_009725295.1	GGT	G	GGG	G	519
NC_045512.2	1822	T	C	1342	950	38	1	1	37	0.000744048	1344	0.750093	FALSE	ORF1ab:cds-YP_009724389.1	GGT	G	GGC	G	519
NC_045512.2	1822	T	C	1342	950	38	1	1	37	0.000744048	1344	0.750093	FALSE	ORF1ab:cds-YP_009725295.1	GGT	G	GGC	G	519
NC_045512.2	1824	C	T	1359	984	38	2	2	37	0.00146951	1361	0.500276	FALSE	ORF1ab:cds-YP_009724389.1	GCC	A	GTC	V	520
NC_045512.2	1824	C	T	1359	984	38	2	2	37	0.00146951	1361	0.500276	FALSE	ORF1ab:cds-YP_009725295.1	GCC	A	GTC	V	520
NC_045512.2	1826	T	A	1577	1222	39	6	6	37	0.00379027	1583	0.0623962	FALSE	ORF1ab:cds-YP_009724389.1	TGG	W	AGG	R	521
NC_045512.2	1826	T	A	1577	1222	39	6	6	37	0.00379027	1583	0.0623962	FALSE	ORF1ab:cds-YP_009725295.1	TGG	W	AGG	R	521
NC_045512.2	1829	A	G	1598	1254	39	1	1	37	0.000625391	1599	0.750235	FALSE	ORF1ab:cds-YP_009724389.1	AAT	N	GAT	D	522
NC_045512.2	1829	A	G	1598	1254	39	1	1	37	0.000625391	1599	0.750235	FALSE	ORF1ab:cds-YP_009725295.1	AAT	N	GAT	D	522
NC_045512.2	1830	A	G	1540	1221	38	1	1	37	0.000648929	1541	0.750243	FALSE	ORF1ab:cds-YP_009724389.1	AAT	N	AGT	S	522
NC_045512.2	1830	A	G	1540	1221	38	1	1	37	0.000648929	1541	0.750243	FALSE	ORF1ab:cds-YP_009725295.1	AAT	N	AGT	S	522
NC_045512.2	1834	T	C	1576	1232	39	1	0	37	0.000634115	1577	0.750238	FALSE	ORF1ab:cds-YP_009724389.1	ATT	I	ATC	I	523
NC_045512.2	1834	T	C	1576	1232	39	1	0	37	0.000634115	1577	0.750238	FALSE	ORF1ab:cds-YP_009725295.1	ATT	I	ATC	I	523
NC_045512.2	1836	G	A	1585	1321	39	1	1	37	0.000630517	1586	0.750237	FALSE	ORF1ab:cds-YP_009724389.1	GGT	G	GAT	D	524
NC_045512.2	1836	G	A	1585	1321	39	1	1	37	0.000630517	1586	0.750237	FALSE	ORF1ab:cds-YP_009725295.1	GGT	G	GAT	D	524
NC_045512.2	1837	T	C	1483	1233	39	1	1	25	0.000673854	1484	0.999971	FALSE	ORF1ab:cds-YP_009724389.1	GGT	G	GGC	G	524
NC_045512.2	1837	T	C	1483	1233	39	1	1	25	0.000673854	1484	0.999971	FALSE	ORF1ab:cds-YP_009725295.1	GGT	G	GGC	G	524
NC_045512.2	1839	A	T	1497	1245	39	1	1	37	0.000667557	1498	0.75025	FALSE	ORF1ab:cds-YP_009724389.1	GAA	E	GTA	V	525
NC_045512.2	1839	A	T	1497	1245	39	1	1	37	0.000667557	1498	0.75025	FALSE	ORF1ab:cds-YP_009725295.1	GAA	E	GTA	V	525
NC_045512.2	1845	A	G	1441	1219	38	1	1	37	0.000693481	1442	0.75026	FALSE	ORF1ab:cds-YP_009724389.1	AAA	K	AGA	R	527
NC_045512.2	1845	A	G	1441	1219	38	1	1	37	0.000693481	1442	0.75026	FALSE	ORF1ab:cds-YP_009725295.1	AAA	K	AGA	R	527
NC_045512.2	1851	T	G	1375	1182	37	1	1	25	0.000726744	1376	0.999941	FALSE	ORF1ab:cds-YP_009724389.1	ATA	I	AGA	R	529
NC_045512.2	1851	T	G	1375	1182	37	1	1	25	0.000726744	1376	0.999941	FALSE	ORF1ab:cds-YP_009725295.1	ATA	I	AGA	R	529
NC_045512.2	1852	A	C	1362	1177	38	1	1	25	0.000733676	1363	0.999941	FALSE	ORF1ab:cds-YP_009724389.1	ATA	I	ATC	I	529
NC_045512.2	1852	A	C	1362	1177	38	1	1	25	0.000733676	1363	0.999941	FALSE	ORF1ab:cds-YP_009725295.1	ATA	I	ATC	I	529
NC_045512.2	1856	A	G	1313	1156	39	1	1	37	0.000761035	1314	0.750285	FALSE	ORF1ab:cds-YP_009724389.1	AGT	S	GGT	G	531
NC_045512.2	1856	A	G	1313	1156	39	1	1	37	0.000761035	1314	0.750285	FALSE	ORF1ab:cds-YP_009725295.1	AGT	S	GGT	G	531
NC_045512.2	1858	T	C	1312	1161	39	2	2	37	0.00152207	1314	0.500286	FALSE	ORF1ab:cds-YP_009724389.1	AGT	S	AGC	S	531
NC_045512.2	1858	T	C	1312	1161	39	2	2	37	0.00152207	1314	0.500286	FALSE	ORF1ab:cds-YP_009725295.1	AGT	S	AGC	S	531
NC_045512.2	1864	T	C	1296	1160	39	1	1	25	0.00077101	1297	0.999882	FALSE	ORF1ab:cds-YP_009724389.1	CTT	L	CTC	L	533
NC_045512.2	1864	T	C	1296	1160	39	1	1	25	0.00077101	1297	0.999882	FALSE	ORF1ab:cds-YP_009725295.1	CTT	L	CTC	L	533
NC_045512.2	1867	T	G	1274	1140	40	1	1	25	0.000784314	1275	0.999882	FALSE	ORF1ab:cds-YP_009724389.1	TAT	Y	TAG	*	534
NC_045512.2	1867	T	G	1274	1140	40	1	1	25	0.000784314	1275	0.999882	FALSE	ORF1ab:cds-YP_009725295.1	TAT	Y	TAG	*	534
NC_045512.2	1868	G	A	1282	1149	40	1	1	37	0.000779423	1283	0.750292	FALSE	ORF1ab:cds-YP_009724389.1	GCA	A	ACA	T	535
NC_045512.2	1868	G	A	1282	1149	40	1	1	37	0.000779423	1283	0.750292	FALSE	ORF1ab:cds-YP_009725295.1	GCA	A	ACA	T	535
NC_045512.2	1869	C	T	1278	1147	40	1	1	37	0.000781861	1279	0.750293	FALSE	ORF1ab:cds-YP_009724389.1	GCA	A	GTA	V	535
NC_045512.2	1869	C	T	1278	1147	40	1	1	37	0.000781861	1279	0.750293	FALSE	ORF1ab:cds-YP_009725295.1	GCA	A	GTA	V	535
NC_045512.2	1870	A	G	1224	1093	40	1	1	37	0.000816327	1225	0.750306	FALSE	ORF1ab:cds-YP_009724389.1	GCA	A	GCG	A	535
NC_045512.2	1870	A	G	1224	1093	40	1	1	37	0.000816327	1225	0.750306	FALSE	ORF1ab:cds-YP_009725295.1	GCA	A	GCG	A	535
NC_045512.2	1872	T	G	1051	926	39	1	1	25	0.00095057	1052	0.999527	FALSE	ORF1ab:cds-YP_009724389.1	TTT	F	TGT	C	536
NC_045512.2	1872	T	G	1051	926	39	1	1	25	0.00095057	1052	0.999527	FALSE	ORF1ab:cds-YP_009725295.1	TTT	F	TGT	C	536
NC_045512.2	1877	T	A	1099	1007	39	1	1	25	0.000909091	1100	0.999763	FALSE	ORF1ab:cds-YP_009724389.1	TCA	S	ACA	T	538
NC_045512.2	1877	T	A	1099	1007	39	1	1	25	0.000909091	1100	0.999763	FALSE	ORF1ab:cds-YP_009725295.1	TCA	S	ACA	T	538
NC_045512.2	1879	A	G	1076	1003	38	1	0	22	0.000928505	1077	0.999527	FALSE	ORF1ab:cds-YP_009724389.1	TCA	S	TCG	S	538
NC_045512.2	1879	A	G	1076	1003	38	1	0	22	0.000928505	1077	0.999527	FALSE	ORF1ab:cds-YP_009725295.1	TCA	S	TCG	S	538
NC_045512.2	1883	G	A	1057	984	38	1	1	37	0.00094518	1058	0.750355	FALSE	ORF1ab:cds-YP_009724389.1	GCT	A	ACT	T	540
NC_045512.2	1883	G	A	1057	984	38	1	1	37	0.00094518	1058	0.750355	FALSE	ORF1ab:cds-YP_009725295.1	GCT	A	ACT	T	540
NC_045512.2	1886	G	A	1033	960	38	1	1	37	0.000967118	1034	0.750363	FALSE	ORF1ab:cds-YP_009724389.1	GCT	A	ACT	T	541
NC_045512.2	1886	G	A	1033	960	38	1	1	37	0.000967118	1034	0.750363	FALSE	ORF1ab:cds-YP_009725295.1	GCT	A	ACT	T	541
NC_045512.2	1887	C	T	1020	947	38	1	1	74	0.000979432	1021	0.500245	FALSE	ORF1ab:cds-YP_009724389.1	GCT	A	GTT	V	541
NC_045512.2	1887	C	T	1020	947	38	1	1	74	0.000979432	1021	0.500245	FALSE	ORF1ab:cds-YP_009725295.1	GCT	A	GTT	V	541
NC_045512.2	1890	G	A	1013	949	38	1	1	37	0.000986193	1014	0.75037	FALSE	ORF1ab:cds-YP_009724389.1	CGT	R	CAT	H	542
NC_045512.2	1890	G	A	1013	949	38	1	1	37	0.000986193	1014	0.75037	FALSE	ORF1ab:cds-YP_009725295.1	CGT	R	CAT	H	542
NC_045512.2	1891	T	C	985	923	38	1	1	25	0.0010142	986	0.99905	FALSE	ORF1ab:cds-YP_009724389.1	CGT	R	CGC	R	542
NC_045512.2	1891	T	C	985	923	38	1	1	25	0.0010142	986	0.99905	FALSE	ORF1ab:cds-YP_009725295.1	CGT	R	CGC	R	542
NC_045512.2	1898	C	T	954	892	38	1	1	37	0.00104603	956	0.5	FALSE	ORF1ab:cds-YP_009724389.1	CGA	R	TGA	*	545
NC_045512.2	1898	C	T	954	892	38	1	1	37	0.00104603	956	0.5	FALSE	ORF1ab:cds-YP_009725295.1	CGA	R	TGA	*	545
NC_045512.2	1898	C	A	954	892	38	1	1	37	0.00104603	956	0.5	FALSE	ORF1ab:cds-YP_009724389.1	CGA	R	AGA	R	545
NC_045512.2	1898	C	A	954	892	38	1	1	37	0.00104603	956	0.5	FALSE	ORF1ab:cds-YP_009725295.1	CGA	R	AGA	R	545
NC_045512.2	1899	G	T	916	853	38	1	1	37	0.00109051	917	0.500273	FALSE	ORF1ab:cds-YP_009724389.1	CGA	R	CTA	L	545
NC_045512.2	1899	G	T	916	853	38	1	1	37	0.00109051	917	0.500273	FALSE	ORF1ab:cds-YP_009725295.1	CGA	R	CTA	L	545
NC_045512.2	1901	T	C	449	415	38	458	431	38	0.504961	907	1.211e-172	TRUE	ORF1ab:cds-YP_009724389.1	TCA	S	CCA	P	546
NC_045512.2	1901	T	C	449	415	38	458	431	38	0.504961	907	1.211e-172	TRUE	ORF1ab:cds-YP_009725295.1	TCA	S	CCA	P	546
NC_045512.2	1904	A	-T	862	804	38	1	0	20	0.00116009	862	0.998107	FALSE	NA	NA	NA	NA	NA	NA
NC_045512.2	1910	T	G	2563	896	37	1	1	37	0.000390016	2564	0.875146	FALSE	ORF1ab:cds-YP_009724389.1	TCC	S	GCC	A	549
NC_045512.2	1910	T	G	2563	896	37	1	1	37	0.000390016	2564	0.875146	FALSE	ORF1ab:cds-YP_009725295.1	TCC	S	GCC	A	549
NC_045512.2	1911	C	T	2600	914	37	1	0	37	0.000384468	2601	0.875144	FALSE	ORF1ab:cds-YP_009724389.1	TCC	S	TTC	F	549
NC_045512.2	1911	C	T	2600	914	37	1	0	37	0.000384468	2601	0.875144	FALSE	ORF1ab:cds-YP_009725295.1	TCC	S	TTC	F	549
NC_045512.2	1912	C	A	2586	909	37	1	1	37	0.000386548	2587	0.875145	FALSE	ORF1ab:cds-YP_009724389.1	TCC	S	TCA	S	549
NC_045512.2	1912	C	A	2586	909	37	1	1	37	0.000386548	2587	0.875145	FALSE	ORF1ab:cds-YP_009725295.1	TCC	S	TCA	S	549
NC_045512.2	1914	G	A	2573	873	37	6	3	35	0.00232648	2579	0.144468	FALSE	ORF1ab:cds-YP_009724389.1	CGC	R	CAC	H	550
NC_045512.2	1914	G	A	2573	873	37	6	3	35	0.00232648	2579	0.144468	FALSE	ORF1ab:cds-YP_009725295.1	CGC	R	CAC	H	550
NC_045512.2	1915	C	T	2574	888	37	1	1	37	0.00038835	2575	0.875146	FALSE	ORF1ab:cds-YP_009724389.1	CGC	R	CGT	R	550
NC_045512.2	1915	C	T	2574	888	37	1	1	37	0.00038835	2575	0.875146	FALSE	ORF1ab:cds-YP_009725295.1	CGC	R	CGT	R	550
NC_045512.2	1918	T	G	3866	879	37	3	1	33	0.000775194	3870	0.656311	FALSE	ORF1ab:cds-YP_009724389.1	ACT	T	ACG	T	551
NC_045512.2	1918	T	G	3866	879	37	3	1	33	0.000775194	3870	0.656311	FALSE	ORF1ab:cds-YP_009725295.1	ACT	T	ACG	T	551
NC_045512.2	1918	T	C	3866	879	37	1	1	37	0.000258398	3870	0.937484	FALSE	ORF1ab:cds-YP_009724389.1	ACT	T	ACC	T	551
NC_045512.2	1918	T	C	3866	879	37	1	1	37	0.000258398	3870	0.937484	FALSE	ORF1ab:cds-YP_009725295.1	ACT	T	ACC	T	551
NC_045512.2	1919	C	A	4290	897	37	1	1	25	0.000233046	4291	1	FALSE	ORF1ab:cds-YP_009724389.1	CTT	L	ATT	I	552
NC_045512.2	1919	C	A	4290	897	37	1	1	25	0.000233046	4291	1	FALSE	ORF1ab:cds-YP_009725295.1	CTT	L	ATT	I	552
NC_045512.2	1921	T	C	4380	911	37	4	0	37	0.000912201	4385	0.636781	FALSE	ORF1ab:cds-YP_009724389.1	CTT	L	CTC	L	552
NC_045512.2	1921	T	C	4380	911	37	4	0	37	0.000912201	4385	0.636781	FALSE	ORF1ab:cds-YP_009725295.1	CTT	L	CTC	L	552
NC_045512.2	1921	T	A	4380	911	37	1	1	37	0.00022805	4385	0.968732	FALSE	ORF1ab:cds-YP_009724389.1	CTT	L	CTA	L	552
NC_045512.2	1921	T	A	4380	911	37	1	1	37	0.00022805	4385	0.968732	FALSE	ORF1ab:cds-YP_009725295.1	CTT	L	CTA	L	552
NC_045512.2	1922	G	A	4471	925	37	1	0	37	0.000223614	4472	0.968802	FALSE	ORF1ab:cds-YP_009724389.1	GAA	E	AAA	K	553
NC_045512.2	1922	G	A	4471	925	37	1	0	37	0.000223614	4472	0.968802	FALSE	ORF1ab:cds-YP_009725295.1	GAA	E	AAA	K	553
NC_045512.2	1924	A	C	4470	891	37	1	1	25	0.000223664	4471	1	FALSE	ORF1ab:cds-YP_009724389.1	GAA	E	GAC	D	553
NC_045512.2	1924	A	C	4470	891	37	1	1	25	0.000223664	4471	1	FALSE	ORF1ab:cds-YP_009725295.1	GAA	E	GAC	D	553
NC_045512.2	1926	C	T	4416	897	37	1	0	37	0.000226398	4417	0.968803	FALSE	ORF1ab:cds-YP_009724389.1	ACT	T	ATT	I	554
NC_045512.2	1926	C	T	4416	897	37	1	0	37	0.000226398	4417	0.968803	FALSE	ORF1ab:cds-YP_009725295.1	ACT	T	ATT	I	554
NC_045512.2	1927	T	C	4165	603	37	1	0	37	0.000240038	4166	0.968806	FALSE	ORF1ab:cds-YP_009724389.1	ACT	T	ACC	T	554
NC_045512.2	1927	T	C	4165	603	37	1	0	37	0.000240038	4166	0.968806	FALSE	ORF1ab:cds-YP_009725295.1	ACT	T	ACC	T	554
NC_045512.2	1928	G	A	4565	611	37	6	2	39	0.00131262	4571	0.37702	FALSE	ORF1ab:cds-YP_009724389.1	GCT	A	ACT	T	555
NC_045512.2	1928	G	A	4565	611	37	6	2	39	0.00131262	4571	0.37702	FALSE	ORF1ab:cds-YP_009725295.1	GCT	A	ACT	T	555
NC_045512.2	1929	C	T	4482	630	37	4	2	46	0.000891266	4488	0.0624304	FALSE	ORF1ab:cds-YP_009724389.1	GCT	A	GTT	V	555
NC_045512.2	1929	C	T	4482	630	37	4	2	46	0.000891266	4488	0.0624304	FALSE	ORF1ab:cds-YP_009725295.1	GCT	A	GTT	V	555
NC_045512.2	1929	C	A	4482	630	37	2	0	37	0.000445633	4488	0.890547	FALSE	ORF1ab:cds-YP_009724389.1	GCT	A	GAT	D	555
NC_045512.2	1929	C	A	4482	630	37	2	0	37	0.000445633	4488	0.890547	FALSE	ORF1ab:cds-YP_009725295.1	GCT	A	GAT	D	555
NC_045512.2	1930	T	C	4548	626	37	3	0	33	0.000659051	4552	0.773528	FALSE	ORF1ab:cds-YP_009724389.1	GCT	A	GCC	A	555
NC_045512.2	1930	T	C	4548	626	37	3	0	33	0.000659051	4552	0.773528	FALSE	ORF1ab:cds-YP_009725295.1	GCT	A	GCC	A	555
NC_045512.2	1930	T	A	4548	626	37	1	0	25	0.000219684	4552	1	FALSE	ORF1ab:cds-YP_009724389.1	GCT	A	GCA	A	555
NC_045512.2	1930	T	A	4548	626	37	1	0	25	0.000219684	4552	1	FALSE	ORF1ab:cds-YP_009725295.1	GCT	A	GCA	A	555
NC_045512.2	1931	C	T	4641	624	37	1	0	37	0.000215424	4642	0.9688	FALSE	ORF1ab:cds-YP_009724389.1	CAA	Q	TAA	*	556
NC_045512.2	1931	C	T	4641	624	37	1	0	37	0.000215424	4642	0.9688	FALSE	ORF1ab:cds-YP_009725295.1	CAA	Q	TAA	*	556
NC_045512.2	1931	C	-A	4641	624	37	1	0	20	0.000215424	4642	1	FALSE	NA	NA	NA	NA	NA	NA
NC_045512.2	1932	A	C	4606	626	37	1	0	25	0.000217061	4607	1	FALSE	ORF1ab:cds-YP_009724389.1	CAA	Q	CCA	P	556
NC_045512.2	1932	A	C	4606	626	37	1	0	25	0.000217061	4607	1	FALSE	ORF1ab:cds-YP_009725295.1	CAA	Q	CCA	P	556
NC_045512.2	1933	A	T	4583	667	37	1	0	37	0.000218103	4585	0.968784	FALSE	ORF1ab:cds-YP_009724389.1	CAA	Q	CAT	H	556
NC_045512.2	1933	A	T	4583	667	37	1	0	37	0.000218103	4585	0.968784	FALSE	ORF1ab:cds-YP_009725295.1	CAA	Q	CAT	H	556
NC_045512.2	1933	A	G	4583	667	37	1	0	37	0.000218103	4585	0.968784	FALSE	ORF1ab:cds-YP_009724389.1	CAA	Q	CAG	Q	556
NC_045512.2	1933	A	G	4583	667	37	1	0	37	0.000218103	4585	0.968784	FALSE	ORF1ab:cds-YP_009725295.1	CAA	Q	CAG	Q	556
NC_045512.2	1934	A	C	4605	654	37	2	1	27	0.000434122	4607	1	FALSE	ORF1ab:cds-YP_009724389.1	AAT	N	CAT	H	557
NC_045512.2	1934	A	C	4605	654	37	2	1	27	0.000434122	4607	1	FALSE	ORF1ab:cds-YP_009725295.1	AAT	N	CAT	H	557
NC_045512.2	1935	A	T	4618	603	37	1	0	37	0.00021645	4620	0.968784	FALSE	ORF1ab:cds-YP_009724389.1	AAT	N	ATT	I	557
NC_045512.2	1935	A	T	4618	603	37	1	0	37	0.00021645	4620	0.968784	FALSE	ORF1ab:cds-YP_009725295.1	AAT	N	ATT	I	557
NC_045512.2	1935	A	C	4618	603	37	1	1	37	0.00021645	4620	0.968784	FALSE	ORF1ab:cds-YP_009724389.1	AAT	N	ACT	T	557
NC_045512.2	1935	A	C	4618	603	37	1	1	37	0.00021645	4620	0.968784	FALSE	ORF1ab:cds-YP_009725295.1	AAT	N	ACT	T	557
NC_045512.2	1936	T	A	4599	597	37	1	0	37	0.000217391	4600	0.968801	FALSE	ORF1ab:cds-YP_009724389.1	AAT	N	AAA	K	557
NC_045512.2	1936	T	A	4599	597	37	1	0	37	0.000217391	4600	0.968801	FALSE	ORF1ab:cds-YP_009725295.1	AAT	N	AAA	K	557
NC_045512.2	1938	C	A	4552	564	37	1	0	37	0.000219635	4553	0.968801	FALSE	ORF1ab:cds-YP_009724389.1	TCT	S	TAT	Y	558
NC_045512.2	1938	C	A	4552	564	37	1	0	37	0.000219635	4553	0.968801	FALSE	ORF1ab:cds-YP_009725295.1	TCT	S	TAT	Y	558
NC_045512.2	1939	T	C	4569	552	37	1	1	37	0.000218818	4570	0.968801	FALSE	ORF1ab:cds-YP_009724389.1	TCT	S	TCC	S	558
NC_045512.2	1939	T	C	4569	552	37	1	1	37	0.000218818	4570	0.968801	FALSE	ORF1ab:cds-YP_009725295.1	TCT	S	TCC	S	558
NC_045512.2	1941	T	G	4492	544	37	1	0	25	0.000222469	4495	1	FALSE	ORF1ab:cds-YP_009724389.1	GTG	V	GGG	G	559
NC_045512.2	1941	T	G	4492	544	37	1	0	25	0.000222469	4495	1	FALSE	ORF1ab:cds-YP_009725295.1	GTG	V	GGG	G	559
NC_045512.2	1941	T	C	4492	544	37	1	0	25	0.000222469	4495	1	FALSE	ORF1ab:cds-YP_009724389.1	GTG	V	GCG	A	559
NC_045512.2	1941	T	C	4492	544	37	1	0	25	0.000222469	4495	1	FALSE	ORF1ab:cds-YP_009725295.1	GTG	V	GCG	A	559
NC_045512.2	1941	T	A	4492	544	37	1	0	37	0.000222469	4495	0.968767	FALSE	ORF1ab:cds-YP_009724389.1	GTG	V	GAG	E	559
NC_045512.2	1941	T	A	4492	544	37	1	0	37	0.000222469	4495	0.968767	FALSE	ORF1ab:cds-YP_009725295.1	GTG	V	GAG	E	559
NC_045512.2	1943	C	T	4208	253	37	12	1	39	0.00284293	4221	0.0382682	FALSE	ORF1ab:cds-YP_009724389.1	CGT	R	TGT	C	560
NC_045512.2	1943	C	T	4208	253	37	12	1	39	0.00284293	4221	0.0382682	FALSE	ORF1ab:cds-YP_009725295.1	CGT	R	TGT	C	560
NC_045512.2	1943	C	A	4208	253	37	1	0	37	0.000236911	4221	0.968583	FALSE	ORF1ab:cds-YP_009724389.1	CGT	R	AGT	S	560
NC_045512.2	1943	C	A	4208	253	37	1	0	37	0.000236911	4221	0.968583	FALSE	ORF1ab:cds-YP_009725295.1	CGT	R	AGT	S	560
NC_045512.2	1944	G	A	4412	260	38	4	0	34	0.000905797	4416	0.636905	FALSE	ORF1ab:cds-YP_009724389.1	CGT	R	CAT	H	560
NC_045512.2	1944	G	A	4412	260	38	4	0	34	0.000905797	4416	0.636905	FALSE	ORF1ab:cds-YP_009725295.1	CGT	R	CAT	H	560
NC_045512.2	1945	T	G	4295	262	37	1	0	37	0.000232775	4296	0.968805	FALSE	ORF1ab:cds-YP_009724389.1	CGT	R	CGG	R	560
NC_045512.2	1945	T	G	4295	262	37	1	0	37	0.000232775	4296	0.968805	FALSE	ORF1ab:cds-YP_009725295.1	CGT	R	CGG	R	560
NC_045512.2	1947	T	G	4516	260	37	1	0	25	0.000221239	4520	1	FALSE	ORF1ab:cds-YP_009724389.1	GTT	V	GGT	G	561
NC_045512.2	1947	T	G	4516	260	37	1	0	25	0.000221239	4520	1	FALSE	ORF1ab:cds-YP_009725295.1	GTT	V	GGT	G	561
NC_045512.2	1947	T	C	4516	260	37	3	0	37	0.000663717	4520	0.773528	FALSE	ORF1ab:cds-YP_009724389.1	GTT	V	GCT	A	561
NC_045512.2	1947	T	C	4516	260	37	3	0	37	0.000663717	4520	0.773528	FALSE	ORF1ab:cds-YP_009725295.1	GTT	V	GCT	A	561
NC_045512.2	1948	T	G	4553	275	37	1	0	25	0.000219587	4554	1	FALSE	ORF1ab:cds-YP_009724389.1	GTT	V	GTG	V	561
NC_045512.2	1948	T	G	4553	275	37	1	0	25	0.000219587	4554	1	FALSE	ORF1ab:cds-YP_009725295.1	GTT	V	GTG	V	561
NC_045512.2	1949	T	C	4640	280	38	1	0	25	0.000215424	4642	1	FALSE	ORF1ab:cds-YP_009724389.1	TTA	L	CTA	L	562
NC_045512.2	1949	T	C	4640	280	38	1	0	25	0.000215424	4642	1	FALSE	ORF1ab:cds-YP_009725295.1	TTA	L	CTA	L	562
NC_045512.2	1949	T	A	4640	280	38	1	0	37	0.000215424	4642	0.968784	FALSE	ORF1ab:cds-YP_009724389.1	TTA	L	ATA	I	562
NC_045512.2	1949	T	A	4640	280	38	1	0	37	0.000215424	4642	0.968784	FALSE	ORF1ab:cds-YP_009725295.1	TTA	L	ATA	I	562
NC_045512.2	1950	T	A	4728	279	38	1	0	25	0.000211461	4729	1	FALSE	ORF1ab:cds-YP_009724389.1	TTA	L	TAA	*	562
NC_045512.2	1950	T	A	4728	279	38	1	0	25	0.000211461	4729	1	FALSE	ORF1ab:cds-YP_009725295.1	TTA	L	TAA	*	562
NC_045512.2	1951	A	G	4801	282	38	1	0	25	0.000208247	4802	1	FALSE	ORF1ab:cds-YP_009724389.1	TTA	L	TTG	L	562
NC_045512.2	1951	A	G	4801	282	38	1	0	25	0.000208247	4802	1	FALSE	ORF1ab:cds-YP_009725295.1	TTA	L	TTG	L	562
NC_045512.2	1956	A	T	4772	346	38	1	0	37	0.000209424	4775	0.968766	FALSE	ORF1ab:cds-YP_009724389.1	AAG	K	ATG	M	564
NC_045512.2	1956	A	T	4772	346	38	1	0	37	0.000209424	4775	0.968766	FALSE	ORF1ab:cds-YP_009725295.1	AAG	K	ATG	M	564
NC_045512.2	1956	A	G	4772	346	38	1	0	25	0.000209424	4775	1	FALSE	ORF1ab:cds-YP_009724389.1	AAG	K	AGG	R	564
NC_045512.2	1956	A	G	4772	346	38	1	0	25	0.000209424	4775	1	FALSE	ORF1ab:cds-YP_009725295.1	AAG	K	AGG	R	564
NC_045512.2	1956	A	C	4772	346	38	1	0	25	0.000209424	4775	1	FALSE	ORF1ab:cds-YP_009724389.1	AAG	K	ACG	T	564
NC_045512.2	1956	A	C	4772	346	38	1	0	25	0.000209424	4775	1	FALSE	ORF1ab:cds-YP_009725295.1	AAG	K	ACG	T	564
NC_045512.2	1958	G	A	4866	351	38	1	0	37	0.000205465	4867	0.968798	FALSE	ORF1ab:cds-YP_009724389.1	GCC	A	ACC	T	565
NC_045512.2	1958	G	A	4866	351	38	1	0	37	0.000205465	4867	0.968798	FALSE	ORF1ab:cds-YP_009725295.1	GCC	A	ACC	T	565
NC_045512.2	1959	C	T	4895	349	38	12	2	40	0.00244499	4908	0.000242502	TRUE	ORF1ab:cds-YP_009724389.1	GCC	A	GTC	V	565
NC_045512.2	1959	C	T	4895	349	38	12	2	40	0.00244499	4908	0.000242502	TRUE	ORF1ab:cds-YP_009725295.1	GCC	A	GTC	V	565
NC_045512.2	1959	C	G	4895	349	38	1	0	37	0.000203749	4908	0.968606	FALSE	ORF1ab:cds-YP_009724389.1	GCC	A	GGC	G	565
NC_045512.2	1959	C	G	4895	349	38	1	0	37	0.000203749	4908	0.968606	FALSE	ORF1ab:cds-YP_009725295.1	GCC	A	GGC	G	565
NC_045512.2	1960	C	T	4880	353	38	1	0	37	0.000204876	4881	0.968798	FALSE	ORF1ab:cds-YP_009724389.1	GCC	A	GCT	A	565
NC_045512.2	1960	C	T	4880	353	38	1	0	37	0.000204876	4881	0.968798	FALSE	ORF1ab:cds-YP_009725295.1	GCC	A	GCT	A	565
NC_045512.2	1961	G	A	4985	347	38	9	1	35	0.00180216	4994	0.133344	FALSE	ORF1ab:cds-YP_009724389.1	GCT	A	ACT	T	566
NC_045512.2	1961	G	A	4985	347	38	9	1	35	0.00180216	4994	0.133344	FALSE	ORF1ab:cds-YP_009725295.1	GCT	A	ACT	T	566
NC_045512.2	1963	T	C	4896	378	38	1	0	37	0.000204207	4897	0.968798	FALSE	ORF1ab:cds-YP_009724389.1	GCT	A	GCC	A	566
NC_045512.2	1963	T	C	4896	378	38	1	0	37	0.000204207	4897	0.968798	FALSE	ORF1ab:cds-YP_009725295.1	GCT	A	GCC	A	566
NC_045512.2	1964	A	C	4977	385	38	1	0	25	0.000200884	4978	1	FALSE	ORF1ab:cds-YP_009724389.1	ATA	I	CTA	L	567
NC_045512.2	1964	A	C	4977	385	38	1	0	25	0.000200884	4978	1	FALSE	ORF1ab:cds-YP_009725295.1	ATA	I	CTA	L	567
NC_045512.2	1967	A	G	5325	452	39	2	1	37	0.000375446	5327	0.937592	FALSE	ORF1ab:cds-YP_009724389.1	ACA	T	GCA	A	568
NC_045512.2	1967	A	G	5325	452	39	2	1	37	0.000375446	5327	0.937592	FALSE	ORF1ab:cds-YP_009725295.1	ACA	T	GCA	A	568
NC_045512.2	1968	C	T	5414	480	39	2	0	37	0.000369276	5416	0.937591	FALSE	ORF1ab:cds-YP_009724389.1	ACA	T	ATA	I	568
NC_045512.2	1968	C	T	5414	480	39	2	0	37	0.000369276	5416	0.937591	FALSE	ORF1ab:cds-YP_009725295.1	ACA	T	ATA	I	568
NC_045512.2	1970	A	C	5551	494	39	1	0	25	0.000180115	5552	1	FALSE	ORF1ab:cds-YP_009724389.1	ATA	I	CTA	L	569
NC_045512.2	1970	A	C	5551	494	39	1	0	25	0.000180115	5552	1	FALSE	ORF1ab:cds-YP_009725295.1	ATA	I	CTA	L	569
NC_045512.2	1972	A	G	5745	572	40	2	0	37	0.000348008	5747	0.937586	FALSE	ORF1ab:cds-YP_009724389.1	ATA	I	ATG	M	569
NC_045512.2	1972	A	G	5745	572	40	2	0	37	0.000348008	5747	0.937586	FALSE	ORF1ab:cds-YP_009725295.1	ATA	I	ATG	M	569
NC_045512.2	1974	T	A	5761	727	42	1	0	37	0.000173551	5762	0.984403	FALSE	ORF1ab:cds-YP_009724389.1	CTA	L	CAA	Q	570
NC_045512.2	1974	T	A	5761	727	42	1	0	37	0.000173551	5762	0.984403	FALSE	ORF1ab:cds-YP_009725295.1	CTA	L	CAA	Q	570
NC_045512.2	1975	A	T	5790	749	41	1	0	37	0.000172652	5792	0.984395	FALSE	ORF1ab:cds-YP_009724389.1	CTA	L	CTT	L	570
NC_045512.2	1975	A	T	5790	749	41	1	0	37	0.000172652	5792	0.984395	FALSE	ORF1ab:cds-YP_009725295.1	CTA	L	CTT	L	570
NC_045512.2	1975	A	G	5790	749	41	1	0	25	0.000172652	5792	1	FALSE	ORF1ab:cds-YP_009724389.1	CTA	L	CTG	L	570
NC_045512.2	1975	A	G	5790	749	41	1	0	25	0.000172652	5792	1	FALSE	ORF1ab:cds-YP_009725295.1	CTA	L	CTG	L	570
NC_045512.2	1976	G	A	5748	760	41	1	0	37	0.000173943	5749	0.984404	FALSE	ORF1ab:cds-YP_009724389.1	GAT	D	AAT	N	571
NC_045512.2	1976	G	A	5748	760	41	1	0	37	0.000173943	5749	0.984404	FALSE	ORF1ab:cds-YP_009725295.1	GAT	D	AAT	N	571
NC_045512.2	1977	A	T	5789	746	41	1	0	25	0.000172652	5792	1	FALSE	ORF1ab:cds-YP_009724389.1	GAT	D	GTT	V	571
NC_045512.2	1977	A	T	5789	746	41	1	0	25	0.000172652	5792	1	FALSE	ORF1ab:cds-YP_009725295.1	GAT	D	GTT	V	571
NC_045512.2	1977	A	G	5789	746	41	1	0	37	0.000172652	5792	0.984387	FALSE	ORF1ab:cds-YP_009724389.1	GAT	D	GGT	G	571
NC_045512.2	1977	A	G	5789	746	41	1	0	37	0.000172652	5792	0.984387	FALSE	ORF1ab:cds-YP_009725295.1	GAT	D	GGT	G	571
NC_045512.2	1977	A	C	5789	746	41	1	1	29	0.000172652	5792	1	FALSE	ORF1ab:cds-YP_009724389.1	GAT	D	GCT	A	571
NC_045512.2	1977	A	C	5789	746	41	1	1	29	0.000172652	5792	1	FALSE	ORF1ab:cds-YP_009725295.1	GAT	D	GCT	A	571
NC_045512.2	1978	T	G	5702	765	41	1	0	25	0.000175254	5706	1	FALSE	ORF1ab:cds-YP_009724389.1	GAT	D	GAG	E	571
NC_045512.2	1978	T	G	5702	765	41	1	0	25	0.000175254	5706	1	FALSE	ORF1ab:cds-YP_009725295.1	GAT	D	GAG	E	571
NC_045512.2	1978	T	C	5702	765	41	2	0	37	0.000350508	5706	0.937529	FALSE	ORF1ab:cds-YP_009724389.1	GAT	D	GAC	D	571
NC_045512.2	1978	T	C	5702	765	41	2	0	37	0.000350508	5706	0.937529	FALSE	ORF1ab:cds-YP_009725295.1	GAT	D	GAC	D	571
NC_045512.2	1978	T	A	5702	765	41	1	1	37	0.000175254	5706	0.984379	FALSE	ORF1ab:cds-YP_009724389.1	GAT	D	GAA	E	571
NC_045512.2	1978	T	A	5702	765	41	1	1	37	0.000175254	5706	0.984379	FALSE	ORF1ab:cds-YP_009725295.1	GAT	D	GAA	E	571
NC_045512.2	1978	T	-G	5702	765	41	1	0	20	0.000175254	5706	1	FALSE	NA	NA	NA	NA	NA	NA
NC_045512.2	1980	G	T	6089	786	42	1	0	25	0.00016415	6092	1	FALSE	ORF1ab:cds-YP_009724389.1	GGA	G	GTA	V	572
NC_045512.2	1980	G	T	6089	786	42	1	0	25	0.00016415	6092	1	FALSE	ORF1ab:cds-YP_009725295.1	GGA	G	GTA	V	572
NC_045512.2	1980	G	A	6089	786	42	2	1	55	0.000328299	6092	0.249979	FALSE	ORF1ab:cds-YP_009724389.1	GGA	G	GAA	E	572
NC_045512.2	1980	G	A	6089	786	42	2	1	55	0.000328299	6092	0.249979	FALSE	ORF1ab:cds-YP_009725295.1	GGA	G	GAA	E	572
NC_045512.2	1981	A	T	6127	814	42	1	0	37	0.000163185	6128	0.992205	FALSE	ORF1ab:cds-YP_009724389.1	GGA	G	GGT	G	572
NC_045512.2	1981	A	T	6127	814	42	1	0	37	0.000163185	6128	0.992205	FALSE	ORF1ab:cds-YP_009725295.1	GGA	G	GGT	G	572
NC_045512.2	1982	A	C	5887	808	41	3	1	30	0.000509338	5890	0.855608	FALSE	ORF1ab:cds-YP_009724389.1	ATT	I	CTT	L	573
NC_045512.2	1982	A	C	5887	808	41	3	1	30	0.000509338	5890	0.855608	FALSE	ORF1ab:cds-YP_009725295.1	ATT	I	CTT	L	573
NC_045512.2	1982	A	-T	5887	808	41	1	0	20	0.000169779	5890	1	FALSE	NA	NA	NA	NA	NA	NA
NC_045512.2	1983	T	G	6084	802	41	1	1	25	0.000164312	6086	1	FALSE	ORF1ab:cds-YP_009724389.1	ATT	I	AGT	S	573
NC_045512.2	1983	T	G	6084	802	41	1	1	25	0.000164312	6086	1	FALSE	ORF1ab:cds-YP_009725295.1	ATT	I	AGT	S	573
NC_045512.2	1983	T	A	6084	802	41	1	0	37	0.000164312	6086	0.992196	FALSE	ORF1ab:cds-YP_009724389.1	ATT	I	AAT	N	573
NC_045512.2	1983	T	A	6084	802	41	1	0	37	0.000164312	6086	0.992196	FALSE	ORF1ab:cds-YP_009725295.1	ATT	I	AAT	N	573
NC_045512.2	1984	T	G	6156	928	43	1	0	25	0.00016239	6158	1	FALSE	ORF1ab:cds-YP_009724389.1	ATT	I	ATG	M	573
NC_045512.2	1984	T	G	6156	928	43	1	0	25	0.00016239	6158	1	FALSE	ORF1ab:cds-YP_009725295.1	ATT	I	ATG	M	573
NC_045512.2	1984	T	C	6156	928	43	1	0	37	0.00016239	6158	0.992201	FALSE	ORF1ab:cds-YP_009724389.1	ATT	I	ATC	I	573
NC_045512.2	1984	T	C	6156	928	43	1	0	37	0.00016239	6158	0.992201	FALSE	ORF1ab:cds-YP_009725295.1	ATT	I	ATC	I	573
NC_045512.2	1985	T	C	6299	948	43	2	0	37	0.00031741	6301	0.964904	FALSE	ORF1ab:cds-YP_009724389.1	TCA	S	CCA	P	574
NC_045512.2	1985	T	C	6299	948	43	2	0	37	0.00031741	6301	0.964904	FALSE	ORF1ab:cds-YP_009725295.1	TCA	S	CCA	P	574
NC_045512.2	1986	C	A	6270	953	44	1	0	37	0.000159464	6271	0.992205	FALSE	ORF1ab:cds-YP_009724389.1	TCA	S	TAA	*	574
NC_045512.2	1986	C	A	6270	953	44	1	0	37	0.000159464	6271	0.992205	FALSE	ORF1ab:cds-YP_009725295.1	TCA	S	TAA	*	574
NC_045512.2	1987	A	G	6316	957	43	1	0	37	0.000158303	6317	0.992205	FALSE	ORF1ab:cds-YP_009724389.1	TCA	S	TCG	S	574
NC_045512.2	1987	A	G	6316	957	43	1	0	37	0.000158303	6317	0.992205	FALSE	ORF1ab:cds-YP_009725295.1	TCA	S	TCG	S	574
NC_045512.2	1988	C	T	6317	960	44	5	2	51	0.000790889	6322	0.0312376	FALSE	ORF1ab:cds-YP_009724389.1	CAG	Q	TAG	*	575
NC_045512.2	1988	C	T	6317	960	44	5	2	51	0.000790889	6322	0.0312376	FALSE	ORF1ab:cds-YP_009725295.1	CAG	Q	TAG	*	575
NC_045512.2	1989	A	G	6299	1022	44	5	2	44	0.000793021	6305	0.0312252	FALSE	ORF1ab:cds-YP_009724389.1	CAG	Q	CGG	R	575
NC_045512.2	1989	A	G	6299	1022	44	5	2	44	0.000793021	6305	0.0312252	FALSE	ORF1ab:cds-YP_009725295.1	CAG	Q	CGG	R	575
NC_045512.2	1989	A	C	6299	1022	44	1	0	25	0.000158604	6305	1	FALSE	ORF1ab:cds-YP_009724389.1	CAG	Q	CCG	P	575
NC_045512.2	1989	A	C	6299	1022	44	1	0	25	0.000158604	6305	1	FALSE	ORF1ab:cds-YP_009725295.1	CAG	Q	CCG	P	575
NC_045512.2	1990	G	A	6750	1038	43	3	2	57	0.000444247	6753	0.125	FALSE	ORF1ab:cds-YP_009724389.1	CAG	Q	CAA	Q	575
NC_045512.2	1990	G	A	6750	1038	43	3	2	57	0.000444247	6753	0.125	FALSE	ORF1ab:cds-YP_009725295.1	CAG	Q	CAA	Q	575
NC_045512.2	1991	T	C	6275	1214	42	1	0	37	0.000159337	6276	0.992205	FALSE	ORF1ab:cds-YP_009724389.1	TAT	Y	CAT	H	576
NC_045512.2	1991	T	C	6275	1214	42	1	0	37	0.000159337	6276	0.992205	FALSE	ORF1ab:cds-YP_009725295.1	TAT	Y	CAT	H	576
NC_045512.2	1992	A	C	6340	1225	42	1	0	25	0.000157704	6341	1	FALSE	ORF1ab:cds-YP_009724389.1	TAT	Y	TCT	S	576
NC_045512.2	1992	A	C	6340	1225	42	1	0	25	0.000157704	6341	1	FALSE	ORF1ab:cds-YP_009725295.1	TAT	Y	TCT	S	576
NC_045512.2	1993	T	G	6353	1221	42	1	1	29	0.000157381	6354	1	FALSE	ORF1ab:cds-YP_009724389.1	TAT	Y	TAG	*	576
NC_045512.2	1993	T	G	6353	1221	42	1	1	29	0.000157381	6354	1	FALSE	ORF1ab:cds-YP_009725295.1	TAT	Y	TAG	*	576
NC_045512.2	1994	T	C	6399	1260	42	2	0	55	0.000312451	6401	0.25002	FALSE	ORF1ab:cds-YP_009724389.1	TCA	S	CCA	P	577
NC_045512.2	1994	T	C	6399	1260	42	2	0	55	0.000312451	6401	0.25002	FALSE	ORF1ab:cds-YP_009725295.1	TCA	S	CCA	P	577
NC_045512.2	1995	C	A	6625	1273	42	1	0	25	0.000150921	6626	1	FALSE	ORF1ab:cds-YP_009724389.1	TCA	S	TAA	*	577
NC_045512.2	1995	C	A	6625	1273	42	1	0	25	0.000150921	6626	1	FALSE	ORF1ab:cds-YP_009725295.1	TCA	S	TAA	*	577
NC_045512.2	1996	A	G	6649	1260	42	1	0	37	0.000150376	6650	0.992204	FALSE	ORF1ab:cds-YP_009724389.1	TCA	S	TCG	S	577
NC_045512.2	1996	A	G	6649	1260	42	1	0	37	0.000150376	6650	0.992204	FALSE	ORF1ab:cds-YP_009725295.1	TCA	S	TCG	S	577
NC_045512.2	1997	C	T	6681	1279	42	4	0	46	0.000598265	6686	0.062472	FALSE	ORF1ab:cds-YP_009724389.1	CTG	L	TTG	L	578
NC_045512.2	1997	C	T	6681	1279	42	4	0	46	0.000598265	6686	0.062472	FALSE	ORF1ab:cds-YP_009725295.1	CTG	L	TTG	L	578
NC_045512.2	1997	C	A	6681	1279	42	1	0	37	0.000149566	6686	0.992188	FALSE	ORF1ab:cds-YP_009724389.1	CTG	L	ATG	M	578
NC_045512.2	1997	C	A	6681	1279	42	1	0	37	0.000149566	6686	0.992188	FALSE	ORF1ab:cds-YP_009725295.1	CTG	L	ATG	M	578
NC_045512.2	1998	T	G	6717	1289	42	1	0	25	0.000148787	6721	1	FALSE	ORF1ab:cds-YP_009724389.1	CTG	L	CGG	R	578
NC_045512.2	1998	T	G	6717	1289	42	1	0	25	0.000148787	6721	1	FALSE	ORF1ab:cds-YP_009725295.1	CTG	L	CGG	R	578
NC_045512.2	1998	T	C	6717	1289	42	2	0	37	0.000297575	6721	0.964868	FALSE	ORF1ab:cds-YP_009724389.1	CTG	L	CCG	P	578
NC_045512.2	1998	T	C	6717	1289	42	2	0	37	0.000297575	6721	0.964868	FALSE	ORF1ab:cds-YP_009725295.1	CTG	L	CCG	P	578
NC_045512.2	1998	T	A	6717	1289	42	1	1	37	0.000148787	6721	0.992192	FALSE	ORF1ab:cds-YP_009724389.1	CTG	L	CAG	Q	578
NC_045512.2	1998	T	A	6717	1289	42	1	1	37	0.000148787	6721	0.992192	FALSE	ORF1ab:cds-YP_009725295.1	CTG	L	CAG	Q	578
NC_045512.2	1999	G	T	6743	1292	42	1	0	29	0.000148258	6745	1	FALSE	ORF1ab:cds-YP_009724389.1	CTG	L	CTT	L	578
NC_045512.2	1999	G	T	6743	1292	42	1	0	29	0.000148258	6745	1	FALSE	ORF1ab:cds-YP_009725295.1	CTG	L	CTT	L	578
NC_045512.2	1999	G	A	6743	1292	42	1	0	25	0.000148258	6745	1	FALSE	ORF1ab:cds-YP_009724389.1	CTG	L	CTA	L	578
NC_045512.2	1999	G	A	6743	1292	42	1	0	25	0.000148258	6745	1	FALSE	ORF1ab:cds-YP_009725295.1	CTG	L	CTA	L	578
NC_045512.2	2000	A	G	6632	1294	42	2	2	55	0.000301341	6637	0.249906	FALSE	ORF1ab:cds-YP_009724389.1	AGA	R	GGA	G	579
NC_045512.2	2000	A	G	6632	1294	42	2	2	55	0.000301341	6637	0.249906	FALSE	ORF1ab:cds-YP_009725295.1	AGA	R	GGA	G	579
NC_045512.2	2000	A	C	6632	1294	42	3	0	37	0.000452011	6637	0.910193	FALSE	ORF1ab:cds-YP_009724389.1	AGA	R	CGA	R	579
NC_045512.2	2000	A	C	6632	1294	42	3	0	37	0.000452011	6637	0.910193	FALSE	ORF1ab:cds-YP_009725295.1	AGA	R	CGA	R	579
NC_045512.2	2001	G	T	6802	1295	42	1	0	25	0.000146994	6803	1	FALSE	ORF1ab:cds-YP_009724389.1	AGA	R	ATA	I	579
NC_045512.2	2001	G	T	6802	1295	42	1	0	25	0.000146994	6803	1	FALSE	ORF1ab:cds-YP_009725295.1	AGA	R	ATA	I	579
NC_045512.2	2002	A	T	6724	1291	42	1	0	37	0.000148655	6727	0.992196	FALSE	ORF1ab:cds-YP_009724389.1	AGA	R	AGT	S	579
NC_045512.2	2002	A	T	6724	1291	42	1	0	37	0.000148655	6727	0.992196	FALSE	ORF1ab:cds-YP_009725295.1	AGA	R	AGT	S	579
NC_045512.2	2002	A	G	6724	1291	42	2	0	37	0.000297309	6727	0.964884	FALSE	ORF1ab:cds-YP_009724389.1	AGA	R	AGG	R	579
NC_045512.2	2002	A	G	6724	1291	42	2	0	37	0.000297309	6727	0.964884	FALSE	ORF1ab:cds-YP_009725295.1	AGA	R	AGG	R	579
NC_045512.2	2003	C	T	6700	1324	41	1	0	37	0.000149209	6702	0.9922	FALSE	ORF1ab:cds-YP_009724389.1	CTC	L	TTC	F	580
NC_045512.2	2003	C	T	6700	1324	41	1	0	37	0.000149209	6702	0.9922	FALSE	ORF1ab:cds-YP_009725295.1	CTC	L	TTC	F	580
NC_045512.2	2003	C	A	6700	1324	41	1	0	25	0.000149209	6702	1	FALSE	ORF1ab:cds-YP_009724389.1	CTC	L	ATC	I	580
NC_045512.2	2003	C	A	6700	1324	41	1	0	25	0.000149209	6702	1	FALSE	ORF1ab:cds-YP_009725295.1	CTC	L	ATC	I	580
NC_045512.2	2004	T	C	6631	1309	41	7	1	42	0.00105438	6639	0.00780015	TRUE	ORF1ab:cds-YP_009724389.1	CTC	L	CCC	P	580
NC_045512.2	2004	T	C	6631	1309	41	7	1	42	0.00105438	6639	0.00780015	TRUE	ORF1ab:cds-YP_009725295.1	CTC	L	CCC	P	580
NC_045512.2	2004	T	A	6631	1309	41	1	0	37	0.000150625	6639	0.992175	FALSE	ORF1ab:cds-YP_009724389.1	CTC	L	CAC	H	580
NC_045512.2	2004	T	A	6631	1309	41	1	0	37	0.000150625	6639	0.992175	FALSE	ORF1ab:cds-YP_009725295.1	CTC	L	CAC	H	580
NC_045512.2	2005	C	A	6696	1393	41	1	0	29	0.000149321	6697	1	FALSE	ORF1ab:cds-YP_009724389.1	CTC	L	CTA	L	580
NC_045512.2	2005	C	A	6696	1393	41	1	0	29	0.000149321	6697	1	FALSE	ORF1ab:cds-YP_009725295.1	CTC	L	CTA	L	580
NC_045512.2	2006	A	C	6665	1386	40	2	0	27	0.000299985	6667	1	FALSE	ORF1ab:cds-YP_009724389.1	ATT	I	CTT	L	581
NC_045512.2	2006	A	C	6665	1386	40	2	0	27	0.000299985	6667	1	FALSE	ORF1ab:cds-YP_009725295.1	ATT	I	CTT	L	581
NC_045512.2	2007	T	G	6529	1391	40	3	0	29	0.000459277	6532	1	FALSE	ORF1ab:cds-YP_009724389.1	ATT	I	AGT	S	581
NC_045512.2	2007	T	G	6529	1391	40	3	0	29	0.000459277	6532	1	FALSE	ORF1ab:cds-YP_009725295.1	ATT	I	AGT	S	581
NC_045512.2	2008	T	G	6864	1523	41	1	1	25	0.000145624	6867	1	FALSE	ORF1ab:cds-YP_009724389.1	ATT	I	ATG	M	581
NC_045512.2	2008	T	G	6864	1523	41	1	1	25	0.000145624	6867	1	FALSE	ORF1ab:cds-YP_009725295.1	ATT	I	ATG	M	581
NC_045512.2	2008	T	C	6864	1523	41	2	0	37	0.000291248	6867	0.964884	FALSE	ORF1ab:cds-YP_009724389.1	ATT	I	ATC	I	581
NC_045512.2	2008	T	C	6864	1523	41	2	0	37	0.000291248	6867	0.964884	FALSE	ORF1ab:cds-YP_009725295.1	ATT	I	ATC	I	581
NC_045512.2	2009	G	T	6924	1582	41	1	0	37	0.000144383	6926	0.992199	FALSE	ORF1ab:cds-YP_009724389.1	GAT	D	TAT	Y	582
NC_045512.2	2009	G	T	6924	1582	41	1	0	37	0.000144383	6926	0.992199	FALSE	ORF1ab:cds-YP_009725295.1	GAT	D	TAT	Y	582
NC_045512.2	2009	G	A	6924	1582	41	1	0	37	0.000144383	6926	0.992199	FALSE	ORF1ab:cds-YP_009724389.1	GAT	D	AAT	N	582
NC_045512.2	2009	G	A	6924	1582	41	1	0	37	0.000144383	6926	0.992199	FALSE	ORF1ab:cds-YP_009725295.1	GAT	D	AAT	N	582
NC_045512.2	2010	A	G	6914	1585	41	1	0	37	0.000144613	6915	0.992203	FALSE	ORF1ab:cds-YP_009724389.1	GAT	D	GGT	G	582
NC_045512.2	2010	A	G	6914	1585	41	1	0	37	0.000144613	6915	0.992203	FALSE	ORF1ab:cds-YP_009725295.1	GAT	D	GGT	G	582
NC_045512.2	2011	T	C	6880	1594	41	1	0	37	0.000145328	6881	0.992203	FALSE	ORF1ab:cds-YP_009724389.1	GAT	D	GAC	D	582
NC_045512.2	2011	T	C	6880	1594	41	1	0	37	0.000145328	6881	0.992203	FALSE	ORF1ab:cds-YP_009725295.1	GAT	D	GAC	D	582
NC_045512.2	2012	G	C	7099	1594	41	1	0	37	0.000140805	7102	0.996099	FALSE	ORF1ab:cds-YP_009724389.1	GCT	A	CCT	P	583
NC_045512.2	2012	G	C	7099	1594	41	1	0	37	0.000140805	7102	0.996099	FALSE	ORF1ab:cds-YP_009725295.1	GCT	A	CCT	P	583
NC_045512.2	2012	G	A	7099	1594	41	2	0	37	0.000281611	7102	0.980498	FALSE	ORF1ab:cds-YP_009724389.1	GCT	A	ACT	T	583
NC_045512.2	2012	G	A	7099	1594	41	2	0	37	0.000281611	7102	0.980498	FALSE	ORF1ab:cds-YP_009725295.1	GCT	A	ACT	T	583
NC_045512.2	2013	C	T	7066	1635	41	2	0	55	0.000282965	7068	0.250018	FALSE	ORF1ab:cds-YP_009724389.1	GCT	A	GTT	V	583
NC_045512.2	2013	C	T	7066	1635	41	2	0	55	0.000282965	7068	0.250018	FALSE	ORF1ab:cds-YP_009725295.1	GCT	A	GTT	V	583
NC_045512.2	2014	T	A	6975	1644	41	1	0	37	0.000143349	6976	0.992203	FALSE	ORF1ab:cds-YP_009724389.1	GCT	A	GCA	A	583
NC_045512.2	2014	T	A	6975	1644	41	1	0	37	0.000143349	6976	0.992203	FALSE	ORF1ab:cds-YP_009725295.1	GCT	A	GCA	A	583
NC_045512.2	2015	A	C	7075	1670	41	4	1	29	0.000565052	7079	1	FALSE	ORF1ab:cds-YP_009724389.1	ATG	M	CTG	L	584
NC_045512.2	2015	A	C	7075	1670	41	4	1	29	0.000565052	7079	1	FALSE	ORF1ab:cds-YP_009725295.1	ATG	M	CTG	L	584
NC_045512.2	2018	A	T	6265	1892	39	2	1	42	0.000318979	6270	0.2499	FALSE	ORF1ab:cds-YP_009724389.1	ATG	M	TTG	L	585
NC_045512.2	2018	A	T	6265	1892	39	2	1	42	0.000318979	6270	0.2499	FALSE	ORF1ab:cds-YP_009725295.1	ATG	M	TTG	L	585
NC_045512.2	2018	A	G	6265	1892	39	3	0	45	0.000478469	6270	0.12494	FALSE	ORF1ab:cds-YP_009724389.1	ATG	M	GTG	V	585
NC_045512.2	2018	A	G	6265	1892	39	3	0	45	0.000478469	6270	0.12494	FALSE	ORF1ab:cds-YP_009725295.1	ATG	M	GTG	V	585
NC_045512.2	2019	T	G	6147	1927	39	1	0	25	0.000162628	6149	1	FALSE	ORF1ab:cds-YP_009724389.1	ATG	M	AGG	R	585
NC_045512.2	2019	T	G	6147	1927	39	1	0	25	0.000162628	6149	1	FALSE	ORF1ab:cds-YP_009725295.1	ATG	M	AGG	R	585
NC_045512.2	2019	T	C	6147	1927	39	1	0	37	0.000162628	6149	0.992201	FALSE	ORF1ab:cds-YP_009724389.1	ATG	M	ACG	T	585
NC_045512.2	2019	T	C	6147	1927	39	1	0	37	0.000162628	6149	0.992201	FALSE	ORF1ab:cds-YP_009725295.1	ATG	M	ACG	T	585
NC_045512.2	2020	G	T	6353	1968	39	1	0	37	0.000157381	6354	0.992205	FALSE	ORF1ab:cds-YP_009724389.1	ATG	M	ATT	I	585
NC_045512.2	2020	G	T	6353	1968	39	1	0	37	0.000157381	6354	0.992205	FALSE	ORF1ab:cds-YP_009725295.1	ATG	M	ATT	I	585
NC_045512.2	2021	T	G	6303	2068	39	2	0	25	0.000317108	6307	1	FALSE	ORF1ab:cds-YP_009724389.1	TTC	F	GTC	V	586
NC_045512.2	2021	T	G	6303	2068	39	2	0	25	0.000317108	6307	1	FALSE	ORF1ab:cds-YP_009725295.1	TTC	F	GTC	V	586
NC_045512.2	2021	T	C	6303	2068	39	2	2	31	0.000317108	6307	0.96487	FALSE	ORF1ab:cds-YP_009724389.1	TTC	F	CTC	L	586
NC_045512.2	2021	T	C	6303	2068	39	2	2	31	0.000317108	6307	0.96487	FALSE	ORF1ab:cds-YP_009725295.1	TTC	F	CTC	L	586
NC_045512.2	2022	T	C	6525	2165	39	2	0	37	0.000306419	6527	0.964902	FALSE	ORF1ab:cds-YP_009724389.1	TTC	F	TCC	S	586
NC_045512.2	2022	T	C	6525	2165	39	2	0	37	0.000306419	6527	0.964902	FALSE	ORF1ab:cds-YP_009725295.1	TTC	F	TCC	S	586
NC_045512.2	2023	C	A	6508	2175	39	1	1	37	0.000153633	6509	0.992204	FALSE	ORF1ab:cds-YP_009724389.1	TTC	F	TTA	L	586
NC_045512.2	2023	C	A	6508	2175	39	1	1	37	0.000153633	6509	0.992204	FALSE	ORF1ab:cds-YP_009725295.1	TTC	F	TTA	L	586
NC_045512.2	2024	A	G	6504	2154	39	3	2	37	0.000461042	6507	0.91027	FALSE	ORF1ab:cds-YP_009724389.1	ACA	T	GCA	A	587
NC_045512.2	2024	A	G	6504	2154	39	3	2	37	0.000461042	6507	0.91027	FALSE	ORF1ab:cds-YP_009725295.1	ACA	T	GCA	A	587
NC_045512.2	2025	C	T	6692	2162	39	1	0	37	0.000149365	6695	0.992196	FALSE	ORF1ab:cds-YP_009724389.1	ACA	T	ATA	I	587
NC_045512.2	2025	C	T	6692	2162	39	1	0	37	0.000149365	6695	0.992196	FALSE	ORF1ab:cds-YP_009725295.1	ACA	T	ATA	I	587
NC_045512.2	2025	C	A	6692	2162	39	2	0	37	0.00029873	6695	0.964885	FALSE	ORF1ab:cds-YP_009724389.1	ACA	T	AAA	K	587
NC_045512.2	2025	C	A	6692	2162	39	2	0	37	0.00029873	6695	0.964885	FALSE	ORF1ab:cds-YP_009725295.1	ACA	T	AAA	K	587
NC_045512.2	2026	A	G	6708	2144	39	2	1	55	0.000298018	6711	0.249981	FALSE	ORF1ab:cds-YP_009724389.1	ACA	T	ACG	T	587
NC_045512.2	2026	A	G	6708	2144	39	2	1	55	0.000298018	6711	0.249981	FALSE	ORF1ab:cds-YP_009725295.1	ACA	T	ACG	T	587
NC_045512.2	2026	A	C	6708	2144	39	1	0	25	0.000149009	6711	1	FALSE	ORF1ab:cds-YP_009724389.1	ACA	T	ACC	T	587
NC_045512.2	2026	A	C	6708	2144	39	1	0	25	0.000149009	6711	1	FALSE	ORF1ab:cds-YP_009725295.1	ACA	T	ACC	T	587
NC_045512.2	2028	C	A	6716	2176	39	2	0	25	0.000297708	6718	1	FALSE	ORF1ab:cds-YP_009724389.1	TCT	S	TAT	Y	588
NC_045512.2	2028	C	A	6716	2176	39	2	0	25	0.000297708	6718	1	FALSE	ORF1ab:cds-YP_009725295.1	TCT	S	TAT	Y	588
NC_045512.2	2029	T	C	6375	2212	38	4	0	37	0.000627058	6379	0.828286	FALSE	ORF1ab:cds-YP_009724389.1	TCT	S	TCC	S	588
NC_045512.2	2029	T	C	6375	2212	38	4	0	37	0.000627058	6379	0.828286	FALSE	ORF1ab:cds-YP_009725295.1	TCT	S	TCC	S	588
NC_045512.2	2032	T	G	6288	2279	38	3	0	33	0.000476872	6291	0.910274	FALSE	ORF1ab:cds-YP_009724389.1	GAT	D	GAG	E	589
NC_045512.2	2032	T	G	6288	2279	38	3	0	33	0.000476872	6291	0.910274	FALSE	ORF1ab:cds-YP_009725295.1	GAT	D	GAG	E	589
NC_045512.2	2035	G	A	6431	2225	39	1	1	22	0.000155473	6432	1	FALSE	ORF1ab:cds-YP_009724389.1	TTG	L	TTA	L	590
NC_045512.2	2035	G	A	6431	2225	39	1	1	22	0.000155473	6432	1	FALSE	ORF1ab:cds-YP_009725295.1	TTG	L	TTA	L	590
NC_045512.2	2036	G	A	6393	2215	38	6	1	37	0.000937647	6399	0.612952	FALSE	ORF1ab:cds-YP_009724389.1	GCT	A	ACT	T	591
NC_045512.2	2036	G	A	6393	2215	38	6	1	37	0.000937647	6399	0.612952	FALSE	ORF1ab:cds-YP_009725295.1	GCT	A	ACT	T	591
NC_045512.2	2037	C	T	6376	2201	38	6	0	37	0.000940144	6382	0.612952	FALSE	ORF1ab:cds-YP_009724389.1	GCT	A	GTT	V	591
NC_045512.2	2037	C	T	6376	2201	38	6	0	37	0.000940144	6382	0.612952	FALSE	ORF1ab:cds-YP_009725295.1	GCT	A	GTT	V	591
NC_045512.2	2038	T	C	6450	2217	39	2	0	37	0.000309981	6452	0.964903	FALSE	ORF1ab:cds-YP_009724389.1	GCT	A	GCC	A	591
NC_045512.2	2038	T	C	6450	2217	39	2	0	37	0.000309981	6452	0.964903	FALSE	ORF1ab:cds-YP_009725295.1	GCT	A	GCC	A	591
NC_045512.2	2039	A	G	6389	2220	38	1	1	37	0.000156495	6390	0.992205	FALSE	ORF1ab:cds-YP_009724389.1	ACT	T	GCT	A	592
NC_045512.2	2039	A	G	6389	2220	38	1	1	37	0.000156495	6390	0.992205	FALSE	ORF1ab:cds-YP_009725295.1	ACT	T	GCT	A	592
NC_045512.2	2040	C	A	6449	2224	39	2	0	25	0.000310029	6451	1	FALSE	ORF1ab:cds-YP_009724389.1	ACT	T	AAT	N	592
NC_045512.2	2040	C	A	6449	2224	39	2	0	25	0.000310029	6451	1	FALSE	ORF1ab:cds-YP_009725295.1	ACT	T	AAT	N	592
NC_045512.2	2041	T	A	6416	2159	38	1	0	25	0.000155836	6417	1	FALSE	ORF1ab:cds-YP_009724389.1	ACT	T	ACA	T	592
NC_045512.2	2041	T	A	6416	2159	38	1	0	25	0.000155836	6417	1	FALSE	ORF1ab:cds-YP_009725295.1	ACT	T	ACA	T	592
NC_045512.2	2042	A	C	6545	2396	39	1	0	25	0.000152765	6546	1	FALSE	ORF1ab:cds-YP_009724389.1	AAC	N	CAC	H	593
NC_045512.2	2042	A	C	6545	2396	39	1	0	25	0.000152765	6546	1	FALSE	ORF1ab:cds-YP_009725295.1	AAC	N	CAC	H	593
NC_045512.2	2043	A	G	6483	2360	39	2	0	37	0.000308309	6487	0.964869	FALSE	ORF1ab:cds-YP_009724389.1	AAC	N	AGC	S	593
NC_045512.2	2043	A	G	6483	2360	39	2	0	37	0.000308309	6487	0.964869	FALSE	ORF1ab:cds-YP_009725295.1	AAC	N	AGC	S	593
NC_045512.2	2043	A	C	6483	2360	39	2	2	25	0.000308309	6487	1	FALSE	ORF1ab:cds-YP_009724389.1	AAC	N	ACC	T	593
NC_045512.2	2043	A	C	6483	2360	39	2	2	25	0.000308309	6487	1	FALSE	ORF1ab:cds-YP_009725295.1	AAC	N	ACC	T	593
NC_045512.2	2044	C	G	6644	2528	39	1	1	37	0.000150489	6645	0.992204	FALSE	ORF1ab:cds-YP_009724389.1	AAC	N	AAG	K	593
NC_045512.2	2044	C	G	6644	2528	39	1	1	37	0.000150489	6645	0.992204	FALSE	ORF1ab:cds-YP_009725295.1	AAC	N	AAG	K	593
NC_045512.2	2045	A	G	6360	2403	38	1	0	37	0.000157159	6363	0.992196	FALSE	ORF1ab:cds-YP_009724389.1	AAT	N	GAT	D	594
NC_045512.2	2045	A	G	6360	2403	38	1	0	37	0.000157159	6363	0.992196	FALSE	ORF1ab:cds-YP_009725295.1	AAT	N	GAT	D	594
NC_045512.2	2045	A	C	6360	2403	38	2	1	31	0.000314317	6363	0.964887	FALSE	ORF1ab:cds-YP_009724389.1	AAT	N	CAT	H	594
NC_045512.2	2045	A	C	6360	2403	38	2	1	31	0.000314317	6363	0.964887	FALSE	ORF1ab:cds-YP_009725295.1	AAT	N	CAT	H	594
NC_045512.2	2045	A	+G	6360	2403	38	1	0	20	0.000157159	6363	1	FALSE	NA	NA	NA	NA	NA	NA
NC_045512.2	2046	A	G	6199	2237	37	1	1	37	0.000161082	6208	0.99217	FALSE	ORF1ab:cds-YP_009724389.1	AAT	N	AGT	S	594
NC_045512.2	2046	A	G	6199	2237	37	1	1	37	0.000161082	6208	0.99217	FALSE	ORF1ab:cds-YP_009725295.1	AAT	N	AGT	S	594
NC_045512.2	2046	A	C	6199	2237	37	8	6	28	0.00128866	6208	1	FALSE	ORF1ab:cds-YP_009724389.1	AAT	N	ACT	T	594
NC_045512.2	2046	A	C	6199	2237	37	8	6	28	0.00128866	6208	1	FALSE	ORF1ab:cds-YP_009725295.1	AAT	N	ACT	T	594
NC_045512.2	2047	T	C	6407	2524	38	1	1	74	0.000156055	6408	0.500039	FALSE	ORF1ab:cds-YP_009724389.1	AAT	N	AAC	N	594
NC_045512.2	2047	T	C	6407	2524	38	1	1	74	0.000156055	6408	0.500039	FALSE	ORF1ab:cds-YP_009725295.1	AAT	N	AAC	N	594
NC_045512.2	2050	A	G	6473	2476	38	1	1	37	0.000154416	6476	0.992196	FALSE	ORF1ab:cds-YP_009724389.1	CTA	L	CTG	L	595
NC_045512.2	2050	A	G	6473	2476	38	1	1	37	0.000154416	6476	0.992196	FALSE	ORF1ab:cds-YP_009725295.1	CTA	L	CTG	L	595
NC_045512.2	2050	A	C	6473	2476	38	2	2	25	0.000308833	6476	1	FALSE	ORF1ab:cds-YP_009724389.1	CTA	L	CTC	L	595
NC_045512.2	2050	A	C	6473	2476	38	2	2	25	0.000308833	6476	1	FALSE	ORF1ab:cds-YP_009725295.1	CTA	L	CTC	L	595
NC_045512.2	2053	T	C	6649	2671	39	1	0	37	0.000150376	6650	0.992204	FALSE	ORF1ab:cds-YP_009724389.1	GTT	V	GTC	V	596
NC_045512.2	2053	T	C	6649	2671	39	1	0	37	0.000150376	6650	0.992204	FALSE	ORF1ab:cds-YP_009725295.1	GTT	V	GTC	V	596
NC_045512.2	2055	T	C	6671	2606	39	2	1	37	0.000299715	6673	0.964901	FALSE	ORF1ab:cds-YP_009724389.1	GTA	V	GCA	A	597
NC_045512.2	2055	T	C	6671	2606	39	2	1	37	0.000299715	6673	0.964901	FALSE	ORF1ab:cds-YP_009725295.1	GTA	V	GCA	A	597
NC_045512.2	2055	T	-A	6671	2606	39	1	0	20	0.000149858	6673	1	FALSE	NA	NA	NA	NA	NA	NA
NC_045512.2	2056	A	G	6565	2622	38	1	0	37	0.000152277	6567	0.992196	FALSE	ORF1ab:cds-YP_009724389.1	GTA	V	GTG	V	597
NC_045512.2	2056	A	G	6565	2622	38	1	0	37	0.000152277	6567	0.992196	FALSE	ORF1ab:cds-YP_009725295.1	GTA	V	GTG	V	597
NC_045512.2	2056	A	C	6565	2622	38	1	0	25	0.000152277	6567	1	FALSE	ORF1ab:cds-YP_009724389.1	GTA	V	GTC	V	597
NC_045512.2	2056	A	C	6565	2622	38	1	0	25	0.000152277	6567	1	FALSE	ORF1ab:cds-YP_009725295.1	GTA	V	GTC	V	597
NC_045512.2	2057	A	C	6544	2658	38	2	0	31	0.00030553	6546	0.964902	FALSE	ORF1ab:cds-YP_009724389.1	ATG	M	CTG	L	598
NC_045512.2	2057	A	C	6544	2658	38	2	0	31	0.00030553	6546	0.964902	FALSE	ORF1ab:cds-YP_009725295.1	ATG	M	CTG	L	598
NC_045512.2	2058	T	G	6631	2608	38	2	2	31	0.000301523	6633	0.964901	FALSE	ORF1ab:cds-YP_009724389.1	ATG	M	AGG	R	598
NC_045512.2	2058	T	G	6631	2608	38	2	2	31	0.000301523	6633	0.964901	FALSE	ORF1ab:cds-YP_009725295.1	ATG	M	AGG	R	598
NC_045512.2	2058	T	-GGCC	6631	2608	38	1	0	20	0.000150761	6633	1	FALSE	NA	NA	NA	NA	NA	NA
NC_045512.2	2060	G	A	6863	2631	38	5	2	37	0.000728014	6868	0.725668	FALSE	ORF1ab:cds-YP_009724389.1	GCC	A	ACC	T	599
NC_045512.2	2060	G	A	6863	2631	38	5	2	37	0.000728014	6868	0.725668	FALSE	ORF1ab:cds-YP_009725295.1	GCC	A	ACC	T	599
NC_045512.2	2061	C	T	6777	2656	38	4	1	37	0.000589883	6781	0.828216	FALSE	ORF1ab:cds-YP_009724389.1	GCC	A	GTC	V	599
NC_045512.2	2061	C	T	6777	2656	38	4	1	37	0.000589883	6781	0.828216	FALSE	ORF1ab:cds-YP_009725295.1	GCC	A	GTC	V	599
NC_045512.2	2063	T	G	6943	2768	39	1	1	37	0.000143947	6947	0.992191	FALSE	ORF1ab:cds-YP_009724389.1	TAC	Y	GAC	D	600
NC_045512.2	2063	T	G	6943	2768	39	1	1	37	0.000143947	6947	0.992191	FALSE	ORF1ab:cds-YP_009725295.1	TAC	Y	GAC	D	600
NC_045512.2	2063	T	C	6943	2768	39	2	0	37	0.000287894	6947	0.964867	FALSE	ORF1ab:cds-YP_009724389.1	TAC	Y	CAC	H	600
NC_045512.2	2063	T	C	6943	2768	39	2	0	37	0.000287894	6947	0.964867	FALSE	ORF1ab:cds-YP_009725295.1	TAC	Y	CAC	H	600
NC_045512.2	2063	T	A	6943	2768	39	1	0	37	0.000143947	6947	0.992191	FALSE	ORF1ab:cds-YP_009724389.1	TAC	Y	AAC	N	600
NC_045512.2	2063	T	A	6943	2768	39	1	0	37	0.000143947	6947	0.992191	FALSE	ORF1ab:cds-YP_009725295.1	TAC	Y	AAC	N	600
NC_045512.2	2064	A	G	7267	2782	39	2	2	37	0.000275141	7269	0.980507	FALSE	ORF1ab:cds-YP_009724389.1	TAC	Y	TGC	C	600
NC_045512.2	2064	A	G	7267	2782	39	2	2	37	0.000275141	7269	0.980507	FALSE	ORF1ab:cds-YP_009725295.1	TAC	Y	TGC	C	600
NC_045512.2	2065	C	T	7628	2800	38	5	1	39	0.00065505	7633	0.806311	FALSE	ORF1ab:cds-YP_009724389.1	TAC	Y	TAT	Y	600
NC_045512.2	2065	C	T	7628	2800	38	5	1	39	0.00065505	7633	0.806311	FALSE	ORF1ab:cds-YP_009725295.1	TAC	Y	TAT	Y	600
NC_045512.2	2066	A	G	7586	2755	38	1	0	37	0.000131804	7587	0.996103	FALSE	ORF1ab:cds-YP_009724389.1	ATT	I	GTT	V	601
NC_045512.2	2066	A	G	7586	2755	38	1	0	37	0.000131804	7587	0.996103	FALSE	ORF1ab:cds-YP_009725295.1	ATT	I	GTT	V	601
NC_045512.2	2067	T	A	7642	2816	38	1	1	74	0.000130839	7643	0.500033	FALSE	ORF1ab:cds-YP_009724389.1	ATT	I	AAT	N	601
NC_045512.2	2067	T	A	7642	2816	38	1	1	74	0.000130839	7643	0.500033	FALSE	ORF1ab:cds-YP_009725295.1	ATT	I	AAT	N	601
NC_045512.2	2068	T	G	7592	2705	38	1	1	37	0.0001317	7593	0.996103	FALSE	ORF1ab:cds-YP_009724389.1	ATT	I	ATG	M	601
NC_045512.2	2068	T	G	7592	2705	38	1	1	37	0.0001317	7593	0.996103	FALSE	ORF1ab:cds-YP_009725295.1	ATT	I	ATG	M	601
NC_045512.2	2069	A	C	7332	2655	38	1	1	25	0.00013637	7333	1	FALSE	ORF1ab:cds-YP_009724389.1	ACA	T	CCA	P	602
NC_045512.2	2069	A	C	7332	2655	38	1	1	25	0.00013637	7333	1	FALSE	ORF1ab:cds-YP_009725295.1	ACA	T	CCA	P	602
NC_045512.2	2070	C	T	7448	2792	38	1	0	25	0.000134246	7449	1	FALSE	ORF1ab:cds-YP_009724389.1	ACA	T	ATA	I	602
NC_045512.2	2070	C	T	7448	2792	38	1	0	25	0.000134246	7449	1	FALSE	ORF1ab:cds-YP_009725295.1	ACA	T	ATA	I	602
NC_045512.2	2071	A	G	7185	2727	38	6	3	35	0.000834376	7191	0.709648	FALSE	ORF1ab:cds-YP_009724389.1	ACA	T	ACG	T	602
NC_045512.2	2071	A	G	7185	2727	38	6	3	35	0.000834376	7191	0.709648	FALSE	ORF1ab:cds-YP_009725295.1	ACA	T	ACG	T	602
NC_045512.2	2071	A	+G	7185	2727	38	1	0	20	0.000139063	7191	1	FALSE	NA	NA	NA	NA	NA	NA
NC_045512.2	2072	G	T	7252	2650	38	2	1	37	0.000275672	7255	0.980498	FALSE	ORF1ab:cds-YP_009724389.1	GGT	G	TGT	C	603
NC_045512.2	2072	G	T	7252	2650	38	2	1	37	0.000275672	7255	0.980498	FALSE	ORF1ab:cds-YP_009725295.1	GGT	G	TGT	C	603
NC_045512.2	2072	G	A	7252	2650	38	1	0	37	0.000137836	7255	0.996099	FALSE	ORF1ab:cds-YP_009724389.1	GGT	G	AGT	S	603
NC_045512.2	2072	G	A	7252	2650	38	1	0	37	0.000137836	7255	0.996099	FALSE	ORF1ab:cds-YP_009725295.1	GGT	G	AGT	S	603
NC_045512.2	2073	G	A	7029	2460	38	1	0	37	0.000142248	7030	0.996104	FALSE	ORF1ab:cds-YP_009724389.1	GGT	G	GAT	D	603
NC_045512.2	2073	G	A	7029	2460	38	1	0	37	0.000142248	7030	0.996104	FALSE	ORF1ab:cds-YP_009725295.1	GGT	G	GAT	D	603
NC_045512.2	2074	T	G	6721	2360	38	3	0	25	0.000446163	6724	1	FALSE	ORF1ab:cds-YP_009724389.1	GGT	G	GGG	G	603
NC_045512.2	2074	T	G	6721	2360	38	3	0	25	0.000446163	6724	1	FALSE	ORF1ab:cds-YP_009725295.1	GGT	G	GGG	G	603
NC_045512.2	2076	G	C	7493	2867	39	1	0	37	0.000133387	7497	0.996097	FALSE	ORF1ab:cds-YP_009724389.1	GGT	G	GCT	A	604
NC_045512.2	2076	G	C	7493	2867	39	1	0	37	0.000133387	7497	0.996097	FALSE	ORF1ab:cds-YP_009725295.1	GGT	G	GCT	A	604
NC_045512.2	2076	G	A	7493	2867	39	3	1	33	0.00040016	7497	0.945371	FALSE	ORF1ab:cds-YP_009724389.1	GGT	G	GAT	D	604
NC_045512.2	2076	G	A	7493	2867	39	3	1	33	0.00040016	7497	0.945371	FALSE	ORF1ab:cds-YP_009725295.1	GGT	G	GAT	D	604
NC_045512.2	2077	T	G	7374	2836	39	1	0	25	0.000135575	7376	1	FALSE	ORF1ab:cds-YP_009724389.1	GGT	G	GGG	G	604
NC_045512.2	2077	T	G	7374	2836	39	1	0	25	0.000135575	7376	1	FALSE	ORF1ab:cds-YP_009725295.1	GGT	G	GGG	G	604
NC_045512.2	2077	T	C	7374	2836	39	1	0	37	0.000135575	7376	0.996101	FALSE	ORF1ab:cds-YP_009724389.1	GGT	G	GGC	G	604
NC_045512.2	2077	T	C	7374	2836	39	1	0	37	0.000135575	7376	0.996101	FALSE	ORF1ab:cds-YP_009725295.1	GGT	G	GGC	G	604
NC_045512.2	2078	G	T	7530	2863	39	1	1	74	0.000132749	7533	0.499967	FALSE	ORF1ab:cds-YP_009724389.1	GTT	V	TTT	F	605
NC_045512.2	2078	G	T	7530	2863	39	1	1	74	0.000132749	7533	0.499967	FALSE	ORF1ab:cds-YP_009725295.1	GTT	V	TTT	F	605
NC_045512.2	2078	G	A	7530	2863	39	2	1	37	0.000265498	7533	0.980497	FALSE	ORF1ab:cds-YP_009724389.1	GTT	V	ATT	I	605
NC_045512.2	2078	G	A	7530	2863	39	2	1	37	0.000265498	7533	0.980497	FALSE	ORF1ab:cds-YP_009725295.1	GTT	V	ATT	I	605
NC_045512.2	2079	T	G	7335	2852	39	3	0	25	0.000408775	7339	1	FALSE	ORF1ab:cds-YP_009724389.1	GTT	V	GGT	G	605
NC_045512.2	2079	T	G	7335	2852	39	3	0	25	0.000408775	7339	1	FALSE	ORF1ab:cds-YP_009725295.1	GTT	V	GGT	G	605
NC_045512.2	2079	T	C	7335	2852	39	1	0	37	0.000136258	7339	0.996097	FALSE	ORF1ab:cds-YP_009724389.1	GTT	V	GCT	A	605
NC_045512.2	2079	T	C	7335	2852	39	1	0	37	0.000136258	7339	0.996097	FALSE	ORF1ab:cds-YP_009725295.1	GTT	V	GCT	A	605
NC_045512.2	2081	G	A	7429	2890	39	3	0	49	0.00040366	7432	0.125	FALSE	ORF1ab:cds-YP_009724389.1	GTT	V	ATT	I	606
NC_045512.2	2081	G	A	7429	2890	39	3	0	49	0.00040366	7432	0.125	FALSE	ORF1ab:cds-YP_009725295.1	GTT	V	ATT	I	606
NC_045512.2	2082	T	G	7257	2851	39	1	0	25	0.000137779	7258	1	FALSE	ORF1ab:cds-YP_009724389.1	GTT	V	GGT	G	606
NC_045512.2	2082	T	G	7257	2851	39	1	0	25	0.000137779	7258	1	FALSE	ORF1ab:cds-YP_009725295.1	GTT	V	GGT	G	606
NC_045512.2	2083	T	G	7282	2847	39	1	0	25	0.000137287	7284	1	FALSE	ORF1ab:cds-YP_009724389.1	GTT	V	GTG	V	606
NC_045512.2	2083	T	G	7282	2847	39	1	0	25	0.000137287	7284	1	FALSE	ORF1ab:cds-YP_009725295.1	GTT	V	GTG	V	606
NC_045512.2	2083	T	C	7282	2847	39	1	0	25	0.000137287	7284	1	FALSE	ORF1ab:cds-YP_009724389.1	GTT	V	GTC	V	606
NC_045512.2	2083	T	C	7282	2847	39	1	0	25	0.000137287	7284	1	FALSE	ORF1ab:cds-YP_009725295.1	GTT	V	GTC	V	606
NC_045512.2	2084	C	A	7381	2904	39	1	0	37	0.000135465	7382	0.996103	FALSE	ORF1ab:cds-YP_009724389.1	CAG	Q	AAG	K	607
NC_045512.2	2084	C	A	7381	2904	39	1	0	37	0.000135465	7382	0.996103	FALSE	ORF1ab:cds-YP_009725295.1	CAG	Q	AAG	K	607
NC_045512.2	2085	A	G	7417	3034	40	4	2	34	0.000539011	7421	0.886849	FALSE	ORF1ab:cds-YP_009724389.1	CAG	Q	CGG	R	607
NC_045512.2	2085	A	G	7417	3034	40	4	2	34	0.000539011	7421	0.886849	FALSE	ORF1ab:cds-YP_009725295.1	CAG	Q	CGG	R	607
NC_045512.2	2086	G	A	7730	3457	41	2	0	55	0.000258665	7732	0.250016	FALSE	ORF1ab:cds-YP_009724389.1	CAG	Q	CAA	Q	607
NC_045512.2	2086	G	A	7730	3457	41	2	0	55	0.000258665	7732	0.250016	FALSE	ORF1ab:cds-YP_009725295.1	CAG	Q	CAA	Q	607
NC_045512.2	2087	T	C	7706	3523	41	1	1	74	0.000129719	7709	0.499968	FALSE	ORF1ab:cds-YP_009724389.1	TTG	L	CTG	L	608
NC_045512.2	2087	T	C	7706	3523	41	1	1	74	0.000129719	7709	0.499968	FALSE	ORF1ab:cds-YP_009725295.1	TTG	L	CTG	L	608
NC_045512.2	2087	T	A	7706	3523	41	2	0	28	0.000259437	7709	1	FALSE	ORF1ab:cds-YP_009724389.1	TTG	L	ATG	M	608
NC_045512.2	2087	T	A	7706	3523	41	2	0	28	0.000259437	7709	1	FALSE	ORF1ab:cds-YP_009725295.1	TTG	L	ATG	M	608
NC_045512.2	2088	T	C	7811	3578	41	2	1	37	0.000255984	7813	0.980505	FALSE	ORF1ab:cds-YP_009724389.1	TTG	L	TCG	S	608
NC_045512.2	2088	T	C	7811	3578	41	2	1	37	0.000255984	7813	0.980505	FALSE	ORF1ab:cds-YP_009725295.1	TTG	L	TCG	S	608
NC_045512.2	2089	G	C	7768	3550	41	1	0	37	0.0001287	7770	0.996101	FALSE	ORF1ab:cds-YP_009724389.1	TTG	L	TTC	F	608
NC_045512.2	2089	G	C	7768	3550	41	1	0	37	0.0001287	7770	0.996101	FALSE	ORF1ab:cds-YP_009725295.1	TTG	L	TTC	F	608
NC_045512.2	2089	G	A	7768	3550	41	1	1	74	0.0001287	7770	0.5	FALSE	ORF1ab:cds-YP_009724389.1	TTG	L	TTA	L	608
NC_045512.2	2089	G	A	7768	3550	41	1	1	74	0.0001287	7770	0.5	FALSE	ORF1ab:cds-YP_009725295.1	TTG	L	TTA	L	608
NC_045512.2	2090	A	G	7638	3410	41	2	1	55	0.000261712	7642	0.249951	FALSE	ORF1ab:cds-YP_009724389.1	ACT	T	GCT	A	609
NC_045512.2	2090	A	G	7638	3410	41	2	1	55	0.000261712	7642	0.249951	FALSE	ORF1ab:cds-YP_009725295.1	ACT	T	GCT	A	609
NC_045512.2	2090	A	C	7638	3410	41	2	0	37	0.000261712	7642	0.980487	FALSE	ORF1ab:cds-YP_009724389.1	ACT	T	CCT	P	609
NC_045512.2	2090	A	C	7638	3410	41	2	0	37	0.000261712	7642	0.980487	FALSE	ORF1ab:cds-YP_009725295.1	ACT	T	CCT	P	609
NC_045512.2	2091	C	T	7421	3522	40	2	1	37	0.000269324	7426	0.980478	FALSE	ORF1ab:cds-YP_009724389.1	ACT	T	ATT	I	609
NC_045512.2	2091	C	T	7421	3522	40	2	1	37	0.000269324	7426	0.980478	FALSE	ORF1ab:cds-YP_009725295.1	ACT	T	ATT	I	609
NC_045512.2	2091	C	A	7421	3522	40	3	1	37	0.000403986	7426	0.945348	FALSE	ORF1ab:cds-YP_009724389.1	ACT	T	AAT	N	609
NC_045512.2	2091	C	A	7421	3522	40	3	1	37	0.000403986	7426	0.945348	FALSE	ORF1ab:cds-YP_009725295.1	ACT	T	AAT	N	609
NC_045512.2	2093	T	C	7476	3616	41	1	0	25	0.000133743	7477	1	FALSE	ORF1ab:cds-YP_009724389.1	TCG	S	CCG	P	610
NC_045512.2	2093	T	C	7476	3616	41	1	0	25	0.000133743	7477	1	FALSE	ORF1ab:cds-YP_009725295.1	TCG	S	CCG	P	610
NC_045512.2	2094	C	T	7499	3646	41	4	4	37	0.000532978	7505	0.886762	FALSE	ORF1ab:cds-YP_009724389.1	TCG	S	TTG	L	610
NC_045512.2	2094	C	T	7499	3646	41	4	4	37	0.000532978	7505	0.886762	FALSE	ORF1ab:cds-YP_009725295.1	TCG	S	TTG	L	610
NC_045512.2	2094	C	A	7499	3646	41	2	1	31	0.000266489	7505	0.980469	FALSE	ORF1ab:cds-YP_009724389.1	TCG	S	TAG	*	610
NC_045512.2	2094	C	A	7499	3646	41	2	1	31	0.000266489	7505	0.980469	FALSE	ORF1ab:cds-YP_009725295.1	TCG	S	TAG	*	610
NC_045512.2	2095	G	A	7425	3627	40	10	6	44	0.00134499	7435	0.000974265	TRUE	ORF1ab:cds-YP_009724389.1	TCG	S	TCA	S	610
NC_045512.2	2095	G	A	7425	3627	40	10	6	44	0.00134499	7435	0.000974265	TRUE	ORF1ab:cds-YP_009725295.1	TCG	S	TCA	S	610
NC_045512.2	2096	C	T	7299	3692	40	7	5	35	0.000958117	7306	0.604887	FALSE	ORF1ab:cds-YP_009724389.1	CAG	Q	TAG	*	611
NC_045512.2	2096	C	T	7299	3692	40	7	5	35	0.000958117	7306	0.604887	FALSE	ORF1ab:cds-YP_009725295.1	CAG	Q	TAG	*	611
NC_045512.2	2097	A	G	7216	3602	40	1	0	25	0.000138523	7219	1	FALSE	ORF1ab:cds-YP_009724389.1	CAG	Q	CGG	R	611
NC_045512.2	2097	A	G	7216	3602	40	1	0	25	0.000138523	7219	1	FALSE	ORF1ab:cds-YP_009725295.1	CAG	Q	CGG	R	611
NC_045512.2	2097	A	C	7216	3602	40	2	1	25	0.000277047	7219	1	FALSE	ORF1ab:cds-YP_009724389.1	CAG	Q	CCG	P	611
NC_045512.2	2097	A	C	7216	3602	40	2	1	25	0.000277047	7219	1	FALSE	ORF1ab:cds-YP_009725295.1	CAG	Q	CCG	P	611
NC_045512.2	2098	G	A	7324	3695	40	3	3	37	0.000409445	7327	0.945396	FALSE	ORF1ab:cds-YP_009724389.1	CAG	Q	CAA	Q	611
NC_045512.2	2098	G	A	7324	3695	40	3	3	37	0.000409445	7327	0.945396	FALSE	ORF1ab:cds-YP_009725295.1	CAG	Q	CAA	Q	611
NC_045512.2	2099	T	-G	7135	3615	40	1	0	20	0.000140154	7135	1	FALSE	NA	NA	NA	NA	NA	NA
NC_045512.2	2100	G	T	7307	3622	40	1	0	74	0.000136818	7309	0.499966	FALSE	ORF1ab:cds-YP_009724389.1	TGG	W	TTG	L	612
NC_045512.2	2100	G	T	7307	3622	40	1	0	74	0.000136818	7309	0.499966	FALSE	ORF1ab:cds-YP_009725295.1	TGG	W	TTG	L	612
NC_045512.2	2100	G	A	7307	3622	40	1	0	37	0.000136818	7309	0.996099	FALSE	ORF1ab:cds-YP_009724389.1	TGG	W	TAG	*	612
NC_045512.2	2100	G	A	7307	3622	40	1	0	37	0.000136818	7309	0.996099	FALSE	ORF1ab:cds-YP_009725295.1	TGG	W	TAG	*	612
NC_045512.2	2101	G	T	7276	3608	40	1	1	37	0.000137268	7285	0.996086	FALSE	ORF1ab:cds-YP_009724389.1	TGG	W	TGT	C	612
NC_045512.2	2101	G	T	7276	3608	40	1	1	37	0.000137268	7285	0.996086	FALSE	ORF1ab:cds-YP_009725295.1	TGG	W	TGT	C	612
NC_045512.2	2101	G	A	7276	3608	40	8	4	38	0.00109815	7285	0.5	FALSE	ORF1ab:cds-YP_009724389.1	TGG	W	TGA	*	612
NC_045512.2	2101	G	A	7276	3608	40	8	4	38	0.00109815	7285	0.5	FALSE	ORF1ab:cds-YP_009725295.1	TGG	W	TGA	*	612
NC_045512.2	2102	C	T	7204	3657	40	3	2	37	0.000416204	7208	0.945373	FALSE	ORF1ab:cds-YP_009724389.1	CTA	L	TTA	L	613
NC_045512.2	2102	C	T	7204	3657	40	3	2	37	0.000416204	7208	0.945373	FALSE	ORF1ab:cds-YP_009725295.1	CTA	L	TTA	L	613
NC_045512.2	2102	C	A	7204	3657	40	1	1	37	0.000138735	7208	0.996097	FALSE	ORF1ab:cds-YP_009724389.1	CTA	L	ATA	I	613
NC_045512.2	2102	C	A	7204	3657	40	1	1	37	0.000138735	7208	0.996097	FALSE	ORF1ab:cds-YP_009725295.1	CTA	L	ATA	I	613
NC_045512.2	2103	T	G	7212	3690	40	1	1	37	0.000138619	7214	0.996101	FALSE	ORF1ab:cds-YP_009724389.1	CTA	L	CGA	R	613
NC_045512.2	2103	T	G	7212	3690	40	1	1	37	0.000138619	7214	0.996101	FALSE	ORF1ab:cds-YP_009725295.1	CTA	L	CGA	R	613
NC_045512.2	2103	T	C	7212	3690	40	1	0	37	0.000138619	7214	0.996101	FALSE	ORF1ab:cds-YP_009724389.1	CTA	L	CCA	P	613
NC_045512.2	2103	T	C	7212	3690	40	1	0	37	0.000138619	7214	0.996101	FALSE	ORF1ab:cds-YP_009725295.1	CTA	L	CCA	P	613
NC_045512.2	2104	A	C	7204	3722	40	2	0	25	0.000277546	7206	1	FALSE	ORF1ab:cds-YP_009724389.1	CTA	L	CTC	L	613
NC_045512.2	2104	A	C	7204	3722	40	2	0	25	0.000277546	7206	1	FALSE	ORF1ab:cds-YP_009725295.1	CTA	L	CTC	L	613
NC_045512.2	2105	A	G	7263	3685	40	1	0	74	0.000137665	7264	0.500034	FALSE	ORF1ab:cds-YP_009724389.1	ACT	T	GCT	A	614
NC_045512.2	2105	A	G	7263	3685	40	1	0	74	0.000137665	7264	0.500034	FALSE	ORF1ab:cds-YP_009725295.1	ACT	T	GCT	A	614
NC_045512.2	2106	C	T	7177	3861	39	2	0	37	0.00027859	7179	0.980508	FALSE	ORF1ab:cds-YP_009724389.1	ACT	T	ATT	I	614
NC_045512.2	2106	C	T	7177	3861	39	2	0	37	0.00027859	7179	0.980508	FALSE	ORF1ab:cds-YP_009725295.1	ACT	T	ATT	I	614
NC_045512.2	2107	T	C	7183	3828	39	2	2	37	0.000278358	7185	0.980508	FALSE	ORF1ab:cds-YP_009724389.1	ACT	T	ACC	T	614
NC_045512.2	2107	T	C	7183	3828	39	2	2	37	0.000278358	7185	0.980508	FALSE	ORF1ab:cds-YP_009725295.1	ACT	T	ACC	T	614
NC_045512.2	2109	A	G	6806	3519	39	1	1	37	0.000146843	6810	0.992192	FALSE	ORF1ab:cds-YP_009724389.1	AAC	N	AGC	S	615
NC_045512.2	2109	A	G	6806	3519	39	1	1	37	0.000146843	6810	0.992192	FALSE	ORF1ab:cds-YP_009725295.1	AAC	N	AGC	S	615
NC_045512.2	2109	A	C	6806	3519	39	3	2	29	0.000440529	6810	1	FALSE	ORF1ab:cds-YP_009724389.1	AAC	N	ACC	T	615
NC_045512.2	2109	A	C	6806	3519	39	3	2	29	0.000440529	6810	1	FALSE	ORF1ab:cds-YP_009725295.1	AAC	N	ACC	T	615
NC_045512.2	2110	C	T	6991	3714	39	1	0	37	0.000143	6993	0.992199	FALSE	ORF1ab:cds-YP_009724389.1	AAC	N	AAT	N	615
NC_045512.2	2110	C	T	6991	3714	39	1	0	37	0.000143	6993	0.992199	FALSE	ORF1ab:cds-YP_009725295.1	AAC	N	AAT	N	615
NC_045512.2	2110	C	A	6991	3714	39	1	0	37	0.000143	6993	0.992199	FALSE	ORF1ab:cds-YP_009724389.1	AAC	N	AAA	K	615
NC_045512.2	2110	C	A	6991	3714	39	1	0	37	0.000143	6993	0.992199	FALSE	ORF1ab:cds-YP_009725295.1	AAC	N	AAA	K	615
NC_045512.2	2111	A	T	6761	3604	39	1	0	25	0.00014782	6765	1	FALSE	ORF1ab:cds-YP_009724389.1	ATC	I	TTC	F	616
NC_045512.2	2111	A	T	6761	3604	39	1	0	25	0.00014782	6765	1	FALSE	ORF1ab:cds-YP_009725295.1	ATC	I	TTC	F	616
NC_045512.2	2111	A	G	6761	3604	39	1	0	37	0.00014782	6765	0.992192	FALSE	ORF1ab:cds-YP_009724389.1	ATC	I	GTC	V	616
NC_045512.2	2111	A	G	6761	3604	39	1	0	37	0.00014782	6765	0.992192	FALSE	ORF1ab:cds-YP_009725295.1	ATC	I	GTC	V	616
NC_045512.2	2111	A	C	6761	3604	39	2	2	25	0.000295639	6765	1	FALSE	ORF1ab:cds-YP_009724389.1	ATC	I	CTC	L	616
NC_045512.2	2111	A	C	6761	3604	39	2	2	25	0.000295639	6765	1	FALSE	ORF1ab:cds-YP_009725295.1	ATC	I	CTC	L	616
NC_045512.2	2115	T	G	6731	3642	39	2	0	25	0.000297044	6733	1	FALSE	ORF1ab:cds-YP_009724389.1	TTT	F	TGT	C	617
NC_045512.2	2115	T	G	6731	3642	39	2	0	25	0.000297044	6733	1	FALSE	ORF1ab:cds-YP_009725295.1	TTT	F	TGT	C	617
NC_045512.2	2116	T	G	6703	3625	39	1	1	37	0.000149165	6704	0.992204	FALSE	ORF1ab:cds-YP_009724389.1	TTT	F	TTG	L	617
NC_045512.2	2116	T	G	6703	3625	39	1	1	37	0.000149165	6704	0.992204	FALSE	ORF1ab:cds-YP_009725295.1	TTT	F	TTG	L	617
NC_045512.2	2117	G	T	6768	3690	39	1	1	37	0.000147732	6769	0.992204	FALSE	ORF1ab:cds-YP_009724389.1	GGC	G	TGC	C	618
NC_045512.2	2117	G	T	6768	3690	39	1	1	37	0.000147732	6769	0.992204	FALSE	ORF1ab:cds-YP_009725295.1	GGC	G	TGC	C	618
NC_045512.2	2118	G	T	6695	3678	38	1	0	37	0.000149031	6710	0.992147	FALSE	ORF1ab:cds-YP_009724389.1	GGC	G	GTC	V	618
NC_045512.2	2118	G	T	6695	3678	38	1	0	37	0.000149031	6710	0.992147	FALSE	ORF1ab:cds-YP_009725295.1	GGC	G	GTC	V	618
NC_045512.2	2118	G	A	6695	3678	38	14	9	39	0.00208644	6710	0.0575241	FALSE	ORF1ab:cds-YP_009724389.1	GGC	G	GAC	D	618
NC_045512.2	2118	G	A	6695	3678	38	14	9	39	0.00208644	6710	0.0575241	FALSE	ORF1ab:cds-YP_009725295.1	GGC	G	GAC	D	618
NC_045512.2	2119	C	T	6707	3732	38	5	4	37	0.000744934	6712	0.725754	FALSE	ORF1ab:cds-YP_009724389.1	GGC	G	GGT	G	618
NC_045512.2	2119	C	T	6707	3732	38	5	4	37	0.000744934	6712	0.725754	FALSE	ORF1ab:cds-YP_009725295.1	GGC	G	GGT	G	618
NC_045512.2	2120	A	G	6604	3678	38	1	0	25	0.000151309	6609	1	FALSE	ORF1ab:cds-YP_009724389.1	ACT	T	GCT	A	619
NC_045512.2	2120	A	G	6604	3678	38	1	0	25	0.000151309	6609	1	FALSE	ORF1ab:cds-YP_009725295.1	ACT	T	GCT	A	619
NC_045512.2	2120	A	C	6604	3678	38	4	0	29	0.000605235	6609	1	FALSE	ORF1ab:cds-YP_009724389.1	ACT	T	CCT	P	619
NC_045512.2	2120	A	C	6604	3678	38	4	0	29	0.000605235	6609	1	FALSE	ORF1ab:cds-YP_009725295.1	ACT	T	CCT	P	619
NC_045512.2	2120	A	+C	6604	3678	38	1	0	20	0.000151309	6609	1	FALSE	NA	NA	NA	NA	NA	NA
NC_045512.2	2121	C	T	6457	3742	38	1	1	62	0.000154847	6458	0.500039	FALSE	ORF1ab:cds-YP_009724389.1	ACT	T	ATT	I	619
NC_045512.2	2121	C	T	6457	3742	38	1	1	62	0.000154847	6458	0.500039	FALSE	ORF1ab:cds-YP_009725295.1	ACT	T	ATT	I	619
NC_045512.2	2122	T	G	6237	3535	38	3	0	25	0.000480692	6241	1	FALSE	ORF1ab:cds-YP_009724389.1	ACT	T	ACG	T	619
NC_045512.2	2122	T	G	6237	3535	38	3	0	25	0.000480692	6241	1	FALSE	ORF1ab:cds-YP_009725295.1	ACT	T	ACG	T	619
NC_045512.2	2122	T	C	6237	3535	38	1	1	37	0.000160231	6241	0.992192	FALSE	ORF1ab:cds-YP_009724389.1	ACT	T	ACC	T	619
NC_045512.2	2122	T	C	6237	3535	38	1	1	37	0.000160231	6241	0.992192	FALSE	ORF1ab:cds-YP_009725295.1	ACT	T	ACC	T	619
NC_045512.2	2123	G	T	6411	3528	39	1	0	37	0.000155885	6415	0.992192	FALSE	ORF1ab:cds-YP_009724389.1	GTT	V	TTT	F	620
NC_045512.2	2123	G	T	6411	3528	39	1	0	37	0.000155885	6415	0.992192	FALSE	ORF1ab:cds-YP_009725295.1	GTT	V	TTT	F	620
NC_045512.2	2123	G	A	6411	3528	39	3	2	33	0.000467654	6415	0.910233	FALSE	ORF1ab:cds-YP_009724389.1	GTT	V	ATT	I	620
NC_045512.2	2123	G	A	6411	3528	39	3	2	33	0.000467654	6415	0.910233	FALSE	ORF1ab:cds-YP_009725295.1	GTT	V	ATT	I	620
NC_045512.2	2124	T	G	6159	3552	38	4	0	25	0.000649035	6163	1	FALSE	ORF1ab:cds-YP_009724389.1	GTT	V	GGT	G	620
NC_045512.2	2124	T	G	6159	3552	38	4	0	25	0.000649035	6163	1	FALSE	ORF1ab:cds-YP_009725295.1	GTT	V	GGT	G	620
NC_045512.2	2125	T	G	6174	3553	38	7	1	29	0.0011325	6181	1	FALSE	ORF1ab:cds-YP_009724389.1	GTT	V	GTG	V	620
NC_045512.2	2125	T	G	6174	3553	38	7	1	29	0.0011325	6181	1	FALSE	ORF1ab:cds-YP_009725295.1	GTT	V	GTG	V	620
NC_045512.2	2126	T	G	6146	3609	38	1	0	25	0.000162628	6149	1	FALSE	ORF1ab:cds-YP_009724389.1	TAT	Y	GAT	D	621
NC_045512.2	2126	T	G	6146	3609	38	1	0	25	0.000162628	6149	1	FALSE	ORF1ab:cds-YP_009725295.1	TAT	Y	GAT	D	621
NC_045512.2	2126	T	C	6146	3609	38	2	0	37	0.000325256	6149	0.964888	FALSE	ORF1ab:cds-YP_009724389.1	TAT	Y	CAT	H	621
NC_045512.2	2126	T	C	6146	3609	38	2	0	37	0.000325256	6149	0.964888	FALSE	ORF1ab:cds-YP_009725295.1	TAT	Y	CAT	H	621
NC_045512.2	2127	A	G	6360	3785	38	1	1	37	0.000157183	6362	0.9922	FALSE	ORF1ab:cds-YP_009724389.1	TAT	Y	TGT	C	621
NC_045512.2	2127	A	G	6360	3785	38	1	1	37	0.000157183	6362	0.9922	FALSE	ORF1ab:cds-YP_009725295.1	TAT	Y	TGT	C	621
NC_045512.2	2127	A	C	6360	3785	38	1	1	37	0.000157183	6362	0.9922	FALSE	ORF1ab:cds-YP_009724389.1	TAT	Y	TCT	S	621
NC_045512.2	2127	A	C	6360	3785	38	1	1	37	0.000157183	6362	0.9922	FALSE	ORF1ab:cds-YP_009725295.1	TAT	Y	TCT	S	621
NC_045512.2	2128	T	G	6394	3840	38	2	1	25	0.000312647	6397	1	FALSE	ORF1ab:cds-YP_009724389.1	TAT	Y	TAG	*	621
NC_045512.2	2128	T	G	6394	3840	38	2	1	25	0.000312647	6397	1	FALSE	ORF1ab:cds-YP_009725295.1	TAT	Y	TAG	*	621
NC_045512.2	2128	T	C	6394	3840	38	1	0	37	0.000156323	6397	0.992196	FALSE	ORF1ab:cds-YP_009724389.1	TAT	Y	TAC	Y	621
NC_045512.2	2128	T	C	6394	3840	38	1	0	37	0.000156323	6397	0.992196	FALSE	ORF1ab:cds-YP_009725295.1	TAT	Y	TAC	Y	621
NC_045512.2	2130	A	G	6395	3844	38	1	1	25	0.000156348	6396	1	FALSE	ORF1ab:cds-YP_009724389.1	GAA	E	GGA	G	622
NC_045512.2	2130	A	G	6395	3844	38	1	1	25	0.000156348	6396	1	FALSE	ORF1ab:cds-YP_009725295.1	GAA	E	GGA	G	622
NC_045512.2	2131	A	C	6374	3839	38	1	1	25	0.000156863	6375	1	FALSE	ORF1ab:cds-YP_009724389.1	GAA	E	GAC	D	622
NC_045512.2	2131	A	C	6374	3839	38	1	1	25	0.000156863	6375	1	FALSE	ORF1ab:cds-YP_009725295.1	GAA	E	GAC	D	622
NC_045512.2	2132	A	G	6317	3794	38	2	2	37	0.000316506	6319	0.964904	FALSE	ORF1ab:cds-YP_009724389.1	AAA	K	GAA	E	623
NC_045512.2	2132	A	G	6317	3794	38	2	2	37	0.000316506	6319	0.964904	FALSE	ORF1ab:cds-YP_009725295.1	AAA	K	GAA	E	623
NC_045512.2	2133	A	G	6398	3930	38	1	1	37	0.000156274	6399	0.992205	FALSE	ORF1ab:cds-YP_009724389.1	AAA	K	AGA	R	623
NC_045512.2	2133	A	G	6398	3930	38	1	1	37	0.000156274	6399	0.992205	FALSE	ORF1ab:cds-YP_009725295.1	AAA	K	AGA	R	623
NC_045512.2	2134	A	G	6568	4053	38	1	0	37	0.00015223	6569	0.992204	FALSE	ORF1ab:cds-YP_009724389.1	AAA	K	AAG	K	623
NC_045512.2	2134	A	G	6568	4053	38	1	0	37	0.00015223	6569	0.992204	FALSE	ORF1ab:cds-YP_009725295.1	AAA	K	AAG	K	623
NC_045512.2	2135	C	T	6676	4101	39	1	0	37	0.000149768	6677	0.992204	FALSE	ORF1ab:cds-YP_009724389.1	CTC	L	TTC	F	624
NC_045512.2	2135	C	T	6676	4101	39	1	0	37	0.000149768	6677	0.992204	FALSE	ORF1ab:cds-YP_009725295.1	CTC	L	TTC	F	624
NC_045512.2	2136	T	C	6658	4058	39	2	2	37	0.0003003	6660	0.964901	FALSE	ORF1ab:cds-YP_009724389.1	CTC	L	CCC	P	624
NC_045512.2	2136	T	C	6658	4058	39	2	2	37	0.0003003	6660	0.964901	FALSE	ORF1ab:cds-YP_009725295.1	CTC	L	CCC	P	624
NC_045512.2	2138	A	G	6660	4104	39	2	1	55	0.000300165	6663	0.249981	FALSE	ORF1ab:cds-YP_009724389.1	AAA	K	GAA	E	625
NC_045512.2	2138	A	G	6660	4104	39	2	1	55	0.000300165	6663	0.249981	FALSE	ORF1ab:cds-YP_009725295.1	AAA	K	GAA	E	625
NC_045512.2	2138	A	C	6660	4104	39	1	0	29	0.000150083	6663	1	FALSE	ORF1ab:cds-YP_009724389.1	AAA	K	CAA	Q	625
NC_045512.2	2138	A	C	6660	4104	39	1	0	29	0.000150083	6663	1	FALSE	ORF1ab:cds-YP_009725295.1	AAA	K	CAA	Q	625
NC_045512.2	2139	A	T	6413	3839	38	1	1	25	0.000155885	6415	1	FALSE	ORF1ab:cds-YP_009724389.1	AAA	K	ATA	I	625
NC_045512.2	2139	A	T	6413	3839	38	1	1	25	0.000155885	6415	1	FALSE	ORF1ab:cds-YP_009725295.1	AAA	K	ATA	I	625
NC_045512.2	2139	A	C	6413	3839	38	1	1	25	0.000155885	6415	1	FALSE	ORF1ab:cds-YP_009724389.1	AAA	K	ACA	T	625
NC_045512.2	2139	A	C	6413	3839	38	1	1	25	0.000155885	6415	1	FALSE	ORF1ab:cds-YP_009725295.1	AAA	K	ACA	T	625
NC_045512.2	2140	A	T	6240	3789	38	2	0	31	0.000319949	6251	0.964747	FALSE	ORF1ab:cds-YP_009724389.1	AAA	K	AAT	N	625
NC_045512.2	2140	A	T	6240	3789	38	2	0	31	0.000319949	6251	0.964747	FALSE	ORF1ab:cds-YP_009725295.1	AAA	K	AAT	N	625
NC_045512.2	2140	A	G	6240	3789	38	2	1	25	0.000319949	6251	1	FALSE	ORF1ab:cds-YP_009724389.1	AAA	K	AAG	K	625
NC_045512.2	2140	A	G	6240	3789	38	2	1	25	0.000319949	6251	1	FALSE	ORF1ab:cds-YP_009725295.1	AAA	K	AAG	K	625
NC_045512.2	2140	A	C	6240	3789	38	7	7	30	0.00111982	6251	0.499648	FALSE	ORF1ab:cds-YP_009724389.1	AAA	K	AAC	N	625
NC_045512.2	2140	A	C	6240	3789	38	7	7	30	0.00111982	6251	0.499648	FALSE	ORF1ab:cds-YP_009725295.1	AAA	K	AAC	N	625
NC_045512.2	2141	C	T	6731	4216	39	1	0	37	0.000148522	6733	0.9922	FALSE	ORF1ab:cds-YP_009724389.1	CCC	P	TCC	S	626
NC_045512.2	2141	C	T	6731	4216	39	1	0	37	0.000148522	6733	0.9922	FALSE	ORF1ab:cds-YP_009725295.1	CCC	P	TCC	S	626
NC_045512.2	2141	C	A	6731	4216	39	1	1	25	0.000148522	6733	1	FALSE	ORF1ab:cds-YP_009724389.1	CCC	P	ACC	T	626
NC_045512.2	2141	C	A	6731	4216	39	1	1	25	0.000148522	6733	1	FALSE	ORF1ab:cds-YP_009725295.1	CCC	P	ACC	T	626
NC_045512.2	2143	C	T	6382	3887	39	1	0	37	0.000156617	6385	0.992196	FALSE	ORF1ab:cds-YP_009724389.1	CCC	P	CCT	P	626
NC_045512.2	2143	C	T	6382	3887	39	1	0	37	0.000156617	6385	0.992196	FALSE	ORF1ab:cds-YP_009725295.1	CCC	P	CCT	P	626
NC_045512.2	2143	C	A	6382	3887	39	2	1	31	0.000313234	6385	0.964887	FALSE	ORF1ab:cds-YP_009724389.1	CCC	P	CCA	P	626
NC_045512.2	2143	C	A	6382	3887	39	2	1	31	0.000313234	6385	0.964887	FALSE	ORF1ab:cds-YP_009725295.1	CCC	P	CCA	P	626
NC_045512.2	2144	G	T	6345	3829	39	2	0	37	0.000314861	6352	0.964818	FALSE	ORF1ab:cds-YP_009724389.1	GTC	V	TTC	F	627
NC_045512.2	2144	G	T	6345	3829	39	2	0	37	0.000314861	6352	0.964818	FALSE	ORF1ab:cds-YP_009725295.1	GTC	V	TTC	F	627
NC_045512.2	2144	G	A	6345	3829	39	5	3	32	0.000787154	6352	0.725586	FALSE	ORF1ab:cds-YP_009724389.1	GTC	V	ATC	I	627
NC_045512.2	2144	G	A	6345	3829	39	5	3	32	0.000787154	6352	0.725586	FALSE	ORF1ab:cds-YP_009725295.1	GTC	V	ATC	I	627
NC_045512.2	2145	T	A	6230	3784	39	1	0	37	0.000160488	6231	0.992205	FALSE	ORF1ab:cds-YP_009724389.1	GTC	V	GAC	D	627
NC_045512.2	2145	T	A	6230	3784	39	1	0	37	0.000160488	6231	0.992205	FALSE	ORF1ab:cds-YP_009725295.1	GTC	V	GAC	D	627
NC_045512.2	2146	C	T	6318	3904	39	1	0	37	0.000158253	6319	0.992205	FALSE	ORF1ab:cds-YP_009724389.1	GTC	V	GTT	V	627
NC_045512.2	2146	C	T	6318	3904	39	1	0	37	0.000158253	6319	0.992205	FALSE	ORF1ab:cds-YP_009725295.1	GTC	V	GTT	V	627
NC_045512.2	2148	T	G	6047	3870	38	5	1	27	0.000826037	6053	1	FALSE	ORF1ab:cds-YP_009724389.1	CTT	L	CGT	R	628
NC_045512.2	2148	T	G	6047	3870	38	5	1	27	0.000826037	6053	1	FALSE	ORF1ab:cds-YP_009725295.1	CTT	L	CGT	R	628
NC_045512.2	2148	T	C	6047	3870	38	1	0	37	0.000165207	6053	0.992183	FALSE	ORF1ab:cds-YP_009724389.1	CTT	L	CCT	P	628
NC_045512.2	2148	T	C	6047	3870	38	1	0	37	0.000165207	6053	0.992183	FALSE	ORF1ab:cds-YP_009725295.1	CTT	L	CCT	P	628
NC_045512.2	2149	T	G	6064	3869	38	3	0	33	0.000494397	6068	0.910237	FALSE	ORF1ab:cds-YP_009724389.1	CTT	L	CTG	L	628
NC_045512.2	2149	T	G	6064	3869	38	3	0	33	0.000494397	6068	0.910237	FALSE	ORF1ab:cds-YP_009725295.1	CTT	L	CTG	L	628
NC_045512.2	2149	T	A	6064	3869	38	1	1	37	0.000164799	6068	0.992192	FALSE	ORF1ab:cds-YP_009724389.1	CTT	L	CTA	L	628
NC_045512.2	2149	T	A	6064	3869	38	1	1	37	0.000164799	6068	0.992192	FALSE	ORF1ab:cds-YP_009725295.1	CTT	L	CTA	L	628
NC_045512.2	2150	G	T	6245	3937	39	2	2	31	0.000320102	6248	0.964888	FALSE	ORF1ab:cds-YP_009724389.1	GAT	D	TAT	Y	629
NC_045512.2	2150	G	T	6245	3937	39	2	2	31	0.000320102	6248	0.964888	FALSE	ORF1ab:cds-YP_009725295.1	GAT	D	TAT	Y	629
NC_045512.2	2150	G	A	6245	3937	39	1	0	37	0.000160051	6248	0.992196	FALSE	ORF1ab:cds-YP_009724389.1	GAT	D	AAT	N	629
NC_045512.2	2150	G	A	6245	3937	39	1	0	37	0.000160051	6248	0.992196	FALSE	ORF1ab:cds-YP_009725295.1	GAT	D	AAT	N	629
NC_045512.2	2151	A	T	6120	3895	38	1	1	29	0.000163345	6122	1	FALSE	ORF1ab:cds-YP_009724389.1	GAT	D	GTT	V	629
NC_045512.2	2151	A	T	6120	3895	38	1	1	29	0.000163345	6122	1	FALSE	ORF1ab:cds-YP_009725295.1	GAT	D	GTT	V	629
NC_045512.2	2151	A	G	6120	3895	38	1	0	37	0.000163345	6122	0.992201	FALSE	ORF1ab:cds-YP_009724389.1	GAT	D	GGT	G	629
NC_045512.2	2151	A	G	6120	3895	38	1	0	37	0.000163345	6122	0.992201	FALSE	ORF1ab:cds-YP_009725295.1	GAT	D	GGT	G	629
NC_045512.2	2152	T	G	5970	3873	38	3	0	25	0.000502176	5974	1	FALSE	ORF1ab:cds-YP_009724389.1	GAT	D	GAG	E	629
NC_045512.2	2152	T	G	5970	3873	38	3	0	25	0.000502176	5974	1	FALSE	ORF1ab:cds-YP_009725295.1	GAT	D	GAG	E	629
NC_045512.2	2152	T	C	5970	3873	38	1	0	62	0.000167392	5974	0.499916	FALSE	ORF1ab:cds-YP_009724389.1	GAT	D	GAC	D	629
NC_045512.2	2152	T	C	5970	3873	38	1	0	62	0.000167392	5974	0.499916	FALSE	ORF1ab:cds-YP_009725295.1	GAT	D	GAC	D	629
NC_045512.2	2153	T	G	6038	3832	38	2	2	31	0.000331016	6042	0.964871	FALSE	ORF1ab:cds-YP_009724389.1	TGG	W	GGG	G	630
NC_045512.2	2153	T	G	6038	3832	38	2	2	31	0.000331016	6042	0.964871	FALSE	ORF1ab:cds-YP_009725295.1	TGG	W	GGG	G	630
NC_045512.2	2153	T	A	6038	3832	38	2	0	25	0.000331016	6042	1	FALSE	ORF1ab:cds-YP_009724389.1	TGG	W	AGG	R	630
NC_045512.2	2153	T	A	6038	3832	38	2	0	25	0.000331016	6042	1	FALSE	ORF1ab:cds-YP_009725295.1	TGG	W	AGG	R	630
NC_045512.2	2154	G	A	6107	3819	39	1	1	37	0.00016372	6108	0.992205	FALSE	ORF1ab:cds-YP_009724389.1	TGG	W	TAG	*	630
NC_045512.2	2154	G	A	6107	3819	39	1	1	37	0.00016372	6108	0.992205	FALSE	ORF1ab:cds-YP_009725295.1	TGG	W	TAG	*	630
NC_045512.2	2155	G	A	6028	3848	38	3	3	61	0.00049743	6031	0.125	FALSE	ORF1ab:cds-YP_009724389.1	TGG	W	TGA	*	630
NC_045512.2	2155	G	A	6028	3848	38	3	3	61	0.00049743	6031	0.125	FALSE	ORF1ab:cds-YP_009725295.1	TGG	W	TGA	*	630
NC_045512.2	2156	C	T	5834	3698	38	2	1	37	0.000342642	5837	0.937556	FALSE	ORF1ab:cds-YP_009724389.1	CTT	L	TTT	F	631
NC_045512.2	2156	C	T	5834	3698	38	2	1	37	0.000342642	5837	0.937556	FALSE	ORF1ab:cds-YP_009725295.1	CTT	L	TTT	F	631
NC_045512.2	2156	C	A	5834	3698	38	1	0	25	0.000171321	5837	1	FALSE	ORF1ab:cds-YP_009724389.1	CTT	L	ATT	I	631
NC_045512.2	2156	C	A	5834	3698	38	1	0	25	0.000171321	5837	1	FALSE	ORF1ab:cds-YP_009725295.1	CTT	L	ATT	I	631
NC_045512.2	2156	C	-T	5834	3698	38	1	0	20	0.000171321	5837	1	FALSE	NA	NA	NA	NA	NA	NA
NC_045512.2	2157	T	G	5902	3810	38	3	0	25	0.000508044	5905	1	FALSE	ORF1ab:cds-YP_009724389.1	CTT	L	CGT	R	631
NC_045512.2	2157	T	G	5902	3810	38	3	0	25	0.000508044	5905	1	FALSE	ORF1ab:cds-YP_009725295.1	CTT	L	CGT	R	631
NC_045512.2	2158	T	G	5977	3931	38	1	0	25	0.00016728	5978	1	FALSE	ORF1ab:cds-YP_009724389.1	CTT	L	CTG	L	631
NC_045512.2	2158	T	G	5977	3931	38	1	0	25	0.00016728	5978	1	FALSE	ORF1ab:cds-YP_009725295.1	CTT	L	CTG	L	631
NC_045512.2	2160	A	T	5984	4061	38	2	0	25	0.000334057	5987	1	FALSE	ORF1ab:cds-YP_009724389.1	GAA	E	GTA	V	632
NC_045512.2	2160	A	T	5984	4061	38	2	0	25	0.000334057	5987	1	FALSE	ORF1ab:cds-YP_009725295.1	GAA	E	GTA	V	632
NC_045512.2	2160	A	G	5984	4061	38	1	1	37	0.000167029	5987	0.984387	FALSE	ORF1ab:cds-YP_009724389.1	GAA	E	GGA	G	632
NC_045512.2	2160	A	G	5984	4061	38	1	1	37	0.000167029	5987	0.984387	FALSE	ORF1ab:cds-YP_009725295.1	GAA	E	GGA	G	632
NC_045512.2	2161	A	G	5959	4086	38	1	0	25	0.000167785	5960	1	FALSE	ORF1ab:cds-YP_009724389.1	GAA	E	GAG	E	632
NC_045512.2	2161	A	G	5959	4086	38	1	0	25	0.000167785	5960	1	FALSE	ORF1ab:cds-YP_009725295.1	GAA	E	GAG	E	632
NC_045512.2	2163	A	G	6948	5344	41	1	1	37	0.000143885	6950	0.992199	FALSE	ORF1ab:cds-YP_009724389.1	GAG	E	GGG	G	633
NC_045512.2	2163	A	G	6948	5344	41	1	1	37	0.000143885	6950	0.992199	FALSE	ORF1ab:cds-YP_009725295.1	GAG	E	GGG	G	633
NC_045512.2	2163	A	C	6948	5344	41	1	0	37	0.000143885	6950	0.992199	FALSE	ORF1ab:cds-YP_009724389.1	GAG	E	GCG	A	633
NC_045512.2	2163	A	C	6948	5344	41	1	0	37	0.000143885	6950	0.992199	FALSE	ORF1ab:cds-YP_009725295.1	GAG	E	GCG	A	633
NC_045512.2	2164	G	T	7019	5406	41	1	1	37	0.00014245	7020	0.996104	FALSE	ORF1ab:cds-YP_009724389.1	GAG	E	GAT	D	633
NC_045512.2	2164	G	T	7019	5406	41	1	1	37	0.00014245	7020	0.996104	FALSE	ORF1ab:cds-YP_009725295.1	GAG	E	GAT	D	633
NC_045512.2	2165	A	G	6751	5502	39	1	1	37	0.00014806	6754	0.992196	FALSE	ORF1ab:cds-YP_009724389.1	AAG	K	GAG	E	634
NC_045512.2	2165	A	G	6751	5502	39	1	1	37	0.00014806	6754	0.992196	FALSE	ORF1ab:cds-YP_009725295.1	AAG	K	GAG	E	634
NC_045512.2	2165	A	C	6751	5502	39	2	0	37	0.000296121	6754	0.964884	FALSE	ORF1ab:cds-YP_009724389.1	AAG	K	CAG	Q	634
NC_045512.2	2165	A	C	6751	5502	39	2	0	37	0.000296121	6754	0.964884	FALSE	ORF1ab:cds-YP_009725295.1	AAG	K	CAG	Q	634
NC_045512.2	2166	A	T	6497	5528	38	1	1	25	0.000153822	6501	1	FALSE	ORF1ab:cds-YP_009724389.1	AAG	K	ATG	M	634
NC_045512.2	2166	A	T	6497	5528	38	1	1	25	0.000153822	6501	1	FALSE	ORF1ab:cds-YP_009725295.1	AAG	K	ATG	M	634
NC_045512.2	2166	A	G	6497	5528	38	1	1	37	0.000153822	6501	0.992192	FALSE	ORF1ab:cds-YP_009724389.1	AAG	K	AGG	R	634
NC_045512.2	2166	A	G	6497	5528	38	1	1	37	0.000153822	6501	0.992192	FALSE	ORF1ab:cds-YP_009725295.1	AAG	K	AGG	R	634
NC_045512.2	2166	A	C	6497	5528	38	2	1	25	0.000307645	6501	1	FALSE	ORF1ab:cds-YP_009724389.1	AAG	K	ACG	T	634
NC_045512.2	2166	A	C	6497	5528	38	2	1	25	0.000307645	6501	1	FALSE	ORF1ab:cds-YP_009725295.1	AAG	K	ACG	T	634
NC_045512.2	2167	G	C	6578	5515	38	1	0	37	0.000151999	6579	0.992204	FALSE	ORF1ab:cds-YP_009724389.1	AAG	K	AAC	N	634
NC_045512.2	2167	G	C	6578	5515	38	1	0	37	0.000151999	6579	0.992204	FALSE	ORF1ab:cds-YP_009725295.1	AAG	K	AAC	N	634
NC_045512.2	2168	T	A	6418	5400	37	1	1	29	0.000155788	6419	1	FALSE	ORF1ab:cds-YP_009724389.1	TTT	F	ATT	I	635
NC_045512.2	2168	T	A	6418	5400	37	1	1	29	0.000155788	6419	1	FALSE	ORF1ab:cds-YP_009725295.1	TTT	F	ATT	I	635
NC_045512.2	2169	T	C	6517	5510	38	1	0	37	0.000153421	6518	0.992204	FALSE	ORF1ab:cds-YP_009724389.1	TTT	F	TCT	S	635
NC_045512.2	2169	T	C	6517	5510	38	1	0	37	0.000153421	6518	0.992204	FALSE	ORF1ab:cds-YP_009725295.1	TTT	F	TCT	S	635
NC_045512.2	2170	T	A	6627	5604	38	1	1	37	0.000150875	6628	0.992204	FALSE	ORF1ab:cds-YP_009724389.1	TTT	F	TTA	L	635
NC_045512.2	2170	T	A	6627	5604	38	1	1	37	0.000150875	6628	0.992204	FALSE	ORF1ab:cds-YP_009725295.1	TTT	F	TTA	L	635
NC_045512.2	2170	T	-A	6627	5604	38	1	0	20	0.000150875	6628	1	FALSE	NA	NA	NA	NA	NA	NA
NC_045512.2	2171	A	G	6584	5586	38	1	1	37	0.000151768	6589	0.992183	FALSE	ORF1ab:cds-YP_009724389.1	AAG	K	GAG	E	636
NC_045512.2	2171	A	G	6584	5586	38	1	1	37	0.000151768	6589	0.992183	FALSE	ORF1ab:cds-YP_009725295.1	AAG	K	GAG	E	636
NC_045512.2	2171	A	C	6584	5586	38	4	4	29	0.000607072	6589	1	FALSE	ORF1ab:cds-YP_009724389.1	AAG	K	CAG	Q	636
NC_045512.2	2171	A	C	6584	5586	38	4	4	29	0.000607072	6589	1	FALSE	ORF1ab:cds-YP_009725295.1	AAG	K	CAG	Q	636
NC_045512.2	2172	A	T	6830	5863	39	1	1	25	0.000146306	6835	1	FALSE	ORF1ab:cds-YP_009724389.1	AAG	K	ATG	M	636
NC_045512.2	2172	A	T	6830	5863	39	1	1	25	0.000146306	6835	1	FALSE	ORF1ab:cds-YP_009725295.1	AAG	K	ATG	M	636
NC_045512.2	2172	A	G	6830	5863	39	3	3	49	0.000438917	6835	0.124945	FALSE	ORF1ab:cds-YP_009724389.1	AAG	K	AGG	R	636
NC_045512.2	2172	A	G	6830	5863	39	3	3	49	0.000438917	6835	0.124945	FALSE	ORF1ab:cds-YP_009725295.1	AAG	K	AGG	R	636
NC_045512.2	2172	A	C	6830	5863	39	1	1	37	0.000146306	6835	0.992188	FALSE	ORF1ab:cds-YP_009724389.1	AAG	K	ACG	T	636
NC_045512.2	2172	A	C	6830	5863	39	1	1	37	0.000146306	6835	0.992188	FALSE	ORF1ab:cds-YP_009725295.1	AAG	K	ACG	T	636
NC_045512.2	2174	G	T	7436	6579	39	3	3	37	0.000403226	7440	0.945372	FALSE	ORF1ab:cds-YP_009724389.1	GAA	E	TAA	*	637
NC_045512.2	2174	G	T	7436	6579	39	3	3	37	0.000403226	7440	0.945372	FALSE	ORF1ab:cds-YP_009725295.1	GAA	E	TAA	*	637
NC_045512.2	2174	G	A	7436	6579	39	1	1	74	0.000134409	7440	0.499933	FALSE	ORF1ab:cds-YP_009724389.1	GAA	E	AAA	K	637
NC_045512.2	2174	G	A	7436	6579	39	1	1	74	0.000134409	7440	0.499933	FALSE	ORF1ab:cds-YP_009725295.1	GAA	E	AAA	K	637
NC_045512.2	2175	A	G	7187	6345	39	2	1	55	0.000278048	7193	0.249878	FALSE	ORF1ab:cds-YP_009724389.1	GAA	E	GGA	G	637
NC_045512.2	2175	A	G	7187	6345	39	2	1	55	0.000278048	7193	0.249878	FALSE	ORF1ab:cds-YP_009725295.1	GAA	E	GGA	G	637
NC_045512.2	2175	A	C	7187	6345	39	4	4	25	0.000556096	7193	1	FALSE	ORF1ab:cds-YP_009724389.1	GAA	E	GCA	A	637
NC_045512.2	2175	A	C	7187	6345	39	4	4	25	0.000556096	7193	1	FALSE	ORF1ab:cds-YP_009725295.1	GAA	E	GCA	A	637
NC_045512.2	2176	A	T	6647	5856	39	1	1	25	0.000150263	6655	1	FALSE	ORF1ab:cds-YP_009724389.1	GAA	E	GAT	D	637
NC_045512.2	2176	A	T	6647	5856	39	1	1	25	0.000150263	6655	1	FALSE	ORF1ab:cds-YP_009725295.1	GAA	E	GAT	D	637
NC_045512.2	2176	A	G	6647	5856	39	2	2	29	0.000300526	6655	1	FALSE	ORF1ab:cds-YP_009724389.1	GAA	E	GAG	E	637
NC_045512.2	2176	A	G	6647	5856	39	2	2	29	0.000300526	6655	1	FALSE	ORF1ab:cds-YP_009725295.1	GAA	E	GAG	E	637
NC_045512.2	2176	A	C	6647	5856	39	5	2	32	0.000751315	6655	0.725501	FALSE	ORF1ab:cds-YP_009724389.1	GAA	E	GAC	D	637
NC_045512.2	2176	A	C	6647	5856	39	5	2	32	0.000751315	6655	0.725501	FALSE	ORF1ab:cds-YP_009725295.1	GAA	E	GAC	D	637
NC_045512.2	2178	G	A	6801	6133	39	1	1	37	0.000147016	6802	0.992204	FALSE	ORF1ab:cds-YP_009724389.1	GGT	G	GAT	D	638
NC_045512.2	2178	G	A	6801	6133	39	1	1	37	0.000147016	6802	0.992204	FALSE	ORF1ab:cds-YP_009725295.1	GGT	G	GAT	D	638
NC_045512.2	2179	T	G	6770	6105	39	1	1	25	0.000147667	6772	1	FALSE	ORF1ab:cds-YP_009724389.1	GGT	G	GGG	G	638
NC_045512.2	2179	T	G	6770	6105	39	1	1	25	0.000147667	6772	1	FALSE	ORF1ab:cds-YP_009725295.1	GGT	G	GGG	G	638
NC_045512.2	2179	T	C	6770	6105	39	1	0	37	0.000147667	6772	0.9922	FALSE	ORF1ab:cds-YP_009724389.1	GGT	G	GGC	G	638
NC_045512.2	2179	T	C	6770	6105	39	1	0	37	0.000147667	6772	0.9922	FALSE	ORF1ab:cds-YP_009725295.1	GGT	G	GGC	G	638
NC_045512.2	2180	G	T	6845	6177	39	1	1	25	0.000146007	6849	1	FALSE	ORF1ab:cds-YP_009724389.1	GTA	V	TTA	L	639
NC_045512.2	2180	G	T	6845	6177	39	1	1	25	0.000146007	6849	1	FALSE	ORF1ab:cds-YP_009725295.1	GTA	V	TTA	L	639
NC_045512.2	2180	G	A	6845	6177	39	3	3	37	0.00043802	6849	0.910228	FALSE	ORF1ab:cds-YP_009724389.1	GTA	V	ATA	I	639
NC_045512.2	2180	G	A	6845	6177	39	3	3	37	0.00043802	6849	0.910228	FALSE	ORF1ab:cds-YP_009725295.1	GTA	V	ATA	I	639
NC_045512.2	2182	A	G	6874	6275	39	3	2	44	0.000436237	6877	0.125	FALSE	ORF1ab:cds-YP_009724389.1	GTA	V	GTG	V	639
NC_045512.2	2182	A	G	6874	6275	39	3	2	44	0.000436237	6877	0.125	FALSE	ORF1ab:cds-YP_009725295.1	GTA	V	GTG	V	639
NC_045512.2	2184	A	G	6776	6181	39	1	1	37	0.000147558	6777	0.992204	FALSE	ORF1ab:cds-YP_009724389.1	GAG	E	GGG	G	640
NC_045512.2	2184	A	G	6776	6181	39	1	1	37	0.000147558	6777	0.992204	FALSE	ORF1ab:cds-YP_009725295.1	GAG	E	GGG	G	640
NC_045512.2	2185	G	A	6624	6033	39	1	1	37	0.000150943	6625	0.992204	FALSE	ORF1ab:cds-YP_009724389.1	GAG	E	GAA	E	640
NC_045512.2	2185	G	A	6624	6033	39	1	1	37	0.000150943	6625	0.992204	FALSE	ORF1ab:cds-YP_009725295.1	GAG	E	GAA	E	640
NC_045512.2	2186	T	G	6070	5487	39	1	1	20	0.00016469	6072	1	FALSE	ORF1ab:cds-YP_009724389.1	TTT	F	GTT	V	641
NC_045512.2	2186	T	G	6070	5487	39	1	1	20	0.00016469	6072	1	FALSE	ORF1ab:cds-YP_009725295.1	TTT	F	GTT	V	641
NC_045512.2	2186	T	C	6070	5487	39	1	0	37	0.00016469	6072	0.992201	FALSE	ORF1ab:cds-YP_009724389.1	TTT	F	CTT	L	641
NC_045512.2	2186	T	C	6070	5487	39	1	0	37	0.00016469	6072	0.992201	FALSE	ORF1ab:cds-YP_009725295.1	TTT	F	CTT	L	641
NC_045512.2	2187	T	G	5672	5110	39	1	1	25	0.000176243	5674	1	FALSE	ORF1ab:cds-YP_009724389.1	TTT	F	TGT	C	641
NC_045512.2	2187	T	G	5672	5110	39	1	1	25	0.000176243	5674	1	FALSE	ORF1ab:cds-YP_009725295.1	TTT	F	TGT	C	641
NC_045512.2	2187	T	C	5672	5110	39	1	1	74	0.000176243	5674	0.5	FALSE	ORF1ab:cds-YP_009724389.1	TTT	F	TCT	S	641
NC_045512.2	2187	T	C	5672	5110	39	1	1	74	0.000176243	5674	0.5	FALSE	ORF1ab:cds-YP_009725295.1	TTT	F	TCT	S	641
NC_045512.2	2188	T	C	5609	5045	39	2	1	55	0.000356443	5611	0.250022	FALSE	ORF1ab:cds-YP_009724389.1	TTT	F	TTC	F	641
NC_045512.2	2188	T	C	5609	5045	39	2	1	55	0.000356443	5611	0.250022	FALSE	ORF1ab:cds-YP_009725295.1	TTT	F	TTC	F	641
NC_045512.2	2190	T	A	5482	4923	39	1	1	25	0.000182382	5483	1	FALSE	ORF1ab:cds-YP_009724389.1	CTT	L	CAT	H	642
NC_045512.2	2190	T	A	5482	4923	39	1	1	25	0.000182382	5483	1	FALSE	ORF1ab:cds-YP_009725295.1	CTT	L	CAT	H	642
NC_045512.2	2192	A	G	5612	5079	39	1	1	74	0.000178158	5613	0.500045	FALSE	ORF1ab:cds-YP_009724389.1	AGA	R	GGA	G	643
NC_045512.2	2192	A	G	5612	5079	39	1	1	74	0.000178158	5613	0.500045	FALSE	ORF1ab:cds-YP_009725295.1	AGA	R	GGA	G	643
NC_045512.2	2194	A	T	5302	4779	39	1	0	29	0.000188537	5304	1	FALSE	ORF1ab:cds-YP_009724389.1	AGA	R	AGT	S	643
NC_045512.2	2194	A	T	5302	4779	39	1	0	29	0.000188537	5304	1	FALSE	ORF1ab:cds-YP_009725295.1	AGA	R	AGT	S	643
NC_045512.2	2194	A	G	5302	4779	39	1	1	37	0.000188537	5304	0.984397	FALSE	ORF1ab:cds-YP_009724389.1	AGA	R	AGG	R	643
NC_045512.2	2194	A	G	5302	4779	39	1	1	37	0.000188537	5304	0.984397	FALSE	ORF1ab:cds-YP_009725295.1	AGA	R	AGG	R	643
NC_045512.2	2196	A	T	5045	4521	38	1	1	25	0.000198098	5048	1	FALSE	ORF1ab:cds-YP_009724389.1	GAC	D	GTC	V	644
NC_045512.2	2196	A	T	5045	4521	38	1	1	25	0.000198098	5048	1	FALSE	ORF1ab:cds-YP_009725295.1	GAC	D	GTC	V	644
NC_045512.2	2196	A	C	5045	4521	38	2	2	25	0.000396197	5048	1	FALSE	ORF1ab:cds-YP_009724389.1	GAC	D	GCC	A	644
NC_045512.2	2196	A	C	5045	4521	38	2	2	25	0.000396197	5048	1	FALSE	ORF1ab:cds-YP_009725295.1	GAC	D	GCC	A	644
NC_045512.2	2197	C	T	5399	4877	39	2	2	31	0.000370302	5401	0.937591	FALSE	ORF1ab:cds-YP_009724389.1	GAC	D	GAT	D	644
NC_045512.2	2197	C	T	5399	4877	39	2	2	31	0.000370302	5401	0.937591	FALSE	ORF1ab:cds-YP_009725295.1	GAC	D	GAT	D	644
NC_045512.2	2200	T	C	5192	4703	38	1	1	37	0.00019253	5194	0.984398	FALSE	ORF1ab:cds-YP_009724389.1	GGT	G	GGC	G	645
NC_045512.2	2200	T	C	5192	4703	38	1	1	37	0.00019253	5194	0.984398	FALSE	ORF1ab:cds-YP_009725295.1	GGT	G	GGC	G	645
NC_045512.2	2200	T	A	5192	4703	38	1	1	25	0.00019253	5194	1	FALSE	ORF1ab:cds-YP_009724389.1	GGT	G	GGA	G	645
NC_045512.2	2200	T	A	5192	4703	38	1	1	25	0.00019253	5194	1	FALSE	ORF1ab:cds-YP_009725295.1	GGT	G	GGA	G	645
NC_045512.2	2201	T	G	5271	4824	38	1	1	29	0.000189681	5272	1	FALSE	ORF1ab:cds-YP_009724389.1	TGG	W	GGG	G	646
NC_045512.2	2201	T	G	5271	4824	38	1	1	29	0.000189681	5272	1	FALSE	ORF1ab:cds-YP_009725295.1	TGG	W	GGG	G	646
NC_045512.2	2203	G	A	5217	4769	38	3	3	33	0.000574713	5220	0.855626	FALSE	ORF1ab:cds-YP_009724389.1	TGG	W	TGA	*	646
NC_045512.2	2203	G	A	5217	4769	38	3	3	33	0.000574713	5220	0.855626	FALSE	ORF1ab:cds-YP_009725295.1	TGG	W	TGA	*	646
NC_045512.2	2204	G	A	5302	4854	39	1	1	37	0.000188573	5303	0.984406	FALSE	ORF1ab:cds-YP_009724389.1	GAA	E	AAA	K	647
NC_045512.2	2204	G	A	5302	4854	39	1	1	37	0.000188573	5303	0.984406	FALSE	ORF1ab:cds-YP_009725295.1	GAA	E	AAA	K	647
NC_045512.2	2206	A	C	5104	4733	38	1	1	25	0.000195886	5105	1	FALSE	ORF1ab:cds-YP_009724389.1	GAA	E	GAC	D	647
NC_045512.2	2206	A	C	5104	4733	38	1	1	25	0.000195886	5105	1	FALSE	ORF1ab:cds-YP_009725295.1	GAA	E	GAC	D	647
NC_045512.2	2209	T	G	5034	4667	38	1	1	25	0.00019857	5036	1	FALSE	ORF1ab:cds-YP_009724389.1	ATT	I	ATG	M	648
NC_045512.2	2209	T	G	5034	4667	38	1	1	25	0.00019857	5036	1	FALSE	ORF1ab:cds-YP_009725295.1	ATT	I	ATG	M	648
NC_045512.2	2209	T	C	5034	4667	38	1	1	37	0.00019857	5036	0.984398	FALSE	ORF1ab:cds-YP_009724389.1	ATT	I	ATC	I	648
NC_045512.2	2209	T	C	5034	4667	38	1	1	37	0.00019857	5036	0.984398	FALSE	ORF1ab:cds-YP_009725295.1	ATT	I	ATC	I	648
NC_045512.2	2211	T	G	4918	4556	37	1	1	37	0.000203293	4919	0.968798	FALSE	ORF1ab:cds-YP_009724389.1	GTT	V	GGT	G	649
NC_045512.2	2211	T	G	4918	4556	37	1	1	37	0.000203293	4919	0.968798	FALSE	ORF1ab:cds-YP_009725295.1	GTT	V	GGT	G	649
NC_045512.2	2212	T	C	4999	4643	38	3	3	37	0.00059976	5002	0.855633	FALSE	ORF1ab:cds-YP_009724389.1	GTT	V	GTC	V	649
NC_045512.2	2212	T	C	4999	4643	38	3	3	37	0.00059976	5002	0.855633	FALSE	ORF1ab:cds-YP_009725295.1	GTT	V	GTC	V	649
NC_045512.2	2213	A	G	5063	4738	38	1	1	37	0.000197472	5064	0.984407	FALSE	ORF1ab:cds-YP_009724389.1	AAA	K	GAA	E	650
NC_045512.2	2213	A	G	5063	4738	38	1	1	37	0.000197472	5064	0.984407	FALSE	ORF1ab:cds-YP_009725295.1	AAA	K	GAA	E	650
NC_045512.2	2215	A	G	4755	4479	37	1	1	25	0.000210128	4759	1	FALSE	ORF1ab:cds-YP_009724389.1	AAA	K	AAG	K	650
NC_045512.2	2215	A	G	4755	4479	37	1	1	25	0.000210128	4759	1	FALSE	ORF1ab:cds-YP_009725295.1	AAA	K	AAG	K	650
NC_045512.2	2215	A	C	4755	4479	37	3	3	25	0.000630385	4759	1	FALSE	ORF1ab:cds-YP_009724389.1	AAA	K	AAC	N	650
NC_045512.2	2215	A	C	4755	4479	37	3	3	25	0.000630385	4759	1	FALSE	ORF1ab:cds-YP_009725295.1	AAA	K	AAC	N	650
NC_045512.2	2216	T	G	4828	4556	37	1	1	25	0.000206996	4831	1	FALSE	ORF1ab:cds-YP_009724389.1	TTT	F	GTT	V	651
NC_045512.2	2216	T	G	4828	4556	37	1	1	25	0.000206996	4831	1	FALSE	ORF1ab:cds-YP_009725295.1	TTT	F	GTT	V	651
NC_045512.2	2216	T	A	4828	4556	37	2	2	37	0.000413993	4831	0.890698	FALSE	ORF1ab:cds-YP_009724389.1	TTT	F	ATT	I	651
NC_045512.2	2216	T	A	4828	4556	37	2	2	37	0.000413993	4831	0.890698	FALSE	ORF1ab:cds-YP_009725295.1	TTT	F	ATT	I	651
NC_045512.2	2217	T	A	4867	4594	37	2	2	37	0.000410762	4869	0.890745	FALSE	ORF1ab:cds-YP_009724389.1	TTT	F	TAT	Y	651
NC_045512.2	2217	T	A	4867	4594	37	2	2	37	0.000410762	4869	0.890745	FALSE	ORF1ab:cds-YP_009725295.1	TTT	F	TAT	Y	651
NC_045512.2	2218	T	C	4941	4670	38	1	1	37	0.000202347	4942	0.968797	FALSE	ORF1ab:cds-YP_009724389.1	TTT	F	TTC	F	651
NC_045512.2	2218	T	C	4941	4670	38	1	1	37	0.000202347	4942	0.968797	FALSE	ORF1ab:cds-YP_009725295.1	TTT	F	TTC	F	651
NC_045512.2	2219	A	G	4953	4686	38	1	1	37	0.000201857	4954	0.968797	FALSE	ORF1ab:cds-YP_009724389.1	ATC	I	GTC	V	652
NC_045512.2	2219	A	G	4953	4686	38	1	1	37	0.000201857	4954	0.968797	FALSE	ORF1ab:cds-YP_009725295.1	ATC	I	GTC	V	652
NC_045512.2	2220	T	A	4891	4624	37	1	1	37	0.000204415	4892	0.968798	FALSE	ORF1ab:cds-YP_009724389.1	ATC	I	AAC	N	652
NC_045512.2	2220	T	A	4891	4624	37	1	1	37	0.000204415	4892	0.968798	FALSE	ORF1ab:cds-YP_009725295.1	ATC	I	AAC	N	652
NC_045512.2	2222	T	C	4867	4609	37	4	4	37	0.000821187	4871	0.636887	FALSE	ORF1ab:cds-YP_009724389.1	TCA	S	CCA	P	653
NC_045512.2	2222	T	C	4867	4609	37	4	4	37	0.000821187	4871	0.636887	FALSE	ORF1ab:cds-YP_009725295.1	TCA	S	CCA	P	653
NC_045512.2	2224	A	G	4786	4552	37	1	1	37	0.000208899	4787	0.968799	FALSE	ORF1ab:cds-YP_009724389.1	TCA	S	TCG	S	653
NC_045512.2	2224	A	G	4786	4552	37	1	1	37	0.000208899	4787	0.968799	FALSE	ORF1ab:cds-YP_009725295.1	TCA	S	TCG	S	653
NC_045512.2	2225	A	G	4689	4457	37	1	1	37	0.00021322	4690	0.9688	FALSE	ORF1ab:cds-YP_009724389.1	ACC	T	GCC	A	654
NC_045512.2	2225	A	G	4689	4457	37	1	1	37	0.00021322	4690	0.9688	FALSE	ORF1ab:cds-YP_009725295.1	ACC	T	GCC	A	654
NC_045512.2	2226	C	G	4837	4604	37	1	1	25	0.000206654	4839	1	FALSE	ORF1ab:cds-YP_009724389.1	ACC	T	AGC	S	654
NC_045512.2	2226	C	G	4837	4604	37	1	1	25	0.000206654	4839	1	FALSE	ORF1ab:cds-YP_009725295.1	ACC	T	AGC	S	654
NC_045512.2	2226	C	A	4837	4604	37	1	1	25	0.000206654	4839	1	FALSE	ORF1ab:cds-YP_009724389.1	ACC	T	AAC	N	654
NC_045512.2	2226	C	A	4837	4604	37	1	1	25	0.000206654	4839	1	FALSE	ORF1ab:cds-YP_009725295.1	ACC	T	AAC	N	654
NC_045512.2	2227	C	A	4843	4610	37	1	1	74	0.000206441	4844	0.500052	FALSE	ORF1ab:cds-YP_009724389.1	ACC	T	ACA	T	654
NC_045512.2	2227	C	A	4843	4610	37	1	1	74	0.000206441	4844	0.500052	FALSE	ORF1ab:cds-YP_009725295.1	ACC	T	ACA	T	654
NC_045512.2	2228	T	G	4410	4178	37	1	1	37	0.000226449	4416	0.968715	FALSE	ORF1ab:cds-YP_009724389.1	TGT	C	GGT	G	655
NC_045512.2	2228	T	G	4410	4178	37	1	1	37	0.000226449	4416	0.968715	FALSE	ORF1ab:cds-YP_009725295.1	TGT	C	GGT	G	655
NC_045512.2	2228	T	C	4410	4178	37	3	3	37	0.000679348	4416	0.773345	FALSE	ORF1ab:cds-YP_009724389.1	TGT	C	CGT	R	655
NC_045512.2	2228	T	C	4410	4178	37	3	3	37	0.000679348	4416	0.773345	FALSE	ORF1ab:cds-YP_009725295.1	TGT	C	CGT	R	655
NC_045512.2	2228	T	A	4410	4178	37	2	2	37	0.000452899	4416	0.890545	FALSE	ORF1ab:cds-YP_009724389.1	TGT	C	AGT	S	655
NC_045512.2	2228	T	A	4410	4178	37	2	2	37	0.000452899	4416	0.890545	FALSE	ORF1ab:cds-YP_009725295.1	TGT	C	AGT	S	655
NC_045512.2	2229	G	A	4488	4255	37	1	1	37	0.000222767	4489	0.968802	FALSE	ORF1ab:cds-YP_009724389.1	TGT	C	TAT	Y	655
NC_045512.2	2229	G	A	4488	4255	37	1	1	37	0.000222767	4489	0.968802	FALSE	ORF1ab:cds-YP_009725295.1	TGT	C	TAT	Y	655
NC_045512.2	2232	C	T	4315	4085	37	3	3	37	0.000694766	4318	0.773628	FALSE	ORF1ab:cds-YP_009724389.1	GCT	A	GTT	V	656
NC_045512.2	2232	C	T	4315	4085	37	3	3	37	0.000694766	4318	0.773628	FALSE	ORF1ab:cds-YP_009725295.1	GCT	A	GTT	V	656
NC_045512.2	2233	T	C	4183	3955	37	1	1	37	0.000239006	4184	0.968806	FALSE	ORF1ab:cds-YP_009724389.1	GCT	A	GCC	A	656
NC_045512.2	2233	T	C	4183	3955	37	1	1	37	0.000239006	4184	0.968806	FALSE	ORF1ab:cds-YP_009725295.1	GCT	A	GCC	A	656
NC_045512.2	2234	T	G	4102	3879	37	1	1	37	0.000243605	4105	0.968769	FALSE	ORF1ab:cds-YP_009724389.1	TGT	C	GGT	G	657
NC_045512.2	2234	T	G	4102	3879	37	1	1	37	0.000243605	4105	0.968769	FALSE	ORF1ab:cds-YP_009725295.1	TGT	C	GGT	G	657
NC_045512.2	2234	T	C	4102	3879	37	2	2	31	0.000487211	4105	0.890711	FALSE	ORF1ab:cds-YP_009724389.1	TGT	C	CGT	R	657
NC_045512.2	2234	T	C	4102	3879	37	2	2	31	0.000487211	4105	0.890711	FALSE	ORF1ab:cds-YP_009725295.1	TGT	C	CGT	R	657
NC_045512.2	2235	G	A	4077	3931	37	1	1	37	0.000245218	4078	0.968807	FALSE	ORF1ab:cds-YP_009724389.1	TGT	C	TAT	Y	657
NC_045512.2	2235	G	A	4077	3931	37	1	1	37	0.000245218	4078	0.968807	FALSE	ORF1ab:cds-YP_009725295.1	TGT	C	TAT	Y	657
NC_045512.2	2236	T	C	4067	3923	37	1	1	37	0.000245821	4068	0.968808	FALSE	ORF1ab:cds-YP_009724389.1	TGT	C	TGC	C	657
NC_045512.2	2236	T	C	4067	3923	37	1	1	37	0.000245821	4068	0.968808	FALSE	ORF1ab:cds-YP_009725295.1	TGT	C	TGC	C	657
NC_045512.2	2237	G	A	4056	3910	37	1	1	37	0.000246488	4057	0.968808	FALSE	ORF1ab:cds-YP_009724389.1	GAA	E	AAA	K	658
NC_045512.2	2237	G	A	4056	3910	37	1	1	37	0.000246488	4057	0.968808	FALSE	ORF1ab:cds-YP_009725295.1	GAA	E	AAA	K	658
NC_045512.2	2238	A	G	3949	3807	37	1	1	37	0.000253165	3950	0.937579	FALSE	ORF1ab:cds-YP_009724389.1	GAA	E	GGA	G	658
NC_045512.2	2238	A	G	3949	3807	37	1	1	37	0.000253165	3950	0.937579	FALSE	ORF1ab:cds-YP_009725295.1	GAA	E	GGA	G	658
NC_045512.2	2240	A	T	3846	3710	36	1	1	25	0.000259943	3847	1	FALSE	ORF1ab:cds-YP_009724389.1	ATT	I	TTT	F	659
NC_045512.2	2240	A	T	3846	3710	36	1	1	25	0.000259943	3847	1	FALSE	ORF1ab:cds-YP_009725295.1	ATT	I	TTT	F	659
NC_045512.2	2241	T	G	3870	3737	37	1	1	25	0.000258264	3872	1	FALSE	ORF1ab:cds-YP_009724389.1	ATT	I	AGT	S	659
NC_045512.2	2241	T	G	3870	3737	37	1	1	25	0.000258264	3872	1	FALSE	ORF1ab:cds-YP_009725295.1	ATT	I	AGT	S	659
NC_045512.2	2241	T	C	3870	3737	37	1	1	37	0.000258264	3872	0.937548	FALSE	ORF1ab:cds-YP_009724389.1	ATT	I	ACT	T	659
NC_045512.2	2241	T	C	3870	3737	37	1	1	37	0.000258264	3872	0.937548	FALSE	ORF1ab:cds-YP_009725295.1	ATT	I	ACT	T	659
NC_045512.2	2242	T	C	3865	3734	36	1	1	37	0.000258665	3866	0.937581	FALSE	ORF1ab:cds-YP_009724389.1	ATT	I	ATC	I	659
NC_045512.2	2242	T	C	3865	3734	36	1	1	37	0.000258665	3866	0.937581	FALSE	ORF1ab:cds-YP_009725295.1	ATT	I	ATC	I	659
NC_045512.2	2243	G	A	3908	3777	37	1	1	37	0.00025582	3909	0.93758	FALSE	ORF1ab:cds-YP_009724389.1	GTC	V	ATC	I	660
NC_045512.2	2243	G	A	3908	3777	37	1	1	37	0.00025582	3909	0.93758	FALSE	ORF1ab:cds-YP_009725295.1	GTC	V	ATC	I	660
NC_045512.2	2244	T	C	3774	3643	36	1	1	37	0.000264901	3775	0.937583	FALSE	ORF1ab:cds-YP_009724389.1	GTC	V	GCC	A	660
NC_045512.2	2244	T	C	3774	3643	36	1	1	37	0.000264901	3775	0.937583	FALSE	ORF1ab:cds-YP_009725295.1	GTC	V	GCC	A	660
NC_045512.2	2245	C	T	3867	3748	37	3	3	37	0.000775194	3870	0.656432	FALSE	ORF1ab:cds-YP_009724389.1	GTC	V	GTT	V	660
NC_045512.2	2245	C	T	3867	3748	37	3	3	37	0.000775194	3870	0.656432	FALSE	ORF1ab:cds-YP_009725295.1	GTC	V	GTT	V	660
NC_045512.2	2247	G	A	3775	3663	36	1	1	37	0.000264831	3776	0.937583	FALSE	ORF1ab:cds-YP_009724389.1	GGT	G	GAT	D	661
NC_045512.2	2247	G	A	3775	3663	36	1	1	37	0.000264831	3776	0.937583	FALSE	ORF1ab:cds-YP_009725295.1	GGT	G	GAT	D	661
NC_045512.2	2248	T	C	3662	3550	36	1	1	37	0.000273	3663	0.937585	FALSE	ORF1ab:cds-YP_009724389.1	GGT	G	GGC	G	661
NC_045512.2	2248	T	C	3662	3550	36	1	1	37	0.000273	3663	0.937585	FALSE	ORF1ab:cds-YP_009725295.1	GGT	G	GGC	G	661
NC_045512.2	2250	G	A	3736	3631	36	3	3	37	0.000802354	3739	0.656438	FALSE	ORF1ab:cds-YP_009724389.1	GGA	G	GAA	E	662
NC_045512.2	2250	G	A	3736	3631	36	3	3	37	0.000802354	3739	0.656438	FALSE	ORF1ab:cds-YP_009725295.1	GGA	G	GAA	E	662
NC_045512.2	2251	A	T	3721	3618	36	1	1	37	0.000268673	3722	0.937584	FALSE	ORF1ab:cds-YP_009724389.1	GGA	G	GGT	G	662
NC_045512.2	2251	A	T	3721	3618	36	1	1	37	0.000268673	3722	0.937584	FALSE	ORF1ab:cds-YP_009725295.1	GGA	G	GGT	G	662
NC_045512.2	2257	T	C	2173	26	36	1	0	37	0.000459982	2174	0.875173	FALSE	ORF1ab:cds-YP_009724389.1	ATT	I	ATC	I	664
NC_045512.2	2257	T	C	2173	26	36	1	0	37	0.000459982	2174	0.875173	FALSE	ORF1ab:cds-YP_009725295.1	ATT	I	ATC	I	664
NC_045512.2	2261	A	G	2316	28	36	2	0	37	0.000862813	2318	0.687743	FALSE	ORF1ab:cds-YP_009724389.1	ACC	T	GCC	A	666
NC_045512.2	2261	A	G	2316	28	36	2	0	37	0.000862813	2318	0.687743	FALSE	ORF1ab:cds-YP_009725295.1	ACC	T	GCC	A	666
NC_045512.2	2265	G	A	2865	39	36	1	0	37	0.000348918	2866	0.875131	FALSE	ORF1ab:cds-YP_009724389.1	TGT	C	TAT	Y	667
NC_045512.2	2265	G	A	2865	39	36	1	0	37	0.000348918	2866	0.875131	FALSE	ORF1ab:cds-YP_009725295.1	TGT	C	TAT	Y	667
NC_045512.2	2269	A	C	2767	39	36	1	0	25	0.000361272	2768	1	FALSE	ORF1ab:cds-YP_009724389.1	GCA	A	GCC	A	668
NC_045512.2	2269	A	C	2767	39	36	1	0	25	0.000361272	2768	1	FALSE	ORF1ab:cds-YP_009725295.1	GCA	A	GCC	A	668
NC_045512.2	2270	A	T	2750	71	36	1	0	25	0.000363372	2752	1	FALSE	ORF1ab:cds-YP_009724389.1	AAG	K	TAG	*	669
NC_045512.2	2270	A	T	2750	71	36	1	0	25	0.000363372	2752	1	FALSE	ORF1ab:cds-YP_009725295.1	AAG	K	TAG	*	669
NC_045512.2	2270	A	G	2750	71	36	1	0	37	0.000363372	2752	0.875068	FALSE	ORF1ab:cds-YP_009724389.1	AAG	K	GAG	E	669
NC_045512.2	2270	A	G	2750	71	36	1	0	37	0.000363372	2752	0.875068	FALSE	ORF1ab:cds-YP_009725295.1	AAG	K	GAG	E	669
NC_045512.2	2272	G	C	2905	79	37	1	0	37	0.000344116	2906	0.875129	FALSE	ORF1ab:cds-YP_009724389.1	AAG	K	AAC	N	669
NC_045512.2	2272	G	C	2905	79	37	1	0	37	0.000344116	2906	0.875129	FALSE	ORF1ab:cds-YP_009725295.1	AAG	K	AAC	N	669
NC_045512.2	2274	A	G	3263	85	37	1	0	37	0.000306373	3264	0.937596	FALSE	ORF1ab:cds-YP_009724389.1	GAA	E	GGA	G	670
NC_045512.2	2274	A	G	3263	85	37	1	0	37	0.000306373	3264	0.937596	FALSE	ORF1ab:cds-YP_009725295.1	GAA	E	GGA	G	670
NC_045512.2	2275	A	G	3240	83	36	2	0	37	0.000615764	3248	0.812114	FALSE	ORF1ab:cds-YP_009724389.1	GAA	E	GAG	E	670
NC_045512.2	2275	A	G	3240	83	36	2	0	37	0.000615764	3248	0.812114	FALSE	ORF1ab:cds-YP_009725295.1	GAA	E	GAG	E	670
NC_045512.2	2275	A	C	3240	83	36	6	0	27	0.00184729	3248	0.999998	FALSE	ORF1ab:cds-YP_009724389.1	GAA	E	GAC	D	670
NC_045512.2	2275	A	C	3240	83	36	6	0	27	0.00184729	3248	0.999998	FALSE	ORF1ab:cds-YP_009725295.1	GAA	E	GAC	D	670
NC_045512.2	2276	A	C	3491	85	36	2	0	31	0.000572574	3493	0.812679	FALSE	ORF1ab:cds-YP_009724389.1	ATT	I	CTT	L	671
NC_045512.2	2276	A	C	3491	85	36	2	0	31	0.000572574	3493	0.812679	FALSE	ORF1ab:cds-YP_009725295.1	ATT	I	CTT	L	671
NC_045512.2	2277	T	G	3496	98	36	1	0	37	0.000285959	3497	0.937589	FALSE	ORF1ab:cds-YP_009724389.1	ATT	I	AGT	S	671
NC_045512.2	2277	T	G	3496	98	36	1	0	37	0.000285959	3497	0.937589	FALSE	ORF1ab:cds-YP_009725295.1	ATT	I	AGT	S	671
NC_045512.2	2278	T	C	3653	99	37	1	0	37	0.000273673	3654	0.937586	FALSE	ORF1ab:cds-YP_009724389.1	ATT	I	ATC	I	671
NC_045512.2	2278	T	C	3653	99	37	1	0	37	0.000273673	3654	0.937586	FALSE	ORF1ab:cds-YP_009725295.1	ATT	I	ATC	I	671
NC_045512.2	2279	A	T	3691	96	37	1	0	37	0.000270783	3693	0.937551	FALSE	ORF1ab:cds-YP_009724389.1	AAG	K	TAG	*	672
NC_045512.2	2279	A	T	3691	96	37	1	0	37	0.000270783	3693	0.937551	FALSE	ORF1ab:cds-YP_009725295.1	AAG	K	TAG	*	672
NC_045512.2	2279	A	C	3691	96	37	1	0	25	0.000270783	3693	1	FALSE	ORF1ab:cds-YP_009724389.1	AAG	K	CAG	Q	672
NC_045512.2	2279	A	C	3691	96	37	1	0	25	0.000270783	3693	1	FALSE	ORF1ab:cds-YP_009725295.1	AAG	K	CAG	Q	672
NC_045512.2	2282	G	T	3764	115	37	1	0	29	0.000265604	3765	1	FALSE	ORF1ab:cds-YP_009724389.1	GAG	E	TAG	*	673
NC_045512.2	2282	G	T	3764	115	37	1	0	29	0.000265604	3765	1	FALSE	ORF1ab:cds-YP_009725295.1	GAG	E	TAG	*	673
NC_045512.2	2284	G	A	3818	118	37	1	0	37	0.000261849	3819	0.937582	FALSE	ORF1ab:cds-YP_009724389.1	GAG	E	GAA	E	673
NC_045512.2	2284	G	A	3818	118	37	1	0	37	0.000261849	3819	0.937582	FALSE	ORF1ab:cds-YP_009725295.1	GAG	E	GAA	E	673
NC_045512.2	2285	A	G	3808	118	37	2	0	37	0.000524934	3810	0.812664	FALSE	ORF1ab:cds-YP_009724389.1	AGT	S	GGT	G	674
NC_045512.2	2285	A	G	3808	118	37	2	0	37	0.000524934	3810	0.812664	FALSE	ORF1ab:cds-YP_009725295.1	AGT	S	GGT	G	674
NC_045512.2	2286	G	A	4048	120	37	1	0	25	0.000246975	4049	1	FALSE	ORF1ab:cds-YP_009724389.1	AGT	S	AAT	N	674
NC_045512.2	2286	G	A	4048	120	37	1	0	25	0.000246975	4049	1	FALSE	ORF1ab:cds-YP_009725295.1	AGT	S	AAT	N	674
NC_045512.2	2289	T	G	4222	131	37	1	0	25	0.000236798	4223	1	FALSE	ORF1ab:cds-YP_009724389.1	GTT	V	GGT	G	675
NC_045512.2	2289	T	G	4222	131	37	1	0	25	0.000236798	4223	1	FALSE	ORF1ab:cds-YP_009725295.1	GTT	V	GGT	G	675
NC_045512.2	2290	T	C	4297	136	37	1	0	37	0.000232666	4298	0.968805	FALSE	ORF1ab:cds-YP_009724389.1	GTT	V	GTC	V	675
NC_045512.2	2290	T	C	4297	136	37	1	0	37	0.000232666	4298	0.968805	FALSE	ORF1ab:cds-YP_009725295.1	GTT	V	GTC	V	675
NC_045512.2	2292	A	G	4329	142	37	2	0	37	0.000461787	4331	0.89076	FALSE	ORF1ab:cds-YP_009724389.1	CAG	Q	CGG	R	676
NC_045512.2	2292	A	G	4329	142	37	2	0	37	0.000461787	4331	0.89076	FALSE	ORF1ab:cds-YP_009725295.1	CAG	Q	CGG	R	676
NC_045512.2	2293	G	A	4370	143	37	1	0	37	0.000228781	4371	0.968804	FALSE	ORF1ab:cds-YP_009724389.1	CAG	Q	CAA	Q	676
NC_045512.2	2293	G	A	4370	143	37	1	0	37	0.000228781	4371	0.968804	FALSE	ORF1ab:cds-YP_009725295.1	CAG	Q	CAA	Q	676
NC_045512.2	2294	A	G	4349	144	37	1	0	37	0.000229885	4350	0.968804	FALSE	ORF1ab:cds-YP_009724389.1	ACA	T	GCA	A	677
NC_045512.2	2294	A	G	4349	144	37	1	0	37	0.000229885	4350	0.968804	FALSE	ORF1ab:cds-YP_009725295.1	ACA	T	GCA	A	677
NC_045512.2	2296	A	G	4329	157	37	1	0	37	0.000230894	4331	0.968786	FALSE	ORF1ab:cds-YP_009724389.1	ACA	T	ACG	T	677
NC_045512.2	2296	A	G	4329	157	37	1	0	37	0.000230894	4331	0.968786	FALSE	ORF1ab:cds-YP_009725295.1	ACA	T	ACG	T	677
NC_045512.2	2296	A	C	4329	157	37	1	0	25	0.000230894	4331	1	FALSE	ORF1ab:cds-YP_009724389.1	ACA	T	ACC	T	677
NC_045512.2	2296	A	C	4329	157	37	1	0	25	0.000230894	4331	1	FALSE	ORF1ab:cds-YP_009725295.1	ACA	T	ACC	T	677
NC_045512.2	2297	T	G	4478	158	37	1	0	25	0.000223264	4479	1	FALSE	ORF1ab:cds-YP_009724389.1	TTC	F	GTC	V	678
NC_045512.2	2297	T	G	4478	158	37	1	0	25	0.000223264	4479	1	FALSE	ORF1ab:cds-YP_009725295.1	TTC	F	GTC	V	678
NC_045512.2	2298	T	A	4780	157	37	1	0	25	0.000209161	4781	1	FALSE	ORF1ab:cds-YP_009724389.1	TTC	F	TAC	Y	678
NC_045512.2	2298	T	A	4780	157	37	1	0	25	0.000209161	4781	1	FALSE	ORF1ab:cds-YP_009725295.1	TTC	F	TAC	Y	678
NC_045512.2	2301	T	G	4846	166	36	1	0	25	0.000206313	4847	1	FALSE	ORF1ab:cds-YP_009724389.1	TTT	F	TGT	C	679
NC_045512.2	2301	T	G	4846	166	36	1	0	25	0.000206313	4847	1	FALSE	ORF1ab:cds-YP_009725295.1	TTT	F	TGT	C	679
NC_045512.2	2302	T	C	5043	164	37	1	0	37	0.000198255	5044	0.984408	FALSE	ORF1ab:cds-YP_009724389.1	TTT	F	TTC	F	679
NC_045512.2	2302	T	C	5043	164	37	1	0	37	0.000198255	5044	0.984408	FALSE	ORF1ab:cds-YP_009725295.1	TTT	F	TTC	F	679
NC_045512.2	2303	A	G	4998	168	37	2	0	37	0.0004	5000	0.937566	FALSE	ORF1ab:cds-YP_009724389.1	AAG	K	GAG	E	680
NC_045512.2	2303	A	G	4998	168	37	2	0	37	0.0004	5000	0.937566	FALSE	ORF1ab:cds-YP_009725295.1	AAG	K	GAG	E	680
NC_045512.2	2304	A	T	4970	168	37	1	0	37	0.000201167	4971	0.968797	FALSE	ORF1ab:cds-YP_009724389.1	AAG	K	ATG	M	680
NC_045512.2	2304	A	T	4970	168	37	1	0	37	0.000201167	4971	0.968797	FALSE	ORF1ab:cds-YP_009725295.1	AAG	K	ATG	M	680
NC_045512.2	2306	C	T	4985	165	37	1	0	37	0.000200562	4986	0.968797	FALSE	ORF1ab:cds-YP_009724389.1	CTT	L	TTT	F	681
NC_045512.2	2306	C	T	4985	165	37	1	0	37	0.000200562	4986	0.968797	FALSE	ORF1ab:cds-YP_009725295.1	CTT	L	TTT	F	681
NC_045512.2	2307	T	G	4887	170	37	3	0	29	0.000613121	4893	1	FALSE	ORF1ab:cds-YP_009724389.1	CTT	L	CGT	R	681
NC_045512.2	2307	T	G	4887	170	37	3	0	29	0.000613121	4893	1	FALSE	ORF1ab:cds-YP_009725295.1	CTT	L	CGT	R	681
NC_045512.2	2307	T	C	4887	170	37	1	0	25	0.000204374	4893	1	FALSE	ORF1ab:cds-YP_009724389.1	CTT	L	CCT	P	681
NC_045512.2	2307	T	C	4887	170	37	1	0	25	0.000204374	4893	1	FALSE	ORF1ab:cds-YP_009725295.1	CTT	L	CCT	P	681
NC_045512.2	2307	T	A	4887	170	37	2	0	25	0.000408747	4893	1	FALSE	ORF1ab:cds-YP_009724389.1	CTT	L	CAT	H	681
NC_045512.2	2307	T	A	4887	170	37	2	0	25	0.000408747	4893	1	FALSE	ORF1ab:cds-YP_009725295.1	CTT	L	CAT	H	681
NC_045512.2	2308	T	G	4870	174	37	1	0	37	0.00020517	4874	0.96875	FALSE	ORF1ab:cds-YP_009724389.1	CTT	L	CTG	L	681
NC_045512.2	2308	T	G	4870	174	37	1	0	37	0.00020517	4874	0.96875	FALSE	ORF1ab:cds-YP_009725295.1	CTT	L	CTG	L	681
NC_045512.2	2308	T	C	4870	174	37	3	1	37	0.000615511	4874	0.773522	FALSE	ORF1ab:cds-YP_009724389.1	CTT	L	CTC	L	681
NC_045512.2	2308	T	C	4870	174	37	3	1	37	0.000615511	4874	0.773522	FALSE	ORF1ab:cds-YP_009725295.1	CTT	L	CTC	L	681
NC_045512.2	2309	G	A	5141	368	39	1	0	37	0.000194477	5142	0.984407	FALSE	ORF1ab:cds-YP_009724389.1	GTA	V	ATA	I	682
NC_045512.2	2309	G	A	5141	368	39	1	0	37	0.000194477	5142	0.984407	FALSE	ORF1ab:cds-YP_009725295.1	GTA	V	ATA	I	682
NC_045512.2	2312	A	C	5158	459	40	1	0	25	0.000193836	5159	1	FALSE	ORF1ab:cds-YP_009724389.1	AAT	N	CAT	H	683
NC_045512.2	2312	A	C	5158	459	40	1	0	25	0.000193836	5159	1	FALSE	ORF1ab:cds-YP_009725295.1	AAT	N	CAT	H	683
NC_045512.2	2314	T	C	5175	464	39	2	0	37	0.000386324	5177	0.937595	FALSE	ORF1ab:cds-YP_009724389.1	AAT	N	AAC	N	683
NC_045512.2	2314	T	C	5175	464	39	2	0	37	0.000386324	5177	0.937595	FALSE	ORF1ab:cds-YP_009725295.1	AAT	N	AAC	N	683
NC_045512.2	2316	A	T	5179	558	41	1	1	29	0.000192976	5182	1	FALSE	ORF1ab:cds-YP_009724389.1	AAA	K	ATA	I	684
NC_045512.2	2316	A	T	5179	558	41	1	1	29	0.000192976	5182	1	FALSE	ORF1ab:cds-YP_009725295.1	AAA	K	ATA	I	684
NC_045512.2	2316	A	G	5179	558	41	2	1	37	0.000385951	5182	0.937563	FALSE	ORF1ab:cds-YP_009724389.1	AAA	K	AGA	R	684
NC_045512.2	2316	A	G	5179	558	41	2	1	37	0.000385951	5182	0.937563	FALSE	ORF1ab:cds-YP_009725295.1	AAA	K	AGA	R	684
NC_045512.2	2317	A	-T	5223	571	40	4	0	20	0.000765843	5223	1	FALSE	NA	NA	NA	NA	NA	NA
NC_045512.2	2317	A	+T	5223	571	40	1	0	20	0.000191461	5223	1	FALSE	NA	NA	NA	NA	NA	NA
NC_045512.2	2318	T	A	5119	581	40	1	0	25	0.000195313	5120	1	FALSE	ORF1ab:cds-YP_009724389.1	TTT	F	ATT	I	685
NC_045512.2	2318	T	A	5119	581	40	1	0	25	0.000195313	5120	1	FALSE	ORF1ab:cds-YP_009725295.1	TTT	F	ATT	I	685
NC_045512.2	2319	T	G	5152	576	40	3	0	29	0.000581734	5157	1	FALSE	ORF1ab:cds-YP_009724389.1	TTT	F	TGT	C	685
NC_045512.2	2319	T	G	5152	576	40	3	0	29	0.000581734	5157	1	FALSE	ORF1ab:cds-YP_009725295.1	TTT	F	TGT	C	685
NC_045512.2	2319	T	C	5152	576	40	1	0	25	0.000193911	5157	1	FALSE	ORF1ab:cds-YP_009724389.1	TTT	F	TCT	S	685
NC_045512.2	2319	T	C	5152	576	40	1	0	25	0.000193911	5157	1	FALSE	ORF1ab:cds-YP_009725295.1	TTT	F	TCT	S	685
NC_045512.2	2319	T	A	5152	576	40	1	0	25	0.000193911	5157	1	FALSE	ORF1ab:cds-YP_009724389.1	TTT	F	TAT	Y	685
NC_045512.2	2319	T	A	5152	576	40	1	0	25	0.000193911	5157	1	FALSE	ORF1ab:cds-YP_009725295.1	TTT	F	TAT	Y	685
NC_045512.2	2320	T	G	5255	570	40	3	1	30	0.000570559	5258	0.855625	FALSE	ORF1ab:cds-YP_009724389.1	TTT	F	TTG	L	685
NC_045512.2	2320	T	G	5255	570	40	3	1	30	0.000570559	5258	0.855625	FALSE	ORF1ab:cds-YP_009725295.1	TTT	F	TTG	L	685
NC_045512.2	2321	T	C	5316	576	40	1	0	37	0.000188076	5317	0.984406	FALSE	ORF1ab:cds-YP_009724389.1	TTG	L	CTG	L	686
NC_045512.2	2321	T	C	5316	576	40	1	0	37	0.000188076	5317	0.984406	FALSE	ORF1ab:cds-YP_009725295.1	TTG	L	CTG	L	686
NC_045512.2	2322	T	G	5349	609	41	2	0	37	0.000373762	5351	0.937592	FALSE	ORF1ab:cds-YP_009724389.1	TTG	L	TGG	W	686
NC_045512.2	2322	T	G	5349	609	41	2	0	37	0.000373762	5351	0.937592	FALSE	ORF1ab:cds-YP_009725295.1	TTG	L	TGG	W	686
NC_045512.2	2323	G	T	5326	618	41	4	0	40	0.000750469	5330	0.0624883	FALSE	ORF1ab:cds-YP_009724389.1	TTG	L	TTT	F	686
NC_045512.2	2323	G	T	5326	618	41	4	0	40	0.000750469	5330	0.0624883	FALSE	ORF1ab:cds-YP_009725295.1	TTG	L	TTT	F	686
NC_045512.2	2325	C	T	5333	633	41	7	0	42	0.00131086	5340	0.00780226	TRUE	ORF1ab:cds-YP_009724389.1	GCT	A	GTT	V	687
NC_045512.2	2325	C	T	5333	633	41	7	0	42	0.00131086	5340	0.00780226	TRUE	ORF1ab:cds-YP_009725295.1	GCT	A	GTT	V	687
NC_045512.2	2328	T	C	5372	639	42	1	0	37	0.000186116	5373	0.984406	FALSE	ORF1ab:cds-YP_009724389.1	TTG	L	TCG	S	688
NC_045512.2	2328	T	C	5372	639	42	1	0	37	0.000186116	5373	0.984406	FALSE	ORF1ab:cds-YP_009725295.1	TTG	L	TCG	S	688
NC_045512.2	2331	G	T	5784	644	41	1	1	74	0.000172861	5785	0.500043	FALSE	ORF1ab:cds-YP_009724389.1	TGT	C	TTT	F	689
NC_045512.2	2331	G	T	5784	644	41	1	1	74	0.000172861	5785	0.500043	FALSE	ORF1ab:cds-YP_009725295.1	TGT	C	TTT	F	689
NC_045512.2	2332	T	C	5763	653	41	1	0	62	0.00017343	5766	0.499957	FALSE	ORF1ab:cds-YP_009724389.1	TGT	C	TGC	C	689
NC_045512.2	2332	T	C	5763	653	41	1	0	62	0.00017343	5766	0.499957	FALSE	ORF1ab:cds-YP_009725295.1	TGT	C	TGC	C	689
NC_045512.2	2332	T	A	5763	653	41	2	0	25	0.000346861	5766	1	FALSE	ORF1ab:cds-YP_009724389.1	TGT	C	TGA	*	689
NC_045512.2	2332	T	A	5763	653	41	2	0	25	0.000346861	5766	1	FALSE	ORF1ab:cds-YP_009725295.1	TGT	C	TGA	*	689
NC_045512.2	2333	G	A	5790	665	41	3	0	37	0.000517866	5793	0.85561	FALSE	ORF1ab:cds-YP_009724389.1	GCT	A	ACT	T	690
NC_045512.2	2333	G	A	5790	665	41	3	0	37	0.000517866	5793	0.85561	FALSE	ORF1ab:cds-YP_009725295.1	GCT	A	ACT	T	690
NC_045512.2	2334	C	T	3616	465	41	2060	249	42	0.362868	5677	0	TRUE	ORF1ab:cds-YP_009724389.1	GCT	A	GTT	V	690
NC_045512.2	2334	C	T	3616	465	41	2060	249	42	0.362868	5677	0	TRUE	ORF1ab:cds-YP_009725295.1	GCT	A	GTT	V	690
NC_045512.2	2334	C	A	3616	465	41	1	0	25	0.000176149	5677	1	FALSE	ORF1ab:cds-YP_009724389.1	GCT	A	GAT	D	690
NC_045512.2	2334	C	A	3616	465	41	1	0	25	0.000176149	5677	1	FALSE	ORF1ab:cds-YP_009725295.1	GCT	A	GAT	D	690
NC_045512.2	2335	T	C	5798	712	42	1	0	37	0.000172414	5800	0.984395	FALSE	ORF1ab:cds-YP_009724389.1	GCT	A	GCC	A	690
NC_045512.2	2335	T	C	5798	712	42	1	0	37	0.000172414	5800	0.984395	FALSE	ORF1ab:cds-YP_009725295.1	GCT	A	GCC	A	690
NC_045512.2	2335	T	A	5798	712	42	1	0	37	0.000172414	5800	0.984395	FALSE	ORF1ab:cds-YP_009724389.1	GCT	A	GCA	A	690
NC_045512.2	2335	T	A	5798	712	42	1	0	37	0.000172414	5800	0.984395	FALSE	ORF1ab:cds-YP_009725295.1	GCT	A	GCA	A	690
NC_045512.2	2339	T	C	5873	754	41	2	0	37	0.000340426	5875	0.937584	FALSE	ORF1ab:cds-YP_009724389.1	TCT	S	CCT	P	692
NC_045512.2	2339	T	C	5873	754	41	2	0	37	0.000340426	5875	0.937584	FALSE	ORF1ab:cds-YP_009725295.1	TCT	S	CCT	P	692
NC_045512.2	2341	T	G	5825	783	41	2	0	31	0.00034323	5827	0.937584	FALSE	ORF1ab:cds-YP_009724389.1	TCT	S	TCG	S	692
NC_045512.2	2341	T	G	5825	783	41	2	0	31	0.00034323	5827	0.937584	FALSE	ORF1ab:cds-YP_009725295.1	TCT	S	TCG	S	692
NC_045512.2	2342	A	G	5768	793	40	1	0	37	0.00017322	5773	0.984371	FALSE	ORF1ab:cds-YP_009724389.1	ATC	I	GTC	V	693
NC_045512.2	2342	A	G	5768	793	40	1	0	37	0.00017322	5773	0.984371	FALSE	ORF1ab:cds-YP_009725295.1	ATC	I	GTC	V	693
NC_045512.2	2342	A	C	5768	793	40	4	0	25	0.000692881	5773	1	FALSE	ORF1ab:cds-YP_009724389.1	ATC	I	CTC	L	693
NC_045512.2	2342	A	C	5768	793	40	4	0	25	0.000692881	5773	1	FALSE	ORF1ab:cds-YP_009725295.1	ATC	I	CTC	L	693
NC_045512.2	2343	T	G	5924	783	41	1	0	29	0.000168748	5926	1	FALSE	ORF1ab:cds-YP_009724389.1	ATC	I	AGC	S	693
NC_045512.2	2343	T	G	5924	783	41	1	0	29	0.000168748	5926	1	FALSE	ORF1ab:cds-YP_009725295.1	ATC	I	AGC	S	693
NC_045512.2	2343	T	C	5924	783	41	1	0	25	0.000168748	5926	1	FALSE	ORF1ab:cds-YP_009724389.1	ATC	I	ACC	T	693
NC_045512.2	2343	T	C	5924	783	41	1	0	25	0.000168748	5926	1	FALSE	ORF1ab:cds-YP_009725295.1	ATC	I	ACC	T	693
NC_045512.2	2345	A	C	6021	791	41	1	0	25	0.000166058	6022	1	FALSE	ORF1ab:cds-YP_009724389.1	ATT	I	CTT	L	694
NC_045512.2	2345	A	C	6021	791	41	1	0	25	0.000166058	6022	1	FALSE	ORF1ab:cds-YP_009725295.1	ATT	I	CTT	L	694
NC_045512.2	2346	T	G	5710	827	40	5	0	25	0.000874738	5716	1	FALSE	ORF1ab:cds-YP_009724389.1	ATT	I	AGT	S	694
NC_045512.2	2346	T	G	5710	827	40	5	0	25	0.000874738	5716	1	FALSE	ORF1ab:cds-YP_009725295.1	ATT	I	AGT	S	694
NC_045512.2	2346	T	A	5710	827	40	1	0	25	0.000174948	5716	1	FALSE	ORF1ab:cds-YP_009724389.1	ATT	I	AAT	N	694
NC_045512.2	2346	T	A	5710	827	40	1	0	25	0.000174948	5716	1	FALSE	ORF1ab:cds-YP_009725295.1	ATT	I	AAT	N	694
NC_045512.2	2348	A	G	6069	834	41	1	0	37	0.000164745	6070	0.992206	FALSE	ORF1ab:cds-YP_009724389.1	ATT	I	GTT	V	695
NC_045512.2	2348	A	G	6069	834	41	1	0	37	0.000164745	6070	0.992206	FALSE	ORF1ab:cds-YP_009725295.1	ATT	I	GTT	V	695
NC_045512.2	2349	T	G	5916	839	41	2	0	25	0.000337952	5918	1	FALSE	ORF1ab:cds-YP_009724389.1	ATT	I	AGT	S	695
NC_045512.2	2349	T	G	5916	839	41	2	0	25	0.000337952	5918	1	FALSE	ORF1ab:cds-YP_009725295.1	ATT	I	AGT	S	695
NC_045512.2	2350	T	-G	5986	878	41	1	0	20	0.000167056	5986	1	FALSE	NA	NA	NA	NA	NA	NA
NC_045512.2	2353	T	C	5984	890	41	1	0	25	0.000167084	5985	1	FALSE	ORF1ab:cds-YP_009724389.1	GGT	G	GGC	G	696
NC_045512.2	2353	T	C	5984	890	41	1	0	25	0.000167084	5985	1	FALSE	ORF1ab:cds-YP_009725295.1	GGT	G	GGC	G	696
NC_045512.2	2354	G	T	5953	900	41	2	0	55	0.000335852	5955	0.250021	FALSE	ORF1ab:cds-YP_009724389.1	GGA	G	TGA	*	697
NC_045512.2	2354	G	T	5953	900	41	2	0	55	0.000335852	5955	0.250021	FALSE	ORF1ab:cds-YP_009725295.1	GGA	G	TGA	*	697
NC_045512.2	2355	G	T	5933	1081	42	1	0	37	0.00016852	5934	0.984403	FALSE	ORF1ab:cds-YP_009724389.1	GGA	G	GTA	V	697
NC_045512.2	2355	G	T	5933	1081	42	1	0	37	0.00016852	5934	0.984403	FALSE	ORF1ab:cds-YP_009725295.1	GGA	G	GTA	V	697
NC_045512.2	2356	A	T	5108	1306	40	2	1	31	0.000391236	5112	0.937532	FALSE	ORF1ab:cds-YP_009724389.1	GGA	G	GGT	G	697
NC_045512.2	2356	A	T	5108	1306	40	2	1	31	0.000391236	5112	0.937532	FALSE	ORF1ab:cds-YP_009725295.1	GGA	G	GGT	G	697
NC_045512.2	2356	A	G	5108	1306	40	1	0	37	0.000195618	5112	0.98438	FALSE	ORF1ab:cds-YP_009724389.1	GGA	G	GGG	G	697
NC_045512.2	2356	A	G	5108	1306	40	1	0	37	0.000195618	5112	0.98438	FALSE	ORF1ab:cds-YP_009725295.1	GGA	G	GGG	G	697
NC_045512.2	2356	A	C	5108	1306	40	1	1	25	0.000195618	5112	1	FALSE	ORF1ab:cds-YP_009724389.1	GGA	G	GGC	G	697
NC_045512.2	2356	A	C	5108	1306	40	1	1	25	0.000195618	5112	1	FALSE	ORF1ab:cds-YP_009725295.1	GGA	G	GGC	G	697
NC_045512.2	2357	G	T	5131	1313	40	1	0	25	0.00019478	5134	1	FALSE	ORF1ab:cds-YP_009724389.1	GCT	A	TCT	S	698
NC_045512.2	2357	G	T	5131	1313	40	1	0	25	0.00019478	5134	1	FALSE	ORF1ab:cds-YP_009725295.1	GCT	A	TCT	S	698
NC_045512.2	2357	G	A	5131	1313	40	2	0	37	0.00038956	5134	0.937564	FALSE	ORF1ab:cds-YP_009724389.1	GCT	A	ACT	T	698
NC_045512.2	2357	G	A	5131	1313	40	2	0	37	0.00038956	5134	0.937564	FALSE	ORF1ab:cds-YP_009725295.1	GCT	A	ACT	T	698
NC_045512.2	2358	C	T	5059	1303	39	2	1	37	0.000395179	5061	0.937597	FALSE	ORF1ab:cds-YP_009724389.1	GCT	A	GTT	V	698
NC_045512.2	2358	C	T	5059	1303	39	2	1	37	0.000395179	5061	0.937597	FALSE	ORF1ab:cds-YP_009725295.1	GCT	A	GTT	V	698
NC_045512.2	2359	T	C	5135	1337	40	1	0	37	0.000194628	5138	0.984389	FALSE	ORF1ab:cds-YP_009724389.1	GCT	A	GCC	A	698
NC_045512.2	2359	T	C	5135	1337	40	1	0	37	0.000194628	5138	0.984389	FALSE	ORF1ab:cds-YP_009725295.1	GCT	A	GCC	A	698
NC_045512.2	2359	T	A	5135	1337	40	2	0	55	0.000389257	5138	0.249976	FALSE	ORF1ab:cds-YP_009724389.1	GCT	A	GCA	A	698
NC_045512.2	2359	T	A	5135	1337	40	2	0	55	0.000389257	5138	0.249976	FALSE	ORF1ab:cds-YP_009725295.1	GCT	A	GCA	A	698
NC_045512.2	2361	A	G	5242	1607	40	7	7	37	0.00133359	5249	0.387272	FALSE	ORF1ab:cds-YP_009724389.1	AAA	K	AGA	R	699
NC_045512.2	2361	A	G	5242	1607	40	7	7	37	0.00133359	5249	0.387272	FALSE	ORF1ab:cds-YP_009725295.1	AAA	K	AGA	R	699
NC_045512.2	2362	A	G	5470	1619	40	1	1	74	0.000182749	5472	0.5	FALSE	ORF1ab:cds-YP_009724389.1	AAA	K	AAG	K	699
NC_045512.2	2362	A	G	5470	1619	40	1	1	74	0.000182749	5472	0.5	FALSE	ORF1ab:cds-YP_009725295.1	AAA	K	AAG	K	699
NC_045512.2	2362	A	C	5470	1619	40	1	0	37	0.000182749	5472	0.984396	FALSE	ORF1ab:cds-YP_009724389.1	AAA	K	AAC	N	699
NC_045512.2	2362	A	C	5470	1619	40	1	0	37	0.000182749	5472	0.984396	FALSE	ORF1ab:cds-YP_009725295.1	AAA	K	AAC	N	699
NC_045512.2	2363	C	A	5591	1673	40	1	0	37	0.000178827	5592	0.984404	FALSE	ORF1ab:cds-YP_009724389.1	CTT	L	ATT	I	700
NC_045512.2	2363	C	A	5591	1673	40	1	0	37	0.000178827	5592	0.984404	FALSE	ORF1ab:cds-YP_009725295.1	CTT	L	ATT	I	700
NC_045512.2	2364	T	C	5713	1653	40	2	0	37	0.000349956	5715	0.937586	FALSE	ORF1ab:cds-YP_009724389.1	CTT	L	CCT	P	700
NC_045512.2	2364	T	C	5713	1653	40	2	0	37	0.000349956	5715	0.937586	FALSE	ORF1ab:cds-YP_009725295.1	CTT	L	CCT	P	700
NC_045512.2	2365	T	C	5636	1659	40	5	2	37	0.000886368	5641	0.623211	FALSE	ORF1ab:cds-YP_009724389.1	CTT	L	CTC	L	700
NC_045512.2	2365	T	C	5636	1659	40	5	2	37	0.000886368	5641	0.623211	FALSE	ORF1ab:cds-YP_009725295.1	CTT	L	CTC	L	700
NC_045512.2	2365	T	-A	5636	1659	40	2	0	20	0.000354547	5641	1	FALSE	NA	NA	NA	NA	NA	NA
NC_045512.2	2367	A	T	5360	1680	39	1	1	37	0.000186498	5362	0.984397	FALSE	ORF1ab:cds-YP_009724389.1	AAA	K	ATA	I	701
NC_045512.2	2367	A	T	5360	1680	39	1	1	37	0.000186498	5362	0.984397	FALSE	ORF1ab:cds-YP_009725295.1	AAA	K	ATA	I	701
NC_045512.2	2367	A	C	5360	1680	39	1	1	29	0.000186498	5362	1	FALSE	ORF1ab:cds-YP_009724389.1	AAA	K	ACA	T	701
NC_045512.2	2367	A	C	5360	1680	39	1	1	29	0.000186498	5362	1	FALSE	ORF1ab:cds-YP_009725295.1	AAA	K	ACA	T	701
NC_045512.2	2368	A	T	5232	1736	38	3	1	30	0.000572847	5237	0.8555	FALSE	ORF1ab:cds-YP_009724389.1	AAA	K	AAT	N	701
NC_045512.2	2368	A	T	5232	1736	38	3	1	30	0.000572847	5237	0.8555	FALSE	ORF1ab:cds-YP_009725295.1	AAA	K	AAT	N	701
NC_045512.2	2368	A	G	5232	1736	38	1	0	62	0.000190949	5237	0.499857	FALSE	ORF1ab:cds-YP_009724389.1	AAA	K	AAG	K	701
NC_045512.2	2368	A	G	5232	1736	38	1	0	62	0.000190949	5237	0.499857	FALSE	ORF1ab:cds-YP_009725295.1	AAA	K	AAG	K	701
NC_045512.2	2368	A	C	5232	1736	38	1	0	37	0.000190949	5237	0.984371	FALSE	ORF1ab:cds-YP_009724389.1	AAA	K	AAC	N	701
NC_045512.2	2368	A	C	5232	1736	38	1	0	37	0.000190949	5237	0.984371	FALSE	ORF1ab:cds-YP_009725295.1	AAA	K	AAC	N	701
NC_045512.2	2370	C	T	5687	1773	39	2	0	37	0.000351556	5689	0.937587	FALSE	ORF1ab:cds-YP_009724389.1	GCC	A	GTC	V	702
NC_045512.2	2370	C	T	5687	1773	39	2	0	37	0.000351556	5689	0.937587	FALSE	ORF1ab:cds-YP_009725295.1	GCC	A	GTC	V	702
NC_045512.2	2371	C	T	5615	1680	38	1	0	37	0.000177904	5621	0.984362	FALSE	ORF1ab:cds-YP_009724389.1	GCC	A	GCT	A	702
NC_045512.2	2371	C	T	5615	1680	38	1	0	37	0.000177904	5621	0.984362	FALSE	ORF1ab:cds-YP_009725295.1	GCC	A	GCT	A	702
NC_045512.2	2371	C	A	5615	1680	38	5	0	34	0.000889521	5621	0.623102	FALSE	ORF1ab:cds-YP_009724389.1	GCC	A	GCA	A	702
NC_045512.2	2371	C	A	5615	1680	38	5	0	34	0.000889521	5621	0.623102	FALSE	ORF1ab:cds-YP_009725295.1	GCC	A	GCA	A	702
NC_045512.2	2372	T	G	5685	1735	39	2	1	37	0.000351494	5690	0.9375	FALSE	ORF1ab:cds-YP_009724389.1	TTG	L	GTG	V	703
NC_045512.2	2372	T	G	5685	1735	39	2	1	37	0.000351494	5690	0.9375	FALSE	ORF1ab:cds-YP_009725295.1	TTG	L	GTG	V	703
NC_045512.2	2372	T	C	5685	1735	39	2	1	37	0.000351494	5690	0.9375	FALSE	ORF1ab:cds-YP_009724389.1	TTG	L	CTG	L	703
NC_045512.2	2372	T	C	5685	1735	39	2	1	37	0.000351494	5690	0.9375	FALSE	ORF1ab:cds-YP_009725295.1	TTG	L	CTG	L	703
NC_045512.2	2372	T	A	5685	1735	39	1	0	37	0.000175747	5690	0.984371	FALSE	ORF1ab:cds-YP_009724389.1	TTG	L	ATG	M	703
NC_045512.2	2372	T	A	5685	1735	39	1	0	37	0.000175747	5690	0.984371	FALSE	ORF1ab:cds-YP_009725295.1	TTG	L	ATG	M	703
NC_045512.2	2373	T	G	5586	1733	39	2	0	37	0.000357782	5590	0.937529	FALSE	ORF1ab:cds-YP_009724389.1	TTG	L	TGG	W	703
NC_045512.2	2373	T	G	5586	1733	39	2	0	37	0.000357782	5590	0.937529	FALSE	ORF1ab:cds-YP_009725295.1	TTG	L	TGG	W	703
NC_045512.2	2373	T	A	5586	1733	39	2	0	31	0.000357782	5590	0.937529	FALSE	ORF1ab:cds-YP_009724389.1	TTG	L	TAG	*	703
NC_045512.2	2373	T	A	5586	1733	39	2	0	31	0.000357782	5590	0.937529	FALSE	ORF1ab:cds-YP_009725295.1	TTG	L	TAG	*	703
NC_045512.2	2375	A	G	5367	1805	38	1	0	37	0.000186289	5368	0.984406	FALSE	ORF1ab:cds-YP_009724389.1	AAT	N	GAT	D	704
NC_045512.2	2375	A	G	5367	1805	38	1	0	37	0.000186289	5368	0.984406	FALSE	ORF1ab:cds-YP_009725295.1	AAT	N	GAT	D	704
NC_045512.2	2376	A	-T	5375	1777	38	1	0	20	0.000186047	5375	1	FALSE	NA	NA	NA	NA	NA	NA
NC_045512.2	2377	T	G	5244	1882	38	1	0	25	0.000190658	5245	1	FALSE	ORF1ab:cds-YP_009724389.1	AAT	N	AAG	K	704
NC_045512.2	2377	T	G	5244	1882	38	1	0	25	0.000190658	5245	1	FALSE	ORF1ab:cds-YP_009725295.1	AAT	N	AAG	K	704
NC_045512.2	2378	T	C	5257	1886	38	1	1	22	0.000190186	5258	1	FALSE	ORF1ab:cds-YP_009724389.1	TTA	L	CTA	L	705
NC_045512.2	2378	T	C	5257	1886	38	1	1	22	0.000190186	5258	1	FALSE	ORF1ab:cds-YP_009725295.1	TTA	L	CTA	L	705
NC_045512.2	2379	T	C	5321	1901	38	1	0	37	0.000187899	5322	0.984406	FALSE	ORF1ab:cds-YP_009724389.1	TTA	L	TCA	S	705
NC_045512.2	2379	T	C	5321	1901	38	1	0	37	0.000187899	5322	0.984406	FALSE	ORF1ab:cds-YP_009725295.1	TTA	L	TCA	S	705
NC_045512.2	2380	A	G	5267	1836	37	6	2	41	0.00113787	5273	0.0156117	FALSE	ORF1ab:cds-YP_009724389.1	TTA	L	TTG	L	705
NC_045512.2	2380	A	G	5267	1836	37	6	2	41	0.00113787	5273	0.0156117	FALSE	ORF1ab:cds-YP_009725295.1	TTA	L	TTG	L	705
NC_045512.2	2381	G	T	5305	1862	38	3	2	33	0.000565078	5309	0.855562	FALSE	ORF1ab:cds-YP_009724389.1	GGT	G	TGT	C	706
NC_045512.2	2381	G	T	5305	1862	38	3	2	33	0.000565078	5309	0.855562	FALSE	ORF1ab:cds-YP_009725295.1	GGT	G	TGT	C	706
NC_045512.2	2381	G	C	5305	1862	38	1	1	50	0.000188359	5309	0.499906	FALSE	ORF1ab:cds-YP_009724389.1	GGT	G	CGT	R	706
NC_045512.2	2381	G	C	5305	1862	38	1	1	50	0.000188359	5309	0.499906	FALSE	ORF1ab:cds-YP_009725295.1	GGT	G	CGT	R	706
NC_045512.2	2383	T	C	5272	1847	38	2	1	37	0.000379219	5274	0.937593	FALSE	ORF1ab:cds-YP_009724389.1	GGT	G	GGC	G	706
NC_045512.2	2383	T	C	5272	1847	38	2	1	37	0.000379219	5274	0.937593	FALSE	ORF1ab:cds-YP_009725295.1	GGT	G	GGC	G	706
NC_045512.2	2386	A	G	5265	1877	38	1	1	37	0.000189897	5266	0.984406	FALSE	ORF1ab:cds-YP_009724389.1	GAA	E	GAG	E	707
NC_045512.2	2386	A	G	5265	1877	38	1	1	37	0.000189897	5266	0.984406	FALSE	ORF1ab:cds-YP_009725295.1	GAA	E	GAG	E	707
NC_045512.2	2387	A	T	5125	1925	38	1	0	37	0.000195046	5127	0.984398	FALSE	ORF1ab:cds-YP_009724389.1	ACA	T	TCA	S	708
NC_045512.2	2387	A	T	5125	1925	38	1	0	37	0.000195046	5127	0.984398	FALSE	ORF1ab:cds-YP_009725295.1	ACA	T	TCA	S	708
NC_045512.2	2387	A	G	5125	1925	38	1	1	37	0.000195046	5127	0.984398	FALSE	ORF1ab:cds-YP_009724389.1	ACA	T	GCA	A	708
NC_045512.2	2387	A	G	5125	1925	38	1	1	37	0.000195046	5127	0.984398	FALSE	ORF1ab:cds-YP_009725295.1	ACA	T	GCA	A	708
NC_045512.2	2388	C	A	5177	1973	38	1	0	25	0.000193125	5178	1	FALSE	ORF1ab:cds-YP_009724389.1	ACA	T	AAA	K	708
NC_045512.2	2388	C	A	5177	1973	38	1	0	25	0.000193125	5178	1	FALSE	ORF1ab:cds-YP_009725295.1	ACA	T	AAA	K	708
NC_045512.2	2389	A	C	5029	2001	37	1	0	37	0.000198807	5030	0.984408	FALSE	ORF1ab:cds-YP_009724389.1	ACA	T	ACC	T	708
NC_045512.2	2389	A	C	5029	2001	37	1	0	37	0.000198807	5030	0.984408	FALSE	ORF1ab:cds-YP_009725295.1	ACA	T	ACC	T	708
NC_045512.2	2393	G	A	5011	1992	37	1	0	37	0.000199521	5012	0.984408	FALSE	ORF1ab:cds-YP_009724389.1	GTC	V	ATC	I	710
NC_045512.2	2393	G	A	5011	1992	37	1	0	37	0.000199521	5012	0.984408	FALSE	ORF1ab:cds-YP_009725295.1	GTC	V	ATC	I	710
NC_045512.2	2395	C	T	5030	2013	38	1	1	37	0.000198768	5031	0.984408	FALSE	ORF1ab:cds-YP_009724389.1	GTC	V	GTT	V	710
NC_045512.2	2395	C	T	5030	2013	38	1	1	37	0.000198768	5031	0.984408	FALSE	ORF1ab:cds-YP_009725295.1	GTC	V	GTT	V	710
NC_045512.2	2396	A	C	5017	1989	37	1	0	25	0.000199283	5018	1	FALSE	ORF1ab:cds-YP_009724389.1	ACG	T	CCG	P	711
NC_045512.2	2396	A	C	5017	1989	37	1	0	25	0.000199283	5018	1	FALSE	ORF1ab:cds-YP_009725295.1	ACG	T	CCG	P	711
NC_045512.2	2397	C	T	4986	1991	37	5	2	37	0.0010018	4991	0.500123	FALSE	ORF1ab:cds-YP_009724389.1	ACG	T	ATG	M	711
NC_045512.2	2397	C	T	4986	1991	37	5	2	37	0.0010018	4991	0.500123	FALSE	ORF1ab:cds-YP_009725295.1	ACG	T	ATG	M	711
NC_045512.2	2398	G	T	4711	2007	37	2	2	37	0.000423639	4721	0.890351	FALSE	ORF1ab:cds-YP_009724389.1	ACG	T	ACT	T	711
NC_045512.2	2398	G	T	4711	2007	37	2	2	37	0.000423639	4721	0.890351	FALSE	ORF1ab:cds-YP_009725295.1	ACG	T	ACT	T	711
NC_045512.2	2398	G	C	4711	2007	37	1	1	37	0.00021182	4721	0.96865	FALSE	ORF1ab:cds-YP_009724389.1	ACG	T	ACC	T	711
NC_045512.2	2398	G	C	4711	2007	37	1	1	37	0.00021182	4721	0.96865	FALSE	ORF1ab:cds-YP_009725295.1	ACG	T	ACC	T	711
NC_045512.2	2398	G	A	4711	2007	37	7	3	37	0.00148274	4721	0.274055	FALSE	ORF1ab:cds-YP_009724389.1	ACG	T	ACA	T	711
NC_045512.2	2398	G	A	4711	2007	37	7	3	37	0.00148274	4721	0.274055	FALSE	ORF1ab:cds-YP_009725295.1	ACG	T	ACA	T	711
NC_045512.2	2399	C	T	4684	2031	37	1	1	37	0.000213447	4685	0.9688	FALSE	ORF1ab:cds-YP_009724389.1	CAC	H	TAC	Y	712
NC_045512.2	2399	C	T	4684	2031	37	1	1	37	0.000213447	4685	0.9688	FALSE	ORF1ab:cds-YP_009725295.1	CAC	H	TAC	Y	712
NC_045512.2	2403	C	T	5564	2196	37	1	0	37	0.000179662	5566	0.984396	FALSE	ORF1ab:cds-YP_009724389.1	TCA	S	TTA	L	713
NC_045512.2	2403	C	T	5564	2196	37	1	0	37	0.000179662	5566	0.984396	FALSE	ORF1ab:cds-YP_009725295.1	TCA	S	TTA	L	713
NC_045512.2	2403	C	A	5564	2196	37	1	1	62	0.000179662	5566	0.5	FALSE	ORF1ab:cds-YP_009724389.1	TCA	S	TAA	*	713
NC_045512.2	2403	C	A	5564	2196	37	1	1	62	0.000179662	5566	0.5	FALSE	ORF1ab:cds-YP_009725295.1	TCA	S	TAA	*	713
NC_045512.2	2404	A	C	5750	2388	37	1	0	25	0.000173883	5751	1	FALSE	ORF1ab:cds-YP_009724389.1	TCA	S	TCC	S	713
NC_045512.2	2404	A	C	5750	2388	37	1	0	25	0.000173883	5751	1	FALSE	ORF1ab:cds-YP_009725295.1	TCA	S	TCC	S	713
NC_045512.2	2405	A	C	5715	2324	37	1	1	25	0.000174948	5716	1	FALSE	ORF1ab:cds-YP_009724389.1	AAG	K	CAG	Q	714
NC_045512.2	2405	A	C	5715	2324	37	1	1	25	0.000174948	5716	1	FALSE	ORF1ab:cds-YP_009725295.1	AAG	K	CAG	Q	714
NC_045512.2	2406	A	C	5617	2299	36	1	1	25	0.000177999	5618	1	FALSE	ORF1ab:cds-YP_009724389.1	AAG	K	ACG	T	714
NC_045512.2	2406	A	C	5617	2299	36	1	1	25	0.000177999	5618	1	FALSE	ORF1ab:cds-YP_009725295.1	AAG	K	ACG	T	714
NC_045512.2	2406	A	-G	5617	2299	36	1	0	20	0.000177999	5618	1	FALSE	NA	NA	NA	NA	NA	NA
NC_045512.2	2407	G	T	5751	2334	37	1	0	25	0.000173822	5753	1	FALSE	ORF1ab:cds-YP_009724389.1	AAG	K	AAT	N	714
NC_045512.2	2407	G	T	5751	2334	37	1	0	25	0.000173822	5753	1	FALSE	ORF1ab:cds-YP_009725295.1	AAG	K	AAT	N	714
NC_045512.2	2407	G	A	5751	2334	37	1	0	37	0.000173822	5753	0.984387	FALSE	ORF1ab:cds-YP_009724389.1	AAG	K	AAA	K	714
NC_045512.2	2407	G	A	5751	2334	37	1	0	37	0.000173822	5753	0.984387	FALSE	ORF1ab:cds-YP_009725295.1	AAG	K	AAA	K	714
NC_045512.2	2409	G	A	5951	2230	37	1	0	37	0.000168011	5952	0.984403	FALSE	ORF1ab:cds-YP_009724389.1	GGA	G	GAA	E	715
NC_045512.2	2409	G	A	5951	2230	37	1	0	37	0.000168011	5952	0.984403	FALSE	ORF1ab:cds-YP_009725295.1	GGA	G	GAA	E	715
NC_045512.2	2410	A	G	5594	1988	37	2	0	37	0.000357398	5596	0.937588	FALSE	ORF1ab:cds-YP_009724389.1	GGA	G	GGG	G	715
NC_045512.2	2410	A	G	5594	1988	37	2	0	37	0.000357398	5596	0.937588	FALSE	ORF1ab:cds-YP_009725295.1	GGA	G	GGG	G	715
NC_045512.2	2411	T	G	5515	1986	37	3	1	29	0.000543675	5518	1	FALSE	ORF1ab:cds-YP_009724389.1	TTG	L	GTG	V	716
NC_045512.2	2411	T	G	5515	1986	37	3	1	29	0.000543675	5518	1	FALSE	ORF1ab:cds-YP_009725295.1	TTG	L	GTG	V	716
NC_045512.2	2412	T	G	5589	1933	37	1	0	25	0.000178859	5591	1	FALSE	ORF1ab:cds-YP_009724389.1	TTG	L	TGG	W	716
NC_045512.2	2412	T	G	5589	1933	37	1	0	25	0.000178859	5591	1	FALSE	ORF1ab:cds-YP_009725295.1	TTG	L	TGG	W	716
NC_045512.2	2412	T	C	5589	1933	37	1	1	37	0.000178859	5591	0.984396	FALSE	ORF1ab:cds-YP_009724389.1	TTG	L	TCG	S	716
NC_045512.2	2412	T	C	5589	1933	37	1	1	37	0.000178859	5591	0.984396	FALSE	ORF1ab:cds-YP_009725295.1	TTG	L	TCG	S	716
NC_045512.2	2413	G	T	5794	1962	37	1	0	37	0.000172533	5796	0.984395	FALSE	ORF1ab:cds-YP_009724389.1	TTG	L	TTT	F	716
NC_045512.2	2413	G	T	5794	1962	37	1	0	37	0.000172533	5796	0.984395	FALSE	ORF1ab:cds-YP_009725295.1	TTG	L	TTT	F	716
NC_045512.2	2413	G	C	5794	1962	37	1	0	37	0.000172533	5796	0.984395	FALSE	ORF1ab:cds-YP_009724389.1	TTG	L	TTC	F	716
NC_045512.2	2413	G	C	5794	1962	37	1	0	37	0.000172533	5796	0.984395	FALSE	ORF1ab:cds-YP_009725295.1	TTG	L	TTC	F	716
NC_045512.2	2414	T	C	5785	1948	37	1	0	37	0.000172831	5786	0.984403	FALSE	ORF1ab:cds-YP_009724389.1	TAC	Y	CAC	H	717
NC_045512.2	2414	T	C	5785	1948	37	1	0	37	0.000172831	5786	0.984403	FALSE	ORF1ab:cds-YP_009725295.1	TAC	Y	CAC	H	717
NC_045512.2	2417	A	G	5788	2084	38	1	0	25	0.000172682	5791	1	FALSE	ORF1ab:cds-YP_009724389.1	AGA	R	GGA	G	718
NC_045512.2	2417	A	G	5788	2084	38	1	0	25	0.000172682	5791	1	FALSE	ORF1ab:cds-YP_009725295.1	AGA	R	GGA	G	718
NC_045512.2	2417	A	C	5788	2084	38	2	0	25	0.000345363	5791	1	FALSE	ORF1ab:cds-YP_009724389.1	AGA	R	CGA	R	718
NC_045512.2	2417	A	C	5788	2084	38	2	0	25	0.000345363	5791	1	FALSE	ORF1ab:cds-YP_009725295.1	AGA	R	CGA	R	718
NC_045512.2	2419	A	G	5816	2107	38	1	0	37	0.00017191	5817	0.984403	FALSE	ORF1ab:cds-YP_009724389.1	AGA	R	AGG	R	718
NC_045512.2	2419	A	G	5816	2107	38	1	0	37	0.00017191	5817	0.984403	FALSE	ORF1ab:cds-YP_009725295.1	AGA	R	AGG	R	718
NC_045512.2	2420	A	T	5636	1992	37	2	2	31	0.000354547	5641	0.9375	FALSE	ORF1ab:cds-YP_009724389.1	AAG	K	TAG	*	719
NC_045512.2	2420	A	T	5636	1992	37	2	2	31	0.000354547	5641	0.9375	FALSE	ORF1ab:cds-YP_009725295.1	AAG	K	TAG	*	719
NC_045512.2	2420	A	C	5636	1992	37	3	1	29	0.000531821	5641	1	FALSE	ORF1ab:cds-YP_009724389.1	AAG	K	CAG	Q	719
NC_045512.2	2420	A	C	5636	1992	37	3	1	29	0.000531821	5641	1	FALSE	ORF1ab:cds-YP_009725295.1	AAG	K	CAG	Q	719
NC_045512.2	2422	G	T	5770	2075	37	2	0	37	0.00034638	5774	0.937528	FALSE	ORF1ab:cds-YP_009724389.1	AAG	K	AAT	N	719
NC_045512.2	2422	G	T	5770	2075	37	2	0	37	0.00034638	5774	0.937528	FALSE	ORF1ab:cds-YP_009725295.1	AAG	K	AAT	N	719
NC_045512.2	2422	G	A	5770	2075	37	2	1	37	0.00034638	5774	0.937528	FALSE	ORF1ab:cds-YP_009724389.1	AAG	K	AAA	K	719
NC_045512.2	2422	G	A	5770	2075	37	2	1	37	0.00034638	5774	0.937528	FALSE	ORF1ab:cds-YP_009725295.1	AAG	K	AAA	K	719
NC_045512.2	2423	T	A	5818	2189	38	1	0	25	0.000171851	5819	1	FALSE	ORF1ab:cds-YP_009724389.1	TGT	C	AGT	S	720
NC_045512.2	2423	T	A	5818	2189	38	1	0	25	0.000171851	5819	1	FALSE	ORF1ab:cds-YP_009725295.1	TGT	C	AGT	S	720
NC_045512.2	2424	G	A	5970	2257	38	1	1	37	0.000167476	5971	0.984402	FALSE	ORF1ab:cds-YP_009724389.1	TGT	C	TAT	Y	720
NC_045512.2	2424	G	A	5970	2257	38	1	1	37	0.000167476	5971	0.984402	FALSE	ORF1ab:cds-YP_009725295.1	TGT	C	TAT	Y	720
NC_045512.2	2425	T	A	6010	2370	38	1	0	25	0.000166362	6011	1	FALSE	ORF1ab:cds-YP_009724389.1	TGT	C	TGA	*	720
NC_045512.2	2425	T	A	6010	2370	38	1	0	25	0.000166362	6011	1	FALSE	ORF1ab:cds-YP_009725295.1	TGT	C	TGA	*	720
NC_045512.2	2426	G	A	6200	2382	38	2	0	37	0.000322477	6202	0.964905	FALSE	ORF1ab:cds-YP_009724389.1	GTT	V	ATT	I	721
NC_045512.2	2426	G	A	6200	2382	38	2	0	37	0.000322477	6202	0.964905	FALSE	ORF1ab:cds-YP_009725295.1	GTT	V	ATT	I	721
NC_045512.2	2427	T	A	6132	2382	38	2	1	23	0.000326052	6134	1	FALSE	ORF1ab:cds-YP_009724389.1	GTT	V	GAT	D	721
NC_045512.2	2427	T	A	6132	2382	38	2	1	23	0.000326052	6134	1	FALSE	ORF1ab:cds-YP_009725295.1	GTT	V	GAT	D	721
NC_045512.2	2428	T	A	6224	2424	38	1	0	20	0.000160643	6225	1	FALSE	ORF1ab:cds-YP_009724389.1	GTT	V	GTA	V	721
NC_045512.2	2428	T	A	6224	2424	38	1	0	20	0.000160643	6225	1	FALSE	ORF1ab:cds-YP_009725295.1	GTT	V	GTA	V	721
NC_045512.2	2429	A	G	6222	2424	38	1	0	37	0.000160694	6223	0.992205	FALSE	ORF1ab:cds-YP_009724389.1	AAA	K	GAA	E	722
NC_045512.2	2429	A	G	6222	2424	38	1	0	37	0.000160694	6223	0.992205	FALSE	ORF1ab:cds-YP_009725295.1	AAA	K	GAA	E	722
NC_045512.2	2430	A	T	5984	2375	38	1	0	25	0.000167029	5987	1	FALSE	ORF1ab:cds-YP_009724389.1	AAA	K	ATA	I	722
NC_045512.2	2430	A	T	5984	2375	38	1	0	25	0.000167029	5987	1	FALSE	ORF1ab:cds-YP_009725295.1	AAA	K	ATA	I	722
NC_045512.2	2430	A	G	5984	2375	38	1	0	37	0.000167029	5987	0.984387	FALSE	ORF1ab:cds-YP_009724389.1	AAA	K	AGA	R	722
NC_045512.2	2430	A	G	5984	2375	38	1	0	37	0.000167029	5987	0.984387	FALSE	ORF1ab:cds-YP_009725295.1	AAA	K	AGA	R	722
NC_045512.2	2430	A	C	5984	2375	38	1	0	37	0.000167029	5987	0.984387	FALSE	ORF1ab:cds-YP_009724389.1	AAA	K	ACA	T	722
NC_045512.2	2430	A	C	5984	2375	38	1	0	37	0.000167029	5987	0.984387	FALSE	ORF1ab:cds-YP_009725295.1	AAA	K	ACA	T	722
NC_045512.2	2431	A	C	5987	2325	38	1	1	25	0.000167001	5988	1	FALSE	ORF1ab:cds-YP_009724389.1	AAA	K	AAC	N	722
NC_045512.2	2431	A	C	5987	2325	38	1	1	25	0.000167001	5988	1	FALSE	ORF1ab:cds-YP_009725295.1	AAA	K	AAC	N	722
NC_045512.2	2432	T	C	5961	2476	38	1	1	25	0.000167729	5962	1	FALSE	ORF1ab:cds-YP_009724389.1	TCC	S	CCC	P	723
NC_045512.2	2432	T	C	5961	2476	38	1	1	25	0.000167729	5962	1	FALSE	ORF1ab:cds-YP_009725295.1	TCC	S	CCC	P	723
NC_045512.2	2433	C	T	5987	2517	38	1	0	37	0.000166973	5989	0.984395	FALSE	ORF1ab:cds-YP_009724389.1	TCC	S	TTC	F	723
NC_045512.2	2433	C	T	5987	2517	38	1	0	37	0.000166973	5989	0.984395	FALSE	ORF1ab:cds-YP_009725295.1	TCC	S	TTC	F	723
NC_045512.2	2433	C	A	5987	2517	38	1	1	37	0.000166973	5989	0.984395	FALSE	ORF1ab:cds-YP_009724389.1	TCC	S	TAC	Y	723
NC_045512.2	2433	C	A	5987	2517	38	1	1	37	0.000166973	5989	0.984395	FALSE	ORF1ab:cds-YP_009725295.1	TCC	S	TAC	Y	723
NC_045512.2	2434	C	T	5941	2524	38	1	0	37	0.000168265	5943	0.984395	FALSE	ORF1ab:cds-YP_009724389.1	TCC	S	TCT	S	723
NC_045512.2	2434	C	T	5941	2524	38	1	0	37	0.000168265	5943	0.984395	FALSE	ORF1ab:cds-YP_009725295.1	TCC	S	TCT	S	723
NC_045512.2	2434	C	A	5941	2524	38	1	0	25	0.000168265	5943	1	FALSE	ORF1ab:cds-YP_009724389.1	TCC	S	TCA	S	723
NC_045512.2	2434	C	A	5941	2524	38	1	0	25	0.000168265	5943	1	FALSE	ORF1ab:cds-YP_009725295.1	TCC	S	TCA	S	723
NC_045512.2	2436	G	T	5943	2457	38	1	1	25	0.000168237	5944	1	FALSE	ORF1ab:cds-YP_009724389.1	AGA	R	ATA	I	724
NC_045512.2	2436	G	T	5943	2457	38	1	1	25	0.000168237	5944	1	FALSE	ORF1ab:cds-YP_009725295.1	AGA	R	ATA	I	724
NC_045512.2	2437	A	G	5860	2470	38	2	1	25	0.00034118	5862	1	FALSE	ORF1ab:cds-YP_009724389.1	AGA	R	AGG	R	724
NC_045512.2	2437	A	G	5860	2470	38	2	1	25	0.00034118	5862	1	FALSE	ORF1ab:cds-YP_009725295.1	AGA	R	AGG	R	724
NC_045512.2	2439	A	T	5804	2476	38	1	0	25	0.000172206	5807	1	FALSE	ORF1ab:cds-YP_009724389.1	GAA	E	GTA	V	725
NC_045512.2	2439	A	T	5804	2476	38	1	0	25	0.000172206	5807	1	FALSE	ORF1ab:cds-YP_009725295.1	GAA	E	GTA	V	725
NC_045512.2	2439	A	G	5804	2476	38	1	1	37	0.000172206	5807	0.984387	FALSE	ORF1ab:cds-YP_009724389.1	GAA	E	GGA	G	725
NC_045512.2	2439	A	G	5804	2476	38	1	1	37	0.000172206	5807	0.984387	FALSE	ORF1ab:cds-YP_009725295.1	GAA	E	GGA	G	725
NC_045512.2	2439	A	C	5804	2476	38	1	1	37	0.000172206	5807	0.984387	FALSE	ORF1ab:cds-YP_009724389.1	GAA	E	GCA	A	725
NC_045512.2	2439	A	C	5804	2476	38	1	1	37	0.000172206	5807	0.984387	FALSE	ORF1ab:cds-YP_009725295.1	GAA	E	GCA	A	725
NC_045512.2	2440	A	T	5570	2409	37	1	1	37	0.000179501	5571	0.984404	FALSE	ORF1ab:cds-YP_009724389.1	GAA	E	GAT	D	725
NC_045512.2	2440	A	T	5570	2409	37	1	1	37	0.000179501	5571	0.984404	FALSE	ORF1ab:cds-YP_009725295.1	GAA	E	GAT	D	725
NC_045512.2	2442	A	C	5770	2496	38	1	0	37	0.00017328	5771	0.984403	FALSE	ORF1ab:cds-YP_009724389.1	GAA	E	GCA	A	726
NC_045512.2	2442	A	C	5770	2496	38	1	0	37	0.00017328	5771	0.984403	FALSE	ORF1ab:cds-YP_009725295.1	GAA	E	GCA	A	726
NC_045512.2	2443	A	C	5749	2486	38	2	1	25	0.000347766	5751	1	FALSE	ORF1ab:cds-YP_009724389.1	GAA	E	GAC	D	726
NC_045512.2	2443	A	C	5749	2486	38	2	1	25	0.000347766	5751	1	FALSE	ORF1ab:cds-YP_009725295.1	GAA	E	GAC	D	726
NC_045512.2	2444	A	G	5676	2452	37	1	0	37	0.000176149	5677	0.984404	FALSE	ORF1ab:cds-YP_009724389.1	ACT	T	GCT	A	727
NC_045512.2	2444	A	G	5676	2452	37	1	0	37	0.000176149	5677	0.984404	FALSE	ORF1ab:cds-YP_009725295.1	ACT	T	GCT	A	727
NC_045512.2	2445	C	G	5847	2612	38	1	0	37	0.000170969	5849	0.984395	FALSE	ORF1ab:cds-YP_009724389.1	ACT	T	AGT	S	727
NC_045512.2	2445	C	G	5847	2612	38	1	0	37	0.000170969	5849	0.984395	FALSE	ORF1ab:cds-YP_009725295.1	ACT	T	AGT	S	727
NC_045512.2	2445	C	A	5847	2612	38	1	0	37	0.000170969	5849	0.984395	FALSE	ORF1ab:cds-YP_009724389.1	ACT	T	AAT	N	727
NC_045512.2	2445	C	A	5847	2612	38	1	0	37	0.000170969	5849	0.984395	FALSE	ORF1ab:cds-YP_009725295.1	ACT	T	AAT	N	727
NC_045512.2	2446	T	A	5722	2446	37	1	0	25	0.000174734	5723	1	FALSE	ORF1ab:cds-YP_009724389.1	ACT	T	ACA	T	727
NC_045512.2	2446	T	A	5722	2446	37	1	0	25	0.000174734	5723	1	FALSE	ORF1ab:cds-YP_009725295.1	ACT	T	ACA	T	727
NC_045512.2	2447	G	T	5923	2479	37	1	0	37	0.000168805	5924	0.984403	FALSE	ORF1ab:cds-YP_009724389.1	GGC	G	TGC	C	728
NC_045512.2	2447	G	T	5923	2479	37	1	0	37	0.000168805	5924	0.984403	FALSE	ORF1ab:cds-YP_009725295.1	GGC	G	TGC	C	728
NC_045512.2	2448	G	A	5921	2482	37	8	5	40	0.0013493	5929	0.00389966	TRUE	ORF1ab:cds-YP_009724389.1	GGC	G	GAC	D	728
NC_045512.2	2448	G	A	5921	2482	37	8	5	40	0.0013493	5929	0.00389966	TRUE	ORF1ab:cds-YP_009725295.1	GGC	G	GAC	D	728
NC_045512.2	2449	C	T	5954	2550	38	6	1	35	0.00100671	5960	0.500114	FALSE	ORF1ab:cds-YP_009724389.1	GGC	G	GGT	G	728
NC_045512.2	2449	C	T	5954	2550	38	6	1	35	0.00100671	5960	0.500114	FALSE	ORF1ab:cds-YP_009725295.1	GGC	G	GGT	G	728
NC_045512.2	2451	T	G	5679	2228	37	7	7	29	0.00123109	5686	1	FALSE	ORF1ab:cds-YP_009724389.1	CTA	L	CGA	R	729
NC_045512.2	2451	T	G	5679	2228	37	7	7	29	0.00123109	5686	1	FALSE	ORF1ab:cds-YP_009725295.1	CTA	L	CGA	R	729
NC_045512.2	2452	A	T	6027	2435	38	1	1	25	0.000165837	6030	1	FALSE	ORF1ab:cds-YP_009724389.1	CTA	L	CTT	L	729
NC_045512.2	2452	A	T	6027	2435	38	1	1	25	0.000165837	6030	1	FALSE	ORF1ab:cds-YP_009725295.1	CTA	L	CTT	L	729
NC_045512.2	2452	A	G	6027	2435	38	1	1	37	0.000165837	6030	0.992197	FALSE	ORF1ab:cds-YP_009724389.1	CTA	L	CTG	L	729
NC_045512.2	2452	A	G	6027	2435	38	1	1	37	0.000165837	6030	0.992197	FALSE	ORF1ab:cds-YP_009725295.1	CTA	L	CTG	L	729
NC_045512.2	2452	A	C	6027	2435	38	1	0	25	0.000165837	6030	1	FALSE	ORF1ab:cds-YP_009724389.1	CTA	L	CTC	L	729
NC_045512.2	2452	A	C	6027	2435	38	1	0	25	0.000165837	6030	1	FALSE	ORF1ab:cds-YP_009725295.1	CTA	L	CTC	L	729
NC_045512.2	2453	C	A	6140	2517	38	1	0	25	0.00016284	6141	1	FALSE	ORF1ab:cds-YP_009724389.1	CTC	L	ATC	I	730
NC_045512.2	2453	C	A	6140	2517	38	1	0	25	0.00016284	6141	1	FALSE	ORF1ab:cds-YP_009725295.1	CTC	L	ATC	I	730
NC_045512.2	2454	T	G	6004	2364	38	1	0	25	0.000166445	6008	1	FALSE	ORF1ab:cds-YP_009724389.1	CTC	L	CGC	R	730
NC_045512.2	2454	T	G	6004	2364	38	1	0	25	0.000166445	6008	1	FALSE	ORF1ab:cds-YP_009725295.1	CTC	L	CGC	R	730
NC_045512.2	2454	T	C	6004	2364	38	2	0	37	0.000332889	6008	0.964871	FALSE	ORF1ab:cds-YP_009724389.1	CTC	L	CCC	P	730
NC_045512.2	2454	T	C	6004	2364	38	2	0	37	0.000332889	6008	0.964871	FALSE	ORF1ab:cds-YP_009725295.1	CTC	L	CCC	P	730
NC_045512.2	2454	T	A	6004	2364	38	1	0	37	0.000166445	6008	0.992192	FALSE	ORF1ab:cds-YP_009724389.1	CTC	L	CAC	H	730
NC_045512.2	2454	T	A	6004	2364	38	1	0	37	0.000166445	6008	0.992192	FALSE	ORF1ab:cds-YP_009725295.1	CTC	L	CAC	H	730
NC_045512.2	2456	A	G	5683	2230	37	1	0	37	0.000175809	5688	0.984371	FALSE	ORF1ab:cds-YP_009724389.1	ATG	M	GTG	V	731
NC_045512.2	2456	A	G	5683	2230	37	1	0	37	0.000175809	5688	0.984371	FALSE	ORF1ab:cds-YP_009725295.1	ATG	M	GTG	V	731
NC_045512.2	2456	A	C	5683	2230	37	4	2	31	0.000703235	5688	0.74618	FALSE	ORF1ab:cds-YP_009724389.1	ATG	M	CTG	L	731
NC_045512.2	2456	A	C	5683	2230	37	4	2	31	0.000703235	5688	0.74618	FALSE	ORF1ab:cds-YP_009725295.1	ATG	M	CTG	L	731
NC_045512.2	2458	G	T	5693	2258	37	1	1	25	0.000175469	5699	1	FALSE	ORF1ab:cds-YP_009724389.1	ATG	M	ATT	I	731
NC_045512.2	2458	G	T	5693	2258	37	1	1	25	0.000175469	5699	1	FALSE	ORF1ab:cds-YP_009725295.1	ATG	M	ATT	I	731
NC_045512.2	2458	G	A	5693	2258	37	5	5	37	0.000877347	5699	0.623101	FALSE	ORF1ab:cds-YP_009724389.1	ATG	M	ATA	I	731
NC_045512.2	2458	G	A	5693	2258	37	5	5	37	0.000877347	5699	0.623101	FALSE	ORF1ab:cds-YP_009725295.1	ATG	M	ATA	I	731
NC_045512.2	2459	C	T	5784	2371	38	9	1	37	0.00155333	5794	0.211833	FALSE	ORF1ab:cds-YP_009724389.1	CCT	P	TCT	S	732
NC_045512.2	2459	C	T	5784	2371	38	9	1	37	0.00155333	5794	0.211833	FALSE	ORF1ab:cds-YP_009725295.1	CCT	P	TCT	S	732
NC_045512.2	2459	C	A	5784	2371	38	1	0	37	0.000172592	5794	0.98433	FALSE	ORF1ab:cds-YP_009724389.1	CCT	P	ACT	T	732
NC_045512.2	2459	C	A	5784	2371	38	1	0	37	0.000172592	5794	0.98433	FALSE	ORF1ab:cds-YP_009725295.1	CCT	P	ACT	T	732
NC_045512.2	2460	C	T	5772	2373	38	1	0	37	0.00017319	5774	0.984395	FALSE	ORF1ab:cds-YP_009724389.1	CCT	P	CTT	L	732
NC_045512.2	2460	C	T	5772	2373	38	1	0	37	0.00017319	5774	0.984395	FALSE	ORF1ab:cds-YP_009725295.1	CCT	P	CTT	L	732
NC_045512.2	2460	C	A	5772	2373	38	1	0	37	0.00017319	5774	0.984395	FALSE	ORF1ab:cds-YP_009724389.1	CCT	P	CAT	H	732
NC_045512.2	2460	C	A	5772	2373	38	1	0	37	0.00017319	5774	0.984395	FALSE	ORF1ab:cds-YP_009725295.1	CCT	P	CAT	H	732
NC_045512.2	2461	T	G	5422	1998	38	1	0	37	0.000184366	5424	0.984397	FALSE	ORF1ab:cds-YP_009724389.1	CCT	P	CCG	P	732
NC_045512.2	2461	T	G	5422	1998	38	1	0	37	0.000184366	5424	0.984397	FALSE	ORF1ab:cds-YP_009725295.1	CCT	P	CCG	P	732
NC_045512.2	2461	T	C	5422	1998	38	1	1	25	0.000184366	5424	1	FALSE	ORF1ab:cds-YP_009724389.1	CCT	P	CCC	P	732
NC_045512.2	2461	T	C	5422	1998	38	1	1	25	0.000184366	5424	1	FALSE	ORF1ab:cds-YP_009725295.1	CCT	P	CCC	P	732
NC_045512.2	2463	T	C	4900	1997	37	1	0	37	0.00020404	4901	0.968798	FALSE	ORF1ab:cds-YP_009724389.1	CTA	L	CCA	P	733
NC_045512.2	2463	T	C	4900	1997	37	1	0	37	0.00020404	4901	0.968798	FALSE	ORF1ab:cds-YP_009725295.1	CTA	L	CCA	P	733
NC_045512.2	2463	T	-A	4900	1997	37	1	0	20	0.00020404	4901	1	FALSE	NA	NA	NA	NA	NA	NA
NC_045512.2	2464	A	C	4894	2014	37	1	0	25	0.00020429	4895	1	FALSE	ORF1ab:cds-YP_009724389.1	CTA	L	CTC	L	733
NC_045512.2	2464	A	C	4894	2014	37	1	0	25	0.00020429	4895	1	FALSE	ORF1ab:cds-YP_009725295.1	CTA	L	CTC	L	733
NC_045512.2	2465	A	G	4908	1953	37	2	2	31	0.000407332	4910	0.890744	FALSE	ORF1ab:cds-YP_009724389.1	AAA	K	GAA	E	734
NC_045512.2	2465	A	G	4908	1953	37	2	2	31	0.000407332	4910	0.890744	FALSE	ORF1ab:cds-YP_009725295.1	AAA	K	GAA	E	734
NC_045512.2	2465	A	+G	4908	1953	37	1	0	20	0.000203666	4910	1	FALSE	NA	NA	NA	NA	NA	NA
NC_045512.2	2466	A	C	4867	1880	37	1	1	37	0.000205423	4868	0.968798	FALSE	ORF1ab:cds-YP_009724389.1	AAA	K	ACA	T	734
NC_045512.2	2466	A	C	4867	1880	37	1	1	37	0.000205423	4868	0.968798	FALSE	ORF1ab:cds-YP_009725295.1	AAA	K	ACA	T	734
NC_045512.2	2467	A	T	5388	2530	38	1	0	25	0.000185529	5390	1	FALSE	ORF1ab:cds-YP_009724389.1	AAA	K	AAT	N	734
NC_045512.2	2467	A	T	5388	2530	38	1	0	25	0.000185529	5390	1	FALSE	ORF1ab:cds-YP_009725295.1	AAA	K	AAT	N	734
NC_045512.2	2467	A	G	5388	2530	38	1	1	37	0.000185529	5390	0.984397	FALSE	ORF1ab:cds-YP_009724389.1	AAA	K	AAG	K	734
NC_045512.2	2467	A	G	5388	2530	38	1	1	37	0.000185529	5390	0.984397	FALSE	ORF1ab:cds-YP_009725295.1	AAA	K	AAG	K	734
NC_045512.2	2468	G	T	5531	2699	38	1	0	25	0.000180668	5535	1	FALSE	ORF1ab:cds-YP_009724389.1	GCC	A	TCC	S	735
NC_045512.2	2468	G	T	5531	2699	38	1	0	25	0.000180668	5535	1	FALSE	ORF1ab:cds-YP_009725295.1	GCC	A	TCC	S	735
NC_045512.2	2468	G	A	5531	2699	38	3	3	37	0.000542005	5535	0.855558	FALSE	ORF1ab:cds-YP_009724389.1	GCC	A	ACC	T	735
NC_045512.2	2468	G	A	5531	2699	38	3	3	37	0.000542005	5535	0.855558	FALSE	ORF1ab:cds-YP_009725295.1	GCC	A	ACC	T	735
NC_045512.2	2469	C	T	5712	2838	39	4	3	37	0.00069979	5716	0.746266	FALSE	ORF1ab:cds-YP_009724389.1	GCC	A	GTC	V	735
NC_045512.2	2469	C	T	5712	2838	39	4	3	37	0.00069979	5716	0.746266	FALSE	ORF1ab:cds-YP_009725295.1	GCC	A	GTC	V	735
NC_045512.2	2471	C	A	5438	2835	38	2	1	37	0.000367647	5440	0.93759	FALSE	ORF1ab:cds-YP_009724389.1	CCA	P	ACA	T	736
NC_045512.2	2471	C	A	5438	2835	38	2	1	37	0.000367647	5440	0.93759	FALSE	ORF1ab:cds-YP_009725295.1	CCA	P	ACA	T	736
NC_045512.2	2473	A	T	5529	2922	39	1	1	37	0.000180701	5534	0.984371	FALSE	ORF1ab:cds-YP_009724389.1	CCA	P	CCT	P	736
NC_045512.2	2473	A	T	5529	2922	39	1	1	37	0.000180701	5534	0.984371	FALSE	ORF1ab:cds-YP_009725295.1	CCA	P	CCT	P	736
NC_045512.2	2473	A	G	5529	2922	39	1	0	37	0.000180701	5534	0.984371	FALSE	ORF1ab:cds-YP_009724389.1	CCA	P	CCG	P	736
NC_045512.2	2473	A	G	5529	2922	39	1	0	37	0.000180701	5534	0.984371	FALSE	ORF1ab:cds-YP_009725295.1	CCA	P	CCG	P	736
NC_045512.2	2473	A	C	5529	2922	39	3	1	33	0.000542103	5534	0.855498	FALSE	ORF1ab:cds-YP_009724389.1	CCA	P	CCC	P	736
NC_045512.2	2473	A	C	5529	2922	39	3	1	33	0.000542103	5534	0.855498	FALSE	ORF1ab:cds-YP_009725295.1	CCA	P	CCC	P	736
NC_045512.2	2474	A	G	5454	2841	38	2	1	37	0.000366502	5457	0.93756	FALSE	ORF1ab:cds-YP_009724389.1	AAA	K	GAA	E	737
NC_045512.2	2474	A	G	5454	2841	38	2	1	37	0.000366502	5457	0.93756	FALSE	ORF1ab:cds-YP_009725295.1	AAA	K	GAA	E	737
NC_045512.2	2474	A	C	5454	2841	38	1	1	25	0.000183251	5457	1	FALSE	ORF1ab:cds-YP_009724389.1	AAA	K	CAA	Q	737
NC_045512.2	2474	A	C	5454	2841	38	1	1	25	0.000183251	5457	1	FALSE	ORF1ab:cds-YP_009725295.1	AAA	K	CAA	Q	737
NC_045512.2	2475	A	C	5196	2723	38	4	4	27	0.000769231	5200	1	FALSE	ORF1ab:cds-YP_009724389.1	AAA	K	ACA	T	737
NC_045512.2	2475	A	C	5196	2723	38	4	4	27	0.000769231	5200	1	FALSE	ORF1ab:cds-YP_009725295.1	AAA	K	ACA	T	737
NC_045512.2	2476	A	G	5271	2850	38	1	1	37	0.000189573	5275	0.984379	FALSE	ORF1ab:cds-YP_009724389.1	AAA	K	AAG	K	737
NC_045512.2	2476	A	G	5271	2850	38	1	1	37	0.000189573	5275	0.984379	FALSE	ORF1ab:cds-YP_009725295.1	AAA	K	AAG	K	737
NC_045512.2	2476	A	C	5271	2850	38	3	2	29	0.00056872	5275	1	FALSE	ORF1ab:cds-YP_009724389.1	AAA	K	AAC	N	737
NC_045512.2	2476	A	C	5271	2850	38	3	2	29	0.00056872	5275	1	FALSE	ORF1ab:cds-YP_009725295.1	AAA	K	AAC	N	737
NC_045512.2	2479	A	G	5738	3489	39	1	1	37	0.000174155	5742	0.984379	FALSE	ORF1ab:cds-YP_009724389.1	GAA	E	GAG	E	738
NC_045512.2	2479	A	G	5738	3489	39	1	1	37	0.000174155	5742	0.984379	FALSE	ORF1ab:cds-YP_009725295.1	GAA	E	GAG	E	738
NC_045512.2	2479	A	C	5738	3489	39	3	2	25	0.000522466	5742	1	FALSE	ORF1ab:cds-YP_009724389.1	GAA	E	GAC	D	738
NC_045512.2	2479	A	C	5738	3489	39	3	2	25	0.000522466	5742	1	FALSE	ORF1ab:cds-YP_009725295.1	GAA	E	GAC	D	738
NC_045512.2	2480	A	G	5757	3465	39	3	2	37	0.000520743	5761	0.855554	FALSE	ORF1ab:cds-YP_009724389.1	ATT	I	GTT	V	739
NC_045512.2	2480	A	G	5757	3465	39	3	2	37	0.000520743	5761	0.855554	FALSE	ORF1ab:cds-YP_009725295.1	ATT	I	GTT	V	739
NC_045512.2	2480	A	C	5757	3465	39	1	0	25	0.000173581	5761	1	FALSE	ORF1ab:cds-YP_009724389.1	ATT	I	CTT	L	739
NC_045512.2	2480	A	C	5757	3465	39	1	0	25	0.000173581	5761	1	FALSE	ORF1ab:cds-YP_009725295.1	ATT	I	CTT	L	739
NC_045512.2	2480	A	-T	5757	3465	39	1	0	20	0.000173581	5761	1	FALSE	NA	NA	NA	NA	NA	NA
NC_045512.2	2481	T	G	5767	3486	39	4	3	28	0.000693001	5772	1	FALSE	ORF1ab:cds-YP_009724389.1	ATT	I	AGT	S	739
NC_045512.2	2481	T	G	5767	3486	39	4	3	28	0.000693001	5772	1	FALSE	ORF1ab:cds-YP_009725295.1	ATT	I	AGT	S	739
NC_045512.2	2481	T	C	5767	3486	39	1	1	37	0.00017325	5772	0.984363	FALSE	ORF1ab:cds-YP_009724389.1	ATT	I	ACT	T	739
NC_045512.2	2481	T	C	5767	3486	39	1	1	37	0.00017325	5772	0.984363	FALSE	ORF1ab:cds-YP_009725295.1	ATT	I	ACT	T	739
NC_045512.2	2482	T	G	5862	3575	39	3	2	30	0.000511509	5865	0.855609	FALSE	ORF1ab:cds-YP_009724389.1	ATT	I	ATG	M	739
NC_045512.2	2482	T	G	5862	3575	39	3	2	30	0.000511509	5865	0.855609	FALSE	ORF1ab:cds-YP_009725295.1	ATT	I	ATG	M	739
NC_045512.2	2483	A	G	5875	3573	39	1	1	37	0.000170097	5879	0.984379	FALSE	ORF1ab:cds-YP_009724389.1	ATC	I	GTC	V	740
NC_045512.2	2483	A	G	5875	3573	39	1	1	37	0.000170097	5879	0.984379	FALSE	ORF1ab:cds-YP_009725295.1	ATC	I	GTC	V	740
NC_045512.2	2483	A	C	5875	3573	39	3	2	33	0.000510291	5879	0.855553	FALSE	ORF1ab:cds-YP_009724389.1	ATC	I	CTC	L	740
NC_045512.2	2483	A	C	5875	3573	39	3	2	33	0.000510291	5879	0.855553	FALSE	ORF1ab:cds-YP_009725295.1	ATC	I	CTC	L	740
NC_045512.2	2485	C	T	6012	3774	39	1	1	37	0.000166306	6013	0.992206	FALSE	ORF1ab:cds-YP_009724389.1	ATC	I	ATT	I	740
NC_045512.2	2485	C	T	6012	3774	39	1	1	37	0.000166306	6013	0.992206	FALSE	ORF1ab:cds-YP_009725295.1	ATC	I	ATT	I	740
NC_045512.2	2486	T	G	5747	3537	39	4	2	37	0.000695531	5751	0.746265	FALSE	ORF1ab:cds-YP_009724389.1	TTC	F	GTC	V	741
NC_045512.2	2486	T	G	5747	3537	39	4	2	37	0.000695531	5751	0.746265	FALSE	ORF1ab:cds-YP_009725295.1	TTC	F	GTC	V	741
NC_045512.2	2487	T	C	5821	3587	39	1	0	48	0.000171762	5822	0.500043	FALSE	ORF1ab:cds-YP_009724389.1	TTC	F	TCC	S	741
NC_045512.2	2487	T	C	5821	3587	39	1	0	48	0.000171762	5822	0.500043	FALSE	ORF1ab:cds-YP_009725295.1	TTC	F	TCC	S	741
NC_045512.2	2488	C	G	5914	3734	39	1	0	20	0.000169062	5915	1	FALSE	ORF1ab:cds-YP_009724389.1	TTC	F	TTG	L	741
NC_045512.2	2488	C	G	5914	3734	39	1	0	20	0.000169062	5915	1	FALSE	ORF1ab:cds-YP_009725295.1	TTC	F	TTG	L	741
NC_045512.2	2489	T	G	5734	3673	39	1	0	29	0.000174368	5735	1	FALSE	ORF1ab:cds-YP_009724389.1	TTA	L	GTA	V	742
NC_045512.2	2489	T	G	5734	3673	39	1	0	29	0.000174368	5735	1	FALSE	ORF1ab:cds-YP_009725295.1	TTA	L	GTA	V	742
NC_045512.2	2490	T	G	5773	3711	39	2	1	27	0.00034632	5775	1	FALSE	ORF1ab:cds-YP_009724389.1	TTA	L	TGA	*	742
NC_045512.2	2490	T	G	5773	3711	39	2	1	27	0.00034632	5775	1	FALSE	ORF1ab:cds-YP_009725295.1	TTA	L	TGA	*	742
NC_045512.2	2491	A	G	5934	3810	39	1	1	37	0.000168492	5935	0.984403	FALSE	ORF1ab:cds-YP_009724389.1	TTA	L	TTG	L	742
NC_045512.2	2491	A	G	5934	3810	39	1	1	37	0.000168492	5935	0.984403	FALSE	ORF1ab:cds-YP_009725295.1	TTA	L	TTG	L	742
NC_045512.2	2492	G	C	6000	3799	40	1	0	37	0.000166639	6001	0.992206	FALSE	ORF1ab:cds-YP_009724389.1	GAG	E	CAG	Q	743
NC_045512.2	2492	G	C	6000	3799	40	1	0	37	0.000166639	6001	0.992206	FALSE	ORF1ab:cds-YP_009725295.1	GAG	E	CAG	Q	743
NC_045512.2	2493	A	G	6045	3949	40	1	0	37	0.000165399	6046	0.992206	FALSE	ORF1ab:cds-YP_009724389.1	GAG	E	GGG	G	743
NC_045512.2	2493	A	G	6045	3949	40	1	0	37	0.000165399	6046	0.992206	FALSE	ORF1ab:cds-YP_009725295.1	GAG	E	GGG	G	743
NC_045512.2	2495	G	T	6082	3914	40	2	1	43	0.000328731	6084	0.250021	FALSE	ORF1ab:cds-YP_009724389.1	GGA	G	TGA	*	744
NC_045512.2	2495	G	T	6082	3914	40	2	1	43	0.000328731	6084	0.250021	FALSE	ORF1ab:cds-YP_009725295.1	GGA	G	TGA	*	744
NC_045512.2	2496	G	A	6174	3958	40	2	2	37	0.000323834	6176	0.964906	FALSE	ORF1ab:cds-YP_009724389.1	GGA	G	GAA	E	744
NC_045512.2	2496	G	A	6174	3958	40	2	2	37	0.000323834	6176	0.964906	FALSE	ORF1ab:cds-YP_009725295.1	GGA	G	GAA	E	744
NC_045512.2	2497	A	T	6201	3978	40	1	1	25	0.000161212	6203	1	FALSE	ORF1ab:cds-YP_009724389.1	GGA	G	GGT	G	744
NC_045512.2	2497	A	T	6201	3978	40	1	1	25	0.000161212	6203	1	FALSE	ORF1ab:cds-YP_009725295.1	GGA	G	GGT	G	744
NC_045512.2	2497	A	G	6201	3978	40	1	0	37	0.000161212	6203	0.992201	FALSE	ORF1ab:cds-YP_009724389.1	GGA	G	GGG	G	744
NC_045512.2	2497	A	G	6201	3978	40	1	0	37	0.000161212	6203	0.992201	FALSE	ORF1ab:cds-YP_009725295.1	GGA	G	GGG	G	744
NC_045512.2	2499	A	T	6213	3988	40	1	1	37	0.000160927	6214	0.992205	FALSE	ORF1ab:cds-YP_009724389.1	GAA	E	GTA	V	745
NC_045512.2	2499	A	T	6213	3988	40	1	1	37	0.000160927	6214	0.992205	FALSE	ORF1ab:cds-YP_009725295.1	GAA	E	GTA	V	745
NC_045512.2	2500	A	G	6184	4039	40	2	1	55	0.000323311	6186	0.25002	FALSE	ORF1ab:cds-YP_009724389.1	GAA	E	GAG	E	745
NC_045512.2	2500	A	G	6184	4039	40	2	1	55	0.000323311	6186	0.25002	FALSE	ORF1ab:cds-YP_009725295.1	GAA	E	GAG	E	745
NC_045512.2	2501	A	G	6107	4038	40	2	1	37	0.000327279	6111	0.964871	FALSE	ORF1ab:cds-YP_009724389.1	ACA	T	GCA	A	746
NC_045512.2	2501	A	G	6107	4038	40	2	1	37	0.000327279	6111	0.964871	FALSE	ORF1ab:cds-YP_009725295.1	ACA	T	GCA	A	746
NC_045512.2	2501	A	C	6107	4038	40	2	1	31	0.000327279	6111	0.964871	FALSE	ORF1ab:cds-YP_009724389.1	ACA	T	CCA	P	746
NC_045512.2	2501	A	C	6107	4038	40	2	1	31	0.000327279	6111	0.964871	FALSE	ORF1ab:cds-YP_009725295.1	ACA	T	CCA	P	746
NC_045512.2	2502	C	T	6227	4728	39	1	0	37	0.000160565	6228	0.992205	FALSE	ORF1ab:cds-YP_009724389.1	ACA	T	ATA	I	746
NC_045512.2	2502	C	T	6227	4728	39	1	0	37	0.000160565	6228	0.992205	FALSE	ORF1ab:cds-YP_009725295.1	ACA	T	ATA	I	746
NC_045512.2	2503	A	T	5932	4436	39	1	1	25	0.000168464	5936	1	FALSE	ORF1ab:cds-YP_009724389.1	ACA	T	ACT	T	746
NC_045512.2	2503	A	T	5932	4436	39	1	1	25	0.000168464	5936	1	FALSE	ORF1ab:cds-YP_009725295.1	ACA	T	ACT	T	746
NC_045512.2	2503	A	C	5932	4436	39	3	3	49	0.000505391	5936	0.124968	FALSE	ORF1ab:cds-YP_009724389.1	ACA	T	ACC	T	746
NC_045512.2	2503	A	C	5932	4436	39	3	3	49	0.000505391	5936	0.124968	FALSE	ORF1ab:cds-YP_009725295.1	ACA	T	ACC	T	746
NC_045512.2	2504	C	T	6010	4639	39	3	3	29	0.000498919	6013	1	FALSE	ORF1ab:cds-YP_009724389.1	CTT	L	TTT	F	747
NC_045512.2	2504	C	T	6010	4639	39	3	3	29	0.000498919	6013	1	FALSE	ORF1ab:cds-YP_009725295.1	CTT	L	TTT	F	747
NC_045512.2	2505	T	G	5216	3866	37	4	4	26	0.000766284	5220	1	FALSE	ORF1ab:cds-YP_009724389.1	CTT	L	CGT	R	747
NC_045512.2	2505	T	G	5216	3866	37	4	4	26	0.000766284	5220	1	FALSE	ORF1ab:cds-YP_009725295.1	CTT	L	CGT	R	747
NC_045512.2	2506	T	G	5701	4355	39	1	1	25	0.000175316	5704	1	FALSE	ORF1ab:cds-YP_009724389.1	CTT	L	CTG	L	747
NC_045512.2	2506	T	G	5701	4355	39	1	1	25	0.000175316	5704	1	FALSE	ORF1ab:cds-YP_009725295.1	CTT	L	CTG	L	747
NC_045512.2	2506	T	C	5701	4355	39	2	1	37	0.000350631	5704	0.937558	FALSE	ORF1ab:cds-YP_009724389.1	CTT	L	CTC	L	747
NC_045512.2	2506	T	C	5701	4355	39	2	1	37	0.000350631	5704	0.937558	FALSE	ORF1ab:cds-YP_009725295.1	CTT	L	CTC	L	747
NC_045512.2	2507	C	G	6006	4687	40	5	5	37	0.000831808	6011	0.725774	FALSE	ORF1ab:cds-YP_009724389.1	CCC	P	GCC	A	748
NC_045512.2	2507	C	G	6006	4687	40	5	5	37	0.000831808	6011	0.725774	FALSE	ORF1ab:cds-YP_009725295.1	CCC	P	GCC	A	748
NC_045512.2	2508	C	T	6025	4705	39	1	1	25	0.00016592	6027	1	FALSE	ORF1ab:cds-YP_009724389.1	CCC	P	CTC	L	748
NC_045512.2	2508	C	T	6025	4705	39	1	1	25	0.00016592	6027	1	FALSE	ORF1ab:cds-YP_009725295.1	CCC	P	CTC	L	748
NC_045512.2	2508	C	G	6025	4705	39	1	1	37	0.00016592	6027	0.992201	FALSE	ORF1ab:cds-YP_009724389.1	CCC	P	CGC	R	748
NC_045512.2	2508	C	G	6025	4705	39	1	1	37	0.00016592	6027	0.992201	FALSE	ORF1ab:cds-YP_009725295.1	CCC	P	CGC	R	748
NC_045512.2	2510	A	C	5912	4803	39	1	0	25	0.000169119	5913	1	FALSE	ORF1ab:cds-YP_009724389.1	ACA	T	CCA	P	749
NC_045512.2	2510	A	C	5912	4803	39	1	0	25	0.000169119	5913	1	FALSE	ORF1ab:cds-YP_009725295.1	ACA	T	CCA	P	749
NC_045512.2	2511	C	T	5973	4861	39	1	0	37	0.000167364	5975	0.984395	FALSE	ORF1ab:cds-YP_009724389.1	ACA	T	ATA	I	749
NC_045512.2	2511	C	T	5973	4861	39	1	0	37	0.000167364	5975	0.984395	FALSE	ORF1ab:cds-YP_009725295.1	ACA	T	ATA	I	749
NC_045512.2	2511	C	A	5973	4861	39	1	0	37	0.000167364	5975	0.984395	FALSE	ORF1ab:cds-YP_009724389.1	ACA	T	AAA	K	749
NC_045512.2	2511	C	A	5973	4861	39	1	0	37	0.000167364	5975	0.984395	FALSE	ORF1ab:cds-YP_009725295.1	ACA	T	AAA	K	749
NC_045512.2	2512	A	T	6720	5752	39	1	1	25	0.000148765	6722	1	FALSE	ORF1ab:cds-YP_009724389.1	ACA	T	ACT	T	749
NC_045512.2	2512	A	T	6720	5752	39	1	1	25	0.000148765	6722	1	FALSE	ORF1ab:cds-YP_009725295.1	ACA	T	ACT	T	749
NC_045512.2	2512	A	G	6720	5752	39	1	1	25	0.000148765	6722	1	FALSE	ORF1ab:cds-YP_009724389.1	ACA	T	ACG	T	749
NC_045512.2	2512	A	G	6720	5752	39	1	1	25	0.000148765	6722	1	FALSE	ORF1ab:cds-YP_009725295.1	ACA	T	ACG	T	749
NC_045512.2	2513	G	A	6904	5963	40	1	1	37	0.000144823	6905	0.992203	FALSE	ORF1ab:cds-YP_009724389.1	GAA	E	AAA	K	750
NC_045512.2	2513	G	A	6904	5963	40	1	1	37	0.000144823	6905	0.992203	FALSE	ORF1ab:cds-YP_009725295.1	GAA	E	AAA	K	750
NC_045512.2	2513	G	-AA	6904	5963	40	8	0	20	0.00115858	6905	1	FALSE	NA	NA	NA	NA	NA	NA
NC_045512.2	2513	G	-A	6904	5963	40	3	0	20	0.000434468	6905	1	FALSE	NA	NA	NA	NA	NA	NA
NC_045512.2	2514	A	C	6765	5893	39	2	2	25	0.000295552	6767	1	FALSE	ORF1ab:cds-YP_009724389.1	GAA	E	GCA	A	750
NC_045512.2	2514	A	C	6765	5893	39	2	2	25	0.000295552	6767	1	FALSE	ORF1ab:cds-YP_009725295.1	GAA	E	GCA	A	750
NC_045512.2	2515	A	G	6640	5790	39	1	0	37	0.000150489	6645	0.992155	FALSE	ORF1ab:cds-YP_009724389.1	GAA	E	GAG	E	750
NC_045512.2	2515	A	G	6640	5790	39	1	0	37	0.000150489	6645	0.992155	FALSE	ORF1ab:cds-YP_009725295.1	GAA	E	GAG	E	750
NC_045512.2	2515	A	C	6640	5790	39	4	3	26	0.000601956	6645	1	FALSE	ORF1ab:cds-YP_009724389.1	GAA	E	GAC	D	750
NC_045512.2	2515	A	C	6640	5790	39	4	3	26	0.000601956	6645	1	FALSE	ORF1ab:cds-YP_009725295.1	GAA	E	GAC	D	750
NC_045512.2	2516	G	A	6889	5995	39	2	2	31	0.000290234	6891	0.964899	FALSE	ORF1ab:cds-YP_009724389.1	GTG	V	ATG	M	751
NC_045512.2	2516	G	A	6889	5995	39	2	2	31	0.000290234	6891	0.964899	FALSE	ORF1ab:cds-YP_009725295.1	GTG	V	ATG	M	751
NC_045512.2	2517	T	G	6719	5856	39	1	1	37	0.00014881	6720	0.992204	FALSE	ORF1ab:cds-YP_009724389.1	GTG	V	GGG	G	751
NC_045512.2	2517	T	G	6719	5856	39	1	1	37	0.00014881	6720	0.992204	FALSE	ORF1ab:cds-YP_009725295.1	GTG	V	GGG	G	751
NC_045512.2	2518	G	T	6751	5846	40	1	1	74	0.000148104	6752	0.500037	FALSE	ORF1ab:cds-YP_009724389.1	GTG	V	GTT	V	751
NC_045512.2	2518	G	T	6751	5846	40	1	1	74	0.000148104	6752	0.500037	FALSE	ORF1ab:cds-YP_009725295.1	GTG	V	GTT	V	751
NC_045512.2	2519	T	G	7011	6165	40	2	2	37	0.000285144	7014	0.980499	FALSE	ORF1ab:cds-YP_009724389.1	TTA	L	GTA	V	752
NC_045512.2	2519	T	G	7011	6165	40	2	2	37	0.000285144	7014	0.980499	FALSE	ORF1ab:cds-YP_009725295.1	TTA	L	GTA	V	752
NC_045512.2	2519	T	C	7011	6165	40	1	0	37	0.000142572	7014	0.996099	FALSE	ORF1ab:cds-YP_009724389.1	TTA	L	CTA	L	752
NC_045512.2	2519	T	C	7011	6165	40	1	0	37	0.000142572	7014	0.996099	FALSE	ORF1ab:cds-YP_009725295.1	TTA	L	CTA	L	752
NC_045512.2	2521	A	G	7144	6304	40	2	2	29	0.000279877	7146	1	FALSE	ORF1ab:cds-YP_009724389.1	TTA	L	TTG	L	752
NC_045512.2	2521	A	G	7144	6304	40	2	2	29	0.000279877	7146	1	FALSE	ORF1ab:cds-YP_009725295.1	TTA	L	TTG	L	752
NC_045512.2	2523	C	T	7078	6243	40	3	3	37	0.000423669	7081	0.945399	FALSE	ORF1ab:cds-YP_009724389.1	ACA	T	ATA	I	753
NC_045512.2	2523	C	T	7078	6243	40	3	3	37	0.000423669	7081	0.945399	FALSE	ORF1ab:cds-YP_009725295.1	ACA	T	ATA	I	753
NC_045512.2	2524	A	G	2344	2045	40	4446	3913	40	0.654786	6790	0	TRUE	ORF1ab:cds-YP_009724389.1	ACA	T	ACG	T	753
NC_045512.2	2524	A	G	2344	2045	40	4446	3913	40	0.654786	6790	0	TRUE	ORF1ab:cds-YP_009725295.1	ACA	T	ACG	T	753
NC_045512.2	2526	A	T	6517	5743	39	1	1	25	0.000153304	6523	1	FALSE	ORF1ab:cds-YP_009724389.1	GAG	E	GTG	V	754
NC_045512.2	2526	A	T	6517	5743	39	1	1	25	0.000153304	6523	1	FALSE	ORF1ab:cds-YP_009725295.1	GAG	E	GTG	V	754
NC_045512.2	2526	A	G	6517	5743	39	2	2	37	0.000306607	6523	0.964835	FALSE	ORF1ab:cds-YP_009724389.1	GAG	E	GGG	G	754
NC_045512.2	2526	A	G	6517	5743	39	2	2	37	0.000306607	6523	0.964835	FALSE	ORF1ab:cds-YP_009725295.1	GAG	E	GGG	G	754
NC_045512.2	2526	A	C	6517	5743	39	3	2	33	0.000459911	6523	0.910156	FALSE	ORF1ab:cds-YP_009724389.1	GAG	E	GCG	A	754
NC_045512.2	2526	A	C	6517	5743	39	3	2	33	0.000459911	6523	0.910156	FALSE	ORF1ab:cds-YP_009725295.1	GAG	E	GCG	A	754
NC_045512.2	2527	G	T	6412	5686	39	1	1	25	0.000155933	6413	1	FALSE	ORF1ab:cds-YP_009724389.1	GAG	E	GAT	D	754
NC_045512.2	2527	G	T	6412	5686	39	1	1	25	0.000155933	6413	1	FALSE	ORF1ab:cds-YP_009725295.1	GAG	E	GAT	D	754
NC_045512.2	2530	A	G	6454	5822	38	3	2	30	0.000464612	6457	0.910271	FALSE	ORF1ab:cds-YP_009724389.1	GAA	E	GAG	E	755
NC_045512.2	2530	A	G	6454	5822	38	3	2	30	0.000464612	6457	0.910271	FALSE	ORF1ab:cds-YP_009725295.1	GAA	E	GAG	E	755
NC_045512.2	2531	G	C	6577	5858	39	1	0	74	0.000151976	6580	0.499962	FALSE	ORF1ab:cds-YP_009724389.1	GTT	V	CTT	L	756
NC_045512.2	2531	G	C	6577	5858	39	1	0	74	0.000151976	6580	0.499962	FALSE	ORF1ab:cds-YP_009725295.1	GTT	V	CTT	L	756
NC_045512.2	2531	G	A	6577	5858	39	2	1	31	0.000303951	6580	0.964885	FALSE	ORF1ab:cds-YP_009724389.1	GTT	V	ATT	I	756
NC_045512.2	2531	G	A	6577	5858	39	2	1	31	0.000303951	6580	0.964885	FALSE	ORF1ab:cds-YP_009725295.1	GTT	V	ATT	I	756
NC_045512.2	2532	T	C	6415	5727	39	2	2	37	0.000311672	6417	0.964903	FALSE	ORF1ab:cds-YP_009724389.1	GTT	V	GCT	A	756
NC_045512.2	2532	T	C	6415	5727	39	2	2	37	0.000311672	6417	0.964903	FALSE	ORF1ab:cds-YP_009725295.1	GTT	V	GCT	A	756
NC_045512.2	2533	T	C	6489	5799	39	2	2	31	0.000308119	6491	0.964903	FALSE	ORF1ab:cds-YP_009724389.1	GTT	V	GTC	V	756
NC_045512.2	2533	T	C	6489	5799	39	2	2	31	0.000308119	6491	0.964903	FALSE	ORF1ab:cds-YP_009725295.1	GTT	V	GTC	V	756
NC_045512.2	2536	C	T	6294	5607	39	3	3	37	0.000476417	6297	0.910273	FALSE	ORF1ab:cds-YP_009724389.1	GTC	V	GTT	V	757
NC_045512.2	2536	C	T	6294	5607	39	3	3	37	0.000476417	6297	0.910273	FALSE	ORF1ab:cds-YP_009725295.1	GTC	V	GTT	V	757
NC_045512.2	2537	T	C	6423	5748	39	3	3	49	0.000466781	6427	0.124971	FALSE	ORF1ab:cds-YP_009724389.1	TTG	L	CTG	L	758
NC_045512.2	2537	T	C	6423	5748	39	3	3	49	0.000466781	6427	0.124971	FALSE	ORF1ab:cds-YP_009725295.1	TTG	L	CTG	L	758
NC_045512.2	2537	T	A	6423	5748	39	1	0	37	0.000155594	6427	0.992192	FALSE	ORF1ab:cds-YP_009724389.1	TTG	L	ATG	M	758
NC_045512.2	2537	T	A	6423	5748	39	1	0	37	0.000155594	6427	0.992192	FALSE	ORF1ab:cds-YP_009725295.1	TTG	L	ATG	M	758
NC_045512.2	2539	G	A	6413	5784	39	2	2	37	0.000311769	6415	0.964903	FALSE	ORF1ab:cds-YP_009724389.1	TTG	L	TTA	L	758
NC_045512.2	2539	G	A	6413	5784	39	2	2	37	0.000311769	6415	0.964903	FALSE	ORF1ab:cds-YP_009725295.1	TTG	L	TTA	L	758
NC_045512.2	2540	A	G	6437	5813	39	1	1	37	0.000155328	6438	0.992204	FALSE	ORF1ab:cds-YP_009724389.1	AAA	K	GAA	E	759
NC_045512.2	2540	A	G	6437	5813	39	1	1	37	0.000155328	6438	0.992204	FALSE	ORF1ab:cds-YP_009725295.1	AAA	K	GAA	E	759
NC_045512.2	2541	A	C	6359	5731	39	1	0	29	0.000157233	6360	1	FALSE	ORF1ab:cds-YP_009724389.1	AAA	K	ACA	T	759
NC_045512.2	2541	A	C	6359	5731	39	1	0	29	0.000157233	6360	1	FALSE	ORF1ab:cds-YP_009725295.1	AAA	K	ACA	T	759
NC_045512.2	2544	C	A	6354	5773	39	1	0	25	0.000157356	6355	1	FALSE	ORF1ab:cds-YP_009724389.1	ACT	T	AAT	N	760
NC_045512.2	2544	C	A	6354	5773	39	1	0	25	0.000157356	6355	1	FALSE	ORF1ab:cds-YP_009725295.1	ACT	T	AAT	N	760
NC_045512.2	2545	T	C	6200	5619	39	1	1	37	0.000161238	6202	0.992201	FALSE	ORF1ab:cds-YP_009724389.1	ACT	T	ACC	T	760
NC_045512.2	2545	T	C	6200	5619	39	1	1	37	0.000161238	6202	0.992201	FALSE	ORF1ab:cds-YP_009725295.1	ACT	T	ACC	T	760
NC_045512.2	2545	T	A	6200	5619	39	1	1	37	0.000161238	6202	0.992201	FALSE	ORF1ab:cds-YP_009724389.1	ACT	T	ACA	T	760
NC_045512.2	2545	T	A	6200	5619	39	1	1	37	0.000161238	6202	0.992201	FALSE	ORF1ab:cds-YP_009725295.1	ACT	T	ACA	T	760
NC_045512.2	2546	G	A	6194	5617	39	2	2	31	0.000322789	6196	0.964906	FALSE	ORF1ab:cds-YP_009724389.1	GGT	G	AGT	S	761
NC_045512.2	2546	G	A	6194	5617	39	2	2	31	0.000322789	6196	0.964906	FALSE	ORF1ab:cds-YP_009725295.1	GGT	G	AGT	S	761
NC_045512.2	2547	G	T	6161	5601	38	1	0	37	0.000162206	6165	0.992192	FALSE	ORF1ab:cds-YP_009724389.1	GGT	G	GTT	V	761
NC_045512.2	2547	G	T	6161	5601	38	1	0	37	0.000162206	6165	0.992192	FALSE	ORF1ab:cds-YP_009725295.1	GGT	G	GTT	V	761
NC_045512.2	2547	G	A	6161	5601	38	3	3	37	0.000486618	6165	0.910236	FALSE	ORF1ab:cds-YP_009724389.1	GGT	G	GAT	D	761
NC_045512.2	2547	G	A	6161	5601	38	3	3	37	0.000486618	6165	0.910236	FALSE	ORF1ab:cds-YP_009725295.1	GGT	G	GAT	D	761
NC_045512.2	2547	G	-T	6161	5601	38	1	0	20	0.000162206	6165	1	FALSE	NA	NA	NA	NA	NA	NA
NC_045512.2	2548	T	G	6106	5681	38	1	1	25	0.000163747	6107	1	FALSE	ORF1ab:cds-YP_009724389.1	GGT	G	GGG	G	761
NC_045512.2	2548	T	G	6106	5681	38	1	1	25	0.000163747	6107	1	FALSE	ORF1ab:cds-YP_009725295.1	GGT	G	GGG	G	761
NC_045512.2	2549	G	T	6105	5685	38	1	1	37	0.000163773	6106	0.992205	FALSE	ORF1ab:cds-YP_009724389.1	GAT	D	TAT	Y	762
NC_045512.2	2549	G	T	6105	5685	38	1	1	37	0.000163773	6106	0.992205	FALSE	ORF1ab:cds-YP_009725295.1	GAT	D	TAT	Y	762
NC_045512.2	2550	A	G	6085	5661	38	1	1	25	0.000164312	6086	1	FALSE	ORF1ab:cds-YP_009724389.1	GAT	D	GGT	G	762
NC_045512.2	2550	A	G	6085	5661	38	1	1	25	0.000164312	6086	1	FALSE	ORF1ab:cds-YP_009725295.1	GAT	D	GGT	G	762
NC_045512.2	2551	T	G	5959	5540	38	1	1	37	0.000167757	5961	0.984395	FALSE	ORF1ab:cds-YP_009724389.1	GAT	D	GAG	E	762
NC_045512.2	2551	T	G	5959	5540	38	1	1	37	0.000167757	5961	0.984395	FALSE	ORF1ab:cds-YP_009725295.1	GAT	D	GAG	E	762
NC_045512.2	2551	T	A	5959	5540	38	1	1	25	0.000167757	5961	1	FALSE	ORF1ab:cds-YP_009724389.1	GAT	D	GAA	E	762
NC_045512.2	2551	T	A	5959	5540	38	1	1	25	0.000167757	5961	1	FALSE	ORF1ab:cds-YP_009725295.1	GAT	D	GAA	E	762
NC_045512.2	2552	T	G	5921	5509	37	3	3	29	0.000506329	5925	1	FALSE	ORF1ab:cds-YP_009724389.1	TTA	L	GTA	V	763
NC_045512.2	2552	T	G	5921	5509	37	3	3	29	0.000506329	5925	1	FALSE	ORF1ab:cds-YP_009725295.1	TTA	L	GTA	V	763
NC_045512.2	2552	T	C	5921	5509	37	1	1	37	0.000168776	5925	0.984379	FALSE	ORF1ab:cds-YP_009724389.1	TTA	L	CTA	L	763
NC_045512.2	2552	T	C	5921	5509	37	1	1	37	0.000168776	5925	0.984379	FALSE	ORF1ab:cds-YP_009725295.1	TTA	L	CTA	L	763
NC_045512.2	2553	T	G	5929	5664	37	1	1	37	0.000168549	5933	0.984379	FALSE	ORF1ab:cds-YP_009724389.1	TTA	L	TGA	*	763
NC_045512.2	2553	T	G	5929	5664	37	1	1	37	0.000168549	5933	0.984379	FALSE	ORF1ab:cds-YP_009725295.1	TTA	L	TGA	*	763
NC_045512.2	2553	T	C	5929	5664	37	2	2	37	0.000337098	5933	0.937528	FALSE	ORF1ab:cds-YP_009724389.1	TTA	L	TCA	S	763
NC_045512.2	2553	T	C	5929	5664	37	2	2	37	0.000337098	5933	0.937528	FALSE	ORF1ab:cds-YP_009725295.1	TTA	L	TCA	S	763
NC_045512.2	2553	T	A	5929	5664	37	1	1	37	0.000168549	5933	0.984379	FALSE	ORF1ab:cds-YP_009724389.1	TTA	L	TAA	*	763
NC_045512.2	2553	T	A	5929	5664	37	1	1	37	0.000168549	5933	0.984379	FALSE	ORF1ab:cds-YP_009725295.1	TTA	L	TAA	*	763
NC_045512.2	2554	A	T	6001	5735	37	1	1	37	0.0001665	6006	0.992188	FALSE	ORF1ab:cds-YP_009724389.1	TTA	L	TTT	F	763
NC_045512.2	2554	A	T	6001	5735	37	1	1	37	0.0001665	6006	0.992188	FALSE	ORF1ab:cds-YP_009725295.1	TTA	L	TTT	F	763
NC_045512.2	2554	A	G	6001	5735	37	2	2	31	0.000333	6006	0.964853	FALSE	ORF1ab:cds-YP_009724389.1	TTA	L	TTG	L	763
NC_045512.2	2554	A	G	6001	5735	37	2	2	31	0.000333	6006	0.964853	FALSE	ORF1ab:cds-YP_009725295.1	TTA	L	TTG	L	763
NC_045512.2	2554	A	C	6001	5735	37	2	2	25	0.000333	6006	1	FALSE	ORF1ab:cds-YP_009724389.1	TTA	L	TTC	F	763
NC_045512.2	2554	A	C	6001	5735	37	2	2	25	0.000333	6006	1	FALSE	ORF1ab:cds-YP_009725295.1	TTA	L	TTC	F	763
NC_045512.2	2555	C	T	6040	5776	37	3	3	49	0.000496442	6043	0.125	FALSE	ORF1ab:cds-YP_009724389.1	CAA	Q	TAA	*	764
NC_045512.2	2555	C	T	6040	5776	37	3	3	49	0.000496442	6043	0.125	FALSE	ORF1ab:cds-YP_009725295.1	CAA	Q	TAA	*	764
NC_045512.2	2557	A	T	5807	5545	36	1	1	37	0.000172147	5809	0.984395	FALSE	ORF1ab:cds-YP_009724389.1	CAA	Q	CAT	H	764
NC_045512.2	2557	A	T	5807	5545	36	1	1	37	0.000172147	5809	0.984395	FALSE	ORF1ab:cds-YP_009725295.1	CAA	Q	CAT	H	764
NC_045512.2	2557	A	G	5807	5545	36	1	1	37	0.000172147	5809	0.984395	FALSE	ORF1ab:cds-YP_009724389.1	CAA	Q	CAG	Q	764
NC_045512.2	2557	A	G	5807	5545	36	1	1	37	0.000172147	5809	0.984395	FALSE	ORF1ab:cds-YP_009725295.1	CAA	Q	CAG	Q	764
NC_045512.2	2562	T	G	5874	5624	37	1	1	25	0.000170184	5876	1	FALSE	ORF1ab:cds-YP_009724389.1	TTA	L	TGA	*	766
NC_045512.2	2562	T	G	5874	5624	37	1	1	25	0.000170184	5876	1	FALSE	ORF1ab:cds-YP_009725295.1	TTA	L	TGA	*	766
NC_045512.2	2562	T	C	5874	5624	37	1	1	37	0.000170184	5876	0.984395	FALSE	ORF1ab:cds-YP_009724389.1	TTA	L	TCA	S	766
NC_045512.2	2562	T	C	5874	5624	37	1	1	37	0.000170184	5876	0.984395	FALSE	ORF1ab:cds-YP_009725295.1	TTA	L	TCA	S	766
NC_045512.2	2564	G	T	5875	5632	37	1	1	37	0.000170097	5879	0.984379	FALSE	ORF1ab:cds-YP_009724389.1	GAA	E	TAA	*	767
NC_045512.2	2564	G	T	5875	5632	37	1	1	37	0.000170097	5879	0.984379	FALSE	ORF1ab:cds-YP_009725295.1	GAA	E	TAA	*	767
NC_045512.2	2564	G	C	5875	5632	37	3	3	37	0.000510291	5879	0.855553	FALSE	ORF1ab:cds-YP_009724389.1	GAA	E	CAA	Q	767
NC_045512.2	2564	G	C	5875	5632	37	3	3	37	0.000510291	5879	0.855553	FALSE	ORF1ab:cds-YP_009725295.1	GAA	E	CAA	Q	767
NC_045512.2	2565	A	G	5690	5441	36	1	1	37	0.000175685	5692	0.984396	FALSE	ORF1ab:cds-YP_009724389.1	GAA	E	GGA	G	767
NC_045512.2	2565	A	G	5690	5441	36	1	1	37	0.000175685	5692	0.984396	FALSE	ORF1ab:cds-YP_009725295.1	GAA	E	GGA	G	767
NC_045512.2	2565	A	C	5690	5441	36	1	1	25	0.000175685	5692	1	FALSE	ORF1ab:cds-YP_009724389.1	GAA	E	GCA	A	767
NC_045512.2	2565	A	C	5690	5441	36	1	1	25	0.000175685	5692	1	FALSE	ORF1ab:cds-YP_009725295.1	GAA	E	GCA	A	767
NC_045512.2	2566	A	G	5288	5043	36	2	2	25	0.000377715	5295	1	FALSE	ORF1ab:cds-YP_009724389.1	GAA	E	GAG	E	767
NC_045512.2	2566	A	G	5288	5043	36	2	2	25	0.000377715	5295	1	FALSE	ORF1ab:cds-YP_009725295.1	GAA	E	GAG	E	767
NC_045512.2	2566	A	C	5288	5043	36	5	4	25	0.000944287	5295	1	FALSE	ORF1ab:cds-YP_009724389.1	GAA	E	GAC	D	767
NC_045512.2	2566	A	C	5288	5043	36	5	4	25	0.000944287	5295	1	FALSE	ORF1ab:cds-YP_009725295.1	GAA	E	GAC	D	767
NC_045512.2	2568	A	C	4722	4460	36	5	4	27	0.00105775	4727	1	FALSE	ORF1ab:cds-YP_009724389.1	CAA	Q	CCA	P	768
NC_045512.2	2568	A	C	4722	4460	36	5	4	27	0.00105775	4727	1	FALSE	ORF1ab:cds-YP_009725295.1	CAA	Q	CCA	P	768
NC_045512.2	2569	A	C	4507	4247	36	6	6	29	0.00132949	4513	1	FALSE	ORF1ab:cds-YP_009724389.1	CAA	Q	CAC	H	768
NC_045512.2	2569	A	C	4507	4247	36	6	6	29	0.00132949	4513	1	FALSE	ORF1ab:cds-YP_009725295.1	CAA	Q	CAC	H	768
NC_045512.2	2572	T	C	4886	4635	37	1	1	37	0.000204625	4887	0.968798	FALSE	ORF1ab:cds-YP_009724389.1	CCT	P	CCC	P	769
NC_045512.2	2572	T	C	4886	4635	37	1	1	37	0.000204625	4887	0.968798	FALSE	ORF1ab:cds-YP_009725295.1	CCT	P	CCC	P	769
NC_045512.2	2573	A	C	4723	4473	37	1	1	37	0.000211685	4724	0.9688	FALSE	ORF1ab:cds-YP_009724389.1	ACT	T	CCT	P	770
NC_045512.2	2573	A	C	4723	4473	37	1	1	37	0.000211685	4724	0.9688	FALSE	ORF1ab:cds-YP_009725295.1	ACT	T	CCT	P	770
NC_045512.2	2574	C	A	4792	4539	37	1	1	37	0.000208638	4793	0.968799	FALSE	ORF1ab:cds-YP_009724389.1	ACT	T	AAT	N	770
NC_045512.2	2574	C	A	4792	4539	37	1	1	37	0.000208638	4793	0.968799	FALSE	ORF1ab:cds-YP_009725295.1	ACT	T	AAT	N	770
NC_045512.2	2575	T	G	4605	4353	36	1	1	25	0.000217061	4607	1	FALSE	ORF1ab:cds-YP_009724389.1	ACT	T	ACG	T	770
NC_045512.2	2575	T	G	4605	4353	36	1	1	25	0.000217061	4607	1	FALSE	ORF1ab:cds-YP_009725295.1	ACT	T	ACG	T	770
NC_045512.2	2575	T	C	4605	4353	36	1	1	37	0.000217061	4607	0.968784	FALSE	ORF1ab:cds-YP_009724389.1	ACT	T	ACC	T	770
NC_045512.2	2575	T	C	4605	4353	36	1	1	37	0.000217061	4607	0.968784	FALSE	ORF1ab:cds-YP_009725295.1	ACT	T	ACC	T	770
NC_045512.2	2576	A	G	4519	4265	36	1	1	37	0.00022119	4521	0.968785	FALSE	ORF1ab:cds-YP_009724389.1	AGT	S	GGT	G	771
NC_045512.2	2576	A	G	4519	4265	36	1	1	37	0.00022119	4521	0.968785	FALSE	ORF1ab:cds-YP_009725295.1	AGT	S	GGT	G	771
NC_045512.2	2576	A	C	4519	4265	36	1	1	25	0.00022119	4521	1	FALSE	ORF1ab:cds-YP_009724389.1	AGT	S	CGT	R	771
NC_045512.2	2576	A	C	4519	4265	36	1	1	25	0.00022119	4521	1	FALSE	ORF1ab:cds-YP_009725295.1	AGT	S	CGT	R	771
NC_045512.2	2577	G	A	4399	4146	36	1	1	37	0.000227273	4400	0.968803	FALSE	ORF1ab:cds-YP_009724389.1	AGT	S	AAT	N	771
NC_045512.2	2577	G	A	4399	4146	36	1	1	37	0.000227273	4400	0.968803	FALSE	ORF1ab:cds-YP_009725295.1	AGT	S	AAT	N	771
NC_045512.2	2578	T	A	3868	3637	37	1	1	25	0.000258465	3869	1	FALSE	ORF1ab:cds-YP_009724389.1	AGT	S	AGA	R	771
NC_045512.2	2578	T	A	3868	3637	37	1	1	25	0.000258465	3869	1	FALSE	ORF1ab:cds-YP_009725295.1	AGT	S	AGA	R	771
NC_045512.2	2579	G	A	3953	3724	37	1	1	25	0.000252908	3954	1	FALSE	ORF1ab:cds-YP_009724389.1	GAA	E	AAA	K	772
NC_045512.2	2579	G	A	3953	3724	37	1	1	25	0.000252908	3954	1	FALSE	ORF1ab:cds-YP_009725295.1	GAA	E	AAA	K	772
NC_045512.2	2579	G	-A	3953	3724	37	1	0	20	0.000252908	3954	1	FALSE	NA	NA	NA	NA	NA	NA
NC_045512.2	2580	A	G	3823	3598	37	2	1	31	0.000522739	3826	0.8125	FALSE	ORF1ab:cds-YP_009724389.1	GAA	E	GGA	G	772
NC_045512.2	2580	A	G	3823	3598	37	2	1	31	0.000522739	3826	0.8125	FALSE	ORF1ab:cds-YP_009725295.1	GAA	E	GGA	G	772
NC_045512.2	2580	A	C	3823	3598	37	1	0	37	0.00026137	3826	0.937484	FALSE	ORF1ab:cds-YP_009724389.1	GAA	E	GCA	A	772
NC_045512.2	2580	A	C	3823	3598	37	1	0	37	0.00026137	3826	0.937484	FALSE	ORF1ab:cds-YP_009725295.1	GAA	E	GCA	A	772
NC_045512.2	2581	A	C	3739	3520	36	3	3	25	0.00080171	3742	1	FALSE	ORF1ab:cds-YP_009724389.1	GAA	E	GAC	D	772
NC_045512.2	2581	A	C	3739	3520	36	3	3	25	0.00080171	3742	1	FALSE	ORF1ab:cds-YP_009725295.1	GAA	E	GAC	D	772
NC_045512.2	2582	G	A	3828	3608	37	2	2	37	0.000522193	3830	0.812663	FALSE	ORF1ab:cds-YP_009724389.1	GCT	A	ACT	T	773
NC_045512.2	2582	G	A	3828	3608	37	2	2	37	0.000522193	3830	0.812663	FALSE	ORF1ab:cds-YP_009725295.1	GCT	A	ACT	T	773
NC_045512.2	2583	C	A	3838	3619	37	1	1	37	0.000260485	3839	0.937581	FALSE	ORF1ab:cds-YP_009724389.1	GCT	A	GAT	D	773
NC_045512.2	2583	C	A	3838	3619	37	1	1	37	0.000260485	3839	0.937581	FALSE	ORF1ab:cds-YP_009725295.1	GCT	A	GAT	D	773
NC_045512.2	2586	T	A	3725	3511	37	1	0	37	0.000268384	3726	0.937584	FALSE	ORF1ab:cds-YP_009724389.1	GTT	V	GAT	D	774
NC_045512.2	2586	T	A	3725	3511	37	1	0	37	0.000268384	3726	0.937584	FALSE	ORF1ab:cds-YP_009725295.1	GTT	V	GAT	D	774
NC_045512.2	2589	A	G	3728	3529	37	2	2	37	0.000536193	3730	0.812668	FALSE	ORF1ab:cds-YP_009724389.1	GAA	E	GGA	G	775
NC_045512.2	2589	A	G	3728	3529	37	2	2	37	0.000536193	3730	0.812668	FALSE	ORF1ab:cds-YP_009725295.1	GAA	E	GGA	G	775
NC_045512.2	2590	A	G	3663	3466	36	1	1	37	0.000272926	3664	0.937585	FALSE	ORF1ab:cds-YP_009724389.1	GAA	E	GAG	E	775
NC_045512.2	2590	A	G	3663	3466	36	1	1	37	0.000272926	3664	0.937585	FALSE	ORF1ab:cds-YP_009725295.1	GAA	E	GAG	E	775
NC_045512.2	2591	G	A	3726	3526	37	1	1	37	0.000268312	3727	0.937584	FALSE	ORF1ab:cds-YP_009724389.1	GCT	A	ACT	T	776
NC_045512.2	2591	G	A	3726	3526	37	1	1	37	0.000268312	3727	0.937584	FALSE	ORF1ab:cds-YP_009725295.1	GCT	A	ACT	T	776
NC_045512.2	2593	T	A	3649	3453	37	1	0	25	0.000273973	3650	1	FALSE	ORF1ab:cds-YP_009724389.1	GCT	A	GCA	A	776
NC_045512.2	2593	T	A	3649	3453	37	1	0	25	0.000273973	3650	1	FALSE	ORF1ab:cds-YP_009725295.1	GCT	A	GCA	A	776
NC_045512.2	2594	C	A	3483	3289	37	3	3	37	0.000860585	3486	0.656452	FALSE	ORF1ab:cds-YP_009724389.1	CCA	P	ACA	T	777
NC_045512.2	2594	C	A	3483	3289	37	3	3	37	0.000860585	3486	0.656452	FALSE	ORF1ab:cds-YP_009725295.1	CCA	P	ACA	T	777
NC_045512.2	2596	A	T	3383	3221	36	1	0	37	0.000295508	3384	0.937592	FALSE	ORF1ab:cds-YP_009724389.1	CCA	P	CCT	P	777
NC_045512.2	2596	A	T	3383	3221	36	1	0	37	0.000295508	3384	0.937592	FALSE	ORF1ab:cds-YP_009725295.1	CCA	P	CCT	P	777
NC_045512.2	2598	T	G	3355	3219	36	1	1	37	0.000297974	3356	0.937593	FALSE	ORF1ab:cds-YP_009724389.1	TTG	L	TGG	W	778
NC_045512.2	2598	T	G	3355	3219	36	1	1	37	0.000297974	3356	0.937593	FALSE	ORF1ab:cds-YP_009725295.1	TTG	L	TGG	W	778
NC_045512.2	2650	C	T	39	5	40	15	2	44	0.277778	54	1.14769e-05	TRUE	ORF1ab:cds-YP_009724389.1	GAC	D	GAT	D	795
NC_045512.2	2650	C	T	39	5	40	15	2	44	0.277778	54	1.14769e-05	TRUE	ORF1ab:cds-YP_009725295.1	GAC	D	GAT	D	795
NC_045512.2	2678	A	C	54	23	41	1	0	25	0.0181818	55	0.504587	FALSE	ORF1ab:cds-YP_009724389.1	AAT	N	CAT	H	805
NC_045512.2	2678	A	C	54	23	41	1	0	25	0.0181818	55	0.504587	FALSE	ORF1ab:cds-YP_009725295.1	AAT	N	CAT	H	805
NC_045512.2	2737	T	G	47	27	37	1	0	25	0.0208333	48	0.505263	FALSE	ORF1ab:cds-YP_009724389.1	ACT	T	ACG	T	824
NC_045512.2	2737	T	G	47	27	37	1	0	25	0.0208333	48	0.505263	FALSE	ORF1ab:cds-YP_009725295.1	ACT	T	ACG	T	824
NC_045512.2	2790	C	T	0	0	0	49	34	42	1	49	7.85003e-29	TRUE	ORF1ab:cds-YP_009724389.1	ACT	T	ATT	I	842
NC_045512.2	2790	C	T	0	0	0	49	34	42	1	49	7.85003e-29	TRUE	ORF1ab:cds-YP_009725295.1	ACT	T	ATT	I	842
NC_045512.2	3294	C	A	27	6	39	1	0	25	0.0357143	28	0.509091	FALSE	ORF1ab:cds-YP_009724389.1	CCT	P	CAT	H	1010
NC_045512.2	3294	C	A	27	6	39	1	0	25	0.0357143	28	0.509091	FALSE	ORF1ab:cds-YP_009725295.1	CCT	P	CAT	H	1010
NC_045512.2	3347	T	G	28	7	39	1	0	25	0.0344828	29	0.508772	FALSE	ORF1ab:cds-YP_009724389.1	TTT	F	GTT	V	1028
NC_045512.2	3347	T	G	28	7	39	1	0	25	0.0344828	29	0.508772	FALSE	ORF1ab:cds-YP_009725295.1	TTT	F	GTT	V	1028
NC_045512.2	3375	A	G	35	10	40	1	1	37	0.0277778	36	0.507042	FALSE	ORF1ab:cds-YP_009724389.1	AAT	N	AGT	S	1037
NC_045512.2	3375	A	G	35	10	40	1	1	37	0.0277778	36	0.507042	FALSE	ORF1ab:cds-YP_009725295.1	AAT	N	AGT	S	1037
NC_045512.2	3406	A	C	39	18	39	1	0	37	0.025	40	0.506329	FALSE	ORF1ab:cds-YP_009724389.1	GAA	E	GAC	D	1047
NC_045512.2	3406	A	C	39	18	39	1	0	37	0.025	40	0.506329	FALSE	ORF1ab:cds-YP_009725295.1	GAA	E	GAC	D	1047
NC_045512.2	3513	T	G	25	24	39	1	1	25	0.0384615	26	0.509804	FALSE	ORF1ab:cds-YP_009724389.1	ATG	M	AGG	R	1083
NC_045512.2	3513	T	G	25	24	39	1	1	25	0.0384615	26	0.509804	FALSE	ORF1ab:cds-YP_009725295.1	ATG	M	AGG	R	1083
NC_045512.2	3552	C	A	1620	62	36	1	0	37	0.000616903	1621	0.750231	FALSE	ORF1ab:cds-YP_009724389.1	CCA	P	CAA	Q	1096
NC_045512.2	3552	C	A	1620	62	36	1	0	37	0.000616903	1621	0.750231	FALSE	ORF1ab:cds-YP_009725295.1	CCA	P	CAA	Q	1096
NC_045512.2	3553	A	G	1824	64	37	1	0	37	0.000547945	1825	0.750206	FALSE	ORF1ab:cds-YP_009724389.1	CCA	P	CCG	P	1096
NC_045512.2	3553	A	G	1824	64	37	1	0	37	0.000547945	1825	0.750206	FALSE	ORF1ab:cds-YP_009725295.1	CCA	P	CCG	P	1096
NC_045512.2	3556	T	C	2129	73	36	1	0	37	0.000469484	2130	0.875176	FALSE	ORF1ab:cds-YP_009724389.1	CTT	L	CTC	L	1097
NC_045512.2	3556	T	C	2129	73	36	1	0	37	0.000469484	2130	0.875176	FALSE	ORF1ab:cds-YP_009725295.1	CTT	L	CTC	L	1097
NC_045512.2	3557	A	G	2196	64	36	1	0	37	0.000455166	2197	0.875171	FALSE	ORF1ab:cds-YP_009724389.1	AAA	K	GAA	E	1098
NC_045512.2	3557	A	G	2196	64	36	1	0	37	0.000455166	2197	0.875171	FALSE	ORF1ab:cds-YP_009725295.1	AAA	K	GAA	E	1098
NC_045512.2	3558	A	G	2196	61	36	1	0	37	0.000454959	2198	0.875085	FALSE	ORF1ab:cds-YP_009724389.1	AAA	K	AGA	R	1098
NC_045512.2	3558	A	G	2196	61	36	1	0	37	0.000454959	2198	0.875085	FALSE	ORF1ab:cds-YP_009725295.1	AAA	K	AGA	R	1098
NC_045512.2	3558	A	C	2196	61	36	1	0	25	0.000454959	2198	1	FALSE	ORF1ab:cds-YP_009724389.1	AAA	K	ACA	T	1098
NC_045512.2	3558	A	C	2196	61	36	1	0	25	0.000454959	2198	1	FALSE	ORF1ab:cds-YP_009725295.1	AAA	K	ACA	T	1098
NC_045512.2	3559	A	T	2176	62	36	1	0	37	0.000459137	2178	0.875086	FALSE	ORF1ab:cds-YP_009724389.1	AAA	K	AAT	N	1098
NC_045512.2	3559	A	T	2176	62	36	1	0	37	0.000459137	2178	0.875086	FALSE	ORF1ab:cds-YP_009725295.1	AAA	K	AAT	N	1098
NC_045512.2	3559	A	C	2176	62	36	1	1	25	0.000459137	2178	1	FALSE	ORF1ab:cds-YP_009724389.1	AAA	K	AAC	N	1098
NC_045512.2	3559	A	C	2176	62	36	1	1	25	0.000459137	2178	1	FALSE	ORF1ab:cds-YP_009725295.1	AAA	K	AAC	N	1098
NC_045512.2	3561	T	G	2223	85	36	1	1	37	0.00044964	2224	0.875169	FALSE	ORF1ab:cds-YP_009724389.1	GTG	V	GGG	G	1099
NC_045512.2	3561	T	G	2223	85	36	1	1	37	0.00044964	2224	0.875169	FALSE	ORF1ab:cds-YP_009725295.1	GTG	V	GGG	G	1099
NC_045512.2	3566	G	T	2608	187	38	1	0	25	0.000383289	2609	1	FALSE	ORF1ab:cds-YP_009724389.1	GGT	G	TGT	C	1101
NC_045512.2	3566	G	T	2608	187	38	1	0	25	0.000383289	2609	1	FALSE	ORF1ab:cds-YP_009725295.1	GGT	G	TGT	C	1101
NC_045512.2	3568	T	C	2636	188	37	1	0	25	0.000379219	2637	1	FALSE	ORF1ab:cds-YP_009724389.1	GGT	G	GGC	G	1101
NC_045512.2	3568	T	C	2636	188	37	1	0	25	0.000379219	2637	1	FALSE	ORF1ab:cds-YP_009725295.1	GGT	G	GGC	G	1101
NC_045512.2	3573	G	A	2766	193	38	1	1	74	0.000361402	2767	0.50009	FALSE	ORF1ab:cds-YP_009724389.1	TGT	C	TAT	Y	1103
NC_045512.2	3573	G	A	2766	193	38	1	1	74	0.000361402	2767	0.50009	FALSE	ORF1ab:cds-YP_009725295.1	TGT	C	TAT	Y	1103
NC_045512.2	3574	T	C	2759	195	37	1	0	37	0.000362319	2760	0.875136	FALSE	ORF1ab:cds-YP_009724389.1	TGT	C	TGC	C	1103
NC_045512.2	3574	T	C	2759	195	37	1	0	37	0.000362319	2760	0.875136	FALSE	ORF1ab:cds-YP_009725295.1	TGT	C	TGC	C	1103
NC_045512.2	3576	T	G	2794	194	37	1	0	25	0.000357782	2795	1	FALSE	ORF1ab:cds-YP_009724389.1	GTT	V	GGT	G	1104
NC_045512.2	3576	T	G	2794	194	37	1	0	25	0.000357782	2795	1	FALSE	ORF1ab:cds-YP_009725295.1	GTT	V	GGT	G	1104
NC_045512.2	3580	A	G	2824	192	38	1	0	37	0.000353982	2825	0.875133	FALSE	ORF1ab:cds-YP_009724389.1	TTA	L	TTG	L	1105
NC_045512.2	3580	A	G	2824	192	38	1	0	37	0.000353982	2825	0.875133	FALSE	ORF1ab:cds-YP_009725295.1	TTA	L	TTG	L	1105
NC_045512.2	3583	C	T	2836	215	38	3	1	45	0.00105671	2839	0.125	FALSE	ORF1ab:cds-YP_009724389.1	AGC	S	AGT	S	1106
NC_045512.2	3583	C	T	2836	215	38	3	1	45	0.00105671	2839	0.125	FALSE	ORF1ab:cds-YP_009725295.1	AGC	S	AGT	S	1106
NC_045512.2	3584	G	A	2877	210	37	1	1	37	0.000347464	2878	0.87513	FALSE	ORF1ab:cds-YP_009724389.1	GGA	G	AGA	R	1107
NC_045512.2	3584	G	A	2877	210	37	1	1	37	0.000347464	2878	0.87513	FALSE	ORF1ab:cds-YP_009725295.1	GGA	G	AGA	R	1107
NC_045512.2	3587	C	T	3124	218	38	1	0	37	0.00032	3125	0.9376	FALSE	ORF1ab:cds-YP_009724389.1	CAC	H	TAC	Y	1108
NC_045512.2	3587	C	T	3124	218	38	1	0	37	0.00032	3125	0.9376	FALSE	ORF1ab:cds-YP_009725295.1	CAC	H	TAC	Y	1108
NC_045512.2	3588	A	T	3044	210	37	1	1	37	0.000328407	3045	0.937603	FALSE	ORF1ab:cds-YP_009724389.1	CAC	H	CTC	L	1108
NC_045512.2	3588	A	T	3044	210	37	1	1	37	0.000328407	3045	0.937603	FALSE	ORF1ab:cds-YP_009725295.1	CAC	H	CTC	L	1108
NC_045512.2	3590	A	C	3196	218	37	1	0	37	0.000312793	3197	0.937598	FALSE	ORF1ab:cds-YP_009724389.1	AAT	N	CAT	H	1109
NC_045512.2	3590	A	C	3196	218	37	1	0	37	0.000312793	3197	0.937598	FALSE	ORF1ab:cds-YP_009725295.1	AAT	N	CAT	H	1109
NC_045512.2	3591	A	C	3181	212	37	1	0	25	0.000314268	3182	1	FALSE	ORF1ab:cds-YP_009724389.1	AAT	N	ACT	T	1109
NC_045512.2	3591	A	C	3181	212	37	1	0	25	0.000314268	3182	1	FALSE	ORF1ab:cds-YP_009725295.1	AAT	N	ACT	T	1109
NC_045512.2	3592	T	G	3183	220	37	1	0	25	0.000313972	3185	1	FALSE	ORF1ab:cds-YP_009724389.1	AAT	N	AAG	K	1109
NC_045512.2	3592	T	G	3183	220	37	1	0	25	0.000313972	3185	1	FALSE	ORF1ab:cds-YP_009725295.1	AAT	N	AAG	K	1109
NC_045512.2	3592	T	C	3183	220	37	1	0	37	0.000313972	3185	0.937559	FALSE	ORF1ab:cds-YP_009724389.1	AAT	N	AAC	N	1109
NC_045512.2	3592	T	C	3183	220	37	1	0	37	0.000313972	3185	0.937559	FALSE	ORF1ab:cds-YP_009725295.1	AAT	N	AAC	N	1109
NC_045512.2	3593	C	A	3286	236	38	1	0	37	0.000304229	3287	0.937595	FALSE	ORF1ab:cds-YP_009724389.1	CTT	L	ATT	I	1110
NC_045512.2	3593	C	A	3286	236	38	1	0	37	0.000304229	3287	0.937595	FALSE	ORF1ab:cds-YP_009725295.1	CTT	L	ATT	I	1110
NC_045512.2	3594	T	C	3251	247	38	1	0	37	0.000307409	3253	0.937558	FALSE	ORF1ab:cds-YP_009724389.1	CTT	L	CCT	P	1110
NC_045512.2	3594	T	C	3251	247	38	1	0	37	0.000307409	3253	0.937558	FALSE	ORF1ab:cds-YP_009725295.1	CTT	L	CCT	P	1110
NC_045512.2	3594	T	A	3251	247	38	1	0	37	0.000307409	3253	0.937558	FALSE	ORF1ab:cds-YP_009724389.1	CTT	L	CAT	H	1110
NC_045512.2	3594	T	A	3251	247	38	1	0	37	0.000307409	3253	0.937558	FALSE	ORF1ab:cds-YP_009725295.1	CTT	L	CAT	H	1110
NC_045512.2	3596	G	A	3611	246	38	2	0	31	0.000553557	3613	0.812673	FALSE	ORF1ab:cds-YP_009724389.1	GCT	A	ACT	T	1111
NC_045512.2	3596	G	A	3611	246	38	2	0	31	0.000553557	3613	0.812673	FALSE	ORF1ab:cds-YP_009725295.1	GCT	A	ACT	T	1111
NC_045512.2	3597	C	T	3541	246	37	1	0	37	0.000282326	3542	0.937588	FALSE	ORF1ab:cds-YP_009724389.1	GCT	A	GTT	V	1111
NC_045512.2	3597	C	T	3541	246	37	1	0	37	0.000282326	3542	0.937588	FALSE	ORF1ab:cds-YP_009725295.1	GCT	A	GTT	V	1111
NC_045512.2	3598	T	C	3632	292	38	1	0	37	0.000275179	3634	0.937552	FALSE	ORF1ab:cds-YP_009724389.1	GCT	A	GCC	A	1111
NC_045512.2	3598	T	C	3632	292	38	1	0	37	0.000275179	3634	0.937552	FALSE	ORF1ab:cds-YP_009725295.1	GCT	A	GCC	A	1111
NC_045512.2	3598	T	A	3632	292	38	1	0	25	0.000275179	3634	1	FALSE	ORF1ab:cds-YP_009724389.1	GCT	A	GCA	A	1111
NC_045512.2	3598	T	A	3632	292	38	1	0	25	0.000275179	3634	1	FALSE	ORF1ab:cds-YP_009725295.1	GCT	A	GCA	A	1111
NC_045512.2	3599	A	C	3645	303	38	1	0	25	0.000274273	3646	1	FALSE	ORF1ab:cds-YP_009724389.1	AAA	K	CAA	Q	1112
NC_045512.2	3599	A	C	3645	303	38	1	0	25	0.000274273	3646	1	FALSE	ORF1ab:cds-YP_009725295.1	AAA	K	CAA	Q	1112
NC_045512.2	3600	A	G	3687	377	39	3	3	37	0.000813008	3690	0.656441	FALSE	ORF1ab:cds-YP_009724389.1	AAA	K	AGA	R	1112
NC_045512.2	3600	A	G	3687	377	39	3	3	37	0.000813008	3690	0.656441	FALSE	ORF1ab:cds-YP_009725295.1	AAA	K	AGA	R	1112
NC_045512.2	3602	C	A	3812	390	39	1	0	37	0.000262261	3813	0.937582	FALSE	ORF1ab:cds-YP_009724389.1	CAC	H	AAC	N	1113
NC_045512.2	3602	C	A	3812	390	39	1	0	37	0.000262261	3813	0.937582	FALSE	ORF1ab:cds-YP_009725295.1	CAC	H	AAC	N	1113
NC_045512.2	3605	T	C	3809	397	39	1	0	74	0.000262467	3810	0.500066	FALSE	ORF1ab:cds-YP_009724389.1	TGT	C	CGT	R	1114
NC_045512.2	3605	T	C	3809	397	39	1	0	74	0.000262467	3810	0.500066	FALSE	ORF1ab:cds-YP_009725295.1	TGT	C	CGT	R	1114
NC_045512.2	3606	G	T	4470	404	39	1	0	37	0.000223564	4473	0.968767	FALSE	ORF1ab:cds-YP_009724389.1	TGT	C	TTT	F	1114
NC_045512.2	3606	G	T	4470	404	39	1	0	37	0.000223564	4473	0.968767	FALSE	ORF1ab:cds-YP_009725295.1	TGT	C	TTT	F	1114
NC_045512.2	3606	G	A	4470	404	39	2	0	37	0.000447127	4473	0.890704	FALSE	ORF1ab:cds-YP_009724389.1	TGT	C	TAT	Y	1114
NC_045512.2	3606	G	A	4470	404	39	2	0	37	0.000447127	4473	0.890704	FALSE	ORF1ab:cds-YP_009725295.1	TGT	C	TAT	Y	1114
NC_045512.2	3607	T	C	4349	399	39	2	0	36	0.000459664	4351	0.89076	FALSE	ORF1ab:cds-YP_009724389.1	TGT	C	TGC	C	1114
NC_045512.2	3607	T	C	4349	399	39	2	0	36	0.000459664	4351	0.89076	FALSE	ORF1ab:cds-YP_009725295.1	TGT	C	TGC	C	1114
NC_045512.2	3610	T	C	4444	406	39	1	0	37	0.000224921	4446	0.968785	FALSE	ORF1ab:cds-YP_009724389.1	CTT	L	CTC	L	1115
NC_045512.2	3610	T	C	4444	406	39	1	0	37	0.000224921	4446	0.968785	FALSE	ORF1ab:cds-YP_009725295.1	CTT	L	CTC	L	1115
NC_045512.2	3610	T	A	4444	406	39	1	0	29	0.000224921	4446	1	FALSE	ORF1ab:cds-YP_009724389.1	CTT	L	CTA	L	1115
NC_045512.2	3610	T	A	4444	406	39	1	0	29	0.000224921	4446	1	FALSE	ORF1ab:cds-YP_009725295.1	CTT	L	CTA	L	1115
NC_045512.2	3612	A	G	4467	445	39	1	0	37	0.000223764	4469	0.968785	FALSE	ORF1ab:cds-YP_009724389.1	CAT	H	CGT	R	1116
NC_045512.2	3612	A	G	4467	445	39	1	0	37	0.000223764	4469	0.968785	FALSE	ORF1ab:cds-YP_009725295.1	CAT	H	CGT	R	1116
NC_045512.2	3612	A	C	4467	445	39	1	0	25	0.000223764	4469	1	FALSE	ORF1ab:cds-YP_009724389.1	CAT	H	CCT	P	1116
NC_045512.2	3612	A	C	4467	445	39	1	0	25	0.000223764	4469	1	FALSE	ORF1ab:cds-YP_009725295.1	CAT	H	CCT	P	1116
NC_045512.2	3613	T	G	4432	451	39	1	1	74	0.000225581	4433	0.500056	FALSE	ORF1ab:cds-YP_009724389.1	CAT	H	CAG	Q	1116
NC_045512.2	3613	T	G	4432	451	39	1	1	74	0.000225581	4433	0.500056	FALSE	ORF1ab:cds-YP_009725295.1	CAT	H	CAG	Q	1116
NC_045512.2	3615	T	G	4501	507	40	1	0	29	0.000222124	4502	1	FALSE	ORF1ab:cds-YP_009724389.1	GTT	V	GGT	G	1117
NC_045512.2	3615	T	G	4501	507	40	1	0	29	0.000222124	4502	1	FALSE	ORF1ab:cds-YP_009725295.1	GTT	V	GGT	G	1117
NC_045512.2	3616	T	G	4578	509	40	1	0	37	0.000218388	4579	0.968801	FALSE	ORF1ab:cds-YP_009724389.1	GTT	V	GTG	V	1117
NC_045512.2	3616	T	G	4578	509	40	1	0	37	0.000218388	4579	0.968801	FALSE	ORF1ab:cds-YP_009725295.1	GTT	V	GTG	V	1117
NC_045512.2	3617	G	A	4545	527	40	1	0	37	0.000219974	4546	0.968802	FALSE	ORF1ab:cds-YP_009724389.1	GTC	V	ATC	I	1118
NC_045512.2	3617	G	A	4545	527	40	1	0	37	0.000219974	4546	0.968802	FALSE	ORF1ab:cds-YP_009725295.1	GTC	V	ATC	I	1118
NC_045512.2	3618	T	C	4563	527	40	1	0	37	0.000219106	4564	0.968801	FALSE	ORF1ab:cds-YP_009724389.1	GTC	V	GCC	A	1118
NC_045512.2	3618	T	C	4563	527	40	1	0	37	0.000219106	4564	0.968801	FALSE	ORF1ab:cds-YP_009725295.1	GTC	V	GCC	A	1118
NC_045512.2	3619	C	T	4561	526	41	5	0	37	0.00109505	4566	0.500135	FALSE	ORF1ab:cds-YP_009724389.1	GTC	V	GTT	V	1118
NC_045512.2	3619	C	T	4561	526	41	5	0	37	0.00109505	4566	0.500135	FALSE	ORF1ab:cds-YP_009725295.1	GTC	V	GTT	V	1118
NC_045512.2	3620	G	A	4525	529	40	1	0	37	0.000220946	4526	0.968802	FALSE	ORF1ab:cds-YP_009724389.1	GGC	G	AGC	S	1119
NC_045512.2	3620	G	A	4525	529	40	1	0	37	0.000220946	4526	0.968802	FALSE	ORF1ab:cds-YP_009725295.1	GGC	G	AGC	S	1119
NC_045512.2	3621	G	A	4732	524	40	7	0	42	0.0014771	4739	0.00780096	TRUE	ORF1ab:cds-YP_009724389.1	GGC	G	GAC	D	1119
NC_045512.2	3621	G	A	4732	524	40	7	0	42	0.0014771	4739	0.00780096	TRUE	ORF1ab:cds-YP_009725295.1	GGC	G	GAC	D	1119
NC_045512.2	3622	C	T	4712	534	40	3	0	37	0.000636267	4715	0.773612	FALSE	ORF1ab:cds-YP_009724389.1	GGC	G	GGT	G	1119
NC_045512.2	3622	C	T	4712	534	40	3	0	37	0.000636267	4715	0.773612	FALSE	ORF1ab:cds-YP_009725295.1	GGC	G	GGT	G	1119
NC_045512.2	3623	C	A	4739	534	40	2	0	37	0.000421852	4741	0.890749	FALSE	ORF1ab:cds-YP_009724389.1	CCA	P	ACA	T	1120
NC_045512.2	3623	C	A	4739	534	40	2	0	37	0.000421852	4741	0.890749	FALSE	ORF1ab:cds-YP_009725295.1	CCA	P	ACA	T	1120
NC_045512.2	3625	A	C	4728	545	40	1	0	25	0.000211461	4729	1	FALSE	ORF1ab:cds-YP_009724389.1	CCA	P	CCC	P	1120
NC_045512.2	3625	A	C	4728	545	40	1	0	25	0.000211461	4729	1	FALSE	ORF1ab:cds-YP_009725295.1	CCA	P	CCC	P	1120
NC_045512.2	3626	A	C	4698	542	40	2	0	31	0.000425532	4700	0.89075	FALSE	ORF1ab:cds-YP_009724389.1	AAT	N	CAT	H	1121
NC_045512.2	3626	A	C	4698	542	40	2	0	31	0.000425532	4700	0.89075	FALSE	ORF1ab:cds-YP_009725295.1	AAT	N	CAT	H	1121
NC_045512.2	3628	T	C	4629	573	40	1	1	74	0.000215983	4630	0.500054	FALSE	ORF1ab:cds-YP_009724389.1	AAT	N	AAC	N	1121
NC_045512.2	3628	T	C	4629	573	40	1	1	74	0.000215983	4630	0.500054	FALSE	ORF1ab:cds-YP_009725295.1	AAT	N	AAC	N	1121
NC_045512.2	3629	G	A	4657	599	40	2	1	37	0.000429277	4659	0.890751	FALSE	ORF1ab:cds-YP_009724389.1	GTT	V	ATT	I	1122
NC_045512.2	3629	G	A	4657	599	40	2	1	37	0.000429277	4659	0.890751	FALSE	ORF1ab:cds-YP_009725295.1	GTT	V	ATT	I	1122
NC_045512.2	3630	T	C	4496	615	40	1	0	37	0.00022237	4497	0.968802	FALSE	ORF1ab:cds-YP_009724389.1	GTT	V	GCT	A	1122
NC_045512.2	3630	T	C	4496	615	40	1	0	37	0.00022237	4497	0.968802	FALSE	ORF1ab:cds-YP_009725295.1	GTT	V	GCT	A	1122
NC_045512.2	3634	C	T	4426	667	40	1	0	37	0.000225887	4427	0.968803	FALSE	ORF1ab:cds-YP_009724389.1	AAC	N	AAT	N	1123
NC_045512.2	3634	C	T	4426	667	40	1	0	37	0.000225887	4427	0.968803	FALSE	ORF1ab:cds-YP_009725295.1	AAC	N	AAT	N	1123
NC_045512.2	3636	A	T	4383	646	39	1	0	37	0.00022805	4385	0.968786	FALSE	ORF1ab:cds-YP_009724389.1	AAA	K	ATA	I	1124
NC_045512.2	3636	A	T	4383	646	39	1	0	37	0.00022805	4385	0.968786	FALSE	ORF1ab:cds-YP_009725295.1	AAA	K	ATA	I	1124
NC_045512.2	3636	A	G	4383	646	39	1	0	37	0.00022805	4385	0.968786	FALSE	ORF1ab:cds-YP_009724389.1	AAA	K	AGA	R	1124
NC_045512.2	3636	A	G	4383	646	39	1	0	37	0.00022805	4385	0.968786	FALSE	ORF1ab:cds-YP_009725295.1	AAA	K	AGA	R	1124
NC_045512.2	3638	G	T	4676	714	39	2	0	37	0.000427533	4678	0.89075	FALSE	ORF1ab:cds-YP_009724389.1	GGT	G	TGT	C	1125
NC_045512.2	3638	G	T	4676	714	39	2	0	37	0.000427533	4678	0.89075	FALSE	ORF1ab:cds-YP_009725295.1	GGT	G	TGT	C	1125
NC_045512.2	3640	T	C	4483	740	39	2	0	37	0.000445831	4486	0.890703	FALSE	ORF1ab:cds-YP_009724389.1	GGT	G	GGC	G	1125
NC_045512.2	3640	T	C	4483	740	39	2	0	37	0.000445831	4486	0.890703	FALSE	ORF1ab:cds-YP_009725295.1	GGT	G	GGC	G	1125
NC_045512.2	3640	T	A	4483	740	39	1	0	37	0.000222916	4486	0.968767	FALSE	ORF1ab:cds-YP_009724389.1	GGT	G	GGA	G	1125
NC_045512.2	3640	T	A	4483	740	39	1	0	37	0.000222916	4486	0.968767	FALSE	ORF1ab:cds-YP_009725295.1	GGT	G	GGA	G	1125
NC_045512.2	3642	A	G	4459	775	39	2	0	37	0.00044833	4461	0.890756	FALSE	ORF1ab:cds-YP_009724389.1	GAA	E	GGA	G	1126
NC_045512.2	3642	A	G	4459	775	39	2	0	37	0.00044833	4461	0.890756	FALSE	ORF1ab:cds-YP_009725295.1	GAA	E	GGA	G	1126
NC_045512.2	3643	A	T	4374	872	39	2	0	37	0.000456934	4377	0.890705	FALSE	ORF1ab:cds-YP_009724389.1	GAA	E	GAT	D	1126
NC_045512.2	3643	A	T	4374	872	39	2	0	37	0.000456934	4377	0.890705	FALSE	ORF1ab:cds-YP_009725295.1	GAA	E	GAT	D	1126
NC_045512.2	3643	A	G	4374	872	39	1	0	37	0.000228467	4377	0.968768	FALSE	ORF1ab:cds-YP_009724389.1	GAA	E	GAG	E	1126
NC_045512.2	3643	A	G	4374	872	39	1	0	37	0.000228467	4377	0.968768	FALSE	ORF1ab:cds-YP_009725295.1	GAA	E	GAG	E	1126
NC_045512.2	3644	G	T	4259	1047	39	1	1	25	0.000234742	4260	1	FALSE	ORF1ab:cds-YP_009724389.1	GAC	D	TAC	Y	1127
NC_045512.2	3644	G	T	4259	1047	39	1	1	25	0.000234742	4260	1	FALSE	ORF1ab:cds-YP_009725295.1	GAC	D	TAC	Y	1127
NC_045512.2	3645	A	T	4343	1143	39	1	0	37	0.000230097	4346	0.968768	FALSE	ORF1ab:cds-YP_009724389.1	GAC	D	GTC	V	1127
NC_045512.2	3645	A	T	4343	1143	39	1	0	37	0.000230097	4346	0.968768	FALSE	ORF1ab:cds-YP_009725295.1	GAC	D	GTC	V	1127
NC_045512.2	3645	A	G	4343	1143	39	2	1	37	0.000460193	4346	0.890706	FALSE	ORF1ab:cds-YP_009724389.1	GAC	D	GGC	G	1127
NC_045512.2	3645	A	G	4343	1143	39	2	1	37	0.000460193	4346	0.890706	FALSE	ORF1ab:cds-YP_009725295.1	GAC	D	GGC	G	1127
NC_045512.2	3646	C	T	4485	1145	40	1	0	37	0.000222916	4486	0.968802	FALSE	ORF1ab:cds-YP_009724389.1	GAC	D	GAT	D	1127
NC_045512.2	3646	C	T	4485	1145	40	1	0	37	0.000222916	4486	0.968802	FALSE	ORF1ab:cds-YP_009725295.1	GAC	D	GAT	D	1127
NC_045512.2	3647	A	C	4482	1150	40	1	0	25	0.000223065	4483	1	FALSE	ORF1ab:cds-YP_009724389.1	ATT	I	CTT	L	1128
NC_045512.2	3647	A	C	4482	1150	40	1	0	25	0.000223065	4483	1	FALSE	ORF1ab:cds-YP_009725295.1	ATT	I	CTT	L	1128
NC_045512.2	3648	T	C	4504	1160	40	1	1	37	0.000221976	4505	0.968802	FALSE	ORF1ab:cds-YP_009724389.1	ATT	I	ACT	T	1128
NC_045512.2	3648	T	C	4504	1160	40	1	1	37	0.000221976	4505	0.968802	FALSE	ORF1ab:cds-YP_009725295.1	ATT	I	ACT	T	1128
NC_045512.2	3650	C	T	4494	1160	40	1	0	37	0.00022242	4496	0.968785	FALSE	ORF1ab:cds-YP_009724389.1	CAA	Q	TAA	*	1129
NC_045512.2	3650	C	T	4494	1160	40	1	0	37	0.00022242	4496	0.968785	FALSE	ORF1ab:cds-YP_009725295.1	CAA	Q	TAA	*	1129
NC_045512.2	3650	C	A	4494	1160	40	1	0	25	0.00022242	4496	1	FALSE	ORF1ab:cds-YP_009724389.1	CAA	Q	AAA	K	1129
NC_045512.2	3650	C	A	4494	1160	40	1	0	25	0.00022242	4496	1	FALSE	ORF1ab:cds-YP_009725295.1	CAA	Q	AAA	K	1129
NC_045512.2	3651	A	G	4504	1151	40	1	0	25	0.000221976	4505	1	FALSE	ORF1ab:cds-YP_009724389.1	CAA	Q	CGA	R	1129
NC_045512.2	3651	A	G	4504	1151	40	1	0	25	0.000221976	4505	1	FALSE	ORF1ab:cds-YP_009725295.1	CAA	Q	CGA	R	1129
NC_045512.2	3653	C	T	4455	1239	40	1	1	37	0.000224417	4456	0.968803	FALSE	ORF1ab:cds-YP_009724389.1	CTT	L	TTT	F	1130
NC_045512.2	3653	C	T	4455	1239	40	1	1	37	0.000224417	4456	0.968803	FALSE	ORF1ab:cds-YP_009725295.1	CTT	L	TTT	F	1130
NC_045512.2	3654	T	G	4368	1293	39	1	1	37	0.000228885	4369	0.968804	FALSE	ORF1ab:cds-YP_009724389.1	CTT	L	CGT	R	1130
NC_045512.2	3654	T	G	4368	1293	39	1	1	37	0.000228885	4369	0.968804	FALSE	ORF1ab:cds-YP_009725295.1	CTT	L	CGT	R	1130
NC_045512.2	3655	T	C	4839	1798	40	1	1	37	0.000206612	4840	0.968798	FALSE	ORF1ab:cds-YP_009724389.1	CTT	L	CTC	L	1130
NC_045512.2	3655	T	C	4839	1798	40	1	1	37	0.000206612	4840	0.968798	FALSE	ORF1ab:cds-YP_009725295.1	CTT	L	CTC	L	1130
NC_045512.2	3658	T	C	4976	1888	40	2	0	37	0.000401768	4978	0.890743	FALSE	ORF1ab:cds-YP_009724389.1	CTT	L	CTC	L	1131
NC_045512.2	3658	T	C	4976	1888	40	2	0	37	0.000401768	4978	0.890743	FALSE	ORF1ab:cds-YP_009725295.1	CTT	L	CTC	L	1131
NC_045512.2	3659	A	G	4956	1841	40	1	0	37	0.000201735	4957	0.968797	FALSE	ORF1ab:cds-YP_009724389.1	AAG	K	GAG	E	1132
NC_045512.2	3659	A	G	4956	1841	40	1	0	37	0.000201735	4957	0.968797	FALSE	ORF1ab:cds-YP_009725295.1	AAG	K	GAG	E	1132
NC_045512.2	3660	A	G	5008	1892	40	1	1	25	0.000199641	5009	1	FALSE	ORF1ab:cds-YP_009724389.1	AAG	K	AGG	R	1132
NC_045512.2	3660	A	G	5008	1892	40	1	1	25	0.000199641	5009	1	FALSE	ORF1ab:cds-YP_009725295.1	AAG	K	AGG	R	1132
NC_045512.2	3662	A	T	4973	1931	41	1	0	37	0.000201005	4975	0.968781	FALSE	ORF1ab:cds-YP_009724389.1	AGT	S	TGT	C	1133
NC_045512.2	3662	A	T	4973	1931	41	1	0	37	0.000201005	4975	0.968781	FALSE	ORF1ab:cds-YP_009725295.1	AGT	S	TGT	C	1133
NC_045512.2	3662	A	G	4973	1931	41	1	0	29	0.000201005	4975	1	FALSE	ORF1ab:cds-YP_009724389.1	AGT	S	GGT	G	1133
NC_045512.2	3662	A	G	4973	1931	41	1	0	29	0.000201005	4975	1	FALSE	ORF1ab:cds-YP_009725295.1	AGT	S	GGT	G	1133
NC_045512.2	3663	G	C	4871	1917	40	1	0	74	0.000205255	4872	0.500051	FALSE	ORF1ab:cds-YP_009724389.1	AGT	S	ACT	T	1133
NC_045512.2	3663	G	C	4871	1917	40	1	0	74	0.000205255	4872	0.500051	FALSE	ORF1ab:cds-YP_009725295.1	AGT	S	ACT	T	1133
NC_045512.2	3664	T	A	4723	1854	40	1	0	25	0.000211685	4724	1	FALSE	ORF1ab:cds-YP_009724389.1	AGT	S	AGA	R	1133
NC_045512.2	3664	T	A	4723	1854	40	1	0	25	0.000211685	4724	1	FALSE	ORF1ab:cds-YP_009725295.1	AGT	S	AGA	R	1133
NC_045512.2	3665	G	T	4729	1837	40	1	1	25	0.000211416	4730	1	FALSE	ORF1ab:cds-YP_009724389.1	GCT	A	TCT	S	1134
NC_045512.2	3665	G	T	4729	1837	40	1	1	25	0.000211416	4730	1	FALSE	ORF1ab:cds-YP_009725295.1	GCT	A	TCT	S	1134
NC_045512.2	3666	C	T	4559	1805	39	3	0	33	0.000657462	4563	0.773527	FALSE	ORF1ab:cds-YP_009724389.1	GCT	A	GTT	V	1134
NC_045512.2	3666	C	T	4559	1805	39	3	0	33	0.000657462	4563	0.773527	FALSE	ORF1ab:cds-YP_009725295.1	GCT	A	GTT	V	1134
NC_045512.2	3666	C	A	4559	1805	39	1	1	25	0.000219154	4563	1	FALSE	ORF1ab:cds-YP_009724389.1	GCT	A	GAT	D	1134
NC_045512.2	3666	C	A	4559	1805	39	1	1	25	0.000219154	4563	1	FALSE	ORF1ab:cds-YP_009725295.1	GCT	A	GAT	D	1134
NC_045512.2	3667	T	G	4619	1897	40	1	0	37	0.000216403	4621	0.968784	FALSE	ORF1ab:cds-YP_009724389.1	GCT	A	GCG	A	1134
NC_045512.2	3667	T	G	4619	1897	40	1	0	37	0.000216403	4621	0.968784	FALSE	ORF1ab:cds-YP_009725295.1	GCT	A	GCG	A	1134
NC_045512.2	3667	T	C	4619	1897	40	1	1	37	0.000216403	4621	0.968784	FALSE	ORF1ab:cds-YP_009724389.1	GCT	A	GCC	A	1134
NC_045512.2	3667	T	C	4619	1897	40	1	1	37	0.000216403	4621	0.968784	FALSE	ORF1ab:cds-YP_009725295.1	GCT	A	GCC	A	1134
NC_045512.2	3668	T	C	4800	2179	41	1	1	37	0.00020829	4801	0.968799	FALSE	ORF1ab:cds-YP_009724389.1	TAT	Y	CAT	H	1135
NC_045512.2	3668	T	C	4800	2179	41	1	1	37	0.00020829	4801	0.968799	FALSE	ORF1ab:cds-YP_009725295.1	TAT	Y	CAT	H	1135
NC_045512.2	3669	A	C	4870	2209	41	1	0	29	0.000205297	4871	1	FALSE	ORF1ab:cds-YP_009724389.1	TAT	Y	TCT	S	1135
NC_045512.2	3669	A	C	4870	2209	41	1	0	29	0.000205297	4871	1	FALSE	ORF1ab:cds-YP_009725295.1	TAT	Y	TCT	S	1135
NC_045512.2	3670	T	C	4858	2237	41	1	0	37	0.000205761	4860	0.968782	FALSE	ORF1ab:cds-YP_009724389.1	TAT	Y	TAC	Y	1135
NC_045512.2	3670	T	C	4858	2237	41	1	0	37	0.000205761	4860	0.968782	FALSE	ORF1ab:cds-YP_009725295.1	TAT	Y	TAC	Y	1135
NC_045512.2	3670	T	A	4858	2237	41	1	1	29	0.000205761	4860	1	FALSE	ORF1ab:cds-YP_009724389.1	TAT	Y	TAA	*	1135
NC_045512.2	3670	T	A	4858	2237	41	1	1	29	0.000205761	4860	1	FALSE	ORF1ab:cds-YP_009725295.1	TAT	Y	TAA	*	1135
NC_045512.2	3672	A	G	4932	2274	41	1	0	37	0.000202716	4933	0.968798	FALSE	ORF1ab:cds-YP_009724389.1	GAA	E	GGA	G	1136
NC_045512.2	3672	A	G	4932	2274	41	1	0	37	0.000202716	4933	0.968798	FALSE	ORF1ab:cds-YP_009725295.1	GAA	E	GGA	G	1136
NC_045512.2	3673	A	T	4898	2256	41	1	0	37	0.000204123	4899	0.968798	FALSE	ORF1ab:cds-YP_009724389.1	GAA	E	GAT	D	1136
NC_045512.2	3673	A	T	4898	2256	41	1	0	37	0.000204123	4899	0.968798	FALSE	ORF1ab:cds-YP_009725295.1	GAA	E	GAT	D	1136
NC_045512.2	3676	T	C	4928	2297	41	1	0	37	0.000202881	4929	0.968798	FALSE	ORF1ab:cds-YP_009724389.1	AAT	N	AAC	N	1137
NC_045512.2	3676	T	C	4928	2297	41	1	0	37	0.000202881	4929	0.968798	FALSE	ORF1ab:cds-YP_009725295.1	AAT	N	AAC	N	1137
NC_045512.2	3678	T	C	4954	2343	41	2	1	55	0.000403551	4956	0.250025	FALSE	ORF1ab:cds-YP_009724389.1	TTT	F	TCT	S	1138
NC_045512.2	3678	T	C	4954	2343	41	2	1	55	0.000403551	4956	0.250025	FALSE	ORF1ab:cds-YP_009725295.1	TTT	F	TCT	S	1138
NC_045512.2	3679	T	C	4973	2324	41	1	0	37	0.000201005	4975	0.968781	FALSE	ORF1ab:cds-YP_009724389.1	TTT	F	TTC	F	1138
NC_045512.2	3679	T	C	4973	2324	41	1	0	37	0.000201005	4975	0.968781	FALSE	ORF1ab:cds-YP_009725295.1	TTT	F	TTC	F	1138
NC_045512.2	3679	T	A	4973	2324	41	1	1	37	0.000201005	4975	0.968781	FALSE	ORF1ab:cds-YP_009724389.1	TTT	F	TTA	L	1138
NC_045512.2	3679	T	A	4973	2324	41	1	1	37	0.000201005	4975	0.968781	FALSE	ORF1ab:cds-YP_009725295.1	TTT	F	TTA	L	1138
NC_045512.2	3680	A	G	4969	2316	41	2	2	37	0.000402334	4971	0.890743	FALSE	ORF1ab:cds-YP_009724389.1	AAT	N	GAT	D	1139
NC_045512.2	3680	A	G	4969	2316	41	2	2	37	0.000402334	4971	0.890743	FALSE	ORF1ab:cds-YP_009725295.1	AAT	N	GAT	D	1139
NC_045512.2	3681	A	T	4843	2272	40	2	0	22	0.000412797	4845	1	FALSE	ORF1ab:cds-YP_009724389.1	AAT	N	ATT	I	1139
NC_045512.2	3681	A	T	4843	2272	40	2	0	22	0.000412797	4845	1	FALSE	ORF1ab:cds-YP_009725295.1	AAT	N	ATT	I	1139
NC_045512.2	3682	T	C	4973	2331	41	1	0	37	0.000201045	4974	0.968797	FALSE	ORF1ab:cds-YP_009724389.1	AAT	N	AAC	N	1139
NC_045512.2	3682	T	C	4973	2331	41	1	0	37	0.000201045	4974	0.968797	FALSE	ORF1ab:cds-YP_009725295.1	AAT	N	AAC	N	1139
NC_045512.2	3683	C	T	4975	2384	41	5	1	51	0.00100402	4980	0.0312343	FALSE	ORF1ab:cds-YP_009724389.1	CAG	Q	TAG	*	1140
NC_045512.2	3683	C	T	4975	2384	41	5	1	51	0.00100402	4980	0.0312343	FALSE	ORF1ab:cds-YP_009725295.1	CAG	Q	TAG	*	1140
NC_045512.2	3684	A	G	4879	2255	41	4	2	37	0.000819001	4884	0.636775	FALSE	ORF1ab:cds-YP_009724389.1	CAG	Q	CGG	R	1140
NC_045512.2	3684	A	G	4879	2255	41	4	2	37	0.000819001	4884	0.636775	FALSE	ORF1ab:cds-YP_009725295.1	CAG	Q	CGG	R	1140
NC_045512.2	3684	A	C	4879	2255	41	1	1	29	0.00020475	4884	1	FALSE	ORF1ab:cds-YP_009724389.1	CAG	Q	CCG	P	1140
NC_045512.2	3684	A	C	4879	2255	41	1	1	29	0.00020475	4884	1	FALSE	ORF1ab:cds-YP_009725295.1	CAG	Q	CCG	P	1140
NC_045512.2	3685	G	A	4938	2312	40	6	2	37	0.00121359	4944	0.377015	FALSE	ORF1ab:cds-YP_009724389.1	CAG	Q	CAA	Q	1140
NC_045512.2	3685	G	A	4938	2312	40	6	2	37	0.00121359	4944	0.377015	FALSE	ORF1ab:cds-YP_009725295.1	CAG	Q	CAA	Q	1140
NC_045512.2	3686	C	T	4824	2419	40	1	0	37	0.000207254	4825	0.968799	FALSE	ORF1ab:cds-YP_009724389.1	CAC	H	TAC	Y	1141
NC_045512.2	3686	C	T	4824	2419	40	1	0	37	0.000207254	4825	0.968799	FALSE	ORF1ab:cds-YP_009725295.1	CAC	H	TAC	Y	1141
NC_045512.2	3687	A	T	4966	2571	41	2	0	31	0.000402576	4968	0.890743	FALSE	ORF1ab:cds-YP_009724389.1	CAC	H	CTC	L	1141
NC_045512.2	3687	A	T	4966	2571	41	2	0	31	0.000402576	4968	0.890743	FALSE	ORF1ab:cds-YP_009725295.1	CAC	H	CTC	L	1141
NC_045512.2	3690	A	T	5154	2770	41	1	1	37	0.000193986	5155	0.984407	FALSE	ORF1ab:cds-YP_009724389.1	GAA	E	GTA	V	1142
NC_045512.2	3690	A	T	5154	2770	41	1	1	37	0.000193986	5155	0.984407	FALSE	ORF1ab:cds-YP_009725295.1	GAA	E	GTA	V	1142
NC_045512.2	3691	A	G	5110	2700	40	1	1	37	0.000195656	5111	0.984407	FALSE	ORF1ab:cds-YP_009724389.1	GAA	E	GAG	E	1142
NC_045512.2	3691	A	G	5110	2700	40	1	1	37	0.000195656	5111	0.984407	FALSE	ORF1ab:cds-YP_009725295.1	GAA	E	GAG	E	1142
NC_045512.2	3692	G	T	5465	2887	41	1	1	37	0.000182949	5466	0.984405	FALSE	ORF1ab:cds-YP_009724389.1	GTT	V	TTT	F	1143
NC_045512.2	3692	G	T	5465	2887	41	1	1	37	0.000182949	5466	0.984405	FALSE	ORF1ab:cds-YP_009725295.1	GTT	V	TTT	F	1143
NC_045512.2	3693	T	G	5440	2920	41	1	0	29	0.00018379	5441	1	FALSE	ORF1ab:cds-YP_009724389.1	GTT	V	GGT	G	1143
NC_045512.2	3693	T	G	5440	2920	41	1	0	29	0.00018379	5441	1	FALSE	ORF1ab:cds-YP_009725295.1	GTT	V	GGT	G	1143
NC_045512.2	3694	T	G	5495	2993	41	1	0	29	0.000181951	5496	1	FALSE	ORF1ab:cds-YP_009724389.1	GTT	V	GTG	V	1143
NC_045512.2	3694	T	G	5495	2993	41	1	0	29	0.000181951	5496	1	FALSE	ORF1ab:cds-YP_009725295.1	GTT	V	GTG	V	1143
NC_045512.2	3697	A	T	5328	3026	40	2	1	31	0.000375164	5331	0.937562	FALSE	ORF1ab:cds-YP_009724389.1	CTA	L	CTT	L	1144
NC_045512.2	3697	A	T	5328	3026	40	2	1	31	0.000375164	5331	0.937562	FALSE	ORF1ab:cds-YP_009725295.1	CTA	L	CTT	L	1144
NC_045512.2	3697	A	G	5328	3026	40	1	1	37	0.000187582	5331	0.984388	FALSE	ORF1ab:cds-YP_009724389.1	CTA	L	CTG	L	1144
NC_045512.2	3697	A	G	5328	3026	40	1	1	37	0.000187582	5331	0.984388	FALSE	ORF1ab:cds-YP_009725295.1	CTA	L	CTG	L	1144
NC_045512.2	3699	T	G	5201	2858	40	1	1	25	0.000192234	5202	1	FALSE	ORF1ab:cds-YP_009724389.1	CTT	L	CGT	R	1145
NC_045512.2	3699	T	G	5201	2858	40	1	1	25	0.000192234	5202	1	FALSE	ORF1ab:cds-YP_009725295.1	CTT	L	CGT	R	1145
NC_045512.2	3701	G	C	5186	2856	40	4	0	37	0.000770564	5191	0.746189	FALSE	ORF1ab:cds-YP_009724389.1	GCA	A	CCA	P	1146
NC_045512.2	3701	G	C	5186	2856	40	4	0	37	0.000770564	5191	0.746189	FALSE	ORF1ab:cds-YP_009725295.1	GCA	A	CCA	P	1146
NC_045512.2	3701	G	A	5186	2856	40	1	1	37	0.000192641	5191	0.98437	FALSE	ORF1ab:cds-YP_009724389.1	GCA	A	ACA	T	1146
NC_045512.2	3701	G	A	5186	2856	40	1	1	37	0.000192641	5191	0.98437	FALSE	ORF1ab:cds-YP_009725295.1	GCA	A	ACA	T	1146
NC_045512.2	3702	C	T	5195	2946	40	1	0	37	0.000192456	5196	0.984407	FALSE	ORF1ab:cds-YP_009724389.1	GCA	A	GTA	V	1146
NC_045512.2	3702	C	T	5195	2946	40	1	0	37	0.000192456	5196	0.984407	FALSE	ORF1ab:cds-YP_009725295.1	GCA	A	GTA	V	1146
NC_045512.2	3704	C	T	5205	2910	40	1	0	37	0.000192049	5207	0.984398	FALSE	ORF1ab:cds-YP_009724389.1	CCA	P	TCA	S	1147
NC_045512.2	3704	C	T	5205	2910	40	1	0	37	0.000192049	5207	0.984398	FALSE	ORF1ab:cds-YP_009725295.1	CCA	P	TCA	S	1147
NC_045512.2	3704	C	A	5205	2910	40	1	1	37	0.000192049	5207	0.984398	FALSE	ORF1ab:cds-YP_009724389.1	CCA	P	ACA	T	1147
NC_045512.2	3704	C	A	5205	2910	40	1	1	37	0.000192049	5207	0.984398	FALSE	ORF1ab:cds-YP_009725295.1	CCA	P	ACA	T	1147
NC_045512.2	3705	C	A	5211	2929	40	2	2	49	0.000383656	5213	0.250024	FALSE	ORF1ab:cds-YP_009724389.1	CCA	P	CAA	Q	1147
NC_045512.2	3705	C	A	5211	2929	40	2	2	49	0.000383656	5213	0.250024	FALSE	ORF1ab:cds-YP_009725295.1	CCA	P	CAA	Q	1147
NC_045512.2	3707	T	G	4790	3024	38	4	1	25	0.000834202	4795	1	FALSE	ORF1ab:cds-YP_009724389.1	TTA	L	GTA	V	1148
NC_045512.2	3707	T	G	4790	3024	38	4	1	25	0.000834202	4795	1	FALSE	ORF1ab:cds-YP_009725295.1	TTA	L	GTA	V	1148
NC_045512.2	3707	T	C	4790	3024	38	1	1	37	0.000208551	4795	0.968734	FALSE	ORF1ab:cds-YP_009724389.1	TTA	L	CTA	L	1148
NC_045512.2	3707	T	C	4790	3024	38	1	1	37	0.000208551	4795	0.968734	FALSE	ORF1ab:cds-YP_009725295.1	TTA	L	CTA	L	1148
NC_045512.2	3708	T	G	4873	3035	38	2	1	25	0.000410088	4877	1	FALSE	ORF1ab:cds-YP_009724389.1	TTA	L	TGA	*	1148
NC_045512.2	3708	T	G	4873	3035	38	2	1	25	0.000410088	4877	1	FALSE	ORF1ab:cds-YP_009725295.1	TTA	L	TGA	*	1148
NC_045512.2	3708	T	C	4873	3035	38	2	1	37	0.000410088	4877	0.890649	FALSE	ORF1ab:cds-YP_009724389.1	TTA	L	TCA	S	1148
NC_045512.2	3708	T	C	4873	3035	38	2	1	37	0.000410088	4877	0.890649	FALSE	ORF1ab:cds-YP_009725295.1	TTA	L	TCA	S	1148
NC_045512.2	3709	A	C	4949	3058	38	1	1	25	0.00020202	4950	1	FALSE	ORF1ab:cds-YP_009724389.1	TTA	L	TTC	F	1148
NC_045512.2	3709	A	C	4949	3058	38	1	1	25	0.00020202	4950	1	FALSE	ORF1ab:cds-YP_009725295.1	TTA	L	TTC	F	1148
NC_045512.2	3712	A	G	4858	2916	38	2	2	55	0.000411269	4863	0.249871	FALSE	ORF1ab:cds-YP_009724389.1	TTA	L	TTG	L	1149
NC_045512.2	3712	A	G	4858	2916	38	2	2	55	0.000411269	4863	0.249871	FALSE	ORF1ab:cds-YP_009725295.1	TTA	L	TTG	L	1149
NC_045512.2	3712	A	C	4858	2916	38	3	3	25	0.000616903	4863	1	FALSE	ORF1ab:cds-YP_009724389.1	TTA	L	TTC	F	1149
NC_045512.2	3712	A	C	4858	2916	38	3	3	25	0.000616903	4863	1	FALSE	ORF1ab:cds-YP_009725295.1	TTA	L	TTC	F	1149
NC_045512.2	3713	T	A	4895	2975	38	1	1	29	0.000204248	4896	1	FALSE	ORF1ab:cds-YP_009724389.1	TCA	S	ACA	T	1150
NC_045512.2	3713	T	A	4895	2975	38	1	1	29	0.000204248	4896	1	FALSE	ORF1ab:cds-YP_009725295.1	TCA	S	ACA	T	1150
NC_045512.2	3714	C	T	4957	3033	38	1	1	37	0.000201694	4958	0.968797	FALSE	ORF1ab:cds-YP_009724389.1	TCA	S	TTA	L	1150
NC_045512.2	3714	C	T	4957	3033	38	1	1	37	0.000201694	4958	0.968797	FALSE	ORF1ab:cds-YP_009725295.1	TCA	S	TTA	L	1150
NC_045512.2	3715	A	C	4735	2817	38	2	2	25	0.000422208	4737	1	FALSE	ORF1ab:cds-YP_009724389.1	TCA	S	TCC	S	1150
NC_045512.2	3715	A	C	4735	2817	38	2	2	25	0.000422208	4737	1	FALSE	ORF1ab:cds-YP_009725295.1	TCA	S	TCC	S	1150
NC_045512.2	3716	G	T	4754	2856	38	1	0	37	0.000210172	4758	0.96875	FALSE	ORF1ab:cds-YP_009724389.1	GCT	A	TCT	S	1151
NC_045512.2	3716	G	T	4754	2856	38	1	0	37	0.000210172	4758	0.96875	FALSE	ORF1ab:cds-YP_009725295.1	GCT	A	TCT	S	1151
NC_045512.2	3716	G	A	4754	2856	38	3	1	37	0.000630517	4758	0.773524	FALSE	ORF1ab:cds-YP_009724389.1	GCT	A	ACT	T	1151
NC_045512.2	3716	G	A	4754	2856	38	3	1	37	0.000630517	4758	0.773524	FALSE	ORF1ab:cds-YP_009725295.1	GCT	A	ACT	T	1151
NC_045512.2	3717	C	T	4800	2961	38	2	2	37	0.00041632	4804	0.890649	FALSE	ORF1ab:cds-YP_009724389.1	GCT	A	GTT	V	1151
NC_045512.2	3717	C	T	4800	2961	38	2	2	37	0.00041632	4804	0.890649	FALSE	ORF1ab:cds-YP_009725295.1	GCT	A	GTT	V	1151
NC_045512.2	3717	C	A	4800	2961	38	2	1	49	0.00041632	4804	0.249922	FALSE	ORF1ab:cds-YP_009724389.1	GCT	A	GAT	D	1151
NC_045512.2	3717	C	A	4800	2961	38	2	1	49	0.00041632	4804	0.249922	FALSE	ORF1ab:cds-YP_009725295.1	GCT	A	GAT	D	1151
NC_045512.2	3718	T	C	4790	2928	38	3	2	37	0.000625913	4793	0.773609	FALSE	ORF1ab:cds-YP_009724389.1	GCT	A	GCC	A	1151
NC_045512.2	3718	T	C	4790	2928	38	3	2	37	0.000625913	4793	0.773609	FALSE	ORF1ab:cds-YP_009725295.1	GCT	A	GCC	A	1151
NC_045512.2	3720	G	A	5019	2947	38	4	1	37	0.000796337	5023	0.74629	FALSE	ORF1ab:cds-YP_009724389.1	GGT	G	GAT	D	1152
NC_045512.2	3720	G	A	5019	2947	38	4	1	37	0.000796337	5023	0.74629	FALSE	ORF1ab:cds-YP_009725295.1	GGT	G	GAT	D	1152
NC_045512.2	3721	T	C	4990	2977	39	1	1	37	0.000200361	4991	0.968797	FALSE	ORF1ab:cds-YP_009724389.1	GGT	G	GGC	G	1152
NC_045512.2	3721	T	C	4990	2977	39	1	1	37	0.000200361	4991	0.968797	FALSE	ORF1ab:cds-YP_009725295.1	GGT	G	GGC	G	1152
NC_045512.2	3722	A	-T	4913	3052	38	4	0	20	0.000814166	4913	1	FALSE	NA	NA	NA	NA	NA	NA
NC_045512.2	3725	T	A	4906	3006	38	1	1	37	0.000203791	4907	0.968798	FALSE	ORF1ab:cds-YP_009724389.1	TTT	F	ATT	I	1154
NC_045512.2	3725	T	A	4906	3006	38	1	1	37	0.000203791	4907	0.968798	FALSE	ORF1ab:cds-YP_009725295.1	TTT	F	ATT	I	1154
NC_045512.2	3726	T	G	4906	2992	38	1	1	29	0.000203791	4907	1	FALSE	ORF1ab:cds-YP_009724389.1	TTT	F	TGT	C	1154
NC_045512.2	3726	T	G	4906	2992	38	1	1	29	0.000203791	4907	1	FALSE	ORF1ab:cds-YP_009725295.1	TTT	F	TGT	C	1154
NC_045512.2	3727	T	G	4878	2958	38	2	2	25	0.000409836	4880	1	FALSE	ORF1ab:cds-YP_009724389.1	TTT	F	TTG	L	1154
NC_045512.2	3727	T	G	4878	2958	38	2	2	25	0.000409836	4880	1	FALSE	ORF1ab:cds-YP_009725295.1	TTT	F	TTG	L	1154
NC_045512.2	3728	G	T	4948	3046	38	1	1	37	0.000202061	4949	0.968797	FALSE	ORF1ab:cds-YP_009724389.1	GGT	G	TGT	C	1155
NC_045512.2	3728	G	T	4948	3046	38	1	1	37	0.000202061	4949	0.968797	FALSE	ORF1ab:cds-YP_009725295.1	GGT	G	TGT	C	1155
NC_045512.2	3730	T	C	4929	2988	38	1	1	37	0.00020284	4930	0.968798	FALSE	ORF1ab:cds-YP_009724389.1	GGT	G	GGC	G	1155
NC_045512.2	3730	T	C	4929	2988	38	1	1	37	0.00020284	4930	0.968798	FALSE	ORF1ab:cds-YP_009725295.1	GGT	G	GGC	G	1155
NC_045512.2	3731	G	A	4979	3014	38	4	3	37	0.000802729	4983	0.636883	FALSE	ORF1ab:cds-YP_009724389.1	GCT	A	ACT	T	1156
NC_045512.2	3731	G	A	4979	3014	38	4	3	37	0.000802729	4983	0.636883	FALSE	ORF1ab:cds-YP_009725295.1	GCT	A	ACT	T	1156
NC_045512.2	3732	C	T	5008	3174	38	5	3	37	0.000997407	5013	0.623231	FALSE	ORF1ab:cds-YP_009724389.1	GCT	A	GTT	V	1156
NC_045512.2	3732	C	T	5008	3174	38	5	3	37	0.000997407	5013	0.623231	FALSE	ORF1ab:cds-YP_009725295.1	GCT	A	GTT	V	1156
NC_045512.2	3733	T	C	5035	3159	38	2	2	37	0.000396983	5038	0.937565	FALSE	ORF1ab:cds-YP_009724389.1	GCT	A	GCC	A	1156
NC_045512.2	3733	T	C	5035	3159	38	2	2	37	0.000396983	5038	0.937565	FALSE	ORF1ab:cds-YP_009725295.1	GCT	A	GCC	A	1156
NC_045512.2	3733	T	A	5035	3159	38	1	1	37	0.000198491	5038	0.984389	FALSE	ORF1ab:cds-YP_009724389.1	GCT	A	GCA	A	1156
NC_045512.2	3733	T	A	5035	3159	38	1	1	37	0.000198491	5038	0.984389	FALSE	ORF1ab:cds-YP_009725295.1	GCT	A	GCA	A	1156
NC_045512.2	3734	G	A	5128	3195	38	1	0	37	0.00019497	5129	0.984407	FALSE	ORF1ab:cds-YP_009724389.1	GAC	D	AAC	N	1157
NC_045512.2	3734	G	A	5128	3195	38	1	0	37	0.00019497	5129	0.984407	FALSE	ORF1ab:cds-YP_009725295.1	GAC	D	AAC	N	1157
NC_045512.2	3737	C	T	5156	3159	38	4	2	37	0.000775194	5160	0.746285	FALSE	ORF1ab:cds-YP_009724389.1	CCT	P	TCT	S	1158
NC_045512.2	3737	C	T	5156	3159	38	4	2	37	0.000775194	5160	0.746285	FALSE	ORF1ab:cds-YP_009725295.1	CCT	P	TCT	S	1158
NC_045512.2	3738	C	A	5116	3098	38	4	3	37	0.00078125	5120	0.746286	FALSE	ORF1ab:cds-YP_009724389.1	CCT	P	CAT	H	1158
NC_045512.2	3738	C	A	5116	3098	38	4	3	37	0.00078125	5120	0.746286	FALSE	ORF1ab:cds-YP_009725295.1	CCT	P	CAT	H	1158
NC_045512.2	3739	T	C	4901	3096	37	1	1	37	0.000203998	4902	0.968798	FALSE	ORF1ab:cds-YP_009724389.1	CCT	P	CCC	P	1158
NC_045512.2	3739	T	C	4901	3096	37	1	1	37	0.000203998	4902	0.968798	FALSE	ORF1ab:cds-YP_009725295.1	CCT	P	CCC	P	1158
NC_045512.2	3740	A	C	4761	2964	37	2	1	31	0.000419903	4763	0.890748	FALSE	ORF1ab:cds-YP_009724389.1	ATA	I	CTA	L	1159
NC_045512.2	3740	A	C	4761	2964	37	2	1	31	0.000419903	4763	0.890748	FALSE	ORF1ab:cds-YP_009725295.1	ATA	I	CTA	L	1159
NC_045512.2	3741	T	G	4879	3048	37	1	0	25	0.000204876	4881	1	FALSE	ORF1ab:cds-YP_009724389.1	ATA	I	AGA	R	1159
NC_045512.2	3741	T	G	4879	3048	37	1	0	25	0.000204876	4881	1	FALSE	ORF1ab:cds-YP_009725295.1	ATA	I	AGA	R	1159
NC_045512.2	3741	T	C	4879	3048	37	1	0	37	0.000204876	4881	0.968782	FALSE	ORF1ab:cds-YP_009724389.1	ATA	I	ACA	T	1159
NC_045512.2	3741	T	C	4879	3048	37	1	0	37	0.000204876	4881	0.968782	FALSE	ORF1ab:cds-YP_009725295.1	ATA	I	ACA	T	1159
NC_045512.2	3742	A	G	4707	2857	37	1	1	25	0.000212269	4711	1	FALSE	ORF1ab:cds-YP_009724389.1	ATA	I	ATG	M	1159
NC_045512.2	3742	A	G	4707	2857	37	1	1	25	0.000212269	4711	1	FALSE	ORF1ab:cds-YP_009725295.1	ATA	I	ATG	M	1159
NC_045512.2	3742	A	C	4707	2857	37	3	3	25	0.000636807	4711	1	FALSE	ORF1ab:cds-YP_009724389.1	ATA	I	ATC	I	1159
NC_045512.2	3742	A	C	4707	2857	37	3	3	25	0.000636807	4711	1	FALSE	ORF1ab:cds-YP_009725295.1	ATA	I	ATC	I	1159
NC_045512.2	3743	C	T	4955	3144	38	2	2	37	0.00040347	4957	0.890743	FALSE	ORF1ab:cds-YP_009724389.1	CAT	H	TAT	Y	1160
NC_045512.2	3743	C	T	4955	3144	38	2	2	37	0.00040347	4957	0.890743	FALSE	ORF1ab:cds-YP_009725295.1	CAT	H	TAT	Y	1160
NC_045512.2	3745	T	G	4455	2712	37	4	2	28	0.000897062	4459	1	FALSE	ORF1ab:cds-YP_009724389.1	CAT	H	CAG	Q	1160
NC_045512.2	3745	T	G	4455	2712	37	4	2	28	0.000897062	4459	1	FALSE	ORF1ab:cds-YP_009725295.1	CAT	H	CAG	Q	1160
NC_045512.2	3746	T	G	4518	2721	37	2	1	25	0.000442478	4520	1	FALSE	ORF1ab:cds-YP_009724389.1	TCT	S	GCT	A	1161
NC_045512.2	3746	T	G	4518	2721	37	2	1	25	0.000442478	4520	1	FALSE	ORF1ab:cds-YP_009725295.1	TCT	S	GCT	A	1161
NC_045512.2	3747	C	A	4727	2836	37	2	0	31	0.000422922	4729	0.890749	FALSE	ORF1ab:cds-YP_009724389.1	TCT	S	TAT	Y	1161
NC_045512.2	3747	C	A	4727	2836	37	2	0	31	0.000422922	4729	0.890749	FALSE	ORF1ab:cds-YP_009725295.1	TCT	S	TAT	Y	1161
NC_045512.2	3748	T	G	4614	2715	37	1	0	25	0.000216685	4615	1	FALSE	ORF1ab:cds-YP_009724389.1	TCT	S	TCG	S	1161
NC_045512.2	3748	T	G	4614	2715	37	1	0	25	0.000216685	4615	1	FALSE	ORF1ab:cds-YP_009725295.1	TCT	S	TCG	S	1161
NC_045512.2	3749	T	C	4697	2787	38	2	2	37	0.000425622	4699	0.89075	FALSE	ORF1ab:cds-YP_009724389.1	TTA	L	CTA	L	1162
NC_045512.2	3749	T	C	4697	2787	38	2	2	37	0.000425622	4699	0.89075	FALSE	ORF1ab:cds-YP_009725295.1	TTA	L	CTA	L	1162
NC_045512.2	3750	T	C	4783	2812	38	1	0	37	0.00020903	4784	0.968799	FALSE	ORF1ab:cds-YP_009724389.1	TTA	L	TCA	S	1162
NC_045512.2	3750	T	C	4783	2812	38	1	0	37	0.00020903	4784	0.968799	FALSE	ORF1ab:cds-YP_009725295.1	TTA	L	TCA	S	1162
NC_045512.2	3751	A	T	4672	2686	37	1	1	37	0.00021395	4674	0.968783	FALSE	ORF1ab:cds-YP_009724389.1	TTA	L	TTT	F	1162
NC_045512.2	3751	A	T	4672	2686	37	1	1	37	0.00021395	4674	0.968783	FALSE	ORF1ab:cds-YP_009725295.1	TTA	L	TTT	F	1162
NC_045512.2	3751	A	C	4672	2686	37	1	1	25	0.00021395	4674	1	FALSE	ORF1ab:cds-YP_009724389.1	TTA	L	TTC	F	1162
NC_045512.2	3751	A	C	4672	2686	37	1	1	25	0.00021395	4674	1	FALSE	ORF1ab:cds-YP_009725295.1	TTA	L	TTC	F	1162
NC_045512.2	3753	G	T	4761	2814	38	1	0	25	0.000209996	4762	1	FALSE	ORF1ab:cds-YP_009724389.1	AGA	R	ATA	I	1163
NC_045512.2	3753	G	T	4761	2814	38	1	0	25	0.000209996	4762	1	FALSE	ORF1ab:cds-YP_009725295.1	AGA	R	ATA	I	1163
NC_045512.2	3754	A	T	4660	2798	38	1	0	25	0.000214546	4661	1	FALSE	ORF1ab:cds-YP_009724389.1	AGA	R	AGT	S	1163
NC_045512.2	3754	A	T	4660	2798	38	1	0	25	0.000214546	4661	1	FALSE	ORF1ab:cds-YP_009725295.1	AGA	R	AGT	S	1163
NC_045512.2	3755	G	T	4471	2608	38	1	0	37	0.000223564	4473	0.968785	FALSE	ORF1ab:cds-YP_009724389.1	GTT	V	TTT	F	1164
NC_045512.2	3755	G	T	4471	2608	38	1	0	37	0.000223564	4473	0.968785	FALSE	ORF1ab:cds-YP_009725295.1	GTT	V	TTT	F	1164
NC_045512.2	3755	G	A	4471	2608	38	1	1	37	0.000223564	4473	0.968785	FALSE	ORF1ab:cds-YP_009724389.1	GTT	V	ATT	I	1164
NC_045512.2	3755	G	A	4471	2608	38	1	1	37	0.000223564	4473	0.968785	FALSE	ORF1ab:cds-YP_009725295.1	GTT	V	ATT	I	1164
NC_045512.2	3757	T	G	3965	2483	38	2	1	25	0.000504159	3967	1	FALSE	ORF1ab:cds-YP_009724389.1	GTT	V	GTG	V	1164
NC_045512.2	3757	T	G	3965	2483	38	2	1	25	0.000504159	3967	1	FALSE	ORF1ab:cds-YP_009725295.1	GTT	V	GTG	V	1164
NC_045512.2	3758	T	C	4010	2494	38	1	1	37	0.000249314	4011	0.968808	FALSE	ORF1ab:cds-YP_009724389.1	TGT	C	CGT	R	1165
NC_045512.2	3758	T	C	4010	2494	38	1	1	37	0.000249314	4011	0.968808	FALSE	ORF1ab:cds-YP_009725295.1	TGT	C	CGT	R	1165
NC_045512.2	3762	T	G	4119	2537	38	1	0	25	0.00024266	4121	1	FALSE	ORF1ab:cds-YP_009724389.1	GTA	V	GGA	G	1166
NC_045512.2	3762	T	G	4119	2537	38	1	0	25	0.00024266	4121	1	FALSE	ORF1ab:cds-YP_009725295.1	GTA	V	GGA	G	1166
NC_045512.2	3762	T	A	4119	2537	38	1	1	37	0.00024266	4121	0.968788	FALSE	ORF1ab:cds-YP_009724389.1	GTA	V	GAA	E	1166
NC_045512.2	3762	T	A	4119	2537	38	1	1	37	0.00024266	4121	0.968788	FALSE	ORF1ab:cds-YP_009725295.1	GTA	V	GAA	E	1166
NC_045512.2	3767	A	C	3949	2342	38	1	0	25	0.000253165	3950	1	FALSE	ORF1ab:cds-YP_009724389.1	ACT	T	CCT	P	1168
NC_045512.2	3767	A	C	3949	2342	38	1	0	25	0.000253165	3950	1	FALSE	ORF1ab:cds-YP_009725295.1	ACT	T	CCT	P	1168
NC_045512.2	3768	C	T	4052	2455	38	1	0	37	0.000246731	4053	0.968808	FALSE	ORF1ab:cds-YP_009724389.1	ACT	T	ATT	I	1168
NC_045512.2	3768	C	T	4052	2455	38	1	0	37	0.000246731	4053	0.968808	FALSE	ORF1ab:cds-YP_009725295.1	ACT	T	ATT	I	1168
NC_045512.2	3769	T	G	3686	2066	38	2	2	31	0.000542299	3688	0.81267	FALSE	ORF1ab:cds-YP_009724389.1	ACT	T	ACG	T	1168
NC_045512.2	3769	T	G	3686	2066	38	2	2	31	0.000542299	3688	0.81267	FALSE	ORF1ab:cds-YP_009725295.1	ACT	T	ACG	T	1168
NC_045512.2	3770	G	A	3692	2084	38	1	0	37	0.000270783	3693	0.937585	FALSE	ORF1ab:cds-YP_009724389.1	GTT	V	ATT	I	1169
NC_045512.2	3770	G	A	3692	2084	38	1	0	37	0.000270783	3693	0.937585	FALSE	ORF1ab:cds-YP_009725295.1	GTT	V	ATT	I	1169
NC_045512.2	3771	T	A	3801	2262	39	1	0	37	0.000263019	3802	0.937582	FALSE	ORF1ab:cds-YP_009724389.1	GTT	V	GAT	D	1169
NC_045512.2	3771	T	A	3801	2262	39	1	0	37	0.000263019	3802	0.937582	FALSE	ORF1ab:cds-YP_009725295.1	GTT	V	GAT	D	1169
NC_045512.2	3772	T	G	3923	2397	40	1	1	25	0.000254842	3924	1	FALSE	ORF1ab:cds-YP_009724389.1	GTT	V	GTG	V	1169
NC_045512.2	3772	T	G	3923	2397	40	1	1	25	0.000254842	3924	1	FALSE	ORF1ab:cds-YP_009725295.1	GTT	V	GTG	V	1169
NC_045512.2	3773	C	T	3940	2431	40	1	1	37	0.000253743	3941	0.937579	FALSE	ORF1ab:cds-YP_009724389.1	CGC	R	TGC	C	1170
NC_045512.2	3773	C	T	3940	2431	40	1	1	37	0.000253743	3941	0.937579	FALSE	ORF1ab:cds-YP_009725295.1	CGC	R	TGC	C	1170
NC_045512.2	3774	G	T	3876	2379	39	1	0	74	0.000257599	3882	0.499742	FALSE	ORF1ab:cds-YP_009724389.1	CGC	R	CTC	L	1170
NC_045512.2	3774	G	T	3876	2379	39	1	0	74	0.000257599	3882	0.499742	FALSE	ORF1ab:cds-YP_009725295.1	CGC	R	CTC	L	1170
NC_045512.2	3774	G	A	3876	2379	39	5	2	37	0.001288	3882	0.363211	FALSE	ORF1ab:cds-YP_009724389.1	CGC	R	CAC	H	1170
NC_045512.2	3774	G	A	3876	2379	39	5	2	37	0.001288	3882	0.363211	FALSE	ORF1ab:cds-YP_009725295.1	CGC	R	CAC	H	1170
NC_045512.2	3777	C	T	3933	2466	40	1	1	37	0.000254194	3934	0.937579	FALSE	ORF1ab:cds-YP_009724389.1	ACA	T	ATA	I	1171
NC_045512.2	3777	C	T	3933	2466	40	1	1	37	0.000254194	3934	0.937579	FALSE	ORF1ab:cds-YP_009725295.1	ACA	T	ATA	I	1171
NC_045512.2	3779	A	G	3972	2483	39	1	1	25	0.000251699	3973	1	FALSE	ORF1ab:cds-YP_009724389.1	AAT	N	GAT	D	1172
NC_045512.2	3779	A	G	3972	2483	39	1	1	25	0.000251699	3973	1	FALSE	ORF1ab:cds-YP_009725295.1	AAT	N	GAT	D	1172
NC_045512.2	3780	A	T	4020	2528	39	1	1	25	0.000248694	4021	1	FALSE	ORF1ab:cds-YP_009724389.1	AAT	N	ATT	I	1172
NC_045512.2	3780	A	T	4020	2528	39	1	1	25	0.000248694	4021	1	FALSE	ORF1ab:cds-YP_009725295.1	AAT	N	ATT	I	1172
NC_045512.2	3782	G	A	4072	2549	40	2	1	31	0.000490918	4074	0.890769	FALSE	ORF1ab:cds-YP_009724389.1	GTC	V	ATC	I	1173
NC_045512.2	3782	G	A	4072	2549	40	2	1	31	0.000490918	4074	0.890769	FALSE	ORF1ab:cds-YP_009725295.1	GTC	V	ATC	I	1173
NC_045512.2	3783	T	C	4014	2495	40	1	1	37	0.000249066	4015	0.968808	FALSE	ORF1ab:cds-YP_009724389.1	GTC	V	GCC	A	1173
NC_045512.2	3783	T	C	4014	2495	40	1	1	37	0.000249066	4015	0.968808	FALSE	ORF1ab:cds-YP_009725295.1	GTC	V	GCC	A	1173
NC_045512.2	3786	A	T	3999	2488	40	2	1	25	0.000499875	4001	1	FALSE	ORF1ab:cds-YP_009724389.1	TAC	Y	TTC	F	1174
NC_045512.2	3786	A	T	3999	2488	40	2	1	25	0.000499875	4001	1	FALSE	ORF1ab:cds-YP_009725295.1	TAC	Y	TTC	F	1174
NC_045512.2	3788	T	G	3811	2340	40	1	0	25	0.000262192	3814	1	FALSE	ORF1ab:cds-YP_009724389.1	TTA	L	GTA	V	1175
NC_045512.2	3788	T	G	3811	2340	40	1	0	25	0.000262192	3814	1	FALSE	ORF1ab:cds-YP_009725295.1	TTA	L	GTA	V	1175
NC_045512.2	3788	T	C	3811	2340	40	2	1	37	0.000524384	3814	0.812582	FALSE	ORF1ab:cds-YP_009724389.1	TTA	L	CTA	L	1175
NC_045512.2	3788	T	C	3811	2340	40	2	1	37	0.000524384	3814	0.812582	FALSE	ORF1ab:cds-YP_009725295.1	TTA	L	CTA	L	1175
NC_045512.2	3790	A	C	3817	2366	41	1	0	25	0.000261917	3818	1	FALSE	ORF1ab:cds-YP_009724389.1	TTA	L	TTC	F	1175
NC_045512.2	3790	A	C	3817	2366	41	1	0	25	0.000261917	3818	1	FALSE	ORF1ab:cds-YP_009725295.1	TTA	L	TTC	F	1175
NC_045512.2	3791	G	A	3706	2360	40	2	2	74	0.000539374	3708	0.250034	FALSE	ORF1ab:cds-YP_009724389.1	GCT	A	ACT	T	1176
NC_045512.2	3791	G	A	3706	2360	40	2	2	74	0.000539374	3708	0.250034	FALSE	ORF1ab:cds-YP_009725295.1	GCT	A	ACT	T	1176
NC_045512.2	3792	C	T	3802	2503	41	6	3	47	0.00157563	3808	0.0156065	FALSE	ORF1ab:cds-YP_009724389.1	GCT	A	GTT	V	1176
NC_045512.2	3792	C	T	3802	2503	41	6	3	47	0.00157563	3808	0.0156065	FALSE	ORF1ab:cds-YP_009725295.1	GCT	A	GTT	V	1176
NC_045512.2	3793	T	C	3549	2357	40	2	2	31	0.000563222	3551	0.812676	FALSE	ORF1ab:cds-YP_009724389.1	GCT	A	GCC	A	1176
NC_045512.2	3793	T	C	3549	2357	40	2	2	31	0.000563222	3551	0.812676	FALSE	ORF1ab:cds-YP_009725295.1	GCT	A	GCC	A	1176
NC_045512.2	3794	G	A	3521	2329	40	2	2	37	0.000567698	3523	0.812677	FALSE	ORF1ab:cds-YP_009724389.1	GTC	V	ATC	I	1177
NC_045512.2	3794	G	A	3521	2329	40	2	2	37	0.000567698	3523	0.812677	FALSE	ORF1ab:cds-YP_009725295.1	GTC	V	ATC	I	1177
NC_045512.2	3795	T	C	3376	2192	40	2	2	37	0.000591891	3379	0.812593	FALSE	ORF1ab:cds-YP_009724389.1	GTC	V	GCC	A	1177
NC_045512.2	3795	T	C	3376	2192	40	2	2	37	0.000591891	3379	0.812593	FALSE	ORF1ab:cds-YP_009725295.1	GTC	V	GCC	A	1177
NC_045512.2	3795	T	A	3376	2192	40	1	1	25	0.000295946	3379	1	FALSE	ORF1ab:cds-YP_009724389.1	GTC	V	GAC	D	1177
NC_045512.2	3795	T	A	3376	2192	40	1	1	25	0.000295946	3379	1	FALSE	ORF1ab:cds-YP_009725295.1	GTC	V	GAC	D	1177
NC_045512.2	3796	C	T	3288	2122	40	1	1	37	0.000304044	3289	0.937595	FALSE	ORF1ab:cds-YP_009724389.1	GTC	V	GTT	V	1177
NC_045512.2	3796	C	T	3288	2122	40	1	1	37	0.000304044	3289	0.937595	FALSE	ORF1ab:cds-YP_009725295.1	GTC	V	GTT	V	1177
NC_045512.2	3799	T	C	3580	2497	42	1	1	37	0.000279174	3582	0.937552	FALSE	ORF1ab:cds-YP_009724389.1	TTT	F	TTC	F	1178
NC_045512.2	3799	T	C	3580	2497	42	1	1	37	0.000279174	3582	0.937552	FALSE	ORF1ab:cds-YP_009725295.1	TTT	F	TTC	F	1178
NC_045512.2	3799	T	A	3580	2497	42	1	1	25	0.000279174	3582	1	FALSE	ORF1ab:cds-YP_009724389.1	TTT	F	TTA	L	1178
NC_045512.2	3799	T	A	3580	2497	42	1	1	25	0.000279174	3582	1	FALSE	ORF1ab:cds-YP_009725295.1	TTT	F	TTA	L	1178
NC_045512.2	3800	G	A	3529	2443	41	1	1	37	0.000283286	3530	0.937589	FALSE	ORF1ab:cds-YP_009724389.1	GAT	D	AAT	N	1179
NC_045512.2	3800	G	A	3529	2443	41	1	1	37	0.000283286	3530	0.937589	FALSE	ORF1ab:cds-YP_009725295.1	GAT	D	AAT	N	1179
NC_045512.2	3802	T	G	3565	2486	42	1	1	25	0.000280426	3566	1	FALSE	ORF1ab:cds-YP_009724389.1	GAT	D	GAG	E	1179
NC_045512.2	3802	T	G	3565	2486	42	1	1	25	0.000280426	3566	1	FALSE	ORF1ab:cds-YP_009725295.1	GAT	D	GAG	E	1179
NC_045512.2	3803	A	G	3553	2482	42	1	0	62	0.000281373	3554	0.50007	FALSE	ORF1ab:cds-YP_009724389.1	AAA	K	GAA	E	1180
NC_045512.2	3803	A	G	3553	2482	42	1	0	62	0.000281373	3554	0.50007	FALSE	ORF1ab:cds-YP_009725295.1	AAA	K	GAA	E	1180
NC_045512.2	3804	A	T	3534	2464	42	1	1	25	0.000282885	3535	1	FALSE	ORF1ab:cds-YP_009724389.1	AAA	K	ATA	I	1180
NC_045512.2	3804	A	T	3534	2464	42	1	1	25	0.000282885	3535	1	FALSE	ORF1ab:cds-YP_009725295.1	AAA	K	ATA	I	1180
NC_045512.2	3805	A	G	3495	2483	41	1	1	25	0.000285959	3497	1	FALSE	ORF1ab:cds-YP_009724389.1	AAA	K	AAG	K	1180
NC_045512.2	3805	A	G	3495	2483	41	1	1	25	0.000285959	3497	1	FALSE	ORF1ab:cds-YP_009725295.1	AAA	K	AAG	K	1180
NC_045512.2	3805	A	C	3495	2483	41	1	1	37	0.000285959	3497	0.937554	FALSE	ORF1ab:cds-YP_009724389.1	AAA	K	AAC	N	1180
NC_045512.2	3805	A	C	3495	2483	41	1	1	37	0.000285959	3497	0.937554	FALSE	ORF1ab:cds-YP_009725295.1	AAA	K	AAC	N	1180
NC_045512.2	3807	A	G	3484	2546	41	1	1	37	0.000286944	3485	0.93759	FALSE	ORF1ab:cds-YP_009724389.1	AAT	N	AGT	S	1181
NC_045512.2	3807	A	G	3484	2546	41	1	1	37	0.000286944	3485	0.93759	FALSE	ORF1ab:cds-YP_009725295.1	AAT	N	AGT	S	1181
NC_045512.2	3810	T	C	3426	2509	41	1	0	25	0.0002918	3427	1	FALSE	ORF1ab:cds-YP_009724389.1	CTC	L	CCC	P	1182
NC_045512.2	3810	T	C	3426	2509	41	1	0	25	0.0002918	3427	1	FALSE	ORF1ab:cds-YP_009725295.1	CTC	L	CCC	P	1182
NC_045512.2	3811	C	A	3273	2366	40	1	1	25	0.000305437	3274	1	FALSE	ORF1ab:cds-YP_009724389.1	CTC	L	CTA	L	1182
NC_045512.2	3811	C	A	3273	2366	40	1	1	25	0.000305437	3274	1	FALSE	ORF1ab:cds-YP_009725295.1	CTC	L	CTA	L	1182
NC_045512.2	3813	A	G	3291	2398	40	1	1	37	0.000303767	3292	0.937595	FALSE	ORF1ab:cds-YP_009724389.1	TAT	Y	TGT	C	1183
NC_045512.2	3813	A	G	3291	2398	40	1	1	37	0.000303767	3292	0.937595	FALSE	ORF1ab:cds-YP_009725295.1	TAT	Y	TGT	C	1183
NC_045512.2	3814	T	C	3314	2411	40	1	1	25	0.000301568	3316	1	FALSE	ORF1ab:cds-YP_009724389.1	TAT	Y	TAC	Y	1183
NC_045512.2	3814	T	C	3314	2411	40	1	1	25	0.000301568	3316	1	FALSE	ORF1ab:cds-YP_009725295.1	TAT	Y	TAC	Y	1183
NC_045512.2	3814	T	A	3314	2411	40	1	0	74	0.000301568	3316	0.5	FALSE	ORF1ab:cds-YP_009724389.1	TAT	Y	TAA	*	1183
NC_045512.2	3814	T	A	3314	2411	40	1	0	74	0.000301568	3316	0.5	FALSE	ORF1ab:cds-YP_009725295.1	TAT	Y	TAA	*	1183
NC_045512.2	3816	A	G	3391	2477	40	1	1	25	0.000294811	3392	1	FALSE	ORF1ab:cds-YP_009724389.1	GAC	D	GGC	G	1184
NC_045512.2	3816	A	G	3391	2477	40	1	1	25	0.000294811	3392	1	FALSE	ORF1ab:cds-YP_009725295.1	GAC	D	GGC	G	1184
NC_045512.2	3817	C	T	3366	2466	40	1	1	37	0.000297	3367	0.937593	FALSE	ORF1ab:cds-YP_009724389.1	GAC	D	GAT	D	1184
NC_045512.2	3817	C	T	3366	2466	40	1	1	37	0.000297	3367	0.937593	FALSE	ORF1ab:cds-YP_009725295.1	GAC	D	GAT	D	1184
NC_045512.2	3818	A	C	3306	2398	41	1	0	29	0.000302389	3307	1	FALSE	ORF1ab:cds-YP_009724389.1	AAA	K	CAA	Q	1185
NC_045512.2	3818	A	C	3306	2398	41	1	0	29	0.000302389	3307	1	FALSE	ORF1ab:cds-YP_009725295.1	AAA	K	CAA	Q	1185
NC_045512.2	3819	A	C	3232	2333	40	1	1	29	0.00030931	3233	1	FALSE	ORF1ab:cds-YP_009724389.1	AAA	K	ACA	T	1185
NC_045512.2	3819	A	C	3232	2333	40	1	1	29	0.00030931	3233	1	FALSE	ORF1ab:cds-YP_009725295.1	AAA	K	ACA	T	1185
NC_045512.2	3822	T	G	3092	2316	39	1	1	37	0.000323311	3093	0.937601	FALSE	ORF1ab:cds-YP_009724389.1	CTT	L	CGT	R	1186
NC_045512.2	3822	T	G	3092	2316	39	1	1	37	0.000323311	3093	0.937601	FALSE	ORF1ab:cds-YP_009725295.1	CTT	L	CGT	R	1186
NC_045512.2	3823	T	C	3119	2345	39	1	1	37	0.000320513	3120	0.9376	FALSE	ORF1ab:cds-YP_009724389.1	CTT	L	CTC	L	1186
NC_045512.2	3823	T	C	3119	2345	39	1	1	37	0.000320513	3120	0.9376	FALSE	ORF1ab:cds-YP_009725295.1	CTT	L	CTC	L	1186
NC_045512.2	3825	T	G	3132	2362	40	1	1	25	0.000319183	3133	1	FALSE	ORF1ab:cds-YP_009724389.1	GTT	V	GGT	G	1187
NC_045512.2	3825	T	G	3132	2362	40	1	1	25	0.000319183	3133	1	FALSE	ORF1ab:cds-YP_009725295.1	GTT	V	GGT	G	1187
NC_045512.2	3831	G	T	3287	2314	39	1	0	25	0.000304044	3289	1	FALSE	ORF1ab:cds-YP_009724389.1	AGC	S	ATC	I	1189
NC_045512.2	3831	G	T	3287	2314	39	1	0	25	0.000304044	3289	1	FALSE	ORF1ab:cds-YP_009725295.1	AGC	S	ATC	I	1189
NC_045512.2	3831	G	A	3287	2314	39	1	1	37	0.000304044	3289	0.937557	FALSE	ORF1ab:cds-YP_009724389.1	AGC	S	AAC	N	1189
NC_045512.2	3831	G	A	3287	2314	39	1	1	37	0.000304044	3289	0.937557	FALSE	ORF1ab:cds-YP_009725295.1	AGC	S	AAC	N	1189
NC_045512.2	3831	G	-C	3287	2314	39	1	0	20	0.000304044	3289	1	FALSE	NA	NA	NA	NA	NA	NA
NC_045512.2	3832	C	T	3305	2356	39	2	2	37	0.000604778	3307	0.812689	FALSE	ORF1ab:cds-YP_009724389.1	AGC	S	AGT	S	1189
NC_045512.2	3832	C	T	3305	2356	39	2	2	37	0.000604778	3307	0.812689	FALSE	ORF1ab:cds-YP_009725295.1	AGC	S	AGT	S	1189
NC_045512.2	3832	C	-T	3305	2356	39	3	0	20	0.000907167	3307	1	FALSE	NA	NA	NA	NA	NA	NA
NC_045512.2	3833	T	C	3044	2079	38	2	1	31	0.000656383	3047	0.812295	FALSE	ORF1ab:cds-YP_009724389.1	TTT	F	CTT	L	1190
NC_045512.2	3833	T	C	3044	2079	38	2	1	31	0.000656383	3047	0.812295	FALSE	ORF1ab:cds-YP_009725295.1	TTT	F	CTT	L	1190
NC_045512.2	3833	T	A	3044	2079	38	1	1	25	0.000328192	3047	1	FALSE	ORF1ab:cds-YP_009724389.1	TTT	F	ATT	I	1190
NC_045512.2	3833	T	A	3044	2079	38	1	1	25	0.000328192	3047	1	FALSE	ORF1ab:cds-YP_009725295.1	TTT	F	ATT	I	1190
NC_045512.2	3834	T	G	3132	2196	39	1	0	25	0.000319081	3134	1	FALSE	ORF1ab:cds-YP_009724389.1	TTT	F	TGT	C	1190
NC_045512.2	3834	T	G	3132	2196	39	1	0	25	0.000319081	3134	1	FALSE	ORF1ab:cds-YP_009725295.1	TTT	F	TGT	C	1190
NC_045512.2	3834	T	A	3132	2196	39	1	1	37	0.000319081	3134	0.93756	FALSE	ORF1ab:cds-YP_009724389.1	TTT	F	TAT	Y	1190
NC_045512.2	3834	T	A	3132	2196	39	1	1	37	0.000319081	3134	0.93756	FALSE	ORF1ab:cds-YP_009725295.1	TTT	F	TAT	Y	1190
NC_045512.2	3837	T	A	3083	2277	38	1	1	37	0.000324254	3084	0.937601	FALSE	ORF1ab:cds-YP_009724389.1	TTG	L	TAG	*	1191
NC_045512.2	3837	T	A	3083	2277	38	1	1	37	0.000324254	3084	0.937601	FALSE	ORF1ab:cds-YP_009725295.1	TTG	L	TAG	*	1191
NC_045512.2	3839	G	T	3117	2238	38	1	0	25	0.000320718	3118	1	FALSE	ORF1ab:cds-YP_009724389.1	GAA	E	TAA	*	1192
NC_045512.2	3839	G	T	3117	2238	38	1	0	25	0.000320718	3118	1	FALSE	ORF1ab:cds-YP_009725295.1	GAA	E	TAA	*	1192
NC_045512.2	3841	A	C	3021	2200	37	1	0	25	0.000330907	3022	1	FALSE	ORF1ab:cds-YP_009724389.1	GAA	E	GAC	D	1192
NC_045512.2	3841	A	C	3021	2200	37	1	0	25	0.000330907	3022	1	FALSE	ORF1ab:cds-YP_009725295.1	GAA	E	GAC	D	1192
NC_045512.2	3843	T	C	3121	2253	38	1	1	37	0.000320307	3122	0.9376	FALSE	ORF1ab:cds-YP_009724389.1	ATG	M	ACG	T	1193
NC_045512.2	3843	T	C	3121	2253	38	1	1	37	0.000320307	3122	0.9376	FALSE	ORF1ab:cds-YP_009725295.1	ATG	M	ACG	T	1193
NC_045512.2	3846	A	G	3062	2210	37	1	1	37	0.000326477	3063	0.937602	FALSE	ORF1ab:cds-YP_009724389.1	AAG	K	AGG	R	1194
NC_045512.2	3846	A	G	3062	2210	37	1	1	37	0.000326477	3063	0.937602	FALSE	ORF1ab:cds-YP_009725295.1	AAG	K	AGG	R	1194
NC_045512.2	3850	T	A	2985	2147	36	1	1	25	0.000334896	2986	1	FALSE	ORF1ab:cds-YP_009724389.1	AGT	S	AGA	R	1195
NC_045512.2	3850	T	A	2985	2147	36	1	1	25	0.000334896	2986	1	FALSE	ORF1ab:cds-YP_009725295.1	AGT	S	AGA	R	1195
NC_045512.2	3853	A	G	2893	2006	36	1	1	37	0.000345423	2895	0.875065	FALSE	ORF1ab:cds-YP_009724389.1	GAA	E	GAG	E	1196
NC_045512.2	3853	A	G	2893	2006	36	1	1	37	0.000345423	2895	0.875065	FALSE	ORF1ab:cds-YP_009725295.1	GAA	E	GAG	E	1196
NC_045512.2	3853	A	C	2893	2006	36	1	1	25	0.000345423	2895	1	FALSE	ORF1ab:cds-YP_009724389.1	GAA	E	GAC	D	1196
NC_045512.2	3853	A	C	2893	2006	36	1	1	25	0.000345423	2895	1	FALSE	ORF1ab:cds-YP_009725295.1	GAA	E	GAC	D	1196
NC_045512.2	3855	A	T	2865	2046	36	1	0	25	0.000348918	2866	1	FALSE	ORF1ab:cds-YP_009724389.1	AAG	K	ATG	M	1197
NC_045512.2	3855	A	T	2865	2046	36	1	0	25	0.000348918	2866	1	FALSE	ORF1ab:cds-YP_009725295.1	AAG	K	ATG	M	1197
NC_045512.2	3856	G	A	2826	1964	36	4	3	37	0.00141343	2830	0.343833	FALSE	ORF1ab:cds-YP_009724389.1	AAG	K	AAA	K	1197
NC_045512.2	3856	G	A	2826	1964	36	4	3	37	0.00141343	2830	0.343833	FALSE	ORF1ab:cds-YP_009725295.1	AAG	K	AAA	K	1197
NC_045512.2	3857	C	T	2900	2049	36	2	2	37	0.00068918	2902	0.687694	FALSE	ORF1ab:cds-YP_009724389.1	CAA	Q	TAA	*	1198
NC_045512.2	3857	C	T	2900	2049	36	2	2	37	0.00068918	2902	0.687694	FALSE	ORF1ab:cds-YP_009725295.1	CAA	Q	TAA	*	1198
NC_045512.2	3859	A	G	2491	1680	36	1	1	37	0.000401123	2493	0.875075	FALSE	ORF1ab:cds-YP_009724389.1	CAA	Q	CAG	Q	1198
NC_045512.2	3859	A	G	2491	1680	36	1	1	37	0.000401123	2493	0.875075	FALSE	ORF1ab:cds-YP_009725295.1	CAA	Q	CAG	Q	1198
NC_045512.2	3859	A	C	2491	1680	36	1	0	25	0.000401123	2493	1	FALSE	ORF1ab:cds-YP_009724389.1	CAA	Q	CAC	H	1198
NC_045512.2	3859	A	C	2491	1680	36	1	0	25	0.000401123	2493	1	FALSE	ORF1ab:cds-YP_009725295.1	CAA	Q	CAC	H	1198
NC_045512.2	3865	A	T	2525	1645	36	1	1	37	0.000395883	2526	0.875148	FALSE	ORF1ab:cds-YP_009724389.1	GAA	E	GAT	D	1200
NC_045512.2	3865	A	T	2525	1645	36	1	1	37	0.000395883	2526	0.875148	FALSE	ORF1ab:cds-YP_009725295.1	GAA	E	GAT	D	1200
NC_045512.2	3869	A	G	2488	1607	36	1	0	37	0.000401768	2489	0.875151	FALSE	ORF1ab:cds-YP_009724389.1	AAG	K	GAG	E	1202
NC_045512.2	3869	A	G	2488	1607	36	1	0	37	0.000401768	2489	0.875151	FALSE	ORF1ab:cds-YP_009725295.1	AAG	K	GAG	E	1202
NC_045512.2	3870	A	C	2431	1540	36	2	2	31	0.00082203	2433	0.687731	FALSE	ORF1ab:cds-YP_009724389.1	AAG	K	ACG	T	1202
NC_045512.2	3870	A	C	2431	1540	36	2	2	31	0.00082203	2433	0.687731	FALSE	ORF1ab:cds-YP_009725295.1	AAG	K	ACG	T	1202
NC_045512.2	3871	G	C	2376	1473	36	1	1	25	0.000420521	2378	1	FALSE	ORF1ab:cds-YP_009724389.1	AAG	K	AAC	N	1202
NC_045512.2	3871	G	C	2376	1473	36	1	1	25	0.000420521	2378	1	FALSE	ORF1ab:cds-YP_009725295.1	AAG	K	AAC	N	1202
NC_045512.2	3871	G	A	2376	1473	36	1	0	37	0.000420521	2378	0.875079	FALSE	ORF1ab:cds-YP_009724389.1	AAG	K	AAA	K	1202
NC_045512.2	3871	G	A	2376	1473	36	1	0	37	0.000420521	2378	0.875079	FALSE	ORF1ab:cds-YP_009725295.1	AAG	K	AAA	K	1202
NC_045512.2	3875	G	A	2022	1118	36	3	2	33	0.00148148	2025	0.500232	FALSE	ORF1ab:cds-YP_009724389.1	GCT	A	ACT	T	1204
NC_045512.2	3875	G	A	2022	1118	36	3	2	33	0.00148148	2025	0.500232	FALSE	ORF1ab:cds-YP_009725295.1	GCT	A	ACT	T	1204
NC_045512.2	3877	T	C	1969	1081	36	1	0	25	0.000507614	1970	0.999999	FALSE	ORF1ab:cds-YP_009724389.1	GCT	A	GCC	A	1204
NC_045512.2	3877	T	C	1969	1081	36	1	0	25	0.000507614	1970	0.999999	FALSE	ORF1ab:cds-YP_009725295.1	GCT	A	GCC	A	1204
NC_045512.2	3878	G	T	1997	1095	36	1	1	37	0.000500501	1998	0.750188	FALSE	ORF1ab:cds-YP_009724389.1	GAG	E	TAG	*	1205
NC_045512.2	3878	G	T	1997	1095	36	1	1	37	0.000500501	1998	0.750188	FALSE	ORF1ab:cds-YP_009725295.1	GAG	E	TAG	*	1205
NC_045512.2	3879	A	G	1925	1041	37	1	0	37	0.000519211	1926	0.750195	FALSE	ORF1ab:cds-YP_009724389.1	GAG	E	GGG	G	1205
NC_045512.2	3879	A	G	1925	1041	37	1	0	37	0.000519211	1926	0.750195	FALSE	ORF1ab:cds-YP_009725295.1	GAG	E	GGG	G	1205
NC_045512.2	3895	A	C	896	114	36	1	0	37	0.00111483	897	0.500279	FALSE	ORF1ab:cds-YP_009724389.1	GAA	E	GAC	D	1210
NC_045512.2	3895	A	C	896	114	36	1	0	37	0.00111483	897	0.500279	FALSE	ORF1ab:cds-YP_009725295.1	GAA	E	GAC	D	1210
NC_045512.2	3897	T	G	1029	114	37	1	0	25	0.000970874	1030	0.999527	FALSE	ORF1ab:cds-YP_009724389.1	GTT	V	GGT	G	1211
NC_045512.2	3897	T	G	1029	114	37	1	0	25	0.000970874	1030	0.999527	FALSE	ORF1ab:cds-YP_009725295.1	GTT	V	GGT	G	1211
NC_045512.2	3899	A	T	1075	129	38	1	0	37	0.000929368	1076	0.750349	FALSE	ORF1ab:cds-YP_009724389.1	AAG	K	TAG	*	1212
NC_045512.2	3899	A	T	1075	129	38	1	0	37	0.000929368	1076	0.750349	FALSE	ORF1ab:cds-YP_009725295.1	AAG	K	TAG	*	1212
NC_045512.2	3900	A	C	1086	128	38	1	0	25	0.000919963	1087	0.999526	FALSE	ORF1ab:cds-YP_009724389.1	AAG	K	ACG	T	1212
NC_045512.2	3900	A	C	1086	128	38	1	0	25	0.000919963	1087	0.999526	FALSE	ORF1ab:cds-YP_009725295.1	AAG	K	ACG	T	1212
NC_045512.2	3901	G	A	1076	124	38	2	0	37	0.00185529	1078	0.500348	FALSE	ORF1ab:cds-YP_009724389.1	AAG	K	AAA	K	1212
NC_045512.2	3901	G	A	1076	124	38	2	0	37	0.00185529	1078	0.500348	FALSE	ORF1ab:cds-YP_009725295.1	AAG	K	AAA	K	1212
NC_045512.2	3902	C	T	1095	129	38	4	0	37	0.00363967	1099	0.1875	FALSE	ORF1ab:cds-YP_009724389.1	CCA	P	TCA	S	1213
NC_045512.2	3902	C	T	1095	129	38	4	0	37	0.00363967	1099	0.1875	FALSE	ORF1ab:cds-YP_009725295.1	CCA	P	TCA	S	1213
NC_045512.2	3904	A	G	1194	129	38	1	1	25	0.000835422	1197	0.999761	FALSE	ORF1ab:cds-YP_009724389.1	CCA	P	CCG	P	1213
NC_045512.2	3904	A	G	1194	129	38	1	1	25	0.000835422	1197	0.999761	FALSE	ORF1ab:cds-YP_009725295.1	CCA	P	CCG	P	1213
NC_045512.2	3904	A	C	1194	129	38	2	0	31	0.00167084	1197	0.5	FALSE	ORF1ab:cds-YP_009724389.1	CCA	P	CCC	P	1213
NC_045512.2	3904	A	C	1194	129	38	2	0	31	0.00167084	1197	0.5	FALSE	ORF1ab:cds-YP_009725295.1	CCA	P	CCC	P	1213
NC_045512.2	3906	T	C	1290	133	38	1	0	25	0.000774593	1291	0.999882	FALSE	ORF1ab:cds-YP_009724389.1	TTT	F	TCT	S	1214
NC_045512.2	3906	T	C	1290	133	38	1	0	25	0.000774593	1291	0.999882	FALSE	ORF1ab:cds-YP_009725295.1	TTT	F	TCT	S	1214
NC_045512.2	3907	T	C	1318	143	38	1	0	37	0.00075815	1319	0.750284	FALSE	ORF1ab:cds-YP_009724389.1	TTT	F	TTC	F	1214
NC_045512.2	3907	T	C	1318	143	38	1	0	37	0.00075815	1319	0.750284	FALSE	ORF1ab:cds-YP_009725295.1	TTT	F	TTC	F	1214
NC_045512.2	3912	C	T	1281	162	38	1	0	37	0.000780031	1282	0.750293	FALSE	ORF1ab:cds-YP_009724389.1	ACT	T	ATT	I	1216
NC_045512.2	3912	C	T	1281	162	38	1	0	37	0.000780031	1282	0.750293	FALSE	ORF1ab:cds-YP_009725295.1	ACT	T	ATT	I	1216
NC_045512.2	3914	G	T	1279	166	38	1	0	37	0.00078125	1280	0.750293	FALSE	ORF1ab:cds-YP_009724389.1	GAA	E	TAA	*	1217
NC_045512.2	3914	G	T	1279	166	38	1	0	37	0.00078125	1280	0.750293	FALSE	ORF1ab:cds-YP_009725295.1	GAA	E	TAA	*	1217
NC_045512.2	3915	A	T	1270	171	38	1	0	25	0.000786782	1271	0.999882	FALSE	ORF1ab:cds-YP_009724389.1	GAA	E	GTA	V	1217
NC_045512.2	3915	A	T	1270	171	38	1	0	25	0.000786782	1271	0.999882	FALSE	ORF1ab:cds-YP_009725295.1	GAA	E	GTA	V	1217
NC_045512.2	3920	A	T	1380	179	38	1	0	25	0.000724113	1381	0.999941	FALSE	ORF1ab:cds-YP_009724389.1	AAA	K	TAA	*	1219
NC_045512.2	3920	A	T	1380	179	38	1	0	25	0.000724113	1381	0.999941	FALSE	ORF1ab:cds-YP_009725295.1	AAA	K	TAA	*	1219
NC_045512.2	3923	C	A	1428	189	38	1	0	25	0.00069979	1429	0.999971	FALSE	ORF1ab:cds-YP_009724389.1	CCT	P	ACT	T	1220
NC_045512.2	3923	C	A	1428	189	38	1	0	25	0.00069979	1429	0.999971	FALSE	ORF1ab:cds-YP_009725295.1	CCT	P	ACT	T	1220
NC_045512.2	3924	C	A	1400	209	38	1	0	25	0.000713776	1401	0.999971	FALSE	ORF1ab:cds-YP_009724389.1	CCT	P	CAT	H	1220
NC_045512.2	3924	C	A	1400	209	38	1	0	25	0.000713776	1401	0.999971	FALSE	ORF1ab:cds-YP_009725295.1	CCT	P	CAT	H	1220
NC_045512.2	3925	T	C	1347	213	37	1	0	37	0.00074184	1348	0.750278	FALSE	ORF1ab:cds-YP_009724389.1	CCT	P	CCC	P	1220
NC_045512.2	3925	T	C	1347	213	37	1	0	37	0.00074184	1348	0.750278	FALSE	ORF1ab:cds-YP_009725295.1	CCT	P	CCC	P	1220
NC_045512.2	3928	A	G	1429	234	38	2	0	37	0.00139762	1431	0.500262	FALSE	ORF1ab:cds-YP_009724389.1	TCA	S	TCG	S	1221
NC_045512.2	3928	A	G	1429	234	38	2	0	37	0.00139762	1431	0.500262	FALSE	ORF1ab:cds-YP_009725295.1	TCA	S	TCG	S	1221
NC_045512.2	3931	T	A	1483	231	38	1	0	25	0.000673854	1484	0.999971	FALSE	ORF1ab:cds-YP_009724389.1	GTT	V	GTA	V	1222
NC_045512.2	3931	T	A	1483	231	38	1	0	25	0.000673854	1484	0.999971	FALSE	ORF1ab:cds-YP_009725295.1	GTT	V	GTA	V	1222
NC_045512.2	3933	A	G	1493	229	37	1	0	37	0.000669344	1494	0.750251	FALSE	ORF1ab:cds-YP_009724389.1	GAA	E	GGA	G	1223
NC_045512.2	3933	A	G	1493	229	37	1	0	37	0.000669344	1494	0.750251	FALSE	ORF1ab:cds-YP_009725295.1	GAA	E	GGA	G	1223
NC_045512.2	3934	A	G	1503	226	38	1	0	37	0.000664452	1505	0.750083	FALSE	ORF1ab:cds-YP_009724389.1	GAA	E	GAG	E	1223
NC_045512.2	3934	A	G	1503	226	38	1	0	37	0.000664452	1505	0.750083	FALSE	ORF1ab:cds-YP_009725295.1	GAA	E	GAG	E	1223
NC_045512.2	3934	A	C	1503	226	38	1	0	25	0.000664452	1505	0.999985	FALSE	ORF1ab:cds-YP_009724389.1	GAA	E	GAC	D	1223
NC_045512.2	3934	A	C	1503	226	38	1	0	25	0.000664452	1505	0.999985	FALSE	ORF1ab:cds-YP_009725295.1	GAA	E	GAC	D	1223
NC_045512.2	3936	A	G	1507	263	37	1	0	37	0.00066313	1508	0.750249	FALSE	ORF1ab:cds-YP_009724389.1	CAG	Q	CGG	R	1224
NC_045512.2	3936	A	G	1507	263	37	1	0	37	0.00066313	1508	0.750249	FALSE	ORF1ab:cds-YP_009725295.1	CAG	Q	CGG	R	1224
NC_045512.2	3937	G	A	1579	257	38	1	0	37	0.000632911	1580	0.750237	FALSE	ORF1ab:cds-YP_009724389.1	CAG	Q	CAA	Q	1224
NC_045512.2	3937	G	A	1579	257	38	1	0	37	0.000632911	1580	0.750237	FALSE	ORF1ab:cds-YP_009725295.1	CAG	Q	CAA	Q	1224
NC_045512.2	3939	G	C	1551	243	37	1	0	37	0.00064433	1552	0.750242	FALSE	ORF1ab:cds-YP_009724389.1	AGA	R	ACA	T	1225
NC_045512.2	3939	G	C	1551	243	37	1	0	37	0.00064433	1552	0.750242	FALSE	ORF1ab:cds-YP_009725295.1	AGA	R	ACA	T	1225
NC_045512.2	3940	A	G	1528	284	38	1	0	25	0.000654022	1529	0.999985	FALSE	ORF1ab:cds-YP_009724389.1	AGA	R	AGG	R	1225
NC_045512.2	3940	A	G	1528	284	38	1	0	25	0.000654022	1529	0.999985	FALSE	ORF1ab:cds-YP_009725295.1	AGA	R	AGG	R	1225
NC_045512.2	3943	A	G	1540	276	38	1	0	37	0.000648508	1542	0.750081	FALSE	ORF1ab:cds-YP_009724389.1	AAA	K	AAG	K	1226
NC_045512.2	3943	A	G	1540	276	38	1	0	37	0.000648508	1542	0.750081	FALSE	ORF1ab:cds-YP_009725295.1	AAA	K	AAG	K	1226
NC_045512.2	3943	A	C	1540	276	38	1	1	25	0.000648508	1542	0.999985	FALSE	ORF1ab:cds-YP_009724389.1	AAA	K	AAC	N	1226
NC_045512.2	3943	A	C	1540	276	38	1	1	25	0.000648508	1542	0.999985	FALSE	ORF1ab:cds-YP_009725295.1	AAA	K	AAC	N	1226
NC_045512.2	3945	A	C	1513	286	38	1	0	25	0.000660502	1514	0.999985	FALSE	ORF1ab:cds-YP_009724389.1	CAA	Q	CCA	P	1227
NC_045512.2	3945	A	C	1513	286	38	1	0	25	0.000660502	1514	0.999985	FALSE	ORF1ab:cds-YP_009725295.1	CAA	Q	CCA	P	1227
NC_045512.2	3947	G	T	1511	284	37	1	0	25	0.000661376	1512	0.999985	FALSE	ORF1ab:cds-YP_009724389.1	GAT	D	TAT	Y	1228
NC_045512.2	3947	G	T	1511	284	37	1	0	25	0.000661376	1512	0.999985	FALSE	ORF1ab:cds-YP_009725295.1	GAT	D	TAT	Y	1228
NC_045512.2	3951	A	G	1370	316	37	1	0	37	0.000729395	1371	0.750274	FALSE	ORF1ab:cds-YP_009724389.1	GAT	D	GGT	G	1229
NC_045512.2	3951	A	G	1370	316	37	1	0	37	0.000729395	1371	0.750274	FALSE	ORF1ab:cds-YP_009725295.1	GAT	D	GGT	G	1229
NC_045512.2	3952	T	C	1354	318	37	1	0	37	0.000738007	1355	0.750277	FALSE	ORF1ab:cds-YP_009724389.1	GAT	D	GAC	D	1229
NC_045512.2	3952	T	C	1354	318	37	1	0	37	0.000738007	1355	0.750277	FALSE	ORF1ab:cds-YP_009725295.1	GAT	D	GAC	D	1229
NC_045512.2	3953	A	C	1368	315	37	1	0	25	0.00073046	1369	0.999941	FALSE	ORF1ab:cds-YP_009724389.1	AAG	K	CAG	Q	1230
NC_045512.2	3953	A	C	1368	315	37	1	0	25	0.00073046	1369	0.999941	FALSE	ORF1ab:cds-YP_009725295.1	AAG	K	CAG	Q	1230
NC_045512.2	3954	A	G	1377	315	37	1	1	37	0.000725163	1379	0.750091	FALSE	ORF1ab:cds-YP_009724389.1	AAG	K	AGG	R	1230
NC_045512.2	3954	A	G	1377	315	37	1	1	37	0.000725163	1379	0.750091	FALSE	ORF1ab:cds-YP_009725295.1	AAG	K	AGG	R	1230
NC_045512.2	3954	A	C	1377	315	37	1	1	25	0.000725163	1379	0.999941	FALSE	ORF1ab:cds-YP_009724389.1	AAG	K	ACG	T	1230
NC_045512.2	3954	A	C	1377	315	37	1	1	25	0.000725163	1379	0.999941	FALSE	ORF1ab:cds-YP_009725295.1	AAG	K	ACG	T	1230
NC_045512.2	3958	A	G	1396	310	37	1	0	25	0.00071582	1397	0.999941	FALSE	ORF1ab:cds-YP_009724389.1	AAA	K	AAG	K	1231
NC_045512.2	3958	A	G	1396	310	37	1	0	25	0.00071582	1397	0.999941	FALSE	ORF1ab:cds-YP_009725295.1	AAA	K	AAG	K	1231
NC_045512.2	3964	A	T	1312	352	36	1	0	29	0.000761615	1313	0.999941	FALSE	ORF1ab:cds-YP_009724389.1	AAA	K	AAT	N	1233
NC_045512.2	3964	A	T	1312	352	36	1	0	29	0.000761615	1313	0.999941	FALSE	ORF1ab:cds-YP_009725295.1	AAA	K	AAT	N	1233
NC_045512.2	3973	T	C	1404	386	38	1	0	25	0.000711744	1405	0.999971	FALSE	ORF1ab:cds-YP_009724389.1	GTT	V	GTC	V	1236
NC_045512.2	3973	T	C	1404	386	38	1	0	25	0.000711744	1405	0.999971	FALSE	ORF1ab:cds-YP_009725295.1	GTT	V	GTC	V	1236
NC_045512.2	3975	A	T	1397	390	38	1	0	25	0.000715308	1398	0.999941	FALSE	ORF1ab:cds-YP_009724389.1	GAA	E	GTA	V	1237
NC_045512.2	3975	A	T	1397	390	38	1	0	25	0.000715308	1398	0.999941	FALSE	ORF1ab:cds-YP_009725295.1	GAA	E	GTA	V	1237
NC_045512.2	3976	A	T	1401	383	39	2	1	31	0.00142552	1403	0.500267	FALSE	ORF1ab:cds-YP_009724389.1	GAA	E	GAT	D	1237
NC_045512.2	3976	A	T	1401	383	39	2	1	31	0.00142552	1403	0.500267	FALSE	ORF1ab:cds-YP_009725295.1	GAA	E	GAT	D	1237
NC_045512.2	3977	G	T	1373	381	38	1	0	25	0.000727802	1374	0.999941	FALSE	ORF1ab:cds-YP_009724389.1	GAA	E	TAA	*	1238
NC_045512.2	3977	G	T	1373	381	38	1	0	25	0.000727802	1374	0.999941	FALSE	ORF1ab:cds-YP_009725295.1	GAA	E	TAA	*	1238
NC_045512.2	3993	T	C	1437	425	38	2	1	37	0.00138985	1439	0.500261	FALSE	ORF1ab:cds-YP_009724389.1	CTG	L	CCG	P	1243
NC_045512.2	3993	T	C	1437	425	38	2	1	37	0.00138985	1439	0.500261	FALSE	ORF1ab:cds-YP_009725295.1	CTG	L	CCG	P	1243
NC_045512.2	3997	A	C	1415	464	39	1	0	25	0.000706215	1416	0.999971	FALSE	ORF1ab:cds-YP_009724389.1	GAA	E	GAC	D	1244
NC_045512.2	3997	A	C	1415	464	39	1	0	25	0.000706215	1416	0.999971	FALSE	ORF1ab:cds-YP_009725295.1	GAA	E	GAC	D	1244
NC_045512.2	4004	A	C	1440	461	39	1	0	25	0.000693963	1441	0.999971	FALSE	ORF1ab:cds-YP_009724389.1	AAG	K	CAG	Q	1247
NC_045512.2	4004	A	C	1440	461	39	1	0	25	0.000693963	1441	0.999971	FALSE	ORF1ab:cds-YP_009725295.1	AAG	K	CAG	Q	1247
NC_045512.2	4005	A	G	1298	461	38	2	2	74	0.00153846	1300	0.250096	FALSE	ORF1ab:cds-YP_009724389.1	AAG	K	AGG	R	1247
NC_045512.2	4005	A	G	1298	461	38	2	2	74	0.00153846	1300	0.250096	FALSE	ORF1ab:cds-YP_009725295.1	AAG	K	AGG	R	1247
NC_045512.2	4013	A	G	1279	457	38	1	0	37	0.00078125	1280	0.750293	FALSE	ORF1ab:cds-YP_009724389.1	ACA	T	GCA	A	1250
NC_045512.2	4013	A	G	1279	457	38	1	0	37	0.00078125	1280	0.750293	FALSE	ORF1ab:cds-YP_009725295.1	ACA	T	GCA	A	1250
NC_045512.2	4014	C	A	1306	467	38	1	0	25	0.000765111	1307	0.999941	FALSE	ORF1ab:cds-YP_009724389.1	ACA	T	AAA	K	1250
NC_045512.2	4014	C	A	1306	467	38	1	0	25	0.000765111	1307	0.999941	FALSE	ORF1ab:cds-YP_009725295.1	ACA	T	AAA	K	1250
NC_045512.2	4018	A	C	1169	465	37	1	0	25	0.000854701	1170	0.999764	FALSE	ORF1ab:cds-YP_009724389.1	GAA	E	GAC	D	1251
NC_045512.2	4018	A	C	1169	465	37	1	0	25	0.000854701	1170	0.999764	FALSE	ORF1ab:cds-YP_009725295.1	GAA	E	GAC	D	1251
NC_045512.2	4020	A	T	1197	489	37	1	0	25	0.000834028	1199	0.999763	FALSE	ORF1ab:cds-YP_009724389.1	AAC	N	ATC	I	1252
NC_045512.2	4020	A	T	1197	489	37	1	0	25	0.000834028	1199	0.999763	FALSE	ORF1ab:cds-YP_009725295.1	AAC	N	ATC	I	1252
NC_045512.2	4020	A	C	1197	489	37	1	0	25	0.000834028	1199	0.999763	FALSE	ORF1ab:cds-YP_009724389.1	AAC	N	ACC	T	1252
NC_045512.2	4020	A	C	1197	489	37	1	0	25	0.000834028	1199	0.999763	FALSE	ORF1ab:cds-YP_009725295.1	AAC	N	ACC	T	1252
NC_045512.2	4022	T	G	1224	538	38	1	0	25	0.000816327	1225	0.999882	FALSE	ORF1ab:cds-YP_009724389.1	TTG	L	GTG	V	1253
NC_045512.2	4022	T	G	1224	538	38	1	0	25	0.000816327	1225	0.999882	FALSE	ORF1ab:cds-YP_009725295.1	TTG	L	GTG	V	1253
NC_045512.2	4024	G	A	1386	733	39	1	1	37	0.000720981	1387	0.75027	FALSE	ORF1ab:cds-YP_009724389.1	TTG	L	TTA	L	1253
NC_045512.2	4024	G	A	1386	733	39	1	1	37	0.000720981	1387	0.75027	FALSE	ORF1ab:cds-YP_009725295.1	TTG	L	TTA	L	1253
NC_045512.2	4027	A	C	1439	816	40	1	0	37	0.000694444	1440	0.750261	FALSE	ORF1ab:cds-YP_009724389.1	TTA	L	TTC	F	1254
NC_045512.2	4027	A	C	1439	816	40	1	0	37	0.000694444	1440	0.750261	FALSE	ORF1ab:cds-YP_009725295.1	TTA	L	TTC	F	1254
NC_045512.2	4030	T	G	1351	835	39	1	0	25	0.000739645	1352	0.999941	FALSE	ORF1ab:cds-YP_009724389.1	CTT	L	CTG	L	1255
NC_045512.2	4030	T	G	1351	835	39	1	0	25	0.000739645	1352	0.999941	FALSE	ORF1ab:cds-YP_009725295.1	CTT	L	CTG	L	1255
NC_045512.2	4038	A	T	1414	944	39	1	0	37	0.000706714	1415	0.750265	FALSE	ORF1ab:cds-YP_009724389.1	GAC	D	GTC	V	1258
NC_045512.2	4038	A	T	1414	944	39	1	0	37	0.000706714	1415	0.750265	FALSE	ORF1ab:cds-YP_009725295.1	GAC	D	GTC	V	1258
NC_045512.2	4040	A	T	1432	962	39	1	1	25	0.00069735	1434	0.999971	FALSE	ORF1ab:cds-YP_009724389.1	ATT	I	TTT	F	1259
NC_045512.2	4040	A	T	1432	962	39	1	1	25	0.00069735	1434	0.999971	FALSE	ORF1ab:cds-YP_009725295.1	ATT	I	TTT	F	1259
NC_045512.2	4040	A	C	1432	962	39	1	0	37	0.00069735	1434	0.750087	FALSE	ORF1ab:cds-YP_009724389.1	ATT	I	CTT	L	1259
NC_045512.2	4040	A	C	1432	962	39	1	0	37	0.00069735	1434	0.750087	FALSE	ORF1ab:cds-YP_009725295.1	ATT	I	CTT	L	1259
NC_045512.2	4043	A	C	1422	952	39	1	1	25	0.000702741	1423	0.999971	FALSE	ORF1ab:cds-YP_009724389.1	AAT	N	CAT	H	1260
NC_045512.2	4043	A	C	1422	952	39	1	1	25	0.000702741	1423	0.999971	FALSE	ORF1ab:cds-YP_009725295.1	AAT	N	CAT	H	1260
NC_045512.2	4044	A	G	1505	1055	39	1	1	74	0.00066313	1508	0.499834	FALSE	ORF1ab:cds-YP_009724389.1	AAT	N	AGT	S	1260
NC_045512.2	4044	A	G	1505	1055	39	1	1	74	0.00066313	1508	0.499834	FALSE	ORF1ab:cds-YP_009725295.1	AAT	N	AGT	S	1260
NC_045512.2	4044	A	C	1505	1055	39	2	2	25	0.00132626	1508	0.999867	FALSE	ORF1ab:cds-YP_009724389.1	AAT	N	ACT	T	1260
NC_045512.2	4044	A	C	1505	1055	39	2	2	25	0.00132626	1508	0.999867	FALSE	ORF1ab:cds-YP_009725295.1	AAT	N	ACT	T	1260
NC_045512.2	4046	G	T	1578	1144	40	2	2	27	0.00126582	1580	0.999868	FALSE	ORF1ab:cds-YP_009724389.1	GGC	G	TGC	C	1261
NC_045512.2	4046	G	T	1578	1144	40	2	2	27	0.00126582	1580	0.999868	FALSE	ORF1ab:cds-YP_009725295.1	GGC	G	TGC	C	1261
NC_045512.2	4047	G	C	1567	1131	40	1	1	37	0.000636537	1571	0.749761	FALSE	ORF1ab:cds-YP_009724389.1	GGC	G	GCC	A	1261
NC_045512.2	4047	G	C	1567	1131	40	1	1	37	0.000636537	1571	0.749761	FALSE	ORF1ab:cds-YP_009725295.1	GGC	G	GCC	A	1261
NC_045512.2	4047	G	A	1567	1131	40	3	2	49	0.00190961	1571	0.124881	FALSE	ORF1ab:cds-YP_009724389.1	GGC	G	GAC	D	1261
NC_045512.2	4047	G	A	1567	1131	40	3	2	49	0.00190961	1571	0.124881	FALSE	ORF1ab:cds-YP_009725295.1	GGC	G	GAC	D	1261
NC_045512.2	4048	C	T	1555	1126	40	1	1	37	0.000642674	1556	0.750241	FALSE	ORF1ab:cds-YP_009724389.1	GGC	G	GGT	G	1261
NC_045512.2	4048	C	T	1555	1126	40	1	1	37	0.000642674	1556	0.750241	FALSE	ORF1ab:cds-YP_009725295.1	GGC	G	GGT	G	1261
NC_045512.2	4049	A	T	1579	1149	41	1	1	25	0.000632911	1580	0.999985	FALSE	ORF1ab:cds-YP_009724389.1	AAT	N	TAT	Y	1262
NC_045512.2	4049	A	T	1579	1149	41	1	1	25	0.000632911	1580	0.999985	FALSE	ORF1ab:cds-YP_009725295.1	AAT	N	TAT	Y	1262
NC_045512.2	4052	C	A	1581	1145	40	1	1	37	0.000632111	1582	0.750237	FALSE	ORF1ab:cds-YP_009724389.1	CTT	L	ATT	I	1263
NC_045512.2	4052	C	A	1581	1145	40	1	1	37	0.000632111	1582	0.750237	FALSE	ORF1ab:cds-YP_009725295.1	CTT	L	ATT	I	1263
NC_045512.2	4054	T	C	1578	1153	40	2	1	55	0.00126582	1580	0.250079	FALSE	ORF1ab:cds-YP_009724389.1	CTT	L	CTC	L	1263
NC_045512.2	4054	T	C	1578	1153	40	2	1	55	0.00126582	1580	0.250079	FALSE	ORF1ab:cds-YP_009725295.1	CTT	L	CTC	L	1263
NC_045512.2	4056	A	T	1721	1298	41	1	1	25	0.00058072	1722	0.999996	FALSE	ORF1ab:cds-YP_009724389.1	CAT	H	CTT	L	1264
NC_045512.2	4056	A	T	1721	1298	41	1	1	25	0.00058072	1722	0.999996	FALSE	ORF1ab:cds-YP_009725295.1	CAT	H	CTT	L	1264
NC_045512.2	4061	G	T	1672	1295	40	1	1	25	0.000597729	1673	0.999993	FALSE	ORF1ab:cds-YP_009724389.1	GAT	D	TAT	Y	1266
NC_045512.2	4061	G	T	1672	1295	40	1	1	25	0.000597729	1673	0.999993	FALSE	ORF1ab:cds-YP_009725295.1	GAT	D	TAT	Y	1266
NC_045512.2	4063	T	G	1657	1281	40	1	1	25	0.000603136	1658	0.999993	FALSE	ORF1ab:cds-YP_009724389.1	GAT	D	GAG	E	1266
NC_045512.2	4063	T	G	1657	1281	40	1	1	25	0.000603136	1658	0.999993	FALSE	ORF1ab:cds-YP_009725295.1	GAT	D	GAG	E	1266
NC_045512.2	4066	T	A	1659	1304	40	1	0	37	0.00060241	1660	0.750226	FALSE	ORF1ab:cds-YP_009724389.1	TCT	S	TCA	S	1267
NC_045512.2	4066	T	A	1659	1304	40	1	0	37	0.00060241	1660	0.750226	FALSE	ORF1ab:cds-YP_009725295.1	TCT	S	TCA	S	1267
NC_045512.2	4067	G	A	1673	1318	40	3	3	33	0.00178998	1676	0.312612	FALSE	ORF1ab:cds-YP_009724389.1	GCC	A	ACC	T	1268
NC_045512.2	4067	G	A	1673	1318	40	3	3	33	0.00178998	1676	0.312612	FALSE	ORF1ab:cds-YP_009725295.1	GCC	A	ACC	T	1268
NC_045512.2	4068	C	T	1657	1309	40	2	1	55	0.00120482	1660	0.249925	FALSE	ORF1ab:cds-YP_009724389.1	GCC	A	GTC	V	1268
NC_045512.2	4068	C	T	1657	1309	40	2	1	55	0.00120482	1660	0.249925	FALSE	ORF1ab:cds-YP_009725295.1	GCC	A	GTC	V	1268
NC_045512.2	4068	C	A	1657	1309	40	1	0	29	0.00060241	1660	0.999993	FALSE	ORF1ab:cds-YP_009724389.1	GCC	A	GAC	D	1268
NC_045512.2	4068	C	A	1657	1309	40	1	0	29	0.00060241	1660	0.999993	FALSE	ORF1ab:cds-YP_009725295.1	GCC	A	GAC	D	1268
NC_045512.2	4069	C	T	1672	1321	40	1	1	37	0.000597729	1673	0.750224	FALSE	ORF1ab:cds-YP_009724389.1	GCC	A	GCT	A	1268
NC_045512.2	4069	C	T	1672	1321	40	1	1	37	0.000597729	1673	0.750224	FALSE	ORF1ab:cds-YP_009725295.1	GCC	A	GCT	A	1268
NC_045512.2	4070	A	G	1624	1294	40	1	1	37	0.000615385	1625	0.750231	FALSE	ORF1ab:cds-YP_009724389.1	ACT	T	GCT	A	1269
NC_045512.2	4070	A	G	1624	1294	40	1	1	37	0.000615385	1625	0.750231	FALSE	ORF1ab:cds-YP_009725295.1	ACT	T	GCT	A	1269
NC_045512.2	4079	A	T	1553	1266	39	1	1	20	0.000643501	1554	0.999985	FALSE	ORF1ab:cds-YP_009724389.1	AGT	S	TGT	C	1272
NC_045512.2	4079	A	T	1553	1266	39	1	1	20	0.000643501	1554	0.999985	FALSE	ORF1ab:cds-YP_009725295.1	AGT	S	TGT	C	1272
NC_045512.2	4082	G	A	1512	1261	39	1	0	37	0.000660939	1513	0.750248	FALSE	ORF1ab:cds-YP_009724389.1	GAC	D	AAC	N	1273
NC_045512.2	4082	G	A	1512	1261	39	1	0	37	0.000660939	1513	0.750248	FALSE	ORF1ab:cds-YP_009725295.1	GAC	D	AAC	N	1273
NC_045512.2	4083	A	G	1508	1263	39	1	1	37	0.000662691	1509	0.750249	FALSE	ORF1ab:cds-YP_009724389.1	GAC	D	GGC	G	1273
NC_045512.2	4083	A	G	1508	1263	39	1	1	37	0.000662691	1509	0.750249	FALSE	ORF1ab:cds-YP_009725295.1	GAC	D	GGC	G	1273
NC_045512.2	4086	T	C	1465	1242	38	1	0	36	0.000682128	1466	0.750256	FALSE	ORF1ab:cds-YP_009724389.1	ATT	I	ACT	T	1274
NC_045512.2	4086	T	C	1465	1242	38	1	0	36	0.000682128	1466	0.750256	FALSE	ORF1ab:cds-YP_009725295.1	ATT	I	ACT	T	1274
NC_045512.2	4087	T	G	1454	1228	38	1	1	25	0.000687285	1455	0.999971	FALSE	ORF1ab:cds-YP_009724389.1	ATT	I	ATG	M	1274
NC_045512.2	4087	T	G	1454	1228	38	1	1	25	0.000687285	1455	0.999971	FALSE	ORF1ab:cds-YP_009725295.1	ATT	I	ATG	M	1274
NC_045512.2	4109	G	T	1321	1188	37	1	1	37	0.00075643	1322	0.750284	FALSE	ORF1ab:cds-YP_009724389.1	GAT	D	TAT	Y	1282
NC_045512.2	4109	G	T	1321	1188	37	1	1	37	0.00075643	1322	0.750284	FALSE	ORF1ab:cds-YP_009725295.1	GAT	D	TAT	Y	1282
NC_045512.2	4110	A	C	1315	1188	37	1	1	37	0.000759878	1316	0.750285	FALSE	ORF1ab:cds-YP_009724389.1	GAT	D	GCT	A	1282
NC_045512.2	4110	A	C	1315	1188	37	1	1	37	0.000759878	1316	0.750285	FALSE	ORF1ab:cds-YP_009725295.1	GAT	D	GCT	A	1282
NC_045512.2	4112	G	A	1307	1180	37	1	1	37	0.000764526	1308	0.750287	FALSE	ORF1ab:cds-YP_009724389.1	GCT	A	ACT	T	1283
NC_045512.2	4112	G	A	1307	1180	37	1	1	37	0.000764526	1308	0.750287	FALSE	ORF1ab:cds-YP_009725295.1	GCT	A	ACT	T	1283
NC_045512.2	4113	C	T	2562	1225	36	1	1	37	0.000390016	2564	0.875073	FALSE	ORF1ab:cds-YP_009724389.1	GCT	A	GTT	V	1283
NC_045512.2	4113	C	T	2562	1225	36	1	1	37	0.000390016	2564	0.875073	FALSE	ORF1ab:cds-YP_009725295.1	GCT	A	GTT	V	1283
NC_045512.2	4113	C	A	2562	1225	36	1	1	37	0.000390016	2564	0.875073	FALSE	ORF1ab:cds-YP_009724389.1	GCT	A	GAT	D	1283
NC_045512.2	4113	C	A	2562	1225	36	1	1	37	0.000390016	2564	0.875073	FALSE	ORF1ab:cds-YP_009725295.1	GCT	A	GAT	D	1283
NC_045512.2	4114	T	C	2921	1206	36	1	1	37	0.000342231	2922	0.875128	FALSE	ORF1ab:cds-YP_009724389.1	GCT	A	GCC	A	1283
NC_045512.2	4114	T	C	2921	1206	36	1	1	37	0.000342231	2922	0.875128	FALSE	ORF1ab:cds-YP_009725295.1	GCT	A	GCC	A	1283
NC_045512.2	4115	C	T	4331	1215	36	2	0	37	0.000461574	4333	0.89076	FALSE	ORF1ab:cds-YP_009724389.1	CCA	P	TCA	S	1284
NC_045512.2	4115	C	T	4331	1215	36	2	0	37	0.000461574	4333	0.89076	FALSE	ORF1ab:cds-YP_009725295.1	CCA	P	TCA	S	1284
NC_045512.2	4116	C	T	5034	1214	36	1	0	37	0.00019861	5035	0.984408	FALSE	ORF1ab:cds-YP_009724389.1	CCA	P	CTA	L	1284
NC_045512.2	4116	C	T	5034	1214	36	1	0	37	0.00019861	5035	0.984408	FALSE	ORF1ab:cds-YP_009725295.1	CCA	P	CTA	L	1284
NC_045512.2	4118	T	G	5767	1220	35	1	0	25	0.00017331	5770	1	FALSE	ORF1ab:cds-YP_009724389.1	TAT	Y	GAT	D	1285
NC_045512.2	4118	T	G	5767	1220	35	1	0	25	0.00017331	5770	1	FALSE	ORF1ab:cds-YP_009725295.1	TAT	Y	GAT	D	1285
NC_045512.2	4118	T	C	5767	1220	35	1	1	37	0.00017331	5770	0.984387	FALSE	ORF1ab:cds-YP_009724389.1	TAT	Y	CAT	H	1285
NC_045512.2	4118	T	C	5767	1220	35	1	1	37	0.00017331	5770	0.984387	FALSE	ORF1ab:cds-YP_009725295.1	TAT	Y	CAT	H	1285
NC_045512.2	4118	T	A	5767	1220	35	1	0	37	0.00017331	5770	0.984387	FALSE	ORF1ab:cds-YP_009724389.1	TAT	Y	AAT	N	1285
NC_045512.2	4118	T	A	5767	1220	35	1	0	37	0.00017331	5770	0.984387	FALSE	ORF1ab:cds-YP_009725295.1	TAT	Y	AAT	N	1285
NC_045512.2	4119	A	C	6251	1212	36	1	0	25	0.000159949	6252	1	FALSE	ORF1ab:cds-YP_009724389.1	TAT	Y	TCT	S	1285
NC_045512.2	4119	A	C	6251	1212	36	1	0	25	0.000159949	6252	1	FALSE	ORF1ab:cds-YP_009725295.1	TAT	Y	TCT	S	1285
NC_045512.2	4120	T	C	6236	1189	36	1	0	25	0.000160333	6237	1	FALSE	ORF1ab:cds-YP_009724389.1	TAT	Y	TAC	Y	1285
NC_045512.2	4120	T	C	6236	1189	36	1	0	25	0.000160333	6237	1	FALSE	ORF1ab:cds-YP_009725295.1	TAT	Y	TAC	Y	1285
NC_045512.2	4121	A	G	6377	1140	36	1	1	37	0.000156764	6379	0.9922	FALSE	ORF1ab:cds-YP_009724389.1	ATA	I	GTA	V	1286
NC_045512.2	4121	A	G	6377	1140	36	1	1	37	0.000156764	6379	0.9922	FALSE	ORF1ab:cds-YP_009725295.1	ATA	I	GTA	V	1286
NC_045512.2	4121	A	C	6377	1140	36	1	0	37	0.000156764	6379	0.9922	FALSE	ORF1ab:cds-YP_009724389.1	ATA	I	CTA	L	1286
NC_045512.2	4121	A	C	6377	1140	36	1	0	37	0.000156764	6379	0.9922	FALSE	ORF1ab:cds-YP_009725295.1	ATA	I	CTA	L	1286
NC_045512.2	4122	T	A	6347	1129	36	1	0	25	0.00015753	6348	1	FALSE	ORF1ab:cds-YP_009724389.1	ATA	I	AAA	K	1286
NC_045512.2	4122	T	A	6347	1129	36	1	0	25	0.00015753	6348	1	FALSE	ORF1ab:cds-YP_009725295.1	ATA	I	AAA	K	1286
NC_045512.2	4123	A	G	6410	1015	36	1	0	37	0.000155982	6411	0.992205	FALSE	ORF1ab:cds-YP_009724389.1	ATA	I	ATG	M	1286
NC_045512.2	4123	A	G	6410	1015	36	1	0	37	0.000155982	6411	0.992205	FALSE	ORF1ab:cds-YP_009725295.1	ATA	I	ATG	M	1286
NC_045512.2	4124	G	C	6426	1029	36	2	1	31	0.00031109	6429	0.964886	FALSE	ORF1ab:cds-YP_009724389.1	GTG	V	CTG	L	1287
NC_045512.2	4124	G	C	6426	1029	36	2	1	31	0.00031109	6429	0.964886	FALSE	ORF1ab:cds-YP_009725295.1	GTG	V	CTG	L	1287
NC_045512.2	4124	G	A	6426	1029	36	1	0	37	0.000155545	6429	0.992196	FALSE	ORF1ab:cds-YP_009724389.1	GTG	V	ATG	M	1287
NC_045512.2	4124	G	A	6426	1029	36	1	0	37	0.000155545	6429	0.992196	FALSE	ORF1ab:cds-YP_009725295.1	GTG	V	ATG	M	1287
NC_045512.2	4125	T	C	6229	870	36	1	0	37	0.000160488	6231	0.992201	FALSE	ORF1ab:cds-YP_009724389.1	GTG	V	GCG	A	1287
NC_045512.2	4125	T	C	6229	870	36	1	0	37	0.000160488	6231	0.992201	FALSE	ORF1ab:cds-YP_009725295.1	GTG	V	GCG	A	1287
NC_045512.2	4125	T	A	6229	870	36	1	0	37	0.000160488	6231	0.992201	FALSE	ORF1ab:cds-YP_009724389.1	GTG	V	GAG	E	1287
NC_045512.2	4125	T	A	6229	870	36	1	0	37	0.000160488	6231	0.992201	FALSE	ORF1ab:cds-YP_009725295.1	GTG	V	GAG	E	1287
NC_045512.2	4126	G	A	7192	834	36	1	0	37	0.000139024	7193	0.996104	FALSE	ORF1ab:cds-YP_009724389.1	GTG	V	GTA	V	1287
NC_045512.2	4126	G	A	7192	834	36	1	0	37	0.000139024	7193	0.996104	FALSE	ORF1ab:cds-YP_009725295.1	GTG	V	GTA	V	1287
NC_045512.2	4127	G	C	7178	822	36	1	0	25	0.000139295	7179	1	FALSE	ORF1ab:cds-YP_009724389.1	GGT	G	CGT	R	1288
NC_045512.2	4127	G	C	7178	822	36	1	0	25	0.000139295	7179	1	FALSE	ORF1ab:cds-YP_009725295.1	GGT	G	CGT	R	1288
NC_045512.2	4129	T	C	7187	830	36	1	0	37	0.000139101	7189	0.996101	FALSE	ORF1ab:cds-YP_009724389.1	GGT	G	GGC	G	1288
NC_045512.2	4129	T	C	7187	830	36	1	0	37	0.000139101	7189	0.996101	FALSE	ORF1ab:cds-YP_009725295.1	GGT	G	GGC	G	1288
NC_045512.2	4129	T	A	7187	830	36	1	0	37	0.000139101	7189	0.996101	FALSE	ORF1ab:cds-YP_009724389.1	GGT	G	GGA	G	1288
NC_045512.2	4129	T	A	7187	830	36	1	0	37	0.000139101	7189	0.996101	FALSE	ORF1ab:cds-YP_009725295.1	GGT	G	GGA	G	1288
NC_045512.2	4131	A	G	7338	815	36	1	0	37	0.000136258	7339	0.996103	FALSE	ORF1ab:cds-YP_009724389.1	GAT	D	GGT	G	1289
NC_045512.2	4131	A	G	7338	815	36	1	0	37	0.000136258	7339	0.996103	FALSE	ORF1ab:cds-YP_009725295.1	GAT	D	GGT	G	1289
NC_045512.2	4132	T	G	7232	819	36	3	0	25	0.000414594	7236	1	FALSE	ORF1ab:cds-YP_009724389.1	GAT	D	GAG	E	1289
NC_045512.2	4132	T	G	7232	819	36	3	0	25	0.000414594	7236	1	FALSE	ORF1ab:cds-YP_009725295.1	GAT	D	GAG	E	1289
NC_045512.2	4132	T	C	7232	819	36	1	1	37	0.000138198	7236	0.996097	FALSE	ORF1ab:cds-YP_009724389.1	GAT	D	GAC	D	1289
NC_045512.2	4132	T	C	7232	819	36	1	1	37	0.000138198	7236	0.996097	FALSE	ORF1ab:cds-YP_009725295.1	GAT	D	GAC	D	1289
NC_045512.2	4133	G	A	7569	826	36	1	0	37	0.0001321	7570	0.996103	FALSE	ORF1ab:cds-YP_009724389.1	GTT	V	ATT	I	1290
NC_045512.2	4133	G	A	7569	826	36	1	0	37	0.0001321	7570	0.996103	FALSE	ORF1ab:cds-YP_009725295.1	GTT	V	ATT	I	1290
NC_045512.2	4134	T	G	7351	789	36	1	0	25	0.000135999	7353	1	FALSE	ORF1ab:cds-YP_009724389.1	GTT	V	GGT	G	1290
NC_045512.2	4134	T	G	7351	789	36	1	0	25	0.000135999	7353	1	FALSE	ORF1ab:cds-YP_009725295.1	GTT	V	GGT	G	1290
NC_045512.2	4134	T	C	7351	789	36	1	1	37	0.000135999	7353	0.996101	FALSE	ORF1ab:cds-YP_009724389.1	GTT	V	GCT	A	1290
NC_045512.2	4134	T	C	7351	789	36	1	1	37	0.000135999	7353	0.996101	FALSE	ORF1ab:cds-YP_009725295.1	GTT	V	GCT	A	1290
NC_045512.2	4135	T	C	7375	668	36	2	0	37	0.000271113	7377	0.980507	FALSE	ORF1ab:cds-YP_009724389.1	GTT	V	GTC	V	1290
NC_045512.2	4135	T	C	7375	668	36	2	0	37	0.000271113	7377	0.980507	FALSE	ORF1ab:cds-YP_009725295.1	GTT	V	GTC	V	1290
NC_045512.2	4137	T	G	8599	651	36	1	0	25	0.000116266	8601	1	FALSE	ORF1ab:cds-YP_009724389.1	GTT	V	GGT	G	1291
NC_045512.2	4137	T	G	8599	651	36	1	0	25	0.000116266	8601	1	FALSE	ORF1ab:cds-YP_009725295.1	GTT	V	GGT	G	1291
NC_045512.2	4137	T	C	8599	651	36	1	0	37	0.000116266	8601	0.998051	FALSE	ORF1ab:cds-YP_009724389.1	GTT	V	GCT	A	1291
NC_045512.2	4137	T	C	8599	651	36	1	0	37	0.000116266	8601	0.998051	FALSE	ORF1ab:cds-YP_009725295.1	GTT	V	GCT	A	1291
NC_045512.2	4139	C	A	8977	660	36	1	0	37	0.000111383	8978	0.998052	FALSE	ORF1ab:cds-YP_009724389.1	CAA	Q	AAA	K	1292
NC_045512.2	4139	C	A	8977	660	36	1	0	37	0.000111383	8978	0.998052	FALSE	ORF1ab:cds-YP_009725295.1	CAA	Q	AAA	K	1292
NC_045512.2	4140	A	C	8821	611	36	1	1	25	0.000113353	8822	1	FALSE	ORF1ab:cds-YP_009724389.1	CAA	Q	CCA	P	1292
NC_045512.2	4140	A	C	8821	611	36	1	1	25	0.000113353	8822	1	FALSE	ORF1ab:cds-YP_009725295.1	CAA	Q	CCA	P	1292
NC_045512.2	4142	G	T	8998	708	36	1	1	37	0.000111123	8999	0.998052	FALSE	ORF1ab:cds-YP_009724389.1	GAG	E	TAG	*	1293
NC_045512.2	4142	G	T	8998	708	36	1	1	37	0.000111123	8999	0.998052	FALSE	ORF1ab:cds-YP_009725295.1	GAG	E	TAG	*	1293
NC_045512.2	4142	G	-A	8998	708	36	1	0	20	0.000111123	8999	1	FALSE	NA	NA	NA	NA	NA	NA
NC_045512.2	4143	A	T	8883	700	36	3	1	41	0.000337572	8887	0.124958	FALSE	ORF1ab:cds-YP_009724389.1	GAG	E	GTG	V	1293
NC_045512.2	4143	A	T	8883	700	36	3	1	41	0.000337572	8887	0.124958	FALSE	ORF1ab:cds-YP_009725295.1	GAG	E	GTG	V	1293
NC_045512.2	4143	A	G	8883	700	36	1	0	25	0.000112524	8887	1	FALSE	ORF1ab:cds-YP_009724389.1	GAG	E	GGG	G	1293
NC_045512.2	4143	A	G	8883	700	36	1	0	25	0.000112524	8887	1	FALSE	ORF1ab:cds-YP_009725295.1	GAG	E	GGG	G	1293
NC_045512.2	4143	A	-G	8883	700	36	2	0	20	0.000225023	8888	1	FALSE	NA	NA	NA	NA	NA	NA
NC_045512.2	4145	G	T	8636	285	36	1	0	37	0.000115741	8640	0.998049	FALSE	ORF1ab:cds-YP_009724389.1	GGT	G	TGT	C	1294
NC_045512.2	4145	G	T	8636	285	36	1	0	37	0.000115741	8640	0.998049	FALSE	ORF1ab:cds-YP_009725295.1	GGT	G	TGT	C	1294
NC_045512.2	4145	G	C	8636	285	36	1	0	25	0.000115741	8640	1	FALSE	ORF1ab:cds-YP_009724389.1	GGT	G	CGT	R	1294
NC_045512.2	4145	G	C	8636	285	36	1	0	25	0.000115741	8640	1	FALSE	ORF1ab:cds-YP_009725295.1	GGT	G	CGT	R	1294
NC_045512.2	4145	G	A	8636	285	36	2	0	37	0.000231481	8640	0.989271	FALSE	ORF1ab:cds-YP_009724389.1	GGT	G	AGT	S	1294
NC_045512.2	4145	G	A	8636	285	36	2	0	37	0.000231481	8640	0.989271	FALSE	ORF1ab:cds-YP_009725295.1	GGT	G	AGT	S	1294
NC_045512.2	4146	G	T	9283	304	37	1	0	37	0.000107701	9285	0.999026	FALSE	ORF1ab:cds-YP_009724389.1	GGT	G	GTT	V	1294
NC_045512.2	4146	G	T	9283	304	37	1	0	37	0.000107701	9285	0.999026	FALSE	ORF1ab:cds-YP_009725295.1	GGT	G	GTT	V	1294
NC_045512.2	4146	G	A	9283	304	37	1	0	37	0.000107701	9285	0.999026	FALSE	ORF1ab:cds-YP_009724389.1	GGT	G	GAT	D	1294
NC_045512.2	4146	G	A	9283	304	37	1	0	37	0.000107701	9285	0.999026	FALSE	ORF1ab:cds-YP_009725295.1	GGT	G	GAT	D	1294
NC_045512.2	4147	T	C	9094	308	36	2	0	37	0.000219829	9098	0.994149	FALSE	ORF1ab:cds-YP_009724389.1	GGT	G	GGC	G	1294
NC_045512.2	4147	T	C	9094	308	36	2	0	37	0.000219829	9098	0.994149	FALSE	ORF1ab:cds-YP_009725295.1	GGT	G	GGC	G	1294
NC_045512.2	4147	T	A	9094	308	36	2	0	31	0.000219829	9098	0.994149	FALSE	ORF1ab:cds-YP_009724389.1	GGT	G	GGA	G	1294
NC_045512.2	4147	T	A	9094	308	36	2	0	31	0.000219829	9098	0.994149	FALSE	ORF1ab:cds-YP_009725295.1	GGT	G	GGA	G	1294
NC_045512.2	4148	G	T	9637	315	37	1	0	37	0.000103734	9640	0.999025	FALSE	ORF1ab:cds-YP_009724389.1	GTT	V	TTT	F	1295
NC_045512.2	4148	G	T	9637	315	37	1	0	37	0.000103734	9640	0.999025	FALSE	ORF1ab:cds-YP_009725295.1	GTT	V	TTT	F	1295
NC_045512.2	4148	G	A	9637	315	37	2	0	31	0.000207469	9640	0.994152	FALSE	ORF1ab:cds-YP_009724389.1	GTT	V	ATT	I	1295
NC_045512.2	4148	G	A	9637	315	37	2	0	31	0.000207469	9640	0.994152	FALSE	ORF1ab:cds-YP_009725295.1	GTT	V	ATT	I	1295
NC_045512.2	4149	T	G	9232	311	36	2	0	31	0.000216567	9235	0.994149	FALSE	ORF1ab:cds-YP_009724389.1	GTT	V	GGT	G	1295
NC_045512.2	4149	T	G	9232	311	36	2	0	31	0.000216567	9235	0.994149	FALSE	ORF1ab:cds-YP_009725295.1	GTT	V	GGT	G	1295
NC_045512.2	4149	T	C	9232	311	36	1	0	37	0.000108284	9235	0.999025	FALSE	ORF1ab:cds-YP_009724389.1	GTT	V	GCT	A	1295
NC_045512.2	4149	T	C	9232	311	36	1	0	37	0.000108284	9235	0.999025	FALSE	ORF1ab:cds-YP_009725295.1	GTT	V	GCT	A	1295
NC_045512.2	4150	T	G	9201	319	36	7	0	26	0.000760209	9208	1	FALSE	ORF1ab:cds-YP_009724389.1	GTT	V	GTG	V	1295
NC_045512.2	4150	T	G	9201	319	36	7	0	26	0.000760209	9208	1	FALSE	ORF1ab:cds-YP_009725295.1	GTT	V	GTG	V	1295
NC_045512.2	4151	T	C	9413	325	36	1	0	37	0.000106213	9415	0.999026	FALSE	ORF1ab:cds-YP_009724389.1	TTA	L	CTA	L	1296
NC_045512.2	4151	T	C	9413	325	36	1	0	37	0.000106213	9415	0.999026	FALSE	ORF1ab:cds-YP_009725295.1	TTA	L	CTA	L	1296
NC_045512.2	4151	T	A	9413	325	36	1	0	74	0.000106213	9415	0.5	FALSE	ORF1ab:cds-YP_009724389.1	TTA	L	ATA	I	1296
NC_045512.2	4151	T	A	9413	325	36	1	0	74	0.000106213	9415	0.5	FALSE	ORF1ab:cds-YP_009725295.1	TTA	L	ATA	I	1296
NC_045512.2	4153	A	G	9604	403	37	1	0	37	0.000104091	9607	0.999025	FALSE	ORF1ab:cds-YP_009724389.1	TTA	L	TTG	L	1296
NC_045512.2	4153	A	G	9604	403	37	1	0	37	0.000104091	9607	0.999025	FALSE	ORF1ab:cds-YP_009725295.1	TTA	L	TTG	L	1296
NC_045512.2	4153	A	C	9604	403	37	2	0	25	0.000208182	9607	1	FALSE	ORF1ab:cds-YP_009724389.1	TTA	L	TTC	F	1296
NC_045512.2	4153	A	C	9604	403	37	2	0	25	0.000208182	9607	1	FALSE	ORF1ab:cds-YP_009725295.1	TTA	L	TTC	F	1296
NC_045512.2	4154	A	T	9649	455	37	1	0	25	0.000103552	9657	1	FALSE	ORF1ab:cds-YP_009724389.1	ACT	T	TCT	S	1297
NC_045512.2	4154	A	T	9649	455	37	1	0	25	0.000103552	9657	1	FALSE	ORF1ab:cds-YP_009725295.1	ACT	T	TCT	S	1297
NC_045512.2	4154	A	G	9649	455	37	7	5	31	0.000724863	9657	0.772846	FALSE	ORF1ab:cds-YP_009724389.1	ACT	T	GCT	A	1297
NC_045512.2	4154	A	G	9649	455	37	7	5	31	0.000724863	9657	0.772846	FALSE	ORF1ab:cds-YP_009725295.1	ACT	T	GCT	A	1297
NC_045512.2	4155	C	T	9849	483	37	1	0	37	0.000101523	9850	0.999026	FALSE	ORF1ab:cds-YP_009724389.1	ACT	T	ATT	I	1297
NC_045512.2	4155	C	T	9849	483	37	1	0	37	0.000101523	9850	0.999026	FALSE	ORF1ab:cds-YP_009725295.1	ACT	T	ATT	I	1297
NC_045512.2	4156	T	C	9791	485	37	1	0	37	0.000102124	9792	0.999026	FALSE	ORF1ab:cds-YP_009724389.1	ACT	T	ACC	T	1297
NC_045512.2	4156	T	C	9791	485	37	1	0	37	0.000102124	9792	0.999026	FALSE	ORF1ab:cds-YP_009725295.1	ACT	T	ACC	T	1297
NC_045512.2	4157	G	A	10331	486	37	3	0	37	0.000290304	10334	0.988795	FALSE	ORF1ab:cds-YP_009724389.1	GCT	A	ACT	T	1298
NC_045512.2	4157	G	A	10331	486	37	3	0	37	0.000290304	10334	0.988795	FALSE	ORF1ab:cds-YP_009725295.1	GCT	A	ACT	T	1298
NC_045512.2	4158	C	T	10269	491	37	4	0	37	0.00038937	10273	0.971367	FALSE	ORF1ab:cds-YP_009724389.1	GCT	A	GTT	V	1298
NC_045512.2	4158	C	T	10269	491	37	4	0	37	0.00038937	10273	0.971367	FALSE	ORF1ab:cds-YP_009725295.1	GCT	A	GTT	V	1298
NC_045512.2	4159	T	C	10459	500	37	2	0	37	0.000191168	10462	0.996833	FALSE	ORF1ab:cds-YP_009724389.1	GCT	A	GCC	A	1298
NC_045512.2	4159	T	C	10459	500	37	2	0	37	0.000191168	10462	0.996833	FALSE	ORF1ab:cds-YP_009725295.1	GCT	A	GCC	A	1298
NC_045512.2	4159	T	A	10459	500	37	1	0	37	9.5584e-05	10462	0.999513	FALSE	ORF1ab:cds-YP_009724389.1	GCT	A	GCA	A	1298
NC_045512.2	4159	T	A	10459	500	37	1	0	37	9.5584e-05	10462	0.999513	FALSE	ORF1ab:cds-YP_009725295.1	GCT	A	GCA	A	1298
NC_045512.2	4160	G	A	10494	508	37	2	0	37	0.000190549	10496	0.996835	FALSE	ORF1ab:cds-YP_009724389.1	GTG	V	ATG	M	1299
NC_045512.2	4160	G	A	10494	508	37	2	0	37	0.000190549	10496	0.996835	FALSE	ORF1ab:cds-YP_009725295.1	GTG	V	ATG	M	1299
NC_045512.2	4161	T	A	10536	505	37	1	0	37	9.49037e-05	10537	0.999513	FALSE	ORF1ab:cds-YP_009724389.1	GTG	V	GAG	E	1299
NC_045512.2	4161	T	A	10536	505	37	1	0	37	9.49037e-05	10537	0.999513	FALSE	ORF1ab:cds-YP_009725295.1	GTG	V	GAG	E	1299
NC_045512.2	4162	G	T	13422	508	37	1	0	37	7.44823e-05	13426	0.999939	FALSE	ORF1ab:cds-YP_009724389.1	GTG	V	GTT	V	1299
NC_045512.2	4162	G	T	13422	508	37	1	0	37	7.44823e-05	13426	0.999939	FALSE	ORF1ab:cds-YP_009725295.1	GTG	V	GTT	V	1299
NC_045512.2	4162	G	A	13422	508	37	3	0	37	0.000223447	13426	0.997915	FALSE	ORF1ab:cds-YP_009724389.1	GTG	V	GTA	V	1299
NC_045512.2	4162	G	A	13422	508	37	3	0	37	0.000223447	13426	0.997915	FALSE	ORF1ab:cds-YP_009725295.1	GTG	V	GTA	V	1299
NC_045512.2	4163	G	A	13560	535	37	1	0	37	7.37409e-05	13561	0.999939	FALSE	ORF1ab:cds-YP_009724389.1	GTT	V	ATT	I	1300
NC_045512.2	4163	G	A	13560	535	37	1	0	37	7.37409e-05	13561	0.999939	FALSE	ORF1ab:cds-YP_009725295.1	GTT	V	ATT	I	1300
NC_045512.2	4163	G	-T	13560	535	37	1	0	20	7.37409e-05	13561	1	FALSE	NA	NA	NA	NA	NA	NA
NC_045512.2	4164	T	G	12538	643	37	9	0	27	0.000717131	12550	1	FALSE	ORF1ab:cds-YP_009724389.1	GTT	V	GGT	G	1300
NC_045512.2	4164	T	G	12538	643	37	9	0	27	0.000717131	12550	1	FALSE	ORF1ab:cds-YP_009725295.1	GTT	V	GGT	G	1300
NC_045512.2	4164	T	C	12538	643	37	3	0	37	0.000239044	12550	0.996301	FALSE	ORF1ab:cds-YP_009724389.1	GTT	V	GCT	A	1300
NC_045512.2	4164	T	C	12538	643	37	3	0	37	0.000239044	12550	0.996301	FALSE	ORF1ab:cds-YP_009725295.1	GTT	V	GCT	A	1300
NC_045512.2	4165	T	C	13175	642	37	1	0	37	7.5884e-05	13178	0.999939	FALSE	ORF1ab:cds-YP_009724389.1	GTT	V	GTC	V	1300
NC_045512.2	4165	T	C	13175	642	37	1	0	37	7.5884e-05	13178	0.999939	FALSE	ORF1ab:cds-YP_009725295.1	GTT	V	GTC	V	1300
NC_045512.2	4165	T	A	13175	642	37	2	0	31	0.000151768	13178	0.999513	FALSE	ORF1ab:cds-YP_009724389.1	GTT	V	GTA	V	1300
NC_045512.2	4165	T	A	13175	642	37	2	0	31	0.000151768	13178	0.999513	FALSE	ORF1ab:cds-YP_009725295.1	GTT	V	GTA	V	1300
NC_045512.2	4166	A	G	13388	656	37	1	0	37	7.46882e-05	13389	0.999939	FALSE	ORF1ab:cds-YP_009724389.1	ATA	I	GTA	V	1301
NC_045512.2	4166	A	G	13388	656	37	1	0	37	7.46882e-05	13389	0.999939	FALSE	ORF1ab:cds-YP_009725295.1	ATA	I	GTA	V	1301
NC_045512.2	4167	T	C	13641	642	37	2	0	37	0.000146595	13643	0.999513	FALSE	ORF1ab:cds-YP_009724389.1	ATA	I	ACA	T	1301
NC_045512.2	4167	T	C	13641	642	37	2	0	37	0.000146595	13643	0.999513	FALSE	ORF1ab:cds-YP_009725295.1	ATA	I	ACA	T	1301
NC_045512.2	4168	A	G	13547	655	37	2	0	37	0.000147601	13550	0.999513	FALSE	ORF1ab:cds-YP_009724389.1	ATA	I	ATG	M	1301
NC_045512.2	4168	A	G	13547	655	37	2	0	37	0.000147601	13550	0.999513	FALSE	ORF1ab:cds-YP_009725295.1	ATA	I	ATG	M	1301
NC_045512.2	4168	A	C	13547	655	37	1	0	25	7.38007e-05	13550	1	FALSE	ORF1ab:cds-YP_009724389.1	ATA	I	ATC	I	1301
NC_045512.2	4168	A	C	13547	655	37	1	0	25	7.38007e-05	13550	1	FALSE	ORF1ab:cds-YP_009725295.1	ATA	I	ATC	I	1301
NC_045512.2	4168	A	-C	13547	655	37	1	0	20	7.38007e-05	13550	1	FALSE	NA	NA	NA	NA	NA	NA
NC_045512.2	4168	A	+C	13547	655	37	1	0	20	7.38007e-05	13550	1	FALSE	NA	NA	NA	NA	NA	NA
NC_045512.2	4169	C	T	13530	802	38	4	0	34	0.000295486	13537	0.993642	FALSE	ORF1ab:cds-YP_009724389.1	CCT	P	TCT	S	1302
NC_045512.2	4169	C	T	13530	802	38	4	0	34	0.000295486	13537	0.993642	FALSE	ORF1ab:cds-YP_009725295.1	CCT	P	TCT	S	1302
NC_045512.2	4169	C	A	13530	802	38	3	0	29	0.000221615	13537	1	FALSE	ORF1ab:cds-YP_009724389.1	CCT	P	ACT	T	1302
NC_045512.2	4169	C	A	13530	802	38	3	0	29	0.000221615	13537	1	FALSE	ORF1ab:cds-YP_009725295.1	CCT	P	ACT	T	1302
NC_045512.2	4170	C	A	13466	865	38	1	0	37	7.42556e-05	13467	0.999939	FALSE	ORF1ab:cds-YP_009724389.1	CCT	P	CAT	H	1302
NC_045512.2	4170	C	A	13466	865	38	1	0	37	7.42556e-05	13467	0.999939	FALSE	ORF1ab:cds-YP_009725295.1	CCT	P	CAT	H	1302
NC_045512.2	4170	C	-TACT	13466	865	38	1	0	20	7.42556e-05	13467	1	FALSE	NA	NA	NA	NA	NA	NA
NC_045512.2	4171	T	G	13490	928	38	2	1	27	0.000148137	13501	1	FALSE	ORF1ab:cds-YP_009724389.1	CCT	P	CCG	P	1302
NC_045512.2	4171	T	G	13490	928	38	2	1	27	0.000148137	13501	1	FALSE	ORF1ab:cds-YP_009725295.1	CCT	P	CCG	P	1302
NC_045512.2	4171	T	C	13490	928	38	7	0	37	0.00051848	13501	0.942331	FALSE	ORF1ab:cds-YP_009724389.1	CCT	P	CCC	P	1302
NC_045512.2	4171	T	C	13490	928	38	7	0	37	0.00051848	13501	0.942331	FALSE	ORF1ab:cds-YP_009725295.1	CCT	P	CCC	P	1302
NC_045512.2	4171	T	A	13490	928	38	2	0	37	0.000148137	13501	0.999511	FALSE	ORF1ab:cds-YP_009724389.1	CCT	P	CCA	P	1302
NC_045512.2	4171	T	A	13490	928	38	2	0	37	0.000148137	13501	0.999511	FALSE	ORF1ab:cds-YP_009725295.1	CCT	P	CCA	P	1302
NC_045512.2	4172	A	T	13811	975	38	1	0	25	7.23956e-05	13813	1	FALSE	ORF1ab:cds-YP_009724389.1	ACT	T	TCT	S	1303
NC_045512.2	4172	A	T	13811	975	38	1	0	25	7.23956e-05	13813	1	FALSE	ORF1ab:cds-YP_009725295.1	ACT	T	TCT	S	1303
NC_045512.2	4172	A	C	13811	975	38	1	0	25	7.23956e-05	13813	1	FALSE	ORF1ab:cds-YP_009724389.1	ACT	T	CCT	P	1303
NC_045512.2	4172	A	C	13811	975	38	1	0	25	7.23956e-05	13813	1	FALSE	ORF1ab:cds-YP_009725295.1	ACT	T	CCT	P	1303
NC_045512.2	4173	C	T	13853	982	38	1	0	37	7.21761e-05	13855	0.999939	FALSE	ORF1ab:cds-YP_009724389.1	ACT	T	ATT	I	1303
NC_045512.2	4173	C	T	13853	982	38	1	0	37	7.21761e-05	13855	0.999939	FALSE	ORF1ab:cds-YP_009725295.1	ACT	T	ATT	I	1303
NC_045512.2	4173	C	A	13853	982	38	1	0	37	7.21761e-05	13855	0.999939	FALSE	ORF1ab:cds-YP_009724389.1	ACT	T	AAT	N	1303
NC_045512.2	4173	C	A	13853	982	38	1	0	37	7.21761e-05	13855	0.999939	FALSE	ORF1ab:cds-YP_009725295.1	ACT	T	AAT	N	1303
NC_045512.2	4174	T	-A	13928	983	38	8	0	20	0.000574341	13929	1	FALSE	NA	NA	NA	NA	NA	NA
NC_045512.2	4175	A	G	13970	984	38	1	0	37	7.15768e-05	13971	0.999939	FALSE	ORF1ab:cds-YP_009724389.1	AAA	K	GAA	E	1304
NC_045512.2	4175	A	G	13970	984	38	1	0	37	7.15768e-05	13971	0.999939	FALSE	ORF1ab:cds-YP_009725295.1	AAA	K	GAA	E	1304
NC_045512.2	4176	A	G	13987	978	38	1	0	37	7.14898e-05	13988	0.999939	FALSE	ORF1ab:cds-YP_009724389.1	AAA	K	AGA	R	1304
NC_045512.2	4176	A	G	13987	978	38	1	0	37	7.14898e-05	13988	0.999939	FALSE	ORF1ab:cds-YP_009725295.1	AAA	K	AGA	R	1304
NC_045512.2	4177	A	G	14015	968	38	3	1	45	0.00021398	14020	0.31246	FALSE	ORF1ab:cds-YP_009724389.1	AAA	K	AAG	K	1304
NC_045512.2	4177	A	G	14015	968	38	3	1	45	0.00021398	14020	0.31246	FALSE	ORF1ab:cds-YP_009725295.1	AAA	K	AAG	K	1304
NC_045512.2	4177	A	C	14015	968	38	2	1	33	0.000142653	14020	0.999741	FALSE	ORF1ab:cds-YP_009724389.1	AAA	K	AAC	N	1304
NC_045512.2	4177	A	C	14015	968	38	2	1	33	0.000142653	14020	0.999741	FALSE	ORF1ab:cds-YP_009725295.1	AAA	K	AAC	N	1304
NC_045512.2	4178	A	T	13981	1141	38	1	0	37	7.15103e-05	13984	0.999939	FALSE	ORF1ab:cds-YP_009724389.1	AAG	K	TAG	*	1305
NC_045512.2	4178	A	T	13981	1141	38	1	0	37	7.15103e-05	13984	0.999939	FALSE	ORF1ab:cds-YP_009725295.1	AAG	K	TAG	*	1305
NC_045512.2	4178	A	G	13981	1141	38	2	0	31	0.000143021	13984	0.999513	FALSE	ORF1ab:cds-YP_009724389.1	AAG	K	GAG	E	1305
NC_045512.2	4178	A	G	13981	1141	38	2	0	31	0.000143021	13984	0.999513	FALSE	ORF1ab:cds-YP_009725295.1	AAG	K	GAG	E	1305
NC_045512.2	4179	A	G	13946	1248	38	16	8	37	0.00114597	13962	0.355536	FALSE	ORF1ab:cds-YP_009724389.1	AAG	K	AGG	R	1305
NC_045512.2	4179	A	G	13946	1248	38	16	8	37	0.00114597	13962	0.355536	FALSE	ORF1ab:cds-YP_009725295.1	AAG	K	AGG	R	1305
NC_045512.2	4180	G	T	14738	1284	39	2	0	31	0.000135676	14741	0.999741	FALSE	ORF1ab:cds-YP_009724389.1	AAG	K	AAT	N	1305
NC_045512.2	4180	G	T	14738	1284	39	2	0	31	0.000135676	14741	0.999741	FALSE	ORF1ab:cds-YP_009725295.1	AAG	K	AAT	N	1305
NC_045512.2	4180	G	A	14738	1284	39	1	0	37	6.7838e-05	14741	0.99997	FALSE	ORF1ab:cds-YP_009724389.1	AAG	K	AAA	K	1305
NC_045512.2	4180	G	A	14738	1284	39	1	0	37	6.7838e-05	14741	0.99997	FALSE	ORF1ab:cds-YP_009725295.1	AAG	K	AAA	K	1305
NC_045512.2	4181	G	T	14643	1317	39	1	0	37	6.8264e-05	14649	0.99997	FALSE	ORF1ab:cds-YP_009724389.1	GCT	A	TCT	S	1306
NC_045512.2	4181	G	T	14643	1317	39	1	0	37	6.8264e-05	14649	0.99997	FALSE	ORF1ab:cds-YP_009725295.1	GCT	A	TCT	S	1306
NC_045512.2	4181	G	A	14643	1317	39	5	0	37	0.00034132	14649	0.990414	FALSE	ORF1ab:cds-YP_009724389.1	GCT	A	ACT	T	1306
NC_045512.2	4181	G	A	14643	1317	39	5	0	37	0.00034132	14649	0.990414	FALSE	ORF1ab:cds-YP_009725295.1	GCT	A	ACT	T	1306
NC_045512.2	4182	C	T	14736	1319	39	10	1	39	0.000678104	14747	0.846371	FALSE	ORF1ab:cds-YP_009724389.1	GCT	A	GTT	V	1306
NC_045512.2	4182	C	T	14736	1319	39	10	1	39	0.000678104	14747	0.846371	FALSE	ORF1ab:cds-YP_009725295.1	GCT	A	GTT	V	1306
NC_045512.2	4182	C	A	14736	1319	39	1	0	25	6.78104e-05	14747	1	FALSE	ORF1ab:cds-YP_009724389.1	GCT	A	GAT	D	1306
NC_045512.2	4182	C	A	14736	1319	39	1	0	25	6.78104e-05	14747	1	FALSE	ORF1ab:cds-YP_009725295.1	GCT	A	GAT	D	1306
NC_045512.2	4183	T	G	14786	1369	39	1	1	25	6.76224e-05	14788	1	FALSE	ORF1ab:cds-YP_009724389.1	GCT	A	GCG	A	1306
NC_045512.2	4183	T	G	14786	1369	39	1	1	25	6.76224e-05	14788	1	FALSE	ORF1ab:cds-YP_009725295.1	GCT	A	GCG	A	1306
NC_045512.2	4183	T	C	14786	1369	39	1	0	37	6.76224e-05	14788	0.99997	FALSE	ORF1ab:cds-YP_009724389.1	GCT	A	GCC	A	1306
NC_045512.2	4183	T	C	14786	1369	39	1	0	37	6.76224e-05	14788	0.99997	FALSE	ORF1ab:cds-YP_009725295.1	GCT	A	GCC	A	1306
NC_045512.2	4184	G	C	4	1	34	1	0	37	6.73129e-05	14856	0.0050376	TRUE	ORF1ab:cds-YP_009724389.1	GGT	G	CGT	R	1307
NC_045512.2	4184	G	C	4	1	34	1	0	37	6.73129e-05	14856	0.0050376	TRUE	ORF1ab:cds-YP_009725295.1	GGT	G	CGT	R	1307
NC_045512.2	4184	G	A	4	1	34	14851	1426	39	0.999663	14856	0	TRUE	ORF1ab:cds-YP_009724389.1	GGT	G	AGT	S	1307
NC_045512.2	4184	G	A	4	1	34	14851	1426	39	0.999663	14856	0	TRUE	ORF1ab:cds-YP_009725295.1	GGT	G	AGT	S	1307
NC_045512.2	4185	G	T	14925	1450	39	2	0	37	0.000133958	14930	0.999741	FALSE	ORF1ab:cds-YP_009724389.1	GGT	G	GTT	V	1307
NC_045512.2	4185	G	T	14925	1450	39	2	0	37	0.000133958	14930	0.999741	FALSE	ORF1ab:cds-YP_009725295.1	GGT	G	GTT	V	1307
NC_045512.2	4185	G	C	14925	1450	39	1	0	25	6.69792e-05	14930	1	FALSE	ORF1ab:cds-YP_009724389.1	GGT	G	GCT	A	1307
NC_045512.2	4185	G	C	14925	1450	39	1	0	25	6.69792e-05	14930	1	FALSE	ORF1ab:cds-YP_009725295.1	GGT	G	GCT	A	1307
NC_045512.2	4185	G	A	14925	1450	39	2	0	37	0.000133958	14930	0.999741	FALSE	ORF1ab:cds-YP_009724389.1	GGT	G	GAT	D	1307
NC_045512.2	4185	G	A	14925	1450	39	2	0	37	0.000133958	14930	0.999741	FALSE	ORF1ab:cds-YP_009725295.1	GGT	G	GAT	D	1307
NC_045512.2	4186	T	G	15143	1962	40	2	2	29	0.000132048	15146	1	FALSE	ORF1ab:cds-YP_009724389.1	GGT	G	GGG	G	1307
NC_045512.2	4186	T	G	15143	1962	40	2	2	29	0.000132048	15146	1	FALSE	ORF1ab:cds-YP_009725295.1	GGT	G	GGG	G	1307
NC_045512.2	4186	T	A	15143	1962	40	1	0	25	6.6024e-05	15146	1	FALSE	ORF1ab:cds-YP_009724389.1	GGT	G	GGA	G	1307
NC_045512.2	4186	T	A	15143	1962	40	1	0	25	6.6024e-05	15146	1	FALSE	ORF1ab:cds-YP_009725295.1	GGT	G	GGA	G	1307
NC_045512.2	4187	G	A	15226	2106	41	2	0	37	0.000131337	15228	0.999863	FALSE	ORF1ab:cds-YP_009724389.1	GGC	G	AGC	S	1308
NC_045512.2	4187	G	A	15226	2106	41	2	0	37	0.000131337	15228	0.999863	FALSE	ORF1ab:cds-YP_009725295.1	GGC	G	AGC	S	1308
NC_045512.2	4188	G	A	15290	2358	42	16	3	46	0.00104534	15306	0.000136923	TRUE	ORF1ab:cds-YP_009724389.1	GGC	G	GAC	D	1308
NC_045512.2	4188	G	A	15290	2358	42	16	3	46	0.00104534	15306	0.000136923	TRUE	ORF1ab:cds-YP_009725295.1	GGC	G	GAC	D	1308
NC_045512.2	4189	C	T	15300	2453	42	14	2	39	0.000914136	15315	0.644531	FALSE	ORF1ab:cds-YP_009724389.1	GGC	G	GGT	G	1308
NC_045512.2	4189	C	T	15300	2453	42	14	2	39	0.000914136	15315	0.644531	FALSE	ORF1ab:cds-YP_009725295.1	GGC	G	GGT	G	1308
NC_045512.2	4189	C	A	15300	2453	42	1	0	25	6.52955e-05	15315	1	FALSE	ORF1ab:cds-YP_009724389.1	GGC	G	GGA	G	1308
NC_045512.2	4189	C	A	15300	2453	42	1	0	25	6.52955e-05	15315	1	FALSE	ORF1ab:cds-YP_009725295.1	GGC	G	GGA	G	1308
NC_045512.2	4189	C	+ACT	15300	2453	42	1	0	20	6.52955e-05	15315	1	FALSE	NA	NA	NA	NA	NA	NA
NC_045512.2	4190	A	T	15280	2470	42	2	1	55	0.000130864	15283	0.249992	FALSE	ORF1ab:cds-YP_009724389.1	ACT	T	TCT	S	1309
NC_045512.2	4190	A	T	15280	2470	42	2	1	55	0.000130864	15283	0.249992	FALSE	ORF1ab:cds-YP_009725295.1	ACT	T	TCT	S	1309
NC_045512.2	4190	A	G	15280	2470	42	1	0	37	6.54322e-05	15283	0.999985	FALSE	ORF1ab:cds-YP_009724389.1	ACT	T	GCT	A	1309
NC_045512.2	4190	A	G	15280	2470	42	1	0	37	6.54322e-05	15283	0.999985	FALSE	ORF1ab:cds-YP_009725295.1	ACT	T	GCT	A	1309
NC_045512.2	4191	C	T	15603	2478	42	1	0	37	6.40861e-05	15604	0.999985	FALSE	ORF1ab:cds-YP_009724389.1	ACT	T	ATT	I	1309
NC_045512.2	4191	C	T	15603	2478	42	1	0	37	6.40861e-05	15604	0.999985	FALSE	ORF1ab:cds-YP_009725295.1	ACT	T	ATT	I	1309
NC_045512.2	4192	T	G	15469	2443	41	7	0	28	0.000452284	15477	1	FALSE	ORF1ab:cds-YP_009724389.1	ACT	T	ACG	T	1309
NC_045512.2	4192	T	G	15469	2443	41	7	0	28	0.000452284	15477	1	FALSE	ORF1ab:cds-YP_009725295.1	ACT	T	ACG	T	1309
NC_045512.2	4192	T	C	15469	2443	41	1	0	37	6.4612e-05	15477	0.999985	FALSE	ORF1ab:cds-YP_009724389.1	ACT	T	ACC	T	1309
NC_045512.2	4192	T	C	15469	2443	41	1	0	37	6.4612e-05	15477	0.999985	FALSE	ORF1ab:cds-YP_009725295.1	ACT	T	ACC	T	1309
NC_045512.2	4192	T	-A	15469	2443	41	1	0	20	6.4612e-05	15477	1	FALSE	NA	NA	NA	NA	NA	NA
NC_045512.2	4193	A	G	16451	2507	42	4	0	32	0.000243058	16457	0.998714	FALSE	ORF1ab:cds-YP_009724389.1	ACT	T	GCT	A	1310
NC_045512.2	4193	A	G	16451	2507	42	4	0	32	0.000243058	16457	0.998714	FALSE	ORF1ab:cds-YP_009725295.1	ACT	T	GCT	A	1310
NC_045512.2	4193	A	C	16451	2507	42	2	0	31	0.000121529	16457	0.999928	FALSE	ORF1ab:cds-YP_009724389.1	ACT	T	CCT	P	1310
NC_045512.2	4193	A	C	16451	2507	42	2	0	31	0.000121529	16457	0.999928	FALSE	ORF1ab:cds-YP_009725295.1	ACT	T	CCT	P	1310
NC_045512.2	4194	C	T	16627	2510	42	2	1	37	0.000120243	16633	0.999928	FALSE	ORF1ab:cds-YP_009724389.1	ACT	T	ATT	I	1310
NC_045512.2	4194	C	T	16627	2510	42	2	1	37	0.000120243	16633	0.999928	FALSE	ORF1ab:cds-YP_009725295.1	ACT	T	ATT	I	1310
NC_045512.2	4194	C	A	16627	2510	42	4	0	40	0.000240486	16633	0.187462	FALSE	ORF1ab:cds-YP_009724389.1	ACT	T	AAT	N	1310
NC_045512.2	4194	C	A	16627	2510	42	4	0	40	0.000240486	16633	0.187462	FALSE	ORF1ab:cds-YP_009725295.1	ACT	T	AAT	N	1310
NC_045512.2	4195	T	G	16657	2499	41	4	0	29	0.000240053	16663	1	FALSE	ORF1ab:cds-YP_009724389.1	ACT	T	ACG	T	1310
NC_045512.2	4195	T	G	16657	2499	41	4	0	29	0.000240053	16663	1	FALSE	ORF1ab:cds-YP_009725295.1	ACT	T	ACG	T	1310
NC_045512.2	4195	T	C	16657	2499	41	2	0	37	0.000120026	16663	0.999928	FALSE	ORF1ab:cds-YP_009724389.1	ACT	T	ACC	T	1310
NC_045512.2	4195	T	C	16657	2499	41	2	0	37	0.000120026	16663	0.999928	FALSE	ORF1ab:cds-YP_009725295.1	ACT	T	ACC	T	1310
NC_045512.2	4196	G	T	17250	3235	43	1	0	37	5.79643e-05	17252	0.999996	FALSE	ORF1ab:cds-YP_009724389.1	GAA	E	TAA	*	1311
NC_045512.2	4196	G	T	17250	3235	43	1	0	37	5.79643e-05	17252	0.999996	FALSE	ORF1ab:cds-YP_009725295.1	GAA	E	TAA	*	1311
NC_045512.2	4196	G	A	17250	3235	43	1	0	37	5.79643e-05	17252	0.999996	FALSE	ORF1ab:cds-YP_009724389.1	GAA	E	AAA	K	1311
NC_045512.2	4196	G	A	17250	3235	43	1	0	37	5.79643e-05	17252	0.999996	FALSE	ORF1ab:cds-YP_009725295.1	GAA	E	AAA	K	1311
NC_045512.2	4197	A	G	17255	3285	43	2	0	37	0.000115895	17257	0.999962	FALSE	ORF1ab:cds-YP_009724389.1	GAA	E	GGA	G	1311
NC_045512.2	4197	A	G	17255	3285	43	2	0	37	0.000115895	17257	0.999962	FALSE	ORF1ab:cds-YP_009725295.1	GAA	E	GGA	G	1311
NC_045512.2	4198	A	G	17101	3265	43	2	1	55	0.000116939	17103	0.250007	FALSE	ORF1ab:cds-YP_009724389.1	GAA	E	GAG	E	1311
NC_045512.2	4198	A	G	17101	3265	43	2	1	55	0.000116939	17103	0.250007	FALSE	ORF1ab:cds-YP_009725295.1	GAA	E	GAG	E	1311
NC_045512.2	4199	A	G	17074	3278	43	4	1	46	0.000234192	17080	0.187463	FALSE	ORF1ab:cds-YP_009724389.1	ATG	M	GTG	V	1312
NC_045512.2	4199	A	G	17074	3278	43	4	1	46	0.000234192	17080	0.187463	FALSE	ORF1ab:cds-YP_009725295.1	ATG	M	GTG	V	1312
NC_045512.2	4199	A	C	17074	3278	43	2	1	33	0.000117096	17080	0.999962	FALSE	ORF1ab:cds-YP_009724389.1	ATG	M	CTG	L	1312
NC_045512.2	4199	A	C	17074	3278	43	2	1	33	0.000117096	17080	0.999962	FALSE	ORF1ab:cds-YP_009725295.1	ATG	M	CTG	L	1312
NC_045512.2	4200	T	C	17140	3309	43	1	0	25	5.83397e-05	17141	1	FALSE	ORF1ab:cds-YP_009724389.1	ATG	M	ACG	T	1312
NC_045512.2	4200	T	C	17140	3309	43	1	0	25	5.83397e-05	17141	1	FALSE	ORF1ab:cds-YP_009725295.1	ATG	M	ACG	T	1312
NC_045512.2	4201	G	T	17127	3392	43	1	0	37	5.83771e-05	17130	0.999996	FALSE	ORF1ab:cds-YP_009724389.1	ATG	M	ATT	I	1312
NC_045512.2	4201	G	T	17127	3392	43	1	0	37	5.83771e-05	17130	0.999996	FALSE	ORF1ab:cds-YP_009725295.1	ATG	M	ATT	I	1312
NC_045512.2	4201	G	A	17127	3392	43	2	1	68	0.000116754	17130	0.249993	FALSE	ORF1ab:cds-YP_009724389.1	ATG	M	ATA	I	1312
NC_045512.2	4201	G	A	17127	3392	43	2	1	68	0.000116754	17130	0.249993	FALSE	ORF1ab:cds-YP_009725295.1	ATG	M	ATA	I	1312
NC_045512.2	4202	C	T	17050	3393	43	26	5	49	0.00152252	17077	2.06785e-07	TRUE	ORF1ab:cds-YP_009724389.1	CTA	L	TTA	L	1313
NC_045512.2	4202	C	T	17050	3393	43	26	5	49	0.00152252	17077	2.06785e-07	TRUE	ORF1ab:cds-YP_009725295.1	CTA	L	TTA	L	1313
NC_045512.2	4202	C	A	17050	3393	43	1	0	25	5.85583e-05	17077	1	FALSE	ORF1ab:cds-YP_009724389.1	CTA	L	ATA	I	1313
NC_045512.2	4202	C	A	17050	3393	43	1	0	25	5.85583e-05	17077	1	FALSE	ORF1ab:cds-YP_009725295.1	CTA	L	ATA	I	1313
NC_045512.2	4203	T	G	17195	3325	43	2	2	33	0.000116272	17201	0.999962	FALSE	ORF1ab:cds-YP_009724389.1	CTA	L	CGA	R	1313
NC_045512.2	4203	T	G	17195	3325	43	2	2	33	0.000116272	17201	0.999962	FALSE	ORF1ab:cds-YP_009725295.1	CTA	L	CGA	R	1313
NC_045512.2	4203	T	C	17195	3325	43	4	2	43	0.000232545	17201	0.187464	FALSE	ORF1ab:cds-YP_009724389.1	CTA	L	CCA	P	1313
NC_045512.2	4203	T	C	17195	3325	43	4	2	43	0.000232545	17201	0.187464	FALSE	ORF1ab:cds-YP_009725295.1	CTA	L	CCA	P	1313
NC_045512.2	4204	A	G	16850	3402	43	3	0	33	0.000177946	16859	0.999636	FALSE	ORF1ab:cds-YP_009724389.1	CTA	L	CTG	L	1313
NC_045512.2	4204	A	G	16850	3402	43	3	0	33	0.000177946	16859	0.999636	FALSE	ORF1ab:cds-YP_009725295.1	CTA	L	CTG	L	1313
NC_045512.2	4204	A	C	16850	3402	43	6	1	26	0.000355893	16859	1	FALSE	ORF1ab:cds-YP_009724389.1	CTA	L	CTC	L	1313
NC_045512.2	4204	A	C	16850	3402	43	6	1	26	0.000355893	16859	1	FALSE	ORF1ab:cds-YP_009725295.1	CTA	L	CTC	L	1313
NC_045512.2	4205	G	A	17330	3418	43	1	0	37	5.77001e-05	17331	0.999996	FALSE	ORF1ab:cds-YP_009724389.1	GCG	A	ACG	T	1314
NC_045512.2	4205	G	A	17330	3418	43	1	0	37	5.77001e-05	17331	0.999996	FALSE	ORF1ab:cds-YP_009725295.1	GCG	A	ACG	T	1314
NC_045512.2	4206	C	T	17140	3495	43	3	0	49	0.000174978	17145	0.312467	FALSE	ORF1ab:cds-YP_009724389.1	GCG	A	GTG	V	1314
NC_045512.2	4206	C	T	17140	3495	43	3	0	49	0.000174978	17145	0.312467	FALSE	ORF1ab:cds-YP_009725295.1	GCG	A	GTG	V	1314
NC_045512.2	4206	C	A	17140	3495	43	2	0	25	0.000116652	17145	1	FALSE	ORF1ab:cds-YP_009724389.1	GCG	A	GAG	E	1314
NC_045512.2	4206	C	A	17140	3495	43	2	0	25	0.000116652	17145	1	FALSE	ORF1ab:cds-YP_009725295.1	GCG	A	GAG	E	1314
NC_045512.2	4207	G	T	17278	3537	43	5	1	34	0.000289251	17286	0.997832	FALSE	ORF1ab:cds-YP_009724389.1	GCG	A	GCT	A	1314
NC_045512.2	4207	G	T	17278	3537	43	5	1	34	0.000289251	17286	0.997832	FALSE	ORF1ab:cds-YP_009725295.1	GCG	A	GCT	A	1314
NC_045512.2	4207	G	C	17278	3537	43	1	0	37	5.78503e-05	17286	0.999996	FALSE	ORF1ab:cds-YP_009724389.1	GCG	A	GCC	A	1314
NC_045512.2	4207	G	C	17278	3537	43	1	0	37	5.78503e-05	17286	0.999996	FALSE	ORF1ab:cds-YP_009725295.1	GCG	A	GCC	A	1314
NC_045512.2	4207	G	A	17278	3537	43	2	0	37	0.000115701	17286	0.999962	FALSE	ORF1ab:cds-YP_009724389.1	GCG	A	GCA	A	1314
NC_045512.2	4207	G	A	17278	3537	43	2	0	37	0.000115701	17286	0.999962	FALSE	ORF1ab:cds-YP_009725295.1	GCG	A	GCA	A	1314
NC_045512.2	4208	A	G	17257	3586	43	1	0	25	5.79408e-05	17259	1	FALSE	ORF1ab:cds-YP_009724389.1	AAA	K	GAA	E	1315
NC_045512.2	4208	A	G	17257	3586	43	1	0	25	5.79408e-05	17259	1	FALSE	ORF1ab:cds-YP_009725295.1	AAA	K	GAA	E	1315
NC_045512.2	4208	A	C	17257	3586	43	1	1	25	5.79408e-05	17259	1	FALSE	ORF1ab:cds-YP_009724389.1	AAA	K	CAA	Q	1315
NC_045512.2	4208	A	C	17257	3586	43	1	1	25	5.79408e-05	17259	1	FALSE	ORF1ab:cds-YP_009725295.1	AAA	K	CAA	Q	1315
NC_045512.2	4209	A	T	17113	3599	43	1	1	20	5.84283e-05	17115	1	FALSE	ORF1ab:cds-YP_009724389.1	AAA	K	ATA	I	1315
NC_045512.2	4209	A	T	17113	3599	43	1	1	20	5.84283e-05	17115	1	FALSE	ORF1ab:cds-YP_009725295.1	AAA	K	ATA	I	1315
NC_045512.2	4209	A	C	17113	3599	43	1	0	29	5.84283e-05	17115	1	FALSE	ORF1ab:cds-YP_009724389.1	AAA	K	ACA	T	1315
NC_045512.2	4209	A	C	17113	3599	43	1	0	29	5.84283e-05	17115	1	FALSE	ORF1ab:cds-YP_009725295.1	AAA	K	ACA	T	1315
NC_045512.2	4210	A	T	17138	3622	43	1	0	37	5.83397e-05	17141	0.999996	FALSE	ORF1ab:cds-YP_009724389.1	AAA	K	AAT	N	1315
NC_045512.2	4210	A	T	17138	3622	43	1	0	37	5.83397e-05	17141	0.999996	FALSE	ORF1ab:cds-YP_009725295.1	AAA	K	AAT	N	1315
NC_045512.2	4210	A	G	17138	3622	43	2	0	37	0.000116679	17141	0.999962	FALSE	ORF1ab:cds-YP_009724389.1	AAA	K	AAG	K	1315
NC_045512.2	4210	A	G	17138	3622	43	2	0	37	0.000116679	17141	0.999962	FALSE	ORF1ab:cds-YP_009725295.1	AAA	K	AAG	K	1315
NC_045512.2	4211	G	T	17386	3659	43	3	0	28	0.000172513	17390	1	FALSE	ORF1ab:cds-YP_009724389.1	GCT	A	TCT	S	1316
NC_045512.2	4211	G	T	17386	3659	43	3	0	28	0.000172513	17390	1	FALSE	ORF1ab:cds-YP_009725295.1	GCT	A	TCT	S	1316
NC_045512.2	4211	G	A	17386	3659	43	1	0	37	5.75043e-05	17390	0.999996	FALSE	ORF1ab:cds-YP_009724389.1	GCT	A	ACT	T	1316
NC_045512.2	4211	G	A	17386	3659	43	1	0	37	5.75043e-05	17390	0.999996	FALSE	ORF1ab:cds-YP_009725295.1	GCT	A	ACT	T	1316
NC_045512.2	4212	C	T	17269	3694	43	14	1	42	0.000809904	17286	0.0004868	TRUE	ORF1ab:cds-YP_009724389.1	GCT	A	GTT	V	1316
NC_045512.2	4212	C	T	17269	3694	43	14	1	42	0.000809904	17286	0.0004868	TRUE	ORF1ab:cds-YP_009725295.1	GCT	A	GTT	V	1316
NC_045512.2	4212	C	G	17269	3694	43	1	0	37	5.78503e-05	17286	0.999996	FALSE	ORF1ab:cds-YP_009724389.1	GCT	A	GGT	G	1316
NC_045512.2	4212	C	G	17269	3694	43	1	0	37	5.78503e-05	17286	0.999996	FALSE	ORF1ab:cds-YP_009725295.1	GCT	A	GGT	G	1316
NC_045512.2	4212	C	A	17269	3694	43	2	0	37	0.000115701	17286	0.999962	FALSE	ORF1ab:cds-YP_009724389.1	GCT	A	GAT	D	1316
NC_045512.2	4212	C	A	17269	3694	43	2	0	37	0.000115701	17286	0.999962	FALSE	ORF1ab:cds-YP_009725295.1	GCT	A	GAT	D	1316
NC_045512.2	4213	T	G	16810	3777	43	5	0	25	0.000297301	16818	1	FALSE	ORF1ab:cds-YP_009724389.1	GCT	A	GCG	A	1316
NC_045512.2	4213	T	G	16810	3777	43	5	0	25	0.000297301	16818	1	FALSE	ORF1ab:cds-YP_009725295.1	GCT	A	GCG	A	1316
NC_045512.2	4213	T	C	16810	3777	43	3	1	49	0.00017838	16818	0.3124	FALSE	ORF1ab:cds-YP_009724389.1	GCT	A	GCC	A	1316
NC_045512.2	4213	T	C	16810	3777	43	3	1	49	0.00017838	16818	0.3124	FALSE	ORF1ab:cds-YP_009725295.1	GCT	A	GCC	A	1316
NC_045512.2	4214	T	G	16539	3843	42	4	0	26	0.000241736	16547	1	FALSE	ORF1ab:cds-YP_009724389.1	TTG	L	GTG	V	1317
NC_045512.2	4214	T	G	16539	3843	42	4	0	26	0.000241736	16547	1	FALSE	ORF1ab:cds-YP_009725295.1	TTG	L	GTG	V	1317
NC_045512.2	4214	T	C	16539	3843	42	3	2	57	0.000181302	16547	0.124943	FALSE	ORF1ab:cds-YP_009724389.1	TTG	L	CTG	L	1317
NC_045512.2	4214	T	C	16539	3843	42	3	2	57	0.000181302	16547	0.124943	FALSE	ORF1ab:cds-YP_009725295.1	TTG	L	CTG	L	1317
NC_045512.2	4214	T	A	16539	3843	42	1	1	37	6.04339e-05	16547	0.999992	FALSE	ORF1ab:cds-YP_009724389.1	TTG	L	ATG	M	1317
NC_045512.2	4214	T	A	16539	3843	42	1	1	37	6.04339e-05	16547	0.999992	FALSE	ORF1ab:cds-YP_009725295.1	TTG	L	ATG	M	1317
NC_045512.2	4215	T	C	16821	3912	43	2	1	37	0.000118885	16823	0.999928	FALSE	ORF1ab:cds-YP_009724389.1	TTG	L	TCG	S	1317
NC_045512.2	4215	T	C	16821	3912	43	2	1	37	0.000118885	16823	0.999928	FALSE	ORF1ab:cds-YP_009725295.1	TTG	L	TCG	S	1317
NC_045512.2	4216	G	A	15755	4343	41	3	0	33	0.000190379	15758	0.999346	FALSE	ORF1ab:cds-YP_009724389.1	TTG	L	TTA	L	1317
NC_045512.2	4216	G	A	15755	4343	41	3	0	33	0.000190379	15758	0.999346	FALSE	ORF1ab:cds-YP_009725295.1	TTG	L	TTA	L	1317
NC_045512.2	4217	A	T	15668	4877	41	1	0	25	6.38121e-05	15671	1	FALSE	ORF1ab:cds-YP_009724389.1	AGA	R	TGA	*	1318
NC_045512.2	4217	A	T	15668	4877	41	1	0	25	6.38121e-05	15671	1	FALSE	ORF1ab:cds-YP_009725295.1	AGA	R	TGA	*	1318
NC_045512.2	4217	A	G	15668	4877	41	2	0	37	0.000127624	15671	0.999863	FALSE	ORF1ab:cds-YP_009724389.1	AGA	R	GGA	G	1318
NC_045512.2	4217	A	G	15668	4877	41	2	0	37	0.000127624	15671	0.999863	FALSE	ORF1ab:cds-YP_009725295.1	AGA	R	GGA	G	1318
NC_045512.2	4218	G	T	15434	4954	41	1	1	29	6.47794e-05	15437	1	FALSE	ORF1ab:cds-YP_009724389.1	AGA	R	ATA	I	1318
NC_045512.2	4218	G	T	15434	4954	41	1	1	29	6.47794e-05	15437	1	FALSE	ORF1ab:cds-YP_009725295.1	AGA	R	ATA	I	1318
NC_045512.2	4218	G	A	15434	4954	41	2	0	37	0.000129559	15437	0.999863	FALSE	ORF1ab:cds-YP_009724389.1	AGA	R	AAA	K	1318
NC_045512.2	4218	G	A	15434	4954	41	2	0	37	0.000129559	15437	0.999863	FALSE	ORF1ab:cds-YP_009725295.1	AGA	R	AAA	K	1318
NC_045512.2	4218	G	-A	15434	4954	41	5	0	20	0.000323897	15437	1	FALSE	NA	NA	NA	NA	NA	NA
NC_045512.2	4219	A	T	15336	4972	41	1	0	25	6.51933e-05	15339	1	FALSE	ORF1ab:cds-YP_009724389.1	AGA	R	AGT	S	1318
NC_045512.2	4219	A	T	15336	4972	41	1	0	25	6.51933e-05	15339	1	FALSE	ORF1ab:cds-YP_009725295.1	AGA	R	AGT	S	1318
NC_045512.2	4219	A	G	15336	4972	41	2	1	37	0.000130387	15339	0.999863	FALSE	ORF1ab:cds-YP_009724389.1	AGA	R	AGG	R	1318
NC_045512.2	4219	A	G	15336	4972	41	2	1	37	0.000130387	15339	0.999863	FALSE	ORF1ab:cds-YP_009725295.1	AGA	R	AGG	R	1318
NC_045512.2	4220	A	G	15229	4884	40	1	0	74	6.56513e-05	15232	0.499984	FALSE	ORF1ab:cds-YP_009724389.1	AAA	K	GAA	E	1319
NC_045512.2	4220	A	G	15229	4884	40	1	0	74	6.56513e-05	15232	0.499984	FALSE	ORF1ab:cds-YP_009725295.1	AAA	K	GAA	E	1319
NC_045512.2	4220	A	C	15229	4884	40	2	1	27	0.000131303	15232	1	FALSE	ORF1ab:cds-YP_009724389.1	AAA	K	CAA	Q	1319
NC_045512.2	4220	A	C	15229	4884	40	2	1	27	0.000131303	15232	1	FALSE	ORF1ab:cds-YP_009725295.1	AAA	K	CAA	Q	1319
NC_045512.2	4221	A	G	15160	4881	40	3	2	31	0.000197824	15165	0.999346	FALSE	ORF1ab:cds-YP_009724389.1	AAA	K	AGA	R	1319
NC_045512.2	4221	A	G	15160	4881	40	3	2	31	0.000197824	15165	0.999346	FALSE	ORF1ab:cds-YP_009725295.1	AAA	K	AGA	R	1319
NC_045512.2	4221	A	C	15160	4881	40	2	2	25	0.000131883	15165	1	FALSE	ORF1ab:cds-YP_009724389.1	AAA	K	ACA	T	1319
NC_045512.2	4221	A	C	15160	4881	40	2	2	25	0.000131883	15165	1	FALSE	ORF1ab:cds-YP_009725295.1	AAA	K	ACA	T	1319
NC_045512.2	4222	A	G	15303	5037	41	3	1	45	0.000196002	15306	0.312512	FALSE	ORF1ab:cds-YP_009724389.1	AAA	K	AAG	K	1319
NC_045512.2	4222	A	G	15303	5037	41	3	1	45	0.000196002	15306	0.312512	FALSE	ORF1ab:cds-YP_009725295.1	AAA	K	AAG	K	1319
NC_045512.2	4223	G	T	15254	4920	40	1	0	37	6.5548e-05	15256	0.999985	FALSE	ORF1ab:cds-YP_009724389.1	GTG	V	TTG	L	1320
NC_045512.2	4223	G	T	15254	4920	40	1	0	37	6.5548e-05	15256	0.999985	FALSE	ORF1ab:cds-YP_009725295.1	GTG	V	TTG	L	1320
NC_045512.2	4223	G	A	15254	4920	40	1	0	37	6.5548e-05	15256	0.999985	FALSE	ORF1ab:cds-YP_009724389.1	GTG	V	ATG	M	1320
NC_045512.2	4223	G	A	15254	4920	40	1	0	37	6.5548e-05	15256	0.999985	FALSE	ORF1ab:cds-YP_009725295.1	GTG	V	ATG	M	1320
NC_045512.2	4224	T	C	15321	4990	41	1	1	37	6.52656e-05	15322	0.999985	FALSE	ORF1ab:cds-YP_009724389.1	GTG	V	GCG	A	1320
NC_045512.2	4224	T	C	15321	4990	41	1	1	37	6.52656e-05	15322	0.999985	FALSE	ORF1ab:cds-YP_009725295.1	GTG	V	GCG	A	1320
NC_045512.2	4225	G	T	15324	5006	40	2	1	55	0.000130378	15340	0.24978	FALSE	ORF1ab:cds-YP_009724389.1	GTG	V	GTT	V	1320
NC_045512.2	4225	G	T	15324	5006	40	2	1	55	0.000130378	15340	0.24978	FALSE	ORF1ab:cds-YP_009725295.1	GTG	V	GTT	V	1320
NC_045512.2	4225	G	C	15324	5006	40	2	0	31	0.000130378	15340	0.999862	FALSE	ORF1ab:cds-YP_009724389.1	GTG	V	GTC	V	1320
NC_045512.2	4225	G	C	15324	5006	40	2	0	31	0.000130378	15340	0.999862	FALSE	ORF1ab:cds-YP_009725295.1	GTG	V	GTC	V	1320
NC_045512.2	4225	G	A	15324	5006	40	12	7	37	0.000782269	15340	0.778915	FALSE	ORF1ab:cds-YP_009724389.1	GTG	V	GTA	V	1320
NC_045512.2	4225	G	A	15324	5006	40	12	7	37	0.000782269	15340	0.778915	FALSE	ORF1ab:cds-YP_009725295.1	GTG	V	GTA	V	1320
NC_045512.2	4226	C	T	15112	4990	40	27	10	40	0.00178312	15142	1.06692e-07	TRUE	ORF1ab:cds-YP_009724389.1	CCA	P	TCA	S	1321
NC_045512.2	4226	C	T	15112	4990	40	27	10	40	0.00178312	15142	1.06692e-07	TRUE	ORF1ab:cds-YP_009725295.1	CCA	P	TCA	S	1321
NC_045512.2	4226	C	A	15112	4990	40	3	0	45	0.000198124	15142	0.311843	FALSE	ORF1ab:cds-YP_009724389.1	CCA	P	ACA	T	1321
NC_045512.2	4226	C	A	15112	4990	40	3	0	45	0.000198124	15142	0.311843	FALSE	ORF1ab:cds-YP_009725295.1	CCA	P	ACA	T	1321
NC_045512.2	4227	C	A	14791	5244	40	2	1	37	0.000135199	14793	0.999742	FALSE	ORF1ab:cds-YP_009724389.1	CCA	P	CAA	Q	1321
NC_045512.2	4227	C	A	14791	5244	40	2	1	37	0.000135199	14793	0.999742	FALSE	ORF1ab:cds-YP_009725295.1	CCA	P	CAA	Q	1321
NC_045512.2	4228	A	G	14832	5280	40	2	1	31	0.000134816	14835	0.999741	FALSE	ORF1ab:cds-YP_009724389.1	CCA	P	CCG	P	1321
NC_045512.2	4228	A	G	14832	5280	40	2	1	31	0.000134816	14835	0.999741	FALSE	ORF1ab:cds-YP_009725295.1	CCA	P	CCG	P	1321
NC_045512.2	4228	A	C	14832	5280	40	1	0	29	6.74082e-05	14835	1	FALSE	ORF1ab:cds-YP_009724389.1	CCA	P	CCC	P	1321
NC_045512.2	4228	A	C	14832	5280	40	1	0	29	6.74082e-05	14835	1	FALSE	ORF1ab:cds-YP_009725295.1	CCA	P	CCC	P	1321
NC_045512.2	4229	A	T	14612	5218	40	1	1	37	6.84229e-05	14615	0.99997	FALSE	ORF1ab:cds-YP_009724389.1	ACA	T	TCA	S	1322
NC_045512.2	4229	A	T	14612	5218	40	1	1	37	6.84229e-05	14615	0.99997	FALSE	ORF1ab:cds-YP_009725295.1	ACA	T	TCA	S	1322
NC_045512.2	4229	A	G	14612	5218	40	2	1	37	0.000136846	14615	0.999741	FALSE	ORF1ab:cds-YP_009724389.1	ACA	T	GCA	A	1322
NC_045512.2	4229	A	G	14612	5218	40	2	1	37	0.000136846	14615	0.999741	FALSE	ORF1ab:cds-YP_009725295.1	ACA	T	GCA	A	1322
NC_045512.2	4230	C	T	14749	5301	40	1	1	37	6.77874e-05	14752	0.99997	FALSE	ORF1ab:cds-YP_009724389.1	ACA	T	ATA	I	1322
NC_045512.2	4230	C	T	14749	5301	40	1	1	37	6.77874e-05	14752	0.99997	FALSE	ORF1ab:cds-YP_009725295.1	ACA	T	ATA	I	1322
NC_045512.2	4230	C	A	14749	5301	40	2	0	31	0.000135575	14752	0.999741	FALSE	ORF1ab:cds-YP_009724389.1	ACA	T	AAA	K	1322
NC_045512.2	4230	C	A	14749	5301	40	2	0	31	0.000135575	14752	0.999741	FALSE	ORF1ab:cds-YP_009725295.1	ACA	T	AAA	K	1322
NC_045512.2	4231	A	G	14672	5330	40	2	0	37	0.000136295	14674	0.999742	FALSE	ORF1ab:cds-YP_009724389.1	ACA	T	ACG	T	1322
NC_045512.2	4231	A	G	14672	5330	40	2	0	37	0.000136295	14674	0.999742	FALSE	ORF1ab:cds-YP_009725295.1	ACA	T	ACG	T	1322
NC_045512.2	4232	G	T	14598	5339	40	1	1	25	6.84885e-05	14601	1	FALSE	ORF1ab:cds-YP_009724389.1	GAC	D	TAC	Y	1323
NC_045512.2	4232	G	T	14598	5339	40	1	1	25	6.84885e-05	14601	1	FALSE	ORF1ab:cds-YP_009725295.1	GAC	D	TAC	Y	1323
NC_045512.2	4232	G	A	14598	5339	40	2	1	37	0.000136977	14601	0.999741	FALSE	ORF1ab:cds-YP_009724389.1	GAC	D	AAC	N	1323
NC_045512.2	4232	G	A	14598	5339	40	2	1	37	0.000136977	14601	0.999741	FALSE	ORF1ab:cds-YP_009725295.1	GAC	D	AAC	N	1323
NC_045512.2	4233	A	T	14537	5320	40	1	1	25	6.87853e-05	14538	1	FALSE	ORF1ab:cds-YP_009724389.1	GAC	D	GTC	V	1323
NC_045512.2	4233	A	T	14537	5320	40	1	1	25	6.87853e-05	14538	1	FALSE	ORF1ab:cds-YP_009725295.1	GAC	D	GTC	V	1323
NC_045512.2	4234	C	T	15107	5385	39	1	1	37	6.61901e-05	15108	0.999985	FALSE	ORF1ab:cds-YP_009724389.1	GAC	D	GAT	D	1323
NC_045512.2	4234	C	T	15107	5385	39	1	1	37	6.61901e-05	15108	0.999985	FALSE	ORF1ab:cds-YP_009725295.1	GAC	D	GAT	D	1323
NC_045512.2	4235	A	G	15019	5422	39	2	1	31	0.000133094	15027	0.999863	FALSE	ORF1ab:cds-YP_009724389.1	AAT	N	GAT	D	1324
NC_045512.2	4235	A	G	15019	5422	39	2	1	31	0.000133094	15027	0.999863	FALSE	ORF1ab:cds-YP_009725295.1	AAT	N	GAT	D	1324
NC_045512.2	4235	A	C	15019	5422	39	6	0	26	0.000399281	15027	1	FALSE	ORF1ab:cds-YP_009724389.1	AAT	N	CAT	H	1324
NC_045512.2	4235	A	C	15019	5422	39	6	0	26	0.000399281	15027	1	FALSE	ORF1ab:cds-YP_009725295.1	AAT	N	CAT	H	1324
NC_045512.2	4236	A	T	14887	5512	39	1	0	37	6.71366e-05	14895	0.999969	FALSE	ORF1ab:cds-YP_009724389.1	AAT	N	ATT	I	1324
NC_045512.2	4236	A	T	14887	5512	39	1	0	37	6.71366e-05	14895	0.999969	FALSE	ORF1ab:cds-YP_009725295.1	AAT	N	ATT	I	1324
NC_045512.2	4236	A	G	14887	5512	39	2	1	37	0.000134273	14895	0.999741	FALSE	ORF1ab:cds-YP_009724389.1	AAT	N	AGT	S	1324
NC_045512.2	4236	A	G	14887	5512	39	2	1	37	0.000134273	14895	0.999741	FALSE	ORF1ab:cds-YP_009725295.1	AAT	N	AGT	S	1324
NC_045512.2	4236	A	C	14887	5512	39	5	0	25	0.000335683	14895	1	FALSE	ORF1ab:cds-YP_009724389.1	AAT	N	ACT	T	1324
NC_045512.2	4236	A	C	14887	5512	39	5	0	25	0.000335683	14895	1	FALSE	ORF1ab:cds-YP_009725295.1	AAT	N	ACT	T	1324
NC_045512.2	4236	A	-T	14887	5512	39	1	0	20	6.71366e-05	14895	1	FALSE	NA	NA	NA	NA	NA	NA
NC_045512.2	4237	T	G	14113	5678	38	1	0	25	7.08516e-05	14114	1	FALSE	ORF1ab:cds-YP_009724389.1	AAT	N	AAG	K	1324
NC_045512.2	4237	T	G	14113	5678	38	1	0	25	7.08516e-05	14114	1	FALSE	ORF1ab:cds-YP_009725295.1	AAT	N	AAG	K	1324
NC_045512.2	4238	T	G	14615	5657	38	1	1	25	6.84182e-05	14616	1	FALSE	ORF1ab:cds-YP_009724389.1	TAT	Y	GAT	D	1325
NC_045512.2	4238	T	G	14615	5657	38	1	1	25	6.84182e-05	14616	1	FALSE	ORF1ab:cds-YP_009725295.1	TAT	Y	GAT	D	1325
NC_045512.2	4239	A	G	14963	5819	39	1	0	37	6.68226e-05	14965	0.99997	FALSE	ORF1ab:cds-YP_009724389.1	TAT	Y	TGT	C	1325
NC_045512.2	4239	A	G	14963	5819	39	1	0	37	6.68226e-05	14965	0.99997	FALSE	ORF1ab:cds-YP_009725295.1	TAT	Y	TGT	C	1325
NC_045512.2	4239	A	C	14963	5819	39	1	0	25	6.68226e-05	14965	1	FALSE	ORF1ab:cds-YP_009724389.1	TAT	Y	TCT	S	1325
NC_045512.2	4239	A	C	14963	5819	39	1	0	25	6.68226e-05	14965	1	FALSE	ORF1ab:cds-YP_009725295.1	TAT	Y	TCT	S	1325
NC_045512.2	4240	T	C	14943	5734	39	1	0	74	6.69165e-05	14944	0.500017	FALSE	ORF1ab:cds-YP_009724389.1	TAT	Y	TAC	Y	1325
NC_045512.2	4240	T	C	14943	5734	39	1	0	74	6.69165e-05	14944	0.500017	FALSE	ORF1ab:cds-YP_009725295.1	TAT	Y	TAC	Y	1325
NC_045512.2	4241	A	T	14969	5753	39	1	1	74	6.67913e-05	14972	0.499983	FALSE	ORF1ab:cds-YP_009724389.1	ATA	I	TTA	L	1326
NC_045512.2	4241	A	T	14969	5753	39	1	1	74	6.67913e-05	14972	0.499983	FALSE	ORF1ab:cds-YP_009725295.1	ATA	I	TTA	L	1326
NC_045512.2	4241	A	G	14969	5753	39	2	1	37	0.000133583	14972	0.999741	FALSE	ORF1ab:cds-YP_009724389.1	ATA	I	GTA	V	1326
NC_045512.2	4241	A	G	14969	5753	39	2	1	37	0.000133583	14972	0.999741	FALSE	ORF1ab:cds-YP_009725295.1	ATA	I	GTA	V	1326
NC_045512.2	4242	T	G	14821	5705	38	3	3	25	0.000202334	14827	1	FALSE	ORF1ab:cds-YP_009724389.1	ATA	I	AGA	R	1326
NC_045512.2	4242	T	G	14821	5705	38	3	3	25	0.000202334	14827	1	FALSE	ORF1ab:cds-YP_009725295.1	ATA	I	AGA	R	1326
NC_045512.2	4242	T	C	14821	5705	38	2	0	31	0.000134889	14827	0.999741	FALSE	ORF1ab:cds-YP_009724389.1	ATA	I	ACA	T	1326
NC_045512.2	4242	T	C	14821	5705	38	2	0	31	0.000134889	14827	0.999741	FALSE	ORF1ab:cds-YP_009725295.1	ATA	I	ACA	T	1326
NC_045512.2	4242	T	A	14821	5705	38	1	0	25	6.74445e-05	14827	1	FALSE	ORF1ab:cds-YP_009724389.1	ATA	I	AAA	K	1326
NC_045512.2	4242	T	A	14821	5705	38	1	0	25	6.74445e-05	14827	1	FALSE	ORF1ab:cds-YP_009725295.1	ATA	I	AAA	K	1326
NC_045512.2	4243	A	G	14695	5526	39	5	3	32	0.00034009	14702	0.99041	FALSE	ORF1ab:cds-YP_009724389.1	ATA	I	ATG	M	1326
NC_045512.2	4243	A	G	14695	5526	39	5	3	32	0.00034009	14702	0.99041	FALSE	ORF1ab:cds-YP_009725295.1	ATA	I	ATG	M	1326
NC_045512.2	4243	A	C	14695	5526	39	2	1	37	0.000136036	14702	0.999741	FALSE	ORF1ab:cds-YP_009724389.1	ATA	I	ATC	I	1326
NC_045512.2	4243	A	C	14695	5526	39	2	1	37	0.000136036	14702	0.999741	FALSE	ORF1ab:cds-YP_009725295.1	ATA	I	ATC	I	1326
NC_045512.2	4244	A	G	14397	5387	38	10	5	42	0.000693866	14412	0.00584448	TRUE	ORF1ab:cds-YP_009724389.1	ACC	T	GCC	A	1327
NC_045512.2	4244	A	G	14397	5387	38	10	5	42	0.000693866	14412	0.00584448	TRUE	ORF1ab:cds-YP_009725295.1	ACC	T	GCC	A	1327
NC_045512.2	4244	A	C	14397	5387	38	5	4	28	0.000346933	14412	1	FALSE	ORF1ab:cds-YP_009724389.1	ACC	T	CCC	P	1327
NC_045512.2	4244	A	C	14397	5387	38	5	4	28	0.000346933	14412	1	FALSE	ORF1ab:cds-YP_009725295.1	ACC	T	CCC	P	1327
NC_045512.2	4245	C	T	15462	5968	39	3	1	37	0.000193949	15468	0.999345	FALSE	ORF1ab:cds-YP_009724389.1	ACC	T	ATC	I	1327
NC_045512.2	4245	C	T	15462	5968	39	3	1	37	0.000193949	15468	0.999345	FALSE	ORF1ab:cds-YP_009725295.1	ACC	T	ATC	I	1327
NC_045512.2	4245	C	G	15462	5968	39	1	0	37	6.46496e-05	15468	0.999985	FALSE	ORF1ab:cds-YP_009724389.1	ACC	T	AGC	S	1327
NC_045512.2	4245	C	G	15462	5968	39	1	0	37	6.46496e-05	15468	0.999985	FALSE	ORF1ab:cds-YP_009725295.1	ACC	T	AGC	S	1327
NC_045512.2	4245	C	A	15462	5968	39	2	1	37	0.000129299	15468	0.999863	FALSE	ORF1ab:cds-YP_009724389.1	ACC	T	AAC	N	1327
NC_045512.2	4245	C	A	15462	5968	39	2	1	37	0.000129299	15468	0.999863	FALSE	ORF1ab:cds-YP_009725295.1	ACC	T	AAC	N	1327
NC_045512.2	4245	C	+CA	15462	5968	39	1	0	20	6.46496e-05	15468	1	FALSE	NA	NA	NA	NA	NA	NA
NC_045512.2	4246	C	T	16032	6416	39	1	0	37	6.23714e-05	16033	0.999992	FALSE	ORF1ab:cds-YP_009724389.1	ACC	T	ACT	T	1327
NC_045512.2	4246	C	T	16032	6416	39	1	0	37	6.23714e-05	16033	0.999992	FALSE	ORF1ab:cds-YP_009725295.1	ACC	T	ACT	T	1327
NC_045512.2	4247	A	C	15525	6498	38	5	1	28	0.000321958	15530	1	FALSE	ORF1ab:cds-YP_009724389.1	ACT	T	CCT	P	1328
NC_045512.2	4247	A	C	15525	6498	38	5	1	28	0.000321958	15530	1	FALSE	ORF1ab:cds-YP_009725295.1	ACT	T	CCT	P	1328
NC_045512.2	4248	C	-T	15993	6562	39	1	0	20	6.25274e-05	15993	1	FALSE	NA	NA	NA	NA	NA	NA
NC_045512.2	4249	T	C	15339	6334	38	2	0	42	0.000130344	15344	0.499927	FALSE	ORF1ab:cds-YP_009724389.1	ACT	T	ACC	T	1328
NC_045512.2	4249	T	C	15339	6334	38	2	0	42	0.000130344	15344	0.499927	FALSE	ORF1ab:cds-YP_009725295.1	ACT	T	ACC	T	1328
NC_045512.2	4249	T	A	15339	6334	38	3	1	29	0.000195516	15344	1	FALSE	ORF1ab:cds-YP_009724389.1	ACT	T	ACA	T	1328
NC_045512.2	4249	T	A	15339	6334	38	3	1	29	0.000195516	15344	1	FALSE	ORF1ab:cds-YP_009725295.1	ACT	T	ACA	T	1328
NC_045512.2	4250	T	G	15753	6575	38	1	1	25	6.34719e-05	15755	1	FALSE	ORF1ab:cds-YP_009724389.1	TAC	Y	GAC	D	1329
NC_045512.2	4250	T	G	15753	6575	38	1	1	25	6.34719e-05	15755	1	FALSE	ORF1ab:cds-YP_009725295.1	TAC	Y	GAC	D	1329
NC_045512.2	4250	T	A	15753	6575	38	1	0	25	6.34719e-05	15755	1	FALSE	ORF1ab:cds-YP_009724389.1	TAC	Y	AAC	N	1329
NC_045512.2	4250	T	A	15753	6575	38	1	0	25	6.34719e-05	15755	1	FALSE	ORF1ab:cds-YP_009725295.1	TAC	Y	AAC	N	1329
NC_045512.2	4251	A	C	15310	6537	38	5	3	27	0.000326477	15315	1	FALSE	ORF1ab:cds-YP_009724389.1	TAC	Y	TCC	S	1329
NC_045512.2	4251	A	C	15310	6537	38	5	3	27	0.000326477	15315	1	FALSE	ORF1ab:cds-YP_009725295.1	TAC	Y	TCC	S	1329
NC_045512.2	4252	C	A	16031	6876	39	1	0	25	6.23752e-05	16032	1	FALSE	ORF1ab:cds-YP_009724389.1	TAC	Y	TAA	*	1329
NC_045512.2	4252	C	A	16031	6876	39	1	0	25	6.23752e-05	16032	1	FALSE	ORF1ab:cds-YP_009725295.1	TAC	Y	TAA	*	1329
NC_045512.2	4253	C	A	15854	6907	39	1	0	37	6.30716e-05	15855	0.999985	FALSE	ORF1ab:cds-YP_009724389.1	CCG	P	ACG	T	1330
NC_045512.2	4253	C	A	15854	6907	39	1	0	37	6.30716e-05	15855	0.999985	FALSE	ORF1ab:cds-YP_009725295.1	CCG	P	ACG	T	1330
NC_045512.2	4254	C	T	15878	6754	39	3	1	33	0.000188881	15883	0.999345	FALSE	ORF1ab:cds-YP_009724389.1	CCG	P	CTG	L	1330
NC_045512.2	4254	C	T	15878	6754	39	3	1	33	0.000188881	15883	0.999345	FALSE	ORF1ab:cds-YP_009725295.1	CCG	P	CTG	L	1330
NC_045512.2	4254	C	G	15878	6754	39	1	1	37	6.29604e-05	15883	0.999985	FALSE	ORF1ab:cds-YP_009724389.1	CCG	P	CGG	R	1330
NC_045512.2	4254	C	G	15878	6754	39	1	1	37	6.29604e-05	15883	0.999985	FALSE	ORF1ab:cds-YP_009725295.1	CCG	P	CGG	R	1330
NC_045512.2	4254	C	A	15878	6754	39	1	1	37	6.29604e-05	15883	0.999985	FALSE	ORF1ab:cds-YP_009724389.1	CCG	P	CAG	Q	1330
NC_045512.2	4254	C	A	15878	6754	39	1	1	37	6.29604e-05	15883	0.999985	FALSE	ORF1ab:cds-YP_009725295.1	CCG	P	CAG	Q	1330
NC_045512.2	4255	G	T	16018	6818	39	2	0	37	0.000124828	16022	0.999928	FALSE	ORF1ab:cds-YP_009724389.1	CCG	P	CCT	P	1330
NC_045512.2	4255	G	T	16018	6818	39	2	0	37	0.000124828	16022	0.999928	FALSE	ORF1ab:cds-YP_009725295.1	CCG	P	CCT	P	1330
NC_045512.2	4255	G	A	16018	6818	39	2	0	37	0.000124828	16022	0.999928	FALSE	ORF1ab:cds-YP_009724389.1	CCG	P	CCA	P	1330
NC_045512.2	4255	G	A	16018	6818	39	2	0	37	0.000124828	16022	0.999928	FALSE	ORF1ab:cds-YP_009725295.1	CCG	P	CCA	P	1330
NC_045512.2	4256	G	A	16257	6799	39	3	1	31	0.000184502	16260	0.999637	FALSE	ORF1ab:cds-YP_009724389.1	GGT	G	AGT	S	1331
NC_045512.2	4256	G	A	16257	6799	39	3	1	31	0.000184502	16260	0.999637	FALSE	ORF1ab:cds-YP_009725295.1	GGT	G	AGT	S	1331
NC_045512.2	4257	G	C	16354	6886	39	1	0	25	6.11396e-05	16356	1	FALSE	ORF1ab:cds-YP_009724389.1	GGT	G	GCT	A	1331
NC_045512.2	4257	G	C	16354	6886	39	1	0	25	6.11396e-05	16356	1	FALSE	ORF1ab:cds-YP_009725295.1	GGT	G	GCT	A	1331
NC_045512.2	4257	G	A	16354	6886	39	1	1	48	6.11396e-05	16356	0.750008	FALSE	ORF1ab:cds-YP_009724389.1	GGT	G	GAT	D	1331
NC_045512.2	4257	G	A	16354	6886	39	1	1	48	6.11396e-05	16356	0.750008	FALSE	ORF1ab:cds-YP_009725295.1	GGT	G	GAT	D	1331
NC_045512.2	4258	T	G	15800	6857	38	1	1	25	6.32711e-05	15805	1	FALSE	ORF1ab:cds-YP_009724389.1	GGT	G	GGG	G	1331
NC_045512.2	4258	T	G	15800	6857	38	1	1	25	6.32711e-05	15805	1	FALSE	ORF1ab:cds-YP_009725295.1	GGT	G	GGG	G	1331
NC_045512.2	4258	T	C	15800	6857	38	2	0	37	0.000126542	15805	0.999863	FALSE	ORF1ab:cds-YP_009724389.1	GGT	G	GGC	G	1331
NC_045512.2	4258	T	C	15800	6857	38	2	0	37	0.000126542	15805	0.999863	FALSE	ORF1ab:cds-YP_009725295.1	GGT	G	GGC	G	1331
NC_045512.2	4258	T	A	15800	6857	38	2	1	37	0.000126542	15805	0.999863	FALSE	ORF1ab:cds-YP_009724389.1	GGT	G	GGA	G	1331
NC_045512.2	4258	T	A	15800	6857	38	2	1	37	0.000126542	15805	0.999863	FALSE	ORF1ab:cds-YP_009725295.1	GGT	G	GGA	G	1331
NC_045512.2	4260	A	T	15336	6751	38	2	1	31	0.000130302	15349	0.999862	FALSE	ORF1ab:cds-YP_009724389.1	CAG	Q	CTG	L	1332
NC_045512.2	4260	A	T	15336	6751	38	2	1	31	0.000130302	15349	0.999862	FALSE	ORF1ab:cds-YP_009725295.1	CAG	Q	CTG	L	1332
NC_045512.2	4260	A	G	15336	6751	38	4	2	34	0.000260603	15349	0.997786	FALSE	ORF1ab:cds-YP_009724389.1	CAG	Q	CGG	R	1332
NC_045512.2	4260	A	G	15336	6751	38	4	2	34	0.000260603	15349	0.997786	FALSE	ORF1ab:cds-YP_009725295.1	CAG	Q	CGG	R	1332
NC_045512.2	4260	A	C	15336	6751	38	7	2	26	0.000456056	15349	1	FALSE	ORF1ab:cds-YP_009724389.1	CAG	Q	CCG	P	1332
NC_045512.2	4260	A	C	15336	6751	38	7	2	26	0.000456056	15349	1	FALSE	ORF1ab:cds-YP_009725295.1	CAG	Q	CCG	P	1332
NC_045512.2	4261	G	T	16577	6898	39	4	1	43	0.000241225	16582	0.187481	FALSE	ORF1ab:cds-YP_009724389.1	CAG	Q	CAT	H	1332
NC_045512.2	4261	G	T	16577	6898	39	4	1	43	0.000241225	16582	0.187481	FALSE	ORF1ab:cds-YP_009725295.1	CAG	Q	CAT	H	1332
NC_045512.2	4261	G	A	16577	6898	39	1	1	37	6.03064e-05	16582	0.999992	FALSE	ORF1ab:cds-YP_009724389.1	CAG	Q	CAA	Q	1332
NC_045512.2	4261	G	A	16577	6898	39	1	1	37	6.03064e-05	16582	0.999992	FALSE	ORF1ab:cds-YP_009725295.1	CAG	Q	CAA	Q	1332
NC_045512.2	4262	G	T	16368	6786	38	3	1	33	0.000183228	16373	0.999637	FALSE	ORF1ab:cds-YP_009724389.1	GGT	G	TGT	C	1333
NC_045512.2	4262	G	T	16368	6786	38	3	1	33	0.000183228	16373	0.999637	FALSE	ORF1ab:cds-YP_009725295.1	GGT	G	TGT	C	1333
NC_045512.2	4262	G	A	16368	6786	38	2	1	37	0.000122152	16373	0.999928	FALSE	ORF1ab:cds-YP_009724389.1	GGT	G	AGT	S	1333
NC_045512.2	4262	G	A	16368	6786	38	2	1	37	0.000122152	16373	0.999928	FALSE	ORF1ab:cds-YP_009725295.1	GGT	G	AGT	S	1333
NC_045512.2	4264	T	G	14035	7106	37	5	0	25	0.000356049	14043	1	FALSE	ORF1ab:cds-YP_009724389.1	GGT	G	GGG	G	1333
NC_045512.2	4264	T	G	14035	7106	37	5	0	25	0.000356049	14043	1	FALSE	ORF1ab:cds-YP_009725295.1	GGT	G	GGG	G	1333
NC_045512.2	4264	T	A	14035	7106	37	3	3	29	0.00021363	14043	1	FALSE	ORF1ab:cds-YP_009724389.1	GGT	G	GGA	G	1333
NC_045512.2	4264	T	A	14035	7106	37	3	3	29	0.00021363	14043	1	FALSE	ORF1ab:cds-YP_009725295.1	GGT	G	GGA	G	1333
NC_045512.2	4265	T	C	14438	7272	37	2	2	31	0.000138485	14442	0.999741	FALSE	ORF1ab:cds-YP_009724389.1	TTA	L	CTA	L	1334
NC_045512.2	4265	T	C	14438	7272	37	2	2	31	0.000138485	14442	0.999741	FALSE	ORF1ab:cds-YP_009725295.1	TTA	L	CTA	L	1334
NC_045512.2	4265	T	A	14438	7272	37	2	1	31	0.000138485	14442	0.999741	FALSE	ORF1ab:cds-YP_009724389.1	TTA	L	ATA	I	1334
NC_045512.2	4265	T	A	14438	7272	37	2	1	31	0.000138485	14442	0.999741	FALSE	ORF1ab:cds-YP_009725295.1	TTA	L	ATA	I	1334
NC_045512.2	4266	T	C	14592	7266	37	1	1	37	6.8526e-05	14593	0.99997	FALSE	ORF1ab:cds-YP_009724389.1	TTA	L	TCA	S	1334
NC_045512.2	4266	T	C	14592	7266	37	1	1	37	6.8526e-05	14593	0.99997	FALSE	ORF1ab:cds-YP_009725295.1	TTA	L	TCA	S	1334
NC_045512.2	4267	A	T	14505	7169	37	2	1	31	0.000137845	14509	0.999741	FALSE	ORF1ab:cds-YP_009724389.1	TTA	L	TTT	F	1334
NC_045512.2	4267	A	T	14505	7169	37	2	1	31	0.000137845	14509	0.999741	FALSE	ORF1ab:cds-YP_009725295.1	TTA	L	TTT	F	1334
NC_045512.2	4267	A	G	14505	7169	37	2	1	37	0.000137845	14509	0.999741	FALSE	ORF1ab:cds-YP_009724389.1	TTA	L	TTG	L	1334
NC_045512.2	4267	A	G	14505	7169	37	2	1	37	0.000137845	14509	0.999741	FALSE	ORF1ab:cds-YP_009725295.1	TTA	L	TTG	L	1334
NC_045512.2	4268	A	G	14354	6996	37	1	0	37	6.96427e-05	14359	0.99997	FALSE	ORF1ab:cds-YP_009724389.1	AAT	N	GAT	D	1335
NC_045512.2	4268	A	G	14354	6996	37	1	0	37	6.96427e-05	14359	0.99997	FALSE	ORF1ab:cds-YP_009725295.1	AAT	N	GAT	D	1335
NC_045512.2	4268	A	C	14354	6996	37	4	4	29	0.000278571	14359	1	FALSE	ORF1ab:cds-YP_009724389.1	AAT	N	CAT	H	1335
NC_045512.2	4268	A	C	14354	6996	37	4	4	29	0.000278571	14359	1	FALSE	ORF1ab:cds-YP_009725295.1	AAT	N	CAT	H	1335
NC_045512.2	4269	A	T	13923	6823	37	3	1	29	0.000215378	13929	1	FALSE	ORF1ab:cds-YP_009724389.1	AAT	N	ATT	I	1335
NC_045512.2	4269	A	T	13923	6823	37	3	1	29	0.000215378	13929	1	FALSE	ORF1ab:cds-YP_009725295.1	AAT	N	ATT	I	1335
NC_045512.2	4269	A	G	13923	6823	37	1	0	37	7.17927e-05	13929	0.999939	FALSE	ORF1ab:cds-YP_009724389.1	AAT	N	AGT	S	1335
NC_045512.2	4269	A	G	13923	6823	37	1	0	37	7.17927e-05	13929	0.999939	FALSE	ORF1ab:cds-YP_009725295.1	AAT	N	AGT	S	1335
NC_045512.2	4269	A	C	13923	6823	37	2	1	25	0.000143585	13929	1	FALSE	ORF1ab:cds-YP_009724389.1	AAT	N	ACT	T	1335
NC_045512.2	4269	A	C	13923	6823	37	2	1	25	0.000143585	13929	1	FALSE	ORF1ab:cds-YP_009725295.1	AAT	N	ACT	T	1335
NC_045512.2	4270	T	G	14735	6802	37	2	0	31	0.000135704	14738	0.999741	FALSE	ORF1ab:cds-YP_009724389.1	AAT	N	AAG	K	1335
NC_045512.2	4270	T	G	14735	6802	37	2	0	31	0.000135704	14738	0.999741	FALSE	ORF1ab:cds-YP_009725295.1	AAT	N	AAG	K	1335
NC_045512.2	4270	T	A	14735	6802	37	1	0	25	6.78518e-05	14738	1	FALSE	ORF1ab:cds-YP_009724389.1	AAT	N	AAA	K	1335
NC_045512.2	4270	T	A	14735	6802	37	1	0	25	6.78518e-05	14738	1	FALSE	ORF1ab:cds-YP_009725295.1	AAT	N	AAA	K	1335
NC_045512.2	4270	T	-G	14735	6802	37	1	0	20	6.78518e-05	14738	1	FALSE	NA	NA	NA	NA	NA	NA
NC_045512.2	4271	G	T	15129	6721	37	3	2	37	0.000198229	15134	0.999345	FALSE	ORF1ab:cds-YP_009724389.1	GGT	G	TGT	C	1336
NC_045512.2	4271	G	T	15129	6721	37	3	2	37	0.000198229	15134	0.999345	FALSE	ORF1ab:cds-YP_009725295.1	GGT	G	TGT	C	1336
NC_045512.2	4271	G	C	15129	6721	37	1	1	37	6.60764e-05	15134	0.999985	FALSE	ORF1ab:cds-YP_009724389.1	GGT	G	CGT	R	1336
NC_045512.2	4271	G	C	15129	6721	37	1	1	37	6.60764e-05	15134	0.999985	FALSE	ORF1ab:cds-YP_009725295.1	GGT	G	CGT	R	1336
NC_045512.2	4271	G	A	15129	6721	37	1	1	37	6.60764e-05	15134	0.999985	FALSE	ORF1ab:cds-YP_009724389.1	GGT	G	AGT	S	1336
NC_045512.2	4271	G	A	15129	6721	37	1	1	37	6.60764e-05	15134	0.999985	FALSE	ORF1ab:cds-YP_009725295.1	GGT	G	AGT	S	1336
NC_045512.2	4272	G	T	15082	6583	37	1	1	25	6.62866e-05	15086	1	FALSE	ORF1ab:cds-YP_009724389.1	GGT	G	GTT	V	1336
NC_045512.2	4272	G	T	15082	6583	37	1	1	25	6.62866e-05	15086	1	FALSE	ORF1ab:cds-YP_009725295.1	GGT	G	GTT	V	1336
NC_045512.2	4272	G	C	15082	6583	37	1	0	37	6.62866e-05	15086	0.999985	FALSE	ORF1ab:cds-YP_009724389.1	GGT	G	GCT	A	1336
NC_045512.2	4272	G	C	15082	6583	37	1	0	37	6.62866e-05	15086	0.999985	FALSE	ORF1ab:cds-YP_009725295.1	GGT	G	GCT	A	1336
NC_045512.2	4272	G	A	15082	6583	37	2	2	37	0.000132573	15086	0.999863	FALSE	ORF1ab:cds-YP_009724389.1	GGT	G	GAT	D	1336
NC_045512.2	4272	G	A	15082	6583	37	2	2	37	0.000132573	15086	0.999863	FALSE	ORF1ab:cds-YP_009725295.1	GGT	G	GAT	D	1336
NC_045512.2	4273	T	G	14623	6363	37	9	6	26	0.000614964	14635	1	FALSE	ORF1ab:cds-YP_009724389.1	GGT	G	GGG	G	1336
NC_045512.2	4273	T	G	14623	6363	37	9	6	26	0.000614964	14635	1	FALSE	ORF1ab:cds-YP_009725295.1	GGT	G	GGG	G	1336
NC_045512.2	4273	T	C	14623	6363	37	3	1	37	0.000204988	14635	0.998824	FALSE	ORF1ab:cds-YP_009724389.1	GGT	G	GGC	G	1336
NC_045512.2	4273	T	C	14623	6363	37	3	1	37	0.000204988	14635	0.998824	FALSE	ORF1ab:cds-YP_009725295.1	GGT	G	GGC	G	1336
NC_045512.2	4274	T	G	15024	6670	37	1	0	25	6.65513e-05	15026	1	FALSE	ORF1ab:cds-YP_009724389.1	TAC	Y	GAC	D	1337
NC_045512.2	4274	T	G	15024	6670	37	1	0	25	6.65513e-05	15026	1	FALSE	ORF1ab:cds-YP_009725295.1	TAC	Y	GAC	D	1337
NC_045512.2	4274	T	C	15024	6670	37	1	0	37	6.65513e-05	15026	0.999985	FALSE	ORF1ab:cds-YP_009724389.1	TAC	Y	CAC	H	1337
NC_045512.2	4274	T	C	15024	6670	37	1	0	37	6.65513e-05	15026	0.999985	FALSE	ORF1ab:cds-YP_009725295.1	TAC	Y	CAC	H	1337
NC_045512.2	4275	A	G	15286	6881	37	2	0	31	0.000130822	15288	0.999863	FALSE	ORF1ab:cds-YP_009724389.1	TAC	Y	TGC	C	1337
NC_045512.2	4275	A	G	15286	6881	37	2	0	31	0.000130822	15288	0.999863	FALSE	ORF1ab:cds-YP_009725295.1	TAC	Y	TGC	C	1337
NC_045512.2	4276	C	T	15321	6873	37	3	0	37	0.000195759	15325	0.999346	FALSE	ORF1ab:cds-YP_009724389.1	TAC	Y	TAT	Y	1337
NC_045512.2	4276	C	T	15321	6873	37	3	0	37	0.000195759	15325	0.999346	FALSE	ORF1ab:cds-YP_009725295.1	TAC	Y	TAT	Y	1337
NC_045512.2	4276	C	A	15321	6873	37	1	0	37	6.52529e-05	15325	0.999985	FALSE	ORF1ab:cds-YP_009724389.1	TAC	Y	TAA	*	1337
NC_045512.2	4276	C	A	15321	6873	37	1	0	37	6.52529e-05	15325	0.999985	FALSE	ORF1ab:cds-YP_009725295.1	TAC	Y	TAA	*	1337
NC_045512.2	4277	A	C	14984	6560	37	2	1	31	0.000133458	14986	0.999742	FALSE	ORF1ab:cds-YP_009724389.1	ACT	T	CCT	P	1338
NC_045512.2	4277	A	C	14984	6560	37	2	1	31	0.000133458	14986	0.999742	FALSE	ORF1ab:cds-YP_009725295.1	ACT	T	CCT	P	1338
NC_045512.2	4277	A	+G	14984	6560	37	1	0	20	6.67289e-05	14986	1	FALSE	NA	NA	NA	NA	NA	NA
NC_045512.2	4278	C	T	16570	6893	37	4	0	34	0.000241298	16577	0.998714	FALSE	ORF1ab:cds-YP_009724389.1	ACT	T	ATT	I	1338
NC_045512.2	4278	C	T	16570	6893	37	4	0	34	0.000241298	16577	0.998714	FALSE	ORF1ab:cds-YP_009725295.1	ACT	T	ATT	I	1338
NC_045512.2	4278	C	A	16570	6893	37	3	3	33	0.000180974	16577	0.999636	FALSE	ORF1ab:cds-YP_009724389.1	ACT	T	AAT	N	1338
NC_045512.2	4278	C	A	16570	6893	37	3	3	33	0.000180974	16577	0.999636	FALSE	ORF1ab:cds-YP_009725295.1	ACT	T	AAT	N	1338
NC_045512.2	4279	T	G	16527	6586	37	2	2	37	0.000120956	16535	0.999928	FALSE	ORF1ab:cds-YP_009724389.1	ACT	T	ACG	T	1338
NC_045512.2	4279	T	G	16527	6586	37	2	2	37	0.000120956	16535	0.999928	FALSE	ORF1ab:cds-YP_009725295.1	ACT	T	ACG	T	1338
NC_045512.2	4279	T	C	16527	6586	37	5	2	37	0.000302389	16535	0.996407	FALSE	ORF1ab:cds-YP_009724389.1	ACT	T	ACC	T	1338
NC_045512.2	4279	T	C	16527	6586	37	5	2	37	0.000302389	16535	0.996407	FALSE	ORF1ab:cds-YP_009725295.1	ACT	T	ACC	T	1338
NC_045512.2	4279	T	A	16527	6586	37	1	1	25	6.04778e-05	16535	1	FALSE	ORF1ab:cds-YP_009724389.1	ACT	T	ACA	T	1338
NC_045512.2	4279	T	A	16527	6586	37	1	1	25	6.04778e-05	16535	1	FALSE	ORF1ab:cds-YP_009725295.1	ACT	T	ACA	T	1338
NC_045512.2	4280	G	C	17906	6601	37	1	0	37	5.58316e-05	17911	0.999996	FALSE	ORF1ab:cds-YP_009724389.1	GTA	V	CTA	L	1339
NC_045512.2	4280	G	C	17906	6601	37	1	0	37	5.58316e-05	17911	0.999996	FALSE	ORF1ab:cds-YP_009725295.1	GTA	V	CTA	L	1339
NC_045512.2	4280	G	A	17906	6601	37	4	3	34	0.000223326	17911	0.999257	FALSE	ORF1ab:cds-YP_009724389.1	GTA	V	ATA	I	1339
NC_045512.2	4280	G	A	17906	6601	37	4	3	34	0.000223326	17911	0.999257	FALSE	ORF1ab:cds-YP_009725295.1	GTA	V	ATA	I	1339
NC_045512.2	4281	T	G	17002	6598	37	1	0	25	5.88132e-05	17003	1	FALSE	ORF1ab:cds-YP_009724389.1	GTA	V	GGA	G	1339
NC_045512.2	4281	T	G	17002	6598	37	1	0	25	5.88132e-05	17003	1	FALSE	ORF1ab:cds-YP_009725295.1	GTA	V	GGA	G	1339
NC_045512.2	4282	A	G	16892	6511	37	2	1	31	0.000118357	16898	0.999928	FALSE	ORF1ab:cds-YP_009724389.1	GTA	V	GTG	V	1339
NC_045512.2	4282	A	G	16892	6511	37	2	1	31	0.000118357	16898	0.999928	FALSE	ORF1ab:cds-YP_009725295.1	GTA	V	GTG	V	1339
NC_045512.2	4282	A	C	16892	6511	37	4	1	29	0.000236714	16898	1	FALSE	ORF1ab:cds-YP_009724389.1	GTA	V	GTC	V	1339
NC_045512.2	4282	A	C	16892	6511	37	4	1	29	0.000236714	16898	1	FALSE	ORF1ab:cds-YP_009725295.1	GTA	V	GTC	V	1339
NC_045512.2	4283	G	A	17165	6561	37	1	0	37	5.82547e-05	17166	0.999996	FALSE	ORF1ab:cds-YP_009724389.1	GAG	E	AAG	K	1340
NC_045512.2	4283	G	A	17165	6561	37	1	0	37	5.82547e-05	17166	0.999996	FALSE	ORF1ab:cds-YP_009725295.1	GAG	E	AAG	K	1340
NC_045512.2	4284	A	T	16939	6486	37	1	0	25	5.90214e-05	16943	1	FALSE	ORF1ab:cds-YP_009724389.1	GAG	E	GTG	V	1340
NC_045512.2	4284	A	T	16939	6486	37	1	0	25	5.90214e-05	16943	1	FALSE	ORF1ab:cds-YP_009725295.1	GAG	E	GTG	V	1340
NC_045512.2	4284	A	G	16939	6486	37	2	2	37	0.000118043	16943	0.999928	FALSE	ORF1ab:cds-YP_009724389.1	GAG	E	GGG	G	1340
NC_045512.2	4284	A	G	16939	6486	37	2	2	37	0.000118043	16943	0.999928	FALSE	ORF1ab:cds-YP_009725295.1	GAG	E	GGG	G	1340
NC_045512.2	4284	A	C	16939	6486	37	1	1	37	5.90214e-05	16943	0.999992	FALSE	ORF1ab:cds-YP_009724389.1	GAG	E	GCG	A	1340
NC_045512.2	4284	A	C	16939	6486	37	1	1	37	5.90214e-05	16943	0.999992	FALSE	ORF1ab:cds-YP_009725295.1	GAG	E	GCG	A	1340
NC_045512.2	4285	G	T	17063	6318	37	3	2	37	0.000175768	17068	0.999799	FALSE	ORF1ab:cds-YP_009724389.1	GAG	E	GAT	D	1340
NC_045512.2	4285	G	T	17063	6318	37	3	2	37	0.000175768	17068	0.999799	FALSE	ORF1ab:cds-YP_009725295.1	GAG	E	GAT	D	1340
NC_045512.2	4285	G	A	17063	6318	37	2	1	37	0.000117178	17068	0.999962	FALSE	ORF1ab:cds-YP_009724389.1	GAG	E	GAA	E	1340
NC_045512.2	4285	G	A	17063	6318	37	2	1	37	0.000117178	17068	0.999962	FALSE	ORF1ab:cds-YP_009725295.1	GAG	E	GAA	E	1340
NC_045512.2	4286	G	T	16874	6191	37	1	0	25	5.92487e-05	16878	1	FALSE	ORF1ab:cds-YP_009724389.1	GAG	E	TAG	*	1341
NC_045512.2	4286	G	T	16874	6191	37	1	0	25	5.92487e-05	16878	1	FALSE	ORF1ab:cds-YP_009725295.1	GAG	E	TAG	*	1341
NC_045512.2	4286	G	C	16874	6191	37	1	0	37	5.92487e-05	16878	0.999992	FALSE	ORF1ab:cds-YP_009724389.1	GAG	E	CAG	Q	1341
NC_045512.2	4286	G	C	16874	6191	37	1	0	37	5.92487e-05	16878	0.999992	FALSE	ORF1ab:cds-YP_009725295.1	GAG	E	CAG	Q	1341
NC_045512.2	4286	G	A	16874	6191	37	2	2	37	0.000118497	16878	0.999928	FALSE	ORF1ab:cds-YP_009724389.1	GAG	E	AAG	K	1341
NC_045512.2	4286	G	A	16874	6191	37	2	2	37	0.000118497	16878	0.999928	FALSE	ORF1ab:cds-YP_009725295.1	GAG	E	AAG	K	1341
NC_045512.2	4287	A	T	16102	5518	37	1	1	37	6.2081e-05	16108	0.999992	FALSE	ORF1ab:cds-YP_009724389.1	GAG	E	GTG	V	1341
NC_045512.2	4287	A	T	16102	5518	37	1	1	37	6.2081e-05	16108	0.999992	FALSE	ORF1ab:cds-YP_009725295.1	GAG	E	GTG	V	1341
NC_045512.2	4287	A	G	16102	5518	37	5	4	37	0.000310405	16108	0.99641	FALSE	ORF1ab:cds-YP_009724389.1	GAG	E	GGG	G	1341
NC_045512.2	4287	A	G	16102	5518	37	5	4	37	0.000310405	16108	0.99641	FALSE	ORF1ab:cds-YP_009725295.1	GAG	E	GGG	G	1341
NC_045512.2	4288	G	A	17645	5332	37	3	0	37	0.000169991	17648	0.9998	FALSE	ORF1ab:cds-YP_009724389.1	GAG	E	GAA	E	1341
NC_045512.2	4288	G	A	17645	5332	37	3	0	37	0.000169991	17648	0.9998	FALSE	ORF1ab:cds-YP_009725295.1	GAG	E	GAA	E	1341
NC_045512.2	4289	G	T	17303	5071	37	2	1	37	0.000115367	17336	0.999961	FALSE	ORF1ab:cds-YP_009724389.1	GCA	A	TCA	S	1342
NC_045512.2	4289	G	T	17303	5071	37	2	1	37	0.000115367	17336	0.999961	FALSE	ORF1ab:cds-YP_009725295.1	GCA	A	TCA	S	1342
NC_045512.2	4289	G	C	17303	5071	37	1	0	37	5.76834e-05	17336	0.999996	FALSE	ORF1ab:cds-YP_009724389.1	GCA	A	CCA	P	1342
NC_045512.2	4289	G	C	17303	5071	37	1	0	37	5.76834e-05	17336	0.999996	FALSE	ORF1ab:cds-YP_009725295.1	GCA	A	CCA	P	1342
NC_045512.2	4289	G	A	17303	5071	37	30	11	37	0.0017305	17336	0.0393356	FALSE	ORF1ab:cds-YP_009724389.1	GCA	A	ACA	T	1342
NC_045512.2	4289	G	A	17303	5071	37	30	11	37	0.0017305	17336	0.0393356	FALSE	ORF1ab:cds-YP_009725295.1	GCA	A	ACA	T	1342
NC_045512.2	4290	C	T	17335	5157	37	17	5	37	0.000979714	17352	0.568017	FALSE	ORF1ab:cds-YP_009724389.1	GCA	A	GTA	V	1342
NC_045512.2	4290	C	T	17335	5157	37	17	5	37	0.000979714	17352	0.568017	FALSE	ORF1ab:cds-YP_009725295.1	GCA	A	GTA	V	1342
NC_045512.2	4291	A	G	17312	5119	37	3	0	37	0.00017325	17316	0.999799	FALSE	ORF1ab:cds-YP_009724389.1	GCA	A	GCG	A	1342
NC_045512.2	4291	A	G	17312	5119	37	3	0	37	0.00017325	17316	0.999799	FALSE	ORF1ab:cds-YP_009725295.1	GCA	A	GCG	A	1342
NC_045512.2	4291	A	C	17312	5119	37	1	1	25	5.77501e-05	17316	1	FALSE	ORF1ab:cds-YP_009724389.1	GCA	A	GCC	A	1342
NC_045512.2	4291	A	C	17312	5119	37	1	1	25	5.77501e-05	17316	1	FALSE	ORF1ab:cds-YP_009725295.1	GCA	A	GCC	A	1342
NC_045512.2	4292	A	T	16835	5072	36	1	1	37	5.93895e-05	16838	0.999992	FALSE	ORF1ab:cds-YP_009724389.1	AAG	K	TAG	*	1343
NC_045512.2	4292	A	T	16835	5072	36	1	1	37	5.93895e-05	16838	0.999992	FALSE	ORF1ab:cds-YP_009725295.1	AAG	K	TAG	*	1343
NC_045512.2	4292	A	C	16835	5072	36	2	0	33	0.000118779	16838	0.999928	FALSE	ORF1ab:cds-YP_009724389.1	AAG	K	CAG	Q	1343
NC_045512.2	4292	A	C	16835	5072	36	2	0	33	0.000118779	16838	0.999928	FALSE	ORF1ab:cds-YP_009725295.1	AAG	K	CAG	Q	1343
NC_045512.2	4293	A	T	16626	5043	36	3	1	37	0.000180321	16637	0.999636	FALSE	ORF1ab:cds-YP_009724389.1	AAG	K	ATG	M	1343
NC_045512.2	4293	A	T	16626	5043	36	3	1	37	0.000180321	16637	0.999636	FALSE	ORF1ab:cds-YP_009725295.1	AAG	K	ATG	M	1343
NC_045512.2	4293	A	G	16626	5043	36	4	1	37	0.000240428	16637	0.998712	FALSE	ORF1ab:cds-YP_009724389.1	AAG	K	AGG	R	1343
NC_045512.2	4293	A	G	16626	5043	36	4	1	37	0.000240428	16637	0.998712	FALSE	ORF1ab:cds-YP_009725295.1	AAG	K	AGG	R	1343
NC_045512.2	4293	A	C	16626	5043	36	4	4	28	0.000240428	16637	1	FALSE	ORF1ab:cds-YP_009724389.1	AAG	K	ACG	T	1343
NC_045512.2	4293	A	C	16626	5043	36	4	4	28	0.000240428	16637	1	FALSE	ORF1ab:cds-YP_009725295.1	AAG	K	ACG	T	1343
NC_045512.2	4294	G	T	16157	5126	36	1	0	37	6.18888e-05	16158	0.999992	FALSE	ORF1ab:cds-YP_009724389.1	AAG	K	AAT	N	1343
NC_045512.2	4294	G	T	16157	5126	36	1	0	37	6.18888e-05	16158	0.999992	FALSE	ORF1ab:cds-YP_009725295.1	AAG	K	AAT	N	1343
NC_045512.2	4295	A	G	15934	4904	36	2	0	37	0.000125494	15937	0.999863	FALSE	ORF1ab:cds-YP_009724389.1	ACA	T	GCA	A	1344
NC_045512.2	4295	A	G	15934	4904	36	2	0	37	0.000125494	15937	0.999863	FALSE	ORF1ab:cds-YP_009725295.1	ACA	T	GCA	A	1344
NC_045512.2	4295	A	C	15934	4904	36	1	1	25	6.27471e-05	15937	1	FALSE	ORF1ab:cds-YP_009724389.1	ACA	T	CCA	P	1344
NC_045512.2	4295	A	C	15934	4904	36	1	1	25	6.27471e-05	15937	1	FALSE	ORF1ab:cds-YP_009725295.1	ACA	T	CCA	P	1344
NC_045512.2	4296	C	T	16433	5262	37	3	0	33	0.000182526	16436	0.999637	FALSE	ORF1ab:cds-YP_009724389.1	ACA	T	ATA	I	1344
NC_045512.2	4296	C	T	16433	5262	37	3	0	33	0.000182526	16436	0.999637	FALSE	ORF1ab:cds-YP_009725295.1	ACA	T	ATA	I	1344
NC_045512.2	4297	A	T	14935	4010	36	3	1	37	0.000200749	14944	0.998826	FALSE	ORF1ab:cds-YP_009724389.1	ACA	T	ACT	T	1344
NC_045512.2	4297	A	T	14935	4010	36	3	1	37	0.000200749	14944	0.998826	FALSE	ORF1ab:cds-YP_009725295.1	ACA	T	ACT	T	1344
NC_045512.2	4297	A	G	14935	4010	36	5	1	37	0.000334582	14944	0.990402	FALSE	ORF1ab:cds-YP_009724389.1	ACA	T	ACG	T	1344
NC_045512.2	4297	A	G	14935	4010	36	5	1	37	0.000334582	14944	0.990402	FALSE	ORF1ab:cds-YP_009725295.1	ACA	T	ACG	T	1344
NC_045512.2	4297	A	C	14935	4010	36	1	0	37	6.69165e-05	14944	0.999969	FALSE	ORF1ab:cds-YP_009724389.1	ACA	T	ACC	T	1344
NC_045512.2	4297	A	C	14935	4010	36	1	0	37	6.69165e-05	14944	0.999969	FALSE	ORF1ab:cds-YP_009725295.1	ACA	T	ACC	T	1344
NC_045512.2	4297	A	+G	14935	4010	36	1	0	20	6.69165e-05	14944	1	FALSE	NA	NA	NA	NA	NA	NA
NC_045512.2	4298	G	T	15191	3982	37	1	1	37	6.58198e-05	15193	0.999985	FALSE	ORF1ab:cds-YP_009724389.1	GTG	V	TTG	L	1345
NC_045512.2	4298	G	T	15191	3982	37	1	1	37	6.58198e-05	15193	0.999985	FALSE	ORF1ab:cds-YP_009725295.1	GTG	V	TTG	L	1345
NC_045512.2	4298	G	A	15191	3982	37	1	0	37	6.58198e-05	15193	0.999985	FALSE	ORF1ab:cds-YP_009724389.1	GTG	V	ATG	M	1345
NC_045512.2	4298	G	A	15191	3982	37	1	0	37	6.58198e-05	15193	0.999985	FALSE	ORF1ab:cds-YP_009725295.1	GTG	V	ATG	M	1345
NC_045512.2	4299	T	G	14865	4023	36	3	0	25	0.000201721	14872	1	FALSE	ORF1ab:cds-YP_009724389.1	GTG	V	GGG	G	1345
NC_045512.2	4299	T	G	14865	4023	36	3	0	25	0.000201721	14872	1	FALSE	ORF1ab:cds-YP_009725295.1	GTG	V	GGG	G	1345
NC_045512.2	4299	T	A	14865	4023	36	4	1	34	0.000268962	14872	0.996237	FALSE	ORF1ab:cds-YP_009724389.1	GTG	V	GAG	E	1345
NC_045512.2	4299	T	A	14865	4023	36	4	1	34	0.000268962	14872	0.996237	FALSE	ORF1ab:cds-YP_009725295.1	GTG	V	GAG	E	1345
NC_045512.2	4300	G	C	15278	4010	37	1	0	37	6.54022e-05	15290	0.999985	FALSE	ORF1ab:cds-YP_009724389.1	GTG	V	GTC	V	1345
NC_045512.2	4300	G	C	15278	4010	37	1	0	37	6.54022e-05	15290	0.999985	FALSE	ORF1ab:cds-YP_009725295.1	GTG	V	GTC	V	1345
NC_045512.2	4300	G	A	15278	4010	37	11	3	40	0.000719424	15290	0.00316909	TRUE	ORF1ab:cds-YP_009724389.1	GTG	V	GTA	V	1345
NC_045512.2	4300	G	A	15278	4010	37	11	3	40	0.000719424	15290	0.00316909	TRUE	ORF1ab:cds-YP_009725295.1	GTG	V	GTA	V	1345
NC_045512.2	4301	C	T	15197	4040	36	5	4	37	0.000328882	15203	0.994104	FALSE	ORF1ab:cds-YP_009724389.1	CTT	L	TTT	F	1346
NC_045512.2	4301	C	T	15197	4040	36	5	4	37	0.000328882	15203	0.994104	FALSE	ORF1ab:cds-YP_009725295.1	CTT	L	TTT	F	1346
NC_045512.2	4301	C	A	15197	4040	36	1	0	37	6.57765e-05	15203	0.999985	FALSE	ORF1ab:cds-YP_009724389.1	CTT	L	ATT	I	1346
NC_045512.2	4301	C	A	15197	4040	36	1	0	37	6.57765e-05	15203	0.999985	FALSE	ORF1ab:cds-YP_009725295.1	CTT	L	ATT	I	1346
NC_045512.2	4302	T	C	15115	3837	37	1	0	37	6.61507e-05	15117	0.999985	FALSE	ORF1ab:cds-YP_009724389.1	CTT	L	CCT	P	1346
NC_045512.2	4302	T	C	15115	3837	37	1	0	37	6.61507e-05	15117	0.999985	FALSE	ORF1ab:cds-YP_009725295.1	CTT	L	CCT	P	1346
NC_045512.2	4302	T	A	15115	3837	37	1	1	25	6.61507e-05	15117	1	FALSE	ORF1ab:cds-YP_009724389.1	CTT	L	CAT	H	1346
NC_045512.2	4302	T	A	15115	3837	37	1	1	25	6.61507e-05	15117	1	FALSE	ORF1ab:cds-YP_009725295.1	CTT	L	CAT	H	1346
NC_045512.2	4303	T	C	15179	3977	37	3	1	37	0.000197576	15184	0.999346	FALSE	ORF1ab:cds-YP_009724389.1	CTT	L	CTC	L	1346
NC_045512.2	4303	T	C	15179	3977	37	3	1	37	0.000197576	15184	0.999346	FALSE	ORF1ab:cds-YP_009725295.1	CTT	L	CTC	L	1346
NC_045512.2	4303	T	A	15179	3977	37	2	0	37	0.000131718	15184	0.999863	FALSE	ORF1ab:cds-YP_009724389.1	CTT	L	CTA	L	1346
NC_045512.2	4303	T	A	15179	3977	37	2	0	37	0.000131718	15184	0.999863	FALSE	ORF1ab:cds-YP_009725295.1	CTT	L	CTA	L	1346
NC_045512.2	4303	T	-A	15179	3977	37	4	0	20	0.000263435	15184	1	FALSE	NA	NA	NA	NA	NA	NA
NC_045512.2	4304	A	T	15243	3982	37	2	1	37	0.000131173	15247	0.999863	FALSE	ORF1ab:cds-YP_009724389.1	AAA	K	TAA	*	1347
NC_045512.2	4304	A	T	15243	3982	37	2	1	37	0.000131173	15247	0.999863	FALSE	ORF1ab:cds-YP_009725295.1	AAA	K	TAA	*	1347
NC_045512.2	4304	A	G	15243	3982	37	2	0	37	0.000131173	15247	0.999863	FALSE	ORF1ab:cds-YP_009724389.1	AAA	K	GAA	E	1347
NC_045512.2	4304	A	G	15243	3982	37	2	0	37	0.000131173	15247	0.999863	FALSE	ORF1ab:cds-YP_009725295.1	AAA	K	GAA	E	1347
NC_045512.2	4305	A	T	15004	3944	37	1	1	37	6.66356e-05	15007	0.999985	FALSE	ORF1ab:cds-YP_009724389.1	AAA	K	ATA	I	1347
NC_045512.2	4305	A	T	15004	3944	37	1	1	37	6.66356e-05	15007	0.999985	FALSE	ORF1ab:cds-YP_009725295.1	AAA	K	ATA	I	1347
NC_045512.2	4305	A	G	15004	3944	37	2	1	37	0.000133271	15007	0.999863	FALSE	ORF1ab:cds-YP_009724389.1	AAA	K	AGA	R	1347
NC_045512.2	4305	A	G	15004	3944	37	2	1	37	0.000133271	15007	0.999863	FALSE	ORF1ab:cds-YP_009725295.1	AAA	K	AGA	R	1347
NC_045512.2	4306	A	T	15198	4281	37	1	1	37	6.57895e-05	15200	0.999985	FALSE	ORF1ab:cds-YP_009724389.1	AAA	K	AAT	N	1347
NC_045512.2	4306	A	T	15198	4281	37	1	1	37	6.57895e-05	15200	0.999985	FALSE	ORF1ab:cds-YP_009725295.1	AAA	K	AAT	N	1347
NC_045512.2	4306	A	G	15198	4281	37	1	1	37	6.57895e-05	15200	0.999985	FALSE	ORF1ab:cds-YP_009724389.1	AAA	K	AAG	K	1347
NC_045512.2	4306	A	G	15198	4281	37	1	1	37	6.57895e-05	15200	0.999985	FALSE	ORF1ab:cds-YP_009725295.1	AAA	K	AAG	K	1347
NC_045512.2	4307	A	T	15183	4299	37	1	1	37	6.58501e-05	15186	0.999985	FALSE	ORF1ab:cds-YP_009724389.1	AAG	K	TAG	*	1348
NC_045512.2	4307	A	T	15183	4299	37	1	1	37	6.58501e-05	15186	0.999985	FALSE	ORF1ab:cds-YP_009725295.1	AAG	K	TAG	*	1348
NC_045512.2	4307	A	G	15183	4299	37	1	0	37	6.58501e-05	15186	0.999985	FALSE	ORF1ab:cds-YP_009724389.1	AAG	K	GAG	E	1348
NC_045512.2	4307	A	G	15183	4299	37	1	0	37	6.58501e-05	15186	0.999985	FALSE	ORF1ab:cds-YP_009725295.1	AAG	K	GAG	E	1348
NC_045512.2	4307	A	C	15183	4299	37	1	0	37	6.58501e-05	15186	0.999985	FALSE	ORF1ab:cds-YP_009724389.1	AAG	K	CAG	Q	1348
NC_045512.2	4307	A	C	15183	4299	37	1	0	37	6.58501e-05	15186	0.999985	FALSE	ORF1ab:cds-YP_009725295.1	AAG	K	CAG	Q	1348
NC_045512.2	4308	A	T	15038	4420	36	2	0	25	0.000132961	15042	1	FALSE	ORF1ab:cds-YP_009724389.1	AAG	K	ATG	M	1348
NC_045512.2	4308	A	T	15038	4420	36	2	0	25	0.000132961	15042	1	FALSE	ORF1ab:cds-YP_009725295.1	AAG	K	ATG	M	1348
NC_045512.2	4308	A	G	15038	4420	36	2	1	37	0.000132961	15042	0.999863	FALSE	ORF1ab:cds-YP_009724389.1	AAG	K	AGG	R	1348
NC_045512.2	4308	A	G	15038	4420	36	2	1	37	0.000132961	15042	0.999863	FALSE	ORF1ab:cds-YP_009725295.1	AAG	K	AGG	R	1348
NC_045512.2	4309	G	C	15703	4336	37	1	0	37	6.36335e-05	15715	0.999985	FALSE	ORF1ab:cds-YP_009724389.1	AAG	K	AAC	N	1348
NC_045512.2	4309	G	C	15703	4336	37	1	0	37	6.36335e-05	15715	0.999985	FALSE	ORF1ab:cds-YP_009725295.1	AAG	K	AAC	N	1348
NC_045512.2	4309	G	A	15703	4336	37	11	1	40	0.000699968	15715	0.00316922	TRUE	ORF1ab:cds-YP_009724389.1	AAG	K	AAA	K	1348
NC_045512.2	4309	G	A	15703	4336	37	11	1	40	0.000699968	15715	0.00316922	TRUE	ORF1ab:cds-YP_009725295.1	AAG	K	AAA	K	1348
NC_045512.2	4310	T	G	15711	4365	37	1	0	25	6.36254e-05	15717	1	FALSE	ORF1ab:cds-YP_009724389.1	TGT	C	GGT	G	1349
NC_045512.2	4310	T	G	15711	4365	37	1	0	25	6.36254e-05	15717	1	FALSE	ORF1ab:cds-YP_009725295.1	TGT	C	GGT	G	1349
NC_045512.2	4310	T	C	15711	4365	37	4	1	28	0.000254501	15717	1	FALSE	ORF1ab:cds-YP_009724389.1	TGT	C	CGT	R	1349
NC_045512.2	4310	T	C	15711	4365	37	4	1	28	0.000254501	15717	1	FALSE	ORF1ab:cds-YP_009725295.1	TGT	C	CGT	R	1349
NC_045512.2	4310	T	A	15711	4365	37	1	0	25	6.36254e-05	15717	1	FALSE	ORF1ab:cds-YP_009724389.1	TGT	C	AGT	S	1349
NC_045512.2	4310	T	A	15711	4365	37	1	0	25	6.36254e-05	15717	1	FALSE	ORF1ab:cds-YP_009725295.1	TGT	C	AGT	S	1349
NC_045512.2	4311	G	T	15724	4311	37	2	1	25	0.000127178	15726	1	FALSE	ORF1ab:cds-YP_009724389.1	TGT	C	TTT	F	1349
NC_045512.2	4311	G	T	15724	4311	37	2	1	25	0.000127178	15726	1	FALSE	ORF1ab:cds-YP_009725295.1	TGT	C	TTT	F	1349
NC_045512.2	4312	T	A	15560	4373	37	2	2	31	0.000128518	15562	0.999863	FALSE	ORF1ab:cds-YP_009724389.1	TGT	C	TGA	*	1349
NC_045512.2	4312	T	A	15560	4373	37	2	2	31	0.000128518	15562	0.999863	FALSE	ORF1ab:cds-YP_009725295.1	TGT	C	TGA	*	1349
NC_045512.2	4312	T	-A	15560	4373	37	1	0	20	6.42591e-05	15562	1	FALSE	NA	NA	NA	NA	NA	NA
NC_045512.2	4313	A	G	15464	4401	37	2	1	31	0.000129316	15466	0.999863	FALSE	ORF1ab:cds-YP_009724389.1	AAA	K	GAA	E	1350
NC_045512.2	4313	A	G	15464	4401	37	2	1	31	0.000129316	15466	0.999863	FALSE	ORF1ab:cds-YP_009725295.1	AAA	K	GAA	E	1350
NC_045512.2	4314	A	G	15328	4365	37	2	1	37	0.000130455	15331	0.999863	FALSE	ORF1ab:cds-YP_009724389.1	AAA	K	AGA	R	1350
NC_045512.2	4314	A	G	15328	4365	37	2	1	37	0.000130455	15331	0.999863	FALSE	ORF1ab:cds-YP_009725295.1	AAA	K	AGA	R	1350
NC_045512.2	4314	A	C	15328	4365	37	1	0	25	6.52273e-05	15331	1	FALSE	ORF1ab:cds-YP_009724389.1	AAA	K	ACA	T	1350
NC_045512.2	4314	A	C	15328	4365	37	1	0	25	6.52273e-05	15331	1	FALSE	ORF1ab:cds-YP_009725295.1	AAA	K	ACA	T	1350
NC_045512.2	4315	A	T	15358	4335	37	2	2	37	0.000130208	15360	0.999863	FALSE	ORF1ab:cds-YP_009724389.1	AAA	K	AAT	N	1350
NC_045512.2	4315	A	T	15358	4335	37	2	2	37	0.000130208	15360	0.999863	FALSE	ORF1ab:cds-YP_009725295.1	AAA	K	AAT	N	1350
NC_045512.2	4316	A	T	15356	4280	37	1	1	25	6.50999e-05	15361	1	FALSE	ORF1ab:cds-YP_009724389.1	AGT	S	TGT	C	1351
NC_045512.2	4316	A	T	15356	4280	37	1	1	25	6.50999e-05	15361	1	FALSE	ORF1ab:cds-YP_009725295.1	AGT	S	TGT	C	1351
NC_045512.2	4316	A	G	15356	4280	37	2	0	37	0.0001302	15361	0.999863	FALSE	ORF1ab:cds-YP_009724389.1	AGT	S	GGT	G	1351
NC_045512.2	4316	A	G	15356	4280	37	2	0	37	0.0001302	15361	0.999863	FALSE	ORF1ab:cds-YP_009725295.1	AGT	S	GGT	G	1351
NC_045512.2	4316	A	C	15356	4280	37	2	2	31	0.0001302	15361	0.999863	FALSE	ORF1ab:cds-YP_009724389.1	AGT	S	CGT	R	1351
NC_045512.2	4316	A	C	15356	4280	37	2	2	31	0.0001302	15361	0.999863	FALSE	ORF1ab:cds-YP_009725295.1	AGT	S	CGT	R	1351
NC_045512.2	4317	G	A	15398	4274	37	1	0	37	6.49393e-05	15399	0.999985	FALSE	ORF1ab:cds-YP_009724389.1	AGT	S	AAT	N	1351
NC_045512.2	4317	G	A	15398	4274	37	1	0	37	6.49393e-05	15399	0.999985	FALSE	ORF1ab:cds-YP_009725295.1	AGT	S	AAT	N	1351
NC_045512.2	4318	T	C	14951	3935	37	3	0	32	0.000200615	14954	0.998829	FALSE	ORF1ab:cds-YP_009724389.1	AGT	S	AGC	S	1351
NC_045512.2	4318	T	C	14951	3935	37	3	0	32	0.000200615	14954	0.998829	FALSE	ORF1ab:cds-YP_009725295.1	AGT	S	AGC	S	1351
NC_045512.2	4319	G	A	15082	3929	37	15	6	37	0.000993575	15097	0.57234	FALSE	ORF1ab:cds-YP_009724389.1	GCC	A	ACC	T	1352
NC_045512.2	4319	G	A	15082	3929	37	15	6	37	0.000993575	15097	0.57234	FALSE	ORF1ab:cds-YP_009725295.1	GCC	A	ACC	T	1352
NC_045512.2	4319	G	-C	15082	3929	37	2	0	20	0.000132477	15097	1	FALSE	NA	NA	NA	NA	NA	NA
NC_045512.2	4320	C	T	14904	4242	37	16	5	36	0.00107224	14922	0.427514	FALSE	ORF1ab:cds-YP_009724389.1	GCC	A	GTC	V	1352
NC_045512.2	4320	C	T	14904	4242	37	16	5	36	0.00107224	14922	0.427514	FALSE	ORF1ab:cds-YP_009725295.1	GCC	A	GTC	V	1352
NC_045512.2	4320	C	G	14904	4242	37	1	0	25	6.70151e-05	14922	1	FALSE	ORF1ab:cds-YP_009724389.1	GCC	A	GGC	G	1352
NC_045512.2	4320	C	G	14904	4242	37	1	0	25	6.70151e-05	14922	1	FALSE	ORF1ab:cds-YP_009725295.1	GCC	A	GGC	G	1352
NC_045512.2	4320	C	A	14904	4242	37	1	0	37	6.70151e-05	14922	0.999969	FALSE	ORF1ab:cds-YP_009724389.1	GCC	A	GAC	D	1352
NC_045512.2	4320	C	A	14904	4242	37	1	0	37	6.70151e-05	14922	0.999969	FALSE	ORF1ab:cds-YP_009725295.1	GCC	A	GAC	D	1352
NC_045512.2	4321	C	T	10	8	35	15068	4117	37	0.999271	15079	0	TRUE	ORF1ab:cds-YP_009724389.1	GCC	A	GCT	A	1352
NC_045512.2	4321	C	T	10	8	35	15068	4117	37	0.999271	15079	0	TRUE	ORF1ab:cds-YP_009725295.1	GCC	A	GCT	A	1352
NC_045512.2	4321	C	G	10	8	35	1	0	25	6.63174e-05	15079	0.104767	FALSE	ORF1ab:cds-YP_009724389.1	GCC	A	GCG	A	1352
NC_045512.2	4321	C	G	10	8	35	1	0	25	6.63174e-05	15079	0.104767	FALSE	ORF1ab:cds-YP_009725295.1	GCC	A	GCG	A	1352
NC_045512.2	4322	T	G	14695	4227	37	2	0	31	0.000136054	14700	0.999741	FALSE	ORF1ab:cds-YP_009724389.1	TTT	F	GTT	V	1353
NC_045512.2	4322	T	G	14695	4227	37	2	0	31	0.000136054	14700	0.999741	FALSE	ORF1ab:cds-YP_009725295.1	TTT	F	GTT	V	1353
NC_045512.2	4322	T	C	14695	4227	37	3	1	33	0.000204082	14700	0.998828	FALSE	ORF1ab:cds-YP_009724389.1	TTT	F	CTT	L	1353
NC_045512.2	4322	T	C	14695	4227	37	3	1	33	0.000204082	14700	0.998828	FALSE	ORF1ab:cds-YP_009725295.1	TTT	F	CTT	L	1353
NC_045512.2	4323	T	G	15044	4267	37	3	0	29	0.000199362	15048	1	FALSE	ORF1ab:cds-YP_009724389.1	TTT	F	TGT	C	1353
NC_045512.2	4323	T	G	15044	4267	37	3	0	29	0.000199362	15048	1	FALSE	ORF1ab:cds-YP_009725295.1	TTT	F	TGT	C	1353
NC_045512.2	4323	T	A	15044	4267	37	1	0	25	6.6454e-05	15048	1	FALSE	ORF1ab:cds-YP_009724389.1	TTT	F	TAT	Y	1353
NC_045512.2	4323	T	A	15044	4267	37	1	0	25	6.6454e-05	15048	1	FALSE	ORF1ab:cds-YP_009725295.1	TTT	F	TAT	Y	1353
NC_045512.2	4323	T	+A	15044	4267	37	2	0	20	0.000132908	15048	1	FALSE	NA	NA	NA	NA	NA	NA
NC_045512.2	4324	T	G	15171	4293	37	1	0	25	6.59065e-05	15173	1	FALSE	ORF1ab:cds-YP_009724389.1	TTT	F	TTG	L	1353
NC_045512.2	4324	T	G	15171	4293	37	1	0	25	6.59065e-05	15173	1	FALSE	ORF1ab:cds-YP_009725295.1	TTT	F	TTG	L	1353
NC_045512.2	4324	T	C	15171	4293	37	1	1	37	6.59065e-05	15173	0.999985	FALSE	ORF1ab:cds-YP_009724389.1	TTT	F	TTC	F	1353
NC_045512.2	4324	T	C	15171	4293	37	1	1	37	6.59065e-05	15173	0.999985	FALSE	ORF1ab:cds-YP_009725295.1	TTT	F	TTC	F	1353
NC_045512.2	4324	T	+G	15171	4293	37	2	0	20	0.000131813	15173	1	FALSE	NA	NA	NA	NA	NA	NA
NC_045512.2	4325	T	C	15342	4389	37	1	1	37	6.51763e-05	15343	0.999985	FALSE	ORF1ab:cds-YP_009724389.1	TAC	Y	CAC	H	1354
NC_045512.2	4325	T	C	15342	4389	37	1	1	37	6.51763e-05	15343	0.999985	FALSE	ORF1ab:cds-YP_009725295.1	TAC	Y	CAC	H	1354
NC_045512.2	4325	T	+G	15342	4389	37	2	0	20	0.000130353	15343	1	FALSE	NA	NA	NA	NA	NA	NA
NC_045512.2	4327	C	T	15350	4423	37	12	7	36	0.000781148	15362	0.779118	FALSE	ORF1ab:cds-YP_009724389.1	TAC	Y	TAT	Y	1354
NC_045512.2	4327	C	T	15350	4423	37	12	7	36	0.000781148	15362	0.779118	FALSE	ORF1ab:cds-YP_009725295.1	TAC	Y	TAT	Y	1354
NC_045512.2	4328	A	T	15325	4350	37	2	0	31	0.000130472	15329	0.999863	FALSE	ORF1ab:cds-YP_009724389.1	ATT	I	TTT	F	1355
NC_045512.2	4328	A	T	15325	4350	37	2	0	31	0.000130472	15329	0.999863	FALSE	ORF1ab:cds-YP_009725295.1	ATT	I	TTT	F	1355
NC_045512.2	4328	A	G	15325	4350	37	2	0	37	0.000130472	15329	0.999863	FALSE	ORF1ab:cds-YP_009724389.1	ATT	I	GTT	V	1355
NC_045512.2	4328	A	G	15325	4350	37	2	0	37	0.000130472	15329	0.999863	FALSE	ORF1ab:cds-YP_009725295.1	ATT	I	GTT	V	1355
NC_045512.2	4329	T	G	15060	4348	37	1	0	25	6.63878e-05	15063	1	FALSE	ORF1ab:cds-YP_009724389.1	ATT	I	AGT	S	1355
NC_045512.2	4329	T	G	15060	4348	37	1	0	25	6.63878e-05	15063	1	FALSE	ORF1ab:cds-YP_009725295.1	ATT	I	AGT	S	1355
NC_045512.2	4329	T	C	15060	4348	37	1	0	37	6.63878e-05	15063	0.999985	FALSE	ORF1ab:cds-YP_009724389.1	ATT	I	ACT	T	1355
NC_045512.2	4329	T	C	15060	4348	37	1	0	37	6.63878e-05	15063	0.999985	FALSE	ORF1ab:cds-YP_009725295.1	ATT	I	ACT	T	1355
NC_045512.2	4329	T	A	15060	4348	37	1	0	25	6.63878e-05	15063	1	FALSE	ORF1ab:cds-YP_009724389.1	ATT	I	AAT	N	1355
NC_045512.2	4329	T	A	15060	4348	37	1	0	25	6.63878e-05	15063	1	FALSE	ORF1ab:cds-YP_009725295.1	ATT	I	AAT	N	1355
NC_045512.2	4330	T	G	15182	4376	37	1	0	25	6.58631e-05	15183	1	FALSE	ORF1ab:cds-YP_009724389.1	ATT	I	ATG	M	1355
NC_045512.2	4330	T	G	15182	4376	37	1	0	25	6.58631e-05	15183	1	FALSE	ORF1ab:cds-YP_009725295.1	ATT	I	ATG	M	1355
NC_045512.2	4331	C	T	15179	4205	37	1	1	74	6.58718e-05	15181	0.5	FALSE	ORF1ab:cds-YP_009724389.1	CTA	L	TTA	L	1356
NC_045512.2	4331	C	T	15179	4205	37	1	1	74	6.58718e-05	15181	0.5	FALSE	ORF1ab:cds-YP_009725295.1	CTA	L	TTA	L	1356
NC_045512.2	4331	C	A	15179	4205	37	1	0	37	6.58718e-05	15181	0.999985	FALSE	ORF1ab:cds-YP_009724389.1	CTA	L	ATA	I	1356
NC_045512.2	4331	C	A	15179	4205	37	1	0	37	6.58718e-05	15181	0.999985	FALSE	ORF1ab:cds-YP_009725295.1	CTA	L	ATA	I	1356
NC_045512.2	4332	T	C	15308	4291	37	1	0	37	6.53168e-05	15310	0.999985	FALSE	ORF1ab:cds-YP_009724389.1	CTA	L	CCA	P	1356
NC_045512.2	4332	T	C	15308	4291	37	1	0	37	6.53168e-05	15310	0.999985	FALSE	ORF1ab:cds-YP_009725295.1	CTA	L	CCA	P	1356
NC_045512.2	4332	T	A	15308	4291	37	1	0	25	6.53168e-05	15310	1	FALSE	ORF1ab:cds-YP_009724389.1	CTA	L	CAA	Q	1356
NC_045512.2	4332	T	A	15308	4291	37	1	0	25	6.53168e-05	15310	1	FALSE	ORF1ab:cds-YP_009725295.1	CTA	L	CAA	Q	1356
NC_045512.2	4333	A	T	15813	5095	38	1	0	37	6.32231e-05	15817	0.999985	FALSE	ORF1ab:cds-YP_009724389.1	CTA	L	CTT	L	1356
NC_045512.2	4333	A	T	15813	5095	38	1	0	37	6.32231e-05	15817	0.999985	FALSE	ORF1ab:cds-YP_009725295.1	CTA	L	CTT	L	1356
NC_045512.2	4333	A	G	15813	5095	38	1	0	37	6.32231e-05	15817	0.999985	FALSE	ORF1ab:cds-YP_009724389.1	CTA	L	CTG	L	1356
NC_045512.2	4333	A	G	15813	5095	38	1	0	37	6.32231e-05	15817	0.999985	FALSE	ORF1ab:cds-YP_009725295.1	CTA	L	CTG	L	1356
NC_045512.2	4333	A	C	15813	5095	38	2	0	31	0.000126446	15817	0.999863	FALSE	ORF1ab:cds-YP_009724389.1	CTA	L	CTC	L	1356
NC_045512.2	4333	A	C	15813	5095	38	2	0	31	0.000126446	15817	0.999863	FALSE	ORF1ab:cds-YP_009725295.1	CTA	L	CTC	L	1356
NC_045512.2	4334	C	T	16356	5625	38	2	0	37	0.000122257	16359	0.999928	FALSE	ORF1ab:cds-YP_009724389.1	CCA	P	TCA	S	1357
NC_045512.2	4334	C	T	16356	5625	38	2	0	37	0.000122257	16359	0.999928	FALSE	ORF1ab:cds-YP_009725295.1	CCA	P	TCA	S	1357
NC_045512.2	4334	C	A	16356	5625	38	1	0	25	6.11284e-05	16359	1	FALSE	ORF1ab:cds-YP_009724389.1	CCA	P	ACA	T	1357
NC_045512.2	4334	C	A	16356	5625	38	1	0	25	6.11284e-05	16359	1	FALSE	ORF1ab:cds-YP_009725295.1	CCA	P	ACA	T	1357
NC_045512.2	4335	C	A	15588	5627	38	4	2	28	0.000256542	15592	1	FALSE	ORF1ab:cds-YP_009724389.1	CCA	P	CAA	Q	1357
NC_045512.2	4335	C	A	15588	5627	38	4	2	28	0.000256542	15592	1	FALSE	ORF1ab:cds-YP_009725295.1	CCA	P	CAA	Q	1357
NC_045512.2	4336	A	T	15439	5382	38	3	1	32	0.000194225	15446	0.999345	FALSE	ORF1ab:cds-YP_009724389.1	CCA	P	CCT	P	1357
NC_045512.2	4336	A	T	15439	5382	38	3	1	32	0.000194225	15446	0.999345	FALSE	ORF1ab:cds-YP_009725295.1	CCA	P	CCT	P	1357
NC_045512.2	4336	A	G	15439	5382	38	1	0	37	6.47417e-05	15446	0.999985	FALSE	ORF1ab:cds-YP_009724389.1	CCA	P	CCG	P	1357
NC_045512.2	4336	A	G	15439	5382	38	1	0	37	6.47417e-05	15446	0.999985	FALSE	ORF1ab:cds-YP_009725295.1	CCA	P	CCG	P	1357
NC_045512.2	4336	A	C	15439	5382	38	3	2	29	0.000194225	15446	1	FALSE	ORF1ab:cds-YP_009724389.1	CCA	P	CCC	P	1357
NC_045512.2	4336	A	C	15439	5382	38	3	2	29	0.000194225	15446	1	FALSE	ORF1ab:cds-YP_009725295.1	CCA	P	CCC	P	1357
NC_045512.2	4337	T	G	15576	5610	38	3	1	30	0.000192555	15580	0.999346	FALSE	ORF1ab:cds-YP_009724389.1	TCT	S	GCT	A	1358
NC_045512.2	4337	T	G	15576	5610	38	3	1	30	0.000192555	15580	0.999346	FALSE	ORF1ab:cds-YP_009725295.1	TCT	S	GCT	A	1358
NC_045512.2	4337	T	A	15576	5610	38	1	0	25	6.41849e-05	15580	1	FALSE	ORF1ab:cds-YP_009724389.1	TCT	S	ACT	T	1358
NC_045512.2	4337	T	A	15576	5610	38	1	0	25	6.41849e-05	15580	1	FALSE	ORF1ab:cds-YP_009725295.1	TCT	S	ACT	T	1358
NC_045512.2	4339	T	G	15829	5835	38	2	0	31	0.000126295	15836	0.999863	FALSE	ORF1ab:cds-YP_009724389.1	TCT	S	TCG	S	1358
NC_045512.2	4339	T	G	15829	5835	38	2	0	31	0.000126295	15836	0.999863	FALSE	ORF1ab:cds-YP_009725295.1	TCT	S	TCG	S	1358
NC_045512.2	4339	T	C	15829	5835	38	5	1	34	0.000315736	15836	0.994102	FALSE	ORF1ab:cds-YP_009724389.1	TCT	S	TCC	S	1358
NC_045512.2	4339	T	C	15829	5835	38	5	1	34	0.000315736	15836	0.994102	FALSE	ORF1ab:cds-YP_009725295.1	TCT	S	TCC	S	1358
NC_045512.2	4340	A	G	15633	5778	38	1	0	37	6.39468e-05	15638	0.999985	FALSE	ORF1ab:cds-YP_009724389.1	ATT	I	GTT	V	1359
NC_045512.2	4340	A	G	15633	5778	38	1	0	37	6.39468e-05	15638	0.999985	FALSE	ORF1ab:cds-YP_009725295.1	ATT	I	GTT	V	1359
NC_045512.2	4340	A	C	15633	5778	38	4	2	29	0.000255787	15638	1	FALSE	ORF1ab:cds-YP_009724389.1	ATT	I	CTT	L	1359
NC_045512.2	4340	A	C	15633	5778	38	4	2	29	0.000255787	15638	1	FALSE	ORF1ab:cds-YP_009725295.1	ATT	I	CTT	L	1359
NC_045512.2	4341	T	G	15567	5752	38	4	3	31	0.000256855	15573	0.997792	FALSE	ORF1ab:cds-YP_009724389.1	ATT	I	AGT	S	1359
NC_045512.2	4341	T	G	15567	5752	38	4	3	31	0.000256855	15573	0.997792	FALSE	ORF1ab:cds-YP_009725295.1	ATT	I	AGT	S	1359
NC_045512.2	4341	T	C	15567	5752	38	2	0	37	0.000128427	15573	0.999863	FALSE	ORF1ab:cds-YP_009724389.1	ATT	I	ACT	T	1359
NC_045512.2	4341	T	C	15567	5752	38	2	0	37	0.000128427	15573	0.999863	FALSE	ORF1ab:cds-YP_009725295.1	ATT	I	ACT	T	1359
NC_045512.2	4342	T	G	15753	5749	38	4	4	28	0.000253823	15759	1	FALSE	ORF1ab:cds-YP_009724389.1	ATT	I	ATG	M	1359
NC_045512.2	4342	T	G	15753	5749	38	4	4	28	0.000253823	15759	1	FALSE	ORF1ab:cds-YP_009725295.1	ATT	I	ATG	M	1359
NC_045512.2	4342	T	C	15753	5749	38	1	1	37	6.34558e-05	15759	0.999985	FALSE	ORF1ab:cds-YP_009724389.1	ATT	I	ATC	I	1359
NC_045512.2	4342	T	C	15753	5749	38	1	1	37	6.34558e-05	15759	0.999985	FALSE	ORF1ab:cds-YP_009725295.1	ATT	I	ATC	I	1359
NC_045512.2	4342	T	A	15753	5749	38	1	0	25	6.34558e-05	15759	1	FALSE	ORF1ab:cds-YP_009724389.1	ATT	I	ATA	I	1359
NC_045512.2	4342	T	A	15753	5749	38	1	0	25	6.34558e-05	15759	1	FALSE	ORF1ab:cds-YP_009725295.1	ATT	I	ATA	I	1359
NC_045512.2	4343	A	T	15596	5469	38	2	2	31	0.000128156	15606	0.999863	FALSE	ORF1ab:cds-YP_009724389.1	ATC	I	TTC	F	1360
NC_045512.2	4343	A	T	15596	5469	38	2	2	31	0.000128156	15606	0.999863	FALSE	ORF1ab:cds-YP_009725295.1	ATC	I	TTC	F	1360
NC_045512.2	4343	A	G	15596	5469	38	3	2	49	0.000192234	15606	0.312344	FALSE	ORF1ab:cds-YP_009724389.1	ATC	I	GTC	V	1360
NC_045512.2	4343	A	G	15596	5469	38	3	2	49	0.000192234	15606	0.312344	FALSE	ORF1ab:cds-YP_009725295.1	ATC	I	GTC	V	1360
NC_045512.2	4343	A	C	15596	5469	38	5	5	29	0.00032039	15606	1	FALSE	ORF1ab:cds-YP_009724389.1	ATC	I	CTC	L	1360
NC_045512.2	4343	A	C	15596	5469	38	5	5	29	0.00032039	15606	1	FALSE	ORF1ab:cds-YP_009725295.1	ATC	I	CTC	L	1360
NC_045512.2	4344	T	A	16009	5736	38	1	0	37	6.2461e-05	16010	0.999992	FALSE	ORF1ab:cds-YP_009724389.1	ATC	I	AAC	N	1360
NC_045512.2	4344	T	A	16009	5736	38	1	0	37	6.2461e-05	16010	0.999992	FALSE	ORF1ab:cds-YP_009725295.1	ATC	I	AAC	N	1360
NC_045512.2	4346	T	C	15123	5663	38	4	2	29	0.00026441	15128	1	FALSE	ORF1ab:cds-YP_009724389.1	TCT	S	CCT	P	1361
NC_045512.2	4346	T	C	15123	5663	38	4	2	29	0.00026441	15128	1	FALSE	ORF1ab:cds-YP_009725295.1	TCT	S	CCT	P	1361
NC_045512.2	4346	T	A	15123	5663	38	1	1	25	6.61026e-05	15128	1	FALSE	ORF1ab:cds-YP_009724389.1	TCT	S	ACT	T	1361
NC_045512.2	4346	T	A	15123	5663	38	1	1	25	6.61026e-05	15128	1	FALSE	ORF1ab:cds-YP_009725295.1	TCT	S	ACT	T	1361
NC_045512.2	4347	C	T	14697	5458	38	1	0	37	6.80272e-05	14700	0.99997	FALSE	ORF1ab:cds-YP_009724389.1	TCT	S	TTT	F	1361
NC_045512.2	4347	C	T	14697	5458	38	1	0	37	6.80272e-05	14700	0.99997	FALSE	ORF1ab:cds-YP_009725295.1	TCT	S	TTT	F	1361
NC_045512.2	4347	C	A	14697	5458	38	2	0	37	0.000136054	14700	0.999741	FALSE	ORF1ab:cds-YP_009724389.1	TCT	S	TAT	Y	1361
NC_045512.2	4347	C	A	14697	5458	38	2	0	37	0.000136054	14700	0.999741	FALSE	ORF1ab:cds-YP_009725295.1	TCT	S	TAT	Y	1361
NC_045512.2	4348	T	G	14139	5121	38	9	5	27	0.000635997	14151	1	FALSE	ORF1ab:cds-YP_009724389.1	TCT	S	TCG	S	1361
NC_045512.2	4348	T	G	14139	5121	38	9	5	27	0.000635997	14151	1	FALSE	ORF1ab:cds-YP_009725295.1	TCT	S	TCG	S	1361
NC_045512.2	4348	T	C	14139	5121	38	3	0	37	0.000211999	14151	0.998824	FALSE	ORF1ab:cds-YP_009724389.1	TCT	S	TCC	S	1361
NC_045512.2	4348	T	C	14139	5121	38	3	0	37	0.000211999	14151	0.998824	FALSE	ORF1ab:cds-YP_009725295.1	TCT	S	TCC	S	1361
NC_045512.2	4349	A	T	14431	5293	38	1	1	62	6.92569e-05	14439	0.499896	FALSE	ORF1ab:cds-YP_009724389.1	AAT	N	TAT	Y	1362
NC_045512.2	4349	A	T	14431	5293	38	1	1	62	6.92569e-05	14439	0.499896	FALSE	ORF1ab:cds-YP_009725295.1	AAT	N	TAT	Y	1362
NC_045512.2	4349	A	G	14431	5293	38	2	1	49	0.000138514	14439	0.49987	FALSE	ORF1ab:cds-YP_009724389.1	AAT	N	GAT	D	1362
NC_045512.2	4349	A	G	14431	5293	38	2	1	49	0.000138514	14439	0.49987	FALSE	ORF1ab:cds-YP_009725295.1	AAT	N	GAT	D	1362
NC_045512.2	4349	A	C	14431	5293	38	5	1	28	0.000346284	14439	1	FALSE	ORF1ab:cds-YP_009724389.1	AAT	N	CAT	H	1362
NC_045512.2	4349	A	C	14431	5293	38	5	1	28	0.000346284	14439	1	FALSE	ORF1ab:cds-YP_009725295.1	AAT	N	CAT	H	1362
NC_045512.2	4350	A	T	13921	4986	38	2	0	25	0.000143565	13931	1	FALSE	ORF1ab:cds-YP_009724389.1	AAT	N	ATT	I	1362
NC_045512.2	4350	A	T	13921	4986	38	2	0	25	0.000143565	13931	1	FALSE	ORF1ab:cds-YP_009725295.1	AAT	N	ATT	I	1362
NC_045512.2	4350	A	C	13921	4986	38	8	8	27	0.000574259	13931	1	FALSE	ORF1ab:cds-YP_009724389.1	AAT	N	ACT	T	1362
NC_045512.2	4350	A	C	13921	4986	38	8	8	27	0.000574259	13931	1	FALSE	ORF1ab:cds-YP_009725295.1	AAT	N	ACT	T	1362
NC_045512.2	4351	T	G	14376	5398	38	6	0	27	0.000417188	14382	1	FALSE	ORF1ab:cds-YP_009724389.1	AAT	N	AAG	K	1362
NC_045512.2	4351	T	G	14376	5398	38	6	0	27	0.000417188	14382	1	FALSE	ORF1ab:cds-YP_009725295.1	AAT	N	AAG	K	1362
NC_045512.2	4352	G	T	14724	5632	39	1	1	25	6.79071e-05	14726	1	FALSE	ORF1ab:cds-YP_009724389.1	GAG	E	TAG	*	1363
NC_045512.2	4352	G	T	14724	5632	39	1	1	25	6.79071e-05	14726	1	FALSE	ORF1ab:cds-YP_009725295.1	GAG	E	TAG	*	1363
NC_045512.2	4352	G	A	14724	5632	39	1	0	37	6.79071e-05	14726	0.99997	FALSE	ORF1ab:cds-YP_009724389.1	GAG	E	AAG	K	1363
NC_045512.2	4352	G	A	14724	5632	39	1	0	37	6.79071e-05	14726	0.99997	FALSE	ORF1ab:cds-YP_009725295.1	GAG	E	AAG	K	1363
NC_045512.2	4353	A	T	14212	5340	39	2	0	25	0.000140657	14219	1	FALSE	ORF1ab:cds-YP_009724389.1	GAG	E	GTG	V	1363
NC_045512.2	4353	A	T	14212	5340	39	2	0	25	0.000140657	14219	1	FALSE	ORF1ab:cds-YP_009725295.1	GAG	E	GTG	V	1363
NC_045512.2	4353	A	G	14212	5340	39	5	4	44	0.000351642	14219	0.109334	FALSE	ORF1ab:cds-YP_009724389.1	GAG	E	GGG	G	1363
NC_045512.2	4353	A	G	14212	5340	39	5	4	44	0.000351642	14219	0.109334	FALSE	ORF1ab:cds-YP_009725295.1	GAG	E	GGG	G	1363
NC_045512.2	4354	G	A	14353	5299	39	1	1	37	6.9667e-05	14354	0.99997	FALSE	ORF1ab:cds-YP_009724389.1	GAG	E	GAA	E	1363
NC_045512.2	4354	G	A	14353	5299	39	1	1	37	6.9667e-05	14354	0.99997	FALSE	ORF1ab:cds-YP_009725295.1	GAG	E	GAA	E	1363
NC_045512.2	4355	A	G	14477	5585	39	2	0	49	0.000138122	14480	0.5	FALSE	ORF1ab:cds-YP_009724389.1	AAG	K	GAG	E	1364
NC_045512.2	4355	A	G	14477	5585	39	2	0	49	0.000138122	14480	0.5	FALSE	ORF1ab:cds-YP_009725295.1	AAG	K	GAG	E	1364
NC_045512.2	4355	A	C	14477	5585	39	1	1	37	6.90608e-05	14480	0.99997	FALSE	ORF1ab:cds-YP_009724389.1	AAG	K	CAG	Q	1364
NC_045512.2	4355	A	C	14477	5585	39	1	1	37	6.90608e-05	14480	0.99997	FALSE	ORF1ab:cds-YP_009725295.1	AAG	K	CAG	Q	1364
NC_045512.2	4356	A	T	14297	5526	39	1	0	25	6.99203e-05	14302	1	FALSE	ORF1ab:cds-YP_009724389.1	AAG	K	ATG	M	1364
NC_045512.2	4356	A	T	14297	5526	39	1	0	25	6.99203e-05	14302	1	FALSE	ORF1ab:cds-YP_009725295.1	AAG	K	ATG	M	1364
NC_045512.2	4356	A	G	14297	5526	39	2	0	37	0.000139841	14302	0.999741	FALSE	ORF1ab:cds-YP_009724389.1	AAG	K	AGG	R	1364
NC_045512.2	4356	A	G	14297	5526	39	2	0	37	0.000139841	14302	0.999741	FALSE	ORF1ab:cds-YP_009725295.1	AAG	K	AGG	R	1364
NC_045512.2	4356	A	C	14297	5526	39	2	0	31	0.000139841	14302	0.999741	FALSE	ORF1ab:cds-YP_009724389.1	AAG	K	ACG	T	1364
NC_045512.2	4356	A	C	14297	5526	39	2	0	31	0.000139841	14302	0.999741	FALSE	ORF1ab:cds-YP_009725295.1	AAG	K	ACG	T	1364
NC_045512.2	4357	G	T	13966	5554	39	1	1	25	7.15615e-05	13974	1	FALSE	ORF1ab:cds-YP_009724389.1	AAG	K	AAT	N	1364
NC_045512.2	4357	G	T	13966	5554	39	1	1	25	7.15615e-05	13974	1	FALSE	ORF1ab:cds-YP_009725295.1	AAG	K	AAT	N	1364
NC_045512.2	4357	G	A	13966	5554	39	7	4	42	0.00050093	13974	0.0351367	FALSE	ORF1ab:cds-YP_009724389.1	AAG	K	AAA	K	1364
NC_045512.2	4357	G	A	13966	5554	39	7	4	42	0.00050093	13974	0.0351367	FALSE	ORF1ab:cds-YP_009725295.1	AAG	K	AAA	K	1364
NC_045512.2	4358	C	T	14099	5585	39	2	0	37	0.000141824	14102	0.999741	FALSE	ORF1ab:cds-YP_009724389.1	CAA	Q	TAA	*	1365
NC_045512.2	4358	C	T	14099	5585	39	2	0	37	0.000141824	14102	0.999741	FALSE	ORF1ab:cds-YP_009725295.1	CAA	Q	TAA	*	1365
NC_045512.2	4358	C	A	14099	5585	39	1	0	74	7.09119e-05	14102	0.499982	FALSE	ORF1ab:cds-YP_009724389.1	CAA	Q	AAA	K	1365
NC_045512.2	4358	C	A	14099	5585	39	1	0	74	7.09119e-05	14102	0.499982	FALSE	ORF1ab:cds-YP_009725295.1	CAA	Q	AAA	K	1365
NC_045512.2	4358	C	-A	14099	5585	39	1	0	20	7.09119e-05	14102	1	FALSE	NA	NA	NA	NA	NA	NA
NC_045512.2	4359	A	G	14022	5490	39	2	1	37	0.000142613	14024	0.999741	FALSE	ORF1ab:cds-YP_009724389.1	CAA	Q	CGA	R	1365
NC_045512.2	4359	A	G	14022	5490	39	2	1	37	0.000142613	14024	0.999741	FALSE	ORF1ab:cds-YP_009725295.1	CAA	Q	CGA	R	1365
NC_045512.2	4360	A	G	14008	5517	39	1	0	37	7.13521e-05	14015	0.99997	FALSE	ORF1ab:cds-YP_009724389.1	CAA	Q	CAG	Q	1365
NC_045512.2	4360	A	G	14008	5517	39	1	0	37	7.13521e-05	14015	0.99997	FALSE	ORF1ab:cds-YP_009725295.1	CAA	Q	CAG	Q	1365
NC_045512.2	4360	A	C	14008	5517	39	6	3	27	0.000428113	14015	1	FALSE	ORF1ab:cds-YP_009724389.1	CAA	Q	CAC	H	1365
NC_045512.2	4360	A	C	14008	5517	39	6	3	27	0.000428113	14015	1	FALSE	ORF1ab:cds-YP_009725295.1	CAA	Q	CAC	H	1365
NC_045512.2	4361	G	T	13999	5597	39	1	0	25	7.14235e-05	14001	1	FALSE	ORF1ab:cds-YP_009724389.1	GAA	E	TAA	*	1366
NC_045512.2	4361	G	T	13999	5597	39	1	0	25	7.14235e-05	14001	1	FALSE	ORF1ab:cds-YP_009725295.1	GAA	E	TAA	*	1366
NC_045512.2	4361	G	A	13999	5597	39	1	1	37	7.14235e-05	14001	0.99997	FALSE	ORF1ab:cds-YP_009724389.1	GAA	E	AAA	K	1366
NC_045512.2	4361	G	A	13999	5597	39	1	1	37	7.14235e-05	14001	0.99997	FALSE	ORF1ab:cds-YP_009725295.1	GAA	E	AAA	K	1366
NC_045512.2	4362	A	T	13786	5875	39	1	0	25	7.25268e-05	13788	1	FALSE	ORF1ab:cds-YP_009724389.1	GAA	E	GTA	V	1366
NC_045512.2	4362	A	T	13786	5875	39	1	0	25	7.25268e-05	13788	1	FALSE	ORF1ab:cds-YP_009725295.1	GAA	E	GTA	V	1366
NC_045512.2	4362	A	G	13786	5875	39	1	1	74	7.25268e-05	13788	0.5	FALSE	ORF1ab:cds-YP_009724389.1	GAA	E	GGA	G	1366
NC_045512.2	4362	A	G	13786	5875	39	1	1	74	7.25268e-05	13788	0.5	FALSE	ORF1ab:cds-YP_009725295.1	GAA	E	GGA	G	1366
NC_045512.2	4363	A	T	13519	5845	39	1	1	25	7.39262e-05	13527	1	FALSE	ORF1ab:cds-YP_009724389.1	GAA	E	GAT	D	1366
NC_045512.2	4363	A	T	13519	5845	39	1	1	25	7.39262e-05	13527	1	FALSE	ORF1ab:cds-YP_009725295.1	GAA	E	GAT	D	1366
NC_045512.2	4363	A	G	13519	5845	39	2	0	31	0.000147852	13527	0.999512	FALSE	ORF1ab:cds-YP_009724389.1	GAA	E	GAG	E	1366
NC_045512.2	4363	A	G	13519	5845	39	2	0	31	0.000147852	13527	0.999512	FALSE	ORF1ab:cds-YP_009725295.1	GAA	E	GAG	E	1366
NC_045512.2	4363	A	C	13519	5845	39	5	1	27	0.000369631	13527	1	FALSE	ORF1ab:cds-YP_009724389.1	GAA	E	GAC	D	1366
NC_045512.2	4363	A	C	13519	5845	39	5	1	27	0.000369631	13527	1	FALSE	ORF1ab:cds-YP_009725295.1	GAA	E	GAC	D	1366
NC_045512.2	4364	A	G	13170	5852	38	3	1	29	0.000227704	13175	1	FALSE	ORF1ab:cds-YP_009724389.1	ATT	I	GTT	V	1367
NC_045512.2	4364	A	G	13170	5852	38	3	1	29	0.000227704	13175	1	FALSE	ORF1ab:cds-YP_009725295.1	ATT	I	GTT	V	1367
NC_045512.2	4364	A	C	13170	5852	38	2	0	25	0.000151803	13175	1	FALSE	ORF1ab:cds-YP_009724389.1	ATT	I	CTT	L	1367
NC_045512.2	4364	A	C	13170	5852	38	2	0	25	0.000151803	13175	1	FALSE	ORF1ab:cds-YP_009725295.1	ATT	I	CTT	L	1367
NC_045512.2	4365	T	G	12884	5637	38	14	7	24	0.00108544	12898	1	FALSE	ORF1ab:cds-YP_009724389.1	ATT	I	AGT	S	1367
NC_045512.2	4365	T	G	12884	5637	38	14	7	24	0.00108544	12898	1	FALSE	ORF1ab:cds-YP_009725295.1	ATT	I	AGT	S	1367
NC_045512.2	4366	T	G	13254	5850	39	1	0	25	7.54262e-05	13258	1	FALSE	ORF1ab:cds-YP_009724389.1	ATT	I	ATG	M	1367
NC_045512.2	4366	T	G	13254	5850	39	1	0	25	7.54262e-05	13258	1	FALSE	ORF1ab:cds-YP_009725295.1	ATT	I	ATG	M	1367
NC_045512.2	4366	T	C	13254	5850	39	1	1	37	7.54262e-05	13258	0.999939	FALSE	ORF1ab:cds-YP_009724389.1	ATT	I	ATC	I	1367
NC_045512.2	4366	T	C	13254	5850	39	1	1	37	7.54262e-05	13258	0.999939	FALSE	ORF1ab:cds-YP_009725295.1	ATT	I	ATC	I	1367
NC_045512.2	4366	T	A	13254	5850	39	2	2	25	0.000150852	13258	1	FALSE	ORF1ab:cds-YP_009724389.1	ATT	I	ATA	I	1367
NC_045512.2	4366	T	A	13254	5850	39	2	2	25	0.000150852	13258	1	FALSE	ORF1ab:cds-YP_009725295.1	ATT	I	ATA	I	1367
NC_045512.2	4367	C	T	13927	6898	39	1	1	37	7.17875e-05	13930	0.999939	FALSE	ORF1ab:cds-YP_009724389.1	CTT	L	TTT	F	1368
NC_045512.2	4367	C	T	13927	6898	39	1	1	37	7.17875e-05	13930	0.999939	FALSE	ORF1ab:cds-YP_009725295.1	CTT	L	TTT	F	1368
NC_045512.2	4367	C	A	13927	6898	39	2	2	37	0.000143575	13930	0.999513	FALSE	ORF1ab:cds-YP_009724389.1	CTT	L	ATT	I	1368
NC_045512.2	4367	C	A	13927	6898	39	2	2	37	0.000143575	13930	0.999513	FALSE	ORF1ab:cds-YP_009725295.1	CTT	L	ATT	I	1368
NC_045512.2	4368	T	G	13809	6679	39	5	1	25	0.000361899	13816	1	FALSE	ORF1ab:cds-YP_009724389.1	CTT	L	CGT	R	1368
NC_045512.2	4368	T	G	13809	6679	39	5	1	25	0.000361899	13816	1	FALSE	ORF1ab:cds-YP_009725295.1	CTT	L	CGT	R	1368
NC_045512.2	4368	T	C	13809	6679	39	1	0	37	7.23798e-05	13816	0.999939	FALSE	ORF1ab:cds-YP_009724389.1	CTT	L	CCT	P	1368
NC_045512.2	4368	T	C	13809	6679	39	1	0	37	7.23798e-05	13816	0.999939	FALSE	ORF1ab:cds-YP_009725295.1	CTT	L	CCT	P	1368
NC_045512.2	4368	T	A	13809	6679	39	1	1	25	7.23798e-05	13816	1	FALSE	ORF1ab:cds-YP_009724389.1	CTT	L	CAT	H	1368
NC_045512.2	4368	T	A	13809	6679	39	1	1	25	7.23798e-05	13816	1	FALSE	ORF1ab:cds-YP_009725295.1	CTT	L	CAT	H	1368
NC_045512.2	4369	T	G	14130	6996	40	4	3	31	0.000282925	14138	0.996235	FALSE	ORF1ab:cds-YP_009724389.1	CTT	L	CTG	L	1368
NC_045512.2	4369	T	G	14130	6996	40	4	3	31	0.000282925	14138	0.996235	FALSE	ORF1ab:cds-YP_009725295.1	CTT	L	CTG	L	1368
NC_045512.2	4369	T	C	14130	6996	40	1	1	37	7.07314e-05	14138	0.999969	FALSE	ORF1ab:cds-YP_009724389.1	CTT	L	CTC	L	1368
NC_045512.2	4369	T	C	14130	6996	40	1	1	37	7.07314e-05	14138	0.999969	FALSE	ORF1ab:cds-YP_009725295.1	CTT	L	CTC	L	1368
NC_045512.2	4369	T	A	14130	6996	40	3	1	36	0.000212194	14138	0.998826	FALSE	ORF1ab:cds-YP_009724389.1	CTT	L	CTA	L	1368
NC_045512.2	4369	T	A	14130	6996	40	3	1	36	0.000212194	14138	0.998826	FALSE	ORF1ab:cds-YP_009725295.1	CTT	L	CTA	L	1368
NC_045512.2	4371	G	T	13639	7378	40	2	0	31	0.000146606	13642	0.999513	FALSE	ORF1ab:cds-YP_009724389.1	GGA	G	GTA	V	1369
NC_045512.2	4371	G	T	13639	7378	40	2	0	31	0.000146606	13642	0.999513	FALSE	ORF1ab:cds-YP_009725295.1	GGA	G	GTA	V	1369
NC_045512.2	4371	G	A	13639	7378	40	1	1	37	7.3303e-05	13642	0.999939	FALSE	ORF1ab:cds-YP_009724389.1	GGA	G	GAA	E	1369
NC_045512.2	4371	G	A	13639	7378	40	1	1	37	7.3303e-05	13642	0.999939	FALSE	ORF1ab:cds-YP_009725295.1	GGA	G	GAA	E	1369
NC_045512.2	4371	G	-A	13639	7378	40	1	0	20	7.3303e-05	13642	1	FALSE	NA	NA	NA	NA	NA	NA
NC_045512.2	4372	A	T	20270	15499	44	2	1	31	9.86436e-05	20275	0.999995	FALSE	ORF1ab:cds-YP_009724389.1	GGA	G	GGT	G	1369
NC_045512.2	4372	A	T	20270	15499	44	2	1	31	9.86436e-05	20275	0.999995	FALSE	ORF1ab:cds-YP_009725295.1	GGA	G	GGT	G	1369
NC_045512.2	4372	A	G	20270	15499	44	2	0	37	9.86436e-05	20275	0.999995	FALSE	ORF1ab:cds-YP_009724389.1	GGA	G	GGG	G	1369
NC_045512.2	4372	A	G	20270	15499	44	2	0	37	9.86436e-05	20275	0.999995	FALSE	ORF1ab:cds-YP_009725295.1	GGA	G	GGG	G	1369
NC_045512.2	4372	A	C	20270	15499	44	1	1	25	4.93218e-05	20275	1	FALSE	ORF1ab:cds-YP_009724389.1	GGA	G	GGC	G	1369
NC_045512.2	4372	A	C	20270	15499	44	1	1	25	4.93218e-05	20275	1	FALSE	ORF1ab:cds-YP_009725295.1	GGA	G	GGC	G	1369
NC_045512.2	4373	A	G	20488	16001	43	1	0	37	4.87995e-05	20492	1	FALSE	ORF1ab:cds-YP_009724389.1	ACT	T	GCT	A	1370
NC_045512.2	4373	A	G	20488	16001	43	1	0	37	4.87995e-05	20492	1	FALSE	ORF1ab:cds-YP_009725295.1	ACT	T	GCT	A	1370
NC_045512.2	4373	A	C	20488	16001	43	3	0	30	0.000146399	20492	0.999967	FALSE	ORF1ab:cds-YP_009724389.1	ACT	T	CCT	P	1370
NC_045512.2	4373	A	C	20488	16001	43	3	0	30	0.000146399	20492	0.999967	FALSE	ORF1ab:cds-YP_009725295.1	ACT	T	CCT	P	1370
NC_045512.2	4373	A	+C	20488	16001	43	1	0	20	4.87995e-05	20492	1	FALSE	NA	NA	NA	NA	NA	NA
NC_045512.2	4374	C	T	21528	17131	44	2	2	37	9.28936e-05	21530	0.999997	FALSE	ORF1ab:cds-YP_009724389.1	ACT	T	ATT	I	1370
NC_045512.2	4374	C	T	21528	17131	44	2	2	37	9.28936e-05	21530	0.999997	FALSE	ORF1ab:cds-YP_009725295.1	ACT	T	ATT	I	1370
NC_045512.2	4375	T	G	20655	16220	43	7	6	32	0.000338688	20668	0.99704	FALSE	ORF1ab:cds-YP_009724389.1	ACT	T	ACG	T	1370
NC_045512.2	4375	T	G	20655	16220	43	7	6	32	0.000338688	20668	0.99704	FALSE	ORF1ab:cds-YP_009725295.1	ACT	T	ACG	T	1370
NC_045512.2	4375	T	C	20655	16220	43	6	4	41	0.000290304	20668	0.144412	FALSE	ORF1ab:cds-YP_009724389.1	ACT	T	ACC	T	1370
NC_045512.2	4375	T	C	20655	16220	43	6	4	41	0.000290304	20668	0.144412	FALSE	ORF1ab:cds-YP_009725295.1	ACT	T	ACC	T	1370
NC_045512.2	4376	G	T	21138	16834	43	2	2	25	9.45716e-05	21148	1	FALSE	ORF1ab:cds-YP_009724389.1	GTT	V	TTT	F	1371
NC_045512.2	4376	G	T	21138	16834	43	2	2	25	9.45716e-05	21148	1	FALSE	ORF1ab:cds-YP_009725295.1	GTT	V	TTT	F	1371
NC_045512.2	4376	G	A	21138	16834	43	8	6	44	0.000378286	21148	0.0546584	FALSE	ORF1ab:cds-YP_009724389.1	GTT	V	ATT	I	1371
NC_045512.2	4376	G	A	21138	16834	43	8	6	44	0.000378286	21148	0.0546584	FALSE	ORF1ab:cds-YP_009725295.1	GTT	V	ATT	I	1371
NC_045512.2	4377	T	G	20417	16301	42	11	9	29	0.000538371	20432	1	FALSE	ORF1ab:cds-YP_009724389.1	GTT	V	GGT	G	1371
NC_045512.2	4377	T	G	20417	16301	42	11	9	29	0.000538371	20432	1	FALSE	ORF1ab:cds-YP_009725295.1	GTT	V	GGT	G	1371
NC_045512.2	4377	T	C	20417	16301	42	3	3	33	0.000146829	20432	0.999967	FALSE	ORF1ab:cds-YP_009724389.1	GTT	V	GCT	A	1371
NC_045512.2	4377	T	C	20417	16301	42	3	3	33	0.000146829	20432	0.999967	FALSE	ORF1ab:cds-YP_009725295.1	GTT	V	GCT	A	1371
NC_045512.2	4377	T	A	20417	16301	42	1	1	37	4.89428e-05	20432	1	FALSE	ORF1ab:cds-YP_009724389.1	GTT	V	GAT	D	1371
NC_045512.2	4377	T	A	20417	16301	42	1	1	37	4.89428e-05	20432	1	FALSE	ORF1ab:cds-YP_009725295.1	GTT	V	GAT	D	1371
NC_045512.2	4378	T	G	20111	16262	42	17	14	30	0.000844427	20132	0.744263	FALSE	ORF1ab:cds-YP_009724389.1	GTT	V	GTG	V	1371
NC_045512.2	4378	T	G	20111	16262	42	17	14	30	0.000844427	20132	0.744263	FALSE	ORF1ab:cds-YP_009725295.1	GTT	V	GTG	V	1371
NC_045512.2	4378	T	C	20111	16262	42	4	4	37	0.000198689	20132	0.999861	FALSE	ORF1ab:cds-YP_009724389.1	GTT	V	GTC	V	1371
NC_045512.2	4378	T	C	20111	16262	42	4	4	37	0.000198689	20132	0.999861	FALSE	ORF1ab:cds-YP_009725295.1	GTT	V	GTC	V	1371
NC_045512.2	4379	T	G	19974	16870	40	1	0	29	5.00551e-05	19978	1	FALSE	ORF1ab:cds-YP_009724389.1	TCT	S	GCT	A	1372
NC_045512.2	4379	T	G	19974	16870	40	1	0	29	5.00551e-05	19978	1	FALSE	ORF1ab:cds-YP_009725295.1	TCT	S	GCT	A	1372
NC_045512.2	4379	T	A	19974	16870	40	3	3	26	0.000150165	19978	1	FALSE	ORF1ab:cds-YP_009724389.1	TCT	S	ACT	T	1372
NC_045512.2	4379	T	A	19974	16870	40	3	3	26	0.000150165	19978	1	FALSE	ORF1ab:cds-YP_009725295.1	TCT	S	ACT	T	1372
NC_045512.2	4380	C	T	20537	17490	41	1	1	37	4.86879e-05	20539	1	FALSE	ORF1ab:cds-YP_009724389.1	TCT	S	TTT	F	1372
NC_045512.2	4380	C	T	20537	17490	41	1	1	37	4.86879e-05	20539	1	FALSE	ORF1ab:cds-YP_009725295.1	TCT	S	TTT	F	1372
NC_045512.2	4380	C	G	20537	17490	41	1	1	37	4.86879e-05	20539	1	FALSE	ORF1ab:cds-YP_009724389.1	TCT	S	TGT	C	1372
NC_045512.2	4380	C	G	20537	17490	41	1	1	37	4.86879e-05	20539	1	FALSE	ORF1ab:cds-YP_009725295.1	TCT	S	TGT	C	1372
NC_045512.2	4381	T	G	19905	17260	40	3	3	26	0.00015064	19915	1	FALSE	ORF1ab:cds-YP_009724389.1	TCT	S	TCG	S	1372
NC_045512.2	4381	T	G	19905	17260	40	3	3	26	0.00015064	19915	1	FALSE	ORF1ab:cds-YP_009725295.1	TCT	S	TCG	S	1372
NC_045512.2	4381	T	C	19905	17260	40	6	6	35	0.00030128	19915	0.997965	FALSE	ORF1ab:cds-YP_009724389.1	TCT	S	TCC	S	1372
NC_045512.2	4381	T	C	19905	17260	40	6	6	35	0.00030128	19915	0.997965	FALSE	ORF1ab:cds-YP_009725295.1	TCT	S	TCC	S	1372
NC_045512.2	4381	T	A	19905	17260	40	1	1	37	5.02134e-05	19915	0.999999	FALSE	ORF1ab:cds-YP_009724389.1	TCT	S	TCA	S	1372
NC_045512.2	4381	T	A	19905	17260	40	1	1	37	5.02134e-05	19915	0.999999	FALSE	ORF1ab:cds-YP_009725295.1	TCT	S	TCA	S	1372
NC_045512.2	4382	T	G	20159	17510	40	2	1	25	9.91768e-05	20166	1	FALSE	ORF1ab:cds-YP_009724389.1	TGG	W	GGG	G	1373
NC_045512.2	4382	T	G	20159	17510	40	2	1	25	9.91768e-05	20166	1	FALSE	ORF1ab:cds-YP_009725295.1	TGG	W	GGG	G	1373
NC_045512.2	4382	T	C	20159	17510	40	5	5	32	0.000247942	20166	0.999546	FALSE	ORF1ab:cds-YP_009724389.1	TGG	W	CGG	R	1373
NC_045512.2	4382	T	C	20159	17510	40	5	5	32	0.000247942	20166	0.999546	FALSE	ORF1ab:cds-YP_009725295.1	TGG	W	CGG	R	1373
NC_045512.2	4383	G	T	20073	17425	40	1	1	37	4.98132e-05	20075	1	FALSE	ORF1ab:cds-YP_009724389.1	TGG	W	TTG	L	1373
NC_045512.2	4383	G	T	20073	17425	40	1	1	37	4.98132e-05	20075	1	FALSE	ORF1ab:cds-YP_009725295.1	TGG	W	TTG	L	1373
NC_045512.2	4383	G	A	20073	17425	40	1	1	37	4.98132e-05	20075	1	FALSE	ORF1ab:cds-YP_009724389.1	TGG	W	TAG	*	1373
NC_045512.2	4383	G	A	20073	17425	40	1	1	37	4.98132e-05	20075	1	FALSE	ORF1ab:cds-YP_009725295.1	TGG	W	TAG	*	1373
NC_045512.2	4384	G	T	20140	17496	40	1	1	25	4.9645e-05	20143	1	FALSE	ORF1ab:cds-YP_009724389.1	TGG	W	TGT	C	1373
NC_045512.2	4384	G	T	20140	17496	40	1	1	25	4.9645e-05	20143	1	FALSE	ORF1ab:cds-YP_009725295.1	TGG	W	TGT	C	1373
NC_045512.2	4384	G	A	20140	17496	40	2	2	37	9.92901e-05	20143	0.999995	FALSE	ORF1ab:cds-YP_009724389.1	TGG	W	TGA	*	1373
NC_045512.2	4384	G	A	20140	17496	40	2	2	37	9.92901e-05	20143	0.999995	FALSE	ORF1ab:cds-YP_009725295.1	TGG	W	TGA	*	1373
NC_045512.2	4385	A	T	20102	17455	41	3	2	24	0.000149202	20107	1	FALSE	ORF1ab:cds-YP_009724389.1	AAT	N	TAT	Y	1374
NC_045512.2	4385	A	T	20102	17455	41	3	2	24	0.000149202	20107	1	FALSE	ORF1ab:cds-YP_009725295.1	AAT	N	TAT	Y	1374
NC_045512.2	4385	A	G	20102	17455	41	2	2	37	9.94678e-05	20107	0.999995	FALSE	ORF1ab:cds-YP_009724389.1	AAT	N	GAT	D	1374
NC_045512.2	4385	A	G	20102	17455	41	2	2	37	9.94678e-05	20107	0.999995	FALSE	ORF1ab:cds-YP_009725295.1	AAT	N	GAT	D	1374
NC_045512.2	4386	A	G	19745	17233	40	1	1	37	5.06406e-05	19747	0.999999	FALSE	ORF1ab:cds-YP_009724389.1	AAT	N	AGT	S	1374
NC_045512.2	4386	A	G	19745	17233	40	1	1	37	5.06406e-05	19747	0.999999	FALSE	ORF1ab:cds-YP_009725295.1	AAT	N	AGT	S	1374
NC_045512.2	4386	A	C	19745	17233	40	1	1	25	5.06406e-05	19747	1	FALSE	ORF1ab:cds-YP_009724389.1	AAT	N	ACT	T	1374
NC_045512.2	4386	A	C	19745	17233	40	1	1	25	5.06406e-05	19747	1	FALSE	ORF1ab:cds-YP_009725295.1	AAT	N	ACT	T	1374
NC_045512.2	4387	T	G	19400	16811	40	1	0	25	5.15305e-05	19406	1	FALSE	ORF1ab:cds-YP_009724389.1	AAT	N	AAG	K	1374
NC_045512.2	4387	T	G	19400	16811	40	1	0	25	5.15305e-05	19406	1	FALSE	ORF1ab:cds-YP_009725295.1	AAT	N	AAG	K	1374
NC_045512.2	4387	T	C	19400	16811	40	4	2	34	0.000206122	19406	0.999757	FALSE	ORF1ab:cds-YP_009724389.1	AAT	N	AAC	N	1374
NC_045512.2	4387	T	C	19400	16811	40	4	2	34	0.000206122	19406	0.999757	FALSE	ORF1ab:cds-YP_009725295.1	AAT	N	AAC	N	1374
NC_045512.2	4387	T	A	19400	16811	40	1	1	25	5.15305e-05	19406	1	FALSE	ORF1ab:cds-YP_009724389.1	AAT	N	AAA	K	1374
NC_045512.2	4387	T	A	19400	16811	40	1	1	25	5.15305e-05	19406	1	FALSE	ORF1ab:cds-YP_009725295.1	AAT	N	AAA	K	1374
NC_045512.2	4388	T	G	19201	16649	40	9	9	27	0.000468433	19213	1	FALSE	ORF1ab:cds-YP_009724389.1	TTG	L	GTG	V	1375
NC_045512.2	4388	T	G	19201	16649	40	9	9	27	0.000468433	19213	1	FALSE	ORF1ab:cds-YP_009725295.1	TTG	L	GTG	V	1375
NC_045512.2	4388	T	C	19201	16649	40	3	1	40	0.000156144	19213	0.312334	FALSE	ORF1ab:cds-YP_009724389.1	TTG	L	CTG	L	1375
NC_045512.2	4388	T	C	19201	16649	40	3	1	40	0.000156144	19213	0.312334	FALSE	ORF1ab:cds-YP_009725295.1	TTG	L	CTG	L	1375
NC_045512.2	4389	T	G	19163	17628	39	1	1	25	5.2173e-05	19167	1	FALSE	ORF1ab:cds-YP_009724389.1	TTG	L	TGG	W	1375
NC_045512.2	4389	T	G	19163	17628	39	1	1	25	5.2173e-05	19167	1	FALSE	ORF1ab:cds-YP_009725295.1	TTG	L	TGG	W	1375
NC_045512.2	4389	T	C	19163	17628	39	2	2	31	0.000104346	19167	0.99999	FALSE	ORF1ab:cds-YP_009724389.1	TTG	L	TCG	S	1375
NC_045512.2	4389	T	C	19163	17628	39	2	2	31	0.000104346	19167	0.99999	FALSE	ORF1ab:cds-YP_009725295.1	TTG	L	TCG	S	1375
NC_045512.2	4389	T	A	19163	17628	39	1	1	37	5.2173e-05	19167	0.999999	FALSE	ORF1ab:cds-YP_009724389.1	TTG	L	TAG	*	1375
NC_045512.2	4389	T	A	19163	17628	39	1	1	37	5.2173e-05	19167	0.999999	FALSE	ORF1ab:cds-YP_009725295.1	TTG	L	TAG	*	1375
NC_045512.2	4390	G	T	19333	17820	39	3	3	37	0.000155063	19347	0.999939	FALSE	ORF1ab:cds-YP_009724389.1	TTG	L	TTT	F	1375
NC_045512.2	4390	G	T	19333	17820	39	3	3	37	0.000155063	19347	0.999939	FALSE	ORF1ab:cds-YP_009725295.1	TTG	L	TTT	F	1375
NC_045512.2	4390	G	A	19333	17820	39	11	10	43	0.000568564	19347	0.00316842	TRUE	ORF1ab:cds-YP_009724389.1	TTG	L	TTA	L	1375
NC_045512.2	4390	G	A	19333	17820	39	11	10	43	0.000568564	19347	0.00316842	TRUE	ORF1ab:cds-YP_009725295.1	TTG	L	TTA	L	1375
NC_045512.2	4391	C	T	19193	17716	38	35	31	37	0.00182026	19228	0.0200515	FALSE	ORF1ab:cds-YP_009724389.1	CGA	R	TGA	*	1376
NC_045512.2	4391	C	T	19193	17716	38	35	31	37	0.00182026	19228	0.0200515	FALSE	ORF1ab:cds-YP_009725295.1	CGA	R	TGA	*	1376
NC_045512.2	4392	G	A	19402	17912	39	2	2	55	0.000103072	19404	0.250006	FALSE	ORF1ab:cds-YP_009724389.1	CGA	R	CAA	Q	1376
NC_045512.2	4392	G	A	19402	17912	39	2	2	55	0.000103072	19404	0.250006	FALSE	ORF1ab:cds-YP_009725295.1	CGA	R	CAA	Q	1376
NC_045512.2	4393	A	G	19403	17946	39	5	3	41	0.000257626	19408	0.109369	FALSE	ORF1ab:cds-YP_009724389.1	CGA	R	CGG	R	1376
NC_045512.2	4393	A	G	19403	17946	39	5	3	41	0.000257626	19408	0.109369	FALSE	ORF1ab:cds-YP_009725295.1	CGA	R	CGG	R	1376
NC_045512.2	4394	G	T	19307	17904	39	1	1	25	5.1792e-05	19308	1	FALSE	ORF1ab:cds-YP_009724389.1	GAA	E	TAA	*	1377
NC_045512.2	4394	G	T	19307	17904	39	1	1	25	5.1792e-05	19308	1	FALSE	ORF1ab:cds-YP_009725295.1	GAA	E	TAA	*	1377
NC_045512.2	4394	G	-A	19307	17904	39	2	0	20	0.000103584	19308	1	FALSE	NA	NA	NA	NA	NA	NA
NC_045512.2	4395	A	G	19131	17730	38	1	1	37	5.22657e-05	19133	0.999999	FALSE	ORF1ab:cds-YP_009724389.1	GAA	E	GGA	G	1377
NC_045512.2	4395	A	G	19131	17730	38	1	1	37	5.22657e-05	19133	0.999999	FALSE	ORF1ab:cds-YP_009725295.1	GAA	E	GGA	G	1377
NC_045512.2	4395	A	C	19131	17730	38	1	1	25	5.22657e-05	19133	1	FALSE	ORF1ab:cds-YP_009724389.1	GAA	E	GCA	A	1377
NC_045512.2	4395	A	C	19131	17730	38	1	1	25	5.22657e-05	19133	1	FALSE	ORF1ab:cds-YP_009725295.1	GAA	E	GCA	A	1377
NC_045512.2	4396	A	G	18771	17364	38	1	1	37	5.32708e-05	18772	0.999998	FALSE	ORF1ab:cds-YP_009724389.1	GAA	E	GAG	E	1377
NC_045512.2	4396	A	G	18771	17364	38	1	1	37	5.32708e-05	18772	0.999998	FALSE	ORF1ab:cds-YP_009725295.1	GAA	E	GAG	E	1377
NC_045512.2	4397	A	G	19010	17619	38	3	3	37	0.000157787	19013	0.99994	FALSE	ORF1ab:cds-YP_009724389.1	ATG	M	GTG	V	1378
NC_045512.2	4397	A	G	19010	17619	38	3	3	37	0.000157787	19013	0.99994	FALSE	ORF1ab:cds-YP_009725295.1	ATG	M	GTG	V	1378
NC_045512.2	4398	T	C	19124	17720	38	3	3	37	0.000156846	19127	0.99994	FALSE	ORF1ab:cds-YP_009724389.1	ATG	M	ACG	T	1378
NC_045512.2	4398	T	C	19124	17720	38	3	3	37	0.000156846	19127	0.99994	FALSE	ORF1ab:cds-YP_009725295.1	ATG	M	ACG	T	1378
NC_045512.2	4399	G	T	19197	17839	38	3	3	33	0.000156144	19213	0.999939	FALSE	ORF1ab:cds-YP_009724389.1	ATG	M	ATT	I	1378
NC_045512.2	4399	G	T	19197	17839	38	3	3	33	0.000156144	19213	0.999939	FALSE	ORF1ab:cds-YP_009725295.1	ATG	M	ATT	I	1378
NC_045512.2	4399	G	A	19197	17839	38	13	13	39	0.000676625	19213	0.892378	FALSE	ORF1ab:cds-YP_009724389.1	ATG	M	ATA	I	1378
NC_045512.2	4399	G	A	19197	17839	38	13	13	39	0.000676625	19213	0.892378	FALSE	ORF1ab:cds-YP_009725295.1	ATG	M	ATA	I	1378
NC_045512.2	4400	C	T	19198	17859	38	10	9	34	0.000520589	19209	0.969334	FALSE	ORF1ab:cds-YP_009724389.1	CTT	L	TTT	F	1379
NC_045512.2	4400	C	T	19198	17859	38	10	9	34	0.000520589	19209	0.969334	FALSE	ORF1ab:cds-YP_009725295.1	CTT	L	TTT	F	1379
NC_045512.2	4400	C	A	19198	17859	38	1	1	37	5.20589e-05	19209	0.999999	FALSE	ORF1ab:cds-YP_009724389.1	CTT	L	ATT	I	1379
NC_045512.2	4400	C	A	19198	17859	38	1	1	37	5.20589e-05	19209	0.999999	FALSE	ORF1ab:cds-YP_009725295.1	CTT	L	ATT	I	1379
NC_045512.2	4401	T	G	18451	17161	38	5	5	29	0.000270812	18463	1	FALSE	ORF1ab:cds-YP_009724389.1	CTT	L	CGT	R	1379
NC_045512.2	4401	T	G	18451	17161	38	5	5	29	0.000270812	18463	1	FALSE	ORF1ab:cds-YP_009725295.1	CTT	L	CGT	R	1379
NC_045512.2	4401	T	C	18451	17161	38	6	6	37	0.000324974	18463	0.996697	FALSE	ORF1ab:cds-YP_009724389.1	CTT	L	CCT	P	1379
NC_045512.2	4401	T	C	18451	17161	38	6	6	37	0.000324974	18463	0.996697	FALSE	ORF1ab:cds-YP_009725295.1	CTT	L	CCT	P	1379
NC_045512.2	4401	T	A	18451	17161	38	1	0	37	5.41624e-05	18463	0.999998	FALSE	ORF1ab:cds-YP_009724389.1	CTT	L	CAT	H	1379
NC_045512.2	4401	T	A	18451	17161	38	1	0	37	5.41624e-05	18463	0.999998	FALSE	ORF1ab:cds-YP_009725295.1	CTT	L	CAT	H	1379
NC_045512.2	4402	T	G	18621	17369	38	2	2	25	0.000107365	18628	1	FALSE	ORF1ab:cds-YP_009724389.1	CTT	L	CTG	L	1379
NC_045512.2	4402	T	G	18621	17369	38	2	2	25	0.000107365	18628	1	FALSE	ORF1ab:cds-YP_009725295.1	CTT	L	CTG	L	1379
NC_045512.2	4402	T	C	18621	17369	38	4	4	37	0.000214731	18628	0.999573	FALSE	ORF1ab:cds-YP_009724389.1	CTT	L	CTC	L	1379
NC_045512.2	4402	T	C	18621	17369	38	4	4	37	0.000214731	18628	0.999573	FALSE	ORF1ab:cds-YP_009725295.1	CTT	L	CTC	L	1379
NC_045512.2	4402	T	A	18621	17369	38	1	1	37	5.36826e-05	18628	0.999998	FALSE	ORF1ab:cds-YP_009724389.1	CTT	L	CTA	L	1379
NC_045512.2	4402	T	A	18621	17369	38	1	1	37	5.36826e-05	18628	0.999998	FALSE	ORF1ab:cds-YP_009725295.1	CTT	L	CTA	L	1379
NC_045512.2	4403	G	C	19036	17779	38	3	3	33	0.00015753	19044	0.99994	FALSE	ORF1ab:cds-YP_009724389.1	GCA	A	CCA	P	1380
NC_045512.2	4403	G	C	19036	17779	38	3	3	33	0.00015753	19044	0.99994	FALSE	ORF1ab:cds-YP_009725295.1	GCA	A	CCA	P	1380
NC_045512.2	4403	G	A	19036	17779	38	5	4	44	0.00026255	19044	0.109332	FALSE	ORF1ab:cds-YP_009724389.1	GCA	A	ACA	T	1380
NC_045512.2	4403	G	A	19036	17779	38	5	4	44	0.00026255	19044	0.109332	FALSE	ORF1ab:cds-YP_009725295.1	GCA	A	ACA	T	1380
NC_045512.2	4404	C	T	19184	17935	38	33	30	42	0.00171714	19218	2.01108e-09	TRUE	ORF1ab:cds-YP_009724389.1	GCA	A	GTA	V	1380
NC_045512.2	4404	C	T	19184	17935	38	33	30	42	0.00171714	19218	2.01108e-09	TRUE	ORF1ab:cds-YP_009725295.1	GCA	A	GTA	V	1380
NC_045512.2	4404	C	G	19184	17935	38	1	1	37	5.20346e-05	19218	0.999999	FALSE	ORF1ab:cds-YP_009724389.1	GCA	A	GGA	G	1380
NC_045512.2	4404	C	G	19184	17935	38	1	1	37	5.20346e-05	19218	0.999999	FALSE	ORF1ab:cds-YP_009725295.1	GCA	A	GGA	G	1380
NC_045512.2	4405	A	T	19152	17902	38	2	2	31	0.0001044	19157	0.99999	FALSE	ORF1ab:cds-YP_009724389.1	GCA	A	GCT	A	1380
NC_045512.2	4405	A	T	19152	17902	38	2	2	31	0.0001044	19157	0.99999	FALSE	ORF1ab:cds-YP_009725295.1	GCA	A	GCT	A	1380
NC_045512.2	4405	A	G	19152	17902	38	3	3	37	0.000156601	19157	0.99994	FALSE	ORF1ab:cds-YP_009724389.1	GCA	A	GCG	A	1380
NC_045512.2	4405	A	G	19152	17902	38	3	3	37	0.000156601	19157	0.99994	FALSE	ORF1ab:cds-YP_009725295.1	GCA	A	GCG	A	1380
NC_045512.2	4406	C	T	19107	17854	38	4	3	46	0.000209249	19116	0.187418	FALSE	ORF1ab:cds-YP_009724389.1	CAT	H	TAT	Y	1381
NC_045512.2	4406	C	T	19107	17854	38	4	3	46	0.000209249	19116	0.187418	FALSE	ORF1ab:cds-YP_009725295.1	CAT	H	TAT	Y	1381
NC_045512.2	4406	C	A	19107	17854	38	5	5	37	0.000261561	19116	0.99923	FALSE	ORF1ab:cds-YP_009724389.1	CAT	H	AAT	N	1381
NC_045512.2	4406	C	A	19107	17854	38	5	5	37	0.000261561	19116	0.99923	FALSE	ORF1ab:cds-YP_009725295.1	CAT	H	AAT	N	1381
NC_045512.2	4407	A	T	17713	16460	37	1	1	25	5.64302e-05	17721	1	FALSE	ORF1ab:cds-YP_009724389.1	CAT	H	CTT	L	1381
NC_045512.2	4407	A	T	17713	16460	37	1	1	25	5.64302e-05	17721	1	FALSE	ORF1ab:cds-YP_009725295.1	CAT	H	CTT	L	1381
NC_045512.2	4407	A	C	17713	16460	37	7	4	28	0.000395012	17721	1	FALSE	ORF1ab:cds-YP_009724389.1	CAT	H	CCT	P	1381
NC_045512.2	4407	A	C	17713	16460	37	7	4	28	0.000395012	17721	1	FALSE	ORF1ab:cds-YP_009725295.1	CAT	H	CCT	P	1381
NC_045512.2	4408	T	G	17891	16639	38	2	2	31	0.000111757	17896	0.999962	FALSE	ORF1ab:cds-YP_009724389.1	CAT	H	CAG	Q	1381
NC_045512.2	4408	T	G	17891	16639	38	2	2	31	0.000111757	17896	0.999962	FALSE	ORF1ab:cds-YP_009725295.1	CAT	H	CAG	Q	1381
NC_045512.2	4408	T	A	17891	16639	38	3	3	25	0.000167635	17896	1	FALSE	ORF1ab:cds-YP_009724389.1	CAT	H	CAA	Q	1381
NC_045512.2	4408	T	A	17891	16639	38	3	3	25	0.000167635	17896	1	FALSE	ORF1ab:cds-YP_009725295.1	CAT	H	CAA	Q	1381
NC_045512.2	4409	G	C	18345	17123	38	1	1	37	5.44455e-05	18367	0.999998	FALSE	ORF1ab:cds-YP_009724389.1	GCA	A	CCA	P	1382
NC_045512.2	4409	G	C	18345	17123	38	1	1	37	5.44455e-05	18367	0.999998	FALSE	ORF1ab:cds-YP_009725295.1	GCA	A	CCA	P	1382
NC_045512.2	4409	G	A	18345	17123	38	21	19	36	0.00114335	18367	0.374564	FALSE	ORF1ab:cds-YP_009724389.1	GCA	A	ACA	T	1382
NC_045512.2	4409	G	A	18345	17123	38	21	19	36	0.00114335	18367	0.374564	FALSE	ORF1ab:cds-YP_009725295.1	GCA	A	ACA	T	1382
NC_045512.2	4410	C	T	18461	17494	38	8	8	34	0.000433135	18470	0.985548	FALSE	ORF1ab:cds-YP_009724389.1	GCA	A	GTA	V	1382
NC_045512.2	4410	C	T	18461	17494	38	8	8	34	0.000433135	18470	0.985548	FALSE	ORF1ab:cds-YP_009725295.1	GCA	A	GTA	V	1382
NC_045512.2	4410	C	A	18461	17494	38	1	1	37	5.41419e-05	18470	0.999998	FALSE	ORF1ab:cds-YP_009724389.1	GCA	A	GAA	E	1382
NC_045512.2	4410	C	A	18461	17494	38	1	1	37	5.41419e-05	18470	0.999998	FALSE	ORF1ab:cds-YP_009725295.1	GCA	A	GAA	E	1382
NC_045512.2	4411	A	G	18153	17189	38	5	5	39	0.000275361	18158	0.998705	FALSE	ORF1ab:cds-YP_009724389.1	GCA	A	GCG	A	1382
NC_045512.2	4411	A	G	18153	17189	38	5	5	39	0.000275361	18158	0.998705	FALSE	ORF1ab:cds-YP_009725295.1	GCA	A	GCG	A	1382
NC_045512.2	4412	G	C	18026	17084	37	1	1	37	5.54693e-05	18028	0.999998	FALSE	ORF1ab:cds-YP_009724389.1	GAA	E	CAA	Q	1383
NC_045512.2	4412	G	C	18026	17084	37	1	1	37	5.54693e-05	18028	0.999998	FALSE	ORF1ab:cds-YP_009725295.1	GAA	E	CAA	Q	1383
NC_045512.2	4412	G	A	18026	17084	37	1	1	37	5.54693e-05	18028	0.999998	FALSE	ORF1ab:cds-YP_009724389.1	GAA	E	AAA	K	1383
NC_045512.2	4412	G	A	18026	17084	37	1	1	37	5.54693e-05	18028	0.999998	FALSE	ORF1ab:cds-YP_009725295.1	GAA	E	AAA	K	1383
NC_045512.2	4412	G	-A	18026	17084	37	1	0	20	5.54693e-05	18028	1	FALSE	NA	NA	NA	NA	NA	NA
NC_045512.2	4413	A	T	18125	17180	38	1	1	37	5.51602e-05	18129	0.999998	FALSE	ORF1ab:cds-YP_009724389.1	GAA	E	GTA	V	1383
NC_045512.2	4413	A	T	18125	17180	38	1	1	37	5.51602e-05	18129	0.999998	FALSE	ORF1ab:cds-YP_009725295.1	GAA	E	GTA	V	1383
NC_045512.2	4413	A	G	18125	17180	38	1	1	37	5.51602e-05	18129	0.999998	FALSE	ORF1ab:cds-YP_009724389.1	GAA	E	GGA	G	1383
NC_045512.2	4413	A	G	18125	17180	38	1	1	37	5.51602e-05	18129	0.999998	FALSE	ORF1ab:cds-YP_009725295.1	GAA	E	GGA	G	1383
NC_045512.2	4413	A	C	18125	17180	38	2	2	37	0.00011032	18129	0.99998	FALSE	ORF1ab:cds-YP_009724389.1	GAA	E	GCA	A	1383
NC_045512.2	4413	A	C	18125	17180	38	2	2	37	0.00011032	18129	0.99998	FALSE	ORF1ab:cds-YP_009725295.1	GAA	E	GCA	A	1383
NC_045512.2	4414	A	T	18163	17224	38	1	1	37	5.50479e-05	18166	0.999998	FALSE	ORF1ab:cds-YP_009724389.1	GAA	E	GAT	D	1383
NC_045512.2	4414	A	T	18163	17224	38	1	1	37	5.50479e-05	18166	0.999998	FALSE	ORF1ab:cds-YP_009725295.1	GAA	E	GAT	D	1383
NC_045512.2	4414	A	G	18163	17224	38	1	1	37	5.50479e-05	18166	0.999998	FALSE	ORF1ab:cds-YP_009724389.1	GAA	E	GAG	E	1383
NC_045512.2	4414	A	G	18163	17224	38	1	1	37	5.50479e-05	18166	0.999998	FALSE	ORF1ab:cds-YP_009725295.1	GAA	E	GAG	E	1383
NC_045512.2	4414	A	C	18163	17224	38	1	1	25	5.50479e-05	18166	1	FALSE	ORF1ab:cds-YP_009724389.1	GAA	E	GAC	D	1383
NC_045512.2	4414	A	C	18163	17224	38	1	1	25	5.50479e-05	18166	1	FALSE	ORF1ab:cds-YP_009725295.1	GAA	E	GAC	D	1383
NC_045512.2	4415	G	C	17997	17052	37	1	1	37	5.55617e-05	17998	0.999996	FALSE	ORF1ab:cds-YP_009724389.1	GAA	E	CAA	Q	1384
NC_045512.2	4415	G	C	17997	17052	37	1	1	37	5.55617e-05	17998	0.999996	FALSE	ORF1ab:cds-YP_009725295.1	GAA	E	CAA	Q	1384
NC_045512.2	4416	A	T	18258	17321	38	1	1	74	5.47645e-05	18260	0.5	FALSE	ORF1ab:cds-YP_009724389.1	GAA	E	GTA	V	1384
NC_045512.2	4416	A	T	18258	17321	38	1	1	74	5.47645e-05	18260	0.5	FALSE	ORF1ab:cds-YP_009725295.1	GAA	E	GTA	V	1384
NC_045512.2	4416	A	G	18258	17321	38	1	1	74	5.47645e-05	18260	0.5	FALSE	ORF1ab:cds-YP_009724389.1	GAA	E	GGA	G	1384
NC_045512.2	4416	A	G	18258	17321	38	1	1	74	5.47645e-05	18260	0.5	FALSE	ORF1ab:cds-YP_009725295.1	GAA	E	GGA	G	1384
NC_045512.2	4417	A	G	17887	16946	38	4	4	31	0.000223564	17892	0.999257	FALSE	ORF1ab:cds-YP_009724389.1	GAA	E	GAG	E	1384
NC_045512.2	4417	A	G	17887	16946	38	4	4	31	0.000223564	17892	0.999257	FALSE	ORF1ab:cds-YP_009725295.1	GAA	E	GAG	E	1384
NC_045512.2	4417	A	C	17887	16946	38	1	1	25	5.58909e-05	17892	1	FALSE	ORF1ab:cds-YP_009724389.1	GAA	E	GAC	D	1384
NC_045512.2	4417	A	C	17887	16946	38	1	1	25	5.58909e-05	17892	1	FALSE	ORF1ab:cds-YP_009725295.1	GAA	E	GAC	D	1384
NC_045512.2	4418	A	G	18032	17099	38	1	1	37	5.54539e-05	18033	0.999998	FALSE	ORF1ab:cds-YP_009724389.1	ACA	T	GCA	A	1385
NC_045512.2	4418	A	G	18032	17099	38	1	1	37	5.54539e-05	18033	0.999998	FALSE	ORF1ab:cds-YP_009725295.1	ACA	T	GCA	A	1385
NC_045512.2	4419	C	T	18147	17223	38	2	2	37	0.000110199	18149	0.99998	FALSE	ORF1ab:cds-YP_009724389.1	ACA	T	ATA	I	1385
NC_045512.2	4419	C	T	18147	17223	38	2	2	37	0.000110199	18149	0.99998	FALSE	ORF1ab:cds-YP_009725295.1	ACA	T	ATA	I	1385
NC_045512.2	4420	A	G	18064	17192	38	1	0	74	5.53557e-05	18065	0.500014	FALSE	ORF1ab:cds-YP_009724389.1	ACA	T	ACG	T	1385
NC_045512.2	4420	A	G	18064	17192	38	1	0	74	5.53557e-05	18065	0.500014	FALSE	ORF1ab:cds-YP_009725295.1	ACA	T	ACG	T	1385
NC_045512.2	4421	C	T	17633	16762	38	6	6	37	0.000340117	17641	0.994699	FALSE	ORF1ab:cds-YP_009724389.1	CGC	R	TGC	C	1386
NC_045512.2	4421	C	T	17633	16762	38	6	6	37	0.000340117	17641	0.994699	FALSE	ORF1ab:cds-YP_009725295.1	CGC	R	TGC	C	1386
NC_045512.2	4421	C	A	17633	16762	38	2	2	37	0.000113372	17641	0.999962	FALSE	ORF1ab:cds-YP_009724389.1	CGC	R	AGC	S	1386
NC_045512.2	4421	C	A	17633	16762	38	2	2	37	0.000113372	17641	0.999962	FALSE	ORF1ab:cds-YP_009725295.1	CGC	R	AGC	S	1386
NC_045512.2	4422	G	T	17412	16543	37	1	1	25	5.73526e-05	17436	1	FALSE	ORF1ab:cds-YP_009724389.1	CGC	R	CTC	L	1386
NC_045512.2	4422	G	T	17412	16543	37	1	1	25	5.73526e-05	17436	1	FALSE	ORF1ab:cds-YP_009725295.1	CGC	R	CTC	L	1386
NC_045512.2	4422	G	C	17412	16543	37	1	0	62	5.73526e-05	17436	0.499684	FALSE	ORF1ab:cds-YP_009724389.1	CGC	R	CCC	P	1386
NC_045512.2	4422	G	C	17412	16543	37	1	0	62	5.73526e-05	17436	0.499684	FALSE	ORF1ab:cds-YP_009725295.1	CGC	R	CCC	P	1386
NC_045512.2	4422	G	A	17412	16543	37	22	22	36	0.00126176	17436	0.261023	FALSE	ORF1ab:cds-YP_009724389.1	CGC	R	CAC	H	1386
NC_045512.2	4422	G	A	17412	16543	37	22	22	36	0.00126176	17436	0.261023	FALSE	ORF1ab:cds-YP_009725295.1	CGC	R	CAC	H	1386
NC_045512.2	4423	C	T	17566	16709	37	1	1	25	5.69249e-05	17567	1	FALSE	ORF1ab:cds-YP_009724389.1	CGC	R	CGT	R	1386
NC_045512.2	4423	C	T	17566	16709	37	1	1	25	5.69249e-05	17567	1	FALSE	ORF1ab:cds-YP_009725295.1	CGC	R	CGT	R	1386
NC_045512.2	4424	A	T	17303	16453	37	1	1	25	5.77801e-05	17307	1	FALSE	ORF1ab:cds-YP_009724389.1	AAA	K	TAA	*	1387
NC_045512.2	4424	A	T	17303	16453	37	1	1	25	5.77801e-05	17307	1	FALSE	ORF1ab:cds-YP_009725295.1	AAA	K	TAA	*	1387
NC_045512.2	4424	A	G	17303	16453	37	2	2	37	0.00011556	17307	0.999962	FALSE	ORF1ab:cds-YP_009724389.1	AAA	K	GAA	E	1387
NC_045512.2	4424	A	G	17303	16453	37	2	2	37	0.00011556	17307	0.999962	FALSE	ORF1ab:cds-YP_009725295.1	AAA	K	GAA	E	1387
NC_045512.2	4424	A	C	17303	16453	37	1	1	25	5.77801e-05	17307	1	FALSE	ORF1ab:cds-YP_009724389.1	AAA	K	CAA	Q	1387
NC_045512.2	4424	A	C	17303	16453	37	1	1	25	5.77801e-05	17307	1	FALSE	ORF1ab:cds-YP_009725295.1	AAA	K	CAA	Q	1387
NC_045512.2	4425	A	T	16831	16004	37	1	1	37	5.93824e-05	16840	0.999992	FALSE	ORF1ab:cds-YP_009724389.1	AAA	K	ATA	I	1387
NC_045512.2	4425	A	T	16831	16004	37	1	1	37	5.93824e-05	16840	0.999992	FALSE	ORF1ab:cds-YP_009725295.1	AAA	K	ATA	I	1387
NC_045512.2	4425	A	G	16831	16004	37	3	3	37	0.000178147	16840	0.999636	FALSE	ORF1ab:cds-YP_009724389.1	AAA	K	AGA	R	1387
NC_045512.2	4425	A	G	16831	16004	37	3	3	37	0.000178147	16840	0.999636	FALSE	ORF1ab:cds-YP_009725295.1	AAA	K	AGA	R	1387
NC_045512.2	4425	A	C	16831	16004	37	5	3	25	0.000296912	16840	1	FALSE	ORF1ab:cds-YP_009724389.1	AAA	K	ACA	T	1387
NC_045512.2	4425	A	C	16831	16004	37	5	3	25	0.000296912	16840	1	FALSE	ORF1ab:cds-YP_009725295.1	AAA	K	ACA	T	1387
NC_045512.2	4426	A	G	16575	15742	37	1	1	37	6.02918e-05	16586	0.999992	FALSE	ORF1ab:cds-YP_009724389.1	AAA	K	AAG	K	1387
NC_045512.2	4426	A	G	16575	15742	37	1	1	37	6.02918e-05	16586	0.999992	FALSE	ORF1ab:cds-YP_009725295.1	AAA	K	AAG	K	1387
NC_045512.2	4426	A	C	16575	15742	37	10	10	27	0.000602918	16586	1	FALSE	ORF1ab:cds-YP_009724389.1	AAA	K	AAC	N	1387
NC_045512.2	4426	A	C	16575	15742	37	10	10	27	0.000602918	16586	1	FALSE	ORF1ab:cds-YP_009725295.1	AAA	K	AAC	N	1387
NC_045512.2	4427	T	G	16773	16009	37	2	2	25	0.000119218	16776	1	FALSE	ORF1ab:cds-YP_009724389.1	TTA	L	GTA	V	1388
NC_045512.2	4427	T	G	16773	16009	37	2	2	25	0.000119218	16776	1	FALSE	ORF1ab:cds-YP_009725295.1	TTA	L	GTA	V	1388
NC_045512.2	4427	T	C	16773	16009	37	1	1	37	5.9609e-05	16776	0.999992	FALSE	ORF1ab:cds-YP_009724389.1	TTA	L	CTA	L	1388
NC_045512.2	4427	T	C	16773	16009	37	1	1	37	5.9609e-05	16776	0.999992	FALSE	ORF1ab:cds-YP_009725295.1	TTA	L	CTA	L	1388
NC_045512.2	4428	T	G	17302	16543	37	3	3	25	0.00017336	17305	1	FALSE	ORF1ab:cds-YP_009724389.1	TTA	L	TGA	*	1388
NC_045512.2	4428	T	G	17302	16543	37	3	3	25	0.00017336	17305	1	FALSE	ORF1ab:cds-YP_009725295.1	TTA	L	TGA	*	1388
NC_045512.2	4429	A	T	17424	16674	37	1	1	25	5.73855e-05	17426	1	FALSE	ORF1ab:cds-YP_009724389.1	TTA	L	TTT	F	1388
NC_045512.2	4429	A	T	17424	16674	37	1	1	25	5.73855e-05	17426	1	FALSE	ORF1ab:cds-YP_009725295.1	TTA	L	TTT	F	1388
NC_045512.2	4429	A	G	17424	16674	37	1	1	37	5.73855e-05	17426	0.999996	FALSE	ORF1ab:cds-YP_009724389.1	TTA	L	TTG	L	1388
NC_045512.2	4429	A	G	17424	16674	37	1	1	37	5.73855e-05	17426	0.999996	FALSE	ORF1ab:cds-YP_009725295.1	TTA	L	TTG	L	1388
NC_045512.2	4430	A	C	16992	16075	37	2	2	25	0.000117689	16994	1	FALSE	ORF1ab:cds-YP_009724389.1	ATG	M	CTG	L	1389
NC_045512.2	4430	A	C	16992	16075	37	2	2	25	0.000117689	16994	1	FALSE	ORF1ab:cds-YP_009725295.1	ATG	M	CTG	L	1389
NC_045512.2	4430	A	-TGCC	16992	16075	37	1	0	20	5.88443e-05	16994	1	FALSE	NA	NA	NA	NA	NA	NA
NC_045512.2	4431	T	G	16978	16056	37	2	2	25	0.000117779	16981	1	FALSE	ORF1ab:cds-YP_009724389.1	ATG	M	AGG	R	1389
NC_045512.2	4431	T	G	16978	16056	37	2	2	25	0.000117779	16981	1	FALSE	ORF1ab:cds-YP_009725295.1	ATG	M	AGG	R	1389
NC_045512.2	4431	T	C	16978	16056	37	1	1	25	5.88893e-05	16981	1	FALSE	ORF1ab:cds-YP_009724389.1	ATG	M	ACG	T	1389
NC_045512.2	4431	T	C	16978	16056	37	1	1	25	5.88893e-05	16981	1	FALSE	ORF1ab:cds-YP_009725295.1	ATG	M	ACG	T	1389
NC_045512.2	4432	G	T	17240	16370	37	2	2	37	0.000115969	17246	0.999962	FALSE	ORF1ab:cds-YP_009724389.1	ATG	M	ATT	I	1389
NC_045512.2	4432	G	T	17240	16370	37	2	2	37	0.000115969	17246	0.999962	FALSE	ORF1ab:cds-YP_009725295.1	ATG	M	ATT	I	1389
NC_045512.2	4432	G	A	17240	16370	37	4	4	37	0.000231938	17246	0.999257	FALSE	ORF1ab:cds-YP_009724389.1	ATG	M	ATA	I	1389
NC_045512.2	4432	G	A	17240	16370	37	4	4	37	0.000231938	17246	0.999257	FALSE	ORF1ab:cds-YP_009725295.1	ATG	M	ATA	I	1389
NC_045512.2	4432	G	-C	17240	16370	37	2	0	20	0.000115962	17247	1	FALSE	NA	NA	NA	NA	NA	NA
NC_045512.2	4432	G	+C	17240	16370	37	6	0	20	0.000347887	17247	1	FALSE	NA	NA	NA	NA	NA	NA
NC_045512.2	4433	C	T	17458	16606	37	21	20	37	0.00120124	17482	0.313142	FALSE	ORF1ab:cds-YP_009724389.1	CCT	P	TCT	S	1390
NC_045512.2	4433	C	T	17458	16606	37	21	20	37	0.00120124	17482	0.313142	FALSE	ORF1ab:cds-YP_009725295.1	CCT	P	TCT	S	1390
NC_045512.2	4433	C	G	17458	16606	37	1	1	37	5.72017e-05	17482	0.999996	FALSE	ORF1ab:cds-YP_009724389.1	CCT	P	GCT	A	1390
NC_045512.2	4433	C	G	17458	16606	37	1	1	37	5.72017e-05	17482	0.999996	FALSE	ORF1ab:cds-YP_009725295.1	CCT	P	GCT	A	1390
NC_045512.2	4433	C	A	17458	16606	37	2	1	27	0.000114403	17482	1	FALSE	ORF1ab:cds-YP_009724389.1	CCT	P	ACT	T	1390
NC_045512.2	4433	C	A	17458	16606	37	2	1	27	0.000114403	17482	1	FALSE	ORF1ab:cds-YP_009725295.1	CCT	P	ACT	T	1390
NC_045512.2	4434	C	A	16269	15480	37	3	3	37	0.000184366	16272	0.999637	FALSE	ORF1ab:cds-YP_009724389.1	CCT	P	CAT	H	1390
NC_045512.2	4434	C	A	16269	15480	37	3	3	37	0.000184366	16272	0.999637	FALSE	ORF1ab:cds-YP_009725295.1	CCT	P	CAT	H	1390
NC_045512.2	4435	T	G	14980	14184	37	5	5	29	0.000333556	14990	1	FALSE	ORF1ab:cds-YP_009724389.1	CCT	P	CCG	P	1390
NC_045512.2	4435	T	G	14980	14184	37	5	5	29	0.000333556	14990	1	FALSE	ORF1ab:cds-YP_009725295.1	CCT	P	CCG	P	1390
NC_045512.2	4435	T	C	14980	14184	37	4	4	34	0.000266845	14990	0.996232	FALSE	ORF1ab:cds-YP_009724389.1	CCT	P	CCC	P	1390
NC_045512.2	4435	T	C	14980	14184	37	4	4	34	0.000266845	14990	0.996232	FALSE	ORF1ab:cds-YP_009725295.1	CCT	P	CCC	P	1390
NC_045512.2	4435	T	A	14980	14184	37	1	0	20	6.67111e-05	14990	1	FALSE	ORF1ab:cds-YP_009724389.1	CCT	P	CCA	P	1390
NC_045512.2	4435	T	A	14980	14184	37	1	0	20	6.67111e-05	14990	1	FALSE	ORF1ab:cds-YP_009725295.1	CCT	P	CCA	P	1390
NC_045512.2	4436	G	A	15559	14774	37	1	1	25	6.42674e-05	15560	1	FALSE	ORF1ab:cds-YP_009724389.1	GTC	V	ATC	I	1391
NC_045512.2	4436	G	A	15559	14774	37	1	1	25	6.42674e-05	15560	1	FALSE	ORF1ab:cds-YP_009725295.1	GTC	V	ATC	I	1391
NC_045512.2	4437	T	G	15090	14339	37	1	1	37	6.62559e-05	15093	0.999985	FALSE	ORF1ab:cds-YP_009724389.1	GTC	V	GGC	G	1391
NC_045512.2	4437	T	G	15090	14339	37	1	1	37	6.62559e-05	15093	0.999985	FALSE	ORF1ab:cds-YP_009725295.1	GTC	V	GGC	G	1391
NC_045512.2	4437	T	C	15090	14339	37	1	1	37	6.62559e-05	15093	0.999985	FALSE	ORF1ab:cds-YP_009724389.1	GTC	V	GCC	A	1391
NC_045512.2	4437	T	C	15090	14339	37	1	1	37	6.62559e-05	15093	0.999985	FALSE	ORF1ab:cds-YP_009725295.1	GTC	V	GCC	A	1391
NC_045512.2	4437	T	A	15090	14339	37	1	1	25	6.62559e-05	15093	1	FALSE	ORF1ab:cds-YP_009724389.1	GTC	V	GAC	D	1391
NC_045512.2	4437	T	A	15090	14339	37	1	1	25	6.62559e-05	15093	1	FALSE	ORF1ab:cds-YP_009725295.1	GTC	V	GAC	D	1391
NC_045512.2	4438	C	T	15297	14622	37	6	6	37	0.00039208	15303	0.986729	FALSE	ORF1ab:cds-YP_009724389.1	GTC	V	GTT	V	1391
NC_045512.2	4438	C	T	15297	14622	37	6	6	37	0.00039208	15303	0.986729	FALSE	ORF1ab:cds-YP_009725295.1	GTC	V	GTT	V	1391
NC_045512.2	4439	T	G	14794	14304	36	1	1	25	6.75721e-05	14799	1	FALSE	ORF1ab:cds-YP_009724389.1	TGT	C	GGT	G	1392
NC_045512.2	4439	T	G	14794	14304	36	1	1	25	6.75721e-05	14799	1	FALSE	ORF1ab:cds-YP_009725295.1	TGT	C	GGT	G	1392
NC_045512.2	4439	T	C	14794	14304	36	3	3	33	0.000202716	14799	0.998828	FALSE	ORF1ab:cds-YP_009724389.1	TGT	C	CGT	R	1392
NC_045512.2	4439	T	C	14794	14304	36	3	3	33	0.000202716	14799	0.998828	FALSE	ORF1ab:cds-YP_009725295.1	TGT	C	CGT	R	1392
NC_045512.2	4439	T	A	14794	14304	36	1	0	37	6.75721e-05	14799	0.99997	FALSE	ORF1ab:cds-YP_009724389.1	TGT	C	AGT	S	1392
NC_045512.2	4439	T	A	14794	14304	36	1	0	37	6.75721e-05	14799	0.99997	FALSE	ORF1ab:cds-YP_009725295.1	TGT	C	AGT	S	1392
NC_045512.2	4440	G	T	15066	14569	37	2	2	25	0.000132723	15069	1	FALSE	ORF1ab:cds-YP_009724389.1	TGT	C	TTT	F	1392
NC_045512.2	4440	G	T	15066	14569	37	2	2	25	0.000132723	15069	1	FALSE	ORF1ab:cds-YP_009725295.1	TGT	C	TTT	F	1392
NC_045512.2	4440	G	C	15066	14569	37	1	1	37	6.63614e-05	15069	0.999985	FALSE	ORF1ab:cds-YP_009724389.1	TGT	C	TCT	S	1392
NC_045512.2	4440	G	C	15066	14569	37	1	1	37	6.63614e-05	15069	0.999985	FALSE	ORF1ab:cds-YP_009725295.1	TGT	C	TCT	S	1392
NC_045512.2	4441	T	C	14874	14397	37	2	2	37	0.000134445	14876	0.999742	FALSE	ORF1ab:cds-YP_009724389.1	TGT	C	TGC	C	1392
NC_045512.2	4441	T	C	14874	14397	37	2	2	37	0.000134445	14876	0.999742	FALSE	ORF1ab:cds-YP_009725295.1	TGT	C	TGC	C	1392
NC_045512.2	4442	G	T	14863	14379	37	1	1	37	6.72495e-05	14870	0.99997	FALSE	ORF1ab:cds-YP_009724389.1	GTG	V	TTG	L	1393
NC_045512.2	4442	G	T	14863	14379	37	1	1	37	6.72495e-05	14870	0.99997	FALSE	ORF1ab:cds-YP_009725295.1	GTG	V	TTG	L	1393
NC_045512.2	4442	G	A	14863	14379	37	6	6	33	0.000403497	14870	0.979339	FALSE	ORF1ab:cds-YP_009724389.1	GTG	V	ATG	M	1393
NC_045512.2	4442	G	A	14863	14379	37	6	6	33	0.000403497	14870	0.979339	FALSE	ORF1ab:cds-YP_009725295.1	GTG	V	ATG	M	1393
NC_045512.2	4443	T	C	14765	14285	37	2	2	37	0.000135428	14768	0.999741	FALSE	ORF1ab:cds-YP_009724389.1	GTG	V	GCG	A	1393
NC_045512.2	4443	T	C	14765	14285	37	2	2	37	0.000135428	14768	0.999741	FALSE	ORF1ab:cds-YP_009725295.1	GTG	V	GCG	A	1393
NC_045512.2	4443	T	A	14765	14285	37	1	0	62	6.7714e-05	14768	0.499983	FALSE	ORF1ab:cds-YP_009724389.1	GTG	V	GAG	E	1393
NC_045512.2	4443	T	A	14765	14285	37	1	0	62	6.7714e-05	14768	0.499983	FALSE	ORF1ab:cds-YP_009725295.1	GTG	V	GAG	E	1393
NC_045512.2	4444	G	T	14641	14166	36	3	3	37	0.00020482	14647	0.998827	FALSE	ORF1ab:cds-YP_009724389.1	GTG	V	GTT	V	1393
NC_045512.2	4444	G	T	14641	14166	36	3	3	37	0.00020482	14647	0.998827	FALSE	ORF1ab:cds-YP_009725295.1	GTG	V	GTT	V	1393
NC_045512.2	4444	G	A	14641	14166	36	3	3	37	0.00020482	14647	0.998827	FALSE	ORF1ab:cds-YP_009724389.1	GTG	V	GTA	V	1393
NC_045512.2	4444	G	A	14641	14166	36	3	3	37	0.00020482	14647	0.998827	FALSE	ORF1ab:cds-YP_009725295.1	GTG	V	GTA	V	1393
NC_045512.2	4445	G	T	14584	14227	36	1	1	37	6.85636e-05	14585	0.99997	FALSE	ORF1ab:cds-YP_009724389.1	GAA	E	TAA	*	1394
NC_045512.2	4445	G	T	14584	14227	36	1	1	37	6.85636e-05	14585	0.99997	FALSE	ORF1ab:cds-YP_009725295.1	GAA	E	TAA	*	1394
NC_045512.2	4446	A	T	14396	14054	36	1	1	37	6.94396e-05	14401	0.99997	FALSE	ORF1ab:cds-YP_009724389.1	GAA	E	GTA	V	1394
NC_045512.2	4446	A	T	14396	14054	36	1	1	37	6.94396e-05	14401	0.99997	FALSE	ORF1ab:cds-YP_009725295.1	GAA	E	GTA	V	1394
NC_045512.2	4446	A	G	14396	14054	36	4	4	37	0.000277758	14401	0.99624	FALSE	ORF1ab:cds-YP_009724389.1	GAA	E	GGA	G	1394
NC_045512.2	4446	A	G	14396	14054	36	4	4	37	0.000277758	14401	0.99624	FALSE	ORF1ab:cds-YP_009725295.1	GAA	E	GGA	G	1394
NC_045512.2	4447	A	G	14098	13794	36	1	1	37	7.0917e-05	14101	0.99997	FALSE	ORF1ab:cds-YP_009724389.1	GAA	E	GAG	E	1394
NC_045512.2	4447	A	G	14098	13794	36	1	1	37	7.0917e-05	14101	0.99997	FALSE	ORF1ab:cds-YP_009725295.1	GAA	E	GAG	E	1394
NC_045512.2	4447	A	C	14098	13794	36	2	1	33	0.000141834	14101	0.999741	FALSE	ORF1ab:cds-YP_009724389.1	GAA	E	GAC	D	1394
NC_045512.2	4447	A	C	14098	13794	36	2	1	33	0.000141834	14101	0.999741	FALSE	ORF1ab:cds-YP_009725295.1	GAA	E	GAC	D	1394
NC_045512.2	4449	C	A	14390	14066	36	1	1	37	6.94879e-05	14391	0.99997	FALSE	ORF1ab:cds-YP_009724389.1	ACT	T	AAT	N	1395
NC_045512.2	4449	C	A	14390	14066	36	1	1	37	6.94879e-05	14391	0.99997	FALSE	ORF1ab:cds-YP_009725295.1	ACT	T	AAT	N	1395
NC_045512.2	4450	T	G	14107	13791	36	1	1	37	7.08717e-05	14110	0.99997	FALSE	ORF1ab:cds-YP_009724389.1	ACT	T	ACG	T	1395
NC_045512.2	4450	T	G	14107	13791	36	1	1	37	7.08717e-05	14110	0.99997	FALSE	ORF1ab:cds-YP_009725295.1	ACT	T	ACG	T	1395
NC_045512.2	4450	T	C	14107	13791	36	2	2	37	0.000141743	14110	0.999741	FALSE	ORF1ab:cds-YP_009724389.1	ACT	T	ACC	T	1395
NC_045512.2	4450	T	C	14107	13791	36	2	2	37	0.000141743	14110	0.999741	FALSE	ORF1ab:cds-YP_009725295.1	ACT	T	ACC	T	1395
NC_045512.2	4451	A	G	14004	13687	36	1	1	25	7.14031e-05	14005	1	FALSE	ORF1ab:cds-YP_009724389.1	AAA	K	GAA	E	1396
NC_045512.2	4451	A	G	14004	13687	36	1	1	25	7.14031e-05	14005	1	FALSE	ORF1ab:cds-YP_009725295.1	AAA	K	GAA	E	1396
NC_045512.2	4452	A	G	13594	13278	35	1	1	37	7.35348e-05	13599	0.999939	FALSE	ORF1ab:cds-YP_009724389.1	AAA	K	AGA	R	1396
NC_045512.2	4452	A	G	13594	13278	35	1	1	37	7.35348e-05	13599	0.999939	FALSE	ORF1ab:cds-YP_009725295.1	AAA	K	AGA	R	1396
NC_045512.2	4452	A	C	13594	13278	35	4	4	25	0.000294139	13599	1	FALSE	ORF1ab:cds-YP_009724389.1	AAA	K	ACA	T	1396
NC_045512.2	4452	A	C	13594	13278	35	4	4	25	0.000294139	13599	1	FALSE	ORF1ab:cds-YP_009725295.1	AAA	K	ACA	T	1396
NC_045512.2	4453	A	G	13711	13388	36	2	2	37	0.000145847	13713	0.999513	FALSE	ORF1ab:cds-YP_009724389.1	AAA	K	AAG	K	1396
NC_045512.2	4453	A	G	13711	13388	36	2	2	37	0.000145847	13713	0.999513	FALSE	ORF1ab:cds-YP_009725295.1	AAA	K	AAG	K	1396
NC_045512.2	4460	G	T	304	12	37	1	0	37	0.00327869	305	0.500821	FALSE	ORF1ab:cds-YP_009724389.1	GTT	V	TTT	F	1399
NC_045512.2	4460	G	T	304	12	37	1	0	37	0.00327869	305	0.500821	FALSE	ORF1ab:cds-YP_009725295.1	GTT	V	TTT	F	1399
NC_045512.2	4466	A	C	553	13	36	1	0	37	0.00180505	554	0.500452	FALSE	ORF1ab:cds-YP_009724389.1	ACT	T	CCT	P	1401
NC_045512.2	4466	A	C	553	13	36	1	0	37	0.00180505	554	0.500452	FALSE	ORF1ab:cds-YP_009725295.1	ACT	T	CCT	P	1401
NC_045512.2	4470	T	C	585	16	36	1	0	37	0.00170648	586	0.500427	FALSE	ORF1ab:cds-YP_009724389.1	ATA	I	ACA	T	1402
NC_045512.2	4470	T	C	585	16	36	1	0	37	0.00170648	586	0.500427	FALSE	ORF1ab:cds-YP_009725295.1	ATA	I	ACA	T	1402
NC_045512.2	4471	A	C	587	15	36	1	0	25	0.00170068	588	0.984653	FALSE	ORF1ab:cds-YP_009724389.1	ATA	I	ATC	I	1402
NC_045512.2	4471	A	C	587	15	36	1	0	25	0.00170068	588	0.984653	FALSE	ORF1ab:cds-YP_009725295.1	ATA	I	ATC	I	1402
NC_045512.2	4472	C	T	577	15	36	2	0	37	0.00345423	579	0.250216	FALSE	ORF1ab:cds-YP_009724389.1	CAG	Q	TAG	*	1403
NC_045512.2	4472	C	T	577	15	36	2	0	37	0.00345423	579	0.250216	FALSE	ORF1ab:cds-YP_009725295.1	CAG	Q	TAG	*	1403
NC_045512.2	4474	G	A	631	16	36	1	0	37	0.00158228	632	0.500396	FALSE	ORF1ab:cds-YP_009724389.1	CAG	Q	CAA	Q	1403
NC_045512.2	4474	G	A	631	16	36	1	0	37	0.00158228	632	0.500396	FALSE	ORF1ab:cds-YP_009725295.1	CAG	Q	CAA	Q	1403
NC_045512.2	4481	T	G	681	22	36	1	0	25	0.00146628	682	0.992347	FALSE	ORF1ab:cds-YP_009724389.1	TAT	Y	GAT	D	1406
NC_045512.2	4481	T	G	681	22	36	1	0	25	0.00146628	682	0.992347	FALSE	ORF1ab:cds-YP_009725295.1	TAT	Y	GAT	D	1406
NC_045512.2	4489	T	C	841	28	37	1	0	37	0.00118765	842	0.500297	FALSE	ORF1ab:cds-YP_009724389.1	GGT	G	GGC	G	1408
NC_045512.2	4489	T	C	841	28	37	1	0	37	0.00118765	842	0.500297	FALSE	ORF1ab:cds-YP_009725295.1	GGT	G	GGC	G	1408
NC_045512.2	4490	A	C	803	29	36	1	0	25	0.00124378	804	0.998101	FALSE	ORF1ab:cds-YP_009724389.1	ATT	I	CTT	L	1409
NC_045512.2	4490	A	C	803	29	36	1	0	25	0.00124378	804	0.998101	FALSE	ORF1ab:cds-YP_009725295.1	ATT	I	CTT	L	1409
NC_045512.2	4491	T	A	816	29	37	1	0	37	0.00122399	817	0.500306	FALSE	ORF1ab:cds-YP_009724389.1	ATT	I	AAT	N	1409
NC_045512.2	4491	T	A	816	29	37	1	0	37	0.00122399	817	0.500306	FALSE	ORF1ab:cds-YP_009725295.1	ATT	I	AAT	N	1409
NC_045512.2	4492	T	C	843	34	37	1	0	37	0.00118483	844	0.500296	FALSE	ORF1ab:cds-YP_009724389.1	ATT	I	ATC	I	1409
NC_045512.2	4492	T	C	843	34	37	1	0	37	0.00118483	844	0.500296	FALSE	ORF1ab:cds-YP_009725295.1	ATT	I	ATC	I	1409
NC_045512.2	4498	A	C	920	35	37	1	1	29	0.00108578	921	0.999052	FALSE	ORF1ab:cds-YP_009724389.1	ATA	I	ATC	I	1411
NC_045512.2	4498	A	C	920	35	37	1	1	29	0.00108578	921	0.999052	FALSE	ORF1ab:cds-YP_009725295.1	ATA	I	ATC	I	1411
NC_045512.2	4500	A	G	912	36	37	1	0	37	0.00109529	913	0.500274	FALSE	ORF1ab:cds-YP_009724389.1	CAA	Q	CGA	R	1412
NC_045512.2	4500	A	G	912	36	37	1	0	37	0.00109529	913	0.500274	FALSE	ORF1ab:cds-YP_009725295.1	CAA	Q	CGA	R	1412
NC_045512.2	4503	A	G	912	38	37	1	0	25	0.00109529	913	0.999053	FALSE	ORF1ab:cds-YP_009724389.1	GAG	E	GGG	G	1413
NC_045512.2	4503	A	G	912	38	37	1	0	25	0.00109529	913	0.999053	FALSE	ORF1ab:cds-YP_009725295.1	GAG	E	GGG	G	1413
NC_045512.2	4507	T	A	956	45	38	1	0	25	0.00104493	957	0.999051	FALSE	ORF1ab:cds-YP_009724389.1	GGT	G	GGA	G	1414
NC_045512.2	4507	T	A	956	45	38	1	0	25	0.00104493	957	0.999051	FALSE	ORF1ab:cds-YP_009725295.1	GGT	G	GGA	G	1414
NC_045512.2	4508	G	A	968	43	38	2	0	31	0.00206186	970	0.250129	FALSE	ORF1ab:cds-YP_009724389.1	GTG	V	ATG	M	1415
NC_045512.2	4508	G	A	968	43	38	2	0	31	0.00206186	970	0.250129	FALSE	ORF1ab:cds-YP_009725295.1	GTG	V	ATG	M	1415
NC_045512.2	4516	T	G	936	51	37	1	0	25	0.00106724	937	0.999052	FALSE	ORF1ab:cds-YP_009724389.1	GAT	D	GAG	E	1417
NC_045512.2	4516	T	G	936	51	37	1	0	25	0.00106724	937	0.999052	FALSE	ORF1ab:cds-YP_009725295.1	GAT	D	GAG	E	1417
NC_045512.2	4518	A	G	964	57	38	1	0	37	0.00103627	965	0.500259	FALSE	ORF1ab:cds-YP_009724389.1	TAT	Y	TGT	C	1418
NC_045512.2	4518	A	G	964	57	38	1	0	37	0.00103627	965	0.500259	FALSE	ORF1ab:cds-YP_009725295.1	TAT	Y	TGT	C	1418
NC_045512.2	4526	A	C	908	72	38	1	0	37	0.00110011	909	0.500275	FALSE	ORF1ab:cds-YP_009724389.1	AGA	R	CGA	R	1421
NC_045512.2	4526	A	C	908	72	38	1	0	37	0.00110011	909	0.500275	FALSE	ORF1ab:cds-YP_009725295.1	AGA	R	CGA	R	1421
NC_045512.2	4528	A	G	927	109	39	1	0	37	0.00107759	928	0.50027	FALSE	ORF1ab:cds-YP_009724389.1	AGA	R	AGG	R	1421
NC_045512.2	4528	A	G	927	109	39	1	0	37	0.00107759	928	0.50027	FALSE	ORF1ab:cds-YP_009725295.1	AGA	R	AGG	R	1421
NC_045512.2	4535	T	A	921	125	39	1	0	37	0.0010846	922	0.500271	FALSE	ORF1ab:cds-YP_009724389.1	TTT	F	ATT	I	1424
NC_045512.2	4535	T	A	921	125	39	1	0	37	0.0010846	922	0.500271	FALSE	ORF1ab:cds-YP_009725295.1	TTT	F	ATT	I	1424
NC_045512.2	4542	C	A	917	140	39	1	0	25	0.00108932	918	0.999052	FALSE	ORF1ab:cds-YP_009724389.1	ACC	T	AAC	N	1426
NC_045512.2	4542	C	A	917	140	39	1	0	25	0.00108932	918	0.999052	FALSE	ORF1ab:cds-YP_009725295.1	ACC	T	AAC	N	1426
NC_045512.2	4546	T	G	911	142	39	1	0	37	0.00109649	912	0.500274	FALSE	ORF1ab:cds-YP_009724389.1	AGT	S	AGG	R	1427
NC_045512.2	4546	T	G	911	142	39	1	0	37	0.00109649	912	0.500274	FALSE	ORF1ab:cds-YP_009725295.1	AGT	S	AGG	R	1427
NC_045512.2	4555	T	C	956	144	39	1	0	37	0.00104493	957	0.500261	FALSE	ORF1ab:cds-YP_009724389.1	ACT	T	ACC	T	1430
NC_045512.2	4555	T	C	956	144	39	1	0	37	0.00104493	957	0.500261	FALSE	ORF1ab:cds-YP_009725295.1	ACT	T	ACC	T	1430
NC_045512.2	4556	G	T	939	143	39	1	0	25	0.00106383	940	0.999052	FALSE	ORF1ab:cds-YP_009724389.1	GTA	V	TTA	L	1431
NC_045512.2	4556	G	T	939	143	39	1	0	25	0.00106383	940	0.999052	FALSE	ORF1ab:cds-YP_009725295.1	GTA	V	TTA	L	1431
NC_045512.2	4561	G	T	926	158	39	1	0	25	0.00107643	929	0.999042	FALSE	ORF1ab:cds-YP_009724389.1	GCG	A	GCT	A	1432
NC_045512.2	4561	G	T	926	158	39	1	0	25	0.00107643	929	0.999042	FALSE	ORF1ab:cds-YP_009725295.1	GCG	A	GCT	A	1432
NC_045512.2	4561	G	A	926	158	39	2	1	37	0.00215285	929	0.249865	FALSE	ORF1ab:cds-YP_009724389.1	GCG	A	GCA	A	1432
NC_045512.2	4561	G	A	926	158	39	2	1	37	0.00215285	929	0.249865	FALSE	ORF1ab:cds-YP_009725295.1	GCG	A	GCA	A	1432
NC_045512.2	4566	T	G	869	345	41	1	1	37	0.00114943	870	0.500288	FALSE	ORF1ab:cds-YP_009724389.1	CTT	L	CGT	R	1434
NC_045512.2	4566	T	G	869	345	41	1	1	37	0.00114943	870	0.500288	FALSE	ORF1ab:cds-YP_009725295.1	CTT	L	CGT	R	1434
NC_045512.2	4574	A	G	884	360	41	1	0	62	0.00112994	885	0.500283	FALSE	ORF1ab:cds-YP_009724389.1	ACA	T	GCA	A	1437
NC_045512.2	4574	A	G	884	360	41	1	0	62	0.00112994	885	0.500283	FALSE	ORF1ab:cds-YP_009725295.1	ACA	T	GCA	A	1437
NC_045512.2	4583	G	C	800	367	39	1	1	25	0.00124844	801	0.998101	FALSE	ORF1ab:cds-YP_009724389.1	GAT	D	CAT	H	1440
NC_045512.2	4583	G	C	800	367	39	1	1	25	0.00124844	801	0.998101	FALSE	ORF1ab:cds-YP_009725295.1	GAT	D	CAT	H	1440
NC_045512.2	4586	C	T	796	366	39	1	1	37	0.00125471	797	0.500314	FALSE	ORF1ab:cds-YP_009724389.1	CTA	L	TTA	L	1441
NC_045512.2	4586	C	T	796	366	39	1	1	37	0.00125471	797	0.500314	FALSE	ORF1ab:cds-YP_009725295.1	CTA	L	TTA	L	1441
NC_045512.2	4590	A	C	717	361	38	2	2	27	0.00278164	719	0.980859	FALSE	ORF1ab:cds-YP_009724389.1	AAT	N	ACT	T	1442
NC_045512.2	4590	A	C	717	361	38	2	2	27	0.00278164	719	0.980859	FALSE	ORF1ab:cds-YP_009725295.1	AAT	N	ACT	T	1442
NC_045512.2	4594	A	C	710	354	38	1	1	25	0.00140647	711	0.996192	FALSE	ORF1ab:cds-YP_009724389.1	GAA	E	GAC	D	1443
NC_045512.2	4594	A	C	710	354	38	1	1	25	0.00140647	711	0.996192	FALSE	ORF1ab:cds-YP_009725295.1	GAA	E	GAC	D	1443
NC_045512.2	4597	T	C	708	393	37	1	1	37	0.00141044	709	0.500353	FALSE	ORF1ab:cds-YP_009724389.1	ACT	T	ACC	T	1444
NC_045512.2	4597	T	C	708	393	37	1	1	37	0.00141044	709	0.500353	FALSE	ORF1ab:cds-YP_009725295.1	ACT	T	ACC	T	1444
NC_045512.2	4600	T	C	699	403	37	1	0	22	0.00142857	700	0.996172	FALSE	ORF1ab:cds-YP_009724389.1	CTT	L	CTC	L	1445
NC_045512.2	4600	T	C	699	403	37	1	0	22	0.00142857	700	0.996172	FALSE	ORF1ab:cds-YP_009725295.1	CTT	L	CTC	L	1445
NC_045512.2	4609	G	T	683	415	37	1	1	37	0.00145985	685	0.5	FALSE	ORF1ab:cds-YP_009724389.1	ATG	M	ATT	I	1448
NC_045512.2	4609	G	T	683	415	37	1	1	37	0.00145985	685	0.5	FALSE	ORF1ab:cds-YP_009725295.1	ATG	M	ATT	I	1448
NC_045512.2	4609	G	A	683	415	37	1	1	37	0.00145985	685	0.5	FALSE	ORF1ab:cds-YP_009724389.1	ATG	M	ATA	I	1448
NC_045512.2	4609	G	A	683	415	37	1	1	37	0.00145985	685	0.5	FALSE	ORF1ab:cds-YP_009725295.1	ATG	M	ATA	I	1448
NC_045512.2	4612	A	G	697	433	37	1	1	37	0.00143266	698	0.500358	FALSE	ORF1ab:cds-YP_009724389.1	CCA	P	CCG	P	1449
NC_045512.2	4612	A	G	697	433	37	1	1	37	0.00143266	698	0.500358	FALSE	ORF1ab:cds-YP_009725295.1	CCA	P	CCG	P	1449
NC_045512.2	4627	A	T	760	506	38	1	1	25	0.00131406	761	0.996186	FALSE	ORF1ab:cds-YP_009724389.1	ACA	T	ACT	T	1454
NC_045512.2	4627	A	T	760	506	38	1	1	25	0.00131406	761	0.996186	FALSE	ORF1ab:cds-YP_009725295.1	ACA	T	ACT	T	1454
NC_045512.2	4634	T	G	961	746	41	1	1	25	0.0010395	962	0.999051	FALSE	ORF1ab:cds-YP_009724389.1	TTA	L	GTA	V	1457
NC_045512.2	4634	T	G	961	746	41	1	1	25	0.0010395	962	0.999051	FALSE	ORF1ab:cds-YP_009725295.1	TTA	L	GTA	V	1457
NC_045512.2	4637	A	C	957	750	40	1	0	25	0.00104384	958	0.999051	FALSE	ORF1ab:cds-YP_009724389.1	AAT	N	CAT	H	1458
NC_045512.2	4637	A	C	957	750	40	1	0	25	0.00104384	958	0.999051	FALSE	ORF1ab:cds-YP_009725295.1	AAT	N	CAT	H	1458
NC_045512.2	4639	T	G	943	743	40	1	0	37	0.00105932	944	0.500265	FALSE	ORF1ab:cds-YP_009724389.1	AAT	N	AAG	K	1458
NC_045512.2	4639	T	G	943	743	40	1	0	37	0.00105932	944	0.500265	FALSE	ORF1ab:cds-YP_009725295.1	AAT	N	AAG	K	1458
NC_045512.2	4640	T	C	962	762	40	1	1	22	0.00103842	963	0.999051	FALSE	ORF1ab:cds-YP_009724389.1	TTG	L	CTG	L	1459
NC_045512.2	4640	T	C	962	762	40	1	1	22	0.00103842	963	0.999051	FALSE	ORF1ab:cds-YP_009725295.1	TTG	L	CTG	L	1459
NC_045512.2	4647	A	G	953	766	40	1	0	50	0.00104712	955	0.5	FALSE	ORF1ab:cds-YP_009724389.1	GAA	E	GGA	G	1461
NC_045512.2	4647	A	G	953	766	40	1	0	50	0.00104712	955	0.5	FALSE	ORF1ab:cds-YP_009725295.1	GAA	E	GGA	G	1461
NC_045512.2	4647	A	C	953	766	40	1	1	25	0.00104712	955	0.999046	FALSE	ORF1ab:cds-YP_009724389.1	GAA	E	GCA	A	1461
NC_045512.2	4647	A	C	953	766	40	1	1	25	0.00104712	955	0.999046	FALSE	ORF1ab:cds-YP_009725295.1	GAA	E	GCA	A	1461
NC_045512.2	4648	A	T	957	772	40	1	1	37	0.00104167	960	0.499739	FALSE	ORF1ab:cds-YP_009724389.1	GAA	E	GAT	D	1461
NC_045512.2	4648	A	T	957	772	40	1	1	37	0.00104167	960	0.499739	FALSE	ORF1ab:cds-YP_009725295.1	GAA	E	GAT	D	1461
NC_045512.2	4648	A	G	957	772	40	2	1	31	0.00208333	960	0.24987	FALSE	ORF1ab:cds-YP_009724389.1	GAA	E	GAG	E	1461
NC_045512.2	4648	A	G	957	772	40	2	1	31	0.00208333	960	0.24987	FALSE	ORF1ab:cds-YP_009725295.1	GAA	E	GAG	E	1461
NC_045512.2	4649	G	A	970	784	41	1	1	25	0.00102987	971	0.999051	FALSE	ORF1ab:cds-YP_009724389.1	GCT	A	ACT	T	1462
NC_045512.2	4649	G	A	970	784	41	1	1	25	0.00102987	971	0.999051	FALSE	ORF1ab:cds-YP_009725295.1	GCT	A	ACT	T	1462
NC_045512.2	4651	T	G	962	779	40	1	1	25	0.00103842	963	0.999051	FALSE	ORF1ab:cds-YP_009724389.1	GCT	A	GCG	A	1462
NC_045512.2	4651	T	G	962	779	40	1	1	25	0.00103842	963	0.999051	FALSE	ORF1ab:cds-YP_009725295.1	GCT	A	GCG	A	1462
NC_045512.2	4652	G	A	955	789	40	3	3	37	0.00313152	958	0.125	FALSE	ORF1ab:cds-YP_009724389.1	GCT	A	ACT	T	1463
NC_045512.2	4652	G	A	955	789	40	3	3	37	0.00313152	958	0.125	FALSE	ORF1ab:cds-YP_009725295.1	GCT	A	ACT	T	1463
NC_045512.2	4653	C	T	960	795	40	1	1	37	0.00104058	961	0.50026	FALSE	ORF1ab:cds-YP_009724389.1	GCT	A	GTT	V	1463
NC_045512.2	4653	C	T	960	795	40	1	1	37	0.00104058	961	0.50026	FALSE	ORF1ab:cds-YP_009725295.1	GCT	A	GTT	V	1463
NC_045512.2	4664	A	C	922	762	39	1	1	37	0.00108342	923	0.500271	FALSE	ORF1ab:cds-YP_009724389.1	AGA	R	CGA	R	1467
NC_045512.2	4664	A	C	922	762	39	1	1	37	0.00108342	923	0.500271	FALSE	ORF1ab:cds-YP_009725295.1	AGA	R	CGA	R	1467
NC_045512.2	4666	A	C	762	619	39	1	0	37	0.00131062	763	0.500328	FALSE	ORF1ab:cds-YP_009724389.1	AGA	R	AGC	S	1467
NC_045512.2	4666	A	C	762	619	39	1	0	37	0.00131062	763	0.500328	FALSE	ORF1ab:cds-YP_009725295.1	AGA	R	AGC	S	1467
NC_045512.2	4671	T	A	757	626	39	1	1	25	0.00131926	758	0.996186	FALSE	ORF1ab:cds-YP_009724389.1	CTC	L	CAC	H	1469
NC_045512.2	4671	T	A	757	626	39	1	1	25	0.00131926	758	0.996186	FALSE	ORF1ab:cds-YP_009725295.1	CTC	L	CAC	H	1469
NC_045512.2	4675	A	G	757	628	39	1	1	37	0.00131926	758	0.50033	FALSE	ORF1ab:cds-YP_009724389.1	AAA	K	AAG	K	1470
NC_045512.2	4675	A	G	757	628	39	1	1	37	0.00131926	758	0.50033	FALSE	ORF1ab:cds-YP_009725295.1	AAA	K	AAG	K	1470
NC_045512.2	4678	G	A	766	654	38	1	1	37	0.00130378	767	0.500326	FALSE	ORF1ab:cds-YP_009724389.1	GTG	V	GTA	V	1471
NC_045512.2	4678	G	A	766	654	38	1	1	37	0.00130378	767	0.500326	FALSE	ORF1ab:cds-YP_009725295.1	GTG	V	GTA	V	1471
NC_045512.2	4679	C	T	760	649	39	1	0	25	0.00131406	761	0.996186	FALSE	ORF1ab:cds-YP_009724389.1	CCA	P	TCA	S	1472
NC_045512.2	4679	C	T	760	649	39	1	0	25	0.00131406	761	0.996186	FALSE	ORF1ab:cds-YP_009725295.1	CCA	P	TCA	S	1472
NC_045512.2	4681	A	G	773	659	39	1	0	37	0.00129199	774	0.500323	FALSE	ORF1ab:cds-YP_009724389.1	CCA	P	CCG	P	1472
NC_045512.2	4681	A	G	773	659	39	1	0	37	0.00129199	774	0.500323	FALSE	ORF1ab:cds-YP_009725295.1	CCA	P	CCG	P	1472
NC_045512.2	4684	T	C	806	698	39	1	1	37	0.00123916	807	0.50031	FALSE	ORF1ab:cds-YP_009724389.1	GCT	A	GCC	A	1473
NC_045512.2	4684	T	C	806	698	39	1	1	37	0.00123916	807	0.50031	FALSE	ORF1ab:cds-YP_009725295.1	GCT	A	GCC	A	1473
NC_045512.2	4687	A	G	800	703	39	1	0	37	0.00124844	801	0.500312	FALSE	ORF1ab:cds-YP_009724389.1	ACA	T	ACG	T	1474
NC_045512.2	4687	A	G	800	703	39	1	0	37	0.00124844	801	0.500312	FALSE	ORF1ab:cds-YP_009725295.1	ACA	T	ACG	T	1474
NC_045512.2	4694	G	A	819	732	39	1	0	74	0.00121951	820	0.500305	FALSE	ORF1ab:cds-YP_009724389.1	GTT	V	ATT	I	1477
NC_045512.2	4694	G	A	819	732	39	1	0	74	0.00121951	820	0.500305	FALSE	ORF1ab:cds-YP_009725295.1	GTT	V	ATT	I	1477
NC_045512.2	4699	T	C	803	720	39	1	0	22	0.00124378	804	0.998101	FALSE	ORF1ab:cds-YP_009724389.1	TCT	S	TCC	S	1478
NC_045512.2	4699	T	C	803	720	39	1	0	22	0.00124378	804	0.998101	FALSE	ORF1ab:cds-YP_009725295.1	TCT	S	TCC	S	1478
NC_045512.2	4700	T	C	806	720	39	1	1	37	0.00123916	807	0.50031	FALSE	ORF1ab:cds-YP_009724389.1	TCA	S	CCA	P	1479
NC_045512.2	4700	T	C	806	720	39	1	1	37	0.00123916	807	0.50031	FALSE	ORF1ab:cds-YP_009725295.1	TCA	S	CCA	P	1479
NC_045512.2	4705	T	G	788	704	39	1	1	37	0.00126743	789	0.500317	FALSE	ORF1ab:cds-YP_009724389.1	CCT	P	CCG	P	1480
NC_045512.2	4705	T	G	788	704	39	1	1	37	0.00126743	789	0.500317	FALSE	ORF1ab:cds-YP_009725295.1	CCT	P	CCG	P	1480
NC_045512.2	4706	G	T	802	720	39	1	1	37	0.00124533	803	0.500312	FALSE	ORF1ab:cds-YP_009724389.1	GAT	D	TAT	Y	1481
NC_045512.2	4706	G	T	802	720	39	1	1	37	0.00124533	803	0.500312	FALSE	ORF1ab:cds-YP_009725295.1	GAT	D	TAT	Y	1481
NC_045512.2	4710	C	T	797	719	39	3	3	37	0.00375	800	0.125	FALSE	ORF1ab:cds-YP_009724389.1	GCT	A	GTT	V	1482
NC_045512.2	4710	C	T	797	719	39	3	3	37	0.00375	800	0.125	FALSE	ORF1ab:cds-YP_009725295.1	GCT	A	GTT	V	1482
NC_045512.2	4711	T	C	777	704	39	1	1	37	0.00128535	778	0.500322	FALSE	ORF1ab:cds-YP_009724389.1	GCT	A	GCC	A	1482
NC_045512.2	4711	T	C	777	704	39	1	1	37	0.00128535	778	0.500322	FALSE	ORF1ab:cds-YP_009725295.1	GCT	A	GCC	A	1482
NC_045512.2	4715	A	G	773	702	39	2	2	37	0.00258065	775	0.250161	FALSE	ORF1ab:cds-YP_009724389.1	ACA	T	GCA	A	1484
NC_045512.2	4715	A	G	773	702	39	2	2	37	0.00258065	775	0.250161	FALSE	ORF1ab:cds-YP_009725295.1	ACA	T	GCA	A	1484
NC_045512.2	4719	C	T	696	627	39	1	1	74	0.00143472	697	0.500359	FALSE	ORF1ab:cds-YP_009724389.1	GCG	A	GTG	V	1485
NC_045512.2	4719	C	T	696	627	39	1	1	74	0.00143472	697	0.500359	FALSE	ORF1ab:cds-YP_009725295.1	GCG	A	GTG	V	1485
NC_045512.2	4725	A	G	649	605	36	2	2	37	0.0030722	651	0.250192	FALSE	ORF1ab:cds-YP_009724389.1	AAT	N	AGT	S	1487
NC_045512.2	4725	A	G	649	605	36	2	2	37	0.0030722	651	0.250192	FALSE	ORF1ab:cds-YP_009725295.1	AAT	N	AGT	S	1487
NC_045512.2	4727	G	T	619	579	37	1	1	37	0.0016129	620	0.500404	FALSE	ORF1ab:cds-YP_009724389.1	GGT	G	TGT	C	1488
NC_045512.2	4727	G	T	619	579	37	1	1	37	0.0016129	620	0.500404	FALSE	ORF1ab:cds-YP_009725295.1	GGT	G	TGT	C	1488
NC_045512.2	4728	G	A	529	490	37	1	1	37	0.00188679	530	0.500472	FALSE	ORF1ab:cds-YP_009724389.1	GGT	G	GAT	D	1488
NC_045512.2	4728	G	A	529	490	37	1	1	37	0.00188679	530	0.500472	FALSE	ORF1ab:cds-YP_009725295.1	GGT	G	GAT	D	1488
NC_045512.2	4740	C	T	281	249	38	1	1	37	0.0035461	282	0.500888	FALSE	ORF1ab:cds-YP_009724389.1	TCT	S	TTT	F	1492
NC_045512.2	4740	C	T	281	249	38	1	1	37	0.0035461	282	0.500888	FALSE	ORF1ab:cds-YP_009725295.1	TCT	S	TTT	F	1492
NC_045512.2	4751	A	C	246	219	37	1	1	25	0.00404858	247	0.87652	FALSE	ORF1ab:cds-YP_009724389.1	ACA	T	CCA	P	1496
NC_045512.2	4751	A	C	246	219	37	1	1	25	0.00404858	247	0.87652	FALSE	ORF1ab:cds-YP_009725295.1	ACA	T	CCA	P	1496
NC_045512.2	4765	T	C	2944	313	36	3	0	33	0.00101798	2947	0.500159	FALSE	ORF1ab:cds-YP_009724389.1	CAT	H	CAC	H	1500
NC_045512.2	4765	T	C	2944	313	36	3	0	33	0.00101798	2947	0.500159	FALSE	ORF1ab:cds-YP_009725295.1	CAT	H	CAC	H	1500
NC_045512.2	4768	T	G	3000	340	36	1	1	37	0.000333222	3001	0.937604	FALSE	ORF1ab:cds-YP_009724389.1	TTT	F	TTG	L	1501
NC_045512.2	4768	T	G	3000	340	36	1	1	37	0.000333222	3001	0.937604	FALSE	ORF1ab:cds-YP_009725295.1	TTT	F	TTG	L	1501
NC_045512.2	4769	A	G	3247	337	36	2	0	31	0.000615385	3250	0.812596	FALSE	ORF1ab:cds-YP_009724389.1	ATT	I	GTT	V	1502
NC_045512.2	4769	A	G	3247	337	36	2	0	31	0.000615385	3250	0.812596	FALSE	ORF1ab:cds-YP_009725295.1	ATT	I	GTT	V	1502
NC_045512.2	4769	A	C	3247	337	36	1	1	37	0.000307692	3250	0.937519	FALSE	ORF1ab:cds-YP_009724389.1	ATT	I	CTT	L	1502
NC_045512.2	4769	A	C	3247	337	36	1	1	37	0.000307692	3250	0.937519	FALSE	ORF1ab:cds-YP_009725295.1	ATT	I	CTT	L	1502
NC_045512.2	4775	A	G	3357	298	36	6	5	35	0.00178412	3363	0.253906	FALSE	ORF1ab:cds-YP_009724389.1	ACC	T	GCC	A	1504
NC_045512.2	4775	A	G	3357	298	36	6	5	35	0.00178412	3363	0.253906	FALSE	ORF1ab:cds-YP_009725295.1	ACC	T	GCC	A	1504
NC_045512.2	4776	C	T	3850	357	37	4	0	34	0.00103226	3875	0.497168	FALSE	ORF1ab:cds-YP_009724389.1	ACC	T	ATC	I	1504
NC_045512.2	4776	C	T	3850	357	37	4	0	34	0.00103226	3875	0.497168	FALSE	ORF1ab:cds-YP_009725295.1	ACC	T	ATC	I	1504
NC_045512.2	4776	C	G	3850	357	37	21	2	37	0.00541935	3875	0.000134859	TRUE	ORF1ab:cds-YP_009724389.1	ACC	T	AGC	S	1504
NC_045512.2	4776	C	G	3850	357	37	21	2	37	0.00541935	3875	0.000134859	TRUE	ORF1ab:cds-YP_009725295.1	ACC	T	AGC	S	1504
NC_045512.2	4778	A	G	4278	436	36	2	0	31	0.00046729	4280	0.890762	FALSE	ORF1ab:cds-YP_009724389.1	ATC	I	GTC	V	1505
NC_045512.2	4778	A	G	4278	436	36	2	0	31	0.00046729	4280	0.890762	FALSE	ORF1ab:cds-YP_009725295.1	ATC	I	GTC	V	1505
NC_045512.2	4779	T	C	4453	492	37	1	0	37	0.000224517	4454	0.968803	FALSE	ORF1ab:cds-YP_009724389.1	ATC	I	ACC	T	1505
NC_045512.2	4779	T	C	4453	492	37	1	0	37	0.000224517	4454	0.968803	FALSE	ORF1ab:cds-YP_009725295.1	ATC	I	ACC	T	1505
NC_045512.2	4780	C	T	4464	509	37	1	0	37	0.000223914	4466	0.968785	FALSE	ORF1ab:cds-YP_009724389.1	ATC	I	ATT	I	1505
NC_045512.2	4780	C	T	4464	509	37	1	0	37	0.000223914	4466	0.968785	FALSE	ORF1ab:cds-YP_009725295.1	ATC	I	ATT	I	1505
NC_045512.2	4780	C	A	4464	509	37	1	0	25	0.000223914	4466	1	FALSE	ORF1ab:cds-YP_009724389.1	ATC	I	ATA	I	1505
NC_045512.2	4780	C	A	4464	509	37	1	0	25	0.000223914	4466	1	FALSE	ORF1ab:cds-YP_009725295.1	ATC	I	ATA	I	1505
NC_045512.2	4781	T	C	4453	508	37	2	0	37	0.000448732	4457	0.890651	FALSE	ORF1ab:cds-YP_009724389.1	TCA	S	CCA	P	1506
NC_045512.2	4781	T	C	4453	508	37	2	0	37	0.000448732	4457	0.890651	FALSE	ORF1ab:cds-YP_009725295.1	TCA	S	CCA	P	1506
NC_045512.2	4781	T	A	4453	508	37	2	0	31	0.000448732	4457	0.890651	FALSE	ORF1ab:cds-YP_009724389.1	TCA	S	ACA	T	1506
NC_045512.2	4781	T	A	4453	508	37	2	0	31	0.000448732	4457	0.890651	FALSE	ORF1ab:cds-YP_009725295.1	TCA	S	ACA	T	1506
NC_045512.2	4782	C	T	4807	534	37	1	0	37	0.000207987	4808	0.968799	FALSE	ORF1ab:cds-YP_009724389.1	TCA	S	TTA	L	1506
NC_045512.2	4782	C	T	4807	534	37	1	0	37	0.000207987	4808	0.968799	FALSE	ORF1ab:cds-YP_009725295.1	TCA	S	TTA	L	1506
NC_045512.2	4785	T	G	4663	526	36	2	1	25	0.000428541	4667	1	FALSE	ORF1ab:cds-YP_009724389.1	CTT	L	CGT	R	1507
NC_045512.2	4785	T	G	4663	526	36	2	1	25	0.000428541	4667	1	FALSE	ORF1ab:cds-YP_009725295.1	CTT	L	CGT	R	1507
NC_045512.2	4785	T	C	4663	526	36	2	1	37	0.000428541	4667	0.89065	FALSE	ORF1ab:cds-YP_009724389.1	CTT	L	CCT	P	1507
NC_045512.2	4785	T	C	4663	526	36	2	1	37	0.000428541	4667	0.89065	FALSE	ORF1ab:cds-YP_009725295.1	CTT	L	CCT	P	1507
NC_045512.2	4787	G	A	5237	701	37	1	0	37	0.000190913	5238	0.984406	FALSE	ORF1ab:cds-YP_009724389.1	GCT	A	ACT	T	1508
NC_045512.2	4787	G	A	5237	701	37	1	0	37	0.000190913	5238	0.984406	FALSE	ORF1ab:cds-YP_009725295.1	GCT	A	ACT	T	1508
NC_045512.2	4788	C	T	5155	711	37	5	1	44	0.000968804	5161	0.0312197	FALSE	ORF1ab:cds-YP_009724389.1	GCT	A	GTT	V	1508
NC_045512.2	4788	C	T	5155	711	37	5	1	44	0.000968804	5161	0.0312197	FALSE	ORF1ab:cds-YP_009725295.1	GCT	A	GTT	V	1508
NC_045512.2	4788	C	G	5155	711	37	1	1	37	0.000193761	5161	0.984361	FALSE	ORF1ab:cds-YP_009724389.1	GCT	A	GGT	G	1508
NC_045512.2	4788	C	G	5155	711	37	1	1	37	0.000193761	5161	0.984361	FALSE	ORF1ab:cds-YP_009725295.1	GCT	A	GGT	G	1508
NC_045512.2	4791	G	T	5300	705	37	1	0	37	0.000188608	5302	0.984397	FALSE	ORF1ab:cds-YP_009724389.1	GGT	G	GTT	V	1509
NC_045512.2	4791	G	T	5300	705	37	1	0	37	0.000188608	5302	0.984397	FALSE	ORF1ab:cds-YP_009725295.1	GGT	G	GTT	V	1509
NC_045512.2	4791	G	C	5300	705	37	1	0	25	0.000188608	5302	1	FALSE	ORF1ab:cds-YP_009724389.1	GGT	G	GCT	A	1509
NC_045512.2	4791	G	C	5300	705	37	1	0	25	0.000188608	5302	1	FALSE	ORF1ab:cds-YP_009725295.1	GGT	G	GCT	A	1509
NC_045512.2	4792	T	G	5221	705	37	2	1	27	0.000382922	5223	1	FALSE	ORF1ab:cds-YP_009724389.1	GGT	G	GGG	G	1509
NC_045512.2	4792	T	G	5221	705	37	2	1	27	0.000382922	5223	1	FALSE	ORF1ab:cds-YP_009725295.1	GGT	G	GGG	G	1509
NC_045512.2	4793	T	A	5399	828	38	1	0	74	0.000185185	5400	0.500046	FALSE	ORF1ab:cds-YP_009724389.1	TCC	S	ACC	T	1510
NC_045512.2	4793	T	A	5399	828	38	1	0	74	0.000185185	5400	0.500046	FALSE	ORF1ab:cds-YP_009725295.1	TCC	S	ACC	T	1510
NC_045512.2	4795	C	T	5812	831	38	1	0	37	0.000172028	5813	0.984403	FALSE	ORF1ab:cds-YP_009724389.1	TCC	S	TCT	S	1510
NC_045512.2	4795	C	T	5812	831	38	1	0	37	0.000172028	5813	0.984403	FALSE	ORF1ab:cds-YP_009725295.1	TCC	S	TCT	S	1510
NC_045512.2	4796	T	C	5751	840	37	2	0	37	0.000347645	5753	0.937586	FALSE	ORF1ab:cds-YP_009724389.1	TAT	Y	CAT	H	1511
NC_045512.2	4796	T	C	5751	840	37	2	0	37	0.000347645	5753	0.937586	FALSE	ORF1ab:cds-YP_009725295.1	TAT	Y	CAT	H	1511
NC_045512.2	4797	A	G	5932	858	38	1	0	37	0.000168549	5933	0.984403	FALSE	ORF1ab:cds-YP_009724389.1	TAT	Y	TGT	C	1511
NC_045512.2	4797	A	G	5932	858	38	1	0	37	0.000168549	5933	0.984403	FALSE	ORF1ab:cds-YP_009725295.1	TAT	Y	TGT	C	1511
NC_045512.2	4798	T	C	5922	870	38	1	0	37	0.000168833	5923	0.984403	FALSE	ORF1ab:cds-YP_009724389.1	TAT	Y	TAC	Y	1511
NC_045512.2	4798	T	C	5922	870	38	1	0	37	0.000168833	5923	0.984403	FALSE	ORF1ab:cds-YP_009725295.1	TAT	Y	TAC	Y	1511
NC_045512.2	4799	A	G	6033	869	38	2	0	37	0.0003314	6035	0.964907	FALSE	ORF1ab:cds-YP_009724389.1	AAA	K	GAA	E	1512
NC_045512.2	4799	A	G	6033	869	38	2	0	37	0.0003314	6035	0.964907	FALSE	ORF1ab:cds-YP_009725295.1	AAA	K	GAA	E	1512
NC_045512.2	4800	A	T	6049	866	38	1	1	25	0.000165289	6050	1	FALSE	ORF1ab:cds-YP_009724389.1	AAA	K	ATA	I	1512
NC_045512.2	4800	A	T	6049	866	38	1	1	25	0.000165289	6050	1	FALSE	ORF1ab:cds-YP_009725295.1	AAA	K	ATA	I	1512
NC_045512.2	4801	A	G	6103	922	38	1	0	37	0.000163827	6104	0.992205	FALSE	ORF1ab:cds-YP_009724389.1	AAA	K	AAG	K	1512
NC_045512.2	4801	A	G	6103	922	38	1	0	37	0.000163827	6104	0.992205	FALSE	ORF1ab:cds-YP_009725295.1	AAA	K	AAG	K	1512
NC_045512.2	4802	G	T	6488	926	37	1	0	25	0.000154107	6489	1	FALSE	ORF1ab:cds-YP_009724389.1	GAT	D	TAT	Y	1513
NC_045512.2	4802	G	T	6488	926	37	1	0	25	0.000154107	6489	1	FALSE	ORF1ab:cds-YP_009725295.1	GAT	D	TAT	Y	1513
NC_045512.2	4803	A	G	6489	933	37	1	0	36	0.000154083	6490	0.992204	FALSE	ORF1ab:cds-YP_009724389.1	GAT	D	GGT	G	1513
NC_045512.2	4803	A	G	6489	933	37	1	0	36	0.000154083	6490	0.992204	FALSE	ORF1ab:cds-YP_009725295.1	GAT	D	GGT	G	1513
NC_045512.2	4804	T	G	6510	930	37	1	0	25	0.000153586	6511	1	FALSE	ORF1ab:cds-YP_009724389.1	GAT	D	GAG	E	1513
NC_045512.2	4804	T	G	6510	930	37	1	0	25	0.000153586	6511	1	FALSE	ORF1ab:cds-YP_009725295.1	GAT	D	GAG	E	1513
NC_045512.2	4805	T	C	6675	961	38	1	0	37	0.000149745	6678	0.992196	FALSE	ORF1ab:cds-YP_009724389.1	TGG	W	CGG	R	1514
NC_045512.2	4805	T	C	6675	961	38	1	0	37	0.000149745	6678	0.992196	FALSE	ORF1ab:cds-YP_009725295.1	TGG	W	CGG	R	1514
NC_045512.2	4805	T	A	6675	961	38	2	1	31	0.000299491	6678	0.964885	FALSE	ORF1ab:cds-YP_009724389.1	TGG	W	AGG	R	1514
NC_045512.2	4805	T	A	6675	961	38	2	1	31	0.000299491	6678	0.964885	FALSE	ORF1ab:cds-YP_009725295.1	TGG	W	AGG	R	1514
NC_045512.2	4808	T	C	8460	1016	37	4	1	43	0.00047259	8464	0.0624926	FALSE	ORF1ab:cds-YP_009724389.1	TCC	S	CCC	P	1515
NC_045512.2	4808	T	C	8460	1016	37	4	1	43	0.00047259	8464	0.0624926	FALSE	ORF1ab:cds-YP_009725295.1	TCC	S	CCC	P	1515
NC_045512.2	4810	C	A	8113	1011	36	4	0	37	0.000492793	8117	0.927106	FALSE	ORF1ab:cds-YP_009724389.1	TCC	S	TCA	S	1515
NC_045512.2	4810	C	A	8113	1011	36	4	0	37	0.000492793	8117	0.927106	FALSE	ORF1ab:cds-YP_009725295.1	TCC	S	TCA	S	1515
NC_045512.2	4811	T	G	8364	1033	37	5	2	29	0.000597372	8370	1	FALSE	ORF1ab:cds-YP_009724389.1	TAT	Y	GAT	D	1516
NC_045512.2	4811	T	G	8364	1033	37	5	2	29	0.000597372	8370	1	FALSE	ORF1ab:cds-YP_009725295.1	TAT	Y	GAT	D	1516
NC_045512.2	4811	T	C	8364	1033	37	1	0	37	0.000119474	8370	0.998047	FALSE	ORF1ab:cds-YP_009724389.1	TAT	Y	CAT	H	1516
NC_045512.2	4811	T	C	8364	1033	37	1	0	37	0.000119474	8370	0.998047	FALSE	ORF1ab:cds-YP_009725295.1	TAT	Y	CAT	H	1516
NC_045512.2	4812	A	G	9736	1030	37	3	0	33	0.000307755	9748	0.980676	FALSE	ORF1ab:cds-YP_009724389.1	TAT	Y	TGT	C	1516
NC_045512.2	4812	A	G	9736	1030	37	3	0	33	0.000307755	9748	0.980676	FALSE	ORF1ab:cds-YP_009725295.1	TAT	Y	TGT	C	1516
NC_045512.2	4812	A	C	9736	1030	37	9	0	28	0.000923266	9748	1	FALSE	ORF1ab:cds-YP_009724389.1	TAT	Y	TCT	S	1516
NC_045512.2	4812	A	C	9736	1030	37	9	0	28	0.000923266	9748	1	FALSE	ORF1ab:cds-YP_009725295.1	TAT	Y	TCT	S	1516
NC_045512.2	4813	T	G	9775	1057	36	9	0	31	0.000919775	9785	0.592778	FALSE	ORF1ab:cds-YP_009724389.1	TAT	Y	TAG	*	1516
NC_045512.2	4813	T	G	9775	1057	36	9	0	31	0.000919775	9785	0.592778	FALSE	ORF1ab:cds-YP_009725295.1	TAT	Y	TAG	*	1516
NC_045512.2	4813	T	C	9775	1057	36	1	1	74	0.000102197	9785	0.499796	FALSE	ORF1ab:cds-YP_009724389.1	TAT	Y	TAC	Y	1516
NC_045512.2	4813	T	C	9775	1057	36	1	1	74	0.000102197	9785	0.499796	FALSE	ORF1ab:cds-YP_009725295.1	TAT	Y	TAC	Y	1516
NC_045512.2	4814	T	G	10595	1078	37	1	0	25	9.43752e-05	10596	1	FALSE	ORF1ab:cds-YP_009724389.1	TCT	S	GCT	A	1517
NC_045512.2	4814	T	G	10595	1078	37	1	0	25	9.43752e-05	10596	1	FALSE	ORF1ab:cds-YP_009725295.1	TCT	S	GCT	A	1517
NC_045512.2	4815	C	T	10924	1101	37	1	0	37	9.15332e-05	10925	0.999513	FALSE	ORF1ab:cds-YP_009724389.1	TCT	S	TTT	F	1517
NC_045512.2	4815	C	T	10924	1101	37	1	0	37	9.15332e-05	10925	0.999513	FALSE	ORF1ab:cds-YP_009725295.1	TCT	S	TTT	F	1517
NC_045512.2	4816	T	C	10955	1102	37	2	0	37	0.000182532	10957	0.996834	FALSE	ORF1ab:cds-YP_009724389.1	TCT	S	TCC	S	1517
NC_045512.2	4816	T	C	10955	1102	37	2	0	37	0.000182532	10957	0.996834	FALSE	ORF1ab:cds-YP_009725295.1	TCT	S	TCC	S	1517
NC_045512.2	4817	G	A	11194	1087	37	1	1	37	8.93256e-05	11195	0.999757	FALSE	ORF1ab:cds-YP_009724389.1	GGA	G	AGA	R	1518
NC_045512.2	4817	G	A	11194	1087	37	1	1	37	8.93256e-05	11195	0.999757	FALSE	ORF1ab:cds-YP_009725295.1	GGA	G	AGA	R	1518
NC_045512.2	4818	G	T	11186	1093	37	2	0	25	0.000178763	11188	1	FALSE	ORF1ab:cds-YP_009724389.1	GGA	G	GTA	V	1518
NC_045512.2	4818	G	T	11186	1093	37	2	0	25	0.000178763	11188	1	FALSE	ORF1ab:cds-YP_009725295.1	GGA	G	GTA	V	1518
NC_045512.2	4819	A	G	11258	1118	38	3	1	37	0.000266406	11261	0.993547	FALSE	ORF1ab:cds-YP_009724389.1	GGA	G	GGG	G	1518
NC_045512.2	4819	A	G	11258	1118	38	3	1	37	0.000266406	11261	0.993547	FALSE	ORF1ab:cds-YP_009725295.1	GGA	G	GGG	G	1518
NC_045512.2	4820	C	T	11274	1117	37	1	0	37	8.86918e-05	11275	0.999757	FALSE	ORF1ab:cds-YP_009724389.1	CAA	Q	TAA	*	1519
NC_045512.2	4820	C	T	11274	1117	37	1	0	37	8.86918e-05	11275	0.999757	FALSE	ORF1ab:cds-YP_009725295.1	CAA	Q	TAA	*	1519
NC_045512.2	4821	A	G	11451	1420	38	1	1	37	8.7321e-05	11452	0.999757	FALSE	ORF1ab:cds-YP_009724389.1	CAA	Q	CGA	R	1519
NC_045512.2	4821	A	G	11451	1420	38	1	1	37	8.7321e-05	11452	0.999757	FALSE	ORF1ab:cds-YP_009725295.1	CAA	Q	CGA	R	1519
NC_045512.2	4822	A	G	11642	1403	38	2	0	37	0.000171748	11645	0.998295	FALSE	ORF1ab:cds-YP_009724389.1	CAA	Q	CAG	Q	1519
NC_045512.2	4822	A	G	11642	1403	38	2	0	37	0.000171748	11645	0.998295	FALSE	ORF1ab:cds-YP_009725295.1	CAA	Q	CAG	Q	1519
NC_045512.2	4822	A	C	11642	1403	38	1	0	25	8.58738e-05	11645	1	FALSE	ORF1ab:cds-YP_009724389.1	CAA	Q	CAC	H	1519
NC_045512.2	4822	A	C	11642	1403	38	1	0	25	8.58738e-05	11645	1	FALSE	ORF1ab:cds-YP_009725295.1	CAA	Q	CAC	H	1519
NC_045512.2	4823	T	C	11615	1424	38	2	0	37	0.000172161	11617	0.998296	FALSE	ORF1ab:cds-YP_009724389.1	TCT	S	CCT	P	1520
NC_045512.2	4823	T	C	11615	1424	38	2	0	37	0.000172161	11617	0.998296	FALSE	ORF1ab:cds-YP_009725295.1	TCT	S	CCT	P	1520
NC_045512.2	4824	C	T	12013	1385	38	2	0	37	0.000166445	12016	0.999087	FALSE	ORF1ab:cds-YP_009724389.1	TCT	S	TTT	F	1520
NC_045512.2	4824	C	T	12013	1385	38	2	0	37	0.000166445	12016	0.999087	FALSE	ORF1ab:cds-YP_009725295.1	TCT	S	TTT	F	1520
NC_045512.2	4824	C	A	12013	1385	38	1	1	25	8.32224e-05	12016	1	FALSE	ORF1ab:cds-YP_009724389.1	TCT	S	TAT	Y	1520
NC_045512.2	4824	C	A	12013	1385	38	1	1	25	8.32224e-05	12016	1	FALSE	ORF1ab:cds-YP_009725295.1	TCT	S	TAT	Y	1520
NC_045512.2	4825	T	C	12176	1432	38	1	0	37	8.21085e-05	12179	0.999878	FALSE	ORF1ab:cds-YP_009724389.1	TCT	S	TCC	S	1520
NC_045512.2	4825	T	C	12176	1432	38	1	0	37	8.21085e-05	12179	0.999878	FALSE	ORF1ab:cds-YP_009725295.1	TCT	S	TCC	S	1520
NC_045512.2	4825	T	A	12176	1432	38	2	0	37	0.000164217	12179	0.999087	FALSE	ORF1ab:cds-YP_009724389.1	TCT	S	TCA	S	1520
NC_045512.2	4825	T	A	12176	1432	38	2	0	37	0.000164217	12179	0.999087	FALSE	ORF1ab:cds-YP_009725295.1	TCT	S	TCA	S	1520
NC_045512.2	4826	A	C	12239	1435	38	3	0	27	0.000245058	12242	1	FALSE	ORF1ab:cds-YP_009724389.1	ACA	T	CCA	P	1521
NC_045512.2	4826	A	C	12239	1435	38	3	0	27	0.000245058	12242	1	FALSE	ORF1ab:cds-YP_009725295.1	ACA	T	CCA	P	1521
NC_045512.2	4827	C	A	12316	1458	38	1	0	25	8.11886e-05	12317	1	FALSE	ORF1ab:cds-YP_009724389.1	ACA	T	AAA	K	1521
NC_045512.2	4827	C	A	12316	1458	38	1	0	25	8.11886e-05	12317	1	FALSE	ORF1ab:cds-YP_009725295.1	ACA	T	AAA	K	1521
NC_045512.2	4828	A	G	12303	1523	38	3	3	37	0.000243784	12306	0.996318	FALSE	ORF1ab:cds-YP_009724389.1	ACA	T	ACG	T	1521
NC_045512.2	4828	A	G	12303	1523	38	3	3	37	0.000243784	12306	0.996318	FALSE	ORF1ab:cds-YP_009725295.1	ACA	T	ACG	T	1521
NC_045512.2	4829	C	T	12852	1551	38	4	1	43	0.000311139	12856	0.1875	FALSE	ORF1ab:cds-YP_009724389.1	CAA	Q	TAA	*	1522
NC_045512.2	4829	C	T	12852	1551	38	4	1	43	0.000311139	12856	0.1875	FALSE	ORF1ab:cds-YP_009725295.1	CAA	Q	TAA	*	1522
NC_045512.2	4830	A	G	12792	1515	38	4	0	34	0.000312524	12799	0.989375	FALSE	ORF1ab:cds-YP_009724389.1	CAA	Q	CGA	R	1522
NC_045512.2	4830	A	G	12792	1515	38	4	0	34	0.000312524	12799	0.989375	FALSE	ORF1ab:cds-YP_009725295.1	CAA	Q	CGA	R	1522
NC_045512.2	4830	A	C	12792	1515	38	3	0	25	0.000234393	12799	1	FALSE	ORF1ab:cds-YP_009724389.1	CAA	Q	CCA	P	1522
NC_045512.2	4830	A	C	12792	1515	38	3	0	25	0.000234393	12799	1	FALSE	ORF1ab:cds-YP_009725295.1	CAA	Q	CCA	P	1522
NC_045512.2	4831	A	G	13114	1507	38	2	0	31	0.000152486	13116	0.999513	FALSE	ORF1ab:cds-YP_009724389.1	CAA	Q	CAG	Q	1522
NC_045512.2	4831	A	G	13114	1507	38	2	0	31	0.000152486	13116	0.999513	FALSE	ORF1ab:cds-YP_009725295.1	CAA	Q	CAG	Q	1522
NC_045512.2	4832	C	T	12945	1553	37	1	0	37	7.72439e-05	12946	0.999878	FALSE	ORF1ab:cds-YP_009724389.1	CTA	L	TTA	L	1523
NC_045512.2	4832	C	T	12945	1553	37	1	0	37	7.72439e-05	12946	0.999878	FALSE	ORF1ab:cds-YP_009725295.1	CTA	L	TTA	L	1523
NC_045512.2	4833	T	G	12649	1498	37	7	3	24	0.00055301	12658	1	FALSE	ORF1ab:cds-YP_009724389.1	CTA	L	CGA	R	1523
NC_045512.2	4833	T	G	12649	1498	37	7	3	24	0.00055301	12658	1	FALSE	ORF1ab:cds-YP_009725295.1	CTA	L	CGA	R	1523
NC_045512.2	4833	T	C	12649	1498	37	1	0	37	7.90014e-05	12658	0.999878	FALSE	ORF1ab:cds-YP_009724389.1	CTA	L	CCA	P	1523
NC_045512.2	4833	T	C	12649	1498	37	1	0	37	7.90014e-05	12658	0.999878	FALSE	ORF1ab:cds-YP_009725295.1	CTA	L	CCA	P	1523
NC_045512.2	4833	T	A	12649	1498	37	1	0	37	7.90014e-05	12658	0.999878	FALSE	ORF1ab:cds-YP_009724389.1	CTA	L	CAA	Q	1523
NC_045512.2	4833	T	A	12649	1498	37	1	0	37	7.90014e-05	12658	0.999878	FALSE	ORF1ab:cds-YP_009725295.1	CTA	L	CAA	Q	1523
NC_045512.2	4834	A	G	13005	1505	37	2	1	42	0.000153669	13015	0.499798	FALSE	ORF1ab:cds-YP_009724389.1	CTA	L	CTG	L	1523
NC_045512.2	4834	A	G	13005	1505	37	2	1	42	0.000153669	13015	0.499798	FALSE	ORF1ab:cds-YP_009725295.1	CTA	L	CTG	L	1523
NC_045512.2	4834	A	C	13005	1505	37	8	4	27	0.000614675	13015	1	FALSE	ORF1ab:cds-YP_009724389.1	CTA	L	CTC	L	1523
NC_045512.2	4834	A	C	13005	1505	37	8	4	27	0.000614675	13015	1	FALSE	ORF1ab:cds-YP_009725295.1	CTA	L	CTC	L	1523
NC_045512.2	4835	G	T	13540	1487	38	1	0	25	7.38443e-05	13542	1	FALSE	ORF1ab:cds-YP_009724389.1	GGT	G	TGT	C	1524
NC_045512.2	4835	G	T	13540	1487	38	1	0	25	7.38443e-05	13542	1	FALSE	ORF1ab:cds-YP_009725295.1	GGT	G	TGT	C	1524
NC_045512.2	4835	G	C	13540	1487	38	1	0	37	7.38443e-05	13542	0.999939	FALSE	ORF1ab:cds-YP_009724389.1	GGT	G	CGT	R	1524
NC_045512.2	4835	G	C	13540	1487	38	1	0	37	7.38443e-05	13542	0.999939	FALSE	ORF1ab:cds-YP_009725295.1	GGT	G	CGT	R	1524
NC_045512.2	4836	G	T	14555	1514	38	2	1	31	0.000137382	14558	0.999741	FALSE	ORF1ab:cds-YP_009724389.1	GGT	G	GTT	V	1524
NC_045512.2	4836	G	T	14555	1514	38	2	1	31	0.000137382	14558	0.999741	FALSE	ORF1ab:cds-YP_009725295.1	GGT	G	GTT	V	1524
NC_045512.2	4836	G	A	14555	1514	38	1	0	25	6.86908e-05	14558	1	FALSE	ORF1ab:cds-YP_009724389.1	GGT	G	GAT	D	1524
NC_045512.2	4836	G	A	14555	1514	38	1	0	25	6.86908e-05	14558	1	FALSE	ORF1ab:cds-YP_009725295.1	GGT	G	GAT	D	1524
NC_045512.2	4837	T	G	14200	1592	37	5	0	25	0.000351939	14207	1	FALSE	ORF1ab:cds-YP_009724389.1	GGT	G	GGG	G	1524
NC_045512.2	4837	T	G	14200	1592	37	5	0	25	0.000351939	14207	1	FALSE	ORF1ab:cds-YP_009725295.1	GGT	G	GGG	G	1524
NC_045512.2	4837	T	C	14200	1592	37	1	0	37	7.03878e-05	14207	0.99997	FALSE	ORF1ab:cds-YP_009724389.1	GGT	G	GGC	G	1524
NC_045512.2	4837	T	C	14200	1592	37	1	0	37	7.03878e-05	14207	0.99997	FALSE	ORF1ab:cds-YP_009725295.1	GGT	G	GGC	G	1524
NC_045512.2	4837	T	A	14200	1592	37	1	0	37	7.03878e-05	14207	0.99997	FALSE	ORF1ab:cds-YP_009724389.1	GGT	G	GGA	G	1524
NC_045512.2	4837	T	A	14200	1592	37	1	0	37	7.03878e-05	14207	0.99997	FALSE	ORF1ab:cds-YP_009725295.1	GGT	G	GGA	G	1524
NC_045512.2	4838	A	C	14221	1979	38	11	0	28	0.000772906	14232	1	FALSE	ORF1ab:cds-YP_009724389.1	ATA	I	CTA	L	1525
NC_045512.2	4838	A	C	14221	1979	38	11	0	28	0.000772906	14232	1	FALSE	ORF1ab:cds-YP_009725295.1	ATA	I	CTA	L	1525
NC_045512.2	4839	T	G	14701	1960	38	1	0	25	6.80133e-05	14703	1	FALSE	ORF1ab:cds-YP_009724389.1	ATA	I	AGA	R	1525
NC_045512.2	4839	T	G	14701	1960	38	1	0	25	6.80133e-05	14703	1	FALSE	ORF1ab:cds-YP_009725295.1	ATA	I	AGA	R	1525
NC_045512.2	4839	T	C	14701	1960	38	1	1	74	6.80133e-05	14703	0.5	FALSE	ORF1ab:cds-YP_009724389.1	ATA	I	ACA	T	1525
NC_045512.2	4839	T	C	14701	1960	38	1	1	74	6.80133e-05	14703	0.5	FALSE	ORF1ab:cds-YP_009725295.1	ATA	I	ACA	T	1525
NC_045512.2	4840	A	T	14728	2007	39	1	0	74	6.78887e-05	14730	0.5	FALSE	ORF1ab:cds-YP_009724389.1	ATA	I	ATT	I	1525
NC_045512.2	4840	A	T	14728	2007	39	1	0	74	6.78887e-05	14730	0.5	FALSE	ORF1ab:cds-YP_009725295.1	ATA	I	ATT	I	1525
NC_045512.2	4840	A	G	14728	2007	39	1	1	37	6.78887e-05	14730	0.99997	FALSE	ORF1ab:cds-YP_009724389.1	ATA	I	ATG	M	1525
NC_045512.2	4840	A	G	14728	2007	39	1	1	37	6.78887e-05	14730	0.99997	FALSE	ORF1ab:cds-YP_009725295.1	ATA	I	ATG	M	1525
NC_045512.2	4841	G	T	14586	2004	38	2	0	31	0.000137071	14591	0.999741	FALSE	ORF1ab:cds-YP_009724389.1	GAA	E	TAA	*	1526
NC_045512.2	4841	G	T	14586	2004	38	2	0	31	0.000137071	14591	0.999741	FALSE	ORF1ab:cds-YP_009725295.1	GAA	E	TAA	*	1526
NC_045512.2	4841	G	A	14586	2004	38	3	1	53	0.000205606	14591	0.124974	FALSE	ORF1ab:cds-YP_009724389.1	GAA	E	AAA	K	1526
NC_045512.2	4841	G	A	14586	2004	38	3	1	53	0.000205606	14591	0.124974	FALSE	ORF1ab:cds-YP_009725295.1	GAA	E	AAA	K	1526
NC_045512.2	4842	A	G	14895	2026	39	1	0	37	6.71321e-05	14896	0.99997	FALSE	ORF1ab:cds-YP_009724389.1	GAA	E	GGA	G	1526
NC_045512.2	4842	A	G	14895	2026	39	1	0	37	6.71321e-05	14896	0.99997	FALSE	ORF1ab:cds-YP_009725295.1	GAA	E	GGA	G	1526
NC_045512.2	4843	A	T	14744	2029	38	1	0	22	6.77966e-05	14750	1	FALSE	ORF1ab:cds-YP_009724389.1	GAA	E	GAT	D	1526
NC_045512.2	4843	A	T	14744	2029	38	1	0	22	6.77966e-05	14750	1	FALSE	ORF1ab:cds-YP_009725295.1	GAA	E	GAT	D	1526
NC_045512.2	4843	A	G	14744	2029	38	2	0	31	0.000135593	14750	0.999741	FALSE	ORF1ab:cds-YP_009724389.1	GAA	E	GAG	E	1526
NC_045512.2	4843	A	G	14744	2029	38	2	0	31	0.000135593	14750	0.999741	FALSE	ORF1ab:cds-YP_009725295.1	GAA	E	GAG	E	1526
NC_045512.2	4843	A	C	14744	2029	38	3	0	25	0.00020339	14750	1	FALSE	ORF1ab:cds-YP_009724389.1	GAA	E	GAC	D	1526
NC_045512.2	4843	A	C	14744	2029	38	3	0	25	0.00020339	14750	1	FALSE	ORF1ab:cds-YP_009725295.1	GAA	E	GAC	D	1526
NC_045512.2	4844	T	G	14356	2023	38	4	0	28	0.000278513	14362	1	FALSE	ORF1ab:cds-YP_009724389.1	TTT	F	GTT	V	1527
NC_045512.2	4844	T	G	14356	2023	38	4	0	28	0.000278513	14362	1	FALSE	ORF1ab:cds-YP_009725295.1	TTT	F	GTT	V	1527
NC_045512.2	4844	T	C	14356	2023	38	1	0	25	6.96282e-05	14362	1	FALSE	ORF1ab:cds-YP_009724389.1	TTT	F	CTT	L	1527
NC_045512.2	4844	T	C	14356	2023	38	1	0	25	6.96282e-05	14362	1	FALSE	ORF1ab:cds-YP_009725295.1	TTT	F	CTT	L	1527
NC_045512.2	4844	T	A	14356	2023	38	1	0	37	6.96282e-05	14362	0.99997	FALSE	ORF1ab:cds-YP_009724389.1	TTT	F	ATT	I	1527
NC_045512.2	4844	T	A	14356	2023	38	1	0	37	6.96282e-05	14362	0.99997	FALSE	ORF1ab:cds-YP_009725295.1	TTT	F	ATT	I	1527
NC_045512.2	4845	T	G	14492	2033	38	1	0	37	6.8975e-05	14498	0.99997	FALSE	ORF1ab:cds-YP_009724389.1	TTT	F	TGT	C	1527
NC_045512.2	4845	T	G	14492	2033	38	1	0	37	6.8975e-05	14498	0.99997	FALSE	ORF1ab:cds-YP_009725295.1	TTT	F	TGT	C	1527
NC_045512.2	4845	T	C	14492	2033	38	5	0	34	0.000344875	14498	0.990414	FALSE	ORF1ab:cds-YP_009724389.1	TTT	F	TCT	S	1527
NC_045512.2	4845	T	C	14492	2033	38	5	0	34	0.000344875	14498	0.990414	FALSE	ORF1ab:cds-YP_009725295.1	TTT	F	TCT	S	1527
NC_045512.2	4846	T	G	14820	2037	39	2	0	37	0.000134907	14825	0.999741	FALSE	ORF1ab:cds-YP_009724389.1	TTT	F	TTG	L	1527
NC_045512.2	4846	T	G	14820	2037	39	2	0	37	0.000134907	14825	0.999741	FALSE	ORF1ab:cds-YP_009725295.1	TTT	F	TTG	L	1527
NC_045512.2	4846	T	A	14820	2037	39	3	1	37	0.000202361	14825	0.998828	FALSE	ORF1ab:cds-YP_009724389.1	TTT	F	TTA	L	1527
NC_045512.2	4846	T	A	14820	2037	39	3	1	37	0.000202361	14825	0.998828	FALSE	ORF1ab:cds-YP_009725295.1	TTT	F	TTA	L	1527
NC_045512.2	4847	C	T	14748	2114	39	1	0	37	6.78012e-05	14749	0.99997	FALSE	ORF1ab:cds-YP_009724389.1	CTT	L	TTT	F	1528
NC_045512.2	4847	C	T	14748	2114	39	1	0	37	6.78012e-05	14749	0.99997	FALSE	ORF1ab:cds-YP_009725295.1	CTT	L	TTT	F	1528
NC_045512.2	4848	T	C	14798	2144	39	1	0	37	6.75676e-05	14800	0.99997	FALSE	ORF1ab:cds-YP_009724389.1	CTT	L	CCT	P	1528
NC_045512.2	4848	T	C	14798	2144	39	1	0	37	6.75676e-05	14800	0.99997	FALSE	ORF1ab:cds-YP_009725295.1	CTT	L	CCT	P	1528
NC_045512.2	4848	T	A	14798	2144	39	1	0	25	6.75676e-05	14800	1	FALSE	ORF1ab:cds-YP_009724389.1	CTT	L	CAT	H	1528
NC_045512.2	4848	T	A	14798	2144	39	1	0	25	6.75676e-05	14800	1	FALSE	ORF1ab:cds-YP_009725295.1	CTT	L	CAT	H	1528
NC_045512.2	4850	A	T	14599	2179	38	1	0	37	6.84791e-05	14603	0.99997	FALSE	ORF1ab:cds-YP_009724389.1	AAG	K	TAG	*	1529
NC_045512.2	4850	A	T	14599	2179	38	1	0	37	6.84791e-05	14603	0.99997	FALSE	ORF1ab:cds-YP_009725295.1	AAG	K	TAG	*	1529
NC_045512.2	4850	A	G	14599	2179	38	2	0	31	0.000136958	14603	0.999741	FALSE	ORF1ab:cds-YP_009724389.1	AAG	K	GAG	E	1529
NC_045512.2	4850	A	G	14599	2179	38	2	0	31	0.000136958	14603	0.999741	FALSE	ORF1ab:cds-YP_009725295.1	AAG	K	GAG	E	1529
NC_045512.2	4850	A	C	14599	2179	38	1	0	37	6.84791e-05	14603	0.99997	FALSE	ORF1ab:cds-YP_009724389.1	AAG	K	CAG	Q	1529
NC_045512.2	4850	A	C	14599	2179	38	1	0	37	6.84791e-05	14603	0.99997	FALSE	ORF1ab:cds-YP_009725295.1	AAG	K	CAG	Q	1529
NC_045512.2	4851	A	T	14589	2186	39	2	0	25	0.000137033	14595	1	FALSE	ORF1ab:cds-YP_009724389.1	AAG	K	ATG	M	1529
NC_045512.2	4851	A	T	14589	2186	39	2	0	25	0.000137033	14595	1	FALSE	ORF1ab:cds-YP_009725295.1	AAG	K	ATG	M	1529
NC_045512.2	4851	A	G	14589	2186	39	3	1	33	0.00020555	14595	0.998827	FALSE	ORF1ab:cds-YP_009724389.1	AAG	K	AGG	R	1529
NC_045512.2	4851	A	G	14589	2186	39	3	1	33	0.00020555	14595	0.998827	FALSE	ORF1ab:cds-YP_009725295.1	AAG	K	AGG	R	1529
NC_045512.2	4851	A	C	14589	2186	39	1	0	25	6.85166e-05	14595	1	FALSE	ORF1ab:cds-YP_009724389.1	AAG	K	ACG	T	1529
NC_045512.2	4851	A	C	14589	2186	39	1	0	25	6.85166e-05	14595	1	FALSE	ORF1ab:cds-YP_009725295.1	AAG	K	ACG	T	1529
NC_045512.2	4852	G	T	14712	2205	39	1	0	25	6.79671e-05	14713	1	FALSE	ORF1ab:cds-YP_009724389.1	AAG	K	AAT	N	1529
NC_045512.2	4852	G	T	14712	2205	39	1	0	25	6.79671e-05	14713	1	FALSE	ORF1ab:cds-YP_009725295.1	AAG	K	AAT	N	1529
NC_045512.2	4853	A	G	14044	2305	38	2	1	31	0.000142389	14046	0.999742	FALSE	ORF1ab:cds-YP_009724389.1	AGA	R	GGA	G	1530
NC_045512.2	4853	A	G	14044	2305	38	2	1	31	0.000142389	14046	0.999742	FALSE	ORF1ab:cds-YP_009725295.1	AGA	R	GGA	G	1530
NC_045512.2	4855	A	T	14079	2328	38	1	1	37	7.09975e-05	14085	0.99997	FALSE	ORF1ab:cds-YP_009724389.1	AGA	R	AGT	S	1530
NC_045512.2	4855	A	T	14079	2328	38	1	1	37	7.09975e-05	14085	0.99997	FALSE	ORF1ab:cds-YP_009725295.1	AGA	R	AGT	S	1530
NC_045512.2	4855	A	G	14079	2328	38	4	0	37	0.00028399	14085	0.996239	FALSE	ORF1ab:cds-YP_009724389.1	AGA	R	AGG	R	1530
NC_045512.2	4855	A	G	14079	2328	38	4	0	37	0.00028399	14085	0.996239	FALSE	ORF1ab:cds-YP_009725295.1	AGA	R	AGG	R	1530
NC_045512.2	4855	A	C	14079	2328	38	1	0	37	7.09975e-05	14085	0.99997	FALSE	ORF1ab:cds-YP_009724389.1	AGA	R	AGC	S	1530
NC_045512.2	4855	A	C	14079	2328	38	1	0	37	7.09975e-05	14085	0.99997	FALSE	ORF1ab:cds-YP_009725295.1	AGA	R	AGC	S	1530
NC_045512.2	4856	G	T	14289	2328	38	4	1	37	0.000279857	14293	0.996242	FALSE	ORF1ab:cds-YP_009724389.1	GGT	G	TGT	C	1531
NC_045512.2	4856	G	T	14289	2328	38	4	1	37	0.000279857	14293	0.996242	FALSE	ORF1ab:cds-YP_009725295.1	GGT	G	TGT	C	1531
NC_045512.2	4857	G	T	14338	2340	38	1	1	37	6.97301e-05	14341	0.99997	FALSE	ORF1ab:cds-YP_009724389.1	GGT	G	GTT	V	1531
NC_045512.2	4857	G	T	14338	2340	38	1	1	37	6.97301e-05	14341	0.99997	FALSE	ORF1ab:cds-YP_009725295.1	GGT	G	GTT	V	1531
NC_045512.2	4857	G	A	14338	2340	38	2	0	31	0.00013946	14341	0.999741	FALSE	ORF1ab:cds-YP_009724389.1	GGT	G	GAT	D	1531
NC_045512.2	4857	G	A	14338	2340	38	2	0	31	0.00013946	14341	0.999741	FALSE	ORF1ab:cds-YP_009725295.1	GGT	G	GAT	D	1531
NC_045512.2	4858	T	C	14211	2372	38	1	0	37	7.03581e-05	14213	0.99997	FALSE	ORF1ab:cds-YP_009724389.1	GGT	G	GGC	G	1531
NC_045512.2	4858	T	C	14211	2372	38	1	0	37	7.03581e-05	14213	0.99997	FALSE	ORF1ab:cds-YP_009725295.1	GGT	G	GGC	G	1531
NC_045512.2	4858	T	A	14211	2372	38	1	0	25	7.03581e-05	14213	1	FALSE	ORF1ab:cds-YP_009724389.1	GGT	G	GGA	G	1531
NC_045512.2	4858	T	A	14211	2372	38	1	0	25	7.03581e-05	14213	1	FALSE	ORF1ab:cds-YP_009725295.1	GGT	G	GGA	G	1531
NC_045512.2	4859	G	T	14353	2370	38	1	1	37	6.96524e-05	14357	0.99997	FALSE	ORF1ab:cds-YP_009724389.1	GAT	D	TAT	Y	1532
NC_045512.2	4859	G	T	14353	2370	38	1	1	37	6.96524e-05	14357	0.99997	FALSE	ORF1ab:cds-YP_009725295.1	GAT	D	TAT	Y	1532
NC_045512.2	4859	G	A	14353	2370	38	3	1	33	0.000208957	14357	0.998828	FALSE	ORF1ab:cds-YP_009724389.1	GAT	D	AAT	N	1532
NC_045512.2	4859	G	A	14353	2370	38	3	1	33	0.000208957	14357	0.998828	FALSE	ORF1ab:cds-YP_009725295.1	GAT	D	AAT	N	1532
NC_045512.2	4860	A	T	14251	2406	38	1	0	37	7.01459e-05	14256	0.99997	FALSE	ORF1ab:cds-YP_009724389.1	GAT	D	GTT	V	1532
NC_045512.2	4860	A	T	14251	2406	38	1	0	37	7.01459e-05	14256	0.99997	FALSE	ORF1ab:cds-YP_009725295.1	GAT	D	GTT	V	1532
NC_045512.2	4860	A	G	14251	2406	38	4	0	34	0.000280584	14256	0.99624	FALSE	ORF1ab:cds-YP_009724389.1	GAT	D	GGT	G	1532
NC_045512.2	4860	A	G	14251	2406	38	4	0	34	0.000280584	14256	0.99624	FALSE	ORF1ab:cds-YP_009725295.1	GAT	D	GGT	G	1532
NC_045512.2	4861	T	C	14230	2395	38	2	0	37	0.000140519	14233	0.999741	FALSE	ORF1ab:cds-YP_009724389.1	GAT	D	GAC	D	1532
NC_045512.2	4861	T	C	14230	2395	38	2	0	37	0.000140519	14233	0.999741	FALSE	ORF1ab:cds-YP_009725295.1	GAT	D	GAC	D	1532
NC_045512.2	4861	T	A	14230	2395	38	1	1	62	7.02593e-05	14233	0.499982	FALSE	ORF1ab:cds-YP_009724389.1	GAT	D	GAA	E	1532
NC_045512.2	4861	T	A	14230	2395	38	1	1	62	7.02593e-05	14233	0.499982	FALSE	ORF1ab:cds-YP_009725295.1	GAT	D	GAA	E	1532
NC_045512.2	4862	A	G	14308	2407	38	3	1	37	0.000209629	14311	0.998829	FALSE	ORF1ab:cds-YP_009724389.1	AAA	K	GAA	E	1533
NC_045512.2	4862	A	G	14308	2407	38	3	1	37	0.000209629	14311	0.998829	FALSE	ORF1ab:cds-YP_009725295.1	AAA	K	GAA	E	1533
NC_045512.2	4863	A	G	14339	2488	38	1	0	37	6.9735e-05	14340	0.99997	FALSE	ORF1ab:cds-YP_009724389.1	AAA	K	AGA	R	1533
NC_045512.2	4863	A	G	14339	2488	38	1	0	37	6.9735e-05	14340	0.99997	FALSE	ORF1ab:cds-YP_009725295.1	AAA	K	AGA	R	1533
NC_045512.2	4864	A	G	14087	2408	38	4	2	34	0.000283849	14092	0.99624	FALSE	ORF1ab:cds-YP_009724389.1	AAA	K	AAG	K	1533
NC_045512.2	4864	A	G	14087	2408	38	4	2	34	0.000283849	14092	0.99624	FALSE	ORF1ab:cds-YP_009725295.1	AAA	K	AAG	K	1533
NC_045512.2	4864	A	C	14087	2408	38	1	1	25	7.09622e-05	14092	1	FALSE	ORF1ab:cds-YP_009724389.1	AAA	K	AAC	N	1533
NC_045512.2	4864	A	C	14087	2408	38	1	1	25	7.09622e-05	14092	1	FALSE	ORF1ab:cds-YP_009725295.1	AAA	K	AAC	N	1533
NC_045512.2	4865	A	G	14307	2563	38	3	1	37	0.000209629	14311	0.998828	FALSE	ORF1ab:cds-YP_009724389.1	AGT	S	GGT	G	1534
NC_045512.2	4865	A	G	14307	2563	38	3	1	37	0.000209629	14311	0.998828	FALSE	ORF1ab:cds-YP_009725295.1	AGT	S	GGT	G	1534
NC_045512.2	4865	A	C	14307	2563	38	1	0	37	6.98763e-05	14311	0.99997	FALSE	ORF1ab:cds-YP_009724389.1	AGT	S	CGT	R	1534
NC_045512.2	4865	A	C	14307	2563	38	1	0	37	6.98763e-05	14311	0.99997	FALSE	ORF1ab:cds-YP_009725295.1	AGT	S	CGT	R	1534
NC_045512.2	4867	T	C	14671	2603	38	2	0	31	0.000136286	14675	0.999741	FALSE	ORF1ab:cds-YP_009724389.1	AGT	S	AGC	S	1534
NC_045512.2	4867	T	C	14671	2603	38	2	0	31	0.000136286	14675	0.999741	FALSE	ORF1ab:cds-YP_009725295.1	AGT	S	AGC	S	1534
NC_045512.2	4867	T	A	14671	2603	38	2	0	25	0.000136286	14675	1	FALSE	ORF1ab:cds-YP_009724389.1	AGT	S	AGA	R	1534
NC_045512.2	4867	T	A	14671	2603	38	2	0	25	0.000136286	14675	1	FALSE	ORF1ab:cds-YP_009725295.1	AGT	S	AGA	R	1534
NC_045512.2	4868	G	A	15052	2609	38	8	0	40	0.000531208	15060	0.0195219	FALSE	ORF1ab:cds-YP_009724389.1	GTA	V	ATA	I	1535
NC_045512.2	4868	G	A	15052	2609	38	8	0	40	0.000531208	15060	0.0195219	FALSE	ORF1ab:cds-YP_009725295.1	GTA	V	ATA	I	1535
NC_045512.2	4869	T	C	14752	2613	38	2	0	37	0.000135529	14757	0.999741	FALSE	ORF1ab:cds-YP_009724389.1	GTA	V	GCA	A	1535
NC_045512.2	4869	T	C	14752	2613	38	2	0	37	0.000135529	14757	0.999741	FALSE	ORF1ab:cds-YP_009725295.1	GTA	V	GCA	A	1535
NC_045512.2	4869	T	A	14752	2613	38	3	0	33	0.000203293	14757	0.998828	FALSE	ORF1ab:cds-YP_009724389.1	GTA	V	GAA	E	1535
NC_045512.2	4869	T	A	14752	2613	38	3	0	33	0.000203293	14757	0.998828	FALSE	ORF1ab:cds-YP_009725295.1	GTA	V	GAA	E	1535
NC_045512.2	4870	A	G	15403	2779	38	2	1	37	0.00012982	15406	0.999863	FALSE	ORF1ab:cds-YP_009724389.1	GTA	V	GTG	V	1535
NC_045512.2	4870	A	G	15403	2779	38	2	1	37	0.00012982	15406	0.999863	FALSE	ORF1ab:cds-YP_009725295.1	GTA	V	GTG	V	1535
NC_045512.2	4870	A	C	15403	2779	38	1	0	25	6.49098e-05	15406	1	FALSE	ORF1ab:cds-YP_009724389.1	GTA	V	GTC	V	1535
NC_045512.2	4870	A	C	15403	2779	38	1	0	25	6.49098e-05	15406	1	FALSE	ORF1ab:cds-YP_009725295.1	GTA	V	GTC	V	1535
NC_045512.2	4871	T	A	15795	2801	38	1	0	37	6.33072e-05	15796	0.999985	FALSE	ORF1ab:cds-YP_009724389.1	TAT	Y	AAT	N	1536
NC_045512.2	4871	T	A	15795	2801	38	1	0	37	6.33072e-05	15796	0.999985	FALSE	ORF1ab:cds-YP_009725295.1	TAT	Y	AAT	N	1536
NC_045512.2	4872	A	T	15617	2740	38	1	0	37	6.40164e-05	15621	0.999985	FALSE	ORF1ab:cds-YP_009724389.1	TAT	Y	TTT	F	1536
NC_045512.2	4872	A	T	15617	2740	38	1	0	37	6.40164e-05	15621	0.999985	FALSE	ORF1ab:cds-YP_009725295.1	TAT	Y	TTT	F	1536
NC_045512.2	4872	A	C	15617	2740	38	3	2	25	0.000192049	15621	1	FALSE	ORF1ab:cds-YP_009724389.1	TAT	Y	TCT	S	1536
NC_045512.2	4872	A	C	15617	2740	38	3	2	25	0.000192049	15621	1	FALSE	ORF1ab:cds-YP_009725295.1	TAT	Y	TCT	S	1536
NC_045512.2	4873	T	G	16265	4014	39	2	1	25	0.000122933	16269	1	FALSE	ORF1ab:cds-YP_009724389.1	TAT	Y	TAG	*	1536
NC_045512.2	4873	T	G	16265	4014	39	2	1	25	0.000122933	16269	1	FALSE	ORF1ab:cds-YP_009725295.1	TAT	Y	TAG	*	1536
NC_045512.2	4873	T	C	16265	4014	39	2	1	37	0.000122933	16269	0.999928	FALSE	ORF1ab:cds-YP_009724389.1	TAT	Y	TAC	Y	1536
NC_045512.2	4873	T	C	16265	4014	39	2	1	37	0.000122933	16269	0.999928	FALSE	ORF1ab:cds-YP_009725295.1	TAT	Y	TAC	Y	1536
NC_045512.2	4874	T	G	16529	4166	40	1	1	25	6.04887e-05	16532	1	FALSE	ORF1ab:cds-YP_009724389.1	TAC	Y	GAC	D	1537
NC_045512.2	4874	T	G	16529	4166	40	1	1	25	6.04887e-05	16532	1	FALSE	ORF1ab:cds-YP_009725295.1	TAC	Y	GAC	D	1537
NC_045512.2	4874	T	C	16529	4166	40	1	0	37	6.04887e-05	16532	0.999992	FALSE	ORF1ab:cds-YP_009724389.1	TAC	Y	CAC	H	1537
NC_045512.2	4874	T	C	16529	4166	40	1	0	37	6.04887e-05	16532	0.999992	FALSE	ORF1ab:cds-YP_009725295.1	TAC	Y	CAC	H	1537
NC_045512.2	4874	T	A	16529	4166	40	1	0	25	6.04887e-05	16532	1	FALSE	ORF1ab:cds-YP_009724389.1	TAC	Y	AAC	N	1537
NC_045512.2	4874	T	A	16529	4166	40	1	0	25	6.04887e-05	16532	1	FALSE	ORF1ab:cds-YP_009725295.1	TAC	Y	AAC	N	1537
NC_045512.2	4874	T	-A	16529	4166	40	1	0	20	6.04887e-05	16532	1	FALSE	NA	NA	NA	NA	NA	NA
NC_045512.2	4875	A	T	16637	4570	41	1	1	37	6.00781e-05	16645	0.999992	FALSE	ORF1ab:cds-YP_009724389.1	TAC	Y	TTC	F	1537
NC_045512.2	4875	A	T	16637	4570	41	1	1	37	6.00781e-05	16645	0.999992	FALSE	ORF1ab:cds-YP_009725295.1	TAC	Y	TTC	F	1537
NC_045512.2	4875	A	G	16637	4570	41	1	1	37	6.00781e-05	16645	0.999992	FALSE	ORF1ab:cds-YP_009724389.1	TAC	Y	TGC	C	1537
NC_045512.2	4875	A	G	16637	4570	41	1	1	37	6.00781e-05	16645	0.999992	FALSE	ORF1ab:cds-YP_009725295.1	TAC	Y	TGC	C	1537
NC_045512.2	4875	A	C	16637	4570	41	6	3	27	0.000360469	16645	1	FALSE	ORF1ab:cds-YP_009724389.1	TAC	Y	TCC	S	1537
NC_045512.2	4875	A	C	16637	4570	41	6	3	27	0.000360469	16645	1	FALSE	ORF1ab:cds-YP_009725295.1	TAC	Y	TCC	S	1537
NC_045512.2	4876	C	T	16774	4743	41	1	0	37	5.9609e-05	16776	0.999992	FALSE	ORF1ab:cds-YP_009724389.1	TAC	Y	TAT	Y	1537
NC_045512.2	4876	C	T	16774	4743	41	1	0	37	5.9609e-05	16776	0.999992	FALSE	ORF1ab:cds-YP_009725295.1	TAC	Y	TAT	Y	1537
NC_045512.2	4876	C	A	16774	4743	41	1	0	25	5.9609e-05	16776	1	FALSE	ORF1ab:cds-YP_009724389.1	TAC	Y	TAA	*	1537
NC_045512.2	4876	C	A	16774	4743	41	1	0	25	5.9609e-05	16776	1	FALSE	ORF1ab:cds-YP_009725295.1	TAC	Y	TAA	*	1537
NC_045512.2	4877	A	G	16342	4746	40	1	0	36	6.11845e-05	16344	0.999992	FALSE	ORF1ab:cds-YP_009724389.1	ACT	T	GCT	A	1538
NC_045512.2	4877	A	G	16342	4746	40	1	0	36	6.11845e-05	16344	0.999992	FALSE	ORF1ab:cds-YP_009725295.1	ACT	T	GCT	A	1538
NC_045512.2	4877	A	C	16342	4746	40	1	0	25	6.11845e-05	16344	1	FALSE	ORF1ab:cds-YP_009724389.1	ACT	T	CCT	P	1538
NC_045512.2	4877	A	C	16342	4746	40	1	0	25	6.11845e-05	16344	1	FALSE	ORF1ab:cds-YP_009725295.1	ACT	T	CCT	P	1538
NC_045512.2	4877	A	+G	16342	4746	40	2	0	20	0.000122369	16344	1	FALSE	NA	NA	NA	NA	NA	NA
NC_045512.2	4878	C	T	17000	4800	40	4	2	46	0.000235239	17004	0.1875	FALSE	ORF1ab:cds-YP_009724389.1	ACT	T	ATT	I	1538
NC_045512.2	4878	C	T	17000	4800	40	4	2	46	0.000235239	17004	0.1875	FALSE	ORF1ab:cds-YP_009725295.1	ACT	T	ATT	I	1538
NC_045512.2	4879	T	G	17047	4656	40	1	0	25	5.8651e-05	17050	1	FALSE	ORF1ab:cds-YP_009724389.1	ACT	T	ACG	T	1538
NC_045512.2	4879	T	G	17047	4656	40	1	0	25	5.8651e-05	17050	1	FALSE	ORF1ab:cds-YP_009725295.1	ACT	T	ACG	T	1538
NC_045512.2	4879	T	A	17047	4656	40	2	0	25	0.000117302	17050	1	FALSE	ORF1ab:cds-YP_009724389.1	ACT	T	ACA	T	1538
NC_045512.2	4879	T	A	17047	4656	40	2	0	25	0.000117302	17050	1	FALSE	ORF1ab:cds-YP_009725295.1	ACT	T	ACA	T	1538
NC_045512.2	4880	A	G	17197	4782	41	6	2	41	0.000348736	17205	0.0624714	FALSE	ORF1ab:cds-YP_009724389.1	AGT	S	GGT	G	1539
NC_045512.2	4880	A	G	17197	4782	41	6	2	41	0.000348736	17205	0.0624714	FALSE	ORF1ab:cds-YP_009725295.1	AGT	S	GGT	G	1539
NC_045512.2	4880	A	C	17197	4782	41	2	0	25	0.000116245	17205	1	FALSE	ORF1ab:cds-YP_009724389.1	AGT	S	CGT	R	1539
NC_045512.2	4880	A	C	17197	4782	41	2	0	25	0.000116245	17205	1	FALSE	ORF1ab:cds-YP_009725295.1	AGT	S	CGT	R	1539
NC_045512.2	4881	G	T	17160	4781	40	1	0	37	5.82683e-05	17162	0.999996	FALSE	ORF1ab:cds-YP_009724389.1	AGT	S	ATT	I	1539
NC_045512.2	4881	G	T	17160	4781	40	1	0	37	5.82683e-05	17162	0.999996	FALSE	ORF1ab:cds-YP_009725295.1	AGT	S	ATT	I	1539
NC_045512.2	4881	G	A	17160	4781	40	1	0	37	5.82683e-05	17162	0.999996	FALSE	ORF1ab:cds-YP_009724389.1	AGT	S	AAT	N	1539
NC_045512.2	4881	G	A	17160	4781	40	1	0	37	5.82683e-05	17162	0.999996	FALSE	ORF1ab:cds-YP_009725295.1	AGT	S	AAT	N	1539
NC_045512.2	4882	T	C	17120	4797	40	3	0	37	0.000175193	17124	0.999799	FALSE	ORF1ab:cds-YP_009724389.1	AGT	S	AGC	S	1539
NC_045512.2	4882	T	C	17120	4797	40	3	0	37	0.000175193	17124	0.999799	FALSE	ORF1ab:cds-YP_009725295.1	AGT	S	AGC	S	1539
NC_045512.2	4882	T	A	17120	4797	40	1	0	37	5.83976e-05	17124	0.999996	FALSE	ORF1ab:cds-YP_009724389.1	AGT	S	AGA	R	1539
NC_045512.2	4882	T	A	17120	4797	40	1	0	37	5.83976e-05	17124	0.999996	FALSE	ORF1ab:cds-YP_009725295.1	AGT	S	AGA	R	1539
NC_045512.2	4883	A	G	17383	5622	41	2	2	55	0.000115022	17388	0.249964	FALSE	ORF1ab:cds-YP_009724389.1	AAT	N	GAT	D	1540
NC_045512.2	4883	A	G	17383	5622	41	2	2	55	0.000115022	17388	0.249964	FALSE	ORF1ab:cds-YP_009725295.1	AAT	N	GAT	D	1540
NC_045512.2	4883	A	C	17383	5622	41	3	0	25	0.000172533	17388	1	FALSE	ORF1ab:cds-YP_009724389.1	AAT	N	CAT	H	1540
NC_045512.2	4883	A	C	17383	5622	41	3	0	25	0.000172533	17388	1	FALSE	ORF1ab:cds-YP_009725295.1	AAT	N	CAT	H	1540
NC_045512.2	4884	A	G	16986	5482	40	4	4	31	0.000235294	17000	0.999254	FALSE	ORF1ab:cds-YP_009724389.1	AAT	N	AGT	S	1540
NC_045512.2	4884	A	G	16986	5482	40	4	4	31	0.000235294	17000	0.999254	FALSE	ORF1ab:cds-YP_009725295.1	AAT	N	AGT	S	1540
NC_045512.2	4884	A	C	16986	5482	40	10	5	29	0.000588235	17000	1	FALSE	ORF1ab:cds-YP_009724389.1	AAT	N	ACT	T	1540
NC_045512.2	4884	A	C	16986	5482	40	10	5	29	0.000588235	17000	1	FALSE	ORF1ab:cds-YP_009725295.1	AAT	N	ACT	T	1540
NC_045512.2	4885	T	G	17751	5691	41	1	1	29	5.63126e-05	17758	1	FALSE	ORF1ab:cds-YP_009724389.1	AAT	N	AAG	K	1540
NC_045512.2	4885	T	G	17751	5691	41	1	1	29	5.63126e-05	17758	1	FALSE	ORF1ab:cds-YP_009725295.1	AAT	N	AAG	K	1540
NC_045512.2	4885	T	C	17751	5691	41	3	0	37	0.000168938	17758	0.999799	FALSE	ORF1ab:cds-YP_009724389.1	AAT	N	AAC	N	1540
NC_045512.2	4885	T	C	17751	5691	41	3	0	37	0.000168938	17758	0.999799	FALSE	ORF1ab:cds-YP_009725295.1	AAT	N	AAC	N	1540
NC_045512.2	4885	T	A	17751	5691	41	3	1	45	0.000168938	17758	0.312426	FALSE	ORF1ab:cds-YP_009724389.1	AAT	N	AAA	K	1540
NC_045512.2	4885	T	A	17751	5691	41	3	1	45	0.000168938	17758	0.312426	FALSE	ORF1ab:cds-YP_009725295.1	AAT	N	AAA	K	1540
NC_045512.2	4886	C	T	17860	5750	41	2	0	37	0.000111963	17863	0.999962	FALSE	ORF1ab:cds-YP_009724389.1	CCT	P	TCT	S	1541
NC_045512.2	4886	C	T	17860	5750	41	2	0	37	0.000111963	17863	0.999962	FALSE	ORF1ab:cds-YP_009725295.1	CCT	P	TCT	S	1541
NC_045512.2	4886	C	A	17860	5750	41	1	0	25	5.59816e-05	17863	1	FALSE	ORF1ab:cds-YP_009724389.1	CCT	P	ACT	T	1541
NC_045512.2	4886	C	A	17860	5750	41	1	0	25	5.59816e-05	17863	1	FALSE	ORF1ab:cds-YP_009725295.1	CCT	P	ACT	T	1541
NC_045512.2	4887	C	T	17566	5588	41	1	1	74	5.69152e-05	17570	0.499972	FALSE	ORF1ab:cds-YP_009724389.1	CCT	P	CTT	L	1541
NC_045512.2	4887	C	T	17566	5588	41	1	1	74	5.69152e-05	17570	0.499972	FALSE	ORF1ab:cds-YP_009725295.1	CCT	P	CTT	L	1541
NC_045512.2	4887	C	A	17566	5588	41	3	1	37	0.000170746	17570	0.999799	FALSE	ORF1ab:cds-YP_009724389.1	CCT	P	CAT	H	1541
NC_045512.2	4887	C	A	17566	5588	41	3	1	37	0.000170746	17570	0.999799	FALSE	ORF1ab:cds-YP_009725295.1	CCT	P	CAT	H	1541
NC_045512.2	4888	T	C	17738	5605	41	4	3	43	0.000225441	17743	0.187482	FALSE	ORF1ab:cds-YP_009724389.1	CCT	P	CCC	P	1541
NC_045512.2	4888	T	C	17738	5605	41	4	3	43	0.000225441	17743	0.187482	FALSE	ORF1ab:cds-YP_009725295.1	CCT	P	CCC	P	1541
NC_045512.2	4888	T	A	17738	5605	41	1	1	37	5.63603e-05	17743	0.999996	FALSE	ORF1ab:cds-YP_009724389.1	CCT	P	CCA	P	1541
NC_045512.2	4888	T	A	17738	5605	41	1	1	37	5.63603e-05	17743	0.999996	FALSE	ORF1ab:cds-YP_009725295.1	CCT	P	CCA	P	1541
NC_045512.2	4888	T	-A	17738	5605	41	1	0	20	5.63603e-05	17743	1	FALSE	NA	NA	NA	NA	NA	NA
NC_045512.2	4889	A	T	17784	5639	41	1	0	48	5.62208e-05	17787	0.749979	FALSE	ORF1ab:cds-YP_009724389.1	ACC	T	TCC	S	1542
NC_045512.2	4889	A	T	17784	5639	41	1	0	48	5.62208e-05	17787	0.749979	FALSE	ORF1ab:cds-YP_009725295.1	ACC	T	TCC	S	1542
NC_045512.2	4889	A	G	17784	5639	41	1	1	25	5.62208e-05	17787	1	FALSE	ORF1ab:cds-YP_009724389.1	ACC	T	GCC	A	1542
NC_045512.2	4889	A	G	17784	5639	41	1	1	25	5.62208e-05	17787	1	FALSE	ORF1ab:cds-YP_009725295.1	ACC	T	GCC	A	1542
NC_045512.2	4889	A	C	17784	5639	41	1	0	25	5.62208e-05	17787	1	FALSE	ORF1ab:cds-YP_009724389.1	ACC	T	CCC	P	1542
NC_045512.2	4889	A	C	17784	5639	41	1	0	25	5.62208e-05	17787	1	FALSE	ORF1ab:cds-YP_009725295.1	ACC	T	CCC	P	1542
NC_045512.2	4890	C	T	18015	5860	42	2	2	55	0.000110994	18019	0.249979	FALSE	ORF1ab:cds-YP_009724389.1	ACC	T	ATC	I	1542
NC_045512.2	4890	C	T	18015	5860	42	2	2	55	0.000110994	18019	0.249979	FALSE	ORF1ab:cds-YP_009725295.1	ACC	T	ATC	I	1542
NC_045512.2	4890	C	A	18015	5860	42	2	0	31	0.000110994	18019	0.99998	FALSE	ORF1ab:cds-YP_009724389.1	ACC	T	AAC	N	1542
NC_045512.2	4890	C	A	18015	5860	42	2	0	31	0.000110994	18019	0.99998	FALSE	ORF1ab:cds-YP_009725295.1	ACC	T	AAC	N	1542
NC_045512.2	4891	C	A	17926	5993	42	1	0	25	5.57818e-05	17927	1	FALSE	ORF1ab:cds-YP_009724389.1	ACC	T	ACA	T	1542
NC_045512.2	4891	C	A	17926	5993	42	1	0	25	5.57818e-05	17927	1	FALSE	ORF1ab:cds-YP_009725295.1	ACC	T	ACA	T	1542
NC_045512.2	4892	A	C	17985	5936	42	1	0	37	5.55988e-05	17986	0.999996	FALSE	ORF1ab:cds-YP_009724389.1	ACA	T	CCA	P	1543
NC_045512.2	4892	A	C	17985	5936	42	1	0	37	5.55988e-05	17986	0.999996	FALSE	ORF1ab:cds-YP_009725295.1	ACA	T	CCA	P	1543
NC_045512.2	4893	C	T	18327	6153	42	3	2	49	0.000163648	18332	0.312469	FALSE	ORF1ab:cds-YP_009724389.1	ACA	T	ATA	I	1543
NC_045512.2	4893	C	T	18327	6153	42	3	2	49	0.000163648	18332	0.312469	FALSE	ORF1ab:cds-YP_009725295.1	ACA	T	ATA	I	1543
NC_045512.2	4893	C	A	18327	6153	42	2	0	25	0.000109099	18332	1	FALSE	ORF1ab:cds-YP_009724389.1	ACA	T	AAA	K	1543
NC_045512.2	4893	C	A	18327	6153	42	2	0	25	0.000109099	18332	1	FALSE	ORF1ab:cds-YP_009725295.1	ACA	T	AAA	K	1543
NC_045512.2	4894	A	T	18200	6031	42	1	1	37	5.49239e-05	18207	0.999998	FALSE	ORF1ab:cds-YP_009724389.1	ACA	T	ACT	T	1543
NC_045512.2	4894	A	T	18200	6031	42	1	1	37	5.49239e-05	18207	0.999998	FALSE	ORF1ab:cds-YP_009725295.1	ACA	T	ACT	T	1543
NC_045512.2	4894	A	G	18200	6031	42	1	0	37	5.49239e-05	18207	0.999998	FALSE	ORF1ab:cds-YP_009724389.1	ACA	T	ACG	T	1543
NC_045512.2	4894	A	G	18200	6031	42	1	0	37	5.49239e-05	18207	0.999998	FALSE	ORF1ab:cds-YP_009725295.1	ACA	T	ACG	T	1543
NC_045512.2	4894	A	C	18200	6031	42	5	1	32	0.00027462	18207	0.998704	FALSE	ORF1ab:cds-YP_009724389.1	ACA	T	ACC	T	1543
NC_045512.2	4894	A	C	18200	6031	42	5	1	32	0.00027462	18207	0.998704	FALSE	ORF1ab:cds-YP_009725295.1	ACA	T	ACC	T	1543
NC_045512.2	4895	T	G	17724	5830	41	6	6	29	0.000338352	17733	1	FALSE	ORF1ab:cds-YP_009724389.1	TTC	F	GTC	V	1544
NC_045512.2	4895	T	G	17724	5830	41	6	6	29	0.000338352	17733	1	FALSE	ORF1ab:cds-YP_009725295.1	TTC	F	GTC	V	1544
NC_045512.2	4895	T	C	17724	5830	41	3	1	37	0.000169176	17733	0.999799	FALSE	ORF1ab:cds-YP_009724389.1	TTC	F	CTC	L	1544
NC_045512.2	4895	T	C	17724	5830	41	3	1	37	0.000169176	17733	0.999799	FALSE	ORF1ab:cds-YP_009725295.1	TTC	F	CTC	L	1544
NC_045512.2	4896	T	C	17940	6262	42	7	2	37	0.000389994	17949	0.98869	FALSE	ORF1ab:cds-YP_009724389.1	TTC	F	TCC	S	1544
NC_045512.2	4896	T	C	17940	6262	42	7	2	37	0.000389994	17949	0.98869	FALSE	ORF1ab:cds-YP_009725295.1	TTC	F	TCC	S	1544
NC_045512.2	4896	T	A	17940	6262	42	2	1	37	0.000111427	17949	0.999962	FALSE	ORF1ab:cds-YP_009724389.1	TTC	F	TAC	Y	1544
NC_045512.2	4896	T	A	17940	6262	42	2	1	37	0.000111427	17949	0.999962	FALSE	ORF1ab:cds-YP_009725295.1	TTC	F	TAC	Y	1544
NC_045512.2	4896	T	-C	17940	6262	42	1	0	20	5.57134e-05	17949	1	FALSE	NA	NA	NA	NA	NA	NA
NC_045512.2	4897	C	T	18052	6297	42	4	2	37	0.000221521	18057	0.999574	FALSE	ORF1ab:cds-YP_009724389.1	TTC	F	TTT	F	1544
NC_045512.2	4897	C	T	18052	6297	42	4	2	37	0.000221521	18057	0.999574	FALSE	ORF1ab:cds-YP_009725295.1	TTC	F	TTT	F	1544
NC_045512.2	4897	C	A	18052	6297	42	1	0	37	5.53802e-05	18057	0.999998	FALSE	ORF1ab:cds-YP_009724389.1	TTC	F	TTA	L	1544
NC_045512.2	4897	C	A	18052	6297	42	1	0	37	5.53802e-05	18057	0.999998	FALSE	ORF1ab:cds-YP_009725295.1	TTC	F	TTA	L	1544
NC_045512.2	4898	C	T	17961	6301	42	1	0	37	5.56669e-05	17964	0.999996	FALSE	ORF1ab:cds-YP_009724389.1	CAC	H	TAC	Y	1545
NC_045512.2	4898	C	T	17961	6301	42	1	0	37	5.56669e-05	17964	0.999996	FALSE	ORF1ab:cds-YP_009725295.1	CAC	H	TAC	Y	1545
NC_045512.2	4898	C	A	17961	6301	42	2	1	31	0.000111334	17964	0.999962	FALSE	ORF1ab:cds-YP_009724389.1	CAC	H	AAC	N	1545
NC_045512.2	4898	C	A	17961	6301	42	2	1	31	0.000111334	17964	0.999962	FALSE	ORF1ab:cds-YP_009725295.1	CAC	H	AAC	N	1545
NC_045512.2	4899	A	G	17836	6105	41	4	1	43	0.000224165	17844	0.18743	FALSE	ORF1ab:cds-YP_009724389.1	CAC	H	CGC	R	1545
NC_045512.2	4899	A	G	17836	6105	41	4	1	43	0.000224165	17844	0.18743	FALSE	ORF1ab:cds-YP_009725295.1	CAC	H	CGC	R	1545
NC_045512.2	4899	A	C	17836	6105	41	4	3	26	0.000224165	17844	1	FALSE	ORF1ab:cds-YP_009724389.1	CAC	H	CCC	P	1545
NC_045512.2	4899	A	C	17836	6105	41	4	3	26	0.000224165	17844	1	FALSE	ORF1ab:cds-YP_009725295.1	CAC	H	CCC	P	1545
NC_045512.2	4900	C	T	18641	7171	42	2	1	55	0.000107267	18645	0.24998	FALSE	ORF1ab:cds-YP_009724389.1	CAC	H	CAT	H	1545
NC_045512.2	4900	C	T	18641	7171	42	2	1	55	0.000107267	18645	0.24998	FALSE	ORF1ab:cds-YP_009725295.1	CAC	H	CAT	H	1545
NC_045512.2	4900	C	A	18641	7171	42	2	2	27	0.000107267	18645	1	FALSE	ORF1ab:cds-YP_009724389.1	CAC	H	CAA	Q	1545
NC_045512.2	4900	C	A	18641	7171	42	2	2	27	0.000107267	18645	1	FALSE	ORF1ab:cds-YP_009725295.1	CAC	H	CAA	Q	1545
NC_045512.2	4901	C	A	18653	7289	42	1	0	74	5.36078e-05	18654	0.500013	FALSE	ORF1ab:cds-YP_009724389.1	CTA	L	ATA	I	1546
NC_045512.2	4901	C	A	18653	7289	42	1	0	74	5.36078e-05	18654	0.500013	FALSE	ORF1ab:cds-YP_009725295.1	CTA	L	ATA	I	1546
NC_045512.2	4902	T	G	18563	7244	42	2	2	25	0.000107724	18566	1	FALSE	ORF1ab:cds-YP_009724389.1	CTA	L	CGA	R	1546
NC_045512.2	4902	T	G	18563	7244	42	2	2	25	0.000107724	18566	1	FALSE	ORF1ab:cds-YP_009725295.1	CTA	L	CGA	R	1546
NC_045512.2	4902	T	A	18563	7244	42	1	0	37	5.38619e-05	18566	0.999998	FALSE	ORF1ab:cds-YP_009724389.1	CTA	L	CAA	Q	1546
NC_045512.2	4902	T	A	18563	7244	42	1	0	37	5.38619e-05	18566	0.999998	FALSE	ORF1ab:cds-YP_009725295.1	CTA	L	CAA	Q	1546
NC_045512.2	4903	A	G	18285	7384	42	1	1	37	5.46777e-05	18289	0.999998	FALSE	ORF1ab:cds-YP_009724389.1	CTA	L	CTG	L	1546
NC_045512.2	4903	A	G	18285	7384	42	1	1	37	5.46777e-05	18289	0.999998	FALSE	ORF1ab:cds-YP_009725295.1	CTA	L	CTG	L	1546
NC_045512.2	4903	A	C	18285	7384	42	3	0	26	0.000164033	18289	1	FALSE	ORF1ab:cds-YP_009724389.1	CTA	L	CTC	L	1546
NC_045512.2	4903	A	C	18285	7384	42	3	0	26	0.000164033	18289	1	FALSE	ORF1ab:cds-YP_009725295.1	CTA	L	CTC	L	1546
NC_045512.2	4904	G	T	18345	7382	42	1	1	37	5.45048e-05	18347	0.999998	FALSE	ORF1ab:cds-YP_009724389.1	GAT	D	TAT	Y	1547
NC_045512.2	4904	G	T	18345	7382	42	1	1	37	5.45048e-05	18347	0.999998	FALSE	ORF1ab:cds-YP_009725295.1	GAT	D	TAT	Y	1547
NC_045512.2	4904	G	A	18345	7382	42	1	0	37	5.45048e-05	18347	0.999998	FALSE	ORF1ab:cds-YP_009724389.1	GAT	D	AAT	N	1547
NC_045512.2	4904	G	A	18345	7382	42	1	0	37	5.45048e-05	18347	0.999998	FALSE	ORF1ab:cds-YP_009725295.1	GAT	D	AAT	N	1547
NC_045512.2	4905	A	G	18351	7314	42	2	1	43	0.000108974	18353	0.50002	FALSE	ORF1ab:cds-YP_009724389.1	GAT	D	GGT	G	1547
NC_045512.2	4905	A	G	18351	7314	42	2	1	43	0.000108974	18353	0.50002	FALSE	ORF1ab:cds-YP_009725295.1	GAT	D	GGT	G	1547
NC_045512.2	4906	T	A	18432	7289	42	2	1	55	0.000108495	18434	0.250007	FALSE	ORF1ab:cds-YP_009724389.1	GAT	D	GAA	E	1547
NC_045512.2	4906	T	A	18432	7289	42	2	1	55	0.000108495	18434	0.250007	FALSE	ORF1ab:cds-YP_009725295.1	GAT	D	GAA	E	1547
NC_045512.2	4906	T	+GGTGA	18432	7289	42	1	0	20	5.42476e-05	18434	1	FALSE	NA	NA	NA	NA	NA	NA
NC_045512.2	4907	G	C	18374	7339	42	1	0	37	5.44188e-05	18376	0.999998	FALSE	ORF1ab:cds-YP_009724389.1	GGT	G	CGT	R	1548
NC_045512.2	4907	G	C	18374	7339	42	1	0	37	5.44188e-05	18376	0.999998	FALSE	ORF1ab:cds-YP_009725295.1	GGT	G	CGT	R	1548
NC_045512.2	4907	G	A	18374	7339	42	1	0	37	5.44188e-05	18376	0.999998	FALSE	ORF1ab:cds-YP_009724389.1	GGT	G	AGT	S	1548
NC_045512.2	4907	G	A	18374	7339	42	1	0	37	5.44188e-05	18376	0.999998	FALSE	ORF1ab:cds-YP_009725295.1	GGT	G	AGT	S	1548
NC_045512.2	4908	G	T	17308	7739	41	3	1	33	0.00017325	17316	0.999799	FALSE	ORF1ab:cds-YP_009724389.1	GGT	G	GTT	V	1548
NC_045512.2	4908	G	T	17308	7739	41	3	1	33	0.00017325	17316	0.999799	FALSE	ORF1ab:cds-YP_009725295.1	GGT	G	GTT	V	1548
NC_045512.2	4908	G	A	17308	7739	41	5	1	49	0.00028875	17316	0.109328	FALSE	ORF1ab:cds-YP_009724389.1	GGT	G	GAT	D	1548
NC_045512.2	4908	G	A	17308	7739	41	5	1	49	0.00028875	17316	0.109328	FALSE	ORF1ab:cds-YP_009725295.1	GGT	G	GAT	D	1548
NC_045512.2	4909	T	G	17240	7758	41	3	0	33	0.000173913	17250	0.999799	FALSE	ORF1ab:cds-YP_009724389.1	GGT	G	GGG	G	1548
NC_045512.2	4909	T	G	17240	7758	41	3	0	33	0.000173913	17250	0.999799	FALSE	ORF1ab:cds-YP_009725295.1	GGT	G	GGG	G	1548
NC_045512.2	4909	T	C	17240	7758	41	7	3	42	0.000405797	17250	0.0351277	FALSE	ORF1ab:cds-YP_009724389.1	GGT	G	GGC	G	1548
NC_045512.2	4909	T	C	17240	7758	41	7	3	42	0.000405797	17250	0.0351277	FALSE	ORF1ab:cds-YP_009725295.1	GGT	G	GGC	G	1548
NC_045512.2	4910	G	-A	17443	7779	41	1	0	20	5.73296e-05	17443	1	FALSE	NA	NA	NA	NA	NA	NA
NC_045512.2	4911	A	T	17327	7796	41	2	1	27	0.0001154	17331	1	FALSE	ORF1ab:cds-YP_009724389.1	GAA	E	GTA	V	1549
NC_045512.2	4911	A	T	17327	7796	41	2	1	27	0.0001154	17331	1	FALSE	ORF1ab:cds-YP_009725295.1	GAA	E	GTA	V	1549
NC_045512.2	4911	A	G	17327	7796	41	2	2	31	0.0001154	17331	0.999962	FALSE	ORF1ab:cds-YP_009724389.1	GAA	E	GGA	G	1549
NC_045512.2	4911	A	G	17327	7796	41	2	2	31	0.0001154	17331	0.999962	FALSE	ORF1ab:cds-YP_009725295.1	GAA	E	GGA	G	1549
NC_045512.2	4912	A	G	16425	7917	40	6	3	36	0.000365008	16438	0.991548	FALSE	ORF1ab:cds-YP_009724389.1	GAA	E	GAG	E	1549
NC_045512.2	4912	A	G	16425	7917	40	6	3	36	0.000365008	16438	0.991548	FALSE	ORF1ab:cds-YP_009725295.1	GAA	E	GAG	E	1549
NC_045512.2	4912	A	C	16425	7917	40	7	0	32	0.000425843	16438	0.982655	FALSE	ORF1ab:cds-YP_009724389.1	GAA	E	GAC	D	1549
NC_045512.2	4912	A	C	16425	7917	40	7	0	32	0.000425843	16438	0.982655	FALSE	ORF1ab:cds-YP_009725295.1	GAA	E	GAC	D	1549
NC_045512.2	4914	T	G	16310	8262	39	2	1	25	0.000122587	16315	1	FALSE	ORF1ab:cds-YP_009724389.1	GTT	V	GGT	G	1550
NC_045512.2	4914	T	G	16310	8262	39	2	1	25	0.000122587	16315	1	FALSE	ORF1ab:cds-YP_009725295.1	GTT	V	GGT	G	1550
NC_045512.2	4914	T	C	16310	8262	39	3	1	49	0.00018388	16315	0.312443	FALSE	ORF1ab:cds-YP_009724389.1	GTT	V	GCT	A	1550
NC_045512.2	4914	T	C	16310	8262	39	3	1	49	0.00018388	16315	0.312443	FALSE	ORF1ab:cds-YP_009725295.1	GTT	V	GCT	A	1550
NC_045512.2	4915	T	G	16491	8426	40	3	1	29	0.000181873	16495	1	FALSE	ORF1ab:cds-YP_009724389.1	GTT	V	GTG	V	1550
NC_045512.2	4915	T	G	16491	8426	40	3	1	29	0.000181873	16495	1	FALSE	ORF1ab:cds-YP_009725295.1	GTT	V	GTG	V	1550
NC_045512.2	4915	T	C	16491	8426	40	1	0	37	6.06244e-05	16495	0.999992	FALSE	ORF1ab:cds-YP_009724389.1	GTT	V	GTC	V	1550
NC_045512.2	4915	T	C	16491	8426	40	1	0	37	6.06244e-05	16495	0.999992	FALSE	ORF1ab:cds-YP_009725295.1	GTT	V	GTC	V	1550
NC_045512.2	4916	A	G	16684	8495	40	1	0	37	5.99341e-05	16685	0.999992	FALSE	ORF1ab:cds-YP_009724389.1	ATC	I	GTC	V	1551
NC_045512.2	4916	A	G	16684	8495	40	1	0	37	5.99341e-05	16685	0.999992	FALSE	ORF1ab:cds-YP_009725295.1	ATC	I	GTC	V	1551
NC_045512.2	4917	T	C	16589	8425	40	2	2	29	0.000120547	16591	1	FALSE	ORF1ab:cds-YP_009724389.1	ATC	I	ACC	T	1551
NC_045512.2	4917	T	C	16589	8425	40	2	2	29	0.000120547	16591	1	FALSE	ORF1ab:cds-YP_009725295.1	ATC	I	ACC	T	1551
NC_045512.2	4918	C	T	16571	8556	40	5	1	34	0.000301605	16578	0.996409	FALSE	ORF1ab:cds-YP_009724389.1	ATC	I	ATT	I	1551
NC_045512.2	4918	C	T	16571	8556	40	5	1	34	0.000301605	16578	0.996409	FALSE	ORF1ab:cds-YP_009725295.1	ATC	I	ATT	I	1551
NC_045512.2	4918	C	A	16571	8556	40	2	1	25	0.000120642	16578	1	FALSE	ORF1ab:cds-YP_009724389.1	ATC	I	ATA	I	1551
NC_045512.2	4918	C	A	16571	8556	40	2	1	25	0.000120642	16578	1	FALSE	ORF1ab:cds-YP_009725295.1	ATC	I	ATA	I	1551
NC_045512.2	4919	A	G	16440	8424	40	4	3	43	0.00024325	16444	0.1875	FALSE	ORF1ab:cds-YP_009724389.1	ACC	T	GCC	A	1552
NC_045512.2	4919	A	G	16440	8424	40	4	3	43	0.00024325	16444	0.1875	FALSE	ORF1ab:cds-YP_009725295.1	ACC	T	GCC	A	1552
NC_045512.2	4920	C	T	17092	9202	40	1	0	37	5.85001e-05	17094	0.999996	FALSE	ORF1ab:cds-YP_009724389.1	ACC	T	ATC	I	1552
NC_045512.2	4920	C	T	17092	9202	40	1	0	37	5.85001e-05	17094	0.999996	FALSE	ORF1ab:cds-YP_009725295.1	ACC	T	ATC	I	1552
NC_045512.2	4920	C	A	17092	9202	40	1	1	37	5.85001e-05	17094	0.999996	FALSE	ORF1ab:cds-YP_009724389.1	ACC	T	AAC	N	1552
NC_045512.2	4920	C	A	17092	9202	40	1	1	37	5.85001e-05	17094	0.999996	FALSE	ORF1ab:cds-YP_009725295.1	ACC	T	AAC	N	1552
NC_045512.2	4921	C	A	17088	9340	40	3	2	37	0.000175531	17091	0.9998	FALSE	ORF1ab:cds-YP_009724389.1	ACC	T	ACA	T	1552
NC_045512.2	4921	C	A	17088	9340	40	3	2	37	0.000175531	17091	0.9998	FALSE	ORF1ab:cds-YP_009725295.1	ACC	T	ACA	T	1552
NC_045512.2	4922	T	G	16564	8934	40	4	0	29	0.000241284	16578	1	FALSE	ORF1ab:cds-YP_009724389.1	TTT	F	GTT	V	1553
NC_045512.2	4922	T	G	16564	8934	40	4	0	29	0.000241284	16578	1	FALSE	ORF1ab:cds-YP_009725295.1	TTT	F	GTT	V	1553
NC_045512.2	4922	T	C	16564	8934	40	7	5	37	0.000422246	16578	0.982649	FALSE	ORF1ab:cds-YP_009724389.1	TTT	F	CTT	L	1553
NC_045512.2	4922	T	C	16564	8934	40	7	5	37	0.000422246	16578	0.982649	FALSE	ORF1ab:cds-YP_009725295.1	TTT	F	CTT	L	1553
NC_045512.2	4922	T	A	16564	8934	40	3	2	33	0.000180963	16578	0.999635	FALSE	ORF1ab:cds-YP_009724389.1	TTT	F	ATT	I	1553
NC_045512.2	4922	T	A	16564	8934	40	3	2	33	0.000180963	16578	0.999635	FALSE	ORF1ab:cds-YP_009725295.1	TTT	F	ATT	I	1553
NC_045512.2	4923	T	G	16429	9228	40	6	0	27	0.000365008	16438	1	FALSE	ORF1ab:cds-YP_009724389.1	TTT	F	TGT	C	1553
NC_045512.2	4923	T	G	16429	9228	40	6	0	27	0.000365008	16438	1	FALSE	ORF1ab:cds-YP_009725295.1	TTT	F	TGT	C	1553
NC_045512.2	4923	T	C	16429	9228	40	2	1	31	0.000121669	16438	0.999928	FALSE	ORF1ab:cds-YP_009724389.1	TTT	F	TCT	S	1553
NC_045512.2	4923	T	C	16429	9228	40	2	1	31	0.000121669	16438	0.999928	FALSE	ORF1ab:cds-YP_009725295.1	TTT	F	TCT	S	1553
NC_045512.2	4923	T	A	16429	9228	40	1	0	25	6.08347e-05	16438	1	FALSE	ORF1ab:cds-YP_009724389.1	TTT	F	TAT	Y	1553
NC_045512.2	4923	T	A	16429	9228	40	1	0	25	6.08347e-05	16438	1	FALSE	ORF1ab:cds-YP_009725295.1	TTT	F	TAT	Y	1553
NC_045512.2	4924	T	G	16631	9157	40	2	1	25	0.000120228	16635	1	FALSE	ORF1ab:cds-YP_009724389.1	TTT	F	TTG	L	1553
NC_045512.2	4924	T	G	16631	9157	40	2	1	25	0.000120228	16635	1	FALSE	ORF1ab:cds-YP_009725295.1	TTT	F	TTG	L	1553
NC_045512.2	4924	T	C	16631	9157	40	1	1	37	6.01142e-05	16635	0.999992	FALSE	ORF1ab:cds-YP_009724389.1	TTT	F	TTC	F	1553
NC_045512.2	4924	T	C	16631	9157	40	1	1	37	6.01142e-05	16635	0.999992	FALSE	ORF1ab:cds-YP_009725295.1	TTT	F	TTC	F	1553
NC_045512.2	4924	T	A	16631	9157	40	1	0	25	6.01142e-05	16635	1	FALSE	ORF1ab:cds-YP_009724389.1	TTT	F	TTA	L	1553
NC_045512.2	4924	T	A	16631	9157	40	1	0	25	6.01142e-05	16635	1	FALSE	ORF1ab:cds-YP_009725295.1	TTT	F	TTA	L	1553
NC_045512.2	4925	G	T	16597	9296	40	2	1	37	0.000120475	16601	0.999928	FALSE	ORF1ab:cds-YP_009724389.1	GAC	D	TAC	Y	1554
NC_045512.2	4925	G	T	16597	9296	40	2	1	37	0.000120475	16601	0.999928	FALSE	ORF1ab:cds-YP_009725295.1	GAC	D	TAC	Y	1554
NC_045512.2	4925	G	C	16597	9296	40	1	0	25	6.02373e-05	16601	1	FALSE	ORF1ab:cds-YP_009724389.1	GAC	D	CAC	H	1554
NC_045512.2	4925	G	C	16597	9296	40	1	0	25	6.02373e-05	16601	1	FALSE	ORF1ab:cds-YP_009725295.1	GAC	D	CAC	H	1554
NC_045512.2	4925	G	A	16597	9296	40	1	1	37	6.02373e-05	16601	0.999992	FALSE	ORF1ab:cds-YP_009724389.1	GAC	D	AAC	N	1554
NC_045512.2	4925	G	A	16597	9296	40	1	1	37	6.02373e-05	16601	0.999992	FALSE	ORF1ab:cds-YP_009725295.1	GAC	D	AAC	N	1554
NC_045512.2	4926	A	T	16387	9213	40	1	0	25	6.10054e-05	16392	1	FALSE	ORF1ab:cds-YP_009724389.1	GAC	D	GTC	V	1554
NC_045512.2	4926	A	T	16387	9213	40	1	0	25	6.10054e-05	16392	1	FALSE	ORF1ab:cds-YP_009725295.1	GAC	D	GTC	V	1554
NC_045512.2	4926	A	G	16387	9213	40	4	2	31	0.000244021	16392	0.998715	FALSE	ORF1ab:cds-YP_009724389.1	GAC	D	GGC	G	1554
NC_045512.2	4926	A	G	16387	9213	40	4	2	31	0.000244021	16392	0.998715	FALSE	ORF1ab:cds-YP_009725295.1	GAC	D	GGC	G	1554
NC_045512.2	4927	C	T	16434	9280	40	11	4	37	0.000668734	16449	0.876106	FALSE	ORF1ab:cds-YP_009724389.1	GAC	D	GAT	D	1554
NC_045512.2	4927	C	T	16434	9280	40	11	4	37	0.000668734	16449	0.876106	FALSE	ORF1ab:cds-YP_009725295.1	GAC	D	GAT	D	1554
NC_045512.2	4927	C	G	16434	9280	40	1	1	37	6.0794e-05	16449	0.999992	FALSE	ORF1ab:cds-YP_009724389.1	GAC	D	GAG	E	1554
NC_045512.2	4927	C	G	16434	9280	40	1	1	37	6.0794e-05	16449	0.999992	FALSE	ORF1ab:cds-YP_009725295.1	GAC	D	GAG	E	1554
NC_045512.2	4927	C	A	16434	9280	40	3	0	37	0.000182382	16449	0.999635	FALSE	ORF1ab:cds-YP_009724389.1	GAC	D	GAA	E	1554
NC_045512.2	4927	C	A	16434	9280	40	3	0	37	0.000182382	16449	0.999635	FALSE	ORF1ab:cds-YP_009725295.1	GAC	D	GAA	E	1554
NC_045512.2	4927	C	+A	16434	9280	40	1	0	20	6.0794e-05	16449	1	FALSE	NA	NA	NA	NA	NA	NA
NC_045512.2	4928	A	G	16005	9042	39	2	1	37	0.000124922	16010	0.999928	FALSE	ORF1ab:cds-YP_009724389.1	AAT	N	GAT	D	1555
NC_045512.2	4928	A	G	16005	9042	39	2	1	37	0.000124922	16010	0.999928	FALSE	ORF1ab:cds-YP_009725295.1	AAT	N	GAT	D	1555
NC_045512.2	4928	A	C	16005	9042	39	3	2	25	0.000187383	16010	1	FALSE	ORF1ab:cds-YP_009724389.1	AAT	N	CAT	H	1555
NC_045512.2	4928	A	C	16005	9042	39	3	2	25	0.000187383	16010	1	FALSE	ORF1ab:cds-YP_009725295.1	AAT	N	CAT	H	1555
NC_045512.2	4929	A	G	15343	8583	38	2	2	31	0.000130242	15356	0.999862	FALSE	ORF1ab:cds-YP_009724389.1	AAT	N	AGT	S	1555
NC_045512.2	4929	A	G	15343	8583	38	2	2	31	0.000130242	15356	0.999862	FALSE	ORF1ab:cds-YP_009725295.1	AAT	N	AGT	S	1555
NC_045512.2	4929	A	C	15343	8583	38	11	9	25	0.000716332	15356	1	FALSE	ORF1ab:cds-YP_009724389.1	AAT	N	ACT	T	1555
NC_045512.2	4929	A	C	15343	8583	38	11	9	25	0.000716332	15356	1	FALSE	ORF1ab:cds-YP_009725295.1	AAT	N	ACT	T	1555
NC_045512.2	4930	T	G	16217	9236	39	1	0	25	6.16523e-05	16220	1	FALSE	ORF1ab:cds-YP_009724389.1	AAT	N	AAG	K	1555
NC_045512.2	4930	T	G	16217	9236	39	1	0	25	6.16523e-05	16220	1	FALSE	ORF1ab:cds-YP_009725295.1	AAT	N	AAG	K	1555
NC_045512.2	4930	T	C	16217	9236	39	1	0	37	6.16523e-05	16220	0.999992	FALSE	ORF1ab:cds-YP_009724389.1	AAT	N	AAC	N	1555
NC_045512.2	4930	T	C	16217	9236	39	1	0	37	6.16523e-05	16220	0.999992	FALSE	ORF1ab:cds-YP_009725295.1	AAT	N	AAC	N	1555
NC_045512.2	4930	T	A	16217	9236	39	1	1	25	6.16523e-05	16220	1	FALSE	ORF1ab:cds-YP_009724389.1	AAT	N	AAA	K	1555
NC_045512.2	4930	T	A	16217	9236	39	1	1	25	6.16523e-05	16220	1	FALSE	ORF1ab:cds-YP_009725295.1	AAT	N	AAA	K	1555
NC_045512.2	4931	C	T	16566	9701	39	1	0	37	6.0361e-05	16567	0.999992	FALSE	ORF1ab:cds-YP_009724389.1	CTT	L	TTT	F	1556
NC_045512.2	4931	C	T	16566	9701	39	1	0	37	6.0361e-05	16567	0.999992	FALSE	ORF1ab:cds-YP_009725295.1	CTT	L	TTT	F	1556
NC_045512.2	4931	C	-T	16566	9701	39	1	0	20	6.0361e-05	16567	1	FALSE	NA	NA	NA	NA	NA	NA
NC_045512.2	4932	T	C	15960	9199	39	6	4	38	0.000375752	15968	0.986713	FALSE	ORF1ab:cds-YP_009724389.1	CTT	L	CCT	P	1556
NC_045512.2	4932	T	C	15960	9199	39	6	4	38	0.000375752	15968	0.986713	FALSE	ORF1ab:cds-YP_009725295.1	CTT	L	CCT	P	1556
NC_045512.2	4932	T	A	15960	9199	39	2	0	49	0.000125251	15968	0.499859	FALSE	ORF1ab:cds-YP_009724389.1	CTT	L	CAT	H	1556
NC_045512.2	4932	T	A	15960	9199	39	2	0	49	0.000125251	15968	0.499859	FALSE	ORF1ab:cds-YP_009725295.1	CTT	L	CAT	H	1556
NC_045512.2	4933	T	G	16101	9584	39	5	3	25	0.000310405	16108	1	FALSE	ORF1ab:cds-YP_009724389.1	CTT	L	CTG	L	1556
NC_045512.2	4933	T	G	16101	9584	39	5	3	25	0.000310405	16108	1	FALSE	ORF1ab:cds-YP_009725295.1	CTT	L	CTG	L	1556
NC_045512.2	4933	T	C	16101	9584	39	1	1	37	6.2081e-05	16108	0.999992	FALSE	ORF1ab:cds-YP_009724389.1	CTT	L	CTC	L	1556
NC_045512.2	4933	T	C	16101	9584	39	1	1	37	6.2081e-05	16108	0.999992	FALSE	ORF1ab:cds-YP_009725295.1	CTT	L	CTC	L	1556
NC_045512.2	4933	T	A	16101	9584	39	1	0	25	6.2081e-05	16108	1	FALSE	ORF1ab:cds-YP_009724389.1	CTT	L	CTA	L	1556
NC_045512.2	4933	T	A	16101	9584	39	1	0	25	6.2081e-05	16108	1	FALSE	ORF1ab:cds-YP_009725295.1	CTT	L	CTA	L	1556
NC_045512.2	4934	A	T	16509	9785	39	1	0	25	6.054e-05	16518	1	FALSE	ORF1ab:cds-YP_009724389.1	AAG	K	TAG	*	1557
NC_045512.2	4934	A	T	16509	9785	39	1	0	25	6.054e-05	16518	1	FALSE	ORF1ab:cds-YP_009725295.1	AAG	K	TAG	*	1557
NC_045512.2	4934	A	G	16509	9785	39	3	3	37	0.00018162	16518	0.999636	FALSE	ORF1ab:cds-YP_009724389.1	AAG	K	GAG	E	1557
NC_045512.2	4934	A	G	16509	9785	39	3	3	37	0.00018162	16518	0.999636	FALSE	ORF1ab:cds-YP_009725295.1	AAG	K	GAG	E	1557
NC_045512.2	4934	A	C	16509	9785	39	5	1	28	0.0003027	16518	1	FALSE	ORF1ab:cds-YP_009724389.1	AAG	K	CAG	Q	1557
NC_045512.2	4934	A	C	16509	9785	39	5	1	28	0.0003027	16518	1	FALSE	ORF1ab:cds-YP_009725295.1	AAG	K	CAG	Q	1557
NC_045512.2	4935	A	T	16471	9890	39	1	1	25	6.07017e-05	16474	1	FALSE	ORF1ab:cds-YP_009724389.1	AAG	K	ATG	M	1557
NC_045512.2	4935	A	T	16471	9890	39	1	1	25	6.07017e-05	16474	1	FALSE	ORF1ab:cds-YP_009725295.1	AAG	K	ATG	M	1557
NC_045512.2	4935	A	G	16471	9890	39	2	1	37	0.000121403	16474	0.999928	FALSE	ORF1ab:cds-YP_009724389.1	AAG	K	AGG	R	1557
NC_045512.2	4935	A	G	16471	9890	39	2	1	37	0.000121403	16474	0.999928	FALSE	ORF1ab:cds-YP_009725295.1	AAG	K	AGG	R	1557
NC_045512.2	4936	G	T	16387	9932	39	1	1	37	6.10165e-05	16389	0.999992	FALSE	ORF1ab:cds-YP_009724389.1	AAG	K	AAT	N	1557
NC_045512.2	4936	G	T	16387	9932	39	1	1	37	6.10165e-05	16389	0.999992	FALSE	ORF1ab:cds-YP_009725295.1	AAG	K	AAT	N	1557
NC_045512.2	4936	G	A	16387	9932	39	1	0	37	6.10165e-05	16389	0.999992	FALSE	ORF1ab:cds-YP_009724389.1	AAG	K	AAA	K	1557
NC_045512.2	4936	G	A	16387	9932	39	1	0	37	6.10165e-05	16389	0.999992	FALSE	ORF1ab:cds-YP_009725295.1	AAG	K	AAA	K	1557
NC_045512.2	4937	A	T	15936	10146	39	1	0	29	6.27353e-05	15940	1	FALSE	ORF1ab:cds-YP_009724389.1	ACA	T	TCA	S	1558
NC_045512.2	4937	A	T	15936	10146	39	1	0	29	6.27353e-05	15940	1	FALSE	ORF1ab:cds-YP_009725295.1	ACA	T	TCA	S	1558
NC_045512.2	4937	A	G	15936	10146	39	3	2	33	0.000188206	15940	0.999346	FALSE	ORF1ab:cds-YP_009724389.1	ACA	T	GCA	A	1558
NC_045512.2	4937	A	G	15936	10146	39	3	2	33	0.000188206	15940	0.999346	FALSE	ORF1ab:cds-YP_009725295.1	ACA	T	GCA	A	1558
NC_045512.2	4939	A	T	15967	10209	39	2	2	31	0.000125211	15973	0.999863	FALSE	ORF1ab:cds-YP_009724389.1	ACA	T	ACT	T	1558
NC_045512.2	4939	A	T	15967	10209	39	2	2	31	0.000125211	15973	0.999863	FALSE	ORF1ab:cds-YP_009725295.1	ACA	T	ACT	T	1558
NC_045512.2	4939	A	G	15967	10209	39	3	2	32	0.000187817	15973	0.999345	FALSE	ORF1ab:cds-YP_009724389.1	ACA	T	ACG	T	1558
NC_045512.2	4939	A	G	15967	10209	39	3	2	32	0.000187817	15973	0.999345	FALSE	ORF1ab:cds-YP_009725295.1	ACA	T	ACG	T	1558
NC_045512.2	4939	A	C	15967	10209	39	1	1	37	6.26056e-05	15973	0.999985	FALSE	ORF1ab:cds-YP_009724389.1	ACA	T	ACC	T	1558
NC_045512.2	4939	A	C	15967	10209	39	1	1	37	6.26056e-05	15973	0.999985	FALSE	ORF1ab:cds-YP_009725295.1	ACA	T	ACC	T	1558
NC_045512.2	4940	C	T	16004	10281	39	1	0	37	6.24727e-05	16007	0.999992	FALSE	ORF1ab:cds-YP_009724389.1	CTT	L	TTT	F	1559
NC_045512.2	4940	C	T	16004	10281	39	1	0	37	6.24727e-05	16007	0.999992	FALSE	ORF1ab:cds-YP_009725295.1	CTT	L	TTT	F	1559
NC_045512.2	4940	C	A	16004	10281	39	2	2	31	0.000124945	16007	0.999928	FALSE	ORF1ab:cds-YP_009724389.1	CTT	L	ATT	I	1559
NC_045512.2	4940	C	A	16004	10281	39	2	2	31	0.000124945	16007	0.999928	FALSE	ORF1ab:cds-YP_009725295.1	CTT	L	ATT	I	1559
NC_045512.2	4940	C	-T	16004	10281	39	1	0	20	6.24727e-05	16007	1	FALSE	NA	NA	NA	NA	NA	NA
NC_045512.2	4941	T	G	15893	10221	39	1	1	25	6.2897e-05	15899	1	FALSE	ORF1ab:cds-YP_009724389.1	CTT	L	CGT	R	1559
NC_045512.2	4941	T	G	15893	10221	39	1	1	25	6.2897e-05	15899	1	FALSE	ORF1ab:cds-YP_009725295.1	CTT	L	CGT	R	1559
NC_045512.2	4941	T	C	15893	10221	39	3	2	37	0.000188691	15899	0.999345	FALSE	ORF1ab:cds-YP_009724389.1	CTT	L	CCT	P	1559
NC_045512.2	4941	T	C	15893	10221	39	3	2	37	0.000188691	15899	0.999345	FALSE	ORF1ab:cds-YP_009725295.1	CTT	L	CCT	P	1559
NC_045512.2	4941	T	A	15893	10221	39	2	2	37	0.000125794	15899	0.999863	FALSE	ORF1ab:cds-YP_009724389.1	CTT	L	CAT	H	1559
NC_045512.2	4941	T	A	15893	10221	39	2	2	37	0.000125794	15899	0.999863	FALSE	ORF1ab:cds-YP_009725295.1	CTT	L	CAT	H	1559
NC_045512.2	4942	T	C	15716	10039	39	5	2	34	0.000317965	15725	0.994097	FALSE	ORF1ab:cds-YP_009724389.1	CTT	L	CTC	L	1559
NC_045512.2	4942	T	C	15716	10039	39	5	2	34	0.000317965	15725	0.994097	FALSE	ORF1ab:cds-YP_009725295.1	CTT	L	CTC	L	1559
NC_045512.2	4942	T	A	15716	10039	39	4	3	31	0.000254372	15725	0.997789	FALSE	ORF1ab:cds-YP_009724389.1	CTT	L	CTA	L	1559
NC_045512.2	4942	T	A	15716	10039	39	4	3	31	0.000254372	15725	0.997789	FALSE	ORF1ab:cds-YP_009725295.1	CTT	L	CTA	L	1559
NC_045512.2	4943	C	T	16203	10539	39	1	0	37	6.17093e-05	16205	0.999992	FALSE	ORF1ab:cds-YP_009724389.1	CTT	L	TTT	F	1560
NC_045512.2	4943	C	T	16203	10539	39	1	0	37	6.17093e-05	16205	0.999992	FALSE	ORF1ab:cds-YP_009725295.1	CTT	L	TTT	F	1560
NC_045512.2	4943	C	G	16203	10539	39	1	1	37	6.17093e-05	16205	0.999992	FALSE	ORF1ab:cds-YP_009724389.1	CTT	L	GTT	V	1560
NC_045512.2	4943	C	G	16203	10539	39	1	1	37	6.17093e-05	16205	0.999992	FALSE	ORF1ab:cds-YP_009725295.1	CTT	L	GTT	V	1560
NC_045512.2	4944	T	C	16524	10911	40	2	1	37	0.000121021	16526	0.999928	FALSE	ORF1ab:cds-YP_009724389.1	CTT	L	CCT	P	1560
NC_045512.2	4944	T	C	16524	10911	40	2	1	37	0.000121021	16526	0.999928	FALSE	ORF1ab:cds-YP_009725295.1	CTT	L	CCT	P	1560
NC_045512.2	4946	T	G	16318	10807	39	1	0	37	6.12745e-05	16320	0.999992	FALSE	ORF1ab:cds-YP_009724389.1	TCT	S	GCT	A	1561
NC_045512.2	4946	T	G	16318	10807	39	1	0	37	6.12745e-05	16320	0.999992	FALSE	ORF1ab:cds-YP_009725295.1	TCT	S	GCT	A	1561
NC_045512.2	4946	T	A	16318	10807	39	1	1	25	6.12745e-05	16320	1	FALSE	ORF1ab:cds-YP_009724389.1	TCT	S	ACT	T	1561
NC_045512.2	4946	T	A	16318	10807	39	1	1	25	6.12745e-05	16320	1	FALSE	ORF1ab:cds-YP_009725295.1	TCT	S	ACT	T	1561
NC_045512.2	4947	C	T	16160	11040	39	1	1	37	6.18774e-05	16161	0.999992	FALSE	ORF1ab:cds-YP_009724389.1	TCT	S	TTT	F	1561
NC_045512.2	4947	C	T	16160	11040	39	1	1	37	6.18774e-05	16161	0.999992	FALSE	ORF1ab:cds-YP_009725295.1	TCT	S	TTT	F	1561
NC_045512.2	4948	T	G	16038	10990	39	4	0	31	0.000249283	16046	0.998714	FALSE	ORF1ab:cds-YP_009724389.1	TCT	S	TCG	S	1561
NC_045512.2	4948	T	G	16038	10990	39	4	0	31	0.000249283	16046	0.998714	FALSE	ORF1ab:cds-YP_009725295.1	TCT	S	TCG	S	1561
NC_045512.2	4948	T	C	16038	10990	39	1	1	25	6.23208e-05	16046	1	FALSE	ORF1ab:cds-YP_009724389.1	TCT	S	TCC	S	1561
NC_045512.2	4948	T	C	16038	10990	39	1	1	25	6.23208e-05	16046	1	FALSE	ORF1ab:cds-YP_009725295.1	TCT	S	TCC	S	1561
NC_045512.2	4948	T	A	16038	10990	39	3	1	41	0.000186962	16046	0.312395	FALSE	ORF1ab:cds-YP_009724389.1	TCT	S	TCA	S	1561
NC_045512.2	4948	T	A	16038	10990	39	3	1	41	0.000186962	16046	0.312395	FALSE	ORF1ab:cds-YP_009725295.1	TCT	S	TCA	S	1561
NC_045512.2	4949	T	G	16155	11260	39	9	1	26	0.00055669	16167	1	FALSE	ORF1ab:cds-YP_009724389.1	TTG	L	GTG	V	1562
NC_045512.2	4949	T	G	16155	11260	39	9	1	26	0.00055669	16167	1	FALSE	ORF1ab:cds-YP_009725295.1	TTG	L	GTG	V	1562
NC_045512.2	4949	T	C	16155	11260	39	1	0	25	6.18544e-05	16167	1	FALSE	ORF1ab:cds-YP_009724389.1	TTG	L	CTG	L	1562
NC_045512.2	4949	T	C	16155	11260	39	1	0	25	6.18544e-05	16167	1	FALSE	ORF1ab:cds-YP_009725295.1	TTG	L	CTG	L	1562
NC_045512.2	4949	T	A	16155	11260	39	2	1	37	0.000123709	16167	0.999927	FALSE	ORF1ab:cds-YP_009724389.1	TTG	L	ATG	M	1562
NC_045512.2	4949	T	A	16155	11260	39	2	1	37	0.000123709	16167	0.999927	FALSE	ORF1ab:cds-YP_009725295.1	TTG	L	ATG	M	1562
NC_045512.2	4950	T	G	16292	11182	39	2	1	37	0.000122714	16298	0.999928	FALSE	ORF1ab:cds-YP_009724389.1	TTG	L	TGG	W	1562
NC_045512.2	4950	T	G	16292	11182	39	2	1	37	0.000122714	16298	0.999928	FALSE	ORF1ab:cds-YP_009725295.1	TTG	L	TGG	W	1562
NC_045512.2	4950	T	C	16292	11182	39	3	2	37	0.000184072	16298	0.999637	FALSE	ORF1ab:cds-YP_009724389.1	TTG	L	TCG	S	1562
NC_045512.2	4950	T	C	16292	11182	39	3	2	37	0.000184072	16298	0.999637	FALSE	ORF1ab:cds-YP_009725295.1	TTG	L	TCG	S	1562
NC_045512.2	4950	T	A	16292	11182	39	1	0	37	6.13572e-05	16298	0.999992	FALSE	ORF1ab:cds-YP_009724389.1	TTG	L	TAG	*	1562
NC_045512.2	4950	T	A	16292	11182	39	1	0	37	6.13572e-05	16298	0.999992	FALSE	ORF1ab:cds-YP_009725295.1	TTG	L	TAG	*	1562
NC_045512.2	4951	G	A	16621	11399	40	1	1	25	6.01612e-05	16622	1	FALSE	ORF1ab:cds-YP_009724389.1	TTG	L	TTA	L	1562
NC_045512.2	4951	G	A	16621	11399	40	1	1	25	6.01612e-05	16622	1	FALSE	ORF1ab:cds-YP_009725295.1	TTG	L	TTA	L	1562
NC_045512.2	4952	A	G	16763	11682	40	2	0	42	0.000119296	16765	0.500022	FALSE	ORF1ab:cds-YP_009724389.1	AGA	R	GGA	G	1563
NC_045512.2	4952	A	G	16763	11682	40	2	0	42	0.000119296	16765	0.500022	FALSE	ORF1ab:cds-YP_009725295.1	AGA	R	GGA	G	1563
NC_045512.2	4953	G	T	16803	11628	40	1	1	25	5.95061e-05	16805	1	FALSE	ORF1ab:cds-YP_009724389.1	AGA	R	ATA	I	1563
NC_045512.2	4953	G	T	16803	11628	40	1	1	25	5.95061e-05	16805	1	FALSE	ORF1ab:cds-YP_009725295.1	AGA	R	ATA	I	1563
NC_045512.2	4953	G	A	16803	11628	40	1	1	37	5.95061e-05	16805	0.999992	FALSE	ORF1ab:cds-YP_009724389.1	AGA	R	AAA	K	1563
NC_045512.2	4953	G	A	16803	11628	40	1	1	37	5.95061e-05	16805	0.999992	FALSE	ORF1ab:cds-YP_009725295.1	AGA	R	AAA	K	1563
NC_045512.2	4954	A	T	16736	11653	40	1	0	37	5.97265e-05	16743	0.999992	FALSE	ORF1ab:cds-YP_009724389.1	AGA	R	AGT	S	1563
NC_045512.2	4954	A	T	16736	11653	40	1	0	37	5.97265e-05	16743	0.999992	FALSE	ORF1ab:cds-YP_009725295.1	AGA	R	AGT	S	1563
NC_045512.2	4954	A	G	16736	11653	40	3	2	32	0.000179179	16743	0.999636	FALSE	ORF1ab:cds-YP_009724389.1	AGA	R	AGG	R	1563
NC_045512.2	4954	A	G	16736	11653	40	3	2	32	0.000179179	16743	0.999636	FALSE	ORF1ab:cds-YP_009725295.1	AGA	R	AGG	R	1563
NC_045512.2	4954	A	C	16736	11653	40	3	2	26	0.000179179	16743	1	FALSE	ORF1ab:cds-YP_009724389.1	AGA	R	AGC	S	1563
NC_045512.2	4954	A	C	16736	11653	40	3	2	26	0.000179179	16743	1	FALSE	ORF1ab:cds-YP_009725295.1	AGA	R	AGC	S	1563
NC_045512.2	4956	A	T	16657	11541	40	1	0	25	5.99952e-05	16668	1	FALSE	ORF1ab:cds-YP_009724389.1	GAA	E	GTA	V	1564
NC_045512.2	4956	A	T	16657	11541	40	1	0	25	5.99952e-05	16668	1	FALSE	ORF1ab:cds-YP_009725295.1	GAA	E	GTA	V	1564
NC_045512.2	4956	A	G	16657	11541	40	8	7	35	0.000479962	16668	0.968069	FALSE	ORF1ab:cds-YP_009724389.1	GAA	E	GGA	G	1564
NC_045512.2	4956	A	G	16657	11541	40	8	7	35	0.000479962	16668	0.968069	FALSE	ORF1ab:cds-YP_009725295.1	GAA	E	GGA	G	1564
NC_045512.2	4956	A	C	16657	11541	40	2	2	25	0.00011999	16668	1	FALSE	ORF1ab:cds-YP_009724389.1	GAA	E	GCA	A	1564
NC_045512.2	4956	A	C	16657	11541	40	2	2	25	0.00011999	16668	1	FALSE	ORF1ab:cds-YP_009725295.1	GAA	E	GCA	A	1564
NC_045512.2	4957	A	G	16404	11812	39	2	2	31	0.000121862	16412	0.999928	FALSE	ORF1ab:cds-YP_009724389.1	GAA	E	GAG	E	1564
NC_045512.2	4957	A	G	16404	11812	39	2	2	31	0.000121862	16412	0.999928	FALSE	ORF1ab:cds-YP_009725295.1	GAA	E	GAG	E	1564
NC_045512.2	4957	A	C	16404	11812	39	6	1	31	0.000365586	16412	0.991564	FALSE	ORF1ab:cds-YP_009724389.1	GAA	E	GAC	D	1564
NC_045512.2	4957	A	C	16404	11812	39	6	1	31	0.000365586	16412	0.991564	FALSE	ORF1ab:cds-YP_009725295.1	GAA	E	GAC	D	1564
NC_045512.2	4958	G	A	16829	11980	40	1	1	37	5.94177e-05	16830	0.999992	FALSE	ORF1ab:cds-YP_009724389.1	GTG	V	ATG	M	1565
NC_045512.2	4958	G	A	16829	11980	40	1	1	37	5.94177e-05	16830	0.999992	FALSE	ORF1ab:cds-YP_009725295.1	GTG	V	ATG	M	1565
NC_045512.2	4959	T	C	16817	12066	40	3	3	37	0.000178348	16821	0.999637	FALSE	ORF1ab:cds-YP_009724389.1	GTG	V	GCG	A	1565
NC_045512.2	4959	T	C	16817	12066	40	3	3	37	0.000178348	16821	0.999637	FALSE	ORF1ab:cds-YP_009725295.1	GTG	V	GCG	A	1565
NC_045512.2	4959	T	A	16817	12066	40	1	0	37	5.94495e-05	16821	0.999992	FALSE	ORF1ab:cds-YP_009724389.1	GTG	V	GAG	E	1565
NC_045512.2	4959	T	A	16817	12066	40	1	0	37	5.94495e-05	16821	0.999992	FALSE	ORF1ab:cds-YP_009725295.1	GTG	V	GAG	E	1565
NC_045512.2	4960	G	T	16847	12068	40	1	1	37	5.93542e-05	16848	0.999992	FALSE	ORF1ab:cds-YP_009724389.1	GTG	V	GTT	V	1565
NC_045512.2	4960	G	T	16847	12068	40	1	1	37	5.93542e-05	16848	0.999992	FALSE	ORF1ab:cds-YP_009725295.1	GTG	V	GTT	V	1565
NC_045512.2	4961	A	G	16599	12019	39	6	3	43	0.000361337	16605	0.0624901	FALSE	ORF1ab:cds-YP_009724389.1	AGG	R	GGG	G	1566
NC_045512.2	4961	A	G	16599	12019	39	6	3	43	0.000361337	16605	0.0624901	FALSE	ORF1ab:cds-YP_009725295.1	AGG	R	GGG	G	1566
NC_045512.2	4962	G	T	16762	11989	39	4	4	46	0.000238578	16766	0.1875	FALSE	ORF1ab:cds-YP_009724389.1	AGG	R	ATG	M	1566
NC_045512.2	4962	G	T	16762	11989	39	4	4	46	0.000238578	16766	0.1875	FALSE	ORF1ab:cds-YP_009725295.1	AGG	R	ATG	M	1566
NC_045512.2	4964	A	G	16391	11798	39	2	1	55	0.000121981	16396	0.249962	FALSE	ORF1ab:cds-YP_009724389.1	ACT	T	GCT	A	1567
NC_045512.2	4964	A	G	16391	11798	39	2	1	55	0.000121981	16396	0.249962	FALSE	ORF1ab:cds-YP_009725295.1	ACT	T	GCT	A	1567
NC_045512.2	4964	A	C	16391	11798	39	3	1	25	0.000182971	16396	1	FALSE	ORF1ab:cds-YP_009724389.1	ACT	T	CCT	P	1567
NC_045512.2	4964	A	C	16391	11798	39	3	1	25	0.000182971	16396	1	FALSE	ORF1ab:cds-YP_009725295.1	ACT	T	CCT	P	1567
NC_045512.2	4965	C	T	16809	12064	39	2	1	37	0.000118963	16812	0.999928	FALSE	ORF1ab:cds-YP_009724389.1	ACT	T	ATT	I	1567
NC_045512.2	4965	C	T	16809	12064	39	2	1	37	0.000118963	16812	0.999928	FALSE	ORF1ab:cds-YP_009725295.1	ACT	T	ATT	I	1567
NC_045512.2	4965	C	G	16809	12064	39	1	0	37	5.94813e-05	16812	0.999992	FALSE	ORF1ab:cds-YP_009724389.1	ACT	T	AGT	S	1567
NC_045512.2	4965	C	G	16809	12064	39	1	0	37	5.94813e-05	16812	0.999992	FALSE	ORF1ab:cds-YP_009725295.1	ACT	T	AGT	S	1567
NC_045512.2	4966	T	G	16365	11762	39	2	1	37	0.00012216	16372	0.999928	FALSE	ORF1ab:cds-YP_009724389.1	ACT	T	ACG	T	1567
NC_045512.2	4966	T	G	16365	11762	39	2	1	37	0.00012216	16372	0.999928	FALSE	ORF1ab:cds-YP_009725295.1	ACT	T	ACG	T	1567
NC_045512.2	4966	T	C	16365	11762	39	4	2	43	0.00024432	16372	0.187443	FALSE	ORF1ab:cds-YP_009724389.1	ACT	T	ACC	T	1567
NC_045512.2	4966	T	C	16365	11762	39	4	2	43	0.00024432	16372	0.187443	FALSE	ORF1ab:cds-YP_009725295.1	ACT	T	ACC	T	1567
NC_045512.2	4966	T	A	16365	11762	39	1	1	37	6.10799e-05	16372	0.999992	FALSE	ORF1ab:cds-YP_009724389.1	ACT	T	ACA	T	1567
NC_045512.2	4966	T	A	16365	11762	39	1	1	37	6.10799e-05	16372	0.999992	FALSE	ORF1ab:cds-YP_009725295.1	ACT	T	ACA	T	1567
NC_045512.2	4967	A	T	16221	11682	39	1	0	37	6.15915e-05	16236	0.999992	FALSE	ORF1ab:cds-YP_009724389.1	ATT	I	TTT	F	1568
NC_045512.2	4967	A	T	16221	11682	39	1	0	37	6.15915e-05	16236	0.999992	FALSE	ORF1ab:cds-YP_009725295.1	ATT	I	TTT	F	1568
NC_045512.2	4967	A	G	16221	11682	39	2	2	37	0.000123183	16236	0.999927	FALSE	ORF1ab:cds-YP_009724389.1	ATT	I	GTT	V	1568
NC_045512.2	4967	A	G	16221	11682	39	2	2	37	0.000123183	16236	0.999927	FALSE	ORF1ab:cds-YP_009725295.1	ATT	I	GTT	V	1568
NC_045512.2	4967	A	C	16221	11682	39	12	7	27	0.000739098	16236	1	FALSE	ORF1ab:cds-YP_009724389.1	ATT	I	CTT	L	1568
NC_045512.2	4967	A	C	16221	11682	39	12	7	27	0.000739098	16236	1	FALSE	ORF1ab:cds-YP_009725295.1	ATT	I	CTT	L	1568
NC_045512.2	4968	T	G	16222	11755	38	3	0	21	0.000184888	16226	1	FALSE	ORF1ab:cds-YP_009724389.1	ATT	I	AGT	S	1568
NC_045512.2	4968	T	G	16222	11755	38	3	0	21	0.000184888	16226	1	FALSE	ORF1ab:cds-YP_009725295.1	ATT	I	AGT	S	1568
NC_045512.2	4968	T	A	16222	11755	38	1	0	48	6.16295e-05	16226	0.749977	FALSE	ORF1ab:cds-YP_009724389.1	ATT	I	AAT	N	1568
NC_045512.2	4968	T	A	16222	11755	38	1	0	48	6.16295e-05	16226	0.749977	FALSE	ORF1ab:cds-YP_009725295.1	ATT	I	AAT	N	1568
NC_045512.2	4969	T	G	16362	11985	39	5	2	28	0.000305455	16369	1	FALSE	ORF1ab:cds-YP_009724389.1	ATT	I	ATG	M	1568
NC_045512.2	4969	T	G	16362	11985	39	5	2	28	0.000305455	16369	1	FALSE	ORF1ab:cds-YP_009725295.1	ATT	I	ATG	M	1568
NC_045512.2	4969	T	C	16362	11985	39	1	0	37	6.10911e-05	16369	0.999992	FALSE	ORF1ab:cds-YP_009724389.1	ATT	I	ATC	I	1568
NC_045512.2	4969	T	C	16362	11985	39	1	0	37	6.10911e-05	16369	0.999992	FALSE	ORF1ab:cds-YP_009725295.1	ATT	I	ATC	I	1568
NC_045512.2	4969	T	A	16362	11985	39	1	0	37	6.10911e-05	16369	0.999992	FALSE	ORF1ab:cds-YP_009724389.1	ATT	I	ATA	I	1568
NC_045512.2	4969	T	A	16362	11985	39	1	0	37	6.10911e-05	16369	0.999992	FALSE	ORF1ab:cds-YP_009725295.1	ATT	I	ATA	I	1568
NC_045512.2	4970	A	T	16137	11778	38	2	2	37	0.00012387	16146	0.999928	FALSE	ORF1ab:cds-YP_009724389.1	AAG	K	TAG	*	1569
NC_045512.2	4970	A	T	16137	11778	38	2	2	37	0.00012387	16146	0.999928	FALSE	ORF1ab:cds-YP_009725295.1	AAG	K	TAG	*	1569
NC_045512.2	4970	A	G	16137	11778	38	1	1	37	6.19348e-05	16146	0.999992	FALSE	ORF1ab:cds-YP_009724389.1	AAG	K	GAG	E	1569
NC_045512.2	4970	A	G	16137	11778	38	1	1	37	6.19348e-05	16146	0.999992	FALSE	ORF1ab:cds-YP_009725295.1	AAG	K	GAG	E	1569
NC_045512.2	4970	A	C	16137	11778	38	6	6	26	0.000371609	16146	1	FALSE	ORF1ab:cds-YP_009724389.1	AAG	K	CAG	Q	1569
NC_045512.2	4970	A	C	16137	11778	38	6	6	26	0.000371609	16146	1	FALSE	ORF1ab:cds-YP_009725295.1	AAG	K	CAG	Q	1569
NC_045512.2	4971	A	T	15925	12267	38	2	1	31	0.000125526	15933	0.999863	FALSE	ORF1ab:cds-YP_009724389.1	AAG	K	ATG	M	1569
NC_045512.2	4971	A	T	15925	12267	38	2	1	31	0.000125526	15933	0.999863	FALSE	ORF1ab:cds-YP_009725295.1	AAG	K	ATG	M	1569
NC_045512.2	4971	A	G	15925	12267	38	4	1	31	0.000251051	15933	0.99779	FALSE	ORF1ab:cds-YP_009724389.1	AAG	K	AGG	R	1569
NC_045512.2	4971	A	G	15925	12267	38	4	1	31	0.000251051	15933	0.99779	FALSE	ORF1ab:cds-YP_009725295.1	AAG	K	AGG	R	1569
NC_045512.2	4971	A	C	15925	12267	38	2	2	55	0.000125526	15933	0.249914	FALSE	ORF1ab:cds-YP_009724389.1	AAG	K	ACG	T	1569
NC_045512.2	4971	A	C	15925	12267	38	2	2	55	0.000125526	15933	0.249914	FALSE	ORF1ab:cds-YP_009725295.1	AAG	K	ACG	T	1569
NC_045512.2	4972	G	T	15395	11636	38	1	1	25	6.49519e-05	15396	1	FALSE	ORF1ab:cds-YP_009724389.1	AAG	K	AAT	N	1569
NC_045512.2	4972	G	T	15395	11636	38	1	1	25	6.49519e-05	15396	1	FALSE	ORF1ab:cds-YP_009725295.1	AAG	K	AAT	N	1569
NC_045512.2	4973	G	A	15173	11416	38	4	3	46	0.000263557	15177	0.1875	FALSE	ORF1ab:cds-YP_009724389.1	GTG	V	ATG	M	1570
NC_045512.2	4973	G	A	15173	11416	38	4	3	46	0.000263557	15177	0.1875	FALSE	ORF1ab:cds-YP_009725295.1	GTG	V	ATG	M	1570
NC_045512.2	4973	G	+C	15173	11416	38	6	0	20	0.000395335	15177	1	FALSE	NA	NA	NA	NA	NA	NA
NC_045512.2	4974	T	A	13656	9963	38	1	1	25	7.32225e-05	13657	1	FALSE	ORF1ab:cds-YP_009724389.1	GTG	V	GAG	E	1570
NC_045512.2	4974	T	A	13656	9963	38	1	1	25	7.32225e-05	13657	1	FALSE	ORF1ab:cds-YP_009725295.1	GTG	V	GAG	E	1570
NC_045512.2	4975	G	T	16107	12716	40	1	1	37	6.2081e-05	16108	0.999992	FALSE	ORF1ab:cds-YP_009724389.1	GTG	V	GTT	V	1570
NC_045512.2	4975	G	T	16107	12716	40	1	1	37	6.2081e-05	16108	0.999992	FALSE	ORF1ab:cds-YP_009725295.1	GTG	V	GTT	V	1570
NC_045512.2	4975	G	-T	16107	12716	40	2	0	20	0.000124162	16108	1	FALSE	NA	NA	NA	NA	NA	NA
NC_045512.2	4976	T	C	15500	12221	40	2	2	31	0.000128999	15504	0.999863	FALSE	ORF1ab:cds-YP_009724389.1	TTT	F	CTT	L	1571
NC_045512.2	4976	T	C	15500	12221	40	2	2	31	0.000128999	15504	0.999863	FALSE	ORF1ab:cds-YP_009725295.1	TTT	F	CTT	L	1571
NC_045512.2	4976	T	A	15500	12221	40	2	2	25	0.000128999	15504	1	FALSE	ORF1ab:cds-YP_009724389.1	TTT	F	ATT	I	1571
NC_045512.2	4976	T	A	15500	12221	40	2	2	25	0.000128999	15504	1	FALSE	ORF1ab:cds-YP_009725295.1	TTT	F	ATT	I	1571
NC_045512.2	4977	T	G	15873	12675	41	1	1	25	6.29961e-05	15874	1	FALSE	ORF1ab:cds-YP_009724389.1	TTT	F	TGT	C	1571
NC_045512.2	4977	T	G	15873	12675	41	1	1	25	6.29961e-05	15874	1	FALSE	ORF1ab:cds-YP_009725295.1	TTT	F	TGT	C	1571
NC_045512.2	4978	T	C	15842	12629	40	1	1	37	6.31194e-05	15843	0.999985	FALSE	ORF1ab:cds-YP_009724389.1	TTT	F	TTC	F	1571
NC_045512.2	4978	T	C	15842	12629	40	1	1	37	6.31194e-05	15843	0.999985	FALSE	ORF1ab:cds-YP_009725295.1	TTT	F	TTC	F	1571
NC_045512.2	4979	A	T	15319	12646	39	1	1	25	6.52571e-05	15324	1	FALSE	ORF1ab:cds-YP_009724389.1	ACA	T	TCA	S	1572
NC_045512.2	4979	A	T	15319	12646	39	1	1	25	6.52571e-05	15324	1	FALSE	ORF1ab:cds-YP_009725295.1	ACA	T	TCA	S	1572
NC_045512.2	4979	A	G	15319	12646	39	1	0	37	6.52571e-05	15324	0.999985	FALSE	ORF1ab:cds-YP_009724389.1	ACA	T	GCA	A	1572
NC_045512.2	4979	A	G	15319	12646	39	1	0	37	6.52571e-05	15324	0.999985	FALSE	ORF1ab:cds-YP_009725295.1	ACA	T	GCA	A	1572
NC_045512.2	4979	A	C	15319	12646	39	3	3	25	0.000195771	15324	1	FALSE	ORF1ab:cds-YP_009724389.1	ACA	T	CCA	P	1572
NC_045512.2	4979	A	C	15319	12646	39	3	3	25	0.000195771	15324	1	FALSE	ORF1ab:cds-YP_009725295.1	ACA	T	CCA	P	1572
NC_045512.2	4980	C	T	15730	13109	40	7	6	42	0.000444755	15739	0.0351319	FALSE	ORF1ab:cds-YP_009724389.1	ACA	T	ATA	I	1572
NC_045512.2	4980	C	T	15730	13109	40	7	6	42	0.000444755	15739	0.0351319	FALSE	ORF1ab:cds-YP_009725295.1	ACA	T	ATA	I	1572
NC_045512.2	4980	C	A	15730	13109	40	2	2	31	0.000127073	15739	0.999863	FALSE	ORF1ab:cds-YP_009724389.1	ACA	T	AAA	K	1572
NC_045512.2	4980	C	A	15730	13109	40	2	2	31	0.000127073	15739	0.999863	FALSE	ORF1ab:cds-YP_009725295.1	ACA	T	AAA	K	1572
NC_045512.2	4981	A	T	15588	13019	39	1	1	25	6.41478e-05	15589	1	FALSE	ORF1ab:cds-YP_009724389.1	ACA	T	ACT	T	1572
NC_045512.2	4981	A	T	15588	13019	39	1	1	25	6.41478e-05	15589	1	FALSE	ORF1ab:cds-YP_009725295.1	ACA	T	ACT	T	1572
NC_045512.2	4982	A	G	14897	12288	39	1	0	37	6.71096e-05	14901	0.99997	FALSE	ORF1ab:cds-YP_009724389.1	ACA	T	GCA	A	1573
NC_045512.2	4982	A	G	14897	12288	39	1	0	37	6.71096e-05	14901	0.99997	FALSE	ORF1ab:cds-YP_009725295.1	ACA	T	GCA	A	1573
NC_045512.2	4982	A	C	14897	12288	39	3	3	29	0.000201329	14901	1	FALSE	ORF1ab:cds-YP_009724389.1	ACA	T	CCA	P	1573
NC_045512.2	4982	A	C	14897	12288	39	3	3	29	0.000201329	14901	1	FALSE	ORF1ab:cds-YP_009725295.1	ACA	T	CCA	P	1573
NC_045512.2	4983	C	T	15623	13020	39	5	5	37	0.000319939	15628	0.994106	FALSE	ORF1ab:cds-YP_009724389.1	ACA	T	ATA	I	1573
NC_045512.2	4983	C	T	15623	13020	39	5	5	37	0.000319939	15628	0.994106	FALSE	ORF1ab:cds-YP_009725295.1	ACA	T	ATA	I	1573
NC_045512.2	4984	A	G	14392	11791	40	2	2	37	0.000138937	14395	0.999741	FALSE	ORF1ab:cds-YP_009724389.1	ACA	T	ACG	T	1573
NC_045512.2	4984	A	G	14392	11791	40	2	2	37	0.000138937	14395	0.999741	FALSE	ORF1ab:cds-YP_009725295.1	ACA	T	ACG	T	1573
NC_045512.2	4984	A	C	14392	11791	40	1	0	37	6.94686e-05	14395	0.99997	FALSE	ORF1ab:cds-YP_009724389.1	ACA	T	ACC	T	1573
NC_045512.2	4984	A	C	14392	11791	40	1	0	37	6.94686e-05	14395	0.99997	FALSE	ORF1ab:cds-YP_009725295.1	ACA	T	ACC	T	1573
NC_045512.2	4985	G	T	14337	11735	39	1	1	37	6.97399e-05	14339	0.99997	FALSE	ORF1ab:cds-YP_009724389.1	GTA	V	TTA	L	1574
NC_045512.2	4985	G	T	14337	11735	39	1	1	37	6.97399e-05	14339	0.99997	FALSE	ORF1ab:cds-YP_009725295.1	GTA	V	TTA	L	1574
NC_045512.2	4985	G	A	14337	11735	39	1	1	25	6.97399e-05	14339	1	FALSE	ORF1ab:cds-YP_009724389.1	GTA	V	ATA	I	1574
NC_045512.2	4985	G	A	14337	11735	39	1	1	25	6.97399e-05	14339	1	FALSE	ORF1ab:cds-YP_009725295.1	GTA	V	ATA	I	1574
NC_045512.2	4986	T	G	14083	11772	39	1	1	37	7.10026e-05	14084	0.99997	FALSE	ORF1ab:cds-YP_009724389.1	GTA	V	GGA	G	1574
NC_045512.2	4986	T	G	14083	11772	39	1	1	37	7.10026e-05	14084	0.99997	FALSE	ORF1ab:cds-YP_009725295.1	GTA	V	GGA	G	1574
NC_045512.2	4987	A	T	14310	11997	39	3	2	36	0.000209556	14316	0.998827	FALSE	ORF1ab:cds-YP_009724389.1	GTA	V	GTT	V	1574
NC_045512.2	4987	A	T	14310	11997	39	3	2	36	0.000209556	14316	0.998827	FALSE	ORF1ab:cds-YP_009725295.1	GTA	V	GTT	V	1574
NC_045512.2	4987	A	G	14310	11997	39	3	2	37	0.000209556	14316	0.998827	FALSE	ORF1ab:cds-YP_009724389.1	GTA	V	GTG	V	1574
NC_045512.2	4987	A	G	14310	11997	39	3	2	37	0.000209556	14316	0.998827	FALSE	ORF1ab:cds-YP_009725295.1	GTA	V	GTG	V	1574
NC_045512.2	4988	G	A	14077	11816	39	4	4	37	0.000284071	14081	0.996242	FALSE	ORF1ab:cds-YP_009724389.1	GAC	D	AAC	N	1575
NC_045512.2	4988	G	A	14077	11816	39	4	4	37	0.000284071	14081	0.996242	FALSE	ORF1ab:cds-YP_009725295.1	GAC	D	AAC	N	1575
NC_045512.2	4989	A	T	13906	11594	39	1	1	25	7.19011e-05	13908	1	FALSE	ORF1ab:cds-YP_009724389.1	GAC	D	GTC	V	1575
NC_045512.2	4989	A	T	13906	11594	39	1	1	25	7.19011e-05	13908	1	FALSE	ORF1ab:cds-YP_009725295.1	GAC	D	GTC	V	1575
NC_045512.2	4989	A	G	13906	11594	39	1	1	37	7.19011e-05	13908	0.999939	FALSE	ORF1ab:cds-YP_009724389.1	GAC	D	GGC	G	1575
NC_045512.2	4989	A	G	13906	11594	39	1	1	37	7.19011e-05	13908	0.999939	FALSE	ORF1ab:cds-YP_009725295.1	GAC	D	GGC	G	1575
NC_045512.2	4990	C	T	14312	12066	39	1	1	37	6.98519e-05	14316	0.99997	FALSE	ORF1ab:cds-YP_009724389.1	GAC	D	GAT	D	1575
NC_045512.2	4990	C	T	14312	12066	39	1	1	37	6.98519e-05	14316	0.99997	FALSE	ORF1ab:cds-YP_009725295.1	GAC	D	GAT	D	1575
NC_045512.2	4990	C	A	14312	12066	39	3	2	29	0.000209556	14316	1	FALSE	ORF1ab:cds-YP_009724389.1	GAC	D	GAA	E	1575
NC_045512.2	4990	C	A	14312	12066	39	3	2	29	0.000209556	14316	1	FALSE	ORF1ab:cds-YP_009725295.1	GAC	D	GAA	E	1575
NC_045512.2	4991	A	T	14444	12264	40	1	1	25	6.91946e-05	14452	1	FALSE	ORF1ab:cds-YP_009724389.1	AAC	N	TAC	Y	1576
NC_045512.2	4991	A	T	14444	12264	40	1	1	25	6.91946e-05	14452	1	FALSE	ORF1ab:cds-YP_009725295.1	AAC	N	TAC	Y	1576
NC_045512.2	4991	A	G	14444	12264	40	7	7	37	0.000484362	14452	0.960877	FALSE	ORF1ab:cds-YP_009724389.1	AAC	N	GAC	D	1576
NC_045512.2	4991	A	G	14444	12264	40	7	7	37	0.000484362	14452	0.960877	FALSE	ORF1ab:cds-YP_009725295.1	AAC	N	GAC	D	1576
NC_045512.2	4992	A	T	14133	11915	39	2	2	37	0.000141453	14139	0.999741	FALSE	ORF1ab:cds-YP_009724389.1	AAC	N	ATC	I	1576
NC_045512.2	4992	A	T	14133	11915	39	2	2	37	0.000141453	14139	0.999741	FALSE	ORF1ab:cds-YP_009725295.1	AAC	N	ATC	I	1576
NC_045512.2	4992	A	G	14133	11915	39	2	2	31	0.000141453	14139	0.999741	FALSE	ORF1ab:cds-YP_009724389.1	AAC	N	AGC	S	1576
NC_045512.2	4992	A	G	14133	11915	39	2	2	31	0.000141453	14139	0.999741	FALSE	ORF1ab:cds-YP_009725295.1	AAC	N	AGC	S	1576
NC_045512.2	4992	A	C	14133	11915	39	2	2	37	0.000141453	14139	0.999741	FALSE	ORF1ab:cds-YP_009724389.1	AAC	N	ACC	T	1576
NC_045512.2	4992	A	C	14133	11915	39	2	2	37	0.000141453	14139	0.999741	FALSE	ORF1ab:cds-YP_009725295.1	AAC	N	ACC	T	1576
NC_045512.2	4993	C	T	14479	12231	39	2	1	37	0.000138112	14481	0.999742	FALSE	ORF1ab:cds-YP_009724389.1	AAC	N	AAT	N	1576
NC_045512.2	4993	C	T	14479	12231	39	2	1	37	0.000138112	14481	0.999742	FALSE	ORF1ab:cds-YP_009725295.1	AAC	N	AAT	N	1576
NC_045512.2	4994	A	C	14112	12002	39	1	0	37	7.08567e-05	14113	0.99997	FALSE	ORF1ab:cds-YP_009724389.1	ATT	I	CTT	L	1577
NC_045512.2	4994	A	C	14112	12002	39	1	0	37	7.08567e-05	14113	0.99997	FALSE	ORF1ab:cds-YP_009725295.1	ATT	I	CTT	L	1577
NC_045512.2	4995	T	G	13880	11813	39	1	0	25	7.20254e-05	13884	1	FALSE	ORF1ab:cds-YP_009724389.1	ATT	I	AGT	S	1577
NC_045512.2	4995	T	G	13880	11813	39	1	0	25	7.20254e-05	13884	1	FALSE	ORF1ab:cds-YP_009725295.1	ATT	I	AGT	S	1577
NC_045512.2	4995	T	C	13880	11813	39	2	2	25	0.000144051	13884	1	FALSE	ORF1ab:cds-YP_009724389.1	ATT	I	ACT	T	1577
NC_045512.2	4995	T	C	13880	11813	39	2	2	25	0.000144051	13884	1	FALSE	ORF1ab:cds-YP_009725295.1	ATT	I	ACT	T	1577
NC_045512.2	4995	T	A	13880	11813	39	1	1	37	7.20254e-05	13884	0.999939	FALSE	ORF1ab:cds-YP_009724389.1	ATT	I	AAT	N	1577
NC_045512.2	4995	T	A	13880	11813	39	1	1	37	7.20254e-05	13884	0.999939	FALSE	ORF1ab:cds-YP_009725295.1	ATT	I	AAT	N	1577
NC_045512.2	4996	T	G	13763	11663	39	2	2	25	0.000145275	13767	1	FALSE	ORF1ab:cds-YP_009724389.1	ATT	I	ATG	M	1577
NC_045512.2	4996	T	G	13763	11663	39	2	2	25	0.000145275	13767	1	FALSE	ORF1ab:cds-YP_009725295.1	ATT	I	ATG	M	1577
NC_045512.2	4996	T	C	13763	11663	39	2	2	37	0.000145275	13767	0.999513	FALSE	ORF1ab:cds-YP_009724389.1	ATT	I	ATC	I	1577
NC_045512.2	4996	T	C	13763	11663	39	2	2	37	0.000145275	13767	0.999513	FALSE	ORF1ab:cds-YP_009725295.1	ATT	I	ATC	I	1577
NC_045512.2	4997	A	G	14073	11955	40	2	2	37	0.000142086	14076	0.999741	FALSE	ORF1ab:cds-YP_009724389.1	AAC	N	GAC	D	1578
NC_045512.2	4997	A	G	14073	11955	40	2	2	37	0.000142086	14076	0.999741	FALSE	ORF1ab:cds-YP_009725295.1	AAC	N	GAC	D	1578
NC_045512.2	4997	A	C	14073	11955	40	1	1	29	7.10429e-05	14076	1	FALSE	ORF1ab:cds-YP_009724389.1	AAC	N	CAC	H	1578
NC_045512.2	4997	A	C	14073	11955	40	1	1	29	7.10429e-05	14076	1	FALSE	ORF1ab:cds-YP_009725295.1	AAC	N	CAC	H	1578
NC_045512.2	4998	A	T	13905	11946	39	1	1	37	7.18907e-05	13910	0.999939	FALSE	ORF1ab:cds-YP_009724389.1	AAC	N	ATC	I	1578
NC_045512.2	4998	A	T	13905	11946	39	1	1	37	7.18907e-05	13910	0.999939	FALSE	ORF1ab:cds-YP_009725295.1	AAC	N	ATC	I	1578
NC_045512.2	4998	A	C	13905	11946	39	4	4	25	0.000287563	13910	1	FALSE	ORF1ab:cds-YP_009724389.1	AAC	N	ACC	T	1578
NC_045512.2	4998	A	C	13905	11946	39	4	4	25	0.000287563	13910	1	FALSE	ORF1ab:cds-YP_009725295.1	AAC	N	ACC	T	1578
NC_045512.2	4999	C	T	14416	12462	39	4	4	37	0.000277373	14421	0.99624	FALSE	ORF1ab:cds-YP_009724389.1	AAC	N	AAT	N	1578
NC_045512.2	4999	C	T	14416	12462	39	4	4	37	0.000277373	14421	0.99624	FALSE	ORF1ab:cds-YP_009725295.1	AAC	N	AAT	N	1578
NC_045512.2	4999	C	A	14416	12462	39	1	0	37	6.93433e-05	14421	0.99997	FALSE	ORF1ab:cds-YP_009724389.1	AAC	N	AAA	K	1578
NC_045512.2	4999	C	A	14416	12462	39	1	0	37	6.93433e-05	14421	0.99997	FALSE	ORF1ab:cds-YP_009725295.1	AAC	N	AAA	K	1578
NC_045512.2	5000	C	T	14516	12609	40	2	2	37	0.00013776	14518	0.999742	FALSE	ORF1ab:cds-YP_009724389.1	CTC	L	TTC	F	1579
NC_045512.2	5000	C	T	14516	12609	40	2	2	37	0.00013776	14518	0.999742	FALSE	ORF1ab:cds-YP_009725295.1	CTC	L	TTC	F	1579
NC_045512.2	5001	T	C	12949	11042	40	8	8	32	0.000617379	12958	0.868505	FALSE	ORF1ab:cds-YP_009724389.1	CTC	L	CCC	P	1579
NC_045512.2	5001	T	C	12949	11042	40	8	8	32	0.000617379	12958	0.868505	FALSE	ORF1ab:cds-YP_009725295.1	CTC	L	CCC	P	1579
NC_045512.2	5001	T	A	12949	11042	40	1	0	37	7.71724e-05	12958	0.999878	FALSE	ORF1ab:cds-YP_009724389.1	CTC	L	CAC	H	1579
NC_045512.2	5001	T	A	12949	11042	40	1	0	37	7.71724e-05	12958	0.999878	FALSE	ORF1ab:cds-YP_009725295.1	CTC	L	CAC	H	1579
NC_045512.2	5002	C	T	13067	11174	40	2	2	37	0.000153022	13070	0.999513	FALSE	ORF1ab:cds-YP_009724389.1	CTC	L	CTT	L	1579
NC_045512.2	5002	C	T	13067	11174	40	2	2	37	0.000153022	13070	0.999513	FALSE	ORF1ab:cds-YP_009725295.1	CTC	L	CTT	L	1579
NC_045512.2	5002	C	A	13067	11174	40	1	1	25	7.65111e-05	13070	1	FALSE	ORF1ab:cds-YP_009724389.1	CTC	L	CTA	L	1579
NC_045512.2	5002	C	A	13067	11174	40	1	1	25	7.65111e-05	13070	1	FALSE	ORF1ab:cds-YP_009725295.1	CTC	L	CTA	L	1579
NC_045512.2	5003	C	G	13133	11259	40	1	1	37	7.61267e-05	13136	0.999939	FALSE	ORF1ab:cds-YP_009724389.1	CAC	H	GAC	D	1580
NC_045512.2	5003	C	G	13133	11259	40	1	1	37	7.61267e-05	13136	0.999939	FALSE	ORF1ab:cds-YP_009725295.1	CAC	H	GAC	D	1580
NC_045512.2	5003	C	A	13133	11259	40	2	0	27	0.000152253	13136	1	FALSE	ORF1ab:cds-YP_009724389.1	CAC	H	AAC	N	1580
NC_045512.2	5003	C	A	13133	11259	40	2	0	27	0.000152253	13136	1	FALSE	ORF1ab:cds-YP_009725295.1	CAC	H	AAC	N	1580
NC_045512.2	5004	A	C	12937	11040	40	1	1	25	7.72917e-05	12938	1	FALSE	ORF1ab:cds-YP_009724389.1	CAC	H	CCC	P	1580
NC_045512.2	5004	A	C	12937	11040	40	1	1	25	7.72917e-05	12938	1	FALSE	ORF1ab:cds-YP_009725295.1	CAC	H	CCC	P	1580
NC_045512.2	5006	A	C	12835	11070	40	2	2	25	0.0001558	12837	1	FALSE	ORF1ab:cds-YP_009724389.1	ACG	T	CCG	P	1581
NC_045512.2	5006	A	C	12835	11070	40	2	2	25	0.0001558	12837	1	FALSE	ORF1ab:cds-YP_009725295.1	ACG	T	CCG	P	1581
NC_045512.2	5007	C	T	13316	11559	40	7	5	37	0.000525368	13324	0.942409	FALSE	ORF1ab:cds-YP_009724389.1	ACG	T	ATG	M	1581
NC_045512.2	5007	C	T	13316	11559	40	7	5	37	0.000525368	13324	0.942409	FALSE	ORF1ab:cds-YP_009725295.1	ACG	T	ATG	M	1581
NC_045512.2	5007	C	A	13316	11559	40	1	1	25	7.50525e-05	13324	1	FALSE	ORF1ab:cds-YP_009724389.1	ACG	T	AAG	K	1581
NC_045512.2	5007	C	A	13316	11559	40	1	1	25	7.50525e-05	13324	1	FALSE	ORF1ab:cds-YP_009725295.1	ACG	T	AAG	K	1581
NC_045512.2	5008	G	A	13093	11366	40	21	17	37	0.00160134	13114	0.114632	FALSE	ORF1ab:cds-YP_009724389.1	ACG	T	ACA	T	1581
NC_045512.2	5008	G	A	13093	11366	40	21	17	37	0.00160134	13114	0.114632	FALSE	ORF1ab:cds-YP_009725295.1	ACG	T	ACA	T	1581
NC_045512.2	5009	C	T	13167	11443	40	1	1	37	7.59417e-05	13168	0.999939	FALSE	ORF1ab:cds-YP_009724389.1	CAA	Q	TAA	*	1582
NC_045512.2	5009	C	T	13167	11443	40	1	1	37	7.59417e-05	13168	0.999939	FALSE	ORF1ab:cds-YP_009725295.1	CAA	Q	TAA	*	1582
NC_045512.2	5010	A	T	12655	10928	39	1	1	74	7.89702e-05	12663	0.499882	FALSE	ORF1ab:cds-YP_009724389.1	CAA	Q	CTA	L	1582
NC_045512.2	5010	A	T	12655	10928	39	1	1	74	7.89702e-05	12663	0.499882	FALSE	ORF1ab:cds-YP_009725295.1	CAA	Q	CTA	L	1582
NC_045512.2	5010	A	G	12655	10928	39	4	3	40	0.000315881	12663	0.187401	FALSE	ORF1ab:cds-YP_009724389.1	CAA	Q	CGA	R	1582
NC_045512.2	5010	A	G	12655	10928	39	4	3	40	0.000315881	12663	0.187401	FALSE	ORF1ab:cds-YP_009725295.1	CAA	Q	CGA	R	1582
NC_045512.2	5010	A	C	12655	10928	39	3	3	25	0.000236911	12663	1	FALSE	ORF1ab:cds-YP_009724389.1	CAA	Q	CCA	P	1582
NC_045512.2	5010	A	C	12655	10928	39	3	3	25	0.000236911	12663	1	FALSE	ORF1ab:cds-YP_009725295.1	CAA	Q	CCA	P	1582
NC_045512.2	5011	A	G	12469	10786	39	1	1	37	8.01475e-05	12477	0.999878	FALSE	ORF1ab:cds-YP_009724389.1	CAA	Q	CAG	Q	1582
NC_045512.2	5011	A	G	12469	10786	39	1	1	37	8.01475e-05	12477	0.999878	FALSE	ORF1ab:cds-YP_009725295.1	CAA	Q	CAG	Q	1582
NC_045512.2	5011	A	C	12469	10786	39	7	7	28	0.000561032	12477	1	FALSE	ORF1ab:cds-YP_009724389.1	CAA	Q	CAC	H	1582
NC_045512.2	5011	A	C	12469	10786	39	7	7	28	0.000561032	12477	1	FALSE	ORF1ab:cds-YP_009725295.1	CAA	Q	CAC	H	1582
NC_045512.2	5012	G	A	12847	11144	40	1	1	37	7.78331e-05	12848	0.999878	FALSE	ORF1ab:cds-YP_009724389.1	GTT	V	ATT	I	1583
NC_045512.2	5012	G	A	12847	11144	40	1	1	37	7.78331e-05	12848	0.999878	FALSE	ORF1ab:cds-YP_009725295.1	GTT	V	ATT	I	1583
NC_045512.2	5013	T	G	13033	11401	40	1	1	25	7.67165e-05	13035	1	FALSE	ORF1ab:cds-YP_009724389.1	GTT	V	GGT	G	1583
NC_045512.2	5013	T	G	13033	11401	40	1	1	25	7.67165e-05	13035	1	FALSE	ORF1ab:cds-YP_009725295.1	GTT	V	GGT	G	1583
NC_045512.2	5013	T	C	13033	11401	40	1	1	37	7.67165e-05	13035	0.999939	FALSE	ORF1ab:cds-YP_009724389.1	GTT	V	GCT	A	1583
NC_045512.2	5013	T	C	13033	11401	40	1	1	37	7.67165e-05	13035	0.999939	FALSE	ORF1ab:cds-YP_009725295.1	GTT	V	GCT	A	1583
NC_045512.2	5015	G	T	12866	11438	39	1	1	25	7.77001e-05	12870	1	FALSE	ORF1ab:cds-YP_009724389.1	GTG	V	TTG	L	1584
NC_045512.2	5015	G	T	12866	11438	39	1	1	25	7.77001e-05	12870	1	FALSE	ORF1ab:cds-YP_009725295.1	GTG	V	TTG	L	1584
NC_045512.2	5015	G	A	12866	11438	39	3	1	45	0.0002331	12870	0.312485	FALSE	ORF1ab:cds-YP_009724389.1	GTG	V	ATG	M	1584
NC_045512.2	5015	G	A	12866	11438	39	3	1	45	0.0002331	12870	0.312485	FALSE	ORF1ab:cds-YP_009725295.1	GTG	V	ATG	M	1584
NC_045512.2	5016	T	G	12606	11189	39	1	1	25	7.9321e-05	12607	1	FALSE	ORF1ab:cds-YP_009724389.1	GTG	V	GGG	G	1584
NC_045512.2	5016	T	G	12606	11189	39	1	1	25	7.9321e-05	12607	1	FALSE	ORF1ab:cds-YP_009725295.1	GTG	V	GGG	G	1584
NC_045512.2	5017	G	A	12528	11097	39	2	2	37	0.000159617	12530	0.999087	FALSE	ORF1ab:cds-YP_009724389.1	GTG	V	GTA	V	1584
NC_045512.2	5017	G	A	12528	11097	39	2	2	37	0.000159617	12530	0.999087	FALSE	ORF1ab:cds-YP_009725295.1	GTG	V	GTA	V	1584
NC_045512.2	5018	G	A	12619	11190	39	2	2	37	0.000158466	12621	0.999087	FALSE	ORF1ab:cds-YP_009724389.1	GAC	D	AAC	N	1585
NC_045512.2	5018	G	A	12619	11190	39	2	2	37	0.000158466	12621	0.999087	FALSE	ORF1ab:cds-YP_009725295.1	GAC	D	AAC	N	1585
NC_045512.2	5019	A	G	12515	11078	39	5	3	47	0.000399361	12520	0.109366	FALSE	ORF1ab:cds-YP_009724389.1	GAC	D	GGC	G	1585
NC_045512.2	5019	A	G	12515	11078	39	5	3	47	0.000399361	12520	0.109366	FALSE	ORF1ab:cds-YP_009725295.1	GAC	D	GGC	G	1585
NC_045512.2	5020	C	T	12443	11028	39	2	2	37	0.000160707	12445	0.999087	FALSE	ORF1ab:cds-YP_009724389.1	GAC	D	GAT	D	1585
NC_045512.2	5020	C	T	12443	11028	39	2	2	37	0.000160707	12445	0.999087	FALSE	ORF1ab:cds-YP_009725295.1	GAC	D	GAT	D	1585
NC_045512.2	5021	A	C	11152	9820	39	3	2	33	0.000268938	11155	0.993547	FALSE	ORF1ab:cds-YP_009724389.1	ATG	M	CTG	L	1586
NC_045512.2	5021	A	C	11152	9820	39	3	2	33	0.000268938	11155	0.993547	FALSE	ORF1ab:cds-YP_009725295.1	ATG	M	CTG	L	1586
NC_045512.2	5022	T	G	11202	9870	39	1	1	25	8.92538e-05	11204	1	FALSE	ORF1ab:cds-YP_009724389.1	ATG	M	AGG	R	1586
NC_045512.2	5022	T	G	11202	9870	39	1	1	25	8.92538e-05	11204	1	FALSE	ORF1ab:cds-YP_009725295.1	ATG	M	AGG	R	1586
NC_045512.2	5022	T	A	11202	9870	39	1	0	25	8.92538e-05	11204	1	FALSE	ORF1ab:cds-YP_009724389.1	ATG	M	AAG	K	1586
NC_045512.2	5022	T	A	11202	9870	39	1	0	25	8.92538e-05	11204	1	FALSE	ORF1ab:cds-YP_009725295.1	ATG	M	AAG	K	1586
NC_045512.2	5023	G	A	11350	10031	39	3	3	37	0.000264247	11353	0.993546	FALSE	ORF1ab:cds-YP_009724389.1	ATG	M	ATA	I	1586
NC_045512.2	5023	G	A	11350	10031	39	3	3	37	0.000264247	11353	0.993546	FALSE	ORF1ab:cds-YP_009725295.1	ATG	M	ATA	I	1586
NC_045512.2	5024	T	C	11033	9705	39	2	2	37	0.000181209	11037	0.998294	FALSE	ORF1ab:cds-YP_009724389.1	TCA	S	CCA	P	1587
NC_045512.2	5024	T	C	11033	9705	39	2	2	37	0.000181209	11037	0.998294	FALSE	ORF1ab:cds-YP_009725295.1	TCA	S	CCA	P	1587
NC_045512.2	5024	T	A	11033	9705	39	2	1	25	0.000181209	11037	1	FALSE	ORF1ab:cds-YP_009724389.1	TCA	S	ACA	T	1587
NC_045512.2	5024	T	A	11033	9705	39	2	1	25	0.000181209	11037	1	FALSE	ORF1ab:cds-YP_009725295.1	TCA	S	ACA	T	1587
NC_045512.2	5025	C	T	11311	9986	39	3	3	49	0.000265135	11315	0.312483	FALSE	ORF1ab:cds-YP_009724389.1	TCA	S	TTA	L	1587
NC_045512.2	5025	C	T	11311	9986	39	3	3	49	0.000265135	11315	0.312483	FALSE	ORF1ab:cds-YP_009725295.1	TCA	S	TTA	L	1587
NC_045512.2	5025	C	A	11311	9986	39	1	1	37	8.83783e-05	11315	0.999756	FALSE	ORF1ab:cds-YP_009724389.1	TCA	S	TAA	*	1587
NC_045512.2	5025	C	A	11311	9986	39	1	1	37	8.83783e-05	11315	0.999756	FALSE	ORF1ab:cds-YP_009725295.1	TCA	S	TAA	*	1587
NC_045512.2	5026	A	G	11192	9901	39	2	2	37	0.000178667	11194	0.998296	FALSE	ORF1ab:cds-YP_009724389.1	TCA	S	TCG	S	1587
NC_045512.2	5026	A	G	11192	9901	39	2	2	37	0.000178667	11194	0.998296	FALSE	ORF1ab:cds-YP_009725295.1	TCA	S	TCG	S	1587
NC_045512.2	5027	A	T	10930	9648	39	1	1	25	9.14328e-05	10937	1	FALSE	ORF1ab:cds-YP_009724389.1	ATG	M	TTG	L	1588
NC_045512.2	5027	A	T	10930	9648	39	1	1	25	9.14328e-05	10937	1	FALSE	ORF1ab:cds-YP_009725295.1	ATG	M	TTG	L	1588
NC_045512.2	5027	A	G	10930	9648	39	2	2	37	0.000182866	10937	0.996827	FALSE	ORF1ab:cds-YP_009724389.1	ATG	M	GTG	V	1588
NC_045512.2	5027	A	G	10930	9648	39	2	2	37	0.000182866	10937	0.996827	FALSE	ORF1ab:cds-YP_009725295.1	ATG	M	GTG	V	1588
NC_045512.2	5027	A	C	10930	9648	39	4	4	26	0.000365731	10937	1	FALSE	ORF1ab:cds-YP_009724389.1	ATG	M	CTG	L	1588
NC_045512.2	5027	A	C	10930	9648	39	4	4	26	0.000365731	10937	1	FALSE	ORF1ab:cds-YP_009725295.1	ATG	M	CTG	L	1588
NC_045512.2	5028	T	C	11092	9799	39	1	1	37	9.01469e-05	11093	0.999757	FALSE	ORF1ab:cds-YP_009724389.1	ATG	M	ACG	T	1588
NC_045512.2	5028	T	C	11092	9799	39	1	1	37	9.01469e-05	11093	0.999757	FALSE	ORF1ab:cds-YP_009725295.1	ATG	M	ACG	T	1588
NC_045512.2	5029	G	A	11235	9927	39	4	3	36	0.000355904	11239	0.982459	FALSE	ORF1ab:cds-YP_009724389.1	ATG	M	ATA	I	1588
NC_045512.2	5029	G	A	11235	9927	39	4	3	36	0.000355904	11239	0.982459	FALSE	ORF1ab:cds-YP_009725295.1	ATG	M	ATA	I	1588
NC_045512.2	5030	A	G	11018	9765	39	2	1	55	0.000181488	11020	0.250011	FALSE	ORF1ab:cds-YP_009724389.1	ACA	T	GCA	A	1589
NC_045512.2	5030	A	G	11018	9765	39	2	1	55	0.000181488	11020	0.250011	FALSE	ORF1ab:cds-YP_009725295.1	ACA	T	GCA	A	1589
NC_045512.2	5031	C	T	10717	9678	38	2	2	37	0.000186585	10719	0.996834	FALSE	ORF1ab:cds-YP_009724389.1	ACA	T	ATA	I	1589
NC_045512.2	5031	C	T	10717	9678	38	2	2	37	0.000186585	10719	0.996834	FALSE	ORF1ab:cds-YP_009725295.1	ACA	T	ATA	I	1589
NC_045512.2	5032	A	G	10561	9534	38	1	1	37	9.46701e-05	10563	0.999513	FALSE	ORF1ab:cds-YP_009724389.1	ACA	T	ACG	T	1589
NC_045512.2	5032	A	G	10561	9534	38	1	1	37	9.46701e-05	10563	0.999513	FALSE	ORF1ab:cds-YP_009725295.1	ACA	T	ACG	T	1589
NC_045512.2	5032	A	C	10561	9534	38	1	1	25	9.46701e-05	10563	1	FALSE	ORF1ab:cds-YP_009724389.1	ACA	T	ACC	T	1589
NC_045512.2	5032	A	C	10561	9534	38	1	1	25	9.46701e-05	10563	1	FALSE	ORF1ab:cds-YP_009725295.1	ACA	T	ACC	T	1589
NC_045512.2	5033	T	C	10455	9435	38	1	1	37	9.56297e-05	10457	0.999513	FALSE	ORF1ab:cds-YP_009724389.1	TAT	Y	CAT	H	1590
NC_045512.2	5033	T	C	10455	9435	38	1	1	37	9.56297e-05	10457	0.999513	FALSE	ORF1ab:cds-YP_009725295.1	TAT	Y	CAT	H	1590
NC_045512.2	5033	T	A	10455	9435	38	1	1	37	9.56297e-05	10457	0.999513	FALSE	ORF1ab:cds-YP_009724389.1	TAT	Y	AAT	N	1590
NC_045512.2	5033	T	A	10455	9435	38	1	1	37	9.56297e-05	10457	0.999513	FALSE	ORF1ab:cds-YP_009725295.1	TAT	Y	AAT	N	1590
NC_045512.2	5034	A	T	10573	9545	38	1	0	37	9.45358e-05	10578	0.999512	FALSE	ORF1ab:cds-YP_009724389.1	TAT	Y	TTT	F	1590
NC_045512.2	5034	A	T	10573	9545	38	1	0	37	9.45358e-05	10578	0.999512	FALSE	ORF1ab:cds-YP_009725295.1	TAT	Y	TTT	F	1590
NC_045512.2	5034	A	G	10573	9545	38	4	3	37	0.000378143	10578	0.971354	FALSE	ORF1ab:cds-YP_009724389.1	TAT	Y	TGT	C	1590
NC_045512.2	5034	A	G	10573	9545	38	4	3	37	0.000378143	10578	0.971354	FALSE	ORF1ab:cds-YP_009725295.1	TAT	Y	TGT	C	1590
NC_045512.2	5035	T	G	10504	9478	39	1	0	25	9.51837e-05	10506	1	FALSE	ORF1ab:cds-YP_009724389.1	TAT	Y	TAG	*	1590
NC_045512.2	5035	T	G	10504	9478	39	1	0	25	9.51837e-05	10506	1	FALSE	ORF1ab:cds-YP_009725295.1	TAT	Y	TAG	*	1590
NC_045512.2	5035	T	C	10504	9478	39	1	1	37	9.51837e-05	10506	0.999513	FALSE	ORF1ab:cds-YP_009724389.1	TAT	Y	TAC	Y	1590
NC_045512.2	5035	T	C	10504	9478	39	1	1	37	9.51837e-05	10506	0.999513	FALSE	ORF1ab:cds-YP_009725295.1	TAT	Y	TAC	Y	1590
NC_045512.2	5036	G	T	10452	9440	38	1	1	37	9.56572e-05	10454	0.999513	FALSE	ORF1ab:cds-YP_009724389.1	GGA	G	TGA	*	1591
NC_045512.2	5036	G	T	10452	9440	38	1	1	37	9.56572e-05	10454	0.999513	FALSE	ORF1ab:cds-YP_009725295.1	GGA	G	TGA	*	1591
NC_045512.2	5036	G	A	10452	9440	38	1	1	37	9.56572e-05	10454	0.999513	FALSE	ORF1ab:cds-YP_009724389.1	GGA	G	AGA	R	1591
NC_045512.2	5036	G	A	10452	9440	38	1	1	37	9.56572e-05	10454	0.999513	FALSE	ORF1ab:cds-YP_009725295.1	GGA	G	AGA	R	1591
NC_045512.2	5037	G	T	10126	9124	34	1	1	37	9.87069e-05	10131	0.999512	FALSE	ORF1ab:cds-YP_009724389.1	GGA	G	GTA	V	1591
NC_045512.2	5037	G	T	10126	9124	34	1	1	37	9.87069e-05	10131	0.999512	FALSE	ORF1ab:cds-YP_009725295.1	GGA	G	GTA	V	1591
NC_045512.2	5037	G	A	10126	9124	34	4	4	37	0.000394828	10131	0.971356	FALSE	ORF1ab:cds-YP_009724389.1	GGA	G	GAA	E	1591
NC_045512.2	5037	G	A	10126	9124	34	4	4	37	0.000394828	10131	0.971356	FALSE	ORF1ab:cds-YP_009725295.1	GGA	G	GAA	E	1591
NC_045512.2	5038	A	T	10133	9119	38	1	1	37	9.86485e-05	10137	0.999513	FALSE	ORF1ab:cds-YP_009724389.1	GGA	G	GGT	G	1591
NC_045512.2	5038	A	T	10133	9119	38	1	1	37	9.86485e-05	10137	0.999513	FALSE	ORF1ab:cds-YP_009725295.1	GGA	G	GGT	G	1591
NC_045512.2	5038	A	G	10133	9119	38	2	1	55	0.000197297	10137	0.249963	FALSE	ORF1ab:cds-YP_009724389.1	GGA	G	GGG	G	1591
NC_045512.2	5038	A	G	10133	9119	38	2	1	55	0.000197297	10137	0.249963	FALSE	ORF1ab:cds-YP_009725295.1	GGA	G	GGG	G	1591
NC_045512.2	5038	A	C	10133	9119	38	1	1	37	9.86485e-05	10137	0.999513	FALSE	ORF1ab:cds-YP_009724389.1	GGA	G	GGC	G	1591
NC_045512.2	5038	A	C	10133	9119	38	1	1	37	9.86485e-05	10137	0.999513	FALSE	ORF1ab:cds-YP_009725295.1	GGA	G	GGC	G	1591
NC_045512.2	5039	C	T	10366	9374	38	1	1	37	9.64599e-05	10367	0.999513	FALSE	ORF1ab:cds-YP_009724389.1	CAA	Q	TAA	*	1592
NC_045512.2	5039	C	T	10366	9374	38	1	1	37	9.64599e-05	10367	0.999513	FALSE	ORF1ab:cds-YP_009725295.1	CAA	Q	TAA	*	1592
NC_045512.2	5040	A	G	9315	8337	39	2	2	37	0.000214661	9317	0.994155	FALSE	ORF1ab:cds-YP_009724389.1	CAA	Q	CGA	R	1592
NC_045512.2	5040	A	G	9315	8337	39	2	2	37	0.000214661	9317	0.994155	FALSE	ORF1ab:cds-YP_009725295.1	CAA	Q	CGA	R	1592
NC_045512.2	5041	A	G	9066	8116	38	2	2	31	0.000220531	9069	0.994152	FALSE	ORF1ab:cds-YP_009724389.1	CAA	Q	CAG	Q	1592
NC_045512.2	5041	A	G	9066	8116	38	2	2	31	0.000220531	9069	0.994152	FALSE	ORF1ab:cds-YP_009725295.1	CAA	Q	CAG	Q	1592
NC_045512.2	5041	A	C	9066	8116	38	1	0	74	0.000110266	9069	0.499972	FALSE	ORF1ab:cds-YP_009724389.1	CAA	Q	CAC	H	1592
NC_045512.2	5041	A	C	9066	8116	38	1	0	74	0.000110266	9069	0.499972	FALSE	ORF1ab:cds-YP_009725295.1	CAA	Q	CAC	H	1592
NC_045512.2	5042	C	T	9239	8293	38	4	4	37	0.00043276	9243	0.953933	FALSE	ORF1ab:cds-YP_009724389.1	CAG	Q	TAG	*	1593
NC_045512.2	5042	C	T	9239	8293	38	4	4	37	0.00043276	9243	0.953933	FALSE	ORF1ab:cds-YP_009725295.1	CAG	Q	TAG	*	1593
NC_045512.2	5043	A	T	8690	7755	38	2	2	55	0.000230044	8694	0.249957	FALSE	ORF1ab:cds-YP_009724389.1	CAG	Q	CTG	L	1593
NC_045512.2	5043	A	T	8690	7755	38	2	2	55	0.000230044	8694	0.249957	FALSE	ORF1ab:cds-YP_009725295.1	CAG	Q	CTG	L	1593
NC_045512.2	5043	A	G	8690	7755	38	1	0	74	0.000115022	8694	0.499942	FALSE	ORF1ab:cds-YP_009724389.1	CAG	Q	CGG	R	1593
NC_045512.2	5043	A	G	8690	7755	38	1	0	74	0.000115022	8694	0.499942	FALSE	ORF1ab:cds-YP_009725295.1	CAG	Q	CGG	R	1593
NC_045512.2	5043	A	C	8690	7755	38	1	1	25	0.000115022	8694	1	FALSE	ORF1ab:cds-YP_009724389.1	CAG	Q	CCG	P	1593
NC_045512.2	5043	A	C	8690	7755	38	1	1	25	0.000115022	8694	1	FALSE	ORF1ab:cds-YP_009725295.1	CAG	Q	CCG	P	1593
NC_045512.2	5044	G	T	8733	7783	38	1	1	25	0.000114482	8735	1	FALSE	ORF1ab:cds-YP_009724389.1	CAG	Q	CAT	H	1593
NC_045512.2	5044	G	T	8733	7783	38	1	1	25	0.000114482	8735	1	FALSE	ORF1ab:cds-YP_009725295.1	CAG	Q	CAT	H	1593
NC_045512.2	5044	G	C	8733	7783	38	1	1	25	0.000114482	8735	1	FALSE	ORF1ab:cds-YP_009724389.1	CAG	Q	CAC	H	1593
NC_045512.2	5044	G	C	8733	7783	38	1	1	25	0.000114482	8735	1	FALSE	ORF1ab:cds-YP_009725295.1	CAG	Q	CAC	H	1593
NC_045512.2	5045	T	G	8294	7409	38	1	0	37	0.000120555	8295	0.998052	FALSE	ORF1ab:cds-YP_009724389.1	TTT	F	GTT	V	1594
NC_045512.2	5045	T	G	8294	7409	38	1	0	37	0.000120555	8295	0.998052	FALSE	ORF1ab:cds-YP_009725295.1	TTT	F	GTT	V	1594
NC_045512.2	5046	T	G	8333	7447	38	3	3	25	0.000359885	8336	1	FALSE	ORF1ab:cds-YP_009724389.1	TTT	F	TGT	C	1594
NC_045512.2	5046	T	G	8333	7447	38	3	3	25	0.000359885	8336	1	FALSE	ORF1ab:cds-YP_009725295.1	TTT	F	TGT	C	1594
NC_045512.2	5047	T	C	8303	7369	39	1	1	74	0.000120424	8304	0.50003	FALSE	ORF1ab:cds-YP_009724389.1	TTT	F	TTC	F	1594
NC_045512.2	5047	T	C	8303	7369	39	1	1	74	0.000120424	8304	0.50003	FALSE	ORF1ab:cds-YP_009725295.1	TTT	F	TTC	F	1594
NC_045512.2	5048	G	T	8095	7162	39	3	3	33	0.000370416	8099	0.96733	FALSE	ORF1ab:cds-YP_009724389.1	GGT	G	TGT	C	1595
NC_045512.2	5048	G	T	8095	7162	39	3	3	33	0.000370416	8099	0.96733	FALSE	ORF1ab:cds-YP_009725295.1	GGT	G	TGT	C	1595
NC_045512.2	5048	G	A	8095	7162	39	1	1	25	0.000123472	8099	1	FALSE	ORF1ab:cds-YP_009724389.1	GGT	G	AGT	S	1595
NC_045512.2	5048	G	A	8095	7162	39	1	1	25	0.000123472	8099	1	FALSE	ORF1ab:cds-YP_009725295.1	GGT	G	AGT	S	1595
NC_045512.2	5049	G	A	8099	7170	39	1	1	37	0.000123457	8100	0.998052	FALSE	ORF1ab:cds-YP_009724389.1	GGT	G	GAT	D	1595
NC_045512.2	5049	G	A	8099	7170	39	1	1	37	0.000123457	8100	0.998052	FALSE	ORF1ab:cds-YP_009725295.1	GGT	G	GAT	D	1595
NC_045512.2	5050	T	C	8081	7151	39	3	2	37	0.000371103	8084	0.967345	FALSE	ORF1ab:cds-YP_009724389.1	GGT	G	GGC	G	1595
NC_045512.2	5050	T	C	8081	7151	39	3	2	37	0.000371103	8084	0.967345	FALSE	ORF1ab:cds-YP_009725295.1	GGT	G	GGC	G	1595
NC_045512.2	5053	A	T	7619	6751	38	1	1	25	0.000131234	7620	1	FALSE	ORF1ab:cds-YP_009724389.1	CCA	P	CCT	P	1596
NC_045512.2	5053	A	T	7619	6751	38	1	1	25	0.000131234	7620	1	FALSE	ORF1ab:cds-YP_009725295.1	CCA	P	CCT	P	1596
NC_045512.2	5054	A	G	7528	6678	38	1	1	37	0.00013282	7529	0.996103	FALSE	ORF1ab:cds-YP_009724389.1	ACT	T	GCT	A	1597
NC_045512.2	5054	A	G	7528	6678	38	1	1	37	0.00013282	7529	0.996103	FALSE	ORF1ab:cds-YP_009725295.1	ACT	T	GCT	A	1597
NC_045512.2	5056	T	G	7490	6702	38	1	1	25	0.000133458	7493	1	FALSE	ORF1ab:cds-YP_009724389.1	ACT	T	ACG	T	1597
NC_045512.2	5056	T	G	7490	6702	38	1	1	25	0.000133458	7493	1	FALSE	ORF1ab:cds-YP_009725295.1	ACT	T	ACG	T	1597
NC_045512.2	5056	T	C	7490	6702	38	2	2	37	0.000266916	7493	0.980497	FALSE	ORF1ab:cds-YP_009724389.1	ACT	T	ACC	T	1597
NC_045512.2	5056	T	C	7490	6702	38	2	2	37	0.000266916	7493	0.980497	FALSE	ORF1ab:cds-YP_009725295.1	ACT	T	ACC	T	1597
NC_045512.2	5057	T	G	7323	6559	38	3	2	31	0.000409389	7328	0.945349	FALSE	ORF1ab:cds-YP_009724389.1	TAT	Y	GAT	D	1598
NC_045512.2	5057	T	G	7323	6559	38	3	2	31	0.000409389	7328	0.945349	FALSE	ORF1ab:cds-YP_009725295.1	TAT	Y	GAT	D	1598
NC_045512.2	5057	T	C	7323	6559	38	1	1	37	0.000136463	7328	0.996095	FALSE	ORF1ab:cds-YP_009724389.1	TAT	Y	CAT	H	1598
NC_045512.2	5057	T	C	7323	6559	38	1	1	37	0.000136463	7328	0.996095	FALSE	ORF1ab:cds-YP_009725295.1	TAT	Y	CAT	H	1598
NC_045512.2	5057	T	A	7323	6559	38	1	1	37	0.000136463	7328	0.996095	FALSE	ORF1ab:cds-YP_009724389.1	TAT	Y	AAT	N	1598
NC_045512.2	5057	T	A	7323	6559	38	1	1	37	0.000136463	7328	0.996095	FALSE	ORF1ab:cds-YP_009725295.1	TAT	Y	AAT	N	1598
NC_045512.2	5058	A	T	7094	6355	38	2	2	31	0.00028165	7101	0.980459	FALSE	ORF1ab:cds-YP_009724389.1	TAT	Y	TTT	F	1598
NC_045512.2	5058	A	T	7094	6355	38	2	2	31	0.00028165	7101	0.980459	FALSE	ORF1ab:cds-YP_009725295.1	TAT	Y	TTT	F	1598
NC_045512.2	5058	A	G	7094	6355	38	2	2	55	0.00028165	7101	0.249842	FALSE	ORF1ab:cds-YP_009724389.1	TAT	Y	TGT	C	1598
NC_045512.2	5058	A	G	7094	6355	38	2	2	55	0.00028165	7101	0.249842	FALSE	ORF1ab:cds-YP_009725295.1	TAT	Y	TGT	C	1598
NC_045512.2	5058	A	C	7094	6355	38	3	3	29	0.000422476	7101	1	FALSE	ORF1ab:cds-YP_009724389.1	TAT	Y	TCT	S	1598
NC_045512.2	5058	A	C	7094	6355	38	3	3	29	0.000422476	7101	1	FALSE	ORF1ab:cds-YP_009725295.1	TAT	Y	TCT	S	1598
NC_045512.2	5059	T	G	7091	6379	38	4	1	31	0.000563777	7095	0.886855	FALSE	ORF1ab:cds-YP_009724389.1	TAT	Y	TAG	*	1598
NC_045512.2	5059	T	G	7091	6379	38	4	1	31	0.000563777	7095	0.886855	FALSE	ORF1ab:cds-YP_009725295.1	TAT	Y	TAG	*	1598
NC_045512.2	5060	T	G	7151	6425	38	1	0	25	0.000139821	7152	1	FALSE	ORF1ab:cds-YP_009724389.1	TTG	L	GTG	V	1599
NC_045512.2	5060	T	G	7151	6425	38	1	0	25	0.000139821	7152	1	FALSE	ORF1ab:cds-YP_009725295.1	TTG	L	GTG	V	1599
NC_045512.2	5061	T	G	7024	6269	38	2	2	25	0.000284657	7026	1	FALSE	ORF1ab:cds-YP_009724389.1	TTG	L	TGG	W	1599
NC_045512.2	5061	T	G	7024	6269	38	2	2	25	0.000284657	7026	1	FALSE	ORF1ab:cds-YP_009725295.1	TTG	L	TGG	W	1599
NC_045512.2	5063	G	T	7075	6329	38	1	1	37	0.000141303	7077	0.996101	FALSE	ORF1ab:cds-YP_009724389.1	GAT	D	TAT	Y	1600
NC_045512.2	5063	G	T	7075	6329	38	1	1	37	0.000141303	7077	0.996101	FALSE	ORF1ab:cds-YP_009725295.1	GAT	D	TAT	Y	1600
NC_045512.2	5063	G	A	7075	6329	38	1	1	37	0.000141303	7077	0.996101	FALSE	ORF1ab:cds-YP_009724389.1	GAT	D	AAT	N	1600
NC_045512.2	5063	G	A	7075	6329	38	1	1	37	0.000141303	7077	0.996101	FALSE	ORF1ab:cds-YP_009725295.1	GAT	D	AAT	N	1600
NC_045512.2	5064	A	G	7108	6382	38	2	2	37	0.000281294	7110	0.980508	FALSE	ORF1ab:cds-YP_009724389.1	GAT	D	GGT	G	1600
NC_045512.2	5064	A	G	7108	6382	38	2	2	37	0.000281294	7110	0.980508	FALSE	ORF1ab:cds-YP_009725295.1	GAT	D	GGT	G	1600
NC_045512.2	5066	G	A	6826	6400	37	1	1	37	0.000146477	6827	0.992204	FALSE	ORF1ab:cds-YP_009724389.1	GGA	G	AGA	R	1601
NC_045512.2	5066	G	A	6826	6400	37	1	1	37	0.000146477	6827	0.992204	FALSE	ORF1ab:cds-YP_009725295.1	GGA	G	AGA	R	1601
NC_045512.2	5068	A	T	6701	6368	37	1	1	37	0.000149165	6704	0.992196	FALSE	ORF1ab:cds-YP_009724389.1	GGA	G	GGT	G	1601
NC_045512.2	5068	A	T	6701	6368	37	1	1	37	0.000149165	6704	0.992196	FALSE	ORF1ab:cds-YP_009725295.1	GGA	G	GGT	G	1601
NC_045512.2	5068	A	G	6701	6368	37	2	2	37	0.000298329	6704	0.964885	FALSE	ORF1ab:cds-YP_009724389.1	GGA	G	GGG	G	1601
NC_045512.2	5068	A	G	6701	6368	37	2	2	37	0.000298329	6704	0.964885	FALSE	ORF1ab:cds-YP_009725295.1	GGA	G	GGG	G	1601
NC_045512.2	5069	G	T	6688	6354	37	1	1	37	0.000149454	6691	0.992196	FALSE	ORF1ab:cds-YP_009724389.1	GCT	A	TCT	S	1602
NC_045512.2	5069	G	T	6688	6354	37	1	1	37	0.000149454	6691	0.992196	FALSE	ORF1ab:cds-YP_009725295.1	GCT	A	TCT	S	1602
NC_045512.2	5069	G	A	6688	6354	37	2	1	55	0.000298909	6691	0.249981	FALSE	ORF1ab:cds-YP_009724389.1	GCT	A	ACT	T	1602
NC_045512.2	5069	G	A	6688	6354	37	2	1	55	0.000298909	6691	0.249981	FALSE	ORF1ab:cds-YP_009725295.1	GCT	A	ACT	T	1602
NC_045512.2	5070	C	T	6735	6401	37	13	13	37	0.00192621	6749	0.0833846	FALSE	ORF1ab:cds-YP_009724389.1	GCT	A	GTT	V	1602
NC_045512.2	5070	C	T	6735	6401	37	13	13	37	0.00192621	6749	0.0833846	FALSE	ORF1ab:cds-YP_009725295.1	GCT	A	GTT	V	1602
NC_045512.2	5070	C	A	6735	6401	37	1	0	62	0.00014817	6749	0.499555	FALSE	ORF1ab:cds-YP_009724389.1	GCT	A	GAT	D	1602
NC_045512.2	5070	C	A	6735	6401	37	1	0	62	0.00014817	6749	0.499555	FALSE	ORF1ab:cds-YP_009725295.1	GCT	A	GAT	D	1602
NC_045512.2	5071	T	C	6307	5973	37	4	4	37	0.000633814	6311	0.828288	FALSE	ORF1ab:cds-YP_009724389.1	GCT	A	GCC	A	1602
NC_045512.2	5071	T	C	6307	5973	37	4	4	37	0.000633814	6311	0.828288	FALSE	ORF1ab:cds-YP_009725295.1	GCT	A	GCC	A	1602
NC_045512.2	5072	G	A	6331	5996	37	4	4	37	0.000631413	6335	0.828287	FALSE	ORF1ab:cds-YP_009724389.1	GAT	D	AAT	N	1603
NC_045512.2	5072	G	A	6331	5996	37	4	4	37	0.000631413	6335	0.828287	FALSE	ORF1ab:cds-YP_009725295.1	GAT	D	AAT	N	1603
NC_045512.2	5073	A	T	6203	5892	36	1	0	29	0.000161108	6207	1	FALSE	ORF1ab:cds-YP_009724389.1	GAT	D	GTT	V	1603
NC_045512.2	5073	A	T	6203	5892	36	1	0	29	0.000161108	6207	1	FALSE	ORF1ab:cds-YP_009725295.1	GAT	D	GTT	V	1603
NC_045512.2	5073	A	G	6203	5892	36	1	1	37	0.000161108	6207	0.992192	FALSE	ORF1ab:cds-YP_009724389.1	GAT	D	GGT	G	1603
NC_045512.2	5073	A	G	6203	5892	36	1	1	37	0.000161108	6207	0.992192	FALSE	ORF1ab:cds-YP_009725295.1	GAT	D	GGT	G	1603
NC_045512.2	5073	A	C	6203	5892	36	2	2	31	0.000322217	6207	0.96487	FALSE	ORF1ab:cds-YP_009724389.1	GAT	D	GCT	A	1603
NC_045512.2	5073	A	C	6203	5892	36	2	2	31	0.000322217	6207	0.96487	FALSE	ORF1ab:cds-YP_009725295.1	GAT	D	GCT	A	1603
NC_045512.2	5074	T	G	6050	5741	37	2	1	25	0.000330415	6053	1	FALSE	ORF1ab:cds-YP_009724389.1	GAT	D	GAG	E	1603
NC_045512.2	5074	T	G	6050	5741	37	2	1	25	0.000330415	6053	1	FALSE	ORF1ab:cds-YP_009725295.1	GAT	D	GAG	E	1603
NC_045512.2	5074	T	C	6050	5741	37	1	1	37	0.000165207	6053	0.992197	FALSE	ORF1ab:cds-YP_009724389.1	GAT	D	GAC	D	1603
NC_045512.2	5074	T	C	6050	5741	37	1	1	37	0.000165207	6053	0.992197	FALSE	ORF1ab:cds-YP_009725295.1	GAT	D	GAC	D	1603
NC_045512.2	5075	G	A	5529	5214	37	4	4	37	0.000722935	5533	0.746272	FALSE	ORF1ab:cds-YP_009724389.1	GTT	V	ATT	I	1604
NC_045512.2	5075	G	A	5529	5214	37	4	4	37	0.000722935	5533	0.746272	FALSE	ORF1ab:cds-YP_009725295.1	GTT	V	ATT	I	1604
NC_045512.2	5076	T	G	2622	2472	37	2	0	25	0.000762195	2624	1	FALSE	ORF1ab:cds-YP_009724389.1	GTT	V	GGT	G	1604
NC_045512.2	5076	T	G	2622	2472	37	2	0	25	0.000762195	2624	1	FALSE	ORF1ab:cds-YP_009725295.1	GTT	V	GGT	G	1604
NC_045512.2	5078	A	T	2583	2430	37	1	1	37	0.000386997	2584	0.875145	FALSE	ORF1ab:cds-YP_009724389.1	ACT	T	TCT	S	1605
NC_045512.2	5078	A	T	2583	2430	37	1	1	37	0.000386997	2584	0.875145	FALSE	ORF1ab:cds-YP_009725295.1	ACT	T	TCT	S	1605
NC_045512.2	5085	T	C	2305	2198	37	1	1	37	0.000433651	2306	0.875163	FALSE	ORF1ab:cds-YP_009724389.1	ATA	I	ACA	T	1607
NC_045512.2	5085	T	C	2305	2198	37	1	1	37	0.000433651	2306	0.875163	FALSE	ORF1ab:cds-YP_009725295.1	ATA	I	ACA	T	1607
NC_045512.2	5375	G	A	5421	63	36	2	0	37	0.0003688	5423	0.937591	FALSE	ORF1ab:cds-YP_009724389.1	GCT	A	ACT	T	1704
NC_045512.2	5375	G	A	5421	63	36	2	0	37	0.0003688	5423	0.937591	FALSE	ORF1ab:cds-YP_009725295.1	GCT	A	ACT	T	1704
NC_045512.2	5376	C	A	5237	62	35	1	0	25	0.000190913	5238	1	FALSE	ORF1ab:cds-YP_009724389.1	GCT	A	GAT	D	1704
NC_045512.2	5376	C	A	5237	62	35	1	0	25	0.000190913	5238	1	FALSE	ORF1ab:cds-YP_009725295.1	GCT	A	GAT	D	1704
NC_045512.2	5377	T	G	5211	82	35	1	0	25	0.000191865	5212	1	FALSE	ORF1ab:cds-YP_009724389.1	GCT	A	GCG	A	1704
NC_045512.2	5377	T	G	5211	82	35	1	0	25	0.000191865	5212	1	FALSE	ORF1ab:cds-YP_009725295.1	GCT	A	GCG	A	1704
NC_045512.2	5378	G	A	5566	84	36	4	0	37	0.000718133	5570	0.746271	FALSE	ORF1ab:cds-YP_009724389.1	GGT	G	AGT	S	1705
NC_045512.2	5378	G	A	5566	84	36	4	0	37	0.000718133	5570	0.746271	FALSE	ORF1ab:cds-YP_009725295.1	GGT	G	AGT	S	1705
NC_045512.2	5379	G	T	5581	84	36	1	0	37	0.000179147	5582	0.984404	FALSE	ORF1ab:cds-YP_009724389.1	GGT	G	GTT	V	1705
NC_045512.2	5379	G	T	5581	84	36	1	0	37	0.000179147	5582	0.984404	FALSE	ORF1ab:cds-YP_009725295.1	GGT	G	GTT	V	1705
NC_045512.2	5380	T	C	5504	83	36	1	0	37	0.000181653	5505	0.984405	FALSE	ORF1ab:cds-YP_009724389.1	GGT	G	GGC	G	1705
NC_045512.2	5380	T	C	5504	83	36	1	0	37	0.000181653	5505	0.984405	FALSE	ORF1ab:cds-YP_009725295.1	GGT	G	GGC	G	1705
NC_045512.2	5383	A	T	5291	86	35	1	0	37	0.000188822	5296	0.984371	FALSE	ORF1ab:cds-YP_009724389.1	GAA	E	GAT	D	1706
NC_045512.2	5383	A	T	5291	86	35	1	0	37	0.000188822	5296	0.984371	FALSE	ORF1ab:cds-YP_009725295.1	GAA	E	GAT	D	1706
NC_045512.2	5383	A	G	5291	86	35	3	0	33	0.000566465	5296	0.8555	FALSE	ORF1ab:cds-YP_009724389.1	GAA	E	GAG	E	1706
NC_045512.2	5383	A	G	5291	86	35	3	0	33	0.000566465	5296	0.8555	FALSE	ORF1ab:cds-YP_009725295.1	GAA	E	GAG	E	1706
NC_045512.2	5383	A	C	5291	86	35	1	0	25	0.000188822	5296	1	FALSE	ORF1ab:cds-YP_009724389.1	GAA	E	GAC	D	1706
NC_045512.2	5383	A	C	5291	86	35	1	0	25	0.000188822	5296	1	FALSE	ORF1ab:cds-YP_009725295.1	GAA	E	GAC	D	1706
NC_045512.2	5384	G	A	5603	86	36	2	0	37	0.000356824	5605	0.937588	FALSE	ORF1ab:cds-YP_009724389.1	GCT	A	ACT	T	1707
NC_045512.2	5384	G	A	5603	86	36	2	0	37	0.000356824	5605	0.937588	FALSE	ORF1ab:cds-YP_009725295.1	GCT	A	ACT	T	1707
NC_045512.2	5385	C	T	5718	89	36	2	0	37	0.00034965	5720	0.937586	FALSE	ORF1ab:cds-YP_009724389.1	GCT	A	GTT	V	1707
NC_045512.2	5385	C	T	5718	89	36	2	0	37	0.00034965	5720	0.937586	FALSE	ORF1ab:cds-YP_009725295.1	GCT	A	GTT	V	1707
NC_045512.2	5387	G	A	6055	97	36	13	0	36	0.00214239	6068	0.0834233	FALSE	ORF1ab:cds-YP_009724389.1	GCT	A	ACT	T	1708
NC_045512.2	5387	G	A	6055	97	36	13	0	36	0.00214239	6068	0.0834233	FALSE	ORF1ab:cds-YP_009725295.1	GCT	A	ACT	T	1708
NC_045512.2	5388	C	T	6014	98	36	3	0	33	0.000498339	6020	0.910156	FALSE	ORF1ab:cds-YP_009724389.1	GCT	A	GTT	V	1708
NC_045512.2	5388	C	T	6014	98	36	3	0	33	0.000498339	6020	0.910156	FALSE	ORF1ab:cds-YP_009725295.1	GCT	A	GTT	V	1708
NC_045512.2	5388	C	A	6014	98	36	3	0	29	0.000498339	6020	1	FALSE	ORF1ab:cds-YP_009724389.1	GCT	A	GAT	D	1708
NC_045512.2	5388	C	A	6014	98	36	3	0	29	0.000498339	6020	1	FALSE	ORF1ab:cds-YP_009725295.1	GCT	A	GAT	D	1708
NC_045512.2	5389	T	C	6056	99	36	3	0	37	0.000495131	6059	0.910278	FALSE	ORF1ab:cds-YP_009724389.1	GCT	A	GCC	A	1708
NC_045512.2	5389	T	C	6056	99	36	3	0	37	0.000495131	6059	0.910278	FALSE	ORF1ab:cds-YP_009725295.1	GCT	A	GCC	A	1708
NC_045512.2	5390	A	G	6065	98	36	1	0	37	0.000164853	6066	0.992206	FALSE	ORF1ab:cds-YP_009724389.1	AAC	N	GAC	D	1709
NC_045512.2	5390	A	G	6065	98	36	1	0	37	0.000164853	6066	0.992206	FALSE	ORF1ab:cds-YP_009725295.1	AAC	N	GAC	D	1709
NC_045512.2	5391	A	C	6069	100	36	1	0	29	0.000164745	6070	1	FALSE	ORF1ab:cds-YP_009724389.1	AAC	N	ACC	T	1709
NC_045512.2	5391	A	C	6069	100	36	1	0	29	0.000164745	6070	1	FALSE	ORF1ab:cds-YP_009725295.1	AAC	N	ACC	T	1709
NC_045512.2	5393	T	G	6403	133	36	1	0	25	0.000156152	6404	1	FALSE	ORF1ab:cds-YP_009724389.1	TTT	F	GTT	V	1710
NC_045512.2	5393	T	G	6403	133	36	1	0	25	0.000156152	6404	1	FALSE	ORF1ab:cds-YP_009725295.1	TTT	F	GTT	V	1710
NC_045512.2	5394	T	G	6269	133	36	3	0	25	0.000478316	6272	1	FALSE	ORF1ab:cds-YP_009724389.1	TTT	F	TGT	C	1710
NC_045512.2	5394	T	G	6269	133	36	3	0	25	0.000478316	6272	1	FALSE	ORF1ab:cds-YP_009725295.1	TTT	F	TGT	C	1710
NC_045512.2	5395	T	G	6174	136	35	3	0	25	0.000485673	6177	1	FALSE	ORF1ab:cds-YP_009724389.1	TTT	F	TTG	L	1710
NC_045512.2	5395	T	G	6174	136	35	3	0	25	0.000485673	6177	1	FALSE	ORF1ab:cds-YP_009725295.1	TTT	F	TTG	L	1710
NC_045512.2	5396	T	C	6460	136	36	1	0	37	0.000154775	6461	0.992204	FALSE	ORF1ab:cds-YP_009724389.1	TGT	C	CGT	R	1711
NC_045512.2	5396	T	C	6460	136	36	1	0	37	0.000154775	6461	0.992204	FALSE	ORF1ab:cds-YP_009725295.1	TGT	C	CGT	R	1711
NC_045512.2	5397	G	A	6576	134	36	1	0	37	0.000152045	6577	0.992204	FALSE	ORF1ab:cds-YP_009724389.1	TGT	C	TAT	Y	1711
NC_045512.2	5397	G	A	6576	134	36	1	0	37	0.000152045	6577	0.992204	FALSE	ORF1ab:cds-YP_009725295.1	TGT	C	TAT	Y	1711
NC_045512.2	5398	T	G	6530	135	36	1	0	25	0.000153116	6531	1	FALSE	ORF1ab:cds-YP_009724389.1	TGT	C	TGG	W	1711
NC_045512.2	5398	T	G	6530	135	36	1	0	25	0.000153116	6531	1	FALSE	ORF1ab:cds-YP_009725295.1	TGT	C	TGG	W	1711
NC_045512.2	5399	G	A	6707	134	36	4	0	37	0.000596036	6711	0.828278	FALSE	ORF1ab:cds-YP_009724389.1	GCA	A	ACA	T	1712
NC_045512.2	5399	G	A	6707	134	36	4	0	37	0.000596036	6711	0.828278	FALSE	ORF1ab:cds-YP_009725295.1	GCA	A	ACA	T	1712
NC_045512.2	5400	C	T	6625	136	36	8	0	37	0.00120591	6634	0.395208	FALSE	ORF1ab:cds-YP_009724389.1	GCA	A	GTA	V	1712
NC_045512.2	5400	C	T	6625	136	36	8	0	37	0.00120591	6634	0.395208	FALSE	ORF1ab:cds-YP_009725295.1	GCA	A	GTA	V	1712
NC_045512.2	5400	C	A	6625	136	36	1	0	37	0.000150739	6634	0.992171	FALSE	ORF1ab:cds-YP_009724389.1	GCA	A	GAA	E	1712
NC_045512.2	5400	C	A	6625	136	36	1	0	37	0.000150739	6634	0.992171	FALSE	ORF1ab:cds-YP_009725295.1	GCA	A	GAA	E	1712
NC_045512.2	5402	C	G	6518	141	35	1	0	25	0.000153398	6519	1	FALSE	ORF1ab:cds-YP_009724389.1	CTT	L	GTT	V	1713
NC_045512.2	5402	C	G	6518	141	35	1	0	25	0.000153398	6519	1	FALSE	ORF1ab:cds-YP_009725295.1	CTT	L	GTT	V	1713
NC_045512.2	5403	T	G	6374	129	35	4	0	25	0.000626959	6380	1	FALSE	ORF1ab:cds-YP_009724389.1	CTT	L	CGT	R	1713
NC_045512.2	5403	T	G	6374	129	35	4	0	25	0.000626959	6380	1	FALSE	ORF1ab:cds-YP_009725295.1	CTT	L	CGT	R	1713
NC_045512.2	5403	T	C	6374	129	35	1	0	37	0.00015674	6380	0.992183	FALSE	ORF1ab:cds-YP_009724389.1	CTT	L	CCT	P	1713
NC_045512.2	5403	T	C	6374	129	35	1	0	37	0.00015674	6380	0.992183	FALSE	ORF1ab:cds-YP_009725295.1	CTT	L	CCT	P	1713
NC_045512.2	5403	T	A	6374	129	35	1	0	37	0.00015674	6380	0.992183	FALSE	ORF1ab:cds-YP_009724389.1	CTT	L	CAT	H	1713
NC_045512.2	5403	T	A	6374	129	35	1	0	37	0.00015674	6380	0.992183	FALSE	ORF1ab:cds-YP_009725295.1	CTT	L	CAT	H	1713
NC_045512.2	5404	T	G	6690	140	36	2	0	31	0.000298775	6694	0.964868	FALSE	ORF1ab:cds-YP_009724389.1	CTT	L	CTG	L	1713
NC_045512.2	5404	T	G	6690	140	36	2	0	31	0.000298775	6694	0.964868	FALSE	ORF1ab:cds-YP_009725295.1	CTT	L	CTG	L	1713
NC_045512.2	5404	T	C	6690	140	36	1	0	37	0.000149388	6694	0.992192	FALSE	ORF1ab:cds-YP_009724389.1	CTT	L	CTC	L	1713
NC_045512.2	5404	T	C	6690	140	36	1	0	37	0.000149388	6694	0.992192	FALSE	ORF1ab:cds-YP_009725295.1	CTT	L	CTC	L	1713
NC_045512.2	5404	T	A	6690	140	36	1	0	37	0.000149388	6694	0.992192	FALSE	ORF1ab:cds-YP_009724389.1	CTT	L	CTA	L	1713
NC_045512.2	5404	T	A	6690	140	36	1	0	37	0.000149388	6694	0.992192	FALSE	ORF1ab:cds-YP_009725295.1	CTT	L	CTA	L	1713
NC_045512.2	5405	A	C	7114	152	36	2	0	25	0.000281057	7116	1	FALSE	ORF1ab:cds-YP_009724389.1	ATC	I	CTC	L	1714
NC_045512.2	5405	A	C	7114	152	36	2	0	25	0.000281057	7116	1	FALSE	ORF1ab:cds-YP_009725295.1	ATC	I	CTC	L	1714
NC_045512.2	5407	C	-T	7495	162	36	1	0	20	0.000133422	7495	1	FALSE	NA	NA	NA	NA	NA	NA
NC_045512.2	5410	A	T	7457	174	36	2	0	31	0.000268061	7461	0.980488	FALSE	ORF1ab:cds-YP_009724389.1	TTA	L	TTT	F	1715
NC_045512.2	5410	A	T	7457	174	36	2	0	31	0.000268061	7461	0.980488	FALSE	ORF1ab:cds-YP_009725295.1	TTA	L	TTT	F	1715
NC_045512.2	5410	A	G	7457	174	36	1	0	37	0.00013403	7461	0.996097	FALSE	ORF1ab:cds-YP_009724389.1	TTA	L	TTG	L	1715
NC_045512.2	5410	A	G	7457	174	36	1	0	37	0.00013403	7461	0.996097	FALSE	ORF1ab:cds-YP_009725295.1	TTA	L	TTG	L	1715
NC_045512.2	5410	A	C	7457	174	36	1	0	25	0.00013403	7461	1	FALSE	ORF1ab:cds-YP_009724389.1	TTA	L	TTC	F	1715
NC_045512.2	5410	A	C	7457	174	36	1	0	25	0.00013403	7461	1	FALSE	ORF1ab:cds-YP_009725295.1	TTA	L	TTC	F	1715
NC_045512.2	5411	G	A	7661	177	36	8	0	35	0.00104316	7669	0.500102	FALSE	ORF1ab:cds-YP_009724389.1	GCC	A	ACC	T	1716
NC_045512.2	5411	G	A	7661	177	36	8	0	35	0.00104316	7669	0.500102	FALSE	ORF1ab:cds-YP_009725295.1	GCC	A	ACC	T	1716
NC_045512.2	5412	C	T	7801	303	37	4	1	37	0.000512492	7805	0.886843	FALSE	ORF1ab:cds-YP_009724389.1	GCC	A	GTC	V	1716
NC_045512.2	5412	C	T	7801	303	37	4	1	37	0.000512492	7805	0.886843	FALSE	ORF1ab:cds-YP_009725295.1	GCC	A	GTC	V	1716
NC_045512.2	5414	T	C	7901	319	37	3	0	37	0.000379507	7905	0.945368	FALSE	ORF1ab:cds-YP_009724389.1	TAC	Y	CAC	H	1717
NC_045512.2	5414	T	C	7901	319	37	3	0	37	0.000379507	7905	0.945368	FALSE	ORF1ab:cds-YP_009725295.1	TAC	Y	CAC	H	1717
NC_045512.2	5414	T	A	7901	319	37	1	0	37	0.000126502	7905	0.996097	FALSE	ORF1ab:cds-YP_009724389.1	TAC	Y	AAC	N	1717
NC_045512.2	5414	T	A	7901	319	37	1	0	37	0.000126502	7905	0.996097	FALSE	ORF1ab:cds-YP_009725295.1	TAC	Y	AAC	N	1717
NC_045512.2	5416	C	T	7922	331	37	4	0	37	0.000504605	7927	0.8868	FALSE	ORF1ab:cds-YP_009724389.1	TAC	Y	TAT	Y	1717
NC_045512.2	5416	C	T	7922	331	37	4	0	37	0.000504605	7927	0.8868	FALSE	ORF1ab:cds-YP_009725295.1	TAC	Y	TAT	Y	1717
NC_045512.2	5416	C	G	7922	331	37	1	0	37	0.000126151	7927	0.996095	FALSE	ORF1ab:cds-YP_009724389.1	TAC	Y	TAG	*	1717
NC_045512.2	5416	C	G	7922	331	37	1	0	37	0.000126151	7927	0.996095	FALSE	ORF1ab:cds-YP_009725295.1	TAC	Y	TAG	*	1717
NC_045512.2	5417	T	C	7911	334	37	2	0	37	0.000252749	7913	0.980504	FALSE	ORF1ab:cds-YP_009724389.1	TGT	C	CGT	R	1718
NC_045512.2	5417	T	C	7911	334	37	2	0	37	0.000252749	7913	0.980504	FALSE	ORF1ab:cds-YP_009725295.1	TGT	C	CGT	R	1718
NC_045512.2	5418	G	T	8891	351	37	1	0	37	0.000112435	8894	0.99805	FALSE	ORF1ab:cds-YP_009724389.1	TGT	C	TTT	F	1718
NC_045512.2	5418	G	T	8891	351	37	1	0	37	0.000112435	8894	0.99805	FALSE	ORF1ab:cds-YP_009725295.1	TGT	C	TTT	F	1718
NC_045512.2	5418	G	A	8891	351	37	2	0	37	0.000224871	8894	0.989275	FALSE	ORF1ab:cds-YP_009724389.1	TGT	C	TAT	Y	1718
NC_045512.2	5418	G	A	8891	351	37	2	0	37	0.000224871	8894	0.989275	FALSE	ORF1ab:cds-YP_009725295.1	TGT	C	TAT	Y	1718
NC_045512.2	5419	T	G	8432	352	37	3	0	25	0.000355619	8436	1	FALSE	ORF1ab:cds-YP_009724389.1	TGT	C	TGG	W	1718
NC_045512.2	5419	T	G	8432	352	37	3	0	25	0.000355619	8436	1	FALSE	ORF1ab:cds-YP_009725295.1	TGT	C	TGG	W	1718
NC_045512.2	5419	T	C	8432	352	37	1	0	37	0.00011854	8436	0.998049	FALSE	ORF1ab:cds-YP_009724389.1	TGT	C	TGC	C	1718
NC_045512.2	5419	T	C	8432	352	37	1	0	37	0.00011854	8436	0.998049	FALSE	ORF1ab:cds-YP_009725295.1	TGT	C	TGC	C	1718
NC_045512.2	5420	A	C	8786	356	37	1	0	25	0.000113804	8787	1	FALSE	ORF1ab:cds-YP_009724389.1	AAT	N	CAT	H	1719
NC_045512.2	5420	A	C	8786	356	37	1	0	25	0.000113804	8787	1	FALSE	ORF1ab:cds-YP_009725295.1	AAT	N	CAT	H	1719
NC_045512.2	5421	A	G	8728	359	37	1	0	37	0.000114548	8730	0.998051	FALSE	ORF1ab:cds-YP_009724389.1	AAT	N	AGT	S	1719
NC_045512.2	5421	A	G	8728	359	37	1	0	37	0.000114548	8730	0.998051	FALSE	ORF1ab:cds-YP_009725295.1	AAT	N	AGT	S	1719
NC_045512.2	5421	A	C	8728	359	37	1	0	25	0.000114548	8730	1	FALSE	ORF1ab:cds-YP_009724389.1	AAT	N	ACT	T	1719
NC_045512.2	5421	A	C	8728	359	37	1	0	25	0.000114548	8730	1	FALSE	ORF1ab:cds-YP_009725295.1	AAT	N	ACT	T	1719
NC_045512.2	5422	T	C	8995	356	37	1	0	37	0.000111161	8996	0.998052	FALSE	ORF1ab:cds-YP_009724389.1	AAT	N	AAC	N	1719
NC_045512.2	5422	T	C	8995	356	37	1	0	37	0.000111161	8996	0.998052	FALSE	ORF1ab:cds-YP_009725295.1	AAT	N	AAC	N	1719
NC_045512.2	5423	A	G	8886	362	37	2	0	37	0.000225023	8888	0.98928	FALSE	ORF1ab:cds-YP_009724389.1	AAG	K	GAG	E	1720
NC_045512.2	5423	A	G	8886	362	37	2	0	37	0.000225023	8888	0.98928	FALSE	ORF1ab:cds-YP_009725295.1	AAG	K	GAG	E	1720
NC_045512.2	5424	A	T	8758	361	37	1	0	37	0.000114116	8763	0.998048	FALSE	ORF1ab:cds-YP_009724389.1	AAG	K	ATG	M	1720
NC_045512.2	5424	A	T	8758	361	37	1	0	37	0.000114116	8763	0.998048	FALSE	ORF1ab:cds-YP_009725295.1	AAG	K	ATG	M	1720
NC_045512.2	5424	A	G	8758	361	37	4	0	37	0.000456465	8763	0.927071	FALSE	ORF1ab:cds-YP_009724389.1	AAG	K	AGG	R	1720
NC_045512.2	5424	A	G	8758	361	37	4	0	37	0.000456465	8763	0.927071	FALSE	ORF1ab:cds-YP_009725295.1	AAG	K	AGG	R	1720
NC_045512.2	5425	G	T	9071	372	37	23	0	35	0.00252914	9094	0.00998541	TRUE	ORF1ab:cds-YP_009724389.1	AAG	K	AAT	N	1720
NC_045512.2	5425	G	T	9071	372	37	23	0	35	0.00252914	9094	0.00998541	TRUE	ORF1ab:cds-YP_009725295.1	AAG	K	AAT	N	1720
NC_045512.2	5426	A	G	9242	568	38	1	1	37	0.00010819	9243	0.999026	FALSE	ORF1ab:cds-YP_009724389.1	ACA	T	GCA	A	1721
NC_045512.2	5426	A	G	9242	568	38	1	1	37	0.00010819	9243	0.999026	FALSE	ORF1ab:cds-YP_009725295.1	ACA	T	GCA	A	1721
NC_045512.2	5427	C	T	9408	602	38	1	0	37	0.00010627	9410	0.999026	FALSE	ORF1ab:cds-YP_009724389.1	ACA	T	ATA	I	1721
NC_045512.2	5427	C	T	9408	602	38	1	0	37	0.00010627	9410	0.999026	FALSE	ORF1ab:cds-YP_009725295.1	ACA	T	ATA	I	1721
NC_045512.2	5427	C	A	9408	602	38	1	0	25	0.00010627	9410	1	FALSE	ORF1ab:cds-YP_009724389.1	ACA	T	AAA	K	1721
NC_045512.2	5427	C	A	9408	602	38	1	0	25	0.00010627	9410	1	FALSE	ORF1ab:cds-YP_009725295.1	ACA	T	AAA	K	1721
NC_045512.2	5428	A	G	9178	607	37	2	1	42	0.000217699	9187	0.249823	FALSE	ORF1ab:cds-YP_009724389.1	ACA	T	ACG	T	1721
NC_045512.2	5428	A	G	9178	607	37	2	1	42	0.000217699	9187	0.249823	FALSE	ORF1ab:cds-YP_009725295.1	ACA	T	ACG	T	1721
NC_045512.2	5428	A	C	9178	607	37	7	0	26	0.000761946	9187	1	FALSE	ORF1ab:cds-YP_009724389.1	ACA	T	ACC	T	1721
NC_045512.2	5428	A	C	9178	607	37	7	0	26	0.000761946	9187	1	FALSE	ORF1ab:cds-YP_009725295.1	ACA	T	ACC	T	1721
NC_045512.2	5429	G	T	10050	612	38	2	0	25	0.000198946	10053	1	FALSE	ORF1ab:cds-YP_009724389.1	GTA	V	TTA	L	1722
NC_045512.2	5429	G	T	10050	612	38	2	0	25	0.000198946	10053	1	FALSE	ORF1ab:cds-YP_009725295.1	GTA	V	TTA	L	1722
NC_045512.2	5429	G	A	10050	612	38	1	1	37	9.94728e-05	10053	0.999513	FALSE	ORF1ab:cds-YP_009724389.1	GTA	V	ATA	I	1722
NC_045512.2	5429	G	A	10050	612	38	1	1	37	9.94728e-05	10053	0.999513	FALSE	ORF1ab:cds-YP_009725295.1	GTA	V	ATA	I	1722
NC_045512.2	5429	G	-T	10050	612	38	1	0	20	9.94728e-05	10053	1	FALSE	NA	NA	NA	NA	NA	NA
NC_045512.2	5430	T	G	9227	624	37	11	0	29	0.00119035	9241	1	FALSE	ORF1ab:cds-YP_009724389.1	GTA	V	GGA	G	1722
NC_045512.2	5430	T	G	9227	624	37	11	0	29	0.00119035	9241	1	FALSE	ORF1ab:cds-YP_009725295.1	GTA	V	GGA	G	1722
NC_045512.2	5430	T	C	9227	624	37	2	1	55	0.000216427	9241	0.249662	FALSE	ORF1ab:cds-YP_009724389.1	GTA	V	GCA	A	1722
NC_045512.2	5430	T	C	9227	624	37	2	1	55	0.000216427	9241	0.249662	FALSE	ORF1ab:cds-YP_009725295.1	GTA	V	GCA	A	1722
NC_045512.2	5430	T	A	9227	624	37	1	0	37	0.000108213	9241	0.999019	FALSE	ORF1ab:cds-YP_009724389.1	GTA	V	GAA	E	1722
NC_045512.2	5430	T	A	9227	624	37	1	0	37	0.000108213	9241	0.999019	FALSE	ORF1ab:cds-YP_009725295.1	GTA	V	GAA	E	1722
NC_045512.2	5431	A	G	9654	613	37	3	0	37	0.000310463	9663	0.9807	FALSE	ORF1ab:cds-YP_009724389.1	GTA	V	GTG	V	1722
NC_045512.2	5431	A	G	9654	613	37	3	0	37	0.000310463	9663	0.9807	FALSE	ORF1ab:cds-YP_009725295.1	GTA	V	GTG	V	1722
NC_045512.2	5431	A	C	9654	613	37	6	0	25	0.000620925	9663	1	FALSE	ORF1ab:cds-YP_009724389.1	GTA	V	GTC	V	1722
NC_045512.2	5431	A	C	9654	613	37	6	0	25	0.000620925	9663	1	FALSE	ORF1ab:cds-YP_009725295.1	GTA	V	GTC	V	1722
NC_045512.2	5432	G	T	10170	612	38	2	0	31	0.000196599	10173	0.996833	FALSE	ORF1ab:cds-YP_009724389.1	GGT	G	TGT	C	1723
NC_045512.2	5432	G	T	10170	612	38	2	0	31	0.000196599	10173	0.996833	FALSE	ORF1ab:cds-YP_009725295.1	GGT	G	TGT	C	1723
NC_045512.2	5432	G	A	10170	612	38	1	0	25	9.82994e-05	10173	1	FALSE	ORF1ab:cds-YP_009724389.1	GGT	G	AGT	S	1723
NC_045512.2	5432	G	A	10170	612	38	1	0	25	9.82994e-05	10173	1	FALSE	ORF1ab:cds-YP_009725295.1	GGT	G	AGT	S	1723
NC_045512.2	5433	G	A	10195	621	38	1	0	37	9.80777e-05	10196	0.999513	FALSE	ORF1ab:cds-YP_009724389.1	GGT	G	GAT	D	1723
NC_045512.2	5433	G	A	10195	621	38	1	0	37	9.80777e-05	10196	0.999513	FALSE	ORF1ab:cds-YP_009725295.1	GGT	G	GAT	D	1723
NC_045512.2	5434	T	G	9548	651	37	10	0	27	0.00104624	9558	1	FALSE	ORF1ab:cds-YP_009724389.1	GGT	G	GGG	G	1723
NC_045512.2	5434	T	G	9548	651	37	10	0	27	0.00104624	9558	1	FALSE	ORF1ab:cds-YP_009725295.1	GGT	G	GGG	G	1723
NC_045512.2	5436	A	G	10189	657	38	1	0	37	9.81354e-05	10190	0.999513	FALSE	ORF1ab:cds-YP_009724389.1	GAG	E	GGG	G	1724
NC_045512.2	5436	A	G	10189	657	38	1	0	37	9.81354e-05	10190	0.999513	FALSE	ORF1ab:cds-YP_009725295.1	GAG	E	GGG	G	1724
NC_045512.2	5438	T	G	10072	670	37	5	0	25	0.000496081	10079	1	FALSE	ORF1ab:cds-YP_009724389.1	TTA	L	GTA	V	1725
NC_045512.2	5438	T	G	10072	670	37	5	0	25	0.000496081	10079	1	FALSE	ORF1ab:cds-YP_009725295.1	TTA	L	GTA	V	1725
NC_045512.2	5438	T	C	10072	670	37	1	0	37	9.92162e-05	10079	0.999512	FALSE	ORF1ab:cds-YP_009724389.1	TTA	L	CTA	L	1725
NC_045512.2	5438	T	C	10072	670	37	1	0	37	9.92162e-05	10079	0.999512	FALSE	ORF1ab:cds-YP_009725295.1	TTA	L	CTA	L	1725
NC_045512.2	5438	T	A	10072	670	37	1	0	37	9.92162e-05	10079	0.999512	FALSE	ORF1ab:cds-YP_009724389.1	TTA	L	ATA	I	1725
NC_045512.2	5438	T	A	10072	670	37	1	0	37	9.92162e-05	10079	0.999512	FALSE	ORF1ab:cds-YP_009725295.1	TTA	L	ATA	I	1725
NC_045512.2	5439	T	G	10429	676	38	2	0	31	0.000191736	10431	0.996835	FALSE	ORF1ab:cds-YP_009724389.1	TTA	L	TGA	*	1725
NC_045512.2	5439	T	G	10429	676	38	2	0	31	0.000191736	10431	0.996835	FALSE	ORF1ab:cds-YP_009725295.1	TTA	L	TGA	*	1725
NC_045512.2	5440	A	T	10477	682	38	1	0	37	9.54107e-05	10481	0.999512	FALSE	ORF1ab:cds-YP_009724389.1	TTA	L	TTT	F	1725
NC_045512.2	5440	A	T	10477	682	38	1	0	37	9.54107e-05	10481	0.999512	FALSE	ORF1ab:cds-YP_009725295.1	TTA	L	TTT	F	1725
NC_045512.2	5440	A	G	10477	682	38	3	1	49	0.000286232	10481	0.312482	FALSE	ORF1ab:cds-YP_009724389.1	TTA	L	TTG	L	1725
NC_045512.2	5440	A	G	10477	682	38	3	1	49	0.000286232	10481	0.312482	FALSE	ORF1ab:cds-YP_009725295.1	TTA	L	TTG	L	1725
NC_045512.2	5441	G	T	10718	683	38	1	0	37	9.32836e-05	10720	0.999513	FALSE	ORF1ab:cds-YP_009724389.1	GGT	G	TGT	C	1726
NC_045512.2	5441	G	T	10718	683	38	1	0	37	9.32836e-05	10720	0.999513	FALSE	ORF1ab:cds-YP_009725295.1	GGT	G	TGT	C	1726
NC_045512.2	5441	G	A	10718	683	38	1	0	37	9.32836e-05	10720	0.999513	FALSE	ORF1ab:cds-YP_009724389.1	GGT	G	AGT	S	1726
NC_045512.2	5441	G	A	10718	683	38	1	0	37	9.32836e-05	10720	0.999513	FALSE	ORF1ab:cds-YP_009725295.1	GGT	G	AGT	S	1726
NC_045512.2	5442	G	T	10703	728	38	1	0	37	9.34143e-05	10705	0.999513	FALSE	ORF1ab:cds-YP_009724389.1	GGT	G	GTT	V	1726
NC_045512.2	5442	G	T	10703	728	38	1	0	37	9.34143e-05	10705	0.999513	FALSE	ORF1ab:cds-YP_009725295.1	GGT	G	GTT	V	1726
NC_045512.2	5442	G	A	10703	728	38	1	0	37	9.34143e-05	10705	0.999513	FALSE	ORF1ab:cds-YP_009724389.1	GGT	G	GAT	D	1726
NC_045512.2	5442	G	A	10703	728	38	1	0	37	9.34143e-05	10705	0.999513	FALSE	ORF1ab:cds-YP_009725295.1	GGT	G	GAT	D	1726
NC_045512.2	5443	T	G	10614	734	38	1	0	37	9.41886e-05	10617	0.999513	FALSE	ORF1ab:cds-YP_009724389.1	GGT	G	GGG	G	1726
NC_045512.2	5443	T	G	10614	734	38	1	0	37	9.41886e-05	10617	0.999513	FALSE	ORF1ab:cds-YP_009725295.1	GGT	G	GGG	G	1726
NC_045512.2	5443	T	C	10614	734	38	2	0	37	0.000188377	10617	0.996833	FALSE	ORF1ab:cds-YP_009724389.1	GGT	G	GGC	G	1726
NC_045512.2	5443	T	C	10614	734	38	2	0	37	0.000188377	10617	0.996833	FALSE	ORF1ab:cds-YP_009725295.1	GGT	G	GGC	G	1726
NC_045512.2	5444	G	T	10793	767	39	1	0	37	9.26355e-05	10795	0.999513	FALSE	ORF1ab:cds-YP_009724389.1	GAT	D	TAT	Y	1727
NC_045512.2	5444	G	T	10793	767	39	1	0	37	9.26355e-05	10795	0.999513	FALSE	ORF1ab:cds-YP_009725295.1	GAT	D	TAT	Y	1727
NC_045512.2	5444	G	A	10793	767	39	1	0	37	9.26355e-05	10795	0.999513	FALSE	ORF1ab:cds-YP_009724389.1	GAT	D	AAT	N	1727
NC_045512.2	5444	G	A	10793	767	39	1	0	37	9.26355e-05	10795	0.999513	FALSE	ORF1ab:cds-YP_009725295.1	GAT	D	AAT	N	1727
NC_045512.2	5445	A	T	10859	772	39	1	0	25	9.20471e-05	10864	1	FALSE	ORF1ab:cds-YP_009724389.1	GAT	D	GTT	V	1727
NC_045512.2	5445	A	T	10859	772	39	1	0	25	9.20471e-05	10864	1	FALSE	ORF1ab:cds-YP_009725295.1	GAT	D	GTT	V	1727
NC_045512.2	5445	A	G	10859	772	39	4	1	46	0.000368189	10864	0.187471	FALSE	ORF1ab:cds-YP_009724389.1	GAT	D	GGT	G	1727
NC_045512.2	5445	A	G	10859	772	39	4	1	46	0.000368189	10864	0.187471	FALSE	ORF1ab:cds-YP_009725295.1	GAT	D	GGT	G	1727
NC_045512.2	5447	G	T	10920	812	39	2	0	37	0.0001831	10923	0.996833	FALSE	ORF1ab:cds-YP_009724389.1	GTT	V	TTT	F	1728
NC_045512.2	5447	G	T	10920	812	39	2	0	37	0.0001831	10923	0.996833	FALSE	ORF1ab:cds-YP_009725295.1	GTT	V	TTT	F	1728
NC_045512.2	5447	G	A	10920	812	39	1	0	37	9.15499e-05	10923	0.999513	FALSE	ORF1ab:cds-YP_009724389.1	GTT	V	ATT	I	1728
NC_045512.2	5447	G	A	10920	812	39	1	0	37	9.15499e-05	10923	0.999513	FALSE	ORF1ab:cds-YP_009725295.1	GTT	V	ATT	I	1728
NC_045512.2	5447	G	-T	10920	812	39	2	0	20	0.0001831	10923	1	FALSE	NA	NA	NA	NA	NA	NA
NC_045512.2	5448	T	C	10711	812	38	2	0	37	0.000186689	10713	0.996831	FALSE	ORF1ab:cds-YP_009724389.1	GTT	V	GCT	A	1728
NC_045512.2	5448	T	C	10711	812	38	2	0	37	0.000186689	10713	0.996831	FALSE	ORF1ab:cds-YP_009725295.1	GTT	V	GCT	A	1728
NC_045512.2	5450	A	T	10915	839	39	1	1	48	9.15751e-05	10920	0.749943	FALSE	ORF1ab:cds-YP_009724389.1	AGA	R	TGA	*	1729
NC_045512.2	5450	A	T	10915	839	39	1	1	48	9.15751e-05	10920	0.749943	FALSE	ORF1ab:cds-YP_009725295.1	AGA	R	TGA	*	1729
NC_045512.2	5450	A	G	10915	839	39	1	0	37	9.15751e-05	10920	0.999512	FALSE	ORF1ab:cds-YP_009724389.1	AGA	R	GGA	G	1729
NC_045512.2	5450	A	G	10915	839	39	1	0	37	9.15751e-05	10920	0.999512	FALSE	ORF1ab:cds-YP_009725295.1	AGA	R	GGA	G	1729
NC_045512.2	5450	A	C	10915	839	39	3	0	26	0.000274725	10920	1	FALSE	ORF1ab:cds-YP_009724389.1	AGA	R	CGA	R	1729
NC_045512.2	5450	A	C	10915	839	39	3	0	26	0.000274725	10920	1	FALSE	ORF1ab:cds-YP_009725295.1	AGA	R	CGA	R	1729
NC_045512.2	5451	G	T	10951	850	39	1	0	25	9.12909e-05	10954	1	FALSE	ORF1ab:cds-YP_009724389.1	AGA	R	ATA	I	1729
NC_045512.2	5451	G	T	10951	850	39	1	0	25	9.12909e-05	10954	1	FALSE	ORF1ab:cds-YP_009725295.1	AGA	R	ATA	I	1729
NC_045512.2	5451	G	A	10951	850	39	2	0	37	0.000182582	10954	0.996833	FALSE	ORF1ab:cds-YP_009724389.1	AGA	R	AAA	K	1729
NC_045512.2	5451	G	A	10951	850	39	2	0	37	0.000182582	10954	0.996833	FALSE	ORF1ab:cds-YP_009725295.1	AGA	R	AAA	K	1729
NC_045512.2	5452	A	G	10965	863	39	1	0	37	9.1191e-05	10966	0.999513	FALSE	ORF1ab:cds-YP_009724389.1	AGA	R	AGG	R	1729
NC_045512.2	5452	A	G	10965	863	39	1	0	37	9.1191e-05	10966	0.999513	FALSE	ORF1ab:cds-YP_009725295.1	AGA	R	AGG	R	1729
NC_045512.2	5453	G	T	11004	864	39	1	0	37	9.08678e-05	11005	0.999757	FALSE	ORF1ab:cds-YP_009724389.1	GAA	E	TAA	*	1730
NC_045512.2	5453	G	T	11004	864	39	1	0	37	9.08678e-05	11005	0.999757	FALSE	ORF1ab:cds-YP_009725295.1	GAA	E	TAA	*	1730
NC_045512.2	5455	A	G	11003	1093	40	2	1	31	0.000181703	11007	0.998294	FALSE	ORF1ab:cds-YP_009724389.1	GAA	E	GAG	E	1730
NC_045512.2	5455	A	G	11003	1093	40	2	1	31	0.000181703	11007	0.998294	FALSE	ORF1ab:cds-YP_009725295.1	GAA	E	GAG	E	1730
NC_045512.2	5455	A	C	11003	1093	40	2	2	27	0.000181703	11007	1	FALSE	ORF1ab:cds-YP_009724389.1	GAA	E	GAC	D	1730
NC_045512.2	5455	A	C	11003	1093	40	2	2	27	0.000181703	11007	1	FALSE	ORF1ab:cds-YP_009725295.1	GAA	E	GAC	D	1730
NC_045512.2	5456	A	G	10665	1798	42	2	2	37	0.000187441	10670	0.99683	FALSE	ORF1ab:cds-YP_009724389.1	ACA	T	GCA	A	1731
NC_045512.2	5456	A	G	10665	1798	42	2	2	37	0.000187441	10670	0.99683	FALSE	ORF1ab:cds-YP_009725295.1	ACA	T	GCA	A	1731
NC_045512.2	5456	A	C	10665	1798	42	3	1	41	0.000281162	10670	0.312447	FALSE	ORF1ab:cds-YP_009724389.1	ACA	T	CCA	P	1731
NC_045512.2	5456	A	C	10665	1798	42	3	1	41	0.000281162	10670	0.312447	FALSE	ORF1ab:cds-YP_009725295.1	ACA	T	CCA	P	1731
NC_045512.2	5457	C	T	10852	1931	44	1	0	37	9.21319e-05	10854	0.999513	FALSE	ORF1ab:cds-YP_009724389.1	ACA	T	ATA	I	1731
NC_045512.2	5457	C	T	10852	1931	44	1	0	37	9.21319e-05	10854	0.999513	FALSE	ORF1ab:cds-YP_009725295.1	ACA	T	ATA	I	1731
NC_045512.2	5457	C	A	10852	1931	44	1	0	74	9.21319e-05	10854	0.5	FALSE	ORF1ab:cds-YP_009724389.1	ACA	T	AAA	K	1731
NC_045512.2	5457	C	A	10852	1931	44	1	0	74	9.21319e-05	10854	0.5	FALSE	ORF1ab:cds-YP_009725295.1	ACA	T	AAA	K	1731
NC_045512.2	5457	C	+A	10852	1931	44	1	0	20	9.21319e-05	10854	1	FALSE	NA	NA	NA	NA	NA	NA
NC_045512.2	5458	A	G	9166	2302	42	1	0	37	0.000109075	9168	0.999026	FALSE	ORF1ab:cds-YP_009724389.1	ACA	T	ACG	T	1731
NC_045512.2	5458	A	G	9166	2302	42	1	0	37	0.000109075	9168	0.999026	FALSE	ORF1ab:cds-YP_009725295.1	ACA	T	ACG	T	1731
NC_045512.2	5458	A	C	9166	2302	42	1	0	29	0.000109075	9168	1	FALSE	ORF1ab:cds-YP_009724389.1	ACA	T	ACC	T	1731
NC_045512.2	5458	A	C	9166	2302	42	1	0	29	0.000109075	9168	1	FALSE	ORF1ab:cds-YP_009725295.1	ACA	T	ACC	T	1731
NC_045512.2	5458	A	+G	9166	2302	42	1	0	20	0.000109075	9168	1	FALSE	NA	NA	NA	NA	NA	NA
NC_045512.2	5459	A	G	8855	2276	41	1	0	37	0.000112841	8862	0.998046	FALSE	ORF1ab:cds-YP_009724389.1	ATG	M	GTG	V	1732
NC_045512.2	5459	A	G	8855	2276	41	1	0	37	0.000112841	8862	0.998046	FALSE	ORF1ab:cds-YP_009725295.1	ATG	M	GTG	V	1732
NC_045512.2	5459	A	C	8855	2276	41	6	2	27	0.000677048	8862	1	FALSE	ORF1ab:cds-YP_009724389.1	ATG	M	CTG	L	1732
NC_045512.2	5459	A	C	8855	2276	41	6	2	27	0.000677048	8862	1	FALSE	ORF1ab:cds-YP_009725295.1	ATG	M	CTG	L	1732
NC_045512.2	5460	T	G	8895	2364	41	2	0	31	0.000224795	8897	0.98928	FALSE	ORF1ab:cds-YP_009724389.1	ATG	M	AGG	R	1732
NC_045512.2	5460	T	G	8895	2364	41	2	0	31	0.000224795	8897	0.98928	FALSE	ORF1ab:cds-YP_009725295.1	ATG	M	AGG	R	1732
NC_045512.2	5461	G	A	9359	2388	41	1	0	37	0.000106838	9360	0.999026	FALSE	ORF1ab:cds-YP_009724389.1	ATG	M	ATA	I	1732
NC_045512.2	5461	G	A	9359	2388	41	1	0	37	0.000106838	9360	0.999026	FALSE	ORF1ab:cds-YP_009725295.1	ATG	M	ATA	I	1732
NC_045512.2	5462	A	G	9250	2438	41	4	1	43	0.000432199	9255	0.0624797	FALSE	ORF1ab:cds-YP_009724389.1	AGT	S	GGT	G	1733
NC_045512.2	5462	A	G	9250	2438	41	4	1	43	0.000432199	9255	0.0624797	FALSE	ORF1ab:cds-YP_009725295.1	AGT	S	GGT	G	1733
NC_045512.2	5462	A	C	9250	2438	41	1	0	37	0.00010805	9255	0.999024	FALSE	ORF1ab:cds-YP_009724389.1	AGT	S	CGT	R	1733
NC_045512.2	5462	A	C	9250	2438	41	1	0	37	0.00010805	9255	0.999024	FALSE	ORF1ab:cds-YP_009725295.1	AGT	S	CGT	R	1733
NC_045512.2	5464	T	G	8943	2607	41	1	1	25	0.000111794	8945	1	FALSE	ORF1ab:cds-YP_009724389.1	AGT	S	AGG	R	1733
NC_045512.2	5464	T	G	8943	2607	41	1	1	25	0.000111794	8945	1	FALSE	ORF1ab:cds-YP_009725295.1	AGT	S	AGG	R	1733
NC_045512.2	5464	T	A	8943	2607	41	1	0	25	0.000111794	8945	1	FALSE	ORF1ab:cds-YP_009724389.1	AGT	S	AGA	R	1733
NC_045512.2	5464	T	A	8943	2607	41	1	0	25	0.000111794	8945	1	FALSE	ORF1ab:cds-YP_009725295.1	AGT	S	AGA	R	1733
NC_045512.2	5465	T	G	9139	2681	42	2	2	27	0.000218794	9141	1	FALSE	ORF1ab:cds-YP_009724389.1	TAC	Y	GAC	D	1734
NC_045512.2	5465	T	G	9139	2681	42	2	2	27	0.000218794	9141	1	FALSE	ORF1ab:cds-YP_009725295.1	TAC	Y	GAC	D	1734
NC_045512.2	5466	A	G	9145	2779	42	3	0	49	0.000327941	9148	0.125	FALSE	ORF1ab:cds-YP_009724389.1	TAC	Y	TGC	C	1734
NC_045512.2	5466	A	G	9145	2779	42	3	0	49	0.000327941	9148	0.125	FALSE	ORF1ab:cds-YP_009725295.1	TAC	Y	TGC	C	1734
NC_045512.2	5467	C	T	9093	2768	42	3	2	49	0.000329815	9096	0.125	FALSE	ORF1ab:cds-YP_009724389.1	TAC	Y	TAT	Y	1734
NC_045512.2	5467	C	T	9093	2768	42	3	2	49	0.000329815	9096	0.125	FALSE	ORF1ab:cds-YP_009725295.1	TAC	Y	TAT	Y	1734
NC_045512.2	5468	T	G	8555	2924	41	2	2	25	0.000233618	8561	1	FALSE	ORF1ab:cds-YP_009724389.1	TTG	L	GTG	V	1735
NC_045512.2	5468	T	G	8555	2924	41	2	2	25	0.000233618	8561	1	FALSE	ORF1ab:cds-YP_009725295.1	TTG	L	GTG	V	1735
NC_045512.2	5468	T	C	8555	2924	41	4	2	39	0.000467235	8561	0.927044	FALSE	ORF1ab:cds-YP_009724389.1	TTG	L	CTG	L	1735
NC_045512.2	5468	T	C	8555	2924	41	4	2	39	0.000467235	8561	0.927044	FALSE	ORF1ab:cds-YP_009725295.1	TTG	L	CTG	L	1735
NC_045512.2	5469	T	C	8642	2965	41	1	0	74	0.000115701	8643	0.500029	FALSE	ORF1ab:cds-YP_009724389.1	TTG	L	TCG	S	1735
NC_045512.2	5469	T	C	8642	2965	41	1	0	74	0.000115701	8643	0.500029	FALSE	ORF1ab:cds-YP_009725295.1	TTG	L	TCG	S	1735
NC_045512.2	5471	T	C	8582	2917	41	2	1	37	0.000232992	8584	0.989281	FALSE	ORF1ab:cds-YP_009724389.1	TTT	F	CTT	L	1736
NC_045512.2	5471	T	C	8582	2917	41	2	1	37	0.000232992	8584	0.989281	FALSE	ORF1ab:cds-YP_009725295.1	TTT	F	CTT	L	1736
NC_045512.2	5472	T	C	8578	2994	41	1	0	37	0.000116564	8579	0.998052	FALSE	ORF1ab:cds-YP_009724389.1	TTT	F	TCT	S	1736
NC_045512.2	5472	T	C	8578	2994	41	1	0	37	0.000116564	8579	0.998052	FALSE	ORF1ab:cds-YP_009725295.1	TTT	F	TCT	S	1736
NC_045512.2	5474	C	T	8641	3133	41	1	0	37	0.000115701	8643	0.998051	FALSE	ORF1ab:cds-YP_009724389.1	CAA	Q	TAA	*	1737
NC_045512.2	5474	C	T	8641	3133	41	1	0	37	0.000115701	8643	0.998051	FALSE	ORF1ab:cds-YP_009725295.1	CAA	Q	TAA	*	1737
NC_045512.2	5474	C	A	8641	3133	41	1	1	25	0.000115701	8643	1	FALSE	ORF1ab:cds-YP_009724389.1	CAA	Q	AAA	K	1737
NC_045512.2	5474	C	A	8641	3133	41	1	1	25	0.000115701	8643	1	FALSE	ORF1ab:cds-YP_009725295.1	CAA	Q	AAA	K	1737
NC_045512.2	5475	A	G	9073	3868	41	2	1	37	0.000220361	9076	0.994152	FALSE	ORF1ab:cds-YP_009724389.1	CAA	Q	CGA	R	1737
NC_045512.2	5475	A	G	9073	3868	41	2	1	37	0.000220361	9076	0.994152	FALSE	ORF1ab:cds-YP_009725295.1	CAA	Q	CGA	R	1737
NC_045512.2	5475	A	C	9073	3868	41	1	0	25	0.000110181	9076	1	FALSE	ORF1ab:cds-YP_009724389.1	CAA	Q	CCA	P	1737
NC_045512.2	5475	A	C	9073	3868	41	1	0	25	0.000110181	9076	1	FALSE	ORF1ab:cds-YP_009725295.1	CAA	Q	CCA	P	1737
NC_045512.2	5476	A	T	8970	3885	41	1	0	25	0.00011147	8971	1	FALSE	ORF1ab:cds-YP_009724389.1	CAA	Q	CAT	H	1737
NC_045512.2	5476	A	T	8970	3885	41	1	0	25	0.00011147	8971	1	FALSE	ORF1ab:cds-YP_009725295.1	CAA	Q	CAT	H	1737
NC_045512.2	5477	C	T	9010	3867	41	1	1	37	0.000110975	9011	0.999026	FALSE	ORF1ab:cds-YP_009724389.1	CAT	H	TAT	Y	1738
NC_045512.2	5477	C	T	9010	3867	41	1	1	37	0.000110975	9011	0.999026	FALSE	ORF1ab:cds-YP_009725295.1	CAT	H	TAT	Y	1738
NC_045512.2	5478	A	G	9006	3928	41	1	0	37	0.000111025	9007	0.999026	FALSE	ORF1ab:cds-YP_009724389.1	CAT	H	CGT	R	1738
NC_045512.2	5478	A	G	9006	3928	41	1	0	37	0.000111025	9007	0.999026	FALSE	ORF1ab:cds-YP_009725295.1	CAT	H	CGT	R	1738
NC_045512.2	5478	A	+G	9006	3928	41	1	0	20	0.000111025	9007	1	FALSE	NA	NA	NA	NA	NA	NA
NC_045512.2	5479	T	C	8946	3951	41	1	0	37	0.000111769	8947	0.998052	FALSE	ORF1ab:cds-YP_009724389.1	CAT	H	CAC	H	1738
NC_045512.2	5479	T	C	8946	3951	41	1	0	37	0.000111769	8947	0.998052	FALSE	ORF1ab:cds-YP_009725295.1	CAT	H	CAC	H	1738
NC_045512.2	5480	G	A	9098	4038	41	7	2	43	0.000768808	9105	0.00780649	TRUE	ORF1ab:cds-YP_009724389.1	GCC	A	ACC	T	1739
NC_045512.2	5480	G	A	9098	4038	41	7	2	43	0.000768808	9105	0.00780649	TRUE	ORF1ab:cds-YP_009725295.1	GCC	A	ACC	T	1739
NC_045512.2	5481	C	T	8995	4012	41	11	5	40	0.00122114	9008	0.000486494	TRUE	ORF1ab:cds-YP_009724389.1	GCC	A	GTC	V	1739
NC_045512.2	5481	C	T	8995	4012	41	11	5	40	0.00122114	9008	0.000486494	TRUE	ORF1ab:cds-YP_009725295.1	GCC	A	GTC	V	1739
NC_045512.2	5481	C	A	8995	4012	41	2	1	31	0.000222025	9008	0.994123	FALSE	ORF1ab:cds-YP_009724389.1	GCC	A	GAC	D	1739
NC_045512.2	5481	C	A	8995	4012	41	2	1	31	0.000222025	9008	0.994123	FALSE	ORF1ab:cds-YP_009725295.1	GCC	A	GAC	D	1739
NC_045512.2	5485	T	C	9147	4137	41	3	2	37	0.000327869	9150	0.980752	FALSE	ORF1ab:cds-YP_009724389.1	AAT	N	AAC	N	1740
NC_045512.2	5485	T	C	9147	4137	41	3	2	37	0.000327869	9150	0.980752	FALSE	ORF1ab:cds-YP_009725295.1	AAT	N	AAC	N	1740
NC_045512.2	5486	T	G	9194	4195	41	1	1	25	0.000108731	9197	1	FALSE	ORF1ab:cds-YP_009724389.1	TTA	L	GTA	V	1741
NC_045512.2	5486	T	G	9194	4195	41	1	1	25	0.000108731	9197	1	FALSE	ORF1ab:cds-YP_009725295.1	TTA	L	GTA	V	1741
NC_045512.2	5486	T	C	9194	4195	41	2	2	37	0.000217462	9197	0.994152	FALSE	ORF1ab:cds-YP_009724389.1	TTA	L	CTA	L	1741
NC_045512.2	5486	T	C	9194	4195	41	2	2	37	0.000217462	9197	0.994152	FALSE	ORF1ab:cds-YP_009725295.1	TTA	L	CTA	L	1741
NC_045512.2	5487	T	G	9239	4174	41	2	2	25	0.000216427	9241	1	FALSE	ORF1ab:cds-YP_009724389.1	TTA	L	TGA	*	1741
NC_045512.2	5487	T	G	9239	4174	41	2	2	25	0.000216427	9241	1	FALSE	ORF1ab:cds-YP_009725295.1	TTA	L	TGA	*	1741
NC_045512.2	5488	A	G	9050	4218	41	1	0	74	0.000110485	9051	0.500028	FALSE	ORF1ab:cds-YP_009724389.1	TTA	L	TTG	L	1741
NC_045512.2	5488	A	G	9050	4218	41	1	0	74	0.000110485	9051	0.500028	FALSE	ORF1ab:cds-YP_009725295.1	TTA	L	TTG	L	1741
NC_045512.2	5489	G	T	9078	4289	40	1	0	25	0.000110144	9079	1	FALSE	ORF1ab:cds-YP_009724389.1	GAT	D	TAT	Y	1742
NC_045512.2	5489	G	T	9078	4289	40	1	0	25	0.000110144	9079	1	FALSE	ORF1ab:cds-YP_009725295.1	GAT	D	TAT	Y	1742
NC_045512.2	5490	A	G	9028	4147	40	1	1	25	0.00011073	9031	1	FALSE	ORF1ab:cds-YP_009724389.1	GAT	D	GGT	G	1742
NC_045512.2	5490	A	G	9028	4147	40	1	1	25	0.00011073	9031	1	FALSE	ORF1ab:cds-YP_009725295.1	GAT	D	GGT	G	1742
NC_045512.2	5490	A	C	9028	4147	40	2	2	29	0.000221459	9031	1	FALSE	ORF1ab:cds-YP_009724389.1	GAT	D	GCT	A	1742
NC_045512.2	5490	A	C	9028	4147	40	2	2	29	0.000221459	9031	1	FALSE	ORF1ab:cds-YP_009725295.1	GAT	D	GCT	A	1742
NC_045512.2	5491	T	G	8953	4114	40	2	2	31	0.000223339	8955	0.98928	FALSE	ORF1ab:cds-YP_009724389.1	GAT	D	GAG	E	1742
NC_045512.2	5491	T	G	8953	4114	40	2	2	31	0.000223339	8955	0.98928	FALSE	ORF1ab:cds-YP_009725295.1	GAT	D	GAG	E	1742
NC_045512.2	5492	T	A	9029	4221	41	3	3	25	0.000332152	9032	1	FALSE	ORF1ab:cds-YP_009724389.1	TCT	S	ACT	T	1743
NC_045512.2	5492	T	A	9029	4221	41	3	3	25	0.000332152	9032	1	FALSE	ORF1ab:cds-YP_009725295.1	TCT	S	ACT	T	1743
NC_045512.2	5493	C	A	8951	4432	40	1	1	37	0.000111707	8952	0.998052	FALSE	ORF1ab:cds-YP_009724389.1	TCT	S	TAT	Y	1743
NC_045512.2	5493	C	A	8951	4432	40	1	1	37	0.000111707	8952	0.998052	FALSE	ORF1ab:cds-YP_009725295.1	TCT	S	TAT	Y	1743
NC_045512.2	5494	T	G	8756	4191	40	2	2	33	0.000228232	8763	0.989255	FALSE	ORF1ab:cds-YP_009724389.1	TCT	S	TCG	S	1743
NC_045512.2	5494	T	G	8756	4191	40	2	2	33	0.000228232	8763	0.989255	FALSE	ORF1ab:cds-YP_009725295.1	TCT	S	TCG	S	1743
NC_045512.2	5494	T	C	8756	4191	40	4	2	43	0.000456465	8763	0.0624501	FALSE	ORF1ab:cds-YP_009724389.1	TCT	S	TCC	S	1743
NC_045512.2	5494	T	C	8756	4191	40	4	2	43	0.000456465	8763	0.0624501	FALSE	ORF1ab:cds-YP_009725295.1	TCT	S	TCC	S	1743
NC_045512.2	5494	T	A	8756	4191	40	1	1	37	0.000114116	8763	0.998046	FALSE	ORF1ab:cds-YP_009724389.1	TCT	S	TCA	S	1743
NC_045512.2	5494	T	A	8756	4191	40	1	1	37	0.000114116	8763	0.998046	FALSE	ORF1ab:cds-YP_009725295.1	TCT	S	TCA	S	1743
NC_045512.2	5495	T	G	8832	4353	40	1	0	37	0.000113199	8834	0.998051	FALSE	ORF1ab:cds-YP_009724389.1	TGC	C	GGC	G	1744
NC_045512.2	5495	T	G	8832	4353	40	1	0	37	0.000113199	8834	0.998051	FALSE	ORF1ab:cds-YP_009725295.1	TGC	C	GGC	G	1744
NC_045512.2	5495	T	C	8832	4353	40	1	1	37	0.000113199	8834	0.998051	FALSE	ORF1ab:cds-YP_009724389.1	TGC	C	CGC	R	1744
NC_045512.2	5495	T	C	8832	4353	40	1	1	37	0.000113199	8834	0.998051	FALSE	ORF1ab:cds-YP_009725295.1	TGC	C	CGC	R	1744
NC_045512.2	5496	G	T	8849	4387	40	1	1	25	0.000112905	8857	1	FALSE	ORF1ab:cds-YP_009724389.1	TGC	C	TTC	F	1744
NC_045512.2	5496	G	T	8849	4387	40	1	1	25	0.000112905	8857	1	FALSE	ORF1ab:cds-YP_009725295.1	TGC	C	TTC	F	1744
NC_045512.2	5496	G	A	8849	4387	40	7	1	42	0.000790335	8857	0.00780324	TRUE	ORF1ab:cds-YP_009724389.1	TGC	C	TAC	Y	1744
NC_045512.2	5496	G	A	8849	4387	40	7	1	42	0.000790335	8857	0.00780324	TRUE	ORF1ab:cds-YP_009725295.1	TGC	C	TAC	Y	1744
NC_045512.2	5497	C	T	9008	4635	41	6	2	35	0.000665484	9016	0.849172	FALSE	ORF1ab:cds-YP_009724389.1	TGC	C	TGT	C	1744
NC_045512.2	5497	C	T	9008	4635	41	6	2	35	0.000665484	9016	0.849172	FALSE	ORF1ab:cds-YP_009725295.1	TGC	C	TGT	C	1744
NC_045512.2	5497	C	A	9008	4635	41	2	1	31	0.000221828	9016	0.994138	FALSE	ORF1ab:cds-YP_009724389.1	TGC	C	TGA	*	1744
NC_045512.2	5497	C	A	9008	4635	41	2	1	31	0.000221828	9016	0.994138	FALSE	ORF1ab:cds-YP_009725295.1	TGC	C	TGA	*	1744
NC_045512.2	5498	A	T	9054	4670	41	1	1	22	0.000110412	9057	1	FALSE	ORF1ab:cds-YP_009724389.1	AAA	K	TAA	*	1745
NC_045512.2	5498	A	T	9054	4670	41	1	1	22	0.000110412	9057	1	FALSE	ORF1ab:cds-YP_009725295.1	AAA	K	TAA	*	1745
NC_045512.2	5498	A	G	9054	4670	41	2	1	55	0.000220824	9057	0.249986	FALSE	ORF1ab:cds-YP_009724389.1	AAA	K	GAA	E	1745
NC_045512.2	5498	A	G	9054	4670	41	2	1	55	0.000220824	9057	0.249986	FALSE	ORF1ab:cds-YP_009725295.1	AAA	K	GAA	E	1745
NC_045512.2	5500	A	T	8645	4459	40	1	0	25	0.000115607	8650	1	FALSE	ORF1ab:cds-YP_009724389.1	AAA	K	AAT	N	1745
NC_045512.2	5500	A	T	8645	4459	40	1	0	25	0.000115607	8650	1	FALSE	ORF1ab:cds-YP_009725295.1	AAA	K	AAT	N	1745
NC_045512.2	5500	A	C	8645	4459	40	4	4	28	0.000462428	8650	1	FALSE	ORF1ab:cds-YP_009724389.1	AAA	K	AAC	N	1745
NC_045512.2	5500	A	C	8645	4459	40	4	4	28	0.000462428	8650	1	FALSE	ORF1ab:cds-YP_009725295.1	AAA	K	AAC	N	1745
NC_045512.2	5501	A	T	8875	4583	40	1	0	25	0.000112638	8878	1	FALSE	ORF1ab:cds-YP_009724389.1	AGA	R	TGA	*	1746
NC_045512.2	5501	A	T	8875	4583	40	1	0	25	0.000112638	8878	1	FALSE	ORF1ab:cds-YP_009725295.1	AGA	R	TGA	*	1746
NC_045512.2	5501	A	C	8875	4583	40	2	2	25	0.000225276	8878	1	FALSE	ORF1ab:cds-YP_009724389.1	AGA	R	CGA	R	1746
NC_045512.2	5501	A	C	8875	4583	40	2	2	25	0.000225276	8878	1	FALSE	ORF1ab:cds-YP_009725295.1	AGA	R	CGA	R	1746
NC_045512.2	5503	A	G	9032	4718	41	1	1	74	0.000110705	9033	0.500028	FALSE	ORF1ab:cds-YP_009724389.1	AGA	R	AGG	R	1746
NC_045512.2	5503	A	G	9032	4718	41	1	1	74	0.000110705	9033	0.500028	FALSE	ORF1ab:cds-YP_009725295.1	AGA	R	AGG	R	1746
NC_045512.2	5504	G	A	9545	4688	40	1	0	37	0.000104756	9546	0.999026	FALSE	ORF1ab:cds-YP_009724389.1	GTC	V	ATC	I	1747
NC_045512.2	5504	G	A	9545	4688	40	1	0	37	0.000104756	9546	0.999026	FALSE	ORF1ab:cds-YP_009725295.1	GTC	V	ATC	I	1747
NC_045512.2	5505	T	G	9220	4771	40	1	0	25	0.000108436	9222	1	FALSE	ORF1ab:cds-YP_009724389.1	GTC	V	GGC	G	1747
NC_045512.2	5505	T	G	9220	4771	40	1	0	25	0.000108436	9222	1	FALSE	ORF1ab:cds-YP_009725295.1	GTC	V	GGC	G	1747
NC_045512.2	5505	T	A	9220	4771	40	1	1	22	0.000108436	9222	1	FALSE	ORF1ab:cds-YP_009724389.1	GTC	V	GAC	D	1747
NC_045512.2	5505	T	A	9220	4771	40	1	1	22	0.000108436	9222	1	FALSE	ORF1ab:cds-YP_009725295.1	GTC	V	GAC	D	1747
NC_045512.2	5506	C	T	8938	4719	39	1	0	37	0.000111832	8942	0.998049	FALSE	ORF1ab:cds-YP_009724389.1	GTC	V	GTT	V	1747
NC_045512.2	5506	C	T	8938	4719	39	1	0	37	0.000111832	8942	0.998049	FALSE	ORF1ab:cds-YP_009725295.1	GTC	V	GTT	V	1747
NC_045512.2	5506	C	A	8938	4719	39	3	2	29	0.000335495	8942	1	FALSE	ORF1ab:cds-YP_009724389.1	GTC	V	GTA	V	1747
NC_045512.2	5506	C	A	8938	4719	39	3	2	29	0.000335495	8942	1	FALSE	ORF1ab:cds-YP_009725295.1	GTC	V	GTA	V	1747
NC_045512.2	5507	T	G	9042	4970	39	2	1	31	0.000221117	9045	0.99415	FALSE	ORF1ab:cds-YP_009724389.1	TTG	L	GTG	V	1748
NC_045512.2	5507	T	G	9042	4970	39	2	1	31	0.000221117	9045	0.99415	FALSE	ORF1ab:cds-YP_009725295.1	TTG	L	GTG	V	1748
NC_045512.2	5507	T	A	9042	4970	39	1	0	74	0.000110558	9045	0.499945	FALSE	ORF1ab:cds-YP_009724389.1	TTG	L	ATG	M	1748
NC_045512.2	5507	T	A	9042	4970	39	1	0	74	0.000110558	9045	0.499945	FALSE	ORF1ab:cds-YP_009725295.1	TTG	L	ATG	M	1748
NC_045512.2	5508	T	C	9157	5007	40	3	1	37	0.000327475	9161	0.980744	FALSE	ORF1ab:cds-YP_009724389.1	TTG	L	TCG	S	1748
NC_045512.2	5508	T	C	9157	5007	40	3	1	37	0.000327475	9161	0.980744	FALSE	ORF1ab:cds-YP_009725295.1	TTG	L	TCG	S	1748
NC_045512.2	5508	T	A	9157	5007	40	1	0	25	0.000109158	9161	1	FALSE	ORF1ab:cds-YP_009724389.1	TTG	L	TAG	*	1748
NC_045512.2	5508	T	A	9157	5007	40	1	0	25	0.000109158	9161	1	FALSE	ORF1ab:cds-YP_009725295.1	TTG	L	TAG	*	1748
NC_045512.2	5509	G	T	9161	4986	39	1	1	37	0.000109135	9163	0.999026	FALSE	ORF1ab:cds-YP_009724389.1	TTG	L	TTT	F	1748
NC_045512.2	5509	G	T	9161	4986	39	1	1	37	0.000109135	9163	0.999026	FALSE	ORF1ab:cds-YP_009725295.1	TTG	L	TTT	F	1748
NC_045512.2	5509	G	A	9161	4986	39	1	0	37	0.000109135	9163	0.999026	FALSE	ORF1ab:cds-YP_009724389.1	TTG	L	TTA	L	1748
NC_045512.2	5509	G	A	9161	4986	39	1	0	37	0.000109135	9163	0.999026	FALSE	ORF1ab:cds-YP_009725295.1	TTG	L	TTA	L	1748
NC_045512.2	5510	A	G	9049	4889	39	1	0	37	0.000110497	9050	0.999026	FALSE	ORF1ab:cds-YP_009724389.1	AAC	N	GAC	D	1749
NC_045512.2	5510	A	G	9049	4889	39	1	0	37	0.000110497	9050	0.999026	FALSE	ORF1ab:cds-YP_009725295.1	AAC	N	GAC	D	1749
NC_045512.2	5511	A	T	8819	4720	39	1	1	37	0.000113379	8820	0.998052	FALSE	ORF1ab:cds-YP_009724389.1	AAC	N	ATC	I	1749
NC_045512.2	5511	A	T	8819	4720	39	1	1	37	0.000113379	8820	0.998052	FALSE	ORF1ab:cds-YP_009725295.1	AAC	N	ATC	I	1749
NC_045512.2	5512	C	T	9037	5028	39	2	1	31	0.000221263	9039	0.994155	FALSE	ORF1ab:cds-YP_009724389.1	AAC	N	AAT	N	1749
NC_045512.2	5512	C	T	9037	5028	39	2	1	31	0.000221263	9039	0.994155	FALSE	ORF1ab:cds-YP_009725295.1	AAC	N	AAT	N	1749
NC_045512.2	5513	G	A	8818	4787	39	4	2	43	0.000453412	8822	0.0624929	FALSE	ORF1ab:cds-YP_009724389.1	GTG	V	ATG	M	1750
NC_045512.2	5513	G	A	8818	4787	39	4	2	43	0.000453412	8822	0.0624929	FALSE	ORF1ab:cds-YP_009725295.1	GTG	V	ATG	M	1750
NC_045512.2	5514	T	A	8608	4673	39	1	0	37	0.000116158	8609	0.998052	FALSE	ORF1ab:cds-YP_009724389.1	GTG	V	GAG	E	1750
NC_045512.2	5514	T	A	8608	4673	39	1	0	37	0.000116158	8609	0.998052	FALSE	ORF1ab:cds-YP_009725295.1	GTG	V	GAG	E	1750
NC_045512.2	5515	G	T	8811	4733	39	2	0	37	0.000226937	8813	0.98928	FALSE	ORF1ab:cds-YP_009724389.1	GTG	V	GTT	V	1750
NC_045512.2	5515	G	T	8811	4733	39	2	0	37	0.000226937	8813	0.98928	FALSE	ORF1ab:cds-YP_009725295.1	GTG	V	GTT	V	1750
NC_045512.2	5516	G	A	8776	4795	39	2	1	37	0.000227842	8778	0.98928	FALSE	ORF1ab:cds-YP_009724389.1	GTG	V	ATG	M	1751
NC_045512.2	5516	G	A	8776	4795	39	2	1	37	0.000227842	8778	0.98928	FALSE	ORF1ab:cds-YP_009725295.1	GTG	V	ATG	M	1751
NC_045512.2	5517	T	G	8716	4745	39	2	2	37	0.000229384	8719	0.989275	FALSE	ORF1ab:cds-YP_009724389.1	GTG	V	GGG	G	1751
NC_045512.2	5517	T	G	8716	4745	39	2	2	37	0.000229384	8719	0.989275	FALSE	ORF1ab:cds-YP_009725295.1	GTG	V	GGG	G	1751
NC_045512.2	5517	T	C	8716	4745	39	1	1	37	0.000114692	8719	0.99805	FALSE	ORF1ab:cds-YP_009724389.1	GTG	V	GCG	A	1751
NC_045512.2	5517	T	C	8716	4745	39	1	1	37	0.000114692	8719	0.99805	FALSE	ORF1ab:cds-YP_009725295.1	GTG	V	GCG	A	1751
NC_045512.2	5518	G	C	9440	4937	39	1	0	37	0.00010591	9442	0.999026	FALSE	ORF1ab:cds-YP_009724389.1	GTG	V	GTC	V	1751
NC_045512.2	5518	G	C	9440	4937	39	1	0	37	0.00010591	9442	0.999026	FALSE	ORF1ab:cds-YP_009725295.1	GTG	V	GTC	V	1751
NC_045512.2	5518	G	A	9440	4937	39	1	1	37	0.00010591	9442	0.999026	FALSE	ORF1ab:cds-YP_009724389.1	GTG	V	GTA	V	1751
NC_045512.2	5518	G	A	9440	4937	39	1	1	37	0.00010591	9442	0.999026	FALSE	ORF1ab:cds-YP_009725295.1	GTG	V	GTA	V	1751
NC_045512.2	5519	T	G	8830	5045	38	2	1	25	0.000226449	8832	1	FALSE	ORF1ab:cds-YP_009724389.1	TGT	C	GGT	G	1752
NC_045512.2	5519	T	G	8830	5045	38	2	1	25	0.000226449	8832	1	FALSE	ORF1ab:cds-YP_009725295.1	TGT	C	GGT	G	1752
NC_045512.2	5520	G	C	8893	5107	38	1	1	37	0.000112385	8898	0.998048	FALSE	ORF1ab:cds-YP_009724389.1	TGT	C	TCT	S	1752
NC_045512.2	5520	G	C	8893	5107	38	1	1	37	0.000112385	8898	0.998048	FALSE	ORF1ab:cds-YP_009725295.1	TGT	C	TCT	S	1752
NC_045512.2	5520	G	A	8893	5107	38	4	2	37	0.000449539	8898	0.92707	FALSE	ORF1ab:cds-YP_009724389.1	TGT	C	TAT	Y	1752
NC_045512.2	5520	G	A	8893	5107	38	4	2	37	0.000449539	8898	0.92707	FALSE	ORF1ab:cds-YP_009725295.1	TGT	C	TAT	Y	1752
NC_045512.2	5521	T	G	8784	5246	38	2	1	49	0.000227583	8788	0.249957	FALSE	ORF1ab:cds-YP_009724389.1	TGT	C	TGG	W	1752
NC_045512.2	5521	T	G	8784	5246	38	2	1	49	0.000227583	8788	0.249957	FALSE	ORF1ab:cds-YP_009725295.1	TGT	C	TGG	W	1752
NC_045512.2	5521	T	C	8784	5246	38	2	1	37	0.000227583	8788	0.98927	FALSE	ORF1ab:cds-YP_009724389.1	TGT	C	TGC	C	1752
NC_045512.2	5521	T	C	8784	5246	38	2	1	37	0.000227583	8788	0.98927	FALSE	ORF1ab:cds-YP_009725295.1	TGT	C	TGC	C	1752
NC_045512.2	5523	A	C	8839	5342	38	1	0	37	0.000113122	8840	0.998052	FALSE	ORF1ab:cds-YP_009724389.1	AAA	K	ACA	T	1753
NC_045512.2	5523	A	C	8839	5342	38	1	0	37	0.000113122	8840	0.998052	FALSE	ORF1ab:cds-YP_009725295.1	AAA	K	ACA	T	1753
NC_045512.2	5524	A	T	8816	5312	38	1	0	25	0.000113379	8820	1	FALSE	ORF1ab:cds-YP_009724389.1	AAA	K	AAT	N	1753
NC_045512.2	5524	A	T	8816	5312	38	1	0	25	0.000113379	8820	1	FALSE	ORF1ab:cds-YP_009725295.1	AAA	K	AAT	N	1753
NC_045512.2	5524	A	G	8816	5312	38	1	0	37	0.000113379	8820	0.998049	FALSE	ORF1ab:cds-YP_009724389.1	AAA	K	AAG	K	1753
NC_045512.2	5524	A	G	8816	5312	38	1	0	37	0.000113379	8820	0.998049	FALSE	ORF1ab:cds-YP_009725295.1	AAA	K	AAG	K	1753
NC_045512.2	5524	A	C	8816	5312	38	2	2	25	0.000226757	8820	1	FALSE	ORF1ab:cds-YP_009724389.1	AAA	K	AAC	N	1753
NC_045512.2	5524	A	C	8816	5312	38	2	2	25	0.000226757	8820	1	FALSE	ORF1ab:cds-YP_009725295.1	AAA	K	AAC	N	1753
NC_045512.2	5525	A	T	8850	5351	38	3	0	29	0.000338792	8855	1	FALSE	ORF1ab:cds-YP_009724389.1	ACT	T	TCT	S	1754
NC_045512.2	5525	A	T	8850	5351	38	3	0	29	0.000338792	8855	1	FALSE	ORF1ab:cds-YP_009725295.1	ACT	T	TCT	S	1754
NC_045512.2	5525	A	G	8850	5351	38	1	1	37	0.000112931	8855	0.998048	FALSE	ORF1ab:cds-YP_009724389.1	ACT	T	GCT	A	1754
NC_045512.2	5525	A	G	8850	5351	38	1	1	37	0.000112931	8855	0.998048	FALSE	ORF1ab:cds-YP_009725295.1	ACT	T	GCT	A	1754
NC_045512.2	5525	A	C	8850	5351	38	1	1	25	0.000112931	8855	1	FALSE	ORF1ab:cds-YP_009724389.1	ACT	T	CCT	P	1754
NC_045512.2	5525	A	C	8850	5351	38	1	1	25	0.000112931	8855	1	FALSE	ORF1ab:cds-YP_009725295.1	ACT	T	CCT	P	1754
NC_045512.2	5527	T	G	8523	5146	38	1	0	25	0.000117247	8529	1	FALSE	ORF1ab:cds-YP_009724389.1	ACT	T	ACG	T	1754
NC_045512.2	5527	T	G	8523	5146	38	1	0	25	0.000117247	8529	1	FALSE	ORF1ab:cds-YP_009725295.1	ACT	T	ACG	T	1754
NC_045512.2	5527	T	C	8523	5146	38	5	0	37	0.000586235	8529	0.866669	FALSE	ORF1ab:cds-YP_009724389.1	ACT	T	ACC	T	1754
NC_045512.2	5527	T	C	8523	5146	38	5	0	37	0.000586235	8529	0.866669	FALSE	ORF1ab:cds-YP_009725295.1	ACT	T	ACC	T	1754
NC_045512.2	5528	T	C	8357	5175	38	1	1	37	0.000119632	8359	0.998051	FALSE	ORF1ab:cds-YP_009724389.1	TGT	C	CGT	R	1755
NC_045512.2	5528	T	C	8357	5175	38	1	1	37	0.000119632	8359	0.998051	FALSE	ORF1ab:cds-YP_009725295.1	TGT	C	CGT	R	1755
NC_045512.2	5528	T	A	8357	5175	38	1	1	25	0.000119632	8359	1	FALSE	ORF1ab:cds-YP_009724389.1	TGT	C	AGT	S	1755
NC_045512.2	5528	T	A	8357	5175	38	1	1	25	0.000119632	8359	1	FALSE	ORF1ab:cds-YP_009725295.1	TGT	C	AGT	S	1755
NC_045512.2	5529	G	A	9008	5893	38	1	0	74	0.000111	9009	0.500028	FALSE	ORF1ab:cds-YP_009724389.1	TGT	C	TAT	Y	1755
NC_045512.2	5529	G	A	9008	5893	38	1	0	74	0.000111	9009	0.500028	FALSE	ORF1ab:cds-YP_009725295.1	TGT	C	TAT	Y	1755
NC_045512.2	5530	T	G	8692	5819	38	1	0	25	0.000115009	8695	1	FALSE	ORF1ab:cds-YP_009724389.1	TGT	C	TGG	W	1755
NC_045512.2	5530	T	G	8692	5819	38	1	0	25	0.000115009	8695	1	FALSE	ORF1ab:cds-YP_009725295.1	TGT	C	TGG	W	1755
NC_045512.2	5530	T	C	8692	5819	38	1	1	37	0.000115009	8695	0.99805	FALSE	ORF1ab:cds-YP_009724389.1	TGT	C	TGC	C	1755
NC_045512.2	5530	T	C	8692	5819	38	1	1	37	0.000115009	8695	0.99805	FALSE	ORF1ab:cds-YP_009725295.1	TGT	C	TGC	C	1755
NC_045512.2	5530	T	A	8692	5819	38	1	0	25	0.000115009	8695	1	FALSE	ORF1ab:cds-YP_009724389.1	TGT	C	TGA	*	1755
NC_045512.2	5530	T	A	8692	5819	38	1	0	25	0.000115009	8695	1	FALSE	ORF1ab:cds-YP_009725295.1	TGT	C	TGA	*	1755
NC_045512.2	5531	G	T	8867	5941	38	1	1	37	0.000112765	8868	0.998052	FALSE	ORF1ab:cds-YP_009724389.1	GGA	G	TGA	*	1756
NC_045512.2	5531	G	T	8867	5941	38	1	1	37	0.000112765	8868	0.998052	FALSE	ORF1ab:cds-YP_009725295.1	GGA	G	TGA	*	1756
NC_045512.2	5532	G	T	8900	6029	38	1	1	37	0.000112347	8901	0.998052	FALSE	ORF1ab:cds-YP_009724389.1	GGA	G	GTA	V	1756
NC_045512.2	5532	G	T	8900	6029	38	1	1	37	0.000112347	8901	0.998052	FALSE	ORF1ab:cds-YP_009725295.1	GGA	G	GTA	V	1756
NC_045512.2	5533	A	G	8737	5895	38	4	3	30	0.000457509	8743	0.927043	FALSE	ORF1ab:cds-YP_009724389.1	GGA	G	GGG	G	1756
NC_045512.2	5533	A	G	8737	5895	38	4	3	30	0.000457509	8743	0.927043	FALSE	ORF1ab:cds-YP_009725295.1	GGA	G	GGG	G	1756
NC_045512.2	5533	A	C	8737	5895	38	2	2	25	0.000228754	8743	1	FALSE	ORF1ab:cds-YP_009724389.1	GGA	G	GGC	G	1756
NC_045512.2	5533	A	C	8737	5895	38	2	2	25	0.000228754	8743	1	FALSE	ORF1ab:cds-YP_009725295.1	GGA	G	GGC	G	1756
NC_045512.2	5534	C	T	8984	6076	38	1	1	37	0.000111297	8985	0.998052	FALSE	ORF1ab:cds-YP_009724389.1	CAA	Q	TAA	*	1757
NC_045512.2	5534	C	T	8984	6076	38	1	1	37	0.000111297	8985	0.998052	FALSE	ORF1ab:cds-YP_009725295.1	CAA	Q	TAA	*	1757
NC_045512.2	5535	A	T	8922	6012	38	1	1	37	0.000112032	8926	0.998049	FALSE	ORF1ab:cds-YP_009724389.1	CAA	Q	CTA	L	1757
NC_045512.2	5535	A	T	8922	6012	38	1	1	37	0.000112032	8926	0.998049	FALSE	ORF1ab:cds-YP_009725295.1	CAA	Q	CTA	L	1757
NC_045512.2	5535	A	G	8922	6012	38	2	2	37	0.000224065	8926	0.98927	FALSE	ORF1ab:cds-YP_009724389.1	CAA	Q	CGA	R	1757
NC_045512.2	5535	A	G	8922	6012	38	2	2	37	0.000224065	8926	0.98927	FALSE	ORF1ab:cds-YP_009725295.1	CAA	Q	CGA	R	1757
NC_045512.2	5535	A	C	8922	6012	38	1	0	37	0.000112032	8926	0.998049	FALSE	ORF1ab:cds-YP_009724389.1	CAA	Q	CCA	P	1757
NC_045512.2	5535	A	C	8922	6012	38	1	0	37	0.000112032	8926	0.998049	FALSE	ORF1ab:cds-YP_009725295.1	CAA	Q	CCA	P	1757
NC_045512.2	5536	A	G	8569	5806	37	1	0	37	0.000116604	8576	0.998046	FALSE	ORF1ab:cds-YP_009724389.1	CAA	Q	CAG	Q	1757
NC_045512.2	5536	A	G	8569	5806	37	1	0	37	0.000116604	8576	0.998046	FALSE	ORF1ab:cds-YP_009725295.1	CAA	Q	CAG	Q	1757
NC_045512.2	5536	A	C	8569	5806	37	6	5	29	0.000699627	8576	1	FALSE	ORF1ab:cds-YP_009724389.1	CAA	Q	CAC	H	1757
NC_045512.2	5536	A	C	8569	5806	37	6	5	29	0.000699627	8576	1	FALSE	ORF1ab:cds-YP_009725295.1	CAA	Q	CAC	H	1757
NC_045512.2	5537	C	T	8914	6127	38	6	4	35	0.000672646	8920	0.788179	FALSE	ORF1ab:cds-YP_009724389.1	CAG	Q	TAG	*	1758
NC_045512.2	5537	C	T	8914	6127	38	6	4	35	0.000672646	8920	0.788179	FALSE	ORF1ab:cds-YP_009725295.1	CAG	Q	TAG	*	1758
NC_045512.2	5538	A	G	8809	6085	37	1	0	25	0.000113507	8810	1	FALSE	ORF1ab:cds-YP_009724389.1	CAG	Q	CGG	R	1758
NC_045512.2	5538	A	G	8809	6085	37	1	0	25	0.000113507	8810	1	FALSE	ORF1ab:cds-YP_009725295.1	CAG	Q	CGG	R	1758
NC_045512.2	5539	G	T	8892	6114	37	1	0	37	0.000112322	8903	0.998042	FALSE	ORF1ab:cds-YP_009724389.1	CAG	Q	CAT	H	1758
NC_045512.2	5539	G	T	8892	6114	37	1	0	37	0.000112322	8903	0.998042	FALSE	ORF1ab:cds-YP_009725295.1	CAG	Q	CAT	H	1758
NC_045512.2	5539	G	A	8892	6114	37	10	9	34	0.00112322	8903	0.407218	FALSE	ORF1ab:cds-YP_009724389.1	CAG	Q	CAA	Q	1758
NC_045512.2	5539	G	A	8892	6114	37	10	9	34	0.00112322	8903	0.407218	FALSE	ORF1ab:cds-YP_009725295.1	CAG	Q	CAA	Q	1758
NC_045512.2	5540	C	T	8939	6178	37	2	1	37	0.000223689	8941	0.98928	FALSE	ORF1ab:cds-YP_009724389.1	CAG	Q	TAG	*	1759
NC_045512.2	5540	C	T	8939	6178	37	2	1	37	0.000223689	8941	0.98928	FALSE	ORF1ab:cds-YP_009725295.1	CAG	Q	TAG	*	1759
NC_045512.2	5541	A	T	9004	6217	37	1	1	37	0.000111037	9006	0.999026	FALSE	ORF1ab:cds-YP_009724389.1	CAG	Q	CTG	L	1759
NC_045512.2	5541	A	T	9004	6217	37	1	1	37	0.000111037	9006	0.999026	FALSE	ORF1ab:cds-YP_009725295.1	CAG	Q	CTG	L	1759
NC_045512.2	5541	A	G	9004	6217	37	1	0	74	0.000111037	9006	0.5	FALSE	ORF1ab:cds-YP_009724389.1	CAG	Q	CGG	R	1759
NC_045512.2	5541	A	G	9004	6217	37	1	0	74	0.000111037	9006	0.5	FALSE	ORF1ab:cds-YP_009725295.1	CAG	Q	CGG	R	1759
NC_045512.2	5542	G	A	8903	6180	37	2	2	31	0.000224593	8905	0.98928	FALSE	ORF1ab:cds-YP_009724389.1	CAG	Q	CAA	Q	1759
NC_045512.2	5542	G	A	8903	6180	37	2	2	31	0.000224593	8905	0.98928	FALSE	ORF1ab:cds-YP_009725295.1	CAG	Q	CAA	Q	1759
NC_045512.2	5543	A	T	8867	6130	37	1	0	37	0.000112752	8869	0.998051	FALSE	ORF1ab:cds-YP_009724389.1	ACA	T	TCA	S	1760
NC_045512.2	5543	A	T	8867	6130	37	1	0	37	0.000112752	8869	0.998051	FALSE	ORF1ab:cds-YP_009725295.1	ACA	T	TCA	S	1760
NC_045512.2	5543	A	G	8867	6130	37	1	0	37	0.000112752	8869	0.998051	FALSE	ORF1ab:cds-YP_009724389.1	ACA	T	GCA	A	1760
NC_045512.2	5543	A	G	8867	6130	37	1	0	37	0.000112752	8869	0.998051	FALSE	ORF1ab:cds-YP_009725295.1	ACA	T	GCA	A	1760
NC_045512.2	5544	C	T	8929	6156	37	1	0	37	0.000111982	8930	0.998052	FALSE	ORF1ab:cds-YP_009724389.1	ACA	T	ATA	I	1760
NC_045512.2	5544	C	T	8929	6156	37	1	0	37	0.000111982	8930	0.998052	FALSE	ORF1ab:cds-YP_009725295.1	ACA	T	ATA	I	1760
NC_045512.2	5545	A	G	8773	6011	37	2	2	31	0.00022792	8775	0.98928	FALSE	ORF1ab:cds-YP_009724389.1	ACA	T	ACG	T	1760
NC_045512.2	5545	A	G	8773	6011	37	2	2	31	0.00022792	8775	0.98928	FALSE	ORF1ab:cds-YP_009725295.1	ACA	T	ACG	T	1760
NC_045512.2	5546	A	G	8513	5754	36	7	6	35	0.000821211	8524	0.696219	FALSE	ORF1ab:cds-YP_009724389.1	ACC	T	GCC	A	1761
NC_045512.2	5546	A	G	8513	5754	36	7	6	35	0.000821211	8524	0.696219	FALSE	ORF1ab:cds-YP_009725295.1	ACC	T	GCC	A	1761
NC_045512.2	5546	A	C	8513	5754	36	4	4	23	0.000469263	8524	1	FALSE	ORF1ab:cds-YP_009724389.1	ACC	T	CCC	P	1761
NC_045512.2	5546	A	C	8513	5754	36	4	4	23	0.000469263	8524	1	FALSE	ORF1ab:cds-YP_009725295.1	ACC	T	CCC	P	1761
NC_045512.2	5547	C	T	9519	6067	37	2	0	31	0.000210018	9523	0.994149	FALSE	ORF1ab:cds-YP_009724389.1	ACC	T	ATC	I	1761
NC_045512.2	5547	C	T	9519	6067	37	2	0	31	0.000210018	9523	0.994149	FALSE	ORF1ab:cds-YP_009725295.1	ACC	T	ATC	I	1761
NC_045512.2	5547	C	A	9519	6067	37	2	1	37	0.000210018	9523	0.994149	FALSE	ORF1ab:cds-YP_009724389.1	ACC	T	AAC	N	1761
NC_045512.2	5547	C	A	9519	6067	37	2	1	37	0.000210018	9523	0.994149	FALSE	ORF1ab:cds-YP_009725295.1	ACC	T	AAC	N	1761
NC_045512.2	5548	C	T	9766	6023	37	2	0	37	0.000204729	9769	0.994152	FALSE	ORF1ab:cds-YP_009724389.1	ACC	T	ACT	T	1761
NC_045512.2	5548	C	T	9766	6023	37	2	0	37	0.000204729	9769	0.994152	FALSE	ORF1ab:cds-YP_009725295.1	ACC	T	ACT	T	1761
NC_045512.2	5548	C	A	9766	6023	37	1	0	37	0.000102365	9769	0.999025	FALSE	ORF1ab:cds-YP_009724389.1	ACC	T	ACA	T	1761
NC_045512.2	5548	C	A	9766	6023	37	1	0	37	0.000102365	9769	0.999025	FALSE	ORF1ab:cds-YP_009725295.1	ACC	T	ACA	T	1761
NC_045512.2	5549	C	T	9899	6042	37	1	0	37	0.000101	9901	0.999026	FALSE	ORF1ab:cds-YP_009724389.1	CTT	L	TTT	F	1762
NC_045512.2	5549	C	T	9899	6042	37	1	0	37	0.000101	9901	0.999026	FALSE	ORF1ab:cds-YP_009725295.1	CTT	L	TTT	F	1762
NC_045512.2	5549	C	A	9899	6042	37	1	0	37	0.000101	9901	0.999026	FALSE	ORF1ab:cds-YP_009724389.1	CTT	L	ATT	I	1762
NC_045512.2	5549	C	A	9899	6042	37	1	0	37	0.000101	9901	0.999026	FALSE	ORF1ab:cds-YP_009725295.1	CTT	L	ATT	I	1762
NC_045512.2	5551	T	G	9847	5916	37	3	3	25	0.000304476	9853	1	FALSE	ORF1ab:cds-YP_009724389.1	CTT	L	CTG	L	1762
NC_045512.2	5551	T	G	9847	5916	37	3	3	25	0.000304476	9853	1	FALSE	ORF1ab:cds-YP_009725295.1	CTT	L	CTG	L	1762
NC_045512.2	5551	T	C	9847	5916	37	2	0	37	0.000202984	9853	0.994143	FALSE	ORF1ab:cds-YP_009724389.1	CTT	L	CTC	L	1762
NC_045512.2	5551	T	C	9847	5916	37	2	0	37	0.000202984	9853	0.994143	FALSE	ORF1ab:cds-YP_009725295.1	CTT	L	CTC	L	1762
NC_045512.2	5551	T	A	9847	5916	37	1	0	37	0.000101492	9853	0.999024	FALSE	ORF1ab:cds-YP_009724389.1	CTT	L	CTA	L	1762
NC_045512.2	5551	T	A	9847	5916	37	1	0	37	0.000101492	9853	0.999024	FALSE	ORF1ab:cds-YP_009725295.1	CTT	L	CTA	L	1762
NC_045512.2	5552	A	T	9682	5756	37	2	2	31	0.000206484	9686	0.994149	FALSE	ORF1ab:cds-YP_009724389.1	AAG	K	TAG	*	1763
NC_045512.2	5552	A	T	9682	5756	37	2	2	31	0.000206484	9686	0.994149	FALSE	ORF1ab:cds-YP_009725295.1	AAG	K	TAG	*	1763
NC_045512.2	5552	A	C	9682	5756	37	2	2	25	0.000206484	9686	1	FALSE	ORF1ab:cds-YP_009724389.1	AAG	K	CAG	Q	1763
NC_045512.2	5552	A	C	9682	5756	37	2	2	25	0.000206484	9686	1	FALSE	ORF1ab:cds-YP_009725295.1	AAG	K	CAG	Q	1763
NC_045512.2	5553	A	T	9838	6007	37	1	1	37	0.000101605	9842	0.999025	FALSE	ORF1ab:cds-YP_009724389.1	AAG	K	ATG	M	1763
NC_045512.2	5553	A	T	9838	6007	37	1	1	37	0.000101605	9842	0.999025	FALSE	ORF1ab:cds-YP_009725295.1	AAG	K	ATG	M	1763
NC_045512.2	5553	A	G	9838	6007	37	2	2	25	0.000203211	9842	1	FALSE	ORF1ab:cds-YP_009724389.1	AAG	K	AGG	R	1763
NC_045512.2	5553	A	G	9838	6007	37	2	2	25	0.000203211	9842	1	FALSE	ORF1ab:cds-YP_009725295.1	AAG	K	AGG	R	1763
NC_045512.2	5553	A	C	9838	6007	37	1	0	37	0.000101605	9842	0.999025	FALSE	ORF1ab:cds-YP_009724389.1	AAG	K	ACG	T	1763
NC_045512.2	5553	A	C	9838	6007	37	1	0	37	0.000101605	9842	0.999025	FALSE	ORF1ab:cds-YP_009725295.1	AAG	K	ACG	T	1763
NC_045512.2	5554	G	T	9702	5757	37	1	1	37	0.00010304	9705	0.999025	FALSE	ORF1ab:cds-YP_009724389.1	AAG	K	AAT	N	1763
NC_045512.2	5554	G	T	9702	5757	37	1	1	37	0.00010304	9705	0.999025	FALSE	ORF1ab:cds-YP_009725295.1	AAG	K	AAT	N	1763
NC_045512.2	5554	G	A	9702	5757	37	2	0	55	0.000206079	9705	0.249987	FALSE	ORF1ab:cds-YP_009724389.1	AAG	K	AAA	K	1763
NC_045512.2	5554	G	A	9702	5757	37	2	0	55	0.000206079	9705	0.249987	FALSE	ORF1ab:cds-YP_009725295.1	AAG	K	AAA	K	1763
NC_045512.2	5555	G	T	9402	5476	37	1	1	37	0.000106338	9404	0.999026	FALSE	ORF1ab:cds-YP_009724389.1	GGT	G	TGT	C	1764
NC_045512.2	5555	G	T	9402	5476	37	1	1	37	0.000106338	9404	0.999026	FALSE	ORF1ab:cds-YP_009725295.1	GGT	G	TGT	C	1764
NC_045512.2	5555	G	A	9402	5476	37	1	1	37	0.000106338	9404	0.999026	FALSE	ORF1ab:cds-YP_009724389.1	GGT	G	AGT	S	1764
NC_045512.2	5555	G	A	9402	5476	37	1	1	37	0.000106338	9404	0.999026	FALSE	ORF1ab:cds-YP_009725295.1	GGT	G	AGT	S	1764
NC_045512.2	5556	G	C	9326	5280	37	1	0	37	0.000107158	9332	0.999024	FALSE	ORF1ab:cds-YP_009724389.1	GGT	G	GCT	A	1764
NC_045512.2	5556	G	C	9326	5280	37	1	0	37	0.000107158	9332	0.999024	FALSE	ORF1ab:cds-YP_009725295.1	GGT	G	GCT	A	1764
NC_045512.2	5556	G	A	9326	5280	37	5	3	37	0.000535791	9332	0.910299	FALSE	ORF1ab:cds-YP_009724389.1	GGT	G	GAT	D	1764
NC_045512.2	5556	G	A	9326	5280	37	5	3	37	0.000535791	9332	0.910299	FALSE	ORF1ab:cds-YP_009725295.1	GGT	G	GAT	D	1764
NC_045512.2	5556	G	+C	9326	5280	37	1	0	20	0.000107158	9332	1	FALSE	NA	NA	NA	NA	NA	NA
NC_045512.2	5557	T	G	8170	4269	37	1	1	25	0.000122339	8174	1	FALSE	ORF1ab:cds-YP_009724389.1	GGT	G	GGG	G	1764
NC_045512.2	5557	T	G	8170	4269	37	1	1	25	0.000122339	8174	1	FALSE	ORF1ab:cds-YP_009725295.1	GGT	G	GGG	G	1764
NC_045512.2	5557	T	C	8170	4269	37	3	0	37	0.000367017	8174	0.96733	FALSE	ORF1ab:cds-YP_009724389.1	GGT	G	GGC	G	1764
NC_045512.2	5557	T	C	8170	4269	37	3	0	37	0.000367017	8174	0.96733	FALSE	ORF1ab:cds-YP_009725295.1	GGT	G	GGC	G	1764
NC_045512.2	5558	G	A	8390	4410	37	2	1	37	0.000238322	8392	0.989281	FALSE	ORF1ab:cds-YP_009724389.1	GTA	V	ATA	I	1765
NC_045512.2	5558	G	A	8390	4410	37	2	1	37	0.000238322	8392	0.989281	FALSE	ORF1ab:cds-YP_009725295.1	GTA	V	ATA	I	1765
NC_045512.2	5560	A	G	8543	4691	37	5	2	37	0.000584795	8550	0.866623	FALSE	ORF1ab:cds-YP_009724389.1	GTA	V	GTG	V	1765
NC_045512.2	5560	A	G	8543	4691	37	5	2	37	0.000584795	8550	0.866623	FALSE	ORF1ab:cds-YP_009725295.1	GTA	V	GTG	V	1765
NC_045512.2	5560	A	C	8543	4691	37	2	0	31	0.000233918	8550	0.989255	FALSE	ORF1ab:cds-YP_009724389.1	GTA	V	GTC	V	1765
NC_045512.2	5560	A	C	8543	4691	37	2	0	31	0.000233918	8550	0.989255	FALSE	ORF1ab:cds-YP_009725295.1	GTA	V	GTC	V	1765
NC_045512.2	5561	G	C	8487	4700	37	1	0	25	0.000117813	8488	1	FALSE	ORF1ab:cds-YP_009724389.1	GAA	E	CAA	Q	1766
NC_045512.2	5561	G	C	8487	4700	37	1	0	25	0.000117813	8488	1	FALSE	ORF1ab:cds-YP_009725295.1	GAA	E	CAA	Q	1766
NC_045512.2	5561	G	-A	8487	4700	37	1	0	20	0.000117813	8488	1	FALSE	NA	NA	NA	NA	NA	NA
NC_045512.2	5562	A	T	8337	4647	37	1	0	25	0.000119918	8339	1	FALSE	ORF1ab:cds-YP_009724389.1	GAA	E	GTA	V	1766
NC_045512.2	5562	A	T	8337	4647	37	1	0	25	0.000119918	8339	1	FALSE	ORF1ab:cds-YP_009725295.1	GAA	E	GTA	V	1766
NC_045512.2	5562	A	G	8337	4647	37	1	0	37	0.000119918	8339	0.99805	FALSE	ORF1ab:cds-YP_009724389.1	GAA	E	GGA	G	1766
NC_045512.2	5562	A	G	8337	4647	37	1	0	37	0.000119918	8339	0.99805	FALSE	ORF1ab:cds-YP_009725295.1	GAA	E	GGA	G	1766
NC_045512.2	5563	A	G	8057	4412	37	1	1	37	0.000124054	8061	0.998049	FALSE	ORF1ab:cds-YP_009724389.1	GAA	E	GAG	E	1766
NC_045512.2	5563	A	G	8057	4412	37	1	1	37	0.000124054	8061	0.998049	FALSE	ORF1ab:cds-YP_009725295.1	GAA	E	GAG	E	1766
NC_045512.2	5563	A	C	8057	4412	37	3	3	29	0.000372162	8061	1	FALSE	ORF1ab:cds-YP_009724389.1	GAA	E	GAC	D	1766
NC_045512.2	5563	A	C	8057	4412	37	3	3	29	0.000372162	8061	1	FALSE	ORF1ab:cds-YP_009725295.1	GAA	E	GAC	D	1766
NC_045512.2	5564	G	T	8068	4430	37	2	2	37	0.000247801	8071	0.989277	FALSE	ORF1ab:cds-YP_009724389.1	GCT	A	TCT	S	1767
NC_045512.2	5564	G	T	8068	4430	37	2	2	37	0.000247801	8071	0.989277	FALSE	ORF1ab:cds-YP_009725295.1	GCT	A	TCT	S	1767
NC_045512.2	5564	G	A	8068	4430	37	1	1	37	0.0001239	8071	0.99805	FALSE	ORF1ab:cds-YP_009724389.1	GCT	A	ACT	T	1767
NC_045512.2	5564	G	A	8068	4430	37	1	1	37	0.0001239	8071	0.99805	FALSE	ORF1ab:cds-YP_009725295.1	GCT	A	ACT	T	1767
NC_045512.2	5565	C	T	8326	4611	37	5	2	32	0.000600024	8333	0.866624	FALSE	ORF1ab:cds-YP_009724389.1	GCT	A	GTT	V	1767
NC_045512.2	5565	C	T	8326	4611	37	5	2	32	0.000600024	8333	0.866624	FALSE	ORF1ab:cds-YP_009725295.1	GCT	A	GTT	V	1767
NC_045512.2	5565	C	G	8326	4611	37	1	1	37	0.000120005	8333	0.998046	FALSE	ORF1ab:cds-YP_009724389.1	GCT	A	GGT	G	1767
NC_045512.2	5565	C	G	8326	4611	37	1	1	37	0.000120005	8333	0.998046	FALSE	ORF1ab:cds-YP_009725295.1	GCT	A	GGT	G	1767
NC_045512.2	5565	C	A	8326	4611	37	1	0	25	0.000120005	8333	1	FALSE	ORF1ab:cds-YP_009724389.1	GCT	A	GAT	D	1767
NC_045512.2	5565	C	A	8326	4611	37	1	0	25	0.000120005	8333	1	FALSE	ORF1ab:cds-YP_009725295.1	GCT	A	GAT	D	1767
NC_045512.2	5566	T	G	8248	4494	37	2	1	37	0.000242277	8255	0.989255	FALSE	ORF1ab:cds-YP_009724389.1	GCT	A	GCG	A	1767
NC_045512.2	5566	T	G	8248	4494	37	2	1	37	0.000242277	8255	0.989255	FALSE	ORF1ab:cds-YP_009725295.1	GCT	A	GCG	A	1767
NC_045512.2	5566	T	C	8248	4494	37	5	1	41	0.000605694	8255	0.0312216	FALSE	ORF1ab:cds-YP_009724389.1	GCT	A	GCC	A	1767
NC_045512.2	5566	T	C	8248	4494	37	5	1	41	0.000605694	8255	0.0312216	FALSE	ORF1ab:cds-YP_009725295.1	GCT	A	GCC	A	1767
NC_045512.2	5567	G	T	8661	4553	37	1	0	37	0.000115447	8662	0.998052	FALSE	ORF1ab:cds-YP_009724389.1	GTT	V	TTT	F	1768
NC_045512.2	5567	G	T	8661	4553	37	1	0	37	0.000115447	8662	0.998052	FALSE	ORF1ab:cds-YP_009725295.1	GTT	V	TTT	F	1768
NC_045512.2	5567	G	-T	8661	4553	37	1	0	20	0.000115447	8662	1	FALSE	NA	NA	NA	NA	NA	NA
NC_045512.2	5568	T	G	8733	4912	38	5	0	27	0.000572148	8739	1	FALSE	ORF1ab:cds-YP_009724389.1	GTT	V	GGT	G	1768
NC_045512.2	5568	T	G	8733	4912	38	5	0	27	0.000572148	8739	1	FALSE	ORF1ab:cds-YP_009725295.1	GTT	V	GGT	G	1768
NC_045512.2	5568	T	C	8733	4912	38	1	0	37	0.00011443	8739	0.998046	FALSE	ORF1ab:cds-YP_009724389.1	GTT	V	GCT	A	1768
NC_045512.2	5568	T	C	8733	4912	38	1	0	37	0.00011443	8739	0.998046	FALSE	ORF1ab:cds-YP_009725295.1	GTT	V	GCT	A	1768
NC_045512.2	5569	T	C	8984	4957	38	2	0	37	0.000222568	8986	0.98928	FALSE	ORF1ab:cds-YP_009724389.1	GTT	V	GTC	V	1768
NC_045512.2	5569	T	C	8984	4957	38	2	0	37	0.000222568	8986	0.98928	FALSE	ORF1ab:cds-YP_009725295.1	GTT	V	GTC	V	1768
NC_045512.2	5570	A	G	9029	5023	38	4	3	37	0.000442821	9033	0.953935	FALSE	ORF1ab:cds-YP_009724389.1	ATG	M	GTG	V	1769
NC_045512.2	5570	A	G	9029	5023	38	4	3	37	0.000442821	9033	0.953935	FALSE	ORF1ab:cds-YP_009725295.1	ATG	M	GTG	V	1769
NC_045512.2	5571	T	G	8994	4990	38	1	1	25	0.000111161	8996	1	FALSE	ORF1ab:cds-YP_009724389.1	ATG	M	AGG	R	1769
NC_045512.2	5571	T	G	8994	4990	38	1	1	25	0.000111161	8996	1	FALSE	ORF1ab:cds-YP_009725295.1	ATG	M	AGG	R	1769
NC_045512.2	5571	T	A	8994	4990	38	1	0	25	0.000111161	8996	1	FALSE	ORF1ab:cds-YP_009724389.1	ATG	M	AAG	K	1769
NC_045512.2	5571	T	A	8994	4990	38	1	0	25	0.000111161	8996	1	FALSE	ORF1ab:cds-YP_009725295.1	ATG	M	AAG	K	1769
NC_045512.2	5572	G	T	8959	4935	38	1	0	25	0.000111607	8960	1	FALSE	ORF1ab:cds-YP_009724389.1	ATG	M	ATT	I	1769
NC_045512.2	5572	G	T	8959	4935	38	1	0	25	0.000111607	8960	1	FALSE	ORF1ab:cds-YP_009725295.1	ATG	M	ATT	I	1769
NC_045512.2	5573	T	G	8665	4809	37	1	1	25	0.000115393	8666	1	FALSE	ORF1ab:cds-YP_009724389.1	TAC	Y	GAC	D	1770
NC_045512.2	5573	T	G	8665	4809	37	1	1	25	0.000115393	8666	1	FALSE	ORF1ab:cds-YP_009725295.1	TAC	Y	GAC	D	1770
NC_045512.2	5574	A	T	8557	4629	38	1	0	48	0.000116836	8559	0.5	FALSE	ORF1ab:cds-YP_009724389.1	TAC	Y	TTC	F	1770
NC_045512.2	5574	A	T	8557	4629	38	1	0	48	0.000116836	8559	0.5	FALSE	ORF1ab:cds-YP_009725295.1	TAC	Y	TTC	F	1770
NC_045512.2	5574	A	C	8557	4629	38	1	1	25	0.000116836	8559	1	FALSE	ORF1ab:cds-YP_009724389.1	TAC	Y	TCC	S	1770
NC_045512.2	5574	A	C	8557	4629	38	1	1	25	0.000116836	8559	1	FALSE	ORF1ab:cds-YP_009725295.1	TAC	Y	TCC	S	1770
NC_045512.2	5575	C	T	8881	4975	38	1	0	37	0.000112587	8882	0.998052	FALSE	ORF1ab:cds-YP_009724389.1	TAC	Y	TAT	Y	1770
NC_045512.2	5575	C	T	8881	4975	38	1	0	37	0.000112587	8882	0.998052	FALSE	ORF1ab:cds-YP_009725295.1	TAC	Y	TAT	Y	1770
NC_045512.2	5576	A	G	7971	4093	38	1	0	25	0.000125392	7975	1	FALSE	ORF1ab:cds-YP_009724389.1	ATG	M	GTG	V	1771
NC_045512.2	5576	A	G	7971	4093	38	1	0	25	0.000125392	7975	1	FALSE	ORF1ab:cds-YP_009725295.1	ATG	M	GTG	V	1771
NC_045512.2	5576	A	C	7971	4093	38	3	0	29	0.000376176	7975	1	FALSE	ORF1ab:cds-YP_009724389.1	ATG	M	CTG	L	1771
NC_045512.2	5576	A	C	7971	4093	38	3	0	29	0.000376176	7975	1	FALSE	ORF1ab:cds-YP_009725295.1	ATG	M	CTG	L	1771
NC_045512.2	5577	T	G	7926	4084	38	2	0	37	0.000252239	7929	0.980495	FALSE	ORF1ab:cds-YP_009724389.1	ATG	M	AGG	R	1771
NC_045512.2	5577	T	G	7926	4084	38	2	0	37	0.000252239	7929	0.980495	FALSE	ORF1ab:cds-YP_009725295.1	ATG	M	AGG	R	1771
NC_045512.2	5577	T	A	7926	4084	38	1	1	25	0.000126119	7929	1	FALSE	ORF1ab:cds-YP_009724389.1	ATG	M	AAG	K	1771
NC_045512.2	5577	T	A	7926	4084	38	1	1	25	0.000126119	7929	1	FALSE	ORF1ab:cds-YP_009725295.1	ATG	M	AAG	K	1771
NC_045512.2	5577	T	-G	7926	4084	38	1	0	20	0.000126119	7929	1	FALSE	NA	NA	NA	NA	NA	NA
NC_045512.2	5578	G	T	8109	4087	38	4	3	31	0.000493036	8113	0.927076	FALSE	ORF1ab:cds-YP_009724389.1	ATG	M	ATT	I	1771
NC_045512.2	5578	G	T	8109	4087	38	4	3	31	0.000493036	8113	0.927076	FALSE	ORF1ab:cds-YP_009725295.1	ATG	M	ATT	I	1771
NC_045512.2	5580	G	A	7978	3973	38	7	3	42	0.000876644	7985	0.00780565	TRUE	ORF1ab:cds-YP_009724389.1	GGC	G	GAC	D	1772
NC_045512.2	5580	G	A	7978	3973	38	7	3	42	0.000876644	7985	0.00780565	TRUE	ORF1ab:cds-YP_009725295.1	GGC	G	GAC	D	1772
NC_045512.2	5581	C	T	7926	3936	38	2	1	37	0.00025227	7928	0.980504	FALSE	ORF1ab:cds-YP_009724389.1	GGC	G	GGT	G	1772
NC_045512.2	5581	C	T	7926	3936	38	2	1	37	0.00025227	7928	0.980504	FALSE	ORF1ab:cds-YP_009725295.1	GGC	G	GGT	G	1772
NC_045512.2	5582	A	G	7764	3821	38	1	0	37	0.00012875	7767	0.996099	FALSE	ORF1ab:cds-YP_009724389.1	ACA	T	GCA	A	1773
NC_045512.2	5582	A	G	7764	3821	38	1	0	37	0.00012875	7767	0.996099	FALSE	ORF1ab:cds-YP_009725295.1	ACA	T	GCA	A	1773
NC_045512.2	5582	A	C	7764	3821	38	2	1	25	0.0002575	7767	1	FALSE	ORF1ab:cds-YP_009724389.1	ACA	T	CCA	P	1773
NC_045512.2	5582	A	C	7764	3821	38	2	1	25	0.0002575	7767	1	FALSE	ORF1ab:cds-YP_009725295.1	ACA	T	CCA	P	1773
NC_045512.2	5583	C	G	7975	3947	38	1	1	25	0.000125376	7976	1	FALSE	ORF1ab:cds-YP_009724389.1	ACA	T	AGA	R	1773
NC_045512.2	5583	C	G	7975	3947	38	1	1	25	0.000125376	7976	1	FALSE	ORF1ab:cds-YP_009725295.1	ACA	T	AGA	R	1773
NC_045512.2	5584	A	T	7897	3895	38	1	1	25	0.000126598	7899	1	FALSE	ORF1ab:cds-YP_009724389.1	ACA	T	ACT	T	1773
NC_045512.2	5584	A	T	7897	3895	38	1	1	25	0.000126598	7899	1	FALSE	ORF1ab:cds-YP_009725295.1	ACA	T	ACT	T	1773
NC_045512.2	5584	A	G	7897	3895	38	1	0	37	0.000126598	7899	0.996101	FALSE	ORF1ab:cds-YP_009724389.1	ACA	T	ACG	T	1773
NC_045512.2	5584	A	G	7897	3895	38	1	0	37	0.000126598	7899	0.996101	FALSE	ORF1ab:cds-YP_009725295.1	ACA	T	ACG	T	1773
NC_045512.2	5585	C	T	7786	3900	38	1	1	25	0.000128419	7787	1	FALSE	ORF1ab:cds-YP_009724389.1	CTT	L	TTT	F	1774
NC_045512.2	5585	C	T	7786	3900	38	1	1	25	0.000128419	7787	1	FALSE	ORF1ab:cds-YP_009725295.1	CTT	L	TTT	F	1774
NC_045512.2	5587	T	G	7791	4174	38	3	0	25	0.000384813	7796	1	FALSE	ORF1ab:cds-YP_009724389.1	CTT	L	CTG	L	1774
NC_045512.2	5587	T	G	7791	4174	38	3	0	25	0.000384813	7796	1	FALSE	ORF1ab:cds-YP_009725295.1	CTT	L	CTG	L	1774
NC_045512.2	5587	T	C	7791	4174	38	2	1	31	0.000256542	7796	0.980478	FALSE	ORF1ab:cds-YP_009724389.1	CTT	L	CTC	L	1774
NC_045512.2	5587	T	C	7791	4174	38	2	1	31	0.000256542	7796	0.980478	FALSE	ORF1ab:cds-YP_009725295.1	CTT	L	CTC	L	1774
NC_045512.2	5588	T	C	7899	4155	39	2	1	55	0.000253133	7901	0.250016	FALSE	ORF1ab:cds-YP_009724389.1	TCT	S	CCT	P	1775
NC_045512.2	5588	T	C	7899	4155	39	2	1	55	0.000253133	7901	0.250016	FALSE	ORF1ab:cds-YP_009725295.1	TCT	S	CCT	P	1775
NC_045512.2	5590	T	G	7837	4127	38	1	0	25	0.000127584	7838	1	FALSE	ORF1ab:cds-YP_009724389.1	TCT	S	TCG	S	1775
NC_045512.2	5590	T	G	7837	4127	38	1	0	25	0.000127584	7838	1	FALSE	ORF1ab:cds-YP_009725295.1	TCT	S	TCG	S	1775
NC_045512.2	5591	T	G	7877	4141	38	1	1	29	0.00012692	7879	1	FALSE	ORF1ab:cds-YP_009724389.1	TAT	Y	GAT	D	1776
NC_045512.2	5591	T	G	7877	4141	38	1	1	29	0.00012692	7879	1	FALSE	ORF1ab:cds-YP_009725295.1	TAT	Y	GAT	D	1776
NC_045512.2	5591	T	A	7877	4141	38	1	0	20	0.00012692	7879	1	FALSE	ORF1ab:cds-YP_009724389.1	TAT	Y	AAT	N	1776
NC_045512.2	5591	T	A	7877	4141	38	1	0	20	0.00012692	7879	1	FALSE	ORF1ab:cds-YP_009725295.1	TAT	Y	AAT	N	1776
NC_045512.2	5592	A	G	7874	4041	39	1	0	37	0.000126984	7875	0.996103	FALSE	ORF1ab:cds-YP_009724389.1	TAT	Y	TGT	C	1776
NC_045512.2	5592	A	G	7874	4041	39	1	0	37	0.000126984	7875	0.996103	FALSE	ORF1ab:cds-YP_009725295.1	TAT	Y	TGT	C	1776
NC_045512.2	5593	T	C	8044	4237	39	2	1	37	0.000248509	8048	0.989271	FALSE	ORF1ab:cds-YP_009724389.1	TAT	Y	TAC	Y	1776
NC_045512.2	5593	T	C	8044	4237	39	2	1	37	0.000248509	8048	0.989271	FALSE	ORF1ab:cds-YP_009725295.1	TAT	Y	TAC	Y	1776
NC_045512.2	5593	T	A	8044	4237	39	2	1	31	0.000248509	8048	0.989271	FALSE	ORF1ab:cds-YP_009724389.1	TAT	Y	TAA	*	1776
NC_045512.2	5593	T	A	8044	4237	39	2	1	31	0.000248509	8048	0.989271	FALSE	ORF1ab:cds-YP_009725295.1	TAT	Y	TAA	*	1776
NC_045512.2	5595	A	G	7933	4279	39	1	0	25	0.000126024	7935	1	FALSE	ORF1ab:cds-YP_009724389.1	GAA	E	GGA	G	1777
NC_045512.2	5595	A	G	7933	4279	39	1	0	25	0.000126024	7935	1	FALSE	ORF1ab:cds-YP_009725295.1	GAA	E	GGA	G	1777
NC_045512.2	5595	A	C	7933	4279	39	1	1	25	0.000126024	7935	1	FALSE	ORF1ab:cds-YP_009724389.1	GAA	E	GCA	A	1777
NC_045512.2	5595	A	C	7933	4279	39	1	1	25	0.000126024	7935	1	FALSE	ORF1ab:cds-YP_009725295.1	GAA	E	GCA	A	1777
NC_045512.2	5598	A	T	7911	4314	39	1	1	25	0.000126326	7916	1	FALSE	ORF1ab:cds-YP_009724389.1	CAA	Q	CTA	L	1778
NC_045512.2	5598	A	T	7911	4314	39	1	1	25	0.000126326	7916	1	FALSE	ORF1ab:cds-YP_009725295.1	CAA	Q	CTA	L	1778
NC_045512.2	5598	A	G	7911	4314	39	2	2	37	0.000252653	7916	0.980478	FALSE	ORF1ab:cds-YP_009724389.1	CAA	Q	CGA	R	1778
NC_045512.2	5598	A	G	7911	4314	39	2	2	37	0.000252653	7916	0.980478	FALSE	ORF1ab:cds-YP_009725295.1	CAA	Q	CGA	R	1778
NC_045512.2	5598	A	C	7911	4314	39	2	0	25	0.000252653	7916	1	FALSE	ORF1ab:cds-YP_009724389.1	CAA	Q	CCA	P	1778
NC_045512.2	5598	A	C	7911	4314	39	2	0	25	0.000252653	7916	1	FALSE	ORF1ab:cds-YP_009725295.1	CAA	Q	CCA	P	1778
NC_045512.2	5599	A	T	7755	4127	39	2	1	37	0.000257765	7759	0.980487	FALSE	ORF1ab:cds-YP_009724389.1	CAA	Q	CAT	H	1778
NC_045512.2	5599	A	T	7755	4127	39	2	1	37	0.000257765	7759	0.980487	FALSE	ORF1ab:cds-YP_009725295.1	CAA	Q	CAT	H	1778
NC_045512.2	5599	A	C	7755	4127	39	2	1	31	0.000257765	7759	0.980487	FALSE	ORF1ab:cds-YP_009724389.1	CAA	Q	CAC	H	1778
NC_045512.2	5599	A	C	7755	4127	39	2	1	31	0.000257765	7759	0.980487	FALSE	ORF1ab:cds-YP_009725295.1	CAA	Q	CAC	H	1778
NC_045512.2	5600	T	G	7707	4195	39	2	0	27	0.000259437	7709	1	FALSE	ORF1ab:cds-YP_009724389.1	TTT	F	GTT	V	1779
NC_045512.2	5600	T	G	7707	4195	39	2	0	27	0.000259437	7709	1	FALSE	ORF1ab:cds-YP_009725295.1	TTT	F	GTT	V	1779
NC_045512.2	5602	T	C	8144	4559	40	1	1	25	0.000122775	8145	1	FALSE	ORF1ab:cds-YP_009724389.1	TTT	F	TTC	F	1779
NC_045512.2	5602	T	C	8144	4559	40	1	1	25	0.000122775	8145	1	FALSE	ORF1ab:cds-YP_009725295.1	TTT	F	TTC	F	1779
NC_045512.2	5603	A	T	8005	4375	39	1	1	74	0.000124844	8010	0.499906	FALSE	ORF1ab:cds-YP_009724389.1	AAG	K	TAG	*	1780
NC_045512.2	5603	A	T	8005	4375	39	1	1	74	0.000124844	8010	0.499906	FALSE	ORF1ab:cds-YP_009725295.1	AAG	K	TAG	*	1780
NC_045512.2	5603	A	G	8005	4375	39	1	1	37	0.000124844	8010	0.998048	FALSE	ORF1ab:cds-YP_009724389.1	AAG	K	GAG	E	1780
NC_045512.2	5603	A	G	8005	4375	39	1	1	37	0.000124844	8010	0.998048	FALSE	ORF1ab:cds-YP_009725295.1	AAG	K	GAG	E	1780
NC_045512.2	5603	A	C	8005	4375	39	3	2	25	0.000374532	8010	1	FALSE	ORF1ab:cds-YP_009724389.1	AAG	K	CAG	Q	1780
NC_045512.2	5603	A	C	8005	4375	39	3	2	25	0.000374532	8010	1	FALSE	ORF1ab:cds-YP_009725295.1	AAG	K	CAG	Q	1780
NC_045512.2	5604	A	G	8218	4701	40	3	1	49	0.000364919	8221	0.125	FALSE	ORF1ab:cds-YP_009724389.1	AAG	K	AGG	R	1780
NC_045512.2	5604	A	G	8218	4701	40	3	1	49	0.000364919	8221	0.125	FALSE	ORF1ab:cds-YP_009725295.1	AAG	K	AGG	R	1780
NC_045512.2	5605	G	T	7773	4612	39	1	0	22	0.000128634	7774	1	FALSE	ORF1ab:cds-YP_009724389.1	AAG	K	AAT	N	1780
NC_045512.2	5605	G	T	7773	4612	39	1	0	22	0.000128634	7774	1	FALSE	ORF1ab:cds-YP_009725295.1	AAG	K	AAT	N	1780
NC_045512.2	5606	A	T	7762	4638	39	1	1	25	0.0001288	7764	1	FALSE	ORF1ab:cds-YP_009724389.1	AAA	K	TAA	*	1781
NC_045512.2	5606	A	T	7762	4638	39	1	1	25	0.0001288	7764	1	FALSE	ORF1ab:cds-YP_009725295.1	AAA	K	TAA	*	1781
NC_045512.2	5606	A	G	7762	4638	39	1	0	25	0.0001288	7764	1	FALSE	ORF1ab:cds-YP_009724389.1	AAA	K	GAA	E	1781
NC_045512.2	5606	A	G	7762	4638	39	1	0	25	0.0001288	7764	1	FALSE	ORF1ab:cds-YP_009725295.1	AAA	K	GAA	E	1781
NC_045512.2	5607	A	G	7956	4852	39	1	1	37	0.000125597	7962	0.996093	FALSE	ORF1ab:cds-YP_009724389.1	AAA	K	AGA	R	1781
NC_045512.2	5607	A	G	7956	4852	39	1	1	37	0.000125597	7962	0.996093	FALSE	ORF1ab:cds-YP_009725295.1	AAA	K	AGA	R	1781
NC_045512.2	5607	A	C	7956	4852	39	5	5	37	0.000627983	7962	0.806243	FALSE	ORF1ab:cds-YP_009724389.1	AAA	K	ACA	T	1781
NC_045512.2	5607	A	C	7956	4852	39	5	5	37	0.000627983	7962	0.806243	FALSE	ORF1ab:cds-YP_009725295.1	AAA	K	ACA	T	1781
NC_045512.2	5608	A	G	7996	4925	40	3	1	33	0.000375047	7999	0.945389	FALSE	ORF1ab:cds-YP_009724389.1	AAA	K	AAG	K	1781
NC_045512.2	5608	A	G	7996	4925	40	3	1	33	0.000375047	7999	0.945389	FALSE	ORF1ab:cds-YP_009725295.1	AAA	K	AAG	K	1781
NC_045512.2	5609	G	T	7942	4865	40	2	1	31	0.000251731	7945	0.980495	FALSE	ORF1ab:cds-YP_009724389.1	GGT	G	TGT	C	1782
NC_045512.2	5609	G	T	7942	4865	40	2	1	31	0.000251731	7945	0.980495	FALSE	ORF1ab:cds-YP_009725295.1	GGT	G	TGT	C	1782
NC_045512.2	5609	G	A	7942	4865	40	1	1	37	0.000125865	7945	0.996099	FALSE	ORF1ab:cds-YP_009724389.1	GGT	G	AGT	S	1782
NC_045512.2	5609	G	A	7942	4865	40	1	1	37	0.000125865	7945	0.996099	FALSE	ORF1ab:cds-YP_009725295.1	GGT	G	AGT	S	1782
NC_045512.2	5610	G	C	7972	4907	40	1	0	25	0.000125423	7973	1	FALSE	ORF1ab:cds-YP_009724389.1	GGT	G	GCT	A	1782
NC_045512.2	5610	G	C	7972	4907	40	1	0	25	0.000125423	7973	1	FALSE	ORF1ab:cds-YP_009725295.1	GGT	G	GCT	A	1782
NC_045512.2	5611	T	C	7995	4932	40	1	1	37	0.000125063	7996	0.996103	FALSE	ORF1ab:cds-YP_009724389.1	GGT	G	GGC	G	1782
NC_045512.2	5611	T	C	7995	4932	40	1	1	37	0.000125063	7996	0.996103	FALSE	ORF1ab:cds-YP_009725295.1	GGT	G	GGC	G	1782
NC_045512.2	5613	T	C	9296	6648	42	1	1	22	0.000107562	9297	1	FALSE	ORF1ab:cds-YP_009724389.1	GTT	V	GCT	A	1783
NC_045512.2	5613	T	C	9296	6648	42	1	1	22	0.000107562	9297	1	FALSE	ORF1ab:cds-YP_009725295.1	GTT	V	GCT	A	1783
NC_045512.2	5616	A	G	9421	6759	43	3	2	29	0.000318336	9424	1	FALSE	ORF1ab:cds-YP_009724389.1	CAG	Q	CGG	R	1784
NC_045512.2	5616	A	G	9421	6759	43	3	2	29	0.000318336	9424	1	FALSE	ORF1ab:cds-YP_009725295.1	CAG	Q	CGG	R	1784
NC_045512.2	5618	A	G	9537	7004	43	1	0	25	0.000104833	9539	1	FALSE	ORF1ab:cds-YP_009724389.1	ATA	I	GTA	V	1785
NC_045512.2	5618	A	G	9537	7004	43	1	0	25	0.000104833	9539	1	FALSE	ORF1ab:cds-YP_009725295.1	ATA	I	GTA	V	1785
NC_045512.2	5618	A	C	9537	7004	43	1	0	37	0.000104833	9539	0.999026	FALSE	ORF1ab:cds-YP_009724389.1	ATA	I	CTA	L	1785
NC_045512.2	5618	A	C	9537	7004	43	1	0	37	0.000104833	9539	0.999026	FALSE	ORF1ab:cds-YP_009725295.1	ATA	I	CTA	L	1785
NC_045512.2	5619	T	G	9279	7089	42	1	1	37	0.000107747	9281	0.999026	FALSE	ORF1ab:cds-YP_009724389.1	ATA	I	AGA	R	1785
NC_045512.2	5619	T	G	9279	7089	42	1	1	37	0.000107747	9281	0.999026	FALSE	ORF1ab:cds-YP_009725295.1	ATA	I	AGA	R	1785
NC_045512.2	5619	T	C	9279	7089	42	1	1	37	0.000107747	9281	0.999026	FALSE	ORF1ab:cds-YP_009724389.1	ATA	I	ACA	T	1785
NC_045512.2	5619	T	C	9279	7089	42	1	1	37	0.000107747	9281	0.999026	FALSE	ORF1ab:cds-YP_009725295.1	ATA	I	ACA	T	1785
NC_045512.2	5620	A	+C	9257	7089	42	1	0	20	0.000108026	9257	1	FALSE	NA	NA	NA	NA	NA	NA
NC_045512.2	5621	C	T	9374	7170	42	1	1	37	0.000106655	9376	0.999026	FALSE	ORF1ab:cds-YP_009724389.1	CCT	P	TCT	S	1786
NC_045512.2	5621	C	T	9374	7170	42	1	1	37	0.000106655	9376	0.999026	FALSE	ORF1ab:cds-YP_009725295.1	CCT	P	TCT	S	1786
NC_045512.2	5621	C	A	9374	7170	42	1	0	25	0.000106655	9376	1	FALSE	ORF1ab:cds-YP_009724389.1	CCT	P	ACT	T	1786
NC_045512.2	5621	C	A	9374	7170	42	1	0	25	0.000106655	9376	1	FALSE	ORF1ab:cds-YP_009725295.1	CCT	P	ACT	T	1786
NC_045512.2	5622	C	A	9137	6936	42	2	0	74	0.000218842	9139	0.250014	FALSE	ORF1ab:cds-YP_009724389.1	CCT	P	CAT	H	1786
NC_045512.2	5622	C	A	9137	6936	42	2	0	74	0.000218842	9139	0.250014	FALSE	ORF1ab:cds-YP_009725295.1	CCT	P	CAT	H	1786
NC_045512.2	5623	T	G	9170	6942	43	1	1	20	0.00010898	9176	1	FALSE	ORF1ab:cds-YP_009724389.1	CCT	P	CCG	P	1786
NC_045512.2	5623	T	G	9170	6942	43	1	1	20	0.00010898	9176	1	FALSE	ORF1ab:cds-YP_009725295.1	CCT	P	CCG	P	1786
NC_045512.2	5623	T	C	9170	6942	43	4	1	37	0.00043592	9176	0.953895	FALSE	ORF1ab:cds-YP_009724389.1	CCT	P	CCC	P	1786
NC_045512.2	5623	T	C	9170	6942	43	4	1	37	0.00043592	9176	0.953895	FALSE	ORF1ab:cds-YP_009725295.1	CCT	P	CCC	P	1786
NC_045512.2	5623	T	A	9170	6942	43	1	1	37	0.00010898	9176	0.999024	FALSE	ORF1ab:cds-YP_009724389.1	CCT	P	CCA	P	1786
NC_045512.2	5623	T	A	9170	6942	43	1	1	37	0.00010898	9176	0.999024	FALSE	ORF1ab:cds-YP_009725295.1	CCT	P	CCA	P	1786
NC_045512.2	5624	T	C	9244	7064	43	3	2	44	0.00032443	9247	0.125	FALSE	ORF1ab:cds-YP_009724389.1	TGT	C	CGT	R	1787
NC_045512.2	5624	T	C	9244	7064	43	3	2	44	0.00032443	9247	0.125	FALSE	ORF1ab:cds-YP_009725295.1	TGT	C	CGT	R	1787
NC_045512.2	5625	G	T	9277	7108	43	1	1	25	0.000107782	9278	1	FALSE	ORF1ab:cds-YP_009724389.1	TGT	C	TTT	F	1787
NC_045512.2	5625	G	T	9277	7108	43	1	1	25	0.000107782	9278	1	FALSE	ORF1ab:cds-YP_009725295.1	TGT	C	TTT	F	1787
NC_045512.2	5626	T	C	9077	6932	43	1	1	37	0.000110156	9078	0.999026	FALSE	ORF1ab:cds-YP_009724389.1	TGT	C	TGC	C	1787
NC_045512.2	5626	T	C	9077	6932	43	1	1	37	0.000110156	9078	0.999026	FALSE	ORF1ab:cds-YP_009725295.1	TGT	C	TGC	C	1787
NC_045512.2	5627	A	G	9117	7022	43	1	1	37	0.000109673	9118	0.999026	FALSE	ORF1ab:cds-YP_009724389.1	ACG	T	GCG	A	1788
NC_045512.2	5627	A	G	9117	7022	43	1	1	37	0.000109673	9118	0.999026	FALSE	ORF1ab:cds-YP_009725295.1	ACG	T	GCG	A	1788
NC_045512.2	5628	C	T	9215	7117	43	5	5	37	0.000542241	9221	0.9103	FALSE	ORF1ab:cds-YP_009724389.1	ACG	T	ATG	M	1788
NC_045512.2	5628	C	T	9215	7117	43	5	5	37	0.000542241	9221	0.9103	FALSE	ORF1ab:cds-YP_009725295.1	ACG	T	ATG	M	1788
NC_045512.2	5628	C	A	9215	7117	43	1	1	37	0.000108448	9221	0.999024	FALSE	ORF1ab:cds-YP_009724389.1	ACG	T	AAG	K	1788
NC_045512.2	5628	C	A	9215	7117	43	1	1	37	0.000108448	9221	0.999024	FALSE	ORF1ab:cds-YP_009725295.1	ACG	T	AAG	K	1788
NC_045512.2	5629	G	A	9214	7174	44	4	4	37	0.000433934	9218	0.953933	FALSE	ORF1ab:cds-YP_009724389.1	ACG	T	ACA	T	1788
NC_045512.2	5629	G	A	9214	7174	44	4	4	37	0.000433934	9218	0.953933	FALSE	ORF1ab:cds-YP_009725295.1	ACG	T	ACA	T	1788
NC_045512.2	5629	G	+C	9214	7174	44	1	0	20	0.000108483	9218	1	FALSE	NA	NA	NA	NA	NA	NA
NC_045512.2	5630	T	C	8848	6957	44	3	2	31	0.000338906	8852	0.967326	FALSE	ORF1ab:cds-YP_009724389.1	TGT	C	CGT	R	1789
NC_045512.2	5630	T	C	8848	6957	44	3	2	31	0.000338906	8852	0.967326	FALSE	ORF1ab:cds-YP_009725295.1	TGT	C	CGT	R	1789
NC_045512.2	5630	T	A	8848	6957	44	1	1	37	0.000112969	8852	0.998049	FALSE	ORF1ab:cds-YP_009724389.1	TGT	C	AGT	S	1789
NC_045512.2	5630	T	A	8848	6957	44	1	1	37	0.000112969	8852	0.998049	FALSE	ORF1ab:cds-YP_009725295.1	TGT	C	AGT	S	1789
NC_045512.2	5631	G	A	9107	7250	45	2	1	74	0.000219563	9109	0.250014	FALSE	ORF1ab:cds-YP_009724389.1	TGT	C	TAT	Y	1789
NC_045512.2	5631	G	A	9107	7250	45	2	1	74	0.000219563	9109	0.250014	FALSE	ORF1ab:cds-YP_009725295.1	TGT	C	TAT	Y	1789
NC_045512.2	5632	T	C	9108	7289	45	3	1	61	0.000329236	9112	0.124979	FALSE	ORF1ab:cds-YP_009724389.1	TGT	C	TGC	C	1789
NC_045512.2	5632	T	C	9108	7289	45	3	1	61	0.000329236	9112	0.124979	FALSE	ORF1ab:cds-YP_009725295.1	TGT	C	TGC	C	1789
NC_045512.2	5632	T	A	9108	7289	45	1	1	29	0.000109745	9112	1	FALSE	ORF1ab:cds-YP_009724389.1	TGT	C	TGA	*	1789
NC_045512.2	5632	T	A	9108	7289	45	1	1	29	0.000109745	9112	1	FALSE	ORF1ab:cds-YP_009725295.1	TGT	C	TGA	*	1789
NC_045512.2	5633	G	T	9075	7301	45	1	1	37	0.000110181	9076	0.999026	FALSE	ORF1ab:cds-YP_009724389.1	GGT	G	TGT	C	1790
NC_045512.2	5633	G	T	9075	7301	45	1	1	37	0.000110181	9076	0.999026	FALSE	ORF1ab:cds-YP_009725295.1	GGT	G	TGT	C	1790
NC_045512.2	5634	G	A	9128	7361	45	1	1	37	0.000109541	9129	0.999026	FALSE	ORF1ab:cds-YP_009724389.1	GGT	G	GAT	D	1790
NC_045512.2	5634	G	A	9128	7361	45	1	1	37	0.000109541	9129	0.999026	FALSE	ORF1ab:cds-YP_009725295.1	GGT	G	GAT	D	1790
NC_045512.2	5635	T	C	9090	7388	45	1	1	37	0.000109999	9091	0.999026	FALSE	ORF1ab:cds-YP_009724389.1	GGT	G	GGC	G	1790
NC_045512.2	5635	T	C	9090	7388	45	1	1	37	0.000109999	9091	0.999026	FALSE	ORF1ab:cds-YP_009725295.1	GGT	G	GGC	G	1790
NC_045512.2	5636	A	T	9111	7405	45	1	1	25	0.000109745	9112	1	FALSE	ORF1ab:cds-YP_009724389.1	AAA	K	TAA	*	1791
NC_045512.2	5636	A	T	9111	7405	45	1	1	25	0.000109745	9112	1	FALSE	ORF1ab:cds-YP_009725295.1	AAA	K	TAA	*	1791
NC_045512.2	5637	A	C	8918	7244	44	3	3	25	0.000336285	8921	1	FALSE	ORF1ab:cds-YP_009724389.1	AAA	K	ACA	T	1791
NC_045512.2	5637	A	C	8918	7244	44	3	3	25	0.000336285	8921	1	FALSE	ORF1ab:cds-YP_009725295.1	AAA	K	ACA	T	1791
NC_045512.2	5638	A	T	8793	7129	44	2	2	31	0.000227221	8802	0.989245	FALSE	ORF1ab:cds-YP_009724389.1	AAA	K	AAT	N	1791
NC_045512.2	5638	A	T	8793	7129	44	2	2	31	0.000227221	8802	0.989245	FALSE	ORF1ab:cds-YP_009725295.1	AAA	K	AAT	N	1791
NC_045512.2	5638	A	G	8793	7129	44	1	1	74	0.000113611	8802	0.499801	FALSE	ORF1ab:cds-YP_009724389.1	AAA	K	AAG	K	1791
NC_045512.2	5638	A	G	8793	7129	44	1	1	74	0.000113611	8802	0.499801	FALSE	ORF1ab:cds-YP_009725295.1	AAA	K	AAG	K	1791
NC_045512.2	5638	A	C	8793	7129	44	6	6	25	0.000681663	8802	1	FALSE	ORF1ab:cds-YP_009724389.1	AAA	K	AAC	N	1791
NC_045512.2	5638	A	C	8793	7129	44	6	6	25	0.000681663	8802	1	FALSE	ORF1ab:cds-YP_009725295.1	AAA	K	AAC	N	1791
NC_045512.2	5640	A	G	8995	7374	45	1	1	74	0.000111161	8996	0.500028	FALSE	ORF1ab:cds-YP_009724389.1	CAA	Q	CGA	R	1792
NC_045512.2	5640	A	G	8995	7374	45	1	1	74	0.000111161	8996	0.500028	FALSE	ORF1ab:cds-YP_009725295.1	CAA	Q	CGA	R	1792
NC_045512.2	5641	A	G	8877	7269	44	3	2	37	0.000337838	8880	0.96734	FALSE	ORF1ab:cds-YP_009724389.1	CAA	Q	CAG	Q	1792
NC_045512.2	5641	A	G	8877	7269	44	3	2	37	0.000337838	8880	0.96734	FALSE	ORF1ab:cds-YP_009725295.1	CAA	Q	CAG	Q	1792
NC_045512.2	5642	G	T	8853	7284	44	1	1	25	0.000112918	8856	1	FALSE	ORF1ab:cds-YP_009724389.1	GCT	A	TCT	S	1793
NC_045512.2	5642	G	T	8853	7284	44	1	1	25	0.000112918	8856	1	FALSE	ORF1ab:cds-YP_009725295.1	GCT	A	TCT	S	1793
NC_045512.2	5642	G	A	8853	7284	44	2	2	55	0.000225836	8856	0.249986	FALSE	ORF1ab:cds-YP_009724389.1	GCT	A	ACT	T	1793
NC_045512.2	5642	G	A	8853	7284	44	2	2	55	0.000225836	8856	0.249986	FALSE	ORF1ab:cds-YP_009725295.1	GCT	A	ACT	T	1793
NC_045512.2	5644	T	C	8717	7148	44	4	4	42	0.000458663	8721	0.0624928	FALSE	ORF1ab:cds-YP_009724389.1	GCT	A	GCC	A	1793
NC_045512.2	5644	T	C	8717	7148	44	4	4	42	0.000458663	8721	0.0624928	FALSE	ORF1ab:cds-YP_009725295.1	GCT	A	GCC	A	1793
NC_045512.2	5645	A	T	8844	7326	44	2	2	25	0.000226014	8849	1	FALSE	ORF1ab:cds-YP_009724389.1	ACA	T	TCA	S	1794
NC_045512.2	5645	A	T	8844	7326	44	2	2	25	0.000226014	8849	1	FALSE	ORF1ab:cds-YP_009725295.1	ACA	T	TCA	S	1794
NC_045512.2	5645	A	G	8844	7326	44	2	2	48	0.000226014	8849	0.249929	FALSE	ORF1ab:cds-YP_009724389.1	ACA	T	GCA	A	1794
NC_045512.2	5645	A	G	8844	7326	44	2	2	48	0.000226014	8849	0.249929	FALSE	ORF1ab:cds-YP_009725295.1	ACA	T	GCA	A	1794
NC_045512.2	5645	A	C	8844	7326	44	1	0	29	0.000113007	8849	1	FALSE	ORF1ab:cds-YP_009724389.1	ACA	T	CCA	P	1794
NC_045512.2	5645	A	C	8844	7326	44	1	0	29	0.000113007	8849	1	FALSE	ORF1ab:cds-YP_009725295.1	ACA	T	CCA	P	1794
NC_045512.2	5646	C	T	8891	7354	44	1	1	25	0.000112461	8892	1	FALSE	ORF1ab:cds-YP_009724389.1	ACA	T	ATA	I	1794
NC_045512.2	5646	C	T	8891	7354	44	1	1	25	0.000112461	8892	1	FALSE	ORF1ab:cds-YP_009725295.1	ACA	T	ATA	I	1794
NC_045512.2	5646	C	-A	8891	7354	44	1	0	20	0.000112461	8892	1	FALSE	NA	NA	NA	NA	NA	NA
NC_045512.2	5647	A	G	8836	7537	43	3	2	49	0.000339405	8839	0.124979	FALSE	ORF1ab:cds-YP_009724389.1	ACA	T	ACG	T	1794
NC_045512.2	5647	A	G	8836	7537	43	3	2	49	0.000339405	8839	0.124979	FALSE	ORF1ab:cds-YP_009725295.1	ACA	T	ACG	T	1794
NC_045512.2	5648	A	G	8657	7768	40	1	0	74	0.0001155	8658	0.500029	FALSE	ORF1ab:cds-YP_009724389.1	AAA	K	GAA	E	1795
NC_045512.2	5648	A	G	8657	7768	40	1	0	74	0.0001155	8658	0.500029	FALSE	ORF1ab:cds-YP_009725295.1	AAA	K	GAA	E	1795
NC_045512.2	5649	A	G	8643	7862	39	3	3	37	0.000346981	8646	0.967341	FALSE	ORF1ab:cds-YP_009724389.1	AAA	K	AGA	R	1795
NC_045512.2	5649	A	G	8643	7862	39	3	3	37	0.000346981	8646	0.967341	FALSE	ORF1ab:cds-YP_009725295.1	AAA	K	AGA	R	1795
NC_045512.2	5650	A	C	8282	7495	39	3	3	25	0.0003621	8285	1	FALSE	ORF1ab:cds-YP_009724389.1	AAA	K	AAC	N	1795
NC_045512.2	5650	A	C	8282	7495	39	3	3	25	0.0003621	8285	1	FALSE	ORF1ab:cds-YP_009725295.1	AAA	K	AAC	N	1795
NC_045512.2	5651	T	G	8455	7673	39	1	1	37	0.000118245	8457	0.998051	FALSE	ORF1ab:cds-YP_009724389.1	TAT	Y	GAT	D	1796
NC_045512.2	5651	T	G	8455	7673	39	1	1	37	0.000118245	8457	0.998051	FALSE	ORF1ab:cds-YP_009725295.1	TAT	Y	GAT	D	1796
NC_045512.2	5651	T	C	8455	7673	39	1	1	37	0.000118245	8457	0.998051	FALSE	ORF1ab:cds-YP_009724389.1	TAT	Y	CAT	H	1796
NC_045512.2	5651	T	C	8455	7673	39	1	1	37	0.000118245	8457	0.998051	FALSE	ORF1ab:cds-YP_009725295.1	TAT	Y	CAT	H	1796
NC_045512.2	5652	A	G	8058	7276	38	1	1	37	0.0001239	8071	0.998039	FALSE	ORF1ab:cds-YP_009724389.1	TAT	Y	TGT	C	1796
NC_045512.2	5652	A	G	8058	7276	38	1	1	37	0.0001239	8071	0.998039	FALSE	ORF1ab:cds-YP_009725295.1	TAT	Y	TGT	C	1796
NC_045512.2	5652	A	C	8058	7276	38	12	12	28	0.0014868	8071	1	FALSE	ORF1ab:cds-YP_009724389.1	TAT	Y	TCT	S	1796
NC_045512.2	5652	A	C	8058	7276	38	12	12	28	0.0014868	8071	1	FALSE	ORF1ab:cds-YP_009725295.1	TAT	Y	TCT	S	1796
NC_045512.2	5653	T	G	8453	7677	39	1	1	25	0.000118273	8455	1	FALSE	ORF1ab:cds-YP_009724389.1	TAT	Y	TAG	*	1796
NC_045512.2	5653	T	G	8453	7677	39	1	1	25	0.000118273	8455	1	FALSE	ORF1ab:cds-YP_009725295.1	TAT	Y	TAG	*	1796
NC_045512.2	5653	T	A	8453	7677	39	1	1	37	0.000118273	8455	0.998051	FALSE	ORF1ab:cds-YP_009724389.1	TAT	Y	TAA	*	1796
NC_045512.2	5653	T	A	8453	7677	39	1	1	37	0.000118273	8455	0.998051	FALSE	ORF1ab:cds-YP_009725295.1	TAT	Y	TAA	*	1796
NC_045512.2	5654	C	T	8482	7707	39	3	3	37	0.000353523	8486	0.967328	FALSE	ORF1ab:cds-YP_009724389.1	CTA	L	TTA	L	1797
NC_045512.2	5654	C	T	8482	7707	39	3	3	37	0.000353523	8486	0.967328	FALSE	ORF1ab:cds-YP_009725295.1	CTA	L	TTA	L	1797
NC_045512.2	5654	C	A	8482	7707	39	1	1	37	0.000117841	8486	0.998049	FALSE	ORF1ab:cds-YP_009724389.1	CTA	L	ATA	I	1797
NC_045512.2	5654	C	A	8482	7707	39	1	1	37	0.000117841	8486	0.998049	FALSE	ORF1ab:cds-YP_009725295.1	CTA	L	ATA	I	1797
NC_045512.2	5655	T	G	8351	7600	39	3	3	23	0.000359066	8355	1	FALSE	ORF1ab:cds-YP_009724389.1	CTA	L	CGA	R	1797
NC_045512.2	5655	T	G	8351	7600	39	3	3	23	0.000359066	8355	1	FALSE	ORF1ab:cds-YP_009725295.1	CTA	L	CGA	R	1797
NC_045512.2	5655	T	C	8351	7600	39	1	1	37	0.000119689	8355	0.998049	FALSE	ORF1ab:cds-YP_009724389.1	CTA	L	CCA	P	1797
NC_045512.2	5655	T	C	8351	7600	39	1	1	37	0.000119689	8355	0.998049	FALSE	ORF1ab:cds-YP_009725295.1	CTA	L	CCA	P	1797
NC_045512.2	5656	A	G	8571	7834	40	2	2	31	0.000233291	8573	0.989281	FALSE	ORF1ab:cds-YP_009724389.1	CTA	L	CTG	L	1797
NC_045512.2	5656	A	G	8571	7834	40	2	2	31	0.000233291	8573	0.989281	FALSE	ORF1ab:cds-YP_009725295.1	CTA	L	CTG	L	1797
NC_045512.2	5658	T	G	8372	7703	39	2	2	25	0.000238777	8376	1	FALSE	ORF1ab:cds-YP_009724389.1	GTA	V	GGA	G	1798
NC_045512.2	5658	T	G	8372	7703	39	2	2	25	0.000238777	8376	1	FALSE	ORF1ab:cds-YP_009725295.1	GTA	V	GGA	G	1798
NC_045512.2	5658	T	C	8372	7703	39	2	1	31	0.000238777	8376	0.989271	FALSE	ORF1ab:cds-YP_009724389.1	GTA	V	GCA	A	1798
NC_045512.2	5658	T	C	8372	7703	39	2	1	31	0.000238777	8376	0.989271	FALSE	ORF1ab:cds-YP_009725295.1	GTA	V	GCA	A	1798
NC_045512.2	5659	A	T	8236	7571	39	1	1	25	0.000121403	8237	1	FALSE	ORF1ab:cds-YP_009724389.1	GTA	V	GTT	V	1798
NC_045512.2	5659	A	T	8236	7571	39	1	1	25	0.000121403	8237	1	FALSE	ORF1ab:cds-YP_009725295.1	GTA	V	GTT	V	1798
NC_045512.2	5660	C	T	8433	7768	39	2	2	37	0.000237079	8436	0.989276	FALSE	ORF1ab:cds-YP_009724389.1	CAA	Q	TAA	*	1799
NC_045512.2	5660	C	T	8433	7768	39	2	2	37	0.000237079	8436	0.989276	FALSE	ORF1ab:cds-YP_009725295.1	CAA	Q	TAA	*	1799
NC_045512.2	5660	C	A	8433	7768	39	1	1	25	0.00011854	8436	1	FALSE	ORF1ab:cds-YP_009724389.1	CAA	Q	AAA	K	1799
NC_045512.2	5660	C	A	8433	7768	39	1	1	25	0.00011854	8436	1	FALSE	ORF1ab:cds-YP_009725295.1	CAA	Q	AAA	K	1799
NC_045512.2	5661	A	C	8086	7427	39	1	0	37	0.000123655	8087	0.998052	FALSE	ORF1ab:cds-YP_009724389.1	CAA	Q	CCA	P	1799
NC_045512.2	5661	A	C	8086	7427	39	1	0	37	0.000123655	8087	0.998052	FALSE	ORF1ab:cds-YP_009725295.1	CAA	Q	CCA	P	1799
NC_045512.2	5662	A	G	7813	7157	39	2	0	29	0.000255853	7817	1	FALSE	ORF1ab:cds-YP_009724389.1	CAA	Q	CAG	Q	1799
NC_045512.2	5662	A	G	7813	7157	39	2	0	29	0.000255853	7817	1	FALSE	ORF1ab:cds-YP_009725295.1	CAA	Q	CAG	Q	1799
NC_045512.2	5662	A	C	7813	7157	39	2	2	25	0.000255853	7817	1	FALSE	ORF1ab:cds-YP_009724389.1	CAA	Q	CAC	H	1799
NC_045512.2	5662	A	C	7813	7157	39	2	2	25	0.000255853	7817	1	FALSE	ORF1ab:cds-YP_009725295.1	CAA	Q	CAC	H	1799
NC_045512.2	5663	C	T	8099	7446	39	2	1	42	0.000246883	8101	0.250015	FALSE	ORF1ab:cds-YP_009724389.1	CAG	Q	TAG	*	1800
NC_045512.2	5663	C	T	8099	7446	39	2	1	42	0.000246883	8101	0.250015	FALSE	ORF1ab:cds-YP_009725295.1	CAG	Q	TAG	*	1800
NC_045512.2	5664	A	T	7966	7320	39	1	0	37	0.000125486	7969	0.996099	FALSE	ORF1ab:cds-YP_009724389.1	CAG	Q	CTG	L	1800
NC_045512.2	5664	A	T	7966	7320	39	1	0	37	0.000125486	7969	0.996099	FALSE	ORF1ab:cds-YP_009725295.1	CAG	Q	CTG	L	1800
NC_045512.2	5664	A	G	7966	7320	39	2	1	55	0.000250973	7969	0.249984	FALSE	ORF1ab:cds-YP_009724389.1	CAG	Q	CGG	R	1800
NC_045512.2	5664	A	G	7966	7320	39	2	1	55	0.000250973	7969	0.249984	FALSE	ORF1ab:cds-YP_009725295.1	CAG	Q	CGG	R	1800
NC_045512.2	5665	G	A	7899	7266	39	2	2	55	0.000253133	7901	0.250016	FALSE	ORF1ab:cds-YP_009724389.1	CAG	Q	CAA	Q	1800
NC_045512.2	5665	G	A	7899	7266	39	2	2	55	0.000253133	7901	0.250016	FALSE	ORF1ab:cds-YP_009725295.1	CAG	Q	CAA	Q	1800
NC_045512.2	5666	G	T	7667	7078	39	1	1	25	0.000130395	7669	1	FALSE	ORF1ab:cds-YP_009724389.1	GAG	E	TAG	*	1801
NC_045512.2	5666	G	T	7667	7078	39	1	1	25	0.000130395	7669	1	FALSE	ORF1ab:cds-YP_009725295.1	GAG	E	TAG	*	1801
NC_045512.2	5666	G	A	7667	7078	39	1	1	37	0.000130395	7669	0.996101	FALSE	ORF1ab:cds-YP_009724389.1	GAG	E	AAG	K	1801
NC_045512.2	5666	G	A	7667	7078	39	1	1	37	0.000130395	7669	0.996101	FALSE	ORF1ab:cds-YP_009725295.1	GAG	E	AAG	K	1801
NC_045512.2	5667	A	G	7649	7085	39	1	1	37	0.000130702	7651	0.996101	FALSE	ORF1ab:cds-YP_009724389.1	GAG	E	GGG	G	1801
NC_045512.2	5667	A	G	7649	7085	39	1	1	37	0.000130702	7651	0.996101	FALSE	ORF1ab:cds-YP_009725295.1	GAG	E	GGG	G	1801
NC_045512.2	5667	A	C	7649	7085	39	1	0	37	0.000130702	7651	0.996101	FALSE	ORF1ab:cds-YP_009724389.1	GAG	E	GCG	A	1801
NC_045512.2	5667	A	C	7649	7085	39	1	0	37	0.000130702	7651	0.996101	FALSE	ORF1ab:cds-YP_009725295.1	GAG	E	GCG	A	1801
NC_045512.2	5669	T	C	7099	6750	38	2	2	37	0.00028165	7101	0.980508	FALSE	ORF1ab:cds-YP_009724389.1	TCA	S	CCA	P	1802
NC_045512.2	5669	T	C	7099	6750	38	2	2	37	0.00028165	7101	0.980508	FALSE	ORF1ab:cds-YP_009725295.1	TCA	S	CCA	P	1802
NC_045512.2	5670	C	T	7216	6868	38	1	1	37	0.000138562	7217	0.996103	FALSE	ORF1ab:cds-YP_009724389.1	TCA	S	TTA	L	1802
NC_045512.2	5670	C	T	7216	6868	38	1	1	37	0.000138562	7217	0.996103	FALSE	ORF1ab:cds-YP_009725295.1	TCA	S	TTA	L	1802
NC_045512.2	5672	C	T	7110	6792	37	1	1	37	0.000140627	7111	0.996104	FALSE	ORF1ab:cds-YP_009724389.1	CCT	P	TCT	S	1803
NC_045512.2	5672	C	T	7110	6792	37	1	1	37	0.000140627	7111	0.996104	FALSE	ORF1ab:cds-YP_009725295.1	CCT	P	TCT	S	1803
NC_045512.2	5673	C	T	7112	6834	37	2	2	37	0.000281136	7114	0.980508	FALSE	ORF1ab:cds-YP_009724389.1	CCT	P	CTT	L	1803
NC_045512.2	5673	C	T	7112	6834	37	2	2	37	0.000281136	7114	0.980508	FALSE	ORF1ab:cds-YP_009725295.1	CCT	P	CTT	L	1803
NC_045512.2	5673	C	-T	7112	6834	37	8	0	20	0.00112454	7114	1	FALSE	NA	NA	NA	NA	NA	NA
NC_045512.2	5674	T	C	6940	6663	37	3	3	49	0.00043209	6943	0.124784	FALSE	ORF1ab:cds-YP_009724389.1	CCT	P	CCC	P	1803
NC_045512.2	5674	T	C	6940	6663	37	3	3	49	0.00043209	6943	0.124784	FALSE	ORF1ab:cds-YP_009725295.1	CCT	P	CCC	P	1803
NC_045512.2	5675	T	C	7008	6737	37	1	1	25	0.000142674	7009	1	FALSE	ORF1ab:cds-YP_009724389.1	TTT	F	CTT	L	1804
NC_045512.2	5675	T	C	7008	6737	37	1	1	25	0.000142674	7009	1	FALSE	ORF1ab:cds-YP_009725295.1	TTT	F	CTT	L	1804
NC_045512.2	5676	T	C	6962	6706	37	1	1	25	0.000143616	6963	1	FALSE	ORF1ab:cds-YP_009724389.1	TTT	F	TCT	S	1804
NC_045512.2	5676	T	C	6962	6706	37	1	1	25	0.000143616	6963	1	FALSE	ORF1ab:cds-YP_009725295.1	TTT	F	TCT	S	1804
NC_045512.2	5677	T	C	6943	6685	37	2	1	37	0.000287936	6946	0.964883	FALSE	ORF1ab:cds-YP_009724389.1	TTT	F	TTC	F	1804
NC_045512.2	5677	T	C	6943	6685	37	2	1	37	0.000287936	6946	0.964883	FALSE	ORF1ab:cds-YP_009725295.1	TTT	F	TTC	F	1804
NC_045512.2	5677	T	A	6943	6685	37	1	1	25	0.000143968	6946	1	FALSE	ORF1ab:cds-YP_009724389.1	TTT	F	TTA	L	1804
NC_045512.2	5677	T	A	6943	6685	37	1	1	25	0.000143968	6946	1	FALSE	ORF1ab:cds-YP_009725295.1	TTT	F	TTA	L	1804
NC_045512.2	5679	T	C	6883	6651	37	1	1	37	0.000145264	6884	0.992203	FALSE	ORF1ab:cds-YP_009724389.1	GTT	V	GCT	A	1805
NC_045512.2	5679	T	C	6883	6651	37	1	1	37	0.000145264	6884	0.992203	FALSE	ORF1ab:cds-YP_009725295.1	GTT	V	GCT	A	1805
NC_045512.2	5680	T	G	6923	6691	37	1	0	25	0.000144404	6925	1	FALSE	ORF1ab:cds-YP_009724389.1	GTT	V	GTG	V	1805
NC_045512.2	5680	T	G	6923	6691	37	1	0	25	0.000144404	6925	1	FALSE	ORF1ab:cds-YP_009725295.1	GTT	V	GTG	V	1805
NC_045512.2	5680	T	C	6923	6691	37	1	1	37	0.000144404	6925	0.992199	FALSE	ORF1ab:cds-YP_009724389.1	GTT	V	GTC	V	1805
NC_045512.2	5680	T	C	6923	6691	37	1	1	37	0.000144404	6925	0.992199	FALSE	ORF1ab:cds-YP_009725295.1	GTT	V	GTC	V	1805
NC_045512.2	5681	A	T	6816	6586	37	2	1	37	0.000293341	6818	0.9649	FALSE	ORF1ab:cds-YP_009724389.1	ATG	M	TTG	L	1806
NC_045512.2	5681	A	T	6816	6586	37	2	1	37	0.000293341	6818	0.9649	FALSE	ORF1ab:cds-YP_009725295.1	ATG	M	TTG	L	1806
NC_045512.2	5682	T	A	6793	6562	37	1	1	25	0.000147189	6794	1	FALSE	ORF1ab:cds-YP_009724389.1	ATG	M	AAG	K	1806
NC_045512.2	5682	T	A	6793	6562	37	1	1	25	0.000147189	6794	1	FALSE	ORF1ab:cds-YP_009725295.1	ATG	M	AAG	K	1806
NC_045512.2	5683	G	A	6833	6602	37	2	2	37	0.000292612	6835	0.9649	FALSE	ORF1ab:cds-YP_009724389.1	ATG	M	ATA	I	1806
NC_045512.2	5683	G	A	6833	6602	37	2	2	37	0.000292612	6835	0.9649	FALSE	ORF1ab:cds-YP_009725295.1	ATG	M	ATA	I	1806
NC_045512.2	5684	A	G	6612	6392	37	2	2	31	0.000302297	6616	0.964869	FALSE	ORF1ab:cds-YP_009724389.1	ATG	M	GTG	V	1807
NC_045512.2	5684	A	G	6612	6392	37	2	2	31	0.000302297	6616	0.964869	FALSE	ORF1ab:cds-YP_009725295.1	ATG	M	GTG	V	1807
NC_045512.2	5684	A	C	6612	6392	37	2	2	25	0.000302297	6616	1	FALSE	ORF1ab:cds-YP_009724389.1	ATG	M	CTG	L	1807
NC_045512.2	5684	A	C	6612	6392	37	2	2	25	0.000302297	6616	1	FALSE	ORF1ab:cds-YP_009725295.1	ATG	M	CTG	L	1807
NC_045512.2	5685	T	G	6605	6388	37	2	2	25	0.000302663	6608	1	FALSE	ORF1ab:cds-YP_009724389.1	ATG	M	AGG	R	1807
NC_045512.2	5685	T	G	6605	6388	37	2	2	25	0.000302663	6608	1	FALSE	ORF1ab:cds-YP_009725295.1	ATG	M	AGG	R	1807
NC_045512.2	5685	T	C	6605	6388	37	1	1	37	0.000151332	6608	0.992196	FALSE	ORF1ab:cds-YP_009724389.1	ATG	M	ACG	T	1807
NC_045512.2	5685	T	C	6605	6388	37	1	1	37	0.000151332	6608	0.992196	FALSE	ORF1ab:cds-YP_009725295.1	ATG	M	ACG	T	1807
NC_045512.2	5687	T	A	6290	6074	37	1	1	25	0.000158957	6291	1	FALSE	ORF1ab:cds-YP_009724389.1	TCA	S	ACA	T	1808
NC_045512.2	5687	T	A	6290	6074	37	1	1	25	0.000158957	6291	1	FALSE	ORF1ab:cds-YP_009725295.1	TCA	S	ACA	T	1808
NC_045512.2	5688	C	T	6367	6154	37	5	5	37	0.00078456	6373	0.725674	FALSE	ORF1ab:cds-YP_009724389.1	TCA	S	TTA	L	1808
NC_045512.2	5688	C	T	6367	6154	37	5	5	37	0.00078456	6373	0.725674	FALSE	ORF1ab:cds-YP_009725295.1	TCA	S	TTA	L	1808
NC_045512.2	5688	C	A	6367	6154	37	1	1	37	0.000156912	6373	0.992183	FALSE	ORF1ab:cds-YP_009724389.1	TCA	S	TAA	*	1808
NC_045512.2	5688	C	A	6367	6154	37	1	1	37	0.000156912	6373	0.992183	FALSE	ORF1ab:cds-YP_009725295.1	TCA	S	TAA	*	1808
NC_045512.2	5689	A	T	6329	6116	37	1	1	37	0.000157953	6331	0.9922	FALSE	ORF1ab:cds-YP_009724389.1	TCA	S	TCT	S	1808
NC_045512.2	5689	A	T	6329	6116	37	1	1	37	0.000157953	6331	0.9922	FALSE	ORF1ab:cds-YP_009725295.1	TCA	S	TCT	S	1808
NC_045512.2	5689	A	G	6329	6116	37	1	1	37	0.000157953	6331	0.9922	FALSE	ORF1ab:cds-YP_009724389.1	TCA	S	TCG	S	1808
NC_045512.2	5689	A	G	6329	6116	37	1	1	37	0.000157953	6331	0.9922	FALSE	ORF1ab:cds-YP_009725295.1	TCA	S	TCG	S	1808
NC_045512.2	5690	G	A	6197	6016	37	6	4	45	0.000967274	6203	0.0156137	FALSE	ORF1ab:cds-YP_009724389.1	GCA	A	ACA	T	1809
NC_045512.2	5690	G	A	6197	6016	37	6	4	45	0.000967274	6203	0.0156137	FALSE	ORF1ab:cds-YP_009725295.1	GCA	A	ACA	T	1809
NC_045512.2	5691	C	T	6339	6158	37	6	6	37	0.000945626	6345	0.612953	FALSE	ORF1ab:cds-YP_009724389.1	GCA	A	GTA	V	1809
NC_045512.2	5691	C	T	6339	6158	37	6	6	37	0.000945626	6345	0.612953	FALSE	ORF1ab:cds-YP_009725295.1	GCA	A	GTA	V	1809
NC_045512.2	5693	C	T	6258	6076	37	1	1	37	0.00015977	6259	0.992205	FALSE	ORF1ab:cds-YP_009724389.1	CCA	P	TCA	S	1810
NC_045512.2	5693	C	T	6258	6076	37	1	1	37	0.00015977	6259	0.992205	FALSE	ORF1ab:cds-YP_009725295.1	CCA	P	TCA	S	1810
NC_045512.2	5695	A	C	5821	5642	37	1	1	25	0.000171762	5822	1	FALSE	ORF1ab:cds-YP_009724389.1	CCA	P	CCC	P	1810
NC_045512.2	5695	A	C	5821	5642	37	1	1	25	0.000171762	5822	1	FALSE	ORF1ab:cds-YP_009725295.1	CCA	P	CCC	P	1810
NC_045512.2	5696	C	T	5927	5748	37	1	1	74	0.000168663	5929	0.5	FALSE	ORF1ab:cds-YP_009724389.1	CCT	P	TCT	S	1811
NC_045512.2	5696	C	T	5927	5748	37	1	1	74	0.000168663	5929	0.5	FALSE	ORF1ab:cds-YP_009725295.1	CCT	P	TCT	S	1811
NC_045512.2	5696	C	G	5927	5748	37	1	1	25	0.000168663	5929	1	FALSE	ORF1ab:cds-YP_009724389.1	CCT	P	GCT	A	1811
NC_045512.2	5696	C	G	5927	5748	37	1	1	25	0.000168663	5929	1	FALSE	ORF1ab:cds-YP_009725295.1	CCT	P	GCT	A	1811
NC_045512.2	5697	C	A	5888	5710	37	2	2	31	0.000339559	5890	0.937584	FALSE	ORF1ab:cds-YP_009724389.1	CCT	P	CAT	H	1811
NC_045512.2	5697	C	A	5888	5710	37	2	2	31	0.000339559	5890	0.937584	FALSE	ORF1ab:cds-YP_009725295.1	CCT	P	CAT	H	1811
NC_045512.2	5698	T	C	5710	5536	37	1	1	37	0.000175101	5711	0.984404	FALSE	ORF1ab:cds-YP_009724389.1	CCT	P	CCC	P	1811
NC_045512.2	5698	T	C	5710	5536	37	1	1	37	0.000175101	5711	0.984404	FALSE	ORF1ab:cds-YP_009725295.1	CCT	P	CCC	P	1811
NC_045512.2	5699	G	A	5725	5551	37	18	18	35	0.00313425	5743	0.00527961	TRUE	ORF1ab:cds-YP_009724389.1	GCT	A	ACT	T	1812
NC_045512.2	5699	G	A	5725	5551	37	18	18	35	0.00313425	5743	0.00527961	TRUE	ORF1ab:cds-YP_009725295.1	GCT	A	ACT	T	1812
NC_045512.2	5700	C	T	5748	5588	37	2	2	37	0.000347826	5750	0.937586	FALSE	ORF1ab:cds-YP_009724389.1	GCT	A	GTT	V	1812
NC_045512.2	5700	C	T	5748	5588	37	2	2	37	0.000347826	5750	0.937586	FALSE	ORF1ab:cds-YP_009725295.1	GCT	A	GTT	V	1812
NC_045512.2	5701	T	A	5735	5541	37	1	1	37	0.000174338	5736	0.984404	FALSE	ORF1ab:cds-YP_009724389.1	GCT	A	GCA	A	1812
NC_045512.2	5701	T	A	5735	5541	37	1	1	37	0.000174338	5736	0.984404	FALSE	ORF1ab:cds-YP_009725295.1	GCT	A	GCA	A	1812
NC_045512.2	5703	A	G	5331	5147	37	4	4	37	0.000749625	5336	0.746186	FALSE	ORF1ab:cds-YP_009724389.1	CAG	Q	CGG	R	1813
NC_045512.2	5703	A	G	5331	5147	37	4	4	37	0.000749625	5336	0.746186	FALSE	ORF1ab:cds-YP_009725295.1	CAG	Q	CGG	R	1813
NC_045512.2	5703	A	C	5331	5147	37	1	1	25	0.000187406	5336	1	FALSE	ORF1ab:cds-YP_009724389.1	CAG	Q	CCG	P	1813
NC_045512.2	5703	A	C	5331	5147	37	1	1	25	0.000187406	5336	1	FALSE	ORF1ab:cds-YP_009725295.1	CAG	Q	CCG	P	1813
NC_045512.2	5706	A	G	5140	4946	36	3	3	37	0.000583317	5143	0.855628	FALSE	ORF1ab:cds-YP_009724389.1	TAT	Y	TGT	C	1814
NC_045512.2	5706	A	G	5140	4946	36	3	3	37	0.000583317	5143	0.855628	FALSE	ORF1ab:cds-YP_009725295.1	TAT	Y	TGT	C	1814
NC_045512.2	5707	T	C	5172	4967	36	1	1	37	0.000193311	5173	0.984407	FALSE	ORF1ab:cds-YP_009724389.1	TAT	Y	TAC	Y	1814
NC_045512.2	5707	T	C	5172	4967	36	1	1	37	0.000193311	5173	0.984407	FALSE	ORF1ab:cds-YP_009725295.1	TAT	Y	TAC	Y	1814
NC_045512.2	5709	A	T	4883	4691	36	1	0	25	0.000204708	4885	1	FALSE	ORF1ab:cds-YP_009724389.1	GAA	E	GTA	V	1815
NC_045512.2	5709	A	T	4883	4691	36	1	0	25	0.000204708	4885	1	FALSE	ORF1ab:cds-YP_009725295.1	GAA	E	GTA	V	1815
NC_045512.2	5709	A	C	4883	4691	36	1	0	37	0.000204708	4885	0.968782	FALSE	ORF1ab:cds-YP_009724389.1	GAA	E	GCA	A	1815
NC_045512.2	5709	A	C	4883	4691	36	1	0	37	0.000204708	4885	0.968782	FALSE	ORF1ab:cds-YP_009725295.1	GAA	E	GCA	A	1815
NC_045512.2	5710	A	G	4737	4550	36	1	1	25	0.00021106	4738	1	FALSE	ORF1ab:cds-YP_009724389.1	GAA	E	GAG	E	1815
NC_045512.2	5710	A	G	4737	4550	36	1	1	25	0.00021106	4738	1	FALSE	ORF1ab:cds-YP_009725295.1	GAA	E	GAG	E	1815
NC_045512.2	5711	C	T	4937	4751	37	1	1	25	0.000202511	4938	1	FALSE	ORF1ab:cds-YP_009724389.1	CTT	L	TTT	F	1816
NC_045512.2	5711	C	T	4937	4751	37	1	1	25	0.000202511	4938	1	FALSE	ORF1ab:cds-YP_009725295.1	CTT	L	TTT	F	1816
NC_045512.2	5712	T	C	4248	4064	37	1	1	37	0.000235349	4249	0.968805	FALSE	ORF1ab:cds-YP_009724389.1	CTT	L	CCT	P	1816
NC_045512.2	5712	T	C	4248	4064	37	1	1	37	0.000235349	4249	0.968805	FALSE	ORF1ab:cds-YP_009725295.1	CTT	L	CCT	P	1816
NC_045512.2	5720	G	A	35	2	36	52	6	37	0.597701	87	4.4711e-21	TRUE	ORF1ab:cds-YP_009724389.1	GGT	G	AGT	S	1819
NC_045512.2	5720	G	A	35	2	36	52	6	37	0.597701	87	4.4711e-21	TRUE	ORF1ab:cds-YP_009725295.1	GGT	G	AGT	S	1819
NC_045512.2	5765	G	A	152	23	39	1	0	37	0.00653595	153	0.501639	FALSE	ORF1ab:cds-YP_009724389.1	GGT	G	AGT	S	1834
NC_045512.2	5765	G	A	152	23	39	1	0	37	0.00653595	153	0.501639	FALSE	ORF1ab:cds-YP_009725295.1	GGT	G	AGT	S	1834
NC_045512.2	5766	G	C	156	23	38	1	0	37	0.00636943	157	0.501597	FALSE	ORF1ab:cds-YP_009724389.1	GGT	G	GCT	A	1834
NC_045512.2	5766	G	C	156	23	38	1	0	37	0.00636943	157	0.501597	FALSE	ORF1ab:cds-YP_009725295.1	GGT	G	GCT	A	1834
NC_045512.2	5769	A	G	151	26	39	1	0	37	0.00657895	152	0.50165	FALSE	ORF1ab:cds-YP_009724389.1	CAC	H	CGC	R	1835
NC_045512.2	5769	A	G	151	26	39	1	0	37	0.00657895	152	0.50165	FALSE	ORF1ab:cds-YP_009725295.1	CAC	H	CGC	R	1835
NC_045512.2	5785	T	C	184	31	38	1	1	37	0.00540541	185	0.501355	FALSE	ORF1ab:cds-YP_009724389.1	ACT	T	ACC	T	1840
NC_045512.2	5785	T	C	184	31	38	1	1	37	0.00540541	185	0.501355	FALSE	ORF1ab:cds-YP_009725295.1	ACT	T	ACC	T	1840
NC_045512.2	5857	G	T	132	67	38	1	0	37	0.0075188	133	0.501887	FALSE	ORF1ab:cds-YP_009724389.1	ACG	T	ACT	T	1864
NC_045512.2	5857	G	T	132	67	38	1	0	37	0.0075188	133	0.501887	FALSE	ORF1ab:cds-YP_009725295.1	ACG	T	ACT	T	1864
NC_045512.2	5858	G	A	138	71	38	1	0	37	0.00719424	139	0.501805	FALSE	ORF1ab:cds-YP_009724389.1	GAT	D	AAT	N	1865
NC_045512.2	5858	G	A	138	71	38	1	0	37	0.00719424	139	0.501805	FALSE	ORF1ab:cds-YP_009725295.1	GAT	D	AAT	N	1865
NC_045512.2	5866	C	T	133	71	38	1	1	37	0.00746269	134	0.501873	FALSE	ORF1ab:cds-YP_009724389.1	TTC	F	TTT	F	1867
NC_045512.2	5866	C	T	133	71	38	1	1	37	0.00746269	134	0.501873	FALSE	ORF1ab:cds-YP_009725295.1	TTC	F	TTT	F	1867
NC_045512.2	5870	A	G	132	72	38	1	1	37	0.0075188	133	0.501887	FALSE	ORF1ab:cds-YP_009724389.1	AAA	K	GAA	E	1869
NC_045512.2	5870	A	G	132	72	38	1	1	37	0.0075188	133	0.501887	FALSE	ORF1ab:cds-YP_009725295.1	AAA	K	GAA	E	1869
NC_045512.2	5895	T	G	106	65	37	1	1	25	0.00934579	107	0.753521	FALSE	ORF1ab:cds-YP_009724389.1	ATA	I	AGA	R	1877
NC_045512.2	5895	T	G	106	65	37	1	1	25	0.00934579	107	0.753521	FALSE	ORF1ab:cds-YP_009725295.1	ATA	I	AGA	R	1877
NC_045512.2	5899	A	C	104	68	37	1	1	37	0.00952381	105	0.502392	FALSE	ORF1ab:cds-YP_009724389.1	AAA	K	AAC	N	1878
NC_045512.2	5899	A	C	104	68	37	1	1	37	0.00952381	105	0.502392	FALSE	ORF1ab:cds-YP_009725295.1	AAA	K	AAC	N	1878
NC_045512.2	5964	A	C	122	106	37	1	1	25	0.00813008	123	0.753061	FALSE	ORF1ab:cds-YP_009724389.1	TAT	Y	TCT	S	1900
NC_045512.2	5964	A	C	122	106	37	1	1	25	0.00813008	123	0.753061	FALSE	ORF1ab:cds-YP_009725295.1	TAT	Y	TCT	S	1900
NC_045512.2	5976	A	G	109	95	36	1	1	37	0.00909091	110	0.502283	FALSE	ORF1ab:cds-YP_009724389.1	AAT	N	AGT	S	1904
NC_045512.2	5976	A	G	109	95	36	1	1	37	0.00909091	110	0.502283	FALSE	ORF1ab:cds-YP_009725295.1	AAT	N	AGT	S	1904
NC_045512.2	5986	C	T	34	30	37	71	66	37	0.67619	105	5.02834e-30	TRUE	ORF1ab:cds-YP_009724389.1	TTC	F	TTT	F	1907
NC_045512.2	5986	C	T	34	30	37	71	66	37	0.67619	105	5.02834e-30	TRUE	ORF1ab:cds-YP_009725295.1	TTC	F	TTT	F	1907
NC_045512.2	5998	A	G	95	87	36	1	0	37	0.0104167	96	0.502618	FALSE	ORF1ab:cds-YP_009724389.1	CCA	P	CCG	P	1911
NC_045512.2	5998	A	G	95	87	36	1	0	37	0.0104167	96	0.502618	FALSE	ORF1ab:cds-YP_009725295.1	CCA	P	CCG	P	1911
NC_045512.2	6020	C	G	39	33	36	1	1	25	0.025	40	0.506329	FALSE	ORF1ab:cds-YP_009724389.1	CCA	P	GCA	A	1919
NC_045512.2	6020	C	G	39	33	36	1	1	25	0.025	40	0.506329	FALSE	ORF1ab:cds-YP_009725295.1	CCA	P	GCA	A	1919
NC_045512.2	6242	C	T	5579	66	36	8	0	37	0.0014319	5587	0.290527	FALSE	ORF1ab:cds-YP_009724389.1	CAT	H	TAT	Y	1993
NC_045512.2	6242	C	T	5579	66	36	8	0	37	0.0014319	5587	0.290527	FALSE	ORF1ab:cds-YP_009725295.1	CAT	H	TAT	Y	1993
NC_045512.2	6243	A	G	5463	66	35	1	0	37	0.000183016	5464	0.984405	FALSE	ORF1ab:cds-YP_009724389.1	CAT	H	CGT	R	1993
NC_045512.2	6243	A	G	5463	66	35	1	0	37	0.000183016	5464	0.984405	FALSE	ORF1ab:cds-YP_009725295.1	CAT	H	CGT	R	1993
NC_045512.2	6244	T	A	5771	77	36	1	0	25	0.00017325	5772	1	FALSE	ORF1ab:cds-YP_009724389.1	CAT	H	CAA	Q	1993
NC_045512.2	6244	T	A	5771	77	36	1	0	25	0.00017325	5772	1	FALSE	ORF1ab:cds-YP_009725295.1	CAT	H	CAA	Q	1993
NC_045512.2	6245	G	A	5819	81	36	2	0	31	0.000343584	5821	0.937585	FALSE	ORF1ab:cds-YP_009724389.1	GTT	V	ATT	I	1994
NC_045512.2	6245	G	A	5819	81	36	2	0	31	0.000343584	5821	0.937585	FALSE	ORF1ab:cds-YP_009725295.1	GTT	V	ATT	I	1994
NC_045512.2	6246	T	G	4898	71	35	3	0	25	0.000542397	5531	1	FALSE	ORF1ab:cds-YP_009724389.1	GTT	V	GGT	G	1994
NC_045512.2	6246	T	G	4898	71	35	3	0	25	0.000542397	5531	1	FALSE	ORF1ab:cds-YP_009725295.1	GTT	V	GGT	G	1994
NC_045512.2	6246	T	C	4898	71	35	629	9	35	0.113723	5531	7.81702e-188	TRUE	ORF1ab:cds-YP_009724389.1	GTT	V	GCT	A	1994
NC_045512.2	6246	T	C	4898	71	35	629	9	35	0.113723	5531	7.81702e-188	TRUE	ORF1ab:cds-YP_009725295.1	GTT	V	GCT	A	1994
NC_045512.2	6246	T	A	4898	71	35	1	0	37	0.000180799	5531	0.977801	FALSE	ORF1ab:cds-YP_009724389.1	GTT	V	GAT	D	1994
NC_045512.2	6246	T	A	4898	71	35	1	0	37	0.000180799	5531	0.977801	FALSE	ORF1ab:cds-YP_009725295.1	GTT	V	GAT	D	1994
NC_045512.2	6249	A	T	5923	90	36	1	0	25	0.000168776	5925	1	FALSE	ORF1ab:cds-YP_009724389.1	AAC	N	ATC	I	1995
NC_045512.2	6249	A	T	5923	90	36	1	0	25	0.000168776	5925	1	FALSE	ORF1ab:cds-YP_009725295.1	AAC	N	ATC	I	1995
NC_045512.2	6249	A	G	5923	90	36	1	0	37	0.000168776	5925	0.984395	FALSE	ORF1ab:cds-YP_009724389.1	AAC	N	AGC	S	1995
NC_045512.2	6249	A	G	5923	90	36	1	0	37	0.000168776	5925	0.984395	FALSE	ORF1ab:cds-YP_009725295.1	AAC	N	AGC	S	1995
NC_045512.2	6250	C	T	6104	97	36	4	0	37	0.000654879	6108	0.828293	FALSE	ORF1ab:cds-YP_009724389.1	AAC	N	AAT	N	1995
NC_045512.2	6250	C	T	6104	97	36	4	0	37	0.000654879	6108	0.828293	FALSE	ORF1ab:cds-YP_009725295.1	AAC	N	AAT	N	1995
NC_045512.2	6253	T	A	6227	181	37	2	0	31	0.000321079	6229	0.964905	FALSE	ORF1ab:cds-YP_009724389.1	AAT	N	AAA	K	1996
NC_045512.2	6253	T	A	6227	181	37	2	0	31	0.000321079	6229	0.964905	FALSE	ORF1ab:cds-YP_009725295.1	AAT	N	AAA	K	1996
NC_045512.2	6254	G	C	6268	225	37	1	0	37	0.000159312	6277	0.99217	FALSE	ORF1ab:cds-YP_009724389.1	GCA	A	CCA	P	1997
NC_045512.2	6254	G	C	6268	225	37	1	0	37	0.000159312	6277	0.99217	FALSE	ORF1ab:cds-YP_009725295.1	GCA	A	CCA	P	1997
NC_045512.2	6254	G	A	6268	225	37	8	0	37	0.00127449	6277	0.395205	FALSE	ORF1ab:cds-YP_009724389.1	GCA	A	ACA	T	1997
NC_045512.2	6254	G	A	6268	225	37	8	0	37	0.00127449	6277	0.395205	FALSE	ORF1ab:cds-YP_009725295.1	GCA	A	ACA	T	1997
NC_045512.2	6255	C	T	6198	237	36	6	1	35	0.000967118	6204	0.612957	FALSE	ORF1ab:cds-YP_009724389.1	GCA	A	GTA	V	1997
NC_045512.2	6255	C	T	6198	237	36	6	1	35	0.000967118	6204	0.612957	FALSE	ORF1ab:cds-YP_009725295.1	GCA	A	GTA	V	1997
NC_045512.2	6256	A	C	6208	243	36	3	0	33	0.000483014	6211	0.910275	FALSE	ORF1ab:cds-YP_009724389.1	GCA	A	GCC	A	1997
NC_045512.2	6256	A	C	6208	243	36	3	0	33	0.000483014	6211	0.910275	FALSE	ORF1ab:cds-YP_009725295.1	GCA	A	GCC	A	1997
NC_045512.2	6257	A	G	6061	245	36	2	1	55	0.000329761	6065	0.249938	FALSE	ORF1ab:cds-YP_009724389.1	ACT	T	GCT	A	1998
NC_045512.2	6257	A	G	6061	245	36	2	1	55	0.000329761	6065	0.249938	FALSE	ORF1ab:cds-YP_009725295.1	ACT	T	GCT	A	1998
NC_045512.2	6257	A	C	6061	245	36	2	0	25	0.000329761	6065	1	FALSE	ORF1ab:cds-YP_009724389.1	ACT	T	CCT	P	1998
NC_045512.2	6257	A	C	6061	245	36	2	0	25	0.000329761	6065	1	FALSE	ORF1ab:cds-YP_009725295.1	ACT	T	CCT	P	1998
NC_045512.2	6258	C	G	6343	273	37	1	0	37	0.000157629	6344	0.992205	FALSE	ORF1ab:cds-YP_009724389.1	ACT	T	AGT	S	1998
NC_045512.2	6258	C	G	6343	273	37	1	0	37	0.000157629	6344	0.992205	FALSE	ORF1ab:cds-YP_009725295.1	ACT	T	AGT	S	1998
NC_045512.2	6259	T	G	6643	320	37	1	1	37	0.000150444	6647	0.992192	FALSE	ORF1ab:cds-YP_009724389.1	ACT	T	ACG	T	1998
NC_045512.2	6259	T	G	6643	320	37	1	1	37	0.000150444	6647	0.992192	FALSE	ORF1ab:cds-YP_009725295.1	ACT	T	ACG	T	1998
NC_045512.2	6259	T	C	6643	320	37	2	0	37	0.000300888	6647	0.964868	FALSE	ORF1ab:cds-YP_009724389.1	ACT	T	ACC	T	1998
NC_045512.2	6259	T	C	6643	320	37	2	0	37	0.000300888	6647	0.964868	FALSE	ORF1ab:cds-YP_009725295.1	ACT	T	ACC	T	1998
NC_045512.2	6259	T	A	6643	320	37	1	0	37	0.000150444	6647	0.992192	FALSE	ORF1ab:cds-YP_009724389.1	ACT	T	ACA	T	1998
NC_045512.2	6259	T	A	6643	320	37	1	0	37	0.000150444	6647	0.992192	FALSE	ORF1ab:cds-YP_009725295.1	ACT	T	ACA	T	1998
NC_045512.2	6261	A	G	7112	361	37	1	0	37	0.000140588	7113	0.996104	FALSE	ORF1ab:cds-YP_009724389.1	AAT	N	AGT	S	1999
NC_045512.2	6261	A	G	7112	361	37	1	0	37	0.000140588	7113	0.996104	FALSE	ORF1ab:cds-YP_009725295.1	AAT	N	AGT	S	1999
NC_045512.2	6262	T	C	7116	366	37	2	0	37	0.000280938	7119	0.980498	FALSE	ORF1ab:cds-YP_009724389.1	AAT	N	AAC	N	1999
NC_045512.2	6262	T	C	7116	366	37	2	0	37	0.000280938	7119	0.980498	FALSE	ORF1ab:cds-YP_009725295.1	AAT	N	AAC	N	1999
NC_045512.2	6262	T	A	7116	366	37	1	0	62	0.000140469	7119	0.499965	FALSE	ORF1ab:cds-YP_009724389.1	AAT	N	AAA	K	1999
NC_045512.2	6262	T	A	7116	366	37	1	0	62	0.000140469	7119	0.499965	FALSE	ORF1ab:cds-YP_009725295.1	AAT	N	AAA	K	1999
NC_045512.2	6263	A	T	7142	366	38	1	0	74	0.000139978	7144	0.5	FALSE	ORF1ab:cds-YP_009724389.1	AAA	K	TAA	*	2000
NC_045512.2	6263	A	T	7142	366	38	1	0	74	0.000139978	7144	0.5	FALSE	ORF1ab:cds-YP_009725295.1	AAA	K	TAA	*	2000
NC_045512.2	6263	A	G	7142	366	38	1	0	37	0.000139978	7144	0.996101	FALSE	ORF1ab:cds-YP_009724389.1	AAA	K	GAA	E	2000
NC_045512.2	6263	A	G	7142	366	38	1	0	37	0.000139978	7144	0.996101	FALSE	ORF1ab:cds-YP_009725295.1	AAA	K	GAA	E	2000
NC_045512.2	6264	A	G	7139	355	37	1	0	37	0.000140056	7140	0.996104	FALSE	ORF1ab:cds-YP_009724389.1	AAA	K	AGA	R	2000
NC_045512.2	6264	A	G	7139	355	37	1	0	37	0.000140056	7140	0.996104	FALSE	ORF1ab:cds-YP_009725295.1	AAA	K	AGA	R	2000
NC_045512.2	6265	A	G	7012	367	37	2	0	37	0.000285144	7014	0.980509	FALSE	ORF1ab:cds-YP_009724389.1	AAA	K	AAG	K	2000
NC_045512.2	6265	A	G	7012	367	37	2	0	37	0.000285144	7014	0.980509	FALSE	ORF1ab:cds-YP_009725295.1	AAA	K	AAG	K	2000
NC_045512.2	6266	G	A	7415	378	37	4	0	37	0.000539156	7419	0.886849	FALSE	ORF1ab:cds-YP_009724389.1	GCC	A	ACC	T	2001
NC_045512.2	6266	G	A	7415	378	37	4	0	37	0.000539156	7419	0.886849	FALSE	ORF1ab:cds-YP_009725295.1	GCC	A	ACC	T	2001
NC_045512.2	6267	C	T	7504	392	37	10	1	35	0.00133085	7514	0.314529	FALSE	ORF1ab:cds-YP_009724389.1	GCC	A	GTC	V	2001
NC_045512.2	6267	C	T	7504	392	37	10	1	35	0.00133085	7514	0.314529	FALSE	ORF1ab:cds-YP_009725295.1	GCC	A	GTC	V	2001
NC_045512.2	6269	A	G	7531	416	37	1	1	37	0.000132767	7532	0.996103	FALSE	ORF1ab:cds-YP_009724389.1	ACG	T	GCG	A	2002
NC_045512.2	6269	A	G	7531	416	37	1	1	37	0.000132767	7532	0.996103	FALSE	ORF1ab:cds-YP_009725295.1	ACG	T	GCG	A	2002
NC_045512.2	6270	C	T	8391	427	37	7	2	37	0.000833333	8400	0.696381	FALSE	ORF1ab:cds-YP_009724389.1	ACG	T	ATG	M	2002
NC_045512.2	6270	C	T	8391	427	37	7	2	37	0.000833333	8400	0.696381	FALSE	ORF1ab:cds-YP_009725295.1	ACG	T	ATG	M	2002
NC_045512.2	6270	C	G	8391	427	37	1	1	37	0.000119048	8400	0.998044	FALSE	ORF1ab:cds-YP_009724389.1	ACG	T	AGG	R	2002
NC_045512.2	6270	C	G	8391	427	37	1	1	37	0.000119048	8400	0.998044	FALSE	ORF1ab:cds-YP_009725295.1	ACG	T	AGG	R	2002
NC_045512.2	6270	C	A	8391	427	37	1	0	37	0.000119048	8400	0.998044	FALSE	ORF1ab:cds-YP_009724389.1	ACG	T	AAG	K	2002
NC_045512.2	6270	C	A	8391	427	37	1	0	37	0.000119048	8400	0.998044	FALSE	ORF1ab:cds-YP_009725295.1	ACG	T	AAG	K	2002
NC_045512.2	6271	G	T	9140	431	37	1	0	37	0.000109385	9142	0.999026	FALSE	ORF1ab:cds-YP_009724389.1	ACG	T	ACT	T	2002
NC_045512.2	6271	G	T	9140	431	37	1	0	37	0.000109385	9142	0.999026	FALSE	ORF1ab:cds-YP_009725295.1	ACG	T	ACT	T	2002
NC_045512.2	6271	G	A	9140	431	37	1	0	37	0.000109385	9142	0.999026	FALSE	ORF1ab:cds-YP_009724389.1	ACG	T	ACA	T	2002
NC_045512.2	6271	G	A	9140	431	37	1	0	37	0.000109385	9142	0.999026	FALSE	ORF1ab:cds-YP_009725295.1	ACG	T	ACA	T	2002
NC_045512.2	6272	T	G	8908	435	37	1	0	25	0.000112221	8911	1	FALSE	ORF1ab:cds-YP_009724389.1	TAT	Y	GAT	D	2003
NC_045512.2	6272	T	G	8908	435	37	1	0	25	0.000112221	8911	1	FALSE	ORF1ab:cds-YP_009725295.1	TAT	Y	GAT	D	2003
NC_045512.2	6272	T	C	8908	435	37	1	0	37	0.000112221	8911	0.99805	FALSE	ORF1ab:cds-YP_009724389.1	TAT	Y	CAT	H	2003
NC_045512.2	6272	T	C	8908	435	37	1	0	37	0.000112221	8911	0.99805	FALSE	ORF1ab:cds-YP_009725295.1	TAT	Y	CAT	H	2003
NC_045512.2	6272	T	A	8908	435	37	1	0	37	0.000112221	8911	0.99805	FALSE	ORF1ab:cds-YP_009724389.1	TAT	Y	AAT	N	2003
NC_045512.2	6272	T	A	8908	435	37	1	0	37	0.000112221	8911	0.99805	FALSE	ORF1ab:cds-YP_009725295.1	TAT	Y	AAT	N	2003
NC_045512.2	6273	A	T	8986	438	37	1	0	37	0.000111198	8993	0.998046	FALSE	ORF1ab:cds-YP_009724389.1	TAT	Y	TTT	F	2003
NC_045512.2	6273	A	T	8986	438	37	1	0	37	0.000111198	8993	0.998046	FALSE	ORF1ab:cds-YP_009725295.1	TAT	Y	TTT	F	2003
NC_045512.2	6273	A	G	8986	438	37	4	0	46	0.00044479	8993	0.0624513	FALSE	ORF1ab:cds-YP_009724389.1	TAT	Y	TGT	C	2003
NC_045512.2	6273	A	G	8986	438	37	4	0	46	0.00044479	8993	0.0624513	FALSE	ORF1ab:cds-YP_009725295.1	TAT	Y	TGT	C	2003
NC_045512.2	6273	A	C	8986	438	37	2	0	31	0.000222395	8993	0.989255	FALSE	ORF1ab:cds-YP_009724389.1	TAT	Y	TCT	S	2003
NC_045512.2	6273	A	C	8986	438	37	2	0	31	0.000222395	8993	0.989255	FALSE	ORF1ab:cds-YP_009725295.1	TAT	Y	TCT	S	2003
NC_045512.2	6274	T	G	9026	435	37	1	0	37	0.000110754	9029	0.999025	FALSE	ORF1ab:cds-YP_009724389.1	TAT	Y	TAG	*	2003
NC_045512.2	6274	T	G	9026	435	37	1	0	37	0.000110754	9029	0.999025	FALSE	ORF1ab:cds-YP_009725295.1	TAT	Y	TAG	*	2003
NC_045512.2	6274	T	C	9026	435	37	1	0	37	0.000110754	9029	0.999025	FALSE	ORF1ab:cds-YP_009724389.1	TAT	Y	TAC	Y	2003
NC_045512.2	6274	T	C	9026	435	37	1	0	37	0.000110754	9029	0.999025	FALSE	ORF1ab:cds-YP_009725295.1	TAT	Y	TAC	Y	2003
NC_045512.2	6274	T	A	9026	435	37	1	0	37	0.000110754	9029	0.999025	FALSE	ORF1ab:cds-YP_009724389.1	TAT	Y	TAA	*	2003
NC_045512.2	6274	T	A	9026	435	37	1	0	37	0.000110754	9029	0.999025	FALSE	ORF1ab:cds-YP_009725295.1	TAT	Y	TAA	*	2003
NC_045512.2	6276	A	G	9266	578	38	4	4	37	0.000431406	9272	0.953895	FALSE	ORF1ab:cds-YP_009724389.1	AAA	K	AGA	R	2004
NC_045512.2	6276	A	G	9266	578	38	4	4	37	0.000431406	9272	0.953895	FALSE	ORF1ab:cds-YP_009725295.1	AAA	K	AGA	R	2004
NC_045512.2	6276	A	C	9266	578	38	2	2	31	0.000215703	9272	0.994144	FALSE	ORF1ab:cds-YP_009724389.1	AAA	K	ACA	T	2004
NC_045512.2	6276	A	C	9266	578	38	2	2	31	0.000215703	9272	0.994144	FALSE	ORF1ab:cds-YP_009725295.1	AAA	K	ACA	T	2004
NC_045512.2	6277	A	T	9806	619	38	1	0	37	0.000101895	9814	0.999023	FALSE	ORF1ab:cds-YP_009724389.1	AAA	K	AAT	N	2004
NC_045512.2	6277	A	T	9806	619	38	1	0	37	0.000101895	9814	0.999023	FALSE	ORF1ab:cds-YP_009725295.1	AAA	K	AAT	N	2004
NC_045512.2	6277	A	G	9806	619	38	5	4	44	0.000509476	9814	0.0312182	FALSE	ORF1ab:cds-YP_009724389.1	AAA	K	AAG	K	2004
NC_045512.2	6277	A	G	9806	619	38	5	4	44	0.000509476	9814	0.0312182	FALSE	ORF1ab:cds-YP_009725295.1	AAA	K	AAG	K	2004
NC_045512.2	6277	A	C	9806	619	38	2	1	25	0.000203791	9814	1	FALSE	ORF1ab:cds-YP_009724389.1	AAA	K	AAC	N	2004
NC_045512.2	6277	A	C	9806	619	38	2	1	25	0.000203791	9814	1	FALSE	ORF1ab:cds-YP_009725295.1	AAA	K	AAC	N	2004
NC_045512.2	6278	C	-CAAATACCTGGTGTATACGTTG	10494	648	38	1	0	20	9.52925e-05	10494	1	FALSE	NA	NA	NA	NA	NA	NA
NC_045512.2	6279	C	T	10629	655	37	1	0	25	9.40468e-05	10633	1	FALSE	ORF1ab:cds-YP_009724389.1	CCA	P	CTA	L	2005
NC_045512.2	6279	C	T	10629	655	37	1	0	25	9.40468e-05	10633	1	FALSE	ORF1ab:cds-YP_009725295.1	CCA	P	CTA	L	2005
NC_045512.2	6279	C	A	10629	655	37	3	0	37	0.000282141	10633	0.988784	FALSE	ORF1ab:cds-YP_009724389.1	CCA	P	CAA	Q	2005
NC_045512.2	6279	C	A	10629	655	37	3	0	37	0.000282141	10633	0.988784	FALSE	ORF1ab:cds-YP_009725295.1	CCA	P	CAA	Q	2005
NC_045512.2	6280	A	T	10761	665	38	1	1	74	9.29109e-05	10763	0.499977	FALSE	ORF1ab:cds-YP_009724389.1	CCA	P	CCT	P	2005
NC_045512.2	6280	A	T	10761	665	38	1	1	74	9.29109e-05	10763	0.499977	FALSE	ORF1ab:cds-YP_009725295.1	CCA	P	CCT	P	2005
NC_045512.2	6280	A	G	10761	665	38	1	0	37	9.29109e-05	10763	0.999513	FALSE	ORF1ab:cds-YP_009724389.1	CCA	P	CCG	P	2005
NC_045512.2	6280	A	G	10761	665	38	1	0	37	9.29109e-05	10763	0.999513	FALSE	ORF1ab:cds-YP_009725295.1	CCA	P	CCG	P	2005
NC_045512.2	6281	A	G	11004	884	38	2	0	37	0.000181719	11006	0.998295	FALSE	ORF1ab:cds-YP_009724389.1	AAT	N	GAT	D	2006
NC_045512.2	6281	A	G	11004	884	38	2	0	37	0.000181719	11006	0.998295	FALSE	ORF1ab:cds-YP_009725295.1	AAT	N	GAT	D	2006
NC_045512.2	6282	A	G	11006	909	38	6	6	43	0.00054486	11012	0.0624702	FALSE	ORF1ab:cds-YP_009724389.1	AAT	N	AGT	S	2006
NC_045512.2	6282	A	G	11006	909	38	6	6	43	0.00054486	11012	0.0624702	FALSE	ORF1ab:cds-YP_009725295.1	AAT	N	AGT	S	2006
NC_045512.2	6283	T	G	11349	930	38	2	1	33	0.000176196	11351	0.998295	FALSE	ORF1ab:cds-YP_009724389.1	AAT	N	AAG	K	2006
NC_045512.2	6283	T	G	11349	930	38	2	1	33	0.000176196	11351	0.998295	FALSE	ORF1ab:cds-YP_009725295.1	AAT	N	AAG	K	2006
NC_045512.2	6284	A	G	11452	960	38	4	0	37	0.000349162	11456	0.982451	FALSE	ORF1ab:cds-YP_009724389.1	ACC	T	GCC	A	2007
NC_045512.2	6284	A	G	11452	960	38	4	0	37	0.000349162	11456	0.982451	FALSE	ORF1ab:cds-YP_009725295.1	ACC	T	GCC	A	2007
NC_045512.2	6285	C	T	11457	1057	38	1	0	37	8.72753e-05	11458	0.999757	FALSE	ORF1ab:cds-YP_009724389.1	ACC	T	ATC	I	2007
NC_045512.2	6285	C	T	11457	1057	38	1	0	37	8.72753e-05	11458	0.999757	FALSE	ORF1ab:cds-YP_009725295.1	ACC	T	ATC	I	2007
NC_045512.2	6286	C	T	11384	1061	38	1	0	37	8.78349e-05	11385	0.999757	FALSE	ORF1ab:cds-YP_009724389.1	ACC	T	ACT	T	2007
NC_045512.2	6286	C	T	11384	1061	38	1	0	37	8.78349e-05	11385	0.999757	FALSE	ORF1ab:cds-YP_009725295.1	ACC	T	ACT	T	2007
NC_045512.2	6287	T	G	11359	1037	38	1	0	37	8.79662e-05	11368	0.999756	FALSE	ORF1ab:cds-YP_009724389.1	TGG	W	GGG	G	2008
NC_045512.2	6287	T	G	11359	1037	38	1	0	37	8.79662e-05	11368	0.999756	FALSE	ORF1ab:cds-YP_009725295.1	TGG	W	GGG	G	2008
NC_045512.2	6287	T	C	11359	1037	38	5	0	39	0.000439831	11368	0.961586	FALSE	ORF1ab:cds-YP_009724389.1	TGG	W	CGG	R	2008
NC_045512.2	6287	T	C	11359	1037	38	5	0	39	0.000439831	11368	0.961586	FALSE	ORF1ab:cds-YP_009725295.1	TGG	W	CGG	R	2008
NC_045512.2	6287	T	A	11359	1037	38	3	0	33	0.000263899	11368	0.993526	FALSE	ORF1ab:cds-YP_009724389.1	TGG	W	AGG	R	2008
NC_045512.2	6287	T	A	11359	1037	38	3	0	33	0.000263899	11368	0.993526	FALSE	ORF1ab:cds-YP_009725295.1	TGG	W	AGG	R	2008
NC_045512.2	6287	T	-G	11359	1037	38	4	0	20	0.000351834	11369	1	FALSE	NA	NA	NA	NA	NA	NA
NC_045512.2	6288	G	T	13161	1056	38	1	0	37	7.59763e-05	13162	0.999939	FALSE	ORF1ab:cds-YP_009724389.1	TGG	W	TTG	L	2008
NC_045512.2	6288	G	T	13161	1056	38	1	0	37	7.59763e-05	13162	0.999939	FALSE	ORF1ab:cds-YP_009725295.1	TGG	W	TTG	L	2008
NC_045512.2	6288	G	+GT	13161	1056	38	1	0	20	7.59474e-05	13167	1	FALSE	NA	NA	NA	NA	NA	NA
NC_045512.2	6289	G	A	15732	1071	38	3	0	37	0.000190658	15735	0.999346	FALSE	ORF1ab:cds-YP_009724389.1	TGG	W	TGA	*	2008
NC_045512.2	6289	G	A	15732	1071	38	3	0	37	0.000190658	15735	0.999346	FALSE	ORF1ab:cds-YP_009725295.1	TGG	W	TGA	*	2008
NC_045512.2	6290	T	G	14759	1082	37	2	0	25	0.000135483	14762	1	FALSE	ORF1ab:cds-YP_009724389.1	TGT	C	GGT	G	2009
NC_045512.2	6290	T	G	14759	1082	37	2	0	25	0.000135483	14762	1	FALSE	ORF1ab:cds-YP_009725295.1	TGT	C	GGT	G	2009
NC_045512.2	6290	T	A	14759	1082	37	1	0	37	6.77415e-05	14762	0.99997	FALSE	ORF1ab:cds-YP_009724389.1	TGT	C	AGT	S	2009
NC_045512.2	6290	T	A	14759	1082	37	1	0	37	6.77415e-05	14762	0.99997	FALSE	ORF1ab:cds-YP_009725295.1	TGT	C	AGT	S	2009
NC_045512.2	6291	G	A	15948	1085	38	3	0	37	0.000188076	15951	0.999346	FALSE	ORF1ab:cds-YP_009724389.1	TGT	C	TAT	Y	2009
NC_045512.2	6291	G	A	15948	1085	38	3	0	37	0.000188076	15951	0.999346	FALSE	ORF1ab:cds-YP_009725295.1	TGT	C	TAT	Y	2009
NC_045512.2	6292	T	G	14977	1092	37	5	0	25	0.000333712	14983	1	FALSE	ORF1ab:cds-YP_009724389.1	TGT	C	TGG	W	2009
NC_045512.2	6292	T	G	14977	1092	37	5	0	25	0.000333712	14983	1	FALSE	ORF1ab:cds-YP_009725295.1	TGT	C	TGG	W	2009
NC_045512.2	6292	T	A	14977	1092	37	1	0	25	6.67423e-05	14983	1	FALSE	ORF1ab:cds-YP_009724389.1	TGT	C	TGA	*	2009
NC_045512.2	6292	T	A	14977	1092	37	1	0	25	6.67423e-05	14983	1	FALSE	ORF1ab:cds-YP_009725295.1	TGT	C	TGA	*	2009
NC_045512.2	6293	A	C	15435	1084	38	4	0	28	0.000259084	15439	1	FALSE	ORF1ab:cds-YP_009724389.1	ATA	I	CTA	L	2010
NC_045512.2	6293	A	C	15435	1084	38	4	0	28	0.000259084	15439	1	FALSE	ORF1ab:cds-YP_009725295.1	ATA	I	CTA	L	2010
NC_045512.2	6294	T	G	15877	1080	38	1	0	37	6.29644e-05	15882	0.999985	FALSE	ORF1ab:cds-YP_009724389.1	ATA	I	AGA	R	2010
NC_045512.2	6294	T	G	15877	1080	38	1	0	37	6.29644e-05	15882	0.999985	FALSE	ORF1ab:cds-YP_009725295.1	ATA	I	AGA	R	2010
NC_045512.2	6294	T	C	15877	1080	38	3	1	28	0.000188893	15882	1	FALSE	ORF1ab:cds-YP_009724389.1	ATA	I	ACA	T	2010
NC_045512.2	6294	T	C	15877	1080	38	3	1	28	0.000188893	15882	1	FALSE	ORF1ab:cds-YP_009725295.1	ATA	I	ACA	T	2010
NC_045512.2	6294	T	A	15877	1080	38	1	0	25	6.29644e-05	15882	1	FALSE	ORF1ab:cds-YP_009724389.1	ATA	I	AAA	K	2010
NC_045512.2	6294	T	A	15877	1080	38	1	0	25	6.29644e-05	15882	1	FALSE	ORF1ab:cds-YP_009725295.1	ATA	I	AAA	K	2010
NC_045512.2	6295	A	G	15674	1095	38	2	0	37	0.000127575	15677	0.999863	FALSE	ORF1ab:cds-YP_009724389.1	ATA	I	ATG	M	2010
NC_045512.2	6295	A	G	15674	1095	38	2	0	37	0.000127575	15677	0.999863	FALSE	ORF1ab:cds-YP_009725295.1	ATA	I	ATG	M	2010
NC_045512.2	6295	A	C	15674	1095	38	1	0	25	6.37877e-05	15677	1	FALSE	ORF1ab:cds-YP_009724389.1	ATA	I	ATC	I	2010
NC_045512.2	6295	A	C	15674	1095	38	1	0	25	6.37877e-05	15677	1	FALSE	ORF1ab:cds-YP_009725295.1	ATA	I	ATC	I	2010
NC_045512.2	6296	C	T	15989	1096	38	14	2	40	0.000874781	16004	0.000486881	TRUE	ORF1ab:cds-YP_009724389.1	CGT	R	TGT	C	2011
NC_045512.2	6296	C	T	15989	1096	38	14	2	40	0.000874781	16004	0.000486881	TRUE	ORF1ab:cds-YP_009725295.1	CGT	R	TGT	C	2011
NC_045512.2	6296	C	G	15989	1096	38	1	0	37	6.24844e-05	16004	0.999992	FALSE	ORF1ab:cds-YP_009724389.1	CGT	R	GGT	G	2011
NC_045512.2	6296	C	G	15989	1096	38	1	0	37	6.24844e-05	16004	0.999992	FALSE	ORF1ab:cds-YP_009725295.1	CGT	R	GGT	G	2011
NC_045512.2	6297	G	T	15993	1100	38	2	0	37	0.000124836	16021	0.999927	FALSE	ORF1ab:cds-YP_009724389.1	CGT	R	CTT	L	2011
NC_045512.2	6297	G	T	15993	1100	38	2	0	37	0.000124836	16021	0.999927	FALSE	ORF1ab:cds-YP_009725295.1	CGT	R	CTT	L	2011
NC_045512.2	6297	G	C	15993	1100	38	1	0	25	6.24181e-05	16021	1	FALSE	ORF1ab:cds-YP_009724389.1	CGT	R	CCT	P	2011
NC_045512.2	6297	G	C	15993	1100	38	1	0	25	6.24181e-05	16021	1	FALSE	ORF1ab:cds-YP_009725295.1	CGT	R	CCT	P	2011
NC_045512.2	6297	G	A	15993	1100	38	25	2	39	0.00156045	16021	0.105256	FALSE	ORF1ab:cds-YP_009724389.1	CGT	R	CAT	H	2011
NC_045512.2	6297	G	A	15993	1100	38	25	2	39	0.00156045	16021	0.105256	FALSE	ORF1ab:cds-YP_009725295.1	CGT	R	CAT	H	2011
NC_045512.2	6297	G	+T	15993	1100	38	1	0	20	6.24142e-05	16022	1	FALSE	NA	NA	NA	NA	NA	NA
NC_045512.2	6298	T	G	15802	1096	38	1	0	25	6.32711e-05	15805	1	FALSE	ORF1ab:cds-YP_009724389.1	CGT	R	CGG	R	2011
NC_045512.2	6298	T	G	15802	1096	38	1	0	25	6.32711e-05	15805	1	FALSE	ORF1ab:cds-YP_009725295.1	CGT	R	CGG	R	2011
NC_045512.2	6298	T	C	15802	1096	38	1	0	37	6.32711e-05	15805	0.999985	FALSE	ORF1ab:cds-YP_009724389.1	CGT	R	CGC	R	2011
NC_045512.2	6298	T	C	15802	1096	38	1	0	37	6.32711e-05	15805	0.999985	FALSE	ORF1ab:cds-YP_009725295.1	CGT	R	CGC	R	2011
NC_045512.2	6298	T	A	15802	1096	38	1	0	37	6.32711e-05	15805	0.999985	FALSE	ORF1ab:cds-YP_009724389.1	CGT	R	CGA	R	2011
NC_045512.2	6298	T	A	15802	1096	38	1	0	37	6.32711e-05	15805	0.999985	FALSE	ORF1ab:cds-YP_009725295.1	CGT	R	CGA	R	2011
NC_045512.2	6299	T	C	16121	1106	38	1	0	37	6.2027e-05	16122	0.999992	FALSE	ORF1ab:cds-YP_009724389.1	TGT	C	CGT	R	2012
NC_045512.2	6299	T	C	16121	1106	38	1	0	37	6.2027e-05	16122	0.999992	FALSE	ORF1ab:cds-YP_009725295.1	TGT	C	CGT	R	2012
NC_045512.2	6300	G	A	16385	1137	38	1	0	37	6.10277e-05	16386	0.999992	FALSE	ORF1ab:cds-YP_009724389.1	TGT	C	TAT	Y	2012
NC_045512.2	6300	G	A	16385	1137	38	1	0	37	6.10277e-05	16386	0.999992	FALSE	ORF1ab:cds-YP_009725295.1	TGT	C	TAT	Y	2012
NC_045512.2	6301	T	C	16427	1323	38	1	0	37	6.0868e-05	16429	0.999992	FALSE	ORF1ab:cds-YP_009724389.1	TGT	C	TGC	C	2012
NC_045512.2	6301	T	C	16427	1323	38	1	0	37	6.0868e-05	16429	0.999992	FALSE	ORF1ab:cds-YP_009725295.1	TGT	C	TGC	C	2012
NC_045512.2	6301	T	A	16427	1323	38	1	0	37	6.0868e-05	16429	0.999992	FALSE	ORF1ab:cds-YP_009724389.1	TGT	C	TGA	*	2012
NC_045512.2	6301	T	A	16427	1323	38	1	0	37	6.0868e-05	16429	0.999992	FALSE	ORF1ab:cds-YP_009725295.1	TGT	C	TGA	*	2012
NC_045512.2	6302	C	T	16584	1491	39	2	0	31	0.000120562	16589	0.999928	FALSE	ORF1ab:cds-YP_009724389.1	CTT	L	TTT	F	2013
NC_045512.2	6302	C	T	16584	1491	39	2	0	31	0.000120562	16589	0.999928	FALSE	ORF1ab:cds-YP_009725295.1	CTT	L	TTT	F	2013
NC_045512.2	6302	C	G	16584	1491	39	1	0	37	6.02809e-05	16589	0.999992	FALSE	ORF1ab:cds-YP_009724389.1	CTT	L	GTT	V	2013
NC_045512.2	6302	C	G	16584	1491	39	1	0	37	6.02809e-05	16589	0.999992	FALSE	ORF1ab:cds-YP_009725295.1	CTT	L	GTT	V	2013
NC_045512.2	6302	C	A	16584	1491	39	2	0	31	0.000120562	16589	0.999928	FALSE	ORF1ab:cds-YP_009724389.1	CTT	L	ATT	I	2013
NC_045512.2	6302	C	A	16584	1491	39	2	0	31	0.000120562	16589	0.999928	FALSE	ORF1ab:cds-YP_009725295.1	CTT	L	ATT	I	2013
NC_045512.2	6303	T	C	16417	1504	39	1	0	37	6.09013e-05	16420	0.999992	FALSE	ORF1ab:cds-YP_009724389.1	CTT	L	CCT	P	2013
NC_045512.2	6303	T	C	16417	1504	39	1	0	37	6.09013e-05	16420	0.999992	FALSE	ORF1ab:cds-YP_009725295.1	CTT	L	CCT	P	2013
NC_045512.2	6303	T	A	16417	1504	39	2	0	37	0.000121803	16420	0.999928	FALSE	ORF1ab:cds-YP_009724389.1	CTT	L	CAT	H	2013
NC_045512.2	6303	T	A	16417	1504	39	2	0	37	0.000121803	16420	0.999928	FALSE	ORF1ab:cds-YP_009725295.1	CTT	L	CAT	H	2013
NC_045512.2	6304	T	G	15891	1540	38	8	0	26	0.000503176	15899	1	FALSE	ORF1ab:cds-YP_009724389.1	CTT	L	CTG	L	2013
NC_045512.2	6304	T	G	15891	1540	38	8	0	26	0.000503176	15899	1	FALSE	ORF1ab:cds-YP_009725295.1	CTT	L	CTG	L	2013
NC_045512.2	6305	T	C	16648	1521	39	3	1	37	0.000180169	16651	0.999637	FALSE	ORF1ab:cds-YP_009724389.1	TGG	W	CGG	R	2014
NC_045512.2	6305	T	C	16648	1521	39	3	1	37	0.000180169	16651	0.999637	FALSE	ORF1ab:cds-YP_009725295.1	TGG	W	CGG	R	2014
NC_045512.2	6306	G	T	16738	1532	39	1	0	25	5.97407e-05	16739	1	FALSE	ORF1ab:cds-YP_009724389.1	TGG	W	TTG	L	2014
NC_045512.2	6306	G	T	16738	1532	39	1	0	25	5.97407e-05	16739	1	FALSE	ORF1ab:cds-YP_009725295.1	TGG	W	TTG	L	2014
NC_045512.2	6307	G	T	16661	1531	39	5	1	42	0.000300012	16666	0.109368	FALSE	ORF1ab:cds-YP_009724389.1	TGG	W	TGT	C	2014
NC_045512.2	6307	G	T	16661	1531	39	5	1	42	0.000300012	16666	0.109368	FALSE	ORF1ab:cds-YP_009725295.1	TGG	W	TGT	C	2014
NC_045512.2	6308	A	T	16498	1545	39	2	0	49	0.000121168	16506	0.499886	FALSE	ORF1ab:cds-YP_009724389.1	AGC	S	TGC	C	2015
NC_045512.2	6308	A	T	16498	1545	39	2	0	49	0.000121168	16506	0.499886	FALSE	ORF1ab:cds-YP_009725295.1	AGC	S	TGC	C	2015
NC_045512.2	6308	A	G	16498	1545	39	6	1	34	0.000363504	16506	0.991564	FALSE	ORF1ab:cds-YP_009724389.1	AGC	S	GGC	G	2015
NC_045512.2	6308	A	G	16498	1545	39	6	1	34	0.000363504	16506	0.991564	FALSE	ORF1ab:cds-YP_009725295.1	AGC	S	GGC	G	2015
NC_045512.2	6309	G	A	17183	1549	39	11	0	34	0.000639758	17194	0.907648	FALSE	ORF1ab:cds-YP_009724389.1	AGC	S	AAC	N	2015
NC_045512.2	6309	G	A	17183	1549	39	11	0	34	0.000639758	17194	0.907648	FALSE	ORF1ab:cds-YP_009725295.1	AGC	S	AAC	N	2015
NC_045512.2	6310	C	T	17077	1550	39	19	0	37	0.00111131	17097	0.433935	FALSE	ORF1ab:cds-YP_009724389.1	AGC	S	AGT	S	2015
NC_045512.2	6310	C	T	17077	1550	39	19	0	37	0.00111131	17097	0.433935	FALSE	ORF1ab:cds-YP_009725295.1	AGC	S	AGT	S	2015
NC_045512.2	6310	C	G	17077	1550	39	1	1	29	5.84898e-05	17097	1	FALSE	ORF1ab:cds-YP_009724389.1	AGC	S	AGG	R	2015
NC_045512.2	6310	C	G	17077	1550	39	1	1	29	5.84898e-05	17097	1	FALSE	ORF1ab:cds-YP_009725295.1	AGC	S	AGG	R	2015
NC_045512.2	6311	A	T	16889	1554	39	1	1	37	5.92031e-05	16891	0.999992	FALSE	ORF1ab:cds-YP_009724389.1	ACA	T	TCA	S	2016
NC_045512.2	6311	A	T	16889	1554	39	1	1	37	5.92031e-05	16891	0.999992	FALSE	ORF1ab:cds-YP_009725295.1	ACA	T	TCA	S	2016
NC_045512.2	6311	A	G	16889	1554	39	1	0	37	5.92031e-05	16891	0.999992	FALSE	ORF1ab:cds-YP_009724389.1	ACA	T	GCA	A	2016
NC_045512.2	6311	A	G	16889	1554	39	1	0	37	5.92031e-05	16891	0.999992	FALSE	ORF1ab:cds-YP_009725295.1	ACA	T	GCA	A	2016
NC_045512.2	6312	C	T	17276	1556	39	2	0	37	0.000115741	17280	0.999962	FALSE	ORF1ab:cds-YP_009724389.1	ACA	T	ATA	I	2016
NC_045512.2	6312	C	T	17276	1556	39	2	0	37	0.000115741	17280	0.999962	FALSE	ORF1ab:cds-YP_009725295.1	ACA	T	ATA	I	2016
NC_045512.2	6312	C	A	17276	1556	39	2	0	37	0.000115741	17280	0.999962	FALSE	ORF1ab:cds-YP_009724389.1	ACA	T	AAA	K	2016
NC_045512.2	6312	C	A	17276	1556	39	2	0	37	0.000115741	17280	0.999962	FALSE	ORF1ab:cds-YP_009725295.1	ACA	T	AAA	K	2016
NC_045512.2	6312	C	-A	17276	1556	39	7	0	20	0.000405093	17280	1	FALSE	NA	NA	NA	NA	NA	NA
NC_045512.2	6313	A	C	17117	1563	39	1	0	25	5.8418e-05	17118	1	FALSE	ORF1ab:cds-YP_009724389.1	ACA	T	ACC	T	2016
NC_045512.2	6313	A	C	17117	1563	39	1	0	25	5.8418e-05	17118	1	FALSE	ORF1ab:cds-YP_009725295.1	ACA	T	ACC	T	2016
NC_045512.2	6314	A	T	17012	1557	39	1	0	37	5.87648e-05	17017	0.999996	FALSE	ORF1ab:cds-YP_009724389.1	AAA	K	TAA	*	2017
NC_045512.2	6314	A	T	17012	1557	39	1	0	37	5.87648e-05	17017	0.999996	FALSE	ORF1ab:cds-YP_009725295.1	AAA	K	TAA	*	2017
NC_045512.2	6314	A	C	17012	1557	39	4	1	33	0.000235059	17017	0.999258	FALSE	ORF1ab:cds-YP_009724389.1	AAA	K	CAA	Q	2017
NC_045512.2	6314	A	C	17012	1557	39	4	1	33	0.000235059	17017	0.999258	FALSE	ORF1ab:cds-YP_009725295.1	AAA	K	CAA	Q	2017
NC_045512.2	6317	C	T	17299	1760	39	2	1	37	0.000115594	17302	0.999962	FALSE	ORF1ab:cds-YP_009724389.1	CCA	P	TCA	S	2018
NC_045512.2	6317	C	T	17299	1760	39	2	1	37	0.000115594	17302	0.999962	FALSE	ORF1ab:cds-YP_009725295.1	CCA	P	TCA	S	2018
NC_045512.2	6317	C	A	17299	1760	39	1	0	37	5.77968e-05	17302	0.999996	FALSE	ORF1ab:cds-YP_009724389.1	CCA	P	ACA	T	2018
NC_045512.2	6317	C	A	17299	1760	39	1	0	37	5.77968e-05	17302	0.999996	FALSE	ORF1ab:cds-YP_009725295.1	CCA	P	ACA	T	2018
NC_045512.2	6318	C	T	17235	1773	39	1	1	37	5.80147e-05	17237	0.999996	FALSE	ORF1ab:cds-YP_009724389.1	CCA	P	CTA	L	2018
NC_045512.2	6318	C	T	17235	1773	39	1	1	37	5.80147e-05	17237	0.999996	FALSE	ORF1ab:cds-YP_009725295.1	CCA	P	CTA	L	2018
NC_045512.2	6318	C	A	17235	1773	39	1	0	25	5.80147e-05	17237	1	FALSE	ORF1ab:cds-YP_009724389.1	CCA	P	CAA	Q	2018
NC_045512.2	6318	C	A	17235	1773	39	1	0	25	5.80147e-05	17237	1	FALSE	ORF1ab:cds-YP_009725295.1	CCA	P	CAA	Q	2018
NC_045512.2	6319	A	T	16960	1769	39	1	0	25	5.89449e-05	16965	1	FALSE	ORF1ab:cds-YP_009724389.1	CCA	P	CCT	P	2018
NC_045512.2	6319	A	T	16960	1769	39	1	0	25	5.89449e-05	16965	1	FALSE	ORF1ab:cds-YP_009725295.1	CCA	P	CCT	P	2018
NC_045512.2	6319	A	G	16960	1769	39	1	0	37	5.89449e-05	16965	0.999992	FALSE	ORF1ab:cds-YP_009724389.1	CCA	P	CCG	P	2018
NC_045512.2	6319	A	G	16960	1769	39	1	0	37	5.89449e-05	16965	0.999992	FALSE	ORF1ab:cds-YP_009725295.1	CCA	P	CCG	P	2018
NC_045512.2	6319	A	C	16960	1769	39	3	0	23	0.000176835	16965	1	FALSE	ORF1ab:cds-YP_009724389.1	CCA	P	CCC	P	2018
NC_045512.2	6319	A	C	16960	1769	39	3	0	23	0.000176835	16965	1	FALSE	ORF1ab:cds-YP_009725295.1	CCA	P	CCC	P	2018
NC_045512.2	6320	G	A	17461	1757	39	5	0	37	0.00028627	17466	0.997835	FALSE	ORF1ab:cds-YP_009724389.1	GTT	V	ATT	I	2019
NC_045512.2	6320	G	A	17461	1757	39	5	0	37	0.00028627	17466	0.997835	FALSE	ORF1ab:cds-YP_009725295.1	GTT	V	ATT	I	2019
NC_045512.2	6321	T	G	16852	1763	38	3	0	25	0.000177925	16861	1	FALSE	ORF1ab:cds-YP_009724389.1	GTT	V	GGT	G	2019
NC_045512.2	6321	T	G	16852	1763	38	3	0	25	0.000177925	16861	1	FALSE	ORF1ab:cds-YP_009725295.1	GTT	V	GGT	G	2019
NC_045512.2	6321	T	C	16852	1763	38	3	2	33	0.000177925	16861	0.999636	FALSE	ORF1ab:cds-YP_009724389.1	GTT	V	GCT	A	2019
NC_045512.2	6321	T	C	16852	1763	38	3	2	33	0.000177925	16861	0.999636	FALSE	ORF1ab:cds-YP_009725295.1	GTT	V	GCT	A	2019
NC_045512.2	6321	T	A	16852	1763	38	3	0	29	0.000177925	16861	1	FALSE	ORF1ab:cds-YP_009724389.1	GTT	V	GAT	D	2019
NC_045512.2	6321	T	A	16852	1763	38	3	0	29	0.000177925	16861	1	FALSE	ORF1ab:cds-YP_009725295.1	GTT	V	GAT	D	2019
NC_045512.2	6323	G	C	17397	1831	39	2	1	55	0.000114949	17399	0.250007	FALSE	ORF1ab:cds-YP_009724389.1	GAA	E	CAA	Q	2020
NC_045512.2	6323	G	C	17397	1831	39	2	1	55	0.000114949	17399	0.250007	FALSE	ORF1ab:cds-YP_009725295.1	GAA	E	CAA	Q	2020
NC_045512.2	6324	A	G	16682	2002	39	2	0	29	0.000119875	16684	1	FALSE	ORF1ab:cds-YP_009724389.1	GAA	E	GGA	G	2020
NC_045512.2	6324	A	G	16682	2002	39	2	0	29	0.000119875	16684	1	FALSE	ORF1ab:cds-YP_009725295.1	GAA	E	GGA	G	2020
NC_045512.2	6325	A	G	16738	1984	39	2	0	37	0.000119474	16740	0.999928	FALSE	ORF1ab:cds-YP_009724389.1	GAA	E	GAG	E	2020
NC_045512.2	6325	A	G	16738	1984	39	2	0	37	0.000119474	16740	0.999928	FALSE	ORF1ab:cds-YP_009725295.1	GAA	E	GAG	E	2020
NC_045512.2	6326	A	T	16646	2003	39	1	0	37	6.00673e-05	16648	0.999992	FALSE	ORF1ab:cds-YP_009724389.1	ACA	T	TCA	S	2021
NC_045512.2	6326	A	T	16646	2003	39	1	0	37	6.00673e-05	16648	0.999992	FALSE	ORF1ab:cds-YP_009725295.1	ACA	T	TCA	S	2021
NC_045512.2	6326	A	C	16646	2003	39	1	1	29	6.00673e-05	16648	1	FALSE	ORF1ab:cds-YP_009724389.1	ACA	T	CCA	P	2021
NC_045512.2	6326	A	C	16646	2003	39	1	1	29	6.00673e-05	16648	1	FALSE	ORF1ab:cds-YP_009725295.1	ACA	T	CCA	P	2021
NC_045512.2	6327	C	T	17033	2071	39	2	0	37	0.000117385	17038	0.999962	FALSE	ORF1ab:cds-YP_009724389.1	ACA	T	ATA	I	2021
NC_045512.2	6327	C	T	17033	2071	39	2	0	37	0.000117385	17038	0.999962	FALSE	ORF1ab:cds-YP_009725295.1	ACA	T	ATA	I	2021
NC_045512.2	6327	C	G	17033	2071	39	1	0	37	5.86923e-05	17038	0.999996	FALSE	ORF1ab:cds-YP_009724389.1	ACA	T	AGA	R	2021
NC_045512.2	6327	C	G	17033	2071	39	1	0	37	5.86923e-05	17038	0.999996	FALSE	ORF1ab:cds-YP_009725295.1	ACA	T	AGA	R	2021
NC_045512.2	6327	C	A	17033	2071	39	2	0	37	0.000117385	17038	0.999962	FALSE	ORF1ab:cds-YP_009724389.1	ACA	T	AAA	K	2021
NC_045512.2	6327	C	A	17033	2071	39	2	0	37	0.000117385	17038	0.999962	FALSE	ORF1ab:cds-YP_009725295.1	ACA	T	AAA	K	2021
NC_045512.2	6328	A	G	16935	2116	39	3	0	40	0.000177096	16940	0.312467	FALSE	ORF1ab:cds-YP_009724389.1	ACA	T	ACG	T	2021
NC_045512.2	6328	A	G	16935	2116	39	3	0	40	0.000177096	16940	0.312467	FALSE	ORF1ab:cds-YP_009725295.1	ACA	T	ACG	T	2021
NC_045512.2	6328	A	C	16935	2116	39	2	0	31	0.000118064	16940	0.999928	FALSE	ORF1ab:cds-YP_009724389.1	ACA	T	ACC	T	2021
NC_045512.2	6328	A	C	16935	2116	39	2	0	31	0.000118064	16940	0.999928	FALSE	ORF1ab:cds-YP_009725295.1	ACA	T	ACC	T	2021
NC_045512.2	6329	T	C	14438	2497	38	5	1	37	0.000346188	14443	0.990418	FALSE	ORF1ab:cds-YP_009724389.1	TCA	S	CCA	P	2022
NC_045512.2	6329	T	C	14438	2497	38	5	1	37	0.000346188	14443	0.990418	FALSE	ORF1ab:cds-YP_009725295.1	TCA	S	CCA	P	2022
NC_045512.2	6330	C	T	14359	2589	38	1	1	25	6.9633e-05	14361	1	FALSE	ORF1ab:cds-YP_009724389.1	TCA	S	TTA	L	2022
NC_045512.2	6330	C	T	14359	2589	38	1	1	25	6.9633e-05	14361	1	FALSE	ORF1ab:cds-YP_009725295.1	TCA	S	TTA	L	2022
NC_045512.2	6330	C	A	14359	2589	38	1	0	74	6.9633e-05	14361	0.5	FALSE	ORF1ab:cds-YP_009724389.1	TCA	S	TAA	*	2022
NC_045512.2	6330	C	A	14359	2589	38	1	0	74	6.9633e-05	14361	0.5	FALSE	ORF1ab:cds-YP_009725295.1	TCA	S	TAA	*	2022
NC_045512.2	6331	A	C	13685	2615	37	5	0	27	0.00036523	13690	1	FALSE	ORF1ab:cds-YP_009724389.1	TCA	S	TCC	S	2022
NC_045512.2	6331	A	C	13685	2615	37	5	0	27	0.00036523	13690	1	FALSE	ORF1ab:cds-YP_009725295.1	TCA	S	TCC	S	2022
NC_045512.2	6332	A	T	13929	2613	37	2	1	25	0.000143534	13934	1	FALSE	ORF1ab:cds-YP_009724389.1	AAT	N	TAT	Y	2023
NC_045512.2	6332	A	T	13929	2613	37	2	1	25	0.000143534	13934	1	FALSE	ORF1ab:cds-YP_009725295.1	AAT	N	TAT	Y	2023
NC_045512.2	6332	A	G	13929	2613	37	1	0	37	7.17669e-05	13934	0.999939	FALSE	ORF1ab:cds-YP_009724389.1	AAT	N	GAT	D	2023
NC_045512.2	6332	A	G	13929	2613	37	1	0	37	7.17669e-05	13934	0.999939	FALSE	ORF1ab:cds-YP_009725295.1	AAT	N	GAT	D	2023
NC_045512.2	6332	A	C	13929	2613	37	2	0	25	0.000143534	13934	1	FALSE	ORF1ab:cds-YP_009724389.1	AAT	N	CAT	H	2023
NC_045512.2	6332	A	C	13929	2613	37	2	0	25	0.000143534	13934	1	FALSE	ORF1ab:cds-YP_009725295.1	AAT	N	CAT	H	2023
NC_045512.2	6333	A	T	13926	2553	37	1	1	25	7.17875e-05	13930	1	FALSE	ORF1ab:cds-YP_009724389.1	AAT	N	ATT	I	2023
NC_045512.2	6333	A	T	13926	2553	37	1	1	25	7.17875e-05	13930	1	FALSE	ORF1ab:cds-YP_009725295.1	AAT	N	ATT	I	2023
NC_045512.2	6333	A	C	13926	2553	37	3	3	25	0.000215363	13930	1	FALSE	ORF1ab:cds-YP_009724389.1	AAT	N	ACT	T	2023
NC_045512.2	6333	A	C	13926	2553	37	3	3	25	0.000215363	13930	1	FALSE	ORF1ab:cds-YP_009725295.1	AAT	N	ACT	T	2023
NC_045512.2	6334	T	G	13583	2620	37	3	1	24	0.000220783	13588	1	FALSE	ORF1ab:cds-YP_009724389.1	AAT	N	AAG	K	2023
NC_045512.2	6334	T	G	13583	2620	37	3	1	24	0.000220783	13588	1	FALSE	ORF1ab:cds-YP_009725295.1	AAT	N	AAG	K	2023
NC_045512.2	6334	T	C	13583	2620	37	1	0	62	7.35943e-05	13588	0.499945	FALSE	ORF1ab:cds-YP_009724389.1	AAT	N	AAC	N	2023
NC_045512.2	6334	T	C	13583	2620	37	1	0	62	7.35943e-05	13588	0.499945	FALSE	ORF1ab:cds-YP_009725295.1	AAT	N	AAC	N	2023
NC_045512.2	6334	T	A	13583	2620	37	1	0	37	7.35943e-05	13588	0.999939	FALSE	ORF1ab:cds-YP_009724389.1	AAT	N	AAA	K	2023
NC_045512.2	6334	T	A	13583	2620	37	1	0	37	7.35943e-05	13588	0.999939	FALSE	ORF1ab:cds-YP_009725295.1	AAT	N	AAA	K	2023
NC_045512.2	6336	C	T	14152	2775	37	6	1	37	0.000423759	14159	0.979341	FALSE	ORF1ab:cds-YP_009724389.1	TCG	S	TTG	L	2024
NC_045512.2	6336	C	T	14152	2775	37	6	1	37	0.000423759	14159	0.979341	FALSE	ORF1ab:cds-YP_009725295.1	TCG	S	TTG	L	2024
NC_045512.2	6336	C	A	14152	2775	37	1	0	37	7.06265e-05	14159	0.99997	FALSE	ORF1ab:cds-YP_009724389.1	TCG	S	TAG	*	2024
NC_045512.2	6336	C	A	14152	2775	37	1	0	37	7.06265e-05	14159	0.99997	FALSE	ORF1ab:cds-YP_009725295.1	TCG	S	TAG	*	2024
NC_045512.2	6337	G	T	14394	2906	38	2	0	31	0.000138879	14401	0.999741	FALSE	ORF1ab:cds-YP_009724389.1	TCG	S	TCT	S	2024
NC_045512.2	6337	G	T	14394	2906	38	2	0	31	0.000138879	14401	0.999741	FALSE	ORF1ab:cds-YP_009725295.1	TCG	S	TCT	S	2024
NC_045512.2	6337	G	A	14394	2906	38	5	2	37	0.000347198	14401	0.99041	FALSE	ORF1ab:cds-YP_009724389.1	TCG	S	TCA	S	2024
NC_045512.2	6337	G	A	14394	2906	38	5	2	37	0.000347198	14401	0.99041	FALSE	ORF1ab:cds-YP_009725295.1	TCG	S	TCA	S	2024
NC_045512.2	6338	T	G	12912	2783	36	25	1	27	0.00193214	12939	1	FALSE	ORF1ab:cds-YP_009724389.1	TTT	F	GTT	V	2025
NC_045512.2	6338	T	G	12912	2783	36	25	1	27	0.00193214	12939	1	FALSE	ORF1ab:cds-YP_009725295.1	TTT	F	GTT	V	2025
NC_045512.2	6338	T	C	12912	2783	36	1	0	37	7.72857e-05	12939	0.999877	FALSE	ORF1ab:cds-YP_009724389.1	TTT	F	CTT	L	2025
NC_045512.2	6338	T	C	12912	2783	36	1	0	37	7.72857e-05	12939	0.999877	FALSE	ORF1ab:cds-YP_009725295.1	TTT	F	CTT	L	2025
NC_045512.2	6338	T	A	12912	2783	36	1	1	25	7.72857e-05	12939	1	FALSE	ORF1ab:cds-YP_009724389.1	TTT	F	ATT	I	2025
NC_045512.2	6338	T	A	12912	2783	36	1	1	25	7.72857e-05	12939	1	FALSE	ORF1ab:cds-YP_009725295.1	TTT	F	ATT	I	2025
NC_045512.2	6339	T	G	13221	3040	37	19	0	28	0.00143494	13241	1	FALSE	ORF1ab:cds-YP_009724389.1	TTT	F	TGT	C	2025
NC_045512.2	6339	T	G	13221	3040	37	19	0	28	0.00143494	13241	1	FALSE	ORF1ab:cds-YP_009725295.1	TTT	F	TGT	C	2025
NC_045512.2	6339	T	C	13221	3040	37	1	1	74	7.5523e-05	13241	0.49966	FALSE	ORF1ab:cds-YP_009724389.1	TTT	F	TCT	S	2025
NC_045512.2	6339	T	C	13221	3040	37	1	1	74	7.5523e-05	13241	0.49966	FALSE	ORF1ab:cds-YP_009725295.1	TTT	F	TCT	S	2025
NC_045512.2	6340	T	G	14165	3067	38	2	0	31	0.000141153	14169	0.999741	FALSE	ORF1ab:cds-YP_009724389.1	TTT	F	TTG	L	2025
NC_045512.2	6340	T	G	14165	3067	38	2	0	31	0.000141153	14169	0.999741	FALSE	ORF1ab:cds-YP_009725295.1	TTT	F	TTG	L	2025
NC_045512.2	6340	T	C	14165	3067	38	2	0	37	0.000141153	14169	0.999741	FALSE	ORF1ab:cds-YP_009724389.1	TTT	F	TTC	F	2025
NC_045512.2	6340	T	C	14165	3067	38	2	0	37	0.000141153	14169	0.999741	FALSE	ORF1ab:cds-YP_009725295.1	TTT	F	TTC	F	2025
NC_045512.2	6341	G	T	14684	3085	38	1	1	25	6.80921e-05	14686	1	FALSE	ORF1ab:cds-YP_009724389.1	GAT	D	TAT	Y	2026
NC_045512.2	6341	G	T	14684	3085	38	1	1	25	6.80921e-05	14686	1	FALSE	ORF1ab:cds-YP_009725295.1	GAT	D	TAT	Y	2026
NC_045512.2	6341	G	A	14684	3085	38	1	0	37	6.80921e-05	14686	0.99997	FALSE	ORF1ab:cds-YP_009724389.1	GAT	D	AAT	N	2026
NC_045512.2	6341	G	A	14684	3085	38	1	0	37	6.80921e-05	14686	0.99997	FALSE	ORF1ab:cds-YP_009725295.1	GAT	D	AAT	N	2026
NC_045512.2	6342	A	T	14068	3137	37	5	1	28	0.000355189	14077	1	FALSE	ORF1ab:cds-YP_009724389.1	GAT	D	GTT	V	2026
NC_045512.2	6342	A	T	14068	3137	37	5	1	28	0.000355189	14077	1	FALSE	ORF1ab:cds-YP_009725295.1	GAT	D	GTT	V	2026
NC_045512.2	6342	A	G	14068	3137	37	4	2	46	0.000284151	14077	0.187389	FALSE	ORF1ab:cds-YP_009724389.1	GAT	D	GGT	G	2026
NC_045512.2	6342	A	G	14068	3137	37	4	2	46	0.000284151	14077	0.187389	FALSE	ORF1ab:cds-YP_009725295.1	GAT	D	GGT	G	2026
NC_045512.2	6343	T	G	14189	3167	38	3	1	29	0.000211372	14193	1	FALSE	ORF1ab:cds-YP_009724389.1	GAT	D	GAG	E	2026
NC_045512.2	6343	T	G	14189	3167	38	3	1	29	0.000211372	14193	1	FALSE	ORF1ab:cds-YP_009725295.1	GAT	D	GAG	E	2026
NC_045512.2	6343	T	C	14189	3167	38	1	0	37	7.04573e-05	14193	0.99997	FALSE	ORF1ab:cds-YP_009724389.1	GAT	D	GAC	D	2026
NC_045512.2	6343	T	C	14189	3167	38	1	0	37	7.04573e-05	14193	0.99997	FALSE	ORF1ab:cds-YP_009725295.1	GAT	D	GAC	D	2026
NC_045512.2	6344	G	A	15418	3216	38	1	0	37	6.4855e-05	15419	0.999985	FALSE	ORF1ab:cds-YP_009724389.1	GTA	V	ATA	I	2027
NC_045512.2	6344	G	A	15418	3216	38	1	0	37	6.4855e-05	15419	0.999985	FALSE	ORF1ab:cds-YP_009725295.1	GTA	V	ATA	I	2027
NC_045512.2	6345	T	C	15204	3240	38	2	0	37	0.000131527	15206	0.999863	FALSE	ORF1ab:cds-YP_009724389.1	GTA	V	GCA	A	2027
NC_045512.2	6345	T	C	15204	3240	38	2	0	37	0.000131527	15206	0.999863	FALSE	ORF1ab:cds-YP_009725295.1	GTA	V	GCA	A	2027
NC_045512.2	6346	A	G	15561	3285	38	1	0	37	6.42508e-05	15564	0.999985	FALSE	ORF1ab:cds-YP_009724389.1	GTA	V	GTG	V	2027
NC_045512.2	6346	A	G	15561	3285	38	1	0	37	6.42508e-05	15564	0.999985	FALSE	ORF1ab:cds-YP_009725295.1	GTA	V	GTG	V	2027
NC_045512.2	6346	A	C	15561	3285	38	2	0	31	0.000128502	15564	0.999863	FALSE	ORF1ab:cds-YP_009724389.1	GTA	V	GTC	V	2027
NC_045512.2	6346	A	C	15561	3285	38	2	0	31	0.000128502	15564	0.999863	FALSE	ORF1ab:cds-YP_009725295.1	GTA	V	GTC	V	2027
NC_045512.2	6347	C	T	15513	3359	38	3	0	37	0.000193336	15517	0.999346	FALSE	ORF1ab:cds-YP_009724389.1	CTG	L	TTG	L	2028
NC_045512.2	6347	C	T	15513	3359	38	3	0	37	0.000193336	15517	0.999346	FALSE	ORF1ab:cds-YP_009725295.1	CTG	L	TTG	L	2028
NC_045512.2	6347	C	G	15513	3359	38	1	0	37	6.44454e-05	15517	0.999985	FALSE	ORF1ab:cds-YP_009724389.1	CTG	L	GTG	V	2028
NC_045512.2	6347	C	G	15513	3359	38	1	0	37	6.44454e-05	15517	0.999985	FALSE	ORF1ab:cds-YP_009725295.1	CTG	L	GTG	V	2028
NC_045512.2	6348	T	G	15384	3348	38	1	0	25	6.49773e-05	15390	1	FALSE	ORF1ab:cds-YP_009724389.1	CTG	L	CGG	R	2028
NC_045512.2	6348	T	G	15384	3348	38	1	0	25	6.49773e-05	15390	1	FALSE	ORF1ab:cds-YP_009725295.1	CTG	L	CGG	R	2028
NC_045512.2	6348	T	C	15384	3348	38	4	1	37	0.000259909	15390	0.997792	FALSE	ORF1ab:cds-YP_009724389.1	CTG	L	CCG	P	2028
NC_045512.2	6348	T	C	15384	3348	38	4	1	37	0.000259909	15390	0.997792	FALSE	ORF1ab:cds-YP_009725295.1	CTG	L	CCG	P	2028
NC_045512.2	6348	T	A	15384	3348	38	1	1	37	6.49773e-05	15390	0.999985	FALSE	ORF1ab:cds-YP_009724389.1	CTG	L	CAG	Q	2028
NC_045512.2	6348	T	A	15384	3348	38	1	1	37	6.49773e-05	15390	0.999985	FALSE	ORF1ab:cds-YP_009725295.1	CTG	L	CAG	Q	2028
NC_045512.2	6349	G	A	15941	3376	38	2	0	31	0.000125447	15943	0.999863	FALSE	ORF1ab:cds-YP_009724389.1	CTG	L	CTA	L	2028
NC_045512.2	6349	G	A	15941	3376	38	2	0	31	0.000125447	15943	0.999863	FALSE	ORF1ab:cds-YP_009725295.1	CTG	L	CTA	L	2028
NC_045512.2	6350	A	T	15694	3364	38	1	0	25	6.36943e-05	15700	1	FALSE	ORF1ab:cds-YP_009724389.1	AAG	K	TAG	*	2029
NC_045512.2	6350	A	T	15694	3364	38	1	0	25	6.36943e-05	15700	1	FALSE	ORF1ab:cds-YP_009725295.1	AAG	K	TAG	*	2029
NC_045512.2	6350	A	G	15694	3364	38	4	3	37	0.000254777	15700	0.997792	FALSE	ORF1ab:cds-YP_009724389.1	AAG	K	GAG	E	2029
NC_045512.2	6350	A	G	15694	3364	38	4	3	37	0.000254777	15700	0.997792	FALSE	ORF1ab:cds-YP_009725295.1	AAG	K	GAG	E	2029
NC_045512.2	6350	A	C	15694	3364	38	1	0	37	6.36943e-05	15700	0.999985	FALSE	ORF1ab:cds-YP_009724389.1	AAG	K	CAG	Q	2029
NC_045512.2	6350	A	C	15694	3364	38	1	0	37	6.36943e-05	15700	0.999985	FALSE	ORF1ab:cds-YP_009725295.1	AAG	K	CAG	Q	2029
NC_045512.2	6351	A	T	15888	3273	37	2	0	37	0.000125818	15896	0.999863	FALSE	ORF1ab:cds-YP_009724389.1	AAG	K	ATG	M	2029
NC_045512.2	6351	A	T	15888	3273	37	2	0	37	0.000125818	15896	0.999863	FALSE	ORF1ab:cds-YP_009725295.1	AAG	K	ATG	M	2029
NC_045512.2	6351	A	G	15888	3273	37	2	1	37	0.000125818	15896	0.999863	FALSE	ORF1ab:cds-YP_009724389.1	AAG	K	AGG	R	2029
NC_045512.2	6351	A	G	15888	3273	37	2	1	37	0.000125818	15896	0.999863	FALSE	ORF1ab:cds-YP_009725295.1	AAG	K	AGG	R	2029
NC_045512.2	6351	A	C	15888	3273	37	4	1	25	0.000251636	15896	1	FALSE	ORF1ab:cds-YP_009724389.1	AAG	K	ACG	T	2029
NC_045512.2	6351	A	C	15888	3273	37	4	1	25	0.000251636	15896	1	FALSE	ORF1ab:cds-YP_009725295.1	AAG	K	ACG	T	2029
NC_045512.2	6352	G	A	16432	3545	38	1	0	37	6.08532e-05	16433	0.999992	FALSE	ORF1ab:cds-YP_009724389.1	AAG	K	AAA	K	2029
NC_045512.2	6352	G	A	16432	3545	38	1	0	37	6.08532e-05	16433	0.999992	FALSE	ORF1ab:cds-YP_009725295.1	AAG	K	AAA	K	2029
NC_045512.2	6353	T	G	16346	3466	38	2	1	25	0.000122309	16352	1	FALSE	ORF1ab:cds-YP_009724389.1	TCA	S	GCA	A	2030
NC_045512.2	6353	T	G	16346	3466	38	2	1	25	0.000122309	16352	1	FALSE	ORF1ab:cds-YP_009725295.1	TCA	S	GCA	A	2030
NC_045512.2	6353	T	C	16346	3466	38	3	0	37	0.000183464	16352	0.999637	FALSE	ORF1ab:cds-YP_009724389.1	TCA	S	CCA	P	2030
NC_045512.2	6353	T	C	16346	3466	38	3	0	37	0.000183464	16352	0.999637	FALSE	ORF1ab:cds-YP_009725295.1	TCA	S	CCA	P	2030
NC_045512.2	6353	T	A	16346	3466	38	1	0	25	6.11546e-05	16352	1	FALSE	ORF1ab:cds-YP_009724389.1	TCA	S	ACA	T	2030
NC_045512.2	6353	T	A	16346	3466	38	1	0	25	6.11546e-05	16352	1	FALSE	ORF1ab:cds-YP_009725295.1	TCA	S	ACA	T	2030
NC_045512.2	6354	C	T	13442	2954	38	3165	733	38	0.190571	16608	0	TRUE	ORF1ab:cds-YP_009724389.1	TCA	S	TTA	L	2030
NC_045512.2	6354	C	T	13442	2954	38	3165	733	38	0.190571	16608	0	TRUE	ORF1ab:cds-YP_009725295.1	TCA	S	TTA	L	2030
NC_045512.2	6354	C	G	13442	2954	38	1	1	37	6.02119e-05	16608	0.999958	FALSE	ORF1ab:cds-YP_009724389.1	TCA	S	TGA	*	2030
NC_045512.2	6354	C	G	13442	2954	38	1	1	37	6.02119e-05	16608	0.999958	FALSE	ORF1ab:cds-YP_009725295.1	TCA	S	TGA	*	2030
NC_045512.2	6355	A	T	15932	3601	38	1	1	37	6.27117e-05	15946	0.999985	FALSE	ORF1ab:cds-YP_009724389.1	TCA	S	TCT	S	2030
NC_045512.2	6355	A	T	15932	3601	38	1	1	37	6.27117e-05	15946	0.999985	FALSE	ORF1ab:cds-YP_009725295.1	TCA	S	TCT	S	2030
NC_045512.2	6355	A	G	15932	3601	38	8	1	38	0.000501693	15946	0.953416	FALSE	ORF1ab:cds-YP_009724389.1	TCA	S	TCG	S	2030
NC_045512.2	6355	A	G	15932	3601	38	8	1	38	0.000501693	15946	0.953416	FALSE	ORF1ab:cds-YP_009725295.1	TCA	S	TCG	S	2030
NC_045512.2	6355	A	C	15932	3601	38	5	1	30	0.000313558	15946	0.994085	FALSE	ORF1ab:cds-YP_009724389.1	TCA	S	TCC	S	2030
NC_045512.2	6355	A	C	15932	3601	38	5	1	30	0.000313558	15946	0.994085	FALSE	ORF1ab:cds-YP_009725295.1	TCA	S	TCC	S	2030
NC_045512.2	6356	G	T	16634	3660	39	1	0	37	6.01142e-05	16635	0.999992	FALSE	ORF1ab:cds-YP_009724389.1	GAG	E	TAG	*	2031
NC_045512.2	6356	G	T	16634	3660	39	1	0	37	6.01142e-05	16635	0.999992	FALSE	ORF1ab:cds-YP_009725295.1	GAG	E	TAG	*	2031
NC_045512.2	6357	A	T	16170	3889	38	4	0	31	0.000247173	16183	0.998711	FALSE	ORF1ab:cds-YP_009724389.1	GAG	E	GTG	V	2031
NC_045512.2	6357	A	T	16170	3889	38	4	0	31	0.000247173	16183	0.998711	FALSE	ORF1ab:cds-YP_009725295.1	GAG	E	GTG	V	2031
NC_045512.2	6357	A	G	16170	3889	38	9	2	41	0.000556139	16183	0.0107245	FALSE	ORF1ab:cds-YP_009724389.1	GAG	E	GGG	G	2031
NC_045512.2	6357	A	G	16170	3889	38	9	2	41	0.000556139	16183	0.0107245	FALSE	ORF1ab:cds-YP_009725295.1	GAG	E	GGG	G	2031
NC_045512.2	6358	G	T	16751	3904	39	1	0	25	5.96837e-05	16755	1	FALSE	ORF1ab:cds-YP_009724389.1	GAG	E	GAT	D	2031
NC_045512.2	6358	G	T	16751	3904	39	1	0	25	5.96837e-05	16755	1	FALSE	ORF1ab:cds-YP_009725295.1	GAG	E	GAT	D	2031
NC_045512.2	6358	G	C	16751	3904	39	1	0	25	5.96837e-05	16755	1	FALSE	ORF1ab:cds-YP_009724389.1	GAG	E	GAC	D	2031
NC_045512.2	6358	G	C	16751	3904	39	1	0	25	5.96837e-05	16755	1	FALSE	ORF1ab:cds-YP_009725295.1	GAG	E	GAC	D	2031
NC_045512.2	6358	G	A	16751	3904	39	2	1	55	0.000119367	16755	0.249978	FALSE	ORF1ab:cds-YP_009724389.1	GAG	E	GAA	E	2031
NC_045512.2	6358	G	A	16751	3904	39	2	1	55	0.000119367	16755	0.249978	FALSE	ORF1ab:cds-YP_009725295.1	GAG	E	GAA	E	2031
NC_045512.2	6359	G	T	16633	3895	39	2	0	37	0.000120214	16637	0.999928	FALSE	ORF1ab:cds-YP_009724389.1	GAC	D	TAC	Y	2032
NC_045512.2	6359	G	T	16633	3895	39	2	0	37	0.000120214	16637	0.999928	FALSE	ORF1ab:cds-YP_009725295.1	GAC	D	TAC	Y	2032
NC_045512.2	6359	G	C	16633	3895	39	1	0	37	6.0107e-05	16637	0.999992	FALSE	ORF1ab:cds-YP_009724389.1	GAC	D	CAC	H	2032
NC_045512.2	6359	G	C	16633	3895	39	1	0	37	6.0107e-05	16637	0.999992	FALSE	ORF1ab:cds-YP_009725295.1	GAC	D	CAC	H	2032
NC_045512.2	6359	G	A	16633	3895	39	1	0	37	6.0107e-05	16637	0.999992	FALSE	ORF1ab:cds-YP_009724389.1	GAC	D	AAC	N	2032
NC_045512.2	6359	G	A	16633	3895	39	1	0	37	6.0107e-05	16637	0.999992	FALSE	ORF1ab:cds-YP_009725295.1	GAC	D	AAC	N	2032
NC_045512.2	6360	A	G	16056	3824	39	1	0	37	6.22704e-05	16059	0.999992	FALSE	ORF1ab:cds-YP_009724389.1	GAC	D	GGC	G	2032
NC_045512.2	6360	A	G	16056	3824	39	1	0	37	6.22704e-05	16059	0.999992	FALSE	ORF1ab:cds-YP_009725295.1	GAC	D	GGC	G	2032
NC_045512.2	6360	A	C	16056	3824	39	2	0	37	0.000124541	16059	0.999928	FALSE	ORF1ab:cds-YP_009724389.1	GAC	D	GCC	A	2032
NC_045512.2	6360	A	C	16056	3824	39	2	0	37	0.000124541	16059	0.999928	FALSE	ORF1ab:cds-YP_009725295.1	GAC	D	GCC	A	2032
NC_045512.2	6361	C	T	16326	4065	39	4	2	46	0.000244948	16330	0.1875	FALSE	ORF1ab:cds-YP_009724389.1	GAC	D	GAT	D	2032
NC_045512.2	6361	C	T	16326	4065	39	4	2	46	0.000244948	16330	0.1875	FALSE	ORF1ab:cds-YP_009725295.1	GAC	D	GAT	D	2032
NC_045512.2	6362	G	T	16393	4239	39	1	0	25	6.09793e-05	16399	1	FALSE	ORF1ab:cds-YP_009724389.1	GCG	A	TCG	S	2033
NC_045512.2	6362	G	T	16393	4239	39	1	0	25	6.09793e-05	16399	1	FALSE	ORF1ab:cds-YP_009725295.1	GCG	A	TCG	S	2033
NC_045512.2	6362	G	A	16393	4239	39	5	3	42	0.000304897	16399	0.109354	FALSE	ORF1ab:cds-YP_009724389.1	GCG	A	ACG	T	2033
NC_045512.2	6362	G	A	16393	4239	39	5	3	42	0.000304897	16399	0.109354	FALSE	ORF1ab:cds-YP_009725295.1	GCG	A	ACG	T	2033
NC_045512.2	6363	C	T	16484	4247	39	6	2	43	0.000363813	16492	0.0624702	FALSE	ORF1ab:cds-YP_009724389.1	GCG	A	GTG	V	2033
NC_045512.2	6363	C	T	16484	4247	39	6	2	43	0.000363813	16492	0.0624702	FALSE	ORF1ab:cds-YP_009725295.1	GCG	A	GTG	V	2033
NC_045512.2	6363	C	A	16484	4247	39	2	0	25	0.000121271	16492	1	FALSE	ORF1ab:cds-YP_009724389.1	GCG	A	GAG	E	2033
NC_045512.2	6363	C	A	16484	4247	39	2	0	25	0.000121271	16492	1	FALSE	ORF1ab:cds-YP_009725295.1	GCG	A	GAG	E	2033
NC_045512.2	6364	G	T	16400	4197	39	3	1	33	0.000182482	16440	0.999631	FALSE	ORF1ab:cds-YP_009724389.1	GCG	A	GCT	A	2033
NC_045512.2	6364	G	T	16400	4197	39	3	1	33	0.000182482	16440	0.999631	FALSE	ORF1ab:cds-YP_009725295.1	GCG	A	GCT	A	2033
NC_045512.2	6364	G	A	16400	4197	39	37	13	42	0.00225061	16440	1.38876e-10	TRUE	ORF1ab:cds-YP_009724389.1	GCG	A	GCA	A	2033
NC_045512.2	6364	G	A	16400	4197	39	37	13	42	0.00225061	16440	1.38876e-10	TRUE	ORF1ab:cds-YP_009725295.1	GCG	A	GCA	A	2033
NC_045512.2	6365	C	T	16435	4243	39	1	0	37	6.08384e-05	16437	0.999992	FALSE	ORF1ab:cds-YP_009724389.1	CAG	Q	TAG	*	2034
NC_045512.2	6365	C	T	16435	4243	39	1	0	37	6.08384e-05	16437	0.999992	FALSE	ORF1ab:cds-YP_009725295.1	CAG	Q	TAG	*	2034
NC_045512.2	6365	C	A	16435	4243	39	1	0	37	6.08384e-05	16437	0.999992	FALSE	ORF1ab:cds-YP_009724389.1	CAG	Q	AAG	K	2034
NC_045512.2	6365	C	A	16435	4243	39	1	0	37	6.08384e-05	16437	0.999992	FALSE	ORF1ab:cds-YP_009725295.1	CAG	Q	AAG	K	2034
NC_045512.2	6366	A	G	15745	4217	39	3	0	37	0.000190452	15752	0.999345	FALSE	ORF1ab:cds-YP_009724389.1	CAG	Q	CGG	R	2034
NC_045512.2	6366	A	G	15745	4217	39	3	0	37	0.000190452	15752	0.999345	FALSE	ORF1ab:cds-YP_009725295.1	CAG	Q	CGG	R	2034
NC_045512.2	6366	A	C	15745	4217	39	4	0	28	0.000253936	15752	1	FALSE	ORF1ab:cds-YP_009724389.1	CAG	Q	CCG	P	2034
NC_045512.2	6366	A	C	15745	4217	39	4	0	28	0.000253936	15752	1	FALSE	ORF1ab:cds-YP_009725295.1	CAG	Q	CCG	P	2034
NC_045512.2	6367	G	T	16578	4269	39	2	0	27	0.000120605	16583	1	FALSE	ORF1ab:cds-YP_009724389.1	CAG	Q	CAT	H	2034
NC_045512.2	6367	G	T	16578	4269	39	2	0	27	0.000120605	16583	1	FALSE	ORF1ab:cds-YP_009725295.1	CAG	Q	CAT	H	2034
NC_045512.2	6367	G	C	16578	4269	39	1	0	37	6.03027e-05	16583	0.999992	FALSE	ORF1ab:cds-YP_009724389.1	CAG	Q	CAC	H	2034
NC_045512.2	6367	G	C	16578	4269	39	1	0	37	6.03027e-05	16583	0.999992	FALSE	ORF1ab:cds-YP_009725295.1	CAG	Q	CAC	H	2034
NC_045512.2	6367	G	A	16578	4269	39	2	1	37	0.000120605	16583	0.999928	FALSE	ORF1ab:cds-YP_009724389.1	CAG	Q	CAA	Q	2034
NC_045512.2	6367	G	A	16578	4269	39	2	1	37	0.000120605	16583	0.999928	FALSE	ORF1ab:cds-YP_009725295.1	CAG	Q	CAA	Q	2034
NC_045512.2	6368	G	T	16660	4330	39	3	1	30	0.000180029	16664	0.999637	FALSE	ORF1ab:cds-YP_009724389.1	GGA	G	TGA	*	2035
NC_045512.2	6368	G	T	16660	4330	39	3	1	30	0.000180029	16664	0.999637	FALSE	ORF1ab:cds-YP_009725295.1	GGA	G	TGA	*	2035
NC_045512.2	6368	G	A	16660	4330	39	1	0	37	6.00096e-05	16664	0.999992	FALSE	ORF1ab:cds-YP_009724389.1	GGA	G	AGA	R	2035
NC_045512.2	6368	G	A	16660	4330	39	1	0	37	6.00096e-05	16664	0.999992	FALSE	ORF1ab:cds-YP_009725295.1	GGA	G	AGA	R	2035
NC_045512.2	6369	G	T	16839	4454	39	3	1	33	0.000178126	16842	0.999637	FALSE	ORF1ab:cds-YP_009724389.1	GGA	G	GTA	V	2035
NC_045512.2	6369	G	T	16839	4454	39	3	1	33	0.000178126	16842	0.999637	FALSE	ORF1ab:cds-YP_009725295.1	GGA	G	GTA	V	2035
NC_045512.2	6370	A	T	16437	4466	39	2	0	37	0.000121618	16445	0.999928	FALSE	ORF1ab:cds-YP_009724389.1	GGA	G	GGT	G	2035
NC_045512.2	6370	A	T	16437	4466	39	2	0	37	0.000121618	16445	0.999928	FALSE	ORF1ab:cds-YP_009725295.1	GGA	G	GGT	G	2035
NC_045512.2	6370	A	G	16437	4466	39	2	1	55	0.000121618	16445	0.249916	FALSE	ORF1ab:cds-YP_009724389.1	GGA	G	GGG	G	2035
NC_045512.2	6370	A	G	16437	4466	39	2	1	55	0.000121618	16445	0.249916	FALSE	ORF1ab:cds-YP_009725295.1	GGA	G	GGG	G	2035
NC_045512.2	6370	A	C	16437	4466	39	4	0	31	0.000243235	16445	0.998714	FALSE	ORF1ab:cds-YP_009724389.1	GGA	G	GGC	G	2035
NC_045512.2	6370	A	C	16437	4466	39	4	0	31	0.000243235	16445	0.998714	FALSE	ORF1ab:cds-YP_009725295.1	GGA	G	GGC	G	2035
NC_045512.2	6371	A	T	13482	4614	37	3	3	25	0.000222058	13510	1	FALSE	ORF1ab:cds-YP_009724389.1	ATG	M	TTG	L	2036
NC_045512.2	6371	A	T	13482	4614	37	3	3	25	0.000222058	13510	1	FALSE	ORF1ab:cds-YP_009725295.1	ATG	M	TTG	L	2036
NC_045512.2	6371	A	G	13482	4614	37	4	0	43	0.000296077	13510	0.186945	FALSE	ORF1ab:cds-YP_009724389.1	ATG	M	GTG	V	2036
NC_045512.2	6371	A	G	13482	4614	37	4	0	43	0.000296077	13510	0.186945	FALSE	ORF1ab:cds-YP_009725295.1	ATG	M	GTG	V	2036
NC_045512.2	6371	A	C	13482	4614	37	21	0	28	0.0015544	13510	1	FALSE	ORF1ab:cds-YP_009724389.1	ATG	M	CTG	L	2036
NC_045512.2	6371	A	C	13482	4614	37	21	0	28	0.0015544	13510	1	FALSE	ORF1ab:cds-YP_009725295.1	ATG	M	CTG	L	2036
NC_045512.2	6372	T	G	15616	4606	39	2	1	25	0.000128025	15622	1	FALSE	ORF1ab:cds-YP_009724389.1	ATG	M	AGG	R	2036
NC_045512.2	6372	T	G	15616	4606	39	2	1	25	0.000128025	15622	1	FALSE	ORF1ab:cds-YP_009725295.1	ATG	M	AGG	R	2036
NC_045512.2	6372	T	C	15616	4606	39	4	1	37	0.000256049	15622	0.997792	FALSE	ORF1ab:cds-YP_009724389.1	ATG	M	ACG	T	2036
NC_045512.2	6372	T	C	15616	4606	39	4	1	37	0.000256049	15622	0.997792	FALSE	ORF1ab:cds-YP_009725295.1	ATG	M	ACG	T	2036
NC_045512.2	6373	G	A	16715	4576	38	1	0	37	5.98229e-05	16716	0.999992	FALSE	ORF1ab:cds-YP_009724389.1	ATG	M	ATA	I	2036
NC_045512.2	6373	G	A	16715	4576	38	1	0	37	5.98229e-05	16716	0.999992	FALSE	ORF1ab:cds-YP_009725295.1	ATG	M	ATA	I	2036
NC_045512.2	6374	G	T	16729	4602	38	2	0	37	0.00011951	16735	0.999928	FALSE	ORF1ab:cds-YP_009724389.1	GAT	D	TAT	Y	2037
NC_045512.2	6374	G	T	16729	4602	38	2	0	37	0.00011951	16735	0.999928	FALSE	ORF1ab:cds-YP_009725295.1	GAT	D	TAT	Y	2037
NC_045512.2	6374	G	A	16729	4602	38	4	1	34	0.00023902	16735	0.998715	FALSE	ORF1ab:cds-YP_009724389.1	GAT	D	AAT	N	2037
NC_045512.2	6374	G	A	16729	4602	38	4	1	34	0.00023902	16735	0.998715	FALSE	ORF1ab:cds-YP_009725295.1	GAT	D	AAT	N	2037
NC_045512.2	6375	A	G	16539	4577	39	4	0	33	0.000241779	16544	0.998715	FALSE	ORF1ab:cds-YP_009724389.1	GAT	D	GGT	G	2037
NC_045512.2	6375	A	G	16539	4577	39	4	0	33	0.000241779	16544	0.998715	FALSE	ORF1ab:cds-YP_009725295.1	GAT	D	GGT	G	2037
NC_045512.2	6375	A	C	16539	4577	39	1	0	37	6.04449e-05	16544	0.999992	FALSE	ORF1ab:cds-YP_009724389.1	GAT	D	GCT	A	2037
NC_045512.2	6375	A	C	16539	4577	39	1	0	37	6.04449e-05	16544	0.999992	FALSE	ORF1ab:cds-YP_009725295.1	GAT	D	GCT	A	2037
NC_045512.2	6376	T	C	16758	4714	39	6	1	37	0.00035791	16764	0.99157	FALSE	ORF1ab:cds-YP_009724389.1	GAT	D	GAC	D	2037
NC_045512.2	6376	T	C	16758	4714	39	6	1	37	0.00035791	16764	0.99157	FALSE	ORF1ab:cds-YP_009725295.1	GAT	D	GAC	D	2037
NC_045512.2	6377	A	G	16714	4673	39	2	0	37	0.000119639	16717	0.999928	FALSE	ORF1ab:cds-YP_009724389.1	AAT	N	GAT	D	2038
NC_045512.2	6377	A	G	16714	4673	39	2	0	37	0.000119639	16717	0.999928	FALSE	ORF1ab:cds-YP_009725295.1	AAT	N	GAT	D	2038
NC_045512.2	6377	A	C	16714	4673	39	1	0	37	5.98193e-05	16717	0.999992	FALSE	ORF1ab:cds-YP_009724389.1	AAT	N	CAT	H	2038
NC_045512.2	6377	A	C	16714	4673	39	1	0	37	5.98193e-05	16717	0.999992	FALSE	ORF1ab:cds-YP_009725295.1	AAT	N	CAT	H	2038
NC_045512.2	6378	A	G	15958	4595	38	1	0	37	6.26409e-05	15964	0.999985	FALSE	ORF1ab:cds-YP_009724389.1	AAT	N	AGT	S	2038
NC_045512.2	6378	A	G	15958	4595	38	1	0	37	6.26409e-05	15964	0.999985	FALSE	ORF1ab:cds-YP_009725295.1	AAT	N	AGT	S	2038
NC_045512.2	6378	A	C	15958	4595	38	5	2	39	0.000313205	15964	0.994104	FALSE	ORF1ab:cds-YP_009724389.1	AAT	N	ACT	T	2038
NC_045512.2	6378	A	C	15958	4595	38	5	2	39	0.000313205	15964	0.994104	FALSE	ORF1ab:cds-YP_009725295.1	AAT	N	ACT	T	2038
NC_045512.2	6379	T	C	15573	4727	38	1	0	37	6.42013e-05	15576	0.999985	FALSE	ORF1ab:cds-YP_009724389.1	AAT	N	AAC	N	2038
NC_045512.2	6379	T	C	15573	4727	38	1	0	37	6.42013e-05	15576	0.999985	FALSE	ORF1ab:cds-YP_009725295.1	AAT	N	AAC	N	2038
NC_045512.2	6379	T	A	15573	4727	38	2	0	31	0.000128403	15576	0.999863	FALSE	ORF1ab:cds-YP_009724389.1	AAT	N	AAA	K	2038
NC_045512.2	6379	T	A	15573	4727	38	2	0	31	0.000128403	15576	0.999863	FALSE	ORF1ab:cds-YP_009725295.1	AAT	N	AAA	K	2038
NC_045512.2	6380	C	T	15675	4847	38	3	1	33	0.000191314	15681	0.999345	FALSE	ORF1ab:cds-YP_009724389.1	CTT	L	TTT	F	2039
NC_045512.2	6380	C	T	15675	4847	38	3	1	33	0.000191314	15681	0.999345	FALSE	ORF1ab:cds-YP_009725295.1	CTT	L	TTT	F	2039
NC_045512.2	6380	C	A	15675	4847	38	3	1	37	0.000191314	15681	0.999345	FALSE	ORF1ab:cds-YP_009724389.1	CTT	L	ATT	I	2039
NC_045512.2	6380	C	A	15675	4847	38	3	1	37	0.000191314	15681	0.999345	FALSE	ORF1ab:cds-YP_009725295.1	CTT	L	ATT	I	2039
NC_045512.2	6381	T	G	15122	4262	38	5	5	29	0.000330404	15133	1	FALSE	ORF1ab:cds-YP_009724389.1	CTT	L	CGT	R	2039
NC_045512.2	6381	T	G	15122	4262	38	5	5	29	0.000330404	15133	1	FALSE	ORF1ab:cds-YP_009725295.1	CTT	L	CGT	R	2039
NC_045512.2	6381	T	C	15122	4262	38	3	0	37	0.000198242	15133	0.999344	FALSE	ORF1ab:cds-YP_009724389.1	CTT	L	CCT	P	2039
NC_045512.2	6381	T	C	15122	4262	38	3	0	37	0.000198242	15133	0.999344	FALSE	ORF1ab:cds-YP_009725295.1	CTT	L	CCT	P	2039
NC_045512.2	6381	T	A	15122	4262	38	3	1	33	0.000198242	15133	0.999344	FALSE	ORF1ab:cds-YP_009724389.1	CTT	L	CAT	H	2039
NC_045512.2	6381	T	A	15122	4262	38	3	1	33	0.000198242	15133	0.999344	FALSE	ORF1ab:cds-YP_009725295.1	CTT	L	CAT	H	2039
NC_045512.2	6382	T	G	15038	4237	38	2	2	25	0.00013297	15041	1	FALSE	ORF1ab:cds-YP_009724389.1	CTT	L	CTG	L	2039
NC_045512.2	6382	T	G	15038	4237	38	2	2	25	0.00013297	15041	1	FALSE	ORF1ab:cds-YP_009725295.1	CTT	L	CTG	L	2039
NC_045512.2	6382	T	C	15038	4237	38	1	0	37	6.64849e-05	15041	0.999985	FALSE	ORF1ab:cds-YP_009724389.1	CTT	L	CTC	L	2039
NC_045512.2	6382	T	C	15038	4237	38	1	0	37	6.64849e-05	15041	0.999985	FALSE	ORF1ab:cds-YP_009725295.1	CTT	L	CTC	L	2039
NC_045512.2	6383	G	T	15199	4436	38	2	0	31	0.000131518	15207	0.999863	FALSE	ORF1ab:cds-YP_009724389.1	GCC	A	TCC	S	2040
NC_045512.2	6383	G	T	15199	4436	38	2	0	31	0.000131518	15207	0.999863	FALSE	ORF1ab:cds-YP_009725295.1	GCC	A	TCC	S	2040
NC_045512.2	6383	G	A	15199	4436	38	6	3	39	0.000394555	15207	0.986719	FALSE	ORF1ab:cds-YP_009724389.1	GCC	A	ACC	T	2040
NC_045512.2	6383	G	A	15199	4436	38	6	3	39	0.000394555	15207	0.986719	FALSE	ORF1ab:cds-YP_009725295.1	GCC	A	ACC	T	2040
NC_045512.2	6384	C	T	14885	4544	38	14	5	38	0.00093966	14899	0.574828	FALSE	ORF1ab:cds-YP_009724389.1	GCC	A	GTC	V	2040
NC_045512.2	6384	C	T	14885	4544	38	14	5	38	0.00093966	14899	0.574828	FALSE	ORF1ab:cds-YP_009725295.1	GCC	A	GTC	V	2040
NC_045512.2	6385	C	T	14890	4636	38	3	1	37	0.000201423	14894	0.998828	FALSE	ORF1ab:cds-YP_009724389.1	GCC	A	GCT	A	2040
NC_045512.2	6385	C	T	14890	4636	38	3	1	37	0.000201423	14894	0.998828	FALSE	ORF1ab:cds-YP_009725295.1	GCC	A	GCT	A	2040
NC_045512.2	6385	C	A	14890	4636	38	1	1	37	6.71411e-05	14894	0.99997	FALSE	ORF1ab:cds-YP_009724389.1	GCC	A	GCA	A	2040
NC_045512.2	6385	C	A	14890	4636	38	1	1	37	6.71411e-05	14894	0.99997	FALSE	ORF1ab:cds-YP_009725295.1	GCC	A	GCA	A	2040
NC_045512.2	6386	T	G	14764	4501	38	2	0	37	0.00013541	14770	0.999741	FALSE	ORF1ab:cds-YP_009724389.1	TGC	C	GGC	G	2041
NC_045512.2	6386	T	G	14764	4501	38	2	0	37	0.00013541	14770	0.999741	FALSE	ORF1ab:cds-YP_009725295.1	TGC	C	GGC	G	2041
NC_045512.2	6386	T	C	14764	4501	38	3	0	33	0.000203114	14770	0.998827	FALSE	ORF1ab:cds-YP_009724389.1	TGC	C	CGC	R	2041
NC_045512.2	6386	T	C	14764	4501	38	3	0	33	0.000203114	14770	0.998827	FALSE	ORF1ab:cds-YP_009725295.1	TGC	C	CGC	R	2041
NC_045512.2	6386	T	A	14764	4501	38	1	0	37	6.77048e-05	14770	0.99997	FALSE	ORF1ab:cds-YP_009724389.1	TGC	C	AGC	S	2041
NC_045512.2	6386	T	A	14764	4501	38	1	0	37	6.77048e-05	14770	0.99997	FALSE	ORF1ab:cds-YP_009725295.1	TGC	C	AGC	S	2041
NC_045512.2	6387	G	A	15278	4889	39	5	2	44	0.000327161	15283	0.109367	FALSE	ORF1ab:cds-YP_009724389.1	TGC	C	TAC	Y	2041
NC_045512.2	6387	G	A	15278	4889	39	5	2	44	0.000327161	15283	0.109367	FALSE	ORF1ab:cds-YP_009725295.1	TGC	C	TAC	Y	2041
NC_045512.2	6388	C	T	15081	4879	39	13	2	37	0.000861269	15094	0.714356	FALSE	ORF1ab:cds-YP_009724389.1	TGC	C	TGT	C	2041
NC_045512.2	6388	C	T	15081	4879	39	13	2	37	0.000861269	15094	0.714356	FALSE	ORF1ab:cds-YP_009725295.1	TGC	C	TGT	C	2041
NC_045512.2	6389	G	A	13883	5105	38	2	1	55	0.00014404	13885	0.250009	FALSE	ORF1ab:cds-YP_009724389.1	GAA	E	AAA	K	2042
NC_045512.2	6389	G	A	13883	5105	38	2	1	55	0.00014404	13885	0.250009	FALSE	ORF1ab:cds-YP_009725295.1	GAA	E	AAA	K	2042
NC_045512.2	6390	A	G	11800	5306	37	3	1	37	0.000254173	11803	0.993546	FALSE	ORF1ab:cds-YP_009724389.1	GAA	E	GGA	G	2042
NC_045512.2	6390	A	G	11800	5306	37	3	1	37	0.000254173	11803	0.993546	FALSE	ORF1ab:cds-YP_009725295.1	GAA	E	GGA	G	2042
NC_045512.2	6391	A	T	11502	5289	37	3	0	33	0.000260598	11512	0.993526	FALSE	ORF1ab:cds-YP_009724389.1	GAA	E	GAT	D	2042
NC_045512.2	6391	A	T	11502	5289	37	3	0	33	0.000260598	11512	0.993526	FALSE	ORF1ab:cds-YP_009725295.1	GAA	E	GAT	D	2042
NC_045512.2	6391	A	G	11502	5289	37	4	4	37	0.000347464	11512	0.982415	FALSE	ORF1ab:cds-YP_009724389.1	GAA	E	GAG	E	2042
NC_045512.2	6391	A	G	11502	5289	37	4	4	37	0.000347464	11512	0.982415	FALSE	ORF1ab:cds-YP_009725295.1	GAA	E	GAG	E	2042
NC_045512.2	6391	A	C	11502	5289	37	3	0	29	0.000260598	11512	1	FALSE	ORF1ab:cds-YP_009724389.1	GAA	E	GAC	D	2042
NC_045512.2	6391	A	C	11502	5289	37	3	0	29	0.000260598	11512	1	FALSE	ORF1ab:cds-YP_009725295.1	GAA	E	GAC	D	2042
NC_045512.2	6392	G	T	12204	5343	37	3	2	33	0.000245761	12207	0.996318	FALSE	ORF1ab:cds-YP_009724389.1	GAT	D	TAT	Y	2043
NC_045512.2	6392	G	T	12204	5343	37	3	2	33	0.000245761	12207	0.996318	FALSE	ORF1ab:cds-YP_009725295.1	GAT	D	TAT	Y	2043
NC_045512.2	6393	A	G	12202	5385	37	3	0	37	0.000245801	12205	0.996318	FALSE	ORF1ab:cds-YP_009724389.1	GAT	D	GGT	G	2043
NC_045512.2	6393	A	G	12202	5385	37	3	0	37	0.000245801	12205	0.996318	FALSE	ORF1ab:cds-YP_009725295.1	GAT	D	GGT	G	2043
NC_045512.2	6394	T	C	13490	6288	37	2	2	37	0.000148236	13492	0.999513	FALSE	ORF1ab:cds-YP_009724389.1	GAT	D	GAC	D	2043
NC_045512.2	6394	T	C	13490	6288	37	2	2	37	0.000148236	13492	0.999513	FALSE	ORF1ab:cds-YP_009725295.1	GAT	D	GAC	D	2043
NC_045512.2	6395	C	A	14270	6965	38	4	4	43	0.00028023	14274	0.1875	FALSE	ORF1ab:cds-YP_009724389.1	CTA	L	ATA	I	2044
NC_045512.2	6395	C	A	14270	6965	38	4	4	43	0.00028023	14274	0.1875	FALSE	ORF1ab:cds-YP_009725295.1	CTA	L	ATA	I	2044
NC_045512.2	6396	T	G	14367	7092	38	1	0	25	6.95943e-05	14369	1	FALSE	ORF1ab:cds-YP_009724389.1	CTA	L	CGA	R	2044
NC_045512.2	6396	T	G	14367	7092	38	1	0	25	6.95943e-05	14369	1	FALSE	ORF1ab:cds-YP_009725295.1	CTA	L	CGA	R	2044
NC_045512.2	6396	T	C	14367	7092	38	1	1	37	6.95943e-05	14369	0.99997	FALSE	ORF1ab:cds-YP_009724389.1	CTA	L	CCA	P	2044
NC_045512.2	6396	T	C	14367	7092	38	1	1	37	6.95943e-05	14369	0.99997	FALSE	ORF1ab:cds-YP_009725295.1	CTA	L	CCA	P	2044
NC_045512.2	6396	T	-A	14367	7092	38	7	0	20	0.00048716	14369	1	FALSE	NA	NA	NA	NA	NA	NA
NC_045512.2	6397	A	T	14471	7202	38	2	1	25	0.000138188	14473	1	FALSE	ORF1ab:cds-YP_009724389.1	CTA	L	CTT	L	2044
NC_045512.2	6397	A	T	14471	7202	38	2	1	25	0.000138188	14473	1	FALSE	ORF1ab:cds-YP_009725295.1	CTA	L	CTT	L	2044
NC_045512.2	6398	A	C	14387	7047	38	1	1	25	6.95024e-05	14388	1	FALSE	ORF1ab:cds-YP_009724389.1	AAA	K	CAA	Q	2045
NC_045512.2	6398	A	C	14387	7047	38	1	1	25	6.95024e-05	14388	1	FALSE	ORF1ab:cds-YP_009725295.1	AAA	K	CAA	Q	2045
NC_045512.2	6399	A	T	14088	6837	37	1	1	25	7.09471e-05	14095	1	FALSE	ORF1ab:cds-YP_009724389.1	AAA	K	ATA	I	2045
NC_045512.2	6399	A	T	14088	6837	37	1	1	25	7.09471e-05	14095	1	FALSE	ORF1ab:cds-YP_009725295.1	AAA	K	ATA	I	2045
NC_045512.2	6399	A	G	14088	6837	37	2	0	31	0.000141894	14095	0.999741	FALSE	ORF1ab:cds-YP_009724389.1	AAA	K	AGA	R	2045
NC_045512.2	6399	A	G	14088	6837	37	2	0	31	0.000141894	14095	0.999741	FALSE	ORF1ab:cds-YP_009725295.1	AAA	K	AGA	R	2045
NC_045512.2	6399	A	C	14088	6837	37	4	4	25	0.000283789	14095	1	FALSE	ORF1ab:cds-YP_009724389.1	AAA	K	ACA	T	2045
NC_045512.2	6399	A	C	14088	6837	37	4	4	25	0.000283789	14095	1	FALSE	ORF1ab:cds-YP_009725295.1	AAA	K	ACA	T	2045
NC_045512.2	6400	A	T	13643	6715	37	1	0	25	7.32547e-05	13651	1	FALSE	ORF1ab:cds-YP_009724389.1	AAA	K	AAT	N	2045
NC_045512.2	6400	A	T	13643	6715	37	1	0	25	7.32547e-05	13651	1	FALSE	ORF1ab:cds-YP_009725295.1	AAA	K	AAT	N	2045
NC_045512.2	6400	A	C	13643	6715	37	7	7	31	0.000512783	13651	0.942407	FALSE	ORF1ab:cds-YP_009724389.1	AAA	K	AAC	N	2045
NC_045512.2	6400	A	C	13643	6715	37	7	7	31	0.000512783	13651	0.942407	FALSE	ORF1ab:cds-YP_009725295.1	AAA	K	AAC	N	2045
NC_045512.2	6401	C	T	14758	7756	38	3	1	37	0.000203211	14763	0.998828	FALSE	ORF1ab:cds-YP_009724389.1	CCA	P	TCA	S	2046
NC_045512.2	6401	C	T	14758	7756	38	3	1	37	0.000203211	14763	0.998828	FALSE	ORF1ab:cds-YP_009725295.1	CCA	P	TCA	S	2046
NC_045512.2	6401	C	A	14758	7756	38	2	2	37	0.000135474	14763	0.999741	FALSE	ORF1ab:cds-YP_009724389.1	CCA	P	ACA	T	2046
NC_045512.2	6401	C	A	14758	7756	38	2	2	37	0.000135474	14763	0.999741	FALSE	ORF1ab:cds-YP_009725295.1	CCA	P	ACA	T	2046
NC_045512.2	6402	C	T	14449	7497	38	3	1	37	0.000207584	14452	0.998829	FALSE	ORF1ab:cds-YP_009724389.1	CCA	P	CTA	L	2046
NC_045512.2	6402	C	T	14449	7497	38	3	1	37	0.000207584	14452	0.998829	FALSE	ORF1ab:cds-YP_009725295.1	CCA	P	CTA	L	2046
NC_045512.2	6403	A	T	13729	6837	38	3	1	37	0.000218436	13734	0.997914	FALSE	ORF1ab:cds-YP_009724389.1	CCA	P	CCT	P	2046
NC_045512.2	6403	A	T	13729	6837	38	3	1	37	0.000218436	13734	0.997914	FALSE	ORF1ab:cds-YP_009725295.1	CCA	P	CCT	P	2046
NC_045512.2	6403	A	G	13729	6837	38	1	0	37	7.2812e-05	13734	0.999939	FALSE	ORF1ab:cds-YP_009724389.1	CCA	P	CCG	P	2046
NC_045512.2	6403	A	G	13729	6837	38	1	0	37	7.2812e-05	13734	0.999939	FALSE	ORF1ab:cds-YP_009725295.1	CCA	P	CCG	P	2046
NC_045512.2	6403	A	C	13729	6837	38	1	1	25	7.2812e-05	13734	1	FALSE	ORF1ab:cds-YP_009724389.1	CCA	P	CCC	P	2046
NC_045512.2	6403	A	C	13729	6837	38	1	1	25	7.2812e-05	13734	1	FALSE	ORF1ab:cds-YP_009725295.1	CCA	P	CCC	P	2046
NC_045512.2	6404	G	T	13819	6927	37	1	1	25	7.23589e-05	13820	1	FALSE	ORF1ab:cds-YP_009724389.1	GTC	V	TTC	F	2047
NC_045512.2	6404	G	T	13819	6927	37	1	1	25	7.23589e-05	13820	1	FALSE	ORF1ab:cds-YP_009725295.1	GTC	V	TTC	F	2047
NC_045512.2	6405	T	A	14011	7139	38	2	1	31	0.000142725	14013	0.999742	FALSE	ORF1ab:cds-YP_009724389.1	GTC	V	GAC	D	2047
NC_045512.2	6405	T	A	14011	7139	38	2	1	31	0.000142725	14013	0.999742	FALSE	ORF1ab:cds-YP_009725295.1	GTC	V	GAC	D	2047
NC_045512.2	6406	C	T	14222	7260	38	1	0	37	7.02839e-05	14228	0.99997	FALSE	ORF1ab:cds-YP_009724389.1	GTC	V	GTT	V	2047
NC_045512.2	6406	C	T	14222	7260	38	1	0	37	7.02839e-05	14228	0.99997	FALSE	ORF1ab:cds-YP_009725295.1	GTC	V	GTT	V	2047
NC_045512.2	6406	C	A	14222	7260	38	5	0	37	0.00035142	14228	0.990414	FALSE	ORF1ab:cds-YP_009724389.1	GTC	V	GTA	V	2047
NC_045512.2	6406	C	A	14222	7260	38	5	0	37	0.00035142	14228	0.990414	FALSE	ORF1ab:cds-YP_009725295.1	GTC	V	GTA	V	2047
NC_045512.2	6407	T	C	14122	7139	38	4	2	37	0.000283166	14126	0.99624	FALSE	ORF1ab:cds-YP_009724389.1	TCT	S	CCT	P	2048
NC_045512.2	6407	T	C	14122	7139	38	4	2	37	0.000283166	14126	0.99624	FALSE	ORF1ab:cds-YP_009725295.1	TCT	S	CCT	P	2048
NC_045512.2	6409	T	G	13964	7230	38	3	1	29	0.000214731	13971	1	FALSE	ORF1ab:cds-YP_009724389.1	TCT	S	TCG	S	2048
NC_045512.2	6409	T	G	13964	7230	38	3	1	29	0.000214731	13971	1	FALSE	ORF1ab:cds-YP_009725295.1	TCT	S	TCG	S	2048
NC_045512.2	6409	T	C	13964	7230	38	4	0	37	0.000286307	13971	0.993645	FALSE	ORF1ab:cds-YP_009724389.1	TCT	S	TCC	S	2048
NC_045512.2	6409	T	C	13964	7230	38	4	0	37	0.000286307	13971	0.993645	FALSE	ORF1ab:cds-YP_009725295.1	TCT	S	TCC	S	2048
NC_045512.2	6410	G	T	14233	7355	38	2	1	31	0.000140489	14236	0.999741	FALSE	ORF1ab:cds-YP_009724389.1	GAA	E	TAA	*	2049
NC_045512.2	6410	G	T	14233	7355	38	2	1	31	0.000140489	14236	0.999741	FALSE	ORF1ab:cds-YP_009725295.1	GAA	E	TAA	*	2049
NC_045512.2	6410	G	C	14233	7355	38	1	1	37	7.02445e-05	14236	0.99997	FALSE	ORF1ab:cds-YP_009724389.1	GAA	E	CAA	Q	2049
NC_045512.2	6410	G	C	14233	7355	38	1	1	37	7.02445e-05	14236	0.99997	FALSE	ORF1ab:cds-YP_009725295.1	GAA	E	CAA	Q	2049
NC_045512.2	6410	G	-A	14233	7355	38	1	0	20	7.02445e-05	14236	1	FALSE	NA	NA	NA	NA	NA	NA
NC_045512.2	6411	A	T	14321	7756	38	2	2	37	0.000139616	14325	0.999741	FALSE	ORF1ab:cds-YP_009724389.1	GAA	E	GTA	V	2049
NC_045512.2	6411	A	T	14321	7756	38	2	2	37	0.000139616	14325	0.999741	FALSE	ORF1ab:cds-YP_009725295.1	GAA	E	GTA	V	2049
NC_045512.2	6411	A	G	14321	7756	38	2	0	37	0.000139616	14325	0.999741	FALSE	ORF1ab:cds-YP_009724389.1	GAA	E	GGA	G	2049
NC_045512.2	6411	A	G	14321	7756	38	2	0	37	0.000139616	14325	0.999741	FALSE	ORF1ab:cds-YP_009725295.1	GAA	E	GGA	G	2049
NC_045512.2	6412	A	T	14321	7735	38	1	1	37	6.98129e-05	14324	0.99997	FALSE	ORF1ab:cds-YP_009724389.1	GAA	E	GAT	D	2049
NC_045512.2	6412	A	T	14321	7735	38	1	1	37	6.98129e-05	14324	0.99997	FALSE	ORF1ab:cds-YP_009725295.1	GAA	E	GAT	D	2049
NC_045512.2	6412	A	G	14321	7735	38	2	2	37	0.000139626	14324	0.999741	FALSE	ORF1ab:cds-YP_009724389.1	GAA	E	GAG	E	2049
NC_045512.2	6412	A	G	14321	7735	38	2	2	37	0.000139626	14324	0.999741	FALSE	ORF1ab:cds-YP_009725295.1	GAA	E	GAG	E	2049
NC_045512.2	6413	G	C	14601	7920	38	1	0	37	6.84838e-05	14602	0.99997	FALSE	ORF1ab:cds-YP_009724389.1	GAA	E	CAA	Q	2050
NC_045512.2	6413	G	C	14601	7920	38	1	0	37	6.84838e-05	14602	0.99997	FALSE	ORF1ab:cds-YP_009725295.1	GAA	E	CAA	Q	2050
NC_045512.2	6414	A	C	14487	7864	38	1	1	29	6.90226e-05	14488	1	FALSE	ORF1ab:cds-YP_009724389.1	GAA	E	GCA	A	2050
NC_045512.2	6414	A	C	14487	7864	38	1	1	29	6.90226e-05	14488	1	FALSE	ORF1ab:cds-YP_009725295.1	GAA	E	GCA	A	2050
NC_045512.2	6415	A	T	14329	7789	37	2	1	31	0.000139538	14333	0.999741	FALSE	ORF1ab:cds-YP_009724389.1	GAA	E	GAT	D	2050
NC_045512.2	6415	A	T	14329	7789	37	2	1	31	0.000139538	14333	0.999741	FALSE	ORF1ab:cds-YP_009725295.1	GAA	E	GAT	D	2050
NC_045512.2	6415	A	G	14329	7789	37	2	1	42	0.000139538	14333	0.499974	FALSE	ORF1ab:cds-YP_009724389.1	GAA	E	GAG	E	2050
NC_045512.2	6415	A	G	14329	7789	37	2	1	42	0.000139538	14333	0.499974	FALSE	ORF1ab:cds-YP_009725295.1	GAA	E	GAG	E	2050
NC_045512.2	6417	T	C	14353	7623	38	2	1	31	0.000139324	14355	0.999742	FALSE	ORF1ab:cds-YP_009724389.1	GTA	V	GCA	A	2051
NC_045512.2	6417	T	C	14353	7623	38	2	1	31	0.000139324	14355	0.999742	FALSE	ORF1ab:cds-YP_009725295.1	GTA	V	GCA	A	2051
NC_045512.2	6418	A	G	14331	7585	38	3	2	37	0.000209293	14334	0.998829	FALSE	ORF1ab:cds-YP_009724389.1	GTA	V	GTG	V	2051
NC_045512.2	6418	A	G	14331	7585	38	3	2	37	0.000209293	14334	0.998829	FALSE	ORF1ab:cds-YP_009725295.1	GTA	V	GTG	V	2051
NC_045512.2	6419	G	A	14506	7645	38	5	3	42	0.000344566	14511	0.109367	FALSE	ORF1ab:cds-YP_009724389.1	GTG	V	ATG	M	2052
NC_045512.2	6419	G	A	14506	7645	38	5	3	42	0.000344566	14511	0.109367	FALSE	ORF1ab:cds-YP_009725295.1	GTG	V	ATG	M	2052
NC_045512.2	6420	T	G	14397	7575	38	1	1	37	6.94396e-05	14401	0.99997	FALSE	ORF1ab:cds-YP_009724389.1	GTG	V	GGG	G	2052
NC_045512.2	6420	T	G	14397	7575	38	1	1	37	6.94396e-05	14401	0.99997	FALSE	ORF1ab:cds-YP_009725295.1	GTG	V	GGG	G	2052
NC_045512.2	6420	T	C	14397	7575	38	2	2	37	0.000138879	14401	0.999741	FALSE	ORF1ab:cds-YP_009724389.1	GTG	V	GCG	A	2052
NC_045512.2	6420	T	C	14397	7575	38	2	2	37	0.000138879	14401	0.999741	FALSE	ORF1ab:cds-YP_009725295.1	GTG	V	GCG	A	2052
NC_045512.2	6420	T	A	14397	7575	38	1	1	37	6.94396e-05	14401	0.99997	FALSE	ORF1ab:cds-YP_009724389.1	GTG	V	GAG	E	2052
NC_045512.2	6420	T	A	14397	7575	38	1	1	37	6.94396e-05	14401	0.99997	FALSE	ORF1ab:cds-YP_009725295.1	GTG	V	GAG	E	2052
NC_045512.2	6421	G	A	14394	7563	38	1	1	37	6.94686e-05	14395	0.99997	FALSE	ORF1ab:cds-YP_009724389.1	GTG	V	GTA	V	2052
NC_045512.2	6421	G	A	14394	7563	38	1	1	37	6.94686e-05	14395	0.99997	FALSE	ORF1ab:cds-YP_009725295.1	GTG	V	GTA	V	2052
NC_045512.2	6422	G	T	14383	7587	38	1	0	29	6.94975e-05	14389	1	FALSE	ORF1ab:cds-YP_009724389.1	GAA	E	TAA	*	2053
NC_045512.2	6422	G	T	14383	7587	38	1	0	29	6.94975e-05	14389	1	FALSE	ORF1ab:cds-YP_009725295.1	GAA	E	TAA	*	2053
NC_045512.2	6422	G	A	14383	7587	38	5	3	44	0.000347488	14389	0.109351	FALSE	ORF1ab:cds-YP_009724389.1	GAA	E	AAA	K	2053
NC_045512.2	6422	G	A	14383	7587	38	5	3	44	0.000347488	14389	0.109351	FALSE	ORF1ab:cds-YP_009725295.1	GAA	E	AAA	K	2053
NC_045512.2	6422	G	-A	14383	7587	38	4	0	20	0.00027799	14389	1	FALSE	NA	NA	NA	NA	NA	NA
NC_045512.2	6422	G	+A	14383	7587	38	1	0	20	6.94975e-05	14389	1	FALSE	NA	NA	NA	NA	NA	NA
NC_045512.2	6423	A	G	14360	7631	38	1	0	25	6.9633e-05	14361	1	FALSE	ORF1ab:cds-YP_009724389.1	GAA	E	GGA	G	2053
NC_045512.2	6423	A	G	14360	7631	38	1	0	25	6.9633e-05	14361	1	FALSE	ORF1ab:cds-YP_009725295.1	GAA	E	GGA	G	2053
NC_045512.2	6424	A	C	14143	7487	37	5	2	29	0.000353407	14148	1	FALSE	ORF1ab:cds-YP_009724389.1	GAA	E	GAC	D	2053
NC_045512.2	6424	A	C	14143	7487	37	5	2	29	0.000353407	14148	1	FALSE	ORF1ab:cds-YP_009725295.1	GAA	E	GAC	D	2053
NC_045512.2	6425	A	C	14032	7348	38	3	3	25	0.000213751	14035	1	FALSE	ORF1ab:cds-YP_009724389.1	AAT	N	CAT	H	2054
NC_045512.2	6425	A	C	14032	7348	38	3	3	25	0.000213751	14035	1	FALSE	ORF1ab:cds-YP_009725295.1	AAT	N	CAT	H	2054
NC_045512.2	6426	A	T	13942	7284	37	2	1	25	0.0001434	13947	1	FALSE	ORF1ab:cds-YP_009724389.1	AAT	N	ATT	I	2054
NC_045512.2	6426	A	T	13942	7284	37	2	1	25	0.0001434	13947	1	FALSE	ORF1ab:cds-YP_009725295.1	AAT	N	ATT	I	2054
NC_045512.2	6426	A	G	13942	7284	37	1	1	37	7.17e-05	13947	0.999939	FALSE	ORF1ab:cds-YP_009724389.1	AAT	N	AGT	S	2054
NC_045512.2	6426	A	G	13942	7284	37	1	1	37	7.17e-05	13947	0.999939	FALSE	ORF1ab:cds-YP_009725295.1	AAT	N	AGT	S	2054
NC_045512.2	6426	A	C	13942	7284	37	2	2	31	0.0001434	13947	0.999513	FALSE	ORF1ab:cds-YP_009724389.1	AAT	N	ACT	T	2054
NC_045512.2	6426	A	C	13942	7284	37	2	2	31	0.0001434	13947	0.999513	FALSE	ORF1ab:cds-YP_009725295.1	AAT	N	ACT	T	2054
NC_045512.2	6427	T	G	14380	7525	38	1	1	29	6.95169e-05	14385	1	FALSE	ORF1ab:cds-YP_009724389.1	AAT	N	AAG	K	2054
NC_045512.2	6427	T	G	14380	7525	38	1	1	29	6.95169e-05	14385	1	FALSE	ORF1ab:cds-YP_009725295.1	AAT	N	AAG	K	2054
NC_045512.2	6427	T	C	14380	7525	38	4	1	34	0.000278067	14385	0.99624	FALSE	ORF1ab:cds-YP_009724389.1	AAT	N	AAC	N	2054
NC_045512.2	6427	T	C	14380	7525	38	4	1	34	0.000278067	14385	0.99624	FALSE	ORF1ab:cds-YP_009725295.1	AAT	N	AAC	N	2054
NC_045512.2	6427	T	-C	14380	7525	38	1	0	20	6.95169e-05	14385	1	FALSE	NA	NA	NA	NA	NA	NA
NC_045512.2	6428	C	T	14108	7613	38	1	0	37	7.08667e-05	14111	0.99997	FALSE	ORF1ab:cds-YP_009724389.1	CCT	P	TCT	S	2055
NC_045512.2	6428	C	T	14108	7613	38	1	0	37	7.08667e-05	14111	0.99997	FALSE	ORF1ab:cds-YP_009725295.1	CCT	P	TCT	S	2055
NC_045512.2	6428	C	A	14108	7613	38	2	0	37	0.000141733	14111	0.999741	FALSE	ORF1ab:cds-YP_009724389.1	CCT	P	ACT	T	2055
NC_045512.2	6428	C	A	14108	7613	38	2	0	37	0.000141733	14111	0.999741	FALSE	ORF1ab:cds-YP_009725295.1	CCT	P	ACT	T	2055
NC_045512.2	6429	C	A	14063	7538	38	3	1	37	0.00021328	14066	0.998829	FALSE	ORF1ab:cds-YP_009724389.1	CCT	P	CAT	H	2055
NC_045512.2	6429	C	A	14063	7538	38	3	1	37	0.00021328	14066	0.998829	FALSE	ORF1ab:cds-YP_009725295.1	CCT	P	CAT	H	2055
NC_045512.2	6430	T	G	13971	7400	37	6	6	29	0.000429154	13981	1	FALSE	ORF1ab:cds-YP_009724389.1	CCT	P	CCG	P	2055
NC_045512.2	6430	T	G	13971	7400	37	6	6	29	0.000429154	13981	1	FALSE	ORF1ab:cds-YP_009725295.1	CCT	P	CCG	P	2055
NC_045512.2	6430	T	C	13971	7400	37	4	2	34	0.000286103	13981	0.993637	FALSE	ORF1ab:cds-YP_009724389.1	CCT	P	CCC	P	2055
NC_045512.2	6430	T	C	13971	7400	37	4	2	34	0.000286103	13981	0.993637	FALSE	ORF1ab:cds-YP_009725295.1	CCT	P	CCC	P	2055
NC_045512.2	6431	A	T	13941	7430	37	1	1	37	7.16897e-05	13949	0.999939	FALSE	ORF1ab:cds-YP_009724389.1	ACC	T	TCC	S	2056
NC_045512.2	6431	A	T	13941	7430	37	1	1	37	7.16897e-05	13949	0.999939	FALSE	ORF1ab:cds-YP_009725295.1	ACC	T	TCC	S	2056
NC_045512.2	6431	A	G	13941	7430	37	2	1	37	0.000143379	13949	0.999512	FALSE	ORF1ab:cds-YP_009724389.1	ACC	T	GCC	A	2056
NC_045512.2	6431	A	G	13941	7430	37	2	1	37	0.000143379	13949	0.999512	FALSE	ORF1ab:cds-YP_009725295.1	ACC	T	GCC	A	2056
NC_045512.2	6431	A	C	13941	7430	37	5	4	30	0.000358449	13949	0.984573	FALSE	ORF1ab:cds-YP_009724389.1	ACC	T	CCC	P	2056
NC_045512.2	6431	A	C	13941	7430	37	5	4	30	0.000358449	13949	0.984573	FALSE	ORF1ab:cds-YP_009725295.1	ACC	T	CCC	P	2056
NC_045512.2	6432	C	T	14432	7760	38	2	2	37	0.000138562	14434	0.999742	FALSE	ORF1ab:cds-YP_009724389.1	ACC	T	ATC	I	2056
NC_045512.2	6432	C	T	14432	7760	38	2	2	37	0.000138562	14434	0.999742	FALSE	ORF1ab:cds-YP_009725295.1	ACC	T	ATC	I	2056
NC_045512.2	6433	C	A	14535	7911	38	1	0	37	6.87947e-05	14536	0.99997	FALSE	ORF1ab:cds-YP_009724389.1	ACC	T	ACA	T	2056
NC_045512.2	6433	C	A	14535	7911	38	1	0	37	6.87947e-05	14536	0.99997	FALSE	ORF1ab:cds-YP_009725295.1	ACC	T	ACA	T	2056
NC_045512.2	6434	A	T	14164	7583	38	2	0	31	0.000141113	14173	0.999741	FALSE	ORF1ab:cds-YP_009724389.1	ATA	I	TTA	L	2057
NC_045512.2	6434	A	T	14164	7583	38	2	0	31	0.000141113	14173	0.999741	FALSE	ORF1ab:cds-YP_009725295.1	ATA	I	TTA	L	2057
NC_045512.2	6434	A	G	14164	7583	38	2	2	37	0.000141113	14173	0.999741	FALSE	ORF1ab:cds-YP_009724389.1	ATA	I	GTA	V	2057
NC_045512.2	6434	A	G	14164	7583	38	2	2	37	0.000141113	14173	0.999741	FALSE	ORF1ab:cds-YP_009725295.1	ATA	I	GTA	V	2057
NC_045512.2	6434	A	C	14164	7583	38	5	4	25	0.000352783	14173	1	FALSE	ORF1ab:cds-YP_009724389.1	ATA	I	CTA	L	2057
NC_045512.2	6434	A	C	14164	7583	38	5	4	25	0.000352783	14173	1	FALSE	ORF1ab:cds-YP_009725295.1	ATA	I	CTA	L	2057
NC_045512.2	6435	T	G	14111	7523	38	2	2	31	0.000141713	14113	0.999742	FALSE	ORF1ab:cds-YP_009724389.1	ATA	I	AGA	R	2057
NC_045512.2	6435	T	G	14111	7523	38	2	2	31	0.000141713	14113	0.999742	FALSE	ORF1ab:cds-YP_009725295.1	ATA	I	AGA	R	2057
NC_045512.2	6436	A	G	13886	7224	37	1	1	37	7.19787e-05	13893	0.999939	FALSE	ORF1ab:cds-YP_009724389.1	ATA	I	ATG	M	2057
NC_045512.2	6436	A	G	13886	7224	37	1	1	37	7.19787e-05	13893	0.999939	FALSE	ORF1ab:cds-YP_009725295.1	ATA	I	ATG	M	2057
NC_045512.2	6436	A	C	13886	7224	37	6	6	27	0.000431872	13893	1	FALSE	ORF1ab:cds-YP_009724389.1	ATA	I	ATC	I	2057
NC_045512.2	6436	A	C	13886	7224	37	6	6	27	0.000431872	13893	1	FALSE	ORF1ab:cds-YP_009725295.1	ATA	I	ATC	I	2057
NC_045512.2	6437	C	T	14441	7853	38	1	0	37	6.92377e-05	14443	0.99997	FALSE	ORF1ab:cds-YP_009724389.1	CAG	Q	TAG	*	2058
NC_045512.2	6437	C	T	14441	7853	38	1	0	37	6.92377e-05	14443	0.99997	FALSE	ORF1ab:cds-YP_009725295.1	CAG	Q	TAG	*	2058
NC_045512.2	6437	C	A	14441	7853	38	1	0	25	6.92377e-05	14443	1	FALSE	ORF1ab:cds-YP_009724389.1	CAG	Q	AAG	K	2058
NC_045512.2	6437	C	A	14441	7853	38	1	0	25	6.92377e-05	14443	1	FALSE	ORF1ab:cds-YP_009725295.1	CAG	Q	AAG	K	2058
NC_045512.2	6438	A	G	14006	7550	38	3	3	37	0.000214117	14011	0.998828	FALSE	ORF1ab:cds-YP_009724389.1	CAG	Q	CGG	R	2058
NC_045512.2	6438	A	G	14006	7550	38	3	3	37	0.000214117	14011	0.998828	FALSE	ORF1ab:cds-YP_009725295.1	CAG	Q	CGG	R	2058
NC_045512.2	6438	A	C	14006	7550	38	2	1	25	0.000142745	14011	1	FALSE	ORF1ab:cds-YP_009724389.1	CAG	Q	CCG	P	2058
NC_045512.2	6438	A	C	14006	7550	38	2	1	25	0.000142745	14011	1	FALSE	ORF1ab:cds-YP_009725295.1	CAG	Q	CCG	P	2058
NC_045512.2	6440	A	G	14170	7626	38	1	1	37	7.05617e-05	14172	0.99997	FALSE	ORF1ab:cds-YP_009724389.1	AAA	K	GAA	E	2059
NC_045512.2	6440	A	G	14170	7626	38	1	1	37	7.05617e-05	14172	0.99997	FALSE	ORF1ab:cds-YP_009725295.1	AAA	K	GAA	E	2059
NC_045512.2	6440	A	C	14170	7626	38	1	1	25	7.05617e-05	14172	1	FALSE	ORF1ab:cds-YP_009724389.1	AAA	K	CAA	Q	2059
NC_045512.2	6440	A	C	14170	7626	38	1	1	25	7.05617e-05	14172	1	FALSE	ORF1ab:cds-YP_009725295.1	AAA	K	CAA	Q	2059
NC_045512.2	6441	A	G	13670	7352	37	3	1	33	0.000219298	13680	0.997909	FALSE	ORF1ab:cds-YP_009724389.1	AAA	K	AGA	R	2059
NC_045512.2	6441	A	G	13670	7352	37	3	1	33	0.000219298	13680	0.997909	FALSE	ORF1ab:cds-YP_009725295.1	AAA	K	AGA	R	2059
NC_045512.2	6441	A	C	13670	7352	37	7	5	32	0.000511696	13680	0.942369	FALSE	ORF1ab:cds-YP_009724389.1	AAA	K	ACA	T	2059
NC_045512.2	6441	A	C	13670	7352	37	7	5	32	0.000511696	13680	0.942369	FALSE	ORF1ab:cds-YP_009725295.1	AAA	K	ACA	T	2059
NC_045512.2	6442	A	G	13552	7359	37	1	0	37	7.37463e-05	13560	0.999939	FALSE	ORF1ab:cds-YP_009724389.1	AAA	K	AAG	K	2059
NC_045512.2	6442	A	G	13552	7359	37	1	0	37	7.37463e-05	13560	0.999939	FALSE	ORF1ab:cds-YP_009725295.1	AAA	K	AAG	K	2059
NC_045512.2	6442	A	C	13552	7359	37	7	6	31	0.000516224	13560	0.942408	FALSE	ORF1ab:cds-YP_009724389.1	AAA	K	AAC	N	2059
NC_045512.2	6442	A	C	13552	7359	37	7	6	31	0.000516224	13560	0.942408	FALSE	ORF1ab:cds-YP_009725295.1	AAA	K	AAC	N	2059
NC_045512.2	6443	G	A	13892	7511	37	2	1	37	0.000143947	13894	0.999513	FALSE	ORF1ab:cds-YP_009724389.1	GAC	D	AAC	N	2060
NC_045512.2	6443	G	A	13892	7511	37	2	1	37	0.000143947	13894	0.999513	FALSE	ORF1ab:cds-YP_009725295.1	GAC	D	AAC	N	2060
NC_045512.2	6444	A	T	13634	7418	37	1	1	37	7.33192e-05	13639	0.999939	FALSE	ORF1ab:cds-YP_009724389.1	GAC	D	GTC	V	2060
NC_045512.2	6444	A	T	13634	7418	37	1	1	37	7.33192e-05	13639	0.999939	FALSE	ORF1ab:cds-YP_009725295.1	GAC	D	GTC	V	2060
NC_045512.2	6444	A	G	13634	7418	37	2	1	37	0.000146638	13639	0.999513	FALSE	ORF1ab:cds-YP_009724389.1	GAC	D	GGC	G	2060
NC_045512.2	6444	A	G	13634	7418	37	2	1	37	0.000146638	13639	0.999513	FALSE	ORF1ab:cds-YP_009725295.1	GAC	D	GGC	G	2060
NC_045512.2	6444	A	C	13634	7418	37	2	2	31	0.000146638	13639	0.999513	FALSE	ORF1ab:cds-YP_009724389.1	GAC	D	GCC	A	2060
NC_045512.2	6444	A	C	13634	7418	37	2	2	31	0.000146638	13639	0.999513	FALSE	ORF1ab:cds-YP_009725295.1	GAC	D	GCC	A	2060
NC_045512.2	6445	C	T	13500	7834	38	8	7	35	0.000592198	13509	0.905463	FALSE	ORF1ab:cds-YP_009724389.1	GAC	D	GAT	D	2060
NC_045512.2	6445	C	T	13500	7834	38	8	7	35	0.000592198	13509	0.905463	FALSE	ORF1ab:cds-YP_009725295.1	GAC	D	GAT	D	2060
NC_045512.2	6445	C	A	13500	7834	38	1	0	25	7.40247e-05	13509	1	FALSE	ORF1ab:cds-YP_009724389.1	GAC	D	GAA	E	2060
NC_045512.2	6445	C	A	13500	7834	38	1	0	25	7.40247e-05	13509	1	FALSE	ORF1ab:cds-YP_009725295.1	GAC	D	GAA	E	2060
NC_045512.2	6446	G	T	13552	7835	38	1	1	37	7.37518e-05	13559	0.999939	FALSE	ORF1ab:cds-YP_009724389.1	GTT	V	TTT	F	2061
NC_045512.2	6446	G	T	13552	7835	38	1	1	37	7.37518e-05	13559	0.999939	FALSE	ORF1ab:cds-YP_009725295.1	GTT	V	TTT	F	2061
NC_045512.2	6446	G	A	13552	7835	38	6	4	37	0.000442511	13559	0.968262	FALSE	ORF1ab:cds-YP_009724389.1	GTT	V	ATT	I	2061
NC_045512.2	6446	G	A	13552	7835	38	6	4	37	0.000442511	13559	0.968262	FALSE	ORF1ab:cds-YP_009725295.1	GTT	V	ATT	I	2061
NC_045512.2	6446	G	-T	13552	7835	38	1	0	20	7.37518e-05	13559	1	FALSE	NA	NA	NA	NA	NA	NA
NC_045512.2	6447	T	G	12888	7921	37	2	0	25	0.000155159	12890	1	FALSE	ORF1ab:cds-YP_009724389.1	GTT	V	GGT	G	2061
NC_045512.2	6447	T	G	12888	7921	37	2	0	25	0.000155159	12890	1	FALSE	ORF1ab:cds-YP_009725295.1	GTT	V	GGT	G	2061
NC_045512.2	6448	T	G	12987	7885	37	1	1	37	7.69586e-05	12994	0.999878	FALSE	ORF1ab:cds-YP_009724389.1	GTT	V	GTG	V	2061
NC_045512.2	6448	T	G	12987	7885	37	1	1	37	7.69586e-05	12994	0.999878	FALSE	ORF1ab:cds-YP_009725295.1	GTT	V	GTG	V	2061
NC_045512.2	6448	T	C	12987	7885	37	5	1	42	0.000384793	12994	0.10933	FALSE	ORF1ab:cds-YP_009724389.1	GTT	V	GTC	V	2061
NC_045512.2	6448	T	C	12987	7885	37	5	1	42	0.000384793	12994	0.10933	FALSE	ORF1ab:cds-YP_009725295.1	GTT	V	GTC	V	2061
NC_045512.2	6448	T	A	12987	7885	37	1	1	37	7.69586e-05	12994	0.999878	FALSE	ORF1ab:cds-YP_009724389.1	GTT	V	GTA	V	2061
NC_045512.2	6448	T	A	12987	7885	37	1	1	37	7.69586e-05	12994	0.999878	FALSE	ORF1ab:cds-YP_009725295.1	GTT	V	GTA	V	2061
NC_045512.2	6449	C	G	13012	7737	37	1	0	25	7.68344e-05	13015	1	FALSE	ORF1ab:cds-YP_009724389.1	CTT	L	GTT	V	2062
NC_045512.2	6449	C	G	13012	7737	37	1	0	25	7.68344e-05	13015	1	FALSE	ORF1ab:cds-YP_009725295.1	CTT	L	GTT	V	2062
NC_045512.2	6449	C	A	13012	7737	37	2	2	31	0.000153669	13015	0.999513	FALSE	ORF1ab:cds-YP_009724389.1	CTT	L	ATT	I	2062
NC_045512.2	6449	C	A	13012	7737	37	2	2	31	0.000153669	13015	0.999513	FALSE	ORF1ab:cds-YP_009725295.1	CTT	L	ATT	I	2062
NC_045512.2	6450	T	G	13015	8050	37	2	0	25	0.000153633	13018	1	FALSE	ORF1ab:cds-YP_009724389.1	CTT	L	CGT	R	2062
NC_045512.2	6450	T	G	13015	8050	37	2	0	25	0.000153633	13018	1	FALSE	ORF1ab:cds-YP_009725295.1	CTT	L	CGT	R	2062
NC_045512.2	6450	T	C	13015	8050	37	1	1	37	7.68167e-05	13018	0.999939	FALSE	ORF1ab:cds-YP_009724389.1	CTT	L	CCT	P	2062
NC_045512.2	6450	T	C	13015	8050	37	1	1	37	7.68167e-05	13018	0.999939	FALSE	ORF1ab:cds-YP_009725295.1	CTT	L	CCT	P	2062
NC_045512.2	6451	T	G	12988	8136	37	2	0	31	0.000153941	12992	0.999086	FALSE	ORF1ab:cds-YP_009724389.1	CTT	L	CTG	L	2062
NC_045512.2	6451	T	G	12988	8136	37	2	0	31	0.000153941	12992	0.999086	FALSE	ORF1ab:cds-YP_009725295.1	CTT	L	CTG	L	2062
NC_045512.2	6451	T	C	12988	8136	37	2	0	37	0.000153941	12992	0.999086	FALSE	ORF1ab:cds-YP_009724389.1	CTT	L	CTC	L	2062
NC_045512.2	6451	T	C	12988	8136	37	2	0	37	0.000153941	12992	0.999086	FALSE	ORF1ab:cds-YP_009725295.1	CTT	L	CTC	L	2062
NC_045512.2	6453	A	T	15481	11264	39	1	1	25	6.45494e-05	15492	1	FALSE	ORF1ab:cds-YP_009724389.1	GAG	E	GTG	V	2063
NC_045512.2	6453	A	T	15481	11264	39	1	1	25	6.45494e-05	15492	1	FALSE	ORF1ab:cds-YP_009725295.1	GAG	E	GTG	V	2063
NC_045512.2	6453	A	G	15481	11264	39	8	8	35	0.000516396	15492	0.95346	FALSE	ORF1ab:cds-YP_009724389.1	GAG	E	GGG	G	2063
NC_045512.2	6453	A	G	15481	11264	39	8	8	35	0.000516396	15492	0.95346	FALSE	ORF1ab:cds-YP_009725295.1	GAG	E	GGG	G	2063
NC_045512.2	6453	A	C	15481	11264	39	2	2	31	0.000129099	15492	0.999863	FALSE	ORF1ab:cds-YP_009724389.1	GAG	E	GCG	A	2063
NC_045512.2	6453	A	C	15481	11264	39	2	2	31	0.000129099	15492	0.999863	FALSE	ORF1ab:cds-YP_009725295.1	GAG	E	GCG	A	2063
NC_045512.2	6454	G	T	15899	11650	39	1	1	25	6.28852e-05	15902	1	FALSE	ORF1ab:cds-YP_009724389.1	GAG	E	GAT	D	2063
NC_045512.2	6454	G	T	15899	11650	39	1	1	25	6.28852e-05	15902	1	FALSE	ORF1ab:cds-YP_009725295.1	GAG	E	GAT	D	2063
NC_045512.2	6454	G	C	15899	11650	39	1	1	37	6.28852e-05	15902	0.999985	FALSE	ORF1ab:cds-YP_009724389.1	GAG	E	GAC	D	2063
NC_045512.2	6454	G	C	15899	11650	39	1	1	37	6.28852e-05	15902	0.999985	FALSE	ORF1ab:cds-YP_009725295.1	GAG	E	GAC	D	2063
NC_045512.2	6454	G	A	15899	11650	39	1	1	37	6.28852e-05	15902	0.999985	FALSE	ORF1ab:cds-YP_009724389.1	GAG	E	GAA	E	2063
NC_045512.2	6454	G	A	15899	11650	39	1	1	37	6.28852e-05	15902	0.999985	FALSE	ORF1ab:cds-YP_009725295.1	GAG	E	GAA	E	2063
NC_045512.2	6455	T	C	16109	11983	39	3	1	41	0.000186197	16112	0.312512	FALSE	ORF1ab:cds-YP_009724389.1	TGT	C	CGT	R	2064
NC_045512.2	6455	T	C	16109	11983	39	3	1	41	0.000186197	16112	0.312512	FALSE	ORF1ab:cds-YP_009725295.1	TGT	C	CGT	R	2064
NC_045512.2	6456	G	T	15948	11807	39	4	4	28	0.000250737	15953	1	FALSE	ORF1ab:cds-YP_009724389.1	TGT	C	TTT	F	2064
NC_045512.2	6456	G	T	15948	11807	39	4	4	28	0.000250737	15953	1	FALSE	ORF1ab:cds-YP_009725295.1	TGT	C	TTT	F	2064
NC_045512.2	6456	G	A	15948	11807	39	1	1	37	6.26841e-05	15953	0.999985	FALSE	ORF1ab:cds-YP_009724389.1	TGT	C	TAT	Y	2064
NC_045512.2	6456	G	A	15948	11807	39	1	1	37	6.26841e-05	15953	0.999985	FALSE	ORF1ab:cds-YP_009725295.1	TGT	C	TAT	Y	2064
NC_045512.2	6457	T	G	16109	11985	40	2	2	31	0.000124116	16114	0.999928	FALSE	ORF1ab:cds-YP_009724389.1	TGT	C	TGG	W	2064
NC_045512.2	6457	T	G	16109	11985	40	2	2	31	0.000124116	16114	0.999928	FALSE	ORF1ab:cds-YP_009725295.1	TGT	C	TGG	W	2064
NC_045512.2	6457	T	C	16109	11985	40	2	1	37	0.000124116	16114	0.999928	FALSE	ORF1ab:cds-YP_009724389.1	TGT	C	TGC	C	2064
NC_045512.2	6457	T	C	16109	11985	40	2	1	37	0.000124116	16114	0.999928	FALSE	ORF1ab:cds-YP_009725295.1	TGT	C	TGC	C	2064
NC_045512.2	6457	T	A	16109	11985	40	1	1	37	6.20578e-05	16114	0.999992	FALSE	ORF1ab:cds-YP_009724389.1	TGT	C	TGA	*	2064
NC_045512.2	6457	T	A	16109	11985	40	1	1	37	6.20578e-05	16114	0.999992	FALSE	ORF1ab:cds-YP_009725295.1	TGT	C	TGA	*	2064
NC_045512.2	6457	T	-A	16109	11985	40	1	0	20	6.20578e-05	16114	1	FALSE	NA	NA	NA	NA	NA	NA
NC_045512.2	6458	A	G	15686	11714	39	2	2	31	0.00012747	15690	0.999863	FALSE	ORF1ab:cds-YP_009724389.1	AAT	N	GAT	D	2065
NC_045512.2	6458	A	G	15686	11714	39	2	2	31	0.00012747	15690	0.999863	FALSE	ORF1ab:cds-YP_009725295.1	AAT	N	GAT	D	2065
NC_045512.2	6458	A	C	15686	11714	39	2	1	25	0.00012747	15690	1	FALSE	ORF1ab:cds-YP_009724389.1	AAT	N	CAT	H	2065
NC_045512.2	6458	A	C	15686	11714	39	2	1	25	0.00012747	15690	1	FALSE	ORF1ab:cds-YP_009725295.1	AAT	N	CAT	H	2065
NC_045512.2	6459	A	T	15398	11538	39	2	2	37	0.000129786	15410	0.999863	FALSE	ORF1ab:cds-YP_009724389.1	AAT	N	ATT	I	2065
NC_045512.2	6459	A	T	15398	11538	39	2	2	37	0.000129786	15410	0.999863	FALSE	ORF1ab:cds-YP_009725295.1	AAT	N	ATT	I	2065
NC_045512.2	6459	A	G	15398	11538	39	3	3	37	0.000194679	15410	0.999343	FALSE	ORF1ab:cds-YP_009724389.1	AAT	N	AGT	S	2065
NC_045512.2	6459	A	G	15398	11538	39	3	3	37	0.000194679	15410	0.999343	FALSE	ORF1ab:cds-YP_009725295.1	AAT	N	AGT	S	2065
NC_045512.2	6459	A	C	15398	11538	39	7	1	26	0.00045425	15410	1	FALSE	ORF1ab:cds-YP_009724389.1	AAT	N	ACT	T	2065
NC_045512.2	6459	A	C	15398	11538	39	7	1	26	0.00045425	15410	1	FALSE	ORF1ab:cds-YP_009725295.1	AAT	N	ACT	T	2065
NC_045512.2	6461	G	C	15726	11671	40	1	1	37	6.35486e-05	15736	0.999985	FALSE	ORF1ab:cds-YP_009724389.1	GTG	V	CTG	L	2066
NC_045512.2	6461	G	C	15726	11671	40	1	1	37	6.35486e-05	15736	0.999985	FALSE	ORF1ab:cds-YP_009725295.1	GTG	V	CTG	L	2066
NC_045512.2	6461	G	A	15726	11671	40	9	4	42	0.000571937	15736	0.0107324	FALSE	ORF1ab:cds-YP_009724389.1	GTG	V	ATG	M	2066
NC_045512.2	6461	G	A	15726	11671	40	9	4	42	0.000571937	15736	0.0107324	FALSE	ORF1ab:cds-YP_009725295.1	GTG	V	ATG	M	2066
NC_045512.2	6462	T	C	15282	11307	39	3	2	33	0.000196258	15286	0.999346	FALSE	ORF1ab:cds-YP_009724389.1	GTG	V	GCG	A	2066
NC_045512.2	6462	T	C	15282	11307	39	3	2	33	0.000196258	15286	0.999346	FALSE	ORF1ab:cds-YP_009725295.1	GTG	V	GCG	A	2066
NC_045512.2	6462	T	A	15282	11307	39	1	0	25	6.54193e-05	15286	1	FALSE	ORF1ab:cds-YP_009724389.1	GTG	V	GAG	E	2066
NC_045512.2	6462	T	A	15282	11307	39	1	0	25	6.54193e-05	15286	1	FALSE	ORF1ab:cds-YP_009725295.1	GTG	V	GAG	E	2066
NC_045512.2	6464	A	G	15437	11448	40	2	1	31	0.000129542	15439	0.999863	FALSE	ORF1ab:cds-YP_009724389.1	AAA	K	GAA	E	2067
NC_045512.2	6464	A	G	15437	11448	40	2	1	31	0.000129542	15439	0.999863	FALSE	ORF1ab:cds-YP_009725295.1	AAA	K	GAA	E	2067
NC_045512.2	6465	A	T	15323	11338	40	1	1	25	6.52529e-05	15325	1	FALSE	ORF1ab:cds-YP_009724389.1	AAA	K	ATA	I	2067
NC_045512.2	6465	A	T	15323	11338	40	1	1	25	6.52529e-05	15325	1	FALSE	ORF1ab:cds-YP_009725295.1	AAA	K	ATA	I	2067
NC_045512.2	6465	A	C	15323	11338	40	1	0	25	6.52529e-05	15325	1	FALSE	ORF1ab:cds-YP_009724389.1	AAA	K	ACA	T	2067
NC_045512.2	6465	A	C	15323	11338	40	1	0	25	6.52529e-05	15325	1	FALSE	ORF1ab:cds-YP_009725295.1	AAA	K	ACA	T	2067
NC_045512.2	6466	A	T	15144	11208	39	1	1	25	6.6011e-05	15149	1	FALSE	ORF1ab:cds-YP_009724389.1	AAA	K	AAT	N	2067
NC_045512.2	6466	A	T	15144	11208	39	1	1	25	6.6011e-05	15149	1	FALSE	ORF1ab:cds-YP_009725295.1	AAA	K	AAT	N	2067
NC_045512.2	6466	A	G	15144	11208	39	4	3	37	0.000264044	15149	0.997793	FALSE	ORF1ab:cds-YP_009724389.1	AAA	K	AAG	K	2067
NC_045512.2	6466	A	G	15144	11208	39	4	3	37	0.000264044	15149	0.997793	FALSE	ORF1ab:cds-YP_009725295.1	AAA	K	AAG	K	2067
NC_045512.2	6467	A	T	15047	11184	39	2	1	31	0.000132864	15053	0.999863	FALSE	ORF1ab:cds-YP_009724389.1	ACT	T	TCT	S	2068
NC_045512.2	6467	A	T	15047	11184	39	2	1	31	0.000132864	15053	0.999863	FALSE	ORF1ab:cds-YP_009725295.1	ACT	T	TCT	S	2068
NC_045512.2	6467	A	G	15047	11184	39	1	1	37	6.64319e-05	15053	0.999985	FALSE	ORF1ab:cds-YP_009724389.1	ACT	T	GCT	A	2068
NC_045512.2	6467	A	G	15047	11184	39	1	1	37	6.64319e-05	15053	0.999985	FALSE	ORF1ab:cds-YP_009725295.1	ACT	T	GCT	A	2068
NC_045512.2	6467	A	C	15047	11184	39	3	3	26	0.000199296	15053	1	FALSE	ORF1ab:cds-YP_009724389.1	ACT	T	CCT	P	2068
NC_045512.2	6467	A	C	15047	11184	39	3	3	26	0.000199296	15053	1	FALSE	ORF1ab:cds-YP_009725295.1	ACT	T	CCT	P	2068
NC_045512.2	6468	C	T	15379	11743	39	1	1	37	6.50153e-05	15381	0.999985	FALSE	ORF1ab:cds-YP_009724389.1	ACT	T	ATT	I	2068
NC_045512.2	6468	C	T	15379	11743	39	1	1	37	6.50153e-05	15381	0.999985	FALSE	ORF1ab:cds-YP_009725295.1	ACT	T	ATT	I	2068
NC_045512.2	6468	C	A	15379	11743	39	1	0	25	6.50153e-05	15381	1	FALSE	ORF1ab:cds-YP_009724389.1	ACT	T	AAT	N	2068
NC_045512.2	6468	C	A	15379	11743	39	1	0	25	6.50153e-05	15381	1	FALSE	ORF1ab:cds-YP_009725295.1	ACT	T	AAT	N	2068
NC_045512.2	6469	T	G	15042	11437	39	2	2	25	0.00013289	15050	1	FALSE	ORF1ab:cds-YP_009724389.1	ACT	T	ACG	T	2068
NC_045512.2	6469	T	G	15042	11437	39	2	2	25	0.00013289	15050	1	FALSE	ORF1ab:cds-YP_009725295.1	ACT	T	ACG	T	2068
NC_045512.2	6469	T	C	15042	11437	39	6	6	38	0.000398671	15050	0.986719	FALSE	ORF1ab:cds-YP_009724389.1	ACT	T	ACC	T	2068
NC_045512.2	6469	T	C	15042	11437	39	6	6	38	0.000398671	15050	0.986719	FALSE	ORF1ab:cds-YP_009725295.1	ACT	T	ACC	T	2068
NC_045512.2	6470	A	C	14825	11377	39	3	1	29	0.00020232	14828	1	FALSE	ORF1ab:cds-YP_009724389.1	ACC	T	CCC	P	2069
NC_045512.2	6470	A	C	14825	11377	39	3	1	29	0.00020232	14828	1	FALSE	ORF1ab:cds-YP_009725295.1	ACC	T	CCC	P	2069
NC_045512.2	6471	C	T	14960	11482	39	4	1	34	0.000267308	14964	0.996241	FALSE	ORF1ab:cds-YP_009724389.1	ACC	T	ATC	I	2069
NC_045512.2	6471	C	T	14960	11482	39	4	1	34	0.000267308	14964	0.996241	FALSE	ORF1ab:cds-YP_009725295.1	ACC	T	ATC	I	2069
NC_045512.2	6472	C	T	14845	11390	39	5	4	44	0.000336632	14853	0.10932	FALSE	ORF1ab:cds-YP_009724389.1	ACC	T	ACT	T	2069
NC_045512.2	6472	C	T	14845	11390	39	5	4	44	0.000336632	14853	0.10932	FALSE	ORF1ab:cds-YP_009725295.1	ACC	T	ACT	T	2069
NC_045512.2	6472	C	A	14845	11390	39	3	3	33	0.000201979	14853	0.998826	FALSE	ORF1ab:cds-YP_009724389.1	ACC	T	ACA	T	2069
NC_045512.2	6472	C	A	14845	11390	39	3	3	33	0.000201979	14853	0.998826	FALSE	ORF1ab:cds-YP_009725295.1	ACC	T	ACA	T	2069
NC_045512.2	6473	G	A	15132	11736	39	1	1	37	6.60808e-05	15133	0.999985	FALSE	ORF1ab:cds-YP_009724389.1	GAA	E	AAA	K	2070
NC_045512.2	6473	G	A	15132	11736	39	1	1	37	6.60808e-05	15133	0.999985	FALSE	ORF1ab:cds-YP_009725295.1	GAA	E	AAA	K	2070
NC_045512.2	6474	A	G	14350	11750	38	1	1	37	6.96767e-05	14352	0.99997	FALSE	ORF1ab:cds-YP_009724389.1	GAA	E	GGA	G	2070
NC_045512.2	6474	A	G	14350	11750	38	1	1	37	6.96767e-05	14352	0.99997	FALSE	ORF1ab:cds-YP_009725295.1	GAA	E	GGA	G	2070
NC_045512.2	6474	A	C	14350	11750	38	1	1	25	6.96767e-05	14352	1	FALSE	ORF1ab:cds-YP_009724389.1	GAA	E	GCA	A	2070
NC_045512.2	6474	A	C	14350	11750	38	1	1	25	6.96767e-05	14352	1	FALSE	ORF1ab:cds-YP_009725295.1	GAA	E	GCA	A	2070
NC_045512.2	6475	A	T	14136	11594	38	3	3	37	0.000212149	14141	0.998828	FALSE	ORF1ab:cds-YP_009724389.1	GAA	E	GAT	D	2070
NC_045512.2	6475	A	T	14136	11594	38	3	3	37	0.000212149	14141	0.998828	FALSE	ORF1ab:cds-YP_009725295.1	GAA	E	GAT	D	2070
NC_045512.2	6475	A	G	14136	11594	38	1	1	37	7.07164e-05	14141	0.99997	FALSE	ORF1ab:cds-YP_009724389.1	GAA	E	GAG	E	2070
NC_045512.2	6475	A	G	14136	11594	38	1	1	37	7.07164e-05	14141	0.99997	FALSE	ORF1ab:cds-YP_009725295.1	GAA	E	GAG	E	2070
NC_045512.2	6475	A	C	14136	11594	38	1	0	25	7.07164e-05	14141	1	FALSE	ORF1ab:cds-YP_009724389.1	GAA	E	GAC	D	2070
NC_045512.2	6475	A	C	14136	11594	38	1	0	25	7.07164e-05	14141	1	FALSE	ORF1ab:cds-YP_009725295.1	GAA	E	GAC	D	2070
NC_045512.2	6477	T	G	14573	12113	38	2	1	31	0.000137221	14575	0.999742	FALSE	ORF1ab:cds-YP_009724389.1	GTT	V	GGT	G	2071
NC_045512.2	6477	T	G	14573	12113	38	2	1	31	0.000137221	14575	0.999742	FALSE	ORF1ab:cds-YP_009725295.1	GTT	V	GGT	G	2071
NC_045512.2	6478	T	G	18575	16508	40	10	10	37	0.000538039	18586	0.95648	FALSE	ORF1ab:cds-YP_009724389.1	GTT	V	GTG	V	2071
NC_045512.2	6478	T	G	18575	16508	40	10	10	37	0.000538039	18586	0.95648	FALSE	ORF1ab:cds-YP_009725295.1	GTT	V	GTG	V	2071
NC_045512.2	6478	T	C	18575	16508	40	1	0	37	5.38039e-05	18586	0.999998	FALSE	ORF1ab:cds-YP_009724389.1	GTT	V	GTC	V	2071
NC_045512.2	6478	T	C	18575	16508	40	1	0	37	5.38039e-05	18586	0.999998	FALSE	ORF1ab:cds-YP_009725295.1	GTT	V	GTC	V	2071
NC_045512.2	6479	G	T	18514	16460	40	1	1	25	5.40044e-05	18517	1	FALSE	ORF1ab:cds-YP_009724389.1	GTA	V	TTA	L	2072
NC_045512.2	6479	G	T	18514	16460	40	1	1	25	5.40044e-05	18517	1	FALSE	ORF1ab:cds-YP_009725295.1	GTA	V	TTA	L	2072
NC_045512.2	6479	G	A	18514	16460	40	2	2	37	0.000108009	18517	0.99998	FALSE	ORF1ab:cds-YP_009724389.1	GTA	V	ATA	I	2072
NC_045512.2	6479	G	A	18514	16460	40	2	2	37	0.000108009	18517	0.99998	FALSE	ORF1ab:cds-YP_009725295.1	GTA	V	ATA	I	2072
NC_045512.2	6480	T	G	18587	16587	39	1	1	37	5.37953e-05	18589	0.999998	FALSE	ORF1ab:cds-YP_009724389.1	GTA	V	GGA	G	2072
NC_045512.2	6480	T	G	18587	16587	39	1	1	37	5.37953e-05	18589	0.999998	FALSE	ORF1ab:cds-YP_009725295.1	GTA	V	GGA	G	2072
NC_045512.2	6480	T	C	18587	16587	39	1	0	37	5.37953e-05	18589	0.999998	FALSE	ORF1ab:cds-YP_009724389.1	GTA	V	GCA	A	2072
NC_045512.2	6480	T	C	18587	16587	39	1	0	37	5.37953e-05	18589	0.999998	FALSE	ORF1ab:cds-YP_009725295.1	GTA	V	GCA	A	2072
NC_045512.2	6481	A	T	18590	16581	40	4	3	27	0.000215054	18600	1	FALSE	ORF1ab:cds-YP_009724389.1	GTA	V	GTT	V	2072
NC_045512.2	6481	A	T	18590	16581	40	4	3	27	0.000215054	18600	1	FALSE	ORF1ab:cds-YP_009725295.1	GTA	V	GTT	V	2072
NC_045512.2	6481	A	G	18590	16581	40	5	5	39	0.000268817	18600	0.998702	FALSE	ORF1ab:cds-YP_009724389.1	GTA	V	GTG	V	2072
NC_045512.2	6481	A	G	18590	16581	40	5	5	39	0.000268817	18600	0.998702	FALSE	ORF1ab:cds-YP_009725295.1	GTA	V	GTG	V	2072
NC_045512.2	6481	A	C	18590	16581	40	1	1	25	5.37634e-05	18600	1	FALSE	ORF1ab:cds-YP_009724389.1	GTA	V	GTC	V	2072
NC_045512.2	6481	A	C	18590	16581	40	1	1	25	5.37634e-05	18600	1	FALSE	ORF1ab:cds-YP_009725295.1	GTA	V	GTC	V	2072
NC_045512.2	6482	G	T	18188	16144	39	2	2	31	0.000109951	18190	0.99998	FALSE	ORF1ab:cds-YP_009724389.1	GGA	G	TGA	*	2073
NC_045512.2	6482	G	T	18188	16144	39	2	2	31	0.000109951	18190	0.99998	FALSE	ORF1ab:cds-YP_009725295.1	GGA	G	TGA	*	2073
NC_045512.2	6483	G	T	18529	16511	40	1	1	25	5.39636e-05	18531	1	FALSE	ORF1ab:cds-YP_009724389.1	GGA	G	GTA	V	2073
NC_045512.2	6483	G	T	18529	16511	40	1	1	25	5.39636e-05	18531	1	FALSE	ORF1ab:cds-YP_009725295.1	GGA	G	GTA	V	2073
NC_045512.2	6483	G	C	18529	16511	40	1	1	37	5.39636e-05	18531	0.999998	FALSE	ORF1ab:cds-YP_009724389.1	GGA	G	GCA	A	2073
NC_045512.2	6483	G	C	18529	16511	40	1	1	37	5.39636e-05	18531	0.999998	FALSE	ORF1ab:cds-YP_009725295.1	GGA	G	GCA	A	2073
NC_045512.2	6484	A	T	18594	16576	40	3	2	44	0.000161282	18601	0.312429	FALSE	ORF1ab:cds-YP_009724389.1	GGA	G	GGT	G	2073
NC_045512.2	6484	A	T	18594	16576	40	3	2	44	0.000161282	18601	0.312429	FALSE	ORF1ab:cds-YP_009725295.1	GGA	G	GGT	G	2073
NC_045512.2	6484	A	G	18594	16576	40	4	3	33	0.000215042	18601	0.999573	FALSE	ORF1ab:cds-YP_009724389.1	GGA	G	GGG	G	2073
NC_045512.2	6484	A	G	18594	16576	40	4	3	33	0.000215042	18601	0.999573	FALSE	ORF1ab:cds-YP_009725295.1	GGA	G	GGG	G	2073
NC_045512.2	6486	A	T	18372	16374	40	1	0	22	5.44158e-05	18377	1	FALSE	ORF1ab:cds-YP_009724389.1	GAC	D	GTC	V	2074
NC_045512.2	6486	A	T	18372	16374	40	1	0	22	5.44158e-05	18377	1	FALSE	ORF1ab:cds-YP_009725295.1	GAC	D	GTC	V	2074
NC_045512.2	6486	A	G	18372	16374	40	3	3	33	0.000163248	18377	0.99989	FALSE	ORF1ab:cds-YP_009724389.1	GAC	D	GGC	G	2074
NC_045512.2	6486	A	G	18372	16374	40	3	3	33	0.000163248	18377	0.99989	FALSE	ORF1ab:cds-YP_009725295.1	GAC	D	GGC	G	2074
NC_045512.2	6486	A	C	18372	16374	40	1	1	37	5.44158e-05	18377	0.999998	FALSE	ORF1ab:cds-YP_009724389.1	GAC	D	GCC	A	2074
NC_045512.2	6486	A	C	18372	16374	40	1	1	37	5.44158e-05	18377	0.999998	FALSE	ORF1ab:cds-YP_009725295.1	GAC	D	GCC	A	2074
NC_045512.2	6487	C	T	18177	16185	39	5	5	44	0.000274982	18183	0.109356	FALSE	ORF1ab:cds-YP_009724389.1	GAC	D	GAT	D	2074
NC_045512.2	6487	C	T	18177	16185	39	5	5	44	0.000274982	18183	0.109356	FALSE	ORF1ab:cds-YP_009725295.1	GAC	D	GAT	D	2074
NC_045512.2	6487	C	G	18177	16185	39	1	1	37	5.49964e-05	18183	0.999998	FALSE	ORF1ab:cds-YP_009724389.1	GAC	D	GAG	E	2074
NC_045512.2	6487	C	G	18177	16185	39	1	1	37	5.49964e-05	18183	0.999998	FALSE	ORF1ab:cds-YP_009725295.1	GAC	D	GAG	E	2074
NC_045512.2	6488	A	T	17919	16006	40	2	2	31	0.000111588	17923	0.999962	FALSE	ORF1ab:cds-YP_009724389.1	ATT	I	TTT	F	2075
NC_045512.2	6488	A	T	17919	16006	40	2	2	31	0.000111588	17923	0.999962	FALSE	ORF1ab:cds-YP_009725295.1	ATT	I	TTT	F	2075
NC_045512.2	6488	A	G	17919	16006	40	1	1	37	5.57942e-05	17923	0.999996	FALSE	ORF1ab:cds-YP_009724389.1	ATT	I	GTT	V	2075
NC_045512.2	6488	A	G	17919	16006	40	1	1	37	5.57942e-05	17923	0.999996	FALSE	ORF1ab:cds-YP_009725295.1	ATT	I	GTT	V	2075
NC_045512.2	6488	A	C	17919	16006	40	1	0	25	5.57942e-05	17923	1	FALSE	ORF1ab:cds-YP_009724389.1	ATT	I	CTT	L	2075
NC_045512.2	6488	A	C	17919	16006	40	1	0	25	5.57942e-05	17923	1	FALSE	ORF1ab:cds-YP_009725295.1	ATT	I	CTT	L	2075
NC_045512.2	6489	T	G	17720	15809	39	1	1	62	5.64175e-05	17725	0.499958	FALSE	ORF1ab:cds-YP_009724389.1	ATT	I	AGT	S	2075
NC_045512.2	6489	T	G	17720	15809	39	1	1	62	5.64175e-05	17725	0.499958	FALSE	ORF1ab:cds-YP_009725295.1	ATT	I	AGT	S	2075
NC_045512.2	6489	T	C	17720	15809	39	3	3	37	0.000169252	17725	0.999799	FALSE	ORF1ab:cds-YP_009724389.1	ATT	I	ACT	T	2075
NC_045512.2	6489	T	C	17720	15809	39	3	3	37	0.000169252	17725	0.999799	FALSE	ORF1ab:cds-YP_009725295.1	ATT	I	ACT	T	2075
NC_045512.2	6489	T	A	17720	15809	39	1	1	37	5.64175e-05	17725	0.999996	FALSE	ORF1ab:cds-YP_009724389.1	ATT	I	AAT	N	2075
NC_045512.2	6489	T	A	17720	15809	39	1	1	37	5.64175e-05	17725	0.999996	FALSE	ORF1ab:cds-YP_009725295.1	ATT	I	AAT	N	2075
NC_045512.2	6491	A	T	17907	15975	40	2	2	37	0.000111657	17912	0.999962	FALSE	ORF1ab:cds-YP_009724389.1	ATA	I	TTA	L	2076
NC_045512.2	6491	A	T	17907	15975	40	2	2	37	0.000111657	17912	0.999962	FALSE	ORF1ab:cds-YP_009725295.1	ATA	I	TTA	L	2076
NC_045512.2	6491	A	G	17907	15975	40	3	3	37	0.000167485	17912	0.999799	FALSE	ORF1ab:cds-YP_009724389.1	ATA	I	GTA	V	2076
NC_045512.2	6491	A	G	17907	15975	40	3	3	37	0.000167485	17912	0.999799	FALSE	ORF1ab:cds-YP_009725295.1	ATA	I	GTA	V	2076
NC_045512.2	6492	T	G	17654	15736	39	1	1	25	5.66283e-05	17659	1	FALSE	ORF1ab:cds-YP_009724389.1	ATA	I	AGA	R	2076
NC_045512.2	6492	T	G	17654	15736	39	1	1	25	5.66283e-05	17659	1	FALSE	ORF1ab:cds-YP_009725295.1	ATA	I	AGA	R	2076
NC_045512.2	6492	T	C	17654	15736	39	4	3	33	0.000226513	17659	0.999257	FALSE	ORF1ab:cds-YP_009724389.1	ATA	I	ACA	T	2076
NC_045512.2	6492	T	C	17654	15736	39	4	3	33	0.000226513	17659	0.999257	FALSE	ORF1ab:cds-YP_009725295.1	ATA	I	ACA	T	2076
NC_045512.2	6493	A	T	17440	15761	39	1	0	37	5.73329e-05	17442	0.999996	FALSE	ORF1ab:cds-YP_009724389.1	ATA	I	ATT	I	2076
NC_045512.2	6493	A	T	17440	15761	39	1	0	37	5.73329e-05	17442	0.999996	FALSE	ORF1ab:cds-YP_009725295.1	ATA	I	ATT	I	2076
NC_045512.2	6493	A	C	17440	15761	39	1	1	25	5.73329e-05	17442	1	FALSE	ORF1ab:cds-YP_009724389.1	ATA	I	ATC	I	2076
NC_045512.2	6493	A	C	17440	15761	39	1	1	25	5.73329e-05	17442	1	FALSE	ORF1ab:cds-YP_009725295.1	ATA	I	ATC	I	2076
NC_045512.2	6494	C	T	17472	15997	39	3	3	37	0.000171644	17478	0.999799	FALSE	ORF1ab:cds-YP_009724389.1	CTT	L	TTT	F	2077
NC_045512.2	6494	C	T	17472	15997	39	3	3	37	0.000171644	17478	0.999799	FALSE	ORF1ab:cds-YP_009725295.1	CTT	L	TTT	F	2077
NC_045512.2	6494	C	A	17472	15997	39	3	3	33	0.000171644	17478	0.999799	FALSE	ORF1ab:cds-YP_009724389.1	CTT	L	ATT	I	2077
NC_045512.2	6494	C	A	17472	15997	39	3	3	33	0.000171644	17478	0.999799	FALSE	ORF1ab:cds-YP_009725295.1	CTT	L	ATT	I	2077
NC_045512.2	6495	T	C	15952	14708	39	4	3	37	0.000250689	15956	0.997794	FALSE	ORF1ab:cds-YP_009724389.1	CTT	L	CCT	P	2077
NC_045512.2	6495	T	C	15952	14708	39	4	3	37	0.000250689	15956	0.997794	FALSE	ORF1ab:cds-YP_009725295.1	CTT	L	CCT	P	2077
NC_045512.2	6496	T	A	15609	14372	39	1	1	37	6.40615e-05	15610	0.999985	FALSE	ORF1ab:cds-YP_009724389.1	CTT	L	CTA	L	2077
NC_045512.2	6496	T	A	15609	14372	39	1	1	37	6.40615e-05	15610	0.999985	FALSE	ORF1ab:cds-YP_009725295.1	CTT	L	CTA	L	2077
NC_045512.2	6498	A	G	15240	14018	38	1	1	37	6.56125e-05	15241	0.999985	FALSE	ORF1ab:cds-YP_009724389.1	AAA	K	AGA	R	2078
NC_045512.2	6498	A	G	15240	14018	38	1	1	37	6.56125e-05	15241	0.999985	FALSE	ORF1ab:cds-YP_009725295.1	AAA	K	AGA	R	2078
NC_045512.2	6500	C	T	15304	14097	38	1	1	25	6.53296e-05	15307	1	FALSE	ORF1ab:cds-YP_009724389.1	CCA	P	TCA	S	2079
NC_045512.2	6500	C	T	15304	14097	38	1	1	25	6.53296e-05	15307	1	FALSE	ORF1ab:cds-YP_009725295.1	CCA	P	TCA	S	2079
NC_045512.2	6500	C	G	15304	14097	38	1	1	37	6.53296e-05	15307	0.999985	FALSE	ORF1ab:cds-YP_009724389.1	CCA	P	GCA	A	2079
NC_045512.2	6500	C	G	15304	14097	38	1	1	37	6.53296e-05	15307	0.999985	FALSE	ORF1ab:cds-YP_009725295.1	CCA	P	GCA	A	2079
NC_045512.2	6500	C	A	15304	14097	38	1	1	37	6.53296e-05	15307	0.999985	FALSE	ORF1ab:cds-YP_009724389.1	CCA	P	ACA	T	2079
NC_045512.2	6500	C	A	15304	14097	38	1	1	37	6.53296e-05	15307	0.999985	FALSE	ORF1ab:cds-YP_009725295.1	CCA	P	ACA	T	2079
NC_045512.2	6501	C	A	15297	14108	38	2	2	31	0.000130727	15299	0.999863	FALSE	ORF1ab:cds-YP_009724389.1	CCA	P	CAA	Q	2079
NC_045512.2	6501	C	A	15297	14108	38	2	2	31	0.000130727	15299	0.999863	FALSE	ORF1ab:cds-YP_009725295.1	CCA	P	CAA	Q	2079
NC_045512.2	6502	A	T	14409	13240	38	1	1	25	6.93866e-05	14412	1	FALSE	ORF1ab:cds-YP_009724389.1	CCA	P	CCT	P	2079
NC_045512.2	6502	A	T	14409	13240	38	1	1	25	6.93866e-05	14412	1	FALSE	ORF1ab:cds-YP_009725295.1	CCA	P	CCT	P	2079
NC_045512.2	6502	A	G	14409	13240	38	2	1	37	0.000138773	14412	0.999741	FALSE	ORF1ab:cds-YP_009724389.1	CCA	P	CCG	P	2079
NC_045512.2	6502	A	G	14409	13240	38	2	1	37	0.000138773	14412	0.999741	FALSE	ORF1ab:cds-YP_009725295.1	CCA	P	CCG	P	2079
NC_045512.2	6503	G	A	14180	12986	38	21	21	38	0.00147877	14201	0.155152	FALSE	ORF1ab:cds-YP_009724389.1	GCA	A	ACA	T	2080
NC_045512.2	6503	G	A	14180	12986	38	21	21	38	0.00147877	14201	0.155152	FALSE	ORF1ab:cds-YP_009725295.1	GCA	A	ACA	T	2080
NC_045512.2	6504	C	T	14516	13328	38	3	3	37	0.000206626	14519	0.998829	FALSE	ORF1ab:cds-YP_009724389.1	GCA	A	GTA	V	2080
NC_045512.2	6504	C	T	14516	13328	38	3	3	37	0.000206626	14519	0.998829	FALSE	ORF1ab:cds-YP_009725295.1	GCA	A	GTA	V	2080
NC_045512.2	6505	A	G	14422	13263	38	1	1	25	6.93241e-05	14425	1	FALSE	ORF1ab:cds-YP_009724389.1	GCA	A	GCG	A	2080
NC_045512.2	6505	A	G	14422	13263	38	1	1	25	6.93241e-05	14425	1	FALSE	ORF1ab:cds-YP_009725295.1	GCA	A	GCG	A	2080
NC_045512.2	6505	A	C	14422	13263	38	2	1	37	0.000138648	14425	0.999741	FALSE	ORF1ab:cds-YP_009724389.1	GCA	A	GCC	A	2080
NC_045512.2	6505	A	C	14422	13263	38	2	1	37	0.000138648	14425	0.999741	FALSE	ORF1ab:cds-YP_009725295.1	GCA	A	GCC	A	2080
NC_045512.2	6506	A	G	13883	12766	37	1	1	25	7.19994e-05	13889	1	FALSE	ORF1ab:cds-YP_009724389.1	AAT	N	GAT	D	2081
NC_045512.2	6506	A	G	13883	12766	37	1	1	25	7.19994e-05	13889	1	FALSE	ORF1ab:cds-YP_009725295.1	AAT	N	GAT	D	2081
NC_045512.2	6506	A	C	13883	12766	37	5	4	26	0.000359997	13889	1	FALSE	ORF1ab:cds-YP_009724389.1	AAT	N	CAT	H	2081
NC_045512.2	6506	A	C	13883	12766	37	5	4	26	0.000359997	13889	1	FALSE	ORF1ab:cds-YP_009725295.1	AAT	N	CAT	H	2081
NC_045512.2	6507	A	C	13738	12607	37	6	5	28	0.000436554	13744	1	FALSE	ORF1ab:cds-YP_009724389.1	AAT	N	ACT	T	2081
NC_045512.2	6507	A	C	13738	12607	37	6	5	28	0.000436554	13744	1	FALSE	ORF1ab:cds-YP_009725295.1	AAT	N	ACT	T	2081
NC_045512.2	6508	T	G	14069	12961	38	5	4	25	0.000355265	14074	1	FALSE	ORF1ab:cds-YP_009724389.1	AAT	N	AAG	K	2081
NC_045512.2	6508	T	G	14069	12961	38	5	4	25	0.000355265	14074	1	FALSE	ORF1ab:cds-YP_009725295.1	AAT	N	AAG	K	2081
NC_045512.2	6509	A	T	13622	12655	37	1	1	37	7.33622e-05	13631	0.999939	FALSE	ORF1ab:cds-YP_009724389.1	AAT	N	TAT	Y	2082
NC_045512.2	6509	A	T	13622	12655	37	1	1	37	7.33622e-05	13631	0.999939	FALSE	ORF1ab:cds-YP_009725295.1	AAT	N	TAT	Y	2082
NC_045512.2	6509	A	C	13622	12655	37	8	8	25	0.000586898	13631	1	FALSE	ORF1ab:cds-YP_009724389.1	AAT	N	CAT	H	2082
NC_045512.2	6509	A	C	13622	12655	37	8	8	25	0.000586898	13631	1	FALSE	ORF1ab:cds-YP_009725295.1	AAT	N	CAT	H	2082
NC_045512.2	6510	A	G	13539	12579	37	2	2	37	0.000147591	13551	0.999511	FALSE	ORF1ab:cds-YP_009724389.1	AAT	N	AGT	S	2082
NC_045512.2	6510	A	G	13539	12579	37	2	2	37	0.000147591	13551	0.999511	FALSE	ORF1ab:cds-YP_009725295.1	AAT	N	AGT	S	2082
NC_045512.2	6510	A	C	13539	12579	37	10	10	31	0.000737953	13551	0.797614	FALSE	ORF1ab:cds-YP_009724389.1	AAT	N	ACT	T	2082
NC_045512.2	6510	A	C	13539	12579	37	10	10	31	0.000737953	13551	0.797614	FALSE	ORF1ab:cds-YP_009725295.1	AAT	N	ACT	T	2082
NC_045512.2	6511	T	G	13648	12703	37	8	8	27	0.000585737	13658	1	FALSE	ORF1ab:cds-YP_009724389.1	AAT	N	AAG	K	2082
NC_045512.2	6511	T	G	13648	12703	37	8	8	27	0.000585737	13658	1	FALSE	ORF1ab:cds-YP_009725295.1	AAT	N	AAG	K	2082
NC_045512.2	6511	T	C	13648	12703	37	2	2	37	0.000146434	13658	0.999511	FALSE	ORF1ab:cds-YP_009724389.1	AAT	N	AAC	N	2082
NC_045512.2	6511	T	C	13648	12703	37	2	2	37	0.000146434	13658	0.999511	FALSE	ORF1ab:cds-YP_009725295.1	AAT	N	AAC	N	2082
NC_045512.2	6512	A	T	13007	12054	37	1	1	37	7.67931e-05	13022	0.999939	FALSE	ORF1ab:cds-YP_009724389.1	AGT	S	TGT	C	2083
NC_045512.2	6512	A	T	13007	12054	37	1	1	37	7.67931e-05	13022	0.999939	FALSE	ORF1ab:cds-YP_009725295.1	AGT	S	TGT	C	2083
NC_045512.2	6512	A	G	13007	12054	37	5	4	39	0.000383966	13022	0.98453	FALSE	ORF1ab:cds-YP_009724389.1	AGT	S	GGT	G	2083
NC_045512.2	6512	A	G	13007	12054	37	5	4	39	0.000383966	13022	0.98453	FALSE	ORF1ab:cds-YP_009725295.1	AGT	S	GGT	G	2083
NC_045512.2	6512	A	C	13007	12054	37	9	9	25	0.000691138	13022	1	FALSE	ORF1ab:cds-YP_009724389.1	AGT	S	CGT	R	2083
NC_045512.2	6512	A	C	13007	12054	37	9	9	25	0.000691138	13022	1	FALSE	ORF1ab:cds-YP_009725295.1	AGT	S	CGT	R	2083
NC_045512.2	6513	G	C	13032	12082	36	1	1	25	7.67283e-05	13033	1	FALSE	ORF1ab:cds-YP_009724389.1	AGT	S	ACT	T	2083
NC_045512.2	6513	G	C	13032	12082	36	1	1	25	7.67283e-05	13033	1	FALSE	ORF1ab:cds-YP_009725295.1	AGT	S	ACT	T	2083
NC_045512.2	6514	T	C	13098	12161	37	2	2	37	0.000152648	13102	0.999513	FALSE	ORF1ab:cds-YP_009724389.1	AGT	S	AGC	S	2083
NC_045512.2	6514	T	C	13098	12161	37	2	2	37	0.000152648	13102	0.999513	FALSE	ORF1ab:cds-YP_009725295.1	AGT	S	AGC	S	2083
NC_045512.2	6514	T	A	13098	12161	37	2	2	37	0.000152648	13102	0.999513	FALSE	ORF1ab:cds-YP_009724389.1	AGT	S	AGA	R	2083
NC_045512.2	6514	T	A	13098	12161	37	2	2	37	0.000152648	13102	0.999513	FALSE	ORF1ab:cds-YP_009725295.1	AGT	S	AGA	R	2083
NC_045512.2	6515	T	G	13260	12342	37	2	0	27	0.000150773	13265	1	FALSE	ORF1ab:cds-YP_009724389.1	TTA	L	GTA	V	2084
NC_045512.2	6515	T	G	13260	12342	37	2	0	27	0.000150773	13265	1	FALSE	ORF1ab:cds-YP_009725295.1	TTA	L	GTA	V	2084
NC_045512.2	6515	T	A	13260	12342	37	3	3	25	0.000226159	13265	1	FALSE	ORF1ab:cds-YP_009724389.1	TTA	L	ATA	I	2084
NC_045512.2	6515	T	A	13260	12342	37	3	3	25	0.000226159	13265	1	FALSE	ORF1ab:cds-YP_009725295.1	TTA	L	ATA	I	2084
NC_045512.2	6516	T	G	13630	12708	38	3	2	25	0.000220038	13634	1	FALSE	ORF1ab:cds-YP_009724389.1	TTA	L	TGA	*	2084
NC_045512.2	6516	T	G	13630	12708	38	3	2	25	0.000220038	13634	1	FALSE	ORF1ab:cds-YP_009725295.1	TTA	L	TGA	*	2084
NC_045512.2	6516	T	A	13630	12708	38	1	1	37	7.3346e-05	13634	0.999939	FALSE	ORF1ab:cds-YP_009724389.1	TTA	L	TAA	*	2084
NC_045512.2	6516	T	A	13630	12708	38	1	1	37	7.3346e-05	13634	0.999939	FALSE	ORF1ab:cds-YP_009725295.1	TTA	L	TAA	*	2084
NC_045512.2	6518	A	T	13678	12811	38	4	4	31	0.000292312	13684	0.993648	FALSE	ORF1ab:cds-YP_009724389.1	AAA	K	TAA	*	2085
NC_045512.2	6518	A	T	13678	12811	38	4	4	31	0.000292312	13684	0.993648	FALSE	ORF1ab:cds-YP_009725295.1	AAA	K	TAA	*	2085
NC_045512.2	6518	A	G	13678	12811	38	1	1	37	7.3078e-05	13684	0.999939	FALSE	ORF1ab:cds-YP_009724389.1	AAA	K	GAA	E	2085
NC_045512.2	6518	A	G	13678	12811	38	1	1	37	7.3078e-05	13684	0.999939	FALSE	ORF1ab:cds-YP_009725295.1	AAA	K	GAA	E	2085
NC_045512.2	6518	A	C	13678	12811	38	1	0	25	7.3078e-05	13684	1	FALSE	ORF1ab:cds-YP_009724389.1	AAA	K	CAA	Q	2085
NC_045512.2	6518	A	C	13678	12811	38	1	0	25	7.3078e-05	13684	1	FALSE	ORF1ab:cds-YP_009725295.1	AAA	K	CAA	Q	2085
NC_045512.2	6519	A	G	13594	12739	37	1	1	37	7.35565e-05	13595	0.999939	FALSE	ORF1ab:cds-YP_009724389.1	AAA	K	AGA	R	2085
NC_045512.2	6519	A	G	13594	12739	37	1	1	37	7.35565e-05	13595	0.999939	FALSE	ORF1ab:cds-YP_009725295.1	AAA	K	AGA	R	2085
NC_045512.2	6520	A	T	13347	12516	37	1	1	25	7.4912e-05	13349	1	FALSE	ORF1ab:cds-YP_009724389.1	AAA	K	AAT	N	2085
NC_045512.2	6520	A	T	13347	12516	37	1	1	25	7.4912e-05	13349	1	FALSE	ORF1ab:cds-YP_009725295.1	AAA	K	AAT	N	2085
NC_045512.2	6520	A	C	13347	12516	37	1	1	25	7.4912e-05	13349	1	FALSE	ORF1ab:cds-YP_009724389.1	AAA	K	AAC	N	2085
NC_045512.2	6520	A	C	13347	12516	37	1	1	25	7.4912e-05	13349	1	FALSE	ORF1ab:cds-YP_009725295.1	AAA	K	AAC	N	2085
NC_045512.2	6521	A	T	13258	12436	37	2	2	31	0.000150784	13264	0.999512	FALSE	ORF1ab:cds-YP_009724389.1	ATT	I	TTT	F	2086
NC_045512.2	6521	A	T	13258	12436	37	2	2	31	0.000150784	13264	0.999512	FALSE	ORF1ab:cds-YP_009725295.1	ATT	I	TTT	F	2086
NC_045512.2	6521	A	C	13258	12436	37	4	4	26	0.000301568	13264	1	FALSE	ORF1ab:cds-YP_009724389.1	ATT	I	CTT	L	2086
NC_045512.2	6521	A	C	13258	12436	37	4	4	26	0.000301568	13264	1	FALSE	ORF1ab:cds-YP_009725295.1	ATT	I	CTT	L	2086
NC_045512.2	6522	T	C	13338	12546	37	1	1	37	7.49625e-05	13340	0.999939	FALSE	ORF1ab:cds-YP_009724389.1	ATT	I	ACT	T	2086
NC_045512.2	6522	T	C	13338	12546	37	1	1	37	7.49625e-05	13340	0.999939	FALSE	ORF1ab:cds-YP_009725295.1	ATT	I	ACT	T	2086
NC_045512.2	6522	T	A	13338	12546	37	1	1	37	7.49625e-05	13340	0.999939	FALSE	ORF1ab:cds-YP_009724389.1	ATT	I	AAT	N	2086
NC_045512.2	6522	T	A	13338	12546	37	1	1	37	7.49625e-05	13340	0.999939	FALSE	ORF1ab:cds-YP_009725295.1	ATT	I	AAT	N	2086
NC_045512.2	6523	T	G	13339	12542	37	1	1	25	7.49513e-05	13342	1	FALSE	ORF1ab:cds-YP_009724389.1	ATT	I	ATG	M	2086
NC_045512.2	6523	T	G	13339	12542	37	1	1	25	7.49513e-05	13342	1	FALSE	ORF1ab:cds-YP_009725295.1	ATT	I	ATG	M	2086
NC_045512.2	6523	T	C	13339	12542	37	2	1	55	0.000149903	13342	0.249991	FALSE	ORF1ab:cds-YP_009724389.1	ATT	I	ATC	I	2086
NC_045512.2	6523	T	C	13339	12542	37	2	1	55	0.000149903	13342	0.249991	FALSE	ORF1ab:cds-YP_009725295.1	ATT	I	ATC	I	2086
NC_045512.2	6524	A	G	13391	12590	37	2	2	37	0.000149298	13396	0.999513	FALSE	ORF1ab:cds-YP_009724389.1	ACA	T	GCA	A	2087
NC_045512.2	6524	A	G	13391	12590	37	2	2	37	0.000149298	13396	0.999513	FALSE	ORF1ab:cds-YP_009725295.1	ACA	T	GCA	A	2087
NC_045512.2	6524	A	C	13391	12590	37	3	3	25	0.000223947	13396	1	FALSE	ORF1ab:cds-YP_009724389.1	ACA	T	CCA	P	2087
NC_045512.2	6524	A	C	13391	12590	37	3	3	25	0.000223947	13396	1	FALSE	ORF1ab:cds-YP_009725295.1	ACA	T	CCA	P	2087
NC_045512.2	6525	C	T	13673	12899	38	5	4	34	0.000365497	13680	0.984579	FALSE	ORF1ab:cds-YP_009724389.1	ACA	T	ATA	I	2087
NC_045512.2	6525	C	T	13673	12899	38	5	4	34	0.000365497	13680	0.984579	FALSE	ORF1ab:cds-YP_009725295.1	ACA	T	ATA	I	2087
NC_045512.2	6525	C	A	13673	12899	38	2	2	37	0.000146199	13680	0.999512	FALSE	ORF1ab:cds-YP_009724389.1	ACA	T	AAA	K	2087
NC_045512.2	6525	C	A	13673	12899	38	2	2	37	0.000146199	13680	0.999512	FALSE	ORF1ab:cds-YP_009725295.1	ACA	T	AAA	K	2087
NC_045512.2	6526	A	G	13228	12455	37	4	4	37	0.000302275	13233	0.993651	FALSE	ORF1ab:cds-YP_009724389.1	ACA	T	ACG	T	2087
NC_045512.2	6526	A	G	13228	12455	37	4	4	37	0.000302275	13233	0.993651	FALSE	ORF1ab:cds-YP_009725295.1	ACA	T	ACG	T	2087
NC_045512.2	6526	A	C	13228	12455	37	1	1	37	7.55687e-05	13233	0.999939	FALSE	ORF1ab:cds-YP_009724389.1	ACA	T	ACC	T	2087
NC_045512.2	6526	A	C	13228	12455	37	1	1	37	7.55687e-05	13233	0.999939	FALSE	ORF1ab:cds-YP_009725295.1	ACA	T	ACC	T	2087
NC_045512.2	6528	A	T	12869	12159	36	1	1	25	7.76458e-05	12879	1	FALSE	ORF1ab:cds-YP_009724389.1	GAA	E	GTA	V	2088
NC_045512.2	6528	A	T	12869	12159	36	1	1	25	7.76458e-05	12879	1	FALSE	ORF1ab:cds-YP_009725295.1	GAA	E	GTA	V	2088
NC_045512.2	6528	A	G	12869	12159	36	4	4	34	0.000310583	12879	0.989362	FALSE	ORF1ab:cds-YP_009724389.1	GAA	E	GGA	G	2088
NC_045512.2	6528	A	G	12869	12159	36	4	4	34	0.000310583	12879	0.989362	FALSE	ORF1ab:cds-YP_009725295.1	GAA	E	GGA	G	2088
NC_045512.2	6528	A	C	12869	12159	36	5	5	27	0.000388229	12879	1	FALSE	ORF1ab:cds-YP_009724389.1	GAA	E	GCA	A	2088
NC_045512.2	6528	A	C	12869	12159	36	5	5	27	0.000388229	12879	1	FALSE	ORF1ab:cds-YP_009725295.1	GAA	E	GCA	A	2088
NC_045512.2	6529	A	G	12351	11676	36	1	1	37	8.08865e-05	12363	0.999878	FALSE	ORF1ab:cds-YP_009724389.1	GAA	E	GAG	E	2088
NC_045512.2	6529	A	G	12351	11676	36	1	1	37	8.08865e-05	12363	0.999878	FALSE	ORF1ab:cds-YP_009725295.1	GAA	E	GAG	E	2088
NC_045512.2	6529	A	C	12351	11676	36	11	11	30	0.000889752	12363	0.661252	FALSE	ORF1ab:cds-YP_009724389.1	GAA	E	GAC	D	2088
NC_045512.2	6529	A	C	12351	11676	36	11	11	30	0.000889752	12363	0.661252	FALSE	ORF1ab:cds-YP_009725295.1	GAA	E	GAC	D	2088
NC_045512.2	6530	G	T	13108	12512	36	1	1	25	7.62777e-05	13110	1	FALSE	ORF1ab:cds-YP_009724389.1	GAG	E	TAG	*	2089
NC_045512.2	6530	G	T	13108	12512	36	1	1	25	7.62777e-05	13110	1	FALSE	ORF1ab:cds-YP_009725295.1	GAG	E	TAG	*	2089
NC_045512.2	6530	G	A	13108	12512	36	1	1	37	7.62777e-05	13110	0.999939	FALSE	ORF1ab:cds-YP_009724389.1	GAG	E	AAG	K	2089
NC_045512.2	6530	G	A	13108	12512	36	1	1	37	7.62777e-05	13110	0.999939	FALSE	ORF1ab:cds-YP_009725295.1	GAG	E	AAG	K	2089
NC_045512.2	6531	A	G	12521	11933	36	4	3	43	0.000319285	12528	0.187425	FALSE	ORF1ab:cds-YP_009724389.1	GAG	E	GGG	G	2089
NC_045512.2	6531	A	G	12521	11933	36	4	3	43	0.000319285	12528	0.187425	FALSE	ORF1ab:cds-YP_009725295.1	GAG	E	GGG	G	2089
NC_045512.2	6531	A	C	12521	11933	36	3	3	25	0.000239464	12528	1	FALSE	ORF1ab:cds-YP_009724389.1	GAG	E	GCG	A	2089
NC_045512.2	6531	A	C	12521	11933	36	3	3	25	0.000239464	12528	1	FALSE	ORF1ab:cds-YP_009725295.1	GAG	E	GCG	A	2089
NC_045512.2	6532	G	T	12636	12095	36	4	3	31	0.000316406	12642	0.98938	FALSE	ORF1ab:cds-YP_009724389.1	GAG	E	GAT	D	2089
NC_045512.2	6532	G	T	12636	12095	36	4	3	31	0.000316406	12642	0.98938	FALSE	ORF1ab:cds-YP_009725295.1	GAG	E	GAT	D	2089
NC_045512.2	6532	G	A	12636	12095	36	2	2	31	0.000158203	12642	0.999086	FALSE	ORF1ab:cds-YP_009724389.1	GAG	E	GAA	E	2089
NC_045512.2	6532	G	A	12636	12095	36	2	2	31	0.000158203	12642	0.999086	FALSE	ORF1ab:cds-YP_009725295.1	GAG	E	GAA	E	2089
NC_045512.2	6533	G	T	12726	12191	36	1	1	25	7.85423e-05	12732	1	FALSE	ORF1ab:cds-YP_009724389.1	GTT	V	TTT	F	2090
NC_045512.2	6533	G	T	12726	12191	36	1	1	25	7.85423e-05	12732	1	FALSE	ORF1ab:cds-YP_009725295.1	GTT	V	TTT	F	2090
NC_045512.2	6533	G	A	12726	12191	36	5	5	37	0.000392711	12732	0.975516	FALSE	ORF1ab:cds-YP_009724389.1	GTT	V	ATT	I	2090
NC_045512.2	6533	G	A	12726	12191	36	5	5	37	0.000392711	12732	0.975516	FALSE	ORF1ab:cds-YP_009725295.1	GTT	V	ATT	I	2090
NC_045512.2	6534	T	G	12455	11926	36	2	1	30	0.000160552	12457	0.999087	FALSE	ORF1ab:cds-YP_009724389.1	GTT	V	GGT	G	2090
NC_045512.2	6534	T	G	12455	11926	36	2	1	30	0.000160552	12457	0.999087	FALSE	ORF1ab:cds-YP_009725295.1	GTT	V	GGT	G	2090
NC_045512.2	6535	T	G	12717	12190	37	2	2	25	0.00015722	12721	1	FALSE	ORF1ab:cds-YP_009724389.1	GTT	V	GTG	V	2090
NC_045512.2	6535	T	G	12717	12190	37	2	2	25	0.00015722	12721	1	FALSE	ORF1ab:cds-YP_009725295.1	GTT	V	GTG	V	2090
NC_045512.2	6535	T	C	12717	12190	37	2	2	37	0.00015722	12721	0.999086	FALSE	ORF1ab:cds-YP_009724389.1	GTT	V	GTC	V	2090
NC_045512.2	6535	T	C	12717	12190	37	2	2	37	0.00015722	12721	0.999086	FALSE	ORF1ab:cds-YP_009725295.1	GTT	V	GTC	V	2090
NC_045512.2	6536	G	T	12760	12234	37	1	1	37	7.83453e-05	12764	0.999878	FALSE	ORF1ab:cds-YP_009724389.1	GGC	G	TGC	C	2091
NC_045512.2	6536	G	T	12760	12234	37	1	1	37	7.83453e-05	12764	0.999878	FALSE	ORF1ab:cds-YP_009725295.1	GGC	G	TGC	C	2091
NC_045512.2	6536	G	A	12760	12234	37	3	3	37	0.000235036	12764	0.996316	FALSE	ORF1ab:cds-YP_009724389.1	GGC	G	AGC	S	2091
NC_045512.2	6536	G	A	12760	12234	37	3	3	37	0.000235036	12764	0.996316	FALSE	ORF1ab:cds-YP_009725295.1	GGC	G	AGC	S	2091
NC_045512.2	6537	G	C	12757	12254	37	1	0	37	7.83269e-05	12767	0.999878	FALSE	ORF1ab:cds-YP_009724389.1	GGC	G	GCC	A	2091
NC_045512.2	6537	G	C	12757	12254	37	1	0	37	7.83269e-05	12767	0.999878	FALSE	ORF1ab:cds-YP_009725295.1	GGC	G	GCC	A	2091
NC_045512.2	6537	G	A	12757	12254	37	9	9	35	0.000704942	12767	0.808444	FALSE	ORF1ab:cds-YP_009724389.1	GGC	G	GAC	D	2091
NC_045512.2	6537	G	A	12757	12254	37	9	9	35	0.000704942	12767	0.808444	FALSE	ORF1ab:cds-YP_009725295.1	GGC	G	GAC	D	2091
NC_045512.2	6538	C	T	12730	12251	37	15	14	37	0.00117675	12747	0.350402	FALSE	ORF1ab:cds-YP_009724389.1	GGC	G	GGT	G	2091
NC_045512.2	6538	C	T	12730	12251	37	15	14	37	0.00117675	12747	0.350402	FALSE	ORF1ab:cds-YP_009725295.1	GGC	G	GGT	G	2091
NC_045512.2	6538	C	G	12730	12251	37	1	1	25	7.84498e-05	12747	1	FALSE	ORF1ab:cds-YP_009724389.1	GGC	G	GGG	G	2091
NC_045512.2	6538	C	G	12730	12251	37	1	1	25	7.84498e-05	12747	1	FALSE	ORF1ab:cds-YP_009725295.1	GGC	G	GGG	G	2091
NC_045512.2	6538	C	A	12730	12251	37	1	1	37	7.84498e-05	12747	0.999877	FALSE	ORF1ab:cds-YP_009724389.1	GGC	G	GGA	G	2091
NC_045512.2	6538	C	A	12730	12251	37	1	1	37	7.84498e-05	12747	0.999877	FALSE	ORF1ab:cds-YP_009725295.1	GGC	G	GGA	G	2091
NC_045512.2	6539	C	T	12726	12244	37	1	0	74	7.85669e-05	12728	0.5	FALSE	ORF1ab:cds-YP_009724389.1	CAC	H	TAC	Y	2092
NC_045512.2	6539	C	T	12726	12244	37	1	0	74	7.85669e-05	12728	0.5	FALSE	ORF1ab:cds-YP_009725295.1	CAC	H	TAC	Y	2092
NC_045512.2	6539	C	A	12726	12244	37	1	1	37	7.85669e-05	12728	0.999878	FALSE	ORF1ab:cds-YP_009724389.1	CAC	H	AAC	N	2092
NC_045512.2	6539	C	A	12726	12244	37	1	1	37	7.85669e-05	12728	0.999878	FALSE	ORF1ab:cds-YP_009725295.1	CAC	H	AAC	N	2092
NC_045512.2	6540	A	T	12423	11972	37	1	1	25	8.04829e-05	12425	1	FALSE	ORF1ab:cds-YP_009724389.1	CAC	H	CTC	L	2092
NC_045512.2	6540	A	T	12423	11972	37	1	1	25	8.04829e-05	12425	1	FALSE	ORF1ab:cds-YP_009725295.1	CAC	H	CTC	L	2092
NC_045512.2	6540	A	C	12423	11972	37	1	1	25	8.04829e-05	12425	1	FALSE	ORF1ab:cds-YP_009724389.1	CAC	H	CCC	P	2092
NC_045512.2	6540	A	C	12423	11972	37	1	1	25	8.04829e-05	12425	1	FALSE	ORF1ab:cds-YP_009725295.1	CAC	H	CCC	P	2092
NC_045512.2	6541	C	G	12451	11992	37	2	2	37	0.000160591	12454	0.999087	FALSE	ORF1ab:cds-YP_009724389.1	CAC	H	CAG	Q	2092
NC_045512.2	6541	C	G	12451	11992	37	2	2	37	0.000160591	12454	0.999087	FALSE	ORF1ab:cds-YP_009725295.1	CAC	H	CAG	Q	2092
NC_045512.2	6541	C	A	12451	11992	37	1	1	25	8.02955e-05	12454	1	FALSE	ORF1ab:cds-YP_009724389.1	CAC	H	CAA	Q	2092
NC_045512.2	6541	C	A	12451	11992	37	1	1	25	8.02955e-05	12454	1	FALSE	ORF1ab:cds-YP_009725295.1	CAC	H	CAA	Q	2092
NC_045512.2	6542	A	G	12379	11924	37	1	1	37	8.07754e-05	12380	0.999878	FALSE	ORF1ab:cds-YP_009724389.1	ACA	T	GCA	A	2093
NC_045512.2	6542	A	G	12379	11924	37	1	1	37	8.07754e-05	12380	0.999878	FALSE	ORF1ab:cds-YP_009725295.1	ACA	T	GCA	A	2093
NC_045512.2	6543	C	T	12436	11981	37	8	8	37	0.00064288	12444	0.868547	FALSE	ORF1ab:cds-YP_009724389.1	ACA	T	ATA	I	2093
NC_045512.2	6543	C	T	12436	11981	37	8	8	37	0.00064288	12444	0.868547	FALSE	ORF1ab:cds-YP_009725295.1	ACA	T	ATA	I	2093
NC_045512.2	6544	A	G	12317	11883	37	9	8	37	0.000730164	12326	0.808498	FALSE	ORF1ab:cds-YP_009724389.1	ACA	T	ACG	T	2093
NC_045512.2	6544	A	G	12317	11883	37	9	8	37	0.000730164	12326	0.808498	FALSE	ORF1ab:cds-YP_009725295.1	ACA	T	ACG	T	2093
NC_045512.2	6545	G	A	12182	11814	37	4	4	37	0.000328246	12186	0.98939	FALSE	ORF1ab:cds-YP_009724389.1	GAT	D	AAT	N	2094
NC_045512.2	6545	G	A	12182	11814	37	4	4	37	0.000328246	12186	0.98939	FALSE	ORF1ab:cds-YP_009725295.1	GAT	D	AAT	N	2094
NC_045512.2	6546	A	G	11811	11455	36	2	2	37	0.000169276	11815	0.998294	FALSE	ORF1ab:cds-YP_009724389.1	GAT	D	GGT	G	2094
NC_045512.2	6546	A	G	11811	11455	36	2	2	37	0.000169276	11815	0.998294	FALSE	ORF1ab:cds-YP_009725295.1	GAT	D	GGT	G	2094
NC_045512.2	6546	A	C	11811	11455	36	2	1	31	0.000169276	11815	0.998294	FALSE	ORF1ab:cds-YP_009724389.1	GAT	D	GCT	A	2094
NC_045512.2	6546	A	C	11811	11455	36	2	1	31	0.000169276	11815	0.998294	FALSE	ORF1ab:cds-YP_009725295.1	GAT	D	GCT	A	2094
NC_045512.2	6547	T	C	12190	11571	36	1	1	37	8.20277e-05	12191	0.999878	FALSE	ORF1ab:cds-YP_009724389.1	GAT	D	GAC	D	2094
NC_045512.2	6547	T	C	12190	11571	36	1	1	37	8.20277e-05	12191	0.999878	FALSE	ORF1ab:cds-YP_009725295.1	GAT	D	GAC	D	2094
NC_045512.2	6548	C	A	12259	11639	36	1	1	25	8.15661e-05	12260	1	FALSE	ORF1ab:cds-YP_009724389.1	CTA	L	ATA	I	2095
NC_045512.2	6548	C	A	12259	11639	36	1	1	25	8.15661e-05	12260	1	FALSE	ORF1ab:cds-YP_009725295.1	CTA	L	ATA	I	2095
NC_045512.2	6549	T	C	12000	11399	36	1	1	37	8.33264e-05	12001	0.999878	FALSE	ORF1ab:cds-YP_009724389.1	CTA	L	CCA	P	2095
NC_045512.2	6549	T	C	12000	11399	36	1	1	37	8.33264e-05	12001	0.999878	FALSE	ORF1ab:cds-YP_009725295.1	CTA	L	CCA	P	2095
NC_045512.2	6550	A	G	11978	11461	36	1	1	25	8.34794e-05	11979	1	FALSE	ORF1ab:cds-YP_009724389.1	CTA	L	CTG	L	2095
NC_045512.2	6550	A	G	11978	11461	36	1	1	25	8.34794e-05	11979	1	FALSE	ORF1ab:cds-YP_009725295.1	CTA	L	CTG	L	2095
NC_045512.2	6551	A	G	11452	10942	36	2	2	37	0.000174581	11456	0.998294	FALSE	ORF1ab:cds-YP_009724389.1	ATG	M	GTG	V	2096
NC_045512.2	6551	A	G	11452	10942	36	2	2	37	0.000174581	11456	0.998294	FALSE	ORF1ab:cds-YP_009725295.1	ATG	M	GTG	V	2096
NC_045512.2	6551	A	C	11452	10942	36	2	2	25	0.000174581	11456	1	FALSE	ORF1ab:cds-YP_009724389.1	ATG	M	CTG	L	2096
NC_045512.2	6551	A	C	11452	10942	36	2	2	25	0.000174581	11456	1	FALSE	ORF1ab:cds-YP_009725295.1	ATG	M	CTG	L	2096
NC_045512.2	6552	T	G	11342	10813	36	3	3	33	0.000264434	11345	0.993546	FALSE	ORF1ab:cds-YP_009724389.1	ATG	M	AGG	R	2096
NC_045512.2	6552	T	G	11342	10813	36	3	3	33	0.000264434	11345	0.993546	FALSE	ORF1ab:cds-YP_009725295.1	ATG	M	AGG	R	2096
NC_045512.2	6553	G	A	10727	10208	36	1	1	37	9.3214e-05	10728	0.999513	FALSE	ORF1ab:cds-YP_009724389.1	ATG	M	ATA	I	2096
NC_045512.2	6553	G	A	10727	10208	36	1	1	37	9.3214e-05	10728	0.999513	FALSE	ORF1ab:cds-YP_009725295.1	ATG	M	ATA	I	2096
NC_045512.2	6554	G	T	7547	7069	36	2	2	37	0.00026462	7558	0.980422	FALSE	ORF1ab:cds-YP_009724389.1	GCT	A	TCT	S	2097
NC_045512.2	6554	G	T	7547	7069	36	2	2	37	0.00026462	7558	0.980422	FALSE	ORF1ab:cds-YP_009725295.1	GCT	A	TCT	S	2097
NC_045512.2	6554	G	C	7547	7069	36	4	0	37	0.000529241	7558	0.886548	FALSE	ORF1ab:cds-YP_009724389.1	GCT	A	CCT	P	2097
NC_045512.2	6554	G	C	7547	7069	36	4	0	37	0.000529241	7558	0.886548	FALSE	ORF1ab:cds-YP_009725295.1	GCT	A	CCT	P	2097
NC_045512.2	6554	G	A	7547	7069	36	5	5	37	0.000661551	7558	0.805928	FALSE	ORF1ab:cds-YP_009724389.1	GCT	A	ACT	T	2097
NC_045512.2	6554	G	A	7547	7069	36	5	5	37	0.000661551	7558	0.805928	FALSE	ORF1ab:cds-YP_009725295.1	GCT	A	ACT	T	2097
NC_045512.2	6555	C	T	7400	6980	36	5	5	37	0.000675219	7405	0.806316	FALSE	ORF1ab:cds-YP_009724389.1	GCT	A	GTT	V	2097
NC_045512.2	6555	C	T	7400	6980	36	5	5	37	0.000675219	7405	0.806316	FALSE	ORF1ab:cds-YP_009725295.1	GCT	A	GTT	V	2097
NC_045512.2	6557	G	T	6817	6380	36	1	1	25	0.000146628	6820	1	FALSE	ORF1ab:cds-YP_009724389.1	GCT	A	TCT	S	2098
NC_045512.2	6557	G	T	6817	6380	36	1	1	25	0.000146628	6820	1	FALSE	ORF1ab:cds-YP_009725295.1	GCT	A	TCT	S	2098
NC_045512.2	6557	G	A	6817	6380	36	2	2	37	0.000293255	6820	0.964884	FALSE	ORF1ab:cds-YP_009724389.1	GCT	A	ACT	T	2098
NC_045512.2	6557	G	A	6817	6380	36	2	2	37	0.000293255	6820	0.964884	FALSE	ORF1ab:cds-YP_009725295.1	GCT	A	ACT	T	2098
NC_045512.2	6558	C	T	6733	6298	36	6	5	37	0.00089034	6739	0.612944	FALSE	ORF1ab:cds-YP_009724389.1	GCT	A	GTT	V	2098
NC_045512.2	6558	C	T	6733	6298	36	6	5	37	0.00089034	6739	0.612944	FALSE	ORF1ab:cds-YP_009725295.1	GCT	A	GTT	V	2098
NC_045512.2	6570	A	G	445	25	37	1	1	74	0.00224215	446	0.500561	FALSE	ORF1ab:cds-YP_009724389.1	AAT	N	AGT	S	2102
NC_045512.2	6570	A	G	445	25	37	1	1	74	0.00224215	446	0.500561	FALSE	ORF1ab:cds-YP_009725295.1	AAT	N	AGT	S	2102
NC_045512.2	6595	T	A	562	40	38	1	0	25	0.0017762	563	0.984665	FALSE	ORF1ab:cds-YP_009724389.1	CCT	P	CCA	P	2110
NC_045512.2	6595	T	A	562	40	38	1	0	25	0.0017762	563	0.984665	FALSE	ORF1ab:cds-YP_009725295.1	CCT	P	CCA	P	2110
NC_045512.2	6598	T	G	531	41	37	1	1	29	0.0018797	532	0.984682	FALSE	ORF1ab:cds-YP_009724389.1	AAT	N	AAG	K	2111
NC_045512.2	6598	T	G	531	41	37	1	1	29	0.0018797	532	0.984682	FALSE	ORF1ab:cds-YP_009725295.1	AAT	N	AAG	K	2111
NC_045512.2	6600	A	G	562	43	37	1	0	25	0.0017762	563	0.984665	FALSE	ORF1ab:cds-YP_009724389.1	GAA	E	GGA	G	2112
NC_045512.2	6600	A	G	562	43	37	1	0	25	0.0017762	563	0.984665	FALSE	ORF1ab:cds-YP_009725295.1	GAA	E	GGA	G	2112
NC_045512.2	6602	T	A	552	44	37	1	0	37	0.00180832	553	0.500452	FALSE	ORF1ab:cds-YP_009724389.1	TTA	L	ATA	I	2113
NC_045512.2	6602	T	A	552	44	37	1	0	37	0.00180832	553	0.500452	FALSE	ORF1ab:cds-YP_009725295.1	TTA	L	ATA	I	2113
NC_045512.2	6606	C	A	614	44	39	1	0	37	0.00162602	615	0.500407	FALSE	ORF1ab:cds-YP_009724389.1	TCT	S	TAT	Y	2114
NC_045512.2	6606	C	A	614	44	39	1	0	37	0.00162602	615	0.500407	FALSE	ORF1ab:cds-YP_009725295.1	TCT	S	TAT	Y	2114
NC_045512.2	6607	T	A	616	45	39	1	0	25	0.00162075	617	0.992364	FALSE	ORF1ab:cds-YP_009724389.1	TCT	S	TCA	S	2114
NC_045512.2	6607	T	A	616	45	39	1	0	25	0.00162075	617	0.992364	FALSE	ORF1ab:cds-YP_009725295.1	TCT	S	TCA	S	2114
NC_045512.2	6608	A	T	616	46	39	1	0	37	0.00162075	617	0.500406	FALSE	ORF1ab:cds-YP_009724389.1	AGA	R	TGA	*	2115
NC_045512.2	6608	A	T	616	46	39	1	0	37	0.00162075	617	0.500406	FALSE	ORF1ab:cds-YP_009725295.1	AGA	R	TGA	*	2115
NC_045512.2	6613	A	C	667	50	38	1	0	25	0.00149701	668	0.99235	FALSE	ORF1ab:cds-YP_009724389.1	GTA	V	GTC	V	2116
NC_045512.2	6613	A	C	667	50	38	1	0	25	0.00149701	668	0.99235	FALSE	ORF1ab:cds-YP_009725295.1	GTA	V	GTC	V	2116
NC_045512.2	6625	A	C	707	59	39	1	0	25	0.00141243	708	0.996192	FALSE	ORF1ab:cds-YP_009724389.1	AAA	K	AAC	N	2120
NC_045512.2	6625	A	C	707	59	39	1	0	25	0.00141243	708	0.996192	FALSE	ORF1ab:cds-YP_009725295.1	AAA	K	AAC	N	2120
NC_045512.2	6629	C	T	706	77	39	1	0	37	0.00141443	707	0.500354	FALSE	ORF1ab:cds-YP_009724389.1	CTT	L	TTT	F	2122
NC_045512.2	6629	C	T	706	77	39	1	0	37	0.00141443	707	0.500354	FALSE	ORF1ab:cds-YP_009725295.1	CTT	L	TTT	F	2122
NC_045512.2	6633	C	T	673	89	38	1	0	37	0.00148368	674	0.500371	FALSE	ORF1ab:cds-YP_009724389.1	GCT	A	GTT	V	2123
NC_045512.2	6633	C	T	673	89	38	1	0	37	0.00148368	674	0.500371	FALSE	ORF1ab:cds-YP_009725295.1	GCT	A	GTT	V	2123
NC_045512.2	6635	A	C	680	87	38	1	0	29	0.00146843	681	0.992347	FALSE	ORF1ab:cds-YP_009724389.1	ACT	T	CCT	P	2124
NC_045512.2	6635	A	C	680	87	38	1	0	29	0.00146843	681	0.992347	FALSE	ORF1ab:cds-YP_009725295.1	ACT	T	CCT	P	2124
NC_045512.2	6637	T	A	701	97	39	1	0	62	0.0014245	702	0.500356	FALSE	ORF1ab:cds-YP_009724389.1	ACT	T	ACA	T	2124
NC_045512.2	6637	T	A	701	97	39	1	0	62	0.0014245	702	0.500356	FALSE	ORF1ab:cds-YP_009725295.1	ACT	T	ACA	T	2124
NC_045512.2	6639	A	G	694	109	40	1	0	37	0.00143885	695	0.50036	FALSE	ORF1ab:cds-YP_009724389.1	CAT	H	CGT	R	2125
NC_045512.2	6639	A	G	694	109	40	1	0	37	0.00143885	695	0.50036	FALSE	ORF1ab:cds-YP_009725295.1	CAT	H	CGT	R	2125
NC_045512.2	6649	T	C	611	223	39	1	0	37	0.00163399	612	0.500409	FALSE	ORF1ab:cds-YP_009724389.1	GCT	A	GCC	A	2128
NC_045512.2	6649	T	C	611	223	39	1	0	37	0.00163399	612	0.500409	FALSE	ORF1ab:cds-YP_009725295.1	GCT	A	GCC	A	2128
NC_045512.2	6650	G	T	637	227	39	1	0	37	0.00156495	639	0.5	FALSE	ORF1ab:cds-YP_009724389.1	GCT	A	TCT	S	2129
NC_045512.2	6650	G	T	637	227	39	1	0	37	0.00156495	639	0.5	FALSE	ORF1ab:cds-YP_009725295.1	GCT	A	TCT	S	2129
NC_045512.2	6650	G	A	637	227	39	1	0	25	0.00156495	639	0.992316	FALSE	ORF1ab:cds-YP_009724389.1	GCT	A	ACT	T	2129
NC_045512.2	6650	G	A	637	227	39	1	0	25	0.00156495	639	0.992316	FALSE	ORF1ab:cds-YP_009725295.1	GCT	A	ACT	T	2129
NC_045512.2	6654	T	-TAA	689	292	40	240	0	20	0.348331	689	1.86747e-55	TRUE	NA	NA	NA	NA	NA	NA
NC_045512.2	6657	A	G	442	173	41	3	1	37	0.00674157	445	0.0609845	FALSE	ORF1ab:cds-YP_009724389.1	AAT	N	AGT	S	2131
NC_045512.2	6657	A	G	442	173	41	3	1	37	0.00674157	445	0.0609845	FALSE	ORF1ab:cds-YP_009725295.1	AAT	N	AGT	S	2131
NC_045512.2	6660	G	A	685	286	40	1	1	37	0.00145773	686	0.500365	FALSE	ORF1ab:cds-YP_009724389.1	AGT	S	AAT	N	2132
NC_045512.2	6660	G	A	685	286	40	1	1	37	0.00145773	686	0.500365	FALSE	ORF1ab:cds-YP_009725295.1	AGT	S	AAT	N	2132
NC_045512.2	6667	T	G	654	286	39	1	0	25	0.00152672	655	0.992354	FALSE	ORF1ab:cds-YP_009724389.1	CCT	P	CCG	P	2134
NC_045512.2	6667	T	G	654	286	39	1	0	25	0.00152672	655	0.992354	FALSE	ORF1ab:cds-YP_009725295.1	CCT	P	CCG	P	2134
NC_045512.2	6690	C	T	678	353	38	1	1	37	0.00147275	679	0.500368	FALSE	ORF1ab:cds-YP_009724389.1	GCT	A	GTT	V	2142
NC_045512.2	6690	C	T	678	353	38	1	1	37	0.00147275	679	0.500368	FALSE	ORF1ab:cds-YP_009725295.1	GCT	A	GTT	V	2142
NC_045512.2	6693	A	G	671	351	38	1	1	37	0.0014881	672	0.500372	FALSE	ORF1ab:cds-YP_009724389.1	AAG	K	AGG	R	2143
NC_045512.2	6693	A	G	671	351	38	1	1	37	0.0014881	672	0.500372	FALSE	ORF1ab:cds-YP_009725295.1	AAG	K	AGG	R	2143
NC_045512.2	6697	T	G	648	347	37	1	0	25	0.00153846	650	0.992314	FALSE	ORF1ab:cds-YP_009724389.1	CCT	P	CCG	P	2144
NC_045512.2	6697	T	G	648	347	37	1	0	25	0.00153846	650	0.992314	FALSE	ORF1ab:cds-YP_009725295.1	CCT	P	CCG	P	2144
NC_045512.2	6697	T	C	648	347	37	1	0	37	0.00153846	650	0.5	FALSE	ORF1ab:cds-YP_009724389.1	CCT	P	CCC	P	2144
NC_045512.2	6697	T	C	648	347	37	1	0	37	0.00153846	650	0.5	FALSE	ORF1ab:cds-YP_009725295.1	CCT	P	CCC	P	2144
NC_045512.2	6703	T	C	635	353	38	1	1	37	0.00157233	636	0.500393	FALSE	ORF1ab:cds-YP_009724389.1	CTT	L	CTC	L	2146
NC_045512.2	6703	T	C	635	353	38	1	1	37	0.00157233	636	0.500393	FALSE	ORF1ab:cds-YP_009725295.1	CTT	L	CTC	L	2146
NC_045512.2	6705	A	C	612	349	37	1	1	37	0.00163132	613	0.500408	FALSE	ORF1ab:cds-YP_009724389.1	AAC	N	ACC	T	2147
NC_045512.2	6705	A	C	612	349	37	1	1	37	0.00163132	613	0.500408	FALSE	ORF1ab:cds-YP_009725295.1	AAC	N	ACC	T	2147
NC_045512.2	6709	A	C	596	361	37	2	2	27	0.00334448	598	0.938323	FALSE	ORF1ab:cds-YP_009724389.1	AAA	K	AAC	N	2148
NC_045512.2	6709	A	C	596	361	37	2	2	27	0.00334448	598	0.938323	FALSE	ORF1ab:cds-YP_009725295.1	AAA	K	AAC	N	2148
NC_045512.2	6719	A	G	616	394	37	1	0	37	0.00162075	617	0.500406	FALSE	ORF1ab:cds-YP_009724389.1	ACA	T	GCA	A	2152
NC_045512.2	6719	A	G	616	394	37	1	0	37	0.00162075	617	0.500406	FALSE	ORF1ab:cds-YP_009725295.1	ACA	T	GCA	A	2152
NC_045512.2	6720	C	T	613	392	37	1	1	37	0.00162866	614	0.500407	FALSE	ORF1ab:cds-YP_009724389.1	ACA	T	ATA	I	2152
NC_045512.2	6720	C	T	613	392	37	1	1	37	0.00162866	614	0.500407	FALSE	ORF1ab:cds-YP_009725295.1	ACA	T	ATA	I	2152
NC_045512.2	6721	A	G	610	390	37	2	2	37	0.00326797	612	0.250204	FALSE	ORF1ab:cds-YP_009724389.1	ACA	T	ACG	T	2152
NC_045512.2	6721	A	G	610	390	37	2	2	37	0.00326797	612	0.250204	FALSE	ORF1ab:cds-YP_009725295.1	ACA	T	ACG	T	2152
NC_045512.2	6740	C	T	573	370	37	1	0	37	0.00174216	574	0.500436	FALSE	ORF1ab:cds-YP_009724389.1	CGG	R	TGG	W	2159
NC_045512.2	6740	C	T	573	370	37	1	0	37	0.00174216	574	0.500436	FALSE	ORF1ab:cds-YP_009725295.1	CGG	R	TGG	W	2159
NC_045512.2	6741	G	A	545	347	37	1	0	37	0.0018315	546	0.500458	FALSE	ORF1ab:cds-YP_009724389.1	CGG	R	CAG	Q	2159
NC_045512.2	6741	G	A	545	347	37	1	0	37	0.0018315	546	0.500458	FALSE	ORF1ab:cds-YP_009725295.1	CGG	R	CAG	Q	2159
NC_045512.2	6750	A	C	519	316	36	2	2	25	0.00383877	521	0.938444	FALSE	ORF1ab:cds-YP_009724389.1	AAC	N	ACC	T	2162
NC_045512.2	6750	A	C	519	316	36	2	2	25	0.00383877	521	0.938444	FALSE	ORF1ab:cds-YP_009725295.1	AAC	N	ACC	T	2162
NC_045512.2	6752	C	T	416	233	37	1	0	37	0.00239808	417	0.5006	FALSE	ORF1ab:cds-YP_009724389.1	CGT	R	TGT	C	2163
NC_045512.2	6752	C	T	416	233	37	1	0	37	0.00239808	417	0.5006	FALSE	ORF1ab:cds-YP_009725295.1	CGT	R	TGT	C	2163
NC_045512.2	6757	T	G	416	239	37	1	0	37	0.00239808	417	0.5006	FALSE	ORF1ab:cds-YP_009724389.1	GTT	V	GTG	V	2164
NC_045512.2	6757	T	G	416	239	37	1	0	37	0.00239808	417	0.5006	FALSE	ORF1ab:cds-YP_009725295.1	GTT	V	GTG	V	2164
NC_045512.2	6763	T	G	434	267	39	1	0	25	0.00229885	435	0.969288	FALSE	ORF1ab:cds-YP_009724389.1	ACT	T	ACG	T	2166
NC_045512.2	6763	T	G	434	267	39	1	0	25	0.00229885	435	0.969288	FALSE	ORF1ab:cds-YP_009725295.1	ACT	T	ACG	T	2166
NC_045512.2	6780	T	A	582	471	39	1	1	25	0.00171527	583	0.984655	FALSE	ORF1ab:cds-YP_009724389.1	TTC	F	TAC	Y	2172
NC_045512.2	6780	T	A	582	471	39	1	1	25	0.00171527	583	0.984655	FALSE	ORF1ab:cds-YP_009725295.1	TTC	F	TAC	Y	2172
NC_045512.2	6797	C	G	580	501	40	2	2	37	0.00343643	582	0.250215	FALSE	ORF1ab:cds-YP_009724389.1	CAA	Q	GAA	E	2178
NC_045512.2	6797	C	G	580	501	40	2	2	37	0.00343643	582	0.250215	FALSE	ORF1ab:cds-YP_009725295.1	CAA	Q	GAA	E	2178
NC_045512.2	6799	A	C	542	463	38	1	1	25	0.00184162	543	0.984676	FALSE	ORF1ab:cds-YP_009724389.1	CAA	Q	CAC	H	2178
NC_045512.2	6799	A	C	542	463	38	1	1	25	0.00184162	543	0.984676	FALSE	ORF1ab:cds-YP_009725295.1	CAA	Q	CAC	H	2178
NC_045512.2	6812	A	G	521	442	39	1	1	37	0.00191571	522	0.500479	FALSE	ORF1ab:cds-YP_009724389.1	ACT	T	GCT	A	2183
NC_045512.2	6812	A	G	521	442	39	1	1	37	0.00191571	522	0.500479	FALSE	ORF1ab:cds-YP_009725295.1	ACT	T	GCT	A	2183
NC_045512.2	6815	A	C	528	450	39	1	1	37	0.00189036	529	0.500473	FALSE	ORF1ab:cds-YP_009724389.1	AGA	R	CGA	R	2184
NC_045512.2	6815	A	C	528	450	39	1	1	37	0.00189036	529	0.500473	FALSE	ORF1ab:cds-YP_009725295.1	AGA	R	CGA	R	2184
NC_045512.2	6838	A	G	496	445	39	1	1	37	0.00201207	497	0.500504	FALSE	ORF1ab:cds-YP_009724389.1	AAA	K	AAG	K	2191
NC_045512.2	6838	A	G	496	445	39	1	1	37	0.00201207	497	0.500504	FALSE	ORF1ab:cds-YP_009725295.1	AAA	K	AAG	K	2191
NC_045512.2	6842	T	C	478	433	38	2	2	31	0.00416667	480	0.250261	FALSE	ORF1ab:cds-YP_009724389.1	TCT	S	CCT	P	2193
NC_045512.2	6842	T	C	478	433	38	2	2	31	0.00416667	480	0.250261	FALSE	ORF1ab:cds-YP_009725295.1	TCT	S	CCT	P	2193
NC_045512.2	6845	A	C	421	406	36	1	1	25	0.00236967	422	0.969304	FALSE	ORF1ab:cds-YP_009724389.1	ATG	M	CTG	L	2194
NC_045512.2	6845	A	C	421	406	36	1	1	25	0.00236967	422	0.969304	FALSE	ORF1ab:cds-YP_009725295.1	ATG	M	CTG	L	2194
NC_045512.2	6847	G	A	448	433	36	1	1	37	0.00222717	449	0.500557	FALSE	ORF1ab:cds-YP_009724389.1	ATG	M	ATA	I	2194
NC_045512.2	6847	G	A	448	433	36	1	1	37	0.00222717	449	0.500557	FALSE	ORF1ab:cds-YP_009725295.1	ATG	M	ATA	I	2194
NC_045512.2	6848	C	T	447	432	37	1	1	37	0.00223214	448	0.500559	FALSE	ORF1ab:cds-YP_009724389.1	CCG	P	TCG	S	2195
NC_045512.2	6848	C	T	447	432	37	1	1	37	0.00223214	448	0.500559	FALSE	ORF1ab:cds-YP_009725295.1	CCG	P	TCG	S	2195
NC_045512.2	6850	G	A	411	396	37	1	1	37	0.00242718	412	0.500608	FALSE	ORF1ab:cds-YP_009724389.1	CCG	P	CCA	P	2195
NC_045512.2	6850	G	A	411	396	37	1	1	37	0.00242718	412	0.500608	FALSE	ORF1ab:cds-YP_009725295.1	CCG	P	CCA	P	2195
NC_045512.2	6855	C	G	389	379	36	1	1	37	0.0025641	390	0.500642	FALSE	ORF1ab:cds-YP_009724389.1	ACT	T	AGT	S	2197
NC_045512.2	6855	C	G	389	379	36	1	1	37	0.0025641	390	0.500642	FALSE	ORF1ab:cds-YP_009725295.1	ACT	T	AGT	S	2197
NC_045512.2	6870	C	T	315	306	36	2	2	37	0.00628931	318	0.249605	FALSE	ORF1ab:cds-YP_009724389.1	ACT	T	ATT	I	2202
NC_045512.2	6870	C	T	315	306	36	2	2	37	0.00628931	318	0.249605	FALSE	ORF1ab:cds-YP_009725295.1	ACT	T	ATT	I	2202
NC_045512.2	6870	C	G	315	306	36	1	1	37	0.00314465	318	0.49921	FALSE	ORF1ab:cds-YP_009724389.1	ACT	T	AGT	S	2202
NC_045512.2	6870	C	G	315	306	36	1	1	37	0.00314465	318	0.49921	FALSE	ORF1ab:cds-YP_009725295.1	ACT	T	AGT	S	2202
NC_045512.2	6874	T	G	210	200	35	1	1	25	0.00471698	212	0.875891	FALSE	ORF1ab:cds-YP_009724389.1	GTT	V	GTG	V	2203
NC_045512.2	6874	T	G	210	200	35	1	1	25	0.00471698	212	0.875891	FALSE	ORF1ab:cds-YP_009725295.1	GTT	V	GTG	V	2203
NC_045512.2	6874	T	C	210	200	35	1	1	37	0.00471698	212	0.5	FALSE	ORF1ab:cds-YP_009724389.1	GTT	V	GTC	V	2203
NC_045512.2	6874	T	C	210	200	35	1	1	37	0.00471698	212	0.5	FALSE	ORF1ab:cds-YP_009725295.1	GTT	V	GTC	V	2203
NC_045512.2	6886	T	C	5	0	37	1	0	37	0.166667	6	0.545455	FALSE	ORF1ab:cds-YP_009724389.1	GGT	G	GGC	G	2207
NC_045512.2	6886	T	C	5	0	37	1	0	37	0.166667	6	0.545455	FALSE	ORF1ab:cds-YP_009725295.1	GGT	G	GGC	G	2207
NC_045512.2	7026	T	C	5	4	44	1	1	37	0.166667	6	0.545455	FALSE	ORF1ab:cds-YP_009724389.1	ATG	M	ACG	T	2254
NC_045512.2	7026	T	C	5	4	44	1	1	37	0.166667	6	0.545455	FALSE	ORF1ab:cds-YP_009725295.1	ATG	M	ACG	T	2254
NC_045512.2	7053	G	A	5	5	42	1	0	37	0.166667	6	0.545455	FALSE	ORF1ab:cds-YP_009724389.1	TGT	C	TAT	Y	2263
NC_045512.2	7053	G	A	5	5	42	1	0	37	0.166667	6	0.545455	FALSE	ORF1ab:cds-YP_009725295.1	TGT	C	TAT	Y	2263
NC_045512.2	7802	T	C	754	20	36	1	0	37	0.0013245	755	0.500331	FALSE	ORF1ab:cds-YP_009724389.1	TAT	Y	CAT	H	2513
NC_045512.2	7802	T	C	754	20	36	1	0	37	0.0013245	755	0.500331	FALSE	ORF1ab:cds-YP_009725295.1	TAT	Y	CAT	H	2513
NC_045512.2	7803	A	G	782	21	36	1	0	37	0.00127714	783	0.500319	FALSE	ORF1ab:cds-YP_009724389.1	TAT	Y	TGT	C	2513
NC_045512.2	7803	A	G	782	21	36	1	0	37	0.00127714	783	0.500319	FALSE	ORF1ab:cds-YP_009725295.1	TAT	Y	TGT	C	2513
NC_045512.2	7815	C	T	973	31	36	1	0	37	0.00102564	975	0.5	FALSE	ORF1ab:cds-YP_009724389.1	TCT	S	TTT	F	2517
NC_045512.2	7815	C	T	973	31	36	1	0	37	0.00102564	975	0.5	FALSE	ORF1ab:cds-YP_009725295.1	TCT	S	TTT	F	2517
NC_045512.2	7815	C	A	973	31	36	1	0	37	0.00102564	975	0.5	FALSE	ORF1ab:cds-YP_009724389.1	TCT	S	TAT	Y	2517
NC_045512.2	7815	C	A	973	31	36	1	0	37	0.00102564	975	0.5	FALSE	ORF1ab:cds-YP_009725295.1	TCT	S	TAT	Y	2517
NC_045512.2	7820	T	C	1086	39	36	3	0	37	0.00275482	1089	0.312672	FALSE	ORF1ab:cds-YP_009724389.1	TCT	S	CCT	P	2519
NC_045512.2	7820	T	C	1086	39	36	3	0	37	0.00275482	1089	0.312672	FALSE	ORF1ab:cds-YP_009725295.1	TCT	S	CCT	P	2519
NC_045512.2	7821	C	T	1111	42	36	1	0	74	0.000899281	1112	0.500225	FALSE	ORF1ab:cds-YP_009724389.1	TCT	S	TTT	F	2519
NC_045512.2	7821	C	T	1111	42	36	1	0	74	0.000899281	1112	0.500225	FALSE	ORF1ab:cds-YP_009725295.1	TCT	S	TTT	F	2519
NC_045512.2	7822	T	C	1109	42	36	1	0	37	0.000900901	1110	0.750338	FALSE	ORF1ab:cds-YP_009724389.1	TCT	S	TCC	S	2519
NC_045512.2	7822	T	C	1109	42	36	1	0	37	0.000900901	1110	0.750338	FALSE	ORF1ab:cds-YP_009725295.1	TCT	S	TCC	S	2519
NC_045512.2	7825	T	G	1072	40	36	1	0	25	0.000931966	1073	0.999527	FALSE	ORF1ab:cds-YP_009724389.1	CAT	H	CAG	Q	2520
NC_045512.2	7825	T	G	1072	40	36	1	0	25	0.000931966	1073	0.999527	FALSE	ORF1ab:cds-YP_009725295.1	CAT	H	CAG	Q	2520
NC_045512.2	7826	T	G	1078	40	36	3	0	25	0.00277521	1081	0.989011	FALSE	ORF1ab:cds-YP_009724389.1	TTT	F	GTT	V	2521
NC_045512.2	7826	T	G	1078	40	36	3	0	25	0.00277521	1081	0.989011	FALSE	ORF1ab:cds-YP_009725295.1	TTT	F	GTT	V	2521
NC_045512.2	7827	T	C	1089	43	36	1	0	37	0.000917431	1090	0.750344	FALSE	ORF1ab:cds-YP_009724389.1	TTT	F	TCT	S	2521
NC_045512.2	7827	T	C	1089	43	36	1	0	37	0.000917431	1090	0.750344	FALSE	ORF1ab:cds-YP_009725295.1	TTT	F	TCT	S	2521
NC_045512.2	7830	T	G	1101	42	36	1	0	25	0.000907441	1102	0.999764	FALSE	ORF1ab:cds-YP_009724389.1	GTT	V	GGT	G	2522
NC_045512.2	7830	T	G	1101	42	36	1	0	25	0.000907441	1102	0.999764	FALSE	ORF1ab:cds-YP_009725295.1	GTT	V	GGT	G	2522
NC_045512.2	7831	T	C	1128	44	36	1	0	37	0.000884956	1130	0.750111	FALSE	ORF1ab:cds-YP_009724389.1	GTT	V	GTC	V	2522
NC_045512.2	7831	T	C	1128	44	36	1	0	37	0.000884956	1130	0.750111	FALSE	ORF1ab:cds-YP_009725295.1	GTT	V	GTC	V	2522
NC_045512.2	7831	T	A	1128	44	36	1	0	37	0.000884956	1130	0.750111	FALSE	ORF1ab:cds-YP_009724389.1	GTT	V	GTA	V	2522
NC_045512.2	7831	T	A	1128	44	36	1	0	37	0.000884956	1130	0.750111	FALSE	ORF1ab:cds-YP_009725295.1	GTT	V	GTA	V	2522
NC_045512.2	7836	T	C	1331	48	36	1	0	37	0.000750751	1332	0.750282	FALSE	ORF1ab:cds-YP_009724389.1	TTA	L	TCA	S	2524
NC_045512.2	7836	T	C	1331	48	36	1	0	37	0.000750751	1332	0.750282	FALSE	ORF1ab:cds-YP_009725295.1	TTA	L	TCA	S	2524
NC_045512.2	7839	A	G	1387	54	36	1	0	37	0.000720461	1388	0.75027	FALSE	ORF1ab:cds-YP_009724389.1	GAC	D	GGC	G	2525
NC_045512.2	7839	A	G	1387	54	36	1	0	37	0.000720461	1388	0.75027	FALSE	ORF1ab:cds-YP_009725295.1	GAC	D	GGC	G	2525
NC_045512.2	7840	C	T	908	36	36	511	20	37	0.360113	1419	1.74586e-176	TRUE	ORF1ab:cds-YP_009724389.1	GAC	D	GAT	D	2525
NC_045512.2	7840	C	T	908	36	36	511	20	37	0.360113	1419	1.74586e-176	TRUE	ORF1ab:cds-YP_009725295.1	GAC	D	GAT	D	2525
NC_045512.2	7841	A	+G	1416	58	36	1	0	20	0.000706215	1416	0.999971	FALSE	NA	NA	NA	NA	NA	NA
NC_045512.2	7843	C	T	1647	55	36	1	0	37	0.000606796	1648	0.750228	FALSE	ORF1ab:cds-YP_009724389.1	AAC	N	AAT	N	2526
NC_045512.2	7843	C	T	1647	55	36	1	0	37	0.000606796	1648	0.750228	FALSE	ORF1ab:cds-YP_009725295.1	AAC	N	AAT	N	2526
NC_045512.2	7844	C	A	1669	58	36	1	0	25	0.000598802	1670	0.999993	FALSE	ORF1ab:cds-YP_009724389.1	CTG	L	ATG	M	2527
NC_045512.2	7844	C	A	1669	58	36	1	0	25	0.000598802	1670	0.999993	FALSE	ORF1ab:cds-YP_009725295.1	CTG	L	ATG	M	2527
NC_045512.2	7845	T	G	1667	57	36	1	0	25	0.00059952	1668	0.999993	FALSE	ORF1ab:cds-YP_009724389.1	CTG	L	CGG	R	2527
NC_045512.2	7845	T	G	1667	57	36	1	0	25	0.00059952	1668	0.999993	FALSE	ORF1ab:cds-YP_009725295.1	CTG	L	CGG	R	2527
NC_045512.2	7851	C	T	1910	162	38	1	0	37	0.000523286	1911	0.750196	FALSE	ORF1ab:cds-YP_009724389.1	GCT	A	GTT	V	2529
NC_045512.2	7851	C	T	1910	162	38	1	0	37	0.000523286	1911	0.750196	FALSE	ORF1ab:cds-YP_009725295.1	GCT	A	GTT	V	2529
NC_045512.2	7852	T	C	1931	170	38	1	0	37	0.000517598	1932	0.750194	FALSE	ORF1ab:cds-YP_009724389.1	GCT	A	GCC	A	2529
NC_045512.2	7852	T	C	1931	170	38	1	0	37	0.000517598	1932	0.750194	FALSE	ORF1ab:cds-YP_009725295.1	GCT	A	GCC	A	2529
NC_045512.2	7853	A	C	1950	173	38	1	0	25	0.000512558	1951	0.999999	FALSE	ORF1ab:cds-YP_009724389.1	AAT	N	CAT	H	2530
NC_045512.2	7853	A	C	1950	173	38	1	0	25	0.000512558	1951	0.999999	FALSE	ORF1ab:cds-YP_009725295.1	AAT	N	CAT	H	2530
NC_045512.2	7856	A	G	1949	179	38	1	0	37	0.000512821	1950	0.750192	FALSE	ORF1ab:cds-YP_009724389.1	AAC	N	GAC	D	2531
NC_045512.2	7856	A	G	1949	179	38	1	0	37	0.000512821	1950	0.750192	FALSE	ORF1ab:cds-YP_009725295.1	AAC	N	GAC	D	2531
NC_045512.2	7859	A	+G	2326	186	38	1	0	20	0.000429923	2326	1	FALSE	NA	NA	NA	NA	NA	NA
NC_045512.2	7860	C	A	2338	211	38	1	0	25	0.000427533	2339	1	FALSE	ORF1ab:cds-YP_009724389.1	ACT	T	AAT	N	2532
NC_045512.2	7860	C	A	2338	211	38	1	0	25	0.000427533	2339	1	FALSE	ORF1ab:cds-YP_009725295.1	ACT	T	AAT	N	2532
NC_045512.2	7862	A	C	2350	268	38	1	0	25	0.000425351	2351	1	FALSE	ORF1ab:cds-YP_009724389.1	AAA	K	CAA	Q	2533
NC_045512.2	7862	A	C	2350	268	38	1	0	25	0.000425351	2351	1	FALSE	ORF1ab:cds-YP_009725295.1	AAA	K	CAA	Q	2533
NC_045512.2	7865	G	T	2419	267	38	2	0	31	0.000826105	2421	0.687732	FALSE	ORF1ab:cds-YP_009724389.1	GGT	G	TGT	C	2534
NC_045512.2	7865	G	T	2419	267	38	2	0	31	0.000826105	2421	0.687732	FALSE	ORF1ab:cds-YP_009725295.1	GGT	G	TGT	C	2534
NC_045512.2	7867	T	G	2415	278	38	1	0	25	0.000413736	2417	1	FALSE	ORF1ab:cds-YP_009724389.1	GGT	G	GGG	G	2534
NC_045512.2	7867	T	G	2415	278	38	1	0	25	0.000413736	2417	1	FALSE	ORF1ab:cds-YP_009725295.1	GGT	G	GGG	G	2534
NC_045512.2	7867	T	A	2415	278	38	1	0	25	0.000413736	2417	1	FALSE	ORF1ab:cds-YP_009724389.1	GGT	G	GGA	G	2534
NC_045512.2	7867	T	A	2415	278	38	1	0	25	0.000413736	2417	1	FALSE	ORF1ab:cds-YP_009725295.1	GGT	G	GGA	G	2534
NC_045512.2	7869	C	T	2550	319	39	1	0	37	0.000392003	2551	0.875147	FALSE	ORF1ab:cds-YP_009724389.1	TCA	S	TTA	L	2535
NC_045512.2	7869	C	T	2550	319	39	1	0	37	0.000392003	2551	0.875147	FALSE	ORF1ab:cds-YP_009725295.1	TCA	S	TTA	L	2535
NC_045512.2	7870	A	G	2539	319	39	1	0	37	0.000393701	2540	0.875148	FALSE	ORF1ab:cds-YP_009724389.1	TCA	S	TCG	S	2535
NC_045512.2	7870	A	G	2539	319	39	1	0	37	0.000393701	2540	0.875148	FALSE	ORF1ab:cds-YP_009725295.1	TCA	S	TCG	S	2535
NC_045512.2	7871	T	G	2487	302	38	1	0	25	0.000401929	2488	1	FALSE	ORF1ab:cds-YP_009724389.1	TTG	L	GTG	V	2536
NC_045512.2	7871	T	G	2487	302	38	1	0	25	0.000401929	2488	1	FALSE	ORF1ab:cds-YP_009725295.1	TTG	L	GTG	V	2536
NC_045512.2	7872	T	C	2518	319	39	1	0	37	0.000396983	2519	0.875149	FALSE	ORF1ab:cds-YP_009724389.1	TTG	L	TCG	S	2536
NC_045512.2	7872	T	C	2518	319	39	1	0	37	0.000396983	2519	0.875149	FALSE	ORF1ab:cds-YP_009725295.1	TTG	L	TCG	S	2536
NC_045512.2	7874	C	T	2564	374	39	3	3	33	0.00116868	2567	0.500183	FALSE	ORF1ab:cds-YP_009724389.1	CCT	P	TCT	S	2537
NC_045512.2	7874	C	T	2564	374	39	3	3	33	0.00116868	2567	0.500183	FALSE	ORF1ab:cds-YP_009725295.1	CCT	P	TCT	S	2537
NC_045512.2	7876	T	G	2745	564	41	2	0	25	0.000727273	2750	1	FALSE	ORF1ab:cds-YP_009724389.1	CCT	P	CCG	P	2537
NC_045512.2	7876	T	G	2745	564	41	2	0	25	0.000727273	2750	1	FALSE	ORF1ab:cds-YP_009725295.1	CCT	P	CCG	P	2537
NC_045512.2	7876	T	C	2745	564	41	3	1	49	0.00109091	2750	0.124864	FALSE	ORF1ab:cds-YP_009724389.1	CCT	P	CCC	P	2537
NC_045512.2	7876	T	C	2745	564	41	3	1	49	0.00109091	2750	0.124864	FALSE	ORF1ab:cds-YP_009725295.1	CCT	P	CCC	P	2537
NC_045512.2	7877	A	C	2789	565	41	2	0	27	0.000716589	2791	1	FALSE	ORF1ab:cds-YP_009724389.1	ATT	I	CTT	L	2538
NC_045512.2	7877	A	C	2789	565	41	2	0	27	0.000716589	2791	1	FALSE	ORF1ab:cds-YP_009725295.1	ATT	I	CTT	L	2538
NC_045512.2	7878	T	G	2751	575	41	2	0	33	0.00072648	2753	0.687704	FALSE	ORF1ab:cds-YP_009724389.1	ATT	I	AGT	S	2538
NC_045512.2	7878	T	G	2751	575	41	2	0	33	0.00072648	2753	0.687704	FALSE	ORF1ab:cds-YP_009725295.1	ATT	I	AGT	S	2538
NC_045512.2	7881	A	+C	2889	586	41	1	0	20	0.000346141	2889	1	FALSE	NA	NA	NA	NA	NA	NA
NC_045512.2	7882	T	G	2674	634	40	1	0	25	0.000373692	2676	1	FALSE	ORF1ab:cds-YP_009724389.1	AAT	N	AAG	K	2539
NC_045512.2	7882	T	G	2674	634	40	1	0	25	0.000373692	2676	1	FALSE	ORF1ab:cds-YP_009725295.1	AAT	N	AAG	K	2539
NC_045512.2	7882	T	A	2674	634	40	1	0	25	0.000373692	2676	1	FALSE	ORF1ab:cds-YP_009724389.1	AAT	N	AAA	K	2539
NC_045512.2	7882	T	A	2674	634	40	1	0	25	0.000373692	2676	1	FALSE	ORF1ab:cds-YP_009725295.1	AAT	N	AAA	K	2539
NC_045512.2	7884	T	C	2719	654	40	1	0	37	0.000367647	2720	0.875138	FALSE	ORF1ab:cds-YP_009724389.1	GTT	V	GCT	A	2540
NC_045512.2	7884	T	C	2719	654	40	1	0	37	0.000367647	2720	0.875138	FALSE	ORF1ab:cds-YP_009725295.1	GTT	V	GCT	A	2540
NC_045512.2	7885	T	C	2779	667	40	1	0	25	0.000359712	2780	1	FALSE	ORF1ab:cds-YP_009724389.1	GTT	V	GTC	V	2540
NC_045512.2	7885	T	C	2779	667	40	1	0	25	0.000359712	2780	1	FALSE	ORF1ab:cds-YP_009725295.1	GTT	V	GTC	V	2540
NC_045512.2	7888	A	T	2868	673	41	2	2	55	0.000696621	2871	0.249956	FALSE	ORF1ab:cds-YP_009724389.1	ATA	I	ATT	I	2541
NC_045512.2	7888	A	T	2868	673	41	2	2	55	0.000696621	2871	0.249956	FALSE	ORF1ab:cds-YP_009725295.1	ATA	I	ATT	I	2541
NC_045512.2	7888	A	G	2868	673	41	1	0	37	0.000348311	2871	0.875	FALSE	ORF1ab:cds-YP_009724389.1	ATA	I	ATG	M	2541
NC_045512.2	7888	A	G	2868	673	41	1	0	37	0.000348311	2871	0.875	FALSE	ORF1ab:cds-YP_009725295.1	ATA	I	ATG	M	2541
NC_045512.2	7889	G	T	2861	674	41	1	0	25	0.000349406	2862	1	FALSE	ORF1ab:cds-YP_009724389.1	GTT	V	TTT	F	2542
NC_045512.2	7889	G	T	2861	674	41	1	0	25	0.000349406	2862	1	FALSE	ORF1ab:cds-YP_009725295.1	GTT	V	TTT	F	2542
NC_045512.2	7889	G	-T	2861	674	41	1	0	20	0.000349406	2862	1	FALSE	NA	NA	NA	NA	NA	NA
NC_045512.2	7890	T	G	2850	660	41	1	0	25	0.000350508	2853	1	FALSE	ORF1ab:cds-YP_009724389.1	GTT	V	GGT	G	2542
NC_045512.2	7890	T	G	2850	660	41	1	0	25	0.000350508	2853	1	FALSE	ORF1ab:cds-YP_009725295.1	GTT	V	GGT	G	2542
NC_045512.2	7890	T	C	2850	660	41	2	0	37	0.000701016	2853	0.687566	FALSE	ORF1ab:cds-YP_009724389.1	GTT	V	GCT	A	2542
NC_045512.2	7890	T	C	2850	660	41	2	0	37	0.000701016	2853	0.687566	FALSE	ORF1ab:cds-YP_009725295.1	GTT	V	GCT	A	2542
NC_045512.2	7894	T	C	2694	787	40	1	0	62	0.000371058	2695	0.500093	FALSE	ORF1ab:cds-YP_009724389.1	TTT	F	TTC	F	2543
NC_045512.2	7894	T	C	2694	787	40	1	0	62	0.000371058	2695	0.500093	FALSE	ORF1ab:cds-YP_009725295.1	TTT	F	TTC	F	2543
NC_045512.2	7895	G	T	2690	806	40	1	0	25	0.000371609	2691	1	FALSE	ORF1ab:cds-YP_009724389.1	GAT	D	TAT	Y	2544
NC_045512.2	7895	G	T	2690	806	40	1	0	25	0.000371609	2691	1	FALSE	ORF1ab:cds-YP_009725295.1	GAT	D	TAT	Y	2544
NC_045512.2	7897	T	G	2625	825	39	1	0	25	0.000380807	2626	1	FALSE	ORF1ab:cds-YP_009724389.1	GAT	D	GAG	E	2544
NC_045512.2	7897	T	G	2625	825	39	1	0	25	0.000380807	2626	1	FALSE	ORF1ab:cds-YP_009725295.1	GAT	D	GAG	E	2544
NC_045512.2	7898	G	T	2689	817	40	2	2	49	0.000743218	2691	0.250046	FALSE	ORF1ab:cds-YP_009724389.1	GGT	G	TGT	C	2545
NC_045512.2	7898	G	T	2689	817	40	2	2	49	0.000743218	2691	0.250046	FALSE	ORF1ab:cds-YP_009725295.1	GGT	G	TGT	C	2545
NC_045512.2	7900	T	C	2633	846	40	3	0	37	0.00113809	2636	0.500178	FALSE	ORF1ab:cds-YP_009724389.1	GGT	G	GGC	G	2545
NC_045512.2	7900	T	C	2633	846	40	3	0	37	0.00113809	2636	0.500178	FALSE	ORF1ab:cds-YP_009725295.1	GGT	G	GGC	G	2545
NC_045512.2	7901	A	G	2642	866	39	1	1	37	0.000378215	2644	0.875071	FALSE	ORF1ab:cds-YP_009724389.1	AAA	K	GAA	E	2546
NC_045512.2	7901	A	G	2642	866	39	1	1	37	0.000378215	2644	0.875071	FALSE	ORF1ab:cds-YP_009725295.1	AAA	K	GAA	E	2546
NC_045512.2	7901	A	C	2642	866	39	1	0	25	0.000378215	2644	1	FALSE	ORF1ab:cds-YP_009724389.1	AAA	K	CAA	Q	2546
NC_045512.2	7901	A	C	2642	866	39	1	0	25	0.000378215	2644	1	FALSE	ORF1ab:cds-YP_009725295.1	AAA	K	CAA	Q	2546
NC_045512.2	7902	A	T	2638	844	40	1	0	62	0.000378788	2640	0.5	FALSE	ORF1ab:cds-YP_009724389.1	AAA	K	ATA	I	2546
NC_045512.2	7902	A	T	2638	844	40	1	0	62	0.000378788	2640	0.5	FALSE	ORF1ab:cds-YP_009725295.1	AAA	K	ATA	I	2546
NC_045512.2	7902	A	G	2638	844	40	1	0	48	0.000378788	2640	0.5	FALSE	ORF1ab:cds-YP_009724389.1	AAA	K	AGA	R	2546
NC_045512.2	7902	A	G	2638	844	40	1	0	48	0.000378788	2640	0.5	FALSE	ORF1ab:cds-YP_009725295.1	AAA	K	AGA	R	2546
NC_045512.2	7904	T	C	2755	917	40	1	0	74	0.000362845	2756	0.500091	FALSE	ORF1ab:cds-YP_009724389.1	TCA	S	CCA	P	2547
NC_045512.2	7904	T	C	2755	917	40	1	0	74	0.000362845	2756	0.500091	FALSE	ORF1ab:cds-YP_009725295.1	TCA	S	CCA	P	2547
NC_045512.2	7911	G	A	2796	1056	40	1	0	37	0.000357526	2797	0.875134	FALSE	ORF1ab:cds-YP_009724389.1	TGT	C	TAT	Y	2549
NC_045512.2	7911	G	A	2796	1056	40	1	0	37	0.000357526	2797	0.875134	FALSE	ORF1ab:cds-YP_009725295.1	TGT	C	TAT	Y	2549
NC_045512.2	7916	G	T	2772	1102	40	1	1	25	0.00036049	2774	1	FALSE	ORF1ab:cds-YP_009724389.1	GAA	E	TAA	*	2551
NC_045512.2	7916	G	T	2772	1102	40	1	1	25	0.00036049	2774	1	FALSE	ORF1ab:cds-YP_009725295.1	GAA	E	TAA	*	2551
NC_045512.2	7916	G	C	2772	1102	40	1	0	37	0.00036049	2774	0.875068	FALSE	ORF1ab:cds-YP_009724389.1	GAA	E	CAA	Q	2551
NC_045512.2	7916	G	C	2772	1102	40	1	0	37	0.00036049	2774	0.875068	FALSE	ORF1ab:cds-YP_009725295.1	GAA	E	CAA	Q	2551
NC_045512.2	7920	C	T	2741	1114	40	1	0	37	0.000364697	2742	0.875137	FALSE	ORF1ab:cds-YP_009724389.1	TCA	S	TTA	L	2552
NC_045512.2	7920	C	T	2741	1114	40	1	0	37	0.000364697	2742	0.875137	FALSE	ORF1ab:cds-YP_009725295.1	TCA	S	TTA	L	2552
NC_045512.2	7922	T	A	2737	1150	40	1	0	25	0.00036523	2738	1	FALSE	ORF1ab:cds-YP_009724389.1	TCT	S	ACT	T	2553
NC_045512.2	7922	T	A	2737	1150	40	1	0	25	0.00036523	2738	1	FALSE	ORF1ab:cds-YP_009725295.1	TCT	S	ACT	T	2553
NC_045512.2	7923	C	T	2753	1163	41	1	0	37	0.000362976	2755	0.875068	FALSE	ORF1ab:cds-YP_009724389.1	TCT	S	TTT	F	2553
NC_045512.2	7923	C	T	2753	1163	41	1	0	37	0.000362976	2755	0.875068	FALSE	ORF1ab:cds-YP_009725295.1	TCT	S	TTT	F	2553
NC_045512.2	7923	C	A	2753	1163	41	1	1	37	0.000362976	2755	0.875068	FALSE	ORF1ab:cds-YP_009724389.1	TCT	S	TAT	Y	2553
NC_045512.2	7923	C	A	2753	1163	41	1	1	37	0.000362976	2755	0.875068	FALSE	ORF1ab:cds-YP_009725295.1	TCT	S	TAT	Y	2553
NC_045512.2	7924	T	C	2753	1153	40	1	1	37	0.000363108	2754	0.875136	FALSE	ORF1ab:cds-YP_009724389.1	TCT	S	TCC	S	2553
NC_045512.2	7924	T	C	2753	1153	40	1	1	37	0.000363108	2754	0.875136	FALSE	ORF1ab:cds-YP_009725295.1	TCT	S	TCC	S	2553
NC_045512.2	7925	G	A	2754	1165	40	1	0	37	0.000362976	2755	0.875136	FALSE	ORF1ab:cds-YP_009724389.1	GCA	A	ACA	T	2554
NC_045512.2	7925	G	A	2754	1165	40	1	0	37	0.000362976	2755	0.875136	FALSE	ORF1ab:cds-YP_009725295.1	GCA	A	ACA	T	2554
NC_045512.2	7926	C	T	2742	1170	40	3	1	33	0.0010929	2745	0.500171	FALSE	ORF1ab:cds-YP_009724389.1	GCA	A	GTA	V	2554
NC_045512.2	7926	C	T	2742	1170	40	3	1	33	0.0010929	2745	0.500171	FALSE	ORF1ab:cds-YP_009725295.1	GCA	A	GTA	V	2554
NC_045512.2	7929	A	G	2744	1167	40	1	0	48	0.000364299	2745	0.500091	FALSE	ORF1ab:cds-YP_009724389.1	AAA	K	AGA	R	2555
NC_045512.2	7929	A	G	2744	1167	40	1	0	48	0.000364299	2745	0.500091	FALSE	ORF1ab:cds-YP_009725295.1	AAA	K	AGA	R	2555
NC_045512.2	7931	T	C	2774	1172	40	1	0	37	0.00036036	2775	0.875135	FALSE	ORF1ab:cds-YP_009724389.1	TCA	S	CCA	P	2556
NC_045512.2	7931	T	C	2774	1172	40	1	0	37	0.00036036	2775	0.875135	FALSE	ORF1ab:cds-YP_009725295.1	TCA	S	CCA	P	2556
NC_045512.2	7934	G	A	2695	1194	40	1	0	25	0.00037092	2696	1	FALSE	ORF1ab:cds-YP_009724389.1	GCG	A	ACG	T	2557
NC_045512.2	7934	G	A	2695	1194	40	1	0	25	0.00037092	2696	1	FALSE	ORF1ab:cds-YP_009725295.1	GCG	A	ACG	T	2557
NC_045512.2	7935	C	T	2725	1254	40	4	2	37	0.00146574	2729	0.343836	FALSE	ORF1ab:cds-YP_009724389.1	GCG	A	GTG	V	2557
NC_045512.2	7935	C	T	2725	1254	40	4	2	37	0.00146574	2729	0.343836	FALSE	ORF1ab:cds-YP_009725295.1	GCG	A	GTG	V	2557
NC_045512.2	7936	G	A	2749	1269	40	2	1	37	0.000727008	2751	0.687705	FALSE	ORF1ab:cds-YP_009724389.1	GCG	A	GCA	A	2557
NC_045512.2	7936	G	A	2749	1269	40	2	1	37	0.000727008	2751	0.687705	FALSE	ORF1ab:cds-YP_009725295.1	GCG	A	GCA	A	2557
NC_045512.2	7937	T	C	2687	1288	40	1	0	37	0.000372024	2688	0.87514	FALSE	ORF1ab:cds-YP_009724389.1	TCT	S	CCT	P	2558
NC_045512.2	7937	T	C	2687	1288	40	1	0	37	0.000372024	2688	0.87514	FALSE	ORF1ab:cds-YP_009725295.1	TCT	S	CCT	P	2558
NC_045512.2	7937	T	+C	2687	1288	40	1	0	20	0.000372024	2688	1	FALSE	NA	NA	NA	NA	NA	NA
NC_045512.2	7940	G	T	2959	1302	40	1	1	37	0.000337838	2960	0.875127	FALSE	ORF1ab:cds-YP_009724389.1	GTT	V	TTT	F	2559
NC_045512.2	7940	G	T	2959	1302	40	1	1	37	0.000337838	2960	0.875127	FALSE	ORF1ab:cds-YP_009725295.1	GTT	V	TTT	F	2559
NC_045512.2	7941	T	G	2817	1310	39	1	0	25	0.000354862	2818	1	FALSE	ORF1ab:cds-YP_009724389.1	GTT	V	GGT	G	2559
NC_045512.2	7941	T	G	2817	1310	39	1	0	25	0.000354862	2818	1	FALSE	ORF1ab:cds-YP_009725295.1	GTT	V	GGT	G	2559
NC_045512.2	7942	T	G	2879	1304	39	1	0	25	0.000347222	2880	1	FALSE	ORF1ab:cds-YP_009724389.1	GTT	V	GTG	V	2559
NC_045512.2	7942	T	G	2879	1304	39	1	0	25	0.000347222	2880	1	FALSE	ORF1ab:cds-YP_009725295.1	GTT	V	GTG	V	2559
NC_045512.2	7946	T	C	2832	1403	39	1	1	37	0.000352983	2833	0.875132	FALSE	ORF1ab:cds-YP_009724389.1	TAC	Y	CAC	H	2561
NC_045512.2	7946	T	C	2832	1403	39	1	1	37	0.000352983	2833	0.875132	FALSE	ORF1ab:cds-YP_009725295.1	TAC	Y	CAC	H	2561
NC_045512.2	7947	A	T	2783	1359	39	1	1	25	0.000359195	2784	1	FALSE	ORF1ab:cds-YP_009724389.1	TAC	Y	TTC	F	2561
NC_045512.2	7947	A	T	2783	1359	39	1	1	25	0.000359195	2784	1	FALSE	ORF1ab:cds-YP_009725295.1	TAC	Y	TTC	F	2561
NC_045512.2	7948	C	T	2851	1434	39	3	1	37	0.00105116	2854	0.500164	FALSE	ORF1ab:cds-YP_009724389.1	TAC	Y	TAT	Y	2561
NC_045512.2	7948	C	T	2851	1434	39	3	1	37	0.00105116	2854	0.500164	FALSE	ORF1ab:cds-YP_009725295.1	TAC	Y	TAT	Y	2561
NC_045512.2	7949	A	C	2707	1288	39	1	0	37	0.000369276	2708	0.875138	FALSE	ORF1ab:cds-YP_009724389.1	AGT	S	CGT	R	2562
NC_045512.2	7949	A	C	2707	1288	39	1	0	37	0.000369276	2708	0.875138	FALSE	ORF1ab:cds-YP_009725295.1	AGT	S	CGT	R	2562
NC_045512.2	7953	A	G	2643	1313	38	1	0	25	0.000378215	2644	1	FALSE	ORF1ab:cds-YP_009724389.1	CAG	Q	CGG	R	2563
NC_045512.2	7953	A	G	2643	1313	38	1	0	25	0.000378215	2644	1	FALSE	ORF1ab:cds-YP_009725295.1	CAG	Q	CGG	R	2563
NC_045512.2	7954	G	A	2799	1307	38	1	0	37	0.000357143	2800	0.875134	FALSE	ORF1ab:cds-YP_009724389.1	CAG	Q	CAA	Q	2563
NC_045512.2	7954	G	A	2799	1307	38	1	0	37	0.000357143	2800	0.875134	FALSE	ORF1ab:cds-YP_009725295.1	CAG	Q	CAA	Q	2563
NC_045512.2	7955	C	T	2823	1414	39	3	3	37	0.00106157	2826	0.500166	FALSE	ORF1ab:cds-YP_009724389.1	CTT	L	TTT	F	2564
NC_045512.2	7955	C	T	2823	1414	39	3	3	37	0.00106157	2826	0.500166	FALSE	ORF1ab:cds-YP_009725295.1	CTT	L	TTT	F	2564
NC_045512.2	7959	T	G	2672	1518	38	1	0	37	0.000374111	2673	0.87514	FALSE	ORF1ab:cds-YP_009724389.1	ATG	M	AGG	R	2565
NC_045512.2	7959	T	G	2672	1518	38	1	0	37	0.000374111	2673	0.87514	FALSE	ORF1ab:cds-YP_009725295.1	ATG	M	AGG	R	2565
NC_045512.2	7960	G	+C	2748	1516	38	1	0	20	0.000363901	2748	1	FALSE	NA	NA	NA	NA	NA	NA
NC_045512.2	7962	G	A	2704	1471	38	1	0	37	0.000369686	2705	0.875139	FALSE	ORF1ab:cds-YP_009724389.1	TGT	C	TAT	Y	2566
NC_045512.2	7962	G	A	2704	1471	38	1	0	37	0.000369686	2705	0.875139	FALSE	ORF1ab:cds-YP_009725295.1	TGT	C	TAT	Y	2566
NC_045512.2	7963	T	C	2626	1395	38	1	0	74	0.000380662	2627	0.500095	FALSE	ORF1ab:cds-YP_009724389.1	TGT	C	TGC	C	2566
NC_045512.2	7963	T	C	2626	1395	38	1	0	74	0.000380662	2627	0.500095	FALSE	ORF1ab:cds-YP_009725295.1	TGT	C	TGC	C	2566
NC_045512.2	7964	C	G	2647	1421	38	1	1	37	0.000377501	2649	0.875071	FALSE	ORF1ab:cds-YP_009724389.1	CAA	Q	GAA	E	2567
NC_045512.2	7964	C	G	2647	1421	38	1	1	37	0.000377501	2649	0.875071	FALSE	ORF1ab:cds-YP_009725295.1	CAA	Q	GAA	E	2567
NC_045512.2	7964	C	A	2647	1421	38	1	1	37	0.000377501	2649	0.875071	FALSE	ORF1ab:cds-YP_009724389.1	CAA	Q	AAA	K	2567
NC_045512.2	7964	C	A	2647	1421	38	1	1	37	0.000377501	2649	0.875071	FALSE	ORF1ab:cds-YP_009725295.1	CAA	Q	AAA	K	2567
NC_045512.2	7966	A	G	2684	1393	38	1	0	25	0.000372439	2685	1	FALSE	ORF1ab:cds-YP_009724389.1	CAA	Q	CAG	Q	2567
NC_045512.2	7966	A	G	2684	1393	38	1	0	25	0.000372439	2685	1	FALSE	ORF1ab:cds-YP_009725295.1	CAA	Q	CAG	Q	2567
NC_045512.2	7967	C	A	2878	1455	37	1	0	37	0.000347343	2879	0.87513	FALSE	ORF1ab:cds-YP_009724389.1	CCT	P	ACT	T	2568
NC_045512.2	7967	C	A	2878	1455	37	1	0	37	0.000347343	2879	0.87513	FALSE	ORF1ab:cds-YP_009725295.1	CCT	P	ACT	T	2568
NC_045512.2	7969	T	A	2898	1379	37	1	0	37	0.000344947	2899	0.875129	FALSE	ORF1ab:cds-YP_009724389.1	CCT	P	CCA	P	2568
NC_045512.2	7969	T	A	2898	1379	37	1	0	37	0.000344947	2899	0.875129	FALSE	ORF1ab:cds-YP_009725295.1	CCT	P	CCA	P	2568
NC_045512.2	7971	T	A	2893	1345	37	1	0	25	0.000345543	2894	1	FALSE	ORF1ab:cds-YP_009724389.1	ATA	I	AAA	K	2569
NC_045512.2	7971	T	A	2893	1345	37	1	0	25	0.000345543	2894	1	FALSE	ORF1ab:cds-YP_009725295.1	ATA	I	AAA	K	2569
NC_045512.2	7972	A	C	2909	1311	37	1	0	25	0.000343643	2910	1	FALSE	ORF1ab:cds-YP_009724389.1	ATA	I	ATC	I	2569
NC_045512.2	7972	A	C	2909	1311	37	1	0	25	0.000343643	2910	1	FALSE	ORF1ab:cds-YP_009725295.1	ATA	I	ATC	I	2569
NC_045512.2	7973	C	T	2956	1401	37	1	1	37	0.000338181	2957	0.875127	FALSE	ORF1ab:cds-YP_009724389.1	CTG	L	TTG	L	2570
NC_045512.2	7973	C	T	2956	1401	37	1	1	37	0.000338181	2957	0.875127	FALSE	ORF1ab:cds-YP_009725295.1	CTG	L	TTG	L	2570
NC_045512.2	7974	T	G	2866	1358	37	3	1	30	0.00104566	2869	0.500163	FALSE	ORF1ab:cds-YP_009724389.1	CTG	L	CGG	R	2570
NC_045512.2	7974	T	G	2866	1358	37	3	1	30	0.00104566	2869	0.500163	FALSE	ORF1ab:cds-YP_009725295.1	CTG	L	CGG	R	2570
NC_045512.2	7975	G	C	2896	1320	37	1	0	37	0.000344947	2899	0.875	FALSE	ORF1ab:cds-YP_009724389.1	CTG	L	CTC	L	2570
NC_045512.2	7975	G	C	2896	1320	37	1	0	37	0.000344947	2899	0.875	FALSE	ORF1ab:cds-YP_009725295.1	CTG	L	CTC	L	2570
NC_045512.2	7975	G	A	2896	1320	37	2	2	37	0.000689893	2899	0.687565	FALSE	ORF1ab:cds-YP_009724389.1	CTG	L	CTA	L	2570
NC_045512.2	7975	G	A	2896	1320	37	2	2	37	0.000689893	2899	0.687565	FALSE	ORF1ab:cds-YP_009725295.1	CTG	L	CTA	L	2570
NC_045512.2	7976	T	G	2557	1137	37	1	1	25	0.000390778	2559	1	FALSE	ORF1ab:cds-YP_009724389.1	TTA	L	GTA	V	2571
NC_045512.2	7976	T	G	2557	1137	37	1	1	25	0.000390778	2559	1	FALSE	ORF1ab:cds-YP_009725295.1	TTA	L	GTA	V	2571
NC_045512.2	7976	T	C	2557	1137	37	1	1	37	0.000390778	2559	0.875073	FALSE	ORF1ab:cds-YP_009724389.1	TTA	L	CTA	L	2571
NC_045512.2	7976	T	C	2557	1137	37	1	1	37	0.000390778	2559	0.875073	FALSE	ORF1ab:cds-YP_009725295.1	TTA	L	CTA	L	2571
NC_045512.2	7977	T	C	2633	1172	37	1	0	37	0.000379651	2634	0.875142	FALSE	ORF1ab:cds-YP_009724389.1	TTA	L	TCA	S	2571
NC_045512.2	7977	T	C	2633	1172	37	1	0	37	0.000379651	2634	0.875142	FALSE	ORF1ab:cds-YP_009725295.1	TTA	L	TCA	S	2571
NC_045512.2	7980	T	A	2599	1148	37	1	0	25	0.000384615	2600	1	FALSE	ORF1ab:cds-YP_009724389.1	CTA	L	CAA	Q	2572
NC_045512.2	7980	T	A	2599	1148	37	1	0	25	0.000384615	2600	1	FALSE	ORF1ab:cds-YP_009725295.1	CTA	L	CAA	Q	2572
NC_045512.2	7980	T	-A	2599	1148	37	1	0	20	0.000384615	2600	1	FALSE	NA	NA	NA	NA	NA	NA
NC_045512.2	7981	A	G	2621	1140	37	1	0	37	0.000381388	2622	0.875072	FALSE	ORF1ab:cds-YP_009724389.1	CTA	L	CTG	L	2572
NC_045512.2	7981	A	G	2621	1140	37	1	0	37	0.000381388	2622	0.875072	FALSE	ORF1ab:cds-YP_009725295.1	CTA	L	CTG	L	2572
NC_045512.2	7984	T	A	2471	1111	36	1	1	25	0.000404531	2472	1	FALSE	ORF1ab:cds-YP_009724389.1	GAT	D	GAA	E	2573
NC_045512.2	7984	T	A	2471	1111	36	1	1	25	0.000404531	2472	1	FALSE	ORF1ab:cds-YP_009725295.1	GAT	D	GAA	E	2573
NC_045512.2	7986	A	T	2494	1115	37	1	1	37	0.00040032	2498	0.874925	FALSE	ORF1ab:cds-YP_009724389.1	CAG	Q	CTG	L	2574
NC_045512.2	7986	A	T	2494	1115	37	1	1	37	0.00040032	2498	0.874925	FALSE	ORF1ab:cds-YP_009725295.1	CAG	Q	CTG	L	2574
NC_045512.2	7986	A	G	2494	1115	37	2	0	37	0.000800641	2498	0.687425	FALSE	ORF1ab:cds-YP_009724389.1	CAG	Q	CGG	R	2574
NC_045512.2	7986	A	G	2494	1115	37	2	0	37	0.000800641	2498	0.687425	FALSE	ORF1ab:cds-YP_009725295.1	CAG	Q	CGG	R	2574
NC_045512.2	7986	A	C	2494	1115	37	1	1	25	0.00040032	2498	1	FALSE	ORF1ab:cds-YP_009724389.1	CAG	Q	CCG	P	2574
NC_045512.2	7986	A	C	2494	1115	37	1	1	25	0.00040032	2498	1	FALSE	ORF1ab:cds-YP_009725295.1	CAG	Q	CCG	P	2574
NC_045512.2	7987	G	T	2512	1115	36	1	0	37	0.000397931	2513	0.875149	FALSE	ORF1ab:cds-YP_009724389.1	CAG	Q	CAT	H	2574
NC_045512.2	7987	G	T	2512	1115	36	1	0	37	0.000397931	2513	0.875149	FALSE	ORF1ab:cds-YP_009725295.1	CAG	Q	CAT	H	2574
NC_045512.2	7989	C	T	2569	1140	37	2	2	37	0.000777605	2572	0.687573	FALSE	ORF1ab:cds-YP_009724389.1	GCA	A	GTA	V	2575
NC_045512.2	7989	C	T	2569	1140	37	2	2	37	0.000777605	2572	0.687573	FALSE	ORF1ab:cds-YP_009725295.1	GCA	A	GTA	V	2575
NC_045512.2	7989	C	A	2569	1140	37	1	1	25	0.000388802	2572	1	FALSE	ORF1ab:cds-YP_009724389.1	GCA	A	GAA	E	2575
NC_045512.2	7989	C	A	2569	1140	37	1	1	25	0.000388802	2572	1	FALSE	ORF1ab:cds-YP_009725295.1	GCA	A	GAA	E	2575
NC_045512.2	7990	A	C	2546	1144	36	1	0	25	0.000392619	2547	1	FALSE	ORF1ab:cds-YP_009724389.1	GCA	A	GCC	A	2575
NC_045512.2	7990	A	C	2546	1144	36	1	0	25	0.000392619	2547	1	FALSE	ORF1ab:cds-YP_009725295.1	GCA	A	GCC	A	2575
NC_045512.2	7991	T	G	2529	1119	37	1	0	29	0.000395257	2530	1	FALSE	ORF1ab:cds-YP_009724389.1	TTA	L	GTA	V	2576
NC_045512.2	7991	T	G	2529	1119	37	1	0	29	0.000395257	2530	1	FALSE	ORF1ab:cds-YP_009725295.1	TTA	L	GTA	V	2576
NC_045512.2	7992	T	C	2534	1132	37	1	1	37	0.000394477	2535	0.875148	FALSE	ORF1ab:cds-YP_009724389.1	TTA	L	TCA	S	2576
NC_045512.2	7992	T	C	2534	1132	37	1	1	37	0.000394477	2535	0.875148	FALSE	ORF1ab:cds-YP_009725295.1	TTA	L	TCA	S	2576
NC_045512.2	7993	A	G	2528	1130	37	2	2	37	0.000790202	2531	0.687574	FALSE	ORF1ab:cds-YP_009724389.1	TTA	L	TTG	L	2576
NC_045512.2	7993	A	G	2528	1130	37	2	2	37	0.000790202	2531	0.687574	FALSE	ORF1ab:cds-YP_009725295.1	TTA	L	TTG	L	2576
NC_045512.2	7993	A	C	2528	1130	37	1	0	25	0.000395101	2531	1	FALSE	ORF1ab:cds-YP_009724389.1	TTA	L	TTC	F	2576
NC_045512.2	7993	A	C	2528	1130	37	1	0	25	0.000395101	2531	1	FALSE	ORF1ab:cds-YP_009725295.1	TTA	L	TTC	F	2576
NC_045512.2	7994	G	T	2561	1147	37	1	0	37	0.000390168	2563	0.875073	FALSE	ORF1ab:cds-YP_009724389.1	GTG	V	TTG	L	2577
NC_045512.2	7994	G	T	2561	1147	37	1	0	37	0.000390168	2563	0.875073	FALSE	ORF1ab:cds-YP_009725295.1	GTG	V	TTG	L	2577
NC_045512.2	7994	G	A	2561	1147	37	1	0	37	0.000390168	2563	0.875073	FALSE	ORF1ab:cds-YP_009724389.1	GTG	V	ATG	M	2577
NC_045512.2	7994	G	A	2561	1147	37	1	0	37	0.000390168	2563	0.875073	FALSE	ORF1ab:cds-YP_009725295.1	GTG	V	ATG	M	2577
NC_045512.2	7995	T	A	2472	1100	37	2	1	31	0.000808407	2474	0.687727	FALSE	ORF1ab:cds-YP_009724389.1	GTG	V	GAG	E	2577
NC_045512.2	7995	T	A	2472	1100	37	2	1	31	0.000808407	2474	0.687727	FALSE	ORF1ab:cds-YP_009725295.1	GTG	V	GAG	E	2577
NC_045512.2	8002	T	G	2602	1178	37	1	0	25	0.000384025	2604	1	FALSE	ORF1ab:cds-YP_009724389.1	GAT	D	GAG	E	2579
NC_045512.2	8002	T	G	2602	1178	37	1	0	25	0.000384025	2604	1	FALSE	ORF1ab:cds-YP_009725295.1	GAT	D	GAG	E	2579
NC_045512.2	8002	T	C	2602	1178	37	1	0	37	0.000384025	2604	0.875072	FALSE	ORF1ab:cds-YP_009724389.1	GAT	D	GAC	D	2579
NC_045512.2	8002	T	C	2602	1178	37	1	0	37	0.000384025	2604	0.875072	FALSE	ORF1ab:cds-YP_009725295.1	GAT	D	GAC	D	2579
NC_045512.2	8003	G	A	2675	1162	37	1	0	37	0.000373692	2676	0.87514	FALSE	ORF1ab:cds-YP_009724389.1	GTT	V	ATT	I	2580
NC_045512.2	8003	G	A	2675	1162	37	1	0	37	0.000373692	2676	0.87514	FALSE	ORF1ab:cds-YP_009725295.1	GTT	V	ATT	I	2580
NC_045512.2	8007	G	T	2646	1183	38	2	2	31	0.000755287	2648	0.687713	FALSE	ORF1ab:cds-YP_009724389.1	GGT	G	GTT	V	2581
NC_045512.2	8007	G	T	2646	1183	38	2	2	31	0.000755287	2648	0.687713	FALSE	ORF1ab:cds-YP_009725295.1	GGT	G	GTT	V	2581
NC_045512.2	8008	T	C	2601	1176	38	1	1	25	0.00038432	2602	1	FALSE	ORF1ab:cds-YP_009724389.1	GGT	G	GGC	G	2581
NC_045512.2	8008	T	C	2601	1176	38	1	1	25	0.00038432	2602	1	FALSE	ORF1ab:cds-YP_009725295.1	GGT	G	GGC	G	2581
NC_045512.2	8009	G	A	2686	1238	38	1	0	37	0.000372162	2687	0.87514	FALSE	ORF1ab:cds-YP_009724389.1	GAT	D	AAT	N	2582
NC_045512.2	8009	G	A	2686	1238	38	1	0	37	0.000372162	2687	0.87514	FALSE	ORF1ab:cds-YP_009725295.1	GAT	D	AAT	N	2582
NC_045512.2	8011	T	G	2621	1183	38	1	1	25	0.000381388	2622	1	FALSE	ORF1ab:cds-YP_009724389.1	GAT	D	GAG	E	2582
NC_045512.2	8011	T	G	2621	1183	38	1	1	25	0.000381388	2622	1	FALSE	ORF1ab:cds-YP_009725295.1	GAT	D	GAG	E	2582
NC_045512.2	8012	A	G	2518	1136	38	2	1	37	0.000793336	2521	0.687574	FALSE	ORF1ab:cds-YP_009724389.1	AGT	S	GGT	G	2583
NC_045512.2	8012	A	G	2518	1136	38	2	1	37	0.000793336	2521	0.687574	FALSE	ORF1ab:cds-YP_009725295.1	AGT	S	GGT	G	2583
NC_045512.2	8012	A	C	2518	1136	38	1	0	25	0.000396668	2521	1	FALSE	ORF1ab:cds-YP_009724389.1	AGT	S	CGT	R	2583
NC_045512.2	8012	A	C	2518	1136	38	1	0	25	0.000396668	2521	1	FALSE	ORF1ab:cds-YP_009725295.1	AGT	S	CGT	R	2583
NC_045512.2	8015	G	A	2563	1126	38	2	1	37	0.000779727	2565	0.687719	FALSE	ORF1ab:cds-YP_009724389.1	GCG	A	ACG	T	2584
NC_045512.2	8015	G	A	2563	1126	38	2	1	37	0.000779727	2565	0.687719	FALSE	ORF1ab:cds-YP_009725295.1	GCG	A	ACG	T	2584
NC_045512.2	8016	C	T	2536	1116	38	1	0	37	0.000394166	2537	0.875148	FALSE	ORF1ab:cds-YP_009724389.1	GCG	A	GTG	V	2584
NC_045512.2	8016	C	T	2536	1116	38	1	0	37	0.000394166	2537	0.875148	FALSE	ORF1ab:cds-YP_009725295.1	GCG	A	GTG	V	2584
NC_045512.2	8017	G	A	2545	1124	38	2	0	37	0.000785238	2547	0.687721	FALSE	ORF1ab:cds-YP_009724389.1	GCG	A	GCA	A	2584
NC_045512.2	8017	G	A	2545	1124	38	2	0	37	0.000785238	2547	0.687721	FALSE	ORF1ab:cds-YP_009725295.1	GCG	A	GCA	A	2584
NC_045512.2	8020	A	C	2454	1141	37	3	0	25	0.001221	2457	0.999997	FALSE	ORF1ab:cds-YP_009724389.1	GAA	E	GAC	D	2585
NC_045512.2	8020	A	C	2454	1141	37	3	0	25	0.001221	2457	0.999997	FALSE	ORF1ab:cds-YP_009725295.1	GAA	E	GAC	D	2585
NC_045512.2	8024	G	A	2543	1157	39	1	1	25	0.000393082	2544	1	FALSE	ORF1ab:cds-YP_009724389.1	GCA	A	ACA	T	2587
NC_045512.2	8024	G	A	2543	1157	39	1	1	25	0.000393082	2544	1	FALSE	ORF1ab:cds-YP_009725295.1	GCA	A	ACA	T	2587
NC_045512.2	8025	C	T	2547	1163	39	2	2	37	0.000784621	2549	0.687721	FALSE	ORF1ab:cds-YP_009724389.1	GCA	A	GTA	V	2587
NC_045512.2	8025	C	T	2547	1163	39	2	2	37	0.000784621	2549	0.687721	FALSE	ORF1ab:cds-YP_009725295.1	GCA	A	GTA	V	2587
NC_045512.2	8026	A	G	2562	1170	39	2	1	37	0.000780031	2564	0.687719	FALSE	ORF1ab:cds-YP_009724389.1	GCA	A	GCG	A	2587
NC_045512.2	8026	A	G	2562	1170	39	2	1	37	0.000780031	2564	0.687719	FALSE	ORF1ab:cds-YP_009725295.1	GCA	A	GCG	A	2587
NC_045512.2	8028	T	G	2510	1155	38	2	0	25	0.000796178	2512	1	FALSE	ORF1ab:cds-YP_009724389.1	GTT	V	GGT	G	2588
NC_045512.2	8028	T	G	2510	1155	38	2	0	25	0.000796178	2512	1	FALSE	ORF1ab:cds-YP_009725295.1	GTT	V	GGT	G	2588
NC_045512.2	8029	T	C	2552	1169	39	1	0	37	0.000391543	2554	0.875073	FALSE	ORF1ab:cds-YP_009724389.1	GTT	V	GTC	V	2588
NC_045512.2	8029	T	C	2552	1169	39	1	0	37	0.000391543	2554	0.875073	FALSE	ORF1ab:cds-YP_009725295.1	GTT	V	GTC	V	2588
NC_045512.2	8029	T	A	2552	1169	39	1	1	37	0.000391543	2554	0.875073	FALSE	ORF1ab:cds-YP_009724389.1	GTT	V	GTA	V	2588
NC_045512.2	8029	T	A	2552	1169	39	1	1	37	0.000391543	2554	0.875073	FALSE	ORF1ab:cds-YP_009725295.1	GTT	V	GTA	V	2588
NC_045512.2	8032	A	G	2526	1152	39	1	0	37	0.000395726	2527	0.875148	FALSE	ORF1ab:cds-YP_009724389.1	AAA	K	AAG	K	2589
NC_045512.2	8032	A	G	2526	1152	39	1	0	37	0.000395726	2527	0.875148	FALSE	ORF1ab:cds-YP_009725295.1	AAA	K	AAG	K	2589
NC_045512.2	8033	A	C	2489	1134	39	2	2	27	0.00080289	2491	1	FALSE	ORF1ab:cds-YP_009724389.1	ATG	M	CTG	L	2590
NC_045512.2	8033	A	C	2489	1134	39	2	2	27	0.00080289	2491	1	FALSE	ORF1ab:cds-YP_009725295.1	ATG	M	CTG	L	2590
NC_045512.2	8037	T	A	2412	1093	39	1	0	22	0.000414422	2413	1	FALSE	ORF1ab:cds-YP_009724389.1	TTT	F	TAT	Y	2591
NC_045512.2	8037	T	A	2412	1093	39	1	0	22	0.000414422	2413	1	FALSE	ORF1ab:cds-YP_009725295.1	TTT	F	TAT	Y	2591
NC_045512.2	8038	T	C	2469	1115	39	1	0	37	0.000404858	2470	0.875152	FALSE	ORF1ab:cds-YP_009724389.1	TTT	F	TTC	F	2591
NC_045512.2	8038	T	C	2469	1115	39	1	0	37	0.000404858	2470	0.875152	FALSE	ORF1ab:cds-YP_009725295.1	TTT	F	TTC	F	2591
NC_045512.2	8039	G	T	2671	1374	41	1	1	37	0.000374111	2673	0.87507	FALSE	ORF1ab:cds-YP_009724389.1	GAT	D	TAT	Y	2592
NC_045512.2	8039	G	T	2671	1374	41	1	1	37	0.000374111	2673	0.87507	FALSE	ORF1ab:cds-YP_009725295.1	GAT	D	TAT	Y	2592
NC_045512.2	8039	G	A	2671	1374	41	1	0	37	0.000374111	2673	0.87507	FALSE	ORF1ab:cds-YP_009724389.1	GAT	D	AAT	N	2592
NC_045512.2	8039	G	A	2671	1374	41	1	0	37	0.000374111	2673	0.87507	FALSE	ORF1ab:cds-YP_009725295.1	GAT	D	AAT	N	2592
NC_045512.2	8042	G	T	2585	1535	40	1	1	37	0.000386548	2587	0.875073	FALSE	ORF1ab:cds-YP_009724389.1	GCT	A	TCT	S	2593
NC_045512.2	8042	G	T	2585	1535	40	1	1	37	0.000386548	2587	0.875073	FALSE	ORF1ab:cds-YP_009725295.1	GCT	A	TCT	S	2593
NC_045512.2	8042	G	A	2585	1535	40	1	1	37	0.000386548	2587	0.875073	FALSE	ORF1ab:cds-YP_009724389.1	GCT	A	ACT	T	2593
NC_045512.2	8042	G	A	2585	1535	40	1	1	37	0.000386548	2587	0.875073	FALSE	ORF1ab:cds-YP_009725295.1	GCT	A	ACT	T	2593
NC_045512.2	8043	C	T	2573	1532	40	5	3	37	0.00193949	2578	0.226562	FALSE	ORF1ab:cds-YP_009724389.1	GCT	A	GTT	V	2593
NC_045512.2	8043	C	T	2573	1532	40	5	3	37	0.00193949	2578	0.226562	FALSE	ORF1ab:cds-YP_009725295.1	GCT	A	GTT	V	2593
NC_045512.2	8045	T	A	2537	1506	41	1	0	25	0.000394011	2538	1	FALSE	ORF1ab:cds-YP_009724389.1	TAC	Y	AAC	N	2594
NC_045512.2	8045	T	A	2537	1506	41	1	0	25	0.000394011	2538	1	FALSE	ORF1ab:cds-YP_009725295.1	TAC	Y	AAC	N	2594
NC_045512.2	8046	A	G	2782	1828	43	3	3	37	0.0010772	2785	0.500168	FALSE	ORF1ab:cds-YP_009724389.1	TAC	Y	TGC	C	2594
NC_045512.2	8046	A	G	2782	1828	43	3	3	37	0.0010772	2785	0.500168	FALSE	ORF1ab:cds-YP_009725295.1	TAC	Y	TGC	C	2594
NC_045512.2	8047	C	T	2778	1820	42	4	2	34	0.00143678	2784	0.343497	FALSE	ORF1ab:cds-YP_009724389.1	TAC	Y	TAT	Y	2594
NC_045512.2	8047	C	T	2778	1820	42	4	2	34	0.00143678	2784	0.343497	FALSE	ORF1ab:cds-YP_009725295.1	TAC	Y	TAT	Y	2594
NC_045512.2	8047	C	G	2778	1820	42	2	2	37	0.000718391	2784	0.687163	FALSE	ORF1ab:cds-YP_009724389.1	TAC	Y	TAG	*	2594
NC_045512.2	8047	C	G	2778	1820	42	2	2	37	0.000718391	2784	0.687163	FALSE	ORF1ab:cds-YP_009725295.1	TAC	Y	TAG	*	2594
NC_045512.2	8054	A	G	2774	1917	42	1	1	74	0.000360101	2777	0.49991	FALSE	ORF1ab:cds-YP_009724389.1	ACG	T	GCG	A	2597
NC_045512.2	8054	A	G	2774	1917	42	1	1	74	0.000360101	2777	0.49991	FALSE	ORF1ab:cds-YP_009725295.1	ACG	T	GCG	A	2597
NC_045512.2	8054	A	C	2774	1917	42	2	2	27	0.000720202	2777	1	FALSE	ORF1ab:cds-YP_009724389.1	ACG	T	CCG	P	2597
NC_045512.2	8054	A	C	2774	1917	42	2	2	27	0.000720202	2777	1	FALSE	ORF1ab:cds-YP_009725295.1	ACG	T	CCG	P	2597
NC_045512.2	8055	C	T	2761	2005	42	4	3	37	0.00144665	2765	0.343835	FALSE	ORF1ab:cds-YP_009724389.1	ACG	T	ATG	M	2597
NC_045512.2	8055	C	T	2761	2005	42	4	3	37	0.00144665	2765	0.343835	FALSE	ORF1ab:cds-YP_009725295.1	ACG	T	ATG	M	2597
NC_045512.2	8056	G	A	2555	1798	42	5	3	37	0.00195312	2560	0.226562	FALSE	ORF1ab:cds-YP_009724389.1	ACG	T	ACA	T	2597
NC_045512.2	8056	G	A	2555	1798	42	5	3	37	0.00195312	2560	0.226562	FALSE	ORF1ab:cds-YP_009725295.1	ACG	T	ACA	T	2597
NC_045512.2	8057	T	A	2472	1718	42	1	1	25	0.000404367	2473	1	FALSE	ORF1ab:cds-YP_009724389.1	TTT	F	ATT	I	2598
NC_045512.2	8057	T	A	2472	1718	42	1	1	25	0.000404367	2473	1	FALSE	ORF1ab:cds-YP_009725295.1	TTT	F	ATT	I	2598
NC_045512.2	8058	T	G	2574	1835	42	1	1	25	0.00038835	2575	1	FALSE	ORF1ab:cds-YP_009724389.1	TTT	F	TGT	C	2598
NC_045512.2	8058	T	G	2574	1835	42	1	1	25	0.00038835	2575	1	FALSE	ORF1ab:cds-YP_009725295.1	TTT	F	TGT	C	2598
NC_045512.2	8065	A	T	2523	1837	42	1	1	25	0.000396197	2524	1	FALSE	ORF1ab:cds-YP_009724389.1	TCA	S	TCT	S	2600
NC_045512.2	8065	A	T	2523	1837	42	1	1	25	0.000396197	2524	1	FALSE	ORF1ab:cds-YP_009725295.1	TCA	S	TCT	S	2600
NC_045512.2	8068	T	C	2249	1895	38	1	0	74	0.000444444	2250	0.500111	FALSE	ORF1ab:cds-YP_009724389.1	ACT	T	ACC	T	2601
NC_045512.2	8068	T	C	2249	1895	38	1	0	74	0.000444444	2250	0.500111	FALSE	ORF1ab:cds-YP_009725295.1	ACT	T	ACC	T	2601
NC_045512.2	8069	T	G	2257	1909	38	1	0	25	0.00044287	2258	1	FALSE	ORF1ab:cds-YP_009724389.1	TTT	F	GTT	V	2602
NC_045512.2	8069	T	G	2257	1909	38	1	0	25	0.00044287	2258	1	FALSE	ORF1ab:cds-YP_009725295.1	TTT	F	GTT	V	2602
NC_045512.2	8073	A	G	2235	1896	38	1	0	37	0.000447227	2236	0.875168	FALSE	ORF1ab:cds-YP_009724389.1	AAC	N	AGC	S	2603
NC_045512.2	8073	A	G	2235	1896	38	1	0	37	0.000447227	2236	0.875168	FALSE	ORF1ab:cds-YP_009725295.1	AAC	N	AGC	S	2603
NC_045512.2	8074	C	T	2263	1925	38	1	0	37	0.000441696	2264	0.875166	FALSE	ORF1ab:cds-YP_009724389.1	AAC	N	AAT	N	2603
NC_045512.2	8074	C	T	2263	1925	38	1	0	37	0.000441696	2264	0.875166	FALSE	ORF1ab:cds-YP_009725295.1	AAC	N	AAT	N	2603
NC_045512.2	8075	G	A	2180	1841	39	2	1	37	0.00091659	2182	0.687758	FALSE	ORF1ab:cds-YP_009724389.1	GTA	V	ATA	I	2604
NC_045512.2	8075	G	A	2180	1841	39	2	1	37	0.00091659	2182	0.687758	FALSE	ORF1ab:cds-YP_009725295.1	GTA	V	ATA	I	2604
NC_045512.2	8082	T	G	2089	1790	38	1	1	25	0.00047824	2091	1	FALSE	ORF1ab:cds-YP_009724389.1	ATG	M	AGG	R	2606
NC_045512.2	8082	T	G	2089	1790	38	1	1	25	0.00047824	2091	1	FALSE	ORF1ab:cds-YP_009725295.1	ATG	M	AGG	R	2606
NC_045512.2	8082	T	A	2089	1790	38	1	1	25	0.00047824	2091	1	FALSE	ORF1ab:cds-YP_009724389.1	ATG	M	AAG	K	2606
NC_045512.2	8082	T	A	2089	1790	38	1	1	25	0.00047824	2091	1	FALSE	ORF1ab:cds-YP_009725295.1	ATG	M	AAG	K	2606
NC_045512.2	8083	G	A	2052	1756	38	1	1	37	0.000487092	2053	0.875183	FALSE	ORF1ab:cds-YP_009724389.1	ATG	M	ATA	I	2606
NC_045512.2	8083	G	A	2052	1756	38	1	1	37	0.000487092	2053	0.875183	FALSE	ORF1ab:cds-YP_009725295.1	ATG	M	ATA	I	2606
NC_045512.2	8087	A	C	2056	1784	38	1	1	25	0.000486145	2057	1	FALSE	ORF1ab:cds-YP_009724389.1	AAA	K	CAA	Q	2608
NC_045512.2	8087	A	C	2056	1784	38	1	1	25	0.000486145	2057	1	FALSE	ORF1ab:cds-YP_009725295.1	AAA	K	CAA	Q	2608
NC_045512.2	8088	A	G	2021	1777	38	1	1	25	0.00049456	2022	1	FALSE	ORF1ab:cds-YP_009724389.1	AAA	K	AGA	R	2608
NC_045512.2	8088	A	G	2021	1777	38	1	1	25	0.00049456	2022	1	FALSE	ORF1ab:cds-YP_009725295.1	AAA	K	AGA	R	2608
NC_045512.2	8089	A	T	2019	1790	38	1	0	37	0.00049505	2020	0.875186	FALSE	ORF1ab:cds-YP_009724389.1	AAA	K	AAT	N	2608
NC_045512.2	8089	A	T	2019	1790	38	1	0	37	0.00049505	2020	0.875186	FALSE	ORF1ab:cds-YP_009725295.1	AAA	K	AAT	N	2608
NC_045512.2	8090	C	A	2040	1810	38	1	1	25	0.000489956	2041	1	FALSE	ORF1ab:cds-YP_009724389.1	CTC	L	ATC	I	2609
NC_045512.2	8090	C	A	2040	1810	38	1	1	25	0.000489956	2041	1	FALSE	ORF1ab:cds-YP_009725295.1	CTC	L	ATC	I	2609
NC_045512.2	8093	A	G	1961	1734	38	1	1	37	0.000509684	1962	0.750191	FALSE	ORF1ab:cds-YP_009724389.1	AAA	K	GAA	E	2610
NC_045512.2	8093	A	G	1961	1734	38	1	1	37	0.000509684	1962	0.750191	FALSE	ORF1ab:cds-YP_009725295.1	AAA	K	GAA	E	2610
NC_045512.2	8094	A	C	1889	1670	37	1	1	37	0.000529101	1890	0.750198	FALSE	ORF1ab:cds-YP_009724389.1	AAA	K	ACA	T	2610
NC_045512.2	8094	A	C	1889	1670	37	1	1	37	0.000529101	1890	0.750198	FALSE	ORF1ab:cds-YP_009725295.1	AAA	K	ACA	T	2610
NC_045512.2	8095	A	C	1815	1625	36	3	3	29	0.00165017	1818	0.999894	FALSE	ORF1ab:cds-YP_009724389.1	AAA	K	AAC	N	2610
NC_045512.2	8095	A	C	1815	1625	36	3	3	29	0.00165017	1818	0.999894	FALSE	ORF1ab:cds-YP_009725295.1	AAA	K	AAC	N	2610
NC_045512.2	8096	A	C	1745	1574	36	1	1	25	0.000572738	1746	0.999996	FALSE	ORF1ab:cds-YP_009724389.1	ACA	T	CCA	P	2611
NC_045512.2	8096	A	C	1745	1574	36	1	1	25	0.000572738	1746	0.999996	FALSE	ORF1ab:cds-YP_009725295.1	ACA	T	CCA	P	2611
NC_045512.2	8099	C	T	1868	1704	37	1	1	37	0.000535045	1869	0.750201	FALSE	ORF1ab:cds-YP_009724389.1	CTA	L	TTA	L	2612
NC_045512.2	8099	C	T	1868	1704	37	1	1	37	0.000535045	1869	0.750201	FALSE	ORF1ab:cds-YP_009725295.1	CTA	L	TTA	L	2612
NC_045512.2	8100	T	C	1785	1625	37	1	1	37	0.00055991	1786	0.75021	FALSE	ORF1ab:cds-YP_009724389.1	CTA	L	CCA	P	2612
NC_045512.2	8100	T	C	1785	1625	37	1	1	37	0.00055991	1786	0.75021	FALSE	ORF1ab:cds-YP_009725295.1	CTA	L	CCA	P	2612
NC_045512.2	8101	A	G	1796	1639	37	1	1	37	0.000556483	1797	0.750209	FALSE	ORF1ab:cds-YP_009724389.1	CTA	L	CTG	L	2612
NC_045512.2	8101	A	G	1796	1639	37	1	1	37	0.000556483	1797	0.750209	FALSE	ORF1ab:cds-YP_009725295.1	CTA	L	CTG	L	2612
NC_045512.2	8105	G	C	1719	1604	37	1	1	37	0.000581395	1720	0.750218	FALSE	ORF1ab:cds-YP_009724389.1	GCA	A	CCA	P	2614
NC_045512.2	8105	G	C	1719	1604	37	1	1	37	0.000581395	1720	0.750218	FALSE	ORF1ab:cds-YP_009725295.1	GCA	A	CCA	P	2614
NC_045512.2	8106	C	T	1652	1547	37	2	2	37	0.00120919	1654	0.500227	FALSE	ORF1ab:cds-YP_009724389.1	GCA	A	GTA	V	2614
NC_045512.2	8106	C	T	1652	1547	37	2	2	37	0.00120919	1654	0.500227	FALSE	ORF1ab:cds-YP_009725295.1	GCA	A	GTA	V	2614
NC_045512.2	8107	A	G	1637	1537	37	1	1	37	0.000610501	1638	0.750229	FALSE	ORF1ab:cds-YP_009724389.1	GCA	A	GCG	A	2614
NC_045512.2	8107	A	G	1637	1537	37	1	1	37	0.000610501	1638	0.750229	FALSE	ORF1ab:cds-YP_009725295.1	GCA	A	GCG	A	2614
NC_045512.2	8108	A	C	1570	1469	36	1	1	25	0.000636537	1571	0.999985	FALSE	ORF1ab:cds-YP_009724389.1	ACT	T	CCT	P	2615
NC_045512.2	8108	A	C	1570	1469	36	1	1	25	0.000636537	1571	0.999985	FALSE	ORF1ab:cds-YP_009725295.1	ACT	T	CCT	P	2615
NC_045512.2	8110	T	C	1503	1398	36	1	0	37	0.000664894	1504	0.750249	FALSE	ORF1ab:cds-YP_009724389.1	ACT	T	ACC	T	2615
NC_045512.2	8110	T	C	1503	1398	36	1	0	37	0.000664894	1504	0.750249	FALSE	ORF1ab:cds-YP_009725295.1	ACT	T	ACC	T	2615
NC_045512.2	8111	G	A	1522	1418	37	2	2	37	0.00131234	1524	0.500246	FALSE	ORF1ab:cds-YP_009724389.1	GCA	A	ACA	T	2616
NC_045512.2	8111	G	A	1522	1418	37	2	2	37	0.00131234	1524	0.500246	FALSE	ORF1ab:cds-YP_009725295.1	GCA	A	ACA	T	2616
NC_045512.2	8116	A	G	1450	1373	36	1	1	37	0.00068918	1451	0.750259	FALSE	ORF1ab:cds-YP_009724389.1	GAA	E	GAG	E	2617
NC_045512.2	8116	A	G	1450	1373	36	1	1	37	0.00068918	1451	0.750259	FALSE	ORF1ab:cds-YP_009725295.1	GAA	E	GAG	E	2617
NC_045512.2	8117	G	A	5530	1507	36	2	1	37	0.000361533	5532	0.937589	FALSE	ORF1ab:cds-YP_009724389.1	GCT	A	ACT	T	2618
NC_045512.2	8117	G	A	5530	1507	36	2	1	37	0.000361533	5532	0.937589	FALSE	ORF1ab:cds-YP_009725295.1	GCT	A	ACT	T	2618
NC_045512.2	8118	C	T	5477	1500	36	1	0	37	0.000182548	5478	0.984405	FALSE	ORF1ab:cds-YP_009724389.1	GCT	A	GTT	V	2618
NC_045512.2	8118	C	T	5477	1500	36	1	0	37	0.000182548	5478	0.984405	FALSE	ORF1ab:cds-YP_009725295.1	GCT	A	GTT	V	2618
NC_045512.2	8119	T	C	5376	1465	36	4	3	37	0.000743356	5381	0.746185	FALSE	ORF1ab:cds-YP_009724389.1	GCT	A	GCC	A	2618
NC_045512.2	8119	T	C	5376	1465	36	4	3	37	0.000743356	5381	0.746185	FALSE	ORF1ab:cds-YP_009725295.1	GCT	A	GCC	A	2618
NC_045512.2	8119	T	A	5376	1465	36	1	1	37	0.000185839	5381	0.984371	FALSE	ORF1ab:cds-YP_009724389.1	GCT	A	GCA	A	2618
NC_045512.2	8119	T	A	5376	1465	36	1	1	37	0.000185839	5381	0.984371	FALSE	ORF1ab:cds-YP_009725295.1	GCT	A	GCA	A	2618
NC_045512.2	8120	G	C	5510	1464	36	1	0	37	0.000181422	5512	0.984396	FALSE	ORF1ab:cds-YP_009724389.1	GAA	E	CAA	Q	2619
NC_045512.2	8120	G	C	5510	1464	36	1	0	37	0.000181422	5512	0.984396	FALSE	ORF1ab:cds-YP_009725295.1	GAA	E	CAA	Q	2619
NC_045512.2	8120	G	A	5510	1464	36	1	0	25	0.000181422	5512	1	FALSE	ORF1ab:cds-YP_009724389.1	GAA	E	AAA	K	2619
NC_045512.2	8120	G	A	5510	1464	36	1	0	25	0.000181422	5512	1	FALSE	ORF1ab:cds-YP_009725295.1	GAA	E	AAA	K	2619
NC_045512.2	8121	A	G	5420	1468	36	2	0	37	0.000368868	5422	0.937591	FALSE	ORF1ab:cds-YP_009724389.1	GAA	E	GGA	G	2619
NC_045512.2	8121	A	G	5420	1468	36	2	0	37	0.000368868	5422	0.937591	FALSE	ORF1ab:cds-YP_009725295.1	GAA	E	GGA	G	2619
NC_045512.2	8122	A	G	5410	1458	36	2	1	37	0.000369549	5412	0.937591	FALSE	ORF1ab:cds-YP_009724389.1	GAA	E	GAG	E	2619
NC_045512.2	8122	A	G	5410	1458	36	2	1	37	0.000369549	5412	0.937591	FALSE	ORF1ab:cds-YP_009725295.1	GAA	E	GAG	E	2619
NC_045512.2	8125	T	A	5565	1432	36	1	1	37	0.000179662	5566	0.984404	FALSE	ORF1ab:cds-YP_009724389.1	CTT	L	CTA	L	2620
NC_045512.2	8125	T	A	5565	1432	36	1	1	37	0.000179662	5566	0.984404	FALSE	ORF1ab:cds-YP_009725295.1	CTT	L	CTA	L	2620
NC_045512.2	8126	G	T	5638	1427	36	9	1	37	0.00159179	5654	0.211245	FALSE	ORF1ab:cds-YP_009724389.1	GCA	A	TCA	S	2621
NC_045512.2	8126	G	T	5638	1427	36	9	1	37	0.00159179	5654	0.211245	FALSE	ORF1ab:cds-YP_009725295.1	GCA	A	TCA	S	2621
NC_045512.2	8126	G	A	5638	1427	36	7	2	37	0.00123806	5654	0.386189	FALSE	ORF1ab:cds-YP_009724389.1	GCA	A	ACA	T	2621
NC_045512.2	8126	G	A	5638	1427	36	7	2	37	0.00123806	5654	0.386189	FALSE	ORF1ab:cds-YP_009725295.1	GCA	A	ACA	T	2621
NC_045512.2	8127	C	T	5726	1446	37	3	1	37	0.000523652	5729	0.855612	FALSE	ORF1ab:cds-YP_009724389.1	GCA	A	GTA	V	2621
NC_045512.2	8127	C	T	5726	1446	37	3	1	37	0.000523652	5729	0.855612	FALSE	ORF1ab:cds-YP_009725295.1	GCA	A	GTA	V	2621
NC_045512.2	8128	A	T	5742	1443	37	1	1	37	0.000174125	5743	0.984404	FALSE	ORF1ab:cds-YP_009724389.1	GCA	A	GCT	A	2621
NC_045512.2	8128	A	T	5742	1443	37	1	1	37	0.000174125	5743	0.984404	FALSE	ORF1ab:cds-YP_009725295.1	GCA	A	GCT	A	2621
NC_045512.2	8129	A	G	5723	1413	36	1	1	37	0.000174703	5724	0.984404	FALSE	ORF1ab:cds-YP_009724389.1	AAG	K	GAG	E	2622
NC_045512.2	8129	A	G	5723	1413	36	1	1	37	0.000174703	5724	0.984404	FALSE	ORF1ab:cds-YP_009725295.1	AAG	K	GAG	E	2622
NC_045512.2	8130	A	G	5659	1420	36	1	1	37	0.000176678	5660	0.984404	FALSE	ORF1ab:cds-YP_009724389.1	AAG	K	AGG	R	2622
NC_045512.2	8130	A	G	5659	1420	36	1	1	37	0.000176678	5660	0.984404	FALSE	ORF1ab:cds-YP_009725295.1	AAG	K	AGG	R	2622
NC_045512.2	8131	G	T	7775	1428	36	2	1	25	0.000257136	7778	1	FALSE	ORF1ab:cds-YP_009724389.1	AAG	K	AAT	N	2622
NC_045512.2	8131	G	T	7775	1428	36	2	1	25	0.000257136	7778	1	FALSE	ORF1ab:cds-YP_009725295.1	AAG	K	AAT	N	2622
NC_045512.2	8131	G	A	7775	1428	36	1	0	37	0.000128568	7778	0.996099	FALSE	ORF1ab:cds-YP_009724389.1	AAG	K	AAA	K	2622
NC_045512.2	8131	G	A	7775	1428	36	1	0	37	0.000128568	7778	0.996099	FALSE	ORF1ab:cds-YP_009725295.1	AAG	K	AAA	K	2622
NC_045512.2	8132	A	G	7593	1408	36	2	1	37	0.000263331	7595	0.980506	FALSE	ORF1ab:cds-YP_009724389.1	AAT	N	GAT	D	2623
NC_045512.2	8132	A	G	7593	1408	36	2	1	37	0.000263331	7595	0.980506	FALSE	ORF1ab:cds-YP_009725295.1	AAT	N	GAT	D	2623
NC_045512.2	8133	A	C	6190	208	35	7	0	26	0.00112958	6197	1	FALSE	ORF1ab:cds-YP_009724389.1	AAT	N	ACT	T	2623
NC_045512.2	8133	A	C	6190	208	35	7	0	26	0.00112958	6197	1	FALSE	ORF1ab:cds-YP_009725295.1	AAT	N	ACT	T	2623
NC_045512.2	8134	T	C	6542	353	37	1	0	37	0.000152812	6544	0.9922	FALSE	ORF1ab:cds-YP_009724389.1	AAT	N	AAC	N	2623
NC_045512.2	8134	T	C	6542	353	37	1	0	37	0.000152812	6544	0.9922	FALSE	ORF1ab:cds-YP_009725295.1	AAT	N	AAC	N	2623
NC_045512.2	8134	T	A	6542	353	37	1	1	37	0.000152812	6544	0.9922	FALSE	ORF1ab:cds-YP_009724389.1	AAT	N	AAA	K	2623
NC_045512.2	8134	T	A	6542	353	37	1	1	37	0.000152812	6544	0.9922	FALSE	ORF1ab:cds-YP_009725295.1	AAT	N	AAA	K	2623
NC_045512.2	8135	G	A	6723	372	37	2	0	37	0.000297398	6725	0.964901	FALSE	ORF1ab:cds-YP_009724389.1	GTG	V	ATG	M	2624
NC_045512.2	8135	G	A	6723	372	37	2	0	37	0.000297398	6725	0.964901	FALSE	ORF1ab:cds-YP_009725295.1	GTG	V	ATG	M	2624
NC_045512.2	8137	G	A	6879	415	37	1	0	37	0.000145349	6880	0.992203	FALSE	ORF1ab:cds-YP_009724389.1	GTG	V	GTA	V	2624
NC_045512.2	8137	G	A	6879	415	37	1	0	37	0.000145349	6880	0.992203	FALSE	ORF1ab:cds-YP_009725295.1	GTG	V	GTA	V	2624
NC_045512.2	8138	T	G	7653	422	37	1	0	25	0.000130634	7655	1	FALSE	ORF1ab:cds-YP_009724389.1	TCC	S	GCC	A	2625
NC_045512.2	8138	T	G	7653	422	37	1	0	25	0.000130634	7655	1	FALSE	ORF1ab:cds-YP_009725295.1	TCC	S	GCC	A	2625
NC_045512.2	8138	T	C	7653	422	37	1	0	37	0.000130634	7655	0.996101	FALSE	ORF1ab:cds-YP_009724389.1	TCC	S	CCC	P	2625
NC_045512.2	8138	T	C	7653	422	37	1	0	37	0.000130634	7655	0.996101	FALSE	ORF1ab:cds-YP_009725295.1	TCC	S	CCC	P	2625
NC_045512.2	8139	C	T	8133	418	37	1	0	37	0.000122941	8134	0.998052	FALSE	ORF1ab:cds-YP_009724389.1	TCC	S	TTC	F	2625
NC_045512.2	8139	C	T	8133	418	37	1	0	37	0.000122941	8134	0.998052	FALSE	ORF1ab:cds-YP_009725295.1	TCC	S	TTC	F	2625
NC_045512.2	8140	C	A	8137	429	37	1	0	25	0.00012288	8138	1	FALSE	ORF1ab:cds-YP_009724389.1	TCC	S	TCA	S	2625
NC_045512.2	8140	C	A	8137	429	37	1	0	25	0.00012288	8138	1	FALSE	ORF1ab:cds-YP_009725295.1	TCC	S	TCA	S	2625
NC_045512.2	8141	T	C	8209	415	37	4	0	37	0.000486973	8214	0.927076	FALSE	ORF1ab:cds-YP_009724389.1	TTA	L	CTA	L	2626
NC_045512.2	8141	T	C	8209	415	37	4	0	37	0.000486973	8214	0.927076	FALSE	ORF1ab:cds-YP_009725295.1	TTA	L	CTA	L	2626
NC_045512.2	8141	T	A	8209	415	37	1	0	37	0.000121743	8214	0.998048	FALSE	ORF1ab:cds-YP_009724389.1	TTA	L	ATA	I	2626
NC_045512.2	8141	T	A	8209	415	37	1	0	37	0.000121743	8214	0.998048	FALSE	ORF1ab:cds-YP_009725295.1	TTA	L	ATA	I	2626
NC_045512.2	8145	A	T	8831	446	37	1	0	25	0.000113225	8832	1	FALSE	ORF1ab:cds-YP_009724389.1	GAC	D	GTC	V	2627
NC_045512.2	8145	A	T	8831	446	37	1	0	25	0.000113225	8832	1	FALSE	ORF1ab:cds-YP_009725295.1	GAC	D	GTC	V	2627
NC_045512.2	8146	C	T	8780	446	37	1	0	37	0.000113882	8781	0.998052	FALSE	ORF1ab:cds-YP_009724389.1	GAC	D	GAT	D	2627
NC_045512.2	8146	C	T	8780	446	37	1	0	37	0.000113882	8781	0.998052	FALSE	ORF1ab:cds-YP_009725295.1	GAC	D	GAT	D	2627
NC_045512.2	8147	A	G	8490	448	36	1	0	37	0.000117772	8491	0.998052	FALSE	ORF1ab:cds-YP_009724389.1	AAT	N	GAT	D	2628
NC_045512.2	8147	A	G	8490	448	36	1	0	37	0.000117772	8491	0.998052	FALSE	ORF1ab:cds-YP_009725295.1	AAT	N	GAT	D	2628
NC_045512.2	8148	A	G	8309	482	36	3	1	37	0.000360794	8315	0.9673	FALSE	ORF1ab:cds-YP_009724389.1	AAT	N	AGT	S	2628
NC_045512.2	8148	A	G	8309	482	36	3	1	37	0.000360794	8315	0.9673	FALSE	ORF1ab:cds-YP_009725295.1	AAT	N	AGT	S	2628
NC_045512.2	8148	A	C	8309	482	36	3	0	27	0.000360794	8315	1	FALSE	ORF1ab:cds-YP_009724389.1	AAT	N	ACT	T	2628
NC_045512.2	8148	A	C	8309	482	36	3	0	27	0.000360794	8315	1	FALSE	ORF1ab:cds-YP_009725295.1	AAT	N	ACT	T	2628
NC_045512.2	8149	T	G	8699	499	37	5	4	32	0.000574383	8705	0.866667	FALSE	ORF1ab:cds-YP_009724389.1	AAT	N	AAG	K	2628
NC_045512.2	8149	T	G	8699	499	37	5	4	32	0.000574383	8705	0.866667	FALSE	ORF1ab:cds-YP_009725295.1	AAT	N	AAG	K	2628
NC_045512.2	8149	T	C	8699	499	37	1	0	37	0.000114877	8705	0.998047	FALSE	ORF1ab:cds-YP_009724389.1	AAT	N	AAC	N	2628
NC_045512.2	8149	T	C	8699	499	37	1	0	37	0.000114877	8705	0.998047	FALSE	ORF1ab:cds-YP_009725295.1	AAT	N	AAC	N	2628
NC_045512.2	8150	G	T	9910	502	37	1	0	37	0.000100898	9911	0.999026	FALSE	ORF1ab:cds-YP_009724389.1	GTC	V	TTC	F	2629
NC_045512.2	8150	G	T	9910	502	37	1	0	37	0.000100898	9911	0.999026	FALSE	ORF1ab:cds-YP_009725295.1	GTC	V	TTC	F	2629
NC_045512.2	8151	T	G	9141	506	36	6	0	27	0.000655809	9149	1	FALSE	ORF1ab:cds-YP_009724389.1	GTC	V	GGC	G	2629
NC_045512.2	8151	T	G	9141	506	36	6	0	27	0.000655809	9149	1	FALSE	ORF1ab:cds-YP_009725295.1	GTC	V	GGC	G	2629
NC_045512.2	8151	T	C	9141	506	36	1	0	37	0.000109302	9149	0.999023	FALSE	ORF1ab:cds-YP_009724389.1	GTC	V	GCC	A	2629
NC_045512.2	8151	T	C	9141	506	36	1	0	37	0.000109302	9149	0.999023	FALSE	ORF1ab:cds-YP_009725295.1	GTC	V	GCC	A	2629
NC_045512.2	8151	T	A	9141	506	36	1	0	37	0.000109302	9149	0.999023	FALSE	ORF1ab:cds-YP_009724389.1	GTC	V	GAC	D	2629
NC_045512.2	8151	T	A	9141	506	36	1	0	37	0.000109302	9149	0.999023	FALSE	ORF1ab:cds-YP_009725295.1	GTC	V	GAC	D	2629
NC_045512.2	8152	C	T	9578	497	36	3	0	29	0.000313022	9584	1	FALSE	ORF1ab:cds-YP_009724389.1	GTC	V	GTT	V	2629
NC_045512.2	8152	C	T	9578	497	36	3	0	29	0.000313022	9584	1	FALSE	ORF1ab:cds-YP_009725295.1	GTC	V	GTT	V	2629
NC_045512.2	8152	C	G	9578	497	36	2	0	25	0.000208681	9584	1	FALSE	ORF1ab:cds-YP_009724389.1	GTC	V	GTG	V	2629
NC_045512.2	8152	C	G	9578	497	36	2	0	25	0.000208681	9584	1	FALSE	ORF1ab:cds-YP_009725295.1	GTC	V	GTG	V	2629
NC_045512.2	8152	C	A	9578	497	36	1	0	37	0.000104341	9584	0.999024	FALSE	ORF1ab:cds-YP_009724389.1	GTC	V	GTA	V	2629
NC_045512.2	8152	C	A	9578	497	36	1	0	37	0.000104341	9584	0.999024	FALSE	ORF1ab:cds-YP_009725295.1	GTC	V	GTA	V	2629
NC_045512.2	8153	T	G	9461	528	36	9	0	29	0.000950069	9473	1	FALSE	ORF1ab:cds-YP_009724389.1	TTA	L	GTA	V	2630
NC_045512.2	8153	T	G	9461	528	36	9	0	29	0.000950069	9473	1	FALSE	ORF1ab:cds-YP_009725295.1	TTA	L	GTA	V	2630
NC_045512.2	8153	T	C	9461	528	36	2	0	37	0.000211126	9473	0.994126	FALSE	ORF1ab:cds-YP_009724389.1	TTA	L	CTA	L	2630
NC_045512.2	8153	T	C	9461	528	36	2	0	37	0.000211126	9473	0.994126	FALSE	ORF1ab:cds-YP_009725295.1	TTA	L	CTA	L	2630
NC_045512.2	8153	T	A	9461	528	36	1	0	37	0.000105563	9473	0.999021	FALSE	ORF1ab:cds-YP_009724389.1	TTA	L	ATA	I	2630
NC_045512.2	8153	T	A	9461	528	36	1	0	37	0.000105563	9473	0.999021	FALSE	ORF1ab:cds-YP_009725295.1	TTA	L	ATA	I	2630
NC_045512.2	8154	T	G	9712	545	36	9	0	27	0.00092564	9723	1	FALSE	ORF1ab:cds-YP_009724389.1	TTA	L	TGA	*	2630
NC_045512.2	8154	T	G	9712	545	36	9	0	27	0.00092564	9723	1	FALSE	ORF1ab:cds-YP_009725295.1	TTA	L	TGA	*	2630
NC_045512.2	8154	T	C	9712	545	36	2	0	31	0.000205698	9723	0.99413	FALSE	ORF1ab:cds-YP_009724389.1	TTA	L	TCA	S	2630
NC_045512.2	8154	T	C	9712	545	36	2	0	31	0.000205698	9723	0.99413	FALSE	ORF1ab:cds-YP_009725295.1	TTA	L	TCA	S	2630
NC_045512.2	8155	A	G	9908	539	37	1	0	37	0.000100898	9911	0.999025	FALSE	ORF1ab:cds-YP_009724389.1	TTA	L	TTG	L	2630
NC_045512.2	8155	A	G	9908	539	37	1	0	37	0.000100898	9911	0.999025	FALSE	ORF1ab:cds-YP_009725295.1	TTA	L	TTG	L	2630
NC_045512.2	8155	A	C	9908	539	37	2	0	25	0.000201796	9911	1	FALSE	ORF1ab:cds-YP_009724389.1	TTA	L	TTC	F	2630
NC_045512.2	8155	A	C	9908	539	37	2	0	25	0.000201796	9911	1	FALSE	ORF1ab:cds-YP_009725295.1	TTA	L	TTC	F	2630
NC_045512.2	8156	T	G	9789	540	37	3	0	25	0.000306279	9795	1	FALSE	ORF1ab:cds-YP_009724389.1	TCT	S	GCT	A	2631
NC_045512.2	8156	T	G	9789	540	37	3	0	25	0.000306279	9795	1	FALSE	ORF1ab:cds-YP_009725295.1	TCT	S	GCT	A	2631
NC_045512.2	8156	T	C	9789	540	37	3	0	33	0.000306279	9795	0.980725	FALSE	ORF1ab:cds-YP_009724389.1	TCT	S	CCT	P	2631
NC_045512.2	8156	T	C	9789	540	37	3	0	33	0.000306279	9795	0.980725	FALSE	ORF1ab:cds-YP_009725295.1	TCT	S	CCT	P	2631
NC_045512.2	8157	C	T	10036	550	37	1	0	25	9.96214e-05	10038	1	FALSE	ORF1ab:cds-YP_009724389.1	TCT	S	TTT	F	2631
NC_045512.2	8157	C	T	10036	550	37	1	0	25	9.96214e-05	10038	1	FALSE	ORF1ab:cds-YP_009725295.1	TCT	S	TTT	F	2631
NC_045512.2	8157	C	A	10036	550	37	1	0	25	9.96214e-05	10038	1	FALSE	ORF1ab:cds-YP_009724389.1	TCT	S	TAT	Y	2631
NC_045512.2	8157	C	A	10036	550	37	1	0	25	9.96214e-05	10038	1	FALSE	ORF1ab:cds-YP_009725295.1	TCT	S	TAT	Y	2631
NC_045512.2	8158	T	G	10208	768	38	1	1	37	9.79336e-05	10211	0.999513	FALSE	ORF1ab:cds-YP_009724389.1	TCT	S	TCG	S	2631
NC_045512.2	8158	T	G	10208	768	38	1	1	37	9.79336e-05	10211	0.999513	FALSE	ORF1ab:cds-YP_009725295.1	TCT	S	TCG	S	2631
NC_045512.2	8158	T	C	10208	768	38	2	1	37	0.000195867	10211	0.996833	FALSE	ORF1ab:cds-YP_009724389.1	TCT	S	TCC	S	2631
NC_045512.2	8158	T	C	10208	768	38	2	1	37	0.000195867	10211	0.996833	FALSE	ORF1ab:cds-YP_009725295.1	TCT	S	TCC	S	2631
NC_045512.2	8159	A	C	10380	795	38	3	0	25	0.000288934	10383	1	FALSE	ORF1ab:cds-YP_009724389.1	ACT	T	CCT	P	2632
NC_045512.2	8159	A	C	10380	795	38	3	0	25	0.000288934	10383	1	FALSE	ORF1ab:cds-YP_009725295.1	ACT	T	CCT	P	2632
NC_045512.2	8160	C	T	10343	801	37	2	0	37	0.00019333	10345	0.996835	FALSE	ORF1ab:cds-YP_009724389.1	ACT	T	ATT	I	2632
NC_045512.2	8160	C	T	10343	801	37	2	0	37	0.00019333	10345	0.996835	FALSE	ORF1ab:cds-YP_009725295.1	ACT	T	ATT	I	2632
NC_045512.2	8161	T	C	10571	791	38	6	0	33	0.000567161	10579	0.894995	FALSE	ORF1ab:cds-YP_009724389.1	ACT	T	ACC	T	2632
NC_045512.2	8161	T	C	10571	791	38	6	0	33	0.000567161	10579	0.894995	FALSE	ORF1ab:cds-YP_009725295.1	ACT	T	ACC	T	2632
NC_045512.2	8161	T	A	10571	791	38	2	1	37	0.000189054	10579	0.996825	FALSE	ORF1ab:cds-YP_009724389.1	ACT	T	ACA	T	2632
NC_045512.2	8161	T	A	10571	791	38	2	1	37	0.000189054	10579	0.996825	FALSE	ORF1ab:cds-YP_009725295.1	ACT	T	ACA	T	2632
NC_045512.2	8162	T	A	10447	801	38	3	1	45	0.000287081	10450	0.312518	FALSE	ORF1ab:cds-YP_009724389.1	TTT	F	ATT	I	2633
NC_045512.2	8162	T	A	10447	801	38	3	1	45	0.000287081	10450	0.312518	FALSE	ORF1ab:cds-YP_009725295.1	TTT	F	ATT	I	2633
NC_045512.2	8163	T	G	10564	811	38	1	1	29	9.46522e-05	10565	1	FALSE	ORF1ab:cds-YP_009724389.1	TTT	F	TGT	C	2633
NC_045512.2	8163	T	G	10564	811	38	1	1	29	9.46522e-05	10565	1	FALSE	ORF1ab:cds-YP_009725295.1	TTT	F	TGT	C	2633
NC_045512.2	8164	T	C	10721	827	38	1	0	37	9.32662e-05	10722	0.999513	FALSE	ORF1ab:cds-YP_009724389.1	TTT	F	TTC	F	2633
NC_045512.2	8164	T	C	10721	827	38	1	0	37	9.32662e-05	10722	0.999513	FALSE	ORF1ab:cds-YP_009725295.1	TTT	F	TTC	F	2633
NC_045512.2	8165	A	G	10770	836	38	1	0	37	9.28333e-05	10772	0.999513	FALSE	ORF1ab:cds-YP_009724389.1	ATT	I	GTT	V	2634
NC_045512.2	8165	A	G	10770	836	38	1	0	37	9.28333e-05	10772	0.999513	FALSE	ORF1ab:cds-YP_009725295.1	ATT	I	GTT	V	2634
NC_045512.2	8165	A	C	10770	836	38	1	1	29	9.28333e-05	10772	1	FALSE	ORF1ab:cds-YP_009724389.1	ATT	I	CTT	L	2634
NC_045512.2	8165	A	C	10770	836	38	1	1	29	9.28333e-05	10772	1	FALSE	ORF1ab:cds-YP_009725295.1	ATT	I	CTT	L	2634
NC_045512.2	8166	T	C	10737	849	38	2	0	37	0.000186237	10739	0.996834	FALSE	ORF1ab:cds-YP_009724389.1	ATT	I	ACT	T	2634
NC_045512.2	8166	T	C	10737	849	38	2	0	37	0.000186237	10739	0.996834	FALSE	ORF1ab:cds-YP_009725295.1	ATT	I	ACT	T	2634
NC_045512.2	8167	T	C	10708	836	38	3	0	37	0.000280086	10711	0.988794	FALSE	ORF1ab:cds-YP_009724389.1	ATT	I	ATC	I	2634
NC_045512.2	8167	T	C	10708	836	38	3	0	37	0.000280086	10711	0.988794	FALSE	ORF1ab:cds-YP_009725295.1	ATT	I	ATC	I	2634
NC_045512.2	8169	C	A	10706	869	38	2	0	37	0.000186776	10708	0.996834	FALSE	ORF1ab:cds-YP_009724389.1	TCA	S	TAA	*	2635
NC_045512.2	8169	C	A	10706	869	38	2	0	37	0.000186776	10708	0.996834	FALSE	ORF1ab:cds-YP_009725295.1	TCA	S	TAA	*	2635
NC_045512.2	8170	A	T	10767	844	38	1	0	37	9.28419e-05	10771	0.999512	FALSE	ORF1ab:cds-YP_009724389.1	TCA	S	TCT	S	2635
NC_045512.2	8170	A	T	10767	844	38	1	0	37	9.28419e-05	10771	0.999512	FALSE	ORF1ab:cds-YP_009725295.1	TCA	S	TCT	S	2635
NC_045512.2	8170	A	G	10767	844	38	2	0	42	0.000185684	10771	0.499965	FALSE	ORF1ab:cds-YP_009724389.1	TCA	S	TCG	S	2635
NC_045512.2	8170	A	G	10767	844	38	2	0	42	0.000185684	10771	0.499965	FALSE	ORF1ab:cds-YP_009725295.1	TCA	S	TCG	S	2635
NC_045512.2	8170	A	C	10767	844	38	1	1	25	9.28419e-05	10771	1	FALSE	ORF1ab:cds-YP_009724389.1	TCA	S	TCC	S	2635
NC_045512.2	8170	A	C	10767	844	38	1	1	25	9.28419e-05	10771	1	FALSE	ORF1ab:cds-YP_009725295.1	TCA	S	TCC	S	2635
NC_045512.2	8171	G	T	10708	860	38	1	0	25	9.3301e-05	10718	1	FALSE	ORF1ab:cds-YP_009724389.1	GCA	A	TCA	S	2636
NC_045512.2	8171	G	T	10708	860	38	1	0	25	9.3301e-05	10718	1	FALSE	ORF1ab:cds-YP_009725295.1	GCA	A	TCA	S	2636
NC_045512.2	8171	G	A	10708	860	38	9	0	33	0.000839709	10718	0.676271	FALSE	ORF1ab:cds-YP_009724389.1	GCA	A	ACA	T	2636
NC_045512.2	8171	G	A	10708	860	38	9	0	33	0.000839709	10718	0.676271	FALSE	ORF1ab:cds-YP_009725295.1	GCA	A	ACA	T	2636
NC_045512.2	8172	C	T	10729	944	39	17	2	37	0.00158169	10748	0.123695	FALSE	ORF1ab:cds-YP_009724389.1	GCA	A	GTA	V	2636
NC_045512.2	8172	C	T	10729	944	39	17	2	37	0.00158169	10748	0.123695	FALSE	ORF1ab:cds-YP_009725295.1	GCA	A	GTA	V	2636
NC_045512.2	8172	C	A	10729	944	39	2	0	31	0.000186081	10748	0.996809	FALSE	ORF1ab:cds-YP_009724389.1	GCA	A	GAA	E	2636
NC_045512.2	8172	C	A	10729	944	39	2	0	31	0.000186081	10748	0.996809	FALSE	ORF1ab:cds-YP_009725295.1	GCA	A	GAA	E	2636
NC_045512.2	8173	A	T	10839	949	39	1	0	37	9.22169e-05	10844	0.999512	FALSE	ORF1ab:cds-YP_009724389.1	GCA	A	GCT	A	2636
NC_045512.2	8173	A	T	10839	949	39	1	0	37	9.22169e-05	10844	0.999512	FALSE	ORF1ab:cds-YP_009725295.1	GCA	A	GCT	A	2636
NC_045512.2	8173	A	G	10839	949	39	2	0	55	0.000184434	10844	0.249942	FALSE	ORF1ab:cds-YP_009724389.1	GCA	A	GCG	A	2636
NC_045512.2	8173	A	G	10839	949	39	2	0	55	0.000184434	10844	0.249942	FALSE	ORF1ab:cds-YP_009725295.1	GCA	A	GCG	A	2636
NC_045512.2	8173	A	C	10839	949	39	2	0	37	0.000184434	10844	0.99683	FALSE	ORF1ab:cds-YP_009724389.1	GCA	A	GCC	A	2636
NC_045512.2	8173	A	C	10839	949	39	2	0	37	0.000184434	10844	0.99683	FALSE	ORF1ab:cds-YP_009725295.1	GCA	A	GCC	A	2636
NC_045512.2	8174	G	T	10925	989	39	3	0	29	0.000274323	10936	1	FALSE	ORF1ab:cds-YP_009724389.1	GCT	A	TCT	S	2637
NC_045512.2	8174	G	T	10925	989	39	3	0	29	0.000274323	10936	1	FALSE	ORF1ab:cds-YP_009725295.1	GCT	A	TCT	S	2637
NC_045512.2	8174	G	A	10925	989	39	8	1	41	0.000731529	10936	0.0194991	FALSE	ORF1ab:cds-YP_009724389.1	GCT	A	ACT	T	2637
NC_045512.2	8174	G	A	10925	989	39	8	1	41	0.000731529	10936	0.0194991	FALSE	ORF1ab:cds-YP_009725295.1	GCT	A	ACT	T	2637
NC_045512.2	8175	C	T	10817	1002	39	3	1	45	0.000277239	10821	0.312483	FALSE	ORF1ab:cds-YP_009724389.1	GCT	A	GTT	V	2637
NC_045512.2	8175	C	T	10817	1002	39	3	1	45	0.000277239	10821	0.312483	FALSE	ORF1ab:cds-YP_009725295.1	GCT	A	GTT	V	2637
NC_045512.2	8175	C	A	10817	1002	39	1	0	25	9.24129e-05	10821	1	FALSE	ORF1ab:cds-YP_009724389.1	GCT	A	GAT	D	2637
NC_045512.2	8175	C	A	10817	1002	39	1	0	25	9.24129e-05	10821	1	FALSE	ORF1ab:cds-YP_009725295.1	GCT	A	GAT	D	2637
NC_045512.2	8176	T	G	10810	1000	38	2	0	31	0.00018498	10812	0.996834	FALSE	ORF1ab:cds-YP_009724389.1	GCT	A	GCG	A	2637
NC_045512.2	8176	T	G	10810	1000	38	2	0	31	0.00018498	10812	0.996834	FALSE	ORF1ab:cds-YP_009725295.1	GCT	A	GCG	A	2637
NC_045512.2	8177	C	T	11468	1016	39	1	0	37	8.71764e-05	11471	0.999756	FALSE	ORF1ab:cds-YP_009724389.1	CGG	R	TGG	W	2638
NC_045512.2	8177	C	T	11468	1016	39	1	0	37	8.71764e-05	11471	0.999756	FALSE	ORF1ab:cds-YP_009725295.1	CGG	R	TGG	W	2638
NC_045512.2	8177	C	A	11468	1016	39	2	0	31	0.000174353	11471	0.998295	FALSE	ORF1ab:cds-YP_009724389.1	CGG	R	AGG	R	2638
NC_045512.2	8177	C	A	11468	1016	39	2	0	31	0.000174353	11471	0.998295	FALSE	ORF1ab:cds-YP_009725295.1	CGG	R	AGG	R	2638
NC_045512.2	8179	G	T	11669	1028	39	1	0	37	8.56238e-05	11679	0.999756	FALSE	ORF1ab:cds-YP_009724389.1	CGG	R	CGT	R	2638
NC_045512.2	8179	G	T	11669	1028	39	1	0	37	8.56238e-05	11679	0.999756	FALSE	ORF1ab:cds-YP_009725295.1	CGG	R	CGT	R	2638
NC_045512.2	8179	G	A	11669	1028	39	9	1	45	0.000770614	11679	0.010729	FALSE	ORF1ab:cds-YP_009724389.1	CGG	R	CGA	R	2638
NC_045512.2	8179	G	A	11669	1028	39	9	1	45	0.000770614	11679	0.010729	FALSE	ORF1ab:cds-YP_009725295.1	CGG	R	CGA	R	2638
NC_045512.2	8180	C	T	11522	1036	38	2	1	31	0.000173521	11526	0.998294	FALSE	ORF1ab:cds-YP_009724389.1	CAA	Q	TAA	*	2639
NC_045512.2	8180	C	T	11522	1036	38	2	1	31	0.000173521	11526	0.998294	FALSE	ORF1ab:cds-YP_009725295.1	CAA	Q	TAA	*	2639
NC_045512.2	8180	C	A	11522	1036	38	2	0	31	0.000173521	11526	0.998294	FALSE	ORF1ab:cds-YP_009724389.1	CAA	Q	AAA	K	2639
NC_045512.2	8180	C	A	11522	1036	38	2	0	31	0.000173521	11526	0.998294	FALSE	ORF1ab:cds-YP_009725295.1	CAA	Q	AAA	K	2639
NC_045512.2	8181	A	C	10948	1056	38	2	0	31	0.000182648	10950	0.996834	FALSE	ORF1ab:cds-YP_009724389.1	CAA	Q	CCA	P	2639
NC_045512.2	8181	A	C	10948	1056	38	2	0	31	0.000182648	10950	0.996834	FALSE	ORF1ab:cds-YP_009725295.1	CAA	Q	CCA	P	2639
NC_045512.2	8182	A	G	10656	1074	37	4	0	37	0.000375094	10664	0.971319	FALSE	ORF1ab:cds-YP_009724389.1	CAA	Q	CAG	Q	2639
NC_045512.2	8182	A	G	10656	1074	37	4	0	37	0.000375094	10664	0.971319	FALSE	ORF1ab:cds-YP_009725295.1	CAA	Q	CAG	Q	2639
NC_045512.2	8182	A	C	10656	1074	37	4	0	25	0.000375094	10664	1	FALSE	ORF1ab:cds-YP_009724389.1	CAA	Q	CAC	H	2639
NC_045512.2	8182	A	C	10656	1074	37	4	0	25	0.000375094	10664	1	FALSE	ORF1ab:cds-YP_009725295.1	CAA	Q	CAC	H	2639
NC_045512.2	8182	A	-G	10656	1074	37	1	0	20	9.37734e-05	10664	1	FALSE	NA	NA	NA	NA	NA	NA
NC_045512.2	8183	G	T	12023	1082	39	1	0	37	8.31601e-05	12025	0.999878	FALSE	ORF1ab:cds-YP_009724389.1	GGG	G	TGG	W	2640
NC_045512.2	8183	G	T	12023	1082	39	1	0	37	8.31601e-05	12025	0.999878	FALSE	ORF1ab:cds-YP_009725295.1	GGG	G	TGG	W	2640
NC_045512.2	8183	G	A	12023	1082	39	1	0	37	8.31601e-05	12025	0.999878	FALSE	ORF1ab:cds-YP_009724389.1	GGG	G	AGG	R	2640
NC_045512.2	8183	G	A	12023	1082	39	1	0	37	8.31601e-05	12025	0.999878	FALSE	ORF1ab:cds-YP_009725295.1	GGG	G	AGG	R	2640
NC_045512.2	8184	G	C	12672	1077	39	1	0	48	7.89017e-05	12674	0.75001	FALSE	ORF1ab:cds-YP_009724389.1	GGG	G	GCG	A	2640
NC_045512.2	8184	G	C	12672	1077	39	1	0	48	7.89017e-05	12674	0.75001	FALSE	ORF1ab:cds-YP_009725295.1	GGG	G	GCG	A	2640
NC_045512.2	8184	G	A	12672	1077	39	1	0	25	7.89017e-05	12674	1	FALSE	ORF1ab:cds-YP_009724389.1	GGG	G	GAG	E	2640
NC_045512.2	8184	G	A	12672	1077	39	1	0	25	7.89017e-05	12674	1	FALSE	ORF1ab:cds-YP_009725295.1	GGG	G	GAG	E	2640
NC_045512.2	8185	G	T	12769	1081	39	2	0	28	0.00015658	12773	1	FALSE	ORF1ab:cds-YP_009724389.1	GGG	G	GGT	G	2640
NC_045512.2	8185	G	T	12769	1081	39	2	0	28	0.00015658	12773	1	FALSE	ORF1ab:cds-YP_009725295.1	GGG	G	GGT	G	2640
NC_045512.2	8185	G	C	12769	1081	39	1	1	37	7.82901e-05	12773	0.999878	FALSE	ORF1ab:cds-YP_009724389.1	GGG	G	GGC	G	2640
NC_045512.2	8185	G	C	12769	1081	39	1	1	37	7.82901e-05	12773	0.999878	FALSE	ORF1ab:cds-YP_009725295.1	GGG	G	GGC	G	2640
NC_045512.2	8185	G	A	12769	1081	39	1	0	37	7.82901e-05	12773	0.999878	FALSE	ORF1ab:cds-YP_009724389.1	GGG	G	GGA	G	2640
NC_045512.2	8185	G	A	12769	1081	39	1	0	37	7.82901e-05	12773	0.999878	FALSE	ORF1ab:cds-YP_009725295.1	GGG	G	GGA	G	2640
NC_045512.2	8185	G	-T	12769	1081	39	1	0	20	7.82901e-05	12773	1	FALSE	NA	NA	NA	NA	NA	NA
NC_045512.2	8186	T	G	11953	1090	38	8	0	27	0.000668729	11963	1	FALSE	ORF1ab:cds-YP_009724389.1	TTT	F	GTT	V	2641
NC_045512.2	8186	T	G	11953	1090	38	8	0	27	0.000668729	11963	1	FALSE	ORF1ab:cds-YP_009725295.1	TTT	F	GTT	V	2641
NC_045512.2	8186	T	C	11953	1090	38	1	0	37	8.35911e-05	11963	0.999755	FALSE	ORF1ab:cds-YP_009724389.1	TTT	F	CTT	L	2641
NC_045512.2	8186	T	C	11953	1090	38	1	0	37	8.35911e-05	11963	0.999755	FALSE	ORF1ab:cds-YP_009725295.1	TTT	F	CTT	L	2641
NC_045512.2	8186	T	A	11953	1090	38	1	0	37	8.35911e-05	11963	0.999755	FALSE	ORF1ab:cds-YP_009724389.1	TTT	F	ATT	I	2641
NC_045512.2	8186	T	A	11953	1090	38	1	0	37	8.35911e-05	11963	0.999755	FALSE	ORF1ab:cds-YP_009725295.1	TTT	F	ATT	I	2641
NC_045512.2	8187	T	G	12153	1122	38	3	0	26	0.000246771	12157	1	FALSE	ORF1ab:cds-YP_009724389.1	TTT	F	TGT	C	2641
NC_045512.2	8187	T	G	12153	1122	38	3	0	26	0.000246771	12157	1	FALSE	ORF1ab:cds-YP_009725295.1	TTT	F	TGT	C	2641
NC_045512.2	8187	T	C	12153	1122	38	1	0	37	8.22571e-05	12157	0.999878	FALSE	ORF1ab:cds-YP_009724389.1	TTT	F	TCT	S	2641
NC_045512.2	8187	T	C	12153	1122	38	1	0	37	8.22571e-05	12157	0.999878	FALSE	ORF1ab:cds-YP_009725295.1	TTT	F	TCT	S	2641
NC_045512.2	8188	T	A	12869	1505	40	1	0	37	7.77001e-05	12870	0.999878	FALSE	ORF1ab:cds-YP_009724389.1	TTT	F	TTA	L	2641
NC_045512.2	8188	T	A	12869	1505	40	1	0	37	7.77001e-05	12870	0.999878	FALSE	ORF1ab:cds-YP_009725295.1	TTT	F	TTA	L	2641
NC_045512.2	8189	G	A	13011	1627	41	6	1	43	0.000460936	13017	0.0624874	FALSE	ORF1ab:cds-YP_009724389.1	GTT	V	ATT	I	2642
NC_045512.2	8189	G	A	13011	1627	41	6	1	43	0.000460936	13017	0.0624874	FALSE	ORF1ab:cds-YP_009725295.1	GTT	V	ATT	I	2642
NC_045512.2	8190	T	A	12840	1662	41	1	0	37	7.78756e-05	12841	0.999878	FALSE	ORF1ab:cds-YP_009724389.1	GTT	V	GAT	D	2642
NC_045512.2	8190	T	A	12840	1662	41	1	0	37	7.78756e-05	12841	0.999878	FALSE	ORF1ab:cds-YP_009725295.1	GTT	V	GAT	D	2642
NC_045512.2	8191	T	C	12995	1671	41	3	2	57	0.000230805	12998	0.125	FALSE	ORF1ab:cds-YP_009724389.1	GTT	V	GTC	V	2642
NC_045512.2	8191	T	C	12995	1671	41	3	2	57	0.000230805	12998	0.125	FALSE	ORF1ab:cds-YP_009725295.1	GTT	V	GTC	V	2642
NC_045512.2	8192	G	A	13025	1680	41	1	0	37	7.67695e-05	13026	0.999939	FALSE	ORF1ab:cds-YP_009724389.1	GAT	D	AAT	N	2643
NC_045512.2	8192	G	A	13025	1680	41	1	0	37	7.67695e-05	13026	0.999939	FALSE	ORF1ab:cds-YP_009725295.1	GAT	D	AAT	N	2643
NC_045512.2	8193	A	T	13054	1819	41	3	0	33	0.000229762	13057	0.997916	FALSE	ORF1ab:cds-YP_009724389.1	GAT	D	GTT	V	2643
NC_045512.2	8193	A	T	13054	1819	41	3	0	33	0.000229762	13057	0.997916	FALSE	ORF1ab:cds-YP_009725295.1	GAT	D	GTT	V	2643
NC_045512.2	8194	T	G	12864	1820	41	3	0	33	0.000233136	12868	0.996315	FALSE	ORF1ab:cds-YP_009724389.1	GAT	D	GAG	E	2643
NC_045512.2	8194	T	G	12864	1820	41	3	0	33	0.000233136	12868	0.996315	FALSE	ORF1ab:cds-YP_009725295.1	GAT	D	GAG	E	2643
NC_045512.2	8194	T	A	12864	1820	41	1	0	25	7.77122e-05	12868	1	FALSE	ORF1ab:cds-YP_009724389.1	GAT	D	GAA	E	2643
NC_045512.2	8194	T	A	12864	1820	41	1	0	25	7.77122e-05	12868	1	FALSE	ORF1ab:cds-YP_009725295.1	GAT	D	GAA	E	2643
NC_045512.2	8195	T	G	13075	1834	41	1	0	25	7.64584e-05	13079	1	FALSE	ORF1ab:cds-YP_009724389.1	TCA	S	GCA	A	2644
NC_045512.2	8195	T	G	13075	1834	41	1	0	25	7.64584e-05	13079	1	FALSE	ORF1ab:cds-YP_009725295.1	TCA	S	GCA	A	2644
NC_045512.2	8195	T	C	13075	1834	41	1	0	37	7.64584e-05	13079	0.999939	FALSE	ORF1ab:cds-YP_009724389.1	TCA	S	CCA	P	2644
NC_045512.2	8195	T	C	13075	1834	41	1	0	37	7.64584e-05	13079	0.999939	FALSE	ORF1ab:cds-YP_009725295.1	TCA	S	CCA	P	2644
NC_045512.2	8195	T	A	13075	1834	41	2	1	25	0.000152917	13079	1	FALSE	ORF1ab:cds-YP_009724389.1	TCA	S	ACA	T	2644
NC_045512.2	8195	T	A	13075	1834	41	2	1	25	0.000152917	13079	1	FALSE	ORF1ab:cds-YP_009725295.1	TCA	S	ACA	T	2644
NC_045512.2	8196	C	T	13176	1842	41	2	1	37	0.000151757	13179	0.999513	FALSE	ORF1ab:cds-YP_009724389.1	TCA	S	TTA	L	2644
NC_045512.2	8196	C	T	13176	1842	41	2	1	37	0.000151757	13179	0.999513	FALSE	ORF1ab:cds-YP_009725295.1	TCA	S	TTA	L	2644
NC_045512.2	8196	C	A	13176	1842	41	1	0	25	7.58783e-05	13179	1	FALSE	ORF1ab:cds-YP_009724389.1	TCA	S	TAA	*	2644
NC_045512.2	8196	C	A	13176	1842	41	1	0	25	7.58783e-05	13179	1	FALSE	ORF1ab:cds-YP_009725295.1	TCA	S	TAA	*	2644
NC_045512.2	8197	A	G	12914	1886	41	5	1	44	0.000386967	12921	0.10933	FALSE	ORF1ab:cds-YP_009724389.1	TCA	S	TCG	S	2644
NC_045512.2	8197	A	G	12914	1886	41	5	1	44	0.000386967	12921	0.10933	FALSE	ORF1ab:cds-YP_009725295.1	TCA	S	TCG	S	2644
NC_045512.2	8197	A	C	12914	1886	41	2	0	37	0.000154787	12921	0.999085	FALSE	ORF1ab:cds-YP_009724389.1	TCA	S	TCC	S	2644
NC_045512.2	8197	A	C	12914	1886	41	2	0	37	0.000154787	12921	0.999085	FALSE	ORF1ab:cds-YP_009725295.1	TCA	S	TCC	S	2644
NC_045512.2	8198	G	T	12606	2020	41	2	0	31	0.000158617	12609	0.999087	FALSE	ORF1ab:cds-YP_009724389.1	GAT	D	TAT	Y	2645
NC_045512.2	8198	G	T	12606	2020	41	2	0	31	0.000158617	12609	0.999087	FALSE	ORF1ab:cds-YP_009725295.1	GAT	D	TAT	Y	2645
NC_045512.2	8198	G	A	12606	2020	41	1	0	37	7.93084e-05	12609	0.999878	FALSE	ORF1ab:cds-YP_009724389.1	GAT	D	AAT	N	2645
NC_045512.2	8198	G	A	12606	2020	41	1	0	37	7.93084e-05	12609	0.999878	FALSE	ORF1ab:cds-YP_009725295.1	GAT	D	AAT	N	2645
NC_045512.2	8199	A	T	12340	2150	40	1	0	25	8.10241e-05	12342	1	FALSE	ORF1ab:cds-YP_009724389.1	GAT	D	GTT	V	2645
NC_045512.2	8199	A	T	12340	2150	40	1	0	25	8.10241e-05	12342	1	FALSE	ORF1ab:cds-YP_009725295.1	GAT	D	GTT	V	2645
NC_045512.2	8199	A	C	12340	2150	40	1	1	25	8.10241e-05	12342	1	FALSE	ORF1ab:cds-YP_009724389.1	GAT	D	GCT	A	2645
NC_045512.2	8199	A	C	12340	2150	40	1	1	25	8.10241e-05	12342	1	FALSE	ORF1ab:cds-YP_009725295.1	GAT	D	GCT	A	2645
NC_045512.2	8200	T	A	12556	2353	41	2	0	31	0.000159261	12558	0.999087	FALSE	ORF1ab:cds-YP_009724389.1	GAT	D	GAA	E	2645
NC_045512.2	8200	T	A	12556	2353	41	2	0	31	0.000159261	12558	0.999087	FALSE	ORF1ab:cds-YP_009725295.1	GAT	D	GAA	E	2645
NC_045512.2	8201	G	C	12643	2411	41	1	0	37	7.90701e-05	12647	0.999878	FALSE	ORF1ab:cds-YP_009724389.1	GTA	V	CTA	L	2646
NC_045512.2	8201	G	C	12643	2411	41	1	0	37	7.90701e-05	12647	0.999878	FALSE	ORF1ab:cds-YP_009725295.1	GTA	V	CTA	L	2646
NC_045512.2	8201	G	A	12643	2411	41	3	1	33	0.00023721	12647	0.996316	FALSE	ORF1ab:cds-YP_009724389.1	GTA	V	ATA	I	2646
NC_045512.2	8201	G	A	12643	2411	41	3	1	33	0.00023721	12647	0.996316	FALSE	ORF1ab:cds-YP_009725295.1	GTA	V	ATA	I	2646
NC_045512.2	8202	T	C	11825	2585	40	1	0	36	8.45451e-05	11828	0.999756	FALSE	ORF1ab:cds-YP_009724389.1	GTA	V	GCA	A	2646
NC_045512.2	8202	T	C	11825	2585	40	1	0	36	8.45451e-05	11828	0.999756	FALSE	ORF1ab:cds-YP_009725295.1	GTA	V	GCA	A	2646
NC_045512.2	8202	T	A	11825	2585	40	2	0	33	0.00016909	11828	0.998295	FALSE	ORF1ab:cds-YP_009724389.1	GTA	V	GAA	E	2646
NC_045512.2	8202	T	A	11825	2585	40	2	0	33	0.00016909	11828	0.998295	FALSE	ORF1ab:cds-YP_009725295.1	GTA	V	GAA	E	2646
NC_045512.2	8203	A	G	11786	2636	40	2	0	37	0.000169635	11790	0.998294	FALSE	ORF1ab:cds-YP_009724389.1	GTA	V	GTG	V	2646
NC_045512.2	8203	A	G	11786	2636	40	2	0	37	0.000169635	11790	0.998294	FALSE	ORF1ab:cds-YP_009725295.1	GTA	V	GTG	V	2646
NC_045512.2	8203	A	C	11786	2636	40	2	0	31	0.000169635	11790	0.998294	FALSE	ORF1ab:cds-YP_009724389.1	GTA	V	GTC	V	2646
NC_045512.2	8203	A	C	11786	2636	40	2	0	31	0.000169635	11790	0.998294	FALSE	ORF1ab:cds-YP_009725295.1	GTA	V	GTC	V	2646
NC_045512.2	8204	G	T	11717	2652	40	1	0	37	8.53388e-05	11718	0.999757	FALSE	ORF1ab:cds-YP_009724389.1	GAA	E	TAA	*	2647
NC_045512.2	8204	G	T	11717	2652	40	1	0	37	8.53388e-05	11718	0.999757	FALSE	ORF1ab:cds-YP_009725295.1	GAA	E	TAA	*	2647
NC_045512.2	8205	A	T	11882	2689	41	1	0	25	8.41468e-05	11884	1	FALSE	ORF1ab:cds-YP_009724389.1	GAA	E	GTA	V	2647
NC_045512.2	8205	A	T	11882	2689	41	1	0	25	8.41468e-05	11884	1	FALSE	ORF1ab:cds-YP_009725295.1	GAA	E	GTA	V	2647
NC_045512.2	8205	A	G	11882	2689	41	1	0	37	8.41468e-05	11884	0.999757	FALSE	ORF1ab:cds-YP_009724389.1	GAA	E	GGA	G	2647
NC_045512.2	8205	A	G	11882	2689	41	1	0	37	8.41468e-05	11884	0.999757	FALSE	ORF1ab:cds-YP_009725295.1	GAA	E	GGA	G	2647
NC_045512.2	8206	A	G	11953	2653	40	2	1	31	0.00016728	11956	0.998295	FALSE	ORF1ab:cds-YP_009724389.1	GAA	E	GAG	E	2647
NC_045512.2	8206	A	G	11953	2653	40	2	1	31	0.00016728	11956	0.998295	FALSE	ORF1ab:cds-YP_009725295.1	GAA	E	GAG	E	2647
NC_045512.2	8206	A	C	11953	2653	40	1	0	25	8.364e-05	11956	1	FALSE	ORF1ab:cds-YP_009724389.1	GAA	E	GAC	D	2647
NC_045512.2	8206	A	C	11953	2653	40	1	0	25	8.364e-05	11956	1	FALSE	ORF1ab:cds-YP_009725295.1	GAA	E	GAC	D	2647
NC_045512.2	8207	A	G	11882	2693	40	3	0	41	0.000252398	11886	0.312484	FALSE	ORF1ab:cds-YP_009724389.1	ACT	T	GCT	A	2648
NC_045512.2	8207	A	G	11882	2693	40	3	0	41	0.000252398	11886	0.312484	FALSE	ORF1ab:cds-YP_009725295.1	ACT	T	GCT	A	2648
NC_045512.2	8207	A	C	11882	2693	40	1	0	25	8.41326e-05	11886	1	FALSE	ORF1ab:cds-YP_009724389.1	ACT	T	CCT	P	2648
NC_045512.2	8207	A	C	11882	2693	40	1	0	25	8.41326e-05	11886	1	FALSE	ORF1ab:cds-YP_009725295.1	ACT	T	CCT	P	2648
NC_045512.2	8209	T	C	12486	2737	40	1	0	37	8.00705e-05	12489	0.999878	FALSE	ORF1ab:cds-YP_009724389.1	ACT	T	ACC	T	2648
NC_045512.2	8209	T	C	12486	2737	40	1	0	37	8.00705e-05	12489	0.999878	FALSE	ORF1ab:cds-YP_009725295.1	ACT	T	ACC	T	2648
NC_045512.2	8209	T	A	12486	2737	40	2	0	25	0.000160141	12489	1	FALSE	ORF1ab:cds-YP_009724389.1	ACT	T	ACA	T	2648
NC_045512.2	8209	T	A	12486	2737	40	2	0	25	0.000160141	12489	1	FALSE	ORF1ab:cds-YP_009725295.1	ACT	T	ACA	T	2648
NC_045512.2	8210	A	G	12274	2775	40	2	0	37	0.00016292	12276	0.999087	FALSE	ORF1ab:cds-YP_009724389.1	AAA	K	GAA	E	2649
NC_045512.2	8210	A	G	12274	2775	40	2	0	37	0.00016292	12276	0.999087	FALSE	ORF1ab:cds-YP_009725295.1	AAA	K	GAA	E	2649
NC_045512.2	8211	A	G	12475	2965	40	1	0	37	8.01475e-05	12477	0.999878	FALSE	ORF1ab:cds-YP_009724389.1	AAA	K	AGA	R	2649
NC_045512.2	8211	A	G	12475	2965	40	1	0	37	8.01475e-05	12477	0.999878	FALSE	ORF1ab:cds-YP_009725295.1	AAA	K	AGA	R	2649
NC_045512.2	8211	A	C	12475	2965	40	1	1	22	8.01475e-05	12477	1	FALSE	ORF1ab:cds-YP_009724389.1	AAA	K	ACA	T	2649
NC_045512.2	8211	A	C	12475	2965	40	1	1	22	8.01475e-05	12477	1	FALSE	ORF1ab:cds-YP_009725295.1	AAA	K	ACA	T	2649
NC_045512.2	8212	A	T	12423	3073	40	1	1	37	8.04894e-05	12424	0.999878	FALSE	ORF1ab:cds-YP_009724389.1	AAA	K	AAT	N	2649
NC_045512.2	8212	A	T	12423	3073	40	1	1	37	8.04894e-05	12424	0.999878	FALSE	ORF1ab:cds-YP_009725295.1	AAA	K	AAT	N	2649
NC_045512.2	8213	G	T	12361	3065	40	1	0	25	8.08865e-05	12363	1	FALSE	ORF1ab:cds-YP_009724389.1	GAT	D	TAT	Y	2650
NC_045512.2	8213	G	T	12361	3065	40	1	0	25	8.08865e-05	12363	1	FALSE	ORF1ab:cds-YP_009725295.1	GAT	D	TAT	Y	2650
NC_045512.2	8213	G	A	12361	3065	40	1	0	37	8.08865e-05	12363	0.999878	FALSE	ORF1ab:cds-YP_009724389.1	GAT	D	AAT	N	2650
NC_045512.2	8213	G	A	12361	3065	40	1	0	37	8.08865e-05	12363	0.999878	FALSE	ORF1ab:cds-YP_009725295.1	GAT	D	AAT	N	2650
NC_045512.2	8214	A	T	12344	3098	40	1	0	25	8.10045e-05	12345	1	FALSE	ORF1ab:cds-YP_009724389.1	GAT	D	GTT	V	2650
NC_045512.2	8214	A	T	12344	3098	40	1	0	25	8.10045e-05	12345	1	FALSE	ORF1ab:cds-YP_009725295.1	GAT	D	GTT	V	2650
NC_045512.2	8215	T	G	11930	3081	39	10	1	28	0.000837451	11941	1	FALSE	ORF1ab:cds-YP_009724389.1	GAT	D	GAG	E	2650
NC_045512.2	8215	T	G	11930	3081	39	10	1	28	0.000837451	11941	1	FALSE	ORF1ab:cds-YP_009725295.1	GAT	D	GAG	E	2650
NC_045512.2	8215	T	C	11930	3081	39	1	0	37	8.37451e-05	11941	0.999755	FALSE	ORF1ab:cds-YP_009724389.1	GAT	D	GAC	D	2650
NC_045512.2	8215	T	C	11930	3081	39	1	0	37	8.37451e-05	11941	0.999755	FALSE	ORF1ab:cds-YP_009725295.1	GAT	D	GAC	D	2650
NC_045512.2	8216	G	A	12520	3094	40	2	0	37	0.000159719	12522	0.999087	FALSE	ORF1ab:cds-YP_009724389.1	GTT	V	ATT	I	2651
NC_045512.2	8216	G	A	12520	3094	40	2	0	37	0.000159719	12522	0.999087	FALSE	ORF1ab:cds-YP_009725295.1	GTT	V	ATT	I	2651
NC_045512.2	8217	T	G	11551	3097	39	9	0	28	0.000778479	11561	1	FALSE	ORF1ab:cds-YP_009724389.1	GTT	V	GGT	G	2651
NC_045512.2	8217	T	G	11551	3097	39	9	0	28	0.000778479	11561	1	FALSE	ORF1ab:cds-YP_009725295.1	GTT	V	GGT	G	2651
NC_045512.2	8217	T	C	11551	3097	39	1	0	37	8.64977e-05	11561	0.999756	FALSE	ORF1ab:cds-YP_009724389.1	GTT	V	GCT	A	2651
NC_045512.2	8217	T	C	11551	3097	39	1	0	37	8.64977e-05	11561	0.999756	FALSE	ORF1ab:cds-YP_009725295.1	GTT	V	GCT	A	2651
NC_045512.2	8218	T	G	11939	3313	39	9	1	27	0.000753201	11949	1	FALSE	ORF1ab:cds-YP_009724389.1	GTT	V	GTG	V	2651
NC_045512.2	8218	T	G	11939	3313	39	9	1	27	0.000753201	11949	1	FALSE	ORF1ab:cds-YP_009725295.1	GTT	V	GTG	V	2651
NC_045512.2	8218	T	C	11939	3313	39	1	0	37	8.3689e-05	11949	0.999756	FALSE	ORF1ab:cds-YP_009724389.1	GTT	V	GTC	V	2651
NC_045512.2	8218	T	C	11939	3313	39	1	0	37	8.3689e-05	11949	0.999756	FALSE	ORF1ab:cds-YP_009725295.1	GTT	V	GTC	V	2651
NC_045512.2	8219	G	T	12568	3397	40	1	0	25	7.95608e-05	12569	1	FALSE	ORF1ab:cds-YP_009724389.1	GTT	V	TTT	F	2652
NC_045512.2	8219	G	T	12568	3397	40	1	0	25	7.95608e-05	12569	1	FALSE	ORF1ab:cds-YP_009725295.1	GTT	V	TTT	F	2652
NC_045512.2	8220	T	C	12443	3462	40	2	0	37	0.000160694	12446	0.999087	FALSE	ORF1ab:cds-YP_009724389.1	GTT	V	GCT	A	2652
NC_045512.2	8220	T	C	12443	3462	40	2	0	37	0.000160694	12446	0.999087	FALSE	ORF1ab:cds-YP_009725295.1	GTT	V	GCT	A	2652
NC_045512.2	8220	T	A	12443	3462	40	1	0	37	8.03471e-05	12446	0.999878	FALSE	ORF1ab:cds-YP_009724389.1	GTT	V	GAT	D	2652
NC_045512.2	8220	T	A	12443	3462	40	1	0	37	8.03471e-05	12446	0.999878	FALSE	ORF1ab:cds-YP_009725295.1	GTT	V	GAT	D	2652
NC_045512.2	8221	T	G	12509	3457	40	2	0	25	0.000159821	12514	1	FALSE	ORF1ab:cds-YP_009724389.1	GTT	V	GTG	V	2652
NC_045512.2	8221	T	G	12509	3457	40	2	0	25	0.000159821	12514	1	FALSE	ORF1ab:cds-YP_009725295.1	GTT	V	GTG	V	2652
NC_045512.2	8221	T	C	12509	3457	40	3	1	37	0.000239732	12514	0.996314	FALSE	ORF1ab:cds-YP_009724389.1	GTT	V	GTC	V	2652
NC_045512.2	8221	T	C	12509	3457	40	3	1	37	0.000239732	12514	0.996314	FALSE	ORF1ab:cds-YP_009725295.1	GTT	V	GTC	V	2652
NC_045512.2	8222	G	T	12562	3448	40	3	1	37	0.000238758	12565	0.996317	FALSE	ORF1ab:cds-YP_009724389.1	GAA	E	TAA	*	2653
NC_045512.2	8222	G	T	12562	3448	40	3	1	37	0.000238758	12565	0.996317	FALSE	ORF1ab:cds-YP_009725295.1	GAA	E	TAA	*	2653
NC_045512.2	8223	A	T	12602	3420	40	1	0	37	7.93147e-05	12608	0.999878	FALSE	ORF1ab:cds-YP_009724389.1	GAA	E	GTA	V	2653
NC_045512.2	8223	A	T	12602	3420	40	1	0	37	7.93147e-05	12608	0.999878	FALSE	ORF1ab:cds-YP_009725295.1	GAA	E	GTA	V	2653
NC_045512.2	8223	A	G	12602	3420	40	5	2	39	0.000396574	12608	0.975517	FALSE	ORF1ab:cds-YP_009724389.1	GAA	E	GGA	G	2653
NC_045512.2	8223	A	G	12602	3420	40	5	2	39	0.000396574	12608	0.975517	FALSE	ORF1ab:cds-YP_009725295.1	GAA	E	GGA	G	2653
NC_045512.2	8224	A	G	12364	3426	40	3	2	37	0.000242561	12368	0.996316	FALSE	ORF1ab:cds-YP_009724389.1	GAA	E	GAG	E	2653
NC_045512.2	8224	A	G	12364	3426	40	3	2	37	0.000242561	12368	0.996316	FALSE	ORF1ab:cds-YP_009725295.1	GAA	E	GAG	E	2653
NC_045512.2	8224	A	C	12364	3426	40	1	0	25	8.08538e-05	12368	1	FALSE	ORF1ab:cds-YP_009724389.1	GAA	E	GAC	D	2653
NC_045512.2	8224	A	C	12364	3426	40	1	0	25	8.08538e-05	12368	1	FALSE	ORF1ab:cds-YP_009725295.1	GAA	E	GAC	D	2653
NC_045512.2	8224	A	+C	12364	3426	40	1	0	20	8.08538e-05	12368	1	FALSE	NA	NA	NA	NA	NA	NA
NC_045512.2	8225	T	G	12473	3424	40	1	0	37	8.01539e-05	12476	0.999878	FALSE	ORF1ab:cds-YP_009724389.1	TGT	C	GGT	G	2654
NC_045512.2	8225	T	G	12473	3424	40	1	0	37	8.01539e-05	12476	0.999878	FALSE	ORF1ab:cds-YP_009725295.1	TGT	C	GGT	G	2654
NC_045512.2	8225	T	C	12473	3424	40	2	0	36	0.000160308	12476	0.999087	FALSE	ORF1ab:cds-YP_009724389.1	TGT	C	CGT	R	2654
NC_045512.2	8225	T	C	12473	3424	40	2	0	36	0.000160308	12476	0.999087	FALSE	ORF1ab:cds-YP_009725295.1	TGT	C	CGT	R	2654
NC_045512.2	8226	G	T	13362	3704	40	2	1	37	0.000149645	13365	0.999513	FALSE	ORF1ab:cds-YP_009724389.1	TGT	C	TTT	F	2654
NC_045512.2	8226	G	T	13362	3704	40	2	1	37	0.000149645	13365	0.999513	FALSE	ORF1ab:cds-YP_009725295.1	TGT	C	TTT	F	2654
NC_045512.2	8226	G	A	13362	3704	40	1	0	37	7.48223e-05	13365	0.999939	FALSE	ORF1ab:cds-YP_009724389.1	TGT	C	TAT	Y	2654
NC_045512.2	8226	G	A	13362	3704	40	1	0	37	7.48223e-05	13365	0.999939	FALSE	ORF1ab:cds-YP_009725295.1	TGT	C	TAT	Y	2654
NC_045512.2	8227	T	G	13354	4001	40	1	0	25	7.48559e-05	13359	1	FALSE	ORF1ab:cds-YP_009724389.1	TGT	C	TGG	W	2654
NC_045512.2	8227	T	G	13354	4001	40	1	0	25	7.48559e-05	13359	1	FALSE	ORF1ab:cds-YP_009725295.1	TGT	C	TGG	W	2654
NC_045512.2	8227	T	C	13354	4001	40	4	3	43	0.000299424	13359	0.187477	FALSE	ORF1ab:cds-YP_009724389.1	TGT	C	TGC	C	2654
NC_045512.2	8227	T	C	13354	4001	40	4	3	43	0.000299424	13359	0.187477	FALSE	ORF1ab:cds-YP_009725295.1	TGT	C	TGC	C	2654
NC_045512.2	8228	C	T	13428	4044	40	3	0	33	0.000223314	13434	0.997913	FALSE	ORF1ab:cds-YP_009724389.1	CTT	L	TTT	F	2655
NC_045512.2	8228	C	T	13428	4044	40	3	0	33	0.000223314	13434	0.997913	FALSE	ORF1ab:cds-YP_009725295.1	CTT	L	TTT	F	2655
NC_045512.2	8228	C	A	13428	4044	40	3	1	43	0.000223314	13434	0.31243	FALSE	ORF1ab:cds-YP_009724389.1	CTT	L	ATT	I	2655
NC_045512.2	8228	C	A	13428	4044	40	3	1	43	0.000223314	13434	0.31243	FALSE	ORF1ab:cds-YP_009725295.1	CTT	L	ATT	I	2655
NC_045512.2	8229	T	C	13576	4083	41	7	1	45	0.000515312	13584	0.0351361	FALSE	ORF1ab:cds-YP_009724389.1	CTT	L	CCT	P	2655
NC_045512.2	8229	T	C	13576	4083	41	7	1	45	0.000515312	13584	0.0351361	FALSE	ORF1ab:cds-YP_009725295.1	CTT	L	CCT	P	2655
NC_045512.2	8229	T	A	13576	4083	41	1	0	37	7.3616e-05	13584	0.999939	FALSE	ORF1ab:cds-YP_009724389.1	CTT	L	CAT	H	2655
NC_045512.2	8229	T	A	13576	4083	41	1	0	37	7.3616e-05	13584	0.999939	FALSE	ORF1ab:cds-YP_009725295.1	CTT	L	CAT	H	2655
NC_045512.2	8230	T	G	13414	4141	41	1	0	25	7.45045e-05	13422	1	FALSE	ORF1ab:cds-YP_009724389.1	CTT	L	CTG	L	2655
NC_045512.2	8230	T	G	13414	4141	41	1	0	25	7.45045e-05	13422	1	FALSE	ORF1ab:cds-YP_009725295.1	CTT	L	CTG	L	2655
NC_045512.2	8230	T	C	13414	4141	41	5	1	37	0.000372523	13422	0.984573	FALSE	ORF1ab:cds-YP_009724389.1	CTT	L	CTC	L	2655
NC_045512.2	8230	T	C	13414	4141	41	5	1	37	0.000372523	13422	0.984573	FALSE	ORF1ab:cds-YP_009725295.1	CTT	L	CTC	L	2655
NC_045512.2	8230	T	A	13414	4141	41	2	0	23	0.000149009	13422	1	FALSE	ORF1ab:cds-YP_009724389.1	CTT	L	CTA	L	2655
NC_045512.2	8230	T	A	13414	4141	41	2	0	23	0.000149009	13422	1	FALSE	ORF1ab:cds-YP_009725295.1	CTT	L	CTA	L	2655
NC_045512.2	8231	A	G	13643	4181	41	2	1	37	0.000146574	13645	0.999513	FALSE	ORF1ab:cds-YP_009724389.1	AAA	K	GAA	E	2656
NC_045512.2	8231	A	G	13643	4181	41	2	1	37	0.000146574	13645	0.999513	FALSE	ORF1ab:cds-YP_009725295.1	AAA	K	GAA	E	2656
NC_045512.2	8232	A	C	12256	4409	40	1	1	25	8.1586e-05	12257	1	FALSE	ORF1ab:cds-YP_009724389.1	AAA	K	ACA	T	2656
NC_045512.2	8232	A	C	12256	4409	40	1	1	25	8.1586e-05	12257	1	FALSE	ORF1ab:cds-YP_009725295.1	AAA	K	ACA	T	2656
NC_045512.2	8234	T	G	12482	4826	40	2	2	27	0.000160192	12485	1	FALSE	ORF1ab:cds-YP_009724389.1	TTG	L	GTG	V	2657
NC_045512.2	8234	T	G	12482	4826	40	2	2	27	0.000160192	12485	1	FALSE	ORF1ab:cds-YP_009725295.1	TTG	L	GTG	V	2657
NC_045512.2	8234	T	A	12482	4826	40	1	1	25	8.00961e-05	12485	1	FALSE	ORF1ab:cds-YP_009724389.1	TTG	L	ATG	M	2657
NC_045512.2	8234	T	A	12482	4826	40	1	1	25	8.00961e-05	12485	1	FALSE	ORF1ab:cds-YP_009725295.1	TTG	L	ATG	M	2657
NC_045512.2	8234	T	+C	12482	4826	40	12	0	20	0.000961153	12485	1	FALSE	NA	NA	NA	NA	NA	NA
NC_045512.2	8235	T	G	12413	4757	40	1	1	25	8.05348e-05	12417	1	FALSE	ORF1ab:cds-YP_009724389.1	TTG	L	TGG	W	2657
NC_045512.2	8235	T	G	12413	4757	40	1	1	25	8.05348e-05	12417	1	FALSE	ORF1ab:cds-YP_009725295.1	TTG	L	TGG	W	2657
NC_045512.2	8235	T	C	12413	4757	40	1	0	37	8.05348e-05	12417	0.999878	FALSE	ORF1ab:cds-YP_009724389.1	TTG	L	TCG	S	2657
NC_045512.2	8235	T	C	12413	4757	40	1	0	37	8.05348e-05	12417	0.999878	FALSE	ORF1ab:cds-YP_009725295.1	TTG	L	TCG	S	2657
NC_045512.2	8235	T	A	12413	4757	40	2	0	31	0.00016107	12417	0.999086	FALSE	ORF1ab:cds-YP_009724389.1	TTG	L	TAG	*	2657
NC_045512.2	8235	T	A	12413	4757	40	2	0	31	0.00016107	12417	0.999086	FALSE	ORF1ab:cds-YP_009725295.1	TTG	L	TAG	*	2657
NC_045512.2	8236	G	T	12313	4736	40	1	1	20	8.12018e-05	12315	1	FALSE	ORF1ab:cds-YP_009724389.1	TTG	L	TTT	F	2657
NC_045512.2	8236	G	T	12313	4736	40	1	1	20	8.12018e-05	12315	1	FALSE	ORF1ab:cds-YP_009725295.1	TTG	L	TTT	F	2657
NC_045512.2	8236	G	A	12313	4736	40	1	0	74	8.12018e-05	12315	0.5	FALSE	ORF1ab:cds-YP_009724389.1	TTG	L	TTA	L	2657
NC_045512.2	8236	G	A	12313	4736	40	1	0	74	8.12018e-05	12315	0.5	FALSE	ORF1ab:cds-YP_009725295.1	TTG	L	TTA	L	2657
NC_045512.2	8237	T	C	12414	4729	40	5	3	44	0.000402576	12420	0.109347	FALSE	ORF1ab:cds-YP_009724389.1	TCA	S	CCA	P	2658
NC_045512.2	8237	T	C	12414	4729	40	5	3	44	0.000402576	12420	0.109347	FALSE	ORF1ab:cds-YP_009725295.1	TCA	S	CCA	P	2658
NC_045512.2	8237	T	A	12414	4729	40	1	0	37	8.05153e-05	12420	0.999878	FALSE	ORF1ab:cds-YP_009724389.1	TCA	S	ACA	T	2658
NC_045512.2	8237	T	A	12414	4729	40	1	0	37	8.05153e-05	12420	0.999878	FALSE	ORF1ab:cds-YP_009725295.1	TCA	S	ACA	T	2658
NC_045512.2	8237	T	-CA	12414	4729	40	1	0	20	8.05153e-05	12420	1	FALSE	NA	NA	NA	NA	NA	NA
NC_045512.2	8238	C	A	12248	4782	40	1	0	25	8.16393e-05	12249	1	FALSE	ORF1ab:cds-YP_009724389.1	TCA	S	TAA	*	2658
NC_045512.2	8238	C	A	12248	4782	40	1	0	25	8.16393e-05	12249	1	FALSE	ORF1ab:cds-YP_009725295.1	TCA	S	TAA	*	2658
NC_045512.2	8240	C	T	11717	5062	39	1	0	37	8.53388e-05	11718	0.999757	FALSE	ORF1ab:cds-YP_009724389.1	CAT	H	TAT	Y	2659
NC_045512.2	8240	C	T	11717	5062	39	1	0	37	8.53388e-05	11718	0.999757	FALSE	ORF1ab:cds-YP_009725295.1	CAT	H	TAT	Y	2659
NC_045512.2	8241	A	G	11759	5043	39	2	1	37	0.000170039	11762	0.998295	FALSE	ORF1ab:cds-YP_009724389.1	CAT	H	CGT	R	2659
NC_045512.2	8241	A	G	11759	5043	39	2	1	37	0.000170039	11762	0.998295	FALSE	ORF1ab:cds-YP_009725295.1	CAT	H	CGT	R	2659
NC_045512.2	8241	A	C	11759	5043	39	1	1	25	8.50196e-05	11762	1	FALSE	ORF1ab:cds-YP_009724389.1	CAT	H	CCT	P	2659
NC_045512.2	8241	A	C	11759	5043	39	1	1	25	8.50196e-05	11762	1	FALSE	ORF1ab:cds-YP_009725295.1	CAT	H	CCT	P	2659
NC_045512.2	8242	T	C	11729	5083	39	2	2	37	0.000170488	11731	0.998296	FALSE	ORF1ab:cds-YP_009724389.1	CAT	H	CAC	H	2659
NC_045512.2	8242	T	C	11729	5083	39	2	2	37	0.000170488	11731	0.998296	FALSE	ORF1ab:cds-YP_009725295.1	CAT	H	CAC	H	2659
NC_045512.2	8243	C	-A	11790	5147	39	1	0	20	8.48176e-05	11790	1	FALSE	NA	NA	NA	NA	NA	NA
NC_045512.2	8244	A	G	11849	5321	39	4	2	46	0.00033741	11855	0.187421	FALSE	ORF1ab:cds-YP_009724389.1	CAA	Q	CGA	R	2660
NC_045512.2	8244	A	G	11849	5321	39	4	2	46	0.00033741	11855	0.187421	FALSE	ORF1ab:cds-YP_009725295.1	CAA	Q	CGA	R	2660
NC_045512.2	8244	A	C	11849	5321	39	2	0	25	0.000168705	11855	1	FALSE	ORF1ab:cds-YP_009724389.1	CAA	Q	CCA	P	2660
NC_045512.2	8244	A	C	11849	5321	39	2	0	25	0.000168705	11855	1	FALSE	ORF1ab:cds-YP_009725295.1	CAA	Q	CCA	P	2660
NC_045512.2	8247	C	T	11826	5689	39	3	0	61	0.000253614	11829	0.125	FALSE	ORF1ab:cds-YP_009724389.1	TCT	S	TTT	F	2661
NC_045512.2	8247	C	T	11826	5689	39	3	0	61	0.000253614	11829	0.125	FALSE	ORF1ab:cds-YP_009725295.1	TCT	S	TTT	F	2661
NC_045512.2	8248	T	C	11821	5614	39	7	5	38	0.000591716	11830	0.881112	FALSE	ORF1ab:cds-YP_009724389.1	TCT	S	TCC	S	2661
NC_045512.2	8248	T	C	11821	5614	39	7	5	38	0.000591716	11830	0.881112	FALSE	ORF1ab:cds-YP_009725295.1	TCT	S	TCC	S	2661
NC_045512.2	8248	T	A	11821	5614	39	2	2	37	0.000169062	11830	0.99829	FALSE	ORF1ab:cds-YP_009724389.1	TCT	S	TCA	S	2661
NC_045512.2	8248	T	A	11821	5614	39	2	2	37	0.000169062	11830	0.99829	FALSE	ORF1ab:cds-YP_009725295.1	TCT	S	TCA	S	2661
NC_045512.2	8249	G	T	12130	5978	39	1	0	37	8.23859e-05	12138	0.999878	FALSE	ORF1ab:cds-YP_009724389.1	GAC	D	TAC	Y	2662
NC_045512.2	8249	G	T	12130	5978	39	1	0	37	8.23859e-05	12138	0.999878	FALSE	ORF1ab:cds-YP_009725295.1	GAC	D	TAC	Y	2662
NC_045512.2	8249	G	A	12130	5978	39	7	2	35	0.000576701	12138	0.916521	FALSE	ORF1ab:cds-YP_009724389.1	GAC	D	AAC	N	2662
NC_045512.2	8249	G	A	12130	5978	39	7	2	35	0.000576701	12138	0.916521	FALSE	ORF1ab:cds-YP_009725295.1	GAC	D	AAC	N	2662
NC_045512.2	8250	A	T	12377	5979	39	1	0	37	8.0782e-05	12379	0.999878	FALSE	ORF1ab:cds-YP_009724389.1	GAC	D	GTC	V	2662
NC_045512.2	8250	A	T	12377	5979	39	1	0	37	8.0782e-05	12379	0.999878	FALSE	ORF1ab:cds-YP_009725295.1	GAC	D	GTC	V	2662
NC_045512.2	8250	A	G	12377	5979	39	1	0	37	8.0782e-05	12379	0.999878	FALSE	ORF1ab:cds-YP_009724389.1	GAC	D	GGC	G	2662
NC_045512.2	8250	A	G	12377	5979	39	1	0	37	8.0782e-05	12379	0.999878	FALSE	ORF1ab:cds-YP_009725295.1	GAC	D	GGC	G	2662
NC_045512.2	8251	C	T	12071	6282	38	1	0	37	8.28226e-05	12074	0.999878	FALSE	ORF1ab:cds-YP_009724389.1	GAC	D	GAT	D	2662
NC_045512.2	8251	C	T	12071	6282	38	1	0	37	8.28226e-05	12074	0.999878	FALSE	ORF1ab:cds-YP_009725295.1	GAC	D	GAT	D	2662
NC_045512.2	8251	C	G	12071	6282	38	1	1	25	8.28226e-05	12074	1	FALSE	ORF1ab:cds-YP_009724389.1	GAC	D	GAG	E	2662
NC_045512.2	8251	C	G	12071	6282	38	1	1	25	8.28226e-05	12074	1	FALSE	ORF1ab:cds-YP_009725295.1	GAC	D	GAG	E	2662
NC_045512.2	8251	C	A	12071	6282	38	1	1	37	8.28226e-05	12074	0.999878	FALSE	ORF1ab:cds-YP_009724389.1	GAC	D	GAA	E	2662
NC_045512.2	8251	C	A	12071	6282	38	1	1	37	8.28226e-05	12074	0.999878	FALSE	ORF1ab:cds-YP_009725295.1	GAC	D	GAA	E	2662
NC_045512.2	8252	A	T	12231	6498	39	1	1	37	8.17461e-05	12233	0.999878	FALSE	ORF1ab:cds-YP_009724389.1	ATA	I	TTA	L	2663
NC_045512.2	8252	A	T	12231	6498	39	1	1	37	8.17461e-05	12233	0.999878	FALSE	ORF1ab:cds-YP_009725295.1	ATA	I	TTA	L	2663
NC_045512.2	8252	A	C	12231	6498	39	1	0	25	8.17461e-05	12233	1	FALSE	ORF1ab:cds-YP_009724389.1	ATA	I	CTA	L	2663
NC_045512.2	8252	A	C	12231	6498	39	1	0	25	8.17461e-05	12233	1	FALSE	ORF1ab:cds-YP_009725295.1	ATA	I	CTA	L	2663
NC_045512.2	8253	T	G	12142	6518	38	2	0	25	0.00016469	12144	1	FALSE	ORF1ab:cds-YP_009724389.1	ATA	I	AGA	R	2663
NC_045512.2	8253	T	G	12142	6518	38	2	0	25	0.00016469	12144	1	FALSE	ORF1ab:cds-YP_009725295.1	ATA	I	AGA	R	2663
NC_045512.2	8254	A	T	12326	6652	38	1	1	37	8.11162e-05	12328	0.999878	FALSE	ORF1ab:cds-YP_009724389.1	ATA	I	ATT	I	2663
NC_045512.2	8254	A	T	12326	6652	38	1	1	37	8.11162e-05	12328	0.999878	FALSE	ORF1ab:cds-YP_009725295.1	ATA	I	ATT	I	2663
NC_045512.2	8254	A	G	12326	6652	38	1	0	37	8.11162e-05	12328	0.999878	FALSE	ORF1ab:cds-YP_009724389.1	ATA	I	ATG	M	2663
NC_045512.2	8254	A	G	12326	6652	38	1	0	37	8.11162e-05	12328	0.999878	FALSE	ORF1ab:cds-YP_009725295.1	ATA	I	ATG	M	2663
NC_045512.2	8256	A	G	12144	6501	38	2	2	37	0.000164663	12146	0.999087	FALSE	ORF1ab:cds-YP_009724389.1	GAA	E	GGA	G	2664
NC_045512.2	8256	A	G	12144	6501	38	2	2	37	0.000164663	12146	0.999087	FALSE	ORF1ab:cds-YP_009725295.1	GAA	E	GGA	G	2664
NC_045512.2	8257	A	T	12146	6450	38	2	2	31	0.000164528	12156	0.999084	FALSE	ORF1ab:cds-YP_009724389.1	GAA	E	GAT	D	2664
NC_045512.2	8257	A	T	12146	6450	38	2	2	31	0.000164528	12156	0.999084	FALSE	ORF1ab:cds-YP_009725295.1	GAA	E	GAT	D	2664
NC_045512.2	8257	A	G	12146	6450	38	7	3	34	0.000575847	12156	0.916493	FALSE	ORF1ab:cds-YP_009724389.1	GAA	E	GAG	E	2664
NC_045512.2	8257	A	G	12146	6450	38	7	3	34	0.000575847	12156	0.916493	FALSE	ORF1ab:cds-YP_009725295.1	GAA	E	GAG	E	2664
NC_045512.2	8257	A	C	12146	6450	38	1	1	25	8.22639e-05	12156	1	FALSE	ORF1ab:cds-YP_009724389.1	GAA	E	GAC	D	2664
NC_045512.2	8257	A	C	12146	6450	38	1	1	25	8.22639e-05	12156	1	FALSE	ORF1ab:cds-YP_009725295.1	GAA	E	GAC	D	2664
NC_045512.2	8259	T	G	11838	6170	38	2	2	25	0.000168876	11843	1	FALSE	ORF1ab:cds-YP_009724389.1	GTT	V	GGT	G	2665
NC_045512.2	8259	T	G	11838	6170	38	2	2	25	0.000168876	11843	1	FALSE	ORF1ab:cds-YP_009725295.1	GTT	V	GGT	G	2665
NC_045512.2	8259	T	C	11838	6170	38	3	1	37	0.000253314	11843	0.993537	FALSE	ORF1ab:cds-YP_009724389.1	GTT	V	GCT	A	2665
NC_045512.2	8259	T	C	11838	6170	38	3	1	37	0.000253314	11843	0.993537	FALSE	ORF1ab:cds-YP_009725295.1	GTT	V	GCT	A	2665
NC_045512.2	8262	C	T	12090	6608	38	3	2	33	0.000248077	12093	0.996318	FALSE	ORF1ab:cds-YP_009724389.1	ACT	T	ATT	I	2666
NC_045512.2	8262	C	T	12090	6608	38	3	2	33	0.000248077	12093	0.996318	FALSE	ORF1ab:cds-YP_009725295.1	ACT	T	ATT	I	2666
NC_045512.2	8263	T	G	11904	6365	38	3	3	29	0.000251953	11907	1	FALSE	ORF1ab:cds-YP_009724389.1	ACT	T	ACG	T	2666
NC_045512.2	8263	T	G	11904	6365	38	3	3	29	0.000251953	11907	1	FALSE	ORF1ab:cds-YP_009725295.1	ACT	T	ACG	T	2666
NC_045512.2	8264	G	T	12251	6596	38	1	1	37	8.16127e-05	12253	0.999878	FALSE	ORF1ab:cds-YP_009724389.1	GGC	G	TGC	C	2667
NC_045512.2	8264	G	T	12251	6596	38	1	1	37	8.16127e-05	12253	0.999878	FALSE	ORF1ab:cds-YP_009725295.1	GGC	G	TGC	C	2667
NC_045512.2	8264	G	A	12251	6596	38	1	1	37	8.16127e-05	12253	0.999878	FALSE	ORF1ab:cds-YP_009724389.1	GGC	G	AGC	S	2667
NC_045512.2	8264	G	A	12251	6596	38	1	1	37	8.16127e-05	12253	0.999878	FALSE	ORF1ab:cds-YP_009725295.1	GGC	G	AGC	S	2667
NC_045512.2	8265	G	A	12112	6631	38	2	0	31	0.000165098	12114	0.999087	FALSE	ORF1ab:cds-YP_009724389.1	GGC	G	GAC	D	2667
NC_045512.2	8265	G	A	12112	6631	38	2	0	31	0.000165098	12114	0.999087	FALSE	ORF1ab:cds-YP_009725295.1	GGC	G	GAC	D	2667
NC_045512.2	8266	C	T	12609	7147	39	12	8	36	0.000950796	12621	0.580705	FALSE	ORF1ab:cds-YP_009724389.1	GGC	G	GGT	G	2667
NC_045512.2	8266	C	T	12609	7147	39	12	8	36	0.000950796	12621	0.580705	FALSE	ORF1ab:cds-YP_009725295.1	GGC	G	GGT	G	2667
NC_045512.2	8267	G	T	12743	7242	39	1	0	37	7.84375e-05	12749	0.999878	FALSE	ORF1ab:cds-YP_009724389.1	GAT	D	TAT	Y	2668
NC_045512.2	8267	G	T	12743	7242	39	1	0	37	7.84375e-05	12749	0.999878	FALSE	ORF1ab:cds-YP_009725295.1	GAT	D	TAT	Y	2668
NC_045512.2	8267	G	A	12743	7242	39	5	2	44	0.000392188	12749	0.109347	FALSE	ORF1ab:cds-YP_009724389.1	GAT	D	AAT	N	2668
NC_045512.2	8267	G	A	12743	7242	39	5	2	44	0.000392188	12749	0.109347	FALSE	ORF1ab:cds-YP_009725295.1	GAT	D	AAT	N	2668
NC_045512.2	8268	A	T	12744	7261	39	1	1	37	7.84621e-05	12745	0.999878	FALSE	ORF1ab:cds-YP_009724389.1	GAT	D	GTT	V	2668
NC_045512.2	8268	A	T	12744	7261	39	1	1	37	7.84621e-05	12745	0.999878	FALSE	ORF1ab:cds-YP_009725295.1	GAT	D	GTT	V	2668
NC_045512.2	8269	T	G	12776	7298	39	1	1	37	7.82656e-05	12777	0.999878	FALSE	ORF1ab:cds-YP_009724389.1	GAT	D	GAG	E	2668
NC_045512.2	8269	T	G	12776	7298	39	1	1	37	7.82656e-05	12777	0.999878	FALSE	ORF1ab:cds-YP_009725295.1	GAT	D	GAG	E	2668
NC_045512.2	8270	A	G	12750	7276	39	6	4	43	0.000470367	12756	0.0624871	FALSE	ORF1ab:cds-YP_009724389.1	AGT	S	GGT	G	2669
NC_045512.2	8270	A	G	12750	7276	39	6	4	43	0.000470367	12756	0.0624871	FALSE	ORF1ab:cds-YP_009725295.1	AGT	S	GGT	G	2669
NC_045512.2	8271	G	T	12762	7261	39	1	1	25	7.83515e-05	12763	1	FALSE	ORF1ab:cds-YP_009724389.1	AGT	S	ATT	I	2669
NC_045512.2	8271	G	T	12762	7261	39	1	1	25	7.83515e-05	12763	1	FALSE	ORF1ab:cds-YP_009725295.1	AGT	S	ATT	I	2669
NC_045512.2	8272	T	C	12648	7265	39	1	0	37	7.90576e-05	12649	0.999878	FALSE	ORF1ab:cds-YP_009724389.1	AGT	S	AGC	S	2669
NC_045512.2	8272	T	C	12648	7265	39	1	0	37	7.90576e-05	12649	0.999878	FALSE	ORF1ab:cds-YP_009725295.1	AGT	S	AGC	S	2669
NC_045512.2	8273	T	C	12713	7199	39	1	0	37	7.86535e-05	12714	0.999878	FALSE	ORF1ab:cds-YP_009724389.1	TGT	C	CGT	R	2670
NC_045512.2	8273	T	C	12713	7199	39	1	0	37	7.86535e-05	12714	0.999878	FALSE	ORF1ab:cds-YP_009725295.1	TGT	C	CGT	R	2670
NC_045512.2	8274	G	A	12742	7195	39	5	2	37	0.000392249	12747	0.975525	FALSE	ORF1ab:cds-YP_009724389.1	TGT	C	TAT	Y	2670
NC_045512.2	8274	G	A	12742	7195	39	5	2	37	0.000392249	12747	0.975525	FALSE	ORF1ab:cds-YP_009725295.1	TGT	C	TAT	Y	2670
NC_045512.2	8275	T	C	12593	7163	39	2	1	37	0.000158793	12595	0.999087	FALSE	ORF1ab:cds-YP_009724389.1	TGT	C	TGC	C	2670
NC_045512.2	8275	T	C	12593	7163	39	2	1	37	0.000158793	12595	0.999087	FALSE	ORF1ab:cds-YP_009725295.1	TGT	C	TGC	C	2670
NC_045512.2	8276	A	G	12741	7229	39	1	0	25	7.84806e-05	12742	1	FALSE	ORF1ab:cds-YP_009724389.1	AAT	N	GAT	D	2671
NC_045512.2	8276	A	G	12741	7229	39	1	0	25	7.84806e-05	12742	1	FALSE	ORF1ab:cds-YP_009725295.1	AAT	N	GAT	D	2671
NC_045512.2	8277	A	G	12634	7198	39	1	1	37	7.91452e-05	12635	0.999878	FALSE	ORF1ab:cds-YP_009724389.1	AAT	N	AGT	S	2671
NC_045512.2	8277	A	G	12634	7198	39	1	1	37	7.91452e-05	12635	0.999878	FALSE	ORF1ab:cds-YP_009725295.1	AAT	N	AGT	S	2671
NC_045512.2	8278	T	C	12227	7241	38	2	1	37	0.000163546	12229	0.999087	FALSE	ORF1ab:cds-YP_009724389.1	AAT	N	AAC	N	2671
NC_045512.2	8278	T	C	12227	7241	38	2	1	37	0.000163546	12229	0.999087	FALSE	ORF1ab:cds-YP_009725295.1	AAT	N	AAC	N	2671
NC_045512.2	8279	A	G	12329	7334	38	1	1	37	8.1103e-05	12330	0.999878	FALSE	ORF1ab:cds-YP_009724389.1	AAC	N	GAC	D	2672
NC_045512.2	8279	A	G	12329	7334	38	1	1	37	8.1103e-05	12330	0.999878	FALSE	ORF1ab:cds-YP_009725295.1	AAC	N	GAC	D	2672
NC_045512.2	8280	A	G	12637	7291	38	2	2	37	0.00015824	12639	0.999087	FALSE	ORF1ab:cds-YP_009724389.1	AAC	N	AGC	S	2672
NC_045512.2	8280	A	G	12637	7291	38	2	2	37	0.00015824	12639	0.999087	FALSE	ORF1ab:cds-YP_009725295.1	AAC	N	AGC	S	2672
NC_045512.2	8281	C	T	12931	7329	38	1	1	37	7.73096e-05	12935	0.999878	FALSE	ORF1ab:cds-YP_009724389.1	AAC	N	AAT	N	2672
NC_045512.2	8281	C	T	12931	7329	38	1	1	37	7.73096e-05	12935	0.999878	FALSE	ORF1ab:cds-YP_009725295.1	AAC	N	AAT	N	2672
NC_045512.2	8281	C	A	12931	7329	38	3	0	25	0.000231929	12935	1	FALSE	ORF1ab:cds-YP_009724389.1	AAC	N	AAA	K	2672
NC_045512.2	8281	C	A	12931	7329	38	3	0	25	0.000231929	12935	1	FALSE	ORF1ab:cds-YP_009725295.1	AAC	N	AAA	K	2672
NC_045512.2	8282	T	G	13147	7294	38	2	2	31	0.000152068	13152	0.999513	FALSE	ORF1ab:cds-YP_009724389.1	TAT	Y	GAT	D	2673
NC_045512.2	8282	T	G	13147	7294	38	2	2	31	0.000152068	13152	0.999513	FALSE	ORF1ab:cds-YP_009725295.1	TAT	Y	GAT	D	2673
NC_045512.2	8282	T	C	13147	7294	38	2	1	37	0.000152068	13152	0.999513	FALSE	ORF1ab:cds-YP_009724389.1	TAT	Y	CAT	H	2673
NC_045512.2	8282	T	C	13147	7294	38	2	1	37	0.000152068	13152	0.999513	FALSE	ORF1ab:cds-YP_009725295.1	TAT	Y	CAT	H	2673
NC_045512.2	8282	T	A	13147	7294	38	1	1	37	7.60341e-05	13152	0.999939	FALSE	ORF1ab:cds-YP_009724389.1	TAT	Y	AAT	N	2673
NC_045512.2	8282	T	A	13147	7294	38	1	1	37	7.60341e-05	13152	0.999939	FALSE	ORF1ab:cds-YP_009725295.1	TAT	Y	AAT	N	2673
NC_045512.2	8283	A	T	13143	7336	38	1	1	74	7.6063e-05	13147	0.499962	FALSE	ORF1ab:cds-YP_009724389.1	TAT	Y	TTT	F	2673
NC_045512.2	8283	A	T	13143	7336	38	1	1	74	7.6063e-05	13147	0.499962	FALSE	ORF1ab:cds-YP_009725295.1	TAT	Y	TTT	F	2673
NC_045512.2	8283	A	G	13143	7336	38	2	1	37	0.000152126	13147	0.999513	FALSE	ORF1ab:cds-YP_009724389.1	TAT	Y	TGT	C	2673
NC_045512.2	8283	A	G	13143	7336	38	2	1	37	0.000152126	13147	0.999513	FALSE	ORF1ab:cds-YP_009725295.1	TAT	Y	TGT	C	2673
NC_045512.2	8283	A	C	13143	7336	38	1	0	25	7.6063e-05	13147	1	FALSE	ORF1ab:cds-YP_009724389.1	TAT	Y	TCT	S	2673
NC_045512.2	8283	A	C	13143	7336	38	1	0	25	7.6063e-05	13147	1	FALSE	ORF1ab:cds-YP_009725295.1	TAT	Y	TCT	S	2673
NC_045512.2	8284	T	A	12961	7378	38	1	1	37	7.71486e-05	12962	0.999878	FALSE	ORF1ab:cds-YP_009724389.1	TAT	Y	TAA	*	2673
NC_045512.2	8284	T	A	12961	7378	38	1	1	37	7.71486e-05	12962	0.999878	FALSE	ORF1ab:cds-YP_009725295.1	TAT	Y	TAA	*	2673
NC_045512.2	8285	A	G	12722	7469	37	2	2	37	0.000157183	12724	0.999087	FALSE	ORF1ab:cds-YP_009724389.1	ATG	M	GTG	V	2674
NC_045512.2	8285	A	G	12722	7469	37	2	2	37	0.000157183	12724	0.999087	FALSE	ORF1ab:cds-YP_009725295.1	ATG	M	GTG	V	2674
NC_045512.2	8286	T	G	12674	7356	37	1	1	25	7.8883e-05	12677	1	FALSE	ORF1ab:cds-YP_009724389.1	ATG	M	AGG	R	2674
NC_045512.2	8286	T	G	12674	7356	37	1	1	25	7.8883e-05	12677	1	FALSE	ORF1ab:cds-YP_009725295.1	ATG	M	AGG	R	2674
NC_045512.2	8286	T	C	12674	7356	37	2	1	37	0.000157766	12677	0.999087	FALSE	ORF1ab:cds-YP_009724389.1	ATG	M	ACG	T	2674
NC_045512.2	8286	T	C	12674	7356	37	2	1	37	0.000157766	12677	0.999087	FALSE	ORF1ab:cds-YP_009725295.1	ATG	M	ACG	T	2674
NC_045512.2	8287	G	T	12653	7325	37	2	1	37	0.000158015	12657	0.999086	FALSE	ORF1ab:cds-YP_009724389.1	ATG	M	ATT	I	2674
NC_045512.2	8287	G	T	12653	7325	37	2	1	37	0.000158015	12657	0.999086	FALSE	ORF1ab:cds-YP_009725295.1	ATG	M	ATT	I	2674
NC_045512.2	8287	G	A	12653	7325	37	2	0	43	0.000158015	12657	0.49997	FALSE	ORF1ab:cds-YP_009724389.1	ATG	M	ATA	I	2674
NC_045512.2	8287	G	A	12653	7325	37	2	0	43	0.000158015	12657	0.49997	FALSE	ORF1ab:cds-YP_009725295.1	ATG	M	ATA	I	2674
NC_045512.2	8288	C	T	12747	7440	37	2	2	37	0.000156863	12750	0.999087	FALSE	ORF1ab:cds-YP_009724389.1	CTC	L	TTC	F	2675
NC_045512.2	8288	C	T	12747	7440	37	2	2	37	0.000156863	12750	0.999087	FALSE	ORF1ab:cds-YP_009725295.1	CTC	L	TTC	F	2675
NC_045512.2	8288	C	A	12747	7440	37	1	1	74	7.84314e-05	12750	0.49998	FALSE	ORF1ab:cds-YP_009724389.1	CTC	L	ATC	I	2675
NC_045512.2	8288	C	A	12747	7440	37	1	1	74	7.84314e-05	12750	0.49998	FALSE	ORF1ab:cds-YP_009725295.1	CTC	L	ATC	I	2675
NC_045512.2	8289	T	C	12211	6883	38	1	1	25	8.18867e-05	12212	1	FALSE	ORF1ab:cds-YP_009724389.1	CTC	L	CCC	P	2675
NC_045512.2	8289	T	C	12211	6883	38	1	1	25	8.18867e-05	12212	1	FALSE	ORF1ab:cds-YP_009725295.1	CTC	L	CCC	P	2675
NC_045512.2	8290	C	T	12144	6836	38	1	0	37	8.23384e-05	12145	0.999878	FALSE	ORF1ab:cds-YP_009724389.1	CTC	L	CTT	L	2675
NC_045512.2	8290	C	T	12144	6836	38	1	0	37	8.23384e-05	12145	0.999878	FALSE	ORF1ab:cds-YP_009725295.1	CTC	L	CTT	L	2675
NC_045512.2	8291	A	T	12153	6848	38	2	0	37	0.000164514	12157	0.999087	FALSE	ORF1ab:cds-YP_009724389.1	ACC	T	TCC	S	2676
NC_045512.2	8291	A	T	12153	6848	38	2	0	37	0.000164514	12157	0.999087	FALSE	ORF1ab:cds-YP_009725295.1	ACC	T	TCC	S	2676
NC_045512.2	8291	A	G	12153	6848	38	2	1	31	0.000164514	12157	0.999087	FALSE	ORF1ab:cds-YP_009724389.1	ACC	T	GCC	A	2676
NC_045512.2	8291	A	G	12153	6848	38	2	1	31	0.000164514	12157	0.999087	FALSE	ORF1ab:cds-YP_009725295.1	ACC	T	GCC	A	2676
NC_045512.2	8292	C	G	12431	6831	38	1	1	37	8.04376e-05	12432	0.999878	FALSE	ORF1ab:cds-YP_009724389.1	ACC	T	AGC	S	2676
NC_045512.2	8292	C	G	12431	6831	38	1	1	37	8.04376e-05	12432	0.999878	FALSE	ORF1ab:cds-YP_009725295.1	ACC	T	AGC	S	2676
NC_045512.2	8293	C	G	12512	6841	38	1	1	37	7.99041e-05	12515	0.999878	FALSE	ORF1ab:cds-YP_009724389.1	ACC	T	ACG	T	2676
NC_045512.2	8293	C	G	12512	6841	38	1	1	37	7.99041e-05	12515	0.999878	FALSE	ORF1ab:cds-YP_009725295.1	ACC	T	ACG	T	2676
NC_045512.2	8293	C	A	12512	6841	38	2	0	31	0.000159808	12515	0.999087	FALSE	ORF1ab:cds-YP_009724389.1	ACC	T	ACA	T	2676
NC_045512.2	8293	C	A	12512	6841	38	2	0	31	0.000159808	12515	0.999087	FALSE	ORF1ab:cds-YP_009725295.1	ACC	T	ACA	T	2676
NC_045512.2	8294	T	C	12318	6682	38	3	2	37	0.000243408	12325	0.996311	FALSE	ORF1ab:cds-YP_009724389.1	TAT	Y	CAT	H	2677
NC_045512.2	8294	T	C	12318	6682	38	3	2	37	0.000243408	12325	0.996311	FALSE	ORF1ab:cds-YP_009725295.1	TAT	Y	CAT	H	2677
NC_045512.2	8294	T	A	12318	6682	38	4	0	37	0.000324544	12325	0.989376	FALSE	ORF1ab:cds-YP_009724389.1	TAT	Y	AAT	N	2677
NC_045512.2	8294	T	A	12318	6682	38	4	0	37	0.000324544	12325	0.989376	FALSE	ORF1ab:cds-YP_009725295.1	TAT	Y	AAT	N	2677
NC_045512.2	8295	A	T	12227	6527	37	1	1	37	8.17327e-05	12235	0.999878	FALSE	ORF1ab:cds-YP_009724389.1	TAT	Y	TTT	F	2677
NC_045512.2	8295	A	T	12227	6527	37	1	1	37	8.17327e-05	12235	0.999878	FALSE	ORF1ab:cds-YP_009725295.1	TAT	Y	TTT	F	2677
NC_045512.2	8295	A	G	12227	6527	37	3	1	37	0.000245198	12235	0.996309	FALSE	ORF1ab:cds-YP_009724389.1	TAT	Y	TGT	C	2677
NC_045512.2	8295	A	G	12227	6527	37	3	1	37	0.000245198	12235	0.996309	FALSE	ORF1ab:cds-YP_009725295.1	TAT	Y	TGT	C	2677
NC_045512.2	8295	A	C	12227	6527	37	4	4	31	0.000326931	12235	0.989371	FALSE	ORF1ab:cds-YP_009724389.1	TAT	Y	TCT	S	2677
NC_045512.2	8295	A	C	12227	6527	37	4	4	31	0.000326931	12235	0.989371	FALSE	ORF1ab:cds-YP_009725295.1	TAT	Y	TCT	S	2677
NC_045512.2	8296	T	G	12467	6790	38	7	7	30	0.000560987	12478	0.916466	FALSE	ORF1ab:cds-YP_009724389.1	TAT	Y	TAG	*	2677
NC_045512.2	8296	T	G	12467	6790	38	7	7	30	0.000560987	12478	0.916466	FALSE	ORF1ab:cds-YP_009725295.1	TAT	Y	TAG	*	2677
NC_045512.2	8296	T	C	12467	6790	38	3	1	33	0.000240423	12478	0.996304	FALSE	ORF1ab:cds-YP_009724389.1	TAT	Y	TAC	Y	2677
NC_045512.2	8296	T	C	12467	6790	38	3	1	33	0.000240423	12478	0.996304	FALSE	ORF1ab:cds-YP_009725295.1	TAT	Y	TAC	Y	2677
NC_045512.2	8296	T	A	12467	6790	38	1	0	25	8.0141e-05	12478	1	FALSE	ORF1ab:cds-YP_009724389.1	TAT	Y	TAA	*	2677
NC_045512.2	8296	T	A	12467	6790	38	1	0	25	8.0141e-05	12478	1	FALSE	ORF1ab:cds-YP_009725295.1	TAT	Y	TAA	*	2677
NC_045512.2	8297	A	G	12324	6698	38	2	2	37	0.000162206	12330	0.999086	FALSE	ORF1ab:cds-YP_009724389.1	AAC	N	GAC	D	2678
NC_045512.2	8297	A	G	12324	6698	38	2	2	37	0.000162206	12330	0.999086	FALSE	ORF1ab:cds-YP_009725295.1	AAC	N	GAC	D	2678
NC_045512.2	8297	A	C	12324	6698	38	4	3	31	0.000324412	12330	0.98938	FALSE	ORF1ab:cds-YP_009724389.1	AAC	N	CAC	H	2678
NC_045512.2	8297	A	C	12324	6698	38	4	3	31	0.000324412	12330	0.98938	FALSE	ORF1ab:cds-YP_009725295.1	AAC	N	CAC	H	2678
NC_045512.2	8298	A	T	11994	6310	37	1	0	37	8.32501e-05	12012	0.999877	FALSE	ORF1ab:cds-YP_009724389.1	AAC	N	ATC	I	2678
NC_045512.2	8298	A	T	11994	6310	37	1	0	37	8.32501e-05	12012	0.999877	FALSE	ORF1ab:cds-YP_009725295.1	AAC	N	ATC	I	2678
NC_045512.2	8298	A	G	11994	6310	37	1	1	37	8.32501e-05	12012	0.999877	FALSE	ORF1ab:cds-YP_009724389.1	AAC	N	AGC	S	2678
NC_045512.2	8298	A	G	11994	6310	37	1	1	37	8.32501e-05	12012	0.999877	FALSE	ORF1ab:cds-YP_009725295.1	AAC	N	AGC	S	2678
NC_045512.2	8298	A	C	11994	6310	37	16	16	31	0.001332	12012	0.285605	FALSE	ORF1ab:cds-YP_009724389.1	AAC	N	ACC	T	2678
NC_045512.2	8298	A	C	11994	6310	37	16	16	31	0.001332	12012	0.285605	FALSE	ORF1ab:cds-YP_009725295.1	AAC	N	ACC	T	2678
NC_045512.2	8299	C	T	12687	7197	38	1	0	37	7.88022e-05	12690	0.999878	FALSE	ORF1ab:cds-YP_009724389.1	AAC	N	AAT	N	2678
NC_045512.2	8299	C	T	12687	7197	38	1	0	37	7.88022e-05	12690	0.999878	FALSE	ORF1ab:cds-YP_009725295.1	AAC	N	AAT	N	2678
NC_045512.2	8299	C	A	12687	7197	38	2	1	31	0.000157604	12690	0.999087	FALSE	ORF1ab:cds-YP_009724389.1	AAC	N	AAA	K	2678
NC_045512.2	8299	C	A	12687	7197	38	2	1	31	0.000157604	12690	0.999087	FALSE	ORF1ab:cds-YP_009725295.1	AAC	N	AAA	K	2678
NC_045512.2	8300	A	T	12432	6853	38	1	1	25	8.04182e-05	12435	1	FALSE	ORF1ab:cds-YP_009724389.1	AAA	K	TAA	*	2679
NC_045512.2	8300	A	T	12432	6853	38	1	1	25	8.04182e-05	12435	1	FALSE	ORF1ab:cds-YP_009725295.1	AAA	K	TAA	*	2679
NC_045512.2	8300	A	G	12432	6853	38	1	0	37	8.04182e-05	12435	0.999878	FALSE	ORF1ab:cds-YP_009724389.1	AAA	K	GAA	E	2679
NC_045512.2	8300	A	G	12432	6853	38	1	0	37	8.04182e-05	12435	0.999878	FALSE	ORF1ab:cds-YP_009725295.1	AAA	K	GAA	E	2679
NC_045512.2	8300	A	C	12432	6853	38	1	0	37	8.04182e-05	12435	0.999878	FALSE	ORF1ab:cds-YP_009724389.1	AAA	K	CAA	Q	2679
NC_045512.2	8300	A	C	12432	6853	38	1	0	37	8.04182e-05	12435	0.999878	FALSE	ORF1ab:cds-YP_009725295.1	AAA	K	CAA	Q	2679
NC_045512.2	8301	A	C	12072	6606	38	3	3	25	0.000248447	12075	1	FALSE	ORF1ab:cds-YP_009724389.1	AAA	K	ACA	T	2679
NC_045512.2	8301	A	C	12072	6606	38	3	3	25	0.000248447	12075	1	FALSE	ORF1ab:cds-YP_009725295.1	AAA	K	ACA	T	2679
NC_045512.2	8302	A	T	12042	6581	38	1	1	37	8.29738e-05	12052	0.999878	FALSE	ORF1ab:cds-YP_009724389.1	AAA	K	AAT	N	2679
NC_045512.2	8302	A	T	12042	6581	38	1	1	37	8.29738e-05	12052	0.999878	FALSE	ORF1ab:cds-YP_009725295.1	AAA	K	AAT	N	2679
NC_045512.2	8302	A	G	12042	6581	38	5	4	29	0.000414869	12052	1	FALSE	ORF1ab:cds-YP_009724389.1	AAA	K	AAG	K	2679
NC_045512.2	8302	A	G	12042	6581	38	5	4	29	0.000414869	12052	1	FALSE	ORF1ab:cds-YP_009725295.1	AAA	K	AAG	K	2679
NC_045512.2	8302	A	C	12042	6581	38	4	4	26	0.000331895	12052	1	FALSE	ORF1ab:cds-YP_009724389.1	AAA	K	AAC	N	2679
NC_045512.2	8302	A	C	12042	6581	38	4	4	26	0.000331895	12052	1	FALSE	ORF1ab:cds-YP_009725295.1	AAA	K	AAC	N	2679
NC_045512.2	8303	G	T	12207	6617	37	2	1	37	0.0001638	12210	0.999087	FALSE	ORF1ab:cds-YP_009724389.1	GTT	V	TTT	F	2680
NC_045512.2	8303	G	T	12207	6617	37	2	1	37	0.0001638	12210	0.999087	FALSE	ORF1ab:cds-YP_009725295.1	GTT	V	TTT	F	2680
NC_045512.2	8303	G	A	12207	6617	37	1	1	37	8.19001e-05	12210	0.999878	FALSE	ORF1ab:cds-YP_009724389.1	GTT	V	ATT	I	2680
NC_045512.2	8303	G	A	12207	6617	37	1	1	37	8.19001e-05	12210	0.999878	FALSE	ORF1ab:cds-YP_009725295.1	GTT	V	ATT	I	2680
NC_045512.2	8304	T	G	12219	6786	38	1	0	25	8.18264e-05	12221	1	FALSE	ORF1ab:cds-YP_009724389.1	GTT	V	GGT	G	2680
NC_045512.2	8304	T	G	12219	6786	38	1	0	25	8.18264e-05	12221	1	FALSE	ORF1ab:cds-YP_009725295.1	GTT	V	GGT	G	2680
NC_045512.2	8304	T	C	12219	6786	38	1	1	25	8.18264e-05	12221	1	FALSE	ORF1ab:cds-YP_009724389.1	GTT	V	GCT	A	2680
NC_045512.2	8304	T	C	12219	6786	38	1	1	25	8.18264e-05	12221	1	FALSE	ORF1ab:cds-YP_009725295.1	GTT	V	GCT	A	2680
NC_045512.2	8305	T	C	12417	6855	38	3	2	37	0.000241546	12420	0.996317	FALSE	ORF1ab:cds-YP_009724389.1	GTT	V	GTC	V	2680
NC_045512.2	8305	T	C	12417	6855	38	3	2	37	0.000241546	12420	0.996317	FALSE	ORF1ab:cds-YP_009725295.1	GTT	V	GTC	V	2680
NC_045512.2	8306	G	T	12841	7339	39	1	0	25	7.78574e-05	12844	1	FALSE	ORF1ab:cds-YP_009724389.1	GAA	E	TAA	*	2681
NC_045512.2	8306	G	T	12841	7339	39	1	0	25	7.78574e-05	12844	1	FALSE	ORF1ab:cds-YP_009725295.1	GAA	E	TAA	*	2681
NC_045512.2	8306	G	A	12841	7339	39	2	1	37	0.000155715	12844	0.999087	FALSE	ORF1ab:cds-YP_009724389.1	GAA	E	AAA	K	2681
NC_045512.2	8306	G	A	12841	7339	39	2	1	37	0.000155715	12844	0.999087	FALSE	ORF1ab:cds-YP_009725295.1	GAA	E	AAA	K	2681
NC_045512.2	8306	G	-A	12841	7339	39	4	0	20	0.000311429	12844	1	FALSE	NA	NA	NA	NA	NA	NA
NC_045512.2	8307	A	G	12801	7398	39	3	2	37	0.000234302	12804	0.996311	FALSE	ORF1ab:cds-YP_009724389.1	GAA	E	GGA	G	2681
NC_045512.2	8307	A	G	12801	7398	39	3	2	37	0.000234302	12804	0.996311	FALSE	ORF1ab:cds-YP_009725295.1	GAA	E	GGA	G	2681
NC_045512.2	8308	A	T	12742	7302	39	2	1	37	0.000156912	12746	0.999086	FALSE	ORF1ab:cds-YP_009724389.1	GAA	E	GAT	D	2681
NC_045512.2	8308	A	T	12742	7302	39	2	1	37	0.000156912	12746	0.999086	FALSE	ORF1ab:cds-YP_009725295.1	GAA	E	GAT	D	2681
NC_045512.2	8308	A	G	12742	7302	39	1	0	37	7.8456e-05	12746	0.999878	FALSE	ORF1ab:cds-YP_009724389.1	GAA	E	GAG	E	2681
NC_045512.2	8308	A	G	12742	7302	39	1	0	37	7.8456e-05	12746	0.999878	FALSE	ORF1ab:cds-YP_009725295.1	GAA	E	GAG	E	2681
NC_045512.2	8308	A	C	12742	7302	39	1	1	25	7.8456e-05	12746	1	FALSE	ORF1ab:cds-YP_009724389.1	GAA	E	GAC	D	2681
NC_045512.2	8308	A	C	12742	7302	39	1	1	25	7.8456e-05	12746	1	FALSE	ORF1ab:cds-YP_009725295.1	GAA	E	GAC	D	2681
NC_045512.2	8309	A	G	12283	7400	38	2	1	31	0.000162787	12286	0.999087	FALSE	ORF1ab:cds-YP_009724389.1	AAC	N	GAC	D	2682
NC_045512.2	8309	A	G	12283	7400	38	2	1	31	0.000162787	12286	0.999087	FALSE	ORF1ab:cds-YP_009725295.1	AAC	N	GAC	D	2682
NC_045512.2	8309	A	C	12283	7400	38	1	1	25	8.13935e-05	12286	1	FALSE	ORF1ab:cds-YP_009724389.1	AAC	N	CAC	H	2682
NC_045512.2	8309	A	C	12283	7400	38	1	1	25	8.13935e-05	12286	1	FALSE	ORF1ab:cds-YP_009725295.1	AAC	N	CAC	H	2682
NC_045512.2	8310	A	T	12153	7363	37	1	0	25	8.22639e-05	12156	1	FALSE	ORF1ab:cds-YP_009724389.1	AAC	N	ATC	I	2682
NC_045512.2	8310	A	T	12153	7363	37	1	0	25	8.22639e-05	12156	1	FALSE	ORF1ab:cds-YP_009725295.1	AAC	N	ATC	I	2682
NC_045512.2	8310	A	G	12153	7363	37	1	0	37	8.22639e-05	12156	0.999878	FALSE	ORF1ab:cds-YP_009724389.1	AAC	N	AGC	S	2682
NC_045512.2	8310	A	G	12153	7363	37	1	0	37	8.22639e-05	12156	0.999878	FALSE	ORF1ab:cds-YP_009725295.1	AAC	N	AGC	S	2682
NC_045512.2	8310	A	C	12153	7363	37	1	1	37	8.22639e-05	12156	0.999878	FALSE	ORF1ab:cds-YP_009724389.1	AAC	N	ACC	T	2682
NC_045512.2	8310	A	C	12153	7363	37	1	1	37	8.22639e-05	12156	0.999878	FALSE	ORF1ab:cds-YP_009725295.1	AAC	N	ACC	T	2682
NC_045512.2	8311	C	T	12730	7647	38	1	0	25	7.85484e-05	12731	1	FALSE	ORF1ab:cds-YP_009724389.1	AAC	N	AAT	N	2682
NC_045512.2	8311	C	T	12730	7647	38	1	0	25	7.85484e-05	12731	1	FALSE	ORF1ab:cds-YP_009725295.1	AAC	N	AAT	N	2682
NC_045512.2	8312	A	T	12412	7312	38	1	1	37	8.05412e-05	12416	0.999878	FALSE	ORF1ab:cds-YP_009724389.1	ATG	M	TTG	L	2683
NC_045512.2	8312	A	T	12412	7312	38	1	1	37	8.05412e-05	12416	0.999878	FALSE	ORF1ab:cds-YP_009725295.1	ATG	M	TTG	L	2683
NC_045512.2	8312	A	G	12412	7312	38	3	1	33	0.000241624	12416	0.996316	FALSE	ORF1ab:cds-YP_009724389.1	ATG	M	GTG	V	2683
NC_045512.2	8312	A	G	12412	7312	38	3	1	33	0.000241624	12416	0.996316	FALSE	ORF1ab:cds-YP_009725295.1	ATG	M	GTG	V	2683
NC_045512.2	8313	T	G	12273	7120	38	1	0	37	8.14266e-05	12281	0.999878	FALSE	ORF1ab:cds-YP_009724389.1	ATG	M	AGG	R	2683
NC_045512.2	8313	T	G	12273	7120	38	1	0	37	8.14266e-05	12281	0.999878	FALSE	ORF1ab:cds-YP_009725295.1	ATG	M	AGG	R	2683
NC_045512.2	8313	T	C	12273	7120	38	5	5	37	0.000407133	12281	0.975498	FALSE	ORF1ab:cds-YP_009724389.1	ATG	M	ACG	T	2683
NC_045512.2	8313	T	C	12273	7120	38	5	5	37	0.000407133	12281	0.975498	FALSE	ORF1ab:cds-YP_009725295.1	ATG	M	ACG	T	2683
NC_045512.2	8313	T	A	12273	7120	38	2	0	25	0.000162853	12281	1	FALSE	ORF1ab:cds-YP_009724389.1	ATG	M	AAG	K	2683
NC_045512.2	8313	T	A	12273	7120	38	2	0	25	0.000162853	12281	1	FALSE	ORF1ab:cds-YP_009725295.1	ATG	M	AAG	K	2683
NC_045512.2	8314	G	A	12575	7506	38	1	0	37	7.95165e-05	12576	0.999878	FALSE	ORF1ab:cds-YP_009724389.1	ATG	M	ATA	I	2683
NC_045512.2	8314	G	A	12575	7506	38	1	0	37	7.95165e-05	12576	0.999878	FALSE	ORF1ab:cds-YP_009725295.1	ATG	M	ATA	I	2683
NC_045512.2	8315	A	G	12385	7405	38	5	3	37	0.000403486	12392	0.975508	FALSE	ORF1ab:cds-YP_009724389.1	ACA	T	GCA	A	2684
NC_045512.2	8315	A	G	12385	7405	38	5	3	37	0.000403486	12392	0.975508	FALSE	ORF1ab:cds-YP_009725295.1	ACA	T	GCA	A	2684
NC_045512.2	8315	A	C	12385	7405	38	2	2	33	0.000161394	12392	0.999085	FALSE	ORF1ab:cds-YP_009724389.1	ACA	T	CCA	P	2684
NC_045512.2	8315	A	C	12385	7405	38	2	2	33	0.000161394	12392	0.999085	FALSE	ORF1ab:cds-YP_009725295.1	ACA	T	CCA	P	2684
NC_045512.2	8316	C	T	12790	7829	38	1	1	37	7.818e-05	12791	0.999878	FALSE	ORF1ab:cds-YP_009724389.1	ACA	T	ATA	I	2684
NC_045512.2	8316	C	T	12790	7829	38	1	1	37	7.818e-05	12791	0.999878	FALSE	ORF1ab:cds-YP_009725295.1	ACA	T	ATA	I	2684
NC_045512.2	8317	A	G	12234	7329	38	2	2	37	0.000163452	12236	0.999087	FALSE	ORF1ab:cds-YP_009724389.1	ACA	T	ACG	T	2684
NC_045512.2	8317	A	G	12234	7329	38	2	2	37	0.000163452	12236	0.999087	FALSE	ORF1ab:cds-YP_009725295.1	ACA	T	ACG	T	2684
NC_045512.2	8317	A	-C	12234	7329	38	1	0	20	8.17261e-05	12236	1	FALSE	NA	NA	NA	NA	NA	NA
NC_045512.2	8317	A	+G	12234	7329	38	1	0	20	8.17261e-05	12236	1	FALSE	NA	NA	NA	NA	NA	NA
NC_045512.2	8318	C	G	13047	7832	38	4	4	37	0.00030649	13051	0.993651	FALSE	ORF1ab:cds-YP_009724389.1	CCC	P	GCC	A	2685
NC_045512.2	8318	C	G	13047	7832	38	4	4	37	0.00030649	13051	0.993651	FALSE	ORF1ab:cds-YP_009725295.1	CCC	P	GCC	A	2685
NC_045512.2	8319	C	T	12883	7534	38	2	0	37	0.000155207	12886	0.999087	FALSE	ORF1ab:cds-YP_009724389.1	CCC	P	CTC	L	2685
NC_045512.2	8319	C	T	12883	7534	38	2	0	37	0.000155207	12886	0.999087	FALSE	ORF1ab:cds-YP_009725295.1	CCC	P	CTC	L	2685
NC_045512.2	8319	C	G	12883	7534	38	1	0	37	7.76036e-05	12886	0.999878	FALSE	ORF1ab:cds-YP_009724389.1	CCC	P	CGC	R	2685
NC_045512.2	8319	C	G	12883	7534	38	1	0	37	7.76036e-05	12886	0.999878	FALSE	ORF1ab:cds-YP_009725295.1	CCC	P	CGC	R	2685
NC_045512.2	8321	C	T	12673	7309	38	2	1	37	0.000157729	12680	0.999085	FALSE	ORF1ab:cds-YP_009724389.1	CGT	R	TGT	C	2686
NC_045512.2	8321	C	T	12673	7309	38	2	1	37	0.000157729	12680	0.999085	FALSE	ORF1ab:cds-YP_009725295.1	CGT	R	TGT	C	2686
NC_045512.2	8321	C	A	12673	7309	38	5	4	32	0.000394322	12680	0.975507	FALSE	ORF1ab:cds-YP_009724389.1	CGT	R	AGT	S	2686
NC_045512.2	8321	C	A	12673	7309	38	5	4	32	0.000394322	12680	0.975507	FALSE	ORF1ab:cds-YP_009725295.1	CGT	R	AGT	S	2686
NC_045512.2	8322	G	A	12910	7609	38	12	5	36	0.000928649	12922	0.580702	FALSE	ORF1ab:cds-YP_009724389.1	CGT	R	CAT	H	2686
NC_045512.2	8322	G	A	12910	7609	38	12	5	36	0.000928649	12922	0.580702	FALSE	ORF1ab:cds-YP_009725295.1	CGT	R	CAT	H	2686
NC_045512.2	8323	T	G	12567	7457	38	3	2	33	0.000238531	12577	0.996306	FALSE	ORF1ab:cds-YP_009724389.1	CGT	R	CGG	R	2686
NC_045512.2	8323	T	G	12567	7457	38	3	2	33	0.000238531	12577	0.996306	FALSE	ORF1ab:cds-YP_009725295.1	CGT	R	CGG	R	2686
NC_045512.2	8323	T	C	12567	7457	38	6	2	33	0.000477061	12577	0.951882	FALSE	ORF1ab:cds-YP_009724389.1	CGT	R	CGC	R	2686
NC_045512.2	8323	T	C	12567	7457	38	6	2	33	0.000477061	12577	0.951882	FALSE	ORF1ab:cds-YP_009725295.1	CGT	R	CGC	R	2686
NC_045512.2	8323	T	A	12567	7457	38	1	0	25	7.95102e-05	12577	1	FALSE	ORF1ab:cds-YP_009724389.1	CGT	R	CGA	R	2686
NC_045512.2	8323	T	A	12567	7457	38	1	0	25	7.95102e-05	12577	1	FALSE	ORF1ab:cds-YP_009725295.1	CGT	R	CGA	R	2686
NC_045512.2	8324	G	A	13094	7791	39	1	1	37	7.6365e-05	13095	0.999939	FALSE	ORF1ab:cds-YP_009724389.1	GAC	D	AAC	N	2687
NC_045512.2	8324	G	A	13094	7791	39	1	1	37	7.6365e-05	13095	0.999939	FALSE	ORF1ab:cds-YP_009725295.1	GAC	D	AAC	N	2687
NC_045512.2	8325	A	G	12958	7702	38	3	2	37	0.000231464	12961	0.996317	FALSE	ORF1ab:cds-YP_009724389.1	GAC	D	GGC	G	2687
NC_045512.2	8325	A	G	12958	7702	38	3	2	37	0.000231464	12961	0.996317	FALSE	ORF1ab:cds-YP_009725295.1	GAC	D	GGC	G	2687
NC_045512.2	8326	C	T	13159	7819	38	1	1	37	7.59821e-05	13161	0.999939	FALSE	ORF1ab:cds-YP_009724389.1	GAC	D	GAT	D	2687
NC_045512.2	8326	C	T	13159	7819	38	1	1	37	7.59821e-05	13161	0.999939	FALSE	ORF1ab:cds-YP_009725295.1	GAC	D	GAT	D	2687
NC_045512.2	8326	C	A	13159	7819	38	1	0	37	7.59821e-05	13161	0.999939	FALSE	ORF1ab:cds-YP_009724389.1	GAC	D	GAA	E	2687
NC_045512.2	8326	C	A	13159	7819	38	1	0	37	7.59821e-05	13161	0.999939	FALSE	ORF1ab:cds-YP_009725295.1	GAC	D	GAA	E	2687
NC_045512.2	8327	C	T	12411	7573	38	1	0	37	8.05607e-05	12413	0.999878	FALSE	ORF1ab:cds-YP_009724389.1	CTT	L	TTT	F	2688
NC_045512.2	8327	C	T	12411	7573	38	1	0	37	8.05607e-05	12413	0.999878	FALSE	ORF1ab:cds-YP_009725295.1	CTT	L	TTT	F	2688
NC_045512.2	8327	C	A	12411	7573	38	1	1	37	8.05607e-05	12413	0.999878	FALSE	ORF1ab:cds-YP_009724389.1	CTT	L	ATT	I	2688
NC_045512.2	8327	C	A	12411	7573	38	1	1	37	8.05607e-05	12413	0.999878	FALSE	ORF1ab:cds-YP_009725295.1	CTT	L	ATT	I	2688
NC_045512.2	8328	T	C	11804	7091	38	2	2	55	0.000169405	11806	0.250011	FALSE	ORF1ab:cds-YP_009724389.1	CTT	L	CCT	P	2688
NC_045512.2	8328	T	C	11804	7091	38	2	2	55	0.000169405	11806	0.250011	FALSE	ORF1ab:cds-YP_009725295.1	CTT	L	CCT	P	2688
NC_045512.2	8329	T	G	11685	6992	37	3	1	26	0.000256608	11691	1	FALSE	ORF1ab:cds-YP_009724389.1	CTT	L	CTG	L	2688
NC_045512.2	8329	T	G	11685	6992	37	3	1	26	0.000256608	11691	1	FALSE	ORF1ab:cds-YP_009725295.1	CTT	L	CTG	L	2688
NC_045512.2	8329	T	C	11685	6992	37	2	1	37	0.000171072	11691	0.998293	FALSE	ORF1ab:cds-YP_009724389.1	CTT	L	CTC	L	2688
NC_045512.2	8329	T	C	11685	6992	37	2	1	37	0.000171072	11691	0.998293	FALSE	ORF1ab:cds-YP_009725295.1	CTT	L	CTC	L	2688
NC_045512.2	8329	T	A	11685	6992	37	1	1	37	8.55359e-05	11691	0.999756	FALSE	ORF1ab:cds-YP_009724389.1	CTT	L	CTA	L	2688
NC_045512.2	8329	T	A	11685	6992	37	1	1	37	8.55359e-05	11691	0.999756	FALSE	ORF1ab:cds-YP_009725295.1	CTT	L	CTA	L	2688
NC_045512.2	8330	G	C	12118	7250	38	1	0	37	8.25014e-05	12121	0.999878	FALSE	ORF1ab:cds-YP_009724389.1	GGT	G	CGT	R	2689
NC_045512.2	8330	G	C	12118	7250	38	1	0	37	8.25014e-05	12121	0.999878	FALSE	ORF1ab:cds-YP_009725295.1	GGT	G	CGT	R	2689
NC_045512.2	8330	G	A	12118	7250	38	2	1	37	0.000165003	12121	0.999087	FALSE	ORF1ab:cds-YP_009724389.1	GGT	G	AGT	S	2689
NC_045512.2	8330	G	A	12118	7250	38	2	1	37	0.000165003	12121	0.999087	FALSE	ORF1ab:cds-YP_009725295.1	GGT	G	AGT	S	2689
NC_045512.2	8331	G	T	12189	7319	38	1	1	25	8.20345e-05	12190	1	FALSE	ORF1ab:cds-YP_009724389.1	GGT	G	GTT	V	2689
NC_045512.2	8331	G	T	12189	7319	38	1	1	25	8.20345e-05	12190	1	FALSE	ORF1ab:cds-YP_009725295.1	GGT	G	GTT	V	2689
NC_045512.2	8332	T	C	12154	7275	38	2	0	37	0.000164528	12156	0.999087	FALSE	ORF1ab:cds-YP_009724389.1	GGT	G	GGC	G	2689
NC_045512.2	8332	T	C	12154	7275	38	2	0	37	0.000164528	12156	0.999087	FALSE	ORF1ab:cds-YP_009725295.1	GGT	G	GGC	G	2689
NC_045512.2	8333	G	A	12125	7236	38	1	0	37	8.24674e-05	12126	0.999878	FALSE	ORF1ab:cds-YP_009724389.1	GCT	A	ACT	T	2690
NC_045512.2	8333	G	A	12125	7236	38	1	0	37	8.24674e-05	12126	0.999878	FALSE	ORF1ab:cds-YP_009725295.1	GCT	A	ACT	T	2690
NC_045512.2	8334	C	T	11369	6524	37	4	1	37	0.00035171	11373	0.982458	FALSE	ORF1ab:cds-YP_009724389.1	GCT	A	GTT	V	2690
NC_045512.2	8334	C	T	11369	6524	37	4	1	37	0.00035171	11373	0.982458	FALSE	ORF1ab:cds-YP_009725295.1	GCT	A	GTT	V	2690
NC_045512.2	8335	T	G	11571	6782	38	1	1	25	8.6326e-05	11584	1	FALSE	ORF1ab:cds-YP_009724389.1	GCT	A	GCG	A	2690
NC_045512.2	8335	T	G	11571	6782	38	1	1	25	8.6326e-05	11584	1	FALSE	ORF1ab:cds-YP_009725295.1	GCT	A	GCG	A	2690
NC_045512.2	8335	T	C	11571	6782	38	7	2	37	0.000604282	11584	0.880966	FALSE	ORF1ab:cds-YP_009724389.1	GCT	A	GCC	A	2690
NC_045512.2	8335	T	C	11571	6782	38	7	2	37	0.000604282	11584	0.880966	FALSE	ORF1ab:cds-YP_009725295.1	GCT	A	GCC	A	2690
NC_045512.2	8335	T	A	11571	6782	38	5	3	37	0.00043163	11584	0.961543	FALSE	ORF1ab:cds-YP_009724389.1	GCT	A	GCA	A	2690
NC_045512.2	8335	T	A	11571	6782	38	5	3	37	0.00043163	11584	0.961543	FALSE	ORF1ab:cds-YP_009725295.1	GCT	A	GCA	A	2690
NC_045512.2	8336	T	C	11757	6913	38	3	2	37	0.000255037	11763	0.993537	FALSE	ORF1ab:cds-YP_009724389.1	TGT	C	CGT	R	2691
NC_045512.2	8336	T	C	11757	6913	38	3	2	37	0.000255037	11763	0.993537	FALSE	ORF1ab:cds-YP_009725295.1	TGT	C	CGT	R	2691
NC_045512.2	8336	T	A	11757	6913	38	3	1	33	0.000255037	11763	0.993537	FALSE	ORF1ab:cds-YP_009724389.1	TGT	C	AGT	S	2691
NC_045512.2	8336	T	A	11757	6913	38	3	1	33	0.000255037	11763	0.993537	FALSE	ORF1ab:cds-YP_009725295.1	TGT	C	AGT	S	2691
NC_045512.2	8337	G	A	11884	6938	39	2	0	55	0.000168265	11886	0.250011	FALSE	ORF1ab:cds-YP_009724389.1	TGT	C	TAT	Y	2691
NC_045512.2	8337	G	A	11884	6938	39	2	0	55	0.000168265	11886	0.250011	FALSE	ORF1ab:cds-YP_009725295.1	TGT	C	TAT	Y	2691
NC_045512.2	8338	T	G	11898	7095	38	2	0	25	0.000168053	11901	1	FALSE	ORF1ab:cds-YP_009724389.1	TGT	C	TGG	W	2691
NC_045512.2	8338	T	G	11898	7095	38	2	0	25	0.000168053	11901	1	FALSE	ORF1ab:cds-YP_009725295.1	TGT	C	TGG	W	2691
NC_045512.2	8338	T	A	11898	7095	38	1	0	25	8.40266e-05	11901	1	FALSE	ORF1ab:cds-YP_009724389.1	TGT	C	TGA	*	2691
NC_045512.2	8338	T	A	11898	7095	38	1	0	25	8.40266e-05	11901	1	FALSE	ORF1ab:cds-YP_009725295.1	TGT	C	TGA	*	2691
NC_045512.2	8340	T	G	11891	7154	38	2	0	25	0.000168166	11893	1	FALSE	ORF1ab:cds-YP_009724389.1	ATT	I	AGT	S	2692
NC_045512.2	8340	T	G	11891	7154	38	2	0	25	0.000168166	11893	1	FALSE	ORF1ab:cds-YP_009725295.1	ATT	I	AGT	S	2692
NC_045512.2	8341	T	G	11887	7113	38	1	1	25	8.41114e-05	11889	1	FALSE	ORF1ab:cds-YP_009724389.1	ATT	I	ATG	M	2692
NC_045512.2	8341	T	G	11887	7113	38	1	1	25	8.41114e-05	11889	1	FALSE	ORF1ab:cds-YP_009725295.1	ATT	I	ATG	M	2692
NC_045512.2	8341	T	A	11887	7113	38	1	1	37	8.41114e-05	11889	0.999757	FALSE	ORF1ab:cds-YP_009724389.1	ATT	I	ATA	I	2692
NC_045512.2	8341	T	A	11887	7113	38	1	1	37	8.41114e-05	11889	0.999757	FALSE	ORF1ab:cds-YP_009725295.1	ATT	I	ATA	I	2692
NC_045512.2	8343	A	T	11600	6935	38	1	0	25	8.61846e-05	11603	1	FALSE	ORF1ab:cds-YP_009724389.1	GAC	D	GTC	V	2693
NC_045512.2	8343	A	T	11600	6935	38	1	0	25	8.61846e-05	11603	1	FALSE	ORF1ab:cds-YP_009725295.1	GAC	D	GTC	V	2693
NC_045512.2	8343	A	G	11600	6935	38	2	1	37	0.000172369	11603	0.998295	FALSE	ORF1ab:cds-YP_009724389.1	GAC	D	GGC	G	2693
NC_045512.2	8343	A	G	11600	6935	38	2	1	37	0.000172369	11603	0.998295	FALSE	ORF1ab:cds-YP_009725295.1	GAC	D	GGC	G	2693
NC_045512.2	8345	T	G	11265	6717	38	4	1	25	0.000354862	11272	1	FALSE	ORF1ab:cds-YP_009724389.1	TGT	C	GGT	G	2694
NC_045512.2	8345	T	G	11265	6717	38	4	1	25	0.000354862	11272	1	FALSE	ORF1ab:cds-YP_009725295.1	TGT	C	GGT	G	2694
NC_045512.2	8345	T	C	11265	6717	38	3	3	37	0.000266146	11272	0.993535	FALSE	ORF1ab:cds-YP_009724389.1	TGT	C	CGT	R	2694
NC_045512.2	8345	T	C	11265	6717	38	3	3	37	0.000266146	11272	0.993535	FALSE	ORF1ab:cds-YP_009725295.1	TGT	C	CGT	R	2694
NC_045512.2	8346	G	A	11529	6648	38	2	0	37	0.000173445	11531	0.998296	FALSE	ORF1ab:cds-YP_009724389.1	TGT	C	TAT	Y	2694
NC_045512.2	8346	G	A	11529	6648	38	2	0	37	0.000173445	11531	0.998296	FALSE	ORF1ab:cds-YP_009725295.1	TGT	C	TAT	Y	2694
NC_045512.2	8347	T	G	11233	6526	38	3	2	25	0.000266951	11238	1	FALSE	ORF1ab:cds-YP_009724389.1	TGT	C	TGG	W	2694
NC_045512.2	8347	T	G	11233	6526	38	3	2	25	0.000266951	11238	1	FALSE	ORF1ab:cds-YP_009725295.1	TGT	C	TGG	W	2694
NC_045512.2	8347	T	C	11233	6526	38	2	1	31	0.000177968	11238	0.998294	FALSE	ORF1ab:cds-YP_009724389.1	TGT	C	TGC	C	2694
NC_045512.2	8347	T	C	11233	6526	38	2	1	31	0.000177968	11238	0.998294	FALSE	ORF1ab:cds-YP_009725295.1	TGT	C	TGC	C	2694
NC_045512.2	8348	A	G	11183	6409	38	2	1	37	0.000178747	11189	0.998293	FALSE	ORF1ab:cds-YP_009724389.1	AGT	S	GGT	G	2695
NC_045512.2	8348	A	G	11183	6409	38	2	1	37	0.000178747	11189	0.998293	FALSE	ORF1ab:cds-YP_009725295.1	AGT	S	GGT	G	2695
NC_045512.2	8348	A	C	11183	6409	38	4	2	26	0.000357494	11189	1	FALSE	ORF1ab:cds-YP_009724389.1	AGT	S	CGT	R	2695
NC_045512.2	8348	A	C	11183	6409	38	4	2	26	0.000357494	11189	1	FALSE	ORF1ab:cds-YP_009725295.1	AGT	S	CGT	R	2695
NC_045512.2	8350	T	G	10843	6060	39	1	1	37	9.21829e-05	10848	0.999512	FALSE	ORF1ab:cds-YP_009724389.1	AGT	S	AGG	R	2695
NC_045512.2	8350	T	G	10843	6060	39	1	1	37	9.21829e-05	10848	0.999512	FALSE	ORF1ab:cds-YP_009725295.1	AGT	S	AGG	R	2695
NC_045512.2	8350	T	C	10843	6060	39	3	0	37	0.000276549	10848	0.988784	FALSE	ORF1ab:cds-YP_009724389.1	AGT	S	AGC	S	2695
NC_045512.2	8350	T	C	10843	6060	39	3	0	37	0.000276549	10848	0.988784	FALSE	ORF1ab:cds-YP_009725295.1	AGT	S	AGC	S	2695
NC_045512.2	8350	T	A	10843	6060	39	1	1	25	9.21829e-05	10848	1	FALSE	ORF1ab:cds-YP_009724389.1	AGT	S	AGA	R	2695
NC_045512.2	8350	T	A	10843	6060	39	1	1	25	9.21829e-05	10848	1	FALSE	ORF1ab:cds-YP_009725295.1	AGT	S	AGA	R	2695
NC_045512.2	8351	G	T	10502	6168	38	1	1	25	9.51565e-05	10509	1	FALSE	ORF1ab:cds-YP_009724389.1	GCG	A	TCG	S	2696
NC_045512.2	8351	G	T	10502	6168	38	1	1	25	9.51565e-05	10509	1	FALSE	ORF1ab:cds-YP_009725295.1	GCG	A	TCG	S	2696
NC_045512.2	8351	G	A	10502	6168	38	6	3	43	0.000570939	10509	0.0624688	FALSE	ORF1ab:cds-YP_009724389.1	GCG	A	ACG	T	2696
NC_045512.2	8351	G	A	10502	6168	38	6	3	43	0.000570939	10509	0.0624688	FALSE	ORF1ab:cds-YP_009725295.1	GCG	A	ACG	T	2696
NC_045512.2	8352	C	T	10369	6107	38	7	4	40	0.000674569	10377	0.0351299	FALSE	ORF1ab:cds-YP_009724389.1	GCG	A	GTG	V	2696
NC_045512.2	8352	C	T	10369	6107	38	7	4	40	0.000674569	10377	0.0351299	FALSE	ORF1ab:cds-YP_009725295.1	GCG	A	GTG	V	2696
NC_045512.2	8352	C	G	10369	6107	38	1	1	37	9.6367e-05	10377	0.999511	FALSE	ORF1ab:cds-YP_009724389.1	GCG	A	GGG	G	2696
NC_045512.2	8352	C	G	10369	6107	38	1	1	37	9.6367e-05	10377	0.999511	FALSE	ORF1ab:cds-YP_009725295.1	GCG	A	GGG	G	2696
NC_045512.2	8353	G	T	10236	5977	38	1	1	37	9.75895e-05	10247	0.999511	FALSE	ORF1ab:cds-YP_009724389.1	GCG	A	GCT	A	2696
NC_045512.2	8353	G	T	10236	5977	38	1	1	37	9.75895e-05	10247	0.999511	FALSE	ORF1ab:cds-YP_009725295.1	GCG	A	GCT	A	2696
NC_045512.2	8353	G	A	10236	5977	38	10	8	37	0.000975895	10247	0.588142	FALSE	ORF1ab:cds-YP_009724389.1	GCG	A	GCA	A	2696
NC_045512.2	8353	G	A	10236	5977	38	10	8	37	0.000975895	10247	0.588142	FALSE	ORF1ab:cds-YP_009725295.1	GCG	A	GCA	A	2696
NC_045512.2	8354	C	T	10280	6001	38	5	3	32	0.000486145	10285	0.940854	FALSE	ORF1ab:cds-YP_009724389.1	CGT	R	TGT	C	2697
NC_045512.2	8354	C	T	10280	6001	38	5	3	32	0.000486145	10285	0.940854	FALSE	ORF1ab:cds-YP_009725295.1	CGT	R	TGT	C	2697
NC_045512.2	8355	G	A	11162	7058	40	8	6	36	0.000716204	11170	0.820513	FALSE	ORF1ab:cds-YP_009724389.1	CGT	R	CAT	H	2697
NC_045512.2	8355	G	A	11162	7058	40	8	6	36	0.000716204	11170	0.820513	FALSE	ORF1ab:cds-YP_009725295.1	CGT	R	CAT	H	2697
NC_045512.2	8356	T	G	11199	7187	40	1	0	25	8.92379e-05	11206	1	FALSE	ORF1ab:cds-YP_009724389.1	CGT	R	CGG	R	2697
NC_045512.2	8356	T	G	11199	7187	40	1	0	25	8.92379e-05	11206	1	FALSE	ORF1ab:cds-YP_009725295.1	CGT	R	CGG	R	2697
NC_045512.2	8356	T	C	11199	7187	40	5	4	44	0.00044619	11206	0.109323	FALSE	ORF1ab:cds-YP_009724389.1	CGT	R	CGC	R	2697
NC_045512.2	8356	T	C	11199	7187	40	5	4	44	0.00044619	11206	0.109323	FALSE	ORF1ab:cds-YP_009725295.1	CGT	R	CGC	R	2697
NC_045512.2	8356	T	A	11199	7187	40	1	1	37	8.92379e-05	11206	0.999756	FALSE	ORF1ab:cds-YP_009724389.1	CGT	R	CGA	R	2697
NC_045512.2	8356	T	A	11199	7187	40	1	1	37	8.92379e-05	11206	0.999756	FALSE	ORF1ab:cds-YP_009725295.1	CGT	R	CGA	R	2697
NC_045512.2	8357	C	T	11272	7277	40	1	0	37	8.86918e-05	11275	0.999756	FALSE	ORF1ab:cds-YP_009724389.1	CAT	H	TAT	Y	2698
NC_045512.2	8357	C	T	11272	7277	40	1	0	37	8.86918e-05	11275	0.999756	FALSE	ORF1ab:cds-YP_009725295.1	CAT	H	TAT	Y	2698
NC_045512.2	8357	C	G	11272	7277	40	2	2	37	0.000177384	11275	0.998295	FALSE	ORF1ab:cds-YP_009724389.1	CAT	H	GAT	D	2698
NC_045512.2	8357	C	G	11272	7277	40	2	2	37	0.000177384	11275	0.998295	FALSE	ORF1ab:cds-YP_009725295.1	CAT	H	GAT	D	2698
NC_045512.2	8358	A	T	11377	7473	40	1	1	29	8.78735e-05	11380	1	FALSE	ORF1ab:cds-YP_009724389.1	CAT	H	CTT	L	2698
NC_045512.2	8358	A	T	11377	7473	40	1	1	29	8.78735e-05	11380	1	FALSE	ORF1ab:cds-YP_009725295.1	CAT	H	CTT	L	2698
NC_045512.2	8358	A	G	11377	7473	40	1	0	37	8.78735e-05	11380	0.999756	FALSE	ORF1ab:cds-YP_009724389.1	CAT	H	CGT	R	2698
NC_045512.2	8358	A	G	11377	7473	40	1	0	37	8.78735e-05	11380	0.999756	FALSE	ORF1ab:cds-YP_009725295.1	CAT	H	CGT	R	2698
NC_045512.2	8358	A	C	11377	7473	40	1	0	25	8.78735e-05	11380	1	FALSE	ORF1ab:cds-YP_009724389.1	CAT	H	CCT	P	2698
NC_045512.2	8358	A	C	11377	7473	40	1	0	25	8.78735e-05	11380	1	FALSE	ORF1ab:cds-YP_009725295.1	CAT	H	CCT	P	2698
NC_045512.2	8359	T	G	11322	7474	40	5	1	28	0.000441306	11330	1	FALSE	ORF1ab:cds-YP_009724389.1	CAT	H	CAG	Q	2698
NC_045512.2	8359	T	G	11322	7474	40	5	1	28	0.000441306	11330	1	FALSE	ORF1ab:cds-YP_009725295.1	CAT	H	CAG	Q	2698
NC_045512.2	8359	T	C	11322	7474	40	3	3	49	0.000264784	11330	0.312351	FALSE	ORF1ab:cds-YP_009724389.1	CAT	H	CAC	H	2698
NC_045512.2	8359	T	C	11322	7474	40	3	3	49	0.000264784	11330	0.312351	FALSE	ORF1ab:cds-YP_009725295.1	CAT	H	CAC	H	2698
NC_045512.2	8360	A	T	12022	8206	40	1	1	25	8.31463e-05	12027	1	FALSE	ORF1ab:cds-YP_009724389.1	ATT	I	TTT	F	2699
NC_045512.2	8360	A	T	12022	8206	40	1	1	25	8.31463e-05	12027	1	FALSE	ORF1ab:cds-YP_009725295.1	ATT	I	TTT	F	2699
NC_045512.2	8360	A	G	12022	8206	40	2	0	55	0.000166293	12027	0.249948	FALSE	ORF1ab:cds-YP_009724389.1	ATT	I	GTT	V	2699
NC_045512.2	8360	A	G	12022	8206	40	2	0	55	0.000166293	12027	0.249948	FALSE	ORF1ab:cds-YP_009725295.1	ATT	I	GTT	V	2699
NC_045512.2	8360	A	C	12022	8206	40	2	0	27	0.000166293	12027	1	FALSE	ORF1ab:cds-YP_009724389.1	ATT	I	CTT	L	2699
NC_045512.2	8360	A	C	12022	8206	40	2	0	27	0.000166293	12027	1	FALSE	ORF1ab:cds-YP_009725295.1	ATT	I	CTT	L	2699
NC_045512.2	8361	T	G	11955	8297	40	6	2	29	0.000501588	11962	1	FALSE	ORF1ab:cds-YP_009724389.1	ATT	I	AGT	S	2699
NC_045512.2	8361	T	G	11955	8297	40	6	2	29	0.000501588	11962	1	FALSE	ORF1ab:cds-YP_009725295.1	ATT	I	AGT	S	2699
NC_045512.2	8361	T	C	11955	8297	40	1	0	74	8.35981e-05	11962	0.499895	FALSE	ORF1ab:cds-YP_009724389.1	ATT	I	ACT	T	2699
NC_045512.2	8361	T	C	11955	8297	40	1	0	74	8.35981e-05	11962	0.499895	FALSE	ORF1ab:cds-YP_009725295.1	ATT	I	ACT	T	2699
NC_045512.2	8362	T	C	12085	8324	41	1	0	37	8.27404e-05	12086	0.999878	FALSE	ORF1ab:cds-YP_009724389.1	ATT	I	ATC	I	2699
NC_045512.2	8362	T	C	12085	8324	41	1	0	37	8.27404e-05	12086	0.999878	FALSE	ORF1ab:cds-YP_009725295.1	ATT	I	ATC	I	2699
NC_045512.2	8363	A	G	11672	8044	40	1	0	74	8.56384e-05	11677	0.499936	FALSE	ORF1ab:cds-YP_009724389.1	AAT	N	GAT	D	2700
NC_045512.2	8363	A	G	11672	8044	40	1	0	74	8.56384e-05	11677	0.499936	FALSE	ORF1ab:cds-YP_009725295.1	AAT	N	GAT	D	2700
NC_045512.2	8363	A	C	11672	8044	40	4	1	29	0.000342554	11677	1	FALSE	ORF1ab:cds-YP_009724389.1	AAT	N	CAT	H	2700
NC_045512.2	8363	A	C	11672	8044	40	4	1	29	0.000342554	11677	1	FALSE	ORF1ab:cds-YP_009725295.1	AAT	N	CAT	H	2700
NC_045512.2	8364	A	T	11263	7631	39	1	1	25	8.8739e-05	11269	1	FALSE	ORF1ab:cds-YP_009724389.1	AAT	N	ATT	I	2700
NC_045512.2	8364	A	T	11263	7631	39	1	1	25	8.8739e-05	11269	1	FALSE	ORF1ab:cds-YP_009725295.1	AAT	N	ATT	I	2700
NC_045512.2	8364	A	C	11263	7631	39	5	5	27	0.000443695	11269	1	FALSE	ORF1ab:cds-YP_009724389.1	AAT	N	ACT	T	2700
NC_045512.2	8364	A	C	11263	7631	39	5	5	27	0.000443695	11269	1	FALSE	ORF1ab:cds-YP_009725295.1	AAT	N	ACT	T	2700
NC_045512.2	8365	T	G	11749	8060	41	1	1	25	8.50847e-05	11753	1	FALSE	ORF1ab:cds-YP_009724389.1	AAT	N	AAG	K	2700
NC_045512.2	8365	T	G	11749	8060	41	1	1	25	8.50847e-05	11753	1	FALSE	ORF1ab:cds-YP_009725295.1	AAT	N	AAG	K	2700
NC_045512.2	8365	T	C	11749	8060	41	2	1	37	0.000170169	11753	0.998294	FALSE	ORF1ab:cds-YP_009724389.1	AAT	N	AAC	N	2700
NC_045512.2	8365	T	C	11749	8060	41	2	1	37	0.000170169	11753	0.998294	FALSE	ORF1ab:cds-YP_009725295.1	AAT	N	AAC	N	2700
NC_045512.2	8365	T	A	11749	8060	41	1	0	29	8.50847e-05	11753	1	FALSE	ORF1ab:cds-YP_009724389.1	AAT	N	AAA	K	2700
NC_045512.2	8365	T	A	11749	8060	41	1	0	29	8.50847e-05	11753	1	FALSE	ORF1ab:cds-YP_009725295.1	AAT	N	AAA	K	2700
NC_045512.2	8366	G	T	11696	8001	41	1	1	25	8.54774e-05	11699	1	FALSE	ORF1ab:cds-YP_009724389.1	GCG	A	TCG	S	2701
NC_045512.2	8366	G	T	11696	8001	41	1	1	25	8.54774e-05	11699	1	FALSE	ORF1ab:cds-YP_009725295.1	GCG	A	TCG	S	2701
NC_045512.2	8366	G	A	11696	8001	41	2	2	37	0.000170955	11699	0.998295	FALSE	ORF1ab:cds-YP_009724389.1	GCG	A	ACG	T	2701
NC_045512.2	8366	G	A	11696	8001	41	2	2	37	0.000170955	11699	0.998295	FALSE	ORF1ab:cds-YP_009725295.1	GCG	A	ACG	T	2701
NC_045512.2	8367	C	T	11184	7554	41	14	10	36	0.00125011	11199	0.344936	FALSE	ORF1ab:cds-YP_009724389.1	GCG	A	GTG	V	2701
NC_045512.2	8367	C	T	11184	7554	41	14	10	36	0.00125011	11199	0.344936	FALSE	ORF1ab:cds-YP_009725295.1	GCG	A	GTG	V	2701
NC_045512.2	8367	C	A	11184	7554	41	1	0	25	8.92937e-05	11199	1	FALSE	ORF1ab:cds-YP_009724389.1	GCG	A	GAG	E	2701
NC_045512.2	8367	C	A	11184	7554	41	1	0	25	8.92937e-05	11199	1	FALSE	ORF1ab:cds-YP_009725295.1	GCG	A	GAG	E	2701
NC_045512.2	8368	G	T	11125	7480	41	3	1	49	0.000269397	11136	0.312247	FALSE	ORF1ab:cds-YP_009724389.1	GCG	A	GCT	A	2701
NC_045512.2	8368	G	T	11125	7480	41	3	1	49	0.000269397	11136	0.312247	FALSE	ORF1ab:cds-YP_009725295.1	GCG	A	GCT	A	2701
NC_045512.2	8368	G	A	11125	7480	41	8	4	37	0.000718391	11136	0.820358	FALSE	ORF1ab:cds-YP_009724389.1	GCG	A	GCA	A	2701
NC_045512.2	8368	G	A	11125	7480	41	8	4	37	0.000718391	11136	0.820358	FALSE	ORF1ab:cds-YP_009725295.1	GCG	A	GCA	A	2701
NC_045512.2	8369	C	T	11232	7612	41	1	1	37	8.90234e-05	11233	0.999757	FALSE	ORF1ab:cds-YP_009724389.1	CAG	Q	TAG	*	2702
NC_045512.2	8369	C	T	11232	7612	41	1	1	37	8.90234e-05	11233	0.999757	FALSE	ORF1ab:cds-YP_009725295.1	CAG	Q	TAG	*	2702
NC_045512.2	8370	A	T	11534	8117	42	1	0	37	8.66326e-05	11543	0.999756	FALSE	ORF1ab:cds-YP_009724389.1	CAG	Q	CTG	L	2702
NC_045512.2	8370	A	T	11534	8117	42	1	0	37	8.66326e-05	11543	0.999756	FALSE	ORF1ab:cds-YP_009725295.1	CAG	Q	CTG	L	2702
NC_045512.2	8370	A	G	11534	8117	42	8	7	38	0.000693061	11543	0.820458	FALSE	ORF1ab:cds-YP_009724389.1	CAG	Q	CGG	R	2702
NC_045512.2	8370	A	G	11534	8117	42	8	7	38	0.000693061	11543	0.820458	FALSE	ORF1ab:cds-YP_009725295.1	CAG	Q	CGG	R	2702
NC_045512.2	8371	G	C	11459	7971	42	1	0	37	8.726e-05	11460	0.999757	FALSE	ORF1ab:cds-YP_009724389.1	CAG	Q	CAC	H	2702
NC_045512.2	8371	G	C	11459	7971	42	1	0	37	8.726e-05	11460	0.999757	FALSE	ORF1ab:cds-YP_009725295.1	CAG	Q	CAC	H	2702
NC_045512.2	8372	G	T	11514	8068	42	1	0	25	8.68357e-05	11516	1	FALSE	ORF1ab:cds-YP_009724389.1	GTA	V	TTA	L	2703
NC_045512.2	8372	G	T	11514	8068	42	1	0	25	8.68357e-05	11516	1	FALSE	ORF1ab:cds-YP_009725295.1	GTA	V	TTA	L	2703
NC_045512.2	8372	G	A	11514	8068	42	1	1	37	8.68357e-05	11516	0.999757	FALSE	ORF1ab:cds-YP_009724389.1	GTA	V	ATA	I	2703
NC_045512.2	8372	G	A	11514	8068	42	1	1	37	8.68357e-05	11516	0.999757	FALSE	ORF1ab:cds-YP_009725295.1	GTA	V	ATA	I	2703
NC_045512.2	8373	T	G	11579	8151	42	2	2	25	0.000172682	11582	1	FALSE	ORF1ab:cds-YP_009724389.1	GTA	V	GGA	G	2703
NC_045512.2	8373	T	G	11579	8151	42	2	2	25	0.000172682	11582	1	FALSE	ORF1ab:cds-YP_009725295.1	GTA	V	GGA	G	2703
NC_045512.2	8373	T	C	11579	8151	42	1	0	37	8.63409e-05	11582	0.999756	FALSE	ORF1ab:cds-YP_009724389.1	GTA	V	GCA	A	2703
NC_045512.2	8373	T	C	11579	8151	42	1	0	37	8.63409e-05	11582	0.999756	FALSE	ORF1ab:cds-YP_009725295.1	GTA	V	GCA	A	2703
NC_045512.2	8374	A	T	11570	8233	42	1	1	25	8.64006e-05	11574	1	FALSE	ORF1ab:cds-YP_009724389.1	GTA	V	GTT	V	2703
NC_045512.2	8374	A	T	11570	8233	42	1	1	25	8.64006e-05	11574	1	FALSE	ORF1ab:cds-YP_009725295.1	GTA	V	GTT	V	2703
NC_045512.2	8374	A	C	11570	8233	42	3	0	26	0.000259202	11574	1	FALSE	ORF1ab:cds-YP_009724389.1	GTA	V	GTC	V	2703
NC_045512.2	8374	A	C	11570	8233	42	3	0	26	0.000259202	11574	1	FALSE	ORF1ab:cds-YP_009725295.1	GTA	V	GTC	V	2703
NC_045512.2	8375	G	A	11396	8025	42	24	19	39	0.00210158	11420	0.020416	FALSE	ORF1ab:cds-YP_009724389.1	GCA	A	ACA	T	2704
NC_045512.2	8375	G	A	11396	8025	42	24	19	39	0.00210158	11420	0.020416	FALSE	ORF1ab:cds-YP_009725295.1	GCA	A	ACA	T	2704
NC_045512.2	8376	C	T	11578	8224	42	3	2	37	0.000259023	11582	0.993543	FALSE	ORF1ab:cds-YP_009724389.1	GCA	A	GTA	V	2704
NC_045512.2	8376	C	T	11578	8224	42	3	2	37	0.000259023	11582	0.993543	FALSE	ORF1ab:cds-YP_009725295.1	GCA	A	GTA	V	2704
NC_045512.2	8376	C	A	11578	8224	42	1	1	37	8.63409e-05	11582	0.999756	FALSE	ORF1ab:cds-YP_009724389.1	GCA	A	GAA	E	2704
NC_045512.2	8376	C	A	11578	8224	42	1	1	37	8.63409e-05	11582	0.999756	FALSE	ORF1ab:cds-YP_009725295.1	GCA	A	GAA	E	2704
NC_045512.2	8376	C	-A	11578	8224	42	5	0	20	0.000431704	11582	1	FALSE	NA	NA	NA	NA	NA	NA
NC_045512.2	8376	C	+A	11578	8224	42	1	0	20	8.63409e-05	11582	1	FALSE	NA	NA	NA	NA	NA	NA
NC_045512.2	8377	A	G	11715	8396	42	4	3	43	0.000341326	11719	0.187367	FALSE	ORF1ab:cds-YP_009724389.1	GCA	A	GCG	A	2704
NC_045512.2	8377	A	G	11715	8396	42	4	3	43	0.000341326	11719	0.187367	FALSE	ORF1ab:cds-YP_009725295.1	GCA	A	GCG	A	2704
NC_045512.2	8378	A	G	12070	8889	43	1	1	37	8.28363e-05	12072	0.999878	FALSE	ORF1ab:cds-YP_009724389.1	AAA	K	GAA	E	2705
NC_045512.2	8378	A	G	12070	8889	43	1	1	37	8.28363e-05	12072	0.999878	FALSE	ORF1ab:cds-YP_009725295.1	AAA	K	GAA	E	2705
NC_045512.2	8378	A	C	12070	8889	43	1	0	37	8.28363e-05	12072	0.999878	FALSE	ORF1ab:cds-YP_009724389.1	AAA	K	CAA	Q	2705
NC_045512.2	8378	A	C	12070	8889	43	1	0	37	8.28363e-05	12072	0.999878	FALSE	ORF1ab:cds-YP_009725295.1	AAA	K	CAA	Q	2705
NC_045512.2	8379	A	G	11999	8876	43	1	0	74	8.33264e-05	12001	0.5	FALSE	ORF1ab:cds-YP_009724389.1	AAA	K	AGA	R	2705
NC_045512.2	8379	A	G	11999	8876	43	1	0	74	8.33264e-05	12001	0.5	FALSE	ORF1ab:cds-YP_009725295.1	AAA	K	AGA	R	2705
NC_045512.2	8379	A	C	11999	8876	43	1	1	25	8.33264e-05	12001	1	FALSE	ORF1ab:cds-YP_009724389.1	AAA	K	ACA	T	2705
NC_045512.2	8379	A	C	11999	8876	43	1	1	25	8.33264e-05	12001	1	FALSE	ORF1ab:cds-YP_009725295.1	AAA	K	ACA	T	2705
NC_045512.2	8380	A	T	11761	8674	42	1	1	37	8.50051e-05	11764	0.999756	FALSE	ORF1ab:cds-YP_009724389.1	AAA	K	AAT	N	2705
NC_045512.2	8380	A	T	11761	8674	42	1	1	37	8.50051e-05	11764	0.999756	FALSE	ORF1ab:cds-YP_009725295.1	AAA	K	AAT	N	2705
NC_045512.2	8380	A	C	11761	8674	42	2	2	22	0.00017001	11764	1	FALSE	ORF1ab:cds-YP_009724389.1	AAA	K	AAC	N	2705
NC_045512.2	8380	A	C	11761	8674	42	2	2	22	0.00017001	11764	1	FALSE	ORF1ab:cds-YP_009725295.1	AAA	K	AAC	N	2705
NC_045512.2	8381	A	G	11866	9260	42	1	0	74	8.42602e-05	11868	0.5	FALSE	ORF1ab:cds-YP_009724389.1	AGT	S	GGT	G	2706
NC_045512.2	8381	A	G	11866	9260	42	1	0	74	8.42602e-05	11868	0.5	FALSE	ORF1ab:cds-YP_009725295.1	AGT	S	GGT	G	2706
NC_045512.2	8381	A	C	11866	9260	42	1	1	25	8.42602e-05	11868	1	FALSE	ORF1ab:cds-YP_009724389.1	AGT	S	CGT	R	2706
NC_045512.2	8381	A	C	11866	9260	42	1	1	25	8.42602e-05	11868	1	FALSE	ORF1ab:cds-YP_009725295.1	AGT	S	CGT	R	2706
NC_045512.2	8383	T	C	11946	9554	41	5	4	42	0.000418375	11951	0.109365	FALSE	ORF1ab:cds-YP_009724389.1	AGT	S	AGC	S	2706
NC_045512.2	8383	T	C	11946	9554	41	5	4	42	0.000418375	11951	0.109365	FALSE	ORF1ab:cds-YP_009725295.1	AGT	S	AGC	S	2706
NC_045512.2	8384	C	T	12030	9654	42	2	1	37	0.000166223	12032	0.999087	FALSE	ORF1ab:cds-YP_009724389.1	CAC	H	TAC	Y	2707
NC_045512.2	8384	C	T	12030	9654	42	2	1	37	0.000166223	12032	0.999087	FALSE	ORF1ab:cds-YP_009725295.1	CAC	H	TAC	Y	2707
NC_045512.2	8385	A	G	12082	9715	42	1	0	37	8.27609e-05	12083	0.999878	FALSE	ORF1ab:cds-YP_009724389.1	CAC	H	CGC	R	2707
NC_045512.2	8385	A	G	12082	9715	42	1	0	37	8.27609e-05	12083	0.999878	FALSE	ORF1ab:cds-YP_009725295.1	CAC	H	CGC	R	2707
NC_045512.2	8386	C	T	11888	9705	41	4	4	37	0.000336332	11893	0.98245	FALSE	ORF1ab:cds-YP_009724389.1	CAC	H	CAT	H	2707
NC_045512.2	8386	C	T	11888	9705	41	4	4	37	0.000336332	11893	0.98245	FALSE	ORF1ab:cds-YP_009725295.1	CAC	H	CAT	H	2707
NC_045512.2	8386	C	A	11888	9705	41	1	1	37	8.40831e-05	11893	0.999756	FALSE	ORF1ab:cds-YP_009724389.1	CAC	H	CAA	Q	2707
NC_045512.2	8386	C	A	11888	9705	41	1	1	37	8.40831e-05	11893	0.999756	FALSE	ORF1ab:cds-YP_009725295.1	CAC	H	CAA	Q	2707
NC_045512.2	8387	A	G	11912	9752	41	1	1	37	8.39349e-05	11914	0.999757	FALSE	ORF1ab:cds-YP_009724389.1	AAC	N	GAC	D	2708
NC_045512.2	8387	A	G	11912	9752	41	1	1	37	8.39349e-05	11914	0.999757	FALSE	ORF1ab:cds-YP_009725295.1	AAC	N	GAC	D	2708
NC_045512.2	8387	A	C	11912	9752	41	1	1	37	8.39349e-05	11914	0.999757	FALSE	ORF1ab:cds-YP_009724389.1	AAC	N	CAC	H	2708
NC_045512.2	8387	A	C	11912	9752	41	1	1	37	8.39349e-05	11914	0.999757	FALSE	ORF1ab:cds-YP_009725295.1	AAC	N	CAC	H	2708
NC_045512.2	8389	C	T	11844	9698	41	1	0	62	8.44167e-05	11846	0.5	FALSE	ORF1ab:cds-YP_009724389.1	AAC	N	AAT	N	2708
NC_045512.2	8389	C	T	11844	9698	41	1	0	62	8.44167e-05	11846	0.5	FALSE	ORF1ab:cds-YP_009725295.1	AAC	N	AAT	N	2708
NC_045512.2	8389	C	A	11844	9698	41	1	0	29	8.44167e-05	11846	1	FALSE	ORF1ab:cds-YP_009724389.1	AAC	N	AAA	K	2708
NC_045512.2	8389	C	A	11844	9698	41	1	0	29	8.44167e-05	11846	1	FALSE	ORF1ab:cds-YP_009725295.1	AAC	N	AAA	K	2708
NC_045512.2	8390	A	G	11517	9414	41	1	1	37	8.68131e-05	11519	0.999757	FALSE	ORF1ab:cds-YP_009724389.1	ATT	I	GTT	V	2709
NC_045512.2	8390	A	G	11517	9414	41	1	1	37	8.68131e-05	11519	0.999757	FALSE	ORF1ab:cds-YP_009725295.1	ATT	I	GTT	V	2709
NC_045512.2	8390	A	C	11517	9414	41	1	0	25	8.68131e-05	11519	1	FALSE	ORF1ab:cds-YP_009724389.1	ATT	I	CTT	L	2709
NC_045512.2	8390	A	C	11517	9414	41	1	0	25	8.68131e-05	11519	1	FALSE	ORF1ab:cds-YP_009725295.1	ATT	I	CTT	L	2709
NC_045512.2	8391	T	G	11228	9190	40	3	3	30	0.000267094	11232	0.993544	FALSE	ORF1ab:cds-YP_009724389.1	ATT	I	AGT	S	2709
NC_045512.2	8391	T	G	11228	9190	40	3	3	30	0.000267094	11232	0.993544	FALSE	ORF1ab:cds-YP_009725295.1	ATT	I	AGT	S	2709
NC_045512.2	8391	T	C	11228	9190	40	1	0	37	8.90313e-05	11232	0.999756	FALSE	ORF1ab:cds-YP_009724389.1	ATT	I	ACT	T	2709
NC_045512.2	8391	T	C	11228	9190	40	1	0	37	8.90313e-05	11232	0.999756	FALSE	ORF1ab:cds-YP_009725295.1	ATT	I	ACT	T	2709
NC_045512.2	8392	T	C	11366	9290	41	1	0	37	8.7974e-05	11367	0.999757	FALSE	ORF1ab:cds-YP_009724389.1	ATT	I	ATC	I	2709
NC_045512.2	8392	T	C	11366	9290	41	1	0	37	8.7974e-05	11367	0.999757	FALSE	ORF1ab:cds-YP_009725295.1	ATT	I	ATC	I	2709
NC_045512.2	8393	G	A	11091	9287	40	3	2	37	0.000270416	11094	0.993547	FALSE	ORF1ab:cds-YP_009724389.1	GCT	A	ACT	T	2710
NC_045512.2	8393	G	A	11091	9287	40	3	2	37	0.000270416	11094	0.993547	FALSE	ORF1ab:cds-YP_009725295.1	GCT	A	ACT	T	2710
NC_045512.2	8394	C	T	11070	9297	40	9	9	42	0.000812274	11080	0.0107283	FALSE	ORF1ab:cds-YP_009724389.1	GCT	A	GTT	V	2710
NC_045512.2	8394	C	T	11070	9297	40	9	9	42	0.000812274	11080	0.0107283	FALSE	ORF1ab:cds-YP_009725295.1	GCT	A	GTT	V	2710
NC_045512.2	8394	C	A	11070	9297	40	1	1	25	9.02527e-05	11080	1	FALSE	ORF1ab:cds-YP_009724389.1	GCT	A	GAT	D	2710
NC_045512.2	8394	C	A	11070	9297	40	1	1	25	9.02527e-05	11080	1	FALSE	ORF1ab:cds-YP_009725295.1	GCT	A	GAT	D	2710
NC_045512.2	8395	T	G	10861	9121	40	1	0	25	9.20556e-05	10863	1	FALSE	ORF1ab:cds-YP_009724389.1	GCT	A	GCG	A	2710
NC_045512.2	8395	T	G	10861	9121	40	1	0	25	9.20556e-05	10863	1	FALSE	ORF1ab:cds-YP_009725295.1	GCT	A	GCG	A	2710
NC_045512.2	8395	T	C	10861	9121	40	1	1	37	9.20556e-05	10863	0.999513	FALSE	ORF1ab:cds-YP_009724389.1	GCT	A	GCC	A	2710
NC_045512.2	8395	T	C	10861	9121	40	1	1	37	9.20556e-05	10863	0.999513	FALSE	ORF1ab:cds-YP_009725295.1	GCT	A	GCC	A	2710
NC_045512.2	8396	T	C	10815	9110	40	2	2	25	0.000184894	10817	1	FALSE	ORF1ab:cds-YP_009724389.1	TTG	L	CTG	L	2711
NC_045512.2	8396	T	C	10815	9110	40	2	2	25	0.000184894	10817	1	FALSE	ORF1ab:cds-YP_009725295.1	TTG	L	CTG	L	2711
NC_045512.2	8397	T	G	10565	8820	40	1	1	25	9.46253e-05	10568	1	FALSE	ORF1ab:cds-YP_009724389.1	TTG	L	TGG	W	2711
NC_045512.2	8397	T	G	10565	8820	40	1	1	25	9.46253e-05	10568	1	FALSE	ORF1ab:cds-YP_009725295.1	TTG	L	TGG	W	2711
NC_045512.2	8397	T	C	10565	8820	40	2	1	55	0.000189251	10568	0.249988	FALSE	ORF1ab:cds-YP_009724389.1	TTG	L	TCG	S	2711
NC_045512.2	8397	T	C	10565	8820	40	2	1	55	0.000189251	10568	0.249988	FALSE	ORF1ab:cds-YP_009725295.1	TTG	L	TCG	S	2711
NC_045512.2	8398	G	T	10531	8756	40	1	1	29	9.49487e-05	10532	1	FALSE	ORF1ab:cds-YP_009724389.1	TTG	L	TTT	F	2711
NC_045512.2	8398	G	T	10531	8756	40	1	1	29	9.49487e-05	10532	1	FALSE	ORF1ab:cds-YP_009725295.1	TTG	L	TTT	F	2711
NC_045512.2	8399	A	G	10476	8747	40	2	1	49	0.000190876	10478	0.500036	FALSE	ORF1ab:cds-YP_009724389.1	ATA	I	GTA	V	2712
NC_045512.2	8399	A	G	10476	8747	40	2	1	49	0.000190876	10478	0.500036	FALSE	ORF1ab:cds-YP_009725295.1	ATA	I	GTA	V	2712
NC_045512.2	8400	T	G	10443	8746	40	5	0	29	0.00047856	10448	1	FALSE	ORF1ab:cds-YP_009724389.1	ATA	I	AGA	R	2712
NC_045512.2	8400	T	G	10443	8746	40	5	0	29	0.00047856	10448	1	FALSE	ORF1ab:cds-YP_009725295.1	ATA	I	AGA	R	2712
NC_045512.2	8401	A	G	10327	8605	40	1	0	22	9.68148e-05	10329	1	FALSE	ORF1ab:cds-YP_009724389.1	ATA	I	ATG	M	2712
NC_045512.2	8401	A	G	10327	8605	40	1	0	22	9.68148e-05	10329	1	FALSE	ORF1ab:cds-YP_009725295.1	ATA	I	ATG	M	2712
NC_045512.2	8401	A	C	10327	8605	40	1	1	25	9.68148e-05	10329	1	FALSE	ORF1ab:cds-YP_009724389.1	ATA	I	ATC	I	2712
NC_045512.2	8401	A	C	10327	8605	40	1	1	25	9.68148e-05	10329	1	FALSE	ORF1ab:cds-YP_009725295.1	ATA	I	ATC	I	2712
NC_045512.2	8401	A	-T	10327	8605	40	1	0	20	9.68148e-05	10329	1	FALSE	NA	NA	NA	NA	NA	NA
NC_045512.2	8402	T	G	10094	8365	41	1	1	25	9.90491e-05	10096	1	FALSE	ORF1ab:cds-YP_009724389.1	TGG	W	GGG	G	2713
NC_045512.2	8402	T	G	10094	8365	41	1	1	25	9.90491e-05	10096	1	FALSE	ORF1ab:cds-YP_009725295.1	TGG	W	GGG	G	2713
NC_045512.2	8402	T	C	10094	8365	41	1	1	37	9.90491e-05	10096	0.999513	FALSE	ORF1ab:cds-YP_009724389.1	TGG	W	CGG	R	2713
NC_045512.2	8402	T	C	10094	8365	41	1	1	37	9.90491e-05	10096	0.999513	FALSE	ORF1ab:cds-YP_009725295.1	TGG	W	CGG	R	2713
NC_045512.2	8403	G	T	10020	8285	40	1	1	37	9.97805e-05	10022	0.999513	FALSE	ORF1ab:cds-YP_009724389.1	TGG	W	TTG	L	2713
NC_045512.2	8403	G	T	10020	8285	40	1	1	37	9.97805e-05	10022	0.999513	FALSE	ORF1ab:cds-YP_009725295.1	TGG	W	TTG	L	2713
NC_045512.2	8403	G	A	10020	8285	40	1	1	37	9.97805e-05	10022	0.999513	FALSE	ORF1ab:cds-YP_009724389.1	TGG	W	TAG	*	2713
NC_045512.2	8403	G	A	10020	8285	40	1	1	37	9.97805e-05	10022	0.999513	FALSE	ORF1ab:cds-YP_009725295.1	TGG	W	TAG	*	2713
NC_045512.2	8405	A	G	10004	8402	40	3	3	45	0.00029979	10007	0.312519	FALSE	ORF1ab:cds-YP_009724389.1	AAC	N	GAC	D	2714
NC_045512.2	8405	A	G	10004	8402	40	3	3	45	0.00029979	10007	0.312519	FALSE	ORF1ab:cds-YP_009725295.1	AAC	N	GAC	D	2714
NC_045512.2	8406	A	C	9666	8181	39	4	1	24	0.00041365	9670	1	FALSE	ORF1ab:cds-YP_009724389.1	AAC	N	ACC	T	2714
NC_045512.2	8406	A	C	9666	8181	39	4	1	24	0.00041365	9670	1	FALSE	ORF1ab:cds-YP_009725295.1	AAC	N	ACC	T	2714
NC_045512.2	8407	C	T	9428	7857	40	3	3	37	0.000317999	9434	0.980726	FALSE	ORF1ab:cds-YP_009724389.1	AAC	N	AAT	N	2714
NC_045512.2	8407	C	T	9428	7857	40	3	3	37	0.000317999	9434	0.980726	FALSE	ORF1ab:cds-YP_009725295.1	AAC	N	AAT	N	2714
NC_045512.2	8407	C	A	9428	7857	40	3	3	33	0.000317999	9434	0.980726	FALSE	ORF1ab:cds-YP_009724389.1	AAC	N	AAA	K	2714
NC_045512.2	8407	C	A	9428	7857	40	3	3	33	0.000317999	9434	0.980726	FALSE	ORF1ab:cds-YP_009725295.1	AAC	N	AAA	K	2714
NC_045512.2	8408	G	T	9386	7816	40	1	1	37	0.000106485	9391	0.999024	FALSE	ORF1ab:cds-YP_009724389.1	GTT	V	TTT	F	2715
NC_045512.2	8408	G	T	9386	7816	40	1	1	37	0.000106485	9391	0.999024	FALSE	ORF1ab:cds-YP_009725295.1	GTT	V	TTT	F	2715
NC_045512.2	8408	G	A	9386	7816	40	4	3	58	0.00042594	9391	0.06248	FALSE	ORF1ab:cds-YP_009724389.1	GTT	V	ATT	I	2715
NC_045512.2	8408	G	A	9386	7816	40	4	3	58	0.00042594	9391	0.06248	FALSE	ORF1ab:cds-YP_009725295.1	GTT	V	ATT	I	2715
NC_045512.2	8408	G	-TTAAA	9386	7816	40	1	0	20	0.000106485	9391	1	FALSE	NA	NA	NA	NA	NA	NA
NC_045512.2	8409	T	C	9288	7781	39	2	1	37	0.000215285	9290	0.994152	FALSE	ORF1ab:cds-YP_009724389.1	GTT	V	GCT	A	2715
NC_045512.2	8409	T	C	9288	7781	39	2	1	37	0.000215285	9290	0.994152	FALSE	ORF1ab:cds-YP_009725295.1	GTT	V	GCT	A	2715
NC_045512.2	8410	T	C	9357	7845	40	2	1	37	0.000213698	9359	0.994152	FALSE	ORF1ab:cds-YP_009724389.1	GTT	V	GTC	V	2715
NC_045512.2	8410	T	C	9357	7845	40	2	1	37	0.000213698	9359	0.994152	FALSE	ORF1ab:cds-YP_009725295.1	GTT	V	GTC	V	2715
NC_045512.2	8411	A	T	9232	7868	40	1	1	37	0.000108284	9235	0.999025	FALSE	ORF1ab:cds-YP_009724389.1	AAA	K	TAA	*	2716
NC_045512.2	8411	A	T	9232	7868	40	1	1	37	0.000108284	9235	0.999025	FALSE	ORF1ab:cds-YP_009725295.1	AAA	K	TAA	*	2716
NC_045512.2	8411	A	G	9232	7868	40	1	1	37	0.000108284	9235	0.999025	FALSE	ORF1ab:cds-YP_009724389.1	AAA	K	GAA	E	2716
NC_045512.2	8411	A	G	9232	7868	40	1	1	37	0.000108284	9235	0.999025	FALSE	ORF1ab:cds-YP_009725295.1	AAA	K	GAA	E	2716
NC_045512.2	8411	A	C	9232	7868	40	1	0	37	0.000108284	9235	0.999025	FALSE	ORF1ab:cds-YP_009724389.1	AAA	K	CAA	Q	2716
NC_045512.2	8411	A	C	9232	7868	40	1	0	37	0.000108284	9235	0.999025	FALSE	ORF1ab:cds-YP_009725295.1	AAA	K	CAA	Q	2716
NC_045512.2	8412	A	G	8951	7667	39	1	1	37	0.000111694	8953	0.99805	FALSE	ORF1ab:cds-YP_009724389.1	AAA	K	AGA	R	2716
NC_045512.2	8412	A	G	8951	7667	39	1	1	37	0.000111694	8953	0.99805	FALSE	ORF1ab:cds-YP_009725295.1	AAA	K	AGA	R	2716
NC_045512.2	8412	A	C	8951	7667	39	1	1	25	0.000111694	8953	1	FALSE	ORF1ab:cds-YP_009724389.1	AAA	K	ACA	T	2716
NC_045512.2	8412	A	C	8951	7667	39	1	1	25	0.000111694	8953	1	FALSE	ORF1ab:cds-YP_009725295.1	AAA	K	ACA	T	2716
NC_045512.2	8413	A	G	8907	7618	39	1	1	37	0.000112246	8909	0.99805	FALSE	ORF1ab:cds-YP_009724389.1	AAA	K	AAG	K	2716
NC_045512.2	8413	A	G	8907	7618	39	1	1	37	0.000112246	8909	0.99805	FALSE	ORF1ab:cds-YP_009725295.1	AAA	K	AAG	K	2716
NC_045512.2	8413	A	C	8907	7618	39	1	1	37	0.000112246	8909	0.99805	FALSE	ORF1ab:cds-YP_009724389.1	AAA	K	AAC	N	2716
NC_045512.2	8413	A	C	8907	7618	39	1	1	37	0.000112246	8909	0.99805	FALSE	ORF1ab:cds-YP_009725295.1	AAA	K	AAC	N	2716
NC_045512.2	8415	A	G	8735	7448	39	1	0	37	0.000114443	8738	0.99805	FALSE	ORF1ab:cds-YP_009724389.1	GAT	D	GGT	G	2717
NC_045512.2	8415	A	G	8735	7448	39	1	0	37	0.000114443	8738	0.99805	FALSE	ORF1ab:cds-YP_009725295.1	GAT	D	GGT	G	2717
NC_045512.2	8415	A	C	8735	7448	39	2	1	31	0.000228885	8738	0.989275	FALSE	ORF1ab:cds-YP_009724389.1	GAT	D	GCT	A	2717
NC_045512.2	8415	A	C	8735	7448	39	2	1	31	0.000228885	8738	0.989275	FALSE	ORF1ab:cds-YP_009725295.1	GAT	D	GCT	A	2717
NC_045512.2	8416	T	G	8595	7315	39	1	1	25	0.000116333	8596	1	FALSE	ORF1ab:cds-YP_009724389.1	GAT	D	GAG	E	2717
NC_045512.2	8416	T	G	8595	7315	39	1	1	25	0.000116333	8596	1	FALSE	ORF1ab:cds-YP_009725295.1	GAT	D	GAG	E	2717
NC_045512.2	8417	T	C	8526	7273	39	4	0	37	0.000468823	8532	0.927044	FALSE	ORF1ab:cds-YP_009724389.1	TTC	F	CTC	L	2718
NC_045512.2	8417	T	C	8526	7273	39	4	0	37	0.000468823	8532	0.927044	FALSE	ORF1ab:cds-YP_009725295.1	TTC	F	CTC	L	2718
NC_045512.2	8417	T	A	8526	7273	39	2	1	22	0.000234412	8532	1	FALSE	ORF1ab:cds-YP_009724389.1	TTC	F	ATC	I	2718
NC_045512.2	8417	T	A	8526	7273	39	2	1	22	0.000234412	8532	1	FALSE	ORF1ab:cds-YP_009725295.1	TTC	F	ATC	I	2718
NC_045512.2	8422	G	T	8289	7396	38	1	1	25	0.000120613	8291	1	FALSE	ORF1ab:cds-YP_009724389.1	ATG	M	ATT	I	2719
NC_045512.2	8422	G	T	8289	7396	38	1	1	25	0.000120613	8291	1	FALSE	ORF1ab:cds-YP_009725295.1	ATG	M	ATT	I	2719
NC_045512.2	8422	G	A	8289	7396	38	1	1	37	0.000120613	8291	0.998051	FALSE	ORF1ab:cds-YP_009724389.1	ATG	M	ATA	I	2719
NC_045512.2	8422	G	A	8289	7396	38	1	1	37	0.000120613	8291	0.998051	FALSE	ORF1ab:cds-YP_009725295.1	ATG	M	ATA	I	2719
NC_045512.2	8423	T	C	7817	6939	38	1	1	37	0.00012791	7818	0.996103	FALSE	ORF1ab:cds-YP_009724389.1	TCA	S	CCA	P	2720
NC_045512.2	8423	T	C	7817	6939	38	1	1	37	0.00012791	7818	0.996103	FALSE	ORF1ab:cds-YP_009725295.1	TCA	S	CCA	P	2720
NC_045512.2	8424	C	T	7806	6930	38	1	0	37	0.00012809	7807	0.996103	FALSE	ORF1ab:cds-YP_009724389.1	TCA	S	TTA	L	2720
NC_045512.2	8424	C	T	7806	6930	38	1	0	37	0.00012809	7807	0.996103	FALSE	ORF1ab:cds-YP_009725295.1	TCA	S	TTA	L	2720
NC_045512.2	8425	A	T	7751	6894	38	1	1	25	0.000128932	7756	1	FALSE	ORF1ab:cds-YP_009724389.1	TCA	S	TCT	S	2720
NC_045512.2	8425	A	T	7751	6894	38	1	1	25	0.000128932	7756	1	FALSE	ORF1ab:cds-YP_009725295.1	TCA	S	TCT	S	2720
NC_045512.2	8425	A	G	7751	6894	38	3	3	37	0.000386797	7756	0.945347	FALSE	ORF1ab:cds-YP_009724389.1	TCA	S	TCG	S	2720
NC_045512.2	8425	A	G	7751	6894	38	3	3	37	0.000386797	7756	0.945347	FALSE	ORF1ab:cds-YP_009725295.1	TCA	S	TCG	S	2720
NC_045512.2	8425	A	C	7751	6894	38	1	0	37	0.000128932	7756	0.996095	FALSE	ORF1ab:cds-YP_009724389.1	TCA	S	TCC	S	2720
NC_045512.2	8425	A	C	7751	6894	38	1	0	37	0.000128932	7756	0.996095	FALSE	ORF1ab:cds-YP_009725295.1	TCA	S	TCC	S	2720
NC_045512.2	8426	T	C	7679	6975	38	1	1	37	0.000130208	7680	0.996103	FALSE	ORF1ab:cds-YP_009724389.1	TTG	L	CTG	L	2721
NC_045512.2	8426	T	C	7679	6975	38	1	1	37	0.000130208	7680	0.996103	FALSE	ORF1ab:cds-YP_009725295.1	TTG	L	CTG	L	2721
NC_045512.2	8427	T	G	7684	7037	38	1	1	25	0.00013009	7687	1	FALSE	ORF1ab:cds-YP_009724389.1	TTG	L	TGG	W	2721
NC_045512.2	8427	T	G	7684	7037	38	1	1	25	0.00013009	7687	1	FALSE	ORF1ab:cds-YP_009725295.1	TTG	L	TGG	W	2721
NC_045512.2	8427	T	C	7684	7037	38	2	2	37	0.00026018	7687	0.980496	FALSE	ORF1ab:cds-YP_009724389.1	TTG	L	TCG	S	2721
NC_045512.2	8427	T	C	7684	7037	38	2	2	37	0.00026018	7687	0.980496	FALSE	ORF1ab:cds-YP_009725295.1	TTG	L	TCG	S	2721
NC_045512.2	8428	G	A	7678	7021	37	2	2	37	0.000260417	7680	0.980505	FALSE	ORF1ab:cds-YP_009724389.1	TTG	L	TTA	L	2721
NC_045512.2	8428	G	A	7678	7021	37	2	2	37	0.000260417	7680	0.980505	FALSE	ORF1ab:cds-YP_009725295.1	TTG	L	TTA	L	2721
NC_045512.2	8430	C	T	7532	6872	37	2	2	37	0.000265463	7534	0.980506	FALSE	ORF1ab:cds-YP_009724389.1	TCT	S	TTT	F	2722
NC_045512.2	8430	C	T	7532	6872	37	2	2	37	0.000265463	7534	0.980506	FALSE	ORF1ab:cds-YP_009725295.1	TCT	S	TTT	F	2722
NC_045512.2	8431	T	C	7367	6720	38	4	4	34	0.000542667	7371	0.88685	FALSE	ORF1ab:cds-YP_009724389.1	TCT	S	TCC	S	2722
NC_045512.2	8431	T	C	7367	6720	38	4	4	34	0.000542667	7371	0.88685	FALSE	ORF1ab:cds-YP_009725295.1	TCT	S	TCC	S	2722
NC_045512.2	8433	A	G	7318	6694	37	3	3	37	0.00040978	7321	0.945397	FALSE	ORF1ab:cds-YP_009724389.1	GAA	E	GGA	G	2723
NC_045512.2	8433	A	G	7318	6694	37	3	3	37	0.00040978	7321	0.945397	FALSE	ORF1ab:cds-YP_009725295.1	GAA	E	GGA	G	2723
NC_045512.2	8434	A	C	7220	6598	37	1	1	25	0.000138485	7221	1	FALSE	ORF1ab:cds-YP_009724389.1	GAA	E	GAC	D	2723
NC_045512.2	8434	A	C	7220	6598	37	1	1	25	0.000138485	7221	1	FALSE	ORF1ab:cds-YP_009725295.1	GAA	E	GAC	D	2723
NC_045512.2	8435	C	T	7288	6694	37	1	1	25	0.000137193	7289	1	FALSE	ORF1ab:cds-YP_009724389.1	CAA	Q	TAA	*	2724
NC_045512.2	8435	C	T	7288	6694	37	1	1	25	0.000137193	7289	1	FALSE	ORF1ab:cds-YP_009725295.1	CAA	Q	TAA	*	2724
NC_045512.2	8436	A	G	7046	6450	37	2	2	37	0.000283728	7049	0.980499	FALSE	ORF1ab:cds-YP_009724389.1	CAA	Q	CGA	R	2724
NC_045512.2	8436	A	G	7046	6450	37	2	2	37	0.000283728	7049	0.980499	FALSE	ORF1ab:cds-YP_009725295.1	CAA	Q	CGA	R	2724
NC_045512.2	8436	A	C	7046	6450	37	1	0	37	0.000141864	7049	0.996099	FALSE	ORF1ab:cds-YP_009724389.1	CAA	Q	CCA	P	2724
NC_045512.2	8436	A	C	7046	6450	37	1	0	37	0.000141864	7049	0.996099	FALSE	ORF1ab:cds-YP_009725295.1	CAA	Q	CCA	P	2724
NC_045512.2	8438	C	T	6849	6348	37	1	1	25	0.000145964	6851	1	FALSE	ORF1ab:cds-YP_009724389.1	CTA	L	TTA	L	2725
NC_045512.2	8438	C	T	6849	6348	37	1	1	25	0.000145964	6851	1	FALSE	ORF1ab:cds-YP_009725295.1	CTA	L	TTA	L	2725
NC_045512.2	8438	C	A	6849	6348	37	1	1	25	0.000145964	6851	1	FALSE	ORF1ab:cds-YP_009724389.1	CTA	L	ATA	I	2725
NC_045512.2	8438	C	A	6849	6348	37	1	1	25	0.000145964	6851	1	FALSE	ORF1ab:cds-YP_009725295.1	CTA	L	ATA	I	2725
NC_045512.2	8440	A	G	6637	6151	37	1	0	37	0.000150625	6639	0.9922	FALSE	ORF1ab:cds-YP_009724389.1	CTA	L	CTG	L	2725
NC_045512.2	8440	A	G	6637	6151	37	1	0	37	0.000150625	6639	0.9922	FALSE	ORF1ab:cds-YP_009725295.1	CTA	L	CTG	L	2725
NC_045512.2	8440	A	C	6637	6151	37	1	1	25	0.000150625	6639	1	FALSE	ORF1ab:cds-YP_009724389.1	CTA	L	CTC	L	2725
NC_045512.2	8440	A	C	6637	6151	37	1	1	25	0.000150625	6639	1	FALSE	ORF1ab:cds-YP_009725295.1	CTA	L	CTC	L	2725
NC_045512.2	8441	C	T	6720	6073	37	1	1	74	0.000148787	6721	0.500037	FALSE	ORF1ab:cds-YP_009724389.1	CGA	R	TGA	*	2726
NC_045512.2	8441	C	T	6720	6073	37	1	1	74	0.000148787	6721	0.500037	FALSE	ORF1ab:cds-YP_009725295.1	CGA	R	TGA	*	2726
NC_045512.2	8442	G	-A	6567	6006	37	3	0	20	0.00045683	6567	1	FALSE	NA	NA	NA	NA	NA	NA
NC_045512.2	8443	A	G	6636	6098	37	2	2	37	0.000301296	6638	0.964852	FALSE	ORF1ab:cds-YP_009724389.1	CGA	R	CGG	R	2726
NC_045512.2	8443	A	G	6636	6098	37	2	2	37	0.000301296	6638	0.964852	FALSE	ORF1ab:cds-YP_009725295.1	CGA	R	CGG	R	2726
NC_045512.2	8444	A	T	6510	6008	37	1	1	37	0.000153539	6513	0.992196	FALSE	ORF1ab:cds-YP_009724389.1	AAA	K	TAA	*	2727
NC_045512.2	8444	A	T	6510	6008	37	1	1	37	0.000153539	6513	0.992196	FALSE	ORF1ab:cds-YP_009725295.1	AAA	K	TAA	*	2727
NC_045512.2	8444	A	G	6510	6008	37	1	1	37	0.000153539	6513	0.992196	FALSE	ORF1ab:cds-YP_009724389.1	AAA	K	GAA	E	2727
NC_045512.2	8444	A	G	6510	6008	37	1	1	37	0.000153539	6513	0.992196	FALSE	ORF1ab:cds-YP_009725295.1	AAA	K	GAA	E	2727
NC_045512.2	8444	A	C	6510	6008	37	1	1	25	0.000153539	6513	1	FALSE	ORF1ab:cds-YP_009724389.1	AAA	K	CAA	Q	2727
NC_045512.2	8444	A	C	6510	6008	37	1	1	25	0.000153539	6513	1	FALSE	ORF1ab:cds-YP_009725295.1	AAA	K	CAA	Q	2727
NC_045512.2	8445	A	G	6437	5988	36	1	1	37	0.00015528	6440	0.992196	FALSE	ORF1ab:cds-YP_009724389.1	AAA	K	AGA	R	2727
NC_045512.2	8445	A	G	6437	5988	36	1	1	37	0.00015528	6440	0.992196	FALSE	ORF1ab:cds-YP_009725295.1	AAA	K	AGA	R	2727
NC_045512.2	8445	A	C	6437	5988	36	2	0	27	0.000310559	6440	1	FALSE	ORF1ab:cds-YP_009724389.1	AAA	K	ACA	T	2727
NC_045512.2	8445	A	C	6437	5988	36	2	0	27	0.000310559	6440	1	FALSE	ORF1ab:cds-YP_009725295.1	AAA	K	ACA	T	2727
NC_045512.2	8446	A	C	6378	5940	36	1	1	37	0.000156764	6379	0.992205	FALSE	ORF1ab:cds-YP_009724389.1	AAA	K	AAC	N	2727
NC_045512.2	8446	A	C	6378	5940	36	1	1	37	0.000156764	6379	0.992205	FALSE	ORF1ab:cds-YP_009725295.1	AAA	K	AAC	N	2727
NC_045512.2	8448	A	G	6594	6046	36	2	2	37	0.000303214	6596	0.964902	FALSE	ORF1ab:cds-YP_009724389.1	CAA	Q	CGA	R	2728
NC_045512.2	8448	A	G	6594	6046	36	2	2	37	0.000303214	6596	0.964902	FALSE	ORF1ab:cds-YP_009725295.1	CAA	Q	CGA	R	2728
NC_045512.2	8449	A	C	6492	5909	36	2	2	31	0.000307977	6494	0.964903	FALSE	ORF1ab:cds-YP_009724389.1	CAA	Q	CAC	H	2728
NC_045512.2	8449	A	C	6492	5909	36	2	2	31	0.000307977	6494	0.964903	FALSE	ORF1ab:cds-YP_009725295.1	CAA	Q	CAC	H	2728
NC_045512.2	8450	A	G	6504	5925	36	1	1	37	0.000153681	6507	0.992196	FALSE	ORF1ab:cds-YP_009724389.1	ATA	I	GTA	V	2729
NC_045512.2	8450	A	G	6504	5925	36	1	1	37	0.000153681	6507	0.992196	FALSE	ORF1ab:cds-YP_009725295.1	ATA	I	GTA	V	2729
NC_045512.2	8450	A	C	6504	5925	36	2	1	31	0.000307361	6507	0.964886	FALSE	ORF1ab:cds-YP_009724389.1	ATA	I	CTA	L	2729
NC_045512.2	8450	A	C	6504	5925	36	2	1	31	0.000307361	6507	0.964886	FALSE	ORF1ab:cds-YP_009725295.1	ATA	I	CTA	L	2729
NC_045512.2	8451	T	G	6449	5864	36	4	4	31	0.000619771	6454	0.82822	FALSE	ORF1ab:cds-YP_009724389.1	ATA	I	AGA	R	2729
NC_045512.2	8451	T	G	6449	5864	36	4	4	31	0.000619771	6454	0.82822	FALSE	ORF1ab:cds-YP_009725295.1	ATA	I	AGA	R	2729
NC_045512.2	8451	T	C	6449	5864	36	1	1	37	0.000154943	6454	0.992188	FALSE	ORF1ab:cds-YP_009724389.1	ATA	I	ACA	T	2729
NC_045512.2	8451	T	C	6449	5864	36	1	1	37	0.000154943	6454	0.992188	FALSE	ORF1ab:cds-YP_009725295.1	ATA	I	ACA	T	2729
NC_045512.2	8452	A	G	6205	5549	35	1	1	25	0.000161057	6209	1	FALSE	ORF1ab:cds-YP_009724389.1	ATA	I	ATG	M	2729
NC_045512.2	8452	A	G	6205	5549	35	1	1	25	0.000161057	6209	1	FALSE	ORF1ab:cds-YP_009725295.1	ATA	I	ATG	M	2729
NC_045512.2	8452	A	C	6205	5549	35	3	3	25	0.00048317	6209	1	FALSE	ORF1ab:cds-YP_009724389.1	ATA	I	ATC	I	2729
NC_045512.2	8452	A	C	6205	5549	35	3	3	25	0.00048317	6209	1	FALSE	ORF1ab:cds-YP_009725295.1	ATA	I	ATC	I	2729
NC_045512.2	8453	C	T	6692	6036	37	5	4	34	0.000746603	6697	0.725754	FALSE	ORF1ab:cds-YP_009724389.1	CGT	R	TGT	C	2730
NC_045512.2	8453	C	T	6692	6036	37	5	4	34	0.000746603	6697	0.725754	FALSE	ORF1ab:cds-YP_009725295.1	CGT	R	TGT	C	2730
NC_045512.2	8454	G	T	6178	5517	36	1	0	37	0.000161812	6180	0.992201	FALSE	ORF1ab:cds-YP_009724389.1	CGT	R	CTT	L	2730
NC_045512.2	8454	G	T	6178	5517	36	1	0	37	0.000161812	6180	0.992201	FALSE	ORF1ab:cds-YP_009725295.1	CGT	R	CTT	L	2730
NC_045512.2	8454	G	A	6178	5517	36	1	1	37	0.000161812	6180	0.992201	FALSE	ORF1ab:cds-YP_009724389.1	CGT	R	CAT	H	2730
NC_045512.2	8454	G	A	6178	5517	36	1	1	37	0.000161812	6180	0.992201	FALSE	ORF1ab:cds-YP_009725295.1	CGT	R	CAT	H	2730
NC_045512.2	8456	A	C	4710	4109	36	1	0	37	0.000212269	4711	0.9688	FALSE	ORF1ab:cds-YP_009724389.1	AGT	S	CGT	R	2731
NC_045512.2	8456	A	C	4710	4109	36	1	0	37	0.000212269	4711	0.9688	FALSE	ORF1ab:cds-YP_009725295.1	AGT	S	CGT	R	2731
NC_045512.2	8457	G	A	4648	4062	36	2	2	37	0.000430108	4650	0.890751	FALSE	ORF1ab:cds-YP_009724389.1	AGT	S	AAT	N	2731
NC_045512.2	8457	G	A	4648	4062	36	2	2	37	0.000430108	4650	0.890751	FALSE	ORF1ab:cds-YP_009725295.1	AGT	S	AAT	N	2731
NC_045512.2	8458	T	C	4468	3900	36	1	0	37	0.000223764	4469	0.968802	FALSE	ORF1ab:cds-YP_009724389.1	AGT	S	AGC	S	2731
NC_045512.2	8458	T	C	4468	3900	36	1	0	37	0.000223764	4469	0.968802	FALSE	ORF1ab:cds-YP_009725295.1	AGT	S	AGC	S	2731
NC_045512.2	8459	G	A	4359	3850	36	1	1	25	0.000229358	4360	1	FALSE	ORF1ab:cds-YP_009724389.1	GCT	A	ACT	T	2732
NC_045512.2	8459	G	A	4359	3850	36	1	1	25	0.000229358	4360	1	FALSE	ORF1ab:cds-YP_009725295.1	GCT	A	ACT	T	2732
NC_045512.2	8460	C	T	4392	3892	36	4	2	37	0.000909918	4396	0.636905	FALSE	ORF1ab:cds-YP_009724389.1	GCT	A	GTT	V	2732
NC_045512.2	8460	C	T	4392	3892	36	4	2	37	0.000909918	4396	0.636905	FALSE	ORF1ab:cds-YP_009725295.1	GCT	A	GTT	V	2732
NC_045512.2	8461	T	C	3256	2754	36	2	2	37	0.000613874	3258	0.812692	FALSE	ORF1ab:cds-YP_009724389.1	GCT	A	GCC	A	2732
NC_045512.2	8461	T	C	3256	2754	36	2	2	37	0.000613874	3258	0.812692	FALSE	ORF1ab:cds-YP_009725295.1	GCT	A	GCC	A	2732
NC_045512.2	8462	G	A	3300	2762	36	3	3	37	0.000908265	3303	0.656463	FALSE	ORF1ab:cds-YP_009724389.1	GCT	A	ACT	T	2733
NC_045512.2	8462	G	A	3300	2762	36	3	3	37	0.000908265	3303	0.656463	FALSE	ORF1ab:cds-YP_009725295.1	GCT	A	ACT	T	2733
NC_045512.2	8464	T	-A	3274	2735	36	1	0	20	0.000305437	3274	1	FALSE	NA	NA	NA	NA	NA	NA
NC_045512.2	8469	A	T	520	37	37	1	0	25	0.00191571	522	0.984599	FALSE	ORF1ab:cds-YP_009724389.1	AAG	K	ATG	M	2735
NC_045512.2	8469	A	T	520	37	37	1	0	25	0.00191571	522	0.984599	FALSE	ORF1ab:cds-YP_009725295.1	AAG	K	ATG	M	2735
NC_045512.2	8469	A	G	520	37	37	1	0	37	0.00191571	522	0.5	FALSE	ORF1ab:cds-YP_009724389.1	AAG	K	AGG	R	2735
NC_045512.2	8469	A	G	520	37	37	1	0	37	0.00191571	522	0.5	FALSE	ORF1ab:cds-YP_009725295.1	AAG	K	AGG	R	2735
NC_045512.2	8472	A	G	561	37	37	1	0	37	0.00177936	562	0.500445	FALSE	ORF1ab:cds-YP_009724389.1	AAT	N	AGT	S	2736
NC_045512.2	8472	A	G	561	37	37	1	0	37	0.00177936	562	0.500445	FALSE	ORF1ab:cds-YP_009725295.1	AAT	N	AGT	S	2736
NC_045512.2	8478	T	G	588	39	37	1	0	37	0.00169779	589	0.500425	FALSE	ORF1ab:cds-YP_009724389.1	TTA	L	TGA	*	2738
NC_045512.2	8478	T	G	588	39	37	1	0	37	0.00169779	589	0.500425	FALSE	ORF1ab:cds-YP_009725295.1	TTA	L	TGA	*	2738
NC_045512.2	8482	T	G	622	47	37	1	0	25	0.00160514	623	0.992362	FALSE	ORF1ab:cds-YP_009724389.1	CCT	P	CCG	P	2739
NC_045512.2	8482	T	G	622	47	37	1	0	25	0.00160514	623	0.992362	FALSE	ORF1ab:cds-YP_009725295.1	CCT	P	CCG	P	2739
NC_045512.2	8496	G	T	739	53	37	1	0	37	0.00135135	740	0.500338	FALSE	ORF1ab:cds-YP_009724389.1	TGT	C	TTT	F	2744
NC_045512.2	8496	G	T	739	53	37	1	0	37	0.00135135	740	0.500338	FALSE	ORF1ab:cds-YP_009725295.1	TGT	C	TTT	F	2744
NC_045512.2	8499	C	T	746	71	38	1	0	37	0.00133869	747	0.500335	FALSE	ORF1ab:cds-YP_009724389.1	GCA	A	GTA	V	2745
NC_045512.2	8499	C	T	746	71	38	1	0	37	0.00133869	747	0.500335	FALSE	ORF1ab:cds-YP_009725295.1	GCA	A	GTA	V	2745
NC_045512.2	8501	A	C	724	71	38	1	0	25	0.00137931	725	0.99619	FALSE	ORF1ab:cds-YP_009724389.1	ACT	T	CCT	P	2746
NC_045512.2	8501	A	C	724	71	38	1	0	25	0.00137931	725	0.99619	FALSE	ORF1ab:cds-YP_009725295.1	ACT	T	CCT	P	2746
NC_045512.2	8507	A	C	870	90	38	1	0	37	0.00114811	871	0.500287	FALSE	ORF1ab:cds-YP_009724389.1	AGA	R	CGA	R	2748
NC_045512.2	8507	A	C	870	90	38	1	0	37	0.00114811	871	0.500287	FALSE	ORF1ab:cds-YP_009725295.1	AGA	R	CGA	R	2748
NC_045512.2	8509	A	G	899	91	39	1	0	37	0.00111111	900	0.500278	FALSE	ORF1ab:cds-YP_009724389.1	AGA	R	AGG	R	2748
NC_045512.2	8509	A	G	899	91	39	1	0	37	0.00111111	900	0.500278	FALSE	ORF1ab:cds-YP_009725295.1	AGA	R	AGG	R	2748
NC_045512.2	8513	G	A	882	93	38	1	0	37	0.0011325	883	0.500283	FALSE	ORF1ab:cds-YP_009724389.1	GTT	V	ATT	I	2750
NC_045512.2	8513	G	A	882	93	38	1	0	37	0.0011325	883	0.500283	FALSE	ORF1ab:cds-YP_009725295.1	GTT	V	ATT	I	2750
NC_045512.2	8517	T	C	911	99	39	1	0	37	0.00109649	912	0.500274	FALSE	ORF1ab:cds-YP_009724389.1	GTT	V	GCT	A	2751
NC_045512.2	8517	T	C	911	99	39	1	0	37	0.00109649	912	0.500274	FALSE	ORF1ab:cds-YP_009725295.1	GTT	V	GCT	A	2751
NC_045512.2	8520	A	G	928	102	39	1	0	22	0.00107643	929	0.999052	FALSE	ORF1ab:cds-YP_009724389.1	AAT	N	AGT	S	2752
NC_045512.2	8520	A	G	928	102	39	1	0	22	0.00107643	929	0.999052	FALSE	ORF1ab:cds-YP_009725295.1	AAT	N	AGT	S	2752
NC_045512.2	8522	G	A	932	100	39	1	0	37	0.00107181	933	0.500268	FALSE	ORF1ab:cds-YP_009724389.1	GTT	V	ATT	I	2753
NC_045512.2	8522	G	A	932	100	39	1	0	37	0.00107181	933	0.500268	FALSE	ORF1ab:cds-YP_009725295.1	GTT	V	ATT	I	2753
NC_045512.2	8524	T	G	900	104	39	1	0	25	0.00110988	901	0.999053	FALSE	ORF1ab:cds-YP_009724389.1	GTT	V	GTG	V	2753
NC_045512.2	8524	T	G	900	104	39	1	0	25	0.00110988	901	0.999053	FALSE	ORF1ab:cds-YP_009725295.1	GTT	V	GTG	V	2753
NC_045512.2	8528	A	G	884	118	39	1	0	25	0.00112994	885	0.998096	FALSE	ORF1ab:cds-YP_009724389.1	ACA	T	GCA	A	2755
NC_045512.2	8528	A	G	884	118	39	1	0	25	0.00112994	885	0.998096	FALSE	ORF1ab:cds-YP_009725295.1	ACA	T	GCA	A	2755
NC_045512.2	8538	T	G	897	129	38	1	1	25	0.00111359	898	0.998095	FALSE	ORF1ab:cds-YP_009724389.1	ATA	I	AGA	R	2758
NC_045512.2	8538	T	G	897	129	38	1	1	25	0.00111359	898	0.998095	FALSE	ORF1ab:cds-YP_009725295.1	ATA	I	AGA	R	2758
NC_045512.2	8540	G	A	925	139	38	1	1	74	0.00107991	926	0.50027	FALSE	ORF1ab:cds-YP_009724389.1	GCA	A	ACA	T	2759
NC_045512.2	8540	G	A	925	139	38	1	1	74	0.00107991	926	0.50027	FALSE	ORF1ab:cds-YP_009725295.1	GCA	A	ACA	T	2759
NC_045512.2	8545	T	G	988	180	39	1	0	25	0.00101112	989	0.99905	FALSE	ORF1ab:cds-YP_009724389.1	CTT	L	CTG	L	2760
NC_045512.2	8545	T	G	988	180	39	1	0	25	0.00101112	989	0.99905	FALSE	ORF1ab:cds-YP_009725295.1	CTT	L	CTG	L	2760
NC_045512.2	8546	A	C	1021	188	39	1	0	25	0.000978474	1022	0.999527	FALSE	ORF1ab:cds-YP_009724389.1	AAG	K	CAG	Q	2761
NC_045512.2	8546	A	C	1021	188	39	1	0	25	0.000978474	1022	0.999527	FALSE	ORF1ab:cds-YP_009725295.1	AAG	K	CAG	Q	2761
NC_045512.2	8547	A	C	977	196	39	1	0	37	0.00102249	978	0.500256	FALSE	ORF1ab:cds-YP_009724389.1	AAG	K	ACG	T	2761
NC_045512.2	8547	A	C	977	196	39	1	0	37	0.00102249	978	0.500256	FALSE	ORF1ab:cds-YP_009725295.1	AAG	K	ACG	T	2761
NC_045512.2	8554	T	G	882	247	38	1	0	25	0.0011325	883	0.998096	FALSE	ORF1ab:cds-YP_009724389.1	GGT	G	GGG	G	2763
NC_045512.2	8554	T	G	882	247	38	1	0	25	0.0011325	883	0.998096	FALSE	ORF1ab:cds-YP_009725295.1	GGT	G	GGG	G	2763
NC_045512.2	8556	A	G	893	249	38	1	0	37	0.00111857	894	0.50028	FALSE	ORF1ab:cds-YP_009724389.1	AAA	K	AGA	R	2764
NC_045512.2	8556	A	G	893	249	38	1	0	37	0.00111857	894	0.50028	FALSE	ORF1ab:cds-YP_009725295.1	AAA	K	AGA	R	2764
NC_045512.2	8563	T	G	901	333	38	1	0	25	0.00110742	903	0.999048	FALSE	ORF1ab:cds-YP_009724389.1	GTT	V	GTG	V	2766
NC_045512.2	8563	T	G	901	333	38	1	0	25	0.00110742	903	0.999048	FALSE	ORF1ab:cds-YP_009725295.1	GTT	V	GTG	V	2766
NC_045512.2	8563	T	C	901	333	38	1	0	25	0.00110742	903	0.999048	FALSE	ORF1ab:cds-YP_009724389.1	GTT	V	GTC	V	2766
NC_045512.2	8563	T	C	901	333	38	1	0	25	0.00110742	903	0.999048	FALSE	ORF1ab:cds-YP_009725295.1	GTT	V	GTC	V	2766
NC_045512.2	8579	C	T	915	377	38	1	0	37	0.0010917	916	0.500273	FALSE	ORF1ab:cds-YP_009724389.1	CAG	Q	TAG	*	2772
NC_045512.2	8579	C	T	915	377	38	1	0	37	0.0010917	916	0.500273	FALSE	ORF1ab:cds-YP_009725295.1	CAG	Q	TAG	*	2772
NC_045512.2	8588	A	G	892	385	39	1	0	37	0.00111982	893	0.50028	FALSE	ORF1ab:cds-YP_009724389.1	AAA	K	GAA	E	2775
NC_045512.2	8588	A	G	892	385	39	1	0	37	0.00111982	893	0.50028	FALSE	ORF1ab:cds-YP_009725295.1	AAA	K	GAA	E	2775
NC_045512.2	8591	G	T	911	389	38	1	1	25	0.00109649	912	0.999053	FALSE	ORF1ab:cds-YP_009724389.1	GTT	V	TTT	F	2776
NC_045512.2	8591	G	T	911	389	38	1	1	25	0.00109649	912	0.999053	FALSE	ORF1ab:cds-YP_009725295.1	GTT	V	TTT	F	2776
NC_045512.2	8592	T	C	901	387	38	1	0	37	0.00110865	902	0.500277	FALSE	ORF1ab:cds-YP_009724389.1	GTT	V	GCT	A	2776
NC_045512.2	8592	T	C	901	387	38	1	0	37	0.00110865	902	0.500277	FALSE	ORF1ab:cds-YP_009725295.1	GTT	V	GCT	A	2776
NC_045512.2	8595	C	T	918	408	38	1	0	37	0.00108814	919	0.500272	FALSE	ORF1ab:cds-YP_009724389.1	ACA	T	ATA	I	2777
NC_045512.2	8595	C	T	918	408	38	1	0	37	0.00108814	919	0.500272	FALSE	ORF1ab:cds-YP_009725295.1	ACA	T	ATA	I	2777
NC_045512.2	8598	T	G	957	479	38	2	0	31	0.00208551	959	0.25013	FALSE	ORF1ab:cds-YP_009724389.1	CTT	L	CGT	R	2778
NC_045512.2	8598	T	G	957	479	38	2	0	31	0.00208551	959	0.25013	FALSE	ORF1ab:cds-YP_009725295.1	CTT	L	CGT	R	2778
NC_045512.2	8605	C	G	906	527	38	1	1	37	0.00110254	907	0.500276	FALSE	ORF1ab:cds-YP_009724389.1	TTC	F	TTG	L	2780
NC_045512.2	8605	C	G	906	527	38	1	1	37	0.00110254	907	0.500276	FALSE	ORF1ab:cds-YP_009725295.1	TTC	F	TTG	L	2780
NC_045512.2	8608	T	G	887	528	38	1	0	25	0.00112613	888	0.998096	FALSE	ORF1ab:cds-YP_009724389.1	CTT	L	CTG	L	2781
NC_045512.2	8608	T	G	887	528	38	1	0	25	0.00112613	888	0.998096	FALSE	ORF1ab:cds-YP_009725295.1	CTT	L	CTG	L	2781
NC_045512.2	8609	T	G	909	540	38	1	0	25	0.0010989	910	0.999053	FALSE	ORF1ab:cds-YP_009724389.1	TTT	F	GTT	V	2782
NC_045512.2	8609	T	G	909	540	38	1	0	25	0.0010989	910	0.999053	FALSE	ORF1ab:cds-YP_009725295.1	TTT	F	GTT	V	2782
NC_045512.2	8611	T	A	935	557	39	1	0	25	0.00106838	936	0.999052	FALSE	ORF1ab:cds-YP_009724389.1	TTT	F	TTA	L	2782
NC_045512.2	8611	T	A	935	557	39	1	0	25	0.00106838	936	0.999052	FALSE	ORF1ab:cds-YP_009725295.1	TTT	F	TTA	L	2782
NC_045512.2	8614	T	C	920	556	39	1	0	25	0.00108578	921	0.999052	FALSE	ORF1ab:cds-YP_009724389.1	GTT	V	GTC	V	2783
NC_045512.2	8614	T	C	920	556	39	1	0	25	0.00108578	921	0.999052	FALSE	ORF1ab:cds-YP_009725295.1	GTT	V	GTC	V	2783
NC_045512.2	8615	G	A	911	557	38	1	0	74	0.00109649	912	0.500274	FALSE	ORF1ab:cds-YP_009724389.1	GCT	A	ACT	T	2784
NC_045512.2	8615	G	A	911	557	38	1	0	74	0.00109649	912	0.500274	FALSE	ORF1ab:cds-YP_009725295.1	GCT	A	ACT	T	2784
NC_045512.2	8624	T	C	930	583	39	1	1	37	0.00107411	931	0.500269	FALSE	ORF1ab:cds-YP_009724389.1	TTC	F	CTC	L	2787
NC_045512.2	8624	T	C	930	583	39	1	1	37	0.00107411	931	0.500269	FALSE	ORF1ab:cds-YP_009725295.1	TTC	F	CTC	L	2787
NC_045512.2	8629	T	G	923	574	39	1	0	25	0.00108108	925	0.999047	FALSE	ORF1ab:cds-YP_009724389.1	TAT	Y	TAG	*	2788
NC_045512.2	8629	T	G	923	574	39	1	0	25	0.00108108	925	0.999047	FALSE	ORF1ab:cds-YP_009725295.1	TAT	Y	TAG	*	2788
NC_045512.2	8629	T	C	923	574	39	1	1	37	0.00108108	925	0.5	FALSE	ORF1ab:cds-YP_009724389.1	TAT	Y	TAC	Y	2788
NC_045512.2	8629	T	C	923	574	39	1	1	37	0.00108108	925	0.5	FALSE	ORF1ab:cds-YP_009725295.1	TAT	Y	TAC	Y	2788
NC_045512.2	8632	A	G	919	578	39	1	1	37	0.00108696	920	0.500272	FALSE	ORF1ab:cds-YP_009724389.1	TTA	L	TTG	L	2789
NC_045512.2	8632	A	G	919	578	39	1	1	37	0.00108696	920	0.500272	FALSE	ORF1ab:cds-YP_009725295.1	TTA	L	TTG	L	2789
NC_045512.2	8634	T	C	912	574	39	1	1	37	0.00109529	913	0.500274	FALSE	ORF1ab:cds-YP_009724389.1	ATA	I	ACA	T	2790
NC_045512.2	8634	T	C	912	574	39	1	1	37	0.00109529	913	0.500274	FALSE	ORF1ab:cds-YP_009725295.1	ATA	I	ACA	T	2790
NC_045512.2	8639	C	A	933	624	38	1	1	25	0.00107066	934	0.999052	FALSE	ORF1ab:cds-YP_009724389.1	CCT	P	ACT	T	2792
NC_045512.2	8639	C	A	933	624	38	1	1	25	0.00107066	934	0.999052	FALSE	ORF1ab:cds-YP_009725295.1	CCT	P	ACT	T	2792
NC_045512.2	8683	C	G	978	827	41	1	1	37	0.00102145	979	0.500255	FALSE	ORF1ab:cds-YP_009724389.1	ATC	I	ATG	M	2806
NC_045512.2	8683	C	G	978	827	41	1	1	37	0.00102145	979	0.500255	FALSE	ORF1ab:cds-YP_009725295.1	ATC	I	ATG	M	2806
NC_045512.2	8686	A	G	973	832	40	1	1	37	0.00102669	974	0.500257	FALSE	ORF1ab:cds-YP_009724389.1	ATA	I	ATG	M	2807
NC_045512.2	8686	A	G	973	832	40	1	1	37	0.00102669	974	0.500257	FALSE	ORF1ab:cds-YP_009725295.1	ATA	I	ATG	M	2807
NC_045512.2	8688	G	A	1003	863	41	1	1	25	0.000996016	1004	0.999528	FALSE	ORF1ab:cds-YP_009724389.1	GGA	G	GAA	E	2808
NC_045512.2	8688	G	A	1003	863	41	1	1	25	0.000996016	1004	0.999528	FALSE	ORF1ab:cds-YP_009725295.1	GGA	G	GAA	E	2808
NC_045512.2	8689	A	G	979	831	41	1	1	37	0.00102041	980	0.500255	FALSE	ORF1ab:cds-YP_009724389.1	GGA	G	GGG	G	2808
NC_045512.2	8689	A	G	979	831	41	1	1	37	0.00102041	980	0.500255	FALSE	ORF1ab:cds-YP_009725295.1	GGA	G	GGG	G	2808
NC_045512.2	8692	C	T	1002	869	40	1	1	25	0.000997009	1003	0.999528	FALSE	ORF1ab:cds-YP_009724389.1	TAC	Y	TAT	Y	2809
NC_045512.2	8692	C	T	1002	869	40	1	1	25	0.000997009	1003	0.999528	FALSE	ORF1ab:cds-YP_009725295.1	TAC	Y	TAT	Y	2809
NC_045512.2	8693	A	G	974	846	40	1	1	37	0.00102564	975	0.500257	FALSE	ORF1ab:cds-YP_009724389.1	AAG	K	GAG	E	2810
NC_045512.2	8693	A	G	974	846	40	1	1	37	0.00102564	975	0.500257	FALSE	ORF1ab:cds-YP_009725295.1	AAG	K	GAG	E	2810
NC_045512.2	8695	G	T	970	850	39	1	1	37	0.00102987	971	0.500258	FALSE	ORF1ab:cds-YP_009724389.1	AAG	K	AAT	N	2810
NC_045512.2	8695	G	T	970	850	39	1	1	37	0.00102987	971	0.500258	FALSE	ORF1ab:cds-YP_009725295.1	AAG	K	AAT	N	2810
NC_045512.2	8696	G	A	983	869	40	1	1	37	0.00101626	984	0.500254	FALSE	ORF1ab:cds-YP_009724389.1	GCT	A	ACT	T	2811
NC_045512.2	8696	G	A	983	869	40	1	1	37	0.00101626	984	0.500254	FALSE	ORF1ab:cds-YP_009725295.1	GCT	A	ACT	T	2811
NC_045512.2	8703	A	G	881	783	40	1	1	37	0.00113379	882	0.500284	FALSE	ORF1ab:cds-YP_009724389.1	GAT	D	GGT	G	2813
NC_045512.2	8703	A	G	881	783	40	1	1	37	0.00113379	882	0.500284	FALSE	ORF1ab:cds-YP_009725295.1	GAT	D	GGT	G	2813
NC_045512.2	8706	G	A	865	775	41	1	1	37	0.00115473	866	0.500289	FALSE	ORF1ab:cds-YP_009724389.1	GGT	G	GAT	D	2814
NC_045512.2	8706	G	A	865	775	41	1	1	37	0.00115473	866	0.500289	FALSE	ORF1ab:cds-YP_009725295.1	GGT	G	GAT	D	2814
NC_045512.2	8710	T	C	832	739	41	1	1	37	0.00120048	833	0.5003	FALSE	ORF1ab:cds-YP_009724389.1	GGT	G	GGC	G	2815
NC_045512.2	8710	T	C	832	739	41	1	1	37	0.00120048	833	0.5003	FALSE	ORF1ab:cds-YP_009725295.1	GGT	G	GGC	G	2815
NC_045512.2	8711	G	A	846	756	41	1	0	74	0.00118064	847	0.500295	FALSE	ORF1ab:cds-YP_009724389.1	GTC	V	ATC	I	2816
NC_045512.2	8711	G	A	846	756	41	1	0	74	0.00118064	847	0.500295	FALSE	ORF1ab:cds-YP_009725295.1	GTC	V	ATC	I	2816
NC_045512.2	8726	G	A	783	699	40	1	1	37	0.00127551	784	0.500319	FALSE	ORF1ab:cds-YP_009724389.1	GCA	A	ACA	T	2821
NC_045512.2	8726	G	A	783	699	40	1	1	37	0.00127551	784	0.500319	FALSE	ORF1ab:cds-YP_009725295.1	GCA	A	ACA	T	2821
NC_045512.2	8737	T	G	686	621	39	1	1	25	0.0014556	687	0.992346	FALSE	ORF1ab:cds-YP_009724389.1	GAT	D	GAG	E	2824
NC_045512.2	8737	T	G	686	621	39	1	1	25	0.0014556	687	0.992346	FALSE	ORF1ab:cds-YP_009725295.1	GAT	D	GAG	E	2824
NC_045512.2	8758	T	C	607	593	37	1	1	37	0.00164474	608	0.500412	FALSE	ORF1ab:cds-YP_009724389.1	CAT	H	CAC	H	2831
NC_045512.2	8758	T	C	607	593	37	1	1	37	0.00164474	608	0.500412	FALSE	ORF1ab:cds-YP_009725295.1	CAT	H	CAC	H	2831
NC_045512.2	8759	G	A	616	602	37	1	1	37	0.00162075	617	0.500406	FALSE	ORF1ab:cds-YP_009724389.1	GCT	A	ACT	T	2832
NC_045512.2	8759	G	A	616	602	37	1	1	37	0.00162075	617	0.500406	FALSE	ORF1ab:cds-YP_009725295.1	GCT	A	ACT	T	2832
NC_045512.2	8760	C	T	625	611	37	1	1	37	0.00159744	626	0.5004	FALSE	ORF1ab:cds-YP_009724389.1	GCT	A	GTT	V	2832
NC_045512.2	8760	C	T	625	611	37	1	1	37	0.00159744	626	0.5004	FALSE	ORF1ab:cds-YP_009725295.1	GCT	A	GTT	V	2832
NC_045512.2	8769	A	G	596	567	36	1	1	37	0.00167504	597	0.500419	FALSE	ORF1ab:cds-YP_009724389.1	GAC	D	GGC	G	2835
NC_045512.2	8769	A	G	596	567	36	1	1	37	0.00167504	597	0.500419	FALSE	ORF1ab:cds-YP_009725295.1	GAC	D	GGC	G	2835
NC_045512.2	8822	T	C	62	5	36	1	0	37	0.015873	63	0.504	FALSE	ORF1ab:cds-YP_009724389.1	TTG	L	CTG	L	2853
NC_045512.2	8822	T	C	62	5	36	1	0	37	0.015873	63	0.504	FALSE	ORF1ab:cds-YP_009725295.1	TTG	L	CTG	L	2853
NC_045512.2	8855	T	G	71	13	39	1	0	25	0.0138889	72	0.503497	FALSE	ORF1ab:cds-YP_009724389.1	TTT	F	GTT	V	2864
NC_045512.2	8855	T	G	71	13	39	1	0	25	0.0138889	72	0.503497	FALSE	ORF1ab:cds-YP_009725295.1	TTT	F	GTT	V	2864
NC_045512.2	8888	C	T	69	30	42	1	1	37	0.0142857	70	0.503597	FALSE	ORF1ab:cds-YP_009724389.1	CGC	R	TGC	C	2875
NC_045512.2	8888	C	T	69	30	42	1	1	37	0.0142857	70	0.503597	FALSE	ORF1ab:cds-YP_009725295.1	CGC	R	TGC	C	2875
NC_045512.2	8947	C	T	36	19	36	18	12	39	0.333333	54	8.35221e-07	TRUE	ORF1ab:cds-YP_009724389.1	AAC	N	AAT	N	2894
NC_045512.2	8947	C	T	36	19	36	18	12	39	0.333333	54	8.35221e-07	TRUE	ORF1ab:cds-YP_009725295.1	AAC	N	AAT	N	2894
NC_045512.2	9064	T	G	420	48	35	1	0	25	0.0023753	421	0.969305	FALSE	ORF1ab:cds-YP_009724389.1	TGT	C	TGG	W	2933
NC_045512.2	9064	T	G	420	48	35	1	0	25	0.0023753	421	0.969305	FALSE	ORF1ab:cds-YP_009725295.1	TGT	C	TGG	W	2933
NC_045512.2	9088	T	G	538	65	37	2	0	25	0.0037037	540	0.938411	FALSE	ORF1ab:cds-YP_009724389.1	GGT	G	GGG	G	2941
NC_045512.2	9088	T	G	538	65	37	2	0	25	0.0037037	540	0.938411	FALSE	ORF1ab:cds-YP_009725295.1	GGT	G	GGG	G	2941
NC_045512.2	9108	T	C	597	43	39	2	0	31	0.00333333	600	0.249791	FALSE	ORF1ab:cds-YP_009724389.1	TTA	L	TCA	S	2948
NC_045512.2	9108	T	C	597	43	39	2	0	31	0.00333333	600	0.249791	FALSE	ORF1ab:cds-YP_009725295.1	TTA	L	TCA	S	2948
NC_045512.2	9108	T	A	597	43	39	1	1	25	0.00166667	600	0.992233	FALSE	ORF1ab:cds-YP_009724389.1	TTA	L	TAA	*	2948
NC_045512.2	9108	T	A	597	43	39	1	1	25	0.00166667	600	0.992233	FALSE	ORF1ab:cds-YP_009725295.1	TTA	L	TAA	*	2948
NC_045512.2	9110	C	T	600	45	39	2	0	37	0.00332226	602	0.250208	FALSE	ORF1ab:cds-YP_009724389.1	CGC	R	TGC	C	2949
NC_045512.2	9110	C	T	600	45	39	2	0	37	0.00332226	602	0.250208	FALSE	ORF1ab:cds-YP_009725295.1	CGC	R	TGC	C	2949
NC_045512.2	9112	C	T	629	48	39	1	0	37	0.00158479	631	0.5	FALSE	ORF1ab:cds-YP_009724389.1	CGC	R	CGT	R	2949
NC_045512.2	9112	C	T	629	48	39	1	0	37	0.00158479	631	0.5	FALSE	ORF1ab:cds-YP_009725295.1	CGC	R	CGT	R	2949
NC_045512.2	9112	C	A	629	48	39	1	0	37	0.00158479	631	0.5	FALSE	ORF1ab:cds-YP_009724389.1	CGC	R	CGA	R	2949
NC_045512.2	9112	C	A	629	48	39	1	0	37	0.00158479	631	0.5	FALSE	ORF1ab:cds-YP_009725295.1	CGC	R	CGA	R	2949
NC_045512.2	9121	A	G	716	72	40	1	0	37	0.0013947	717	0.500349	FALSE	ORF1ab:cds-YP_009724389.1	ACA	T	ACG	T	2952
NC_045512.2	9121	A	G	716	72	40	1	0	37	0.0013947	717	0.500349	FALSE	ORF1ab:cds-YP_009725295.1	ACA	T	ACG	T	2952
NC_045512.2	9122	C	T	742	75	40	1	0	25	0.0013459	743	0.996188	FALSE	ORF1ab:cds-YP_009724389.1	CGT	R	TGT	C	2953
NC_045512.2	9122	C	T	742	75	40	1	0	25	0.0013459	743	0.996188	FALSE	ORF1ab:cds-YP_009725295.1	CGT	R	TGT	C	2953
NC_045512.2	9125	T	A	752	81	41	1	0	20	0.00132802	753	0.996187	FALSE	ORF1ab:cds-YP_009724389.1	TAT	Y	AAT	N	2954
NC_045512.2	9125	T	A	752	81	41	1	0	20	0.00132802	753	0.996187	FALSE	ORF1ab:cds-YP_009725295.1	TAT	Y	AAT	N	2954
NC_045512.2	9126	A	G	754	81	41	1	1	74	0.0013245	755	0.500331	FALSE	ORF1ab:cds-YP_009724389.1	TAT	Y	TGT	C	2954
NC_045512.2	9126	A	G	754	81	41	1	1	74	0.0013245	755	0.500331	FALSE	ORF1ab:cds-YP_009725295.1	TAT	Y	TGT	C	2954
NC_045512.2	9129	T	G	771	90	41	1	0	25	0.00129534	772	0.996184	FALSE	ORF1ab:cds-YP_009724389.1	GTG	V	GGG	G	2955
NC_045512.2	9129	T	G	771	90	41	1	0	25	0.00129534	772	0.996184	FALSE	ORF1ab:cds-YP_009725295.1	GTG	V	GGG	G	2955
NC_045512.2	9131	C	T	769	92	41	2	0	31	0.00259403	771	0.250162	FALSE	ORF1ab:cds-YP_009724389.1	CTC	L	TTC	F	2956
NC_045512.2	9131	C	T	769	92	41	2	0	31	0.00259403	771	0.250162	FALSE	ORF1ab:cds-YP_009725295.1	CTC	L	TTC	F	2956
NC_045512.2	9137	G	A	785	96	41	1	0	37	0.00127226	786	0.500318	FALSE	ORF1ab:cds-YP_009724389.1	GAT	D	AAT	N	2958
NC_045512.2	9137	G	A	785	96	41	1	0	37	0.00127226	786	0.500318	FALSE	ORF1ab:cds-YP_009725295.1	GAT	D	AAT	N	2958
NC_045512.2	9139	T	G	750	100	41	1	0	25	0.00133156	751	0.996187	FALSE	ORF1ab:cds-YP_009724389.1	GAT	D	GAG	E	2958
NC_045512.2	9139	T	G	750	100	41	1	0	25	0.00133156	751	0.996187	FALSE	ORF1ab:cds-YP_009725295.1	GAT	D	GAG	E	2958
NC_045512.2	9143	T	C	745	101	40	1	0	37	0.00134048	746	0.500335	FALSE	ORF1ab:cds-YP_009724389.1	TCT	S	CCT	P	2960
NC_045512.2	9143	T	C	745	101	40	1	0	37	0.00134048	746	0.500335	FALSE	ORF1ab:cds-YP_009725295.1	TCT	S	CCT	P	2960
NC_045512.2	9146	A	G	734	130	41	1	0	25	0.0013587	736	0.996168	FALSE	ORF1ab:cds-YP_009724389.1	ATT	I	GTT	V	2961
NC_045512.2	9146	A	G	734	130	41	1	0	25	0.0013587	736	0.996168	FALSE	ORF1ab:cds-YP_009725295.1	ATT	I	GTT	V	2961
NC_045512.2	9146	A	C	734	130	41	1	0	25	0.0013587	736	0.996168	FALSE	ORF1ab:cds-YP_009724389.1	ATT	I	CTT	L	2961
NC_045512.2	9146	A	C	734	130	41	1	0	25	0.0013587	736	0.996168	FALSE	ORF1ab:cds-YP_009725295.1	ATT	I	CTT	L	2961
NC_045512.2	9147	T	G	735	129	41	1	1	29	0.0013587	736	0.996189	FALSE	ORF1ab:cds-YP_009724389.1	ATT	I	AGT	S	2961
NC_045512.2	9147	T	G	735	129	41	1	1	29	0.0013587	736	0.996189	FALSE	ORF1ab:cds-YP_009725295.1	ATT	I	AGT	S	2961
NC_045512.2	9148	T	-A	725	132	41	1	0	20	0.00137931	725	0.996211	FALSE	NA	NA	NA	NA	NA	NA
NC_045512.2	9150	T	C	688	143	40	1	0	37	0.00145138	689	0.500363	FALSE	ORF1ab:cds-YP_009724389.1	ATT	I	ACT	T	2962
NC_045512.2	9150	T	C	688	143	40	1	0	37	0.00145138	689	0.500363	FALSE	ORF1ab:cds-YP_009725295.1	ATT	I	ACT	T	2962
NC_045512.2	9178	T	A	660	221	39	1	0	25	0.00151286	661	0.992352	FALSE	ORF1ab:cds-YP_009724389.1	GGT	G	GGA	G	2971
NC_045512.2	9178	T	A	660	221	39	1	0	25	0.00151286	661	0.992352	FALSE	ORF1ab:cds-YP_009725295.1	GGT	G	GGA	G	2971
NC_045512.2	9182	G	A	712	244	39	1	0	37	0.00140252	713	0.500351	FALSE	ORF1ab:cds-YP_009724389.1	GTT	V	ATT	I	2973
NC_045512.2	9182	G	A	712	244	39	1	0	37	0.00140252	713	0.500351	FALSE	ORF1ab:cds-YP_009725295.1	GTT	V	ATT	I	2973
NC_045512.2	9183	T	G	686	246	38	1	0	25	0.00145349	688	0.992307	FALSE	ORF1ab:cds-YP_009724389.1	GTT	V	GGT	G	2973
NC_045512.2	9183	T	G	686	246	38	1	0	25	0.00145349	688	0.992307	FALSE	ORF1ab:cds-YP_009725295.1	GTT	V	GGT	G	2973
NC_045512.2	9183	T	C	686	246	38	1	0	25	0.00145349	688	0.992307	FALSE	ORF1ab:cds-YP_009724389.1	GTT	V	GCT	A	2973
NC_045512.2	9183	T	C	686	246	38	1	0	25	0.00145349	688	0.992307	FALSE	ORF1ab:cds-YP_009725295.1	GTT	V	GCT	A	2973
NC_045512.2	9204	A	G	764	357	39	1	0	25	0.00130719	765	0.996185	FALSE	ORF1ab:cds-YP_009724389.1	GAT	D	GGT	G	2980
NC_045512.2	9204	A	G	764	357	39	1	0	25	0.00130719	765	0.996185	FALSE	ORF1ab:cds-YP_009725295.1	GAT	D	GGT	G	2980
NC_045512.2	9208	T	G	738	347	40	1	0	37	0.00135318	739	0.500339	FALSE	ORF1ab:cds-YP_009724389.1	TCT	S	TCG	S	2981
NC_045512.2	9208	T	G	738	347	40	1	0	37	0.00135318	739	0.500339	FALSE	ORF1ab:cds-YP_009725295.1	TCT	S	TCG	S	2981
NC_045512.2	9212	T	G	768	357	39	1	1	25	0.00130039	769	0.996185	FALSE	ORF1ab:cds-YP_009724389.1	TAC	Y	GAC	D	2983
NC_045512.2	9212	T	G	768	357	39	1	1	25	0.00130039	769	0.996185	FALSE	ORF1ab:cds-YP_009725295.1	TAC	Y	GAC	D	2983
NC_045512.2	9214	C	A	778	374	39	1	1	37	0.0012837	779	0.500321	FALSE	ORF1ab:cds-YP_009724389.1	TAC	Y	TAA	*	2983
NC_045512.2	9214	C	A	778	374	39	1	1	37	0.0012837	779	0.500321	FALSE	ORF1ab:cds-YP_009725295.1	TAC	Y	TAA	*	2983
NC_045512.2	9217	T	C	747	353	38	1	0	37	0.0013369	748	0.500334	FALSE	ORF1ab:cds-YP_009724389.1	TGT	C	TGC	C	2984
NC_045512.2	9217	T	C	747	353	38	1	0	37	0.0013369	748	0.500334	FALSE	ORF1ab:cds-YP_009725295.1	TGT	C	TGC	C	2984
NC_045512.2	9220	G	A	734	340	38	1	0	37	0.00136054	735	0.50034	FALSE	ORF1ab:cds-YP_009724389.1	AGG	R	AGA	R	2985
NC_045512.2	9220	G	A	734	340	38	1	0	37	0.00136054	735	0.50034	FALSE	ORF1ab:cds-YP_009725295.1	AGG	R	AGA	R	2985
NC_045512.2	9224	G	A	696	361	38	1	1	37	0.00143472	697	0.500359	FALSE	ORF1ab:cds-YP_009724389.1	GGC	G	AGC	S	2987
NC_045512.2	9224	G	A	696	361	38	1	1	37	0.00143472	697	0.500359	FALSE	ORF1ab:cds-YP_009725295.1	GGC	G	AGC	S	2987
NC_045512.2	9225	G	A	693	356	38	1	1	37	0.00144092	694	0.50036	FALSE	ORF1ab:cds-YP_009724389.1	GGC	G	GAC	D	2987
NC_045512.2	9225	G	A	693	356	38	1	1	37	0.00144092	694	0.50036	FALSE	ORF1ab:cds-YP_009725295.1	GGC	G	GAC	D	2987
NC_045512.2	9230	T	G	690	357	38	1	0	29	0.00144718	691	0.992345	FALSE	ORF1ab:cds-YP_009724389.1	TGT	C	GGT	G	2989
NC_045512.2	9230	T	G	690	357	38	1	0	29	0.00144718	691	0.992345	FALSE	ORF1ab:cds-YP_009725295.1	TGT	C	GGT	G	2989
NC_045512.2	9235	A	G	740	431	38	1	1	37	0.00134953	741	0.500338	FALSE	ORF1ab:cds-YP_009724389.1	GAA	E	GAG	E	2990
NC_045512.2	9235	A	G	740	431	38	1	1	37	0.00134953	741	0.500338	FALSE	ORF1ab:cds-YP_009725295.1	GAA	E	GAG	E	2990
NC_045512.2	9244	A	C	750	450	38	1	0	37	0.00133156	751	0.500333	FALSE	ORF1ab:cds-YP_009724389.1	GAA	E	GAC	D	2993
NC_045512.2	9244	A	C	750	450	38	1	0	37	0.00133156	751	0.500333	FALSE	ORF1ab:cds-YP_009725295.1	GAA	E	GAC	D	2993
NC_045512.2	9247	T	G	708	425	38	1	0	25	0.00141044	709	0.996192	FALSE	ORF1ab:cds-YP_009724389.1	GCT	A	GCG	A	2994
NC_045512.2	9247	T	G	708	425	38	1	0	25	0.00141044	709	0.996192	FALSE	ORF1ab:cds-YP_009725295.1	GCT	A	GCG	A	2994
NC_045512.2	9248	G	A	706	419	38	1	0	37	0.00141443	707	0.500354	FALSE	ORF1ab:cds-YP_009724389.1	GGT	G	AGT	S	2995
NC_045512.2	9248	G	A	706	419	38	1	0	37	0.00141443	707	0.500354	FALSE	ORF1ab:cds-YP_009725295.1	GGT	G	AGT	S	2995
NC_045512.2	9254	T	C	711	421	38	1	1	37	0.00140449	712	0.500351	FALSE	ORF1ab:cds-YP_009724389.1	TGT	C	CGT	R	2997
NC_045512.2	9254	T	C	711	421	38	1	1	37	0.00140449	712	0.500351	FALSE	ORF1ab:cds-YP_009725295.1	TGT	C	CGT	R	2997
NC_045512.2	9259	A	C	691	431	38	1	1	25	0.00144509	692	0.992345	FALSE	ORF1ab:cds-YP_009724389.1	GTA	V	GTC	V	2998
NC_045512.2	9259	A	C	691	431	38	1	1	25	0.00144509	692	0.992345	FALSE	ORF1ab:cds-YP_009725295.1	GTA	V	GTC	V	2998
NC_045512.2	9265	T	C	718	481	38	1	1	37	0.00139082	719	0.500348	FALSE	ORF1ab:cds-YP_009724389.1	ACT	T	ACC	T	3000
NC_045512.2	9265	T	C	718	481	38	1	1	37	0.00139082	719	0.500348	FALSE	ORF1ab:cds-YP_009725295.1	ACT	T	ACC	T	3000
NC_045512.2	9272	A	C	682	484	39	1	1	29	0.00146413	683	0.992347	FALSE	ORF1ab:cds-YP_009724389.1	AGA	R	CGA	R	3003
NC_045512.2	9272	A	C	682	484	39	1	1	29	0.00146413	683	0.992347	FALSE	ORF1ab:cds-YP_009725295.1	AGA	R	CGA	R	3003
NC_045512.2	9275	T	G	708	506	39	1	1	25	0.00141044	709	0.996192	FALSE	ORF1ab:cds-YP_009724389.1	TGG	W	GGG	G	3004
NC_045512.2	9275	T	G	708	506	39	1	1	25	0.00141044	709	0.996192	FALSE	ORF1ab:cds-YP_009725295.1	TGG	W	GGG	G	3004
NC_045512.2	9278	G	A	696	487	39	1	1	37	0.00143472	697	0.500359	FALSE	ORF1ab:cds-YP_009724389.1	GTA	V	ATA	I	3005
NC_045512.2	9278	G	A	696	487	39	1	1	37	0.00143472	697	0.500359	FALSE	ORF1ab:cds-YP_009725295.1	GTA	V	ATA	I	3005
NC_045512.2	9280	A	C	670	476	38	1	0	25	0.00149031	671	0.99235	FALSE	ORF1ab:cds-YP_009724389.1	GTA	V	GTC	V	3005
NC_045512.2	9280	A	C	670	476	38	1	0	25	0.00149031	671	0.99235	FALSE	ORF1ab:cds-YP_009725295.1	GTA	V	GTC	V	3005
NC_045512.2	9281	C	T	688	518	38	1	1	37	0.00145138	689	0.500363	FALSE	ORF1ab:cds-YP_009724389.1	CTT	L	TTT	F	3006
NC_045512.2	9281	C	T	688	518	38	1	1	37	0.00145138	689	0.500363	FALSE	ORF1ab:cds-YP_009725295.1	CTT	L	TTT	F	3006
NC_045512.2	9285	A	C	674	507	39	1	1	25	0.00148148	675	0.992349	FALSE	ORF1ab:cds-YP_009724389.1	AAC	N	ACC	T	3007
NC_045512.2	9285	A	C	674	507	39	1	1	25	0.00148148	675	0.992349	FALSE	ORF1ab:cds-YP_009725295.1	AAC	N	ACC	T	3007
NC_045512.2	9289	T	G	644	487	39	1	0	25	0.00155039	645	0.992356	FALSE	ORF1ab:cds-YP_009724389.1	AAT	N	AAG	K	3008
NC_045512.2	9289	T	G	644	487	39	1	0	25	0.00155039	645	0.992356	FALSE	ORF1ab:cds-YP_009725295.1	AAT	N	AAG	K	3008
NC_045512.2	9297	A	G	694	550	39	1	1	37	0.00143885	695	0.50036	FALSE	ORF1ab:cds-YP_009724389.1	TAC	Y	TGC	C	3011
NC_045512.2	9297	A	G	694	550	39	1	1	37	0.00143885	695	0.50036	FALSE	ORF1ab:cds-YP_009725295.1	TAC	Y	TGC	C	3011
NC_045512.2	9298	C	T	720	578	39	1	1	48	0.00138696	721	0.500347	FALSE	ORF1ab:cds-YP_009724389.1	TAC	Y	TAT	Y	3011
NC_045512.2	9298	C	T	720	578	39	1	1	48	0.00138696	721	0.500347	FALSE	ORF1ab:cds-YP_009725295.1	TAC	Y	TAT	Y	3011
NC_045512.2	9302	T	C	669	528	39	1	1	25	0.00149254	670	0.99235	FALSE	ORF1ab:cds-YP_009724389.1	TCT	S	CCT	P	3013
NC_045512.2	9302	T	C	669	528	39	1	1	25	0.00149254	670	0.99235	FALSE	ORF1ab:cds-YP_009725295.1	TCT	S	CCT	P	3013
NC_045512.2	9307	A	G	651	528	40	1	1	37	0.00153374	652	0.500384	FALSE	ORF1ab:cds-YP_009724389.1	TTA	L	TTG	L	3014
NC_045512.2	9307	A	G	651	528	40	1	1	37	0.00153374	652	0.500384	FALSE	ORF1ab:cds-YP_009725295.1	TTA	L	TTG	L	3014
NC_045512.2	9318	T	C	734	656	38	1	1	37	0.00136054	735	0.50034	FALSE	ORF1ab:cds-YP_009724389.1	TTC	F	TCC	S	3018
NC_045512.2	9318	T	C	734	656	38	1	1	37	0.00136054	735	0.50034	FALSE	ORF1ab:cds-YP_009725295.1	TTC	F	TCC	S	3018
NC_045512.2	9320	T	C	717	639	38	1	1	37	0.00139276	718	0.500348	FALSE	ORF1ab:cds-YP_009724389.1	TGT	C	CGT	R	3019
NC_045512.2	9320	T	C	717	639	38	1	1	37	0.00139276	718	0.500348	FALSE	ORF1ab:cds-YP_009725295.1	TGT	C	CGT	R	3019
NC_045512.2	9337	A	C	592	527	38	1	0	37	0.00168634	593	0.500422	FALSE	ORF1ab:cds-YP_009724389.1	GTA	V	GTC	V	3024
NC_045512.2	9337	A	C	592	527	38	1	0	37	0.00168634	593	0.500422	FALSE	ORF1ab:cds-YP_009725295.1	GTA	V	GTC	V	3024
NC_045512.2	9344	C	T	0	0	0	574	522	37	1	574	0	TRUE	ORF1ab:cds-YP_009724389.1	CTT	L	TTT	F	3027
NC_045512.2	9344	C	T	0	0	0	574	522	37	1	574	0	TRUE	ORF1ab:cds-YP_009725295.1	CTT	L	TTT	F	3027
NC_045512.2	9362	C	T	517	482	36	1	1	37	0.0019305	518	0.500483	FALSE	ORF1ab:cds-YP_009724389.1	CCA	P	TCA	S	3033
NC_045512.2	9362	C	T	517	482	36	1	1	37	0.0019305	518	0.500483	FALSE	ORF1ab:cds-YP_009725295.1	CCA	P	TCA	S	3033
NC_045512.2	9363	C	T	500	466	36	1	1	25	0.00199203	502	0.984608	FALSE	ORF1ab:cds-YP_009724389.1	CCA	P	CTA	L	3033
NC_045512.2	9363	C	T	500	466	36	1	1	25	0.00199203	502	0.984608	FALSE	ORF1ab:cds-YP_009725295.1	CCA	P	CTA	L	3033
NC_045512.2	9363	C	G	500	466	36	1	1	37	0.00199203	502	0.5	FALSE	ORF1ab:cds-YP_009724389.1	CCA	P	CGA	R	3033
NC_045512.2	9363	C	G	500	466	36	1	1	37	0.00199203	502	0.5	FALSE	ORF1ab:cds-YP_009725295.1	CCA	P	CGA	R	3033
NC_045512.2	9364	A	T	474	440	36	1	1	25	0.00210526	475	0.969242	FALSE	ORF1ab:cds-YP_009724389.1	CCA	P	CCT	P	3033
NC_045512.2	9364	A	T	474	440	36	1	1	25	0.00210526	475	0.969242	FALSE	ORF1ab:cds-YP_009725295.1	CCA	P	CCT	P	3033
NC_045512.2	9384	C	-T	316	302	36	1	0	20	0.00316456	316	0.938877	FALSE	NA	NA	NA	NA	NA	NA
NC_045512.2	9385	T	G	299	287	36	1	0	25	0.00333333	300	0.938126	FALSE	ORF1ab:cds-YP_009724389.1	GCT	A	GCG	A	3040
NC_045512.2	9385	T	G	299	287	36	1	0	25	0.00333333	300	0.938126	FALSE	ORF1ab:cds-YP_009725295.1	GCT	A	GCG	A	3040
NC_045512.2	9391	C	T	286	283	36	2	2	37	0.00694444	288	0.250435	FALSE	ORF1ab:cds-YP_009724389.1	GAC	D	GAT	D	3042
NC_045512.2	9391	C	T	286	283	36	2	2	37	0.00694444	288	0.250435	FALSE	ORF1ab:cds-YP_009725295.1	GAC	D	GAT	D	3042
NC_045512.2	9741	A	C	10	4	35	1	0	25	0.0909091	11	0.52381	FALSE	ORF1ab:cds-YP_009724389.1	AAT	N	ACT	T	3159
NC_045512.2	9741	A	C	10	4	35	1	0	25	0.0909091	11	0.52381	FALSE	ORF1ab:cds-YP_009725295.1	AAT	N	ACT	T	3159
NC_045512.2	9866	C	T	0	0	0	19	17	40	1	19	5.65847e-11	TRUE	ORF1ab:cds-YP_009724389.1	CTT	L	TTT	F	3201
NC_045512.2	9866	C	T	0	0	0	19	17	40	1	19	5.65847e-11	TRUE	ORF1ab:cds-YP_009725295.1	CTT	L	TTT	F	3201
NC_045512.2	9903	A	C	10	10	35	1	1	25	0.0909091	11	0.52381	FALSE	ORF1ab:cds-YP_009724389.1	AAG	K	ACG	T	3213
NC_045512.2	9903	A	C	10	10	35	1	1	25	0.0909091	11	0.52381	FALSE	ORF1ab:cds-YP_009725295.1	AAG	K	ACG	T	3213
NC_045512.2	9961	T	C	79	4	37	1	0	37	0.0125	80	0.503145	FALSE	ORF1ab:cds-YP_009724389.1	TGT	C	TGC	C	3232
NC_045512.2	9961	T	C	79	4	37	1	0	37	0.0125	80	0.503145	FALSE	ORF1ab:cds-YP_009725295.1	TGT	C	TGC	C	3232
NC_045512.2	9968	G	A	81	4	37	1	0	37	0.0121951	82	0.503067	FALSE	ORF1ab:cds-YP_009724389.1	GCA	A	ACA	T	3235
NC_045512.2	9968	G	A	81	4	37	1	0	37	0.0121951	82	0.503067	FALSE	ORF1ab:cds-YP_009725295.1	GCA	A	ACA	T	3235
NC_045512.2	9974	G	A	86	4	37	1	0	25	0.0114943	87	0.50289	FALSE	ORF1ab:cds-YP_009724389.1	GCT	A	ACT	T	3237
NC_045512.2	9974	G	A	86	4	37	1	0	25	0.0114943	87	0.50289	FALSE	ORF1ab:cds-YP_009725295.1	GCT	A	ACT	T	3237
NC_045512.2	10029	C	T	0	0	0	135	34	39	1	135	2.17308e-80	TRUE	ORF1ab:cds-YP_009724389.1	ACC	T	ATC	I	3255
NC_045512.2	10029	C	T	0	0	0	135	34	39	1	135	2.17308e-80	TRUE	ORF1ab:cds-YP_009725295.1	ACC	T	ATC	I	3255
NC_045512.2	10055	A	T	139	58	37	1	0	25	0.00714286	140	0.752688	FALSE	ORF1ab:cds-YP_009724389.1	AGT	S	TGT	C	3264
NC_045512.2	10055	A	T	139	58	37	1	0	25	0.00714286	140	0.752688	FALSE	ORF1ab:cds-YP_009725295.1	AGT	S	TGT	C	3264
NC_045512.2	10068	A	C	139	65	39	1	0	37	0.00714286	140	0.501792	FALSE	ORF1ab:cds-YP_009724389.1	AAA	K	ACA	T	3268
NC_045512.2	10068	A	C	139	65	39	1	0	37	0.00714286	140	0.501792	FALSE	ORF1ab:cds-YP_009725295.1	AAA	K	ACA	T	3268
NC_045512.2	10076	T	G	137	73	39	1	1	25	0.00724638	138	0.752727	FALSE	ORF1ab:cds-YP_009724389.1	TTC	F	GTC	V	3271
NC_045512.2	10076	T	G	137	73	39	1	1	25	0.00724638	138	0.752727	FALSE	ORF1ab:cds-YP_009725295.1	TTC	F	GTC	V	3271
NC_045512.2	10156	C	T	119	82	36	1	1	37	0.00833333	120	0.502092	FALSE	ORF1ab:cds-YP_009724389.1	GAC	D	GAT	D	3297
NC_045512.2	10156	C	T	119	82	36	1	1	37	0.00833333	120	0.502092	FALSE	ORF1ab:cds-YP_009725295.1	GAC	D	GAT	D	3297
NC_045512.2	10157	G	A	122	83	37	1	1	37	0.00813008	123	0.502041	FALSE	ORF1ab:cds-YP_009724389.1	GTA	V	ATA	I	3298
NC_045512.2	10157	G	A	122	83	37	1	1	37	0.00813008	123	0.502041	FALSE	ORF1ab:cds-YP_009725295.1	GTA	V	ATA	I	3298
NC_045512.2	10198	C	T	0	0	0	112	88	43	1	112	1.39309e-66	TRUE	ORF1ab:cds-YP_009724389.1	GAC	D	GAT	D	3311
NC_045512.2	10198	C	T	0	0	0	112	88	43	1	112	1.39309e-66	TRUE	ORF1ab:cds-YP_009725295.1	GAC	D	GAT	D	3311
NC_045512.2	10199	A	C	112	89	42	1	1	29	0.00884956	113	0.753333	FALSE	ORF1ab:cds-YP_009724389.1	ATG	M	CTG	L	3312
NC_045512.2	10199	A	C	112	89	42	1	1	29	0.00884956	113	0.753333	FALSE	ORF1ab:cds-YP_009725295.1	ATG	M	CTG	L	3312
NC_045512.2	10252	C	A	3031	167	36	1	0	25	0.000329815	3032	1	FALSE	ORF1ab:cds-YP_009724389.1	TTC	F	TTA	L	3329
NC_045512.2	10252	C	A	3031	167	36	1	0	25	0.000329815	3032	1	FALSE	ORF1ab:cds-YP_009725295.1	TTC	F	TTA	L	3329
NC_045512.2	10255	G	A	3456	175	36	1	0	37	0.000289268	3457	0.93759	FALSE	ORF1ab:cds-YP_009724389.1	TTG	L	TTA	L	3330
NC_045512.2	10255	G	A	3456	175	36	1	0	37	0.000289268	3457	0.93759	FALSE	ORF1ab:cds-YP_009725295.1	TTG	L	TTA	L	3330
NC_045512.2	10256	G	T	4195	178	36	1	0	25	0.000238265	4197	1	FALSE	ORF1ab:cds-YP_009724389.1	GTA	V	TTA	L	3331
NC_045512.2	10256	G	T	4195	178	36	1	0	25	0.000238265	4197	1	FALSE	ORF1ab:cds-YP_009725295.1	GTA	V	TTA	L	3331
NC_045512.2	10256	G	A	4195	178	36	1	0	37	0.000238265	4197	0.968787	FALSE	ORF1ab:cds-YP_009724389.1	GTA	V	ATA	I	3331
NC_045512.2	10256	G	A	4195	178	36	1	0	37	0.000238265	4197	0.968787	FALSE	ORF1ab:cds-YP_009725295.1	GTA	V	ATA	I	3331
NC_045512.2	10258	A	C	3976	200	35	1	0	37	0.000251446	3977	0.937579	FALSE	ORF1ab:cds-YP_009724389.1	GTA	V	GTC	V	3331
NC_045512.2	10258	A	C	3976	200	35	1	0	37	0.000251446	3977	0.937579	FALSE	ORF1ab:cds-YP_009725295.1	GTA	V	GTC	V	3331
NC_045512.2	10259	C	T	4225	211	36	1	0	37	0.00023663	4226	0.968805	FALSE	ORF1ab:cds-YP_009724389.1	CAG	Q	TAG	*	3332
NC_045512.2	10259	C	T	4225	211	36	1	0	37	0.00023663	4226	0.968805	FALSE	ORF1ab:cds-YP_009725295.1	CAG	Q	TAG	*	3332
NC_045512.2	10260	A	T	4217	226	36	1	0	37	0.000236463	4229	0.968602	FALSE	ORF1ab:cds-YP_009724389.1	CAG	Q	CTG	L	3332
NC_045512.2	10260	A	T	4217	226	36	1	0	37	0.000236463	4229	0.968602	FALSE	ORF1ab:cds-YP_009725295.1	CAG	Q	CTG	L	3332
NC_045512.2	10260	A	G	4217	226	36	11	11	37	0.00260109	4229	0.059072	FALSE	ORF1ab:cds-YP_009724389.1	CAG	Q	CGG	R	3332
NC_045512.2	10260	A	G	4217	226	36	11	11	37	0.00260109	4229	0.059072	FALSE	ORF1ab:cds-YP_009725295.1	CAG	Q	CGG	R	3332
NC_045512.2	10260	A	+G	4217	226	36	5	0	20	0.00118231	4229	1	FALSE	NA	NA	NA	NA	NA	NA
NC_045512.2	10261	G	T	7263	239	36	1	0	37	0.000137665	7264	0.996103	FALSE	ORF1ab:cds-YP_009724389.1	CAG	Q	CAT	H	3332
NC_045512.2	10261	G	T	7263	239	36	1	0	37	0.000137665	7264	0.996103	FALSE	ORF1ab:cds-YP_009725295.1	CAG	Q	CAT	H	3332
NC_045512.2	10262	G	T	7446	406	37	1	0	25	0.000134174	7453	1	FALSE	ORF1ab:cds-YP_009724389.1	GCT	A	TCT	S	3333
NC_045512.2	10262	G	T	7446	406	37	1	0	25	0.000134174	7453	1	FALSE	ORF1ab:cds-YP_009725295.1	GCT	A	TCT	S	3333
NC_045512.2	10262	G	A	7446	406	37	6	0	35	0.000805045	7453	0.709557	FALSE	ORF1ab:cds-YP_009724389.1	GCT	A	ACT	T	3333
NC_045512.2	10262	G	A	7446	406	37	6	0	35	0.000805045	7453	0.709557	FALSE	ORF1ab:cds-YP_009725295.1	GCT	A	ACT	T	3333
NC_045512.2	10263	C	T	6874	349	36	2	0	37	0.000290867	6876	0.964899	FALSE	ORF1ab:cds-YP_009724389.1	GCT	A	GTT	V	3333
NC_045512.2	10263	C	T	6874	349	36	2	0	37	0.000290867	6876	0.964899	FALSE	ORF1ab:cds-YP_009725295.1	GCT	A	GTT	V	3333
NC_045512.2	10264	T	G	6991	354	37	3	1	29	0.000428755	6997	1	FALSE	ORF1ab:cds-YP_009724389.1	GCT	A	GCG	A	3333
NC_045512.2	10264	T	G	6991	354	37	3	1	29	0.000428755	6997	1	FALSE	ORF1ab:cds-YP_009725295.1	GCT	A	GCG	A	3333
NC_045512.2	10264	T	C	6991	354	37	1	0	37	0.000142918	6997	0.992184	FALSE	ORF1ab:cds-YP_009724389.1	GCT	A	GCC	A	3333
NC_045512.2	10264	T	C	6991	354	37	1	0	37	0.000142918	6997	0.992184	FALSE	ORF1ab:cds-YP_009725295.1	GCT	A	GCC	A	3333
NC_045512.2	10264	T	A	6991	354	37	2	2	31	0.000285837	6997	0.964836	FALSE	ORF1ab:cds-YP_009724389.1	GCT	A	GCA	A	3333
NC_045512.2	10264	T	A	6991	354	37	2	2	31	0.000285837	6997	0.964836	FALSE	ORF1ab:cds-YP_009725295.1	GCT	A	GCA	A	3333
NC_045512.2	10265	G	A	7967	374	37	1	0	37	0.000125502	7968	0.996103	FALSE	ORF1ab:cds-YP_009724389.1	GGT	G	AGT	S	3334
NC_045512.2	10265	G	A	7967	374	37	1	0	37	0.000125502	7968	0.996103	FALSE	ORF1ab:cds-YP_009725295.1	GGT	G	AGT	S	3334
NC_045512.2	10266	G	A	8529	376	37	3	0	33	0.000351617	8532	0.967342	FALSE	ORF1ab:cds-YP_009724389.1	GGT	G	GAT	D	3334
NC_045512.2	10266	G	A	8529	376	37	3	0	33	0.000351617	8532	0.967342	FALSE	ORF1ab:cds-YP_009725295.1	GGT	G	GAT	D	3334
NC_045512.2	10267	T	C	8455	387	37	1	0	37	0.000118259	8456	0.998052	FALSE	ORF1ab:cds-YP_009724389.1	GGT	G	GGC	G	3334
NC_045512.2	10267	T	C	8455	387	37	1	0	37	0.000118259	8456	0.998052	FALSE	ORF1ab:cds-YP_009725295.1	GGT	G	GGC	G	3334
NC_045512.2	10268	A	G	8306	387	36	2	0	37	0.000240732	8308	0.989282	FALSE	ORF1ab:cds-YP_009724389.1	AAT	N	GAT	D	3335
NC_045512.2	10268	A	G	8306	387	36	2	0	37	0.000240732	8308	0.989282	FALSE	ORF1ab:cds-YP_009725295.1	AAT	N	GAT	D	3335
NC_045512.2	10269	A	C	8135	387	36	1	0	25	0.000122911	8136	1	FALSE	ORF1ab:cds-YP_009724389.1	AAT	N	ACT	T	3335
NC_045512.2	10269	A	C	8135	387	36	1	0	25	0.000122911	8136	1	FALSE	ORF1ab:cds-YP_009725295.1	AAT	N	ACT	T	3335
NC_045512.2	10270	T	G	8485	393	37	1	0	25	0.000117827	8487	1	FALSE	ORF1ab:cds-YP_009724389.1	AAT	N	AAG	K	3335
NC_045512.2	10270	T	G	8485	393	37	1	0	25	0.000117827	8487	1	FALSE	ORF1ab:cds-YP_009725295.1	AAT	N	AAG	K	3335
NC_045512.2	10270	T	C	8485	393	37	1	0	37	0.000117827	8487	0.998051	FALSE	ORF1ab:cds-YP_009724389.1	AAT	N	AAC	N	3335
NC_045512.2	10270	T	C	8485	393	37	1	0	37	0.000117827	8487	0.998051	FALSE	ORF1ab:cds-YP_009725295.1	AAT	N	AAC	N	3335
NC_045512.2	10271	G	T	9955	394	37	1	0	37	0.000100442	9956	0.999026	FALSE	ORF1ab:cds-YP_009724389.1	GTT	V	TTT	F	3336
NC_045512.2	10271	G	T	9955	394	37	1	0	37	0.000100442	9956	0.999026	FALSE	ORF1ab:cds-YP_009725295.1	GTT	V	TTT	F	3336
NC_045512.2	10272	T	G	9449	393	36	7	1	27	0.000740114	9458	1	FALSE	ORF1ab:cds-YP_009724389.1	GTT	V	GGT	G	3336
NC_045512.2	10272	T	G	9449	393	36	7	1	27	0.000740114	9458	1	FALSE	ORF1ab:cds-YP_009725295.1	GTT	V	GGT	G	3336
NC_045512.2	10272	T	C	9449	393	36	1	1	37	0.000105731	9458	0.999022	FALSE	ORF1ab:cds-YP_009724389.1	GTT	V	GCT	A	3336
NC_045512.2	10272	T	C	9449	393	36	1	1	37	0.000105731	9458	0.999022	FALSE	ORF1ab:cds-YP_009725295.1	GTT	V	GCT	A	3336
NC_045512.2	10272	T	A	9449	393	36	1	0	37	0.000105731	9458	0.999022	FALSE	ORF1ab:cds-YP_009724389.1	GTT	V	GAT	D	3336
NC_045512.2	10272	T	A	9449	393	36	1	0	37	0.000105731	9458	0.999022	FALSE	ORF1ab:cds-YP_009725295.1	GTT	V	GAT	D	3336
NC_045512.2	10273	T	C	9933	395	37	4	0	37	0.000402536	9937	0.953928	FALSE	ORF1ab:cds-YP_009724389.1	GTT	V	GTC	V	3336
NC_045512.2	10273	T	C	9933	395	37	4	0	37	0.000402536	9937	0.953928	FALSE	ORF1ab:cds-YP_009725295.1	GTT	V	GTC	V	3336
NC_045512.2	10274	C	T	9980	395	37	2	0	37	0.000200341	9983	0.994151	FALSE	ORF1ab:cds-YP_009724389.1	CAA	Q	TAA	*	3337
NC_045512.2	10274	C	T	9980	395	37	2	0	37	0.000200341	9983	0.994151	FALSE	ORF1ab:cds-YP_009725295.1	CAA	Q	TAA	*	3337
NC_045512.2	10274	C	A	9980	395	37	1	0	37	0.00010017	9983	0.999025	FALSE	ORF1ab:cds-YP_009724389.1	CAA	Q	AAA	K	3337
NC_045512.2	10274	C	A	9980	395	37	1	0	37	0.00010017	9983	0.999025	FALSE	ORF1ab:cds-YP_009725295.1	CAA	Q	AAA	K	3337
NC_045512.2	10276	A	G	10645	399	36	1	0	25	9.3932e-05	10646	1	FALSE	ORF1ab:cds-YP_009724389.1	CAA	Q	CAG	Q	3337
NC_045512.2	10276	A	G	10645	399	36	1	0	25	9.3932e-05	10646	1	FALSE	ORF1ab:cds-YP_009725295.1	CAA	Q	CAG	Q	3337
NC_045512.2	10277	C	T	10831	446	36	1	0	37	9.23191e-05	10832	0.999513	FALSE	ORF1ab:cds-YP_009724389.1	CTC	L	TTC	F	3338
NC_045512.2	10277	C	T	10831	446	36	1	0	37	9.23191e-05	10832	0.999513	FALSE	ORF1ab:cds-YP_009725295.1	CTC	L	TTC	F	3338
NC_045512.2	10278	T	C	11232	440	37	1	0	37	8.90234e-05	11233	0.999757	FALSE	ORF1ab:cds-YP_009724389.1	CTC	L	CCC	P	3338
NC_045512.2	10278	T	C	11232	440	37	1	0	37	8.90234e-05	11233	0.999757	FALSE	ORF1ab:cds-YP_009725295.1	CTC	L	CCC	P	3338
NC_045512.2	10280	A	T	10738	437	36	1	0	25	9.30579e-05	10746	1	FALSE	ORF1ab:cds-YP_009724389.1	AGG	R	TGG	W	3339
NC_045512.2	10280	A	T	10738	437	36	1	0	25	9.30579e-05	10746	1	FALSE	ORF1ab:cds-YP_009725295.1	AGG	R	TGG	W	3339
NC_045512.2	10280	A	G	10738	437	36	3	0	37	0.000279174	10746	0.98877	FALSE	ORF1ab:cds-YP_009724389.1	AGG	R	GGG	G	3339
NC_045512.2	10280	A	G	10738	437	36	3	0	37	0.000279174	10746	0.98877	FALSE	ORF1ab:cds-YP_009725295.1	AGG	R	GGG	G	3339
NC_045512.2	10280	A	C	10738	437	36	4	0	28	0.000372232	10746	1	FALSE	ORF1ab:cds-YP_009724389.1	AGG	R	CGG	R	3339
NC_045512.2	10280	A	C	10738	437	36	4	0	28	0.000372232	10746	1	FALSE	ORF1ab:cds-YP_009725295.1	AGG	R	CGG	R	3339
NC_045512.2	10281	G	T	12317	444	37	3	0	37	0.000243467	12322	0.996314	FALSE	ORF1ab:cds-YP_009724389.1	AGG	R	ATG	M	3339
NC_045512.2	10281	G	T	12317	444	37	3	0	37	0.000243467	12322	0.996314	FALSE	ORF1ab:cds-YP_009725295.1	AGG	R	ATG	M	3339
NC_045512.2	10281	G	A	12317	444	37	2	0	37	0.000162311	12322	0.999086	FALSE	ORF1ab:cds-YP_009724389.1	AGG	R	AAG	K	3339
NC_045512.2	10281	G	A	12317	444	37	2	0	37	0.000162311	12322	0.999086	FALSE	ORF1ab:cds-YP_009725295.1	AGG	R	AAG	K	3339
NC_045512.2	10282	G	T	12369	474	37	1	0	37	8.08277e-05	12372	0.999878	FALSE	ORF1ab:cds-YP_009724389.1	AGG	R	AGT	S	3339
NC_045512.2	10282	G	T	12369	474	37	1	0	37	8.08277e-05	12372	0.999878	FALSE	ORF1ab:cds-YP_009725295.1	AGG	R	AGT	S	3339
NC_045512.2	10282	G	A	12369	474	37	2	1	31	0.000161655	12372	0.999087	FALSE	ORF1ab:cds-YP_009724389.1	AGG	R	AGA	R	3339
NC_045512.2	10282	G	A	12369	474	37	2	1	31	0.000161655	12372	0.999087	FALSE	ORF1ab:cds-YP_009725295.1	AGG	R	AGA	R	3339
NC_045512.2	10284	T	G	11748	482	36	8	0	26	0.000680504	11756	1	FALSE	ORF1ab:cds-YP_009724389.1	GTT	V	GGT	G	3340
NC_045512.2	10284	T	G	11748	482	36	8	0	26	0.000680504	11756	1	FALSE	ORF1ab:cds-YP_009725295.1	GTT	V	GGT	G	3340
NC_045512.2	10285	T	C	12317	481	37	3	0	37	0.000243506	12320	0.996318	FALSE	ORF1ab:cds-YP_009724389.1	GTT	V	GTC	V	3340
NC_045512.2	10285	T	C	12317	481	37	3	0	37	0.000243506	12320	0.996318	FALSE	ORF1ab:cds-YP_009725295.1	GTT	V	GTC	V	3340
NC_045512.2	10286	A	G	12324	489	37	1	0	74	8.11293e-05	12326	0.5	FALSE	ORF1ab:cds-YP_009724389.1	ATT	I	GTT	V	3341
NC_045512.2	10286	A	G	12324	489	37	1	0	74	8.11293e-05	12326	0.5	FALSE	ORF1ab:cds-YP_009725295.1	ATT	I	GTT	V	3341
NC_045512.2	10286	A	C	12324	489	37	1	0	25	8.11293e-05	12326	1	FALSE	ORF1ab:cds-YP_009724389.1	ATT	I	CTT	L	3341
NC_045512.2	10286	A	C	12324	489	37	1	0	25	8.11293e-05	12326	1	FALSE	ORF1ab:cds-YP_009725295.1	ATT	I	CTT	L	3341
NC_045512.2	10287	T	G	12475	621	37	4	1	28	0.000320513	12480	1	FALSE	ORF1ab:cds-YP_009724389.1	ATT	I	AGT	S	3341
NC_045512.2	10287	T	G	12475	621	37	4	1	28	0.000320513	12480	1	FALSE	ORF1ab:cds-YP_009725295.1	ATT	I	AGT	S	3341
NC_045512.2	10287	T	C	12475	621	37	1	0	37	8.01282e-05	12480	0.999878	FALSE	ORF1ab:cds-YP_009724389.1	ATT	I	ACT	T	3341
NC_045512.2	10287	T	C	12475	621	37	1	0	37	8.01282e-05	12480	0.999878	FALSE	ORF1ab:cds-YP_009725295.1	ATT	I	ACT	T	3341
NC_045512.2	10288	T	G	12545	631	37	1	0	25	7.9694e-05	12548	1	FALSE	ORF1ab:cds-YP_009724389.1	ATT	I	ATG	M	3341
NC_045512.2	10288	T	G	12545	631	37	1	0	25	7.9694e-05	12548	1	FALSE	ORF1ab:cds-YP_009725295.1	ATT	I	ATG	M	3341
NC_045512.2	10288	T	C	12545	631	37	1	0	37	7.9694e-05	12548	0.999878	FALSE	ORF1ab:cds-YP_009724389.1	ATT	I	ATC	I	3341
NC_045512.2	10288	T	C	12545	631	37	1	0	37	7.9694e-05	12548	0.999878	FALSE	ORF1ab:cds-YP_009725295.1	ATT	I	ATC	I	3341
NC_045512.2	10288	T	A	12545	631	37	1	0	25	7.9694e-05	12548	1	FALSE	ORF1ab:cds-YP_009724389.1	ATT	I	ATA	I	3341
NC_045512.2	10288	T	A	12545	631	37	1	0	25	7.9694e-05	12548	1	FALSE	ORF1ab:cds-YP_009725295.1	ATT	I	ATA	I	3341
NC_045512.2	10290	G	A	12768	632	37	1	0	37	7.83147e-05	12769	0.999878	FALSE	ORF1ab:cds-YP_009724389.1	GGA	G	GAA	E	3342
NC_045512.2	10290	G	A	12768	632	37	1	0	37	7.83147e-05	12769	0.999878	FALSE	ORF1ab:cds-YP_009725295.1	GGA	G	GAA	E	3342
NC_045512.2	10291	A	T	12772	637	38	2	0	31	0.000156482	12781	0.999084	FALSE	ORF1ab:cds-YP_009724389.1	GGA	G	GGT	G	3342
NC_045512.2	10291	A	T	12772	637	38	2	0	31	0.000156482	12781	0.999084	FALSE	ORF1ab:cds-YP_009725295.1	GGA	G	GGT	G	3342
NC_045512.2	10291	A	G	12772	637	38	6	0	35	0.000469447	12781	0.951899	FALSE	ORF1ab:cds-YP_009724389.1	GGA	G	GGG	G	3342
NC_045512.2	10291	A	G	12772	637	38	6	0	35	0.000469447	12781	0.951899	FALSE	ORF1ab:cds-YP_009725295.1	GGA	G	GGG	G	3342
NC_045512.2	10291	A	C	12772	637	38	1	0	37	7.82411e-05	12781	0.999878	FALSE	ORF1ab:cds-YP_009724389.1	GGA	G	GGC	G	3342
NC_045512.2	10291	A	C	12772	637	38	1	0	37	7.82411e-05	12781	0.999878	FALSE	ORF1ab:cds-YP_009725295.1	GGA	G	GGC	G	3342
NC_045512.2	10292	C	T	12779	706	38	2	0	37	0.00015647	12782	0.999087	FALSE	ORF1ab:cds-YP_009724389.1	CAT	H	TAT	Y	3343
NC_045512.2	10292	C	T	12779	706	38	2	0	37	0.00015647	12782	0.999087	FALSE	ORF1ab:cds-YP_009725295.1	CAT	H	TAT	Y	3343
NC_045512.2	10292	C	A	12779	706	38	1	0	25	7.8235e-05	12782	1	FALSE	ORF1ab:cds-YP_009724389.1	CAT	H	AAT	N	3343
NC_045512.2	10292	C	A	12779	706	38	1	0	25	7.8235e-05	12782	1	FALSE	ORF1ab:cds-YP_009725295.1	CAT	H	AAT	N	3343
NC_045512.2	10293	A	G	12505	718	37	1	0	37	7.99616e-05	12506	0.999878	FALSE	ORF1ab:cds-YP_009724389.1	CAT	H	CGT	R	3343
NC_045512.2	10293	A	G	12505	718	37	1	0	37	7.99616e-05	12506	0.999878	FALSE	ORF1ab:cds-YP_009725295.1	CAT	H	CGT	R	3343
NC_045512.2	10294	T	G	12363	741	37	3	0	25	0.000242581	12367	1	FALSE	ORF1ab:cds-YP_009724389.1	CAT	H	CAG	Q	3343
NC_045512.2	10294	T	G	12363	741	37	3	0	25	0.000242581	12367	1	FALSE	ORF1ab:cds-YP_009725295.1	CAT	H	CAG	Q	3343
NC_045512.2	10294	T	A	12363	741	37	1	0	25	8.08604e-05	12367	1	FALSE	ORF1ab:cds-YP_009724389.1	CAT	H	CAA	Q	3343
NC_045512.2	10294	T	A	12363	741	37	1	0	25	8.08604e-05	12367	1	FALSE	ORF1ab:cds-YP_009725295.1	CAT	H	CAA	Q	3343
NC_045512.2	10295	T	G	12718	753	38	1	0	25	7.86225e-05	12719	1	FALSE	ORF1ab:cds-YP_009724389.1	TCT	S	GCT	A	3344
NC_045512.2	10295	T	G	12718	753	38	1	0	25	7.86225e-05	12719	1	FALSE	ORF1ab:cds-YP_009725295.1	TCT	S	GCT	A	3344
NC_045512.2	10296	C	A	12868	741	38	1	0	37	7.77061e-05	12869	0.999878	FALSE	ORF1ab:cds-YP_009724389.1	TCT	S	TAT	Y	3344
NC_045512.2	10296	C	A	12868	741	38	1	0	37	7.77061e-05	12869	0.999878	FALSE	ORF1ab:cds-YP_009725295.1	TCT	S	TAT	Y	3344
NC_045512.2	10296	C	-T	12868	741	38	1	0	20	7.77061e-05	12869	1	FALSE	NA	NA	NA	NA	NA	NA
NC_045512.2	10297	T	G	12734	767	38	1	0	25	7.85176e-05	12736	1	FALSE	ORF1ab:cds-YP_009724389.1	TCT	S	TCG	S	3344
NC_045512.2	10297	T	G	12734	767	38	1	0	25	7.85176e-05	12736	1	FALSE	ORF1ab:cds-YP_009725295.1	TCT	S	TCG	S	3344
NC_045512.2	10297	T	C	12734	767	38	1	0	25	7.85176e-05	12736	1	FALSE	ORF1ab:cds-YP_009724389.1	TCT	S	TCC	S	3344
NC_045512.2	10297	T	C	12734	767	38	1	0	25	7.85176e-05	12736	1	FALSE	ORF1ab:cds-YP_009725295.1	TCT	S	TCC	S	3344
NC_045512.2	10298	A	G	13576	778	38	2	0	31	0.000147297	13578	0.999513	FALSE	ORF1ab:cds-YP_009724389.1	ATG	M	GTG	V	3345
NC_045512.2	10298	A	G	13576	778	38	2	0	31	0.000147297	13578	0.999513	FALSE	ORF1ab:cds-YP_009725295.1	ATG	M	GTG	V	3345
NC_045512.2	10299	T	G	13792	773	38	1	0	25	7.24795e-05	13797	1	FALSE	ORF1ab:cds-YP_009724389.1	ATG	M	AGG	R	3345
NC_045512.2	10299	T	G	13792	773	38	1	0	25	7.24795e-05	13797	1	FALSE	ORF1ab:cds-YP_009725295.1	ATG	M	AGG	R	3345
NC_045512.2	10299	T	C	13792	773	38	3	0	33	0.000217439	13797	0.997914	FALSE	ORF1ab:cds-YP_009724389.1	ATG	M	ACG	T	3345
NC_045512.2	10299	T	C	13792	773	38	3	0	33	0.000217439	13797	0.997914	FALSE	ORF1ab:cds-YP_009725295.1	ATG	M	ACG	T	3345
NC_045512.2	10299	T	A	13792	773	38	1	0	37	7.24795e-05	13797	0.999939	FALSE	ORF1ab:cds-YP_009724389.1	ATG	M	AAG	K	3345
NC_045512.2	10299	T	A	13792	773	38	1	0	37	7.24795e-05	13797	0.999939	FALSE	ORF1ab:cds-YP_009725295.1	ATG	M	AAG	K	3345
NC_045512.2	10300	G	C	13986	779	38	1	0	37	7.14184e-05	14002	0.999969	FALSE	ORF1ab:cds-YP_009724389.1	ATG	M	ATC	I	3345
NC_045512.2	10300	G	C	13986	779	38	1	0	37	7.14184e-05	14002	0.999969	FALSE	ORF1ab:cds-YP_009725295.1	ATG	M	ATC	I	3345
NC_045512.2	10300	G	A	13986	779	38	15	0	36	0.00107128	14002	0.5	FALSE	ORF1ab:cds-YP_009724389.1	ATG	M	ATA	I	3345
NC_045512.2	10300	G	A	13986	779	38	15	0	36	0.00107128	14002	0.5	FALSE	ORF1ab:cds-YP_009725295.1	ATG	M	ATA	I	3345
NC_045512.2	10301	C	T	13932	788	38	14	0	35	0.00100351	13951	0.4997	FALSE	ORF1ab:cds-YP_009724389.1	CAA	Q	TAA	*	3346
NC_045512.2	10301	C	T	13932	788	38	14	0	35	0.00100351	13951	0.4997	FALSE	ORF1ab:cds-YP_009725295.1	CAA	Q	TAA	*	3346
NC_045512.2	10301	C	A	13932	788	38	5	0	29	0.000358397	13951	1	FALSE	ORF1ab:cds-YP_009724389.1	CAA	Q	AAA	K	3346
NC_045512.2	10301	C	A	13932	788	38	5	0	29	0.000358397	13951	1	FALSE	ORF1ab:cds-YP_009725295.1	CAA	Q	AAA	K	3346
NC_045512.2	10301	C	-A	13932	788	38	2	0	20	0.000143359	13951	1	FALSE	NA	NA	NA	NA	NA	NA
NC_045512.2	10302	A	G	14097	986	39	1	0	37	7.0927e-05	14099	0.99997	FALSE	ORF1ab:cds-YP_009724389.1	CAA	Q	CGA	R	3346
NC_045512.2	10302	A	G	14097	986	39	1	0	37	7.0927e-05	14099	0.99997	FALSE	ORF1ab:cds-YP_009725295.1	CAA	Q	CGA	R	3346
NC_045512.2	10302	A	C	14097	986	39	1	0	25	7.0927e-05	14099	1	FALSE	ORF1ab:cds-YP_009724389.1	CAA	Q	CCA	P	3346
NC_045512.2	10302	A	C	14097	986	39	1	0	25	7.0927e-05	14099	1	FALSE	ORF1ab:cds-YP_009725295.1	CAA	Q	CCA	P	3346
NC_045512.2	10303	A	C	13622	989	38	3	0	26	0.000220183	13625	1	FALSE	ORF1ab:cds-YP_009724389.1	CAA	Q	CAC	H	3346
NC_045512.2	10303	A	C	13622	989	38	3	0	26	0.000220183	13625	1	FALSE	ORF1ab:cds-YP_009725295.1	CAA	Q	CAC	H	3346
NC_045512.2	10304	A	T	14125	1002	38	1	0	25	7.07864e-05	14127	1	FALSE	ORF1ab:cds-YP_009724389.1	AAT	N	TAT	Y	3347
NC_045512.2	10304	A	T	14125	1002	38	1	0	25	7.07864e-05	14127	1	FALSE	ORF1ab:cds-YP_009725295.1	AAT	N	TAT	Y	3347
NC_045512.2	10304	A	G	14125	1002	38	1	0	37	7.07864e-05	14127	0.99997	FALSE	ORF1ab:cds-YP_009724389.1	AAT	N	GAT	D	3347
NC_045512.2	10304	A	G	14125	1002	38	1	0	37	7.07864e-05	14127	0.99997	FALSE	ORF1ab:cds-YP_009725295.1	AAT	N	GAT	D	3347
NC_045512.2	10305	A	T	14674	1001	38	1	0	37	6.81292e-05	14678	0.99997	FALSE	ORF1ab:cds-YP_009724389.1	AAT	N	ATT	I	3347
NC_045512.2	10305	A	T	14674	1001	38	1	0	37	6.81292e-05	14678	0.99997	FALSE	ORF1ab:cds-YP_009725295.1	AAT	N	ATT	I	3347
NC_045512.2	10305	A	G	14674	1001	38	3	0	37	0.000204388	14678	0.998828	FALSE	ORF1ab:cds-YP_009724389.1	AAT	N	AGT	S	3347
NC_045512.2	10305	A	G	14674	1001	38	3	0	37	0.000204388	14678	0.998828	FALSE	ORF1ab:cds-YP_009725295.1	AAT	N	AGT	S	3347
NC_045512.2	10306	T	G	14523	993	38	2	1	37	0.000137637	14531	0.999741	FALSE	ORF1ab:cds-YP_009724389.1	AAT	N	AAG	K	3347
NC_045512.2	10306	T	G	14523	993	38	2	1	37	0.000137637	14531	0.999741	FALSE	ORF1ab:cds-YP_009725295.1	AAT	N	AAG	K	3347
NC_045512.2	10306	T	C	14523	993	38	1	0	37	6.88184e-05	14531	0.999969	FALSE	ORF1ab:cds-YP_009724389.1	AAT	N	AAC	N	3347
NC_045512.2	10306	T	C	14523	993	38	1	0	37	6.88184e-05	14531	0.999969	FALSE	ORF1ab:cds-YP_009725295.1	AAT	N	AAC	N	3347
NC_045512.2	10306	T	A	14523	993	38	5	1	39	0.000344092	14531	0.990406	FALSE	ORF1ab:cds-YP_009724389.1	AAT	N	AAA	K	3347
NC_045512.2	10306	T	A	14523	993	38	5	1	39	0.000344092	14531	0.990406	FALSE	ORF1ab:cds-YP_009725295.1	AAT	N	AAA	K	3347
NC_045512.2	10308	G	A	15139	1053	39	13	1	37	0.000857973	15152	0.714356	FALSE	ORF1ab:cds-YP_009724389.1	TGT	C	TAT	Y	3348
NC_045512.2	10308	G	A	15139	1053	39	13	1	37	0.000857973	15152	0.714356	FALSE	ORF1ab:cds-YP_009725295.1	TGT	C	TAT	Y	3348
NC_045512.2	10309	T	G	14937	1061	38	1	0	37	6.69254e-05	14942	0.99997	FALSE	ORF1ab:cds-YP_009724389.1	TGT	C	TGG	W	3348
NC_045512.2	10309	T	G	14937	1061	38	1	0	37	6.69254e-05	14942	0.99997	FALSE	ORF1ab:cds-YP_009725295.1	TGT	C	TGG	W	3348
NC_045512.2	10309	T	C	14937	1061	38	4	1	34	0.000267702	14942	0.99624	FALSE	ORF1ab:cds-YP_009724389.1	TGT	C	TGC	C	3348
NC_045512.2	10309	T	C	14937	1061	38	4	1	34	0.000267702	14942	0.99624	FALSE	ORF1ab:cds-YP_009725295.1	TGT	C	TGC	C	3348
NC_045512.2	10311	T	G	15333	1080	39	1	1	25	6.5189e-05	15340	1	FALSE	ORF1ab:cds-YP_009724389.1	GTA	V	GGA	G	3349
NC_045512.2	10311	T	G	15333	1080	39	1	1	25	6.5189e-05	15340	1	FALSE	ORF1ab:cds-YP_009725295.1	GTA	V	GGA	G	3349
NC_045512.2	10311	T	C	15333	1080	39	5	0	51	0.000325945	15340	0.0312347	FALSE	ORF1ab:cds-YP_009724389.1	GTA	V	GCA	A	3349
NC_045512.2	10311	T	C	15333	1080	39	5	0	51	0.000325945	15340	0.0312347	FALSE	ORF1ab:cds-YP_009725295.1	GTA	V	GCA	A	3349
NC_045512.2	10311	T	A	15333	1080	39	1	0	25	6.5189e-05	15340	1	FALSE	ORF1ab:cds-YP_009724389.1	GTA	V	GAA	E	3349
NC_045512.2	10311	T	A	15333	1080	39	1	0	25	6.5189e-05	15340	1	FALSE	ORF1ab:cds-YP_009725295.1	GTA	V	GAA	E	3349
NC_045512.2	10314	T	C	15433	1228	39	1	0	37	6.47878e-05	15435	0.999985	FALSE	ORF1ab:cds-YP_009724389.1	CTT	L	CCT	P	3350
NC_045512.2	10314	T	C	15433	1228	39	1	0	37	6.47878e-05	15435	0.999985	FALSE	ORF1ab:cds-YP_009725295.1	CTT	L	CCT	P	3350
NC_045512.2	10314	T	A	15433	1228	39	1	0	37	6.47878e-05	15435	0.999985	FALSE	ORF1ab:cds-YP_009724389.1	CTT	L	CAT	H	3350
NC_045512.2	10314	T	A	15433	1228	39	1	0	37	6.47878e-05	15435	0.999985	FALSE	ORF1ab:cds-YP_009725295.1	CTT	L	CAT	H	3350
NC_045512.2	10315	T	C	15508	1229	39	2	0	37	0.000128949	15510	0.999863	FALSE	ORF1ab:cds-YP_009724389.1	CTT	L	CTC	L	3350
NC_045512.2	10315	T	C	15508	1229	39	2	0	37	0.000128949	15510	0.999863	FALSE	ORF1ab:cds-YP_009725295.1	CTT	L	CTC	L	3350
NC_045512.2	10316	A	G	15363	1248	39	2	0	55	0.000130149	15367	0.249976	FALSE	ORF1ab:cds-YP_009724389.1	AAG	K	GAG	E	3351
NC_045512.2	10316	A	G	15363	1248	39	2	0	55	0.000130149	15367	0.249976	FALSE	ORF1ab:cds-YP_009725295.1	AAG	K	GAG	E	3351
NC_045512.2	10316	A	C	15363	1248	39	2	0	25	0.000130149	15367	1	FALSE	ORF1ab:cds-YP_009724389.1	AAG	K	CAG	Q	3351
NC_045512.2	10316	A	C	15363	1248	39	2	0	25	0.000130149	15367	1	FALSE	ORF1ab:cds-YP_009725295.1	AAG	K	CAG	Q	3351
NC_045512.2	10317	A	T	15824	1257	39	1	0	74	6.31712e-05	15830	0.499937	FALSE	ORF1ab:cds-YP_009724389.1	AAG	K	ATG	M	3351
NC_045512.2	10317	A	T	15824	1257	39	1	0	74	6.31712e-05	15830	0.499937	FALSE	ORF1ab:cds-YP_009725295.1	AAG	K	ATG	M	3351
NC_045512.2	10317	A	G	15824	1257	39	1	0	25	6.31712e-05	15830	1	FALSE	ORF1ab:cds-YP_009724389.1	AAG	K	AGG	R	3351
NC_045512.2	10317	A	G	15824	1257	39	1	0	25	6.31712e-05	15830	1	FALSE	ORF1ab:cds-YP_009725295.1	AAG	K	AGG	R	3351
NC_045512.2	10317	A	C	15824	1257	39	4	2	27	0.000252685	15830	1	FALSE	ORF1ab:cds-YP_009724389.1	AAG	K	ACG	T	3351
NC_045512.2	10317	A	C	15824	1257	39	4	2	27	0.000252685	15830	1	FALSE	ORF1ab:cds-YP_009725295.1	AAG	K	ACG	T	3351
NC_045512.2	10318	G	C	17168	1278	39	1	0	74	5.82377e-05	17171	0.499985	FALSE	ORF1ab:cds-YP_009724389.1	AAG	K	AAC	N	3351
NC_045512.2	10318	G	C	17168	1278	39	1	0	74	5.82377e-05	17171	0.499985	FALSE	ORF1ab:cds-YP_009725295.1	AAG	K	AAC	N	3351
NC_045512.2	10318	G	A	17168	1278	39	2	0	37	0.000116475	17171	0.999962	FALSE	ORF1ab:cds-YP_009724389.1	AAG	K	AAA	K	3351
NC_045512.2	10318	G	A	17168	1278	39	2	0	37	0.000116475	17171	0.999962	FALSE	ORF1ab:cds-YP_009725295.1	AAG	K	AAA	K	3351
NC_045512.2	10319	C	A	17022	1304	39	2	0	31	0.000117481	17024	0.999962	FALSE	ORF1ab:cds-YP_009724389.1	CTT	L	ATT	I	3352
NC_045512.2	10319	C	A	17022	1304	39	2	0	31	0.000117481	17024	0.999962	FALSE	ORF1ab:cds-YP_009725295.1	CTT	L	ATT	I	3352
NC_045512.2	10320	T	C	17303	1380	39	2	0	37	0.000115574	17305	0.999962	FALSE	ORF1ab:cds-YP_009724389.1	CTT	L	CCT	P	3352
NC_045512.2	10320	T	C	17303	1380	39	2	0	37	0.000115574	17305	0.999962	FALSE	ORF1ab:cds-YP_009725295.1	CTT	L	CCT	P	3352
NC_045512.2	10321	T	G	17160	1425	39	1	1	29	5.82649e-05	17163	1	FALSE	ORF1ab:cds-YP_009724389.1	CTT	L	CTG	L	3352
NC_045512.2	10321	T	G	17160	1425	39	1	1	29	5.82649e-05	17163	1	FALSE	ORF1ab:cds-YP_009725295.1	CTT	L	CTG	L	3352
NC_045512.2	10321	T	C	17160	1425	39	2	0	37	0.00011653	17163	0.999962	FALSE	ORF1ab:cds-YP_009724389.1	CTT	L	CTC	L	3352
NC_045512.2	10321	T	C	17160	1425	39	2	0	37	0.00011653	17163	0.999962	FALSE	ORF1ab:cds-YP_009725295.1	CTT	L	CTC	L	3352
NC_045512.2	10322	A	T	17341	1446	39	1	0	37	5.76568e-05	17344	0.999996	FALSE	ORF1ab:cds-YP_009724389.1	AAG	K	TAG	*	3353
NC_045512.2	10322	A	T	17341	1446	39	1	0	37	5.76568e-05	17344	0.999996	FALSE	ORF1ab:cds-YP_009725295.1	AAG	K	TAG	*	3353
NC_045512.2	10322	A	G	17341	1446	39	2	1	37	0.000115314	17344	0.999962	FALSE	ORF1ab:cds-YP_009724389.1	AAG	K	GAG	E	3353
NC_045512.2	10322	A	G	17341	1446	39	2	1	37	0.000115314	17344	0.999962	FALSE	ORF1ab:cds-YP_009725295.1	AAG	K	GAG	E	3353
NC_045512.2	10323	A	T	17450	1455	40	2	1	37	0.000114554	17459	0.999962	FALSE	ORF1ab:cds-YP_009724389.1	AAG	K	ATG	M	3353
NC_045512.2	10323	A	T	17450	1455	40	2	1	37	0.000114554	17459	0.999962	FALSE	ORF1ab:cds-YP_009725295.1	AAG	K	ATG	M	3353
NC_045512.2	10323	A	G	17450	1455	40	5	1	37	0.000286385	17459	0.997831	FALSE	ORF1ab:cds-YP_009724389.1	AAG	K	AGG	R	3353
NC_045512.2	10323	A	G	17450	1455	40	5	1	37	0.000286385	17459	0.997831	FALSE	ORF1ab:cds-YP_009725295.1	AAG	K	AGG	R	3353
NC_045512.2	10323	A	C	17450	1455	40	2	1	55	0.000114554	17459	0.249907	FALSE	ORF1ab:cds-YP_009724389.1	AAG	K	ACG	T	3353
NC_045512.2	10323	A	C	17450	1455	40	2	1	55	0.000114554	17459	0.249907	FALSE	ORF1ab:cds-YP_009725295.1	AAG	K	ACG	T	3353
NC_045512.2	10324	G	T	18424	1460	39	3	1	49	0.000162805	18427	0.31251	FALSE	ORF1ab:cds-YP_009724389.1	AAG	K	AAT	N	3353
NC_045512.2	10324	G	T	18424	1460	39	3	1	49	0.000162805	18427	0.31251	FALSE	ORF1ab:cds-YP_009725295.1	AAG	K	AAT	N	3353
NC_045512.2	10325	G	T	18415	1510	39	1	0	25	5.42947e-05	18418	1	FALSE	ORF1ab:cds-YP_009724389.1	GTT	V	TTT	F	3354
NC_045512.2	10325	G	T	18415	1510	39	1	0	25	5.42947e-05	18418	1	FALSE	ORF1ab:cds-YP_009725295.1	GTT	V	TTT	F	3354
NC_045512.2	10325	G	C	18415	1510	39	1	0	25	5.42947e-05	18418	1	FALSE	ORF1ab:cds-YP_009724389.1	GTT	V	CTT	L	3354
NC_045512.2	10325	G	C	18415	1510	39	1	0	25	5.42947e-05	18418	1	FALSE	ORF1ab:cds-YP_009725295.1	GTT	V	CTT	L	3354
NC_045512.2	10325	G	A	18415	1510	39	1	0	37	5.42947e-05	18418	0.999998	FALSE	ORF1ab:cds-YP_009724389.1	GTT	V	ATT	I	3354
NC_045512.2	10325	G	A	18415	1510	39	1	0	37	5.42947e-05	18418	0.999998	FALSE	ORF1ab:cds-YP_009725295.1	GTT	V	ATT	I	3354
NC_045512.2	10326	T	G	18075	1522	39	2	0	25	0.000110626	18079	1	FALSE	ORF1ab:cds-YP_009724389.1	GTT	V	GGT	G	3354
NC_045512.2	10326	T	G	18075	1522	39	2	0	25	0.000110626	18079	1	FALSE	ORF1ab:cds-YP_009725295.1	GTT	V	GGT	G	3354
NC_045512.2	10326	T	C	18075	1522	39	2	0	37	0.000110626	18079	0.99998	FALSE	ORF1ab:cds-YP_009724389.1	GTT	V	GCT	A	3354
NC_045512.2	10326	T	C	18075	1522	39	2	0	37	0.000110626	18079	0.99998	FALSE	ORF1ab:cds-YP_009725295.1	GTT	V	GCT	A	3354
NC_045512.2	10327	T	A	18600	1586	39	1	0	25	5.37606e-05	18601	1	FALSE	ORF1ab:cds-YP_009724389.1	GTT	V	GTA	V	3354
NC_045512.2	10327	T	A	18600	1586	39	1	0	25	5.37606e-05	18601	1	FALSE	ORF1ab:cds-YP_009725295.1	GTT	V	GTA	V	3354
NC_045512.2	10328	G	A	18775	1746	40	2	0	31	0.000106513	18777	0.99998	FALSE	ORF1ab:cds-YP_009724389.1	GAT	D	AAT	N	3355
NC_045512.2	10328	G	A	18775	1746	40	2	0	31	0.000106513	18777	0.99998	FALSE	ORF1ab:cds-YP_009725295.1	GAT	D	AAT	N	3355
NC_045512.2	10329	A	G	18500	1747	40	1	0	37	5.40511e-05	18501	0.999998	FALSE	ORF1ab:cds-YP_009724389.1	GAT	D	GGT	G	3355
NC_045512.2	10329	A	G	18500	1747	40	1	0	37	5.40511e-05	18501	0.999998	FALSE	ORF1ab:cds-YP_009725295.1	GAT	D	GGT	G	3355
NC_045512.2	10330	T	C	18623	1755	40	3	0	37	0.000161057	18627	0.99989	FALSE	ORF1ab:cds-YP_009724389.1	GAT	D	GAC	D	3355
NC_045512.2	10330	T	C	18623	1755	40	3	0	37	0.000161057	18627	0.99989	FALSE	ORF1ab:cds-YP_009725295.1	GAT	D	GAC	D	3355
NC_045512.2	10330	T	A	18623	1755	40	1	0	37	5.36855e-05	18627	0.999998	FALSE	ORF1ab:cds-YP_009724389.1	GAT	D	GAA	E	3355
NC_045512.2	10330	T	A	18623	1755	40	1	0	37	5.36855e-05	18627	0.999998	FALSE	ORF1ab:cds-YP_009725295.1	GAT	D	GAA	E	3355
NC_045512.2	10330	T	+AC	18623	1755	40	1	0	20	5.36855e-05	18627	1	FALSE	NA	NA	NA	NA	NA	NA
NC_045512.2	10331	A	G	18189	1825	40	2	0	37	0.000109938	18192	0.99998	FALSE	ORF1ab:cds-YP_009724389.1	ACA	T	GCA	A	3356
NC_045512.2	10331	A	G	18189	1825	40	2	0	37	0.000109938	18192	0.99998	FALSE	ORF1ab:cds-YP_009725295.1	ACA	T	GCA	A	3356
NC_045512.2	10331	A	C	18189	1825	40	1	0	25	5.49692e-05	18192	1	FALSE	ORF1ab:cds-YP_009724389.1	ACA	T	CCA	P	3356
NC_045512.2	10331	A	C	18189	1825	40	1	0	25	5.49692e-05	18192	1	FALSE	ORF1ab:cds-YP_009725295.1	ACA	T	CCA	P	3356
NC_045512.2	10332	C	T	18378	1885	40	37	6	42	0.0020089	18418	1.39196e-10	TRUE	ORF1ab:cds-YP_009724389.1	ACA	T	ATA	I	3356
NC_045512.2	10332	C	T	18378	1885	40	37	6	42	0.0020089	18418	1.39196e-10	TRUE	ORF1ab:cds-YP_009725295.1	ACA	T	ATA	I	3356
NC_045512.2	10332	C	G	18378	1885	40	1	1	37	5.42947e-05	18418	0.999998	FALSE	ORF1ab:cds-YP_009724389.1	ACA	T	AGA	R	3356
NC_045512.2	10332	C	G	18378	1885	40	1	1	37	5.42947e-05	18418	0.999998	FALSE	ORF1ab:cds-YP_009725295.1	ACA	T	AGA	R	3356
NC_045512.2	10332	C	A	18378	1885	40	2	0	25	0.000108589	18418	1	FALSE	ORF1ab:cds-YP_009724389.1	ACA	T	AAA	K	3356
NC_045512.2	10332	C	A	18378	1885	40	2	0	25	0.000108589	18418	1	FALSE	ORF1ab:cds-YP_009725295.1	ACA	T	AAA	K	3356
NC_045512.2	10333	A	T	18488	2286	40	2	0	31	0.00010812	18498	0.99998	FALSE	ORF1ab:cds-YP_009724389.1	ACA	T	ACT	T	3356
NC_045512.2	10333	A	T	18488	2286	40	2	0	31	0.00010812	18498	0.99998	FALSE	ORF1ab:cds-YP_009725295.1	ACA	T	ACT	T	3356
NC_045512.2	10333	A	G	18488	2286	40	7	3	47	0.000378419	18498	0.0351296	FALSE	ORF1ab:cds-YP_009724389.1	ACA	T	ACG	T	3356
NC_045512.2	10333	A	G	18488	2286	40	7	3	47	0.000378419	18498	0.0351296	FALSE	ORF1ab:cds-YP_009725295.1	ACA	T	ACG	T	3356
NC_045512.2	10333	A	C	18488	2286	40	1	0	37	5.40599e-05	18498	0.999998	FALSE	ORF1ab:cds-YP_009724389.1	ACA	T	ACC	T	3356
NC_045512.2	10333	A	C	18488	2286	40	1	0	37	5.40599e-05	18498	0.999998	FALSE	ORF1ab:cds-YP_009725295.1	ACA	T	ACC	T	3356
NC_045512.2	10333	A	-G	18488	2286	40	1	0	20	5.40599e-05	18498	1	FALSE	NA	NA	NA	NA	NA	NA
NC_045512.2	10334	G	T	18658	2318	40	1	0	37	5.3559e-05	18671	0.999998	FALSE	ORF1ab:cds-YP_009724389.1	GCC	A	TCC	S	3357
NC_045512.2	10334	G	T	18658	2318	40	1	0	37	5.3559e-05	18671	0.999998	FALSE	ORF1ab:cds-YP_009725295.1	GCC	A	TCC	S	3357
NC_045512.2	10334	G	A	18658	2318	40	12	3	44	0.000642708	18671	0.00170644	TRUE	ORF1ab:cds-YP_009724389.1	GCC	A	ACC	T	3357
NC_045512.2	10334	G	A	18658	2318	40	12	3	44	0.000642708	18671	0.00170644	TRUE	ORF1ab:cds-YP_009725295.1	GCC	A	ACC	T	3357
NC_045512.2	10335	C	T	18610	2382	40	38	8	41	0.00203699	18655	7.10439e-11	TRUE	ORF1ab:cds-YP_009724389.1	GCC	A	GTC	V	3357
NC_045512.2	10335	C	T	18610	2382	40	38	8	41	0.00203699	18655	7.10439e-11	TRUE	ORF1ab:cds-YP_009725295.1	GCC	A	GTC	V	3357
NC_045512.2	10335	C	G	18610	2382	40	1	0	37	5.36049e-05	18655	0.999998	FALSE	ORF1ab:cds-YP_009724389.1	GCC	A	GGC	G	3357
NC_045512.2	10335	C	G	18610	2382	40	1	0	37	5.36049e-05	18655	0.999998	FALSE	ORF1ab:cds-YP_009725295.1	GCC	A	GGC	G	3357
NC_045512.2	10335	C	A	18610	2382	40	6	3	35	0.00032163	18655	0.996654	FALSE	ORF1ab:cds-YP_009724389.1	GCC	A	GAC	D	3357
NC_045512.2	10335	C	A	18610	2382	40	6	3	35	0.00032163	18655	0.996654	FALSE	ORF1ab:cds-YP_009725295.1	GCC	A	GAC	D	3357
NC_045512.2	10336	C	T	18780	2416	41	2	0	55	0.000106474	18784	0.24998	FALSE	ORF1ab:cds-YP_009724389.1	GCC	A	GCT	A	3357
NC_045512.2	10336	C	T	18780	2416	41	2	0	55	0.000106474	18784	0.24998	FALSE	ORF1ab:cds-YP_009725295.1	GCC	A	GCT	A	3357
NC_045512.2	10336	C	A	18780	2416	41	2	0	37	0.000106474	18784	0.99998	FALSE	ORF1ab:cds-YP_009724389.1	GCC	A	GCA	A	3357
NC_045512.2	10336	C	A	18780	2416	41	2	0	37	0.000106474	18784	0.99998	FALSE	ORF1ab:cds-YP_009725295.1	GCC	A	GCA	A	3357
NC_045512.2	10337	A	G	18531	2538	40	1	0	37	5.39578e-05	18533	0.999998	FALSE	ORF1ab:cds-YP_009724389.1	AAT	N	GAT	D	3358
NC_045512.2	10337	A	G	18531	2538	40	1	0	37	5.39578e-05	18533	0.999998	FALSE	ORF1ab:cds-YP_009725295.1	AAT	N	GAT	D	3358
NC_045512.2	10337	A	C	18531	2538	40	1	0	37	5.39578e-05	18533	0.999998	FALSE	ORF1ab:cds-YP_009724389.1	AAT	N	CAT	H	3358
NC_045512.2	10337	A	C	18531	2538	40	1	0	37	5.39578e-05	18533	0.999998	FALSE	ORF1ab:cds-YP_009725295.1	AAT	N	CAT	H	3358
NC_045512.2	10338	A	T	18090	2614	40	1	1	25	5.52486e-05	18100	1	FALSE	ORF1ab:cds-YP_009724389.1	AAT	N	ATT	I	3358
NC_045512.2	10338	A	T	18090	2614	40	1	1	25	5.52486e-05	18100	1	FALSE	ORF1ab:cds-YP_009725295.1	AAT	N	ATT	I	3358
NC_045512.2	10338	A	G	18090	2614	40	6	6	37	0.000331492	18100	0.996699	FALSE	ORF1ab:cds-YP_009724389.1	AAT	N	AGT	S	3358
NC_045512.2	10338	A	G	18090	2614	40	6	6	37	0.000331492	18100	0.996699	FALSE	ORF1ab:cds-YP_009725295.1	AAT	N	AGT	S	3358
NC_045512.2	10338	A	C	18090	2614	40	3	0	25	0.000165746	18100	1	FALSE	ORF1ab:cds-YP_009724389.1	AAT	N	ACT	T	3358
NC_045512.2	10338	A	C	18090	2614	40	3	0	25	0.000165746	18100	1	FALSE	ORF1ab:cds-YP_009725295.1	AAT	N	ACT	T	3358
NC_045512.2	10339	T	G	18989	2661	40	2	0	25	0.000105296	18994	1	FALSE	ORF1ab:cds-YP_009724389.1	AAT	N	AAG	K	3358
NC_045512.2	10339	T	G	18989	2661	40	2	0	25	0.000105296	18994	1	FALSE	ORF1ab:cds-YP_009725295.1	AAT	N	AAG	K	3358
NC_045512.2	10339	T	C	18989	2661	40	2	0	31	0.000105296	18994	0.99998	FALSE	ORF1ab:cds-YP_009724389.1	AAT	N	AAC	N	3358
NC_045512.2	10339	T	C	18989	2661	40	2	0	31	0.000105296	18994	0.99998	FALSE	ORF1ab:cds-YP_009725295.1	AAT	N	AAC	N	3358
NC_045512.2	10339	T	A	18989	2661	40	1	0	25	5.26482e-05	18994	1	FALSE	ORF1ab:cds-YP_009724389.1	AAT	N	AAA	K	3358
NC_045512.2	10339	T	A	18989	2661	40	1	0	25	5.26482e-05	18994	1	FALSE	ORF1ab:cds-YP_009725295.1	AAT	N	AAA	K	3358
NC_045512.2	10340	C	T	19145	2808	40	1	0	37	5.22275e-05	19147	0.999999	FALSE	ORF1ab:cds-YP_009724389.1	CCT	P	TCT	S	3359
NC_045512.2	10340	C	T	19145	2808	40	1	0	37	5.22275e-05	19147	0.999999	FALSE	ORF1ab:cds-YP_009725295.1	CCT	P	TCT	S	3359
NC_045512.2	10340	C	A	19145	2808	40	1	0	37	5.22275e-05	19147	0.999999	FALSE	ORF1ab:cds-YP_009724389.1	CCT	P	ACT	T	3359
NC_045512.2	10340	C	A	19145	2808	40	1	0	37	5.22275e-05	19147	0.999999	FALSE	ORF1ab:cds-YP_009725295.1	CCT	P	ACT	T	3359
NC_045512.2	10341	C	A	19057	2840	40	2	0	31	0.000104937	19059	0.99999	FALSE	ORF1ab:cds-YP_009724389.1	CCT	P	CAT	H	3359
NC_045512.2	10341	C	A	19057	2840	40	2	0	31	0.000104937	19059	0.99999	FALSE	ORF1ab:cds-YP_009725295.1	CCT	P	CAT	H	3359
NC_045512.2	10342	T	G	19036	2870	40	2	1	25	0.000105003	19047	1	FALSE	ORF1ab:cds-YP_009724389.1	CCT	P	CCG	P	3359
NC_045512.2	10342	T	G	19036	2870	40	2	1	25	0.000105003	19047	1	FALSE	ORF1ab:cds-YP_009725295.1	CCT	P	CCG	P	3359
NC_045512.2	10342	T	C	19036	2870	40	9	0	39	0.000472515	19047	0.982178	FALSE	ORF1ab:cds-YP_009724389.1	CCT	P	CCC	P	3359
NC_045512.2	10342	T	C	19036	2870	40	9	0	39	0.000472515	19047	0.982178	FALSE	ORF1ab:cds-YP_009725295.1	CCT	P	CCC	P	3359
NC_045512.2	10343	A	G	19063	2897	40	1	0	37	5.24549e-05	19064	0.999999	FALSE	ORF1ab:cds-YP_009724389.1	AAG	K	GAG	E	3360
NC_045512.2	10343	A	G	19063	2897	40	1	0	37	5.24549e-05	19064	0.999999	FALSE	ORF1ab:cds-YP_009725295.1	AAG	K	GAG	E	3360
NC_045512.2	10344	A	T	19015	2895	40	2	0	37	0.000105147	19021	0.99999	FALSE	ORF1ab:cds-YP_009724389.1	AAG	K	ATG	M	3360
NC_045512.2	10344	A	T	19015	2895	40	2	0	37	0.000105147	19021	0.99999	FALSE	ORF1ab:cds-YP_009725295.1	AAG	K	ATG	M	3360
NC_045512.2	10344	A	G	19015	2895	40	2	1	37	0.000105147	19021	0.99999	FALSE	ORF1ab:cds-YP_009724389.1	AAG	K	AGG	R	3360
NC_045512.2	10344	A	G	19015	2895	40	2	1	37	0.000105147	19021	0.99999	FALSE	ORF1ab:cds-YP_009725295.1	AAG	K	AGG	R	3360
NC_045512.2	10344	A	C	19015	2895	40	2	0	31	0.000105147	19021	0.99999	FALSE	ORF1ab:cds-YP_009724389.1	AAG	K	ACG	T	3360
NC_045512.2	10344	A	C	19015	2895	40	2	0	31	0.000105147	19021	0.99999	FALSE	ORF1ab:cds-YP_009725295.1	AAG	K	ACG	T	3360
NC_045512.2	10345	G	T	18669	3031	40	4	0	28	0.000214202	18674	1	FALSE	ORF1ab:cds-YP_009724389.1	AAG	K	AAT	N	3360
NC_045512.2	10345	G	T	18669	3031	40	4	0	28	0.000214202	18674	1	FALSE	ORF1ab:cds-YP_009725295.1	AAG	K	AAT	N	3360
NC_045512.2	10345	G	A	18669	3031	40	1	0	37	5.35504e-05	18674	0.999998	FALSE	ORF1ab:cds-YP_009724389.1	AAG	K	AAA	K	3360
NC_045512.2	10345	G	A	18669	3031	40	1	0	37	5.35504e-05	18674	0.999998	FALSE	ORF1ab:cds-YP_009725295.1	AAG	K	AAA	K	3360
NC_045512.2	10345	G	-AC	18669	3031	40	1	0	20	5.35504e-05	18674	1	FALSE	NA	NA	NA	NA	NA	NA
NC_045512.2	10346	A	T	18911	3050	40	1	0	25	5.28709e-05	18914	1	FALSE	ORF1ab:cds-YP_009724389.1	ACA	T	TCA	S	3361
NC_045512.2	10346	A	T	18911	3050	40	1	0	25	5.28709e-05	18914	1	FALSE	ORF1ab:cds-YP_009725295.1	ACA	T	TCA	S	3361
NC_045512.2	10346	A	G	18911	3050	40	2	1	29	0.000105742	18914	1	FALSE	ORF1ab:cds-YP_009724389.1	ACA	T	GCA	A	3361
NC_045512.2	10346	A	G	18911	3050	40	2	1	29	0.000105742	18914	1	FALSE	ORF1ab:cds-YP_009725295.1	ACA	T	GCA	A	3361
NC_045512.2	10347	C	A	19153	3078	40	1	0	25	5.22084e-05	19154	1	FALSE	ORF1ab:cds-YP_009724389.1	ACA	T	AAA	K	3361
NC_045512.2	10347	C	A	19153	3078	40	1	0	25	5.22084e-05	19154	1	FALSE	ORF1ab:cds-YP_009725295.1	ACA	T	AAA	K	3361
NC_045512.2	10348	A	G	18857	3027	40	2	0	31	0.000106039	18861	0.99998	FALSE	ORF1ab:cds-YP_009724389.1	ACA	T	ACG	T	3361
NC_045512.2	10348	A	G	18857	3027	40	2	0	31	0.000106039	18861	0.99998	FALSE	ORF1ab:cds-YP_009725295.1	ACA	T	ACG	T	3361
NC_045512.2	10348	A	C	18857	3027	40	2	0	25	0.000106039	18861	1	FALSE	ORF1ab:cds-YP_009724389.1	ACA	T	ACC	T	3361
NC_045512.2	10348	A	C	18857	3027	40	2	0	25	0.000106039	18861	1	FALSE	ORF1ab:cds-YP_009725295.1	ACA	T	ACC	T	3361
NC_045512.2	10349	C	T	19149	3065	40	3	0	49	0.000156625	19154	0.312471	FALSE	ORF1ab:cds-YP_009724389.1	CCT	P	TCT	S	3362
NC_045512.2	10349	C	T	19149	3065	40	3	0	49	0.000156625	19154	0.312471	FALSE	ORF1ab:cds-YP_009725295.1	CCT	P	TCT	S	3362
NC_045512.2	10349	C	G	19149	3065	40	1	0	25	5.22084e-05	19154	1	FALSE	ORF1ab:cds-YP_009724389.1	CCT	P	GCT	A	3362
NC_045512.2	10349	C	G	19149	3065	40	1	0	25	5.22084e-05	19154	1	FALSE	ORF1ab:cds-YP_009725295.1	CCT	P	GCT	A	3362
NC_045512.2	10349	C	A	19149	3065	40	1	0	37	5.22084e-05	19154	0.999999	FALSE	ORF1ab:cds-YP_009724389.1	CCT	P	ACT	T	3362
NC_045512.2	10349	C	A	19149	3065	40	1	0	37	5.22084e-05	19154	0.999999	FALSE	ORF1ab:cds-YP_009725295.1	CCT	P	ACT	T	3362
NC_045512.2	10350	C	T	19069	3155	40	3	1	31	0.00015729	19073	0.99994	FALSE	ORF1ab:cds-YP_009724389.1	CCT	P	CTT	L	3362
NC_045512.2	10350	C	T	19069	3155	40	3	1	31	0.00015729	19073	0.99994	FALSE	ORF1ab:cds-YP_009725295.1	CCT	P	CTT	L	3362
NC_045512.2	10350	C	A	19069	3155	40	1	1	74	5.24301e-05	19073	0.499974	FALSE	ORF1ab:cds-YP_009724389.1	CCT	P	CAT	H	3362
NC_045512.2	10350	C	A	19069	3155	40	1	1	74	5.24301e-05	19073	0.499974	FALSE	ORF1ab:cds-YP_009725295.1	CCT	P	CAT	H	3362
NC_045512.2	10351	T	G	19030	3127	40	4	0	25	0.000210128	19036	1	FALSE	ORF1ab:cds-YP_009724389.1	CCT	P	CCG	P	3362
NC_045512.2	10351	T	G	19030	3127	40	4	0	25	0.000210128	19036	1	FALSE	ORF1ab:cds-YP_009725295.1	CCT	P	CCG	P	3362
NC_045512.2	10351	T	C	19030	3127	40	2	0	31	0.000105064	19036	0.99999	FALSE	ORF1ab:cds-YP_009724389.1	CCT	P	CCC	P	3362
NC_045512.2	10351	T	C	19030	3127	40	2	0	31	0.000105064	19036	0.99999	FALSE	ORF1ab:cds-YP_009725295.1	CCT	P	CCC	P	3362
NC_045512.2	10352	A	T	19050	3124	40	1	0	37	5.24604e-05	19062	0.999999	FALSE	ORF1ab:cds-YP_009724389.1	AAG	K	TAG	*	3363
NC_045512.2	10352	A	T	19050	3124	40	1	0	37	5.24604e-05	19062	0.999999	FALSE	ORF1ab:cds-YP_009725295.1	AAG	K	TAG	*	3363
NC_045512.2	10352	A	G	19050	3124	40	1	0	37	5.24604e-05	19062	0.999999	FALSE	ORF1ab:cds-YP_009724389.1	AAG	K	GAG	E	3363
NC_045512.2	10352	A	G	19050	3124	40	1	0	37	5.24604e-05	19062	0.999999	FALSE	ORF1ab:cds-YP_009725295.1	AAG	K	GAG	E	3363
NC_045512.2	10352	A	C	19050	3124	40	10	2	27	0.000524604	19062	1	FALSE	ORF1ab:cds-YP_009724389.1	AAG	K	CAG	Q	3363
NC_045512.2	10352	A	C	19050	3124	40	10	2	27	0.000524604	19062	1	FALSE	ORF1ab:cds-YP_009725295.1	AAG	K	CAG	Q	3363
NC_045512.2	10353	A	T	19349	3084	40	2	0	27	0.000103332	19355	1	FALSE	ORF1ab:cds-YP_009724389.1	AAG	K	ATG	M	3363
NC_045512.2	10353	A	T	19349	3084	40	2	0	27	0.000103332	19355	1	FALSE	ORF1ab:cds-YP_009725295.1	AAG	K	ATG	M	3363
NC_045512.2	10353	A	G	19349	3084	40	2	0	37	0.000103332	19355	0.99999	FALSE	ORF1ab:cds-YP_009724389.1	AAG	K	AGG	R	3363
NC_045512.2	10353	A	G	19349	3084	40	2	0	37	0.000103332	19355	0.99999	FALSE	ORF1ab:cds-YP_009725295.1	AAG	K	AGG	R	3363
NC_045512.2	10353	A	C	19349	3084	40	2	1	25	0.000103332	19355	1	FALSE	ORF1ab:cds-YP_009724389.1	AAG	K	ACG	T	3363
NC_045512.2	10353	A	C	19349	3084	40	2	1	25	0.000103332	19355	1	FALSE	ORF1ab:cds-YP_009725295.1	AAG	K	ACG	T	3363
NC_045512.2	10354	G	T	21708	3188	40	1	0	25	4.60596e-05	21711	1	FALSE	ORF1ab:cds-YP_009724389.1	AAG	K	AAT	N	3363
NC_045512.2	10354	G	T	21708	3188	40	1	0	25	4.60596e-05	21711	1	FALSE	ORF1ab:cds-YP_009725295.1	AAG	K	AAT	N	3363
NC_045512.2	10354	G	A	21708	3188	40	2	1	37	9.21192e-05	21711	0.999997	FALSE	ORF1ab:cds-YP_009724389.1	AAG	K	AAA	K	3363
NC_045512.2	10354	G	A	21708	3188	40	2	1	37	9.21192e-05	21711	0.999997	FALSE	ORF1ab:cds-YP_009725295.1	AAG	K	AAA	K	3363
NC_045512.2	10355	T	G	20451	3262	39	15	1	27	0.000732851	20468	1	FALSE	ORF1ab:cds-YP_009724389.1	TAT	Y	GAT	D	3364
NC_045512.2	10355	T	G	20451	3262	39	15	1	27	0.000732851	20468	1	FALSE	ORF1ab:cds-YP_009725295.1	TAT	Y	GAT	D	3364
NC_045512.2	10355	T	C	20451	3262	39	1	0	37	4.88568e-05	20468	1	FALSE	ORF1ab:cds-YP_009724389.1	TAT	Y	CAT	H	3364
NC_045512.2	10355	T	C	20451	3262	39	1	0	37	4.88568e-05	20468	1	FALSE	ORF1ab:cds-YP_009725295.1	TAT	Y	CAT	H	3364
NC_045512.2	10355	T	A	20451	3262	39	1	0	37	4.88568e-05	20468	1	FALSE	ORF1ab:cds-YP_009724389.1	TAT	Y	AAT	N	3364
NC_045512.2	10355	T	A	20451	3262	39	1	0	37	4.88568e-05	20468	1	FALSE	ORF1ab:cds-YP_009725295.1	TAT	Y	AAT	N	3364
NC_045512.2	10356	A	G	20842	3347	39	4	2	35	0.000191782	20857	0.999861	FALSE	ORF1ab:cds-YP_009724389.1	TAT	Y	TGT	C	3364
NC_045512.2	10356	A	G	20842	3347	39	4	2	35	0.000191782	20857	0.999861	FALSE	ORF1ab:cds-YP_009725295.1	TAT	Y	TGT	C	3364
NC_045512.2	10356	A	C	20842	3347	39	11	0	29	0.000527401	20857	1	FALSE	ORF1ab:cds-YP_009724389.1	TAT	Y	TCT	S	3364
NC_045512.2	10356	A	C	20842	3347	39	11	0	29	0.000527401	20857	1	FALSE	ORF1ab:cds-YP_009725295.1	TAT	Y	TCT	S	3364
NC_045512.2	10357	T	C	20753	3424	39	1	0	37	4.81835e-05	20754	1	FALSE	ORF1ab:cds-YP_009724389.1	TAT	Y	TAC	Y	3364
NC_045512.2	10357	T	C	20753	3424	39	1	0	37	4.81835e-05	20754	1	FALSE	ORF1ab:cds-YP_009725295.1	TAT	Y	TAC	Y	3364
NC_045512.2	10358	A	T	20640	3593	39	1	0	25	4.84285e-05	20649	1	FALSE	ORF1ab:cds-YP_009724389.1	AAG	K	TAG	*	3365
NC_045512.2	10358	A	T	20640	3593	39	1	0	25	4.84285e-05	20649	1	FALSE	ORF1ab:cds-YP_009725295.1	AAG	K	TAG	*	3365
NC_045512.2	10358	A	G	20640	3593	39	5	2	44	0.000242142	20649	0.226483	FALSE	ORF1ab:cds-YP_009724389.1	AAG	K	GAG	E	3365
NC_045512.2	10358	A	G	20640	3593	39	5	2	44	0.000242142	20649	0.226483	FALSE	ORF1ab:cds-YP_009725295.1	AAG	K	GAG	E	3365
NC_045512.2	10358	A	C	20640	3593	39	3	0	25	0.000145285	20649	1	FALSE	ORF1ab:cds-YP_009724389.1	AAG	K	CAG	Q	3365
NC_045512.2	10358	A	C	20640	3593	39	3	0	25	0.000145285	20649	1	FALSE	ORF1ab:cds-YP_009725295.1	AAG	K	CAG	Q	3365
NC_045512.2	10359	A	T	20636	3568	39	5	0	34	0.000242154	20648	0.999545	FALSE	ORF1ab:cds-YP_009724389.1	AAG	K	ATG	M	3365
NC_045512.2	10359	A	T	20636	3568	39	5	0	34	0.000242154	20648	0.999545	FALSE	ORF1ab:cds-YP_009725295.1	AAG	K	ATG	M	3365
NC_045512.2	10359	A	G	20636	3568	39	3	0	29	0.000145293	20648	1	FALSE	ORF1ab:cds-YP_009724389.1	AAG	K	AGG	R	3365
NC_045512.2	10359	A	G	20636	3568	39	3	0	29	0.000145293	20648	1	FALSE	ORF1ab:cds-YP_009725295.1	AAG	K	AGG	R	3365
NC_045512.2	10359	A	C	20636	3568	39	4	0	28	0.000193723	20648	1	FALSE	ORF1ab:cds-YP_009724389.1	AAG	K	ACG	T	3365
NC_045512.2	10359	A	C	20636	3568	39	4	0	28	0.000193723	20648	1	FALSE	ORF1ab:cds-YP_009725295.1	AAG	K	ACG	T	3365
NC_045512.2	10360	G	T	20903	3587	39	2	0	31	9.56617e-05	20907	0.999995	FALSE	ORF1ab:cds-YP_009724389.1	AAG	K	AAT	N	3365
NC_045512.2	10360	G	T	20903	3587	39	2	0	31	9.56617e-05	20907	0.999995	FALSE	ORF1ab:cds-YP_009725295.1	AAG	K	AAT	N	3365
NC_045512.2	10360	G	A	20903	3587	39	2	1	37	9.56617e-05	20907	0.999995	FALSE	ORF1ab:cds-YP_009724389.1	AAG	K	AAA	K	3365
NC_045512.2	10360	G	A	20903	3587	39	2	1	37	9.56617e-05	20907	0.999995	FALSE	ORF1ab:cds-YP_009725295.1	AAG	K	AAA	K	3365
NC_045512.2	10361	T	G	19656	3522	39	10	0	26	0.000508182	19678	1	FALSE	ORF1ab:cds-YP_009724389.1	TTT	F	GTT	V	3366
NC_045512.2	10361	T	G	19656	3522	39	10	0	26	0.000508182	19678	1	FALSE	ORF1ab:cds-YP_009725295.1	TTT	F	GTT	V	3366
NC_045512.2	10361	T	C	19656	3522	39	8	0	37	0.000406545	19678	0.990398	FALSE	ORF1ab:cds-YP_009724389.1	TTT	F	CTT	L	3366
NC_045512.2	10361	T	C	19656	3522	39	8	0	37	0.000406545	19678	0.990398	FALSE	ORF1ab:cds-YP_009725295.1	TTT	F	CTT	L	3366
NC_045512.2	10361	T	A	19656	3522	39	4	2	35	0.000203273	19678	0.999755	FALSE	ORF1ab:cds-YP_009724389.1	TTT	F	ATT	I	3366
NC_045512.2	10361	T	A	19656	3522	39	4	2	35	0.000203273	19678	0.999755	FALSE	ORF1ab:cds-YP_009725295.1	TTT	F	ATT	I	3366
NC_045512.2	10362	T	G	18150	3849	38	8	0	26	0.000440553	18159	1	FALSE	ORF1ab:cds-YP_009724389.1	TTT	F	TGT	C	3366
NC_045512.2	10362	T	G	18150	3849	38	8	0	26	0.000440553	18159	1	FALSE	ORF1ab:cds-YP_009725295.1	TTT	F	TGT	C	3366
NC_045512.2	10362	T	C	18150	3849	38	1	1	37	5.50691e-05	18159	0.999998	FALSE	ORF1ab:cds-YP_009724389.1	TTT	F	TCT	S	3366
NC_045512.2	10362	T	C	18150	3849	38	1	1	37	5.50691e-05	18159	0.999998	FALSE	ORF1ab:cds-YP_009725295.1	TTT	F	TCT	S	3366
NC_045512.2	10362	T	+C	18150	3849	38	11	0	20	0.00060576	18159	1	FALSE	NA	NA	NA	NA	NA	NA
NC_045512.2	10363	T	G	18484	3669	39	2	0	31	0.000108184	18487	0.99998	FALSE	ORF1ab:cds-YP_009724389.1	TTT	F	TTG	L	3366
NC_045512.2	10363	T	G	18484	3669	39	2	0	31	0.000108184	18487	0.99998	FALSE	ORF1ab:cds-YP_009725295.1	TTT	F	TTG	L	3366
NC_045512.2	10363	T	C	18484	3669	39	1	0	37	5.40921e-05	18487	0.999998	FALSE	ORF1ab:cds-YP_009724389.1	TTT	F	TTC	F	3366
NC_045512.2	10363	T	C	18484	3669	39	1	0	37	5.40921e-05	18487	0.999998	FALSE	ORF1ab:cds-YP_009725295.1	TTT	F	TTC	F	3366
NC_045512.2	10364	G	T	18508	3727	39	1	0	37	5.4019e-05	18512	0.999998	FALSE	ORF1ab:cds-YP_009724389.1	GTT	V	TTT	F	3367
NC_045512.2	10364	G	T	18508	3727	39	1	0	37	5.4019e-05	18512	0.999998	FALSE	ORF1ab:cds-YP_009725295.1	GTT	V	TTT	F	3367
NC_045512.2	10364	G	C	18508	3727	39	1	0	25	5.4019e-05	18512	1	FALSE	ORF1ab:cds-YP_009724389.1	GTT	V	CTT	L	3367
NC_045512.2	10364	G	C	18508	3727	39	1	0	25	5.4019e-05	18512	1	FALSE	ORF1ab:cds-YP_009725295.1	GTT	V	CTT	L	3367
NC_045512.2	10364	G	A	18508	3727	39	2	1	37	0.000108038	18512	0.99998	FALSE	ORF1ab:cds-YP_009724389.1	GTT	V	ATT	I	3367
NC_045512.2	10364	G	A	18508	3727	39	2	1	37	0.000108038	18512	0.99998	FALSE	ORF1ab:cds-YP_009725295.1	GTT	V	ATT	I	3367
NC_045512.2	10365	T	G	17866	3658	38	7	0	26	0.000391543	17878	1	FALSE	ORF1ab:cds-YP_009724389.1	GTT	V	GGT	G	3367
NC_045512.2	10365	T	G	17866	3658	38	7	0	26	0.000391543	17878	1	FALSE	ORF1ab:cds-YP_009725295.1	GTT	V	GGT	G	3367
NC_045512.2	10365	T	C	17866	3658	38	4	1	46	0.000223739	17878	0.18736	FALSE	ORF1ab:cds-YP_009724389.1	GTT	V	GCT	A	3367
NC_045512.2	10365	T	C	17866	3658	38	4	1	46	0.000223739	17878	0.18736	FALSE	ORF1ab:cds-YP_009725295.1	GTT	V	GCT	A	3367
NC_045512.2	10365	T	A	17866	3658	38	1	1	37	5.59347e-05	17878	0.999996	FALSE	ORF1ab:cds-YP_009724389.1	GTT	V	GAT	D	3367
NC_045512.2	10365	T	A	17866	3658	38	1	1	37	5.59347e-05	17878	0.999996	FALSE	ORF1ab:cds-YP_009725295.1	GTT	V	GAT	D	3367
NC_045512.2	10366	T	G	17967	3827	39	2	0	33	0.000111284	17972	0.999962	FALSE	ORF1ab:cds-YP_009724389.1	GTT	V	GTG	V	3367
NC_045512.2	10366	T	G	17967	3827	39	2	0	33	0.000111284	17972	0.999962	FALSE	ORF1ab:cds-YP_009725295.1	GTT	V	GTG	V	3367
NC_045512.2	10366	T	C	17967	3827	39	3	0	33	0.000166926	17972	0.999799	FALSE	ORF1ab:cds-YP_009724389.1	GTT	V	GTC	V	3367
NC_045512.2	10366	T	C	17967	3827	39	3	0	33	0.000166926	17972	0.999799	FALSE	ORF1ab:cds-YP_009725295.1	GTT	V	GTC	V	3367
NC_045512.2	10367	C	T	18158	4344	39	9	2	41	0.000495213	18174	0.0107192	FALSE	ORF1ab:cds-YP_009724389.1	CGC	R	TGC	C	3368
NC_045512.2	10367	C	T	18158	4344	39	9	2	41	0.000495213	18174	0.0107192	FALSE	ORF1ab:cds-YP_009725295.1	CGC	R	TGC	C	3368
NC_045512.2	10367	C	G	18158	4344	39	1	1	37	5.50237e-05	18174	0.999998	FALSE	ORF1ab:cds-YP_009724389.1	CGC	R	GGC	G	3368
NC_045512.2	10367	C	G	18158	4344	39	1	1	37	5.50237e-05	18174	0.999998	FALSE	ORF1ab:cds-YP_009725295.1	CGC	R	GGC	G	3368
NC_045512.2	10367	C	A	18158	4344	39	6	6	37	0.000330142	18174	0.996691	FALSE	ORF1ab:cds-YP_009724389.1	CGC	R	AGC	S	3368
NC_045512.2	10367	C	A	18158	4344	39	6	6	37	0.000330142	18174	0.996691	FALSE	ORF1ab:cds-YP_009725295.1	CGC	R	AGC	S	3368
NC_045512.2	10368	G	T	18150	4583	39	3	0	33	0.000164998	18182	0.999888	FALSE	ORF1ab:cds-YP_009724389.1	CGC	R	CTC	L	3368
NC_045512.2	10368	G	T	18150	4583	39	3	0	33	0.000164998	18182	0.999888	FALSE	ORF1ab:cds-YP_009725295.1	CGC	R	CTC	L	3368
NC_045512.2	10368	G	C	18150	4583	39	1	0	37	5.49995e-05	18182	0.999998	FALSE	ORF1ab:cds-YP_009724389.1	CGC	R	CCC	P	3368
NC_045512.2	10368	G	C	18150	4583	39	1	0	37	5.49995e-05	18182	0.999998	FALSE	ORF1ab:cds-YP_009725295.1	CGC	R	CCC	P	3368
NC_045512.2	10368	G	A	18150	4583	39	28	6	43	0.00153998	18182	5.52172e-08	TRUE	ORF1ab:cds-YP_009724389.1	CGC	R	CAC	H	3368
NC_045512.2	10368	G	A	18150	4583	39	28	6	43	0.00153998	18182	5.52172e-08	TRUE	ORF1ab:cds-YP_009725295.1	CGC	R	CAC	H	3368
NC_045512.2	10369	C	T	18749	4658	39	4	0	37	0.000213288	18754	0.999574	FALSE	ORF1ab:cds-YP_009724389.1	CGC	R	CGT	R	3368
NC_045512.2	10369	C	T	18749	4658	39	4	0	37	0.000213288	18754	0.999574	FALSE	ORF1ab:cds-YP_009725295.1	CGC	R	CGT	R	3368
NC_045512.2	10369	C	G	18749	4658	39	1	1	22	5.3322e-05	18754	1	FALSE	ORF1ab:cds-YP_009724389.1	CGC	R	CGG	R	3368
NC_045512.2	10369	C	G	18749	4658	39	1	1	22	5.3322e-05	18754	1	FALSE	ORF1ab:cds-YP_009725295.1	CGC	R	CGG	R	3368
NC_045512.2	10370	A	C	18845	4681	39	1	1	25	5.30617e-05	18846	1	FALSE	ORF1ab:cds-YP_009724389.1	ATT	I	CTT	L	3369
NC_045512.2	10370	A	C	18845	4681	39	1	1	25	5.30617e-05	18846	1	FALSE	ORF1ab:cds-YP_009725295.1	ATT	I	CTT	L	3369
NC_045512.2	10370	A	+T	18845	4681	39	1	0	20	5.30617e-05	18846	1	FALSE	NA	NA	NA	NA	NA	NA
NC_045512.2	10371	T	G	18701	4630	39	2	2	27	0.0001069	18709	1	FALSE	ORF1ab:cds-YP_009724389.1	ATT	I	AGT	S	3369
NC_045512.2	10371	T	G	18701	4630	39	2	2	27	0.0001069	18709	1	FALSE	ORF1ab:cds-YP_009725295.1	ATT	I	AGT	S	3369
NC_045512.2	10371	T	C	18701	4630	39	5	3	37	0.000267251	18709	0.998703	FALSE	ORF1ab:cds-YP_009724389.1	ATT	I	ACT	T	3369
NC_045512.2	10371	T	C	18701	4630	39	5	3	37	0.000267251	18709	0.998703	FALSE	ORF1ab:cds-YP_009725295.1	ATT	I	ACT	T	3369
NC_045512.2	10371	T	A	18701	4630	39	1	0	37	5.34502e-05	18709	0.999998	FALSE	ORF1ab:cds-YP_009724389.1	ATT	I	AAT	N	3369
NC_045512.2	10371	T	A	18701	4630	39	1	0	37	5.34502e-05	18709	0.999998	FALSE	ORF1ab:cds-YP_009725295.1	ATT	I	AAT	N	3369
NC_045512.2	10372	T	C	17844	4837	39	2	1	48	0.000112064	17847	0.5	FALSE	ORF1ab:cds-YP_009724389.1	ATT	I	ATC	I	3369
NC_045512.2	10372	T	C	17844	4837	39	2	1	48	0.000112064	17847	0.5	FALSE	ORF1ab:cds-YP_009725295.1	ATT	I	ATC	I	3369
NC_045512.2	10372	T	A	17844	4837	39	1	0	74	5.60318e-05	17847	0.499986	FALSE	ORF1ab:cds-YP_009724389.1	ATT	I	ATA	I	3369
NC_045512.2	10372	T	A	17844	4837	39	1	0	74	5.60318e-05	17847	0.499986	FALSE	ORF1ab:cds-YP_009725295.1	ATT	I	ATA	I	3369
NC_045512.2	10373	C	A	17932	4892	39	1	0	25	5.57631e-05	17933	1	FALSE	ORF1ab:cds-YP_009724389.1	CAA	Q	AAA	K	3370
NC_045512.2	10373	C	A	17932	4892	39	1	0	25	5.57631e-05	17933	1	FALSE	ORF1ab:cds-YP_009725295.1	CAA	Q	AAA	K	3370
NC_045512.2	10374	A	G	18049	4999	39	2	1	37	0.000110791	18052	0.99998	FALSE	ORF1ab:cds-YP_009724389.1	CAA	Q	CGA	R	3370
NC_045512.2	10374	A	G	18049	4999	39	2	1	37	0.000110791	18052	0.99998	FALSE	ORF1ab:cds-YP_009725295.1	CAA	Q	CGA	R	3370
NC_045512.2	10374	A	C	18049	4999	39	1	1	25	5.53955e-05	18052	1	FALSE	ORF1ab:cds-YP_009724389.1	CAA	Q	CCA	P	3370
NC_045512.2	10374	A	C	18049	4999	39	1	1	25	5.53955e-05	18052	1	FALSE	ORF1ab:cds-YP_009725295.1	CAA	Q	CCA	P	3370
NC_045512.2	10375	A	G	18249	5209	39	5	3	34	0.000273868	18257	0.998703	FALSE	ORF1ab:cds-YP_009724389.1	CAA	Q	CAG	Q	3370
NC_045512.2	10375	A	G	18249	5209	39	5	3	34	0.000273868	18257	0.998703	FALSE	ORF1ab:cds-YP_009725295.1	CAA	Q	CAG	Q	3370
NC_045512.2	10375	A	C	18249	5209	39	3	1	29	0.000164321	18257	1	FALSE	ORF1ab:cds-YP_009724389.1	CAA	Q	CAC	H	3370
NC_045512.2	10375	A	C	18249	5209	39	3	1	29	0.000164321	18257	1	FALSE	ORF1ab:cds-YP_009725295.1	CAA	Q	CAC	H	3370
NC_045512.2	10375	A	-C	18249	5209	39	1	0	20	5.47735e-05	18257	1	FALSE	NA	NA	NA	NA	NA	NA
NC_045512.2	10376	C	T	18489	5505	39	6	2	37	0.000324394	18496	0.996702	FALSE	ORF1ab:cds-YP_009724389.1	CCA	P	TCA	S	3371
NC_045512.2	10376	C	T	18489	5505	39	6	2	37	0.000324394	18496	0.996702	FALSE	ORF1ab:cds-YP_009725295.1	CCA	P	TCA	S	3371
NC_045512.2	10376	C	A	18489	5505	39	1	0	25	5.40657e-05	18496	1	FALSE	ORF1ab:cds-YP_009724389.1	CCA	P	ACA	T	3371
NC_045512.2	10376	C	A	18489	5505	39	1	0	25	5.40657e-05	18496	1	FALSE	ORF1ab:cds-YP_009725295.1	CCA	P	ACA	T	3371
NC_045512.2	10377	C	T	17695	5707	39	1	0	37	5.65004e-05	17699	0.999996	FALSE	ORF1ab:cds-YP_009724389.1	CCA	P	CTA	L	3371
NC_045512.2	10377	C	T	17695	5707	39	1	0	37	5.65004e-05	17699	0.999996	FALSE	ORF1ab:cds-YP_009725295.1	CCA	P	CTA	L	3371
NC_045512.2	10377	C	A	17695	5707	39	3	0	29	0.000169501	17699	1	FALSE	ORF1ab:cds-YP_009724389.1	CCA	P	CAA	Q	3371
NC_045512.2	10377	C	A	17695	5707	39	3	0	29	0.000169501	17699	1	FALSE	ORF1ab:cds-YP_009725295.1	CCA	P	CAA	Q	3371
NC_045512.2	10378	A	G	17396	5540	39	3	1	45	0.000172414	17400	0.312489	FALSE	ORF1ab:cds-YP_009724389.1	CCA	P	CCG	P	3371
NC_045512.2	10378	A	G	17396	5540	39	3	1	45	0.000172414	17400	0.312489	FALSE	ORF1ab:cds-YP_009725295.1	CCA	P	CCG	P	3371
NC_045512.2	10378	A	C	17396	5540	39	1	0	25	5.74713e-05	17400	1	FALSE	ORF1ab:cds-YP_009724389.1	CCA	P	CCC	P	3371
NC_045512.2	10378	A	C	17396	5540	39	1	0	25	5.74713e-05	17400	1	FALSE	ORF1ab:cds-YP_009725295.1	CCA	P	CCC	P	3371
NC_045512.2	10379	G	T	18131	5448	38	5	0	32	0.000275619	18141	0.998702	FALSE	ORF1ab:cds-YP_009724389.1	GGA	G	TGA	*	3372
NC_045512.2	10379	G	T	18131	5448	38	5	0	32	0.000275619	18141	0.998702	FALSE	ORF1ab:cds-YP_009725295.1	GGA	G	TGA	*	3372
NC_045512.2	10379	G	C	18131	5448	38	3	1	25	0.000165371	18141	1	FALSE	ORF1ab:cds-YP_009724389.1	GGA	G	CGA	R	3372
NC_045512.2	10379	G	C	18131	5448	38	3	1	25	0.000165371	18141	1	FALSE	ORF1ab:cds-YP_009725295.1	GGA	G	CGA	R	3372
NC_045512.2	10379	G	A	18131	5448	38	2	1	55	0.000110248	18141	0.249897	FALSE	ORF1ab:cds-YP_009724389.1	GGA	G	AGA	R	3372
NC_045512.2	10379	G	A	18131	5448	38	2	1	55	0.000110248	18141	0.249897	FALSE	ORF1ab:cds-YP_009725295.1	GGA	G	AGA	R	3372
NC_045512.2	10381	A	G	17993	5591	38	4	2	49	0.000222222	18000	0.187448	FALSE	ORF1ab:cds-YP_009724389.1	GGA	G	GGG	G	3372
NC_045512.2	10381	A	G	17993	5591	38	4	2	49	0.000222222	18000	0.187448	FALSE	ORF1ab:cds-YP_009725295.1	GGA	G	GGG	G	3372
NC_045512.2	10381	A	C	17993	5591	38	3	1	25	0.000166667	18000	1	FALSE	ORF1ab:cds-YP_009724389.1	GGA	G	GGC	G	3372
NC_045512.2	10381	A	C	17993	5591	38	3	1	25	0.000166667	18000	1	FALSE	ORF1ab:cds-YP_009725295.1	GGA	G	GGC	G	3372
NC_045512.2	10382	C	T	18516	7071	39	1	0	37	5.39986e-05	18519	0.999998	FALSE	ORF1ab:cds-YP_009724389.1	CAG	Q	TAG	*	3373
NC_045512.2	10382	C	T	18516	7071	39	1	0	37	5.39986e-05	18519	0.999998	FALSE	ORF1ab:cds-YP_009725295.1	CAG	Q	TAG	*	3373
NC_045512.2	10382	C	G	18516	7071	39	2	2	29	0.000107997	18519	1	FALSE	ORF1ab:cds-YP_009724389.1	CAG	Q	GAG	E	3373
NC_045512.2	10382	C	G	18516	7071	39	2	2	29	0.000107997	18519	1	FALSE	ORF1ab:cds-YP_009725295.1	CAG	Q	GAG	E	3373
NC_045512.2	10383	A	T	18188	7030	39	3	3	53	0.000164835	18200	0.124907	FALSE	ORF1ab:cds-YP_009724389.1	CAG	Q	CTG	L	3373
NC_045512.2	10383	A	T	18188	7030	39	3	3	53	0.000164835	18200	0.124907	FALSE	ORF1ab:cds-YP_009725295.1	CAG	Q	CTG	L	3373
NC_045512.2	10383	A	G	18188	7030	39	6	2	49	0.00032967	18200	0.0624369	FALSE	ORF1ab:cds-YP_009724389.1	CAG	Q	CGG	R	3373
NC_045512.2	10383	A	G	18188	7030	39	6	2	49	0.00032967	18200	0.0624369	FALSE	ORF1ab:cds-YP_009725295.1	CAG	Q	CGG	R	3373
NC_045512.2	10383	A	C	18188	7030	39	3	0	29	0.000164835	18200	1	FALSE	ORF1ab:cds-YP_009724389.1	CAG	Q	CCG	P	3373
NC_045512.2	10383	A	C	18188	7030	39	3	0	29	0.000164835	18200	1	FALSE	ORF1ab:cds-YP_009725295.1	CAG	Q	CCG	P	3373
NC_045512.2	10383	A	+G	18188	7030	39	1	0	20	5.49451e-05	18200	1	FALSE	NA	NA	NA	NA	NA	NA
NC_045512.2	10384	G	A	18871	7020	39	4	1	37	0.000211921	18875	0.999574	FALSE	ORF1ab:cds-YP_009724389.1	CAG	Q	CAA	Q	3373
NC_045512.2	10384	G	A	18871	7020	39	4	1	37	0.000211921	18875	0.999574	FALSE	ORF1ab:cds-YP_009725295.1	CAG	Q	CAA	Q	3373
NC_045512.2	10384	G	-A	18871	7020	39	8	0	20	0.000423841	18875	1	FALSE	NA	NA	NA	NA	NA	NA
NC_045512.2	10385	A	T	18634	6954	39	2	1	37	0.000107302	18639	0.99998	FALSE	ORF1ab:cds-YP_009724389.1	ACT	T	TCT	S	3374
NC_045512.2	10385	A	T	18634	6954	39	2	1	37	0.000107302	18639	0.99998	FALSE	ORF1ab:cds-YP_009725295.1	ACT	T	TCT	S	3374
NC_045512.2	10385	A	G	18634	6954	39	3	2	33	0.000160953	18639	0.999889	FALSE	ORF1ab:cds-YP_009724389.1	ACT	T	GCT	A	3374
NC_045512.2	10385	A	G	18634	6954	39	3	2	33	0.000160953	18639	0.999889	FALSE	ORF1ab:cds-YP_009725295.1	ACT	T	GCT	A	3374
NC_045512.2	10386	C	T	18749	7097	39	4	1	37	0.000213288	18754	0.999574	FALSE	ORF1ab:cds-YP_009724389.1	ACT	T	ATT	I	3374
NC_045512.2	10386	C	T	18749	7097	39	4	1	37	0.000213288	18754	0.999574	FALSE	ORF1ab:cds-YP_009725295.1	ACT	T	ATT	I	3374
NC_045512.2	10386	C	A	18749	7097	39	1	0	25	5.3322e-05	18754	1	FALSE	ORF1ab:cds-YP_009724389.1	ACT	T	AAT	N	3374
NC_045512.2	10386	C	A	18749	7097	39	1	0	25	5.3322e-05	18754	1	FALSE	ORF1ab:cds-YP_009725295.1	ACT	T	AAT	N	3374
NC_045512.2	10386	C	-T	18749	7097	39	28	0	20	0.00149301	18754	1	FALSE	NA	NA	NA	NA	NA	NA
NC_045512.2	10387	T	C	18681	6815	39	8	2	35	0.000428036	18690	0.985408	FALSE	ORF1ab:cds-YP_009724389.1	ACT	T	ACC	T	3374
NC_045512.2	10387	T	C	18681	6815	39	8	2	35	0.000428036	18690	0.985408	FALSE	ORF1ab:cds-YP_009725295.1	ACT	T	ACC	T	3374
NC_045512.2	10387	T	A	18681	6815	39	1	0	37	5.35045e-05	18690	0.999998	FALSE	ORF1ab:cds-YP_009724389.1	ACT	T	ACA	T	3374
NC_045512.2	10387	T	A	18681	6815	39	1	0	37	5.35045e-05	18690	0.999998	FALSE	ORF1ab:cds-YP_009725295.1	ACT	T	ACA	T	3374
NC_045512.2	10388	T	G	18214	6915	39	3	0	25	0.000164672	18218	1	FALSE	ORF1ab:cds-YP_009724389.1	TTT	F	GTT	V	3375
NC_045512.2	10388	T	G	18214	6915	39	3	0	25	0.000164672	18218	1	FALSE	ORF1ab:cds-YP_009725295.1	TTT	F	GTT	V	3375
NC_045512.2	10388	T	C	18214	6915	39	1	0	37	5.48908e-05	18218	0.999998	FALSE	ORF1ab:cds-YP_009724389.1	TTT	F	CTT	L	3375
NC_045512.2	10388	T	C	18214	6915	39	1	0	37	5.48908e-05	18218	0.999998	FALSE	ORF1ab:cds-YP_009725295.1	TTT	F	CTT	L	3375
NC_045512.2	10389	T	G	18605	7138	39	1	0	37	5.37374e-05	18609	0.999998	FALSE	ORF1ab:cds-YP_009724389.1	TTT	F	TGT	C	3375
NC_045512.2	10389	T	G	18605	7138	39	1	0	37	5.37374e-05	18609	0.999998	FALSE	ORF1ab:cds-YP_009725295.1	TTT	F	TGT	C	3375
NC_045512.2	10389	T	C	18605	7138	39	3	0	29	0.000161212	18609	1	FALSE	ORF1ab:cds-YP_009724389.1	TTT	F	TCT	S	3375
NC_045512.2	10389	T	C	18605	7138	39	3	0	29	0.000161212	18609	1	FALSE	ORF1ab:cds-YP_009725295.1	TTT	F	TCT	S	3375
NC_045512.2	10390	T	C	18743	7236	39	5	1	44	0.000266695	18748	0.109369	FALSE	ORF1ab:cds-YP_009724389.1	TTT	F	TTC	F	3375
NC_045512.2	10390	T	C	18743	7236	39	5	1	44	0.000266695	18748	0.109369	FALSE	ORF1ab:cds-YP_009725295.1	TTT	F	TTC	F	3375
NC_045512.2	10391	T	G	18974	7238	39	1	0	37	5.26926e-05	18978	0.999998	FALSE	ORF1ab:cds-YP_009724389.1	TCA	S	GCA	A	3376
NC_045512.2	10391	T	G	18974	7238	39	1	0	37	5.26926e-05	18978	0.999998	FALSE	ORF1ab:cds-YP_009725295.1	TCA	S	GCA	A	3376
NC_045512.2	10391	T	C	18974	7238	39	3	1	37	0.000158078	18978	0.99989	FALSE	ORF1ab:cds-YP_009724389.1	TCA	S	CCA	P	3376
NC_045512.2	10391	T	C	18974	7238	39	3	1	37	0.000158078	18978	0.99989	FALSE	ORF1ab:cds-YP_009725295.1	TCA	S	CCA	P	3376
NC_045512.2	10392	C	T	18964	7249	39	2	0	55	0.000105446	18967	0.249993	FALSE	ORF1ab:cds-YP_009724389.1	TCA	S	TTA	L	3376
NC_045512.2	10392	C	T	18964	7249	39	2	0	55	0.000105446	18967	0.249993	FALSE	ORF1ab:cds-YP_009725295.1	TCA	S	TTA	L	3376
NC_045512.2	10392	C	A	18964	7249	39	1	1	37	5.27232e-05	18967	0.999998	FALSE	ORF1ab:cds-YP_009724389.1	TCA	S	TAA	*	3376
NC_045512.2	10392	C	A	18964	7249	39	1	1	37	5.27232e-05	18967	0.999998	FALSE	ORF1ab:cds-YP_009725295.1	TCA	S	TAA	*	3376
NC_045512.2	10393	A	G	18726	7065	39	9	6	37	0.000480333	18737	0.973914	FALSE	ORF1ab:cds-YP_009724389.1	TCA	S	TCG	S	3376
NC_045512.2	10393	A	G	18726	7065	39	9	6	37	0.000480333	18737	0.973914	FALSE	ORF1ab:cds-YP_009725295.1	TCA	S	TCG	S	3376
NC_045512.2	10393	A	C	18726	7065	39	2	0	31	0.000106741	18737	0.99998	FALSE	ORF1ab:cds-YP_009724389.1	TCA	S	TCC	S	3376
NC_045512.2	10393	A	C	18726	7065	39	2	0	31	0.000106741	18737	0.99998	FALSE	ORF1ab:cds-YP_009725295.1	TCA	S	TCC	S	3376
NC_045512.2	10394	G	T	19693	7405	40	1	1	74	5.07692e-05	19697	0.499975	FALSE	ORF1ab:cds-YP_009724389.1	GTG	V	TTG	L	3377
NC_045512.2	10394	G	T	19693	7405	40	1	1	74	5.07692e-05	19697	0.499975	FALSE	ORF1ab:cds-YP_009725295.1	GTG	V	TTG	L	3377
NC_045512.2	10394	G	A	19693	7405	40	3	2	37	0.000152307	19697	0.99994	FALSE	ORF1ab:cds-YP_009724389.1	GTG	V	ATG	M	3377
NC_045512.2	10394	G	A	19693	7405	40	3	2	37	0.000152307	19697	0.99994	FALSE	ORF1ab:cds-YP_009725295.1	GTG	V	ATG	M	3377
NC_045512.2	10394	G	+C	19693	7405	40	2	0	20	0.000101538	19697	1	FALSE	NA	NA	NA	NA	NA	NA
NC_045512.2	10395	T	G	18943	7349	39	6	0	29	0.000316589	18952	1	FALSE	ORF1ab:cds-YP_009724389.1	GTG	V	GGG	G	3377
NC_045512.2	10395	T	G	18943	7349	39	6	0	29	0.000316589	18952	1	FALSE	ORF1ab:cds-YP_009725295.1	GTG	V	GGG	G	3377
NC_045512.2	10395	T	C	18943	7349	39	1	0	37	5.27649e-05	18952	0.999998	FALSE	ORF1ab:cds-YP_009724389.1	GTG	V	GCG	A	3377
NC_045512.2	10395	T	C	18943	7349	39	1	0	37	5.27649e-05	18952	0.999998	FALSE	ORF1ab:cds-YP_009725295.1	GTG	V	GCG	A	3377
NC_045512.2	10395	T	A	18943	7349	39	2	0	37	0.00010553	18952	0.99998	FALSE	ORF1ab:cds-YP_009724389.1	GTG	V	GAG	E	3377
NC_045512.2	10395	T	A	18943	7349	39	2	0	37	0.00010553	18952	0.99998	FALSE	ORF1ab:cds-YP_009725295.1	GTG	V	GAG	E	3377
NC_045512.2	10396	G	T	19682	7437	39	1	0	37	5.08027e-05	19684	0.999999	FALSE	ORF1ab:cds-YP_009724389.1	GTG	V	GTT	V	3377
NC_045512.2	10396	G	T	19682	7437	39	1	0	37	5.08027e-05	19684	0.999999	FALSE	ORF1ab:cds-YP_009725295.1	GTG	V	GTT	V	3377
NC_045512.2	10396	G	A	19682	7437	39	1	0	37	5.08027e-05	19684	0.999999	FALSE	ORF1ab:cds-YP_009724389.1	GTG	V	GTA	V	3377
NC_045512.2	10396	G	A	19682	7437	39	1	0	37	5.08027e-05	19684	0.999999	FALSE	ORF1ab:cds-YP_009725295.1	GTG	V	GTA	V	3377
NC_045512.2	10397	T	C	19613	7573	40	4	2	37	0.000203894	19618	0.999757	FALSE	ORF1ab:cds-YP_009724389.1	TTA	L	CTA	L	3378
NC_045512.2	10397	T	C	19613	7573	40	4	2	37	0.000203894	19618	0.999757	FALSE	ORF1ab:cds-YP_009725295.1	TTA	L	CTA	L	3378
NC_045512.2	10397	T	A	19613	7573	40	1	0	25	5.09736e-05	19618	1	FALSE	ORF1ab:cds-YP_009724389.1	TTA	L	ATA	I	3378
NC_045512.2	10397	T	A	19613	7573	40	1	0	25	5.09736e-05	19618	1	FALSE	ORF1ab:cds-YP_009725295.1	TTA	L	ATA	I	3378
NC_045512.2	10398	T	G	19754	7541	40	1	1	25	5.06098e-05	19759	1	FALSE	ORF1ab:cds-YP_009724389.1	TTA	L	TGA	*	3378
NC_045512.2	10398	T	G	19754	7541	40	1	1	25	5.06098e-05	19759	1	FALSE	ORF1ab:cds-YP_009725295.1	TTA	L	TGA	*	3378
NC_045512.2	10398	T	C	19754	7541	40	4	2	37	0.000202439	19759	0.999757	FALSE	ORF1ab:cds-YP_009724389.1	TTA	L	TCA	S	3378
NC_045512.2	10398	T	C	19754	7541	40	4	2	37	0.000202439	19759	0.999757	FALSE	ORF1ab:cds-YP_009725295.1	TTA	L	TCA	S	3378
NC_045512.2	10399	A	G	18959	7929	39	2	0	37	0.000105457	18965	0.99998	FALSE	ORF1ab:cds-YP_009724389.1	TTA	L	TTG	L	3378
NC_045512.2	10399	A	G	18959	7929	39	2	0	37	0.000105457	18965	0.99998	FALSE	ORF1ab:cds-YP_009725295.1	TTA	L	TTG	L	3378
NC_045512.2	10399	A	C	18959	7929	39	4	1	25	0.000210915	18965	1	FALSE	ORF1ab:cds-YP_009724389.1	TTA	L	TTC	F	3378
NC_045512.2	10399	A	C	18959	7929	39	4	1	25	0.000210915	18965	1	FALSE	ORF1ab:cds-YP_009725295.1	TTA	L	TTC	F	3378
NC_045512.2	10400	G	T	19263	7848	39	1	1	37	5.18941e-05	19270	0.999999	FALSE	ORF1ab:cds-YP_009724389.1	GCT	A	TCT	S	3379
NC_045512.2	10400	G	T	19263	7848	39	1	1	37	5.18941e-05	19270	0.999999	FALSE	ORF1ab:cds-YP_009725295.1	GCT	A	TCT	S	3379
NC_045512.2	10400	G	A	19263	7848	39	6	3	38	0.000311365	19270	0.997967	FALSE	ORF1ab:cds-YP_009724389.1	GCT	A	ACT	T	3379
NC_045512.2	10400	G	A	19263	7848	39	6	3	38	0.000311365	19270	0.997967	FALSE	ORF1ab:cds-YP_009725295.1	GCT	A	ACT	T	3379
NC_045512.2	10401	C	T	18771	7765	39	10	2	36	0.000532453	18781	0.956492	FALSE	ORF1ab:cds-YP_009724389.1	GCT	A	GTT	V	3379
NC_045512.2	10401	C	T	18771	7765	39	10	2	36	0.000532453	18781	0.956492	FALSE	ORF1ab:cds-YP_009725295.1	GCT	A	GTT	V	3379
NC_045512.2	10402	T	G	18701	7919	39	8	3	28	0.000427533	18712	1	FALSE	ORF1ab:cds-YP_009724389.1	GCT	A	GCG	A	3379
NC_045512.2	10402	T	G	18701	7919	39	8	3	28	0.000427533	18712	1	FALSE	ORF1ab:cds-YP_009725295.1	GCT	A	GCG	A	3379
NC_045512.2	10402	T	C	18701	7919	39	3	0	37	0.000160325	18712	0.999889	FALSE	ORF1ab:cds-YP_009724389.1	GCT	A	GCC	A	3379
NC_045512.2	10402	T	C	18701	7919	39	3	0	37	0.000160325	18712	0.999889	FALSE	ORF1ab:cds-YP_009725295.1	GCT	A	GCC	A	3379
NC_045512.2	10403	T	G	18735	7781	39	3	0	25	0.000160043	18745	1	FALSE	ORF1ab:cds-YP_009724389.1	TGT	C	GGT	G	3380
NC_045512.2	10403	T	G	18735	7781	39	3	0	25	0.000160043	18745	1	FALSE	ORF1ab:cds-YP_009725295.1	TGT	C	GGT	G	3380
NC_045512.2	10403	T	C	18735	7781	39	4	1	37	0.00021339	18745	0.999573	FALSE	ORF1ab:cds-YP_009724389.1	TGT	C	CGT	R	3380
NC_045512.2	10403	T	C	18735	7781	39	4	1	37	0.00021339	18745	0.999573	FALSE	ORF1ab:cds-YP_009725295.1	TGT	C	CGT	R	3380
NC_045512.2	10403	T	A	18735	7781	39	3	2	37	0.000160043	18745	0.999889	FALSE	ORF1ab:cds-YP_009724389.1	TGT	C	AGT	S	3380
NC_045512.2	10403	T	A	18735	7781	39	3	2	37	0.000160043	18745	0.999889	FALSE	ORF1ab:cds-YP_009725295.1	TGT	C	AGT	S	3380
NC_045512.2	10404	G	T	19129	7810	40	3	2	37	0.000156789	19134	0.99994	FALSE	ORF1ab:cds-YP_009724389.1	TGT	C	TTT	F	3380
NC_045512.2	10404	G	T	19129	7810	40	3	2	37	0.000156789	19134	0.99994	FALSE	ORF1ab:cds-YP_009725295.1	TGT	C	TTT	F	3380
NC_045512.2	10404	G	A	19129	7810	40	2	0	37	0.000104526	19134	0.99999	FALSE	ORF1ab:cds-YP_009724389.1	TGT	C	TAT	Y	3380
NC_045512.2	10404	G	A	19129	7810	40	2	0	37	0.000104526	19134	0.99999	FALSE	ORF1ab:cds-YP_009725295.1	TGT	C	TAT	Y	3380
NC_045512.2	10405	T	G	19032	7805	39	2	0	31	0.00010507	19035	0.99999	FALSE	ORF1ab:cds-YP_009724389.1	TGT	C	TGG	W	3380
NC_045512.2	10405	T	G	19032	7805	39	2	0	31	0.00010507	19035	0.99999	FALSE	ORF1ab:cds-YP_009725295.1	TGT	C	TGG	W	3380
NC_045512.2	10405	T	A	19032	7805	39	1	0	37	5.25348e-05	19035	0.999999	FALSE	ORF1ab:cds-YP_009724389.1	TGT	C	TGA	*	3380
NC_045512.2	10405	T	A	19032	7805	39	1	0	37	5.25348e-05	19035	0.999999	FALSE	ORF1ab:cds-YP_009725295.1	TGT	C	TGA	*	3380
NC_045512.2	10406	T	C	18737	7926	39	2	1	37	0.000106729	18739	0.99998	FALSE	ORF1ab:cds-YP_009724389.1	TAC	Y	CAC	H	3381
NC_045512.2	10406	T	C	18737	7926	39	2	1	37	0.000106729	18739	0.99998	FALSE	ORF1ab:cds-YP_009725295.1	TAC	Y	CAC	H	3381
NC_045512.2	10406	T	-A	18737	7926	39	1	0	20	5.33646e-05	18739	1	FALSE	NA	NA	NA	NA	NA	NA
NC_045512.2	10407	A	T	18635	7955	39	1	1	37	5.36423e-05	18642	0.999998	FALSE	ORF1ab:cds-YP_009724389.1	TAC	Y	TTC	F	3381
NC_045512.2	10407	A	T	18635	7955	39	1	1	37	5.36423e-05	18642	0.999998	FALSE	ORF1ab:cds-YP_009725295.1	TAC	Y	TTC	F	3381
NC_045512.2	10407	A	G	18635	7955	39	4	0	37	0.000214569	18642	0.999573	FALSE	ORF1ab:cds-YP_009724389.1	TAC	Y	TGC	C	3381
NC_045512.2	10407	A	G	18635	7955	39	4	0	37	0.000214569	18642	0.999573	FALSE	ORF1ab:cds-YP_009725295.1	TAC	Y	TGC	C	3381
NC_045512.2	10407	A	C	18635	7955	39	2	1	31	0.000107285	18642	0.99998	FALSE	ORF1ab:cds-YP_009724389.1	TAC	Y	TCC	S	3381
NC_045512.2	10407	A	C	18635	7955	39	2	1	31	0.000107285	18642	0.99998	FALSE	ORF1ab:cds-YP_009725295.1	TAC	Y	TCC	S	3381
NC_045512.2	10408	C	T	18867	8086	39	2	1	37	0.000105983	18871	0.99998	FALSE	ORF1ab:cds-YP_009724389.1	TAC	Y	TAT	Y	3381
NC_045512.2	10408	C	T	18867	8086	39	2	1	37	0.000105983	18871	0.99998	FALSE	ORF1ab:cds-YP_009725295.1	TAC	Y	TAT	Y	3381
NC_045512.2	10408	C	A	18867	8086	39	2	1	31	0.000105983	18871	0.99998	FALSE	ORF1ab:cds-YP_009724389.1	TAC	Y	TAA	*	3381
NC_045512.2	10408	C	A	18867	8086	39	2	1	31	0.000105983	18871	0.99998	FALSE	ORF1ab:cds-YP_009725295.1	TAC	Y	TAA	*	3381
NC_045512.2	10409	A	T	18683	8008	39	1	1	25	5.35045e-05	18690	1	FALSE	ORF1ab:cds-YP_009724389.1	AAT	N	TAT	Y	3382
NC_045512.2	10409	A	T	18683	8008	39	1	1	25	5.35045e-05	18690	1	FALSE	ORF1ab:cds-YP_009725295.1	AAT	N	TAT	Y	3382
NC_045512.2	10409	A	G	18683	8008	39	4	2	55	0.000214018	18690	0.0624766	FALSE	ORF1ab:cds-YP_009724389.1	AAT	N	GAT	D	3382
NC_045512.2	10409	A	G	18683	8008	39	4	2	55	0.000214018	18690	0.0624766	FALSE	ORF1ab:cds-YP_009725295.1	AAT	N	GAT	D	3382
NC_045512.2	10409	A	C	18683	8008	39	2	1	37	0.000107009	18690	0.99998	FALSE	ORF1ab:cds-YP_009724389.1	AAT	N	CAT	H	3382
NC_045512.2	10409	A	C	18683	8008	39	2	1	37	0.000107009	18690	0.99998	FALSE	ORF1ab:cds-YP_009725295.1	AAT	N	CAT	H	3382
NC_045512.2	10410	A	T	18473	7743	39	1	1	25	5.41008e-05	18484	1	FALSE	ORF1ab:cds-YP_009724389.1	AAT	N	ATT	I	3382
NC_045512.2	10410	A	T	18473	7743	39	1	1	25	5.41008e-05	18484	1	FALSE	ORF1ab:cds-YP_009725295.1	AAT	N	ATT	I	3382
NC_045512.2	10410	A	G	18473	7743	39	3	0	29	0.000162303	18484	1	FALSE	ORF1ab:cds-YP_009724389.1	AAT	N	AGT	S	3382
NC_045512.2	10410	A	G	18473	7743	39	3	0	29	0.000162303	18484	1	FALSE	ORF1ab:cds-YP_009725295.1	AAT	N	AGT	S	3382
NC_045512.2	10410	A	C	18473	7743	39	7	6	28	0.000378706	18484	1	FALSE	ORF1ab:cds-YP_009724389.1	AAT	N	ACT	T	3382
NC_045512.2	10410	A	C	18473	7743	39	7	6	28	0.000378706	18484	1	FALSE	ORF1ab:cds-YP_009725295.1	AAT	N	ACT	T	3382
NC_045512.2	10411	T	C	18741	8059	39	1	0	37	5.33533e-05	18743	0.999998	FALSE	ORF1ab:cds-YP_009724389.1	AAT	N	AAC	N	3382
NC_045512.2	10411	T	C	18741	8059	39	1	0	37	5.33533e-05	18743	0.999998	FALSE	ORF1ab:cds-YP_009725295.1	AAT	N	AAC	N	3382
NC_045512.2	10411	T	A	18741	8059	39	1	0	29	5.33533e-05	18743	1	FALSE	ORF1ab:cds-YP_009724389.1	AAT	N	AAA	K	3382
NC_045512.2	10411	T	A	18741	8059	39	1	0	29	5.33533e-05	18743	1	FALSE	ORF1ab:cds-YP_009725295.1	AAT	N	AAA	K	3382
NC_045512.2	10412	G	T	18883	8041	39	5	3	37	0.00026469	18890	0.998703	FALSE	ORF1ab:cds-YP_009724389.1	GGT	G	TGT	C	3383
NC_045512.2	10412	G	T	18883	8041	39	5	3	37	0.00026469	18890	0.998703	FALSE	ORF1ab:cds-YP_009725295.1	GGT	G	TGT	C	3383
NC_045512.2	10412	G	A	18883	8041	39	2	1	37	0.000105876	18890	0.99998	FALSE	ORF1ab:cds-YP_009724389.1	GGT	G	AGT	S	3383
NC_045512.2	10412	G	A	18883	8041	39	2	1	37	0.000105876	18890	0.99998	FALSE	ORF1ab:cds-YP_009725295.1	GGT	G	AGT	S	3383
NC_045512.2	10413	G	C	18851	8090	39	1	1	74	5.3042e-05	18853	0.5	FALSE	ORF1ab:cds-YP_009724389.1	GGT	G	GCT	A	3383
NC_045512.2	10413	G	C	18851	8090	39	1	1	74	5.3042e-05	18853	0.5	FALSE	ORF1ab:cds-YP_009725295.1	GGT	G	GCT	A	3383
NC_045512.2	10413	G	A	18851	8090	39	1	0	37	5.3042e-05	18853	0.999998	FALSE	ORF1ab:cds-YP_009724389.1	GGT	G	GAT	D	3383
NC_045512.2	10413	G	A	18851	8090	39	1	0	37	5.3042e-05	18853	0.999998	FALSE	ORF1ab:cds-YP_009725295.1	GGT	G	GAT	D	3383
NC_045512.2	10414	T	G	18279	7716	39	4	3	26	0.000218759	18285	1	FALSE	ORF1ab:cds-YP_009724389.1	GGT	G	GGG	G	3383
NC_045512.2	10414	T	G	18279	7716	39	4	3	26	0.000218759	18285	1	FALSE	ORF1ab:cds-YP_009725295.1	GGT	G	GGG	G	3383
NC_045512.2	10414	T	C	18279	7716	39	2	1	37	0.000109379	18285	0.99998	FALSE	ORF1ab:cds-YP_009724389.1	GGT	G	GGC	G	3383
NC_045512.2	10414	T	C	18279	7716	39	2	1	37	0.000109379	18285	0.99998	FALSE	ORF1ab:cds-YP_009725295.1	GGT	G	GGC	G	3383
NC_045512.2	10415	T	C	18691	7958	39	1	1	25	5.3496e-05	18693	1	FALSE	ORF1ab:cds-YP_009724389.1	TCA	S	CCA	P	3384
NC_045512.2	10415	T	C	18691	7958	39	1	1	25	5.3496e-05	18693	1	FALSE	ORF1ab:cds-YP_009725295.1	TCA	S	CCA	P	3384
NC_045512.2	10415	T	A	18691	7958	39	1	1	37	5.3496e-05	18693	0.999998	FALSE	ORF1ab:cds-YP_009724389.1	TCA	S	ACA	T	3384
NC_045512.2	10415	T	A	18691	7958	39	1	1	37	5.3496e-05	18693	0.999998	FALSE	ORF1ab:cds-YP_009725295.1	TCA	S	ACA	T	3384
NC_045512.2	10416	C	A	18898	8081	39	2	0	49	0.00010582	18900	0.50002	FALSE	ORF1ab:cds-YP_009724389.1	TCA	S	TAA	*	3384
NC_045512.2	10416	C	A	18898	8081	39	2	0	49	0.00010582	18900	0.50002	FALSE	ORF1ab:cds-YP_009725295.1	TCA	S	TAA	*	3384
NC_045512.2	10417	A	T	18697	7893	39	1	0	25	5.34616e-05	18705	1	FALSE	ORF1ab:cds-YP_009724389.1	TCA	S	TCT	S	3384
NC_045512.2	10417	A	T	18697	7893	39	1	0	25	5.34616e-05	18705	1	FALSE	ORF1ab:cds-YP_009725295.1	TCA	S	TCT	S	3384
NC_045512.2	10417	A	G	18697	7893	39	5	1	34	0.000267308	18705	0.998703	FALSE	ORF1ab:cds-YP_009724389.1	TCA	S	TCG	S	3384
NC_045512.2	10417	A	G	18697	7893	39	5	1	34	0.000267308	18705	0.998703	FALSE	ORF1ab:cds-YP_009725295.1	TCA	S	TCG	S	3384
NC_045512.2	10417	A	C	18697	7893	39	2	1	25	0.000106923	18705	1	FALSE	ORF1ab:cds-YP_009724389.1	TCA	S	TCC	S	3384
NC_045512.2	10417	A	C	18697	7893	39	2	1	25	0.000106923	18705	1	FALSE	ORF1ab:cds-YP_009725295.1	TCA	S	TCC	S	3384
NC_045512.2	10418	C	T	18433	8072	39	2	2	37	0.000108483	18436	0.99998	FALSE	ORF1ab:cds-YP_009724389.1	CCA	P	TCA	S	3385
NC_045512.2	10418	C	T	18433	8072	39	2	2	37	0.000108483	18436	0.99998	FALSE	ORF1ab:cds-YP_009725295.1	CCA	P	TCA	S	3385
NC_045512.2	10418	C	A	18433	8072	39	1	1	25	5.42417e-05	18436	1	FALSE	ORF1ab:cds-YP_009724389.1	CCA	P	ACA	T	3385
NC_045512.2	10418	C	A	18433	8072	39	1	1	25	5.42417e-05	18436	1	FALSE	ORF1ab:cds-YP_009725295.1	CCA	P	ACA	T	3385
NC_045512.2	10419	C	G	21029	12320	41	7	7	37	0.000332731	21038	0.998145	FALSE	ORF1ab:cds-YP_009724389.1	CCA	P	CGA	R	3385
NC_045512.2	10419	C	G	21029	12320	41	7	7	37	0.000332731	21038	0.998145	FALSE	ORF1ab:cds-YP_009725295.1	CCA	P	CGA	R	3385
NC_045512.2	10419	C	A	21029	12320	41	2	0	37	9.50661e-05	21038	0.999997	FALSE	ORF1ab:cds-YP_009724389.1	CCA	P	CAA	Q	3385
NC_045512.2	10419	C	A	21029	12320	41	2	0	37	9.50661e-05	21038	0.999997	FALSE	ORF1ab:cds-YP_009725295.1	CCA	P	CAA	Q	3385
NC_045512.2	10420	A	T	21219	12491	40	1	0	22	4.71187e-05	21223	1	FALSE	ORF1ab:cds-YP_009724389.1	CCA	P	CCT	P	3385
NC_045512.2	10420	A	T	21219	12491	40	1	0	22	4.71187e-05	21223	1	FALSE	ORF1ab:cds-YP_009725295.1	CCA	P	CCT	P	3385
NC_045512.2	10420	A	G	21219	12491	40	2	1	49	9.42374e-05	21223	0.687491	FALSE	ORF1ab:cds-YP_009724389.1	CCA	P	CCG	P	3385
NC_045512.2	10420	A	G	21219	12491	40	2	1	49	9.42374e-05	21223	0.687491	FALSE	ORF1ab:cds-YP_009725295.1	CCA	P	CCG	P	3385
NC_045512.2	10420	A	C	21219	12491	40	1	0	25	4.71187e-05	21223	1	FALSE	ORF1ab:cds-YP_009724389.1	CCA	P	CCC	P	3385
NC_045512.2	10420	A	C	21219	12491	40	1	0	25	4.71187e-05	21223	1	FALSE	ORF1ab:cds-YP_009725295.1	CCA	P	CCC	P	3385
NC_045512.2	10421	T	G	21344	12625	41	1	1	37	4.68384e-05	21350	1	FALSE	ORF1ab:cds-YP_009724389.1	TCT	S	GCT	A	3386
NC_045512.2	10421	T	G	21344	12625	41	1	1	37	4.68384e-05	21350	1	FALSE	ORF1ab:cds-YP_009725295.1	TCT	S	GCT	A	3386
NC_045512.2	10421	T	C	21344	12625	41	4	3	37	0.000187354	21350	0.999922	FALSE	ORF1ab:cds-YP_009724389.1	TCT	S	CCT	P	3386
NC_045512.2	10421	T	C	21344	12625	41	4	3	37	0.000187354	21350	0.999922	FALSE	ORF1ab:cds-YP_009725295.1	TCT	S	CCT	P	3386
NC_045512.2	10421	T	A	21344	12625	41	1	1	25	4.68384e-05	21350	1	FALSE	ORF1ab:cds-YP_009724389.1	TCT	S	ACT	T	3386
NC_045512.2	10421	T	A	21344	12625	41	1	1	25	4.68384e-05	21350	1	FALSE	ORF1ab:cds-YP_009725295.1	TCT	S	ACT	T	3386
NC_045512.2	10422	C	T	21225	12302	40	2	0	37	9.42152e-05	21228	0.999997	FALSE	ORF1ab:cds-YP_009724389.1	TCT	S	TTT	F	3386
NC_045512.2	10422	C	T	21225	12302	40	2	0	37	9.42152e-05	21228	0.999997	FALSE	ORF1ab:cds-YP_009725295.1	TCT	S	TTT	F	3386
NC_045512.2	10422	C	A	21225	12302	40	1	1	25	4.71076e-05	21228	1	FALSE	ORF1ab:cds-YP_009724389.1	TCT	S	TAT	Y	3386
NC_045512.2	10422	C	A	21225	12302	40	1	1	25	4.71076e-05	21228	1	FALSE	ORF1ab:cds-YP_009725295.1	TCT	S	TAT	Y	3386
NC_045512.2	10423	T	G	21402	12490	41	1	1	25	4.67071e-05	21410	1	FALSE	ORF1ab:cds-YP_009724389.1	TCT	S	TCG	S	3386
NC_045512.2	10423	T	G	21402	12490	41	1	1	25	4.67071e-05	21410	1	FALSE	ORF1ab:cds-YP_009725295.1	TCT	S	TCG	S	3386
NC_045512.2	10423	T	C	21402	12490	41	7	3	37	0.00032695	21410	0.998146	FALSE	ORF1ab:cds-YP_009724389.1	TCT	S	TCC	S	3386
NC_045512.2	10423	T	C	21402	12490	41	7	3	37	0.00032695	21410	0.998146	FALSE	ORF1ab:cds-YP_009725295.1	TCT	S	TCC	S	3386
NC_045512.2	10423	T	-G	21402	12490	41	1	0	20	4.67071e-05	21410	1	FALSE	NA	NA	NA	NA	NA	NA
NC_045512.2	10424	G	C	21276	12352	40	1	1	25	4.69881e-05	21282	1	FALSE	ORF1ab:cds-YP_009724389.1	GGT	G	CGT	R	3387
NC_045512.2	10424	G	C	21276	12352	40	1	1	25	4.69881e-05	21282	1	FALSE	ORF1ab:cds-YP_009725295.1	GGT	G	CGT	R	3387
NC_045512.2	10424	G	A	21276	12352	40	5	3	34	0.00023494	21282	0.999734	FALSE	ORF1ab:cds-YP_009724389.1	GGT	G	AGT	S	3387
NC_045512.2	10424	G	A	21276	12352	40	5	3	34	0.00023494	21282	0.999734	FALSE	ORF1ab:cds-YP_009725295.1	GGT	G	AGT	S	3387
NC_045512.2	10425	G	C	21405	12841	40	1	0	74	4.67028e-05	21412	0.499942	FALSE	ORF1ab:cds-YP_009724389.1	GGT	G	GCT	A	3387
NC_045512.2	10425	G	C	21405	12841	40	1	0	74	4.67028e-05	21412	0.499942	FALSE	ORF1ab:cds-YP_009725295.1	GGT	G	GCT	A	3387
NC_045512.2	10425	G	A	21405	12841	40	6	4	43	0.000280217	21412	0.144508	FALSE	ORF1ab:cds-YP_009724389.1	GGT	G	GAT	D	3387
NC_045512.2	10425	G	A	21405	12841	40	6	4	43	0.000280217	21412	0.144508	FALSE	ORF1ab:cds-YP_009725295.1	GGT	G	GAT	D	3387
NC_045512.2	10426	T	C	21139	12800	40	3	2	37	0.000141891	21143	0.999982	FALSE	ORF1ab:cds-YP_009724389.1	GGT	G	GGC	G	3387
NC_045512.2	10426	T	C	21139	12800	40	3	2	37	0.000141891	21143	0.999982	FALSE	ORF1ab:cds-YP_009725295.1	GGT	G	GGC	G	3387
NC_045512.2	10426	T	A	21139	12800	40	1	0	25	4.7297e-05	21143	1	FALSE	ORF1ab:cds-YP_009724389.1	GGT	G	GGA	G	3387
NC_045512.2	10426	T	A	21139	12800	40	1	0	25	4.7297e-05	21143	1	FALSE	ORF1ab:cds-YP_009725295.1	GGT	G	GGA	G	3387
NC_045512.2	10427	G	A	21483	12839	40	4	2	34	0.000186159	21487	0.999922	FALSE	ORF1ab:cds-YP_009724389.1	GTT	V	ATT	I	3388
NC_045512.2	10427	G	A	21483	12839	40	4	2	34	0.000186159	21487	0.999922	FALSE	ORF1ab:cds-YP_009725295.1	GTT	V	ATT	I	3388
NC_045512.2	10427	G	-T	21483	12839	40	1	0	20	4.65398e-05	21487	1	FALSE	NA	NA	NA	NA	NA	NA
NC_045512.2	10428	T	G	20868	12639	40	6	0	29	0.000287425	20875	1	FALSE	ORF1ab:cds-YP_009724389.1	GTT	V	GGT	G	3388
NC_045512.2	10428	T	G	20868	12639	40	6	0	29	0.000287425	20875	1	FALSE	ORF1ab:cds-YP_009725295.1	GTT	V	GGT	G	3388
NC_045512.2	10428	T	A	20868	12639	40	1	0	20	4.79042e-05	20875	1	FALSE	ORF1ab:cds-YP_009724389.1	GTT	V	GAT	D	3388
NC_045512.2	10428	T	A	20868	12639	40	1	0	20	4.79042e-05	20875	1	FALSE	ORF1ab:cds-YP_009725295.1	GTT	V	GAT	D	3388
NC_045512.2	10429	T	G	20938	12549	40	3	3	26	0.000143246	20943	1	FALSE	ORF1ab:cds-YP_009724389.1	GTT	V	GTG	V	3388
NC_045512.2	10429	T	G	20938	12549	40	3	3	26	0.000143246	20943	1	FALSE	ORF1ab:cds-YP_009725295.1	GTT	V	GTG	V	3388
NC_045512.2	10429	T	C	20938	12549	40	2	1	49	9.54973e-05	20943	0.687473	FALSE	ORF1ab:cds-YP_009724389.1	GTT	V	GTC	V	3388
NC_045512.2	10429	T	C	20938	12549	40	2	1	49	9.54973e-05	20943	0.687473	FALSE	ORF1ab:cds-YP_009725295.1	GTT	V	GTC	V	3388
NC_045512.2	10430	T	G	20880	12325	40	5	5	28	0.00023936	20889	1	FALSE	ORF1ab:cds-YP_009724389.1	TAC	Y	GAC	D	3389
NC_045512.2	10430	T	G	20880	12325	40	5	5	28	0.00023936	20889	1	FALSE	ORF1ab:cds-YP_009725295.1	TAC	Y	GAC	D	3389
NC_045512.2	10430	T	C	20880	12325	40	4	3	34	0.000191488	20889	0.999862	FALSE	ORF1ab:cds-YP_009724389.1	TAC	Y	CAC	H	3389
NC_045512.2	10430	T	C	20880	12325	40	4	3	34	0.000191488	20889	0.999862	FALSE	ORF1ab:cds-YP_009725295.1	TAC	Y	CAC	H	3389
NC_045512.2	10431	A	G	20915	12411	40	3	2	37	0.00014341	20919	0.999967	FALSE	ORF1ab:cds-YP_009724389.1	TAC	Y	TGC	C	3389
NC_045512.2	10431	A	G	20915	12411	40	3	2	37	0.00014341	20919	0.999967	FALSE	ORF1ab:cds-YP_009725295.1	TAC	Y	TGC	C	3389
NC_045512.2	10431	A	C	20915	12411	40	1	1	25	4.78034e-05	20919	1	FALSE	ORF1ab:cds-YP_009724389.1	TAC	Y	TCC	S	3389
NC_045512.2	10431	A	C	20915	12411	40	1	1	25	4.78034e-05	20919	1	FALSE	ORF1ab:cds-YP_009725295.1	TAC	Y	TCC	S	3389
NC_045512.2	10432	C	T	21096	12476	40	8	6	46	0.000379039	21106	0.0546583	FALSE	ORF1ab:cds-YP_009724389.1	TAC	Y	TAT	Y	3389
NC_045512.2	10432	C	T	21096	12476	40	8	6	46	0.000379039	21106	0.0546583	FALSE	ORF1ab:cds-YP_009725295.1	TAC	Y	TAT	Y	3389
NC_045512.2	10432	C	G	21096	12476	40	1	1	37	4.73799e-05	21106	1	FALSE	ORF1ab:cds-YP_009724389.1	TAC	Y	TAG	*	3389
NC_045512.2	10432	C	G	21096	12476	40	1	1	37	4.73799e-05	21106	1	FALSE	ORF1ab:cds-YP_009725295.1	TAC	Y	TAG	*	3389
NC_045512.2	10432	C	A	21096	12476	40	1	1	25	4.73799e-05	21106	1	FALSE	ORF1ab:cds-YP_009724389.1	TAC	Y	TAA	*	3389
NC_045512.2	10432	C	A	21096	12476	40	1	1	25	4.73799e-05	21106	1	FALSE	ORF1ab:cds-YP_009725295.1	TAC	Y	TAA	*	3389
NC_045512.2	10433	C	T	21070	12589	40	2	2	37	9.49082e-05	21073	0.999997	FALSE	ORF1ab:cds-YP_009724389.1	CAA	Q	TAA	*	3390
NC_045512.2	10433	C	T	21070	12589	40	2	2	37	9.49082e-05	21073	0.999997	FALSE	ORF1ab:cds-YP_009725295.1	CAA	Q	TAA	*	3390
NC_045512.2	10433	C	A	21070	12589	40	1	0	37	4.74541e-05	21073	1	FALSE	ORF1ab:cds-YP_009724389.1	CAA	Q	AAA	K	3390
NC_045512.2	10433	C	A	21070	12589	40	1	0	37	4.74541e-05	21073	1	FALSE	ORF1ab:cds-YP_009725295.1	CAA	Q	AAA	K	3390
NC_045512.2	10434	A	G	20398	11945	40	2	1	37	9.80344e-05	20401	0.999995	FALSE	ORF1ab:cds-YP_009724389.1	CAA	Q	CGA	R	3390
NC_045512.2	10434	A	G	20398	11945	40	2	1	37	9.80344e-05	20401	0.999995	FALSE	ORF1ab:cds-YP_009725295.1	CAA	Q	CGA	R	3390
NC_045512.2	10434	A	C	20398	11945	40	1	0	37	4.90172e-05	20401	1	FALSE	ORF1ab:cds-YP_009724389.1	CAA	Q	CCA	P	3390
NC_045512.2	10434	A	C	20398	11945	40	1	0	37	4.90172e-05	20401	1	FALSE	ORF1ab:cds-YP_009725295.1	CAA	Q	CCA	P	3390
NC_045512.2	10435	A	T	20082	11759	40	1	1	37	4.97686e-05	20093	1	FALSE	ORF1ab:cds-YP_009724389.1	CAA	Q	CAT	H	3390
NC_045512.2	10435	A	T	20082	11759	40	1	1	37	4.97686e-05	20093	1	FALSE	ORF1ab:cds-YP_009725295.1	CAA	Q	CAT	H	3390
NC_045512.2	10435	A	G	20082	11759	40	4	4	37	0.000199074	20093	0.999862	FALSE	ORF1ab:cds-YP_009724389.1	CAA	Q	CAG	Q	3390
NC_045512.2	10435	A	G	20082	11759	40	4	4	37	0.000199074	20093	0.999862	FALSE	ORF1ab:cds-YP_009725295.1	CAA	Q	CAG	Q	3390
NC_045512.2	10435	A	C	20082	11759	40	6	6	25	0.000298611	20093	1	FALSE	ORF1ab:cds-YP_009724389.1	CAA	Q	CAC	H	3390
NC_045512.2	10435	A	C	20082	11759	40	6	6	25	0.000298611	20093	1	FALSE	ORF1ab:cds-YP_009725295.1	CAA	Q	CAC	H	3390
NC_045512.2	10436	T	C	20259	11937	40	2	2	37	9.87069e-05	20262	0.999995	FALSE	ORF1ab:cds-YP_009724389.1	TGT	C	CGT	R	3391
NC_045512.2	10436	T	C	20259	11937	40	2	2	37	9.87069e-05	20262	0.999995	FALSE	ORF1ab:cds-YP_009725295.1	TGT	C	CGT	R	3391
NC_045512.2	10436	T	A	20259	11937	40	1	0	37	4.93535e-05	20262	1	FALSE	ORF1ab:cds-YP_009724389.1	TGT	C	AGT	S	3391
NC_045512.2	10436	T	A	20259	11937	40	1	0	37	4.93535e-05	20262	1	FALSE	ORF1ab:cds-YP_009725295.1	TGT	C	AGT	S	3391
NC_045512.2	10437	G	C	20371	11996	40	1	0	25	4.90846e-05	20373	1	FALSE	ORF1ab:cds-YP_009724389.1	TGT	C	TCT	S	3391
NC_045512.2	10437	G	C	20371	11996	40	1	0	25	4.90846e-05	20373	1	FALSE	ORF1ab:cds-YP_009725295.1	TGT	C	TCT	S	3391
NC_045512.2	10437	G	A	20371	11996	40	1	1	37	4.90846e-05	20373	1	FALSE	ORF1ab:cds-YP_009724389.1	TGT	C	TAT	Y	3391
NC_045512.2	10437	G	A	20371	11996	40	1	1	37	4.90846e-05	20373	1	FALSE	ORF1ab:cds-YP_009725295.1	TGT	C	TAT	Y	3391
NC_045512.2	10438	T	G	20096	11951	40	1	0	25	4.97463e-05	20102	1	FALSE	ORF1ab:cds-YP_009724389.1	TGT	C	TGG	W	3391
NC_045512.2	10438	T	G	20096	11951	40	1	0	25	4.97463e-05	20102	1	FALSE	ORF1ab:cds-YP_009725295.1	TGT	C	TGG	W	3391
NC_045512.2	10438	T	C	20096	11951	40	2	2	37	9.94926e-05	20102	0.999995	FALSE	ORF1ab:cds-YP_009724389.1	TGT	C	TGC	C	3391
NC_045512.2	10438	T	C	20096	11951	40	2	2	37	9.94926e-05	20102	0.999995	FALSE	ORF1ab:cds-YP_009725295.1	TGT	C	TGC	C	3391
NC_045512.2	10438	T	A	20096	11951	40	3	0	49	0.000149239	20102	0.499953	FALSE	ORF1ab:cds-YP_009724389.1	TGT	C	TGA	*	3391
NC_045512.2	10438	T	A	20096	11951	40	3	0	49	0.000149239	20102	0.499953	FALSE	ORF1ab:cds-YP_009725295.1	TGT	C	TGA	*	3391
NC_045512.2	10439	G	T	20044	11836	40	1	0	25	4.98828e-05	20047	1	FALSE	ORF1ab:cds-YP_009724389.1	GCT	A	TCT	S	3392
NC_045512.2	10439	G	T	20044	11836	40	1	0	25	4.98828e-05	20047	1	FALSE	ORF1ab:cds-YP_009725295.1	GCT	A	TCT	S	3392
NC_045512.2	10439	G	A	20044	11836	40	2	2	31	9.97656e-05	20047	0.999995	FALSE	ORF1ab:cds-YP_009724389.1	GCT	A	ACT	T	3392
NC_045512.2	10439	G	A	20044	11836	40	2	2	31	9.97656e-05	20047	0.999995	FALSE	ORF1ab:cds-YP_009725295.1	GCT	A	ACT	T	3392
NC_045512.2	10440	C	T	19129	11654	38	17	12	37	0.000887728	19150	0.691057	FALSE	ORF1ab:cds-YP_009724389.1	GCT	A	GTT	V	3392
NC_045512.2	10440	C	T	19129	11654	38	17	12	37	0.000887728	19150	0.691057	FALSE	ORF1ab:cds-YP_009725295.1	GCT	A	GTT	V	3392
NC_045512.2	10440	C	G	19129	11654	38	1	0	37	5.22193e-05	19150	0.999999	FALSE	ORF1ab:cds-YP_009724389.1	GCT	A	GGT	G	3392
NC_045512.2	10440	C	G	19129	11654	38	1	0	37	5.22193e-05	19150	0.999999	FALSE	ORF1ab:cds-YP_009725295.1	GCT	A	GGT	G	3392
NC_045512.2	10440	C	A	19129	11654	38	3	2	41	0.000156658	19150	0.312157	FALSE	ORF1ab:cds-YP_009724389.1	GCT	A	GAT	D	3392
NC_045512.2	10440	C	A	19129	11654	38	3	2	41	0.000156658	19150	0.312157	FALSE	ORF1ab:cds-YP_009725295.1	GCT	A	GAT	D	3392
NC_045512.2	10441	T	G	19460	12033	39	2	0	22	0.000102733	19468	1	FALSE	ORF1ab:cds-YP_009724389.1	GCT	A	GCG	A	3392
NC_045512.2	10441	T	G	19460	12033	39	2	0	22	0.000102733	19468	1	FALSE	ORF1ab:cds-YP_009725295.1	GCT	A	GCG	A	3392
NC_045512.2	10441	T	C	19460	12033	39	6	3	35	0.000308198	19468	0.997966	FALSE	ORF1ab:cds-YP_009724389.1	GCT	A	GCC	A	3392
NC_045512.2	10441	T	C	19460	12033	39	6	3	35	0.000308198	19468	0.997966	FALSE	ORF1ab:cds-YP_009725295.1	GCT	A	GCC	A	3392
NC_045512.2	10442	A	T	19372	11923	39	1	1	37	5.16102e-05	19376	0.999999	FALSE	ORF1ab:cds-YP_009724389.1	ATG	M	TTG	L	3393
NC_045512.2	10442	A	T	19372	11923	39	1	1	37	5.16102e-05	19376	0.999999	FALSE	ORF1ab:cds-YP_009725295.1	ATG	M	TTG	L	3393
NC_045512.2	10442	A	G	19372	11923	39	2	1	37	0.00010322	19376	0.99999	FALSE	ORF1ab:cds-YP_009724389.1	ATG	M	GTG	V	3393
NC_045512.2	10442	A	G	19372	11923	39	2	1	37	0.00010322	19376	0.99999	FALSE	ORF1ab:cds-YP_009725295.1	ATG	M	GTG	V	3393
NC_045512.2	10442	A	C	19372	11923	39	1	0	25	5.16102e-05	19376	1	FALSE	ORF1ab:cds-YP_009724389.1	ATG	M	CTG	L	3393
NC_045512.2	10442	A	C	19372	11923	39	1	0	25	5.16102e-05	19376	1	FALSE	ORF1ab:cds-YP_009725295.1	ATG	M	CTG	L	3393
NC_045512.2	10443	T	C	19610	12044	39	1	1	37	5.09866e-05	19613	0.999999	FALSE	ORF1ab:cds-YP_009724389.1	ATG	M	ACG	T	3393
NC_045512.2	10443	T	C	19610	12044	39	1	1	37	5.09866e-05	19613	0.999999	FALSE	ORF1ab:cds-YP_009725295.1	ATG	M	ACG	T	3393
NC_045512.2	10443	T	A	19610	12044	39	2	1	25	0.000101973	19613	1	FALSE	ORF1ab:cds-YP_009724389.1	ATG	M	AAG	K	3393
NC_045512.2	10443	T	A	19610	12044	39	2	1	25	0.000101973	19613	1	FALSE	ORF1ab:cds-YP_009725295.1	ATG	M	AAG	K	3393
NC_045512.2	10444	G	T	19647	12094	39	1	1	37	5.08958e-05	19648	0.999999	FALSE	ORF1ab:cds-YP_009724389.1	ATG	M	ATT	I	3393
NC_045512.2	10444	G	T	19647	12094	39	1	1	37	5.08958e-05	19648	0.999999	FALSE	ORF1ab:cds-YP_009725295.1	ATG	M	ATT	I	3393
NC_045512.2	10445	A	T	19348	11966	39	1	0	25	5.16742e-05	19352	1	FALSE	ORF1ab:cds-YP_009724389.1	AGG	R	TGG	W	3394
NC_045512.2	10445	A	T	19348	11966	39	1	0	25	5.16742e-05	19352	1	FALSE	ORF1ab:cds-YP_009725295.1	AGG	R	TGG	W	3394
NC_045512.2	10445	A	G	19348	11966	39	3	1	37	0.000155023	19352	0.99994	FALSE	ORF1ab:cds-YP_009724389.1	AGG	R	GGG	G	3394
NC_045512.2	10445	A	G	19348	11966	39	3	1	37	0.000155023	19352	0.99994	FALSE	ORF1ab:cds-YP_009725295.1	AGG	R	GGG	G	3394
NC_045512.2	10446	G	T	19249	11763	39	1	0	37	5.19427e-05	19252	0.999999	FALSE	ORF1ab:cds-YP_009724389.1	AGG	R	ATG	M	3394
NC_045512.2	10446	G	T	19249	11763	39	1	0	37	5.19427e-05	19252	0.999999	FALSE	ORF1ab:cds-YP_009725295.1	AGG	R	ATG	M	3394
NC_045512.2	10446	G	A	19249	11763	39	2	1	37	0.000103885	19252	0.99999	FALSE	ORF1ab:cds-YP_009724389.1	AGG	R	AAG	K	3394
NC_045512.2	10446	G	A	19249	11763	39	2	1	37	0.000103885	19252	0.99999	FALSE	ORF1ab:cds-YP_009725295.1	AGG	R	AAG	K	3394
NC_045512.2	10447	G	T	3	0	57	1	1	37	5.34731e-05	18701	0.00405744	TRUE	ORF1ab:cds-YP_009724389.1	AGG	R	AGT	S	3394
NC_045512.2	10447	G	T	3	0	57	1	1	37	5.34731e-05	18701	0.00405744	TRUE	ORF1ab:cds-YP_009725295.1	AGG	R	AGT	S	3394
NC_045512.2	10447	G	C	3	0	57	2	2	25	0.000106946	18701	0.000995453	TRUE	ORF1ab:cds-YP_009724389.1	AGG	R	AGC	S	3394
NC_045512.2	10447	G	C	3	0	57	2	2	25	0.000106946	18701	0.000995453	TRUE	ORF1ab:cds-YP_009725295.1	AGG	R	AGC	S	3394
NC_045512.2	10447	G	A	3	0	57	18695	11613	39	0.999679	18701	0	TRUE	ORF1ab:cds-YP_009724389.1	AGG	R	AGA	R	3394
NC_045512.2	10447	G	A	3	0	57	18695	11613	39	0.999679	18701	0	TRUE	ORF1ab:cds-YP_009725295.1	AGG	R	AGA	R	3394
NC_045512.2	10448	C	T	18934	11907	39	1	1	37	5.28123e-05	18935	0.999998	FALSE	ORF1ab:cds-YP_009724389.1	CCC	P	TCC	S	3395
NC_045512.2	10448	C	T	18934	11907	39	1	1	37	5.28123e-05	18935	0.999998	FALSE	ORF1ab:cds-YP_009725295.1	CCC	P	TCC	S	3395
NC_045512.2	10449	C	G	2	0	37	2	2	37	0.000106718	18741	6.48152e-06	TRUE	ORF1ab:cds-YP_009724389.1	CCC	P	CGC	R	3395
NC_045512.2	10449	C	G	2	0	37	2	2	37	0.000106718	18741	6.48152e-06	TRUE	ORF1ab:cds-YP_009725295.1	CCC	P	CGC	R	3395
NC_045512.2	10449	C	A	2	0	37	18737	11923	39	0.999787	18741	0	TRUE	ORF1ab:cds-YP_009724389.1	CCC	P	CAC	H	3395
NC_045512.2	10449	C	A	2	0	37	18737	11923	39	0.999787	18741	0	TRUE	ORF1ab:cds-YP_009725295.1	CCC	P	CAC	H	3395
NC_045512.2	10450	C	T	19093	11999	39	6	4	37	0.000314136	19100	0.997967	FALSE	ORF1ab:cds-YP_009724389.1	CCC	P	CCT	P	3395
NC_045512.2	10450	C	T	19093	11999	39	6	4	37	0.000314136	19100	0.997967	FALSE	ORF1ab:cds-YP_009725295.1	CCC	P	CCT	P	3395
NC_045512.2	10450	C	G	19093	11999	39	1	0	37	5.2356e-05	19100	0.999999	FALSE	ORF1ab:cds-YP_009724389.1	CCC	P	CCG	P	3395
NC_045512.2	10450	C	G	19093	11999	39	1	0	37	5.2356e-05	19100	0.999999	FALSE	ORF1ab:cds-YP_009725295.1	CCC	P	CCG	P	3395
NC_045512.2	10451	A	T	19548	12536	39	1	1	25	5.11326e-05	19557	1	FALSE	ORF1ab:cds-YP_009724389.1	AAT	N	TAT	Y	3396
NC_045512.2	10451	A	T	19548	12536	39	1	1	25	5.11326e-05	19557	1	FALSE	ORF1ab:cds-YP_009725295.1	AAT	N	TAT	Y	3396
NC_045512.2	10451	A	G	19548	12536	39	7	3	52	0.000357928	19557	0.00780691	TRUE	ORF1ab:cds-YP_009724389.1	AAT	N	GAT	D	3396
NC_045512.2	10451	A	G	19548	12536	39	7	3	52	0.000357928	19557	0.00780691	TRUE	ORF1ab:cds-YP_009725295.1	AAT	N	GAT	D	3396
NC_045512.2	10451	A	C	19548	12536	39	1	0	25	5.11326e-05	19557	1	FALSE	ORF1ab:cds-YP_009724389.1	AAT	N	CAT	H	3396
NC_045512.2	10451	A	C	19548	12536	39	1	0	25	5.11326e-05	19557	1	FALSE	ORF1ab:cds-YP_009725295.1	AAT	N	CAT	H	3396
NC_045512.2	10452	A	C	19443	12552	39	1	0	25	5.14297e-05	19444	1	FALSE	ORF1ab:cds-YP_009724389.1	AAT	N	ACT	T	3396
NC_045512.2	10452	A	C	19443	12552	39	1	0	25	5.14297e-05	19444	1	FALSE	ORF1ab:cds-YP_009725295.1	AAT	N	ACT	T	3396
NC_045512.2	10453	T	G	19324	12953	39	1	0	25	5.17384e-05	19328	1	FALSE	ORF1ab:cds-YP_009724389.1	AAT	N	AAG	K	3396
NC_045512.2	10453	T	G	19324	12953	39	1	0	25	5.17384e-05	19328	1	FALSE	ORF1ab:cds-YP_009725295.1	AAT	N	AAG	K	3396
NC_045512.2	10453	T	C	19324	12953	39	3	3	49	0.000155215	19328	0.31249	FALSE	ORF1ab:cds-YP_009724389.1	AAT	N	AAC	N	3396
NC_045512.2	10453	T	C	19324	12953	39	3	3	49	0.000155215	19328	0.31249	FALSE	ORF1ab:cds-YP_009725295.1	AAT	N	AAC	N	3396
NC_045512.2	10454	T	G	19364	13113	39	2	0	25	0.000103258	19369	1	FALSE	ORF1ab:cds-YP_009724389.1	TTC	F	GTC	V	3397
NC_045512.2	10454	T	G	19364	13113	39	2	0	25	0.000103258	19369	1	FALSE	ORF1ab:cds-YP_009725295.1	TTC	F	GTC	V	3397
NC_045512.2	10454	T	C	19364	13113	39	3	2	33	0.000154887	19369	0.99994	FALSE	ORF1ab:cds-YP_009724389.1	TTC	F	CTC	L	3397
NC_045512.2	10454	T	C	19364	13113	39	3	2	33	0.000154887	19369	0.99994	FALSE	ORF1ab:cds-YP_009725295.1	TTC	F	CTC	L	3397
NC_045512.2	10455	T	A	18380	13401	38	2	2	22	0.000108802	18382	1	FALSE	ORF1ab:cds-YP_009724389.1	TTC	F	TAC	Y	3397
NC_045512.2	10455	T	A	18380	13401	38	2	2	22	0.000108802	18382	1	FALSE	ORF1ab:cds-YP_009725295.1	TTC	F	TAC	Y	3397
NC_045512.2	10456	C	A	18315	13373	38	1	1	37	5.45971e-05	18316	0.999998	FALSE	ORF1ab:cds-YP_009724389.1	TTC	F	TTA	L	3397
NC_045512.2	10456	C	A	18315	13373	38	1	1	37	5.45971e-05	18316	0.999998	FALSE	ORF1ab:cds-YP_009725295.1	TTC	F	TTA	L	3397
NC_045512.2	10457	A	T	18115	13216	38	4	4	31	0.00022069	18125	0.999573	FALSE	ORF1ab:cds-YP_009724389.1	ACT	T	TCT	S	3398
NC_045512.2	10457	A	T	18115	13216	38	4	4	31	0.00022069	18125	0.999573	FALSE	ORF1ab:cds-YP_009725295.1	ACT	T	TCT	S	3398
NC_045512.2	10457	A	G	18115	13216	38	4	2	46	0.00022069	18125	0.187397	FALSE	ORF1ab:cds-YP_009724389.1	ACT	T	GCT	A	3398
NC_045512.2	10457	A	G	18115	13216	38	4	2	46	0.00022069	18125	0.187397	FALSE	ORF1ab:cds-YP_009725295.1	ACT	T	GCT	A	3398
NC_045512.2	10457	A	C	18115	13216	38	2	2	25	0.000110345	18125	1	FALSE	ORF1ab:cds-YP_009724389.1	ACT	T	CCT	P	3398
NC_045512.2	10457	A	C	18115	13216	38	2	2	25	0.000110345	18125	1	FALSE	ORF1ab:cds-YP_009725295.1	ACT	T	CCT	P	3398
NC_045512.2	10458	C	T	18772	13873	38	2	2	37	0.000106519	18776	0.99998	FALSE	ORF1ab:cds-YP_009724389.1	ACT	T	ATT	I	3398
NC_045512.2	10458	C	T	18772	13873	38	2	2	37	0.000106519	18776	0.99998	FALSE	ORF1ab:cds-YP_009725295.1	ACT	T	ATT	I	3398
NC_045512.2	10458	C	G	18772	13873	38	1	0	25	5.32595e-05	18776	1	FALSE	ORF1ab:cds-YP_009724389.1	ACT	T	AGT	S	3398
NC_045512.2	10458	C	G	18772	13873	38	1	0	25	5.32595e-05	18776	1	FALSE	ORF1ab:cds-YP_009725295.1	ACT	T	AGT	S	3398
NC_045512.2	10458	C	A	18772	13873	38	1	1	25	5.32595e-05	18776	1	FALSE	ORF1ab:cds-YP_009724389.1	ACT	T	AAT	N	3398
NC_045512.2	10458	C	A	18772	13873	38	1	1	25	5.32595e-05	18776	1	FALSE	ORF1ab:cds-YP_009725295.1	ACT	T	AAT	N	3398
NC_045512.2	10459	T	G	18414	13506	38	5	2	30	0.000271415	18422	0.998703	FALSE	ORF1ab:cds-YP_009724389.1	ACT	T	ACG	T	3398
NC_045512.2	10459	T	G	18414	13506	38	5	2	30	0.000271415	18422	0.998703	FALSE	ORF1ab:cds-YP_009725295.1	ACT	T	ACG	T	3398
NC_045512.2	10459	T	C	18414	13506	38	3	3	33	0.000162849	18422	0.99989	FALSE	ORF1ab:cds-YP_009724389.1	ACT	T	ACC	T	3398
NC_045512.2	10459	T	C	18414	13506	38	3	3	33	0.000162849	18422	0.99989	FALSE	ORF1ab:cds-YP_009725295.1	ACT	T	ACC	T	3398
NC_045512.2	10460	A	G	18185	13154	38	1	1	37	5.49632e-05	18194	0.999998	FALSE	ORF1ab:cds-YP_009724389.1	ATT	I	GTT	V	3399
NC_045512.2	10460	A	G	18185	13154	38	1	1	37	5.49632e-05	18194	0.999998	FALSE	ORF1ab:cds-YP_009725295.1	ATT	I	GTT	V	3399
NC_045512.2	10460	A	C	18185	13154	38	8	3	28	0.000439705	18194	1	FALSE	ORF1ab:cds-YP_009724389.1	ATT	I	CTT	L	3399
NC_045512.2	10460	A	C	18185	13154	38	8	3	28	0.000439705	18194	1	FALSE	ORF1ab:cds-YP_009725295.1	ATT	I	CTT	L	3399
NC_045512.2	10460	A	-T	18185	13154	38	2	0	20	0.000109926	18194	1	FALSE	NA	NA	NA	NA	NA	NA
NC_045512.2	10461	T	G	18381	13381	38	4	0	31	0.000217545	18387	0.999573	FALSE	ORF1ab:cds-YP_009724389.1	ATT	I	AGT	S	3399
NC_045512.2	10461	T	G	18381	13381	38	4	0	31	0.000217545	18387	0.999573	FALSE	ORF1ab:cds-YP_009725295.1	ATT	I	AGT	S	3399
NC_045512.2	10461	T	C	18381	13381	38	2	2	31	0.000108773	18387	0.99998	FALSE	ORF1ab:cds-YP_009724389.1	ATT	I	ACT	T	3399
NC_045512.2	10461	T	C	18381	13381	38	2	2	31	0.000108773	18387	0.99998	FALSE	ORF1ab:cds-YP_009725295.1	ATT	I	ACT	T	3399
NC_045512.2	10462	T	G	18508	13389	38	4	3	31	0.000216064	18513	0.999574	FALSE	ORF1ab:cds-YP_009724389.1	ATT	I	ATG	M	3399
NC_045512.2	10462	T	G	18508	13389	38	4	3	31	0.000216064	18513	0.999574	FALSE	ORF1ab:cds-YP_009725295.1	ATT	I	ATG	M	3399
NC_045512.2	10462	T	C	18508	13389	38	1	1	74	5.40161e-05	18513	0.499959	FALSE	ORF1ab:cds-YP_009724389.1	ATT	I	ATC	I	3399
NC_045512.2	10462	T	C	18508	13389	38	1	1	74	5.40161e-05	18513	0.499959	FALSE	ORF1ab:cds-YP_009725295.1	ATT	I	ATC	I	3399
NC_045512.2	10463	A	T	17957	12797	37	3	2	33	0.000166871	17978	0.999798	FALSE	ORF1ab:cds-YP_009724389.1	AAG	K	TAG	*	3400
NC_045512.2	10463	A	T	17957	12797	37	3	2	33	0.000166871	17978	0.999798	FALSE	ORF1ab:cds-YP_009725295.1	AAG	K	TAG	*	3400
NC_045512.2	10463	A	G	17957	12797	37	5	5	34	0.000278118	17978	0.997821	FALSE	ORF1ab:cds-YP_009724389.1	AAG	K	GAG	E	3400
NC_045512.2	10463	A	G	17957	12797	37	5	5	34	0.000278118	17978	0.997821	FALSE	ORF1ab:cds-YP_009725295.1	AAG	K	GAG	E	3400
NC_045512.2	10463	A	C	17957	12797	37	13	13	26	0.000723106	17978	1	FALSE	ORF1ab:cds-YP_009724389.1	AAG	K	CAG	Q	3400
NC_045512.2	10463	A	C	17957	12797	37	13	13	26	0.000723106	17978	1	FALSE	ORF1ab:cds-YP_009725295.1	AAG	K	CAG	Q	3400
NC_045512.2	10464	A	T	18857	13787	38	4	4	31	0.000211999	18868	0.999573	FALSE	ORF1ab:cds-YP_009724389.1	AAG	K	ATG	M	3400
NC_045512.2	10464	A	T	18857	13787	38	4	4	31	0.000211999	18868	0.999573	FALSE	ORF1ab:cds-YP_009725295.1	AAG	K	ATG	M	3400
NC_045512.2	10464	A	G	18857	13787	38	5	3	44	0.000264999	18868	0.109294	FALSE	ORF1ab:cds-YP_009724389.1	AAG	K	AGG	R	3400
NC_045512.2	10464	A	G	18857	13787	38	5	3	44	0.000264999	18868	0.109294	FALSE	ORF1ab:cds-YP_009725295.1	AAG	K	AGG	R	3400
NC_045512.2	10464	A	C	18857	13787	38	2	0	33	0.000106	18868	0.99998	FALSE	ORF1ab:cds-YP_009724389.1	AAG	K	ACG	T	3400
NC_045512.2	10464	A	C	18857	13787	38	2	0	33	0.000106	18868	0.99998	FALSE	ORF1ab:cds-YP_009725295.1	AAG	K	ACG	T	3400
NC_045512.2	10465	G	T	18519	13373	38	6	6	31	0.000323869	18526	0.996703	FALSE	ORF1ab:cds-YP_009724389.1	AAG	K	AAT	N	3400
NC_045512.2	10465	G	T	18519	13373	38	6	6	31	0.000323869	18526	0.996703	FALSE	ORF1ab:cds-YP_009725295.1	AAG	K	AAT	N	3400
NC_045512.2	10465	G	A	18519	13373	38	1	1	37	5.39782e-05	18526	0.999998	FALSE	ORF1ab:cds-YP_009724389.1	AAG	K	AAA	K	3400
NC_045512.2	10465	G	A	18519	13373	38	1	1	37	5.39782e-05	18526	0.999998	FALSE	ORF1ab:cds-YP_009725295.1	AAG	K	AAA	K	3400
NC_045512.2	10466	G	T	18523	13334	38	2	1	25	0.000107945	18528	1	FALSE	ORF1ab:cds-YP_009724389.1	GGT	G	TGT	C	3401
NC_045512.2	10466	G	T	18523	13334	38	2	1	25	0.000107945	18528	1	FALSE	ORF1ab:cds-YP_009725295.1	GGT	G	TGT	C	3401
NC_045512.2	10466	G	C	18523	13334	38	2	1	31	0.000107945	18528	0.99998	FALSE	ORF1ab:cds-YP_009724389.1	GGT	G	CGT	R	3401
NC_045512.2	10466	G	C	18523	13334	38	2	1	31	0.000107945	18528	0.99998	FALSE	ORF1ab:cds-YP_009725295.1	GGT	G	CGT	R	3401
NC_045512.2	10466	G	A	18523	13334	38	1	0	37	5.39724e-05	18528	0.999998	FALSE	ORF1ab:cds-YP_009724389.1	GGT	G	AGT	S	3401
NC_045512.2	10466	G	A	18523	13334	38	1	0	37	5.39724e-05	18528	0.999998	FALSE	ORF1ab:cds-YP_009725295.1	GGT	G	AGT	S	3401
NC_045512.2	10467	G	T	18833	13517	38	3	3	33	0.000159227	18841	0.99989	FALSE	ORF1ab:cds-YP_009724389.1	GGT	G	GTT	V	3401
NC_045512.2	10467	G	T	18833	13517	38	3	3	33	0.000159227	18841	0.99989	FALSE	ORF1ab:cds-YP_009725295.1	GGT	G	GTT	V	3401
NC_045512.2	10467	G	C	18833	13517	38	2	1	31	0.000106151	18841	0.99998	FALSE	ORF1ab:cds-YP_009724389.1	GGT	G	GCT	A	3401
NC_045512.2	10467	G	C	18833	13517	38	2	1	31	0.000106151	18841	0.99998	FALSE	ORF1ab:cds-YP_009725295.1	GGT	G	GCT	A	3401
NC_045512.2	10467	G	A	18833	13517	38	3	2	37	0.000159227	18841	0.99989	FALSE	ORF1ab:cds-YP_009724389.1	GGT	G	GAT	D	3401
NC_045512.2	10467	G	A	18833	13517	38	3	2	37	0.000159227	18841	0.99989	FALSE	ORF1ab:cds-YP_009725295.1	GGT	G	GAT	D	3401
NC_045512.2	10468	T	G	18541	13328	38	3	2	30	0.000161647	18559	0.999889	FALSE	ORF1ab:cds-YP_009724389.1	GGT	G	GGG	G	3401
NC_045512.2	10468	T	G	18541	13328	38	3	2	30	0.000161647	18559	0.999889	FALSE	ORF1ab:cds-YP_009725295.1	GGT	G	GGG	G	3401
NC_045512.2	10468	T	C	18541	13328	38	12	5	40	0.000646587	18559	0.00170386	TRUE	ORF1ab:cds-YP_009724389.1	GGT	G	GGC	G	3401
NC_045512.2	10468	T	C	18541	13328	38	12	5	40	0.000646587	18559	0.00170386	TRUE	ORF1ab:cds-YP_009725295.1	GGT	G	GGC	G	3401
NC_045512.2	10468	T	A	18541	13328	38	3	2	31	0.000161647	18559	0.999889	FALSE	ORF1ab:cds-YP_009724389.1	GGT	G	GGA	G	3401
NC_045512.2	10468	T	A	18541	13328	38	3	2	31	0.000161647	18559	0.999889	FALSE	ORF1ab:cds-YP_009725295.1	GGT	G	GGA	G	3401
NC_045512.2	10469	T	C	18379	13117	38	7	3	42	0.000380642	18390	0.0351235	FALSE	ORF1ab:cds-YP_009724389.1	TCA	S	CCA	P	3402
NC_045512.2	10469	T	C	18379	13117	38	7	3	42	0.000380642	18390	0.0351235	FALSE	ORF1ab:cds-YP_009725295.1	TCA	S	CCA	P	3402
NC_045512.2	10469	T	A	18379	13117	38	4	4	25	0.00021751	18390	1	FALSE	ORF1ab:cds-YP_009724389.1	TCA	S	ACA	T	3402
NC_045512.2	10469	T	A	18379	13117	38	4	4	25	0.00021751	18390	1	FALSE	ORF1ab:cds-YP_009725295.1	TCA	S	ACA	T	3402
NC_045512.2	10470	C	T	18273	13398	38	4	2	37	0.00021883	18279	0.999574	FALSE	ORF1ab:cds-YP_009724389.1	TCA	S	TTA	L	3402
NC_045512.2	10470	C	T	18273	13398	38	4	2	37	0.00021883	18279	0.999574	FALSE	ORF1ab:cds-YP_009725295.1	TCA	S	TTA	L	3402
NC_045512.2	10470	C	A	18273	13398	38	2	2	31	0.000109415	18279	0.99998	FALSE	ORF1ab:cds-YP_009724389.1	TCA	S	TAA	*	3402
NC_045512.2	10470	C	A	18273	13398	38	2	2	31	0.000109415	18279	0.99998	FALSE	ORF1ab:cds-YP_009725295.1	TCA	S	TAA	*	3402
NC_045512.2	10471	A	C	18359	13484	38	3	3	25	0.000163381	18362	1	FALSE	ORF1ab:cds-YP_009724389.1	TCA	S	TCC	S	3402
NC_045512.2	10471	A	C	18359	13484	38	3	3	25	0.000163381	18362	1	FALSE	ORF1ab:cds-YP_009725295.1	TCA	S	TCC	S	3402
NC_045512.2	10472	T	G	17249	12383	37	14	14	27	0.000810842	17266	1	FALSE	ORF1ab:cds-YP_009724389.1	TTC	F	GTC	V	3403
NC_045512.2	10472	T	G	17249	12383	37	14	14	27	0.000810842	17266	1	FALSE	ORF1ab:cds-YP_009725295.1	TTC	F	GTC	V	3403
NC_045512.2	10472	T	C	17249	12383	37	2	2	37	0.000115835	17266	0.999962	FALSE	ORF1ab:cds-YP_009724389.1	TTC	F	CTC	L	3403
NC_045512.2	10472	T	C	17249	12383	37	2	2	37	0.000115835	17266	0.999962	FALSE	ORF1ab:cds-YP_009725295.1	TTC	F	CTC	L	3403
NC_045512.2	10472	T	A	17249	12383	37	1	1	74	5.79173e-05	17266	0.499783	FALSE	ORF1ab:cds-YP_009724389.1	TTC	F	ATC	I	3403
NC_045512.2	10472	T	A	17249	12383	37	1	1	74	5.79173e-05	17266	0.499783	FALSE	ORF1ab:cds-YP_009725295.1	TTC	F	ATC	I	3403
NC_045512.2	10473	T	G	18689	13851	39	4	4	37	0.00021395	18696	0.999573	FALSE	ORF1ab:cds-YP_009724389.1	TTC	F	TGC	C	3403
NC_045512.2	10473	T	G	18689	13851	39	4	4	37	0.00021395	18696	0.999573	FALSE	ORF1ab:cds-YP_009725295.1	TTC	F	TGC	C	3403
NC_045512.2	10473	T	C	18689	13851	39	3	3	53	0.000160462	18696	0.12496	FALSE	ORF1ab:cds-YP_009724389.1	TTC	F	TCC	S	3403
NC_045512.2	10473	T	C	18689	13851	39	3	3	53	0.000160462	18696	0.12496	FALSE	ORF1ab:cds-YP_009725295.1	TTC	F	TCC	S	3403
NC_045512.2	10474	C	G	18691	13729	38	1	1	25	5.34931e-05	18694	1	FALSE	ORF1ab:cds-YP_009724389.1	TTC	F	TTG	L	3403
NC_045512.2	10474	C	G	18691	13729	38	1	1	25	5.34931e-05	18694	1	FALSE	ORF1ab:cds-YP_009725295.1	TTC	F	TTG	L	3403
NC_045512.2	10474	C	A	18691	13729	38	2	2	37	0.000106986	18694	0.99998	FALSE	ORF1ab:cds-YP_009724389.1	TTC	F	TTA	L	3403
NC_045512.2	10474	C	A	18691	13729	38	2	2	37	0.000106986	18694	0.99998	FALSE	ORF1ab:cds-YP_009725295.1	TTC	F	TTA	L	3403
NC_045512.2	10475	C	-T	18213	13445	38	1	0	20	5.49058e-05	18213	1	FALSE	NA	NA	NA	NA	NA	NA
NC_045512.2	10477	T	C	18047	13178	38	1	1	37	5.53986e-05	18051	0.999998	FALSE	ORF1ab:cds-YP_009724389.1	CTT	L	CTC	L	3404
NC_045512.2	10477	T	C	18047	13178	38	1	1	37	5.53986e-05	18051	0.999998	FALSE	ORF1ab:cds-YP_009725295.1	CTT	L	CTC	L	3404
NC_045512.2	10477	T	A	18047	13178	38	3	2	45	0.000166196	18051	0.31249	FALSE	ORF1ab:cds-YP_009724389.1	CTT	L	CTA	L	3404
NC_045512.2	10477	T	A	18047	13178	38	3	2	45	0.000166196	18051	0.31249	FALSE	ORF1ab:cds-YP_009725295.1	CTT	L	CTA	L	3404
NC_045512.2	10478	A	G	18319	13451	38	2	1	37	0.000109164	18321	0.99998	FALSE	ORF1ab:cds-YP_009724389.1	AAT	N	GAT	D	3405
NC_045512.2	10478	A	G	18319	13451	38	2	1	37	0.000109164	18321	0.99998	FALSE	ORF1ab:cds-YP_009725295.1	AAT	N	GAT	D	3405
NC_045512.2	10479	A	G	18139	13412	38	3	3	37	0.000165353	18143	0.99989	FALSE	ORF1ab:cds-YP_009724389.1	AAT	N	AGT	S	3405
NC_045512.2	10479	A	G	18139	13412	38	3	3	37	0.000165353	18143	0.99989	FALSE	ORF1ab:cds-YP_009725295.1	AAT	N	AGT	S	3405
NC_045512.2	10479	A	C	18139	13412	38	1	1	25	5.51177e-05	18143	1	FALSE	ORF1ab:cds-YP_009724389.1	AAT	N	ACT	T	3405
NC_045512.2	10479	A	C	18139	13412	38	1	1	25	5.51177e-05	18143	1	FALSE	ORF1ab:cds-YP_009725295.1	AAT	N	ACT	T	3405
NC_045512.2	10480	T	C	18179	13761	38	1	1	37	5.50055e-05	18180	0.999998	FALSE	ORF1ab:cds-YP_009724389.1	AAT	N	AAC	N	3405
NC_045512.2	10480	T	C	18179	13761	38	1	1	37	5.50055e-05	18180	0.999998	FALSE	ORF1ab:cds-YP_009725295.1	AAT	N	AAC	N	3405
NC_045512.2	10481	G	T	17902	13448	38	2	2	31	0.000111701	17905	0.999962	FALSE	ORF1ab:cds-YP_009724389.1	GGT	G	TGT	C	3406
NC_045512.2	10481	G	T	17902	13448	38	2	2	31	0.000111701	17905	0.999962	FALSE	ORF1ab:cds-YP_009725295.1	GGT	G	TGT	C	3406
NC_045512.2	10481	G	A	17902	13448	38	1	0	37	5.58503e-05	17905	0.999996	FALSE	ORF1ab:cds-YP_009724389.1	GGT	G	AGT	S	3406
NC_045512.2	10481	G	A	17902	13448	38	1	0	37	5.58503e-05	17905	0.999996	FALSE	ORF1ab:cds-YP_009725295.1	GGT	G	AGT	S	3406
NC_045512.2	10482	G	C	18568	14286	39	1	1	37	5.38358e-05	18575	0.999998	FALSE	ORF1ab:cds-YP_009724389.1	GGT	G	GCT	A	3406
NC_045512.2	10482	G	C	18568	14286	39	1	1	37	5.38358e-05	18575	0.999998	FALSE	ORF1ab:cds-YP_009725295.1	GGT	G	GCT	A	3406
NC_045512.2	10482	G	A	18568	14286	39	6	6	37	0.000323015	18575	0.996703	FALSE	ORF1ab:cds-YP_009724389.1	GGT	G	GAT	D	3406
NC_045512.2	10482	G	A	18568	14286	39	6	6	37	0.000323015	18575	0.996703	FALSE	ORF1ab:cds-YP_009725295.1	GGT	G	GAT	D	3406
NC_045512.2	10483	T	G	17332	13233	39	4	1	25	0.000230614	17345	1	FALSE	ORF1ab:cds-YP_009724389.1	GGT	G	GGG	G	3406
NC_045512.2	10483	T	G	17332	13233	39	4	1	25	0.000230614	17345	1	FALSE	ORF1ab:cds-YP_009725295.1	GGT	G	GGG	G	3406
NC_045512.2	10483	T	C	17332	13233	39	9	2	35	0.000518882	17345	0.962259	FALSE	ORF1ab:cds-YP_009724389.1	GGT	G	GGC	G	3406
NC_045512.2	10483	T	C	17332	13233	39	9	2	35	0.000518882	17345	0.962259	FALSE	ORF1ab:cds-YP_009725295.1	GGT	G	GGC	G	3406
NC_045512.2	10484	T	G	17454	13241	39	1	0	25	5.72803e-05	17458	1	FALSE	ORF1ab:cds-YP_009724389.1	TCA	S	GCA	A	3407
NC_045512.2	10484	T	G	17454	13241	39	1	0	25	5.72803e-05	17458	1	FALSE	ORF1ab:cds-YP_009725295.1	TCA	S	GCA	A	3407
NC_045512.2	10484	T	C	17454	13241	39	3	2	41	0.000171841	17458	0.312489	FALSE	ORF1ab:cds-YP_009724389.1	TCA	S	CCA	P	3407
NC_045512.2	10484	T	C	17454	13241	39	3	2	41	0.000171841	17458	0.312489	FALSE	ORF1ab:cds-YP_009725295.1	TCA	S	CCA	P	3407
NC_045512.2	10485	C	G	17006	13096	38	1	1	25	5.87959e-05	17008	1	FALSE	ORF1ab:cds-YP_009724389.1	TCA	S	TGA	*	3407
NC_045512.2	10485	C	G	17006	13096	38	1	1	25	5.87959e-05	17008	1	FALSE	ORF1ab:cds-YP_009725295.1	TCA	S	TGA	*	3407
NC_045512.2	10485	C	A	17006	13096	38	1	1	37	5.87959e-05	17008	0.999996	FALSE	ORF1ab:cds-YP_009724389.1	TCA	S	TAA	*	3407
NC_045512.2	10485	C	A	17006	13096	38	1	1	37	5.87959e-05	17008	0.999996	FALSE	ORF1ab:cds-YP_009725295.1	TCA	S	TAA	*	3407
NC_045512.2	10486	A	T	16759	12930	38	3	2	25	0.000178902	16769	1	FALSE	ORF1ab:cds-YP_009724389.1	TCA	S	TCT	S	3407
NC_045512.2	10486	A	T	16759	12930	38	3	2	25	0.000178902	16769	1	FALSE	ORF1ab:cds-YP_009725295.1	TCA	S	TCT	S	3407
NC_045512.2	10486	A	G	16759	12930	38	5	5	37	0.000298169	16769	0.996404	FALSE	ORF1ab:cds-YP_009724389.1	TCA	S	TCG	S	3407
NC_045512.2	10486	A	G	16759	12930	38	5	5	37	0.000298169	16769	0.996404	FALSE	ORF1ab:cds-YP_009725295.1	TCA	S	TCG	S	3407
NC_045512.2	10486	A	C	16759	12930	38	2	1	25	0.000119268	16769	1	FALSE	ORF1ab:cds-YP_009724389.1	TCA	S	TCC	S	3407
NC_045512.2	10486	A	C	16759	12930	38	2	1	25	0.000119268	16769	1	FALSE	ORF1ab:cds-YP_009725295.1	TCA	S	TCC	S	3407
NC_045512.2	10487	T	G	16953	13377	38	2	1	25	0.000117938	16958	1	FALSE	ORF1ab:cds-YP_009724389.1	TGT	C	GGT	G	3408
NC_045512.2	10487	T	G	16953	13377	38	2	1	25	0.000117938	16958	1	FALSE	ORF1ab:cds-YP_009725295.1	TGT	C	GGT	G	3408
NC_045512.2	10487	T	C	16953	13377	38	3	3	33	0.000176908	16958	0.999637	FALSE	ORF1ab:cds-YP_009724389.1	TGT	C	CGT	R	3408
NC_045512.2	10487	T	C	16953	13377	38	3	3	33	0.000176908	16958	0.999637	FALSE	ORF1ab:cds-YP_009725295.1	TGT	C	CGT	R	3408
NC_045512.2	10488	G	A	18307	14623	39	1	1	37	5.46209e-05	18308	0.999998	FALSE	ORF1ab:cds-YP_009724389.1	TGT	C	TAT	Y	3408
NC_045512.2	10488	G	A	18307	14623	39	1	1	37	5.46209e-05	18308	0.999998	FALSE	ORF1ab:cds-YP_009725295.1	TGT	C	TAT	Y	3408
NC_045512.2	10489	T	G	18065	14755	39	8	3	26	0.000442502	18079	1	FALSE	ORF1ab:cds-YP_009724389.1	TGT	C	TGG	W	3408
NC_045512.2	10489	T	G	18065	14755	39	8	3	26	0.000442502	18079	1	FALSE	ORF1ab:cds-YP_009725295.1	TGT	C	TGG	W	3408
NC_045512.2	10489	T	C	18065	14755	39	3	2	37	0.000165938	18079	0.999889	FALSE	ORF1ab:cds-YP_009724389.1	TGT	C	TGC	C	3408
NC_045512.2	10489	T	C	18065	14755	39	3	2	37	0.000165938	18079	0.999889	FALSE	ORF1ab:cds-YP_009725295.1	TGT	C	TGC	C	3408
NC_045512.2	10489	T	A	18065	14755	39	3	3	37	0.000165938	18079	0.999889	FALSE	ORF1ab:cds-YP_009724389.1	TGT	C	TGA	*	3408
NC_045512.2	10489	T	A	18065	14755	39	3	3	37	0.000165938	18079	0.999889	FALSE	ORF1ab:cds-YP_009725295.1	TGT	C	TGA	*	3408
NC_045512.2	10490	G	T	19083	15672	40	2	2	25	0.000104783	19087	1	FALSE	ORF1ab:cds-YP_009724389.1	GGT	G	TGT	C	3409
NC_045512.2	10490	G	T	19083	15672	40	2	2	25	0.000104783	19087	1	FALSE	ORF1ab:cds-YP_009725295.1	GGT	G	TGT	C	3409
NC_045512.2	10490	G	C	19083	15672	40	1	1	37	5.23917e-05	19087	0.999999	FALSE	ORF1ab:cds-YP_009724389.1	GGT	G	CGT	R	3409
NC_045512.2	10490	G	C	19083	15672	40	1	1	37	5.23917e-05	19087	0.999999	FALSE	ORF1ab:cds-YP_009725295.1	GGT	G	CGT	R	3409
NC_045512.2	10490	G	A	19083	15672	40	1	1	37	5.23917e-05	19087	0.999999	FALSE	ORF1ab:cds-YP_009724389.1	GGT	G	AGT	S	3409
NC_045512.2	10490	G	A	19083	15672	40	1	1	37	5.23917e-05	19087	0.999999	FALSE	ORF1ab:cds-YP_009725295.1	GGT	G	AGT	S	3409
NC_045512.2	10491	G	A	19182	15802	40	3	3	33	0.000156372	19185	0.99994	FALSE	ORF1ab:cds-YP_009724389.1	GGT	G	GAT	D	3409
NC_045512.2	10491	G	A	19182	15802	40	3	3	33	0.000156372	19185	0.99994	FALSE	ORF1ab:cds-YP_009725295.1	GGT	G	GAT	D	3409
NC_045512.2	10492	T	G	19131	15897	40	3	0	26	0.000156764	19137	1	FALSE	ORF1ab:cds-YP_009724389.1	GGT	G	GGG	G	3409
NC_045512.2	10492	T	G	19131	15897	40	3	0	26	0.000156764	19137	1	FALSE	ORF1ab:cds-YP_009725295.1	GGT	G	GGG	G	3409
NC_045512.2	10492	T	C	19131	15897	40	3	3	37	0.000156764	19137	0.99994	FALSE	ORF1ab:cds-YP_009724389.1	GGT	G	GGC	G	3409
NC_045512.2	10492	T	C	19131	15897	40	3	3	37	0.000156764	19137	0.99994	FALSE	ORF1ab:cds-YP_009725295.1	GGT	G	GGC	G	3409
NC_045512.2	10493	A	G	18849	15657	39	2	1	25	0.000106084	18853	1	FALSE	ORF1ab:cds-YP_009724389.1	AGT	S	GGT	G	3410
NC_045512.2	10493	A	G	18849	15657	39	2	1	25	0.000106084	18853	1	FALSE	ORF1ab:cds-YP_009725295.1	AGT	S	GGT	G	3410
NC_045512.2	10493	A	C	18849	15657	39	2	1	25	0.000106084	18853	1	FALSE	ORF1ab:cds-YP_009724389.1	AGT	S	CGT	R	3410
NC_045512.2	10493	A	C	18849	15657	39	2	1	25	0.000106084	18853	1	FALSE	ORF1ab:cds-YP_009725295.1	AGT	S	CGT	R	3410
NC_045512.2	10494	G	T	19235	15909	40	1	1	37	5.19778e-05	19239	0.999999	FALSE	ORF1ab:cds-YP_009724389.1	AGT	S	ATT	I	3410
NC_045512.2	10494	G	T	19235	15909	40	1	1	37	5.19778e-05	19239	0.999999	FALSE	ORF1ab:cds-YP_009725295.1	AGT	S	ATT	I	3410
NC_045512.2	10494	G	C	19235	15909	40	1	1	37	5.19778e-05	19239	0.999999	FALSE	ORF1ab:cds-YP_009724389.1	AGT	S	ACT	T	3410
NC_045512.2	10494	G	C	19235	15909	40	1	1	37	5.19778e-05	19239	0.999999	FALSE	ORF1ab:cds-YP_009725295.1	AGT	S	ACT	T	3410
NC_045512.2	10494	G	A	19235	15909	40	2	2	37	0.000103956	19239	0.99999	FALSE	ORF1ab:cds-YP_009724389.1	AGT	S	AAT	N	3410
NC_045512.2	10494	G	A	19235	15909	40	2	2	37	0.000103956	19239	0.99999	FALSE	ORF1ab:cds-YP_009725295.1	AGT	S	AAT	N	3410
NC_045512.2	10495	T	G	18664	15741	40	1	1	25	5.35762e-05	18665	1	FALSE	ORF1ab:cds-YP_009724389.1	AGT	S	AGG	R	3410
NC_045512.2	10495	T	G	18664	15741	40	1	1	25	5.35762e-05	18665	1	FALSE	ORF1ab:cds-YP_009725295.1	AGT	S	AGG	R	3410
NC_045512.2	10496	G	T	18759	15821	40	1	1	37	5.32793e-05	18769	0.999998	FALSE	ORF1ab:cds-YP_009724389.1	GTT	V	TTT	F	3411
NC_045512.2	10496	G	T	18759	15821	40	1	1	37	5.32793e-05	18769	0.999998	FALSE	ORF1ab:cds-YP_009725295.1	GTT	V	TTT	F	3411
NC_045512.2	10496	G	A	18759	15821	40	9	9	35	0.000479514	18769	0.973922	FALSE	ORF1ab:cds-YP_009724389.1	GTT	V	ATT	I	3411
NC_045512.2	10496	G	A	18759	15821	40	9	9	35	0.000479514	18769	0.973922	FALSE	ORF1ab:cds-YP_009725295.1	GTT	V	ATT	I	3411
NC_045512.2	10497	T	G	18849	16113	40	3	0	28	0.000159126	18853	1	FALSE	ORF1ab:cds-YP_009724389.1	GTT	V	GGT	G	3411
NC_045512.2	10497	T	G	18849	16113	40	3	0	28	0.000159126	18853	1	FALSE	ORF1ab:cds-YP_009725295.1	GTT	V	GGT	G	3411
NC_045512.2	10497	T	C	18849	16113	40	1	1	37	5.3042e-05	18853	0.999998	FALSE	ORF1ab:cds-YP_009724389.1	GTT	V	GCT	A	3411
NC_045512.2	10497	T	C	18849	16113	40	1	1	37	5.3042e-05	18853	0.999998	FALSE	ORF1ab:cds-YP_009725295.1	GTT	V	GCT	A	3411
NC_045512.2	10498	T	C	18837	16044	40	3	3	37	0.000159227	18841	0.99989	FALSE	ORF1ab:cds-YP_009724389.1	GTT	V	GTC	V	3411
NC_045512.2	10498	T	C	18837	16044	40	3	3	37	0.000159227	18841	0.99989	FALSE	ORF1ab:cds-YP_009725295.1	GTT	V	GTC	V	3411
NC_045512.2	10498	T	A	18837	16044	40	1	1	25	5.30757e-05	18841	1	FALSE	ORF1ab:cds-YP_009724389.1	GTT	V	GTA	V	3411
NC_045512.2	10498	T	A	18837	16044	40	1	1	25	5.30757e-05	18841	1	FALSE	ORF1ab:cds-YP_009725295.1	GTT	V	GTA	V	3411
NC_045512.2	10499	G	T	18541	15689	40	3	3	29	0.000161769	18545	1	FALSE	ORF1ab:cds-YP_009724389.1	GGT	G	TGT	C	3412
NC_045512.2	10499	G	T	18541	15689	40	3	3	29	0.000161769	18545	1	FALSE	ORF1ab:cds-YP_009725295.1	GGT	G	TGT	C	3412
NC_045512.2	10499	G	A	18541	15689	40	1	1	37	5.39229e-05	18545	0.999998	FALSE	ORF1ab:cds-YP_009724389.1	GGT	G	AGT	S	3412
NC_045512.2	10499	G	A	18541	15689	40	1	1	37	5.39229e-05	18545	0.999998	FALSE	ORF1ab:cds-YP_009725295.1	GGT	G	AGT	S	3412
NC_045512.2	10500	G	T	18546	15716	40	1	1	37	5.39084e-05	18550	0.999998	FALSE	ORF1ab:cds-YP_009724389.1	GGT	G	GTT	V	3412
NC_045512.2	10500	G	T	18546	15716	40	1	1	37	5.39084e-05	18550	0.999998	FALSE	ORF1ab:cds-YP_009725295.1	GGT	G	GTT	V	3412
NC_045512.2	10500	G	A	18546	15716	40	3	3	33	0.000161725	18550	0.99989	FALSE	ORF1ab:cds-YP_009724389.1	GGT	G	GAT	D	3412
NC_045512.2	10500	G	A	18546	15716	40	3	3	33	0.000161725	18550	0.99989	FALSE	ORF1ab:cds-YP_009725295.1	GGT	G	GAT	D	3412
NC_045512.2	10500	G	-T	18546	15716	40	2	0	20	0.000107817	18550	1	FALSE	NA	NA	NA	NA	NA	NA
NC_045512.2	10501	T	G	17768	15065	39	1	0	37	5.6262e-05	17774	0.999996	FALSE	ORF1ab:cds-YP_009724389.1	GGT	G	GGG	G	3412
NC_045512.2	10501	T	G	17768	15065	39	1	0	37	5.6262e-05	17774	0.999996	FALSE	ORF1ab:cds-YP_009725295.1	GGT	G	GGG	G	3412
NC_045512.2	10501	T	C	17768	15065	39	1	1	37	5.6262e-05	17774	0.999996	FALSE	ORF1ab:cds-YP_009724389.1	GGT	G	GGC	G	3412
NC_045512.2	10501	T	C	17768	15065	39	1	1	37	5.6262e-05	17774	0.999996	FALSE	ORF1ab:cds-YP_009725295.1	GGT	G	GGC	G	3412
NC_045512.2	10501	T	A	17768	15065	39	4	4	28	0.000225048	17774	1	FALSE	ORF1ab:cds-YP_009724389.1	GGT	G	GGA	G	3412
NC_045512.2	10501	T	A	17768	15065	39	4	4	28	0.000225048	17774	1	FALSE	ORF1ab:cds-YP_009725295.1	GGT	G	GGA	G	3412
NC_045512.2	10502	T	G	19650	17201	40	2	0	29	0.000101755	19655	1	FALSE	ORF1ab:cds-YP_009724389.1	TTT	F	GTT	V	3413
NC_045512.2	10502	T	G	19650	17201	40	2	0	29	0.000101755	19655	1	FALSE	ORF1ab:cds-YP_009725295.1	TTT	F	GTT	V	3413
NC_045512.2	10502	T	C	19650	17201	40	3	3	37	0.000152633	19655	0.99994	FALSE	ORF1ab:cds-YP_009724389.1	TTT	F	CTT	L	3413
NC_045512.2	10502	T	C	19650	17201	40	3	3	37	0.000152633	19655	0.99994	FALSE	ORF1ab:cds-YP_009725295.1	TTT	F	CTT	L	3413
NC_045512.2	10503	T	C	19522	17066	41	2	0	37	0.000102438	19524	0.99999	FALSE	ORF1ab:cds-YP_009724389.1	TTT	F	TCT	S	3413
NC_045512.2	10503	T	C	19522	17066	41	2	0	37	0.000102438	19524	0.99999	FALSE	ORF1ab:cds-YP_009725295.1	TTT	F	TCT	S	3413
NC_045512.2	10504	T	G	19936	17593	41	1	1	25	5.01404e-05	19944	1	FALSE	ORF1ab:cds-YP_009724389.1	TTT	F	TTG	L	3413
NC_045512.2	10504	T	G	19936	17593	41	1	1	25	5.01404e-05	19944	1	FALSE	ORF1ab:cds-YP_009725295.1	TTT	F	TTG	L	3413
NC_045512.2	10504	T	C	19936	17593	41	3	3	33	0.000150421	19944	0.99994	FALSE	ORF1ab:cds-YP_009724389.1	TTT	F	TTC	F	3413
NC_045512.2	10504	T	C	19936	17593	41	3	3	33	0.000150421	19944	0.99994	FALSE	ORF1ab:cds-YP_009725295.1	TTT	F	TTC	F	3413
NC_045512.2	10504	T	A	19936	17593	41	4	4	46	0.000200562	19944	0.187437	FALSE	ORF1ab:cds-YP_009724389.1	TTT	F	TTA	L	3413
NC_045512.2	10504	T	A	19936	17593	41	4	4	46	0.000200562	19944	0.187437	FALSE	ORF1ab:cds-YP_009725295.1	TTT	F	TTA	L	3413
NC_045512.2	10505	A	C	19583	17311	40	5	4	27	0.000255258	19588	1	FALSE	ORF1ab:cds-YP_009724389.1	AAC	N	CAC	H	3414
NC_045512.2	10505	A	C	19583	17311	40	5	4	27	0.000255258	19588	1	FALSE	ORF1ab:cds-YP_009725295.1	AAC	N	CAC	H	3414
NC_045512.2	10506	A	C	19397	17196	40	6	6	29	0.000309231	19403	1	FALSE	ORF1ab:cds-YP_009724389.1	AAC	N	ACC	T	3414
NC_045512.2	10506	A	C	19397	17196	40	6	6	29	0.000309231	19403	1	FALSE	ORF1ab:cds-YP_009725295.1	AAC	N	ACC	T	3414
NC_045512.2	10507	C	T	19989	17826	40	2	2	37	0.00010004	19992	0.99999	FALSE	ORF1ab:cds-YP_009724389.1	AAC	N	AAT	N	3414
NC_045512.2	10507	C	T	19989	17826	40	2	2	37	0.00010004	19992	0.99999	FALSE	ORF1ab:cds-YP_009725295.1	AAC	N	AAT	N	3414
NC_045512.2	10507	C	A	19989	17826	40	1	1	25	5.002e-05	19992	1	FALSE	ORF1ab:cds-YP_009724389.1	AAC	N	AAA	K	3414
NC_045512.2	10507	C	A	19989	17826	40	1	1	25	5.002e-05	19992	1	FALSE	ORF1ab:cds-YP_009725295.1	AAC	N	AAA	K	3414
NC_045512.2	10508	A	T	19903	17741	41	2	2	31	0.000100457	19909	0.99999	FALSE	ORF1ab:cds-YP_009724389.1	ATA	I	TTA	L	3415
NC_045512.2	10508	A	T	19903	17741	41	2	2	31	0.000100457	19909	0.99999	FALSE	ORF1ab:cds-YP_009725295.1	ATA	I	TTA	L	3415
NC_045512.2	10508	A	G	19903	17741	41	3	3	25	0.000150686	19909	1	FALSE	ORF1ab:cds-YP_009724389.1	ATA	I	GTA	V	3415
NC_045512.2	10508	A	G	19903	17741	41	3	3	25	0.000150686	19909	1	FALSE	ORF1ab:cds-YP_009725295.1	ATA	I	GTA	V	3415
NC_045512.2	10508	A	C	19903	17741	41	1	0	29	5.02285e-05	19909	1	FALSE	ORF1ab:cds-YP_009724389.1	ATA	I	CTA	L	3415
NC_045512.2	10508	A	C	19903	17741	41	1	0	29	5.02285e-05	19909	1	FALSE	ORF1ab:cds-YP_009725295.1	ATA	I	CTA	L	3415
NC_045512.2	10509	T	G	19708	17568	40	2	0	25	0.000101461	19712	1	FALSE	ORF1ab:cds-YP_009724389.1	ATA	I	AGA	R	3415
NC_045512.2	10509	T	G	19708	17568	40	2	0	25	0.000101461	19712	1	FALSE	ORF1ab:cds-YP_009725295.1	ATA	I	AGA	R	3415
NC_045512.2	10509	T	C	19708	17568	40	2	2	37	0.000101461	19712	0.99999	FALSE	ORF1ab:cds-YP_009724389.1	ATA	I	ACA	T	3415
NC_045512.2	10509	T	C	19708	17568	40	2	2	37	0.000101461	19712	0.99999	FALSE	ORF1ab:cds-YP_009725295.1	ATA	I	ACA	T	3415
NC_045512.2	10510	A	T	19527	17410	40	1	1	37	5.11902e-05	19535	0.999999	FALSE	ORF1ab:cds-YP_009724389.1	ATA	I	ATT	I	3415
NC_045512.2	10510	A	T	19527	17410	40	1	1	37	5.11902e-05	19535	0.999999	FALSE	ORF1ab:cds-YP_009725295.1	ATA	I	ATT	I	3415
NC_045512.2	10510	A	G	19527	17410	40	6	6	37	0.000307141	19535	0.997966	FALSE	ORF1ab:cds-YP_009724389.1	ATA	I	ATG	M	3415
NC_045512.2	10510	A	G	19527	17410	40	6	6	37	0.000307141	19535	0.997966	FALSE	ORF1ab:cds-YP_009725295.1	ATA	I	ATG	M	3415
NC_045512.2	10510	A	C	19527	17410	40	1	0	29	5.11902e-05	19535	1	FALSE	ORF1ab:cds-YP_009724389.1	ATA	I	ATC	I	3415
NC_045512.2	10510	A	C	19527	17410	40	1	0	29	5.11902e-05	19535	1	FALSE	ORF1ab:cds-YP_009725295.1	ATA	I	ATC	I	3415
NC_045512.2	10512	A	G	19436	17373	40	2	2	37	0.000102891	19438	0.99999	FALSE	ORF1ab:cds-YP_009724389.1	GAT	D	GGT	G	3416
NC_045512.2	10512	A	G	19436	17373	40	2	2	37	0.000102891	19438	0.99999	FALSE	ORF1ab:cds-YP_009725295.1	GAT	D	GGT	G	3416
NC_045512.2	10513	T	G	19366	17408	40	1	1	25	5.16289e-05	19369	1	FALSE	ORF1ab:cds-YP_009724389.1	GAT	D	GAG	E	3416
NC_045512.2	10513	T	G	19366	17408	40	1	1	25	5.16289e-05	19369	1	FALSE	ORF1ab:cds-YP_009725295.1	GAT	D	GAG	E	3416
NC_045512.2	10513	T	C	19366	17408	40	2	2	37	0.000103258	19369	0.99999	FALSE	ORF1ab:cds-YP_009724389.1	GAT	D	GAC	D	3416
NC_045512.2	10513	T	C	19366	17408	40	2	2	37	0.000103258	19369	0.99999	FALSE	ORF1ab:cds-YP_009725295.1	GAT	D	GAC	D	3416
NC_045512.2	10514	T	G	19372	17458	40	2	2	25	0.000103215	19377	1	FALSE	ORF1ab:cds-YP_009724389.1	TAT	Y	GAT	D	3417
NC_045512.2	10514	T	G	19372	17458	40	2	2	25	0.000103215	19377	1	FALSE	ORF1ab:cds-YP_009725295.1	TAT	Y	GAT	D	3417
NC_045512.2	10514	T	C	19372	17458	40	3	3	37	0.000154823	19377	0.99994	FALSE	ORF1ab:cds-YP_009724389.1	TAT	Y	CAT	H	3417
NC_045512.2	10514	T	C	19372	17458	40	3	3	37	0.000154823	19377	0.99994	FALSE	ORF1ab:cds-YP_009725295.1	TAT	Y	CAT	H	3417
NC_045512.2	10515	A	G	18704	16784	39	1	1	37	5.34502e-05	18709	0.999998	FALSE	ORF1ab:cds-YP_009724389.1	TAT	Y	TGT	C	3417
NC_045512.2	10515	A	G	18704	16784	39	1	1	37	5.34502e-05	18709	0.999998	FALSE	ORF1ab:cds-YP_009725295.1	TAT	Y	TGT	C	3417
NC_045512.2	10515	A	C	18704	16784	39	4	4	25	0.000213801	18709	1	FALSE	ORF1ab:cds-YP_009724389.1	TAT	Y	TCT	S	3417
NC_045512.2	10515	A	C	18704	16784	39	4	4	25	0.000213801	18709	1	FALSE	ORF1ab:cds-YP_009725295.1	TAT	Y	TCT	S	3417
NC_045512.2	10516	T	G	18958	17027	40	4	4	27	0.000210937	18963	1	FALSE	ORF1ab:cds-YP_009724389.1	TAT	Y	TAG	*	3417
NC_045512.2	10516	T	G	18958	17027	40	4	4	27	0.000210937	18963	1	FALSE	ORF1ab:cds-YP_009725295.1	TAT	Y	TAG	*	3417
NC_045512.2	10516	T	C	18958	17027	40	1	1	37	5.27343e-05	18963	0.999998	FALSE	ORF1ab:cds-YP_009724389.1	TAT	Y	TAC	Y	3417
NC_045512.2	10516	T	C	18958	17027	40	1	1	37	5.27343e-05	18963	0.999998	FALSE	ORF1ab:cds-YP_009725295.1	TAT	Y	TAC	Y	3417
NC_045512.2	10517	G	C	19186	17290	40	1	1	25	5.21159e-05	19188	1	FALSE	ORF1ab:cds-YP_009724389.1	GAC	D	CAC	H	3418
NC_045512.2	10517	G	C	19186	17290	40	1	1	25	5.21159e-05	19188	1	FALSE	ORF1ab:cds-YP_009725295.1	GAC	D	CAC	H	3418
NC_045512.2	10517	G	A	19186	17290	40	1	1	37	5.21159e-05	19188	0.999999	FALSE	ORF1ab:cds-YP_009724389.1	GAC	D	AAC	N	3418
NC_045512.2	10517	G	A	19186	17290	40	1	1	37	5.21159e-05	19188	0.999999	FALSE	ORF1ab:cds-YP_009725295.1	GAC	D	AAC	N	3418
NC_045512.2	10518	A	T	17998	16136	39	1	1	37	5.55124e-05	18014	0.999998	FALSE	ORF1ab:cds-YP_009724389.1	GAC	D	GTC	V	3418
NC_045512.2	10518	A	T	17998	16136	39	1	1	37	5.55124e-05	18014	0.999998	FALSE	ORF1ab:cds-YP_009725295.1	GAC	D	GTC	V	3418
NC_045512.2	10518	A	G	17998	16136	39	9	9	37	0.000499611	18014	0.973872	FALSE	ORF1ab:cds-YP_009724389.1	GAC	D	GGC	G	3418
NC_045512.2	10518	A	G	17998	16136	39	9	9	37	0.000499611	18014	0.973872	FALSE	ORF1ab:cds-YP_009725295.1	GAC	D	GGC	G	3418
NC_045512.2	10518	A	C	17998	16136	39	6	6	31	0.000333074	18014	0.996691	FALSE	ORF1ab:cds-YP_009724389.1	GAC	D	GCC	A	3418
NC_045512.2	10518	A	C	17998	16136	39	6	6	31	0.000333074	18014	0.996691	FALSE	ORF1ab:cds-YP_009725295.1	GAC	D	GCC	A	3418
NC_045512.2	10518	A	+C	17998	16136	39	1	0	20	5.55124e-05	18014	1	FALSE	NA	NA	NA	NA	NA	NA
NC_045512.2	10519	C	T	19302	17532	40	1	1	37	5.18027e-05	19304	0.999999	FALSE	ORF1ab:cds-YP_009724389.1	GAC	D	GAT	D	3418
NC_045512.2	10519	C	T	19302	17532	40	1	1	37	5.18027e-05	19304	0.999999	FALSE	ORF1ab:cds-YP_009725295.1	GAC	D	GAT	D	3418
NC_045512.2	10519	C	A	19302	17532	40	1	1	25	5.18027e-05	19304	1	FALSE	ORF1ab:cds-YP_009724389.1	GAC	D	GAA	E	3418
NC_045512.2	10519	C	A	19302	17532	40	1	1	25	5.18027e-05	19304	1	FALSE	ORF1ab:cds-YP_009725295.1	GAC	D	GAA	E	3418
NC_045512.2	10520	T	G	13806	12115	41	4	3	25	0.000289436	13820	1	FALSE	ORF1ab:cds-YP_009724389.1	TGT	C	GGT	G	3419
NC_045512.2	10520	T	G	13806	12115	41	4	3	25	0.000289436	13820	1	FALSE	ORF1ab:cds-YP_009725295.1	TGT	C	GGT	G	3419
NC_045512.2	10520	T	C	13806	12115	41	8	5	37	0.000578871	13820	0.90532	FALSE	ORF1ab:cds-YP_009724389.1	TGT	C	CGT	R	3419
NC_045512.2	10520	T	C	13806	12115	41	8	5	37	0.000578871	13820	0.90532	FALSE	ORF1ab:cds-YP_009725295.1	TGT	C	CGT	R	3419
NC_045512.2	10520	T	A	13806	12115	41	2	2	31	0.000144718	13820	0.999511	FALSE	ORF1ab:cds-YP_009724389.1	TGT	C	AGT	S	3419
NC_045512.2	10520	T	A	13806	12115	41	2	2	31	0.000144718	13820	0.999511	FALSE	ORF1ab:cds-YP_009725295.1	TGT	C	AGT	S	3419
NC_045512.2	10521	G	T	13949	12348	41	2	2	37	0.000143297	13957	0.999512	FALSE	ORF1ab:cds-YP_009724389.1	TGT	C	TTT	F	3419
NC_045512.2	10521	G	T	13949	12348	41	2	2	37	0.000143297	13957	0.999512	FALSE	ORF1ab:cds-YP_009725295.1	TGT	C	TTT	F	3419
NC_045512.2	10521	G	C	13949	12348	41	1	1	20	7.16486e-05	13957	1	FALSE	ORF1ab:cds-YP_009724389.1	TGT	C	TCT	S	3419
NC_045512.2	10521	G	C	13949	12348	41	1	1	20	7.16486e-05	13957	1	FALSE	ORF1ab:cds-YP_009725295.1	TGT	C	TCT	S	3419
NC_045512.2	10521	G	A	13949	12348	41	5	4	42	0.000358243	13957	0.109316	FALSE	ORF1ab:cds-YP_009724389.1	TGT	C	TAT	Y	3419
NC_045512.2	10521	G	A	13949	12348	41	5	4	42	0.000358243	13957	0.109316	FALSE	ORF1ab:cds-YP_009725295.1	TGT	C	TAT	Y	3419
NC_045512.2	10521	G	+C	13949	12348	41	3	0	20	0.000214946	13957	1	FALSE	NA	NA	NA	NA	NA	NA
NC_045512.2	10522	T	G	13541	11943	40	4	4	28	0.00029529	13546	1	FALSE	ORF1ab:cds-YP_009724389.1	TGT	C	TGG	W	3419
NC_045512.2	10522	T	G	13541	11943	40	4	4	28	0.00029529	13546	1	FALSE	ORF1ab:cds-YP_009725295.1	TGT	C	TGG	W	3419
NC_045512.2	10522	T	C	13541	11943	40	1	1	62	7.38225e-05	13546	0.499945	FALSE	ORF1ab:cds-YP_009724389.1	TGT	C	TGC	C	3419
NC_045512.2	10522	T	C	13541	11943	40	1	1	62	7.38225e-05	13546	0.499945	FALSE	ORF1ab:cds-YP_009725295.1	TGT	C	TGC	C	3419
NC_045512.2	10523	G	T	13734	12149	41	2	2	25	0.000145539	13742	1	FALSE	ORF1ab:cds-YP_009724389.1	GTC	V	TTC	F	3420
NC_045512.2	10523	G	T	13734	12149	41	2	2	25	0.000145539	13742	1	FALSE	ORF1ab:cds-YP_009725295.1	GTC	V	TTC	F	3420
NC_045512.2	10523	G	A	13734	12149	41	6	5	41	0.000436618	13742	0.0624642	FALSE	ORF1ab:cds-YP_009724389.1	GTC	V	ATC	I	3420
NC_045512.2	10523	G	A	13734	12149	41	6	5	41	0.000436618	13742	0.0624642	FALSE	ORF1ab:cds-YP_009725295.1	GTC	V	ATC	I	3420
NC_045512.2	10524	T	C	13776	12216	41	3	2	49	0.000217707	13780	0.312486	FALSE	ORF1ab:cds-YP_009724389.1	GTC	V	GCC	A	3420
NC_045512.2	10524	T	C	13776	12216	41	3	2	49	0.000217707	13780	0.312486	FALSE	ORF1ab:cds-YP_009725295.1	GTC	V	GCC	A	3420
NC_045512.2	10524	T	A	13776	12216	41	1	1	37	7.25689e-05	13780	0.999939	FALSE	ORF1ab:cds-YP_009724389.1	GTC	V	GAC	D	3420
NC_045512.2	10524	T	A	13776	12216	41	1	1	37	7.25689e-05	13780	0.999939	FALSE	ORF1ab:cds-YP_009725295.1	GTC	V	GAC	D	3420
NC_045512.2	10525	C	A	13727	12286	40	1	1	37	7.28438e-05	13728	0.999939	FALSE	ORF1ab:cds-YP_009724389.1	GTC	V	GTA	V	3420
NC_045512.2	10525	C	A	13727	12286	40	1	1	37	7.28438e-05	13728	0.999939	FALSE	ORF1ab:cds-YP_009725295.1	GTC	V	GTA	V	3420
NC_045512.2	10526	T	A	13422	12138	39	2	2	25	0.000148987	13424	1	FALSE	ORF1ab:cds-YP_009724389.1	TCT	S	ACT	T	3421
NC_045512.2	10526	T	A	13422	12138	39	2	2	25	0.000148987	13424	1	FALSE	ORF1ab:cds-YP_009725295.1	TCT	S	ACT	T	3421
NC_045512.2	10527	C	T	13528	12269	39	1	1	37	7.39153e-05	13529	0.999939	FALSE	ORF1ab:cds-YP_009724389.1	TCT	S	TTT	F	3421
NC_045512.2	10527	C	T	13528	12269	39	1	1	37	7.39153e-05	13529	0.999939	FALSE	ORF1ab:cds-YP_009725295.1	TCT	S	TTT	F	3421
NC_045512.2	10527	C	-T	13528	12269	39	2	0	20	0.000147831	13529	1	FALSE	NA	NA	NA	NA	NA	NA
NC_045512.2	10528	T	G	13172	11931	39	1	0	25	7.58783e-05	13179	1	FALSE	ORF1ab:cds-YP_009724389.1	TCT	S	TCG	S	3421
NC_045512.2	10528	T	G	13172	11931	39	1	0	25	7.58783e-05	13179	1	FALSE	ORF1ab:cds-YP_009725295.1	TCT	S	TCG	S	3421
NC_045512.2	10528	T	C	13172	11931	39	4	1	52	0.000303513	13179	0.0624478	FALSE	ORF1ab:cds-YP_009724389.1	TCT	S	TCC	S	3421
NC_045512.2	10528	T	C	13172	11931	39	4	1	52	0.000303513	13179	0.0624478	FALSE	ORF1ab:cds-YP_009725295.1	TCT	S	TCC	S	3421
NC_045512.2	10528	T	A	13172	11931	39	2	2	27	0.000151757	13179	1	FALSE	ORF1ab:cds-YP_009724389.1	TCT	S	TCA	S	3421
NC_045512.2	10528	T	A	13172	11931	39	2	2	27	0.000151757	13179	1	FALSE	ORF1ab:cds-YP_009725295.1	TCT	S	TCA	S	3421
NC_045512.2	10529	T	C	13329	12103	39	2	2	31	0.000150004	13333	0.999513	FALSE	ORF1ab:cds-YP_009724389.1	TTT	F	CTT	L	3422
NC_045512.2	10529	T	C	13329	12103	39	2	2	31	0.000150004	13333	0.999513	FALSE	ORF1ab:cds-YP_009725295.1	TTT	F	CTT	L	3422
NC_045512.2	10529	T	A	13329	12103	39	2	2	31	0.000150004	13333	0.999513	FALSE	ORF1ab:cds-YP_009724389.1	TTT	F	ATT	I	3422
NC_045512.2	10529	T	A	13329	12103	39	2	2	31	0.000150004	13333	0.999513	FALSE	ORF1ab:cds-YP_009725295.1	TTT	F	ATT	I	3422
NC_045512.2	10531	T	G	13381	12181	40	1	1	25	7.47217e-05	13383	1	FALSE	ORF1ab:cds-YP_009724389.1	TTT	F	TTG	L	3422
NC_045512.2	10531	T	G	13381	12181	40	1	1	25	7.47217e-05	13383	1	FALSE	ORF1ab:cds-YP_009725295.1	TTT	F	TTG	L	3422
NC_045512.2	10531	T	C	13381	12181	40	1	0	74	7.47217e-05	13383	0.5	FALSE	ORF1ab:cds-YP_009724389.1	TTT	F	TTC	F	3422
NC_045512.2	10531	T	C	13381	12181	40	1	0	74	7.47217e-05	13383	0.5	FALSE	ORF1ab:cds-YP_009725295.1	TTT	F	TTC	F	3422
NC_045512.2	10532	T	A	13344	12148	40	2	2	29	0.000149858	13346	1	FALSE	ORF1ab:cds-YP_009724389.1	TGT	C	AGT	S	3423
NC_045512.2	10532	T	A	13344	12148	40	2	2	29	0.000149858	13346	1	FALSE	ORF1ab:cds-YP_009725295.1	TGT	C	AGT	S	3423
NC_045512.2	10534	T	G	12702	11588	38	5	5	27	0.000393391	12710	1	FALSE	ORF1ab:cds-YP_009724389.1	TGT	C	TGG	W	3423
NC_045512.2	10534	T	G	12702	11588	38	5	5	27	0.000393391	12710	1	FALSE	ORF1ab:cds-YP_009725295.1	TGT	C	TGG	W	3423
NC_045512.2	10534	T	C	12702	11588	38	3	3	29	0.000236035	12710	1	FALSE	ORF1ab:cds-YP_009724389.1	TGT	C	TGC	C	3423
NC_045512.2	10534	T	C	12702	11588	38	3	3	29	0.000236035	12710	1	FALSE	ORF1ab:cds-YP_009725295.1	TGT	C	TGC	C	3423
NC_045512.2	10535	T	G	12911	11793	39	3	3	29	0.000232288	12915	1	FALSE	ORF1ab:cds-YP_009724389.1	TAC	Y	GAC	D	3424
NC_045512.2	10535	T	G	12911	11793	39	3	3	29	0.000232288	12915	1	FALSE	ORF1ab:cds-YP_009725295.1	TAC	Y	GAC	D	3424
NC_045512.2	10535	T	C	12911	11793	39	1	0	74	7.74293e-05	12915	0.499961	FALSE	ORF1ab:cds-YP_009724389.1	TAC	Y	CAC	H	3424
NC_045512.2	10535	T	C	12911	11793	39	1	0	74	7.74293e-05	12915	0.499961	FALSE	ORF1ab:cds-YP_009725295.1	TAC	Y	CAC	H	3424
NC_045512.2	10536	A	T	12554	11451	39	1	1	37	7.95862e-05	12565	0.999878	FALSE	ORF1ab:cds-YP_009724389.1	TAC	Y	TTC	F	3424
NC_045512.2	10536	A	T	12554	11451	39	1	1	37	7.95862e-05	12565	0.999878	FALSE	ORF1ab:cds-YP_009725295.1	TAC	Y	TTC	F	3424
NC_045512.2	10536	A	G	12554	11451	39	6	5	47	0.000477517	12565	0.0624217	FALSE	ORF1ab:cds-YP_009724389.1	TAC	Y	TGC	C	3424
NC_045512.2	10536	A	G	12554	11451	39	6	5	47	0.000477517	12565	0.0624217	FALSE	ORF1ab:cds-YP_009725295.1	TAC	Y	TGC	C	3424
NC_045512.2	10536	A	C	12554	11451	39	4	4	25	0.000318345	12565	1	FALSE	ORF1ab:cds-YP_009724389.1	TAC	Y	TCC	S	3424
NC_045512.2	10536	A	C	12554	11451	39	4	4	25	0.000318345	12565	1	FALSE	ORF1ab:cds-YP_009725295.1	TAC	Y	TCC	S	3424
NC_045512.2	10536	A	-C	12554	11451	39	1	0	20	7.95862e-05	12565	1	FALSE	NA	NA	NA	NA	NA	NA
NC_045512.2	10537	C	T	13207	12114	39	3	3	37	0.000227049	13213	0.997912	FALSE	ORF1ab:cds-YP_009724389.1	TAC	Y	TAT	Y	3424
NC_045512.2	10537	C	T	13207	12114	39	3	3	37	0.000227049	13213	0.997912	FALSE	ORF1ab:cds-YP_009725295.1	TAC	Y	TAT	Y	3424
NC_045512.2	10537	C	A	13207	12114	39	3	3	37	0.000227049	13213	0.997912	FALSE	ORF1ab:cds-YP_009724389.1	TAC	Y	TAA	*	3424
NC_045512.2	10537	C	A	13207	12114	39	3	3	37	0.000227049	13213	0.997912	FALSE	ORF1ab:cds-YP_009725295.1	TAC	Y	TAA	*	3424
NC_045512.2	10538	A	G	12925	11856	39	2	2	31	0.000154715	12927	0.999087	FALSE	ORF1ab:cds-YP_009724389.1	ATG	M	GTG	V	3425
NC_045512.2	10538	A	G	12925	11856	39	2	2	31	0.000154715	12927	0.999087	FALSE	ORF1ab:cds-YP_009725295.1	ATG	M	GTG	V	3425
NC_045512.2	10539	T	G	12889	11817	39	1	1	25	7.75735e-05	12891	1	FALSE	ORF1ab:cds-YP_009724389.1	ATG	M	AGG	R	3425
NC_045512.2	10539	T	G	12889	11817	39	1	1	25	7.75735e-05	12891	1	FALSE	ORF1ab:cds-YP_009725295.1	ATG	M	AGG	R	3425
NC_045512.2	10539	T	C	12889	11817	39	1	1	37	7.75735e-05	12891	0.999878	FALSE	ORF1ab:cds-YP_009724389.1	ATG	M	ACG	T	3425
NC_045512.2	10539	T	C	12889	11817	39	1	1	37	7.75735e-05	12891	0.999878	FALSE	ORF1ab:cds-YP_009725295.1	ATG	M	ACG	T	3425
NC_045512.2	10540	G	T	13028	11981	39	1	0	25	7.66754e-05	13042	1	FALSE	ORF1ab:cds-YP_009724389.1	ATG	M	ATT	I	3425
NC_045512.2	10540	G	T	13028	11981	39	1	0	25	7.66754e-05	13042	1	FALSE	ORF1ab:cds-YP_009725295.1	ATG	M	ATT	I	3425
NC_045512.2	10540	G	A	13028	11981	39	13	11	41	0.00099678	13042	0.000913187	TRUE	ORF1ab:cds-YP_009724389.1	ATG	M	ATA	I	3425
NC_045512.2	10540	G	A	13028	11981	39	13	11	41	0.00099678	13042	0.000913187	TRUE	ORF1ab:cds-YP_009725295.1	ATG	M	ATA	I	3425
NC_045512.2	10541	C	T	13169	12127	39	9	9	35	0.000682853	13180	0.856921	FALSE	ORF1ab:cds-YP_009724389.1	CAC	H	TAC	Y	3426
NC_045512.2	10541	C	T	13169	12127	39	9	9	35	0.000682853	13180	0.856921	FALSE	ORF1ab:cds-YP_009725295.1	CAC	H	TAC	Y	3426
NC_045512.2	10541	C	G	13169	12127	39	1	1	37	7.58725e-05	13180	0.999939	FALSE	ORF1ab:cds-YP_009724389.1	CAC	H	GAC	D	3426
NC_045512.2	10541	C	G	13169	12127	39	1	1	37	7.58725e-05	13180	0.999939	FALSE	ORF1ab:cds-YP_009725295.1	CAC	H	GAC	D	3426
NC_045512.2	10541	C	A	13169	12127	39	1	1	74	7.58725e-05	13180	0.499829	FALSE	ORF1ab:cds-YP_009724389.1	CAC	H	AAC	N	3426
NC_045512.2	10541	C	A	13169	12127	39	1	1	74	7.58725e-05	13180	0.499829	FALSE	ORF1ab:cds-YP_009725295.1	CAC	H	AAC	N	3426
NC_045512.2	10542	A	T	12992	11955	39	2	2	33	0.000153905	12995	0.999087	FALSE	ORF1ab:cds-YP_009724389.1	CAC	H	CTC	L	3426
NC_045512.2	10542	A	T	12992	11955	39	2	2	33	0.000153905	12995	0.999087	FALSE	ORF1ab:cds-YP_009725295.1	CAC	H	CTC	L	3426
NC_045512.2	10542	A	G	12992	11955	39	1	1	37	7.69527e-05	12995	0.999878	FALSE	ORF1ab:cds-YP_009724389.1	CAC	H	CGC	R	3426
NC_045512.2	10542	A	G	12992	11955	39	1	1	37	7.69527e-05	12995	0.999878	FALSE	ORF1ab:cds-YP_009725295.1	CAC	H	CGC	R	3426
NC_045512.2	10543	C	T	13000	12001	38	1	1	37	7.69112e-05	13002	0.999939	FALSE	ORF1ab:cds-YP_009724389.1	CAC	H	CAT	H	3426
NC_045512.2	10543	C	T	13000	12001	38	1	1	37	7.69112e-05	13002	0.999939	FALSE	ORF1ab:cds-YP_009725295.1	CAC	H	CAT	H	3426
NC_045512.2	10543	C	G	13000	12001	38	1	1	37	7.69112e-05	13002	0.999939	FALSE	ORF1ab:cds-YP_009724389.1	CAC	H	CAG	Q	3426
NC_045512.2	10543	C	G	13000	12001	38	1	1	37	7.69112e-05	13002	0.999939	FALSE	ORF1ab:cds-YP_009725295.1	CAC	H	CAG	Q	3426
NC_045512.2	10544	C	T	12905	11907	39	1	1	37	7.74833e-05	12906	0.999878	FALSE	ORF1ab:cds-YP_009724389.1	CAT	H	TAT	Y	3427
NC_045512.2	10544	C	T	12905	11907	39	1	1	37	7.74833e-05	12906	0.999878	FALSE	ORF1ab:cds-YP_009725295.1	CAT	H	TAT	Y	3427
NC_045512.2	10545	A	T	12683	11698	39	2	1	37	0.000157629	12688	0.999086	FALSE	ORF1ab:cds-YP_009724389.1	CAT	H	CTT	L	3427
NC_045512.2	10545	A	T	12683	11698	39	2	1	37	0.000157629	12688	0.999086	FALSE	ORF1ab:cds-YP_009725295.1	CAT	H	CTT	L	3427
NC_045512.2	10545	A	G	12683	11698	39	2	2	37	0.000157629	12688	0.999086	FALSE	ORF1ab:cds-YP_009724389.1	CAT	H	CGT	R	3427
NC_045512.2	10545	A	G	12683	11698	39	2	2	37	0.000157629	12688	0.999086	FALSE	ORF1ab:cds-YP_009725295.1	CAT	H	CGT	R	3427
NC_045512.2	10545	A	C	12683	11698	39	1	0	29	7.88146e-05	12688	1	FALSE	ORF1ab:cds-YP_009724389.1	CAT	H	CCT	P	3427
NC_045512.2	10545	A	C	12683	11698	39	1	0	29	7.88146e-05	12688	1	FALSE	ORF1ab:cds-YP_009725295.1	CAT	H	CCT	P	3427
NC_045512.2	10546	T	C	12672	11706	38	2	2	37	0.000157803	12674	0.999087	FALSE	ORF1ab:cds-YP_009724389.1	CAT	H	CAC	H	3427
NC_045512.2	10546	T	C	12672	11706	38	2	2	37	0.000157803	12674	0.999087	FALSE	ORF1ab:cds-YP_009725295.1	CAT	H	CAC	H	3427
NC_045512.2	10547	A	G	12617	11634	38	2	2	37	0.000158479	12620	0.999087	FALSE	ORF1ab:cds-YP_009724389.1	ATG	M	GTG	V	3428
NC_045512.2	10547	A	G	12617	11634	38	2	2	37	0.000158479	12620	0.999087	FALSE	ORF1ab:cds-YP_009725295.1	ATG	M	GTG	V	3428
NC_045512.2	10547	A	C	12617	11634	38	1	1	25	7.92393e-05	12620	1	FALSE	ORF1ab:cds-YP_009724389.1	ATG	M	CTG	L	3428
NC_045512.2	10547	A	C	12617	11634	38	1	1	25	7.92393e-05	12620	1	FALSE	ORF1ab:cds-YP_009725295.1	ATG	M	CTG	L	3428
NC_045512.2	10548	T	G	12584	11609	39	3	3	25	0.000238284	12590	1	FALSE	ORF1ab:cds-YP_009724389.1	ATG	M	AGG	R	3428
NC_045512.2	10548	T	G	12584	11609	39	3	3	25	0.000238284	12590	1	FALSE	ORF1ab:cds-YP_009725295.1	ATG	M	AGG	R	3428
NC_045512.2	10548	T	C	12584	11609	39	3	3	37	0.000238284	12590	0.996312	FALSE	ORF1ab:cds-YP_009724389.1	ATG	M	ACG	T	3428
NC_045512.2	10548	T	C	12584	11609	39	3	3	37	0.000238284	12590	0.996312	FALSE	ORF1ab:cds-YP_009725295.1	ATG	M	ACG	T	3428
NC_045512.2	10549	G	T	12559	11584	39	1	1	37	7.96115e-05	12561	0.999878	FALSE	ORF1ab:cds-YP_009724389.1	ATG	M	ATT	I	3428
NC_045512.2	10549	G	T	12559	11584	39	1	1	37	7.96115e-05	12561	0.999878	FALSE	ORF1ab:cds-YP_009725295.1	ATG	M	ATT	I	3428
NC_045512.2	10549	G	A	12559	11584	39	1	1	37	7.96115e-05	12561	0.999878	FALSE	ORF1ab:cds-YP_009724389.1	ATG	M	ATA	I	3428
NC_045512.2	10549	G	A	12559	11584	39	1	1	37	7.96115e-05	12561	0.999878	FALSE	ORF1ab:cds-YP_009725295.1	ATG	M	ATA	I	3428
NC_045512.2	10550	G	C	12420	11466	39	2	0	37	0.000160992	12423	0.999087	FALSE	ORF1ab:cds-YP_009724389.1	GAA	E	CAA	Q	3429
NC_045512.2	10550	G	C	12420	11466	39	2	0	37	0.000160992	12423	0.999087	FALSE	ORF1ab:cds-YP_009725295.1	GAA	E	CAA	Q	3429
NC_045512.2	10550	G	A	12420	11466	39	1	1	37	8.04959e-05	12423	0.999878	FALSE	ORF1ab:cds-YP_009724389.1	GAA	E	AAA	K	3429
NC_045512.2	10550	G	A	12420	11466	39	1	1	37	8.04959e-05	12423	0.999878	FALSE	ORF1ab:cds-YP_009725295.1	GAA	E	AAA	K	3429
NC_045512.2	10551	A	G	12266	11439	38	4	4	46	0.000325998	12270	0.1875	FALSE	ORF1ab:cds-YP_009724389.1	GAA	E	GGA	G	3429
NC_045512.2	10551	A	G	12266	11439	38	4	4	46	0.000325998	12270	0.1875	FALSE	ORF1ab:cds-YP_009725295.1	GAA	E	GGA	G	3429
NC_045512.2	10552	A	G	11616	10813	38	2	2	37	0.000172147	11618	0.998296	FALSE	ORF1ab:cds-YP_009724389.1	GAA	E	GAG	E	3429
NC_045512.2	10552	A	G	11616	10813	38	2	2	37	0.000172147	11618	0.998296	FALSE	ORF1ab:cds-YP_009725295.1	GAA	E	GAG	E	3429
NC_045512.2	10553	T	G	11317	10510	38	1	1	29	8.83392e-05	11320	1	FALSE	ORF1ab:cds-YP_009724389.1	TTA	L	GTA	V	3430
NC_045512.2	10553	T	G	11317	10510	38	1	1	29	8.83392e-05	11320	1	FALSE	ORF1ab:cds-YP_009725295.1	TTA	L	GTA	V	3430
NC_045512.2	10553	T	C	11317	10510	38	2	2	55	0.000176678	11320	0.249989	FALSE	ORF1ab:cds-YP_009724389.1	TTA	L	CTA	L	3430
NC_045512.2	10553	T	C	11317	10510	38	2	2	55	0.000176678	11320	0.249989	FALSE	ORF1ab:cds-YP_009725295.1	TTA	L	CTA	L	3430
NC_045512.2	10554	T	G	11092	10289	38	4	4	25	0.00036049	11096	1	FALSE	ORF1ab:cds-YP_009724389.1	TTA	L	TGA	*	3430
NC_045512.2	10554	T	G	11092	10289	38	4	4	25	0.00036049	11096	1	FALSE	ORF1ab:cds-YP_009725295.1	TTA	L	TGA	*	3430
NC_045512.2	10555	A	G	11248	10446	38	3	3	37	0.000266619	11252	0.993544	FALSE	ORF1ab:cds-YP_009724389.1	TTA	L	TTG	L	3430
NC_045512.2	10555	A	G	11248	10446	38	3	3	37	0.000266619	11252	0.993544	FALSE	ORF1ab:cds-YP_009725295.1	TTA	L	TTG	L	3430
NC_045512.2	10555	A	C	11248	10446	38	1	1	25	8.88731e-05	11252	1	FALSE	ORF1ab:cds-YP_009724389.1	TTA	L	TTC	F	3430
NC_045512.2	10555	A	C	11248	10446	38	1	1	25	8.88731e-05	11252	1	FALSE	ORF1ab:cds-YP_009725295.1	TTA	L	TTC	F	3430
NC_045512.2	10556	C	T	11361	10580	38	1	1	37	8.80049e-05	11363	0.999757	FALSE	ORF1ab:cds-YP_009724389.1	CCA	P	TCA	S	3431
NC_045512.2	10556	C	T	11361	10580	38	1	1	37	8.80049e-05	11363	0.999757	FALSE	ORF1ab:cds-YP_009725295.1	CCA	P	TCA	S	3431
NC_045512.2	10556	C	A	11361	10580	38	1	1	37	8.80049e-05	11363	0.999757	FALSE	ORF1ab:cds-YP_009724389.1	CCA	P	ACA	T	3431
NC_045512.2	10556	C	A	11361	10580	38	1	1	37	8.80049e-05	11363	0.999757	FALSE	ORF1ab:cds-YP_009725295.1	CCA	P	ACA	T	3431
NC_045512.2	10557	C	T	11361	10579	38	3	3	45	0.000263945	11366	0.312451	FALSE	ORF1ab:cds-YP_009724389.1	CCA	P	CTA	L	3431
NC_045512.2	10557	C	T	11361	10579	38	3	3	45	0.000263945	11366	0.312451	FALSE	ORF1ab:cds-YP_009725295.1	CCA	P	CTA	L	3431
NC_045512.2	10557	C	A	11361	10579	38	2	2	37	0.000175963	11366	0.998294	FALSE	ORF1ab:cds-YP_009724389.1	CCA	P	CAA	Q	3431
NC_045512.2	10557	C	A	11361	10579	38	2	2	37	0.000175963	11366	0.998294	FALSE	ORF1ab:cds-YP_009725295.1	CCA	P	CAA	Q	3431
NC_045512.2	10559	A	T	10365	9686	38	1	1	25	9.64413e-05	10369	1	FALSE	ORF1ab:cds-YP_009724389.1	ACT	T	TCT	S	3432
NC_045512.2	10559	A	T	10365	9686	38	1	1	25	9.64413e-05	10369	1	FALSE	ORF1ab:cds-YP_009725295.1	ACT	T	TCT	S	3432
NC_045512.2	10559	A	C	10365	9686	38	3	3	25	0.000289324	10369	1	FALSE	ORF1ab:cds-YP_009724389.1	ACT	T	CCT	P	3432
NC_045512.2	10559	A	C	10365	9686	38	3	3	25	0.000289324	10369	1	FALSE	ORF1ab:cds-YP_009725295.1	ACT	T	CCT	P	3432
NC_045512.2	10560	C	T	10644	9984	38	1	0	37	9.3932e-05	10646	0.999513	FALSE	ORF1ab:cds-YP_009724389.1	ACT	T	ATT	I	3432
NC_045512.2	10560	C	T	10644	9984	38	1	0	37	9.3932e-05	10646	0.999513	FALSE	ORF1ab:cds-YP_009725295.1	ACT	T	ATT	I	3432
NC_045512.2	10560	C	G	10644	9984	38	1	1	25	9.3932e-05	10646	1	FALSE	ORF1ab:cds-YP_009724389.1	ACT	T	AGT	S	3432
NC_045512.2	10560	C	G	10644	9984	38	1	1	25	9.3932e-05	10646	1	FALSE	ORF1ab:cds-YP_009725295.1	ACT	T	AGT	S	3432
NC_045512.2	10561	T	G	10498	9911	38	1	1	25	9.52109e-05	10503	1	FALSE	ORF1ab:cds-YP_009724389.1	ACT	T	ACG	T	3432
NC_045512.2	10561	T	G	10498	9911	38	1	1	25	9.52109e-05	10503	1	FALSE	ORF1ab:cds-YP_009725295.1	ACT	T	ACG	T	3432
NC_045512.2	10561	T	C	10498	9911	38	3	3	37	0.000285633	10503	0.988784	FALSE	ORF1ab:cds-YP_009724389.1	ACT	T	ACC	T	3432
NC_045512.2	10561	T	C	10498	9911	38	3	3	37	0.000285633	10503	0.988784	FALSE	ORF1ab:cds-YP_009725295.1	ACT	T	ACC	T	3432
NC_045512.2	10561	T	A	10498	9911	38	1	1	37	9.52109e-05	10503	0.999512	FALSE	ORF1ab:cds-YP_009724389.1	ACT	T	ACA	T	3432
NC_045512.2	10561	T	A	10498	9911	38	1	1	37	9.52109e-05	10503	0.999512	FALSE	ORF1ab:cds-YP_009725295.1	ACT	T	ACA	T	3432
NC_045512.2	10562	G	A	11669	10007	38	1	1	37	8.56898e-05	11670	0.999757	FALSE	ORF1ab:cds-YP_009724389.1	GGA	G	AGA	R	3433
NC_045512.2	10562	G	A	11669	10007	38	1	1	37	8.56898e-05	11670	0.999757	FALSE	ORF1ab:cds-YP_009725295.1	GGA	G	AGA	R	3433
NC_045512.2	10564	A	G	11809	9844	38	5	4	34	0.000423191	11815	0.961643	FALSE	ORF1ab:cds-YP_009724389.1	GGA	G	GGG	G	3433
NC_045512.2	10564	A	G	11809	9844	38	5	4	34	0.000423191	11815	0.961643	FALSE	ORF1ab:cds-YP_009725295.1	GGA	G	GGG	G	3433
NC_045512.2	10564	A	C	11809	9844	38	1	1	25	8.46382e-05	11815	1	FALSE	ORF1ab:cds-YP_009724389.1	GGA	G	GGC	G	3433
NC_045512.2	10564	A	C	11809	9844	38	1	1	25	8.46382e-05	11815	1	FALSE	ORF1ab:cds-YP_009725295.1	GGA	G	GGC	G	3433
NC_045512.2	10565	G	A	11825	9805	37	2	2	37	0.000169105	11827	0.998296	FALSE	ORF1ab:cds-YP_009724389.1	GTT	V	ATT	I	3434
NC_045512.2	10565	G	A	11825	9805	37	2	2	37	0.000169105	11827	0.998296	FALSE	ORF1ab:cds-YP_009725295.1	GTT	V	ATT	I	3434
NC_045512.2	10566	T	C	11455	9529	37	2	1	37	0.000174566	11457	0.998296	FALSE	ORF1ab:cds-YP_009724389.1	GTT	V	GCT	A	3434
NC_045512.2	10566	T	C	11455	9529	37	2	1	37	0.000174566	11457	0.998296	FALSE	ORF1ab:cds-YP_009725295.1	GTT	V	GCT	A	3434
NC_045512.2	10567	T	G	11080	9519	37	387	27	36	0.0337373	11471	5.74263e-101	TRUE	ORF1ab:cds-YP_009724389.1	GTT	V	GTG	V	3434
NC_045512.2	10567	T	G	11080	9519	37	387	27	36	0.0337373	11471	5.74263e-101	TRUE	ORF1ab:cds-YP_009725295.1	GTT	V	GTG	V	3434
NC_045512.2	10567	T	C	11080	9519	37	3	2	36	0.000261529	11471	0.992309	FALSE	ORF1ab:cds-YP_009724389.1	GTT	V	GTC	V	3434
NC_045512.2	10567	T	C	11080	9519	37	3	2	36	0.000261529	11471	0.992309	FALSE	ORF1ab:cds-YP_009725295.1	GTT	V	GTC	V	3434
NC_045512.2	10567	T	A	11080	9519	37	1	0	37	8.71764e-05	11471	0.999701	FALSE	ORF1ab:cds-YP_009724389.1	GTT	V	GTA	V	3434
NC_045512.2	10567	T	A	11080	9519	37	1	0	37	8.71764e-05	11471	0.999701	FALSE	ORF1ab:cds-YP_009725295.1	GTT	V	GTA	V	3434
NC_045512.2	10568	C	T	11533	9665	37	2	1	37	0.00017337	11536	0.998295	FALSE	ORF1ab:cds-YP_009724389.1	CAT	H	TAT	Y	3435
NC_045512.2	10568	C	T	11533	9665	37	2	1	37	0.00017337	11536	0.998295	FALSE	ORF1ab:cds-YP_009725295.1	CAT	H	TAT	Y	3435
NC_045512.2	10568	C	A	11533	9665	37	1	1	37	8.66852e-05	11536	0.999756	FALSE	ORF1ab:cds-YP_009724389.1	CAT	H	AAT	N	3435
NC_045512.2	10568	C	A	11533	9665	37	1	1	37	8.66852e-05	11536	0.999756	FALSE	ORF1ab:cds-YP_009725295.1	CAT	H	AAT	N	3435
NC_045512.2	10569	A	T	11104	9242	37	1	0	37	9.00414e-05	11106	0.999757	FALSE	ORF1ab:cds-YP_009724389.1	CAT	H	CTT	L	3435
NC_045512.2	10569	A	T	11104	9242	37	1	0	37	9.00414e-05	11106	0.999757	FALSE	ORF1ab:cds-YP_009725295.1	CAT	H	CTT	L	3435
NC_045512.2	10569	A	G	11104	9242	37	1	0	37	9.00414e-05	11106	0.999757	FALSE	ORF1ab:cds-YP_009724389.1	CAT	H	CGT	R	3435
NC_045512.2	10569	A	G	11104	9242	37	1	0	37	9.00414e-05	11106	0.999757	FALSE	ORF1ab:cds-YP_009725295.1	CAT	H	CGT	R	3435
NC_045512.2	10570	T	C	11136	9174	37	2	2	55	0.000179565	11138	0.250011	FALSE	ORF1ab:cds-YP_009724389.1	CAT	H	CAC	H	3435
NC_045512.2	10570	T	C	11136	9174	37	2	2	55	0.000179565	11138	0.250011	FALSE	ORF1ab:cds-YP_009725295.1	CAT	H	CAC	H	3435
NC_045512.2	10571	G	T	11202	9235	37	1	1	37	8.92299e-05	11207	0.999756	FALSE	ORF1ab:cds-YP_009724389.1	GCT	A	TCT	S	3436
NC_045512.2	10571	G	T	11202	9235	37	1	1	37	8.92299e-05	11207	0.999756	FALSE	ORF1ab:cds-YP_009725295.1	GCT	A	TCT	S	3436
NC_045512.2	10571	G	A	11202	9235	37	4	1	37	0.00035692	11207	0.982452	FALSE	ORF1ab:cds-YP_009724389.1	GCT	A	ACT	T	3436
NC_045512.2	10571	G	A	11202	9235	37	4	1	37	0.00035692	11207	0.982452	FALSE	ORF1ab:cds-YP_009725295.1	GCT	A	ACT	T	3436
NC_045512.2	10572	C	T	11076	9150	37	17	14	39	0.00153236	11094	0.172311	FALSE	ORF1ab:cds-YP_009724389.1	GCT	A	GTT	V	3436
NC_045512.2	10572	C	T	11076	9150	37	17	14	39	0.00153236	11094	0.172311	FALSE	ORF1ab:cds-YP_009725295.1	GCT	A	GTT	V	3436
NC_045512.2	10572	C	G	11076	9150	37	1	1	37	9.01388e-05	11094	0.999754	FALSE	ORF1ab:cds-YP_009724389.1	GCT	A	GGT	G	3436
NC_045512.2	10572	C	G	11076	9150	37	1	1	37	9.01388e-05	11094	0.999754	FALSE	ORF1ab:cds-YP_009725295.1	GCT	A	GGT	G	3436
NC_045512.2	10573	T	C	10787	8834	37	2	1	37	0.000185374	10789	0.996834	FALSE	ORF1ab:cds-YP_009724389.1	GCT	A	GCC	A	3436
NC_045512.2	10573	T	C	10787	8834	37	2	1	37	0.000185374	10789	0.996834	FALSE	ORF1ab:cds-YP_009725295.1	GCT	A	GCC	A	3436
NC_045512.2	10574	G	T	10969	8823	37	1	1	37	9.10996e-05	10977	0.999511	FALSE	ORF1ab:cds-YP_009724389.1	GGC	G	TGC	C	3437
NC_045512.2	10574	G	T	10969	8823	37	1	1	37	9.10996e-05	10977	0.999511	FALSE	ORF1ab:cds-YP_009725295.1	GGC	G	TGC	C	3437
NC_045512.2	10574	G	C	10969	8823	37	5	0	37	0.000455498	10977	0.940786	FALSE	ORF1ab:cds-YP_009724389.1	GGC	G	CGC	R	3437
NC_045512.2	10574	G	C	10969	8823	37	5	0	37	0.000455498	10977	0.940786	FALSE	ORF1ab:cds-YP_009725295.1	GGC	G	CGC	R	3437
NC_045512.2	10574	G	A	10969	8823	37	2	2	37	0.000182199	10977	0.996825	FALSE	ORF1ab:cds-YP_009724389.1	GGC	G	AGC	S	3437
NC_045512.2	10574	G	A	10969	8823	37	2	2	37	0.000182199	10977	0.996825	FALSE	ORF1ab:cds-YP_009725295.1	GGC	G	AGC	S	3437
NC_045512.2	10575	G	T	10811	8846	36	1	1	25	9.23361e-05	10830	1	FALSE	ORF1ab:cds-YP_009724389.1	GGC	G	GTC	V	3437
NC_045512.2	10575	G	T	10811	8846	36	1	1	25	9.23361e-05	10830	1	FALSE	ORF1ab:cds-YP_009725295.1	GGC	G	GTC	V	3437
NC_045512.2	10575	G	A	10811	8846	36	18	13	36	0.00166205	10830	0.0923244	FALSE	ORF1ab:cds-YP_009724389.1	GGC	G	GAC	D	3437
NC_045512.2	10575	G	A	10811	8846	36	18	13	36	0.00166205	10830	0.0923244	FALSE	ORF1ab:cds-YP_009725295.1	GGC	G	GAC	D	3437
NC_045512.2	10576	C	T	10911	8967	36	9	9	34	0.000824176	10920	0.676342	FALSE	ORF1ab:cds-YP_009724389.1	GGC	G	GGT	G	3437
NC_045512.2	10576	C	T	10911	8967	36	9	9	34	0.000824176	10920	0.676342	FALSE	ORF1ab:cds-YP_009725295.1	GGC	G	GGT	G	3437
NC_045512.2	10577	A	G	10744	8835	36	1	1	37	9.30665e-05	10745	0.999513	FALSE	ORF1ab:cds-YP_009724389.1	ACA	T	GCA	A	3438
NC_045512.2	10577	A	G	10744	8835	36	1	1	37	9.30665e-05	10745	0.999513	FALSE	ORF1ab:cds-YP_009725295.1	ACA	T	GCA	A	3438
NC_045512.2	10578	C	T	10881	8917	36	2	2	37	0.000183756	10884	0.996833	FALSE	ORF1ab:cds-YP_009724389.1	ACA	T	ATA	I	3438
NC_045512.2	10578	C	T	10881	8917	36	2	2	37	0.000183756	10884	0.996833	FALSE	ORF1ab:cds-YP_009725295.1	ACA	T	ATA	I	3438
NC_045512.2	10578	C	G	10881	8917	36	1	1	37	9.1878e-05	10884	0.999513	FALSE	ORF1ab:cds-YP_009724389.1	ACA	T	AGA	R	3438
NC_045512.2	10578	C	G	10881	8917	36	1	1	37	9.1878e-05	10884	0.999513	FALSE	ORF1ab:cds-YP_009725295.1	ACA	T	AGA	R	3438
NC_045512.2	10579	A	T	10331	8428	36	2	2	31	0.000193424	10340	0.996824	FALSE	ORF1ab:cds-YP_009724389.1	ACA	T	ACT	T	3438
NC_045512.2	10579	A	T	10331	8428	36	2	2	31	0.000193424	10340	0.996824	FALSE	ORF1ab:cds-YP_009725295.1	ACA	T	ACT	T	3438
NC_045512.2	10579	A	G	10331	8428	36	5	4	32	0.000483559	10340	0.940765	FALSE	ORF1ab:cds-YP_009724389.1	ACA	T	ACG	T	3438
NC_045512.2	10579	A	G	10331	8428	36	5	4	32	0.000483559	10340	0.940765	FALSE	ORF1ab:cds-YP_009725295.1	ACA	T	ACG	T	3438
NC_045512.2	10579	A	C	10331	8428	36	2	1	37	0.000193424	10340	0.996824	FALSE	ORF1ab:cds-YP_009724389.1	ACA	T	ACC	T	3438
NC_045512.2	10579	A	C	10331	8428	36	2	1	37	0.000193424	10340	0.996824	FALSE	ORF1ab:cds-YP_009725295.1	ACA	T	ACC	T	3438
NC_045512.2	10580	G	T	10649	8385	36	1	1	25	9.38791e-05	10652	1	FALSE	ORF1ab:cds-YP_009724389.1	GAC	D	TAC	Y	3439
NC_045512.2	10580	G	T	10649	8385	36	1	1	25	9.38791e-05	10652	1	FALSE	ORF1ab:cds-YP_009725295.1	GAC	D	TAC	Y	3439
NC_045512.2	10580	G	A	10649	8385	36	2	1	37	0.000187758	10652	0.996833	FALSE	ORF1ab:cds-YP_009724389.1	GAC	D	AAC	N	3439
NC_045512.2	10580	G	A	10649	8385	36	2	1	37	0.000187758	10652	0.996833	FALSE	ORF1ab:cds-YP_009725295.1	GAC	D	AAC	N	3439
NC_045512.2	10581	A	G	10372	8145	36	1	0	37	9.63763e-05	10376	0.999512	FALSE	ORF1ab:cds-YP_009724389.1	GAC	D	GGC	G	3439
NC_045512.2	10581	A	G	10372	8145	36	1	0	37	9.63763e-05	10376	0.999512	FALSE	ORF1ab:cds-YP_009725295.1	GAC	D	GGC	G	3439
NC_045512.2	10581	A	C	10372	8145	36	3	3	29	0.000289129	10376	1	FALSE	ORF1ab:cds-YP_009724389.1	GAC	D	GCC	A	3439
NC_045512.2	10581	A	C	10372	8145	36	3	3	29	0.000289129	10376	1	FALSE	ORF1ab:cds-YP_009725295.1	GAC	D	GCC	A	3439
NC_045512.2	10582	C	A	10652	8329	36	1	0	37	9.38703e-05	10653	0.999513	FALSE	ORF1ab:cds-YP_009724389.1	GAC	D	GAA	E	3439
NC_045512.2	10582	C	A	10652	8329	36	1	0	37	9.38703e-05	10653	0.999513	FALSE	ORF1ab:cds-YP_009725295.1	GAC	D	GAA	E	3439
NC_045512.2	10582	C	-T	10652	8329	36	2	0	20	0.000187741	10653	1	FALSE	NA	NA	NA	NA	NA	NA
NC_045512.2	10583	T	G	9238	6983	36	2	1	31	0.000216286	9247	0.994129	FALSE	ORF1ab:cds-YP_009724389.1	TTA	L	GTA	V	3440
NC_045512.2	10583	T	G	9238	6983	36	2	1	31	0.000216286	9247	0.994129	FALSE	ORF1ab:cds-YP_009725295.1	TTA	L	GTA	V	3440
NC_045512.2	10583	T	C	9238	6983	36	4	1	37	0.000432573	9247	0.953801	FALSE	ORF1ab:cds-YP_009724389.1	TTA	L	CTA	L	3440
NC_045512.2	10583	T	C	9238	6983	36	4	1	37	0.000432573	9247	0.953801	FALSE	ORF1ab:cds-YP_009725295.1	TTA	L	CTA	L	3440
NC_045512.2	10583	T	A	9238	6983	36	3	3	33	0.00032443	9247	0.980682	FALSE	ORF1ab:cds-YP_009724389.1	TTA	L	ATA	I	3440
NC_045512.2	10583	T	A	9238	6983	36	3	3	33	0.00032443	9247	0.980682	FALSE	ORF1ab:cds-YP_009725295.1	TTA	L	ATA	I	3440
NC_045512.2	10584	T	A	2455	228	37	1	0	37	0.000407166	2456	0.875153	FALSE	ORF1ab:cds-YP_009724389.1	TTA	L	TAA	*	3440
NC_045512.2	10584	T	A	2455	228	37	1	0	37	0.000407166	2456	0.875153	FALSE	ORF1ab:cds-YP_009725295.1	TTA	L	TAA	*	3440
NC_045512.2	10587	A	G	2497	231	37	1	0	37	0.00040032	2498	0.87515	FALSE	ORF1ab:cds-YP_009724389.1	GAA	E	GGA	G	3441
NC_045512.2	10587	A	G	2497	231	37	1	0	37	0.00040032	2498	0.87515	FALSE	ORF1ab:cds-YP_009725295.1	GAA	E	GGA	G	3441
NC_045512.2	10589	G	A	2566	225	37	1	1	37	0.00038956	2567	0.875146	FALSE	ORF1ab:cds-YP_009724389.1	GGT	G	AGT	S	3442
NC_045512.2	10589	G	A	2566	225	37	1	1	37	0.00038956	2567	0.875146	FALSE	ORF1ab:cds-YP_009725295.1	GGT	G	AGT	S	3442
NC_045512.2	10590	G	A	2575	230	37	1	0	37	0.000388199	2576	0.875146	FALSE	ORF1ab:cds-YP_009724389.1	GGT	G	GAT	D	3442
NC_045512.2	10590	G	A	2575	230	37	1	0	37	0.000388199	2576	0.875146	FALSE	ORF1ab:cds-YP_009725295.1	GGT	G	GAT	D	3442
NC_045512.2	10591	T	G	2462	238	37	1	0	20	0.000405844	2464	1	FALSE	ORF1ab:cds-YP_009724389.1	GGT	G	GGG	G	3442
NC_045512.2	10591	T	G	2462	238	37	1	0	20	0.000405844	2464	1	FALSE	ORF1ab:cds-YP_009725295.1	GGT	G	GGG	G	3442
NC_045512.2	10591	T	C	2462	238	37	1	0	37	0.000405844	2464	0.875076	FALSE	ORF1ab:cds-YP_009724389.1	GGT	G	GGC	G	3442
NC_045512.2	10591	T	C	2462	238	37	1	0	37	0.000405844	2464	0.875076	FALSE	ORF1ab:cds-YP_009725295.1	GGT	G	GGC	G	3442
NC_045512.2	10592	A	G	2455	247	37	1	0	37	0.000407166	2456	0.875153	FALSE	ORF1ab:cds-YP_009724389.1	AAC	N	GAC	D	3443
NC_045512.2	10592	A	G	2455	247	37	1	0	37	0.000407166	2456	0.875153	FALSE	ORF1ab:cds-YP_009725295.1	AAC	N	GAC	D	3443
NC_045512.2	10593	A	G	2502	252	37	2	0	37	0.000798085	2506	0.687425	FALSE	ORF1ab:cds-YP_009724389.1	AAC	N	AGC	S	3443
NC_045512.2	10593	A	G	2502	252	37	2	0	37	0.000798085	2506	0.687425	FALSE	ORF1ab:cds-YP_009725295.1	AAC	N	AGC	S	3443
NC_045512.2	10593	A	C	2502	252	37	2	0	31	0.000798085	2506	0.687425	FALSE	ORF1ab:cds-YP_009724389.1	AAC	N	ACC	T	3443
NC_045512.2	10593	A	C	2502	252	37	2	0	31	0.000798085	2506	0.687425	FALSE	ORF1ab:cds-YP_009725295.1	AAC	N	ACC	T	3443
NC_045512.2	10595	T	G	2631	260	37	1	0	37	0.000379939	2632	0.875142	FALSE	ORF1ab:cds-YP_009724389.1	TTT	F	GTT	V	3444
NC_045512.2	10595	T	G	2631	260	37	1	0	37	0.000379939	2632	0.875142	FALSE	ORF1ab:cds-YP_009725295.1	TTT	F	GTT	V	3444
NC_045512.2	10596	T	G	2603	284	37	3	0	25	0.00115031	2608	0.999999	FALSE	ORF1ab:cds-YP_009724389.1	TTT	F	TGT	C	3444
NC_045512.2	10596	T	G	2603	284	37	3	0	25	0.00115031	2608	0.999999	FALSE	ORF1ab:cds-YP_009725295.1	TTT	F	TGT	C	3444
NC_045512.2	10596	T	C	2603	284	37	2	1	37	0.000766871	2608	0.687284	FALSE	ORF1ab:cds-YP_009724389.1	TTT	F	TCT	S	3444
NC_045512.2	10596	T	C	2603	284	37	2	1	37	0.000766871	2608	0.687284	FALSE	ORF1ab:cds-YP_009725295.1	TTT	F	TCT	S	3444
NC_045512.2	10598	T	C	2780	297	38	1	0	37	0.000359583	2781	0.875135	FALSE	ORF1ab:cds-YP_009724389.1	TAT	Y	CAT	H	3445
NC_045512.2	10598	T	C	2780	297	38	1	0	37	0.000359583	2781	0.875135	FALSE	ORF1ab:cds-YP_009725295.1	TAT	Y	CAT	H	3445
NC_045512.2	10600	T	C	2798	292	38	1	0	37	0.00035727	2799	0.875134	FALSE	ORF1ab:cds-YP_009724389.1	TAT	Y	TAC	Y	3445
NC_045512.2	10600	T	C	2798	292	38	1	0	37	0.00035727	2799	0.875134	FALSE	ORF1ab:cds-YP_009725295.1	TAT	Y	TAC	Y	3445
NC_045512.2	10601	G	T	2819	290	38	1	0	25	0.00035461	2820	1	FALSE	ORF1ab:cds-YP_009724389.1	GGA	G	TGA	*	3446
NC_045512.2	10601	G	T	2819	290	38	1	0	25	0.00035461	2820	1	FALSE	ORF1ab:cds-YP_009725295.1	GGA	G	TGA	*	3446
NC_045512.2	10603	A	G	2856	299	38	1	1	37	0.000349895	2858	0.875066	FALSE	ORF1ab:cds-YP_009724389.1	GGA	G	GGG	G	3446
NC_045512.2	10603	A	G	2856	299	38	1	1	37	0.000349895	2858	0.875066	FALSE	ORF1ab:cds-YP_009725295.1	GGA	G	GGG	G	3446
NC_045512.2	10603	A	C	2856	299	38	1	0	25	0.000349895	2858	1	FALSE	ORF1ab:cds-YP_009724389.1	GGA	G	GGC	G	3446
NC_045512.2	10603	A	C	2856	299	38	1	0	25	0.000349895	2858	1	FALSE	ORF1ab:cds-YP_009725295.1	GGA	G	GGC	G	3446
NC_045512.2	10605	C	-T	2833	309	38	1	0	20	0.000352983	2833	1	FALSE	NA	NA	NA	NA	NA	NA
NC_045512.2	10606	T	C	2827	301	38	2	0	37	0.000706964	2829	0.687699	FALSE	ORF1ab:cds-YP_009724389.1	CCT	P	CCC	P	3447
NC_045512.2	10606	T	C	2827	301	38	2	0	37	0.000706964	2829	0.687699	FALSE	ORF1ab:cds-YP_009725295.1	CCT	P	CCC	P	3447
NC_045512.2	10610	G	A	2950	327	38	1	0	37	0.000338868	2951	0.875127	FALSE	ORF1ab:cds-YP_009724389.1	GTT	V	ATT	I	3449
NC_045512.2	10610	G	A	2950	327	38	1	0	37	0.000338868	2951	0.875127	FALSE	ORF1ab:cds-YP_009725295.1	GTT	V	ATT	I	3449
NC_045512.2	10612	T	C	2975	342	39	1	0	37	0.000336022	2976	0.875126	FALSE	ORF1ab:cds-YP_009724389.1	GTT	V	GTC	V	3449
NC_045512.2	10612	T	C	2975	342	39	1	0	37	0.000336022	2976	0.875126	FALSE	ORF1ab:cds-YP_009725295.1	GTT	V	GTC	V	3449
NC_045512.2	10613	G	T	2947	345	39	1	0	37	0.000339213	2948	0.875127	FALSE	ORF1ab:cds-YP_009724389.1	GAC	D	TAC	Y	3450
NC_045512.2	10613	G	T	2947	345	39	1	0	37	0.000339213	2948	0.875127	FALSE	ORF1ab:cds-YP_009725295.1	GAC	D	TAC	Y	3450
NC_045512.2	10615	C	T	3022	348	39	1	0	37	0.000330797	3023	0.937603	FALSE	ORF1ab:cds-YP_009724389.1	GAC	D	GAT	D	3450
NC_045512.2	10615	C	T	3022	348	39	1	0	37	0.000330797	3023	0.937603	FALSE	ORF1ab:cds-YP_009725295.1	GAC	D	GAT	D	3450
NC_045512.2	10616	A	C	3011	347	38	1	0	37	0.000332005	3012	0.937604	FALSE	ORF1ab:cds-YP_009724389.1	AGG	R	CGG	R	3451
NC_045512.2	10616	A	C	3011	347	38	1	0	37	0.000332005	3012	0.937604	FALSE	ORF1ab:cds-YP_009725295.1	AGG	R	CGG	R	3451
NC_045512.2	10618	G	T	3096	341	38	1	0	37	0.000322581	3100	0.93748	FALSE	ORF1ab:cds-YP_009724389.1	AGG	R	AGT	S	3451
NC_045512.2	10618	G	T	3096	341	38	1	0	37	0.000322581	3100	0.93748	FALSE	ORF1ab:cds-YP_009725295.1	AGG	R	AGT	S	3451
NC_045512.2	10618	G	C	3096	341	38	1	0	37	0.000322581	3100	0.93748	FALSE	ORF1ab:cds-YP_009724389.1	AGG	R	AGC	S	3451
NC_045512.2	10618	G	C	3096	341	38	1	0	37	0.000322581	3100	0.93748	FALSE	ORF1ab:cds-YP_009725295.1	AGG	R	AGC	S	3451
NC_045512.2	10618	G	A	3096	341	38	2	0	37	0.000645161	3100	0.8125	FALSE	ORF1ab:cds-YP_009724389.1	AGG	R	AGA	R	3451
NC_045512.2	10618	G	A	3096	341	38	2	0	37	0.000645161	3100	0.8125	FALSE	ORF1ab:cds-YP_009725295.1	AGG	R	AGA	R	3451
NC_045512.2	10619	C	T	3115	353	39	1	0	74	0.000320924	3116	0.50008	FALSE	ORF1ab:cds-YP_009724389.1	CAA	Q	TAA	*	3452
NC_045512.2	10619	C	T	3115	353	39	1	0	74	0.000320924	3116	0.50008	FALSE	ORF1ab:cds-YP_009725295.1	CAA	Q	TAA	*	3452
NC_045512.2	10620	A	C	3049	349	38	1	0	37	0.000327869	3050	0.937602	FALSE	ORF1ab:cds-YP_009724389.1	CAA	Q	CCA	P	3452
NC_045512.2	10620	A	C	3049	349	38	1	0	37	0.000327869	3050	0.937602	FALSE	ORF1ab:cds-YP_009725295.1	CAA	Q	CCA	P	3452
NC_045512.2	10621	A	C	3031	347	38	1	0	37	0.000329815	3032	0.937603	FALSE	ORF1ab:cds-YP_009724389.1	CAA	Q	CAC	H	3452
NC_045512.2	10621	A	C	3031	347	38	1	0	37	0.000329815	3032	0.937603	FALSE	ORF1ab:cds-YP_009725295.1	CAA	Q	CAC	H	3452
NC_045512.2	10622	A	G	3065	346	38	1	0	37	0.000326158	3066	0.937602	FALSE	ORF1ab:cds-YP_009724389.1	ACA	T	GCA	A	3453
NC_045512.2	10622	A	G	3065	346	38	1	0	37	0.000326158	3066	0.937602	FALSE	ORF1ab:cds-YP_009725295.1	ACA	T	GCA	A	3453
NC_045512.2	10623	C	T	3205	351	39	2	1	37	0.000623636	3207	0.812695	FALSE	ORF1ab:cds-YP_009724389.1	ACA	T	ATA	I	3453
NC_045512.2	10623	C	T	3205	351	39	2	1	37	0.000623636	3207	0.812695	FALSE	ORF1ab:cds-YP_009725295.1	ACA	T	ATA	I	3453
NC_045512.2	10624	A	G	3214	346	39	1	0	37	0.000311042	3215	0.937597	FALSE	ORF1ab:cds-YP_009724389.1	ACA	T	ACG	T	3453
NC_045512.2	10624	A	G	3214	346	39	1	0	37	0.000311042	3215	0.937597	FALSE	ORF1ab:cds-YP_009725295.1	ACA	T	ACG	T	3453
NC_045512.2	10625	G	A	3276	347	38	4	1	37	0.00121951	3280	0.500167	FALSE	ORF1ab:cds-YP_009724389.1	GCA	A	ACA	T	3454
NC_045512.2	10625	G	A	3276	347	38	4	1	37	0.00121951	3280	0.500167	FALSE	ORF1ab:cds-YP_009725295.1	GCA	A	ACA	T	3454
NC_045512.2	10626	C	T	3257	353	38	7	1	42	0.00214461	3264	0.00779574	TRUE	ORF1ab:cds-YP_009724389.1	GCA	A	GTA	V	3454
NC_045512.2	10626	C	T	3257	353	38	7	1	42	0.00214461	3264	0.00779574	TRUE	ORF1ab:cds-YP_009725295.1	GCA	A	GTA	V	3454
NC_045512.2	10627	A	T	3266	350	39	1	0	37	0.000306091	3267	0.937596	FALSE	ORF1ab:cds-YP_009724389.1	GCA	A	GCT	A	3454
NC_045512.2	10627	A	T	3266	350	39	1	0	37	0.000306091	3267	0.937596	FALSE	ORF1ab:cds-YP_009725295.1	GCA	A	GCT	A	3454
NC_045512.2	10630	A	C	3264	379	39	1	0	25	0.000306279	3265	1	FALSE	ORF1ab:cds-YP_009724389.1	CAA	Q	CAC	H	3455
NC_045512.2	10630	A	C	3264	379	39	1	0	25	0.000306279	3265	1	FALSE	ORF1ab:cds-YP_009725295.1	CAA	Q	CAC	H	3455
NC_045512.2	10631	G	A	3183	390	39	4	1	52	0.0012551	3187	0.0624804	FALSE	ORF1ab:cds-YP_009724389.1	GCA	A	ACA	T	3456
NC_045512.2	10631	G	A	3183	390	39	4	1	52	0.0012551	3187	0.0624804	FALSE	ORF1ab:cds-YP_009725295.1	GCA	A	ACA	T	3456
NC_045512.2	10632	C	T	3348	399	39	2	0	37	0.000597015	3350	0.812687	FALSE	ORF1ab:cds-YP_009724389.1	GCA	A	GTA	V	3456
NC_045512.2	10632	C	T	3348	399	39	2	0	37	0.000597015	3350	0.812687	FALSE	ORF1ab:cds-YP_009725295.1	GCA	A	GTA	V	3456
NC_045512.2	10633	A	G	3370	417	40	2	0	37	0.00059312	3372	0.812685	FALSE	ORF1ab:cds-YP_009724389.1	GCA	A	GCG	A	3456
NC_045512.2	10633	A	G	3370	417	40	2	0	37	0.00059312	3372	0.812685	FALSE	ORF1ab:cds-YP_009725295.1	GCA	A	GCG	A	3456
NC_045512.2	10634	G	C	3390	419	40	1	0	37	0.000294811	3392	0.937555	FALSE	ORF1ab:cds-YP_009724389.1	GCT	A	CCT	P	3457
NC_045512.2	10634	G	C	3390	419	40	1	0	37	0.000294811	3392	0.937555	FALSE	ORF1ab:cds-YP_009725295.1	GCT	A	CCT	P	3457
NC_045512.2	10634	G	A	3390	419	40	1	0	37	0.000294811	3392	0.937555	FALSE	ORF1ab:cds-YP_009724389.1	GCT	A	ACT	T	3457
NC_045512.2	10634	G	A	3390	419	40	1	0	37	0.000294811	3392	0.937555	FALSE	ORF1ab:cds-YP_009725295.1	GCT	A	ACT	T	3457
NC_045512.2	10635	C	T	3364	420	40	2	0	37	0.000594177	3366	0.812686	FALSE	ORF1ab:cds-YP_009724389.1	GCT	A	GTT	V	3457
NC_045512.2	10635	C	T	3364	420	40	2	0	37	0.000594177	3366	0.812686	FALSE	ORF1ab:cds-YP_009725295.1	GCT	A	GTT	V	3457
NC_045512.2	10637	G	A	3512	418	39	1	0	37	0.000284657	3513	0.937589	FALSE	ORF1ab:cds-YP_009724389.1	GGT	G	AGT	S	3458
NC_045512.2	10637	G	A	3512	418	39	1	0	37	0.000284657	3513	0.937589	FALSE	ORF1ab:cds-YP_009725295.1	GGT	G	AGT	S	3458
NC_045512.2	10640	A	G	3427	474	40	1	0	37	0.000291545	3430	0.937518	FALSE	ORF1ab:cds-YP_009724389.1	ACG	T	GCG	A	3459
NC_045512.2	10640	A	G	3427	474	40	1	0	37	0.000291545	3430	0.937518	FALSE	ORF1ab:cds-YP_009725295.1	ACG	T	GCG	A	3459
NC_045512.2	10640	A	C	3427	474	40	2	0	31	0.00058309	3430	0.812591	FALSE	ORF1ab:cds-YP_009724389.1	ACG	T	CCG	P	3459
NC_045512.2	10640	A	C	3427	474	40	2	0	31	0.00058309	3430	0.812591	FALSE	ORF1ab:cds-YP_009725295.1	ACG	T	CCG	P	3459
NC_045512.2	10641	C	T	3541	514	41	6	0	49	0.00169157	3547	0.0156052	FALSE	ORF1ab:cds-YP_009724389.1	ACG	T	ATG	M	3459
NC_045512.2	10641	C	T	3541	514	41	6	0	49	0.00169157	3547	0.0156052	FALSE	ORF1ab:cds-YP_009725295.1	ACG	T	ATG	M	3459
NC_045512.2	10642	G	T	3568	522	40	3	0	37	0.000840101	3571	0.656447	FALSE	ORF1ab:cds-YP_009724389.1	ACG	T	ACT	T	3459
NC_045512.2	10642	G	T	3568	522	40	3	0	37	0.000840101	3571	0.656447	FALSE	ORF1ab:cds-YP_009725295.1	ACG	T	ACT	T	3459
NC_045512.2	10643	G	C	3595	530	41	1	0	37	0.000278009	3597	0.937552	FALSE	ORF1ab:cds-YP_009724389.1	GAC	D	CAC	H	3460
NC_045512.2	10643	G	C	3595	530	41	1	0	37	0.000278009	3597	0.937552	FALSE	ORF1ab:cds-YP_009725295.1	GAC	D	CAC	H	3460
NC_045512.2	10643	G	A	3595	530	41	1	0	37	0.000278009	3597	0.937552	FALSE	ORF1ab:cds-YP_009724389.1	GAC	D	AAC	N	3460
NC_045512.2	10643	G	A	3595	530	41	1	0	37	0.000278009	3597	0.937552	FALSE	ORF1ab:cds-YP_009725295.1	GAC	D	AAC	N	3460
NC_045512.2	10647	C	T	3447	605	40	1	0	37	0.000290023	3448	0.937591	FALSE	ORF1ab:cds-YP_009724389.1	ACA	T	ATA	I	3461
NC_045512.2	10647	C	T	3447	605	40	1	0	37	0.000290023	3448	0.937591	FALSE	ORF1ab:cds-YP_009725295.1	ACA	T	ATA	I	3461
NC_045512.2	10649	A	G	3497	753	41	4	4	37	0.00114188	3503	0.499844	FALSE	ORF1ab:cds-YP_009724389.1	ACT	T	GCT	A	3462
NC_045512.2	10649	A	G	3497	753	41	4	4	37	0.00114188	3503	0.499844	FALSE	ORF1ab:cds-YP_009725295.1	ACT	T	GCT	A	3462
NC_045512.2	10649	A	C	3497	753	41	2	2	31	0.000570939	3503	0.812321	FALSE	ORF1ab:cds-YP_009724389.1	ACT	T	CCT	P	3462
NC_045512.2	10649	A	C	3497	753	41	2	2	31	0.000570939	3503	0.812321	FALSE	ORF1ab:cds-YP_009725295.1	ACT	T	CCT	P	3462
NC_045512.2	10651	T	C	3846	821	40	2	0	37	0.000519751	3848	0.812662	FALSE	ORF1ab:cds-YP_009724389.1	ACT	T	ACC	T	3462
NC_045512.2	10651	T	C	3846	821	40	2	0	37	0.000519751	3848	0.812662	FALSE	ORF1ab:cds-YP_009725295.1	ACT	T	ACC	T	3462
NC_045512.2	10652	A	G	3819	811	40	2	1	37	0.000523286	3822	0.812582	FALSE	ORF1ab:cds-YP_009724389.1	ATT	I	GTT	V	3463
NC_045512.2	10652	A	G	3819	811	40	2	1	37	0.000523286	3822	0.812582	FALSE	ORF1ab:cds-YP_009725295.1	ATT	I	GTT	V	3463
NC_045512.2	10652	A	C	3819	811	40	1	0	29	0.000261643	3822	1	FALSE	ORF1ab:cds-YP_009724389.1	ATT	I	CTT	L	3463
NC_045512.2	10652	A	C	3819	811	40	1	0	29	0.000261643	3822	1	FALSE	ORF1ab:cds-YP_009725295.1	ATT	I	CTT	L	3463
NC_045512.2	10654	T	C	3870	818	40	1	0	37	0.000258198	3873	0.937516	FALSE	ORF1ab:cds-YP_009724389.1	ATT	I	ATC	I	3463
NC_045512.2	10654	T	C	3870	818	40	1	0	37	0.000258198	3873	0.937516	FALSE	ORF1ab:cds-YP_009725295.1	ATT	I	ATC	I	3463
NC_045512.2	10654	T	A	3870	818	40	2	0	37	0.000516396	3873	0.812581	FALSE	ORF1ab:cds-YP_009724389.1	ATT	I	ATA	I	3463
NC_045512.2	10654	T	A	3870	818	40	2	0	37	0.000516396	3873	0.812581	FALSE	ORF1ab:cds-YP_009725295.1	ATT	I	ATA	I	3463
NC_045512.2	10655	A	G	3864	825	40	1	0	37	0.000258665	3866	0.937549	FALSE	ORF1ab:cds-YP_009724389.1	ACA	T	GCA	A	3464
NC_045512.2	10655	A	G	3864	825	40	1	0	37	0.000258665	3866	0.937549	FALSE	ORF1ab:cds-YP_009725295.1	ACA	T	GCA	A	3464
NC_045512.2	10655	A	C	3864	825	40	1	0	29	0.000258665	3866	1	FALSE	ORF1ab:cds-YP_009724389.1	ACA	T	CCA	P	3464
NC_045512.2	10655	A	C	3864	825	40	1	0	29	0.000258665	3866	1	FALSE	ORF1ab:cds-YP_009725295.1	ACA	T	CCA	P	3464
NC_045512.2	10657	A	C	3871	827	40	1	1	37	0.000258264	3872	0.937581	FALSE	ORF1ab:cds-YP_009724389.1	ACA	T	ACC	T	3464
NC_045512.2	10657	A	C	3871	827	40	1	1	37	0.000258264	3872	0.937581	FALSE	ORF1ab:cds-YP_009725295.1	ACA	T	ACC	T	3464
NC_045512.2	10659	T	G	3678	802	39	1	0	25	0.000271518	3683	1	FALSE	ORF1ab:cds-YP_009724389.1	GTT	V	GGT	G	3465
NC_045512.2	10659	T	G	3678	802	39	1	0	25	0.000271518	3683	1	FALSE	ORF1ab:cds-YP_009725295.1	GTT	V	GGT	G	3465
NC_045512.2	10659	T	C	3678	802	39	3	0	37	0.000814553	3683	0.656186	FALSE	ORF1ab:cds-YP_009724389.1	GTT	V	GCT	A	3465
NC_045512.2	10659	T	C	3678	802	39	3	0	37	0.000814553	3683	0.656186	FALSE	ORF1ab:cds-YP_009725295.1	GTT	V	GCT	A	3465
NC_045512.2	10659	T	A	3678	802	39	1	0	25	0.000271518	3683	1	FALSE	ORF1ab:cds-YP_009724389.1	GTT	V	GAT	D	3465
NC_045512.2	10659	T	A	3678	802	39	1	0	25	0.000271518	3683	1	FALSE	ORF1ab:cds-YP_009725295.1	GTT	V	GAT	D	3465
NC_045512.2	10660	T	G	3786	825	39	2	0	25	0.000527704	3790	1	FALSE	ORF1ab:cds-YP_009724389.1	GTT	V	GTG	V	3465
NC_045512.2	10660	T	G	3786	825	39	2	0	25	0.000527704	3790	1	FALSE	ORF1ab:cds-YP_009725295.1	GTT	V	GTG	V	3465
NC_045512.2	10660	T	C	3786	825	39	2	1	31	0.000527704	3790	0.8125	FALSE	ORF1ab:cds-YP_009724389.1	GTT	V	GTC	V	3465
NC_045512.2	10660	T	C	3786	825	39	2	1	31	0.000527704	3790	0.8125	FALSE	ORF1ab:cds-YP_009725295.1	GTT	V	GTC	V	3465
NC_045512.2	10661	A	T	3715	825	39	1	1	25	0.000269107	3716	1	FALSE	ORF1ab:cds-YP_009724389.1	AAT	N	TAT	Y	3466
NC_045512.2	10661	A	T	3715	825	39	1	1	25	0.000269107	3716	1	FALSE	ORF1ab:cds-YP_009725295.1	AAT	N	TAT	Y	3466
NC_045512.2	10663	T	G	3643	875	39	1	0	29	0.000274424	3644	1	FALSE	ORF1ab:cds-YP_009724389.1	AAT	N	AAG	K	3466
NC_045512.2	10663	T	G	3643	875	39	1	0	29	0.000274424	3644	1	FALSE	ORF1ab:cds-YP_009725295.1	AAT	N	AAG	K	3466
NC_045512.2	10664	G	-T	3702	894	39	1	0	20	0.000270124	3702	1	FALSE	NA	NA	NA	NA	NA	NA
NC_045512.2	10665	T	G	3508	864	38	1	0	25	0.0002849	3510	1	FALSE	ORF1ab:cds-YP_009724389.1	GTT	V	GGT	G	3467
NC_045512.2	10665	T	G	3508	864	38	1	0	25	0.0002849	3510	1	FALSE	ORF1ab:cds-YP_009725295.1	GTT	V	GGT	G	3467
NC_045512.2	10665	T	C	3508	864	38	1	0	37	0.0002849	3510	0.937518	FALSE	ORF1ab:cds-YP_009724389.1	GTT	V	GCT	A	3467
NC_045512.2	10665	T	C	3508	864	38	1	0	37	0.0002849	3510	0.937518	FALSE	ORF1ab:cds-YP_009725295.1	GTT	V	GCT	A	3467
NC_045512.2	10666	T	C	3543	907	38	2	0	31	0.000563857	3547	0.8125	FALSE	ORF1ab:cds-YP_009724389.1	GTT	V	GTC	V	3467
NC_045512.2	10666	T	C	3543	907	38	2	0	31	0.000563857	3547	0.8125	FALSE	ORF1ab:cds-YP_009725295.1	GTT	V	GTC	V	3467
NC_045512.2	10666	T	A	3543	907	38	2	0	31	0.000563857	3547	0.8125	FALSE	ORF1ab:cds-YP_009724389.1	GTT	V	GTA	V	3467
NC_045512.2	10666	T	A	3543	907	38	2	0	31	0.000563857	3547	0.8125	FALSE	ORF1ab:cds-YP_009725295.1	GTT	V	GTA	V	3467
NC_045512.2	10669	A	G	3646	909	39	2	0	37	0.000548095	3649	0.812586	FALSE	ORF1ab:cds-YP_009724389.1	TTA	L	TTG	L	3468
NC_045512.2	10669	A	G	3646	909	39	2	0	37	0.000548095	3649	0.812586	FALSE	ORF1ab:cds-YP_009725295.1	TTA	L	TTG	L	3468
NC_045512.2	10669	A	C	3646	909	39	1	0	25	0.000274048	3649	1	FALSE	ORF1ab:cds-YP_009724389.1	TTA	L	TTC	F	3468
NC_045512.2	10669	A	C	3646	909	39	1	0	25	0.000274048	3649	1	FALSE	ORF1ab:cds-YP_009725295.1	TTA	L	TTC	F	3468
NC_045512.2	10671	C	T	3580	997	39	2	1	37	0.000558347	3582	0.812675	FALSE	ORF1ab:cds-YP_009724389.1	GCT	A	GTT	V	3469
NC_045512.2	10671	C	T	3580	997	39	2	1	37	0.000558347	3582	0.812675	FALSE	ORF1ab:cds-YP_009725295.1	GCT	A	GTT	V	3469
NC_045512.2	10672	T	G	3509	995	39	2	1	31	0.000569638	3511	0.812678	FALSE	ORF1ab:cds-YP_009724389.1	GCT	A	GCG	A	3469
NC_045512.2	10672	T	G	3509	995	39	2	1	31	0.000569638	3511	0.812678	FALSE	ORF1ab:cds-YP_009725295.1	GCT	A	GCG	A	3469
NC_045512.2	10673	T	A	3605	1005	39	1	0	37	0.000277316	3606	0.937587	FALSE	ORF1ab:cds-YP_009724389.1	TGG	W	AGG	R	3470
NC_045512.2	10673	T	A	3605	1005	39	1	0	37	0.000277316	3606	0.937587	FALSE	ORF1ab:cds-YP_009725295.1	TGG	W	AGG	R	3470
NC_045512.2	10675	G	A	3877	1130	39	1	1	74	0.000257865	3878	0.500064	FALSE	ORF1ab:cds-YP_009724389.1	TGG	W	TGA	*	3470
NC_045512.2	10675	G	A	3877	1130	39	1	1	74	0.000257865	3878	0.500064	FALSE	ORF1ab:cds-YP_009725295.1	TGG	W	TGA	*	3470
NC_045512.2	10676	T	G	3764	1155	39	1	0	25	0.000265534	3766	1	FALSE	ORF1ab:cds-YP_009724389.1	TTG	L	GTG	V	3471
NC_045512.2	10676	T	G	3764	1155	39	1	0	25	0.000265534	3766	1	FALSE	ORF1ab:cds-YP_009725295.1	TTG	L	GTG	V	3471
NC_045512.2	10676	T	C	3764	1155	39	1	0	37	0.000265534	3766	0.93755	FALSE	ORF1ab:cds-YP_009724389.1	TTG	L	CTG	L	3471
NC_045512.2	10676	T	C	3764	1155	39	1	0	37	0.000265534	3766	0.93755	FALSE	ORF1ab:cds-YP_009725295.1	TTG	L	CTG	L	3471
NC_045512.2	10678	G	A	3932	1159	39	1	0	37	0.000254259	3933	0.937579	FALSE	ORF1ab:cds-YP_009724389.1	TTG	L	TTA	L	3471
NC_045512.2	10678	G	A	3932	1159	39	1	0	37	0.000254259	3933	0.937579	FALSE	ORF1ab:cds-YP_009725295.1	TTG	L	TTA	L	3471
NC_045512.2	10680	A	G	3924	1150	39	1	0	37	0.000254777	3925	0.93758	FALSE	ORF1ab:cds-YP_009724389.1	TAC	Y	TGC	C	3472
NC_045512.2	10680	A	G	3924	1150	39	1	0	37	0.000254777	3925	0.93758	FALSE	ORF1ab:cds-YP_009725295.1	TAC	Y	TGC	C	3472
NC_045512.2	10682	G	A	3639	1174	38	4	0	46	0.001098	3643	0.0624828	FALSE	ORF1ab:cds-YP_009724389.1	GCT	A	ACT	T	3473
NC_045512.2	10682	G	A	3639	1174	38	4	0	46	0.001098	3643	0.0624828	FALSE	ORF1ab:cds-YP_009725295.1	GCT	A	ACT	T	3473
NC_045512.2	10683	C	T	3612	1249	38	2	0	37	0.000553403	3614	0.812673	FALSE	ORF1ab:cds-YP_009724389.1	GCT	A	GTT	V	3473
NC_045512.2	10683	C	T	3612	1249	38	2	0	37	0.000553403	3614	0.812673	FALSE	ORF1ab:cds-YP_009725295.1	GCT	A	GTT	V	3473
NC_045512.2	10684	T	C	3648	1320	39	1	0	37	0.000274048	3649	0.937586	FALSE	ORF1ab:cds-YP_009724389.1	GCT	A	GCC	A	3473
NC_045512.2	10684	T	C	3648	1320	39	1	0	37	0.000274048	3649	0.937586	FALSE	ORF1ab:cds-YP_009725295.1	GCT	A	GCC	A	3473
NC_045512.2	10685	G	T	3671	1310	39	1	1	25	0.000272257	3673	1	FALSE	ORF1ab:cds-YP_009724389.1	GCT	A	TCT	S	3474
NC_045512.2	10685	G	T	3671	1310	39	1	1	25	0.000272257	3673	1	FALSE	ORF1ab:cds-YP_009725295.1	GCT	A	TCT	S	3474
NC_045512.2	10685	G	A	3671	1310	39	1	0	37	0.000272257	3673	0.937551	FALSE	ORF1ab:cds-YP_009724389.1	GCT	A	ACT	T	3474
NC_045512.2	10685	G	A	3671	1310	39	1	0	37	0.000272257	3673	0.937551	FALSE	ORF1ab:cds-YP_009725295.1	GCT	A	ACT	T	3474
NC_045512.2	10686	C	T	3644	1312	39	3	0	33	0.000822368	3648	0.656314	FALSE	ORF1ab:cds-YP_009724389.1	GCT	A	GTT	V	3474
NC_045512.2	10686	C	T	3644	1312	39	3	0	33	0.000822368	3648	0.656314	FALSE	ORF1ab:cds-YP_009725295.1	GCT	A	GTT	V	3474
NC_045512.2	10686	C	A	3644	1312	39	1	0	29	0.000274123	3648	1	FALSE	ORF1ab:cds-YP_009724389.1	GCT	A	GAT	D	3474
NC_045512.2	10686	C	A	3644	1312	39	1	0	29	0.000274123	3648	1	FALSE	ORF1ab:cds-YP_009725295.1	GCT	A	GAT	D	3474
NC_045512.2	10687	T	C	3668	1325	39	1	0	37	0.000272554	3669	0.937585	FALSE	ORF1ab:cds-YP_009724389.1	GCT	A	GCC	A	3474
NC_045512.2	10687	T	C	3668	1325	39	1	0	37	0.000272554	3669	0.937585	FALSE	ORF1ab:cds-YP_009725295.1	GCT	A	GCC	A	3474
NC_045512.2	10688	G	A	3769	1309	39	1	0	37	0.000265252	3770	0.937583	FALSE	ORF1ab:cds-YP_009724389.1	GTT	V	ATT	I	3475
NC_045512.2	10688	G	A	3769	1309	39	1	0	37	0.000265252	3770	0.937583	FALSE	ORF1ab:cds-YP_009725295.1	GTT	V	ATT	I	3475
NC_045512.2	10689	T	C	3741	1440	39	1	1	37	0.000267165	3743	0.93755	FALSE	ORF1ab:cds-YP_009724389.1	GTT	V	GCT	A	3475
NC_045512.2	10689	T	C	3741	1440	39	1	1	37	0.000267165	3743	0.93755	FALSE	ORF1ab:cds-YP_009725295.1	GTT	V	GCT	A	3475
NC_045512.2	10689	T	A	3741	1440	39	1	0	37	0.000267165	3743	0.93755	FALSE	ORF1ab:cds-YP_009724389.1	GTT	V	GAT	D	3475
NC_045512.2	10689	T	A	3741	1440	39	1	0	37	0.000267165	3743	0.93755	FALSE	ORF1ab:cds-YP_009725295.1	GTT	V	GAT	D	3475
NC_045512.2	10691	A	C	3857	1503	39	2	0	25	0.000518269	3859	1	FALSE	ORF1ab:cds-YP_009724389.1	ATA	I	CTA	L	3476
NC_045512.2	10691	A	C	3857	1503	39	2	0	25	0.000518269	3859	1	FALSE	ORF1ab:cds-YP_009725295.1	ATA	I	CTA	L	3476
NC_045512.2	10693	A	C	3830	1452	39	1	1	25	0.000261028	3831	1	FALSE	ORF1ab:cds-YP_009724389.1	ATA	I	ATC	I	3476
NC_045512.2	10693	A	C	3830	1452	39	1	1	25	0.000261028	3831	1	FALSE	ORF1ab:cds-YP_009725295.1	ATA	I	ATC	I	3476
NC_045512.2	10694	A	C	3788	1413	39	5	4	27	0.00131822	3793	1	FALSE	ORF1ab:cds-YP_009724389.1	AAT	N	CAT	H	3477
NC_045512.2	10694	A	C	3788	1413	39	5	4	27	0.00131822	3793	1	FALSE	ORF1ab:cds-YP_009725295.1	AAT	N	CAT	H	3477
NC_045512.2	10695	A	C	3648	1386	38	1	1	25	0.000274048	3649	1	FALSE	ORF1ab:cds-YP_009724389.1	AAT	N	ACT	T	3477
NC_045512.2	10695	A	C	3648	1386	38	1	1	25	0.000274048	3649	1	FALSE	ORF1ab:cds-YP_009725295.1	AAT	N	ACT	T	3477
NC_045512.2	10696	T	G	3784	1513	39	2	1	31	0.000528262	3786	0.812665	FALSE	ORF1ab:cds-YP_009724389.1	AAT	N	AAG	K	3477
NC_045512.2	10696	T	G	3784	1513	39	2	1	31	0.000528262	3786	0.812665	FALSE	ORF1ab:cds-YP_009725295.1	AAT	N	AAG	K	3477
NC_045512.2	10698	G	T	3770	1532	39	1	0	25	0.000265182	3771	1	FALSE	ORF1ab:cds-YP_009724389.1	GGA	G	GTA	V	3478
NC_045512.2	10698	G	T	3770	1532	39	1	0	25	0.000265182	3771	1	FALSE	ORF1ab:cds-YP_009725295.1	GGA	G	GTA	V	3478
NC_045512.2	10700	G	T	3792	1549	39	2	0	37	0.00052687	3796	0.8125	FALSE	ORF1ab:cds-YP_009724389.1	GAC	D	TAC	Y	3479
NC_045512.2	10700	G	T	3792	1549	39	2	0	37	0.00052687	3796	0.8125	FALSE	ORF1ab:cds-YP_009725295.1	GAC	D	TAC	Y	3479
NC_045512.2	10700	G	C	3792	1549	39	1	0	37	0.000263435	3796	0.937484	FALSE	ORF1ab:cds-YP_009724389.1	GAC	D	CAC	H	3479
NC_045512.2	10700	G	C	3792	1549	39	1	0	37	0.000263435	3796	0.937484	FALSE	ORF1ab:cds-YP_009725295.1	GAC	D	CAC	H	3479
NC_045512.2	10700	G	A	3792	1549	39	1	0	37	0.000263435	3796	0.937484	FALSE	ORF1ab:cds-YP_009724389.1	GAC	D	AAC	N	3479
NC_045512.2	10700	G	A	3792	1549	39	1	0	37	0.000263435	3796	0.937484	FALSE	ORF1ab:cds-YP_009725295.1	GAC	D	AAC	N	3479
NC_045512.2	10701	A	G	3791	1520	39	1	1	37	0.000263713	3792	0.937582	FALSE	ORF1ab:cds-YP_009724389.1	GAC	D	GGC	G	3479
NC_045512.2	10701	A	G	3791	1520	39	1	1	37	0.000263713	3792	0.937582	FALSE	ORF1ab:cds-YP_009725295.1	GAC	D	GGC	G	3479
NC_045512.2	10702	C	T	3860	1570	39	1	0	37	0.000258933	3862	0.937549	FALSE	ORF1ab:cds-YP_009724389.1	GAC	D	GAT	D	3479
NC_045512.2	10702	C	T	3860	1570	39	1	0	37	0.000258933	3862	0.937549	FALSE	ORF1ab:cds-YP_009725295.1	GAC	D	GAT	D	3479
NC_045512.2	10702	C	A	3860	1570	39	1	1	29	0.000258933	3862	1	FALSE	ORF1ab:cds-YP_009724389.1	GAC	D	GAA	E	3479
NC_045512.2	10702	C	A	3860	1570	39	1	1	29	0.000258933	3862	1	FALSE	ORF1ab:cds-YP_009725295.1	GAC	D	GAA	E	3479
NC_045512.2	10703	A	T	3826	1566	39	1	1	37	0.000261233	3828	0.937549	FALSE	ORF1ab:cds-YP_009724389.1	AGG	R	TGG	W	3480
NC_045512.2	10703	A	T	3826	1566	39	1	1	37	0.000261233	3828	0.937549	FALSE	ORF1ab:cds-YP_009725295.1	AGG	R	TGG	W	3480
NC_045512.2	10703	A	G	3826	1566	39	1	0	37	0.000261233	3828	0.937549	FALSE	ORF1ab:cds-YP_009724389.1	AGG	R	GGG	G	3480
NC_045512.2	10703	A	G	3826	1566	39	1	0	37	0.000261233	3828	0.937549	FALSE	ORF1ab:cds-YP_009725295.1	AGG	R	GGG	G	3480
NC_045512.2	10705	G	A	3854	1586	39	3	0	40	0.000777807	3857	0.125	FALSE	ORF1ab:cds-YP_009724389.1	AGG	R	AGA	R	3480
NC_045512.2	10705	G	A	3854	1586	39	3	0	40	0.000777807	3857	0.125	FALSE	ORF1ab:cds-YP_009725295.1	AGG	R	AGA	R	3480
NC_045512.2	10706	T	C	3865	1591	39	1	1	37	0.000258665	3866	0.937581	FALSE	ORF1ab:cds-YP_009724389.1	TGG	W	CGG	R	3481
NC_045512.2	10706	T	C	3865	1591	39	1	1	37	0.000258665	3866	0.937581	FALSE	ORF1ab:cds-YP_009725295.1	TGG	W	CGG	R	3481
NC_045512.2	10709	T	C	3891	1728	39	1	0	37	0.000256937	3892	0.93758	FALSE	ORF1ab:cds-YP_009724389.1	TTT	F	CTT	L	3482
NC_045512.2	10709	T	C	3891	1728	39	1	0	37	0.000256937	3892	0.93758	FALSE	ORF1ab:cds-YP_009725295.1	TTT	F	CTT	L	3482
NC_045512.2	10712	C	A	3952	1775	40	1	0	37	0.000252972	3953	0.937579	FALSE	ORF1ab:cds-YP_009724389.1	CTC	L	ATC	I	3483
NC_045512.2	10712	C	A	3952	1775	40	1	0	37	0.000252972	3953	0.937579	FALSE	ORF1ab:cds-YP_009725295.1	CTC	L	ATC	I	3483
NC_045512.2	10715	A	T	3827	1785	39	1	0	37	0.000261028	3831	0.937484	FALSE	ORF1ab:cds-YP_009724389.1	AAT	N	TAT	Y	3484
NC_045512.2	10715	A	T	3827	1785	39	1	0	37	0.000261028	3831	0.937484	FALSE	ORF1ab:cds-YP_009725295.1	AAT	N	TAT	Y	3484
NC_045512.2	10715	A	G	3827	1785	39	1	0	37	0.000261028	3831	0.937484	FALSE	ORF1ab:cds-YP_009724389.1	AAT	N	GAT	D	3484
NC_045512.2	10715	A	G	3827	1785	39	1	0	37	0.000261028	3831	0.937484	FALSE	ORF1ab:cds-YP_009725295.1	AAT	N	GAT	D	3484
NC_045512.2	10715	A	C	3827	1785	39	2	0	31	0.000522057	3831	0.8125	FALSE	ORF1ab:cds-YP_009724389.1	AAT	N	CAT	H	3484
NC_045512.2	10715	A	C	3827	1785	39	2	0	31	0.000522057	3831	0.8125	FALSE	ORF1ab:cds-YP_009725295.1	AAT	N	CAT	H	3484
NC_045512.2	10716	A	G	3791	1749	39	1	1	37	0.000263644	3793	0.937549	FALSE	ORF1ab:cds-YP_009724389.1	AAT	N	AGT	S	3484
NC_045512.2	10716	A	G	3791	1749	39	1	1	37	0.000263644	3793	0.937549	FALSE	ORF1ab:cds-YP_009725295.1	AAT	N	AGT	S	3484
NC_045512.2	10716	A	C	3791	1749	39	1	1	29	0.000263644	3793	1	FALSE	ORF1ab:cds-YP_009724389.1	AAT	N	ACT	T	3484
NC_045512.2	10716	A	C	3791	1749	39	1	1	29	0.000263644	3793	1	FALSE	ORF1ab:cds-YP_009725295.1	AAT	N	ACT	T	3484
NC_045512.2	10717	T	G	3803	1808	39	1	0	29	0.000262881	3804	1	FALSE	ORF1ab:cds-YP_009724389.1	AAT	N	AAG	K	3484
NC_045512.2	10717	T	G	3803	1808	39	1	0	29	0.000262881	3804	1	FALSE	ORF1ab:cds-YP_009725295.1	AAT	N	AAG	K	3484
NC_045512.2	10718	C	T	3830	1813	39	1	1	74	0.000261028	3831	0.500065	FALSE	ORF1ab:cds-YP_009724389.1	CGA	R	TGA	*	3485
NC_045512.2	10718	C	T	3830	1813	39	1	1	74	0.000261028	3831	0.500065	FALSE	ORF1ab:cds-YP_009725295.1	CGA	R	TGA	*	3485
NC_045512.2	10719	G	A	3827	1822	39	1	1	37	0.000261233	3828	0.937582	FALSE	ORF1ab:cds-YP_009724389.1	CGA	R	CAA	Q	3485
NC_045512.2	10719	G	A	3827	1822	39	1	1	37	0.000261233	3828	0.937582	FALSE	ORF1ab:cds-YP_009725295.1	CGA	R	CAA	Q	3485
NC_045512.2	10721	T	C	3805	1819	39	1	1	37	0.000262743	3806	0.937582	FALSE	ORF1ab:cds-YP_009724389.1	TTT	F	CTT	L	3486
NC_045512.2	10721	T	C	3805	1819	39	1	1	37	0.000262743	3806	0.937582	FALSE	ORF1ab:cds-YP_009725295.1	TTT	F	CTT	L	3486
NC_045512.2	10722	T	G	3808	1758	39	1	1	25	0.000262467	3810	1	FALSE	ORF1ab:cds-YP_009724389.1	TTT	F	TGT	C	3486
NC_045512.2	10722	T	G	3808	1758	39	1	1	25	0.000262467	3810	1	FALSE	ORF1ab:cds-YP_009725295.1	TTT	F	TGT	C	3486
NC_045512.2	10722	T	C	3808	1758	39	1	1	25	0.000262467	3810	1	FALSE	ORF1ab:cds-YP_009724389.1	TTT	F	TCT	S	3486
NC_045512.2	10722	T	C	3808	1758	39	1	1	25	0.000262467	3810	1	FALSE	ORF1ab:cds-YP_009725295.1	TTT	F	TCT	S	3486
NC_045512.2	10723	T	G	3884	1806	39	1	1	29	0.000257334	3886	1	FALSE	ORF1ab:cds-YP_009724389.1	TTT	F	TTG	L	3486
NC_045512.2	10723	T	G	3884	1806	39	1	1	29	0.000257334	3886	1	FALSE	ORF1ab:cds-YP_009725295.1	TTT	F	TTG	L	3486
NC_045512.2	10723	T	A	3884	1806	39	1	0	29	0.000257334	3886	1	FALSE	ORF1ab:cds-YP_009724389.1	TTT	F	TTA	L	3486
NC_045512.2	10723	T	A	3884	1806	39	1	0	29	0.000257334	3886	1	FALSE	ORF1ab:cds-YP_009725295.1	TTT	F	TTA	L	3486
NC_045512.2	10724	A	T	3843	1828	39	1	1	25	0.000260078	3845	1	FALSE	ORF1ab:cds-YP_009724389.1	ACC	T	TCC	S	3487
NC_045512.2	10724	A	T	3843	1828	39	1	1	25	0.000260078	3845	1	FALSE	ORF1ab:cds-YP_009725295.1	ACC	T	TCC	S	3487
NC_045512.2	10724	A	C	3843	1828	39	1	1	25	0.000260078	3845	1	FALSE	ORF1ab:cds-YP_009724389.1	ACC	T	CCC	P	3487
NC_045512.2	10724	A	C	3843	1828	39	1	1	25	0.000260078	3845	1	FALSE	ORF1ab:cds-YP_009725295.1	ACC	T	CCC	P	3487
NC_045512.2	10725	C	A	3904	1881	39	1	1	25	0.000256082	3905	1	FALSE	ORF1ab:cds-YP_009724389.1	ACC	T	AAC	N	3487
NC_045512.2	10725	C	A	3904	1881	39	1	1	25	0.000256082	3905	1	FALSE	ORF1ab:cds-YP_009725295.1	ACC	T	AAC	N	3487
NC_045512.2	10726	C	T	3867	1896	39	1	1	37	0.000258465	3869	0.937548	FALSE	ORF1ab:cds-YP_009724389.1	ACC	T	ACT	T	3487
NC_045512.2	10726	C	T	3867	1896	39	1	1	37	0.000258465	3869	0.937548	FALSE	ORF1ab:cds-YP_009725295.1	ACC	T	ACT	T	3487
NC_045512.2	10726	C	A	3867	1896	39	1	1	37	0.000258465	3869	0.937548	FALSE	ORF1ab:cds-YP_009724389.1	ACC	T	ACA	T	3487
NC_045512.2	10726	C	A	3867	1896	39	1	1	37	0.000258465	3869	0.937548	FALSE	ORF1ab:cds-YP_009725295.1	ACC	T	ACA	T	3487
NC_045512.2	10727	A	C	3882	1859	39	1	1	25	0.000257533	3883	1	FALSE	ORF1ab:cds-YP_009724389.1	ACA	T	CCA	P	3488
NC_045512.2	10727	A	C	3882	1859	39	1	1	25	0.000257533	3883	1	FALSE	ORF1ab:cds-YP_009725295.1	ACA	T	CCA	P	3488
NC_045512.2	10729	A	T	3804	1808	39	1	0	37	0.000262743	3806	0.937549	FALSE	ORF1ab:cds-YP_009724389.1	ACA	T	ACT	T	3488
NC_045512.2	10729	A	T	3804	1808	39	1	0	37	0.000262743	3806	0.937549	FALSE	ORF1ab:cds-YP_009725295.1	ACA	T	ACT	T	3488
NC_045512.2	10729	A	G	3804	1808	39	1	0	37	0.000262743	3806	0.937549	FALSE	ORF1ab:cds-YP_009724389.1	ACA	T	ACG	T	3488
NC_045512.2	10729	A	G	3804	1808	39	1	0	37	0.000262743	3806	0.937549	FALSE	ORF1ab:cds-YP_009725295.1	ACA	T	ACG	T	3488
NC_045512.2	10734	T	C	3932	1827	39	1	0	37	0.000254259	3933	0.937579	FALSE	ORF1ab:cds-YP_009724389.1	CTT	L	CCT	P	3490
NC_045512.2	10734	T	C	3932	1827	39	1	0	37	0.000254259	3933	0.937579	FALSE	ORF1ab:cds-YP_009725295.1	CTT	L	CCT	P	3490
NC_045512.2	10735	T	A	3943	1879	39	1	0	25	0.00025355	3944	1	FALSE	ORF1ab:cds-YP_009724389.1	CTT	L	CTA	L	3490
NC_045512.2	10735	T	A	3943	1879	39	1	0	25	0.00025355	3944	1	FALSE	ORF1ab:cds-YP_009725295.1	CTT	L	CTA	L	3490
NC_045512.2	10736	A	G	3946	1871	39	3	2	49	0.000759686	3949	0.125	FALSE	ORF1ab:cds-YP_009724389.1	AAT	N	GAT	D	3491
NC_045512.2	10736	A	G	3946	1871	39	3	2	49	0.000759686	3949	0.125	FALSE	ORF1ab:cds-YP_009725295.1	AAT	N	GAT	D	3491
NC_045512.2	10737	A	G	3860	1829	39	2	2	37	0.000517866	3862	0.812662	FALSE	ORF1ab:cds-YP_009724389.1	AAT	N	AGT	S	3491
NC_045512.2	10737	A	G	3860	1829	39	2	2	37	0.000517866	3862	0.812662	FALSE	ORF1ab:cds-YP_009725295.1	AAT	N	AGT	S	3491
NC_045512.2	10739	G	T	3878	1883	39	1	0	25	0.000257798	3879	1	FALSE	ORF1ab:cds-YP_009724389.1	GAC	D	TAC	Y	3492
NC_045512.2	10739	G	T	3878	1883	39	1	0	25	0.000257798	3879	1	FALSE	ORF1ab:cds-YP_009725295.1	GAC	D	TAC	Y	3492
NC_045512.2	10740	A	C	3861	1787	39	1	1	25	0.000258933	3862	1	FALSE	ORF1ab:cds-YP_009724389.1	GAC	D	GCC	A	3492
NC_045512.2	10740	A	C	3861	1787	39	1	1	25	0.000258933	3862	1	FALSE	ORF1ab:cds-YP_009725295.1	GAC	D	GCC	A	3492
NC_045512.2	10742	T	C	3884	1699	39	1	0	37	0.000257334	3886	0.937548	FALSE	ORF1ab:cds-YP_009724389.1	TTT	F	CTT	L	3493
NC_045512.2	10742	T	C	3884	1699	39	1	0	37	0.000257334	3886	0.937548	FALSE	ORF1ab:cds-YP_009725295.1	TTT	F	CTT	L	3493
NC_045512.2	10742	T	A	3884	1699	39	1	1	25	0.000257334	3886	1	FALSE	ORF1ab:cds-YP_009724389.1	TTT	F	ATT	I	3493
NC_045512.2	10742	T	A	3884	1699	39	1	1	25	0.000257334	3886	1	FALSE	ORF1ab:cds-YP_009725295.1	TTT	F	ATT	I	3493
NC_045512.2	10743	T	C	3838	1743	38	1	0	37	0.000260485	3839	0.937581	FALSE	ORF1ab:cds-YP_009724389.1	TTT	F	TCT	S	3493
NC_045512.2	10743	T	C	3838	1743	38	1	0	37	0.000260485	3839	0.937581	FALSE	ORF1ab:cds-YP_009725295.1	TTT	F	TCT	S	3493
NC_045512.2	10744	T	C	3903	1812	39	1	0	37	0.000256148	3904	0.93758	FALSE	ORF1ab:cds-YP_009724389.1	TTT	F	TTC	F	3493
NC_045512.2	10744	T	C	3903	1812	39	1	0	37	0.000256148	3904	0.93758	FALSE	ORF1ab:cds-YP_009725295.1	TTT	F	TTC	F	3493
NC_045512.2	10744	T	+A	3903	1812	39	1	0	20	0.000256148	3904	1	FALSE	NA	NA	NA	NA	NA	NA
NC_045512.2	10745	A	G	3897	1798	39	1	1	37	0.000256542	3898	0.93758	FALSE	ORF1ab:cds-YP_009724389.1	AAC	N	GAC	D	3494
NC_045512.2	10745	A	G	3897	1798	39	1	1	37	0.000256542	3898	0.93758	FALSE	ORF1ab:cds-YP_009725295.1	AAC	N	GAC	D	3494
NC_045512.2	10748	C	A	3894	1944	39	2	0	31	0.000513347	3896	0.81266	FALSE	ORF1ab:cds-YP_009724389.1	CTT	L	ATT	I	3495
NC_045512.2	10748	C	A	3894	1944	39	2	0	31	0.000513347	3896	0.81266	FALSE	ORF1ab:cds-YP_009725295.1	CTT	L	ATT	I	3495
NC_045512.2	10749	T	C	3725	1763	39	1	0	37	0.000268312	3727	0.93755	FALSE	ORF1ab:cds-YP_009724389.1	CTT	L	CCT	P	3495
NC_045512.2	10749	T	C	3725	1763	39	1	0	37	0.000268312	3727	0.93755	FALSE	ORF1ab:cds-YP_009725295.1	CTT	L	CCT	P	3495
NC_045512.2	10749	T	A	3725	1763	39	1	0	37	0.000268312	3727	0.93755	FALSE	ORF1ab:cds-YP_009724389.1	CTT	L	CAT	H	3495
NC_045512.2	10749	T	A	3725	1763	39	1	0	37	0.000268312	3727	0.93755	FALSE	ORF1ab:cds-YP_009725295.1	CTT	L	CAT	H	3495
NC_045512.2	10750	T	G	3553	1684	39	4	2	34	0.00112328	3561	0.499539	FALSE	ORF1ab:cds-YP_009724389.1	CTT	L	CTG	L	3495
NC_045512.2	10750	T	G	3553	1684	39	4	2	34	0.00112328	3561	0.499539	FALSE	ORF1ab:cds-YP_009725295.1	CTT	L	CTG	L	3495
NC_045512.2	10750	T	C	3553	1684	39	4	1	46	0.00112328	3561	0.062342	FALSE	ORF1ab:cds-YP_009724389.1	CTT	L	CTC	L	3495
NC_045512.2	10750	T	C	3553	1684	39	4	1	46	0.00112328	3561	0.062342	FALSE	ORF1ab:cds-YP_009725295.1	CTT	L	CTC	L	3495
NC_045512.2	10752	T	G	3280	1803	38	1	1	25	0.000304785	3281	1	FALSE	ORF1ab:cds-YP_009724389.1	GTG	V	GGG	G	3496
NC_045512.2	10752	T	G	3280	1803	38	1	1	25	0.000304785	3281	1	FALSE	ORF1ab:cds-YP_009725295.1	GTG	V	GGG	G	3496
NC_045512.2	10755	C	T	3354	1847	38	1	0	37	0.000298063	3355	0.937593	FALSE	ORF1ab:cds-YP_009724389.1	GCT	A	GTT	V	3497
NC_045512.2	10755	C	T	3354	1847	38	1	0	37	0.000298063	3355	0.937593	FALSE	ORF1ab:cds-YP_009725295.1	GCT	A	GTT	V	3497
NC_045512.2	10756	T	G	3360	1845	38	1	1	25	0.00029753	3361	1	FALSE	ORF1ab:cds-YP_009724389.1	GCT	A	GCG	A	3497
NC_045512.2	10756	T	G	3360	1845	38	1	1	25	0.00029753	3361	1	FALSE	ORF1ab:cds-YP_009725295.1	GCT	A	GCG	A	3497
NC_045512.2	10760	A	T	3263	1847	38	1	1	25	0.000306279	3265	1	FALSE	ORF1ab:cds-YP_009724389.1	AAG	K	TAG	*	3499
NC_045512.2	10760	A	T	3263	1847	38	1	1	25	0.000306279	3265	1	FALSE	ORF1ab:cds-YP_009725295.1	AAG	K	TAG	*	3499
NC_045512.2	10760	A	G	3263	1847	38	1	1	37	0.000306279	3265	0.937557	FALSE	ORF1ab:cds-YP_009724389.1	AAG	K	GAG	E	3499
NC_045512.2	10760	A	G	3263	1847	38	1	1	37	0.000306279	3265	0.937557	FALSE	ORF1ab:cds-YP_009725295.1	AAG	K	GAG	E	3499
NC_045512.2	10761	A	G	3230	1838	37	1	1	37	0.000309502	3231	0.937597	FALSE	ORF1ab:cds-YP_009724389.1	AAG	K	AGG	R	3499
NC_045512.2	10761	A	G	3230	1838	37	1	1	37	0.000309502	3231	0.937597	FALSE	ORF1ab:cds-YP_009725295.1	AAG	K	AGG	R	3499
NC_045512.2	10764	A	G	3341	1872	38	2	2	37	0.000598265	3343	0.812687	FALSE	ORF1ab:cds-YP_009724389.1	TAC	Y	TGC	C	3500
NC_045512.2	10764	A	G	3341	1872	38	2	2	37	0.000598265	3343	0.812687	FALSE	ORF1ab:cds-YP_009725295.1	TAC	Y	TGC	C	3500
NC_045512.2	10767	A	C	3272	1816	37	1	0	37	0.00030553	3273	0.937595	FALSE	ORF1ab:cds-YP_009724389.1	AAT	N	ACT	T	3501
NC_045512.2	10767	A	C	3272	1816	37	1	0	37	0.00030553	3273	0.937595	FALSE	ORF1ab:cds-YP_009725295.1	AAT	N	ACT	T	3501
NC_045512.2	10770	A	C	3343	1874	38	1	0	37	0.000299043	3344	0.937593	FALSE	ORF1ab:cds-YP_009724389.1	TAT	Y	TCT	S	3502
NC_045512.2	10770	A	C	3343	1874	38	1	0	37	0.000299043	3344	0.937593	FALSE	ORF1ab:cds-YP_009725295.1	TAT	Y	TCT	S	3502
NC_045512.2	10772	G	T	3289	1831	38	1	1	25	0.000303859	3291	1	FALSE	ORF1ab:cds-YP_009724389.1	GAA	E	TAA	*	3503
NC_045512.2	10772	G	T	3289	1831	38	1	1	25	0.000303859	3291	1	FALSE	ORF1ab:cds-YP_009725295.1	GAA	E	TAA	*	3503
NC_045512.2	10772	G	C	3289	1831	38	1	0	25	0.000303859	3291	1	FALSE	ORF1ab:cds-YP_009724389.1	GAA	E	CAA	Q	3503
NC_045512.2	10772	G	C	3289	1831	38	1	0	25	0.000303859	3291	1	FALSE	ORF1ab:cds-YP_009725295.1	GAA	E	CAA	Q	3503
NC_045512.2	10773	A	G	3268	1819	38	2	1	37	0.000611621	3270	0.812691	FALSE	ORF1ab:cds-YP_009724389.1	GAA	E	GGA	G	3503
NC_045512.2	10773	A	G	3268	1819	38	2	1	37	0.000611621	3270	0.812691	FALSE	ORF1ab:cds-YP_009725295.1	GAA	E	GGA	G	3503
NC_045512.2	10774	A	G	3187	1768	38	2	2	37	0.000627156	3189	0.812696	FALSE	ORF1ab:cds-YP_009724389.1	GAA	E	GAG	E	3503
NC_045512.2	10774	A	G	3187	1768	38	2	2	37	0.000627156	3189	0.812696	FALSE	ORF1ab:cds-YP_009725295.1	GAA	E	GAG	E	3503
NC_045512.2	10777	T	C	3017	1729	37	3	3	33	0.000993377	3020	0.656483	FALSE	ORF1ab:cds-YP_009724389.1	CCT	P	CCC	P	3504
NC_045512.2	10777	T	C	3017	1729	37	3	3	33	0.000993377	3020	0.656483	FALSE	ORF1ab:cds-YP_009725295.1	CCT	P	CCC	P	3504
NC_045512.2	10781	A	C	2987	1724	36	3	3	25	0.00100334	2990	1	FALSE	ORF1ab:cds-YP_009724389.1	ACA	T	CCA	P	3506
NC_045512.2	10781	A	C	2987	1724	36	3	3	25	0.00100334	2990	1	FALSE	ORF1ab:cds-YP_009725295.1	ACA	T	CCA	P	3506
NC_045512.2	10783	A	C	2942	1642	37	1	1	25	0.000339789	2943	1	FALSE	ORF1ab:cds-YP_009724389.1	ACA	T	ACC	T	3506
NC_045512.2	10783	A	C	2942	1642	37	1	1	25	0.000339789	2943	1	FALSE	ORF1ab:cds-YP_009725295.1	ACA	T	ACC	T	3506
NC_045512.2	10785	A	T	2891	1653	38	1	0	37	0.000345423	2895	0.874935	FALSE	ORF1ab:cds-YP_009724389.1	CAA	Q	CTA	L	3507
NC_045512.2	10785	A	T	2891	1653	38	1	0	37	0.000345423	2895	0.874935	FALSE	ORF1ab:cds-YP_009725295.1	CAA	Q	CTA	L	3507
NC_045512.2	10785	A	G	2891	1653	38	1	1	37	0.000345423	2895	0.874935	FALSE	ORF1ab:cds-YP_009724389.1	CAA	Q	CGA	R	3507
NC_045512.2	10785	A	G	2891	1653	38	1	1	37	0.000345423	2895	0.874935	FALSE	ORF1ab:cds-YP_009725295.1	CAA	Q	CGA	R	3507
NC_045512.2	10785	A	C	2891	1653	38	2	2	37	0.000690846	2895	0.687435	FALSE	ORF1ab:cds-YP_009724389.1	CAA	Q	CCA	P	3507
NC_045512.2	10785	A	C	2891	1653	38	2	2	37	0.000690846	2895	0.687435	FALSE	ORF1ab:cds-YP_009725295.1	CAA	Q	CCA	P	3507
NC_045512.2	10786	A	T	2912	1717	38	1	1	37	0.000343171	2914	0.875064	FALSE	ORF1ab:cds-YP_009724389.1	CAA	Q	CAT	H	3507
NC_045512.2	10786	A	T	2912	1717	38	1	1	37	0.000343171	2914	0.875064	FALSE	ORF1ab:cds-YP_009725295.1	CAA	Q	CAT	H	3507
NC_045512.2	10786	A	C	2912	1717	38	1	0	25	0.000343171	2914	1	FALSE	ORF1ab:cds-YP_009724389.1	CAA	Q	CAC	H	3507
NC_045512.2	10786	A	C	2912	1717	38	1	0	25	0.000343171	2914	1	FALSE	ORF1ab:cds-YP_009725295.1	CAA	Q	CAC	H	3507
NC_045512.2	10792	T	G	2613	1563	37	2	0	31	0.000764526	2616	0.687572	FALSE	ORF1ab:cds-YP_009724389.1	CAT	H	CAG	Q	3509
NC_045512.2	10792	T	G	2613	1563	37	2	0	31	0.000764526	2616	0.687572	FALSE	ORF1ab:cds-YP_009725295.1	CAT	H	CAG	Q	3509
NC_045512.2	10792	T	A	2613	1563	37	1	0	25	0.000382263	2616	1	FALSE	ORF1ab:cds-YP_009724389.1	CAT	H	CAA	Q	3509
NC_045512.2	10792	T	A	2613	1563	37	1	0	25	0.000382263	2616	1	FALSE	ORF1ab:cds-YP_009725295.1	CAT	H	CAA	Q	3509
NC_045512.2	10794	T	G	2690	1608	38	1	0	37	0.000371471	2692	0.87507	FALSE	ORF1ab:cds-YP_009724389.1	GTT	V	GGT	G	3510
NC_045512.2	10794	T	G	2690	1608	38	1	0	37	0.000371471	2692	0.87507	FALSE	ORF1ab:cds-YP_009725295.1	GTT	V	GGT	G	3510
NC_045512.2	10794	T	A	2690	1608	38	1	1	37	0.000371471	2692	0.87507	FALSE	ORF1ab:cds-YP_009724389.1	GTT	V	GAT	D	3510
NC_045512.2	10794	T	A	2690	1608	38	1	1	37	0.000371471	2692	0.87507	FALSE	ORF1ab:cds-YP_009725295.1	GTT	V	GAT	D	3510
NC_045512.2	10798	C	T	2728	1667	38	1	1	37	0.000366435	2729	0.875137	FALSE	ORF1ab:cds-YP_009724389.1	GAC	D	GAT	D	3511
NC_045512.2	10798	C	T	2728	1667	38	1	1	37	0.000366435	2729	0.875137	FALSE	ORF1ab:cds-YP_009725295.1	GAC	D	GAT	D	3511
NC_045512.2	10800	T	G	2741	1664	38	1	1	25	0.000364299	2745	1	FALSE	ORF1ab:cds-YP_009724389.1	ATA	I	AGA	R	3512
NC_045512.2	10800	T	G	2741	1664	38	1	1	25	0.000364299	2745	1	FALSE	ORF1ab:cds-YP_009725295.1	ATA	I	AGA	R	3512
NC_045512.2	10800	T	C	2741	1664	38	2	2	37	0.000728597	2745	0.687432	FALSE	ORF1ab:cds-YP_009724389.1	ATA	I	ACA	T	3512
NC_045512.2	10800	T	C	2741	1664	38	2	2	37	0.000728597	2745	0.687432	FALSE	ORF1ab:cds-YP_009725295.1	ATA	I	ACA	T	3512
NC_045512.2	10800	T	A	2741	1664	38	1	1	37	0.000364299	2745	0.874932	FALSE	ORF1ab:cds-YP_009724389.1	ATA	I	AAA	K	3512
NC_045512.2	10800	T	A	2741	1664	38	1	1	37	0.000364299	2745	0.874932	FALSE	ORF1ab:cds-YP_009725295.1	ATA	I	AAA	K	3512
NC_045512.2	10802	C	G	2767	1728	38	1	1	37	0.000361272	2768	0.875135	FALSE	ORF1ab:cds-YP_009724389.1	CTA	L	GTA	V	3513
NC_045512.2	10802	C	G	2767	1728	38	1	1	37	0.000361272	2768	0.875135	FALSE	ORF1ab:cds-YP_009725295.1	CTA	L	GTA	V	3513
NC_045512.2	10803	T	C	3731	2853	41	5	5	37	0.00133833	3736	0.363354	FALSE	ORF1ab:cds-YP_009724389.1	CTA	L	CCA	P	3513
NC_045512.2	10803	T	C	3731	2853	41	5	5	37	0.00133833	3736	0.363354	FALSE	ORF1ab:cds-YP_009725295.1	CTA	L	CCA	P	3513
NC_045512.2	10804	A	G	3824	2979	41	2	2	37	0.000522603	3827	0.812582	FALSE	ORF1ab:cds-YP_009724389.1	CTA	L	CTG	L	3513
NC_045512.2	10804	A	G	3824	2979	41	2	2	37	0.000522603	3827	0.812582	FALSE	ORF1ab:cds-YP_009725295.1	CTA	L	CTG	L	3513
NC_045512.2	10804	A	C	3824	2979	41	1	0	25	0.000261301	3827	1	FALSE	ORF1ab:cds-YP_009724389.1	CTA	L	CTC	L	3513
NC_045512.2	10804	A	C	3824	2979	41	1	0	25	0.000261301	3827	1	FALSE	ORF1ab:cds-YP_009725295.1	CTA	L	CTC	L	3513
NC_045512.2	10805	G	T	3822	3014	40	3	2	33	0.000784314	3825	0.656434	FALSE	ORF1ab:cds-YP_009724389.1	GGA	G	TGA	*	3514
NC_045512.2	10805	G	T	3822	3014	40	3	2	33	0.000784314	3825	0.656434	FALSE	ORF1ab:cds-YP_009725295.1	GGA	G	TGA	*	3514
NC_045512.2	10807	A	G	3911	3110	41	2	2	37	0.000511117	3913	0.81266	FALSE	ORF1ab:cds-YP_009724389.1	GGA	G	GGG	G	3514
NC_045512.2	10807	A	G	3911	3110	41	2	2	37	0.000511117	3913	0.81266	FALSE	ORF1ab:cds-YP_009725295.1	GGA	G	GGG	G	3514
NC_045512.2	10808	C	T	4222	3480	42	1	1	37	0.000236798	4223	0.968805	FALSE	ORF1ab:cds-YP_009724389.1	CCT	P	TCT	S	3515
NC_045512.2	10808	C	T	4222	3480	42	1	1	37	0.000236798	4223	0.968805	FALSE	ORF1ab:cds-YP_009725295.1	CCT	P	TCT	S	3515
NC_045512.2	10809	C	T	4090	3364	42	1	1	37	0.00024432	4093	0.968769	FALSE	ORF1ab:cds-YP_009724389.1	CCT	P	CTT	L	3515
NC_045512.2	10809	C	T	4090	3364	42	1	1	37	0.00024432	4093	0.968769	FALSE	ORF1ab:cds-YP_009725295.1	CCT	P	CTT	L	3515
NC_045512.2	10809	C	A	4090	3364	42	2	2	22	0.000488639	4093	1	FALSE	ORF1ab:cds-YP_009724389.1	CCT	P	CAT	H	3515
NC_045512.2	10809	C	A	4090	3364	42	2	2	22	0.000488639	4093	1	FALSE	ORF1ab:cds-YP_009725295.1	CCT	P	CAT	H	3515
NC_045512.2	10810	T	C	3956	3237	42	2	1	37	0.000505051	3960	0.8125	FALSE	ORF1ab:cds-YP_009724389.1	CCT	P	CCC	P	3515
NC_045512.2	10810	T	C	3956	3237	42	2	1	37	0.000505051	3960	0.8125	FALSE	ORF1ab:cds-YP_009725295.1	CCT	P	CCC	P	3515
NC_045512.2	10810	T	A	3956	3237	42	2	1	29	0.000505051	3960	1	FALSE	ORF1ab:cds-YP_009724389.1	CCT	P	CCA	P	3515
NC_045512.2	10810	T	A	3956	3237	42	2	1	29	0.000505051	3960	1	FALSE	ORF1ab:cds-YP_009725295.1	CCT	P	CCA	P	3515
NC_045512.2	10812	T	G	3879	3164	42	2	2	25	0.000515331	3881	1	FALSE	ORF1ab:cds-YP_009724389.1	CTT	L	CGT	R	3516
NC_045512.2	10812	T	G	3879	3164	42	2	2	25	0.000515331	3881	1	FALSE	ORF1ab:cds-YP_009725295.1	CTT	L	CGT	R	3516
NC_045512.2	10813	T	G	3957	3258	42	1	1	25	0.000252589	3959	1	FALSE	ORF1ab:cds-YP_009724389.1	CTT	L	CTG	L	3516
NC_045512.2	10813	T	G	3957	3258	42	1	1	25	0.000252589	3959	1	FALSE	ORF1ab:cds-YP_009725295.1	CTT	L	CTG	L	3516
NC_045512.2	10813	T	C	3957	3258	42	1	1	37	0.000252589	3959	0.937547	FALSE	ORF1ab:cds-YP_009724389.1	CTT	L	CTC	L	3516
NC_045512.2	10813	T	C	3957	3258	42	1	1	37	0.000252589	3959	0.937547	FALSE	ORF1ab:cds-YP_009725295.1	CTT	L	CTC	L	3516
NC_045512.2	10815	C	A	4085	3381	43	1	0	25	0.000244738	4086	1	FALSE	ORF1ab:cds-YP_009724389.1	TCT	S	TAT	Y	3517
NC_045512.2	10815	C	A	4085	3381	43	1	0	25	0.000244738	4086	1	FALSE	ORF1ab:cds-YP_009725295.1	TCT	S	TAT	Y	3517
NC_045512.2	10817	G	T	4018	3316	43	1	1	25	0.000248262	4028	1	FALSE	ORF1ab:cds-YP_009724389.1	GCT	A	TCT	S	3518
NC_045512.2	10817	G	T	4018	3316	43	1	1	25	0.000248262	4028	1	FALSE	ORF1ab:cds-YP_009725295.1	GCT	A	TCT	S	3518
NC_045512.2	10817	G	C	4018	3316	43	1	1	37	0.000248262	4028	0.968633	FALSE	ORF1ab:cds-YP_009724389.1	GCT	A	CCT	P	3518
NC_045512.2	10817	G	C	4018	3316	43	1	1	37	0.000248262	4028	0.968633	FALSE	ORF1ab:cds-YP_009725295.1	GCT	A	CCT	P	3518
NC_045512.2	10817	G	A	4018	3316	43	8	4	50	0.0019861	4028	0.00388881	TRUE	ORF1ab:cds-YP_009724389.1	GCT	A	ACT	T	3518
NC_045512.2	10817	G	A	4018	3316	43	8	4	50	0.0019861	4028	0.00388881	TRUE	ORF1ab:cds-YP_009725295.1	GCT	A	ACT	T	3518
NC_045512.2	10818	C	T	4055	3351	43	1	1	37	0.000246548	4056	0.968808	FALSE	ORF1ab:cds-YP_009724389.1	GCT	A	GTT	V	3518
NC_045512.2	10818	C	T	4055	3351	43	1	1	37	0.000246548	4056	0.968808	FALSE	ORF1ab:cds-YP_009725295.1	GCT	A	GTT	V	3518
NC_045512.2	10819	T	C	4007	3302	43	2	2	37	0.000498878	4009	0.890771	FALSE	ORF1ab:cds-YP_009724389.1	GCT	A	GCC	A	3518
NC_045512.2	10819	T	C	4007	3302	43	2	2	37	0.000498878	4009	0.890771	FALSE	ORF1ab:cds-YP_009725295.1	GCT	A	GCC	A	3518
NC_045512.2	10822	A	G	3847	3179	42	1	1	74	0.000259875	3848	0.500065	FALSE	ORF1ab:cds-YP_009724389.1	CAA	Q	CAG	Q	3519
NC_045512.2	10822	A	G	3847	3179	42	1	1	74	0.000259875	3848	0.500065	FALSE	ORF1ab:cds-YP_009725295.1	CAA	Q	CAG	Q	3519
NC_045512.2	10823	A	C	3880	3221	41	1	1	37	0.000257666	3881	0.937581	FALSE	ORF1ab:cds-YP_009724389.1	ACT	T	CCT	P	3520
NC_045512.2	10823	A	C	3880	3221	41	1	1	37	0.000257666	3881	0.937581	FALSE	ORF1ab:cds-YP_009725295.1	ACT	T	CCT	P	3520
NC_045512.2	10825	T	A	3946	3289	42	1	1	37	0.000253357	3947	0.937579	FALSE	ORF1ab:cds-YP_009724389.1	ACT	T	ACA	T	3520
NC_045512.2	10825	T	A	3946	3289	42	1	1	37	0.000253357	3947	0.937579	FALSE	ORF1ab:cds-YP_009725295.1	ACT	T	ACA	T	3520
NC_045512.2	10826	G	T	3882	3258	41	1	0	74	0.0002574	3885	0.499936	FALSE	ORF1ab:cds-YP_009724389.1	GGA	G	TGA	*	3521
NC_045512.2	10826	G	T	3882	3258	41	1	0	74	0.0002574	3885	0.499936	FALSE	ORF1ab:cds-YP_009725295.1	GGA	G	TGA	*	3521
NC_045512.2	10826	G	C	3882	3258	41	1	1	25	0.0002574	3885	1	FALSE	ORF1ab:cds-YP_009724389.1	GGA	G	CGA	R	3521
NC_045512.2	10826	G	C	3882	3258	41	1	1	25	0.0002574	3885	1	FALSE	ORF1ab:cds-YP_009725295.1	GGA	G	CGA	R	3521
NC_045512.2	10826	G	A	3882	3258	41	1	0	62	0.0002574	3885	0.499936	FALSE	ORF1ab:cds-YP_009724389.1	GGA	G	AGA	R	3521
NC_045512.2	10826	G	A	3882	3258	41	1	0	62	0.0002574	3885	0.499936	FALSE	ORF1ab:cds-YP_009725295.1	GGA	G	AGA	R	3521
NC_045512.2	10827	G	T	3915	3291	42	1	1	25	0.000255167	3919	1	FALSE	ORF1ab:cds-YP_009724389.1	GGA	G	GTA	V	3521
NC_045512.2	10827	G	T	3915	3291	42	1	1	25	0.000255167	3919	1	FALSE	ORF1ab:cds-YP_009725295.1	GGA	G	GTA	V	3521
NC_045512.2	10827	G	A	3915	3291	42	3	3	49	0.000765501	3919	0.124952	FALSE	ORF1ab:cds-YP_009724389.1	GGA	G	GAA	E	3521
NC_045512.2	10827	G	A	3915	3291	42	3	3	49	0.000765501	3919	0.124952	FALSE	ORF1ab:cds-YP_009725295.1	GGA	G	GAA	E	3521
NC_045512.2	10829	A	C	3794	3204	41	1	1	37	0.000263505	3795	0.937582	FALSE	ORF1ab:cds-YP_009724389.1	ATT	I	CTT	L	3522
NC_045512.2	10829	A	C	3794	3204	41	1	1	37	0.000263505	3795	0.937582	FALSE	ORF1ab:cds-YP_009725295.1	ATT	I	CTT	L	3522
NC_045512.2	10830	T	G	3816	3207	41	2	2	27	0.000523834	3818	1	FALSE	ORF1ab:cds-YP_009724389.1	ATT	I	AGT	S	3522
NC_045512.2	10830	T	G	3816	3207	41	2	2	27	0.000523834	3818	1	FALSE	ORF1ab:cds-YP_009725295.1	ATT	I	AGT	S	3522
NC_045512.2	10831	T	C	3831	3226	42	1	0	74	0.00026096	3832	0.500065	FALSE	ORF1ab:cds-YP_009724389.1	ATT	I	ATC	I	3522
NC_045512.2	10831	T	C	3831	3226	42	1	0	74	0.00026096	3832	0.500065	FALSE	ORF1ab:cds-YP_009725295.1	ATT	I	ATC	I	3522
NC_045512.2	10832	G	A	3860	3306	41	2	1	55	0.000517866	3862	0.250032	FALSE	ORF1ab:cds-YP_009724389.1	GCC	A	ACC	T	3523
NC_045512.2	10832	G	A	3860	3306	41	2	1	55	0.000517866	3862	0.250032	FALSE	ORF1ab:cds-YP_009725295.1	GCC	A	ACC	T	3523
NC_045512.2	10833	C	T	3845	3301	41	5	3	46	0.0012987	3850	0.0312297	FALSE	ORF1ab:cds-YP_009724389.1	GCC	A	GTC	V	3523
NC_045512.2	10833	C	T	3845	3301	41	5	3	46	0.0012987	3850	0.0312297	FALSE	ORF1ab:cds-YP_009725295.1	GCC	A	GTC	V	3523
NC_045512.2	10835	G	T	3795	3286	41	1	1	37	0.000263296	3798	0.937516	FALSE	ORF1ab:cds-YP_009724389.1	GTT	V	TTT	F	3524
NC_045512.2	10835	G	T	3795	3286	41	1	1	37	0.000263296	3798	0.937516	FALSE	ORF1ab:cds-YP_009725295.1	GTT	V	TTT	F	3524
NC_045512.2	10835	G	A	3795	3286	41	2	2	37	0.000526593	3798	0.812582	FALSE	ORF1ab:cds-YP_009724389.1	GTT	V	ATT	I	3524
NC_045512.2	10835	G	A	3795	3286	41	2	2	37	0.000526593	3798	0.812582	FALSE	ORF1ab:cds-YP_009725295.1	GTT	V	ATT	I	3524
NC_045512.2	10835	G	-T	3795	3286	41	1	0	20	0.000263296	3798	1	FALSE	NA	NA	NA	NA	NA	NA
NC_045512.2	10836	T	G	3633	3148	39	1	0	29	0.000275179	3634	1	FALSE	ORF1ab:cds-YP_009724389.1	GTT	V	GGT	G	3524
NC_045512.2	10836	T	G	3633	3148	39	1	0	29	0.000275179	3634	1	FALSE	ORF1ab:cds-YP_009725295.1	GTT	V	GGT	G	3524
NC_045512.2	10838	T	G	3787	3299	41	1	1	25	0.000263992	3788	1	FALSE	ORF1ab:cds-YP_009724389.1	TTA	L	GTA	V	3525
NC_045512.2	10838	T	G	3787	3299	41	1	1	25	0.000263992	3788	1	FALSE	ORF1ab:cds-YP_009725295.1	TTA	L	GTA	V	3525
NC_045512.2	10839	T	-AGA	3802	3301	41	1	0	20	0.000263019	3802	1	FALSE	NA	NA	NA	NA	NA	NA
NC_045512.2	10842	A	G	3674	3322	39	1	1	25	0.000272109	3675	1	FALSE	ORF1ab:cds-YP_009724389.1	GAT	D	GGT	G	3526
NC_045512.2	10842	A	G	3674	3322	39	1	1	25	0.000272109	3675	1	FALSE	ORF1ab:cds-YP_009725295.1	GAT	D	GGT	G	3526
NC_045512.2	10844	A	C	3480	3127	39	1	1	37	0.000287274	3481	0.93759	FALSE	ORF1ab:cds-YP_009724389.1	ATG	M	CTG	L	3527
NC_045512.2	10844	A	C	3480	3127	39	1	1	37	0.000287274	3481	0.93759	FALSE	ORF1ab:cds-YP_009725295.1	ATG	M	CTG	L	3527
NC_045512.2	10845	T	G	3502	3150	39	1	1	25	0.00028547	3503	1	FALSE	ORF1ab:cds-YP_009724389.1	ATG	M	AGG	R	3527
NC_045512.2	10845	T	G	3502	3150	39	1	1	25	0.00028547	3503	1	FALSE	ORF1ab:cds-YP_009725295.1	ATG	M	AGG	R	3527
NC_045512.2	10846	G	A	3543	3195	39	2	2	37	0.000564175	3545	0.812676	FALSE	ORF1ab:cds-YP_009724389.1	ATG	M	ATA	I	3527
NC_045512.2	10846	G	A	3543	3195	39	2	2	37	0.000564175	3545	0.812676	FALSE	ORF1ab:cds-YP_009725295.1	ATG	M	ATA	I	3527
NC_045512.2	10850	G	T	3364	3038	39	1	1	25	0.000297177	3365	1	FALSE	ORF1ab:cds-YP_009724389.1	GCT	A	TCT	S	3529
NC_045512.2	10850	G	T	3364	3038	39	1	1	25	0.000297177	3365	1	FALSE	ORF1ab:cds-YP_009725295.1	GCT	A	TCT	S	3529
NC_045512.2	10851	C	T	3374	3051	39	3	3	37	0.000888362	3377	0.656458	FALSE	ORF1ab:cds-YP_009724389.1	GCT	A	GTT	V	3529
NC_045512.2	10851	C	T	3374	3051	39	3	3	37	0.000888362	3377	0.656458	FALSE	ORF1ab:cds-YP_009725295.1	GCT	A	GTT	V	3529
NC_045512.2	10852	T	C	3279	2957	38	1	1	25	0.000304785	3281	1	FALSE	ORF1ab:cds-YP_009724389.1	GCT	A	GCC	A	3529
NC_045512.2	10852	T	C	3279	2957	38	1	1	25	0.000304785	3281	1	FALSE	ORF1ab:cds-YP_009725295.1	GCT	A	GCC	A	3529
NC_045512.2	10852	T	A	3279	2957	38	1	1	37	0.000304785	3281	0.937557	FALSE	ORF1ab:cds-YP_009724389.1	GCT	A	GCA	A	3529
NC_045512.2	10852	T	A	3279	2957	38	1	1	37	0.000304785	3281	0.937557	FALSE	ORF1ab:cds-YP_009725295.1	GCT	A	GCA	A	3529
NC_045512.2	10854	C	T	3290	2970	39	1	1	37	0.000303859	3291	0.937595	FALSE	ORF1ab:cds-YP_009724389.1	TCA	S	TTA	L	3530
NC_045512.2	10854	C	T	3290	2970	39	1	1	37	0.000303859	3291	0.937595	FALSE	ORF1ab:cds-YP_009725295.1	TCA	S	TTA	L	3530
NC_045512.2	10858	A	T	3266	2962	39	1	1	37	0.000306091	3267	0.937596	FALSE	ORF1ab:cds-YP_009724389.1	TTA	L	TTT	F	3531
NC_045512.2	10858	A	T	3266	2962	39	1	1	37	0.000306091	3267	0.937596	FALSE	ORF1ab:cds-YP_009725295.1	TTA	L	TTT	F	3531
NC_045512.2	10859	A	C	3222	2919	39	1	1	25	0.00031027	3223	1	FALSE	ORF1ab:cds-YP_009724389.1	AAA	K	CAA	Q	3532
NC_045512.2	10859	A	C	3222	2919	39	1	1	25	0.00031027	3223	1	FALSE	ORF1ab:cds-YP_009725295.1	AAA	K	CAA	Q	3532
NC_045512.2	10862	G	T	3207	2922	39	1	1	37	0.000311721	3208	0.937597	FALSE	ORF1ab:cds-YP_009724389.1	GAA	E	TAA	*	3533
NC_045512.2	10862	G	T	3207	2922	39	1	1	37	0.000311721	3208	0.937597	FALSE	ORF1ab:cds-YP_009725295.1	GAA	E	TAA	*	3533
NC_045512.2	10863	A	C	3210	2971	38	2	2	37	0.000622665	3212	0.812695	FALSE	ORF1ab:cds-YP_009724389.1	GAA	E	GCA	A	3533
NC_045512.2	10863	A	C	3210	2971	38	2	2	37	0.000622665	3212	0.812695	FALSE	ORF1ab:cds-YP_009725295.1	GAA	E	GCA	A	3533
NC_045512.2	10865	T	C	3078	2842	38	1	0	37	0.000324781	3079	0.937601	FALSE	ORF1ab:cds-YP_009724389.1	TTA	L	CTA	L	3534
NC_045512.2	10865	T	C	3078	2842	38	1	0	37	0.000324781	3079	0.937601	FALSE	ORF1ab:cds-YP_009725295.1	TTA	L	CTA	L	3534
NC_045512.2	10869	T	G	3100	2935	37	1	1	25	0.000322061	3105	1	FALSE	ORF1ab:cds-YP_009724389.1	CTG	L	CGG	R	3535
NC_045512.2	10869	T	G	3100	2935	37	1	1	25	0.000322061	3105	1	FALSE	ORF1ab:cds-YP_009725295.1	CTG	L	CGG	R	3535
NC_045512.2	10869	T	C	3100	2935	37	2	2	37	0.000644122	3105	0.812399	FALSE	ORF1ab:cds-YP_009724389.1	CTG	L	CCG	P	3535
NC_045512.2	10869	T	C	3100	2935	37	2	2	37	0.000644122	3105	0.812399	FALSE	ORF1ab:cds-YP_009725295.1	CTG	L	CCG	P	3535
NC_045512.2	10869	T	A	3100	2935	37	2	1	31	0.000644122	3105	0.812399	FALSE	ORF1ab:cds-YP_009724389.1	CTG	L	CAG	Q	3535
NC_045512.2	10869	T	A	3100	2935	37	2	1	31	0.000644122	3105	0.812399	FALSE	ORF1ab:cds-YP_009725295.1	CTG	L	CAG	Q	3535
NC_045512.2	10870	G	A	3076	2912	37	3	3	37	0.000974342	3079	0.656478	FALSE	ORF1ab:cds-YP_009724389.1	CTG	L	CTA	L	3535
NC_045512.2	10870	G	A	3076	2912	37	3	3	37	0.000974342	3079	0.656478	FALSE	ORF1ab:cds-YP_009725295.1	CTG	L	CTA	L	3535
NC_045512.2	10871	C	T	3093	2928	38	1	1	37	0.000323206	3094	0.937601	FALSE	ORF1ab:cds-YP_009724389.1	CAA	Q	TAA	*	3536
NC_045512.2	10871	C	T	3093	2928	38	1	1	37	0.000323206	3094	0.937601	FALSE	ORF1ab:cds-YP_009725295.1	CAA	Q	TAA	*	3536
NC_045512.2	10871	C	-A	3093	2928	38	1	0	20	0.000323206	3094	1	FALSE	NA	NA	NA	NA	NA	NA
NC_045512.2	10874	A	C	2916	2753	37	1	1	25	0.000342818	2917	1	FALSE	ORF1ab:cds-YP_009724389.1	AAT	N	CAT	H	3537
NC_045512.2	10874	A	C	2916	2753	37	1	1	25	0.000342818	2917	1	FALSE	ORF1ab:cds-YP_009725295.1	AAT	N	CAT	H	3537
NC_045512.2	10876	T	G	2917	2798	36	2	2	31	0.000685166	2919	0.687693	FALSE	ORF1ab:cds-YP_009724389.1	AAT	N	AAG	K	3537
NC_045512.2	10876	T	G	2917	2798	36	2	2	31	0.000685166	2919	0.687693	FALSE	ORF1ab:cds-YP_009725295.1	AAT	N	AAG	K	3537
NC_045512.2	10879	T	C	2891	2789	37	1	1	37	0.000345781	2892	0.87513	FALSE	ORF1ab:cds-YP_009724389.1	GGT	G	GGC	G	3538
NC_045512.2	10879	T	C	2891	2789	37	1	1	37	0.000345781	2892	0.87513	FALSE	ORF1ab:cds-YP_009725295.1	GGT	G	GGC	G	3538
NC_045512.2	10884	A	G	2677	2608	35	1	1	37	0.000373413	2678	0.87514	FALSE	ORF1ab:cds-YP_009724389.1	AAT	N	AGT	S	3540
NC_045512.2	10884	A	G	2677	2608	35	1	1	37	0.000373413	2678	0.87514	FALSE	ORF1ab:cds-YP_009725295.1	AAT	N	AGT	S	3540
NC_045512.2	10886	G	A	2717	2651	36	1	1	37	0.000367918	2718	0.875138	FALSE	ORF1ab:cds-YP_009724389.1	GGA	G	AGA	R	3541
NC_045512.2	10886	G	A	2717	2651	36	1	1	37	0.000367918	2718	0.875138	FALSE	ORF1ab:cds-YP_009725295.1	GGA	G	AGA	R	3541
NC_045512.2	10889	C	A	2679	2629	36	1	1	37	0.000373134	2680	0.87514	FALSE	ORF1ab:cds-YP_009724389.1	CGT	R	AGT	S	3542
NC_045512.2	10889	C	A	2679	2629	36	1	1	37	0.000373134	2680	0.87514	FALSE	ORF1ab:cds-YP_009725295.1	CGT	R	AGT	S	3542
NC_045512.2	10890	G	T	2634	2585	36	1	1	25	0.000379363	2636	1	FALSE	ORF1ab:cds-YP_009724389.1	CGT	R	CTT	L	3542
NC_045512.2	10890	G	T	2634	2585	36	1	1	25	0.000379363	2636	1	FALSE	ORF1ab:cds-YP_009725295.1	CGT	R	CTT	L	3542
NC_045512.2	10890	G	A	2634	2585	36	1	1	37	0.000379363	2636	0.875071	FALSE	ORF1ab:cds-YP_009724389.1	CGT	R	CAT	H	3542
NC_045512.2	10890	G	A	2634	2585	36	1	1	37	0.000379363	2636	0.875071	FALSE	ORF1ab:cds-YP_009725295.1	CGT	R	CAT	H	3542
NC_045512.2	10891	T	G	2459	2410	35	1	1	25	0.000406504	2460	1	FALSE	ORF1ab:cds-YP_009724389.1	CGT	R	CGG	R	3542
NC_045512.2	10891	T	G	2459	2410	35	1	1	25	0.000406504	2460	1	FALSE	ORF1ab:cds-YP_009725295.1	CGT	R	CGG	R	3542
NC_045512.2	10892	A	G	2577	2529	36	1	1	37	0.000387898	2578	0.875145	FALSE	ORF1ab:cds-YP_009724389.1	ACC	T	GCC	A	3543
NC_045512.2	10892	A	G	2577	2529	36	1	1	37	0.000387898	2578	0.875145	FALSE	ORF1ab:cds-YP_009725295.1	ACC	T	GCC	A	3543
NC_045512.2	11190	C	-T	593	41	36	1	0	20	0.00168634	593	0.984728	FALSE	NA	NA	NA	NA	NA	NA
NC_045512.2	11191	T	G	591	40	36	1	1	37	0.00168634	593	0.499578	FALSE	ORF1ab:cds-YP_009724389.1	CCT	P	CCG	P	3642
NC_045512.2	11191	T	G	591	40	36	1	1	37	0.00168634	593	0.499578	FALSE	ORF1ab:cds-YP_009725295.1	CCT	P	CCG	P	3642
NC_045512.2	11191	T	A	591	40	36	1	0	37	0.00168634	593	0.499578	FALSE	ORF1ab:cds-YP_009724389.1	CCT	P	CCA	P	3642
NC_045512.2	11191	T	A	591	40	36	1	0	37	0.00168634	593	0.499578	FALSE	ORF1ab:cds-YP_009725295.1	CCT	P	CCA	P	3642
NC_045512.2	11198	G	A	1158	48	36	1	0	37	0.000862813	1159	0.750324	FALSE	ORF1ab:cds-YP_009724389.1	GCC	A	ACC	T	3645
NC_045512.2	11198	G	A	1158	48	36	1	0	37	0.000862813	1159	0.750324	FALSE	ORF1ab:cds-YP_009725295.1	GCC	A	ACC	T	3645
NC_045512.2	11199	C	T	1214	64	36	1	0	37	0.000823045	1215	0.750309	FALSE	ORF1ab:cds-YP_009724389.1	GCC	A	GTC	V	3645
NC_045512.2	11199	C	T	1214	64	36	1	0	37	0.000823045	1215	0.750309	FALSE	ORF1ab:cds-YP_009725295.1	GCC	A	GTC	V	3645
NC_045512.2	11205	T	C	1398	77	36	3	1	37	0.00214133	1401	0.312634	FALSE	ORF1ab:cds-YP_009724389.1	GTA	V	GCA	A	3647
NC_045512.2	11205	T	C	1398	77	36	3	1	37	0.00214133	1401	0.312634	FALSE	ORF1ab:cds-YP_009725295.1	GTA	V	GCA	A	3647
NC_045512.2	11210	T	C	1489	139	37	1	0	25	0.000671141	1490	0.999971	FALSE	ORF1ab:cds-YP_009724389.1	TAT	Y	CAT	H	3649
NC_045512.2	11210	T	C	1489	139	37	1	0	25	0.000671141	1490	0.999971	FALSE	ORF1ab:cds-YP_009725295.1	TAT	Y	CAT	H	3649
NC_045512.2	11211	A	G	1562	145	37	1	0	37	0.000639795	1563	0.75024	FALSE	ORF1ab:cds-YP_009724389.1	TAT	Y	TGT	C	3649
NC_045512.2	11211	A	G	1562	145	37	1	0	37	0.000639795	1563	0.75024	FALSE	ORF1ab:cds-YP_009725295.1	TAT	Y	TGT	C	3649
NC_045512.2	11213	T	G	1559	145	37	1	0	25	0.000641026	1560	0.999985	FALSE	ORF1ab:cds-YP_009724389.1	TTT	F	GTT	V	3650
NC_045512.2	11213	T	G	1559	145	37	1	0	25	0.000641026	1560	0.999985	FALSE	ORF1ab:cds-YP_009725295.1	TTT	F	GTT	V	3650
NC_045512.2	11221	G	T	1848	176	37	1	0	37	0.000540833	1849	0.750203	FALSE	ORF1ab:cds-YP_009724389.1	ATG	M	ATT	I	3652
NC_045512.2	11221	G	T	1848	176	37	1	0	37	0.000540833	1849	0.750203	FALSE	ORF1ab:cds-YP_009725295.1	ATG	M	ATT	I	3652
NC_045512.2	11223	T	G	2339	184	37	1	1	37	0.00042735	2340	0.87516	FALSE	ORF1ab:cds-YP_009724389.1	GTC	V	GGC	G	3653
NC_045512.2	11223	T	G	2339	184	37	1	1	37	0.00042735	2340	0.87516	FALSE	ORF1ab:cds-YP_009725295.1	GTC	V	GGC	G	3653
NC_045512.2	11224	C	T	2946	193	36	2	0	37	0.000677966	2950	0.687436	FALSE	ORF1ab:cds-YP_009724389.1	GTC	V	GTT	V	3653
NC_045512.2	11224	C	T	2946	193	36	2	0	37	0.000677966	2950	0.687436	FALSE	ORF1ab:cds-YP_009725295.1	GTC	V	GTT	V	3653
NC_045512.2	11224	C	A	2946	193	36	2	1	25	0.000677966	2950	1	FALSE	ORF1ab:cds-YP_009724389.1	GTC	V	GTA	V	3653
NC_045512.2	11224	C	A	2946	193	36	2	1	25	0.000677966	2950	1	FALSE	ORF1ab:cds-YP_009725295.1	GTC	V	GTA	V	3653
NC_045512.2	11225	T	A	3126	207	37	1	0	37	0.000319795	3127	0.9376	FALSE	ORF1ab:cds-YP_009724389.1	TAT	Y	AAT	N	3654
NC_045512.2	11225	T	A	3126	207	37	1	0	37	0.000319795	3127	0.9376	FALSE	ORF1ab:cds-YP_009725295.1	TAT	Y	AAT	N	3654
NC_045512.2	11226	A	C	3228	293	37	1	1	25	0.000309693	3229	1	FALSE	ORF1ab:cds-YP_009724389.1	TAT	Y	TCT	S	3654
NC_045512.2	11226	A	C	3228	293	37	1	1	25	0.000309693	3229	1	FALSE	ORF1ab:cds-YP_009725295.1	TAT	Y	TCT	S	3654
NC_045512.2	11227	T	G	3251	303	38	1	1	37	0.000307409	3253	0.937558	FALSE	ORF1ab:cds-YP_009724389.1	TAT	Y	TAG	*	3654
NC_045512.2	11227	T	G	3251	303	38	1	1	37	0.000307409	3253	0.937558	FALSE	ORF1ab:cds-YP_009725295.1	TAT	Y	TAG	*	3654
NC_045512.2	11227	T	C	3251	303	38	1	0	37	0.000307409	3253	0.937558	FALSE	ORF1ab:cds-YP_009724389.1	TAT	Y	TAC	Y	3654
NC_045512.2	11227	T	C	3251	303	38	1	0	37	0.000307409	3253	0.937558	FALSE	ORF1ab:cds-YP_009725295.1	TAT	Y	TAC	Y	3654
NC_045512.2	11228	A	G	3260	306	38	2	0	37	0.000613121	3262	0.812692	FALSE	ORF1ab:cds-YP_009724389.1	ATG	M	GTG	V	3655
NC_045512.2	11228	A	G	3260	306	38	2	0	37	0.000613121	3262	0.812692	FALSE	ORF1ab:cds-YP_009725295.1	ATG	M	GTG	V	3655
NC_045512.2	11230	G	A	3266	327	37	1	0	25	0.000306091	3267	1	FALSE	ORF1ab:cds-YP_009724389.1	ATG	M	ATA	I	3655
NC_045512.2	11230	G	A	3266	327	37	1	0	25	0.000306091	3267	1	FALSE	ORF1ab:cds-YP_009725295.1	ATG	M	ATA	I	3655
NC_045512.2	11231	C	T	3277	326	37	2	1	55	0.000609942	3279	0.250038	FALSE	ORF1ab:cds-YP_009724389.1	CCT	P	TCT	S	3656
NC_045512.2	11231	C	T	3277	326	37	2	1	55	0.000609942	3279	0.250038	FALSE	ORF1ab:cds-YP_009725295.1	CCT	P	TCT	S	3656
NC_045512.2	11233	T	C	3302	333	37	2	0	37	0.000605327	3304	0.812689	FALSE	ORF1ab:cds-YP_009724389.1	CCT	P	CCC	P	3656
NC_045512.2	11233	T	C	3302	333	37	2	0	37	0.000605327	3304	0.812689	FALSE	ORF1ab:cds-YP_009725295.1	CCT	P	CCC	P	3656
NC_045512.2	11235	C	T	3313	347	37	1	0	25	0.00030175	3314	1	FALSE	ORF1ab:cds-YP_009724389.1	GCT	A	GTT	V	3657
NC_045512.2	11235	C	T	3313	347	37	1	0	25	0.00030175	3314	1	FALSE	ORF1ab:cds-YP_009725295.1	GCT	A	GTT	V	3657
NC_045512.2	11236	T	G	3237	370	37	3	0	25	0.000925926	3240	1	FALSE	ORF1ab:cds-YP_009724389.1	GCT	A	GCG	A	3657
NC_045512.2	11236	T	G	3237	370	37	3	0	25	0.000925926	3240	1	FALSE	ORF1ab:cds-YP_009725295.1	GCT	A	GCG	A	3657
NC_045512.2	11237	A	G	3344	380	38	1	0	20	0.000298864	3346	1	FALSE	ORF1ab:cds-YP_009724389.1	AGT	S	GGT	G	3658
NC_045512.2	11237	A	G	3344	380	38	1	0	20	0.000298864	3346	1	FALSE	ORF1ab:cds-YP_009725295.1	AGT	S	GGT	G	3658
NC_045512.2	11237	A	C	3344	380	38	1	0	25	0.000298864	3346	1	FALSE	ORF1ab:cds-YP_009724389.1	AGT	S	CGT	R	3658
NC_045512.2	11237	A	C	3344	380	38	1	0	25	0.000298864	3346	1	FALSE	ORF1ab:cds-YP_009725295.1	AGT	S	CGT	R	3658
NC_045512.2	11242	G	T	3477	385	38	1	0	25	0.000287522	3478	1	FALSE	ORF1ab:cds-YP_009724389.1	TGG	W	TGT	C	3659
NC_045512.2	11242	G	T	3477	385	38	1	0	25	0.000287522	3478	1	FALSE	ORF1ab:cds-YP_009725295.1	TGG	W	TGT	C	3659
NC_045512.2	11243	G	A	3548	429	38	1	1	74	0.00028177	3549	0.50007	FALSE	ORF1ab:cds-YP_009724389.1	GTG	V	ATG	M	3660
NC_045512.2	11243	G	A	3548	429	38	1	1	74	0.00028177	3549	0.50007	FALSE	ORF1ab:cds-YP_009725295.1	GTG	V	ATG	M	3660
NC_045512.2	11245	G	A	3567	436	38	2	1	37	0.000560381	3569	0.812675	FALSE	ORF1ab:cds-YP_009724389.1	GTG	V	GTA	V	3660
NC_045512.2	11245	G	A	3567	436	38	2	1	37	0.000560381	3569	0.812675	FALSE	ORF1ab:cds-YP_009725295.1	GTG	V	GTA	V	3660
NC_045512.2	11246	A	G	3546	431	38	1	0	37	0.000281928	3547	0.937588	FALSE	ORF1ab:cds-YP_009724389.1	ATG	M	GTG	V	3661
NC_045512.2	11246	A	G	3546	431	38	1	0	37	0.000281928	3547	0.937588	FALSE	ORF1ab:cds-YP_009725295.1	ATG	M	GTG	V	3661
NC_045512.2	11247	T	G	3494	436	38	1	1	25	0.000286041	3496	1	FALSE	ORF1ab:cds-YP_009724389.1	ATG	M	AGG	R	3661
NC_045512.2	11247	T	G	3494	436	38	1	1	25	0.000286041	3496	1	FALSE	ORF1ab:cds-YP_009725295.1	ATG	M	AGG	R	3661
NC_045512.2	11247	T	C	3494	436	38	1	0	37	0.000286041	3496	0.937554	FALSE	ORF1ab:cds-YP_009724389.1	ATG	M	ACG	T	3661
NC_045512.2	11247	T	C	3494	436	38	1	0	37	0.000286041	3496	0.937554	FALSE	ORF1ab:cds-YP_009725295.1	ATG	M	ACG	T	3661
NC_045512.2	11248	G	A	3572	434	38	3	1	49	0.000839161	3575	0.125	FALSE	ORF1ab:cds-YP_009724389.1	ATG	M	ATA	I	3661
NC_045512.2	11248	G	A	3572	434	38	3	1	49	0.000839161	3575	0.125	FALSE	ORF1ab:cds-YP_009725295.1	ATG	M	ATA	I	3661
NC_045512.2	11249	C	T	3562	433	38	8	0	35	0.0022409	3570	0.113191	FALSE	ORF1ab:cds-YP_009724389.1	CGT	R	TGT	C	3662
NC_045512.2	11249	C	T	3562	433	38	8	0	35	0.0022409	3570	0.113191	FALSE	ORF1ab:cds-YP_009725295.1	CGT	R	TGT	C	3662
NC_045512.2	11250	G	C	3622	436	38	1	0	25	0.000275786	3626	1	FALSE	ORF1ab:cds-YP_009724389.1	CGT	R	CCT	P	3662
NC_045512.2	11250	G	C	3622	436	38	1	0	25	0.000275786	3626	1	FALSE	ORF1ab:cds-YP_009725295.1	CGT	R	CCT	P	3662
NC_045512.2	11250	G	A	3622	436	38	3	1	33	0.000827358	3626	0.656315	FALSE	ORF1ab:cds-YP_009724389.1	CGT	R	CAT	H	3662
NC_045512.2	11250	G	A	3622	436	38	3	1	33	0.000827358	3626	0.656315	FALSE	ORF1ab:cds-YP_009725295.1	CGT	R	CAT	H	3662
NC_045512.2	11251	T	G	3604	445	38	1	0	25	0.000277316	3606	1	FALSE	ORF1ab:cds-YP_009724389.1	CGT	R	CGG	R	3662
NC_045512.2	11251	T	G	3604	445	38	1	0	25	0.000277316	3606	1	FALSE	ORF1ab:cds-YP_009725295.1	CGT	R	CGG	R	3662
NC_045512.2	11251	T	C	3604	445	38	1	0	37	0.000277316	3606	0.937552	FALSE	ORF1ab:cds-YP_009724389.1	CGT	R	CGC	R	3662
NC_045512.2	11251	T	C	3604	445	38	1	0	37	0.000277316	3606	0.937552	FALSE	ORF1ab:cds-YP_009725295.1	CGT	R	CGC	R	3662
NC_045512.2	11253	T	G	3620	483	38	1	0	37	0.000276167	3621	0.937586	FALSE	ORF1ab:cds-YP_009724389.1	ATT	I	AGT	S	3663
NC_045512.2	11253	T	G	3620	483	38	1	0	37	0.000276167	3621	0.937586	FALSE	ORF1ab:cds-YP_009725295.1	ATT	I	AGT	S	3663
NC_045512.2	11256	T	C	3722	515	39	1	1	37	0.000268601	3723	0.937584	FALSE	ORF1ab:cds-YP_009724389.1	ATG	M	ACG	T	3664
NC_045512.2	11256	T	C	3722	515	39	1	1	37	0.000268601	3723	0.937584	FALSE	ORF1ab:cds-YP_009725295.1	ATG	M	ACG	T	3664
NC_045512.2	11257	G	A	3735	543	39	1	0	25	0.000267666	3736	1	FALSE	ORF1ab:cds-YP_009724389.1	ATG	M	ATA	I	3664
NC_045512.2	11257	G	A	3735	543	39	1	0	25	0.000267666	3736	1	FALSE	ORF1ab:cds-YP_009725295.1	ATG	M	ATA	I	3664
NC_045512.2	11259	C	T	3720	557	39	1	0	37	0.000268745	3721	0.937584	FALSE	ORF1ab:cds-YP_009724389.1	ACA	T	ATA	I	3665
NC_045512.2	11259	C	T	3720	557	39	1	0	37	0.000268745	3721	0.937584	FALSE	ORF1ab:cds-YP_009725295.1	ACA	T	ATA	I	3665
NC_045512.2	11260	A	G	3639	535	39	1	0	37	0.000274725	3640	0.937586	FALSE	ORF1ab:cds-YP_009724389.1	ACA	T	ACG	T	3665
NC_045512.2	11260	A	G	3639	535	39	1	0	37	0.000274725	3640	0.937586	FALSE	ORF1ab:cds-YP_009725295.1	ACA	T	ACG	T	3665
NC_045512.2	11261	T	G	3533	554	38	4	0	28	0.0011309	3537	1	FALSE	ORF1ab:cds-YP_009724389.1	TGG	W	GGG	G	3666
NC_045512.2	11261	T	G	3533	554	38	4	0	28	0.0011309	3537	1	FALSE	ORF1ab:cds-YP_009725295.1	TGG	W	GGG	G	3666
NC_045512.2	11262	G	T	3953	650	40	1	0	37	0.000252908	3954	0.937579	FALSE	ORF1ab:cds-YP_009724389.1	TGG	W	TTG	L	3666
NC_045512.2	11262	G	T	3953	650	40	1	0	37	0.000252908	3954	0.937579	FALSE	ORF1ab:cds-YP_009725295.1	TGG	W	TTG	L	3666
NC_045512.2	11263	G	T	4001	682	40	1	0	37	0.000249813	4003	0.968789	FALSE	ORF1ab:cds-YP_009724389.1	TGG	W	TGT	C	3666
NC_045512.2	11263	G	T	4001	682	40	1	0	37	0.000249813	4003	0.968789	FALSE	ORF1ab:cds-YP_009725295.1	TGG	W	TGT	C	3666
NC_045512.2	11263	G	A	4001	682	40	1	0	37	0.000249813	4003	0.968789	FALSE	ORF1ab:cds-YP_009724389.1	TGG	W	TGA	*	3666
NC_045512.2	11263	G	A	4001	682	40	1	0	37	0.000249813	4003	0.968789	FALSE	ORF1ab:cds-YP_009725295.1	TGG	W	TGA	*	3666
NC_045512.2	11264	T	G	3875	693	40	4	0	28	0.00103119	3879	1	FALSE	ORF1ab:cds-YP_009724389.1	TTG	L	GTG	V	3667
NC_045512.2	11264	T	G	3875	693	40	4	0	28	0.00103119	3879	1	FALSE	ORF1ab:cds-YP_009725295.1	TTG	L	GTG	V	3667
NC_045512.2	11265	T	+G	3988	687	40	1	0	20	0.000250752	3988	1	FALSE	NA	NA	NA	NA	NA	NA
NC_045512.2	11268	A	G	3972	726	40	1	1	22	0.000251699	3973	1	FALSE	ORF1ab:cds-YP_009724389.1	GAT	D	GGT	G	3668
NC_045512.2	11268	A	G	3972	726	40	1	1	22	0.000251699	3973	1	FALSE	ORF1ab:cds-YP_009725295.1	GAT	D	GGT	G	3668
NC_045512.2	11269	T	C	3940	735	39	1	0	37	0.000253743	3941	0.937579	FALSE	ORF1ab:cds-YP_009724389.1	GAT	D	GAC	D	3668
NC_045512.2	11269	T	C	3940	735	39	1	0	37	0.000253743	3941	0.937579	FALSE	ORF1ab:cds-YP_009725295.1	GAT	D	GAC	D	3668
NC_045512.2	11270	A	G	3874	738	39	1	1	37	0.000257931	3877	0.937516	FALSE	ORF1ab:cds-YP_009724389.1	ATG	M	GTG	V	3669
NC_045512.2	11270	A	G	3874	738	39	1	1	37	0.000257931	3877	0.937516	FALSE	ORF1ab:cds-YP_009725295.1	ATG	M	GTG	V	3669
NC_045512.2	11270	A	C	3874	738	39	2	0	25	0.000515863	3877	1	FALSE	ORF1ab:cds-YP_009724389.1	ATG	M	CTG	L	3669
NC_045512.2	11270	A	C	3874	738	39	2	0	25	0.000515863	3877	1	FALSE	ORF1ab:cds-YP_009725295.1	ATG	M	CTG	L	3669
NC_045512.2	11273	G	T	4179	760	39	1	1	25	0.00023912	4182	1	FALSE	ORF1ab:cds-YP_009724389.1	GTT	V	TTT	F	3670
NC_045512.2	11273	G	T	4179	760	39	1	1	25	0.00023912	4182	1	FALSE	ORF1ab:cds-YP_009725295.1	GTT	V	TTT	F	3670
NC_045512.2	11273	G	A	4179	760	39	2	1	55	0.00047824	4182	0.24997	FALSE	ORF1ab:cds-YP_009724389.1	GTT	V	ATT	I	3670
NC_045512.2	11273	G	A	4179	760	39	2	1	55	0.00047824	4182	0.24997	FALSE	ORF1ab:cds-YP_009725295.1	GTT	V	ATT	I	3670
NC_045512.2	11275	T	G	4172	775	40	1	1	37	0.000239521	4175	0.968769	FALSE	ORF1ab:cds-YP_009724389.1	GTT	V	GTG	V	3670
NC_045512.2	11275	T	G	4172	775	40	1	1	37	0.000239521	4175	0.968769	FALSE	ORF1ab:cds-YP_009725295.1	GTT	V	GTG	V	3670
NC_045512.2	11275	T	C	4172	775	40	2	0	37	0.000479042	4175	0.890709	FALSE	ORF1ab:cds-YP_009724389.1	GTT	V	GTC	V	3670
NC_045512.2	11275	T	C	4172	775	40	2	0	37	0.000479042	4175	0.890709	FALSE	ORF1ab:cds-YP_009725295.1	GTT	V	GTC	V	3670
NC_045512.2	11278	T	C	4266	937	41	1	0	25	0.000234357	4267	1	FALSE	ORF1ab:cds-YP_009724389.1	GAT	D	GAC	D	3671
NC_045512.2	11278	T	C	4266	937	41	1	0	25	0.000234357	4267	1	FALSE	ORF1ab:cds-YP_009725295.1	GAT	D	GAC	D	3671
NC_045512.2	11280	C	T	4275	961	41	5	1	44	0.00116822	4280	0.0312317	FALSE	ORF1ab:cds-YP_009724389.1	ACT	T	ATT	I	3672
NC_045512.2	11280	C	T	4275	961	41	5	1	44	0.00116822	4280	0.0312317	FALSE	ORF1ab:cds-YP_009725295.1	ACT	T	ATT	I	3672
NC_045512.2	11281	T	C	4249	939	41	1	0	25	0.000235294	4250	1	FALSE	ORF1ab:cds-YP_009724389.1	ACT	T	ACC	T	3672
NC_045512.2	11281	T	C	4249	939	41	1	0	25	0.000235294	4250	1	FALSE	ORF1ab:cds-YP_009725295.1	ACT	T	ACC	T	3672
NC_045512.2	11282	A	-GTTTGTCTG	4230	942	41	2	0	20	0.000472813	4230	1	FALSE	NA	NA	NA	NA	NA	NA
NC_045512.2	11285	T	C	4226	931	41	3	0	37	0.000709388	4229	0.773438	FALSE	ORF1ab:cds-YP_009724389.1	TTG	L	CTG	L	3674
NC_045512.2	11285	T	C	4226	931	41	3	0	37	0.000709388	4229	0.773438	FALSE	ORF1ab:cds-YP_009725295.1	TTG	L	CTG	L	3674
NC_045512.2	11287	G	-TCTGGTTTT	4228	954	41	3708	0	20	0.876596	4230	0	TRUE	NA	NA	NA	NA	NA	NA
NC_045512.2	11288	T	A	0	0	0	42	2	37	1	42	6.71193e-96	TRUE	ORF1ab:cds-YP_009724389.1	TCT	S	ACT	T	3675
NC_045512.2	11288	T	A	0	0	0	42	2	37	1	42	6.71193e-96	TRUE	ORF1ab:cds-YP_009725295.1	TCT	S	ACT	T	3675
NC_045512.2	11291	G	T	0	0	0	1	0	37	0.0142857	70	0.00104466	TRUE	ORF1ab:cds-YP_009724389.1	GGT	G	TGT	C	3676
NC_045512.2	11291	G	T	0	0	0	1	0	37	0.0142857	70	0.00104466	TRUE	ORF1ab:cds-YP_009725295.1	GGT	G	TGT	C	3676
NC_045512.2	11291	G	A	0	0	0	69	30	36	0.985714	70	3.24667e-145	TRUE	ORF1ab:cds-YP_009724389.1	GGT	G	AGT	S	3676
NC_045512.2	11291	G	A	0	0	0	69	30	36	0.985714	70	3.24667e-145	TRUE	ORF1ab:cds-YP_009725295.1	GGT	G	AGT	S	3676
NC_045512.2	11296	T	G	0	0	0	247	180	36	1	247	0	TRUE	ORF1ab:cds-YP_009724389.1	TTT	F	TTG	L	3677
NC_045512.2	11296	T	G	0	0	0	247	180	36	1	247	0	TRUE	ORF1ab:cds-YP_009725295.1	TTT	F	TTG	L	3677
NC_045512.2	11301	T	C	4293	1232	40	6	0	37	0.00139567	4299	0.377025	FALSE	ORF1ab:cds-YP_009724389.1	CTA	L	CCA	P	3679
NC_045512.2	11301	T	C	4293	1232	40	6	0	37	0.00139567	4299	0.377025	FALSE	ORF1ab:cds-YP_009725295.1	CTA	L	CCA	P	3679
NC_045512.2	11305	A	T	4458	1458	41	1	1	37	0.000224215	4460	0.968785	FALSE	ORF1ab:cds-YP_009724389.1	AAA	K	AAT	N	3680
NC_045512.2	11305	A	T	4458	1458	41	1	1	37	0.000224215	4460	0.968785	FALSE	ORF1ab:cds-YP_009725295.1	AAA	K	AAT	N	3680
NC_045512.2	11305	A	G	4458	1458	41	1	1	74	0.000224215	4460	0.5	FALSE	ORF1ab:cds-YP_009724389.1	AAA	K	AAG	K	3680
NC_045512.2	11305	A	G	4458	1458	41	1	1	74	0.000224215	4460	0.5	FALSE	ORF1ab:cds-YP_009725295.1	AAA	K	AAG	K	3680
NC_045512.2	11307	A	G	4529	1462	41	1	1	37	0.000220751	4530	0.968802	FALSE	ORF1ab:cds-YP_009724389.1	GAC	D	GGC	G	3681
NC_045512.2	11307	A	G	4529	1462	41	1	1	37	0.000220751	4530	0.968802	FALSE	ORF1ab:cds-YP_009725295.1	GAC	D	GGC	G	3681
NC_045512.2	11308	C	T	4510	1488	41	1	0	37	0.000221631	4512	0.968785	FALSE	ORF1ab:cds-YP_009724389.1	GAC	D	GAT	D	3681
NC_045512.2	11308	C	T	4510	1488	41	1	0	37	0.000221631	4512	0.968785	FALSE	ORF1ab:cds-YP_009725295.1	GAC	D	GAT	D	3681
NC_045512.2	11308	C	A	4510	1488	41	1	1	37	0.000221631	4512	0.968785	FALSE	ORF1ab:cds-YP_009724389.1	GAC	D	GAA	E	3681
NC_045512.2	11308	C	A	4510	1488	41	1	1	37	0.000221631	4512	0.968785	FALSE	ORF1ab:cds-YP_009725295.1	GAC	D	GAA	E	3681
NC_045512.2	11309	T	G	4380	1447	41	1	0	25	0.000228102	4384	1	FALSE	ORF1ab:cds-YP_009724389.1	TGT	C	GGT	G	3682
NC_045512.2	11309	T	G	4380	1447	41	1	0	25	0.000228102	4384	1	FALSE	ORF1ab:cds-YP_009725295.1	TGT	C	GGT	G	3682
NC_045512.2	11309	T	C	4380	1447	41	3	1	33	0.000684307	4384	0.773531	FALSE	ORF1ab:cds-YP_009724389.1	TGT	C	CGT	R	3682
NC_045512.2	11309	T	C	4380	1447	41	3	1	33	0.000684307	4384	0.773531	FALSE	ORF1ab:cds-YP_009725295.1	TGT	C	CGT	R	3682
NC_045512.2	11310	G	A	4807	1486	41	2	0	32	0.000415887	4809	0.890747	FALSE	ORF1ab:cds-YP_009724389.1	TGT	C	TAT	Y	3682
NC_045512.2	11310	G	A	4807	1486	41	2	0	32	0.000415887	4809	0.890747	FALSE	ORF1ab:cds-YP_009725295.1	TGT	C	TAT	Y	3682
NC_045512.2	11311	T	G	4649	1464	41	1	0	25	0.000215008	4651	1	FALSE	ORF1ab:cds-YP_009724389.1	TGT	C	TGG	W	3682
NC_045512.2	11311	T	G	4649	1464	41	1	0	25	0.000215008	4651	1	FALSE	ORF1ab:cds-YP_009725295.1	TGT	C	TGG	W	3682
NC_045512.2	11311	T	C	4649	1464	41	1	1	37	0.000215008	4651	0.968784	FALSE	ORF1ab:cds-YP_009724389.1	TGT	C	TGC	C	3682
NC_045512.2	11311	T	C	4649	1464	41	1	1	37	0.000215008	4651	0.968784	FALSE	ORF1ab:cds-YP_009725295.1	TGT	C	TGC	C	3682
NC_045512.2	11313	T	G	4647	1541	40	1	0	37	0.0002151	4649	0.968784	FALSE	ORF1ab:cds-YP_009724389.1	GTT	V	GGT	G	3683
NC_045512.2	11313	T	G	4647	1541	40	1	0	37	0.0002151	4649	0.968784	FALSE	ORF1ab:cds-YP_009725295.1	GTT	V	GGT	G	3683
NC_045512.2	11313	T	C	4647	1541	40	1	0	37	0.0002151	4649	0.968784	FALSE	ORF1ab:cds-YP_009724389.1	GTT	V	GCT	A	3683
NC_045512.2	11313	T	C	4647	1541	40	1	0	37	0.0002151	4649	0.968784	FALSE	ORF1ab:cds-YP_009725295.1	GTT	V	GCT	A	3683
NC_045512.2	11315	A	T	4847	1577	41	1	1	25	0.000206271	4848	1	FALSE	ORF1ab:cds-YP_009724389.1	ATG	M	TTG	L	3684
NC_045512.2	11315	A	T	4847	1577	41	1	1	25	0.000206271	4848	1	FALSE	ORF1ab:cds-YP_009725295.1	ATG	M	TTG	L	3684
NC_045512.2	11316	T	G	4795	1552	40	1	1	25	0.00020842	4798	1	FALSE	ORF1ab:cds-YP_009724389.1	ATG	M	AGG	R	3684
NC_045512.2	11316	T	G	4795	1552	40	1	1	25	0.00020842	4798	1	FALSE	ORF1ab:cds-YP_009725295.1	ATG	M	AGG	R	3684
NC_045512.2	11316	T	C	4795	1552	40	1	1	48	0.00020842	4798	0.499948	FALSE	ORF1ab:cds-YP_009724389.1	ATG	M	ACG	T	3684
NC_045512.2	11316	T	C	4795	1552	40	1	1	48	0.00020842	4798	0.499948	FALSE	ORF1ab:cds-YP_009725295.1	ATG	M	ACG	T	3684
NC_045512.2	11316	T	A	4795	1552	40	1	1	37	0.00020842	4798	0.968766	FALSE	ORF1ab:cds-YP_009724389.1	ATG	M	AAG	K	3684
NC_045512.2	11316	T	A	4795	1552	40	1	1	37	0.00020842	4798	0.968766	FALSE	ORF1ab:cds-YP_009725295.1	ATG	M	AAG	K	3684
NC_045512.2	11317	G	T	4890	1562	41	1	0	25	0.000204415	4892	1	FALSE	ORF1ab:cds-YP_009724389.1	ATG	M	ATT	I	3684
NC_045512.2	11317	G	T	4890	1562	41	1	0	25	0.000204415	4892	1	FALSE	ORF1ab:cds-YP_009725295.1	ATG	M	ATT	I	3684
NC_045512.2	11317	G	C	4890	1562	41	1	0	37	0.000204415	4892	0.968782	FALSE	ORF1ab:cds-YP_009724389.1	ATG	M	ATC	I	3684
NC_045512.2	11317	G	C	4890	1562	41	1	0	37	0.000204415	4892	0.968782	FALSE	ORF1ab:cds-YP_009725295.1	ATG	M	ATC	I	3684
NC_045512.2	11319	A	G	4832	1503	41	3	0	49	0.000620476	4835	0.125	FALSE	ORF1ab:cds-YP_009724389.1	TAT	Y	TGT	C	3685
NC_045512.2	11319	A	G	4832	1503	41	3	0	49	0.000620476	4835	0.125	FALSE	ORF1ab:cds-YP_009725295.1	TAT	Y	TGT	C	3685
NC_045512.2	11320	T	C	4838	1474	41	1	0	37	0.000206654	4839	0.968798	FALSE	ORF1ab:cds-YP_009724389.1	TAT	Y	TAC	Y	3685
NC_045512.2	11320	T	C	4838	1474	41	1	0	37	0.000206654	4839	0.968798	FALSE	ORF1ab:cds-YP_009725295.1	TAT	Y	TAC	Y	3685
NC_045512.2	11321	G	A	4768	1493	40	11	4	43	0.00230174	4779	0.000486036	TRUE	ORF1ab:cds-YP_009724389.1	GCA	A	ACA	T	3686
NC_045512.2	11321	G	A	4768	1493	40	11	4	43	0.00230174	4779	0.000486036	TRUE	ORF1ab:cds-YP_009725295.1	GCA	A	ACA	T	3686
NC_045512.2	11322	C	T	4785	1511	40	3	1	37	0.000626436	4789	0.773523	FALSE	ORF1ab:cds-YP_009724389.1	GCA	A	GTA	V	3686
NC_045512.2	11322	C	T	4785	1511	40	3	1	37	0.000626436	4789	0.773523	FALSE	ORF1ab:cds-YP_009725295.1	GCA	A	GTA	V	3686
NC_045512.2	11322	C	A	4785	1511	40	1	0	20	0.000208812	4789	1	FALSE	ORF1ab:cds-YP_009724389.1	GCA	A	GAA	E	3686
NC_045512.2	11322	C	A	4785	1511	40	1	0	20	0.000208812	4789	1	FALSE	ORF1ab:cds-YP_009725295.1	GCA	A	GAA	E	3686
NC_045512.2	11323	A	G	4795	1504	41	2	2	55	0.000416927	4797	0.250026	FALSE	ORF1ab:cds-YP_009724389.1	GCA	A	GCG	A	3686
NC_045512.2	11323	A	G	4795	1504	41	2	2	55	0.000416927	4797	0.250026	FALSE	ORF1ab:cds-YP_009725295.1	GCA	A	GCG	A	3686
NC_045512.2	11325	C	T	4881	1570	41	2	1	37	0.000409584	4883	0.890745	FALSE	ORF1ab:cds-YP_009724389.1	TCA	S	TTA	L	3687
NC_045512.2	11325	C	T	4881	1570	41	2	1	37	0.000409584	4883	0.890745	FALSE	ORF1ab:cds-YP_009725295.1	TCA	S	TTA	L	3687
NC_045512.2	11326	A	G	4888	1602	41	2	0	37	0.000408998	4890	0.890745	FALSE	ORF1ab:cds-YP_009724389.1	TCA	S	TCG	S	3687
NC_045512.2	11326	A	G	4888	1602	41	2	0	37	0.000408998	4890	0.890745	FALSE	ORF1ab:cds-YP_009725295.1	TCA	S	TCG	S	3687
NC_045512.2	11327	G	A	5205	1600	40	3	1	49	0.000576037	5208	0.125	FALSE	ORF1ab:cds-YP_009724389.1	GCT	A	ACT	T	3688
NC_045512.2	11327	G	A	5205	1600	40	3	1	49	0.000576037	5208	0.125	FALSE	ORF1ab:cds-YP_009725295.1	GCT	A	ACT	T	3688
NC_045512.2	11328	C	T	5135	1596	40	1	0	25	0.000194704	5136	1	FALSE	ORF1ab:cds-YP_009724389.1	GCT	A	GTT	V	3688
NC_045512.2	11328	C	T	5135	1596	40	1	0	25	0.000194704	5136	1	FALSE	ORF1ab:cds-YP_009725295.1	GCT	A	GTT	V	3688
NC_045512.2	11329	T	C	5161	1596	41	1	0	37	0.000193686	5163	0.984398	FALSE	ORF1ab:cds-YP_009724389.1	GCT	A	GCC	A	3688
NC_045512.2	11329	T	C	5161	1596	41	1	0	37	0.000193686	5163	0.984398	FALSE	ORF1ab:cds-YP_009725295.1	GCT	A	GCC	A	3688
NC_045512.2	11329	T	A	5161	1596	41	1	1	37	0.000193686	5163	0.984398	FALSE	ORF1ab:cds-YP_009724389.1	GCT	A	GCA	A	3688
NC_045512.2	11329	T	A	5161	1596	41	1	1	37	0.000193686	5163	0.984398	FALSE	ORF1ab:cds-YP_009725295.1	GCT	A	GCA	A	3688
NC_045512.2	11330	G	A	5197	1599	41	4	0	34	0.000769083	5201	0.746283	FALSE	ORF1ab:cds-YP_009724389.1	GTA	V	ATA	I	3689
NC_045512.2	11330	G	A	5197	1599	41	4	0	34	0.000769083	5201	0.746283	FALSE	ORF1ab:cds-YP_009725295.1	GTA	V	ATA	I	3689
NC_045512.2	11331	T	C	5005	1614	40	1	0	25	0.00019976	5006	1	FALSE	ORF1ab:cds-YP_009724389.1	GTA	V	GCA	A	3689
NC_045512.2	11331	T	C	5005	1614	40	1	0	25	0.00019976	5006	1	FALSE	ORF1ab:cds-YP_009725295.1	GTA	V	GCA	A	3689
NC_045512.2	11332	A	G	4553	1657	39	1	1	37	0.000219587	4554	0.968801	FALSE	ORF1ab:cds-YP_009724389.1	GTA	V	GTG	V	3689
NC_045512.2	11332	A	G	4553	1657	39	1	1	37	0.000219587	4554	0.968801	FALSE	ORF1ab:cds-YP_009725295.1	GTA	V	GTG	V	3689
NC_045512.2	11334	T	G	4193	1874	38	1	1	37	0.000238379	4195	0.968787	FALSE	ORF1ab:cds-YP_009724389.1	GTG	V	GGG	G	3690
NC_045512.2	11334	T	G	4193	1874	38	1	1	37	0.000238379	4195	0.968787	FALSE	ORF1ab:cds-YP_009725295.1	GTG	V	GGG	G	3690
NC_045512.2	11334	T	A	4193	1874	38	1	0	37	0.000238379	4195	0.968787	FALSE	ORF1ab:cds-YP_009724389.1	GTG	V	GAG	E	3690
NC_045512.2	11334	T	A	4193	1874	38	1	0	37	0.000238379	4195	0.968787	FALSE	ORF1ab:cds-YP_009725295.1	GTG	V	GAG	E	3690
NC_045512.2	11340	T	C	4294	1763	38	2	0	37	0.000465549	4296	0.890761	FALSE	ORF1ab:cds-YP_009724389.1	CTA	L	CCA	P	3692
NC_045512.2	11340	T	C	4294	1763	38	2	0	37	0.000465549	4296	0.890761	FALSE	ORF1ab:cds-YP_009725295.1	CTA	L	CCA	P	3692
NC_045512.2	11342	A	C	4336	1829	38	1	1	37	0.000230574	4337	0.968804	FALSE	ORF1ab:cds-YP_009724389.1	ATC	I	CTC	L	3693
NC_045512.2	11342	A	C	4336	1829	38	1	1	37	0.000230574	4337	0.968804	FALSE	ORF1ab:cds-YP_009725295.1	ATC	I	CTC	L	3693
NC_045512.2	11346	T	A	4295	1738	37	1	1	37	0.000232775	4296	0.968805	FALSE	ORF1ab:cds-YP_009724389.1	CTT	L	CAT	H	3694
NC_045512.2	11346	T	A	4295	1738	37	1	1	37	0.000232775	4296	0.968805	FALSE	ORF1ab:cds-YP_009725295.1	CTT	L	CAT	H	3694
NC_045512.2	11347	T	C	4328	1764	38	1	1	37	0.000230947	4330	0.968786	FALSE	ORF1ab:cds-YP_009724389.1	CTT	L	CTC	L	3694
NC_045512.2	11347	T	C	4328	1764	38	1	1	37	0.000230947	4330	0.968786	FALSE	ORF1ab:cds-YP_009725295.1	CTT	L	CTC	L	3694
NC_045512.2	11347	T	A	4328	1764	38	1	0	25	0.000230947	4330	1	FALSE	ORF1ab:cds-YP_009724389.1	CTT	L	CTA	L	3694
NC_045512.2	11347	T	A	4328	1764	38	1	0	25	0.000230947	4330	1	FALSE	ORF1ab:cds-YP_009725295.1	CTT	L	CTA	L	3694
NC_045512.2	11348	A	G	4251	1709	37	1	0	37	0.000235018	4255	0.96875	FALSE	ORF1ab:cds-YP_009724389.1	ATG	M	GTG	V	3695
NC_045512.2	11348	A	G	4251	1709	37	1	0	37	0.000235018	4255	0.96875	FALSE	ORF1ab:cds-YP_009725295.1	ATG	M	GTG	V	3695
NC_045512.2	11348	A	C	4251	1709	37	3	3	29	0.000705053	4255	1	FALSE	ORF1ab:cds-YP_009724389.1	ATG	M	CTG	L	3695
NC_045512.2	11348	A	C	4251	1709	37	3	3	29	0.000705053	4255	1	FALSE	ORF1ab:cds-YP_009725295.1	ATG	M	CTG	L	3695
NC_045512.2	11349	T	G	4451	1936	38	1	1	25	0.000224618	4452	1	FALSE	ORF1ab:cds-YP_009724389.1	ATG	M	AGG	R	3695
NC_045512.2	11349	T	G	4451	1936	38	1	1	25	0.000224618	4452	1	FALSE	ORF1ab:cds-YP_009725295.1	ATG	M	AGG	R	3695
NC_045512.2	11351	A	C	4531	2037	38	1	1	25	0.000220653	4532	1	FALSE	ORF1ab:cds-YP_009724389.1	ACA	T	CCA	P	3696
NC_045512.2	11351	A	C	4531	2037	38	1	1	25	0.000220653	4532	1	FALSE	ORF1ab:cds-YP_009725295.1	ACA	T	CCA	P	3696
NC_045512.2	11352	C	T	4590	2098	38	1	1	37	0.000217817	4591	0.968801	FALSE	ORF1ab:cds-YP_009724389.1	ACA	T	ATA	I	3696
NC_045512.2	11352	C	T	4590	2098	38	1	1	37	0.000217817	4591	0.968801	FALSE	ORF1ab:cds-YP_009725295.1	ACA	T	ATA	I	3696
NC_045512.2	11354	G	A	4531	1993	38	6	2	35	0.00132246	4537	0.377021	FALSE	ORF1ab:cds-YP_009724389.1	GCA	A	ACA	T	3697
NC_045512.2	11354	G	A	4531	1993	38	6	2	35	0.00132246	4537	0.377021	FALSE	ORF1ab:cds-YP_009725295.1	GCA	A	ACA	T	3697
NC_045512.2	11356	A	G	4668	2107	38	1	1	74	0.000214179	4669	0.500054	FALSE	ORF1ab:cds-YP_009724389.1	GCA	A	GCG	A	3697
NC_045512.2	11356	A	G	4668	2107	38	1	1	74	0.000214179	4669	0.500054	FALSE	ORF1ab:cds-YP_009725295.1	GCA	A	GCG	A	3697
NC_045512.2	11358	G	A	4659	2096	38	1	0	37	0.000214592	4660	0.9688	FALSE	ORF1ab:cds-YP_009724389.1	AGA	R	AAA	K	3698
NC_045512.2	11358	G	A	4659	2096	38	1	0	37	0.000214592	4660	0.9688	FALSE	ORF1ab:cds-YP_009725295.1	AGA	R	AAA	K	3698
NC_045512.2	11359	A	T	4670	2102	38	2	1	27	0.000427991	4673	1	FALSE	ORF1ab:cds-YP_009724389.1	AGA	R	AGT	S	3698
NC_045512.2	11359	A	T	4670	2102	38	2	1	27	0.000427991	4673	1	FALSE	ORF1ab:cds-YP_009725295.1	AGA	R	AGT	S	3698
NC_045512.2	11359	A	G	4670	2102	38	1	0	37	0.000213995	4673	0.968767	FALSE	ORF1ab:cds-YP_009724389.1	AGA	R	AGG	R	3698
NC_045512.2	11359	A	G	4670	2102	38	1	0	37	0.000213995	4673	0.968767	FALSE	ORF1ab:cds-YP_009725295.1	AGA	R	AGG	R	3698
NC_045512.2	11360	A	G	4592	2078	38	1	1	37	0.000217628	4595	0.968767	FALSE	ORF1ab:cds-YP_009724389.1	ACT	T	GCT	A	3699
NC_045512.2	11360	A	G	4592	2078	38	1	1	37	0.000217628	4595	0.968767	FALSE	ORF1ab:cds-YP_009725295.1	ACT	T	GCT	A	3699
NC_045512.2	11360	A	C	4592	2078	38	2	2	25	0.000435256	4595	1	FALSE	ORF1ab:cds-YP_009724389.1	ACT	T	CCT	P	3699
NC_045512.2	11360	A	C	4592	2078	38	2	2	25	0.000435256	4595	1	FALSE	ORF1ab:cds-YP_009725295.1	ACT	T	CCT	P	3699
NC_045512.2	11362	T	G	4549	2089	38	2	0	31	0.000439464	4551	0.890754	FALSE	ORF1ab:cds-YP_009724389.1	ACT	T	ACG	T	3699
NC_045512.2	11362	T	G	4549	2089	38	2	0	31	0.000439464	4551	0.890754	FALSE	ORF1ab:cds-YP_009725295.1	ACT	T	ACG	T	3699
NC_045512.2	11363	G	A	4797	2123	38	1	1	37	0.00020842	4798	0.968799	FALSE	ORF1ab:cds-YP_009724389.1	GTG	V	ATG	M	3700
NC_045512.2	11363	G	A	4797	2123	38	1	1	37	0.00020842	4798	0.968799	FALSE	ORF1ab:cds-YP_009725295.1	GTG	V	ATG	M	3700
NC_045512.2	11364	T	G	4626	2156	38	2	0	25	0.000432152	4628	1	FALSE	ORF1ab:cds-YP_009724389.1	GTG	V	GGG	G	3700
NC_045512.2	11364	T	G	4626	2156	38	2	0	25	0.000432152	4628	1	FALSE	ORF1ab:cds-YP_009725295.1	GTG	V	GGG	G	3700
NC_045512.2	11365	G	A	4837	2156	39	2	1	31	0.000413309	4839	0.890746	FALSE	ORF1ab:cds-YP_009724389.1	GTG	V	GTA	V	3700
NC_045512.2	11365	G	A	4837	2156	39	2	1	31	0.000413309	4839	0.890746	FALSE	ORF1ab:cds-YP_009725295.1	GTG	V	GTA	V	3700
NC_045512.2	11366	T	G	4781	2170	39	1	0	29	0.000209118	4782	1	FALSE	ORF1ab:cds-YP_009724389.1	TAT	Y	GAT	D	3701
NC_045512.2	11366	T	G	4781	2170	39	1	0	29	0.000209118	4782	1	FALSE	ORF1ab:cds-YP_009725295.1	TAT	Y	GAT	D	3701
NC_045512.2	11367	A	G	4731	2140	38	1	1	37	0.000211282	4733	0.968783	FALSE	ORF1ab:cds-YP_009724389.1	TAT	Y	TGT	C	3701
NC_045512.2	11367	A	G	4731	2140	38	1	1	37	0.000211282	4733	0.968783	FALSE	ORF1ab:cds-YP_009725295.1	TAT	Y	TGT	C	3701
NC_045512.2	11367	A	C	4731	2140	38	1	0	37	0.000211282	4733	0.968783	FALSE	ORF1ab:cds-YP_009724389.1	TAT	Y	TCT	S	3701
NC_045512.2	11367	A	C	4731	2140	38	1	0	37	0.000211282	4733	0.968783	FALSE	ORF1ab:cds-YP_009725295.1	TAT	Y	TCT	S	3701
NC_045512.2	11368	T	G	4747	2136	38	1	0	25	0.000210615	4748	1	FALSE	ORF1ab:cds-YP_009724389.1	TAT	Y	TAG	*	3701
NC_045512.2	11368	T	G	4747	2136	38	1	0	25	0.000210615	4748	1	FALSE	ORF1ab:cds-YP_009725295.1	TAT	Y	TAG	*	3701
NC_045512.2	11370	A	T	4762	2103	39	1	1	25	0.000209952	4763	1	FALSE	ORF1ab:cds-YP_009724389.1	GAT	D	GTT	V	3702
NC_045512.2	11370	A	T	4762	2103	39	1	1	25	0.000209952	4763	1	FALSE	ORF1ab:cds-YP_009725295.1	GAT	D	GTT	V	3702
NC_045512.2	11371	T	A	4627	2071	39	1	0	25	0.000216076	4628	1	FALSE	ORF1ab:cds-YP_009724389.1	GAT	D	GAA	E	3702
NC_045512.2	11371	T	A	4627	2071	39	1	0	25	0.000216076	4628	1	FALSE	ORF1ab:cds-YP_009725295.1	GAT	D	GAA	E	3702
NC_045512.2	11372	G	A	4515	1988	39	1	1	37	0.000221435	4516	0.968802	FALSE	ORF1ab:cds-YP_009724389.1	GAT	D	AAT	N	3703
NC_045512.2	11372	G	A	4515	1988	39	1	1	37	0.000221435	4516	0.968802	FALSE	ORF1ab:cds-YP_009725295.1	GAT	D	AAT	N	3703
NC_045512.2	11373	A	T	4410	1938	38	1	0	37	0.000226603	4413	0.968768	FALSE	ORF1ab:cds-YP_009724389.1	GAT	D	GTT	V	3703
NC_045512.2	11373	A	T	4410	1938	38	1	0	37	0.000226603	4413	0.968768	FALSE	ORF1ab:cds-YP_009725295.1	GAT	D	GTT	V	3703
NC_045512.2	11373	A	G	4410	1938	38	2	1	37	0.000453206	4413	0.890705	FALSE	ORF1ab:cds-YP_009724389.1	GAT	D	GGT	G	3703
NC_045512.2	11373	A	G	4410	1938	38	2	1	37	0.000453206	4413	0.890705	FALSE	ORF1ab:cds-YP_009725295.1	GAT	D	GGT	G	3703
NC_045512.2	11376	G	A	4374	1981	38	1	0	37	0.000228571	4375	0.968804	FALSE	ORF1ab:cds-YP_009724389.1	GGT	G	GAT	D	3704
NC_045512.2	11376	G	A	4374	1981	38	1	0	37	0.000228571	4375	0.968804	FALSE	ORF1ab:cds-YP_009725295.1	GGT	G	GAT	D	3704
NC_045512.2	11377	T	C	4406	1970	38	1	0	37	0.000226912	4407	0.968803	FALSE	ORF1ab:cds-YP_009724389.1	GGT	G	GGC	G	3704
NC_045512.2	11377	T	C	4406	1970	38	1	0	37	0.000226912	4407	0.968803	FALSE	ORF1ab:cds-YP_009725295.1	GGT	G	GGC	G	3704
NC_045512.2	11378	G	A	4493	1994	39	2	0	37	0.000444939	4495	0.890755	FALSE	ORF1ab:cds-YP_009724389.1	GCT	A	ACT	T	3705
NC_045512.2	11378	G	A	4493	1994	39	2	0	37	0.000444939	4495	0.890755	FALSE	ORF1ab:cds-YP_009725295.1	GCT	A	ACT	T	3705
NC_045512.2	11379	C	T	4956	2669	41	5	3	37	0.00100786	4961	0.500124	FALSE	ORF1ab:cds-YP_009724389.1	GCT	A	GTT	V	3705
NC_045512.2	11379	C	T	4956	2669	41	5	3	37	0.00100786	4961	0.500124	FALSE	ORF1ab:cds-YP_009725295.1	GCT	A	GTT	V	3705
NC_045512.2	11380	T	C	4940	2663	40	1	1	37	0.000202388	4941	0.968797	FALSE	ORF1ab:cds-YP_009724389.1	GCT	A	GCC	A	3705
NC_045512.2	11380	T	C	4940	2663	40	1	1	37	0.000202388	4941	0.968797	FALSE	ORF1ab:cds-YP_009725295.1	GCT	A	GCC	A	3705
NC_045512.2	11383	G	T	4921	2772	40	1	0	20	0.000203128	4923	1	FALSE	ORF1ab:cds-YP_009724389.1	AGG	R	AGT	S	3706
NC_045512.2	11383	G	T	4921	2772	40	1	0	20	0.000203128	4923	1	FALSE	ORF1ab:cds-YP_009725295.1	AGG	R	AGT	S	3706
NC_045512.2	11383	G	A	4921	2772	40	1	0	37	0.000203128	4923	0.968782	FALSE	ORF1ab:cds-YP_009724389.1	AGG	R	AGA	R	3706
NC_045512.2	11383	G	A	4921	2772	40	1	0	37	0.000203128	4923	0.968782	FALSE	ORF1ab:cds-YP_009725295.1	AGG	R	AGA	R	3706
NC_045512.2	11386	A	C	4646	2481	41	1	0	37	0.000215193	4647	0.9688	FALSE	ORF1ab:cds-YP_009724389.1	AGA	R	AGC	S	3707
NC_045512.2	11386	A	C	4646	2481	41	1	0	37	0.000215193	4647	0.9688	FALSE	ORF1ab:cds-YP_009725295.1	AGA	R	AGC	S	3707
NC_045512.2	11387	G	T	4686	2548	41	1	1	37	0.000213311	4688	0.968783	FALSE	ORF1ab:cds-YP_009724389.1	GTG	V	TTG	L	3708
NC_045512.2	11387	G	T	4686	2548	41	1	1	37	0.000213311	4688	0.968783	FALSE	ORF1ab:cds-YP_009725295.1	GTG	V	TTG	L	3708
NC_045512.2	11387	G	A	4686	2548	41	1	0	37	0.000213311	4688	0.968783	FALSE	ORF1ab:cds-YP_009724389.1	GTG	V	ATG	M	3708
NC_045512.2	11387	G	A	4686	2548	41	1	0	37	0.000213311	4688	0.968783	FALSE	ORF1ab:cds-YP_009725295.1	GTG	V	ATG	M	3708
NC_045512.2	11389	G	A	4706	2577	41	1	0	37	0.00021245	4707	0.9688	FALSE	ORF1ab:cds-YP_009724389.1	GTG	V	GTA	V	3708
NC_045512.2	11389	G	A	4706	2577	41	1	0	37	0.00021245	4707	0.9688	FALSE	ORF1ab:cds-YP_009725295.1	GTG	V	GTA	V	3708
NC_045512.2	11391	G	T	4689	2567	41	2	1	37	0.000426257	4692	0.8907	FALSE	ORF1ab:cds-YP_009724389.1	TGG	W	TTG	L	3709
NC_045512.2	11391	G	T	4689	2567	41	2	1	37	0.000426257	4692	0.8907	FALSE	ORF1ab:cds-YP_009725295.1	TGG	W	TTG	L	3709
NC_045512.2	11391	G	A	4689	2567	41	1	0	37	0.000213129	4692	0.968767	FALSE	ORF1ab:cds-YP_009724389.1	TGG	W	TAG	*	3709
NC_045512.2	11391	G	A	4689	2567	41	1	0	37	0.000213129	4692	0.968767	FALSE	ORF1ab:cds-YP_009725295.1	TGG	W	TAG	*	3709
NC_045512.2	11392	G	A	4665	2597	41	1	0	37	0.000214316	4666	0.9688	FALSE	ORF1ab:cds-YP_009724389.1	TGG	W	TGA	*	3709
NC_045512.2	11392	G	A	4665	2597	41	1	0	37	0.000214316	4666	0.9688	FALSE	ORF1ab:cds-YP_009725295.1	TGG	W	TGA	*	3709
NC_045512.2	11393	A	G	4607	2532	41	1	1	37	0.000217014	4608	0.968801	FALSE	ORF1ab:cds-YP_009724389.1	ACA	T	GCA	A	3710
NC_045512.2	11393	A	G	4607	2532	41	1	1	37	0.000217014	4608	0.968801	FALSE	ORF1ab:cds-YP_009725295.1	ACA	T	GCA	A	3710
NC_045512.2	11395	A	C	4634	2652	41	1	0	25	0.00021575	4635	1	FALSE	ORF1ab:cds-YP_009724389.1	ACA	T	ACC	T	3710
NC_045512.2	11395	A	C	4634	2652	41	1	0	25	0.00021575	4635	1	FALSE	ORF1ab:cds-YP_009725295.1	ACA	T	ACC	T	3710
NC_045512.2	11396	C	T	4687	2618	41	1	0	37	0.000213311	4688	0.9688	FALSE	ORF1ab:cds-YP_009724389.1	CTT	L	TTT	F	3711
NC_045512.2	11396	C	T	4687	2618	41	1	0	37	0.000213311	4688	0.9688	FALSE	ORF1ab:cds-YP_009725295.1	CTT	L	TTT	F	3711
NC_045512.2	11397	T	C	4553	2536	41	2	2	55	0.000439078	4555	0.250027	FALSE	ORF1ab:cds-YP_009724389.1	CTT	L	CCT	P	3711
NC_045512.2	11397	T	C	4553	2536	41	2	2	55	0.000439078	4555	0.250027	FALSE	ORF1ab:cds-YP_009725295.1	CTT	L	CCT	P	3711
NC_045512.2	11398	T	G	4626	2576	41	1	0	25	0.000216029	4629	1	FALSE	ORF1ab:cds-YP_009724389.1	CTT	L	CTG	L	3711
NC_045512.2	11398	T	G	4626	2576	41	1	0	25	0.000216029	4629	1	FALSE	ORF1ab:cds-YP_009725295.1	CTT	L	CTG	L	3711
NC_045512.2	11398	T	C	4626	2576	41	2	2	55	0.000432059	4629	0.249973	FALSE	ORF1ab:cds-YP_009724389.1	CTT	L	CTC	L	3711
NC_045512.2	11398	T	C	4626	2576	41	2	2	55	0.000432059	4629	0.249973	FALSE	ORF1ab:cds-YP_009725295.1	CTT	L	CTC	L	3711
NC_045512.2	11400	T	C	4540	2605	41	1	1	37	0.000220216	4541	0.968802	FALSE	ORF1ab:cds-YP_009724389.1	ATG	M	ACG	T	3712
NC_045512.2	11400	T	C	4540	2605	41	1	1	37	0.000220216	4541	0.968802	FALSE	ORF1ab:cds-YP_009725295.1	ATG	M	ACG	T	3712
NC_045512.2	11403	A	T	4381	2557	40	1	0	37	0.000227946	4387	0.968714	FALSE	ORF1ab:cds-YP_009724389.1	AAT	N	ATT	I	3713
NC_045512.2	11403	A	T	4381	2557	40	1	0	37	0.000227946	4387	0.968714	FALSE	ORF1ab:cds-YP_009725295.1	AAT	N	ATT	I	3713
NC_045512.2	11403	A	G	4381	2557	40	3	2	40	0.000683839	4387	0.124872	FALSE	ORF1ab:cds-YP_009724389.1	AAT	N	AGT	S	3713
NC_045512.2	11403	A	G	4381	2557	40	3	2	40	0.000683839	4387	0.124872	FALSE	ORF1ab:cds-YP_009725295.1	AAT	N	AGT	S	3713
NC_045512.2	11403	A	C	4381	2557	40	2	2	25	0.000455892	4387	1	FALSE	ORF1ab:cds-YP_009724389.1	AAT	N	ACT	T	3713
NC_045512.2	11403	A	C	4381	2557	40	2	2	25	0.000455892	4387	1	FALSE	ORF1ab:cds-YP_009725295.1	AAT	N	ACT	T	3713
NC_045512.2	11403	A	+C	4381	2557	40	1	0	20	0.000227946	4387	1	FALSE	NA	NA	NA	NA	NA	NA
NC_045512.2	11404	T	G	4510	2713	42	1	1	25	0.000221582	4513	1	FALSE	ORF1ab:cds-YP_009724389.1	AAT	N	AAG	K	3713
NC_045512.2	11404	T	G	4510	2713	42	1	1	25	0.000221582	4513	1	FALSE	ORF1ab:cds-YP_009725295.1	AAT	N	AAG	K	3713
NC_045512.2	11404	T	C	4510	2713	42	1	1	37	0.000221582	4513	0.968767	FALSE	ORF1ab:cds-YP_009724389.1	AAT	N	AAC	N	3713
NC_045512.2	11404	T	C	4510	2713	42	1	1	37	0.000221582	4513	0.968767	FALSE	ORF1ab:cds-YP_009725295.1	AAT	N	AAC	N	3713
NC_045512.2	11404	T	A	4510	2713	42	1	1	37	0.000221582	4513	0.968767	FALSE	ORF1ab:cds-YP_009724389.1	AAT	N	AAA	K	3713
NC_045512.2	11404	T	A	4510	2713	42	1	1	37	0.000221582	4513	0.968767	FALSE	ORF1ab:cds-YP_009725295.1	AAT	N	AAA	K	3713
NC_045512.2	11405	G	T	4486	2711	42	1	1	25	0.000222866	4487	1	FALSE	ORF1ab:cds-YP_009724389.1	GTC	V	TTC	F	3714
NC_045512.2	11405	G	T	4486	2711	42	1	1	25	0.000222866	4487	1	FALSE	ORF1ab:cds-YP_009725295.1	GTC	V	TTC	F	3714
NC_045512.2	11406	T	C	4388	2705	41	1	1	37	0.000227739	4391	0.968768	FALSE	ORF1ab:cds-YP_009724389.1	GTC	V	GCC	A	3714
NC_045512.2	11406	T	C	4388	2705	41	1	1	37	0.000227739	4391	0.968768	FALSE	ORF1ab:cds-YP_009725295.1	GTC	V	GCC	A	3714
NC_045512.2	11406	T	A	4388	2705	41	2	2	25	0.000455477	4391	1	FALSE	ORF1ab:cds-YP_009724389.1	GTC	V	GAC	D	3714
NC_045512.2	11406	T	A	4388	2705	41	2	2	25	0.000455477	4391	1	FALSE	ORF1ab:cds-YP_009725295.1	GTC	V	GAC	D	3714
NC_045512.2	11407	C	A	4460	2761	42	1	1	25	0.000224165	4461	1	FALSE	ORF1ab:cds-YP_009724389.1	GTC	V	GTA	V	3714
NC_045512.2	11407	C	A	4460	2761	42	1	1	25	0.000224165	4461	1	FALSE	ORF1ab:cds-YP_009725295.1	GTC	V	GTA	V	3714
NC_045512.2	11408	T	C	4443	2795	42	1	1	37	0.000225023	4444	0.968803	FALSE	ORF1ab:cds-YP_009724389.1	TTG	L	CTG	L	3715
NC_045512.2	11408	T	C	4443	2795	42	1	1	37	0.000225023	4444	0.968803	FALSE	ORF1ab:cds-YP_009725295.1	TTG	L	CTG	L	3715
NC_045512.2	11411	A	G	4691	3360	43	1	0	20	0.000213129	4692	1	FALSE	ORF1ab:cds-YP_009724389.1	ACA	T	GCA	A	3716
NC_045512.2	11411	A	G	4691	3360	43	1	0	20	0.000213129	4692	1	FALSE	ORF1ab:cds-YP_009725295.1	ACA	T	GCA	A	3716
NC_045512.2	11412	C	A	4717	3395	43	1	0	25	0.000211954	4718	1	FALSE	ORF1ab:cds-YP_009724389.1	ACA	T	AAA	K	3716
NC_045512.2	11412	C	A	4717	3395	43	1	0	25	0.000211954	4718	1	FALSE	ORF1ab:cds-YP_009725295.1	ACA	T	AAA	K	3716
NC_045512.2	11416	C	T	4763	3596	43	2	1	55	0.000419727	4765	0.250026	FALSE	ORF1ab:cds-YP_009724389.1	CTC	L	CTT	L	3717
NC_045512.2	11416	C	T	4763	3596	43	2	1	55	0.000419727	4765	0.250026	FALSE	ORF1ab:cds-YP_009725295.1	CTC	L	CTT	L	3717
NC_045512.2	11417	G	A	4814	3651	43	1	0	74	0.000207684	4815	0.500052	FALSE	ORF1ab:cds-YP_009724389.1	GTT	V	ATT	I	3718
NC_045512.2	11417	G	A	4814	3651	43	1	0	74	0.000207684	4815	0.500052	FALSE	ORF1ab:cds-YP_009725295.1	GTT	V	ATT	I	3718
NC_045512.2	11418	T	G	4771	3664	42	1	0	25	0.000209556	4772	1	FALSE	ORF1ab:cds-YP_009724389.1	GTT	V	GGT	G	3718
NC_045512.2	11418	T	G	4771	3664	42	1	0	25	0.000209556	4772	1	FALSE	ORF1ab:cds-YP_009725295.1	GTT	V	GGT	G	3718
NC_045512.2	11419	T	G	4798	3705	43	1	0	25	0.000208333	4800	1	FALSE	ORF1ab:cds-YP_009724389.1	GTT	V	GTG	V	3718
NC_045512.2	11419	T	G	4798	3705	43	1	0	25	0.000208333	4800	1	FALSE	ORF1ab:cds-YP_009725295.1	GTT	V	GTG	V	3718
NC_045512.2	11419	T	C	4798	3705	43	1	1	37	0.000208333	4800	0.968783	FALSE	ORF1ab:cds-YP_009724389.1	GTT	V	GTC	V	3718
NC_045512.2	11419	T	C	4798	3705	43	1	1	37	0.000208333	4800	0.968783	FALSE	ORF1ab:cds-YP_009725295.1	GTT	V	GTC	V	3718
NC_045512.2	11423	A	T	4836	3805	43	1	1	25	0.00020674	4837	1	FALSE	ORF1ab:cds-YP_009724389.1	AAA	K	TAA	*	3720
NC_045512.2	11423	A	T	4836	3805	43	1	1	25	0.00020674	4837	1	FALSE	ORF1ab:cds-YP_009725295.1	AAA	K	TAA	*	3720
NC_045512.2	11424	A	C	4746	3761	42	1	1	25	0.000210659	4747	1	FALSE	ORF1ab:cds-YP_009724389.1	AAA	K	ACA	T	3720
NC_045512.2	11424	A	C	4746	3761	42	1	1	25	0.000210659	4747	1	FALSE	ORF1ab:cds-YP_009725295.1	AAA	K	ACA	T	3720
NC_045512.2	11425	A	C	4810	3852	43	1	1	20	0.000207857	4811	1	FALSE	ORF1ab:cds-YP_009724389.1	AAA	K	AAC	N	3720
NC_045512.2	11425	A	C	4810	3852	43	1	1	20	0.000207857	4811	1	FALSE	ORF1ab:cds-YP_009725295.1	AAA	K	AAC	N	3720
NC_045512.2	11426	G	A	4811	3864	43	1	1	37	0.000207814	4812	0.968799	FALSE	ORF1ab:cds-YP_009724389.1	GTT	V	ATT	I	3721
NC_045512.2	11426	G	A	4811	3864	43	1	1	37	0.000207814	4812	0.968799	FALSE	ORF1ab:cds-YP_009725295.1	GTT	V	ATT	I	3721
NC_045512.2	11427	T	C	4784	3877	42	1	1	25	0.000208943	4786	1	FALSE	ORF1ab:cds-YP_009724389.1	GTT	V	GCT	A	3721
NC_045512.2	11427	T	C	4784	3877	42	1	1	25	0.000208943	4786	1	FALSE	ORF1ab:cds-YP_009725295.1	GTT	V	GCT	A	3721
NC_045512.2	11427	T	A	4784	3877	42	1	1	25	0.000208943	4786	1	FALSE	ORF1ab:cds-YP_009724389.1	GTT	V	GAT	D	3721
NC_045512.2	11427	T	A	4784	3877	42	1	1	25	0.000208943	4786	1	FALSE	ORF1ab:cds-YP_009725295.1	GTT	V	GAT	D	3721
NC_045512.2	11428	T	C	4746	4018	41	2	2	37	0.00042123	4748	0.890748	FALSE	ORF1ab:cds-YP_009724389.1	GTT	V	GTC	V	3721
NC_045512.2	11428	T	C	4746	4018	41	2	2	37	0.00042123	4748	0.890748	FALSE	ORF1ab:cds-YP_009725295.1	GTT	V	GTC	V	3721
NC_045512.2	11429	T	C	4758	4027	42	1	1	37	0.000210128	4759	0.968799	FALSE	ORF1ab:cds-YP_009724389.1	TAT	Y	CAT	H	3722
NC_045512.2	11429	T	C	4758	4027	42	1	1	37	0.000210128	4759	0.968799	FALSE	ORF1ab:cds-YP_009725295.1	TAT	Y	CAT	H	3722
NC_045512.2	11431	T	G	4723	3994	41	2	2	31	0.000423191	4726	0.890699	FALSE	ORF1ab:cds-YP_009724389.1	TAT	Y	TAG	*	3722
NC_045512.2	11431	T	G	4723	3994	41	2	2	31	0.000423191	4726	0.890699	FALSE	ORF1ab:cds-YP_009725295.1	TAT	Y	TAG	*	3722
NC_045512.2	11431	T	A	4723	3994	41	1	1	37	0.000211595	4726	0.968767	FALSE	ORF1ab:cds-YP_009724389.1	TAT	Y	TAA	*	3722
NC_045512.2	11431	T	A	4723	3994	41	1	1	37	0.000211595	4726	0.968767	FALSE	ORF1ab:cds-YP_009725295.1	TAT	Y	TAA	*	3722
NC_045512.2	11432	T	G	4787	4059	42	4	4	28	0.000834899	4791	1	FALSE	ORF1ab:cds-YP_009724389.1	TAT	Y	GAT	D	3723
NC_045512.2	11432	T	G	4787	4059	42	4	4	28	0.000834899	4791	1	FALSE	ORF1ab:cds-YP_009725295.1	TAT	Y	GAT	D	3723
NC_045512.2	11433	A	T	4761	4033	42	1	1	37	0.000209996	4762	0.968799	FALSE	ORF1ab:cds-YP_009724389.1	TAT	Y	TTT	F	3723
NC_045512.2	11433	A	T	4761	4033	42	1	1	37	0.000209996	4762	0.968799	FALSE	ORF1ab:cds-YP_009725295.1	TAT	Y	TTT	F	3723
NC_045512.2	11436	G	T	4709	4034	41	1	1	37	0.000212224	4712	0.968767	FALSE	ORF1ab:cds-YP_009724389.1	GGT	G	GTT	V	3724
NC_045512.2	11436	G	T	4709	4034	41	1	1	37	0.000212224	4712	0.968767	FALSE	ORF1ab:cds-YP_009725295.1	GGT	G	GTT	V	3724
NC_045512.2	11436	G	A	4709	4034	41	2	1	49	0.000424448	4712	0.249973	FALSE	ORF1ab:cds-YP_009724389.1	GGT	G	GAT	D	3724
NC_045512.2	11436	G	A	4709	4034	41	2	1	49	0.000424448	4712	0.249973	FALSE	ORF1ab:cds-YP_009725295.1	GGT	G	GAT	D	3724
NC_045512.2	11437	T	G	4629	3966	42	3	3	29	0.000647668	4632	1	FALSE	ORF1ab:cds-YP_009724389.1	GGT	G	GGG	G	3724
NC_045512.2	11437	T	G	4629	3966	42	3	3	29	0.000647668	4632	1	FALSE	ORF1ab:cds-YP_009725295.1	GGT	G	GGG	G	3724
NC_045512.2	11439	A	C	4430	3819	40	1	1	25	0.000225683	4431	1	FALSE	ORF1ab:cds-YP_009724389.1	AAT	N	ACT	T	3725
NC_045512.2	11439	A	C	4430	3819	40	1	1	25	0.000225683	4431	1	FALSE	ORF1ab:cds-YP_009725295.1	AAT	N	ACT	T	3725
NC_045512.2	11440	T	C	4686	4076	41	1	1	37	0.000213356	4687	0.9688	FALSE	ORF1ab:cds-YP_009724389.1	AAT	N	AAC	N	3725
NC_045512.2	11440	T	C	4686	4076	41	1	1	37	0.000213356	4687	0.9688	FALSE	ORF1ab:cds-YP_009725295.1	AAT	N	AAC	N	3725
NC_045512.2	11441	G	A	4708	4103	41	2	2	37	0.000424628	4710	0.890749	FALSE	ORF1ab:cds-YP_009724389.1	GCT	A	ACT	T	3726
NC_045512.2	11441	G	A	4708	4103	41	2	2	37	0.000424628	4710	0.890749	FALSE	ORF1ab:cds-YP_009725295.1	GCT	A	ACT	T	3726
NC_045512.2	11442	C	T	4708	4112	41	5	5	34	0.0010609	4713	0.500131	FALSE	ORF1ab:cds-YP_009724389.1	GCT	A	GTT	V	3726
NC_045512.2	11442	C	T	4708	4112	41	5	5	34	0.0010609	4713	0.500131	FALSE	ORF1ab:cds-YP_009725295.1	GCT	A	GTT	V	3726
NC_045512.2	11443	T	C	4561	3968	41	1	0	48	0.000219202	4562	0.500055	FALSE	ORF1ab:cds-YP_009724389.1	GCT	A	GCC	A	3726
NC_045512.2	11443	T	C	4561	3968	41	1	0	48	0.000219202	4562	0.500055	FALSE	ORF1ab:cds-YP_009725295.1	GCT	A	GCC	A	3726
NC_045512.2	11444	T	G	4589	4011	41	1	0	20	0.000217817	4591	1	FALSE	ORF1ab:cds-YP_009724389.1	TTA	L	GTA	V	3727
NC_045512.2	11444	T	G	4589	4011	41	1	0	20	0.000217817	4591	1	FALSE	ORF1ab:cds-YP_009725295.1	TTA	L	GTA	V	3727
NC_045512.2	11444	T	A	4589	4011	41	1	1	25	0.000217817	4591	1	FALSE	ORF1ab:cds-YP_009724389.1	TTA	L	ATA	I	3727
NC_045512.2	11444	T	A	4589	4011	41	1	1	25	0.000217817	4591	1	FALSE	ORF1ab:cds-YP_009725295.1	TTA	L	ATA	I	3727
NC_045512.2	11449	T	C	4503	3990	41	1	1	25	0.000222025	4504	1	FALSE	ORF1ab:cds-YP_009724389.1	GAT	D	GAC	D	3728
NC_045512.2	11449	T	C	4503	3990	41	1	1	25	0.000222025	4504	1	FALSE	ORF1ab:cds-YP_009725295.1	GAT	D	GAC	D	3728
NC_045512.2	11450	C	A	4323	3815	41	1	1	37	0.000231267	4324	0.968804	FALSE	ORF1ab:cds-YP_009724389.1	CAA	Q	AAA	K	3729
NC_045512.2	11450	C	A	4323	3815	41	1	1	37	0.000231267	4324	0.968804	FALSE	ORF1ab:cds-YP_009725295.1	CAA	Q	AAA	K	3729
NC_045512.2	11450	C	-A	4323	3815	41	1	0	20	0.000231267	4324	1	FALSE	NA	NA	NA	NA	NA	NA
NC_045512.2	11451	A	G	4135	3628	41	2	2	37	0.000483209	4139	0.890597	FALSE	ORF1ab:cds-YP_009724389.1	CAA	Q	CGA	R	3729
NC_045512.2	11451	A	G	4135	3628	41	2	2	37	0.000483209	4139	0.890597	FALSE	ORF1ab:cds-YP_009725295.1	CAA	Q	CGA	R	3729
NC_045512.2	11451	A	C	4135	3628	41	2	2	25	0.000483209	4139	1	FALSE	ORF1ab:cds-YP_009724389.1	CAA	Q	CCA	P	3729
NC_045512.2	11451	A	C	4135	3628	41	2	2	25	0.000483209	4139	1	FALSE	ORF1ab:cds-YP_009725295.1	CAA	Q	CCA	P	3729
NC_045512.2	11452	A	C	4088	3583	40	1	1	37	0.000244559	4089	0.968807	FALSE	ORF1ab:cds-YP_009724389.1	CAA	Q	CAC	H	3729
NC_045512.2	11452	A	C	4088	3583	40	1	1	37	0.000244559	4089	0.968807	FALSE	ORF1ab:cds-YP_009725295.1	CAA	Q	CAC	H	3729
NC_045512.2	11453	G	A	4145	3676	40	3	2	49	0.00072324	4148	0.125	FALSE	ORF1ab:cds-YP_009724389.1	GCC	A	ACC	T	3730
NC_045512.2	11453	G	A	4145	3676	40	3	2	49	0.00072324	4148	0.125	FALSE	ORF1ab:cds-YP_009725295.1	GCC	A	ACC	T	3730
NC_045512.2	11454	C	T	4196	3743	40	6	6	49	0.00142789	4202	0.0156083	FALSE	ORF1ab:cds-YP_009724389.1	GCC	A	GTC	V	3730
NC_045512.2	11454	C	T	4196	3743	40	6	6	49	0.00142789	4202	0.0156083	FALSE	ORF1ab:cds-YP_009725295.1	GCC	A	GTC	V	3730
NC_045512.2	11456	A	G	4104	3680	40	1	1	37	0.000243605	4105	0.968807	FALSE	ORF1ab:cds-YP_009724389.1	ATT	I	GTT	V	3731
NC_045512.2	11456	A	G	4104	3680	40	1	1	37	0.000243605	4105	0.968807	FALSE	ORF1ab:cds-YP_009725295.1	ATT	I	GTT	V	3731
NC_045512.2	11457	T	C	4077	3651	40	1	1	37	0.000245218	4078	0.968807	FALSE	ORF1ab:cds-YP_009724389.1	ATT	I	ACT	T	3731
NC_045512.2	11457	T	C	4077	3651	40	1	1	37	0.000245218	4078	0.968807	FALSE	ORF1ab:cds-YP_009725295.1	ATT	I	ACT	T	3731
NC_045512.2	11458	T	G	4003	3580	39	1	1	25	0.000249688	4005	1	FALSE	ORF1ab:cds-YP_009724389.1	ATT	I	ATG	M	3731
NC_045512.2	11458	T	G	4003	3580	39	1	1	25	0.000249688	4005	1	FALSE	ORF1ab:cds-YP_009725295.1	ATT	I	ATG	M	3731
NC_045512.2	11458	T	C	4003	3580	39	1	1	37	0.000249688	4005	0.968789	FALSE	ORF1ab:cds-YP_009724389.1	ATT	I	ATC	I	3731
NC_045512.2	11458	T	C	4003	3580	39	1	1	37	0.000249688	4005	0.968789	FALSE	ORF1ab:cds-YP_009725295.1	ATT	I	ATC	I	3731
NC_045512.2	11460	C	-CATGTGGGCT	4114	3715	40	1	0	20	0.000243072	4114	1	FALSE	NA	NA	NA	NA	NA	NA
NC_045512.2	11463	T	C	3997	3627	40	1	1	37	0.000250125	3998	0.937547	FALSE	ORF1ab:cds-YP_009724389.1	ATG	M	ACG	T	3733
NC_045512.2	11463	T	C	3997	3627	40	1	1	37	0.000250125	3998	0.937547	FALSE	ORF1ab:cds-YP_009725295.1	ATG	M	ACG	T	3733
NC_045512.2	11464	G	C	3965	3686	39	1	1	37	0.000252143	3966	0.937547	FALSE	ORF1ab:cds-YP_009724389.1	ATG	M	ATC	I	3733
NC_045512.2	11464	G	C	3965	3686	39	1	1	37	0.000252143	3966	0.937547	FALSE	ORF1ab:cds-YP_009725295.1	ATG	M	ATC	I	3733
NC_045512.2	11465	T	C	3876	3598	39	1	1	37	0.000257931	3877	0.937548	FALSE	ORF1ab:cds-YP_009724389.1	TGG	W	CGG	R	3734
NC_045512.2	11465	T	C	3876	3598	39	1	1	37	0.000257931	3877	0.937548	FALSE	ORF1ab:cds-YP_009725295.1	TGG	W	CGG	R	3734
NC_045512.2	11467	G	-GCT	3831	3570	39	1	0	20	0.00026096	3832	1	FALSE	NA	NA	NA	NA	NA	NA
NC_045512.2	11468	G	A	3790	3529	39	1	1	37	0.000263783	3791	0.937516	FALSE	ORF1ab:cds-YP_009724389.1	GCT	A	ACT	T	3735
NC_045512.2	11468	G	A	3790	3529	39	1	1	37	0.000263783	3791	0.937516	FALSE	ORF1ab:cds-YP_009725295.1	GCT	A	ACT	T	3735
NC_045512.2	11470	T	C	3693	3447	38	1	1	37	0.000270709	3694	0.937517	FALSE	ORF1ab:cds-YP_009724389.1	GCT	A	GCC	A	3735
NC_045512.2	11470	T	C	3693	3447	38	1	1	37	0.000270709	3694	0.937517	FALSE	ORF1ab:cds-YP_009725295.1	GCT	A	GCC	A	3735
NC_045512.2	11471	C	A	3603	3358	38	1	0	29	0.000277469	3604	1	FALSE	ORF1ab:cds-YP_009724389.1	CTT	L	ATT	I	3736
NC_045512.2	11471	C	A	3603	3358	38	1	0	29	0.000277469	3604	1	FALSE	ORF1ab:cds-YP_009725295.1	CTT	L	ATT	I	3736
NC_045512.2	11473	T	C	3695	3457	38	3	3	37	0.000811249	3698	0.65644	FALSE	ORF1ab:cds-YP_009724389.1	CTT	L	CTC	L	3736
NC_045512.2	11473	T	C	3695	3457	38	3	3	37	0.000811249	3698	0.65644	FALSE	ORF1ab:cds-YP_009725295.1	CTT	L	CTC	L	3736
NC_045512.2	11476	A	G	3762	3535	38	1	1	37	0.000265745	3763	0.937583	FALSE	ORF1ab:cds-YP_009724389.1	ATA	I	ATG	M	3737
NC_045512.2	11476	A	G	3762	3535	38	1	1	37	0.000265745	3763	0.937583	FALSE	ORF1ab:cds-YP_009725295.1	ATA	I	ATG	M	3737
NC_045512.2	11478	T	C	3650	3489	37	1	1	37	0.000273898	3651	0.937586	FALSE	ORF1ab:cds-YP_009724389.1	ATC	I	ACC	T	3738
NC_045512.2	11478	T	C	3650	3489	37	1	1	37	0.000273898	3651	0.937586	FALSE	ORF1ab:cds-YP_009725295.1	ATC	I	ACC	T	3738
NC_045512.2	11479	C	A	3644	3502	37	1	1	25	0.000274348	3645	1	FALSE	ORF1ab:cds-YP_009724389.1	ATC	I	ATA	I	3738
NC_045512.2	11479	C	A	3644	3502	37	1	1	25	0.000274348	3645	1	FALSE	ORF1ab:cds-YP_009725295.1	ATC	I	ATA	I	3738
NC_045512.2	11479	C	-T	3644	3502	37	1	0	20	0.000274348	3645	1	FALSE	NA	NA	NA	NA	NA	NA
NC_045512.2	11480	T	C	2738	2600	38	1	1	25	0.000365097	2739	1	FALSE	ORF1ab:cds-YP_009724389.1	TCT	S	CCT	P	3739
NC_045512.2	11480	T	C	2738	2600	38	1	1	25	0.000365097	2739	1	FALSE	ORF1ab:cds-YP_009725295.1	TCT	S	CCT	P	3739
NC_045512.2	11481	C	G	2697	2561	38	1	1	37	0.000370645	2698	0.875139	FALSE	ORF1ab:cds-YP_009724389.1	TCT	S	TGT	C	3739
NC_045512.2	11481	C	G	2697	2561	38	1	1	37	0.000370645	2698	0.875139	FALSE	ORF1ab:cds-YP_009725295.1	TCT	S	TGT	C	3739
NC_045512.2	11483	G	A	2699	2571	38	1	1	37	0.00037037	2700	0.875139	FALSE	ORF1ab:cds-YP_009724389.1	GTT	V	ATT	I	3740
NC_045512.2	11483	G	A	2699	2571	38	1	1	37	0.00037037	2700	0.875139	FALSE	ORF1ab:cds-YP_009725295.1	GTT	V	ATT	I	3740
NC_045512.2	11485	T	C	2683	2559	38	1	1	37	0.000372578	2684	0.87514	FALSE	ORF1ab:cds-YP_009724389.1	GTT	V	GTC	V	3740
NC_045512.2	11485	T	C	2683	2559	38	1	1	37	0.000372578	2684	0.87514	FALSE	ORF1ab:cds-YP_009725295.1	GTT	V	GTC	V	3740
NC_045512.2	11486	A	G	2638	2516	37	2	2	31	0.000757576	2640	0.687713	FALSE	ORF1ab:cds-YP_009724389.1	ACT	T	GCT	A	3741
NC_045512.2	11486	A	G	2638	2516	37	2	2	31	0.000757576	2640	0.687713	FALSE	ORF1ab:cds-YP_009725295.1	ACT	T	GCT	A	3741
NC_045512.2	11487	C	T	2659	2548	37	1	1	37	0.00037594	2660	0.875141	FALSE	ORF1ab:cds-YP_009724389.1	ACT	T	ATT	I	3741
NC_045512.2	11487	C	T	2659	2548	37	1	1	37	0.00037594	2660	0.875141	FALSE	ORF1ab:cds-YP_009725295.1	ACT	T	ATT	I	3741
NC_045512.2	11488	T	C	2598	2503	37	3	3	37	0.0011534	2601	0.50018	FALSE	ORF1ab:cds-YP_009724389.1	ACT	T	ACC	T	3741
NC_045512.2	11488	T	C	2598	2503	37	3	3	37	0.0011534	2601	0.50018	FALSE	ORF1ab:cds-YP_009725295.1	ACT	T	ACC	T	3741
NC_045512.2	11493	A	G	2380	2290	36	1	1	37	0.000419992	2381	0.875158	FALSE	ORF1ab:cds-YP_009724389.1	AAC	N	AGC	S	3743
NC_045512.2	11493	A	G	2380	2290	36	1	1	37	0.000419992	2381	0.875158	FALSE	ORF1ab:cds-YP_009725295.1	AAC	N	AGC	S	3743
NC_045512.2	11499	C	T	2310	2279	36	1	1	37	0.000432526	2312	0.875081	FALSE	ORF1ab:cds-YP_009724389.1	TCA	S	TTA	L	3745
NC_045512.2	11499	C	T	2310	2279	36	1	1	37	0.000432526	2312	0.875081	FALSE	ORF1ab:cds-YP_009725295.1	TCA	S	TTA	L	3745
NC_045512.2	11499	C	G	2310	2279	36	1	1	37	0.000432526	2312	0.875081	FALSE	ORF1ab:cds-YP_009724389.1	TCA	S	TGA	*	3745
NC_045512.2	11499	C	G	2310	2279	36	1	1	37	0.000432526	2312	0.875081	FALSE	ORF1ab:cds-YP_009725295.1	TCA	S	TGA	*	3745
NC_045512.2	11502	G	C	2129	2097	36	1	1	37	0.000469484	2130	0.875176	FALSE	ORF1ab:cds-YP_009724389.1	GGT	G	GCT	A	3746
NC_045512.2	11502	G	C	2129	2097	36	1	1	37	0.000469484	2130	0.875176	FALSE	ORF1ab:cds-YP_009725295.1	GGT	G	GCT	A	3746
NC_045512.2	11502	G	+C	2129	2097	36	2	0	20	0.000938967	2130	0.999997	FALSE	NA	NA	NA	NA	NA	NA
NC_045512.2	11504	G	A	1907	1880	37	2	2	37	0.00104767	1909	0.500197	FALSE	ORF1ab:cds-YP_009724389.1	GTA	V	ATA	I	3747
NC_045512.2	11504	G	A	1907	1880	37	2	2	37	0.00104767	1909	0.500197	FALSE	ORF1ab:cds-YP_009725295.1	GTA	V	ATA	I	3747
NC_045512.2	11505	T	C	1719	1702	36	1	0	37	0.000581395	1720	0.750218	FALSE	ORF1ab:cds-YP_009724389.1	GTA	V	GCA	A	3747
NC_045512.2	11505	T	C	1719	1702	36	1	0	37	0.000581395	1720	0.750218	FALSE	ORF1ab:cds-YP_009725295.1	GTA	V	GCA	A	3747
NC_045512.2	11508	T	G	1553	1541	36	1	1	25	0.000643501	1554	0.999985	FALSE	ORF1ab:cds-YP_009724389.1	GTT	V	GGT	G	3748
NC_045512.2	11508	T	G	1553	1541	36	1	1	25	0.000643501	1554	0.999985	FALSE	ORF1ab:cds-YP_009725295.1	GTT	V	GGT	G	3748
NC_045512.2	11833	C	A	66	2	36	4	0	37	0.0571429	70	0.0615712	FALSE	ORF1ab:cds-YP_009724389.1	GCC	A	GCA	A	3856
NC_045512.2	11833	C	A	66	2	36	4	0	37	0.0571429	70	0.0615712	FALSE	ORF1ab:cds-YP_009725295.1	GCC	A	GCA	A	3856
NC_045512.2	11833	C	-A	66	2	36	1	0	20	0.0142857	70	0.492647	FALSE	NA	NA	NA	NA	NA	NA
NC_045512.2	11855	G	T	199	6	37	1	0	37	0.005	200	0.501253	FALSE	ORF1ab:cds-YP_009724389.1	GAT	D	TAT	Y	3864
NC_045512.2	11855	G	T	199	6	37	1	0	37	0.005	200	0.501253	FALSE	ORF1ab:cds-YP_009725295.1	GAT	D	TAT	Y	3864
NC_045512.2	11901	T	A	316	30	40	1	0	37	0.00315457	317	0.50079	FALSE	ORF1ab:cds-YP_009724389.1	CTC	L	CAC	H	3879
NC_045512.2	11901	T	A	316	30	40	1	0	37	0.00315457	317	0.50079	FALSE	ORF1ab:cds-YP_009725295.1	CTC	L	CAC	H	3879
NC_045512.2	11905	A	G	330	30	39	1	0	37	0.00302115	331	0.500756	FALSE	ORF1ab:cds-YP_009724389.1	AGA	R	AGG	R	3880
NC_045512.2	11905	A	G	330	30	39	1	0	37	0.00302115	331	0.500756	FALSE	ORF1ab:cds-YP_009725295.1	AGA	R	AGG	R	3880
NC_045512.2	11906	G	A	333	30	39	1	0	37	0.00299401	334	0.50075	FALSE	ORF1ab:cds-YP_009724389.1	GTA	V	ATA	I	3881
NC_045512.2	11906	G	A	333	30	39	1	0	37	0.00299401	334	0.50075	FALSE	ORF1ab:cds-YP_009725295.1	GTA	V	ATA	I	3881
NC_045512.2	11928	G	T	334	43	39	1	0	37	0.00298507	335	0.500747	FALSE	ORF1ab:cds-YP_009724389.1	TGG	W	TTG	L	3888
NC_045512.2	11928	G	T	334	43	39	1	0	37	0.00298507	335	0.500747	FALSE	ORF1ab:cds-YP_009725295.1	TGG	W	TTG	L	3888
NC_045512.2	11931	C	A	341	43	39	1	0	37	0.00292398	342	0.500732	FALSE	ORF1ab:cds-YP_009724389.1	GCT	A	GAT	D	3889
NC_045512.2	11931	C	A	341	43	39	1	0	37	0.00292398	342	0.500732	FALSE	ORF1ab:cds-YP_009725295.1	GCT	A	GAT	D	3889
NC_045512.2	11956	C	T	160	42	38	124	44	38	0.43662	284	1.69588e-45	TRUE	ORF1ab:cds-YP_009724389.1	GAC	D	GAT	D	3897
NC_045512.2	11956	C	T	160	42	38	124	44	38	0.43662	284	1.69588e-45	TRUE	ORF1ab:cds-YP_009725295.1	GAC	D	GAT	D	3897
NC_045512.2	12021	T	G	333	223	39	1	1	25	0.00299401	334	0.938435	FALSE	ORF1ab:cds-YP_009724389.1	CTT	L	CGT	R	3919
NC_045512.2	12021	T	G	333	223	39	1	1	25	0.00299401	334	0.938435	FALSE	ORF1ab:cds-YP_009725295.1	CTT	L	CGT	R	3919
NC_045512.2	12030	A	G	318	226	39	1	1	74	0.0031348	319	0.500785	FALSE	ORF1ab:cds-YP_009724389.1	CAG	Q	CGG	R	3922
NC_045512.2	12030	A	G	318	226	39	1	1	74	0.0031348	319	0.500785	FALSE	ORF1ab:cds-YP_009725295.1	CAG	Q	CGG	R	3922
NC_045512.2	12035	G	A	328	231	39	1	1	37	0.00303951	329	0.500761	FALSE	ORF1ab:cds-YP_009724389.1	GCT	A	ACT	T	3924
NC_045512.2	12035	G	A	328	231	39	1	1	37	0.00303951	329	0.500761	FALSE	ORF1ab:cds-YP_009725295.1	GCT	A	ACT	T	3924
NC_045512.2	12036	C	T	329	233	39	1	1	37	0.0030303	330	0.500759	FALSE	ORF1ab:cds-YP_009724389.1	GCT	A	GTT	V	3924
NC_045512.2	12036	C	T	329	233	39	1	1	37	0.0030303	330	0.500759	FALSE	ORF1ab:cds-YP_009725295.1	GCT	A	GTT	V	3924
NC_045512.2	12053	C	T	318	252	38	1	1	37	0.0031348	319	0.500785	FALSE	ORF1ab:cds-YP_009724389.1	CTT	L	TTT	F	3930
NC_045512.2	12053	C	T	318	252	38	1	1	37	0.0031348	319	0.500785	FALSE	ORF1ab:cds-YP_009725295.1	CTT	L	TTT	F	3930
NC_045512.2	12067	G	A	352	303	40	1	1	37	0.00283286	353	0.500709	FALSE	ORF1ab:cds-YP_009724389.1	ATG	M	ATA	I	3934
NC_045512.2	12067	G	A	352	303	40	1	1	37	0.00283286	353	0.500709	FALSE	ORF1ab:cds-YP_009725295.1	ATG	M	ATA	I	3934
NC_045512.2	12068	C	T	345	298	40	2	2	37	0.00576369	347	0.250361	FALSE	ORF1ab:cds-YP_009724389.1	CTG	L	TTG	L	3935
NC_045512.2	12068	C	T	345	298	40	2	2	37	0.00576369	347	0.250361	FALSE	ORF1ab:cds-YP_009725295.1	CTG	L	TTG	L	3935
NC_045512.2	12080	G	A	362	346	37	1	1	37	0.00275482	363	0.50069	FALSE	ORF1ab:cds-YP_009724389.1	GCA	A	ACA	T	3939
NC_045512.2	12080	G	A	362	346	37	1	1	37	0.00275482	363	0.50069	FALSE	ORF1ab:cds-YP_009725295.1	GCA	A	ACA	T	3939
NC_045512.2	12112	T	G	261	247	34	2	2	25	0.00760456	263	0.689648	FALSE	ORF1ab:cds-YP_009724389.1	AGT	S	AGG	R	3949
NC_045512.2	12112	T	G	261	247	34	2	2	25	0.00760456	263	0.689648	FALSE	ORF1ab:cds-YP_009725295.1	AGT	S	AGG	R	3949
NC_045512.2	12114	C	T	303	291	37	1	1	37	0.00328947	304	0.500824	FALSE	ORF1ab:cds-YP_009724389.1	TCC	S	TTC	F	3950
NC_045512.2	12114	C	T	303	291	37	1	1	37	0.00328947	304	0.500824	FALSE	ORF1ab:cds-YP_009725295.1	TCC	S	TTC	F	3950
NC_045512.2	12117	T	C	189	177	36	1	1	37	0.00526316	190	0.501319	FALSE	ORF1ab:cds-YP_009724389.1	CTT	L	CCT	P	3951
NC_045512.2	12117	T	C	189	177	36	1	1	37	0.00526316	190	0.501319	FALSE	ORF1ab:cds-YP_009725295.1	CTT	L	CCT	P	3951
NC_045512.2	12129	C	T	190	181	37	1	1	37	0.0052356	191	0.501312	FALSE	ORF1ab:cds-YP_009724389.1	GCA	A	GTA	V	3955
NC_045512.2	12129	C	T	190	181	37	1	1	37	0.0052356	191	0.501312	FALSE	ORF1ab:cds-YP_009725295.1	GCA	A	GTA	V	3955
NC_045512.2	12139	T	C	163	159	36	1	1	37	0.00609756	164	0.501529	FALSE	ORF1ab:cds-YP_009724389.1	GCT	A	GCC	A	3958
NC_045512.2	12139	T	C	163	159	36	1	1	37	0.00609756	164	0.501529	FALSE	ORF1ab:cds-YP_009725295.1	GCT	A	GCC	A	3958
NC_045512.2	12490	A	T	137	14	38	1	0	37	0.00719424	139	0.5	FALSE	ORF1ab:cds-YP_009724389.1	CCA	P	CCT	P	4075
NC_045512.2	12490	A	T	137	14	38	1	0	37	0.00719424	139	0.5	FALSE	ORF1ab:cds-YP_009725295.1	CCA	P	CCT	P	4075
NC_045512.2	12490	A	G	137	14	38	1	1	37	0.00719424	139	0.5	FALSE	ORF1ab:cds-YP_009724389.1	CCA	P	CCG	P	4075
NC_045512.2	12490	A	G	137	14	38	1	1	37	0.00719424	139	0.5	FALSE	ORF1ab:cds-YP_009725295.1	CCA	P	CCG	P	4075
NC_045512.2	12491	G	-A	158	15	37	1	0	20	0.00632911	158	0.753948	FALSE	NA	NA	NA	NA	NA	NA
NC_045512.2	12494	T	C	210	18	37	1	0	37	0.00473934	211	0.501188	FALSE	ORF1ab:cds-YP_009724389.1	TAT	Y	CAT	H	4077
NC_045512.2	12494	T	C	210	18	37	1	0	37	0.00473934	211	0.501188	FALSE	ORF1ab:cds-YP_009725295.1	TAT	Y	CAT	H	4077
NC_045512.2	12524	A	G	221	28	40	1	0	37	0.0045045	222	0.501129	FALSE	ORF1ab:cds-YP_009724389.1	ACA	T	GCA	A	4087
NC_045512.2	12524	A	G	221	28	40	1	0	37	0.0045045	222	0.501129	FALSE	ORF1ab:cds-YP_009725295.1	ACA	T	GCA	A	4087
NC_045512.2	12545	G	A	200	36	38	2	1	37	0.00990099	202	0.25062	FALSE	ORF1ab:cds-YP_009724389.1	GCA	A	ACA	T	4094
NC_045512.2	12545	G	A	200	36	38	2	1	37	0.00990099	202	0.25062	FALSE	ORF1ab:cds-YP_009725295.1	GCA	A	ACA	T	4094
NC_045512.2	12555	A	T	187	43	37	1	1	37	0.00531915	188	0.501333	FALSE	ORF1ab:cds-YP_009724389.1	GAA	E	GTA	V	4097
NC_045512.2	12555	A	T	187	43	37	1	1	37	0.00531915	188	0.501333	FALSE	ORF1ab:cds-YP_009725295.1	GAA	E	GTA	V	4097
NC_045512.2	12591	T	C	178	44	39	1	0	37	0.00558659	179	0.501401	FALSE	ORF1ab:cds-YP_009724389.1	GTT	V	GCT	A	4109
NC_045512.2	12591	T	C	178	44	39	1	0	37	0.00558659	179	0.501401	FALSE	ORF1ab:cds-YP_009725295.1	GTT	V	GCT	A	4109
NC_045512.2	12603	A	C	154	72	38	1	1	25	0.00645161	155	0.752427	FALSE	ORF1ab:cds-YP_009724389.1	GAA	E	GCA	A	4113
NC_045512.2	12603	A	C	154	72	38	1	1	25	0.00645161	155	0.752427	FALSE	ORF1ab:cds-YP_009725295.1	GAA	E	GCA	A	4113
NC_045512.2	12614	G	A	176	86	38	1	1	37	0.00564972	177	0.501416	FALSE	ORF1ab:cds-YP_009724389.1	GAC	D	AAC	N	4117
NC_045512.2	12614	G	A	176	86	38	1	1	37	0.00564972	177	0.501416	FALSE	ORF1ab:cds-YP_009725295.1	GAC	D	AAC	N	4117
NC_045512.2	12654	C	A	177	121	38	2	0	37	0.0111732	179	0.2507	FALSE	ORF1ab:cds-YP_009724389.1	GCT	A	GAT	D	4130
NC_045512.2	12654	C	A	177	121	38	2	0	37	0.0111732	179	0.2507	FALSE	ORF1ab:cds-YP_009725295.1	GCT	A	GAT	D	4130
NC_045512.2	12662	G	A	174	123	39	2	1	37	0.0113636	176	0.250712	FALSE	ORF1ab:cds-YP_009724389.1	GCC	A	ACC	T	4133
NC_045512.2	12662	G	A	174	123	39	2	1	37	0.0113636	176	0.250712	FALSE	ORF1ab:cds-YP_009725295.1	GCC	A	ACC	T	4133
NC_045512.2	12664	C	A	181	129	39	1	0	37	0.00549451	182	0.501377	FALSE	ORF1ab:cds-YP_009724389.1	GCC	A	GCA	A	4133
NC_045512.2	12664	C	A	181	129	39	1	0	37	0.00549451	182	0.501377	FALSE	ORF1ab:cds-YP_009725295.1	GCC	A	GCA	A	4133
NC_045512.2	12672	C	T	171	125	39	1	0	37	0.00581395	172	0.501458	FALSE	ORF1ab:cds-YP_009724389.1	GCT	A	GTT	V	4136
NC_045512.2	12672	C	T	171	125	39	1	0	37	0.00581395	172	0.501458	FALSE	ORF1ab:cds-YP_009725295.1	GCT	A	GTT	V	4136
NC_045512.2	12690	A	G	184	150	37	1	1	37	0.00540541	185	0.501355	FALSE	ORF1ab:cds-YP_009724389.1	AAT	N	AGT	S	4142
NC_045512.2	12690	A	G	184	150	37	1	1	37	0.00540541	185	0.501355	FALSE	ORF1ab:cds-YP_009725295.1	AAT	N	AGT	S	4142
NC_045512.2	12717	A	T	197	184	39	1	1	25	0.00505051	198	0.751899	FALSE	ORF1ab:cds-YP_009724389.1	CAG	Q	CTG	L	4151
NC_045512.2	12717	A	T	197	184	39	1	1	25	0.00505051	198	0.751899	FALSE	ORF1ab:cds-YP_009725295.1	CAG	Q	CTG	L	4151
NC_045512.2	12730	T	A	0	0	0	183	173	39	1	183	3.19263e-109	TRUE	ORF1ab:cds-YP_009724389.1	GCT	A	GCA	A	4155
NC_045512.2	12730	T	A	0	0	0	183	173	39	1	183	3.19263e-109	TRUE	ORF1ab:cds-YP_009725295.1	GCT	A	GCA	A	4155
NC_045512.2	12789	C	T	181	72	37	198	1	35	0.522427	379	1.2207e-75	TRUE	ORF1ab:cds-YP_009724389.1	ACA	T	ATA	I	4175
NC_045512.2	12789	C	T	181	72	37	198	1	35	0.522427	379	1.2207e-75	TRUE	ORF1ab:cds-YP_009725295.1	ACA	T	ATA	I	4175
NC_045512.2	12800	A	C	320	11	36	1	0	25	0.00311526	321	0.938473	FALSE	ORF1ab:cds-YP_009724389.1	AGG	R	CGG	R	4179
NC_045512.2	12800	A	C	320	11	36	1	0	25	0.00311526	321	0.938473	FALSE	ORF1ab:cds-YP_009725295.1	AGG	R	CGG	R	4179
NC_045512.2	12801	G	T	392	11	37	1	0	37	0.00254453	393	0.500637	FALSE	ORF1ab:cds-YP_009724389.1	AGG	R	ATG	M	4179
NC_045512.2	12801	G	T	392	11	37	1	0	37	0.00254453	393	0.500637	FALSE	ORF1ab:cds-YP_009725295.1	AGG	R	ATG	M	4179
NC_045512.2	12804	T	C	378	11	36	1	0	37	0.00263852	379	0.500661	FALSE	ORF1ab:cds-YP_009724389.1	TTT	F	TCT	S	4180
NC_045512.2	12804	T	C	378	11	36	1	0	37	0.00263852	379	0.500661	FALSE	ORF1ab:cds-YP_009725295.1	TTT	F	TCT	S	4180
NC_045512.2	12806	G	A	399	11	37	1	0	37	0.0025	400	0.500626	FALSE	ORF1ab:cds-YP_009724389.1	GTA	V	ATA	I	4181
NC_045512.2	12806	G	A	399	11	37	1	0	37	0.0025	400	0.500626	FALSE	ORF1ab:cds-YP_009725295.1	GTA	V	ATA	I	4181
NC_045512.2	12812	G	A	413	18	38	1	0	37	0.00241546	414	0.500605	FALSE	ORF1ab:cds-YP_009724389.1	GCA	A	ACA	T	4183
NC_045512.2	12812	G	A	413	18	38	1	0	37	0.00241546	414	0.500605	FALSE	ORF1ab:cds-YP_009725295.1	GCA	A	ACA	T	4183
NC_045512.2	12815	C	A	422	19	38	1	0	37	0.00236407	423	0.500592	FALSE	ORF1ab:cds-YP_009724389.1	CTG	L	ATG	M	4184
NC_045512.2	12815	C	A	422	19	38	1	0	37	0.00236407	423	0.500592	FALSE	ORF1ab:cds-YP_009725295.1	CTG	L	ATG	M	4184
NC_045512.2	12818	T	C	491	17	37	2	2	37	0.00404858	494	0.249746	FALSE	ORF1ab:cds-YP_009724389.1	TTA	L	CTA	L	4185
NC_045512.2	12818	T	C	491	17	37	2	2	37	0.00404858	494	0.249746	FALSE	ORF1ab:cds-YP_009725295.1	TTA	L	CTA	L	4185
NC_045512.2	12818	T	A	491	17	37	1	0	37	0.00202429	494	0.499492	FALSE	ORF1ab:cds-YP_009724389.1	TTA	L	ATA	I	4185
NC_045512.2	12818	T	A	491	17	37	1	0	37	0.00202429	494	0.499492	FALSE	ORF1ab:cds-YP_009725295.1	TTA	L	ATA	I	4185
NC_045512.2	12820	A	C	506	22	38	1	0	25	0.00197239	507	0.984697	FALSE	ORF1ab:cds-YP_009724389.1	TTA	L	TTC	F	4185
NC_045512.2	12820	A	C	506	22	38	1	0	25	0.00197239	507	0.984697	FALSE	ORF1ab:cds-YP_009725295.1	TTA	L	TTC	F	4185
NC_045512.2	12833	G	T	536	41	40	1	1	20	0.0018622	537	0.984679	FALSE	ORF1ab:cds-YP_009724389.1	GAT	D	TAT	Y	4190
NC_045512.2	12833	G	T	536	41	40	1	1	20	0.0018622	537	0.984679	FALSE	ORF1ab:cds-YP_009725295.1	GAT	D	TAT	Y	4190
NC_045512.2	12838	G	T	547	49	41	1	0	37	0.00182482	548	0.500457	FALSE	ORF1ab:cds-YP_009724389.1	TTG	L	TTT	F	4191
NC_045512.2	12838	G	T	547	49	41	1	0	37	0.00182482	548	0.500457	FALSE	ORF1ab:cds-YP_009725295.1	TTG	L	TTT	F	4191
NC_045512.2	12841	A	C	540	50	40	1	0	25	0.00184843	541	0.984677	FALSE	ORF1ab:cds-YP_009724389.1	AAA	K	AAC	N	4192
NC_045512.2	12841	A	C	540	50	40	1	0	25	0.00184843	541	0.984677	FALSE	ORF1ab:cds-YP_009725295.1	AAA	K	AAC	N	4192
NC_045512.2	12852	T	G	588	79	43	1	1	37	0.00169779	589	0.500425	FALSE	ORF1ab:cds-YP_009724389.1	TTC	F	TGC	C	4196
NC_045512.2	12852	T	G	588	79	43	1	1	37	0.00169779	589	0.500425	FALSE	ORF1ab:cds-YP_009725295.1	TTC	F	TGC	C	4196
NC_045512.2	12855	C	A	654	83	42	2	1	33	0.00304878	656	0.250191	FALSE	ORF1ab:cds-YP_009724389.1	CCT	P	CAT	H	4197
NC_045512.2	12855	C	A	654	83	42	2	1	33	0.00304878	656	0.250191	FALSE	ORF1ab:cds-YP_009725295.1	CCT	P	CAT	H	4197
NC_045512.2	12856	T	C	653	84	42	1	0	37	0.00152905	654	0.500383	FALSE	ORF1ab:cds-YP_009724389.1	CCT	P	CCC	P	4197
NC_045512.2	12856	T	C	653	84	42	1	0	37	0.00152905	654	0.500383	FALSE	ORF1ab:cds-YP_009725295.1	CCT	P	CCC	P	4197
NC_045512.2	12858	A	G	649	84	42	1	0	37	0.00153846	650	0.500385	FALSE	ORF1ab:cds-YP_009724389.1	AAG	K	AGG	R	4198
NC_045512.2	12858	A	G	649	84	42	1	0	37	0.00153846	650	0.500385	FALSE	ORF1ab:cds-YP_009725295.1	AAG	K	AGG	R	4198
NC_045512.2	12875	A	T	552	119	39	1	1	74	0.00180505	554	0.5	FALSE	ORF1ab:cds-YP_009724389.1	ACT	T	TCT	S	4204
NC_045512.2	12875	A	T	552	119	39	1	1	74	0.00180505	554	0.5	FALSE	ORF1ab:cds-YP_009725295.1	ACT	T	TCT	S	4204
NC_045512.2	12875	A	C	552	119	39	1	0	37	0.00180505	554	0.5	FALSE	ORF1ab:cds-YP_009724389.1	ACT	T	CCT	P	4204
NC_045512.2	12875	A	C	552	119	39	1	0	37	0.00180505	554	0.5	FALSE	ORF1ab:cds-YP_009725295.1	ACT	T	CCT	P	4204
NC_045512.2	12878	A	C	573	117	39	1	0	25	0.00174216	574	0.98466	FALSE	ORF1ab:cds-YP_009724389.1	ATC	I	CTC	L	4205
NC_045512.2	12878	A	C	573	117	39	1	0	25	0.00174216	574	0.98466	FALSE	ORF1ab:cds-YP_009725295.1	ATC	I	CTC	L	4205
NC_045512.2	12879	T	C	545	120	38	1	0	37	0.0018315	546	0.500458	FALSE	ORF1ab:cds-YP_009724389.1	ATC	I	ACC	T	4205
NC_045512.2	12879	T	C	545	120	38	1	0	37	0.0018315	546	0.500458	FALSE	ORF1ab:cds-YP_009725295.1	ATC	I	ACC	T	4205
NC_045512.2	12880	C	T	0	0	0	544	124	39	1	544	0	TRUE	ORF1ab:cds-YP_009724389.1	ATC	I	ATT	I	4205
NC_045512.2	12880	C	T	0	0	0	544	124	39	1	544	0	TRUE	ORF1ab:cds-YP_009725295.1	ATC	I	ATT	I	4205
NC_045512.2	12885	C	T	573	164	40	1	0	37	0.00174216	574	0.500436	FALSE	ORF1ab:cds-YP_009724389.1	ACA	T	ATA	I	4207
NC_045512.2	12885	C	T	573	164	40	1	0	37	0.00174216	574	0.500436	FALSE	ORF1ab:cds-YP_009725295.1	ACA	T	ATA	I	4207
NC_045512.2	12886	A	C	574	164	40	1	0	37	0.00173913	575	0.500435	FALSE	ORF1ab:cds-YP_009724389.1	ACA	T	ACC	T	4207
NC_045512.2	12886	A	C	574	164	40	1	0	37	0.00173913	575	0.500435	FALSE	ORF1ab:cds-YP_009725295.1	ACA	T	ACC	T	4207
NC_045512.2	12889	A	G	555	178	39	1	1	74	0.00179856	556	0.50045	FALSE	ORF1ab:cds-YP_009724389.1	GAA	E	GAG	E	4208
NC_045512.2	12889	A	G	555	178	39	1	1	74	0.00179856	556	0.50045	FALSE	ORF1ab:cds-YP_009725295.1	GAA	E	GAG	E	4208
NC_045512.2	12891	T	C	565	180	39	1	1	25	0.00176678	566	0.984664	FALSE	ORF1ab:cds-YP_009724389.1	CTG	L	CCG	P	4209
NC_045512.2	12891	T	C	565	180	39	1	1	25	0.00176678	566	0.984664	FALSE	ORF1ab:cds-YP_009725295.1	CTG	L	CCG	P	4209
NC_045512.2	12894	A	G	610	227	40	1	1	37	0.00163666	611	0.50041	FALSE	ORF1ab:cds-YP_009724389.1	GAA	E	GGA	G	4210
NC_045512.2	12894	A	G	610	227	40	1	1	37	0.00163666	611	0.50041	FALSE	ORF1ab:cds-YP_009725295.1	GAA	E	GGA	G	4210
NC_045512.2	12898	A	G	608	239	40	1	0	37	0.00164204	609	0.500411	FALSE	ORF1ab:cds-YP_009724389.1	CCA	P	CCG	P	4211
NC_045512.2	12898	A	G	608	239	40	1	0	37	0.00164204	609	0.500411	FALSE	ORF1ab:cds-YP_009725295.1	CCA	P	CCG	P	4211
NC_045512.2	12915	C	T	613	247	39	1	0	37	0.00162866	614	0.500407	FALSE	ORF1ab:cds-YP_009724389.1	ACA	T	ATA	I	4217
NC_045512.2	12915	C	T	613	247	39	1	0	37	0.00162866	614	0.500407	FALSE	ORF1ab:cds-YP_009725295.1	ACA	T	ATA	I	4217
NC_045512.2	12917	G	A	586	256	38	1	1	37	0.00170358	587	0.500426	FALSE	ORF1ab:cds-YP_009724389.1	GAC	D	AAC	N	4218
NC_045512.2	12917	G	A	586	256	38	1	1	37	0.00170358	587	0.500426	FALSE	ORF1ab:cds-YP_009725295.1	GAC	D	AAC	N	4218
NC_045512.2	12925	T	-A	600	275	37	1	0	20	0.00166667	600	0.992369	FALSE	NA	NA	NA	NA	NA	NA
NC_045512.2	12932	C	T	595	248	38	1	0	37	0.00167785	596	0.50042	FALSE	ORF1ab:cds-YP_009724389.1	CCT	P	TCT	S	4223
NC_045512.2	12932	C	T	595	248	38	1	0	37	0.00167785	596	0.50042	FALSE	ORF1ab:cds-YP_009725295.1	CCT	P	TCT	S	4223
NC_045512.2	12943	G	A	626	259	38	1	1	37	0.0015949	627	0.500399	FALSE	ORF1ab:cds-YP_009724389.1	AAG	K	AAA	K	4226
NC_045512.2	12943	G	A	626	259	38	1	1	37	0.0015949	627	0.500399	FALSE	ORF1ab:cds-YP_009725295.1	AAG	K	AAA	K	4226
NC_045512.2	12955	T	C	537	255	38	1	0	37	0.00185874	538	0.500465	FALSE	ORF1ab:cds-YP_009724389.1	TTT	F	TTC	F	4230
NC_045512.2	12955	T	C	537	255	38	1	0	37	0.00185874	538	0.500465	FALSE	ORF1ab:cds-YP_009725295.1	TTT	F	TTC	F	4230
NC_045512.2	12958	T	C	533	253	38	1	1	25	0.00187266	534	0.984681	FALSE	ORF1ab:cds-YP_009724389.1	ATT	I	ATC	I	4231
NC_045512.2	12958	T	C	533	253	38	1	1	25	0.00187266	534	0.984681	FALSE	ORF1ab:cds-YP_009725295.1	ATT	I	ATC	I	4231
NC_045512.2	12971	A	G	627	377	39	1	0	37	0.00159236	628	0.500398	FALSE	ORF1ab:cds-YP_009724389.1	AAC	N	GAC	D	4236
NC_045512.2	12971	A	G	627	377	39	1	0	37	0.00159236	628	0.500398	FALSE	ORF1ab:cds-YP_009725295.1	AAC	N	GAC	D	4236
NC_045512.2	12972	A	C	613	368	38	1	1	37	0.00162866	614	0.500407	FALSE	ORF1ab:cds-YP_009724389.1	AAC	N	ACC	T	4236
NC_045512.2	12972	A	C	613	368	38	1	1	37	0.00162866	614	0.500407	FALSE	ORF1ab:cds-YP_009725295.1	AAC	N	ACC	T	4236
NC_045512.2	12975	T	G	625	383	39	1	1	29	0.0015949	627	0.992318	FALSE	ORF1ab:cds-YP_009724389.1	CTA	L	CGA	R	4237
NC_045512.2	12975	T	G	625	383	39	1	1	29	0.0015949	627	0.992318	FALSE	ORF1ab:cds-YP_009725295.1	CTA	L	CGA	R	4237
NC_045512.2	12975	T	C	625	383	39	1	1	37	0.0015949	627	0.5	FALSE	ORF1ab:cds-YP_009724389.1	CTA	L	CCA	P	4237
NC_045512.2	12975	T	C	625	383	39	1	1	37	0.0015949	627	0.5	FALSE	ORF1ab:cds-YP_009725295.1	CTA	L	CCA	P	4237
NC_045512.2	12982	A	G	633	395	39	1	1	37	0.00157729	634	0.500395	FALSE	ORF1ab:cds-YP_009724389.1	AGA	R	AGG	R	4239
NC_045512.2	12982	A	G	633	395	39	1	1	37	0.00157729	634	0.500395	FALSE	ORF1ab:cds-YP_009725295.1	AGA	R	AGG	R	4239
NC_045512.2	12985	T	G	611	369	39	1	1	37	0.00163399	612	0.500409	FALSE	ORF1ab:cds-YP_009724389.1	GGT	G	GGG	G	4240
NC_045512.2	12985	T	G	611	369	39	1	1	37	0.00163399	612	0.500409	FALSE	ORF1ab:cds-YP_009725295.1	GGT	G	GGG	G	4240
NC_045512.2	12987	T	A	633	384	39	1	1	37	0.00157729	634	0.500395	FALSE	ORF1ab:cds-YP_009724389.1	ATG	M	AAG	K	4241
NC_045512.2	12987	T	A	633	384	39	1	1	37	0.00157729	634	0.500395	FALSE	ORF1ab:cds-YP_009725295.1	ATG	M	AAG	K	4241
NC_045512.2	12990	T	G	615	381	39	1	1	25	0.00162338	616	0.992364	FALSE	ORF1ab:cds-YP_009724389.1	GTA	V	GGA	G	4242
NC_045512.2	12990	T	G	615	381	39	1	1	25	0.00162338	616	0.992364	FALSE	ORF1ab:cds-YP_009725295.1	GTA	V	GGA	G	4242
NC_045512.2	12994	T	G	573	346	39	1	1	37	0.00174216	574	0.500436	FALSE	ORF1ab:cds-YP_009724389.1	CTT	L	CTG	L	4243
NC_045512.2	12994	T	G	573	346	39	1	1	37	0.00174216	574	0.500436	FALSE	ORF1ab:cds-YP_009725295.1	CTT	L	CTG	L	4243
NC_045512.2	12998	A	G	557	339	39	1	1	37	0.00179211	558	0.500448	FALSE	ORF1ab:cds-YP_009724389.1	AGT	S	GGT	G	4245
NC_045512.2	12998	A	G	557	339	39	1	1	37	0.00179211	558	0.500448	FALSE	ORF1ab:cds-YP_009725295.1	AGT	S	GGT	G	4245
NC_045512.2	13004	G	A	578	388	41	2	2	37	0.00344828	580	0.250216	FALSE	ORF1ab:cds-YP_009724389.1	GCT	A	ACT	T	4247
NC_045512.2	13004	G	A	578	388	41	2	2	37	0.00344828	580	0.250216	FALSE	ORF1ab:cds-YP_009725295.1	GCT	A	ACT	T	4247
NC_045512.2	13009	C	T	596	417	41	1	1	37	0.00167504	597	0.500419	FALSE	ORF1ab:cds-YP_009724389.1	GCC	A	GCT	A	4248
NC_045512.2	13009	C	T	596	417	41	1	1	37	0.00167504	597	0.500419	FALSE	ORF1ab:cds-YP_009725295.1	GCC	A	GCT	A	4248
NC_045512.2	13010	A	T	597	419	42	1	1	25	0.00167224	598	0.984648	FALSE	ORF1ab:cds-YP_009724389.1	ACA	T	TCA	S	4249
NC_045512.2	13010	A	T	597	419	42	1	1	25	0.00167224	598	0.984648	FALSE	ORF1ab:cds-YP_009725295.1	ACA	T	TCA	S	4249
NC_045512.2	13012	A	G	582	413	41	1	1	37	0.00171527	583	0.500429	FALSE	ORF1ab:cds-YP_009724389.1	ACA	T	ACG	T	4249
NC_045512.2	13012	A	G	582	413	41	1	1	37	0.00171527	583	0.500429	FALSE	ORF1ab:cds-YP_009725295.1	ACA	T	ACG	T	4249
NC_045512.2	13016	C	T	601	442	42	1	1	74	0.00166113	602	0.500416	FALSE	ORF1ab:cds-YP_009724389.1	CGT	R	TGT	C	4251
NC_045512.2	13016	C	T	601	442	42	1	1	74	0.00166113	602	0.500416	FALSE	ORF1ab:cds-YP_009725295.1	CGT	R	TGT	C	4251
NC_045512.2	13021	A	T	598	441	41	1	1	37	0.00166945	599	0.500418	FALSE	ORF1ab:cds-YP_009724389.1	CTA	L	CTT	L	4252
NC_045512.2	13021	A	T	598	441	41	1	1	37	0.00166945	599	0.500418	FALSE	ORF1ab:cds-YP_009725295.1	CTA	L	CTT	L	4252
NC_045512.2	13042	A	G	595	506	40	1	1	36	0.00167785	596	0.50042	FALSE	ORF1ab:cds-YP_009724389.1	GAA	E	GAG	E	4259
NC_045512.2	13042	A	G	595	506	40	1	1	36	0.00167785	596	0.50042	FALSE	ORF1ab:cds-YP_009725295.1	GAA	E	GAG	E	4259
NC_045512.2	13044	T	G	561	498	39	1	1	37	0.00177936	562	0.500445	FALSE	ORF1ab:cds-YP_009724389.1	GTG	V	GGG	G	4260
NC_045512.2	13044	T	G	561	498	39	1	1	37	0.00177936	562	0.500445	FALSE	ORF1ab:cds-YP_009725295.1	GTG	V	GGG	G	4260
NC_045512.2	13048	T	C	576	515	39	1	1	37	0.0017331	577	0.500434	FALSE	ORF1ab:cds-YP_009724389.1	CCT	P	CCC	P	4261
NC_045512.2	13048	T	C	576	515	39	1	1	37	0.0017331	577	0.500434	FALSE	ORF1ab:cds-YP_009725295.1	CCT	P	CCC	P	4261
NC_045512.2	13050	C	T	580	520	39	1	1	37	0.00172117	581	0.500431	FALSE	ORF1ab:cds-YP_009724389.1	GCC	A	GTC	V	4262
NC_045512.2	13050	C	T	580	520	39	1	1	37	0.00172117	581	0.500431	FALSE	ORF1ab:cds-YP_009725295.1	GCC	A	GTC	V	4262
NC_045512.2	13063	A	T	551	505	38	1	0	74	0.00181159	552	0.500453	FALSE	ORF1ab:cds-YP_009724389.1	GTA	V	GTT	V	4266
NC_045512.2	13063	A	T	551	505	38	1	0	74	0.00181159	552	0.500453	FALSE	ORF1ab:cds-YP_009725295.1	GTA	V	GTT	V	4266
NC_045512.2	13064	T	C	535	488	39	1	0	37	0.0018622	537	0.5	FALSE	ORF1ab:cds-YP_009724389.1	TTA	L	CTA	L	4267
NC_045512.2	13064	T	C	535	488	39	1	0	37	0.0018622	537	0.5	FALSE	ORF1ab:cds-YP_009725295.1	TTA	L	CTA	L	4267
NC_045512.2	13064	T	A	535	488	39	1	1	37	0.0018622	537	0.5	FALSE	ORF1ab:cds-YP_009724389.1	TTA	L	ATA	I	4267
NC_045512.2	13064	T	A	535	488	39	1	1	37	0.0018622	537	0.5	FALSE	ORF1ab:cds-YP_009725295.1	TTA	L	ATA	I	4267
NC_045512.2	13099	A	T	298	290	37	2	2	37	0.00666667	300	0.250417	FALSE	ORF1ab:cds-YP_009724389.1	AAA	K	AAT	N	4278
NC_045512.2	13099	A	T	298	290	37	2	2	37	0.00666667	300	0.250417	FALSE	ORF1ab:cds-YP_009725295.1	AAA	K	AAT	N	4278
NC_045512.2	13101	C	T	267	259	37	3	3	37	0.0111111	270	0.124999	FALSE	ORF1ab:cds-YP_009724389.1	GCT	A	GTT	V	4279
NC_045512.2	13101	C	T	267	259	37	3	3	37	0.0111111	270	0.124999	FALSE	ORF1ab:cds-YP_009725295.1	GCT	A	GTT	V	4279
NC_045512.2	13106	A	C	1359	248	36	1	0	37	0.000735294	1360	0.750276	FALSE	ORF1ab:cds-YP_009724389.1	AAA	K	CAA	Q	4281
NC_045512.2	13106	A	C	1359	248	36	1	0	37	0.000735294	1360	0.750276	FALSE	ORF1ab:cds-YP_009725295.1	AAA	K	CAA	Q	4281
NC_045512.2	13111	T	G	1436	228	35	1	0	25	0.000695894	1437	0.999971	FALSE	ORF1ab:cds-YP_009724389.1	GAT	D	GAG	E	4282
NC_045512.2	13111	T	G	1436	228	35	1	0	25	0.000695894	1437	0.999971	FALSE	ORF1ab:cds-YP_009725295.1	GAT	D	GAG	E	4282
NC_045512.2	13117	A	G	1670	200	36	1	0	25	0.000598444	1671	0.999993	FALSE	ORF1ab:cds-YP_009724389.1	CTA	L	CTG	L	4284
NC_045512.2	13117	A	G	1670	200	36	1	0	25	0.000598444	1671	0.999993	FALSE	ORF1ab:cds-YP_009725295.1	CTA	L	CTG	L	4284
NC_045512.2	13120	T	C	1613	44	36	1	0	37	0.000619195	1615	0.750077	FALSE	ORF1ab:cds-YP_009724389.1	GCT	A	GCC	A	4285
NC_045512.2	13120	T	C	1613	44	36	1	0	37	0.000619195	1615	0.750077	FALSE	ORF1ab:cds-YP_009725295.1	GCT	A	GCC	A	4285
NC_045512.2	13120	T	A	1613	44	36	1	0	37	0.000619195	1615	0.750077	FALSE	ORF1ab:cds-YP_009724389.1	GCT	A	GCA	A	4285
NC_045512.2	13120	T	A	1613	44	36	1	0	37	0.000619195	1615	0.750077	FALSE	ORF1ab:cds-YP_009725295.1	GCT	A	GCA	A	4285
NC_045512.2	13123	T	G	1686	57	36	1	0	37	0.000592768	1687	0.750222	FALSE	ORF1ab:cds-YP_009724389.1	AGT	S	AGG	R	4286
NC_045512.2	13123	T	G	1686	57	36	1	0	37	0.000592768	1687	0.750222	FALSE	ORF1ab:cds-YP_009725295.1	AGT	S	AGG	R	4286
NC_045512.2	13127	G	T	1893	62	36	1	0	25	0.000527983	1894	0.999998	FALSE	ORF1ab:cds-YP_009724389.1	GGA	G	TGA	*	4288
NC_045512.2	13127	G	T	1893	62	36	1	0	25	0.000527983	1894	0.999998	FALSE	ORF1ab:cds-YP_009725295.1	GGA	G	TGA	*	4288
NC_045512.2	13128	G	A	1873	62	36	1	0	25	0.000533618	1874	0.999998	FALSE	ORF1ab:cds-YP_009724389.1	GGA	G	GAA	E	4288
NC_045512.2	13128	G	A	1873	62	36	1	0	25	0.000533618	1874	0.999998	FALSE	ORF1ab:cds-YP_009725295.1	GGA	G	GAA	E	4288
NC_045512.2	13129	A	G	1869	60	36	5	0	44	0.00266809	1874	0.0312083	FALSE	ORF1ab:cds-YP_009724389.1	GGA	G	GGG	G	4288
NC_045512.2	13129	A	G	1869	60	36	5	0	44	0.00266809	1874	0.0312083	FALSE	ORF1ab:cds-YP_009725295.1	GGA	G	GGG	G	4288
NC_045512.2	13130	C	T	1937	62	37	2	0	37	0.00103146	1939	0.500193	FALSE	ORF1ab:cds-YP_009724389.1	CAA	Q	TAA	*	4289
NC_045512.2	13130	C	T	1937	62	37	2	0	37	0.00103146	1939	0.500193	FALSE	ORF1ab:cds-YP_009725295.1	CAA	Q	TAA	*	4289
NC_045512.2	13131	A	C	1930	70	37	1	0	37	0.000517866	1931	0.750194	FALSE	ORF1ab:cds-YP_009724389.1	CAA	Q	CCA	P	4289
NC_045512.2	13131	A	C	1930	70	37	1	0	37	0.000517866	1931	0.750194	FALSE	ORF1ab:cds-YP_009725295.1	CAA	Q	CCA	P	4289
NC_045512.2	13134	C	T	2077	89	37	2	0	37	0.000961538	2080	0.68759	FALSE	ORF1ab:cds-YP_009724389.1	CCA	P	CTA	L	4290
NC_045512.2	13134	C	T	2077	89	37	2	0	37	0.000961538	2080	0.68759	FALSE	ORF1ab:cds-YP_009725295.1	CCA	P	CTA	L	4290
NC_045512.2	13134	C	A	2077	89	37	1	0	25	0.000480769	2080	1	FALSE	ORF1ab:cds-YP_009724389.1	CCA	P	CAA	Q	4290
NC_045512.2	13134	C	A	2077	89	37	1	0	25	0.000480769	2080	1	FALSE	ORF1ab:cds-YP_009725295.1	CCA	P	CAA	Q	4290
NC_045512.2	13135	A	G	2091	91	37	1	0	37	0.000478011	2092	0.875179	FALSE	ORF1ab:cds-YP_009724389.1	CCA	P	CCG	P	4290
NC_045512.2	13135	A	G	2091	91	37	1	0	37	0.000478011	2092	0.875179	FALSE	ORF1ab:cds-YP_009725295.1	CCA	P	CCG	P	4290
NC_045512.2	13138	C	T	2279	116	37	1	0	37	0.000438596	2280	0.875164	FALSE	ORF1ab:cds-YP_009724389.1	ATC	I	ATT	I	4291
NC_045512.2	13138	C	T	2279	116	37	1	0	37	0.000438596	2280	0.875164	FALSE	ORF1ab:cds-YP_009725295.1	ATC	I	ATT	I	4291
NC_045512.2	13142	A	C	2377	120	37	1	0	25	0.000420521	2378	1	FALSE	ORF1ab:cds-YP_009724389.1	AAT	N	CAT	H	4293
NC_045512.2	13142	A	C	2377	120	37	1	0	25	0.000420521	2378	1	FALSE	ORF1ab:cds-YP_009725295.1	AAT	N	CAT	H	4293
NC_045512.2	13144	T	G	2339	134	37	1	1	29	0.000427168	2341	1	FALSE	ORF1ab:cds-YP_009724389.1	AAT	N	AAG	K	4293
NC_045512.2	13144	T	G	2339	134	37	1	1	29	0.000427168	2341	1	FALSE	ORF1ab:cds-YP_009725295.1	AAT	N	AAG	K	4293
NC_045512.2	13144	T	A	2339	134	37	1	0	25	0.000427168	2341	1	FALSE	ORF1ab:cds-YP_009724389.1	AAT	N	AAA	K	4293
NC_045512.2	13144	T	A	2339	134	37	1	0	25	0.000427168	2341	1	FALSE	ORF1ab:cds-YP_009725295.1	AAT	N	AAA	K	4293
NC_045512.2	13145	T	G	2410	159	38	1	1	37	0.000414766	2411	0.875156	FALSE	ORF1ab:cds-YP_009724389.1	TGT	C	GGT	G	4294
NC_045512.2	13145	T	G	2410	159	38	1	1	37	0.000414766	2411	0.875156	FALSE	ORF1ab:cds-YP_009725295.1	TGT	C	GGT	G	4294
NC_045512.2	13146	G	T	2636	161	38	1	0	25	0.000379219	2637	1	FALSE	ORF1ab:cds-YP_009724389.1	TGT	C	TTT	F	4294
NC_045512.2	13146	G	T	2636	161	38	1	0	25	0.000379219	2637	1	FALSE	ORF1ab:cds-YP_009725295.1	TGT	C	TTT	F	4294
NC_045512.2	13147	T	G	2548	166	37	2	1	31	0.000784314	2550	0.687721	FALSE	ORF1ab:cds-YP_009724389.1	TGT	C	TGG	W	4294
NC_045512.2	13147	T	G	2548	166	37	2	1	31	0.000784314	2550	0.687721	FALSE	ORF1ab:cds-YP_009725295.1	TGT	C	TGG	W	4294
NC_045512.2	13149	T	G	2618	183	37	2	0	25	0.000763359	2620	1	FALSE	ORF1ab:cds-YP_009724389.1	GTT	V	GGT	G	4295
NC_045512.2	13149	T	G	2618	183	37	2	0	25	0.000763359	2620	1	FALSE	ORF1ab:cds-YP_009725295.1	GTT	V	GGT	G	4295
NC_045512.2	13154	A	G	2860	231	38	1	0	37	0.000349528	2861	0.875131	FALSE	ORF1ab:cds-YP_009724389.1	ATG	M	GTG	V	4297
NC_045512.2	13154	A	G	2860	231	38	1	0	37	0.000349528	2861	0.875131	FALSE	ORF1ab:cds-YP_009725295.1	ATG	M	GTG	V	4297
NC_045512.2	13155	T	G	2910	249	39	1	1	37	0.000343525	2911	0.875129	FALSE	ORF1ab:cds-YP_009724389.1	ATG	M	AGG	R	4297
NC_045512.2	13155	T	G	2910	249	39	1	1	37	0.000343525	2911	0.875129	FALSE	ORF1ab:cds-YP_009725295.1	ATG	M	AGG	R	4297
NC_045512.2	13157	T	G	3025	304	39	1	1	29	0.000330469	3026	1	FALSE	ORF1ab:cds-YP_009724389.1	TTG	L	GTG	V	4298
NC_045512.2	13157	T	G	3025	304	39	1	1	29	0.000330469	3026	1	FALSE	ORF1ab:cds-YP_009725295.1	TTG	L	GTG	V	4298
NC_045512.2	13158	T	G	3208	308	39	2	2	37	0.000622859	3211	0.812597	FALSE	ORF1ab:cds-YP_009724389.1	TTG	L	TGG	W	4298
NC_045512.2	13158	T	G	3208	308	39	2	2	37	0.000622859	3211	0.812597	FALSE	ORF1ab:cds-YP_009725295.1	TTG	L	TGG	W	4298
NC_045512.2	13158	T	C	3208	308	39	1	0	37	0.000311429	3211	0.937519	FALSE	ORF1ab:cds-YP_009724389.1	TTG	L	TCG	S	4298
NC_045512.2	13158	T	C	3208	308	39	1	0	37	0.000311429	3211	0.937519	FALSE	ORF1ab:cds-YP_009725295.1	TTG	L	TCG	S	4298
NC_045512.2	13159	G	A	3350	326	40	1	0	37	0.000298418	3351	0.937593	FALSE	ORF1ab:cds-YP_009724389.1	TTG	L	TTA	L	4298
NC_045512.2	13159	G	A	3350	326	40	1	0	37	0.000298418	3351	0.937593	FALSE	ORF1ab:cds-YP_009725295.1	TTG	L	TTA	L	4298
NC_045512.2	13161	G	T	3454	326	40	1	0	37	0.000289352	3456	0.937554	FALSE	ORF1ab:cds-YP_009724389.1	TGT	C	TTT	F	4299
NC_045512.2	13161	G	T	3454	326	40	1	0	37	0.000289352	3456	0.937554	FALSE	ORF1ab:cds-YP_009725295.1	TGT	C	TTT	F	4299
NC_045512.2	13161	G	A	3454	326	40	1	0	37	0.000289352	3456	0.937554	FALSE	ORF1ab:cds-YP_009724389.1	TGT	C	TAT	Y	4299
NC_045512.2	13161	G	A	3454	326	40	1	0	37	0.000289352	3456	0.937554	FALSE	ORF1ab:cds-YP_009725295.1	TGT	C	TAT	Y	4299
NC_045512.2	13163	A	G	3433	352	40	1	0	37	0.000291121	3435	0.937555	FALSE	ORF1ab:cds-YP_009724389.1	ACA	T	GCA	A	4300
NC_045512.2	13163	A	G	3433	352	40	1	0	37	0.000291121	3435	0.937555	FALSE	ORF1ab:cds-YP_009725295.1	ACA	T	GCA	A	4300
NC_045512.2	13163	A	C	3433	352	40	1	0	25	0.000291121	3435	1	FALSE	ORF1ab:cds-YP_009724389.1	ACA	T	CCA	P	4300
NC_045512.2	13163	A	C	3433	352	40	1	0	25	0.000291121	3435	1	FALSE	ORF1ab:cds-YP_009725295.1	ACA	T	CCA	P	4300
NC_045512.2	13164	C	T	3473	355	40	4	0	37	0.00115042	3477	0.500157	FALSE	ORF1ab:cds-YP_009724389.1	ACA	T	ATA	I	4300
NC_045512.2	13164	C	T	3473	355	40	4	0	37	0.00115042	3477	0.500157	FALSE	ORF1ab:cds-YP_009725295.1	ACA	T	ATA	I	4300
NC_045512.2	13165	A	+G	3462	356	40	1	0	20	0.00028885	3462	1	FALSE	NA	NA	NA	NA	NA	NA
NC_045512.2	13167	A	G	3497	362	40	2	2	37	0.000571592	3499	0.812679	FALSE	ORF1ab:cds-YP_009724389.1	CAC	H	CGC	R	4301
NC_045512.2	13167	A	G	3497	362	40	2	2	37	0.000571592	3499	0.812679	FALSE	ORF1ab:cds-YP_009725295.1	CAC	H	CGC	R	4301
NC_045512.2	13168	C	T	4268	388	39	3	0	37	0.000702412	4271	0.77363	FALSE	ORF1ab:cds-YP_009724389.1	CAC	H	CAT	H	4301
NC_045512.2	13168	C	T	4268	388	39	3	0	37	0.000702412	4271	0.77363	FALSE	ORF1ab:cds-YP_009725295.1	CAC	H	CAT	H	4301
NC_045512.2	13170	C	A	4600	397	39	1	0	37	0.000217344	4601	0.968801	FALSE	ORF1ab:cds-YP_009724389.1	ACT	T	AAT	N	4302
NC_045512.2	13170	C	A	4600	397	39	1	0	37	0.000217344	4601	0.968801	FALSE	ORF1ab:cds-YP_009725295.1	ACT	T	AAT	N	4302
NC_045512.2	13171	T	G	4555	407	39	1	0	37	0.000219346	4559	0.96875	FALSE	ORF1ab:cds-YP_009724389.1	ACT	T	ACG	T	4302
NC_045512.2	13171	T	G	4555	407	39	1	0	37	0.000219346	4559	0.96875	FALSE	ORF1ab:cds-YP_009725295.1	ACT	T	ACG	T	4302
NC_045512.2	13171	T	C	4555	407	39	2	0	31	0.000438693	4559	0.890651	FALSE	ORF1ab:cds-YP_009724389.1	ACT	T	ACC	T	4302
NC_045512.2	13171	T	C	4555	407	39	2	0	31	0.000438693	4559	0.890651	FALSE	ORF1ab:cds-YP_009725295.1	ACT	T	ACC	T	4302
NC_045512.2	13171	T	A	4555	407	39	1	1	37	0.000219346	4559	0.96875	FALSE	ORF1ab:cds-YP_009724389.1	ACT	T	ACA	T	4302
NC_045512.2	13171	T	A	4555	407	39	1	1	37	0.000219346	4559	0.96875	FALSE	ORF1ab:cds-YP_009725295.1	ACT	T	ACA	T	4302
NC_045512.2	13172	G	C	4899	410	39	1	0	37	0.000204082	4900	0.968798	FALSE	ORF1ab:cds-YP_009724389.1	GGT	G	CGT	R	4303
NC_045512.2	13172	G	C	4899	410	39	1	0	37	0.000204082	4900	0.968798	FALSE	ORF1ab:cds-YP_009725295.1	GGT	G	CGT	R	4303
NC_045512.2	13173	G	C	5103	409	39	1	0	37	0.000195925	5104	0.984407	FALSE	ORF1ab:cds-YP_009724389.1	GGT	G	GCT	A	4303
NC_045512.2	13173	G	C	5103	409	39	1	0	37	0.000195925	5104	0.984407	FALSE	ORF1ab:cds-YP_009725295.1	GGT	G	GCT	A	4303
NC_045512.2	13174	T	G	5024	410	39	1	0	25	0.000198965	5026	1	FALSE	ORF1ab:cds-YP_009724389.1	GGT	G	GGG	G	4303
NC_045512.2	13174	T	G	5024	410	39	1	0	25	0.000198965	5026	1	FALSE	ORF1ab:cds-YP_009725295.1	GGT	G	GGG	G	4303
NC_045512.2	13174	T	A	5024	410	39	1	0	37	0.000198965	5026	0.984398	FALSE	ORF1ab:cds-YP_009724389.1	GGT	G	GGA	G	4303
NC_045512.2	13174	T	A	5024	410	39	1	0	37	0.000198965	5026	0.984398	FALSE	ORF1ab:cds-YP_009725295.1	GGT	G	GGA	G	4303
NC_045512.2	13176	C	T	5121	423	39	2	0	37	0.000390396	5123	0.937596	FALSE	ORF1ab:cds-YP_009724389.1	ACT	T	ATT	I	4304
NC_045512.2	13176	C	T	5121	423	39	2	0	37	0.000390396	5123	0.937596	FALSE	ORF1ab:cds-YP_009725295.1	ACT	T	ATT	I	4304
NC_045512.2	13178	G	A	5230	422	39	1	0	37	0.000191168	5231	0.984406	FALSE	ORF1ab:cds-YP_009724389.1	GGT	G	AGT	S	4305
NC_045512.2	13178	G	A	5230	422	39	1	0	37	0.000191168	5231	0.984406	FALSE	ORF1ab:cds-YP_009725295.1	GGT	G	AGT	S	4305
NC_045512.2	13179	G	T	5209	423	39	2	0	31	0.00038373	5212	0.937563	FALSE	ORF1ab:cds-YP_009724389.1	GGT	G	GTT	V	4305
NC_045512.2	13179	G	T	5209	423	39	2	0	31	0.00038373	5212	0.937563	FALSE	ORF1ab:cds-YP_009725295.1	GGT	G	GTT	V	4305
NC_045512.2	13179	G	C	5209	423	39	1	0	37	0.000191865	5212	0.984388	FALSE	ORF1ab:cds-YP_009724389.1	GGT	G	GCT	A	4305
NC_045512.2	13179	G	C	5209	423	39	1	0	37	0.000191865	5212	0.984388	FALSE	ORF1ab:cds-YP_009725295.1	GGT	G	GCT	A	4305
NC_045512.2	13180	T	C	5197	427	39	2	0	37	0.000384615	5200	0.937563	FALSE	ORF1ab:cds-YP_009724389.1	GGT	G	GGC	G	4305
NC_045512.2	13180	T	C	5197	427	39	2	0	37	0.000384615	5200	0.937563	FALSE	ORF1ab:cds-YP_009725295.1	GGT	G	GGC	G	4305
NC_045512.2	13180	T	A	5197	427	39	1	0	25	0.000192308	5200	1	FALSE	ORF1ab:cds-YP_009724389.1	GGT	G	GGA	G	4305
NC_045512.2	13180	T	A	5197	427	39	1	0	25	0.000192308	5200	1	FALSE	ORF1ab:cds-YP_009725295.1	GGT	G	GGA	G	4305
NC_045512.2	13181	C	T	5255	465	39	3	1	57	0.000570559	5258	0.125	FALSE	ORF1ab:cds-YP_009724389.1	CAG	Q	TAG	*	4306
NC_045512.2	13181	C	T	5255	465	39	3	1	57	0.000570559	5258	0.125	FALSE	ORF1ab:cds-YP_009725295.1	CAG	Q	TAG	*	4306
NC_045512.2	13182	A	T	5214	464	39	2	0	37	0.000383289	5218	0.937531	FALSE	ORF1ab:cds-YP_009724389.1	CAG	Q	CTG	L	4306
NC_045512.2	13182	A	T	5214	464	39	2	0	37	0.000383289	5218	0.937531	FALSE	ORF1ab:cds-YP_009725295.1	CAG	Q	CTG	L	4306
NC_045512.2	13182	A	G	5214	464	39	2	0	37	0.000383289	5218	0.937531	FALSE	ORF1ab:cds-YP_009724389.1	CAG	Q	CGG	R	4306
NC_045512.2	13182	A	G	5214	464	39	2	0	37	0.000383289	5218	0.937531	FALSE	ORF1ab:cds-YP_009725295.1	CAG	Q	CGG	R	4306
NC_045512.2	13183	G	T	5678	465	39	1	0	37	0.000176056	5680	0.984396	FALSE	ORF1ab:cds-YP_009724389.1	CAG	Q	CAT	H	4306
NC_045512.2	13183	G	T	5678	465	39	1	0	37	0.000176056	5680	0.984396	FALSE	ORF1ab:cds-YP_009725295.1	CAG	Q	CAT	H	4306
NC_045512.2	13183	G	A	5678	465	39	1	0	37	0.000176056	5680	0.984396	FALSE	ORF1ab:cds-YP_009724389.1	CAG	Q	CAA	Q	4306
NC_045512.2	13183	G	A	5678	465	39	1	0	37	0.000176056	5680	0.984396	FALSE	ORF1ab:cds-YP_009725295.1	CAG	Q	CAA	Q	4306
NC_045512.2	13184	G	C	5616	476	39	1	0	37	0.000177936	5620	0.984379	FALSE	ORF1ab:cds-YP_009724389.1	GCA	A	CCA	P	4307
NC_045512.2	13184	G	C	5616	476	39	1	0	37	0.000177936	5620	0.984379	FALSE	ORF1ab:cds-YP_009725295.1	GCA	A	CCA	P	4307
NC_045512.2	13184	G	A	5616	476	39	3	0	37	0.000533808	5620	0.855556	FALSE	ORF1ab:cds-YP_009724389.1	GCA	A	ACA	T	4307
NC_045512.2	13184	G	A	5616	476	39	3	0	37	0.000533808	5620	0.855556	FALSE	ORF1ab:cds-YP_009725295.1	GCA	A	ACA	T	4307
NC_045512.2	13185	C	T	5617	481	39	2	0	37	0.000355935	5619	0.937588	FALSE	ORF1ab:cds-YP_009724389.1	GCA	A	GTA	V	4307
NC_045512.2	13185	C	T	5617	481	39	2	0	37	0.000355935	5619	0.937588	FALSE	ORF1ab:cds-YP_009725295.1	GCA	A	GTA	V	4307
NC_045512.2	13188	T	G	5621	510	39	1	1	25	0.000177873	5622	1	FALSE	ORF1ab:cds-YP_009724389.1	ATA	I	AGA	R	4308
NC_045512.2	13188	T	G	5621	510	39	1	1	25	0.000177873	5622	1	FALSE	ORF1ab:cds-YP_009725295.1	ATA	I	AGA	R	4308
NC_045512.2	13189	A	C	5643	525	39	1	1	29	0.000177179	5644	1	FALSE	ORF1ab:cds-YP_009724389.1	ATA	I	ATC	I	4308
NC_045512.2	13189	A	C	5643	525	39	1	1	29	0.000177179	5644	1	FALSE	ORF1ab:cds-YP_009725295.1	ATA	I	ATC	I	4308
NC_045512.2	13190	A	G	5610	508	39	1	0	37	0.000178221	5611	0.984404	FALSE	ORF1ab:cds-YP_009724389.1	ACA	T	GCA	A	4309
NC_045512.2	13190	A	G	5610	508	39	1	0	37	0.000178221	5611	0.984404	FALSE	ORF1ab:cds-YP_009725295.1	ACA	T	GCA	A	4309
NC_045512.2	13191	C	T	5888	537	39	1	1	74	0.000169779	5890	0.5	FALSE	ORF1ab:cds-YP_009724389.1	ACA	T	ATA	I	4309
NC_045512.2	13191	C	T	5888	537	39	1	1	74	0.000169779	5890	0.5	FALSE	ORF1ab:cds-YP_009725295.1	ACA	T	ATA	I	4309
NC_045512.2	13191	C	A	5888	537	39	1	0	37	0.000169779	5890	0.984395	FALSE	ORF1ab:cds-YP_009724389.1	ACA	T	AAA	K	4309
NC_045512.2	13191	C	A	5888	537	39	1	0	37	0.000169779	5890	0.984395	FALSE	ORF1ab:cds-YP_009725295.1	ACA	T	AAA	K	4309
NC_045512.2	13192	A	G	5858	511	39	2	1	55	0.00034089	5867	0.249723	FALSE	ORF1ab:cds-YP_009724389.1	ACA	T	ACG	T	4309
NC_045512.2	13192	A	G	5858	511	39	2	1	55	0.00034089	5867	0.249723	FALSE	ORF1ab:cds-YP_009725295.1	ACA	T	ACG	T	4309
NC_045512.2	13192	A	C	5858	511	39	7	0	37	0.00119311	5867	0.387034	FALSE	ORF1ab:cds-YP_009724389.1	ACA	T	ACC	T	4309
NC_045512.2	13192	A	C	5858	511	39	7	0	37	0.00119311	5867	0.387034	FALSE	ORF1ab:cds-YP_009725295.1	ACA	T	ACC	T	4309
NC_045512.2	13193	G	C	5670	549	38	1	0	37	0.000176305	5672	0.984396	FALSE	ORF1ab:cds-YP_009724389.1	GTT	V	CTT	L	4310
NC_045512.2	13193	G	C	5670	549	38	1	0	37	0.000176305	5672	0.984396	FALSE	ORF1ab:cds-YP_009725295.1	GTT	V	CTT	L	4310
NC_045512.2	13193	G	A	5670	549	38	1	0	37	0.000176305	5672	0.984396	FALSE	ORF1ab:cds-YP_009724389.1	GTT	V	ATT	I	4310
NC_045512.2	13193	G	A	5670	549	38	1	0	37	0.000176305	5672	0.984396	FALSE	ORF1ab:cds-YP_009725295.1	GTT	V	ATT	I	4310
NC_045512.2	13194	T	G	5499	561	38	1	0	25	0.000181818	5500	1	FALSE	ORF1ab:cds-YP_009724389.1	GTT	V	GGT	G	4310
NC_045512.2	13194	T	G	5499	561	38	1	0	25	0.000181818	5500	1	FALSE	ORF1ab:cds-YP_009725295.1	GTT	V	GGT	G	4310
NC_045512.2	13195	T	C	5431	633	38	1	0	37	0.000184094	5432	0.984405	FALSE	ORF1ab:cds-YP_009724389.1	GTT	V	GTC	V	4310
NC_045512.2	13195	T	C	5431	633	38	1	0	37	0.000184094	5432	0.984405	FALSE	ORF1ab:cds-YP_009725295.1	GTT	V	GTC	V	4310
NC_045512.2	13197	C	T	5449	637	38	1	0	37	0.000183453	5451	0.984396	FALSE	ORF1ab:cds-YP_009724389.1	ACA	T	ATA	I	4311
NC_045512.2	13197	C	T	5449	637	38	1	0	37	0.000183453	5451	0.984396	FALSE	ORF1ab:cds-YP_009725295.1	ACA	T	ATA	I	4311
NC_045512.2	13197	C	A	5449	637	38	1	1	37	0.000183453	5451	0.984396	FALSE	ORF1ab:cds-YP_009724389.1	ACA	T	AAA	K	4311
NC_045512.2	13197	C	A	5449	637	38	1	1	37	0.000183453	5451	0.984396	FALSE	ORF1ab:cds-YP_009725295.1	ACA	T	AAA	K	4311
NC_045512.2	13198	A	G	5308	626	38	1	0	37	0.000188324	5310	0.984397	FALSE	ORF1ab:cds-YP_009724389.1	ACA	T	ACG	T	4311
NC_045512.2	13198	A	G	5308	626	38	1	0	37	0.000188324	5310	0.984397	FALSE	ORF1ab:cds-YP_009725295.1	ACA	T	ACG	T	4311
NC_045512.2	13198	A	C	5308	626	38	1	0	25	0.000188324	5310	1	FALSE	ORF1ab:cds-YP_009724389.1	ACA	T	ACC	T	4311
NC_045512.2	13198	A	C	5308	626	38	1	0	25	0.000188324	5310	1	FALSE	ORF1ab:cds-YP_009725295.1	ACA	T	ACC	T	4311
NC_045512.2	13200	C	T	5350	646	38	3	0	33	0.000560329	5354	0.855561	FALSE	ORF1ab:cds-YP_009724389.1	CCG	P	CTG	L	4312
NC_045512.2	13200	C	T	5350	646	38	3	0	33	0.000560329	5354	0.855561	FALSE	ORF1ab:cds-YP_009725295.1	CCG	P	CTG	L	4312
NC_045512.2	13200	C	G	5350	646	38	1	0	25	0.000186776	5354	1	FALSE	ORF1ab:cds-YP_009724389.1	CCG	P	CGG	R	4312
NC_045512.2	13200	C	G	5350	646	38	1	0	25	0.000186776	5354	1	FALSE	ORF1ab:cds-YP_009725295.1	CCG	P	CGG	R	4312
NC_045512.2	13201	G	A	5339	643	38	1	0	37	0.000187266	5340	0.984406	FALSE	ORF1ab:cds-YP_009724389.1	CCG	P	CCA	P	4312
NC_045512.2	13201	G	A	5339	643	38	1	0	37	0.000187266	5340	0.984406	FALSE	ORF1ab:cds-YP_009725295.1	CCG	P	CCA	P	4312
NC_045512.2	13202	G	A	5302	637	38	2	0	37	0.000377074	5304	0.937593	FALSE	ORF1ab:cds-YP_009724389.1	GAA	E	AAA	K	4313
NC_045512.2	13202	G	A	5302	637	38	2	0	37	0.000377074	5304	0.937593	FALSE	ORF1ab:cds-YP_009725295.1	GAA	E	AAA	K	4313
NC_045512.2	13203	A	G	5299	630	38	1	0	37	0.000188679	5300	0.984406	FALSE	ORF1ab:cds-YP_009724389.1	GAA	E	GGA	G	4313
NC_045512.2	13203	A	G	5299	630	38	1	0	37	0.000188679	5300	0.984406	FALSE	ORF1ab:cds-YP_009725295.1	GAA	E	GGA	G	4313
NC_045512.2	13204	A	T	5161	639	37	1	0	37	0.000193573	5166	0.98437	FALSE	ORF1ab:cds-YP_009724389.1	GAA	E	GAT	D	4313
NC_045512.2	13204	A	T	5161	639	37	1	0	37	0.000193573	5166	0.98437	FALSE	ORF1ab:cds-YP_009725295.1	GAA	E	GAT	D	4313
NC_045512.2	13204	A	G	5161	639	37	1	0	37	0.000193573	5166	0.98437	FALSE	ORF1ab:cds-YP_009724389.1	GAA	E	GAG	E	4313
NC_045512.2	13204	A	G	5161	639	37	1	0	37	0.000193573	5166	0.98437	FALSE	ORF1ab:cds-YP_009725295.1	GAA	E	GAG	E	4313
NC_045512.2	13204	A	C	5161	639	37	3	0	29	0.00058072	5166	1	FALSE	ORF1ab:cds-YP_009724389.1	GAA	E	GAC	D	4313
NC_045512.2	13204	A	C	5161	639	37	3	0	29	0.00058072	5166	1	FALSE	ORF1ab:cds-YP_009725295.1	GAA	E	GAC	D	4313
NC_045512.2	13205	G	T	5458	720	38	1	0	37	0.000183184	5459	0.984405	FALSE	ORF1ab:cds-YP_009724389.1	GCC	A	TCC	S	4314
NC_045512.2	13205	G	T	5458	720	38	1	0	37	0.000183184	5459	0.984405	FALSE	ORF1ab:cds-YP_009725295.1	GCC	A	TCC	S	4314
NC_045512.2	13206	C	T	5433	733	38	6	1	33	0.00110294	5440	0.5	FALSE	ORF1ab:cds-YP_009724389.1	GCC	A	GTC	V	4314
NC_045512.2	13206	C	T	5433	733	38	6	1	33	0.00110294	5440	0.5	FALSE	ORF1ab:cds-YP_009725295.1	GCC	A	GTC	V	4314
NC_045512.2	13206	C	A	5433	733	38	1	0	25	0.000183824	5440	1	FALSE	ORF1ab:cds-YP_009724389.1	GCC	A	GAC	D	4314
NC_045512.2	13206	C	A	5433	733	38	1	0	25	0.000183824	5440	1	FALSE	ORF1ab:cds-YP_009725295.1	GCC	A	GAC	D	4314
NC_045512.2	13207	C	A	5415	729	38	1	1	37	0.000184638	5416	0.984405	FALSE	ORF1ab:cds-YP_009724389.1	GCC	A	GCA	A	4314
NC_045512.2	13207	C	A	5415	729	38	1	1	37	0.000184638	5416	0.984405	FALSE	ORF1ab:cds-YP_009725295.1	GCC	A	GCA	A	4314
NC_045512.2	13208	A	C	5221	731	38	1	0	25	0.000191498	5222	1	FALSE	ORF1ab:cds-YP_009724389.1	AAT	N	CAT	H	4315
NC_045512.2	13208	A	C	5221	731	38	1	0	25	0.000191498	5222	1	FALSE	ORF1ab:cds-YP_009725295.1	AAT	N	CAT	H	4315
NC_045512.2	13209	A	G	5178	720	38	1	1	37	0.000193087	5179	0.984407	FALSE	ORF1ab:cds-YP_009724389.1	AAT	N	AGT	S	4315
NC_045512.2	13209	A	G	5178	720	38	1	1	37	0.000193087	5179	0.984407	FALSE	ORF1ab:cds-YP_009725295.1	AAT	N	AGT	S	4315
NC_045512.2	13211	A	G	5306	803	38	1	1	37	0.00018843	5307	0.984406	FALSE	ORF1ab:cds-YP_009724389.1	ATG	M	GTG	V	4316
NC_045512.2	13211	A	G	5306	803	38	1	1	37	0.00018843	5307	0.984406	FALSE	ORF1ab:cds-YP_009725295.1	ATG	M	GTG	V	4316
NC_045512.2	13212	T	C	5390	860	39	1	0	37	0.000185494	5391	0.984405	FALSE	ORF1ab:cds-YP_009724389.1	ATG	M	ACG	T	4316
NC_045512.2	13212	T	C	5390	860	39	1	0	37	0.000185494	5391	0.984405	FALSE	ORF1ab:cds-YP_009725295.1	ATG	M	ACG	T	4316
NC_045512.2	13213	G	T	5373	863	38	1	0	37	0.000186081	5374	0.984406	FALSE	ORF1ab:cds-YP_009724389.1	ATG	M	ATT	I	4316
NC_045512.2	13213	G	T	5373	863	38	1	0	37	0.000186081	5374	0.984406	FALSE	ORF1ab:cds-YP_009725295.1	ATG	M	ATT	I	4316
NC_045512.2	13214	G	T	5396	876	38	1	0	37	0.000185288	5397	0.984405	FALSE	ORF1ab:cds-YP_009724389.1	GAT	D	TAT	Y	4317
NC_045512.2	13214	G	T	5396	876	38	1	0	37	0.000185288	5397	0.984405	FALSE	ORF1ab:cds-YP_009725295.1	GAT	D	TAT	Y	4317
NC_045512.2	13214	G	-A	5396	876	38	1	0	20	0.000185288	5397	1	FALSE	NA	NA	NA	NA	NA	NA
NC_045512.2	13215	A	T	5385	873	39	1	0	25	0.000185632	5387	1	FALSE	ORF1ab:cds-YP_009724389.1	GAT	D	GTT	V	4317
NC_045512.2	13215	A	T	5385	873	39	1	0	25	0.000185632	5387	1	FALSE	ORF1ab:cds-YP_009725295.1	GAT	D	GTT	V	4317
NC_045512.2	13215	A	G	5385	873	39	1	0	37	0.000185632	5387	0.984388	FALSE	ORF1ab:cds-YP_009724389.1	GAT	D	GGT	G	4317
NC_045512.2	13215	A	G	5385	873	39	1	0	37	0.000185632	5387	0.984388	FALSE	ORF1ab:cds-YP_009725295.1	GAT	D	GGT	G	4317
NC_045512.2	13218	A	G	5290	956	38	1	0	37	0.000189	5291	0.984406	FALSE	ORF1ab:cds-YP_009724389.1	CAA	Q	CGA	R	4318
NC_045512.2	13218	A	G	5290	956	38	1	0	37	0.000189	5291	0.984406	FALSE	ORF1ab:cds-YP_009725295.1	CAA	Q	CGA	R	4318
NC_045512.2	13219	A	G	5243	957	38	2	1	37	0.000381316	5245	0.937594	FALSE	ORF1ab:cds-YP_009724389.1	CAA	Q	CAG	Q	4318
NC_045512.2	13219	A	G	5243	957	38	2	1	37	0.000381316	5245	0.937594	FALSE	ORF1ab:cds-YP_009725295.1	CAA	Q	CAG	Q	4318
NC_045512.2	13221	A	T	5269	971	38	1	0	25	0.000189717	5271	1	FALSE	ORF1ab:cds-YP_009724389.1	GAA	E	GTA	V	4319
NC_045512.2	13221	A	T	5269	971	38	1	0	25	0.000189717	5271	1	FALSE	ORF1ab:cds-YP_009725295.1	GAA	E	GTA	V	4319
NC_045512.2	13221	A	G	5269	971	38	1	0	37	0.000189717	5271	0.984397	FALSE	ORF1ab:cds-YP_009724389.1	GAA	E	GGA	G	4319
NC_045512.2	13221	A	G	5269	971	38	1	0	37	0.000189717	5271	0.984397	FALSE	ORF1ab:cds-YP_009725295.1	GAA	E	GGA	G	4319
NC_045512.2	13222	A	C	5224	975	38	2	1	25	0.000382702	5226	1	FALSE	ORF1ab:cds-YP_009724389.1	GAA	E	GAC	D	4319
NC_045512.2	13222	A	C	5224	975	38	2	1	25	0.000382702	5226	1	FALSE	ORF1ab:cds-YP_009725295.1	GAA	E	GAC	D	4319
NC_045512.2	13223	T	G	5289	1043	39	1	1	29	0.000188929	5293	1	FALSE	ORF1ab:cds-YP_009724389.1	TCC	S	GCC	A	4320
NC_045512.2	13223	T	G	5289	1043	39	1	1	29	0.000188929	5293	1	FALSE	ORF1ab:cds-YP_009725295.1	TCC	S	GCC	A	4320
NC_045512.2	13223	T	C	5289	1043	39	3	1	33	0.000566786	5293	0.855562	FALSE	ORF1ab:cds-YP_009724389.1	TCC	S	CCC	P	4320
NC_045512.2	13223	T	C	5289	1043	39	3	1	33	0.000566786	5293	0.855562	FALSE	ORF1ab:cds-YP_009725295.1	TCC	S	CCC	P	4320
NC_045512.2	13224	C	A	5276	1062	38	2	2	51	0.000378931	5278	0.250024	FALSE	ORF1ab:cds-YP_009724389.1	TCC	S	TAC	Y	4320
NC_045512.2	13224	C	A	5276	1062	38	2	2	51	0.000378931	5278	0.250024	FALSE	ORF1ab:cds-YP_009725295.1	TCC	S	TAC	Y	4320
NC_045512.2	13225	C	A	5160	1065	37	2	0	31	0.000387447	5162	0.937595	FALSE	ORF1ab:cds-YP_009724389.1	TCC	S	TCA	S	4320
NC_045512.2	13225	C	A	5160	1065	37	2	0	31	0.000387447	5162	0.937595	FALSE	ORF1ab:cds-YP_009725295.1	TCC	S	TCA	S	4320
NC_045512.2	13225	C	-T	5160	1065	37	1	0	20	0.000193723	5162	1	FALSE	NA	NA	NA	NA	NA	NA
NC_045512.2	13226	T	G	4979	1076	37	7	0	28	0.00140393	4986	1	FALSE	ORF1ab:cds-YP_009724389.1	TTT	F	GTT	V	4321
NC_045512.2	13226	T	G	4979	1076	37	7	0	28	0.00140393	4986	1	FALSE	ORF1ab:cds-YP_009725295.1	TTT	F	GTT	V	4321
NC_045512.2	13227	T	G	4963	1078	37	9	0	27	0.00180941	4974	1	FALSE	ORF1ab:cds-YP_009724389.1	TTT	F	TGT	C	4321
NC_045512.2	13227	T	G	4963	1078	37	9	0	27	0.00180941	4974	1	FALSE	ORF1ab:cds-YP_009725295.1	TTT	F	TGT	C	4321
NC_045512.2	13227	T	A	4963	1078	37	2	0	31	0.000402091	4974	0.890318	FALSE	ORF1ab:cds-YP_009724389.1	TTT	F	TAT	Y	4321
NC_045512.2	13227	T	A	4963	1078	37	2	0	31	0.000402091	4974	0.890318	FALSE	ORF1ab:cds-YP_009725295.1	TTT	F	TAT	Y	4321
NC_045512.2	13228	T	G	5242	1094	38	1	0	25	0.000190658	5245	1	FALSE	ORF1ab:cds-YP_009724389.1	TTT	F	TTG	L	4321
NC_045512.2	13228	T	G	5242	1094	38	1	0	25	0.000190658	5245	1	FALSE	ORF1ab:cds-YP_009725295.1	TTT	F	TTG	L	4321
NC_045512.2	13228	T	C	5242	1094	38	1	0	37	0.000190658	5245	0.984388	FALSE	ORF1ab:cds-YP_009724389.1	TTT	F	TTC	F	4321
NC_045512.2	13228	T	C	5242	1094	38	1	0	37	0.000190658	5245	0.984388	FALSE	ORF1ab:cds-YP_009725295.1	TTT	F	TTC	F	4321
NC_045512.2	13228	T	A	5242	1094	38	1	0	25	0.000190658	5245	1	FALSE	ORF1ab:cds-YP_009724389.1	TTT	F	TTA	L	4321
NC_045512.2	13228	T	A	5242	1094	38	1	0	25	0.000190658	5245	1	FALSE	ORF1ab:cds-YP_009725295.1	TTT	F	TTA	L	4321
NC_045512.2	13229	G	A	5451	1165	39	1	0	37	0.000183419	5452	0.984405	FALSE	ORF1ab:cds-YP_009724389.1	GGT	G	AGT	S	4322
NC_045512.2	13229	G	A	5451	1165	39	1	0	37	0.000183419	5452	0.984405	FALSE	ORF1ab:cds-YP_009725295.1	GGT	G	AGT	S	4322
NC_045512.2	13230	G	A	5608	1315	40	2	0	31	0.000356506	5610	0.937588	FALSE	ORF1ab:cds-YP_009724389.1	GGT	G	GAT	D	4322
NC_045512.2	13230	G	A	5608	1315	40	2	0	31	0.000356506	5610	0.937588	FALSE	ORF1ab:cds-YP_009725295.1	GGT	G	GAT	D	4322
NC_045512.2	13231	T	G	5484	1304	39	1	0	25	0.000182315	5485	1	FALSE	ORF1ab:cds-YP_009724389.1	GGT	G	GGG	G	4322
NC_045512.2	13231	T	G	5484	1304	39	1	0	25	0.000182315	5485	1	FALSE	ORF1ab:cds-YP_009725295.1	GGT	G	GGG	G	4322
NC_045512.2	13232	G	T	5573	1300	40	1	1	37	0.000179372	5575	0.984396	FALSE	ORF1ab:cds-YP_009724389.1	GGT	G	TGT	C	4323
NC_045512.2	13232	G	T	5573	1300	40	1	1	37	0.000179372	5575	0.984396	FALSE	ORF1ab:cds-YP_009725295.1	GGT	G	TGT	C	4323
NC_045512.2	13232	G	A	5573	1300	40	1	0	37	0.000179372	5575	0.984396	FALSE	ORF1ab:cds-YP_009724389.1	GGT	G	AGT	S	4323
NC_045512.2	13232	G	A	5573	1300	40	1	0	37	0.000179372	5575	0.984396	FALSE	ORF1ab:cds-YP_009725295.1	GGT	G	AGT	S	4323
NC_045512.2	13233	G	A	5497	1325	39	1	0	62	0.000181884	5498	0.500045	FALSE	ORF1ab:cds-YP_009724389.1	GGT	G	GAT	D	4323
NC_045512.2	13233	G	A	5497	1325	39	1	0	62	0.000181884	5498	0.500045	FALSE	ORF1ab:cds-YP_009725295.1	GGT	G	GAT	D	4323
NC_045512.2	13234	T	A	5447	1298	39	1	0	74	0.000183554	5448	0.500046	FALSE	ORF1ab:cds-YP_009724389.1	GGT	G	GGA	G	4323
NC_045512.2	13234	T	A	5447	1298	39	1	0	74	0.000183554	5448	0.500046	FALSE	ORF1ab:cds-YP_009725295.1	GGT	G	GGA	G	4323
NC_045512.2	13235	G	A	5519	1310	39	18	1	39	0.00325086	5537	0.00527844	TRUE	ORF1ab:cds-YP_009724389.1	GCA	A	ACA	T	4324
NC_045512.2	13235	G	A	5519	1310	39	18	1	39	0.00325086	5537	0.00527844	TRUE	ORF1ab:cds-YP_009725295.1	GCA	A	ACA	T	4324
NC_045512.2	13236	C	T	5500	1316	39	3	0	37	0.000544959	5505	0.855499	FALSE	ORF1ab:cds-YP_009724389.1	GCA	A	GTA	V	4324
NC_045512.2	13236	C	T	5500	1316	39	3	0	37	0.000544959	5505	0.855499	FALSE	ORF1ab:cds-YP_009725295.1	GCA	A	GTA	V	4324
NC_045512.2	13236	C	A	5500	1316	39	2	0	37	0.000363306	5505	0.9375	FALSE	ORF1ab:cds-YP_009724389.1	GCA	A	GAA	E	4324
NC_045512.2	13236	C	A	5500	1316	39	2	0	37	0.000363306	5505	0.9375	FALSE	ORF1ab:cds-YP_009725295.1	GCA	A	GAA	E	4324
NC_045512.2	13237	A	G	5290	1302	39	1	0	37	0.000189	5291	0.984406	FALSE	ORF1ab:cds-YP_009724389.1	GCA	A	GCG	A	4324
NC_045512.2	13237	A	G	5290	1302	39	1	0	37	0.000189	5291	0.984406	FALSE	ORF1ab:cds-YP_009725295.1	GCA	A	GCG	A	4324
NC_045512.2	13238	T	G	5309	1302	39	1	0	37	0.000188324	5310	0.984406	FALSE	ORF1ab:cds-YP_009724389.1	TCG	S	GCG	A	4325
NC_045512.2	13238	T	G	5309	1302	39	1	0	37	0.000188324	5310	0.984406	FALSE	ORF1ab:cds-YP_009725295.1	TCG	S	GCG	A	4325
NC_045512.2	13239	C	T	5384	1303	39	1	1	37	0.000185701	5385	0.984405	FALSE	ORF1ab:cds-YP_009724389.1	TCG	S	TTG	L	4325
NC_045512.2	13239	C	T	5384	1303	39	1	1	37	0.000185701	5385	0.984405	FALSE	ORF1ab:cds-YP_009725295.1	TCG	S	TTG	L	4325
NC_045512.2	13240	G	T	5439	1346	39	2	2	31	0.00036704	5449	0.937349	FALSE	ORF1ab:cds-YP_009724389.1	TCG	S	TCT	S	4325
NC_045512.2	13240	G	T	5439	1346	39	2	2	31	0.00036704	5449	0.937349	FALSE	ORF1ab:cds-YP_009725295.1	TCG	S	TCT	S	4325
NC_045512.2	13240	G	A	5439	1346	39	8	2	37	0.00146816	5449	0.290297	FALSE	ORF1ab:cds-YP_009724389.1	TCG	S	TCA	S	4325
NC_045512.2	13240	G	A	5439	1346	39	8	2	37	0.00146816	5449	0.290297	FALSE	ORF1ab:cds-YP_009725295.1	TCG	S	TCA	S	4325
NC_045512.2	13242	G	A	5502	1400	39	4	1	37	0.00072648	5506	0.746273	FALSE	ORF1ab:cds-YP_009724389.1	TGT	C	TAT	Y	4326
NC_045512.2	13242	G	A	5502	1400	39	4	1	37	0.00072648	5506	0.746273	FALSE	ORF1ab:cds-YP_009725295.1	TGT	C	TAT	Y	4326
NC_045512.2	13243	T	G	5284	1395	39	1	0	25	0.000189215	5285	1	FALSE	ORF1ab:cds-YP_009724389.1	TGT	C	TGG	W	4326
NC_045512.2	13243	T	G	5284	1395	39	1	0	25	0.000189215	5285	1	FALSE	ORF1ab:cds-YP_009725295.1	TGT	C	TGG	W	4326
NC_045512.2	13244	T	G	5466	1425	39	1	0	25	0.000182916	5467	1	FALSE	ORF1ab:cds-YP_009724389.1	TGT	C	GGT	G	4327
NC_045512.2	13244	T	G	5466	1425	39	1	0	25	0.000182916	5467	1	FALSE	ORF1ab:cds-YP_009725295.1	TGT	C	GGT	G	4327
NC_045512.2	13245	G	T	5636	1424	40	1	1	37	0.000177368	5638	0.984396	FALSE	ORF1ab:cds-YP_009724389.1	TGT	C	TTT	F	4327
NC_045512.2	13245	G	T	5636	1424	40	1	1	37	0.000177368	5638	0.984396	FALSE	ORF1ab:cds-YP_009725295.1	TGT	C	TTT	F	4327
NC_045512.2	13245	G	A	5636	1424	40	1	0	37	0.000177368	5638	0.984396	FALSE	ORF1ab:cds-YP_009724389.1	TGT	C	TAT	Y	4327
NC_045512.2	13245	G	A	5636	1424	40	1	0	37	0.000177368	5638	0.984396	FALSE	ORF1ab:cds-YP_009725295.1	TGT	C	TAT	Y	4327
NC_045512.2	13245	G	-T	5636	1424	40	1	0	20	0.000177368	5638	1	FALSE	NA	NA	NA	NA	NA	NA
NC_045512.2	13246	T	C	5475	1380	39	1	0	37	0.000182615	5476	0.984396	FALSE	ORF1ab:cds-YP_009724389.1	TGT	C	TGC	C	4327
NC_045512.2	13246	T	C	5475	1380	39	1	0	37	0.000182615	5476	0.984396	FALSE	ORF1ab:cds-YP_009725295.1	TGT	C	TGC	C	4327
NC_045512.2	13247	C	T	5415	1395	39	6	3	37	0.0011066	5422	0.5	FALSE	ORF1ab:cds-YP_009724389.1	CTG	L	TTG	L	4328
NC_045512.2	13247	C	T	5415	1395	39	6	3	37	0.0011066	5422	0.5	FALSE	ORF1ab:cds-YP_009725295.1	CTG	L	TTG	L	4328
NC_045512.2	13247	C	A	5415	1395	39	1	0	25	0.000184434	5422	1	FALSE	ORF1ab:cds-YP_009724389.1	CTG	L	ATG	M	4328
NC_045512.2	13247	C	A	5415	1395	39	1	0	25	0.000184434	5422	1	FALSE	ORF1ab:cds-YP_009725295.1	CTG	L	ATG	M	4328
NC_045512.2	13248	T	G	5426	1395	39	1	1	37	0.000184196	5429	0.984388	FALSE	ORF1ab:cds-YP_009724389.1	CTG	L	CGG	R	4328
NC_045512.2	13248	T	G	5426	1395	39	1	1	37	0.000184196	5429	0.984388	FALSE	ORF1ab:cds-YP_009725295.1	CTG	L	CGG	R	4328
NC_045512.2	13248	T	C	5426	1395	39	2	0	55	0.000368392	5429	0.249977	FALSE	ORF1ab:cds-YP_009724389.1	CTG	L	CCG	P	4328
NC_045512.2	13248	T	C	5426	1395	39	2	0	55	0.000368392	5429	0.249977	FALSE	ORF1ab:cds-YP_009725295.1	CTG	L	CCG	P	4328
NC_045512.2	13249	G	T	5589	1414	39	2	0	37	0.000357398	5596	0.937441	FALSE	ORF1ab:cds-YP_009724389.1	CTG	L	CTT	L	4328
NC_045512.2	13249	G	T	5589	1414	39	2	0	37	0.000357398	5596	0.937441	FALSE	ORF1ab:cds-YP_009725295.1	CTG	L	CTT	L	4328
NC_045512.2	13249	G	C	5589	1414	39	1	0	25	0.000178699	5596	1	FALSE	ORF1ab:cds-YP_009724389.1	CTG	L	CTC	L	4328
NC_045512.2	13249	G	C	5589	1414	39	1	0	25	0.000178699	5596	1	FALSE	ORF1ab:cds-YP_009725295.1	CTG	L	CTC	L	4328
NC_045512.2	13249	G	A	5589	1414	39	4	0	43	0.000714796	5596	0.0624218	FALSE	ORF1ab:cds-YP_009724389.1	CTG	L	CTA	L	4328
NC_045512.2	13249	G	A	5589	1414	39	4	0	43	0.000714796	5596	0.0624218	FALSE	ORF1ab:cds-YP_009725295.1	CTG	L	CTA	L	4328
NC_045512.2	13250	T	C	5608	1525	40	3	1	37	0.000534664	5611	0.855615	FALSE	ORF1ab:cds-YP_009724389.1	TAC	Y	CAC	H	4329
NC_045512.2	13250	T	C	5608	1525	40	3	1	37	0.000534664	5611	0.855615	FALSE	ORF1ab:cds-YP_009725295.1	TAC	Y	CAC	H	4329
NC_045512.2	13251	A	G	5506	1535	40	1	1	37	0.000181587	5507	0.984405	FALSE	ORF1ab:cds-YP_009724389.1	TAC	Y	TGC	C	4329
NC_045512.2	13251	A	G	5506	1535	40	1	1	37	0.000181587	5507	0.984405	FALSE	ORF1ab:cds-YP_009725295.1	TAC	Y	TGC	C	4329
NC_045512.2	13252	C	T	5602	1580	40	4	0	37	0.000713521	5606	0.746269	FALSE	ORF1ab:cds-YP_009724389.1	TAC	Y	TAT	Y	4329
NC_045512.2	13252	C	T	5602	1580	40	4	0	37	0.000713521	5606	0.746269	FALSE	ORF1ab:cds-YP_009725295.1	TAC	Y	TAT	Y	4329
NC_045512.2	13254	G	T	5564	1511	40	1	0	37	0.000179662	5566	0.984396	FALSE	ORF1ab:cds-YP_009724389.1	TGC	C	TTC	F	4330
NC_045512.2	13254	G	T	5564	1511	40	1	0	37	0.000179662	5566	0.984396	FALSE	ORF1ab:cds-YP_009725295.1	TGC	C	TTC	F	4330
NC_045512.2	13254	G	A	5564	1511	40	1	0	74	0.000179662	5566	0.5	FALSE	ORF1ab:cds-YP_009724389.1	TGC	C	TAC	Y	4330
NC_045512.2	13254	G	A	5564	1511	40	1	0	74	0.000179662	5566	0.5	FALSE	ORF1ab:cds-YP_009725295.1	TGC	C	TAC	Y	4330
NC_045512.2	13255	C	T	5516	1507	40	7	0	35	0.00126743	5523	0.387268	FALSE	ORF1ab:cds-YP_009724389.1	TGC	C	TGT	C	4330
NC_045512.2	13255	C	T	5516	1507	40	7	0	35	0.00126743	5523	0.387268	FALSE	ORF1ab:cds-YP_009725295.1	TGC	C	TGT	C	4330
NC_045512.2	13256	C	T	5488	1490	40	3	1	37	0.000546349	5491	0.855618	FALSE	ORF1ab:cds-YP_009724389.1	CGT	R	TGT	C	4331
NC_045512.2	13256	C	T	5488	1490	40	3	1	37	0.000546349	5491	0.855618	FALSE	ORF1ab:cds-YP_009725295.1	CGT	R	TGT	C	4331
NC_045512.2	13257	G	T	5370	1492	40	1	1	62	0.000186116	5373	0.499953	FALSE	ORF1ab:cds-YP_009724389.1	CGT	R	CTT	L	4331
NC_045512.2	13257	G	T	5370	1492	40	1	1	62	0.000186116	5373	0.499953	FALSE	ORF1ab:cds-YP_009725295.1	CGT	R	CTT	L	4331
NC_045512.2	13257	G	A	5370	1492	40	2	1	37	0.000372232	5373	0.937561	FALSE	ORF1ab:cds-YP_009724389.1	CGT	R	CAT	H	4331
NC_045512.2	13257	G	A	5370	1492	40	2	1	37	0.000372232	5373	0.937561	FALSE	ORF1ab:cds-YP_009725295.1	CGT	R	CAT	H	4331
NC_045512.2	13258	T	G	5276	1534	40	2	1	25	0.000378716	5281	1	FALSE	ORF1ab:cds-YP_009724389.1	CGT	R	CGG	R	4331
NC_045512.2	13258	T	G	5276	1534	40	2	1	25	0.000378716	5281	1	FALSE	ORF1ab:cds-YP_009725295.1	CGT	R	CGG	R	4331
NC_045512.2	13258	T	C	5276	1534	40	3	0	45	0.000568074	5281	0.124929	FALSE	ORF1ab:cds-YP_009724389.1	CGT	R	CGC	R	4331
NC_045512.2	13258	T	C	5276	1534	40	3	0	45	0.000568074	5281	0.124929	FALSE	ORF1ab:cds-YP_009725295.1	CGT	R	CGC	R	4331
NC_045512.2	13260	G	A	5271	1603	40	4	2	46	0.000758294	5275	0.0624881	FALSE	ORF1ab:cds-YP_009724389.1	TGC	C	TAC	Y	4332
NC_045512.2	13260	G	A	5271	1603	40	4	2	46	0.000758294	5275	0.0624881	FALSE	ORF1ab:cds-YP_009725295.1	TGC	C	TAC	Y	4332
NC_045512.2	13261	C	T	5216	1587	40	3	1	45	0.000574823	5219	0.125	FALSE	ORF1ab:cds-YP_009724389.1	TGC	C	TGT	C	4332
NC_045512.2	13261	C	T	5216	1587	40	3	1	45	0.000574823	5219	0.125	FALSE	ORF1ab:cds-YP_009725295.1	TGC	C	TGT	C	4332
NC_045512.2	13262	C	G	5180	1611	40	1	0	25	0.000193013	5181	1	FALSE	ORF1ab:cds-YP_009724389.1	CAC	H	GAC	D	4333
NC_045512.2	13262	C	G	5180	1611	40	1	0	25	0.000193013	5181	1	FALSE	ORF1ab:cds-YP_009725295.1	CAC	H	GAC	D	4333
NC_045512.2	13263	A	G	5121	1602	39	1	1	37	0.000195198	5123	0.984398	FALSE	ORF1ab:cds-YP_009724389.1	CAC	H	CGC	R	4333
NC_045512.2	13263	A	G	5121	1602	39	1	1	37	0.000195198	5123	0.984398	FALSE	ORF1ab:cds-YP_009725295.1	CAC	H	CGC	R	4333
NC_045512.2	13263	A	C	5121	1602	39	1	0	25	0.000195198	5123	1	FALSE	ORF1ab:cds-YP_009724389.1	CAC	H	CCC	P	4333
NC_045512.2	13263	A	C	5121	1602	39	1	0	25	0.000195198	5123	1	FALSE	ORF1ab:cds-YP_009725295.1	CAC	H	CCC	P	4333
NC_045512.2	13264	C	A	5206	1579	40	1	0	25	0.000192049	5207	1	FALSE	ORF1ab:cds-YP_009724389.1	CAC	H	CAA	Q	4333
NC_045512.2	13264	C	A	5206	1579	40	1	0	25	0.000192049	5207	1	FALSE	ORF1ab:cds-YP_009725295.1	CAC	H	CAA	Q	4333
NC_045512.2	13265	A	T	5155	1564	40	1	0	37	0.000193949	5156	0.984407	FALSE	ORF1ab:cds-YP_009724389.1	ATA	I	TTA	L	4334
NC_045512.2	13265	A	T	5155	1564	40	1	0	37	0.000193949	5156	0.984407	FALSE	ORF1ab:cds-YP_009725295.1	ATA	I	TTA	L	4334
NC_045512.2	13266	T	A	5222	1660	40	2	0	22	0.000382848	5224	1	FALSE	ORF1ab:cds-YP_009724389.1	ATA	I	AAA	K	4334
NC_045512.2	13266	T	A	5222	1660	40	2	0	22	0.000382848	5224	1	FALSE	ORF1ab:cds-YP_009725295.1	ATA	I	AAA	K	4334
NC_045512.2	13267	A	G	5138	1646	40	1	0	37	0.000194477	5142	0.98438	FALSE	ORF1ab:cds-YP_009724389.1	ATA	I	ATG	M	4334
NC_045512.2	13267	A	G	5138	1646	40	1	0	37	0.000194477	5142	0.98438	FALSE	ORF1ab:cds-YP_009725295.1	ATA	I	ATG	M	4334
NC_045512.2	13267	A	C	5138	1646	40	3	2	30	0.000583431	5142	0.855565	FALSE	ORF1ab:cds-YP_009724389.1	ATA	I	ATC	I	4334
NC_045512.2	13267	A	C	5138	1646	40	3	2	30	0.000583431	5142	0.855565	FALSE	ORF1ab:cds-YP_009725295.1	ATA	I	ATC	I	4334
NC_045512.2	13268	G	T	5041	1744	39	1	0	25	0.000198334	5042	1	FALSE	ORF1ab:cds-YP_009724389.1	GAT	D	TAT	Y	4335
NC_045512.2	13268	G	T	5041	1744	39	1	0	25	0.000198334	5042	1	FALSE	ORF1ab:cds-YP_009725295.1	GAT	D	TAT	Y	4335
NC_045512.2	13270	T	C	4401	1821	38	3	3	49	0.000681044	4405	0.124957	FALSE	ORF1ab:cds-YP_009724389.1	GAT	D	GAC	D	4335
NC_045512.2	13270	T	C	4401	1821	38	3	3	49	0.000681044	4405	0.124957	FALSE	ORF1ab:cds-YP_009725295.1	GAT	D	GAC	D	4335
NC_045512.2	13270	T	A	4401	1821	38	1	0	22	0.000227015	4405	1	FALSE	ORF1ab:cds-YP_009724389.1	GAT	D	GAA	E	4335
NC_045512.2	13270	T	A	4401	1821	38	1	0	22	0.000227015	4405	1	FALSE	ORF1ab:cds-YP_009725295.1	GAT	D	GAA	E	4335
NC_045512.2	13272	A	C	4351	1841	38	2	2	31	0.000459453	4353	0.89076	FALSE	ORF1ab:cds-YP_009724389.1	CAT	H	CCT	P	4336
NC_045512.2	13272	A	C	4351	1841	38	2	2	31	0.000459453	4353	0.89076	FALSE	ORF1ab:cds-YP_009725295.1	CAT	H	CCT	P	4336
NC_045512.2	13273	T	G	4310	1892	38	1	1	25	0.000231803	4314	1	FALSE	ORF1ab:cds-YP_009724389.1	CAT	H	CAG	Q	4336
NC_045512.2	13273	T	G	4310	1892	38	1	1	25	0.000231803	4314	1	FALSE	ORF1ab:cds-YP_009725295.1	CAT	H	CAG	Q	4336
NC_045512.2	13273	T	C	4310	1892	38	2	1	37	0.000463607	4314	0.890652	FALSE	ORF1ab:cds-YP_009724389.1	CAT	H	CAC	H	4336
NC_045512.2	13273	T	C	4310	1892	38	2	1	37	0.000463607	4314	0.890652	FALSE	ORF1ab:cds-YP_009725295.1	CAT	H	CAC	H	4336
NC_045512.2	13273	T	A	4310	1892	38	1	0	37	0.000231803	4314	0.96875	FALSE	ORF1ab:cds-YP_009724389.1	CAT	H	CAA	Q	4336
NC_045512.2	13273	T	A	4310	1892	38	1	0	37	0.000231803	4314	0.96875	FALSE	ORF1ab:cds-YP_009725295.1	CAT	H	CAA	Q	4336
NC_045512.2	13273	T	-C	4310	1892	38	1	0	20	0.000231803	4314	1	FALSE	NA	NA	NA	NA	NA	NA
NC_045512.2	13274	C	T	4217	1943	38	1	0	37	0.000237023	4219	0.968769	FALSE	ORF1ab:cds-YP_009724389.1	CCA	P	TCA	S	4337
NC_045512.2	13274	C	T	4217	1943	38	1	0	37	0.000237023	4219	0.968769	FALSE	ORF1ab:cds-YP_009725295.1	CCA	P	TCA	S	4337
NC_045512.2	13274	C	A	4217	1943	38	1	1	25	0.000237023	4219	1	FALSE	ORF1ab:cds-YP_009724389.1	CCA	P	ACA	T	4337
NC_045512.2	13274	C	A	4217	1943	38	1	1	25	0.000237023	4219	1	FALSE	ORF1ab:cds-YP_009725295.1	CCA	P	ACA	T	4337
NC_045512.2	13275	C	A	4205	1949	38	1	1	37	0.000237756	4206	0.968806	FALSE	ORF1ab:cds-YP_009724389.1	CCA	P	CAA	Q	4337
NC_045512.2	13275	C	A	4205	1949	38	1	1	37	0.000237756	4206	0.968806	FALSE	ORF1ab:cds-YP_009725295.1	CCA	P	CAA	Q	4337
NC_045512.2	13276	A	T	4225	1943	38	1	0	37	0.00023663	4226	0.968805	FALSE	ORF1ab:cds-YP_009724389.1	CCA	P	CCT	P	4337
NC_045512.2	13276	A	T	4225	1943	38	1	0	37	0.00023663	4226	0.968805	FALSE	ORF1ab:cds-YP_009725295.1	CCA	P	CCT	P	4337
NC_045512.2	13277	A	G	4376	2129	38	2	2	37	0.000456725	4379	0.890705	FALSE	ORF1ab:cds-YP_009724389.1	AAT	N	GAT	D	4338
NC_045512.2	13277	A	G	4376	2129	38	2	2	37	0.000456725	4379	0.890705	FALSE	ORF1ab:cds-YP_009725295.1	AAT	N	GAT	D	4338
NC_045512.2	13277	A	C	4376	2129	38	1	1	25	0.000228363	4379	1	FALSE	ORF1ab:cds-YP_009724389.1	AAT	N	CAT	H	4338
NC_045512.2	13277	A	C	4376	2129	38	1	1	25	0.000228363	4379	1	FALSE	ORF1ab:cds-YP_009725295.1	AAT	N	CAT	H	4338
NC_045512.2	13278	A	T	4352	2143	38	1	0	37	0.00022941	4359	0.968696	FALSE	ORF1ab:cds-YP_009724389.1	AAT	N	ATT	I	4338
NC_045512.2	13278	A	T	4352	2143	38	1	0	37	0.00022941	4359	0.968696	FALSE	ORF1ab:cds-YP_009725295.1	AAT	N	ATT	I	4338
NC_045512.2	13278	A	G	4352	2143	38	1	1	37	0.00022941	4359	0.968696	FALSE	ORF1ab:cds-YP_009724389.1	AAT	N	AGT	S	4338
NC_045512.2	13278	A	G	4352	2143	38	1	1	37	0.00022941	4359	0.968696	FALSE	ORF1ab:cds-YP_009725295.1	AAT	N	AGT	S	4338
NC_045512.2	13278	A	C	4352	2143	38	5	5	27	0.00114705	4359	1	FALSE	ORF1ab:cds-YP_009724389.1	AAT	N	ACT	T	4338
NC_045512.2	13278	A	C	4352	2143	38	5	5	27	0.00114705	4359	1	FALSE	ORF1ab:cds-YP_009725295.1	AAT	N	ACT	T	4338
NC_045512.2	13279	T	G	4686	2546	39	1	1	29	0.000213356	4687	1	FALSE	ORF1ab:cds-YP_009724389.1	AAT	N	AAG	K	4338
NC_045512.2	13279	T	G	4686	2546	39	1	1	29	0.000213356	4687	1	FALSE	ORF1ab:cds-YP_009725295.1	AAT	N	AAG	K	4338
NC_045512.2	13280	C	T	4810	2665	39	1	0	37	0.000207857	4811	0.968799	FALSE	ORF1ab:cds-YP_009724389.1	CCT	P	TCT	S	4339
NC_045512.2	13280	C	T	4810	2665	39	1	0	37	0.000207857	4811	0.968799	FALSE	ORF1ab:cds-YP_009725295.1	CCT	P	TCT	S	4339
NC_045512.2	13282	T	G	4701	2579	39	1	0	25	0.000212675	4702	1	FALSE	ORF1ab:cds-YP_009724389.1	CCT	P	CCG	P	4339
NC_045512.2	13282	T	G	4701	2579	39	1	0	25	0.000212675	4702	1	FALSE	ORF1ab:cds-YP_009725295.1	CCT	P	CCG	P	4339
NC_045512.2	13283	A	G	4675	2591	39	1	0	37	0.000213812	4677	0.968783	FALSE	ORF1ab:cds-YP_009724389.1	AAA	K	GAA	E	4340
NC_045512.2	13283	A	G	4675	2591	39	1	0	37	0.000213812	4677	0.968783	FALSE	ORF1ab:cds-YP_009725295.1	AAA	K	GAA	E	4340
NC_045512.2	13283	A	C	4675	2591	39	1	0	29	0.000213812	4677	1	FALSE	ORF1ab:cds-YP_009724389.1	AAA	K	CAA	Q	4340
NC_045512.2	13283	A	C	4675	2591	39	1	0	29	0.000213812	4677	1	FALSE	ORF1ab:cds-YP_009725295.1	AAA	K	CAA	Q	4340
NC_045512.2	13284	A	G	4231	2432	38	1	1	37	0.00023596	4238	0.968695	FALSE	ORF1ab:cds-YP_009724389.1	AAA	K	AGA	R	4340
NC_045512.2	13284	A	G	4231	2432	38	1	1	37	0.00023596	4238	0.968695	FALSE	ORF1ab:cds-YP_009725295.1	AAA	K	AGA	R	4340
NC_045512.2	13284	A	C	4231	2432	38	6	6	27	0.00141576	4238	1	FALSE	ORF1ab:cds-YP_009724389.1	AAA	K	ACA	T	4340
NC_045512.2	13284	A	C	4231	2432	38	6	6	27	0.00141576	4238	1	FALSE	ORF1ab:cds-YP_009725295.1	AAA	K	ACA	T	4340
NC_045512.2	13285	A	C	4265	2540	38	3	3	25	0.000702905	4268	1	FALSE	ORF1ab:cds-YP_009724389.1	AAA	K	AAC	N	4340
NC_045512.2	13285	A	C	4265	2540	38	3	3	25	0.000702905	4268	1	FALSE	ORF1ab:cds-YP_009725295.1	AAA	K	AAC	N	4340
NC_045512.2	13287	G	T	4410	2705	38	1	1	25	0.000226706	4411	1	FALSE	ORF1ab:cds-YP_009724389.1	GGA	G	GTA	V	4341
NC_045512.2	13287	G	T	4410	2705	38	1	1	25	0.000226706	4411	1	FALSE	ORF1ab:cds-YP_009725295.1	GGA	G	GTA	V	4341
NC_045512.2	13288	A	G	4507	2824	39	2	1	42	0.000443557	4509	0.250028	FALSE	ORF1ab:cds-YP_009724389.1	GGA	G	GGG	G	4341
NC_045512.2	13288	A	G	4507	2824	39	2	1	42	0.000443557	4509	0.250028	FALSE	ORF1ab:cds-YP_009725295.1	GGA	G	GGG	G	4341
NC_045512.2	13288	A	-T	4507	2824	39	2	0	20	0.000443557	4509	1	FALSE	NA	NA	NA	NA	NA	NA
NC_045512.2	13289	T	G	4467	2860	38	2	1	25	0.000447527	4469	1	FALSE	ORF1ab:cds-YP_009724389.1	TTT	F	GTT	V	4342
NC_045512.2	13289	T	G	4467	2860	38	2	1	25	0.000447527	4469	1	FALSE	ORF1ab:cds-YP_009725295.1	TTT	F	GTT	V	4342
NC_045512.2	13290	T	G	4392	2777	38	1	0	25	0.000227531	4395	1	FALSE	ORF1ab:cds-YP_009724389.1	TTT	F	TGT	C	4342
NC_045512.2	13290	T	G	4392	2777	38	1	0	25	0.000227531	4395	1	FALSE	ORF1ab:cds-YP_009725295.1	TTT	F	TGT	C	4342
NC_045512.2	13290	T	C	4392	2777	38	1	1	48	0.000227531	4395	0.499943	FALSE	ORF1ab:cds-YP_009724389.1	TTT	F	TCT	S	4342
NC_045512.2	13290	T	C	4392	2777	38	1	1	48	0.000227531	4395	0.499943	FALSE	ORF1ab:cds-YP_009725295.1	TTT	F	TCT	S	4342
NC_045512.2	13290	T	A	4392	2777	38	1	1	25	0.000227531	4395	1	FALSE	ORF1ab:cds-YP_009724389.1	TTT	F	TAT	Y	4342
NC_045512.2	13290	T	A	4392	2777	38	1	1	25	0.000227531	4395	1	FALSE	ORF1ab:cds-YP_009725295.1	TTT	F	TAT	Y	4342
NC_045512.2	13292	T	C	4383	2942	38	1	1	37	0.000228102	4384	0.968803	FALSE	ORF1ab:cds-YP_009724389.1	TGT	C	CGT	R	4343
NC_045512.2	13292	T	C	4383	2942	38	1	1	37	0.000228102	4384	0.968803	FALSE	ORF1ab:cds-YP_009725295.1	TGT	C	CGT	R	4343
NC_045512.2	13294	T	G	4360	2948	38	1	0	37	0.000229305	4361	0.968804	FALSE	ORF1ab:cds-YP_009724389.1	TGT	C	TGG	W	4343
NC_045512.2	13294	T	G	4360	2948	38	1	0	37	0.000229305	4361	0.968804	FALSE	ORF1ab:cds-YP_009725295.1	TGT	C	TGG	W	4343
NC_045512.2	13296	A	G	4350	2936	38	1	1	37	0.000229832	4351	0.968804	FALSE	ORF1ab:cds-YP_009724389.1	GAC	D	GGC	G	4344
NC_045512.2	13296	A	G	4350	2936	38	1	1	37	0.000229832	4351	0.968804	FALSE	ORF1ab:cds-YP_009725295.1	GAC	D	GGC	G	4344
NC_045512.2	13297	C	T	4337	2906	38	1	1	37	0.000230521	4338	0.968804	FALSE	ORF1ab:cds-YP_009724389.1	GAC	D	GAT	D	4344
NC_045512.2	13297	C	T	4337	2906	38	1	1	37	0.000230521	4338	0.968804	FALSE	ORF1ab:cds-YP_009725295.1	GAC	D	GAT	D	4344
NC_045512.2	13299	T	C	4668	3266	38	1	1	37	0.000214179	4669	0.9688	FALSE	ORF1ab:cds-YP_009724389.1	TTA	L	TCA	S	4345
NC_045512.2	13299	T	C	4668	3266	38	1	1	37	0.000214179	4669	0.9688	FALSE	ORF1ab:cds-YP_009725295.1	TTA	L	TCA	S	4345
NC_045512.2	13299	T	-A	4668	3266	38	2	0	20	0.000428357	4669	1	FALSE	NA	NA	NA	NA	NA	NA
NC_045512.2	13300	A	C	4643	3253	38	1	1	25	0.000215332	4644	1	FALSE	ORF1ab:cds-YP_009724389.1	TTA	L	TTC	F	4345
NC_045512.2	13300	A	C	4643	3253	38	1	1	25	0.000215332	4644	1	FALSE	ORF1ab:cds-YP_009725295.1	TTA	L	TTC	F	4345
NC_045512.2	13301	A	G	4579	3156	38	1	1	37	0.000218293	4581	0.968784	FALSE	ORF1ab:cds-YP_009724389.1	AAA	K	GAA	E	4346
NC_045512.2	13301	A	G	4579	3156	38	1	1	37	0.000218293	4581	0.968784	FALSE	ORF1ab:cds-YP_009725295.1	AAA	K	GAA	E	4346
NC_045512.2	13301	A	C	4579	3156	38	1	1	37	0.000218293	4581	0.968784	FALSE	ORF1ab:cds-YP_009724389.1	AAA	K	CAA	Q	4346
NC_045512.2	13301	A	C	4579	3156	38	1	1	37	0.000218293	4581	0.968784	FALSE	ORF1ab:cds-YP_009725295.1	AAA	K	CAA	Q	4346
NC_045512.2	13302	A	C	4415	3013	37	6	6	31	0.00135716	4421	0.377023	FALSE	ORF1ab:cds-YP_009724389.1	AAA	K	ACA	T	4346
NC_045512.2	13302	A	C	4415	3013	37	6	6	31	0.00135716	4421	0.377023	FALSE	ORF1ab:cds-YP_009725295.1	AAA	K	ACA	T	4346
NC_045512.2	13303	A	C	4476	3103	37	2	2	25	0.000446628	4478	1	FALSE	ORF1ab:cds-YP_009724389.1	AAA	K	AAC	N	4346
NC_045512.2	13303	A	C	4476	3103	37	2	2	25	0.000446628	4478	1	FALSE	ORF1ab:cds-YP_009725295.1	AAA	K	AAC	N	4346
NC_045512.2	13304	G	T	4610	3141	38	1	1	37	0.000216873	4611	0.968801	FALSE	ORF1ab:cds-YP_009724389.1	GGT	G	TGT	C	4347
NC_045512.2	13304	G	T	4610	3141	38	1	1	37	0.000216873	4611	0.968801	FALSE	ORF1ab:cds-YP_009725295.1	GGT	G	TGT	C	4347
NC_045512.2	13306	T	G	5189	3869	39	2	2	25	0.000385282	5191	1	FALSE	ORF1ab:cds-YP_009724389.1	GGT	G	GGG	G	4347
NC_045512.2	13306	T	G	5189	3869	39	2	2	25	0.000385282	5191	1	FALSE	ORF1ab:cds-YP_009725295.1	GGT	G	GGG	G	4347
NC_045512.2	13306	T	-A	5189	3869	39	1	0	20	0.000192641	5191	1	FALSE	NA	NA	NA	NA	NA	NA
NC_045512.2	13307	A	G	5148	3864	39	1	1	37	0.000194212	5149	0.984398	FALSE	ORF1ab:cds-YP_009724389.1	AAG	K	GAG	E	4348
NC_045512.2	13307	A	G	5148	3864	39	1	1	37	0.000194212	5149	0.984398	FALSE	ORF1ab:cds-YP_009725295.1	AAG	K	GAG	E	4348
NC_045512.2	13308	A	T	5067	3795	38	3	3	33	0.000591716	5070	0.855631	FALSE	ORF1ab:cds-YP_009724389.1	AAG	K	ATG	M	4348
NC_045512.2	13308	A	T	5067	3795	38	3	3	33	0.000591716	5070	0.855631	FALSE	ORF1ab:cds-YP_009725295.1	AAG	K	ATG	M	4348
NC_045512.2	13310	T	G	5174	3915	39	1	1	25	0.000193237	5175	1	FALSE	ORF1ab:cds-YP_009724389.1	TAT	Y	GAT	D	4349
NC_045512.2	13310	T	G	5174	3915	39	1	1	25	0.000193237	5175	1	FALSE	ORF1ab:cds-YP_009725295.1	TAT	Y	GAT	D	4349
NC_045512.2	13312	T	G	5138	3837	39	3	3	29	0.000583431	5142	1	FALSE	ORF1ab:cds-YP_009724389.1	TAT	Y	TAG	*	4349
NC_045512.2	13312	T	G	5138	3837	39	3	3	29	0.000583431	5142	1	FALSE	ORF1ab:cds-YP_009725295.1	TAT	Y	TAG	*	4349
NC_045512.2	13312	T	C	5138	3837	39	1	1	37	0.000194477	5142	0.98438	FALSE	ORF1ab:cds-YP_009724389.1	TAT	Y	TAC	Y	4349
NC_045512.2	13312	T	C	5138	3837	39	1	1	37	0.000194477	5142	0.98438	FALSE	ORF1ab:cds-YP_009725295.1	TAT	Y	TAC	Y	4349
NC_045512.2	13313	G	A	5322	4027	39	2	2	37	0.000375657	5324	0.937592	FALSE	ORF1ab:cds-YP_009724389.1	GTA	V	ATA	I	4350
NC_045512.2	13313	G	A	5322	4027	39	2	2	37	0.000375657	5324	0.937592	FALSE	ORF1ab:cds-YP_009725295.1	GTA	V	ATA	I	4350
NC_045512.2	13314	T	G	5323	4025	40	1	1	25	0.000187758	5326	1	FALSE	ORF1ab:cds-YP_009724389.1	GTA	V	GGA	G	4350
NC_045512.2	13314	T	G	5323	4025	40	1	1	25	0.000187758	5326	1	FALSE	ORF1ab:cds-YP_009725295.1	GTA	V	GGA	G	4350
NC_045512.2	13314	T	C	5323	4025	40	1	1	37	0.000187758	5326	0.984388	FALSE	ORF1ab:cds-YP_009724389.1	GTA	V	GCA	A	4350
NC_045512.2	13314	T	C	5323	4025	40	1	1	37	0.000187758	5326	0.984388	FALSE	ORF1ab:cds-YP_009725295.1	GTA	V	GCA	A	4350
NC_045512.2	13314	T	A	5323	4025	40	1	0	48	0.000187758	5326	0.499953	FALSE	ORF1ab:cds-YP_009724389.1	GTA	V	GAA	E	4350
NC_045512.2	13314	T	A	5323	4025	40	1	0	48	0.000187758	5326	0.499953	FALSE	ORF1ab:cds-YP_009725295.1	GTA	V	GAA	E	4350
NC_045512.2	13315	A	G	5367	4103	40	1	1	37	0.000186289	5368	0.984406	FALSE	ORF1ab:cds-YP_009724389.1	GTA	V	GTG	V	4350
NC_045512.2	13315	A	G	5367	4103	40	1	1	37	0.000186289	5368	0.984406	FALSE	ORF1ab:cds-YP_009725295.1	GTA	V	GTG	V	4350
NC_045512.2	13316	C	T	5395	4129	40	2	2	37	0.000370508	5398	0.937561	FALSE	ORF1ab:cds-YP_009724389.1	CAA	Q	TAA	*	4351
NC_045512.2	13316	C	T	5395	4129	40	2	2	37	0.000370508	5398	0.937561	FALSE	ORF1ab:cds-YP_009725295.1	CAA	Q	TAA	*	4351
NC_045512.2	13316	C	A	5395	4129	40	1	1	37	0.000185254	5398	0.984388	FALSE	ORF1ab:cds-YP_009724389.1	CAA	Q	AAA	K	4351
NC_045512.2	13316	C	A	5395	4129	40	1	1	37	0.000185254	5398	0.984388	FALSE	ORF1ab:cds-YP_009725295.1	CAA	Q	AAA	K	4351
NC_045512.2	13316	C	+A	5395	4129	40	1	0	20	0.000185254	5398	1	FALSE	NA	NA	NA	NA	NA	NA
NC_045512.2	13317	A	T	5374	4121	40	1	1	29	0.000186047	5375	1	FALSE	ORF1ab:cds-YP_009724389.1	CAA	Q	CTA	L	4351
NC_045512.2	13317	A	T	5374	4121	40	1	1	29	0.000186047	5375	1	FALSE	ORF1ab:cds-YP_009725295.1	CAA	Q	CTA	L	4351
NC_045512.2	13318	A	G	5316	4097	40	1	1	37	0.000188076	5317	0.984406	FALSE	ORF1ab:cds-YP_009724389.1	CAA	Q	CAG	Q	4351
NC_045512.2	13318	A	G	5316	4097	40	1	1	37	0.000188076	5317	0.984406	FALSE	ORF1ab:cds-YP_009725295.1	CAA	Q	CAG	Q	4351
NC_045512.2	13319	A	C	5191	3987	39	3	3	29	0.00057759	5194	1	FALSE	ORF1ab:cds-YP_009724389.1	ATA	I	CTA	L	4352
NC_045512.2	13319	A	C	5191	3987	39	3	3	29	0.00057759	5194	1	FALSE	ORF1ab:cds-YP_009725295.1	ATA	I	CTA	L	4352
NC_045512.2	13320	T	G	5008	3792	39	7	7	25	0.00139581	5015	1	FALSE	ORF1ab:cds-YP_009724389.1	ATA	I	AGA	R	4352
NC_045512.2	13320	T	G	5008	3792	39	7	7	25	0.00139581	5015	1	FALSE	ORF1ab:cds-YP_009725295.1	ATA	I	AGA	R	4352
NC_045512.2	13321	A	G	5297	4092	39	2	1	37	0.000377216	5302	0.9375	FALSE	ORF1ab:cds-YP_009724389.1	ATA	I	ATG	M	4352
NC_045512.2	13321	A	G	5297	4092	39	2	1	37	0.000377216	5302	0.9375	FALSE	ORF1ab:cds-YP_009725295.1	ATA	I	ATG	M	4352
NC_045512.2	13321	A	C	5297	4092	39	3	3	25	0.000565824	5302	1	FALSE	ORF1ab:cds-YP_009724389.1	ATA	I	ATC	I	4352
NC_045512.2	13321	A	C	5297	4092	39	3	3	25	0.000565824	5302	1	FALSE	ORF1ab:cds-YP_009725295.1	ATA	I	ATC	I	4352
NC_045512.2	13323	C	A	5588	4388	40	2	1	37	0.000357782	5590	0.937588	FALSE	ORF1ab:cds-YP_009724389.1	CCT	P	CAT	H	4353
NC_045512.2	13323	C	A	5588	4388	40	2	1	37	0.000357782	5590	0.937588	FALSE	ORF1ab:cds-YP_009725295.1	CCT	P	CAT	H	4353
NC_045512.2	13324	T	G	5499	4328	40	2	1	25	0.000363372	5504	1	FALSE	ORF1ab:cds-YP_009724389.1	CCT	P	CCG	P	4353
NC_045512.2	13324	T	G	5499	4328	40	2	1	25	0.000363372	5504	1	FALSE	ORF1ab:cds-YP_009725295.1	CCT	P	CCG	P	4353
NC_045512.2	13324	T	C	5499	4328	40	3	2	45	0.000545058	5504	0.124932	FALSE	ORF1ab:cds-YP_009724389.1	CCT	P	CCC	P	4353
NC_045512.2	13324	T	C	5499	4328	40	3	2	45	0.000545058	5504	0.124932	FALSE	ORF1ab:cds-YP_009725295.1	CCT	P	CCC	P	4353
NC_045512.2	13325	A	G	5533	4410	40	1	1	74	0.000180701	5534	0.500045	FALSE	ORF1ab:cds-YP_009724389.1	ACA	T	GCA	A	4354
NC_045512.2	13325	A	G	5533	4410	40	1	1	74	0.000180701	5534	0.500045	FALSE	ORF1ab:cds-YP_009725295.1	ACA	T	GCA	A	4354
NC_045512.2	13330	T	G	5166	4080	39	5	5	26	0.000966744	5172	1	FALSE	ORF1ab:cds-YP_009724389.1	ACT	T	ACG	T	4355
NC_045512.2	13330	T	G	5166	4080	39	5	5	26	0.000966744	5172	1	FALSE	ORF1ab:cds-YP_009725295.1	ACT	T	ACG	T	4355
NC_045512.2	13330	T	C	5166	4080	39	1	0	37	0.000193349	5172	0.984361	FALSE	ORF1ab:cds-YP_009724389.1	ACT	T	ACC	T	4355
NC_045512.2	13330	T	C	5166	4080	39	1	0	37	0.000193349	5172	0.984361	FALSE	ORF1ab:cds-YP_009725295.1	ACT	T	ACC	T	4355
NC_045512.2	13331	T	C	5147	4125	39	2	1	37	0.00038835	5150	0.937564	FALSE	ORF1ab:cds-YP_009724389.1	TGT	C	CGT	R	4356
NC_045512.2	13331	T	C	5147	4125	39	2	1	37	0.00038835	5150	0.937564	FALSE	ORF1ab:cds-YP_009725295.1	TGT	C	CGT	R	4356
NC_045512.2	13331	T	A	5147	4125	39	1	1	37	0.000194175	5150	0.984389	FALSE	ORF1ab:cds-YP_009724389.1	TGT	C	AGT	S	4356
NC_045512.2	13331	T	A	5147	4125	39	1	1	37	0.000194175	5150	0.984389	FALSE	ORF1ab:cds-YP_009725295.1	TGT	C	AGT	S	4356
NC_045512.2	13334	G	T	5264	4249	40	1	1	25	0.000189934	5265	1	FALSE	ORF1ab:cds-YP_009724389.1	GCT	A	TCT	S	4357
NC_045512.2	13334	G	T	5264	4249	40	1	1	25	0.000189934	5265	1	FALSE	ORF1ab:cds-YP_009725295.1	GCT	A	TCT	S	4357
NC_045512.2	13335	C	T	5221	4221	39	7	7	37	0.00133894	5228	0.387272	FALSE	ORF1ab:cds-YP_009724389.1	GCT	A	GTT	V	4357
NC_045512.2	13335	C	T	5221	4221	39	7	7	37	0.00133894	5228	0.387272	FALSE	ORF1ab:cds-YP_009725295.1	GCT	A	GTT	V	4357
NC_045512.2	13337	A	G	5229	4270	39	1	0	37	0.000191205	5230	0.984406	FALSE	ORF1ab:cds-YP_009724389.1	AAT	N	GAT	D	4358
NC_045512.2	13337	A	G	5229	4270	39	1	0	37	0.000191205	5230	0.984406	FALSE	ORF1ab:cds-YP_009725295.1	AAT	N	GAT	D	4358
NC_045512.2	13338	A	C	5119	4235	39	2	2	31	0.000390549	5121	0.937596	FALSE	ORF1ab:cds-YP_009724389.1	AAT	N	ACT	T	4358
NC_045512.2	13338	A	C	5119	4235	39	2	2	31	0.000390549	5121	0.937596	FALSE	ORF1ab:cds-YP_009725295.1	AAT	N	ACT	T	4358
NC_045512.2	13339	T	G	5199	4324	39	6	6	27	0.00115252	5206	1	FALSE	ORF1ab:cds-YP_009724389.1	AAT	N	AAG	K	4358
NC_045512.2	13339	T	G	5199	4324	39	6	6	27	0.00115252	5206	1	FALSE	ORF1ab:cds-YP_009725295.1	AAT	N	AAG	K	4358
NC_045512.2	13339	T	C	5199	4324	39	1	0	74	0.000192086	5206	0.49976	FALSE	ORF1ab:cds-YP_009724389.1	AAT	N	AAC	N	4358
NC_045512.2	13339	T	C	5199	4324	39	1	0	74	0.000192086	5206	0.49976	FALSE	ORF1ab:cds-YP_009725295.1	AAT	N	AAC	N	4358
NC_045512.2	13341	A	T	5103	4280	39	1	1	37	0.000195886	5105	0.984398	FALSE	ORF1ab:cds-YP_009724389.1	GAC	D	GTC	V	4359
NC_045512.2	13341	A	T	5103	4280	39	1	1	37	0.000195886	5105	0.984398	FALSE	ORF1ab:cds-YP_009725295.1	GAC	D	GTC	V	4359
NC_045512.2	13341	A	G	5103	4280	39	1	1	37	0.000195886	5105	0.984398	FALSE	ORF1ab:cds-YP_009724389.1	GAC	D	GGC	G	4359
NC_045512.2	13341	A	G	5103	4280	39	1	1	37	0.000195886	5105	0.984398	FALSE	ORF1ab:cds-YP_009725295.1	GAC	D	GGC	G	4359
NC_045512.2	13341	A	-C	5103	4280	39	1	0	20	0.000195886	5105	1	FALSE	NA	NA	NA	NA	NA	NA
NC_045512.2	13342	C	T	5355	4518	39	2	2	37	0.000373343	5357	0.937561	FALSE	ORF1ab:cds-YP_009724389.1	GAC	D	GAT	D	4359
NC_045512.2	13342	C	T	5355	4518	39	2	2	37	0.000373343	5357	0.937561	FALSE	ORF1ab:cds-YP_009725295.1	GAC	D	GAT	D	4359
NC_045512.2	13343	C	A	5343	4537	39	1	1	25	0.000187126	5344	1	FALSE	ORF1ab:cds-YP_009724389.1	CCT	P	ACT	T	4360
NC_045512.2	13343	C	A	5343	4537	39	1	1	25	0.000187126	5344	1	FALSE	ORF1ab:cds-YP_009725295.1	CCT	P	ACT	T	4360
NC_045512.2	13344	C	G	5343	4538	40	1	1	37	0.000187056	5346	0.984388	FALSE	ORF1ab:cds-YP_009724389.1	CCT	P	CGT	R	4360
NC_045512.2	13344	C	G	5343	4538	40	1	1	37	0.000187056	5346	0.984388	FALSE	ORF1ab:cds-YP_009725295.1	CCT	P	CGT	R	4360
NC_045512.2	13344	C	A	5343	4538	40	2	2	37	0.000374111	5346	0.937561	FALSE	ORF1ab:cds-YP_009724389.1	CCT	P	CAT	H	4360
NC_045512.2	13344	C	A	5343	4538	40	2	2	37	0.000374111	5346	0.937561	FALSE	ORF1ab:cds-YP_009725295.1	CCT	P	CAT	H	4360
NC_045512.2	13345	T	G	5121	4385	39	1	1	25	0.000195084	5126	1	FALSE	ORF1ab:cds-YP_009724389.1	CCT	P	CCG	P	4360
NC_045512.2	13345	T	G	5121	4385	39	1	1	25	0.000195084	5126	1	FALSE	ORF1ab:cds-YP_009725295.1	CCT	P	CCG	P	4360
NC_045512.2	13345	T	C	5121	4385	39	2	2	55	0.000390168	5126	0.249878	FALSE	ORF1ab:cds-YP_009724389.1	CCT	P	CCC	P	4360
NC_045512.2	13345	T	C	5121	4385	39	2	2	55	0.000390168	5126	0.249878	FALSE	ORF1ab:cds-YP_009725295.1	CCT	P	CCC	P	4360
NC_045512.2	13345	T	A	5121	4385	39	2	2	37	0.000390168	5126	0.9375	FALSE	ORF1ab:cds-YP_009724389.1	CCT	P	CCA	P	4360
NC_045512.2	13345	T	A	5121	4385	39	2	2	37	0.000390168	5126	0.9375	FALSE	ORF1ab:cds-YP_009725295.1	CCT	P	CCA	P	4360
NC_045512.2	13346	G	A	5302	4579	39	2	2	37	0.000377074	5304	0.937593	FALSE	ORF1ab:cds-YP_009724389.1	GTG	V	ATG	M	4361
NC_045512.2	13346	G	A	5302	4579	39	2	2	37	0.000377074	5304	0.937593	FALSE	ORF1ab:cds-YP_009725295.1	GTG	V	ATG	M	4361
NC_045512.2	13347	T	C	5268	4562	39	1	0	37	0.000189789	5269	0.984406	FALSE	ORF1ab:cds-YP_009724389.1	GTG	V	GCG	A	4361
NC_045512.2	13347	T	C	5268	4562	39	1	0	37	0.000189789	5269	0.984406	FALSE	ORF1ab:cds-YP_009725295.1	GTG	V	GCG	A	4361
NC_045512.2	13347	T	-G	5268	4562	39	1	0	20	0.000189789	5269	1	FALSE	NA	NA	NA	NA	NA	NA
NC_045512.2	13348	G	A	5242	4566	39	1	1	37	0.00019073	5243	0.984397	FALSE	ORF1ab:cds-YP_009724389.1	GTG	V	GTA	V	4361
NC_045512.2	13348	G	A	5242	4566	39	1	1	37	0.00019073	5243	0.984397	FALSE	ORF1ab:cds-YP_009725295.1	GTG	V	GTA	V	4361
NC_045512.2	13349	G	T	5240	4579	39	1	1	74	0.000190803	5241	0.500048	FALSE	ORF1ab:cds-YP_009724389.1	GGT	G	TGT	C	4362
NC_045512.2	13349	G	T	5240	4579	39	1	1	74	0.000190803	5241	0.500048	FALSE	ORF1ab:cds-YP_009725295.1	GGT	G	TGT	C	4362
NC_045512.2	13351	T	C	4947	4401	38	1	1	37	0.000202061	4949	0.968782	FALSE	ORF1ab:cds-YP_009724389.1	GGT	G	GGC	G	4362
NC_045512.2	13351	T	C	4947	4401	38	1	1	37	0.000202061	4949	0.968782	FALSE	ORF1ab:cds-YP_009725295.1	GGT	G	GGC	G	4362
NC_045512.2	13351	T	A	4947	4401	38	1	1	25	0.000202061	4949	1	FALSE	ORF1ab:cds-YP_009724389.1	GGT	G	GGA	G	4362
NC_045512.2	13351	T	A	4947	4401	38	1	1	25	0.000202061	4949	1	FALSE	ORF1ab:cds-YP_009725295.1	GGT	G	GGA	G	4362
NC_045512.2	13352	T	C	5037	4501	38	1	1	37	0.000198491	5038	0.984408	FALSE	ORF1ab:cds-YP_009724389.1	TTT	F	CTT	L	4363
NC_045512.2	13352	T	C	5037	4501	38	1	1	37	0.000198491	5038	0.984408	FALSE	ORF1ab:cds-YP_009725295.1	TTT	F	CTT	L	4363
NC_045512.2	13353	T	G	4968	4435	38	1	0	29	0.000201207	4970	1	FALSE	ORF1ab:cds-YP_009724389.1	TTT	F	TGT	C	4363
NC_045512.2	13353	T	G	4968	4435	38	1	0	29	0.000201207	4970	1	FALSE	ORF1ab:cds-YP_009725295.1	TTT	F	TGT	C	4363
NC_045512.2	13353	T	C	4968	4435	38	1	1	37	0.000201207	4970	0.968781	FALSE	ORF1ab:cds-YP_009724389.1	TTT	F	TCT	S	4363
NC_045512.2	13353	T	C	4968	4435	38	1	1	37	0.000201207	4970	0.968781	FALSE	ORF1ab:cds-YP_009725295.1	TTT	F	TCT	S	4363
NC_045512.2	13357	A	+G	5045	4589	38	1	0	20	0.000198216	5045	1	FALSE	NA	NA	NA	NA	NA	NA
NC_045512.2	13358	C	T	5116	4653	38	1	1	37	0.000195427	5117	0.984407	FALSE	ORF1ab:cds-YP_009724389.1	CTT	L	TTT	F	4365
NC_045512.2	13358	C	T	5116	4653	38	1	1	37	0.000195427	5117	0.984407	FALSE	ORF1ab:cds-YP_009725295.1	CTT	L	TTT	F	4365
NC_045512.2	13360	T	C	5051	4625	39	3	3	29	0.000593589	5054	1	FALSE	ORF1ab:cds-YP_009724389.1	CTT	L	CTC	L	4365
NC_045512.2	13360	T	C	5051	4625	39	3	3	29	0.000593589	5054	1	FALSE	ORF1ab:cds-YP_009725295.1	CTT	L	CTC	L	4365
NC_045512.2	13361	A	G	5074	4657	39	1	0	37	0.000197044	5075	0.984407	FALSE	ORF1ab:cds-YP_009724389.1	AAA	K	GAA	E	4366
NC_045512.2	13361	A	G	5074	4657	39	1	0	37	0.000197044	5075	0.984407	FALSE	ORF1ab:cds-YP_009725295.1	AAA	K	GAA	E	4366
NC_045512.2	13362	A	G	5017	4602	38	2	2	37	0.000398486	5019	0.937598	FALSE	ORF1ab:cds-YP_009724389.1	AAA	K	AGA	R	4366
NC_045512.2	13362	A	G	5017	4602	38	2	2	37	0.000398486	5019	0.937598	FALSE	ORF1ab:cds-YP_009725295.1	AAA	K	AGA	R	4366
NC_045512.2	13363	A	T	4898	4502	38	1	1	25	0.000204082	4900	1	FALSE	ORF1ab:cds-YP_009724389.1	AAA	K	AAT	N	4366
NC_045512.2	13363	A	T	4898	4502	38	1	1	25	0.000204082	4900	1	FALSE	ORF1ab:cds-YP_009725295.1	AAA	K	AAT	N	4366
NC_045512.2	13363	A	G	4898	4502	38	1	1	37	0.000204082	4900	0.968782	FALSE	ORF1ab:cds-YP_009724389.1	AAA	K	AAG	K	4366
NC_045512.2	13363	A	G	4898	4502	38	1	1	37	0.000204082	4900	0.968782	FALSE	ORF1ab:cds-YP_009725295.1	AAA	K	AAG	K	4366
NC_045512.2	13364	A	C	4709	4321	37	1	1	25	0.000212314	4710	1	FALSE	ORF1ab:cds-YP_009724389.1	AAC	N	CAC	H	4367
NC_045512.2	13364	A	C	4709	4321	37	1	1	25	0.000212314	4710	1	FALSE	ORF1ab:cds-YP_009725295.1	AAC	N	CAC	H	4367
NC_045512.2	13365	A	C	4806	4420	38	1	1	37	0.00020803	4807	0.968799	FALSE	ORF1ab:cds-YP_009724389.1	AAC	N	ACC	T	4367
NC_045512.2	13365	A	C	4806	4420	38	1	1	37	0.00020803	4807	0.968799	FALSE	ORF1ab:cds-YP_009725295.1	AAC	N	ACC	T	4367
NC_045512.2	13367	A	T	4717	4331	38	1	1	25	0.000211909	4719	1	FALSE	ORF1ab:cds-YP_009724389.1	ACA	T	TCA	S	4368
NC_045512.2	13367	A	T	4717	4331	38	1	1	25	0.000211909	4719	1	FALSE	ORF1ab:cds-YP_009725295.1	ACA	T	TCA	S	4368
NC_045512.2	13367	A	C	4717	4331	38	1	1	25	0.000211909	4719	1	FALSE	ORF1ab:cds-YP_009724389.1	ACA	T	CCA	P	4368
NC_045512.2	13367	A	C	4717	4331	38	1	1	25	0.000211909	4719	1	FALSE	ORF1ab:cds-YP_009725295.1	ACA	T	CCA	P	4368
NC_045512.2	13368	C	T	5000	4628	39	1	1	37	0.00019992	5002	0.984398	FALSE	ORF1ab:cds-YP_009724389.1	ACA	T	ATA	I	4368
NC_045512.2	13368	C	T	5000	4628	39	1	1	37	0.00019992	5002	0.984398	FALSE	ORF1ab:cds-YP_009725295.1	ACA	T	ATA	I	4368
NC_045512.2	13368	C	G	5000	4628	39	1	1	37	0.00019992	5002	0.984398	FALSE	ORF1ab:cds-YP_009724389.1	ACA	T	AGA	R	4368
NC_045512.2	13368	C	G	5000	4628	39	1	1	37	0.00019992	5002	0.984398	FALSE	ORF1ab:cds-YP_009725295.1	ACA	T	AGA	R	4368
NC_045512.2	13369	A	T	4886	4524	39	1	1	37	0.000204499	4890	0.96875	FALSE	ORF1ab:cds-YP_009724389.1	ACA	T	ACT	T	4368
NC_045512.2	13369	A	T	4886	4524	39	1	1	37	0.000204499	4890	0.96875	FALSE	ORF1ab:cds-YP_009725295.1	ACA	T	ACT	T	4368
NC_045512.2	13369	A	G	4886	4524	39	3	2	49	0.000613497	4890	0.124962	FALSE	ORF1ab:cds-YP_009724389.1	ACA	T	ACG	T	4368
NC_045512.2	13369	A	G	4886	4524	39	3	2	49	0.000613497	4890	0.124962	FALSE	ORF1ab:cds-YP_009725295.1	ACA	T	ACG	T	4368
NC_045512.2	13371	T	C	4896	4534	38	1	1	37	0.000204123	4899	0.968766	FALSE	ORF1ab:cds-YP_009724389.1	GTC	V	GCC	A	4369
NC_045512.2	13371	T	C	4896	4534	38	1	1	37	0.000204123	4899	0.968766	FALSE	ORF1ab:cds-YP_009725295.1	GTC	V	GCC	A	4369
NC_045512.2	13371	T	A	4896	4534	38	2	2	31	0.000408247	4899	0.890697	FALSE	ORF1ab:cds-YP_009724389.1	GTC	V	GAC	D	4369
NC_045512.2	13371	T	A	4896	4534	38	2	2	31	0.000408247	4899	0.890697	FALSE	ORF1ab:cds-YP_009725295.1	GTC	V	GAC	D	4369
NC_045512.2	13373	T	C	4809	4463	38	3	2	25	0.000623312	4813	1	FALSE	ORF1ab:cds-YP_009724389.1	TGT	C	CGT	R	4370
NC_045512.2	13373	T	C	4809	4463	38	3	2	25	0.000623312	4813	1	FALSE	ORF1ab:cds-YP_009725295.1	TGT	C	CGT	R	4370
NC_045512.2	13373	T	A	4809	4463	38	1	1	37	0.000207771	4813	0.96875	FALSE	ORF1ab:cds-YP_009724389.1	TGT	C	AGT	S	4370
NC_045512.2	13373	T	A	4809	4463	38	1	1	37	0.000207771	4813	0.96875	FALSE	ORF1ab:cds-YP_009725295.1	TGT	C	AGT	S	4370
NC_045512.2	13374	G	T	4864	4546	38	1	1	25	0.000205465	4867	1	FALSE	ORF1ab:cds-YP_009724389.1	TGT	C	TTT	F	4370
NC_045512.2	13374	G	T	4864	4546	38	1	1	25	0.000205465	4867	1	FALSE	ORF1ab:cds-YP_009725295.1	TGT	C	TTT	F	4370
NC_045512.2	13374	G	A	4864	4546	38	2	2	37	0.000410931	4867	0.890697	FALSE	ORF1ab:cds-YP_009724389.1	TGT	C	TAT	Y	4370
NC_045512.2	13374	G	A	4864	4546	38	2	2	37	0.000410931	4867	0.890697	FALSE	ORF1ab:cds-YP_009725295.1	TGT	C	TAT	Y	4370
NC_045512.2	13375	T	G	4619	4302	37	1	1	25	0.000216357	4622	1	FALSE	ORF1ab:cds-YP_009724389.1	TGT	C	TGG	W	4370
NC_045512.2	13375	T	G	4619	4302	37	1	1	25	0.000216357	4622	1	FALSE	ORF1ab:cds-YP_009725295.1	TGT	C	TGG	W	4370
NC_045512.2	13375	T	A	4619	4302	37	2	2	37	0.000432713	4622	0.890701	FALSE	ORF1ab:cds-YP_009724389.1	TGT	C	TGA	*	4370
NC_045512.2	13375	T	A	4619	4302	37	2	2	37	0.000432713	4622	0.890701	FALSE	ORF1ab:cds-YP_009725295.1	TGT	C	TGA	*	4370
NC_045512.2	13376	A	T	4599	4285	38	1	1	25	0.000217297	4602	1	FALSE	ORF1ab:cds-YP_009724389.1	ACC	T	TCC	S	4371
NC_045512.2	13376	A	T	4599	4285	38	1	1	25	0.000217297	4602	1	FALSE	ORF1ab:cds-YP_009725295.1	ACC	T	TCC	S	4371
NC_045512.2	13376	A	G	4599	4285	38	1	1	37	0.000217297	4602	0.968767	FALSE	ORF1ab:cds-YP_009724389.1	ACC	T	GCC	A	4371
NC_045512.2	13376	A	G	4599	4285	38	1	1	37	0.000217297	4602	0.968767	FALSE	ORF1ab:cds-YP_009725295.1	ACC	T	GCC	A	4371
NC_045512.2	13376	A	C	4599	4285	38	1	0	22	0.000217297	4602	1	FALSE	ORF1ab:cds-YP_009724389.1	ACC	T	CCC	P	4371
NC_045512.2	13376	A	C	4599	4285	38	1	0	22	0.000217297	4602	1	FALSE	ORF1ab:cds-YP_009725295.1	ACC	T	CCC	P	4371
NC_045512.2	13377	C	T	4842	4526	38	4	4	37	0.000825423	4846	0.636888	FALSE	ORF1ab:cds-YP_009724389.1	ACC	T	ATC	I	4371
NC_045512.2	13377	C	T	4842	4526	38	4	4	37	0.000825423	4846	0.636888	FALSE	ORF1ab:cds-YP_009725295.1	ACC	T	ATC	I	4371
NC_045512.2	13379	G	T	4224	3920	38	1	0	37	0.000236407	4230	0.968713	FALSE	ORF1ab:cds-YP_009724389.1	GTC	V	TTC	F	4372
NC_045512.2	13379	G	T	4224	3920	38	1	0	37	0.000236407	4230	0.968713	FALSE	ORF1ab:cds-YP_009725295.1	GTC	V	TTC	F	4372
NC_045512.2	13379	G	A	4224	3920	38	5	5	44	0.00118203	4230	0.0312131	FALSE	ORF1ab:cds-YP_009724389.1	GTC	V	ATC	I	4372
NC_045512.2	13379	G	A	4224	3920	38	5	5	44	0.00118203	4230	0.0312131	FALSE	ORF1ab:cds-YP_009725295.1	GTC	V	ATC	I	4372
NC_045512.2	13380	T	G	3912	3642	38	1	1	37	0.000255558	3913	0.93758	FALSE	ORF1ab:cds-YP_009724389.1	GTC	V	GGC	G	4372
NC_045512.2	13380	T	G	3912	3642	38	1	1	37	0.000255558	3913	0.93758	FALSE	ORF1ab:cds-YP_009725295.1	GTC	V	GGC	G	4372
NC_045512.2	13381	C	G	3851	3583	38	1	1	20	0.000259605	3852	1	FALSE	ORF1ab:cds-YP_009724389.1	GTC	V	GTG	V	4372
NC_045512.2	13381	C	G	3851	3583	38	1	1	20	0.000259605	3852	1	FALSE	ORF1ab:cds-YP_009725295.1	GTC	V	GTG	V	4372
NC_045512.2	13384	C	T	3869	3609	38	9	7	41	0.00232078	3878	0.00194633	TRUE	ORF1ab:cds-YP_009724389.1	TGC	C	TGT	C	4373
NC_045512.2	13384	C	T	3869	3609	38	9	7	41	0.00232078	3878	0.00194633	TRUE	ORF1ab:cds-YP_009725295.1	TGC	C	TGT	C	4373
NC_045512.2	13385	G	A	3844	3576	38	1	0	37	0.000260078	3845	0.937581	FALSE	ORF1ab:cds-YP_009724389.1	GGT	G	AGT	S	4374
NC_045512.2	13385	G	A	3844	3576	38	1	0	37	0.000260078	3845	0.937581	FALSE	ORF1ab:cds-YP_009725295.1	GGT	G	AGT	S	4374
NC_045512.2	13387	T	G	3740	3508	38	1	0	29	0.000267308	3741	1	FALSE	ORF1ab:cds-YP_009724389.1	GGT	G	GGG	G	4374
NC_045512.2	13387	T	G	3740	3508	38	1	0	29	0.000267308	3741	1	FALSE	ORF1ab:cds-YP_009725295.1	GGT	G	GGG	G	4374
NC_045512.2	13388	A	C	3739	3503	38	1	0	25	0.00026738	3740	1	FALSE	ORF1ab:cds-YP_009724389.1	ATG	M	CTG	L	4375
NC_045512.2	13388	A	C	3739	3503	38	1	0	25	0.00026738	3740	1	FALSE	ORF1ab:cds-YP_009725295.1	ATG	M	CTG	L	4375
NC_045512.2	13390	G	A	3766	3514	38	2	2	31	0.000530786	3768	0.812666	FALSE	ORF1ab:cds-YP_009724389.1	ATG	M	ATA	I	4375
NC_045512.2	13390	G	A	3766	3514	38	2	2	31	0.000530786	3768	0.812666	FALSE	ORF1ab:cds-YP_009725295.1	ATG	M	ATA	I	4375
NC_045512.2	13395	A	T	3569	3322	37	1	1	25	0.000280034	3571	1	FALSE	ORF1ab:cds-YP_009724389.1	AAA	K	ATA	I	4377
NC_045512.2	13395	A	T	3569	3322	37	1	1	25	0.000280034	3571	1	FALSE	ORF1ab:cds-YP_009725295.1	AAA	K	ATA	I	4377
NC_045512.2	13395	A	G	3569	3322	37	1	1	74	0.000280034	3571	0.5	FALSE	ORF1ab:cds-YP_009724389.1	AAA	K	AGA	R	4377
NC_045512.2	13395	A	G	3569	3322	37	1	1	74	0.000280034	3571	0.5	FALSE	ORF1ab:cds-YP_009725295.1	AAA	K	AGA	R	4377
NC_045512.2	13396	A	T	3612	3360	38	1	1	37	0.000276778	3613	0.937586	FALSE	ORF1ab:cds-YP_009724389.1	AAA	K	AAT	N	4377
NC_045512.2	13396	A	T	3612	3360	38	1	1	37	0.000276778	3613	0.937586	FALSE	ORF1ab:cds-YP_009725295.1	AAA	K	AAT	N	4377
NC_045512.2	13398	G	A	3495	3284	37	1	1	37	0.000286041	3496	0.937589	FALSE	ORF1ab:cds-YP_009724389.1	GGT	G	GAT	D	4378
NC_045512.2	13398	G	A	3495	3284	37	1	1	37	0.000286041	3496	0.937589	FALSE	ORF1ab:cds-YP_009725295.1	GGT	G	GAT	D	4378
NC_045512.2	13399	T	C	3222	3014	38	1	1	37	0.00031027	3223	0.937597	FALSE	ORF1ab:cds-YP_009724389.1	GGT	G	GGC	G	4378
NC_045512.2	13399	T	C	3222	3014	38	1	1	37	0.00031027	3223	0.937597	FALSE	ORF1ab:cds-YP_009725295.1	GGT	G	GGC	G	4378
NC_045512.2	13400	T	C	3237	3034	38	2	2	31	0.000617475	3239	0.812693	FALSE	ORF1ab:cds-YP_009724389.1	TAT	Y	CAT	H	4379
NC_045512.2	13400	T	C	3237	3034	38	2	2	31	0.000617475	3239	0.812693	FALSE	ORF1ab:cds-YP_009725295.1	TAT	Y	CAT	H	4379
NC_045512.2	13401	A	T	3174	2969	37	1	1	37	0.000314762	3177	0.93752	FALSE	ORF1ab:cds-YP_009724389.1	TAT	Y	TTT	F	4379
NC_045512.2	13401	A	T	3174	2969	37	1	1	37	0.000314762	3177	0.93752	FALSE	ORF1ab:cds-YP_009725295.1	TAT	Y	TTT	F	4379
NC_045512.2	13401	A	G	3174	2969	37	2	2	37	0.000629525	3177	0.812598	FALSE	ORF1ab:cds-YP_009724389.1	TAT	Y	TGT	C	4379
NC_045512.2	13401	A	G	3174	2969	37	2	2	37	0.000629525	3177	0.812598	FALSE	ORF1ab:cds-YP_009725295.1	TAT	Y	TGT	C	4379
NC_045512.2	13402	T	-G	3122	2916	37	1	0	20	0.000320307	3122	1	FALSE	NA	NA	NA	NA	NA	NA
NC_045512.2	13404	G	A	3107	2925	37	2	2	37	0.000643294	3109	0.812701	FALSE	ORF1ab:cds-YP_009724389.1	GGC	G	GAC	D	4380
NC_045512.2	13404	G	A	3107	2925	37	2	2	37	0.000643294	3109	0.812701	FALSE	ORF1ab:cds-YP_009725295.1	GGC	G	GAC	D	4380
NC_045512.2	13404	G	+C	3107	2925	37	2	0	20	0.000643294	3109	1	FALSE	NA	NA	NA	NA	NA	NA
NC_045512.2	13405	C	T	3211	3050	37	1	0	37	0.000311333	3212	0.937597	FALSE	ORF1ab:cds-YP_009724389.1	GGC	G	GGT	G	4380
NC_045512.2	13405	C	T	3211	3050	37	1	0	37	0.000311333	3212	0.937597	FALSE	ORF1ab:cds-YP_009725295.1	GGC	G	GGT	G	4380
NC_045512.2	13407	G	T	2281	2127	38	1	1	25	0.00043802	2283	1	FALSE	ORF1ab:cds-YP_009724389.1	TGT	C	TTT	F	4381
NC_045512.2	13407	G	T	2281	2127	38	1	1	25	0.00043802	2283	1	FALSE	ORF1ab:cds-YP_009725295.1	TGT	C	TTT	F	4381
NC_045512.2	13407	G	A	2281	2127	38	1	1	37	0.00043802	2283	0.875082	FALSE	ORF1ab:cds-YP_009724389.1	TGT	C	TAT	Y	4381
NC_045512.2	13407	G	A	2281	2127	38	1	1	37	0.00043802	2283	0.875082	FALSE	ORF1ab:cds-YP_009725295.1	TGT	C	TAT	Y	4381
NC_045512.2	13410	G	A	2239	2096	37	1	1	37	0.000446429	2240	0.875167	FALSE	ORF1ab:cds-YP_009724389.1	AGT	S	AAT	N	4382
NC_045512.2	13410	G	A	2239	2096	37	1	1	37	0.000446429	2240	0.875167	FALSE	ORF1ab:cds-YP_009725295.1	AGT	S	AAT	N	4382
NC_045512.2	13414	T	A	1867	1748	38	1	1	25	0.000535332	1868	0.999998	FALSE	ORF1ab:cds-YP_009724389.1	TGT	C	TGA	*	4383
NC_045512.2	13414	T	A	1867	1748	38	1	1	25	0.000535332	1868	0.999998	FALSE	ORF1ab:cds-YP_009725295.1	TGT	C	TGA	*	4383
NC_045512.2	13420	A	C	1522	1405	36	3	3	25	0.00196721	1525	0.999367	FALSE	ORF1ab:cds-YP_009724389.1	CAA	Q	CAC	H	4385
NC_045512.2	13420	A	C	1522	1405	36	3	3	25	0.00196721	1525	0.999367	FALSE	ORF1ab:cds-YP_009725295.1	CAA	Q	CAC	H	4385
NC_045512.2	13422	T	C	1517	1422	37	1	0	37	0.000658762	1518	0.750247	FALSE	ORF1ab:cds-YP_009724389.1	CTC	L	CCC	P	4386
NC_045512.2	13422	T	C	1517	1422	37	1	0	37	0.000658762	1518	0.750247	FALSE	ORF1ab:cds-YP_009725295.1	CTC	L	CCC	P	4386
NC_045512.2	13424	C	T	1371	1301	37	1	1	37	0.000728863	1372	0.750273	FALSE	ORF1ab:cds-YP_009724389.1	CGC	R	TGC	C	4387
NC_045512.2	13424	C	T	1371	1301	37	1	1	37	0.000728863	1372	0.750273	FALSE	ORF1ab:cds-YP_009725295.1	CGC	R	TGC	C	4387
NC_045512.2	13427	G	A	1313	1264	37	29	14	37	0.0216095	1342	2.52956e-08	TRUE	ORF1ab:cds-YP_009724389.1	GAA	E	AAA	K	4388
NC_045512.2	13427	G	A	1313	1264	37	29	14	37	0.0216095	1342	2.52956e-08	TRUE	ORF1ab:cds-YP_009725295.1	GAA	E	AAA	K	4388
NC_045512.2	13429	A	C	1225	1169	36	2	2	25	0.00162999	1227	0.999114	FALSE	ORF1ab:cds-YP_009724389.1	GAA	E	GAC	D	4388
NC_045512.2	13429	A	C	1225	1169	36	2	2	25	0.00162999	1227	0.999114	FALSE	ORF1ab:cds-YP_009725295.1	GAA	E	GAC	D	4388
NC_045512.2	13433	A	G	1189	1149	36	1	0	37	0.000840336	1190	0.750315	FALSE	ORF1ab:cds-YP_009724389.1	ATG	M	GTG	V	4390
NC_045512.2	13433	A	G	1189	1149	36	1	0	37	0.000840336	1190	0.750315	FALSE	ORF1ab:cds-YP_009725295.1	ATG	M	GTG	V	4390
NC_045512.2	13435	G	A	1198	1163	37	1	1	37	0.000834028	1199	0.750313	FALSE	ORF1ab:cds-YP_009724389.1	ATG	M	ATA	I	4390
NC_045512.2	13435	G	A	1198	1163	37	1	1	37	0.000834028	1199	0.750313	FALSE	ORF1ab:cds-YP_009725295.1	ATG	M	ATA	I	4390
NC_045512.2	13436	C	T	1205	1171	37	1	1	37	0.000829187	1206	0.750311	FALSE	ORF1ab:cds-YP_009724389.1	CTT	L	TTT	F	4391
NC_045512.2	13436	C	T	1205	1171	37	1	1	37	0.000829187	1206	0.750311	FALSE	ORF1ab:cds-YP_009725295.1	CTT	L	TTT	F	4391
NC_045512.2	13440	A	T	848	821	37	2	0	37	0.00235294	850	0.250147	FALSE	ORF1ab:cds-YP_009724389.1	CAG	Q	CTG	L	4392
NC_045512.2	13440	A	T	848	821	37	2	0	37	0.00235294	850	0.250147	FALSE	ORF1ab:cds-YP_009725295.1	CAG	Q	CTG	L	4392
NC_045512.2	13443	C	A	835	812	37	1	1	37	0.00119617	836	0.500299	FALSE	ORF1ab:cds-YP_009724389.1	TCA	S	TAA	*	4393
NC_045512.2	13443	C	A	835	812	37	1	1	37	0.00119617	836	0.500299	FALSE	ORF1ab:cds-YP_009725295.1	TCA	S	TAA	*	4393
NC_045512.2	13446	C	T	719	699	37	2	2	31	0.00277393	721	0.250173	FALSE	ORF1ab:cds-YP_009724389.1	GCT	A	GTT	V	4394
NC_045512.2	13446	C	T	719	699	37	2	2	31	0.00277393	721	0.250173	FALSE	ORF1ab:cds-YP_009725295.1	GCT	A	GTT	V	4394
NC_045512.2	13449	A	C	639	622	37	1	0	37	0.0015625	640	0.500391	FALSE	ORF1ab:cds-YP_009724389.1	GAT	D	GCT	A	4395
NC_045512.2	13449	A	C	639	622	37	1	0	37	0.0015625	640	0.500391	FALSE	ORF1ab:cds-YP_009725295.1	GAT	D	GCT	A	4395
NC_045512.2	13451	G	T	624	611	36	1	1	37	0.0016	625	0.5004	FALSE	ORF1ab:cds-YP_009724389.1	GCA	A	TCA	S	4396
NC_045512.2	13451	G	T	624	611	36	1	1	37	0.0016	625	0.5004	FALSE	ORF1ab:cds-YP_009725295.1	GCA	A	TCA	S	4396
NC_045512.2	13453	A	T	575	564	36	2	1	37	0.0034662	577	0.250217	FALSE	ORF1ab:cds-YP_009724389.1	GCA	A	GCT	A	4396
NC_045512.2	13453	A	T	575	564	36	2	1	37	0.0034662	577	0.250217	FALSE	ORF1ab:cds-YP_009725295.1	GCA	A	GCT	A	4396
NC_045512.2	13781	T	C	745	51	36	1	1	37	0.00134048	746	0.500335	FALSE	ORF1ab:cds-YP_009724389.1	ATA	I	ACA	T	105
NC_045512.2	13792	C	T	865	62	36	1	0	37	0.00115473	866	0.500289	FALSE	ORF1ab:cds-YP_009724389.1	CGT	R	TGT	C	109
NC_045512.2	13793	G	A	885	63	36	1	0	37	0.00112867	886	0.500282	FALSE	ORF1ab:cds-YP_009724389.1	CGT	R	CAT	H	109
NC_045512.2	13808	C	T	1065	102	37	1	0	37	0.000937207	1067	0.750117	FALSE	ORF1ab:cds-YP_009724389.1	ACA	T	ATA	I	114
NC_045512.2	13808	C	A	1065	102	37	1	0	25	0.000937207	1067	0.999524	FALSE	ORF1ab:cds-YP_009724389.1	ACA	T	AAA	K	114
NC_045512.2	13811	T	A	1106	103	37	1	0	37	0.000903342	1107	0.750339	FALSE	ORF1ab:cds-YP_009724389.1	ATG	M	AAG	K	115
NC_045512.2	13813	G	A	1150	104	37	1	0	37	0.00086881	1151	0.750326	FALSE	ORF1ab:cds-YP_009724389.1	GCA	A	ACA	T	116
NC_045512.2	13814	C	T	1153	106	37	1	0	37	0.000866551	1154	0.750325	FALSE	ORF1ab:cds-YP_009724389.1	GCA	A	GTA	V	116
NC_045512.2	13816	G	T	1200	105	37	1	0	25	0.000832639	1201	0.999882	FALSE	ORF1ab:cds-YP_009724389.1	GAC	D	TAC	Y	117
NC_045512.2	13819	C	A	1188	106	36	1	0	37	0.000841043	1189	0.750316	FALSE	ORF1ab:cds-YP_009724389.1	CTC	L	ATC	I	118
NC_045512.2	13822	G	A	1388	108	37	2	0	37	0.00143885	1390	0.50027	FALSE	ORF1ab:cds-YP_009724389.1	GTC	V	ATC	I	119
NC_045512.2	13824	C	G	1384	98	37	1	0	37	0.000722022	1385	0.750271	FALSE	ORF1ab:cds-YP_009724389.1	GTC	V	GTG	V	119
NC_045512.2	13830	T	G	1334	122	36	2	0	31	0.00149701	1336	0.500281	FALSE	ORF1ab:cds-YP_009724389.1	GCT	A	GCG	A	121
NC_045512.2	13831	T	G	1383	126	36	3	0	25	0.0021645	1386	0.997969	FALSE	ORF1ab:cds-YP_009724389.1	TTA	L	GTA	V	122
NC_045512.2	13834	A	T	1432	154	37	1	0	37	0.000697837	1433	0.750262	FALSE	ORF1ab:cds-YP_009724389.1	AGG	R	TGG	W	123
NC_045512.2	13836	G	A	1496	151	38	2	1	49	0.00133511	1498	0.250083	FALSE	ORF1ab:cds-YP_009724389.1	AGG	R	AGA	R	123
NC_045512.2	13840	T	G	1391	164	37	1	0	37	0.000718391	1392	0.750269	FALSE	ORF1ab:cds-YP_009724389.1	TTT	F	GTT	V	125
NC_045512.2	13845	T	G	1425	163	37	1	0	25	0.000700771	1427	0.999971	FALSE	ORF1ab:cds-YP_009724389.1	GAT	D	GAG	E	126
NC_045512.2	13845	T	C	1425	163	37	1	0	37	0.000700771	1427	0.750088	FALSE	ORF1ab:cds-YP_009724389.1	GAT	D	GAC	D	126
NC_045512.2	13846	G	-A	1525	166	38	2	0	20	0.00131148	1525	0.999869	FALSE	NA	NA	NA	NA	NA	NA
NC_045512.2	13848	A	T	1619	165	38	1	0	37	0.000616903	1621	0.750077	FALSE	ORF1ab:cds-YP_009724389.1	GAA	E	GAT	D	127
NC_045512.2	13848	A	G	1619	165	38	1	0	25	0.000616903	1621	0.999993	FALSE	ORF1ab:cds-YP_009724389.1	GAA	E	GAG	E	127
NC_045512.2	13850	G	A	1654	165	38	1	0	37	0.00060423	1655	0.750227	FALSE	ORF1ab:cds-YP_009724389.1	GGT	G	GAT	D	128
NC_045512.2	13854	T	C	1665	201	39	1	0	37	0.00060024	1666	0.750225	FALSE	ORF1ab:cds-YP_009724389.1	AAT	N	AAC	N	129
NC_045512.2	13855	T	C	1643	207	39	1	0	37	0.000608273	1644	0.750228	FALSE	ORF1ab:cds-YP_009724389.1	TGT	C	CGT	R	130
NC_045512.2	13859	A	G	1601	222	40	2	1	37	0.00124766	1603	0.500234	FALSE	ORF1ab:cds-YP_009724389.1	GAC	D	GGC	G	131
NC_045512.2	13860	C	T	1603	228	40	1	0	37	0.000623441	1604	0.750234	FALSE	ORF1ab:cds-YP_009724389.1	GAC	D	GAT	D	131
NC_045512.2	13861	A	G	1602	226	40	1	0	37	0.00062383	1603	0.750234	FALSE	ORF1ab:cds-YP_009724389.1	ACA	T	GCA	A	132
NC_045512.2	13864	T	A	1594	224	39	1	0	25	0.000626959	1595	0.999985	FALSE	ORF1ab:cds-YP_009724389.1	TTA	L	ATA	I	133
NC_045512.2	13869	A	G	1595	252	39	1	0	37	0.000626566	1596	0.750235	FALSE	ORF1ab:cds-YP_009724389.1	AAA	K	AAG	K	134
NC_045512.2	13873	A	C	1379	289	38	2	1	25	0.00144823	1381	0.999528	FALSE	ORF1ab:cds-YP_009724389.1	ATA	I	CTA	L	136
NC_045512.2	13874	T	G	1394	301	38	1	1	25	0.000716846	1395	0.999941	FALSE	ORF1ab:cds-YP_009724389.1	ATA	I	AGA	R	136
NC_045512.2	13875	A	T	1407	296	38	1	0	37	0.000710227	1408	0.750266	FALSE	ORF1ab:cds-YP_009724389.1	ATA	I	ATT	I	136
NC_045512.2	13877	T	G	1323	321	38	1	0	29	0.000755287	1324	0.999941	FALSE	ORF1ab:cds-YP_009724389.1	CTT	L	CGT	R	137
NC_045512.2	13889	A	C	1394	416	37	1	0	37	0.000716846	1395	0.750269	FALSE	ORF1ab:cds-YP_009724389.1	AAT	N	ACT	T	141
NC_045512.2	13890	T	G	1374	442	37	1	0	25	0.000727273	1375	0.999941	FALSE	ORF1ab:cds-YP_009724389.1	AAT	N	AAG	K	141
NC_045512.2	13892	G	T	1483	441	38	1	1	25	0.000673401	1485	0.999971	FALSE	ORF1ab:cds-YP_009724389.1	TGT	C	TTT	F	142
NC_045512.2	13892	G	A	1483	441	38	1	1	37	0.000673401	1485	0.750084	FALSE	ORF1ab:cds-YP_009724389.1	TGT	C	TAT	Y	142
NC_045512.2	13893	T	G	1411	439	37	1	0	37	0.000708215	1412	0.750266	FALSE	ORF1ab:cds-YP_009724389.1	TGT	C	TGG	W	142
NC_045512.2	13896	T	G	1407	426	38	1	1	25	0.000709723	1409	0.999971	FALSE	ORF1ab:cds-YP_009724389.1	TGT	C	TGG	W	143
NC_045512.2	13896	T	C	1407	426	38	1	1	37	0.000709723	1409	0.750089	FALSE	ORF1ab:cds-YP_009724389.1	TGT	C	TGC	C	143
NC_045512.2	13898	A	T	1413	424	38	1	0	37	0.000706714	1415	0.750088	FALSE	ORF1ab:cds-YP_009724389.1	GAT	D	GTT	V	144
NC_045512.2	13898	A	G	1413	424	38	1	0	37	0.000706714	1415	0.750088	FALSE	ORF1ab:cds-YP_009724389.1	GAT	D	GGT	G	144
NC_045512.2	13911	C	A	1410	560	38	2	2	31	0.00141643	1412	0.500266	FALSE	ORF1ab:cds-YP_009724389.1	TTC	F	TTA	L	148
NC_045512.2	13914	T	-A	1399	595	38	1	0	20	0.000714796	1399	0.999942	FALSE	NA	NA	NA	NA	NA	NA
NC_045512.2	13916	A	C	1462	652	39	1	1	25	0.000683527	1463	0.999971	FALSE	ORF1ab:cds-YP_009724389.1	AAA	K	ACA	T	150
NC_045512.2	13917	A	C	1436	669	38	1	1	20	0.000695894	1437	0.999971	FALSE	ORF1ab:cds-YP_009724389.1	AAA	K	AAC	N	150
NC_045512.2	13919	A	C	1395	675	38	2	2	25	0.00143164	1397	0.999528	FALSE	ORF1ab:cds-YP_009724389.1	AAG	K	ACG	T	151
NC_045512.2	13923	C	T	1369	743	38	1	1	37	0.000729927	1370	0.750274	FALSE	ORF1ab:cds-YP_009724389.1	GAC	D	GAT	D	152
NC_045512.2	13924	T	C	1383	759	38	1	0	25	0.000722543	1384	0.999941	FALSE	ORF1ab:cds-YP_009724389.1	TGG	W	CGG	R	153
NC_045512.2	13931	A	T	1390	766	37	1	1	37	0.000718907	1391	0.75027	FALSE	ORF1ab:cds-YP_009724389.1	GAT	D	GTT	V	155
NC_045512.2	13931	A	-T	1390	766	37	2	0	20	0.00143781	1391	0.99953	FALSE	NA	NA	NA	NA	NA	NA
NC_045512.2	13938	A	T	1376	764	38	1	1	37	0.000725689	1378	0.750091	FALSE	ORF1ab:cds-YP_009724389.1	GTA	V	GTT	V	157
NC_045512.2	13938	A	G	1376	764	38	1	0	37	0.000725689	1378	0.750091	FALSE	ORF1ab:cds-YP_009724389.1	GTA	V	GTG	V	157
NC_045512.2	13939	G	A	1336	748	37	1	0	37	0.000747943	1337	0.750281	FALSE	ORF1ab:cds-YP_009724389.1	GAA	E	AAA	K	158
NC_045512.2	13941	A	G	1370	764	38	1	1	22	0.000728863	1372	0.999941	FALSE	ORF1ab:cds-YP_009724389.1	GAA	E	GAG	E	158
NC_045512.2	13941	A	C	1370	764	38	1	1	25	0.000728863	1372	0.999941	FALSE	ORF1ab:cds-YP_009724389.1	GAA	E	GAC	D	158
NC_045512.2	13946	C	A	1453	821	38	1	1	37	0.000687758	1454	0.750258	FALSE	ORF1ab:cds-YP_009724389.1	CCA	P	CAA	Q	160
NC_045512.2	13947	A	G	1446	823	38	1	0	37	0.000691085	1447	0.750259	FALSE	ORF1ab:cds-YP_009724389.1	CCA	P	CCG	P	160
NC_045512.2	13948	G	A	1525	830	38	1	1	37	0.000655308	1526	0.750246	FALSE	ORF1ab:cds-YP_009724389.1	GAT	D	AAT	N	161
NC_045512.2	13950	T	G	1402	857	37	1	0	37	0.000712758	1403	0.750267	FALSE	ORF1ab:cds-YP_009724389.1	GAT	D	GAG	E	161
NC_045512.2	13952	T	G	1406	813	37	1	0	25	0.000710732	1407	0.999971	FALSE	ORF1ab:cds-YP_009724389.1	ATA	I	AGA	R	162
NC_045512.2	13954	T	G	1369	777	37	1	1	25	0.000729927	1370	0.999941	FALSE	ORF1ab:cds-YP_009724389.1	TTA	L	GTA	V	163
NC_045512.2	13956	A	C	1378	798	37	1	1	25	0.000725163	1379	0.999941	FALSE	ORF1ab:cds-YP_009724389.1	TTA	L	TTC	F	163
NC_045512.2	13961	T	G	1305	724	36	1	1	25	0.000765697	1306	0.999941	FALSE	ORF1ab:cds-YP_009724389.1	GTA	V	GGA	G	165
NC_045512.2	13962	A	-T	1369	785	37	1	0	20	0.00073046	1369	0.999942	FALSE	NA	NA	NA	NA	NA	NA
NC_045512.2	13963	T	G	1129	602	35	11	11	30	0.00964912	1140	0.00311054	TRUE	ORF1ab:cds-YP_009724389.1	TAC	Y	GAC	D	166
NC_045512.2	13964	A	C	1336	814	37	1	1	25	0.000747943	1337	0.999941	FALSE	ORF1ab:cds-YP_009724389.1	TAC	Y	TCC	S	166
NC_045512.2	13965	C	T	1413	882	37	2	2	37	0.00141343	1415	0.500265	FALSE	ORF1ab:cds-YP_009724389.1	TAC	Y	TAT	Y	166
NC_045512.2	13966	G	A	1407	883	37	1	1	37	0.000710227	1408	0.750266	FALSE	ORF1ab:cds-YP_009724389.1	GCC	A	ACC	T	167
NC_045512.2	13969	A	G	1393	880	37	1	1	37	0.00071736	1394	0.750269	FALSE	ORF1ab:cds-YP_009724389.1	AAC	N	GAC	D	168
NC_045512.2	13972	T	C	1338	825	36	1	0	37	0.000746826	1339	0.75028	FALSE	ORF1ab:cds-YP_009724389.1	TTA	L	CTA	L	169
NC_045512.2	13973	T	G	1336	802	36	2	2	25	0.00149477	1338	0.999528	FALSE	ORF1ab:cds-YP_009724389.1	TTA	L	TGA	*	169
NC_045512.2	13974	A	C	1376	842	37	1	1	25	0.000726216	1377	0.999941	FALSE	ORF1ab:cds-YP_009724389.1	TTA	L	TTC	F	169
NC_045512.2	13977	T	C	1396	864	37	2	2	37	0.00143062	1398	0.500268	FALSE	ORF1ab:cds-YP_009724389.1	GGT	G	GGC	G	170
NC_045512.2	13978	G	C	1435	901	37	1	0	37	0.000696379	1436	0.750261	FALSE	ORF1ab:cds-YP_009724389.1	GAA	E	CAA	Q	171
NC_045512.2	13980	A	G	1335	836	37	1	1	37	0.000748503	1336	0.750281	FALSE	ORF1ab:cds-YP_009724389.1	GAA	E	GAG	E	171
NC_045512.2	13981	C	T	1437	917	38	2	0	37	0.00138985	1439	0.500261	FALSE	ORF1ab:cds-YP_009724389.1	CGT	R	TGT	C	172
NC_045512.2	13982	G	A	1442	913	37	2	2	37	0.00138504	1444	0.50026	FALSE	ORF1ab:cds-YP_009724389.1	CGT	R	CAT	H	172
NC_045512.2	13983	T	C	1410	879	37	1	1	37	0.000708717	1411	0.750266	FALSE	ORF1ab:cds-YP_009724389.1	CGT	R	CGC	R	172
NC_045512.2	13987	C	T	1434	937	37	1	0	37	0.000696864	1435	0.750261	FALSE	ORF1ab:cds-YP_009724389.1	CGC	R	TGC	C	174
NC_045512.2	13988	G	A	1360	972	37	4	3	37	0.00293255	1364	0.1875	FALSE	ORF1ab:cds-YP_009724389.1	CGC	R	CAC	H	174
NC_045512.2	13990	C	T	1347	949	37	1	0	37	0.00074184	1348	0.750278	FALSE	ORF1ab:cds-YP_009724389.1	CAA	Q	TAA	*	175
NC_045512.2	13993	G	-C	1310	925	37	1	0	20	0.000763359	1310	0.999942	FALSE	NA	NA	NA	NA	NA	NA
NC_045512.2	13994	C	A	1332	950	36	1	1	37	0.000750188	1333	0.750094	FALSE	ORF1ab:cds-YP_009724389.1	GCT	A	GAT	D	176
NC_045512.2	13995	T	G	1297	933	37	1	0	25	0.000770416	1298	0.999882	FALSE	ORF1ab:cds-YP_009724389.1	GCT	A	GCG	A	176
NC_045512.2	13997	T	C	1324	951	37	1	1	37	0.000754717	1325	0.750283	FALSE	ORF1ab:cds-YP_009724389.1	TTG	L	TCG	S	177
NC_045512.2	14003	A	G	1396	968	37	1	0	37	0.00071582	1397	0.750269	FALSE	ORF1ab:cds-YP_009724389.1	AAA	K	AGA	R	179
NC_045512.2	14005	A	G	1386	968	37	1	1	37	0.000720981	1387	0.75027	FALSE	ORF1ab:cds-YP_009724389.1	ACA	T	GCA	A	180
NC_045512.2	14009	T	C	1341	876	37	1	1	37	0.000745156	1342	0.75028	FALSE	ORF1ab:cds-YP_009724389.1	GTA	V	GCA	A	181
NC_045512.2	14010	A	G	1354	896	37	2	1	37	0.00147493	1356	0.500277	FALSE	ORF1ab:cds-YP_009724389.1	GTA	V	GTG	V	181
NC_045512.2	14012	A	G	1345	879	37	1	0	37	0.000742942	1346	0.750279	FALSE	ORF1ab:cds-YP_009724389.1	CAA	Q	CGA	R	182
NC_045512.2	14013	A	C	1311	840	37	1	1	37	0.000762195	1312	0.750286	FALSE	ORF1ab:cds-YP_009724389.1	CAA	Q	CAC	H	182
NC_045512.2	14014	T	G	1300	846	36	1	1	37	0.00076864	1301	0.750288	FALSE	ORF1ab:cds-YP_009724389.1	TTC	F	GTC	V	183
NC_045512.2	14015	T	A	1315	855	37	2	2	31	0.0015186	1317	0.500285	FALSE	ORF1ab:cds-YP_009724389.1	TTC	F	TAC	Y	183
NC_045512.2	14015	T	+C	1315	855	37	1	0	20	0.000759301	1317	0.999941	FALSE	NA	NA	NA	NA	NA	NA
NC_045512.2	14022	T	C	1254	805	38	1	0	74	0.000796813	1255	0.500199	FALSE	ORF1ab:cds-YP_009724389.1	GAT	D	GAC	D	185
NC_045512.2	14023	G	A	1272	820	38	1	1	37	0.000785546	1273	0.750295	FALSE	ORF1ab:cds-YP_009724389.1	GCC	A	ACC	T	186
NC_045512.2	14024	C	T	1285	851	38	4	3	37	0.00310318	1289	0.1875	FALSE	ORF1ab:cds-YP_009724389.1	GCC	A	GTC	V	186
NC_045512.2	14029	C	T	1410	1058	40	3	3	45	0.00212314	1413	0.125	FALSE	ORF1ab:cds-YP_009724389.1	CGA	R	TGA	*	188
NC_045512.2	14034	T	G	1693	1411	42	1	1	25	0.000590319	1694	0.999993	FALSE	ORF1ab:cds-YP_009724389.1	AAT	N	AAG	K	189
NC_045512.2	14035	G	A	1713	1437	42	1	1	37	0.000583431	1714	0.750219	FALSE	ORF1ab:cds-YP_009724389.1	GCT	A	ACT	T	190
NC_045512.2	14036	C	T	1711	1441	42	2	0	55	0.00116754	1713	0.250073	FALSE	ORF1ab:cds-YP_009724389.1	GCT	A	GTT	V	190
NC_045512.2	14037	T	G	1695	1431	42	1	1	37	0.000589275	1697	0.750074	FALSE	ORF1ab:cds-YP_009724389.1	GCT	A	GCG	A	190
NC_045512.2	14037	T	C	1695	1431	42	1	1	62	0.000589275	1697	0.5	FALSE	ORF1ab:cds-YP_009724389.1	GCT	A	GCC	A	190
NC_045512.2	14040	T	G	1695	1442	41	1	0	37	0.000589623	1696	0.750221	FALSE	ORF1ab:cds-YP_009724389.1	GGT	G	GGG	G	191
NC_045512.2	14042	T	C	1667	1415	41	1	1	25	0.00059952	1668	0.999993	FALSE	ORF1ab:cds-YP_009724389.1	ATT	I	ACT	T	192
NC_045512.2	14043	T	G	1678	1417	42	1	0	29	0.000595593	1679	0.999993	FALSE	ORF1ab:cds-YP_009724389.1	ATT	I	ATG	M	192
NC_045512.2	14044	G	T	1650	1399	42	1	1	37	0.000605694	1651	0.750227	FALSE	ORF1ab:cds-YP_009724389.1	GTT	V	TTT	F	193
NC_045512.2	14046	T	G	1625	1395	41	1	1	25	0.000615006	1626	0.999993	FALSE	ORF1ab:cds-YP_009724389.1	GTT	V	GTG	V	193
NC_045512.2	14053	C	T	1559	1374	40	1	0	37	0.000641026	1560	0.75024	FALSE	ORF1ab:cds-YP_009724389.1	CTG	L	TTG	L	196
NC_045512.2	14054	T	G	1554	1368	40	1	1	25	0.000643087	1555	0.999985	FALSE	ORF1ab:cds-YP_009724389.1	CTG	L	CGG	R	196
NC_045512.2	14055	G	A	1548	1363	40	1	1	37	0.000645578	1549	0.750242	FALSE	ORF1ab:cds-YP_009724389.1	CTG	L	CTA	L	196
NC_045512.2	14061	A	C	1375	1202	40	1	1	20	0.000726744	1376	0.999941	FALSE	ORF1ab:cds-YP_009724389.1	TTA	L	TTC	F	198
NC_045512.2	14064	T	G	1363	1191	40	1	1	20	0.000732601	1365	0.999941	FALSE	ORF1ab:cds-YP_009724389.1	GAT	D	GAG	E	199
NC_045512.2	14064	T	C	1363	1191	40	1	1	37	0.000732601	1365	0.750092	FALSE	ORF1ab:cds-YP_009724389.1	GAT	D	GAC	D	199
NC_045512.2	14066	A	C	1262	1099	39	2	2	31	0.00158228	1264	0.500297	FALSE	ORF1ab:cds-YP_009724389.1	AAT	N	ACT	T	200
NC_045512.2	14067	T	C	1350	1186	39	1	1	37	0.000740192	1351	0.750278	FALSE	ORF1ab:cds-YP_009724389.1	AAT	N	AAC	N	200
NC_045512.2	14070	A	C	1286	1131	39	1	0	29	0.000777001	1287	0.999882	FALSE	ORF1ab:cds-YP_009724389.1	CAA	Q	CAC	H	201
NC_045512.2	14072	A	C	1289	1146	39	1	1	25	0.000775194	1290	0.999882	FALSE	ORF1ab:cds-YP_009724389.1	GAT	D	GCT	A	202
NC_045512.2	14073	T	C	1288	1145	39	1	1	37	0.000775795	1289	0.750291	FALSE	ORF1ab:cds-YP_009724389.1	GAT	D	GAC	D	202
NC_045512.2	14077	A	T	1243	1105	39	1	1	37	0.000803859	1244	0.750302	FALSE	ORF1ab:cds-YP_009724389.1	AAT	N	TAT	Y	204
NC_045512.2	14078	A	C	1194	1056	39	1	1	25	0.00083682	1195	0.999764	FALSE	ORF1ab:cds-YP_009724389.1	AAT	N	ACT	T	204
NC_045512.2	14079	T	-G	1260	1121	40	1	0	20	0.000793651	1260	0.999883	FALSE	NA	NA	NA	NA	NA	NA
NC_045512.2	14088	G	A	1145	1038	39	1	1	37	0.0008726	1146	0.750327	FALSE	ORF1ab:cds-YP_009724389.1	TGG	W	TGA	*	207
NC_045512.2	14097	C	T	1023	923	39	3	3	33	0.00292398	1026	0.312683	FALSE	ORF1ab:cds-YP_009724389.1	TTC	F	TTT	F	210
NC_045512.2	14101	G	T	995	929	38	1	1	37	0.00100301	997	0.5	FALSE	ORF1ab:cds-YP_009724389.1	GAT	D	TAT	Y	212
NC_045512.2	14101	G	C	995	929	38	1	0	25	0.00100301	997	0.999045	FALSE	ORF1ab:cds-YP_009724389.1	GAT	D	CAT	H	212
NC_045512.2	14109	A	G	2025	995	36	1	1	37	0.000493583	2026	0.875185	FALSE	ORF1ab:cds-YP_009724389.1	ATA	I	ATG	M	214
NC_045512.2	14110	C	T	2048	1021	37	1	1	37	0.000488043	2049	0.875183	FALSE	ORF1ab:cds-YP_009724389.1	CAA	Q	TAA	*	215
NC_045512.2	14115	C	T	2232	978	37	1	1	37	0.000447828	2233	0.875168	FALSE	ORF1ab:cds-YP_009724389.1	ACC	T	ACT	T	216
NC_045512.2	14116	A	G	2299	948	37	3	3	37	0.00130265	2303	0.5	FALSE	ORF1ab:cds-YP_009724389.1	ACG	T	GCG	A	217
NC_045512.2	14116	A	C	2299	948	37	1	1	37	0.000434216	2303	0.874918	FALSE	ORF1ab:cds-YP_009724389.1	ACG	T	CCG	P	217
NC_045512.2	14119	C	T	1472	118	37	2	1	31	0.00135593	1475	0.5	FALSE	ORF1ab:cds-YP_009724389.1	CCA	P	TCA	S	218
NC_045512.2	14119	C	G	1472	118	37	1	0	37	0.000677966	1475	0.749915	FALSE	ORF1ab:cds-YP_009724389.1	CCA	P	GCA	A	218
NC_045512.2	14120	C	G	1467	120	36	1	0	37	0.000681199	1468	0.750256	FALSE	ORF1ab:cds-YP_009724389.1	CCA	P	CGA	R	218
NC_045512.2	14121	A	G	1737	125	36	2	1	37	0.00114943	1740	0.5	FALSE	ORF1ab:cds-YP_009724389.1	CCA	P	CCG	P	218
NC_045512.2	14121	A	C	1737	125	36	1	1	25	0.000574713	1740	0.999996	FALSE	ORF1ab:cds-YP_009724389.1	CCA	P	CCC	P	218
NC_045512.2	14122	G	T	1914	130	37	1	0	37	0.000521921	1916	0.750065	FALSE	ORF1ab:cds-YP_009724389.1	GGT	G	TGT	C	219
NC_045512.2	14122	G	A	1914	130	37	1	0	37	0.000521921	1916	0.750065	FALSE	ORF1ab:cds-YP_009724389.1	GGT	G	AGT	S	219
NC_045512.2	14124	T	G	2253	125	36	1	0	25	0.000443656	2254	1	FALSE	ORF1ab:cds-YP_009724389.1	GGT	G	GGG	G	219
NC_045512.2	14125	A	C	2292	164	36	1	0	25	0.00043611	2293	1	FALSE	ORF1ab:cds-YP_009724389.1	AGT	S	CGT	R	220
NC_045512.2	14128	G	A	2576	180	37	1	0	37	0.000388048	2577	0.875146	FALSE	ORF1ab:cds-YP_009724389.1	GGA	G	AGA	R	221
NC_045512.2	14132	T	C	2587	188	37	1	0	37	0.000386399	2588	0.875145	FALSE	ORF1ab:cds-YP_009724389.1	GTT	V	GCT	A	222
NC_045512.2	14134	C	T	2621	190	37	1	0	37	0.000381243	2623	0.875072	FALSE	ORF1ab:cds-YP_009724389.1	CCT	P	TCT	S	223
NC_045512.2	14134	C	A	2621	190	37	1	1	37	0.000381243	2623	0.875072	FALSE	ORF1ab:cds-YP_009724389.1	CCT	P	ACT	T	223
NC_045512.2	14136	T	C	2560	189	37	1	0	37	0.000390472	2561	0.875146	FALSE	ORF1ab:cds-YP_009724389.1	CCT	P	CCC	P	223
NC_045512.2	14138	T	C	2637	281	37	2	0	31	0.000757863	2639	0.687713	FALSE	ORF1ab:cds-YP_009724389.1	GTT	V	GCT	A	224
NC_045512.2	14142	A	G	2761	292	38	2	1	37	0.000723851	2763	0.687704	FALSE	ORF1ab:cds-YP_009724389.1	GTA	V	GTG	V	225
NC_045512.2	14145	T	G	2768	299	38	2	0	25	0.000721501	2772	1	FALSE	ORF1ab:cds-YP_009724389.1	GAT	D	GAG	E	226
NC_045512.2	14145	T	C	2768	299	38	2	1	37	0.000721501	2772	0.687432	FALSE	ORF1ab:cds-YP_009724389.1	GAT	D	GAC	D	226
NC_045512.2	14148	T	C	2833	300	38	2	1	36	0.00070497	2837	0.687434	FALSE	ORF1ab:cds-YP_009724389.1	TCT	S	TCC	S	227
NC_045512.2	14148	T	A	2833	300	38	2	0	31	0.00070497	2837	0.687434	FALSE	ORF1ab:cds-YP_009724389.1	TCT	S	TCA	S	227
NC_045512.2	14156	C	A	2921	309	38	1	0	37	0.000342231	2922	0.875128	FALSE	ORF1ab:cds-YP_009724389.1	TCA	S	TAA	*	230
NC_045512.2	14159	T	A	2998	313	38	1	0	37	0.000333444	2999	0.875125	FALSE	ORF1ab:cds-YP_009724389.1	TTG	L	TAG	*	231
NC_045512.2	14164	A	T	3225	322	38	2	0	31	0.000619771	3227	0.812694	FALSE	ORF1ab:cds-YP_009724389.1	ATG	M	TTG	L	233
NC_045512.2	14167	C	T	3358	331	38	4	1	34	0.00118977	3362	0.500163	FALSE	ORF1ab:cds-YP_009724389.1	CCT	P	TCT	S	234
NC_045512.2	14168	C	A	3334	327	37	1	1	74	0.00029985	3335	0.500075	FALSE	ORF1ab:cds-YP_009724389.1	CCT	P	CAT	H	234
NC_045512.2	14169	T	G	3383	335	38	1	0	25	0.000295508	3384	1	FALSE	ORF1ab:cds-YP_009724389.1	CCT	P	CCG	P	234
NC_045512.2	14170	A	C	3863	342	38	1	0	25	0.000258799	3864	1	FALSE	ORF1ab:cds-YP_009724389.1	ATA	I	CTA	L	235
NC_045512.2	14171	T	G	4029	343	38	1	0	29	0.000248139	4030	1	FALSE	ORF1ab:cds-YP_009724389.1	ATA	I	AGA	R	235
NC_045512.2	14174	T	C	4235	362	38	1	0	74	0.000236072	4236	0.500059	FALSE	ORF1ab:cds-YP_009724389.1	TTA	L	TCA	S	236
NC_045512.2	14176	A	G	4380	364	38	1	0	37	0.000228258	4381	0.968803	FALSE	ORF1ab:cds-YP_009724389.1	ACC	T	GCC	A	237
NC_045512.2	14178	C	A	4358	424	38	1	0	37	0.00022941	4359	0.968804	FALSE	ORF1ab:cds-YP_009724389.1	ACC	T	ACA	T	237
NC_045512.2	14178	C	-T	4358	424	38	1	0	20	0.00022941	4359	1	FALSE	NA	NA	NA	NA	NA	NA
NC_045512.2	14180	T	G	4450	428	38	1	0	25	0.000224618	4452	1	FALSE	ORF1ab:cds-YP_009724389.1	TTG	L	TGG	W	238
NC_045512.2	14180	T	C	4450	428	38	1	0	37	0.000224618	4452	0.968785	FALSE	ORF1ab:cds-YP_009724389.1	TTG	L	TCG	S	238
NC_045512.2	14182	A	G	4557	425	38	1	0	37	0.000219394	4558	0.968801	FALSE	ORF1ab:cds-YP_009724389.1	ACC	T	GCC	A	239
NC_045512.2	14183	C	T	4605	426	38	2	0	31	0.000434122	4607	0.890752	FALSE	ORF1ab:cds-YP_009724389.1	ACC	T	ATC	I	239
NC_045512.2	14184	C	T	4611	535	39	1	0	37	0.000216826	4612	0.968801	FALSE	ORF1ab:cds-YP_009724389.1	ACC	T	ACT	T	239
NC_045512.2	14187	G	T	4804	559	39	1	0	37	0.000208117	4805	0.968799	FALSE	ORF1ab:cds-YP_009724389.1	AGG	R	AGT	S	240
NC_045512.2	14188	G	T	4633	597	38	1	0	37	0.000215378	4643	0.968649	FALSE	ORF1ab:cds-YP_009724389.1	GCT	A	TCT	S	241
NC_045512.2	14188	G	A	4633	597	38	9	0	34	0.0019384	4643	0.133254	FALSE	ORF1ab:cds-YP_009724389.1	GCT	A	ACT	T	241
NC_045512.2	14190	T	G	4426	598	38	2	0	49	0.000451671	4428	0.250028	FALSE	ORF1ab:cds-YP_009724389.1	GCT	A	GCG	A	241
NC_045512.2	14191	T	G	4405	609	38	1	0	25	0.000226963	4406	1	FALSE	ORF1ab:cds-YP_009724389.1	TTA	L	GTA	V	242
NC_045512.2	14192	T	G	4583	646	39	1	0	25	0.000218007	4587	1	FALSE	ORF1ab:cds-YP_009724389.1	TTA	L	TGA	*	242
NC_045512.2	14192	T	C	4583	646	39	3	1	37	0.000654022	4587	0.773527	FALSE	ORF1ab:cds-YP_009724389.1	TTA	L	TCA	S	242
NC_045512.2	14194	A	T	4481	668	38	1	0	25	0.000223115	4482	1	FALSE	ORF1ab:cds-YP_009724389.1	ACT	T	TCT	S	243
NC_045512.2	14196	T	C	4614	684	39	1	1	37	0.000216685	4615	0.968801	FALSE	ORF1ab:cds-YP_009724389.1	ACT	T	ACC	T	243
NC_045512.2	14197	G	A	4595	674	39	10	4	40	0.00217155	4605	0.000972854	TRUE	ORF1ab:cds-YP_009724389.1	GCA	A	ACA	T	244
NC_045512.2	14198	C	T	4595	677	39	2	1	37	0.000435066	4597	0.890752	FALSE	ORF1ab:cds-YP_009724389.1	GCA	A	GTA	V	244
NC_045512.2	14199	A	T	4603	656	39	1	1	37	0.000217155	4605	0.968784	FALSE	ORF1ab:cds-YP_009724389.1	GCA	A	GCT	A	244
NC_045512.2	14199	A	G	4603	656	39	1	0	25	0.000217155	4605	1	FALSE	ORF1ab:cds-YP_009724389.1	GCA	A	GCG	A	244
NC_045512.2	14201	A	G	4640	633	39	1	0	37	0.000215471	4641	0.9688	FALSE	ORF1ab:cds-YP_009724389.1	GAG	E	GGG	G	245
NC_045512.2	14203	T	C	4752	639	38	1	0	37	0.000210393	4753	0.968799	FALSE	ORF1ab:cds-YP_009724389.1	TCA	S	CCA	P	246
NC_045512.2	14205	A	G	4844	668	39	1	0	25	0.000206398	4845	1	FALSE	ORF1ab:cds-YP_009724389.1	TCA	S	TCG	S	246
NC_045512.2	14206	C	G	4937	663	39	1	1	37	0.00020247	4939	0.968782	FALSE	ORF1ab:cds-YP_009724389.1	CAT	H	GAT	D	247
NC_045512.2	14206	C	A	4937	663	39	1	0	25	0.00020247	4939	1	FALSE	ORF1ab:cds-YP_009724389.1	CAT	H	AAT	N	247
NC_045512.2	14207	A	G	4844	675	38	4	0	37	0.000825083	4848	0.636888	FALSE	ORF1ab:cds-YP_009724389.1	CAT	H	CGT	R	247
NC_045512.2	14209	G	A	4937	686	38	1	0	37	0.000202511	4938	0.968797	FALSE	ORF1ab:cds-YP_009724389.1	GTT	V	ATT	I	248
NC_045512.2	14210	T	G	4737	683	38	1	0	25	0.000211015	4739	1	FALSE	ORF1ab:cds-YP_009724389.1	GTT	V	GGT	G	248
NC_045512.2	14210	T	A	4737	683	38	1	0	25	0.000211015	4739	1	FALSE	ORF1ab:cds-YP_009724389.1	GTT	V	GAT	D	248
NC_045512.2	14212	G	A	4898	668	38	1	0	37	0.000204123	4899	0.968798	FALSE	ORF1ab:cds-YP_009724389.1	GAC	D	AAC	N	249
NC_045512.2	14214	C	T	4748	708	38	1	0	37	0.000210571	4749	0.968799	FALSE	ORF1ab:cds-YP_009724389.1	GAC	D	GAT	D	249
NC_045512.2	14215	A	G	4706	704	38	1	1	37	0.000212404	4708	0.968783	FALSE	ORF1ab:cds-YP_009724389.1	ACT	T	GCT	A	250
NC_045512.2	14215	A	C	4706	704	38	1	0	25	0.000212404	4708	1	FALSE	ORF1ab:cds-YP_009724389.1	ACT	T	CCT	P	250
NC_045512.2	14217	T	C	4608	690	38	1	0	37	0.000216967	4609	0.968801	FALSE	ORF1ab:cds-YP_009724389.1	ACT	T	ACC	T	250
NC_045512.2	14218	G	A	4755	737	38	1	0	37	0.000210261	4756	0.968799	FALSE	ORF1ab:cds-YP_009724389.1	GAC	D	AAC	N	251
NC_045512.2	14220	C	G	4756	746	38	1	0	37	0.000210217	4757	0.968799	FALSE	ORF1ab:cds-YP_009724389.1	GAC	D	GAG	E	251
NC_045512.2	14221	T	A	4758	745	38	1	0	37	0.000210128	4759	0.968799	FALSE	ORF1ab:cds-YP_009724389.1	TTA	L	ATA	I	252
NC_045512.2	14222	T	C	4511	809	37	1	0	37	0.000221582	4513	0.968785	FALSE	ORF1ab:cds-YP_009724389.1	TTA	L	TCA	S	252
NC_045512.2	14222	T	A	4511	809	37	1	0	25	0.000221582	4513	1	FALSE	ORF1ab:cds-YP_009724389.1	TTA	L	TAA	*	252
NC_045512.2	14224	A	G	4176	876	37	1	0	37	0.000239406	4177	0.968806	FALSE	ORF1ab:cds-YP_009724389.1	ACA	T	GCA	A	253
NC_045512.2	14225	C	A	4184	907	37	1	1	25	0.000238949	4185	1	FALSE	ORF1ab:cds-YP_009724389.1	ACA	T	AAA	K	253
NC_045512.2	14226	A	C	4087	825	37	2	1	25	0.000489117	4089	1	FALSE	ORF1ab:cds-YP_009724389.1	ACA	T	ACC	T	253
NC_045512.2	14227	A	C	3956	791	37	2	1	25	0.000505306	3958	1	FALSE	ORF1ab:cds-YP_009724389.1	AAG	K	CAG	Q	254
NC_045512.2	14228	A	C	3980	826	37	1	1	25	0.000251193	3981	1	FALSE	ORF1ab:cds-YP_009724389.1	AAG	K	ACG	T	254
NC_045512.2	14229	G	A	4373	831	37	1	0	37	0.000228624	4374	0.968804	FALSE	ORF1ab:cds-YP_009724389.1	AAG	K	AAA	K	254
NC_045512.2	14230	C	T	4326	873	37	1	0	37	0.000231054	4328	0.968786	FALSE	ORF1ab:cds-YP_009724389.1	CCT	P	TCT	S	255
NC_045512.2	14230	C	A	4326	873	37	1	0	25	0.000231054	4328	1	FALSE	ORF1ab:cds-YP_009724389.1	CCT	P	ACT	T	255
NC_045512.2	14231	C	T	4338	872	37	1	0	37	0.000230468	4339	0.968804	FALSE	ORF1ab:cds-YP_009724389.1	CCT	P	CTT	L	255
NC_045512.2	14231	C	-T	4338	872	37	2	0	20	0.000460936	4339	1	FALSE	NA	NA	NA	NA	NA	NA
NC_045512.2	14234	A	G	4487	985	37	2	0	37	0.000445534	4489	0.890756	FALSE	ORF1ab:cds-YP_009724389.1	TAC	Y	TGC	C	256
NC_045512.2	14235	C	T	4491	985	37	1	0	37	0.000222618	4492	0.968802	FALSE	ORF1ab:cds-YP_009724389.1	TAC	Y	TAT	Y	256
NC_045512.2	14236	A	G	4422	938	37	1	0	37	0.000225938	4426	0.96875	FALSE	ORF1ab:cds-YP_009724389.1	ATT	I	GTT	V	257
NC_045512.2	14236	A	C	4422	938	37	3	1	26	0.000677813	4426	1	FALSE	ORF1ab:cds-YP_009724389.1	ATT	I	CTT	L	257
NC_045512.2	14237	T	G	4291	944	37	2	0	31	0.000465875	4293	0.890761	FALSE	ORF1ab:cds-YP_009724389.1	ATT	I	AGT	S	257
NC_045512.2	14238	T	C	4260	864	37	1	1	37	0.000234687	4261	0.968805	FALSE	ORF1ab:cds-YP_009724389.1	ATT	I	ATC	I	257
NC_045512.2	14239	A	C	4257	826	37	3	2	30	0.000704225	4260	0.77363	FALSE	ORF1ab:cds-YP_009724389.1	AAG	K	CAG	Q	258
NC_045512.2	14240	A	T	4361	907	37	2	1	25	0.000458295	4364	1	FALSE	ORF1ab:cds-YP_009724389.1	AAG	K	ATG	M	258
NC_045512.2	14240	A	C	4361	907	37	1	0	25	0.000229148	4364	1	FALSE	ORF1ab:cds-YP_009724389.1	AAG	K	ACG	T	258
NC_045512.2	14241	G	A	4386	886	37	1	0	37	0.000227946	4387	0.968803	FALSE	ORF1ab:cds-YP_009724389.1	AAG	K	AAA	K	258
NC_045512.2	14242	T	G	4358	1117	38	3	0	25	0.000687916	4361	1	FALSE	ORF1ab:cds-YP_009724389.1	TGG	W	GGG	G	259
NC_045512.2	14243	G	A	4544	1116	38	2	0	37	0.000439947	4546	0.890754	FALSE	ORF1ab:cds-YP_009724389.1	TGG	W	TAG	*	259
NC_045512.2	14245	G	T	4538	1120	38	1	0	25	0.000220313	4539	1	FALSE	ORF1ab:cds-YP_009724389.1	GAT	D	TAT	Y	260
NC_045512.2	14246	A	G	4467	1121	38	1	0	37	0.000223814	4468	0.968802	FALSE	ORF1ab:cds-YP_009724389.1	GAT	D	GGT	G	260
NC_045512.2	14247	T	C	4429	1121	38	1	0	37	0.000225734	4430	0.968803	FALSE	ORF1ab:cds-YP_009724389.1	GAT	D	GAC	D	260
NC_045512.2	14248	T	G	4474	1162	38	1	0	25	0.000223364	4477	1	FALSE	ORF1ab:cds-YP_009724389.1	TTG	L	GTG	V	261
NC_045512.2	14248	T	C	4474	1162	38	1	0	37	0.000223364	4477	0.968767	FALSE	ORF1ab:cds-YP_009724389.1	TTG	L	CTG	L	261
NC_045512.2	14248	T	A	4474	1162	38	1	0	37	0.000223364	4477	0.968767	FALSE	ORF1ab:cds-YP_009724389.1	TTG	L	ATG	M	261
NC_045512.2	14249	T	C	4538	1191	39	1	0	37	0.000220313	4539	0.968802	FALSE	ORF1ab:cds-YP_009724389.1	TTG	L	TCG	S	261
NC_045512.2	14250	G	T	4560	1214	39	3	1	37	0.00065703	4566	0.773348	FALSE	ORF1ab:cds-YP_009724389.1	TTG	L	TTT	F	261
NC_045512.2	14250	G	A	4560	1214	39	3	2	37	0.00065703	4566	0.773348	FALSE	ORF1ab:cds-YP_009724389.1	TTG	L	TTA	L	261
NC_045512.2	14251	T	G	4588	1222	39	1	0	25	0.000217912	4589	1	FALSE	ORF1ab:cds-YP_009724389.1	TTA	L	GTA	V	262
NC_045512.2	14252	T	C	4605	1251	39	1	0	37	0.000217108	4606	0.968801	FALSE	ORF1ab:cds-YP_009724389.1	TTA	L	TCA	S	262
NC_045512.2	14252	T	-A	4605	1251	39	1	0	20	0.000217108	4606	1	FALSE	NA	NA	NA	NA	NA	NA
NC_045512.2	14255	A	G	4613	1248	39	1	0	37	0.000216732	4614	0.968801	FALSE	ORF1ab:cds-YP_009724389.1	AAA	K	AGA	R	263
NC_045512.2	14257	T	G	4571	1266	39	1	0	37	0.000218627	4574	0.968767	FALSE	ORF1ab:cds-YP_009724389.1	TAT	Y	GAT	D	264
NC_045512.2	14257	T	C	4571	1266	39	2	0	37	0.000437254	4574	0.890702	FALSE	ORF1ab:cds-YP_009724389.1	TAT	Y	CAT	H	264
NC_045512.2	14259	T	G	4500	1238	38	1	0	25	0.000222173	4501	1	FALSE	ORF1ab:cds-YP_009724389.1	TAT	Y	TAG	*	264
NC_045512.2	14260	G	T	4611	1369	39	1	0	37	0.000216826	4612	0.968801	FALSE	ORF1ab:cds-YP_009724389.1	GAC	D	TAC	Y	265
NC_045512.2	14261	A	T	4414	1364	39	1	0	25	0.000226398	4417	1	FALSE	ORF1ab:cds-YP_009724389.1	GAC	D	GTC	V	265
NC_045512.2	14261	A	G	4414	1364	39	1	1	37	0.000226398	4417	0.968768	FALSE	ORF1ab:cds-YP_009724389.1	GAC	D	GGC	G	265
NC_045512.2	14261	A	C	4414	1364	39	1	1	37	0.000226398	4417	0.968768	FALSE	ORF1ab:cds-YP_009724389.1	GAC	D	GCC	A	265
NC_045512.2	14262	C	T	4484	1467	39	1	1	37	0.000222965	4485	0.968802	FALSE	ORF1ab:cds-YP_009724389.1	GAC	D	GAT	D	265
NC_045512.2	14263	T	G	4437	1397	39	1	1	25	0.000225327	4438	1	FALSE	ORF1ab:cds-YP_009724389.1	TTC	F	GTC	V	266
NC_045512.2	14264	T	A	4475	1405	40	3	2	26	0.000669942	4478	1	FALSE	ORF1ab:cds-YP_009724389.1	TTC	F	TAC	Y	266
NC_045512.2	14267	C	T	4663	1929	42	8	3	37	0.0017116	4674	0.193485	FALSE	ORF1ab:cds-YP_009724389.1	ACG	T	ATG	M	267
NC_045512.2	14267	C	A	4663	1929	42	3	3	37	0.000641849	4674	0.77291	FALSE	ORF1ab:cds-YP_009724389.1	ACG	T	AAG	K	267
NC_045512.2	14268	G	A	4640	1932	42	1	0	25	0.000215471	4641	1	FALSE	ORF1ab:cds-YP_009724389.1	ACG	T	ACA	T	267
NC_045512.2	14269	G	A	4748	1953	42	1	1	37	0.000210571	4749	0.968799	FALSE	ORF1ab:cds-YP_009724389.1	GAA	E	AAA	K	268
NC_045512.2	14270	A	G	4708	1939	42	3	1	37	0.000636672	4712	0.773525	FALSE	ORF1ab:cds-YP_009724389.1	GAA	E	GGA	G	268
NC_045512.2	14270	A	C	4708	1939	42	1	0	25	0.000212224	4712	1	FALSE	ORF1ab:cds-YP_009724389.1	GAA	E	GCA	A	268
NC_045512.2	14271	A	G	4198	2039	41	1	1	22	0.000237982	4202	1	FALSE	ORF1ab:cds-YP_009724389.1	GAA	E	GAG	E	268
NC_045512.2	14271	A	C	4198	2039	41	3	1	29	0.000713946	4202	1	FALSE	ORF1ab:cds-YP_009724389.1	GAA	E	GAC	D	268
NC_045512.2	14274	G	T	4323	2183	41	1	1	25	0.000231267	4324	1	FALSE	ORF1ab:cds-YP_009724389.1	GAG	E	GAT	D	269
NC_045512.2	14276	G	T	4347	2111	41	2	2	31	0.00045977	4350	0.890706	FALSE	ORF1ab:cds-YP_009724389.1	AGG	R	ATG	M	270
NC_045512.2	14276	G	A	4347	2111	41	1	0	25	0.000229885	4350	1	FALSE	ORF1ab:cds-YP_009724389.1	AGG	R	AAG	K	270
NC_045512.2	14277	G	A	4455	2452	41	1	1	37	0.000224417	4456	0.968803	FALSE	ORF1ab:cds-YP_009724389.1	AGG	R	AGA	R	270
NC_045512.2	14278	T	A	4335	2343	41	1	1	25	0.000230627	4336	1	FALSE	ORF1ab:cds-YP_009724389.1	TTA	L	ATA	I	271
NC_045512.2	14280	A	G	4480	2503	42	1	0	37	0.000223164	4481	0.968802	FALSE	ORF1ab:cds-YP_009724389.1	TTA	L	TTG	L	271
NC_045512.2	14281	A	C	4410	2449	41	1	1	25	0.000226706	4411	1	FALSE	ORF1ab:cds-YP_009724389.1	AAA	K	CAA	Q	272
NC_045512.2	14282	A	G	4326	2464	40	1	0	25	0.000231107	4327	1	FALSE	ORF1ab:cds-YP_009724389.1	AAA	K	AGA	R	272
NC_045512.2	14284	C	T	4657	2835	41	1	1	37	0.000214638	4659	0.968784	FALSE	ORF1ab:cds-YP_009724389.1	CTC	L	TTC	F	273
NC_045512.2	14284	C	A	4657	2835	41	1	0	25	0.000214638	4659	1	FALSE	ORF1ab:cds-YP_009724389.1	CTC	L	ATC	I	273
NC_045512.2	14285	T	C	4425	2572	41	1	1	48	0.000225938	4426	0.500056	FALSE	ORF1ab:cds-YP_009724389.1	CTC	L	CCC	P	273
NC_045512.2	14287	T	G	4336	2608	40	3	1	29	0.000691244	4340	1	FALSE	ORF1ab:cds-YP_009724389.1	TTT	F	GTT	V	274
NC_045512.2	14287	T	C	4336	2608	40	1	1	25	0.000230415	4340	1	FALSE	ORF1ab:cds-YP_009724389.1	TTT	F	CTT	L	274
NC_045512.2	14291	A	G	4609	3031	41	3	2	37	0.000650477	4612	0.773615	FALSE	ORF1ab:cds-YP_009724389.1	GAC	D	GGC	G	275
NC_045512.2	14293	C	T	4490	2939	41	1	0	74	0.000222668	4491	0.500056	FALSE	ORF1ab:cds-YP_009724389.1	CGT	R	TGT	C	276
NC_045512.2	14294	G	A	4546	2968	41	5	5	37	0.00109866	4551	0.500135	FALSE	ORF1ab:cds-YP_009724389.1	CGT	R	CAT	H	276
NC_045512.2	14295	T	G	4495	2981	41	2	1	27	0.000444543	4499	1	FALSE	ORF1ab:cds-YP_009724389.1	CGT	R	CGG	R	276
NC_045512.2	14295	T	C	4495	2981	41	2	2	37	0.000444543	4499	0.890651	FALSE	ORF1ab:cds-YP_009724389.1	CGT	R	CGC	R	276
NC_045512.2	14296	T	G	4617	3125	42	1	0	29	0.000216544	4618	1	FALSE	ORF1ab:cds-YP_009724389.1	TAT	Y	GAT	D	277
NC_045512.2	14297	A	C	4624	3125	42	2	0	31	0.000432339	4626	0.890752	FALSE	ORF1ab:cds-YP_009724389.1	TAT	Y	TCT	S	277
NC_045512.2	14299	T	A	4736	3292	41	1	1	25	0.000211104	4737	1	FALSE	ORF1ab:cds-YP_009724389.1	TTT	F	ATT	I	278
NC_045512.2	14300	T	G	4936	3477	42	1	1	25	0.000202552	4937	1	FALSE	ORF1ab:cds-YP_009724389.1	TTT	F	TGT	C	278
NC_045512.2	14301	T	C	5212	3813	42	1	1	22	0.000191828	5213	1	FALSE	ORF1ab:cds-YP_009724389.1	TTT	F	TTC	F	278
NC_045512.2	14302	A	G	5269	3900	42	1	1	37	0.000189753	5270	0.984406	FALSE	ORF1ab:cds-YP_009724389.1	AAA	K	GAA	E	279
NC_045512.2	14303	A	C	5121	3995	41	1	1	37	0.000195236	5122	0.984407	FALSE	ORF1ab:cds-YP_009724389.1	AAA	K	ACA	T	279
NC_045512.2	14305	T	C	5149	4019	41	1	1	37	0.000194175	5150	0.984407	FALSE	ORF1ab:cds-YP_009724389.1	TAT	Y	CAT	H	280
NC_045512.2	14306	A	C	5149	4025	41	1	0	29	0.000194175	5150	1	FALSE	ORF1ab:cds-YP_009724389.1	TAT	Y	TCT	S	280
NC_045512.2	14307	T	G	5221	4179	41	3	3	33	0.000574273	5224	0.855626	FALSE	ORF1ab:cds-YP_009724389.1	TAT	Y	TAG	*	280
NC_045512.2	14308	T	G	5294	4244	41	1	1	25	0.000188822	5296	1	FALSE	ORF1ab:cds-YP_009724389.1	TGG	W	GGG	G	281
NC_045512.2	14308	T	A	5294	4244	41	1	1	37	0.000188822	5296	0.984397	FALSE	ORF1ab:cds-YP_009724389.1	TGG	W	AGG	R	281
NC_045512.2	14309	G	T	5250	4292	40	2	2	37	0.000380807	5252	0.937594	FALSE	ORF1ab:cds-YP_009724389.1	TGG	W	TTG	L	281
NC_045512.2	14310	G	T	5241	4272	40	1	1	37	0.000190767	5242	0.984406	FALSE	ORF1ab:cds-YP_009724389.1	TGG	W	TGT	C	281
NC_045512.2	14311	G	T	5263	4292	40	2	1	55	0.000379867	5265	0.250024	FALSE	ORF1ab:cds-YP_009724389.1	GAT	D	TAT	Y	282
NC_045512.2	14312	A	C	5171	4193	40	2	2	25	0.000386623	5173	1	FALSE	ORF1ab:cds-YP_009724389.1	GAT	D	GCT	A	282
NC_045512.2	14313	T	C	5164	4215	40	1	1	37	0.000193611	5165	0.984407	FALSE	ORF1ab:cds-YP_009724389.1	GAT	D	GAC	D	282
NC_045512.2	14315	A	T	5396	4477	40	1	1	37	0.000185254	5398	0.984397	FALSE	ORF1ab:cds-YP_009724389.1	CAG	Q	CTG	L	283
NC_045512.2	14315	A	G	5396	4477	40	1	1	25	0.000185254	5398	1	FALSE	ORF1ab:cds-YP_009724389.1	CAG	Q	CGG	R	283
NC_045512.2	14316	G	T	5372	4449	40	1	1	37	0.000186081	5374	0.984397	FALSE	ORF1ab:cds-YP_009724389.1	CAG	Q	CAT	H	283
NC_045512.2	14316	G	A	5372	4449	40	1	1	25	0.000186081	5374	1	FALSE	ORF1ab:cds-YP_009724389.1	CAG	Q	CAA	Q	283
NC_045512.2	14316	G	+ACAT	5372	4449	40	1	0	20	0.000186081	5374	1	FALSE	NA	NA	NA	NA	NA	NA
NC_045512.2	14317	A	T	5349	4424	40	1	1	37	0.000186916	5350	0.984406	FALSE	ORF1ab:cds-YP_009724389.1	ACA	T	TCA	S	284
NC_045512.2	14318	C	T	5437	4516	40	2	1	49	0.000367715	5439	0.250023	FALSE	ORF1ab:cds-YP_009724389.1	ACA	T	ATA	I	284
NC_045512.2	14319	A	C	5165	4296	40	3	3	25	0.000580495	5168	1	FALSE	ORF1ab:cds-YP_009724389.1	ACA	T	ACC	T	284
NC_045512.2	14320	T	G	5082	4222	39	3	3	26	0.000589739	5087	1	FALSE	ORF1ab:cds-YP_009724389.1	TAC	Y	GAC	D	285
NC_045512.2	14320	T	C	5082	4222	39	2	1	55	0.000393159	5087	0.249877	FALSE	ORF1ab:cds-YP_009724389.1	TAC	Y	CAC	H	285
NC_045512.2	14321	A	G	5260	4392	40	1	1	37	0.000190078	5261	0.984406	FALSE	ORF1ab:cds-YP_009724389.1	TAC	Y	TGC	C	285
NC_045512.2	14322	C	T	5566	4758	40	4	4	37	0.000717875	5572	0.746094	FALSE	ORF1ab:cds-YP_009724389.1	TAC	Y	TAT	Y	285
NC_045512.2	14322	C	A	5566	4758	40	2	2	31	0.000358938	5572	0.937471	FALSE	ORF1ab:cds-YP_009724389.1	TAC	Y	TAA	*	285
NC_045512.2	14323	C	T	5524	4804	40	2	2	37	0.00036186	5527	0.937559	FALSE	ORF1ab:cds-YP_009724389.1	CAC	H	TAC	Y	286
NC_045512.2	14323	C	A	5524	4804	40	1	0	25	0.00018093	5527	1	FALSE	ORF1ab:cds-YP_009724389.1	CAC	H	AAC	N	286
NC_045512.2	14327	C	A	5456	4736	40	1	1	37	0.000183251	5457	0.984405	FALSE	ORF1ab:cds-YP_009724389.1	CCA	P	CAA	Q	287
NC_045512.2	14328	A	T	5448	4765	40	3	3	30	0.000550358	5451	0.855619	FALSE	ORF1ab:cds-YP_009724389.1	CCA	P	CCT	P	287
NC_045512.2	14330	A	T	5387	4962	38	1	1	37	0.000185563	5389	0.984397	FALSE	ORF1ab:cds-YP_009724389.1	AAT	N	ATT	I	288
NC_045512.2	14330	A	C	5387	4962	38	1	1	37	0.000185563	5389	0.984397	FALSE	ORF1ab:cds-YP_009724389.1	AAT	N	ACT	T	288
NC_045512.2	14331	T	G	5305	4899	37	5	4	26	0.00094162	5310	1	FALSE	ORF1ab:cds-YP_009724389.1	AAT	N	AAG	K	288
NC_045512.2	14333	G	A	5573	5136	38	1	1	25	0.000179404	5574	1	FALSE	ORF1ab:cds-YP_009724389.1	TGT	C	TAT	Y	289
NC_045512.2	14337	T	G	5355	4965	38	1	1	25	0.000186672	5357	1	FALSE	ORF1ab:cds-YP_009724389.1	GTT	V	GTG	V	290
NC_045512.2	14337	T	A	5355	4965	38	1	1	25	0.000186672	5357	1	FALSE	ORF1ab:cds-YP_009724389.1	GTT	V	GTA	V	290
NC_045512.2	14338	A	G	5314	4932	38	1	1	74	0.000188111	5316	0.5	FALSE	ORF1ab:cds-YP_009724389.1	AAC	N	GAC	D	291
NC_045512.2	14338	A	C	5314	4932	38	1	1	25	0.000188111	5316	1	FALSE	ORF1ab:cds-YP_009724389.1	AAC	N	CAC	H	291
NC_045512.2	14339	A	G	5203	4821	37	1	1	37	0.000192123	5205	0.984398	FALSE	ORF1ab:cds-YP_009724389.1	AAC	N	AGC	S	291
NC_045512.2	14339	A	C	5203	4821	37	1	1	25	0.000192123	5205	1	FALSE	ORF1ab:cds-YP_009724389.1	AAC	N	ACC	T	291
NC_045512.2	14340	C	T	5535	5183	38	2	2	37	0.000361206	5537	0.937589	FALSE	ORF1ab:cds-YP_009724389.1	AAC	N	AAT	N	291
NC_045512.2	14341	T	C	5533	5171	38	1	1	37	0.000180701	5534	0.984405	FALSE	ORF1ab:cds-YP_009724389.1	TGT	C	CGT	R	292
NC_045512.2	14342	G	T	5469	5113	38	1	1	25	0.000182782	5471	1	FALSE	ORF1ab:cds-YP_009724389.1	TGT	C	TTT	F	292
NC_045512.2	14342	G	A	5469	5113	38	1	1	37	0.000182782	5471	0.984396	FALSE	ORF1ab:cds-YP_009724389.1	TGT	C	TAT	Y	292
NC_045512.2	14343	T	G	5119	4773	38	2	1	31	0.000390472	5122	0.937564	FALSE	ORF1ab:cds-YP_009724389.1	TGT	C	TGG	W	292
NC_045512.2	14343	T	A	5119	4773	38	1	1	25	0.000195236	5122	1	FALSE	ORF1ab:cds-YP_009724389.1	TGT	C	TGA	*	292
NC_045512.2	14344	T	C	5237	4899	38	1	1	25	0.000190913	5238	1	FALSE	ORF1ab:cds-YP_009724389.1	TTG	L	CTG	L	293
NC_045512.2	14345	T	A	5229	4885	38	1	1	25	0.000191205	5230	1	FALSE	ORF1ab:cds-YP_009724389.1	TTG	L	TAG	*	293
NC_045512.2	14347	G	A	5228	4890	38	1	1	37	0.000191241	5229	0.984406	FALSE	ORF1ab:cds-YP_009724389.1	GAT	D	AAT	N	294
NC_045512.2	14350	G	A	5162	4826	38	1	1	37	0.000193686	5163	0.984407	FALSE	ORF1ab:cds-YP_009724389.1	GAC	D	AAC	N	295
NC_045512.2	14351	A	G	5110	4782	38	1	1	37	0.000195656	5111	0.984407	FALSE	ORF1ab:cds-YP_009724389.1	GAC	D	GGC	G	295
NC_045512.2	14352	C	T	5091	4765	38	3	2	32	0.000588928	5094	0.85563	FALSE	ORF1ab:cds-YP_009724389.1	GAC	D	GAT	D	295
NC_045512.2	14353	A	G	4916	4586	38	4	4	37	0.000812843	4921	0.636774	FALSE	ORF1ab:cds-YP_009724389.1	AGA	R	GGA	G	296
NC_045512.2	14353	A	C	4916	4586	38	1	1	37	0.000203211	4921	0.968734	FALSE	ORF1ab:cds-YP_009724389.1	AGA	R	CGA	R	296
NC_045512.2	14354	G	T	5041	4722	38	1	1	25	0.000198334	5042	1	FALSE	ORF1ab:cds-YP_009724389.1	AGA	R	ATA	I	296
NC_045512.2	14355	A	G	4898	4605	37	3	3	33	0.000611995	4902	0.773521	FALSE	ORF1ab:cds-YP_009724389.1	AGA	R	AGG	R	296
NC_045512.2	14355	A	C	4898	4605	37	1	1	25	0.000203998	4902	1	FALSE	ORF1ab:cds-YP_009724389.1	AGA	R	AGC	S	296
NC_045512.2	14356	T	G	4904	4611	37	1	1	25	0.000203749	4908	1	FALSE	ORF1ab:cds-YP_009724389.1	TGC	C	GGC	G	297
NC_045512.2	14356	T	C	4904	4611	37	3	3	33	0.000611247	4908	0.773521	FALSE	ORF1ab:cds-YP_009724389.1	TGC	C	CGC	R	297
NC_045512.2	14357	G	A	5016	4732	38	12	11	37	0.00238663	5028	0.0716188	FALSE	ORF1ab:cds-YP_009724389.1	TGC	C	TAC	Y	297
NC_045512.2	14358	C	T	5042	4757	38	5	5	37	0.000990491	5048	0.623108	FALSE	ORF1ab:cds-YP_009724389.1	TGC	C	TGT	C	297
NC_045512.2	14358	C	G	5042	4757	38	1	1	37	0.000198098	5048	0.984361	FALSE	ORF1ab:cds-YP_009724389.1	TGC	C	TGG	W	297
NC_045512.2	14359	A	T	5018	4733	38	1	1	25	0.000199203	5020	1	FALSE	ORF1ab:cds-YP_009724389.1	ATT	I	TTT	F	298
NC_045512.2	14359	A	G	5018	4733	38	1	0	37	0.000199203	5020	0.984398	FALSE	ORF1ab:cds-YP_009724389.1	ATT	I	GTT	V	298
NC_045512.2	14360	T	C	4940	4655	38	2	0	37	0.000404613	4943	0.890696	FALSE	ORF1ab:cds-YP_009724389.1	ATT	I	ACT	T	298
NC_045512.2	14360	T	A	4940	4655	38	1	1	25	0.000202306	4943	1	FALSE	ORF1ab:cds-YP_009724389.1	ATT	I	AAT	N	298
NC_045512.2	14363	T	C	4696	4428	37	1	1	37	0.000212902	4697	0.9688	FALSE	ORF1ab:cds-YP_009724389.1	CTG	L	CCG	P	299
NC_045512.2	14364	G	A	4743	4474	38	12	12	34	0.00252366	4755	0.0383187	FALSE	ORF1ab:cds-YP_009724389.1	CTG	L	CTA	L	299
NC_045512.2	14365	C	T	4733	4475	37	2	2	37	0.000422386	4735	0.890749	FALSE	ORF1ab:cds-YP_009724389.1	CAT	H	TAT	Y	300
NC_045512.2	14366	A	G	4687	4434	37	1	1	37	0.000213311	4688	0.9688	FALSE	ORF1ab:cds-YP_009724389.1	CAT	H	CGT	R	300
NC_045512.2	14367	T	C	4666	4422	38	2	2	31	0.000428357	4669	0.8907	FALSE	ORF1ab:cds-YP_009724389.1	CAT	H	CAC	H	300
NC_045512.2	14367	T	A	4666	4422	38	1	1	37	0.000214179	4669	0.968767	FALSE	ORF1ab:cds-YP_009724389.1	CAT	H	CAA	Q	300
NC_045512.2	14369	G	A	4065	3820	38	1	1	37	0.000245942	4066	0.968808	FALSE	ORF1ab:cds-YP_009724389.1	TGT	C	TAT	Y	301
NC_045512.2	14370	T	C	4056	3862	38	2	2	37	0.000492732	4059	0.890712	FALSE	ORF1ab:cds-YP_009724389.1	TGT	C	TGC	C	301
NC_045512.2	14370	T	A	4056	3862	38	1	1	37	0.000246366	4059	0.968769	FALSE	ORF1ab:cds-YP_009724389.1	TGT	C	TGA	*	301
NC_045512.2	14371	G	A	3980	3788	37	8	8	37	0.00200602	3988	0.1132	FALSE	ORF1ab:cds-YP_009724389.1	GCA	A	ACA	T	302
NC_045512.2	14372	C	T	3997	3805	37	6	6	37	0.0014985	4004	0.376876	FALSE	ORF1ab:cds-YP_009724389.1	GCA	A	GTA	V	302
NC_045512.2	14372	C	A	3997	3805	37	1	1	25	0.00024975	4004	1	FALSE	ORF1ab:cds-YP_009724389.1	GCA	A	GAA	E	302
NC_045512.2	14374	A	G	3856	3671	37	1	1	37	0.000259202	3858	0.937549	FALSE	ORF1ab:cds-YP_009724389.1	AAC	N	GAC	D	303
NC_045512.2	14374	A	C	3856	3671	37	1	0	37	0.000259202	3858	0.937549	FALSE	ORF1ab:cds-YP_009724389.1	AAC	N	CAC	H	303
NC_045512.2	14375	A	C	3796	3608	37	2	2	25	0.000526593	3798	1	FALSE	ORF1ab:cds-YP_009724389.1	AAC	N	ACC	T	303
NC_045512.2	14377	T	A	3775	3659	37	1	1	37	0.000264831	3776	0.937583	FALSE	ORF1ab:cds-YP_009724389.1	TTT	F	ATT	I	304
NC_045512.2	14378	T	A	3345	3239	36	1	1	25	0.000298864	3346	1	FALSE	ORF1ab:cds-YP_009724389.1	TTT	F	TAT	Y	304
NC_045512.2	14381	A	C	3248	3143	36	1	1	37	0.000307787	3249	0.937596	FALSE	ORF1ab:cds-YP_009724389.1	AAT	N	ACT	T	305
NC_045512.2	14382	T	C	3370	3261	37	1	1	37	0.000296648	3371	0.937593	FALSE	ORF1ab:cds-YP_009724389.1	AAT	N	AAC	N	305
NC_045512.2	14384	T	G	3166	3064	36	1	1	37	0.000315657	3168	0.937559	FALSE	ORF1ab:cds-YP_009724389.1	GTT	V	GGT	G	306
NC_045512.2	14384	T	C	3166	3064	36	1	1	37	0.000315657	3168	0.937559	FALSE	ORF1ab:cds-YP_009724389.1	GTT	V	GCT	A	306
NC_045512.2	14386	T	C	3029	2952	37	2	1	37	0.000659848	3031	0.812706	FALSE	ORF1ab:cds-YP_009724389.1	TTA	L	CTA	L	307
NC_045512.2	14392	T	C	2565	2493	36	2	1	37	0.00077912	2567	0.687719	FALSE	ORF1ab:cds-YP_009724389.1	TCT	S	CCT	P	309
NC_045512.2	14394	T	G	2526	2456	36	1	1	37	0.000395726	2527	0.875148	FALSE	ORF1ab:cds-YP_009724389.1	TCT	S	TCG	S	309
NC_045512.2	14396	C	T	2	2	37	2480	2408	36	0.998792	2483	0	TRUE	ORF1ab:cds-YP_009724389.1	ACA	T	ATA	I	310
NC_045512.2	14396	C	A	2	2	37	1	1	37	0.000402739	2483	0.00361881	TRUE	ORF1ab:cds-YP_009724389.1	ACA	T	AAA	K	310
NC_045512.2	14399	T	G	2117	2052	36	2	2	25	0.000943841	2119	0.999997	FALSE	ORF1ab:cds-YP_009724389.1	GTG	V	GGG	G	311
NC_045512.2	14401	T	G	1652	1587	35	1	1	37	0.000604961	1653	0.750227	FALSE	ORF1ab:cds-YP_009724389.1	TTC	F	GTC	V	312
NC_045512.2	14405	C	T	1396	1333	37	1	1	37	0.00071582	1397	0.750269	FALSE	ORF1ab:cds-YP_009724389.1	CCA	P	CTA	L	313
NC_045512.2	14407	C	G	1357	1295	37	1	1	37	0.000736377	1358	0.750276	FALSE	ORF1ab:cds-YP_009724389.1	CCT	P	GCT	A	314
NC_045512.2	14408	C	T	1	0	37	1198	1136	37	0.998333	1200	0	TRUE	ORF1ab:cds-YP_009724389.1	CCT	P	CTT	L	314
NC_045512.2	14408	C	G	1	0	37	1	1	25	0.000833333	1200	0.0215226	FALSE	ORF1ab:cds-YP_009724389.1	CCT	P	CGT	R	314
NC_045512.2	14410	A	T	1183	1123	37	1	1	25	0.000844595	1184	0.999764	FALSE	ORF1ab:cds-YP_009724389.1	ACA	T	TCA	S	315
NC_045512.2	14412	A	G	1152	1096	36	1	1	37	0.000865801	1155	0.749892	FALSE	ORF1ab:cds-YP_009724389.1	ACA	T	ACG	T	315
NC_045512.2	14412	A	C	1152	1096	36	2	2	25	0.0017316	1155	0.998332	FALSE	ORF1ab:cds-YP_009724389.1	ACA	T	ACC	T	315
NC_045512.2	14414	G	-T	1119	1060	36	1	0	20	0.000893655	1119	0.999766	FALSE	NA	NA	NA	NA	NA	NA
NC_045512.2	14415	T	C	1054	1004	35	2	1	37	0.00189394	1056	0.5	FALSE	ORF1ab:cds-YP_009724389.1	AGT	S	AGC	S	316
NC_045512.2	14417	T	C	960	919	36	1	1	37	0.00104058	961	0.50026	FALSE	ORF1ab:cds-YP_009724389.1	TTT	F	TCT	S	317
NC_045512.2	14510	A	G	35	16	37	1	0	37	0.0277778	36	0.507042	FALSE	ORF1ab:cds-YP_009724389.1	CAG	Q	CGG	R	348
NC_045512.2	14511	G	T	36	15	37	1	1	37	0.027027	37	0.506849	FALSE	ORF1ab:cds-YP_009724389.1	CAG	Q	CAT	H	348
NC_045512.2	14601	A	C	29	11	37	1	0	25	0.0333333	30	0.508475	FALSE	ORF1ab:cds-YP_009724389.1	CTA	L	CTC	L	378
NC_045512.2	14607	A	G	23	11	37	1	0	37	0.0416667	24	0.510638	FALSE	ORF1ab:cds-YP_009724389.1	CTA	L	CTG	L	380
NC_045512.2	14654	T	G	25	20	39	1	1	29	0.0384615	26	0.509804	FALSE	ORF1ab:cds-YP_009724389.1	GTT	V	GGT	G	396
NC_045512.2	14678	G	A	24	23	34	1	1	37	0.04	25	0.510204	FALSE	ORF1ab:cds-YP_009724389.1	GGT	G	GAT	D	404
NC_045512.2	15056	T	C	1384	70	36	1	0	37	0.000722022	1385	0.750271	FALSE	ORF1ab:cds-YP_009724389.1	ATA	I	ACA	T	530
NC_045512.2	15057	A	C	1401	70	36	1	0	25	0.000713267	1402	0.999971	FALSE	ORF1ab:cds-YP_009724389.1	ATA	I	ATC	I	530
NC_045512.2	15058	A	C	1426	66	36	1	1	37	0.000700771	1427	0.750263	FALSE	ORF1ab:cds-YP_009724389.1	ACT	T	CCT	P	531
NC_045512.2	15062	A	C	1500	72	36	1	0	37	0.000666223	1501	0.75025	FALSE	ORF1ab:cds-YP_009724389.1	CAA	Q	CCA	P	532
NC_045512.2	15064	A	C	1452	70	35	1	1	25	0.000688231	1453	0.999971	FALSE	ORF1ab:cds-YP_009724389.1	ATG	M	CTG	L	533
NC_045512.2	15067	A	T	1487	72	36	2	1	37	0.00134318	1489	0.500252	FALSE	ORF1ab:cds-YP_009724389.1	AAT	N	TAT	Y	534
NC_045512.2	15068	A	G	1533	75	35	2	0	37	0.00130293	1535	0.500244	FALSE	ORF1ab:cds-YP_009724389.1	AAT	N	AGT	S	534
NC_045512.2	15072	T	G	1618	74	36	1	0	25	0.000617665	1619	0.999993	FALSE	ORF1ab:cds-YP_009724389.1	CTT	L	CTG	L	535
NC_045512.2	15076	T	C	1677	75	36	1	0	37	0.000595948	1678	0.750224	FALSE	ORF1ab:cds-YP_009724389.1	TAT	Y	CAT	H	537
NC_045512.2	15080	C	T	1729	79	35	4	0	37	0.00230814	1733	0.1875	FALSE	ORF1ab:cds-YP_009724389.1	GCC	A	GTC	V	538
NC_045512.2	15086	G	C	1819	86	36	1	0	25	0.000549451	1820	0.999998	FALSE	ORF1ab:cds-YP_009724389.1	AGT	S	ACT	T	540
NC_045512.2	15087	T	G	1789	85	36	1	0	25	0.000558659	1790	0.999996	FALSE	ORF1ab:cds-YP_009724389.1	AGT	S	AGG	R	540
NC_045512.2	15088	G	T	1859	83	36	1	0	25	0.000536193	1865	0.999998	FALSE	ORF1ab:cds-YP_009724389.1	GCA	A	TCA	S	541
NC_045512.2	15088	G	C	1859	83	36	1	0	37	0.000536193	1865	0.74953	FALSE	ORF1ab:cds-YP_009724389.1	GCA	A	CCA	P	541
NC_045512.2	15088	G	A	1859	83	36	4	1	37	0.00214477	1865	0.187165	FALSE	ORF1ab:cds-YP_009724389.1	GCA	A	ACA	T	541
NC_045512.2	15090	A	G	1877	96	37	1	0	37	0.000532481	1878	0.7502	FALSE	ORF1ab:cds-YP_009724389.1	GCA	A	GCG	A	541
NC_045512.2	15091	A	G	1894	107	37	1	1	37	0.000527704	1895	0.750198	FALSE	ORF1ab:cds-YP_009724389.1	AAG	K	GAG	E	542
NC_045512.2	15092	A	G	1887	108	37	3	2	33	0.0015873	1890	0.312599	FALSE	ORF1ab:cds-YP_009724389.1	AAG	K	AGG	R	542
NC_045512.2	15093	G	T	2484	131	37	4	0	28	0.00160772	2488	0.999987	FALSE	ORF1ab:cds-YP_009724389.1	AAG	K	AAT	N	542
NC_045512.2	15098	G	T	2488	147	37	1	0	37	0.000401768	2489	0.875151	FALSE	ORF1ab:cds-YP_009724389.1	AGA	R	ATA	I	544
NC_045512.2	15099	A	G	2559	156	37	1	0	37	0.000390625	2560	0.875146	FALSE	ORF1ab:cds-YP_009724389.1	AGA	R	AGG	R	544
NC_045512.2	15100	G	T	2608	162	37	1	0	37	0.000383142	2610	0.875072	FALSE	ORF1ab:cds-YP_009724389.1	GCT	A	TCT	S	545
NC_045512.2	15100	G	A	2608	162	37	1	0	37	0.000383142	2610	0.875072	FALSE	ORF1ab:cds-YP_009724389.1	GCT	A	ACT	T	545
NC_045512.2	15101	C	T	2575	166	38	1	0	37	0.000388199	2576	0.875146	FALSE	ORF1ab:cds-YP_009724389.1	GCT	A	GTT	V	545
NC_045512.2	15102	T	C	2623	191	38	1	0	37	0.000381098	2624	0.875143	FALSE	ORF1ab:cds-YP_009724389.1	GCT	A	GCC	A	545
NC_045512.2	15104	G	A	2617	200	38	3	0	37	0.00114504	2620	0.500179	FALSE	ORF1ab:cds-YP_009724389.1	CGC	R	CAC	H	546
NC_045512.2	15105	C	T	2668	205	39	4	0	37	0.00149701	2672	0.343838	FALSE	ORF1ab:cds-YP_009724389.1	CGC	R	CGT	R	546
NC_045512.2	15107	C	A	2751	223	39	1	0	25	0.000363372	2752	1	FALSE	ORF1ab:cds-YP_009724389.1	ACC	T	AAC	N	547
NC_045512.2	15109	G	A	2747	224	39	2	0	37	0.000727537	2749	0.687705	FALSE	ORF1ab:cds-YP_009724389.1	GTA	V	ATA	I	548
NC_045512.2	15110	T	G	2732	225	38	1	1	29	0.000365764	2734	1	FALSE	ORF1ab:cds-YP_009724389.1	GTA	V	GGA	G	548
NC_045512.2	15110	T	C	2732	225	38	1	0	25	0.000365764	2734	1	FALSE	ORF1ab:cds-YP_009724389.1	GTA	V	GCA	A	548
NC_045512.2	15111	A	G	2685	225	38	1	0	37	0.000372301	2686	0.87514	FALSE	ORF1ab:cds-YP_009724389.1	GTA	V	GTG	V	548
NC_045512.2	15112	G	A	2766	233	39	1	0	37	0.000361402	2767	0.875136	FALSE	ORF1ab:cds-YP_009724389.1	GCT	A	ACT	T	549
NC_045512.2	15113	C	T	2771	233	38	1	0	37	0.00036062	2773	0.875068	FALSE	ORF1ab:cds-YP_009724389.1	GCT	A	GTT	V	549
NC_045512.2	15113	C	A	2771	233	38	1	0	37	0.00036062	2773	0.875068	FALSE	ORF1ab:cds-YP_009724389.1	GCT	A	GAT	D	549
NC_045512.2	15114	T	G	2681	234	38	1	0	37	0.000372717	2683	0.87507	FALSE	ORF1ab:cds-YP_009724389.1	GCT	A	GCG	A	549
NC_045512.2	15114	T	C	2681	234	38	1	1	62	0.000372717	2683	0.5	FALSE	ORF1ab:cds-YP_009724389.1	GCT	A	GCC	A	549
NC_045512.2	15115	G	T	2818	233	39	1	0	25	0.000354484	2821	1	FALSE	ORF1ab:cds-YP_009724389.1	GGT	G	TGT	C	550
NC_045512.2	15115	G	A	2818	233	39	2	0	37	0.000708968	2821	0.687567	FALSE	ORF1ab:cds-YP_009724389.1	GGT	G	AGT	S	550
NC_045512.2	15119	T	G	2850	233	39	1	0	25	0.000350754	2851	1	FALSE	ORF1ab:cds-YP_009724389.1	GTC	V	GGC	G	551
NC_045512.2	15124	A	C	2808	272	39	1	0	25	0.000355999	2809	1	FALSE	ORF1ab:cds-YP_009724389.1	ATC	I	CTC	L	553
NC_045512.2	15125	T	C	2875	273	39	1	0	25	0.000347705	2876	1	FALSE	ORF1ab:cds-YP_009724389.1	ATC	I	ACC	T	553
NC_045512.2	15127	T	G	3170	342	40	1	1	37	0.000315259	3172	0.937559	FALSE	ORF1ab:cds-YP_009724389.1	TGT	C	GGT	G	554
NC_045512.2	15127	T	A	3170	342	40	1	1	74	0.000315259	3172	0.5	FALSE	ORF1ab:cds-YP_009724389.1	TGT	C	AGT	S	554
NC_045512.2	15130	A	G	3393	377	40	1	0	74	0.000294638	3394	0.500074	FALSE	ORF1ab:cds-YP_009724389.1	AGT	S	GGT	G	555
NC_045512.2	15133	A	T	3477	379	40	1	0	37	0.000287522	3478	0.93759	FALSE	ORF1ab:cds-YP_009724389.1	ACT	T	TCT	S	556
NC_045512.2	15137	T	C	3047	471	39	1	0	37	0.000328084	3048	0.937603	FALSE	ORF1ab:cds-YP_009724389.1	ATG	M	ACG	T	557
NC_045512.2	15139	A	G	3131	482	39	2	0	37	0.000638366	3133	0.8127	FALSE	ORF1ab:cds-YP_009724389.1	ACC	T	GCC	A	558
NC_045512.2	15140	C	A	3269	476	39	1	0	37	0.00030581	3270	0.937596	FALSE	ORF1ab:cds-YP_009724389.1	ACC	T	AAC	N	558
NC_045512.2	15142	A	C	3225	487	38	1	0	25	0.000309981	3226	1	FALSE	ORF1ab:cds-YP_009724389.1	AAT	N	CAT	H	559
NC_045512.2	15144	T	G	3171	480	38	1	1	25	0.000315259	3172	1	FALSE	ORF1ab:cds-YP_009724389.1	AAT	N	AAG	K	559
NC_045512.2	15148	C	T	3203	505	38	4	1	37	0.00124688	3208	0.5	FALSE	ORF1ab:cds-YP_009724389.1	CAG	Q	TAG	*	561
NC_045512.2	15148	C	A	3203	505	38	1	0	37	0.000311721	3208	0.937441	FALSE	ORF1ab:cds-YP_009724389.1	CAG	Q	AAG	K	561
NC_045512.2	15149	A	C	3073	477	38	1	1	25	0.000325309	3074	1	FALSE	ORF1ab:cds-YP_009724389.1	CAG	Q	CCG	P	561
NC_045512.2	15150	G	T	3102	470	38	1	0	37	0.000322165	3104	0.93756	FALSE	ORF1ab:cds-YP_009724389.1	CAG	Q	CAT	H	561
NC_045512.2	15150	G	C	3102	470	38	1	0	29	0.000322165	3104	1	FALSE	ORF1ab:cds-YP_009724389.1	CAG	Q	CAC	H	561
NC_045512.2	15151	T	C	3088	537	38	2	0	37	0.000647249	3090	0.812702	FALSE	ORF1ab:cds-YP_009724389.1	TTT	F	CTT	L	562
NC_045512.2	15152	T	C	3054	541	38	1	0	37	0.000327225	3056	0.937561	FALSE	ORF1ab:cds-YP_009724389.1	TTT	F	TCT	S	562
NC_045512.2	15152	T	A	3054	541	38	1	0	37	0.000327225	3056	0.937561	FALSE	ORF1ab:cds-YP_009724389.1	TTT	F	TAT	Y	562
NC_045512.2	15153	T	C	3061	550	38	1	0	37	0.000326584	3062	0.937602	FALSE	ORF1ab:cds-YP_009724389.1	TTT	F	TTC	F	562
NC_045512.2	15156	T	C	2925	577	38	2	1	37	0.00068306	2928	0.687564	FALSE	ORF1ab:cds-YP_009724389.1	CAT	H	CAC	H	563
NC_045512.2	15156	T	A	2925	577	38	1	1	25	0.00034153	2928	1	FALSE	ORF1ab:cds-YP_009724389.1	CAT	H	CAA	Q	563
NC_045512.2	15157	C	-A	2955	585	38	2	0	20	0.000676819	2955	1	FALSE	NA	NA	NA	NA	NA	NA
NC_045512.2	15166	T	C	2958	750	38	1	0	74	0.000337952	2959	0.500085	FALSE	ORF1ab:cds-YP_009724389.1	TTG	L	CTG	L	567
NC_045512.2	15167	T	G	2967	767	38	1	0	37	0.000336927	2968	0.875126	FALSE	ORF1ab:cds-YP_009724389.1	TTG	L	TGG	W	567
NC_045512.2	15170	A	G	2911	792	38	1	0	37	0.000343289	2913	0.875064	FALSE	ORF1ab:cds-YP_009724389.1	AAA	K	AGA	R	568
NC_045512.2	15170	A	C	2911	792	38	1	1	37	0.000343289	2913	0.875064	FALSE	ORF1ab:cds-YP_009724389.1	AAA	K	ACA	T	568
NC_045512.2	15173	C	T	2974	844	39	1	1	74	0.000336134	2975	0.500084	FALSE	ORF1ab:cds-YP_009724389.1	TCA	S	TTA	L	569
NC_045512.2	15175	A	G	2928	823	39	1	0	37	0.000341064	2932	0.874936	FALSE	ORF1ab:cds-YP_009724389.1	ATA	I	GTA	V	570
NC_045512.2	15175	A	C	2928	823	39	3	3	29	0.00102319	2932	1	FALSE	ORF1ab:cds-YP_009724389.1	ATA	I	CTA	L	570
NC_045512.2	15178	G	A	2906	897	38	2	0	37	0.000687758	2908	0.687694	FALSE	ORF1ab:cds-YP_009724389.1	GCC	A	ACC	T	571
NC_045512.2	15179	C	T	2958	912	39	2	1	31	0.000675447	2961	0.687563	FALSE	ORF1ab:cds-YP_009724389.1	GCC	A	GTC	V	571
NC_045512.2	15179	C	A	2958	912	39	1	0	37	0.000337724	2961	0.875	FALSE	ORF1ab:cds-YP_009724389.1	GCC	A	GAC	D	571
NC_045512.2	15180	C	T	3016	981	39	1	1	37	0.000331345	3018	0.937562	FALSE	ORF1ab:cds-YP_009724389.1	GCC	A	GCT	A	571
NC_045512.2	15180	C	A	3016	981	39	1	1	37	0.000331345	3018	0.937562	FALSE	ORF1ab:cds-YP_009724389.1	GCC	A	GCA	A	571
NC_045512.2	15181	G	A	3016	1002	39	1	1	37	0.000331455	3017	0.937604	FALSE	ORF1ab:cds-YP_009724389.1	GCC	A	ACC	T	572
NC_045512.2	15186	T	G	3015	965	39	2	1	25	0.00066291	3017	1	FALSE	ORF1ab:cds-YP_009724389.1	ACT	T	ACG	T	573
NC_045512.2	15187	A	G	3188	1275	40	1	1	37	0.00031348	3190	0.937559	FALSE	ORF1ab:cds-YP_009724389.1	AGA	R	GGA	G	574
NC_045512.2	15187	A	C	3188	1275	40	1	0	29	0.00031348	3190	1	FALSE	ORF1ab:cds-YP_009724389.1	AGA	R	CGA	R	574
NC_045512.2	15188	G	C	3349	1344	41	1	1	37	0.000298507	3350	0.937593	FALSE	ORF1ab:cds-YP_009724389.1	AGA	R	ACA	T	574
NC_045512.2	15189	A	T	3297	1320	41	1	0	37	0.000303122	3299	0.937557	FALSE	ORF1ab:cds-YP_009724389.1	AGA	R	AGT	S	574
NC_045512.2	15189	A	C	3297	1320	41	1	0	37	0.000303122	3299	0.937557	FALSE	ORF1ab:cds-YP_009724389.1	AGA	R	AGC	S	574
NC_045512.2	15191	G	A	3312	1317	41	1	0	37	0.000301841	3313	0.937594	FALSE	ORF1ab:cds-YP_009724389.1	GGA	G	GAA	E	575
NC_045512.2	15194	C	T	2945	1454	39	1	1	37	0.000339328	2947	0.875064	FALSE	ORF1ab:cds-YP_009724389.1	GCT	A	GTT	V	576
NC_045512.2	15194	C	A	2945	1454	39	1	0	37	0.000339328	2947	0.875064	FALSE	ORF1ab:cds-YP_009724389.1	GCT	A	GAT	D	576
NC_045512.2	15196	A	C	2917	1484	39	2	0	25	0.000685166	2919	1	FALSE	ORF1ab:cds-YP_009724389.1	ACT	T	CCT	P	577
NC_045512.2	15197	C	T	2976	1469	39	1	1	37	0.000335909	2977	0.875126	FALSE	ORF1ab:cds-YP_009724389.1	ACT	T	ATT	I	577
NC_045512.2	15199	G	T	3118	1581	40	1	1	25	0.000320513	3120	1	FALSE	ORF1ab:cds-YP_009724389.1	GTA	V	TTA	L	578
NC_045512.2	15199	G	A	3118	1581	40	1	0	37	0.000320513	3120	0.93756	FALSE	ORF1ab:cds-YP_009724389.1	GTA	V	ATA	I	578
NC_045512.2	15201	A	T	3010	1569	40	1	1	37	0.000331895	3013	0.937521	FALSE	ORF1ab:cds-YP_009724389.1	GTA	V	GTT	V	578
NC_045512.2	15201	A	G	3010	1569	40	1	1	25	0.000331895	3013	1	FALSE	ORF1ab:cds-YP_009724389.1	GTA	V	GTG	V	578
NC_045512.2	15201	A	C	3010	1569	40	1	0	25	0.000331895	3013	1	FALSE	ORF1ab:cds-YP_009724389.1	GTA	V	GTC	V	578
NC_045512.2	15204	A	C	2985	1537	40	1	0	25	0.000334896	2986	1	FALSE	ORF1ab:cds-YP_009724389.1	GTA	V	GTC	V	579
NC_045512.2	15207	T	G	3064	1631	40	1	1	25	0.000326052	3067	1	FALSE	ORF1ab:cds-YP_009724389.1	ATT	I	ATG	M	580
NC_045512.2	15207	T	C	3064	1631	40	2	0	55	0.000652103	3067	0.249959	FALSE	ORF1ab:cds-YP_009724389.1	ATT	I	ATC	I	580
NC_045512.2	15208	G	T	3004	1606	40	1	1	37	0.000332779	3005	0.937604	FALSE	ORF1ab:cds-YP_009724389.1	GGA	G	TGA	*	581
NC_045512.2	15211	A	G	2955	1655	39	1	1	37	0.000338066	2958	0.875	FALSE	ORF1ab:cds-YP_009724389.1	ACA	T	GCA	A	582
NC_045512.2	15211	A	C	2955	1655	39	2	0	31	0.000676133	2958	0.687563	FALSE	ORF1ab:cds-YP_009724389.1	ACA	T	CCA	P	582
NC_045512.2	15213	A	G	3023	1672	40	1	0	37	0.000330688	3024	0.937603	FALSE	ORF1ab:cds-YP_009724389.1	ACA	T	ACG	T	582
NC_045512.2	15214	A	C	3020	1661	40	1	0	37	0.000331016	3021	0.937603	FALSE	ORF1ab:cds-YP_009724389.1	AGC	S	CGC	R	583
NC_045512.2	15215	G	A	3052	1672	40	3	2	33	0.000981997	3055	0.65648	FALSE	ORF1ab:cds-YP_009724389.1	AGC	S	AAC	N	583
NC_045512.2	15216	C	T	3100	1720	40	5	3	37	0.00161031	3105	0.363369	FALSE	ORF1ab:cds-YP_009724389.1	AGC	S	AGT	S	583
NC_045512.2	15218	A	G	2995	1693	39	1	1	37	0.000333667	2997	0.875063	FALSE	ORF1ab:cds-YP_009724389.1	AAA	K	AGA	R	584
NC_045512.2	15218	A	C	2995	1693	39	1	0	25	0.000333667	2997	1	FALSE	ORF1ab:cds-YP_009724389.1	AAA	K	ACA	T	584
NC_045512.2	15220	T	G	2999	1669	39	2	2	25	0.000666445	3001	1	FALSE	ORF1ab:cds-YP_009724389.1	TTC	F	GTC	V	585
NC_045512.2	15221	T	C	3150	1786	40	1	1	37	0.00031736	3151	0.937599	FALSE	ORF1ab:cds-YP_009724389.1	TTC	F	TCC	S	585
NC_045512.2	15223	T	G	3147	1740	40	1	1	25	0.000317662	3148	1	FALSE	ORF1ab:cds-YP_009724389.1	TAT	Y	GAT	D	586
NC_045512.2	15224	A	C	3090	1736	39	2	0	33	0.000646831	3092	0.812702	FALSE	ORF1ab:cds-YP_009724389.1	TAT	Y	TCT	S	586
NC_045512.2	15227	G	A	2976	1885	39	1	1	74	0.000335909	2977	0.500084	FALSE	ORF1ab:cds-YP_009724389.1	GGT	G	GAT	D	587
NC_045512.2	15228	T	G	2873	1811	39	1	1	25	0.000347826	2875	1	FALSE	ORF1ab:cds-YP_009724389.1	GGT	G	GGG	G	587
NC_045512.2	15228	T	C	2873	1811	39	1	0	37	0.000347826	2875	0.875065	FALSE	ORF1ab:cds-YP_009724389.1	GGT	G	GGC	G	587
NC_045512.2	15229	G	A	2806	1830	38	1	1	37	0.000356252	2807	0.875134	FALSE	ORF1ab:cds-YP_009724389.1	GGT	G	AGT	S	588
NC_045512.2	15233	G	T	2757	1816	38	1	0	25	0.000362582	2758	1	FALSE	ORF1ab:cds-YP_009724389.1	TGG	W	TTG	L	589
NC_045512.2	15234	G	A	2671	1816	37	6	5	43	0.00224131	2677	0.0155987	FALSE	ORF1ab:cds-YP_009724389.1	TGG	W	TGA	*	589
NC_045512.2	15235	C	T	2797	1959	38	3	2	37	0.00107143	2800	0.500168	FALSE	ORF1ab:cds-YP_009724389.1	CAC	H	TAC	Y	590
NC_045512.2	15236	A	G	2813	1970	38	2	2	31	0.00071048	2815	0.6877	FALSE	ORF1ab:cds-YP_009724389.1	CAC	H	CGC	R	590
NC_045512.2	15238	A	C	2709	1872	38	1	1	25	0.000369004	2710	1	FALSE	ORF1ab:cds-YP_009724389.1	AAC	N	CAC	H	591
NC_045512.2	15241	A	G	2646	2038	37	1	1	37	0.000377786	2647	0.875142	FALSE	ORF1ab:cds-YP_009724389.1	ATG	M	GTG	V	592
NC_045512.2	15242	T	G	2668	2054	37	1	1	37	0.000374532	2670	0.87507	FALSE	ORF1ab:cds-YP_009724389.1	ATG	M	AGG	R	592
NC_045512.2	15242	T	A	2668	2054	37	1	0	37	0.000374532	2670	0.87507	FALSE	ORF1ab:cds-YP_009724389.1	ATG	M	AAG	K	592
NC_045512.2	15243	G	T	2693	2047	37	1	1	37	0.00037092	2696	0.875	FALSE	ORF1ab:cds-YP_009724389.1	ATG	M	ATT	I	592
NC_045512.2	15243	G	A	2693	2047	37	2	2	37	0.00074184	2696	0.68757	FALSE	ORF1ab:cds-YP_009724389.1	ATG	M	ATA	I	592
NC_045512.2	15244	T	C	2639	2026	36	1	1	37	0.000378644	2641	0.875071	FALSE	ORF1ab:cds-YP_009724389.1	TTA	L	CTA	L	593
NC_045512.2	15244	T	A	2639	2026	36	1	1	25	0.000378644	2641	1	FALSE	ORF1ab:cds-YP_009724389.1	TTA	L	ATA	I	593
NC_045512.2	15245	T	-A	2716	2085	37	2	0	20	0.000736377	2716	1	FALSE	NA	NA	NA	NA	NA	NA
NC_045512.2	15245	T	+A	2716	2085	37	1	0	20	0.000368189	2716	1	FALSE	NA	NA	NA	NA	NA	NA
NC_045512.2	15246	A	T	2704	2092	37	1	0	37	0.000369413	2707	0.874861	FALSE	ORF1ab:cds-YP_009724389.1	TTA	L	TTT	F	593
NC_045512.2	15246	A	G	2704	2092	37	2	1	37	0.000738825	2707	0.687292	FALSE	ORF1ab:cds-YP_009724389.1	TTA	L	TTG	L	593
NC_045512.2	15248	A	C	2671	2066	37	1	0	25	0.000374251	2672	1	FALSE	ORF1ab:cds-YP_009724389.1	AAA	K	ACA	T	594
NC_045512.2	15249	A	T	2637	2031	37	1	1	37	0.000378788	2640	0.875	FALSE	ORF1ab:cds-YP_009724389.1	AAA	K	AAT	N	594
NC_045512.2	15249	A	C	2637	2031	37	2	2	25	0.000757576	2640	1	FALSE	ORF1ab:cds-YP_009724389.1	AAA	K	AAC	N	594
NC_045512.2	15250	A	T	2626	2041	36	1	1	25	0.000380662	2627	1	FALSE	ORF1ab:cds-YP_009724389.1	ACT	T	TCT	S	595
NC_045512.2	15252	T	C	2782	2200	37	1	1	37	0.000359195	2784	0.875067	FALSE	ORF1ab:cds-YP_009724389.1	ACT	T	ACC	T	595
NC_045512.2	15252	T	A	2782	2200	37	1	1	37	0.000359195	2784	0.875067	FALSE	ORF1ab:cds-YP_009724389.1	ACT	T	ACA	T	595
NC_045512.2	15253	G	A	2872	2211	37	2	1	37	0.000695894	2874	0.687696	FALSE	ORF1ab:cds-YP_009724389.1	GTT	V	ATT	I	596
NC_045512.2	15254	T	G	2762	2154	37	2	0	25	0.000723066	2766	1	FALSE	ORF1ab:cds-YP_009724389.1	GTT	V	GGT	G	596
NC_045512.2	15254	T	A	2762	2154	37	2	1	25	0.000723066	2766	1	FALSE	ORF1ab:cds-YP_009724389.1	GTT	V	GAT	D	596
NC_045512.2	15255	T	G	2839	2227	37	2	0	22	0.000703977	2841	1	FALSE	ORF1ab:cds-YP_009724389.1	GTT	V	GTG	V	596
NC_045512.2	15257	A	T	2880	2228	37	1	1	37	0.000347102	2881	0.87513	FALSE	ORF1ab:cds-YP_009724389.1	TAT	Y	TTT	F	597
NC_045512.2	15258	T	G	2854	2202	37	3	1	29	0.00104969	2858	1	FALSE	ORF1ab:cds-YP_009724389.1	TAT	Y	TAG	*	597
NC_045512.2	15258	T	A	2854	2202	37	1	1	37	0.000349895	2858	0.874934	FALSE	ORF1ab:cds-YP_009724389.1	TAT	Y	TAA	*	597
NC_045512.2	15259	A	G	2872	2229	37	2	2	37	0.000695894	2874	0.687696	FALSE	ORF1ab:cds-YP_009724389.1	AGT	S	GGT	G	598
NC_045512.2	15261	T	C	2719	2081	37	1	1	37	0.000367647	2720	0.875138	FALSE	ORF1ab:cds-YP_009724389.1	AGT	S	AGC	S	598
NC_045512.2	15263	A	G	2641	1993	37	1	0	74	0.000378501	2642	0.500095	FALSE	ORF1ab:cds-YP_009724389.1	GAT	D	GGT	G	599
NC_045512.2	15264	T	G	2584	1946	37	1	0	25	0.000386847	2585	1	FALSE	ORF1ab:cds-YP_009724389.1	GAT	D	GAG	E	599
NC_045512.2	15269	A	G	2739	2089	38	1	1	37	0.000364964	2740	0.875137	FALSE	ORF1ab:cds-YP_009724389.1	GAA	E	GGA	G	601
NC_045512.2	15272	A	C	2880	2258	38	1	1	25	0.000347102	2881	1	FALSE	ORF1ab:cds-YP_009724389.1	AAC	N	ACC	T	602
NC_045512.2	15274	C	T	2936	2322	38	1	1	37	0.000340368	2938	0.875064	FALSE	ORF1ab:cds-YP_009724389.1	CCT	P	TCT	S	603
NC_045512.2	15274	C	A	2936	2322	38	1	1	37	0.000340368	2938	0.875064	FALSE	ORF1ab:cds-YP_009724389.1	CCT	P	ACT	T	603
NC_045512.2	15275	C	A	2924	2306	39	1	1	37	0.00034188	2925	0.875128	FALSE	ORF1ab:cds-YP_009724389.1	CCT	P	CAT	H	603
NC_045512.2	15276	T	C	2820	2198	38	1	0	25	0.000354484	2821	1	FALSE	ORF1ab:cds-YP_009724389.1	CCT	P	CCC	P	603
NC_045512.2	15278	A	C	2788	2174	38	2	2	25	0.000716846	2790	1	FALSE	ORF1ab:cds-YP_009724389.1	CAC	H	CCC	P	604
NC_045512.2	15281	T	C	3078	2533	39	1	1	37	0.000324465	3082	0.93748	FALSE	ORF1ab:cds-YP_009724389.1	CTT	L	CCT	P	605
NC_045512.2	15281	T	A	3078	2533	39	3	3	49	0.000973394	3082	0.124939	FALSE	ORF1ab:cds-YP_009724389.1	CTT	L	CAT	H	605
NC_045512.2	15282	T	G	3115	2588	39	1	0	37	0.000320924	3116	0.9376	FALSE	ORF1ab:cds-YP_009724389.1	CTT	L	CTG	L	605
NC_045512.2	15283	A	C	2970	2445	38	2	2	31	0.000672948	2972	0.687689	FALSE	ORF1ab:cds-YP_009724389.1	ATG	M	CTG	L	606
NC_045512.2	15284	T	G	3092	2598	39	1	1	25	0.000323311	3093	1	FALSE	ORF1ab:cds-YP_009724389.1	ATG	M	AGG	R	606
NC_045512.2	15286	G	T	3092	2604	39	1	1	37	0.000323311	3093	0.937601	FALSE	ORF1ab:cds-YP_009724389.1	GGT	G	TGT	C	607
NC_045512.2	15288	T	C	2714	2257	39	2	1	31	0.000736377	2716	0.687707	FALSE	ORF1ab:cds-YP_009724389.1	GGT	G	GGC	G	607
NC_045512.2	15292	G	T	2798	2359	40	1	1	25	0.00035727	2799	1	FALSE	ORF1ab:cds-YP_009724389.1	GAT	D	TAT	Y	609
NC_045512.2	15293	A	G	2774	2342	40	1	1	37	0.000360231	2776	0.875068	FALSE	ORF1ab:cds-YP_009724389.1	GAT	D	GGT	G	609
NC_045512.2	15293	A	C	2774	2342	40	1	0	37	0.000360231	2776	0.875068	FALSE	ORF1ab:cds-YP_009724389.1	GAT	D	GCT	A	609
NC_045512.2	15296	A	G	2673	2279	39	1	1	37	0.000373972	2674	0.87514	FALSE	ORF1ab:cds-YP_009724389.1	TAT	Y	TGT	C	610
NC_045512.2	15297	T	C	2653	2265	39	1	1	37	0.00037679	2654	0.875141	FALSE	ORF1ab:cds-YP_009724389.1	TAT	Y	TAC	Y	610
NC_045512.2	15303	A	C	2508	2182	39	2	2	25	0.000796813	2510	1	FALSE	ORF1ab:cds-YP_009724389.1	AAA	K	AAC	N	612
NC_045512.2	15305	G	A	2591	2267	39	1	1	37	0.000385802	2592	0.875145	FALSE	ORF1ab:cds-YP_009724389.1	TGT	C	TAT	Y	613
NC_045512.2	15309	T	G	2335	2006	38	1	1	25	0.000427899	2337	1	FALSE	ORF1ab:cds-YP_009724389.1	GAT	D	GAG	E	614
NC_045512.2	15309	T	C	2335	2006	38	1	1	37	0.000427899	2337	0.87508	FALSE	ORF1ab:cds-YP_009724389.1	GAT	D	GAC	D	614
NC_045512.2	15312	A	G	2396	2074	39	1	1	37	0.000417188	2397	0.875156	FALSE	ORF1ab:cds-YP_009724389.1	AGA	R	AGG	R	615
NC_045512.2	15313	G	C	2387	2064	39	1	1	37	0.000418235	2391	0.874921	FALSE	ORF1ab:cds-YP_009724389.1	GCC	A	CCC	P	616
NC_045512.2	15313	G	A	2387	2064	39	3	3	61	0.00125471	2391	0.124922	FALSE	ORF1ab:cds-YP_009724389.1	GCC	A	ACC	T	616
NC_045512.2	15314	C	T	2427	2111	40	4	3	43	0.00164541	2431	0.0624743	FALSE	ORF1ab:cds-YP_009724389.1	GCC	A	GTC	V	616
NC_045512.2	15315	C	A	2400	2103	40	2	2	37	0.000832639	2402	0.687734	FALSE	ORF1ab:cds-YP_009724389.1	GCC	A	GCA	A	616
NC_045512.2	15321	T	G	2236	1995	38	1	1	29	0.000447027	2237	1	FALSE	ORF1ab:cds-YP_009724389.1	CCT	P	CCG	P	618
NC_045512.2	15323	A	G	2186	1969	38	1	0	36	0.000457247	2187	0.875171	FALSE	ORF1ab:cds-YP_009724389.1	AAC	N	AGC	S	619
NC_045512.2	15335	T	C	2066	1886	38	1	1	37	0.000483793	2067	0.875181	FALSE	ORF1ab:cds-YP_009724389.1	ATT	I	ACT	T	623
NC_045512.2	15336	T	C	1975	1792	38	1	1	37	0.000506073	1976	0.75019	FALSE	ORF1ab:cds-YP_009724389.1	ATT	I	ATC	I	623
NC_045512.2	15340	G	A	1926	1745	38	2	2	37	0.00103734	1928	0.500195	FALSE	ORF1ab:cds-YP_009724389.1	GCC	A	ACC	T	625
NC_045512.2	15341	C	T	1833	1653	38	1	1	37	0.000545256	1834	0.750205	FALSE	ORF1ab:cds-YP_009724389.1	GCC	A	GTC	V	625
NC_045512.2	15343	T	G	1744	1563	38	1	1	25	0.000573066	1745	0.999996	FALSE	ORF1ab:cds-YP_009724389.1	TCA	S	GCA	A	626
NC_045512.2	15347	T	G	1750	1604	38	1	1	37	0.000571102	1751	0.750214	FALSE	ORF1ab:cds-YP_009724389.1	CTT	L	CGT	R	627
NC_045512.2	15347	T	+C	1750	1604	38	1	0	20	0.000571102	1751	0.999996	FALSE	NA	NA	NA	NA	NA	NA
NC_045512.2	15348	T	C	1731	1576	38	2	2	37	0.00115407	1733	0.500217	FALSE	ORF1ab:cds-YP_009724389.1	CTT	L	CTC	L	627
NC_045512.2	15349	G	T	1745	1591	38	1	1	37	0.000572738	1746	0.750215	FALSE	ORF1ab:cds-YP_009724389.1	GTT	V	TTT	F	628
NC_045512.2	15350	T	C	1698	1549	38	1	1	37	0.000588582	1699	0.750221	FALSE	ORF1ab:cds-YP_009724389.1	GTT	V	GCT	A	628
NC_045512.2	15351	T	C	1663	1513	37	1	1	37	0.000600962	1664	0.750225	FALSE	ORF1ab:cds-YP_009724389.1	GTT	V	GTC	V	628
NC_045512.2	15352	C	-T	1711	1570	38	1	0	20	0.000584454	1711	0.999996	FALSE	NA	NA	NA	NA	NA	NA
NC_045512.2	15355	G	A	1506	1392	37	2	1	37	0.00132626	1508	0.500249	FALSE	ORF1ab:cds-YP_009724389.1	GCT	A	ACT	T	630
NC_045512.2	15356	C	T	1504	1389	37	1	1	37	0.000664452	1505	0.750249	FALSE	ORF1ab:cds-YP_009724389.1	GCT	A	GTT	V	630
NC_045512.2	15357	T	A	1464	1349	37	1	1	37	0.000682594	1465	0.750256	FALSE	ORF1ab:cds-YP_009724389.1	GCT	A	GCA	A	630
NC_045512.2	15358	C	T	1467	1353	37	1	1	25	0.000680735	1469	0.999971	FALSE	ORF1ab:cds-YP_009724389.1	CGC	R	TGC	C	631
NC_045512.2	15358	C	A	1467	1353	37	1	1	37	0.000680735	1469	0.750085	FALSE	ORF1ab:cds-YP_009724389.1	CGC	R	AGC	S	631
NC_045512.2	15359	G	A	1454	1341	37	2	2	37	0.00137363	1456	0.500258	FALSE	ORF1ab:cds-YP_009724389.1	CGC	R	CAC	H	631
NC_045512.2	15364	C	G	1464	1355	37	1	1	25	0.000682594	1465	0.999971	FALSE	ORF1ab:cds-YP_009724389.1	CAT	H	GAT	D	633
NC_045512.2	15367	A	C	1377	1276	37	1	0	25	0.000725689	1378	0.999941	FALSE	ORF1ab:cds-YP_009724389.1	ACA	T	CCA	P	634
NC_045512.2	15371	C	T	1312	1214	37	4	2	37	0.00303951	1316	0.1875	FALSE	ORF1ab:cds-YP_009724389.1	ACG	T	ATG	M	635
NC_045512.2	15373	T	C	971	897	36	1	0	37	0.00102881	972	0.500257	FALSE	ORF1ab:cds-YP_009724389.1	TGT	C	CGT	R	636
NC_045512.2	15375	T	G	994	921	37	1	0	29	0.00100503	995	0.99905	FALSE	ORF1ab:cds-YP_009724389.1	TGT	C	TGG	W	636
NC_045512.2	15381	C	-T	518	482	36	1	0	20	0.0019305	518	0.984779	FALSE	NA	NA	NA	NA	NA	NA
NC_045512.2	15700	T	C	235	12	36	1	0	37	0.00423729	236	0.501062	FALSE	ORF1ab:cds-YP_009724389.1	TCA	S	CCA	P	745
NC_045512.2	15703	A	G	247	16	37	1	1	37	0.00403226	248	0.50101	FALSE	ORF1ab:cds-YP_009724389.1	ATG	M	GTG	V	746
NC_045512.2	15714	C	T	0	0	0	338	19	36	1	338	2.07944e-202	TRUE	ORF1ab:cds-YP_009724389.1	CTC	L	CTT	L	749
NC_045512.2	15715	T	C	351	19	37	1	0	25	0.00284091	352	0.938387	FALSE	ORF1ab:cds-YP_009724389.1	TCT	S	CCT	P	750
NC_045512.2	15719	A	G	351	20	37	1	0	74	0.00284091	352	0.500711	FALSE	ORF1ab:cds-YP_009724389.1	GAC	D	GGC	G	751
NC_045512.2	15728	T	G	473	33	35	1	0	25	0.0021097	474	0.969243	FALSE	ORF1ab:cds-YP_009724389.1	GTT	V	GGT	G	754
NC_045512.2	15730	G	A	508	29	37	1	0	37	0.00196464	509	0.500492	FALSE	ORF1ab:cds-YP_009724389.1	GTG	V	ATG	M	755
NC_045512.2	15735	T	G	515	31	37	1	0	25	0.00193424	517	0.984602	FALSE	ORF1ab:cds-YP_009724389.1	TGT	C	TGG	W	756
NC_045512.2	15735	T	A	515	31	37	1	0	25	0.00193424	517	0.984602	FALSE	ORF1ab:cds-YP_009724389.1	TGT	C	TGA	*	756
NC_045512.2	15738	C	T	1	0	37	534	31	37	0.998131	535	0	TRUE	ORF1ab:cds-YP_009724389.1	TTC	F	TTT	F	757
NC_045512.2	15741	T	C	539	33	37	1	0	37	0.00185185	540	0.500463	FALSE	ORF1ab:cds-YP_009724389.1	AAT	N	AAC	N	758
NC_045512.2	15742	A	G	550	46	37	1	0	37	0.00181488	551	0.500454	FALSE	ORF1ab:cds-YP_009724389.1	AGC	S	GGC	G	759
NC_045512.2	15743	G	A	557	47	37	1	0	37	0.00179211	558	0.500448	FALSE	ORF1ab:cds-YP_009724389.1	AGC	S	AAC	N	759
NC_045512.2	15748	T	C	623	61	37	1	0	37	0.00160256	624	0.500401	FALSE	ORF1ab:cds-YP_009724389.1	TAT	Y	CAT	H	761
NC_045512.2	15751	G	T	634	62	38	1	1	29	0.0015748	635	0.992359	FALSE	ORF1ab:cds-YP_009724389.1	GCA	A	TCA	S	762
NC_045512.2	15752	C	T	632	63	38	3	0	49	0.00471698	636	0.124704	FALSE	ORF1ab:cds-YP_009724389.1	GCA	A	GTA	V	762
NC_045512.2	15752	C	A	632	63	38	1	0	25	0.00157233	636	0.992231	FALSE	ORF1ab:cds-YP_009724389.1	GCA	A	GAA	E	762
NC_045512.2	15754	T	C	685	79	39	1	0	37	0.00145773	686	0.500365	FALSE	ORF1ab:cds-YP_009724389.1	TCT	S	CCT	P	763
NC_045512.2	15758	A	C	695	83	39	1	1	37	0.00143678	696	0.500359	FALSE	ORF1ab:cds-YP_009724389.1	CAA	Q	CCA	P	764
NC_045512.2	15759	A	G	702	82	39	1	1	37	0.00142248	703	0.500356	FALSE	ORF1ab:cds-YP_009724389.1	CAA	Q	CAG	Q	764
NC_045512.2	15772	A	G	852	112	40	5	0	37	0.00582072	859	0.0309772	FALSE	ORF1ab:cds-YP_009724389.1	AGC	S	GGC	G	769
NC_045512.2	15772	A	C	852	112	40	2	0	37	0.00232829	859	0.248687	FALSE	ORF1ab:cds-YP_009724389.1	AGC	S	CGC	R	769
NC_045512.2	15773	G	A	791	122	39	2	0	37	0.00252207	793	0.250158	FALSE	ORF1ab:cds-YP_009724389.1	AGC	S	AAC	N	769
NC_045512.2	15785	T	A	809	151	39	1	0	25	0.00123457	810	0.998101	FALSE	ORF1ab:cds-YP_009724389.1	TTT	F	TAT	Y	773
NC_045512.2	15794	T	C	778	167	38	1	0	37	0.0012837	779	0.500321	FALSE	ORF1ab:cds-YP_009724389.1	GTT	V	GCT	A	776
NC_045512.2	15798	T	C	814	185	39	1	0	37	0.00122699	815	0.500307	FALSE	ORF1ab:cds-YP_009724389.1	CTT	L	CTC	L	777
NC_045512.2	15800	A	T	846	192	39	1	1	25	0.00118064	847	0.998098	FALSE	ORF1ab:cds-YP_009724389.1	TAT	Y	TTT	F	778
NC_045512.2	15819	T	C	860	276	40	1	0	37	0.00116144	861	0.500291	FALSE	ORF1ab:cds-YP_009724389.1	TTT	F	TTC	F	784
NC_045512.2	15821	T	C	860	279	40	1	0	37	0.00116144	861	0.500291	FALSE	ORF1ab:cds-YP_009724389.1	ATG	M	ACG	T	785
NC_045512.2	15822	G	T	839	281	40	1	1	37	0.00119048	840	0.500298	FALSE	ORF1ab:cds-YP_009724389.1	ATG	M	ATT	I	785
NC_045512.2	15828	A	G	740	288	39	2	2	37	0.00269542	742	0.250169	FALSE	ORF1ab:cds-YP_009724389.1	GAA	E	GAG	E	787
NC_045512.2	15833	A	T	767	313	39	1	1	25	0.00130208	768	0.996185	FALSE	ORF1ab:cds-YP_009724389.1	AAA	K	ATA	I	789
NC_045512.2	15836	G	C	853	389	39	1	0	37	0.00117096	854	0.500293	FALSE	ORF1ab:cds-YP_009724389.1	TGT	C	TCT	S	790
NC_045512.2	15839	G	T	841	378	39	1	0	37	0.00118765	842	0.500297	FALSE	ORF1ab:cds-YP_009724389.1	TGG	W	TTG	L	791
NC_045512.2	15840	G	T	885	414	40	1	1	25	0.00112867	886	0.998096	FALSE	ORF1ab:cds-YP_009724389.1	TGG	W	TGT	C	791
NC_045512.2	15844	G	A	883	407	41	1	0	74	0.00113122	884	0.500283	FALSE	ORF1ab:cds-YP_009724389.1	GAG	E	AAG	K	793
NC_045512.2	15845	A	G	874	417	40	1	0	37	0.00114286	875	0.500286	FALSE	ORF1ab:cds-YP_009724389.1	GAG	E	GGG	G	793
NC_045512.2	15851	A	T	882	422	39	1	0	25	0.0011325	883	0.998096	FALSE	ORF1ab:cds-YP_009724389.1	GAC	D	GTC	V	795
NC_045512.2	15854	T	C	857	400	39	2	2	37	0.00232829	859	0.250146	FALSE	ORF1ab:cds-YP_009724389.1	CTT	L	CCT	P	796
NC_045512.2	15856	A	G	865	424	39	1	1	37	0.00115473	866	0.500289	FALSE	ORF1ab:cds-YP_009724389.1	ACT	T	GCT	A	797
NC_045512.2	15859	A	C	853	419	38	1	0	25	0.00117096	854	0.998098	FALSE	ORF1ab:cds-YP_009724389.1	AAA	K	CAA	Q	798
NC_045512.2	15861	A	C	815	401	38	1	1	25	0.00122549	816	0.9981	FALSE	ORF1ab:cds-YP_009724389.1	AAA	K	AAC	N	798
NC_045512.2	15863	G	A	772	421	38	1	1	37	0.00129366	773	0.500324	FALSE	ORF1ab:cds-YP_009724389.1	GGA	G	GAA	E	799
NC_045512.2	15867	T	C	758	414	37	2	0	37	0.00263158	760	0.250165	FALSE	ORF1ab:cds-YP_009724389.1	CCT	P	CCC	P	800
NC_045512.2	15878	G	A	769	453	38	1	0	37	0.0012987	770	0.500325	FALSE	ORF1ab:cds-YP_009724389.1	TGC	C	TAC	Y	804
NC_045512.2	15879	C	T	770	458	38	2	1	37	0.00259067	772	0.250162	FALSE	ORF1ab:cds-YP_009724389.1	TGC	C	TGT	C	804
NC_045512.2	15880	T	C	762	448	38	1	0	37	0.00131062	763	0.500328	FALSE	ORF1ab:cds-YP_009724389.1	TCT	S	CCT	P	805
NC_045512.2	15897	A	G	711	447	37	1	0	37	0.00140449	712	0.500351	FALSE	ORF1ab:cds-YP_009724389.1	CTA	L	CTG	L	810
NC_045512.2	15900	T	C	755	480	38	1	0	37	0.00132275	756	0.500331	FALSE	ORF1ab:cds-YP_009724389.1	GTT	V	GTC	V	811
NC_045512.2	15903	A	C	749	491	38	1	1	25	0.00133333	750	0.996187	FALSE	ORF1ab:cds-YP_009724389.1	AAA	K	AAC	N	812
NC_045512.2	15905	A	T	748	491	38	1	1	37	0.00133333	750	0.5	FALSE	ORF1ab:cds-YP_009724389.1	CAG	Q	CTG	L	813
NC_045512.2	15905	A	G	748	491	38	1	1	37	0.00133333	750	0.5	FALSE	ORF1ab:cds-YP_009724389.1	CAG	Q	CGG	R	813
NC_045512.2	15911	A	G	784	526	39	2	1	49	0.00254453	786	0.250159	FALSE	ORF1ab:cds-YP_009724389.1	GAT	D	GGT	G	815
NC_045512.2	15917	A	G	758	508	39	1	1	37	0.00131752	759	0.50033	FALSE	ORF1ab:cds-YP_009724389.1	TAT	Y	TGT	C	817
NC_045512.2	15922	T	G	777	543	40	2	2	27	0.00256739	779	0.980829	FALSE	ORF1ab:cds-YP_009724389.1	TAC	Y	GAC	D	819
NC_045512.2	15926	T	C	769	540	39	1	1	37	0.0012987	770	0.500325	FALSE	ORF1ab:cds-YP_009724389.1	CTT	L	CCT	P	820
NC_045512.2	15928	C	A	846	614	41	1	0	25	0.00118064	847	0.998098	FALSE	ORF1ab:cds-YP_009724389.1	CCT	P	ACT	T	821
NC_045512.2	15931	T	G	761	535	39	1	1	25	0.00131062	763	0.996165	FALSE	ORF1ab:cds-YP_009724389.1	TAC	Y	GAC	D	822
NC_045512.2	15931	T	C	761	535	39	1	0	37	0.00131062	763	0.5	FALSE	ORF1ab:cds-YP_009724389.1	TAC	Y	CAC	H	822
NC_045512.2	15932	A	G	799	569	40	1	0	37	0.00125	800	0.500313	FALSE	ORF1ab:cds-YP_009724389.1	TAC	Y	TGC	C	822
NC_045512.2	15939	T	C	0	0	0	796	611	41	1	796	0	TRUE	ORF1ab:cds-YP_009724389.1	GAT	D	GAC	D	824
NC_045512.2	15945	A	C	799	670	42	1	1	25	0.00125	800	0.998091	FALSE	ORF1ab:cds-YP_009724389.1	TCA	S	TCC	S	826
NC_045512.2	15948	A	G	763	653	41	1	1	37	0.0013089	764	0.500327	FALSE	ORF1ab:cds-YP_009724389.1	AGA	R	AGG	R	827
NC_045512.2	15953	T	G	738	633	40	1	1	37	0.00135318	739	0.500339	FALSE	ORF1ab:cds-YP_009724389.1	CTA	L	CGA	R	829
NC_045512.2	15957	G	C	758	670	39	1	0	37	0.00131752	759	0.50033	FALSE	ORF1ab:cds-YP_009724389.1	GGG	G	GGC	G	830
NC_045512.2	15959	C	T	752	675	39	1	1	37	0.00132626	754	0.5	FALSE	ORF1ab:cds-YP_009724389.1	GCC	A	GTC	V	831
NC_045512.2	15959	C	G	752	675	39	1	1	25	0.00132626	754	0.996166	FALSE	ORF1ab:cds-YP_009724389.1	GCC	A	GGC	G	831
NC_045512.2	15961	G	A	747	670	39	2	2	37	0.00267023	749	0.250167	FALSE	ORF1ab:cds-YP_009724389.1	GGC	G	AGC	S	832
NC_045512.2	15962	G	A	742	664	39	1	1	37	0.0013459	743	0.500337	FALSE	ORF1ab:cds-YP_009724389.1	GGC	G	GAC	D	832
NC_045512.2	15963	C	T	743	666	39	1	0	37	0.00134409	744	0.500336	FALSE	ORF1ab:cds-YP_009724389.1	GGC	G	GGT	G	832
NC_045512.2	15964	T	C	715	639	39	1	1	25	0.00139665	716	0.996191	FALSE	ORF1ab:cds-YP_009724389.1	TGT	C	CGT	R	833
NC_045512.2	15980	T	C	627	558	38	1	1	37	0.00159236	628	0.500398	FALSE	ORF1ab:cds-YP_009724389.1	ATC	I	ACC	T	838
NC_045512.2	16002	T	G	544	513	38	1	1	25	0.00183486	545	0.984675	FALSE	ORF1ab:cds-YP_009724389.1	CTT	L	CTG	L	845
NC_045512.2	16012	C	T	440	419	37	1	0	37	0.00226757	441	0.500568	FALSE	ORF1ab:cds-YP_009724389.1	CGG	R	TGG	W	849
NC_045512.2	16021	T	A	367	354	37	1	1	37	0.00271739	368	0.50068	FALSE	ORF1ab:cds-YP_009724389.1	TCT	S	ACT	T	852
NC_045512.2	16023	T	G	8698	423	35	1	0	25	0.000114943	8700	1	FALSE	ORF1ab:cds-YP_009724389.1	TCT	S	TCG	S	852
NC_045512.2	16023	T	C	8698	423	35	1	0	37	0.000114943	8700	0.998051	FALSE	ORF1ab:cds-YP_009724389.1	TCT	S	TCC	S	852
NC_045512.2	16024	T	C	8813	426	35	2	0	37	0.000226886	8815	0.98928	FALSE	ORF1ab:cds-YP_009724389.1	TTA	L	CTA	L	853
NC_045512.2	16025	T	C	8810	179	36	2	0	37	0.000226937	8813	0.989275	FALSE	ORF1ab:cds-YP_009724389.1	TTA	L	TCA	S	853
NC_045512.2	16025	T	A	8810	179	36	1	0	37	0.000113469	8813	0.99805	FALSE	ORF1ab:cds-YP_009724389.1	TTA	L	TAA	*	853
NC_045512.2	16026	A	T	9034	188	36	1	0	37	0.000110619	9040	0.999024	FALSE	ORF1ab:cds-YP_009724389.1	TTA	L	TTT	F	853
NC_045512.2	16026	A	G	9034	188	36	2	0	37	0.000221239	9040	0.994144	FALSE	ORF1ab:cds-YP_009724389.1	TTA	L	TTG	L	853
NC_045512.2	16026	A	C	9034	188	36	3	0	29	0.000331858	9040	1	FALSE	ORF1ab:cds-YP_009724389.1	TTA	L	TTC	F	853
NC_045512.2	16027	G	A	9643	193	36	1	0	37	0.000103691	9644	0.999026	FALSE	ORF1ab:cds-YP_009724389.1	GCT	A	ACT	T	854
NC_045512.2	16028	C	T	9957	204	36	2	0	37	0.000200803	9960	0.994151	FALSE	ORF1ab:cds-YP_009724389.1	GCT	A	GTT	V	854
NC_045512.2	16028	C	A	9957	204	36	1	0	37	0.000100402	9960	0.999025	FALSE	ORF1ab:cds-YP_009724389.1	GCT	A	GAT	D	854
NC_045512.2	16029	T	G	10008	236	36	1	0	25	9.98901e-05	10011	1	FALSE	ORF1ab:cds-YP_009724389.1	GCT	A	GCG	A	854
NC_045512.2	16029	T	C	10008	236	36	2	0	37	0.00019978	10011	0.996833	FALSE	ORF1ab:cds-YP_009724389.1	GCT	A	GCC	A	854
NC_045512.2	16030	A	T	10412	282	36	2	0	37	0.000191975	10418	0.996828	FALSE	ORF1ab:cds-YP_009724389.1	ATA	I	TTA	L	855
NC_045512.2	16030	A	G	10412	282	36	4	0	34	0.000383951	10418	0.971343	FALSE	ORF1ab:cds-YP_009724389.1	ATA	I	GTA	V	855
NC_045512.2	16032	A	G	10588	289	36	3	0	33	0.000283259	10591	0.988794	FALSE	ORF1ab:cds-YP_009724389.1	ATA	I	ATG	M	855
NC_045512.2	16033	G	T	10548	290	36	1	0	37	9.47957e-05	10549	0.999513	FALSE	ORF1ab:cds-YP_009724389.1	GAT	D	TAT	Y	856
NC_045512.2	16034	A	G	10775	299	36	2	0	37	0.000185546	10779	0.996831	FALSE	ORF1ab:cds-YP_009724389.1	GAT	D	GGT	G	856
NC_045512.2	16034	A	C	10775	299	36	2	2	27	0.000185546	10779	1	FALSE	ORF1ab:cds-YP_009724389.1	GAT	D	GCT	A	856
NC_045512.2	16035	T	C	11881	305	36	2	0	37	0.000168308	11883	0.998296	FALSE	ORF1ab:cds-YP_009724389.1	GAT	D	GAC	D	856
NC_045512.2	16036	G	C	12179	309	36	1	0	37	8.20345e-05	12190	0.999878	FALSE	ORF1ab:cds-YP_009724389.1	GCT	A	CCT	P	857
NC_045512.2	16036	G	A	12179	309	36	10	0	37	0.000820345	12190	0.738361	FALSE	ORF1ab:cds-YP_009724389.1	GCT	A	ACT	T	857
NC_045512.2	16037	C	T	12268	440	36	8	0	37	0.000651572	12278	0.868471	FALSE	ORF1ab:cds-YP_009724389.1	GCT	A	GTT	V	857
NC_045512.2	16037	C	A	12268	440	36	2	0	31	0.000162893	12278	0.999084	FALSE	ORF1ab:cds-YP_009724389.1	GCT	A	GAT	D	857
NC_045512.2	16037	C	-T	12268	440	36	3	0	20	0.000244339	12278	1	FALSE	NA	NA	NA	NA	NA	NA
NC_045512.2	16038	T	G	12361	432	36	2	0	25	0.000161747	12365	1	FALSE	ORF1ab:cds-YP_009724389.1	GCT	A	GCG	A	857
NC_045512.2	16038	T	C	12361	432	36	2	0	37	0.000161747	12365	0.999085	FALSE	ORF1ab:cds-YP_009724389.1	GCT	A	GCC	A	857
NC_045512.2	16039	T	C	12613	447	37	1	0	37	7.9277e-05	12614	0.999878	FALSE	ORF1ab:cds-YP_009724389.1	TAC	Y	CAC	H	858
NC_045512.2	16039	T	-A	12613	447	37	1	0	20	7.9277e-05	12614	1	FALSE	NA	NA	NA	NA	NA	NA
NC_045512.2	16040	A	T	12662	466	37	1	0	37	7.89702e-05	12663	0.999878	FALSE	ORF1ab:cds-YP_009724389.1	TAC	Y	TTC	F	858
NC_045512.2	16040	A	-C	12662	466	37	1	0	20	7.8964e-05	12664	1	FALSE	NA	NA	NA	NA	NA	NA
NC_045512.2	16041	C	T	12870	465	36	4	0	37	0.000310583	12879	0.989362	FALSE	ORF1ab:cds-YP_009724389.1	TAC	Y	TAT	Y	858
NC_045512.2	16041	C	G	12870	465	36	1	0	25	7.76458e-05	12879	1	FALSE	ORF1ab:cds-YP_009724389.1	TAC	Y	TAG	*	858
NC_045512.2	16041	C	A	12870	465	36	4	0	31	0.000310583	12879	0.989362	FALSE	ORF1ab:cds-YP_009724389.1	TAC	Y	TAA	*	858
NC_045512.2	16042	C	T	12817	527	36	4	0	34	0.000311964	12822	0.989384	FALSE	ORF1ab:cds-YP_009724389.1	CCA	P	TCA	S	859
NC_045512.2	16042	C	A	12817	527	36	1	0	37	7.7991e-05	12822	0.999878	FALSE	ORF1ab:cds-YP_009724389.1	CCA	P	ACA	T	859
NC_045512.2	16043	C	A	13043	574	37	2	0	25	0.000153315	13045	1	FALSE	ORF1ab:cds-YP_009724389.1	CCA	P	CAA	Q	859
NC_045512.2	16044	A	T	13053	666	37	2	0	37	0.000153139	13060	0.999512	FALSE	ORF1ab:cds-YP_009724389.1	CCA	P	CCT	P	859
NC_045512.2	16044	A	G	13053	666	37	2	1	37	0.000153139	13060	0.999512	FALSE	ORF1ab:cds-YP_009724389.1	CCA	P	CCG	P	859
NC_045512.2	16044	A	C	13053	666	37	3	1	26	0.000229709	13060	1	FALSE	ORF1ab:cds-YP_009724389.1	CCA	P	CCC	P	859
NC_045512.2	16045	C	T	13312	682	37	3	0	37	0.000225293	13316	0.997915	FALSE	ORF1ab:cds-YP_009724389.1	CTT	L	TTT	F	860
NC_045512.2	16045	C	A	13312	682	37	1	0	25	7.50976e-05	13316	1	FALSE	ORF1ab:cds-YP_009724389.1	CTT	L	ATT	I	860
NC_045512.2	16046	T	G	12938	670	36	5	1	25	0.00038625	12945	1	FALSE	ORF1ab:cds-YP_009724389.1	CTT	L	CGT	R	860
NC_045512.2	16046	T	A	12938	670	36	2	0	37	0.0001545	12945	0.999085	FALSE	ORF1ab:cds-YP_009724389.1	CTT	L	CAT	H	860
NC_045512.2	16047	T	G	13271	670	37	2	0	31	0.000150659	13275	0.999513	FALSE	ORF1ab:cds-YP_009724389.1	CTT	L	CTG	L	860
NC_045512.2	16047	T	C	13271	670	37	2	0	31	0.000150659	13275	0.999513	FALSE	ORF1ab:cds-YP_009724389.1	CTT	L	CTC	L	860
NC_045512.2	16048	A	T	13664	683	37	1	0	37	7.31636e-05	13668	0.999939	FALSE	ORF1ab:cds-YP_009724389.1	ACT	T	TCT	S	861
NC_045512.2	16048	A	G	13664	683	37	2	0	37	0.000146327	13668	0.999513	FALSE	ORF1ab:cds-YP_009724389.1	ACT	T	GCT	A	861
NC_045512.2	16048	A	C	13664	683	37	1	0	25	7.31636e-05	13668	1	FALSE	ORF1ab:cds-YP_009724389.1	ACT	T	CCT	P	861
NC_045512.2	16050	T	C	13971	723	37	4	0	34	0.000286184	13977	0.993647	FALSE	ORF1ab:cds-YP_009724389.1	ACT	T	ACC	T	861
NC_045512.2	16050	T	A	13971	723	37	2	0	31	0.000143092	13977	0.999512	FALSE	ORF1ab:cds-YP_009724389.1	ACT	T	ACA	T	861
NC_045512.2	16050	T	-A	13971	723	37	1	0	20	7.15461e-05	13977	1	FALSE	NA	NA	NA	NA	NA	NA
NC_045512.2	16051	A	G	14186	925	38	1	0	25	7.04871e-05	14187	1	FALSE	ORF1ab:cds-YP_009724389.1	AAA	K	GAA	E	862
NC_045512.2	16052	A	T	14163	906	38	1	0	25	7.05866e-05	14167	1	FALSE	ORF1ab:cds-YP_009724389.1	AAA	K	ATA	I	862
NC_045512.2	16052	A	C	14163	906	38	3	3	27	0.00021176	14167	1	FALSE	ORF1ab:cds-YP_009724389.1	AAA	K	ACA	T	862
NC_045512.2	16053	A	G	14058	925	38	1	0	37	7.11187e-05	14061	0.99997	FALSE	ORF1ab:cds-YP_009724389.1	AAA	K	AAG	K	862
NC_045512.2	16053	A	C	14058	925	38	2	2	25	0.000142237	14061	1	FALSE	ORF1ab:cds-YP_009724389.1	AAA	K	AAC	N	862
NC_045512.2	16054	C	T	14257	1140	38	1	0	37	7.01262e-05	14260	0.99997	FALSE	ORF1ab:cds-YP_009724389.1	CAT	H	TAT	Y	863
NC_045512.2	16054	C	G	14257	1140	38	1	1	37	7.01262e-05	14260	0.99997	FALSE	ORF1ab:cds-YP_009724389.1	CAT	H	GAT	D	863
NC_045512.2	16054	C	A	14257	1140	38	1	0	25	7.01262e-05	14260	1	FALSE	ORF1ab:cds-YP_009724389.1	CAT	H	AAT	N	863
NC_045512.2	16055	A	C	14413	1070	38	5	5	29	0.000346789	14418	1	FALSE	ORF1ab:cds-YP_009724389.1	CAT	H	CCT	P	863
NC_045512.2	16056	T	G	14800	1179	38	1	1	29	6.75539e-05	14803	1	FALSE	ORF1ab:cds-YP_009724389.1	CAT	H	CAG	Q	863
NC_045512.2	16056	T	C	14800	1179	38	2	0	37	0.000135108	14803	0.999741	FALSE	ORF1ab:cds-YP_009724389.1	CAT	H	CAC	H	863
NC_045512.2	16057	C	T	14818	1224	38	1	0	37	6.74718e-05	14821	0.99997	FALSE	ORF1ab:cds-YP_009724389.1	CCT	P	TCT	S	864
NC_045512.2	16057	C	A	14818	1224	38	2	0	31	0.000134944	14821	0.999741	FALSE	ORF1ab:cds-YP_009724389.1	CCT	P	ACT	T	864
NC_045512.2	16058	C	A	14895	1237	38	2	1	31	0.000134255	14897	0.999742	FALSE	ORF1ab:cds-YP_009724389.1	CCT	P	CAT	H	864
NC_045512.2	16059	T	G	15170	1552	39	28	28	37	0.00184198	15201	0.0328701	FALSE	ORF1ab:cds-YP_009724389.1	CCT	P	CCG	P	864
NC_045512.2	16059	T	C	15170	1552	39	3	0	37	0.000197355	15201	0.999338	FALSE	ORF1ab:cds-YP_009724389.1	CCT	P	CCC	P	864
NC_045512.2	16059	T	-A	15170	1552	39	1	0	20	6.57851e-05	15201	1	FALSE	NA	NA	NA	NA	NA	NA
NC_045512.2	16060	A	T	17787	1705	39	1	0	37	5.62145e-05	17789	0.999996	FALSE	ORF1ab:cds-YP_009724389.1	AAT	N	TAT	Y	865
NC_045512.2	16060	A	C	17787	1705	39	1	1	29	5.62145e-05	17789	1	FALSE	ORF1ab:cds-YP_009724389.1	AAT	N	CAT	H	865
NC_045512.2	16062	T	C	18162	1779	39	1	0	37	5.50479e-05	18166	0.999998	FALSE	ORF1ab:cds-YP_009724389.1	AAT	N	AAC	N	865
NC_045512.2	16062	T	A	18162	1779	39	3	0	25	0.000165144	18166	1	FALSE	ORF1ab:cds-YP_009724389.1	AAT	N	AAA	K	865
NC_045512.2	16063	C	T	18299	1815	39	3	1	33	0.000163899	18304	0.99989	FALSE	ORF1ab:cds-YP_009724389.1	CAG	Q	TAG	*	866
NC_045512.2	16063	C	A	18299	1815	39	2	1	55	0.000109266	18304	0.249966	FALSE	ORF1ab:cds-YP_009724389.1	CAG	Q	AAG	K	866
NC_045512.2	16063	C	-A	18299	1815	39	1	0	20	5.46329e-05	18304	1	FALSE	NA	NA	NA	NA	NA	NA
NC_045512.2	16064	A	T	17980	1734	38	1	0	25	5.55957e-05	17987	1	FALSE	ORF1ab:cds-YP_009724389.1	CAG	Q	CTG	L	866
NC_045512.2	16064	A	G	17980	1734	38	3	0	37	0.000166787	17987	0.999799	FALSE	ORF1ab:cds-YP_009724389.1	CAG	Q	CGG	R	866
NC_045512.2	16064	A	C	17980	1734	38	3	2	30	0.000166787	17987	0.999799	FALSE	ORF1ab:cds-YP_009724389.1	CAG	Q	CCG	P	866
NC_045512.2	16065	G	T	20431	1803	38	3	0	37	0.0001468	20436	0.999967	FALSE	ORF1ab:cds-YP_009724389.1	CAG	Q	CAT	H	866
NC_045512.2	16065	G	A	20431	1803	38	2	0	37	9.78665e-05	20436	0.999995	FALSE	ORF1ab:cds-YP_009724389.1	CAG	Q	CAA	Q	866
NC_045512.2	16066	G	T	20491	1877	39	3	1	33	0.000146377	20495	0.999967	FALSE	ORF1ab:cds-YP_009724389.1	GAG	E	TAG	*	867
NC_045512.2	16066	G	C	20491	1877	39	1	0	37	4.87924e-05	20495	1	FALSE	ORF1ab:cds-YP_009724389.1	GAG	E	CAG	Q	867
NC_045512.2	16067	A	T	20326	1899	39	1	0	37	4.91884e-05	20330	1	FALSE	ORF1ab:cds-YP_009724389.1	GAG	E	GTG	V	867
NC_045512.2	16067	A	G	20326	1899	39	2	0	37	9.83768e-05	20330	0.999995	FALSE	ORF1ab:cds-YP_009724389.1	GAG	E	GGG	G	867
NC_045512.2	16067	A	C	20326	1899	39	1	0	25	4.91884e-05	20330	1	FALSE	ORF1ab:cds-YP_009724389.1	GAG	E	GCG	A	867
NC_045512.2	16068	G	T	20775	1899	39	1	0	37	4.81255e-05	20779	1	FALSE	ORF1ab:cds-YP_009724389.1	GAG	E	GAT	D	867
NC_045512.2	16068	G	A	20775	1899	39	3	0	37	0.000144377	20779	0.999967	FALSE	ORF1ab:cds-YP_009724389.1	GAG	E	GAA	E	867
NC_045512.2	16069	T	G	20476	1932	39	1	0	25	4.88353e-05	20477	1	FALSE	ORF1ab:cds-YP_009724389.1	TAT	Y	GAT	D	868
NC_045512.2	16070	A	G	20658	1933	38	8	2	37	0.000387091	20667	0.993744	FALSE	ORF1ab:cds-YP_009724389.1	TAT	Y	TGT	C	868
NC_045512.2	16070	A	C	20658	1933	38	1	0	25	4.83863e-05	20667	1	FALSE	ORF1ab:cds-YP_009724389.1	TAT	Y	TCT	S	868
NC_045512.2	16071	T	G	20963	1930	38	5	0	25	0.000238436	20970	1	FALSE	ORF1ab:cds-YP_009724389.1	TAT	Y	TAG	*	868
NC_045512.2	16071	T	C	20963	1930	38	1	0	37	4.76872e-05	20970	1	FALSE	ORF1ab:cds-YP_009724389.1	TAT	Y	TAC	Y	868
NC_045512.2	16071	T	A	20963	1930	38	1	0	37	4.76872e-05	20970	1	FALSE	ORF1ab:cds-YP_009724389.1	TAT	Y	TAA	*	868
NC_045512.2	16072	G	T	21856	1939	39	1	0	37	4.57331e-05	21866	1	FALSE	ORF1ab:cds-YP_009724389.1	GCT	A	TCT	S	869
NC_045512.2	16072	G	A	21856	1939	39	9	0	42	0.000411598	21866	0.0326983	FALSE	ORF1ab:cds-YP_009724389.1	GCT	A	ACT	T	869
NC_045512.2	16073	C	T	21698	2015	39	24	2	39	0.00110477	21724	0.382877	FALSE	ORF1ab:cds-YP_009724389.1	GCT	A	GTT	V	869
NC_045512.2	16073	C	A	21698	2015	39	2	1	37	9.20641e-05	21724	0.999997	FALSE	ORF1ab:cds-YP_009724389.1	GCT	A	GAT	D	869
NC_045512.2	16073	C	-TG	21698	2015	39	1	0	20	4.6032e-05	21724	1	FALSE	NA	NA	NA	NA	NA	NA
NC_045512.2	16074	T	G	21744	2015	39	2	0	25	9.19583e-05	21749	1	FALSE	ORF1ab:cds-YP_009724389.1	GCT	A	GCG	A	869
NC_045512.2	16074	T	C	21744	2015	39	2	0	37	9.19583e-05	21749	0.999997	FALSE	ORF1ab:cds-YP_009724389.1	GCT	A	GCC	A	869
NC_045512.2	16074	T	A	21744	2015	39	1	0	25	4.59791e-05	21749	1	FALSE	ORF1ab:cds-YP_009724389.1	GCT	A	GCA	A	869
NC_045512.2	16074	T	-G	21744	2015	39	1	0	20	4.5977e-05	21750	1	FALSE	NA	NA	NA	NA	NA	NA
NC_045512.2	16075	G	T	22097	2205	39	1	0	37	4.52407e-05	22104	1	FALSE	ORF1ab:cds-YP_009724389.1	GAT	D	TAT	Y	870
NC_045512.2	16075	G	A	22097	2205	39	6	2	37	0.000271444	22104	0.999545	FALSE	ORF1ab:cds-YP_009724389.1	GAT	D	AAT	N	870
NC_045512.2	16076	A	T	22013	2200	39	1	0	37	4.54174e-05	22018	1	FALSE	ORF1ab:cds-YP_009724389.1	GAT	D	GTT	V	870
NC_045512.2	16076	A	G	22013	2200	39	2	0	49	9.08348e-05	22018	0.687474	FALSE	ORF1ab:cds-YP_009724389.1	GAT	D	GGT	G	870
NC_045512.2	16076	A	C	22013	2200	39	2	2	31	9.08348e-05	22018	0.999999	FALSE	ORF1ab:cds-YP_009724389.1	GAT	D	GCT	A	870
NC_045512.2	16077	T	C	22192	2225	39	1	0	37	4.50572e-05	22194	1	FALSE	ORF1ab:cds-YP_009724389.1	GAT	D	GAC	D	870
NC_045512.2	16077	T	A	22192	2225	39	1	0	25	4.50572e-05	22194	1	FALSE	ORF1ab:cds-YP_009724389.1	GAT	D	GAA	E	870
NC_045512.2	16078	G	A	22206	2233	39	2	0	37	9.00576e-05	22208	0.999999	FALSE	ORF1ab:cds-YP_009724389.1	GTC	V	ATC	I	871
NC_045512.2	16079	T	C	22149	2106	39	3	0	29	0.000135422	22153	1	FALSE	ORF1ab:cds-YP_009724389.1	GTC	V	GCC	A	871
NC_045512.2	16079	T	A	22149	2106	39	1	0	25	4.51406e-05	22153	1	FALSE	ORF1ab:cds-YP_009724389.1	GTC	V	GAC	D	871
NC_045512.2	16080	C	G	22206	2225	39	2	1	31	9.00576e-05	22208	0.999999	FALSE	ORF1ab:cds-YP_009724389.1	GTC	V	GTG	V	871
NC_045512.2	16080	C	-T	22206	2225	39	1	0	20	4.50288e-05	22208	1	FALSE	NA	NA	NA	NA	NA	NA
NC_045512.2	16081	T	G	22230	2265	39	2	0	31	8.992e-05	22242	0.999999	FALSE	ORF1ab:cds-YP_009724389.1	TTT	F	GTT	V	872
NC_045512.2	16081	T	C	22230	2265	39	5	2	37	0.0002248	22242	0.999845	FALSE	ORF1ab:cds-YP_009724389.1	TTT	F	CTT	L	872
NC_045512.2	16081	T	A	22230	2265	39	5	0	37	0.0002248	22242	0.999845	FALSE	ORF1ab:cds-YP_009724389.1	TTT	F	ATT	I	872
NC_045512.2	16082	T	G	21844	2295	39	2	0	25	9.1529e-05	21851	1	FALSE	ORF1ab:cds-YP_009724389.1	TTT	F	TGT	C	872
NC_045512.2	16082	T	C	21844	2295	39	4	1	46	0.000183058	21851	0.343696	FALSE	ORF1ab:cds-YP_009724389.1	TTT	F	TCT	S	872
NC_045512.2	16082	T	A	21844	2295	39	1	0	37	4.57645e-05	21851	1	FALSE	ORF1ab:cds-YP_009724389.1	TTT	F	TAT	Y	872
NC_045512.2	16083	T	G	22213	2627	40	5	4	34	0.000224992	22223	0.999845	FALSE	ORF1ab:cds-YP_009724389.1	TTT	F	TTG	L	872
NC_045512.2	16083	T	C	22213	2627	40	4	0	34	0.000179994	22223	0.999956	FALSE	ORF1ab:cds-YP_009724389.1	TTT	F	TTC	F	872
NC_045512.2	16083	T	A	22213	2627	40	1	0	37	4.49984e-05	22223	1	FALSE	ORF1ab:cds-YP_009724389.1	TTT	F	TTA	L	872
NC_045512.2	16084	C	T	22987	2693	40	2	0	37	8.69981e-05	22989	0.999999	FALSE	ORF1ab:cds-YP_009724389.1	CAT	H	TAT	Y	873
NC_045512.2	16085	A	T	23026	2682	40	1	0	25	4.34197e-05	23031	1	FALSE	ORF1ab:cds-YP_009724389.1	CAT	H	CTT	L	873
NC_045512.2	16085	A	G	23026	2682	40	4	0	31	0.000173679	23031	0.999975	FALSE	ORF1ab:cds-YP_009724389.1	CAT	H	CGT	R	873
NC_045512.2	16086	T	G	22737	2648	39	5	0	27	0.000219838	22744	1	FALSE	ORF1ab:cds-YP_009724389.1	CAT	H	CAG	Q	873
NC_045512.2	16086	T	C	22737	2648	39	2	1	31	8.79353e-05	22744	0.999999	FALSE	ORF1ab:cds-YP_009724389.1	CAT	H	CAC	H	873
NC_045512.2	16087	T	G	22644	2678	39	3	0	25	0.00013245	22650	1	FALSE	ORF1ab:cds-YP_009724389.1	TTG	L	GTG	V	874
NC_045512.2	16087	T	C	22644	2678	39	1	0	37	4.41501e-05	22650	1	FALSE	ORF1ab:cds-YP_009724389.1	TTG	L	CTG	L	874
NC_045512.2	16087	T	A	22644	2678	39	2	0	31	8.83002e-05	22650	0.999999	FALSE	ORF1ab:cds-YP_009724389.1	TTG	L	ATG	M	874
NC_045512.2	16088	T	G	23277	2703	40	4	3	28	0.000171777	23286	1	FALSE	ORF1ab:cds-YP_009724389.1	TTG	L	TGG	W	874
NC_045512.2	16088	T	C	23277	2703	40	5	0	31	0.000214721	23286	0.99991	FALSE	ORF1ab:cds-YP_009724389.1	TTG	L	TCG	S	874
NC_045512.2	16089	G	T	23255	2787	40	3	0	25	0.000128955	23264	1	FALSE	ORF1ab:cds-YP_009724389.1	TTG	L	TTT	F	874
NC_045512.2	16089	G	C	23255	2787	40	1	0	25	4.29849e-05	23264	1	FALSE	ORF1ab:cds-YP_009724389.1	TTG	L	TTC	F	874
NC_045512.2	16089	G	A	23255	2787	40	5	0	42	0.000214924	23264	0.226492	FALSE	ORF1ab:cds-YP_009724389.1	TTG	L	TTA	L	874
NC_045512.2	16090	T	G	23066	3094	41	2	0	25	8.66927e-05	23070	1	FALSE	ORF1ab:cds-YP_009724389.1	TAC	Y	GAC	D	875
NC_045512.2	16090	T	C	23066	3094	41	2	0	37	8.66927e-05	23070	0.999999	FALSE	ORF1ab:cds-YP_009724389.1	TAC	Y	CAC	H	875
NC_045512.2	16091	A	G	23327	3132	41	3	1	49	0.000128568	23334	0.49994	FALSE	ORF1ab:cds-YP_009724389.1	TAC	Y	TGC	C	875
NC_045512.2	16091	A	C	23327	3132	41	4	1	28	0.000171424	23334	1	FALSE	ORF1ab:cds-YP_009724389.1	TAC	Y	TCC	S	875
NC_045512.2	16092	C	T	23250	3166	41	2	1	49	8.60067e-05	23254	0.687492	FALSE	ORF1ab:cds-YP_009724389.1	TAC	Y	TAT	Y	875
NC_045512.2	16092	C	A	23250	3166	41	2	0	31	8.60067e-05	23254	0.999999	FALSE	ORF1ab:cds-YP_009724389.1	TAC	Y	TAA	*	875
NC_045512.2	16093	T	G	23292	3111	41	5	1	28	0.000214574	23302	1	FALSE	ORF1ab:cds-YP_009724389.1	TTA	L	GTA	V	876
NC_045512.2	16093	T	C	23292	3111	41	3	0	45	0.000128744	23302	0.499879	FALSE	ORF1ab:cds-YP_009724389.1	TTA	L	CTA	L	876
NC_045512.2	16093	T	A	23292	3111	41	2	0	37	8.58295e-05	23302	0.999999	FALSE	ORF1ab:cds-YP_009724389.1	TTA	L	ATA	I	876
NC_045512.2	16094	T	G	23236	3116	40	2	1	25	8.60326e-05	23247	1	FALSE	ORF1ab:cds-YP_009724389.1	TTA	L	TGA	*	876
NC_045512.2	16094	T	C	23236	3116	40	9	2	45	0.000387147	23247	0.0326941	FALSE	ORF1ab:cds-YP_009724389.1	TTA	L	TCA	S	876
NC_045512.2	16095	A	G	23576	3149	41	2	0	31	8.48176e-05	23580	0.999999	FALSE	ORF1ab:cds-YP_009724389.1	TTA	L	TTG	L	876
NC_045512.2	16095	A	C	23576	3149	41	2	1	25	8.48176e-05	23580	1	FALSE	ORF1ab:cds-YP_009724389.1	TTA	L	TTC	F	876
NC_045512.2	16096	C	T	23645	3193	41	3	1	37	0.000126684	23681	0.999995	FALSE	ORF1ab:cds-YP_009724389.1	CAA	Q	TAA	*	877
NC_045512.2	16096	C	A	23645	3193	41	33	3	37	0.00139352	23681	0.114204	FALSE	ORF1ab:cds-YP_009724389.1	CAA	Q	AAA	K	877
NC_045512.2	16097	A	T	23838	3215	41	1	0	25	4.19445e-05	23841	1	FALSE	ORF1ab:cds-YP_009724389.1	CAA	Q	CTA	L	877
NC_045512.2	16097	A	G	23838	3215	41	1	0	37	4.19445e-05	23841	1	FALSE	ORF1ab:cds-YP_009724389.1	CAA	Q	CGA	R	877
NC_045512.2	16097	A	C	23838	3215	41	1	0	25	4.19445e-05	23841	1	FALSE	ORF1ab:cds-YP_009724389.1	CAA	Q	CCA	P	877
NC_045512.2	16098	A	G	24143	3223	41	2	0	55	8.28329e-05	24145	0.250005	FALSE	ORF1ab:cds-YP_009724389.1	CAA	Q	CAG	Q	877
NC_045512.2	16099	T	C	23844	3248	41	2	0	37	8.3868e-05	23847	0.999999	FALSE	ORF1ab:cds-YP_009724389.1	TAC	Y	CAC	H	878
NC_045512.2	16099	T	A	23844	3248	41	1	0	25	4.1934e-05	23847	1	FALSE	ORF1ab:cds-YP_009724389.1	TAC	Y	AAC	N	878
NC_045512.2	16100	A	T	24845	3301	41	2	1	25	8.04894e-05	24848	1	FALSE	ORF1ab:cds-YP_009724389.1	TAC	Y	TTC	F	878
NC_045512.2	16100	A	G	24845	3301	41	1	0	37	4.02447e-05	24848	1	FALSE	ORF1ab:cds-YP_009724389.1	TAC	Y	TGC	C	878
NC_045512.2	16101	C	T	24756	3306	41	6	2	49	0.000242297	24763	0.144511	FALSE	ORF1ab:cds-YP_009724389.1	TAC	Y	TAT	Y	878
NC_045512.2	16101	C	G	24756	3306	41	1	0	37	4.03828e-05	24763	1	FALSE	ORF1ab:cds-YP_009724389.1	TAC	Y	TAG	*	878
NC_045512.2	16102	A	G	24710	3295	41	2	0	37	8.09291e-05	24713	1	FALSE	ORF1ab:cds-YP_009724389.1	ATA	I	GTA	V	879
NC_045512.2	16102	A	C	24710	3295	41	1	0	37	4.04645e-05	24713	1	FALSE	ORF1ab:cds-YP_009724389.1	ATA	I	CTA	L	879
NC_045512.2	16103	T	G	24892	3317	41	1	0	25	4.01639e-05	24898	1	FALSE	ORF1ab:cds-YP_009724389.1	ATA	I	AGA	R	879
NC_045512.2	16103	T	C	24892	3317	41	3	0	33	0.000120492	24898	0.999997	FALSE	ORF1ab:cds-YP_009724389.1	ATA	I	ACA	T	879
NC_045512.2	16103	T	A	24892	3317	41	2	0	55	8.03277e-05	24898	0.249965	FALSE	ORF1ab:cds-YP_009724389.1	ATA	I	AAA	K	879
NC_045512.2	16104	A	G	25192	3385	41	2	0	43	7.9384e-05	25194	0.687522	FALSE	ORF1ab:cds-YP_009724389.1	ATA	I	ATG	M	879
NC_045512.2	16105	A	G	23845	3602	40	5	2	34	0.000209626	23852	0.99991	FALSE	ORF1ab:cds-YP_009724389.1	AGA	R	GGA	G	880
NC_045512.2	16105	A	C	23845	3602	40	2	1	37	8.38504e-05	23852	0.999999	FALSE	ORF1ab:cds-YP_009724389.1	AGA	R	CGA	R	880
NC_045512.2	16106	G	T	23307	3646	40	2	0	31	8.57964e-05	23311	0.999999	FALSE	ORF1ab:cds-YP_009724389.1	AGA	R	ATA	I	880
NC_045512.2	16106	G	A	23307	3646	40	2	0	42	8.57964e-05	23311	0.687492	FALSE	ORF1ab:cds-YP_009724389.1	AGA	R	AAA	K	880
NC_045512.2	16107	A	T	23127	3788	40	2	0	25	8.64641e-05	23131	1	FALSE	ORF1ab:cds-YP_009724389.1	AGA	R	AGT	S	880
NC_045512.2	16107	A	G	23127	3788	40	2	1	37	8.64641e-05	23131	0.999999	FALSE	ORF1ab:cds-YP_009724389.1	AGA	R	AGG	R	880
NC_045512.2	16108	A	T	22863	3782	40	1	1	37	4.37178e-05	22874	1	FALSE	ORF1ab:cds-YP_009724389.1	AAG	K	TAG	*	881
NC_045512.2	16108	A	G	22863	3782	40	6	3	39	0.000262307	22874	0.999545	FALSE	ORF1ab:cds-YP_009724389.1	AAG	K	GAG	E	881
NC_045512.2	16108	A	C	22863	3782	40	4	0	25	0.000174871	22874	1	FALSE	ORF1ab:cds-YP_009724389.1	AAG	K	CAG	Q	881
NC_045512.2	16109	A	T	22893	3870	40	2	1	55	8.73248e-05	22903	0.249918	FALSE	ORF1ab:cds-YP_009724389.1	AAG	K	ATG	M	881
NC_045512.2	16109	A	G	22893	3870	40	5	3	44	0.000218312	22903	0.226473	FALSE	ORF1ab:cds-YP_009724389.1	AAG	K	AGG	R	881
NC_045512.2	16109	A	C	22893	3870	40	3	0	29	0.000130987	22903	1	FALSE	ORF1ab:cds-YP_009724389.1	AAG	K	ACG	T	881
NC_045512.2	16110	G	T	23465	3868	40	2	0	42	8.52115e-05	23471	0.68746	FALSE	ORF1ab:cds-YP_009724389.1	AAG	K	AAT	N	881
NC_045512.2	16110	G	C	23465	3868	40	1	0	37	4.26058e-05	23471	1	FALSE	ORF1ab:cds-YP_009724389.1	AAG	K	AAC	N	881
NC_045512.2	16110	G	A	23465	3868	40	3	0	37	0.000127817	23471	0.999995	FALSE	ORF1ab:cds-YP_009724389.1	AAG	K	AAA	K	881
NC_045512.2	16111	C	T	23249	3893	40	13	1	45	0.000558779	23265	0.00368636	TRUE	ORF1ab:cds-YP_009724389.1	CTA	L	TTA	L	882
NC_045512.2	16111	C	A	23249	3893	40	3	1	41	0.000128949	23265	0.499758	FALSE	ORF1ab:cds-YP_009724389.1	CTA	L	ATA	I	882
NC_045512.2	16112	T	G	23322	3873	40	2	0	25	8.57412e-05	23326	1	FALSE	ORF1ab:cds-YP_009724389.1	CTA	L	CGA	R	882
NC_045512.2	16112	T	C	23322	3873	40	2	2	48	8.57412e-05	23326	0.687492	FALSE	ORF1ab:cds-YP_009724389.1	CTA	L	CCA	P	882
NC_045512.2	16113	A	C	22984	3937	40	6	0	31	0.000260983	22990	0.999546	FALSE	ORF1ab:cds-YP_009724389.1	CTA	L	CTC	L	882
NC_045512.2	16114	C	T	23006	4035	40	5	1	44	0.000217287	23011	0.226562	FALSE	ORF1ab:cds-YP_009724389.1	CAT	H	TAT	Y	883
NC_045512.2	16115	A	G	21056	5574	40	2	1	37	9.49623e-05	21061	0.999997	FALSE	ORF1ab:cds-YP_009724389.1	CAT	H	CGT	R	883
NC_045512.2	16115	A	C	21056	5574	40	3	1	26	0.000142443	21061	1	FALSE	ORF1ab:cds-YP_009724389.1	CAT	H	CCT	P	883
NC_045512.2	16116	T	G	20824	5767	39	5	0	29	0.000240004	20833	1	FALSE	ORF1ab:cds-YP_009724389.1	CAT	H	CAG	Q	883
NC_045512.2	16116	T	C	20824	5767	39	3	1	49	0.000144002	20833	0.499887	FALSE	ORF1ab:cds-YP_009724389.1	CAT	H	CAC	H	883
NC_045512.2	16116	T	A	20824	5767	39	1	0	25	4.80008e-05	20833	1	FALSE	ORF1ab:cds-YP_009724389.1	CAT	H	CAA	Q	883
NC_045512.2	16117	G	T	21507	5993	40	2	2	49	9.298e-05	21510	0.687509	FALSE	ORF1ab:cds-YP_009724389.1	GAT	D	TAT	Y	884
NC_045512.2	16117	G	A	21507	5993	40	1	1	74	4.649e-05	21510	0.499988	FALSE	ORF1ab:cds-YP_009724389.1	GAT	D	AAT	N	884
NC_045512.2	16118	A	T	21204	5939	40	3	1	27	0.000141396	21217	1	FALSE	ORF1ab:cds-YP_009724389.1	GAT	D	GTT	V	884
NC_045512.2	16118	A	G	21204	5939	40	8	4	35	0.000377056	21217	0.995939	FALSE	ORF1ab:cds-YP_009724389.1	GAT	D	GGT	G	884
NC_045512.2	16118	A	C	21204	5939	40	2	1	31	9.4264e-05	21217	0.999997	FALSE	ORF1ab:cds-YP_009724389.1	GAT	D	GCT	A	884
NC_045512.2	16119	T	G	21260	6420	40	2	1	31	9.40159e-05	21273	0.999997	FALSE	ORF1ab:cds-YP_009724389.1	GAT	D	GAG	E	884
NC_045512.2	16119	T	C	21260	6420	40	6	3	51	0.000282048	21273	0.0156063	FALSE	ORF1ab:cds-YP_009724389.1	GAT	D	GAC	D	884
NC_045512.2	16119	T	A	21260	6420	40	5	2	37	0.00023504	21273	0.999733	FALSE	ORF1ab:cds-YP_009724389.1	GAT	D	GAA	E	884
NC_045512.2	16120	G	T	22059	6632	41	6	3	39	0.000271899	22067	0.999545	FALSE	ORF1ab:cds-YP_009724389.1	GAG	E	TAG	*	885
NC_045512.2	16120	G	A	22059	6632	41	2	0	37	9.06331e-05	22067	0.999999	FALSE	ORF1ab:cds-YP_009724389.1	GAG	E	AAG	K	885
NC_045512.2	16121	A	T	21627	6768	40	4	2	37	0.000184877	21636	0.999922	FALSE	ORF1ab:cds-YP_009724389.1	GAG	E	GTG	V	885
NC_045512.2	16121	A	G	21627	6768	40	4	1	46	0.000184877	21636	0.343652	FALSE	ORF1ab:cds-YP_009724389.1	GAG	E	GGG	G	885
NC_045512.2	16121	A	C	21627	6768	40	1	0	37	4.62193e-05	21636	1	FALSE	ORF1ab:cds-YP_009724389.1	GAG	E	GCG	A	885
NC_045512.2	16123	T	G	21820	6745	40	1	1	25	4.5819e-05	21825	1	FALSE	ORF1ab:cds-YP_009724389.1	TTA	L	GTA	V	886
NC_045512.2	16123	T	C	21820	6745	40	3	2	37	0.000137457	21825	0.999982	FALSE	ORF1ab:cds-YP_009724389.1	TTA	L	CTA	L	886
NC_045512.2	16123	T	A	21820	6745	40	1	0	37	4.5819e-05	21825	1	FALSE	ORF1ab:cds-YP_009724389.1	TTA	L	ATA	I	886
NC_045512.2	16124	T	G	22065	6807	40	1	1	37	4.53104e-05	22070	1	FALSE	ORF1ab:cds-YP_009724389.1	TTA	L	TGA	*	886
NC_045512.2	16124	T	C	22065	6807	40	2	0	37	9.06208e-05	22070	0.999999	FALSE	ORF1ab:cds-YP_009724389.1	TTA	L	TCA	S	886
NC_045512.2	16124	T	A	22065	6807	40	2	0	25	9.06208e-05	22070	1	FALSE	ORF1ab:cds-YP_009724389.1	TTA	L	TAA	*	886
NC_045512.2	16125	A	G	22124	6812	40	3	0	33	0.000135581	22127	0.99999	FALSE	ORF1ab:cds-YP_009724389.1	TTA	L	TTG	L	886
NC_045512.2	16126	A	T	22056	6841	40	1	0	25	4.53309e-05	22060	1	FALSE	ORF1ab:cds-YP_009724389.1	ACA	T	TCA	S	887
NC_045512.2	16126	A	G	22056	6841	40	2	0	31	9.06618e-05	22060	0.999999	FALSE	ORF1ab:cds-YP_009724389.1	ACA	T	GCA	A	887
NC_045512.2	16126	A	C	22056	6841	40	1	1	25	4.53309e-05	22060	1	FALSE	ORF1ab:cds-YP_009724389.1	ACA	T	CCA	P	887
NC_045512.2	16127	C	T	21863	7183	40	10	3	39	0.000457164	21874	0.985304	FALSE	ORF1ab:cds-YP_009724389.1	ACA	T	ATA	I	887
NC_045512.2	16127	C	A	21863	7183	40	1	0	25	4.57164e-05	21874	1	FALSE	ORF1ab:cds-YP_009724389.1	ACA	T	AAA	K	887
NC_045512.2	16128	A	T	21347	7137	40	2	1	33	9.36154e-05	21364	0.999997	FALSE	ORF1ab:cds-YP_009724389.1	ACA	T	ACT	T	887
NC_045512.2	16128	A	G	21347	7137	40	11	10	40	0.000514885	21364	0.0112084	FALSE	ORF1ab:cds-YP_009724389.1	ACA	T	ACG	T	887
NC_045512.2	16128	A	C	21347	7137	40	4	2	28	0.000187231	21364	1	FALSE	ORF1ab:cds-YP_009724389.1	ACA	T	ACC	T	887
NC_045512.2	16130	G	A	22104	7727	40	2	1	37	9.04732e-05	22106	0.999999	FALSE	ORF1ab:cds-YP_009724389.1	GGA	G	GAA	E	888
NC_045512.2	16131	A	T	22175	7778	40	6	2	33	0.000270453	22185	0.999545	FALSE	ORF1ab:cds-YP_009724389.1	GGA	G	GGT	G	888
NC_045512.2	16131	A	G	22175	7778	40	4	1	46	0.000180302	22185	0.343634	FALSE	ORF1ab:cds-YP_009724389.1	GGA	G	GGG	G	888
NC_045512.2	16132	C	T	22188	7830	40	2	0	31	9.01266e-05	22191	0.999999	FALSE	ORF1ab:cds-YP_009724389.1	CAC	H	TAC	Y	889
NC_045512.2	16132	C	G	22188	7830	40	1	1	37	4.50633e-05	22191	1	FALSE	ORF1ab:cds-YP_009724389.1	CAC	H	GAC	D	889
NC_045512.2	16133	A	T	21824	7605	40	2	1	25	9.16296e-05	21827	1	FALSE	ORF1ab:cds-YP_009724389.1	CAC	H	CTC	L	889
NC_045512.2	16133	A	G	21824	7605	40	1	1	62	4.58148e-05	21827	0.499989	FALSE	ORF1ab:cds-YP_009724389.1	CAC	H	CGC	R	889
NC_045512.2	16133	A	+G	21824	7605	40	4	0	20	0.000183259	21827	1	FALSE	NA	NA	NA	NA	NA	NA
NC_045512.2	16134	C	T	22670	8188	41	13	3	44	0.000573116	22683	0.00368895	TRUE	ORF1ab:cds-YP_009724389.1	CAC	H	CAT	H	889
NC_045512.2	16135	A	G	22507	8190	40	1	0	37	4.44227e-05	22511	1	FALSE	ORF1ab:cds-YP_009724389.1	ATG	M	GTG	V	890
NC_045512.2	16135	A	C	22507	8190	40	3	1	37	0.000133268	22511	0.99999	FALSE	ORF1ab:cds-YP_009724389.1	ATG	M	CTG	L	890
NC_045512.2	16136	T	C	23453	9763	41	1	0	37	4.26348e-05	23455	1	FALSE	ORF1ab:cds-YP_009724389.1	ATG	M	ACG	T	890
NC_045512.2	16136	T	A	23453	9763	41	1	1	25	4.26348e-05	23455	1	FALSE	ORF1ab:cds-YP_009724389.1	ATG	M	AAG	K	890
NC_045512.2	16137	G	T	23619	10024	41	5	5	32	0.000211622	23627	0.99991	FALSE	ORF1ab:cds-YP_009724389.1	ATG	M	ATT	I	890
NC_045512.2	16137	G	A	23619	10024	41	3	1	49	0.000126973	23627	0.499921	FALSE	ORF1ab:cds-YP_009724389.1	ATG	M	ATA	I	890
NC_045512.2	16138	T	G	23324	10548	41	4	0	25	0.000171446	23331	1	FALSE	ORF1ab:cds-YP_009724389.1	TTA	L	GTA	V	891
NC_045512.2	16138	T	C	23324	10548	41	3	0	33	0.000128584	23331	0.999995	FALSE	ORF1ab:cds-YP_009724389.1	TTA	L	CTA	L	891
NC_045512.2	16139	T	C	23812	10703	41	2	0	37	8.39772e-05	23816	0.999999	FALSE	ORF1ab:cds-YP_009724389.1	TTA	L	TCA	S	891
NC_045512.2	16139	T	A	23812	10703	41	2	0	25	8.39772e-05	23816	1	FALSE	ORF1ab:cds-YP_009724389.1	TTA	L	TAA	*	891
NC_045512.2	16140	A	C	23474	10701	41	3	0	30	0.000127785	23477	0.999995	FALSE	ORF1ab:cds-YP_009724389.1	TTA	L	TTC	F	891
NC_045512.2	16141	G	A	23869	10637	41	2	0	31	8.37837e-05	23871	0.999999	FALSE	ORF1ab:cds-YP_009724389.1	GAC	D	AAC	N	892
NC_045512.2	16142	A	G	23501	10637	41	4	0	37	0.000170177	23505	0.999976	FALSE	ORF1ab:cds-YP_009724389.1	GAC	D	GGC	G	892
NC_045512.2	16143	C	T	24151	10515	40	1	1	37	4.14044e-05	24152	1	FALSE	ORF1ab:cds-YP_009724389.1	GAC	D	GAT	D	892
NC_045512.2	16144	A	T	24222	10638	41	1	0	37	4.12592e-05	24237	1	FALSE	ORF1ab:cds-YP_009724389.1	ATG	M	TTG	L	893
NC_045512.2	16144	A	G	24222	10638	41	4	3	46	0.000165037	24237	0.343547	FALSE	ORF1ab:cds-YP_009724389.1	ATG	M	GTG	V	893
NC_045512.2	16144	A	C	24222	10638	41	10	1	29	0.000412592	24237	1	FALSE	ORF1ab:cds-YP_009724389.1	ATG	M	CTG	L	893
NC_045512.2	16145	T	G	24016	10514	41	4	2	32	0.000166507	24023	0.999986	FALSE	ORF1ab:cds-YP_009724389.1	ATG	M	AGG	R	893
NC_045512.2	16145	T	C	24016	10514	41	3	2	33	0.00012488	24023	0.999997	FALSE	ORF1ab:cds-YP_009724389.1	ATG	M	ACG	T	893
NC_045512.2	16146	G	T	25231	11255	41	1	0	37	3.96134e-05	25244	1	FALSE	ORF1ab:cds-YP_009724389.1	ATG	M	ATT	I	893
NC_045512.2	16146	G	C	25231	11255	41	1	0	37	3.96134e-05	25244	1	FALSE	ORF1ab:cds-YP_009724389.1	ATG	M	ATC	I	893
NC_045512.2	16146	G	A	25231	11255	41	11	5	43	0.000435747	25244	0.0112201	FALSE	ORF1ab:cds-YP_009724389.1	ATG	M	ATA	I	893
NC_045512.2	16147	T	G	24595	11368	41	1	0	25	4.06504e-05	24600	1	FALSE	ORF1ab:cds-YP_009724389.1	TAT	Y	GAT	D	894
NC_045512.2	16147	T	C	24595	11368	41	2	2	37	8.13008e-05	24600	1	FALSE	ORF1ab:cds-YP_009724389.1	TAT	Y	CAT	H	894
NC_045512.2	16147	T	A	24595	11368	41	2	1	23	8.13008e-05	24600	1	FALSE	ORF1ab:cds-YP_009724389.1	TAT	Y	AAT	N	894
NC_045512.2	16148	A	T	25251	11744	41	2	1	55	7.91734e-05	25261	0.249926	FALSE	ORF1ab:cds-YP_009724389.1	TAT	Y	TTT	F	894
NC_045512.2	16148	A	G	25251	11744	41	4	2	43	0.000158347	25261	0.343648	FALSE	ORF1ab:cds-YP_009724389.1	TAT	Y	TGT	C	894
NC_045512.2	16148	A	C	25251	11744	41	4	0	28	0.000158347	25261	1	FALSE	ORF1ab:cds-YP_009724389.1	TAT	Y	TCT	S	894
NC_045512.2	16149	T	G	25242	11791	41	4	1	29	0.000158428	25248	1	FALSE	ORF1ab:cds-YP_009724389.1	TAT	Y	TAG	*	894
NC_045512.2	16149	T	C	25242	11791	41	2	0	61	7.92142e-05	25248	0.249965	FALSE	ORF1ab:cds-YP_009724389.1	TAT	Y	TAC	Y	894
NC_045512.2	16150	T	A	25659	11822	41	1	0	25	3.89712e-05	25660	1	FALSE	ORF1ab:cds-YP_009724389.1	TCT	S	ACT	T	895
NC_045512.2	16150	T	+C	25659	11822	41	3	0	20	0.000116913	25660	1	FALSE	NA	NA	NA	NA	NA	NA
NC_045512.2	16151	C	T	26680	11639	41	5	2	37	0.000187364	26686	0.999983	FALSE	ORF1ab:cds-YP_009724389.1	TCT	S	TTT	F	895
NC_045512.2	16151	C	G	26680	11639	41	1	1	29	3.74728e-05	26686	1	FALSE	ORF1ab:cds-YP_009724389.1	TCT	S	TGT	C	895
NC_045512.2	16152	T	G	27056	11506	41	2	0	31	7.39044e-05	27062	1	FALSE	ORF1ab:cds-YP_009724389.1	TCT	S	TCG	S	895
NC_045512.2	16152	T	C	27056	11506	41	4	3	39	0.000147809	27062	0.999998	FALSE	ORF1ab:cds-YP_009724389.1	TCT	S	TCC	S	895
NC_045512.2	16153	G	C	27379	11753	41	1	0	37	3.65177e-05	27384	1	FALSE	ORF1ab:cds-YP_009724389.1	GTT	V	CTT	L	896
NC_045512.2	16153	G	A	27379	11753	41	4	2	46	0.000146071	27384	0.343741	FALSE	ORF1ab:cds-YP_009724389.1	GTT	V	ATT	I	896
NC_045512.2	16154	T	G	26298	11786	40	7	0	28	0.000266059	26310	1	FALSE	ORF1ab:cds-YP_009724389.1	GTT	V	GGT	G	896
NC_045512.2	16154	T	C	26298	11786	40	5	3	42	0.000190042	26310	0.226453	FALSE	ORF1ab:cds-YP_009724389.1	GTT	V	GCT	A	896
NC_045512.2	16155	T	G	26809	11973	41	3	0	29	0.000111869	26817	1	FALSE	ORF1ab:cds-YP_009724389.1	GTT	V	GTG	V	896
NC_045512.2	16155	T	C	26809	11973	41	3	1	33	0.000111869	26817	0.999999	FALSE	ORF1ab:cds-YP_009724389.1	GTT	V	GTC	V	896
NC_045512.2	16155	T	A	26809	11973	41	2	0	37	7.45796e-05	26817	1	FALSE	ORF1ab:cds-YP_009724389.1	GTT	V	GTA	V	896
NC_045512.2	16156	A	G	26807	12048	41	5	2	51	0.000186463	26815	0.0312383	FALSE	ORF1ab:cds-YP_009724389.1	ATG	M	GTG	V	897
NC_045512.2	16156	A	C	26807	12048	41	3	0	29	0.000111878	26815	1	FALSE	ORF1ab:cds-YP_009724389.1	ATG	M	CTG	L	897
NC_045512.2	16157	T	C	26661	12014	41	5	2	34	0.000187505	26666	0.999983	FALSE	ORF1ab:cds-YP_009724389.1	ATG	M	ACG	T	897
NC_045512.2	16158	G	T	26847	11853	41	1	1	37	3.72384e-05	26854	1	FALSE	ORF1ab:cds-YP_009724389.1	ATG	M	ATT	I	897
NC_045512.2	16158	G	C	26847	11853	41	2	0	31	7.44768e-05	26854	1	FALSE	ORF1ab:cds-YP_009724389.1	ATG	M	ATC	I	897
NC_045512.2	16158	G	A	26847	11853	41	4	2	46	0.000148954	26854	0.343706	FALSE	ORF1ab:cds-YP_009724389.1	ATG	M	ATA	I	897
NC_045512.2	16159	C	T	26455	12015	40	16	8	39	0.000604367	26474	0.955825	FALSE	ORF1ab:cds-YP_009724389.1	CTT	L	TTT	F	898
NC_045512.2	16159	C	G	26455	12015	40	1	0	37	3.77729e-05	26474	1	FALSE	ORF1ab:cds-YP_009724389.1	CTT	L	GTT	V	898
NC_045512.2	16159	C	A	26455	12015	40	2	0	37	7.55458e-05	26474	1	FALSE	ORF1ab:cds-YP_009724389.1	CTT	L	ATT	I	898
NC_045512.2	16160	T	G	25601	11409	41	1	1	29	3.90153e-05	25631	1	FALSE	ORF1ab:cds-YP_009724389.1	CTT	L	CGT	R	898
NC_045512.2	16160	T	C	25601	11409	41	28	1	39	0.00109243	25631	0.391813	FALSE	ORF1ab:cds-YP_009724389.1	CTT	L	CCT	P	898
NC_045512.2	16160	T	A	25601	11409	41	1	0	37	3.90153e-05	25631	1	FALSE	ORF1ab:cds-YP_009724389.1	CTT	L	CAT	H	898
NC_045512.2	16161	T	G	24212	12007	39	10	3	31	0.000412814	24224	0.99549	FALSE	ORF1ab:cds-YP_009724389.1	CTT	L	CTG	L	898
NC_045512.2	16161	T	C	24212	12007	39	2	2	37	8.25627e-05	24224	1	FALSE	ORF1ab:cds-YP_009724389.1	CTT	L	CTC	L	898
NC_045512.2	16162	A	T	24499	11985	40	1	1	37	4.08147e-05	24501	1	FALSE	ORF1ab:cds-YP_009724389.1	ACT	T	TCT	S	899
NC_045512.2	16162	A	G	24499	11985	40	1	0	37	4.08147e-05	24501	1	FALSE	ORF1ab:cds-YP_009724389.1	ACT	T	GCT	A	899
NC_045512.2	16163	C	T	24365	11923	39	2	0	55	8.20749e-05	24368	0.249995	FALSE	ORF1ab:cds-YP_009724389.1	ACT	T	ATT	I	899
NC_045512.2	16163	C	A	24365	11923	39	1	1	25	4.10374e-05	24368	1	FALSE	ORF1ab:cds-YP_009724389.1	ACT	T	AAT	N	899
NC_045512.2	16164	T	G	24203	11852	39	4	2	23	0.000165221	24210	1	FALSE	ORF1ab:cds-YP_009724389.1	ACT	T	ACG	T	899
NC_045512.2	16164	T	C	24203	11852	39	3	3	41	0.000123916	24210	0.499942	FALSE	ORF1ab:cds-YP_009724389.1	ACT	T	ACC	T	899
NC_045512.2	16165	A	G	24186	11826	39	4	3	46	0.000165303	24198	0.343605	FALSE	ORF1ab:cds-YP_009724389.1	AAT	N	GAT	D	900
NC_045512.2	16165	A	C	24186	11826	39	8	1	26	0.000330606	24198	1	FALSE	ORF1ab:cds-YP_009724389.1	AAT	N	CAT	H	900
NC_045512.2	16166	A	G	22690	11429	38	3	2	37	0.0001321	22710	0.99999	FALSE	ORF1ab:cds-YP_009724389.1	AAT	N	AGT	S	900
NC_045512.2	16166	A	C	22690	11429	38	17	17	28	0.000748569	22710	1	FALSE	ORF1ab:cds-YP_009724389.1	AAT	N	ACT	T	900
NC_045512.2	16167	T	G	23637	11975	38	7	6	26	0.000295996	23649	1	FALSE	ORF1ab:cds-YP_009724389.1	AAT	N	AAG	K	900
NC_045512.2	16167	T	C	23637	11975	38	4	1	37	0.00016914	23649	0.999975	FALSE	ORF1ab:cds-YP_009724389.1	AAT	N	AAC	N	900
NC_045512.2	16167	T	A	23637	11975	38	1	0	25	4.22851e-05	23649	1	FALSE	ORF1ab:cds-YP_009724389.1	AAT	N	AAA	K	900
NC_045512.2	16168	G	A	24198	12230	38	2	2	37	8.26446e-05	24200	1	FALSE	ORF1ab:cds-YP_009724389.1	GAT	D	AAT	N	901
NC_045512.2	16169	A	T	24260	12365	38	1	1	74	4.12099e-05	24266	0.499959	FALSE	ORF1ab:cds-YP_009724389.1	GAT	D	GTT	V	901
NC_045512.2	16169	A	G	24260	12365	38	2	2	37	8.24198e-05	24266	1	FALSE	ORF1ab:cds-YP_009724389.1	GAT	D	GGT	G	901
NC_045512.2	16169	A	C	24260	12365	38	3	2	29	0.00012363	24266	1	FALSE	ORF1ab:cds-YP_009724389.1	GAT	D	GCT	A	901
NC_045512.2	16170	T	C	24374	12384	38	7	4	35	0.000287109	24381	0.999563	FALSE	ORF1ab:cds-YP_009724389.1	GAT	D	GAC	D	901
NC_045512.2	16170	T	-A	24374	12384	38	1	0	20	4.10155e-05	24381	1	FALSE	NA	NA	NA	NA	NA	NA
NC_045512.2	16171	A	G	23772	12606	38	8	1	35	0.000336403	23781	0.998341	FALSE	ORF1ab:cds-YP_009724389.1	AAC	N	GAC	D	902
NC_045512.2	16171	A	C	23772	12606	38	1	0	25	4.20504e-05	23781	1	FALSE	ORF1ab:cds-YP_009724389.1	AAC	N	CAC	H	902
NC_045512.2	16172	A	T	23653	12419	38	2	2	31	8.45166e-05	23664	0.999999	FALSE	ORF1ab:cds-YP_009724389.1	AAC	N	ATC	I	902
NC_045512.2	16172	A	G	23653	12419	38	7	4	37	0.000295808	23664	0.999286	FALSE	ORF1ab:cds-YP_009724389.1	AAC	N	AGC	S	902
NC_045512.2	16172	A	C	23653	12419	38	2	2	25	8.45166e-05	23664	1	FALSE	ORF1ab:cds-YP_009724389.1	AAC	N	ACC	T	902
NC_045512.2	16173	C	T	24026	12836	38	2	1	37	8.32328e-05	24029	1	FALSE	ORF1ab:cds-YP_009724389.1	AAC	N	AAT	N	902
NC_045512.2	16173	C	A	24026	12836	38	1	1	37	4.16164e-05	24029	1	FALSE	ORF1ab:cds-YP_009724389.1	AAC	N	AAA	K	902
NC_045512.2	16174	A	T	22896	11650	37	1	0	37	4.36624e-05	22903	1	FALSE	ORF1ab:cds-YP_009724389.1	ACT	T	TCT	S	903
NC_045512.2	16174	A	G	22896	11650	37	1	1	25	4.36624e-05	22903	1	FALSE	ORF1ab:cds-YP_009724389.1	ACT	T	GCT	A	903
NC_045512.2	16174	A	C	22896	11650	37	5	5	25	0.000218312	22903	1	FALSE	ORF1ab:cds-YP_009724389.1	ACT	T	CCT	P	903
NC_045512.2	16174	A	+G	22896	11650	37	2	0	20	8.73248e-05	22903	1	FALSE	NA	NA	NA	NA	NA	NA
NC_045512.2	16175	C	T	24676	12687	38	1	1	37	4.05236e-05	24677	1	FALSE	ORF1ab:cds-YP_009724389.1	ACT	T	ATT	I	903
NC_045512.2	16176	T	G	24010	11846	37	2	2	25	8.32882e-05	24013	1	FALSE	ORF1ab:cds-YP_009724389.1	ACT	T	ACG	T	903
NC_045512.2	16176	T	C	24010	11846	37	1	0	25	4.16441e-05	24013	1	FALSE	ORF1ab:cds-YP_009724389.1	ACT	T	ACC	T	903
NC_045512.2	16177	T	C	24058	11859	37	4	3	33	0.000166182	24070	0.999986	FALSE	ORF1ab:cds-YP_009724389.1	TCA	S	CCA	P	904
NC_045512.2	16177	T	A	24058	11859	37	8	6	29	0.000332364	24070	1	FALSE	ORF1ab:cds-YP_009724389.1	TCA	S	ACA	T	904
NC_045512.2	16178	C	T	24677	12474	38	1	0	37	4.05203e-05	24679	1	FALSE	ORF1ab:cds-YP_009724389.1	TCA	S	TTA	L	904
NC_045512.2	16178	C	A	24677	12474	38	1	1	37	4.05203e-05	24679	1	FALSE	ORF1ab:cds-YP_009724389.1	TCA	S	TAA	*	904
NC_045512.2	16178	C	-A	24677	12474	38	1	0	20	4.05203e-05	24679	1	FALSE	NA	NA	NA	NA	NA	NA
NC_045512.2	16179	A	T	23913	11682	37	1	1	25	4.18025e-05	23922	1	FALSE	ORF1ab:cds-YP_009724389.1	TCA	S	TCT	S	904
NC_045512.2	16179	A	G	23913	11682	37	3	2	49	0.000125408	23922	0.499882	FALSE	ORF1ab:cds-YP_009724389.1	TCA	S	TCG	S	904
NC_045512.2	16179	A	C	23913	11682	37	5	5	25	0.000209013	23922	1	FALSE	ORF1ab:cds-YP_009724389.1	TCA	S	TCC	S	904
NC_045512.2	16180	A	T	23680	11528	37	1	0	37	4.21905e-05	23702	1	FALSE	ORF1ab:cds-YP_009724389.1	AGG	R	TGG	W	905
NC_045512.2	16180	A	G	23680	11528	37	10	3	35	0.000421905	23702	0.993225	FALSE	ORF1ab:cds-YP_009724389.1	AGG	R	GGG	G	905
NC_045512.2	16180	A	C	23680	11528	37	11	10	28	0.000464096	23702	1	FALSE	ORF1ab:cds-YP_009724389.1	AGG	R	CGG	R	905
NC_045512.2	16181	G	T	24428	12263	37	4	1	37	0.000163713	24433	0.999986	FALSE	ORF1ab:cds-YP_009724389.1	AGG	R	ATG	M	905
NC_045512.2	16181	G	A	24428	12263	37	1	0	37	4.09283e-05	24433	1	FALSE	ORF1ab:cds-YP_009724389.1	AGG	R	AAG	K	905
NC_045512.2	16182	G	A	25146	12481	37	1	0	37	3.97662e-05	25147	1	FALSE	ORF1ab:cds-YP_009724389.1	AGG	R	AGA	R	905
NC_045512.2	16183	T	G	24373	12565	37	8	2	27	0.000328084	24384	1	FALSE	ORF1ab:cds-YP_009724389.1	TAT	Y	GAT	D	906
NC_045512.2	16183	T	C	24373	12565	37	3	2	37	0.000123031	24384	0.999997	FALSE	ORF1ab:cds-YP_009724389.1	TAT	Y	CAT	H	906
NC_045512.2	16184	A	T	23683	12202	37	1	1	25	4.21816e-05	23707	1	FALSE	ORF1ab:cds-YP_009724389.1	TAT	Y	TTT	F	906
NC_045512.2	16184	A	G	23683	12202	37	4	1	37	0.000168727	23707	0.999975	FALSE	ORF1ab:cds-YP_009724389.1	TAT	Y	TGT	C	906
NC_045512.2	16184	A	C	23683	12202	37	19	0	30	0.000801451	23707	0.779539	FALSE	ORF1ab:cds-YP_009724389.1	TAT	Y	TCT	S	906
NC_045512.2	16185	T	G	24022	12309	37	2	0	25	8.32397e-05	24027	1	FALSE	ORF1ab:cds-YP_009724389.1	TAT	Y	TAG	*	906
NC_045512.2	16185	T	C	24022	12309	37	3	1	36	0.00012486	24027	0.999997	FALSE	ORF1ab:cds-YP_009724389.1	TAT	Y	TAC	Y	906
NC_045512.2	16186	T	C	24525	12508	38	4	2	31	0.000163059	24531	0.999986	FALSE	ORF1ab:cds-YP_009724389.1	TGG	W	CGG	R	907
NC_045512.2	16186	T	A	24525	12508	38	2	1	25	8.15295e-05	24531	1	FALSE	ORF1ab:cds-YP_009724389.1	TGG	W	AGG	R	907
NC_045512.2	16187	G	T	24646	12630	38	2	1	55	8.11326e-05	24651	0.249975	FALSE	ORF1ab:cds-YP_009724389.1	TGG	W	TTG	L	907
NC_045512.2	16187	G	C	24646	12630	38	1	1	37	4.05663e-05	24651	1	FALSE	ORF1ab:cds-YP_009724389.1	TGG	W	TCG	S	907
NC_045512.2	16187	G	A	24646	12630	38	2	0	37	8.11326e-05	24651	1	FALSE	ORF1ab:cds-YP_009724389.1	TGG	W	TAG	*	907
NC_045512.2	16188	G	T	25029	13193	38	3	2	29	0.000119837	25034	1	FALSE	ORF1ab:cds-YP_009724389.1	TGG	W	TGT	C	907
NC_045512.2	16188	G	C	25029	13193	38	1	1	37	3.99457e-05	25034	1	FALSE	ORF1ab:cds-YP_009724389.1	TGG	W	TGC	C	907
NC_045512.2	16188	G	A	25029	13193	38	1	1	37	3.99457e-05	25034	1	FALSE	ORF1ab:cds-YP_009724389.1	TGG	W	TGA	*	907
NC_045512.2	16189	G	A	25388	13492	38	1	0	37	3.93871e-05	25389	1	FALSE	ORF1ab:cds-YP_009724389.1	GAA	E	AAA	K	908
NC_045512.2	16190	A	T	25226	13301	38	1	1	37	3.96291e-05	25234	1	FALSE	ORF1ab:cds-YP_009724389.1	GAA	E	GTA	V	908
NC_045512.2	16190	A	G	25226	13301	38	5	2	34	0.000198145	25234	0.99997	FALSE	ORF1ab:cds-YP_009724389.1	GAA	E	GGA	G	908
NC_045512.2	16190	A	C	25226	13301	38	2	0	37	7.92581e-05	25234	1	FALSE	ORF1ab:cds-YP_009724389.1	GAA	E	GCA	A	908
NC_045512.2	16191	A	G	23603	12789	37	4	3	34	0.000169348	23620	0.999975	FALSE	ORF1ab:cds-YP_009724389.1	GAA	E	GAG	E	908
NC_045512.2	16191	A	C	23603	12789	37	13	0	29	0.000550381	23620	1	FALSE	ORF1ab:cds-YP_009724389.1	GAA	E	GAC	D	908
NC_045512.2	16192	C	T	24333	12806	38	1	0	37	4.10914e-05	24336	1	FALSE	ORF1ab:cds-YP_009724389.1	CCT	P	TCT	S	909
NC_045512.2	16192	C	A	24333	12806	38	2	0	31	8.21828e-05	24336	1	FALSE	ORF1ab:cds-YP_009724389.1	CCT	P	ACT	T	909
NC_045512.2	16193	C	A	24323	12849	38	2	1	31	8.22199e-05	24325	1	FALSE	ORF1ab:cds-YP_009724389.1	CCT	P	CAT	H	909
NC_045512.2	16194	T	G	24239	12882	38	1	0	25	4.1215e-05	24263	1	FALSE	ORF1ab:cds-YP_009724389.1	CCT	P	CCG	P	909
NC_045512.2	16194	T	C	24239	12882	38	17	11	42	0.000700655	24263	0.00036282	TRUE	ORF1ab:cds-YP_009724389.1	CCT	P	CCC	P	909
NC_045512.2	16194	T	A	24239	12882	38	6	2	47	0.00024729	24263	0.144281	FALSE	ORF1ab:cds-YP_009724389.1	CCT	P	CCA	P	909
NC_045512.2	16195	G	T	24939	12986	38	2	1	31	8.01667e-05	24948	1	FALSE	ORF1ab:cds-YP_009724389.1	GAG	E	TAG	*	910
NC_045512.2	16195	G	A	24939	12986	38	7	5	40	0.000280584	24948	0.0898142	FALSE	ORF1ab:cds-YP_009724389.1	GAG	E	AAG	K	910
NC_045512.2	16196	A	T	24665	13020	38	2	1	31	8.10438e-05	24678	1	FALSE	ORF1ab:cds-YP_009724389.1	GAG	E	GTG	V	910
NC_045512.2	16196	A	G	24665	13020	38	9	6	39	0.000364697	24678	0.997728	FALSE	ORF1ab:cds-YP_009724389.1	GAG	E	GGG	G	910
NC_045512.2	16196	A	C	24665	13020	38	2	1	31	8.10438e-05	24678	1	FALSE	ORF1ab:cds-YP_009724389.1	GAG	E	GCG	A	910
NC_045512.2	16197	G	T	24747	12927	38	2	2	31	8.08113e-05	24749	1	FALSE	ORF1ab:cds-YP_009724389.1	GAG	E	GAT	D	910
NC_045512.2	16197	G	-T	24747	12927	38	2	0	20	8.08113e-05	24749	1	FALSE	NA	NA	NA	NA	NA	NA
NC_045512.2	16198	T	G	24283	12877	38	4	0	28	0.000164684	24289	1	FALSE	ORF1ab:cds-YP_009724389.1	TTT	F	GTT	V	911
NC_045512.2	16198	T	C	24283	12877	38	1	0	25	4.11709e-05	24289	1	FALSE	ORF1ab:cds-YP_009724389.1	TTT	F	CTT	L	911
NC_045512.2	16198	T	A	24283	12877	38	1	0	25	4.11709e-05	24289	1	FALSE	ORF1ab:cds-YP_009724389.1	TTT	F	ATT	I	911
NC_045512.2	16199	T	G	24153	13255	38	5	0	25	0.000206954	24160	1	FALSE	ORF1ab:cds-YP_009724389.1	TTT	F	TGT	C	911
NC_045512.2	16199	T	C	24153	13255	38	1	0	22	4.13907e-05	24160	1	FALSE	ORF1ab:cds-YP_009724389.1	TTT	F	TCT	S	911
NC_045512.2	16199	T	A	24153	13255	38	1	0	25	4.13907e-05	24160	1	FALSE	ORF1ab:cds-YP_009724389.1	TTT	F	TAT	Y	911
NC_045512.2	16200	T	G	24615	13414	38	2	0	37	8.12348e-05	24620	1	FALSE	ORF1ab:cds-YP_009724389.1	TTT	F	TTG	L	911
NC_045512.2	16200	T	C	24615	13414	38	1	0	37	4.06174e-05	24620	1	FALSE	ORF1ab:cds-YP_009724389.1	TTT	F	TTC	F	911
NC_045512.2	16200	T	A	24615	13414	38	2	0	25	8.12348e-05	24620	1	FALSE	ORF1ab:cds-YP_009724389.1	TTT	F	TTA	L	911
NC_045512.2	16201	T	C	24470	13485	38	1	0	37	4.0858e-05	24475	1	FALSE	ORF1ab:cds-YP_009724389.1	TAT	Y	CAT	H	912
NC_045512.2	16201	T	A	24470	13485	38	4	1	34	0.000163432	24475	0.999986	FALSE	ORF1ab:cds-YP_009724389.1	TAT	Y	AAT	N	912
NC_045512.2	16202	A	G	24205	13330	38	3	1	37	0.000123926	24208	0.999997	FALSE	ORF1ab:cds-YP_009724389.1	TAT	Y	TGT	C	912
NC_045512.2	16203	T	G	24410	13665	38	2	1	25	8.19202e-05	24414	1	FALSE	ORF1ab:cds-YP_009724389.1	TAT	Y	TAG	*	912
NC_045512.2	16203	T	C	24410	13665	38	2	2	37	8.19202e-05	24414	1	FALSE	ORF1ab:cds-YP_009724389.1	TAT	Y	TAC	Y	912
NC_045512.2	16204	G	C	24714	14120	38	6	6	37	0.000242718	24720	0.999838	FALSE	ORF1ab:cds-YP_009724389.1	GAG	E	CAG	Q	913
NC_045512.2	16205	A	T	24357	13947	38	3	1	37	0.000123082	24374	0.999997	FALSE	ORF1ab:cds-YP_009724389.1	GAG	E	GTG	V	913
NC_045512.2	16205	A	G	24357	13947	38	13	8	38	0.000533355	24374	0.976505	FALSE	ORF1ab:cds-YP_009724389.1	GAG	E	GGG	G	913
NC_045512.2	16205	A	C	24357	13947	38	1	1	37	4.10273e-05	24374	1	FALSE	ORF1ab:cds-YP_009724389.1	GAG	E	GCG	A	913
NC_045512.2	16206	G	T	24621	13966	38	10	7	38	0.000405959	24633	0.995489	FALSE	ORF1ab:cds-YP_009724389.1	GAG	E	GAT	D	913
NC_045512.2	16206	G	A	24621	13966	38	2	1	37	8.11919e-05	24633	1	FALSE	ORF1ab:cds-YP_009724389.1	GAG	E	GAA	E	913
NC_045512.2	16207	G	T	26113	13902	38	4	1	34	0.000153022	26140	0.999996	FALSE	ORF1ab:cds-YP_009724389.1	GCT	A	TCT	S	914
NC_045512.2	16207	G	C	26113	13902	38	1	0	37	3.82555e-05	26140	1	FALSE	ORF1ab:cds-YP_009724389.1	GCT	A	CCT	P	914
NC_045512.2	16207	G	A	26113	13902	38	22	8	36	0.000841622	26140	0.764499	FALSE	ORF1ab:cds-YP_009724389.1	GCT	A	ACT	T	914
NC_045512.2	16208	C	T	25710	13888	38	6	4	39	0.0002333	25718	0.999904	FALSE	ORF1ab:cds-YP_009724389.1	GCT	A	GTT	V	914
NC_045512.2	16208	C	A	25710	13888	38	2	1	37	7.77665e-05	25718	1	FALSE	ORF1ab:cds-YP_009724389.1	GCT	A	GAT	D	914
NC_045512.2	16209	T	G	25533	13653	37	11	7	30	0.000430495	25552	0.994335	FALSE	ORF1ab:cds-YP_009724389.1	GCT	A	GCG	A	914
NC_045512.2	16209	T	C	25533	13653	37	7	4	37	0.000273951	25552	0.999732	FALSE	ORF1ab:cds-YP_009724389.1	GCT	A	GCC	A	914
NC_045512.2	16209	T	A	25533	13653	37	1	1	37	3.91359e-05	25552	1	FALSE	ORF1ab:cds-YP_009724389.1	GCT	A	GCA	A	914
NC_045512.2	16209	T	-A	25533	13653	37	1	0	20	3.91359e-05	25552	1	FALSE	NA	NA	NA	NA	NA	NA
NC_045512.2	16210	A	T	26638	14030	38	2	1	55	7.50638e-05	26644	0.249958	FALSE	ORF1ab:cds-YP_009724389.1	ATG	M	TTG	L	915
NC_045512.2	16210	A	G	26638	14030	38	2	1	37	7.50638e-05	26644	1	FALSE	ORF1ab:cds-YP_009724389.1	ATG	M	GTG	V	915
NC_045512.2	16210	A	C	26638	14030	38	2	0	31	7.50638e-05	26644	1	FALSE	ORF1ab:cds-YP_009724389.1	ATG	M	CTG	L	915
NC_045512.2	16211	T	G	26459	13918	37	4	4	31	0.000151137	26466	0.999996	FALSE	ORF1ab:cds-YP_009724389.1	ATG	M	AGG	R	915
NC_045512.2	16211	T	C	26459	13918	37	3	1	45	0.000113353	26466	0.499947	FALSE	ORF1ab:cds-YP_009724389.1	ATG	M	ACG	T	915
NC_045512.2	16212	G	T	27415	14436	38	2	2	31	7.29341e-05	27422	1	FALSE	ORF1ab:cds-YP_009724389.1	ATG	M	ATT	I	915
NC_045512.2	16212	G	C	27415	14436	38	1	0	22	3.64671e-05	27422	1	FALSE	ORF1ab:cds-YP_009724389.1	ATG	M	ATC	I	915
NC_045512.2	16212	G	A	27415	14436	38	4	1	39	0.000145868	27422	0.999998	FALSE	ORF1ab:cds-YP_009724389.1	ATG	M	ATA	I	915
NC_045512.2	16213	T	G	27304	14397	38	3	3	29	0.00010983	27315	1	FALSE	ORF1ab:cds-YP_009724389.1	TAC	Y	GAC	D	916
NC_045512.2	16213	T	C	27304	14397	38	8	4	41	0.000292879	27315	0.0546585	FALSE	ORF1ab:cds-YP_009724389.1	TAC	Y	CAC	H	916
NC_045512.2	16213	T	+AC	27304	14397	38	1	0	20	3.66099e-05	27315	1	FALSE	NA	NA	NA	NA	NA	NA
NC_045512.2	16214	A	G	28096	15348	39	3	2	37	0.000106765	28099	1	FALSE	ORF1ab:cds-YP_009724389.1	TAC	Y	TGC	C	916
NC_045512.2	16215	C	T	28394	15820	39	2	2	31	7.043e-05	28397	1	FALSE	ORF1ab:cds-YP_009724389.1	TAC	Y	TAT	Y	916
NC_045512.2	16215	C	A	28394	15820	39	1	1	37	3.5215e-05	28397	1	FALSE	ORF1ab:cds-YP_009724389.1	TAC	Y	TAA	*	916
NC_045512.2	16216	A	T	26477	13889	39	2	2	31	7.5523e-05	26482	1	FALSE	ORF1ab:cds-YP_009724389.1	ACA	T	TCA	S	917
NC_045512.2	16216	A	G	26477	13889	39	2	1	37	7.5523e-05	26482	1	FALSE	ORF1ab:cds-YP_009724389.1	ACA	T	GCA	A	917
NC_045512.2	16216	A	C	26477	13889	39	1	0	25	3.77615e-05	26482	1	FALSE	ORF1ab:cds-YP_009724389.1	ACA	T	CCA	P	917
NC_045512.2	16217	C	T	26940	14215	39	4	3	34	0.000148456	26944	0.999996	FALSE	ORF1ab:cds-YP_009724389.1	ACA	T	ATA	I	917
NC_045512.2	16218	A	C	26215	13562	39	2	2	31	7.62864e-05	26217	1	FALSE	ORF1ab:cds-YP_009724389.1	ACA	T	ACC	T	917
NC_045512.2	16218	A	+G	26215	13562	39	3	0	20	0.00011443	26217	1	FALSE	NA	NA	NA	NA	NA	NA
NC_045512.2	16219	C	T	26895	13856	39	4	2	37	0.000148693	26901	0.999996	FALSE	ORF1ab:cds-YP_009724389.1	CCG	P	TCG	S	918
NC_045512.2	16219	C	A	26895	13856	39	2	1	31	7.43467e-05	26901	1	FALSE	ORF1ab:cds-YP_009724389.1	CCG	P	ACG	T	918
NC_045512.2	16220	C	T	25987	13109	39	8	4	35	0.00030774	25996	0.999343	FALSE	ORF1ab:cds-YP_009724389.1	CCG	P	CTG	L	918
NC_045512.2	16220	C	A	25987	13109	39	1	0	37	3.84675e-05	25996	1	FALSE	ORF1ab:cds-YP_009724389.1	CCG	P	CAG	Q	918
NC_045512.2	16221	G	T	26082	12929	39	2	2	37	7.65755e-05	26118	1	FALSE	ORF1ab:cds-YP_009724389.1	CCG	P	CCT	P	918
NC_045512.2	16221	G	C	26082	12929	39	1	1	37	3.82878e-05	26118	1	FALSE	ORF1ab:cds-YP_009724389.1	CCG	P	CCC	P	918
NC_045512.2	16221	G	A	26082	12929	39	33	16	37	0.0012635	26118	0.217279	FALSE	ORF1ab:cds-YP_009724389.1	CCG	P	CCA	P	918
NC_045512.2	16222	C	T	26235	13047	39	1	0	37	3.81156e-05	26236	1	FALSE	ORF1ab:cds-YP_009724389.1	CAT	H	TAT	Y	919
NC_045512.2	16223	A	T	25886	12903	38	1	0	37	3.86235e-05	25891	1	FALSE	ORF1ab:cds-YP_009724389.1	CAT	H	CTT	L	919
NC_045512.2	16223	A	G	25886	12903	38	4	3	43	0.000154494	25891	0.343741	FALSE	ORF1ab:cds-YP_009724389.1	CAT	H	CGT	R	919
NC_045512.2	16224	T	G	25983	13031	39	2	1	25	7.69556e-05	25989	1	FALSE	ORF1ab:cds-YP_009724389.1	CAT	H	CAG	Q	919
NC_045512.2	16224	T	C	25983	13031	39	3	2	37	0.000115433	25989	0.999998	FALSE	ORF1ab:cds-YP_009724389.1	CAT	H	CAC	H	919
NC_045512.2	16224	T	A	25983	13031	39	1	0	37	3.84778e-05	25989	1	FALSE	ORF1ab:cds-YP_009724389.1	CAT	H	CAA	Q	919
NC_045512.2	16225	A	T	26107	13221	39	1	0	37	3.82995e-05	26110	1	FALSE	ORF1ab:cds-YP_009724389.1	ACA	T	TCA	S	920
NC_045512.2	16225	A	G	26107	13221	39	2	1	33	7.6599e-05	26110	1	FALSE	ORF1ab:cds-YP_009724389.1	ACA	T	GCA	A	920
NC_045512.2	16226	C	T	26614	13349	39	19	9	42	0.000713401	26633	0.000110376	TRUE	ORF1ab:cds-YP_009724389.1	ACA	T	ATA	I	920
NC_045512.2	16227	A	G	26054	12867	39	10	5	40	0.000383656	26065	0.0192763	FALSE	ORF1ab:cds-YP_009724389.1	ACA	T	ACG	T	920
NC_045512.2	16227	A	C	26054	12867	39	1	0	25	3.83656e-05	26065	1	FALSE	ORF1ab:cds-YP_009724389.1	ACA	T	ACC	T	920
NC_045512.2	16228	G	A	27817	13050	39	1	1	25	3.59479e-05	27818	1	FALSE	ORF1ab:cds-YP_009724389.1	GTC	V	ATC	I	921
NC_045512.2	16229	T	G	26916	12618	38	1	1	37	3.71402e-05	26925	1	FALSE	ORF1ab:cds-YP_009724389.1	GTC	V	GGC	G	921
NC_045512.2	16229	T	C	26916	12618	38	7	2	40	0.000259981	26925	0.0898163	FALSE	ORF1ab:cds-YP_009724389.1	GTC	V	GCC	A	921
NC_045512.2	16229	T	A	26916	12618	38	1	0	37	3.71402e-05	26925	1	FALSE	ORF1ab:cds-YP_009724389.1	GTC	V	GAC	D	921
NC_045512.2	16230	C	T	27198	12661	38	1	1	37	3.67661e-05	27199	1	FALSE	ORF1ab:cds-YP_009724389.1	GTC	V	GTT	V	921
NC_045512.2	16230	C	-T	27198	12661	38	1	0	20	3.67661e-05	27199	1	FALSE	NA	NA	NA	NA	NA	NA
NC_045512.2	16231	T	G	26876	12184	38	4	4	28	0.000148754	26890	1	FALSE	ORF1ab:cds-YP_009724389.1	TTA	L	GTA	V	922
NC_045512.2	16231	T	C	26876	12184	38	6	6	35	0.000223131	26890	0.999944	FALSE	ORF1ab:cds-YP_009724389.1	TTA	L	CTA	L	922
NC_045512.2	16231	T	A	26876	12184	38	4	2	34	0.000148754	26890	0.999996	FALSE	ORF1ab:cds-YP_009724389.1	TTA	L	ATA	I	922
NC_045512.2	16232	T	C	27164	12406	38	4	3	31	0.000147232	27168	0.999998	FALSE	ORF1ab:cds-YP_009724389.1	TTA	L	TCA	S	922
NC_045512.2	16232	T	-A	27164	12406	38	1	0	20	3.6808e-05	27168	1	FALSE	NA	NA	NA	NA	NA	NA
NC_045512.2	16233	A	T	27631	13324	39	1	1	25	3.61821e-05	27638	1	FALSE	ORF1ab:cds-YP_009724389.1	TTA	L	TTT	F	922
NC_045512.2	16233	A	G	27631	13324	39	2	0	37	7.23641e-05	27638	1	FALSE	ORF1ab:cds-YP_009724389.1	TTA	L	TTG	L	922
NC_045512.2	16233	A	C	27631	13324	39	4	1	25	0.000144728	27638	1	FALSE	ORF1ab:cds-YP_009724389.1	TTA	L	TTC	F	922
NC_045512.2	16234	C	T	28040	13655	39	2	2	37	7.1314e-05	28045	1	FALSE	ORF1ab:cds-YP_009724389.1	CAG	Q	TAG	*	923
NC_045512.2	16234	C	G	28040	13655	39	1	0	37	3.5657e-05	28045	1	FALSE	ORF1ab:cds-YP_009724389.1	CAG	Q	GAG	E	923
NC_045512.2	16234	C	A	28040	13655	39	2	2	31	7.1314e-05	28045	1	FALSE	ORF1ab:cds-YP_009724389.1	CAG	Q	AAG	K	923
NC_045512.2	16235	A	T	26713	12937	39	9	4	35	0.000336688	26731	0.999061	FALSE	ORF1ab:cds-YP_009724389.1	CAG	Q	CTG	L	923
NC_045512.2	16235	A	G	26713	12937	39	9	5	37	0.000336688	26731	0.999061	FALSE	ORF1ab:cds-YP_009724389.1	CAG	Q	CGG	R	923
NC_045512.2	16236	G	T	26373	12349	39	4	2	53	0.000151636	26379	0.0624882	FALSE	ORF1ab:cds-YP_009724389.1	CAG	Q	CAT	H	923
NC_045512.2	16236	G	C	26373	12349	39	1	1	37	3.79089e-05	26379	1	FALSE	ORF1ab:cds-YP_009724389.1	CAG	Q	CAC	H	923
NC_045512.2	16236	G	A	26373	12349	39	1	1	37	3.79089e-05	26379	1	FALSE	ORF1ab:cds-YP_009724389.1	CAG	Q	CAA	Q	923
NC_045512.2	16237	G	A	24583	11152	39	13	8	38	0.000528541	24596	0.976532	FALSE	ORF1ab:cds-YP_009724389.1	GCT	A	ACT	T	924
NC_045512.2	16237	G	+C	24583	11152	39	1	0	20	4.0657e-05	24596	1	FALSE	NA	NA	NA	NA	NA	NA
NC_045512.2	16238	C	T	24584	11280	38	10	6	46	0.00040657	24596	0.0192724	FALSE	ORF1ab:cds-YP_009724389.1	GCT	A	GTT	V	924
NC_045512.2	16238	C	G	24584	11280	38	2	1	37	8.1314e-05	24596	1	FALSE	ORF1ab:cds-YP_009724389.1	GCT	A	GGT	G	924
NC_045512.2	16239	T	G	23189	10558	38	11	0	28	0.000474056	23204	1	FALSE	ORF1ab:cds-YP_009724389.1	GCT	A	GCG	A	924
NC_045512.2	16239	T	C	23189	10558	38	3	0	37	0.000129288	23204	0.999995	FALSE	ORF1ab:cds-YP_009724389.1	GCT	A	GCC	A	924
NC_045512.2	16239	T	A	23189	10558	38	1	0	37	4.3096e-05	23204	1	FALSE	ORF1ab:cds-YP_009724389.1	GCT	A	GCA	A	924
NC_045512.2	16240	G	T	24980	10655	39	2	0	31	8.00256e-05	24992	1	FALSE	ORF1ab:cds-YP_009724389.1	GTT	V	TTT	F	925
NC_045512.2	16240	G	C	24980	10655	39	1	1	25	4.00128e-05	24992	1	FALSE	ORF1ab:cds-YP_009724389.1	GTT	V	CTT	L	925
NC_045512.2	16240	G	A	24980	10655	39	9	6	43	0.000360115	24992	0.0326907	FALSE	ORF1ab:cds-YP_009724389.1	GTT	V	ATT	I	925
NC_045512.2	16241	T	G	23623	10667	38	19	0	26	0.000803315	23652	1	FALSE	ORF1ab:cds-YP_009724389.1	GTT	V	GGT	G	925
NC_045512.2	16241	T	C	23623	10667	38	9	5	35	0.000380518	23652	0.996485	FALSE	ORF1ab:cds-YP_009724389.1	GTT	V	GCT	A	925
NC_045512.2	16241	T	A	23623	10667	38	1	1	37	4.22797e-05	23652	1	FALSE	ORF1ab:cds-YP_009724389.1	GTT	V	GAT	D	925
NC_045512.2	16242	T	G	24551	10860	39	4	1	32	0.00016288	24558	0.999986	FALSE	ORF1ab:cds-YP_009724389.1	GTT	V	GTG	V	925
NC_045512.2	16242	T	A	24551	10860	39	3	1	37	0.00012216	24558	0.999997	FALSE	ORF1ab:cds-YP_009724389.1	GTT	V	GTA	V	925
NC_045512.2	16242	T	-G	24551	10860	39	2	0	20	8.14399e-05	24558	1	FALSE	NA	NA	NA	NA	NA	NA
NC_045512.2	16243	G	T	25714	11838	40	1	1	25	3.88757e-05	25723	1	FALSE	ORF1ab:cds-YP_009724389.1	GGG	G	TGG	W	926
NC_045512.2	16243	G	A	25714	11838	40	8	4	37	0.000311006	25723	0.999342	FALSE	ORF1ab:cds-YP_009724389.1	GGG	G	AGG	R	926
NC_045512.2	16244	G	T	25238	12112	39	5	4	32	0.000198067	25244	0.99997	FALSE	ORF1ab:cds-YP_009724389.1	GGG	G	GTG	V	926
NC_045512.2	16244	G	C	25238	12112	39	1	0	37	3.96134e-05	25244	1	FALSE	ORF1ab:cds-YP_009724389.1	GGG	G	GCG	A	926
NC_045512.2	16245	G	T	25302	11989	39	2	1	31	7.90389e-05	25304	1	FALSE	ORF1ab:cds-YP_009724389.1	GGG	G	GGT	G	926
NC_045512.2	16246	G	T	25157	11898	39	3	2	25	0.000119156	25177	1	FALSE	ORF1ab:cds-YP_009724389.1	GCT	A	TCT	S	927
NC_045512.2	16246	G	A	25157	11898	39	17	10	43	0.000675219	25177	0.000363313	TRUE	ORF1ab:cds-YP_009724389.1	GCT	A	ACT	T	927
NC_045512.2	16247	C	T	22874	10235	38	7	4	45	0.000305877	22885	0.08979	FALSE	ORF1ab:cds-YP_009724389.1	GCT	A	GTT	V	927
NC_045512.2	16247	C	G	22874	10235	38	1	0	25	4.36967e-05	22885	1	FALSE	ORF1ab:cds-YP_009724389.1	GCT	A	GGT	G	927
NC_045512.2	16247	C	A	22874	10235	38	3	3	25	0.00013109	22885	1	FALSE	ORF1ab:cds-YP_009724389.1	GCT	A	GAT	D	927
NC_045512.2	16248	T	G	22951	10749	38	17	3	29	0.000739806	22979	1	FALSE	ORF1ab:cds-YP_009724389.1	GCT	A	GCG	A	927
NC_045512.2	16248	T	C	22951	10749	38	6	2	37	0.000261108	22979	0.999542	FALSE	ORF1ab:cds-YP_009724389.1	GCT	A	GCC	A	927
NC_045512.2	16248	T	A	22951	10749	38	5	4	34	0.00021759	22979	0.999844	FALSE	ORF1ab:cds-YP_009724389.1	GCT	A	GCA	A	927
NC_045512.2	16249	T	G	22838	10657	39	11	1	28	0.000481106	22864	1	FALSE	ORF1ab:cds-YP_009724389.1	TGT	C	GGT	G	928
NC_045512.2	16249	T	C	22838	10657	39	12	6	40	0.000524843	22864	0.00644425	TRUE	ORF1ab:cds-YP_009724389.1	TGT	C	CGT	R	928
NC_045512.2	16249	T	A	22838	10657	39	3	0	33	0.000131211	22864	0.99999	FALSE	ORF1ab:cds-YP_009724389.1	TGT	C	AGT	S	928
NC_045512.2	16250	G	T	23540	10867	39	1	0	25	4.2443e-05	23561	1	FALSE	ORF1ab:cds-YP_009724389.1	TGT	C	TTT	F	928
NC_045512.2	16250	G	C	23540	10867	39	1	0	37	4.2443e-05	23561	1	FALSE	ORF1ab:cds-YP_009724389.1	TGT	C	TCT	S	928
NC_045512.2	16250	G	A	23540	10867	39	19	7	40	0.000806417	23561	0.000110263	TRUE	ORF1ab:cds-YP_009724389.1	TGT	C	TAT	Y	928
NC_045512.2	16251	T	G	23385	10848	39	3	1	30	0.000128254	23391	0.999995	FALSE	ORF1ab:cds-YP_009724389.1	TGT	C	TGG	W	928
NC_045512.2	16251	T	C	23385	10848	39	3	1	33	0.000128254	23391	0.999995	FALSE	ORF1ab:cds-YP_009724389.1	TGT	C	TGC	C	928
NC_045512.2	16252	G	T	22523	11087	39	2	0	37	8.87824e-05	22527	0.999999	FALSE	ORF1ab:cds-YP_009724389.1	GTT	V	TTT	F	929
NC_045512.2	16252	G	A	22523	11087	39	2	0	55	8.87824e-05	22527	0.249983	FALSE	ORF1ab:cds-YP_009724389.1	GTT	V	ATT	I	929
NC_045512.2	16253	T	G	22230	10956	38	1	1	25	4.49802e-05	22232	1	FALSE	ORF1ab:cds-YP_009724389.1	GTT	V	GGT	G	929
NC_045512.2	16253	T	C	22230	10956	38	1	0	74	4.49802e-05	22232	0.5	FALSE	ORF1ab:cds-YP_009724389.1	GTT	V	GCT	A	929
NC_045512.2	16254	T	G	21767	10480	38	1	0	37	4.59327e-05	21771	1	FALSE	ORF1ab:cds-YP_009724389.1	GTT	V	GTG	V	929
NC_045512.2	16254	T	C	21767	10480	38	2	0	37	9.18653e-05	21771	0.999997	FALSE	ORF1ab:cds-YP_009724389.1	GTT	V	GTC	V	929
NC_045512.2	16254	T	A	21767	10480	38	1	1	25	4.59327e-05	21771	1	FALSE	ORF1ab:cds-YP_009724389.1	GTT	V	GTA	V	929
NC_045512.2	16255	C	A	21638	10436	38	1	1	25	4.62129e-05	21639	1	FALSE	ORF1ab:cds-YP_009724389.1	CTT	L	ATT	I	930
NC_045512.2	16256	T	C	21604	10388	38	3	3	37	0.000138825	21610	0.999982	FALSE	ORF1ab:cds-YP_009724389.1	CTT	L	CCT	P	930
NC_045512.2	16256	T	A	21604	10388	38	3	1	45	0.000138825	21610	0.499957	FALSE	ORF1ab:cds-YP_009724389.1	CTT	L	CAT	H	930
NC_045512.2	16257	T	C	21419	10371	38	6	3	36	0.000280047	21425	0.999246	FALSE	ORF1ab:cds-YP_009724389.1	CTT	L	CTC	L	930
NC_045512.2	16258	T	C	21800	10638	39	5	2	37	0.000229305	21805	0.999734	FALSE	ORF1ab:cds-YP_009724389.1	TGC	C	CGC	R	931
NC_045512.2	16259	G	C	21724	10670	39	1	1	37	4.59643e-05	21756	1	FALSE	ORF1ab:cds-YP_009724389.1	TGC	C	TCC	S	931
NC_045512.2	16259	G	A	21724	10670	39	31	17	40	0.00142489	21756	6.48147e-08	TRUE	ORF1ab:cds-YP_009724389.1	TGC	C	TAC	Y	931
NC_045512.2	16260	C	T	21706	10719	39	41	22	39	0.00188497	21751	0.00752008	TRUE	ORF1ab:cds-YP_009724389.1	TGC	C	TGT	C	931
NC_045512.2	16260	C	A	21706	10719	39	4	1	31	0.0001839	21751	0.999921	FALSE	ORF1ab:cds-YP_009724389.1	TGC	C	TGA	*	931
NC_045512.2	16261	A	T	21653	10627	39	1	1	37	4.61702e-05	21659	1	FALSE	ORF1ab:cds-YP_009724389.1	AAT	N	TAT	Y	932
NC_045512.2	16261	A	G	21653	10627	39	1	1	22	4.61702e-05	21659	1	FALSE	ORF1ab:cds-YP_009724389.1	AAT	N	GAT	D	932
NC_045512.2	16261	A	C	21653	10627	39	4	1	28	0.000184681	21659	1	FALSE	ORF1ab:cds-YP_009724389.1	AAT	N	CAT	H	932
NC_045512.2	16262	A	T	21448	10717	39	1	1	37	4.66092e-05	21455	1	FALSE	ORF1ab:cds-YP_009724389.1	AAT	N	ATT	I	932
NC_045512.2	16262	A	G	21448	10717	39	2	0	55	9.32184e-05	21455	0.249948	FALSE	ORF1ab:cds-YP_009724389.1	AAT	N	AGT	S	932
NC_045512.2	16262	A	C	21448	10717	39	4	0	28	0.000186437	21455	1	FALSE	ORF1ab:cds-YP_009724389.1	AAT	N	ACT	T	932
NC_045512.2	16263	T	G	22332	11748	39	5	3	31	0.000223814	22340	0.999845	FALSE	ORF1ab:cds-YP_009724389.1	AAT	N	AAG	K	932
NC_045512.2	16263	T	C	22332	11748	39	3	1	37	0.000134288	22340	0.99999	FALSE	ORF1ab:cds-YP_009724389.1	AAT	N	AAC	N	932
NC_045512.2	16264	T	C	22666	11909	39	9	3	34	0.000396878	22677	0.994674	FALSE	ORF1ab:cds-YP_009724389.1	TCA	S	CCA	P	933
NC_045512.2	16264	T	A	22666	11909	39	2	1	25	8.81951e-05	22677	1	FALSE	ORF1ab:cds-YP_009724389.1	TCA	S	ACA	T	933
NC_045512.2	16265	C	G	22914	12178	40	1	1	37	4.36395e-05	22915	1	FALSE	ORF1ab:cds-YP_009724389.1	TCA	S	TGA	*	933
NC_045512.2	16266	A	G	22600	12014	39	4	1	37	0.000176944	22606	0.999956	FALSE	ORF1ab:cds-YP_009724389.1	TCA	S	TCG	S	933
NC_045512.2	16266	A	C	22600	12014	39	2	2	25	8.84721e-05	22606	1	FALSE	ORF1ab:cds-YP_009724389.1	TCA	S	TCC	S	933
NC_045512.2	16267	C	T	22910	12516	40	14	8	41	0.000610687	22925	0.00208738	TRUE	ORF1ab:cds-YP_009724389.1	CAG	Q	TAG	*	934
NC_045512.2	16267	C	A	22910	12516	40	1	1	37	4.36205e-05	22925	1	FALSE	ORF1ab:cds-YP_009724389.1	CAG	Q	AAG	K	934
NC_045512.2	16268	A	T	21968	12210	39	3	1	29	0.000136463	21984	1	FALSE	ORF1ab:cds-YP_009724389.1	CAG	Q	CTG	L	934
NC_045512.2	16268	A	G	21968	12210	39	9	5	39	0.000409389	21984	0.991939	FALSE	ORF1ab:cds-YP_009724389.1	CAG	Q	CGG	R	934
NC_045512.2	16268	A	C	21968	12210	39	4	2	31	0.000181951	21984	0.999922	FALSE	ORF1ab:cds-YP_009724389.1	CAG	Q	CCG	P	934
NC_045512.2	16269	G	T	22288	12617	39	1	0	25	4.48591e-05	22292	1	FALSE	ORF1ab:cds-YP_009724389.1	CAG	Q	CAT	H	934
NC_045512.2	16269	G	A	22288	12617	39	3	2	37	0.000134577	22292	0.99999	FALSE	ORF1ab:cds-YP_009724389.1	CAG	Q	CAA	Q	934
NC_045512.2	16269	G	-A	22288	12617	39	2	0	20	8.97183e-05	22292	1	FALSE	NA	NA	NA	NA	NA	NA
NC_045512.2	16270	A	T	22159	12402	39	3	1	25	0.000135355	22164	1	FALSE	ORF1ab:cds-YP_009724389.1	ACT	T	TCT	S	935
NC_045512.2	16270	A	G	22159	12402	39	1	1	37	4.51182e-05	22164	1	FALSE	ORF1ab:cds-YP_009724389.1	ACT	T	GCT	A	935
NC_045512.2	16270	A	C	22159	12402	39	1	1	25	4.51182e-05	22164	1	FALSE	ORF1ab:cds-YP_009724389.1	ACT	T	CCT	P	935
NC_045512.2	16271	C	A	22289	12520	39	1	1	25	4.48632e-05	22290	1	FALSE	ORF1ab:cds-YP_009724389.1	ACT	T	AAT	N	935
NC_045512.2	16272	T	G	21862	12315	39	3	2	26	0.000137168	21871	1	FALSE	ORF1ab:cds-YP_009724389.1	ACT	T	ACG	T	935
NC_045512.2	16272	T	C	21862	12315	39	6	3	32	0.000274336	21871	0.999245	FALSE	ORF1ab:cds-YP_009724389.1	ACT	T	ACC	T	935
NC_045512.2	16273	T	G	22042	12267	39	1	0	25	4.53474e-05	22052	1	FALSE	ORF1ab:cds-YP_009724389.1	TCA	S	GCA	A	936
NC_045512.2	16273	T	C	22042	12267	39	5	4	37	0.000226737	22052	0.999845	FALSE	ORF1ab:cds-YP_009724389.1	TCA	S	CCA	P	936
NC_045512.2	16273	T	A	22042	12267	39	4	3	28	0.000181389	22052	1	FALSE	ORF1ab:cds-YP_009724389.1	TCA	S	ACA	T	936
NC_045512.2	16274	C	T	22380	12610	39	3	2	49	0.000134024	22384	0.5	FALSE	ORF1ab:cds-YP_009724389.1	TCA	S	TTA	L	936
NC_045512.2	16274	C	A	22380	12610	39	1	0	37	4.46748e-05	22384	1	FALSE	ORF1ab:cds-YP_009724389.1	TCA	S	TAA	*	936
NC_045512.2	16275	A	T	23412	14136	40	1	1	25	4.2704e-05	23417	1	FALSE	ORF1ab:cds-YP_009724389.1	TCA	S	TCT	S	936
NC_045512.2	16275	A	G	23412	14136	40	2	1	55	8.5408e-05	23417	0.249973	FALSE	ORF1ab:cds-YP_009724389.1	TCA	S	TCG	S	936
NC_045512.2	16275	A	C	23412	14136	40	2	0	25	8.5408e-05	23417	1	FALSE	ORF1ab:cds-YP_009724389.1	TCA	S	TCC	S	936
NC_045512.2	16276	T	G	22679	14404	39	4	0	25	0.000176312	22687	1	FALSE	ORF1ab:cds-YP_009724389.1	TTA	L	GTA	V	937
NC_045512.2	16276	T	C	22679	14404	39	1	0	74	4.40781e-05	22687	0.499934	FALSE	ORF1ab:cds-YP_009724389.1	TTA	L	CTA	L	937
NC_045512.2	16276	T	A	22679	14404	39	3	3	25	0.000132234	22687	1	FALSE	ORF1ab:cds-YP_009724389.1	TTA	L	ATA	I	937
NC_045512.2	16277	T	G	23334	14824	40	2	2	25	8.56935e-05	23339	1	FALSE	ORF1ab:cds-YP_009724389.1	TTA	L	TGA	*	937
NC_045512.2	16277	T	C	23334	14824	40	3	2	37	0.00012854	23339	0.999995	FALSE	ORF1ab:cds-YP_009724389.1	TTA	L	TCA	S	937
NC_045512.2	16278	A	T	23293	14667	40	2	2	31	8.58295e-05	23302	0.999999	FALSE	ORF1ab:cds-YP_009724389.1	TTA	L	TTT	F	937
NC_045512.2	16278	A	G	23293	14667	40	5	3	44	0.000214574	23302	0.226492	FALSE	ORF1ab:cds-YP_009724389.1	TTA	L	TTG	L	937
NC_045512.2	16278	A	C	23293	14667	40	2	2	33	8.58295e-05	23302	0.999999	FALSE	ORF1ab:cds-YP_009724389.1	TTA	L	TTC	F	937
NC_045512.2	16279	A	T	23312	14840	40	1	1	25	4.28835e-05	23319	1	FALSE	ORF1ab:cds-YP_009724389.1	AGA	R	TGA	*	938
NC_045512.2	16279	A	G	23312	14840	40	6	4	37	0.000257301	23319	0.999728	FALSE	ORF1ab:cds-YP_009724389.1	AGA	R	GGA	G	938
NC_045512.2	16280	G	T	23423	14713	40	1	0	25	4.26913e-05	23424	1	FALSE	ORF1ab:cds-YP_009724389.1	AGA	R	ATA	I	938
NC_045512.2	16281	A	T	23794	15598	40	1	1	25	4.2015e-05	23801	1	FALSE	ORF1ab:cds-YP_009724389.1	AGA	R	AGT	S	938
NC_045512.2	16281	A	G	23794	15598	40	4	4	39	0.00016806	23801	0.999975	FALSE	ORF1ab:cds-YP_009724389.1	AGA	R	AGG	R	938
NC_045512.2	16281	A	C	23794	15598	40	2	2	25	8.40301e-05	23801	1	FALSE	ORF1ab:cds-YP_009724389.1	AGA	R	AGC	S	938
NC_045512.2	16282	T	G	23471	15548	40	6	3	27	0.000255526	23481	1	FALSE	ORF1ab:cds-YP_009724389.1	TGT	C	GGT	G	939
NC_045512.2	16282	T	C	23471	15548	40	3	2	37	0.000127763	23481	0.999995	FALSE	ORF1ab:cds-YP_009724389.1	TGT	C	CGT	R	939
NC_045512.2	16282	T	A	23471	15548	40	1	1	25	4.25876e-05	23481	1	FALSE	ORF1ab:cds-YP_009724389.1	TGT	C	AGT	S	939
NC_045512.2	16283	G	T	23601	15732	40	1	1	37	4.23639e-05	23605	1	FALSE	ORF1ab:cds-YP_009724389.1	TGT	C	TTT	F	939
NC_045512.2	16283	G	A	23601	15732	40	3	2	37	0.000127092	23605	0.999995	FALSE	ORF1ab:cds-YP_009724389.1	TGT	C	TAT	Y	939
NC_045512.2	16284	T	C	23426	15586	40	5	3	44	0.000213393	23431	0.226562	FALSE	ORF1ab:cds-YP_009724389.1	TGT	C	TGC	C	939
NC_045512.2	16285	G	T	23392	15540	40	2	0	31	8.5492e-05	23394	0.999999	FALSE	ORF1ab:cds-YP_009724389.1	GGT	G	TGT	C	940
NC_045512.2	16285	G	+GT	23392	15540	40	1	0	20	4.2746e-05	23394	1	FALSE	NA	NA	NA	NA	NA	NA
NC_045512.2	16286	G	A	23478	15662	40	1	1	62	4.25913e-05	23479	0.500011	FALSE	ORF1ab:cds-YP_009724389.1	GGT	G	GAT	D	940
NC_045512.2	16287	T	C	23278	15436	40	2	2	55	8.59033e-05	23282	0.249984	FALSE	ORF1ab:cds-YP_009724389.1	GGT	G	GGC	G	940
NC_045512.2	16287	T	A	23278	15436	40	2	1	29	8.59033e-05	23282	1	FALSE	ORF1ab:cds-YP_009724389.1	GGT	G	GGA	G	940
NC_045512.2	16288	G	T	23299	15501	41	1	1	25	4.29074e-05	23306	1	FALSE	ORF1ab:cds-YP_009724389.1	GCT	A	TCT	S	941
NC_045512.2	16288	G	C	23299	15501	41	1	1	37	4.29074e-05	23306	1	FALSE	ORF1ab:cds-YP_009724389.1	GCT	A	CCT	P	941
NC_045512.2	16288	G	A	23299	15501	41	5	3	34	0.000214537	23306	0.99991	FALSE	ORF1ab:cds-YP_009724389.1	GCT	A	ACT	T	941
NC_045512.2	16289	C	T	22357	14684	40	11	10	35	0.000491752	22369	0.982492	FALSE	ORF1ab:cds-YP_009724389.1	GCT	A	GTT	V	941
NC_045512.2	16289	C	A	22357	14684	40	1	1	25	4.47047e-05	22369	1	FALSE	ORF1ab:cds-YP_009724389.1	GCT	A	GAT	D	941
NC_045512.2	16290	T	G	21588	13993	40	7	4	33	0.000324104	21598	0.998144	FALSE	ORF1ab:cds-YP_009724389.1	GCT	A	GCG	A	941
NC_045512.2	16290	T	C	21588	13993	40	3	3	37	0.000138902	21598	0.999982	FALSE	ORF1ab:cds-YP_009724389.1	GCT	A	GCC	A	941
NC_045512.2	16291	T	G	22306	14767	41	1	1	25	4.48169e-05	22313	1	FALSE	ORF1ab:cds-YP_009724389.1	TGC	C	GGC	G	942
NC_045512.2	16291	T	C	22306	14767	41	4	3	46	0.000179268	22313	0.343697	FALSE	ORF1ab:cds-YP_009724389.1	TGC	C	CGC	R	942
NC_045512.2	16291	T	A	22306	14767	41	2	0	55	8.96338e-05	22313	0.24995	FALSE	ORF1ab:cds-YP_009724389.1	TGC	C	AGC	S	942
NC_045512.2	16292	G	T	22387	14722	41	2	2	31	8.92698e-05	22404	0.999999	FALSE	ORF1ab:cds-YP_009724389.1	TGC	C	TTC	F	942
NC_045512.2	16292	G	A	22387	14722	41	15	10	39	0.000669523	22404	0.906198	FALSE	ORF1ab:cds-YP_009724389.1	TGC	C	TAC	Y	942
NC_045512.2	16293	C	T	22424	14878	41	28	16	40	0.00124699	22454	4.30597e-07	TRUE	ORF1ab:cds-YP_009724389.1	TGC	C	TGT	C	942
NC_045512.2	16293	C	A	22424	14878	41	2	1	31	8.9071e-05	22454	0.999998	FALSE	ORF1ab:cds-YP_009724389.1	TGC	C	TGA	*	942
NC_045512.2	16294	A	G	22532	15029	41	1	0	37	4.43794e-05	22533	1	FALSE	ORF1ab:cds-YP_009724389.1	ATA	I	GTA	V	943
NC_045512.2	16294	A	-T	22532	15029	41	1	0	20	4.43794e-05	22533	1	FALSE	NA	NA	NA	NA	NA	NA
NC_045512.2	16295	T	C	22401	14882	41	1	0	37	4.46389e-05	22402	1	FALSE	ORF1ab:cds-YP_009724389.1	ATA	I	ACA	T	943
NC_045512.2	16296	A	T	22197	14876	41	1	1	37	4.50471e-05	22199	1	FALSE	ORF1ab:cds-YP_009724389.1	ATA	I	ATT	I	943
NC_045512.2	16296	A	G	22197	14876	41	1	1	37	4.50471e-05	22199	1	FALSE	ORF1ab:cds-YP_009724389.1	ATA	I	ATG	M	943
NC_045512.2	16297	C	T	22388	15041	41	6	6	37	0.000267845	22401	0.999544	FALSE	ORF1ab:cds-YP_009724389.1	CGT	R	TGT	C	944
NC_045512.2	16297	C	A	22388	15041	41	7	5	40	0.000312486	22401	0.0897669	FALSE	ORF1ab:cds-YP_009724389.1	CGT	R	AGT	S	944
NC_045512.2	16298	G	T	27026	21441	45	4	4	43	0.000147776	27068	0.3431	FALSE	ORF1ab:cds-YP_009724389.1	CGT	R	CTT	L	944
NC_045512.2	16298	G	A	27026	21441	45	38	31	43	0.00140387	27068	7.36548e-10	TRUE	ORF1ab:cds-YP_009724389.1	CGT	R	CAT	H	944
NC_045512.2	16299	T	G	26870	21357	45	1	1	29	3.72079e-05	26876	1	FALSE	ORF1ab:cds-YP_009724389.1	CGT	R	CGG	R	944
NC_045512.2	16299	T	C	26870	21357	45	4	3	46	0.000148832	26876	0.343724	FALSE	ORF1ab:cds-YP_009724389.1	CGT	R	CGC	R	944
NC_045512.2	16299	T	A	26870	21357	45	1	0	29	3.72079e-05	26876	1	FALSE	ORF1ab:cds-YP_009724389.1	CGT	R	CGA	R	944
NC_045512.2	16300	A	T	26540	21101	45	1	1	37	3.7669e-05	26547	1	FALSE	ORF1ab:cds-YP_009724389.1	AGA	R	TGA	*	945
NC_045512.2	16300	A	G	26540	21101	45	3	2	49	0.000113007	26547	0.499947	FALSE	ORF1ab:cds-YP_009724389.1	AGA	R	GGA	G	945
NC_045512.2	16300	A	C	26540	21101	45	3	2	24	0.000113007	26547	1	FALSE	ORF1ab:cds-YP_009724389.1	AGA	R	CGA	R	945
NC_045512.2	16301	G	T	26860	21557	45	2	1	22	7.44491e-05	26864	1	FALSE	ORF1ab:cds-YP_009724389.1	AGA	R	ATA	I	945
NC_045512.2	16301	G	C	26860	21557	45	1	1	37	3.72245e-05	26864	1	FALSE	ORF1ab:cds-YP_009724389.1	AGA	R	ACA	T	945
NC_045512.2	16301	G	A	26860	21557	45	1	1	37	3.72245e-05	26864	1	FALSE	ORF1ab:cds-YP_009724389.1	AGA	R	AAA	K	945
NC_045512.2	16302	A	T	26690	21354	45	4	3	46	0.000149813	26700	0.343653	FALSE	ORF1ab:cds-YP_009724389.1	AGA	R	AGT	S	945
NC_045512.2	16302	A	G	26690	21354	45	5	4	28	0.000187266	26700	1	FALSE	ORF1ab:cds-YP_009724389.1	AGA	R	AGG	R	945
NC_045512.2	16302	A	C	26690	21354	45	1	1	25	3.74532e-05	26700	1	FALSE	ORF1ab:cds-YP_009724389.1	AGA	R	AGC	S	945
NC_045512.2	16303	C	A	26812	21550	45	1	0	29	3.72953e-05	26813	1	FALSE	ORF1ab:cds-YP_009724389.1	CCA	P	ACA	T	946
NC_045512.2	16304	C	T	26505	21285	45	4	3	43	0.000150847	26517	0.343617	FALSE	ORF1ab:cds-YP_009724389.1	CCA	P	CTA	L	946
NC_045512.2	16304	C	G	26505	21285	45	1	1	74	3.77117e-05	26517	0.499906	FALSE	ORF1ab:cds-YP_009724389.1	CCA	P	CGA	R	946
NC_045512.2	16304	C	A	26505	21285	45	7	6	42	0.000263982	26517	0.0897881	FALSE	ORF1ab:cds-YP_009724389.1	CCA	P	CAA	Q	946
NC_045512.2	16305	A	T	26247	21082	45	1	0	37	3.80938e-05	26251	1	FALSE	ORF1ab:cds-YP_009724389.1	CCA	P	CCT	P	946
NC_045512.2	16305	A	C	26247	21082	45	3	0	30	0.000114281	26251	0.999999	FALSE	ORF1ab:cds-YP_009724389.1	CCA	P	CCC	P	946
NC_045512.2	16306	T	G	26043	20982	45	2	1	29	7.67754e-05	26050	1	FALSE	ORF1ab:cds-YP_009724389.1	TTC	F	GTC	V	947
NC_045512.2	16306	T	C	26043	20982	45	4	4	46	0.000153551	26050	0.343705	FALSE	ORF1ab:cds-YP_009724389.1	TTC	F	CTC	L	947
NC_045512.2	16306	T	A	26043	20982	45	1	1	37	3.83877e-05	26050	1	FALSE	ORF1ab:cds-YP_009724389.1	TTC	F	ATC	I	947
NC_045512.2	16307	T	C	26126	21138	45	3	2	61	0.000114815	26129	0.125	FALSE	ORF1ab:cds-YP_009724389.1	TTC	F	TCC	S	947
NC_045512.2	16308	C	T	25616	21465	43	2	2	37	7.80701e-05	25618	1	FALSE	ORF1ab:cds-YP_009724389.1	TTC	F	TTT	F	947
NC_045512.2	16309	T	G	25597	21448	43	5	5	28	0.000195259	25607	1	FALSE	ORF1ab:cds-YP_009724389.1	TTA	L	GTA	V	948
NC_045512.2	16309	T	C	25597	21448	43	1	0	37	3.90518e-05	25607	1	FALSE	ORF1ab:cds-YP_009724389.1	TTA	L	CTA	L	948
NC_045512.2	16309	T	A	25597	21448	43	4	4	37	0.000156207	25607	0.999992	FALSE	ORF1ab:cds-YP_009724389.1	TTA	L	ATA	I	948
NC_045512.2	16310	T	C	25251	21247	43	1	0	37	3.95993e-05	25253	1	FALSE	ORF1ab:cds-YP_009724389.1	TTA	L	TCA	S	948
NC_045512.2	16310	T	A	25251	21247	43	1	0	20	3.95993e-05	25253	1	FALSE	ORF1ab:cds-YP_009724389.1	TTA	L	TAA	*	948
NC_045512.2	16311	A	T	24586	20957	42	2	2	27	8.13173e-05	24595	1	FALSE	ORF1ab:cds-YP_009724389.1	TTA	L	TTT	F	948
NC_045512.2	16311	A	G	24586	20957	42	2	1	55	8.13173e-05	24595	0.249934	FALSE	ORF1ab:cds-YP_009724389.1	TTA	L	TTG	L	948
NC_045512.2	16311	A	C	24586	20957	42	5	3	30	0.000203293	24595	0.999948	FALSE	ORF1ab:cds-YP_009724389.1	TTA	L	TTC	F	948
NC_045512.2	16312	T	G	24564	21073	42	4	3	26	0.000162813	24568	1	FALSE	ORF1ab:cds-YP_009724389.1	TGT	C	GGT	G	949
NC_045512.2	16313	G	A	24517	21097	42	3	3	53	0.000122349	24520	0.125	FALSE	ORF1ab:cds-YP_009724389.1	TGT	C	TAT	Y	949
NC_045512.2	16313	G	-T	24517	21097	42	1	0	20	4.0783e-05	24520	1	FALSE	NA	NA	NA	NA	NA	NA
NC_045512.2	16314	T	G	24093	20687	42	1	1	25	4.14989e-05	24097	1	FALSE	ORF1ab:cds-YP_009724389.1	TGT	C	TGG	W	949
NC_045512.2	16314	T	C	24093	20687	42	3	1	49	0.000124497	24097	0.499981	FALSE	ORF1ab:cds-YP_009724389.1	TGT	C	TGC	C	949
NC_045512.2	16314	T	+C	24093	20687	42	2	0	20	8.29944e-05	24098	1	FALSE	NA	NA	NA	NA	NA	NA
NC_045512.2	16315	T	G	23190	19812	42	1	1	25	4.31072e-05	23198	1	FALSE	ORF1ab:cds-YP_009724389.1	TGT	C	GGT	G	950
NC_045512.2	16315	T	C	23190	19812	42	6	4	53	0.000258643	23198	0.0156179	FALSE	ORF1ab:cds-YP_009724389.1	TGT	C	CGT	R	950
NC_045512.2	16315	T	A	23190	19812	42	1	1	37	4.31072e-05	23198	1	FALSE	ORF1ab:cds-YP_009724389.1	TGT	C	AGT	S	950
NC_045512.2	16316	G	A	23257	19859	42	7	6	33	0.000300894	23264	0.999287	FALSE	ORF1ab:cds-YP_009724389.1	TGT	C	TAT	Y	950
NC_045512.2	16317	T	G	23162	19771	43	2	2	25	8.6326e-05	23168	1	FALSE	ORF1ab:cds-YP_009724389.1	TGT	C	TGG	W	950
NC_045512.2	16317	T	C	23162	19771	43	1	1	37	4.3163e-05	23168	1	FALSE	ORF1ab:cds-YP_009724389.1	TGT	C	TGC	C	950
NC_045512.2	16317	T	A	23162	19771	43	3	2	32	0.000129489	23168	0.999995	FALSE	ORF1ab:cds-YP_009724389.1	TGT	C	TGA	*	950
NC_045512.2	16317	T	+A	23162	19771	43	1	0	20	4.3163e-05	23168	1	FALSE	NA	NA	NA	NA	NA	NA
NC_045512.2	16318	A	G	23051	19763	42	6	4	36	0.000260202	23059	0.999728	FALSE	ORF1ab:cds-YP_009724389.1	AAA	K	GAA	E	951
NC_045512.2	16318	A	C	23051	19763	42	2	2	25	8.6734e-05	23059	1	FALSE	ORF1ab:cds-YP_009724389.1	AAA	K	CAA	Q	951
NC_045512.2	16319	A	T	22643	19370	42	2	2	25	8.83002e-05	22650	1	FALSE	ORF1ab:cds-YP_009724389.1	AAA	K	ATA	I	951
NC_045512.2	16319	A	G	22643	19370	42	3	3	33	0.00013245	22650	0.99999	FALSE	ORF1ab:cds-YP_009724389.1	AAA	K	AGA	R	951
NC_045512.2	16319	A	C	22643	19370	42	2	2	25	8.83002e-05	22650	1	FALSE	ORF1ab:cds-YP_009724389.1	AAA	K	ACA	T	951
NC_045512.2	16320	A	T	22845	19771	41	1	1	37	4.37694e-05	22847	1	FALSE	ORF1ab:cds-YP_009724389.1	AAA	K	AAT	N	951
NC_045512.2	16320	A	G	22845	19771	41	1	1	37	4.37694e-05	22847	1	FALSE	ORF1ab:cds-YP_009724389.1	AAA	K	AAG	K	951
NC_045512.2	16321	T	C	23015	19956	42	5	4	34	0.000217202	23020	0.99991	FALSE	ORF1ab:cds-YP_009724389.1	TGC	C	CGC	R	952
NC_045512.2	16322	G	T	22939	20020	41	1	1	37	4.35673e-05	22953	1	FALSE	ORF1ab:cds-YP_009724389.1	TGC	C	TTC	F	952
NC_045512.2	16322	G	A	22939	20020	41	13	11	36	0.000566375	22953	0.955295	FALSE	ORF1ab:cds-YP_009724389.1	TGC	C	TAC	Y	952
NC_045512.2	16323	C	T	22945	20095	41	29	28	41	0.00126224	22975	2.29663e-07	TRUE	ORF1ab:cds-YP_009724389.1	TGC	C	TGT	C	952
NC_045512.2	16323	C	A	22945	20095	41	1	1	37	4.35256e-05	22975	1	FALSE	ORF1ab:cds-YP_009724389.1	TGC	C	TGA	*	952
NC_045512.2	16324	T	G	22594	19722	41	1	1	25	4.42458e-05	22601	1	FALSE	ORF1ab:cds-YP_009724389.1	TGT	C	GGT	G	953
NC_045512.2	16324	T	C	22594	19722	41	5	5	44	0.000221229	22601	0.226526	FALSE	ORF1ab:cds-YP_009724389.1	TGT	C	CGT	R	953
NC_045512.2	16324	T	A	22594	19722	41	1	0	25	4.42458e-05	22601	1	FALSE	ORF1ab:cds-YP_009724389.1	TGT	C	AGT	S	953
NC_045512.2	16325	G	C	22715	19842	41	1	1	37	4.4018e-05	22718	1	FALSE	ORF1ab:cds-YP_009724389.1	TGT	C	TCT	S	953
NC_045512.2	16325	G	A	22715	19842	41	2	1	37	8.80359e-05	22718	0.999999	FALSE	ORF1ab:cds-YP_009724389.1	TGT	C	TAT	Y	953
NC_045512.2	16326	T	G	22427	19566	41	2	1	33	8.91623e-05	22431	0.999999	FALSE	ORF1ab:cds-YP_009724389.1	TGT	C	TGG	W	953
NC_045512.2	16326	T	C	22427	19566	41	2	2	37	8.91623e-05	22431	0.999999	FALSE	ORF1ab:cds-YP_009724389.1	TGT	C	TGC	C	953
NC_045512.2	16327	T	G	22427	19781	41	1	1	25	4.45812e-05	22431	1	FALSE	ORF1ab:cds-YP_009724389.1	TAC	Y	GAC	D	954
NC_045512.2	16327	T	C	22427	19781	41	2	1	37	8.91623e-05	22431	0.999999	FALSE	ORF1ab:cds-YP_009724389.1	TAC	Y	CAC	H	954
NC_045512.2	16327	T	A	22427	19781	41	1	0	62	4.45812e-05	22431	0.499978	FALSE	ORF1ab:cds-YP_009724389.1	TAC	Y	AAC	N	954
NC_045512.2	16328	A	G	22275	19724	40	3	2	40	0.000134662	22278	0.500021	FALSE	ORF1ab:cds-YP_009724389.1	TAC	Y	TGC	C	954
NC_045512.2	16329	C	T	22116	20371	39	6	6	43	0.000271199	22124	0.144494	FALSE	ORF1ab:cds-YP_009724389.1	TAC	Y	TAT	Y	954
NC_045512.2	16329	C	A	22116	20371	39	2	2	25	9.03996e-05	22124	1	FALSE	ORF1ab:cds-YP_009724389.1	TAC	Y	TAA	*	954
NC_045512.2	16330	G	T	22117	20437	39	8	2	39	0.000361484	22131	0.997391	FALSE	ORF1ab:cds-YP_009724389.1	GAC	D	TAC	Y	955
NC_045512.2	16330	G	A	22117	20437	39	6	6	41	0.000271113	22131	0.144405	FALSE	ORF1ab:cds-YP_009724389.1	GAC	D	AAC	N	955
NC_045512.2	16331	A	C	21583	20149	38	3	3	25	0.000138979	21586	1	FALSE	ORF1ab:cds-YP_009724389.1	GAC	D	GCC	A	955
NC_045512.2	16332	C	T	21959	20529	38	5	5	37	0.000227625	21966	0.999734	FALSE	ORF1ab:cds-YP_009724389.1	GAC	D	GAT	D	955
NC_045512.2	16332	C	A	21959	20529	38	2	2	37	9.10498e-05	21966	0.999997	FALSE	ORF1ab:cds-YP_009724389.1	GAC	D	GAA	E	955
NC_045512.2	16333	C	T	21842	20431	38	2	2	37	9.15541e-05	21845	0.999997	FALSE	ORF1ab:cds-YP_009724389.1	CAT	H	TAT	Y	956
NC_045512.2	16333	C	A	21842	20431	38	1	1	37	4.57771e-05	21845	1	FALSE	ORF1ab:cds-YP_009724389.1	CAT	H	AAT	N	956
NC_045512.2	16333	C	-A	21842	20431	38	1	0	20	4.57771e-05	21845	1	FALSE	NA	NA	NA	NA	NA	NA
NC_045512.2	16334	A	T	20254	18862	38	1	1	37	4.9351e-05	20263	1	FALSE	ORF1ab:cds-YP_009724389.1	CAT	H	CTT	L	956
NC_045512.2	16334	A	G	20254	18862	38	1	0	48	4.9351e-05	20263	0.874935	FALSE	ORF1ab:cds-YP_009724389.1	CAT	H	CGT	R	956
NC_045512.2	16334	A	C	20254	18862	38	7	1	35	0.000345457	20263	0.997043	FALSE	ORF1ab:cds-YP_009724389.1	CAT	H	CCT	P	956
NC_045512.2	16335	T	G	20311	18885	38	2	2	37	9.84446e-05	20316	0.999995	FALSE	ORF1ab:cds-YP_009724389.1	CAT	H	CAG	Q	956
NC_045512.2	16335	T	C	20311	18885	38	3	3	37	0.000147667	20316	0.999967	FALSE	ORF1ab:cds-YP_009724389.1	CAT	H	CAC	H	956
NC_045512.2	16336	G	T	20506	19086	35	1	1	37	4.87496e-05	20513	1	FALSE	ORF1ab:cds-YP_009724389.1	GTC	V	TTC	F	957
NC_045512.2	16336	G	A	20506	19086	35	6	6	37	0.000292497	20513	0.998757	FALSE	ORF1ab:cds-YP_009724389.1	GTC	V	ATC	I	957
NC_045512.2	16337	T	C	20536	19163	38	4	3	31	0.000194732	20541	0.999862	FALSE	ORF1ab:cds-YP_009724389.1	GTC	V	GCC	A	957
NC_045512.2	16337	T	A	20536	19163	38	1	1	37	4.86831e-05	20541	1	FALSE	ORF1ab:cds-YP_009724389.1	GTC	V	GAC	D	957
NC_045512.2	16338	C	T	20521	19164	38	2	2	37	9.74516e-05	20523	0.999995	FALSE	ORF1ab:cds-YP_009724389.1	GTC	V	GTT	V	957
NC_045512.2	16339	A	G	20421	19304	37	1	1	37	4.89668e-05	20422	1	FALSE	ORF1ab:cds-YP_009724389.1	ATA	I	GTA	V	958
NC_045512.2	16340	T	G	19755	18641	37	8	8	25	0.000404797	19763	1	FALSE	ORF1ab:cds-YP_009724389.1	ATA	I	AGA	R	958
NC_045512.2	16341	A	T	19532	18644	36	2	2	31	0.000102359	19539	0.99999	FALSE	ORF1ab:cds-YP_009724389.1	ATA	I	ATT	I	958
NC_045512.2	16341	A	G	19532	18644	36	4	4	37	0.000204719	19539	0.999757	FALSE	ORF1ab:cds-YP_009724389.1	ATA	I	ATG	M	958
NC_045512.2	16341	A	C	19532	18644	36	1	1	25	5.11797e-05	19539	1	FALSE	ORF1ab:cds-YP_009724389.1	ATA	I	ATC	I	958
NC_045512.2	16342	T	C	11	11	37	20049	19179	37	0.999352	20062	0	TRUE	ORF1ab:cds-YP_009724389.1	TCA	S	CCA	P	959
NC_045512.2	16342	T	A	11	11	37	2	2	37	9.9691e-05	20062	8.87803e-05	TRUE	ORF1ab:cds-YP_009724389.1	TCA	S	ACA	T	959
NC_045512.2	16343	C	T	19900	19036	37	2	2	31	0.000100487	19903	0.99999	FALSE	ORF1ab:cds-YP_009724389.1	TCA	S	TTA	L	959
NC_045512.2	16343	C	A	19900	19036	37	1	1	37	5.02437e-05	19903	0.999999	FALSE	ORF1ab:cds-YP_009724389.1	TCA	S	TAA	*	959
NC_045512.2	16344	A	T	18359	17491	37	1	1	25	5.44573e-05	18363	1	FALSE	ORF1ab:cds-YP_009724389.1	TCA	S	TCT	S	959
NC_045512.2	16344	A	G	18359	17491	37	1	1	37	5.44573e-05	18363	0.999998	FALSE	ORF1ab:cds-YP_009724389.1	TCA	S	TCG	S	959
NC_045512.2	16344	A	C	18359	17491	37	2	2	25	0.000108915	18363	1	FALSE	ORF1ab:cds-YP_009724389.1	TCA	S	TCC	S	959
NC_045512.2	16345	A	T	17660	16818	36	1	1	37	5.65867e-05	17672	0.999996	FALSE	ORF1ab:cds-YP_009724389.1	ACA	T	TCA	S	960
NC_045512.2	16345	A	G	17660	16818	36	2	2	37	0.000113173	17672	0.999962	FALSE	ORF1ab:cds-YP_009724389.1	ACA	T	GCA	A	960
NC_045512.2	16345	A	C	17660	16818	36	9	9	27	0.00050928	17672	1	FALSE	ORF1ab:cds-YP_009724389.1	ACA	T	CCA	P	960
NC_045512.2	16346	C	T	18331	17592	36	1	1	37	5.45435e-05	18334	0.999998	FALSE	ORF1ab:cds-YP_009724389.1	ACA	T	ATA	I	960
NC_045512.2	16346	C	G	18331	17592	36	1	1	37	5.45435e-05	18334	0.999998	FALSE	ORF1ab:cds-YP_009724389.1	ACA	T	AGA	R	960
NC_045512.2	16346	C	A	18331	17592	36	1	1	48	5.45435e-05	18334	0.749993	FALSE	ORF1ab:cds-YP_009724389.1	ACA	T	AAA	K	960
NC_045512.2	16348	T	C	18299	17662	36	5	5	32	0.000273164	18304	0.998705	FALSE	ORF1ab:cds-YP_009724389.1	TCA	S	CCA	P	961
NC_045512.2	16350	A	T	17881	17248	36	1	1	25	5.59159e-05	17884	1	FALSE	ORF1ab:cds-YP_009724389.1	TCA	S	TCT	S	961
NC_045512.2	16350	A	G	17881	17248	36	2	2	37	0.000111832	17884	0.999962	FALSE	ORF1ab:cds-YP_009724389.1	TCA	S	TCG	S	961
NC_045512.2	16351	C	T	17934	17306	36	1	1	37	5.57569e-05	17935	0.999996	FALSE	ORF1ab:cds-YP_009724389.1	CAT	H	TAT	Y	962
NC_045512.2	16352	A	T	17455	16845	36	1	1	37	5.72705e-05	17461	0.999996	FALSE	ORF1ab:cds-YP_009724389.1	CAT	H	CTT	L	962
NC_045512.2	16352	A	G	17455	16845	36	2	2	31	0.000114541	17461	0.999962	FALSE	ORF1ab:cds-YP_009724389.1	CAT	H	CGT	R	962
NC_045512.2	16352	A	C	17455	16845	36	3	3	25	0.000171811	17461	1	FALSE	ORF1ab:cds-YP_009724389.1	CAT	H	CCT	P	962
NC_045512.2	16353	T	G	17783	17241	36	2	2	25	0.000112448	17786	1	FALSE	ORF1ab:cds-YP_009724389.1	CAT	H	CAG	Q	962
NC_045512.2	16353	T	C	17783	17241	36	1	1	37	5.6224e-05	17786	0.999996	FALSE	ORF1ab:cds-YP_009724389.1	CAT	H	CAC	H	962
NC_045512.2	16354	A	G	17703	17137	36	1	1	37	5.6478e-05	17706	0.999996	FALSE	ORF1ab:cds-YP_009724389.1	AAA	K	GAA	E	963
NC_045512.2	16354	A	C	17703	17137	36	2	0	27	0.000112956	17706	1	FALSE	ORF1ab:cds-YP_009724389.1	AAA	K	CAA	Q	963
NC_045512.2	16355	A	T	17307	16753	36	2	2	31	0.000115513	17314	0.999962	FALSE	ORF1ab:cds-YP_009724389.1	AAA	K	ATA	I	963
NC_045512.2	16355	A	G	17307	16753	36	4	4	31	0.000231027	17314	0.999257	FALSE	ORF1ab:cds-YP_009724389.1	AAA	K	AGA	R	963
NC_045512.2	16355	A	C	17307	16753	36	1	0	25	5.77567e-05	17314	1	FALSE	ORF1ab:cds-YP_009724389.1	AAA	K	ACA	T	963
NC_045512.2	16356	A	C	17317	16759	36	3	3	29	0.00017321	17320	1	FALSE	ORF1ab:cds-YP_009724389.1	AAA	K	AAC	N	963
NC_045512.2	16357	T	G	17521	16962	36	2	2	25	0.000114097	17529	1	FALSE	ORF1ab:cds-YP_009724389.1	TTA	L	GTA	V	964
NC_045512.2	16357	T	C	17521	16962	36	3	3	33	0.000171145	17529	0.999799	FALSE	ORF1ab:cds-YP_009724389.1	TTA	L	CTA	L	964
NC_045512.2	16357	T	A	17521	16962	36	3	3	33	0.000171145	17529	0.999799	FALSE	ORF1ab:cds-YP_009724389.1	TTA	L	ATA	I	964
NC_045512.2	16358	T	G	17267	16707	36	5	5	27	0.000289486	17272	1	FALSE	ORF1ab:cds-YP_009724389.1	TTA	L	TGA	*	964
NC_045512.2	16359	A	G	16554	15997	35	3	3	37	0.000181159	16560	0.999637	FALSE	ORF1ab:cds-YP_009724389.1	TTA	L	TTG	L	964
NC_045512.2	16359	A	C	16554	15997	35	3	3	29	0.000181159	16560	1	FALSE	ORF1ab:cds-YP_009724389.1	TTA	L	TTC	F	964
NC_045512.2	16360	G	A	17036	16498	36	1	1	37	5.86958e-05	17037	0.999996	FALSE	ORF1ab:cds-YP_009724389.1	GTC	V	ATC	I	965
NC_045512.2	16361	T	C	16888	16355	36	2	2	31	0.000118385	16894	0.999928	FALSE	ORF1ab:cds-YP_009724389.1	GTC	V	GCC	A	965
NC_045512.2	16361	T	A	16888	16355	36	4	4	25	0.00023677	16894	1	FALSE	ORF1ab:cds-YP_009724389.1	GTC	V	GAC	D	965
NC_045512.2	16362	C	T	16750	16226	35	1	1	37	5.96944e-05	16752	0.999992	FALSE	ORF1ab:cds-YP_009724389.1	GTC	V	GTT	V	965
NC_045512.2	16362	C	A	16750	16226	35	1	1	37	5.96944e-05	16752	0.999992	FALSE	ORF1ab:cds-YP_009724389.1	GTC	V	GTA	V	965
NC_045512.2	16363	T	G	16152	15642	36	6	6	25	0.000371218	16163	1	FALSE	ORF1ab:cds-YP_009724389.1	TTG	L	GTG	V	966
NC_045512.2	16363	T	C	16152	15642	36	5	4	34	0.000309349	16163	0.996403	FALSE	ORF1ab:cds-YP_009724389.1	TTG	L	CTG	L	966
NC_045512.2	16363	T	+C	16152	15642	36	3	0	20	0.000185609	16163	1	FALSE	NA	NA	NA	NA	NA	NA
NC_045512.2	16364	T	G	15449	14965	36	2	2	25	0.000129408	15455	1	FALSE	ORF1ab:cds-YP_009724389.1	TTG	L	TGG	W	966
NC_045512.2	16364	T	C	15449	14965	36	4	0	37	0.000258816	15455	0.997792	FALSE	ORF1ab:cds-YP_009724389.1	TTG	L	TCG	S	966
NC_045512.2	16365	G	A	15428	14976	36	2	2	37	0.000129618	15430	0.999863	FALSE	ORF1ab:cds-YP_009724389.1	TTG	L	TTA	L	966
NC_045512.2	16366	T	G	15347	14913	36	1	0	25	6.51466e-05	15350	1	FALSE	ORF1ab:cds-YP_009724389.1	TCT	S	GCT	A	967
NC_045512.2	16366	T	C	15347	14913	36	1	1	37	6.51466e-05	15350	0.999985	FALSE	ORF1ab:cds-YP_009724389.1	TCT	S	CCT	P	967
NC_045512.2	16366	T	A	15347	14913	36	1	1	25	6.51466e-05	15350	1	FALSE	ORF1ab:cds-YP_009724389.1	TCT	S	ACT	T	967
NC_045512.2	16366	T	+C	15347	14913	36	1	0	20	6.51466e-05	15350	1	FALSE	NA	NA	NA	NA	NA	NA
NC_045512.2	16367	C	T	15209	14774	36	7	7	37	0.000459982	15218	0.973793	FALSE	ORF1ab:cds-YP_009724389.1	TCT	S	TTT	F	967
NC_045512.2	16367	C	G	15209	14774	36	2	2	31	0.000131423	15218	0.999863	FALSE	ORF1ab:cds-YP_009724389.1	TCT	S	TGT	C	967
NC_045512.2	16368	T	G	14885	14452	36	1	1	25	6.71501e-05	14892	1	FALSE	ORF1ab:cds-YP_009724389.1	TCT	S	TCG	S	967
NC_045512.2	16368	T	C	14885	14452	36	3	3	37	0.00020145	14892	0.998827	FALSE	ORF1ab:cds-YP_009724389.1	TCT	S	TCC	S	967
NC_045512.2	16368	T	A	14885	14452	36	3	3	33	0.00020145	14892	0.998827	FALSE	ORF1ab:cds-YP_009724389.1	TCT	S	TCA	S	967
NC_045512.2	16369	G	T	14871	14429	36	1	1	37	6.72269e-05	14875	0.99997	FALSE	ORF1ab:cds-YP_009724389.1	GTT	V	TTT	F	968
NC_045512.2	16369	G	C	14871	14429	36	2	0	37	0.000134454	14875	0.999741	FALSE	ORF1ab:cds-YP_009724389.1	GTT	V	CTT	L	968
NC_045512.2	16369	G	A	14871	14429	36	1	1	37	6.72269e-05	14875	0.99997	FALSE	ORF1ab:cds-YP_009724389.1	GTT	V	ATT	I	968
NC_045512.2	16370	T	C	14740	14320	36	6	6	35	0.00040689	14746	0.979347	FALSE	ORF1ab:cds-YP_009724389.1	GTT	V	GCT	A	968
NC_045512.2	16371	T	C	14829	14399	36	2	1	37	0.000134844	14832	0.999741	FALSE	ORF1ab:cds-YP_009724389.1	GTT	V	GTC	V	968
NC_045512.2	16371	T	A	14829	14399	36	1	1	25	6.74218e-05	14832	1	FALSE	ORF1ab:cds-YP_009724389.1	GTT	V	GTA	V	968
NC_045512.2	16372	A	T	14608	14242	36	1	1	25	6.84416e-05	14611	1	FALSE	ORF1ab:cds-YP_009724389.1	AAT	N	TAT	Y	969
NC_045512.2	16372	A	G	14608	14242	36	2	2	31	0.000136883	14611	0.999741	FALSE	ORF1ab:cds-YP_009724389.1	AAT	N	GAT	D	969
NC_045512.2	16373	A	C	14076	13718	35	5	4	29	0.000355088	14081	1	FALSE	ORF1ab:cds-YP_009724389.1	AAT	N	ACT	T	969
NC_045512.2	16374	T	C	14194	13917	36	4	4	37	0.00028173	14198	0.996242	FALSE	ORF1ab:cds-YP_009724389.1	AAT	N	AAC	N	969
NC_045512.2	16375	C	T	14544	14298	36	1	1	37	6.87474e-05	14546	0.99997	FALSE	ORF1ab:cds-YP_009724389.1	CCG	P	TCG	S	970
NC_045512.2	16375	C	A	14544	14298	36	1	1	37	6.87474e-05	14546	0.99997	FALSE	ORF1ab:cds-YP_009724389.1	CCG	P	ACG	T	970
NC_045512.2	16376	C	A	12256	12036	36	1	1	37	8.1586e-05	12257	0.999878	FALSE	ORF1ab:cds-YP_009724389.1	CCG	P	CAG	Q	970
NC_045512.2	16377	G	A	12105	11893	36	25	25	35	0.00206101	12130	0.0234461	FALSE	ORF1ab:cds-YP_009724389.1	CCG	P	CCA	P	970
NC_045512.2	16378	T	G	11648	11449	36	1	1	25	8.58295e-05	11651	1	FALSE	ORF1ab:cds-YP_009724389.1	TAT	Y	GAT	D	971
NC_045512.2	16378	T	C	11648	11449	36	2	2	37	0.000171659	11651	0.998295	FALSE	ORF1ab:cds-YP_009724389.1	TAT	Y	CAT	H	971
NC_045512.2	16379	A	C	11322	11150	35	1	1	25	8.83158e-05	11323	1	FALSE	ORF1ab:cds-YP_009724389.1	TAT	Y	TCT	S	971
NC_045512.2	16380	T	G	11506	11342	36	2	2	25	0.000173792	11508	1	FALSE	ORF1ab:cds-YP_009724389.1	TAT	Y	TAG	*	971
NC_045512.2	16381	G	A	11196	11131	36	2	2	31	0.000178603	11198	0.998296	FALSE	ORF1ab:cds-YP_009724389.1	GTT	V	ATT	I	972
NC_045512.2	16384	T	C	67	10	39	1	0	37	0.0147059	68	0.503704	FALSE	ORF1ab:cds-YP_009724389.1	TGC	C	CGC	R	973
NC_045512.2	16483	T	G	86	34	38	1	1	25	0.0114943	87	0.50289	FALSE	ORF1ab:cds-YP_009724389.1	TTG	L	GTG	V	1006
NC_045512.2	16501	G	-T	74	37	36	1	0	20	0.0135135	74	0.506757	FALSE	NA	NA	NA	NA	NA	NA
NC_045512.2	16506	T	C	72	36	38	1	1	37	0.0136986	73	0.503448	FALSE	ORF1ab:cds-YP_009724389.1	TTT	F	TTC	F	1013
NC_045512.2	16539	T	A	78	55	40	1	0	25	0.0126582	79	0.503185	FALSE	ORF1ab:cds-YP_009724389.1	GAT	D	GAA	E	1024
NC_045512.2	16542	T	C	80	57	38	1	1	37	0.0123457	81	0.503106	FALSE	ORF1ab:cds-YP_009724389.1	AAT	N	AAC	N	1025
NC_045512.2	16564	G	A	83	67	41	2	1	49	0.0235294	85	0.251479	FALSE	ORF1ab:cds-YP_009724389.1	GCA	A	ACA	T	1033
NC_045512.2	16582	A	C	78	69	38	1	1	37	0.0126582	79	0.503185	FALSE	ORF1ab:cds-YP_009724389.1	AAT	N	CAT	H	1039
NC_045512.2	16655	C	T	653	6	36	1	0	37	0.00152905	654	0.500383	FALSE	ORF1ab:cds-YP_009724389.1	GCT	A	GTT	V	1063
NC_045512.2	16660	G	A	917	28	37	1	0	37	0.00108932	918	0.500272	FALSE	ORF1ab:cds-YP_009724389.1	GAG	E	AAG	K	1065
NC_045512.2	16668	A	T	1550	41	36	1	0	37	0.000644745	1551	0.750242	FALSE	ORF1ab:cds-YP_009724389.1	ACA	T	ACT	T	1067
NC_045512.2	16669	T	G	1530	41	36	1	0	25	0.000653168	1531	0.999985	FALSE	ORF1ab:cds-YP_009724389.1	TTT	F	GTT	V	1068
NC_045512.2	16673	A	G	1689	42	37	1	0	25	0.000591716	1690	0.999993	FALSE	ORF1ab:cds-YP_009724389.1	AAA	K	AGA	R	1069
NC_045512.2	16676	T	A	1683	43	37	3	0	37	0.00177936	1686	0.312611	FALSE	ORF1ab:cds-YP_009724389.1	CTG	L	CAG	Q	1070
NC_045512.2	16678	T	G	2449	43	36	1	0	25	0.000408163	2450	1	FALSE	ORF1ab:cds-YP_009724389.1	TCT	S	GCT	A	1071
NC_045512.2	16680	T	G	2609	44	36	3	0	25	0.00114855	2612	0.999999	FALSE	ORF1ab:cds-YP_009724389.1	TCT	S	TCG	S	1071
NC_045512.2	16682	A	G	2724	43	36	1	0	37	0.000366972	2725	0.875138	FALSE	ORF1ab:cds-YP_009724389.1	TAT	Y	TGT	C	1072
NC_045512.2	16684	G	T	2723	42	36	1	0	25	0.000367107	2724	1	FALSE	ORF1ab:cds-YP_009724389.1	GGT	G	TGT	C	1073
NC_045512.2	16687	A	G	2827	65	36	1	1	37	0.000353357	2830	0.875	FALSE	ORF1ab:cds-YP_009724389.1	ATT	I	GTT	V	1074
NC_045512.2	16687	A	C	2827	65	36	2	0	25	0.000706714	2830	1	FALSE	ORF1ab:cds-YP_009724389.1	ATT	I	CTT	L	1074
NC_045512.2	16687	A	-T	2827	65	36	1	0	20	0.000353357	2830	1	FALSE	NA	NA	NA	NA	NA	NA
NC_045512.2	16690	G	A	2986	70	37	1	0	37	0.000334784	2987	0.875126	FALSE	ORF1ab:cds-YP_009724389.1	GCT	A	ACT	T	1075
NC_045512.2	16691	C	T	2977	72	37	1	1	74	0.000335796	2978	0.500084	FALSE	ORF1ab:cds-YP_009724389.1	GCT	A	GTT	V	1075
NC_045512.2	16692	T	C	3014	71	37	1	0	74	0.000331675	3015	0.500083	FALSE	ORF1ab:cds-YP_009724389.1	GCT	A	GCC	A	1075
NC_045512.2	16693	A	G	2996	77	37	1	0	37	0.000333556	2998	0.875063	FALSE	ORF1ab:cds-YP_009724389.1	ACT	T	GCT	A	1076
NC_045512.2	16693	A	C	2996	77	37	1	0	25	0.000333556	2998	1	FALSE	ORF1ab:cds-YP_009724389.1	ACT	T	CCT	P	1076
NC_045512.2	16697	T	C	3076	90	37	1	0	37	0.000324992	3077	0.937602	FALSE	ORF1ab:cds-YP_009724389.1	GTA	V	GCA	A	1077
NC_045512.2	16698	A	G	3110	91	37	1	0	37	0.00032144	3111	0.9376	FALSE	ORF1ab:cds-YP_009724389.1	GTA	V	GTG	V	1077
NC_045512.2	16699	C	T	3111	93	37	2	0	31	0.000642467	3113	0.812701	FALSE	ORF1ab:cds-YP_009724389.1	CGT	R	TGT	C	1078
NC_045512.2	16700	G	T	3169	95	37	1	0	37	0.00031506	3174	0.937441	FALSE	ORF1ab:cds-YP_009724389.1	CGT	R	CTT	L	1078
NC_045512.2	16700	G	A	3169	95	37	4	0	37	0.00126024	3174	0.5	FALSE	ORF1ab:cds-YP_009724389.1	CGT	R	CAT	H	1078
NC_045512.2	16701	T	C	3148	93	37	2	0	31	0.000634921	3150	0.812698	FALSE	ORF1ab:cds-YP_009724389.1	CGT	R	CGC	R	1078
NC_045512.2	16702	G	T	3184	95	37	1	0	25	0.000313972	3185	1	FALSE	ORF1ab:cds-YP_009724389.1	GAA	E	TAA	*	1079
NC_045512.2	16705	G	A	3250	95	37	1	0	37	0.000307598	3251	0.937596	FALSE	ORF1ab:cds-YP_009724389.1	GTG	V	ATG	M	1080
NC_045512.2	16707	G	A	3277	115	38	3	0	33	0.000914634	3280	0.656464	FALSE	ORF1ab:cds-YP_009724389.1	GTG	V	GTA	V	1080
NC_045512.2	16708	C	T	3221	117	37	8	1	37	0.00247755	3229	0.113181	FALSE	ORF1ab:cds-YP_009724389.1	CTG	L	TTG	L	1081
NC_045512.2	16710	G	A	3394	120	37	1	0	37	0.000294551	3395	0.937592	FALSE	ORF1ab:cds-YP_009724389.1	CTG	L	CTA	L	1081
NC_045512.2	16713	T	A	3415	133	38	1	0	37	0.00029274	3416	0.937591	FALSE	ORF1ab:cds-YP_009724389.1	TCT	S	TCA	S	1082
NC_045512.2	16716	C	T	3402	171	38	1	0	37	0.000293858	3403	0.937592	FALSE	ORF1ab:cds-YP_009724389.1	GAC	D	GAT	D	1083
NC_045512.2	16718	G	T	3450	174	38	1	0	25	0.000289687	3452	1	FALSE	ORF1ab:cds-YP_009724389.1	AGA	R	ATA	I	1084
NC_045512.2	16718	G	A	3450	174	38	1	0	37	0.000289687	3452	0.937554	FALSE	ORF1ab:cds-YP_009724389.1	AGA	R	AAA	K	1084
NC_045512.2	16718	G	-A	3450	174	38	1	0	20	0.000289687	3452	1	FALSE	NA	NA	NA	NA	NA	NA
NC_045512.2	16721	A	G	3668	202	39	1	1	37	0.000272554	3669	0.937585	FALSE	ORF1ab:cds-YP_009724389.1	GAA	E	GGA	G	1085
NC_045512.2	16722	A	C	3542	206	38	3	0	29	0.000846262	3545	1	FALSE	ORF1ab:cds-YP_009724389.1	GAA	E	GAC	D	1085
NC_045512.2	16724	T	C	3706	216	39	1	0	37	0.00026976	3707	0.937584	FALSE	ORF1ab:cds-YP_009724389.1	TTA	L	TCA	S	1086
NC_045512.2	16726	C	T	3686	247	39	1	0	37	0.000271223	3687	0.937585	FALSE	ORF1ab:cds-YP_009724389.1	CAT	H	TAT	Y	1087
NC_045512.2	16727	A	C	3674	243	39	1	0	25	0.000272109	3675	1	FALSE	ORF1ab:cds-YP_009724389.1	CAT	H	CCT	P	1087
NC_045512.2	16728	T	G	3748	254	39	1	0	25	0.000266667	3750	1	FALSE	ORF1ab:cds-YP_009724389.1	CAT	H	CAG	Q	1087
NC_045512.2	16728	T	A	3748	254	39	1	1	74	0.000266667	3750	0.5	FALSE	ORF1ab:cds-YP_009724389.1	CAT	H	CAA	Q	1087
NC_045512.2	16730	T	G	3693	285	39	1	0	25	0.000270709	3694	1	FALSE	ORF1ab:cds-YP_009724389.1	CTT	L	CGT	R	1088
NC_045512.2	16731	T	G	3637	290	39	1	0	25	0.000274876	3638	1	FALSE	ORF1ab:cds-YP_009724389.1	CTT	L	CTG	L	1088
NC_045512.2	16732	T	A	3737	292	40	1	0	37	0.000267523	3738	0.937584	FALSE	ORF1ab:cds-YP_009724389.1	TCA	S	ACA	T	1089
NC_045512.2	16736	G	T	3767	386	41	1	0	25	0.000265322	3769	1	FALSE	ORF1ab:cds-YP_009724389.1	TGG	W	TTG	L	1090
NC_045512.2	16736	G	A	3767	386	41	1	0	37	0.000265322	3769	0.93755	FALSE	ORF1ab:cds-YP_009724389.1	TGG	W	TAG	*	1090
NC_045512.2	16737	G	T	3738	386	40	1	0	37	0.000267451	3739	0.937584	FALSE	ORF1ab:cds-YP_009724389.1	TGG	W	TGT	C	1090
NC_045512.2	16739	A	G	3755	393	41	1	1	62	0.000266241	3756	0.500067	FALSE	ORF1ab:cds-YP_009724389.1	GAA	E	GGA	G	1091
NC_045512.2	16744	G	C	3840	448	41	1	0	25	0.000260281	3842	1	FALSE	ORF1ab:cds-YP_009724389.1	GGT	G	CGT	R	1093
NC_045512.2	16744	G	A	3840	448	41	1	0	37	0.000260281	3842	0.937549	FALSE	ORF1ab:cds-YP_009724389.1	GGT	G	AGT	S	1093
NC_045512.2	16745	G	T	3788	446	41	1	0	37	0.000263713	3792	0.937484	FALSE	ORF1ab:cds-YP_009724389.1	GGT	G	GTT	V	1093
NC_045512.2	16745	G	C	3788	446	41	1	0	25	0.000263713	3792	1	FALSE	ORF1ab:cds-YP_009724389.1	GGT	G	GCT	A	1093
NC_045512.2	16745	G	A	3788	446	41	2	0	55	0.000527426	3792	0.249901	FALSE	ORF1ab:cds-YP_009724389.1	GGT	G	GAT	D	1093
NC_045512.2	16746	T	C	3812	454	41	1	0	37	0.000262261	3813	0.937582	FALSE	ORF1ab:cds-YP_009724389.1	GGT	G	GGC	G	1093
NC_045512.2	16751	C	A	3967	505	40	1	0	37	0.000252016	3968	0.937579	FALSE	ORF1ab:cds-YP_009724389.1	CCT	P	CAT	H	1095
NC_045512.2	16752	T	C	4012	502	40	1	1	37	0.00024919	4013	0.968808	FALSE	ORF1ab:cds-YP_009724389.1	CCT	P	CCC	P	1095
NC_045512.2	16753	A	G	3909	540	40	2	0	37	0.000511378	3911	0.81266	FALSE	ORF1ab:cds-YP_009724389.1	AGA	R	GGA	G	1096
NC_045512.2	16755	A	G	3933	544	40	2	0	37	0.00050813	3936	0.812579	FALSE	ORF1ab:cds-YP_009724389.1	AGA	R	AGG	R	1096
NC_045512.2	16755	A	C	3933	544	40	1	1	29	0.000254065	3936	1	FALSE	ORF1ab:cds-YP_009724389.1	AGA	R	AGC	S	1096
NC_045512.2	16757	C	A	3731	615	40	1	0	25	0.000267953	3732	1	FALSE	ORF1ab:cds-YP_009724389.1	CCA	P	CAA	Q	1097
NC_045512.2	16759	C	T	3767	631	40	2	0	37	0.000530645	3769	0.812666	FALSE	ORF1ab:cds-YP_009724389.1	CCA	P	TCA	S	1098
NC_045512.2	16761	A	G	3756	629	39	1	1	37	0.000266099	3758	0.93755	FALSE	ORF1ab:cds-YP_009724389.1	CCA	P	CCG	P	1098
NC_045512.2	16761	A	C	3756	629	39	1	0	25	0.000266099	3758	1	FALSE	ORF1ab:cds-YP_009724389.1	CCA	P	CCC	P	1098
NC_045512.2	16763	T	C	3757	641	39	1	0	25	0.000266099	3758	1	FALSE	ORF1ab:cds-YP_009724389.1	CTT	L	CCT	P	1099
NC_045512.2	16764	T	G	3646	658	39	2	1	27	0.000548246	3648	1	FALSE	ORF1ab:cds-YP_009724389.1	CTT	L	CTG	L	1099
NC_045512.2	16768	C	T	3292	802	38	1	1	37	0.000303674	3293	0.937595	FALSE	ORF1ab:cds-YP_009724389.1	CGA	R	TGA	*	1101
NC_045512.2	16772	A	C	3416	903	39	1	1	25	0.000292654	3417	1	FALSE	ORF1ab:cds-YP_009724389.1	AAT	N	ACT	T	1102
NC_045512.2	16774	T	C	3436	935	39	2	0	37	0.000581734	3438	0.812682	FALSE	ORF1ab:cds-YP_009724389.1	TAT	Y	CAT	H	1103
NC_045512.2	16775	A	C	3421	888	39	1	1	25	0.000292227	3422	1	FALSE	ORF1ab:cds-YP_009724389.1	TAT	Y	TCT	S	1103
NC_045512.2	16778	T	G	2584	988	38	1	1	25	0.000386847	2585	1	FALSE	ORF1ab:cds-YP_009724389.1	GTC	V	GGC	G	1104
NC_045512.2	16781	T	G	2794	1124	38	1	1	37	0.000357782	2795	0.875134	FALSE	ORF1ab:cds-YP_009724389.1	TTT	F	TGT	C	1105
NC_045512.2	16783	A	T	2865	1199	39	1	1	37	0.000348675	2868	0.875	FALSE	ORF1ab:cds-YP_009724389.1	ACT	T	TCT	S	1106
NC_045512.2	16783	A	G	2865	1199	39	1	1	37	0.000348675	2868	0.875	FALSE	ORF1ab:cds-YP_009724389.1	ACT	T	GCT	A	1106
NC_045512.2	16783	A	C	2865	1199	39	1	1	25	0.000348675	2868	1	FALSE	ORF1ab:cds-YP_009724389.1	ACT	T	CCT	P	1106
NC_045512.2	16785	T	C	2835	1204	38	3	2	33	0.00105671	2839	0.5	FALSE	ORF1ab:cds-YP_009724389.1	ACT	T	ACC	T	1106
NC_045512.2	16785	T	A	2835	1204	38	1	0	37	0.000352237	2839	0.874934	FALSE	ORF1ab:cds-YP_009724389.1	ACT	T	ACA	T	1106
NC_045512.2	16792	C	T	2747	1222	38	2	0	37	0.000727537	2749	0.687705	FALSE	ORF1ab:cds-YP_009724389.1	CGT	R	TGT	C	1109
NC_045512.2	16793	G	A	2730	1221	38	2	2	31	0.000732064	2732	0.687706	FALSE	ORF1ab:cds-YP_009724389.1	CGT	R	CAT	H	1109
NC_045512.2	16794	T	G	2700	1193	38	1	1	25	0.000370096	2702	1	FALSE	ORF1ab:cds-YP_009724389.1	CGT	R	CGG	R	1109
NC_045512.2	16794	T	C	2700	1193	38	1	0	37	0.000370096	2702	0.875069	FALSE	ORF1ab:cds-YP_009724389.1	CGT	R	CGC	R	1109
NC_045512.2	16798	A	C	2765	1319	38	1	0	25	0.000361533	2766	1	FALSE	ORF1ab:cds-YP_009724389.1	ACT	T	CCT	P	1111
NC_045512.2	16800	T	G	2808	1327	38	1	0	29	0.000355999	2809	1	FALSE	ORF1ab:cds-YP_009724389.1	ACT	T	ACG	T	1111
NC_045512.2	16800	T	-A	2808	1327	38	3	0	20	0.001068	2809	1	FALSE	NA	NA	NA	NA	NA	NA
NC_045512.2	16801	A	C	2760	1347	38	2	1	25	0.000724113	2762	1	FALSE	ORF1ab:cds-YP_009724389.1	AAA	K	CAA	Q	1112
NC_045512.2	16803	A	C	2703	1261	37	3	3	25	0.00110865	2706	1	FALSE	ORF1ab:cds-YP_009724389.1	AAA	K	AAC	N	1112
NC_045512.2	16804	A	C	2708	1269	37	1	1	25	0.00036914	2709	1	FALSE	ORF1ab:cds-YP_009724389.1	AAC	N	CAC	H	1113
NC_045512.2	16805	A	T	2662	1286	37	1	0	25	0.000375094	2666	1	FALSE	ORF1ab:cds-YP_009724389.1	AAC	N	ATC	I	1113
NC_045512.2	16805	A	G	2662	1286	37	2	2	37	0.000750188	2666	0.68743	FALSE	ORF1ab:cds-YP_009724389.1	AAC	N	AGC	S	1113
NC_045512.2	16805	A	C	2662	1286	37	1	1	25	0.000375094	2666	1	FALSE	ORF1ab:cds-YP_009724389.1	AAC	N	ACC	T	1113
NC_045512.2	16806	C	A	2823	1383	37	2	1	37	0.000707965	2825	0.687699	FALSE	ORF1ab:cds-YP_009724389.1	AAC	N	AAA	K	1113
NC_045512.2	16808	G	A	2768	1279	37	1	1	37	0.000361141	2769	0.875135	FALSE	ORF1ab:cds-YP_009724389.1	AGT	S	AAT	N	1114
NC_045512.2	16810	A	T	2772	1365	37	1	1	25	0.00036036	2775	1	FALSE	ORF1ab:cds-YP_009724389.1	AAA	K	TAA	*	1115
NC_045512.2	16810	A	G	2772	1365	37	1	0	37	0.00036036	2775	0.875	FALSE	ORF1ab:cds-YP_009724389.1	AAA	K	GAA	E	1115
NC_045512.2	16810	A	C	2772	1365	37	1	0	25	0.00036036	2775	1	FALSE	ORF1ab:cds-YP_009724389.1	AAA	K	CAA	Q	1115
NC_045512.2	16812	A	G	2733	1358	37	1	1	25	0.000365764	2734	1	FALSE	ORF1ab:cds-YP_009724389.1	AAA	K	AAG	K	1115
NC_045512.2	16815	A	G	2803	1375	37	1	0	37	0.000356633	2804	0.875134	FALSE	ORF1ab:cds-YP_009724389.1	GTA	V	GTG	V	1116
NC_045512.2	16817	A	C	2801	1336	37	1	0	29	0.000356888	2802	1	FALSE	ORF1ab:cds-YP_009724389.1	CAA	Q	CCA	P	1117
NC_045512.2	16818	A	G	2797	1305	37	1	0	25	0.00035727	2799	1	FALSE	ORF1ab:cds-YP_009724389.1	CAA	Q	CAG	Q	1117
NC_045512.2	16818	A	C	2797	1305	37	1	0	37	0.00035727	2799	0.875067	FALSE	ORF1ab:cds-YP_009724389.1	CAA	Q	CAC	H	1117
NC_045512.2	16820	T	G	2750	1333	37	1	0	25	0.000363504	2751	1	FALSE	ORF1ab:cds-YP_009724389.1	ATA	I	AGA	R	1118
NC_045512.2	16821	A	T	2611	1338	37	1	1	37	0.000382702	2613	0.875072	FALSE	ORF1ab:cds-YP_009724389.1	ATA	I	ATT	I	1118
NC_045512.2	16821	A	G	2611	1338	37	1	0	37	0.000382702	2613	0.875072	FALSE	ORF1ab:cds-YP_009724389.1	ATA	I	ATG	M	1118
NC_045512.2	16823	G	A	2623	1306	37	1	0	37	0.000381098	2624	0.875143	FALSE	ORF1ab:cds-YP_009724389.1	GGA	G	GAA	E	1119
NC_045512.2	16824	A	G	2613	1265	37	1	1	37	0.000382555	2614	0.875143	FALSE	ORF1ab:cds-YP_009724389.1	GGA	G	GGG	G	1119
NC_045512.2	16827	G	A	2776	1235	37	1	0	37	0.000360101	2777	0.875135	FALSE	ORF1ab:cds-YP_009724389.1	GAG	E	GAA	E	1120
NC_045512.2	16828	T	C	2768	1272	37	1	1	37	0.000361141	2769	0.875135	FALSE	ORF1ab:cds-YP_009724389.1	TAC	Y	CAC	H	1121
NC_045512.2	16830	C	T	2921	1402	37	1	1	37	0.000341997	2924	0.875	FALSE	ORF1ab:cds-YP_009724389.1	TAC	Y	TAT	Y	1121
NC_045512.2	16830	C	G	2921	1402	37	1	1	37	0.000341997	2924	0.875	FALSE	ORF1ab:cds-YP_009724389.1	TAC	Y	TAG	*	1121
NC_045512.2	16830	C	A	2921	1402	37	1	1	37	0.000341997	2924	0.875	FALSE	ORF1ab:cds-YP_009724389.1	TAC	Y	TAA	*	1121
NC_045512.2	16831	A	G	2834	1325	37	1	0	37	0.000352609	2836	0.875066	FALSE	ORF1ab:cds-YP_009724389.1	ACC	T	GCC	A	1122
NC_045512.2	16831	A	C	2834	1325	37	1	1	25	0.000352609	2836	1	FALSE	ORF1ab:cds-YP_009724389.1	ACC	T	CCC	P	1122
NC_045512.2	16831	A	+G	2834	1325	37	1	0	20	0.000352609	2836	1	FALSE	NA	NA	NA	NA	NA	NA
NC_045512.2	16832	C	T	2957	1413	37	1	0	37	0.000338066	2958	0.875127	FALSE	ORF1ab:cds-YP_009724389.1	ACC	T	ATC	I	1122
NC_045512.2	16833	C	A	2909	1413	37	1	0	37	0.000343643	2910	0.875129	FALSE	ORF1ab:cds-YP_009724389.1	ACC	T	ACA	T	1122
NC_045512.2	16834	T	A	2656	1190	36	2	2	25	0.000752445	2658	1	FALSE	ORF1ab:cds-YP_009724389.1	TTT	F	ATT	I	1123
NC_045512.2	16835	T	C	2693	1254	37	1	0	37	0.000371195	2694	0.875139	FALSE	ORF1ab:cds-YP_009724389.1	TTT	F	TCT	S	1123
NC_045512.2	16836	T	C	2972	1515	38	1	0	37	0.000336361	2973	0.875126	FALSE	ORF1ab:cds-YP_009724389.1	TTT	F	TTC	F	1123
NC_045512.2	16837	G	-A	3051	1564	38	5	0	20	0.00163881	3051	0.999998	FALSE	NA	NA	NA	NA	NA	NA
NC_045512.2	16838	A	G	3052	1587	38	2	2	37	0.000654879	3054	0.812193	FALSE	ORF1ab:cds-YP_009724389.1	GAA	E	GGA	G	1124
NC_045512.2	16839	A	T	3047	1566	38	1	1	37	0.000327976	3049	0.937562	FALSE	ORF1ab:cds-YP_009724389.1	GAA	E	GAT	D	1124
NC_045512.2	16839	A	C	3047	1566	38	1	0	29	0.000327976	3049	1	FALSE	ORF1ab:cds-YP_009724389.1	GAA	E	GAC	D	1124
NC_045512.2	16842	A	G	2965	1556	38	3	0	49	0.00101078	2968	0.125	FALSE	ORF1ab:cds-YP_009724389.1	AAA	K	AAG	K	1125
NC_045512.2	16842	A	-G	2965	1556	38	1	0	20	0.000336927	2968	1	FALSE	NA	NA	NA	NA	NA	NA
NC_045512.2	16843	G	T	3042	1595	38	1	1	25	0.000328299	3046	1	FALSE	ORF1ab:cds-YP_009724389.1	GGT	G	TGT	C	1126
NC_045512.2	16843	G	A	3042	1595	38	3	1	33	0.000984898	3046	0.656173	FALSE	ORF1ab:cds-YP_009724389.1	GGT	G	AGT	S	1126
NC_045512.2	16844	G	A	3048	1625	38	1	0	48	0.000327976	3049	0.500082	FALSE	ORF1ab:cds-YP_009724389.1	GGT	G	GAT	D	1126
NC_045512.2	16845	T	C	3009	1640	38	1	0	37	0.000332226	3010	0.937604	FALSE	ORF1ab:cds-YP_009724389.1	GGT	G	GGC	G	1126
NC_045512.2	16847	A	G	3079	1641	38	1	1	25	0.000324675	3080	1	FALSE	ORF1ab:cds-YP_009724389.1	GAC	D	GGC	G	1127
NC_045512.2	16848	C	T	3125	1668	36	3	0	49	0.000959079	3128	0.125	FALSE	ORF1ab:cds-YP_009724389.1	GAC	D	GAT	D	1127
NC_045512.2	16849	T	C	3151	1675	39	1	1	37	0.000317259	3152	0.937599	FALSE	ORF1ab:cds-YP_009724389.1	TAT	Y	CAT	H	1128
NC_045512.2	16850	A	T	2900	1700	37	1	1	37	0.000344709	2901	0.875129	FALSE	ORF1ab:cds-YP_009724389.1	TAT	Y	TTT	F	1128
NC_045512.2	16852	G	A	2923	1693	38	1	1	37	0.000341997	2924	0.875128	FALSE	ORF1ab:cds-YP_009724389.1	GGT	G	AGT	S	1129
NC_045512.2	16858	G	A	3154	1990	38	3	3	37	0.000950269	3157	0.656473	FALSE	ORF1ab:cds-YP_009724389.1	GCT	A	ACT	T	1131
NC_045512.2	16859	C	T	3181	2024	38	1	1	37	0.000314268	3182	0.937598	FALSE	ORF1ab:cds-YP_009724389.1	GCT	A	GTT	V	1131
NC_045512.2	16867	T	G	3109	1940	38	1	1	25	0.00032144	3111	1	FALSE	ORF1ab:cds-YP_009724389.1	TAC	Y	GAC	D	1134
NC_045512.2	16867	T	A	3109	1940	38	1	0	25	0.00032144	3111	1	FALSE	ORF1ab:cds-YP_009724389.1	TAC	Y	AAC	N	1134
NC_045512.2	16869	C	T	3159	2021	38	2	1	55	0.000632711	3161	0.25004	FALSE	ORF1ab:cds-YP_009724389.1	TAC	Y	TAT	Y	1134
NC_045512.2	16870	C	T	3027	1884	38	1	1	37	0.000330142	3029	0.937562	FALSE	ORF1ab:cds-YP_009724389.1	CGA	R	TGA	*	1135
NC_045512.2	16870	C	A	3027	1884	38	1	1	37	0.000330142	3029	0.937562	FALSE	ORF1ab:cds-YP_009724389.1	CGA	R	AGA	R	1135
NC_045512.2	16871	G	T	3130	1998	39	1	1	37	0.000319387	3131	0.9376	FALSE	ORF1ab:cds-YP_009724389.1	CGA	R	CTA	L	1135
NC_045512.2	16872	A	G	3094	1970	39	2	2	37	0.000645995	3096	0.812702	FALSE	ORF1ab:cds-YP_009724389.1	CGA	R	CGG	R	1135
NC_045512.2	16873	G	T	3121	1966	38	1	1	37	0.000320307	3122	0.9376	FALSE	ORF1ab:cds-YP_009724389.1	GGT	G	TGT	C	1136
NC_045512.2	16875	T	G	3136	1986	39	1	0	25	0.000318674	3138	1	FALSE	ORF1ab:cds-YP_009724389.1	GGT	G	GGG	G	1136
NC_045512.2	16875	T	C	3136	1986	39	1	1	37	0.000318674	3138	0.93756	FALSE	ORF1ab:cds-YP_009724389.1	GGT	G	GGC	G	1136
NC_045512.2	16876	A	G	3178	2046	38	1	1	62	0.000314367	3181	0.499921	FALSE	ORF1ab:cds-YP_009724389.1	ACA	T	GCA	A	1137
NC_045512.2	16876	A	C	3178	2046	38	2	0	25	0.000628733	3181	1	FALSE	ORF1ab:cds-YP_009724389.1	ACA	T	CCA	P	1137
NC_045512.2	16877	C	T	3205	2051	39	3	3	33	0.000935162	3208	0.656469	FALSE	ORF1ab:cds-YP_009724389.1	ACA	T	ATA	I	1137
NC_045512.2	16878	A	T	3165	2022	38	1	1	37	0.000315856	3166	0.937599	FALSE	ORF1ab:cds-YP_009724389.1	ACA	T	ACT	T	1137
NC_045512.2	16879	A	C	3130	2000	38	2	2	31	0.00063857	3132	0.8127	FALSE	ORF1ab:cds-YP_009724389.1	ACA	T	CCA	P	1138
NC_045512.2	16880	C	T	3134	2087	38	1	1	37	0.000318979	3135	0.9376	FALSE	ORF1ab:cds-YP_009724389.1	ACA	T	ATA	I	1138
NC_045512.2	16882	A	G	3251	2234	39	1	1	37	0.000307503	3252	0.937596	FALSE	ORF1ab:cds-YP_009724389.1	ACT	T	GCT	A	1139
NC_045512.2	16885	T	C	3197	2184	39	1	1	37	0.000312695	3198	0.937598	FALSE	ORF1ab:cds-YP_009724389.1	TAC	Y	CAC	H	1140
NC_045512.2	16887	C	T	3175	2199	39	1	1	37	0.000314861	3176	0.937598	FALSE	ORF1ab:cds-YP_009724389.1	TAC	Y	TAT	Y	1140
NC_045512.2	16888	A	C	3153	2196	39	1	0	25	0.000317058	3154	1	FALSE	ORF1ab:cds-YP_009724389.1	AAA	K	CAA	Q	1141
NC_045512.2	16890	A	T	3068	2090	38	1	1	25	0.000325733	3070	1	FALSE	ORF1ab:cds-YP_009724389.1	AAA	K	AAT	N	1141
NC_045512.2	16890	A	C	3068	2090	38	1	1	25	0.000325733	3070	1	FALSE	ORF1ab:cds-YP_009724389.1	AAA	K	AAC	N	1141
NC_045512.2	16891	T	G	3145	2173	38	2	1	33	0.000635324	3148	0.812599	FALSE	ORF1ab:cds-YP_009724389.1	TTA	L	GTA	V	1142
NC_045512.2	16891	T	A	3145	2173	38	1	0	37	0.000317662	3148	0.93752	FALSE	ORF1ab:cds-YP_009724389.1	TTA	L	ATA	I	1142
NC_045512.2	16893	A	G	3127	2147	39	1	1	37	0.000319489	3130	0.93752	FALSE	ORF1ab:cds-YP_009724389.1	TTA	L	TTG	L	1142
NC_045512.2	16893	A	C	3127	2147	39	2	2	37	0.000638978	3130	0.8126	FALSE	ORF1ab:cds-YP_009724389.1	TTA	L	TTC	F	1142
NC_045512.2	16895	A	T	3244	2309	39	1	1	37	0.000307692	3250	0.937404	FALSE	ORF1ab:cds-YP_009724389.1	AAT	N	ATT	I	1143
NC_045512.2	16895	A	C	3244	2309	39	5	5	28	0.00153846	3250	0.999999	FALSE	ORF1ab:cds-YP_009724389.1	AAT	N	ACT	T	1143
NC_045512.2	16896	T	G	3507	2586	40	1	1	25	0.000285063	3508	1	FALSE	ORF1ab:cds-YP_009724389.1	AAT	N	AAG	K	1143
NC_045512.2	16898	T	C	3495	2625	40	1	1	37	0.000286041	3496	0.937589	FALSE	ORF1ab:cds-YP_009724389.1	GTT	V	GCT	A	1144
NC_045512.2	16899	T	G	3501	2677	40	2	2	27	0.000570776	3504	1	FALSE	ORF1ab:cds-YP_009724389.1	GTT	V	GTG	V	1144
NC_045512.2	16899	T	C	3501	2677	40	1	0	37	0.000285388	3504	0.937518	FALSE	ORF1ab:cds-YP_009724389.1	GTT	V	GTC	V	1144
NC_045512.2	16902	T	C	3663	2882	40	1	1	37	0.000272926	3664	0.937585	FALSE	ORF1ab:cds-YP_009724389.1	GGT	G	GGC	G	1145
NC_045512.2	16905	T	G	3646	2888	40	3	1	28	0.000822143	3649	1	FALSE	ORF1ab:cds-YP_009724389.1	GAT	D	GAG	E	1146
NC_045512.2	16908	T	G	3694	2970	40	1	0	25	0.000270636	3695	1	FALSE	ORF1ab:cds-YP_009724389.1	TAT	Y	TAG	*	1147
NC_045512.2	16909	T	A	3628	2944	39	1	1	25	0.000275558	3629	1	FALSE	ORF1ab:cds-YP_009724389.1	TTT	F	ATT	I	1148
NC_045512.2	16910	T	G	3739	3059	40	1	1	25	0.00026738	3740	1	FALSE	ORF1ab:cds-YP_009724389.1	TTT	F	TGT	C	1148
NC_045512.2	16911	T	A	3870	3189	41	1	1	25	0.000258331	3871	1	FALSE	ORF1ab:cds-YP_009724389.1	TTT	F	TTA	L	1148
NC_045512.2	16914	G	T	4051	3469	41	1	1	29	0.000246548	4056	1	FALSE	ORF1ab:cds-YP_009724389.1	GTG	V	GTT	V	1149
NC_045512.2	16914	G	A	4051	3469	41	4	2	46	0.000986193	4056	0.0624538	FALSE	ORF1ab:cds-YP_009724389.1	GTG	V	GTA	V	1149
NC_045512.2	16915	C	T	4086	3506	41	6	4	47	0.00146628	4092	0.0156078	FALSE	ORF1ab:cds-YP_009724389.1	CTG	L	TTG	L	1150
NC_045512.2	16917	G	A	4144	3605	41	2	2	37	0.000482393	4146	0.890766	FALSE	ORF1ab:cds-YP_009724389.1	CTG	L	CTA	L	1150
NC_045512.2	16918	A	G	4117	3606	41	1	1	37	0.000242836	4118	0.968807	FALSE	ORF1ab:cds-YP_009724389.1	ACA	T	GCA	A	1151
NC_045512.2	16919	C	T	4146	3632	41	2	2	37	0.00048216	4148	0.890766	FALSE	ORF1ab:cds-YP_009724389.1	ACA	T	ATA	I	1151
NC_045512.2	16920	A	G	4138	3637	41	1	1	37	0.000241488	4141	0.968769	FALSE	ORF1ab:cds-YP_009724389.1	ACA	T	ACG	T	1151
NC_045512.2	16920	A	C	4138	3637	41	2	1	25	0.000482975	4141	1	FALSE	ORF1ab:cds-YP_009724389.1	ACA	T	ACC	T	1151
NC_045512.2	16920	A	+G	4138	3637	41	1	0	20	0.000241488	4141	1	FALSE	NA	NA	NA	NA	NA	NA
NC_045512.2	16921	T	G	4119	3629	40	2	2	31	0.000485201	4122	0.89071	FALSE	ORF1ab:cds-YP_009724389.1	TCA	S	GCA	A	1152
NC_045512.2	16921	T	C	4119	3629	40	1	1	37	0.000242601	4122	0.968769	FALSE	ORF1ab:cds-YP_009724389.1	TCA	S	CCA	P	1152
NC_045512.2	16923	A	G	4116	3672	40	1	1	37	0.000242895	4117	0.968807	FALSE	ORF1ab:cds-YP_009724389.1	TCA	S	TCG	S	1152
NC_045512.2	16924	C	T	4119	3678	40	1	0	37	0.00024266	4121	0.968788	FALSE	ORF1ab:cds-YP_009724389.1	CAT	H	TAT	Y	1153
NC_045512.2	16924	C	G	4119	3678	40	1	1	25	0.00024266	4121	1	FALSE	ORF1ab:cds-YP_009724389.1	CAT	H	GAT	D	1153
NC_045512.2	16927	A	G	4024	3684	39	1	1	37	0.000248447	4025	0.968808	FALSE	ORF1ab:cds-YP_009724389.1	ACA	T	GCA	A	1154
NC_045512.2	16928	C	T	4059	3741	39	2	2	37	0.00049249	4061	0.890769	FALSE	ORF1ab:cds-YP_009724389.1	ACA	T	ATA	I	1154
NC_045512.2	16929	A	G	3913	3596	39	1	1	37	0.000255493	3914	0.93758	FALSE	ORF1ab:cds-YP_009724389.1	ACA	T	ACG	T	1154
NC_045512.2	16930	G	A	3921	3602	39	1	1	37	0.000254972	3922	0.93758	FALSE	ORF1ab:cds-YP_009724389.1	GTA	V	ATA	I	1155
NC_045512.2	16931	T	C	3831	3514	39	2	1	55	0.000521785	3833	0.250033	FALSE	ORF1ab:cds-YP_009724389.1	GTA	V	GCA	A	1155
NC_045512.2	16933	A	C	3679	3392	38	1	1	25	0.000271739	3680	1	FALSE	ORF1ab:cds-YP_009724389.1	ATG	M	CTG	L	1156
NC_045512.2	16934	T	A	3689	3403	39	1	1	22	0.000271003	3690	1	FALSE	ORF1ab:cds-YP_009724389.1	ATG	M	AAG	K	1156
NC_045512.2	16935	G	A	3738	3452	38	2	2	37	0.000534759	3740	0.812667	FALSE	ORF1ab:cds-YP_009724389.1	ATG	M	ATA	I	1156
NC_045512.2	16936	C	T	3780	3498	39	1	1	74	0.00026448	3781	0.500066	FALSE	ORF1ab:cds-YP_009724389.1	CCA	P	TCA	S	1157
NC_045512.2	16937	C	A	3429	3149	39	2	2	31	0.00058292	3431	0.812682	FALSE	ORF1ab:cds-YP_009724389.1	CCA	P	CAA	Q	1157
NC_045512.2	16938	A	T	3431	3161	39	1	1	37	0.00029129	3433	0.937555	FALSE	ORF1ab:cds-YP_009724389.1	CCA	P	CCT	P	1157
NC_045512.2	16938	A	G	3431	3161	39	1	1	37	0.00029129	3433	0.937555	FALSE	ORF1ab:cds-YP_009724389.1	CCA	P	CCG	P	1157
NC_045512.2	16942	A	G	3378	3108	39	1	1	37	0.000295946	3379	0.937592	FALSE	ORF1ab:cds-YP_009724389.1	AGT	S	GGT	G	1159
NC_045512.2	16944	T	G	3251	2993	39	2	2	25	0.000614817	3253	1	FALSE	ORF1ab:cds-YP_009724389.1	AGT	S	AGG	R	1159
NC_045512.2	16945	G	A	3270	3012	39	7	6	37	0.0021361	3277	0.171812	FALSE	ORF1ab:cds-YP_009724389.1	GCA	A	ACA	T	1160
NC_045512.2	16946	C	T	3299	3051	39	4	4	46	0.00121102	3303	0.0624811	FALSE	ORF1ab:cds-YP_009724389.1	GCA	A	GTA	V	1160
NC_045512.2	16947	A	G	3260	3044	39	1	1	37	0.000306654	3261	0.937596	FALSE	ORF1ab:cds-YP_009724389.1	GCA	A	GCG	A	1160
NC_045512.2	16949	C	A	3233	3046	38	2	2	37	0.000618238	3235	0.812693	FALSE	ORF1ab:cds-YP_009724389.1	CCT	P	CAT	H	1161
NC_045512.2	16950	T	G	3055	2866	37	1	1	25	0.000326904	3059	1	FALSE	ORF1ab:cds-YP_009724389.1	CCT	P	CCG	P	1161
NC_045512.2	16950	T	C	3055	2866	37	3	3	37	0.000980713	3059	0.656327	FALSE	ORF1ab:cds-YP_009724389.1	CCT	P	CCC	P	1161
NC_045512.2	16953	A	G	3087	2907	38	1	1	37	0.000323834	3088	0.937601	FALSE	ORF1ab:cds-YP_009724389.1	ACA	T	ACG	T	1162
NC_045512.2	16957	G	A	2745	2593	38	2	2	37	0.000728067	2747	0.687705	FALSE	ORF1ab:cds-YP_009724389.1	GTG	V	ATG	M	1164
NC_045512.2	16959	G	A	2730	2579	38	1	1	37	0.000366166	2731	0.875137	FALSE	ORF1ab:cds-YP_009724389.1	GTG	V	GTA	V	1164
NC_045512.2	16960	C	T	2711	2566	38	2	2	37	0.000737191	2713	0.687707	FALSE	ORF1ab:cds-YP_009724389.1	CCA	P	TCA	S	1165
NC_045512.2	16964	A	G	2611	2509	37	2	2	31	0.000765404	2613	0.687715	FALSE	ORF1ab:cds-YP_009724389.1	CAA	Q	CGA	R	1166
NC_045512.2	16967	A	C	2467	2371	37	1	1	37	0.000405186	2468	0.875152	FALSE	ORF1ab:cds-YP_009724389.1	GAG	E	GCG	A	1167
NC_045512.2	16968	G	A	2505	2409	37	1	1	37	0.000399042	2506	0.87515	FALSE	ORF1ab:cds-YP_009724389.1	GAG	E	GAA	E	1167
NC_045512.2	16969	C	T	2565	2470	37	1	1	37	0.000389712	2566	0.875146	FALSE	ORF1ab:cds-YP_009724389.1	CAC	H	TAC	Y	1168
NC_045512.2	16971	C	A	2526	2435	37	1	1	37	0.000395726	2527	0.875148	FALSE	ORF1ab:cds-YP_009724389.1	CAC	H	CAA	Q	1168
NC_045512.2	16972	T	C	2433	2343	37	2	1	37	0.000821355	2435	0.687731	FALSE	ORF1ab:cds-YP_009724389.1	TAT	Y	CAT	H	1169
NC_045512.2	16975	G	T	2375	2329	37	1	1	37	0.000420875	2376	0.875158	FALSE	ORF1ab:cds-YP_009724389.1	GTT	V	TTT	F	1170
NC_045512.2	16975	G	-T	2375	2329	37	1	0	20	0.000420875	2376	1	FALSE	NA	NA	NA	NA	NA	NA
NC_045512.2	16980	A	G	2241	2197	37	1	1	37	0.00044603	2242	0.875167	FALSE	ORF1ab:cds-YP_009724389.1	AGA	R	AGG	R	1171
NC_045512.2	16982	T	G	1831	1787	36	2	2	37	0.00109111	1833	0.500205	FALSE	ORF1ab:cds-YP_009724389.1	ATT	I	AGT	S	1172
NC_045512.2	16985	C	T	1902	1862	37	1	1	25	0.000525486	1903	0.999999	FALSE	ORF1ab:cds-YP_009724389.1	ACT	T	ATT	I	1173
NC_045512.2	16986	T	G	1817	1778	36	2	2	25	0.0010989	1820	0.999981	FALSE	ORF1ab:cds-YP_009724389.1	ACT	T	ACG	T	1173
NC_045512.2	16986	T	C	1817	1778	36	1	1	37	0.000549451	1820	0.749931	FALSE	ORF1ab:cds-YP_009724389.1	ACT	T	ACC	T	1173
NC_045512.2	16990	T	C	1817	1803	36	1	1	25	0.000550055	1818	0.999998	FALSE	ORF1ab:cds-YP_009724389.1	TTA	L	CTA	L	1175
NC_045512.2	16994	A	G	1667	1651	35	1	1	37	0.00059952	1668	0.750225	FALSE	ORF1ab:cds-YP_009724389.1	TAC	Y	TGC	C	1176
NC_045512.2	16995	C	T	1809	1793	36	1	1	37	0.000552486	1810	0.750207	FALSE	ORF1ab:cds-YP_009724389.1	TAC	Y	TAT	Y	1176
NC_045512.2	16999	A	C	1739	1058	36	1	1	37	0.000574713	1740	0.750216	FALSE	ORF1ab:cds-YP_009724389.1	ACA	T	CCA	P	1178
NC_045512.2	17005	A	T	875	62	36	1	0	37	0.00114025	877	0.5	FALSE	ORF1ab:cds-YP_009724389.1	AAT	N	TAT	Y	1180
NC_045512.2	17005	A	G	875	62	36	1	0	37	0.00114025	877	0.5	FALSE	ORF1ab:cds-YP_009724389.1	AAT	N	GAT	D	1180
NC_045512.2	17006	A	G	879	64	36	1	0	37	0.00113636	880	0.500284	FALSE	ORF1ab:cds-YP_009724389.1	AAT	N	AGT	S	1180
NC_045512.2	17009	T	C	939	69	36	1	0	37	0.00106383	940	0.500266	FALSE	ORF1ab:cds-YP_009724389.1	ATC	I	ACC	T	1181
NC_045512.2	17020	T	G	955	78	36	1	0	37	0.00104603	956	0.500262	FALSE	ORF1ab:cds-YP_009724389.1	TTT	F	GTT	V	1185
NC_045512.2	17022	T	A	948	80	36	1	0	37	0.00105374	949	0.500264	FALSE	ORF1ab:cds-YP_009724389.1	TTT	F	TTA	L	1185
NC_045512.2	17031	T	G	971	116	36	1	0	25	0.00102669	974	0.999041	FALSE	ORF1ab:cds-YP_009724389.1	AAT	N	AAG	K	1188
NC_045512.2	17031	T	C	971	116	36	2	0	31	0.00205339	974	0.249871	FALSE	ORF1ab:cds-YP_009724389.1	AAT	N	AAC	N	1188
NC_045512.2	17035	G	A	1056	168	38	1	0	37	0.000946074	1057	0.750355	FALSE	ORF1ab:cds-YP_009724389.1	GCA	A	ACA	T	1190
NC_045512.2	17036	C	A	1050	172	37	1	0	37	0.000951475	1051	0.750357	FALSE	ORF1ab:cds-YP_009724389.1	GCA	A	GAA	E	1190
NC_045512.2	17044	C	-A	1101	188	38	1	0	20	0.000908265	1101	0.999766	FALSE	NA	NA	NA	NA	NA	NA
NC_045512.2	17048	A	G	1067	185	38	1	1	37	0.000935454	1069	0.750117	FALSE	ORF1ab:cds-YP_009724389.1	AAG	K	AGG	R	1194
NC_045512.2	17048	A	C	1067	185	38	1	0	37	0.000935454	1069	0.750117	FALSE	ORF1ab:cds-YP_009724389.1	AAG	K	ACG	T	1194
NC_045512.2	17051	T	G	1080	200	37	1	0	37	0.000925069	1081	0.750347	FALSE	ORF1ab:cds-YP_009724389.1	GTT	V	GGT	G	1195
NC_045512.2	17053	G	T	1150	203	38	2	1	37	0.00173611	1152	0.500326	FALSE	ORF1ab:cds-YP_009724389.1	GGT	G	TGT	C	1196
NC_045512.2	17058	G	A	1250	349	42	2	0	37	0.00159744	1252	0.5003	FALSE	ORF1ab:cds-YP_009724389.1	ATG	M	ATA	I	1197
NC_045512.2	17060	A	C	1296	434	43	1	0	25	0.00077101	1297	0.999882	FALSE	ORF1ab:cds-YP_009724389.1	CAA	Q	CCA	P	1198
NC_045512.2	17062	A	G	1298	424	43	1	1	74	0.000769823	1299	0.500193	FALSE	ORF1ab:cds-YP_009724389.1	AAG	K	GAG	E	1199
NC_045512.2	17063	A	G	1325	433	43	1	0	37	0.000754148	1326	0.750283	FALSE	ORF1ab:cds-YP_009724389.1	AAG	K	AGG	R	1199
NC_045512.2	17065	T	C	1394	444	43	1	1	25	0.000716846	1395	0.999941	FALSE	ORF1ab:cds-YP_009724389.1	TAT	Y	CAT	H	1200
NC_045512.2	17069	C	T	1475	446	43	1	1	37	0.000677507	1476	0.750254	FALSE	ORF1ab:cds-YP_009724389.1	TCT	S	TTT	F	1201
NC_045512.2	17075	T	C	1605	470	43	1	1	48	0.000622665	1606	0.500156	FALSE	ORF1ab:cds-YP_009724389.1	CTC	L	CCC	P	1203
NC_045512.2	17079	G	T	1625	464	42	1	0	37	0.000615006	1626	0.750231	FALSE	ORF1ab:cds-YP_009724389.1	CAG	Q	CAT	H	1204
NC_045512.2	17080	G	T	1608	467	42	1	0	37	0.000621504	1609	0.750233	FALSE	ORF1ab:cds-YP_009724389.1	GGA	G	TGA	*	1205
NC_045512.2	17083	C	T	1621	467	43	2	0	37	0.00123229	1623	0.500231	FALSE	ORF1ab:cds-YP_009724389.1	CCA	P	TCA	S	1206
NC_045512.2	17086	C	T	1700	551	43	1	0	37	0.000587544	1702	0.750074	FALSE	ORF1ab:cds-YP_009724389.1	CCT	P	TCT	S	1207
NC_045512.2	17086	C	G	1700	551	43	1	0	37	0.000587544	1702	0.750074	FALSE	ORF1ab:cds-YP_009724389.1	CCT	P	GCT	A	1207
NC_045512.2	17093	C	T	1512	717	41	1	1	37	0.000660939	1513	0.750248	FALSE	ORF1ab:cds-YP_009724389.1	ACT	T	ATT	I	1209
NC_045512.2	17094	T	C	1479	687	40	1	0	74	0.000675676	1480	0.500169	FALSE	ORF1ab:cds-YP_009724389.1	ACT	T	ACC	T	1209
NC_045512.2	17101	A	G	1459	751	39	1	0	37	0.000684932	1460	0.750257	FALSE	ORF1ab:cds-YP_009724389.1	AGT	S	GGT	G	1212
NC_045512.2	17102	G	A	1472	744	40	4	2	55	0.00271003	1476	0.0624576	FALSE	ORF1ab:cds-YP_009724389.1	AGT	S	AAT	N	1212
NC_045512.2	17107	T	G	1387	771	37	1	0	25	0.000720461	1388	0.999941	FALSE	ORF1ab:cds-YP_009724389.1	TTT	F	GTT	V	1214
NC_045512.2	17110	G	A	1383	780	38	1	0	37	0.000722543	1384	0.750271	FALSE	ORF1ab:cds-YP_009724389.1	GCT	A	ACT	T	1215
NC_045512.2	17111	C	T	1369	779	37	4	3	46	0.00291333	1373	0.0624544	FALSE	ORF1ab:cds-YP_009724389.1	GCT	A	GTT	V	1215
NC_045512.2	17112	T	G	1369	787	37	1	0	25	0.000729927	1370	0.999941	FALSE	ORF1ab:cds-YP_009724389.1	GCT	A	GCG	A	1215
NC_045512.2	17113	A	G	1355	789	38	1	1	37	0.000737463	1356	0.750277	FALSE	ORF1ab:cds-YP_009724389.1	ATT	I	GTT	V	1216
NC_045512.2	17117	G	A	1432	794	38	3	1	37	0.00209059	1435	0.312631	FALSE	ORF1ab:cds-YP_009724389.1	GGC	G	GAC	D	1217
NC_045512.2	17120	T	G	1395	774	37	1	1	25	0.00071582	1397	0.999941	FALSE	ORF1ab:cds-YP_009724389.1	CTA	L	CGA	R	1218
NC_045512.2	17120	T	C	1395	774	37	1	1	37	0.00071582	1397	0.75009	FALSE	ORF1ab:cds-YP_009724389.1	CTA	L	CCA	P	1218
NC_045512.2	17124	T	G	1477	794	37	1	1	37	0.00067659	1478	0.750254	FALSE	ORF1ab:cds-YP_009724389.1	GCT	A	GCG	A	1219
NC_045512.2	17126	T	C	1550	823	38	1	0	37	0.000644745	1551	0.750242	FALSE	ORF1ab:cds-YP_009724389.1	CTC	L	CCC	P	1220
NC_045512.2	17127	C	G	1629	823	38	1	1	25	0.000613497	1630	0.999993	FALSE	ORF1ab:cds-YP_009724389.1	CTC	L	CTG	L	1220
NC_045512.2	17128	T	C	1635	807	37	1	1	37	0.000611247	1636	0.750229	FALSE	ORF1ab:cds-YP_009724389.1	TAC	Y	CAC	H	1221
NC_045512.2	17131	T	G	1580	753	37	1	1	25	0.000631712	1583	0.999985	FALSE	ORF1ab:cds-YP_009724389.1	TAC	Y	GAC	D	1222
NC_045512.2	17131	T	C	1580	753	37	2	0	37	0.00126342	1583	0.5	FALSE	ORF1ab:cds-YP_009724389.1	TAC	Y	CAC	H	1222
NC_045512.2	17132	A	G	1588	767	37	1	0	37	0.000628931	1590	0.750079	FALSE	ORF1ab:cds-YP_009724389.1	TAC	Y	TGC	C	1222
NC_045512.2	17132	A	C	1588	767	37	1	1	25	0.000628931	1590	0.999985	FALSE	ORF1ab:cds-YP_009724389.1	TAC	Y	TCC	S	1222
NC_045512.2	17133	C	T	1644	827	38	1	0	37	0.000607903	1645	0.750228	FALSE	ORF1ab:cds-YP_009724389.1	TAC	Y	TAT	Y	1222
NC_045512.2	17136	T	C	1518	728	37	1	1	37	0.000658328	1519	0.750247	FALSE	ORF1ab:cds-YP_009724389.1	CCT	P	CCC	P	1223
NC_045512.2	17141	C	T	1670	852	38	2	2	37	0.00119617	1672	0.500224	FALSE	ORF1ab:cds-YP_009724389.1	GCT	A	GTT	V	1225
NC_045512.2	17144	G	A	1648	842	38	7	7	37	0.00422961	1655	0.035057	FALSE	ORF1ab:cds-YP_009724389.1	CGC	R	CAC	H	1226
NC_045512.2	17148	A	-GTGTATACAGCTTGCTCTCATGCCGCT	1660	818	38	1	0	20	0.00060241	1660	0.999993	FALSE	NA	NA	NA	NA	NA	NA
NC_045512.2	17150	T	G	1817	877	37	1	0	37	0.000550055	1818	0.750069	FALSE	ORF1ab:cds-YP_009724389.1	GTG	V	GGG	G	1228
NC_045512.2	17153	A	G	1987	851	38	1	0	37	0.000503018	1988	0.750063	FALSE	ORF1ab:cds-YP_009724389.1	TAT	Y	TGT	C	1229
NC_045512.2	17155	A	C	1947	817	38	1	1	25	0.000513347	1948	0.999999	FALSE	ORF1ab:cds-YP_009724389.1	ACA	T	CCA	P	1230
NC_045512.2	17156	C	T	2035	893	38	3	1	49	0.00147131	2039	0.124816	FALSE	ORF1ab:cds-YP_009724389.1	ACA	T	ATA	I	1230
NC_045512.2	17156	C	A	2035	893	38	1	0	48	0.000490436	2039	0.499632	FALSE	ORF1ab:cds-YP_009724389.1	ACA	T	AAA	K	1230
NC_045512.2	17158	G	A	1868	759	38	2	1	37	0.00106952	1870	0.5	FALSE	ORF1ab:cds-YP_009724389.1	GCT	A	ACT	T	1231
NC_045512.2	17160	T	C	1748	683	39	1	0	37	0.000571755	1749	0.750071	FALSE	ORF1ab:cds-YP_009724389.1	GCT	A	GCC	A	1231
NC_045512.2	17161	T	G	1781	702	40	2	0	37	0.0011217	1783	0.5	FALSE	ORF1ab:cds-YP_009724389.1	TGC	C	GGC	G	1232
NC_045512.2	17162	G	A	1787	709	40	1	0	37	0.000559284	1788	0.75007	FALSE	ORF1ab:cds-YP_009724389.1	TGC	C	TAC	Y	1232
NC_045512.2	17163	C	T	1782	712	40	2	1	37	0.00112108	1784	0.5	FALSE	ORF1ab:cds-YP_009724389.1	TGC	C	TGT	C	1232
NC_045512.2	17166	T	C	1714	692	39	1	1	37	0.00058309	1715	0.750073	FALSE	ORF1ab:cds-YP_009724389.1	TCT	S	TCC	S	1233
NC_045512.2	17170	G	A	1667	714	39	2	1	37	0.00119832	1669	0.5	FALSE	ORF1ab:cds-YP_009724389.1	GCC	A	ACC	T	1235
NC_045512.2	17171	C	T	1668	722	39	2	0	37	0.0011976	1670	0.5	FALSE	ORF1ab:cds-YP_009724389.1	GCC	A	GTC	V	1235
NC_045512.2	17172	C	A	1655	715	39	1	1	37	0.000603865	1656	0.750076	FALSE	ORF1ab:cds-YP_009724389.1	GCC	A	GCA	A	1235
NC_045512.2	17173	G	A	1658	717	39	1	1	37	0.000602773	1659	0.750075	FALSE	ORF1ab:cds-YP_009724389.1	GCT	A	ACT	T	1236
NC_045512.2	17175	T	G	1581	735	38	2	0	31	0.00126342	1583	0.5	FALSE	ORF1ab:cds-YP_009724389.1	GCT	A	GCG	A	1236
NC_045512.2	17177	T	G	1717	758	37	1	0	37	0.000582072	1718	0.750218	FALSE	ORF1ab:cds-YP_009724389.1	GTT	V	GGT	G	1237
NC_045512.2	17180	A	T	1811	751	38	1	1	37	0.000551572	1813	0.750069	FALSE	ORF1ab:cds-YP_009724389.1	GAT	D	GTT	V	1238
NC_045512.2	17180	A	G	1811	751	38	1	0	37	0.000551572	1813	0.750069	FALSE	ORF1ab:cds-YP_009724389.1	GAT	D	GGT	G	1238
NC_045512.2	17182	G	A	1818	754	38	4	3	37	0.00219539	1822	0.1875	FALSE	ORF1ab:cds-YP_009724389.1	GCA	A	ACA	T	1239
NC_045512.2	17183	C	T	1824	767	38	3	0	37	0.00164204	1827	0.312603	FALSE	ORF1ab:cds-YP_009724389.1	GCA	A	GTA	V	1239
NC_045512.2	17184	A	C	1804	754	38	1	0	25	0.000554017	1805	0.999998	FALSE	ORF1ab:cds-YP_009724389.1	GCA	A	GCC	A	1239
NC_045512.2	17187	A	G	1572	648	37	2	0	37	0.00126984	1575	0.5	FALSE	ORF1ab:cds-YP_009724389.1	CTA	L	CTG	L	1240
NC_045512.2	17187	A	C	1572	648	37	1	0	25	0.000634921	1575	0.999985	FALSE	ORF1ab:cds-YP_009724389.1	CTA	L	CTC	L	1240
NC_045512.2	17189	G	T	1662	673	38	1	1	37	0.000601323	1663	0.750226	FALSE	ORF1ab:cds-YP_009724389.1	TGT	C	TTT	F	1241
NC_045512.2	17190	T	C	1612	672	38	1	1	37	0.000619963	1613	0.750233	FALSE	ORF1ab:cds-YP_009724389.1	TGT	C	TGC	C	1241
NC_045512.2	17197	G	T	1551	653	38	2	0	31	0.00128287	1559	0.498794	FALSE	ORF1ab:cds-YP_009724389.1	GCA	A	TCA	S	1244
NC_045512.2	17197	G	A	1551	653	38	6	2	37	0.00384862	1559	0.0621842	FALSE	ORF1ab:cds-YP_009724389.1	GCA	A	ACA	T	1244
NC_045512.2	17199	A	G	1513	677	38	1	0	25	0.000660502	1514	0.999985	FALSE	ORF1ab:cds-YP_009724389.1	GCA	A	GCG	A	1244
NC_045512.2	17200	T	A	1516	654	38	1	1	25	0.000659196	1517	0.999985	FALSE	ORF1ab:cds-YP_009724389.1	TTA	L	ATA	I	1245
NC_045512.2	17202	A	G	1542	678	38	1	0	37	0.000648088	1543	0.750243	FALSE	ORF1ab:cds-YP_009724389.1	TTA	L	TTG	L	1245
NC_045512.2	17203	A	C	1555	669	38	1	1	25	0.000642674	1556	0.999985	FALSE	ORF1ab:cds-YP_009724389.1	AAA	K	CAA	Q	1246
NC_045512.2	17207	A	-T	1592	740	39	1	0	20	0.000628141	1592	0.999985	FALSE	NA	NA	NA	NA	NA	NA
NC_045512.2	17209	T	G	1561	726	39	1	1	25	0.000640205	1562	0.999985	FALSE	ORF1ab:cds-YP_009724389.1	TTG	L	GTG	V	1248
NC_045512.2	17212	C	T	1693	879	40	5	3	37	0.00294464	1698	0.109306	FALSE	ORF1ab:cds-YP_009724389.1	CCT	P	TCT	S	1249
NC_045512.2	17214	T	G	1679	897	40	1	0	25	0.000594884	1681	0.999993	FALSE	ORF1ab:cds-YP_009724389.1	CCT	P	CCG	P	1249
NC_045512.2	17214	T	C	1679	897	40	1	0	37	0.000594884	1681	0.750074	FALSE	ORF1ab:cds-YP_009724389.1	CCT	P	CCC	P	1249
NC_045512.2	17218	G	T	1791	934	40	1	1	25	0.000558036	1792	0.999996	FALSE	ORF1ab:cds-YP_009724389.1	GAT	D	TAT	Y	1251
NC_045512.2	17219	A	C	1783	918	40	1	0	25	0.000560538	1784	0.999996	FALSE	ORF1ab:cds-YP_009724389.1	GAT	D	GCT	A	1251
NC_045512.2	17220	T	G	1797	945	40	1	1	25	0.000556174	1798	0.999996	FALSE	ORF1ab:cds-YP_009724389.1	GAT	D	GAG	E	1251
NC_045512.2	17222	A	G	1769	944	40	1	1	37	0.000564334	1772	0.749929	FALSE	ORF1ab:cds-YP_009724389.1	AAA	K	AGA	R	1252
NC_045512.2	17222	A	C	1769	944	40	2	2	25	0.00112867	1772	0.999963	FALSE	ORF1ab:cds-YP_009724389.1	AAA	K	ACA	T	1252
NC_045512.2	17223	A	T	1749	955	39	1	1	74	0.000571429	1750	0.500143	FALSE	ORF1ab:cds-YP_009724389.1	AAA	K	AAT	N	1252
NC_045512.2	17224	T	G	1852	1043	40	1	0	29	0.000539665	1853	0.999998	FALSE	ORF1ab:cds-YP_009724389.1	TGT	C	GGT	G	1253
NC_045512.2	17227	A	C	1801	1042	40	1	0	37	0.000554939	1802	0.750208	FALSE	ORF1ab:cds-YP_009724389.1	AGT	S	CGT	R	1254
NC_045512.2	17230	A	G	1779	1078	40	1	0	37	0.000561798	1780	0.750211	FALSE	ORF1ab:cds-YP_009724389.1	AGA	R	GGA	G	1255
NC_045512.2	17233	A	C	1869	1146	39	1	1	37	0.000534759	1870	0.750201	FALSE	ORF1ab:cds-YP_009724389.1	ATT	I	CTT	L	1256
NC_045512.2	17234	T	C	1909	1161	39	1	1	37	0.000523286	1911	0.750065	FALSE	ORF1ab:cds-YP_009724389.1	ATT	I	ACT	T	1256
NC_045512.2	17234	T	A	1909	1161	39	1	0	37	0.000523286	1911	0.750065	FALSE	ORF1ab:cds-YP_009724389.1	ATT	I	AAT	N	1256
NC_045512.2	17235	T	C	1946	1184	40	1	0	62	0.000513347	1948	0.5	FALSE	ORF1ab:cds-YP_009724389.1	ATT	I	ATC	I	1256
NC_045512.2	17235	T	A	1946	1184	40	1	0	37	0.000513347	1948	0.750064	FALSE	ORF1ab:cds-YP_009724389.1	ATT	I	ATA	I	1256
NC_045512.2	17237	T	G	1869	1104	39	1	1	25	0.000534759	1870	0.999998	FALSE	ORF1ab:cds-YP_009724389.1	ATA	I	AGA	R	1257
NC_045512.2	17238	A	G	1881	1118	40	2	2	55	0.00106157	1884	0.249934	FALSE	ORF1ab:cds-YP_009724389.1	ATA	I	ATG	M	1257
NC_045512.2	17238	A	C	1881	1118	40	1	1	25	0.000530786	1884	0.999998	FALSE	ORF1ab:cds-YP_009724389.1	ATA	I	ATC	I	1257
NC_045512.2	17239	C	A	1958	1204	40	1	1	25	0.000510465	1959	0.999999	FALSE	ORF1ab:cds-YP_009724389.1	CCT	P	ACT	T	1258
NC_045512.2	17240	C	A	1906	1158	40	1	1	37	0.000524384	1907	0.750197	FALSE	ORF1ab:cds-YP_009724389.1	CCT	P	CAT	H	1258
NC_045512.2	17241	T	G	1832	1083	40	1	1	37	0.000544959	1835	0.749932	FALSE	ORF1ab:cds-YP_009724389.1	CCT	P	CCG	P	1258
NC_045512.2	17241	T	C	1832	1083	40	2	1	55	0.00108992	1835	0.249932	FALSE	ORF1ab:cds-YP_009724389.1	CCT	P	CCC	P	1258
NC_045512.2	17249	C	T	1904	1269	41	1	1	37	0.000524934	1905	0.750197	FALSE	ORF1ab:cds-YP_009724389.1	GCT	A	GTT	V	1261
NC_045512.2	17250	T	G	1954	1492	41	3	3	37	0.00153218	1958	0.312404	FALSE	ORF1ab:cds-YP_009724389.1	GCT	A	GCG	A	1261
NC_045512.2	17250	T	A	1954	1492	41	1	1	74	0.000510725	1958	0.499744	FALSE	ORF1ab:cds-YP_009724389.1	GCT	A	GCA	A	1261
NC_045512.2	17252	G	T	2040	1624	40	1	1	37	0.000489956	2041	0.875184	FALSE	ORF1ab:cds-YP_009724389.1	CGT	R	CTT	L	1262
NC_045512.2	17253	T	G	1970	1575	40	1	0	25	0.000507357	1971	0.999999	FALSE	ORF1ab:cds-YP_009724389.1	CGT	R	CGG	R	1262
NC_045512.2	17256	A	G	1982	1571	40	1	1	37	0.000504286	1983	0.750189	FALSE	ORF1ab:cds-YP_009724389.1	GTA	V	GTG	V	1263
NC_045512.2	17258	A	G	1944	1533	40	1	1	37	0.000514139	1945	0.750193	FALSE	ORF1ab:cds-YP_009724389.1	GAG	E	GGG	G	1264
NC_045512.2	17266	G	T	1807	1392	40	1	1	25	0.000553097	1808	0.999998	FALSE	ORF1ab:cds-YP_009724389.1	GAT	D	TAT	Y	1267
NC_045512.2	17270	A	C	1769	1352	40	1	1	25	0.000564972	1770	0.999996	FALSE	ORF1ab:cds-YP_009724389.1	AAA	K	ACA	T	1268
NC_045512.2	17273	T	C	1785	1368	40	1	1	37	0.00055991	1786	0.75021	FALSE	ORF1ab:cds-YP_009724389.1	TTC	F	TCC	S	1269
NC_045512.2	17277	A	T	1693	1438	37	1	0	25	0.000590319	1694	0.999993	FALSE	ORF1ab:cds-YP_009724389.1	AAA	K	AAT	N	1270
NC_045512.2	17283	T	G	1676	1408	37	1	1	25	0.000596303	1677	0.999993	FALSE	ORF1ab:cds-YP_009724389.1	AAT	N	AAG	K	1272
NC_045512.2	17287	A	G	1683	1407	37	1	0	37	0.000593472	1685	0.750074	FALSE	ORF1ab:cds-YP_009724389.1	ACA	T	GCA	A	1274
NC_045512.2	17287	A	C	1683	1407	37	1	1	25	0.000593472	1685	0.999993	FALSE	ORF1ab:cds-YP_009724389.1	ACA	T	CCA	P	1274
NC_045512.2	17295	A	G	1609	1308	37	1	1	37	0.000620347	1612	0.749922	FALSE	ORF1ab:cds-YP_009724389.1	GAA	E	GAG	E	1276
NC_045512.2	17295	A	C	1609	1308	37	2	2	25	0.00124069	1612	0.99993	FALSE	ORF1ab:cds-YP_009724389.1	GAA	E	GAC	D	1276
NC_045512.2	17298	G	A	1549	1247	37	1	1	37	0.000645161	1550	0.750242	FALSE	ORF1ab:cds-YP_009724389.1	CAG	Q	CAA	Q	1277
NC_045512.2	17307	T	C	1475	1166	37	1	1	37	0.000677507	1476	0.750254	FALSE	ORF1ab:cds-YP_009724389.1	TTT	F	TTC	F	1280
NC_045512.2	17311	A	+C	1400	1088	37	1	0	20	0.000714286	1400	0.999971	FALSE	NA	NA	NA	NA	NA	NA
NC_045512.2	17312	C	T	1406	1113	37	2	2	37	0.00142045	1408	0.500267	FALSE	ORF1ab:cds-YP_009724389.1	ACT	T	ATT	I	1282
NC_045512.2	17321	C	T	1171	910	38	1	0	37	0.000853242	1172	0.75032	FALSE	ORF1ab:cds-YP_009724389.1	GCA	A	GTA	V	1285
NC_045512.2	17322	A	C	1119	851	38	1	0	37	0.000892857	1120	0.750335	FALSE	ORF1ab:cds-YP_009724389.1	GCA	A	GCC	A	1285
NC_045512.2	17323	T	G	1050	794	37	1	1	37	0.00095057	1052	0.750119	FALSE	ORF1ab:cds-YP_009724389.1	TTG	L	GTG	V	1286
NC_045512.2	17323	T	C	1050	794	37	1	1	37	0.00095057	1052	0.750119	FALSE	ORF1ab:cds-YP_009724389.1	TTG	L	CTG	L	1286
NC_045512.2	17324	T	G	1022	769	37	1	1	25	0.000977517	1023	0.999527	FALSE	ORF1ab:cds-YP_009724389.1	TTG	L	TGG	W	1286
NC_045512.2	17325	G	-C	1064	803	38	1	0	20	0.00093985	1064	0.999529	FALSE	NA	NA	NA	NA	NA	NA
NC_045512.2	17328	T	C	1042	777	38	1	1	37	0.000958773	1043	0.75036	FALSE	ORF1ab:cds-YP_009724389.1	CCT	P	CCC	P	1287
NC_045512.2	17330	A	G	283	52	40	1	0	37	0.00352113	284	0.500882	FALSE	ORF1ab:cds-YP_009724389.1	GAG	E	GGG	G	1288
NC_045512.2	17350	G	T	255	81	38	2	0	37	0.0077821	257	0.250487	FALSE	ORF1ab:cds-YP_009724389.1	GTC	V	TTC	F	1295
NC_045512.2	17386	T	G	231	108	38	1	1	25	0.00431034	232	0.876618	FALSE	ORF1ab:cds-YP_009724389.1	TTG	L	GTG	V	1307
NC_045512.2	17389	A	G	237	129	39	1	1	25	0.00420168	238	0.876577	FALSE	ORF1ab:cds-YP_009724389.1	AGT	S	GGT	G	1308
NC_045512.2	17404	A	T	223	146	38	1	1	25	0.00446429	224	0.876676	FALSE	ORF1ab:cds-YP_009724389.1	AGA	R	TGA	*	1313
NC_045512.2	17410	C	T	0	0	0	220	156	38	1	220	1.85296e-131	TRUE	ORF1ab:cds-YP_009724389.1	CGT	R	TGT	C	1315
NC_045512.2	17462	G	A	216	179	39	1	1	37	0.00460829	217	0.501155	FALSE	ORF1ab:cds-YP_009724389.1	CGC	R	CAC	H	1332
NC_045512.2	17484	A	G	228	199	40	1	1	37	0.00436681	229	0.501094	FALSE	ORF1ab:cds-YP_009724389.1	ACA	T	ACG	T	1339
NC_045512.2	17496	A	G	210	183	39	1	1	25	0.00473934	211	0.876779	FALSE	ORF1ab:cds-YP_009724389.1	GAA	E	GAG	E	1343
NC_045512.2	17512	T	G	4926	335	35	6	0	25	0.00121655	4932	1	FALSE	ORF1ab:cds-YP_009724389.1	TGT	C	GGT	G	1349
NC_045512.2	17513	G	T	5606	342	36	1	0	25	0.000178285	5609	1	FALSE	ORF1ab:cds-YP_009724389.1	TGT	C	TTT	F	1349
NC_045512.2	17513	G	A	5606	342	36	2	0	37	0.00035657	5609	0.937559	FALSE	ORF1ab:cds-YP_009724389.1	TGT	C	TAT	Y	1349
NC_045512.2	17514	T	G	5364	344	36	1	0	25	0.000186324	5367	1	FALSE	ORF1ab:cds-YP_009724389.1	TGT	C	TGG	W	1349
NC_045512.2	17514	T	C	5364	344	36	1	0	37	0.000186324	5367	0.984388	FALSE	ORF1ab:cds-YP_009724389.1	TGT	C	TGC	C	1349
NC_045512.2	17514	T	A	5364	344	36	1	0	25	0.000186324	5367	1	FALSE	ORF1ab:cds-YP_009724389.1	TGT	C	TGA	*	1349
NC_045512.2	17515	A	G	5389	347	35	2	0	37	0.000370989	5391	0.937591	FALSE	ORF1ab:cds-YP_009724389.1	AGA	R	GGA	G	1350
NC_045512.2	17518	C	-T	5637	364	36	1	0	20	0.000177399	5637	1	FALSE	NA	NA	NA	NA	NA	NA
NC_045512.2	17519	T	C	5568	345	36	2	2	37	0.000359066	5570	0.937559	FALSE	ORF1ab:cds-YP_009724389.1	CTT	L	CCT	P	1351
NC_045512.2	17520	T	C	5684	322	36	3	0	37	0.000527426	5688	0.855555	FALSE	ORF1ab:cds-YP_009724389.1	CTT	L	CTC	L	1351
NC_045512.2	17520	T	A	5684	322	36	1	0	37	0.000175809	5688	0.984379	FALSE	ORF1ab:cds-YP_009724389.1	CTT	L	CTA	L	1351
NC_045512.2	17521	A	G	5779	321	36	1	0	37	0.00017298	5781	0.984395	FALSE	ORF1ab:cds-YP_009724389.1	ATG	M	GTG	V	1352
NC_045512.2	17521	A	C	5779	321	36	1	0	25	0.00017298	5781	1	FALSE	ORF1ab:cds-YP_009724389.1	ATG	M	CTG	L	1352
NC_045512.2	17523	G	A	5825	331	36	2	0	37	0.00034323	5827	0.937584	FALSE	ORF1ab:cds-YP_009724389.1	ATG	M	ATA	I	1352
NC_045512.2	17524	A	G	5857	462	36	2	0	31	0.000341355	5859	0.937584	FALSE	ORF1ab:cds-YP_009724389.1	AAA	K	GAA	E	1353
NC_045512.2	17525	A	C	5896	463	37	1	1	25	0.000169578	5897	1	FALSE	ORF1ab:cds-YP_009724389.1	AAA	K	ACA	T	1353
NC_045512.2	17526	A	G	5931	471	36	1	0	37	0.000168577	5932	0.984403	FALSE	ORF1ab:cds-YP_009724389.1	AAA	K	AAG	K	1353
NC_045512.2	17527	A	G	5909	474	36	2	1	37	0.000338352	5911	0.937583	FALSE	ORF1ab:cds-YP_009724389.1	ACT	T	GCT	A	1354
NC_045512.2	17528	C	G	7042	488	36	1	0	37	0.000141985	7043	0.996104	FALSE	ORF1ab:cds-YP_009724389.1	ACT	T	AGT	S	1354
NC_045512.2	17530	A	G	7456	477	36	1	0	37	0.000134084	7458	0.996101	FALSE	ORF1ab:cds-YP_009724389.1	ATA	I	GTA	V	1355
NC_045512.2	17530	A	C	7456	477	36	1	0	37	0.000134084	7458	0.996101	FALSE	ORF1ab:cds-YP_009724389.1	ATA	I	CTA	L	1355
NC_045512.2	17531	T	G	7532	476	36	1	1	37	0.000132714	7535	0.996099	FALSE	ORF1ab:cds-YP_009724389.1	ATA	I	AGA	R	1355
NC_045512.2	17531	T	C	7532	476	36	1	1	37	0.000132714	7535	0.996099	FALSE	ORF1ab:cds-YP_009724389.1	ATA	I	ACA	T	1355
NC_045512.2	17531	T	A	7532	476	36	1	0	25	0.000132714	7535	1	FALSE	ORF1ab:cds-YP_009724389.1	ATA	I	AAA	K	1355
NC_045512.2	17532	A	G	7543	476	36	3	0	33	0.000397509	7547	0.945371	FALSE	ORF1ab:cds-YP_009724389.1	ATA	I	ATG	M	1355
NC_045512.2	17532	A	C	7543	476	36	1	0	25	0.000132503	7547	1	FALSE	ORF1ab:cds-YP_009724389.1	ATA	I	ATC	I	1355
NC_045512.2	17533	G	T	8089	493	36	1	0	37	0.000123609	8090	0.998052	FALSE	ORF1ab:cds-YP_009724389.1	GGT	G	TGT	C	1356
NC_045512.2	17534	G	T	9308	593	37	1	0	25	0.000107423	9309	1	FALSE	ORF1ab:cds-YP_009724389.1	GGT	G	GTT	V	1356
NC_045512.2	17535	T	C	9223	605	37	1	0	37	0.000108413	9224	0.999026	FALSE	ORF1ab:cds-YP_009724389.1	GGT	G	GGC	G	1356
NC_045512.2	17539	G	A	10147	696	37	4	0	37	0.00039405	10151	0.971368	FALSE	ORF1ab:cds-YP_009724389.1	GAC	D	AAC	N	1358
NC_045512.2	17540	A	G	9991	693	36	3	0	37	0.00030018	9994	0.980749	FALSE	ORF1ab:cds-YP_009724389.1	GAC	D	GGC	G	1358
NC_045512.2	17541	C	T	10200	706	37	1	0	37	9.802e-05	10202	0.999513	FALSE	ORF1ab:cds-YP_009724389.1	GAC	D	GAT	D	1358
NC_045512.2	17541	C	A	10200	706	37	1	0	25	9.802e-05	10202	1	FALSE	ORF1ab:cds-YP_009724389.1	GAC	D	GAA	E	1358
NC_045512.2	17542	A	G	9995	711	37	1	0	37	0.00010004	9996	0.999026	FALSE	ORF1ab:cds-YP_009724389.1	ATG	M	GTG	V	1359
NC_045512.2	17543	T	C	10141	682	37	1	0	37	9.85902e-05	10143	0.999513	FALSE	ORF1ab:cds-YP_009724389.1	ATG	M	ACG	T	1359
NC_045512.2	17543	T	A	10141	682	37	1	0	25	9.85902e-05	10143	1	FALSE	ORF1ab:cds-YP_009724389.1	ATG	M	AAG	K	1359
NC_045512.2	17544	G	A	10144	746	37	4	0	31	0.000394166	10148	0.971368	FALSE	ORF1ab:cds-YP_009724389.1	ATG	M	ATA	I	1359
NC_045512.2	17545	T	G	9917	616	36	3	3	30	0.000302328	9923	0.980725	FALSE	ORF1ab:cds-YP_009724389.1	TTC	F	GTC	V	1360
NC_045512.2	17545	T	C	9917	616	36	2	0	37	0.000201552	9923	0.994143	FALSE	ORF1ab:cds-YP_009724389.1	TTC	F	CTC	L	1360
NC_045512.2	17545	T	A	9917	616	36	1	0	37	0.000100776	9923	0.999024	FALSE	ORF1ab:cds-YP_009724389.1	TTC	F	ATC	I	1360
NC_045512.2	17546	T	C	10191	754	37	1	0	37	9.81065e-05	10193	0.999513	FALSE	ORF1ab:cds-YP_009724389.1	TTC	F	TCC	S	1360
NC_045512.2	17546	T	A	10191	754	37	1	0	37	9.81065e-05	10193	0.999513	FALSE	ORF1ab:cds-YP_009724389.1	TTC	F	TAC	Y	1360
NC_045512.2	17547	C	T	10521	761	37	1	0	37	9.50209e-05	10524	0.999513	FALSE	ORF1ab:cds-YP_009724389.1	TTC	F	TTT	F	1360
NC_045512.2	17547	C	G	10521	761	37	1	0	37	9.50209e-05	10524	0.999513	FALSE	ORF1ab:cds-YP_009724389.1	TTC	F	TTG	L	1360
NC_045512.2	17547	C	A	10521	761	37	1	0	25	9.50209e-05	10524	1	FALSE	ORF1ab:cds-YP_009724389.1	TTC	F	TTA	L	1360
NC_045512.2	17548	C	A	10524	748	37	2	0	37	0.000190006	10526	0.996835	FALSE	ORF1ab:cds-YP_009724389.1	CTC	L	ATC	I	1361
NC_045512.2	17549	T	G	10737	866	38	1	0	25	9.31185e-05	10739	1	FALSE	ORF1ab:cds-YP_009724389.1	CTC	L	CGC	R	1361
NC_045512.2	17549	T	C	10737	866	38	1	0	37	9.31185e-05	10739	0.999513	FALSE	ORF1ab:cds-YP_009724389.1	CTC	L	CCC	P	1361
NC_045512.2	17550	C	A	10818	876	38	1	0	37	9.243e-05	10819	0.999513	FALSE	ORF1ab:cds-YP_009724389.1	CTC	L	CTA	L	1361
NC_045512.2	17551	G	A	10758	870	37	3	0	33	0.000278784	10761	0.988794	FALSE	ORF1ab:cds-YP_009724389.1	GGA	G	AGA	R	1362
NC_045512.2	17553	A	T	10936	878	37	3	1	34	0.000274223	10940	0.988789	FALSE	ORF1ab:cds-YP_009724389.1	GGA	G	GGT	G	1362
NC_045512.2	17553	A	G	10936	878	37	1	0	37	9.14077e-05	10940	0.999512	FALSE	ORF1ab:cds-YP_009724389.1	GGA	G	GGG	G	1362
NC_045512.2	17554	A	G	10310	872	36	1	0	25	9.69274e-05	10317	1	FALSE	ORF1ab:cds-YP_009724389.1	ACT	T	GCT	A	1363
NC_045512.2	17554	A	C	10310	872	36	6	0	27	0.000581564	10317	1	FALSE	ORF1ab:cds-YP_009724389.1	ACT	T	CCT	P	1363
NC_045512.2	17556	T	G	10732	880	37	3	0	29	0.000279382	10738	1	FALSE	ORF1ab:cds-YP_009724389.1	ACT	T	ACG	T	1363
NC_045512.2	17556	T	C	10732	880	37	3	0	37	0.000279382	10738	0.988779	FALSE	ORF1ab:cds-YP_009724389.1	ACT	T	ACC	T	1363
NC_045512.2	17557	T	G	10948	881	37	1	0	25	9.12992e-05	10953	1	FALSE	ORF1ab:cds-YP_009724389.1	TGT	C	GGT	G	1364
NC_045512.2	17557	T	C	10948	881	37	4	0	37	0.000365197	10953	0.971353	FALSE	ORF1ab:cds-YP_009724389.1	TGT	C	CGT	R	1364
NC_045512.2	17558	G	A	11148	886	38	5	0	37	0.00044831	11153	0.961661	FALSE	ORF1ab:cds-YP_009724389.1	TGT	C	TAT	Y	1364
NC_045512.2	17559	T	A	11078	893	38	1	0	37	9.02609e-05	11079	0.999757	FALSE	ORF1ab:cds-YP_009724389.1	TGT	C	TGA	*	1364
NC_045512.2	17560	C	T	11127	890	38	8	3	37	0.000718455	11135	0.820514	FALSE	ORF1ab:cds-YP_009724389.1	CGG	R	TGG	W	1365
NC_045512.2	17561	G	A	11120	889	38	2	0	37	0.000179824	11122	0.998296	FALSE	ORF1ab:cds-YP_009724389.1	CGG	R	CAG	Q	1365
NC_045512.2	17562	G	A	11661	895	38	2	1	37	0.000171482	11663	0.998296	FALSE	ORF1ab:cds-YP_009724389.1	CGG	R	CGA	R	1365
NC_045512.2	17563	C	T	11631	891	38	18	1	38	0.0015452	11649	0.132366	FALSE	ORF1ab:cds-YP_009724389.1	CGT	R	TGT	C	1366
NC_045512.2	17564	G	T	11733	893	38	1	0	37	8.51644e-05	11742	0.999756	FALSE	ORF1ab:cds-YP_009724389.1	CGT	R	CTT	L	1366
NC_045512.2	17564	G	A	11733	893	38	8	3	44	0.000681315	11742	0.0195133	FALSE	ORF1ab:cds-YP_009724389.1	CGT	R	CAT	H	1366
NC_045512.2	17565	T	G	11208	914	37	6	0	29	0.000534902	11217	1	FALSE	ORF1ab:cds-YP_009724389.1	CGT	R	CGG	R	1366
NC_045512.2	17565	T	C	11208	914	37	2	0	37	0.000178301	11217	0.99829	FALSE	ORF1ab:cds-YP_009724389.1	CGT	R	CGC	R	1366
NC_045512.2	17565	T	A	11208	914	37	1	0	25	8.91504e-05	11217	1	FALSE	ORF1ab:cds-YP_009724389.1	CGT	R	CGA	R	1366
NC_045512.2	17566	T	G	11522	928	38	2	0	25	0.000173521	11526	1	FALSE	ORF1ab:cds-YP_009724389.1	TGT	C	GGT	G	1367
NC_045512.2	17566	T	A	11522	928	38	2	0	37	0.000173521	11526	0.998294	FALSE	ORF1ab:cds-YP_009724389.1	TGT	C	AGT	S	1367
NC_045512.2	17567	G	C	12038	948	38	1	0	37	8.30496e-05	12041	0.999878	FALSE	ORF1ab:cds-YP_009724389.1	TGT	C	TCT	S	1367
NC_045512.2	17567	G	A	12038	948	38	2	0	37	0.000166099	12041	0.999087	FALSE	ORF1ab:cds-YP_009724389.1	TGT	C	TAT	Y	1367
NC_045512.2	17568	T	C	11886	954	38	3	0	37	0.000252334	11889	0.993546	FALSE	ORF1ab:cds-YP_009724389.1	TGT	C	TGC	C	1367
NC_045512.2	17569	C	T	12027	1032	38	1	0	37	8.31324e-05	12029	0.999878	FALSE	ORF1ab:cds-YP_009724389.1	CCT	P	TCT	S	1368
NC_045512.2	17569	C	A	12027	1032	38	1	1	74	8.31324e-05	12029	0.5	FALSE	ORF1ab:cds-YP_009724389.1	CCT	P	ACT	T	1368
NC_045512.2	17570	C	T	11971	1053	38	1	0	37	8.35213e-05	11973	0.999757	FALSE	ORF1ab:cds-YP_009724389.1	CCT	P	CTT	L	1368
NC_045512.2	17570	C	A	11971	1053	38	1	0	25	8.35213e-05	11973	1	FALSE	ORF1ab:cds-YP_009724389.1	CCT	P	CAT	H	1368
NC_045512.2	17571	T	C	12148	1077	38	1	0	37	8.22978e-05	12151	0.999878	FALSE	ORF1ab:cds-YP_009724389.1	CCT	P	CCC	P	1368
NC_045512.2	17571	T	A	12148	1077	38	2	1	33	0.000164596	12151	0.999087	FALSE	ORF1ab:cds-YP_009724389.1	CCT	P	CCA	P	1368
NC_045512.2	17572	G	A	12204	1075	38	18	2	38	0.00147275	12222	0.180708	FALSE	ORF1ab:cds-YP_009724389.1	GCT	A	ACT	T	1369
NC_045512.2	17573	C	T	11912	1084	38	5	0	32	0.000419533	11918	0.961643	FALSE	ORF1ab:cds-YP_009724389.1	GCT	A	GTT	V	1369
NC_045512.2	17573	C	A	11912	1084	38	1	0	25	8.39067e-05	11918	1	FALSE	ORF1ab:cds-YP_009724389.1	GCT	A	GAT	D	1369
NC_045512.2	17574	T	G	11643	1090	37	2	0	25	0.000171703	11648	1	FALSE	ORF1ab:cds-YP_009724389.1	GCT	A	GCG	A	1369
NC_045512.2	17574	T	C	11643	1090	37	3	0	37	0.000257555	11648	0.99354	FALSE	ORF1ab:cds-YP_009724389.1	GCT	A	GCC	A	1369
NC_045512.2	17575	G	A	12320	1250	39	1	0	37	8.11622e-05	12321	0.999878	FALSE	ORF1ab:cds-YP_009724389.1	GAA	E	AAA	K	1370
NC_045512.2	17576	A	T	12015	1329	39	2	0	31	0.000166431	12017	0.999087	FALSE	ORF1ab:cds-YP_009724389.1	GAA	E	GTA	V	1370
NC_045512.2	17577	A	C	12128	1491	39	2	0	25	0.00016488	12130	1	FALSE	ORF1ab:cds-YP_009724389.1	GAA	E	GAC	D	1370
NC_045512.2	17578	A	T	12136	1496	39	1	0	37	8.23655e-05	12141	0.999878	FALSE	ORF1ab:cds-YP_009724389.1	ATT	I	TTT	F	1371
NC_045512.2	17578	A	C	12136	1496	39	4	0	28	0.000329462	12141	1	FALSE	ORF1ab:cds-YP_009724389.1	ATT	I	CTT	L	1371
NC_045512.2	17579	T	G	12018	1529	39	3	0	29	0.000249543	12022	1	FALSE	ORF1ab:cds-YP_009724389.1	ATT	I	AGT	S	1371
NC_045512.2	17579	T	C	12018	1529	39	1	0	37	8.31808e-05	12022	0.999878	FALSE	ORF1ab:cds-YP_009724389.1	ATT	I	ACT	T	1371
NC_045512.2	17580	T	A	12699	1525	39	1	0	25	7.87402e-05	12700	1	FALSE	ORF1ab:cds-YP_009724389.1	ATT	I	ATA	I	1371
NC_045512.2	17581	G	T	12840	1523	40	2	0	43	0.000155666	12848	0.499854	FALSE	ORF1ab:cds-YP_009724389.1	GTT	V	TTT	F	1372
NC_045512.2	17581	G	A	12840	1523	40	6	2	43	0.000466999	12848	0.0624617	FALSE	ORF1ab:cds-YP_009724389.1	GTT	V	ATT	I	1372
NC_045512.2	17583	T	C	12821	1523	40	4	0	46	0.000311891	12825	0.1875	FALSE	ORF1ab:cds-YP_009724389.1	GTT	V	GTC	V	1372
NC_045512.2	17585	A	T	12750	1524	39	2	0	37	0.000156826	12753	0.999087	FALSE	ORF1ab:cds-YP_009724389.1	GAC	D	GTC	V	1373
NC_045512.2	17585	A	G	12750	1524	39	1	0	74	7.84129e-05	12753	0.49998	FALSE	ORF1ab:cds-YP_009724389.1	GAC	D	GGC	G	1373
NC_045512.2	17586	C	T	13181	1636	40	6	1	41	0.000454959	13188	0.0624751	FALSE	ORF1ab:cds-YP_009724389.1	GAC	D	GAT	D	1373
NC_045512.2	17586	C	A	13181	1636	40	1	0	37	7.58265e-05	13188	0.999939	FALSE	ORF1ab:cds-YP_009724389.1	GAC	D	GAA	E	1373
NC_045512.2	17587	A	G	13225	1633	40	2	1	31	0.000151206	13227	0.999513	FALSE	ORF1ab:cds-YP_009724389.1	ACT	T	GCT	A	1374
NC_045512.2	17588	C	T	13616	1653	40	2	0	37	0.000146843	13620	0.999513	FALSE	ORF1ab:cds-YP_009724389.1	ACT	T	ATT	I	1374
NC_045512.2	17588	C	A	13616	1653	40	2	1	55	0.000146843	13620	0.249972	FALSE	ORF1ab:cds-YP_009724389.1	ACT	T	AAT	N	1374
NC_045512.2	17589	T	G	13259	1656	39	1	0	25	7.53693e-05	13268	1	FALSE	ORF1ab:cds-YP_009724389.1	ACT	T	ACG	T	1374
NC_045512.2	17589	T	C	13259	1656	39	6	0	39	0.000452216	13268	0.968239	FALSE	ORF1ab:cds-YP_009724389.1	ACT	T	ACC	T	1374
NC_045512.2	17589	T	A	13259	1656	39	2	0	31	0.000150739	13268	0.999512	FALSE	ORF1ab:cds-YP_009724389.1	ACT	T	ACA	T	1374
NC_045512.2	17590	G	T	13811	1668	40	1	0	25	7.23798e-05	13816	1	FALSE	ORF1ab:cds-YP_009724389.1	GTG	V	TTG	L	1375
NC_045512.2	17590	G	A	13811	1668	40	4	1	46	0.000289519	13816	0.187477	FALSE	ORF1ab:cds-YP_009724389.1	GTG	V	ATG	M	1375
NC_045512.2	17591	T	C	13829	1683	40	2	0	31	0.000144603	13831	0.999513	FALSE	ORF1ab:cds-YP_009724389.1	GTG	V	GCG	A	1375
NC_045512.2	17592	G	A	13786	1700	40	1	0	37	7.25321e-05	13787	0.999939	FALSE	ORF1ab:cds-YP_009724389.1	GTG	V	GTA	V	1375
NC_045512.2	17593	A	G	13873	1787	40	9	2	41	0.000648322	13882	0.0107343	FALSE	ORF1ab:cds-YP_009724389.1	AGT	S	GGT	G	1376
NC_045512.2	17594	G	T	14086	1809	40	1	0	37	7.09774e-05	14089	0.99997	FALSE	ORF1ab:cds-YP_009724389.1	AGT	S	ATT	I	1376
NC_045512.2	17594	G	C	14086	1809	40	1	1	25	7.09774e-05	14089	1	FALSE	ORF1ab:cds-YP_009724389.1	AGT	S	ACT	T	1376
NC_045512.2	17594	G	A	14086	1809	40	1	0	37	7.09774e-05	14089	0.99997	FALSE	ORF1ab:cds-YP_009724389.1	AGT	S	AAT	N	1376
NC_045512.2	17595	T	C	13504	1875	40	1	0	37	7.40357e-05	13507	0.999939	FALSE	ORF1ab:cds-YP_009724389.1	AGT	S	AGC	S	1376
NC_045512.2	17595	T	A	13504	1875	40	2	0	37	0.000148071	13507	0.999513	FALSE	ORF1ab:cds-YP_009724389.1	AGT	S	AGA	R	1376
NC_045512.2	17596	G	A	13721	1868	40	4	0	37	0.000291439	13725	0.993653	FALSE	ORF1ab:cds-YP_009724389.1	GCT	A	ACT	T	1377
NC_045512.2	17597	C	T	13409	1868	39	6	1	39	0.000447227	13416	0.968262	FALSE	ORF1ab:cds-YP_009724389.1	GCT	A	GTT	V	1377
NC_045512.2	17597	C	A	13409	1868	39	1	0	37	7.45379e-05	13416	0.999939	FALSE	ORF1ab:cds-YP_009724389.1	GCT	A	GAT	D	1377
NC_045512.2	17598	T	G	13166	1875	39	3	0	41	0.000227721	13174	0.312372	FALSE	ORF1ab:cds-YP_009724389.1	GCT	A	GCG	A	1377
NC_045512.2	17598	T	C	13166	1875	39	3	1	37	0.000227721	13174	0.997911	FALSE	ORF1ab:cds-YP_009724389.1	GCT	A	GCC	A	1377
NC_045512.2	17598	T	A	13166	1875	39	2	0	31	0.000151814	13174	0.999512	FALSE	ORF1ab:cds-YP_009724389.1	GCT	A	GCA	A	1377
NC_045512.2	17599	T	G	12317	1938	38	15	1	32	0.00121585	12337	0.35016	FALSE	ORF1ab:cds-YP_009724389.1	TTG	L	GTG	V	1378
NC_045512.2	17599	T	C	12317	1938	38	4	1	46	0.000324228	12337	0.187095	FALSE	ORF1ab:cds-YP_009724389.1	TTG	L	CTG	L	1378
NC_045512.2	17599	T	A	12317	1938	38	1	1	37	8.1057e-05	12337	0.999877	FALSE	ORF1ab:cds-YP_009724389.1	TTG	L	ATG	M	1378
NC_045512.2	17600	T	G	12356	2010	39	4	0	31	0.000323546	12363	0.989376	FALSE	ORF1ab:cds-YP_009724389.1	TTG	L	TGG	W	1378
NC_045512.2	17600	T	C	12356	2010	39	2	1	55	0.000161773	12363	0.249909	FALSE	ORF1ab:cds-YP_009724389.1	TTG	L	TCG	S	1378
NC_045512.2	17600	T	A	12356	2010	39	1	0	37	8.08865e-05	12363	0.999878	FALSE	ORF1ab:cds-YP_009724389.1	TTG	L	TAG	*	1378
NC_045512.2	17601	G	C	13095	2006	39	1	0	37	7.63534e-05	13097	0.999939	FALSE	ORF1ab:cds-YP_009724389.1	TTG	L	TTC	F	1378
NC_045512.2	17601	G	A	13095	2006	39	1	0	37	7.63534e-05	13097	0.999939	FALSE	ORF1ab:cds-YP_009724389.1	TTG	L	TTA	L	1378
NC_045512.2	17602	G	T	13151	1989	39	1	0	37	7.60283e-05	13153	0.999939	FALSE	ORF1ab:cds-YP_009724389.1	GTT	V	TTT	F	1379
NC_045512.2	17602	G	C	13151	1989	39	1	0	37	7.60283e-05	13153	0.999939	FALSE	ORF1ab:cds-YP_009724389.1	GTT	V	CTT	L	1379
NC_045512.2	17603	T	G	12983	2261	39	2	0	31	0.000154	12987	0.999086	FALSE	ORF1ab:cds-YP_009724389.1	GTT	V	GGT	G	1379
NC_045512.2	17603	T	C	12983	2261	39	1	0	25	7.70001e-05	12987	1	FALSE	ORF1ab:cds-YP_009724389.1	GTT	V	GCT	A	1379
NC_045512.2	17603	T	A	12983	2261	39	1	0	37	7.70001e-05	12987	0.999878	FALSE	ORF1ab:cds-YP_009724389.1	GTT	V	GAT	D	1379
NC_045512.2	17604	T	G	12861	2335	39	2	0	25	0.000155473	12864	1	FALSE	ORF1ab:cds-YP_009724389.1	GTT	V	GTG	V	1379
NC_045512.2	17604	T	A	12861	2335	39	1	0	37	7.77363e-05	12864	0.999878	FALSE	ORF1ab:cds-YP_009724389.1	GTT	V	GTA	V	1379
NC_045512.2	17605	T	G	13150	2341	40	1	0	25	7.60225e-05	13154	1	FALSE	ORF1ab:cds-YP_009724389.1	TAT	Y	GAT	D	1380
NC_045512.2	17605	T	C	13150	2341	40	3	1	37	0.000228068	13154	0.997915	FALSE	ORF1ab:cds-YP_009724389.1	TAT	Y	CAT	H	1380
NC_045512.2	17606	A	G	13114	2321	39	4	0	46	0.000304901	13119	0.187476	FALSE	ORF1ab:cds-YP_009724389.1	TAT	Y	TGT	C	1380
NC_045512.2	17606	A	C	13114	2321	39	1	1	25	7.62253e-05	13119	1	FALSE	ORF1ab:cds-YP_009724389.1	TAT	Y	TCT	S	1380
NC_045512.2	17607	T	G	12978	2360	39	2	1	29	0.000154083	12980	1	FALSE	ORF1ab:cds-YP_009724389.1	TAT	Y	TAG	*	1380
NC_045512.2	17608	G	T	13330	2373	40	1	0	37	7.50019e-05	13333	0.999939	FALSE	ORF1ab:cds-YP_009724389.1	GAT	D	TAT	Y	1381
NC_045512.2	17608	G	A	13330	2373	40	2	0	37	0.000150004	13333	0.999513	FALSE	ORF1ab:cds-YP_009724389.1	GAT	D	AAT	N	1381
NC_045512.2	17609	A	G	13197	2406	39	3	1	49	0.000227273	13200	0.312514	FALSE	ORF1ab:cds-YP_009724389.1	GAT	D	GGT	G	1381
NC_045512.2	17610	T	G	12390	2397	39	1	1	25	8.06907e-05	12393	1	FALSE	ORF1ab:cds-YP_009724389.1	GAT	D	GAG	E	1381
NC_045512.2	17610	T	C	12390	2397	39	2	0	31	0.000161381	12393	0.999087	FALSE	ORF1ab:cds-YP_009724389.1	GAT	D	GAC	D	1381
NC_045512.2	17611	A	T	12495	2432	39	1	0	29	8.00128e-05	12498	1	FALSE	ORF1ab:cds-YP_009724389.1	AAT	N	TAT	Y	1382
NC_045512.2	17611	A	G	12495	2432	39	1	0	37	8.00128e-05	12498	0.999878	FALSE	ORF1ab:cds-YP_009724389.1	AAT	N	GAT	D	1382
NC_045512.2	17611	A	C	12495	2432	39	1	0	37	8.00128e-05	12498	0.999878	FALSE	ORF1ab:cds-YP_009724389.1	AAT	N	CAT	H	1382
NC_045512.2	17612	A	G	10875	2496	38	2	1	37	0.000183688	10888	0.996818	FALSE	ORF1ab:cds-YP_009724389.1	AAT	N	AGT	S	1382
NC_045512.2	17612	A	C	10875	2496	38	11	7	29	0.00101029	10888	1	FALSE	ORF1ab:cds-YP_009724389.1	AAT	N	ACT	T	1382
NC_045512.2	17613	T	A	11222	2728	39	1	0	74	8.91027e-05	11223	0.500022	FALSE	ORF1ab:cds-YP_009724389.1	AAT	N	AAA	K	1382
NC_045512.2	17614	A	T	11373	2902	39	2	0	55	0.000175685	11384	0.249813	FALSE	ORF1ab:cds-YP_009724389.1	AAG	K	TAG	*	1383
NC_045512.2	17614	A	G	11373	2902	39	8	5	40	0.000702741	11384	0.0195004	FALSE	ORF1ab:cds-YP_009724389.1	AAG	K	GAG	E	1383
NC_045512.2	17614	A	C	11373	2902	39	1	0	25	8.78426e-05	11384	1	FALSE	ORF1ab:cds-YP_009724389.1	AAG	K	CAG	Q	1383
NC_045512.2	17615	A	G	11430	2949	39	4	1	39	0.000349834	11434	0.982458	FALSE	ORF1ab:cds-YP_009724389.1	AAG	K	AGG	R	1383
NC_045512.2	17616	G	T	12365	2929	39	1	1	20	8.08277e-05	12372	1	FALSE	ORF1ab:cds-YP_009724389.1	AAG	K	AAT	N	1383
NC_045512.2	17616	G	A	12365	2929	39	6	0	35	0.000484966	12372	0.951934	FALSE	ORF1ab:cds-YP_009724389.1	AAG	K	AAA	K	1383
NC_045512.2	17618	T	G	12690	3140	39	1	1	74	7.87836e-05	12693	0.49998	FALSE	ORF1ab:cds-YP_009724389.1	CTT	L	CGT	R	1384
NC_045512.2	17618	T	C	12690	3140	39	2	0	31	0.000157567	12693	0.999087	FALSE	ORF1ab:cds-YP_009724389.1	CTT	L	CCT	P	1384
NC_045512.2	17619	T	C	12659	3219	39	1	0	37	7.89827e-05	12661	0.999878	FALSE	ORF1ab:cds-YP_009724389.1	CTT	L	CTC	L	1384
NC_045512.2	17619	T	A	12659	3219	39	1	0	25	7.89827e-05	12661	1	FALSE	ORF1ab:cds-YP_009724389.1	CTT	L	CTA	L	1384
NC_045512.2	17621	A	G	12397	3178	39	1	0	37	8.06582e-05	12398	0.999878	FALSE	ORF1ab:cds-YP_009724389.1	AAA	K	AGA	R	1385
NC_045512.2	17622	A	T	12107	3248	38	3	0	30	0.000247709	12111	0.996316	FALSE	ORF1ab:cds-YP_009724389.1	AAA	K	AAT	N	1385
NC_045512.2	17622	A	C	12107	3248	38	1	0	37	8.25696e-05	12111	0.999878	FALSE	ORF1ab:cds-YP_009724389.1	AAA	K	AAC	N	1385
NC_045512.2	17623	G	A	12447	3180	39	1	0	37	8.03342e-05	12448	0.999878	FALSE	ORF1ab:cds-YP_009724389.1	GCA	A	ACA	T	1386
NC_045512.2	17624	C	T	12568	3341	39	9	4	45	0.000715592	12577	0.0107335	FALSE	ORF1ab:cds-YP_009724389.1	GCA	A	GTA	V	1386
NC_045512.2	17625	A	G	12429	3156	39	2	0	37	0.000160888	12431	0.999087	FALSE	ORF1ab:cds-YP_009724389.1	GCA	A	GCG	A	1386
NC_045512.2	17626	C	T	13487	3136	39	1	1	20	7.41345e-05	13489	1	FALSE	ORF1ab:cds-YP_009724389.1	CAT	H	TAT	Y	1387
NC_045512.2	17626	C	A	13487	3136	39	1	0	37	7.41345e-05	13489	0.999939	FALSE	ORF1ab:cds-YP_009724389.1	CAT	H	AAT	N	1387
NC_045512.2	17627	A	G	13501	3175	39	1	1	37	7.40631e-05	13502	0.999939	FALSE	ORF1ab:cds-YP_009724389.1	CAT	H	CGT	R	1387
NC_045512.2	17628	T	C	13451	3226	39	1	1	37	7.43329e-05	13453	0.999939	FALSE	ORF1ab:cds-YP_009724389.1	CAT	H	CAC	H	1387
NC_045512.2	17628	T	A	13451	3226	39	1	0	25	7.43329e-05	13453	1	FALSE	ORF1ab:cds-YP_009724389.1	CAT	H	CAA	Q	1387
NC_045512.2	17628	T	-A	13451	3226	39	1	0	20	7.43329e-05	13453	1	FALSE	NA	NA	NA	NA	NA	NA
NC_045512.2	17629	A	G	12330	3468	38	2	1	37	0.00016218	12332	0.999087	FALSE	ORF1ab:cds-YP_009724389.1	AAA	K	GAA	E	1388
NC_045512.2	17630	A	T	12163	3397	38	1	1	37	8.21895e-05	12167	0.999878	FALSE	ORF1ab:cds-YP_009724389.1	AAA	K	ATA	I	1388
NC_045512.2	17630	A	C	12163	3397	38	3	1	25	0.000246569	12167	1	FALSE	ORF1ab:cds-YP_009724389.1	AAA	K	ACA	T	1388
NC_045512.2	17631	A	T	12453	3420	38	1	0	25	8.02826e-05	12456	1	FALSE	ORF1ab:cds-YP_009724389.1	AAA	K	AAT	N	1388
NC_045512.2	17631	A	G	12453	3420	38	1	1	37	8.02826e-05	12456	0.999878	FALSE	ORF1ab:cds-YP_009724389.1	AAA	K	AAG	K	1388
NC_045512.2	17631	A	C	12453	3420	38	1	1	25	8.02826e-05	12456	1	FALSE	ORF1ab:cds-YP_009724389.1	AAA	K	AAC	N	1388
NC_045512.2	17632	G	C	12668	3437	38	1	1	37	7.89328e-05	12669	0.999878	FALSE	ORF1ab:cds-YP_009724389.1	GAC	D	CAC	H	1389
NC_045512.2	17633	A	T	12618	3497	38	3	0	29	0.000237661	12623	1	FALSE	ORF1ab:cds-YP_009724389.1	GAC	D	GTC	V	1389
NC_045512.2	17633	A	G	12618	3497	38	1	0	25	7.92205e-05	12623	1	FALSE	ORF1ab:cds-YP_009724389.1	GAC	D	GGC	G	1389
NC_045512.2	17633	A	C	12618	3497	38	1	1	25	7.92205e-05	12623	1	FALSE	ORF1ab:cds-YP_009724389.1	GAC	D	GCC	A	1389
NC_045512.2	17634	C	T	12664	3777	39	2	0	37	0.000157891	12667	0.999087	FALSE	ORF1ab:cds-YP_009724389.1	GAC	D	GAT	D	1389
NC_045512.2	17634	C	A	12664	3777	39	1	0	25	7.89453e-05	12667	1	FALSE	ORF1ab:cds-YP_009724389.1	GAC	D	GAA	E	1389
NC_045512.2	17635	A	C	11643	3733	38	1	0	25	8.58811e-05	11644	1	FALSE	ORF1ab:cds-YP_009724389.1	AAA	K	CAA	Q	1390
NC_045512.2	17636	A	G	11775	3625	38	2	1	31	0.00016975	11782	0.998292	FALSE	ORF1ab:cds-YP_009724389.1	AAA	K	AGA	R	1390
NC_045512.2	17636	A	C	11775	3625	38	5	3	29	0.000424376	11782	1	FALSE	ORF1ab:cds-YP_009724389.1	AAA	K	ACA	T	1390
NC_045512.2	17637	A	C	11781	3632	37	2	2	27	0.000169736	11783	1	FALSE	ORF1ab:cds-YP_009724389.1	AAA	K	AAC	N	1390
NC_045512.2	17638	T	G	11928	3736	38	1	1	25	8.38082e-05	11932	1	FALSE	ORF1ab:cds-YP_009724389.1	TCA	S	GCA	A	1391
NC_045512.2	17638	T	C	11928	3736	38	2	0	31	0.000167616	11932	0.998294	FALSE	ORF1ab:cds-YP_009724389.1	TCA	S	CCA	P	1391
NC_045512.2	17638	T	A	11928	3736	38	1	0	25	8.38082e-05	11932	1	FALSE	ORF1ab:cds-YP_009724389.1	TCA	S	ACA	T	1391
NC_045512.2	17639	C	A	11987	3822	38	4	1	29	0.000333584	11991	1	FALSE	ORF1ab:cds-YP_009724389.1	TCA	S	TAA	*	1391
NC_045512.2	17640	A	C	11287	3681	37	2	1	25	0.000177164	11289	1	FALSE	ORF1ab:cds-YP_009724389.1	TCA	S	TCC	S	1391
NC_045512.2	17641	G	A	12056	3875	37	6	2	43	0.00049743	12062	0.0624864	FALSE	ORF1ab:cds-YP_009724389.1	GCT	A	ACT	T	1392
NC_045512.2	17643	T	C	12111	3968	37	2	0	37	0.000165098	12114	0.999087	FALSE	ORF1ab:cds-YP_009724389.1	GCT	A	GCC	A	1392
NC_045512.2	17643	T	A	12111	3968	37	1	0	37	8.25491e-05	12114	0.999878	FALSE	ORF1ab:cds-YP_009724389.1	GCT	A	GCA	A	1392
NC_045512.2	17644	C	T	12097	3978	37	1	0	37	8.26515e-05	12099	0.999878	FALSE	ORF1ab:cds-YP_009724389.1	CAA	Q	TAA	*	1393
NC_045512.2	17644	C	A	12097	3978	37	1	1	25	8.26515e-05	12099	1	FALSE	ORF1ab:cds-YP_009724389.1	CAA	Q	AAA	K	1393
NC_045512.2	17645	A	T	11810	3861	37	1	0	37	8.46525e-05	11813	0.999756	FALSE	ORF1ab:cds-YP_009724389.1	CAA	Q	CTA	L	1393
NC_045512.2	17645	A	G	11810	3861	37	1	0	37	8.46525e-05	11813	0.999756	FALSE	ORF1ab:cds-YP_009724389.1	CAA	Q	CGA	R	1393
NC_045512.2	17645	A	C	11810	3861	37	1	1	25	8.46525e-05	11813	1	FALSE	ORF1ab:cds-YP_009724389.1	CAA	Q	CCA	P	1393
NC_045512.2	17646	A	G	11663	3829	37	1	1	48	8.57045e-05	11668	0.749946	FALSE	ORF1ab:cds-YP_009724389.1	CAA	Q	CAG	Q	1393
NC_045512.2	17646	A	C	11663	3829	37	4	2	30	0.000342818	11668	0.98245	FALSE	ORF1ab:cds-YP_009724389.1	CAA	Q	CAC	H	1393
NC_045512.2	17647	T	G	12416	4634	37	2	1	31	0.000161044	12419	0.999087	FALSE	ORF1ab:cds-YP_009724389.1	TGC	C	GGC	G	1394
NC_045512.2	17647	T	C	12416	4634	37	1	1	37	8.05218e-05	12419	0.999878	FALSE	ORF1ab:cds-YP_009724389.1	TGC	C	CGC	R	1394
NC_045512.2	17648	G	T	12527	4756	37	1	0	37	7.9783e-05	12534	0.999878	FALSE	ORF1ab:cds-YP_009724389.1	TGC	C	TTC	F	1394
NC_045512.2	17648	G	A	12527	4756	37	6	3	35	0.000478698	12534	0.951933	FALSE	ORF1ab:cds-YP_009724389.1	TGC	C	TAC	Y	1394
NC_045512.2	17649	C	T	12390	4861	37	3	1	37	0.000242033	12395	0.996314	FALSE	ORF1ab:cds-YP_009724389.1	TGC	C	TGT	C	1394
NC_045512.2	17649	C	G	12390	4861	37	1	1	25	8.06777e-05	12395	1	FALSE	ORF1ab:cds-YP_009724389.1	TGC	C	TGG	W	1394
NC_045512.2	17649	C	A	12390	4861	37	1	0	37	8.06777e-05	12395	0.999878	FALSE	ORF1ab:cds-YP_009724389.1	TGC	C	TGA	*	1394
NC_045512.2	17650	T	G	12319	4731	37	1	0	25	8.11491e-05	12323	1	FALSE	ORF1ab:cds-YP_009724389.1	TTT	F	GTT	V	1395
NC_045512.2	17650	T	C	12319	4731	37	2	0	37	0.000162298	12323	0.999087	FALSE	ORF1ab:cds-YP_009724389.1	TTT	F	CTT	L	1395
NC_045512.2	17650	T	A	12319	4731	37	1	1	37	8.11491e-05	12323	0.999878	FALSE	ORF1ab:cds-YP_009724389.1	TTT	F	ATT	I	1395
NC_045512.2	17651	T	G	12210	4781	37	3	0	30	0.00024558	12216	0.996312	FALSE	ORF1ab:cds-YP_009724389.1	TTT	F	TGT	C	1395
NC_045512.2	17651	T	C	12210	4781	37	2	1	31	0.00016372	12216	0.999086	FALSE	ORF1ab:cds-YP_009724389.1	TTT	F	TCT	S	1395
NC_045512.2	17651	T	A	12210	4781	37	1	0	37	8.18599e-05	12216	0.999878	FALSE	ORF1ab:cds-YP_009724389.1	TTT	F	TAT	Y	1395
NC_045512.2	17652	T	C	12566	4925	38	2	0	31	0.000159134	12568	0.999087	FALSE	ORF1ab:cds-YP_009724389.1	TTT	F	TTC	F	1395
NC_045512.2	17652	T	-A	12566	4925	38	2	0	20	0.000159134	12568	1	FALSE	NA	NA	NA	NA	NA	NA
NC_045512.2	17653	A	T	12384	4916	38	1	0	37	8.07298e-05	12387	0.999878	FALSE	ORF1ab:cds-YP_009724389.1	AAA	K	TAA	*	1396
NC_045512.2	17653	A	G	12384	4916	38	1	1	37	8.07298e-05	12387	0.999878	FALSE	ORF1ab:cds-YP_009724389.1	AAA	K	GAA	E	1396
NC_045512.2	17653	A	C	12384	4916	38	1	0	25	8.07298e-05	12387	1	FALSE	ORF1ab:cds-YP_009724389.1	AAA	K	CAA	Q	1396
NC_045512.2	17654	A	T	12294	4859	37	1	0	25	8.13206e-05	12297	1	FALSE	ORF1ab:cds-YP_009724389.1	AAA	K	ATA	I	1396
NC_045512.2	17654	A	G	12294	4859	37	1	1	37	8.13206e-05	12297	0.999878	FALSE	ORF1ab:cds-YP_009724389.1	AAA	K	AGA	R	1396
NC_045512.2	17654	A	C	12294	4859	37	1	1	25	8.13206e-05	12297	1	FALSE	ORF1ab:cds-YP_009724389.1	AAA	K	ACA	T	1396
NC_045512.2	17655	A	C	12308	4788	37	2	2	25	0.00016247	12310	1	FALSE	ORF1ab:cds-YP_009724389.1	AAA	K	AAC	N	1396
NC_045512.2	17656	A	T	12211	4886	37	1	1	37	8.188e-05	12213	0.999878	FALSE	ORF1ab:cds-YP_009724389.1	ATG	M	TTG	L	1397
NC_045512.2	17656	A	G	12211	4886	37	1	0	37	8.188e-05	12213	0.999878	FALSE	ORF1ab:cds-YP_009724389.1	ATG	M	GTG	V	1397
NC_045512.2	17657	T	G	12530	5039	38	1	0	37	7.98021e-05	12531	0.999878	FALSE	ORF1ab:cds-YP_009724389.1	ATG	M	AGG	R	1397
NC_045512.2	17658	G	A	12530	5026	37	1	0	37	7.98021e-05	12531	0.999878	FALSE	ORF1ab:cds-YP_009724389.1	ATG	M	ATA	I	1397
NC_045512.2	17659	T	G	12173	4945	37	1	0	25	8.2122e-05	12177	1	FALSE	ORF1ab:cds-YP_009724389.1	TTT	F	GTT	V	1398
NC_045512.2	17659	T	C	12173	4945	37	1	1	25	8.2122e-05	12177	1	FALSE	ORF1ab:cds-YP_009724389.1	TTT	F	CTT	L	1398
NC_045512.2	17659	T	A	12173	4945	37	2	1	25	0.000164244	12177	1	FALSE	ORF1ab:cds-YP_009724389.1	TTT	F	ATT	I	1398
NC_045512.2	17660	T	A	12205	4771	37	3	2	29	0.00024574	12208	1	FALSE	ORF1ab:cds-YP_009724389.1	TTT	F	TAT	Y	1398
NC_045512.2	17661	T	G	12585	4870	37	1	1	25	7.94534e-05	12586	1	FALSE	ORF1ab:cds-YP_009724389.1	TTT	F	TTG	L	1398
NC_045512.2	17662	T	G	13168	5410	38	1	1	25	7.59301e-05	13170	1	FALSE	ORF1ab:cds-YP_009724389.1	TAT	Y	GAT	D	1399
NC_045512.2	17662	T	C	13168	5410	38	1	0	25	7.59301e-05	13170	1	FALSE	ORF1ab:cds-YP_009724389.1	TAT	Y	CAT	H	1399
NC_045512.2	17663	A	G	12826	5599	37	1	0	74	7.79606e-05	12827	0.500019	FALSE	ORF1ab:cds-YP_009724389.1	TAT	Y	TGT	C	1399
NC_045512.2	17664	T	C	12799	5588	37	1	0	37	7.81189e-05	12801	0.999878	FALSE	ORF1ab:cds-YP_009724389.1	TAT	Y	TAC	Y	1399
NC_045512.2	17664	T	A	12799	5588	37	1	0	37	7.81189e-05	12801	0.999878	FALSE	ORF1ab:cds-YP_009724389.1	TAT	Y	TAA	*	1399
NC_045512.2	17664	T	-A	12799	5588	37	1	0	20	7.81189e-05	12801	1	FALSE	NA	NA	NA	NA	NA	NA
NC_045512.2	17665	A	T	12825	5504	37	1	0	25	7.79362e-05	12831	1	FALSE	ORF1ab:cds-YP_009724389.1	AAG	K	TAG	*	1400
NC_045512.2	17665	A	G	12825	5504	37	1	1	37	7.79362e-05	12831	0.999878	FALSE	ORF1ab:cds-YP_009724389.1	AAG	K	GAG	E	1400
NC_045512.2	17665	A	C	12825	5504	37	4	3	26	0.000311745	12831	1	FALSE	ORF1ab:cds-YP_009724389.1	AAG	K	CAG	Q	1400
NC_045512.2	17666	A	G	12688	5441	37	4	2	37	0.000315159	12692	0.989389	FALSE	ORF1ab:cds-YP_009724389.1	AAG	K	AGG	R	1400
NC_045512.2	17667	G	T	13236	5607	37	3	1	33	0.000226569	13241	0.997914	FALSE	ORF1ab:cds-YP_009724389.1	AAG	K	AAT	N	1400
NC_045512.2	17667	G	C	13236	5607	37	1	0	37	7.5523e-05	13241	0.999939	FALSE	ORF1ab:cds-YP_009724389.1	AAG	K	AAC	N	1400
NC_045512.2	17667	G	A	13236	5607	37	1	0	37	7.5523e-05	13241	0.999939	FALSE	ORF1ab:cds-YP_009724389.1	AAG	K	AAA	K	1400
NC_045512.2	17668	G	T	13131	5588	37	4	2	31	0.00030453	13135	0.993654	FALSE	ORF1ab:cds-YP_009724389.1	GGT	G	TGT	C	1401
NC_045512.2	17669	G	T	13791	5723	37	2	0	37	0.000144959	13797	0.999512	FALSE	ORF1ab:cds-YP_009724389.1	GGT	G	GTT	V	1401
NC_045512.2	17669	G	A	13791	5723	37	4	2	37	0.000289918	13797	0.993648	FALSE	ORF1ab:cds-YP_009724389.1	GGT	G	GAT	D	1401
NC_045512.2	17670	T	C	13561	5471	37	1	0	37	7.37354e-05	13562	0.999939	FALSE	ORF1ab:cds-YP_009724389.1	GGT	G	GGC	G	1401
NC_045512.2	17671	G	T	13744	5588	37	1	0	37	7.27379e-05	13748	0.999939	FALSE	ORF1ab:cds-YP_009724389.1	GTT	V	TTT	F	1402
NC_045512.2	17671	G	A	13744	5588	37	3	1	37	0.000218214	13748	0.997915	FALSE	ORF1ab:cds-YP_009724389.1	GTT	V	ATT	I	1402
NC_045512.2	17671	G	-T	13744	5588	37	1	0	20	7.27379e-05	13748	1	FALSE	NA	NA	NA	NA	NA	NA
NC_045512.2	17672	T	G	13537	5698	37	2	0	25	0.00014771	13540	1	FALSE	ORF1ab:cds-YP_009724389.1	GTT	V	GGT	G	1402
NC_045512.2	17672	T	C	13537	5698	37	1	0	25	7.38552e-05	13540	1	FALSE	ORF1ab:cds-YP_009724389.1	GTT	V	GCT	A	1402
NC_045512.2	17673	T	C	13749	5665	38	1	0	37	7.2722e-05	13751	0.999939	FALSE	ORF1ab:cds-YP_009724389.1	GTT	V	GTC	V	1402
NC_045512.2	17673	T	A	13749	5665	38	1	1	25	7.2722e-05	13751	1	FALSE	ORF1ab:cds-YP_009724389.1	GTT	V	GTA	V	1402
NC_045512.2	17674	A	C	13664	5731	37	1	0	25	7.31797e-05	13665	1	FALSE	ORF1ab:cds-YP_009724389.1	ATC	I	CTC	L	1403
NC_045512.2	17675	T	C	13616	5558	38	1	0	37	7.34268e-05	13619	0.999939	FALSE	ORF1ab:cds-YP_009724389.1	ATC	I	ACC	T	1403
NC_045512.2	17675	T	A	13616	5558	38	2	0	25	0.000146854	13619	1	FALSE	ORF1ab:cds-YP_009724389.1	ATC	I	AAC	N	1403
NC_045512.2	17677	A	G	13511	5478	38	4	2	37	0.000295967	13515	0.993653	FALSE	ORF1ab:cds-YP_009724389.1	ACG	T	GCG	A	1404
NC_045512.2	17678	C	T	13539	5367	38	13	7	42	0.000959268	13552	0.000913684	TRUE	ORF1ab:cds-YP_009724389.1	ACG	T	ATG	M	1404
NC_045512.2	17679	G	C	13399	5335	38	1	1	37	7.44823e-05	13426	0.999938	FALSE	ORF1ab:cds-YP_009724389.1	ACG	T	ACC	T	1404
NC_045512.2	17679	G	A	13399	5335	38	26	10	37	0.00193654	13426	0.0265401	FALSE	ORF1ab:cds-YP_009724389.1	ACG	T	ACA	T	1404
NC_045512.2	17681	A	G	13200	5339	37	1	0	37	7.57461e-05	13202	0.999939	FALSE	ORF1ab:cds-YP_009724389.1	CAT	H	CGT	R	1405
NC_045512.2	17681	A	C	13200	5339	37	1	1	25	7.57461e-05	13202	1	FALSE	ORF1ab:cds-YP_009724389.1	CAT	H	CCT	P	1405
NC_045512.2	17682	T	G	13021	5264	37	3	1	25	0.000230291	13027	1	FALSE	ORF1ab:cds-YP_009724389.1	CAT	H	CAG	Q	1405
NC_045512.2	17682	T	C	13021	5264	37	2	1	37	0.000153527	13027	0.999512	FALSE	ORF1ab:cds-YP_009724389.1	CAT	H	CAC	H	1405
NC_045512.2	17682	T	A	13021	5264	37	1	1	37	7.67636e-05	13027	0.999939	FALSE	ORF1ab:cds-YP_009724389.1	CAT	H	CAA	Q	1405
NC_045512.2	17683	G	A	13289	5419	38	3	2	37	0.0002257	13292	0.997916	FALSE	ORF1ab:cds-YP_009724389.1	GAT	D	AAT	N	1406
NC_045512.2	17684	A	T	13358	5643	38	1	0	74	7.48223e-05	13365	0.499906	FALSE	ORF1ab:cds-YP_009724389.1	GAT	D	GTT	V	1406
NC_045512.2	17684	A	G	13358	5643	38	5	1	37	0.000374111	13365	0.98458	FALSE	ORF1ab:cds-YP_009724389.1	GAT	D	GGT	G	1406
NC_045512.2	17684	A	C	13358	5643	38	1	0	37	7.48223e-05	13365	0.999939	FALSE	ORF1ab:cds-YP_009724389.1	GAT	D	GCT	A	1406
NC_045512.2	17685	T	C	13657	5688	38	2	1	37	0.000146413	13660	0.999513	FALSE	ORF1ab:cds-YP_009724389.1	GAT	D	GAC	D	1406
NC_045512.2	17685	T	A	13657	5688	38	1	0	37	7.32064e-05	13660	0.999939	FALSE	ORF1ab:cds-YP_009724389.1	GAT	D	GAA	E	1406
NC_045512.2	17686	G	A	13763	5770	38	4	1	46	0.00029055	13767	0.1875	FALSE	ORF1ab:cds-YP_009724389.1	GTT	V	ATT	I	1407
NC_045512.2	17686	G	-TT	13763	5770	38	1	0	20	7.26375e-05	13767	1	FALSE	NA	NA	NA	NA	NA	NA
NC_045512.2	17687	T	G	13180	5583	38	1	0	37	7.5861e-05	13182	0.999939	FALSE	ORF1ab:cds-YP_009724389.1	GTT	V	GGT	G	1407
NC_045512.2	17687	T	C	13180	5583	38	1	0	37	7.5861e-05	13182	0.999939	FALSE	ORF1ab:cds-YP_009724389.1	GTT	V	GCT	A	1407
NC_045512.2	17688	T	G	13078	5630	37	1	0	37	7.64468e-05	13081	0.999939	FALSE	ORF1ab:cds-YP_009724389.1	GTT	V	GTG	V	1407
NC_045512.2	17688	T	C	13078	5630	37	1	0	62	7.64468e-05	13081	0.499962	FALSE	ORF1ab:cds-YP_009724389.1	GTT	V	GTC	V	1407
NC_045512.2	17688	T	A	13078	5630	37	1	0	25	7.64468e-05	13081	1	FALSE	ORF1ab:cds-YP_009724389.1	GTT	V	GTA	V	1407
NC_045512.2	17689	T	C	12959	5553	37	1	1	37	7.71545e-05	12961	0.999878	FALSE	ORF1ab:cds-YP_009724389.1	TCA	S	CCA	P	1408
NC_045512.2	17689	T	A	12959	5553	37	1	0	25	7.71545e-05	12961	1	FALSE	ORF1ab:cds-YP_009724389.1	TCA	S	ACA	T	1408
NC_045512.2	17691	A	G	13029	5768	38	2	2	31	0.000153468	13032	0.999513	FALSE	ORF1ab:cds-YP_009724389.1	TCA	S	TCG	S	1408
NC_045512.2	17691	A	C	13029	5768	38	1	1	25	7.67342e-05	13032	1	FALSE	ORF1ab:cds-YP_009724389.1	TCA	S	TCC	S	1408
NC_045512.2	17692	T	A	12939	5636	38	1	0	37	7.72798e-05	12940	0.999878	FALSE	ORF1ab:cds-YP_009724389.1	TCT	S	ACT	T	1409
NC_045512.2	17693	C	T	12963	5732	38	1	1	37	7.71307e-05	12965	0.999878	FALSE	ORF1ab:cds-YP_009724389.1	TCT	S	TTT	F	1409
NC_045512.2	17693	C	A	12963	5732	38	1	0	37	7.71307e-05	12965	0.999878	FALSE	ORF1ab:cds-YP_009724389.1	TCT	S	TAT	Y	1409
NC_045512.2	17694	T	G	12874	5624	38	1	0	25	7.76518e-05	12878	1	FALSE	ORF1ab:cds-YP_009724389.1	TCT	S	TCG	S	1409
NC_045512.2	17694	T	C	12874	5624	38	1	1	25	7.76518e-05	12878	1	FALSE	ORF1ab:cds-YP_009724389.1	TCT	S	TCC	S	1409
NC_045512.2	17694	T	A	12874	5624	38	2	0	31	0.000155304	12878	0.999086	FALSE	ORF1ab:cds-YP_009724389.1	TCT	S	TCA	S	1409
NC_045512.2	17695	G	T	13231	5701	37	1	1	37	7.55002e-05	13245	0.999939	FALSE	ORF1ab:cds-YP_009724389.1	GCA	A	TCA	S	1410
NC_045512.2	17695	G	A	13231	5701	37	13	5	39	0.000981502	13245	0.577529	FALSE	ORF1ab:cds-YP_009724389.1	GCA	A	ACA	T	1410
NC_045512.2	17696	C	T	13075	5717	37	10	2	37	0.000764234	13085	0.79772	FALSE	ORF1ab:cds-YP_009724389.1	GCA	A	GTA	V	1410
NC_045512.2	17697	A	T	12882	5775	37	1	1	37	7.76036e-05	12886	0.999878	FALSE	ORF1ab:cds-YP_009724389.1	GCA	A	GCT	A	1410
NC_045512.2	17697	A	G	12882	5775	37	1	1	37	7.76036e-05	12886	0.999878	FALSE	ORF1ab:cds-YP_009724389.1	GCA	A	GCG	A	1410
NC_045512.2	17697	A	C	12882	5775	37	2	0	25	0.000155207	12886	1	FALSE	ORF1ab:cds-YP_009724389.1	GCA	A	GCC	A	1410
NC_045512.2	17698	A	G	13001	5950	37	1	0	37	7.69053e-05	13003	0.999939	FALSE	ORF1ab:cds-YP_009724389.1	ATT	I	GTT	V	1411
NC_045512.2	17698	A	C	13001	5950	37	1	0	25	7.69053e-05	13003	1	FALSE	ORF1ab:cds-YP_009724389.1	ATT	I	CTT	L	1411
NC_045512.2	17699	T	G	12912	5901	37	2	0	31	0.000154859	12915	0.999087	FALSE	ORF1ab:cds-YP_009724389.1	ATT	I	AGT	S	1411
NC_045512.2	17699	T	C	12912	5901	37	1	0	25	7.74293e-05	12915	1	FALSE	ORF1ab:cds-YP_009724389.1	ATT	I	ACT	T	1411
NC_045512.2	17700	T	A	13590	6290	38	1	0	25	7.35781e-05	13591	1	FALSE	ORF1ab:cds-YP_009724389.1	ATT	I	ATA	I	1411
NC_045512.2	17701	A	T	13431	6187	38	1	0	25	7.44269e-05	13436	1	FALSE	ORF1ab:cds-YP_009724389.1	AAC	N	TAC	Y	1412
NC_045512.2	17701	A	G	13431	6187	38	1	1	37	7.44269e-05	13436	0.999939	FALSE	ORF1ab:cds-YP_009724389.1	AAC	N	GAC	D	1412
NC_045512.2	17701	A	C	13431	6187	38	3	3	25	0.000223281	13436	1	FALSE	ORF1ab:cds-YP_009724389.1	AAC	N	CAC	H	1412
NC_045512.2	17702	A	G	13251	6410	38	2	1	37	0.000150875	13256	0.999513	FALSE	ORF1ab:cds-YP_009724389.1	AAC	N	AGC	S	1412
NC_045512.2	17702	A	C	13251	6410	38	3	3	25	0.000226313	13256	1	FALSE	ORF1ab:cds-YP_009724389.1	AAC	N	ACC	T	1412
NC_045512.2	17703	C	T	13761	7042	38	4	2	37	0.000290529	13768	0.993645	FALSE	ORF1ab:cds-YP_009724389.1	AAC	N	AAT	N	1412
NC_045512.2	17703	C	A	13761	7042	38	3	1	49	0.000217897	13768	0.312405	FALSE	ORF1ab:cds-YP_009724389.1	AAC	N	AAA	K	1412
NC_045512.2	17704	A	T	13089	6479	38	2	2	37	0.000152648	13102	0.999511	FALSE	ORF1ab:cds-YP_009724389.1	AGG	R	TGG	W	1413
NC_045512.2	17704	A	G	13089	6479	38	9	5	37	0.000686918	13102	0.85684	FALSE	ORF1ab:cds-YP_009724389.1	AGG	R	GGG	G	1413
NC_045512.2	17704	A	C	13089	6479	38	2	2	37	0.000152648	13102	0.999511	FALSE	ORF1ab:cds-YP_009724389.1	AGG	R	CGG	R	1413
NC_045512.2	17704	A	+G	13089	6479	38	1	0	20	7.63242e-05	13102	1	FALSE	NA	NA	NA	NA	NA	NA
NC_045512.2	17705	G	T	13348	6438	38	3	0	37	0.000224685	13352	0.997915	FALSE	ORF1ab:cds-YP_009724389.1	AGG	R	ATG	M	1413
NC_045512.2	17705	G	A	13348	6438	38	1	0	74	7.48951e-05	13352	0.499963	FALSE	ORF1ab:cds-YP_009724389.1	AGG	R	AAG	K	1413
NC_045512.2	17706	G	T	13357	6416	38	4	1	31	0.000299155	13371	0.993626	FALSE	ORF1ab:cds-YP_009724389.1	AGG	R	AGT	S	1413
NC_045512.2	17706	G	C	13357	6416	38	1	0	37	7.47887e-05	13371	0.999939	FALSE	ORF1ab:cds-YP_009724389.1	AGG	R	AGC	S	1413
NC_045512.2	17706	G	A	13357	6416	38	9	4	38	0.000673098	13371	0.856801	FALSE	ORF1ab:cds-YP_009724389.1	AGG	R	AGA	R	1413
NC_045512.2	17707	C	T	13414	6425	38	9	3	37	0.000670441	13424	0.85696	FALSE	ORF1ab:cds-YP_009724389.1	CCA	P	TCA	S	1414
NC_045512.2	17707	C	A	13414	6425	38	1	0	37	7.44934e-05	13424	0.999939	FALSE	ORF1ab:cds-YP_009724389.1	CCA	P	ACA	T	1414
NC_045512.2	17708	C	G	13447	6544	38	1	1	37	7.43605e-05	13448	0.999939	FALSE	ORF1ab:cds-YP_009724389.1	CCA	P	CGA	R	1414
NC_045512.2	17709	A	T	13411	6574	38	1	1	37	7.45434e-05	13415	0.999939	FALSE	ORF1ab:cds-YP_009724389.1	CCA	P	CCT	P	1414
NC_045512.2	17709	A	G	13411	6574	38	2	0	37	0.000149087	13415	0.999513	FALSE	ORF1ab:cds-YP_009724389.1	CCA	P	CCG	P	1414
NC_045512.2	17709	A	C	13411	6574	38	1	0	25	7.45434e-05	13415	1	FALSE	ORF1ab:cds-YP_009724389.1	CCA	P	CCC	P	1414
NC_045512.2	17710	C	T	13653	6659	38	2	1	49	0.000146456	13656	0.5	FALSE	ORF1ab:cds-YP_009724389.1	CAA	Q	TAA	*	1415
NC_045512.2	17710	C	G	13653	6659	38	1	1	37	7.32279e-05	13656	0.999939	FALSE	ORF1ab:cds-YP_009724389.1	CAA	Q	GAA	E	1415
NC_045512.2	17710	C	+A	13653	6659	38	1	0	20	7.32279e-05	13656	1	FALSE	NA	NA	NA	NA	NA	NA
NC_045512.2	17711	A	G	13527	6600	38	2	1	37	0.000147831	13529	0.999513	FALSE	ORF1ab:cds-YP_009724389.1	CAA	Q	CGA	R	1415
NC_045512.2	17712	A	T	13229	6308	38	1	1	37	7.55744e-05	13232	0.999939	FALSE	ORF1ab:cds-YP_009724389.1	CAA	Q	CAT	H	1415
NC_045512.2	17712	A	C	13229	6308	38	2	1	25	0.000151149	13232	1	FALSE	ORF1ab:cds-YP_009724389.1	CAA	Q	CAC	H	1415
NC_045512.2	17713	A	C	13110	6155	37	4	4	28	0.000305018	13114	1	FALSE	ORF1ab:cds-YP_009724389.1	ATA	I	CTA	L	1416
NC_045512.2	17714	T	G	13172	6118	38	1	1	25	7.59071e-05	13174	1	FALSE	ORF1ab:cds-YP_009724389.1	ATA	I	AGA	R	1416
NC_045512.2	17714	T	C	13172	6118	38	1	0	37	7.59071e-05	13174	0.999939	FALSE	ORF1ab:cds-YP_009724389.1	ATA	I	ACA	T	1416
NC_045512.2	17715	A	G	13030	6018	38	6	3	37	0.000460052	13042	0.968204	FALSE	ORF1ab:cds-YP_009724389.1	ATA	I	ATG	M	1416
NC_045512.2	17715	A	C	13030	6018	38	6	5	29	0.000460052	13042	1	FALSE	ORF1ab:cds-YP_009724389.1	ATA	I	ATC	I	1416
NC_045512.2	17716	G	T	13315	6367	38	1	0	37	7.50807e-05	13319	0.999939	FALSE	ORF1ab:cds-YP_009724389.1	GGC	G	TGC	C	1417
NC_045512.2	17716	G	C	13315	6367	38	3	0	37	0.000225242	13319	0.997915	FALSE	ORF1ab:cds-YP_009724389.1	GGC	G	CGC	R	1417
NC_045512.2	17717	G	C	12627	6663	38	1	1	25	7.91703e-05	12631	1	FALSE	ORF1ab:cds-YP_009724389.1	GGC	G	GCC	A	1417
NC_045512.2	17717	G	A	12627	6663	38	3	1	40	0.000237511	12631	0.312485	FALSE	ORF1ab:cds-YP_009724389.1	GGC	G	GAC	D	1417
NC_045512.2	17718	C	T	12822	6829	38	7	4	37	0.000545596	12830	0.916544	FALSE	ORF1ab:cds-YP_009724389.1	GGC	G	GGT	G	1417
NC_045512.2	17718	C	A	12822	6829	38	1	0	37	7.79423e-05	12830	0.999878	FALSE	ORF1ab:cds-YP_009724389.1	GGC	G	GGA	G	1417
NC_045512.2	17719	G	C	12643	6648	38	1	0	37	7.90826e-05	12645	0.999878	FALSE	ORF1ab:cds-YP_009724389.1	GTG	V	CTG	L	1418
NC_045512.2	17719	G	A	12643	6648	38	1	0	37	7.90826e-05	12645	0.999878	FALSE	ORF1ab:cds-YP_009724389.1	GTG	V	ATG	M	1418
NC_045512.2	17720	T	G	12481	6508	38	1	1	37	8.01025e-05	12484	0.999878	FALSE	ORF1ab:cds-YP_009724389.1	GTG	V	GGG	G	1418
NC_045512.2	17720	T	C	12481	6508	38	2	2	31	0.000160205	12484	0.999087	FALSE	ORF1ab:cds-YP_009724389.1	GTG	V	GCG	A	1418
NC_045512.2	17721	G	T	12597	6474	38	2	1	55	0.00015873	12600	0.24999	FALSE	ORF1ab:cds-YP_009724389.1	GTG	V	GTT	V	1418
NC_045512.2	17721	G	A	12597	6474	38	1	0	37	7.93651e-05	12600	0.999878	FALSE	ORF1ab:cds-YP_009724389.1	GTG	V	GTA	V	1418
NC_045512.2	17722	G	C	12619	6502	38	1	1	37	7.9233e-05	12621	0.999878	FALSE	ORF1ab:cds-YP_009724389.1	GTA	V	CTA	L	1419
NC_045512.2	17722	G	A	12619	6502	38	1	1	37	7.9233e-05	12621	0.999878	FALSE	ORF1ab:cds-YP_009724389.1	GTA	V	ATA	I	1419
NC_045512.2	17723	T	A	12714	6585	38	2	2	37	0.000157282	12716	0.999087	FALSE	ORF1ab:cds-YP_009724389.1	GTA	V	GAA	E	1419
NC_045512.2	17724	A	G	12501	6604	38	2	0	49	0.000159949	12504	0.5	FALSE	ORF1ab:cds-YP_009724389.1	GTA	V	GTG	V	1419
NC_045512.2	17724	A	C	12501	6604	38	1	0	25	7.99744e-05	12504	1	FALSE	ORF1ab:cds-YP_009724389.1	GTA	V	GTC	V	1419
NC_045512.2	17725	A	T	12405	6494	38	2	1	31	0.000161147	12411	0.999086	FALSE	ORF1ab:cds-YP_009724389.1	AGA	R	TGA	*	1420
NC_045512.2	17725	A	G	12405	6494	38	2	1	37	0.000161147	12411	0.999086	FALSE	ORF1ab:cds-YP_009724389.1	AGA	R	GGA	G	1420
NC_045512.2	17725	A	C	12405	6494	38	2	0	55	0.000161147	12411	0.249929	FALSE	ORF1ab:cds-YP_009724389.1	AGA	R	CGA	R	1420
NC_045512.2	17727	A	T	11895	6827	38	2	1	25	0.000168067	11900	1	FALSE	ORF1ab:cds-YP_009724389.1	AGA	R	AGT	S	1420
NC_045512.2	17727	A	G	11895	6827	38	3	2	33	0.000252101	11900	0.99354	FALSE	ORF1ab:cds-YP_009724389.1	AGA	R	AGG	R	1420
NC_045512.2	17728	G	T	11917	6739	38	1	0	25	8.39067e-05	11918	1	FALSE	ORF1ab:cds-YP_009724389.1	GAA	E	TAA	*	1421
NC_045512.2	17729	A	G	11756	6605	38	3	2	37	0.000255124	11759	0.993546	FALSE	ORF1ab:cds-YP_009724389.1	GAA	E	GGA	G	1421
NC_045512.2	17730	A	T	10742	5826	33	2	2	31	0.000186098	10747	0.99683	FALSE	ORF1ab:cds-YP_009724389.1	GAA	E	GAT	D	1421
NC_045512.2	17730	A	C	10742	5826	33	3	0	23	0.000279148	10747	1	FALSE	ORF1ab:cds-YP_009724389.1	GAA	E	GAC	D	1421
NC_045512.2	17731	T	G	11385	6287	37	6	6	25	0.000526639	11393	1	FALSE	ORF1ab:cds-YP_009724389.1	TTC	F	GTC	V	1422
NC_045512.2	17731	T	C	11385	6287	37	1	0	37	8.77732e-05	11393	0.999756	FALSE	ORF1ab:cds-YP_009724389.1	TTC	F	CTC	L	1422
NC_045512.2	17731	T	A	11385	6287	37	1	0	25	8.77732e-05	11393	1	FALSE	ORF1ab:cds-YP_009724389.1	TTC	F	ATC	I	1422
NC_045512.2	17732	T	C	11428	6663	38	2	1	37	0.000174978	11430	0.998296	FALSE	ORF1ab:cds-YP_009724389.1	TTC	F	TCC	S	1422
NC_045512.2	17733	C	T	11737	6961	38	2	1	37	0.000170372	11739	0.998296	FALSE	ORF1ab:cds-YP_009724389.1	TTC	F	TTT	F	1422
NC_045512.2	17734	C	A	11704	6975	38	1	1	25	8.54336e-05	11705	1	FALSE	ORF1ab:cds-YP_009724389.1	CTT	L	ATT	I	1423
NC_045512.2	17735	T	G	11311	6596	37	3	3	30	0.000265111	11316	0.993541	FALSE	ORF1ab:cds-YP_009724389.1	CTT	L	CGT	R	1423
NC_045512.2	17735	T	C	11311	6596	37	1	0	37	8.83704e-05	11316	0.999756	FALSE	ORF1ab:cds-YP_009724389.1	CTT	L	CCT	P	1423
NC_045512.2	17735	T	A	11311	6596	37	1	1	37	8.83704e-05	11316	0.999756	FALSE	ORF1ab:cds-YP_009724389.1	CTT	L	CAT	H	1423
NC_045512.2	17736	T	G	11436	6722	38	1	0	37	8.74279e-05	11438	0.999757	FALSE	ORF1ab:cds-YP_009724389.1	CTT	L	CTG	L	1423
NC_045512.2	17736	T	C	11436	6722	38	1	0	37	8.74279e-05	11438	0.999757	FALSE	ORF1ab:cds-YP_009724389.1	CTT	L	CTC	L	1423
NC_045512.2	17737	A	G	11351	6849	38	1	1	37	8.80824e-05	11353	0.999757	FALSE	ORF1ab:cds-YP_009724389.1	ACA	T	GCA	A	1424
NC_045512.2	17737	A	C	11351	6849	38	1	0	37	8.80824e-05	11353	0.999757	FALSE	ORF1ab:cds-YP_009724389.1	ACA	T	CCA	P	1424
NC_045512.2	17738	C	A	11548	6858	38	1	1	29	8.65876e-05	11549	1	FALSE	ORF1ab:cds-YP_009724389.1	ACA	T	AAA	K	1424
NC_045512.2	17739	A	T	11677	6887	37	2	2	31	0.000171174	11684	0.998292	FALSE	ORF1ab:cds-YP_009724389.1	ACA	T	ACT	T	1424
NC_045512.2	17739	A	G	11677	6887	37	2	2	37	0.000171174	11684	0.998292	FALSE	ORF1ab:cds-YP_009724389.1	ACA	T	ACG	T	1424
NC_045512.2	17739	A	C	11677	6887	37	3	1	29	0.000256761	11684	1	FALSE	ORF1ab:cds-YP_009724389.1	ACA	T	ACC	T	1424
NC_045512.2	17740	C	T	12087	7067	38	6	5	35	0.000496073	12095	0.951918	FALSE	ORF1ab:cds-YP_009724389.1	CGT	R	TGT	C	1425
NC_045512.2	17740	C	G	12087	7067	38	1	1	37	8.26788e-05	12095	0.999878	FALSE	ORF1ab:cds-YP_009724389.1	CGT	R	GGT	G	1425
NC_045512.2	17740	C	A	12087	7067	38	1	0	37	8.26788e-05	12095	0.999878	FALSE	ORF1ab:cds-YP_009724389.1	CGT	R	AGT	S	1425
NC_045512.2	17741	G	T	12024	7048	38	1	1	37	8.31324e-05	12029	0.999878	FALSE	ORF1ab:cds-YP_009724389.1	CGT	R	CTT	L	1425
NC_045512.2	17741	G	A	12024	7048	38	4	4	37	0.00033253	12029	0.989385	FALSE	ORF1ab:cds-YP_009724389.1	CGT	R	CAT	H	1425
NC_045512.2	17742	T	G	11275	6711	37	2	2	31	0.000177321	11279	0.998294	FALSE	ORF1ab:cds-YP_009724389.1	CGT	R	CGG	R	1425
NC_045512.2	17742	T	C	11275	6711	37	2	0	31	0.000177321	11279	0.998294	FALSE	ORF1ab:cds-YP_009724389.1	CGT	R	CGC	R	1425
NC_045512.2	17743	A	G	11415	6845	38	1	1	25	8.75964e-05	11416	1	FALSE	ORF1ab:cds-YP_009724389.1	AAC	N	GAC	D	1426
NC_045512.2	17744	A	C	11076	6523	37	6	4	25	0.000541419	11082	1	FALSE	ORF1ab:cds-YP_009724389.1	AAC	N	ACC	T	1426
NC_045512.2	17746	C	T	11603	7035	37	1	1	37	8.61772e-05	11604	0.999757	FALSE	ORF1ab:cds-YP_009724389.1	CCT	P	TCT	S	1427
NC_045512.2	17747	C	T	11510	6927	38	1	1	37	8.68659e-05	11512	0.999757	FALSE	ORF1ab:cds-YP_009724389.1	CCT	P	CTT	L	1427
NC_045512.2	17747	C	A	11510	6927	38	1	1	37	8.68659e-05	11512	0.999757	FALSE	ORF1ab:cds-YP_009724389.1	CCT	P	CAT	H	1427
NC_045512.2	17748	T	G	10377	5771	38	1	0	37	9.63206e-05	10382	0.999512	FALSE	ORF1ab:cds-YP_009724389.1	CCT	P	CCG	P	1427
NC_045512.2	17748	T	C	10377	5771	38	4	2	37	0.000385282	10382	0.971355	FALSE	ORF1ab:cds-YP_009724389.1	CCT	P	CCC	P	1427
NC_045512.2	17749	G	A	10481	5993	38	6	4	38	0.000572137	10487	0.895066	FALSE	ORF1ab:cds-YP_009724389.1	GCT	A	ACT	T	1428
NC_045512.2	17750	C	T	10585	6288	38	6	5	37	0.000566519	10591	0.895064	FALSE	ORF1ab:cds-YP_009724389.1	GCT	A	GTT	V	1428
NC_045512.2	17751	T	G	10346	6213	38	3	0	29	0.000289799	10352	1	FALSE	ORF1ab:cds-YP_009724389.1	GCT	A	GCG	A	1428
NC_045512.2	17751	T	C	10346	6213	38	3	2	37	0.000289799	10352	0.98878	FALSE	ORF1ab:cds-YP_009724389.1	GCT	A	GCC	A	1428
NC_045512.2	17752	T	G	10478	6230	38	4	2	28	0.00038157	10483	1	FALSE	ORF1ab:cds-YP_009724389.1	TGG	W	GGG	G	1429
NC_045512.2	17752	T	C	10478	6230	38	1	0	37	9.53925e-05	10483	0.999512	FALSE	ORF1ab:cds-YP_009724389.1	TGG	W	CGG	R	1429
NC_045512.2	17753	G	T	10528	6145	38	1	1	25	9.49758e-05	10529	1	FALSE	ORF1ab:cds-YP_009724389.1	TGG	W	TTG	L	1429
NC_045512.2	17754	G	A	10636	6195	38	3	3	37	0.000281981	10639	0.988794	FALSE	ORF1ab:cds-YP_009724389.1	TGG	W	TGA	*	1429
NC_045512.2	17755	A	G	10776	6447	38	3	2	33	0.000278293	10780	0.988789	FALSE	ORF1ab:cds-YP_009724389.1	AGA	R	GGA	G	1430
NC_045512.2	17755	A	C	10776	6447	38	1	0	37	9.27644e-05	10780	0.999512	FALSE	ORF1ab:cds-YP_009724389.1	AGA	R	CGA	R	1430
NC_045512.2	17756	G	C	10878	6436	39	1	1	37	9.19202e-05	10879	0.999513	FALSE	ORF1ab:cds-YP_009724389.1	AGA	R	ACA	T	1430
NC_045512.2	17756	G	-A	10878	6436	39	1	0	20	9.19202e-05	10879	1	FALSE	NA	NA	NA	NA	NA	NA
NC_045512.2	17758	A	C	11389	7349	40	1	0	25	8.77963e-05	11390	1	FALSE	ORF1ab:cds-YP_009724389.1	AAA	K	CAA	Q	1431
NC_045512.2	17759	A	G	11112	7365	39	2	1	55	0.000179921	11116	0.249966	FALSE	ORF1ab:cds-YP_009724389.1	AAA	K	AGA	R	1431
NC_045512.2	17759	A	C	11112	7365	39	2	0	25	0.000179921	11116	1	FALSE	ORF1ab:cds-YP_009724389.1	AAA	K	ACA	T	1431
NC_045512.2	17760	A	T	11320	7542	39	2	1	25	0.0001766	11325	1	FALSE	ORF1ab:cds-YP_009724389.1	AAA	K	AAT	N	1431
NC_045512.2	17760	A	G	11320	7542	39	2	1	74	0.0001766	11325	0.249945	FALSE	ORF1ab:cds-YP_009724389.1	AAA	K	AAG	K	1431
NC_045512.2	17760	A	C	11320	7542	39	1	1	25	8.83002e-05	11325	1	FALSE	ORF1ab:cds-YP_009724389.1	AAA	K	AAC	N	1431
NC_045512.2	17761	G	A	11245	7265	39	21	12	41	0.00186402	11266	5.44219e-06	TRUE	ORF1ab:cds-YP_009724389.1	GCT	A	ACT	T	1432
NC_045512.2	17761	G	+C	11245	7265	39	2	0	20	0.000177525	11266	1	FALSE	NA	NA	NA	NA	NA	NA
NC_045512.2	17762	C	T	14935	11847	41	5	4	44	0.000334627	14942	0.109336	FALSE	ORF1ab:cds-YP_009724389.1	GCT	A	GTT	V	1432
NC_045512.2	17762	C	A	14935	11847	41	2	1	25	0.000133851	14942	1	FALSE	ORF1ab:cds-YP_009724389.1	GCT	A	GAT	D	1432
NC_045512.2	17763	T	G	14553	11490	41	2	1	33	0.000137391	14557	0.999741	FALSE	ORF1ab:cds-YP_009724389.1	GCT	A	GCG	A	1432
NC_045512.2	17763	T	C	14553	11490	41	2	1	37	0.000137391	14557	0.999741	FALSE	ORF1ab:cds-YP_009724389.1	GCT	A	GCC	A	1432
NC_045512.2	17764	G	A	14709	11625	42	1	1	37	6.7981e-05	14710	0.99997	FALSE	ORF1ab:cds-YP_009724389.1	GTC	V	ATC	I	1433
NC_045512.2	17765	T	C	14428	11345	41	1	1	25	6.92953e-05	14431	1	FALSE	ORF1ab:cds-YP_009724389.1	GTC	V	GCC	A	1433
NC_045512.2	17765	T	A	14428	11345	41	2	1	25	0.000138591	14431	1	FALSE	ORF1ab:cds-YP_009724389.1	GTC	V	GAC	D	1433
NC_045512.2	17766	C	A	14153	11104	41	1	1	37	7.06514e-05	14154	0.99997	FALSE	ORF1ab:cds-YP_009724389.1	GTC	V	GTA	V	1433
NC_045512.2	17767	T	G	14596	11636	41	1	1	37	6.84932e-05	14600	0.99997	FALSE	ORF1ab:cds-YP_009724389.1	TTT	F	GTT	V	1434
NC_045512.2	17767	T	C	14596	11636	41	1	0	62	6.84932e-05	14600	0.499966	FALSE	ORF1ab:cds-YP_009724389.1	TTT	F	CTT	L	1434
NC_045512.2	17767	T	A	14596	11636	41	2	2	55	0.000136986	14600	0.249974	FALSE	ORF1ab:cds-YP_009724389.1	TTT	F	ATT	I	1434
NC_045512.2	17768	T	C	14649	11944	41	1	1	25	6.82594e-05	14650	1	FALSE	ORF1ab:cds-YP_009724389.1	TTT	F	TCT	S	1434
NC_045512.2	17769	T	G	14865	12250	41	1	1	25	6.72585e-05	14868	1	FALSE	ORF1ab:cds-YP_009724389.1	TTT	F	TTG	L	1434
NC_045512.2	17769	T	C	14865	12250	41	2	2	37	0.000134517	14868	0.999741	FALSE	ORF1ab:cds-YP_009724389.1	TTT	F	TTC	F	1434
NC_045512.2	17770	A	T	14855	12504	41	2	2	31	0.000134617	14857	0.999742	FALSE	ORF1ab:cds-YP_009724389.1	ATT	I	TTT	F	1435
NC_045512.2	17771	T	G	14630	12285	40	1	1	25	6.8334e-05	14634	1	FALSE	ORF1ab:cds-YP_009724389.1	ATT	I	AGT	S	1435
NC_045512.2	17771	T	C	14630	12285	40	3	2	45	0.000205002	14634	0.312487	FALSE	ORF1ab:cds-YP_009724389.1	ATT	I	ACT	T	1435
NC_045512.2	17772	T	C	15090	12865	41	2	1	25	0.000132521	15092	1	FALSE	ORF1ab:cds-YP_009724389.1	ATT	I	ATC	I	1435
NC_045512.2	17773	T	C	14934	12684	41	1	1	37	6.69568e-05	14935	0.99997	FALSE	ORF1ab:cds-YP_009724389.1	TCA	S	CCA	P	1436
NC_045512.2	17774	C	T	16107	14053	41	1	1	37	6.20694e-05	16111	0.999992	FALSE	ORF1ab:cds-YP_009724389.1	TCA	S	TTA	L	1436
NC_045512.2	17774	C	A	16107	14053	41	3	3	37	0.000186208	16111	0.999637	FALSE	ORF1ab:cds-YP_009724389.1	TCA	S	TAA	*	1436
NC_045512.2	17775	A	G	15718	13694	41	5	3	49	0.000317965	15725	0.109338	FALSE	ORF1ab:cds-YP_009724389.1	TCA	S	TCG	S	1436
NC_045512.2	17775	A	C	15718	13694	41	2	2	25	0.000127186	15725	1	FALSE	ORF1ab:cds-YP_009724389.1	TCA	S	TCC	S	1436
NC_045512.2	17776	C	T	15944	13934	41	1	1	37	6.27156e-05	15945	0.999985	FALSE	ORF1ab:cds-YP_009724389.1	CCT	P	TCT	S	1437
NC_045512.2	17777	C	T	15873	13883	41	2	1	37	0.000125953	15879	0.999863	FALSE	ORF1ab:cds-YP_009724389.1	CCT	P	CTT	L	1437
NC_045512.2	17777	C	A	15873	13883	41	4	4	43	0.000251905	15879	0.187461	FALSE	ORF1ab:cds-YP_009724389.1	CCT	P	CAT	H	1437
NC_045512.2	17777	C	-T	15873	13883	41	2	0	20	0.000125953	15879	1	FALSE	NA	NA	NA	NA	NA	NA
NC_045512.2	17778	T	G	15642	13675	41	1	1	25	6.38692e-05	15657	1	FALSE	ORF1ab:cds-YP_009724389.1	CCT	P	CCG	P	1437
NC_045512.2	17778	T	C	15642	13675	41	7	5	40	0.000447084	15657	0.035076	FALSE	ORF1ab:cds-YP_009724389.1	CCT	P	CCC	P	1437
NC_045512.2	17778	T	A	15642	13675	41	7	7	35	0.000447084	15657	0.97372	FALSE	ORF1ab:cds-YP_009724389.1	CCT	P	CCA	P	1437
NC_045512.2	17779	T	G	15626	13761	41	1	1	25	6.39672e-05	15633	1	FALSE	ORF1ab:cds-YP_009724389.1	TAT	Y	GAT	D	1438
NC_045512.2	17779	T	C	15626	13761	41	5	4	44	0.000319836	15633	0.109338	FALSE	ORF1ab:cds-YP_009724389.1	TAT	Y	CAT	H	1438
NC_045512.2	17779	T	A	15626	13761	41	1	0	29	6.39672e-05	15633	1	FALSE	ORF1ab:cds-YP_009724389.1	TAT	Y	AAT	N	1438
NC_045512.2	17779	T	-A	15626	13761	41	1	0	20	6.39672e-05	15633	1	FALSE	NA	NA	NA	NA	NA	NA
NC_045512.2	17780	A	T	15564	13702	41	2	2	37	0.000128469	15568	0.999863	FALSE	ORF1ab:cds-YP_009724389.1	TAT	Y	TTT	F	1438
NC_045512.2	17780	A	G	15564	13702	41	2	2	55	0.000128469	15568	0.24996	FALSE	ORF1ab:cds-YP_009724389.1	TAT	Y	TGT	C	1438
NC_045512.2	17781	T	G	15588	13730	41	1	1	37	6.41313e-05	15593	0.999985	FALSE	ORF1ab:cds-YP_009724389.1	TAT	Y	TAG	*	1438
NC_045512.2	17781	T	C	15588	13730	41	3	3	45	0.000192394	15593	0.312464	FALSE	ORF1ab:cds-YP_009724389.1	TAT	Y	TAC	Y	1438
NC_045512.2	17781	T	A	15588	13730	41	1	1	25	6.41313e-05	15593	1	FALSE	ORF1ab:cds-YP_009724389.1	TAT	Y	TAA	*	1438
NC_045512.2	17782	A	G	15679	13827	41	1	1	37	6.37674e-05	15682	0.999985	FALSE	ORF1ab:cds-YP_009724389.1	AAT	N	GAT	D	1439
NC_045512.2	17782	A	C	15679	13827	41	2	2	24	0.000127535	15682	1	FALSE	ORF1ab:cds-YP_009724389.1	AAT	N	CAT	H	1439
NC_045512.2	17783	A	C	15277	13423	40	5	5	27	0.000327182	15282	1	FALSE	ORF1ab:cds-YP_009724389.1	AAT	N	ACT	T	1439
NC_045512.2	17784	T	G	15209	13365	40	7	7	27	0.000459951	15219	1	FALSE	ORF1ab:cds-YP_009724389.1	AAT	N	AAG	K	1439
NC_045512.2	17784	T	C	15209	13365	40	3	3	28	0.000197122	15219	1	FALSE	ORF1ab:cds-YP_009724389.1	AAT	N	AAC	N	1439
NC_045512.2	17785	T	C	15257	13492	40	3	3	45	0.00019658	15261	0.312488	FALSE	ORF1ab:cds-YP_009724389.1	TCA	S	CCA	P	1440
NC_045512.2	17785	T	A	15257	13492	40	1	1	37	6.55265e-05	15261	0.999985	FALSE	ORF1ab:cds-YP_009724389.1	TCA	S	ACA	T	1440
NC_045512.2	17786	C	T	15422	13732	41	1	1	37	6.48256e-05	15426	0.999985	FALSE	ORF1ab:cds-YP_009724389.1	TCA	S	TTA	L	1440
NC_045512.2	17786	C	G	15422	13732	41	2	2	27	0.000129651	15426	1	FALSE	ORF1ab:cds-YP_009724389.1	TCA	S	TGA	*	1440
NC_045512.2	17786	C	A	15422	13732	41	1	1	25	6.48256e-05	15426	1	FALSE	ORF1ab:cds-YP_009724389.1	TCA	S	TAA	*	1440
NC_045512.2	17787	A	T	15037	13336	40	1	0	29	6.64849e-05	15041	1	FALSE	ORF1ab:cds-YP_009724389.1	TCA	S	TCT	S	1440
NC_045512.2	17787	A	G	15037	13336	40	2	2	49	0.00013297	15041	0.499975	FALSE	ORF1ab:cds-YP_009724389.1	TCA	S	TCG	S	1440
NC_045512.2	17787	A	C	15037	13336	40	1	1	25	6.64849e-05	15041	1	FALSE	ORF1ab:cds-YP_009724389.1	TCA	S	TCC	S	1440
NC_045512.2	17788	C	T	15377	13691	41	11	9	39	0.000714796	15389	0.836633	FALSE	ORF1ab:cds-YP_009724389.1	CAG	Q	TAG	*	1441
NC_045512.2	17788	C	A	15377	13691	41	1	1	25	6.49815e-05	15389	1	FALSE	ORF1ab:cds-YP_009724389.1	CAG	Q	AAG	K	1441
NC_045512.2	17789	A	T	14976	13286	40	1	1	37	6.67156e-05	14989	0.999969	FALSE	ORF1ab:cds-YP_009724389.1	CAG	Q	CTG	L	1441
NC_045512.2	17789	A	G	14976	13286	40	9	8	45	0.00060044	14989	0.0107231	FALSE	ORF1ab:cds-YP_009724389.1	CAG	Q	CGG	R	1441
NC_045512.2	17789	A	C	14976	13286	40	3	2	31	0.000200147	14989	0.998824	FALSE	ORF1ab:cds-YP_009724389.1	CAG	Q	CCG	P	1441
NC_045512.2	17790	G	C	15079	13405	40	1	1	25	6.63086e-05	15081	1	FALSE	ORF1ab:cds-YP_009724389.1	CAG	Q	CAC	H	1441
NC_045512.2	17790	G	A	15079	13405	40	1	1	37	6.63086e-05	15081	0.999985	FALSE	ORF1ab:cds-YP_009724389.1	CAG	Q	CAA	Q	1441
NC_045512.2	17791	A	G	14967	13293	40	3	2	45	0.000200374	14972	0.312462	FALSE	ORF1ab:cds-YP_009724389.1	AAT	N	GAT	D	1442
NC_045512.2	17791	A	C	14967	13293	40	2	2	27	0.000133583	14972	1	FALSE	ORF1ab:cds-YP_009724389.1	AAT	N	CAT	H	1442
NC_045512.2	17792	A	G	14476	12805	40	2	1	55	0.000138093	14483	0.249922	FALSE	ORF1ab:cds-YP_009724389.1	AAT	N	AGT	S	1442
NC_045512.2	17792	A	C	14476	12805	40	5	5	24	0.000345232	14483	1	FALSE	ORF1ab:cds-YP_009724389.1	AAT	N	ACT	T	1442
NC_045512.2	17793	T	C	15094	13420	41	1	1	37	6.62471e-05	15095	0.999985	FALSE	ORF1ab:cds-YP_009724389.1	AAT	N	AAC	N	1442
NC_045512.2	17794	G	T	15129	13463	41	1	1	25	6.60633e-05	15137	1	FALSE	ORF1ab:cds-YP_009724389.1	GCT	A	TCT	S	1443
NC_045512.2	17794	G	A	15129	13463	41	7	6	42	0.000462443	15137	0.0351382	FALSE	ORF1ab:cds-YP_009724389.1	GCT	A	ACT	T	1443
NC_045512.2	17795	C	T	15086	13462	40	27	26	39	0.00178654	15113	0.0441246	FALSE	ORF1ab:cds-YP_009724389.1	GCT	A	GTT	V	1443
NC_045512.2	17796	T	G	14840	13490	40	1	1	37	6.73673e-05	14844	0.99997	FALSE	ORF1ab:cds-YP_009724389.1	GCT	A	GCG	A	1443
NC_045512.2	17796	T	C	14840	13490	40	3	2	44	0.000202102	14844	0.312487	FALSE	ORF1ab:cds-YP_009724389.1	GCT	A	GCC	A	1443
NC_045512.2	17797	G	T	14897	13559	40	1	1	37	6.70916e-05	14905	0.999969	FALSE	ORF1ab:cds-YP_009724389.1	GTA	V	TTA	L	1444
NC_045512.2	17797	G	A	14897	13559	40	7	5	47	0.000469641	14905	0.0351379	FALSE	ORF1ab:cds-YP_009724389.1	GTA	V	ATA	I	1444
NC_045512.2	17798	T	G	14354	13014	39	4	4	25	0.000278571	14359	1	FALSE	ORF1ab:cds-YP_009724389.1	GTA	V	GGA	G	1444
NC_045512.2	17798	T	C	14354	13014	39	1	1	37	6.96427e-05	14359	0.99997	FALSE	ORF1ab:cds-YP_009724389.1	GTA	V	GCA	A	1444
NC_045512.2	17799	A	T	14644	13324	40	1	1	37	6.8264e-05	14649	0.99997	FALSE	ORF1ab:cds-YP_009724389.1	GTA	V	GTT	V	1444
NC_045512.2	17799	A	G	14644	13324	40	3	3	37	0.000204792	14649	0.998828	FALSE	ORF1ab:cds-YP_009724389.1	GTA	V	GTG	V	1444
NC_045512.2	17799	A	C	14644	13324	40	1	0	29	6.8264e-05	14649	1	FALSE	ORF1ab:cds-YP_009724389.1	GTA	V	GTC	V	1444
NC_045512.2	17800	G	T	14289	12971	39	1	1	37	6.99741e-05	14291	0.99997	FALSE	ORF1ab:cds-YP_009724389.1	GCC	A	TCC	S	1445
NC_045512.2	17800	G	A	14289	12971	39	1	1	37	6.99741e-05	14291	0.99997	FALSE	ORF1ab:cds-YP_009724389.1	GCC	A	ACC	T	1445
NC_045512.2	17801	C	T	13971	12665	39	6	4	45	0.000429246	13978	0.0624765	FALSE	ORF1ab:cds-YP_009724389.1	GCC	A	GTC	V	1445
NC_045512.2	17801	C	A	13971	12665	39	1	1	25	7.1541e-05	13978	1	FALSE	ORF1ab:cds-YP_009724389.1	GCC	A	GAC	D	1445
NC_045512.2	17802	C	T	14008	12711	40	1	0	37	7.13725e-05	14011	0.99997	FALSE	ORF1ab:cds-YP_009724389.1	GCC	A	GCT	A	1445
NC_045512.2	17802	C	A	14008	12711	40	2	2	55	0.000142745	14011	0.249991	FALSE	ORF1ab:cds-YP_009724389.1	GCC	A	GCA	A	1445
NC_045512.2	17803	T	C	13154	11849	39	4	4	37	0.000303928	13161	0.993645	FALSE	ORF1ab:cds-YP_009724389.1	TCA	S	CCA	P	1446
NC_045512.2	17803	T	A	13154	11849	39	3	2	30	0.000227946	13161	0.997912	FALSE	ORF1ab:cds-YP_009724389.1	TCA	S	ACA	T	1446
NC_045512.2	17804	C	A	13376	12078	40	1	1	37	7.47552e-05	13377	0.999939	FALSE	ORF1ab:cds-YP_009724389.1	TCA	S	TAA	*	1446
NC_045512.2	17805	A	T	13327	12046	40	1	1	37	7.49794e-05	13337	0.999939	FALSE	ORF1ab:cds-YP_009724389.1	TCA	S	TCT	S	1446
NC_045512.2	17805	A	G	13327	12046	40	9	9	37	0.000674814	13337	0.856961	FALSE	ORF1ab:cds-YP_009724389.1	TCA	S	TCG	S	1446
NC_045512.2	17806	A	T	12856	11693	39	2	2	37	0.000155521	12860	0.999086	FALSE	ORF1ab:cds-YP_009724389.1	AAG	K	TAG	*	1447
NC_045512.2	17806	A	C	12856	11693	39	2	2	31	0.000155521	12860	0.999086	FALSE	ORF1ab:cds-YP_009724389.1	AAG	K	CAG	Q	1447
NC_045512.2	17807	A	G	12870	11749	39	3	3	37	0.000232992	12876	0.996312	FALSE	ORF1ab:cds-YP_009724389.1	AAG	K	AGG	R	1447
NC_045512.2	17807	A	C	12870	11749	39	3	3	25	0.000232992	12876	1	FALSE	ORF1ab:cds-YP_009724389.1	AAG	K	ACG	T	1447
NC_045512.2	17807	A	+G	12870	11749	39	1	0	20	7.76639e-05	12876	1	FALSE	NA	NA	NA	NA	NA	NA
NC_045512.2	17808	G	T	13115	12010	39	1	1	25	7.62428e-05	13116	1	FALSE	ORF1ab:cds-YP_009724389.1	AAG	K	AAT	N	1447
NC_045512.2	17809	A	T	13009	11929	39	2	1	27	0.000153681	13014	1	FALSE	ORF1ab:cds-YP_009724389.1	ATT	I	TTT	F	1448
NC_045512.2	17809	A	C	13009	11929	39	3	2	29	0.000230521	13014	1	FALSE	ORF1ab:cds-YP_009724389.1	ATT	I	CTT	L	1448
NC_045512.2	17809	A	-T	13009	11929	39	8	0	20	0.000614723	13014	1	FALSE	NA	NA	NA	NA	NA	NA
NC_045512.2	17810	T	C	12990	11946	39	1	1	37	7.69704e-05	12992	0.999939	FALSE	ORF1ab:cds-YP_009724389.1	ATT	I	ACT	T	1448
NC_045512.2	17810	T	A	12990	11946	39	1	1	25	7.69704e-05	12992	1	FALSE	ORF1ab:cds-YP_009724389.1	ATT	I	AAT	N	1448
NC_045512.2	17811	T	G	12656	11698	38	1	1	37	7.89889e-05	12660	0.999878	FALSE	ORF1ab:cds-YP_009724389.1	ATT	I	ATG	M	1448
NC_045512.2	17811	T	C	12656	11698	38	2	2	31	0.000157978	12660	0.999086	FALSE	ORF1ab:cds-YP_009724389.1	ATT	I	ATC	I	1448
NC_045512.2	17811	T	A	12656	11698	38	1	1	37	7.89889e-05	12660	0.999878	FALSE	ORF1ab:cds-YP_009724389.1	ATT	I	ATA	I	1448
NC_045512.2	17812	T	G	12756	11826	38	1	1	25	7.83638e-05	12761	1	FALSE	ORF1ab:cds-YP_009724389.1	TTG	L	GTG	V	1449
NC_045512.2	17812	T	C	12756	11826	38	1	1	37	7.83638e-05	12761	0.999878	FALSE	ORF1ab:cds-YP_009724389.1	TTG	L	CTG	L	1449
NC_045512.2	17812	T	A	12756	11826	38	3	3	33	0.000235091	12761	0.996314	FALSE	ORF1ab:cds-YP_009724389.1	TTG	L	ATG	M	1449
NC_045512.2	17813	T	G	12837	11909	38	13	10	39	0.00101112	12857	0.49953	FALSE	ORF1ab:cds-YP_009724389.1	TTG	L	TGG	W	1449
NC_045512.2	17813	T	C	12837	11909	38	6	5	37	0.000466672	12857	0.951716	FALSE	ORF1ab:cds-YP_009724389.1	TTG	L	TCG	S	1449
NC_045512.2	17813	T	A	12837	11909	38	1	1	29	7.77786e-05	12857	1	FALSE	ORF1ab:cds-YP_009724389.1	TTG	L	TAG	*	1449
NC_045512.2	17814	G	T	12999	12074	39	2	2	37	0.000153811	13003	0.999513	FALSE	ORF1ab:cds-YP_009724389.1	TTG	L	TTT	F	1449
NC_045512.2	17814	G	A	12999	12074	39	2	2	37	0.000153811	13003	0.999513	FALSE	ORF1ab:cds-YP_009724389.1	TTG	L	TTA	L	1449
NC_045512.2	17815	G	T	12730	11812	38	4	4	34	0.00031407	12736	0.98938	FALSE	ORF1ab:cds-YP_009724389.1	GGA	G	TGA	*	1450
NC_045512.2	17815	G	C	12730	11812	38	1	1	37	7.85176e-05	12736	0.999878	FALSE	ORF1ab:cds-YP_009724389.1	GGA	G	CGA	R	1450
NC_045512.2	17815	G	A	12730	11812	38	1	1	37	7.85176e-05	12736	0.999878	FALSE	ORF1ab:cds-YP_009724389.1	GGA	G	AGA	R	1450
NC_045512.2	17816	G	T	12929	12016	39	1	0	22	7.73395e-05	12930	1	FALSE	ORF1ab:cds-YP_009724389.1	GGA	G	GTA	V	1450
NC_045512.2	17817	A	G	12549	11669	39	5	5	42	0.000398279	12554	0.109366	FALSE	ORF1ab:cds-YP_009724389.1	GGA	G	GGG	G	1450
NC_045512.2	17818	C	A	12448	11566	39	1	1	37	8.03277e-05	12449	0.999878	FALSE	ORF1ab:cds-YP_009724389.1	CTA	L	ATA	I	1451
NC_045512.2	17819	T	G	12254	11372	39	3	3	25	0.000244718	12259	1	FALSE	ORF1ab:cds-YP_009724389.1	CTA	L	CGA	R	1451
NC_045512.2	17819	T	C	12254	11372	39	1	1	37	8.15727e-05	12259	0.999878	FALSE	ORF1ab:cds-YP_009724389.1	CTA	L	CCA	P	1451
NC_045512.2	17819	T	A	12254	11372	39	1	1	37	8.15727e-05	12259	0.999878	FALSE	ORF1ab:cds-YP_009724389.1	CTA	L	CAA	Q	1451
NC_045512.2	17820	A	T	12454	11584	39	1	1	25	8.02826e-05	12456	1	FALSE	ORF1ab:cds-YP_009724389.1	CTA	L	CTT	L	1451
NC_045512.2	17820	A	C	12454	11584	39	1	1	25	8.02826e-05	12456	1	FALSE	ORF1ab:cds-YP_009724389.1	CTA	L	CTC	L	1451
NC_045512.2	17821	C	T	12344	11522	38	5	4	37	0.000404891	12349	0.975527	FALSE	ORF1ab:cds-YP_009724389.1	CCA	P	TCA	S	1452
NC_045512.2	17822	C	T	12375	11563	38	1	1	37	8.0782e-05	12379	0.999878	FALSE	ORF1ab:cds-YP_009724389.1	CCA	P	CTA	L	1452
NC_045512.2	17822	C	G	12375	11563	38	1	1	25	8.0782e-05	12379	1	FALSE	ORF1ab:cds-YP_009724389.1	CCA	P	CGA	R	1452
NC_045512.2	17822	C	A	12375	11563	38	2	2	31	0.000161564	12379	0.999086	FALSE	ORF1ab:cds-YP_009724389.1	CCA	P	CAA	Q	1452
NC_045512.2	17823	A	G	12357	11558	38	2	2	31	0.000161825	12359	0.999087	FALSE	ORF1ab:cds-YP_009724389.1	CCA	P	CCG	P	1452
NC_045512.2	17824	A	G	12216	11410	38	2	2	31	0.000163693	12218	0.999087	FALSE	ORF1ab:cds-YP_009724389.1	ACT	T	GCT	A	1453
NC_045512.2	17825	C	T	12357	11572	38	1	1	37	8.09192e-05	12358	0.999878	FALSE	ORF1ab:cds-YP_009724389.1	ACT	T	ATT	I	1453
NC_045512.2	17825	C	-T	12357	11572	38	1	0	20	8.09192e-05	12358	1	FALSE	NA	NA	NA	NA	NA	NA
NC_045512.2	17826	T	G	12082	11316	38	2	2	31	0.000165412	12091	0.999084	FALSE	ORF1ab:cds-YP_009724389.1	ACT	T	ACG	T	1453
NC_045512.2	17826	T	C	12082	11316	38	6	6	35	0.000496237	12091	0.951883	FALSE	ORF1ab:cds-YP_009724389.1	ACT	T	ACC	T	1453
NC_045512.2	17826	T	A	12082	11316	38	1	1	37	8.27061e-05	12091	0.999878	FALSE	ORF1ab:cds-YP_009724389.1	ACT	T	ACA	T	1453
NC_045512.2	17828	A	G	11884	11201	38	1	1	37	8.41255e-05	11887	0.999756	FALSE	ORF1ab:cds-YP_009724389.1	CAA	Q	CGA	R	1454
NC_045512.2	17828	A	C	11884	11201	38	2	2	25	0.000168251	11887	1	FALSE	ORF1ab:cds-YP_009724389.1	CAA	Q	CCA	P	1454
NC_045512.2	17829	A	C	11265	10586	37	5	4	28	0.000443656	11270	1	FALSE	ORF1ab:cds-YP_009724389.1	CAA	Q	CAC	H	1454
NC_045512.2	17830	A	T	10964	10293	36	1	1	37	9.10996e-05	10977	0.99951	FALSE	ORF1ab:cds-YP_009724389.1	ACT	T	TCT	S	1455
NC_045512.2	17830	A	G	10964	10293	36	1	1	37	9.10996e-05	10977	0.99951	FALSE	ORF1ab:cds-YP_009724389.1	ACT	T	GCT	A	1455
NC_045512.2	17830	A	C	10964	10293	36	11	11	27	0.0010021	10977	1	FALSE	ORF1ab:cds-YP_009724389.1	ACT	T	CCT	P	1455
NC_045512.2	17831	C	T	12095	11423	38	1	1	37	8.2672e-05	12096	0.999878	FALSE	ORF1ab:cds-YP_009724389.1	ACT	T	ATT	I	1455
NC_045512.2	17832	T	G	11518	10856	37	1	1	25	8.67905e-05	11522	1	FALSE	ORF1ab:cds-YP_009724389.1	ACT	T	ACG	T	1455
NC_045512.2	17832	T	C	11518	10856	37	3	3	37	0.000260371	11522	0.993543	FALSE	ORF1ab:cds-YP_009724389.1	ACT	T	ACC	T	1455
NC_045512.2	17833	G	T	11558	10897	37	2	2	55	0.000172921	11566	0.249881	FALSE	ORF1ab:cds-YP_009724389.1	GTT	V	TTT	F	1456
NC_045512.2	17833	G	A	11558	10897	37	6	6	37	0.000518762	11566	0.928317	FALSE	ORF1ab:cds-YP_009724389.1	GTT	V	ATT	I	1456
NC_045512.2	17834	T	C	11355	10799	38	2	1	55	0.000176103	11357	0.250011	FALSE	ORF1ab:cds-YP_009724389.1	GTT	V	GCT	A	1456
NC_045512.2	17835	T	C	11524	10967	38	4	4	37	0.000346981	11528	0.982458	FALSE	ORF1ab:cds-YP_009724389.1	GTT	V	GTC	V	1456
NC_045512.2	17836	G	A	11495	10943	38	1	1	37	8.69868e-05	11496	0.999757	FALSE	ORF1ab:cds-YP_009724389.1	GAT	D	AAT	N	1457
NC_045512.2	17838	T	C	11358	10837	37	2	2	37	0.000176041	11361	0.998295	FALSE	ORF1ab:cds-YP_009724389.1	GAT	D	GAC	D	1457
NC_045512.2	17838	T	A	11358	10837	37	1	1	37	8.80204e-05	11361	0.999756	FALSE	ORF1ab:cds-YP_009724389.1	GAT	D	GAA	E	1457
NC_045512.2	17839	T	C	11362	10982	37	1	0	37	8.80049e-05	11363	0.999757	FALSE	ORF1ab:cds-YP_009724389.1	TCA	S	CCA	P	1458
NC_045512.2	17840	C	T	11099	10823	37	2	2	37	0.000180131	11103	0.998294	FALSE	ORF1ab:cds-YP_009724389.1	TCA	S	TTA	L	1458
NC_045512.2	17840	C	A	11099	10823	37	2	2	37	0.000180131	11103	0.998294	FALSE	ORF1ab:cds-YP_009724389.1	TCA	S	TAA	*	1458
NC_045512.2	17841	A	G	10953	10762	36	1	1	62	9.12909e-05	10954	0.500023	FALSE	ORF1ab:cds-YP_009724389.1	TCA	S	TCG	S	1458
NC_045512.2	17842	T	G	10873	10680	36	1	1	37	9.19456e-05	10876	0.999513	FALSE	ORF1ab:cds-YP_009724389.1	TCA	S	GCA	A	1459
NC_045512.2	17842	T	C	10873	10680	36	1	1	37	9.19456e-05	10876	0.999513	FALSE	ORF1ab:cds-YP_009724389.1	TCA	S	CCA	P	1459
NC_045512.2	17842	T	A	10873	10680	36	1	1	25	9.19456e-05	10876	1	FALSE	ORF1ab:cds-YP_009724389.1	TCA	S	ACA	T	1459
NC_045512.2	17844	A	G	11031	10638	36	2	1	37	0.000181242	11035	0.998294	FALSE	ORF1ab:cds-YP_009724389.1	TCA	S	TCG	S	1459
NC_045512.2	17844	A	C	11031	10638	36	2	2	25	0.000181242	11035	1	FALSE	ORF1ab:cds-YP_009724389.1	TCA	S	TCC	S	1459
NC_045512.2	17845	C	T	11197	10830	36	3	3	37	0.000267857	11200	0.993547	FALSE	ORF1ab:cds-YP_009724389.1	CAG	Q	TAG	*	1460
NC_045512.2	17846	A	T	10843	10477	36	2	2	37	0.000184349	10849	0.996828	FALSE	ORF1ab:cds-YP_009724389.1	CAG	Q	CTG	L	1460
NC_045512.2	17846	A	G	10843	10477	36	4	4	31	0.000368698	10849	0.971342	FALSE	ORF1ab:cds-YP_009724389.1	CAG	Q	CGG	R	1460
NC_045512.2	17847	G	T	10913	10524	36	5	5	34	0.000457875	10920	0.940807	FALSE	ORF1ab:cds-YP_009724389.1	CAG	Q	CAT	H	1460
NC_045512.2	17847	G	A	10913	10524	36	2	2	31	0.00018315	10920	0.996827	FALSE	ORF1ab:cds-YP_009724389.1	CAG	Q	CAA	Q	1460
NC_045512.2	17849	G	A	10941	10433	36	17	17	37	0.00155138	10958	0.123797	FALSE	ORF1ab:cds-YP_009724389.1	GGC	G	GAC	D	1461
NC_045512.2	17850	C	T	10816	10340	36	3	3	37	0.000277239	10821	0.988784	FALSE	ORF1ab:cds-YP_009724389.1	GGC	G	GGT	G	1461
NC_045512.2	17850	C	G	10816	10340	36	1	1	37	9.24129e-05	10821	0.999512	FALSE	ORF1ab:cds-YP_009724389.1	GGC	G	GGG	G	1461
NC_045512.2	17850	C	A	10816	10340	36	1	1	37	9.24129e-05	10821	0.999512	FALSE	ORF1ab:cds-YP_009724389.1	GGC	G	GGA	G	1461
NC_045512.2	17851	T	C	10465	9990	36	7	7	33	0.000668449	10472	0.833996	FALSE	ORF1ab:cds-YP_009724389.1	TCA	S	CCA	P	1462
NC_045512.2	17853	A	G	10394	9913	36	6	5	37	0.000576923	10400	0.895067	FALSE	ORF1ab:cds-YP_009724389.1	TCA	S	TCG	S	1462
NC_045512.2	17854	G	C	10790	9874	36	2	2	37	0.000185322	10792	0.996834	FALSE	ORF1ab:cds-YP_009724389.1	GAA	E	CAA	Q	1463
NC_045512.2	17855	A	T	10709	9847	36	1	1	37	9.3362e-05	10711	0.999513	FALSE	ORF1ab:cds-YP_009724389.1	GAA	E	GTA	V	1463
NC_045512.2	17855	A	G	10709	9847	36	1	1	37	9.3362e-05	10711	0.999513	FALSE	ORF1ab:cds-YP_009724389.1	GAA	E	GGA	G	1463
NC_045512.2	17859	T	C	2	0	37	861	18	36	0.997683	863	0	TRUE	ORF1ab:cds-YP_009724389.1	TAT	Y	TAC	Y	1464
NC_045512.2	17877	T	C	1036	69	38	1	0	37	0.00096432	1037	0.750362	FALSE	ORF1ab:cds-YP_009724389.1	ACT	T	ACC	T	1470
NC_045512.2	17886	T	C	1106	88	38	1	0	37	0.000903342	1107	0.750339	FALSE	ORF1ab:cds-YP_009724389.1	ACT	T	ACC	T	1473
NC_045512.2	17889	A	G	1121	86	38	1	0	37	0.000891266	1122	0.750334	FALSE	ORF1ab:cds-YP_009724389.1	GAA	E	GAG	E	1474
NC_045512.2	17892	A	C	1140	86	38	1	0	25	0.000876424	1141	0.999764	FALSE	ORF1ab:cds-YP_009724389.1	ACA	T	ACC	T	1475
NC_045512.2	17893	G	A	1195	86	38	1	0	37	0.00083612	1196	0.750314	FALSE	ORF1ab:cds-YP_009724389.1	GCT	A	ACT	T	1476
NC_045512.2	17894	C	T	1183	88	38	2	0	37	0.00168776	1185	0.500317	FALSE	ORF1ab:cds-YP_009724389.1	GCT	A	GTT	V	1476
NC_045512.2	17896	C	T	1208	89	38	1	0	37	0.00082713	1209	0.75031	FALSE	ORF1ab:cds-YP_009724389.1	CAC	H	TAC	Y	1477
NC_045512.2	17897	A	T	1214	90	38	1	0	37	0.000823045	1215	0.750309	FALSE	ORF1ab:cds-YP_009724389.1	CAC	H	CTC	L	1477
NC_045512.2	17901	T	C	1362	91	38	1	0	37	0.000733676	1363	0.750275	FALSE	ORF1ab:cds-YP_009724389.1	TCT	S	TCC	S	1478
NC_045512.2	17907	T	A	1438	94	38	1	0	37	0.000694927	1439	0.750261	FALSE	ORF1ab:cds-YP_009724389.1	AAT	N	AAA	K	1480
NC_045512.2	17910	A	C	1424	98	38	1	0	25	0.000701754	1425	0.999971	FALSE	ORF1ab:cds-YP_009724389.1	GTA	V	GTC	V	1481
NC_045512.2	17917	T	G	1452	97	38	1	0	25	0.000688231	1453	0.999971	FALSE	ORF1ab:cds-YP_009724389.1	TTT	F	GTT	V	1484
NC_045512.2	17918	T	G	1506	103	37	1	0	25	0.00066357	1507	0.999985	FALSE	ORF1ab:cds-YP_009724389.1	TTT	F	TGT	C	1484
NC_045512.2	17919	T	C	1556	100	38	1	0	25	0.000642261	1557	0.999985	FALSE	ORF1ab:cds-YP_009724389.1	TTT	F	TTC	F	1484
NC_045512.2	17920	A	T	1544	101	38	1	1	25	0.000647249	1545	0.999985	FALSE	ORF1ab:cds-YP_009724389.1	AAT	N	TAT	Y	1485
NC_045512.2	17921	A	G	1564	106	38	1	1	48	0.000638978	1565	0.50016	FALSE	ORF1ab:cds-YP_009724389.1	AAT	N	AGT	S	1485
NC_045512.2	17924	T	C	1557	112	38	1	0	37	0.000641849	1558	0.750241	FALSE	ORF1ab:cds-YP_009724389.1	GTT	V	GCT	A	1486
NC_045512.2	17927	C	T	1619	125	38	1	0	37	0.000617284	1620	0.750232	FALSE	ORF1ab:cds-YP_009724389.1	GCT	A	GTT	V	1487
NC_045512.2	17929	A	C	1647	140	38	1	0	25	0.000606796	1648	0.999993	FALSE	ORF1ab:cds-YP_009724389.1	ATT	I	CTT	L	1488
NC_045512.2	17931	T	G	1647	139	38	1	0	20	0.000606428	1649	0.999993	FALSE	ORF1ab:cds-YP_009724389.1	ATT	I	ATG	M	1488
NC_045512.2	17931	T	C	1647	139	38	1	0	37	0.000606428	1649	0.750076	FALSE	ORF1ab:cds-YP_009724389.1	ATT	I	ATC	I	1488
NC_045512.2	17934	C	A	1623	151	38	1	1	37	0.000615764	1624	0.750231	FALSE	ORF1ab:cds-YP_009724389.1	ACC	T	ACA	T	1489
NC_045512.2	17938	G	A	1666	155	38	1	0	37	0.00059988	1667	0.750225	FALSE	ORF1ab:cds-YP_009724389.1	GCA	A	ACA	T	1491
NC_045512.2	17939	C	T	1658	155	38	1	0	37	0.000602773	1659	0.750226	FALSE	ORF1ab:cds-YP_009724389.1	GCA	A	GTA	V	1491
NC_045512.2	17946	A	G	1668	164	38	2	0	37	0.0011976	1670	0.500225	FALSE	ORF1ab:cds-YP_009724389.1	GTA	V	GTG	V	1493
NC_045512.2	17948	G	A	1647	167	38	5	0	37	0.00302663	1652	0.109304	FALSE	ORF1ab:cds-YP_009724389.1	GGC	G	GAC	D	1494
NC_045512.2	17949	C	T	1652	176	38	3	0	37	0.00181269	1655	0.312613	FALSE	ORF1ab:cds-YP_009724389.1	GGC	G	GGT	G	1494
NC_045512.2	17952	A	C	1600	180	38	1	0	25	0.00062461	1601	0.999993	FALSE	ORF1ab:cds-YP_009724389.1	ATA	I	ATC	I	1495
NC_045512.2	17953	C	-T	1615	185	38	1	0	20	0.000619195	1615	0.999993	FALSE	NA	NA	NA	NA	NA	NA
NC_045512.2	17954	T	C	1576	189	38	4	0	37	0.00253004	1581	0.187104	FALSE	ORF1ab:cds-YP_009724389.1	CTT	L	CCT	P	1496
NC_045512.2	17954	T	A	1576	189	38	1	0	37	0.000632511	1581	0.749445	FALSE	ORF1ab:cds-YP_009724389.1	CTT	L	CAT	H	1496
NC_045512.2	17956	T	C	1254	246	37	1	1	37	0.000796813	1255	0.750299	FALSE	ORF1ab:cds-YP_009724389.1	TGC	C	CGC	R	1497
NC_045512.2	17958	C	T	1263	259	37	2	0	37	0.00158103	1265	0.500297	FALSE	ORF1ab:cds-YP_009724389.1	TGC	C	TGT	C	1497
NC_045512.2	17960	T	G	1248	262	38	1	1	25	0.000800641	1249	0.999882	FALSE	ORF1ab:cds-YP_009724389.1	ATA	I	AGA	R	1498
NC_045512.2	17962	A	C	1234	251	37	1	1	29	0.000809717	1235	0.999882	FALSE	ORF1ab:cds-YP_009724389.1	ATG	M	CTG	L	1499
NC_045512.2	17973	A	G	1333	281	37	1	0	37	0.000749625	1334	0.750281	FALSE	ORF1ab:cds-YP_009724389.1	AGA	R	AGG	R	1502
NC_045512.2	17975	A	G	1343	310	38	1	0	37	0.000744048	1344	0.750279	FALSE	ORF1ab:cds-YP_009724389.1	GAC	D	GGC	G	1503
NC_045512.2	17979	T	G	1367	348	37	1	0	37	0.000730994	1368	0.750274	FALSE	ORF1ab:cds-YP_009724389.1	CTT	L	CTG	L	1504
NC_045512.2	17984	A	T	1392	363	38	1	0	25	0.000717875	1393	0.999941	FALSE	ORF1ab:cds-YP_009724389.1	GAC	D	GTC	V	1506
NC_045512.2	17985	C	T	1391	358	38	1	0	37	0.000718391	1392	0.750269	FALSE	ORF1ab:cds-YP_009724389.1	GAC	D	GAT	D	1506
NC_045512.2	17990	T	C	1425	416	39	1	0	74	0.000701262	1426	0.500175	FALSE	ORF1ab:cds-YP_009724389.1	TTG	L	TCG	S	1508
NC_045512.2	17991	G	T	1436	432	39	1	0	37	0.00069541	1438	0.750087	FALSE	ORF1ab:cds-YP_009724389.1	TTG	L	TTT	F	1508
NC_045512.2	17991	G	A	1436	432	39	1	1	37	0.00069541	1438	0.750087	FALSE	ORF1ab:cds-YP_009724389.1	TTG	L	TTA	L	1508
NC_045512.2	17992	C	A	1410	432	39	1	1	37	0.000708717	1411	0.750266	FALSE	ORF1ab:cds-YP_009724389.1	CAA	Q	AAA	K	1509
NC_045512.2	17993	A	G	1418	438	39	1	0	37	0.000704722	1419	0.750264	FALSE	ORF1ab:cds-YP_009724389.1	CAA	Q	CGA	R	1509
NC_045512.2	17996	T	C	1461	503	39	1	1	37	0.000683995	1462	0.750257	FALSE	ORF1ab:cds-YP_009724389.1	TTT	F	TCT	S	1510
NC_045512.2	18006	T	C	1355	616	38	1	1	25	0.000737463	1356	0.999941	FALSE	ORF1ab:cds-YP_009724389.1	CTT	L	CTC	L	1513
NC_045512.2	18011	T	C	1313	563	38	1	0	37	0.000761035	1314	0.750285	FALSE	ORF1ab:cds-YP_009724389.1	ATT	I	ACT	T	1515
NC_045512.2	18016	C	T	1419	778	39	2	2	37	0.00140647	1422	0.5	FALSE	ORF1ab:cds-YP_009724389.1	CGT	R	TGT	C	1517
NC_045512.2	18016	C	G	1419	778	39	1	1	37	0.000703235	1422	0.749912	FALSE	ORF1ab:cds-YP_009724389.1	CGT	R	GGT	G	1517
NC_045512.2	18017	G	A	1475	851	39	1	0	37	0.000677507	1476	0.750254	FALSE	ORF1ab:cds-YP_009724389.1	CGT	R	CAT	H	1517
NC_045512.2	18019	A	C	1465	858	39	1	1	25	0.000682128	1466	0.999971	FALSE	ORF1ab:cds-YP_009724389.1	AGG	R	CGG	R	1518
NC_045512.2	18020	G	A	1533	896	39	1	1	37	0.00065189	1534	0.750245	FALSE	ORF1ab:cds-YP_009724389.1	AGG	R	AAG	K	1518
NC_045512.2	18023	A	C	1434	872	38	1	0	37	0.000696864	1435	0.750261	FALSE	ORF1ab:cds-YP_009724389.1	AAT	N	ACT	T	1519
NC_045512.2	18026	T	A	1660	1099	41	1	1	37	0.000602047	1661	0.750226	FALSE	ORF1ab:cds-YP_009724389.1	GTG	V	GAG	E	1520
NC_045512.2	18027	G	A	1601	1120	40	1	1	37	0.00062422	1602	0.750234	FALSE	ORF1ab:cds-YP_009724389.1	GTG	V	GTA	V	1520
NC_045512.2	18028	G	T	1568	1093	40	1	1	37	0.000637349	1569	0.750239	FALSE	ORF1ab:cds-YP_009724389.1	GCA	A	TCA	S	1521
NC_045512.2	18029	C	T	1570	1089	40	1	1	37	0.000636537	1571	0.750239	FALSE	ORF1ab:cds-YP_009724389.1	GCA	A	GTA	V	1521
NC_045512.2	18031	A	G	1550	1084	40	1	0	37	0.000644745	1551	0.750242	FALSE	ORF1ab:cds-YP_009724389.1	ACT	T	GCT	A	1522
NC_045512.2	18034	T	G	1563	1105	40	1	1	25	0.000639386	1564	0.999985	FALSE	ORF1ab:cds-YP_009724389.1	TTA	L	GTA	V	1523
NC_045512.2	18035	T	C	1607	1124	40	1	1	74	0.000621891	1608	0.500156	FALSE	ORF1ab:cds-YP_009724389.1	TTA	L	TCA	S	1523
NC_045512.2	18040	G	A	1540	1112	39	1	1	37	0.000648929	1541	0.750243	FALSE	ORF1ab:cds-YP_009724389.1	GCT	A	ACT	T	1525
NC_045512.2	18046	A	T	1504	1119	39	1	1	37	0.000664452	1505	0.750249	FALSE	ORF1ab:cds-YP_009724389.1	AAT	N	TAT	Y	1527
NC_045512.2	18047	A	T	1492	1113	39	1	0	37	0.000669344	1494	0.750084	FALSE	ORF1ab:cds-YP_009724389.1	AAT	N	ATT	I	1527
NC_045512.2	18047	A	C	1492	1113	39	1	1	25	0.000669344	1494	0.999971	FALSE	ORF1ab:cds-YP_009724389.1	AAT	N	ACT	T	1527
NC_045512.2	18054	A	T	1508	1162	39	1	1	25	0.000662691	1509	0.999985	FALSE	ORF1ab:cds-YP_009724389.1	ACA	T	ACT	T	1529
NC_045512.2	18055	G	T	1504	1153	39	1	1	74	0.000664452	1505	0.500166	FALSE	ORF1ab:cds-YP_009724389.1	GGA	G	TGA	*	1530
NC_045512.2	18056	G	A	1514	1170	39	1	1	37	0.000660066	1515	0.750248	FALSE	ORF1ab:cds-YP_009724389.1	GGA	G	GAA	E	1530
NC_045512.2	18061	T	G	1511	1178	39	1	0	37	0.000661376	1512	0.750248	FALSE	ORF1ab:cds-YP_009724389.1	TTT	F	GTT	V	1532
NC_045512.2	18066	A	C	1473	1239	37	1	0	25	0.000678426	1474	0.999971	FALSE	ORF1ab:cds-YP_009724389.1	AAA	K	AAC	N	1533
NC_045512.2	18067	G	T	1477	1232	38	1	1	25	0.00067659	1478	0.999971	FALSE	ORF1ab:cds-YP_009724389.1	GAT	D	TAT	Y	1534
NC_045512.2	18070	T	G	1377	1185	37	1	1	25	0.000725689	1378	0.999941	FALSE	ORF1ab:cds-YP_009724389.1	TGT	C	GGT	G	1535
NC_045512.2	18072	T	C	1386	1186	37	1	1	37	0.000720981	1387	0.75027	FALSE	ORF1ab:cds-YP_009724389.1	TGT	C	TGC	C	1535
NC_045512.2	18080	T	C	1303	1161	37	1	1	37	0.000766871	1304	0.750288	FALSE	ORF1ab:cds-YP_009724389.1	GTA	V	GCA	A	1538
NC_045512.2	18081	A	G	1340	1199	37	1	0	37	0.000745712	1341	0.75028	FALSE	ORF1ab:cds-YP_009724389.1	GTA	V	GTG	V	1538
NC_045512.2	18085	A	C	1460	1321	37	1	0	37	0.000684463	1461	0.750257	FALSE	ORF1ab:cds-YP_009724389.1	ACT	T	CCT	P	1540
NC_045512.2	18093	A	C	1483	1347	37	1	0	25	0.000673854	1484	0.999971	FALSE	ORF1ab:cds-YP_009724389.1	TTA	L	TTC	F	1542
NC_045512.2	18094	C	T	1520	1388	38	2	2	55	0.00131406	1522	0.250082	FALSE	ORF1ab:cds-YP_009724389.1	CAT	H	TAT	Y	1543
NC_045512.2	18099	T	C	1400	1281	38	1	1	25	0.000713776	1401	0.999971	FALSE	ORF1ab:cds-YP_009724389.1	CCT	P	CCC	P	1544
NC_045512.2	18099	T	-A	1400	1281	38	1	0	20	0.000713776	1401	0.999971	FALSE	NA	NA	NA	NA	NA	NA
NC_045512.2	18104	A	G	1313	1207	37	1	1	37	0.000761035	1314	0.750285	FALSE	ORF1ab:cds-YP_009724389.1	CAG	Q	CGG	R	1546
NC_045512.2	18106	G	A	1349	1241	37	2	1	55	0.00148038	1351	0.250093	FALSE	ORF1ab:cds-YP_009724389.1	GCA	A	ACA	T	1547
NC_045512.2	18110	C	T	1341	1232	38	1	1	37	0.000745156	1342	0.75028	FALSE	ORF1ab:cds-YP_009724389.1	CCT	P	CTT	L	1548
NC_045512.2	18111	T	G	1269	1159	37	1	1	25	0.000786164	1272	0.999881	FALSE	ORF1ab:cds-YP_009724389.1	CCT	P	CCG	P	1548
NC_045512.2	18111	T	C	1269	1159	37	2	2	37	0.00157233	1272	0.5	FALSE	ORF1ab:cds-YP_009724389.1	CCT	P	CCC	P	1548
NC_045512.2	18111	T	+AC	1269	1159	37	1	0	20	0.000786164	1272	0.999881	FALSE	NA	NA	NA	NA	NA	NA
NC_045512.2	18119	T	C	989	901	37	1	1	37	0.0010101	990	0.500253	FALSE	ORF1ab:cds-YP_009724389.1	CTC	L	CCC	P	1551
NC_045512.2	18124	G	A	935	856	37	1	1	37	0.00106838	936	0.500267	FALSE	ORF1ab:cds-YP_009724389.1	GTT	V	ATT	I	1553
NC_045512.2	18131	C	A	727	653	37	1	1	37	0.00137363	728	0.500344	FALSE	ORF1ab:cds-YP_009724389.1	ACT	T	AAT	N	1555
NC_045512.2	18146	A	T	675	612	37	1	1	25	0.00147929	676	0.992349	FALSE	ORF1ab:cds-YP_009724389.1	GAA	E	GTA	V	1560
NC_045512.2	18150	T	C	657	603	37	1	1	37	0.00151976	658	0.50038	FALSE	ORF1ab:cds-YP_009724389.1	GGT	G	GGC	G	1561
NC_045512.2	18151	T	G	665	613	37	1	0	37	0.0015015	666	0.500376	FALSE	ORF1ab:cds-YP_009724389.1	TTA	L	GTA	V	1562
NC_045512.2	18163	A	G	1	0	25	588	504	37	0.998302	589	0	TRUE	ORF1ab:cds-YP_009724389.1	ATA	I	GTA	V	1566
NC_045512.2	18166	C	T	551	467	36	1	0	37	0.00181159	552	0.500453	FALSE	ORF1ab:cds-YP_009724389.1	CCT	P	TCT	S	1567
NC_045512.2	18168	T	C	550	462	36	1	1	37	0.00181488	551	0.500454	FALSE	ORF1ab:cds-YP_009724389.1	CCT	P	CCC	P	1567
NC_045512.2	18170	G	A	549	455	36	3	2	37	0.00543478	552	0.125	FALSE	ORF1ab:cds-YP_009724389.1	GGC	G	GAC	D	1568
NC_045512.2	18171	C	T	552	460	36	1	1	25	0.00180832	553	0.984671	FALSE	ORF1ab:cds-YP_009724389.1	GGC	G	GGT	G	1568
NC_045512.2	18173	T	C	531	443	36	1	0	37	0.0018797	532	0.50047	FALSE	ORF1ab:cds-YP_009724389.1	ATA	I	ACA	T	1569
NC_045512.2	18179	A	T	110	4	36	1	0	37	0.00900901	111	0.502262	FALSE	ORF1ab:cds-YP_009724389.1	AAG	K	ATG	M	1571
NC_045512.2	18190	T	G	174	13	37	1	1	37	0.00571429	175	0.501433	FALSE	ORF1ab:cds-YP_009724389.1	TAT	Y	GAT	D	1575
NC_045512.2	18195	A	G	210	16	37	1	0	37	0.00473934	211	0.501188	FALSE	ORF1ab:cds-YP_009724389.1	AGA	R	AGG	R	1576
NC_045512.2	18220	A	G	246	25	38	1	0	37	0.00404858	247	0.501014	FALSE	ORF1ab:cds-YP_009724389.1	AAA	K	GAA	E	1585
NC_045512.2	18234	A	C	277	33	39	1	1	25	0.00359712	278	0.87635	FALSE	ORF1ab:cds-YP_009724389.1	CAA	Q	CAC	H	1589
NC_045512.2	18251	A	C	269	41	39	1	1	25	0.0037037	270	0.87639	FALSE	ORF1ab:cds-YP_009724389.1	AAC	N	ACC	T	1595
NC_045512.2	18261	C	T	278	55	40	1	0	37	0.00358423	279	0.500898	FALSE	ORF1ab:cds-YP_009724389.1	ATC	I	ATT	I	1598
NC_045512.2	18279	A	C	252	64	38	1	1	25	0.00395257	253	0.876484	FALSE	ORF1ab:cds-YP_009724389.1	ATA	I	ATC	I	1604
NC_045512.2	18284	A	C	242	68	38	1	0	37	0.00411523	243	0.501031	FALSE	ORF1ab:cds-YP_009724389.1	CAT	H	CCT	P	1606
NC_045512.2	18291	T	C	261	104	40	1	0	37	0.00381679	262	0.500956	FALSE	ORF1ab:cds-YP_009724389.1	CGT	R	CGC	R	1608
NC_045512.2	18336	A	C	242	149	38	1	0	25	0.00411523	243	0.876545	FALSE	ORF1ab:cds-YP_009724389.1	GAA	E	GAC	D	1623
NC_045512.2	18339	T	C	245	151	38	1	1	37	0.00404858	247	0.5	FALSE	ORF1ab:cds-YP_009724389.1	GCT	A	GCC	A	1624
NC_045512.2	18339	T	A	245	151	38	1	0	37	0.00404858	247	0.5	FALSE	ORF1ab:cds-YP_009724389.1	GCT	A	GCA	A	1624
NC_045512.2	18347	C	T	223	150	37	1	0	37	0.00446429	224	0.501119	FALSE	ORF1ab:cds-YP_009724389.1	ACC	T	ATC	I	1627
NC_045512.2	18362	A	G	226	158	39	1	0	37	0.00440529	227	0.501104	FALSE	ORF1ab:cds-YP_009724389.1	CAG	Q	CGG	R	1632
NC_045512.2	18364	C	T	232	162	38	1	0	37	0.00429185	233	0.501075	FALSE	ORF1ab:cds-YP_009724389.1	CTA	L	TTA	L	1633
NC_045512.2	18410	A	G	240	217	40	1	1	62	0.00414938	241	0.50104	FALSE	ORF1ab:cds-YP_009724389.1	TAT	Y	TGT	C	1648
NC_045512.2	18420	A	T	240	225	39	1	1	25	0.00414938	241	0.876558	FALSE	ORF1ab:cds-YP_009724389.1	ACA	T	ACT	T	1651
NC_045512.2	18427	A	T	220	207	39	1	1	20	0.00452489	221	0.876699	FALSE	ORF1ab:cds-YP_009724389.1	AAT	N	TAT	Y	1654
NC_045512.2	18428	A	C	211	198	38	1	1	37	0.00471698	212	0.501182	FALSE	ORF1ab:cds-YP_009724389.1	AAT	N	ACT	T	1654
NC_045512.2	18430	A	C	209	197	38	1	1	25	0.0047619	210	0.876788	FALSE	ORF1ab:cds-YP_009724389.1	ACA	T	CCA	P	1655
NC_045512.2	18454	A	G	194	186	38	1	1	37	0.00512821	195	0.501285	FALSE	ORF1ab:cds-YP_009724389.1	AAA	K	GAA	E	1663
NC_045512.2	18479	A	C	160	153	38	1	1	37	0.00621118	161	0.501558	FALSE	ORF1ab:cds-YP_009724389.1	AAA	K	ACA	T	1671
NC_045512.2	18480	A	C	151	145	37	1	1	25	0.00657895	152	0.752475	FALSE	ORF1ab:cds-YP_009724389.1	AAA	K	AAC	N	1671
NC_045512.2	18489	A	T	20512	432	36	1	0	37	4.87496e-05	20513	1	FALSE	ORF1ab:cds-YP_009724389.1	ATA	I	ATT	I	1674
NC_045512.2	18490	C	T	21618	464	36	5	0	34	0.000231225	21624	0.999734	FALSE	ORF1ab:cds-YP_009724389.1	CCA	P	TCA	S	1675
NC_045512.2	18490	C	G	21618	464	36	1	0	37	4.62449e-05	21624	1	FALSE	ORF1ab:cds-YP_009724389.1	CCA	P	GCA	A	1675
NC_045512.2	18491	C	T	21761	549	36	4	1	46	0.000183756	21768	0.343696	FALSE	ORF1ab:cds-YP_009724389.1	CCA	P	CTA	L	1675
NC_045512.2	18491	C	G	21761	549	36	1	0	37	4.5939e-05	21768	1	FALSE	ORF1ab:cds-YP_009724389.1	CCA	P	CGA	R	1675
NC_045512.2	18491	C	A	21761	549	36	2	0	37	9.1878e-05	21768	0.999997	FALSE	ORF1ab:cds-YP_009724389.1	CCA	P	CAA	Q	1675
NC_045512.2	18492	A	T	21783	425	36	1	0	37	4.56725e-05	21895	1	FALSE	ORF1ab:cds-YP_009724389.1	CCA	P	CCT	P	1675
NC_045512.2	18492	A	G	21783	425	36	110	106	37	0.00502398	21895	4.30061e-16	TRUE	ORF1ab:cds-YP_009724389.1	CCA	P	CCG	P	1675
NC_045512.2	18492	A	C	21783	425	36	1	0	37	4.56725e-05	21895	1	FALSE	ORF1ab:cds-YP_009724389.1	CCA	P	CCC	P	1675
NC_045512.2	18493	C	T	30586	594	36	16	0	37	0.000522705	30610	0.987054	FALSE	ORF1ab:cds-YP_009724389.1	CTT	L	TTT	F	1676
NC_045512.2	18493	C	G	30586	594	36	3	0	37	9.80072e-05	30610	1	FALSE	ORF1ab:cds-YP_009724389.1	CTT	L	GTT	V	1676
NC_045512.2	18493	C	A	30586	594	36	5	0	37	0.000163345	30610	0.999998	FALSE	ORF1ab:cds-YP_009724389.1	CTT	L	ATT	I	1676
NC_045512.2	18494	T	G	31465	606	36	4	0	34	0.000127085	31475	1	FALSE	ORF1ab:cds-YP_009724389.1	CTT	L	CGT	R	1676
NC_045512.2	18494	T	C	31465	606	36	2	0	37	6.35425e-05	31475	1	FALSE	ORF1ab:cds-YP_009724389.1	CTT	L	CCT	P	1676
NC_045512.2	18494	T	A	31465	606	36	4	0	34	0.000127085	31475	1	FALSE	ORF1ab:cds-YP_009724389.1	CTT	L	CAT	H	1676
NC_045512.2	18495	T	C	32997	603	36	4	0	37	0.000121201	33003	1	FALSE	ORF1ab:cds-YP_009724389.1	CTT	L	CTC	L	1676
NC_045512.2	18495	T	A	32997	603	36	2	0	31	6.06006e-05	33003	1	FALSE	ORF1ab:cds-YP_009724389.1	CTT	L	CTA	L	1676
NC_045512.2	18496	A	G	33553	596	36	4	0	34	0.0001192	33557	1	FALSE	ORF1ab:cds-YP_009724389.1	ATG	M	GTG	V	1677
NC_045512.2	18497	T	G	33525	639	36	1	1	37	2.98258e-05	33528	1	FALSE	ORF1ab:cds-YP_009724389.1	ATG	M	AGG	R	1677
NC_045512.2	18497	T	C	33525	639	36	1	0	37	2.98258e-05	33528	1	FALSE	ORF1ab:cds-YP_009724389.1	ATG	M	ACG	T	1677
NC_045512.2	18497	T	A	33525	639	36	1	0	25	2.98258e-05	33528	1	FALSE	ORF1ab:cds-YP_009724389.1	ATG	M	AAG	K	1677
NC_045512.2	18498	G	A	36127	684	36	3	0	37	8.30335e-05	36130	1	FALSE	ORF1ab:cds-YP_009724389.1	ATG	M	ATA	I	1677
NC_045512.2	18499	T	G	35638	705	36	3	1	29	8.4168e-05	35643	1	FALSE	ORF1ab:cds-YP_009724389.1	TAC	Y	GAC	D	1678
NC_045512.2	18499	T	C	35638	705	36	1	0	37	2.8056e-05	35643	1	FALSE	ORF1ab:cds-YP_009724389.1	TAC	Y	CAC	H	1678
NC_045512.2	18499	T	A	35638	705	36	1	0	25	2.8056e-05	35643	1	FALSE	ORF1ab:cds-YP_009724389.1	TAC	Y	AAC	N	1678
NC_045512.2	18500	A	T	36426	722	36	1	0	37	2.74461e-05	36435	1	FALSE	ORF1ab:cds-YP_009724389.1	TAC	Y	TTC	F	1678
NC_045512.2	18500	A	G	36426	722	36	5	0	37	0.000137231	36435	1	FALSE	ORF1ab:cds-YP_009724389.1	TAC	Y	TGC	C	1678
NC_045512.2	18500	A	C	36426	722	36	3	0	25	8.23384e-05	36435	1	FALSE	ORF1ab:cds-YP_009724389.1	TAC	Y	TCC	S	1678
NC_045512.2	18502	A	G	36872	647	36	4	0	34	0.000108469	36877	1	FALSE	ORF1ab:cds-YP_009724389.1	AAA	K	GAA	E	1679
NC_045512.2	18502	A	C	36872	647	36	1	0	37	2.71172e-05	36877	1	FALSE	ORF1ab:cds-YP_009724389.1	AAA	K	CAA	Q	1679
NC_045512.2	18502	A	+G	36872	647	36	2	0	20	5.42343e-05	36877	1	FALSE	NA	NA	NA	NA	NA	NA
NC_045512.2	18503	A	G	36781	618	36	7	0	31	0.000190264	36791	0.999999	FALSE	ORF1ab:cds-YP_009724389.1	AAA	K	AGA	R	1679
NC_045512.2	18503	A	C	36781	618	36	3	2	30	8.15417e-05	36791	1	FALSE	ORF1ab:cds-YP_009724389.1	AAA	K	ACA	T	1679
NC_045512.2	18504	A	T	36022	647	36	5	0	32	0.000138739	36039	1	FALSE	ORF1ab:cds-YP_009724389.1	AAA	K	AAT	N	1679
NC_045512.2	18504	A	G	36022	647	36	11	1	37	0.000305225	36039	0.999951	FALSE	ORF1ab:cds-YP_009724389.1	AAA	K	AAG	K	1679
NC_045512.2	18504	A	C	36022	647	36	1	1	25	2.77477e-05	36039	1	FALSE	ORF1ab:cds-YP_009724389.1	AAA	K	AAC	N	1679
NC_045512.2	18505	G	T	37925	665	36	9	0	34	0.000237223	37939	0.999995	FALSE	ORF1ab:cds-YP_009724389.1	GGA	G	TGA	*	1680
NC_045512.2	18505	G	C	37925	665	36	2	0	37	5.27162e-05	37939	1	FALSE	ORF1ab:cds-YP_009724389.1	GGA	G	CGA	R	1680
NC_045512.2	18505	G	A	37925	665	36	3	0	37	7.90743e-05	37939	1	FALSE	ORF1ab:cds-YP_009724389.1	GGA	G	AGA	R	1680
NC_045512.2	18506	G	T	38119	898	36	1	0	25	2.62302e-05	38124	1	FALSE	ORF1ab:cds-YP_009724389.1	GGA	G	GTA	V	1680
NC_045512.2	18506	G	A	38119	898	36	4	0	37	0.000104921	38124	1	FALSE	ORF1ab:cds-YP_009724389.1	GGA	G	GAA	E	1680
NC_045512.2	18507	A	T	38537	913	37	1	0	37	2.5943e-05	38546	1	FALSE	ORF1ab:cds-YP_009724389.1	GGA	G	GGT	G	1680
NC_045512.2	18507	A	G	38537	913	37	8	0	35	0.000207544	38546	0.999999	FALSE	ORF1ab:cds-YP_009724389.1	GGA	G	GGG	G	1680
NC_045512.2	18508	C	T	38155	935	36	8	0	35	0.000209616	38165	0.999999	FALSE	ORF1ab:cds-YP_009724389.1	CTT	L	TTT	F	1681
NC_045512.2	18508	C	A	38155	935	36	2	0	37	5.2404e-05	38165	1	FALSE	ORF1ab:cds-YP_009724389.1	CTT	L	ATT	I	1681
NC_045512.2	18509	T	G	37968	889	36	4	1	26	0.000105316	37981	1	FALSE	ORF1ab:cds-YP_009724389.1	CTT	L	CGT	R	1681
NC_045512.2	18509	T	C	37968	889	36	8	0	34	0.000210632	37981	0.999998	FALSE	ORF1ab:cds-YP_009724389.1	CTT	L	CCT	P	1681
NC_045512.2	18509	T	A	37968	889	36	1	0	25	2.6329e-05	37981	1	FALSE	ORF1ab:cds-YP_009724389.1	CTT	L	CAT	H	1681
NC_045512.2	18510	T	G	38546	942	36	5	0	32	0.000129658	38563	1	FALSE	ORF1ab:cds-YP_009724389.1	CTT	L	CTG	L	1681
NC_045512.2	18510	T	C	38546	942	36	8	0	35	0.000207453	38563	0.999999	FALSE	ORF1ab:cds-YP_009724389.1	CTT	L	CTC	L	1681
NC_045512.2	18510	T	A	38546	942	36	4	0	34	0.000103726	38563	1	FALSE	ORF1ab:cds-YP_009724389.1	CTT	L	CTA	L	1681
NC_045512.2	18510	T	-C	38546	942	36	1	0	20	2.59316e-05	38563	1	FALSE	NA	NA	NA	NA	NA	NA
NC_045512.2	18511	C	T	38884	950	36	1	0	37	2.57155e-05	38887	1	FALSE	ORF1ab:cds-YP_009724389.1	CCT	P	TCT	S	1682
NC_045512.2	18511	C	A	38884	950	36	2	0	31	5.14311e-05	38887	1	FALSE	ORF1ab:cds-YP_009724389.1	CCT	P	ACT	T	1682
NC_045512.2	18512	C	A	38313	1023	36	5	0	32	0.000130487	38318	1	FALSE	ORF1ab:cds-YP_009724389.1	CCT	P	CAT	H	1682
NC_045512.2	18512	C	-T	38313	1023	36	2	0	20	5.21948e-05	38318	1	FALSE	NA	NA	NA	NA	NA	NA
NC_045512.2	18513	T	G	37747	1475	36	16	0	26	0.000423549	37776	1	FALSE	ORF1ab:cds-YP_009724389.1	CCT	P	CCG	P	1682
NC_045512.2	18513	T	C	37747	1475	36	13	0	36	0.000344134	37776	0.999847	FALSE	ORF1ab:cds-YP_009724389.1	CCT	P	CCC	P	1682
NC_045512.2	18514	T	G	38046	1557	36	16	2	28	0.000420267	38071	1	FALSE	ORF1ab:cds-YP_009724389.1	TGG	W	GGG	G	1683
NC_045512.2	18514	T	C	38046	1557	36	6	1	41	0.0001576	38071	0.253661	FALSE	ORF1ab:cds-YP_009724389.1	TGG	W	CGG	R	1683
NC_045512.2	18514	T	A	38046	1557	36	3	0	33	7.88001e-05	38071	1	FALSE	ORF1ab:cds-YP_009724389.1	TGG	W	AGG	R	1683
NC_045512.2	18515	G	T	42629	1586	37	1	0	37	2.34566e-05	42632	1	FALSE	ORF1ab:cds-YP_009724389.1	TGG	W	TTG	L	1683
NC_045512.2	18515	G	A	42629	1586	37	2	0	37	4.69131e-05	42632	1	FALSE	ORF1ab:cds-YP_009724389.1	TGG	W	TAG	*	1683
NC_045512.2	18516	G	T	42749	1609	37	2	0	37	4.67792e-05	42754	1	FALSE	ORF1ab:cds-YP_009724389.1	TGG	W	TGT	C	1683
NC_045512.2	18516	G	A	42749	1609	37	3	0	49	7.01689e-05	42754	0.773438	FALSE	ORF1ab:cds-YP_009724389.1	TGG	W	TGA	*	1683
NC_045512.2	18517	A	T	42384	1611	37	2	0	37	4.71821e-05	42389	1	FALSE	ORF1ab:cds-YP_009724389.1	AAT	N	TAT	Y	1684
NC_045512.2	18517	A	G	42384	1611	37	3	0	33	7.07731e-05	42389	1	FALSE	ORF1ab:cds-YP_009724389.1	AAT	N	GAT	D	1684
NC_045512.2	18518	A	G	39991	1786	36	5	0	34	0.000124906	40030	1	FALSE	ORF1ab:cds-YP_009724389.1	AAT	N	AGT	S	1684
NC_045512.2	18518	A	C	39991	1786	36	34	0	26	0.000849363	40030	1	FALSE	ORF1ab:cds-YP_009724389.1	AAT	N	ACT	T	1684
NC_045512.2	18519	T	G	42233	1799	37	6	1	27	0.000142039	42242	1	FALSE	ORF1ab:cds-YP_009724389.1	AAT	N	AAG	K	1684
NC_045512.2	18519	T	C	42233	1799	37	2	0	37	4.73462e-05	42242	1	FALSE	ORF1ab:cds-YP_009724389.1	AAT	N	AAC	N	1684
NC_045512.2	18519	T	A	42233	1799	37	1	0	37	2.36731e-05	42242	1	FALSE	ORF1ab:cds-YP_009724389.1	AAT	N	AAA	K	1684
NC_045512.2	18520	G	T	43499	1914	37	5	0	32	0.000114903	43515	1	FALSE	ORF1ab:cds-YP_009724389.1	GTA	V	TTA	L	1685
NC_045512.2	18520	G	C	43499	1914	37	2	0	31	4.59612e-05	43515	1	FALSE	ORF1ab:cds-YP_009724389.1	GTA	V	CTA	L	1685
NC_045512.2	18520	G	A	43499	1914	37	9	0	37	0.000206825	43515	1	FALSE	ORF1ab:cds-YP_009724389.1	GTA	V	ATA	I	1685
NC_045512.2	18521	T	C	43251	1923	37	3	0	33	6.93497e-05	43259	1	FALSE	ORF1ab:cds-YP_009724389.1	GTA	V	GCA	A	1685
NC_045512.2	18521	T	A	43251	1923	37	5	0	37	0.000115583	43259	1	FALSE	ORF1ab:cds-YP_009724389.1	GTA	V	GAA	E	1685
NC_045512.2	18522	A	G	43553	1925	38	15	0	36	0.000344281	43569	0.99995	FALSE	ORF1ab:cds-YP_009724389.1	GTA	V	GTG	V	1685
NC_045512.2	18522	A	C	43553	1925	38	1	0	37	2.29521e-05	43569	1	FALSE	ORF1ab:cds-YP_009724389.1	GTA	V	GTC	V	1685
NC_045512.2	18523	G	T	43382	1939	37	5	0	32	0.000115231	43391	1	FALSE	ORF1ab:cds-YP_009724389.1	GTG	V	TTG	L	1686
NC_045512.2	18523	G	C	43382	1939	37	1	0	22	2.30463e-05	43391	1	FALSE	ORF1ab:cds-YP_009724389.1	GTG	V	CTG	L	1686
NC_045512.2	18523	G	A	43382	1939	37	3	0	37	6.91388e-05	43391	1	FALSE	ORF1ab:cds-YP_009724389.1	GTG	V	ATG	M	1686
NC_045512.2	18524	T	G	42849	1945	37	5	1	38	0.00011667	42856	1	FALSE	ORF1ab:cds-YP_009724389.1	GTG	V	GGG	G	1686
NC_045512.2	18524	T	C	42849	1945	37	1	0	37	2.3334e-05	42856	1	FALSE	ORF1ab:cds-YP_009724389.1	GTG	V	GCG	A	1686
NC_045512.2	18524	T	A	42849	1945	37	1	0	25	2.3334e-05	42856	1	FALSE	ORF1ab:cds-YP_009724389.1	GTG	V	GAG	E	1686
NC_045512.2	18525	G	T	43936	2093	38	2	0	31	4.55135e-05	43943	1	FALSE	ORF1ab:cds-YP_009724389.1	GTG	V	GTT	V	1686
NC_045512.2	18525	G	A	43936	2093	38	5	0	37	0.000113784	43943	1	FALSE	ORF1ab:cds-YP_009724389.1	GTG	V	GTA	V	1686
NC_045512.2	18526	C	T	43726	2102	38	40	1	37	0.000913868	43770	0.66952	FALSE	ORF1ab:cds-YP_009724389.1	CGT	R	TGT	C	1687
NC_045512.2	18526	C	A	43726	2102	38	4	0	40	9.13868e-05	43770	0.636237	FALSE	ORF1ab:cds-YP_009724389.1	CGT	R	AGT	S	1687
NC_045512.2	18527	G	T	45065	2244	38	1	0	25	2.21543e-05	45138	1	FALSE	ORF1ab:cds-YP_009724389.1	CGT	R	CTT	L	1687
NC_045512.2	18527	G	C	45065	2244	38	1	0	37	2.21543e-05	45138	1	FALSE	ORF1ab:cds-YP_009724389.1	CGT	R	CCT	P	1687
NC_045512.2	18527	G	A	45065	2244	38	71	2	38	0.00157295	45138	0.00989697	TRUE	ORF1ab:cds-YP_009724389.1	CGT	R	CAT	H	1687
NC_045512.2	18528	T	G	43980	2441	37	4	1	29	9.09256e-05	43992	1	FALSE	ORF1ab:cds-YP_009724389.1	CGT	R	CGG	R	1687
NC_045512.2	18528	T	C	43980	2441	37	6	0	37	0.000136388	43992	1	FALSE	ORF1ab:cds-YP_009724389.1	CGT	R	CGC	R	1687
NC_045512.2	18528	T	A	43980	2441	37	2	0	31	4.54628e-05	43992	1	FALSE	ORF1ab:cds-YP_009724389.1	CGT	R	CGA	R	1687
NC_045512.2	18529	A	T	44579	2455	38	1	0	37	2.24245e-05	44594	1	FALSE	ORF1ab:cds-YP_009724389.1	ATA	I	TTA	L	1688
NC_045512.2	18529	A	G	44579	2455	38	4	1	34	8.96982e-05	44594	1	FALSE	ORF1ab:cds-YP_009724389.1	ATA	I	GTA	V	1688
NC_045512.2	18529	A	C	44579	2455	38	10	0	27	0.000224245	44594	1	FALSE	ORF1ab:cds-YP_009724389.1	ATA	I	CTA	L	1688
NC_045512.2	18530	T	G	45044	2691	38	5	0	28	0.000110975	45055	1	FALSE	ORF1ab:cds-YP_009724389.1	ATA	I	AGA	R	1688
NC_045512.2	18530	T	C	45044	2691	38	4	1	43	8.87804e-05	45055	0.636652	FALSE	ORF1ab:cds-YP_009724389.1	ATA	I	ACA	T	1688
NC_045512.2	18530	T	A	45044	2691	38	2	0	31	4.43902e-05	45055	1	FALSE	ORF1ab:cds-YP_009724389.1	ATA	I	AAA	K	1688
NC_045512.2	18531	A	G	45856	2703	38	2	0	37	4.36081e-05	45863	1	FALSE	ORF1ab:cds-YP_009724389.1	ATA	I	ATG	M	1688
NC_045512.2	18531	A	C	45856	2703	38	5	0	25	0.00010902	45863	1	FALSE	ORF1ab:cds-YP_009724389.1	ATA	I	ATC	I	1688
NC_045512.2	18532	A	T	45943	2710	38	1	0	37	2.17595e-05	45957	1	FALSE	ORF1ab:cds-YP_009724389.1	AAG	K	TAG	*	1689
NC_045512.2	18532	A	G	45943	2710	38	7	2	35	0.000152316	45957	1	FALSE	ORF1ab:cds-YP_009724389.1	AAG	K	GAG	E	1689
NC_045512.2	18532	A	C	45943	2710	38	6	1	25	0.000130557	45957	1	FALSE	ORF1ab:cds-YP_009724389.1	AAG	K	CAG	Q	1689
NC_045512.2	18533	A	T	45205	2737	38	8	0	32	0.000176925	45217	1	FALSE	ORF1ab:cds-YP_009724389.1	AAG	K	ATG	M	1689
NC_045512.2	18533	A	G	45205	2737	38	4	0	43	8.84623e-05	45217	0.63664	FALSE	ORF1ab:cds-YP_009724389.1	AAG	K	AGG	R	1689
NC_045512.2	18534	G	T	45532	2756	38	2	0	25	4.39223e-05	45535	1	FALSE	ORF1ab:cds-YP_009724389.1	AAG	K	AAT	N	1689
NC_045512.2	18534	G	A	45532	2756	38	1	0	37	2.19611e-05	45535	1	FALSE	ORF1ab:cds-YP_009724389.1	AAG	K	AAA	K	1689
NC_045512.2	18535	A	G	46151	2752	38	2	0	37	4.33304e-05	46157	1	FALSE	ORF1ab:cds-YP_009724389.1	ATT	I	GTT	V	1690
NC_045512.2	18535	A	C	46151	2752	38	4	2	27	8.66607e-05	46157	1	FALSE	ORF1ab:cds-YP_009724389.1	ATT	I	CTT	L	1690
NC_045512.2	18536	T	G	45262	2778	38	15	1	25	0.000331279	45279	1	FALSE	ORF1ab:cds-YP_009724389.1	ATT	I	AGT	S	1690
NC_045512.2	18536	T	C	45262	2778	38	1	0	25	2.20853e-05	45279	1	FALSE	ORF1ab:cds-YP_009724389.1	ATT	I	ACT	T	1690
NC_045512.2	18536	T	A	45262	2778	38	1	0	37	2.20853e-05	45279	1	FALSE	ORF1ab:cds-YP_009724389.1	ATT	I	AAT	N	1690
NC_045512.2	18537	T	G	46767	2797	38	2	1	27	4.27579e-05	46775	1	FALSE	ORF1ab:cds-YP_009724389.1	ATT	I	ATG	M	1690
NC_045512.2	18537	T	C	46767	2797	38	4	0	46	8.55158e-05	46775	0.63669	FALSE	ORF1ab:cds-YP_009724389.1	ATT	I	ATC	I	1690
NC_045512.2	18537	T	A	46767	2797	38	2	0	31	4.27579e-05	46775	1	FALSE	ORF1ab:cds-YP_009724389.1	ATT	I	ATA	I	1690
NC_045512.2	18538	G	T	48297	2804	38	4	0	31	8.27883e-05	48316	1	FALSE	ORF1ab:cds-YP_009724389.1	GTA	V	TTA	L	1691
NC_045512.2	18538	G	A	48297	2804	38	15	2	38	0.000310456	48316	0.999994	FALSE	ORF1ab:cds-YP_009724389.1	GTA	V	ATA	I	1691
NC_045512.2	18539	T	C	48392	2822	38	8	1	37	0.000165282	48402	1	FALSE	ORF1ab:cds-YP_009724389.1	GTA	V	GCA	A	1691
NC_045512.2	18539	T	A	48392	2822	38	2	0	31	4.13206e-05	48402	1	FALSE	ORF1ab:cds-YP_009724389.1	GTA	V	GAA	E	1691
NC_045512.2	18540	A	G	48257	2849	38	5	0	34	0.000103599	48263	1	FALSE	ORF1ab:cds-YP_009724389.1	GTA	V	GTG	V	1691
NC_045512.2	18540	A	C	48257	2849	38	1	0	37	2.07198e-05	48263	1	FALSE	ORF1ab:cds-YP_009724389.1	GTA	V	GTC	V	1691
NC_045512.2	18541	C	T	48413	2843	38	6	0	37	0.000123913	48421	1	FALSE	ORF1ab:cds-YP_009724389.1	CAA	Q	TAA	*	1692
NC_045512.2	18541	C	A	48413	2843	38	2	0	55	4.13044e-05	48421	0.249972	FALSE	ORF1ab:cds-YP_009724389.1	CAA	Q	AAA	K	1692
NC_045512.2	18541	C	+A	48413	2843	38	1	0	20	2.06522e-05	48421	1	FALSE	NA	NA	NA	NA	NA	NA
NC_045512.2	18542	A	G	48322	2850	38	4	1	34	8.2766e-05	48329	1	FALSE	ORF1ab:cds-YP_009724389.1	CAA	Q	CGA	R	1692
NC_045512.2	18542	A	C	48322	2850	38	3	0	29	6.20745e-05	48329	1	FALSE	ORF1ab:cds-YP_009724389.1	CAA	Q	CCA	P	1692
NC_045512.2	18543	A	G	48692	2798	38	5	0	34	0.000102663	48703	1	FALSE	ORF1ab:cds-YP_009724389.1	CAA	Q	CAG	Q	1692
NC_045512.2	18543	A	C	48692	2798	38	6	1	27	0.000123196	48703	1	FALSE	ORF1ab:cds-YP_009724389.1	CAA	Q	CAC	H	1692
NC_045512.2	18544	A	T	48171	2807	38	3	0	29	6.22704e-05	48177	1	FALSE	ORF1ab:cds-YP_009724389.1	ATG	M	TTG	L	1693
NC_045512.2	18544	A	G	48171	2807	38	3	1	45	6.22704e-05	48177	0.773429	FALSE	ORF1ab:cds-YP_009724389.1	ATG	M	GTG	V	1693
NC_045512.2	18545	T	G	48426	2861	38	3	1	31	6.19374e-05	48436	1	FALSE	ORF1ab:cds-YP_009724389.1	ATG	M	AGG	R	1693
NC_045512.2	18545	T	C	48426	2861	38	7	2	49	0.000144521	48436	0.274379	FALSE	ORF1ab:cds-YP_009724389.1	ATG	M	ACG	T	1693
NC_045512.2	18546	G	T	49076	2939	38	5	1	28	0.000101862	49086	1	FALSE	ORF1ab:cds-YP_009724389.1	ATG	M	ATT	I	1693
NC_045512.2	18546	G	A	49076	2939	38	5	0	34	0.000101862	49086	1	FALSE	ORF1ab:cds-YP_009724389.1	ATG	M	ATA	I	1693
NC_045512.2	18547	T	C	49532	3375	39	3	1	37	6.0562e-05	49536	1	FALSE	ORF1ab:cds-YP_009724389.1	TTA	L	CTA	L	1694
NC_045512.2	18547	T	A	49532	3375	39	1	0	20	2.01873e-05	49536	1	FALSE	ORF1ab:cds-YP_009724389.1	TTA	L	ATA	I	1694
NC_045512.2	18548	T	C	49651	3412	38	7	2	41	0.000140959	49660	0.274391	FALSE	ORF1ab:cds-YP_009724389.1	TTA	L	TCA	S	1694
NC_045512.2	18548	T	A	49651	3412	38	2	0	25	4.02739e-05	49660	1	FALSE	ORF1ab:cds-YP_009724389.1	TTA	L	TAA	*	1694
NC_045512.2	18549	A	T	49900	3468	39	2	0	31	4.00689e-05	49914	1	FALSE	ORF1ab:cds-YP_009724389.1	TTA	L	TTT	F	1694
NC_045512.2	18549	A	G	49900	3468	39	9	1	43	0.00018031	49914	0.133376	FALSE	ORF1ab:cds-YP_009724389.1	TTA	L	TTG	L	1694
NC_045512.2	18549	A	C	49900	3468	39	3	0	33	6.01034e-05	49914	1	FALSE	ORF1ab:cds-YP_009724389.1	TTA	L	TTC	F	1694
NC_045512.2	18550	A	T	50052	3472	39	2	0	37	3.99457e-05	50068	1	FALSE	ORF1ab:cds-YP_009724389.1	AGT	S	TGT	C	1695
NC_045512.2	18550	A	G	50052	3472	39	12	2	40	0.000239674	50068	0.0716976	FALSE	ORF1ab:cds-YP_009724389.1	AGT	S	GGT	G	1695
NC_045512.2	18550	A	C	50052	3472	39	2	0	31	3.99457e-05	50068	1	FALSE	ORF1ab:cds-YP_009724389.1	AGT	S	CGT	R	1695
NC_045512.2	18551	G	T	49773	3601	39	6	0	37	0.000120525	49782	1	FALSE	ORF1ab:cds-YP_009724389.1	AGT	S	ATT	I	1695
NC_045512.2	18551	G	A	49773	3601	39	3	0	33	6.02627e-05	49782	1	FALSE	ORF1ab:cds-YP_009724389.1	AGT	S	AAT	N	1695
NC_045512.2	18552	T	G	50281	3716	39	1	0	37	1.98847e-05	50290	1	FALSE	ORF1ab:cds-YP_009724389.1	AGT	S	AGG	R	1695
NC_045512.2	18552	T	C	50281	3716	39	4	0	34	7.95387e-05	50290	1	FALSE	ORF1ab:cds-YP_009724389.1	AGT	S	AGC	S	1695
NC_045512.2	18552	T	A	50281	3716	39	4	0	31	7.95387e-05	50290	1	FALSE	ORF1ab:cds-YP_009724389.1	AGT	S	AGA	R	1695
NC_045512.2	18553	G	T	50225	3758	39	5	0	29	9.95381e-05	50232	1	FALSE	ORF1ab:cds-YP_009724389.1	GAC	D	TAC	Y	1696
NC_045512.2	18553	G	A	50225	3758	39	2	0	37	3.98153e-05	50232	1	FALSE	ORF1ab:cds-YP_009724389.1	GAC	D	AAC	N	1696
NC_045512.2	18554	A	T	50329	3814	39	5	0	37	9.93187e-05	50343	1	FALSE	ORF1ab:cds-YP_009724389.1	GAC	D	GTC	V	1696
NC_045512.2	18554	A	G	50329	3814	39	8	1	40	0.00015891	50343	0.290452	FALSE	ORF1ab:cds-YP_009724389.1	GAC	D	GGC	G	1696
NC_045512.2	18554	A	C	50329	3814	39	1	1	37	1.98637e-05	50343	1	FALSE	ORF1ab:cds-YP_009724389.1	GAC	D	GCC	A	1696
NC_045512.2	18555	C	T	50025	3828	39	12	0	34	0.000239808	50040	1	FALSE	ORF1ab:cds-YP_009724389.1	GAC	D	GAT	D	1696
NC_045512.2	18555	C	G	50025	3828	39	1	0	37	1.9984e-05	50040	1	FALSE	ORF1ab:cds-YP_009724389.1	GAC	D	GAG	E	1696
NC_045512.2	18555	C	A	50025	3828	39	2	0	31	3.9968e-05	50040	1	FALSE	ORF1ab:cds-YP_009724389.1	GAC	D	GAA	E	1696
NC_045512.2	18556	A	G	49825	3827	39	9	2	47	0.000180585	49838	0.133383	FALSE	ORF1ab:cds-YP_009724389.1	ACA	T	GCA	A	1697
NC_045512.2	18556	A	C	49825	3827	39	4	0	31	8.026e-05	49838	1	FALSE	ORF1ab:cds-YP_009724389.1	ACA	T	CCA	P	1697
NC_045512.2	18557	C	T	50147	4075	39	2	1	55	3.9878e-05	50153	0.249983	FALSE	ORF1ab:cds-YP_009724389.1	ACA	T	ATA	I	1697
NC_045512.2	18557	C	G	50147	4075	39	1	0	48	1.9939e-05	50153	0.984374	FALSE	ORF1ab:cds-YP_009724389.1	ACA	T	AGA	R	1697
NC_045512.2	18557	C	A	50147	4075	39	3	1	33	5.9817e-05	50153	1	FALSE	ORF1ab:cds-YP_009724389.1	ACA	T	AAA	K	1697
NC_045512.2	18558	A	T	49686	4093	39	1	0	37	2.01244e-05	49691	1	FALSE	ORF1ab:cds-YP_009724389.1	ACA	T	ACT	T	1697
NC_045512.2	18558	A	G	49686	4093	39	4	1	31	8.04975e-05	49691	1	FALSE	ORF1ab:cds-YP_009724389.1	ACA	T	ACG	T	1697
NC_045512.2	18559	C	T	51839	4238	39	1	0	25	1.92898e-05	51841	1	FALSE	ORF1ab:cds-YP_009724389.1	CTT	L	TTT	F	1698
NC_045512.2	18559	C	A	51839	4238	39	1	0	37	1.92898e-05	51841	1	FALSE	ORF1ab:cds-YP_009724389.1	CTT	L	ATT	I	1698
NC_045512.2	18560	T	G	52192	4267	39	4	1	55	7.66166e-05	52208	0.0624701	FALSE	ORF1ab:cds-YP_009724389.1	CTT	L	CGT	R	1698
NC_045512.2	18560	T	C	52192	4267	39	12	1	42	0.00022985	52208	0.071699	FALSE	ORF1ab:cds-YP_009724389.1	CTT	L	CCT	P	1698
NC_045512.2	18561	T	G	51717	4286	39	3	0	25	5.798e-05	51742	1	FALSE	ORF1ab:cds-YP_009724389.1	CTT	L	CTG	L	1698
NC_045512.2	18561	T	C	51717	4286	39	15	0	38	0.0002899	51742	0.999999	FALSE	ORF1ab:cds-YP_009724389.1	CTT	L	CTC	L	1698
NC_045512.2	18561	T	A	51717	4286	39	7	1	38	0.000135287	51742	1	FALSE	ORF1ab:cds-YP_009724389.1	CTT	L	CTA	L	1698
NC_045512.2	18561	T	-A	51717	4286	39	11	0	20	0.000212593	51742	1	FALSE	NA	NA	NA	NA	NA	NA
NC_045512.2	18561	T	+A	51717	4286	39	1	0	20	1.93267e-05	51742	1	FALSE	NA	NA	NA	NA	NA	NA
NC_045512.2	18562	A	T	52796	5262	41	4	1	37	7.57504e-05	52805	1	FALSE	ORF1ab:cds-YP_009724389.1	AAA	K	TAA	*	1699
NC_045512.2	18562	A	G	52796	5262	41	4	0	49	7.57504e-05	52805	0.745973	FALSE	ORF1ab:cds-YP_009724389.1	AAA	K	GAA	E	1699
NC_045512.2	18562	A	C	52796	5262	41	1	0	25	1.89376e-05	52805	1	FALSE	ORF1ab:cds-YP_009724389.1	AAA	K	CAA	Q	1699
NC_045512.2	18563	A	G	52994	5400	41	3	0	49	5.66059e-05	52998	0.855478	FALSE	ORF1ab:cds-YP_009724389.1	AAA	K	AGA	R	1699
NC_045512.2	18563	A	C	52994	5400	41	1	0	29	1.88686e-05	52998	1	FALSE	ORF1ab:cds-YP_009724389.1	AAA	K	ACA	T	1699
NC_045512.2	18564	A	T	52143	6830	41	4	1	32	7.66974e-05	52153	1	FALSE	ORF1ab:cds-YP_009724389.1	AAA	K	AAT	N	1699
NC_045512.2	18564	A	G	52143	6830	41	3	2	45	5.75231e-05	52153	0.85544	FALSE	ORF1ab:cds-YP_009724389.1	AAA	K	AAG	K	1699
NC_045512.2	18564	A	C	52143	6830	41	3	0	29	5.75231e-05	52153	1	FALSE	ORF1ab:cds-YP_009724389.1	AAA	K	AAC	N	1699
NC_045512.2	18565	A	T	52372	6896	41	3	0	29	5.7276e-05	52378	1	FALSE	ORF1ab:cds-YP_009724389.1	AAT	N	TAT	Y	1700
NC_045512.2	18565	A	G	52372	6896	41	2	2	49	3.8184e-05	52378	0.937497	FALSE	ORF1ab:cds-YP_009724389.1	AAT	N	GAT	D	1700
NC_045512.2	18565	A	C	52372	6896	41	1	0	25	1.9092e-05	52378	1	FALSE	ORF1ab:cds-YP_009724389.1	AAT	N	CAT	H	1700
NC_045512.2	18566	A	T	52021	6905	41	8	1	33	0.000153749	52033	1	FALSE	ORF1ab:cds-YP_009724389.1	AAT	N	ATT	I	1700
NC_045512.2	18566	A	G	52021	6905	41	4	1	40	7.68743e-05	52033	0.746037	FALSE	ORF1ab:cds-YP_009724389.1	AAT	N	AGT	S	1700
NC_045512.2	18566	A	+CTG	52021	6905	41	1	0	20	1.92186e-05	52033	1	FALSE	NA	NA	NA	NA	NA	NA
NC_045512.2	18567	T	C	53126	6982	42	7	2	42	0.000131742	53134	0.387201	FALSE	ORF1ab:cds-YP_009724389.1	AAT	N	AAC	N	1700
NC_045512.2	18567	T	A	53126	6982	42	1	0	37	1.88203e-05	53134	1	FALSE	ORF1ab:cds-YP_009724389.1	AAT	N	AAA	K	1700
NC_045512.2	18568	C	T	52909	7142	42	6	2	51	0.000113374	52922	0.0156175	FALSE	ORF1ab:cds-YP_009724389.1	CTC	L	TTC	F	1701
NC_045512.2	18568	C	G	52909	7142	42	1	1	37	1.88957e-05	52922	1	FALSE	ORF1ab:cds-YP_009724389.1	CTC	L	GTC	V	1701
NC_045512.2	18568	C	A	52909	7142	42	6	0	31	0.000113374	52922	1	FALSE	ORF1ab:cds-YP_009724389.1	CTC	L	ATC	I	1701
NC_045512.2	18568	C	+TG	52909	7142	42	1	0	20	1.88957e-05	52922	1	FALSE	NA	NA	NA	NA	NA	NA
NC_045512.2	18569	T	C	53732	7084	42	12	1	44	0.000223268	53747	0.0717052	FALSE	ORF1ab:cds-YP_009724389.1	CTC	L	CCC	P	1701
NC_045512.2	18569	T	A	53732	7084	42	3	0	37	5.58171e-05	53747	1	FALSE	ORF1ab:cds-YP_009724389.1	CTC	L	CAC	H	1701
NC_045512.2	18570	C	T	53247	7450	42	3	0	37	5.63285e-05	53259	1	FALSE	ORF1ab:cds-YP_009724389.1	CTC	L	CTT	L	1701
NC_045512.2	18570	C	G	53247	7450	42	5	0	37	9.38808e-05	53259	1	FALSE	ORF1ab:cds-YP_009724389.1	CTC	L	CTG	L	1701
NC_045512.2	18570	C	A	53247	7450	42	4	0	31	7.51047e-05	53259	1	FALSE	ORF1ab:cds-YP_009724389.1	CTC	L	CTA	L	1701
NC_045512.2	18571	T	G	54104	7426	42	3	2	49	5.54395e-05	54113	0.855448	FALSE	ORF1ab:cds-YP_009724389.1	TCT	S	GCT	A	1702
NC_045512.2	18571	T	C	54104	7426	42	6	3	49	0.000110879	54113	0.499975	FALSE	ORF1ab:cds-YP_009724389.1	TCT	S	CCT	P	1702
NC_045512.2	18572	C	T	54102	7630	42	3	1	61	5.54457e-05	54107	0.124993	FALSE	ORF1ab:cds-YP_009724389.1	TCT	S	TTT	F	1702
NC_045512.2	18572	C	G	54102	7630	42	2	1	33	3.69638e-05	54107	1	FALSE	ORF1ab:cds-YP_009724389.1	TCT	S	TGT	C	1702
NC_045512.2	18573	T	C	54175	7628	42	10	3	42	0.000184536	54190	0.150828	FALSE	ORF1ab:cds-YP_009724389.1	TCT	S	TCC	S	1702
NC_045512.2	18573	T	A	54175	7628	42	5	0	31	9.22679e-05	54190	1	FALSE	ORF1ab:cds-YP_009724389.1	TCT	S	TCA	S	1702
NC_045512.2	18574	G	T	52998	8193	42	4	2	26	7.54546e-05	53012	1	FALSE	ORF1ab:cds-YP_009724389.1	GAC	D	TAC	Y	1703
NC_045512.2	18574	G	A	52998	8193	42	10	1	34	0.000188637	53012	1	FALSE	ORF1ab:cds-YP_009724389.1	GAC	D	AAC	N	1703
NC_045512.2	18575	A	T	51558	8558	42	4	0	41	7.7563e-05	51571	0.746027	FALSE	ORF1ab:cds-YP_009724389.1	GAC	D	GTC	V	1703
NC_045512.2	18575	A	G	51558	8558	42	9	1	39	0.000174517	51571	1	FALSE	ORF1ab:cds-YP_009724389.1	GAC	D	GGC	G	1703
NC_045512.2	18576	C	T	51113	9011	42	11	2	38	0.000215138	51130	1	FALSE	ORF1ab:cds-YP_009724389.1	GAC	D	GAT	D	1703
NC_045512.2	18576	C	G	51113	9011	42	2	1	33	3.9116e-05	51130	1	FALSE	ORF1ab:cds-YP_009724389.1	GAC	D	GAG	E	1703
NC_045512.2	18576	C	A	51113	9011	42	4	1	29	7.8232e-05	51130	1	FALSE	ORF1ab:cds-YP_009724389.1	GAC	D	GAA	E	1703
NC_045512.2	18577	A	T	49524	9139	42	1	0	25	2.01792e-05	49556	1	FALSE	ORF1ab:cds-YP_009724389.1	AGA	R	TGA	*	1704
NC_045512.2	18577	A	G	49524	9139	42	8	5	32	0.000161434	49556	1	FALSE	ORF1ab:cds-YP_009724389.1	AGA	R	GGA	G	1704
NC_045512.2	18577	A	C	49524	9139	42	23	1	26	0.000464121	49556	1	FALSE	ORF1ab:cds-YP_009724389.1	AGA	R	CGA	R	1704
NC_045512.2	18577	A	+G	49524	9139	42	1	0	20	2.01792e-05	49556	1	FALSE	NA	NA	NA	NA	NA	NA
NC_045512.2	18578	G	T	52087	9166	42	2	1	37	3.83936e-05	52092	1	FALSE	ORF1ab:cds-YP_009724389.1	AGA	R	ATA	I	1704
NC_045512.2	18578	G	C	52087	9166	42	1	1	37	1.91968e-05	52092	1	FALSE	ORF1ab:cds-YP_009724389.1	AGA	R	ACA	T	1704
NC_045512.2	18578	G	A	52087	9166	42	2	1	37	3.83936e-05	52092	1	FALSE	ORF1ab:cds-YP_009724389.1	AGA	R	AAA	K	1704
NC_045512.2	18579	A	T	51059	9164	42	3	0	29	5.87441e-05	51069	1	FALSE	ORF1ab:cds-YP_009724389.1	AGA	R	AGT	S	1704
NC_045512.2	18579	A	G	51059	9164	42	6	1	45	0.000117488	51069	0.49996	FALSE	ORF1ab:cds-YP_009724389.1	AGA	R	AGG	R	1704
NC_045512.2	18579	A	C	51059	9164	42	1	0	25	1.95814e-05	51069	1	FALSE	ORF1ab:cds-YP_009724389.1	AGA	R	AGC	S	1704
NC_045512.2	18579	A	-G	51059	9164	42	1	0	20	1.95814e-05	51069	1	FALSE	NA	NA	NA	NA	NA	NA
NC_045512.2	18580	G	T	52156	9166	42	1	0	37	1.91663e-05	52175	1	FALSE	ORF1ab:cds-YP_009724389.1	GTC	V	TTC	F	1705
NC_045512.2	18580	G	C	52156	9166	42	2	0	37	3.83325e-05	52175	1	FALSE	ORF1ab:cds-YP_009724389.1	GTC	V	CTC	L	1705
NC_045512.2	18580	G	A	52156	9166	42	16	6	39	0.00030666	52175	0.999998	FALSE	ORF1ab:cds-YP_009724389.1	GTC	V	ATC	I	1705
NC_045512.2	18581	T	G	50788	9304	42	13	0	29	0.000255825	50816	1	FALSE	ORF1ab:cds-YP_009724389.1	GTC	V	GGC	G	1705
NC_045512.2	18581	T	C	50788	9304	42	8	1	46	0.000157431	50816	0.29028	FALSE	ORF1ab:cds-YP_009724389.1	GTC	V	GCC	A	1705
NC_045512.2	18581	T	A	50788	9304	42	7	0	40	0.000137752	50816	0.386934	FALSE	ORF1ab:cds-YP_009724389.1	GTC	V	GAC	D	1705
NC_045512.2	18582	C	T	51652	9300	42	16	1	36	0.000309633	51674	0.999997	FALSE	ORF1ab:cds-YP_009724389.1	GTC	V	GTT	V	1705
NC_045512.2	18582	C	G	51652	9300	42	2	0	31	3.87042e-05	51674	1	FALSE	ORF1ab:cds-YP_009724389.1	GTC	V	GTG	V	1705
NC_045512.2	18582	C	A	51652	9300	42	4	1	28	7.74084e-05	51674	1	FALSE	ORF1ab:cds-YP_009724389.1	GTC	V	GTA	V	1705
NC_045512.2	18583	G	T	52121	9641	42	3	0	37	5.74878e-05	52185	1	FALSE	ORF1ab:cds-YP_009724389.1	GTA	V	TTA	L	1706
NC_045512.2	18583	G	C	52121	9641	42	1	0	37	1.91626e-05	52185	1	FALSE	ORF1ab:cds-YP_009724389.1	GTA	V	CTA	L	1706
NC_045512.2	18583	G	A	52121	9641	42	60	10	41	0.00114976	52185	2.39645e-13	TRUE	ORF1ab:cds-YP_009724389.1	GTA	V	ATA	I	1706
NC_045512.2	18584	T	G	42288	11346	40	14	1	25	0.000330852	42315	1	FALSE	ORF1ab:cds-YP_009724389.1	GTA	V	GGA	G	1706
NC_045512.2	18584	T	C	42288	11346	40	11	1	34	0.000259955	42315	0.999997	FALSE	ORF1ab:cds-YP_009724389.1	GTA	V	GCA	A	1706
NC_045512.2	18584	T	A	42288	11346	40	2	0	25	4.72646e-05	42315	1	FALSE	ORF1ab:cds-YP_009724389.1	GTA	V	GAA	E	1706
NC_045512.2	18585	A	T	35712	11475	37	2	0	25	5.58176e-05	35831	1	FALSE	ORF1ab:cds-YP_009724389.1	GTA	V	GTT	V	1706
NC_045512.2	18585	A	G	35712	11475	37	1	0	37	2.79088e-05	35831	1	FALSE	ORF1ab:cds-YP_009724389.1	GTA	V	GTG	V	1706
NC_045512.2	18585	A	C	35712	11475	37	116	0	28	0.00323742	35831	1	FALSE	ORF1ab:cds-YP_009724389.1	GTA	V	GTC	V	1706
NC_045512.2	18585	A	-T	35712	11475	37	2	0	20	5.58176e-05	35831	1	FALSE	NA	NA	NA	NA	NA	NA
NC_045512.2	18586	T	G	39026	11390	38	23	1	27	0.000588868	39058	1	FALSE	ORF1ab:cds-YP_009724389.1	TTT	F	GTT	V	1707
NC_045512.2	18586	T	C	39026	11390	38	4	2	30	0.000102412	39058	1	FALSE	ORF1ab:cds-YP_009724389.1	TTT	F	CTT	L	1707
NC_045512.2	18586	T	A	39026	11390	38	5	1	30	0.000128015	39058	1	FALSE	ORF1ab:cds-YP_009724389.1	TTT	F	ATT	I	1707
NC_045512.2	18587	T	G	42256	11938	39	9	5	28	0.000212841	42285	1	FALSE	ORF1ab:cds-YP_009724389.1	TTT	F	TGT	C	1707
NC_045512.2	18587	T	C	42256	11938	39	18	2	33	0.000425683	42285	0.999468	FALSE	ORF1ab:cds-YP_009724389.1	TTT	F	TCT	S	1707
NC_045512.2	18587	T	A	42256	11938	39	2	1	31	4.72981e-05	42285	1	FALSE	ORF1ab:cds-YP_009724389.1	TTT	F	TAT	Y	1707
NC_045512.2	18587	T	+C	42256	11938	39	1	0	20	2.3649e-05	42285	1	FALSE	NA	NA	NA	NA	NA	NA
NC_045512.2	18588	T	G	43166	12196	40	6	6	29	0.000138956	43179	1	FALSE	ORF1ab:cds-YP_009724389.1	TTT	F	TTG	L	1707
NC_045512.2	18588	T	C	43166	12196	40	5	1	39	0.000115797	43179	1	FALSE	ORF1ab:cds-YP_009724389.1	TTT	F	TTC	F	1707
NC_045512.2	18588	T	A	43166	12196	40	2	0	25	4.63188e-05	43179	1	FALSE	ORF1ab:cds-YP_009724389.1	TTT	F	TTA	L	1707
NC_045512.2	18589	G	T	38412	12692	38	25	2	27	0.000650347	38441	1	FALSE	ORF1ab:cds-YP_009724389.1	GTC	V	TTC	F	1708
NC_045512.2	18589	G	C	38412	12692	38	2	0	31	5.20278e-05	38441	1	FALSE	ORF1ab:cds-YP_009724389.1	GTC	V	CTC	L	1708
NC_045512.2	18589	G	A	38412	12692	38	2	0	37	5.20278e-05	38441	1	FALSE	ORF1ab:cds-YP_009724389.1	GTC	V	ATC	I	1708
NC_045512.2	18590	T	G	40971	12635	39	27	0	27	0.000658472	41004	1	FALSE	ORF1ab:cds-YP_009724389.1	GTC	V	GGC	G	1708
NC_045512.2	18590	T	C	40971	12635	39	4	1	34	9.75515e-05	41004	1	FALSE	ORF1ab:cds-YP_009724389.1	GTC	V	GCC	A	1708
NC_045512.2	18590	T	A	40971	12635	39	2	2	31	4.87757e-05	41004	1	FALSE	ORF1ab:cds-YP_009724389.1	GTC	V	GAC	D	1708
NC_045512.2	18591	C	T	34764	12599	36	5	3	51	0.000143736	34786	0.0312096	FALSE	ORF1ab:cds-YP_009724389.1	GTC	V	GTT	V	1708
NC_045512.2	18591	C	G	34764	12599	36	10	0	28	0.000287472	34786	1	FALSE	ORF1ab:cds-YP_009724389.1	GTC	V	GTG	V	1708
NC_045512.2	18591	C	A	34764	12599	36	7	1	26	0.00020123	34786	1	FALSE	ORF1ab:cds-YP_009724389.1	GTC	V	GTA	V	1708
NC_045512.2	18592	T	G	38368	12676	38	35	1	26	0.000910723	38431	1	FALSE	ORF1ab:cds-YP_009724389.1	TTA	L	GTA	V	1709
NC_045512.2	18592	T	C	38368	12676	38	25	2	35	0.000650517	38431	0.961269	FALSE	ORF1ab:cds-YP_009724389.1	TTA	L	CTA	L	1709
NC_045512.2	18592	T	A	38368	12676	38	3	1	33	7.8062e-05	38431	1	FALSE	ORF1ab:cds-YP_009724389.1	TTA	L	ATA	I	1709
NC_045512.2	18593	T	G	41163	12837	40	3	1	33	7.2858e-05	41176	1	FALSE	ORF1ab:cds-YP_009724389.1	TTA	L	TGA	*	1709
NC_045512.2	18593	T	C	41163	12837	40	7	3	35	0.000170002	41176	1	FALSE	ORF1ab:cds-YP_009724389.1	TTA	L	TCA	S	1709
NC_045512.2	18593	T	A	41163	12837	40	3	0	37	7.2858e-05	41176	1	FALSE	ORF1ab:cds-YP_009724389.1	TTA	L	TAA	*	1709
NC_045512.2	18594	A	T	33781	13680	37	2	1	37	5.91856e-05	33792	1	FALSE	ORF1ab:cds-YP_009724389.1	TTA	L	TTT	F	1709
NC_045512.2	18594	A	G	33781	13680	37	6	3	37	0.000177557	33792	0.999999	FALSE	ORF1ab:cds-YP_009724389.1	TTA	L	TTG	L	1709
NC_045512.2	18594	A	C	33781	13680	37	3	1	29	8.87784e-05	33792	1	FALSE	ORF1ab:cds-YP_009724389.1	TTA	L	TTC	F	1709
NC_045512.2	18595	T	G	35025	15176	38	2	2	31	5.70939e-05	35030	1	FALSE	ORF1ab:cds-YP_009724389.1	TGG	W	GGG	G	1710
NC_045512.2	18595	T	C	35025	15176	38	3	0	29	8.56409e-05	35030	1	FALSE	ORF1ab:cds-YP_009724389.1	TGG	W	CGG	R	1710
NC_045512.2	18595	T	-G	35025	15176	38	1	0	20	2.8547e-05	35030	1	FALSE	NA	NA	NA	NA	NA	NA
NC_045512.2	18596	G	T	33530	15548	37	15	1	28	0.000447121	33548	1	FALSE	ORF1ab:cds-YP_009724389.1	TGG	W	TTG	L	1710
NC_045512.2	18596	G	A	33530	15548	37	3	1	32	8.94241e-05	33548	1	FALSE	ORF1ab:cds-YP_009724389.1	TGG	W	TAG	*	1710
NC_045512.2	18597	G	T	35840	15396	38	3	0	33	8.36913e-05	35846	1	FALSE	ORF1ab:cds-YP_009724389.1	TGG	W	TGT	C	1710
NC_045512.2	18597	G	A	35840	15396	38	3	1	29	8.36913e-05	35846	1	FALSE	ORF1ab:cds-YP_009724389.1	TGG	W	TGA	*	1710
NC_045512.2	18598	G	T	37423	15547	38	2	1	31	5.34031e-05	37451	1	FALSE	ORF1ab:cds-YP_009724389.1	GCA	A	TCA	S	1711
NC_045512.2	18598	G	C	37423	15547	38	1	0	37	2.67016e-05	37451	1	FALSE	ORF1ab:cds-YP_009724389.1	GCA	A	CCA	P	1711
NC_045512.2	18598	G	A	37423	15547	38	25	12	36	0.000667539	37451	0.951071	FALSE	ORF1ab:cds-YP_009724389.1	GCA	A	ACA	T	1711
NC_045512.2	18599	C	T	35921	15915	38	13	8	35	0.000361754	35936	0.999643	FALSE	ORF1ab:cds-YP_009724389.1	GCA	A	GTA	V	1711
NC_045512.2	18599	C	A	35921	15915	38	2	2	31	5.56545e-05	35936	1	FALSE	ORF1ab:cds-YP_009724389.1	GCA	A	GAA	E	1711
NC_045512.2	18600	A	T	33967	15750	37	1	1	25	2.94187e-05	33992	1	FALSE	ORF1ab:cds-YP_009724389.1	GCA	A	GCT	A	1711
NC_045512.2	18600	A	G	33967	15750	37	3	2	37	8.82561e-05	33992	1	FALSE	ORF1ab:cds-YP_009724389.1	GCA	A	GCG	A	1711
NC_045512.2	18600	A	C	33967	15750	37	21	0	29	0.000617792	33992	1	FALSE	ORF1ab:cds-YP_009724389.1	GCA	A	GCC	A	1711
NC_045512.2	18601	C	T	35068	15967	37	3	1	49	8.55359e-05	35073	0.656243	FALSE	ORF1ab:cds-YP_009724389.1	CAT	H	TAT	Y	1712
NC_045512.2	18601	C	A	35068	15967	37	2	1	31	5.70239e-05	35073	1	FALSE	ORF1ab:cds-YP_009724389.1	CAT	H	AAT	N	1712
NC_045512.2	18602	A	T	34289	15759	37	2	1	37	5.82768e-05	34319	1	FALSE	ORF1ab:cds-YP_009724389.1	CAT	H	CTT	L	1712
NC_045512.2	18602	A	G	34289	15759	37	13	2	39	0.000378799	34319	0.999455	FALSE	ORF1ab:cds-YP_009724389.1	CAT	H	CGT	R	1712
NC_045512.2	18602	A	C	34289	15759	37	15	3	30	0.000437076	34319	0.998097	FALSE	ORF1ab:cds-YP_009724389.1	CAT	H	CCT	P	1712
NC_045512.2	18603	T	G	33244	15752	37	4	2	29	0.000120254	33263	1	FALSE	ORF1ab:cds-YP_009724389.1	CAT	H	CAG	Q	1712
NC_045512.2	18603	T	C	33244	15752	37	5	3	42	0.000150317	33263	0.363059	FALSE	ORF1ab:cds-YP_009724389.1	CAT	H	CAC	H	1712
NC_045512.2	18603	T	A	33244	15752	37	10	0	28	0.000300634	33263	1	FALSE	ORF1ab:cds-YP_009724389.1	CAT	H	CAA	Q	1712
NC_045512.2	18604	G	T	33567	16095	37	7	2	31	0.000208457	33580	0.999996	FALSE	ORF1ab:cds-YP_009724389.1	GGC	G	TGC	C	1713
NC_045512.2	18604	G	C	33567	16095	37	1	0	25	2.97796e-05	33580	1	FALSE	ORF1ab:cds-YP_009724389.1	GGC	G	CGC	R	1713
NC_045512.2	18604	G	A	33567	16095	37	5	0	34	0.000148898	33580	1	FALSE	ORF1ab:cds-YP_009724389.1	GGC	G	AGC	S	1713
NC_045512.2	18605	G	T	40714	18903	38	2	1	31	4.90773e-05	40752	1	FALSE	ORF1ab:cds-YP_009724389.1	GGC	G	GTC	V	1713
NC_045512.2	18605	G	A	40714	18903	38	36	16	40	0.000883392	40752	9.22471e-08	TRUE	ORF1ab:cds-YP_009724389.1	GGC	G	GAC	D	1713
NC_045512.2	18605	G	-C	40714	18903	38	1	0	20	2.45387e-05	40752	1	FALSE	NA	NA	NA	NA	NA	NA
NC_045512.2	18606	C	T	39032	19185	37	10	8	35	0.000256108	39046	0.999995	FALSE	ORF1ab:cds-YP_009724389.1	GGC	G	GGT	G	1713
NC_045512.2	18606	C	G	39032	19185	37	3	1	25	7.68325e-05	39046	1	FALSE	ORF1ab:cds-YP_009724389.1	GGC	G	GGG	G	1713
NC_045512.2	18606	C	A	39032	19185	37	1	1	37	2.56108e-05	39046	1	FALSE	ORF1ab:cds-YP_009724389.1	GGC	G	GGA	G	1713
NC_045512.2	18606	C	-T	39032	19185	37	2	0	20	5.12203e-05	39047	1	FALSE	NA	NA	NA	NA	NA	NA
NC_045512.2	18607	T	G	38233	19985	37	33	3	30	0.000861956	38285	0.761074	FALSE	ORF1ab:cds-YP_009724389.1	TTT	F	GTT	V	1714
NC_045512.2	18607	T	C	38233	19985	37	13	7	43	0.000339559	38285	0.0105709	FALSE	ORF1ab:cds-YP_009724389.1	TTT	F	CTT	L	1714
NC_045512.2	18607	T	A	38233	19985	37	6	3	37	0.000156719	38285	1	FALSE	ORF1ab:cds-YP_009724389.1	TTT	F	ATT	I	1714
NC_045512.2	18608	T	G	40762	20364	38	11	8	29	0.000269747	40779	1	FALSE	ORF1ab:cds-YP_009724389.1	TTT	F	TGT	C	1714
NC_045512.2	18608	T	C	40762	20364	38	4	4	34	9.80897e-05	40779	1	FALSE	ORF1ab:cds-YP_009724389.1	TTT	F	TCT	S	1714
NC_045512.2	18608	T	A	40762	20364	38	2	1	37	4.90449e-05	40779	1	FALSE	ORF1ab:cds-YP_009724389.1	TTT	F	TAT	Y	1714
NC_045512.2	18609	T	G	41405	20616	38	3	2	25	7.24253e-05	41422	1	FALSE	ORF1ab:cds-YP_009724389.1	TTT	F	TTG	L	1714
NC_045512.2	18609	T	C	41405	20616	38	14	9	36	0.000337985	41422	0.999943	FALSE	ORF1ab:cds-YP_009724389.1	TTT	F	TTC	F	1714
NC_045512.2	18610	G	T	41263	21198	37	7	1	30	0.000169607	41272	1	FALSE	ORF1ab:cds-YP_009724389.1	GAG	E	TAG	*	1715
NC_045512.2	18610	G	A	41263	21198	37	2	0	37	4.8459e-05	41272	1	FALSE	ORF1ab:cds-YP_009724389.1	GAG	E	AAG	K	1715
NC_045512.2	18611	A	T	41173	21125	37	9	2	28	0.000218468	41196	1	FALSE	ORF1ab:cds-YP_009724389.1	GAG	E	GTG	V	1715
NC_045512.2	18611	A	G	41173	21125	37	13	8	39	0.000315565	41196	0.999974	FALSE	ORF1ab:cds-YP_009724389.1	GAG	E	GGG	G	1715
NC_045512.2	18611	A	C	41173	21125	37	1	1	37	2.42742e-05	41196	1	FALSE	ORF1ab:cds-YP_009724389.1	GAG	E	GCG	A	1715
NC_045512.2	18612	G	T	41218	20981	37	5	1	32	0.000121289	41224	1	FALSE	ORF1ab:cds-YP_009724389.1	GAG	E	GAT	D	1715
NC_045512.2	18612	G	A	41218	20981	37	1	0	37	2.42577e-05	41224	1	FALSE	ORF1ab:cds-YP_009724389.1	GAG	E	GAA	E	1715
NC_045512.2	18612	G	-T	41218	20981	37	1	0	20	2.42577e-05	41224	1	FALSE	NA	NA	NA	NA	NA	NA
NC_045512.2	18613	T	G	42754	22411	38	11	1	27	0.00025719	42770	1	FALSE	ORF1ab:cds-YP_009724389.1	TTG	L	GTG	V	1716
NC_045512.2	18613	T	C	42754	22411	38	5	2	33	0.000116904	42770	1	FALSE	ORF1ab:cds-YP_009724389.1	TTG	L	CTG	L	1716
NC_045512.2	18614	T	G	43847	23033	38	2	2	31	4.56048e-05	43855	1	FALSE	ORF1ab:cds-YP_009724389.1	TTG	L	TGG	W	1716
NC_045512.2	18614	T	C	43847	23033	38	3	1	33	6.84073e-05	43855	1	FALSE	ORF1ab:cds-YP_009724389.1	TTG	L	TCG	S	1716
NC_045512.2	18614	T	A	43847	23033	38	3	1	30	6.84073e-05	43855	1	FALSE	ORF1ab:cds-YP_009724389.1	TTG	L	TAG	*	1716
NC_045512.2	18615	G	T	43135	24281	37	8	4	32	0.000185348	43162	1	FALSE	ORF1ab:cds-YP_009724389.1	TTG	L	TTT	F	1716
NC_045512.2	18615	G	C	43135	24281	37	2	2	37	4.63371e-05	43162	1	FALSE	ORF1ab:cds-YP_009724389.1	TTG	L	TTC	F	1716
NC_045512.2	18615	G	A	43135	24281	37	17	11	37	0.000393865	43162	0.999803	FALSE	ORF1ab:cds-YP_009724389.1	TTG	L	TTA	L	1716
NC_045512.2	18616	A	T	42071	24043	37	5	3	29	0.000118804	42086	1	FALSE	ORF1ab:cds-YP_009724389.1	ACA	T	TCA	S	1717
NC_045512.2	18616	A	G	42071	24043	37	7	4	37	0.000166326	42086	1	FALSE	ORF1ab:cds-YP_009724389.1	ACA	T	GCA	A	1717
NC_045512.2	18616	A	C	42071	24043	37	3	3	25	7.12826e-05	42086	1	FALSE	ORF1ab:cds-YP_009724389.1	ACA	T	CCA	P	1717
NC_045512.2	18617	C	T	43008	24566	37	17	7	35	0.000395082	43029	0.999804	FALSE	ORF1ab:cds-YP_009724389.1	ACA	T	ATA	I	1717
NC_045512.2	18617	C	G	43008	24566	37	1	1	25	2.32401e-05	43029	1	FALSE	ORF1ab:cds-YP_009724389.1	ACA	T	AGA	R	1717
NC_045512.2	18617	C	A	43008	24566	37	3	2	33	6.97204e-05	43029	1	FALSE	ORF1ab:cds-YP_009724389.1	ACA	T	AAA	K	1717
NC_045512.2	18618	A	T	42937	23981	37	3	2	45	6.98405e-05	42955	0.773313	FALSE	ORF1ab:cds-YP_009724389.1	ACA	T	ACT	T	1717
NC_045512.2	18618	A	G	42937	23981	37	3	2	37	6.98405e-05	42955	1	FALSE	ORF1ab:cds-YP_009724389.1	ACA	T	ACG	T	1717
NC_045512.2	18618	A	C	42937	23981	37	12	7	28	0.000279362	42955	1	FALSE	ORF1ab:cds-YP_009724389.1	ACA	T	ACC	T	1717
NC_045512.2	18618	A	+G	42937	23981	37	3	0	20	6.98405e-05	42955	1	FALSE	NA	NA	NA	NA	NA	NA
NC_045512.2	18619	T	G	42941	24180	37	4	2	31	9.31229e-05	42954	1	FALSE	ORF1ab:cds-YP_009724389.1	TCT	S	GCT	A	1718
NC_045512.2	18619	T	C	42941	24180	37	5	5	34	0.000116404	42954	1	FALSE	ORF1ab:cds-YP_009724389.1	TCT	S	CCT	P	1718
NC_045512.2	18619	T	A	42941	24180	37	4	4	26	9.31229e-05	42954	1	FALSE	ORF1ab:cds-YP_009724389.1	TCT	S	ACT	T	1718
NC_045512.2	18620	C	T	42496	23592	37	3	1	37	7.05766e-05	42507	1	FALSE	ORF1ab:cds-YP_009724389.1	TCT	S	TTT	F	1718
NC_045512.2	18620	C	A	42496	23592	37	8	4	25	0.000188204	42507	1	FALSE	ORF1ab:cds-YP_009724389.1	TCT	S	TAT	Y	1718
NC_045512.2	18621	T	G	43084	24099	37	11	5	28	0.000255191	43105	1	FALSE	ORF1ab:cds-YP_009724389.1	TCT	S	TCG	S	1718
NC_045512.2	18621	T	C	43084	24099	37	8	4	35	0.000185593	43105	1	FALSE	ORF1ab:cds-YP_009724389.1	TCT	S	TCC	S	1718
NC_045512.2	18621	T	A	43084	24099	37	2	0	25	4.63983e-05	43105	1	FALSE	ORF1ab:cds-YP_009724389.1	TCT	S	TCA	S	1718
NC_045512.2	18622	A	T	44326	23934	37	3	1	29	6.76621e-05	44338	1	FALSE	ORF1ab:cds-YP_009724389.1	ATG	M	TTG	L	1719
NC_045512.2	18622	A	G	44326	23934	37	3	2	49	6.76621e-05	44338	0.773373	FALSE	ORF1ab:cds-YP_009724389.1	ATG	M	GTG	V	1719
NC_045512.2	18622	A	C	44326	23934	37	6	5	27	0.000135324	44338	1	FALSE	ORF1ab:cds-YP_009724389.1	ATG	M	CTG	L	1719
NC_045512.2	18623	T	G	43016	22641	37	32	32	28	0.000743201	43057	1	FALSE	ORF1ab:cds-YP_009724389.1	ATG	M	AGG	R	1719
NC_045512.2	18623	T	C	43016	22641	37	4	3	34	9.29001e-05	43057	1	FALSE	ORF1ab:cds-YP_009724389.1	ATG	M	ACG	T	1719
NC_045512.2	18623	T	A	43016	22641	37	5	2	27	0.000116125	43057	1	FALSE	ORF1ab:cds-YP_009724389.1	ATG	M	AAG	K	1719
NC_045512.2	18624	G	T	44073	24313	37	4	2	31	9.074e-05	44082	1	FALSE	ORF1ab:cds-YP_009724389.1	ATG	M	ATT	I	1719
NC_045512.2	18624	G	C	44073	24313	37	1	1	37	2.2685e-05	44082	1	FALSE	ORF1ab:cds-YP_009724389.1	ATG	M	ATC	I	1719
NC_045512.2	18624	G	A	44073	24313	37	4	2	37	9.074e-05	44082	1	FALSE	ORF1ab:cds-YP_009724389.1	ATG	M	ATA	I	1719
NC_045512.2	18625	A	T	43549	24124	37	10	1	29	0.000229505	43572	1	FALSE	ORF1ab:cds-YP_009724389.1	AAG	K	TAG	*	1720
NC_045512.2	18625	A	G	43549	24124	37	11	6	41	0.000252456	43572	0.059161	FALSE	ORF1ab:cds-YP_009724389.1	AAG	K	GAG	E	1720
NC_045512.2	18625	A	C	43549	24124	37	2	2	31	4.5901e-05	43572	1	FALSE	ORF1ab:cds-YP_009724389.1	AAG	K	CAG	Q	1720
NC_045512.2	18626	A	T	44160	23586	37	9	6	33	0.000203698	44183	1	FALSE	ORF1ab:cds-YP_009724389.1	AAG	K	ATG	M	1720
NC_045512.2	18626	A	G	44160	23586	37	7	2	38	0.000158432	44183	1	FALSE	ORF1ab:cds-YP_009724389.1	AAG	K	AGG	R	1720
NC_045512.2	18626	A	C	44160	23586	37	7	6	26	0.000158432	44183	1	FALSE	ORF1ab:cds-YP_009724389.1	AAG	K	ACG	T	1720
NC_045512.2	18627	G	T	42969	23908	37	2	1	31	4.65214e-05	42991	1	FALSE	ORF1ab:cds-YP_009724389.1	AAG	K	AAT	N	1720
NC_045512.2	18627	G	C	42969	23908	37	1	1	74	2.32607e-05	42991	0.499884	FALSE	ORF1ab:cds-YP_009724389.1	AAG	K	AAC	N	1720
NC_045512.2	18627	G	A	42969	23908	37	19	10	35	0.000441953	42991	0.999069	FALSE	ORF1ab:cds-YP_009724389.1	AAG	K	AAA	K	1720
NC_045512.2	18628	T	G	44281	24366	37	1	1	25	2.25785e-05	44290	1	FALSE	ORF1ab:cds-YP_009724389.1	TAT	Y	GAT	D	1721
NC_045512.2	18628	T	C	44281	24366	37	6	2	37	0.000135471	44290	1	FALSE	ORF1ab:cds-YP_009724389.1	TAT	Y	CAT	H	1721
NC_045512.2	18628	T	A	44281	24366	37	2	1	25	4.51569e-05	44290	1	FALSE	ORF1ab:cds-YP_009724389.1	TAT	Y	AAT	N	1721
NC_045512.2	18629	A	T	43634	24602	37	2	1	37	4.58264e-05	43643	1	FALSE	ORF1ab:cds-YP_009724389.1	TAT	Y	TTT	F	1721
NC_045512.2	18629	A	G	43634	24602	37	6	5	35	0.000137479	43643	1	FALSE	ORF1ab:cds-YP_009724389.1	TAT	Y	TGT	C	1721
NC_045512.2	18629	A	C	43634	24602	37	1	0	37	2.29132e-05	43643	1	FALSE	ORF1ab:cds-YP_009724389.1	TAT	Y	TCT	S	1721
NC_045512.2	18629	A	+T	43634	24602	37	2	0	20	4.58264e-05	43643	1	FALSE	NA	NA	NA	NA	NA	NA
NC_045512.2	18630	T	G	43321	24368	37	1	0	25	2.30803e-05	43327	1	FALSE	ORF1ab:cds-YP_009724389.1	TAT	Y	TAG	*	1721
NC_045512.2	18630	T	C	43321	24368	37	4	2	46	9.23212e-05	43327	0.636712	FALSE	ORF1ab:cds-YP_009724389.1	TAT	Y	TAC	Y	1721
NC_045512.2	18630	T	A	43321	24368	37	1	1	37	2.30803e-05	43327	1	FALSE	ORF1ab:cds-YP_009724389.1	TAT	Y	TAA	*	1721
NC_045512.2	18631	T	G	42028	23150	37	1	0	25	2.37852e-05	42043	1	FALSE	ORF1ab:cds-YP_009724389.1	TTT	F	GTT	V	1722
NC_045512.2	18631	T	C	42028	23150	37	7	3	33	0.000166496	42043	1	FALSE	ORF1ab:cds-YP_009724389.1	TTT	F	CTT	L	1722
NC_045512.2	18631	T	A	42028	23150	37	7	7	26	0.000166496	42043	1	FALSE	ORF1ab:cds-YP_009724389.1	TTT	F	ATT	I	1722
NC_045512.2	18632	T	G	43302	23972	37	3	3	33	6.92649e-05	43312	1	FALSE	ORF1ab:cds-YP_009724389.1	TTT	F	TGT	C	1722
NC_045512.2	18632	T	C	43302	23972	37	5	3	34	0.000115441	43312	1	FALSE	ORF1ab:cds-YP_009724389.1	TTT	F	TCT	S	1722
NC_045512.2	18632	T	A	43302	23972	37	2	0	37	4.61766e-05	43312	1	FALSE	ORF1ab:cds-YP_009724389.1	TTT	F	TAT	Y	1722
NC_045512.2	18633	T	G	44065	24670	37	2	2	25	4.53741e-05	44078	1	FALSE	ORF1ab:cds-YP_009724389.1	TTT	F	TTG	L	1722
NC_045512.2	18633	T	C	44065	24670	37	9	5	38	0.000204183	44078	1	FALSE	ORF1ab:cds-YP_009724389.1	TTT	F	TTC	F	1722
NC_045512.2	18633	T	A	44065	24670	37	2	2	31	4.53741e-05	44078	1	FALSE	ORF1ab:cds-YP_009724389.1	TTT	F	TTA	L	1722
NC_045512.2	18634	G	T	42626	25182	37	10	2	28	0.000234511	42642	1	FALSE	ORF1ab:cds-YP_009724389.1	GTG	V	TTG	L	1723
NC_045512.2	18634	G	A	42626	25182	37	6	2	35	0.000140706	42642	1	FALSE	ORF1ab:cds-YP_009724389.1	GTG	V	ATG	M	1723
NC_045512.2	18636	G	T	43587	25531	37	1	0	25	2.29421e-05	43588	1	FALSE	ORF1ab:cds-YP_009724389.1	GTG	V	GTT	V	1723
NC_045512.2	18636	G	-A	43587	25531	37	3	0	20	6.88263e-05	43588	1	FALSE	NA	NA	NA	NA	NA	NA
NC_045512.2	18636	G	+A	43587	25531	37	2	0	20	4.58842e-05	43588	1	FALSE	NA	NA	NA	NA	NA	NA
NC_045512.2	18637	A	T	42982	25556	37	3	1	34	6.97642e-05	43002	1	FALSE	ORF1ab:cds-YP_009724389.1	AAA	K	TAA	*	1724
NC_045512.2	18637	A	G	42982	25556	37	17	10	36	0.00039533	43002	0.999804	FALSE	ORF1ab:cds-YP_009724389.1	AAA	K	GAA	E	1724
NC_045512.2	18638	A	T	43724	25211	37	1	1	37	2.28624e-05	43740	1	FALSE	ORF1ab:cds-YP_009724389.1	AAA	K	ATA	I	1724
NC_045512.2	18638	A	G	43724	25211	37	14	11	35	0.000320073	43740	0.999977	FALSE	ORF1ab:cds-YP_009724389.1	AAA	K	AGA	R	1724
NC_045512.2	18638	A	C	43724	25211	37	1	0	25	2.28624e-05	43740	1	FALSE	ORF1ab:cds-YP_009724389.1	AAA	K	ACA	T	1724
NC_045512.2	18639	A	G	43746	25380	37	6	2	33	0.000137133	43753	1	FALSE	ORF1ab:cds-YP_009724389.1	AAA	K	AAG	K	1724
NC_045512.2	18639	A	C	43746	25380	37	1	1	25	2.28556e-05	43753	1	FALSE	ORF1ab:cds-YP_009724389.1	AAA	K	AAC	N	1724
NC_045512.2	18640	A	G	44038	25518	37	2	1	37	4.54122e-05	44041	1	FALSE	ORF1ab:cds-YP_009724389.1	ATA	I	GTA	V	1725
NC_045512.2	18640	A	C	44038	25518	37	1	0	37	2.27061e-05	44041	1	FALSE	ORF1ab:cds-YP_009724389.1	ATA	I	CTA	L	1725
NC_045512.2	18641	T	G	44545	25933	37	2	2	31	4.48904e-05	44553	1	FALSE	ORF1ab:cds-YP_009724389.1	ATA	I	AGA	R	1725
NC_045512.2	18641	T	C	44545	25933	37	5	3	37	0.000112226	44553	1	FALSE	ORF1ab:cds-YP_009724389.1	ATA	I	ACA	T	1725
NC_045512.2	18641	T	A	44545	25933	37	1	0	25	2.24452e-05	44553	1	FALSE	ORF1ab:cds-YP_009724389.1	ATA	I	AAA	K	1725
NC_045512.2	18642	A	T	45357	26597	37	1	1	37	2.20371e-05	45378	1	FALSE	ORF1ab:cds-YP_009724389.1	ATA	I	ATT	I	1725
NC_045512.2	18642	A	G	45357	26597	37	19	11	35	0.000418705	45378	0.999693	FALSE	ORF1ab:cds-YP_009724389.1	ATA	I	ATG	M	1725
NC_045512.2	18642	A	C	45357	26597	37	1	1	37	2.20371e-05	45378	1	FALSE	ORF1ab:cds-YP_009724389.1	ATA	I	ATC	I	1725
NC_045512.2	18643	G	T	44410	26408	37	33	17	37	0.000742424	44449	0.914485	FALSE	ORF1ab:cds-YP_009724389.1	GGA	G	TGA	*	1726
NC_045512.2	18643	G	A	44410	26408	37	6	3	37	0.000134986	44449	1	FALSE	ORF1ab:cds-YP_009724389.1	GGA	G	AGA	R	1726
NC_045512.2	18644	G	T	45527	26413	37	2	1	31	4.39261e-05	45531	1	FALSE	ORF1ab:cds-YP_009724389.1	GGA	G	GTA	V	1726
NC_045512.2	18644	G	C	45527	26413	37	1	0	37	2.19631e-05	45531	1	FALSE	ORF1ab:cds-YP_009724389.1	GGA	G	GCA	A	1726
NC_045512.2	18644	G	A	45527	26413	37	1	1	37	2.19631e-05	45531	1	FALSE	ORF1ab:cds-YP_009724389.1	GGA	G	GAA	E	1726
NC_045512.2	18645	A	T	44929	26173	37	3	1	29	6.67275e-05	44959	1	FALSE	ORF1ab:cds-YP_009724389.1	GGA	G	GGT	G	1726
NC_045512.2	18645	A	G	44929	26173	37	23	11	36	0.000511577	44959	0.996634	FALSE	ORF1ab:cds-YP_009724389.1	GGA	G	GGG	G	1726
NC_045512.2	18645	A	C	44929	26173	37	4	4	25	8.897e-05	44959	1	FALSE	ORF1ab:cds-YP_009724389.1	GGA	G	GGC	G	1726
NC_045512.2	18646	C	T	45025	26583	37	2	1	37	4.44178e-05	45027	1	FALSE	ORF1ab:cds-YP_009724389.1	CCT	P	TCT	S	1727
NC_045512.2	18647	C	A	45565	26836	37	4	2	37	8.7779e-05	45569	1	FALSE	ORF1ab:cds-YP_009724389.1	CCT	P	CAT	H	1727
NC_045512.2	18648	T	G	43184	24757	37	3	2	33	6.94396e-05	43203	1	FALSE	ORF1ab:cds-YP_009724389.1	CCT	P	CCG	P	1727
NC_045512.2	18648	T	C	43184	24757	37	12	7	42	0.000277758	43203	0.0383697	FALSE	ORF1ab:cds-YP_009724389.1	CCT	P	CCC	P	1727
NC_045512.2	18648	T	A	43184	24757	37	4	1	33	9.25862e-05	43203	1	FALSE	ORF1ab:cds-YP_009724389.1	CCT	P	CCA	P	1727
NC_045512.2	18649	G	A	45227	25840	37	4	1	34	8.84349e-05	45231	1	FALSE	ORF1ab:cds-YP_009724389.1	GAG	E	AAG	K	1728
NC_045512.2	18650	A	T	44238	25154	37	2	0	25	4.51926e-05	44255	1	FALSE	ORF1ab:cds-YP_009724389.1	GAG	E	GTG	V	1728
NC_045512.2	18650	A	G	44238	25154	37	10	8	35	0.000225963	44255	1	FALSE	ORF1ab:cds-YP_009724389.1	GAG	E	GGG	G	1728
NC_045512.2	18650	A	C	44238	25154	37	5	4	32	0.000112982	44255	1	FALSE	ORF1ab:cds-YP_009724389.1	GAG	E	GCG	A	1728
NC_045512.2	18651	G	T	44528	25425	37	4	2	36	8.9819e-05	44534	1	FALSE	ORF1ab:cds-YP_009724389.1	GAG	E	GAT	D	1728
NC_045512.2	18651	G	A	44528	25425	37	2	1	37	4.49095e-05	44534	1	FALSE	ORF1ab:cds-YP_009724389.1	GAG	E	GAA	E	1728
NC_045512.2	18652	C	T	45847	26790	37	26	15	37	0.000566708	45879	0.991513	FALSE	ORF1ab:cds-YP_009724389.1	CGC	R	TGC	C	1729
NC_045512.2	18652	C	A	45847	26790	37	6	6	37	0.000130779	45879	1	FALSE	ORF1ab:cds-YP_009724389.1	CGC	R	AGC	S	1729
NC_045512.2	18653	G	T	45268	26178	37	2	2	25	4.41092e-05	45342	1	FALSE	ORF1ab:cds-YP_009724389.1	CGC	R	CTC	L	1729
NC_045512.2	18653	G	C	45268	26178	37	1	1	37	2.20546e-05	45342	1	FALSE	ORF1ab:cds-YP_009724389.1	CGC	R	CCC	P	1729
NC_045512.2	18653	G	A	45268	26178	37	71	42	37	0.00156588	45342	0.00989402	TRUE	ORF1ab:cds-YP_009724389.1	CGC	R	CAC	H	1729
NC_045512.2	18653	G	-CA	45268	26178	37	1	0	20	2.20546e-05	45342	1	FALSE	NA	NA	NA	NA	NA	NA
NC_045512.2	18654	C	T	49255	28685	37	9	4	35	0.000182678	49267	1	FALSE	ORF1ab:cds-YP_009724389.1	CGC	R	CGT	R	1729
NC_045512.2	18654	C	G	49255	28685	37	1	1	37	2.02976e-05	49267	1	FALSE	ORF1ab:cds-YP_009724389.1	CGC	R	CGG	R	1729
NC_045512.2	18654	C	A	49255	28685	37	2	0	25	4.05951e-05	49267	1	FALSE	ORF1ab:cds-YP_009724389.1	CGC	R	CGA	R	1729
NC_045512.2	18655	A	T	48467	28032	37	4	3	34	8.24895e-05	48491	1	FALSE	ORF1ab:cds-YP_009724389.1	ACC	T	TCC	S	1730
NC_045512.2	18655	A	G	48467	28032	37	10	8	35	0.000206224	48491	1	FALSE	ORF1ab:cds-YP_009724389.1	ACC	T	GCC	A	1730
NC_045512.2	18655	A	C	48467	28032	37	10	4	25	0.000206224	48491	1	FALSE	ORF1ab:cds-YP_009724389.1	ACC	T	CCC	P	1730
NC_045512.2	18656	C	T	51904	28895	37	8	2	41	0.000154095	51916	0.290479	FALSE	ORF1ab:cds-YP_009724389.1	ACC	T	ATC	I	1730
NC_045512.2	18656	C	G	51904	28895	37	1	1	25	1.92619e-05	51916	1	FALSE	ORF1ab:cds-YP_009724389.1	ACC	T	AGC	S	1730
NC_045512.2	18656	C	A	51904	28895	37	3	2	45	5.77857e-05	51916	0.855428	FALSE	ORF1ab:cds-YP_009724389.1	ACC	T	AAC	N	1730
NC_045512.2	18657	C	T	52670	29097	37	2	1	37	3.79651e-05	52680	1	FALSE	ORF1ab:cds-YP_009724389.1	ACC	T	ACT	T	1730
NC_045512.2	18657	C	A	52670	29097	37	8	6	37	0.00015186	52680	1	FALSE	ORF1ab:cds-YP_009724389.1	ACC	T	ACA	T	1730
NC_045512.2	18658	T	G	50692	27670	37	6	2	29	0.00011828	50727	1	FALSE	ORF1ab:cds-YP_009724389.1	TGT	C	GGT	G	1731
NC_045512.2	18658	T	C	50692	27670	37	23	12	39	0.000453407	50727	0.999543	FALSE	ORF1ab:cds-YP_009724389.1	TGT	C	CGT	R	1731
NC_045512.2	18658	T	A	50692	27670	37	6	4	28	0.00011828	50727	1	FALSE	ORF1ab:cds-YP_009724389.1	TGT	C	AGT	S	1731
NC_045512.2	18659	G	T	52558	28408	37	2	2	37	3.80243e-05	52598	1	FALSE	ORF1ab:cds-YP_009724389.1	TGT	C	TTT	F	1731
NC_045512.2	18659	G	C	52558	28408	37	1	1	37	1.90121e-05	52598	1	FALSE	ORF1ab:cds-YP_009724389.1	TGT	C	TCT	S	1731
NC_045512.2	18659	G	A	52558	28408	37	37	16	36	0.000703449	52598	0.95539	FALSE	ORF1ab:cds-YP_009724389.1	TGT	C	TAT	Y	1731
NC_045512.2	18660	T	G	49982	27327	37	16	16	28	0.000319968	50005	1	FALSE	ORF1ab:cds-YP_009724389.1	TGT	C	TGG	W	1731
NC_045512.2	18660	T	C	49982	27327	37	7	5	35	0.000139986	50005	1	FALSE	ORF1ab:cds-YP_009724389.1	TGT	C	TGC	C	1731
NC_045512.2	18661	T	G	50688	27596	37	10	10	28	0.000197211	50707	1	FALSE	ORF1ab:cds-YP_009724389.1	TGT	C	GGT	G	1732
NC_045512.2	18661	T	C	50688	27596	37	8	4	40	0.000157769	50707	0.290391	FALSE	ORF1ab:cds-YP_009724389.1	TGT	C	CGT	R	1732
NC_045512.2	18661	T	A	50688	27596	37	1	0	37	1.97211e-05	50707	1	FALSE	ORF1ab:cds-YP_009724389.1	TGT	C	AGT	S	1732
NC_045512.2	18662	G	T	50961	27805	37	6	4	31	0.000117702	50976	1	FALSE	ORF1ab:cds-YP_009724389.1	TGT	C	TTT	F	1732
NC_045512.2	18662	G	C	50961	27805	37	2	2	37	3.92341e-05	50976	1	FALSE	ORF1ab:cds-YP_009724389.1	TGT	C	TCT	S	1732
NC_045512.2	18662	G	A	50961	27805	37	7	5	37	0.00013732	50976	1	FALSE	ORF1ab:cds-YP_009724389.1	TGT	C	TAT	Y	1732
NC_045512.2	18663	T	G	48831	25817	37	1	1	37	2.04771e-05	48835	1	FALSE	ORF1ab:cds-YP_009724389.1	TGT	C	TGG	W	1732
NC_045512.2	18663	T	C	48831	25817	37	1	1	37	2.04771e-05	48835	1	FALSE	ORF1ab:cds-YP_009724389.1	TGT	C	TGC	C	1732
NC_045512.2	18663	T	A	48831	25817	37	2	1	31	4.09542e-05	48835	1	FALSE	ORF1ab:cds-YP_009724389.1	TGT	C	TGA	*	1732
NC_045512.2	18664	C	T	49470	26465	37	16	12	37	0.000323278	49493	0.999992	FALSE	ORF1ab:cds-YP_009724389.1	CTA	L	TTA	L	1733
NC_045512.2	18664	C	G	49470	26465	37	1	1	37	2.02049e-05	49493	1	FALSE	ORF1ab:cds-YP_009724389.1	CTA	L	GTA	V	1733
NC_045512.2	18664	C	A	49470	26465	37	6	4	33	0.000121229	49493	1	FALSE	ORF1ab:cds-YP_009724389.1	CTA	L	ATA	I	1733
NC_045512.2	18665	T	G	47765	24556	37	4	3	34	8.37135e-05	47782	1	FALSE	ORF1ab:cds-YP_009724389.1	CTA	L	CGA	R	1733
NC_045512.2	18665	T	C	47765	24556	37	13	5	36	0.000272069	47782	0.999998	FALSE	ORF1ab:cds-YP_009724389.1	CTA	L	CCA	P	1733
NC_045512.2	18666	A	T	47630	24509	37	2	1	31	4.19824e-05	47639	1	FALSE	ORF1ab:cds-YP_009724389.1	CTA	L	CTT	L	1733
NC_045512.2	18666	A	G	47630	24509	37	3	2	49	6.29736e-05	47639	0.773403	FALSE	ORF1ab:cds-YP_009724389.1	CTA	L	CTG	L	1733
NC_045512.2	18666	A	C	47630	24509	37	4	0	34	8.39648e-05	47639	1	FALSE	ORF1ab:cds-YP_009724389.1	CTA	L	CTC	L	1733
NC_045512.2	18667	T	G	47462	24359	37	6	2	27	0.000126374	47478	1	FALSE	ORF1ab:cds-YP_009724389.1	TGT	C	GGT	G	1734
NC_045512.2	18667	T	C	47462	24359	37	7	6	37	0.000147437	47478	1	FALSE	ORF1ab:cds-YP_009724389.1	TGT	C	CGT	R	1734
NC_045512.2	18667	T	A	47462	24359	37	3	1	29	6.31872e-05	47478	1	FALSE	ORF1ab:cds-YP_009724389.1	TGT	C	AGT	S	1734
NC_045512.2	18668	G	T	48558	24669	37	2	1	31	4.11802e-05	48567	1	FALSE	ORF1ab:cds-YP_009724389.1	TGT	C	TTT	F	1734
NC_045512.2	18668	G	A	48558	24669	37	7	4	35	0.000144131	48567	1	FALSE	ORF1ab:cds-YP_009724389.1	TGT	C	TAT	Y	1734
NC_045512.2	18669	T	G	48189	24891	37	6	4	27	0.000124458	48209	1	FALSE	ORF1ab:cds-YP_009724389.1	TGT	C	TGG	W	1734
NC_045512.2	18669	T	C	48189	24891	37	8	5	35	0.000165944	48209	1	FALSE	ORF1ab:cds-YP_009724389.1	TGT	C	TGC	C	1734
NC_045512.2	18669	T	A	48189	24891	37	6	3	35	0.000124458	48209	1	FALSE	ORF1ab:cds-YP_009724389.1	TGT	C	TGA	*	1734
NC_045512.2	18670	G	T	48643	24871	37	1	1	25	2.05554e-05	48649	1	FALSE	ORF1ab:cds-YP_009724389.1	GAT	D	TAT	Y	1735
NC_045512.2	18670	G	A	48643	24871	37	5	2	34	0.000102777	48649	1	FALSE	ORF1ab:cds-YP_009724389.1	GAT	D	AAT	N	1735
NC_045512.2	18671	A	T	47673	24352	37	3	0	37	6.29181e-05	47681	1	FALSE	ORF1ab:cds-YP_009724389.1	GAT	D	GTT	V	1735
NC_045512.2	18671	A	G	47673	24352	37	4	1	37	8.38909e-05	47681	1	FALSE	ORF1ab:cds-YP_009724389.1	GAT	D	GGT	G	1735
NC_045512.2	18671	A	C	47673	24352	37	1	0	25	2.09727e-05	47681	1	FALSE	ORF1ab:cds-YP_009724389.1	GAT	D	GCT	A	1735
NC_045512.2	18672	T	G	47124	23730	37	3	2	33	6.3647e-05	47135	1	FALSE	ORF1ab:cds-YP_009724389.1	GAT	D	GAG	E	1735
NC_045512.2	18672	T	C	47124	23730	37	5	3	37	0.000106078	47135	1	FALSE	ORF1ab:cds-YP_009724389.1	GAT	D	GAC	D	1735
NC_045512.2	18672	T	A	47124	23730	37	3	1	45	6.3647e-05	47135	0.773385	FALSE	ORF1ab:cds-YP_009724389.1	GAT	D	GAA	E	1735
NC_045512.2	18673	A	T	47137	24010	37	4	3	34	8.4814e-05	47162	1	FALSE	ORF1ab:cds-YP_009724389.1	AGA	R	TGA	*	1736
NC_045512.2	18673	A	G	47137	24010	37	17	7	40	0.00036046	47162	0.00359201	TRUE	ORF1ab:cds-YP_009724389.1	AGA	R	GGA	G	1736
NC_045512.2	18673	A	C	47137	24010	37	4	1	27	8.4814e-05	47162	1	FALSE	ORF1ab:cds-YP_009724389.1	AGA	R	CGA	R	1736
NC_045512.2	18674	G	T	47062	24227	37	6	2	33	0.000127459	47074	1	FALSE	ORF1ab:cds-YP_009724389.1	AGA	R	ATA	I	1736
NC_045512.2	18674	G	C	47062	24227	37	1	0	37	2.12431e-05	47074	1	FALSE	ORF1ab:cds-YP_009724389.1	AGA	R	ACA	T	1736
NC_045512.2	18674	G	A	47062	24227	37	5	5	37	0.000106216	47074	1	FALSE	ORF1ab:cds-YP_009724389.1	AGA	R	AAA	K	1736
NC_045512.2	18675	A	T	48008	24908	37	4	3	34	8.32969e-05	48021	1	FALSE	ORF1ab:cds-YP_009724389.1	AGA	R	AGT	S	1736
NC_045512.2	18675	A	G	48008	24908	37	9	6	37	0.000187418	48021	1	FALSE	ORF1ab:cds-YP_009724389.1	AGA	R	AGG	R	1736
NC_045512.2	18676	C	T	48497	25264	37	21	11	38	0.000432811	48520	0.999683	FALSE	ORF1ab:cds-YP_009724389.1	CGT	R	TGT	C	1737
NC_045512.2	18676	C	G	48497	25264	37	1	0	25	2.06101e-05	48520	1	FALSE	ORF1ab:cds-YP_009724389.1	CGT	R	GGT	G	1737
NC_045512.2	18676	C	A	48497	25264	37	1	0	25	2.06101e-05	48520	1	FALSE	ORF1ab:cds-YP_009724389.1	CGT	R	AGT	S	1737
NC_045512.2	18677	G	T	48317	25193	37	3	2	31	6.20514e-05	48347	1	FALSE	ORF1ab:cds-YP_009724389.1	CGT	R	CTT	L	1737
NC_045512.2	18677	G	C	48317	25193	37	1	1	37	2.06838e-05	48347	1	FALSE	ORF1ab:cds-YP_009724389.1	CGT	R	CCT	P	1737
NC_045512.2	18677	G	A	48317	25193	37	26	16	37	0.000537779	48347	0.996466	FALSE	ORF1ab:cds-YP_009724389.1	CGT	R	CAT	H	1737
NC_045512.2	18678	T	C	47972	24769	38	8	6	35	0.000166726	47983	1	FALSE	ORF1ab:cds-YP_009724389.1	CGT	R	CGC	R	1737
NC_045512.2	18678	T	A	47972	24769	38	3	0	29	6.25221e-05	47983	1	FALSE	ORF1ab:cds-YP_009724389.1	CGT	R	CGA	R	1737
NC_045512.2	18678	T	-G	47972	24769	38	1	0	20	2.08407e-05	47983	1	FALSE	NA	NA	NA	NA	NA	NA
NC_045512.2	18679	G	A	48152	24904	37	46	16	36	0.000954396	48198	0.621463	FALSE	ORF1ab:cds-YP_009724389.1	GCC	A	ACC	T	1738
NC_045512.2	18679	G	-C	48152	24904	37	1	0	20	2.07473e-05	48199	1	FALSE	NA	NA	NA	NA	NA	NA
NC_045512.2	18680	C	T	48012	25078	37	26	13	36	0.000541204	48041	0.996466	FALSE	ORF1ab:cds-YP_009724389.1	GCC	A	GTC	V	1738
NC_045512.2	18680	C	G	48012	25078	37	1	1	37	2.08156e-05	48041	1	FALSE	ORF1ab:cds-YP_009724389.1	GCC	A	GGC	G	1738
NC_045512.2	18680	C	A	48012	25078	37	2	0	31	4.16311e-05	48041	1	FALSE	ORF1ab:cds-YP_009724389.1	GCC	A	GAC	D	1738
NC_045512.2	18681	C	T	47932	25323	37	3	0	37	6.25834e-05	47936	1	FALSE	ORF1ab:cds-YP_009724389.1	GCC	A	GCT	A	1738
NC_045512.2	18681	C	A	47932	25323	37	1	1	25	2.08611e-05	47936	1	FALSE	ORF1ab:cds-YP_009724389.1	GCC	A	GCA	A	1738
NC_045512.2	18682	A	T	48060	25803	37	6	6	31	0.000124797	48078	1	FALSE	ORF1ab:cds-YP_009724389.1	ACA	T	TCA	S	1739
NC_045512.2	18682	A	G	48060	25803	37	5	2	32	0.000103998	48078	1	FALSE	ORF1ab:cds-YP_009724389.1	ACA	T	GCA	A	1739
NC_045512.2	18682	A	C	48060	25803	37	7	3	26	0.000145597	48078	1	FALSE	ORF1ab:cds-YP_009724389.1	ACA	T	CCA	P	1739
NC_045512.2	18684	A	T	46955	25884	37	6	6	35	0.000127741	46970	1	FALSE	ORF1ab:cds-YP_009724389.1	ACA	T	ACT	T	1739
NC_045512.2	18684	A	G	46955	25884	37	7	3	42	0.000149031	46970	0.274318	FALSE	ORF1ab:cds-YP_009724389.1	ACA	T	ACG	T	1739
NC_045512.2	18684	A	C	46955	25884	37	2	2	31	4.25804e-05	46970	1	FALSE	ORF1ab:cds-YP_009724389.1	ACA	T	ACC	T	1739
NC_045512.2	18684	A	-T	46955	25884	37	2	0	20	4.25804e-05	46970	1	FALSE	NA	NA	NA	NA	NA	NA
NC_045512.2	18685	T	G	47147	26155	37	2	2	37	4.24115e-05	47157	1	FALSE	ORF1ab:cds-YP_009724389.1	TGC	C	GGC	G	1740
NC_045512.2	18685	T	C	47147	26155	37	7	4	33	0.00014844	47157	1	FALSE	ORF1ab:cds-YP_009724389.1	TGC	C	CGC	R	1740
NC_045512.2	18685	T	A	47147	26155	37	1	0	25	2.12058e-05	47157	1	FALSE	ORF1ab:cds-YP_009724389.1	TGC	C	AGC	S	1740
NC_045512.2	18686	G	T	47533	26157	37	3	2	26	6.30703e-05	47566	1	FALSE	ORF1ab:cds-YP_009724389.1	TGC	C	TTC	F	1740
NC_045512.2	18686	G	A	47533	26157	37	30	17	38	0.000630703	47566	0.980261	FALSE	ORF1ab:cds-YP_009724389.1	TGC	C	TAC	Y	1740
NC_045512.2	18687	C	T	48066	26263	37	30	17	34	0.000623714	48099	0.984633	FALSE	ORF1ab:cds-YP_009724389.1	TGC	C	TGT	C	1740
NC_045512.2	18687	C	G	48066	26263	37	1	0	37	2.07905e-05	48099	1	FALSE	ORF1ab:cds-YP_009724389.1	TGC	C	TGG	W	1740
NC_045512.2	18687	C	A	48066	26263	37	2	1	31	4.15809e-05	48099	1	FALSE	ORF1ab:cds-YP_009724389.1	TGC	C	TGA	*	1740
NC_045512.2	18687	C	-T	48066	26263	37	42	0	20	0.000873199	48099	1	FALSE	NA	NA	NA	NA	NA	NA
NC_045512.2	18688	T	G	47984	25807	37	2	0	31	4.16458e-05	48024	1	FALSE	ORF1ab:cds-YP_009724389.1	TTT	F	GTT	V	1741
NC_045512.2	18688	T	C	47984	25807	37	30	17	37	0.000624688	48024	0.984462	FALSE	ORF1ab:cds-YP_009724389.1	TTT	F	CTT	L	1741
NC_045512.2	18688	T	A	47984	25807	37	8	4	29	0.000166583	48024	1	FALSE	ORF1ab:cds-YP_009724389.1	TTT	F	ATT	I	1741
NC_045512.2	18689	T	G	48150	26565	37	2	1	31	4.153e-05	48158	1	FALSE	ORF1ab:cds-YP_009724389.1	TTT	F	TGT	C	1741
NC_045512.2	18689	T	C	48150	26565	37	5	4	32	0.000103825	48158	1	FALSE	ORF1ab:cds-YP_009724389.1	TTT	F	TCT	S	1741
NC_045512.2	18689	T	A	48150	26565	37	1	0	25	2.0765e-05	48158	1	FALSE	ORF1ab:cds-YP_009724389.1	TTT	F	TAT	Y	1741
NC_045512.2	18690	T	G	47613	26096	37	12	8	28	0.000251916	47635	1	FALSE	ORF1ab:cds-YP_009724389.1	TTT	F	TTG	L	1741
NC_045512.2	18690	T	C	47613	26096	37	9	6	34	0.000188937	47635	1	FALSE	ORF1ab:cds-YP_009724389.1	TTT	F	TTC	F	1741
NC_045512.2	18690	T	A	47613	26096	37	1	0	37	2.0993e-05	47635	1	FALSE	ORF1ab:cds-YP_009724389.1	TTT	F	TTA	L	1741
NC_045512.2	18691	T	G	48950	27144	38	1	1	25	2.04253e-05	48959	1	FALSE	ORF1ab:cds-YP_009724389.1	TCC	S	GCC	A	1742
NC_045512.2	18691	T	C	48950	27144	38	8	3	41	0.000163402	48959	0.193833	FALSE	ORF1ab:cds-YP_009724389.1	TCC	S	CCC	P	1742
NC_045512.2	18692	C	T	49284	27757	38	6	0	35	0.000121721	49293	1	FALSE	ORF1ab:cds-YP_009724389.1	TCC	S	TTC	F	1742
NC_045512.2	18692	C	A	49284	27757	38	3	2	29	6.08606e-05	49293	1	FALSE	ORF1ab:cds-YP_009724389.1	TCC	S	TAC	Y	1742
NC_045512.2	18693	C	T	49089	27903	38	2	1	31	4.0739e-05	49093	1	FALSE	ORF1ab:cds-YP_009724389.1	TCC	S	TCT	S	1742
NC_045512.2	18693	C	A	49089	27903	38	2	1	31	4.0739e-05	49093	1	FALSE	ORF1ab:cds-YP_009724389.1	TCC	S	TCA	S	1742
NC_045512.2	18694	A	T	47888	26768	37	2	2	37	4.17528e-05	47901	1	FALSE	ORF1ab:cds-YP_009724389.1	ACT	T	TCT	S	1743
NC_045512.2	18694	A	G	47888	26768	37	8	6	35	0.000167011	47901	1	FALSE	ORF1ab:cds-YP_009724389.1	ACT	T	GCT	A	1743
NC_045512.2	18694	A	C	47888	26768	37	3	2	29	6.26292e-05	47901	1	FALSE	ORF1ab:cds-YP_009724389.1	ACT	T	CCT	P	1743
NC_045512.2	18695	C	T	49062	27705	38	31	17	38	0.000631416	49096	0.983532	FALSE	ORF1ab:cds-YP_009724389.1	ACT	T	ATT	I	1743
NC_045512.2	18695	C	A	49062	27705	38	3	2	37	6.11048e-05	49096	1	FALSE	ORF1ab:cds-YP_009724389.1	ACT	T	AAT	N	1743
NC_045512.2	18696	T	G	46834	25534	38	4	4	29	8.53825e-05	46848	1	FALSE	ORF1ab:cds-YP_009724389.1	ACT	T	ACG	T	1743
NC_045512.2	18696	T	C	46834	25534	38	7	4	35	0.000149419	46848	1	FALSE	ORF1ab:cds-YP_009724389.1	ACT	T	ACC	T	1743
NC_045512.2	18696	T	A	46834	25534	38	3	2	49	6.40369e-05	46848	0.773359	FALSE	ORF1ab:cds-YP_009724389.1	ACT	T	ACA	T	1743
NC_045512.2	18697	G	T	48741	25896	38	2	2	37	4.0992e-05	48790	1	FALSE	ORF1ab:cds-YP_009724389.1	GCT	A	TCT	S	1744
NC_045512.2	18697	G	A	48741	25896	38	47	24	38	0.000963312	48790	0.581222	FALSE	ORF1ab:cds-YP_009724389.1	GCT	A	ACT	T	1744
NC_045512.2	18698	C	T	48215	25850	38	8	7	35	0.000165886	48226	1	FALSE	ORF1ab:cds-YP_009724389.1	GCT	A	GTT	V	1744
NC_045512.2	18698	C	A	48215	25850	38	3	1	41	6.22071e-05	48226	0.773386	FALSE	ORF1ab:cds-YP_009724389.1	GCT	A	GAT	D	1744
NC_045512.2	18699	T	G	47879	26339	37	13	7	27	0.000271404	47899	1	FALSE	ORF1ab:cds-YP_009724389.1	GCT	A	GCG	A	1744
NC_045512.2	18699	T	C	47879	26339	37	6	3	41	0.000125264	47899	0.37678	FALSE	ORF1ab:cds-YP_009724389.1	GCT	A	GCC	A	1744
NC_045512.2	18699	T	A	47879	26339	37	1	1	37	2.08773e-05	47899	1	FALSE	ORF1ab:cds-YP_009724389.1	GCT	A	GCA	A	1744
NC_045512.2	18700	T	G	48241	26297	37	3	0	25	6.21607e-05	48262	1	FALSE	ORF1ab:cds-YP_009724389.1	TCA	S	GCA	A	1745
NC_045512.2	18700	T	C	48241	26297	37	9	5	35	0.000186482	48262	1	FALSE	ORF1ab:cds-YP_009724389.1	TCA	S	CCA	P	1745
NC_045512.2	18700	T	A	48241	26297	37	9	3	34	0.000186482	48262	1	FALSE	ORF1ab:cds-YP_009724389.1	TCA	S	ACA	T	1745
NC_045512.2	18701	C	T	49063	26828	38	1	0	25	2.03683e-05	49096	1	FALSE	ORF1ab:cds-YP_009724389.1	TCA	S	TTA	L	1745
NC_045512.2	18701	C	A	49063	26828	38	32	12	37	0.000651784	49096	0.97763	FALSE	ORF1ab:cds-YP_009724389.1	TCA	S	TAA	*	1745
NC_045512.2	18702	A	T	48482	26752	38	3	2	29	6.18557e-05	48500	1	FALSE	ORF1ab:cds-YP_009724389.1	TCA	S	TCT	S	1745
NC_045512.2	18702	A	G	48482	26752	38	13	5	37	0.000268041	48500	0.999999	FALSE	ORF1ab:cds-YP_009724389.1	TCA	S	TCG	S	1745
NC_045512.2	18702	A	C	48482	26752	38	2	1	31	4.12371e-05	48500	1	FALSE	ORF1ab:cds-YP_009724389.1	TCA	S	TCC	S	1745
NC_045512.2	18702	A	-G	48482	26752	38	1	0	20	2.06186e-05	48500	1	FALSE	NA	NA	NA	NA	NA	NA
NC_045512.2	18703	G	T	27497	15643	38	22405	12512	38	0.448836	49918	0	TRUE	ORF1ab:cds-YP_009724389.1	GAC	D	TAC	Y	1746
NC_045512.2	18703	G	C	27497	15643	38	8	5	41	0.000160263	49918	0.0279766	FALSE	ORF1ab:cds-YP_009724389.1	GAC	D	CAC	H	1746
NC_045512.2	18703	G	A	27497	15643	38	8	5	35	0.000160263	49918	0.999927	FALSE	ORF1ab:cds-YP_009724389.1	GAC	D	AAC	N	1746
NC_045512.2	18703	G	-A	27497	15643	38	1	0	20	2.00325e-05	49919	1	FALSE	NA	NA	NA	NA	NA	NA
NC_045512.2	18704	A	T	50006	28603	38	3	0	45	5.99676e-05	50027	0.85536	FALSE	ORF1ab:cds-YP_009724389.1	GAC	D	GTC	V	1746
NC_045512.2	18704	A	G	50006	28603	38	16	15	34	0.000319827	50027	0.999995	FALSE	ORF1ab:cds-YP_009724389.1	GAC	D	GGC	G	1746
NC_045512.2	18704	A	C	50006	28603	38	2	1	25	3.99784e-05	50027	1	FALSE	ORF1ab:cds-YP_009724389.1	GAC	D	GCC	A	1746
NC_045512.2	18705	C	T	51300	29295	38	11	5	37	0.000214362	51315	1	FALSE	ORF1ab:cds-YP_009724389.1	GAC	D	GAT	D	1746
NC_045512.2	18705	C	G	51300	29295	38	4	3	34	7.79499e-05	51315	1	FALSE	ORF1ab:cds-YP_009724389.1	GAC	D	GAG	E	1746
NC_045512.2	18706	A	T	44427	24680	37	3	3	33	6.74916e-05	44450	1	FALSE	ORF1ab:cds-YP_009724389.1	ACT	T	TCT	S	1747
NC_045512.2	18706	A	G	44427	24680	37	2	1	37	4.49944e-05	44450	1	FALSE	ORF1ab:cds-YP_009724389.1	ACT	T	GCT	A	1747
NC_045512.2	18706	A	C	44427	24680	37	18	12	27	0.000404949	44450	1	FALSE	ORF1ab:cds-YP_009724389.1	ACT	T	CCT	P	1747
NC_045512.2	18706	A	+G	44427	24680	37	7	0	20	0.00015748	44450	1	FALSE	NA	NA	NA	NA	NA	NA
NC_045512.2	18707	C	T	46192	25775	38	6	1	43	0.00012987	46200	0.376933	FALSE	ORF1ab:cds-YP_009724389.1	ACT	T	ATT	I	1747
NC_045512.2	18707	C	A	46192	25775	38	2	1	25	4.329e-05	46200	1	FALSE	ORF1ab:cds-YP_009724389.1	ACT	T	AAT	N	1747
NC_045512.2	18708	T	G	43236	23229	38	9	4	26	0.000208078	43253	1	FALSE	ORF1ab:cds-YP_009724389.1	ACT	T	ACG	T	1747
NC_045512.2	18708	T	C	43236	23229	38	5	2	34	0.000115599	43253	1	FALSE	ORF1ab:cds-YP_009724389.1	ACT	T	ACC	T	1747
NC_045512.2	18708	T	A	43236	23229	38	3	1	37	6.93594e-05	43253	1	FALSE	ORF1ab:cds-YP_009724389.1	ACT	T	ACA	T	1747
NC_045512.2	18709	T	G	44047	23574	38	1	0	25	2.26958e-05	44061	1	FALSE	ORF1ab:cds-YP_009724389.1	TAT	Y	GAT	D	1748
NC_045512.2	18709	T	C	44047	23574	38	8	2	37	0.000181566	44061	1	FALSE	ORF1ab:cds-YP_009724389.1	TAT	Y	CAT	H	1748
NC_045512.2	18709	T	A	44047	23574	38	5	3	32	0.000113479	44061	1	FALSE	ORF1ab:cds-YP_009724389.1	TAT	Y	AAT	N	1748
NC_045512.2	18710	A	T	42424	22268	37	2	1	31	4.71065e-05	42457	1	FALSE	ORF1ab:cds-YP_009724389.1	TAT	Y	TTT	F	1748
NC_045512.2	18710	A	G	42424	22268	37	3	1	37	7.06597e-05	42457	1	FALSE	ORF1ab:cds-YP_009724389.1	TAT	Y	TGT	C	1748
NC_045512.2	18710	A	C	42424	22268	37	28	28	29	0.000659491	42457	1	FALSE	ORF1ab:cds-YP_009724389.1	TAT	Y	TCT	S	1748
NC_045512.2	18711	T	G	42547	22592	37	18	18	28	0.000422843	42569	1	FALSE	ORF1ab:cds-YP_009724389.1	TAT	Y	TAG	*	1748
NC_045512.2	18711	T	C	42547	22592	37	3	2	37	7.04738e-05	42569	1	FALSE	ORF1ab:cds-YP_009724389.1	TAT	Y	TAC	Y	1748
NC_045512.2	18711	T	A	42547	22592	37	1	0	25	2.34913e-05	42569	1	FALSE	ORF1ab:cds-YP_009724389.1	TAT	Y	TAA	*	1748
NC_045512.2	18712	G	T	43346	23535	38	1	1	25	2.30579e-05	43369	1	FALSE	ORF1ab:cds-YP_009724389.1	GCC	A	TCC	S	1749
NC_045512.2	18712	G	C	43346	23535	38	1	1	37	2.30579e-05	43369	1	FALSE	ORF1ab:cds-YP_009724389.1	GCC	A	CCC	P	1749
NC_045512.2	18712	G	A	43346	23535	38	21	11	36	0.000484217	43369	0.998161	FALSE	ORF1ab:cds-YP_009724389.1	GCC	A	ACC	T	1749
NC_045512.2	18712	G	-C	43346	23535	38	1	0	20	2.30579e-05	43369	1	FALSE	NA	NA	NA	NA	NA	NA
NC_045512.2	18713	C	T	43430	24233	38	41	20	40	0.000943114	43473	4.62765e-09	TRUE	ORF1ab:cds-YP_009724389.1	GCC	A	GTC	V	1749
NC_045512.2	18713	C	A	43430	24233	38	2	2	37	4.60056e-05	43473	1	FALSE	ORF1ab:cds-YP_009724389.1	GCC	A	GAC	D	1749
NC_045512.2	18714	C	T	44029	25261	39	4	2	37	9.08286e-05	44039	1	FALSE	ORF1ab:cds-YP_009724389.1	GCC	A	GCT	A	1749
NC_045512.2	18714	C	G	44029	25261	39	3	3	29	6.81214e-05	44039	1	FALSE	ORF1ab:cds-YP_009724389.1	GCC	A	GCG	A	1749
NC_045512.2	18714	C	A	44029	25261	39	3	2	33	6.81214e-05	44039	1	FALSE	ORF1ab:cds-YP_009724389.1	GCC	A	GCA	A	1749
NC_045512.2	18715	T	G	42433	23404	39	3	3	33	7.06481e-05	42464	1	FALSE	ORF1ab:cds-YP_009724389.1	TGT	C	GGT	G	1750
NC_045512.2	18715	T	C	42433	23404	39	21	11	42	0.000494537	42464	0.000453678	TRUE	ORF1ab:cds-YP_009724389.1	TGT	C	CGT	R	1750
NC_045512.2	18715	T	A	42433	23404	39	7	4	40	0.000164846	42464	0.274095	FALSE	ORF1ab:cds-YP_009724389.1	TGT	C	AGT	S	1750
NC_045512.2	18716	G	T	42120	23178	39	2	1	31	4.7453e-05	42147	1	FALSE	ORF1ab:cds-YP_009724389.1	TGT	C	TTT	F	1750
NC_045512.2	18716	G	C	42120	23178	39	1	0	37	2.37265e-05	42147	1	FALSE	ORF1ab:cds-YP_009724389.1	TGT	C	TCT	S	1750
NC_045512.2	18716	G	A	42120	23178	39	24	12	39	0.000569436	42147	0.990689	FALSE	ORF1ab:cds-YP_009724389.1	TGT	C	TAT	Y	1750
NC_045512.2	18717	T	G	41552	23076	39	6	1	27	0.000144356	41564	1	FALSE	ORF1ab:cds-YP_009724389.1	TGT	C	TGG	W	1750
NC_045512.2	18717	T	C	41552	23076	39	5	3	37	0.000120296	41564	1	FALSE	ORF1ab:cds-YP_009724389.1	TGT	C	TGC	C	1750
NC_045512.2	18717	T	A	41552	23076	39	1	0	25	2.40593e-05	41564	1	FALSE	ORF1ab:cds-YP_009724389.1	TGT	C	TGA	*	1750
NC_045512.2	18718	T	G	41311	23286	39	2	0	25	4.84062e-05	41317	1	FALSE	ORF1ab:cds-YP_009724389.1	TGG	W	GGG	G	1751
NC_045512.2	18718	T	C	41311	23286	39	4	1	37	9.68125e-05	41317	1	FALSE	ORF1ab:cds-YP_009724389.1	TGG	W	CGG	R	1751
NC_045512.2	18719	G	T	42905	24822	39	2	1	25	4.66092e-05	42910	1	FALSE	ORF1ab:cds-YP_009724389.1	TGG	W	TTG	L	1751
NC_045512.2	18719	G	A	42905	24822	39	3	2	33	6.99138e-05	42910	1	FALSE	ORF1ab:cds-YP_009724389.1	TGG	W	TAG	*	1751
NC_045512.2	18720	G	T	42304	24752	39	2	2	25	4.72188e-05	42356	1	FALSE	ORF1ab:cds-YP_009724389.1	TGG	W	TGT	C	1751
NC_045512.2	18720	G	A	42304	24752	39	50	29	38	0.00118047	42356	0.232697	FALSE	ORF1ab:cds-YP_009724389.1	TGG	W	TGA	*	1751
NC_045512.2	18721	C	T	42317	25163	39	34	20	37	0.000802739	42355	0.8491	FALSE	ORF1ab:cds-YP_009724389.1	CAT	H	TAT	Y	1752
NC_045512.2	18721	C	A	42317	25163	39	4	2	32	9.44399e-05	42355	1	FALSE	ORF1ab:cds-YP_009724389.1	CAT	H	AAT	N	1752
NC_045512.2	18722	A	G	42356	25653	39	8	4	35	0.000188831	42366	1	FALSE	ORF1ab:cds-YP_009724389.1	CAT	H	CGT	R	1752
NC_045512.2	18722	A	C	42356	25653	39	2	0	33	4.72077e-05	42366	1	FALSE	ORF1ab:cds-YP_009724389.1	CAT	H	CCT	P	1752
NC_045512.2	18723	T	G	41758	25655	39	3	1	29	7.18116e-05	41776	1	FALSE	ORF1ab:cds-YP_009724389.1	CAT	H	CAG	Q	1752
NC_045512.2	18723	T	C	41758	25655	39	12	7	38	0.000287246	41776	0.999989	FALSE	ORF1ab:cds-YP_009724389.1	CAT	H	CAC	H	1752
NC_045512.2	18723	T	A	41758	25655	39	3	3	37	7.18116e-05	41776	1	FALSE	ORF1ab:cds-YP_009724389.1	CAT	H	CAA	Q	1752
NC_045512.2	18724	C	T	45660	30329	40	12	10	39	0.000262691	45681	0.999998	FALSE	ORF1ab:cds-YP_009724389.1	CAT	H	TAT	Y	1753
NC_045512.2	18724	C	G	45660	30329	40	5	5	34	0.000109455	45681	1	FALSE	ORF1ab:cds-YP_009724389.1	CAT	H	GAT	D	1753
NC_045512.2	18724	C	A	45660	30329	40	4	1	34	8.75638e-05	45681	1	FALSE	ORF1ab:cds-YP_009724389.1	CAT	H	AAT	N	1753
NC_045512.2	18725	A	T	45260	30610	39	2	2	31	4.41725e-05	45277	1	FALSE	ORF1ab:cds-YP_009724389.1	CAT	H	CTT	L	1753
NC_045512.2	18725	A	G	45260	30610	39	4	3	43	8.83451e-05	45277	0.63658	FALSE	ORF1ab:cds-YP_009724389.1	CAT	H	CGT	R	1753
NC_045512.2	18725	A	C	45260	30610	39	11	2	27	0.000242949	45277	1	FALSE	ORF1ab:cds-YP_009724389.1	CAT	H	CCT	P	1753
NC_045512.2	18726	T	G	45063	31244	39	24	3	29	0.000532115	45103	1	FALSE	ORF1ab:cds-YP_009724389.1	CAT	H	CAG	Q	1753
NC_045512.2	18726	T	C	45063	31244	39	14	7	40	0.000310401	45103	0.0153885	FALSE	ORF1ab:cds-YP_009724389.1	CAT	H	CAC	H	1753
NC_045512.2	18726	T	A	45063	31244	39	2	0	25	4.43429e-05	45103	1	FALSE	ORF1ab:cds-YP_009724389.1	CAT	H	CAA	Q	1753
NC_045512.2	18727	T	G	46149	31402	40	9	0	29	0.00019497	46161	1	FALSE	ORF1ab:cds-YP_009724389.1	TCT	S	GCT	A	1754
NC_045512.2	18727	T	C	46149	31402	40	1	1	37	2.16633e-05	46161	1	FALSE	ORF1ab:cds-YP_009724389.1	TCT	S	CCT	P	1754
NC_045512.2	18727	T	A	46149	31402	40	2	0	31	4.33266e-05	46161	1	FALSE	ORF1ab:cds-YP_009724389.1	TCT	S	ACT	T	1754
NC_045512.2	18728	C	T	45437	30789	39	1	1	37	2.20037e-05	45447	1	FALSE	ORF1ab:cds-YP_009724389.1	TCT	S	TTT	F	1754
NC_045512.2	18728	C	G	45437	30789	39	4	1	31	8.80146e-05	45447	1	FALSE	ORF1ab:cds-YP_009724389.1	TCT	S	TGT	C	1754
NC_045512.2	18728	C	A	45437	30789	39	5	5	32	0.000110018	45447	1	FALSE	ORF1ab:cds-YP_009724389.1	TCT	S	TAT	Y	1754
NC_045512.2	18729	T	G	46283	32027	39	21	8	28	0.000453417	46315	1	FALSE	ORF1ab:cds-YP_009724389.1	TCT	S	TCG	S	1754
NC_045512.2	18729	T	C	46283	32027	39	11	6	40	0.000237504	46315	0.0591209	FALSE	ORF1ab:cds-YP_009724389.1	TCT	S	TCC	S	1754
NC_045512.2	18730	A	T	44863	30990	39	2	2	31	4.45424e-05	44901	1	FALSE	ORF1ab:cds-YP_009724389.1	ATT	I	TTT	F	1755
NC_045512.2	18730	A	G	44863	30990	39	7	5	37	0.000155899	44901	1	FALSE	ORF1ab:cds-YP_009724389.1	ATT	I	GTT	V	1755
NC_045512.2	18730	A	C	44863	30990	39	29	9	27	0.000645865	44901	1	FALSE	ORF1ab:cds-YP_009724389.1	ATT	I	CTT	L	1755
NC_045512.2	18730	A	-T	44863	30990	39	1	0	20	2.22712e-05	44901	1	FALSE	NA	NA	NA	NA	NA	NA
NC_045512.2	18731	T	G	45812	31842	39	23	9	29	0.000501734	45841	1	FALSE	ORF1ab:cds-YP_009724389.1	ATT	I	AGT	S	1755
NC_045512.2	18731	T	C	45812	31842	39	4	3	43	8.72581e-05	45841	0.636426	FALSE	ORF1ab:cds-YP_009724389.1	ATT	I	ACT	T	1755
NC_045512.2	18731	T	A	45812	31842	39	2	1	31	4.36291e-05	45841	1	FALSE	ORF1ab:cds-YP_009724389.1	ATT	I	AAT	N	1755
NC_045512.2	18732	T	G	46772	32043	40	8	7	26	0.000170999	46784	1	FALSE	ORF1ab:cds-YP_009724389.1	ATT	I	ATG	M	1755
NC_045512.2	18732	T	C	46772	32043	40	2	2	37	4.27497e-05	46784	1	FALSE	ORF1ab:cds-YP_009724389.1	ATT	I	ATC	I	1755
NC_045512.2	18732	T	A	46772	32043	40	2	0	31	4.27497e-05	46784	1	FALSE	ORF1ab:cds-YP_009724389.1	ATT	I	ATA	I	1755
NC_045512.2	18733	G	T	46864	32042	40	6	5	35	0.000128	46875	1	FALSE	ORF1ab:cds-YP_009724389.1	GGA	G	TGA	*	1756
NC_045512.2	18733	G	C	46864	32042	40	2	2	23	4.26667e-05	46875	1	FALSE	ORF1ab:cds-YP_009724389.1	GGA	G	CGA	R	1756
NC_045512.2	18733	G	A	46864	32042	40	3	3	37	6.4e-05	46875	1	FALSE	ORF1ab:cds-YP_009724389.1	GGA	G	AGA	R	1756
NC_045512.2	18734	G	T	52536	39281	42	2	2	31	3.80662e-05	52540	1	FALSE	ORF1ab:cds-YP_009724389.1	GGA	G	GTA	V	1756
NC_045512.2	18734	G	A	52536	39281	42	2	1	37	3.80662e-05	52540	1	FALSE	ORF1ab:cds-YP_009724389.1	GGA	G	GAA	E	1756
NC_045512.2	18735	A	T	52194	39269	41	2	2	31	3.83112e-05	52204	1	FALSE	ORF1ab:cds-YP_009724389.1	GGA	G	GGT	G	1756
NC_045512.2	18735	A	G	52194	39269	41	3	3	37	5.74669e-05	52204	1	FALSE	ORF1ab:cds-YP_009724389.1	GGA	G	GGG	G	1756
NC_045512.2	18735	A	C	52194	39269	41	5	0	26	9.57781e-05	52204	1	FALSE	ORF1ab:cds-YP_009724389.1	GGA	G	GGC	G	1756
NC_045512.2	18735	A	-T	52194	39269	41	1	0	20	1.91556e-05	52204	1	FALSE	NA	NA	NA	NA	NA	NA
NC_045512.2	18736	T	G	52442	39951	41	17	0	27	0.000324032	52464	1	FALSE	ORF1ab:cds-YP_009724389.1	TTT	F	GTT	V	1757
NC_045512.2	18736	T	C	52442	39951	41	2	2	49	3.81214e-05	52464	0.937444	FALSE	ORF1ab:cds-YP_009724389.1	TTT	F	CTT	L	1757
NC_045512.2	18736	T	A	52442	39951	41	3	2	29	5.71821e-05	52464	1	FALSE	ORF1ab:cds-YP_009724389.1	TTT	F	ATT	I	1757
NC_045512.2	18737	T	G	53021	40207	42	1	0	25	1.88583e-05	53027	1	FALSE	ORF1ab:cds-YP_009724389.1	TTT	F	TGT	C	1757
NC_045512.2	18737	T	C	53021	40207	42	3	0	37	5.6575e-05	53027	1	FALSE	ORF1ab:cds-YP_009724389.1	TTT	F	TCT	S	1757
NC_045512.2	18737	T	A	53021	40207	42	2	1	36	3.77166e-05	53027	1	FALSE	ORF1ab:cds-YP_009724389.1	TTT	F	TAT	Y	1757
NC_045512.2	18738	T	G	52839	39850	42	4	4	31	7.56873e-05	52849	1	FALSE	ORF1ab:cds-YP_009724389.1	TTT	F	TTG	L	1757
NC_045512.2	18738	T	C	52839	39850	42	5	4	37	9.46092e-05	52849	1	FALSE	ORF1ab:cds-YP_009724389.1	TTT	F	TTC	F	1757
NC_045512.2	18738	T	A	52839	39850	42	1	0	74	1.89218e-05	52849	0.499962	FALSE	ORF1ab:cds-YP_009724389.1	TTT	F	TTA	L	1757
NC_045512.2	18739	G	T	53344	40619	42	5	3	42	9.37119e-05	53355	0.622995	FALSE	ORF1ab:cds-YP_009724389.1	GAT	D	TAT	Y	1758
NC_045512.2	18739	G	C	53344	40619	42	1	0	37	1.87424e-05	53355	1	FALSE	ORF1ab:cds-YP_009724389.1	GAT	D	CAT	H	1758
NC_045512.2	18739	G	A	53344	40619	42	5	5	42	9.37119e-05	53355	0.622995	FALSE	ORF1ab:cds-YP_009724389.1	GAT	D	AAT	N	1758
NC_045512.2	18740	A	T	51830	40024	41	1	1	37	1.92868e-05	51849	1	FALSE	ORF1ab:cds-YP_009724389.1	GAT	D	GTT	V	1758
NC_045512.2	18740	A	G	51830	40024	41	10	10	39	0.000192868	51849	1	FALSE	ORF1ab:cds-YP_009724389.1	GAT	D	GGT	G	1758
NC_045512.2	18740	A	C	51830	40024	41	8	8	27	0.000154294	51849	1	FALSE	ORF1ab:cds-YP_009724389.1	GAT	D	GCT	A	1758
NC_045512.2	18740	A	-T	51830	40024	41	2	0	20	3.85736e-05	51849	1	FALSE	NA	NA	NA	NA	NA	NA
NC_045512.2	18741	T	G	54504	43305	42	18	18	30	0.000330094	54530	0.999996	FALSE	ORF1ab:cds-YP_009724389.1	GAT	D	GAG	E	1758
NC_045512.2	18741	T	C	54504	43305	42	2	2	31	3.66771e-05	54530	1	FALSE	ORF1ab:cds-YP_009724389.1	GAT	D	GAC	D	1758
NC_045512.2	18741	T	A	54504	43305	42	6	4	32	0.000110031	54530	1	FALSE	ORF1ab:cds-YP_009724389.1	GAT	D	GAA	E	1758
NC_045512.2	18742	T	G	56051	45056	42	3	3	25	5.35112e-05	56063	1	FALSE	ORF1ab:cds-YP_009724389.1	TAC	Y	GAC	D	1759
NC_045512.2	18742	T	C	56051	45056	42	9	7	35	0.000160534	56063	1	FALSE	ORF1ab:cds-YP_009724389.1	TAC	Y	CAC	H	1759
NC_045512.2	18743	A	T	54567	43667	42	4	3	33	7.32628e-05	54598	1	FALSE	ORF1ab:cds-YP_009724389.1	TAC	Y	TTC	F	1759
NC_045512.2	18743	A	G	54567	43667	42	13	12	37	0.000238104	54598	1	FALSE	ORF1ab:cds-YP_009724389.1	TAC	Y	TGC	C	1759
NC_045512.2	18743	A	C	54567	43667	42	14	14	27	0.00025642	54598	1	FALSE	ORF1ab:cds-YP_009724389.1	TAC	Y	TCC	S	1759
NC_045512.2	18744	C	T	55970	45378	42	42	31	42	0.000749772	56017	1.22003e-08	TRUE	ORF1ab:cds-YP_009724389.1	TAC	Y	TAT	Y	1759
NC_045512.2	18744	C	G	55970	45378	42	1	1	37	1.78517e-05	56017	1	FALSE	ORF1ab:cds-YP_009724389.1	TAC	Y	TAG	*	1759
NC_045512.2	18744	C	A	55970	45378	42	4	3	31	7.14069e-05	56017	1	FALSE	ORF1ab:cds-YP_009724389.1	TAC	Y	TAA	*	1759
NC_045512.2	18745	G	T	56054	45637	42	6	6	31	0.000107	56075	1	FALSE	ORF1ab:cds-YP_009724389.1	GTC	V	TTC	F	1760
NC_045512.2	18745	G	C	56054	45637	42	1	1	37	1.78333e-05	56075	1	FALSE	ORF1ab:cds-YP_009724389.1	GTC	V	CTC	L	1760
NC_045512.2	18745	G	A	56054	45637	42	14	12	38	0.000249666	56075	1	FALSE	ORF1ab:cds-YP_009724389.1	GTC	V	ATC	I	1760
NC_045512.2	18746	T	G	55446	44964	41	1	0	25	1.80336e-05	55452	1	FALSE	ORF1ab:cds-YP_009724389.1	GTC	V	GGC	G	1760
NC_045512.2	18746	T	C	55446	44964	41	3	2	37	5.41008e-05	55452	1	FALSE	ORF1ab:cds-YP_009724389.1	GTC	V	GCC	A	1760
NC_045512.2	18746	T	A	55446	44964	41	2	2	25	3.60672e-05	55452	1	FALSE	ORF1ab:cds-YP_009724389.1	GTC	V	GAC	D	1760
NC_045512.2	18747	C	T	54637	44157	41	2	1	37	3.65972e-05	54649	1	FALSE	ORF1ab:cds-YP_009724389.1	GTC	V	GTT	V	1760
NC_045512.2	18747	C	A	54637	44157	41	10	10	33	0.000182986	54649	1	FALSE	ORF1ab:cds-YP_009724389.1	GTC	V	GTA	V	1760
NC_045512.2	18748	T	G	55533	45069	42	14	14	26	0.000251957	55565	1	FALSE	ORF1ab:cds-YP_009724389.1	TAT	Y	GAT	D	1761
NC_045512.2	18748	T	C	55533	45069	42	15	12	39	0.000269954	55565	1	FALSE	ORF1ab:cds-YP_009724389.1	TAT	Y	CAT	H	1761
NC_045512.2	18748	T	A	55533	45069	42	3	2	46	5.39908e-05	55565	0.855312	FALSE	ORF1ab:cds-YP_009724389.1	TAT	Y	AAT	N	1761
NC_045512.2	18749	A	T	59089	49480	43	3	2	22	5.07606e-05	59101	1	FALSE	ORF1ab:cds-YP_009724389.1	TAT	Y	TTT	F	1761
NC_045512.2	18749	A	G	59089	49480	43	5	5	42	8.46009e-05	59101	0.62299	FALSE	ORF1ab:cds-YP_009724389.1	TAT	Y	TGT	C	1761
NC_045512.2	18749	A	C	59089	49480	43	4	4	25	6.76807e-05	59101	1	FALSE	ORF1ab:cds-YP_009724389.1	TAT	Y	TCT	S	1761
NC_045512.2	18750	T	G	58813	49546	43	6	6	27	0.000102001	58823	1	FALSE	ORF1ab:cds-YP_009724389.1	TAT	Y	TAG	*	1761
NC_045512.2	18750	T	C	58813	49546	43	4	3	46	6.80006e-05	58823	0.74606	FALSE	ORF1ab:cds-YP_009724389.1	TAT	Y	TAC	Y	1761
NC_045512.2	18750	T	-A	58813	49546	43	1	0	20	1.70002e-05	58823	1	FALSE	NA	NA	NA	NA	NA	NA
NC_045512.2	18751	A	T	58768	49686	42	1	1	37	1.70135e-05	58777	1	FALSE	ORF1ab:cds-YP_009724389.1	AAT	N	TAT	Y	1762
NC_045512.2	18751	A	G	58768	49686	42	6	4	45	0.000102081	58777	0.499965	FALSE	ORF1ab:cds-YP_009724389.1	AAT	N	GAT	D	1762
NC_045512.2	18751	A	C	58768	49686	42	2	2	25	3.40269e-05	58777	1	FALSE	ORF1ab:cds-YP_009724389.1	AAT	N	CAT	H	1762
NC_045512.2	18752	A	T	56089	47239	41	6	3	30	0.0001069	56127	1	FALSE	ORF1ab:cds-YP_009724389.1	AAT	N	ATT	I	1762
NC_045512.2	18752	A	G	56089	47239	41	4	3	34	7.12669e-05	56127	1	FALSE	ORF1ab:cds-YP_009724389.1	AAT	N	AGT	S	1762
NC_045512.2	18752	A	C	56089	47239	41	28	23	26	0.000498869	56127	1	FALSE	ORF1ab:cds-YP_009724389.1	AAT	N	ACT	T	1762
NC_045512.2	18753	T	G	57649	48781	43	1	1	25	1.73397e-05	57671	1	FALSE	ORF1ab:cds-YP_009724389.1	AAT	N	AAG	K	1762
NC_045512.2	18753	T	C	57649	48781	43	17	17	38	0.000294776	57671	1	FALSE	ORF1ab:cds-YP_009724389.1	AAT	N	AAC	N	1762
NC_045512.2	18753	T	A	57649	48781	43	4	4	33	6.93589e-05	57671	1	FALSE	ORF1ab:cds-YP_009724389.1	AAT	N	AAA	K	1762
NC_045512.2	18754	C	T	58189	49492	42	13	11	39	0.000223345	58206	1	FALSE	ORF1ab:cds-YP_009724389.1	CCG	P	TCG	S	1763
NC_045512.2	18754	C	G	58189	49492	42	1	1	37	1.71804e-05	58206	1	FALSE	ORF1ab:cds-YP_009724389.1	CCG	P	GCG	A	1763
NC_045512.2	18754	C	A	58189	49492	42	3	3	37	5.15411e-05	58206	1	FALSE	ORF1ab:cds-YP_009724389.1	CCG	P	ACG	T	1763
NC_045512.2	18755	C	T	55020	47372	41	8	6	37	0.000145367	55033	1	FALSE	ORF1ab:cds-YP_009724389.1	CCG	P	CTG	L	1763
NC_045512.2	18755	C	G	55020	47372	41	1	1	37	1.81709e-05	55033	1	FALSE	ORF1ab:cds-YP_009724389.1	CCG	P	CGG	R	1763
NC_045512.2	18755	C	A	55020	47372	41	4	3	36	7.26837e-05	55033	1	FALSE	ORF1ab:cds-YP_009724389.1	CCG	P	CAG	Q	1763
NC_045512.2	18755	C	-G	55020	47372	41	1	0	20	1.81709e-05	55033	1	FALSE	NA	NA	NA	NA	NA	NA
NC_045512.2	18756	G	T	55213	47683	42	24	6	35	0.000434303	55261	0.999868	FALSE	ORF1ab:cds-YP_009724389.1	CCG	P	CCT	P	1763
NC_045512.2	18756	G	C	55213	47683	42	2	1	37	3.61919e-05	55261	1	FALSE	ORF1ab:cds-YP_009724389.1	CCG	P	CCC	P	1763
NC_045512.2	18756	G	A	55213	47683	42	22	21	40	0.000398111	55261	0.000752798	TRUE	ORF1ab:cds-YP_009724389.1	CCG	P	CCA	P	1763
NC_045512.2	18756	G	-T	55213	47683	42	1	0	20	1.80956e-05	55262	1	FALSE	NA	NA	NA	NA	NA	NA
NC_045512.2	18757	T	G	53356	47594	39	4	1	38	7.49471e-05	53371	1	FALSE	ORF1ab:cds-YP_009724389.1	TTT	F	GTT	V	1764
NC_045512.2	18757	T	C	53356	47594	39	6	6	41	0.000112421	53371	0.499886	FALSE	ORF1ab:cds-YP_009724389.1	TTT	F	CTT	L	1764
NC_045512.2	18757	T	A	53356	47594	39	5	5	25	9.36838e-05	53371	1	FALSE	ORF1ab:cds-YP_009724389.1	TTT	F	ATT	I	1764
NC_045512.2	18758	T	G	54318	48533	40	10	6	29	0.000184043	54335	1	FALSE	ORF1ab:cds-YP_009724389.1	TTT	F	TGT	C	1764
NC_045512.2	18758	T	C	54318	48533	40	6	5	31	0.000110426	54335	1	FALSE	ORF1ab:cds-YP_009724389.1	TTT	F	TCT	S	1764
NC_045512.2	18758	T	A	54318	48533	40	1	0	74	1.84043e-05	54335	0.499931	FALSE	ORF1ab:cds-YP_009724389.1	TTT	F	TAT	Y	1764
NC_045512.2	18759	T	G	54772	48911	40	2	2	27	3.6513e-05	54775	1	FALSE	ORF1ab:cds-YP_009724389.1	TTT	F	TTG	L	1764
NC_045512.2	18759	T	C	54772	48911	40	1	1	37	1.82565e-05	54775	1	FALSE	ORF1ab:cds-YP_009724389.1	TTT	F	TTC	F	1764
NC_045512.2	18760	A	T	53503	47756	40	2	2	33	3.73692e-05	53520	1	FALSE	ORF1ab:cds-YP_009724389.1	ATG	M	TTG	L	1765
NC_045512.2	18760	A	G	53503	47756	40	6	6	35	0.000112108	53520	1	FALSE	ORF1ab:cds-YP_009724389.1	ATG	M	GTG	V	1765
NC_045512.2	18760	A	C	53503	47756	40	9	9	25	0.000168161	53520	1	FALSE	ORF1ab:cds-YP_009724389.1	ATG	M	CTG	L	1765
NC_045512.2	18761	T	G	54421	48690	40	4	3	29	7.34916e-05	54428	1	FALSE	ORF1ab:cds-YP_009724389.1	ATG	M	AGG	R	1765
NC_045512.2	18761	T	C	54421	48690	40	2	2	31	3.67458e-05	54428	1	FALSE	ORF1ab:cds-YP_009724389.1	ATG	M	ACG	T	1765
NC_045512.2	18761	T	A	54421	48690	40	1	1	37	1.83729e-05	54428	1	FALSE	ORF1ab:cds-YP_009724389.1	ATG	M	AAG	K	1765
NC_045512.2	18762	G	T	54443	48764	40	2	2	25	3.67323e-05	54448	1	FALSE	ORF1ab:cds-YP_009724389.1	ATG	M	ATT	I	1765
NC_045512.2	18762	G	A	54443	48764	40	3	3	37	5.50984e-05	54448	1	FALSE	ORF1ab:cds-YP_009724389.1	ATG	M	ATA	I	1765
NC_045512.2	18763	A	T	53901	48386	40	3	3	33	5.56452e-05	53913	1	FALSE	ORF1ab:cds-YP_009724389.1	ATT	I	TTT	F	1766
NC_045512.2	18763	A	G	53901	48386	40	7	5	38	0.000129839	53913	1	FALSE	ORF1ab:cds-YP_009724389.1	ATT	I	GTT	V	1766
NC_045512.2	18763	A	C	53901	48386	40	2	2	25	3.70968e-05	53913	1	FALSE	ORF1ab:cds-YP_009724389.1	ATT	I	CTT	L	1766
NC_045512.2	18764	T	G	54136	48730	40	2	0	27	3.69365e-05	54147	1	FALSE	ORF1ab:cds-YP_009724389.1	ATT	I	AGT	S	1766
NC_045512.2	18764	T	C	54136	48730	40	6	3	45	0.000110809	54147	0.49995	FALSE	ORF1ab:cds-YP_009724389.1	ATT	I	ACT	T	1766
NC_045512.2	18764	T	A	54136	48730	40	3	3	49	5.54047e-05	54147	0.855435	FALSE	ORF1ab:cds-YP_009724389.1	ATT	I	AAT	N	1766
NC_045512.2	18765	T	G	53680	48290	40	6	6	29	0.00011174	53696	1	FALSE	ORF1ab:cds-YP_009724389.1	ATT	I	ATG	M	1766
NC_045512.2	18765	T	C	53680	48290	40	8	7	34	0.000148987	53696	1	FALSE	ORF1ab:cds-YP_009724389.1	ATT	I	ATC	I	1766
NC_045512.2	18765	T	A	53680	48290	40	2	2	37	3.72467e-05	53696	1	FALSE	ORF1ab:cds-YP_009724389.1	ATT	I	ATA	I	1766
NC_045512.2	18766	G	T	53561	48201	40	3	3	33	5.59994e-05	53572	1	FALSE	ORF1ab:cds-YP_009724389.1	GAT	D	TAT	Y	1767
NC_045512.2	18766	G	A	53561	48201	40	8	7	37	0.000149332	53572	1	FALSE	ORF1ab:cds-YP_009724389.1	GAT	D	AAT	N	1767
NC_045512.2	18767	A	T	53150	47997	40	4	3	40	7.52318e-05	53169	0.745973	FALSE	ORF1ab:cds-YP_009724389.1	GAT	D	GTT	V	1767
NC_045512.2	18767	A	G	53150	47997	40	12	12	38	0.000225695	53169	1	FALSE	ORF1ab:cds-YP_009724389.1	GAT	D	GGT	G	1767
NC_045512.2	18767	A	C	53150	47997	40	3	3	25	5.64239e-05	53169	1	FALSE	ORF1ab:cds-YP_009724389.1	GAT	D	GCT	A	1767
NC_045512.2	18768	T	C	53775	48629	40	3	2	49	5.57818e-05	53781	0.855466	FALSE	ORF1ab:cds-YP_009724389.1	GAT	D	GAC	D	1767
NC_045512.2	18768	T	A	53775	48629	40	3	3	37	5.57818e-05	53781	1	FALSE	ORF1ab:cds-YP_009724389.1	GAT	D	GAA	E	1767
NC_045512.2	18769	G	T	53560	48693	40	5	4	39	9.33306e-05	53573	1	FALSE	ORF1ab:cds-YP_009724389.1	GTT	V	TTT	F	1768
NC_045512.2	18769	G	A	53560	48693	40	8	8	35	0.000149329	53573	1	FALSE	ORF1ab:cds-YP_009724389.1	GTT	V	ATT	I	1768
NC_045512.2	18770	T	G	52930	48230	39	4	4	31	7.55515e-05	52944	1	FALSE	ORF1ab:cds-YP_009724389.1	GTT	V	GGT	G	1768
NC_045512.2	18770	T	C	52930	48230	39	9	9	37	0.000169991	52944	1	FALSE	ORF1ab:cds-YP_009724389.1	GTT	V	GCT	A	1768
NC_045512.2	18770	T	A	52930	48230	39	1	1	37	1.88879e-05	52944	1	FALSE	ORF1ab:cds-YP_009724389.1	GTT	V	GAT	D	1768
NC_045512.2	18771	T	G	52933	48187	40	2	1	27	3.7775e-05	52945	1	FALSE	ORF1ab:cds-YP_009724389.1	GTT	V	GTG	V	1768
NC_045512.2	18771	T	C	52933	48187	40	4	4	37	7.55501e-05	52945	1	FALSE	ORF1ab:cds-YP_009724389.1	GTT	V	GTC	V	1768
NC_045512.2	18771	T	A	52933	48187	40	6	5	41	0.000113325	52945	0.499936	FALSE	ORF1ab:cds-YP_009724389.1	GTT	V	GTA	V	1768
NC_045512.2	18772	C	T	52892	48169	39	1	1	37	1.8905e-05	52896	1	FALSE	ORF1ab:cds-YP_009724389.1	CAA	Q	TAA	*	1769
NC_045512.2	18772	C	G	52892	48169	39	2	2	37	3.781e-05	52896	1	FALSE	ORF1ab:cds-YP_009724389.1	CAA	Q	GAA	E	1769
NC_045512.2	18772	C	A	52892	48169	39	1	1	37	1.8905e-05	52896	1	FALSE	ORF1ab:cds-YP_009724389.1	CAA	Q	AAA	K	1769
NC_045512.2	18773	A	T	52912	48214	39	1	1	25	1.88968e-05	52919	1	FALSE	ORF1ab:cds-YP_009724389.1	CAA	Q	CTA	L	1769
NC_045512.2	18773	A	G	52912	48214	39	5	5	37	9.4484e-05	52919	1	FALSE	ORF1ab:cds-YP_009724389.1	CAA	Q	CGA	R	1769
NC_045512.2	18773	A	C	52912	48214	39	1	1	37	1.88968e-05	52919	1	FALSE	ORF1ab:cds-YP_009724389.1	CAA	Q	CCA	P	1769
NC_045512.2	18774	A	T	52544	47823	39	2	2	49	3.80554e-05	52555	0.937481	FALSE	ORF1ab:cds-YP_009724389.1	CAA	Q	CAT	H	1769
NC_045512.2	18774	A	G	52544	47823	39	7	6	40	0.000133194	52555	0.387162	FALSE	ORF1ab:cds-YP_009724389.1	CAA	Q	CAG	Q	1769
NC_045512.2	18774	A	C	52544	47823	39	2	2	25	3.80554e-05	52555	1	FALSE	ORF1ab:cds-YP_009724389.1	CAA	Q	CAC	H	1769
NC_045512.2	18775	C	T	52929	48263	39	3	2	37	5.66701e-05	52938	1	FALSE	ORF1ab:cds-YP_009724389.1	CAA	Q	TAA	*	1770
NC_045512.2	18775	C	G	52929	48263	39	1	1	25	1.889e-05	52938	1	FALSE	ORF1ab:cds-YP_009724389.1	CAA	Q	GAA	E	1770
NC_045512.2	18775	C	A	52929	48263	39	5	4	34	9.44501e-05	52938	1	FALSE	ORF1ab:cds-YP_009724389.1	CAA	Q	AAA	K	1770
NC_045512.2	18776	A	T	51340	46704	39	5	5	25	9.73634e-05	51354	1	FALSE	ORF1ab:cds-YP_009724389.1	CAA	Q	CTA	L	1770
NC_045512.2	18776	A	G	51340	46704	39	3	2	37	5.8418e-05	51354	1	FALSE	ORF1ab:cds-YP_009724389.1	CAA	Q	CGA	R	1770
NC_045512.2	18776	A	C	51340	46704	39	6	2	34	0.000116836	51354	1	FALSE	ORF1ab:cds-YP_009724389.1	CAA	Q	CCA	P	1770
NC_045512.2	18777	A	T	50585	45991	39	4	3	28	7.90545e-05	50598	1	FALSE	ORF1ab:cds-YP_009724389.1	CAA	Q	CAT	H	1770
NC_045512.2	18777	A	G	50585	45991	39	6	4	42	0.000118582	50598	0.49992	FALSE	ORF1ab:cds-YP_009724389.1	CAA	Q	CAG	Q	1770
NC_045512.2	18777	A	C	50585	45991	39	3	1	29	5.92909e-05	50598	1	FALSE	ORF1ab:cds-YP_009724389.1	CAA	Q	CAC	H	1770
NC_045512.2	18777	A	+T	50585	45991	39	1	0	20	1.97636e-05	50598	1	FALSE	NA	NA	NA	NA	NA	NA
NC_045512.2	18778	T	G	50797	46252	39	5	5	29	9.83942e-05	50816	1	FALSE	ORF1ab:cds-YP_009724389.1	TGG	W	GGG	G	1771
NC_045512.2	18778	T	C	50797	46252	39	14	13	35	0.000275504	50816	0.999999	FALSE	ORF1ab:cds-YP_009724389.1	TGG	W	CGG	R	1771
NC_045512.2	18778	T	-G	50797	46252	39	6	0	20	0.000118073	50816	1	FALSE	NA	NA	NA	NA	NA	NA
NC_045512.2	18779	G	T	51105	46553	39	3	3	37	5.86981e-05	51109	1	FALSE	ORF1ab:cds-YP_009724389.1	TGG	W	TTG	L	1771
NC_045512.2	18779	G	A	51105	46553	39	1	1	37	1.9566e-05	51109	1	FALSE	ORF1ab:cds-YP_009724389.1	TGG	W	TAG	*	1771
NC_045512.2	18780	G	T	49218	45010	38	11	9	39	0.000223423	49234	1	FALSE	ORF1ab:cds-YP_009724389.1	TGG	W	TGT	C	1771
NC_045512.2	18780	G	A	49218	45010	38	5	4	46	0.000101556	49234	0.499875	FALSE	ORF1ab:cds-YP_009724389.1	TGG	W	TGA	*	1771
NC_045512.2	18781	G	T	50095	45976	39	5	4	28	9.97924e-05	50104	1	FALSE	ORF1ab:cds-YP_009724389.1	GGT	G	TGT	C	1772
NC_045512.2	18781	G	A	50095	45976	39	4	4	37	7.98339e-05	50104	1	FALSE	ORF1ab:cds-YP_009724389.1	GGT	G	AGT	S	1772
NC_045512.2	18782	G	T	50193	46095	39	8	7	41	0.000159344	50206	0.290465	FALSE	ORF1ab:cds-YP_009724389.1	GGT	G	GTT	V	1772
NC_045512.2	18782	G	C	50193	46095	39	1	0	37	1.99179e-05	50206	1	FALSE	ORF1ab:cds-YP_009724389.1	GGT	G	GCT	A	1772
NC_045512.2	18782	G	A	50193	46095	39	4	4	37	7.96718e-05	50206	1	FALSE	ORF1ab:cds-YP_009724389.1	GGT	G	GAT	D	1772
NC_045512.2	18782	G	-T	50193	46095	39	7	0	20	0.000139426	50206	1	FALSE	NA	NA	NA	NA	NA	NA
NC_045512.2	18783	T	G	48769	44716	39	2	2	37	4.10021e-05	48778	1	FALSE	ORF1ab:cds-YP_009724389.1	GGT	G	GGG	G	1772
NC_045512.2	18783	T	C	48769	44716	39	4	3	39	8.20042e-05	48778	1	FALSE	ORF1ab:cds-YP_009724389.1	GGT	G	GGC	G	1772
NC_045512.2	18783	T	A	48769	44716	39	3	2	25	6.15031e-05	48778	1	FALSE	ORF1ab:cds-YP_009724389.1	GGT	G	GGA	G	1772
NC_045512.2	18785	T	G	48900	44868	39	3	2	41	6.13397e-05	48908	0.773412	FALSE	ORF1ab:cds-YP_009724389.1	TTT	F	TGT	C	1773
NC_045512.2	18785	T	C	48900	44868	39	4	4	34	8.17862e-05	48908	1	FALSE	ORF1ab:cds-YP_009724389.1	TTT	F	TCT	S	1773
NC_045512.2	18785	T	A	48900	44868	39	1	0	25	2.04466e-05	48908	1	FALSE	ORF1ab:cds-YP_009724389.1	TTT	F	TAT	Y	1773
NC_045512.2	18786	T	G	48768	44781	39	1	1	25	2.0504e-05	48771	1	FALSE	ORF1ab:cds-YP_009724389.1	TTT	F	TTG	L	1773
NC_045512.2	18786	T	C	48768	44781	39	2	2	37	4.1008e-05	48771	1	FALSE	ORF1ab:cds-YP_009724389.1	TTT	F	TTC	F	1773
NC_045512.2	18787	A	T	48150	44283	39	2	1	55	4.15291e-05	48159	0.249966	FALSE	ORF1ab:cds-YP_009724389.1	ACA	T	TCA	S	1774
NC_045512.2	18787	A	G	48150	44283	39	4	4	37	8.30582e-05	48159	1	FALSE	ORF1ab:cds-YP_009724389.1	ACA	T	GCA	A	1774
NC_045512.2	18787	A	C	48150	44283	39	3	3	25	6.22937e-05	48159	1	FALSE	ORF1ab:cds-YP_009724389.1	ACA	T	CCA	P	1774
NC_045512.2	18788	C	T	48844	45591	38	15	14	40	0.000307006	48859	0.00960087	TRUE	ORF1ab:cds-YP_009724389.1	ACA	T	ATA	I	1774
NC_045512.2	18788	C	-A	48844	45591	38	1	0	20	2.04671e-05	48859	1	FALSE	NA	NA	NA	NA	NA	NA
NC_045512.2	18789	A	T	46906	43676	39	9	9	35	0.000191636	46964	1	FALSE	ORF1ab:cds-YP_009724389.1	ACA	T	ACT	T	1774
NC_045512.2	18789	A	G	46906	43676	39	42	38	40	0.000894302	46964	2.51455e-09	TRUE	ORF1ab:cds-YP_009724389.1	ACA	T	ACG	T	1774
NC_045512.2	18789	A	C	46906	43676	39	7	5	35	0.00014905	46964	1	FALSE	ORF1ab:cds-YP_009724389.1	ACA	T	ACC	T	1774
NC_045512.2	18790	G	T	46230	42989	38	17	15	39	0.00036756	46251	0.999942	FALSE	ORF1ab:cds-YP_009724389.1	GGT	G	TGT	C	1775
NC_045512.2	18790	G	C	46230	42989	38	1	1	25	2.16212e-05	46251	1	FALSE	ORF1ab:cds-YP_009724389.1	GGT	G	CGT	R	1775
NC_045512.2	18790	G	A	46230	42989	38	3	2	37	6.48635e-05	46251	1	FALSE	ORF1ab:cds-YP_009724389.1	GGT	G	AGT	S	1775
NC_045512.2	18791	G	T	45677	42462	38	2	2	31	4.37733e-05	45690	1	FALSE	ORF1ab:cds-YP_009724389.1	GGT	G	GTT	V	1775
NC_045512.2	18791	G	C	45677	42462	38	1	0	37	2.18866e-05	45690	1	FALSE	ORF1ab:cds-YP_009724389.1	GGT	G	GCT	A	1775
NC_045512.2	18791	G	A	45677	42462	38	10	10	39	0.000218866	45690	1	FALSE	ORF1ab:cds-YP_009724389.1	GGT	G	GAT	D	1775
NC_045512.2	18792	T	G	45144	41941	38	5	5	29	0.000110725	45157	1	FALSE	ORF1ab:cds-YP_009724389.1	GGT	G	GGG	G	1775
NC_045512.2	18792	T	C	45144	41941	38	8	8	35	0.00017716	45157	1	FALSE	ORF1ab:cds-YP_009724389.1	GGT	G	GGC	G	1775
NC_045512.2	18792	T	-A	45144	41941	38	1	0	20	2.2145e-05	45157	1	FALSE	NA	NA	NA	NA	NA	NA
NC_045512.2	18793	A	T	45797	42699	38	1	1	25	2.18331e-05	45802	1	FALSE	ORF1ab:cds-YP_009724389.1	AAC	N	TAC	Y	1776
NC_045512.2	18793	A	G	45797	42699	38	2	2	37	4.36662e-05	45802	1	FALSE	ORF1ab:cds-YP_009724389.1	AAC	N	GAC	D	1776
NC_045512.2	18793	A	C	45797	42699	38	2	0	29	4.36662e-05	45802	1	FALSE	ORF1ab:cds-YP_009724389.1	AAC	N	CAC	H	1776
NC_045512.2	18794	A	T	45011	41884	38	1	1	25	2.22124e-05	45020	1	FALSE	ORF1ab:cds-YP_009724389.1	AAC	N	ATC	I	1776
NC_045512.2	18794	A	G	45011	41884	38	5	5	42	0.000111062	45020	0.499959	FALSE	ORF1ab:cds-YP_009724389.1	AAC	N	AGC	S	1776
NC_045512.2	18794	A	C	45011	41884	38	3	0	29	6.66371e-05	45020	1	FALSE	ORF1ab:cds-YP_009724389.1	AAC	N	ACC	T	1776
NC_045512.2	18795	C	T	45694	42557	38	9	9	37	0.000196911	45706	1	FALSE	ORF1ab:cds-YP_009724389.1	AAC	N	AAT	N	1776
NC_045512.2	18795	C	G	45694	42557	38	1	1	37	2.1879e-05	45706	1	FALSE	ORF1ab:cds-YP_009724389.1	AAC	N	AAG	K	1776
NC_045512.2	18795	C	A	45694	42557	38	2	2	31	4.37579e-05	45706	1	FALSE	ORF1ab:cds-YP_009724389.1	AAC	N	AAA	K	1776
NC_045512.2	18796	C	T	45662	42549	38	1	1	25	2.18905e-05	45682	1	FALSE	ORF1ab:cds-YP_009724389.1	CTA	L	TTA	L	1777
NC_045512.2	18796	C	G	45662	42549	38	1	1	37	2.18905e-05	45682	1	FALSE	ORF1ab:cds-YP_009724389.1	CTA	L	GTA	V	1777
NC_045512.2	18796	C	A	45662	42549	38	18	18	43	0.000394028	45682	0.00216918	TRUE	ORF1ab:cds-YP_009724389.1	CTA	L	ATA	I	1777
NC_045512.2	18797	T	G	45122	42044	38	7	7	30	0.000155028	45153	1	FALSE	ORF1ab:cds-YP_009724389.1	CTA	L	CGA	R	1777
NC_045512.2	18797	T	C	45122	42044	38	21	17	38	0.000465085	45153	0.999072	FALSE	ORF1ab:cds-YP_009724389.1	CTA	L	CCA	P	1777
NC_045512.2	18797	T	A	45122	42044	38	3	2	49	6.64408e-05	45153	0.773201	FALSE	ORF1ab:cds-YP_009724389.1	CTA	L	CAA	Q	1777
NC_045512.2	18798	A	T	44982	42805	38	6	6	29	0.000133354	44993	1	FALSE	ORF1ab:cds-YP_009724389.1	CTA	L	CTT	L	1777
NC_045512.2	18798	A	G	44982	42805	38	4	4	40	8.89027e-05	44993	0.636652	FALSE	ORF1ab:cds-YP_009724389.1	CTA	L	CTG	L	1777
NC_045512.2	18798	A	C	44982	42805	38	1	0	29	2.22257e-05	44993	1	FALSE	ORF1ab:cds-YP_009724389.1	CTA	L	CTC	L	1777
NC_045512.2	18798	A	-C	44982	42805	38	1	0	20	2.22257e-05	44993	1	FALSE	NA	NA	NA	NA	NA	NA
NC_045512.2	18799	C	T	44912	42851	38	3	3	45	6.67869e-05	44919	0.77341	FALSE	ORF1ab:cds-YP_009724389.1	CAA	Q	TAA	*	1778
NC_045512.2	18799	C	G	44912	42851	38	2	1	37	4.45246e-05	44919	1	FALSE	ORF1ab:cds-YP_009724389.1	CAA	Q	GAA	E	1778
NC_045512.2	18799	C	A	44912	42851	38	2	2	37	4.45246e-05	44919	1	FALSE	ORF1ab:cds-YP_009724389.1	CAA	Q	AAA	K	1778
NC_045512.2	18800	A	T	43625	41813	37	2	2	25	4.58348e-05	43635	1	FALSE	ORF1ab:cds-YP_009724389.1	CAA	Q	CTA	L	1778
NC_045512.2	18800	A	G	43625	41813	37	3	3	33	6.87521e-05	43635	1	FALSE	ORF1ab:cds-YP_009724389.1	CAA	Q	CGA	R	1778
NC_045512.2	18800	A	C	43625	41813	37	5	4	34	0.000114587	43635	1	FALSE	ORF1ab:cds-YP_009724389.1	CAA	Q	CCA	P	1778
NC_045512.2	18801	A	T	41960	40179	37	4	3	31	9.52857e-05	41979	1	FALSE	ORF1ab:cds-YP_009724389.1	CAA	Q	CAT	H	1778
NC_045512.2	18801	A	G	41960	40179	37	2	2	37	4.76429e-05	41979	1	FALSE	ORF1ab:cds-YP_009724389.1	CAA	Q	CAG	Q	1778
NC_045512.2	18801	A	C	41960	40179	37	13	13	26	0.000309679	41979	1	FALSE	ORF1ab:cds-YP_009724389.1	CAA	Q	CAC	H	1778
NC_045512.2	18802	A	T	41244	39474	37	6	5	41	0.000145352	41279	0.376528	FALSE	ORF1ab:cds-YP_009724389.1	AGC	S	TGC	C	1779
NC_045512.2	18802	A	G	41244	39474	37	4	4	37	9.69016e-05	41279	1	FALSE	ORF1ab:cds-YP_009724389.1	AGC	S	GGC	G	1779
NC_045512.2	18802	A	C	41244	39474	37	25	25	27	0.000605635	41279	1	FALSE	ORF1ab:cds-YP_009724389.1	AGC	S	CGC	R	1779
NC_045512.2	18802	A	-G	41244	39474	37	2	0	20	4.84508e-05	41279	1	FALSE	NA	NA	NA	NA	NA	NA
NC_045512.2	18803	G	C	41929	40196	37	1	1	37	2.38334e-05	41958	1	FALSE	ORF1ab:cds-YP_009724389.1	AGC	S	ACC	T	1779
NC_045512.2	18803	G	A	41929	40196	37	28	27	36	0.000667334	41958	0.954445	FALSE	ORF1ab:cds-YP_009724389.1	AGC	S	AAC	N	1779
NC_045512.2	18804	C	T	41516	39787	37	12	11	37	0.000288941	41531	0.999989	FALSE	ORF1ab:cds-YP_009724389.1	AGC	S	AGT	S	1779
NC_045512.2	18804	C	A	41516	39787	37	3	3	37	7.22352e-05	41531	1	FALSE	ORF1ab:cds-YP_009724389.1	AGC	S	AGA	R	1779
NC_045512.2	18805	A	T	40861	39202	37	21	4	35	0.000513535	40893	0.995073	FALSE	ORF1ab:cds-YP_009724389.1	AAC	N	TAC	Y	1780
NC_045512.2	18805	A	G	40861	39202	37	8	7	41	0.000195633	40893	0.193558	FALSE	ORF1ab:cds-YP_009724389.1	AAC	N	GAC	D	1780
NC_045512.2	18805	A	C	40861	39202	37	3	0	37	7.33622e-05	40893	1	FALSE	ORF1ab:cds-YP_009724389.1	AAC	N	CAC	H	1780
NC_045512.2	18806	A	T	39741	38790	36	2	2	37	5.03132e-05	39751	1	FALSE	ORF1ab:cds-YP_009724389.1	AAC	N	ATC	I	1780
NC_045512.2	18806	A	G	39741	38790	36	5	5	37	0.000125783	39751	1	FALSE	ORF1ab:cds-YP_009724389.1	AAC	N	AGC	S	1780
NC_045512.2	18806	A	C	39741	38790	36	3	3	25	7.54698e-05	39751	1	FALSE	ORF1ab:cds-YP_009724389.1	AAC	N	ACC	T	1780
NC_045512.2	18806	A	-C	39741	38790	36	1	0	20	2.51566e-05	39751	1	FALSE	NA	NA	NA	NA	NA	NA
NC_045512.2	18807	C	T	40296	39409	36	7	7	38	0.000173663	40308	1	FALSE	ORF1ab:cds-YP_009724389.1	AAC	N	AAT	N	1780
NC_045512.2	18807	C	A	40296	39409	36	5	5	32	0.000124045	40308	1	FALSE	ORF1ab:cds-YP_009724389.1	AAC	N	AAA	K	1780
NC_045512.2	18808	C	T	40116	39470	36	5	5	37	0.000124614	40124	1	FALSE	ORF1ab:cds-YP_009724389.1	CAT	H	TAT	Y	1781
NC_045512.2	18808	C	G	40116	39470	36	1	1	37	2.49227e-05	40124	1	FALSE	ORF1ab:cds-YP_009724389.1	CAT	H	GAT	D	1781
NC_045512.2	18808	C	A	40116	39470	36	2	2	31	4.98455e-05	40124	1	FALSE	ORF1ab:cds-YP_009724389.1	CAT	H	AAT	N	1781
NC_045512.2	18809	A	T	39726	39086	36	2	2	37	5.03423e-05	39728	1	FALSE	ORF1ab:cds-YP_009724389.1	CAT	H	CTT	L	1781
NC_045512.2	18810	T	C	39462	38822	36	3	3	33	7.60167e-05	39465	1	FALSE	ORF1ab:cds-YP_009724389.1	CAT	H	CAC	H	1781
NC_045512.2	18811	G	T	39646	39008	36	4	4	34	0.000100873	39654	1	FALSE	ORF1ab:cds-YP_009724389.1	GAT	D	TAT	Y	1782
NC_045512.2	18811	G	C	39646	39008	36	1	1	37	2.52181e-05	39654	1	FALSE	ORF1ab:cds-YP_009724389.1	GAT	D	CAT	H	1782
NC_045512.2	18811	G	A	39646	39008	36	3	3	37	7.56544e-05	39654	1	FALSE	ORF1ab:cds-YP_009724389.1	GAT	D	AAT	N	1782
NC_045512.2	18812	A	T	39231	38623	36	5	4	32	0.000127408	39244	1	FALSE	ORF1ab:cds-YP_009724389.1	GAT	D	GTT	V	1782
NC_045512.2	18812	A	G	39231	38623	36	7	7	37	0.000178371	39244	1	FALSE	ORF1ab:cds-YP_009724389.1	GAT	D	GGT	G	1782
NC_045512.2	18812	A	C	39231	38623	36	1	1	25	2.54816e-05	39244	1	FALSE	ORF1ab:cds-YP_009724389.1	GAT	D	GCT	A	1782
NC_045512.2	18812	A	-T	39231	38623	36	1	0	20	2.54816e-05	39244	1	FALSE	NA	NA	NA	NA	NA	NA
NC_045512.2	18813	T	G	38972	38375	36	1	0	29	2.56542e-05	38980	1	FALSE	ORF1ab:cds-YP_009724389.1	GAT	D	GAG	E	1782
NC_045512.2	18813	T	C	38972	38375	36	5	5	37	0.000128271	38980	1	FALSE	ORF1ab:cds-YP_009724389.1	GAT	D	GAC	D	1782
NC_045512.2	18813	T	A	38972	38375	36	2	2	37	5.13084e-05	38980	1	FALSE	ORF1ab:cds-YP_009724389.1	GAT	D	GAA	E	1782
NC_045512.2	18814	C	T	38420	37824	36	1	1	37	2.60254e-05	38424	1	FALSE	ORF1ab:cds-YP_009724389.1	CTG	L	TTG	L	1783
NC_045512.2	18814	C	A	38420	37824	36	3	3	29	7.80762e-05	38424	1	FALSE	ORF1ab:cds-YP_009724389.1	CTG	L	ATG	M	1783
NC_045512.2	18815	T	G	35051	34481	36	7	7	25	0.000199612	35068	1	FALSE	ORF1ab:cds-YP_009724389.1	CTG	L	CGG	R	1783
NC_045512.2	18815	T	C	35051	34481	36	10	10	37	0.00028516	35068	0.999967	FALSE	ORF1ab:cds-YP_009724389.1	CTG	L	CCG	P	1783
NC_045512.2	18816	G	T	35584	35018	36	1	1	37	2.80836e-05	35608	1	FALSE	ORF1ab:cds-YP_009724389.1	CTG	L	CTT	L	1783
NC_045512.2	18816	G	C	35584	35018	36	1	1	37	2.80836e-05	35608	1	FALSE	ORF1ab:cds-YP_009724389.1	CTG	L	CTC	L	1783
NC_045512.2	18816	G	A	35584	35018	36	22	22	35	0.000617839	35608	0.968677	FALSE	ORF1ab:cds-YP_009724389.1	CTG	L	CTA	L	1783
NC_045512.2	18817	T	C	35432	34886	36	6	5	35	0.00016931	35438	1	FALSE	ORF1ab:cds-YP_009724389.1	TAT	Y	CAT	H	1784
NC_045512.2	18818	A	G	34669	34126	36	6	6	35	0.00017303	34676	0.999999	FALSE	ORF1ab:cds-YP_009724389.1	TAT	Y	TGT	C	1784
NC_045512.2	18818	A	C	34669	34126	36	1	1	25	2.88384e-05	34676	1	FALSE	ORF1ab:cds-YP_009724389.1	TAT	Y	TCT	S	1784
NC_045512.2	18819	T	G	34461	33912	36	1	1	25	2.90158e-05	34464	1	FALSE	ORF1ab:cds-YP_009724389.1	TAT	Y	TAG	*	1784
NC_045512.2	18819	T	C	34461	33912	36	1	1	37	2.90158e-05	34464	1	FALSE	ORF1ab:cds-YP_009724389.1	TAT	Y	TAC	Y	1784
NC_045512.2	18819	T	A	34461	33912	36	1	1	37	2.90158e-05	34464	1	FALSE	ORF1ab:cds-YP_009724389.1	TAT	Y	TAA	*	1784
NC_045512.2	18820	T	G	32664	31958	36	3	3	25	9.18077e-05	32677	1	FALSE	ORF1ab:cds-YP_009724389.1	TGT	C	GGT	G	1785
NC_045512.2	18820	T	C	32664	31958	36	10	7	37	0.000306026	32677	0.999865	FALSE	ORF1ab:cds-YP_009724389.1	TGT	C	CGT	R	1785
NC_045512.2	18821	G	A	33084	32414	36	8	6	40	0.00024175	33092	0.113272	FALSE	ORF1ab:cds-YP_009724389.1	TGT	C	TAT	Y	1785
NC_045512.2	18822	T	C	32443	31783	36	5	5	37	0.000154088	32449	0.999999	FALSE	ORF1ab:cds-YP_009724389.1	TGT	C	TGC	C	1785
NC_045512.2	18822	T	A	32443	31783	36	1	1	37	3.08176e-05	32449	1	FALSE	ORF1ab:cds-YP_009724389.1	TGT	C	TGA	*	1785
NC_045512.2	18823	C	T	33137	32473	36	5	5	37	0.000150866	33142	1	FALSE	ORF1ab:cds-YP_009724389.1	CAA	Q	TAA	*	1786
NC_045512.2	18824	A	G	31121	30462	36	9	9	37	0.000289092	31132	0.999909	FALSE	ORF1ab:cds-YP_009724389.1	CAA	Q	CGA	R	1786
NC_045512.2	18824	A	C	31121	30462	36	2	2	25	6.42426e-05	31132	1	FALSE	ORF1ab:cds-YP_009724389.1	CAA	Q	CCA	P	1786
NC_045512.2	18825	A	T	25163	24538	36	2	2	25	7.94313e-05	25179	1	FALSE	ORF1ab:cds-YP_009724389.1	CAA	Q	CAT	H	1786
NC_045512.2	18825	A	G	25163	24538	36	4	4	37	0.000158863	25179	0.999992	FALSE	ORF1ab:cds-YP_009724389.1	CAA	Q	CAG	Q	1786
NC_045512.2	18825	A	C	25163	24538	36	10	3	33	0.000397156	25179	0.997009	FALSE	ORF1ab:cds-YP_009724389.1	CAA	Q	CAC	H	1786
NC_045512.2	18826	G	A	25565	24918	36	5	5	37	0.000195542	25570	0.99997	FALSE	ORF1ab:cds-YP_009724389.1	GTC	V	ATC	I	1787
NC_045512.2	18827	T	G	25363	24722	36	3	3	25	0.000118255	25369	1	FALSE	ORF1ab:cds-YP_009724389.1	GTC	V	GGC	G	1787
NC_045512.2	18827	T	C	25363	24722	36	3	3	37	0.000118255	25369	0.999998	FALSE	ORF1ab:cds-YP_009724389.1	GTC	V	GCC	A	1787
NC_045512.2	18828	C	T	26104	25465	36	3	3	33	0.000114907	26108	0.999999	FALSE	ORF1ab:cds-YP_009724389.1	GTC	V	GTT	V	1787
NC_045512.2	18828	C	A	26104	25465	36	1	1	37	3.83024e-05	26108	1	FALSE	ORF1ab:cds-YP_009724389.1	GTC	V	GTA	V	1787
NC_045512.2	18829	C	T	25972	25367	36	4	3	37	0.000153982	25977	0.999992	FALSE	ORF1ab:cds-YP_009724389.1	CAT	H	TAT	Y	1788
NC_045512.2	18829	C	A	25972	25367	36	1	1	37	3.84956e-05	25977	1	FALSE	ORF1ab:cds-YP_009724389.1	CAT	H	AAT	N	1788
NC_045512.2	18830	A	T	22486	21889	36	1	1	37	4.44405e-05	22502	1	FALSE	ORF1ab:cds-YP_009724389.1	CAT	H	CTT	L	1788
NC_045512.2	18830	A	G	22486	21889	36	5	5	37	0.000222202	22502	0.999845	FALSE	ORF1ab:cds-YP_009724389.1	CAT	H	CGT	R	1788
NC_045512.2	18830	A	C	22486	21889	36	10	9	26	0.000444405	22502	1	FALSE	ORF1ab:cds-YP_009724389.1	CAT	H	CCT	P	1788
NC_045512.2	18831	T	G	22741	22154	36	5	4	25	0.00021979	22749	1	FALSE	ORF1ab:cds-YP_009724389.1	CAT	H	CAG	Q	1788
NC_045512.2	18831	T	C	22741	22154	36	2	2	37	8.7916e-05	22749	0.999999	FALSE	ORF1ab:cds-YP_009724389.1	CAT	H	CAC	H	1788
NC_045512.2	18831	T	A	22741	22154	36	1	1	37	4.3958e-05	22749	1	FALSE	ORF1ab:cds-YP_009724389.1	CAT	H	CAA	Q	1788
NC_045512.2	18832	G	T	307	10	37	1	0	37	0.00324675	308	0.500813	FALSE	ORF1ab:cds-YP_009724389.1	GGT	G	TGT	C	1789
NC_045512.2	18838	G	A	360	16	37	1	0	37	0.00277008	361	0.500693	FALSE	ORF1ab:cds-YP_009724389.1	GCA	A	ACA	T	1791
NC_045512.2	18839	C	T	364	17	37	1	0	25	0.00273973	365	0.938356	FALSE	ORF1ab:cds-YP_009724389.1	GCA	A	GTA	V	1791
NC_045512.2	18862	A	T	395	26	37	1	0	37	0.00252525	396	0.500632	FALSE	ORF1ab:cds-YP_009724389.1	ATC	I	TTC	F	1799
NC_045512.2	18864	C	A	433	26	38	1	0	37	0.00230415	434	0.500577	FALSE	ORF1ab:cds-YP_009724389.1	ATC	I	ATA	I	1799
NC_045512.2	18865	A	G	426	26	38	1	0	37	0.00234192	427	0.500586	FALSE	ORF1ab:cds-YP_009724389.1	ATG	M	GTG	V	1800
NC_045512.2	18871	A	C	419	26	38	1	0	25	0.00238095	420	0.969307	FALSE	ORF1ab:cds-YP_009724389.1	AGG	R	CGG	R	1802
NC_045512.2	18874	T	G	507	30	38	1	1	37	0.0019685	508	0.500493	FALSE	ORF1ab:cds-YP_009724389.1	TGT	C	GGT	G	1803
NC_045512.2	18891	G	A	572	47	39	1	0	37	0.0017452	573	0.500437	FALSE	ORF1ab:cds-YP_009724389.1	GAG	E	GAA	E	1808
NC_045512.2	18893	G	A	588	46	39	1	1	74	0.00169779	589	0.500425	FALSE	ORF1ab:cds-YP_009724389.1	TGC	C	TAC	Y	1809
NC_045512.2	18896	T	A	533	51	39	1	0	74	0.00187266	534	0.500469	FALSE	ORF1ab:cds-YP_009724389.1	TTT	F	TAT	Y	1810
NC_045512.2	18900	T	A	601	54	40	1	0	37	0.00166113	602	0.500416	FALSE	ORF1ab:cds-YP_009724389.1	GTT	V	GTA	V	1811
NC_045512.2	18902	A	G	575	54	39	1	0	74	0.00173611	576	0.500434	FALSE	ORF1ab:cds-YP_009724389.1	AAG	K	AGG	R	1812
NC_045512.2	18922	G	C	521	88	38	1	0	37	0.00191571	522	0.500479	FALSE	ORF1ab:cds-YP_009724389.1	GAA	E	CAA	Q	1819
NC_045512.2	18930	T	A	443	90	37	1	0	37	0.00225225	444	0.500564	FALSE	ORF1ab:cds-YP_009724389.1	CCT	P	CCA	P	1821
NC_045512.2	18948	G	A	468	110	37	1	0	37	0.0021322	469	0.500534	FALSE	ORF1ab:cds-YP_009724389.1	CTG	L	CTA	L	1827
NC_045512.2	18949	A	C	493	148	37	1	1	25	0.00202429	494	0.969223	FALSE	ORF1ab:cds-YP_009724389.1	AAG	K	CAG	Q	1828
NC_045512.2	18953	T	C	522	148	37	1	0	25	0.00191205	523	0.984687	FALSE	ORF1ab:cds-YP_009724389.1	ATT	I	ACT	T	1829
NC_045512.2	18955	A	G	518	149	37	1	0	37	0.00192678	519	0.500482	FALSE	ORF1ab:cds-YP_009724389.1	AAT	N	GAT	D	1830
NC_045512.2	18959	C	T	578	237	38	1	1	37	0.00172712	579	0.500432	FALSE	ORF1ab:cds-YP_009724389.1	GCG	A	GTG	V	1831
NC_045512.2	18960	G	C	575	229	38	1	1	37	0.00173611	576	0.500434	FALSE	ORF1ab:cds-YP_009724389.1	GCG	A	GCC	A	1831
NC_045512.2	18970	A	C	577	245	39	1	1	25	0.0017301	578	0.984658	FALSE	ORF1ab:cds-YP_009724389.1	AAG	K	CAG	Q	1835
NC_045512.2	18974	T	G	568	260	38	1	1	25	0.00175747	569	0.984662	FALSE	ORF1ab:cds-YP_009724389.1	GTT	V	GGT	G	1836
NC_045512.2	18980	A	G	582	279	38	1	0	37	0.00171527	583	0.500429	FALSE	ORF1ab:cds-YP_009724389.1	CAC	H	CGC	R	1838
NC_045512.2	18984	G	-GTT	551	273	38	1	0	20	0.00181488	551	0.984755	FALSE	NA	NA	NA	NA	NA	NA
NC_045512.2	18989	T	G	534	270	38	1	0	29	0.00186916	535	0.984681	FALSE	ORF1ab:cds-YP_009724389.1	GTT	V	GGT	G	1841
NC_045512.2	18994	G	A	537	287	38	1	1	37	0.00185874	538	0.500465	FALSE	ORF1ab:cds-YP_009724389.1	GCT	A	ACT	T	1843
NC_045512.2	18997	G	A	542	289	39	1	0	37	0.00184162	543	0.500461	FALSE	ORF1ab:cds-YP_009724389.1	GCA	A	ACA	T	1844
NC_045512.2	19000	T	G	541	301	38	1	0	25	0.00184502	542	0.984677	FALSE	ORF1ab:cds-YP_009724389.1	TTA	L	GTA	V	1845
NC_045512.2	19008	A	C	564	318	39	1	0	25	0.00176991	565	0.984664	FALSE	ORF1ab:cds-YP_009724389.1	GCA	A	GCC	A	1847
NC_045512.2	19016	T	G	676	440	40	1	1	25	0.00147493	678	0.992308	FALSE	ORF1ab:cds-YP_009724389.1	TTC	F	TGC	C	1850
NC_045512.2	19016	T	C	676	440	40	1	1	37	0.00147493	678	0.5	FALSE	ORF1ab:cds-YP_009724389.1	TTC	F	TCC	S	1850
NC_045512.2	19021	G	T	659	452	38	1	0	25	0.00151515	660	0.992352	FALSE	ORF1ab:cds-YP_009724389.1	GTT	V	TTT	F	1852
NC_045512.2	19040	A	C	634	455	38	1	1	25	0.0015748	635	0.992359	FALSE	ORF1ab:cds-YP_009724389.1	AAC	N	ACC	T	1858
NC_045512.2	19062	A	C	500	357	38	1	1	25	0.00199601	501	0.984701	FALSE	ORF1ab:cds-YP_009724389.1	GTA	V	GTC	V	1865
NC_045512.2	19065	T	A	519	373	39	1	1	37	0.00192308	520	0.500481	FALSE	ORF1ab:cds-YP_009724389.1	CCT	P	CCA	P	1866
NC_045512.2	19068	A	C	485	346	37	1	1	25	0.00205761	486	0.969231	FALSE	ORF1ab:cds-YP_009724389.1	CAA	Q	CAC	H	1867
NC_045512.2	19070	C	T	503	368	38	1	0	37	0.00198413	504	0.500497	FALSE	ORF1ab:cds-YP_009724389.1	GCT	A	GTT	V	1868
NC_045512.2	19073	A	G	475	343	38	1	1	37	0.00210084	476	0.500526	FALSE	ORF1ab:cds-YP_009724389.1	GAT	D	GGT	G	1869
NC_045512.2	19082	G	A	463	358	38	3	3	33	0.00643777	466	0.125	FALSE	ORF1ab:cds-YP_009724389.1	TGG	W	TAG	*	1872
NC_045512.2	19096	G	A	550	466	40	2	2	37	0.00362319	552	0.250227	FALSE	ORF1ab:cds-YP_009724389.1	GCA	A	ACA	T	1877
NC_045512.2	19099	C	T	552	470	40	1	1	37	0.00180832	553	0.500452	FALSE	ORF1ab:cds-YP_009724389.1	CAG	Q	TAG	*	1878
NC_045512.2	19100	A	G	531	451	40	1	1	74	0.0018797	532	0.50047	FALSE	ORF1ab:cds-YP_009724389.1	CAG	Q	CGG	R	1878
NC_045512.2	19102	C	T	529	456	39	1	1	37	0.00188679	530	0.500472	FALSE	ORF1ab:cds-YP_009724389.1	CCT	P	TCT	S	1879
NC_045512.2	19111	G	A	370	303	40	1	1	74	0.00269542	371	0.500675	FALSE	ORF1ab:cds-YP_009724389.1	GAC	D	AAC	N	1882
NC_045512.2	19117	G	C	3923	375	36	1	0	37	0.000254842	3924	0.93758	FALSE	ORF1ab:cds-YP_009724389.1	GCT	A	CCT	P	1884
NC_045512.2	19118	C	T	3954	381	36	1	0	37	0.000252845	3955	0.937579	FALSE	ORF1ab:cds-YP_009724389.1	GCT	A	GTT	V	1884
NC_045512.2	19119	T	C	3975	384	37	3	0	37	0.000753769	3980	0.656191	FALSE	ORF1ab:cds-YP_009724389.1	GCT	A	GCC	A	1884
NC_045512.2	19119	T	A	3975	384	37	2	0	37	0.000502513	3980	0.812421	FALSE	ORF1ab:cds-YP_009724389.1	GCT	A	GCA	A	1884
NC_045512.2	19120	T	C	3985	386	36	2	0	37	0.000501505	3988	0.812578	FALSE	ORF1ab:cds-YP_009724389.1	TAT	Y	CAT	H	1885
NC_045512.2	19120	T	A	3985	386	36	1	0	37	0.000250752	3988	0.937516	FALSE	ORF1ab:cds-YP_009724389.1	TAT	Y	AAT	N	1885
NC_045512.2	19122	T	-A	3996	393	37	2	0	20	0.000500501	3996	1	FALSE	NA	NA	NA	NA	NA	NA
NC_045512.2	19122	T	+A	3996	393	37	1	0	20	0.00025025	3996	1	FALSE	NA	NA	NA	NA	NA	NA
NC_045512.2	19128	A	G	4040	395	37	2	1	31	0.000494805	4042	0.89077	FALSE	ORF1ab:cds-YP_009724389.1	ATA	I	ATG	M	1887
NC_045512.2	19130	A	G	4026	405	36	1	0	37	0.000248324	4027	0.968808	FALSE	ORF1ab:cds-YP_009724389.1	GAA	E	GGA	G	1888
NC_045512.2	19131	A	G	4041	436	37	3	2	37	0.00074184	4044	0.77364	FALSE	ORF1ab:cds-YP_009724389.1	GAA	E	GAG	E	1888
NC_045512.2	19134	A	C	4224	444	36	2	0	25	0.000473261	4226	1	FALSE	ORF1ab:cds-YP_009724389.1	GAA	E	GAC	D	1889
NC_045512.2	19135	T	G	4158	452	36	1	0	25	0.000240442	4159	1	FALSE	ORF1ab:cds-YP_009724389.1	TTA	L	GTA	V	1890
NC_045512.2	19137	A	G	4745	470	36	1	0	36	0.000210571	4749	0.96875	FALSE	ORF1ab:cds-YP_009724389.1	TTA	L	TTG	L	1890
NC_045512.2	19137	A	C	4745	470	36	3	0	25	0.000631712	4749	1	FALSE	ORF1ab:cds-YP_009724389.1	TTA	L	TTC	F	1890
NC_045512.2	19138	T	G	4689	448	36	1	0	25	0.00021322	4690	1	FALSE	ORF1ab:cds-YP_009724389.1	TTC	F	GTC	V	1891
NC_045512.2	19139	T	A	4910	501	36	2	0	37	0.000407166	4912	0.890744	FALSE	ORF1ab:cds-YP_009724389.1	TTC	F	TAC	Y	1891
NC_045512.2	19140	C	T	4994	513	36	1	0	37	0.0002002	4995	0.968797	FALSE	ORF1ab:cds-YP_009724389.1	TTC	F	TTT	F	1891
NC_045512.2	19141	T	G	4897	493	36	2	0	31	0.000408247	4899	0.890745	FALSE	ORF1ab:cds-YP_009724389.1	TAT	Y	GAT	D	1892
NC_045512.2	19142	A	G	4949	511	36	1	0	37	0.000201857	4954	0.968734	FALSE	ORF1ab:cds-YP_009724389.1	TAT	Y	TGT	C	1892
NC_045512.2	19142	A	C	4949	511	36	4	0	28	0.000807428	4954	1	FALSE	ORF1ab:cds-YP_009724389.1	TAT	Y	TCT	S	1892
NC_045512.2	19143	T	G	4911	506	36	1	0	25	0.000203583	4912	1	FALSE	ORF1ab:cds-YP_009724389.1	TAT	Y	TAG	*	1892
NC_045512.2	19144	T	G	5118	514	37	2	0	25	0.000390549	5121	1	FALSE	ORF1ab:cds-YP_009724389.1	TCT	S	GCT	A	1893
NC_045512.2	19144	T	A	5118	514	37	1	0	37	0.000195274	5121	0.984389	FALSE	ORF1ab:cds-YP_009724389.1	TCT	S	ACT	T	1893
NC_045512.2	19145	C	A	5197	512	37	1	0	37	0.000192382	5198	0.984407	FALSE	ORF1ab:cds-YP_009724389.1	TCT	S	TAT	Y	1893
NC_045512.2	19146	T	C	5201	478	37	2	0	37	0.000384394	5203	0.937595	FALSE	ORF1ab:cds-YP_009724389.1	TCT	S	TCC	S	1893
NC_045512.2	19147	T	C	5235	485	37	2	0	37	0.000381898	5237	0.937594	FALSE	ORF1ab:cds-YP_009724389.1	TAT	Y	CAT	H	1894
NC_045512.2	19148	A	T	5284	500	37	1	0	37	0.000189215	5285	0.984406	FALSE	ORF1ab:cds-YP_009724389.1	TAT	Y	TTT	F	1894
NC_045512.2	19149	T	C	5346	500	37	1	0	37	0.000187021	5347	0.984406	FALSE	ORF1ab:cds-YP_009724389.1	TAT	Y	TAC	Y	1894
NC_045512.2	19150	G	T	5332	512	37	1	0	25	0.000187512	5333	1	FALSE	ORF1ab:cds-YP_009724389.1	GCC	A	TCC	S	1895
NC_045512.2	19151	C	T	5290	506	37	7	1	37	0.00132125	5298	0.387143	FALSE	ORF1ab:cds-YP_009724389.1	GCC	A	GTC	V	1895
NC_045512.2	19151	C	A	5290	506	37	1	0	37	0.00018875	5298	0.984344	FALSE	ORF1ab:cds-YP_009724389.1	GCC	A	GAC	D	1895
NC_045512.2	19153	A	T	5441	579	38	1	0	37	0.000183756	5442	0.984405	FALSE	ORF1ab:cds-YP_009724389.1	ACA	T	TCA	S	1896
NC_045512.2	19155	A	+G	5488	669	38	1	0	20	0.000182216	5488	1	FALSE	NA	NA	NA	NA	NA	NA
NC_045512.2	19158	T	G	5374	683	37	3	1	26	0.000557932	5377	1	FALSE	ORF1ab:cds-YP_009724389.1	CAT	H	CAG	Q	1897
NC_045512.2	19161	T	C	5721	803	39	2	0	37	0.000349467	5723	0.937586	FALSE	ORF1ab:cds-YP_009724389.1	TCT	S	TCC	S	1898
NC_045512.2	19162	G	T	5733	810	39	1	0	37	0.000174398	5734	0.984404	FALSE	ORF1ab:cds-YP_009724389.1	GAC	D	TAC	Y	1899
NC_045512.2	19163	A	G	5672	824	39	1	0	37	0.000176274	5673	0.984404	FALSE	ORF1ab:cds-YP_009724389.1	GAC	D	GGC	G	1899
NC_045512.2	19165	A	T	5827	968	40	1	0	25	0.000171556	5829	1	FALSE	ORF1ab:cds-YP_009724389.1	AAA	K	TAA	*	1900
NC_045512.2	19165	A	G	5827	968	40	1	0	37	0.000171556	5829	0.984395	FALSE	ORF1ab:cds-YP_009724389.1	AAA	K	GAA	E	1900
NC_045512.2	19166	A	G	5830	966	39	2	1	37	0.000342877	5833	0.937556	FALSE	ORF1ab:cds-YP_009724389.1	AAA	K	AGA	R	1900
NC_045512.2	19166	A	C	5830	966	39	1	1	25	0.000171438	5833	1	FALSE	ORF1ab:cds-YP_009724389.1	AAA	K	ACA	T	1900
NC_045512.2	19167	A	C	5633	756	39	1	1	29	0.000177494	5634	1	FALSE	ORF1ab:cds-YP_009724389.1	AAA	K	AAC	N	1900
NC_045512.2	19168	T	C	5659	751	39	1	0	37	0.000176647	5661	0.984396	FALSE	ORF1ab:cds-YP_009724389.1	TTC	F	CTC	L	1901
NC_045512.2	19168	T	A	5659	751	39	1	0	37	0.000176647	5661	0.984396	FALSE	ORF1ab:cds-YP_009724389.1	TTC	F	ATC	I	1901
NC_045512.2	19169	T	C	5767	834	40	2	0	37	0.000346681	5769	0.937585	FALSE	ORF1ab:cds-YP_009724389.1	TTC	F	TCC	S	1901
NC_045512.2	19170	C	T	5786	942	41	1	0	37	0.000172801	5787	0.984403	FALSE	ORF1ab:cds-YP_009724389.1	TTC	F	TTT	F	1901
NC_045512.2	19172	C	T	5937	956	41	3	0	37	0.000504965	5941	0.855552	FALSE	ORF1ab:cds-YP_009724389.1	ACA	T	ATA	I	1902
NC_045512.2	19172	C	A	5937	956	41	1	0	37	0.000168322	5941	0.984379	FALSE	ORF1ab:cds-YP_009724389.1	ACA	T	AAA	K	1902
NC_045512.2	19173	A	T	5908	917	40	1	0	37	0.000168947	5919	0.984323	FALSE	ORF1ab:cds-YP_009724389.1	ACA	T	ACT	T	1902
NC_045512.2	19173	A	G	5908	917	40	9	5	50	0.00152053	5919	0.00194571	TRUE	ORF1ab:cds-YP_009724389.1	ACA	T	ACG	T	1902
NC_045512.2	19173	A	C	5908	917	40	1	1	29	0.000168947	5919	1	FALSE	ORF1ab:cds-YP_009724389.1	ACA	T	ACC	T	1902
NC_045512.2	19175	A	T	5853	963	40	2	0	28	0.00034153	5856	1	FALSE	ORF1ab:cds-YP_009724389.1	GAT	D	GTT	V	1903
NC_045512.2	19175	A	G	5853	963	40	1	0	37	0.000170765	5856	0.984387	FALSE	ORF1ab:cds-YP_009724389.1	GAT	D	GGT	G	1903
NC_045512.2	19177	G	T	6061	992	40	1	0	25	0.000164935	6063	1	FALSE	ORF1ab:cds-YP_009724389.1	GGT	G	TGT	C	1904
NC_045512.2	19177	G	A	6061	992	40	1	0	37	0.000164935	6063	0.992201	FALSE	ORF1ab:cds-YP_009724389.1	GGT	G	AGT	S	1904
NC_045512.2	19178	G	A	6916	1000	40	2	0	55	0.000289101	6918	0.250018	FALSE	ORF1ab:cds-YP_009724389.1	GGT	G	GAT	D	1904
NC_045512.2	19179	T	G	6572	1010	40	1	0	25	0.000152114	6574	1	FALSE	ORF1ab:cds-YP_009724389.1	GGT	G	GGG	G	1904
NC_045512.2	19179	T	A	6572	1010	40	1	0	37	0.000152114	6574	0.9922	FALSE	ORF1ab:cds-YP_009724389.1	GGT	G	GGA	G	1904
NC_045512.2	19181	T	G	6759	1063	40	2	0	25	0.000295814	6761	1	FALSE	ORF1ab:cds-YP_009724389.1	GTA	V	GGA	G	1905
NC_045512.2	19182	A	T	6607	1059	40	1	1	29	0.000151263	6611	1	FALSE	ORF1ab:cds-YP_009724389.1	GTA	V	GTT	V	1905
NC_045512.2	19182	A	G	6607	1059	40	1	0	37	0.000151263	6611	0.992192	FALSE	ORF1ab:cds-YP_009724389.1	GTA	V	GTG	V	1905
NC_045512.2	19182	A	C	6607	1059	40	2	0	31	0.000302526	6611	0.964869	FALSE	ORF1ab:cds-YP_009724389.1	GTA	V	GTC	V	1905
NC_045512.2	19183	T	G	6657	1058	39	3	1	33	0.00045045	6660	0.910267	FALSE	ORF1ab:cds-YP_009724389.1	TGC	C	GGC	G	1906
NC_045512.2	19184	G	T	7042	1104	41	1	0	25	0.000141804	7052	1	FALSE	ORF1ab:cds-YP_009724389.1	TGC	C	TTC	F	1906
NC_045512.2	19184	G	A	7042	1104	41	9	3	39	0.00127623	7052	0.401754	FALSE	ORF1ab:cds-YP_009724389.1	TGC	C	TAC	Y	1906
NC_045512.2	19185	C	T	6791	1265	40	8	3	47	0.00117647	6800	0.00389821	TRUE	ORF1ab:cds-YP_009724389.1	TGC	C	TGT	C	1906
NC_045512.2	19185	C	A	6791	1265	40	1	0	25	0.000147059	6800	1	FALSE	ORF1ab:cds-YP_009724389.1	TGC	C	TGA	*	1906
NC_045512.2	19186	C	T	6796	1304	40	1	0	37	0.000147059	6800	0.992192	FALSE	ORF1ab:cds-YP_009724389.1	CTA	L	TTA	L	1907
NC_045512.2	19186	C	A	6796	1304	40	3	0	49	0.000441176	6800	0.124972	FALSE	ORF1ab:cds-YP_009724389.1	CTA	L	ATA	I	1907
NC_045512.2	19187	T	G	6684	1320	41	10	0	27	0.00149321	6697	1	FALSE	ORF1ab:cds-YP_009724389.1	CTA	L	CGA	R	1907
NC_045512.2	19187	T	C	6684	1320	41	3	0	49	0.000447962	6697	0.12472	FALSE	ORF1ab:cds-YP_009724389.1	CTA	L	CCA	P	1907
NC_045512.2	19188	A	C	6981	1321	42	2	0	25	0.00028641	6983	1	FALSE	ORF1ab:cds-YP_009724389.1	CTA	L	CTC	L	1907
NC_045512.2	19188	A	-T	6981	1321	42	2	0	20	0.00028641	6983	1	FALSE	NA	NA	NA	NA	NA	NA
NC_045512.2	19189	T	G	6835	1315	41	4	0	31	0.00058471	6841	0.828035	FALSE	ORF1ab:cds-YP_009724389.1	TTT	F	GTT	V	1908
NC_045512.2	19189	T	C	6835	1315	41	1	0	37	0.000146177	6841	0.992175	FALSE	ORF1ab:cds-YP_009724389.1	TTT	F	CTT	L	1908
NC_045512.2	19189	T	A	6835	1315	41	1	0	25	0.000146177	6841	1	FALSE	ORF1ab:cds-YP_009724389.1	TTT	F	ATT	I	1908
NC_045512.2	19190	T	G	7054	1328	42	1	0	25	0.000141743	7055	1	FALSE	ORF1ab:cds-YP_009724389.1	TTT	F	TGT	C	1908
NC_045512.2	19192	T	G	7223	1353	42	1	1	29	0.00013837	7227	1	FALSE	ORF1ab:cds-YP_009724389.1	TGG	W	GGG	G	1909
NC_045512.2	19192	T	C	7223	1353	42	3	0	33	0.00041511	7227	0.945373	FALSE	ORF1ab:cds-YP_009724389.1	TGG	W	CGG	R	1909
NC_045512.2	19193	G	T	7176	1353	42	1	0	37	0.000139334	7177	0.996104	FALSE	ORF1ab:cds-YP_009724389.1	TGG	W	TTG	L	1909
NC_045512.2	19194	G	T	7149	1361	42	1	0	37	0.00013986	7150	0.996104	FALSE	ORF1ab:cds-YP_009724389.1	TGG	W	TGT	C	1909
NC_045512.2	19195	A	T	7131	1369	42	1	0	25	0.000140174	7134	1	FALSE	ORF1ab:cds-YP_009724389.1	AAT	N	TAT	Y	1910
NC_045512.2	19195	A	G	7131	1369	42	1	0	37	0.000140174	7134	0.996099	FALSE	ORF1ab:cds-YP_009724389.1	AAT	N	GAT	D	1910
NC_045512.2	19195	A	C	7131	1369	42	1	0	25	0.000140174	7134	1	FALSE	ORF1ab:cds-YP_009724389.1	AAT	N	CAT	H	1910
NC_045512.2	19196	A	G	6723	1380	41	1	0	37	0.00014861	6729	0.992183	FALSE	ORF1ab:cds-YP_009724389.1	AAT	N	AGT	S	1910
NC_045512.2	19196	A	C	6723	1380	41	5	0	25	0.000743052	6729	1	FALSE	ORF1ab:cds-YP_009724389.1	AAT	N	ACT	T	1910
NC_045512.2	19197	T	G	7081	1385	42	1	0	37	0.000141183	7083	0.996101	FALSE	ORF1ab:cds-YP_009724389.1	AAT	N	AAG	K	1910
NC_045512.2	19197	T	C	7081	1385	42	1	0	37	0.000141183	7083	0.996101	FALSE	ORF1ab:cds-YP_009724389.1	AAT	N	AAC	N	1910
NC_045512.2	19198	T	C	7197	1411	42	2	1	61	0.000277816	7199	0.250017	FALSE	ORF1ab:cds-YP_009724389.1	TGC	C	CGC	R	1911
NC_045512.2	19199	G	A	7179	1412	42	11	1	50	0.0015299	7190	0.000486788	TRUE	ORF1ab:cds-YP_009724389.1	TGC	C	TAC	Y	1911
NC_045512.2	19200	C	T	7083	1520	42	7	0	42	0.000986888	7093	0.00779323	TRUE	ORF1ab:cds-YP_009724389.1	TGC	C	TGT	C	1911
NC_045512.2	19200	C	A	7083	1520	42	3	0	27	0.000422952	7093	1	FALSE	ORF1ab:cds-YP_009724389.1	TGC	C	TGA	*	1911
NC_045512.2	19201	A	C	6949	1563	43	1	0	37	0.000143885	6950	0.992203	FALSE	ORF1ab:cds-YP_009724389.1	AAT	N	CAT	H	1912
NC_045512.2	19202	A	T	4988	1922	38	1	0	37	0.000200361	4991	0.968766	FALSE	ORF1ab:cds-YP_009724389.1	AAT	N	ATT	I	1912
NC_045512.2	19202	A	C	4988	1922	38	2	0	31	0.000400721	4991	0.890695	FALSE	ORF1ab:cds-YP_009724389.1	AAT	N	ACT	T	1912
NC_045512.2	19203	T	C	5022	1895	38	1	0	37	0.000199084	5023	0.984408	FALSE	ORF1ab:cds-YP_009724389.1	AAT	N	AAC	N	1912
NC_045512.2	19206	C	T	5432	1999	38	1	1	25	0.00018406	5433	1	FALSE	ORF1ab:cds-YP_009724389.1	GTC	V	GTT	V	1913
NC_045512.2	19207	G	T	5432	2014	38	1	1	37	0.000183925	5437	0.984371	FALSE	ORF1ab:cds-YP_009724389.1	GAT	D	TAT	Y	1914
NC_045512.2	19207	G	A	5432	2014	38	4	1	37	0.0007357	5437	0.746184	FALSE	ORF1ab:cds-YP_009724389.1	GAT	D	AAT	N	1914
NC_045512.2	19209	T	C	5493	1956	38	1	1	37	0.000182017	5494	0.984405	FALSE	ORF1ab:cds-YP_009724389.1	GAT	D	GAC	D	1914
NC_045512.2	19210	A	G	5394	2048	38	1	0	25	0.000185288	5397	1	FALSE	ORF1ab:cds-YP_009724389.1	AGA	R	GGA	G	1915
NC_045512.2	19210	A	C	5394	2048	38	2	0	25	0.000370576	5397	1	FALSE	ORF1ab:cds-YP_009724389.1	AGA	R	CGA	R	1915
NC_045512.2	19212	A	T	5456	2051	38	2	1	37	0.000366435	5458	0.93759	FALSE	ORF1ab:cds-YP_009724389.1	AGA	R	AGT	S	1915
NC_045512.2	19213	T	G	5313	1951	38	1	0	25	0.000188147	5315	1	FALSE	ORF1ab:cds-YP_009724389.1	TAT	Y	GAT	D	1916
NC_045512.2	19213	T	C	5313	1951	38	1	0	37	0.000188147	5315	0.984397	FALSE	ORF1ab:cds-YP_009724389.1	TAT	Y	CAT	H	1916
NC_045512.2	19215	T	C	5419	2035	38	1	1	37	0.000184502	5420	0.984405	FALSE	ORF1ab:cds-YP_009724389.1	TAT	Y	TAC	Y	1916
NC_045512.2	19216	C	A	5395	2040	38	1	1	25	0.000185322	5396	1	FALSE	ORF1ab:cds-YP_009724389.1	CCT	P	ACT	T	1917
NC_045512.2	19217	C	A	5459	2122	38	1	0	37	0.00018315	5460	0.984405	FALSE	ORF1ab:cds-YP_009724389.1	CCT	P	CAT	H	1917
NC_045512.2	19218	T	C	5341	2041	38	1	1	62	0.000187196	5342	0.500047	FALSE	ORF1ab:cds-YP_009724389.1	CCT	P	CCC	P	1917
NC_045512.2	19219	G	A	5529	2080	38	8	3	41	0.00144483	5537	0.0038992	TRUE	ORF1ab:cds-YP_009724389.1	GCT	A	ACT	T	1918
NC_045512.2	19220	C	T	5579	2212	38	4	3	37	0.000716332	5584	0.746182	FALSE	ORF1ab:cds-YP_009724389.1	GCT	A	GTT	V	1918
NC_045512.2	19220	C	A	5579	2212	38	1	0	37	0.000179083	5584	0.984371	FALSE	ORF1ab:cds-YP_009724389.1	GCT	A	GAT	D	1918
NC_045512.2	19221	T	-A	5642	2213	39	1	0	20	0.000177242	5642	1	FALSE	NA	NA	NA	NA	NA	NA
NC_045512.2	19224	T	G	5580	2087	38	4	4	25	0.000716204	5585	1	FALSE	ORF1ab:cds-YP_009724389.1	AAT	N	AAG	K	1919
NC_045512.2	19224	T	A	5580	2087	38	1	0	25	0.000179051	5585	1	FALSE	ORF1ab:cds-YP_009724389.1	AAT	N	AAA	K	1919
NC_045512.2	19225	T	G	5999	2415	39	1	0	25	0.000166667	6000	1	FALSE	ORF1ab:cds-YP_009724389.1	TCC	S	GCC	A	1920
NC_045512.2	19228	A	C	5972	2406	39	1	0	29	0.00016742	5973	1	FALSE	ORF1ab:cds-YP_009724389.1	ATT	I	CTT	L	1921
NC_045512.2	19229	T	G	5884	2426	38	4	0	29	0.000679232	5889	1	FALSE	ORF1ab:cds-YP_009724389.1	ATT	I	AGT	S	1921
NC_045512.2	19229	T	C	5884	2426	38	1	0	37	0.000169808	5889	0.984371	FALSE	ORF1ab:cds-YP_009724389.1	ATT	I	ACT	T	1921
NC_045512.2	19232	T	G	5972	2378	39	1	0	25	0.000167336	5976	1	FALSE	ORF1ab:cds-YP_009724389.1	GTT	V	GGT	G	1922
NC_045512.2	19232	T	C	5972	2378	39	3	0	37	0.000502008	5976	0.855551	FALSE	ORF1ab:cds-YP_009724389.1	GTT	V	GCT	A	1922
NC_045512.2	19235	G	A	5753	2442	38	2	2	43	0.000347524	5755	0.250022	FALSE	ORF1ab:cds-YP_009724389.1	TGT	C	TAT	Y	1923
NC_045512.2	19236	T	C	5721	2390	38	3	1	49	0.000524017	5725	0.124967	FALSE	ORF1ab:cds-YP_009724389.1	TGT	C	TGC	C	1923
NC_045512.2	19236	T	A	5721	2390	38	1	0	37	0.000174672	5725	0.984379	FALSE	ORF1ab:cds-YP_009724389.1	TGT	C	TGA	*	1923
NC_045512.2	19237	A	G	5739	2438	38	3	0	37	0.000522375	5743	0.855554	FALSE	ORF1ab:cds-YP_009724389.1	AGA	R	GGA	G	1924
NC_045512.2	19237	A	C	5739	2438	38	1	1	25	0.000174125	5743	1	FALSE	ORF1ab:cds-YP_009724389.1	AGA	R	CGA	R	1924
NC_045512.2	19238	G	T	5247	2505	37	1	1	37	0.000190549	5248	0.984406	FALSE	ORF1ab:cds-YP_009724389.1	AGA	R	ATA	I	1924
NC_045512.2	19239	A	G	5227	2470	37	2	1	37	0.000382482	5229	0.937594	FALSE	ORF1ab:cds-YP_009724389.1	AGA	R	AGG	R	1924
NC_045512.2	19240	T	A	5171	2418	37	1	1	37	0.000193349	5172	0.984407	FALSE	ORF1ab:cds-YP_009724389.1	TTT	F	ATT	I	1925
NC_045512.2	19241	T	C	5252	2445	37	2	2	37	0.000380662	5254	0.937594	FALSE	ORF1ab:cds-YP_009724389.1	TTT	F	TCT	S	1925
NC_045512.2	19242	T	G	5316	2454	37	1	0	74	0.000188076	5317	0.500047	FALSE	ORF1ab:cds-YP_009724389.1	TTT	F	TTG	L	1925
NC_045512.2	19244	A	G	5454	2525	37	1	0	37	0.000183318	5455	0.984405	FALSE	ORF1ab:cds-YP_009724389.1	GAC	D	GGC	G	1926
NC_045512.2	19245	C	T	5543	2562	37	1	1	37	0.000180375	5544	0.984405	FALSE	ORF1ab:cds-YP_009724389.1	GAC	D	GAT	D	1926
NC_045512.2	19246	A	G	5498	2486	37	1	0	37	0.000181851	5499	0.984405	FALSE	ORF1ab:cds-YP_009724389.1	ACT	T	GCT	A	1927
NC_045512.2	19248	T	C	5832	2492	37	1	1	25	0.000171438	5833	1	FALSE	ORF1ab:cds-YP_009724389.1	ACT	T	ACC	T	1927
NC_045512.2	19250	G	T	5742	2585	37	1	1	37	0.000174095	5744	0.984395	FALSE	ORF1ab:cds-YP_009724389.1	AGA	R	ATA	I	1928
NC_045512.2	19250	G	C	5742	2585	37	1	1	37	0.000174095	5744	0.984395	FALSE	ORF1ab:cds-YP_009724389.1	AGA	R	ACA	T	1928
NC_045512.2	19251	A	G	5856	2565	37	1	1	37	0.000170707	5858	0.984395	FALSE	ORF1ab:cds-YP_009724389.1	AGA	R	AGG	R	1928
NC_045512.2	19251	A	C	5856	2565	37	1	1	25	0.000170707	5858	1	FALSE	ORF1ab:cds-YP_009724389.1	AGA	R	AGC	S	1928
NC_045512.2	19253	T	G	5715	2403	37	3	1	25	0.000524659	5718	1	FALSE	ORF1ab:cds-YP_009724389.1	GTG	V	GGG	G	1929
NC_045512.2	19254	G	A	5892	2435	37	7	5	37	0.00118664	5899	0.387264	FALSE	ORF1ab:cds-YP_009724389.1	GTG	V	GTA	V	1929
NC_045512.2	19255	C	T	5850	2474	37	11	5	39	0.00187585	5864	0.104775	FALSE	ORF1ab:cds-YP_009724389.1	CTA	L	TTA	L	1930
NC_045512.2	19255	C	A	5850	2474	37	3	1	37	0.000511596	5864	0.854992	FALSE	ORF1ab:cds-YP_009724389.1	CTA	L	ATA	I	1930
NC_045512.2	19256	T	C	5700	2289	37	1	0	22	0.000175408	5701	1	FALSE	ORF1ab:cds-YP_009724389.1	CTA	L	CCA	P	1930
NC_045512.2	19257	A	G	5702	2312	37	1	0	37	0.000175285	5705	0.984387	FALSE	ORF1ab:cds-YP_009724389.1	CTA	L	CTG	L	1930
NC_045512.2	19257	A	C	5702	2312	37	2	0	37	0.00035057	5705	0.937558	FALSE	ORF1ab:cds-YP_009724389.1	CTA	L	CTC	L	1930
NC_045512.2	19258	T	G	5737	2245	37	1	0	37	0.000174216	5740	0.984387	FALSE	ORF1ab:cds-YP_009724389.1	TCT	S	GCT	A	1931
NC_045512.2	19258	T	C	5737	2245	37	2	1	37	0.000348432	5740	0.937557	FALSE	ORF1ab:cds-YP_009724389.1	TCT	S	CCT	P	1931
NC_045512.2	19260	T	C	5919	2282	37	1	1	37	0.000168919	5920	0.984403	FALSE	ORF1ab:cds-YP_009724389.1	TCT	S	TCC	S	1931
NC_045512.2	19261	A	G	5974	2205	37	2	1	31	0.000334616	5977	0.937555	FALSE	ORF1ab:cds-YP_009724389.1	AAC	N	GAC	D	1932
NC_045512.2	19261	A	C	5974	2205	37	1	0	25	0.000167308	5977	1	FALSE	ORF1ab:cds-YP_009724389.1	AAC	N	CAC	H	1932
NC_045512.2	19262	A	G	6031	2156	37	1	1	37	0.000165755	6033	0.992201	FALSE	ORF1ab:cds-YP_009724389.1	AAC	N	AGC	S	1932
NC_045512.2	19262	A	C	6031	2156	37	1	0	37	0.000165755	6033	0.992201	FALSE	ORF1ab:cds-YP_009724389.1	AAC	N	ACC	T	1932
NC_045512.2	19264	C	-T	6078	2209	37	1	0	20	0.000164528	6078	1	FALSE	NA	NA	NA	NA	NA	NA
NC_045512.2	19265	T	C	6048	2044	37	1	1	37	0.000165317	6049	0.992201	FALSE	ORF1ab:cds-YP_009724389.1	CTT	L	CCT	P	1933
NC_045512.2	19266	T	C	5809	1896	37	1	0	37	0.000172117	5810	0.984403	FALSE	ORF1ab:cds-YP_009724389.1	CTT	L	CTC	L	1933
NC_045512.2	19267	A	T	5956	1943	37	1	1	37	0.000167842	5958	0.984395	FALSE	ORF1ab:cds-YP_009724389.1	AAC	N	TAC	Y	1934
NC_045512.2	19267	A	C	5956	1943	37	1	0	37	0.000167842	5958	0.984395	FALSE	ORF1ab:cds-YP_009724389.1	AAC	N	CAC	H	1934
NC_045512.2	19268	A	C	5881	1939	37	1	1	37	0.00017001	5882	0.984403	FALSE	ORF1ab:cds-YP_009724389.1	AAC	N	ACC	T	1934
NC_045512.2	19270	T	G	5770	1804	37	2	2	37	0.00034632	5775	0.9375	FALSE	ORF1ab:cds-YP_009724389.1	TTG	L	GTG	V	1935
NC_045512.2	19270	T	C	5770	1804	37	3	1	37	0.000519481	5775	0.855497	FALSE	ORF1ab:cds-YP_009724389.1	TTG	L	CTG	L	1935
NC_045512.2	19271	T	G	5758	1820	37	1	1	25	0.000173611	5760	1	FALSE	ORF1ab:cds-YP_009724389.1	TTG	L	TGG	W	1935
NC_045512.2	19271	T	C	5758	1820	37	1	1	37	0.000173611	5760	0.984395	FALSE	ORF1ab:cds-YP_009724389.1	TTG	L	TCG	S	1935
NC_045512.2	19272	G	A	5816	1847	37	5	2	42	0.000858959	5821	0.0312366	FALSE	ORF1ab:cds-YP_009724389.1	TTG	L	TTA	L	1935
NC_045512.2	19273	C	T	5717	1862	37	3	1	33	0.000524292	5722	0.855497	FALSE	ORF1ab:cds-YP_009724389.1	CCT	P	TCT	S	1936
NC_045512.2	19273	C	A	5717	1862	37	2	1	37	0.000349528	5722	0.9375	FALSE	ORF1ab:cds-YP_009724389.1	CCT	P	ACT	T	1936
NC_045512.2	19274	C	T	5765	1918	37	1	0	37	0.0001734	5767	0.984395	FALSE	ORF1ab:cds-YP_009724389.1	CCT	P	CTT	L	1936
NC_045512.2	19274	C	A	5765	1918	37	1	1	37	0.0001734	5767	0.984395	FALSE	ORF1ab:cds-YP_009724389.1	CCT	P	CAT	H	1936
NC_045512.2	19276	G	A	5760	1843	37	1	0	37	0.000173581	5761	0.984403	FALSE	ORF1ab:cds-YP_009724389.1	GGT	G	AGT	S	1937
NC_045512.2	19277	G	T	5939	1825	37	1	1	20	0.00016835	5940	1	FALSE	ORF1ab:cds-YP_009724389.1	GGT	G	GTT	V	1937
NC_045512.2	19278	T	C	5774	1806	37	1	0	37	0.00017316	5775	0.984403	FALSE	ORF1ab:cds-YP_009724389.1	GGT	G	GGC	G	1937
NC_045512.2	19281	T	A	5164	1862	36	1	0	37	0.000193611	5165	0.984407	FALSE	ORF1ab:cds-YP_009724389.1	TGT	C	TGA	*	1938
NC_045512.2	19282	G	T	5378	2045	37	1	0	37	0.000185839	5381	0.984388	FALSE	ORF1ab:cds-YP_009724389.1	GAT	D	TAT	Y	1939
NC_045512.2	19282	G	A	5378	2045	37	2	0	37	0.000371678	5381	0.937561	FALSE	ORF1ab:cds-YP_009724389.1	GAT	D	AAT	N	1939
NC_045512.2	19283	A	G	5334	2001	37	1	1	37	0.000187441	5335	0.984406	FALSE	ORF1ab:cds-YP_009724389.1	GAT	D	GGT	G	1939
NC_045512.2	19284	T	G	5272	1937	37	1	1	25	0.000189609	5274	1	FALSE	ORF1ab:cds-YP_009724389.1	GAT	D	GAG	E	1939
NC_045512.2	19284	T	C	5272	1937	37	1	1	37	0.000189609	5274	0.984397	FALSE	ORF1ab:cds-YP_009724389.1	GAT	D	GAC	D	1939
NC_045512.2	19286	G	C	5102	1733	37	1	0	37	0.000195963	5103	0.984407	FALSE	ORF1ab:cds-YP_009724389.1	GGT	G	GCT	A	1940
NC_045512.2	19287	T	G	5066	1695	37	1	1	25	0.000197239	5070	1	FALSE	ORF1ab:cds-YP_009724389.1	GGT	G	GGG	G	1940
NC_045512.2	19287	T	C	5066	1695	37	2	2	55	0.000394477	5070	0.249926	FALSE	ORF1ab:cds-YP_009724389.1	GGT	G	GGC	G	1940
NC_045512.2	19287	T	A	5066	1695	37	1	0	37	0.000197239	5070	0.98438	FALSE	ORF1ab:cds-YP_009724389.1	GGT	G	GGA	G	1940
NC_045512.2	19289	G	C	5166	1842	37	1	0	37	0.000193162	5177	0.984316	FALSE	ORF1ab:cds-YP_009724389.1	GGC	G	GCC	A	1941
NC_045512.2	19289	G	A	5166	1842	37	10	2	34	0.00193162	5177	0.150702	FALSE	ORF1ab:cds-YP_009724389.1	GGC	G	GAC	D	1941
NC_045512.2	19290	C	T	5271	1939	37	4	1	46	0.000758006	5277	0.0624408	FALSE	ORF1ab:cds-YP_009724389.1	GGC	G	GGT	G	1941
NC_045512.2	19290	C	G	5271	1939	37	1	0	25	0.000189502	5277	1	FALSE	ORF1ab:cds-YP_009724389.1	GGC	G	GGG	G	1941
NC_045512.2	19290	C	A	5271	1939	37	1	0	25	0.000189502	5277	1	FALSE	ORF1ab:cds-YP_009724389.1	GGC	G	GGA	G	1941
NC_045512.2	19291	A	C	5294	1939	37	1	0	25	0.000188857	5295	1	FALSE	ORF1ab:cds-YP_009724389.1	AGT	S	CGT	R	1942
NC_045512.2	19293	T	A	5268	1833	37	2	1	25	0.000379507	5270	1	FALSE	ORF1ab:cds-YP_009724389.1	AGT	S	AGA	R	1942
NC_045512.2	19294	T	C	5297	1915	37	2	0	31	0.00037743	5299	0.937593	FALSE	ORF1ab:cds-YP_009724389.1	TTG	L	CTG	L	1943
NC_045512.2	19296	G	T	5974	2632	38	1	0	37	0.000167364	5975	0.984402	FALSE	ORF1ab:cds-YP_009724389.1	TTG	L	TTT	F	1943
NC_045512.2	19297	T	G	6014	2718	39	1	0	25	0.000166251	6015	1	FALSE	ORF1ab:cds-YP_009724389.1	TAT	Y	GAT	D	1944
NC_045512.2	19299	T	C	5969	2699	38	1	1	37	0.000167504	5970	0.984402	FALSE	ORF1ab:cds-YP_009724389.1	TAT	Y	TAC	Y	1944
NC_045512.2	19300	G	A	6001	2731	38	1	1	37	0.000166611	6002	0.992206	FALSE	ORF1ab:cds-YP_009724389.1	GTA	V	ATA	I	1945
NC_045512.2	19301	T	C	5983	2705	39	1	0	37	0.000167112	5984	0.984402	FALSE	ORF1ab:cds-YP_009724389.1	GTA	V	GCA	A	1945
NC_045512.2	19302	A	T	5970	2704	39	1	1	37	0.000167476	5971	0.984402	FALSE	ORF1ab:cds-YP_009724389.1	GTA	V	GTT	V	1945
NC_045512.2	19305	T	C	5731	2703	38	1	0	25	0.000174429	5733	1	FALSE	ORF1ab:cds-YP_009724389.1	AAT	N	AAC	N	1946
NC_045512.2	19305	T	A	5731	2703	38	1	0	25	0.000174429	5733	1	FALSE	ORF1ab:cds-YP_009724389.1	AAT	N	AAA	K	1946
NC_045512.2	19306	A	C	5847	2836	39	1	0	25	0.000170999	5848	1	FALSE	ORF1ab:cds-YP_009724389.1	AAA	K	CAA	Q	1947
NC_045512.2	19307	A	C	5789	2764	38	1	0	25	0.000172712	5790	1	FALSE	ORF1ab:cds-YP_009724389.1	AAA	K	ACA	T	1947
NC_045512.2	19308	A	G	5672	2726	38	1	1	25	0.000176211	5675	1	FALSE	ORF1ab:cds-YP_009724389.1	AAA	K	AAG	K	1947
NC_045512.2	19308	A	C	5672	2726	38	2	2	31	0.000352423	5675	0.937558	FALSE	ORF1ab:cds-YP_009724389.1	AAA	K	AAC	N	1947
NC_045512.2	19309	C	T	5845	2838	38	1	1	25	0.000171057	5846	1	FALSE	ORF1ab:cds-YP_009724389.1	CAT	H	TAT	Y	1948
NC_045512.2	19310	A	G	5821	2859	38	1	1	37	0.000171762	5822	0.984403	FALSE	ORF1ab:cds-YP_009724389.1	CAT	H	CGT	R	1948
NC_045512.2	19311	T	C	5771	2789	38	1	0	37	0.00017325	5772	0.984403	FALSE	ORF1ab:cds-YP_009724389.1	CAT	H	CAC	H	1948
NC_045512.2	19312	G	T	5820	2793	38	1	1	37	0.000171615	5827	0.984355	FALSE	ORF1ab:cds-YP_009724389.1	GCA	A	TCA	S	1949
NC_045512.2	19312	G	C	5820	2793	38	1	1	37	0.000171615	5827	0.984355	FALSE	ORF1ab:cds-YP_009724389.1	GCA	A	CCA	P	1949
NC_045512.2	19312	G	A	5820	2793	38	5	3	44	0.000858074	5827	0.0312098	FALSE	ORF1ab:cds-YP_009724389.1	GCA	A	ACA	T	1949
NC_045512.2	19313	C	T	5841	2826	38	4	2	37	0.000684346	5845	0.746262	FALSE	ORF1ab:cds-YP_009724389.1	GCA	A	GTA	V	1949
NC_045512.2	19314	A	G	5872	2842	38	1	0	37	0.000170271	5873	0.984403	FALSE	ORF1ab:cds-YP_009724389.1	GCA	A	GCG	A	1949
NC_045512.2	19315	T	G	5532	2518	37	2	2	25	0.000361337	5535	1	FALSE	ORF1ab:cds-YP_009724389.1	TTC	F	GTC	V	1950
NC_045512.2	19315	T	C	5532	2518	37	1	0	37	0.000180668	5535	0.984388	FALSE	ORF1ab:cds-YP_009724389.1	TTC	F	CTC	L	1950
NC_045512.2	19317	C	T	6009	2846	38	2	1	37	0.000332723	6011	0.964907	FALSE	ORF1ab:cds-YP_009724389.1	TTC	F	TTT	F	1950
NC_045512.2	19319	A	G	6013	2849	38	1	0	37	0.000166279	6014	0.992206	FALSE	ORF1ab:cds-YP_009724389.1	CAC	H	CGC	R	1951
NC_045512.2	19320	C	T	5974	2858	38	1	1	37	0.000167364	5975	0.984402	FALSE	ORF1ab:cds-YP_009724389.1	CAC	H	CAT	H	1951
NC_045512.2	19321	A	G	5783	2694	38	1	1	37	0.000172861	5785	0.984395	FALSE	ORF1ab:cds-YP_009724389.1	ACA	T	GCA	A	1952
NC_045512.2	19321	A	C	5783	2694	38	1	0	25	0.000172861	5785	1	FALSE	ORF1ab:cds-YP_009724389.1	ACA	T	CCA	P	1952
NC_045512.2	19322	C	T	5895	2746	38	3	2	37	0.000508647	5898	0.855608	FALSE	ORF1ab:cds-YP_009724389.1	ACA	T	ATA	I	1952
NC_045512.2	19323	A	C	5694	2667	38	1	0	37	0.000175593	5695	0.984404	FALSE	ORF1ab:cds-YP_009724389.1	ACA	T	ACC	T	1952
NC_045512.2	19326	A	G	3	3	37	5489	2553	38	0.999454	5492	0	TRUE	ORF1ab:cds-YP_009724389.1	CCA	P	CCG	P	1953
NC_045512.2	19327	G	A	5547	2641	38	9	4	35	0.00161987	5556	0.211926	FALSE	ORF1ab:cds-YP_009724389.1	GCT	A	ACT	T	1954
NC_045512.2	19328	C	T	5463	2579	38	2	1	37	0.000365898	5466	0.93756	FALSE	ORF1ab:cds-YP_009724389.1	GCT	A	GTT	V	1954
NC_045512.2	19328	C	G	5463	2579	38	1	1	37	0.000182949	5466	0.984388	FALSE	ORF1ab:cds-YP_009724389.1	GCT	A	GGT	G	1954
NC_045512.2	19328	C	-T	5463	2579	38	1	0	20	0.000182949	5466	1	FALSE	NA	NA	NA	NA	NA	NA
NC_045512.2	19330	T	G	5291	2635	38	4	0	26	0.000755287	5296	1	FALSE	ORF1ab:cds-YP_009724389.1	TTT	F	GTT	V	1955
NC_045512.2	19330	T	A	5291	2635	38	1	0	37	0.000188822	5296	0.984371	FALSE	ORF1ab:cds-YP_009724389.1	TTT	F	ATT	I	1955
NC_045512.2	19331	T	G	6052	3400	40	2	1	31	0.000330306	6055	0.964889	FALSE	ORF1ab:cds-YP_009724389.1	TTT	F	TGT	C	1955
NC_045512.2	19331	T	C	6052	3400	40	1	0	37	0.000165153	6055	0.992197	FALSE	ORF1ab:cds-YP_009724389.1	TTT	F	TCT	S	1955
NC_045512.2	19332	T	G	6127	3483	40	1	0	25	0.000163159	6129	1	FALSE	ORF1ab:cds-YP_009724389.1	TTT	F	TTG	L	1955
NC_045512.2	19332	T	C	6127	3483	40	1	0	37	0.000163159	6129	0.992201	FALSE	ORF1ab:cds-YP_009724389.1	TTT	F	TTC	F	1955
NC_045512.2	19333	G	A	6158	3470	40	1	0	37	0.000162364	6159	0.992205	FALSE	ORF1ab:cds-YP_009724389.1	GAT	D	AAT	N	1956
NC_045512.2	19334	A	G	6122	3470	39	2	0	42	0.000326584	6124	0.25002	FALSE	ORF1ab:cds-YP_009724389.1	GAT	D	GGT	G	1956
NC_045512.2	19335	T	C	6149	3452	40	1	1	37	0.000162602	6150	0.992205	FALSE	ORF1ab:cds-YP_009724389.1	GAT	D	GAC	D	1956
NC_045512.2	19335	T	-A	6149	3452	40	1	0	20	0.000162602	6150	1	FALSE	NA	NA	NA	NA	NA	NA
NC_045512.2	19336	A	C	6117	3462	40	1	1	25	0.000163452	6118	1	FALSE	ORF1ab:cds-YP_009724389.1	AAA	K	CAA	Q	1957
NC_045512.2	19337	A	C	6059	3419	39	2	0	27	0.000329979	6061	1	FALSE	ORF1ab:cds-YP_009724389.1	AAA	K	ACA	T	1957
NC_045512.2	19338	A	T	6037	3449	39	1	0	37	0.000165563	6040	0.992197	FALSE	ORF1ab:cds-YP_009724389.1	AAA	K	AAT	N	1957
NC_045512.2	19338	A	C	6037	3449	39	2	1	31	0.000331126	6040	0.964889	FALSE	ORF1ab:cds-YP_009724389.1	AAA	K	AAC	N	1957
NC_045512.2	19339	A	G	6146	3628	40	2	1	37	0.000325309	6148	0.964906	FALSE	ORF1ab:cds-YP_009724389.1	AGT	S	GGT	G	1958
NC_045512.2	19340	G	T	6225	3623	40	3	1	29	0.000481464	6231	1	FALSE	ORF1ab:cds-YP_009724389.1	AGT	S	ATT	I	1958
NC_045512.2	19340	G	A	6225	3623	40	3	2	40	0.000481464	6231	0.12491	FALSE	ORF1ab:cds-YP_009724389.1	AGT	S	AAT	N	1958
NC_045512.2	19341	T	G	6154	3685	40	1	0	25	0.000162443	6156	1	FALSE	ORF1ab:cds-YP_009724389.1	AGT	S	AGG	R	1958
NC_045512.2	19341	T	A	6154	3685	40	1	1	29	0.000162443	6156	1	FALSE	ORF1ab:cds-YP_009724389.1	AGT	S	AGA	R	1958
NC_045512.2	19342	G	A	6181	3608	40	1	1	37	0.00016176	6182	0.992205	FALSE	ORF1ab:cds-YP_009724389.1	GCT	A	ACT	T	1959
NC_045512.2	19343	C	T	6131	3632	39	5	2	51	0.000814863	6136	0.0312373	FALSE	ORF1ab:cds-YP_009724389.1	GCT	A	GTT	V	1959
NC_045512.2	19344	T	C	6063	3641	39	1	0	37	0.000164908	6064	0.992206	FALSE	ORF1ab:cds-YP_009724389.1	GCT	A	GCC	A	1959
NC_045512.2	19346	T	G	6472	4237	40	3	3	37	0.00046332	6475	0.91027	FALSE	ORF1ab:cds-YP_009724389.1	TTT	F	TGT	C	1960
NC_045512.2	19348	G	A	6340	4402	40	1	1	37	0.000157704	6341	0.992205	FALSE	ORF1ab:cds-YP_009724389.1	GTT	V	ATT	I	1961
NC_045512.2	19350	T	G	6296	4357	40	1	1	25	0.000158806	6297	1	FALSE	ORF1ab:cds-YP_009724389.1	GTT	V	GTG	V	1961
NC_045512.2	19351	A	T	6286	4423	40	1	1	29	0.000159033	6288	1	FALSE	ORF1ab:cds-YP_009724389.1	AAT	N	TAT	Y	1962
NC_045512.2	19351	A	G	6286	4423	40	1	0	37	0.000159033	6288	0.992201	FALSE	ORF1ab:cds-YP_009724389.1	AAT	N	GAT	D	1962
NC_045512.2	19352	A	T	6187	4337	39	1	0	25	0.000161603	6188	1	FALSE	ORF1ab:cds-YP_009724389.1	AAT	N	ATT	I	1962
NC_045512.2	19353	T	G	6318	4645	39	1	0	25	0.000158253	6319	1	FALSE	ORF1ab:cds-YP_009724389.1	AAT	N	AAG	K	1962
NC_045512.2	19354	T	G	6349	4639	39	1	1	25	0.00015748	6350	1	FALSE	ORF1ab:cds-YP_009724389.1	TTA	L	GTA	V	1963
NC_045512.2	19356	A	G	6421	4740	40	2	1	31	0.000311381	6423	0.964903	FALSE	ORF1ab:cds-YP_009724389.1	TTA	L	TTG	L	1963
NC_045512.2	19357	A	T	6252	4635	39	1	1	37	0.000159923	6253	0.992205	FALSE	ORF1ab:cds-YP_009724389.1	AAA	K	TAA	*	1964
NC_045512.2	19358	A	T	5935	4619	38	1	1	37	0.000168322	5941	0.984363	FALSE	ORF1ab:cds-YP_009724389.1	AAA	K	ATA	I	1964
NC_045512.2	19358	A	C	5935	4619	38	5	5	25	0.000841609	5941	1	FALSE	ORF1ab:cds-YP_009724389.1	AAA	K	ACA	T	1964
NC_045512.2	19359	A	G	5997	4689	38	1	1	37	0.000166639	6001	0.992192	FALSE	ORF1ab:cds-YP_009724389.1	AAA	K	AAG	K	1964
NC_045512.2	19359	A	C	5997	4689	38	3	3	29	0.000499917	6001	1	FALSE	ORF1ab:cds-YP_009724389.1	AAA	K	AAC	N	1964
NC_045512.2	19360	C	T	6265	4890	39	1	1	37	0.000159566	6267	0.992201	FALSE	ORF1ab:cds-YP_009724389.1	CAA	Q	TAA	*	1965
NC_045512.2	19360	C	A	6265	4890	39	1	1	37	0.000159566	6267	0.992201	FALSE	ORF1ab:cds-YP_009724389.1	CAA	Q	AAA	K	1965
NC_045512.2	19362	A	G	6024	4818	38	1	1	37	0.000165948	6026	0.992201	FALSE	ORF1ab:cds-YP_009724389.1	CAA	Q	CAG	Q	1965
NC_045512.2	19362	A	C	6024	4818	38	1	0	25	0.000165948	6026	1	FALSE	ORF1ab:cds-YP_009724389.1	CAA	Q	CAC	H	1965
NC_045512.2	19363	T	G	6530	5491	39	1	1	37	0.000153069	6533	0.992196	FALSE	ORF1ab:cds-YP_009724389.1	TTA	L	GTA	V	1966
NC_045512.2	19363	T	C	6530	5491	39	1	1	74	0.000153069	6533	0.499962	FALSE	ORF1ab:cds-YP_009724389.1	TTA	L	CTA	L	1966
NC_045512.2	19363	T	A	6530	5491	39	1	1	36	0.000153069	6533	0.992196	FALSE	ORF1ab:cds-YP_009724389.1	TTA	L	ATA	I	1966
NC_045512.2	19365	A	G	7816	6927	40	2	2	37	0.00025582	7818	0.980505	FALSE	ORF1ab:cds-YP_009724389.1	TTA	L	TTG	L	1966
NC_045512.2	19366	C	T	7751	6888	39	1	1	37	0.000128999	7752	0.996103	FALSE	ORF1ab:cds-YP_009724389.1	CCA	P	TCA	S	1967
NC_045512.2	19367	C	T	7757	6946	39	1	0	25	0.000128849	7761	1	FALSE	ORF1ab:cds-YP_009724389.1	CCA	P	CTA	L	1967
NC_045512.2	19367	C	A	7757	6946	39	3	2	33	0.000386548	7761	0.945369	FALSE	ORF1ab:cds-YP_009724389.1	CCA	P	CAA	Q	1967
NC_045512.2	19368	A	C	7659	6839	39	2	2	25	0.000261063	7661	1	FALSE	ORF1ab:cds-YP_009724389.1	CCA	P	CCC	P	1967
NC_045512.2	19368	A	-T	7659	6839	39	4	0	20	0.000522125	7661	1	FALSE	NA	NA	NA	NA	NA	NA
NC_045512.2	19369	T	G	7606	6806	39	1	0	25	0.000131423	7609	1	FALSE	ORF1ab:cds-YP_009724389.1	TTT	F	GTT	V	1968
NC_045512.2	19369	T	C	7606	6806	39	1	0	74	0.000131423	7609	0.499836	FALSE	ORF1ab:cds-YP_009724389.1	TTT	F	CTT	L	1968
NC_045512.2	19369	T	A	7606	6806	39	1	1	37	0.000131423	7609	0.996091	FALSE	ORF1ab:cds-YP_009724389.1	TTT	F	ATT	I	1968
NC_045512.2	19370	T	A	7577	6771	39	1	1	29	0.000131961	7578	1	FALSE	ORF1ab:cds-YP_009724389.1	TTT	F	TAT	Y	1968
NC_045512.2	19372	T	C	7597	6793	39	1	1	37	0.000131614	7598	0.996103	FALSE	ORF1ab:cds-YP_009724389.1	TTC	F	CTC	L	1969
NC_045512.2	19373	T	C	7736	6985	39	1	0	37	0.000129249	7737	0.996103	FALSE	ORF1ab:cds-YP_009724389.1	TTC	F	TCC	S	1969
NC_045512.2	19374	C	T	7526	6776	38	1	1	37	0.000132855	7527	0.996103	FALSE	ORF1ab:cds-YP_009724389.1	TTC	F	TTT	F	1969
NC_045512.2	19375	T	G	7817	7079	40	1	1	25	0.000127894	7819	1	FALSE	ORF1ab:cds-YP_009724389.1	TAT	Y	GAT	D	1970
NC_045512.2	19375	T	C	7817	7079	40	1	1	37	0.000127894	7819	0.996101	FALSE	ORF1ab:cds-YP_009724389.1	TAT	Y	CAT	H	1970
NC_045512.2	19376	A	G	7728	7000	39	1	1	74	0.000129383	7729	0.500032	FALSE	ORF1ab:cds-YP_009724389.1	TAT	Y	TGT	C	1970
NC_045512.2	19377	T	G	7579	6877	39	2	2	31	0.000263783	7582	0.980497	FALSE	ORF1ab:cds-YP_009724389.1	TAT	Y	TAG	*	1970
NC_045512.2	19377	T	A	7579	6877	39	1	1	37	0.000131891	7582	0.996099	FALSE	ORF1ab:cds-YP_009724389.1	TAT	Y	TAA	*	1970
NC_045512.2	19380	C	G	7853	7304	38	1	1	37	0.000127324	7854	0.996103	FALSE	ORF1ab:cds-YP_009724389.1	TAC	Y	TAG	*	1971
NC_045512.2	19381	T	C	7602	7052	38	1	1	25	0.000131492	7605	1	FALSE	ORF1ab:cds-YP_009724389.1	TCT	S	CCT	P	1972
NC_045512.2	19381	T	A	7602	7052	38	2	2	37	0.000262985	7605	0.980496	FALSE	ORF1ab:cds-YP_009724389.1	TCT	S	ACT	T	1972
NC_045512.2	19383	T	G	7250	6715	38	5	5	25	0.00068918	7255	1	FALSE	ORF1ab:cds-YP_009724389.1	TCT	S	TCG	S	1972
NC_045512.2	19384	G	T	7679	7157	38	1	1	37	0.000130208	7680	0.996103	FALSE	ORF1ab:cds-YP_009724389.1	GAC	D	TAC	Y	1973
NC_045512.2	19385	A	G	7729	7224	38	2	2	37	0.000258699	7731	0.980505	FALSE	ORF1ab:cds-YP_009724389.1	GAC	D	GGC	G	1973
NC_045512.2	19386	C	T	7857	7368	38	4	4	37	0.000508776	7862	0.886801	FALSE	ORF1ab:cds-YP_009724389.1	GAC	D	GAT	D	1973
NC_045512.2	19386	C	A	7857	7368	38	1	1	37	0.000127194	7862	0.996095	FALSE	ORF1ab:cds-YP_009724389.1	GAC	D	GAA	E	1973
NC_045512.2	19387	A	G	7544	7064	38	2	2	31	0.000264971	7548	0.980487	FALSE	ORF1ab:cds-YP_009724389.1	AGT	S	GGT	G	1974
NC_045512.2	19387	A	C	7544	7064	38	2	2	25	0.000264971	7548	1	FALSE	ORF1ab:cds-YP_009724389.1	AGT	S	CGT	R	1974
NC_045512.2	19387	A	+G	7544	7064	38	4	0	20	0.000529942	7548	1	FALSE	NA	NA	NA	NA	NA	NA
NC_045512.2	19388	G	A	7543	7062	38	1	1	25	0.000132556	7544	1	FALSE	ORF1ab:cds-YP_009724389.1	AGT	S	AAT	N	1974
NC_045512.2	19389	T	G	7475	7006	38	2	2	31	0.000267451	7478	0.980497	FALSE	ORF1ab:cds-YP_009724389.1	AGT	S	AGG	R	1974
NC_045512.2	19389	T	A	7475	7006	38	1	0	22	0.000133726	7478	1	FALSE	ORF1ab:cds-YP_009724389.1	AGT	S	AGA	R	1974
NC_045512.2	19390	C	G	7569	7104	38	1	1	37	0.0001321	7570	0.996103	FALSE	ORF1ab:cds-YP_009724389.1	CCA	P	GCA	A	1975
NC_045512.2	19391	C	T	7496	7042	38	1	1	37	0.000133369	7498	0.996101	FALSE	ORF1ab:cds-YP_009724389.1	CCA	P	CTA	L	1975
NC_045512.2	19391	C	A	7496	7042	38	1	0	29	0.000133369	7498	1	FALSE	ORF1ab:cds-YP_009724389.1	CCA	P	CAA	Q	1975
NC_045512.2	19392	A	G	6945	6500	37	3	3	37	0.00043153	6952	0.910121	FALSE	ORF1ab:cds-YP_009724389.1	CCA	P	CCG	P	1975
NC_045512.2	19392	A	C	6945	6500	37	4	4	25	0.000575374	6952	1	FALSE	ORF1ab:cds-YP_009724389.1	CCA	P	CCC	P	1975
NC_045512.2	19393	T	G	7223	6832	37	7	6	27	0.000967787	7233	1	FALSE	ORF1ab:cds-YP_009724389.1	TGT	C	GGT	G	1976
NC_045512.2	19393	T	C	7223	6832	37	2	2	37	0.00027651	7233	0.98043	FALSE	ORF1ab:cds-YP_009724389.1	TGT	C	CGT	R	1976
NC_045512.2	19393	T	A	7223	6832	37	1	1	74	0.000138255	7233	0.499723	FALSE	ORF1ab:cds-YP_009724389.1	TGT	C	AGT	S	1976
NC_045512.2	19394	G	A	7336	6937	38	3	3	37	0.000408775	7339	0.945396	FALSE	ORF1ab:cds-YP_009724389.1	TGT	C	TAT	Y	1976
NC_045512.2	19395	T	C	7312	6915	38	4	3	46	0.000546747	7316	0.0624915	FALSE	ORF1ab:cds-YP_009724389.1	TGT	C	TGC	C	1976
NC_045512.2	19397	A	G	6479	6095	39	1	1	25	0.000154321	6480	1	FALSE	ORF1ab:cds-YP_009724389.1	GAG	E	GGG	G	1977
NC_045512.2	19401	T	C	6292	5916	38	2	2	37	0.000317763	6294	0.964905	FALSE	ORF1ab:cds-YP_009724389.1	TCT	S	TCC	S	1978
NC_045512.2	19403	A	G	6092	5738	38	1	1	37	0.000164069	6095	0.992196	FALSE	ORF1ab:cds-YP_009724389.1	CAT	H	CGT	R	1979
NC_045512.2	19403	A	C	6092	5738	38	2	2	25	0.000328138	6095	1	FALSE	ORF1ab:cds-YP_009724389.1	CAT	H	CCT	P	1979
NC_045512.2	19404	T	C	6162	5810	38	5	5	34	0.000810767	6167	0.725769	FALSE	ORF1ab:cds-YP_009724389.1	CAT	H	CAC	H	1979
NC_045512.2	19406	G	A	6225	5873	38	2	2	37	0.000321182	6227	0.964905	FALSE	ORF1ab:cds-YP_009724389.1	GGA	G	GAA	E	1980
NC_045512.2	19406	G	-A	6225	5873	38	1	0	20	0.000160591	6227	1	FALSE	NA	NA	NA	NA	NA	NA
NC_045512.2	19411	C	A	6133	5851	38	1	1	25	0.000163026	6134	1	FALSE	ORF1ab:cds-YP_009724389.1	CAA	Q	AAA	K	1982
NC_045512.2	19413	A	T	6006	5768	37	1	1	37	0.000166445	6008	0.992201	FALSE	ORF1ab:cds-YP_009724389.1	CAA	Q	CAT	H	1982
NC_045512.2	19413	A	G	6006	5768	37	1	1	37	0.000166445	6008	0.992201	FALSE	ORF1ab:cds-YP_009724389.1	CAA	Q	CAG	Q	1982
NC_045512.2	19416	A	G	6013	5804	37	2	2	37	0.000332502	6015	0.964907	FALSE	ORF1ab:cds-YP_009724389.1	GTA	V	GTG	V	1983
NC_045512.2	19419	G	A	5974	5841	37	1	1	37	0.000167364	5975	0.984402	FALSE	ORF1ab:cds-YP_009724389.1	GTG	V	GTA	V	1984
NC_045512.2	19421	C	T	5859	5731	36	1	1	37	0.000170648	5860	0.984403	FALSE	ORF1ab:cds-YP_009724389.1	TCA	S	TTA	L	1985
NC_045512.2	19422	A	G	5874	5752	37	1	1	37	0.000170213	5875	0.984403	FALSE	ORF1ab:cds-YP_009724389.1	TCA	S	TCG	S	1985
NC_045512.2	19423	G	A	5844	5740	36	1	1	37	0.000171086	5845	0.984403	FALSE	ORF1ab:cds-YP_009724389.1	GAT	D	AAT	N	1986
NC_045512.2	19424	A	G	5869	5769	36	1	1	25	0.000170358	5870	1	FALSE	ORF1ab:cds-YP_009724389.1	GAT	D	GGT	G	1986
NC_045512.2	19426	A	G	5726	5630	36	2	2	37	0.000349162	5728	0.937586	FALSE	ORF1ab:cds-YP_009724389.1	ATA	I	GTA	V	1987
NC_045512.2	19427	T	C	5730	5632	36	1	1	37	0.00017449	5731	0.984404	FALSE	ORF1ab:cds-YP_009724389.1	ATA	I	ACA	T	1987
NC_045512.2	19428	A	T	5571	5484	36	1	1	25	0.000179372	5575	1	FALSE	ORF1ab:cds-YP_009724389.1	ATA	I	ATT	I	1987
NC_045512.2	19428	A	G	5571	5484	36	3	3	33	0.000538117	5575	0.855557	FALSE	ORF1ab:cds-YP_009724389.1	ATA	I	ATG	M	1987
NC_045512.2	19429	G	T	5620	5533	36	1	1	25	0.000177904	5621	1	FALSE	ORF1ab:cds-YP_009724389.1	GAT	D	TAT	Y	1988
NC_045512.2	19431	T	C	5367	5283	37	1	1	37	0.000186289	5368	0.984406	FALSE	ORF1ab:cds-YP_009724389.1	GAT	D	GAC	D	1988
NC_045512.2	19434	T	C	4585	4510	36	2	2	31	0.000436015	4587	0.890753	FALSE	ORF1ab:cds-YP_009724389.1	TAT	Y	TAC	Y	1989
NC_045512.2	19436	T	C	4545	4473	36	1	1	37	0.000219925	4547	0.968784	FALSE	ORF1ab:cds-YP_009724389.1	GTA	V	GCA	A	1990
NC_045512.2	19436	T	A	4545	4473	36	1	1	37	0.000219925	4547	0.968784	FALSE	ORF1ab:cds-YP_009724389.1	GTA	V	GAA	E	1990
NC_045512.2	19437	A	C	4455	4384	36	1	1	25	0.000224417	4456	1	FALSE	ORF1ab:cds-YP_009724389.1	GTA	V	GTC	V	1990
NC_045512.2	19438	C	T	4498	4428	36	2	2	37	0.000444346	4501	0.890703	FALSE	ORF1ab:cds-YP_009724389.1	CCA	P	TCA	S	1991
NC_045512.2	19438	C	G	4498	4428	36	1	1	37	0.000222173	4501	0.968767	FALSE	ORF1ab:cds-YP_009724389.1	CCA	P	GCA	A	1991
NC_045512.2	19439	C	A	4403	4334	36	1	1	25	0.000227066	4404	1	FALSE	ORF1ab:cds-YP_009724389.1	CCA	P	CAA	Q	1991
NC_045512.2	19440	A	C	4107	4037	36	1	1	37	0.000243427	4108	0.968807	FALSE	ORF1ab:cds-YP_009724389.1	CCA	P	CCC	P	1991
NC_045512.2	19442	T	-A	4245	4188	36	1	0	20	0.000235571	4245	1	FALSE	NA	NA	NA	NA	NA	NA
NC_045512.2	19443	A	G	4275	4218	36	1	1	37	0.000233863	4276	0.968787	FALSE	ORF1ab:cds-YP_009724389.1	CTA	L	CTG	L	1992
NC_045512.2	19444	A	G	4020	3965	35	1	1	25	0.000248571	4023	1	FALSE	ORF1ab:cds-YP_009724389.1	AAG	K	GAG	E	1993
NC_045512.2	19444	A	C	4020	3965	35	2	2	25	0.000497141	4023	1	FALSE	ORF1ab:cds-YP_009724389.1	AAG	K	CAG	Q	1993
NC_045512.2	19445	A	G	3933	3877	35	1	1	37	0.00025413	3935	0.937548	FALSE	ORF1ab:cds-YP_009724389.1	AAG	K	AGG	R	1993
NC_045512.2	19445	A	C	3933	3877	35	1	1	25	0.00025413	3935	1	FALSE	ORF1ab:cds-YP_009724389.1	AAG	K	ACG	T	1993
NC_045512.2	19446	G	A	3892	3836	36	3	3	33	0.000770218	3895	0.656431	FALSE	ORF1ab:cds-YP_009724389.1	AAG	K	AAA	K	1993
NC_045512.2	19449	T	C	3393	3339	36	1	1	25	0.000294638	3394	1	FALSE	ORF1ab:cds-YP_009724389.1	TCT	S	TCC	S	1994
NC_045512.2	19450	G	A	3442	3388	36	1	1	37	0.000290444	3443	0.937591	FALSE	ORF1ab:cds-YP_009724389.1	GCT	A	ACT	T	1995
NC_045512.2	19451	C	T	3472	3418	36	1	1	37	0.000287853	3474	0.937554	FALSE	ORF1ab:cds-YP_009724389.1	GCT	A	GTT	V	1995
NC_045512.2	19451	C	G	3472	3418	36	1	1	37	0.000287853	3474	0.937554	FALSE	ORF1ab:cds-YP_009724389.1	GCT	A	GGT	G	1995
NC_045512.2	19454	C	T	5946	3246	36	1	0	37	0.000168124	5948	0.984395	FALSE	ORF1ab:cds-YP_009724389.1	ACG	T	ATG	M	1996
NC_045512.2	19454	C	G	5946	3246	36	1	1	25	0.000168124	5948	1	FALSE	ORF1ab:cds-YP_009724389.1	ACG	T	AGG	R	1996
NC_045512.2	19455	G	C	7021	3279	36	1	0	25	0.000142328	7026	1	FALSE	ORF1ab:cds-YP_009724389.1	ACG	T	ACC	T	1996
NC_045512.2	19455	G	A	7021	3279	36	4	0	37	0.000569314	7026	0.886811	FALSE	ORF1ab:cds-YP_009724389.1	ACG	T	ACA	T	1996
NC_045512.2	19456	T	G	6946	3219	36	1	1	37	0.000143926	6948	0.992199	FALSE	ORF1ab:cds-YP_009724389.1	TGT	C	GGT	G	1997
NC_045512.2	19456	T	C	6946	3219	36	1	0	37	0.000143926	6948	0.992199	FALSE	ORF1ab:cds-YP_009724389.1	TGT	C	CGT	R	1997
NC_045512.2	19457	G	A	9277	3230	36	3	0	37	0.000323276	9280	0.980752	FALSE	ORF1ab:cds-YP_009724389.1	TGT	C	TAT	Y	1997
NC_045512.2	19458	T	C	8526	3157	35	4	3	37	0.000468878	8531	0.927073	FALSE	ORF1ab:cds-YP_009724389.1	TGT	C	TGC	C	1997
NC_045512.2	19458	T	A	8526	3157	35	1	0	37	0.00011722	8531	0.998048	FALSE	ORF1ab:cds-YP_009724389.1	TGT	C	TGA	*	1997
NC_045512.2	19459	A	C	8904	3177	35	3	0	30	0.000336814	8907	0.967339	FALSE	ORF1ab:cds-YP_009724389.1	ATA	I	CTA	L	1998
NC_045512.2	19460	T	C	9227	3177	36	1	1	37	0.000108366	9228	0.999026	FALSE	ORF1ab:cds-YP_009724389.1	ATA	I	ACA	T	1998
NC_045512.2	19461	A	C	8931	3092	36	1	1	37	0.000111957	8932	0.998052	FALSE	ORF1ab:cds-YP_009724389.1	ATA	I	ATC	I	1998
NC_045512.2	19462	A	G	8787	2831	36	3	1	33	0.000341142	8794	0.967285	FALSE	ORF1ab:cds-YP_009724389.1	ACA	T	GCA	A	1999
NC_045512.2	19462	A	C	8787	2831	36	4	3	25	0.000454856	8794	1	FALSE	ORF1ab:cds-YP_009724389.1	ACA	T	CCA	P	1999
NC_045512.2	19463	C	A	9329	3389	36	1	0	37	0.000107181	9330	0.999026	FALSE	ORF1ab:cds-YP_009724389.1	ACA	T	AAA	K	1999
NC_045512.2	19464	A	G	8341	2503	36	1	1	37	0.000119875	8342	0.998052	FALSE	ORF1ab:cds-YP_009724389.1	ACA	T	ACG	T	1999
NC_045512.2	19464	A	+G	8341	2503	36	1	0	20	0.000119875	8342	1	FALSE	NA	NA	NA	NA	NA	NA
NC_045512.2	19465	C	T	8512	2552	36	3	2	49	0.000352319	8515	0.125	FALSE	ORF1ab:cds-YP_009724389.1	CGT	R	TGT	C	2000
NC_045512.2	19466	G	T	6442	407	37	2	0	37	0.000310318	6445	0.964886	FALSE	ORF1ab:cds-YP_009724389.1	CGT	R	CTT	L	2000
NC_045512.2	19466	G	A	6442	407	37	1	0	37	0.000155159	6445	0.992196	FALSE	ORF1ab:cds-YP_009724389.1	CGT	R	CAT	H	2000
NC_045512.2	19468	T	C	6497	475	37	1	0	37	0.000153894	6498	0.992204	FALSE	ORF1ab:cds-YP_009724389.1	TGC	C	CGC	R	2001
NC_045512.2	19469	G	C	6600	472	37	1	0	37	0.000151378	6606	0.992183	FALSE	ORF1ab:cds-YP_009724389.1	TGC	C	TCC	S	2001
NC_045512.2	19469	G	A	6600	472	37	5	0	37	0.000756888	6606	0.725671	FALSE	ORF1ab:cds-YP_009724389.1	TGC	C	TAC	Y	2001
NC_045512.2	19470	C	T	6434	476	36	2	0	31	0.000310752	6436	0.964903	FALSE	ORF1ab:cds-YP_009724389.1	TGC	C	TGT	C	2001
NC_045512.2	19471	A	G	6475	475	36	1	0	25	0.000154416	6476	1	FALSE	ORF1ab:cds-YP_009724389.1	AAT	N	GAT	D	2002
NC_045512.2	19472	A	G	6329	467	36	2	0	37	0.000315657	6336	0.964818	FALSE	ORF1ab:cds-YP_009724389.1	AAT	N	AGT	S	2002
NC_045512.2	19472	A	C	6329	467	36	5	1	29	0.000789141	6336	1	FALSE	ORF1ab:cds-YP_009724389.1	AAT	N	ACT	T	2002
NC_045512.2	19473	T	G	6087	482	35	6	0	29	0.000984575	6094	1	FALSE	ORF1ab:cds-YP_009724389.1	AAT	N	AAG	K	2002
NC_045512.2	19473	T	A	6087	482	35	1	1	25	0.000164096	6094	1	FALSE	ORF1ab:cds-YP_009724389.1	AAT	N	AAA	K	2002
NC_045512.2	19474	T	G	6409	470	36	4	0	25	0.000623733	6413	1	FALSE	ORF1ab:cds-YP_009724389.1	TTA	L	GTA	V	2003
NC_045512.2	19475	T	G	6614	473	36	3	1	25	0.000453378	6617	1	FALSE	ORF1ab:cds-YP_009724389.1	TTA	L	TGA	*	2003
NC_045512.2	19476	A	C	6731	493	37	1	0	25	0.000148544	6732	1	FALSE	ORF1ab:cds-YP_009724389.1	TTA	L	TTC	F	2003
NC_045512.2	19477	G	T	6923	498	37	2	0	31	0.000288809	6925	0.964899	FALSE	ORF1ab:cds-YP_009724389.1	GGT	G	TGT	C	2004
NC_045512.2	19478	G	T	7033	500	37	1	0	25	0.000142146	7035	1	FALSE	ORF1ab:cds-YP_009724389.1	GGT	G	GTT	V	2004
NC_045512.2	19478	G	A	7033	500	37	1	0	37	0.000142146	7035	0.996102	FALSE	ORF1ab:cds-YP_009724389.1	GGT	G	GAT	D	2004
NC_045512.2	19479	T	-G	6750	501	36	1	0	20	0.000148148	6750	1	FALSE	NA	NA	NA	NA	NA	NA
NC_045512.2	19480	G	C	7099	495	37	1	0	25	0.000140786	7103	1	FALSE	ORF1ab:cds-YP_009724389.1	GGT	G	CGT	R	2005
NC_045512.2	19480	G	A	7099	495	37	3	0	37	0.000422357	7103	0.94535	FALSE	ORF1ab:cds-YP_009724389.1	GGT	G	AGT	S	2005
NC_045512.2	19481	G	A	7168	506	37	2	0	37	0.00027894	7170	0.980508	FALSE	ORF1ab:cds-YP_009724389.1	GGT	G	GAT	D	2005
NC_045512.2	19482	T	C	7205	501	37	1	0	37	0.000138773	7206	0.996104	FALSE	ORF1ab:cds-YP_009724389.1	GGT	G	GGC	G	2005
NC_045512.2	19483	G	A	7201	497	37	26	4	37	0.00359762	7227	0.000652229	TRUE	ORF1ab:cds-YP_009724389.1	GCT	A	ACT	T	2006
NC_045512.2	19484	C	T	7203	544	37	8	1	35	0.00110926	7212	0.5	FALSE	ORF1ab:cds-YP_009724389.1	GCT	A	GTT	V	2006
NC_045512.2	19484	C	A	7203	544	37	1	0	25	0.000138658	7212	1	FALSE	ORF1ab:cds-YP_009724389.1	GCT	A	GAT	D	2006
NC_045512.2	19485	T	C	7313	538	37	3	0	33	0.00041006	7316	0.945397	FALSE	ORF1ab:cds-YP_009724389.1	GCT	A	GCC	A	2006
NC_045512.2	19486	G	A	7672	685	37	1	0	37	0.000130327	7673	0.996103	FALSE	ORF1ab:cds-YP_009724389.1	GTC	V	ATC	I	2007
NC_045512.2	19487	T	G	7585	676	37	1	1	37	0.000131822	7586	0.996103	FALSE	ORF1ab:cds-YP_009724389.1	GTC	V	GGC	G	2007
NC_045512.2	19490	G	C	8246	687	37	1	1	37	0.000121139	8255	0.998044	FALSE	ORF1ab:cds-YP_009724389.1	TGT	C	TCT	S	2008
NC_045512.2	19490	G	A	8246	687	37	8	0	37	0.00096911	8255	0.598238	FALSE	ORF1ab:cds-YP_009724389.1	TGT	C	TAT	Y	2008
NC_045512.2	19491	T	C	8171	695	37	1	0	37	0.000122369	8172	0.998052	FALSE	ORF1ab:cds-YP_009724389.1	TGT	C	TGC	C	2008
NC_045512.2	19492	A	G	8163	688	37	2	0	55	0.000244948	8165	0.250015	FALSE	ORF1ab:cds-YP_009724389.1	AGA	R	GGA	G	2009
NC_045512.2	19493	G	T	8120	711	37	1	0	25	0.000123138	8121	1	FALSE	ORF1ab:cds-YP_009724389.1	AGA	R	ATA	I	2009
NC_045512.2	19494	A	G	8539	1113	39	4	3	37	0.00046822	8543	0.927101	FALSE	ORF1ab:cds-YP_009724389.1	AGA	R	AGG	R	2009
NC_045512.2	19495	C	T	8819	1134	39	3	0	37	0.000339982	8824	0.967313	FALSE	ORF1ab:cds-YP_009724389.1	CAT	H	TAT	Y	2010
NC_045512.2	19495	C	A	8819	1134	39	2	0	37	0.000226655	8824	0.989265	FALSE	ORF1ab:cds-YP_009724389.1	CAT	H	AAT	N	2010
NC_045512.2	19496	A	C	8750	1152	39	1	0	37	0.000114273	8751	0.998052	FALSE	ORF1ab:cds-YP_009724389.1	CAT	H	CCT	P	2010
NC_045512.2	19497	T	C	8746	1153	39	3	0	33	0.000342857	8750	0.967327	FALSE	ORF1ab:cds-YP_009724389.1	CAT	H	CAC	H	2010
NC_045512.2	19497	T	A	8746	1153	39	1	0	37	0.000114286	8750	0.998049	FALSE	ORF1ab:cds-YP_009724389.1	CAT	H	CAA	Q	2010
NC_045512.2	19498	C	T	8804	1145	39	2	0	37	0.000227118	8806	0.98928	FALSE	ORF1ab:cds-YP_009724389.1	CAT	H	TAT	Y	2011
NC_045512.2	19499	A	G	9208	1161	38	1	0	25	0.000108589	9209	1	FALSE	ORF1ab:cds-YP_009724389.1	CAT	H	CGT	R	2011
NC_045512.2	19501	G	T	9503	1225	38	1	0	37	0.000105186	9507	0.999025	FALSE	ORF1ab:cds-YP_009724389.1	GCT	A	TCT	S	2012
NC_045512.2	19501	G	A	9503	1225	38	3	2	49	0.000315557	9507	0.12498	FALSE	ORF1ab:cds-YP_009724389.1	GCT	A	ACT	T	2012
NC_045512.2	19502	C	T	9543	1303	39	3	1	37	0.000314268	9546	0.980751	FALSE	ORF1ab:cds-YP_009724389.1	GCT	A	GTT	V	2012
NC_045512.2	19503	T	G	9520	1315	39	1	1	37	0.000104998	9524	0.999025	FALSE	ORF1ab:cds-YP_009724389.1	GCT	A	GCG	A	2012
NC_045512.2	19503	T	C	9520	1315	39	3	0	37	0.000314994	9524	0.980742	FALSE	ORF1ab:cds-YP_009724389.1	GCT	A	GCC	A	2012
NC_045512.2	19505	A	T	10133	1365	39	1	0	25	9.86777e-05	10134	1	FALSE	ORF1ab:cds-YP_009724389.1	AAT	N	ATT	I	2013
NC_045512.2	19506	T	A	10411	1385	39	1	0	25	9.6043e-05	10412	1	FALSE	ORF1ab:cds-YP_009724389.1	AAT	N	AAA	K	2013
NC_045512.2	19507	G	A	10462	1390	39	1	0	37	9.55749e-05	10463	0.999513	FALSE	ORF1ab:cds-YP_009724389.1	GAG	E	AAG	K	2014
NC_045512.2	19508	A	T	10359	1396	39	1	0	29	9.64878e-05	10364	1	FALSE	ORF1ab:cds-YP_009724389.1	GAG	E	GTG	V	2014
NC_045512.2	19508	A	G	10359	1396	39	3	0	33	0.000289464	10364	0.988785	FALSE	ORF1ab:cds-YP_009724389.1	GAG	E	GGG	G	2014
NC_045512.2	19508	A	C	10359	1396	39	1	1	29	9.64878e-05	10364	1	FALSE	ORF1ab:cds-YP_009724389.1	GAG	E	GCG	A	2014
NC_045512.2	19509	G	C	10862	1391	39	3	0	37	0.000276065	10867	0.988784	FALSE	ORF1ab:cds-YP_009724389.1	GAG	E	GAC	D	2014
NC_045512.2	19509	G	A	10862	1391	39	2	0	37	0.000184043	10867	0.99683	FALSE	ORF1ab:cds-YP_009724389.1	GAG	E	GAA	E	2014
NC_045512.2	19510	T	C	10791	1429	39	2	0	37	0.000185305	10793	0.996834	FALSE	ORF1ab:cds-YP_009724389.1	TAC	Y	CAC	H	2015
NC_045512.2	19511	A	G	10774	1434	39	2	0	37	0.000185598	10776	0.996834	FALSE	ORF1ab:cds-YP_009724389.1	TAC	Y	TGC	C	2015
NC_045512.2	19512	C	T	10887	1485	39	5	1	44	0.000459053	10892	0.109364	FALSE	ORF1ab:cds-YP_009724389.1	TAC	Y	TAT	Y	2015
NC_045512.2	19513	A	T	10803	1541	39	1	0	37	9.25241e-05	10808	0.999512	FALSE	ORF1ab:cds-YP_009724389.1	AGA	R	TGA	*	2016
NC_045512.2	19513	A	G	10803	1541	39	4	2	34	0.000370096	10808	0.971353	FALSE	ORF1ab:cds-YP_009724389.1	AGA	R	GGA	G	2016
NC_045512.2	19514	G	T	11136	1537	39	1	0	25	8.97908e-05	11137	1	FALSE	ORF1ab:cds-YP_009724389.1	AGA	R	ATA	I	2016
NC_045512.2	19515	A	G	11130	1584	39	2	0	31	0.000179662	11132	0.998296	FALSE	ORF1ab:cds-YP_009724389.1	AGA	R	AGG	R	2016
NC_045512.2	19516	T	G	10789	1594	38	6	0	29	0.00055571	10797	1	FALSE	ORF1ab:cds-YP_009724389.1	TTG	L	GTG	V	2017
NC_045512.2	19516	T	C	10789	1594	38	1	0	37	9.26183e-05	10797	0.999511	FALSE	ORF1ab:cds-YP_009724389.1	TTG	L	CTG	L	2017
NC_045512.2	19516	T	A	10789	1594	38	1	0	37	9.26183e-05	10797	0.999511	FALSE	ORF1ab:cds-YP_009724389.1	TTG	L	ATG	M	2017
NC_045512.2	19517	T	C	11288	1599	39	4	1	34	0.00035417	11294	0.982444	FALSE	ORF1ab:cds-YP_009724389.1	TTG	L	TCG	S	2017
NC_045512.2	19517	T	A	11288	1599	39	2	0	31	0.000177085	11294	0.998293	FALSE	ORF1ab:cds-YP_009724389.1	TTG	L	TAG	*	2017
NC_045512.2	19518	G	A	11447	1605	39	2	0	42	0.000174688	11449	0.500033	FALSE	ORF1ab:cds-YP_009724389.1	TTG	L	TTA	L	2017
NC_045512.2	19519	T	C	11413	1599	39	6	0	33	0.000525394	11420	0.928343	FALSE	ORF1ab:cds-YP_009724389.1	TAT	Y	CAT	H	2018
NC_045512.2	19519	T	A	11413	1599	39	1	0	37	8.75657e-05	11420	0.999756	FALSE	ORF1ab:cds-YP_009724389.1	TAT	Y	AAT	N	2018
NC_045512.2	19520	A	G	11200	1656	39	1	0	37	8.92618e-05	11203	0.999756	FALSE	ORF1ab:cds-YP_009724389.1	TAT	Y	TGT	C	2018
NC_045512.2	19520	A	C	11200	1656	39	2	0	31	0.000178524	11203	0.998295	FALSE	ORF1ab:cds-YP_009724389.1	TAT	Y	TCT	S	2018
NC_045512.2	19522	C	T	11649	1876	40	1	0	37	8.58369e-05	11650	0.999757	FALSE	ORF1ab:cds-YP_009724389.1	CTC	L	TTC	F	2019
NC_045512.2	19523	T	G	11770	2054	40	1	0	37	8.49401e-05	11773	0.999756	FALSE	ORF1ab:cds-YP_009724389.1	CTC	L	CGC	R	2019
NC_045512.2	19523	T	C	11770	2054	40	2	0	37	0.00016988	11773	0.998295	FALSE	ORF1ab:cds-YP_009724389.1	CTC	L	CCC	P	2019
NC_045512.2	19525	G	A	11726	2064	40	10	2	48	0.000852079	11736	0.00585251	TRUE	ORF1ab:cds-YP_009724389.1	GAT	D	AAT	N	2020
NC_045512.2	19526	A	G	11726	2060	40	1	0	37	8.52733e-05	11727	0.999757	FALSE	ORF1ab:cds-YP_009724389.1	GAT	D	GGT	G	2020
NC_045512.2	19527	T	C	11766	2053	40	2	0	31	0.000169952	11768	0.998296	FALSE	ORF1ab:cds-YP_009724389.1	GAT	D	GAC	D	2020
NC_045512.2	19528	G	A	12216	2067	40	3	0	49	0.000245519	12219	0.312515	FALSE	ORF1ab:cds-YP_009724389.1	GCT	A	ACT	T	2021
NC_045512.2	19529	C	T	11970	2060	40	7	2	40	0.000584405	11978	0.0351334	FALSE	ORF1ab:cds-YP_009724389.1	GCT	A	GTT	V	2021
NC_045512.2	19529	C	A	11970	2060	40	1	0	25	8.34864e-05	11978	1	FALSE	ORF1ab:cds-YP_009724389.1	GCT	A	GAT	D	2021
NC_045512.2	19529	C	-T	11970	2060	40	1	0	20	8.34864e-05	11978	1	FALSE	NA	NA	NA	NA	NA	NA
NC_045512.2	19530	T	G	11865	2169	40	2	0	25	0.000168535	11867	1	FALSE	ORF1ab:cds-YP_009724389.1	GCT	A	GCG	A	2021
NC_045512.2	19531	T	C	12174	2166	40	3	0	33	0.000246366	12177	0.996318	FALSE	ORF1ab:cds-YP_009724389.1	TAT	Y	CAT	H	2022
NC_045512.2	19532	A	G	12167	2184	40	1	0	37	8.21625e-05	12171	0.999878	FALSE	ORF1ab:cds-YP_009724389.1	TAT	Y	TGT	C	2022
NC_045512.2	19532	A	C	12167	2184	40	3	0	25	0.000246488	12171	1	FALSE	ORF1ab:cds-YP_009724389.1	TAT	Y	TCT	S	2022
NC_045512.2	19533	T	G	12228	2187	40	1	0	25	8.17394e-05	12234	1	FALSE	ORF1ab:cds-YP_009724389.1	TAT	Y	TAG	*	2022
NC_045512.2	19533	T	C	12228	2187	40	3	1	49	0.000245218	12234	0.312423	FALSE	ORF1ab:cds-YP_009724389.1	TAT	Y	TAC	Y	2022
NC_045512.2	19533	T	A	12228	2187	40	2	0	27	0.000163479	12234	1	FALSE	ORF1ab:cds-YP_009724389.1	TAT	Y	TAA	*	2022
NC_045512.2	19535	A	C	12079	2149	40	1	0	25	8.27815e-05	12080	1	FALSE	ORF1ab:cds-YP_009724389.1	AAC	N	ACC	T	2023
NC_045512.2	19537	A	C	12039	2084	40	25	2	36	0.00207228	12064	0.0234457	FALSE	ORF1ab:cds-YP_009724389.1	ATG	M	CTG	L	2024
NC_045512.2	19538	T	G	11995	2155	40	1	0	37	8.33264e-05	12001	0.999878	FALSE	ORF1ab:cds-YP_009724389.1	ATG	M	AGG	R	2024
NC_045512.2	19538	T	C	11995	2155	40	5	0	37	0.000416632	12001	0.975518	FALSE	ORF1ab:cds-YP_009724389.1	ATG	M	ACG	T	2024
NC_045512.2	19539	G	C	11277	2354	39	1	0	37	8.86603e-05	11279	0.999757	FALSE	ORF1ab:cds-YP_009724389.1	ATG	M	ATC	I	2024
NC_045512.2	19539	G	A	11277	2354	39	1	0	37	8.86603e-05	11279	0.999757	FALSE	ORF1ab:cds-YP_009724389.1	ATG	M	ATA	I	2024
NC_045512.2	19540	A	G	11172	2331	39	6	1	35	0.000536721	11179	0.928344	FALSE	ORF1ab:cds-YP_009724389.1	ATG	M	GTG	V	2025
NC_045512.2	19540	A	C	11172	2331	39	1	0	25	8.94534e-05	11179	1	FALSE	ORF1ab:cds-YP_009724389.1	ATG	M	CTG	L	2025
NC_045512.2	19541	T	G	10988	2372	39	4	0	28	0.000363769	10996	1	FALSE	ORF1ab:cds-YP_009724389.1	ATG	M	AGG	R	2025
NC_045512.2	19541	T	C	10988	2372	39	2	0	31	0.000181884	10996	0.996825	FALSE	ORF1ab:cds-YP_009724389.1	ATG	M	ACG	T	2025
NC_045512.2	19541	T	A	10988	2372	39	2	0	33	0.000181884	10996	0.996825	FALSE	ORF1ab:cds-YP_009724389.1	ATG	M	AAG	K	2025
NC_045512.2	19543	A	T	11170	2384	39	1	0	29	8.95095e-05	11172	1	FALSE	ORF1ab:cds-YP_009724389.1	ATC	I	TTC	F	2026
NC_045512.2	19543	A	G	11170	2384	39	1	1	37	8.95095e-05	11172	0.999757	FALSE	ORF1ab:cds-YP_009724389.1	ATC	I	GTC	V	2026
NC_045512.2	19544	T	C	11303	2433	39	1	0	37	8.84643e-05	11304	0.999757	FALSE	ORF1ab:cds-YP_009724389.1	ATC	I	ACC	T	2026
NC_045512.2	19545	C	T	9255	2032	39	2125	502	38	0.186731	11380	0	TRUE	ORF1ab:cds-YP_009724389.1	ATC	I	ATT	I	2026
NC_045512.2	19546	T	C	11151	2596	39	4	1	37	0.000358551	11156	0.982452	FALSE	ORF1ab:cds-YP_009724389.1	TCA	S	CCA	P	2027
NC_045512.2	19546	T	A	11151	2596	39	1	0	37	8.96379e-05	11156	0.999756	FALSE	ORF1ab:cds-YP_009724389.1	TCA	S	ACA	T	2027
NC_045512.2	19547	C	T	11163	2617	39	2	0	37	0.000179115	11166	0.998295	FALSE	ORF1ab:cds-YP_009724389.1	TCA	S	TTA	L	2027
NC_045512.2	19547	C	A	11163	2617	39	1	0	37	8.95576e-05	11166	0.999756	FALSE	ORF1ab:cds-YP_009724389.1	TCA	S	TAA	*	2027
NC_045512.2	19548	A	G	11107	2599	39	4	1	34	0.000360004	11111	0.982459	FALSE	ORF1ab:cds-YP_009724389.1	TCA	S	TCG	S	2027
NC_045512.2	19549	G	A	11130	2601	39	12	3	42	0.00107701	11142	0.00170557	TRUE	ORF1ab:cds-YP_009724389.1	GCT	A	ACT	T	2028
NC_045512.2	19550	C	T	10991	2628	39	11	4	35	0.000999818	11002	0.58422	FALSE	ORF1ab:cds-YP_009724389.1	GCT	A	GTT	V	2028
NC_045512.2	19551	T	C	10999	2586	39	1	0	37	9.09091e-05	11000	0.999757	FALSE	ORF1ab:cds-YP_009724389.1	GCT	A	GCC	A	2028
NC_045512.2	19551	T	-G	10999	2586	39	1	0	20	9.09091e-05	11000	1	FALSE	NA	NA	NA	NA	NA	NA
NC_045512.2	19553	G	T	11796	2782	39	2	1	37	0.000169463	11802	0.998293	FALSE	ORF1ab:cds-YP_009724389.1	GGC	G	GTC	V	2029
NC_045512.2	19553	G	A	11796	2782	39	4	1	46	0.000338926	11802	0.187447	FALSE	ORF1ab:cds-YP_009724389.1	GGC	G	GAC	D	2029
NC_045512.2	19553	G	-C	11796	2782	39	1	0	20	8.47314e-05	11802	1	FALSE	NA	NA	NA	NA	NA	NA
NC_045512.2	19555	T	G	11311	2869	39	6	0	27	0.000530082	11319	1	FALSE	ORF1ab:cds-YP_009724389.1	TTT	F	GTT	V	2030
NC_045512.2	19555	T	C	11311	2869	39	1	0	25	8.8347e-05	11319	1	FALSE	ORF1ab:cds-YP_009724389.1	TTT	F	CTT	L	2030
NC_045512.2	19555	T	A	11311	2869	39	1	1	37	8.8347e-05	11319	0.999756	FALSE	ORF1ab:cds-YP_009724389.1	TTT	F	ATT	I	2030
NC_045512.2	19556	T	G	10589	2983	38	6	0	27	0.000565931	10602	1	FALSE	ORF1ab:cds-YP_009724389.1	TTT	F	TGT	C	2030
NC_045512.2	19556	T	C	10589	2983	38	6	0	35	0.000565931	10602	0.894822	FALSE	ORF1ab:cds-YP_009724389.1	TTT	F	TCT	S	2030
NC_045512.2	19556	T	A	10589	2983	38	1	1	74	9.43218e-05	10602	0.49974	FALSE	ORF1ab:cds-YP_009724389.1	TTT	F	TAT	Y	2030
NC_045512.2	19557	T	C	10867	2974	39	1	0	37	9.20132e-05	10868	0.999513	FALSE	ORF1ab:cds-YP_009724389.1	TTT	F	TTC	F	2030
NC_045512.2	19558	A	G	9242	3275	38	6	3	35	0.000648789	9248	0.84927	FALSE	ORF1ab:cds-YP_009724389.1	AGC	S	GGC	G	2031
NC_045512.2	19559	G	A	9461	3258	38	1	1	37	0.000105686	9462	0.999026	FALSE	ORF1ab:cds-YP_009724389.1	AGC	S	AAC	N	2031
NC_045512.2	19560	C	T	9339	3278	37	2	1	31	0.000214064	9343	0.994149	FALSE	ORF1ab:cds-YP_009724389.1	AGC	S	AGT	S	2031
NC_045512.2	19560	C	A	9339	3278	37	2	1	37	0.000214064	9343	0.994149	FALSE	ORF1ab:cds-YP_009724389.1	AGC	S	AGA	R	2031
NC_045512.2	19561	T	G	9151	3225	37	6	1	25	0.000654736	9164	1	FALSE	ORF1ab:cds-YP_009724389.1	TTG	L	GTG	V	2032
NC_045512.2	19561	T	C	9151	3225	37	6	1	39	0.000654736	9164	0.848921	FALSE	ORF1ab:cds-YP_009724389.1	TTG	L	CTG	L	2032
NC_045512.2	19561	T	A	9151	3225	37	1	0	37	0.000109123	9164	0.99902	FALSE	ORF1ab:cds-YP_009724389.1	TTG	L	ATG	M	2032
NC_045512.2	19562	T	C	9219	3199	38	2	0	37	0.000216896	9221	0.994155	FALSE	ORF1ab:cds-YP_009724389.1	TTG	L	TCG	S	2032
NC_045512.2	19564	T	G	9190	3302	38	4	0	28	0.000434972	9196	1	FALSE	ORF1ab:cds-YP_009724389.1	TGG	W	GGG	G	2033
NC_045512.2	19564	T	C	9190	3302	38	1	0	37	0.000108743	9196	0.999024	FALSE	ORF1ab:cds-YP_009724389.1	TGG	W	CGG	R	2033
NC_045512.2	19564	T	A	9190	3302	38	1	0	37	0.000108743	9196	0.999024	FALSE	ORF1ab:cds-YP_009724389.1	TGG	W	AGG	R	2033
NC_045512.2	19565	G	C	9466	3295	38	1	0	37	0.000105619	9468	0.999026	FALSE	ORF1ab:cds-YP_009724389.1	TGG	W	TCG	S	2033
NC_045512.2	19565	G	A	9466	3295	38	1	0	25	0.000105619	9468	1	FALSE	ORF1ab:cds-YP_009724389.1	TGG	W	TAG	*	2033
NC_045512.2	19566	G	T	9404	3254	38	2	1	55	0.000212608	9407	0.249987	FALSE	ORF1ab:cds-YP_009724389.1	TGG	W	TGT	C	2033
NC_045512.2	19566	G	A	9404	3254	38	1	0	37	0.000106304	9407	0.999025	FALSE	ORF1ab:cds-YP_009724389.1	TGG	W	TGA	*	2033
NC_045512.2	19567	G	T	9441	3268	38	2	2	25	0.000211797	9443	1	FALSE	ORF1ab:cds-YP_009724389.1	GTT	V	TTT	F	2034
NC_045512.2	19568	T	C	9231	3177	38	1	0	37	0.000108319	9232	0.999026	FALSE	ORF1ab:cds-YP_009724389.1	GTT	V	GCT	A	2034
NC_045512.2	19569	T	G	9252	3222	38	3	3	25	0.000324079	9257	1	FALSE	ORF1ab:cds-YP_009724389.1	GTT	V	GTG	V	2034
NC_045512.2	19569	T	C	9252	3222	38	2	2	37	0.000216053	9257	0.994146	FALSE	ORF1ab:cds-YP_009724389.1	GTT	V	GTC	V	2034
NC_045512.2	19570	T	G	9524	3499	39	1	1	25	0.000104965	9527	1	FALSE	ORF1ab:cds-YP_009724389.1	TAC	Y	GAC	D	2035
NC_045512.2	19570	T	C	9524	3499	39	1	0	37	0.000104965	9527	0.999025	FALSE	ORF1ab:cds-YP_009724389.1	TAC	Y	CAC	H	2035
NC_045512.2	19570	T	A	9524	3499	39	1	1	25	0.000104965	9527	1	FALSE	ORF1ab:cds-YP_009724389.1	TAC	Y	AAC	N	2035
NC_045512.2	19571	A	C	9478	3530	38	2	2	29	0.00021097	9480	1	FALSE	ORF1ab:cds-YP_009724389.1	TAC	Y	TCC	S	2035
NC_045512.2	19572	C	T	9546	3668	38	2	2	37	0.000209468	9548	0.994155	FALSE	ORF1ab:cds-YP_009724389.1	TAC	Y	TAT	Y	2035
NC_045512.2	19573	A	G	9527	3737	38	1	0	37	0.000104954	9528	0.999026	FALSE	ORF1ab:cds-YP_009724389.1	AAA	K	GAA	E	2036
NC_045512.2	19574	A	G	9409	3653	38	2	1	31	0.000212495	9412	0.994152	FALSE	ORF1ab:cds-YP_009724389.1	AAA	K	AGA	R	2036
NC_045512.2	19574	A	C	9409	3653	38	1	1	25	0.000106247	9412	1	FALSE	ORF1ab:cds-YP_009724389.1	AAA	K	ACA	T	2036
NC_045512.2	19576	C	T	9540	3793	38	1	0	37	0.0001048	9542	0.999026	FALSE	ORF1ab:cds-YP_009724389.1	CAA	Q	TAA	*	2037
NC_045512.2	19576	C	A	9540	3793	38	1	1	37	0.0001048	9542	0.999026	FALSE	ORF1ab:cds-YP_009724389.1	CAA	Q	AAA	K	2037
NC_045512.2	19578	A	C	9769	4123	38	5	1	27	0.000511561	9774	1	FALSE	ORF1ab:cds-YP_009724389.1	CAA	Q	CAC	H	2037
NC_045512.2	19579	T	G	9790	4244	38	4	0	34	0.00040833	9796	0.953893	FALSE	ORF1ab:cds-YP_009724389.1	TTT	F	GTT	V	2038
NC_045512.2	19579	T	C	9790	4244	38	2	1	37	0.000204165	9796	0.994143	FALSE	ORF1ab:cds-YP_009724389.1	TTT	F	CTT	L	2038
NC_045512.2	19581	T	C	10232	4486	39	1	1	37	9.77231e-05	10233	0.999513	FALSE	ORF1ab:cds-YP_009724389.1	TTT	F	TTC	F	2038
NC_045512.2	19582	G	T	10302	4594	39	1	1	29	9.70497e-05	10304	1	FALSE	ORF1ab:cds-YP_009724389.1	GAT	D	TAT	Y	2039
NC_045512.2	19582	G	A	10302	4594	39	1	0	37	9.70497e-05	10304	0.999513	FALSE	ORF1ab:cds-YP_009724389.1	GAT	D	AAT	N	2039
NC_045512.2	19583	A	G	10205	4538	39	1	1	37	9.79816e-05	10206	0.999513	FALSE	ORF1ab:cds-YP_009724389.1	GAT	D	GGT	G	2039
NC_045512.2	19584	T	G	10170	4492	39	2	2	25	0.000196618	10172	1	FALSE	ORF1ab:cds-YP_009724389.1	GAT	D	GAG	E	2039
NC_045512.2	19585	A	G	10315	4645	39	7	7	37	0.000678097	10323	0.833948	FALSE	ORF1ab:cds-YP_009724389.1	ACT	T	GCT	A	2040
NC_045512.2	19585	A	C	10315	4645	39	1	1	25	9.68711e-05	10323	1	FALSE	ORF1ab:cds-YP_009724389.1	ACT	T	CCT	P	2040
NC_045512.2	19586	C	T	11269	4894	39	2	0	37	0.000177431	11272	0.998295	FALSE	ORF1ab:cds-YP_009724389.1	ACT	T	ATT	I	2040
NC_045512.2	19586	C	A	11269	4894	39	1	1	37	8.87154e-05	11272	0.999756	FALSE	ORF1ab:cds-YP_009724389.1	ACT	T	AAT	N	2040
NC_045512.2	19587	T	G	11203	4810	39	3	2	30	0.00026757	11212	0.993529	FALSE	ORF1ab:cds-YP_009724389.1	ACT	T	ACG	T	2040
NC_045512.2	19587	T	C	11203	4810	39	4	0	34	0.000356761	11212	0.982422	FALSE	ORF1ab:cds-YP_009724389.1	ACT	T	ACC	T	2040
NC_045512.2	19587	T	A	11203	4810	39	2	0	22	0.00017838	11212	1	FALSE	ORF1ab:cds-YP_009724389.1	ACT	T	ACA	T	2040
NC_045512.2	19588	T	G	11269	4862	39	3	1	33	0.000266099	11274	0.993541	FALSE	ORF1ab:cds-YP_009724389.1	TAT	Y	GAT	D	2041
NC_045512.2	19588	T	C	11269	4862	39	2	0	37	0.000177399	11274	0.998294	FALSE	ORF1ab:cds-YP_009724389.1	TAT	Y	CAT	H	2041
NC_045512.2	19589	A	T	11140	4895	39	1	1	25	8.97263e-05	11145	1	FALSE	ORF1ab:cds-YP_009724389.1	TAT	Y	TTT	F	2041
NC_045512.2	19589	A	G	11140	4895	39	1	0	37	8.97263e-05	11145	0.999756	FALSE	ORF1ab:cds-YP_009724389.1	TAT	Y	TGT	C	2041
NC_045512.2	19589	A	C	11140	4895	39	3	3	25	0.000269179	11145	1	FALSE	ORF1ab:cds-YP_009724389.1	TAT	Y	TCT	S	2041
NC_045512.2	19590	T	G	11079	4879	38	5	5	26	0.000451101	11084	1	FALSE	ORF1ab:cds-YP_009724389.1	TAT	Y	TAG	*	2041
NC_045512.2	19591	A	T	11082	4938	39	1	0	37	9.0212e-05	11085	0.999756	FALSE	ORF1ab:cds-YP_009724389.1	AAC	N	TAC	Y	2042
NC_045512.2	19591	A	C	11082	4938	39	2	2	25	0.000180424	11085	1	FALSE	ORF1ab:cds-YP_009724389.1	AAC	N	CAC	H	2042
NC_045512.2	19592	A	G	11096	5018	39	1	0	37	9.00576e-05	11104	0.999756	FALSE	ORF1ab:cds-YP_009724389.1	AAC	N	AGC	S	2042
NC_045512.2	19592	A	C	11096	5018	39	7	7	31	0.000630403	11104	0.881153	FALSE	ORF1ab:cds-YP_009724389.1	AAC	N	ACC	T	2042
NC_045512.2	19593	C	T	11566	5552	39	2	0	37	0.000172846	11571	0.998293	FALSE	ORF1ab:cds-YP_009724389.1	AAC	N	AAT	N	2042
NC_045512.2	19593	C	G	11566	5552	39	3	3	37	0.000259269	11571	0.99354	FALSE	ORF1ab:cds-YP_009724389.1	AAC	N	AAG	K	2042
NC_045512.2	19594	C	T	11694	5600	39	1	0	25	8.5492e-05	11697	1	FALSE	ORF1ab:cds-YP_009724389.1	CTC	L	TTC	F	2043
NC_045512.2	19594	C	A	11694	5600	39	2	1	37	0.000170984	11697	0.998295	FALSE	ORF1ab:cds-YP_009724389.1	CTC	L	ATC	I	2043
NC_045512.2	19595	T	G	11187	4992	39	2	2	37	0.000178603	11198	0.998288	FALSE	ORF1ab:cds-YP_009724389.1	CTC	L	CGC	R	2043
NC_045512.2	19595	T	C	11187	4992	39	6	1	43	0.00053581	11198	0.0624121	FALSE	ORF1ab:cds-YP_009724389.1	CTC	L	CCC	P	2043
NC_045512.2	19595	T	A	11187	4992	39	3	0	29	0.000267905	11198	1	FALSE	ORF1ab:cds-YP_009724389.1	CTC	L	CAC	H	2043
NC_045512.2	19596	C	A	11107	5061	39	1	1	37	9.00252e-05	11108	0.999757	FALSE	ORF1ab:cds-YP_009724389.1	CTC	L	CTA	L	2043
NC_045512.2	19597	T	C	11086	4992	39	1	1	37	9.01876e-05	11088	0.999757	FALSE	ORF1ab:cds-YP_009724389.1	TGG	W	CGG	R	2044
NC_045512.2	19597	T	A	11086	4992	39	1	1	25	9.01876e-05	11088	1	FALSE	ORF1ab:cds-YP_009724389.1	TGG	W	AGG	R	2044
NC_045512.2	19597	T	-G	11086	4992	39	1	0	20	9.01876e-05	11088	1	FALSE	NA	NA	NA	NA	NA	NA
NC_045512.2	19598	G	T	11161	5076	39	1	0	37	8.95817e-05	11163	0.999756	FALSE	ORF1ab:cds-YP_009724389.1	TGG	W	TTG	L	2044
NC_045512.2	19598	G	A	11161	5076	39	1	1	37	8.95817e-05	11163	0.999756	FALSE	ORF1ab:cds-YP_009724389.1	TGG	W	TAG	*	2044
NC_045512.2	19599	G	T	11089	5097	39	2	1	31	0.00018031	11092	0.998295	FALSE	ORF1ab:cds-YP_009724389.1	TGG	W	TGT	C	2044
NC_045512.2	19599	G	A	11089	5097	39	1	1	37	9.01551e-05	11092	0.999756	FALSE	ORF1ab:cds-YP_009724389.1	TGG	W	TGA	*	2044
NC_045512.2	19601	A	C	10592	5213	38	2	0	25	0.000188786	10594	1	FALSE	ORF1ab:cds-YP_009724389.1	AAC	N	ACC	T	2045
NC_045512.2	19602	C	T	10704	5191	39	3	1	37	0.000280191	10707	0.988794	FALSE	ORF1ab:cds-YP_009724389.1	AAC	N	AAT	N	2045
NC_045512.2	19603	A	-C	10618	5048	39	1	0	20	9.41797e-05	10618	1	FALSE	NA	NA	NA	NA	NA	NA
NC_045512.2	19604	C	T	10674	5110	39	1	0	37	9.36593e-05	10677	0.999512	FALSE	ORF1ab:cds-YP_009724389.1	ACT	T	ATT	I	2046
NC_045512.2	19604	C	G	10674	5110	39	1	0	37	9.36593e-05	10677	0.999512	FALSE	ORF1ab:cds-YP_009724389.1	ACT	T	AGT	S	2046
NC_045512.2	19604	C	A	10674	5110	39	1	0	37	9.36593e-05	10677	0.999512	FALSE	ORF1ab:cds-YP_009724389.1	ACT	T	AAT	N	2046
NC_045512.2	19604	C	-T	10674	5110	39	2	0	20	0.000187301	10678	1	FALSE	NA	NA	NA	NA	NA	NA
NC_045512.2	19605	T	C	10180	5028	38	8	5	46	0.000785006	10191	0.019483	FALSE	ORF1ab:cds-YP_009724389.1	ACT	T	ACC	T	2046
NC_045512.2	19605	T	A	10180	5028	38	3	1	49	0.000294377	10191	0.31215	FALSE	ORF1ab:cds-YP_009724389.1	ACT	T	ACA	T	2046
NC_045512.2	19606	T	C	10031	4984	38	1	0	37	9.9681e-05	10032	0.999513	FALSE	ORF1ab:cds-YP_009724389.1	TTT	F	CTT	L	2047
NC_045512.2	19607	T	G	10072	5045	38	1	0	25	9.92654e-05	10074	1	FALSE	ORF1ab:cds-YP_009724389.1	TTT	F	TGT	C	2047
NC_045512.2	19607	T	C	10072	5045	38	1	0	37	9.92654e-05	10074	0.999513	FALSE	ORF1ab:cds-YP_009724389.1	TTT	F	TCT	S	2047
NC_045512.2	19608	T	A	10102	5098	38	2	0	25	0.000197941	10104	1	FALSE	ORF1ab:cds-YP_009724389.1	TTT	F	TTA	L	2047
NC_045512.2	19609	A	G	10571	5668	38	4	3	34	0.000378215	10576	0.971354	FALSE	ORF1ab:cds-YP_009724389.1	ACA	T	GCA	A	2048
NC_045512.2	19609	A	C	10571	5668	38	1	1	25	9.45537e-05	10576	1	FALSE	ORF1ab:cds-YP_009724389.1	ACA	T	CCA	P	2048
NC_045512.2	19610	C	T	10720	6142	38	1	0	37	9.32749e-05	10721	0.999513	FALSE	ORF1ab:cds-YP_009724389.1	ACA	T	ATA	I	2048
NC_045512.2	19611	A	T	10488	5975	38	1	1	37	9.52472e-05	10499	0.999511	FALSE	ORF1ab:cds-YP_009724389.1	ACA	T	ACT	T	2048
NC_045512.2	19611	A	G	10488	5975	38	5	4	42	0.000476236	10499	0.10923	FALSE	ORF1ab:cds-YP_009724389.1	ACA	T	ACG	T	2048
NC_045512.2	19611	A	C	10488	5975	38	5	4	28	0.000476236	10499	1	FALSE	ORF1ab:cds-YP_009724389.1	ACA	T	ACC	T	2048
NC_045512.2	19612	A	T	10533	6010	38	3	1	33	0.000284441	10547	0.98874	FALSE	ORF1ab:cds-YP_009724389.1	AGA	R	TGA	*	2049
NC_045512.2	19612	A	G	10533	6010	38	7	4	37	0.000663696	10547	0.83365	FALSE	ORF1ab:cds-YP_009724389.1	AGA	R	GGA	G	2049
NC_045512.2	19612	A	C	10533	6010	38	4	4	28	0.000379255	10547	1	FALSE	ORF1ab:cds-YP_009724389.1	AGA	R	CGA	R	2049
NC_045512.2	19613	G	A	10364	6043	37	1	1	37	9.64785e-05	10365	0.999513	FALSE	ORF1ab:cds-YP_009724389.1	AGA	R	AAA	K	2049
NC_045512.2	19614	A	G	10801	6188	38	2	2	37	0.000185117	10804	0.996833	FALSE	ORF1ab:cds-YP_009724389.1	AGA	R	AGG	R	2049
NC_045512.2	19614	A	C	10801	6188	38	1	0	37	9.25583e-05	10804	0.999513	FALSE	ORF1ab:cds-YP_009724389.1	AGA	R	AGC	S	2049
NC_045512.2	19615	C	A	10712	6210	38	1	1	37	9.33445e-05	10713	0.999513	FALSE	ORF1ab:cds-YP_009724389.1	CTT	L	ATT	I	2050
NC_045512.2	19616	T	G	10487	6038	38	1	1	25	9.52925e-05	10494	1	FALSE	ORF1ab:cds-YP_009724389.1	CTT	L	CGT	R	2050
NC_045512.2	19616	T	C	10487	6038	38	5	3	37	0.000476463	10494	0.940809	FALSE	ORF1ab:cds-YP_009724389.1	CTT	L	CCT	P	2050
NC_045512.2	19616	T	A	10487	6038	38	1	0	25	9.52925e-05	10494	1	FALSE	ORF1ab:cds-YP_009724389.1	CTT	L	CAT	H	2050
NC_045512.2	19617	T	C	10528	5999	38	2	2	55	0.000189897	10532	0.249964	FALSE	ORF1ab:cds-YP_009724389.1	CTT	L	CTC	L	2050
NC_045512.2	19617	T	A	10528	5999	38	2	0	37	0.000189897	10532	0.996832	FALSE	ORF1ab:cds-YP_009724389.1	CTT	L	CTA	L	2050
NC_045512.2	19618	C	T	10934	6483	38	1	1	25	9.14495e-05	10935	1	FALSE	ORF1ab:cds-YP_009724389.1	CAG	Q	TAG	*	2051
NC_045512.2	19619	A	G	10782	6501	38	2	0	37	0.000185391	10788	0.996828	FALSE	ORF1ab:cds-YP_009724389.1	CAG	Q	CGG	R	2051
NC_045512.2	19619	A	C	10782	6501	38	4	2	25	0.000370782	10788	1	FALSE	ORF1ab:cds-YP_009724389.1	CAG	Q	CCG	P	2051
NC_045512.2	19620	G	A	10909	6474	38	2	1	31	0.000183301	10911	0.996834	FALSE	ORF1ab:cds-YP_009724389.1	CAG	Q	CAA	Q	2051
NC_045512.2	19622	G	T	10813	6381	38	1	0	62	9.24556e-05	10816	0.499977	FALSE	ORF1ab:cds-YP_009724389.1	AGT	S	ATT	I	2052
NC_045512.2	19622	G	A	10813	6381	38	2	2	37	0.000184911	10816	0.996833	FALSE	ORF1ab:cds-YP_009724389.1	AGT	S	AAT	N	2052
NC_045512.2	19623	T	C	10376	6175	38	1	1	37	9.6367e-05	10377	0.999513	FALSE	ORF1ab:cds-YP_009724389.1	AGT	S	AGC	S	2052
NC_045512.2	19624	T	G	10336	6093	38	4	1	29	0.000386772	10342	1	FALSE	ORF1ab:cds-YP_009724389.1	TTA	L	GTA	V	2053
NC_045512.2	19624	T	C	10336	6093	38	2	0	31	0.000193386	10342	0.996829	FALSE	ORF1ab:cds-YP_009724389.1	TTA	L	CTA	L	2053
NC_045512.2	19625	T	C	10573	6250	39	2	0	37	0.000189107	10576	0.996833	FALSE	ORF1ab:cds-YP_009724389.1	TTA	L	TCA	S	2053
NC_045512.2	19625	T	A	10573	6250	39	1	0	37	9.45537e-05	10576	0.999513	FALSE	ORF1ab:cds-YP_009724389.1	TTA	L	TAA	*	2053
NC_045512.2	19626	A	T	10599	6279	39	1	1	25	9.43307e-05	10601	1	FALSE	ORF1ab:cds-YP_009724389.1	TTA	L	TTT	F	2053
NC_045512.2	19626	A	G	10599	6279	39	1	1	37	9.43307e-05	10601	0.999513	FALSE	ORF1ab:cds-YP_009724389.1	TTA	L	TTG	L	2053
NC_045512.2	19628	A	G	10649	6315	39	1	1	37	9.38967e-05	10650	0.999513	FALSE	ORF1ab:cds-YP_009724389.1	GAA	E	GGA	G	2054
NC_045512.2	19629	A	T	10277	6289	38	1	1	37	9.72384e-05	10284	0.999512	FALSE	ORF1ab:cds-YP_009724389.1	GAA	E	GAT	D	2054
NC_045512.2	19629	A	G	10277	6289	38	2	1	31	0.000194477	10284	0.996827	FALSE	ORF1ab:cds-YP_009724389.1	GAA	E	GAG	E	2054
NC_045512.2	19629	A	C	10277	6289	38	4	0	31	0.000388954	10284	0.971331	FALSE	ORF1ab:cds-YP_009724389.1	GAA	E	GAC	D	2054
NC_045512.2	19630	A	G	10680	6840	38	1	0	25	9.36154e-05	10682	1	FALSE	ORF1ab:cds-YP_009724389.1	AAT	N	GAT	D	2055
NC_045512.2	19630	A	C	10680	6840	38	1	0	25	9.36154e-05	10682	1	FALSE	ORF1ab:cds-YP_009724389.1	AAT	N	CAT	H	2055
NC_045512.2	19631	A	C	10276	6454	38	3	1	33	0.000291857	10279	0.988795	FALSE	ORF1ab:cds-YP_009724389.1	AAT	N	ACT	T	2055
NC_045512.2	19632	T	G	10665	6770	38	1	1	25	9.37207e-05	10670	1	FALSE	ORF1ab:cds-YP_009724389.1	AAT	N	AAG	K	2055
NC_045512.2	19632	T	C	10665	6770	38	4	4	37	0.000374883	10670	0.971354	FALSE	ORF1ab:cds-YP_009724389.1	AAT	N	AAC	N	2055
NC_045512.2	19633	G	C	10734	6875	39	1	0	37	9.30839e-05	10743	0.999511	FALSE	ORF1ab:cds-YP_009724389.1	GTG	V	CTG	L	2056
NC_045512.2	19633	G	A	10734	6875	39	8	5	37	0.000744671	10743	0.759752	FALSE	ORF1ab:cds-YP_009724389.1	GTG	V	ATG	M	2056
NC_045512.2	19634	T	G	10681	6861	39	1	1	25	9.36154e-05	10682	1	FALSE	ORF1ab:cds-YP_009724389.1	GTG	V	GGG	G	2056
NC_045512.2	19635	G	T	10665	6786	38	2	2	37	0.000187494	10667	0.996834	FALSE	ORF1ab:cds-YP_009724389.1	GTG	V	GTT	V	2056
NC_045512.2	19636	G	A	10675	6793	38	2	2	55	0.000187319	10677	0.250012	FALSE	ORF1ab:cds-YP_009724389.1	GCT	A	ACT	T	2057
NC_045512.2	19637	C	T	10572	6799	38	1	1	37	9.45805e-05	10573	0.999513	FALSE	ORF1ab:cds-YP_009724389.1	GCT	A	GTT	V	2057
NC_045512.2	19638	T	C	11068	7319	39	3	1	37	0.000270978	11071	0.993547	FALSE	ORF1ab:cds-YP_009724389.1	GCT	A	GCC	A	2057
NC_045512.2	19639	T	G	11084	7479	39	1	0	29	9.0212e-05	11085	1	FALSE	ORF1ab:cds-YP_009724389.1	TTT	F	GTT	V	2058
NC_045512.2	19640	T	G	11118	7425	39	1	0	29	8.99119e-05	11122	1	FALSE	ORF1ab:cds-YP_009724389.1	TTT	F	TGT	C	2058
NC_045512.2	19640	T	C	11118	7425	39	3	2	37	0.000269736	11122	0.993544	FALSE	ORF1ab:cds-YP_009724389.1	TTT	F	TCT	S	2058
NC_045512.2	19641	T	G	11132	7411	39	3	3	26	0.000269348	11138	1	FALSE	ORF1ab:cds-YP_009724389.1	TTT	F	TTG	L	2058
NC_045512.2	19641	T	C	11132	7411	39	3	2	37	0.000269348	11138	0.993538	FALSE	ORF1ab:cds-YP_009724389.1	TTT	F	TTC	F	2058
NC_045512.2	19642	A	G	11122	7397	39	3	3	33	0.00026959	11128	0.993538	FALSE	ORF1ab:cds-YP_009724389.1	AAT	N	GAT	D	2059
NC_045512.2	19642	A	C	11122	7397	39	3	3	33	0.00026959	11128	0.993538	FALSE	ORF1ab:cds-YP_009724389.1	AAT	N	CAT	H	2059
NC_045512.2	19643	A	G	10733	7335	38	1	1	25	9.31532e-05	10735	1	FALSE	ORF1ab:cds-YP_009724389.1	AAT	N	AGT	S	2059
NC_045512.2	19643	A	C	10733	7335	38	1	1	25	9.31532e-05	10735	1	FALSE	ORF1ab:cds-YP_009724389.1	AAT	N	ACT	T	2059
NC_045512.2	19644	T	G	11797	8465	39	4	4	37	0.000338897	11803	0.982443	FALSE	ORF1ab:cds-YP_009724389.1	AAT	N	AAG	K	2059
NC_045512.2	19644	T	C	11797	8465	39	1	1	37	8.47242e-05	11803	0.999756	FALSE	ORF1ab:cds-YP_009724389.1	AAT	N	AAC	N	2059
NC_045512.2	19644	T	A	11797	8465	39	1	1	37	8.47242e-05	11803	0.999756	FALSE	ORF1ab:cds-YP_009724389.1	AAT	N	AAA	K	2059
NC_045512.2	19645	G	T	11783	8438	39	1	0	37	8.48464e-05	11786	0.999756	FALSE	ORF1ab:cds-YP_009724389.1	GTT	V	TTT	F	2060
NC_045512.2	19645	G	A	11783	8438	39	2	2	31	0.000169693	11786	0.998295	FALSE	ORF1ab:cds-YP_009724389.1	GTT	V	ATT	I	2060
NC_045512.2	19646	T	G	12046	8896	39	5	3	25	0.000414834	12053	1	FALSE	ORF1ab:cds-YP_009724389.1	GTT	V	GGT	G	2060
NC_045512.2	19646	T	A	12046	8896	39	2	1	49	0.000165934	12053	0.499876	FALSE	ORF1ab:cds-YP_009724389.1	GTT	V	GAT	D	2060
NC_045512.2	19647	T	G	12237	8998	40	4	3	28	0.000326771	12241	1	FALSE	ORF1ab:cds-YP_009724389.1	GTT	V	GTG	V	2060
NC_045512.2	19648	G	T	12193	9058	39	1	1	37	8.19941e-05	12196	0.999878	FALSE	ORF1ab:cds-YP_009724389.1	GTA	V	TTA	L	2061
NC_045512.2	19648	G	A	12193	9058	39	2	2	37	0.000163988	12196	0.999087	FALSE	ORF1ab:cds-YP_009724389.1	GTA	V	ATA	I	2061
NC_045512.2	19649	T	C	12244	9183	39	3	3	32	0.000244958	12247	0.996318	FALSE	ORF1ab:cds-YP_009724389.1	GTA	V	GCA	A	2061
NC_045512.2	19649	T	-A	12244	9183	39	1	0	20	8.16526e-05	12247	1	FALSE	NA	NA	NA	NA	NA	NA
NC_045512.2	19650	A	T	12398	9259	40	1	1	25	8.06387e-05	12401	1	FALSE	ORF1ab:cds-YP_009724389.1	GTA	V	GTT	V	2061
NC_045512.2	19650	A	G	12398	9259	40	2	2	31	0.000161277	12401	0.999086	FALSE	ORF1ab:cds-YP_009724389.1	GTA	V	GTG	V	2061
NC_045512.2	19651	A	G	12312	9149	39	3	3	33	0.000243586	12316	0.996316	FALSE	ORF1ab:cds-YP_009724389.1	AAT	N	GAT	D	2062
NC_045512.2	19651	A	C	12312	9149	39	1	1	29	8.11952e-05	12316	1	FALSE	ORF1ab:cds-YP_009724389.1	AAT	N	CAT	H	2062
NC_045512.2	19654	A	C	11596	8978	39	1	0	25	8.62292e-05	11597	1	FALSE	ORF1ab:cds-YP_009724389.1	AAG	K	CAG	Q	2063
NC_045512.2	19655	A	T	11427	8798	39	1	1	37	8.74814e-05	11431	0.999756	FALSE	ORF1ab:cds-YP_009724389.1	AAG	K	ATG	M	2063
NC_045512.2	19655	A	G	11427	8798	39	3	3	53	0.000262444	11431	0.124984	FALSE	ORF1ab:cds-YP_009724389.1	AAG	K	AGG	R	2063
NC_045512.2	19656	G	T	11684	9025	39	6	6	39	0.000513215	11691	0.928341	FALSE	ORF1ab:cds-YP_009724389.1	AAG	K	AAT	N	2063
NC_045512.2	19656	G	A	11684	9025	39	1	0	25	8.55359e-05	11691	1	FALSE	ORF1ab:cds-YP_009724389.1	AAG	K	AAA	K	2063
NC_045512.2	19657	G	T	11490	8797	38	2	2	31	0.000174004	11494	0.998294	FALSE	ORF1ab:cds-YP_009724389.1	GGA	G	TGA	*	2064
NC_045512.2	19657	G	A	11490	8797	38	2	1	31	0.000174004	11494	0.998294	FALSE	ORF1ab:cds-YP_009724389.1	GGA	G	AGA	R	2064
NC_045512.2	19658	G	A	11581	8887	39	1	1	37	8.63409e-05	11582	0.999757	FALSE	ORF1ab:cds-YP_009724389.1	GGA	G	GAA	E	2064
NC_045512.2	19659	A	T	11184	8515	39	1	1	37	8.93495e-05	11192	0.999756	FALSE	ORF1ab:cds-YP_009724389.1	GGA	G	GGT	G	2064
NC_045512.2	19659	A	G	11184	8515	39	3	3	33	0.000268049	11192	0.993532	FALSE	ORF1ab:cds-YP_009724389.1	GGA	G	GGG	G	2064
NC_045512.2	19659	A	C	11184	8515	39	4	3	28	0.000357398	11192	1	FALSE	ORF1ab:cds-YP_009724389.1	GGA	G	GGC	G	2064
NC_045512.2	19660	C	T	11525	9011	39	3	2	33	0.000260236	11528	0.993546	FALSE	ORF1ab:cds-YP_009724389.1	CAC	H	TAC	Y	2065
NC_045512.2	19661	A	G	11227	8723	39	3	2	37	0.000267094	11232	0.993541	FALSE	ORF1ab:cds-YP_009724389.1	CAC	H	CGC	R	2065
NC_045512.2	19661	A	C	11227	8723	39	2	2	31	0.000178063	11232	0.998294	FALSE	ORF1ab:cds-YP_009724389.1	CAC	H	CCC	P	2065
NC_045512.2	19661	A	-C	11227	8723	39	1	0	20	8.90313e-05	11232	1	FALSE	NA	NA	NA	NA	NA	NA
NC_045512.2	19662	C	T	11487	8907	39	3	3	33	0.000261074	11491	0.993543	FALSE	ORF1ab:cds-YP_009724389.1	CAC	H	CAT	H	2065
NC_045512.2	19662	C	A	11487	8907	39	1	1	29	8.70246e-05	11491	1	FALSE	ORF1ab:cds-YP_009724389.1	CAC	H	CAA	Q	2065
NC_045512.2	19663	T	G	11516	9017	39	1	0	25	8.68282e-05	11517	1	FALSE	ORF1ab:cds-YP_009724389.1	TTT	F	GTT	V	2066
NC_045512.2	19664	T	C	11494	8951	39	2	2	37	0.000173943	11498	0.998294	FALSE	ORF1ab:cds-YP_009724389.1	TTT	F	TCT	S	2066
NC_045512.2	19664	T	A	11494	8951	39	2	2	37	0.000173943	11498	0.998294	FALSE	ORF1ab:cds-YP_009724389.1	TTT	F	TAT	Y	2066
NC_045512.2	19666	G	T	11521	8915	39	3	3	33	0.000260326	11524	0.993546	FALSE	ORF1ab:cds-YP_009724389.1	GAT	D	TAT	Y	2067
NC_045512.2	19667	A	T	11379	8877	39	2	1	31	0.00017567	11385	0.998293	FALSE	ORF1ab:cds-YP_009724389.1	GAT	D	GTT	V	2067
NC_045512.2	19667	A	G	11379	8877	39	4	3	34	0.000351339	11385	0.982444	FALSE	ORF1ab:cds-YP_009724389.1	GAT	D	GGT	G	2067
NC_045512.2	19668	T	G	11653	9168	39	1	0	25	8.57927e-05	11656	1	FALSE	ORF1ab:cds-YP_009724389.1	GAT	D	GAG	E	2067
NC_045512.2	19668	T	C	11653	9168	39	2	1	37	0.000171585	11656	0.998295	FALSE	ORF1ab:cds-YP_009724389.1	GAT	D	GAC	D	2067
NC_045512.2	19669	G	T	11964	9503	40	2	2	31	0.000167126	11967	0.998295	FALSE	ORF1ab:cds-YP_009724389.1	GGA	G	TGA	*	2068
NC_045512.2	19669	G	A	11964	9503	40	1	1	37	8.35631e-05	11967	0.999756	FALSE	ORF1ab:cds-YP_009724389.1	GGA	G	AGA	R	2068
NC_045512.2	19670	G	C	12206	9774	40	1	1	37	8.19068e-05	12209	0.999878	FALSE	ORF1ab:cds-YP_009724389.1	GGA	G	GCA	A	2068
NC_045512.2	19670	G	A	12206	9774	40	2	1	37	0.000163814	12209	0.999087	FALSE	ORF1ab:cds-YP_009724389.1	GGA	G	GAA	E	2068
NC_045512.2	19671	A	T	12008	9620	40	2	0	74	0.000166417	12018	0.249844	FALSE	ORF1ab:cds-YP_009724389.1	GGA	G	GGT	G	2068
NC_045512.2	19671	A	G	12008	9620	40	6	5	37	0.000499251	12018	0.951883	FALSE	ORF1ab:cds-YP_009724389.1	GGA	G	GGG	G	2068
NC_045512.2	19671	A	C	12008	9620	40	2	1	25	0.000166417	12018	1	FALSE	ORF1ab:cds-YP_009724389.1	GGA	G	GGC	G	2068
NC_045512.2	19672	C	T	12356	9959	40	2	2	48	0.000161812	12360	0.49997	FALSE	ORF1ab:cds-YP_009724389.1	CAA	Q	TAA	*	2069
NC_045512.2	19672	C	A	12356	9959	40	2	2	28	0.000161812	12360	1	FALSE	ORF1ab:cds-YP_009724389.1	CAA	Q	AAA	K	2069
NC_045512.2	19673	A	+G	12303	9921	40	1	0	20	8.1281e-05	12303	1	FALSE	NA	NA	NA	NA	NA	NA
NC_045512.2	19674	A	T	12259	9898	40	1	1	37	8.15528e-05	12262	0.999878	FALSE	ORF1ab:cds-YP_009724389.1	CAA	Q	CAT	H	2069
NC_045512.2	19674	A	G	12259	9898	40	2	2	37	0.000163106	12262	0.999087	FALSE	ORF1ab:cds-YP_009724389.1	CAA	Q	CAG	Q	2069
NC_045512.2	19675	C	T	12343	9984	40	5	4	42	0.000404793	12352	0.10929	FALSE	ORF1ab:cds-YP_009724389.1	CAG	Q	TAG	*	2070
NC_045512.2	19675	C	G	12343	9984	40	1	1	25	8.09585e-05	12352	1	FALSE	ORF1ab:cds-YP_009724389.1	CAG	Q	GAG	E	2070
NC_045512.2	19675	C	A	12343	9984	40	3	2	34	0.000242876	12352	0.996307	FALSE	ORF1ab:cds-YP_009724389.1	CAG	Q	AAG	K	2070
NC_045512.2	19675	C	-A	12343	9984	40	1	0	20	8.09585e-05	12352	1	FALSE	NA	NA	NA	NA	NA	NA
NC_045512.2	19676	A	T	12198	9892	40	4	4	37	0.000327654	12208	0.989358	FALSE	ORF1ab:cds-YP_009724389.1	CAG	Q	CTG	L	2070
NC_045512.2	19676	A	G	12198	9892	40	5	4	42	0.000409567	12208	0.10925	FALSE	ORF1ab:cds-YP_009724389.1	CAG	Q	CGG	R	2070
NC_045512.2	19676	A	C	12198	9892	40	1	1	37	8.19135e-05	12208	0.999878	FALSE	ORF1ab:cds-YP_009724389.1	CAG	Q	CCG	P	2070
NC_045512.2	19676	A	-G	12198	9892	40	1	0	20	8.19068e-05	12209	1	FALSE	NA	NA	NA	NA	NA	NA
NC_045512.2	19677	G	T	12121	9831	40	9	6	33	0.000741717	12134	0.808241	FALSE	ORF1ab:cds-YP_009724389.1	CAG	Q	CAT	H	2070
NC_045512.2	19677	G	A	12121	9831	40	4	4	37	0.000329652	12134	0.989344	FALSE	ORF1ab:cds-YP_009724389.1	CAG	Q	CAA	Q	2070
NC_045512.2	19678	G	T	12031	9836	40	1	1	37	8.31117e-05	12032	0.999878	FALSE	ORF1ab:cds-YP_009724389.1	GGT	G	TGT	C	2071
NC_045512.2	19679	G	A	12045	10037	40	3	3	37	0.000249004	12048	0.996318	FALSE	ORF1ab:cds-YP_009724389.1	GGT	G	GAT	D	2071
NC_045512.2	19680	T	C	11790	9833	40	1	1	37	8.48033e-05	11792	0.999757	FALSE	ORF1ab:cds-YP_009724389.1	GGT	G	GGC	G	2071
NC_045512.2	19680	T	A	11790	9833	40	1	1	37	8.48033e-05	11792	0.999757	FALSE	ORF1ab:cds-YP_009724389.1	GGT	G	GGA	G	2071
NC_045512.2	19681	G	T	11738	9765	41	1	1	37	8.51861e-05	11739	0.999757	FALSE	ORF1ab:cds-YP_009724389.1	GAA	E	TAA	*	2072
NC_045512.2	19681	G	-A	11738	9765	41	1	0	20	8.51861e-05	11739	1	FALSE	NA	NA	NA	NA	NA	NA
NC_045512.2	19682	A	G	11745	9812	41	3	2	37	0.000255363	11748	0.993543	FALSE	ORF1ab:cds-YP_009724389.1	GAA	E	GGA	G	2072
NC_045512.2	19683	A	T	11685	9816	40	1	1	37	8.55213e-05	11693	0.999756	FALSE	ORF1ab:cds-YP_009724389.1	GAA	E	GAT	D	2072
NC_045512.2	19683	A	G	11685	9816	40	5	4	37	0.000427606	11693	0.961615	FALSE	ORF1ab:cds-YP_009724389.1	GAA	E	GAG	E	2072
NC_045512.2	19683	A	C	11685	9816	40	2	1	27	0.000171043	11693	1	FALSE	ORF1ab:cds-YP_009724389.1	GAA	E	GAC	D	2072
NC_045512.2	19685	T	G	11551	9632	41	2	1	36	0.000173055	11557	0.998293	FALSE	ORF1ab:cds-YP_009724389.1	GTA	V	GGA	G	2073
NC_045512.2	19685	T	C	11551	9632	41	4	4	39	0.000346111	11557	0.982444	FALSE	ORF1ab:cds-YP_009724389.1	GTA	V	GCA	A	2073
NC_045512.2	19686	A	T	11481	9702	41	2	2	25	0.000174125	11486	1	FALSE	ORF1ab:cds-YP_009724389.1	GTA	V	GTT	V	2073
NC_045512.2	19686	A	C	11481	9702	41	3	0	37	0.000261188	11486	0.99354	FALSE	ORF1ab:cds-YP_009724389.1	GTA	V	GTC	V	2073
NC_045512.2	19686	A	-C	11481	9702	41	1	0	20	8.70625e-05	11486	1	FALSE	NA	NA	NA	NA	NA	NA
NC_045512.2	19687	C	T	11062	9943	38	3	2	37	0.000271125	11065	0.993544	FALSE	ORF1ab:cds-YP_009724389.1	CCA	P	TCA	S	2074
NC_045512.2	19688	C	T	10918	9801	38	1	1	37	9.15751e-05	10920	0.999513	FALSE	ORF1ab:cds-YP_009724389.1	CCA	P	CTA	L	2074
NC_045512.2	19688	C	A	10918	9801	38	1	1	25	9.15751e-05	10920	1	FALSE	ORF1ab:cds-YP_009724389.1	CCA	P	CAA	Q	2074
NC_045512.2	19689	A	G	10882	9769	39	7	5	40	0.000642851	10889	0.0351412	FALSE	ORF1ab:cds-YP_009724389.1	CCA	P	CCG	P	2074
NC_045512.2	19690	G	T	10730	9601	38	1	1	37	9.31793e-05	10732	0.999513	FALSE	ORF1ab:cds-YP_009724389.1	GTT	V	TTT	F	2075
NC_045512.2	19690	G	A	10730	9601	38	1	1	37	9.31793e-05	10732	0.999513	FALSE	ORF1ab:cds-YP_009724389.1	GTT	V	ATT	I	2075
NC_045512.2	19691	T	C	10709	9590	39	1	1	25	9.33707e-05	10710	1	FALSE	ORF1ab:cds-YP_009724389.1	GTT	V	GCT	A	2075
NC_045512.2	19692	T	G	10486	9387	38	2	2	31	0.000190676	10489	0.996833	FALSE	ORF1ab:cds-YP_009724389.1	GTT	V	GTG	V	2075
NC_045512.2	19692	T	C	10486	9387	38	1	1	37	9.5338e-05	10489	0.999513	FALSE	ORF1ab:cds-YP_009724389.1	GTT	V	GTC	V	2075
NC_045512.2	19693	T	C	10342	9239	38	3	2	37	0.000289967	10346	0.98879	FALSE	ORF1ab:cds-YP_009724389.1	TCT	S	CCT	P	2076
NC_045512.2	19693	T	A	10342	9239	38	1	1	25	9.66557e-05	10346	1	FALSE	ORF1ab:cds-YP_009724389.1	TCT	S	ACT	T	2076
NC_045512.2	19694	C	A	10055	9043	38	1	1	25	9.94431e-05	10056	1	FALSE	ORF1ab:cds-YP_009724389.1	TCT	S	TAT	Y	2076
NC_045512.2	19695	T	G	10281	9320	38	1	1	25	9.7229e-05	10285	1	FALSE	ORF1ab:cds-YP_009724389.1	TCT	S	TCG	S	2076
NC_045512.2	19695	T	C	10281	9320	38	3	3	37	0.000291687	10285	0.98879	FALSE	ORF1ab:cds-YP_009724389.1	TCT	S	TCC	S	2076
NC_045512.2	19697	T	C	10244	9337	38	1	1	37	9.75991e-05	10246	0.999513	FALSE	ORF1ab:cds-YP_009724389.1	ATC	I	ACC	T	2077
NC_045512.2	19697	T	A	10244	9337	38	1	1	37	9.75991e-05	10246	0.999513	FALSE	ORF1ab:cds-YP_009724389.1	ATC	I	AAC	N	2077
NC_045512.2	19698	C	T	10099	9201	38	4	3	37	0.000395883	10104	0.971356	FALSE	ORF1ab:cds-YP_009724389.1	ATC	I	ATT	I	2077
NC_045512.2	19698	C	A	10099	9201	38	1	1	37	9.89707e-05	10104	0.999512	FALSE	ORF1ab:cds-YP_009724389.1	ATC	I	ATA	I	2077
NC_045512.2	19699	A	T	10032	9137	38	2	2	31	0.000199283	10036	0.996832	FALSE	ORF1ab:cds-YP_009724389.1	ATT	I	TTT	F	2078
NC_045512.2	19699	A	G	10032	9137	38	2	2	31	0.000199283	10036	0.996832	FALSE	ORF1ab:cds-YP_009724389.1	ATT	I	GTT	V	2078
NC_045512.2	19699	A	-T	10032	9137	38	1	0	20	9.96413e-05	10036	1	FALSE	NA	NA	NA	NA	NA	NA
NC_045512.2	19701	T	G	10054	9158	38	1	1	25	9.94431e-05	10056	1	FALSE	ORF1ab:cds-YP_009724389.1	ATT	I	ATG	M	2078
NC_045512.2	19701	T	C	10054	9158	38	1	1	37	9.94431e-05	10056	0.999513	FALSE	ORF1ab:cds-YP_009724389.1	ATT	I	ATC	I	2078
NC_045512.2	19702	A	G	9896	8999	38	1	0	74	0.000101041	9897	0.500025	FALSE	ORF1ab:cds-YP_009724389.1	AAT	N	GAT	D	2079
NC_045512.2	19703	A	G	9786	8917	38	1	1	37	0.000102145	9790	0.999025	FALSE	ORF1ab:cds-YP_009724389.1	AAT	N	AGT	S	2079
NC_045512.2	19703	A	C	9786	8917	38	3	3	25	0.000306435	9790	1	FALSE	ORF1ab:cds-YP_009724389.1	AAT	N	ACT	T	2079
NC_045512.2	19704	T	G	9861	8990	38	1	1	25	0.000101379	9864	1	FALSE	ORF1ab:cds-YP_009724389.1	AAT	N	AAG	K	2079
NC_045512.2	19704	T	C	9861	8990	38	1	1	37	0.000101379	9864	0.999025	FALSE	ORF1ab:cds-YP_009724389.1	AAT	N	AAC	N	2079
NC_045512.2	19704	T	A	9861	8990	38	1	1	37	0.000101379	9864	0.999025	FALSE	ORF1ab:cds-YP_009724389.1	AAT	N	AAA	K	2079
NC_045512.2	19705	A	T	9790	8989	38	2	2	31	0.000204207	9794	0.994149	FALSE	ORF1ab:cds-YP_009724389.1	AAC	N	TAC	Y	2080
NC_045512.2	19705	A	G	9790	8989	38	1	1	37	0.000102103	9794	0.999025	FALSE	ORF1ab:cds-YP_009724389.1	AAC	N	GAC	D	2080
NC_045512.2	19705	A	C	9790	8989	38	1	1	25	0.000102103	9794	1	FALSE	ORF1ab:cds-YP_009724389.1	AAC	N	CAC	H	2080
NC_045512.2	19706	A	G	9500	8695	37	2	2	37	0.000210438	9504	0.994149	FALSE	ORF1ab:cds-YP_009724389.1	AAC	N	AGC	S	2080
NC_045512.2	19706	A	C	9500	8695	37	2	2	25	0.000210438	9504	1	FALSE	ORF1ab:cds-YP_009724389.1	AAC	N	ACC	T	2080
NC_045512.2	19707	C	T	9946	9162	37	1	1	37	0.000100533	9947	0.999026	FALSE	ORF1ab:cds-YP_009724389.1	AAC	N	AAT	N	2080
NC_045512.2	19708	A	T	9192	8426	37	1	1	25	0.000108637	9205	1	FALSE	ORF1ab:cds-YP_009724389.1	ACT	T	TCT	S	2081
NC_045512.2	19708	A	G	9192	8426	37	2	2	37	0.000217273	9205	0.994123	FALSE	ORF1ab:cds-YP_009724389.1	ACT	T	GCT	A	2081
NC_045512.2	19708	A	C	9192	8426	37	10	10	28	0.00108637	9205	1	FALSE	ORF1ab:cds-YP_009724389.1	ACT	T	CCT	P	2081
NC_045512.2	19708	A	+C	9192	8426	37	1	0	20	0.000108637	9205	1	FALSE	NA	NA	NA	NA	NA	NA
NC_045512.2	19709	C	T	9803	9038	37	1	1	37	0.000101999	9804	0.999026	FALSE	ORF1ab:cds-YP_009724389.1	ACT	T	ATT	I	2081
NC_045512.2	19710	T	G	8820	8065	38	1	1	25	0.000113353	8822	1	FALSE	ORF1ab:cds-YP_009724389.1	ACT	T	ACG	T	2081
NC_045512.2	19710	T	C	8820	8065	38	1	0	37	0.000113353	8822	0.998051	FALSE	ORF1ab:cds-YP_009724389.1	ACT	T	ACC	T	2081
NC_045512.2	19711	G	A	8725	7973	37	1	1	37	0.0001146	8726	0.998052	FALSE	ORF1ab:cds-YP_009724389.1	GTT	V	ATT	I	2082
NC_045512.2	19712	T	C	8514	7776	37	2	1	37	0.000234852	8516	0.989281	FALSE	ORF1ab:cds-YP_009724389.1	GTT	V	GCT	A	2082
NC_045512.2	19713	T	G	8434	7724	37	2	2	31	0.000237079	8436	0.989281	FALSE	ORF1ab:cds-YP_009724389.1	GTT	V	GTG	V	2082
NC_045512.2	19714	T	C	8621	7916	38	1	1	37	0.000115969	8623	0.998051	FALSE	ORF1ab:cds-YP_009724389.1	TAC	Y	CAC	H	2083
NC_045512.2	19714	T	A	8621	7916	38	1	1	37	0.000115969	8623	0.998051	FALSE	ORF1ab:cds-YP_009724389.1	TAC	Y	AAC	N	2083
NC_045512.2	19715	A	T	8493	7904	37	4	4	28	0.000470699	8498	1	FALSE	ORF1ab:cds-YP_009724389.1	TAC	Y	TTC	F	2083
NC_045512.2	19715	A	G	8493	7904	37	1	1	37	0.000117675	8498	0.998048	FALSE	ORF1ab:cds-YP_009724389.1	TAC	Y	TGC	C	2083
NC_045512.2	19716	C	T	8432	7944	37	1	1	37	0.000118582	8433	0.998052	FALSE	ORF1ab:cds-YP_009724389.1	TAC	Y	TAT	Y	2083
NC_045512.2	19718	C	T	8371	7876	37	1	1	37	0.000119446	8372	0.998052	FALSE	ORF1ab:cds-YP_009724389.1	ACA	T	ATA	I	2084
NC_045512.2	19719	A	T	8070	7588	37	1	1	37	0.000123885	8072	0.998051	FALSE	ORF1ab:cds-YP_009724389.1	ACA	T	ACT	T	2084
NC_045512.2	19719	A	G	8070	7588	37	1	1	37	0.000123885	8072	0.998051	FALSE	ORF1ab:cds-YP_009724389.1	ACA	T	ACG	T	2084
NC_045512.2	19720	A	T	7850	7382	37	1	1	37	0.000127372	7851	0.996103	FALSE	ORF1ab:cds-YP_009724389.1	AAA	K	TAA	*	2085
NC_045512.2	19721	A	C	7757	7293	36	1	1	25	0.000128899	7758	1	FALSE	ORF1ab:cds-YP_009724389.1	AAA	K	ACA	T	2085
NC_045512.2	19722	A	G	7769	7309	36	1	1	37	0.0001287	7770	0.996103	FALSE	ORF1ab:cds-YP_009724389.1	AAA	K	AAG	K	2085
NC_045512.2	19723	G	A	7796	7353	36	1	1	37	0.000128254	7797	0.996103	FALSE	ORF1ab:cds-YP_009724389.1	GTT	V	ATT	I	2086
NC_045512.2	19724	T	C	7800	7373	37	1	1	37	0.000128189	7801	0.996103	FALSE	ORF1ab:cds-YP_009724389.1	GTT	V	GCT	A	2086
NC_045512.2	19725	T	C	7709	7274	37	1	1	37	0.000129702	7710	0.996103	FALSE	ORF1ab:cds-YP_009724389.1	GTT	V	GTC	V	2086
NC_045512.2	19726	G	T	7662	7223	37	1	1	25	0.00013048	7664	1	FALSE	ORF1ab:cds-YP_009724389.1	GAT	D	TAT	Y	2087
NC_045512.2	19726	G	A	7662	7223	37	1	1	37	0.00013048	7664	0.996101	FALSE	ORF1ab:cds-YP_009724389.1	GAT	D	AAT	N	2087
NC_045512.2	19727	A	T	7457	7033	37	1	1	25	0.00013403	7461	1	FALSE	ORF1ab:cds-YP_009724389.1	GAT	D	GTT	V	2087
NC_045512.2	19727	A	G	7457	7033	37	3	3	37	0.000402091	7461	0.945371	FALSE	ORF1ab:cds-YP_009724389.1	GAT	D	GGT	G	2087
NC_045512.2	19728	T	G	7474	7059	37	2	1	27	0.000267523	7476	1	FALSE	ORF1ab:cds-YP_009724389.1	GAT	D	GAG	E	2087
NC_045512.2	19731	T	G	6696	6308	36	1	1	25	0.000149298	6698	1	FALSE	ORF1ab:cds-YP_009724389.1	GGT	G	GGG	G	2088
NC_045512.2	19731	T	C	6696	6308	36	1	1	37	0.000149298	6698	0.9922	FALSE	ORF1ab:cds-YP_009724389.1	GGT	G	GGC	G	2088
NC_045512.2	19731	T	+G	6696	6308	36	1	0	20	0.000149298	6698	1	FALSE	NA	NA	NA	NA	NA	NA
NC_045512.2	19732	G	A	6765	6362	37	1	1	37	0.000147798	6766	0.992204	FALSE	ORF1ab:cds-YP_009724389.1	GTT	V	ATT	I	2089
NC_045512.2	19734	T	C	6780	6384	37	1	1	25	0.000147471	6781	1	FALSE	ORF1ab:cds-YP_009724389.1	GTT	V	GTC	V	2089
NC_045512.2	19735	G	A	6757	6357	37	1	1	25	0.000147973	6758	1	FALSE	ORF1ab:cds-YP_009724389.1	GAT	D	AAT	N	2090
NC_045512.2	19736	A	G	6724	6342	37	1	0	37	0.000148699	6725	0.992204	FALSE	ORF1ab:cds-YP_009724389.1	GAT	D	GGT	G	2090
NC_045512.2	19737	T	C	6660	6288	37	2	1	31	0.00030021	6662	0.964901	FALSE	ORF1ab:cds-YP_009724389.1	GAT	D	GAC	D	2090
NC_045512.2	19738	G	A	6703	6347	37	1	1	37	0.000149165	6704	0.992204	FALSE	ORF1ab:cds-YP_009724389.1	GTA	V	ATA	I	2091
NC_045512.2	19740	A	T	5875	5540	37	1	1	25	0.000170155	5877	1	FALSE	ORF1ab:cds-YP_009724389.1	GTA	V	GTT	V	2091
NC_045512.2	19740	A	G	5875	5540	37	1	1	25	0.000170155	5877	1	FALSE	ORF1ab:cds-YP_009724389.1	GTA	V	GTG	V	2091
NC_045512.2	19742	A	G	5898	5558	37	1	1	37	0.00016952	5899	0.984403	FALSE	ORF1ab:cds-YP_009724389.1	GAA	E	GGA	G	2092
NC_045512.2	19743	A	G	5676	5335	36	1	1	37	0.000176087	5679	0.984387	FALSE	ORF1ab:cds-YP_009724389.1	GAA	E	GAG	E	2092
NC_045512.2	19743	A	C	5676	5335	36	2	2	37	0.000352175	5679	0.937558	FALSE	ORF1ab:cds-YP_009724389.1	GAA	E	GAC	D	2092
NC_045512.2	19744	T	C	5557	5228	37	2	0	37	0.000359777	5559	0.937589	FALSE	ORF1ab:cds-YP_009724389.1	TTG	L	CTG	L	2093
NC_045512.2	19744	T	+C	5557	5228	37	1	0	20	0.000179888	5559	1	FALSE	NA	NA	NA	NA	NA	NA
NC_045512.2	19745	T	C	4569	4242	37	4	1	37	0.000874699	4573	0.636898	FALSE	ORF1ab:cds-YP_009724389.1	TTG	L	TCG	S	2093
NC_045512.2	19746	G	A	4412	4124	37	2	2	37	0.000453104	4414	0.890758	FALSE	ORF1ab:cds-YP_009724389.1	TTG	L	TTA	L	2093
NC_045512.2	19747	T	A	3483	3206	35	1	1	25	0.000287026	3484	1	FALSE	ORF1ab:cds-YP_009724389.1	TTT	F	ATT	I	2094
NC_045512.2	19748	T	C	3742	3476	37	1	1	25	0.000267165	3743	1	FALSE	ORF1ab:cds-YP_009724389.1	TTT	F	TCT	S	2094
NC_045512.2	19749	T	G	3762	3494	37	1	1	37	0.000265675	3764	0.93755	FALSE	ORF1ab:cds-YP_009724389.1	TTT	F	TTG	L	2094
NC_045512.2	19749	T	C	3762	3494	37	1	1	37	0.000265675	3764	0.93755	FALSE	ORF1ab:cds-YP_009724389.1	TTT	F	TTC	F	2094
NC_045512.2	19750	G	+A	3697	3430	37	1	0	20	0.00027049	3697	1	FALSE	NA	NA	NA	NA	NA	NA
NC_045512.2	19752	A	G	3685	3452	37	1	1	37	0.000271297	3686	0.937585	FALSE	ORF1ab:cds-YP_009724389.1	GAA	E	GAG	E	2095
NC_045512.2	19755	T	C	3758	3453	37	1	0	37	0.000265957	3760	0.93755	FALSE	ORF1ab:cds-YP_009724389.1	AAT	N	AAC	N	2096
NC_045512.2	19755	T	A	3758	3453	37	1	1	37	0.000265957	3760	0.93755	FALSE	ORF1ab:cds-YP_009724389.1	AAT	N	AAA	K	2096
NC_045512.2	19757	A	T	3703	3411	37	1	1	37	0.000269833	3706	0.937517	FALSE	ORF1ab:cds-YP_009724389.1	AAA	K	ATA	I	2097
NC_045512.2	19757	A	G	3703	3411	37	2	2	37	0.000539665	3706	0.812584	FALSE	ORF1ab:cds-YP_009724389.1	AAA	K	AGA	R	2097
NC_045512.2	19759	A	G	3598	3323	36	1	1	37	0.000277855	3599	0.937587	FALSE	ORF1ab:cds-YP_009724389.1	ACA	T	GCA	A	2098
NC_045512.2	19761	A	C	3599	3304	37	1	0	37	0.000277778	3600	0.937587	FALSE	ORF1ab:cds-YP_009724389.1	ACA	T	ACC	T	2098
NC_045512.2	19762	A	C	3510	3204	36	2	1	25	0.000569476	3512	1	FALSE	ORF1ab:cds-YP_009724389.1	ACA	T	CCA	P	2099
NC_045512.2	19763	C	T	3595	3325	36	1	1	37	0.000278009	3597	0.937552	FALSE	ORF1ab:cds-YP_009724389.1	ACA	T	ATA	I	2099
NC_045512.2	19763	C	G	3595	3325	36	1	1	25	0.000278009	3597	1	FALSE	ORF1ab:cds-YP_009724389.1	ACA	T	AGA	R	2099
NC_045512.2	19765	T	C	3326	3069	36	1	1	37	0.000300571	3327	0.937594	FALSE	ORF1ab:cds-YP_009724389.1	TTA	L	CTA	L	2100
NC_045512.2	19766	T	G	3294	3036	36	1	1	25	0.00030349	3295	1	FALSE	ORF1ab:cds-YP_009724389.1	TTA	L	TGA	*	2100
NC_045512.2	19784	T	G	180	9	36	1	0	37	0.00552486	181	0.501385	FALSE	ORF1ab:cds-YP_009724389.1	TTT	F	TGT	C	2106
NC_045512.2	19796	C	T	262	18	37	1	0	37	0.00380228	263	0.500952	FALSE	ORF1ab:cds-YP_009724389.1	GCT	A	GTT	V	2110
NC_045512.2	19833	A	G	403	54	39	1	0	25	0.00247525	404	0.969329	FALSE	ORF1ab:cds-YP_009724389.1	ATA	I	ATG	M	2122
NC_045512.2	19839	T	G	349	59	38	1	1	37	0.00285714	350	0.500715	FALSE	ORF1ab:cds-YP_009724389.1	AAT	N	AAG	K	2124
NC_045512.2	19841	A	G	354	60	38	1	0	37	0.0028169	355	0.500705	FALSE	ORF1ab:cds-YP_009724389.1	AAT	N	AGT	S	2125
NC_045512.2	19842	T	G	325	63	37	1	0	37	0.00306748	326	0.500768	FALSE	ORF1ab:cds-YP_009724389.1	AAT	N	AAG	K	2125
NC_045512.2	19843	T	G	339	60	38	1	0	37	0.00294118	340	0.500736	FALSE	ORF1ab:cds-YP_009724389.1	TTG	L	GTG	V	2126
NC_045512.2	19852	G	A	399	70	39	1	0	37	0.0025	400	0.500626	FALSE	ORF1ab:cds-YP_009724389.1	GAC	D	AAC	N	2129
NC_045512.2	19859	C	T	391	69	39	1	1	37	0.00255102	392	0.500639	FALSE	ORF1ab:cds-YP_009724389.1	GCT	A	GTT	V	2131
NC_045512.2	19862	C	T	400	68	38	1	0	74	0.00249377	401	0.500624	FALSE	ORF1ab:cds-YP_009724389.1	GCT	A	GTT	V	2132
NC_045512.2	19867	A	C	396	74	38	1	0	25	0.00251889	397	0.938287	FALSE	ORF1ab:cds-YP_009724389.1	ACT	T	CCT	P	2134
NC_045512.2	19871	T	C	394	82	39	1	0	37	0.00253165	395	0.500634	FALSE	ORF1ab:cds-YP_009724389.1	GTG	V	GCG	A	2135
NC_045512.2	19884	C	G	416	115	39	1	1	25	0.00239808	417	0.969311	FALSE	ORF1ab:cds-YP_009724389.1	TAC	Y	TAG	*	2139
NC_045512.2	19887	A	C	405	108	38	2	2	27	0.004914	407	0.892066	FALSE	ORF1ab:cds-YP_009724389.1	AAA	K	AAC	N	2140
NC_045512.2	19888	A	G	399	106	38	1	1	37	0.0025	400	0.500626	FALSE	ORF1ab:cds-YP_009724389.1	AGA	R	GGA	G	2141
NC_045512.2	19901	C	T	381	128	38	1	0	37	0.0026178	382	0.500655	FALSE	ORF1ab:cds-YP_009724389.1	GCA	A	GTA	V	2145
NC_045512.2	19911	T	C	349	135	37	1	0	25	0.00285714	350	0.938392	FALSE	ORF1ab:cds-YP_009724389.1	TCT	S	TCC	S	2148
NC_045512.2	19915	A	C	366	131	37	1	1	25	0.0027248	367	0.938351	FALSE	ORF1ab:cds-YP_009724389.1	ATT	I	CTT	L	2150
NC_045512.2	19916	T	G	360	136	37	1	1	25	0.00277008	361	0.938365	FALSE	ORF1ab:cds-YP_009724389.1	ATT	I	AGT	S	2150
NC_045512.2	19920	T	C	375	142	37	1	0	37	0.00265957	376	0.500666	FALSE	ORF1ab:cds-YP_009724389.1	GGT	G	GGC	G	2151
NC_045512.2	19923	T	C	358	130	38	1	1	37	0.00278552	359	0.500697	FALSE	ORF1ab:cds-YP_009724389.1	GTT	V	GTC	V	2152
NC_045512.2	19933	A	G	356	134	37	2	1	37	0.00558659	358	0.25035	FALSE	ORF1ab:cds-YP_009724389.1	ACT	T	GCT	A	2156
NC_045512.2	19941	A	G	358	152	38	1	0	37	0.00278552	359	0.500697	FALSE	ORF1ab:cds-YP_009724389.1	ATA	I	ATG	M	2158
NC_045512.2	19942	G	A	355	150	38	1	1	37	0.00280899	356	0.500703	FALSE	ORF1ab:cds-YP_009724389.1	GCC	A	ACC	T	2159
NC_045512.2	19943	C	T	367	155	38	1	0	37	0.00271003	369	0.5	FALSE	ORF1ab:cds-YP_009724389.1	GCC	A	GTC	V	2159
NC_045512.2	19943	C	A	367	155	38	1	0	37	0.00271003	369	0.5	FALSE	ORF1ab:cds-YP_009724389.1	GCC	A	GAC	D	2159
NC_045512.2	19950	A	C	364	162	38	1	0	25	0.00273973	365	0.938356	FALSE	ORF1ab:cds-YP_009724389.1	AAA	K	AAC	N	2161
NC_045512.2	19951	C	T	368	168	38	1	0	25	0.00271003	369	0.938346	FALSE	ORF1ab:cds-YP_009724389.1	CCA	P	TCA	S	2162
NC_045512.2	19954	A	C	350	170	38	1	0	25	0.002849	351	0.93839	FALSE	ORF1ab:cds-YP_009724389.1	ACT	T	CCT	P	2163
NC_045512.2	19955	C	T	0	0	0	358	176	38	0.997214	359	9.73176e-215	TRUE	ORF1ab:cds-YP_009724389.1	ACT	T	ATT	I	2163
NC_045512.2	19955	C	G	0	0	0	1	0	25	0.00278552	359	0.0111421	FALSE	ORF1ab:cds-YP_009724389.1	ACT	T	AGT	S	2163
NC_045512.2	19961	C	T	324	167	39	39	22	37	0.107438	363	6.53845e-13	TRUE	ORF1ab:cds-YP_009724389.1	ACG	T	ATG	M	2165
NC_045512.2	19963	A	C	394	235	39	1	1	25	0.00253165	395	0.938291	FALSE	ORF1ab:cds-YP_009724389.1	ATT	I	CTT	L	2166
NC_045512.2	19972	C	A	489	342	40	1	0	74	0.00204082	490	0.500511	FALSE	ORF1ab:cds-YP_009724389.1	CCA	P	ACA	T	2169
NC_045512.2	19978	A	G	475	347	40	1	1	37	0.00210084	476	0.500526	FALSE	ORF1ab:cds-YP_009724389.1	ACT	T	GCT	A	2171
NC_045512.2	19983	C	-T	462	340	39	1	0	20	0.0021645	462	0.969423	FALSE	NA	NA	NA	NA	NA	NA
NC_045512.2	19985	T	A	456	344	39	1	0	25	0.00218818	457	0.969262	FALSE	ORF1ab:cds-YP_009724389.1	TTT	F	TAT	Y	2173
NC_045512.2	19986	T	C	468	363	40	1	1	37	0.00212766	470	0.5	FALSE	ORF1ab:cds-YP_009724389.1	TTT	F	TTC	F	2173
NC_045512.2	19986	T	A	468	363	40	1	0	37	0.00212766	470	0.5	FALSE	ORF1ab:cds-YP_009724389.1	TTT	F	TTA	L	2173
NC_045512.2	19987	T	A	467	362	40	1	0	37	0.00213675	468	0.500535	FALSE	ORF1ab:cds-YP_009724389.1	TTT	F	ATT	I	2174
NC_045512.2	19988	T	A	482	374	40	1	0	37	0.00207039	483	0.500518	FALSE	ORF1ab:cds-YP_009724389.1	TTT	F	TAT	Y	2174
NC_045512.2	19990	G	A	479	371	41	1	1	25	0.00208333	480	0.969237	FALSE	ORF1ab:cds-YP_009724389.1	GAT	D	AAT	N	2175
NC_045512.2	19991	A	T	464	368	40	1	1	74	0.00215054	465	0.500538	FALSE	ORF1ab:cds-YP_009724389.1	GAT	D	GTT	V	2175
NC_045512.2	19992	T	G	472	377	39	1	0	25	0.00211416	473	0.969244	FALSE	ORF1ab:cds-YP_009724389.1	GAT	D	GAG	E	2175
NC_045512.2	20026	A	C	404	363	36	1	1	37	0.00246914	405	0.500618	FALSE	ORF1ab:cds-YP_009724389.1	AAT	N	CAT	H	2187
NC_045512.2	20030	C	T	424	384	37	1	1	37	0.00235294	425	0.500589	FALSE	ORF1ab:cds-YP_009724389.1	GCC	A	GTC	V	2188
NC_045512.2	20046	T	C	381	352	36	1	1	37	0.0026178	382	0.500655	FALSE	ORF1ab:cds-YP_009724389.1	CTT	L	CTC	L	2193
NC_045512.2	20055	A	T	0	0	0	4	4	37	0.0113314	353	1.51969e-09	TRUE	ORF1ab:cds-YP_009724389.1	GAA	E	GAT	D	2196
NC_045512.2	20055	A	G	0	0	0	349	323	36	0.988669	353	3.17564e-210	TRUE	ORF1ab:cds-YP_009724389.1	GAA	E	GAG	E	2196
NC_045512.2	20060	G	T	394	225	36	123	95	36	0.237911	517	2.77067e-41	TRUE	ORF1ab:cds-YP_009724389.1	AGT	S	ATT	I	2198
NC_045512.2	20085	A	G	329	83	36	1	0	37	0.0030303	330	0.500759	FALSE	ORF1ab:cds-YP_009724389.1	GTA	V	GTG	V	2206
NC_045512.2	20089	C	A	277	11	38	1	1	37	0.00359712	278	0.500901	FALSE	ORF1ab:cds-YP_009724389.1	CCC	P	ACC	T	2208
NC_045512.2	20092	A	C	282	12	38	2	0	37	0.00704225	284	0.250441	FALSE	ORF1ab:cds-YP_009724389.1	AAA	K	CAA	Q	2209
NC_045512.2	20095	C	G	293	21	38	1	1	37	0.00340136	294	0.500852	FALSE	ORF1ab:cds-YP_009724389.1	CAA	Q	GAA	E	2210
NC_045512.2	20098	G	A	298	21	37	1	0	37	0.00334448	299	0.500838	FALSE	ORF1ab:cds-YP_009724389.1	GCT	A	ACT	T	2211
NC_045512.2	20103	T	C	362	25	37	1	0	37	0.00275482	363	0.50069	FALSE	ORF1ab:cds-YP_009724389.1	AGT	S	AGC	S	2212
NC_045512.2	20105	T	C	366	26	38	1	0	37	0.0027248	367	0.500682	FALSE	ORF1ab:cds-YP_009724389.1	CTT	L	CCT	P	2213
NC_045512.2	20118	A	G	394	43	40	1	0	37	0.00253165	395	0.500634	FALSE	ORF1ab:cds-YP_009724389.1	ACA	T	ACG	T	2217
NC_045512.2	20126	G	T	418	43	39	1	0	37	0.00238663	419	0.500597	FALSE	ORF1ab:cds-YP_009724389.1	GGA	G	GTA	V	2220
NC_045512.2	20132	C	T	415	42	39	1	0	37	0.00240385	416	0.500602	FALSE	ORF1ab:cds-YP_009724389.1	GCC	A	GTC	V	2222
NC_045512.2	20147	T	A	436	58	39	1	1	29	0.00228833	437	0.969285	FALSE	ORF1ab:cds-YP_009724389.1	TTC	F	TAC	Y	2227
NC_045512.2	20149	A	G	425	58	39	1	0	37	0.00234742	426	0.500588	FALSE	ORF1ab:cds-YP_009724389.1	AAT	N	GAT	D	2228
NC_045512.2	20176	G	A	311	66	37	1	0	25	0.00320513	312	0.938501	FALSE	ORF1ab:cds-YP_009724389.1	GTC	V	ATC	I	2237
NC_045512.2	20194	A	G	280	74	37	1	1	37	0.00355872	281	0.500891	FALSE	ORF1ab:cds-YP_009724389.1	ACT	T	GCT	A	2243
NC_045512.2	20196	T	C	265	64	36	1	0	37	0.0037594	266	0.500942	FALSE	ORF1ab:cds-YP_009724389.1	ACT	T	ACC	T	2243
NC_045512.2	20215	A	C	295	143	38	1	1	25	0.00337838	296	0.876268	FALSE	ORF1ab:cds-YP_009724389.1	AAT	N	CAT	H	2250
NC_045512.2	20217	T	C	273	127	37	1	0	25	0.00364964	274	0.87637	FALSE	ORF1ab:cds-YP_009724389.1	AAT	N	AAC	N	2250
NC_045512.2	20254	G	A	265	157	37	1	0	37	0.0037594	266	0.500942	FALSE	ORF1ab:cds-YP_009724389.1	GAT	D	AAT	N	2263
NC_045512.2	20265	A	C	311	220	37	1	1	37	0.00320513	312	0.500803	FALSE	ORF1ab:cds-YP_009724389.1	GAA	E	GAC	D	2266
NC_045512.2	20279	A	G	360	290	38	1	1	37	0.00277008	361	0.500693	FALSE	ORF1ab:cds-YP_009724389.1	GAA	E	GGA	G	2271
NC_045512.2	20289	A	T	351	291	38	1	1	25	0.00284091	352	0.938387	FALSE	ORF1ab:cds-YP_009724389.1	GAA	E	GAT	D	2274
NC_045512.2	20290	C	A	394	339	39	1	1	37	0.00253165	395	0.500634	FALSE	ORF1ab:cds-YP_009724389.1	CGG	R	AGG	R	2275
NC_045512.2	20297	A	C	389	330	38	1	1	25	0.0025641	390	0.938301	FALSE	ORF1ab:cds-YP_009724389.1	AAA	K	ACA	T	2277
NC_045512.2	20298	A	C	368	311	37	1	1	25	0.00271003	369	0.938346	FALSE	ORF1ab:cds-YP_009724389.1	AAA	K	AAC	N	2277
NC_045512.2	20312	C	T	334	305	37	1	1	37	0.00298507	335	0.500747	FALSE	ORF1ab:cds-YP_009724389.1	GCC	A	GTC	V	2282
NC_045512.2	20334	A	T	276	260	37	1	1	37	0.00359712	278	0.5	FALSE	ORF1ab:cds-YP_009724389.1	GGA	G	GGT	G	2289
NC_045512.2	20334	A	G	276	260	37	1	1	37	0.00359712	278	0.5	FALSE	ORF1ab:cds-YP_009724389.1	GGA	G	GGG	G	2289
NC_045512.2	20336	A	-T	277	262	37	1	0	20	0.00361011	277	0.877025	FALSE	NA	NA	NA	NA	NA	NA
NC_045512.2	20346	T	G	266	253	36	1	1	25	0.00374532	267	0.876406	FALSE	ORF1ab:cds-YP_009724389.1	CAT	H	CAG	Q	2293
NC_045512.2	20384	C	G	86	78	37	1	1	37	0.0114943	87	0.50289	FALSE	ORF1ab:cds-YP_009724389.1	GCT	A	GGT	G	2306
NC_045512.2	20462	C	T	324	33	37	1	0	37	0.00307692	325	0.50077	FALSE	ORF1ab:cds-YP_009724389.1	ACA	T	ATA	I	2332
NC_045512.2	20469	G	A	331	43	38	1	0	37	0.00301205	332	0.500754	FALSE	ORF1ab:cds-YP_009724389.1	GCG	A	GCA	A	2334
NC_045512.2	20480	C	T	327	56	39	1	0	37	0.00304878	328	0.500763	FALSE	ORF1ab:cds-YP_009724389.1	TCA	S	TTA	L	2338
NC_045512.2	20481	A	G	357	55	38	1	0	37	0.0027933	358	0.500699	FALSE	ORF1ab:cds-YP_009724389.1	TCA	S	TCG	S	2338
NC_045512.2	20492	T	G	341	70	37	1	0	25	0.00292398	342	0.938413	FALSE	ORF1ab:cds-YP_009724389.1	GTG	V	GGG	G	2342
NC_045512.2	20494	T	G	331	73	37	1	0	25	0.003003	333	0.938065	FALSE	ORF1ab:cds-YP_009724389.1	TGT	C	GGT	G	2343
NC_045512.2	20494	T	C	331	73	37	1	0	37	0.003003	333	0.5	FALSE	ORF1ab:cds-YP_009724389.1	TGT	C	CGT	R	2343
NC_045512.2	20496	T	G	334	70	38	1	0	37	0.00298507	335	0.500747	FALSE	ORF1ab:cds-YP_009724389.1	TGT	C	TGG	W	2343
NC_045512.2	20507	A	+T	356	66	38	1	0	20	0.00280899	356	0.938723	FALSE	NA	NA	NA	NA	NA	NA
NC_045512.2	20529	T	C	331	116	40	1	0	74	0.00301205	332	0.500754	FALSE	ORF1ab:cds-YP_009724389.1	GTT	V	GTC	V	2354
NC_045512.2	20551	T	G	287	154	38	1	0	37	0.00346021	289	0.5	FALSE	ORF1ab:cds-YP_009724389.1	TTA	L	GTA	V	2362
NC_045512.2	20551	T	C	287	154	38	1	0	37	0.00346021	289	0.5	FALSE	ORF1ab:cds-YP_009724389.1	TTA	L	CTA	L	2362
NC_045512.2	20557	G	A	278	141	37	1	1	37	0.00358423	279	0.500898	FALSE	ORF1ab:cds-YP_009724389.1	GTA	V	ATA	I	2364
NC_045512.2	20567	A	C	307	158	37	1	1	37	0.00324675	308	0.500813	FALSE	ORF1ab:cds-YP_009724389.1	AAG	K	ACG	T	2367
NC_045512.2	20573	T	C	298	153	38	2	1	37	0.00666667	300	0.250417	FALSE	ORF1ab:cds-YP_009724389.1	GTC	V	GCC	A	2369
NC_045512.2	20589	C	T	289	213	37	1	1	37	0.00344828	290	0.500864	FALSE	ORF1ab:cds-YP_009724389.1	GAC	D	GAT	D	2374
NC_045512.2	20592	T	C	268	196	38	1	0	37	0.00371747	269	0.500931	FALSE	ORF1ab:cds-YP_009724389.1	TAT	Y	TAC	Y	2375
NC_045512.2	20600	T	C	331	270	39	1	1	37	0.00301205	332	0.500754	FALSE	ORF1ab:cds-YP_009724389.1	ATT	I	ACT	T	2378
NC_045512.2	20649	A	G	318	285	39	1	0	37	0.0031348	319	0.500785	FALSE	ORF1ab:cds-YP_009724389.1	CCA	P	CCG	P	2394
NC_045512.2	20661	T	C	292	265	38	1	0	37	0.00341297	293	0.500855	FALSE	ORF1ab:cds-YP_009724389.1	TCT	S	TCC	S	2398
NC_045512.2	20669	C	T	279	257	38	1	1	37	0.00357143	280	0.500894	FALSE	ORF1ab:cds-YP_009724389.1	GCG	A	GTG	V	2401
NC_045512.2	20676	A	C	248	227	37	1	1	37	0.00401606	249	0.501006	FALSE	ORF1ab:cds-YP_009724389.1	CAA	Q	CAC	H	2403
NC_045512.2	20679	G	A	157	142	38	98	93	37	0.384314	255	3.46696e-35	TRUE	ORF1ab:cds-YP_009724389.1	CCG	P	CCA	P	2404
NC_045512.2	20680	G	A	249	229	37	1	1	37	0.004	250	0.501002	FALSE	ORF1ab:cds-YP_009724389.1	GGT	G	AGT	S	2405
NC_045512.2	20682	T	G	2936	391	36	1	0	25	0.00034002	2941	1	FALSE	ORF1ab:cds-YP_009724389.1	GGT	G	GGG	G	2405
NC_045512.2	20682	T	C	2936	391	36	4	0	37	0.00136008	2941	0.34367	FALSE	ORF1ab:cds-YP_009724389.1	GGT	G	GGC	G	2405
NC_045512.2	20684	T	G	3039	380	35	2	0	31	0.000657678	3041	0.812706	FALSE	ORF1ab:cds-YP_009724389.1	GTT	V	GGT	G	2406
NC_045512.2	20685	T	C	3343	381	36	1	0	37	0.000298954	3345	0.937556	FALSE	ORF1ab:cds-YP_009724389.1	GTT	V	GTC	V	2406
NC_045512.2	20685	T	A	3343	381	36	1	0	37	0.000298954	3345	0.937556	FALSE	ORF1ab:cds-YP_009724389.1	GTT	V	GTA	V	2406
NC_045512.2	20686	G	T	3623	385	36	1	0	25	0.000275482	3630	1	FALSE	ORF1ab:cds-YP_009724389.1	GCT	A	TCT	S	2407
NC_045512.2	20686	G	A	3623	385	36	6	1	41	0.00165289	3630	0.0155927	FALSE	ORF1ab:cds-YP_009724389.1	GCT	A	ACT	T	2407
NC_045512.2	20687	C	T	3578	398	36	1	1	37	0.000279408	3579	0.937587	FALSE	ORF1ab:cds-YP_009724389.1	GCT	A	GTT	V	2407
NC_045512.2	20688	T	C	3582	395	36	1	0	37	0.000279018	3584	0.937552	FALSE	ORF1ab:cds-YP_009724389.1	GCT	A	GCC	A	2407
NC_045512.2	20688	T	A	3582	395	36	1	0	37	0.000279018	3584	0.937552	FALSE	ORF1ab:cds-YP_009724389.1	GCT	A	GCA	A	2407
NC_045512.2	20689	A	G	3688	410	36	1	1	37	0.000271076	3689	0.937585	FALSE	ORF1ab:cds-YP_009724389.1	ATG	M	GTG	V	2408
NC_045512.2	20691	G	T	5452	395	36	1	0	25	0.000183251	5457	1	FALSE	ORF1ab:cds-YP_009724389.1	ATG	M	ATT	I	2408
NC_045512.2	20691	G	A	5452	395	36	4	0	37	0.000733003	5457	0.746184	FALSE	ORF1ab:cds-YP_009724389.1	ATG	M	ATA	I	2408
NC_045512.2	20692	C	T	5232	391	36	1	1	37	0.000191022	5235	0.984388	FALSE	ORF1ab:cds-YP_009724389.1	CCT	P	TCT	S	2409
NC_045512.2	20692	C	G	5232	391	36	1	0	25	0.000191022	5235	1	FALSE	ORF1ab:cds-YP_009724389.1	CCT	P	GCT	A	2409
NC_045512.2	20692	C	A	5232	391	36	1	0	37	0.000191022	5235	0.984388	FALSE	ORF1ab:cds-YP_009724389.1	CCT	P	ACT	T	2409
NC_045512.2	20694	T	A	5450	389	36	1	1	37	0.000183453	5451	0.984405	FALSE	ORF1ab:cds-YP_009724389.1	CCT	P	CCA	P	2409
NC_045512.2	20696	A	G	5477	365	36	2	0	37	0.00036503	5479	0.93759	FALSE	ORF1ab:cds-YP_009724389.1	AAT	N	AGT	S	2410
NC_045512.2	20697	T	A	5567	368	36	1	1	25	0.000179598	5568	1	FALSE	ORF1ab:cds-YP_009724389.1	AAT	N	AAA	K	2410
NC_045512.2	20699	T	A	5519	328	36	1	1	25	0.000181159	5520	1	FALSE	ORF1ab:cds-YP_009724389.1	CTT	L	CAT	H	2411
NC_045512.2	20700	T	G	5363	312	36	3	0	29	0.000559076	5366	1	FALSE	ORF1ab:cds-YP_009724389.1	CTT	L	CTG	L	2411
NC_045512.2	20701	T	C	5508	314	36	2	0	37	0.000362976	5510	0.937589	FALSE	ORF1ab:cds-YP_009724389.1	TAC	Y	CAC	H	2412
NC_045512.2	20703	C	T	5554	323	36	2	0	37	0.000359971	5556	0.937589	FALSE	ORF1ab:cds-YP_009724389.1	TAC	Y	TAT	Y	2412
NC_045512.2	20705	A	G	5565	329	36	3	0	37	0.000538696	5569	0.855557	FALSE	ORF1ab:cds-YP_009724389.1	AAA	K	AGA	R	2413
NC_045512.2	20705	A	C	5565	329	36	1	1	29	0.000179565	5569	1	FALSE	ORF1ab:cds-YP_009724389.1	AAA	K	ACA	T	2413
NC_045512.2	20706	A	G	5503	435	36	4	3	34	0.000726348	5507	0.746273	FALSE	ORF1ab:cds-YP_009724389.1	AAA	K	AAG	K	2413
NC_045512.2	20707	A	T	5661	446	36	2	0	31	0.000353107	5664	0.937558	FALSE	ORF1ab:cds-YP_009724389.1	ATG	M	TTG	L	2414
NC_045512.2	20707	A	G	5661	446	36	1	1	37	0.000176554	5664	0.984387	FALSE	ORF1ab:cds-YP_009724389.1	ATG	M	GTG	V	2414
NC_045512.2	20708	T	G	6000	492	37	1	1	37	0.000166583	6003	0.992197	FALSE	ORF1ab:cds-YP_009724389.1	ATG	M	AGG	R	2414
NC_045512.2	20708	T	C	6000	492	37	2	0	37	0.000333167	6003	0.964889	FALSE	ORF1ab:cds-YP_009724389.1	ATG	M	ACG	T	2414
NC_045512.2	20709	G	A	5988	493	37	9	0	37	0.00150075	5997	0.211929	FALSE	ORF1ab:cds-YP_009724389.1	ATG	M	ATA	I	2414
NC_045512.2	20710	C	T	5947	503	37	6	2	35	0.0010079	5953	0.500114	FALSE	ORF1ab:cds-YP_009724389.1	CAA	Q	TAA	*	2415
NC_045512.2	20711	A	T	5900	531	37	1	1	25	0.000169434	5902	1	FALSE	ORF1ab:cds-YP_009724389.1	CAA	Q	CTA	L	2415
NC_045512.2	20711	A	C	5900	531	37	1	0	25	0.000169434	5902	1	FALSE	ORF1ab:cds-YP_009724389.1	CAA	Q	CCA	P	2415
NC_045512.2	20712	A	G	5864	525	37	2	0	37	0.00034089	5867	0.937556	FALSE	ORF1ab:cds-YP_009724389.1	CAA	Q	CAG	Q	2415
NC_045512.2	20712	A	C	5864	525	37	1	0	25	0.000170445	5867	1	FALSE	ORF1ab:cds-YP_009724389.1	CAA	Q	CAC	H	2415
NC_045512.2	20713	A	T	5856	529	36	1	0	25	0.000170736	5857	1	FALSE	ORF1ab:cds-YP_009724389.1	AGA	R	TGA	*	2416
NC_045512.2	20714	G	T	6187	527	37	1	0	25	0.000161603	6188	1	FALSE	ORF1ab:cds-YP_009724389.1	AGA	R	ATA	I	2416
NC_045512.2	20715	A	T	6094	546	36	1	0	25	0.000164042	6096	1	FALSE	ORF1ab:cds-YP_009724389.1	AGA	R	AGT	S	2416
NC_045512.2	20715	A	G	6094	546	36	1	0	37	0.000164042	6096	0.992201	FALSE	ORF1ab:cds-YP_009724389.1	AGA	R	AGG	R	2416
NC_045512.2	20716	A	C	5970	581	37	4	0	25	0.000669568	5974	1	FALSE	ORF1ab:cds-YP_009724389.1	ATG	M	CTG	L	2417
NC_045512.2	20719	C	T	6156	584	37	7	1	37	0.00113544	6165	0.499881	FALSE	ORF1ab:cds-YP_009724389.1	CTA	L	TTA	L	2418
NC_045512.2	20719	C	A	6156	584	37	2	0	31	0.000324412	6165	0.964782	FALSE	ORF1ab:cds-YP_009724389.1	CTA	L	ATA	I	2418
NC_045512.2	20720	T	G	6124	592	37	2	0	25	0.000326371	6128	1	FALSE	ORF1ab:cds-YP_009724389.1	CTA	L	CGA	R	2418
NC_045512.2	20720	T	C	6124	592	37	2	1	49	0.000326371	6128	0.249939	FALSE	ORF1ab:cds-YP_009724389.1	CTA	L	CCA	P	2418
NC_045512.2	20721	A	G	6122	593	37	1	0	37	0.000163292	6124	0.992201	FALSE	ORF1ab:cds-YP_009724389.1	CTA	L	CTG	L	2418
NC_045512.2	20721	A	C	6122	593	37	1	0	25	0.000163292	6124	1	FALSE	ORF1ab:cds-YP_009724389.1	CTA	L	CTC	L	2418
NC_045512.2	20722	T	G	6097	587	37	1	0	25	0.000163961	6099	1	FALSE	ORF1ab:cds-YP_009724389.1	TTA	L	GTA	V	2419
NC_045512.2	20722	T	C	6097	587	37	1	0	74	0.000163961	6099	0.5	FALSE	ORF1ab:cds-YP_009724389.1	TTA	L	CTA	L	2419
NC_045512.2	20723	T	G	6273	645	37	1	0	25	0.000159388	6274	1	FALSE	ORF1ab:cds-YP_009724389.1	TTA	L	TGA	*	2419
NC_045512.2	20725	G	-A	6480	660	38	3	0	20	0.000462963	6480	1	FALSE	NA	NA	NA	NA	NA	NA
NC_045512.2	20726	A	G	6366	599	38	2	0	37	0.00031407	6368	0.964852	FALSE	ORF1ab:cds-YP_009724389.1	GAA	E	GGA	G	2420
NC_045512.2	20727	A	G	6334	592	37	2	1	37	0.000315607	6337	0.964887	FALSE	ORF1ab:cds-YP_009724389.1	GAA	E	GAG	E	2420
NC_045512.2	20727	A	C	6334	592	37	1	0	25	0.000157803	6337	1	FALSE	ORF1ab:cds-YP_009724389.1	GAA	E	GAC	D	2420
NC_045512.2	20728	A	T	6333	586	37	1	0	37	0.000157878	6334	0.992205	FALSE	ORF1ab:cds-YP_009724389.1	AAG	K	TAG	*	2421
NC_045512.2	20729	A	G	6574	609	37	1	0	37	0.000152091	6575	0.992204	FALSE	ORF1ab:cds-YP_009724389.1	AAG	K	AGG	R	2421
NC_045512.2	20730	G	A	6887	608	38	3	0	37	0.000435414	6890	0.910263	FALSE	ORF1ab:cds-YP_009724389.1	AAG	K	AAA	K	2421
NC_045512.2	20731	T	C	6855	634	38	1	0	37	0.000145858	6856	0.992203	FALSE	ORF1ab:cds-YP_009724389.1	TGT	C	CGT	R	2422
NC_045512.2	20732	G	T	6912	638	38	1	0	37	0.00014455	6918	0.992184	FALSE	ORF1ab:cds-YP_009724389.1	TGT	C	TTT	F	2422
NC_045512.2	20732	G	A	6912	638	38	5	0	37	0.000722752	6918	0.725668	FALSE	ORF1ab:cds-YP_009724389.1	TGT	C	TAT	Y	2422
NC_045512.2	20733	T	C	7060	887	39	1	0	37	0.000141623	7061	0.996104	FALSE	ORF1ab:cds-YP_009724389.1	TGT	C	TGC	C	2422
NC_045512.2	20734	G	T	7080	910	39	2	0	31	0.000282366	7083	0.980499	FALSE	ORF1ab:cds-YP_009724389.1	GAC	D	TAC	Y	2423
NC_045512.2	20734	G	C	7080	910	39	1	0	37	0.000141183	7083	0.996099	FALSE	ORF1ab:cds-YP_009724389.1	GAC	D	CAC	H	2423
NC_045512.2	20735	A	G	6864	911	38	4	0	37	0.000582411	6868	0.828274	FALSE	ORF1ab:cds-YP_009724389.1	GAC	D	GGC	G	2423
NC_045512.2	20736	C	T	6899	899	38	1	0	37	0.000144928	6900	0.992203	FALSE	ORF1ab:cds-YP_009724389.1	GAC	D	GAT	D	2423
NC_045512.2	20737	C	G	6989	974	38	1	1	25	0.000143021	6992	1	FALSE	ORF1ab:cds-YP_009724389.1	CTT	L	GTT	V	2424
NC_045512.2	20737	C	A	6989	974	38	2	1	37	0.000286041	6992	0.964883	FALSE	ORF1ab:cds-YP_009724389.1	CTT	L	ATT	I	2424
NC_045512.2	20738	T	G	6957	971	38	2	0	31	0.00028715	6965	0.964804	FALSE	ORF1ab:cds-YP_009724389.1	CTT	L	CGT	R	2424
NC_045512.2	20738	T	C	6957	971	38	4	0	34	0.0005743	6965	0.828037	FALSE	ORF1ab:cds-YP_009724389.1	CTT	L	CCT	P	2424
NC_045512.2	20738	T	A	6957	971	38	2	0	37	0.00028715	6965	0.964804	FALSE	ORF1ab:cds-YP_009724389.1	CTT	L	CAT	H	2424
NC_045512.2	20739	T	C	7086	1081	39	2	0	37	0.000282167	7088	0.980508	FALSE	ORF1ab:cds-YP_009724389.1	CTT	L	CTC	L	2424
NC_045512.2	20740	C	T	7291	1110	40	1	0	37	0.000137118	7293	0.996101	FALSE	ORF1ab:cds-YP_009724389.1	CAA	Q	TAA	*	2425
NC_045512.2	20740	C	A	7291	1110	40	1	0	74	0.000137118	7293	0.5	FALSE	ORF1ab:cds-YP_009724389.1	CAA	Q	AAA	K	2425
NC_045512.2	20741	A	G	7046	1123	39	1	0	37	0.000141864	7049	0.996099	FALSE	ORF1ab:cds-YP_009724389.1	CAA	Q	CGA	R	2425
NC_045512.2	20741	A	C	7046	1123	39	2	0	31	0.000283728	7049	0.980499	FALSE	ORF1ab:cds-YP_009724389.1	CAA	Q	CCA	P	2425
NC_045512.2	20744	A	C	7639	1233	40	1	1	29	0.00013089	7640	1	FALSE	ORF1ab:cds-YP_009724389.1	AAT	N	ACT	T	2426
NC_045512.2	20745	T	G	7550	1263	39	4	0	25	0.000529451	7555	1	FALSE	ORF1ab:cds-YP_009724389.1	AAT	N	AAG	K	2426
NC_045512.2	20745	T	C	7550	1263	39	1	0	74	0.000132363	7555	0.499901	FALSE	ORF1ab:cds-YP_009724389.1	AAT	N	AAC	N	2426
NC_045512.2	20746	T	G	7761	1265	40	2	1	25	0.000257599	7764	1	FALSE	ORF1ab:cds-YP_009724389.1	TAT	Y	GAT	D	2427
NC_045512.2	20746	T	A	7761	1265	40	1	0	37	0.0001288	7764	0.996099	FALSE	ORF1ab:cds-YP_009724389.1	TAT	Y	AAT	N	2427
NC_045512.2	20747	A	C	7668	1302	40	3	3	33	0.000391083	7671	0.945393	FALSE	ORF1ab:cds-YP_009724389.1	TAT	Y	TCT	S	2427
NC_045512.2	20748	T	G	7654	1336	40	2	1	27	0.000261199	7657	1	FALSE	ORF1ab:cds-YP_009724389.1	TAT	Y	TAG	*	2427
NC_045512.2	20748	T	C	7654	1336	40	1	0	37	0.000130599	7657	0.996099	FALSE	ORF1ab:cds-YP_009724389.1	TAT	Y	TAC	Y	2427
NC_045512.2	20749	G	T	7928	1393	40	2	0	37	0.000252175	7931	0.980495	FALSE	ORF1ab:cds-YP_009724389.1	GGT	G	TGT	C	2428
NC_045512.2	20749	G	A	7928	1393	40	1	0	37	0.000126088	7931	0.996099	FALSE	ORF1ab:cds-YP_009724389.1	GGT	G	AGT	S	2428
NC_045512.2	20750	G	A	7944	1440	41	3	0	37	0.000377501	7947	0.94539	FALSE	ORF1ab:cds-YP_009724389.1	GGT	G	GAT	D	2428
NC_045512.2	20751	T	G	7791	1472	41	1	0	37	0.00012832	7793	0.996101	FALSE	ORF1ab:cds-YP_009724389.1	GGT	G	GGG	G	2428
NC_045512.2	20751	T	A	7791	1472	41	1	0	37	0.00012832	7793	0.996101	FALSE	ORF1ab:cds-YP_009724389.1	GGT	G	GGA	G	2428
NC_045512.2	20752	G	C	8066	1494	41	1	0	37	0.000123962	8067	0.998052	FALSE	ORF1ab:cds-YP_009724389.1	GAT	D	CAT	H	2429
NC_045512.2	20753	A	T	8011	1517	41	1	0	25	0.000124782	8014	1	FALSE	ORF1ab:cds-YP_009724389.1	GAT	D	GTT	V	2429
NC_045512.2	20753	A	G	8011	1517	41	1	0	37	0.000124782	8014	0.99805	FALSE	ORF1ab:cds-YP_009724389.1	GAT	D	GGT	G	2429
NC_045512.2	20753	A	C	8011	1517	41	1	1	29	0.000124782	8014	1	FALSE	ORF1ab:cds-YP_009724389.1	GAT	D	GCT	A	2429
NC_045512.2	20754	T	-AGTGC	7981	1510	41	1	0	20	0.000125298	7981	1	FALSE	NA	NA	NA	NA	NA	NA
NC_045512.2	20755	A	T	8043	1527	41	1	0	37	0.000124301	8045	0.99805	FALSE	ORF1ab:cds-YP_009724389.1	AGT	S	TGT	C	2430
NC_045512.2	20755	A	G	8043	1527	41	1	0	37	0.000124301	8045	0.99805	FALSE	ORF1ab:cds-YP_009724389.1	AGT	S	GGT	G	2430
NC_045512.2	20756	G	T	8760	1522	41	2	1	49	0.000228258	8762	0.249986	FALSE	ORF1ab:cds-YP_009724389.1	AGT	S	ATT	I	2430
NC_045512.2	20757	T	C	8783	1614	41	1	1	74	0.00011383	8785	0.499972	FALSE	ORF1ab:cds-YP_009724389.1	AGT	S	AGC	S	2430
NC_045512.2	20757	T	A	8783	1614	41	1	0	25	0.00011383	8785	1	FALSE	ORF1ab:cds-YP_009724389.1	AGT	S	AGA	R	2430
NC_045512.2	20758	G	A	8863	1623	41	7	2	42	0.000789177	8870	0.00780325	TRUE	ORF1ab:cds-YP_009724389.1	GCA	A	ACA	T	2431
NC_045512.2	20759	C	T	8743	1633	41	7	0	42	0.000799909	8751	0.00780001	TRUE	ORF1ab:cds-YP_009724389.1	GCA	A	GTA	V	2431
NC_045512.2	20759	C	A	8743	1633	41	1	1	29	0.000114273	8751	1	FALSE	ORF1ab:cds-YP_009724389.1	GCA	A	GAA	E	2431
NC_045512.2	20760	A	T	8748	1650	41	1	0	29	0.000114286	8750	1	FALSE	ORF1ab:cds-YP_009724389.1	GCA	A	GCT	A	2431
NC_045512.2	20760	A	G	8748	1650	41	1	0	25	0.000114286	8750	1	FALSE	ORF1ab:cds-YP_009724389.1	GCA	A	GCG	A	2431
NC_045512.2	20761	A	T	8825	1693	41	1	1	25	0.000113263	8829	1	FALSE	ORF1ab:cds-YP_009724389.1	ACA	T	TCA	S	2432
NC_045512.2	20761	A	G	8825	1693	41	2	1	37	0.000226526	8829	0.98927	FALSE	ORF1ab:cds-YP_009724389.1	ACA	T	GCA	A	2432
NC_045512.2	20761	A	C	8825	1693	41	1	0	25	0.000113263	8829	1	FALSE	ORF1ab:cds-YP_009724389.1	ACA	T	CCA	P	2432
NC_045512.2	20762	C	A	9129	1708	41	1	0	37	0.000109529	9130	0.999026	FALSE	ORF1ab:cds-YP_009724389.1	ACA	T	AAA	K	2432
NC_045512.2	20763	A	G	8654	2111	41	1	0	37	0.00011554	8655	0.998052	FALSE	ORF1ab:cds-YP_009724389.1	ACA	T	ACG	T	2432
NC_045512.2	20764	T	G	8476	2110	40	4	1	34	0.000471698	8480	0.927102	FALSE	ORF1ab:cds-YP_009724389.1	TTA	L	GTA	V	2433
NC_045512.2	20765	T	G	8706	2219	41	1	1	37	0.000114837	8708	0.998051	FALSE	ORF1ab:cds-YP_009724389.1	TTA	L	TGA	*	2433
NC_045512.2	20765	T	C	8706	2219	41	1	0	74	0.000114837	8708	0.5	FALSE	ORF1ab:cds-YP_009724389.1	TTA	L	TCA	S	2433
NC_045512.2	20766	A	G	9093	2275	41	1	0	37	0.000109963	9094	0.999026	FALSE	ORF1ab:cds-YP_009724389.1	TTA	L	TTG	L	2433
NC_045512.2	20767	C	T	9300	2254	41	1	1	37	0.000107492	9303	0.999025	FALSE	ORF1ab:cds-YP_009724389.1	CCT	P	TCT	S	2434
NC_045512.2	20767	C	A	9300	2254	41	2	1	31	0.000214984	9303	0.994152	FALSE	ORF1ab:cds-YP_009724389.1	CCT	P	ACT	T	2434
NC_045512.2	20768	C	A	9156	2283	40	1	0	37	0.000109206	9157	0.999026	FALSE	ORF1ab:cds-YP_009724389.1	CCT	P	CAT	H	2434
NC_045512.2	20769	T	G	9195	2301	41	1	0	25	0.000108731	9197	1	FALSE	ORF1ab:cds-YP_009724389.1	CCT	P	CCG	P	2434
NC_045512.2	20769	T	A	9195	2301	41	1	0	37	0.000108731	9197	0.999026	FALSE	ORF1ab:cds-YP_009724389.1	CCT	P	CCA	P	2434
NC_045512.2	20770	A	C	9107	2297	40	1	0	37	0.000109794	9108	0.999026	FALSE	ORF1ab:cds-YP_009724389.1	AAA	K	CAA	Q	2435
NC_045512.2	20771	A	C	9167	2281	40	3	2	31	0.000327154	9170	0.980752	FALSE	ORF1ab:cds-YP_009724389.1	AAA	K	ACA	T	2435
NC_045512.2	20772	A	G	9033	2341	40	2	1	55	0.000221361	9035	0.250014	FALSE	ORF1ab:cds-YP_009724389.1	AAA	K	AAG	K	2435
NC_045512.2	20774	G	T	9402	2341	40	2	0	37	0.000212517	9411	0.994135	FALSE	ORF1ab:cds-YP_009724389.1	GGC	G	GTC	V	2436
NC_045512.2	20774	G	A	9402	2341	40	7	2	40	0.00074381	9411	0.00780088	TRUE	ORF1ab:cds-YP_009724389.1	GGC	G	GAC	D	2436
NC_045512.2	20775	C	T	9434	2333	40	7	2	35	0.000741447	9441	0.772913	FALSE	ORF1ab:cds-YP_009724389.1	GGC	G	GGT	G	2436
NC_045512.2	20776	A	T	9444	2335	40	1	0	25	0.000105854	9447	1	FALSE	ORF1ab:cds-YP_009724389.1	ATA	I	TTA	L	2437
NC_045512.2	20776	A	G	9444	2335	40	2	0	27	0.000211707	9447	1	FALSE	ORF1ab:cds-YP_009724389.1	ATA	I	GTA	V	2437
NC_045512.2	20777	T	G	9422	2374	40	1	1	25	0.000106056	9429	1	FALSE	ORF1ab:cds-YP_009724389.1	ATA	I	AGA	R	2437
NC_045512.2	20777	T	C	9422	2374	40	6	1	41	0.000636335	9429	0.0156126	FALSE	ORF1ab:cds-YP_009724389.1	ATA	I	ACA	T	2437
NC_045512.2	20778	A	T	9380	2388	40	1	0	74	0.000106576	9383	0.499973	FALSE	ORF1ab:cds-YP_009724389.1	ATA	I	ATT	I	2437
NC_045512.2	20778	A	G	9380	2388	40	2	1	55	0.000213151	9383	0.249987	FALSE	ORF1ab:cds-YP_009724389.1	ATA	I	ATG	M	2437
NC_045512.2	20779	A	G	9241	2358	40	1	0	37	0.000108202	9242	0.999026	FALSE	ORF1ab:cds-YP_009724389.1	ATG	M	GTG	V	2438
NC_045512.2	20780	T	C	9151	2436	40	1	0	37	0.000109254	9153	0.999026	FALSE	ORF1ab:cds-YP_009724389.1	ATG	M	ACG	T	2438
NC_045512.2	20780	T	A	9151	2436	40	1	0	37	0.000109254	9153	0.999026	FALSE	ORF1ab:cds-YP_009724389.1	ATG	M	AAG	K	2438
NC_045512.2	20781	G	T	9272	2442	40	1	0	37	0.000107828	9274	0.999026	FALSE	ORF1ab:cds-YP_009724389.1	ATG	M	ATT	I	2438
NC_045512.2	20781	G	A	9272	2442	40	1	0	37	0.000107828	9274	0.999026	FALSE	ORF1ab:cds-YP_009724389.1	ATG	M	ATA	I	2438
NC_045512.2	20783	T	G	8931	2594	40	1	0	25	0.000111919	8935	1	FALSE	ORF1ab:cds-YP_009724389.1	ATG	M	AGG	R	2439
NC_045512.2	20783	T	C	8931	2594	40	2	1	55	0.000223839	8935	0.249958	FALSE	ORF1ab:cds-YP_009724389.1	ATG	M	ACG	T	2439
NC_045512.2	20783	T	A	8931	2594	40	1	0	37	0.000111919	8935	0.998049	FALSE	ORF1ab:cds-YP_009724389.1	ATG	M	AAG	K	2439
NC_045512.2	20784	G	T	9041	2609	40	2	2	31	0.000221166	9043	0.994155	FALSE	ORF1ab:cds-YP_009724389.1	ATG	M	ATT	I	2439
NC_045512.2	20785	A	G	8939	2622	40	3	1	37	0.000335458	8943	0.967326	FALSE	ORF1ab:cds-YP_009724389.1	AAT	N	GAT	D	2440
NC_045512.2	20785	A	C	8939	2622	40	1	0	25	0.000111819	8943	1	FALSE	ORF1ab:cds-YP_009724389.1	AAT	N	CAT	H	2440
NC_045512.2	20786	A	T	8668	2656	39	2	0	37	0.000230548	8675	0.989255	FALSE	ORF1ab:cds-YP_009724389.1	AAT	N	ATT	I	2440
NC_045512.2	20786	A	G	8668	2656	39	2	0	37	0.000230548	8675	0.989255	FALSE	ORF1ab:cds-YP_009724389.1	AAT	N	AGT	S	2440
NC_045512.2	20786	A	C	8668	2656	39	3	0	26	0.000345821	8675	1	FALSE	ORF1ab:cds-YP_009724389.1	AAT	N	ACT	T	2440
NC_045512.2	20787	T	G	8712	2716	39	1	0	25	0.000114758	8714	1	FALSE	ORF1ab:cds-YP_009724389.1	AAT	N	AAG	K	2440
NC_045512.2	20787	T	C	8712	2716	39	1	0	25	0.000114758	8714	1	FALSE	ORF1ab:cds-YP_009724389.1	AAT	N	AAC	N	2440
NC_045512.2	20789	T	C	8879	2864	40	3	1	37	0.000337724	8883	0.967326	FALSE	ORF1ab:cds-YP_009724389.1	GTC	V	GCC	A	2441
NC_045512.2	20789	T	A	8879	2864	40	1	0	22	0.000112575	8883	1	FALSE	ORF1ab:cds-YP_009724389.1	GTC	V	GAC	D	2441
NC_045512.2	20790	C	T	8730	2848	40	1	0	74	0.000114521	8732	0.5	FALSE	ORF1ab:cds-YP_009724389.1	GTC	V	GTT	V	2441
NC_045512.2	20790	C	A	8730	2848	40	1	0	25	0.000114521	8732	1	FALSE	ORF1ab:cds-YP_009724389.1	GTC	V	GTA	V	2441
NC_045512.2	20791	G	T	8321	2906	39	2	1	37	0.000239894	8337	0.989208	FALSE	ORF1ab:cds-YP_009724389.1	GCA	A	TCA	S	2442
NC_045512.2	20791	G	A	8321	2906	39	14	5	39	0.00167926	8337	0.142915	FALSE	ORF1ab:cds-YP_009724389.1	GCA	A	ACA	T	2442
NC_045512.2	20792	C	+A	7636	3106	38	1	0	20	0.000130959	7636	1	FALSE	NA	NA	NA	NA	NA	NA
NC_045512.2	20793	A	G	7704	3154	38	1	1	37	0.000129786	7705	0.996103	FALSE	ORF1ab:cds-YP_009724389.1	GCA	A	GCG	A	2442
NC_045512.2	20794	A	G	7605	3113	38	1	1	37	0.000131458	7607	0.996101	FALSE	ORF1ab:cds-YP_009724389.1	AAA	K	GAA	E	2443
NC_045512.2	20794	A	C	7605	3113	38	1	0	25	0.000131458	7607	1	FALSE	ORF1ab:cds-YP_009724389.1	AAA	K	CAA	Q	2443
NC_045512.2	20795	A	T	7494	3070	37	1	0	25	0.000133422	7495	1	FALSE	ORF1ab:cds-YP_009724389.1	AAA	K	ATA	I	2443
NC_045512.2	20796	A	T	7710	3194	38	2	2	37	0.000259336	7712	0.980505	FALSE	ORF1ab:cds-YP_009724389.1	AAA	K	AAT	N	2443
NC_045512.2	20797	T	G	7854	3282	38	2	2	37	0.00025455	7857	0.980496	FALSE	ORF1ab:cds-YP_009724389.1	TAT	Y	GAT	D	2444
NC_045512.2	20797	T	C	7854	3282	38	1	1	37	0.000127275	7857	0.996099	FALSE	ORF1ab:cds-YP_009724389.1	TAT	Y	CAT	H	2444
NC_045512.2	20798	A	G	8309	3212	38	1	0	37	0.000120337	8310	0.998052	FALSE	ORF1ab:cds-YP_009724389.1	TAT	Y	TGT	C	2444
NC_045512.2	20799	T	G	8444	3234	38	1	1	25	0.000118399	8446	1	FALSE	ORF1ab:cds-YP_009724389.1	TAT	Y	TAG	*	2444
NC_045512.2	20799	T	C	8444	3234	38	1	0	37	0.000118399	8446	0.998051	FALSE	ORF1ab:cds-YP_009724389.1	TAT	Y	TAC	Y	2444
NC_045512.2	20800	A	T	8520	3170	38	1	1	37	0.000117261	8528	0.998045	FALSE	ORF1ab:cds-YP_009724389.1	ACT	T	TCT	S	2445
NC_045512.2	20800	A	G	8520	3170	38	1	1	37	0.000117261	8528	0.998045	FALSE	ORF1ab:cds-YP_009724389.1	ACT	T	GCT	A	2445
NC_045512.2	20800	A	C	8520	3170	38	6	5	25	0.000703565	8528	1	FALSE	ORF1ab:cds-YP_009724389.1	ACT	T	CCT	P	2445
NC_045512.2	20801	C	T	8752	3436	38	3	0	37	0.000342622	8756	0.967327	FALSE	ORF1ab:cds-YP_009724389.1	ACT	T	ATT	I	2445
NC_045512.2	20801	C	A	8752	3436	38	1	0	25	0.000114207	8756	1	FALSE	ORF1ab:cds-YP_009724389.1	ACT	T	AAT	N	2445
NC_045512.2	20802	T	C	8770	3386	38	2	1	37	0.000227998	8772	0.98928	FALSE	ORF1ab:cds-YP_009724389.1	ACT	T	ACC	T	2445
NC_045512.2	20803	C	G	8953	3445	38	1	0	37	0.000111669	8955	0.998051	FALSE	ORF1ab:cds-YP_009724389.1	CAA	Q	GAA	E	2446
NC_045512.2	20803	C	A	8953	3445	38	1	0	25	0.000111669	8955	1	FALSE	ORF1ab:cds-YP_009724389.1	CAA	Q	AAA	K	2446
NC_045512.2	20804	A	T	8818	3313	38	1	0	25	0.00011334	8823	1	FALSE	ORF1ab:cds-YP_009724389.1	CAA	Q	CTA	L	2446
NC_045512.2	20804	A	G	8818	3313	38	2	1	37	0.00022668	8823	0.989265	FALSE	ORF1ab:cds-YP_009724389.1	CAA	Q	CGA	R	2446
NC_045512.2	20804	A	C	8818	3313	38	2	2	25	0.00022668	8823	1	FALSE	ORF1ab:cds-YP_009724389.1	CAA	Q	CCA	P	2446
NC_045512.2	20805	A	G	8710	3178	38	1	1	37	0.000114745	8715	0.998048	FALSE	ORF1ab:cds-YP_009724389.1	CAA	Q	CAG	Q	2446
NC_045512.2	20805	A	C	8710	3178	38	4	4	25	0.000458979	8715	1	FALSE	ORF1ab:cds-YP_009724389.1	CAA	Q	CAC	H	2446
NC_045512.2	20806	C	T	9183	3811	38	5	3	42	0.000544129	9189	0.031233	FALSE	ORF1ab:cds-YP_009724389.1	CTG	L	TTG	L	2447
NC_045512.2	20806	C	A	9183	3811	38	1	1	25	0.000108826	9189	1	FALSE	ORF1ab:cds-YP_009724389.1	CTG	L	ATG	M	2447
NC_045512.2	20807	T	C	8949	3572	38	6	0	35	0.000670017	8955	0.788178	FALSE	ORF1ab:cds-YP_009724389.1	CTG	L	CCG	P	2447
NC_045512.2	20808	G	T	9134	3869	38	2	2	25	0.00021889	9137	1	FALSE	ORF1ab:cds-YP_009724389.1	CTG	L	CTT	L	2447
NC_045512.2	20808	G	A	9134	3869	38	1	0	37	0.000109445	9137	0.999025	FALSE	ORF1ab:cds-YP_009724389.1	CTG	L	CTA	L	2447
NC_045512.2	20809	T	G	9093	3830	38	1	1	25	0.000109926	9097	1	FALSE	ORF1ab:cds-YP_009724389.1	TGT	C	GGT	G	2448
NC_045512.2	20809	T	C	9093	3830	38	2	2	31	0.000219853	9097	0.994149	FALSE	ORF1ab:cds-YP_009724389.1	TGT	C	CGT	R	2448
NC_045512.2	20809	T	A	9093	3830	38	1	0	20	0.000109926	9097	1	FALSE	ORF1ab:cds-YP_009724389.1	TGT	C	AGT	S	2448
NC_045512.2	20811	T	G	8945	3905	38	1	0	37	0.000111757	8948	0.99805	FALSE	ORF1ab:cds-YP_009724389.1	TGT	C	TGG	W	2448
NC_045512.2	20811	T	C	8945	3905	38	2	0	37	0.000223514	8948	0.989275	FALSE	ORF1ab:cds-YP_009724389.1	TGT	C	TGC	C	2448
NC_045512.2	20812	C	G	9055	3854	38	1	0	37	0.000110424	9056	0.999026	FALSE	ORF1ab:cds-YP_009724389.1	CAA	Q	GAA	E	2449
NC_045512.2	20813	A	T	9035	3898	38	1	1	25	0.000110656	9037	1	FALSE	ORF1ab:cds-YP_009724389.1	CAA	Q	CTA	L	2449
NC_045512.2	20813	A	G	9035	3898	38	1	0	37	0.000110656	9037	0.999026	FALSE	ORF1ab:cds-YP_009724389.1	CAA	Q	CGA	R	2449
NC_045512.2	20814	A	G	9001	3886	38	1	1	37	0.000111074	9003	0.999026	FALSE	ORF1ab:cds-YP_009724389.1	CAA	Q	CAG	Q	2449
NC_045512.2	20814	A	C	9001	3886	38	1	0	37	0.000111074	9003	0.999026	FALSE	ORF1ab:cds-YP_009724389.1	CAA	Q	CAC	H	2449
NC_045512.2	20815	T	-A	8900	3893	38	1	0	20	0.00011236	8900	1	FALSE	NA	NA	NA	NA	NA	NA
NC_045512.2	20816	A	G	9156	3934	38	1	0	37	0.000109206	9157	0.999026	FALSE	ORF1ab:cds-YP_009724389.1	TAT	Y	TGT	C	2450
NC_045512.2	20817	T	A	9275	4137	38	1	0	37	0.000107805	9276	0.999026	FALSE	ORF1ab:cds-YP_009724389.1	TAT	Y	TAA	*	2450
NC_045512.2	20818	T	A	9457	4299	38	1	0	37	0.000105731	9458	0.999026	FALSE	ORF1ab:cds-YP_009724389.1	TTA	L	ATA	I	2451
NC_045512.2	20819	T	A	9547	4380	39	1	0	37	0.000104734	9548	0.999026	FALSE	ORF1ab:cds-YP_009724389.1	TTA	L	TAA	*	2451
NC_045512.2	20820	A	T	9572	4388	39	1	0	37	0.00010445	9574	0.999026	FALSE	ORF1ab:cds-YP_009724389.1	TTA	L	TTT	F	2451
NC_045512.2	20820	A	G	9572	4388	39	1	0	37	0.00010445	9574	0.999026	FALSE	ORF1ab:cds-YP_009724389.1	TTA	L	TTG	L	2451
NC_045512.2	20821	A	T	9451	4343	39	1	0	37	0.000105787	9453	0.999026	FALSE	ORF1ab:cds-YP_009724389.1	AAC	N	TAC	Y	2452
NC_045512.2	20821	A	G	9451	4343	39	1	0	37	0.000105787	9453	0.999026	FALSE	ORF1ab:cds-YP_009724389.1	AAC	N	GAC	D	2452
NC_045512.2	20822	A	T	9234	4449	38	1	1	25	0.000108284	9235	1	FALSE	ORF1ab:cds-YP_009724389.1	AAC	N	ATC	I	2452
NC_045512.2	20823	C	T	9551	4468	39	3	1	33	0.000314005	9554	0.980751	FALSE	ORF1ab:cds-YP_009724389.1	AAC	N	AAT	N	2452
NC_045512.2	20824	A	T	9427	4298	39	1	1	37	0.000106045	9430	0.999025	FALSE	ORF1ab:cds-YP_009724389.1	ACA	T	TCA	S	2453
NC_045512.2	20824	A	G	9427	4298	39	2	1	31	0.000212089	9430	0.994152	FALSE	ORF1ab:cds-YP_009724389.1	ACA	T	GCA	A	2453
NC_045512.2	20825	C	T	9905	4400	38	1	0	74	0.000100929	9908	0.499975	FALSE	ORF1ab:cds-YP_009724389.1	ACA	T	ATA	I	2453
NC_045512.2	20825	C	A	9905	4400	38	2	1	37	0.000201857	9908	0.994151	FALSE	ORF1ab:cds-YP_009724389.1	ACA	T	AAA	K	2453
NC_045512.2	20826	A	T	10061	4423	38	1	0	25	9.93641e-05	10064	1	FALSE	ORF1ab:cds-YP_009724389.1	ACA	T	ACT	T	2453
NC_045512.2	20826	A	G	10061	4423	38	1	1	37	9.93641e-05	10064	0.999513	FALSE	ORF1ab:cds-YP_009724389.1	ACA	T	ACG	T	2453
NC_045512.2	20826	A	C	10061	4423	38	1	0	25	9.93641e-05	10064	1	FALSE	ORF1ab:cds-YP_009724389.1	ACA	T	ACC	T	2453
NC_045512.2	20828	T	C	10350	4688	39	1	1	37	9.65997e-05	10352	0.999513	FALSE	ORF1ab:cds-YP_009724389.1	TTA	L	TCA	S	2454
NC_045512.2	20828	T	A	10350	4688	39	1	0	25	9.65997e-05	10352	1	FALSE	ORF1ab:cds-YP_009724389.1	TTA	L	TAA	*	2454
NC_045512.2	20830	A	T	9962	4694	38	1	1	25	0.000100351	9965	1	FALSE	ORF1ab:cds-YP_009724389.1	ACA	T	TCA	S	2455
NC_045512.2	20830	A	G	9962	4694	38	2	2	37	0.000200702	9965	0.994151	FALSE	ORF1ab:cds-YP_009724389.1	ACA	T	GCA	A	2455
NC_045512.2	20831	C	T	10541	4800	38	1	0	37	9.48587e-05	10542	0.999513	FALSE	ORF1ab:cds-YP_009724389.1	ACA	T	ATA	I	2455
NC_045512.2	20832	A	C	10242	4401	38	3	3	33	0.000292826	10245	0.988795	FALSE	ORF1ab:cds-YP_009724389.1	ACA	T	ACC	T	2455
NC_045512.2	20833	T	G	10353	4721	38	3	2	29	0.000289687	10356	1	FALSE	ORF1ab:cds-YP_009724389.1	TTA	L	GTA	V	2456
NC_045512.2	20834	T	G	10289	4406	38	7	7	30	0.000679744	10298	0.833898	FALSE	ORF1ab:cds-YP_009724389.1	TTA	L	TGA	*	2456
NC_045512.2	20834	T	C	10289	4406	38	1	0	37	9.71062e-05	10298	0.999511	FALSE	ORF1ab:cds-YP_009724389.1	TTA	L	TCA	S	2456
NC_045512.2	20834	T	A	10289	4406	38	1	0	25	9.71062e-05	10298	1	FALSE	ORF1ab:cds-YP_009724389.1	TTA	L	TAA	*	2456
NC_045512.2	20835	A	G	10520	4605	39	2	1	37	0.000190078	10522	0.996835	FALSE	ORF1ab:cds-YP_009724389.1	TTA	L	TTG	L	2456
NC_045512.2	20836	G	T	10687	4586	38	3	2	29	0.000280636	10690	1	FALSE	ORF1ab:cds-YP_009724389.1	GCT	A	TCT	S	2457
NC_045512.2	20837	C	T	10742	4675	38	4	1	43	0.000372232	10746	0.1875	FALSE	ORF1ab:cds-YP_009724389.1	GCT	A	GTT	V	2457
NC_045512.2	20838	T	G	10856	4782	39	1	1	37	9.20726e-05	10861	0.999512	FALSE	ORF1ab:cds-YP_009724389.1	GCT	A	GCG	A	2457
NC_045512.2	20838	T	C	10856	4782	39	3	1	40	0.000276218	10861	0.312448	FALSE	ORF1ab:cds-YP_009724389.1	GCT	A	GCC	A	2457
NC_045512.2	20838	T	A	10856	4782	39	1	0	37	9.20726e-05	10861	0.999512	FALSE	ORF1ab:cds-YP_009724389.1	GCT	A	GCA	A	2457
NC_045512.2	20839	G	A	10989	4781	39	10	4	43	0.000909174	10999	0.00585205	TRUE	ORF1ab:cds-YP_009724389.1	GTA	V	ATA	I	2458
NC_045512.2	20840	T	G	10836	4648	39	1	1	37	9.22765e-05	10837	0.999513	FALSE	ORF1ab:cds-YP_009724389.1	GTA	V	GGA	G	2458
NC_045512.2	20841	A	T	10850	4739	39	1	0	37	9.21404e-05	10853	0.999513	FALSE	ORF1ab:cds-YP_009724389.1	GTA	V	GTT	V	2458
NC_045512.2	20841	A	G	10850	4739	39	1	1	37	9.21404e-05	10853	0.999513	FALSE	ORF1ab:cds-YP_009724389.1	GTA	V	GTG	V	2458
NC_045512.2	20841	A	C	10850	4739	39	1	0	25	9.21404e-05	10853	1	FALSE	ORF1ab:cds-YP_009724389.1	GTA	V	GTC	V	2458
NC_045512.2	20842	C	T	10990	4778	39	1	0	37	9.09835e-05	10991	0.999513	FALSE	ORF1ab:cds-YP_009724389.1	CCC	P	TCC	S	2459
NC_045512.2	20843	C	G	10675	4726	38	1	0	74	9.3668e-05	10676	0.500023	FALSE	ORF1ab:cds-YP_009724389.1	CCC	P	CGC	R	2459
NC_045512.2	20844	C	G	10718	4690	38	2	2	31	0.000186411	10729	0.996821	FALSE	ORF1ab:cds-YP_009724389.1	CCC	P	CCG	P	2459
NC_045512.2	20844	C	A	10718	4690	38	9	1	35	0.000838848	10729	0.676197	FALSE	ORF1ab:cds-YP_009724389.1	CCC	P	CCA	P	2459
NC_045512.2	20844	C	-T	10718	4690	38	1	0	20	9.32053e-05	10729	1	FALSE	NA	NA	NA	NA	NA	NA
NC_045512.2	20845	T	G	10458	4497	38	1	0	22	9.56023e-05	10460	1	FALSE	ORF1ab:cds-YP_009724389.1	TAT	Y	GAT	D	2460
NC_045512.2	20845	T	C	10458	4497	38	1	0	37	9.56023e-05	10460	0.999513	FALSE	ORF1ab:cds-YP_009724389.1	TAT	Y	CAT	H	2460
NC_045512.2	20846	A	G	10110	4421	38	2	1	37	0.000197589	10122	0.996819	FALSE	ORF1ab:cds-YP_009724389.1	TAT	Y	TGT	C	2460
NC_045512.2	20846	A	C	10110	4421	38	10	2	29	0.000987947	10122	1	FALSE	ORF1ab:cds-YP_009724389.1	TAT	Y	TCT	S	2460
NC_045512.2	20847	T	G	10454	4467	38	1	1	25	9.5648e-05	10455	1	FALSE	ORF1ab:cds-YP_009724389.1	TAT	Y	TAG	*	2460
NC_045512.2	20848	A	T	10256	4381	38	1	1	25	9.74564e-05	10261	1	FALSE	ORF1ab:cds-YP_009724389.1	AAT	N	TAT	Y	2461
NC_045512.2	20848	A	G	10256	4381	38	1	0	37	9.74564e-05	10261	0.999512	FALSE	ORF1ab:cds-YP_009724389.1	AAT	N	GAT	D	2461
NC_045512.2	20848	A	C	10256	4381	38	3	1	26	0.000292369	10261	1	FALSE	ORF1ab:cds-YP_009724389.1	AAT	N	CAT	H	2461
NC_045512.2	20849	A	G	10113	4119	38	1	1	37	9.87752e-05	10124	0.999511	FALSE	ORF1ab:cds-YP_009724389.1	AAT	N	AGT	S	2461
NC_045512.2	20849	A	C	10113	4119	38	10	8	26	0.000987752	10124	1	FALSE	ORF1ab:cds-YP_009724389.1	AAT	N	ACT	T	2461
NC_045512.2	20850	T	G	10290	4360	38	2	1	27	0.000194307	10293	1	FALSE	ORF1ab:cds-YP_009724389.1	AAT	N	AAG	K	2461
NC_045512.2	20850	T	C	10290	4360	38	1	1	37	9.71534e-05	10293	0.999513	FALSE	ORF1ab:cds-YP_009724389.1	AAT	N	AAC	N	2461
NC_045512.2	20851	A	C	10206	4204	37	3	3	33	0.000293858	10209	0.988795	FALSE	ORF1ab:cds-YP_009724389.1	ATG	M	CTG	L	2462
NC_045512.2	20852	T	G	10373	4383	38	3	2	30	0.000289045	10379	0.98878	FALSE	ORF1ab:cds-YP_009724389.1	ATG	M	AGG	R	2462
NC_045512.2	20852	T	C	10373	4383	38	2	1	37	0.000192697	10379	0.996829	FALSE	ORF1ab:cds-YP_009724389.1	ATG	M	ACG	T	2462
NC_045512.2	20852	T	A	10373	4383	38	1	0	25	9.63484e-05	10379	1	FALSE	ORF1ab:cds-YP_009724389.1	ATG	M	AAG	K	2462
NC_045512.2	20854	A	T	10329	4304	38	1	1	37	9.67867e-05	10332	0.999513	FALSE	ORF1ab:cds-YP_009724389.1	AGA	R	TGA	*	2463
NC_045512.2	20854	A	C	10329	4304	38	2	1	25	0.000193573	10332	1	FALSE	ORF1ab:cds-YP_009724389.1	AGA	R	CGA	R	2463
NC_045512.2	20855	G	C	10858	4342	38	1	0	29	9.20895e-05	10859	1	FALSE	ORF1ab:cds-YP_009724389.1	AGA	R	ACA	T	2463
NC_045512.2	20856	A	G	10929	4543	38	5	2	37	0.000457289	10934	0.940849	FALSE	ORF1ab:cds-YP_009724389.1	AGA	R	AGG	R	2463
NC_045512.2	20857	G	C	10511	4328	37	1	1	25	9.51294e-05	10512	1	FALSE	ORF1ab:cds-YP_009724389.1	GTT	V	CTT	L	2464
NC_045512.2	20857	G	-T	10511	4328	37	1	0	20	9.51294e-05	10512	1	FALSE	NA	NA	NA	NA	NA	NA
NC_045512.2	20858	T	G	10120	4427	37	7	1	30	0.000691085	10129	0.833847	FALSE	ORF1ab:cds-YP_009724389.1	GTT	V	GGT	G	2464
NC_045512.2	20858	T	C	10120	4427	37	1	1	37	9.87264e-05	10129	0.999511	FALSE	ORF1ab:cds-YP_009724389.1	GTT	V	GCT	A	2464
NC_045512.2	20858	T	A	10120	4427	37	1	1	29	9.87264e-05	10129	1	FALSE	ORF1ab:cds-YP_009724389.1	GTT	V	GAT	D	2464
NC_045512.2	20859	T	G	10440	4505	38	5	1	28	0.000478698	10445	1	FALSE	ORF1ab:cds-YP_009724389.1	GTT	V	GTG	V	2464
NC_045512.2	20860	A	G	10483	4556	38	1	1	37	9.53652e-05	10486	0.999513	FALSE	ORF1ab:cds-YP_009724389.1	ATA	I	GTA	V	2465
NC_045512.2	20860	A	C	10483	4556	38	2	1	37	0.00019073	10486	0.996833	FALSE	ORF1ab:cds-YP_009724389.1	ATA	I	CTA	L	2465
NC_045512.2	20861	T	G	10427	4462	38	4	3	31	0.000383436	10432	0.971354	FALSE	ORF1ab:cds-YP_009724389.1	ATA	I	AGA	R	2465
NC_045512.2	20861	T	C	10427	4462	38	1	1	37	9.58589e-05	10432	0.999512	FALSE	ORF1ab:cds-YP_009724389.1	ATA	I	ACA	T	2465
NC_045512.2	20862	A	T	10258	4730	38	2	1	31	0.000194894	10262	0.996832	FALSE	ORF1ab:cds-YP_009724389.1	ATA	I	ATT	I	2465
NC_045512.2	20862	A	G	10258	4730	38	1	0	37	9.74469e-05	10262	0.999513	FALSE	ORF1ab:cds-YP_009724389.1	ATA	I	ATG	M	2465
NC_045512.2	20862	A	C	10258	4730	38	1	0	25	9.74469e-05	10262	1	FALSE	ORF1ab:cds-YP_009724389.1	ATA	I	ATC	I	2465
NC_045512.2	20863	C	T	10392	4843	38	3	0	37	0.000288573	10396	0.98879	FALSE	ORF1ab:cds-YP_009724389.1	CAT	H	TAT	Y	2466
NC_045512.2	20863	C	G	10392	4843	38	1	0	37	9.61908e-05	10396	0.999512	FALSE	ORF1ab:cds-YP_009724389.1	CAT	H	GAT	D	2466
NC_045512.2	20864	A	G	10098	4611	38	3	1	37	0.000296971	10102	0.98879	FALSE	ORF1ab:cds-YP_009724389.1	CAT	H	CGT	R	2466
NC_045512.2	20864	A	C	10098	4611	38	1	0	25	9.89903e-05	10102	1	FALSE	ORF1ab:cds-YP_009724389.1	CAT	H	CCT	P	2466
NC_045512.2	20864	A	-T	10098	4611	38	3	0	20	0.000296971	10102	1	FALSE	NA	NA	NA	NA	NA	NA
NC_045512.2	20865	T	G	9682	4494	37	3	0	33	0.000309725	9686	0.980717	FALSE	ORF1ab:cds-YP_009724389.1	CAT	H	CAG	Q	2466
NC_045512.2	20865	T	C	9682	4494	37	1	0	37	0.000103242	9686	0.999023	FALSE	ORF1ab:cds-YP_009724389.1	CAT	H	CAC	H	2466
NC_045512.2	20866	T	G	9802	4409	38	2	0	25	0.000203915	9808	1	FALSE	ORF1ab:cds-YP_009724389.1	TTT	F	GTT	V	2467
NC_045512.2	20866	T	C	9802	4409	38	4	0	37	0.00040783	9808	0.953893	FALSE	ORF1ab:cds-YP_009724389.1	TTT	F	CTT	L	2467
NC_045512.2	20867	T	G	9733	4482	38	1	1	37	0.000102722	9735	0.999026	FALSE	ORF1ab:cds-YP_009724389.1	TTT	F	TGT	C	2467
NC_045512.2	20867	T	C	9733	4482	38	1	0	25	0.000102722	9735	1	FALSE	ORF1ab:cds-YP_009724389.1	TTT	F	TCT	S	2467
NC_045512.2	20869	G	T	9662	4525	38	3	2	29	0.000310366	9666	1	FALSE	ORF1ab:cds-YP_009724389.1	GGT	G	TGT	C	2468
NC_045512.2	20869	G	A	9662	4525	38	1	1	37	0.000103455	9666	0.999025	FALSE	ORF1ab:cds-YP_009724389.1	GGT	G	AGT	S	2468
NC_045512.2	20871	T	C	9727	4597	38	1	0	37	0.000102796	9728	0.999026	FALSE	ORF1ab:cds-YP_009724389.1	GGT	G	GGC	G	2468
NC_045512.2	20872	G	A	9937	4798	38	8	1	35	0.000804424	9945	0.68562	FALSE	ORF1ab:cds-YP_009724389.1	GCT	A	ACT	T	2469
NC_045512.2	20873	C	T	9683	4800	38	12	7	39	0.0012375	9697	0.331638	FALSE	ORF1ab:cds-YP_009724389.1	GCT	A	GTT	V	2469
NC_045512.2	20873	C	A	9683	4800	38	2	2	31	0.000206249	9697	0.994121	FALSE	ORF1ab:cds-YP_009724389.1	GCT	A	GAT	D	2469
NC_045512.2	20874	T	G	9524	4730	38	4	0	28	0.000419771	9529	1	FALSE	ORF1ab:cds-YP_009724389.1	GCT	A	GCG	A	2469
NC_045512.2	20874	T	C	9524	4730	38	1	1	37	0.000104943	9529	0.999024	FALSE	ORF1ab:cds-YP_009724389.1	GCT	A	GCC	A	2469
NC_045512.2	20875	G	T	9689	4780	38	2	0	37	0.000206334	9693	0.994149	FALSE	ORF1ab:cds-YP_009724389.1	GGT	G	TGT	C	2470
NC_045512.2	20875	G	A	9689	4780	38	2	1	25	0.000206334	9693	1	FALSE	ORF1ab:cds-YP_009724389.1	GGT	G	AGT	S	2470
NC_045512.2	20876	G	T	9694	4785	38	1	1	25	0.000103146	9695	1	FALSE	ORF1ab:cds-YP_009724389.1	GGT	G	GTT	V	2470
NC_045512.2	20877	T	G	9393	4733	38	6	0	27	0.000638162	9402	1	FALSE	ORF1ab:cds-YP_009724389.1	GGT	G	GGG	G	2470
NC_045512.2	20877	T	C	9393	4733	38	3	0	33	0.000319081	9402	0.9807	FALSE	ORF1ab:cds-YP_009724389.1	GGT	G	GGC	G	2470
NC_045512.2	20878	T	G	9640	4843	38	1	0	37	0.000103702	9643	0.999025	FALSE	ORF1ab:cds-YP_009724389.1	TCT	S	GCT	A	2471
NC_045512.2	20878	T	C	9640	4843	38	1	0	37	0.000103702	9643	0.999025	FALSE	ORF1ab:cds-YP_009724389.1	TCT	S	CCT	P	2471
NC_045512.2	20878	T	A	9640	4843	38	1	1	25	0.000103702	9643	1	FALSE	ORF1ab:cds-YP_009724389.1	TCT	S	ACT	T	2471
NC_045512.2	20879	C	T	9639	4871	38	1	0	74	0.000103734	9640	0.500026	FALSE	ORF1ab:cds-YP_009724389.1	TCT	S	TTT	F	2471
NC_045512.2	20880	T	G	9600	4888	38	1	0	25	0.000104112	9605	1	FALSE	ORF1ab:cds-YP_009724389.1	TCT	S	TCG	S	2471
NC_045512.2	20880	T	C	9600	4888	38	3	2	37	0.000312337	9605	0.980734	FALSE	ORF1ab:cds-YP_009724389.1	TCT	S	TCC	S	2471
NC_045512.2	20880	T	A	9600	4888	38	1	0	25	0.000104112	9605	1	FALSE	ORF1ab:cds-YP_009724389.1	TCT	S	TCA	S	2471
NC_045512.2	20881	G	A	9860	4905	38	1	0	25	0.00010141	9861	1	FALSE	ORF1ab:cds-YP_009724389.1	GAT	D	AAT	N	2472
NC_045512.2	20882	A	G	9656	4929	38	1	0	37	0.000103552	9657	0.999026	FALSE	ORF1ab:cds-YP_009724389.1	GAT	D	GGT	G	2472
NC_045512.2	20883	T	G	9411	4891	37	6	1	28	0.000637146	9417	1	FALSE	ORF1ab:cds-YP_009724389.1	GAT	D	GAG	E	2472
NC_045512.2	20883	T	-A	9411	4891	37	1	0	20	0.000106191	9417	1	FALSE	NA	NA	NA	NA	NA	NA
NC_045512.2	20884	A	G	9528	4787	38	1	0	74	0.000104932	9530	0.499974	FALSE	ORF1ab:cds-YP_009724389.1	AAA	K	GAA	E	2473
NC_045512.2	20884	A	C	9528	4787	38	1	0	25	0.000104932	9530	1	FALSE	ORF1ab:cds-YP_009724389.1	AAA	K	CAA	Q	2473
NC_045512.2	20885	A	G	9500	4722	38	3	1	37	0.00031569	9503	0.980751	FALSE	ORF1ab:cds-YP_009724389.1	AAA	K	AGA	R	2473
NC_045512.2	20886	A	T	9429	4718	38	2	2	37	0.000212022	9433	0.994149	FALSE	ORF1ab:cds-YP_009724389.1	AAA	K	AAT	N	2473
NC_045512.2	20886	A	G	9429	4718	38	2	1	37	0.000212022	9433	0.994149	FALSE	ORF1ab:cds-YP_009724389.1	AAA	K	AAG	K	2473
NC_045512.2	20886	A	-G	9429	4718	38	1	0	20	0.000106011	9433	1	FALSE	NA	NA	NA	NA	NA	NA
NC_045512.2	20887	G	A	9583	4798	38	2	1	55	0.000208659	9585	0.249987	FALSE	ORF1ab:cds-YP_009724389.1	GGA	G	AGA	R	2474
NC_045512.2	20888	G	C	9766	4889	38	1	1	37	0.000102386	9767	0.999026	FALSE	ORF1ab:cds-YP_009724389.1	GGA	G	GCA	A	2474
NC_045512.2	20889	A	G	9619	4685	38	2	1	37	0.000207879	9621	0.994155	FALSE	ORF1ab:cds-YP_009724389.1	GGA	G	GGG	G	2474
NC_045512.2	20891	T	G	9235	4384	38	2	2	31	0.000216474	9239	0.994149	FALSE	ORF1ab:cds-YP_009724389.1	GTT	V	GGT	G	2475
NC_045512.2	20891	T	C	9235	4384	38	2	1	37	0.000216474	9239	0.994149	FALSE	ORF1ab:cds-YP_009724389.1	GTT	V	GCT	A	2475
NC_045512.2	20892	T	G	9485	4592	38	1	1	29	0.000105407	9487	1	FALSE	ORF1ab:cds-YP_009724389.1	GTT	V	GTG	V	2475
NC_045512.2	20892	T	C	9485	4592	38	1	0	37	0.000105407	9487	0.999026	FALSE	ORF1ab:cds-YP_009724389.1	GTT	V	GTC	V	2475
NC_045512.2	20893	G	T	9690	4741	38	1	0	22	0.000103093	9700	1	FALSE	ORF1ab:cds-YP_009724389.1	GCA	A	TCA	S	2476
NC_045512.2	20893	G	A	9690	4741	38	9	5	39	0.000927835	9700	0.592778	FALSE	ORF1ab:cds-YP_009724389.1	GCA	A	ACA	T	2476
NC_045512.2	20894	C	T	9785	4894	39	2	2	31	0.000204353	9787	0.994154	FALSE	ORF1ab:cds-YP_009724389.1	GCA	A	GTA	V	2476
NC_045512.2	20895	A	G	9679	4825	38	3	2	37	0.000309853	9682	0.98075	FALSE	ORF1ab:cds-YP_009724389.1	GCA	A	GCG	A	2476
NC_045512.2	20896	C	T	9765	4928	39	2	1	31	0.00020475	9768	0.994152	FALSE	ORF1ab:cds-YP_009724389.1	CCA	P	TCA	S	2477
NC_045512.2	20896	C	A	9765	4928	39	1	0	25	0.000102375	9768	1	FALSE	ORF1ab:cds-YP_009724389.1	CCA	P	ACA	T	2477
NC_045512.2	20897	C	T	9519	4754	39	3	2	37	0.000315027	9523	0.980742	FALSE	ORF1ab:cds-YP_009724389.1	CCA	P	CTA	L	2477
NC_045512.2	20897	C	A	9519	4754	39	1	0	25	0.000105009	9523	1	FALSE	ORF1ab:cds-YP_009724389.1	CCA	P	CAA	Q	2477
NC_045512.2	20898	A	T	9664	4781	39	7	1	40	0.000723439	9676	0.00779273	TRUE	ORF1ab:cds-YP_009724389.1	CCA	P	CCT	P	2477
NC_045512.2	20898	A	G	9664	4781	39	3	2	49	0.000310045	9676	0.124826	FALSE	ORF1ab:cds-YP_009724389.1	CCA	P	CCG	P	2477
NC_045512.2	20898	A	C	9664	4781	39	2	0	33	0.000206697	9676	0.994127	FALSE	ORF1ab:cds-YP_009724389.1	CCA	P	CCC	P	2477
NC_045512.2	20899	G	A	9310	4875	38	1	1	37	0.0001074	9311	0.999026	FALSE	ORF1ab:cds-YP_009724389.1	GGT	G	AGT	S	2478
NC_045512.2	20901	T	G	9144	4822	38	1	1	25	0.000109314	9148	1	FALSE	ORF1ab:cds-YP_009724389.1	GGT	G	GGG	G	2478
NC_045512.2	20901	T	C	9144	4822	38	3	3	37	0.000327941	9148	0.980744	FALSE	ORF1ab:cds-YP_009724389.1	GGT	G	GGC	G	2478
NC_045512.2	20902	A	G	8955	4741	37	4	1	37	0.000446379	8961	0.927042	FALSE	ORF1ab:cds-YP_009724389.1	ACA	T	GCA	A	2479
NC_045512.2	20902	A	C	8955	4741	37	2	0	25	0.000223189	8961	1	FALSE	ORF1ab:cds-YP_009724389.1	ACA	T	CCA	P	2479
NC_045512.2	20903	C	T	9225	4831	38	1	0	37	0.000108378	9227	0.999026	FALSE	ORF1ab:cds-YP_009724389.1	ACA	T	ATA	I	2479
NC_045512.2	20903	C	G	9225	4831	38	1	0	37	0.000108378	9227	0.999026	FALSE	ORF1ab:cds-YP_009724389.1	ACA	T	AGA	R	2479
NC_045512.2	20904	A	T	9035	4798	38	1	1	37	0.000110644	9038	0.999025	FALSE	ORF1ab:cds-YP_009724389.1	ACA	T	ACT	T	2479
NC_045512.2	20904	A	G	9035	4798	38	2	2	37	0.000221288	9038	0.994153	FALSE	ORF1ab:cds-YP_009724389.1	ACA	T	ACG	T	2479
NC_045512.2	20905	G	A	9098	4787	38	11	8	37	0.0012076	9109	0.41195	FALSE	ORF1ab:cds-YP_009724389.1	GCT	A	ACT	T	2480
NC_045512.2	20906	C	T	9081	4853	38	12	2	43	0.00131955	9094	0.000243256	TRUE	ORF1ab:cds-YP_009724389.1	GCT	A	GTT	V	2480
NC_045512.2	20906	C	G	9081	4853	38	1	1	37	0.000109963	9094	0.99902	FALSE	ORF1ab:cds-YP_009724389.1	GCT	A	GGT	G	2480
NC_045512.2	20907	T	G	8572	4359	38	1	0	25	0.000116577	8578	1	FALSE	ORF1ab:cds-YP_009724389.1	GCT	A	GCG	A	2480
NC_045512.2	20907	T	C	8572	4359	38	5	3	37	0.000582886	8578	0.866669	FALSE	ORF1ab:cds-YP_009724389.1	GCT	A	GCC	A	2480
NC_045512.2	20908	G	A	9128	4692	39	2	1	37	0.000219058	9130	0.994155	FALSE	ORF1ab:cds-YP_009724389.1	GTT	V	ATT	I	2481
NC_045512.2	20909	T	A	8661	4392	38	1	1	37	0.000115447	8662	0.998052	FALSE	ORF1ab:cds-YP_009724389.1	GTT	V	GAT	D	2481
NC_045512.2	20913	A	T	9094	4897	39	2	2	37	0.000219804	9099	0.994147	FALSE	ORF1ab:cds-YP_009724389.1	TTA	L	TTT	F	2482
NC_045512.2	20913	A	G	9094	4897	39	2	1	37	0.000219804	9099	0.994147	FALSE	ORF1ab:cds-YP_009724389.1	TTA	L	TTG	L	2482
NC_045512.2	20913	A	C	9094	4897	39	1	1	25	0.000109902	9099	1	FALSE	ORF1ab:cds-YP_009724389.1	TTA	L	TTC	F	2482
NC_045512.2	20914	A	T	9171	5005	39	1	0	25	0.000109027	9172	1	FALSE	ORF1ab:cds-YP_009724389.1	AGA	R	TGA	*	2483
NC_045512.2	20915	G	T	10042	6154	41	1	1	74	9.95718e-05	10043	0.500025	FALSE	ORF1ab:cds-YP_009724389.1	AGA	R	ATA	I	2483
NC_045512.2	20916	A	G	9926	6120	41	1	1	37	0.000100715	9929	0.999025	FALSE	ORF1ab:cds-YP_009724389.1	AGA	R	AGG	R	2483
NC_045512.2	20916	A	C	9926	6120	41	2	2	27	0.00020143	9929	1	FALSE	ORF1ab:cds-YP_009724389.1	AGA	R	AGC	S	2483
NC_045512.2	20917	C	T	10567	6958	42	1	1	37	9.46163e-05	10569	0.999513	FALSE	ORF1ab:cds-YP_009724389.1	CAG	Q	TAG	*	2484
NC_045512.2	20917	C	G	10567	6958	42	1	1	25	9.46163e-05	10569	1	FALSE	ORF1ab:cds-YP_009724389.1	CAG	Q	GAG	E	2484
NC_045512.2	20918	A	T	9878	6384	42	1	0	37	0.000101174	9884	0.999024	FALSE	ORF1ab:cds-YP_009724389.1	CAG	Q	CTG	L	2484
NC_045512.2	20918	A	G	9878	6384	42	2	2	37	0.000202347	9884	0.994143	FALSE	ORF1ab:cds-YP_009724389.1	CAG	Q	CGG	R	2484
NC_045512.2	20918	A	C	9878	6384	42	3	3	33	0.000303521	9884	0.980725	FALSE	ORF1ab:cds-YP_009724389.1	CAG	Q	CCG	P	2484
NC_045512.2	20918	A	+G	9878	6384	42	9	0	20	0.000910563	9884	1	FALSE	NA	NA	NA	NA	NA	NA
NC_045512.2	20920	T	G	10321	6826	42	3	3	25	0.000290501	10327	1	FALSE	ORF1ab:cds-YP_009724389.1	TGG	W	GGG	G	2485
NC_045512.2	20920	T	C	10321	6826	42	1	0	37	9.68335e-05	10327	0.999512	FALSE	ORF1ab:cds-YP_009724389.1	TGG	W	CGG	R	2485
NC_045512.2	20920	T	A	10321	6826	42	2	1	42	0.000193667	10327	0.499891	FALSE	ORF1ab:cds-YP_009724389.1	TGG	W	AGG	R	2485
NC_045512.2	20921	G	T	10524	6982	43	1	0	74	9.49938e-05	10527	0.499976	FALSE	ORF1ab:cds-YP_009724389.1	TGG	W	TTG	L	2485
NC_045512.2	20921	G	C	10524	6982	43	1	0	25	9.49938e-05	10527	1	FALSE	ORF1ab:cds-YP_009724389.1	TGG	W	TCG	S	2485
NC_045512.2	20921	G	A	10524	6982	43	1	0	37	9.49938e-05	10527	0.999513	FALSE	ORF1ab:cds-YP_009724389.1	TGG	W	TAG	*	2485
NC_045512.2	20922	G	A	10507	6970	43	2	2	37	0.000190313	10509	0.996835	FALSE	ORF1ab:cds-YP_009724389.1	TGG	W	TGA	*	2485
NC_045512.2	20923	T	G	10113	6587	42	4	4	26	0.000395218	10121	1	FALSE	ORF1ab:cds-YP_009724389.1	TTG	L	GTG	V	2486
NC_045512.2	20923	T	C	10113	6587	42	4	1	37	0.000395218	10121	0.97132	FALSE	ORF1ab:cds-YP_009724389.1	TTG	L	CTG	L	2486
NC_045512.2	20924	T	C	10382	6895	43	1	0	37	9.63113e-05	10383	0.999513	FALSE	ORF1ab:cds-YP_009724389.1	TTG	L	TCG	S	2486
NC_045512.2	20925	G	A	10632	7193	43	10	7	41	0.000939673	10642	0.00585181	TRUE	ORF1ab:cds-YP_009724389.1	TTG	L	TTA	L	2486
NC_045512.2	20926	C	T	10297	7351	42	8	6	46	0.000776247	10306	0.0195108	FALSE	ORF1ab:cds-YP_009724389.1	CCT	P	TCT	S	2487
NC_045512.2	20926	C	G	10297	7351	42	1	1	37	9.70309e-05	10306	0.999511	FALSE	ORF1ab:cds-YP_009724389.1	CCT	P	GCT	A	2487
NC_045512.2	20927	C	G	10540	7656	42	1	1	29	9.48587e-05	10542	1	FALSE	ORF1ab:cds-YP_009724389.1	CCT	P	CGT	R	2487
NC_045512.2	20927	C	A	10540	7656	42	1	0	37	9.48587e-05	10542	0.999513	FALSE	ORF1ab:cds-YP_009724389.1	CCT	P	CAT	H	2487
NC_045512.2	20928	T	G	10128	7254	42	1	1	25	9.87069e-05	10131	1	FALSE	ORF1ab:cds-YP_009724389.1	CCT	P	CCG	P	2487
NC_045512.2	20928	T	C	10128	7254	42	2	1	37	0.000197414	10131	0.996833	FALSE	ORF1ab:cds-YP_009724389.1	CCT	P	CCC	P	2487
NC_045512.2	20929	A	T	10099	7254	42	1	1	37	9.90001e-05	10101	0.999513	FALSE	ORF1ab:cds-YP_009724389.1	ACG	T	TCG	S	2488
NC_045512.2	20929	A	G	10099	7254	42	1	1	37	9.90001e-05	10101	0.999513	FALSE	ORF1ab:cds-YP_009724389.1	ACG	T	GCG	A	2488
NC_045512.2	20930	C	T	10332	7542	42	9	7	37	0.000870322	10341	0.67635	FALSE	ORF1ab:cds-YP_009724389.1	ACG	T	ATG	M	2488
NC_045512.2	20930	C	-G	10332	7542	42	1	0	20	9.67024e-05	10341	1	FALSE	NA	NA	NA	NA	NA	NA
NC_045512.2	20931	G	T	10312	7575	42	1	0	37	9.69274e-05	10317	0.999512	FALSE	ORF1ab:cds-YP_009724389.1	ACG	T	ACT	T	2488
NC_045512.2	20931	G	A	10312	7575	42	4	2	49	0.00038771	10317	0.187439	FALSE	ORF1ab:cds-YP_009724389.1	ACG	T	ACA	T	2488
NC_045512.2	20932	G	C	10168	7589	42	1	1	62	9.83284e-05	10170	0.5	FALSE	ORF1ab:cds-YP_009724389.1	GGT	G	CGT	R	2489
NC_045512.2	20932	G	A	10168	7589	42	1	1	37	9.83284e-05	10170	0.999513	FALSE	ORF1ab:cds-YP_009724389.1	GGT	G	AGT	S	2489
NC_045512.2	20933	G	A	10175	7586	42	2	2	37	0.000196522	10177	0.996835	FALSE	ORF1ab:cds-YP_009724389.1	GGT	G	GAT	D	2489
NC_045512.2	20934	T	G	9770	7226	42	1	1	25	0.000102333	9772	1	FALSE	ORF1ab:cds-YP_009724389.1	GGT	G	GGG	G	2489
NC_045512.2	20934	T	C	9770	7226	42	1	1	48	0.000102333	9772	0.5	FALSE	ORF1ab:cds-YP_009724389.1	GGT	G	GGC	G	2489
NC_045512.2	20935	A	G	9761	7366	41	1	1	74	0.000102428	9763	0.5	FALSE	ORF1ab:cds-YP_009724389.1	ACG	T	GCG	A	2490
NC_045512.2	20935	A	C	9761	7366	41	1	0	37	0.000102428	9763	0.999026	FALSE	ORF1ab:cds-YP_009724389.1	ACG	T	CCG	P	2490
NC_045512.2	20936	C	T	9913	7465	42	7	7	35	0.000705645	9920	0.772905	FALSE	ORF1ab:cds-YP_009724389.1	ACG	T	ATG	M	2490
NC_045512.2	20937	G	A	9789	7497	41	15	13	35	0.00152999	9804	0.153639	FALSE	ORF1ab:cds-YP_009724389.1	ACG	T	ACA	T	2490
NC_045512.2	20938	C	T	9781	7504	41	2	2	55	0.000204436	9783	0.250013	FALSE	ORF1ab:cds-YP_009724389.1	CTG	L	TTG	L	2491
NC_045512.2	20939	T	G	9298	7096	41	1	0	37	0.000107481	9304	0.999024	FALSE	ORF1ab:cds-YP_009724389.1	CTG	L	CGG	R	2491
NC_045512.2	20939	T	C	9298	7096	41	5	2	42	0.000537403	9304	0.0312332	FALSE	ORF1ab:cds-YP_009724389.1	CTG	L	CCG	P	2491
NC_045512.2	20940	G	A	9365	7190	41	5	3	34	0.000533618	9370	0.910331	FALSE	ORF1ab:cds-YP_009724389.1	CTG	L	CTA	L	2491
NC_045512.2	20941	C	T	8964	6804	40	3	2	49	0.000334523	8968	0.124979	FALSE	ORF1ab:cds-YP_009724389.1	CTT	L	TTT	F	2492
NC_045512.2	20941	C	A	8964	6804	40	1	0	29	0.000111508	8968	1	FALSE	ORF1ab:cds-YP_009724389.1	CTT	L	ATT	I	2492
NC_045512.2	20942	T	G	9017	6938	41	1	1	25	0.000110865	9020	1	FALSE	ORF1ab:cds-YP_009724389.1	CTT	L	CGT	R	2492
NC_045512.2	20942	T	C	9017	6938	41	2	1	37	0.000221729	9020	0.994153	FALSE	ORF1ab:cds-YP_009724389.1	CTT	L	CCT	P	2492
NC_045512.2	20943	T	C	9078	7047	40	3	3	37	0.00033036	9081	0.980753	FALSE	ORF1ab:cds-YP_009724389.1	CTT	L	CTC	L	2492
NC_045512.2	20944	G	A	9148	7130	40	2	0	37	0.000218579	9150	0.994155	FALSE	ORF1ab:cds-YP_009724389.1	GTC	V	ATC	I	2493
NC_045512.2	20945	T	A	9099	7112	40	1	1	37	0.00010989	9100	0.999026	FALSE	ORF1ab:cds-YP_009724389.1	GTC	V	GAC	D	2493
NC_045512.2	20946	C	T	9031	7047	40	2	1	37	0.00022141	9033	0.994155	FALSE	ORF1ab:cds-YP_009724389.1	GTC	V	GTT	V	2493
NC_045512.2	20947	G	A	8966	7012	40	6	4	37	0.000668747	8972	0.788178	FALSE	ORF1ab:cds-YP_009724389.1	GAT	D	AAT	N	2494
NC_045512.2	20949	T	G	8744	6848	40	2	2	33	0.000228676	8746	0.98928	FALSE	ORF1ab:cds-YP_009724389.1	GAT	D	GAG	E	2494
NC_045512.2	20950	T	C	8774	6937	39	3	2	37	0.000341686	8780	0.967299	FALSE	ORF1ab:cds-YP_009724389.1	TCA	S	CCA	P	2495
NC_045512.2	20950	T	A	8774	6937	39	3	3	29	0.000341686	8780	1	FALSE	ORF1ab:cds-YP_009724389.1	TCA	S	ACA	T	2495
NC_045512.2	20951	C	T	8864	7055	40	4	4	37	0.00045106	8868	0.927097	FALSE	ORF1ab:cds-YP_009724389.1	TCA	S	TTA	L	2495
NC_045512.2	20952	A	T	8511	6711	39	3	2	46	0.000351989	8523	0.124802	FALSE	ORF1ab:cds-YP_009724389.1	TCA	S	TCT	S	2495
NC_045512.2	20952	A	G	8511	6711	39	6	4	40	0.000703977	8523	0.0155838	FALSE	ORF1ab:cds-YP_009724389.1	TCA	S	TCG	S	2495
NC_045512.2	20952	A	C	8511	6711	39	3	3	29	0.000351989	8523	1	FALSE	ORF1ab:cds-YP_009724389.1	TCA	S	TCC	S	2495
NC_045512.2	20953	G	T	8609	6807	39	2	2	33	0.000232207	8613	0.989271	FALSE	ORF1ab:cds-YP_009724389.1	GAT	D	TAT	Y	2496
NC_045512.2	20953	G	A	8609	6807	39	2	2	31	0.000232207	8613	0.989271	FALSE	ORF1ab:cds-YP_009724389.1	GAT	D	AAT	N	2496
NC_045512.2	20954	A	C	8421	6625	39	3	3	30	0.000356125	8424	0.967343	FALSE	ORF1ab:cds-YP_009724389.1	GAT	D	GCT	A	2496
NC_045512.2	20955	T	C	8521	6796	39	1	1	37	0.000117316	8524	0.99805	FALSE	ORF1ab:cds-YP_009724389.1	GAT	D	GAC	D	2496
NC_045512.2	20955	T	A	8521	6796	39	2	2	25	0.000234632	8524	1	FALSE	ORF1ab:cds-YP_009724389.1	GAT	D	GAA	E	2496
NC_045512.2	20957	T	C	8202	6723	39	4	1	37	0.000487448	8206	0.927105	FALSE	ORF1ab:cds-YP_009724389.1	CTT	L	CCT	P	2497
NC_045512.2	20958	T	G	7970	6652	38	1	1	37	0.000125408	7974	0.996097	FALSE	ORF1ab:cds-YP_009724389.1	CTT	L	CTG	L	2497
NC_045512.2	20958	T	C	7970	6652	38	3	1	49	0.000376223	7974	0.124976	FALSE	ORF1ab:cds-YP_009724389.1	CTT	L	CTC	L	2497
NC_045512.2	20959	A	T	8008	6695	38	2	1	31	0.000249688	8010	0.989282	FALSE	ORF1ab:cds-YP_009724389.1	AAT	N	TAT	Y	2498
NC_045512.2	20960	A	G	7854	6555	38	1	1	37	0.000127307	7855	0.996103	FALSE	ORF1ab:cds-YP_009724389.1	AAT	N	AGT	S	2498
NC_045512.2	20961	T	G	8120	6799	38	1	1	25	0.000123138	8121	1	FALSE	ORF1ab:cds-YP_009724389.1	AAT	N	AAG	K	2498
NC_045512.2	20963	A	T	7867	6582	38	1	1	25	0.000127081	7869	1	FALSE	ORF1ab:cds-YP_009724389.1	GAC	D	GTC	V	2499
NC_045512.2	20963	A	G	7867	6582	38	1	0	25	0.000127081	7869	1	FALSE	ORF1ab:cds-YP_009724389.1	GAC	D	GGC	G	2499
NC_045512.2	20964	C	T	7976	6692	38	3	2	45	0.000375987	7979	0.125	FALSE	ORF1ab:cds-YP_009724389.1	GAC	D	GAT	D	2499
NC_045512.2	20964	C	-T	7976	6692	38	1	0	20	0.000125329	7979	1	FALSE	NA	NA	NA	NA	NA	NA
NC_045512.2	20965	T	G	7705	6416	38	1	0	37	0.000129702	7710	0.996093	FALSE	ORF1ab:cds-YP_009724389.1	TTT	F	GTT	V	2500
NC_045512.2	20965	T	C	7705	6416	38	3	2	37	0.000389105	7710	0.945324	FALSE	ORF1ab:cds-YP_009724389.1	TTT	F	CTT	L	2500
NC_045512.2	20965	T	A	7705	6416	38	1	1	37	0.000129702	7710	0.996093	FALSE	ORF1ab:cds-YP_009724389.1	TTT	F	ATT	I	2500
NC_045512.2	20966	T	G	7640	6383	38	1	1	37	0.000130873	7641	0.996103	FALSE	ORF1ab:cds-YP_009724389.1	TTT	F	TGT	C	2500
NC_045512.2	20967	T	G	7545	6278	38	3	3	25	0.000397351	7550	1	FALSE	ORF1ab:cds-YP_009724389.1	TTT	F	TTG	L	2500
NC_045512.2	20967	T	C	7545	6278	38	2	2	37	0.000264901	7550	0.980478	FALSE	ORF1ab:cds-YP_009724389.1	TTT	F	TTC	F	2500
NC_045512.2	20969	T	C	7662	6407	38	1	1	37	0.00013048	7664	0.996101	FALSE	ORF1ab:cds-YP_009724389.1	GTC	V	GCC	A	2501
NC_045512.2	20969	T	A	7662	6407	38	1	1	37	0.00013048	7664	0.996101	FALSE	ORF1ab:cds-YP_009724389.1	GTC	V	GAC	D	2501
NC_045512.2	20970	C	T	7711	6469	38	1	1	48	0.000129668	7712	0.500032	FALSE	ORF1ab:cds-YP_009724389.1	GTC	V	GTT	V	2501
NC_045512.2	20973	T	C	7318	6096	38	1	1	25	0.000136631	7319	1	FALSE	ORF1ab:cds-YP_009724389.1	TCT	S	TCC	S	2502
NC_045512.2	20976	T	C	7304	6146	38	2	2	37	0.000273748	7306	0.980507	FALSE	ORF1ab:cds-YP_009724389.1	GAT	D	GAC	D	2503
NC_045512.2	20977	G	T	7267	6121	38	1	1	48	0.000137457	7275	0.499794	FALSE	ORF1ab:cds-YP_009724389.1	GCA	A	TCA	S	2504
NC_045512.2	20977	G	A	7267	6121	38	7	5	37	0.000962199	7275	0.604787	FALSE	ORF1ab:cds-YP_009724389.1	GCA	A	ACA	T	2504
NC_045512.2	20978	C	T	7299	6161	38	15	13	36	0.00205086	7314	0.0667959	FALSE	ORF1ab:cds-YP_009724389.1	GCA	A	GTA	V	2504
NC_045512.2	20979	A	G	7198	6101	38	1	1	22	0.000138908	7199	1	FALSE	ORF1ab:cds-YP_009724389.1	GCA	A	GCG	A	2504
NC_045512.2	20980	G	A	7172	6024	38	2	2	37	0.000278784	7174	0.980508	FALSE	ORF1ab:cds-YP_009724389.1	GAT	D	AAT	N	2505
NC_045512.2	20982	T	C	6941	5985	38	1	1	37	0.000144051	6942	0.992203	FALSE	ORF1ab:cds-YP_009724389.1	GAT	D	GAC	D	2505
NC_045512.2	20983	T	C	7029	6025	38	5	3	37	0.000710833	7034	0.806324	FALSE	ORF1ab:cds-YP_009724389.1	TCA	S	CCA	P	2506
NC_045512.2	20984	C	A	6979	6008	37	1	0	25	0.000143266	6980	1	FALSE	ORF1ab:cds-YP_009724389.1	TCA	S	TAA	*	2506
NC_045512.2	20985	A	G	6886	5961	37	2	2	31	0.00029036	6888	0.964899	FALSE	ORF1ab:cds-YP_009724389.1	TCA	S	TCG	S	2506
NC_045512.2	20987	C	T	6903	5992	37	2	2	37	0.000289645	6905	0.964899	FALSE	ORF1ab:cds-YP_009724389.1	ACT	T	ATT	I	2507
NC_045512.2	20988	T	G	6469	5609	37	1	0	25	0.000154536	6471	1	FALSE	ORF1ab:cds-YP_009724389.1	ACT	T	ACG	T	2507
NC_045512.2	20988	T	A	6469	5609	37	1	1	25	0.000154536	6471	1	FALSE	ORF1ab:cds-YP_009724389.1	ACT	T	ACA	T	2507
NC_045512.2	20989	T	G	6447	5670	37	4	1	31	0.000619963	6452	0.82822	FALSE	ORF1ab:cds-YP_009724389.1	TTG	L	GTG	V	2508
NC_045512.2	20989	T	C	6447	5670	37	1	1	37	0.000154991	6452	0.992188	FALSE	ORF1ab:cds-YP_009724389.1	TTG	L	CTG	L	2508
NC_045512.2	20990	T	G	6413	5565	37	3	2	29	0.000467581	6416	1	FALSE	ORF1ab:cds-YP_009724389.1	TTG	L	TGG	W	2508
NC_045512.2	20991	G	A	6549	5687	37	1	1	37	0.000152672	6550	0.992204	FALSE	ORF1ab:cds-YP_009724389.1	TTG	L	TTA	L	2508
NC_045512.2	20992	A	G	6516	5699	37	1	1	37	0.000153445	6517	0.992204	FALSE	ORF1ab:cds-YP_009724389.1	ATT	I	GTT	V	2509
NC_045512.2	20993	T	A	6450	5693	37	1	0	37	0.000155015	6451	0.992204	FALSE	ORF1ab:cds-YP_009724389.1	ATT	I	AAT	N	2509
NC_045512.2	20994	T	C	6392	5594	37	1	1	37	0.000156421	6393	0.992205	FALSE	ORF1ab:cds-YP_009724389.1	ATT	I	ATC	I	2509
NC_045512.2	20995	G	T	6389	5580	37	3	3	37	0.000469263	6393	0.910233	FALSE	ORF1ab:cds-YP_009724389.1	GGT	G	TGT	C	2510
NC_045512.2	20995	G	A	6389	5580	37	1	1	37	0.000156421	6393	0.992192	FALSE	ORF1ab:cds-YP_009724389.1	GGT	G	AGT	S	2510
NC_045512.2	20996	G	T	6356	5557	37	1	1	37	0.000157307	6357	0.992205	FALSE	ORF1ab:cds-YP_009724389.1	GGT	G	GTT	V	2510
NC_045512.2	20997	T	C	6287	5504	37	1	0	37	0.000159033	6288	0.992205	FALSE	ORF1ab:cds-YP_009724389.1	GGT	G	GGC	G	2510
NC_045512.2	20999	A	T	5996	5397	37	1	1	25	0.000166694	5999	1	FALSE	ORF1ab:cds-YP_009724389.1	GAT	D	GTT	V	2511
NC_045512.2	20999	A	G	5996	5397	37	2	1	37	0.000333389	5999	0.937555	FALSE	ORF1ab:cds-YP_009724389.1	GAT	D	GGT	G	2511
NC_045512.2	21000	T	G	5989	5419	36	1	1	25	0.000166917	5991	1	FALSE	ORF1ab:cds-YP_009724389.1	GAT	D	GAG	E	2511
NC_045512.2	21000	T	C	5989	5419	36	1	1	25	0.000166917	5991	1	FALSE	ORF1ab:cds-YP_009724389.1	GAT	D	GAC	D	2511
NC_045512.2	21001	T	C	5917	5381	37	1	1	37	0.000168976	5918	0.984403	FALSE	ORF1ab:cds-YP_009724389.1	TGT	C	CGT	R	2512
NC_045512.2	21002	G	T	5969	5439	37	1	1	37	0.000167504	5970	0.984402	FALSE	ORF1ab:cds-YP_009724389.1	TGT	C	TTT	F	2512
NC_045512.2	21003	T	C	5856	5333	36	1	0	37	0.000170736	5857	0.984403	FALSE	ORF1ab:cds-YP_009724389.1	TGT	C	TGC	C	2512
NC_045512.2	21004	G	T	5889	5369	36	1	1	37	0.000169635	5895	0.984363	FALSE	ORF1ab:cds-YP_009724389.1	GCA	A	TCA	S	2513
NC_045512.2	21004	G	A	5889	5369	36	5	3	34	0.000848176	5895	0.623099	FALSE	ORF1ab:cds-YP_009724389.1	GCA	A	ACA	T	2513
NC_045512.2	21005	C	T	5954	5444	37	9	7	37	0.00150905	5964	0.211837	FALSE	ORF1ab:cds-YP_009724389.1	GCA	A	GTA	V	2513
NC_045512.2	21005	C	A	5954	5444	37	1	1	37	0.000167673	5964	0.984332	FALSE	ORF1ab:cds-YP_009724389.1	GCA	A	GAA	E	2513
NC_045512.2	21006	A	G	5912	5421	37	1	1	25	0.000169119	5913	1	FALSE	ORF1ab:cds-YP_009724389.1	GCA	A	GCG	A	2513
NC_045512.2	21007	A	G	5693	5218	36	2	2	37	0.000350877	5700	0.937442	FALSE	ORF1ab:cds-YP_009724389.1	ACT	T	GCT	A	2514
NC_045512.2	21007	A	C	5693	5218	36	5	4	27	0.000877193	5700	1	FALSE	ORF1ab:cds-YP_009724389.1	ACT	T	CCT	P	2514
NC_045512.2	21007	A	+C	5693	5218	36	1	0	20	0.000175439	5700	1	FALSE	NA	NA	NA	NA	NA	NA
NC_045512.2	21009	T	C	5184	4889	36	2	1	37	0.000385654	5186	0.937595	FALSE	ORF1ab:cds-YP_009724389.1	ACT	T	ACC	T	2514
NC_045512.2	21010	G	A	5173	4883	36	7	6	37	0.00135135	5180	0.387272	FALSE	ORF1ab:cds-YP_009724389.1	GTA	V	ATA	I	2515
NC_045512.2	21012	A	G	4533	4256	36	1	1	37	0.000220556	4534	0.968802	FALSE	ORF1ab:cds-YP_009724389.1	GTA	V	GTG	V	2515
NC_045512.2	21013	C	T	4703	4423	36	1	1	37	0.000212585	4704	0.9688	FALSE	ORF1ab:cds-YP_009724389.1	CAT	H	TAT	Y	2516
NC_045512.2	21024	T	G	7154	132	36	1	0	25	0.000139723	7157	1	FALSE	ORF1ab:cds-YP_009724389.1	AAT	N	AAG	K	2519
NC_045512.2	21024	T	C	7154	132	36	1	0	37	0.000139723	7157	0.996099	FALSE	ORF1ab:cds-YP_009724389.1	AAT	N	AAC	N	2519
NC_045512.2	21024	T	A	7154	132	36	1	0	37	0.000139723	7157	0.996099	FALSE	ORF1ab:cds-YP_009724389.1	AAT	N	AAA	K	2519
NC_045512.2	21025	A	-AATG	7379	132	36	1	0	20	0.00013552	7379	1	FALSE	NA	NA	NA	NA	NA	NA
NC_045512.2	21026	A	C	7294	125	36	1	0	25	0.00013708	7295	1	FALSE	ORF1ab:cds-YP_009724389.1	AAA	K	ACA	T	2520
NC_045512.2	21027	A	C	7296	120	35	1	0	37	0.000137043	7297	0.996101	FALSE	ORF1ab:cds-YP_009724389.1	AAA	K	AAC	N	2520
NC_045512.2	21028	T	A	7449	132	36	1	0	25	0.000134228	7450	1	FALSE	ORF1ab:cds-YP_009724389.1	TGG	W	AGG	R	2521
NC_045512.2	21030	G	T	7624	280	37	2	0	31	0.000262261	7626	0.980506	FALSE	ORF1ab:cds-YP_009724389.1	TGG	W	TGT	C	2521
NC_045512.2	21031	G	A	7679	298	37	1	0	25	0.000130208	7680	1	FALSE	ORF1ab:cds-YP_009724389.1	GAT	D	AAT	N	2522
NC_045512.2	21032	A	G	7320	305	36	1	0	37	0.000136593	7321	0.996103	FALSE	ORF1ab:cds-YP_009724389.1	GAT	D	GGT	G	2522
NC_045512.2	21035	T	G	7805	327	37	1	1	37	0.000128057	7809	0.996097	FALSE	ORF1ab:cds-YP_009724389.1	CTC	L	CGC	R	2523
NC_045512.2	21035	T	C	7805	327	37	2	0	37	0.000256115	7809	0.980487	FALSE	ORF1ab:cds-YP_009724389.1	CTC	L	CCC	P	2523
NC_045512.2	21035	T	A	7805	327	37	1	0	37	0.000128057	7809	0.996097	FALSE	ORF1ab:cds-YP_009724389.1	CTC	L	CAC	H	2523
NC_045512.2	21036	C	T	9152	351	37	1	0	37	0.000109242	9154	0.999026	FALSE	ORF1ab:cds-YP_009724389.1	CTC	L	CTT	L	2523
NC_045512.2	21036	C	A	9152	351	37	1	0	25	0.000109242	9154	1	FALSE	ORF1ab:cds-YP_009724389.1	CTC	L	CTA	L	2523
NC_045512.2	21037	A	C	9417	358	37	2	0	25	0.000212337	9419	1	FALSE	ORF1ab:cds-YP_009724389.1	ATT	I	CTT	L	2524
NC_045512.2	21038	T	G	9318	402	36	4	0	31	0.000429046	9323	0.953914	FALSE	ORF1ab:cds-YP_009724389.1	ATT	I	AGT	S	2524
NC_045512.2	21038	T	C	9318	402	36	1	0	37	0.000107262	9323	0.999024	FALSE	ORF1ab:cds-YP_009724389.1	ATT	I	ACT	T	2524
NC_045512.2	21039	T	C	9532	417	37	1	0	37	0.000104899	9533	0.999026	FALSE	ORF1ab:cds-YP_009724389.1	ATT	I	ATC	I	2524
NC_045512.2	21041	T	G	9543	501	37	1	0	37	0.000104767	9545	0.999026	FALSE	ORF1ab:cds-YP_009724389.1	ATT	I	AGT	S	2525
NC_045512.2	21041	T	A	9543	501	37	1	0	37	0.000104767	9545	0.999026	FALSE	ORF1ab:cds-YP_009724389.1	ATT	I	AAT	N	2525
NC_045512.2	21043	A	G	9694	501	37	3	0	37	0.000309342	9698	0.980742	FALSE	ORF1ab:cds-YP_009724389.1	AGT	S	GGT	G	2526
NC_045512.2	21043	A	C	9694	501	37	1	0	37	0.000103114	9698	0.999025	FALSE	ORF1ab:cds-YP_009724389.1	AGT	S	CGT	R	2526
NC_045512.2	21044	G	A	9984	513	37	1	0	37	0.00010015	9985	0.999026	FALSE	ORF1ab:cds-YP_009724389.1	AGT	S	AAT	N	2526
NC_045512.2	21045	T	C	10042	716	38	2	0	31	0.000199104	10045	0.996833	FALSE	ORF1ab:cds-YP_009724389.1	AGT	S	AGC	S	2526
NC_045512.2	21045	T	A	10042	716	38	1	0	25	9.9552e-05	10045	1	FALSE	ORF1ab:cds-YP_009724389.1	AGT	S	AGA	R	2526
NC_045512.2	21046	G	T	10441	712	38	1	1	37	9.57579e-05	10443	0.999513	FALSE	ORF1ab:cds-YP_009724389.1	GAT	D	TAT	Y	2527
NC_045512.2	21046	G	A	10441	712	38	1	0	37	9.57579e-05	10443	0.999513	FALSE	ORF1ab:cds-YP_009724389.1	GAT	D	AAT	N	2527
NC_045512.2	21047	A	G	10369	723	38	1	0	37	9.6432e-05	10370	0.999513	FALSE	ORF1ab:cds-YP_009724389.1	GAT	D	GGT	G	2527
NC_045512.2	21049	A	G	11023	749	38	4	0	37	0.000362746	11027	0.98246	FALSE	ORF1ab:cds-YP_009724389.1	ATG	M	GTG	V	2528
NC_045512.2	21050	T	C	11273	772	38	1	0	37	8.86997e-05	11274	0.999757	FALSE	ORF1ab:cds-YP_009724389.1	ATG	M	ACG	T	2528
NC_045512.2	21052	T	G	12304	924	38	3	1	26	0.000243704	12310	1	FALSE	ORF1ab:cds-YP_009724389.1	TAC	Y	GAC	D	2529
NC_045512.2	21052	T	C	12304	924	38	2	0	31	0.00016247	12310	0.999086	FALSE	ORF1ab:cds-YP_009724389.1	TAC	Y	CAC	H	2529
NC_045512.2	21052	T	A	12304	924	38	1	0	37	8.12348e-05	12310	0.999878	FALSE	ORF1ab:cds-YP_009724389.1	TAC	Y	AAC	N	2529
NC_045512.2	21053	A	G	12479	983	38	2	0	37	0.000160244	12481	0.999087	FALSE	ORF1ab:cds-YP_009724389.1	TAC	Y	TGC	C	2529
NC_045512.2	21054	C	T	12561	990	38	23	1	40	0.00182772	12584	1.47774e-06	TRUE	ORF1ab:cds-YP_009724389.1	TAC	Y	TAT	Y	2529
NC_045512.2	21055	G	A	12618	1010	38	6	1	41	0.000475285	12624	0.062487	FALSE	ORF1ab:cds-YP_009724389.1	GAC	D	AAC	N	2530
NC_045512.2	21057	C	T	13600	1030	38	1	0	37	7.35186e-05	13602	0.999939	FALSE	ORF1ab:cds-YP_009724389.1	GAC	D	GAT	D	2530
NC_045512.2	21057	C	A	13600	1030	38	1	0	25	7.35186e-05	13602	1	FALSE	ORF1ab:cds-YP_009724389.1	GAC	D	GAA	E	2530
NC_045512.2	21058	C	A	13835	1031	38	1	0	37	7.22752e-05	13836	0.999939	FALSE	ORF1ab:cds-YP_009724389.1	CCT	P	ACT	T	2531
NC_045512.2	21059	C	T	13906	1022	38	2	0	37	0.000143792	13909	0.999513	FALSE	ORF1ab:cds-YP_009724389.1	CCT	P	CTT	L	2531
NC_045512.2	21059	C	A	13906	1022	38	1	0	37	7.18959e-05	13909	0.999939	FALSE	ORF1ab:cds-YP_009724389.1	CCT	P	CAT	H	2531
NC_045512.2	21060	T	G	13866	1057	38	1	0	25	7.21033e-05	13869	1	FALSE	ORF1ab:cds-YP_009724389.1	CCT	P	CCG	P	2531
NC_045512.2	21060	T	C	13866	1057	38	1	0	37	7.21033e-05	13869	0.999939	FALSE	ORF1ab:cds-YP_009724389.1	CCT	P	CCC	P	2531
NC_045512.2	21060	T	A	13866	1057	38	1	0	37	7.21033e-05	13869	0.999939	FALSE	ORF1ab:cds-YP_009724389.1	CCT	P	CCA	P	2531
NC_045512.2	21061	A	C	13705	1084	38	1	0	25	7.29607e-05	13706	1	FALSE	ORF1ab:cds-YP_009724389.1	AAG	K	CAG	Q	2532
NC_045512.2	21062	A	G	13713	1054	37	3	0	37	0.000218707	13717	0.997915	FALSE	ORF1ab:cds-YP_009724389.1	AAG	K	AGG	R	2532
NC_045512.2	21062	A	C	13713	1054	37	1	0	37	7.29022e-05	13717	0.999939	FALSE	ORF1ab:cds-YP_009724389.1	AAG	K	ACG	T	2532
NC_045512.2	21063	G	C	14117	1070	37	1	1	25	7.08316e-05	14118	1	FALSE	ORF1ab:cds-YP_009724389.1	AAG	K	AAC	N	2532
NC_045512.2	21064	A	T	14224	1106	37	1	0	25	7.02988e-05	14225	1	FALSE	ORF1ab:cds-YP_009724389.1	ACT	T	TCT	S	2533
NC_045512.2	21065	C	A	14635	1106	38	1	0	74	6.83247e-05	14636	0.500017	FALSE	ORF1ab:cds-YP_009724389.1	ACT	T	AAT	N	2533
NC_045512.2	21066	T	A	14765	1124	38	4	1	34	0.000270838	14769	0.996241	FALSE	ORF1ab:cds-YP_009724389.1	ACT	T	ACA	T	2533
NC_045512.2	21066	T	-A	14765	1124	38	12	0	20	0.000812513	14769	1	FALSE	NA	NA	NA	NA	NA	NA
NC_045512.2	21067	A	T	14862	1137	38	1	0	37	6.72721e-05	14865	0.999969	FALSE	ORF1ab:cds-YP_009724389.1	AAA	K	TAA	*	2534
NC_045512.2	21067	A	G	14862	1137	38	2	0	37	0.000134544	14865	0.99974	FALSE	ORF1ab:cds-YP_009724389.1	AAA	K	GAA	E	2534
NC_045512.2	21070	A	T	14640	1352	38	1	0	37	6.83013e-05	14641	0.99997	FALSE	ORF1ab:cds-YP_009724389.1	AAT	N	TAT	Y	2535
NC_045512.2	21071	A	T	14280	1373	38	3	0	25	0.000210025	14284	1	FALSE	ORF1ab:cds-YP_009724389.1	AAT	N	ATT	I	2535
NC_045512.2	21071	A	C	14280	1373	38	1	1	29	7.00084e-05	14284	1	FALSE	ORF1ab:cds-YP_009724389.1	AAT	N	ACT	T	2535
NC_045512.2	21072	T	G	14865	1396	39	1	1	29	6.72631e-05	14867	1	FALSE	ORF1ab:cds-YP_009724389.1	AAT	N	AAG	K	2535
NC_045512.2	21072	T	C	14865	1396	39	1	0	25	6.72631e-05	14867	1	FALSE	ORF1ab:cds-YP_009724389.1	AAT	N	AAC	N	2535
NC_045512.2	21073	G	T	14841	1415	38	1	0	36	6.73764e-05	14842	0.99997	FALSE	ORF1ab:cds-YP_009724389.1	GTT	V	TTT	F	2536
NC_045512.2	21074	T	G	14591	1448	38	1	1	29	6.85213e-05	14594	1	FALSE	ORF1ab:cds-YP_009724389.1	GTT	V	GGT	G	2536
NC_045512.2	21074	T	C	14591	1448	38	1	1	37	6.85213e-05	14594	0.99997	FALSE	ORF1ab:cds-YP_009724389.1	GTT	V	GCT	A	2536
NC_045512.2	21074	T	A	14591	1448	38	1	0	25	6.85213e-05	14594	1	FALSE	ORF1ab:cds-YP_009724389.1	GTT	V	GAT	D	2536
NC_045512.2	21075	T	C	15017	1530	39	2	0	37	0.000133156	15020	0.999863	FALSE	ORF1ab:cds-YP_009724389.1	GTT	V	GTC	V	2536
NC_045512.2	21075	T	A	15017	1530	39	1	0	25	6.65779e-05	15020	1	FALSE	ORF1ab:cds-YP_009724389.1	GTT	V	GTA	V	2536
NC_045512.2	21077	C	T	14888	1594	39	1	0	37	6.71637e-05	14889	0.99997	FALSE	ORF1ab:cds-YP_009724389.1	ACA	T	ATA	I	2537
NC_045512.2	21078	A	G	15006	1702	39	2	0	37	0.000133262	15008	0.999863	FALSE	ORF1ab:cds-YP_009724389.1	ACA	T	ACG	T	2537
NC_045512.2	21079	A	G	14925	1682	39	1	1	37	6.69972e-05	14926	0.99997	FALSE	ORF1ab:cds-YP_009724389.1	AAA	K	GAA	E	2538
NC_045512.2	21080	A	T	14626	1689	38	1	0	25	6.83574e-05	14629	1	FALSE	ORF1ab:cds-YP_009724389.1	AAA	K	ATA	I	2538
NC_045512.2	21080	A	G	14626	1689	38	2	0	37	0.000136715	14629	0.999741	FALSE	ORF1ab:cds-YP_009724389.1	AAA	K	AGA	R	2538
NC_045512.2	21081	A	G	15015	1703	39	2	0	31	0.000133174	15018	0.999863	FALSE	ORF1ab:cds-YP_009724389.1	AAA	K	AAG	K	2538
NC_045512.2	21081	A	C	15015	1703	39	1	1	29	6.65868e-05	15018	1	FALSE	ORF1ab:cds-YP_009724389.1	AAA	K	AAC	N	2538
NC_045512.2	21082	G	T	15024	1725	39	1	0	25	6.65557e-05	15025	1	FALSE	ORF1ab:cds-YP_009724389.1	GAA	E	TAA	*	2539
NC_045512.2	21082	G	-A	15024	1725	39	17	0	20	0.00113145	15025	1	FALSE	NA	NA	NA	NA	NA	NA
NC_045512.2	21082	G	+A	15024	1725	39	1	0	20	6.65557e-05	15025	1	FALSE	NA	NA	NA	NA	NA	NA
NC_045512.2	21083	A	G	15204	1804	39	1	0	25	6.57678e-05	15205	1	FALSE	ORF1ab:cds-YP_009724389.1	GAA	E	GGA	G	2539
NC_045512.2	21084	A	G	14860	1785	39	1	0	62	6.72585e-05	14868	0.499899	FALSE	ORF1ab:cds-YP_009724389.1	GAA	E	GAG	E	2539
NC_045512.2	21084	A	C	14860	1785	39	7	1	26	0.00047081	14868	1	FALSE	ORF1ab:cds-YP_009724389.1	GAA	E	GAC	D	2539
NC_045512.2	21085	A	T	14767	1722	38	1	0	20	6.76682e-05	14778	1	FALSE	ORF1ab:cds-YP_009724389.1	AAT	N	TAT	Y	2540
NC_045512.2	21085	A	G	14767	1722	38	4	0	34	0.000270673	14778	0.99623	FALSE	ORF1ab:cds-YP_009724389.1	AAT	N	GAT	D	2540
NC_045512.2	21085	A	C	14767	1722	38	6	2	31	0.000406009	14778	0.979309	FALSE	ORF1ab:cds-YP_009724389.1	AAT	N	CAT	H	2540
NC_045512.2	21086	A	T	14798	1792	38	1	0	37	6.75356e-05	14807	0.999969	FALSE	ORF1ab:cds-YP_009724389.1	AAT	N	ATT	I	2540
NC_045512.2	21086	A	G	14798	1792	38	4	0	37	0.000270143	14807	0.996233	FALSE	ORF1ab:cds-YP_009724389.1	AAT	N	AGT	S	2540
NC_045512.2	21086	A	C	14798	1792	38	4	2	29	0.000270143	14807	1	FALSE	ORF1ab:cds-YP_009724389.1	AAT	N	ACT	T	2540
NC_045512.2	21087	T	G	15259	1851	39	2	1	25	0.000131044	15262	1	FALSE	ORF1ab:cds-YP_009724389.1	AAT	N	AAG	K	2540
NC_045512.2	21087	T	C	15259	1851	39	1	0	37	6.55222e-05	15262	0.999985	FALSE	ORF1ab:cds-YP_009724389.1	AAT	N	AAC	N	2540
NC_045512.2	21089	A	G	16003	1998	40	2	0	37	0.000124953	16006	0.999928	FALSE	ORF1ab:cds-YP_009724389.1	GAC	D	GGC	G	2541
NC_045512.2	21089	A	C	16003	1998	40	1	0	37	6.24766e-05	16006	0.999992	FALSE	ORF1ab:cds-YP_009724389.1	GAC	D	GCC	A	2541
NC_045512.2	21090	C	T	16355	2061	40	3	0	37	0.000183397	16358	0.999637	FALSE	ORF1ab:cds-YP_009724389.1	GAC	D	GAT	D	2541
NC_045512.2	21091	T	C	16531	2057	40	1	0	37	6.04887e-05	16532	0.999992	FALSE	ORF1ab:cds-YP_009724389.1	TCT	S	CCT	P	2542
NC_045512.2	21093	T	G	15984	2075	39	2	0	25	0.000125078	15990	1	FALSE	ORF1ab:cds-YP_009724389.1	TCT	S	TCG	S	2542
NC_045512.2	21093	T	C	15984	2075	39	2	1	55	0.000125078	15990	0.249945	FALSE	ORF1ab:cds-YP_009724389.1	TCT	S	TCC	S	2542
NC_045512.2	21093	T	A	15984	2075	39	2	0	33	0.000125078	15990	0.999863	FALSE	ORF1ab:cds-YP_009724389.1	TCT	S	TCA	S	2542
NC_045512.2	21093	T	-A	15984	2075	39	1	0	20	6.25391e-05	15990	1	FALSE	NA	NA	NA	NA	NA	NA
NC_045512.2	21094	A	C	15742	2126	39	10	0	31	0.00063484	15752	0.885331	FALSE	ORF1ab:cds-YP_009724389.1	AAA	K	CAA	Q	2543
NC_045512.2	21095	A	T	15826	2060	38	5	0	27	0.000315736	15836	1	FALSE	ORF1ab:cds-YP_009724389.1	AAA	K	ATA	I	2543
NC_045512.2	21095	A	G	15826	2060	38	1	0	37	6.31473e-05	15836	0.999985	FALSE	ORF1ab:cds-YP_009724389.1	AAA	K	AGA	R	2543
NC_045512.2	21095	A	C	15826	2060	38	4	1	26	0.000252589	15836	1	FALSE	ORF1ab:cds-YP_009724389.1	AAA	K	ACA	T	2543
NC_045512.2	21096	A	G	15978	2277	39	2	1	25	0.000125133	15983	1	FALSE	ORF1ab:cds-YP_009724389.1	AAA	K	AAG	K	2543
NC_045512.2	21096	A	C	15978	2277	39	3	1	25	0.000187699	15983	1	FALSE	ORF1ab:cds-YP_009724389.1	AAA	K	AAC	N	2543
NC_045512.2	21098	A	G	16080	2355	40	4	1	37	0.000248679	16085	0.998715	FALSE	ORF1ab:cds-YP_009724389.1	GAG	E	GGG	G	2544
NC_045512.2	21098	A	C	16080	2355	40	1	1	25	6.21697e-05	16085	1	FALSE	ORF1ab:cds-YP_009724389.1	GAG	E	GCG	A	2544
NC_045512.2	21098	A	-G	16080	2355	40	1	0	20	6.21697e-05	16085	1	FALSE	NA	NA	NA	NA	NA	NA
NC_045512.2	21099	G	T	17044	2368	40	1	1	37	5.86682e-05	17045	0.999996	FALSE	ORF1ab:cds-YP_009724389.1	GAG	E	GAT	D	2544
NC_045512.2	21100	G	T	16930	2382	40	2	1	37	0.00011812	16932	0.999928	FALSE	ORF1ab:cds-YP_009724389.1	GGT	G	TGT	C	2545
NC_045512.2	21101	G	T	17143	2452	41	1	1	62	5.8326e-05	17145	0.5	FALSE	ORF1ab:cds-YP_009724389.1	GGT	G	GTT	V	2545
NC_045512.2	21101	G	C	17143	2452	41	1	0	25	5.8326e-05	17145	1	FALSE	ORF1ab:cds-YP_009724389.1	GGT	G	GCT	A	2545
NC_045512.2	21101	G	-T	17143	2452	41	7	0	20	0.000408282	17145	1	FALSE	NA	NA	NA	NA	NA	NA
NC_045512.2	21101	G	+T	17143	2452	41	1	0	20	5.8326e-05	17145	1	FALSE	NA	NA	NA	NA	NA	NA
NC_045512.2	21102	T	G	17204	2454	41	4	0	31	0.000232383	17213	0.999254	FALSE	ORF1ab:cds-YP_009724389.1	GGT	G	GGG	G	2545
NC_045512.2	21102	T	C	17204	2454	41	2	0	31	0.000116191	17213	0.999962	FALSE	ORF1ab:cds-YP_009724389.1	GGT	G	GGC	G	2545
NC_045512.2	21102	T	A	17204	2454	41	3	1	33	0.000174287	17213	0.999798	FALSE	ORF1ab:cds-YP_009724389.1	GGT	G	GGA	G	2545
NC_045512.2	21103	T	C	16227	2574	40	2	0	37	0.000123229	16230	0.999928	FALSE	ORF1ab:cds-YP_009724389.1	TTT	F	CTT	L	2546
NC_045512.2	21103	T	A	16227	2574	40	1	0	25	6.16143e-05	16230	1	FALSE	ORF1ab:cds-YP_009724389.1	TTT	F	ATT	I	2546
NC_045512.2	21104	T	G	16158	2622	41	1	0	25	6.18812e-05	16160	1	FALSE	ORF1ab:cds-YP_009724389.1	TTT	F	TGT	C	2546
NC_045512.2	21104	T	A	16158	2622	41	1	0	25	6.18812e-05	16160	1	FALSE	ORF1ab:cds-YP_009724389.1	TTT	F	TAT	Y	2546
NC_045512.2	21105	T	C	16257	2667	41	2	0	42	0.000122986	16262	0.499954	FALSE	ORF1ab:cds-YP_009724389.1	TTT	F	TTC	F	2546
NC_045512.2	21105	T	A	16257	2667	41	3	1	44	0.000184479	16262	0.312465	FALSE	ORF1ab:cds-YP_009724389.1	TTT	F	TTA	L	2546
NC_045512.2	21106	T	G	15902	2855	41	3	0	25	0.000188608	15906	1	FALSE	ORF1ab:cds-YP_009724389.1	TTC	F	GTC	V	2547
NC_045512.2	21106	T	C	15902	2855	41	1	0	25	6.28694e-05	15906	1	FALSE	ORF1ab:cds-YP_009724389.1	TTC	F	CTC	L	2547
NC_045512.2	21107	T	C	16265	2869	41	5	1	34	0.000307314	16270	0.996412	FALSE	ORF1ab:cds-YP_009724389.1	TTC	F	TCC	S	2547
NC_045512.2	21108	C	T	14179	3216	40	2	1	37	0.000141024	14182	0.999741	FALSE	ORF1ab:cds-YP_009724389.1	TTC	F	TTT	F	2547
NC_045512.2	21108	C	A	14179	3216	40	1	0	25	7.05119e-05	14182	1	FALSE	ORF1ab:cds-YP_009724389.1	TTC	F	TTA	L	2547
NC_045512.2	21109	A	T	13737	3268	39	1	0	37	7.27802e-05	13740	0.999939	FALSE	ORF1ab:cds-YP_009724389.1	ACT	T	TCT	S	2548
NC_045512.2	21109	A	G	13737	3268	39	1	1	37	7.27802e-05	13740	0.999939	FALSE	ORF1ab:cds-YP_009724389.1	ACT	T	GCT	A	2548
NC_045512.2	21109	A	C	13737	3268	39	1	0	25	7.27802e-05	13740	1	FALSE	ORF1ab:cds-YP_009724389.1	ACT	T	CCT	P	2548
NC_045512.2	21111	T	G	12774	3391	39	1	1	25	7.82595e-05	12778	1	FALSE	ORF1ab:cds-YP_009724389.1	ACT	T	ACG	T	2548
NC_045512.2	21111	T	C	12774	3391	39	2	1	31	0.000156519	12778	0.999086	FALSE	ORF1ab:cds-YP_009724389.1	ACT	T	ACC	T	2548
NC_045512.2	21111	T	A	12774	3391	39	1	1	25	7.82595e-05	12778	1	FALSE	ORF1ab:cds-YP_009724389.1	ACT	T	ACA	T	2548
NC_045512.2	21112	T	G	13346	3944	40	1	1	29	7.4912e-05	13349	1	FALSE	ORF1ab:cds-YP_009724389.1	TAC	Y	GAC	D	2549
NC_045512.2	21112	T	C	13346	3944	40	1	0	37	7.4912e-05	13349	0.999939	FALSE	ORF1ab:cds-YP_009724389.1	TAC	Y	CAC	H	2549
NC_045512.2	21112	T	A	13346	3944	40	1	0	25	7.4912e-05	13349	1	FALSE	ORF1ab:cds-YP_009724389.1	TAC	Y	AAC	N	2549
NC_045512.2	21113	A	G	13026	4156	39	4	2	39	0.000306984	13030	0.993654	FALSE	ORF1ab:cds-YP_009724389.1	TAC	Y	TGC	C	2549
NC_045512.2	21114	C	G	13065	4240	39	1	1	37	7.65345e-05	13066	0.999939	FALSE	ORF1ab:cds-YP_009724389.1	TAC	Y	TAG	*	2549
NC_045512.2	21115	A	T	13283	4204	39	1	0	25	7.52672e-05	13286	1	FALSE	ORF1ab:cds-YP_009724389.1	ATT	I	TTT	F	2550
NC_045512.2	21115	A	G	13283	4204	39	1	0	37	7.52672e-05	13286	0.999939	FALSE	ORF1ab:cds-YP_009724389.1	ATT	I	GTT	V	2550
NC_045512.2	21115	A	C	13283	4204	39	1	1	29	7.52672e-05	13286	1	FALSE	ORF1ab:cds-YP_009724389.1	ATT	I	CTT	L	2550
NC_045512.2	21115	A	+G	13283	4204	39	3	0	20	0.000225802	13286	1	FALSE	NA	NA	NA	NA	NA	NA
NC_045512.2	21116	T	G	12627	4344	38	15	0	30	0.00118624	12645	0.350323	FALSE	ORF1ab:cds-YP_009724389.1	ATT	I	AGT	S	2550
NC_045512.2	21116	T	A	12627	4344	38	3	1	29	0.000237248	12645	1	FALSE	ORF1ab:cds-YP_009724389.1	ATT	I	AAT	N	2550
NC_045512.2	21117	T	G	12989	4517	39	6	0	25	0.000461645	12997	1	FALSE	ORF1ab:cds-YP_009724389.1	ATT	I	ATG	M	2550
NC_045512.2	21117	T	C	12989	4517	39	1	0	37	7.69408e-05	12997	0.999878	FALSE	ORF1ab:cds-YP_009724389.1	ATT	I	ATC	I	2550
NC_045512.2	21117	T	A	12989	4517	39	1	1	62	7.69408e-05	12997	0.499885	FALSE	ORF1ab:cds-YP_009724389.1	ATT	I	ATA	I	2550
NC_045512.2	21118	T	G	13519	4615	40	3	1	30	0.000221779	13527	0.997911	FALSE	ORF1ab:cds-YP_009724389.1	TGT	C	GGT	G	2551
NC_045512.2	21118	T	C	13519	4615	40	4	1	34	0.000295705	13527	0.993642	FALSE	ORF1ab:cds-YP_009724389.1	TGT	C	CGT	R	2551
NC_045512.2	21118	T	A	13519	4615	40	1	0	37	7.39262e-05	13527	0.999939	FALSE	ORF1ab:cds-YP_009724389.1	TGT	C	AGT	S	2551
NC_045512.2	21119	G	T	13734	4714	40	1	1	37	7.28014e-05	13736	0.999939	FALSE	ORF1ab:cds-YP_009724389.1	TGT	C	TTT	F	2551
NC_045512.2	21119	G	A	13734	4714	40	1	0	37	7.28014e-05	13736	0.999939	FALSE	ORF1ab:cds-YP_009724389.1	TGT	C	TAT	Y	2551
NC_045512.2	21120	T	G	12826	4768	39	7	0	30	0.000545426	12834	0.916544	FALSE	ORF1ab:cds-YP_009724389.1	TGT	C	TGG	W	2551
NC_045512.2	21120	T	A	12826	4768	39	1	1	25	7.7918e-05	12834	1	FALSE	ORF1ab:cds-YP_009724389.1	TGT	C	TGA	*	2551
NC_045512.2	21121	G	T	13526	4754	40	2	0	37	0.000147831	13529	0.999513	FALSE	ORF1ab:cds-YP_009724389.1	GGG	G	TGG	W	2552
NC_045512.2	21121	G	C	13526	4754	40	1	0	37	7.39153e-05	13529	0.999939	FALSE	ORF1ab:cds-YP_009724389.1	GGG	G	CGG	R	2552
NC_045512.2	21122	G	C	14644	4741	39	1	0	29	6.8278e-05	14646	1	FALSE	ORF1ab:cds-YP_009724389.1	GGG	G	GCG	A	2552
NC_045512.2	21122	G	A	14644	4741	39	1	1	37	6.8278e-05	14646	0.99997	FALSE	ORF1ab:cds-YP_009724389.1	GGG	G	GAG	E	2552
NC_045512.2	21123	G	T	14711	4813	39	1	1	37	6.79671e-05	14713	0.99997	FALSE	ORF1ab:cds-YP_009724389.1	GGG	G	GGT	G	2552
NC_045512.2	21123	G	C	14711	4813	39	1	0	37	6.79671e-05	14713	0.99997	FALSE	ORF1ab:cds-YP_009724389.1	GGG	G	GGC	G	2552
NC_045512.2	21124	T	G	13978	4724	39	2	0	25	0.000143062	13980	1	FALSE	ORF1ab:cds-YP_009724389.1	TTT	F	GTT	V	2553
NC_045512.2	21125	T	G	14211	4945	39	6	0	31	0.000422	14218	0.97934	FALSE	ORF1ab:cds-YP_009724389.1	TTT	F	TGT	C	2553
NC_045512.2	21125	T	C	14211	4945	39	1	0	25	7.03334e-05	14218	1	FALSE	ORF1ab:cds-YP_009724389.1	TTT	F	TCT	S	2553
NC_045512.2	21126	T	C	14655	5001	39	2	2	37	0.000136454	14657	0.999742	FALSE	ORF1ab:cds-YP_009724389.1	TTT	F	TTC	F	2553
NC_045512.2	21128	T	C	14747	4977	39	1	0	74	6.77966e-05	14750	0.499983	FALSE	ORF1ab:cds-YP_009724389.1	ATA	I	ACA	T	2554
NC_045512.2	21128	T	A	14747	4977	39	2	2	37	0.000135593	14750	0.999741	FALSE	ORF1ab:cds-YP_009724389.1	ATA	I	AAA	K	2554
NC_045512.2	21129	A	G	14701	4905	39	2	1	37	0.000136027	14703	0.999742	FALSE	ORF1ab:cds-YP_009724389.1	ATA	I	ATG	M	2554
NC_045512.2	21129	A	-C	14701	4905	39	1	0	20	6.80133e-05	14703	1	FALSE	NA	NA	NA	NA	NA	NA
NC_045512.2	21130	C	T	14964	5062	40	7	5	42	0.000467539	14972	0.0351307	FALSE	ORF1ab:cds-YP_009724389.1	CAA	Q	TAA	*	2555
NC_045512.2	21130	C	A	14964	5062	40	1	0	25	6.67913e-05	14972	1	FALSE	ORF1ab:cds-YP_009724389.1	CAA	Q	AAA	K	2555
NC_045512.2	21130	C	-A	14964	5062	40	1	0	20	6.67869e-05	14973	1	FALSE	NA	NA	NA	NA	NA	NA
NC_045512.2	21131	A	G	14711	4739	39	1	0	74	6.79671e-05	14713	0.499983	FALSE	ORF1ab:cds-YP_009724389.1	CAA	Q	CGA	R	2555
NC_045512.2	21131	A	C	14711	4739	39	1	1	25	6.79671e-05	14713	1	FALSE	ORF1ab:cds-YP_009724389.1	CAA	Q	CCA	P	2555
NC_045512.2	21132	A	G	14807	4623	39	2	2	37	0.000135026	14812	0.999741	FALSE	ORF1ab:cds-YP_009724389.1	CAA	Q	CAG	Q	2555
NC_045512.2	21132	A	C	14807	4623	39	3	1	33	0.000202538	14812	0.998828	FALSE	ORF1ab:cds-YP_009724389.1	CAA	Q	CAC	H	2555
NC_045512.2	21133	C	T	15350	5244	40	1	0	37	6.51339e-05	15353	0.999985	FALSE	ORF1ab:cds-YP_009724389.1	CAA	Q	TAA	*	2556
NC_045512.2	21133	C	G	15350	5244	40	1	0	37	6.51339e-05	15353	0.999985	FALSE	ORF1ab:cds-YP_009724389.1	CAA	Q	GAA	E	2556
NC_045512.2	21133	C	A	15350	5244	40	1	0	25	6.51339e-05	15353	1	FALSE	ORF1ab:cds-YP_009724389.1	CAA	Q	AAA	K	2556
NC_045512.2	21133	C	-A	15350	5244	40	2	0	20	0.000130268	15353	1	FALSE	NA	NA	NA	NA	NA	NA
NC_045512.2	21134	A	T	15665	5694	40	1	1	37	6.38244e-05	15668	0.999985	FALSE	ORF1ab:cds-YP_009724389.1	CAA	Q	CTA	L	2556
NC_045512.2	21134	A	G	15665	5694	40	2	0	31	0.000127649	15668	0.999863	FALSE	ORF1ab:cds-YP_009724389.1	CAA	Q	CGA	R	2556
NC_045512.2	21135	A	G	15613	5699	40	4	3	34	0.000256016	15624	0.997787	FALSE	ORF1ab:cds-YP_009724389.1	CAA	Q	CAG	Q	2556
NC_045512.2	21135	A	C	15613	5699	40	7	6	26	0.000448029	15624	1	FALSE	ORF1ab:cds-YP_009724389.1	CAA	Q	CAC	H	2556
NC_045512.2	21136	A	T	15102	5599	39	1	0	37	6.61463e-05	15118	0.999985	FALSE	ORF1ab:cds-YP_009724389.1	AAG	K	TAG	*	2557
NC_045512.2	21136	A	G	15102	5599	39	5	4	36	0.000330732	15118	0.99408	FALSE	ORF1ab:cds-YP_009724389.1	AAG	K	GAG	E	2557
NC_045512.2	21136	A	C	15102	5599	39	10	9	28	0.000661463	15118	1	FALSE	ORF1ab:cds-YP_009724389.1	AAG	K	CAG	Q	2557
NC_045512.2	21137	A	T	9525	3764	39	1	0	37	6.64055e-05	15059	0.999609	FALSE	ORF1ab:cds-YP_009724389.1	AAG	K	ATG	M	2557
NC_045512.2	21137	A	G	9525	3764	39	5529	2221	39	0.367156	15059	0	TRUE	ORF1ab:cds-YP_009724389.1	AAG	K	AGG	R	2557
NC_045512.2	21137	A	C	9525	3764	39	4	3	28	0.000265622	15059	1	FALSE	ORF1ab:cds-YP_009724389.1	AAG	K	ACG	T	2557
NC_045512.2	21138	G	T	15496	6250	39	1	1	37	6.44953e-05	15505	0.999985	FALSE	ORF1ab:cds-YP_009724389.1	AAG	K	AAT	N	2557
NC_045512.2	21138	G	A	15496	6250	39	8	4	37	0.000515963	15505	0.95349	FALSE	ORF1ab:cds-YP_009724389.1	AAG	K	AAA	K	2557
NC_045512.2	21139	C	T	15479	6368	39	8	3	35	0.000516562	15487	0.953506	FALSE	ORF1ab:cds-YP_009724389.1	CTA	L	TTA	L	2558
NC_045512.2	21140	T	G	15515	6381	39	4	4	31	0.000257666	15524	0.997789	FALSE	ORF1ab:cds-YP_009724389.1	CTA	L	CGA	R	2558
NC_045512.2	21140	T	C	15515	6381	39	5	3	39	0.000322082	15524	0.994097	FALSE	ORF1ab:cds-YP_009724389.1	CTA	L	CCA	P	2558
NC_045512.2	21141	A	G	15771	6791	40	2	0	49	0.000126775	15776	0.499952	FALSE	ORF1ab:cds-YP_009724389.1	CTA	L	CTG	L	2558
NC_045512.2	21141	A	C	15771	6791	40	3	0	23	0.000190162	15776	1	FALSE	ORF1ab:cds-YP_009724389.1	CTA	L	CTC	L	2558
NC_045512.2	21142	G	T	16012	6857	40	1	1	37	6.24376e-05	16016	0.999992	FALSE	ORF1ab:cds-YP_009724389.1	GCT	A	TCT	S	2559
NC_045512.2	21142	G	A	16012	6857	40	3	1	33	0.000187313	16016	0.999637	FALSE	ORF1ab:cds-YP_009724389.1	GCT	A	ACT	T	2559
NC_045512.2	21143	C	T	16247	7026	40	6	1	37	0.000369117	16255	0.991565	FALSE	ORF1ab:cds-YP_009724389.1	GCT	A	GTT	V	2559
NC_045512.2	21143	C	A	16247	7026	40	2	0	31	0.000123039	16255	0.999928	FALSE	ORF1ab:cds-YP_009724389.1	GCT	A	GAT	D	2559
NC_045512.2	21144	T	C	16026	6691	39	3	0	45	0.000187149	16030	0.312488	FALSE	ORF1ab:cds-YP_009724389.1	GCT	A	GCC	A	2559
NC_045512.2	21144	T	A	16026	6691	39	1	1	25	6.2383e-05	16030	1	FALSE	ORF1ab:cds-YP_009724389.1	GCT	A	GCA	A	2559
NC_045512.2	21145	C	A	16411	6940	39	1	0	37	6.0931e-05	16412	0.999992	FALSE	ORF1ab:cds-YP_009724389.1	CTT	L	ATT	I	2560
NC_045512.2	21146	T	G	15665	6392	39	4	0	24	0.000255135	15678	1	FALSE	ORF1ab:cds-YP_009724389.1	CTT	L	CGT	R	2560
NC_045512.2	21146	T	C	15665	6392	39	8	2	36	0.000510269	15678	0.95343	FALSE	ORF1ab:cds-YP_009724389.1	CTT	L	CCT	P	2560
NC_045512.2	21146	T	A	15665	6392	39	1	1	25	6.37836e-05	15678	1	FALSE	ORF1ab:cds-YP_009724389.1	CTT	L	CAT	H	2560
NC_045512.2	21147	T	G	15949	6708	39	7	3	25	0.000438624	15959	1	FALSE	ORF1ab:cds-YP_009724389.1	CTT	L	CTG	L	2560
NC_045512.2	21147	T	C	15949	6708	39	3	0	33	0.000187982	15959	0.999344	FALSE	ORF1ab:cds-YP_009724389.1	CTT	L	CTC	L	2560
NC_045512.2	21148	G	T	16412	7041	40	1	1	25	6.09273e-05	16413	1	FALSE	ORF1ab:cds-YP_009724389.1	GGA	G	TGA	*	2561
NC_045512.2	21149	G	T	16425	7186	40	1	1	37	6.0868e-05	16429	0.999992	FALSE	ORF1ab:cds-YP_009724389.1	GGA	G	GTA	V	2561
NC_045512.2	21149	G	C	16425	7186	40	1	0	37	6.0868e-05	16429	0.999992	FALSE	ORF1ab:cds-YP_009724389.1	GGA	G	GCA	A	2561
NC_045512.2	21149	G	A	16425	7186	40	2	0	37	0.000121736	16429	0.999928	FALSE	ORF1ab:cds-YP_009724389.1	GGA	G	GAA	E	2561
NC_045512.2	21149	G	-A	16425	7186	40	1	0	20	6.0868e-05	16429	1	FALSE	NA	NA	NA	NA	NA	NA
NC_045512.2	21150	A	T	15992	7279	39	3	1	37	0.000187512	15999	0.999636	FALSE	ORF1ab:cds-YP_009724389.1	GGA	G	GGT	G	2561
NC_045512.2	21150	A	G	15992	7279	39	4	2	37	0.000250016	15999	0.998713	FALSE	ORF1ab:cds-YP_009724389.1	GGA	G	GGG	G	2561
NC_045512.2	21151	G	T	15953	7214	39	1	0	37	6.26763e-05	15955	0.999985	FALSE	ORF1ab:cds-YP_009724389.1	GGT	G	TGT	C	2562
NC_045512.2	21151	G	C	15953	7214	39	1	0	25	6.26763e-05	15955	1	FALSE	ORF1ab:cds-YP_009724389.1	GGT	G	CGT	R	2562
NC_045512.2	21152	G	T	15158	7253	39	1	0	37	6.59631e-05	15160	0.999985	FALSE	ORF1ab:cds-YP_009724389.1	GGT	G	GTT	V	2562
NC_045512.2	21152	G	A	15158	7253	39	1	1	37	6.59631e-05	15160	0.999985	FALSE	ORF1ab:cds-YP_009724389.1	GGT	G	GAT	D	2562
NC_045512.2	21153	T	G	14529	6718	38	14	12	28	0.000962662	14543	1	FALSE	ORF1ab:cds-YP_009724389.1	GGT	G	GGG	G	2562
NC_045512.2	21154	T	C	15261	7324	39	4	0	40	0.000262003	15267	0.187459	FALSE	ORF1ab:cds-YP_009724389.1	TCC	S	CCC	P	2563
NC_045512.2	21154	T	A	15261	7324	39	2	1	49	0.000131002	15267	0.499926	FALSE	ORF1ab:cds-YP_009724389.1	TCC	S	ACC	T	2563
NC_045512.2	21155	C	T	15313	7444	39	2	2	31	0.000130591	15315	0.999863	FALSE	ORF1ab:cds-YP_009724389.1	TCC	S	TTC	F	2563
NC_045512.2	21156	C	T	15185	7445	39	4	1	37	0.000263279	15193	0.99779	FALSE	ORF1ab:cds-YP_009724389.1	TCC	S	TCT	S	2563
NC_045512.2	21156	C	A	15185	7445	39	4	2	43	0.000263279	15193	0.187418	FALSE	ORF1ab:cds-YP_009724389.1	TCC	S	TCA	S	2563
NC_045512.2	21157	G	T	15173	7557	39	1	0	25	6.58979e-05	15175	1	FALSE	ORF1ab:cds-YP_009724389.1	GTG	V	TTG	L	2564
NC_045512.2	21157	G	A	15173	7557	39	1	0	37	6.58979e-05	15175	0.999985	FALSE	ORF1ab:cds-YP_009724389.1	GTG	V	ATG	M	2564
NC_045512.2	21158	T	G	14372	7595	38	2	2	25	0.00013914	14374	1	FALSE	ORF1ab:cds-YP_009724389.1	GTG	V	GGG	G	2564
NC_045512.2	21159	G	T	14420	7620	38	1	1	37	6.93433e-05	14421	0.99997	FALSE	ORF1ab:cds-YP_009724389.1	GTG	V	GTT	V	2564
NC_045512.2	21160	G	T	14798	7618	38	2	1	25	0.000135007	14814	1	FALSE	ORF1ab:cds-YP_009724389.1	GCT	A	TCT	S	2565
NC_045512.2	21160	G	C	14798	7618	38	1	1	37	6.75037e-05	14814	0.999969	FALSE	ORF1ab:cds-YP_009724389.1	GCT	A	CCT	P	2565
NC_045512.2	21160	G	A	14798	7618	38	13	6	36	0.000877548	14814	0.64938	FALSE	ORF1ab:cds-YP_009724389.1	GCT	A	ACT	T	2565
NC_045512.2	21161	C	T	14772	7585	38	2	0	37	0.000135373	14774	0.999742	FALSE	ORF1ab:cds-YP_009724389.1	GCT	A	GTT	V	2565
NC_045512.2	21162	T	C	14819	7520	38	5	2	37	0.000337268	14825	0.990413	FALSE	ORF1ab:cds-YP_009724389.1	GCT	A	GCC	A	2565
NC_045512.2	21162	T	A	14819	7520	38	1	0	37	6.74536e-05	14825	0.99997	FALSE	ORF1ab:cds-YP_009724389.1	GCT	A	GCA	A	2565
NC_045512.2	21163	A	G	15091	7924	38	3	2	33	0.000198754	15094	0.999346	FALSE	ORF1ab:cds-YP_009724389.1	ATA	I	GTA	V	2566
NC_045512.2	21164	T	G	14840	7902	38	4	4	31	0.000269433	14846	0.996238	FALSE	ORF1ab:cds-YP_009724389.1	ATA	I	AGA	R	2566
NC_045512.2	21164	T	C	14840	7902	38	2	2	31	0.000134716	14846	0.999741	FALSE	ORF1ab:cds-YP_009724389.1	ATA	I	ACA	T	2566
NC_045512.2	21165	A	G	14951	7938	38	2	0	37	0.000133735	14955	0.999741	FALSE	ORF1ab:cds-YP_009724389.1	ATA	I	ATG	M	2566
NC_045512.2	21165	A	C	14951	7938	38	2	2	25	0.000133735	14955	1	FALSE	ORF1ab:cds-YP_009724389.1	ATA	I	ATC	I	2566
NC_045512.2	21166	A	T	14577	7688	37	1	1	37	6.85542e-05	14587	0.999969	FALSE	ORF1ab:cds-YP_009724389.1	AAG	K	TAG	*	2567
NC_045512.2	21166	A	G	14577	7688	37	2	1	37	0.000137108	14587	0.999741	FALSE	ORF1ab:cds-YP_009724389.1	AAG	K	GAG	E	2567
NC_045512.2	21166	A	C	14577	7688	37	7	7	28	0.000479879	14587	1	FALSE	ORF1ab:cds-YP_009724389.1	AAG	K	CAG	Q	2567
NC_045512.2	21167	A	G	14786	7847	37	2	2	37	0.000135236	14789	0.999741	FALSE	ORF1ab:cds-YP_009724389.1	AAG	K	AGG	R	2567
NC_045512.2	21167	A	C	14786	7847	37	1	1	25	6.76178e-05	14789	1	FALSE	ORF1ab:cds-YP_009724389.1	AAG	K	ACG	T	2567
NC_045512.2	21168	G	T	14942	8046	37	5	1	27	0.000334515	14947	1	FALSE	ORF1ab:cds-YP_009724389.1	AAG	K	AAT	N	2567
NC_045512.2	21169	A	G	14921	7928	38	1	0	37	6.70151e-05	14922	0.99997	FALSE	ORF1ab:cds-YP_009724389.1	ATA	I	GTA	V	2568
NC_045512.2	21170	T	G	15081	7756	38	4	4	31	0.000265164	15085	0.997794	FALSE	ORF1ab:cds-YP_009724389.1	ATA	I	AGA	R	2568
NC_045512.2	21171	A	G	14989	7664	37	1	1	22	6.67022e-05	14992	1	FALSE	ORF1ab:cds-YP_009724389.1	ATA	I	ATG	M	2568
NC_045512.2	21171	A	C	14989	7664	37	2	2	31	0.000133404	14992	0.999741	FALSE	ORF1ab:cds-YP_009724389.1	ATA	I	ATC	I	2568
NC_045512.2	21172	A	G	14790	7404	37	2	2	31	0.000135163	14797	0.999741	FALSE	ORF1ab:cds-YP_009724389.1	ACA	T	GCA	A	2569
NC_045512.2	21172	A	C	14790	7404	37	5	5	27	0.000337906	14797	1	FALSE	ORF1ab:cds-YP_009724389.1	ACA	T	CCA	P	2569
NC_045512.2	21173	C	T	15447	8038	38	4	4	37	0.000258883	15451	0.997794	FALSE	ORF1ab:cds-YP_009724389.1	ACA	T	ATA	I	2569
NC_045512.2	21174	A	T	15133	7682	37	2	0	68	0.000132135	15136	0.249992	FALSE	ORF1ab:cds-YP_009724389.1	ACA	T	ACT	T	2569
NC_045512.2	21174	A	G	15133	7682	37	1	0	37	6.60677e-05	15136	0.999985	FALSE	ORF1ab:cds-YP_009724389.1	ACA	T	ACG	T	2569
NC_045512.2	21175	G	T	14876	7586	37	3	1	41	0.000201613	14880	0.312487	FALSE	ORF1ab:cds-YP_009724389.1	GAA	E	TAA	*	2570
NC_045512.2	21175	G	C	14876	7586	37	1	1	25	6.72043e-05	14880	1	FALSE	ORF1ab:cds-YP_009724389.1	GAA	E	CAA	Q	2570
NC_045512.2	21176	A	T	14702	7173	37	1	1	25	6.79948e-05	14707	1	FALSE	ORF1ab:cds-YP_009724389.1	GAA	E	GTA	V	2570
NC_045512.2	21176	A	G	14702	7173	37	1	1	37	6.79948e-05	14707	0.99997	FALSE	ORF1ab:cds-YP_009724389.1	GAA	E	GGA	G	2570
NC_045512.2	21176	A	C	14702	7173	37	3	3	34	0.000203984	14707	0.998828	FALSE	ORF1ab:cds-YP_009724389.1	GAA	E	GCA	A	2570
NC_045512.2	21177	A	G	14188	6655	37	2	0	37	0.000140895	14195	0.999741	FALSE	ORF1ab:cds-YP_009724389.1	GAA	E	GAG	E	2570
NC_045512.2	21177	A	C	14188	6655	37	5	5	27	0.000352237	14195	1	FALSE	ORF1ab:cds-YP_009724389.1	GAA	E	GAC	D	2570
NC_045512.2	21178	C	T	15271	7741	38	1	1	37	6.54664e-05	15275	0.999985	FALSE	ORF1ab:cds-YP_009724389.1	CAT	H	TAT	Y	2571
NC_045512.2	21178	C	G	15271	7741	38	1	1	25	6.54664e-05	15275	1	FALSE	ORF1ab:cds-YP_009724389.1	CAT	H	GAT	D	2571
NC_045512.2	21178	C	A	15271	7741	38	2	0	31	0.000130933	15275	0.999863	FALSE	ORF1ab:cds-YP_009724389.1	CAT	H	AAT	N	2571
NC_045512.2	21179	A	G	14676	7368	37	2	2	31	0.000136249	14679	0.999741	FALSE	ORF1ab:cds-YP_009724389.1	CAT	H	CGT	R	2571
NC_045512.2	21179	A	C	14676	7368	37	1	0	25	6.81245e-05	14679	1	FALSE	ORF1ab:cds-YP_009724389.1	CAT	H	CCT	P	2571
NC_045512.2	21180	T	G	13828	7011	36	18	4	26	0.00129973	13849	1	FALSE	ORF1ab:cds-YP_009724389.1	CAT	H	CAG	Q	2571
NC_045512.2	21180	T	C	13828	7011	36	3	2	37	0.000216622	13849	0.997899	FALSE	ORF1ab:cds-YP_009724389.1	CAT	H	CAC	H	2571
NC_045512.2	21181	T	G	14756	7356	37	4	0	31	0.000270966	14762	0.996238	FALSE	ORF1ab:cds-YP_009724389.1	TCT	S	GCT	A	2572
NC_045512.2	21181	T	C	14756	7356	37	1	1	37	6.77415e-05	14762	0.99997	FALSE	ORF1ab:cds-YP_009724389.1	TCT	S	CCT	P	2572
NC_045512.2	21181	T	A	14756	7356	37	1	1	37	6.77415e-05	14762	0.99997	FALSE	ORF1ab:cds-YP_009724389.1	TCT	S	ACT	T	2572
NC_045512.2	21182	C	T	14989	7525	38	1	1	37	6.66978e-05	14993	0.99997	FALSE	ORF1ab:cds-YP_009724389.1	TCT	S	TTT	F	2572
NC_045512.2	21182	C	G	14989	7525	38	1	0	25	6.66978e-05	14993	1	FALSE	ORF1ab:cds-YP_009724389.1	TCT	S	TGT	C	2572
NC_045512.2	21182	C	A	14989	7525	38	2	0	27	0.000133396	14993	1	FALSE	ORF1ab:cds-YP_009724389.1	TCT	S	TAT	Y	2572
NC_045512.2	21183	T	G	14602	7421	37	1	1	25	6.84697e-05	14605	1	FALSE	ORF1ab:cds-YP_009724389.1	TCT	S	TCG	S	2572
NC_045512.2	21183	T	C	14602	7421	37	2	2	31	0.000136939	14605	0.999741	FALSE	ORF1ab:cds-YP_009724389.1	TCT	S	TCC	S	2572
NC_045512.2	21184	T	G	14506	7372	37	5	1	27	0.000344495	14514	1	FALSE	ORF1ab:cds-YP_009724389.1	TGG	W	GGG	G	2573
NC_045512.2	21184	T	C	14506	7372	37	3	1	32	0.000206697	14514	0.998826	FALSE	ORF1ab:cds-YP_009724389.1	TGG	W	CGG	R	2573
NC_045512.2	21185	G	C	14883	7441	38	1	0	22	6.71817e-05	14885	1	FALSE	ORF1ab:cds-YP_009724389.1	TGG	W	TCG	S	2573
NC_045512.2	21185	G	A	14883	7441	38	1	1	37	6.71817e-05	14885	0.99997	FALSE	ORF1ab:cds-YP_009724389.1	TGG	W	TAG	*	2573
NC_045512.2	21186	G	T	14892	7491	38	1	1	37	6.71411e-05	14894	0.99997	FALSE	ORF1ab:cds-YP_009724389.1	TGG	W	TGT	C	2573
NC_045512.2	21186	G	A	14892	7491	38	1	1	37	6.71411e-05	14894	0.99997	FALSE	ORF1ab:cds-YP_009724389.1	TGG	W	TGA	*	2573
NC_045512.2	21187	A	T	14798	7374	38	1	0	22	6.75721e-05	14799	1	FALSE	ORF1ab:cds-YP_009724389.1	AAT	N	TAT	Y	2574
NC_045512.2	21188	A	G	14576	7369	37	4	3	37	0.000274236	14586	0.996232	FALSE	ORF1ab:cds-YP_009724389.1	AAT	N	AGT	S	2574
NC_045512.2	21188	A	C	14576	7369	37	6	1	26	0.000411353	14586	1	FALSE	ORF1ab:cds-YP_009724389.1	AAT	N	ACT	T	2574
NC_045512.2	21189	T	G	15148	7460	38	1	1	25	6.60066e-05	15150	1	FALSE	ORF1ab:cds-YP_009724389.1	AAT	N	AAG	K	2574
NC_045512.2	21189	T	C	15148	7460	38	1	0	37	6.60066e-05	15150	0.999985	FALSE	ORF1ab:cds-YP_009724389.1	AAT	N	AAC	N	2574
NC_045512.2	21190	G	A	14784	7718	38	10	8	37	0.00067595	14794	0.84641	FALSE	ORF1ab:cds-YP_009724389.1	GCT	A	ACT	T	2575
NC_045512.2	21191	C	T	14544	7733	37	22	14	36	0.00151016	14568	0.121305	FALSE	ORF1ab:cds-YP_009724389.1	GCT	A	GTT	V	2575
NC_045512.2	21191	C	A	14544	7733	37	2	1	31	0.000137287	14568	0.999739	FALSE	ORF1ab:cds-YP_009724389.1	GCT	A	GAT	D	2575
NC_045512.2	21192	T	C	14948	8081	37	10	6	37	0.000668494	14959	0.84637	FALSE	ORF1ab:cds-YP_009724389.1	GCT	A	GCC	A	2575
NC_045512.2	21192	T	A	14948	8081	37	1	1	37	6.68494e-05	14959	0.999969	FALSE	ORF1ab:cds-YP_009724389.1	GCT	A	GCA	A	2575
NC_045512.2	21193	G	A	15510	8701	38	6	4	37	0.000386698	15516	0.986728	FALSE	ORF1ab:cds-YP_009724389.1	GAT	D	AAT	N	2576
NC_045512.2	21194	A	G	15194	8623	38	3	2	33	0.000197394	15198	0.999346	FALSE	ORF1ab:cds-YP_009724389.1	GAT	D	GGT	G	2576
NC_045512.2	21194	A	C	15194	8623	38	1	1	29	6.57981e-05	15198	1	FALSE	ORF1ab:cds-YP_009724389.1	GAT	D	GCT	A	2576
NC_045512.2	21195	T	C	14800	8387	37	1	1	37	6.75584e-05	14802	0.99997	FALSE	ORF1ab:cds-YP_009724389.1	GAT	D	GAC	D	2576
NC_045512.2	21195	T	A	14800	8387	37	1	1	25	6.75584e-05	14802	1	FALSE	ORF1ab:cds-YP_009724389.1	GAT	D	GAA	E	2576
NC_045512.2	21196	C	T	15106	8618	37	1	1	37	6.61901e-05	15108	0.999985	FALSE	ORF1ab:cds-YP_009724389.1	CTT	L	TTT	F	2577
NC_045512.2	21196	C	A	15106	8618	37	1	1	25	6.61901e-05	15108	1	FALSE	ORF1ab:cds-YP_009724389.1	CTT	L	ATT	I	2577
NC_045512.2	21197	T	G	14560	8195	37	3	0	29	0.000205931	14568	1	FALSE	ORF1ab:cds-YP_009724389.1	CTT	L	CGT	R	2577
NC_045512.2	21197	T	A	14560	8195	37	5	3	32	0.000343218	14568	0.990406	FALSE	ORF1ab:cds-YP_009724389.1	CTT	L	CAT	H	2577
NC_045512.2	21198	T	G	14858	8421	38	3	0	25	0.000201857	14862	1	FALSE	ORF1ab:cds-YP_009724389.1	CTT	L	CTG	L	2577
NC_045512.2	21198	T	C	14858	8421	38	1	0	37	6.72857e-05	14862	0.99997	FALSE	ORF1ab:cds-YP_009724389.1	CTT	L	CTC	L	2577
NC_045512.2	21199	T	C	15186	8440	38	3	1	37	0.000197511	15189	0.999346	FALSE	ORF1ab:cds-YP_009724389.1	TAT	Y	CAT	H	2578
NC_045512.2	21200	A	T	15100	8462	38	1	0	37	6.6212e-05	15103	0.999985	FALSE	ORF1ab:cds-YP_009724389.1	TAT	Y	TTT	F	2578
NC_045512.2	21200	A	G	15100	8462	38	1	1	37	6.6212e-05	15103	0.999985	FALSE	ORF1ab:cds-YP_009724389.1	TAT	Y	TGT	C	2578
NC_045512.2	21200	A	C	15100	8462	38	1	0	25	6.6212e-05	15103	1	FALSE	ORF1ab:cds-YP_009724389.1	TAT	Y	TCT	S	2578
NC_045512.2	21201	T	-A	15047	8447	38	1	0	20	6.64584e-05	15047	1	FALSE	NA	NA	NA	NA	NA	NA
NC_045512.2	21202	A	T	14959	8437	38	1	1	37	6.68092e-05	14968	0.999969	FALSE	ORF1ab:cds-YP_009724389.1	AAG	K	TAG	*	2579
NC_045512.2	21202	A	G	14959	8437	38	7	3	37	0.000467664	14968	0.960849	FALSE	ORF1ab:cds-YP_009724389.1	AAG	K	GAG	E	2579
NC_045512.2	21202	A	C	14959	8437	38	1	0	25	6.68092e-05	14968	1	FALSE	ORF1ab:cds-YP_009724389.1	AAG	K	CAG	Q	2579
NC_045512.2	21203	A	T	14943	8415	38	1	1	37	6.68986e-05	14948	0.99997	FALSE	ORF1ab:cds-YP_009724389.1	AAG	K	ATG	M	2579
NC_045512.2	21203	A	G	14943	8415	38	3	2	37	0.000200696	14948	0.998828	FALSE	ORF1ab:cds-YP_009724389.1	AAG	K	AGG	R	2579
NC_045512.2	21203	A	C	14943	8415	38	1	1	25	6.68986e-05	14948	1	FALSE	ORF1ab:cds-YP_009724389.1	AAG	K	ACG	T	2579
NC_045512.2	21204	G	A	15260	8428	38	6	3	35	0.00039303	15266	0.986729	FALSE	ORF1ab:cds-YP_009724389.1	AAG	K	AAA	K	2579
NC_045512.2	21205	C	G	15326	8411	38	1	1	37	6.52401e-05	15328	0.999985	FALSE	ORF1ab:cds-YP_009724389.1	CTC	L	GTC	V	2580
NC_045512.2	21205	C	A	15326	8411	38	1	1	37	6.52401e-05	15328	0.999985	FALSE	ORF1ab:cds-YP_009724389.1	CTC	L	ATC	I	2580
NC_045512.2	21206	T	C	15337	8290	38	5	2	37	0.000325903	15342	0.994107	FALSE	ORF1ab:cds-YP_009724389.1	CTC	L	CCC	P	2580
NC_045512.2	21208	A	G	15192	8083	38	1	1	74	6.58198e-05	15193	0.500016	FALSE	ORF1ab:cds-YP_009724389.1	ATG	M	GTG	V	2581
NC_045512.2	21209	T	C	15267	8072	38	1	0	37	6.54965e-05	15268	0.999985	FALSE	ORF1ab:cds-YP_009724389.1	ATG	M	ACG	T	2581
NC_045512.2	21210	G	T	15408	8167	38	2	1	37	0.000129786	15410	0.999863	FALSE	ORF1ab:cds-YP_009724389.1	ATG	M	ATT	I	2581
NC_045512.2	21211	G	T	15362	8091	38	3	2	33	0.000195224	15367	0.999346	FALSE	ORF1ab:cds-YP_009724389.1	GGA	G	TGA	*	2582
NC_045512.2	21211	G	C	15362	8091	38	1	0	25	6.50745e-05	15367	1	FALSE	ORF1ab:cds-YP_009724389.1	GGA	G	CGA	R	2582
NC_045512.2	21211	G	A	15362	8091	38	1	0	37	6.50745e-05	15367	0.999985	FALSE	ORF1ab:cds-YP_009724389.1	GGA	G	AGA	R	2582
NC_045512.2	21212	G	A	15311	7989	38	4	3	37	0.000261182	15315	0.997794	FALSE	ORF1ab:cds-YP_009724389.1	GGA	G	GAA	E	2582
NC_045512.2	21213	A	G	14544	7253	38	2	1	37	0.000137495	14546	0.999742	FALSE	ORF1ab:cds-YP_009724389.1	GGA	G	GGG	G	2582
NC_045512.2	21214	C	A	14651	7328	38	3	1	34	0.000204722	14654	0.998829	FALSE	ORF1ab:cds-YP_009724389.1	CAC	H	AAC	N	2583
NC_045512.2	21215	A	T	14164	7232	38	1	0	37	7.05866e-05	14167	0.99997	FALSE	ORF1ab:cds-YP_009724389.1	CAC	H	CTC	L	2583
NC_045512.2	21215	A	G	14164	7232	38	1	0	37	7.05866e-05	14167	0.99997	FALSE	ORF1ab:cds-YP_009724389.1	CAC	H	CGC	R	2583
NC_045512.2	21215	A	C	14164	7232	38	1	0	29	7.05866e-05	14167	1	FALSE	ORF1ab:cds-YP_009724389.1	CAC	H	CCC	P	2583
NC_045512.2	21216	C	T	14488	7499	38	3	0	49	0.000207011	14492	0.312487	FALSE	ORF1ab:cds-YP_009724389.1	CAC	H	CAT	H	2583
NC_045512.2	21216	C	A	14488	7499	38	1	0	37	6.90036e-05	14492	0.99997	FALSE	ORF1ab:cds-YP_009724389.1	CAC	H	CAA	Q	2583
NC_045512.2	21217	T	C	13998	7149	38	5	2	34	0.000357066	14003	0.990418	FALSE	ORF1ab:cds-YP_009724389.1	TTC	F	CTC	L	2584
NC_045512.2	21218	T	C	14569	7689	38	2	1	37	0.000137259	14571	0.999742	FALSE	ORF1ab:cds-YP_009724389.1	TTC	F	TCC	S	2584
NC_045512.2	21219	C	T	14639	7737	38	5	2	44	0.000341437	14644	0.109367	FALSE	ORF1ab:cds-YP_009724389.1	TTC	F	TTT	F	2584
NC_045512.2	21220	G	T	14656	7859	38	2	1	37	0.000136258	14678	0.999739	FALSE	ORF1ab:cds-YP_009724389.1	GCA	A	TCA	S	2585
NC_045512.2	21220	G	C	14656	7859	38	1	1	62	6.81292e-05	14678	0.499659	FALSE	ORF1ab:cds-YP_009724389.1	GCA	A	CCA	P	2585
NC_045512.2	21220	G	A	14656	7859	38	19	7	40	0.00129445	14678	1.98979e-05	TRUE	ORF1ab:cds-YP_009724389.1	GCA	A	ACA	T	2585
NC_045512.2	21221	C	T	14758	7982	38	6	3	49	0.000406394	14764	0.0624889	FALSE	ORF1ab:cds-YP_009724389.1	GCA	A	GTA	V	2585
NC_045512.2	21222	A	G	14252	7781	38	2	2	37	0.000140292	14256	0.999741	FALSE	ORF1ab:cds-YP_009724389.1	GCA	A	GCG	A	2585
NC_045512.2	21222	A	C	14252	7781	38	2	1	31	0.000140292	14256	0.999741	FALSE	ORF1ab:cds-YP_009724389.1	GCA	A	GCC	A	2585
NC_045512.2	21223	T	G	13451	7910	38	1	1	37	7.43273e-05	13454	0.999939	FALSE	ORF1ab:cds-YP_009724389.1	TGG	W	GGG	G	2586
NC_045512.2	21223	T	C	13451	7910	38	2	0	37	0.000148655	13454	0.999513	FALSE	ORF1ab:cds-YP_009724389.1	TGG	W	CGG	R	2586
NC_045512.2	21224	G	T	13744	7985	38	3	3	33	0.000218198	13749	0.997914	FALSE	ORF1ab:cds-YP_009724389.1	TGG	W	TTG	L	2586
NC_045512.2	21224	G	A	13744	7985	38	2	2	37	0.000145465	13749	0.999513	FALSE	ORF1ab:cds-YP_009724389.1	TGG	W	TAG	*	2586
NC_045512.2	21225	G	C	14139	8051	38	1	0	37	7.06964e-05	14145	0.99997	FALSE	ORF1ab:cds-YP_009724389.1	TGG	W	TGC	C	2586
NC_045512.2	21225	G	A	14139	8051	38	5	3	37	0.000353482	14145	0.990414	FALSE	ORF1ab:cds-YP_009724389.1	TGG	W	TGA	*	2586
NC_045512.2	21226	T	G	14682	8768	39	2	0	31	0.000136166	14688	0.999741	FALSE	ORF1ab:cds-YP_009724389.1	TGG	W	GGG	G	2587
NC_045512.2	21226	T	C	14682	8768	39	3	2	37	0.000204248	14688	0.998827	FALSE	ORF1ab:cds-YP_009724389.1	TGG	W	CGG	R	2587
NC_045512.2	21226	T	A	14682	8768	39	1	1	37	6.80828e-05	14688	0.99997	FALSE	ORF1ab:cds-YP_009724389.1	TGG	W	AGG	R	2587
NC_045512.2	21226	T	-G	14682	8768	39	1	0	20	6.80828e-05	14688	1	FALSE	NA	NA	NA	NA	NA	NA
NC_045512.2	21227	G	T	14800	8777	38	1	1	37	6.75447e-05	14805	0.99997	FALSE	ORF1ab:cds-YP_009724389.1	TGG	W	TTG	L	2587
NC_045512.2	21227	G	A	14800	8777	38	4	3	43	0.000270179	14805	0.187458	FALSE	ORF1ab:cds-YP_009724389.1	TGG	W	TAG	*	2587
NC_045512.2	21228	G	T	16070	10363	39	2	2	31	0.000124425	16074	0.999928	FALSE	ORF1ab:cds-YP_009724389.1	TGG	W	TGT	C	2587
NC_045512.2	21228	G	A	16070	10363	39	2	0	37	0.000124425	16074	0.999928	FALSE	ORF1ab:cds-YP_009724389.1	TGG	W	TGA	*	2587
NC_045512.2	21229	A	T	15966	10344	39	1	0	37	6.26135e-05	15971	0.999985	FALSE	ORF1ab:cds-YP_009724389.1	ACA	T	TCA	S	2588
NC_045512.2	21229	A	G	15966	10344	39	4	3	46	0.000250454	15971	0.18748	FALSE	ORF1ab:cds-YP_009724389.1	ACA	T	GCA	A	2588
NC_045512.2	21230	C	T	16193	10539	39	7	5	37	0.000432099	16200	0.982693	FALSE	ORF1ab:cds-YP_009724389.1	ACA	T	ATA	I	2588
NC_045512.2	21231	A	G	15709	10517	39	4	2	34	0.000254566	15713	0.997794	FALSE	ORF1ab:cds-YP_009724389.1	ACA	T	ACG	T	2588
NC_045512.2	21231	A	+G	15709	10517	39	2	0	20	0.000127283	15713	1	FALSE	NA	NA	NA	NA	NA	NA
NC_045512.2	21232	G	A	15823	10138	39	14	10	34	0.000884006	15837	0.644592	FALSE	ORF1ab:cds-YP_009724389.1	GCC	A	ACC	T	2589
NC_045512.2	21233	C	T	15694	10421	38	14	10	38	0.000891152	15710	0.644464	FALSE	ORF1ab:cds-YP_009724389.1	GCC	A	GTC	V	2589
NC_045512.2	21233	C	A	15694	10421	38	2	2	31	0.000127307	15710	0.999862	FALSE	ORF1ab:cds-YP_009724389.1	GCC	A	GAC	D	2589
NC_045512.2	21234	C	T	14998	9952	38	1	1	37	6.66578e-05	15002	0.999985	FALSE	ORF1ab:cds-YP_009724389.1	GCC	A	GCT	A	2589
NC_045512.2	21234	C	G	14998	9952	38	1	0	25	6.66578e-05	15002	1	FALSE	ORF1ab:cds-YP_009724389.1	GCC	A	GCG	A	2589
NC_045512.2	21234	C	A	14998	9952	38	2	1	37	0.000133316	15002	0.999863	FALSE	ORF1ab:cds-YP_009724389.1	GCC	A	GCA	A	2589
NC_045512.2	21234	C	-T	14998	9952	38	2	0	20	0.000133316	15002	1	FALSE	NA	NA	NA	NA	NA	NA
NC_045512.2	21235	T	G	14100	9261	38	9	0	26	0.000637665	14114	1	FALSE	ORF1ab:cds-YP_009724389.1	TTT	F	GTT	V	2590
NC_045512.2	21235	T	C	14100	9261	38	3	2	45	0.000212555	14114	0.312168	FALSE	ORF1ab:cds-YP_009724389.1	TTT	F	CTT	L	2590
NC_045512.2	21235	T	A	14100	9261	38	2	0	37	0.000141703	14114	0.99974	FALSE	ORF1ab:cds-YP_009724389.1	TTT	F	ATT	I	2590
NC_045512.2	21236	T	G	13852	9163	38	18	0	30	0.0012973	13875	0.236191	FALSE	ORF1ab:cds-YP_009724389.1	TTT	F	TGT	C	2590
NC_045512.2	21236	T	C	13852	9163	38	5	1	37	0.00036036	13875	0.984484	FALSE	ORF1ab:cds-YP_009724389.1	TTT	F	TCT	S	2590
NC_045512.2	21237	T	G	14145	9253	39	4	0	29	0.000282626	14153	1	FALSE	ORF1ab:cds-YP_009724389.1	TTT	F	TTG	L	2590
NC_045512.2	21237	T	C	14145	9253	39	2	2	31	0.000141313	14153	0.999741	FALSE	ORF1ab:cds-YP_009724389.1	TTT	F	TTC	F	2590
NC_045512.2	21237	T	A	14145	9253	39	2	1	31	0.000141313	14153	0.999741	FALSE	ORF1ab:cds-YP_009724389.1	TTT	F	TTA	L	2590
NC_045512.2	21238	G	T	13942	9248	39	1	1	25	7.17103e-05	13945	1	FALSE	ORF1ab:cds-YP_009724389.1	GTT	V	TTT	F	2591
NC_045512.2	21238	G	A	13942	9248	39	2	2	37	0.000143421	13945	0.999513	FALSE	ORF1ab:cds-YP_009724389.1	GTT	V	ATT	I	2591
NC_045512.2	21239	T	G	13399	8838	37	2	1	31	0.000149198	13405	0.999512	FALSE	ORF1ab:cds-YP_009724389.1	GTT	V	GGT	G	2591
NC_045512.2	21239	T	C	13399	8838	37	3	2	37	0.000223797	13405	0.997913	FALSE	ORF1ab:cds-YP_009724389.1	GTT	V	GCT	A	2591
NC_045512.2	21239	T	A	13399	8838	37	1	1	37	7.4599e-05	13405	0.999939	FALSE	ORF1ab:cds-YP_009724389.1	GTT	V	GAT	D	2591
NC_045512.2	21240	T	G	13765	9040	39	1	1	25	7.26322e-05	13768	1	FALSE	ORF1ab:cds-YP_009724389.1	GTT	V	GTG	V	2591
NC_045512.2	21240	T	C	13765	9040	39	2	2	31	0.000145264	13768	0.999513	FALSE	ORF1ab:cds-YP_009724389.1	GTT	V	GTC	V	2591
NC_045512.2	21240	T	-A	13765	9040	39	2	0	20	0.000145264	13768	1	FALSE	NA	NA	NA	NA	NA	NA
NC_045512.2	21241	A	T	13122	8467	38	1	0	50	7.61905e-05	13125	0.499943	FALSE	ORF1ab:cds-YP_009724389.1	ACT	T	TCT	S	2592
NC_045512.2	21241	A	G	13122	8467	38	2	1	37	0.000152381	13125	0.999513	FALSE	ORF1ab:cds-YP_009724389.1	ACT	T	GCT	A	2592
NC_045512.2	21242	C	T	12957	8388	38	2	2	37	0.000154321	12960	0.999087	FALSE	ORF1ab:cds-YP_009724389.1	ACT	T	ATT	I	2592
NC_045512.2	21242	C	A	12957	8388	38	1	1	37	7.71605e-05	12960	0.999878	FALSE	ORF1ab:cds-YP_009724389.1	ACT	T	AAT	N	2592
NC_045512.2	21243	T	G	12965	8425	39	2	2	33	0.000154202	12970	0.999086	FALSE	ORF1ab:cds-YP_009724389.1	ACT	T	ACG	T	2592
NC_045512.2	21243	T	C	12965	8425	39	3	2	49	0.000231303	12970	0.312457	FALSE	ORF1ab:cds-YP_009724389.1	ACT	T	ACC	T	2592
NC_045512.2	21244	A	G	12430	8298	38	1	1	37	8.04311e-05	12433	0.999878	FALSE	ORF1ab:cds-YP_009724389.1	AAT	N	GAT	D	2593
NC_045512.2	21244	A	C	12430	8298	38	2	0	31	0.000160862	12433	0.999087	FALSE	ORF1ab:cds-YP_009724389.1	AAT	N	CAT	H	2593
NC_045512.2	21245	A	T	12084	7950	37	3	3	30	0.000248016	12096	0.996302	FALSE	ORF1ab:cds-YP_009724389.1	AAT	N	ATT	I	2593
NC_045512.2	21245	A	G	12084	7950	37	1	1	37	8.2672e-05	12096	0.999878	FALSE	ORF1ab:cds-YP_009724389.1	AAT	N	AGT	S	2593
NC_045512.2	21245	A	C	12084	7950	37	8	8	28	0.000661376	12096	1	FALSE	ORF1ab:cds-YP_009724389.1	AAT	N	ACT	T	2593
NC_045512.2	21246	T	G	12504	8577	38	3	2	25	0.000239808	12510	1	FALSE	ORF1ab:cds-YP_009724389.1	AAT	N	AAG	K	2593
NC_045512.2	21246	T	C	12504	8577	38	2	2	37	0.000159872	12510	0.999086	FALSE	ORF1ab:cds-YP_009724389.1	AAT	N	AAC	N	2593
NC_045512.2	21246	T	A	12504	8577	38	1	0	25	7.99361e-05	12510	1	FALSE	ORF1ab:cds-YP_009724389.1	AAT	N	AAA	K	2593
NC_045512.2	21247	G	T	12630	8487	38	1	1	25	7.91327e-05	12637	1	FALSE	ORF1ab:cds-YP_009724389.1	GTG	V	TTG	L	2594
NC_045512.2	21247	G	A	12630	8487	38	6	6	41	0.000474796	12637	0.062474	FALSE	ORF1ab:cds-YP_009724389.1	GTG	V	ATG	M	2594
NC_045512.2	21248	T	C	12416	8335	38	2	1	28	0.000161057	12418	1	FALSE	ORF1ab:cds-YP_009724389.1	GTG	V	GCG	A	2594
NC_045512.2	21249	G	T	12500	8384	38	1	1	37	7.99808e-05	12503	0.999878	FALSE	ORF1ab:cds-YP_009724389.1	GTG	V	GTT	V	2594
NC_045512.2	21249	G	A	12500	8384	38	2	2	37	0.000159962	12503	0.999087	FALSE	ORF1ab:cds-YP_009724389.1	GTG	V	GTA	V	2594
NC_045512.2	21250	A	T	12370	8231	38	2	2	27	0.000161616	12375	1	FALSE	ORF1ab:cds-YP_009724389.1	AAT	N	TAT	Y	2595
NC_045512.2	21250	A	G	12370	8231	38	2	2	37	0.000161616	12375	0.999086	FALSE	ORF1ab:cds-YP_009724389.1	AAT	N	GAT	D	2595
NC_045512.2	21250	A	C	12370	8231	38	1	1	37	8.08081e-05	12375	0.999878	FALSE	ORF1ab:cds-YP_009724389.1	AAT	N	CAT	H	2595
NC_045512.2	21251	A	T	12180	8110	38	1	1	37	8.20749e-05	12184	0.999878	FALSE	ORF1ab:cds-YP_009724389.1	AAT	N	ATT	I	2595
NC_045512.2	21251	A	G	12180	8110	38	1	0	25	8.20749e-05	12184	1	FALSE	ORF1ab:cds-YP_009724389.1	AAT	N	AGT	S	2595
NC_045512.2	21251	A	C	12180	8110	38	2	2	25	0.00016415	12184	1	FALSE	ORF1ab:cds-YP_009724389.1	AAT	N	ACT	T	2595
NC_045512.2	21252	T	C	12424	8342	38	3	3	49	0.00024141	12427	0.312515	FALSE	ORF1ab:cds-YP_009724389.1	AAT	N	AAC	N	2595
NC_045512.2	21253	G	T	12321	8342	38	2	2	31	0.000162298	12323	0.999087	FALSE	ORF1ab:cds-YP_009724389.1	GCG	A	TCG	S	2596
NC_045512.2	21254	C	T	12576	8737	38	20	12	40	0.00158755	12598	1.04112e-05	TRUE	ORF1ab:cds-YP_009724389.1	GCG	A	GTG	V	2596
NC_045512.2	21254	C	A	12576	8737	38	2	1	31	0.000158755	12598	0.999078	FALSE	ORF1ab:cds-YP_009724389.1	GCG	A	GAG	E	2596
NC_045512.2	21255	G	T	12673	8756	39	1	1	25	7.88208e-05	12687	1	FALSE	ORF1ab:cds-YP_009724389.1	GCG	A	GCT	A	2596
NC_045512.2	21255	G	A	12673	8756	39	13	7	39	0.00102467	12687	0.5	FALSE	ORF1ab:cds-YP_009724389.1	GCG	A	GCA	A	2596
NC_045512.2	21256	T	C	12521	8614	39	7	6	40	0.000558659	12530	0.0351257	FALSE	ORF1ab:cds-YP_009724389.1	TCA	S	CCA	P	2597
NC_045512.2	21256	T	A	12521	8614	39	2	2	37	0.000159617	12530	0.999084	FALSE	ORF1ab:cds-YP_009724389.1	TCA	S	ACA	T	2597
NC_045512.2	21257	C	G	12612	8678	39	1	1	37	7.9277e-05	12614	0.999878	FALSE	ORF1ab:cds-YP_009724389.1	TCA	S	TGA	*	2597
NC_045512.2	21257	C	A	12612	8678	39	1	0	37	7.9277e-05	12614	0.999878	FALSE	ORF1ab:cds-YP_009724389.1	TCA	S	TAA	*	2597
NC_045512.2	21258	A	G	12472	8672	39	1	1	74	8.01732e-05	12473	0.50002	FALSE	ORF1ab:cds-YP_009724389.1	TCA	S	TCG	S	2597
NC_045512.2	21259	T	G	12575	8772	39	1	0	25	7.94849e-05	12581	1	FALSE	ORF1ab:cds-YP_009724389.1	TCA	S	GCA	A	2598
NC_045512.2	21259	T	C	12575	8772	39	5	4	34	0.000397425	12581	0.975517	FALSE	ORF1ab:cds-YP_009724389.1	TCA	S	CCA	P	2598
NC_045512.2	21260	C	T	12817	8923	39	2	1	37	0.000156018	12819	0.999087	FALSE	ORF1ab:cds-YP_009724389.1	TCA	S	TTA	L	2598
NC_045512.2	21261	A	G	12610	9049	39	3	3	49	0.00023785	12613	0.312515	FALSE	ORF1ab:cds-YP_009724389.1	TCA	S	TCG	S	2598
NC_045512.2	21262	T	C	12661	9052	39	3	2	37	0.000236892	12664	0.996317	FALSE	ORF1ab:cds-YP_009724389.1	TCT	S	CCT	P	2599
NC_045512.2	21263	C	A	12608	9019	39	2	2	25	0.000158604	12610	1	FALSE	ORF1ab:cds-YP_009724389.1	TCT	S	TAT	Y	2599
NC_045512.2	21264	T	C	12863	9380	39	5	3	39	0.000388561	12868	0.975525	FALSE	ORF1ab:cds-YP_009724389.1	TCT	S	TCC	S	2599
NC_045512.2	21265	G	A	13438	10027	39	2	1	37	0.00014881	13440	0.999513	FALSE	ORF1ab:cds-YP_009724389.1	GAA	E	AAA	K	2600
NC_045512.2	21266	A	G	13309	10054	39	4	3	34	0.000300458	13313	0.993653	FALSE	ORF1ab:cds-YP_009724389.1	GAA	E	GGA	G	2600
NC_045512.2	21267	A	T	13296	10087	39	1	1	29	7.51936e-05	13299	1	FALSE	ORF1ab:cds-YP_009724389.1	GAA	E	GAT	D	2600
NC_045512.2	21267	A	G	13296	10087	39	1	1	37	7.51936e-05	13299	0.999939	FALSE	ORF1ab:cds-YP_009724389.1	GAA	E	GAG	E	2600
NC_045512.2	21267	A	C	13296	10087	39	1	0	29	7.51936e-05	13299	1	FALSE	ORF1ab:cds-YP_009724389.1	GAA	E	GAC	D	2600
NC_045512.2	21268	G	T	12961	9841	39	1	1	25	7.70891e-05	12972	1	FALSE	ORF1ab:cds-YP_009724389.1	GCA	A	TCA	S	2601
NC_045512.2	21268	G	C	12961	9841	39	2	2	37	0.000154178	12972	0.999083	FALSE	ORF1ab:cds-YP_009724389.1	GCA	A	CCA	P	2601
NC_045512.2	21268	G	A	12961	9841	39	8	6	41	0.000616713	12972	0.0195042	FALSE	ORF1ab:cds-YP_009724389.1	GCA	A	ACA	T	2601
NC_045512.2	21269	C	T	12805	9798	39	9	7	37	0.000702247	12816	0.808394	FALSE	ORF1ab:cds-YP_009724389.1	GCA	A	GTA	V	2601
NC_045512.2	21269	C	A	12805	9798	39	2	1	31	0.000156055	12816	0.999083	FALSE	ORF1ab:cds-YP_009724389.1	GCA	A	GAA	E	2601
NC_045512.2	21270	A	T	13511	10584	39	1	1	25	7.40028e-05	13513	1	FALSE	ORF1ab:cds-YP_009724389.1	GCA	A	GCT	A	2601
NC_045512.2	21270	A	G	13511	10584	39	1	1	37	7.40028e-05	13513	0.999939	FALSE	ORF1ab:cds-YP_009724389.1	GCA	A	GCG	A	2601
NC_045512.2	21270	A	-T	13511	10584	39	11	0	20	0.000814031	13513	1	FALSE	NA	NA	NA	NA	NA	NA
NC_045512.2	21271	T	C	13165	10482	39	1	1	37	7.59417e-05	13168	0.999939	FALSE	ORF1ab:cds-YP_009724389.1	TTT	F	CTT	L	2602
NC_045512.2	21271	T	A	13165	10482	39	2	1	31	0.000151883	13168	0.999511	FALSE	ORF1ab:cds-YP_009724389.1	TTT	F	ATT	I	2602
NC_045512.2	21272	T	G	13272	10587	39	1	0	25	7.53296e-05	13275	1	FALSE	ORF1ab:cds-YP_009724389.1	TTT	F	TGT	C	2602
NC_045512.2	21272	T	C	13272	10587	39	1	0	37	7.53296e-05	13275	0.999939	FALSE	ORF1ab:cds-YP_009724389.1	TTT	F	TCT	S	2602
NC_045512.2	21272	T	A	13272	10587	39	1	0	74	7.53296e-05	13275	0.499981	FALSE	ORF1ab:cds-YP_009724389.1	TTT	F	TAT	Y	2602
NC_045512.2	21273	T	G	13507	10880	39	1	0	25	7.40247e-05	13509	1	FALSE	ORF1ab:cds-YP_009724389.1	TTT	F	TTG	L	2602
NC_045512.2	21273	T	A	13507	10880	39	1	0	37	7.40247e-05	13509	0.999939	FALSE	ORF1ab:cds-YP_009724389.1	TTT	F	TTA	L	2602
NC_045512.2	21274	T	C	13509	10869	39	1	0	48	7.40192e-05	13510	0.750028	FALSE	ORF1ab:cds-YP_009724389.1	TTA	L	CTA	L	2603
NC_045512.2	21275	T	C	14099	11562	40	2	1	37	0.000141824	14102	0.999741	FALSE	ORF1ab:cds-YP_009724389.1	TTA	L	TCA	S	2603
NC_045512.2	21275	T	A	14099	11562	40	1	1	37	7.09119e-05	14102	0.99997	FALSE	ORF1ab:cds-YP_009724389.1	TTA	L	TAA	*	2603
NC_045512.2	21276	A	G	13829	11394	39	3	2	37	0.000216888	13832	0.997916	FALSE	ORF1ab:cds-YP_009724389.1	TTA	L	TTG	L	2603
NC_045512.2	21277	A	G	13646	11219	39	1	0	37	7.32762e-05	13647	0.999939	FALSE	ORF1ab:cds-YP_009724389.1	ATT	I	GTT	V	2604
NC_045512.2	21278	T	G	13816	11484	39	3	1	29	0.000217045	13822	1	FALSE	ORF1ab:cds-YP_009724389.1	ATT	I	AGT	S	2604
NC_045512.2	21278	T	C	13816	11484	39	2	2	31	0.000144697	13822	0.999512	FALSE	ORF1ab:cds-YP_009724389.1	ATT	I	ACT	T	2604
NC_045512.2	21278	T	A	13816	11484	39	1	0	37	7.23484e-05	13822	0.999939	FALSE	ORF1ab:cds-YP_009724389.1	ATT	I	AAT	N	2604
NC_045512.2	21279	T	G	13848	11467	39	2	1	25	0.000144373	13853	1	FALSE	ORF1ab:cds-YP_009724389.1	ATT	I	ATG	M	2604
NC_045512.2	21279	T	C	13848	11467	39	2	2	37	0.000144373	13853	0.999513	FALSE	ORF1ab:cds-YP_009724389.1	ATT	I	ATC	I	2604
NC_045512.2	21279	T	A	13848	11467	39	1	1	37	7.21865e-05	13853	0.999939	FALSE	ORF1ab:cds-YP_009724389.1	ATT	I	ATA	I	2604
NC_045512.2	21280	G	A	14217	11896	40	1	1	37	7.03334e-05	14218	0.99997	FALSE	ORF1ab:cds-YP_009724389.1	GGA	G	AGA	R	2605
NC_045512.2	21282	A	G	14376	12147	40	2	2	37	0.000139101	14378	0.999742	FALSE	ORF1ab:cds-YP_009724389.1	GGA	G	GGG	G	2605
NC_045512.2	21283	T	G	14555	12400	40	2	2	37	0.000137372	14559	0.999741	FALSE	ORF1ab:cds-YP_009724389.1	TGT	C	GGT	G	2606
NC_045512.2	21283	T	C	14555	12400	40	2	1	31	0.000137372	14559	0.999741	FALSE	ORF1ab:cds-YP_009724389.1	TGT	C	CGT	R	2606
NC_045512.2	21284	G	T	14593	12410	40	2	1	31	0.000137033	14595	0.999742	FALSE	ORF1ab:cds-YP_009724389.1	TGT	C	TTT	F	2606
NC_045512.2	21285	T	G	14721	12552	40	1	1	25	6.79071e-05	14726	1	FALSE	ORF1ab:cds-YP_009724389.1	TGT	C	TGG	W	2606
NC_045512.2	21285	T	C	14721	12552	40	2	1	37	0.000135814	14726	0.999741	FALSE	ORF1ab:cds-YP_009724389.1	TGT	C	TGC	C	2606
NC_045512.2	21285	T	A	14721	12552	40	2	1	31	0.000135814	14726	0.999741	FALSE	ORF1ab:cds-YP_009724389.1	TGT	C	TGA	*	2606
NC_045512.2	21286	A	G	15539	13500	40	2	2	55	0.000128692	15541	0.250008	FALSE	ORF1ab:cds-YP_009724389.1	AAT	N	GAT	D	2607
NC_045512.2	21287	A	T	15460	13491	40	3	3	33	0.000193949	15468	0.999345	FALSE	ORF1ab:cds-YP_009724389.1	AAT	N	ATT	I	2607
NC_045512.2	21287	A	G	15460	13491	40	2	2	37	0.000129299	15468	0.999863	FALSE	ORF1ab:cds-YP_009724389.1	AAT	N	AGT	S	2607
NC_045512.2	21287	A	C	15460	13491	40	3	2	29	0.000193949	15468	1	FALSE	ORF1ab:cds-YP_009724389.1	AAT	N	ACT	T	2607
NC_045512.2	21287	A	-T	15460	13491	40	1	0	20	6.46496e-05	15468	1	FALSE	NA	NA	NA	NA	NA	NA
NC_045512.2	21288	T	G	15613	13647	40	4	4	28	0.000256098	15619	1	FALSE	ORF1ab:cds-YP_009724389.1	AAT	N	AAG	K	2607
NC_045512.2	21288	T	C	15613	13647	40	1	1	37	6.40246e-05	15619	0.999985	FALSE	ORF1ab:cds-YP_009724389.1	AAT	N	AAC	N	2607
NC_045512.2	21288	T	A	15613	13647	40	1	1	37	6.40246e-05	15619	0.999985	FALSE	ORF1ab:cds-YP_009724389.1	AAT	N	AAA	K	2607
NC_045512.2	21289	T	G	15430	13625	40	3	3	25	0.000194389	15433	1	FALSE	ORF1ab:cds-YP_009724389.1	TAT	Y	GAT	D	2608
NC_045512.2	21290	A	T	15393	13603	40	1	1	25	6.49519e-05	15396	1	FALSE	ORF1ab:cds-YP_009724389.1	TAT	Y	TTT	F	2608
NC_045512.2	21290	A	G	15393	13603	40	1	1	37	6.49519e-05	15396	0.999985	FALSE	ORF1ab:cds-YP_009724389.1	TAT	Y	TGT	C	2608
NC_045512.2	21290	A	C	15393	13603	40	1	0	29	6.49519e-05	15396	1	FALSE	ORF1ab:cds-YP_009724389.1	TAT	Y	TCT	S	2608
NC_045512.2	21291	T	C	15209	13430	40	1	1	37	6.57462e-05	15210	0.999985	FALSE	ORF1ab:cds-YP_009724389.1	TAT	Y	TAC	Y	2608
NC_045512.2	21292	C	T	15263	13484	40	3	3	37	0.000196489	15268	0.999346	FALSE	ORF1ab:cds-YP_009724389.1	CTT	L	TTT	F	2609
NC_045512.2	21292	C	A	15263	13484	40	2	2	49	0.000130993	15268	0.499951	FALSE	ORF1ab:cds-YP_009724389.1	CTT	L	ATT	I	2609
NC_045512.2	21293	T	C	14311	12539	40	3	3	33	0.000209556	14316	0.998828	FALSE	ORF1ab:cds-YP_009724389.1	CTT	L	CCT	P	2609
NC_045512.2	21293	T	A	14311	12539	40	2	2	55	0.000139704	14316	0.249956	FALSE	ORF1ab:cds-YP_009724389.1	CTT	L	CAT	H	2609
NC_045512.2	21294	T	G	14064	12317	40	2	2	31	0.000142146	14070	0.999741	FALSE	ORF1ab:cds-YP_009724389.1	CTT	L	CTG	L	2609
NC_045512.2	21294	T	C	14064	12317	40	1	1	37	7.10732e-05	14070	0.99997	FALSE	ORF1ab:cds-YP_009724389.1	CTT	L	CTC	L	2609
NC_045512.2	21294	T	A	14064	12317	40	3	1	31	0.00021322	14070	0.998827	FALSE	ORF1ab:cds-YP_009724389.1	CTT	L	CTA	L	2609
NC_045512.2	21295	G	T	14005	12274	40	3	3	29	0.000214163	14008	1	FALSE	ORF1ab:cds-YP_009724389.1	GGC	G	TGC	C	2610
NC_045512.2	21296	G	T	14037	12313	40	2	2	27	0.000142298	14055	1	FALSE	ORF1ab:cds-YP_009724389.1	GGC	G	GTC	V	2610
NC_045512.2	21296	G	A	14037	12313	40	16	16	37	0.00113838	14055	0.427652	FALSE	ORF1ab:cds-YP_009724389.1	GGC	G	GAC	D	2610
NC_045512.2	21297	C	T	14163	12459	40	15	11	40	0.0010579	14179	0.000258561	TRUE	ORF1ab:cds-YP_009724389.1	GGC	G	GGT	G	2610
NC_045512.2	21297	C	A	14163	12459	40	1	1	37	7.05268e-05	14179	0.999969	FALSE	ORF1ab:cds-YP_009724389.1	GGC	G	GGA	G	2610
NC_045512.2	21297	C	-A	14163	12459	40	3	0	20	0.000211581	14179	1	FALSE	NA	NA	NA	NA	NA	NA
NC_045512.2	21298	A	T	14069	12365	40	1	1	25	7.10581e-05	14073	1	FALSE	ORF1ab:cds-YP_009724389.1	AAA	K	TAA	*	2611
NC_045512.2	21298	A	G	14069	12365	40	3	3	45	0.000213174	14073	0.312407	FALSE	ORF1ab:cds-YP_009724389.1	AAA	K	GAA	E	2611
NC_045512.2	21299	A	T	13747	12169	39	1	1	25	7.27114e-05	13753	1	FALSE	ORF1ab:cds-YP_009724389.1	AAA	K	ATA	I	2611
NC_045512.2	21299	A	G	13747	12169	39	2	1	42	0.000145423	13753	0.499918	FALSE	ORF1ab:cds-YP_009724389.1	AAA	K	AGA	R	2611
NC_045512.2	21299	A	C	13747	12169	39	3	3	26	0.000218134	13753	1	FALSE	ORF1ab:cds-YP_009724389.1	AAA	K	ACA	T	2611
NC_045512.2	21300	A	T	13657	12089	39	1	0	22	7.32064e-05	13660	1	FALSE	ORF1ab:cds-YP_009724389.1	AAA	K	AAT	N	2611
NC_045512.2	21300	A	G	13657	12089	39	1	0	37	7.32064e-05	13660	0.999939	FALSE	ORF1ab:cds-YP_009724389.1	AAA	K	AAG	K	2611
NC_045512.2	21300	A	C	13657	12089	39	1	1	37	7.32064e-05	13660	0.999939	FALSE	ORF1ab:cds-YP_009724389.1	AAA	K	AAC	N	2611
NC_045512.2	21301	C	A	14000	12422	40	2	1	31	0.000142837	14002	0.999742	FALSE	ORF1ab:cds-YP_009724389.1	CCA	P	ACA	T	2612
NC_045512.2	21302	C	T	14078	12512	40	1	1	37	7.10177e-05	14081	0.99997	FALSE	ORF1ab:cds-YP_009724389.1	CCA	P	CTA	L	2612
NC_045512.2	21302	C	A	14078	12512	40	2	1	45	0.000142035	14081	0.5	FALSE	ORF1ab:cds-YP_009724389.1	CCA	P	CAA	Q	2612
NC_045512.2	21304	C	T	13844	12306	40	11	10	40	0.00079388	13856	0.0031686	TRUE	ORF1ab:cds-YP_009724389.1	CGC	R	TGC	C	2613
NC_045512.2	21304	C	A	13844	12306	40	1	1	37	7.21709e-05	13856	0.999939	FALSE	ORF1ab:cds-YP_009724389.1	CGC	R	AGC	S	2613
NC_045512.2	21305	G	T	13700	12440	39	1	1	25	7.29448e-05	13709	1	FALSE	ORF1ab:cds-YP_009724389.1	CGC	R	CTC	L	2613
NC_045512.2	21305	G	A	13700	12440	39	8	7	37	0.000583558	13709	0.905461	FALSE	ORF1ab:cds-YP_009724389.1	CGC	R	CAC	H	2613
NC_045512.2	21306	C	T	13580	12357	39	5	5	34	0.000368053	13585	0.984591	FALSE	ORF1ab:cds-YP_009724389.1	CGC	R	CGT	R	2613
NC_045512.2	21307	G	T	13638	12423	39	1	1	25	7.33084e-05	13641	1	FALSE	ORF1ab:cds-YP_009724389.1	GAA	E	TAA	*	2614
NC_045512.2	21307	G	C	13638	12423	39	1	1	37	7.33084e-05	13641	0.999939	FALSE	ORF1ab:cds-YP_009724389.1	GAA	E	CAA	Q	2614
NC_045512.2	21307	G	A	13638	12423	39	1	1	37	7.33084e-05	13641	0.999939	FALSE	ORF1ab:cds-YP_009724389.1	GAA	E	AAA	K	2614
NC_045512.2	21308	A	T	13654	12555	38	1	1	25	7.32172e-05	13658	1	FALSE	ORF1ab:cds-YP_009724389.1	GAA	E	GTA	V	2614
NC_045512.2	21308	A	G	13654	12555	38	2	2	31	0.000146434	13658	0.999513	FALSE	ORF1ab:cds-YP_009724389.1	GAA	E	GGA	G	2614
NC_045512.2	21308	A	C	13654	12555	38	1	1	37	7.32172e-05	13658	0.999939	FALSE	ORF1ab:cds-YP_009724389.1	GAA	E	GCA	A	2614
NC_045512.2	21309	A	T	13591	12539	38	1	1	37	7.35673e-05	13593	0.999939	FALSE	ORF1ab:cds-YP_009724389.1	GAA	E	GAT	D	2614
NC_045512.2	21309	A	G	13591	12539	38	1	1	25	7.35673e-05	13593	1	FALSE	ORF1ab:cds-YP_009724389.1	GAA	E	GAG	E	2614
NC_045512.2	21310	C	+A	13576	12515	38	1	0	20	7.36594e-05	13576	1	FALSE	NA	NA	NA	NA	NA	NA
NC_045512.2	21311	A	G	13485	12439	38	2	2	31	0.00014828	13488	0.999513	FALSE	ORF1ab:cds-YP_009724389.1	CAA	Q	CGA	R	2615
NC_045512.2	21311	A	C	13485	12439	38	1	1	25	7.414e-05	13488	1	FALSE	ORF1ab:cds-YP_009724389.1	CAA	Q	CCA	P	2615
NC_045512.2	21312	A	G	13061	12079	37	1	1	37	7.65462e-05	13064	0.999939	FALSE	ORF1ab:cds-YP_009724389.1	CAA	Q	CAG	Q	2615
NC_045512.2	21312	A	C	13061	12079	37	2	2	25	0.000153092	13064	1	FALSE	ORF1ab:cds-YP_009724389.1	CAA	Q	CAC	H	2615
NC_045512.2	21313	A	C	12923	11943	38	5	5	25	0.000386757	12928	1	FALSE	ORF1ab:cds-YP_009724389.1	ATA	I	CTA	L	2616
NC_045512.2	21314	T	G	13114	12147	38	4	4	34	0.000304878	13120	0.993648	FALSE	ORF1ab:cds-YP_009724389.1	ATA	I	AGA	R	2616
NC_045512.2	21314	T	C	13114	12147	38	2	2	37	0.000152439	13120	0.999512	FALSE	ORF1ab:cds-YP_009724389.1	ATA	I	ACA	T	2616
NC_045512.2	21315	A	G	12618	11653	37	4	4	46	0.000316706	12630	0.187302	FALSE	ORF1ab:cds-YP_009724389.1	ATA	I	ATG	M	2616
NC_045512.2	21315	A	C	12618	11653	37	8	8	26	0.000633413	12630	1	FALSE	ORF1ab:cds-YP_009724389.1	ATA	I	ATC	I	2616
NC_045512.2	21316	G	T	12985	12059	37	1	1	25	7.70001e-05	12987	1	FALSE	ORF1ab:cds-YP_009724389.1	GAT	D	TAT	Y	2617
NC_045512.2	21316	G	A	12985	12059	37	1	1	37	7.70001e-05	12987	0.999878	FALSE	ORF1ab:cds-YP_009724389.1	GAT	D	AAT	N	2617
NC_045512.2	21317	A	G	12026	11152	37	3	3	49	0.000249149	12041	0.312142	FALSE	ORF1ab:cds-YP_009724389.1	GAT	D	GGT	G	2617
NC_045512.2	21317	A	C	12026	11152	37	12	12	27	0.000996595	12041	1	FALSE	ORF1ab:cds-YP_009724389.1	GAT	D	GCT	A	2617
NC_045512.2	21318	T	G	12432	11581	37	4	3	26	0.000321595	12438	1	FALSE	ORF1ab:cds-YP_009724389.1	GAT	D	GAG	E	2617
NC_045512.2	21318	T	C	12432	11581	37	1	1	37	8.03988e-05	12438	0.999878	FALSE	ORF1ab:cds-YP_009724389.1	GAT	D	GAC	D	2617
NC_045512.2	21318	T	A	12432	11581	37	1	0	37	8.03988e-05	12438	0.999878	FALSE	ORF1ab:cds-YP_009724389.1	GAT	D	GAA	E	2617
NC_045512.2	21319	G	T	12072	11219	37	1	1	37	8.28295e-05	12073	0.999878	FALSE	ORF1ab:cds-YP_009724389.1	GGT	G	TGT	C	2618
NC_045512.2	21320	G	T	11951	11107	37	1	1	25	8.3661e-05	11953	1	FALSE	ORF1ab:cds-YP_009724389.1	GGT	G	GTT	V	2618
NC_045512.2	21320	G	A	11951	11107	37	1	1	37	8.3661e-05	11953	0.999757	FALSE	ORF1ab:cds-YP_009724389.1	GGT	G	GAT	D	2618
NC_045512.2	21321	T	G	11737	10902	38	4	4	28	0.000340599	11744	1	FALSE	ORF1ab:cds-YP_009724389.1	GGT	G	GGG	G	2618
NC_045512.2	21321	T	C	11737	10902	38	2	2	31	0.0001703	11744	0.998292	FALSE	ORF1ab:cds-YP_009724389.1	GGT	G	GGC	G	2618
NC_045512.2	21321	T	A	11737	10902	38	1	1	37	8.51499e-05	11744	0.999756	FALSE	ORF1ab:cds-YP_009724389.1	GGT	G	GGA	G	2618
NC_045512.2	21322	T	C	11699	10864	38	5	5	37	0.000427204	11704	0.961658	FALSE	ORF1ab:cds-YP_009724389.1	TAT	Y	CAT	H	2619
NC_045512.2	21323	A	G	11777	10970	38	2	1	42	0.000169779	11780	0.5	FALSE	ORF1ab:cds-YP_009724389.1	TAT	Y	TGT	C	2619
NC_045512.2	21323	A	C	11777	10970	38	1	1	37	8.48896e-05	11780	0.999756	FALSE	ORF1ab:cds-YP_009724389.1	TAT	Y	TCT	S	2619
NC_045512.2	21324	T	G	11561	10748	38	2	2	25	0.000172921	11566	1	FALSE	ORF1ab:cds-YP_009724389.1	TAT	Y	TAG	*	2619
NC_045512.2	21324	T	C	11561	10748	38	2	2	37	0.000172921	11566	0.998293	FALSE	ORF1ab:cds-YP_009724389.1	TAT	Y	TAC	Y	2619
NC_045512.2	21324	T	A	11561	10748	38	1	0	25	8.64603e-05	11566	1	FALSE	ORF1ab:cds-YP_009724389.1	TAT	Y	TAA	*	2619
NC_045512.2	21325	G	A	11621	10839	38	3	3	37	0.000258087	11624	0.993546	FALSE	ORF1ab:cds-YP_009724389.1	GTC	V	ATC	I	2620
NC_045512.2	21326	T	A	11043	10469	37	2	2	37	0.000181077	11045	0.998296	FALSE	ORF1ab:cds-YP_009724389.1	GTC	V	GAC	D	2620
NC_045512.2	21327	C	T	10597	10026	38	2	2	37	0.000188644	10602	0.99683	FALSE	ORF1ab:cds-YP_009724389.1	GTC	V	GTT	V	2620
NC_045512.2	21327	C	A	10597	10026	38	3	3	33	0.000282965	10602	0.988784	FALSE	ORF1ab:cds-YP_009724389.1	GTC	V	GTA	V	2620
NC_045512.2	21328	A	G	10113	9621	38	1	1	37	9.88631e-05	10115	0.999513	FALSE	ORF1ab:cds-YP_009724389.1	ATG	M	GTG	V	2621
NC_045512.2	21328	A	C	10113	9621	38	1	0	29	9.88631e-05	10115	1	FALSE	ORF1ab:cds-YP_009724389.1	ATG	M	CTG	L	2621
NC_045512.2	21330	G	A	8572	8070	38	4	4	34	0.000466418	8576	0.927101	FALSE	ORF1ab:cds-YP_009724389.1	ATG	M	ATA	I	2621
NC_045512.2	21331	C	T	8567	8085	38	12	11	36	0.00139876	8579	0.25168	FALSE	ORF1ab:cds-YP_009724389.1	CAT	H	TAT	Y	2622
NC_045512.2	21332	A	T	8451	7974	38	1	1	37	0.000118287	8454	0.99805	FALSE	ORF1ab:cds-YP_009724389.1	CAT	H	CTT	L	2622
NC_045512.2	21332	A	G	8451	7974	38	1	1	37	0.000118287	8454	0.99805	FALSE	ORF1ab:cds-YP_009724389.1	CAT	H	CGT	R	2622
NC_045512.2	21332	A	C	8451	7974	38	1	1	37	0.000118287	8454	0.99805	FALSE	ORF1ab:cds-YP_009724389.1	CAT	H	CCT	P	2622
NC_045512.2	21333	T	C	8332	7984	37	1	1	37	0.000120005	8333	0.998052	FALSE	ORF1ab:cds-YP_009724389.1	CAT	H	CAC	H	2622
NC_045512.2	21334	G	T	8346	7994	37	1	1	25	0.000119732	8352	1	FALSE	ORF1ab:cds-YP_009724389.1	GCA	A	TCA	S	2623
NC_045512.2	21334	G	A	8346	7994	37	5	5	34	0.000598659	8352	0.866671	FALSE	ORF1ab:cds-YP_009724389.1	GCA	A	ACA	T	2623
NC_045512.2	21335	C	T	8369	8024	37	3	3	49	0.000358295	8373	0.124978	FALSE	ORF1ab:cds-YP_009724389.1	GCA	A	GTA	V	2623
NC_045512.2	21335	C	A	8369	8024	37	1	1	37	0.000119432	8373	0.998049	FALSE	ORF1ab:cds-YP_009724389.1	GCA	A	GAA	E	2623
NC_045512.2	21338	A	C	8163	7830	37	1	1	25	0.000122489	8164	1	FALSE	ORF1ab:cds-YP_009724389.1	AAT	N	ACT	T	2624
NC_045512.2	21339	T	G	8016	7699	36	1	1	25	0.000124735	8017	1	FALSE	ORF1ab:cds-YP_009724389.1	AAT	N	AAG	K	2624
NC_045512.2	21340	T	G	8188	7899	37	2	1	27	0.000244141	8192	1	FALSE	ORF1ab:cds-YP_009724389.1	TAC	Y	GAC	D	2625
NC_045512.2	21340	T	C	8188	7899	37	1	1	37	0.00012207	8192	0.998049	FALSE	ORF1ab:cds-YP_009724389.1	TAC	Y	CAC	H	2625
NC_045512.2	21340	T	A	8188	7899	37	1	1	37	0.00012207	8192	0.998049	FALSE	ORF1ab:cds-YP_009724389.1	TAC	Y	AAC	N	2625
NC_045512.2	21341	A	T	8157	7875	37	1	1	25	0.000122579	8158	1	FALSE	ORF1ab:cds-YP_009724389.1	TAC	Y	TTC	F	2625
NC_045512.2	21342	C	T	8235	7969	37	4	4	37	0.000485496	8239	0.927105	FALSE	ORF1ab:cds-YP_009724389.1	TAC	Y	TAT	Y	2625
NC_045512.2	21342	C	-A	8235	7969	37	1	0	20	0.000121374	8239	1	FALSE	NA	NA	NA	NA	NA	NA
NC_045512.2	21344	T	C	8188	7937	37	1	0	37	0.000122115	8189	0.998052	FALSE	ORF1ab:cds-YP_009724389.1	ATA	I	ACA	T	2626
NC_045512.2	21345	A	G	8141	7895	37	1	1	37	0.00012282	8142	0.998052	FALSE	ORF1ab:cds-YP_009724389.1	ATA	I	ATG	M	2626
NC_045512.2	21345	A	-T	8141	7895	37	1	0	20	0.00012282	8142	1	FALSE	NA	NA	NA	NA	NA	NA
NC_045512.2	21347	T	C	7912	7699	37	1	0	37	0.000126374	7913	0.996103	FALSE	ORF1ab:cds-YP_009724389.1	TTT	F	TCT	S	2627
NC_045512.2	21348	T	A	7860	7667	37	1	1	37	0.00012721	7861	0.996103	FALSE	ORF1ab:cds-YP_009724389.1	TTT	F	TTA	L	2627
NC_045512.2	21351	G	T	7776	7590	37	1	1	25	0.000128568	7778	1	FALSE	ORF1ab:cds-YP_009724389.1	TGG	W	TGT	C	2628
NC_045512.2	21351	G	A	7776	7590	37	1	1	37	0.000128568	7778	0.996101	FALSE	ORF1ab:cds-YP_009724389.1	TGG	W	TGA	*	2628
NC_045512.2	21352	A	G	7567	7382	36	4	4	37	0.000528192	7573	0.886761	FALSE	ORF1ab:cds-YP_009724389.1	AGG	R	GGG	G	2629
NC_045512.2	21352	A	C	7567	7382	36	2	2	25	0.000264096	7573	1	FALSE	ORF1ab:cds-YP_009724389.1	AGG	R	CGG	R	2629
NC_045512.2	21353	G	T	7551	7367	36	2	2	37	0.000264795	7553	0.980506	FALSE	ORF1ab:cds-YP_009724389.1	AGG	R	ATG	M	2629
NC_045512.2	21355	A	T	6834	6661	36	1	1	25	0.000146306	6835	1	FALSE	ORF1ab:cds-YP_009724389.1	AAT	N	TAT	Y	2630
NC_045512.2	21356	A	G	6509	6374	35	3	3	33	0.000460617	6513	0.910232	FALSE	ORF1ab:cds-YP_009724389.1	AAT	N	AGT	S	2630
NC_045512.2	21356	A	C	6509	6374	35	1	1	37	0.000153539	6513	0.992192	FALSE	ORF1ab:cds-YP_009724389.1	AAT	N	ACT	T	2630
NC_045512.2	21357	T	C	6567	6418	36	2	2	37	0.00030446	6569	0.964902	FALSE	ORF1ab:cds-YP_009724389.1	AAT	N	AAC	N	2630
NC_045512.2	21359	C	T	7020	6875	37	2	2	37	0.000284819	7022	0.980509	FALSE	ORF1ab:cds-YP_009724389.1	ACA	T	ATA	I	2631
NC_045512.2	21361	A	T	6348	6248	36	1	0	29	0.000157505	6349	1	FALSE	ORF1ab:cds-YP_009724389.1	AAT	N	TAT	Y	2632
NC_045512.2	21362	A	T	6409	6328	36	1	1	37	0.000155982	6411	0.9922	FALSE	ORF1ab:cds-YP_009724389.1	AAT	N	ATT	I	2632
NC_045512.2	21362	A	G	6409	6328	36	1	1	37	0.000155982	6411	0.9922	FALSE	ORF1ab:cds-YP_009724389.1	AAT	N	AGT	S	2632
NC_045512.2	21363	T	C	6373	6297	36	2	2	37	0.000313725	6375	0.964904	FALSE	ORF1ab:cds-YP_009724389.1	AAT	N	AAC	N	2632
NC_045512.2	21364	C	T	6499	6424	36	2	2	37	0.000307645	6501	0.964903	FALSE	ORF1ab:cds-YP_009724389.1	CCA	P	TCA	S	2633
NC_045512.2	21365	C	T	5674	5603	36	1	1	37	0.000176211	5675	0.984404	FALSE	ORF1ab:cds-YP_009724389.1	CCA	P	CTA	L	2633
NC_045512.2	21366	A	G	4892	4822	36	1	1	37	0.000204374	4893	0.968798	FALSE	ORF1ab:cds-YP_009724389.1	CCA	P	CCG	P	2633
NC_045512.2	21367	A	G	4816	4746	36	1	1	25	0.000207598	4817	1	FALSE	ORF1ab:cds-YP_009724389.1	ATT	I	GTT	V	2634
NC_045512.2	21613	T	G	3089	94	36	3	3	37	0.000970246	3092	0.656478	FALSE	S:cds-YP_009724390.1	AAT	N	AAG	K	17
NC_045512.2	21615	T	G	3347	96	36	1	0	25	0.000298686	3348	1	FALSE	S:cds-YP_009724390.1	CTT	L	CGT	R	18
NC_045512.2	21618	C	T	1	0	37	3403	98	36	0.999706	3404	0	TRUE	S:cds-YP_009724390.1	ACA	T	ATA	I	19
NC_045512.2	21619	A	G	3490	99	36	1	0	37	0.000286451	3491	0.93759	FALSE	S:cds-YP_009724390.1	ACA	T	ACG	T	19
NC_045512.2	21621	C	A	3481	98	36	1	0	37	0.000287191	3482	0.93759	FALSE	S:cds-YP_009724390.1	ACC	T	AAC	N	20
NC_045512.2	21625	A	G	3487	100	36	1	0	37	0.000286697	3488	0.93759	FALSE	S:cds-YP_009724390.1	AGA	R	AGG	R	21
NC_045512.2	21627	C	T	3489	99	36	2	0	37	0.000572738	3492	0.81259	FALSE	S:cds-YP_009724390.1	ACT	T	ATT	I	22
NC_045512.2	21627	C	A	3489	99	36	1	0	25	0.000286369	3492	1	FALSE	S:cds-YP_009724390.1	ACT	T	AAT	N	22
NC_045512.2	21628	T	C	3502	97	36	1	0	37	0.00028547	3503	0.937589	FALSE	S:cds-YP_009724390.1	ACT	T	ACC	T	22
NC_045512.2	21630	A	G	3503	98	36	4	0	37	0.00114058	3507	0.500156	FALSE	S:cds-YP_009724390.1	CAA	Q	CGA	R	23
NC_045512.2	21631	A	G	3458	99	36	2	0	37	0.000578035	3460	0.812681	FALSE	S:cds-YP_009724390.1	CAA	Q	CAG	Q	23
NC_045512.2	21631	A	-TTACCCCCT	3458	99	36	13	0	20	0.00375723	3460	0.999497	FALSE	NA	NA	NA	NA	NA	NA
NC_045512.2	21632	T	-TACCCCCTG	3411	99	36	3411	0	20	0.999414	3413	0	TRUE	NA	NA	NA	NA	NA	NA
NC_045512.2	21640	T	A	0	0	0	1	0	37	1	1	0.00115674	TRUE	S:cds-YP_009724390.1	CCT	P	CCA	P	26
NC_045512.2	21641	G	T	0	0	0	78	0	37	0.975	80	6.98906e-158	TRUE	S:cds-YP_009724390.1	GCA	A	TCA	S	27
NC_045512.2	21641	G	C	0	0	0	2	0	31	0.025	80	1.60003e-06	TRUE	S:cds-YP_009724390.1	GCA	A	CCA	P	27
NC_045512.2	21644	T	G	4132	195	36	1	0	25	0.000241955	4133	1	FALSE	S:cds-YP_009724390.1	TAC	Y	GAC	D	28
NC_045512.2	21647	A	G	4476	203	37	1	0	37	0.000223264	4479	0.968767	FALSE	S:cds-YP_009724390.1	ACT	T	GCT	A	29
NC_045512.2	21647	A	C	4476	203	37	2	0	37	0.000446528	4479	0.890704	FALSE	S:cds-YP_009724390.1	ACT	T	CCT	P	29
NC_045512.2	21650	A	C	4381	205	36	2	0	31	0.000456308	4383	0.890759	FALSE	S:cds-YP_009724390.1	AAT	N	CAT	H	30
NC_045512.2	21651	A	G	4439	204	37	1	0	25	0.000225225	4440	1	FALSE	S:cds-YP_009724390.1	AAT	N	AGT	S	30
NC_045512.2	21652	T	C	4426	217	36	1	1	25	0.000225887	4427	1	FALSE	S:cds-YP_009724390.1	AAT	N	AAC	N	30
NC_045512.2	21656	T	A	4521	228	37	1	0	37	0.000221141	4522	0.968802	FALSE	S:cds-YP_009724390.1	TTC	F	ATC	I	32
NC_045512.2	21657	T	C	4644	274	37	1	0	37	0.000215285	4645	0.9688	FALSE	S:cds-YP_009724390.1	TTC	F	TCC	S	32
NC_045512.2	21658	C	T	4658	275	37	1	0	37	0.000214638	4659	0.9688	FALSE	S:cds-YP_009724390.1	TTC	F	TTT	F	32
NC_045512.2	21659	A	G	4668	272	37	1	0	37	0.000214179	4669	0.9688	FALSE	S:cds-YP_009724390.1	ACA	T	GCA	A	33
NC_045512.2	21660	C	T	4680	274	37	1	1	37	0.00021363	4681	0.9688	FALSE	S:cds-YP_009724390.1	ACA	T	ATA	I	33
NC_045512.2	21662	C	A	4747	376	38	1	0	37	0.000210615	4748	0.968799	FALSE	S:cds-YP_009724390.1	CGT	R	AGT	S	34
NC_045512.2	21663	G	A	4745	382	38	8	0	38	0.00168315	4753	0.193797	FALSE	S:cds-YP_009724390.1	CGT	R	CAT	H	34
NC_045512.2	21665	G	T	4773	382	38	2	0	37	0.000418673	4777	0.89065	FALSE	S:cds-YP_009724390.1	GGT	G	TGT	C	35
NC_045512.2	21665	G	A	4773	382	38	2	0	37	0.000418673	4777	0.89065	FALSE	S:cds-YP_009724390.1	GGT	G	AGT	S	35
NC_045512.2	21668	G	T	5254	481	39	1	0	25	0.000190259	5256	1	FALSE	S:cds-YP_009724390.1	GTT	V	TTT	F	36
NC_045512.2	21668	G	A	5254	481	39	1	0	37	0.000190259	5256	0.984397	FALSE	S:cds-YP_009724390.1	GTT	V	ATT	I	36
NC_045512.2	21669	T	G	4812	502	38	2	0	25	0.000415455	4814	1	FALSE	S:cds-YP_009724390.1	GTT	V	GGT	G	36
NC_045512.2	21670	T	G	5248	714	40	3	0	33	0.00057132	5251	0.855625	FALSE	S:cds-YP_009724390.1	GTT	V	GTG	V	36
NC_045512.2	21671	T	C	5470	719	41	1	0	37	0.000182782	5471	0.984405	FALSE	S:cds-YP_009724390.1	TAT	Y	CAT	H	37
NC_045512.2	21672	A	T	5640	854	42	1	0	37	0.000177274	5641	0.984404	FALSE	S:cds-YP_009724390.1	TAT	Y	TTT	F	37
NC_045512.2	21673	T	G	5642	848	41	1	1	25	0.000177211	5643	1	FALSE	S:cds-YP_009724390.1	TAT	Y	TAG	*	37
NC_045512.2	21674	T	G	5692	851	42	1	1	29	0.000175654	5693	1	FALSE	S:cds-YP_009724390.1	TAC	Y	GAC	D	38
NC_045512.2	21675	A	G	5693	868	42	1	0	74	0.000175623	5694	0.500044	FALSE	S:cds-YP_009724390.1	TAC	Y	TGC	C	38
NC_045512.2	21677	C	T	5596	875	42	1	0	37	0.000178667	5597	0.984404	FALSE	S:cds-YP_009724390.1	CCT	P	TCT	S	39
NC_045512.2	21678	C	G	5665	876	42	1	0	37	0.000176429	5668	0.984387	FALSE	S:cds-YP_009724390.1	CCT	P	CGT	R	39
NC_045512.2	21678	C	A	5665	876	42	2	0	31	0.000352858	5668	0.937558	FALSE	S:cds-YP_009724390.1	CCT	P	CAT	H	39
NC_045512.2	21680	G	T	5734	907	42	1	0	37	0.000174307	5737	0.984387	FALSE	S:cds-YP_009724390.1	GAC	D	TAC	Y	40
NC_045512.2	21680	G	A	5734	907	42	2	0	55	0.000348614	5737	0.249978	FALSE	S:cds-YP_009724390.1	GAC	D	AAC	N	40
NC_045512.2	21681	A	T	5728	913	42	2	1	27	0.00034904	5730	1	FALSE	S:cds-YP_009724390.1	GAC	D	GTC	V	40
NC_045512.2	21684	A	G	5655	915	42	1	0	37	0.000176803	5656	0.984404	FALSE	S:cds-YP_009724390.1	AAA	K	AGA	R	41
NC_045512.2	21685	A	G	5626	925	41	2	0	37	0.000355303	5629	0.937558	FALSE	S:cds-YP_009724390.1	AAA	K	AAG	K	41
NC_045512.2	21685	A	C	5626	925	41	1	0	37	0.000177651	5629	0.984387	FALSE	S:cds-YP_009724390.1	AAA	K	AAC	N	41
NC_045512.2	21687	T	G	5709	995	42	1	0	37	0.000175131	5710	0.984404	FALSE	S:cds-YP_009724390.1	GTT	V	GGT	G	42
NC_045512.2	21691	C	T	5880	1041	43	2	0	37	0.00034002	5882	0.937584	FALSE	S:cds-YP_009724390.1	TTC	F	TTT	F	43
NC_045512.2	21692	A	G	5888	1040	43	7	0	35	0.00118725	5896	0.38715	FALSE	S:cds-YP_009724390.1	AGA	R	GGA	G	44
NC_045512.2	21692	A	C	5888	1040	43	1	1	25	0.000169607	5896	1	FALSE	S:cds-YP_009724390.1	AGA	R	CGA	R	44
NC_045512.2	21693	G	A	5636	1009	43	1	0	37	0.000177399	5637	0.984404	FALSE	S:cds-YP_009724390.1	AGA	R	AAA	K	44
NC_045512.2	21694	A	G	5769	1108	44	1	0	37	0.00017331	5770	0.984403	FALSE	S:cds-YP_009724390.1	AGA	R	AGG	R	44
NC_045512.2	21696	C	A	5647	1164	44	1	0	37	0.000177054	5648	0.984404	FALSE	S:cds-YP_009724390.1	TCC	S	TAC	Y	45
NC_045512.2	21697	C	A	5589	1181	43	3	1	29	0.000536481	5592	1	FALSE	S:cds-YP_009724390.1	TCC	S	TCA	S	45
NC_045512.2	21699	C	T	5762	1187	44	1	0	37	0.000173521	5763	0.984403	FALSE	S:cds-YP_009724390.1	TCA	S	TTA	L	46
NC_045512.2	21700	A	G	5766	1194	44	1	1	37	0.00017337	5768	0.984395	FALSE	S:cds-YP_009724390.1	TCA	S	TCG	S	46
NC_045512.2	21700	A	C	5766	1194	44	1	0	25	0.00017337	5768	1	FALSE	S:cds-YP_009724390.1	TCA	S	TCC	S	46
NC_045512.2	21701	G	T	5908	1199	43	1	0	29	0.000169233	5909	1	FALSE	S:cds-YP_009724390.1	GTT	V	TTT	F	47
NC_045512.2	21703	T	A	5309	1419	42	1	0	25	0.000188324	5310	1	FALSE	S:cds-YP_009724390.1	GTT	V	GTA	V	47
NC_045512.2	21706	A	T	4807	1582	40	1	0	37	0.000207943	4809	0.968782	FALSE	S:cds-YP_009724390.1	TTA	L	TTT	F	48
NC_045512.2	21706	A	G	4807	1582	40	1	0	37	0.000207943	4809	0.968782	FALSE	S:cds-YP_009724390.1	TTA	L	TTG	L	48
NC_045512.2	21707	C	T	4862	1721	40	2	1	37	0.000411184	4864	0.890745	FALSE	S:cds-YP_009724390.1	CAT	H	TAT	Y	49
NC_045512.2	21710	T	C	4853	1715	40	2	1	37	0.000411946	4855	0.890746	FALSE	S:cds-YP_009724390.1	TCA	S	CCA	P	50
NC_045512.2	21711	C	T	4866	1748	40	1	0	37	0.000205465	4867	0.968798	FALSE	S:cds-YP_009724390.1	TCA	S	TTA	L	50
NC_045512.2	21712	A	G	4885	1757	40	1	1	37	0.000204583	4888	0.968766	FALSE	S:cds-YP_009724390.1	TCA	S	TCG	S	50
NC_045512.2	21712	A	C	4885	1757	40	2	2	25	0.000409165	4888	1	FALSE	S:cds-YP_009724390.1	TCA	S	TCC	S	50
NC_045512.2	21714	C	-TCAGGACTTGT	5168	1894	40	1	0	20	0.000193498	5168	1	FALSE	NA	NA	NA	NA	NA	NA
NC_045512.2	21715	T	C	5170	1878	40	1	1	37	0.000193349	5172	0.984389	FALSE	S:cds-YP_009724390.1	ACT	T	ACC	T	51
NC_045512.2	21715	T	A	5170	1878	40	1	1	25	0.000193349	5172	1	FALSE	S:cds-YP_009724390.1	ACT	T	ACA	T	51
NC_045512.2	21717	A	C	4834	2020	39	1	1	20	0.000206825	4835	1	FALSE	S:cds-YP_009724390.1	CAG	Q	CCG	P	52
NC_045512.2	21720	A	T	5030	2100	39	1	0	37	0.000198768	5031	0.984398	FALSE	S:cds-YP_009724390.1	GAC	D	GTC	V	53
NC_045512.2	21722	T	G	4931	2122	38	2	0	25	0.000405186	4936	1	FALSE	S:cds-YP_009724390.1	TTG	L	GTG	V	54
NC_045512.2	21722	T	C	4931	2122	38	2	1	49	0.000405186	4936	0.249823	FALSE	S:cds-YP_009724390.1	TTG	L	CTG	L	54
NC_045512.2	21722	T	A	4931	2122	38	1	0	37	0.000202593	4936	0.968718	FALSE	S:cds-YP_009724390.1	TTG	L	ATG	M	54
NC_045512.2	21723	T	C	5055	2149	39	2	2	31	0.000395413	5058	0.937532	FALSE	S:cds-YP_009724390.1	TTG	L	TCG	S	54
NC_045512.2	21723	T	A	5055	2149	39	1	1	37	0.000197707	5058	0.98438	FALSE	S:cds-YP_009724390.1	TTG	L	TAG	*	54
NC_045512.2	21724	G	A	5202	2199	39	1	0	25	0.000192197	5203	1	FALSE	S:cds-YP_009724390.1	TTG	L	TTA	L	54
NC_045512.2	21724	G	-T	5202	2199	39	1	0	20	0.00019216	5204	1	FALSE	NA	NA	NA	NA	NA	NA
NC_045512.2	21725	T	G	5018	2227	38	7	0	25	0.00139303	5025	1	FALSE	S:cds-YP_009724390.1	TTC	F	GTC	V	55
NC_045512.2	21726	T	G	5100	2223	38	2	0	27	0.000391926	5103	1	FALSE	S:cds-YP_009724390.1	TTC	F	TGC	C	55
NC_045512.2	21726	T	C	5100	2223	38	1	0	37	0.000195963	5103	0.984389	FALSE	S:cds-YP_009724390.1	TTC	F	TCC	S	55
NC_045512.2	21727	C	T	5148	2258	38	1	1	37	0.000194212	5149	0.984407	FALSE	S:cds-YP_009724390.1	TTC	F	TTT	F	55
NC_045512.2	21728	T	G	5104	2156	38	3	3	31	0.000587199	5109	0.855501	FALSE	S:cds-YP_009724390.1	TTA	L	GTA	V	56
NC_045512.2	21728	T	C	5104	2156	38	2	0	36	0.000391466	5109	0.9375	FALSE	S:cds-YP_009724390.1	TTA	L	CTA	L	56
NC_045512.2	21730	A	C	5111	2242	38	1	0	25	0.000195618	5112	1	FALSE	S:cds-YP_009724390.1	TTA	L	TTC	F	56
NC_045512.2	21731	C	T	4979	2268	38	1	1	37	0.000200763	4981	0.968781	FALSE	S:cds-YP_009724390.1	CCT	P	TCT	S	57
NC_045512.2	21731	C	A	4979	2268	38	1	0	37	0.000200763	4981	0.968781	FALSE	S:cds-YP_009724390.1	CCT	P	ACT	T	57
NC_045512.2	21732	C	T	4998	2277	38	1	0	74	0.00020004	4999	0.50005	FALSE	S:cds-YP_009724390.1	CCT	P	CTT	L	57
NC_045512.2	21732	C	-T	4998	2277	38	1	0	20	0.00020004	4999	1	FALSE	NA	NA	NA	NA	NA	NA
NC_045512.2	21733	T	C	4924	2099	38	2	1	55	0.000406009	4926	0.249975	FALSE	S:cds-YP_009724390.1	CCT	P	CCC	P	57
NC_045512.2	21735	T	C	4929	2173	38	1	0	37	0.000202758	4932	0.968766	FALSE	S:cds-YP_009724390.1	TTC	F	TCC	S	58
NC_045512.2	21735	T	A	4929	2173	38	2	1	31	0.000405515	4932	0.890696	FALSE	S:cds-YP_009724390.1	TTC	F	TAC	Y	58
NC_045512.2	21736	C	A	4966	2264	38	2	1	31	0.000402576	4968	0.890743	FALSE	S:cds-YP_009724390.1	TTC	F	TTA	L	58
NC_045512.2	21737	T	C	4901	2166	38	1	0	37	0.000203915	4904	0.968766	FALSE	S:cds-YP_009724390.1	TTT	F	CTT	L	59
NC_045512.2	21737	T	A	4901	2166	38	2	2	55	0.00040783	4904	0.249975	FALSE	S:cds-YP_009724390.1	TTT	F	ATT	I	59
NC_045512.2	21739	T	G	4833	2184	38	2	2	25	0.00041365	4835	1	FALSE	S:cds-YP_009724390.1	TTT	F	TTG	L	59
NC_045512.2	21740	T	C	4904	2281	38	3	1	37	0.000611372	4907	0.773605	FALSE	S:cds-YP_009724390.1	TCC	S	CCC	P	60
NC_045512.2	21742	C	A	4586	2367	37	1	1	25	0.000218007	4587	1	FALSE	S:cds-YP_009724390.1	TCC	S	TCA	S	60
NC_045512.2	21743	A	G	4582	2282	37	1	0	25	0.000218198	4583	1	FALSE	S:cds-YP_009724390.1	AAT	N	GAT	D	61
NC_045512.2	21744	A	G	4491	2188	37	1	0	37	0.000222469	4495	0.96875	FALSE	S:cds-YP_009724390.1	AAT	N	AGT	S	61
NC_045512.2	21744	A	C	4491	2188	37	3	3	25	0.000667408	4495	1	FALSE	S:cds-YP_009724390.1	AAT	N	ACT	T	61
NC_045512.2	21745	T	C	4552	2312	37	1	1	37	0.000219635	4553	0.968801	FALSE	S:cds-YP_009724390.1	AAT	N	AAC	N	61
NC_045512.2	21746	G	A	4668	2347	37	1	0	37	0.000214179	4669	0.9688	FALSE	S:cds-YP_009724390.1	GTT	V	ATT	I	62
NC_045512.2	21747	T	G	4270	2217	36	2	2	25	0.000468055	4273	1	FALSE	S:cds-YP_009724390.1	GTT	V	GGT	G	62
NC_045512.2	21747	T	C	4270	2217	36	1	0	37	0.000234028	4273	0.968768	FALSE	S:cds-YP_009724390.1	GTT	V	GCT	A	62
NC_045512.2	21748	T	A	4475	2372	37	1	0	37	0.000223414	4476	0.968802	FALSE	S:cds-YP_009724390.1	GTT	V	GTA	V	62
NC_045512.2	21750	C	T	4528	2392	37	1	0	37	0.000220751	4530	0.968784	FALSE	S:cds-YP_009724390.1	ACT	T	ATT	I	63
NC_045512.2	21750	C	A	4528	2392	37	1	0	25	0.000220751	4530	1	FALSE	S:cds-YP_009724390.1	ACT	T	AAT	N	63
NC_045512.2	21752	T	A	4609	2414	37	1	0	20	0.00021692	4610	1	FALSE	S:cds-YP_009724390.1	TGG	W	AGG	R	64
NC_045512.2	21753	G	T	4660	2478	37	1	1	25	0.000214546	4661	1	FALSE	S:cds-YP_009724390.1	TGG	W	TTG	L	64
NC_045512.2	21754	G	T	4905	2491	37	1	1	37	0.000203832	4906	0.968798	FALSE	S:cds-YP_009724390.1	TGG	W	TGT	C	64
NC_045512.2	21755	T	G	4582	2177	36	5	5	25	0.0010898	4588	1	FALSE	S:cds-YP_009724390.1	TTC	F	GTC	V	65
NC_045512.2	21755	T	C	4582	2177	36	1	1	37	0.00021796	4588	0.968716	FALSE	S:cds-YP_009724390.1	TTC	F	CTC	L	65
NC_045512.2	21757	C	T	4934	2560	37	1	1	37	0.000202634	4935	0.968797	FALSE	S:cds-YP_009724390.1	TTC	F	TTT	F	65
NC_045512.2	21759	A	G	4958	2429	37	3	1	37	0.000604717	4961	0.773603	FALSE	S:cds-YP_009724390.1	CAT	H	CGT	R	66
NC_045512.2	21760	T	G	4995	2453	37	1	1	37	0.00020008	4998	0.968766	FALSE	S:cds-YP_009724390.1	CAT	H	CAG	Q	66
NC_045512.2	21760	T	C	4995	2453	37	1	0	37	0.00020008	4998	0.968766	FALSE	S:cds-YP_009724390.1	CAT	H	CAC	H	66
NC_045512.2	21760	T	A	4995	2453	37	1	1	37	0.00020008	4998	0.968766	FALSE	S:cds-YP_009724390.1	CAT	H	CAA	Q	66
NC_045512.2	21761	G	T	5482	3015	38	1	1	25	0.000182349	5484	1	FALSE	S:cds-YP_009724390.1	GCT	A	TCT	S	67
NC_045512.2	21761	G	A	5482	3015	38	1	0	37	0.000182349	5484	0.984396	FALSE	S:cds-YP_009724390.1	GCT	A	ACT	T	67
NC_045512.2	21762	C	T	5663	3055	38	5	5	37	0.00088199	5669	0.623101	FALSE	S:cds-YP_009724390.1	GCT	A	GTT	V	67
NC_045512.2	21762	C	A	5663	3055	38	1	1	37	0.000176398	5669	0.984363	FALSE	S:cds-YP_009724390.1	GCT	A	GAT	D	67
NC_045512.2	21763	T	C	5521	2811	38	1	1	37	0.000181094	5522	0.984405	FALSE	S:cds-YP_009724390.1	GCT	A	GCC	A	67
NC_045512.2	21764	A	T	5709	2849	38	1	0	37	0.00017507	5712	0.984387	FALSE	S:cds-YP_009724390.1	ATA	I	TTA	L	68
NC_045512.2	21764	A	C	5709	2849	38	2	0	25	0.00035014	5712	1	FALSE	S:cds-YP_009724390.1	ATA	I	CTA	L	68
NC_045512.2	21766	A	C	5775	2709	38	5	5	25	0.000865052	5780	1	FALSE	S:cds-YP_009724390.1	ATA	I	ATC	I	68
NC_045512.2	21769	T	C	5675	3022	38	2	1	55	0.000352299	5677	0.250022	FALSE	S:cds-YP_009724390.1	CAT	H	CAC	H	69
NC_045512.2	21771	T	C	5168	2783	38	1	0	37	0.000193461	5169	0.984407	FALSE	S:cds-YP_009724390.1	GTC	V	GCC	A	70
NC_045512.2	21772	C	T	5175	2797	38	1	1	37	0.000193199	5176	0.984407	FALSE	S:cds-YP_009724390.1	GTC	V	GTT	V	70
NC_045512.2	21773	T	G	4938	2534	38	1	0	29	0.00020247	4939	1	FALSE	S:cds-YP_009724390.1	TCT	S	GCT	A	71
NC_045512.2	21774	C	A	4992	2579	38	1	1	29	0.00020028	4993	1	FALSE	S:cds-YP_009724390.1	TCT	S	TAT	Y	71
NC_045512.2	21775	T	G	4922	2499	38	1	1	25	0.000203087	4924	1	FALSE	S:cds-YP_009724390.1	TCT	S	TCG	S	71
NC_045512.2	21775	T	A	4922	2499	38	1	1	37	0.000203087	4924	0.968782	FALSE	S:cds-YP_009724390.1	TCT	S	TCA	S	71
NC_045512.2	21776	G	A	4986	2577	38	3	1	37	0.000601323	4989	0.773602	FALSE	S:cds-YP_009724390.1	GGG	G	AGG	R	72
NC_045512.2	21779	A	T	5075	2596	38	1	1	37	0.000197006	5076	0.984407	FALSE	S:cds-YP_009724390.1	ACC	T	TCC	S	73
NC_045512.2	21781	C	T	5011	2553	38	2	2	55	0.000398963	5013	0.250025	FALSE	S:cds-YP_009724390.1	ACC	T	ACT	T	73
NC_045512.2	21782	A	T	5098	2580	38	1	1	37	0.000196078	5100	0.984398	FALSE	S:cds-YP_009724390.1	AAT	N	TAT	Y	74
NC_045512.2	21782	A	G	5098	2580	38	1	1	37	0.000196078	5100	0.984398	FALSE	S:cds-YP_009724390.1	AAT	N	GAT	D	74
NC_045512.2	21783	A	G	5054	2551	38	1	1	37	0.000197824	5055	0.984407	FALSE	S:cds-YP_009724390.1	AAT	N	AGT	S	74
NC_045512.2	21784	T	-G	5082	2591	38	1	0	20	0.000196773	5082	1	FALSE	NA	NA	NA	NA	NA	NA
NC_045512.2	21785	G	A	5085	2590	38	1	0	37	0.000196618	5086	0.984398	FALSE	S:cds-YP_009724390.1	GGT	G	AGT	S	75
NC_045512.2	21786	G	A	5193	2598	38	1	1	37	0.00019253	5194	0.984407	FALSE	S:cds-YP_009724390.1	GGT	G	GAT	D	75
NC_045512.2	21788	A	G	4993	2510	38	1	1	37	0.0002002	4995	0.968781	FALSE	S:cds-YP_009724390.1	ACT	T	GCT	A	76
NC_045512.2	21788	A	C	4993	2510	38	1	0	25	0.0002002	4995	1	FALSE	S:cds-YP_009724390.1	ACT	T	CCT	P	76
NC_045512.2	21790	T	C	5024	2483	38	2	0	37	0.000397931	5026	0.937598	FALSE	S:cds-YP_009724390.1	ACT	T	ACC	T	76
NC_045512.2	21790	T	-A	5024	2483	38	1	0	20	0.000198965	5026	1	FALSE	NA	NA	NA	NA	NA	NA
NC_045512.2	21792	A	G	4924	2393	38	2	2	37	0.000406009	4926	0.890744	FALSE	S:cds-YP_009724390.1	AAG	K	AGG	R	77
NC_045512.2	21794	A	G	4933	2432	38	1	1	74	0.000202675	4934	0.500051	FALSE	S:cds-YP_009724390.1	AGG	R	GGG	G	78
NC_045512.2	21796	G	T	4976	2476	39	1	1	37	0.000200924	4977	0.968797	FALSE	S:cds-YP_009724390.1	AGG	R	AGT	S	78
NC_045512.2	21797	T	C	4815	2442	38	1	1	37	0.000207641	4816	0.968799	FALSE	S:cds-YP_009724390.1	TTT	F	CTT	L	79
NC_045512.2	21800	G	A	4988	2474	39	3	1	40	0.000601082	4991	0.125	FALSE	S:cds-YP_009724390.1	GAT	D	AAT	N	80
NC_045512.2	21801	A	G	4928	2471	39	2	1	37	0.00040568	4930	0.890744	FALSE	S:cds-YP_009724390.1	GAT	D	GGT	G	80
NC_045512.2	21802	T	C	4867	2487	39	1	0	74	0.000205423	4868	0.500051	FALSE	S:cds-YP_009724390.1	GAT	D	GAC	D	80
NC_045512.2	21803	A	G	4831	2484	38	4	3	37	0.000827301	4835	0.636888	FALSE	S:cds-YP_009724390.1	AAC	N	GAC	D	81
NC_045512.2	21804	A	G	4773	2406	38	5	1	44	0.00104646	4778	0.0312336	FALSE	S:cds-YP_009724390.1	AAC	N	AGC	S	81
NC_045512.2	21805	C	T	4825	2494	39	1	1	37	0.000207168	4827	0.968782	FALSE	S:cds-YP_009724390.1	AAC	N	AAT	N	81
NC_045512.2	21805	C	G	4825	2494	39	1	1	37	0.000207168	4827	0.968782	FALSE	S:cds-YP_009724390.1	AAC	N	AAG	K	81
NC_045512.2	21807	C	A	4823	2493	39	1	1	37	0.000207297	4824	0.968799	FALSE	S:cds-YP_009724390.1	CCT	P	CAT	H	82
NC_045512.2	21807	C	-T	4823	2493	39	1	0	20	0.000207297	4824	1	FALSE	NA	NA	NA	NA	NA	NA
NC_045512.2	21808	T	G	4663	2303	38	2	2	27	0.000428357	4669	1	FALSE	S:cds-YP_009724390.1	CCT	P	CCG	P	82
NC_045512.2	21808	T	C	4663	2303	38	3	1	49	0.000642536	4669	0.124839	FALSE	S:cds-YP_009724390.1	CCT	P	CCC	P	82
NC_045512.2	21808	T	A	4663	2303	38	1	0	37	0.000214179	4669	0.9687	FALSE	S:cds-YP_009724390.1	CCT	P	CCA	P	82
NC_045512.2	21810	T	C	6	2	41	5021	2745	40	0.998806	5027	0	TRUE	S:cds-YP_009724390.1	GTC	V	GCC	A	83
NC_045512.2	21812	C	A	5065	2824	40	7	1	38	0.00138013	5072	0.387274	FALSE	S:cds-YP_009724390.1	CTA	L	ATA	I	84
NC_045512.2	21813	T	G	4842	2577	39	3	3	30	0.000619195	4845	0.773607	FALSE	S:cds-YP_009724390.1	CTA	L	CGA	R	84
NC_045512.2	21814	A	G	4790	2732	39	1	1	37	0.000208725	4791	0.968799	FALSE	S:cds-YP_009724390.1	CTA	L	CTG	L	84
NC_045512.2	21816	C	A	5030	3018	40	2	1	25	0.000397456	5032	1	FALSE	S:cds-YP_009724390.1	CCA	P	CAA	Q	85
NC_045512.2	21817	A	C	5109	3090	40	1	0	25	0.000195695	5110	1	FALSE	S:cds-YP_009724390.1	CCA	P	CCC	P	85
NC_045512.2	21818	T	G	4973	3005	40	1	0	25	0.000201045	4974	1	FALSE	S:cds-YP_009724390.1	TTT	F	GTT	V	86
NC_045512.2	21819	T	G	4913	3022	40	1	0	25	0.0002035	4914	1	FALSE	S:cds-YP_009724390.1	TTT	F	TGT	C	86
NC_045512.2	21820	T	C	4969	3128	40	2	1	37	0.000402334	4971	0.890743	FALSE	S:cds-YP_009724390.1	TTT	F	TTC	F	86
NC_045512.2	21821	A	T	4956	3115	40	1	1	37	0.000201654	4959	0.968766	FALSE	S:cds-YP_009724390.1	AAT	N	TAT	Y	87
NC_045512.2	21821	A	G	4956	3115	40	1	0	25	0.000201654	4959	1	FALSE	S:cds-YP_009724390.1	AAT	N	GAT	D	87
NC_045512.2	21821	A	C	4956	3115	40	1	0	25	0.000201654	4959	1	FALSE	S:cds-YP_009724390.1	AAT	N	CAT	H	87
NC_045512.2	21825	A	G	4615	3049	39	1	1	37	0.000216591	4617	0.968784	FALSE	S:cds-YP_009724390.1	GAT	D	GGT	G	88
NC_045512.2	21825	A	C	4615	3049	39	1	1	25	0.000216591	4617	1	FALSE	S:cds-YP_009724390.1	GAT	D	GCT	A	88
NC_045512.2	21826	T	G	4519	3069	39	7	2	30	0.00154662	4526	0.274414	FALSE	S:cds-YP_009724390.1	GAT	D	GAG	E	88
NC_045512.2	21827	G	C	4666	3043	39	1	1	74	0.00021427	4667	0.500054	FALSE	S:cds-YP_009724390.1	GGT	G	CGT	R	89
NC_045512.2	21829	T	G	4733	3185	40	1	0	25	0.000211193	4735	1	FALSE	S:cds-YP_009724390.1	GGT	G	GGG	G	89
NC_045512.2	21829	T	C	4733	3185	40	1	0	37	0.000211193	4735	0.968783	FALSE	S:cds-YP_009724390.1	GGT	G	GGC	G	89
NC_045512.2	21830	G	T	4815	3184	40	1	1	37	0.000207555	4818	0.968766	FALSE	S:cds-YP_009724390.1	GTT	V	TTT	F	90
NC_045512.2	21830	G	A	4815	3184	40	2	2	37	0.00041511	4818	0.890698	FALSE	S:cds-YP_009724390.1	GTT	V	ATT	I	90
NC_045512.2	21831	T	C	4695	3140	39	1	0	37	0.000212947	4696	0.9688	FALSE	S:cds-YP_009724390.1	GTT	V	GCT	A	90
NC_045512.2	21833	T	C	4807	3206	40	1	1	37	0.000207987	4808	0.968799	FALSE	S:cds-YP_009724390.1	TAT	Y	CAT	H	91
NC_045512.2	21834	A	T	4725	3135	40	1	1	37	0.000211551	4727	0.968783	FALSE	S:cds-YP_009724390.1	TAT	Y	TTT	F	91
NC_045512.2	21834	A	C	4725	3135	40	1	1	37	0.000211551	4727	0.968783	FALSE	S:cds-YP_009724390.1	TAT	Y	TCT	S	91
NC_045512.2	21834	A	-T	4725	3135	40	1	0	20	0.000211551	4727	1	FALSE	NA	NA	NA	NA	NA	NA
NC_045512.2	21837	T	G	4643	3072	39	5	5	27	0.00107573	4648	1	FALSE	S:cds-YP_009724390.1	TTT	F	TGT	C	92
NC_045512.2	21838	T	G	5486	4115	42	2	2	31	0.000364365	5489	0.93756	FALSE	S:cds-YP_009724390.1	TTT	F	TTG	L	92
NC_045512.2	21838	T	C	5486	4115	42	1	1	37	0.000182183	5489	0.984388	FALSE	S:cds-YP_009724390.1	TTT	F	TTC	F	92
NC_045512.2	21839	G	C	5602	4304	43	1	0	37	0.000178348	5607	0.984371	FALSE	S:cds-YP_009724390.1	GCT	A	CCT	P	93
NC_045512.2	21839	G	A	5602	4304	43	4	2	52	0.000713394	5607	0.0624666	FALSE	S:cds-YP_009724390.1	GCT	A	ACT	T	93
NC_045512.2	21840	C	T	5659	4382	42	3	3	37	0.000529755	5663	0.855556	FALSE	S:cds-YP_009724390.1	GCT	A	GTT	V	93
NC_045512.2	21840	C	A	5659	4382	42	1	1	25	0.000176585	5663	1	FALSE	S:cds-YP_009724390.1	GCT	A	GAT	D	93
NC_045512.2	21841	T	G	5427	4140	42	10	10	29	0.00183891	5438	1	FALSE	S:cds-YP_009724390.1	GCT	A	GCG	A	93
NC_045512.2	21841	T	C	5427	4140	42	1	1	22	0.000183891	5438	1	FALSE	S:cds-YP_009724390.1	GCT	A	GCC	A	93
NC_045512.2	21843	C	A	5808	4557	43	1	1	37	0.000172147	5809	0.984403	FALSE	S:cds-YP_009724390.1	TCC	S	TAC	Y	94
NC_045512.2	21844	C	A	5843	4586	43	1	1	74	0.000171116	5844	0.500043	FALSE	S:cds-YP_009724390.1	TCC	S	TCA	S	94
NC_045512.2	21845	A	C	5661	4427	42	1	1	25	0.000176616	5662	1	FALSE	S:cds-YP_009724390.1	ACT	T	CCT	P	95
NC_045512.2	21846	C	T	5816	4588	43	2	2	37	0.000343761	5818	0.937585	FALSE	S:cds-YP_009724390.1	ACT	T	ATT	I	95
NC_045512.2	21847	T	G	5674	4464	42	1	0	25	0.000176211	5675	1	FALSE	S:cds-YP_009724390.1	ACT	T	ACG	T	95
NC_045512.2	21848	G	A	5775	4549	43	1	1	62	0.00017313	5776	0.500043	FALSE	S:cds-YP_009724390.1	GAG	E	AAG	K	96
NC_045512.2	21851	A	T	5725	4570	42	2	2	37	0.000349223	5727	0.937586	FALSE	S:cds-YP_009724390.1	AAG	K	TAG	*	97
NC_045512.2	21852	A	C	5600	4454	42	1	0	25	0.00017854	5601	1	FALSE	S:cds-YP_009724390.1	AAG	K	ACG	T	97
NC_045512.2	21854	T	C	5611	4481	42	3	2	33	0.000534378	5614	0.855615	FALSE	S:cds-YP_009724390.1	TCT	S	CCT	P	98
NC_045512.2	21856	T	C	5514	4511	42	4	3	34	0.0007249	5518	0.746272	FALSE	S:cds-YP_009724390.1	TCT	S	TCC	S	98
NC_045512.2	21857	A	G	5454	4461	42	1	1	37	0.000183284	5456	0.984396	FALSE	S:cds-YP_009724390.1	AAC	N	GAC	D	99
NC_045512.2	21857	A	C	5454	4461	42	1	0	37	0.000183284	5456	0.984396	FALSE	S:cds-YP_009724390.1	AAC	N	CAC	H	99
NC_045512.2	21858	A	T	5386	4400	41	1	1	37	0.000185563	5389	0.984388	FALSE	S:cds-YP_009724390.1	AAC	N	ATC	I	99
NC_045512.2	21858	A	G	5386	4400	41	1	1	37	0.000185563	5389	0.984388	FALSE	S:cds-YP_009724390.1	AAC	N	AGC	S	99
NC_045512.2	21858	A	C	5386	4400	41	1	1	25	0.000185563	5389	1	FALSE	S:cds-YP_009724390.1	AAC	N	ACC	T	99
NC_045512.2	21860	A	C	5179	4299	41	3	3	26	0.000578927	5182	1	FALSE	S:cds-YP_009724390.1	ATA	I	CTA	L	100
NC_045512.2	21861	T	G	5109	4243	41	1	1	25	0.000195656	5111	1	FALSE	S:cds-YP_009724390.1	ATA	I	AGA	R	100
NC_045512.2	21861	T	C	5109	4243	41	1	1	37	0.000195656	5111	0.984398	FALSE	S:cds-YP_009724390.1	ATA	I	ACA	T	100
NC_045512.2	21862	A	G	4688	3846	41	1	0	37	0.000213129	4692	0.96875	FALSE	S:cds-YP_009724390.1	ATA	I	ATG	M	100
NC_045512.2	21862	A	C	4688	3846	41	3	0	37	0.000639386	4692	0.773525	FALSE	S:cds-YP_009724390.1	ATA	I	ATC	I	100
NC_045512.2	21864	T	C	4646	4010	40	1	1	37	0.000215146	4648	0.968784	FALSE	S:cds-YP_009724390.1	ATA	I	ACA	T	101
NC_045512.2	21864	T	A	4646	4010	40	1	0	20	0.000215146	4648	1	FALSE	S:cds-YP_009724390.1	ATA	I	AAA	K	101
NC_045512.2	21865	A	T	4475	4007	38	1	1	25	0.000223364	4477	1	FALSE	S:cds-YP_009724390.1	ATA	I	ATT	I	101
NC_045512.2	21865	A	G	4475	4007	38	1	1	37	0.000223364	4477	0.968785	FALSE	S:cds-YP_009724390.1	ATA	I	ATG	M	101
NC_045512.2	21866	A	G	4473	4012	38	1	1	74	0.000223514	4474	0.500056	FALSE	S:cds-YP_009724390.1	AGA	R	GGA	G	102
NC_045512.2	21868	A	T	4143	3697	38	1	1	74	0.000241255	4145	0.5	FALSE	S:cds-YP_009724390.1	AGA	R	AGT	S	102
NC_045512.2	21868	A	G	4143	3697	38	1	1	37	0.000241255	4145	0.968788	FALSE	S:cds-YP_009724390.1	AGA	R	AGG	R	102
NC_045512.2	21870	G	A	4090	3657	38	2	1	55	0.000488759	4092	0.250031	FALSE	S:cds-YP_009724390.1	GGC	G	GAC	D	103
NC_045512.2	21871	C	T	4049	3634	38	2	1	42	0.000493705	4051	0.250031	FALSE	S:cds-YP_009724390.1	GGC	G	GGT	G	103
NC_045512.2	21872	T	C	4075	3662	38	2	2	37	0.000490557	4077	0.890769	FALSE	S:cds-YP_009724390.1	TGG	W	CGG	R	104
NC_045512.2	21874	G	T	4058	3655	38	1	0	25	0.000246366	4059	1	FALSE	S:cds-YP_009724390.1	TGG	W	TGT	C	104
NC_045512.2	21875	A	-T	4069	3672	38	2	0	20	0.000491521	4069	1	FALSE	NA	NA	NA	NA	NA	NA
NC_045512.2	21875	A	+T	4069	3672	38	5	0	20	0.0012288	4069	1	FALSE	NA	NA	NA	NA	NA	NA
NC_045512.2	21879	T	C	4020	3655	38	1	1	37	0.000248694	4021	0.968808	FALSE	S:cds-YP_009724390.1	TTT	F	TCT	S	106
NC_045512.2	21880	T	G	4004	3640	38	1	1	25	0.000249688	4005	1	FALSE	S:cds-YP_009724390.1	TTT	F	TTG	L	106
NC_045512.2	21883	T	G	3894	3577	38	1	0	25	0.000256608	3897	1	FALSE	S:cds-YP_009724390.1	GGT	G	GGG	G	107
NC_045512.2	21883	T	C	3894	3577	38	2	2	49	0.000513215	3897	0.249968	FALSE	S:cds-YP_009724390.1	GGT	G	GGC	G	107
NC_045512.2	21884	A	G	3886	3578	37	1	1	37	0.000257202	3888	0.937548	FALSE	S:cds-YP_009724390.1	ACT	T	GCT	A	108
NC_045512.2	21884	A	C	3886	3578	37	1	0	29	0.000257202	3888	1	FALSE	S:cds-YP_009724390.1	ACT	T	CCT	P	108
NC_045512.2	21885	C	T	3905	3593	38	1	1	37	0.000255885	3908	0.937516	FALSE	S:cds-YP_009724390.1	ACT	T	ATT	I	108
NC_045512.2	21885	C	G	3905	3593	38	1	1	37	0.000255885	3908	0.937516	FALSE	S:cds-YP_009724390.1	ACT	T	AGT	S	108
NC_045512.2	21885	C	A	3905	3593	38	1	1	37	0.000255885	3908	0.937516	FALSE	S:cds-YP_009724390.1	ACT	T	AAT	N	108
NC_045512.2	21886	T	C	3898	3589	38	1	1	37	0.000256476	3899	0.93758	FALSE	S:cds-YP_009724390.1	ACT	T	ACC	T	108
NC_045512.2	21889	T	G	3781	3584	37	1	1	37	0.00026441	3782	0.937583	FALSE	S:cds-YP_009724390.1	ACT	T	ACG	T	109
NC_045512.2	21890	T	C	3754	3563	37	1	1	37	0.000266312	3755	0.937583	FALSE	S:cds-YP_009724390.1	TTA	L	CTA	L	110
NC_045512.2	21892	A	C	3683	3479	37	1	1	37	0.000271444	3684	0.937585	FALSE	S:cds-YP_009724390.1	TTA	L	TTC	F	110
NC_045512.2	21893	G	T	3710	3511	37	1	1	37	0.000269324	3713	0.937517	FALSE	S:cds-YP_009724390.1	GAT	D	TAT	Y	111
NC_045512.2	21893	G	A	3710	3511	37	2	2	31	0.000538648	3713	0.812584	FALSE	S:cds-YP_009724390.1	GAT	D	AAT	N	111
NC_045512.2	21894	A	T	3740	3539	37	1	1	37	0.000267308	3741	0.937584	FALSE	S:cds-YP_009724390.1	GAT	D	GTT	V	111
NC_045512.2	21895	T	G	3595	3404	37	1	0	25	0.000277855	3599	1	FALSE	S:cds-YP_009724390.1	GAT	D	GAG	E	111
NC_045512.2	21895	T	C	3595	3404	37	3	3	37	0.000833565	3599	0.656315	FALSE	S:cds-YP_009724390.1	GAT	D	GAC	D	111
NC_045512.2	21898	G	A	3375	3209	37	1	1	37	0.000296209	3376	0.937593	FALSE	S:cds-YP_009724390.1	TCG	S	TCA	S	112
NC_045512.2	21899	A	C	3496	3102	36	1	1	25	0.000285959	3497	1	FALSE	S:cds-YP_009724390.1	AAG	K	CAG	Q	113
NC_045512.2	21900	A	C	3410	3038	36	2	2	25	0.000586166	3412	1	FALSE	S:cds-YP_009724390.1	AAG	K	ACG	T	113
NC_045512.2	21901	G	A	3576	3167	36	1	1	37	0.000279564	3577	0.937587	FALSE	S:cds-YP_009724390.1	AAG	K	AAA	K	113
NC_045512.2	21904	C	T	3719	3185	37	1	1	37	0.000268817	3720	0.937584	FALSE	S:cds-YP_009724390.1	ACC	T	ACT	T	114
NC_045512.2	21912	T	C	3164	2597	36	1	1	37	0.000315956	3165	0.937599	FALSE	S:cds-YP_009724390.1	CTA	L	CCA	P	117
NC_045512.2	21915	T	G	2895	2355	36	2	1	25	0.000690369	2897	1	FALSE	S:cds-YP_009724390.1	CTT	L	CGT	R	118
NC_045512.2	21922	T	C	2559	1967	36	2	2	37	0.000780945	2561	0.68772	FALSE	S:cds-YP_009724390.1	GTT	V	GTC	V	120
NC_045512.2	21923	A	G	2529	1943	36	1	1	37	0.000395257	2530	0.875148	FALSE	S:cds-YP_009724390.1	AAT	N	GAT	D	121
NC_045512.2	21929	G	A	587	7	36	1	0	37	0.00170068	588	0.500426	FALSE	S:cds-YP_009724390.1	GCT	A	ACT	T	123
NC_045512.2	21936	A	T	841	20	36	1	0	25	0.00118765	842	0.998099	FALSE	S:cds-YP_009724390.1	AAT	N	ATT	I	125
NC_045512.2	21937	T	G	825	23	36	1	0	37	0.00121065	826	0.500303	FALSE	S:cds-YP_009724390.1	AAT	N	AAG	K	125
NC_045512.2	21939	T	G	784	28	36	3	0	29	0.00381194	787	0.946094	FALSE	S:cds-YP_009724390.1	GTT	V	GGT	G	126
NC_045512.2	21942	T	C	912	75	38	1	0	37	0.00109529	913	0.500274	FALSE	S:cds-YP_009724390.1	GTT	V	GCT	A	127
NC_045512.2	21952	C	A	996	95	39	1	0	37	0.00100301	997	0.500251	FALSE	S:cds-YP_009724390.1	GTC	V	GTA	V	130
NC_045512.2	21953	T	A	953	95	39	1	0	25	0.00104822	954	0.999051	FALSE	S:cds-YP_009724390.1	TGT	C	AGT	S	131
NC_045512.2	21959	T	C	1002	111	40	1	0	37	0.000997009	1003	0.750374	FALSE	S:cds-YP_009724390.1	TTT	F	CTT	L	133
NC_045512.2	21963	A	G	1028	114	40	1	0	37	0.000971817	1029	0.750365	FALSE	S:cds-YP_009724390.1	CAA	Q	CGA	R	134
NC_045512.2	21972	A	T	1050	141	41	1	0	37	0.00095057	1052	0.750119	FALSE	S:cds-YP_009724390.1	AAT	N	ATT	I	137
NC_045512.2	21972	A	G	1050	141	41	1	0	25	0.00095057	1052	0.999524	FALSE	S:cds-YP_009724390.1	AAT	N	AGT	S	137
NC_045512.2	21976	T	C	1064	147	41	1	0	37	0.000938967	1065	0.750352	FALSE	S:cds-YP_009724390.1	GAT	D	GAC	D	138
NC_045512.2	21977	C	A	1046	149	41	1	0	37	0.00095511	1047	0.750358	FALSE	S:cds-YP_009724390.1	CCA	P	ACA	T	139
NC_045512.2	21985	G	T	1040	187	41	1	0	37	0.000960615	1041	0.75036	FALSE	S:cds-YP_009724390.1	TTG	L	TTT	F	141
NC_045512.2	21985	G	-GGT	1040	187	41	1	0	20	0.000960615	1041	0.999527	FALSE	NA	NA	NA	NA	NA	NA
NC_045512.2	21986	G	A	1028	187	41	1	0	74	0.000971817	1029	0.499757	FALSE	S:cds-YP_009724390.1	GGT	G	AGT	S	142
NC_045512.2	21987	G	A	0	0	0	1052	192	42	1	1052	0	TRUE	S:cds-YP_009724390.1	GGT	G	GAT	D	142
NC_045512.2	21989	G	-TTT	948	213	41	1	0	20	0.00105485	948	0.999057	FALSE	NA	NA	NA	NA	NA	NA
NC_045512.2	21990	T	A	941	207	41	3	1	33	0.00317797	944	0.125	FALSE	S:cds-YP_009724390.1	GTT	V	GAT	D	143
NC_045512.2	21990	T	-TTA	941	207	41	759	0	20	0.804025	944	9.99228e-164	TRUE	NA	NA	NA	NA	NA	NA
NC_045512.2	21992	T	G	213	1	36	1	0	37	0.0046729	214	0.320883	FALSE	S:cds-YP_009724390.1	TAT	Y	GAT	D	144
NC_045512.2	21993	A	T	206	1	36	2	1	31	0.00961538	208	0.029677	FALSE	S:cds-YP_009724390.1	TAT	Y	TTT	F	144
NC_045512.2	21994	T	G	823	266	41	1	1	25	0.00121065	826	0.998079	FALSE	S:cds-YP_009724390.1	TAT	Y	TAG	*	144
NC_045512.2	21994	T	C	823	266	41	2	0	37	0.00242131	826	0.249848	FALSE	S:cds-YP_009724390.1	TAT	Y	TAC	Y	144
NC_045512.2	21997	C	G	868	338	41	1	1	25	0.00115075	869	0.998097	FALSE	S:cds-YP_009724390.1	TAC	Y	TAG	*	145
NC_045512.2	21998	C	+A	871	344	41	2	0	20	0.00229621	871	0.989582	FALSE	NA	NA	NA	NA	NA	NA
NC_045512.2	22000	C	A	0	0	0	889	344	41	1	889	0	TRUE	S:cds-YP_009724390.1	CAC	H	CAA	Q	146
NC_045512.2	22004	A	G	884	358	41	1	1	37	0.00112994	885	0.500283	FALSE	S:cds-YP_009724390.1	AAC	N	GAC	D	148
NC_045512.2	22006	C	A	902	359	42	1	0	25	0.00110742	903	0.999053	FALSE	S:cds-YP_009724390.1	AAC	N	AAA	K	148
NC_045512.2	22010	A	T	867	378	42	1	1	37	0.00115207	868	0.500288	FALSE	S:cds-YP_009724390.1	AAA	K	TAA	*	150
NC_045512.2	22011	A	C	847	384	41	1	1	29	0.00117925	848	0.998098	FALSE	S:cds-YP_009724390.1	AAA	K	ACA	T	150
NC_045512.2	22013	A	G	844	383	41	1	1	37	0.00118343	845	0.500296	FALSE	S:cds-YP_009724390.1	AGT	S	GGT	G	151
NC_045512.2	22015	T	G	850	408	41	1	1	37	0.00117509	851	0.500294	FALSE	S:cds-YP_009724390.1	AGT	S	AGG	R	151
NC_045512.2	22023	A	G	871	414	41	1	1	37	0.00114679	872	0.500287	FALSE	S:cds-YP_009724390.1	GAA	E	GGA	G	154
NC_045512.2	22029	A	G	874	418	41	1	1	37	0.00114286	875	0.500286	FALSE	S:cds-YP_009724390.1	GAG	E	GGG	G	156
NC_045512.2	22032	T	C	882	398	40	1	0	25	0.0011325	883	0.998096	FALSE	S:cds-YP_009724390.1	TTC	F	TCC	S	157
NC_045512.2	22037	G	A	841	473	38	2	2	37	0.00237248	843	0.250148	FALSE	S:cds-YP_009724390.1	GTT	V	ATT	I	159
NC_045512.2	22046	A	G	751	386	37	1	0	37	0.00132979	752	0.500333	FALSE	S:cds-YP_009724390.1	AGT	S	GGT	G	162
NC_045512.2	22053	A	C	697	406	36	1	0	25	0.00143266	698	0.992343	FALSE	S:cds-YP_009724390.1	AAT	N	ACT	T	164
NC_045512.2	22056	A	C	740	430	37	1	1	25	0.00134953	741	0.996188	FALSE	S:cds-YP_009724390.1	AAT	N	ACT	T	165
NC_045512.2	22059	G	A	781	466	37	2	2	37	0.00255428	783	0.25016	FALSE	S:cds-YP_009724390.1	TGC	C	TAC	Y	166
NC_045512.2	22068	A	G	783	443	37	1	1	37	0.00127551	784	0.500319	FALSE	S:cds-YP_009724390.1	GAA	E	GGA	G	169
NC_045512.2	22071	A	G	762	425	37	1	1	37	0.00131062	763	0.500328	FALSE	S:cds-YP_009724390.1	TAT	Y	TGT	C	170
NC_045512.2	22076	T	C	780	425	37	1	0	37	0.00128041	781	0.50032	FALSE	S:cds-YP_009724390.1	TCT	S	CCT	P	172
NC_045512.2	22081	G	T	811	454	37	1	1	20	0.00123001	813	0.99809	FALSE	S:cds-YP_009724390.1	CAG	Q	CAT	H	173
NC_045512.2	22081	G	A	811	454	37	1	1	37	0.00123001	813	0.5	FALSE	S:cds-YP_009724390.1	CAG	Q	CAA	Q	173
NC_045512.2	22084	T	C	745	400	37	1	1	37	0.00134048	746	0.500335	FALSE	S:cds-YP_009724390.1	CCT	P	CCC	P	174
NC_045512.2	22085	T	G	747	418	37	1	1	37	0.00133511	749	0.5	FALSE	S:cds-YP_009724390.1	TTT	F	GTT	V	175
NC_045512.2	22085	T	C	747	418	37	1	1	37	0.00133511	749	0.5	FALSE	S:cds-YP_009724390.1	TTT	F	CTT	L	175
NC_045512.2	22086	T	G	771	427	37	1	1	25	0.00129534	772	0.996184	FALSE	S:cds-YP_009724390.1	TTT	F	TGT	C	175
NC_045512.2	22089	T	G	828	474	38	1	0	37	0.00120627	829	0.500302	FALSE	S:cds-YP_009724390.1	CTT	L	CGT	R	176
NC_045512.2	22091	A	C	792	432	37	2	1	25	0.00251889	794	0.980822	FALSE	S:cds-YP_009724390.1	ATG	M	CTG	L	177
NC_045512.2	22092	T	C	810	442	38	1	1	25	0.00123305	811	0.998101	FALSE	S:cds-YP_009724390.1	ATG	M	ACG	T	177
NC_045512.2	22095	A	G	839	472	38	1	1	37	0.00118906	841	0.5	FALSE	S:cds-YP_009724390.1	GAC	D	GGC	G	178
NC_045512.2	22095	A	C	839	472	38	1	1	37	0.00118906	841	0.5	FALSE	S:cds-YP_009724390.1	GAC	D	GCC	A	178
NC_045512.2	22100	G	T	803	433	38	1	1	37	0.00124378	804	0.500311	FALSE	S:cds-YP_009724390.1	GAA	E	TAA	*	180
NC_045512.2	22101	A	T	0	0	0	798	457	38	1	798	0	TRUE	S:cds-YP_009724390.1	GAA	E	GTA	V	180
NC_045512.2	22107	A	G	795	453	38	1	0	37	0.00125628	796	0.500314	FALSE	S:cds-YP_009724390.1	AAA	K	AGA	R	182
NC_045512.2	22109	C	G	0	0	0	828	478	39	1	828	0	TRUE	S:cds-YP_009724390.1	CAG	Q	GAG	E	183
NC_045512.2	22110	A	T	805	471	38	2	1	25	0.00247831	807	0.989502	FALSE	S:cds-YP_009724390.1	CAG	Q	CTG	L	183
NC_045512.2	22111	G	T	811	461	39	1	1	37	0.00123153	812	0.500308	FALSE	S:cds-YP_009724390.1	CAG	Q	CAT	H	183
NC_045512.2	22119	T	C	891	605	41	1	0	37	0.00112108	892	0.50028	FALSE	S:cds-YP_009724390.1	TTC	F	TCC	S	186
NC_045512.2	22134	A	T	883	671	41	1	1	25	0.00113122	884	0.998096	FALSE	S:cds-YP_009724390.1	GAA	E	GTA	V	191
NC_045512.2	22135	A	G	856	673	40	1	0	37	0.0011655	858	0.5	FALSE	S:cds-YP_009724390.1	GAA	E	GAG	E	191
NC_045512.2	22135	A	C	856	673	40	1	1	20	0.0011655	858	0.998088	FALSE	S:cds-YP_009724390.1	GAA	E	GAC	D	191
NC_045512.2	22136	T	A	864	680	40	1	1	25	0.00115607	865	0.998097	FALSE	S:cds-YP_009724390.1	TTT	F	ATT	I	192
NC_045512.2	22143	T	G	860	736	39	1	1	25	0.00116144	861	0.998098	FALSE	S:cds-YP_009724390.1	TTT	F	TGT	C	194
NC_045512.2	22152	T	G	893	780	39	1	0	29	0.00111857	894	0.998096	FALSE	S:cds-YP_009724390.1	ATT	I	AGT	S	197
NC_045512.2	22166	A	G	810	731	39	1	1	37	0.00123305	811	0.500308	FALSE	S:cds-YP_009724390.1	AAA	K	GAA	E	202
NC_045512.2	22178	A	C	771	713	38	1	1	25	0.00129534	772	0.996184	FALSE	S:cds-YP_009724390.1	AAG	K	CAG	Q	206
NC_045512.2	22180	G	T	758	704	37	1	1	37	0.00131579	760	0.5	FALSE	S:cds-YP_009724390.1	AAG	K	AAT	N	206
NC_045512.2	22180	G	A	758	704	37	1	1	37	0.00131579	760	0.5	FALSE	S:cds-YP_009724390.1	AAG	K	AAA	K	206
NC_045512.2	22181	C	A	767	717	37	1	1	37	0.00130208	768	0.500326	FALSE	S:cds-YP_009724390.1	CAC	H	AAC	N	207
NC_045512.2	22185	C	T	717	673	37	3	1	37	0.00416667	720	0.125	FALSE	S:cds-YP_009724390.1	ACG	T	ATG	M	208
NC_045512.2	22186	G	A	718	673	37	2	1	31	0.00277778	720	0.250174	FALSE	S:cds-YP_009724390.1	ACG	T	ACA	T	208
NC_045512.2	22188	C	A	707	667	37	1	1	37	0.00141243	708	0.500353	FALSE	S:cds-YP_009724390.1	CCT	P	CAT	H	209
NC_045512.2	22195	T	G	1111	573	36	1	1	25	0.000899281	1112	0.999764	FALSE	S:cds-YP_009724390.1	AAT	N	AAG	K	211
NC_045512.2	22200	T	A	0	0	0	1077	511	36	1	1077	0	TRUE	S:cds-YP_009724390.1	GTG	V	GAG	E	213
NC_045512.2	22202	C	T	1072	510	36	1	0	37	0.000931966	1073	0.75035	FALSE	S:cds-YP_009724390.1	CGT	R	TGT	C	214
NC_045512.2	22203	G	T	1086	501	36	2	2	31	0.00183486	1090	0.499655	FALSE	S:cds-YP_009724390.1	CGT	R	CTT	L	214
NC_045512.2	22203	G	A	1086	501	36	2	2	37	0.00183486	1090	0.499655	FALSE	S:cds-YP_009724390.1	CGT	R	CAT	H	214
NC_045512.2	22206	A	G	1104	503	36	1	0	37	0.000904977	1105	0.75034	FALSE	S:cds-YP_009724390.1	GAT	D	GGT	G	215
NC_045512.2	22209	T	C	1099	493	36	1	0	37	0.000908265	1101	0.750114	FALSE	S:cds-YP_009724390.1	CTC	L	CCC	P	216
NC_045512.2	22209	T	A	1099	493	36	1	0	37	0.000908265	1101	0.750114	FALSE	S:cds-YP_009724390.1	CTC	L	CAC	H	216
NC_045512.2	22212	C	A	1284	490	36	1	0	37	0.00077821	1285	0.750292	FALSE	S:cds-YP_009724390.1	CCT	P	CAT	H	217
NC_045512.2	22213	T	A	1277	476	37	2	2	31	0.00156372	1279	0.500293	FALSE	S:cds-YP_009724390.1	CCT	P	CCA	P	217
NC_045512.2	22215	A	G	1241	453	36	1	0	37	0.000805153	1242	0.750302	FALSE	S:cds-YP_009724390.1	CAG	Q	CGG	R	218
NC_045512.2	22216	G	T	1300	451	36	1	1	37	0.00076864	1301	0.750288	FALSE	S:cds-YP_009724390.1	CAG	Q	CAT	H	218
NC_045512.2	22218	G	-T	1293	421	36	2	0	20	0.00154679	1293	0.99912	FALSE	NA	NA	NA	NA	NA	NA
NC_045512.2	22222	T	G	1117	277	37	1	1	29	0.000893655	1119	0.999763	FALSE	S:cds-YP_009724390.1	TTT	F	TTG	L	220
NC_045512.2	22222	T	C	1117	277	37	1	0	37	0.000893655	1119	0.750112	FALSE	S:cds-YP_009724390.1	TTT	F	TTC	F	220
NC_045512.2	22225	G	A	1106	244	37	1	0	37	0.000903342	1107	0.750339	FALSE	S:cds-YP_009724390.1	TCG	S	TCA	S	221
NC_045512.2	22226	G	T	956	235	37	181	8	37	0.159191	1137	1.45526e-56	TRUE	S:cds-YP_009724390.1	GCT	A	TCT	S	222
NC_045512.2	22229	T	C	1129	231	37	1	0	25	0.000884956	1130	0.999764	FALSE	S:cds-YP_009724390.1	TTA	L	CTA	L	223
NC_045512.2	22232	G	C	1143	237	37	1	0	25	0.000874126	1144	0.999764	FALSE	S:cds-YP_009724390.1	GAA	E	CAA	Q	224
NC_045512.2	22235	C	T	1027	73	37	1	0	37	0.000972763	1028	0.750365	FALSE	S:cds-YP_009724390.1	CCA	P	TCA	S	225
NC_045512.2	22238	T	G	993	76	37	1	0	20	0.00100604	994	0.99905	FALSE	S:cds-YP_009724390.1	TTG	L	GTG	V	226
NC_045512.2	22246	T	G	1041	98	37	1	0	25	0.000959693	1042	0.999527	FALSE	S:cds-YP_009724390.1	GAT	D	GAG	E	228
NC_045512.2	22247	T	C	1073	99	38	1	0	37	0.000931099	1074	0.750349	FALSE	S:cds-YP_009724390.1	TTG	L	CTG	L	229
NC_045512.2	22250	C	T	1071	98	38	2	0	37	0.00186393	1073	0.50035	FALSE	S:cds-YP_009724390.1	CCA	P	TCA	S	230
NC_045512.2	22253	A	G	1095	127	38	1	1	48	0.000911577	1097	0.5	FALSE	S:cds-YP_009724390.1	ATA	I	GTA	V	231
NC_045512.2	22253	A	C	1095	127	38	1	0	37	0.000911577	1097	0.750114	FALSE	S:cds-YP_009724390.1	ATA	I	CTA	L	231
NC_045512.2	22256	G	T	1212	130	38	1	1	74	0.000824402	1213	0.500206	FALSE	S:cds-YP_009724390.1	GGT	G	TGT	C	232
NC_045512.2	22259	A	C	1322	141	37	1	0	25	0.000755858	1323	0.999941	FALSE	S:cds-YP_009724390.1	ATT	I	CTT	L	233
NC_045512.2	22260	T	G	1332	141	38	1	0	25	0.000750188	1333	0.999941	FALSE	S:cds-YP_009724390.1	ATT	I	AGT	S	233
NC_045512.2	22264	C	T	1460	155	38	1	0	37	0.000684463	1461	0.750257	FALSE	S:cds-YP_009724390.1	AAC	N	AAT	N	234
NC_045512.2	22266	T	A	1494	160	39	1	0	25	0.000668896	1495	0.999971	FALSE	S:cds-YP_009724390.1	ATC	I	AAC	N	235
NC_045512.2	22269	C	T	1490	164	38	1	0	74	0.000670691	1491	0.500168	FALSE	S:cds-YP_009724390.1	ACT	T	ATT	I	236
NC_045512.2	22276	T	C	1539	226	39	1	0	37	0.000649351	1540	0.750244	FALSE	S:cds-YP_009724390.1	TTT	F	TTC	F	238
NC_045512.2	22279	A	G	1514	255	39	1	0	25	0.000660066	1515	0.999985	FALSE	S:cds-YP_009724390.1	CAA	Q	CAG	Q	239
NC_045512.2	22283	T	G	1458	323	39	1	1	29	0.000684463	1461	0.99997	FALSE	S:cds-YP_009724390.1	TTA	L	GTA	V	241
NC_045512.2	22283	T	C	1458	323	39	2	1	29	0.00136893	1461	0.999749	FALSE	S:cds-YP_009724390.1	TTA	L	CTA	L	241
NC_045512.2	22292	T	G	1370	363	39	1	0	37	0.000729395	1371	0.750274	FALSE	S:cds-YP_009724390.1	TTA	L	GTA	V	244
NC_045512.2	22293	T	C	1387	369	39	1	1	37	0.000720461	1388	0.75027	FALSE	S:cds-YP_009724390.1	TTA	L	TCA	S	244
NC_045512.2	22296	A	G	1441	368	38	1	1	37	0.000693481	1442	0.75026	FALSE	S:cds-YP_009724390.1	CAT	H	CGT	R	245
NC_045512.2	22299	G	T	1411	378	37	1	0	25	0.000708215	1412	0.999971	FALSE	S:cds-YP_009724390.1	AGA	R	ATA	I	246
NC_045512.2	22300	A	G	1441	387	38	1	0	25	0.000693481	1442	0.999971	FALSE	S:cds-YP_009724390.1	AGA	R	AGG	R	246
NC_045512.2	22303	T	G	1371	375	38	1	0	37	0.000728863	1372	0.750273	FALSE	S:cds-YP_009724390.1	AGT	S	AGG	R	247
NC_045512.2	22306	T	G	1405	373	37	1	0	25	0.000710732	1407	0.999971	FALSE	S:cds-YP_009724390.1	TAT	Y	TAG	*	248
NC_045512.2	22306	T	C	1405	373	37	1	0	37	0.000710732	1407	0.750089	FALSE	S:cds-YP_009724390.1	TAT	Y	TAC	Y	248
NC_045512.2	22307	T	C	1409	383	38	1	1	25	0.00070922	1410	0.999971	FALSE	S:cds-YP_009724390.1	TTG	L	CTG	L	249
NC_045512.2	22316	G	T	1301	395	37	1	1	25	0.00076746	1303	0.999941	FALSE	S:cds-YP_009724390.1	GGT	G	TGT	C	252
NC_045512.2	22316	G	A	1301	395	37	1	0	37	0.00076746	1303	0.750096	FALSE	S:cds-YP_009724390.1	GGT	G	AGT	S	252
NC_045512.2	22317	G	T	1	0	25	1245	409	37	0.999197	1246	0	TRUE	S:cds-YP_009724390.1	GGT	G	GTT	V	252
NC_045512.2	22318	T	G	1273	408	37	1	0	25	0.000784929	1274	0.999882	FALSE	S:cds-YP_009724390.1	GGT	G	GGG	G	252
NC_045512.2	22324	T	G	1298	468	37	1	0	25	0.000769231	1300	0.999941	FALSE	S:cds-YP_009724390.1	TCT	S	TCG	S	254
NC_045512.2	22324	T	A	1298	468	37	1	0	37	0.000769231	1300	0.750096	FALSE	S:cds-YP_009724390.1	TCT	S	TCA	S	254
NC_045512.2	22328	T	C	1269	457	37	1	1	37	0.000787402	1270	0.750295	FALSE	S:cds-YP_009724390.1	TCA	S	CCA	P	256
NC_045512.2	22330	A	C	1278	469	37	1	1	25	0.000781861	1279	0.999882	FALSE	S:cds-YP_009724390.1	TCA	S	TCC	S	256
NC_045512.2	22336	G	A	1688	962	40	1	1	74	0.000592066	1689	0.500148	FALSE	S:cds-YP_009724390.1	TGG	W	TGA	*	258
NC_045512.2	22337	A	G	1699	983	40	1	0	74	0.000588235	1700	0.500147	FALSE	S:cds-YP_009724390.1	ACA	T	GCA	A	259
NC_045512.2	22338	C	T	1707	992	40	2	1	37	0.00117028	1709	0.50022	FALSE	S:cds-YP_009724390.1	ACA	T	ATA	I	259
NC_045512.2	22341	C	T	1702	1006	40	1	0	74	0.000587199	1703	0.500147	FALSE	S:cds-YP_009724390.1	GCT	A	GTT	V	260
NC_045512.2	22342	T	G	1673	1006	40	1	1	37	0.000597372	1674	0.750224	FALSE	S:cds-YP_009724390.1	GCT	A	GCG	A	260
NC_045512.2	22343	G	T	1726	1025	41	1	0	29	0.000579039	1727	0.999996	FALSE	S:cds-YP_009724390.1	GGT	G	TGT	C	261
NC_045512.2	22344	G	T	1759	1047	41	1	1	25	0.000568182	1760	0.999996	FALSE	S:cds-YP_009724390.1	GGT	G	GTT	V	261
NC_045512.2	22345	T	A	1782	1071	41	1	1	37	0.000560852	1783	0.75021	FALSE	S:cds-YP_009724390.1	GGT	G	GGA	G	261
NC_045512.2	22346	G	A	1810	1101	41	1	0	25	0.000552181	1811	0.999998	FALSE	S:cds-YP_009724390.1	GCT	A	ACT	T	262
NC_045512.2	22349	G	A	1805	1100	41	3	2	37	0.00165929	1808	0.312604	FALSE	S:cds-YP_009724390.1	GCA	A	ACA	T	263
NC_045512.2	22350	C	T	1785	1108	41	1	1	37	0.00055991	1786	0.75021	FALSE	S:cds-YP_009724390.1	GCA	A	GTA	V	263
NC_045512.2	22351	A	G	1760	1110	40	1	0	74	0.000567859	1761	0.500142	FALSE	S:cds-YP_009724390.1	GCA	A	GCG	A	263
NC_045512.2	22354	T	G	1697	1076	40	1	0	25	0.000588928	1698	0.999993	FALSE	S:cds-YP_009724390.1	GCT	A	GCG	A	264
NC_045512.2	22355	T	G	1697	1110	40	2	0	25	0.00117716	1699	0.99993	FALSE	S:cds-YP_009724390.1	TAT	Y	GAT	D	265
NC_045512.2	22357	T	G	1655	1112	39	3	2	25	0.00180941	1658	0.999649	FALSE	S:cds-YP_009724390.1	TAT	Y	TAG	*	265
NC_045512.2	22359	A	C	1570	1082	38	1	1	37	0.000636537	1571	0.750239	FALSE	S:cds-YP_009724390.1	TAT	Y	TCT	S	266
NC_045512.2	22361	G	T	1632	1137	39	1	1	37	0.00061237	1633	0.75023	FALSE	S:cds-YP_009724390.1	GTG	V	TTG	L	267
NC_045512.2	22362	T	G	1636	1145	39	2	2	37	0.001221	1638	0.500229	FALSE	S:cds-YP_009724390.1	GTG	V	GGG	G	267
NC_045512.2	22365	G	A	1607	1156	38	1	0	37	0.000621891	1608	0.750233	FALSE	S:cds-YP_009724390.1	GGT	G	GAT	D	268
NC_045512.2	22371	T	C	1669	1193	39	1	1	37	0.000598802	1670	0.750225	FALSE	S:cds-YP_009724390.1	CTT	L	CCT	P	270
NC_045512.2	22376	C	A	1647	1214	38	1	1	25	0.000606796	1648	0.999993	FALSE	S:cds-YP_009724390.1	CCT	P	ACT	T	272
NC_045512.2	22381	G	T	1608	1174	38	1	1	25	0.000621504	1609	0.999993	FALSE	S:cds-YP_009724390.1	AGG	R	AGT	S	273
NC_045512.2	22383	C	A	1622	1205	39	1	1	25	0.000616143	1623	0.999993	FALSE	S:cds-YP_009724390.1	ACT	T	AAT	N	274
NC_045512.2	22385	T	G	1556	1154	39	1	1	37	0.000642261	1557	0.750241	FALSE	S:cds-YP_009724390.1	TTT	F	GTT	V	275
NC_045512.2	22392	T	G	1557	1199	39	2	1	31	0.00128287	1559	0.500241	FALSE	S:cds-YP_009724390.1	TTA	L	TGA	*	277
NC_045512.2	22393	A	C	1557	1203	39	1	0	25	0.000641849	1558	0.999985	FALSE	S:cds-YP_009724390.1	TTA	L	TTC	F	277
NC_045512.2	22394	A	G	1557	1200	38	1	1	37	0.000641437	1559	0.75008	FALSE	S:cds-YP_009724390.1	AAA	K	GAA	E	278
NC_045512.2	22394	A	C	1557	1200	38	1	1	25	0.000641437	1559	0.999985	FALSE	S:cds-YP_009724390.1	AAA	K	CAA	Q	278
NC_045512.2	22397	T	G	1529	1248	38	1	1	25	0.000653595	1530	0.999985	FALSE	S:cds-YP_009724390.1	TAT	Y	GAT	D	279
NC_045512.2	22402	T	C	1497	1232	37	1	1	37	0.000667557	1498	0.75025	FALSE	S:cds-YP_009724390.1	AAT	N	AAC	N	280
NC_045512.2	22403	G	-A	1529	1272	38	1	0	20	0.000654022	1529	0.999985	FALSE	NA	NA	NA	NA	NA	NA
NC_045512.2	22404	A	G	1520	1262	38	1	0	37	0.000657462	1521	0.750082	FALSE	S:cds-YP_009724390.1	GAA	E	GGA	G	281
NC_045512.2	22409	G	T	1555	1321	38	1	1	25	0.000642674	1556	0.999985	FALSE	S:cds-YP_009724390.1	GGA	G	TGA	*	283
NC_045512.2	22413	C	A	1565	1335	38	1	1	37	0.00063857	1566	0.75024	FALSE	S:cds-YP_009724390.1	ACC	T	AAC	N	284
NC_045512.2	22416	T	C	1595	1397	38	1	1	37	0.000626566	1596	0.750235	FALSE	S:cds-YP_009724390.1	ATT	I	ACT	T	285
NC_045512.2	22417	T	G	1602	1405	38	1	1	25	0.00062383	1603	0.999993	FALSE	S:cds-YP_009724390.1	ATT	I	ATG	M	285
NC_045512.2	22419	C	T	1627	1433	38	1	1	37	0.000613497	1630	0.749923	FALSE	S:cds-YP_009724390.1	ACA	T	ATA	I	286
NC_045512.2	22419	C	A	1627	1433	38	2	1	33	0.00122699	1630	0.5	FALSE	S:cds-YP_009724390.1	ACA	T	AAA	K	286
NC_045512.2	22420	A	T	1557	1365	37	1	1	25	0.000641849	1558	0.999985	FALSE	S:cds-YP_009724390.1	ACA	T	ACT	T	286
NC_045512.2	22424	G	A	1655	1461	38	1	0	37	0.000603865	1656	0.750227	FALSE	S:cds-YP_009724390.1	GCT	A	ACT	T	288
NC_045512.2	22427	G	T	1669	1484	38	1	0	29	0.000598086	1672	0.999993	FALSE	S:cds-YP_009724390.1	GTA	V	TTA	L	289
NC_045512.2	22427	G	A	1669	1484	38	2	2	37	0.00119617	1672	0.5	FALSE	S:cds-YP_009724390.1	GTA	V	ATA	I	289
NC_045512.2	22429	A	G	1690	1515	39	2	2	37	0.00118203	1692	0.500222	FALSE	S:cds-YP_009724390.1	GTA	V	GTG	V	289
NC_045512.2	22433	T	G	1091	931	40	1	1	37	0.000914913	1093	0.750115	FALSE	S:cds-YP_009724390.1	TGT	C	GGT	G	291
NC_045512.2	22433	T	A	1091	931	40	1	1	37	0.000914913	1093	0.750115	FALSE	S:cds-YP_009724390.1	TGT	C	AGT	S	291
NC_045512.2	22434	G	A	1121	956	40	3	2	49	0.00266904	1124	0.125	FALSE	S:cds-YP_009724390.1	TGT	C	TAT	Y	291
NC_045512.2	22435	T	G	1102	937	40	1	1	37	0.000904159	1106	0.74966	FALSE	S:cds-YP_009724390.1	TGT	C	TGG	W	291
NC_045512.2	22435	T	C	1102	937	40	2	2	37	0.00180832	1106	0.49966	FALSE	S:cds-YP_009724390.1	TGT	C	TGC	C	291
NC_045512.2	22435	T	A	1102	937	40	1	1	37	0.000904159	1106	0.74966	FALSE	S:cds-YP_009724390.1	TGT	C	TGA	*	291
NC_045512.2	22442	G	A	1028	879	39	1	1	37	0.000971817	1029	0.750365	FALSE	S:cds-YP_009724390.1	GAC	D	AAC	N	294
NC_045512.2	22443	A	G	991	841	39	1	1	37	0.00100806	992	0.500252	FALSE	S:cds-YP_009724390.1	GAC	D	GGC	G	294
NC_045512.2	22444	C	T	994	846	39	2	1	37	0.00200803	996	0.250126	FALSE	S:cds-YP_009724390.1	GAC	D	GAT	D	294
NC_045512.2	22451	T	A	876	741	39	1	1	25	0.00114025	877	0.998097	FALSE	S:cds-YP_009724390.1	TCA	S	ACA	T	297
NC_045512.2	22457	A	C	839	720	38	1	1	25	0.00119048	840	0.998099	FALSE	S:cds-YP_009724390.1	ACA	T	CCA	P	299
NC_045512.2	22458	C	T	864	749	39	1	1	37	0.00115607	865	0.500289	FALSE	S:cds-YP_009724390.1	ACA	T	ATA	I	299
NC_045512.2	22460	A	C	776	664	38	1	1	25	0.001287	777	0.996184	FALSE	S:cds-YP_009724390.1	AAG	K	CAG	Q	300
NC_045512.2	22461	A	G	786	673	38	1	1	37	0.00127065	787	0.500318	FALSE	S:cds-YP_009724390.1	AAG	K	AGG	R	300
NC_045512.2	22467	C	T	765	665	39	1	1	37	0.00130548	766	0.500327	FALSE	S:cds-YP_009724390.1	ACG	T	ATG	M	302
NC_045512.2	22478	T	C	600	552	36	1	1	37	0.00166389	601	0.500416	FALSE	S:cds-YP_009724390.1	TTC	F	CTC	L	306
NC_045512.2	22480	C	T	490	452	36	143	135	36	0.225908	633	1.1735e-47	TRUE	S:cds-YP_009724390.1	TTC	F	TTT	F	306
NC_045512.2	22487	G	-A	489	446	37	1	0	20	0.00204499	489	0.969386	FALSE	NA	NA	NA	NA	NA	NA
NC_045512.2	22510	T	C	380	327	37	1	1	37	0.00262467	381	0.500657	FALSE	S:cds-YP_009724390.1	TCT	S	TCC	S	316
NC_045512.2	22577	G	C	0	0	0	49	11	38	1	49	7.85003e-29	TRUE	S:cds-YP_009724390.1	GGT	G	CGT	R	339
NC_045512.2	22578	G	A	0	0	0	49	12	38	1	49	7.85003e-29	TRUE	S:cds-YP_009724390.1	GGT	G	GAT	D	339
NC_045512.2	22585	T	A	46	13	39	1	0	25	0.0212766	47	0.505376	FALSE	S:cds-YP_009724390.1	GTT	V	GTA	V	341
NC_045512.2	22599	G	C	0	0	0	48	13	39	1	48	3.10797e-28	TRUE	S:cds-YP_009724390.1	AGA	R	ACA	T	346
NC_045512.2	22602	T	G	43	10	37	1	1	29	0.0227273	44	0.505747	FALSE	S:cds-YP_009724390.1	TTT	F	TGT	C	347
NC_045512.2	22612	T	G	60	29	38	1	0	25	0.0163934	61	0.504132	FALSE	S:cds-YP_009724390.1	GTT	V	GTG	V	350
NC_045512.2	22617	C	T	56	33	38	1	1	37	0.0175439	57	0.504425	FALSE	S:cds-YP_009724390.1	GCT	A	GTT	V	352
NC_045512.2	22664	C	A	0	0	0	65	39	37	1	65	2.10377e-38	TRUE	S:cds-YP_009724390.1	CTA	L	ATA	I	368
NC_045512.2	22666	A	C	67	39	36	1	1	25	0.0147059	68	0.503704	FALSE	S:cds-YP_009724390.1	CTA	L	CTC	L	368
NC_045512.2	22674	C	T	0	0	0	66	38	37	1	66	5.29956e-39	TRUE	S:cds-YP_009724390.1	TCC	S	TTC	F	371
NC_045512.2	22679	T	C	0	0	0	63	36	36	1	63	3.31404e-37	TRUE	S:cds-YP_009724390.1	TCA	S	CCA	P	373
NC_045512.2	22686	C	T	0	0	0	71	44	37	1	71	5.3671e-42	TRUE	S:cds-YP_009724390.1	TCC	S	TTC	F	375
NC_045512.2	22688	A	G	0	0	0	68	42	37	1	68	3.36185e-40	TRUE	S:cds-YP_009724390.1	ACT	T	GCT	A	376
NC_045512.2	22771	A	G	43	38	42	1	1	37	0.0227273	44	0.505747	FALSE	S:cds-YP_009724390.1	AGA	R	AGG	R	403
NC_045512.2	22775	G	A	0	0	0	44	39	43	1	44	7.61948e-26	TRUE	S:cds-YP_009724390.1	GAT	D	AAT	N	405
NC_045512.2	22780	A	G	2113	49	36	1	0	37	0.000473037	2114	0.875177	FALSE	S:cds-YP_009724390.1	GAA	E	GAG	E	406
NC_045512.2	22784	A	G	2238	49	36	1	0	37	0.000446628	2239	0.875168	FALSE	S:cds-YP_009724390.1	AGA	R	GGA	G	408
NC_045512.2	22785	G	A	2328	48	36	4	1	37	0.00171527	2332	0.343851	FALSE	S:cds-YP_009724390.1	AGA	R	AAA	K	408
NC_045512.2	22786	A	T	0	0	0	5	0	37	0.00216169	2313	3.79006e-14	TRUE	S:cds-YP_009724390.1	AGA	R	AGT	S	408
NC_045512.2	22786	A	C	0	0	0	2308	48	36	0.997838	2313	0	TRUE	S:cds-YP_009724390.1	AGA	R	AGC	S	408
NC_045512.2	22787	C	T	2325	44	36	1	0	37	0.000429738	2327	0.875081	FALSE	S:cds-YP_009724390.1	CAA	Q	TAA	*	409
NC_045512.2	22787	C	A	2325	44	36	1	0	25	0.000429738	2327	1	FALSE	S:cds-YP_009724390.1	CAA	Q	AAA	K	409
NC_045512.2	22789	A	G	2440	48	36	1	0	37	0.000409668	2441	0.875154	FALSE	S:cds-YP_009724390.1	CAA	Q	CAG	Q	409
NC_045512.2	22792	C	T	2496	82	36	2	0	37	0.000800641	2498	0.687725	FALSE	S:cds-YP_009724390.1	ATC	I	ATT	I	410
NC_045512.2	22793	G	A	2531	82	36	2	0	37	0.000789578	2533	0.687722	FALSE	S:cds-YP_009724390.1	GCT	A	ACT	T	411
NC_045512.2	22794	C	T	3080	85	36	1	0	37	0.00032457	3081	0.937601	FALSE	S:cds-YP_009724390.1	GCT	A	GTT	V	411
NC_045512.2	22795	T	C	3284	151	37	1	0	37	0.000304321	3286	0.937557	FALSE	S:cds-YP_009724390.1	GCT	A	GCC	A	411
NC_045512.2	22795	T	A	3284	151	37	1	0	37	0.000304321	3286	0.937557	FALSE	S:cds-YP_009724390.1	GCT	A	GCA	A	411
NC_045512.2	22798	A	T	3248	164	36	1	0	37	0.000307692	3250	0.937558	FALSE	S:cds-YP_009724390.1	CCA	P	CCT	P	412
NC_045512.2	22798	A	G	3248	164	36	1	0	37	0.000307692	3250	0.937558	FALSE	S:cds-YP_009724390.1	CCA	P	CCG	P	412
NC_045512.2	22800	G	T	3425	164	36	1	0	37	0.000291886	3426	0.937591	FALSE	S:cds-YP_009724390.1	GGG	G	GTG	V	413
NC_045512.2	22801	G	A	3443	161	36	5	1	29	0.00145012	3448	1	FALSE	S:cds-YP_009724390.1	GGG	G	GGA	G	413
NC_045512.2	22802	C	A	3505	257	37	1	0	37	0.000285225	3506	0.937589	FALSE	S:cds-YP_009724390.1	CAA	Q	AAA	K	414
NC_045512.2	22804	A	G	3429	252	36	1	1	37	0.000291545	3430	0.937591	FALSE	S:cds-YP_009724390.1	CAA	Q	CAG	Q	414
NC_045512.2	22807	T	C	3590	258	36	1	0	25	0.000278474	3591	1	FALSE	S:cds-YP_009724390.1	ACT	T	ACC	T	415
NC_045512.2	22808	G	A	3738	258	37	1	0	25	0.000267451	3739	1	FALSE	S:cds-YP_009724390.1	GGA	G	AGA	R	416
NC_045512.2	22812	A	G	3740	267	36	1	0	37	0.000267165	3743	0.937517	FALSE	S:cds-YP_009724390.1	AAG	K	AGG	R	417
NC_045512.2	22812	A	C	3740	267	36	2	0	25	0.000534331	3743	1	FALSE	S:cds-YP_009724390.1	AAG	K	ACG	T	417
NC_045512.2	22813	G	T	0	0	0	3761	269	36	1	3761	0	TRUE	S:cds-YP_009724390.1	AAG	K	AAT	N	417
NC_045512.2	22814	A	C	3781	266	36	1	0	25	0.00026441	3782	1	FALSE	S:cds-YP_009724390.1	ATT	I	CTT	L	418
NC_045512.2	22815	T	G	3753	260	36	1	0	25	0.000266383	3754	1	FALSE	S:cds-YP_009724390.1	ATT	I	AGT	S	418
NC_045512.2	22817	G	T	3892	312	37	1	0	37	0.000256608	3897	0.937452	FALSE	S:cds-YP_009724390.1	GCT	A	TCT	S	419
NC_045512.2	22817	G	A	3892	312	37	4	1	37	0.00102643	3897	0.5	FALSE	S:cds-YP_009724390.1	GCT	A	ACT	T	419
NC_045512.2	22818	C	T	3843	320	37	1	0	37	0.000260078	3845	0.937549	FALSE	S:cds-YP_009724390.1	GCT	A	GTT	V	419
NC_045512.2	22818	C	A	3843	320	37	1	0	25	0.000260078	3845	1	FALSE	S:cds-YP_009724390.1	GCT	A	GAT	D	419
NC_045512.2	22819	T	A	3757	321	36	1	0	37	0.000266099	3758	0.937583	FALSE	S:cds-YP_009724390.1	GCT	A	GCA	A	419
NC_045512.2	22821	A	G	4076	338	37	1	0	37	0.000245278	4077	0.968807	FALSE	S:cds-YP_009724390.1	GAT	D	GGT	G	420
NC_045512.2	22823	T	C	4180	438	38	1	0	37	0.000239177	4181	0.968806	FALSE	S:cds-YP_009724390.1	TAT	Y	CAT	H	421
NC_045512.2	22824	A	G	4207	443	38	1	0	37	0.000237643	4208	0.968806	FALSE	S:cds-YP_009724390.1	TAT	Y	TGT	C	421
NC_045512.2	22828	T	C	4210	504	38	2	0	37	0.000474834	4212	0.890764	FALSE	S:cds-YP_009724390.1	AAT	N	AAC	N	422
NC_045512.2	22829	T	C	4236	508	39	1	0	37	0.000236016	4237	0.968805	FALSE	S:cds-YP_009724390.1	TAT	Y	CAT	H	423
NC_045512.2	22831	T	C	4301	520	39	1	1	74	0.00023245	4302	0.500058	FALSE	S:cds-YP_009724390.1	TAT	Y	TAC	Y	423
NC_045512.2	22833	A	G	4273	532	39	1	0	37	0.000233973	4274	0.968805	FALSE	S:cds-YP_009724390.1	AAA	K	AGA	R	424
NC_045512.2	22838	C	T	4280	568	39	1	1	37	0.000233536	4282	0.968786	FALSE	S:cds-YP_009724390.1	CCA	P	TCA	S	426
NC_045512.2	22838	C	A	4280	568	39	1	0	37	0.000233536	4282	0.968786	FALSE	S:cds-YP_009724390.1	CCA	P	ACA	T	426
NC_045512.2	22839	C	G	4306	575	39	1	0	25	0.00023218	4307	1	FALSE	S:cds-YP_009724390.1	CCA	P	CGA	R	426
NC_045512.2	22840	A	G	4269	576	39	1	0	37	0.000234192	4270	0.968805	FALSE	S:cds-YP_009724390.1	CCA	P	CCG	P	426
NC_045512.2	22842	A	T	4275	567	39	1	0	25	0.000233863	4276	1	FALSE	S:cds-YP_009724390.1	GAT	D	GTT	V	427
NC_045512.2	22845	A	G	4674	696	40	1	0	37	0.000213904	4675	0.9688	FALSE	S:cds-YP_009724390.1	GAT	D	GGT	G	428
NC_045512.2	22845	A	-T	4674	696	40	1	0	20	0.000213904	4675	1	FALSE	NA	NA	NA	NA	NA	NA
NC_045512.2	22846	T	G	4624	690	39	1	0	25	0.000216169	4626	1	FALSE	S:cds-YP_009724390.1	GAT	D	GAG	E	428
NC_045512.2	22846	T	A	4624	690	39	1	0	37	0.000216169	4626	0.968767	FALSE	S:cds-YP_009724390.1	GAT	D	GAA	E	428
NC_045512.2	22851	C	T	4943	807	41	3	0	37	0.000606428	4947	0.77352	FALSE	S:cds-YP_009724390.1	ACA	T	ATA	I	430
NC_045512.2	22851	C	A	4943	807	41	1	1	37	0.000202143	4947	0.96875	FALSE	S:cds-YP_009724390.1	ACA	T	AAA	K	430
NC_045512.2	22852	A	T	4892	795	41	2	0	37	0.00040808	4901	0.890409	FALSE	S:cds-YP_009724390.1	ACA	T	ACT	T	430
NC_045512.2	22852	A	G	4892	795	41	5	1	51	0.0010202	4901	0.0311703	FALSE	S:cds-YP_009724390.1	ACA	T	ACG	T	430
NC_045512.2	22852	A	C	4892	795	41	2	1	37	0.00040808	4901	0.890409	FALSE	S:cds-YP_009724390.1	ACA	T	ACC	T	430
NC_045512.2	22852	A	-G	4892	795	41	1	0	20	0.00020404	4901	1	FALSE	NA	NA	NA	NA	NA	NA
NC_045512.2	22853	G	T	4980	800	41	1	0	37	0.000200763	4981	0.968781	FALSE	S:cds-YP_009724390.1	GGC	G	TGC	C	431
NC_045512.2	22854	G	A	4973	807	40	1	0	37	0.000201045	4974	0.968797	FALSE	S:cds-YP_009724390.1	GGC	G	GAC	D	431
NC_045512.2	22855	C	A	5014	814	40	1	0	74	0.000199402	5015	0.50005	FALSE	S:cds-YP_009724390.1	GGC	G	GGA	G	431
NC_045512.2	22856	T	G	5070	812	41	1	0	25	0.000197122	5073	1	FALSE	S:cds-YP_009724390.1	TGC	C	GGC	G	432
NC_045512.2	22856	T	C	5070	812	41	2	0	49	0.000394244	5073	0.249975	FALSE	S:cds-YP_009724390.1	TGC	C	CGC	R	432
NC_045512.2	22857	G	T	6156	891	41	1	0	29	0.000162417	6157	1	FALSE	S:cds-YP_009724390.1	TGC	C	TTC	F	432
NC_045512.2	22858	C	T	6015	896	40	8	0	35	0.0013278	6025	0.395081	FALSE	S:cds-YP_009724390.1	TGC	C	TGT	C	432
NC_045512.2	22858	C	G	6015	896	40	1	0	37	0.000165975	6025	0.992165	FALSE	S:cds-YP_009724390.1	TGC	C	TGG	W	432
NC_045512.2	22858	C	A	6015	896	40	1	1	48	0.000165975	6025	0.499668	FALSE	S:cds-YP_009724390.1	TGC	C	TGA	*	432
NC_045512.2	22859	G	T	6106	924	40	2	0	31	0.000327332	6110	0.964871	FALSE	S:cds-YP_009724390.1	GTT	V	TTT	F	433
NC_045512.2	22859	G	A	6106	924	40	2	0	37	0.000327332	6110	0.964871	FALSE	S:cds-YP_009724390.1	GTT	V	ATT	I	433
NC_045512.2	22860	T	G	5766	937	40	2	0	31	0.00034662	5770	0.937528	FALSE	S:cds-YP_009724390.1	GTT	V	GGT	G	433
NC_045512.2	22860	T	C	5766	937	40	2	0	37	0.00034662	5770	0.937528	FALSE	S:cds-YP_009724390.1	GTT	V	GCT	A	433
NC_045512.2	22861	T	C	5934	938	40	3	0	37	0.000505306	5937	0.855607	FALSE	S:cds-YP_009724390.1	GTT	V	GTC	V	433
NC_045512.2	22863	T	G	6085	921	40	1	1	29	0.000164285	6087	1	FALSE	S:cds-YP_009724390.1	ATA	I	AGA	R	434
NC_045512.2	22863	T	C	6085	921	40	1	1	37	0.000164285	6087	0.992201	FALSE	S:cds-YP_009724390.1	ATA	I	ACA	T	434
NC_045512.2	22864	A	G	6047	947	40	3	1	37	0.000495786	6051	0.910238	FALSE	S:cds-YP_009724390.1	ATA	I	ATG	M	434
NC_045512.2	22864	A	C	6047	947	40	1	0	25	0.000165262	6051	1	FALSE	S:cds-YP_009724390.1	ATA	I	ATC	I	434
NC_045512.2	22865	G	T	6109	961	40	1	0	37	0.000163613	6112	0.992196	FALSE	S:cds-YP_009724390.1	GCT	A	TCT	S	435
NC_045512.2	22865	G	C	6109	961	40	1	0	25	0.000163613	6112	1	FALSE	S:cds-YP_009724390.1	GCT	A	CCT	P	435
NC_045512.2	22865	G	A	6109	961	40	1	0	37	0.000163613	6112	0.992196	FALSE	S:cds-YP_009724390.1	GCT	A	ACT	T	435
NC_045512.2	22866	C	T	5803	972	39	2	0	37	0.000344471	5806	0.937557	FALSE	S:cds-YP_009724390.1	GCT	A	GTT	V	435
NC_045512.2	22866	C	A	5803	972	39	1	0	37	0.000172236	5806	0.984387	FALSE	S:cds-YP_009724390.1	GCT	A	GAT	D	435
NC_045512.2	22867	T	G	5748	1018	39	4	1	40	0.000695169	5754	0.0624457	FALSE	S:cds-YP_009724390.1	GCT	A	GCG	A	435
NC_045512.2	22867	T	C	5748	1018	39	2	0	29	0.000347584	5754	1	FALSE	S:cds-YP_009724390.1	GCT	A	GCC	A	435
NC_045512.2	22868	T	G	5823	1026	39	1	0	25	0.000171615	5827	1	FALSE	S:cds-YP_009724390.1	TGG	W	GGG	G	436
NC_045512.2	22868	T	C	5823	1026	39	3	0	40	0.000514845	5827	0.124968	FALSE	S:cds-YP_009724390.1	TGG	W	CGG	R	436
NC_045512.2	22870	G	T	5998	1032	40	2	1	74	0.000333333	6000	0.250021	FALSE	S:cds-YP_009724390.1	TGG	W	TGT	C	436
NC_045512.2	22871	A	T	5776	1084	40	1	0	25	0.0001731	5777	1	FALSE	S:cds-YP_009724390.1	AAT	N	TAT	Y	437
NC_045512.2	22872	A	G	5479	1099	39	2	1	37	0.000364631	5485	0.93747	FALSE	S:cds-YP_009724390.1	AAT	N	AGT	S	437
NC_045512.2	22872	A	C	5479	1099	39	4	0	31	0.000729262	5485	0.746094	FALSE	S:cds-YP_009724390.1	AAT	N	ACT	T	437
NC_045512.2	22873	T	G	5547	1122	40	1	0	25	0.000180245	5548	1	FALSE	S:cds-YP_009724390.1	AAT	N	AAG	K	437
NC_045512.2	22874	T	C	4967	1211	39	1	0	37	0.000201248	4969	0.968781	FALSE	S:cds-YP_009724390.1	TCT	S	CCT	P	438
NC_045512.2	22874	T	A	4967	1211	39	1	0	37	0.000201248	4969	0.968781	FALSE	S:cds-YP_009724390.1	TCT	S	ACT	T	438
NC_045512.2	22876	T	C	4912	1221	39	1	1	74	0.000203542	4913	0.500051	FALSE	S:cds-YP_009724390.1	TCT	S	TCC	S	438
NC_045512.2	22877	A	C	4914	1216	39	1	1	25	0.000203459	4915	1	FALSE	S:cds-YP_009724390.1	AAC	N	CAC	H	439
NC_045512.2	22878	A	C	4885	1204	38	1	1	25	0.000204666	4886	1	FALSE	S:cds-YP_009724390.1	AAC	N	ACC	T	439
NC_045512.2	22879	C	A	4896	1257	39	1	0	37	0.000204207	4897	0.968798	FALSE	S:cds-YP_009724390.1	AAC	N	AAA	K	439
NC_045512.2	22880	A	G	4798	1161	38	1	1	74	0.000208333	4800	0.5	FALSE	S:cds-YP_009724390.1	AAT	N	GAT	D	440
NC_045512.2	22880	A	C	4798	1161	38	1	1	37	0.000208333	4800	0.968783	FALSE	S:cds-YP_009724390.1	AAT	N	CAT	H	440
NC_045512.2	22881	A	G	4823	1192	38	1	0	37	0.000207297	4824	0.968799	FALSE	S:cds-YP_009724390.1	AAT	N	AGT	S	440
NC_045512.2	22882	T	G	2	1	37	5137	1233	38	0.999416	5140	0	TRUE	S:cds-YP_009724390.1	AAT	N	AAG	K	440
NC_045512.2	22882	T	A	2	1	37	1	0	37	0.000194553	5140	0.00349718	TRUE	S:cds-YP_009724390.1	AAT	N	AAA	K	440
NC_045512.2	22883	C	T	5064	1242	38	1	0	37	0.000197433	5065	0.984407	FALSE	S:cds-YP_009724390.1	CTT	L	TTT	F	441
NC_045512.2	22884	T	G	5041	1299	38	1	0	25	0.000198334	5042	1	FALSE	S:cds-YP_009724390.1	CTT	L	CGT	R	441
NC_045512.2	22888	T	G	5562	1364	38	2	1	25	0.000359389	5565	1	FALSE	S:cds-YP_009724390.1	GAT	D	GAG	E	442
NC_045512.2	22888	T	C	5562	1364	38	1	1	25	0.000179695	5565	1	FALSE	S:cds-YP_009724390.1	GAT	D	GAC	D	442
NC_045512.2	22889	T	C	5652	1360	38	1	0	37	0.000176866	5654	0.984396	FALSE	S:cds-YP_009724390.1	TCT	S	CCT	P	443
NC_045512.2	22889	T	A	5652	1360	38	1	1	25	0.000176866	5654	1	FALSE	S:cds-YP_009724390.1	TCT	S	ACT	T	443
NC_045512.2	22890	C	T	5539	1391	38	1	0	37	0.000180505	5540	0.984405	FALSE	S:cds-YP_009724390.1	TCT	S	TTT	F	443
NC_045512.2	22891	T	G	5507	1338	38	2	1	25	0.000362779	5513	1	FALSE	S:cds-YP_009724390.1	TCT	S	TCG	S	443
NC_045512.2	22891	T	C	5507	1338	38	4	1	55	0.000725558	5513	0.0624433	FALSE	S:cds-YP_009724390.1	TCT	S	TCC	S	443
NC_045512.2	22892	A	G	5434	1295	37	1	1	37	0.000183925	5437	0.984388	FALSE	S:cds-YP_009724390.1	AAG	K	GAG	E	444
NC_045512.2	22892	A	C	5434	1295	37	2	2	25	0.00036785	5437	1	FALSE	S:cds-YP_009724390.1	AAG	K	CAG	Q	444
NC_045512.2	22893	A	G	5379	1271	37	1	1	37	0.000185874	5380	0.984405	FALSE	S:cds-YP_009724390.1	AAG	K	AGG	R	444
NC_045512.2	22894	G	A	5347	1308	37	1	0	37	0.000186986	5348	0.984406	FALSE	S:cds-YP_009724390.1	AAG	K	AAA	K	444
NC_045512.2	22895	G	C	0	0	0	4688	1306	36	0.999787	4689	0	TRUE	S:cds-YP_009724390.1	GTT	V	CTT	L	445
NC_045512.2	22895	G	A	0	0	0	1	0	37	0.000213265	4689	0.00106633	TRUE	S:cds-YP_009724390.1	GTT	V	ATT	I	445
NC_045512.2	22896	T	C	0	0	0	4584	1223	36	1	4584	0	TRUE	S:cds-YP_009724390.1	GTT	V	GCT	A	445
NC_045512.2	22897	T	G	4751	1496	37	2	1	25	0.00042061	4755	1	FALSE	S:cds-YP_009724390.1	GTT	V	GTG	V	445
NC_045512.2	22897	T	C	4751	1496	37	2	1	37	0.00042061	4755	0.89065	FALSE	S:cds-YP_009724390.1	GTT	V	GTC	V	445
NC_045512.2	22898	G	C	0	0	0	2	0	31	0.000408413	4897	1.25076e-06	TRUE	S:cds-YP_009724390.1	GGT	G	CGT	R	446
NC_045512.2	22898	G	A	0	0	0	4895	1591	37	0.999592	4897	0	TRUE	S:cds-YP_009724390.1	GGT	G	AGT	S	446
NC_045512.2	22899	G	T	5538	1656	37	1	0	37	0.000180538	5539	0.984405	FALSE	S:cds-YP_009724390.1	GGT	G	GTT	V	446
NC_045512.2	22900	T	C	5586	1678	37	1	0	37	0.000178987	5587	0.984404	FALSE	S:cds-YP_009724390.1	GGT	G	GGC	G	446
NC_045512.2	22903	T	G	5622	1682	37	1	1	25	0.000177841	5623	1	FALSE	S:cds-YP_009724390.1	GGT	G	GGG	G	447
NC_045512.2	22904	A	G	5480	1716	37	1	1	37	0.000182448	5481	0.984405	FALSE	S:cds-YP_009724390.1	AAT	N	GAT	D	448
NC_045512.2	22907	T	G	5780	2079	38	3	3	37	0.000518583	5785	0.855497	FALSE	S:cds-YP_009724390.1	TAT	Y	GAT	D	449
NC_045512.2	22907	T	C	5780	2079	38	2	1	37	0.000345722	5785	0.9375	FALSE	S:cds-YP_009724390.1	TAT	Y	CAT	H	449
NC_045512.2	22909	T	C	6012	2121	38	1	0	37	0.000166306	6013	0.992206	FALSE	S:cds-YP_009724390.1	TAT	Y	TAC	Y	449
NC_045512.2	22910	A	G	6086	2123	38	1	1	25	0.000164258	6088	1	FALSE	S:cds-YP_009724390.1	AAT	N	GAT	D	450
NC_045512.2	22910	A	C	6086	2123	38	1	0	25	0.000164258	6088	1	FALSE	S:cds-YP_009724390.1	AAT	N	CAT	H	450
NC_045512.2	22911	A	C	6082	2127	38	1	0	25	0.000164393	6083	1	FALSE	S:cds-YP_009724390.1	AAT	N	ACT	T	450
NC_045512.2	22912	T	A	6049	2121	37	1	0	25	0.000165289	6050	1	FALSE	S:cds-YP_009724390.1	AAT	N	AAA	K	450
NC_045512.2	22914	A	G	6136	2156	38	3	3	37	0.000488679	6139	0.910277	FALSE	S:cds-YP_009724390.1	TAC	Y	TGC	C	451
NC_045512.2	22915	C	T	6416	2267	38	1	0	37	0.000155812	6418	0.9922	FALSE	S:cds-YP_009724390.1	TAC	Y	TAT	Y	451
NC_045512.2	22915	C	A	6416	2267	38	1	0	25	0.000155812	6418	1	FALSE	S:cds-YP_009724390.1	TAC	Y	TAA	*	451
NC_045512.2	22916	C	A	6508	2296	38	1	1	37	0.000153633	6509	0.992204	FALSE	S:cds-YP_009724390.1	CTG	L	ATG	M	452
NC_045512.2	22917	T	G	6467	2239	38	1	0	25	0.000154583	6469	1	FALSE	S:cds-YP_009724390.1	CTG	L	CGG	R	452
NC_045512.2	22917	T	A	6467	2239	38	1	0	25	0.000154583	6469	1	FALSE	S:cds-YP_009724390.1	CTG	L	CAG	Q	452
NC_045512.2	22918	G	T	6824	2236	38	1	0	37	0.000146499	6826	0.9922	FALSE	S:cds-YP_009724390.1	CTG	L	CTT	L	452
NC_045512.2	22918	G	A	6824	2236	38	1	0	37	0.000146499	6826	0.9922	FALSE	S:cds-YP_009724390.1	CTG	L	CTA	L	452
NC_045512.2	22919	T	C	6773	2238	38	1	0	37	0.000147623	6774	0.992204	FALSE	S:cds-YP_009724390.1	TAT	Y	CAT	H	453
NC_045512.2	22920	A	C	6789	2210	38	1	0	25	0.000147275	6790	1	FALSE	S:cds-YP_009724390.1	TAT	Y	TCT	S	453
NC_045512.2	22921	T	G	6635	2216	38	2	1	31	0.00030125	6639	0.964868	FALSE	S:cds-YP_009724390.1	TAT	Y	TAG	*	453
NC_045512.2	22921	T	C	6635	2216	38	1	0	37	0.000150625	6639	0.992192	FALSE	S:cds-YP_009724390.1	TAT	Y	TAC	Y	453
NC_045512.2	22921	T	A	6635	2216	38	1	0	25	0.000150625	6639	1	FALSE	S:cds-YP_009724390.1	TAT	Y	TAA	*	453
NC_045512.2	22922	A	G	6626	2186	38	1	0	37	0.000150875	6628	0.9922	FALSE	S:cds-YP_009724390.1	AGA	R	GGA	G	454
NC_045512.2	22922	A	C	6626	2186	38	1	0	25	0.000150875	6628	1	FALSE	S:cds-YP_009724390.1	AGA	R	CGA	R	454
NC_045512.2	22923	G	T	6463	2239	38	2	0	31	0.00030931	6466	0.964886	FALSE	S:cds-YP_009724390.1	AGA	R	ATA	I	454
NC_045512.2	22923	G	C	6463	2239	38	1	1	22	0.000154655	6466	1	FALSE	S:cds-YP_009724390.1	AGA	R	ACA	T	454
NC_045512.2	22924	A	C	6461	2154	37	1	0	37	0.000154751	6462	0.992204	FALSE	S:cds-YP_009724390.1	AGA	R	AGC	S	454
NC_045512.2	22925	T	G	6544	2318	38	3	1	25	0.000458225	6547	1	FALSE	S:cds-YP_009724390.1	TTG	L	GTG	V	455
NC_045512.2	22926	T	C	6685	2345	38	1	1	25	0.000149566	6686	1	FALSE	S:cds-YP_009724390.1	TTG	L	TCG	S	455
NC_045512.2	22927	G	A	6695	2306	38	2	0	74	0.000298641	6697	0.250019	FALSE	S:cds-YP_009724390.1	TTG	L	TTA	L	455
NC_045512.2	22928	T	G	6628	2298	38	1	1	25	0.00015083	6630	1	FALSE	S:cds-YP_009724390.1	TTT	F	GTT	V	456
NC_045512.2	22928	T	C	6628	2298	38	1	1	37	0.00015083	6630	0.9922	FALSE	S:cds-YP_009724390.1	TTT	F	CTT	L	456
NC_045512.2	22929	T	G	6701	2318	38	2	2	31	0.000298374	6703	0.964901	FALSE	S:cds-YP_009724390.1	TTT	F	TGT	C	456
NC_045512.2	22930	T	G	1593	528	39	1	1	37	0.00015108	6619	0.779364	FALSE	S:cds-YP_009724390.1	TTT	F	TTG	L	456
NC_045512.2	22930	T	A	1593	528	39	5025	1751	38	0.759178	6619	0	TRUE	S:cds-YP_009724390.1	TTT	F	TTA	L	456
NC_045512.2	22931	A	T	6740	2477	39	2	0	31	0.000296604	6743	0.964884	FALSE	S:cds-YP_009724390.1	AGG	R	TGG	W	457
NC_045512.2	22931	A	C	6740	2477	39	1	0	25	0.000148302	6743	1	FALSE	S:cds-YP_009724390.1	AGG	R	CGG	R	457
NC_045512.2	22932	G	T	6740	2416	38	1	1	48	0.000148346	6741	0.500037	FALSE	S:cds-YP_009724390.1	AGG	R	ATG	M	457
NC_045512.2	22935	A	G	6745	2416	38	4	3	34	0.00059268	6749	0.828277	FALSE	S:cds-YP_009724390.1	AAG	K	AGG	R	458
NC_045512.2	22938	C	T	7123	2501	39	1	0	25	0.000140371	7124	1	FALSE	S:cds-YP_009724390.1	TCT	S	TTT	F	459
NC_045512.2	22941	A	T	7309	2866	40	1	0	25	0.00013678	7311	1	FALSE	S:cds-YP_009724390.1	AAT	N	ATT	I	460
NC_045512.2	22941	A	G	7309	2866	40	1	0	37	0.00013678	7311	0.996101	FALSE	S:cds-YP_009724390.1	AAT	N	AGT	S	460
NC_045512.2	22942	T	G	1	0	25	7598	2909	39	0.999737	7600	0	TRUE	S:cds-YP_009724390.1	AAT	N	AAG	K	460
NC_045512.2	22942	T	A	1	0	25	1	1	37	0.000131579	7600	0.00210402	TRUE	S:cds-YP_009724390.1	AAT	N	AAA	K	460
NC_045512.2	22943	C	A	7605	2950	40	2	0	31	0.000262916	7607	0.980506	FALSE	S:cds-YP_009724390.1	CTC	L	ATC	I	461
NC_045512.2	22945	C	T	7380	2765	40	1	0	37	0.000135483	7381	0.996103	FALSE	S:cds-YP_009724390.1	CTC	L	CTT	L	461
NC_045512.2	22946	A	G	7074	2770	39	1	1	37	0.000141343	7075	0.996104	FALSE	S:cds-YP_009724390.1	AAA	K	GAA	E	462
NC_045512.2	22947	A	G	6946	2697	39	2	0	37	0.000287853	6948	0.964899	FALSE	S:cds-YP_009724390.1	AAA	K	AGA	R	462
NC_045512.2	22948	A	T	6632	2673	38	5	0	27	0.000752899	6641	1	FALSE	S:cds-YP_009724390.1	AAA	K	AAT	N	462
NC_045512.2	22948	A	G	6632	2673	38	2	2	37	0.000301159	6641	0.964786	FALSE	S:cds-YP_009724390.1	AAA	K	AAG	K	462
NC_045512.2	22948	A	C	6632	2673	38	2	2	37	0.000301159	6641	0.964786	FALSE	S:cds-YP_009724390.1	AAA	K	AAC	N	462
NC_045512.2	22949	C	A	7414	3180	40	1	1	25	0.000134862	7415	1	FALSE	S:cds-YP_009724390.1	CCT	P	ACT	T	463
NC_045512.2	22950	C	T	7441	3226	40	1	0	37	0.000134372	7442	0.996103	FALSE	S:cds-YP_009724390.1	CCT	P	CTT	L	463
NC_045512.2	22950	C	-T	7441	3226	40	6	0	20	0.000806235	7442	1	FALSE	NA	NA	NA	NA	NA	NA
NC_045512.2	22950	C	+T	7441	3226	40	1	0	20	0.000134372	7442	1	FALSE	NA	NA	NA	NA	NA	NA
NC_045512.2	22951	T	C	7163	2969	39	12	6	40	0.00167224	7176	0.000241803	TRUE	S:cds-YP_009724390.1	CCT	P	CCC	P	463
NC_045512.2	22951	T	A	7163	2969	39	1	0	37	0.000139353	7176	0.996064	FALSE	S:cds-YP_009724390.1	CCT	P	CCA	P	463
NC_045512.2	22952	T	G	7164	3011	39	2	0	25	0.000279096	7166	1	FALSE	S:cds-YP_009724390.1	TTT	F	GTT	V	464
NC_045512.2	22953	T	G	7353	3056	40	1	1	29	0.00013598	7354	1	FALSE	S:cds-YP_009724390.1	TTT	F	TGT	C	464
NC_045512.2	22954	T	C	7385	3065	40	2	0	37	0.000270709	7388	0.980497	FALSE	S:cds-YP_009724390.1	TTT	F	TTC	F	464
NC_045512.2	22954	T	A	7385	3065	40	1	1	37	0.000135355	7388	0.996099	FALSE	S:cds-YP_009724390.1	TTT	F	TTA	L	464
NC_045512.2	22955	G	C	7419	3123	40	1	0	37	0.000134771	7420	0.996103	FALSE	S:cds-YP_009724390.1	GAG	E	CAG	Q	465
NC_045512.2	22956	A	G	7357	3131	40	1	1	37	0.000135906	7358	0.996103	FALSE	S:cds-YP_009724390.1	GAG	E	GGG	G	465
NC_045512.2	22957	G	T	7344	3215	41	1	0	25	0.000136147	7345	1	FALSE	S:cds-YP_009724390.1	GAG	E	GAT	D	465
NC_045512.2	22958	A	T	6706	3277	39	2	1	31	0.000298107	6709	0.964885	FALSE	S:cds-YP_009724390.1	AGA	R	TGA	*	466
NC_045512.2	22958	A	G	6706	3277	39	1	0	37	0.000149054	6709	0.992196	FALSE	S:cds-YP_009724390.1	AGA	R	GGA	G	466
NC_045512.2	22959	G	T	6725	3289	39	1	0	25	0.000148677	6726	1	FALSE	S:cds-YP_009724390.1	AGA	R	ATA	I	466
NC_045512.2	22960	A	T	6742	3285	39	1	1	74	0.00014828	6744	0.5	FALSE	S:cds-YP_009724390.1	AGA	R	AGT	S	466
NC_045512.2	22960	A	G	6742	3285	39	1	1	37	0.00014828	6744	0.9922	FALSE	S:cds-YP_009724390.1	AGA	R	AGG	R	466
NC_045512.2	22961	G	A	6708	3252	39	1	0	37	0.000149054	6709	0.992204	FALSE	S:cds-YP_009724390.1	GAT	D	AAT	N	467
NC_045512.2	22962	A	G	6757	3280	39	1	1	37	0.000147973	6758	0.992204	FALSE	S:cds-YP_009724390.1	GAT	D	GGT	G	467
NC_045512.2	22963	T	C	6742	3262	39	1	1	37	0.000148302	6743	0.992204	FALSE	S:cds-YP_009724390.1	GAT	D	GAC	D	467
NC_045512.2	22964	A	G	6726	3255	39	1	1	37	0.000148655	6727	0.992204	FALSE	S:cds-YP_009724390.1	ATT	I	GTT	V	468
NC_045512.2	22966	T	C	6572	3231	39	2	0	37	0.000304229	6574	0.964902	FALSE	S:cds-YP_009724390.1	ATT	I	ATC	I	468
NC_045512.2	22967	T	C	6927	3605	39	2	0	37	0.000288642	6929	0.964899	FALSE	S:cds-YP_009724390.1	TCA	S	CCA	P	469
NC_045512.2	22968	C	T	6994	3711	39	4	1	34	0.00057151	6999	0.828213	FALSE	S:cds-YP_009724390.1	TCA	S	TTA	L	469
NC_045512.2	22968	C	G	6994	3711	39	1	1	37	0.000142878	6999	0.992188	FALSE	S:cds-YP_009724390.1	TCA	S	TGA	*	469
NC_045512.2	22972	T	C	7233	3974	39	1	1	37	0.000138236	7234	0.996103	FALSE	S:cds-YP_009724390.1	ACT	T	ACC	T	470
NC_045512.2	22973	G	T	7247	4008	39	1	1	37	0.00013795	7249	0.996101	FALSE	S:cds-YP_009724390.1	GAA	E	TAA	*	471
NC_045512.2	22973	G	A	7247	4008	39	1	0	37	0.00013795	7249	0.996101	FALSE	S:cds-YP_009724390.1	GAA	E	AAA	K	471
NC_045512.2	22974	A	G	7213	3981	39	1	1	37	0.000138619	7214	0.996103	FALSE	S:cds-YP_009724390.1	GAA	E	GGA	G	471
NC_045512.2	22975	A	G	7097	3884	39	1	1	25	0.000140885	7098	1	FALSE	S:cds-YP_009724390.1	GAA	E	GAG	E	471
NC_045512.2	22979	T	C	7238	4021	40	1	1	37	0.000138122	7240	0.996101	FALSE	S:cds-YP_009724390.1	TAT	Y	CAT	H	473
NC_045512.2	22979	T	A	7238	4021	40	1	0	25	0.000138122	7240	1	FALSE	S:cds-YP_009724390.1	TAT	Y	AAT	N	473
NC_045512.2	22980	A	G	7210	4005	39	1	0	37	0.000138677	7211	0.996103	FALSE	S:cds-YP_009724390.1	TAT	Y	TGT	C	473
NC_045512.2	22981	T	A	7200	3980	39	1	0	37	0.00013887	7201	0.996104	FALSE	S:cds-YP_009724390.1	TAT	Y	TAA	*	473
NC_045512.2	22983	A	G	6938	4039	39	3	2	37	0.000432152	6942	0.910227	FALSE	S:cds-YP_009724390.1	CAG	Q	CGG	R	474
NC_045512.2	22983	A	C	6938	4039	39	1	0	25	0.000144051	6942	1	FALSE	S:cds-YP_009724390.1	CAG	Q	CCG	P	474
NC_045512.2	22984	G	A	6891	4046	39	2	1	37	0.000290149	6893	0.964899	FALSE	S:cds-YP_009724390.1	CAG	Q	CAA	Q	474
NC_045512.2	22985	G	A	6867	4031	39	5	4	37	0.00072759	6872	0.72575	FALSE	S:cds-YP_009724390.1	GCC	A	ACC	T	475
NC_045512.2	22986	C	T	6894	4024	39	1	0	37	0.000145033	6895	0.992203	FALSE	S:cds-YP_009724390.1	GCC	A	GTC	V	475
NC_045512.2	22987	C	T	6781	3936	39	1	0	37	0.000147449	6782	0.992204	FALSE	S:cds-YP_009724390.1	GCC	A	GCT	A	475
NC_045512.2	22988	G	T	6429	3982	38	2	2	31	0.000310945	6432	0.964886	FALSE	S:cds-YP_009724390.1	GGT	G	TGT	C	476
NC_045512.2	22988	G	A	6429	3982	38	1	1	37	0.000155473	6432	0.992196	FALSE	S:cds-YP_009724390.1	GGT	G	AGT	S	476
NC_045512.2	22989	G	A	6412	4032	38	1	1	37	0.000155933	6413	0.992205	FALSE	S:cds-YP_009724390.1	GGT	G	GAT	D	476
NC_045512.2	22990	T	C	6331	3977	38	1	1	37	0.000157878	6334	0.992196	FALSE	S:cds-YP_009724390.1	GGT	G	GGC	G	476
NC_045512.2	22990	T	A	6331	3977	38	2	1	31	0.000315756	6334	0.964887	FALSE	S:cds-YP_009724390.1	GGT	G	GGA	G	476
NC_045512.2	22990	T	-AG	6331	3977	38	1	0	20	0.000157878	6334	1	FALSE	NA	NA	NA	NA	NA	NA
NC_045512.2	22991	A	G	6273	3978	38	1	1	37	0.000159363	6275	0.992201	FALSE	S:cds-YP_009724390.1	AGC	S	GGC	G	477
NC_045512.2	22991	A	C	6273	3978	38	1	0	25	0.000159363	6275	1	FALSE	S:cds-YP_009724390.1	AGC	S	CGC	R	477
NC_045512.2	22992	G	T	0	0	0	1	0	37	0.00016	6250	0.00112	TRUE	S:cds-YP_009724390.1	AGC	S	ATC	I	477
NC_045512.2	22992	G	C	0	0	0	1	1	25	0.00016	6250	0.01008	FALSE	S:cds-YP_009724390.1	AGC	S	ACC	T	477
NC_045512.2	22992	G	A	0	0	0	6248	3913	37	0.99968	6250	0	TRUE	S:cds-YP_009724390.1	AGC	S	AAC	N	477
NC_045512.2	22994	A	C	6282	3939	38	1	0	25	0.00015916	6283	1	FALSE	S:cds-YP_009724390.1	ACA	T	CCA	P	478
NC_045512.2	22995	C	G	3	2	29	1332	913	37	0.229418	5806	0	TRUE	S:cds-YP_009724390.1	ACA	T	AGA	R	478
NC_045512.2	22995	C	A	3	2	29	4471	2897	37	0.770065	5806	0	TRUE	S:cds-YP_009724390.1	ACA	T	AAA	K	478
NC_045512.2	22998	C	A	5579	3647	37	2	1	25	0.000358359	5581	1	FALSE	S:cds-YP_009724390.1	CCT	P	CAT	H	479
NC_045512.2	22998	C	-T	5579	3647	37	1	0	20	0.000179179	5581	1	FALSE	NA	NA	NA	NA	NA	NA
NC_045512.2	22999	T	A	5458	3582	37	2	0	37	0.0003663	5460	0.93756	FALSE	S:cds-YP_009724390.1	CCT	P	CCA	P	479
NC_045512.2	23000	T	G	5373	3543	37	2	0	25	0.000372024	5376	1	FALSE	S:cds-YP_009724390.1	TGT	C	GGT	G	480
NC_045512.2	23000	T	C	5373	3543	37	1	1	37	0.000186012	5376	0.984388	FALSE	S:cds-YP_009724390.1	TGT	C	CGT	R	480
NC_045512.2	23001	G	C	5565	3603	37	2	0	37	0.000359195	5568	0.937559	FALSE	S:cds-YP_009724390.1	TGT	C	TCT	S	480
NC_045512.2	23001	G	A	5565	3603	37	1	1	37	0.000179598	5568	0.984388	FALSE	S:cds-YP_009724390.1	TGT	C	TAT	Y	480
NC_045512.2	23003	A	C	5518	3630	37	3	0	29	0.00054338	5521	1	FALSE	S:cds-YP_009724390.1	AAT	N	CAT	H	481
NC_045512.2	23004	A	G	5379	3523	37	1	0	36	0.000185874	5380	0.984405	FALSE	S:cds-YP_009724390.1	AAT	N	AGT	S	481
NC_045512.2	23005	T	C	5342	3494	37	1	1	74	0.000187161	5343	0.500047	FALSE	S:cds-YP_009724390.1	AAT	N	AAC	N	481
NC_045512.2	23006	G	T	5260	3365	38	1	1	37	0.000190078	5261	0.984406	FALSE	S:cds-YP_009724390.1	GGT	G	TGT	C	482
NC_045512.2	23007	G	C	5248	3374	38	1	1	37	0.000190512	5249	0.984406	FALSE	S:cds-YP_009724390.1	GGT	G	GCT	A	482
NC_045512.2	23008	T	C	5092	3224	38	3	0	37	0.000588813	5095	0.85563	FALSE	S:cds-YP_009724390.1	GGT	G	GGC	G	482
NC_045512.2	23010	T	G	4806	3214	37	1	1	25	0.00020803	4807	1	FALSE	S:cds-YP_009724390.1	GTT	V	GGT	G	483
NC_045512.2	23011	T	C	4841	3208	38	1	1	37	0.000206526	4842	0.968798	FALSE	S:cds-YP_009724390.1	GTT	V	GTC	V	483
NC_045512.2	23012	G	A	4816	3194	37	3	2	37	0.000622536	4819	0.773608	FALSE	S:cds-YP_009724390.1	GAA	E	AAA	K	484
NC_045512.2	23013	A	T	0	0	0	5	4	37	0.00105574	4736	6.33252e-15	TRUE	S:cds-YP_009724390.1	GAA	E	GTA	V	484
NC_045512.2	23013	A	C	0	0	0	4731	3164	37	0.998944	4736	0	TRUE	S:cds-YP_009724390.1	GAA	E	GCA	A	484
NC_045512.2	23016	G	A	4147	2974	37	1	1	37	0.00024108	4148	0.968806	FALSE	S:cds-YP_009724390.1	GGT	G	GAT	D	485
NC_045512.2	23017	T	C	4126	2993	37	1	1	37	0.000242307	4127	0.968807	FALSE	S:cds-YP_009724390.1	GGT	G	GGC	G	485
NC_045512.2	23018	T	C	0	0	0	4075	2946	37	1	4075	0	TRUE	S:cds-YP_009724390.1	TTT	F	CTT	L	486
NC_045512.2	23019	T	C	0	0	0	4193	3294	37	1	4193	0	TRUE	S:cds-YP_009724390.1	TTT	F	TCT	S	486
NC_045512.2	23020	T	C	4488	3564	37	2	1	37	0.000445434	4490	0.890756	FALSE	S:cds-YP_009724390.1	TTT	F	TTC	F	486
NC_045512.2	23021	A	C	4499	3589	37	1	0	25	0.000222222	4500	1	FALSE	S:cds-YP_009724390.1	AAT	N	CAT	H	487
NC_045512.2	23022	A	T	4410	3511	37	1	0	25	0.000226655	4412	1	FALSE	S:cds-YP_009724390.1	AAT	N	ATT	I	487
NC_045512.2	23022	A	G	4410	3511	37	1	1	37	0.000226655	4412	0.968785	FALSE	S:cds-YP_009724390.1	AAT	N	AGT	S	487
NC_045512.2	23023	T	G	4472	3586	37	1	0	25	0.000223564	4473	1	FALSE	S:cds-YP_009724390.1	AAT	N	AAG	K	487
NC_045512.2	23024	T	C	4477	3549	37	1	0	37	0.000223264	4479	0.968785	FALSE	S:cds-YP_009724390.1	TGT	C	CGT	R	488
NC_045512.2	23024	T	A	4477	3549	37	1	0	37	0.000223264	4479	0.968785	FALSE	S:cds-YP_009724390.1	TGT	C	AGT	S	488
NC_045512.2	23026	T	C	4068	3192	37	1	1	37	0.000245761	4069	0.968808	FALSE	S:cds-YP_009724390.1	TGT	C	TGC	C	488
NC_045512.2	23027	T	G	4036	3177	37	1	0	37	0.000247709	4037	0.968808	FALSE	S:cds-YP_009724390.1	TAC	Y	GAC	D	489
NC_045512.2	23028	A	C	3964	3147	37	2	2	37	0.000504286	3966	0.812658	FALSE	S:cds-YP_009724390.1	TAC	Y	TCC	S	489
NC_045512.2	23030	T	C	4137	3343	38	3	1	37	0.000724638	4140	0.773636	FALSE	S:cds-YP_009724390.1	TTT	F	CTT	L	490
NC_045512.2	23031	T	C	1	1	37	4184	3403	38	0.999761	4185	0	TRUE	S:cds-YP_009724390.1	TTT	F	TCT	S	490
NC_045512.2	23032	T	G	4307	3562	38	3	3	37	0.000696056	4310	0.773628	FALSE	S:cds-YP_009724390.1	TTT	F	TTG	L	490
NC_045512.2	23034	C	T	4354	3634	38	1	1	37	0.000229621	4355	0.968804	FALSE	S:cds-YP_009724390.1	CCT	P	CTT	L	491
NC_045512.2	23035	T	C	4114	3389	37	1	0	37	0.000243013	4115	0.968807	FALSE	S:cds-YP_009724390.1	CCT	P	CCC	P	491
NC_045512.2	23036	T	G	4129	3515	38	3	2	25	0.000725689	4134	1	FALSE	S:cds-YP_009724390.1	TTA	L	GTA	V	492
NC_045512.2	23036	T	C	4129	3515	38	2	2	31	0.000483793	4134	0.890597	FALSE	S:cds-YP_009724390.1	TTA	L	CTA	L	492
NC_045512.2	23037	T	C	4017	3544	38	4	4	37	0.000994777	4021	0.636923	FALSE	S:cds-YP_009724390.1	TTA	L	TCA	S	492
NC_045512.2	23038	A	G	3937	3469	37	1	1	37	0.000253936	3938	0.937579	FALSE	S:cds-YP_009724390.1	TTA	L	TTG	L	492
NC_045512.2	23039	C	T	4071	3606	38	1	1	25	0.00024558	4072	1	FALSE	S:cds-YP_009724390.1	CAA	Q	TAA	*	493
NC_045512.2	23041	A	C	3780	3313	37	1	1	37	0.00026448	3781	0.937583	FALSE	S:cds-YP_009724390.1	CAA	Q	CAC	H	493
NC_045512.2	23042	T	C	3563	3128	38	2	0	37	0.00056101	3565	0.812675	FALSE	S:cds-YP_009724390.1	TCA	S	CCA	P	494
NC_045512.2	23044	A	G	3384	3113	37	1	1	25	0.000295421	3385	1	FALSE	S:cds-YP_009724390.1	TCA	S	TCG	S	494
NC_045512.2	23045	T	C	3359	3095	37	2	2	37	0.000595061	3361	0.812686	FALSE	S:cds-YP_009724390.1	TAT	Y	CAT	H	495
NC_045512.2	23046	A	C	3342	3070	37	1	1	29	0.000299133	3343	1	FALSE	S:cds-YP_009724390.1	TAT	Y	TCT	S	495
NC_045512.2	23049	G	A	3153	2913	37	2	2	37	0.000633914	3155	0.812698	FALSE	S:cds-YP_009724390.1	GGT	G	GAT	D	496
NC_045512.2	23051	T	C	2553	2440	36	1	1	37	0.000391543	2554	0.875147	FALSE	S:cds-YP_009724390.1	TTC	F	CTC	L	497
NC_045512.2	23055	A	G	4	4	34	2610	2508	37	0.99847	2614	0	TRUE	S:cds-YP_009724390.1	CAA	Q	CGA	R	498
NC_045512.2	23057	C	T	2601	2501	37	1	1	37	0.00038432	2602	0.875144	FALSE	S:cds-YP_009724390.1	CCC	P	TCC	S	499
NC_045512.2	23059	C	T	2456	2356	37	2	2	31	0.00081367	2458	0.687729	FALSE	S:cds-YP_009724390.1	CCC	P	CCT	P	499
NC_045512.2	23063	A	T	0	0	0	2408	2339	37	1	2408	0	TRUE	S:cds-YP_009724390.1	AAT	N	TAT	Y	501
NC_045512.2	23065	T	G	2346	2281	36	2	2	31	0.000851789	2348	0.68774	FALSE	S:cds-YP_009724390.1	AAT	N	AAG	K	501
NC_045512.2	23066	G	T	2359	2296	36	1	1	37	0.000423729	2360	0.875159	FALSE	S:cds-YP_009724390.1	GGT	G	TGT	C	502
NC_045512.2	23069	G	A	1857	1792	37	1	1	37	0.000538213	1858	0.750202	FALSE	S:cds-YP_009724390.1	GTT	V	ATT	I	503
NC_045512.2	23070	T	C	1541	1477	37	2	2	31	0.00129618	1543	0.500243	FALSE	S:cds-YP_009724390.1	GTT	V	GCT	A	503
NC_045512.2	23072	G	T	1519	1456	37	1	1	37	0.000657895	1520	0.750247	FALSE	S:cds-YP_009724390.1	GGT	G	TGT	C	504
NC_045512.2	23073	G	A	1545	1481	37	1	1	37	0.000646831	1546	0.750243	FALSE	S:cds-YP_009724390.1	GGT	G	GAT	D	504
NC_045512.2	23074	T	C	1549	1486	37	1	1	37	0.000645161	1550	0.750242	FALSE	S:cds-YP_009724390.1	GGT	G	GGC	G	504
NC_045512.2	23075	T	C	0	0	0	1554	1490	37	1	1554	0	TRUE	S:cds-YP_009724390.1	TAC	Y	CAC	H	505
NC_045512.2	23084	T	C	1544	1481	37	2	2	37	0.00129366	1546	0.500243	FALSE	S:cds-YP_009724390.1	TAC	Y	CAC	H	508
NC_045512.2	23092	A	G	1547	1483	37	1	1	37	0.000645995	1548	0.750242	FALSE	S:cds-YP_009724390.1	GTA	V	GTG	V	510
NC_045512.2	23111	C	T	1471	1419	37	1	1	37	0.000679348	1472	0.750255	FALSE	S:cds-YP_009724390.1	CTT	L	TTT	F	517
NC_045512.2	23115	T	G	2566	1331	36	1	1	37	0.000389408	2568	0.875073	FALSE	S:cds-YP_009724390.1	CTA	L	CGA	R	518
NC_045512.2	23115	T	C	2566	1331	36	1	1	37	0.000389408	2568	0.875073	FALSE	S:cds-YP_009724390.1	CTA	L	CCA	P	518
NC_045512.2	23116	A	G	1521	262	36	1	0	25	0.000656599	1523	0.999985	FALSE	S:cds-YP_009724390.1	CTA	L	CTG	L	518
NC_045512.2	23116	A	C	1521	262	36	1	1	25	0.000656599	1523	0.999985	FALSE	S:cds-YP_009724390.1	CTA	L	CTC	L	518
NC_045512.2	23117	C	T	1554	274	36	1	0	37	0.000642674	1556	0.75008	FALSE	S:cds-YP_009724390.1	CAT	H	TAT	Y	519
NC_045512.2	23117	C	G	1554	274	36	1	1	37	0.000642674	1556	0.75008	FALSE	S:cds-YP_009724390.1	CAT	H	GAT	D	519
NC_045512.2	23120	G	T	1636	350	36	1	0	25	0.000610874	1637	0.999993	FALSE	S:cds-YP_009724390.1	GCA	A	TCA	S	520
NC_045512.2	23121	C	T	1708	380	36	2	0	37	0.00116822	1712	0.499781	FALSE	S:cds-YP_009724390.1	GCA	A	GTA	V	520
NC_045512.2	23121	C	A	1708	380	36	2	0	37	0.00116822	1712	0.499781	FALSE	S:cds-YP_009724390.1	GCA	A	GAA	E	520
NC_045512.2	23126	G	T	2091	410	36	1	0	25	0.000478011	2092	1	FALSE	S:cds-YP_009724390.1	GCA	A	TCA	S	522
NC_045512.2	23131	T	G	2205	448	37	1	0	37	0.000453309	2206	0.87517	FALSE	S:cds-YP_009724390.1	ACT	T	ACG	T	523
NC_045512.2	23132	G	T	2293	474	37	1	0	37	0.00043592	2294	0.875163	FALSE	S:cds-YP_009724390.1	GTT	V	TTT	F	524
NC_045512.2	23133	T	G	2192	455	36	1	0	25	0.000455789	2194	1	FALSE	S:cds-YP_009724390.1	GTT	V	GGT	G	524
NC_045512.2	23133	T	A	2192	455	36	1	1	25	0.000455789	2194	1	FALSE	S:cds-YP_009724390.1	GTT	V	GAT	D	524
NC_045512.2	23135	T	C	2322	482	37	1	0	37	0.000430478	2323	0.875161	FALSE	S:cds-YP_009724390.1	TGT	C	CGT	R	525
NC_045512.2	23136	G	T	2350	506	37	1	1	37	0.000424989	2353	0.875	FALSE	S:cds-YP_009724390.1	TGT	C	TTT	F	525
NC_045512.2	23136	G	A	2350	506	37	2	0	37	0.000849979	2353	0.68758	FALSE	S:cds-YP_009724390.1	TGT	C	TAT	Y	525
NC_045512.2	23137	T	C	2342	515	37	1	0	37	0.000426803	2343	0.87516	FALSE	S:cds-YP_009724390.1	TGT	C	TGC	C	525
NC_045512.2	23142	C	A	2882	535	36	2	0	31	0.000693481	2884	0.687695	FALSE	S:cds-YP_009724390.1	CCT	P	CAT	H	527
NC_045512.2	23143	T	C	2962	521	36	1	0	37	0.000337496	2963	0.875127	FALSE	S:cds-YP_009724390.1	CCT	P	CCC	P	527
NC_045512.2	23143	T	-A	2962	521	36	2	0	20	0.000674992	2963	1	FALSE	NA	NA	NA	NA	NA	NA
NC_045512.2	23145	A	G	3044	587	37	1	0	37	0.000328407	3045	0.937603	FALSE	S:cds-YP_009724390.1	AAA	K	AGA	R	528
NC_045512.2	23146	A	C	3050	571	37	3	3	33	0.00098264	3053	0.65648	FALSE	S:cds-YP_009724390.1	AAA	K	AAC	N	528
NC_045512.2	23147	A	C	2996	558	36	1	1	37	0.000333667	2997	0.875125	FALSE	S:cds-YP_009724390.1	AAG	K	CAG	Q	529
NC_045512.2	23152	T	G	3297	598	37	2	2	33	0.000606244	3299	0.81269	FALSE	S:cds-YP_009724390.1	TCT	S	TCG	S	530
NC_045512.2	23156	A	G	3408	622	37	1	0	37	0.000293341	3409	0.937592	FALSE	S:cds-YP_009724390.1	AAT	N	GAT	D	532
NC_045512.2	23157	A	G	3401	622	37	1	0	37	0.000293858	3403	0.937555	FALSE	S:cds-YP_009724390.1	AAT	N	AGT	S	532
NC_045512.2	23157	A	C	3401	622	37	1	0	25	0.000293858	3403	1	FALSE	S:cds-YP_009724390.1	AAT	N	ACT	T	532
NC_045512.2	23159	T	A	3339	628	36	1	0	37	0.000299401	3340	0.937594	FALSE	S:cds-YP_009724390.1	TTG	L	ATG	M	533
NC_045512.2	23160	T	G	3442	675	37	1	1	25	0.000290444	3443	1	FALSE	S:cds-YP_009724390.1	TTG	L	TGG	W	533
NC_045512.2	23163	T	G	3407	669	37	1	0	25	0.000293427	3408	1	FALSE	S:cds-YP_009724390.1	GTT	V	GGT	G	534
NC_045512.2	23164	T	A	3488	698	37	1	0	37	0.000286615	3489	0.93759	FALSE	S:cds-YP_009724390.1	GTT	V	GTA	V	534
NC_045512.2	23167	A	T	3736	727	37	1	0	37	0.000267594	3737	0.937584	FALSE	S:cds-YP_009724390.1	AAA	K	AAT	N	535
NC_045512.2	23168	A	T	3774	720	37	1	0	37	0.000264901	3775	0.937583	FALSE	S:cds-YP_009724390.1	AAC	N	TAC	Y	536
NC_045512.2	23169	A	T	3683	748	36	1	0	37	0.000271444	3684	0.937585	FALSE	S:cds-YP_009724390.1	AAC	N	ATC	I	536
NC_045512.2	23171	A	G	3908	798	37	1	0	37	0.00025582	3909	0.93758	FALSE	S:cds-YP_009724390.1	AAA	K	GAA	E	537
NC_045512.2	23172	A	G	3861	784	37	2	1	55	0.000517732	3863	0.250032	FALSE	S:cds-YP_009724390.1	AAA	K	AGA	R	537
NC_045512.2	23173	A	C	3782	768	36	1	1	25	0.00026434	3783	1	FALSE	S:cds-YP_009724390.1	AAA	K	AAC	N	537
NC_045512.2	23174	T	G	3891	827	37	1	0	25	0.000256871	3893	1	FALSE	S:cds-YP_009724390.1	TGT	C	GGT	G	538
NC_045512.2	23174	T	C	3891	827	37	1	1	37	0.000256871	3893	0.937548	FALSE	S:cds-YP_009724390.1	TGT	C	CGT	R	538
NC_045512.2	23176	T	G	3910	851	37	1	0	25	0.000255624	3912	1	FALSE	S:cds-YP_009724390.1	TGT	C	TGG	W	538
NC_045512.2	23176	T	C	3910	851	37	1	0	74	0.000255624	3912	0.5	FALSE	S:cds-YP_009724390.1	TGT	C	TGC	C	538
NC_045512.2	23177	G	C	3950	853	37	1	0	25	0.000253036	3952	1	FALSE	S:cds-YP_009724390.1	GTC	V	CTC	L	539
NC_045512.2	23177	G	A	3950	853	37	1	0	37	0.000253036	3952	0.937547	FALSE	S:cds-YP_009724390.1	GTC	V	ATC	I	539
NC_045512.2	23178	T	C	3915	861	37	2	1	37	0.000510465	3918	0.81258	FALSE	S:cds-YP_009724390.1	GTC	V	GCC	A	539
NC_045512.2	23178	T	A	3915	861	37	1	1	25	0.000255232	3918	1	FALSE	S:cds-YP_009724390.1	GTC	V	GAC	D	539
NC_045512.2	23181	A	C	3912	862	37	1	0	25	0.000255558	3913	1	FALSE	S:cds-YP_009724390.1	AAT	N	ACT	T	540
NC_045512.2	23182	T	C	3932	870	37	1	0	37	0.000254194	3934	0.937548	FALSE	S:cds-YP_009724390.1	AAT	N	AAC	N	540
NC_045512.2	23182	T	A	3932	870	37	1	0	25	0.000254194	3934	1	FALSE	S:cds-YP_009724390.1	AAT	N	AAA	K	540
NC_045512.2	23183	T	C	3965	920	37	1	0	37	0.000252143	3966	0.937579	FALSE	S:cds-YP_009724390.1	TTC	F	CTC	L	541
NC_045512.2	23184	T	C	4066	926	38	1	0	37	0.000245821	4068	0.968788	FALSE	S:cds-YP_009724390.1	TTC	F	TCC	S	541
NC_045512.2	23184	T	A	4066	926	38	1	1	20	0.000245821	4068	1	FALSE	S:cds-YP_009724390.1	TTC	F	TAC	Y	541
NC_045512.2	23186	A	G	4371	1427	39	1	0	37	0.000228728	4372	0.968804	FALSE	S:cds-YP_009724390.1	AAC	N	GAC	D	542
NC_045512.2	23187	A	G	4400	1413	39	4	4	37	0.000907853	4406	0.636657	FALSE	S:cds-YP_009724390.1	AAC	N	AGC	S	542
NC_045512.2	23187	A	C	4400	1413	39	2	2	31	0.000453926	4406	0.890545	FALSE	S:cds-YP_009724390.1	AAC	N	ACC	T	542
NC_045512.2	23188	C	A	4567	1541	39	1	0	25	0.000218914	4568	1	FALSE	S:cds-YP_009724390.1	AAC	N	AAA	K	542
NC_045512.2	23189	T	C	4577	1523	39	3	0	29	0.000655022	4580	1	FALSE	S:cds-YP_009724390.1	TTC	F	CTC	L	543
NC_045512.2	23190	T	A	4612	1514	39	1	1	37	0.000216779	4613	0.968801	FALSE	S:cds-YP_009724390.1	TTC	F	TAC	Y	543
NC_045512.2	23191	C	T	4726	1585	39	1	1	37	0.000211506	4728	0.968783	FALSE	S:cds-YP_009724390.1	TTC	F	TTT	F	543
NC_045512.2	23191	C	A	4726	1585	39	1	1	37	0.000211506	4728	0.968783	FALSE	S:cds-YP_009724390.1	TTC	F	TTA	L	543
NC_045512.2	23192	A	C	4659	1559	39	1	0	25	0.000214592	4660	1	FALSE	S:cds-YP_009724390.1	AAT	N	CAT	H	544
NC_045512.2	23193	A	C	4545	1502	39	2	2	25	0.00043985	4547	1	FALSE	S:cds-YP_009724390.1	AAT	N	ACT	T	544
NC_045512.2	23194	T	G	4457	1562	38	2	2	31	0.000448531	4459	0.890756	FALSE	S:cds-YP_009724390.1	AAT	N	AAG	K	544
NC_045512.2	23196	G	T	4892	1644	39	2	2	23	0.000408664	4894	1	FALSE	S:cds-YP_009724390.1	GGT	G	GTT	V	545
NC_045512.2	23197	T	G	4658	1617	38	2	0	25	0.000429185	4660	1	FALSE	S:cds-YP_009724390.1	GGT	G	GGG	G	545
NC_045512.2	23198	T	G	4785	1680	39	1	0	25	0.000208943	4786	1	FALSE	S:cds-YP_009724390.1	TTA	L	GTA	V	546
NC_045512.2	23199	T	C	4935	1717	40	1	0	37	0.000202593	4936	0.968797	FALSE	S:cds-YP_009724390.1	TTA	L	TCA	S	546
NC_045512.2	23201	A	T	4931	1716	39	1	1	37	0.000202634	4935	0.96875	FALSE	S:cds-YP_009724390.1	ACA	T	TCA	S	547
NC_045512.2	23201	A	G	4931	1716	39	2	0	37	0.000405268	4935	0.890649	FALSE	S:cds-YP_009724390.1	ACA	T	GCA	A	547
NC_045512.2	23201	A	C	4931	1716	39	1	1	37	0.000202634	4935	0.96875	FALSE	S:cds-YP_009724390.1	ACA	T	CCA	P	547
NC_045512.2	23202	C	T	4957	1758	39	1	1	37	0.000201694	4958	0.968797	FALSE	S:cds-YP_009724390.1	ACA	T	ATA	I	547
NC_045512.2	23202	C	-A	4957	1758	39	1	0	20	0.000201694	4958	1	FALSE	NA	NA	NA	NA	NA	NA
NC_045512.2	23203	A	T	4911	1755	39	1	0	37	0.000203459	4915	0.968734	FALSE	S:cds-YP_009724390.1	ACA	T	ACT	T	547
NC_045512.2	23203	A	G	4911	1755	39	3	0	37	0.000610376	4915	0.773438	FALSE	S:cds-YP_009724390.1	ACA	T	ACG	T	547
NC_045512.2	23204	G	T	4770	1769	39	1	1	37	0.0002096	4771	0.968799	FALSE	S:cds-YP_009724390.1	GGC	G	TGC	C	548
NC_045512.2	23205	G	A	4966	1766	39	12	4	40	0.00241061	4978	0.000242818	TRUE	S:cds-YP_009724390.1	GGC	G	GAC	D	548
NC_045512.2	23207	A	G	4939	1784	38	1	0	25	0.000202347	4942	1	FALSE	S:cds-YP_009724390.1	ACA	T	GCA	A	549
NC_045512.2	23207	A	C	4939	1784	38	2	1	25	0.000404694	4942	1	FALSE	S:cds-YP_009724390.1	ACA	T	CCA	P	549
NC_045512.2	23208	C	T	5242	1818	39	2	1	37	0.000381388	5244	0.937594	FALSE	S:cds-YP_009724390.1	ACA	T	ATA	I	549
NC_045512.2	23209	A	G	5226	1822	39	2	0	37	0.000382555	5228	0.937594	FALSE	S:cds-YP_009724390.1	ACA	T	ACG	T	549
NC_045512.2	23210	G	A	5349	1798	39	1	0	37	0.000186916	5350	0.984406	FALSE	S:cds-YP_009724390.1	GGT	G	AGT	S	550
NC_045512.2	23211	G	T	5400	1816	39	1	0	37	0.000185082	5403	0.984388	FALSE	S:cds-YP_009724390.1	GGT	G	GTT	V	550
NC_045512.2	23211	G	A	5400	1816	39	2	1	37	0.000370165	5403	0.937561	FALSE	S:cds-YP_009724390.1	GGT	G	GAT	D	550
NC_045512.2	23212	T	A	5333	2139	38	2	2	37	0.000374883	5335	0.937592	FALSE	S:cds-YP_009724390.1	GGT	G	GGA	G	550
NC_045512.2	23213	G	A	5431	2134	39	1	0	25	0.000184094	5432	1	FALSE	S:cds-YP_009724390.1	GTT	V	ATT	I	551
NC_045512.2	23214	T	G	5311	2132	38	1	0	25	0.000188253	5312	1	FALSE	S:cds-YP_009724390.1	GTT	V	GGT	G	551
NC_045512.2	23215	T	G	5319	2109	38	2	0	25	0.000375869	5321	1	FALSE	S:cds-YP_009724390.1	GTT	V	GTG	V	551
NC_045512.2	23216	C	A	5416	2157	38	1	0	37	0.000184604	5417	0.984405	FALSE	S:cds-YP_009724390.1	CTT	L	ATT	I	552
NC_045512.2	23217	T	C	5304	2097	38	1	0	25	0.000188501	5305	1	FALSE	S:cds-YP_009724390.1	CTT	L	CCT	P	552
NC_045512.2	23218	T	C	5346	2085	38	1	0	37	0.000187021	5347	0.984406	FALSE	S:cds-YP_009724390.1	CTT	L	CTC	L	552
NC_045512.2	23220	C	T	5416	2121	38	1	0	37	0.000184604	5417	0.984405	FALSE	S:cds-YP_009724390.1	ACT	T	ATT	I	553
NC_045512.2	23221	T	C	5387	2070	39	3	0	49	0.000556586	5390	0.125	FALSE	S:cds-YP_009724390.1	ACT	T	ACC	T	553
NC_045512.2	23223	A	G	5286	1985	39	3	2	49	0.000567215	5289	0.125	FALSE	S:cds-YP_009724390.1	GAG	E	GGG	G	554
NC_045512.2	23224	G	A	5207	2029	38	2	0	37	0.000383951	5209	0.937594	FALSE	S:cds-YP_009724390.1	GAG	E	GAA	E	554
NC_045512.2	23225	T	A	5087	2014	38	1	1	25	0.000196541	5088	1	FALSE	S:cds-YP_009724390.1	TCT	S	ACT	T	555
NC_045512.2	23227	T	C	5384	2342	38	4	3	37	0.000742253	5389	0.746185	FALSE	S:cds-YP_009724390.1	TCT	S	TCC	S	555
NC_045512.2	23227	T	A	5384	2342	38	1	1	37	0.000185563	5389	0.984371	FALSE	S:cds-YP_009724390.1	TCT	S	TCA	S	555
NC_045512.2	23229	A	T	5419	2406	38	1	0	37	0.000184502	5420	0.984405	FALSE	S:cds-YP_009724390.1	AAC	N	ATC	I	556
NC_045512.2	23231	A	G	5445	2506	38	1	1	25	0.000183621	5446	1	FALSE	S:cds-YP_009724390.1	AAA	K	GAA	E	557
NC_045512.2	23232	A	C	5409	2455	38	1	1	25	0.000184843	5410	1	FALSE	S:cds-YP_009724390.1	AAA	K	ACA	T	557
NC_045512.2	23233	A	G	5370	2458	38	1	1	62	0.000186185	5371	0.500047	FALSE	S:cds-YP_009724390.1	AAA	K	AAG	K	557
NC_045512.2	23234	A	T	5352	2477	38	1	0	37	0.000186811	5353	0.984406	FALSE	S:cds-YP_009724390.1	AAG	K	TAG	*	558
NC_045512.2	23235	A	T	5368	2548	38	1	0	37	0.000186185	5371	0.984388	FALSE	S:cds-YP_009724390.1	AAG	K	ATG	M	558
NC_045512.2	23235	A	G	5368	2548	38	1	1	37	0.000186185	5371	0.984388	FALSE	S:cds-YP_009724390.1	AAG	K	AGG	R	558
NC_045512.2	23235	A	C	5368	2548	38	1	1	25	0.000186185	5371	1	FALSE	S:cds-YP_009724390.1	AAG	K	ACG	T	558
NC_045512.2	23237	T	C	5398	2583	38	1	0	25	0.000185219	5399	1	FALSE	S:cds-YP_009724390.1	TTT	F	CTT	L	559
NC_045512.2	23240	C	T	5365	2593	38	1	1	37	0.000186359	5366	0.984406	FALSE	S:cds-YP_009724390.1	CTG	L	TTG	L	560
NC_045512.2	23241	T	C	5399	2622	38	1	1	37	0.000185185	5400	0.984405	FALSE	S:cds-YP_009724390.1	CTG	L	CCG	P	560
NC_045512.2	23242	G	A	5076	2750	37	2	1	37	0.000393856	5078	0.937597	FALSE	S:cds-YP_009724390.1	CTG	L	CTA	L	560
NC_045512.2	23243	C	T	5023	2757	37	6	4	41	0.00119308	5029	0.015611	FALSE	S:cds-YP_009724390.1	CCT	P	TCT	S	561
NC_045512.2	23244	C	A	5022	2766	37	2	2	37	0.000398089	5024	0.937598	FALSE	S:cds-YP_009724390.1	CCT	P	CAT	H	561
NC_045512.2	23245	T	C	4923	2638	37	1	1	37	0.000203046	4925	0.968782	FALSE	S:cds-YP_009724390.1	CCT	P	CCC	P	561
NC_045512.2	23245	T	A	4923	2638	37	1	0	37	0.000203046	4925	0.968782	FALSE	S:cds-YP_009724390.1	CCT	P	CCA	P	561
NC_045512.2	23246	T	G	4828	2590	37	2	1	37	0.000413822	4833	0.890601	FALSE	S:cds-YP_009724390.1	TTC	F	GTC	V	562
NC_045512.2	23246	T	C	4828	2590	37	3	0	37	0.000620732	4833	0.773438	FALSE	S:cds-YP_009724390.1	TTC	F	CTC	L	562
NC_045512.2	23249	C	T	4927	2735	37	1	1	37	0.000202922	4928	0.968798	FALSE	S:cds-YP_009724390.1	CAA	Q	TAA	*	563
NC_045512.2	23250	A	G	4659	2581	36	2	0	31	0.000429	4662	0.8907	FALSE	S:cds-YP_009724390.1	CAA	Q	CGA	R	563
NC_045512.2	23250	A	C	4659	2581	36	1	1	25	0.0002145	4662	1	FALSE	S:cds-YP_009724390.1	CAA	Q	CCA	P	563
NC_045512.2	23251	A	C	4760	2681	36	1	1	37	0.00021004	4761	0.968799	FALSE	S:cds-YP_009724390.1	CAA	Q	CAC	H	563
NC_045512.2	23252	C	T	4962	2931	37	1	0	37	0.000201491	4963	0.968797	FALSE	S:cds-YP_009724390.1	CAA	Q	TAA	*	564
NC_045512.2	23253	A	G	4867	2865	37	1	1	37	0.000205297	4871	0.96875	FALSE	S:cds-YP_009724390.1	CAA	Q	CGA	R	564
NC_045512.2	23253	A	C	4867	2865	37	3	1	25	0.00061589	4871	1	FALSE	S:cds-YP_009724390.1	CAA	Q	CCA	P	564
NC_045512.2	23254	A	C	4584	2593	36	1	1	25	0.000218103	4585	1	FALSE	S:cds-YP_009724390.1	CAA	Q	CAC	H	564
NC_045512.2	23255	T	C	4711	2776	36	2	1	31	0.000424358	4713	0.890749	FALSE	S:cds-YP_009724390.1	TTT	F	CTT	L	565
NC_045512.2	23256	T	G	4736	2751	36	1	0	37	0.00021106	4738	0.968783	FALSE	S:cds-YP_009724390.1	TTT	F	TGT	C	565
NC_045512.2	23256	T	A	4736	2751	36	1	0	25	0.00021106	4738	1	FALSE	S:cds-YP_009724390.1	TTT	F	TAT	Y	565
NC_045512.2	23257	T	G	4858	2841	37	3	3	25	0.000616903	4863	1	FALSE	S:cds-YP_009724390.1	TTT	F	TTG	L	565
NC_045512.2	23257	T	C	4858	2841	37	2	2	37	0.000411269	4863	0.890601	FALSE	S:cds-YP_009724390.1	TTT	F	TTC	F	565
NC_045512.2	23259	G	A	5162	3190	37	1	1	37	0.000193686	5163	0.984407	FALSE	S:cds-YP_009724390.1	GGC	G	GAC	D	566
NC_045512.2	23260	C	T	5333	3380	38	12	8	37	0.00224509	5345	0.0716255	FALSE	S:cds-YP_009724390.1	GGC	G	GGT	G	566
NC_045512.2	23261	A	G	5259	3317	38	1	1	37	0.000190114	5260	0.984406	FALSE	S:cds-YP_009724390.1	AGA	R	GGA	G	567
NC_045512.2	23263	A	G	5497	3367	38	1	1	37	0.000181884	5498	0.984405	FALSE	S:cds-YP_009724390.1	AGA	R	AGG	R	567
NC_045512.2	23266	C	T	5573	3392	38	1	0	37	0.000179372	5575	0.984396	FALSE	S:cds-YP_009724390.1	GAC	D	GAT	D	568
NC_045512.2	23266	C	A	5573	3392	38	1	1	25	0.000179372	5575	1	FALSE	S:cds-YP_009724390.1	GAC	D	GAA	E	568
NC_045512.2	23267	A	C	5517	3401	38	1	0	37	0.000181225	5518	0.984405	FALSE	S:cds-YP_009724390.1	ATT	I	CTT	L	569
NC_045512.2	23268	T	C	5346	3397	37	1	0	37	0.000187021	5347	0.984406	FALSE	S:cds-YP_009724390.1	ATT	I	ACT	T	569
NC_045512.2	23270	G	A	5491	3435	37	3	1	37	0.00054605	5494	0.855618	FALSE	S:cds-YP_009724390.1	GCT	A	ACT	T	570
NC_045512.2	23271	C	T	5463	3451	37	2	1	37	0.000365764	5468	0.9375	FALSE	S:cds-YP_009724390.1	GCT	A	GTT	V	570
NC_045512.2	23271	C	G	5463	3451	37	2	2	31	0.000365764	5468	0.9375	FALSE	S:cds-YP_009724390.1	GCT	A	GGT	G	570
NC_045512.2	23271	C	A	5463	3451	37	1	1	37	0.000182882	5468	0.984371	FALSE	S:cds-YP_009724390.1	GCT	A	GAT	D	570
NC_045512.2	23272	T	C	5428	3374	37	3	3	37	0.000552384	5431	0.85562	FALSE	S:cds-YP_009724390.1	GCT	A	GCC	A	570
NC_045512.2	23274	A	T	5571	3554	37	3	2	39	0.000538213	5574	0.855616	FALSE	S:cds-YP_009724390.1	GAC	D	GTC	V	571
NC_045512.2	23275	C	T	5632	3581	37	1	1	37	0.000177525	5633	0.984404	FALSE	S:cds-YP_009724390.1	GAC	D	GAT	D	571
NC_045512.2	23276	A	T	5602	3577	37	3	3	33	0.00053495	5608	0.855439	FALSE	S:cds-YP_009724390.1	ACT	T	TCT	S	572
NC_045512.2	23276	A	G	5602	3577	37	1	1	25	0.000178317	5608	1	FALSE	S:cds-YP_009724390.1	ACT	T	GCT	A	572
NC_045512.2	23276	A	C	5602	3577	37	2	0	31	0.000356633	5608	0.937471	FALSE	S:cds-YP_009724390.1	ACT	T	CCT	P	572
NC_045512.2	23276	A	+G	5602	3577	37	2	0	20	0.000356633	5608	1	FALSE	NA	NA	NA	NA	NA	NA
NC_045512.2	23278	T	A	5940	3563	37	1	0	37	0.000168322	5941	0.984403	FALSE	S:cds-YP_009724390.1	ACT	T	ACA	T	572
NC_045512.2	23279	A	G	5992	3455	37	1	1	37	0.000166834	5994	0.984395	FALSE	S:cds-YP_009724390.1	ACT	T	GCT	A	573
NC_045512.2	23279	A	C	5992	3455	37	1	1	25	0.000166834	5994	1	FALSE	S:cds-YP_009724390.1	ACT	T	CCT	P	573
NC_045512.2	23280	C	T	6129	3583	37	2	1	37	0.000326211	6131	0.964906	FALSE	S:cds-YP_009724390.1	ACT	T	ATT	I	573
NC_045512.2	23281	T	C	6349	3846	37	1	0	37	0.00015748	6350	0.9922	FALSE	S:cds-YP_009724390.1	ACT	T	ACC	T	573
NC_045512.2	23283	A	G	6282	3750	37	1	1	37	0.00015916	6283	0.992201	FALSE	S:cds-YP_009724390.1	GAT	D	GGT	G	574
NC_045512.2	23284	T	G	6245	3703	38	1	1	25	0.000160102	6246	1	FALSE	S:cds-YP_009724390.1	GAT	D	GAG	E	574
NC_045512.2	23285	G	C	6194	3647	38	1	0	25	0.000161134	6206	1	FALSE	S:cds-YP_009724390.1	GCT	A	CCT	P	575
NC_045512.2	23285	G	A	6194	3647	38	11	5	44	0.00177248	6206	0.00048612	TRUE	S:cds-YP_009724390.1	GCT	A	ACT	T	575
NC_045512.2	23286	C	T	5875	3353	38	7	5	35	0.00119007	5882	0.387265	FALSE	S:cds-YP_009724390.1	GCT	A	GTT	V	575
NC_045512.2	23287	T	G	5723	3161	38	1	1	25	0.000174703	5724	1	FALSE	S:cds-YP_009724390.1	GCT	A	GCG	A	575
NC_045512.2	23288	G	A	5830	3250	38	1	1	48	0.000171497	5831	0.500043	FALSE	S:cds-YP_009724390.1	GTC	V	ATC	I	576
NC_045512.2	23289	T	C	5616	3180	38	1	1	37	0.000178031	5617	0.984404	FALSE	S:cds-YP_009724390.1	GTC	V	GCC	A	576
NC_045512.2	23290	C	T	5678	3201	38	1	1	37	0.000176087	5679	0.984404	FALSE	S:cds-YP_009724390.1	GTC	V	GTT	V	576
NC_045512.2	23291	C	T	5639	3198	38	3	2	37	0.000531726	5642	0.855614	FALSE	S:cds-YP_009724390.1	CGT	R	TGT	C	577
NC_045512.2	23292	G	T	5654	3189	38	1	1	37	0.000176647	5661	0.984354	FALSE	S:cds-YP_009724390.1	CGT	R	CTT	L	577
NC_045512.2	23292	G	A	5654	3189	38	6	4	37	0.00105988	5661	0.5	FALSE	S:cds-YP_009724390.1	CGT	R	CAT	H	577
NC_045512.2	23293	T	A	5670	3235	38	1	0	37	0.000176336	5671	0.984404	FALSE	S:cds-YP_009724390.1	CGT	R	CGA	R	577
NC_045512.2	23294	G	A	5700	3231	38	1	0	37	0.000175408	5701	0.984404	FALSE	S:cds-YP_009724390.1	GAT	D	AAT	N	578
NC_045512.2	23295	A	C	5627	3197	38	1	1	25	0.000177683	5628	1	FALSE	S:cds-YP_009724390.1	GAT	D	GCT	A	578
NC_045512.2	23296	T	C	5532	3234	38	1	1	25	0.000180734	5533	1	FALSE	S:cds-YP_009724390.1	GAT	D	GAC	D	578
NC_045512.2	23297	C	T	5460	3223	38	1	1	37	0.000183083	5462	0.984396	FALSE	S:cds-YP_009724390.1	CCA	P	TCA	S	579
NC_045512.2	23297	C	A	5460	3223	38	1	0	37	0.000183083	5462	0.984396	FALSE	S:cds-YP_009724390.1	CCA	P	ACA	T	579
NC_045512.2	23301	A	G	5474	3283	38	2	0	37	0.000365163	5477	0.93756	FALSE	S:cds-YP_009724390.1	CAG	Q	CGG	R	580
NC_045512.2	23301	A	C	5474	3283	38	1	0	25	0.000182582	5477	1	FALSE	S:cds-YP_009724390.1	CAG	Q	CCG	P	580
NC_045512.2	23302	G	A	5475	3271	38	1	0	25	0.000182615	5476	1	FALSE	S:cds-YP_009724390.1	CAG	Q	CAA	Q	580
NC_045512.2	23303	A	G	5563	3376	38	4	4	37	0.00071852	5567	0.746271	FALSE	S:cds-YP_009724390.1	ACA	T	GCA	A	581
NC_045512.2	23304	C	T	5625	3390	38	1	0	37	0.000177683	5628	0.984387	FALSE	S:cds-YP_009724390.1	ACA	T	ATA	I	581
NC_045512.2	23304	C	A	5625	3390	38	2	1	31	0.000355366	5628	0.937558	FALSE	S:cds-YP_009724390.1	ACA	T	AAA	K	581
NC_045512.2	23305	A	G	5480	3378	38	1	1	37	0.000182415	5482	0.984396	FALSE	S:cds-YP_009724390.1	ACA	T	ACG	T	581
NC_045512.2	23305	A	C	5480	3378	38	1	0	37	0.000182415	5482	0.984396	FALSE	S:cds-YP_009724390.1	ACA	T	ACC	T	581
NC_045512.2	23306	C	T	5351	3341	37	2	1	37	0.000373622	5353	0.937592	FALSE	S:cds-YP_009724390.1	CTT	L	TTT	F	582
NC_045512.2	23307	T	A	5342	3375	38	1	0	37	0.000187161	5343	0.984406	FALSE	S:cds-YP_009724390.1	CTT	L	CAT	H	582
NC_045512.2	23308	T	G	5339	3353	37	2	1	31	0.000374392	5342	0.937561	FALSE	S:cds-YP_009724390.1	CTT	L	CTG	L	582
NC_045512.2	23308	T	C	5339	3353	37	1	1	37	0.000187196	5342	0.984388	FALSE	S:cds-YP_009724390.1	CTT	L	CTC	L	582
NC_045512.2	23310	A	G	5802	4079	38	1	1	74	0.000172325	5803	0.500043	FALSE	S:cds-YP_009724390.1	GAG	E	GGG	G	583
NC_045512.2	23312	A	G	5673	4106	38	1	1	37	0.000176243	5674	0.984404	FALSE	S:cds-YP_009724390.1	ATT	I	GTT	V	584
NC_045512.2	23313	T	C	5284	3778	38	1	0	37	0.000189215	5285	0.984406	FALSE	S:cds-YP_009724390.1	ATT	I	ACT	T	584
NC_045512.2	23316	T	G	5133	3745	38	1	1	25	0.000194704	5136	1	FALSE	S:cds-YP_009724390.1	CTT	L	CGT	R	585
NC_045512.2	23316	T	C	5133	3745	38	1	1	37	0.000194704	5136	0.984389	FALSE	S:cds-YP_009724390.1	CTT	L	CCT	P	585
NC_045512.2	23316	T	A	5133	3745	38	1	1	37	0.000194704	5136	0.984389	FALSE	S:cds-YP_009724390.1	CTT	L	CAT	H	585
NC_045512.2	23317	T	G	5070	3686	38	3	3	25	0.0005909	5077	1	FALSE	S:cds-YP_009724390.1	CTT	L	CTG	L	585
NC_045512.2	23317	T	C	5070	3686	38	4	2	37	0.000787867	5077	0.745997	FALSE	S:cds-YP_009724390.1	CTT	L	CTC	L	585
NC_045512.2	23319	A	G	5374	3957	38	1	1	37	0.000186047	5375	0.984406	FALSE	S:cds-YP_009724390.1	GAC	D	GGC	G	586
NC_045512.2	23320	C	T	5796	4387	38	1	1	37	0.000172444	5799	0.984387	FALSE	S:cds-YP_009724390.1	GAC	D	GAT	D	586
NC_045512.2	23320	C	G	5796	4387	38	1	1	37	0.000172444	5799	0.984387	FALSE	S:cds-YP_009724390.1	GAC	D	GAG	E	586
NC_045512.2	23320	C	A	5796	4387	38	1	1	37	0.000172444	5799	0.984387	FALSE	S:cds-YP_009724390.1	GAC	D	GAA	E	586
NC_045512.2	23321	A	G	5721	4292	38	1	0	37	0.000174764	5722	0.984404	FALSE	S:cds-YP_009724390.1	ATT	I	GTT	V	587
NC_045512.2	23322	T	G	5552	4133	38	3	3	30	0.00053986	5557	0.855498	FALSE	S:cds-YP_009724390.1	ATT	I	AGT	S	587
NC_045512.2	23322	T	C	5552	4133	38	2	2	37	0.000359906	5557	0.9375	FALSE	S:cds-YP_009724390.1	ATT	I	ACT	T	587
NC_045512.2	23324	A	G	5700	4279	38	1	0	37	0.000175377	5702	0.984396	FALSE	S:cds-YP_009724390.1	ACA	T	GCA	A	588
NC_045512.2	23324	A	C	5700	4279	38	1	1	25	0.000175377	5702	1	FALSE	S:cds-YP_009724390.1	ACA	T	CCA	P	588
NC_045512.2	23325	C	T	5910	4545	39	1	1	37	0.000169176	5911	0.984403	FALSE	S:cds-YP_009724390.1	ACA	T	ATA	I	588
NC_045512.2	23326	A	G	5556	4192	38	1	1	37	0.000179791	5562	0.984362	FALSE	S:cds-YP_009724390.1	ACA	T	ACG	T	588
NC_045512.2	23326	A	C	5556	4192	38	5	5	25	0.000898957	5562	1	FALSE	S:cds-YP_009724390.1	ACA	T	ACC	T	588
NC_045512.2	23327	C	A	5954	4580	38	1	1	25	0.000167926	5955	1	FALSE	S:cds-YP_009724390.1	CCA	P	ACA	T	589
NC_045512.2	23328	C	T	5531	4166	39	1	1	37	0.000180734	5533	0.984396	FALSE	S:cds-YP_009724390.1	CCA	P	CTA	L	589
NC_045512.2	23328	C	G	5531	4166	39	1	1	25	0.000180734	5533	1	FALSE	S:cds-YP_009724390.1	CCA	P	CGA	R	589
NC_045512.2	23329	A	G	5224	3867	38	1	1	37	0.000191278	5228	0.984379	FALSE	S:cds-YP_009724390.1	CCA	P	CCG	P	589
NC_045512.2	23329	A	C	5224	3867	38	3	3	25	0.000573833	5228	1	FALSE	S:cds-YP_009724390.1	CCA	P	CCC	P	589
NC_045512.2	23330	T	G	5474	4107	38	2	0	37	0.000364964	5480	0.93747	FALSE	S:cds-YP_009724390.1	TGT	C	GGT	G	590
NC_045512.2	23330	T	C	5474	4107	38	4	3	37	0.000729927	5480	0.746094	FALSE	S:cds-YP_009724390.1	TGT	C	CGT	R	590
NC_045512.2	23332	T	G	5390	4166	38	2	1	25	0.000370851	5393	1	FALSE	S:cds-YP_009724390.1	TGT	C	TGG	W	590
NC_045512.2	23332	T	C	5390	4166	38	1	1	37	0.000185426	5393	0.984388	FALSE	S:cds-YP_009724390.1	TGT	C	TGC	C	590
NC_045512.2	23333	T	G	5566	4234	39	1	0	25	0.00017963	5567	1	FALSE	S:cds-YP_009724390.1	TCT	S	GCT	A	591
NC_045512.2	23334	C	A	5586	4256	39	1	1	25	0.000178987	5587	1	FALSE	S:cds-YP_009724390.1	TCT	S	TAT	Y	591
NC_045512.2	23335	T	C	5473	4149	38	1	1	37	0.000182682	5474	0.984405	FALSE	S:cds-YP_009724390.1	TCT	S	TCC	S	591
NC_045512.2	23336	T	G	5408	4181	38	3	0	25	0.000554324	5412	1	FALSE	S:cds-YP_009724390.1	TTT	F	GTT	V	592
NC_045512.2	23336	T	C	5408	4181	38	1	1	37	0.000184775	5412	0.984379	FALSE	S:cds-YP_009724390.1	TTT	F	CTT	L	592
NC_045512.2	23337	T	G	5466	4169	39	2	1	25	0.000365698	5469	1	FALSE	S:cds-YP_009724390.1	TTT	F	TGT	C	592
NC_045512.2	23337	T	C	5466	4169	39	1	1	37	0.000182849	5469	0.984388	FALSE	S:cds-YP_009724390.1	TTT	F	TCT	S	592
NC_045512.2	23340	G	T	5548	4178	39	1	0	37	0.00018018	5550	0.984396	FALSE	S:cds-YP_009724390.1	GGT	G	GTT	V	593
NC_045512.2	23340	G	A	5548	4178	39	1	1	37	0.00018018	5550	0.984396	FALSE	S:cds-YP_009724390.1	GGT	G	GAT	D	593
NC_045512.2	23342	G	T	5512	4130	39	2	2	31	0.000362647	5515	0.93756	FALSE	S:cds-YP_009724390.1	GGT	G	TGT	C	594
NC_045512.2	23342	G	A	5512	4130	39	1	0	37	0.000181324	5515	0.984388	FALSE	S:cds-YP_009724390.1	GGT	G	AGT	S	594
NC_045512.2	23344	T	G	5495	4145	40	1	0	25	0.000181951	5496	1	FALSE	S:cds-YP_009724390.1	GGT	G	GGG	G	594
NC_045512.2	23345	G	A	5528	4148	39	1	1	37	0.000180865	5529	0.984405	FALSE	S:cds-YP_009724390.1	GTC	V	ATC	I	595
NC_045512.2	23347	C	T	5503	4139	39	1	1	74	0.000181686	5504	0.500045	FALSE	S:cds-YP_009724390.1	GTC	V	GTT	V	595
NC_045512.2	23348	A	G	5473	4137	39	1	0	37	0.000182648	5475	0.984396	FALSE	S:cds-YP_009724390.1	AGT	S	GGT	G	596
NC_045512.2	23348	A	C	5473	4137	39	1	0	25	0.000182648	5475	1	FALSE	S:cds-YP_009724390.1	AGT	S	CGT	R	596
NC_045512.2	23349	G	A	5867	4522	40	1	1	37	0.000170416	5868	0.984403	FALSE	S:cds-YP_009724390.1	AGT	S	AAT	N	596
NC_045512.2	23351	G	A	5852	4504	40	1	0	74	0.000170853	5853	0.500043	FALSE	S:cds-YP_009724390.1	GTT	V	ATT	I	597
NC_045512.2	23352	T	C	5671	4365	40	2	0	37	0.000352547	5673	0.937587	FALSE	S:cds-YP_009724390.1	GTT	V	GCT	A	597
NC_045512.2	23356	A	G	5876	4736	40	1	1	25	0.000170126	5878	1	FALSE	S:cds-YP_009724390.1	ATA	I	ATG	M	598
NC_045512.2	23356	A	C	5876	4736	40	1	1	37	0.000170126	5878	0.984395	FALSE	S:cds-YP_009724390.1	ATA	I	ATC	I	598
NC_045512.2	23357	A	T	5786	4662	40	1	1	37	0.000172741	5789	0.984387	FALSE	S:cds-YP_009724390.1	ACA	T	TCA	S	599
NC_045512.2	23357	A	G	5786	4662	40	1	1	37	0.000172741	5789	0.984387	FALSE	S:cds-YP_009724390.1	ACA	T	GCA	A	599
NC_045512.2	23357	A	C	5786	4662	40	1	1	25	0.000172741	5789	1	FALSE	S:cds-YP_009724390.1	ACA	T	CCA	P	599
NC_045512.2	23358	C	T	5997	4888	41	1	1	37	0.000166722	5998	0.984402	FALSE	S:cds-YP_009724390.1	ACA	T	ATA	I	599
NC_045512.2	23359	A	G	5982	4992	42	2	2	31	0.000334225	5984	0.937582	FALSE	S:cds-YP_009724390.1	ACA	T	ACG	T	599
NC_045512.2	23360	C	T	6011	5019	42	1	1	37	0.000166334	6012	0.992206	FALSE	S:cds-YP_009724390.1	CCA	P	TCA	S	600
NC_045512.2	23361	C	A	5907	4927	42	1	1	25	0.000169262	5908	1	FALSE	S:cds-YP_009724390.1	CCA	P	CAA	Q	600
NC_045512.2	23362	A	G	5842	4862	42	2	2	37	0.000342173	5845	0.937556	FALSE	S:cds-YP_009724390.1	CCA	P	CCG	P	600
NC_045512.2	23362	A	C	5842	4862	42	1	1	25	0.000171086	5845	1	FALSE	S:cds-YP_009724390.1	CCA	P	CCC	P	600
NC_045512.2	23364	G	T	6108	5210	42	1	1	25	0.000163693	6109	1	FALSE	S:cds-YP_009724390.1	GGA	G	GTA	V	601
NC_045512.2	23365	A	T	5928	5040	42	1	1	37	0.000168606	5931	0.984387	FALSE	S:cds-YP_009724390.1	GGA	G	GGT	G	601
NC_045512.2	23365	A	C	5928	5040	42	2	2	33	0.000337211	5931	0.937555	FALSE	S:cds-YP_009724390.1	GGA	G	GGC	G	601
NC_045512.2	23366	A	G	5816	4962	41	1	0	48	0.000171792	5821	0.499871	FALSE	S:cds-YP_009724390.1	ACA	T	GCA	A	602
NC_045512.2	23366	A	C	5816	4962	41	4	4	25	0.000687167	5821	1	FALSE	S:cds-YP_009724390.1	ACA	T	CCA	P	602
NC_045512.2	23369	A	G	5788	4951	41	1	0	74	0.000172712	5790	0.5	FALSE	S:cds-YP_009724390.1	AAT	N	GAT	D	603
NC_045512.2	23369	A	C	5788	4951	41	1	1	37	0.000172712	5790	0.984395	FALSE	S:cds-YP_009724390.1	AAT	N	CAT	H	603
NC_045512.2	23370	A	G	5757	4930	41	1	1	25	0.000173611	5760	1	FALSE	S:cds-YP_009724390.1	AAT	N	AGT	S	603
NC_045512.2	23370	A	C	5757	4930	41	2	2	25	0.000347222	5760	1	FALSE	S:cds-YP_009724390.1	AAT	N	ACT	T	603
NC_045512.2	23371	T	G	5771	4946	41	1	1	37	0.00017322	5773	0.984395	FALSE	S:cds-YP_009724390.1	AAT	N	AAG	K	603
NC_045512.2	23371	T	C	5771	4946	41	1	1	37	0.00017322	5773	0.984395	FALSE	S:cds-YP_009724390.1	AAT	N	AAC	N	603
NC_045512.2	23372	A	T	5697	4884	41	1	1	37	0.000175439	5700	0.984387	FALSE	S:cds-YP_009724390.1	ACT	T	TCT	S	604
NC_045512.2	23372	A	G	5697	4884	41	1	1	37	0.000175439	5700	0.984387	FALSE	S:cds-YP_009724390.1	ACT	T	GCT	A	604
NC_045512.2	23372	A	C	5697	4884	41	1	1	25	0.000175439	5700	1	FALSE	S:cds-YP_009724390.1	ACT	T	CCT	P	604
NC_045512.2	23374	T	C	5512	4712	41	2	1	37	0.000362713	5514	0.937589	FALSE	S:cds-YP_009724390.1	ACT	T	ACC	T	604
NC_045512.2	23375	T	G	5645	4848	41	1	0	37	0.000177085	5647	0.984396	FALSE	S:cds-YP_009724390.1	TCT	S	GCT	A	605
NC_045512.2	23375	T	A	5645	4848	41	1	1	37	0.000177085	5647	0.984396	FALSE	S:cds-YP_009724390.1	TCT	S	ACT	T	605
NC_045512.2	23377	T	G	5447	4672	41	1	1	25	0.000183486	5450	1	FALSE	S:cds-YP_009724390.1	TCT	S	TCG	S	605
NC_045512.2	23377	T	C	5447	4672	41	2	2	37	0.000366972	5450	0.93756	FALSE	S:cds-YP_009724390.1	TCT	S	TCC	S	605
NC_045512.2	23378	A	T	5513	4982	39	1	1	25	0.000181324	5515	1	FALSE	S:cds-YP_009724390.1	AAC	N	TAC	Y	606
NC_045512.2	23378	A	G	5513	4982	39	1	1	37	0.000181324	5515	0.984396	FALSE	S:cds-YP_009724390.1	AAC	N	GAC	D	606
NC_045512.2	23379	A	C	5201	4687	38	2	2	25	0.000384394	5203	1	FALSE	S:cds-YP_009724390.1	AAC	N	ACC	T	606
NC_045512.2	23380	C	A	5672	5203	39	1	1	25	0.000176274	5673	1	FALSE	S:cds-YP_009724390.1	AAC	N	AAA	K	606
NC_045512.2	23381	C	T	5656	5204	39	1	1	37	0.000176741	5658	0.984396	FALSE	S:cds-YP_009724390.1	CAG	Q	TAG	*	607
NC_045512.2	23381	C	A	5656	5204	39	1	1	25	0.000176741	5658	1	FALSE	S:cds-YP_009724390.1	CAG	Q	AAG	K	607
NC_045512.2	23382	A	C	4827	4375	38	1	1	37	0.000207125	4828	0.968799	FALSE	S:cds-YP_009724390.1	CAG	Q	CCG	P	607
NC_045512.2	23385	T	G	4875	4438	38	4	4	26	0.000819504	4881	1	FALSE	S:cds-YP_009724390.1	GTT	V	GGT	G	608
NC_045512.2	23385	T	C	4875	4438	38	1	1	36	0.000204876	4881	0.968718	FALSE	S:cds-YP_009724390.1	GTT	V	GCT	A	608
NC_045512.2	23385	T	A	4875	4438	38	1	1	29	0.000204876	4881	1	FALSE	S:cds-YP_009724390.1	GTT	V	GAT	D	608
NC_045512.2	23387	G	A	5166	4725	39	1	1	37	0.000193536	5167	0.984407	FALSE	S:cds-YP_009724390.1	GCT	A	ACT	T	609
NC_045512.2	23388	C	T	5147	4722	39	5	4	42	0.000970497	5152	0.0312348	FALSE	S:cds-YP_009724390.1	GCT	A	GTT	V	609
NC_045512.2	23390	G	T	5142	4721	39	1	1	37	0.000194363	5145	0.984389	FALSE	S:cds-YP_009724390.1	GTT	V	TTT	F	610
NC_045512.2	23390	G	A	5142	4721	39	2	1	55	0.000388727	5145	0.249976	FALSE	S:cds-YP_009724390.1	GTT	V	ATT	I	610
NC_045512.2	23391	T	G	5009	4613	38	1	1	25	0.000199601	5010	1	FALSE	S:cds-YP_009724390.1	GTT	V	GGT	G	610
NC_045512.2	23394	T	C	4940	4547	39	1	0	25	0.000202388	4941	1	FALSE	S:cds-YP_009724390.1	CTT	L	CCT	P	611
NC_045512.2	23396	T	C	4953	4567	39	1	1	37	0.000201857	4954	0.968797	FALSE	S:cds-YP_009724390.1	TAT	Y	CAT	H	612
NC_045512.2	23397	A	G	4916	4540	39	1	1	74	0.000203376	4917	0.500051	FALSE	S:cds-YP_009724390.1	TAT	Y	TGT	C	612
NC_045512.2	23398	T	C	4907	4545	38	1	1	37	0.000203749	4908	0.968798	FALSE	S:cds-YP_009724390.1	TAT	Y	TAC	Y	612
NC_045512.2	23399	C	T	4944	4580	39	1	1	37	0.000202224	4945	0.968797	FALSE	S:cds-YP_009724390.1	CAG	Q	TAG	*	613
NC_045512.2	23400	A	G	4668	4306	38	2	2	37	0.000427991	4673	0.8906	FALSE	S:cds-YP_009724390.1	CAG	Q	CGG	R	613
NC_045512.2	23400	A	C	4668	4306	38	3	3	30	0.000641986	4673	0.773438	FALSE	S:cds-YP_009724390.1	CAG	Q	CCG	P	613
NC_045512.2	23401	G	T	4780	4417	38	1	1	37	0.000209161	4781	0.968799	FALSE	S:cds-YP_009724390.1	CAG	Q	CAT	H	613
NC_045512.2	23402	G	A	4735	4372	38	1	1	37	0.000211149	4736	0.968799	FALSE	S:cds-YP_009724390.1	GAT	D	AAT	N	614
NC_045512.2	23403	A	T	1	0	74	1	1	37	0.000210261	4756	0.00210128	TRUE	S:cds-YP_009724390.1	GAT	D	GTT	V	614
NC_045512.2	23403	A	G	1	0	74	4754	4395	38	0.999579	4756	0	TRUE	S:cds-YP_009724390.1	GAT	D	GGT	G	614
NC_045512.2	23404	T	C	4543	4196	38	1	1	37	0.00022007	4544	0.968802	FALSE	S:cds-YP_009724390.1	GAT	D	GAC	D	614
NC_045512.2	23405	G	A	4625	4358	38	3	1	49	0.000648228	4628	0.125	FALSE	S:cds-YP_009724390.1	GTT	V	ATT	I	615
NC_045512.2	23412	G	A	3738	3511	38	5	5	34	0.00133583	3743	0.363354	FALSE	S:cds-YP_009724390.1	TGC	C	TAC	Y	617
NC_045512.2	23413	C	T	3723	3504	38	2	2	37	0.000536913	3725	0.812668	FALSE	S:cds-YP_009724390.1	TGC	C	TGT	C	617
NC_045512.2	23415	C	T	3698	3482	38	2	2	31	0.000540541	3700	0.812669	FALSE	S:cds-YP_009724390.1	ACA	T	ATA	I	618
NC_045512.2	23416	A	G	3649	3436	38	1	1	37	0.000273973	3650	0.937586	FALSE	S:cds-YP_009724390.1	ACA	T	ACG	T	618
NC_045512.2	23417	G	T	3636	3422	38	1	1	37	0.000274952	3637	0.937586	FALSE	S:cds-YP_009724390.1	GAA	E	TAA	*	619
NC_045512.2	23419	A	G	3355	3166	38	1	1	37	0.000297708	3359	0.937481	FALSE	S:cds-YP_009724390.1	GAA	E	GAG	E	619
NC_045512.2	23419	A	C	3355	3166	38	3	0	37	0.000893123	3359	0.65632	FALSE	S:cds-YP_009724390.1	GAA	E	GAC	D	619
NC_045512.2	23420	G	T	3314	3173	37	1	1	25	0.000301296	3319	1	FALSE	S:cds-YP_009724390.1	GTC	V	TTC	F	620
NC_045512.2	23420	G	C	3314	3173	37	2	1	37	0.000602591	3319	0.812406	FALSE	S:cds-YP_009724390.1	GTC	V	CTC	L	620
NC_045512.2	23420	G	A	3314	3173	37	2	2	37	0.000602591	3319	0.812406	FALSE	S:cds-YP_009724390.1	GTC	V	ATC	I	620
NC_045512.2	23421	T	C	2927	2797	37	1	1	37	0.00034153	2928	0.875128	FALSE	S:cds-YP_009724390.1	GTC	V	GCC	A	620
NC_045512.2	23423	C	T	2920	2794	37	1	1	37	0.000342349	2921	0.875128	FALSE	S:cds-YP_009724390.1	CCT	P	TCT	S	621
NC_045512.2	23424	C	A	2865	2740	37	2	2	37	0.000697593	2867	0.687696	FALSE	S:cds-YP_009724390.1	CCT	P	CAT	H	621
NC_045512.2	23425	T	C	2781	2662	37	2	2	37	0.000718649	2783	0.687702	FALSE	S:cds-YP_009724390.1	CCT	P	CCC	P	621
NC_045512.2	23426	G	T	2730	2612	37	1	1	37	0.000366166	2731	0.875137	FALSE	S:cds-YP_009724390.1	GTT	V	TTT	F	622
NC_045512.2	23428	T	C	2630	2523	37	1	1	25	0.000380084	2631	1	FALSE	S:cds-YP_009724390.1	GTT	V	GTC	V	622
NC_045512.2	23429	G	T	2631	2524	37	1	1	37	0.000379795	2633	0.875071	FALSE	S:cds-YP_009724390.1	GCT	A	TCT	S	623
NC_045512.2	23429	G	A	2631	2524	37	1	1	37	0.000379795	2633	0.875071	FALSE	S:cds-YP_009724390.1	GCT	A	ACT	T	623
NC_045512.2	23430	C	T	2591	2490	37	2	2	37	0.000771307	2593	0.687717	FALSE	S:cds-YP_009724390.1	GCT	A	GTT	V	623
NC_045512.2	23431	T	C	2497	2400	37	1	1	37	0.00040032	2498	0.87515	FALSE	S:cds-YP_009724390.1	GCT	A	GCC	A	623
NC_045512.2	23432	A	G	2494	2399	37	1	1	37	0.000400802	2495	0.87515	FALSE	S:cds-YP_009724390.1	ATT	I	GTT	V	624
NC_045512.2	23437	T	C	2363	2278	36	1	1	37	0.000423012	2364	0.875159	FALSE	S:cds-YP_009724390.1	CAT	H	CAC	H	625
NC_045512.2	23438	G	A	2404	2320	37	1	1	37	0.0004158	2405	0.875156	FALSE	S:cds-YP_009724390.1	GCA	A	ACA	T	626
NC_045512.2	23439	C	T	2408	2322	37	6	6	37	0.0024855	2414	0.144463	FALSE	S:cds-YP_009724390.1	GCA	A	GTA	V	626
NC_045512.2	23440	A	G	2376	2293	37	1	1	37	0.000420698	2377	0.875158	FALSE	S:cds-YP_009724390.1	GCA	A	GCG	A	626
NC_045512.2	23441	G	T	2357	2273	37	1	1	37	0.000424088	2358	0.875159	FALSE	S:cds-YP_009724390.1	GAT	D	TAT	Y	627
NC_045512.2	23448	T	C	2155	2097	35	1	0	37	0.000463822	2156	0.875174	FALSE	S:cds-YP_009724390.1	CTT	L	CCT	P	629
NC_045512.2	23525	C	T	0	0	0	36	35	42	1	36	4.51965e-21	TRUE	S:cds-YP_009724390.1	CAT	H	TAT	Y	655
NC_045512.2	23541	A	C	30	29	43	1	1	25	0.0322581	31	0.508197	FALSE	S:cds-YP_009724390.1	TAT	Y	TCT	S	660
NC_045512.2	23588	A	C	17	16	36	1	1	37	0.0555556	18	0.514286	FALSE	S:cds-YP_009724390.1	ACT	T	CCT	P	676
NC_045512.2	23599	T	G	0	0	0	553	18	36	1	553	0	TRUE	S:cds-YP_009724390.1	AAT	N	AAG	K	679
NC_045512.2	23603	C	T	567	28	37	1	0	37	0.00176056	568	0.500441	FALSE	S:cds-YP_009724390.1	CCT	P	TCT	S	681
NC_045512.2	23604	C	A	0	0	0	560	28	37	1	560	0	TRUE	S:cds-YP_009724390.1	CCT	P	CAT	H	681
NC_045512.2	23608	G	A	556	21	37	1	0	37	0.00179533	557	0.500449	FALSE	S:cds-YP_009724390.1	CGG	R	CGA	R	682
NC_045512.2	23611	G	T	607	22	37	1	0	37	0.00164474	608	0.500412	FALSE	S:cds-YP_009724390.1	CGG	R	CGT	R	683
NC_045512.2	23612	G	A	600	22	37	1	0	37	0.00166389	601	0.500416	FALSE	S:cds-YP_009724390.1	GCA	A	ACA	T	684
NC_045512.2	23616	G	A	635	24	37	1	0	37	0.00157233	636	0.500393	FALSE	S:cds-YP_009724390.1	CGT	R	CAT	H	685
NC_045512.2	23626	T	G	707	39	38	1	1	37	0.00141243	708	0.500353	FALSE	S:cds-YP_009724390.1	GCT	A	GCG	A	688
NC_045512.2	23630	C	T	733	44	38	1	0	37	0.0013624	734	0.500341	FALSE	S:cds-YP_009724390.1	CAA	Q	TAA	*	690
NC_045512.2	23633	T	C	763	54	38	1	0	37	0.0013089	764	0.500327	FALSE	S:cds-YP_009724390.1	TCC	S	CCC	P	691
NC_045512.2	23635	C	A	773	54	38	1	0	25	0.00129199	774	0.996184	FALSE	S:cds-YP_009724390.1	TCC	S	TCA	S	691
NC_045512.2	23636	A	C	765	54	37	1	0	37	0.00130548	766	0.500327	FALSE	S:cds-YP_009724390.1	ATC	I	CTC	L	692
NC_045512.2	23645	T	C	874	67	38	2	0	37	0.0022805	877	0.249857	FALSE	S:cds-YP_009724390.1	TAC	Y	CAC	H	695
NC_045512.2	23645	T	A	874	67	38	1	0	37	0.00114025	877	0.499714	FALSE	S:cds-YP_009724390.1	TAC	Y	AAC	N	695
NC_045512.2	23648	A	-CT	931	72	38	1	0	20	0.00107411	931	0.999057	FALSE	NA	NA	NA	NA	NA	NA
NC_045512.2	23650	T	A	952	75	38	1	0	25	0.00104932	953	0.999046	FALSE	S:cds-YP_009724390.1	ACT	T	ACA	T	696
NC_045512.2	23664	C	T	290	29	40	778	89	40	0.728464	1068	0	TRUE	S:cds-YP_009724390.1	GCA	A	GTA	V	701
NC_045512.2	23673	C	T	1114	152	42	1	0	37	0.000896861	1115	0.750336	FALSE	S:cds-YP_009724390.1	TCA	S	TTA	L	704
NC_045512.2	23674	A	G	1101	150	42	2	0	37	0.00181324	1103	0.50034	FALSE	S:cds-YP_009724390.1	TCA	S	TCG	S	704
NC_045512.2	23675	G	A	1123	154	42	1	0	37	0.00088968	1124	0.750334	FALSE	S:cds-YP_009724390.1	GTT	V	ATT	I	705
NC_045512.2	23679	C	T	1080	197	41	2	0	37	0.00184672	1083	0.5	FALSE	S:cds-YP_009724390.1	GCT	A	GTT	V	706
NC_045512.2	23679	C	A	1080	197	41	1	0	25	0.000923361	1083	0.999522	FALSE	S:cds-YP_009724390.1	GCT	A	GAT	D	706
NC_045512.2	23688	A	T	1027	279	41	1	1	36	0.000972763	1028	0.750365	FALSE	S:cds-YP_009724390.1	AAT	N	ATT	I	709
NC_045512.2	23689	T	G	1040	288	41	3	2	25	0.00287356	1044	0.98897	FALSE	S:cds-YP_009724390.1	AAT	N	AAG	K	709
NC_045512.2	23689	T	A	1040	288	41	1	0	25	0.000957854	1044	0.999519	FALSE	S:cds-YP_009724390.1	AAT	N	AAA	K	709
NC_045512.2	23691	A	G	1054	315	42	1	1	37	0.000947867	1055	0.750356	FALSE	S:cds-YP_009724390.1	AAC	N	AGC	S	710
NC_045512.2	23698	T	G	974	391	40	1	1	25	0.00102564	975	0.999051	FALSE	S:cds-YP_009724390.1	ATT	I	ATG	M	712
NC_045512.2	23700	C	T	1004	414	40	1	1	74	0.000995025	1005	0.500249	FALSE	S:cds-YP_009724390.1	GCC	A	GTC	V	713
NC_045512.2	23701	C	A	999	407	40	1	0	37	0.001	1000	0.750125	FALSE	S:cds-YP_009724390.1	GCC	A	GCA	A	713
NC_045512.2	23703	T	G	977	389	40	1	1	25	0.00102249	978	0.999051	FALSE	S:cds-YP_009724390.1	ATA	I	AGA	R	714
NC_045512.2	23705	C	A	1006	424	40	1	0	25	0.000993049	1007	0.999528	FALSE	S:cds-YP_009724390.1	CCC	P	ACC	T	715
NC_045512.2	23708	A	C	1008	425	40	1	0	25	0.00099108	1009	0.999528	FALSE	S:cds-YP_009724390.1	ACA	T	CCA	P	716
NC_045512.2	23712	A	G	971	438	40	1	0	37	0.00102881	972	0.500257	FALSE	S:cds-YP_009724390.1	AAT	N	AGT	S	717
NC_045512.2	23712	A	-T	971	438	40	1	0	20	0.00102881	972	0.999051	FALSE	NA	NA	NA	NA	NA	NA
NC_045512.2	23713	T	G	972	453	39	1	0	25	0.00102775	973	0.999046	FALSE	S:cds-YP_009724390.1	AAT	N	AAG	K	717
NC_045512.2	23731	C	A	950	481	40	1	0	37	0.00105152	951	0.500263	FALSE	S:cds-YP_009724390.1	ACC	T	ACA	T	723
NC_045512.2	23739	T	G	909	463	39	1	1	29	0.0010989	910	0.999053	FALSE	S:cds-YP_009724390.1	ATT	I	AGT	S	726
NC_045512.2	23740	T	G	955	501	40	1	0	37	0.00104603	956	0.500262	FALSE	S:cds-YP_009724390.1	ATT	I	ATG	M	726
NC_045512.2	23742	T	C	927	498	39	1	0	37	0.00107759	928	0.50027	FALSE	S:cds-YP_009724390.1	CTA	L	CCA	P	727
NC_045512.2	23744	C	T	918	525	38	1	1	37	0.00108696	920	0.5	FALSE	S:cds-YP_009724390.1	CCA	P	TCA	S	728
NC_045512.2	23744	C	A	918	525	38	1	0	25	0.00108696	920	0.999047	FALSE	S:cds-YP_009724390.1	CCA	P	ACA	T	728
NC_045512.2	23746	A	G	900	505	39	1	0	37	0.00110988	901	0.500278	FALSE	S:cds-YP_009724390.1	CCA	P	CCG	P	728
NC_045512.2	23751	C	A	831	508	37	1	1	37	0.00120192	832	0.500301	FALSE	S:cds-YP_009724390.1	TCT	S	TAT	Y	730
NC_045512.2	23761	G	A	938	681	39	1	1	37	0.00106496	939	0.500266	FALSE	S:cds-YP_009724390.1	AAG	K	AAA	K	733
NC_045512.2	23762	A	G	936	677	39	1	1	37	0.00106724	937	0.500267	FALSE	S:cds-YP_009724390.1	ACA	T	GCA	A	734
NC_045512.2	23767	A	G	974	689	39	1	1	37	0.00102564	975	0.500257	FALSE	S:cds-YP_009724390.1	TCA	S	TCG	S	735
NC_045512.2	23776	T	G	985	693	39	1	1	25	0.0010142	986	0.99905	FALSE	S:cds-YP_009724390.1	TGT	C	TGG	W	738
NC_045512.2	23777	A	G	996	705	39	1	1	37	0.00100301	997	0.500251	FALSE	S:cds-YP_009724390.1	ACA	T	GCA	A	739
NC_045512.2	23779	A	C	919	641	38	1	0	25	0.00108696	920	0.999052	FALSE	S:cds-YP_009724390.1	ACA	T	ACC	T	739
NC_045512.2	23780	A	G	883	607	37	1	1	37	0.0011274	887	0.499435	FALSE	S:cds-YP_009724390.1	ATG	M	GTG	V	740
NC_045512.2	23780	A	C	883	607	37	3	2	25	0.00338219	887	0.967694	FALSE	S:cds-YP_009724390.1	ATG	M	CTG	L	740
NC_045512.2	23788	T	+C	909	674	39	2	0	20	0.00220022	909	0.994345	FALSE	NA	NA	NA	NA	NA	NA
NC_045512.2	23792	G	A	827	587	40	1	0	37	0.00120773	828	0.500302	FALSE	S:cds-YP_009724390.1	GGT	G	AGT	S	744
NC_045512.2	23811	G	A	805	631	40	2	2	37	0.00247831	807	0.250155	FALSE	S:cds-YP_009724390.1	AGC	S	AAC	N	750
NC_045512.2	23813	A	T	860	711	41	1	1	25	0.00116009	862	0.998087	FALSE	S:cds-YP_009724390.1	AAT	N	TAT	Y	751
NC_045512.2	23813	A	C	860	711	41	1	0	29	0.00116009	862	0.998087	FALSE	S:cds-YP_009724390.1	AAT	N	CAT	H	751
NC_045512.2	23814	A	T	842	695	40	1	1	29	0.00118624	843	0.998099	FALSE	S:cds-YP_009724390.1	AAT	N	ATT	I	751
NC_045512.2	23822	T	G	867	756	40	2	2	31	0.0023015	869	0.250144	FALSE	S:cds-YP_009724390.1	TTG	L	GTG	V	754
NC_045512.2	23824	G	A	877	768	41	1	0	74	0.00113895	878	0.500285	FALSE	S:cds-YP_009724390.1	TTG	L	TTA	L	754
NC_045512.2	23825	C	T	878	772	40	1	1	37	0.00113766	879	0.500285	FALSE	S:cds-YP_009724390.1	CAA	Q	TAA	*	755
NC_045512.2	23828	T	C	875	772	40	1	1	37	0.00114155	876	0.500286	FALSE	S:cds-YP_009724390.1	TAT	Y	CAT	H	756
NC_045512.2	23832	G	A	860	758	40	3	3	37	0.00347625	863	0.125	FALSE	S:cds-YP_009724390.1	GGC	G	GAC	D	757
NC_045512.2	23836	T	A	835	739	40	1	1	37	0.00119617	836	0.500299	FALSE	S:cds-YP_009724390.1	AGT	S	AGA	R	758
NC_045512.2	23841	G	T	842	751	40	1	1	25	0.00118624	843	0.998099	FALSE	S:cds-YP_009724390.1	TGT	C	TTT	F	760
NC_045512.2	23842	T	G	830	741	40	1	1	25	0.00120337	831	0.998099	FALSE	S:cds-YP_009724390.1	TGT	C	TGG	W	760
NC_045512.2	23845	A	G	819	731	40	1	1	25	0.00121951	820	0.9981	FALSE	S:cds-YP_009724390.1	ACA	T	ACG	T	761
NC_045512.2	23846	C	A	822	733	40	1	1	20	0.00121507	823	0.9981	FALSE	S:cds-YP_009724390.1	CAA	Q	AAA	K	762
NC_045512.2	23847	A	T	819	732	40	1	1	37	0.00121951	820	0.500305	FALSE	S:cds-YP_009724390.1	CAA	Q	CTA	L	762
NC_045512.2	23853	A	C	737	674	38	1	1	25	0.00135501	738	0.996188	FALSE	S:cds-YP_009724390.1	AAC	N	ACC	T	764
NC_045512.2	23854	C	A	0	0	0	721	661	38	1	721	0	TRUE	S:cds-YP_009724390.1	AAC	N	AAA	K	764
NC_045512.2	23859	C	T	549	495	39	1	1	37	0.00181818	550	0.500455	FALSE	S:cds-YP_009724390.1	GCT	A	GTT	V	766
NC_045512.2	23867	G	T	529	496	38	1	1	25	0.00188679	530	0.984683	FALSE	S:cds-YP_009724390.1	GGA	G	TGA	*	769
NC_045512.2	23872	A	G	493	471	37	1	1	37	0.00202429	494	0.500507	FALSE	S:cds-YP_009724390.1	ATA	I	ATG	M	770
NC_045512.2	23876	G	C	460	442	37	1	1	37	0.0021692	461	0.500543	FALSE	S:cds-YP_009724390.1	GTT	V	CTT	L	772
NC_045512.2	23899	A	C	268	264	35	1	1	25	0.00371747	269	0.876395	FALSE	S:cds-YP_009724390.1	CAA	Q	CAC	H	779
NC_045512.2	24351	C	A	13	6	37	1	0	37	0.0714286	14	0.518519	FALSE	S:cds-YP_009724390.1	GCT	A	GAT	D	930
NC_045512.2	24424	A	T	0	0	0	7	5	40	1	7	0.000582751	TRUE	S:cds-YP_009724390.1	CAA	Q	CAT	H	954
NC_045512.2	24467	A	T	8	8	37	1	1	74	0.111111	9	0.529412	FALSE	S:cds-YP_009724390.1	AAT	N	TAT	Y	969
NC_045512.2	24469	T	A	0	0	0	7	7	40	1	7	0.000582751	TRUE	S:cds-YP_009724390.1	AAT	N	AAA	K	969
NC_045512.2	24476	G	A	297	16	36	1	0	25	0.0033557	298	0.876259	FALSE	S:cds-YP_009724390.1	GCA	A	ACA	T	972
NC_045512.2	24477	C	T	291	16	36	3	0	33	0.0102041	294	0.124999	FALSE	S:cds-YP_009724390.1	GCA	A	GTA	V	972
NC_045512.2	24484	A	G	339	20	36	1	0	37	0.00294118	340	0.500736	FALSE	S:cds-YP_009724390.1	TCA	S	TCG	S	974
NC_045512.2	24503	C	T	575	42	36	1	0	37	0.00173611	576	0.500434	FALSE	S:cds-YP_009724390.1	CTT	L	TTT	F	981
NC_045512.2	24505	T	G	589	38	36	2	2	31	0.00338409	591	0.250212	FALSE	S:cds-YP_009724390.1	CTT	L	CTG	L	981
NC_045512.2	24506	T	C	594	47	37	1	0	37	0.00168067	595	0.500421	FALSE	S:cds-YP_009724390.1	TCA	S	CCA	P	982
NC_045512.2	24509	C	T	635	48	37	2	1	37	0.00313972	637	0.250196	FALSE	S:cds-YP_009724390.1	CGT	R	TGT	C	983
NC_045512.2	24518	A	C	664	66	37	1	0	25	0.00150376	665	0.992351	FALSE	S:cds-YP_009724390.1	AAA	K	CAA	Q	986
NC_045512.2	24519	A	G	674	63	38	1	1	37	0.00148148	675	0.500371	FALSE	S:cds-YP_009724390.1	AAA	K	AGA	R	986
NC_045512.2	24520	A	T	726	64	37	1	0	37	0.00137363	728	0.5	FALSE	S:cds-YP_009724390.1	AAA	K	AAT	N	986
NC_045512.2	24520	A	G	726	64	37	1	0	37	0.00137363	728	0.5	FALSE	S:cds-YP_009724390.1	AAA	K	AAG	K	986
NC_045512.2	24525	A	T	787	74	38	1	0	25	0.00126904	788	0.996182	FALSE	S:cds-YP_009724390.1	GAG	E	GTG	V	988
NC_045512.2	24529	T	C	797	76	38	1	0	37	0.00125313	798	0.500313	FALSE	S:cds-YP_009724390.1	GCT	A	GCC	A	989
NC_045512.2	24531	A	G	794	75	38	2	0	37	0.00251256	796	0.250157	FALSE	S:cds-YP_009724390.1	GAA	E	GGA	G	990
NC_045512.2	24535	G	A	820	76	39	1	0	37	0.00121803	821	0.500305	FALSE	S:cds-YP_009724390.1	GTG	V	GTA	V	991
NC_045512.2	24537	A	T	827	77	39	1	0	37	0.00120773	828	0.500302	FALSE	S:cds-YP_009724390.1	CAA	Q	CTA	L	992
NC_045512.2	24538	A	G	794	78	39	1	0	25	0.00125786	795	0.996182	FALSE	S:cds-YP_009724390.1	CAA	Q	CAG	Q	992
NC_045512.2	24540	T	G	814	79	38	1	0	25	0.00122699	815	0.9981	FALSE	S:cds-YP_009724390.1	ATT	I	AGT	S	993
NC_045512.2	24541	T	C	869	77	39	1	0	37	0.00114943	870	0.500288	FALSE	S:cds-YP_009724390.1	ATT	I	ATC	I	993
NC_045512.2	24543	A	G	888	80	39	1	0	25	0.00112486	889	0.998096	FALSE	S:cds-YP_009724390.1	GAT	D	GGT	G	994
NC_045512.2	24544	T	A	882	80	39	1	0	25	0.0011325	883	0.998096	FALSE	S:cds-YP_009724390.1	GAT	D	GAA	E	994
NC_045512.2	24545	A	G	890	81	39	1	0	37	0.00112233	891	0.500281	FALSE	S:cds-YP_009724390.1	AGG	R	GGG	G	995
NC_045512.2	24546	G	T	897	77	39	2	0	37	0.00222469	899	0.250139	FALSE	S:cds-YP_009724390.1	AGG	R	ATG	M	995
NC_045512.2	24555	C	A	974	107	40	1	0	74	0.00102564	975	0.500257	FALSE	S:cds-YP_009724390.1	ACA	T	AAA	K	998
NC_045512.2	24556	A	T	940	110	39	1	1	37	0.00106157	942	0.5	FALSE	S:cds-YP_009724390.1	ACA	T	ACT	T	998
NC_045512.2	24556	A	G	940	110	39	1	1	37	0.00106157	942	0.5	FALSE	S:cds-YP_009724390.1	ACA	T	ACG	T	998
NC_045512.2	24558	G	A	874	138	38	1	0	37	0.00114286	875	0.500286	FALSE	S:cds-YP_009724390.1	GGC	G	GAC	D	999
NC_045512.2	24559	C	T	885	142	39	2	1	55	0.00225479	887	0.250141	FALSE	S:cds-YP_009724390.1	GGC	G	GGT	G	999
NC_045512.2	24562	A	G	915	154	39	1	1	37	0.0010917	916	0.500273	FALSE	S:cds-YP_009724390.1	AGA	R	AGG	R	1000
NC_045512.2	24567	A	C	974	203	39	1	0	29	0.00102564	975	0.999051	FALSE	S:cds-YP_009724390.1	CAA	Q	CCA	P	1002
NC_045512.2	24568	A	C	967	208	39	1	1	29	0.00103306	968	0.999051	FALSE	S:cds-YP_009724390.1	CAA	Q	CAC	H	1002
NC_045512.2	24575	C	T	957	207	39	1	1	37	0.00104384	958	0.500261	FALSE	S:cds-YP_009724390.1	CAG	Q	TAG	*	1005
NC_045512.2	24576	A	T	962	207	39	1	0	37	0.00103842	963	0.50026	FALSE	S:cds-YP_009724390.1	CAG	Q	CTG	L	1005
NC_045512.2	24584	G	C	1054	247	39	1	0	25	0.00094697	1056	0.999524	FALSE	S:cds-YP_009724390.1	GTG	V	CTG	L	1008
NC_045512.2	24584	G	A	1054	247	39	1	0	37	0.00094697	1056	0.750119	FALSE	S:cds-YP_009724390.1	GTG	V	ATG	M	1008
NC_045512.2	24598	A	G	1047	272	39	1	1	37	0.000954198	1048	0.750358	FALSE	S:cds-YP_009724390.1	TTA	L	TTG	L	1012
NC_045512.2	24608	G	A	1034	310	39	2	0	37	0.0019305	1036	0.500362	FALSE	S:cds-YP_009724390.1	GCA	A	ACA	T	1016
NC_045512.2	24610	A	G	1001	323	39	1	0	25	0.000998004	1002	0.999528	FALSE	S:cds-YP_009724390.1	GCA	A	GCG	A	1016
NC_045512.2	24613	A	G	1031	316	39	1	0	25	0.000968992	1032	0.999527	FALSE	S:cds-YP_009724390.1	GAA	E	GAG	E	1017
NC_045512.2	24617	A	G	1050	365	39	1	1	37	0.000951475	1051	0.750357	FALSE	S:cds-YP_009724390.1	AGA	R	GGA	G	1019
NC_045512.2	24620	G	T	1064	386	40	1	1	37	0.000938967	1065	0.750352	FALSE	S:cds-YP_009724390.1	GCT	A	TCT	S	1020
NC_045512.2	24621	C	T	1024	396	39	1	1	37	0.00097561	1025	0.750366	FALSE	S:cds-YP_009724390.1	GCT	A	GTT	V	1020
NC_045512.2	24622	T	C	975	379	39	1	0	25	0.00102354	977	0.999046	FALSE	S:cds-YP_009724390.1	GCT	A	GCC	A	1020
NC_045512.2	24622	T	A	975	379	39	1	0	37	0.00102354	977	0.5	FALSE	S:cds-YP_009724390.1	GCT	A	GCA	A	1020
NC_045512.2	24626	G	A	1008	400	39	1	0	37	0.00099108	1009	0.750372	FALSE	S:cds-YP_009724390.1	GCT	A	ACT	T	1022
NC_045512.2	24633	T	G	1001	418	40	1	1	25	0.000998004	1002	0.999528	FALSE	S:cds-YP_009724390.1	CTT	L	CGT	R	1024
NC_045512.2	24634	T	C	1002	432	40	1	1	37	0.000997009	1003	0.750374	FALSE	S:cds-YP_009724390.1	CTT	L	CTC	L	1024
NC_045512.2	24636	C	G	1016	461	40	2	2	37	0.00196464	1018	0.500369	FALSE	S:cds-YP_009724390.1	GCT	A	GGT	G	1025
NC_045512.2	24641	A	C	1012	515	39	1	0	25	0.000987167	1013	0.999527	FALSE	S:cds-YP_009724390.1	ACT	T	CCT	P	1027
NC_045512.2	24649	G	A	1091	642	41	1	1	37	0.000915751	1092	0.750344	FALSE	S:cds-YP_009724390.1	ATG	M	ATA	I	1029
NC_045512.2	24657	G	A	1114	689	42	1	1	74	0.000896861	1115	0.500224	FALSE	S:cds-YP_009724390.1	TGT	C	TAT	Y	1032
NC_045512.2	24659	G	A	1105	680	42	1	1	37	0.000904159	1106	0.750339	FALSE	S:cds-YP_009724390.1	GTA	V	ATA	I	1033
NC_045512.2	24660	T	C	1079	678	41	1	1	37	0.000925926	1080	0.750347	FALSE	S:cds-YP_009724390.1	GTA	V	GCA	A	1033
NC_045512.2	24663	T	G	1038	666	40	1	0	37	0.000962464	1039	0.750361	FALSE	S:cds-YP_009724390.1	CTT	L	CGT	R	1034
NC_045512.2	24667	A	G	1029	699	41	2	2	55	0.00193986	1031	0.250121	FALSE	S:cds-YP_009724390.1	GGA	G	GGG	G	1035
NC_045512.2	24669	A	+G	1030	700	41	1	0	20	0.000970874	1030	0.99953	FALSE	NA	NA	NA	NA	NA	NA
NC_045512.2	24672	C	-A	1034	697	41	1	0	20	0.000967118	1034	0.99953	FALSE	NA	NA	NA	NA	NA	NA
NC_045512.2	24674	A	C	1016	681	41	1	1	25	0.000983284	1017	0.999527	FALSE	S:cds-YP_009724390.1	AAA	K	CAA	Q	1038
NC_045512.2	24681	T	G	943	666	40	2	2	31	0.0021164	945	0.250132	FALSE	S:cds-YP_009724390.1	GTT	V	GGT	G	1040
NC_045512.2	24684	A	G	994	744	40	1	0	62	0.00100503	995	0.500251	FALSE	S:cds-YP_009724390.1	GAT	D	GGT	G	1041
NC_045512.2	24689	T	C	1004	761	40	1	1	25	0.000995025	1005	0.999528	FALSE	S:cds-YP_009724390.1	TGT	C	CGT	R	1043
NC_045512.2	24694	A	G	1035	825	41	1	1	37	0.000965251	1036	0.750362	FALSE	S:cds-YP_009724390.1	GGA	G	GGG	G	1044
NC_045512.2	24695	A	C	1005	802	40	1	1	25	0.000994036	1006	0.999528	FALSE	S:cds-YP_009724390.1	AAG	K	CAG	Q	1045
NC_045512.2	24699	G	A	1055	858	40	1	1	25	0.00094697	1056	0.999527	FALSE	S:cds-YP_009724390.1	GGC	G	GAC	D	1046
NC_045512.2	24700	C	T	1054	863	40	2	2	37	0.00189215	1057	0.5	FALSE	S:cds-YP_009724390.1	GGC	G	GGT	G	1046
NC_045512.2	24700	C	A	1054	863	40	1	1	37	0.000946074	1057	0.749882	FALSE	S:cds-YP_009724390.1	GGC	G	GGA	G	1046
NC_045512.2	24704	C	T	1071	887	40	1	1	37	0.000932836	1072	0.75035	FALSE	S:cds-YP_009724390.1	CAT	H	TAT	Y	1048
NC_045512.2	24708	T	A	1010	827	40	1	0	37	0.00098912	1011	0.750371	FALSE	S:cds-YP_009724390.1	CTT	L	CAT	H	1049
NC_045512.2	24709	T	G	1002	840	39	1	0	37	0.000997009	1003	0.750374	FALSE	S:cds-YP_009724390.1	CTT	L	CTG	L	1049
NC_045512.2	24710	A	G	1012	849	39	1	0	37	0.000987167	1013	0.75037	FALSE	S:cds-YP_009724390.1	ATG	M	GTG	V	1050
NC_045512.2	24715	C	A	962	833	39	1	1	37	0.00103842	963	0.50026	FALSE	S:cds-YP_009724390.1	TCC	S	TCA	S	1051
NC_045512.2	24716	T	G	804	676	37	3	3	25	0.00371287	808	0.967734	FALSE	S:cds-YP_009724390.1	TTC	F	GTC	V	1052
NC_045512.2	24716	T	C	804	676	37	1	1	37	0.00123762	808	0.49938	FALSE	S:cds-YP_009724390.1	TTC	F	CTC	L	1052
NC_045512.2	24717	T	+C	907	777	39	1	0	20	0.00110254	907	0.999058	FALSE	NA	NA	NA	NA	NA	NA
NC_045512.2	24721	T	C	883	752	39	1	1	37	0.00113122	884	0.500283	FALSE	S:cds-YP_009724390.1	CCT	P	CCC	P	1053
NC_045512.2	24724	G	A	910	781	39	1	1	37	0.00109769	911	0.500275	FALSE	S:cds-YP_009724390.1	CAG	Q	CAA	Q	1054
NC_045512.2	24726	C	T	920	806	39	1	0	74	0.00108578	921	0.500272	FALSE	S:cds-YP_009724390.1	TCA	S	TTA	L	1055
NC_045512.2	24728	G	A	885	774	39	4	2	37	0.00449944	889	0.0624295	FALSE	S:cds-YP_009724390.1	GCA	A	ACA	T	1056
NC_045512.2	24729	C	T	941	834	39	1	1	74	0.00106157	942	0.500266	FALSE	S:cds-YP_009724390.1	GCA	A	GTA	V	1056
NC_045512.2	24730	A	G	955	851	39	1	1	37	0.00104603	956	0.500262	FALSE	S:cds-YP_009724390.1	GCA	A	GCG	A	1056
NC_045512.2	24738	G	T	911	818	40	1	1	25	0.00109649	912	0.999053	FALSE	S:cds-YP_009724390.1	GGT	G	GTT	V	1059
NC_045512.2	24747	T	A	692	612	40	1	1	25	0.001443	693	0.992345	FALSE	S:cds-YP_009724390.1	TTC	F	TAC	Y	1062
NC_045512.2	24757	G	A	600	553	39	1	1	37	0.00166389	601	0.500416	FALSE	S:cds-YP_009724390.1	GTG	V	GTA	V	1065
NC_045512.2	24763	T	G	551	512	37	1	1	25	0.00181159	552	0.984671	FALSE	S:cds-YP_009724390.1	TAT	Y	TAG	*	1067
NC_045512.2	24770	G	A	483	445	39	1	1	37	0.00206612	484	0.500517	FALSE	S:cds-YP_009724390.1	GCA	A	ACA	T	1070
NC_045512.2	24778	A	T	472	443	38	1	1	37	0.00211416	473	0.500529	FALSE	S:cds-YP_009724390.1	GAA	E	GAT	D	1072
NC_045512.2	24783	A	G	522	405	38	1	1	37	0.00191205	523	0.500478	FALSE	S:cds-YP_009724390.1	AAC	N	AGC	S	1074
NC_045512.2	24785	T	C	489	343	38	1	1	37	0.00204082	490	0.500511	FALSE	S:cds-YP_009724390.1	TTC	F	CTC	L	1075
NC_045512.2	24788	A	C	486	334	38	1	1	25	0.00205339	487	0.96923	FALSE	S:cds-YP_009724390.1	ACA	T	CCA	P	1076
NC_045512.2	24790	A	G	507	347	38	1	0	37	0.0019685	508	0.500493	FALSE	S:cds-YP_009724390.1	ACA	T	ACG	T	1076
NC_045512.2	24792	C	T	504	343	38	1	0	37	0.0019802	505	0.500496	FALSE	S:cds-YP_009724390.1	ACT	T	ATT	I	1077
NC_045512.2	24794	G	A	410	241	38	1	1	37	0.00243309	411	0.500609	FALSE	S:cds-YP_009724390.1	GCT	A	ACT	T	1078
NC_045512.2	24800	G	A	394	228	37	1	1	37	0.00253165	395	0.500634	FALSE	S:cds-YP_009724390.1	GCC	A	ACC	T	1080
NC_045512.2	24803	A	G	375	209	37	1	1	37	0.00265957	376	0.500666	FALSE	S:cds-YP_009724390.1	ATT	I	GTT	V	1081
NC_045512.2	24808	T	C	373	206	37	1	1	37	0.0026738	374	0.500669	FALSE	S:cds-YP_009724390.1	TGT	C	TGC	C	1082
NC_045512.2	24827	T	C	195	17	39	1	1	74	0.00510204	196	0.501279	FALSE	S:cds-YP_009724390.1	TTT	F	CTT	L	1089
NC_045512.2	24828	T	C	193	18	38	1	0	37	0.00515464	194	0.501292	FALSE	S:cds-YP_009724390.1	TTT	F	TCT	S	1089
NC_045512.2	24833	C	A	203	21	39	1	0	37	0.00490196	204	0.501229	FALSE	S:cds-YP_009724390.1	CGT	R	AGT	S	1091
NC_045512.2	24834	G	A	203	21	40	1	0	37	0.00490196	204	0.501229	FALSE	S:cds-YP_009724390.1	CGT	R	CAT	H	1091
NC_045512.2	24840	G	A	217	22	40	1	0	37	0.00458716	218	0.501149	FALSE	S:cds-YP_009724390.1	GGT	G	GAT	D	1093
NC_045512.2	24873	T	C	241	62	41	1	0	37	0.00413223	242	0.501035	FALSE	S:cds-YP_009724390.1	GTA	V	GCA	A	1104
NC_045512.2	24884	A	G	234	90	43	1	1	62	0.00425532	235	0.501066	FALSE	S:cds-YP_009724390.1	AAT	N	GAT	D	1108
NC_045512.2	24891	A	C	210	98	40	1	1	29	0.00473934	211	0.876779	FALSE	S:cds-YP_009724390.1	TAT	Y	TCT	S	1110
NC_045512.2	24899	C	T	220	105	40	1	0	37	0.00452489	221	0.501134	FALSE	S:cds-YP_009724390.1	CAA	Q	TAA	*	1113
NC_045512.2	24908	A	G	231	117	41	1	0	37	0.00431034	232	0.50108	FALSE	S:cds-YP_009724390.1	ACT	T	GCT	A	1116
NC_045512.2	24923	T	G	224	116	37	1	0	25	0.00444444	225	0.876669	FALSE	S:cds-YP_009724390.1	TTT	F	GTT	V	1121
NC_045512.2	24933	G	T	240	109	39	1	1	37	0.00414938	241	0.50104	FALSE	S:cds-YP_009724390.1	GGT	G	GTT	V	1124
NC_045512.2	24935	A	C	243	115	39	1	0	25	0.00409836	244	0.876538	FALSE	S:cds-YP_009724390.1	AAC	N	CAC	H	1125
NC_045512.2	24944	G	T	256	123	39	1	1	25	0.00389105	257	0.876461	FALSE	S:cds-YP_009724390.1	GTT	V	TTT	F	1128
NC_045512.2	24949	A	G	234	109	39	1	0	37	0.00425532	235	0.501066	FALSE	S:cds-YP_009724390.1	GTA	V	GTG	V	1129
NC_045512.2	24963	A	G	228	122	39	1	1	37	0.00436681	229	0.501094	FALSE	S:cds-YP_009724390.1	AAC	N	AGC	S	1134
NC_045512.2	24969	C	G	224	129	37	1	0	37	0.00444444	225	0.501114	FALSE	S:cds-YP_009724390.1	ACA	T	AGA	R	1136
NC_045512.2	24970	A	G	219	124	38	1	1	37	0.00454545	220	0.501139	FALSE	S:cds-YP_009724390.1	ACA	T	ACG	T	1136
NC_045512.2	24995	T	A	206	96	39	1	1	37	0.00483092	207	0.501211	FALSE	S:cds-YP_009724390.1	TTA	L	ATA	I	1145
NC_045512.2	25000	C	T	0	0	0	212	114	41	1	212	1.19209e-126	TRUE	S:cds-YP_009724390.1	GAC	D	GAT	D	1146
NC_045512.2	25001	T	A	210	113	41	1	1	37	0.00473934	211	0.501188	FALSE	S:cds-YP_009724390.1	TCA	S	ACA	T	1147
NC_045512.2	25018	A	G	207	130	40	1	1	74	0.00480769	208	0.501205	FALSE	S:cds-YP_009724390.1	TTA	L	TTG	L	1152
NC_045512.2	25057	T	G	192	155	40	1	0	37	0.00518135	193	0.501299	FALSE	S:cds-YP_009724390.1	GAT	D	GAG	E	1165
NC_045512.2	25082	G	T	144	130	37	1	1	37	0.00689655	145	0.50173	FALSE	S:cds-YP_009724390.1	GCT	A	TCT	S	1174
NC_045512.2	25103	A	T	156	79	36	1	0	25	0.00636943	157	0.752396	FALSE	S:cds-YP_009724390.1	AAA	K	TAA	*	1181
NC_045512.2	25133	A	C	98	13	38	1	0	25	0.010101	99	0.502538	FALSE	S:cds-YP_009724390.1	AAG	K	CAG	Q	1191
NC_045512.2	25168	A	G	124	29	41	1	1	37	0.008	125	0.502008	FALSE	S:cds-YP_009724390.1	GAA	E	GAG	E	1202
NC_045512.2	25182	A	T	123	40	39	1	0	25	0.00806452	124	0.753036	FALSE	S:cds-YP_009724390.1	GAG	E	GTG	V	1207
NC_045512.2	25184	C	T	131	43	38	1	1	37	0.00757576	132	0.501901	FALSE	S:cds-YP_009724390.1	CAG	Q	TAG	*	1208
NC_045512.2	25193	A	C	128	52	37	1	0	25	0.00775194	129	0.752918	FALSE	S:cds-YP_009724390.1	AAA	K	CAA	Q	1211
NC_045512.2	25200	C	T	130	53	39	1	0	37	0.00763359	131	0.501916	FALSE	S:cds-YP_009724390.1	CCA	P	CTA	L	1213
NC_045512.2	25204	G	A	131	55	39	1	0	37	0.00757576	132	0.501901	FALSE	S:cds-YP_009724390.1	TGG	W	TGA	*	1214
NC_045512.2	25220	T	G	124	61	37	1	0	25	0.008	125	0.753012	FALSE	S:cds-YP_009724390.1	TTT	F	GTT	V	1220
NC_045512.2	25239	C	T	124	63	38	1	0	37	0.008	125	0.502008	FALSE	S:cds-YP_009724390.1	GCC	A	GTC	V	1226
NC_045512.2	25241	A	C	122	65	38	1	0	25	0.00813008	123	0.753061	FALSE	S:cds-YP_009724390.1	ATA	I	CTA	L	1227
NC_045512.2	25242	T	C	124	62	37	1	0	37	0.008	125	0.502008	FALSE	S:cds-YP_009724390.1	ATA	I	ACA	T	1227
NC_045512.2	25262	C	T	138	76	38	1	0	37	0.00719424	139	0.501805	FALSE	S:cds-YP_009724390.1	CTT	L	TTT	F	1234
NC_045512.2	25268	T	C	138	76	40	1	0	37	0.00719424	139	0.501805	FALSE	S:cds-YP_009724390.1	TGT	C	CGT	R	1236
NC_045512.2	25281	G	A	134	83	40	1	1	37	0.00740741	135	0.501859	FALSE	S:cds-YP_009724390.1	TGC	C	TAC	Y	1240
NC_045512.2	25287	G	A	116	81	38	1	1	25	0.00854701	117	0.753219	FALSE	S:cds-YP_009724390.1	AGT	S	AAT	N	1242
NC_045512.2	25331	G	T	98	74	37	1	1	25	0.010101	99	0.502538	FALSE	S:cds-YP_009724390.1	GAT	D	TAT	Y	1257
NC_045512.2	25336	A	C	92	69	37	1	1	25	0.0107527	93	0.502703	FALSE	S:cds-YP_009724390.1	GAA	E	GAC	D	1258
NC_045512.2	25385	A	C	50	45	36	1	1	37	0.0196078	51	0.50495	FALSE	NA	NA	NA	NA	NA	NA
NC_045512.2	25408	A	T	3497	134	36	1	0	25	0.000285796	3499	1	FALSE	ORF3a:cds-YP_009724391.1	AGA	R	TGA	*	6
NC_045512.2	25408	A	G	3497	134	36	1	0	37	0.000285796	3499	0.937554	FALSE	ORF3a:cds-YP_009724391.1	AGA	R	GGA	G	6
NC_045512.2	25409	G	A	3716	230	36	1	1	37	0.000269034	3717	0.937584	FALSE	ORF3a:cds-YP_009724391.1	AGA	R	AAA	K	6
NC_045512.2	25411	A	G	3837	239	36	1	0	37	0.000260485	3839	0.937549	FALSE	ORF3a:cds-YP_009724391.1	ATC	I	GTC	V	7
NC_045512.2	25411	A	C	3837	239	36	1	0	25	0.000260485	3839	1	FALSE	ORF3a:cds-YP_009724391.1	ATC	I	CTC	L	7
NC_045512.2	25412	T	C	3989	235	36	1	0	25	0.000250627	3990	1	FALSE	ORF3a:cds-YP_009724391.1	ATC	I	ACC	T	7
NC_045512.2	25414	T	G	4188	245	36	1	0	25	0.00023872	4189	1	FALSE	ORF3a:cds-YP_009724391.1	TTC	F	GTC	V	8
NC_045512.2	25415	T	A	4261	291	37	1	0	37	0.000234632	4262	0.968805	FALSE	ORF3a:cds-YP_009724391.1	TTC	F	TAC	Y	8
NC_045512.2	25416	C	T	3	2	37	4351	361	37	0.999082	4355	0	TRUE	ORF3a:cds-YP_009724391.1	TTC	F	TTT	F	8
NC_045512.2	25416	C	A	3	2	37	1	0	37	0.000229621	4355	0.00458294	TRUE	ORF3a:cds-YP_009724391.1	TTC	F	TTA	L	8
NC_045512.2	25417	A	C	4298	375	37	1	0	25	0.000232612	4299	1	FALSE	ORF3a:cds-YP_009724391.1	ACA	T	CCA	P	9
NC_045512.2	25418	C	T	4466	383	37	1	1	37	0.000223814	4468	0.968785	FALSE	ORF3a:cds-YP_009724391.1	ACA	T	ATA	I	9
NC_045512.2	25418	C	A	4466	383	37	1	0	37	0.000223814	4468	0.968785	FALSE	ORF3a:cds-YP_009724391.1	ACA	T	AAA	K	9
NC_045512.2	25419	A	+G	4561	372	37	1	0	20	0.00021925	4561	1	FALSE	NA	NA	NA	NA	NA	NA
NC_045512.2	25420	A	C	4611	342	37	2	1	31	0.000433557	4613	0.890752	FALSE	ORF3a:cds-YP_009724391.1	ATT	I	CTT	L	10
NC_045512.2	25421	T	G	4551	361	37	1	0	25	0.000219684	4552	1	FALSE	ORF3a:cds-YP_009724391.1	ATT	I	AGT	S	10
NC_045512.2	25422	T	C	4735	366	37	3	0	37	0.000633179	4738	0.773611	FALSE	ORF3a:cds-YP_009724391.1	ATT	I	ATC	I	10
NC_045512.2	25423	G	A	4725	386	37	1	1	37	0.000211595	4726	0.9688	FALSE	ORF3a:cds-YP_009724391.1	GGA	G	AGA	R	11
NC_045512.2	25425	A	G	5018	420	37	1	0	37	0.000199243	5019	0.984408	FALSE	ORF3a:cds-YP_009724391.1	GGA	G	GGG	G	11
NC_045512.2	25426	A	G	4862	412	36	3	2	33	0.000616396	4867	0.773438	FALSE	ORF3a:cds-YP_009724391.1	ACT	T	GCT	A	12
NC_045512.2	25426	A	C	4862	412	36	2	0	31	0.000410931	4867	0.890601	FALSE	ORF3a:cds-YP_009724391.1	ACT	T	CCT	P	12
NC_045512.2	25427	C	T	5424	437	37	1	0	37	0.000184332	5425	0.984405	FALSE	ORF3a:cds-YP_009724391.1	ACT	T	ATT	I	12
NC_045512.2	25428	T	G	5631	427	37	1	0	25	0.000177525	5633	1	FALSE	ORF3a:cds-YP_009724391.1	ACT	T	ACG	T	12
NC_045512.2	25428	T	C	5631	427	37	1	0	37	0.000177525	5633	0.984396	FALSE	ORF3a:cds-YP_009724391.1	ACT	T	ACC	T	12
NC_045512.2	25429	G	T	5782	436	37	1	0	37	0.000172771	5788	0.984363	FALSE	ORF3a:cds-YP_009724391.1	GTA	V	TTA	L	13
NC_045512.2	25429	G	C	5782	436	37	1	0	37	0.000172771	5788	0.984363	FALSE	ORF3a:cds-YP_009724391.1	GTA	V	CTA	L	13
NC_045512.2	25429	G	A	5782	436	37	4	0	37	0.000691085	5788	0.746094	FALSE	ORF3a:cds-YP_009724391.1	GTA	V	ATA	I	13
NC_045512.2	25430	T	A	5722	432	37	1	0	37	0.000174734	5723	0.984404	FALSE	ORF3a:cds-YP_009724391.1	GTA	V	GAA	E	13
NC_045512.2	25431	A	G	5798	433	37	1	0	37	0.000172384	5801	0.984387	FALSE	ORF3a:cds-YP_009724391.1	GTA	V	GTG	V	13
NC_045512.2	25431	A	C	5798	433	37	2	0	31	0.000344768	5801	0.937557	FALSE	ORF3a:cds-YP_009724391.1	GTA	V	GTC	V	13
NC_045512.2	25433	C	A	6553	445	37	1	0	25	0.000152579	6554	1	FALSE	ORF3a:cds-YP_009724391.1	ACT	T	AAT	N	14
NC_045512.2	25434	T	A	6953	657	38	3	1	34	0.000431282	6956	0.910262	FALSE	ORF3a:cds-YP_009724391.1	ACT	T	ACA	T	14
NC_045512.2	25436	T	G	7217	756	38	1	1	25	0.000138504	7220	1	FALSE	ORF3a:cds-YP_009724391.1	TTG	L	TGG	W	15
NC_045512.2	25436	T	C	7217	756	38	1	1	37	0.000138504	7220	0.996099	FALSE	ORF3a:cds-YP_009724391.1	TTG	L	TCG	S	15
NC_045512.2	25436	T	A	7217	756	38	1	0	25	0.000138504	7220	1	FALSE	ORF3a:cds-YP_009724391.1	TTG	L	TAG	*	15
NC_045512.2	25439	A	T	7332	777	38	1	0	37	0.000136333	7335	0.996099	FALSE	ORF3a:cds-YP_009724391.1	AAG	K	ATG	M	16
NC_045512.2	25439	A	G	7332	777	38	2	0	37	0.000272665	7335	0.980498	FALSE	ORF3a:cds-YP_009724391.1	AAG	K	AGG	R	16
NC_045512.2	25440	G	-CAAGGTGAAATCAAGGATGCTACT	7284	798	38	1	0	20	0.000137287	7284	1	FALSE	NA	NA	NA	NA	NA	NA
NC_045512.2	25441	C	T	7282	811	38	2	0	37	0.000274537	7285	0.980488	FALSE	ORF3a:cds-YP_009724391.1	CAA	Q	TAA	*	17
NC_045512.2	25441	C	A	7282	811	38	1	0	25	0.000137268	7285	1	FALSE	ORF3a:cds-YP_009724391.1	CAA	Q	AAA	K	17
NC_045512.2	25442	A	C	7281	788	38	1	1	37	0.000137325	7282	0.996101	FALSE	ORF3a:cds-YP_009724391.1	CAA	Q	CCA	P	17
NC_045512.2	25443	A	G	7228	785	38	2	1	37	0.000276549	7232	0.980478	FALSE	ORF3a:cds-YP_009724391.1	CAA	Q	CAG	Q	17
NC_045512.2	25443	A	C	7228	785	38	2	0	31	0.000276549	7232	0.980478	FALSE	ORF3a:cds-YP_009724391.1	CAA	Q	CAC	H	17
NC_045512.2	25444	G	T	7911	793	38	1	0	37	0.00012639	7912	0.996101	FALSE	ORF3a:cds-YP_009724391.1	GGT	G	TGT	C	18
NC_045512.2	25445	G	A	8048	793	38	2	0	31	0.000248447	8050	0.989277	FALSE	ORF3a:cds-YP_009724391.1	GGT	G	GAT	D	18
NC_045512.2	25446	T	G	7933	861	38	1	0	25	0.000126024	7935	1	FALSE	ORF3a:cds-YP_009724391.1	GGT	G	GGG	G	18
NC_045512.2	25446	T	A	7933	861	38	1	0	37	0.000126024	7935	0.996099	FALSE	ORF3a:cds-YP_009724391.1	GGT	G	GGA	G	18
NC_045512.2	25448	A	T	8123	899	39	1	0	25	0.000123077	8125	1	FALSE	ORF3a:cds-YP_009724391.1	GAA	E	GTA	V	19
NC_045512.2	25448	A	G	8123	899	39	1	1	22	0.000123077	8125	1	FALSE	ORF3a:cds-YP_009724391.1	GAA	E	GGA	G	19
NC_045512.2	25449	A	G	8414	885	39	1	0	37	0.000118835	8415	0.998051	FALSE	ORF3a:cds-YP_009724391.1	GAA	E	GAG	E	19
NC_045512.2	25450	A	G	8485	895	38	2	1	37	0.000235655	8487	0.989276	FALSE	ORF3a:cds-YP_009724391.1	ATC	I	GTC	V	20
NC_045512.2	25453	A	T	8673	914	39	1	0	37	0.000115287	8674	0.998051	FALSE	ORF3a:cds-YP_009724391.1	AAG	K	TAG	*	21
NC_045512.2	25454	A	G	8691	915	38	2	0	37	0.000230044	8694	0.98927	FALSE	ORF3a:cds-YP_009724391.1	AAG	K	AGG	R	21
NC_045512.2	25454	A	C	8691	915	38	1	1	25	0.000115022	8694	1	FALSE	ORF3a:cds-YP_009724391.1	AAG	K	ACG	T	21
NC_045512.2	25455	G	T	8866	947	38	1	0	37	0.000112778	8867	0.998051	FALSE	ORF3a:cds-YP_009724391.1	AAG	K	AAT	N	21
NC_045512.2	25457	A	T	9430	954	38	1	0	25	0.000106	9434	1	FALSE	ORF3a:cds-YP_009724391.1	GAT	D	GTT	V	22
NC_045512.2	25457	A	G	9430	954	38	3	1	37	0.000317999	9434	0.980734	FALSE	ORF3a:cds-YP_009724391.1	GAT	D	GGT	G	22
NC_045512.2	25458	T	C	9813	961	38	1	0	25	0.000101885	9815	1	FALSE	ORF3a:cds-YP_009724391.1	GAT	D	GAC	D	22
NC_045512.2	25458	T	A	9813	961	38	1	0	37	0.000101885	9815	0.999025	FALSE	ORF3a:cds-YP_009724391.1	GAT	D	GAA	E	22
NC_045512.2	25459	G	T	9935	971	38	1	0	37	0.000100604	9940	0.999024	FALSE	ORF3a:cds-YP_009724391.1	GCT	A	TCT	S	23
NC_045512.2	25459	G	C	9935	971	38	1	0	25	0.000100604	9940	1	FALSE	ORF3a:cds-YP_009724391.1	GCT	A	CCT	P	23
NC_045512.2	25459	G	A	9935	971	38	3	0	33	0.000301811	9940	0.980725	FALSE	ORF3a:cds-YP_009724391.1	GCT	A	ACT	T	23
NC_045512.2	25460	C	T	9692	972	38	17	1	39	0.00175095	9709	0.0841761	FALSE	ORF3a:cds-YP_009724391.1	GCT	A	GTT	V	23
NC_045512.2	25461	T	G	9706	995	38	1	0	37	0.000102955	9713	0.999023	FALSE	ORF3a:cds-YP_009724391.1	GCT	A	GCG	A	23
NC_045512.2	25461	T	C	9706	995	38	3	0	40	0.000308864	9713	0.124903	FALSE	ORF3a:cds-YP_009724391.1	GCT	A	GCC	A	23
NC_045512.2	25461	T	A	9706	995	38	3	1	37	0.000308864	9713	0.980709	FALSE	ORF3a:cds-YP_009724391.1	GCT	A	GCA	A	23
NC_045512.2	25462	A	C	9611	1010	38	4	0	28	0.000416017	9615	1	FALSE	ORF3a:cds-YP_009724391.1	ACT	T	CCT	P	24
NC_045512.2	25464	T	G	9997	1127	39	1	1	37	9.997e-05	10003	0.999512	FALSE	ORF3a:cds-YP_009724391.1	ACT	T	ACG	T	24
NC_045512.2	25464	T	C	9997	1127	39	4	0	37	0.00039988	10003	0.971332	FALSE	ORF3a:cds-YP_009724391.1	ACT	T	ACC	T	24
NC_045512.2	25464	T	A	9997	1127	39	1	0	37	9.997e-05	10003	0.999512	FALSE	ORF3a:cds-YP_009724391.1	ACT	T	ACA	T	24
NC_045512.2	25465	C	T	10576	1148	39	2	0	37	0.000189072	10578	0.996835	FALSE	ORF3a:cds-YP_009724391.1	CCT	P	TCT	S	25
NC_045512.2	25466	C	-T	10640	1160	39	1	0	20	9.3985e-05	10640	1	FALSE	NA	NA	NA	NA	NA	NA
NC_045512.2	25467	T	C	10716	1140	38	1	0	37	9.32923e-05	10719	0.999512	FALSE	ORF3a:cds-YP_009724391.1	CCT	P	CCC	P	25
NC_045512.2	25467	T	A	10716	1140	38	2	0	37	0.000186585	10719	0.996831	FALSE	ORF3a:cds-YP_009724391.1	CCT	P	CCA	P	25
NC_045512.2	25468	T	G	10776	1152	39	2	0	27	0.00018546	10784	1	FALSE	ORF3a:cds-YP_009724391.1	TCA	S	GCA	A	26
NC_045512.2	25468	T	C	10776	1152	39	4	0	31	0.00037092	10784	0.971319	FALSE	ORF3a:cds-YP_009724391.1	TCA	S	CCA	P	26
NC_045512.2	25468	T	A	10776	1152	39	2	0	31	0.00018546	10784	0.996825	FALSE	ORF3a:cds-YP_009724391.1	TCA	S	ACA	T	26
NC_045512.2	25469	C	T	10853	1159	39	3	0	37	0.000276319	10857	0.988789	FALSE	ORF3a:cds-YP_009724391.1	TCA	S	TTA	L	26
NC_045512.2	25469	C	G	10853	1159	39	1	1	25	9.21065e-05	10857	1	FALSE	ORF3a:cds-YP_009724391.1	TCA	S	TGA	*	26
NC_045512.2	25470	A	G	10926	1163	39	3	0	33	0.000274499	10929	0.988793	FALSE	ORF3a:cds-YP_009724391.1	TCA	S	TCG	S	26
NC_045512.2	25471	G	T	11096	1156	39	2	2	37	0.000180213	11098	0.998296	FALSE	ORF3a:cds-YP_009724391.1	GAT	D	TAT	Y	27
NC_045512.2	25472	A	G	10453	1154	35	1	0	37	9.56572e-05	10454	0.999513	FALSE	ORF3a:cds-YP_009724391.1	GAT	D	GGT	G	27
NC_045512.2	25472	A	-T	10453	1154	35	3	0	20	0.000286971	10454	1	FALSE	NA	NA	NA	NA	NA	NA
NC_045512.2	25473	T	G	11119	1153	39	1	1	25	8.99038e-05	11123	1	FALSE	ORF3a:cds-YP_009724391.1	GAT	D	GAG	E	27
NC_045512.2	25473	T	C	11119	1153	39	1	0	74	8.99038e-05	11123	0.499888	FALSE	ORF3a:cds-YP_009724391.1	GAT	D	GAC	D	27
NC_045512.2	25473	T	A	11119	1153	39	2	0	31	0.000179808	11123	0.998292	FALSE	ORF3a:cds-YP_009724391.1	GAT	D	GAA	E	27
NC_045512.2	25474	T	C	11036	1147	38	1	0	37	9.05961e-05	11038	0.999757	FALSE	ORF3a:cds-YP_009724391.1	TTT	F	CTT	L	28
NC_045512.2	25474	T	A	11036	1147	38	1	0	25	9.05961e-05	11038	1	FALSE	ORF3a:cds-YP_009724391.1	TTT	F	ATT	I	28
NC_045512.2	25475	T	C	11051	1168	39	1	0	37	9.04814e-05	11052	0.999757	FALSE	ORF3a:cds-YP_009724391.1	TTT	F	TCT	S	28
NC_045512.2	25476	T	A	11195	1195	39	2	0	31	0.000178619	11197	0.998296	FALSE	ORF3a:cds-YP_009724391.1	TTT	F	TTA	L	28
NC_045512.2	25477	G	T	11112	1200	39	2	0	31	0.000179953	11114	0.998296	FALSE	ORF3a:cds-YP_009724391.1	GTT	V	TTT	F	29
NC_045512.2	25478	T	G	10967	1196	38	2	0	25	0.000182315	10970	1	FALSE	ORF3a:cds-YP_009724391.1	GTT	V	GGT	G	29
NC_045512.2	25478	T	C	10967	1196	38	1	0	37	9.11577e-05	10970	0.999513	FALSE	ORF3a:cds-YP_009724391.1	GTT	V	GCT	A	29
NC_045512.2	25479	T	C	11238	1195	39	1	0	37	8.8968e-05	11240	0.999757	FALSE	ORF3a:cds-YP_009724391.1	GTT	V	GTC	V	29
NC_045512.2	25479	T	A	11238	1195	39	1	0	37	8.8968e-05	11240	0.999757	FALSE	ORF3a:cds-YP_009724391.1	GTT	V	GTA	V	29
NC_045512.2	25480	C	T	11096	1205	39	2	1	37	0.000180196	11099	0.998295	FALSE	ORF3a:cds-YP_009724391.1	CGC	R	TGC	C	30
NC_045512.2	25480	C	A	11096	1205	39	1	0	25	9.00982e-05	11099	1	FALSE	ORF3a:cds-YP_009724391.1	CGC	R	AGC	S	30
NC_045512.2	25481	G	A	10989	1202	38	1	0	37	9.09918e-05	10990	0.999513	FALSE	ORF3a:cds-YP_009724391.1	CGC	R	CAC	H	30
NC_045512.2	25482	C	T	11224	1203	38	6	0	37	0.000534236	11231	0.928344	FALSE	ORF3a:cds-YP_009724391.1	CGC	R	CGT	R	30
NC_045512.2	25482	C	A	11224	1203	38	1	0	37	8.90393e-05	11231	0.999756	FALSE	ORF3a:cds-YP_009724391.1	CGC	R	CGA	R	30
NC_045512.2	25483	G	A	11354	1234	39	5	0	34	0.00044018	11359	0.96166	FALSE	ORF3a:cds-YP_009724391.1	GCT	A	ACT	T	31
NC_045512.2	25484	C	T	11767	1248	39	6	0	37	0.000509641	11773	0.928365	FALSE	ORF3a:cds-YP_009724391.1	GCT	A	GTT	V	31
NC_045512.2	25485	T	G	11895	1278	39	2	2	37	0.000168053	11901	0.998293	FALSE	ORF3a:cds-YP_009724391.1	GCT	A	GCG	A	31
NC_045512.2	25485	T	C	11895	1278	39	3	0	33	0.00025208	11901	0.993537	FALSE	ORF3a:cds-YP_009724391.1	GCT	A	GCC	A	31
NC_045512.2	25485	T	A	11895	1278	39	1	0	37	8.40266e-05	11901	0.999756	FALSE	ORF3a:cds-YP_009724391.1	GCT	A	GCA	A	31
NC_045512.2	25486	A	T	12171	1284	39	2	1	37	0.000164244	12177	0.999086	FALSE	ORF3a:cds-YP_009724391.1	ACT	T	TCT	S	32
NC_045512.2	25486	A	G	12171	1284	39	3	1	37	0.000246366	12177	0.996313	FALSE	ORF3a:cds-YP_009724391.1	ACT	T	GCT	A	32
NC_045512.2	25486	A	C	12171	1284	39	1	0	25	8.2122e-05	12177	1	FALSE	ORF3a:cds-YP_009724391.1	ACT	T	CCT	P	32
NC_045512.2	25488	T	C	12419	1305	39	3	1	49	0.000241507	12422	0.312515	FALSE	ORF3a:cds-YP_009724391.1	ACT	T	ACC	T	32
NC_045512.2	25489	G	A	12003	1369	39	6	0	37	0.000499625	12009	0.951953	FALSE	ORF3a:cds-YP_009724391.1	GCA	A	ACA	T	33
NC_045512.2	25490	C	T	11725	1442	38	9	0	37	0.000767002	11734	0.748431	FALSE	ORF3a:cds-YP_009724391.1	GCA	A	GTA	V	33
NC_045512.2	25491	A	G	10979	1523	38	3	0	33	0.000273174	10982	0.988793	FALSE	ORF3a:cds-YP_009724391.1	GCA	A	GCG	A	33
NC_045512.2	25492	A	T	10776	1506	37	1	0	37	9.27042e-05	10787	0.999511	FALSE	ORF3a:cds-YP_009724391.1	ACG	T	TCG	S	34
NC_045512.2	25492	A	G	10776	1506	37	1	0	37	9.27042e-05	10787	0.999511	FALSE	ORF3a:cds-YP_009724391.1	ACG	T	GCG	A	34
NC_045512.2	25492	A	C	10776	1506	37	9	0	27	0.000834338	10787	1	FALSE	ORF3a:cds-YP_009724391.1	ACG	T	CCG	P	34
NC_045512.2	25493	C	T	11138	1650	38	5	0	37	0.000448712	11143	0.961661	FALSE	ORF3a:cds-YP_009724391.1	ACG	T	ATG	M	34
NC_045512.2	25494	G	A	11116	1653	38	4	1	46	0.000359712	11120	0.1875	FALSE	ORF3a:cds-YP_009724391.1	ACG	T	ACA	T	34
NC_045512.2	25495	A	T	10944	1658	38	2	0	25	0.000182665	10949	1	FALSE	ORF3a:cds-YP_009724391.1	ATA	I	TTA	L	35
NC_045512.2	25495	A	C	10944	1658	38	3	0	37	0.000273998	10949	0.988784	FALSE	ORF3a:cds-YP_009724391.1	ATA	I	CTA	L	35
NC_045512.2	25496	T	G	10852	1658	38	3	1	25	0.000276294	10858	1	FALSE	ORF3a:cds-YP_009724391.1	ATA	I	AGA	R	35
NC_045512.2	25496	T	C	10852	1658	38	2	1	37	0.000184196	10858	0.996828	FALSE	ORF3a:cds-YP_009724391.1	ATA	I	ACA	T	35
NC_045512.2	25496	T	A	10852	1658	38	1	0	37	9.2098e-05	10858	0.999512	FALSE	ORF3a:cds-YP_009724391.1	ATA	I	AAA	K	35
NC_045512.2	25497	A	G	10830	1672	38	2	1	55	0.000184553	10837	0.249896	FALSE	ORF3a:cds-YP_009724391.1	ATA	I	ATG	M	35
NC_045512.2	25497	A	C	10830	1672	38	5	0	25	0.000461382	10837	1	FALSE	ORF3a:cds-YP_009724391.1	ATA	I	ATC	I	35
NC_045512.2	25498	C	T	10984	1725	38	6	2	37	0.000545901	10991	0.895027	FALSE	ORF3a:cds-YP_009724391.1	CCG	P	TCG	S	36
NC_045512.2	25498	C	A	10984	1725	38	1	0	25	9.09835e-05	10991	1	FALSE	ORF3a:cds-YP_009724391.1	CCG	P	ACG	T	36
NC_045512.2	25499	C	T	10988	1711	38	10	0	40	0.000909174	10999	0.00584961	TRUE	ORF3a:cds-YP_009724391.1	CCG	P	CTG	L	36
NC_045512.2	25499	C	A	10988	1711	38	1	0	25	9.09174e-05	10999	1	FALSE	ORF3a:cds-YP_009724391.1	CCG	P	CAG	Q	36
NC_045512.2	25500	G	A	11135	1725	38	8	0	37	0.00071794	11143	0.820514	FALSE	ORF3a:cds-YP_009724391.1	CCG	P	CCA	P	36
NC_045512.2	25502	T	C	11764	1773	37	2	0	37	0.000169981	11766	0.998296	FALSE	ORF3a:cds-YP_009724391.1	ATA	I	ACA	T	37
NC_045512.2	25503	A	T	12036	1779	38	1	0	37	8.30703e-05	12038	0.999878	FALSE	ORF3a:cds-YP_009724391.1	ATA	I	ATT	I	37
NC_045512.2	25503	A	C	12036	1779	38	1	1	29	8.30703e-05	12038	1	FALSE	ORF3a:cds-YP_009724391.1	ATA	I	ATC	I	37
NC_045512.2	25505	A	T	11910	1721	37	1	0	37	8.39349e-05	11914	0.999756	FALSE	ORF3a:cds-YP_009724391.1	CAA	Q	CTA	L	38
NC_045512.2	25505	A	G	11910	1721	37	2	0	37	0.00016787	11914	0.998294	FALSE	ORF3a:cds-YP_009724391.1	CAA	Q	CGA	R	38
NC_045512.2	25505	A	C	11910	1721	37	1	1	25	8.39349e-05	11914	1	FALSE	ORF3a:cds-YP_009724391.1	CAA	Q	CCA	P	38
NC_045512.2	25506	A	T	11546	1758	37	3	0	33	0.000259695	11552	0.993537	FALSE	ORF3a:cds-YP_009724391.1	CAA	Q	CAT	H	38
NC_045512.2	25506	A	G	11546	1758	37	1	0	37	8.65651e-05	11552	0.999756	FALSE	ORF3a:cds-YP_009724391.1	CAA	Q	CAG	Q	38
NC_045512.2	25506	A	C	11546	1758	37	2	0	31	0.00017313	11552	0.998293	FALSE	ORF3a:cds-YP_009724391.1	CAA	Q	CAC	H	38
NC_045512.2	25507	G	T	11217	1820	36	4	0	23	0.000356474	11221	1	FALSE	ORF3a:cds-YP_009724391.1	GCC	A	TCC	S	39
NC_045512.2	25508	C	T	12647	1858	37	6	0	35	0.000474121	12655	0.951916	FALSE	ORF3a:cds-YP_009724391.1	GCC	A	GTC	V	39
NC_045512.2	25508	C	G	12647	1858	37	2	0	37	0.00015804	12655	0.999085	FALSE	ORF3a:cds-YP_009724391.1	GCC	A	GGC	G	39
NC_045512.2	25509	C	A	12890	1952	37	1	0	37	7.75735e-05	12891	0.999878	FALSE	ORF3a:cds-YP_009724391.1	GCC	A	GCA	A	39
NC_045512.2	25510	T	C	12644	1742	37	5	1	37	0.000395288	12649	0.975526	FALSE	ORF3a:cds-YP_009724391.1	TCA	S	CCA	P	40
NC_045512.2	25510	T	-C	12644	1742	37	1	0	20	7.90576e-05	12649	1	FALSE	NA	NA	NA	NA	NA	NA
NC_045512.2	25511	C	T	12768	1885	38	1	0	37	7.83147e-05	12769	0.999878	FALSE	ORF3a:cds-YP_009724391.1	TCA	S	TTA	L	40
NC_045512.2	25512	A	G	12560	1801	37	1	1	37	7.95988e-05	12563	0.999878	FALSE	ORF3a:cds-YP_009724391.1	TCA	S	TCG	S	40
NC_045512.2	25512	A	C	12560	1801	37	2	2	31	0.000159198	12563	0.999087	FALSE	ORF3a:cds-YP_009724391.1	TCA	S	TCC	S	40
NC_045512.2	25513	C	A	12630	1894	37	1	0	37	7.91703e-05	12631	0.999878	FALSE	ORF3a:cds-YP_009724391.1	CTC	L	ATC	I	41
NC_045512.2	25514	T	G	12411	1877	37	3	1	25	0.000241585	12418	1	FALSE	ORF3a:cds-YP_009724391.1	CTC	L	CGC	R	41
NC_045512.2	25514	T	C	12411	1877	37	4	1	37	0.000322113	12418	0.989376	FALSE	ORF3a:cds-YP_009724391.1	CTC	L	CCC	P	41
NC_045512.2	25516	C	A	12478	1859	37	1	0	25	8.01346e-05	12479	1	FALSE	ORF3a:cds-YP_009724391.1	CCT	P	ACT	T	42
NC_045512.2	25517	C	A	12523	1827	37	3	1	33	0.000239502	12526	0.996317	FALSE	ORF3a:cds-YP_009724391.1	CCT	P	CAT	H	42
NC_045512.2	25517	C	-T	12523	1827	37	3	0	20	0.000239502	12526	1	FALSE	NA	NA	NA	NA	NA	NA
NC_045512.2	25518	T	G	12003	1735	36	4	0	28	0.000332945	12014	1	FALSE	ORF3a:cds-YP_009724391.1	CCT	P	CCG	P	42
NC_045512.2	25518	T	C	12003	1735	36	4	0	37	0.000332945	12014	0.989344	FALSE	ORF3a:cds-YP_009724391.1	CCT	P	CCC	P	42
NC_045512.2	25518	T	A	12003	1735	36	3	1	25	0.000249709	12014	1	FALSE	ORF3a:cds-YP_009724391.1	CCT	P	CCA	P	42
NC_045512.2	25519	T	G	13619	4094	39	8	2	30	0.000586984	13629	0.905433	FALSE	ORF3a:cds-YP_009724391.1	TTC	F	GTC	V	43
NC_045512.2	25519	T	C	13619	4094	39	2	1	31	0.000146746	13629	0.999511	FALSE	ORF3a:cds-YP_009724391.1	TTC	F	CTC	L	43
NC_045512.2	25520	T	C	14417	4588	41	1	1	37	6.93577e-05	14418	0.99997	FALSE	ORF3a:cds-YP_009724391.1	TTC	F	TCC	S	43
NC_045512.2	25521	C	T	14577	4740	41	3	2	37	0.000205761	14580	0.998829	FALSE	ORF3a:cds-YP_009724391.1	TTC	F	TTT	F	43
NC_045512.2	25522	G	C	14418	4641	41	1	0	37	6.93385e-05	14422	0.99997	FALSE	ORF3a:cds-YP_009724391.1	GGA	G	CGA	R	44
NC_045512.2	25522	G	A	14418	4641	41	3	1	45	0.000208016	14422	0.312487	FALSE	ORF3a:cds-YP_009724391.1	GGA	G	AGA	R	44
NC_045512.2	25523	G	A	14477	4694	41	4	1	46	0.000276224	14481	0.1875	FALSE	ORF3a:cds-YP_009724391.1	GGA	G	GAA	E	44
NC_045512.2	25524	A	G	14141	4724	41	3	2	49	0.000212029	14149	0.312381	FALSE	ORF3a:cds-YP_009724391.1	GGA	G	GGG	G	44
NC_045512.2	25524	A	C	14141	4724	41	5	0	32	0.000353382	14149	0.990406	FALSE	ORF3a:cds-YP_009724391.1	GGA	G	GGC	G	44
NC_045512.2	25525	T	G	13822	4698	40	8	3	31	0.000578411	13831	0.905461	FALSE	ORF3a:cds-YP_009724391.1	TGG	W	GGG	G	45
NC_045512.2	25525	T	C	13822	4698	40	1	0	37	7.23014e-05	13831	0.999939	FALSE	ORF3a:cds-YP_009724391.1	TGG	W	CGG	R	45
NC_045512.2	25526	G	T	15462	5020	41	3	1	49	0.000193986	15465	0.312512	FALSE	ORF3a:cds-YP_009724391.1	TGG	W	TTG	L	45
NC_045512.2	25527	G	T	15546	5051	41	2	1	31	0.000128477	15567	0.999862	FALSE	ORF3a:cds-YP_009724391.1	TGG	W	TGT	C	45
NC_045512.2	25527	G	A	15546	5051	41	19	3	37	0.00122053	15567	0.303631	FALSE	ORF3a:cds-YP_009724391.1	TGG	W	TGA	*	45
NC_045512.2	25528	C	T	14502	5077	39	4	3	46	0.000275672	14510	0.187414	FALSE	ORF3a:cds-YP_009724391.1	CTT	L	TTT	F	46
NC_045512.2	25528	C	G	14502	5077	39	3	0	29	0.000206754	14510	1	FALSE	ORF3a:cds-YP_009724391.1	CTT	L	GTT	V	46
NC_045512.2	25528	C	A	14502	5077	39	1	1	37	6.8918e-05	14510	0.999969	FALSE	ORF3a:cds-YP_009724391.1	CTT	L	ATT	I	46
NC_045512.2	25529	T	G	14194	5335	39	35	0	29	0.00245838	14237	1	FALSE	ORF3a:cds-YP_009724391.1	CTT	L	CGT	R	46
NC_045512.2	25529	T	C	14194	5335	39	4	0	37	0.000280958	14237	0.996177	FALSE	ORF3a:cds-YP_009724391.1	CTT	L	CCT	P	46
NC_045512.2	25529	T	A	14194	5335	39	4	2	34	0.000280958	14237	0.996177	FALSE	ORF3a:cds-YP_009724391.1	CTT	L	CAT	H	46
NC_045512.2	25530	T	G	14397	5383	39	25	0	28	0.00173286	14427	1	FALSE	ORF3a:cds-YP_009724391.1	CTT	L	CTG	L	46
NC_045512.2	25530	T	C	14397	5383	39	4	2	61	0.000277258	14427	0.0622705	FALSE	ORF3a:cds-YP_009724391.1	CTT	L	CTC	L	46
NC_045512.2	25530	T	A	14397	5383	39	1	0	37	6.93145e-05	14427	0.999969	FALSE	ORF3a:cds-YP_009724391.1	CTT	L	CTA	L	46
NC_045512.2	25531	A	G	14867	5308	39	3	0	33	0.00020164	14878	0.998825	FALSE	ORF3a:cds-YP_009724391.1	ATT	I	GTT	V	47
NC_045512.2	25531	A	C	14867	5308	39	8	0	31	0.000537707	14878	0.933131	FALSE	ORF3a:cds-YP_009724391.1	ATT	I	CTT	L	47
NC_045512.2	25532	T	G	14309	5419	39	20	0	30	0.00139548	14332	0.19551	FALSE	ORF3a:cds-YP_009724391.1	ATT	I	AGT	S	47
NC_045512.2	25532	T	C	14309	5419	39	3	0	33	0.000209322	14332	0.998818	FALSE	ORF3a:cds-YP_009724391.1	ATT	I	ACT	T	47
NC_045512.2	25533	T	G	14879	5409	40	5	0	29	0.000335864	14887	1	FALSE	ORF3a:cds-YP_009724391.1	ATT	I	ATG	M	47
NC_045512.2	25533	T	C	14879	5409	40	2	0	37	0.000134345	14887	0.999741	FALSE	ORF3a:cds-YP_009724391.1	ATT	I	ATC	I	47
NC_045512.2	25533	T	A	14879	5409	40	1	0	37	6.71727e-05	14887	0.999969	FALSE	ORF3a:cds-YP_009724391.1	ATT	I	ATA	I	47
NC_045512.2	25535	T	G	13952	5104	39	2	0	25	0.000143277	13959	1	FALSE	ORF3a:cds-YP_009724391.1	GTT	V	GGT	G	48
NC_045512.2	25535	T	C	13952	5104	39	4	1	36	0.000286553	13959	0.993645	FALSE	ORF3a:cds-YP_009724391.1	GTT	V	GCT	A	48
NC_045512.2	25535	T	A	13952	5104	39	1	0	37	7.16384e-05	13959	0.999939	FALSE	ORF3a:cds-YP_009724391.1	GTT	V	GAT	D	48
NC_045512.2	25536	T	G	14252	5115	40	1	1	25	7.01557e-05	14254	1	FALSE	ORF3a:cds-YP_009724391.1	GTT	V	GTG	V	48
NC_045512.2	25536	T	C	14252	5115	40	1	1	37	7.01557e-05	14254	0.99997	FALSE	ORF3a:cds-YP_009724391.1	GTT	V	GTC	V	48
NC_045512.2	25536	T	-G	14252	5115	40	1	0	20	7.01557e-05	14254	1	FALSE	NA	NA	NA	NA	NA	NA
NC_045512.2	25538	G	T	14592	5262	40	1	0	25	6.85213e-05	14594	1	FALSE	ORF3a:cds-YP_009724391.1	GGC	G	GTC	V	49
NC_045512.2	25538	G	A	14592	5262	40	1	0	37	6.85213e-05	14594	0.99997	FALSE	ORF3a:cds-YP_009724391.1	GGC	G	GAC	D	49
NC_045512.2	25539	C	T	14521	5233	39	17	6	41	0.00116927	14539	7.21786e-05	TRUE	ORF3a:cds-YP_009724391.1	GGC	G	GGT	G	49
NC_045512.2	25539	C	G	14521	5233	39	1	1	37	6.87805e-05	14539	0.999969	FALSE	ORF3a:cds-YP_009724391.1	GGC	G	GGG	G	49
NC_045512.2	25540	G	C	14597	5242	40	1	0	74	6.84932e-05	14600	0.499983	FALSE	ORF3a:cds-YP_009724391.1	GTT	V	CTT	L	50
NC_045512.2	25540	G	A	14597	5242	40	2	1	37	0.000136986	14600	0.999741	FALSE	ORF3a:cds-YP_009724391.1	GTT	V	ATT	I	50
NC_045512.2	25541	T	G	14518	5150	39	1	0	37	6.88705e-05	14520	0.99997	FALSE	ORF3a:cds-YP_009724391.1	GTT	V	GGT	G	50
NC_045512.2	25541	T	C	14518	5150	39	1	0	37	6.88705e-05	14520	0.99997	FALSE	ORF3a:cds-YP_009724391.1	GTT	V	GCT	A	50
NC_045512.2	25542	T	C	14738	5264	40	3	1	37	0.000203459	14745	0.998827	FALSE	ORF3a:cds-YP_009724391.1	GTT	V	GTC	V	50
NC_045512.2	25542	T	A	14738	5264	40	4	1	35	0.000271278	14745	0.996237	FALSE	ORF3a:cds-YP_009724391.1	GTT	V	GTA	V	50
NC_045512.2	25543	G	T	14798	5203	40	1	0	37	6.744e-05	14828	0.999969	FALSE	ORF3a:cds-YP_009724391.1	GCA	A	TCA	S	51
NC_045512.2	25543	G	A	14798	5203	40	29	11	38	0.00195576	14828	0.0157088	FALSE	ORF3a:cds-YP_009724391.1	GCA	A	ACA	T	51
NC_045512.2	25544	C	T	14497	5325	39	9	3	41	0.00062039	14507	0.0107316	FALSE	ORF3a:cds-YP_009724391.1	GCA	A	GTA	V	51
NC_045512.2	25544	C	G	14497	5325	39	1	1	25	6.89322e-05	14507	1	FALSE	ORF3a:cds-YP_009724391.1	GCA	A	GGA	G	51
NC_045512.2	25545	A	T	14179	5382	39	2	0	25	0.000141004	14184	1	FALSE	ORF3a:cds-YP_009724391.1	GCA	A	GCT	A	51
NC_045512.2	25545	A	G	14179	5382	39	3	1	33	0.000211506	14184	0.998828	FALSE	ORF3a:cds-YP_009724391.1	GCA	A	GCG	A	51
NC_045512.2	25546	C	T	14113	5424	38	2	0	25	0.000141693	14115	1	FALSE	ORF3a:cds-YP_009724391.1	CTT	L	TTT	F	52
NC_045512.2	25547	T	G	13814	5284	39	5	0	27	0.000361768	13821	1	FALSE	ORF3a:cds-YP_009724391.1	CTT	L	CGT	R	52
NC_045512.2	25547	T	C	13814	5284	39	2	0	31	0.000144707	13821	0.999512	FALSE	ORF3a:cds-YP_009724391.1	CTT	L	CCT	P	52
NC_045512.2	25548	T	G	13883	5229	39	4	0	25	0.000288018	13888	1	FALSE	ORF3a:cds-YP_009724391.1	CTT	L	CTG	L	52
NC_045512.2	25548	T	C	13883	5229	39	1	0	37	7.20046e-05	13888	0.999939	FALSE	ORF3a:cds-YP_009724391.1	CTT	L	CTC	L	52
NC_045512.2	25550	T	G	13865	5362	39	7	4	30	0.000504505	13875	0.942369	FALSE	ORF3a:cds-YP_009724391.1	CTT	L	CGT	R	53
NC_045512.2	25550	T	C	13865	5362	39	3	2	37	0.000216216	13875	0.997909	FALSE	ORF3a:cds-YP_009724391.1	CTT	L	CCT	P	53
NC_045512.2	25551	T	G	13939	5464	39	4	2	29	0.000286841	13945	1	FALSE	ORF3a:cds-YP_009724391.1	CTT	L	CTG	L	53
NC_045512.2	25551	T	C	13939	5464	39	2	2	37	0.000143421	13945	0.999512	FALSE	ORF3a:cds-YP_009724391.1	CTT	L	CTC	L	53
NC_045512.2	25552	G	T	14271	5597	39	1	1	37	7.00476e-05	14276	0.99997	FALSE	ORF3a:cds-YP_009724391.1	GCT	A	TCT	S	54
NC_045512.2	25552	G	C	14271	5597	39	1	0	25	7.00476e-05	14276	1	FALSE	ORF3a:cds-YP_009724391.1	GCT	A	CCT	P	54
NC_045512.2	25552	G	A	14271	5597	39	3	0	37	0.000210143	14276	0.998828	FALSE	ORF3a:cds-YP_009724391.1	GCT	A	ACT	T	54
NC_045512.2	25553	C	T	14273	5676	39	15	6	42	0.00104983	14288	0.000258695	TRUE	ORF3a:cds-YP_009724391.1	GCT	A	GTT	V	54
NC_045512.2	25554	T	G	14257	5660	39	2	0	36	0.000140193	14266	0.999741	FALSE	ORF3a:cds-YP_009724391.1	GCT	A	GCG	A	54
NC_045512.2	25554	T	C	14257	5660	39	6	4	35	0.00042058	14266	0.979325	FALSE	ORF3a:cds-YP_009724391.1	GCT	A	GCC	A	54
NC_045512.2	25554	T	A	14257	5660	39	1	1	25	7.00967e-05	14266	1	FALSE	ORF3a:cds-YP_009724391.1	GCT	A	GCA	A	54
NC_045512.2	25555	G	A	14608	5704	39	1	0	74	6.8451e-05	14609	0.500017	FALSE	ORF3a:cds-YP_009724391.1	GTT	V	ATT	I	55
NC_045512.2	25555	G	-T	14608	5704	39	7	0	20	0.000479157	14609	1	FALSE	NA	NA	NA	NA	NA	NA
NC_045512.2	25556	T	G	14217	5502	39	2	1	37	0.000140637	14221	0.99974	FALSE	ORF3a:cds-YP_009724391.1	GTT	V	GGT	G	55
NC_045512.2	25556	T	C	14217	5502	39	2	1	37	0.000140637	14221	0.99974	FALSE	ORF3a:cds-YP_009724391.1	GTT	V	GCT	A	55
NC_045512.2	25557	T	C	14167	5573	39	1	1	37	7.05667e-05	14171	0.99997	FALSE	ORF3a:cds-YP_009724391.1	GTT	V	GTC	V	55
NC_045512.2	25557	T	A	14167	5573	39	3	3	37	0.0002117	14171	0.998828	FALSE	ORF3a:cds-YP_009724391.1	GTT	V	GTA	V	55
NC_045512.2	25558	T	G	14152	6150	39	1	1	25	7.06464e-05	14155	1	FALSE	ORF3a:cds-YP_009724391.1	TTT	F	GTT	V	56
NC_045512.2	25558	T	A	14152	6150	39	2	2	31	0.000141293	14155	0.999741	FALSE	ORF3a:cds-YP_009724391.1	TTT	F	ATT	I	56
NC_045512.2	25559	T	G	13929	6172	38	3	3	29	0.000215316	13933	1	FALSE	ORF3a:cds-YP_009724391.1	TTT	F	TGT	C	56
NC_045512.2	25559	T	C	13929	6172	38	1	1	22	7.17721e-05	13933	1	FALSE	ORF3a:cds-YP_009724391.1	TTT	F	TCT	S	56
NC_045512.2	25560	T	C	14140	6284	39	3	1	37	0.000212089	14145	0.998828	FALSE	ORF3a:cds-YP_009724391.1	TTT	F	TTC	F	56
NC_045512.2	25560	T	A	14140	6284	39	2	2	25	0.000141393	14145	1	FALSE	ORF3a:cds-YP_009724391.1	TTT	F	TTA	L	56
NC_045512.2	25561	C	T	14256	6442	39	1	1	37	7.01311e-05	14259	0.99997	FALSE	ORF3a:cds-YP_009724391.1	CAG	Q	TAG	*	57
NC_045512.2	25561	C	G	14256	6442	39	1	1	37	7.01311e-05	14259	0.99997	FALSE	ORF3a:cds-YP_009724391.1	CAG	Q	GAG	E	57
NC_045512.2	25561	C	A	14256	6442	39	1	1	25	7.01311e-05	14259	1	FALSE	ORF3a:cds-YP_009724391.1	CAG	Q	AAG	K	57
NC_045512.2	25562	A	G	13929	6234	39	6	3	37	0.000430571	13935	0.968272	FALSE	ORF3a:cds-YP_009724391.1	CAG	Q	CGG	R	57
NC_045512.2	25563	G	T	14078	6301	39	1	1	25	7.10227e-05	14080	1	FALSE	ORF3a:cds-YP_009724391.1	CAG	Q	CAT	H	57
NC_045512.2	25563	G	A	14078	6301	39	1	1	25	7.10227e-05	14080	1	FALSE	ORF3a:cds-YP_009724391.1	CAG	Q	CAA	Q	57
NC_045512.2	25564	A	T	13828	6188	39	1	0	37	7.227e-05	13837	0.999939	FALSE	ORF3a:cds-YP_009724391.1	AGC	S	TGC	C	58
NC_045512.2	25564	A	G	13828	6188	39	8	5	35	0.00057816	13837	0.905461	FALSE	ORF3a:cds-YP_009724391.1	AGC	S	GGC	G	58
NC_045512.2	25565	G	A	13963	6203	39	1	0	74	7.16127e-05	13964	0.500018	FALSE	ORF3a:cds-YP_009724391.1	AGC	S	AAC	N	58
NC_045512.2	25566	C	T	13515	6346	38	14	9	47	0.00103474	13530	0.000486861	TRUE	ORF3a:cds-YP_009724391.1	AGC	S	AGT	S	58
NC_045512.2	25566	C	A	13515	6346	38	1	0	25	7.39098e-05	13530	1	FALSE	ORF3a:cds-YP_009724391.1	AGC	S	AGA	R	58
NC_045512.2	25567	G	A	13819	6690	39	10	4	40	0.000723118	13829	0.00585355	TRUE	ORF3a:cds-YP_009724391.1	GCT	A	ACT	T	59
NC_045512.2	25569	T	G	13636	6574	38	7	6	29	0.000512858	13649	1	FALSE	ORF3a:cds-YP_009724391.1	GCT	A	GCG	A	59
NC_045512.2	25569	T	C	13636	6574	38	4	3	46	0.000293062	13649	0.187294	FALSE	ORF3a:cds-YP_009724391.1	GCT	A	GCC	A	59
NC_045512.2	25569	T	A	13636	6574	38	2	1	37	0.000146531	13649	0.999511	FALSE	ORF3a:cds-YP_009724391.1	GCT	A	GCA	A	59
NC_045512.2	25570	T	G	13769	6664	39	2	1	31	0.000145148	13779	0.999511	FALSE	ORF3a:cds-YP_009724391.1	TCC	S	GCC	A	60
NC_045512.2	25570	T	C	13769	6664	39	6	2	43	0.000435445	13779	0.0624405	FALSE	ORF3a:cds-YP_009724391.1	TCC	S	CCC	P	60
NC_045512.2	25570	T	A	13769	6664	39	2	2	31	0.000145148	13779	0.999511	FALSE	ORF3a:cds-YP_009724391.1	TCC	S	ACC	T	60
NC_045512.2	25571	C	G	13941	6752	39	1	1	37	7.17257e-05	13942	0.999939	FALSE	ORF3a:cds-YP_009724391.1	TCC	S	TGC	C	60
NC_045512.2	25572	C	T	14016	7102	39	2	2	37	0.000142633	14022	0.999741	FALSE	ORF3a:cds-YP_009724391.1	TCC	S	TCT	S	60
NC_045512.2	25572	C	G	14016	7102	39	1	0	37	7.13165e-05	14022	0.99997	FALSE	ORF3a:cds-YP_009724391.1	TCC	S	TCG	S	60
NC_045512.2	25572	C	A	14016	7102	39	3	2	45	0.00021395	14022	0.312433	FALSE	ORF3a:cds-YP_009724391.1	TCC	S	TCA	S	60
NC_045512.2	25572	C	-A	14016	7102	39	4	0	20	0.000285266	14022	1	FALSE	NA	NA	NA	NA	NA	NA
NC_045512.2	25573	A	G	14128	7186	39	3	1	37	0.000212239	14135	0.998825	FALSE	ORF3a:cds-YP_009724391.1	AAA	K	GAA	E	61
NC_045512.2	25573	A	C	14128	7186	39	4	2	31	0.000282985	14135	0.99623	FALSE	ORF3a:cds-YP_009724391.1	AAA	K	CAA	Q	61
NC_045512.2	25574	A	G	14032	7071	39	4	3	34	0.000284941	14038	0.996239	FALSE	ORF3a:cds-YP_009724391.1	AAA	K	AGA	R	61
NC_045512.2	25574	A	C	14032	7071	39	2	2	31	0.00014247	14038	0.999741	FALSE	ORF3a:cds-YP_009724391.1	AAA	K	ACA	T	61
NC_045512.2	25575	A	T	13909	7023	38	2	0	37	0.00014374	13914	0.999513	FALSE	ORF3a:cds-YP_009724391.1	AAA	K	AAT	N	61
NC_045512.2	25575	A	C	13909	7023	38	3	3	26	0.00021561	13914	1	FALSE	ORF3a:cds-YP_009724391.1	AAA	K	AAC	N	61
NC_045512.2	25576	A	C	13935	6979	38	4	3	26	0.000286965	13939	1	FALSE	ORF3a:cds-YP_009724391.1	ATC	I	CTC	L	62
NC_045512.2	25576	A	-T	13935	6979	38	1	0	20	7.17412e-05	13939	1	FALSE	NA	NA	NA	NA	NA	NA
NC_045512.2	25577	T	C	14336	7306	39	5	2	44	0.000348578	14344	0.109301	FALSE	ORF3a:cds-YP_009724391.1	ATC	I	ACC	T	62
NC_045512.2	25577	T	A	14336	7306	39	3	0	33	0.000209147	14344	0.998826	FALSE	ORF3a:cds-YP_009724391.1	ATC	I	AAC	N	62
NC_045512.2	25578	C	A	14388	7324	39	2	0	25	0.000138985	14390	1	FALSE	ORF3a:cds-YP_009724391.1	ATC	I	ATA	I	62
NC_045512.2	25579	A	T	14774	7784	39	1	1	37	6.76727e-05	14777	0.99997	FALSE	ORF3a:cds-YP_009724391.1	ATA	I	TTA	L	63
NC_045512.2	25579	A	G	14774	7784	39	1	0	37	6.76727e-05	14777	0.99997	FALSE	ORF3a:cds-YP_009724391.1	ATA	I	GTA	V	63
NC_045512.2	25579	A	C	14774	7784	39	1	1	29	6.76727e-05	14777	1	FALSE	ORF3a:cds-YP_009724391.1	ATA	I	CTA	L	63
NC_045512.2	25580	T	G	14820	7881	39	1	1	29	6.74582e-05	14824	1	FALSE	ORF3a:cds-YP_009724391.1	ATA	I	AGA	R	63
NC_045512.2	25580	T	C	14820	7881	39	2	0	37	0.000134916	14824	0.999741	FALSE	ORF3a:cds-YP_009724391.1	ATA	I	ACA	T	63
NC_045512.2	25580	T	A	14820	7881	39	1	1	37	6.74582e-05	14824	0.99997	FALSE	ORF3a:cds-YP_009724391.1	ATA	I	AAA	K	63
NC_045512.2	25581	A	T	14917	7913	39	1	0	37	6.70241e-05	14920	0.99997	FALSE	ORF3a:cds-YP_009724391.1	ATA	I	ATT	I	63
NC_045512.2	25581	A	G	14917	7913	39	2	2	37	0.000134048	14920	0.999741	FALSE	ORF3a:cds-YP_009724391.1	ATA	I	ATG	M	63
NC_045512.2	25582	A	G	14736	7768	39	2	2	37	0.000135685	14740	0.999741	FALSE	ORF3a:cds-YP_009724391.1	ACC	T	GCC	A	64
NC_045512.2	25582	A	C	14736	7768	39	2	2	25	0.000135685	14740	1	FALSE	ORF3a:cds-YP_009724391.1	ACC	T	CCC	P	64
NC_045512.2	25583	C	T	14762	8012	39	2	1	37	0.000135465	14764	0.999742	FALSE	ORF3a:cds-YP_009724391.1	ACC	T	ATC	I	64
NC_045512.2	25584	C	T	7	5	34	14432	7649	39	0.999377	14441	0	TRUE	ORF3a:cds-YP_009724391.1	ACC	T	ACT	T	64
NC_045512.2	25584	C	A	7	5	34	2	1	25	0.000138495	14441	0.00348463	TRUE	ORF3a:cds-YP_009724391.1	ACC	T	ACA	T	64
NC_045512.2	25584	C	+T	7	5	34	1	0	20	6.92473e-05	14441	0.0775418	FALSE	NA	NA	NA	NA	NA	NA
NC_045512.2	25585	C	T	14673	8057	39	1	1	37	6.81385e-05	14676	0.99997	FALSE	ORF3a:cds-YP_009724391.1	CTC	L	TTC	F	65
NC_045512.2	25585	C	A	14673	8057	39	2	0	55	0.000136277	14676	0.249991	FALSE	ORF3a:cds-YP_009724391.1	CTC	L	ATC	I	65
NC_045512.2	25586	T	G	14325	7597	39	1	1	37	6.97885e-05	14329	0.99997	FALSE	ORF3a:cds-YP_009724391.1	CTC	L	CGC	R	65
NC_045512.2	25586	T	C	14325	7597	39	1	1	74	6.97885e-05	14329	0.499965	FALSE	ORF3a:cds-YP_009724391.1	CTC	L	CCC	P	65
NC_045512.2	25586	T	A	14325	7597	39	2	1	31	0.000139577	14329	0.999741	FALSE	ORF3a:cds-YP_009724391.1	CTC	L	CAC	H	65
NC_045512.2	25587	C	A	14473	8046	39	1	0	74	6.90894e-05	14474	0.500017	FALSE	ORF3a:cds-YP_009724391.1	CTC	L	CTA	L	65
NC_045512.2	25588	A	G	14306	7894	39	2	2	37	0.000139772	14309	0.999741	FALSE	ORF3a:cds-YP_009724391.1	AAA	K	GAA	E	66
NC_045512.2	25588	A	C	14306	7894	39	1	1	25	6.98861e-05	14309	1	FALSE	ORF3a:cds-YP_009724391.1	AAA	K	CAA	Q	66
NC_045512.2	25589	A	C	14046	7619	38	7	7	25	0.000498114	14053	1	FALSE	ORF3a:cds-YP_009724391.1	AAA	K	ACA	T	66
NC_045512.2	25590	A	T	13982	7589	38	1	0	37	7.14643e-05	13993	0.999939	FALSE	ORF3a:cds-YP_009724391.1	AAA	K	AAT	N	66
NC_045512.2	25590	A	G	13982	7589	38	1	0	37	7.14643e-05	13993	0.999939	FALSE	ORF3a:cds-YP_009724391.1	AAA	K	AAG	K	66
NC_045512.2	25590	A	C	13982	7589	38	9	9	26	0.000643179	13993	1	FALSE	ORF3a:cds-YP_009724391.1	AAA	K	AAC	N	66
NC_045512.2	25591	A	G	13844	7505	38	1	0	37	7.21605e-05	13858	0.999939	FALSE	ORF3a:cds-YP_009724391.1	AAG	K	GAG	E	67
NC_045512.2	25591	A	C	13844	7505	38	13	13	30	0.000938086	13858	0.577527	FALSE	ORF3a:cds-YP_009724391.1	AAG	K	CAG	Q	67
NC_045512.2	25592	A	T	14027	7852	38	1	1	25	7.12504e-05	14035	1	FALSE	ORF3a:cds-YP_009724391.1	AAG	K	ATG	M	67
NC_045512.2	25592	A	G	14027	7852	38	3	3	37	0.000213751	14035	0.998826	FALSE	ORF3a:cds-YP_009724391.1	AAG	K	AGG	R	67
NC_045512.2	25592	A	C	14027	7852	38	4	4	25	0.000285002	14035	1	FALSE	ORF3a:cds-YP_009724391.1	AAG	K	ACG	T	67
NC_045512.2	25593	G	A	14249	8110	39	1	1	37	7.01754e-05	14250	0.99997	FALSE	ORF3a:cds-YP_009724391.1	AAG	K	AAA	K	67
NC_045512.2	25594	A	T	14302	8142	39	2	2	22	0.000139753	14311	1	FALSE	ORF3a:cds-YP_009724391.1	AGA	R	TGA	*	68
NC_045512.2	25594	A	G	14302	8142	39	6	3	43	0.000419258	14311	0.0624541	FALSE	ORF3a:cds-YP_009724391.1	AGA	R	GGA	G	68
NC_045512.2	25594	A	C	14302	8142	39	1	1	37	6.98763e-05	14311	0.999969	FALSE	ORF3a:cds-YP_009724391.1	AGA	R	CGA	R	68
NC_045512.2	25595	G	T	14323	8147	39	1	0	25	6.98129e-05	14324	1	FALSE	ORF3a:cds-YP_009724391.1	AGA	R	ATA	I	68
NC_045512.2	25596	A	T	14221	8144	39	3	1	34	0.000210837	14229	0.998826	FALSE	ORF3a:cds-YP_009724391.1	AGA	R	AGT	S	68
NC_045512.2	25596	A	G	14221	8144	39	5	1	33	0.000351395	14229	0.990406	FALSE	ORF3a:cds-YP_009724391.1	AGA	R	AGG	R	68
NC_045512.2	25597	T	C	14272	8126	39	2	1	37	0.000140115	14274	0.999742	FALSE	ORF3a:cds-YP_009724391.1	TGG	W	CGG	R	69
NC_045512.2	25598	G	T	14181	8180	39	1	1	37	7.05069e-05	14183	0.99997	FALSE	ORF3a:cds-YP_009724391.1	TGG	W	TTG	L	69
NC_045512.2	25598	G	A	14181	8180	39	1	0	37	7.05069e-05	14183	0.99997	FALSE	ORF3a:cds-YP_009724391.1	TGG	W	TAG	*	69
NC_045512.2	25599	G	A	14166	8230	39	12	5	43	0.000846382	14178	0.0017063	TRUE	ORF3a:cds-YP_009724391.1	TGG	W	TGA	*	69
NC_045512.2	25600	C	T	14346	8327	39	20	12	38	0.00139218	14366	0.195679	FALSE	ORF3a:cds-YP_009724391.1	CAA	Q	TAA	*	70
NC_045512.2	25601	A	G	14260	8267	39	2	2	37	0.000140213	14264	0.999741	FALSE	ORF3a:cds-YP_009724391.1	CAA	Q	CGA	R	70
NC_045512.2	25601	A	C	14260	8267	39	2	0	25	0.000140213	14264	1	FALSE	ORF3a:cds-YP_009724391.1	CAA	Q	CCA	P	70
NC_045512.2	25602	A	T	13087	8324	38	2	1	37	0.000152777	13091	0.999513	FALSE	ORF3a:cds-YP_009724391.1	CAA	Q	CAT	H	70
NC_045512.2	25602	A	G	13087	8324	38	1	1	37	7.63884e-05	13091	0.999939	FALSE	ORF3a:cds-YP_009724391.1	CAA	Q	CAG	Q	70
NC_045512.2	25602	A	C	13087	8324	38	1	1	37	7.63884e-05	13091	0.999939	FALSE	ORF3a:cds-YP_009724391.1	CAA	Q	CAC	H	70
NC_045512.2	25603	C	T	13497	8642	38	2	1	37	0.000148159	13499	0.999513	FALSE	ORF3a:cds-YP_009724391.1	CTA	L	TTA	L	71
NC_045512.2	25604	T	G	13326	8395	38	3	3	25	0.000225006	13333	1	FALSE	ORF3a:cds-YP_009724391.1	CTA	L	CGA	R	71
NC_045512.2	25604	T	C	13326	8395	38	4	3	31	0.000300008	13333	0.993645	FALSE	ORF3a:cds-YP_009724391.1	CTA	L	CCA	P	71
NC_045512.2	25605	A	C	13270	8401	38	1	1	25	7.53523e-05	13271	1	FALSE	ORF3a:cds-YP_009724391.1	CTA	L	CTC	L	71
NC_045512.2	25606	G	T	13132	8299	37	1	1	37	7.59705e-05	13163	0.999938	FALSE	ORF3a:cds-YP_009724391.1	GCA	A	TCA	S	72
NC_045512.2	25606	G	A	13132	8299	37	30	19	35	0.00227912	13163	0.00682123	TRUE	ORF3a:cds-YP_009724391.1	GCA	A	ACA	T	72
NC_045512.2	25607	C	T	13440	8630	38	10	6	44	0.000743439	13451	0.00585139	TRUE	ORF3a:cds-YP_009724391.1	GCA	A	GTA	V	72
NC_045512.2	25607	C	A	13440	8630	38	1	0	25	7.43439e-05	13451	1	FALSE	ORF3a:cds-YP_009724391.1	GCA	A	GAA	E	72
NC_045512.2	25608	A	T	13358	8806	38	2	1	31	0.000149645	13365	0.999512	FALSE	ORF3a:cds-YP_009724391.1	GCA	A	GCT	A	72
NC_045512.2	25608	A	G	13358	8806	38	5	4	42	0.000374111	13365	0.109331	FALSE	ORF3a:cds-YP_009724391.1	GCA	A	GCG	A	72
NC_045512.2	25609	C	T	12898	8935	37	2	1	55	0.000155039	12900	0.25001	FALSE	ORF3a:cds-YP_009724391.1	CTC	L	TTC	F	73
NC_045512.2	25610	T	G	12884	8925	37	9	9	37	0.000697729	12899	0.808198	FALSE	ORF3a:cds-YP_009724391.1	CTC	L	CGC	R	73
NC_045512.2	25610	T	C	12884	8925	37	5	4	37	0.000387627	12899	0.975433	FALSE	ORF3a:cds-YP_009724391.1	CTC	L	CCC	P	73
NC_045512.2	25610	T	A	12884	8925	37	1	1	37	7.75254e-05	12899	0.999877	FALSE	ORF3a:cds-YP_009724391.1	CTC	L	CAC	H	73
NC_045512.2	25612	T	G	15260	9045	37	1	0	25	6.54965e-05	15268	1	FALSE	ORF3a:cds-YP_009724391.1	TCC	S	GCC	A	74
NC_045512.2	25612	T	C	15260	9045	37	5	4	37	0.000327482	15268	0.9941	FALSE	ORF3a:cds-YP_009724391.1	TCC	S	CCC	P	74
NC_045512.2	25612	T	A	15260	9045	37	2	0	37	0.000130993	15268	0.999863	FALSE	ORF3a:cds-YP_009724391.1	TCC	S	ACC	T	74
NC_045512.2	25613	C	T	15548	9015	37	1	1	25	6.43087e-05	15550	1	FALSE	ORF3a:cds-YP_009724391.1	TCC	S	TTC	F	74
NC_045512.2	25613	C	A	15548	9015	37	1	1	25	6.43087e-05	15550	1	FALSE	ORF3a:cds-YP_009724391.1	TCC	S	TAC	Y	74
NC_045512.2	25614	C	A	15529	9085	37	1	0	37	6.43915e-05	15530	0.999985	FALSE	ORF3a:cds-YP_009724391.1	TCC	S	TCA	S	74
NC_045512.2	25615	A	T	15435	8975	37	2	1	37	0.000129517	15442	0.999863	FALSE	ORF3a:cds-YP_009724391.1	AAG	K	TAG	*	75
NC_045512.2	25615	A	G	15435	8975	37	4	3	37	0.000259034	15442	0.997791	FALSE	ORF3a:cds-YP_009724391.1	AAG	K	GAG	E	75
NC_045512.2	25615	A	C	15435	8975	37	1	1	25	6.47585e-05	15442	1	FALSE	ORF3a:cds-YP_009724391.1	AAG	K	CAG	Q	75
NC_045512.2	25616	A	T	15113	8830	37	1	0	37	6.61419e-05	15119	0.999985	FALSE	ORF3a:cds-YP_009724391.1	AAG	K	ATG	M	75
NC_045512.2	25616	A	G	15113	8830	37	3	2	37	0.000198426	15119	0.999345	FALSE	ORF3a:cds-YP_009724391.1	AAG	K	AGG	R	75
NC_045512.2	25616	A	C	15113	8830	37	2	1	31	0.000132284	15119	0.999863	FALSE	ORF3a:cds-YP_009724391.1	AAG	K	ACG	T	75
NC_045512.2	25617	G	T	15129	8862	37	2	2	37	0.000132179	15131	0.999863	FALSE	ORF3a:cds-YP_009724391.1	AAG	K	AAT	N	75
NC_045512.2	25618	G	T	14537	8288	37	2	2	31	0.000137561	14539	0.999742	FALSE	ORF3a:cds-YP_009724391.1	GGT	G	TGT	C	76
NC_045512.2	25619	G	A	13972	7672	37	10	9	35	0.000715205	13982	0.79771	FALSE	ORF3a:cds-YP_009724391.1	GGT	G	GAT	D	76
NC_045512.2	25619	G	+C	13972	7672	37	1	0	20	7.15205e-05	13982	1	FALSE	NA	NA	NA	NA	NA	NA
NC_045512.2	25620	T	G	11361	5524	37	5	0	27	0.00043987	11367	1	FALSE	ORF3a:cds-YP_009724391.1	GGT	G	GGG	G	76
NC_045512.2	25620	T	C	11361	5524	37	1	0	37	8.7974e-05	11367	0.999756	FALSE	ORF3a:cds-YP_009724391.1	GGT	G	GGC	G	76
NC_045512.2	25621	G	A	12188	5971	38	4	3	46	0.000328084	12192	0.1875	FALSE	ORF3a:cds-YP_009724391.1	GTT	V	ATT	I	77
NC_045512.2	25622	T	C	11869	5926	37	4	1	31	0.00033687	11874	0.98245	FALSE	ORF3a:cds-YP_009724391.1	GTT	V	GCT	A	77
NC_045512.2	25622	T	A	11869	5926	37	1	1	37	8.42176e-05	11874	0.999756	FALSE	ORF3a:cds-YP_009724391.1	GTT	V	GAT	D	77
NC_045512.2	25623	T	G	12123	6013	38	2	0	23	0.000164908	12128	1	FALSE	ORF3a:cds-YP_009724391.1	GTT	V	GTG	V	77
NC_045512.2	25623	T	C	12123	6013	38	3	0	33	0.000247361	12128	0.996314	FALSE	ORF3a:cds-YP_009724391.1	GTT	V	GTC	V	77
NC_045512.2	25624	C	T	12030	6069	38	3	2	33	0.000249314	12033	0.996318	FALSE	ORF3a:cds-YP_009724391.1	CAC	H	TAC	Y	78
NC_045512.2	25625	A	T	11837	5866	38	1	0	25	8.44595e-05	11840	1	FALSE	ORF3a:cds-YP_009724391.1	CAC	H	CTC	L	78
NC_045512.2	25625	A	G	11837	5866	38	1	1	37	8.44595e-05	11840	0.999756	FALSE	ORF3a:cds-YP_009724391.1	CAC	H	CGC	R	78
NC_045512.2	25625	A	C	11837	5866	38	1	0	25	8.44595e-05	11840	1	FALSE	ORF3a:cds-YP_009724391.1	CAC	H	CCC	P	78
NC_045512.2	25626	C	T	11634	6068	37	1	1	37	8.59254e-05	11638	0.999756	FALSE	ORF3a:cds-YP_009724391.1	CAC	H	CAT	H	78
NC_045512.2	25626	C	G	11634	6068	37	3	1	29	0.000257776	11638	1	FALSE	ORF3a:cds-YP_009724391.1	CAC	H	CAG	Q	78
NC_045512.2	25626	C	-T	11634	6068	37	1	0	20	8.59254e-05	11638	1	FALSE	NA	NA	NA	NA	NA	NA
NC_045512.2	25627	T	G	10363	5644	37	21	2	28	0.00202098	10391	1	FALSE	ORF3a:cds-YP_009724391.1	TTT	F	GTT	V	79
NC_045512.2	25627	T	C	10363	5644	37	6	2	35	0.000577423	10391	0.894253	FALSE	ORF3a:cds-YP_009724391.1	TTT	F	CTT	L	79
NC_045512.2	25627	T	A	10363	5644	37	1	0	37	9.62371e-05	10391	0.999506	FALSE	ORF3a:cds-YP_009724391.1	TTT	F	ATT	I	79
NC_045512.2	25628	T	G	10404	5770	37	10	0	31	0.000959969	10417	0.587972	FALSE	ORF3a:cds-YP_009724391.1	TTT	F	TGT	C	79
NC_045512.2	25628	T	C	10404	5770	37	3	1	33	0.000287991	10417	0.988744	FALSE	ORF3a:cds-YP_009724391.1	TTT	F	TCT	S	79
NC_045512.2	25629	T	G	10918	5950	37	1	1	25	9.15751e-05	10920	1	FALSE	ORF3a:cds-YP_009724391.1	TTT	F	TTG	L	79
NC_045512.2	25629	T	C	10918	5950	37	1	0	37	9.15751e-05	10920	0.999513	FALSE	ORF3a:cds-YP_009724391.1	TTT	F	TTC	F	79
NC_045512.2	25630	G	T	11054	5942	37	1	1	37	9.04486e-05	11056	0.999757	FALSE	ORF3a:cds-YP_009724391.1	GTT	V	TTT	F	80
NC_045512.2	25630	G	C	11054	5942	37	1	1	37	9.04486e-05	11056	0.999757	FALSE	ORF3a:cds-YP_009724391.1	GTT	V	CTT	L	80
NC_045512.2	25631	T	C	11006	5988	37	1	0	37	9.0843e-05	11008	0.999757	FALSE	ORF3a:cds-YP_009724391.1	GTT	V	GCT	A	80
NC_045512.2	25631	T	A	11006	5988	37	1	1	25	9.0843e-05	11008	1	FALSE	ORF3a:cds-YP_009724391.1	GTT	V	GAT	D	80
NC_045512.2	25632	T	G	10928	5898	37	2	0	25	0.000182966	10931	1	FALSE	ORF3a:cds-YP_009724391.1	GTT	V	GTG	V	80
NC_045512.2	25632	T	C	10928	5898	37	1	0	37	9.14829e-05	10931	0.999513	FALSE	ORF3a:cds-YP_009724391.1	GTT	V	GTC	V	80
NC_045512.2	25633	T	G	11526	6574	38	1	1	37	8.67227e-05	11531	0.999756	FALSE	ORF3a:cds-YP_009724391.1	TGC	C	GGC	G	81
NC_045512.2	25633	T	C	11526	6574	38	3	1	37	0.000260168	11531	0.99354	FALSE	ORF3a:cds-YP_009724391.1	TGC	C	CGC	R	81
NC_045512.2	25633	T	A	11526	6574	38	1	0	37	8.67227e-05	11531	0.999756	FALSE	ORF3a:cds-YP_009724391.1	TGC	C	AGC	S	81
NC_045512.2	25634	G	A	11753	6900	38	10	2	44	0.000850123	11763	0.00585253	TRUE	ORF3a:cds-YP_009724391.1	TGC	C	TAC	Y	81
NC_045512.2	25635	C	T	11813	6955	38	14	8	39	0.00118373	11827	0.345019	FALSE	ORF3a:cds-YP_009724391.1	TGC	C	TGT	C	81
NC_045512.2	25636	A	T	11816	6931	38	1	1	37	8.46095e-05	11819	0.999756	FALSE	ORF3a:cds-YP_009724391.1	AAC	N	TAC	Y	82
NC_045512.2	25636	A	G	11816	6931	38	2	1	55	0.000169219	11819	0.249989	FALSE	ORF3a:cds-YP_009724391.1	AAC	N	GAC	D	82
NC_045512.2	25637	A	T	11616	6781	38	3	3	30	0.000258153	11621	0.99354	FALSE	ORF3a:cds-YP_009724391.1	AAC	N	ATC	I	82
NC_045512.2	25637	A	G	11616	6781	38	1	0	37	8.60511e-05	11621	0.999756	FALSE	ORF3a:cds-YP_009724391.1	AAC	N	AGC	S	82
NC_045512.2	25637	A	C	11616	6781	38	1	0	25	8.60511e-05	11621	1	FALSE	ORF3a:cds-YP_009724391.1	AAC	N	ACC	T	82
NC_045512.2	25639	T	G	11307	6890	38	3	3	25	0.000265158	11314	1	FALSE	ORF3a:cds-YP_009724391.1	TTG	L	GTG	V	83
NC_045512.2	25639	T	C	11307	6890	38	3	2	37	0.000265158	11314	0.993535	FALSE	ORF3a:cds-YP_009724391.1	TTG	L	CTG	L	83
NC_045512.2	25639	T	A	11307	6890	38	1	1	37	8.83861e-05	11314	0.999756	FALSE	ORF3a:cds-YP_009724391.1	TTG	L	ATG	M	83
NC_045512.2	25640	T	C	11605	7133	38	2	1	37	0.00017231	11607	0.998296	FALSE	ORF3a:cds-YP_009724391.1	TTG	L	TCG	S	83
NC_045512.2	25641	G	T	11748	7216	38	1	0	37	8.50847e-05	11753	0.999756	FALSE	ORF3a:cds-YP_009724391.1	TTG	L	TTT	F	83
NC_045512.2	25641	G	A	11748	7216	38	4	4	46	0.000340339	11753	0.187473	FALSE	ORF3a:cds-YP_009724391.1	TTG	L	TTA	L	83
NC_045512.2	25642	C	T	11609	7269	38	6	4	38	0.000516573	11615	0.928366	FALSE	ORF3a:cds-YP_009724391.1	CTG	L	TTG	L	84
NC_045512.2	25642	C	-TGT	11609	7269	38	2	0	20	0.000172191	11615	1	FALSE	NA	NA	NA	NA	NA	NA
NC_045512.2	25643	T	G	11496	7231	38	3	0	25	0.000260756	11505	1	FALSE	ORF3a:cds-YP_009724391.1	CTG	L	CGG	R	84
NC_045512.2	25643	T	C	11496	7231	38	6	4	35	0.000521512	11505	0.928244	FALSE	ORF3a:cds-YP_009724391.1	CTG	L	CCG	P	84
NC_045512.2	25644	G	T	11687	7302	38	1	1	37	8.55505e-05	11689	0.999756	FALSE	ORF3a:cds-YP_009724391.1	CTG	L	CTT	L	84
NC_045512.2	25644	G	A	11687	7302	38	1	1	37	8.55505e-05	11689	0.999756	FALSE	ORF3a:cds-YP_009724391.1	CTG	L	CTA	L	84
NC_045512.2	25645	T	C	11624	7269	38	1	1	37	8.60215e-05	11625	0.999756	FALSE	ORF3a:cds-YP_009724391.1	TTG	L	CTG	L	85
NC_045512.2	25646	T	A	11585	7227	38	1	1	37	8.63111e-05	11586	0.999757	FALSE	ORF3a:cds-YP_009724391.1	TTG	L	TAG	*	85
NC_045512.2	25647	G	T	11598	7279	38	1	0	74	8.6192e-05	11602	0.499957	FALSE	ORF3a:cds-YP_009724391.1	TTG	L	TTT	F	85
NC_045512.2	25647	G	A	11598	7279	38	3	1	49	0.000258576	11602	0.312484	FALSE	ORF3a:cds-YP_009724391.1	TTG	L	TTA	L	85
NC_045512.2	25648	T	G	11410	7195	38	2	1	25	0.000175254	11412	1	FALSE	ORF3a:cds-YP_009724391.1	TTG	L	GTG	V	86
NC_045512.2	25649	T	G	13704	9900	40	9	8	37	0.000656264	13714	0.856958	FALSE	ORF3a:cds-YP_009724391.1	TTG	L	TGG	W	86
NC_045512.2	25649	T	C	13704	9900	40	1	1	37	7.29182e-05	13714	0.999939	FALSE	ORF3a:cds-YP_009724391.1	TTG	L	TCG	S	86
NC_045512.2	25650	G	T	15177	11508	41	1	1	37	6.58762e-05	15180	0.999985	FALSE	ORF3a:cds-YP_009724391.1	TTG	L	TTT	F	86
NC_045512.2	25650	G	A	15177	11508	41	2	2	37	0.000131752	15180	0.999863	FALSE	ORF3a:cds-YP_009724391.1	TTG	L	TTA	L	86
NC_045512.2	25650	G	-T	15177	11508	41	1	0	20	6.58762e-05	15180	1	FALSE	NA	NA	NA	NA	NA	NA
NC_045512.2	25651	T	G	14645	11076	40	4	0	25	0.000273019	14651	1	FALSE	ORF3a:cds-YP_009724391.1	TTT	F	GTT	V	87
NC_045512.2	25651	T	C	14645	11076	40	1	1	37	6.82547e-05	14651	0.99997	FALSE	ORF3a:cds-YP_009724391.1	TTT	F	CTT	L	87
NC_045512.2	25651	T	A	14645	11076	40	1	0	29	6.82547e-05	14651	1	FALSE	ORF3a:cds-YP_009724391.1	TTT	F	ATT	I	87
NC_045512.2	25652	T	G	14837	11286	40	3	2	34	0.000202129	14842	0.998828	FALSE	ORF3a:cds-YP_009724391.1	TTT	F	TGT	C	87
NC_045512.2	25652	T	C	14837	11286	40	1	1	37	6.73764e-05	14842	0.99997	FALSE	ORF3a:cds-YP_009724391.1	TTT	F	TCT	S	87
NC_045512.2	25652	T	A	14837	11286	40	1	1	37	6.73764e-05	14842	0.99997	FALSE	ORF3a:cds-YP_009724391.1	TTT	F	TAT	Y	87
NC_045512.2	25653	T	G	14936	11319	40	4	4	25	0.000267666	14944	1	FALSE	ORF3a:cds-YP_009724391.1	TTT	F	TTG	L	87
NC_045512.2	25653	T	C	14936	11319	40	4	4	33	0.000267666	14944	0.996235	FALSE	ORF3a:cds-YP_009724391.1	TTT	F	TTC	F	87
NC_045512.2	25654	G	A	15001	11413	40	3	2	37	0.000199947	15004	0.999346	FALSE	ORF3a:cds-YP_009724391.1	GTA	V	ATA	I	88
NC_045512.2	25655	T	C	14903	11327	40	4	4	46	0.000268312	14908	0.187479	FALSE	ORF3a:cds-YP_009724391.1	GTA	V	GCA	A	88
NC_045512.2	25655	T	A	14903	11327	40	1	1	29	6.70781e-05	14908	1	FALSE	ORF3a:cds-YP_009724391.1	GTA	V	GAA	E	88
NC_045512.2	25656	A	G	14593	11181	40	3	1	45	0.000205536	14596	0.312513	FALSE	ORF3a:cds-YP_009724391.1	GTA	V	GTG	V	88
NC_045512.2	25657	A	G	14483	11098	40	2	0	37	0.000138026	14490	0.999741	FALSE	ORF3a:cds-YP_009724391.1	ACA	T	GCA	A	89
NC_045512.2	25657	A	C	14483	11098	40	5	5	24	0.000345066	14490	1	FALSE	ORF3a:cds-YP_009724391.1	ACA	T	CCA	P	89
NC_045512.2	25658	C	T	14990	11649	40	4	2	37	0.000266773	14994	0.996241	FALSE	ORF3a:cds-YP_009724391.1	ACA	T	ATA	I	89
NC_045512.2	25659	A	G	14500	11167	40	3	2	37	0.000206811	14506	0.998827	FALSE	ORF3a:cds-YP_009724391.1	ACA	T	ACG	T	89
NC_045512.2	25659	A	C	14500	11167	40	3	0	25	0.000206811	14506	1	FALSE	ORF3a:cds-YP_009724391.1	ACA	T	ACC	T	89
NC_045512.2	25660	G	C	14449	11093	40	1	1	37	6.91946e-05	14452	0.99997	FALSE	ORF3a:cds-YP_009724391.1	GTT	V	CTT	L	90
NC_045512.2	25660	G	A	14449	11093	40	2	1	55	0.000138389	14452	0.249991	FALSE	ORF3a:cds-YP_009724391.1	GTT	V	ATT	I	90
NC_045512.2	25660	G	-T	14449	11093	40	1	0	20	6.91946e-05	14452	1	FALSE	NA	NA	NA	NA	NA	NA
NC_045512.2	25661	T	A	14143	10865	40	1	1	48	7.07014e-05	14144	0.750009	FALSE	ORF3a:cds-YP_009724391.1	GTT	V	GAT	D	90
NC_045512.2	25662	T	G	13888	10574	40	3	3	30	0.000215905	13895	0.997912	FALSE	ORF3a:cds-YP_009724391.1	GTT	V	GTG	V	90
NC_045512.2	25662	T	C	13888	10574	40	4	3	29	0.000287873	13895	1	FALSE	ORF3a:cds-YP_009724391.1	GTT	V	GTC	V	90
NC_045512.2	25663	T	G	14078	10723	40	1	1	25	7.10126e-05	14082	1	FALSE	ORF3a:cds-YP_009724391.1	TAC	Y	GAC	D	91
NC_045512.2	25663	T	C	14078	10723	40	3	2	41	0.000213038	14082	0.312487	FALSE	ORF3a:cds-YP_009724391.1	TAC	Y	CAC	H	91
NC_045512.2	25664	A	C	14114	10756	40	2	1	31	0.000141683	14116	0.999742	FALSE	ORF3a:cds-YP_009724391.1	TAC	Y	TCC	S	91
NC_045512.2	25665	C	T	14294	10980	40	7	6	45	0.000489442	14302	0.0351371	FALSE	ORF3a:cds-YP_009724391.1	TAC	Y	TAT	Y	91
NC_045512.2	25665	C	A	14294	10980	40	1	1	25	6.99203e-05	14302	1	FALSE	ORF3a:cds-YP_009724391.1	TAC	Y	TAA	*	91
NC_045512.2	25667	C	T	14205	10878	40	5	2	47	0.000351865	14210	0.109367	FALSE	ORF3a:cds-YP_009724391.1	TCA	S	TTA	L	92
NC_045512.2	25668	A	G	13407	10083	40	1	1	37	7.45768e-05	13409	0.999939	FALSE	ORF3a:cds-YP_009724391.1	TCA	S	TCG	S	92
NC_045512.2	25668	A	C	13407	10083	40	1	0	25	7.45768e-05	13409	1	FALSE	ORF3a:cds-YP_009724391.1	TCA	S	TCC	S	92
NC_045512.2	25669	C	T	13676	10397	40	1	1	37	7.31101e-05	13678	0.999939	FALSE	ORF3a:cds-YP_009724391.1	CAC	H	TAC	Y	93
NC_045512.2	25669	C	A	13676	10397	40	1	1	37	7.31101e-05	13678	0.999939	FALSE	ORF3a:cds-YP_009724391.1	CAC	H	AAC	N	93
NC_045512.2	25670	A	T	13261	10017	40	1	1	37	7.53864e-05	13265	0.999939	FALSE	ORF3a:cds-YP_009724391.1	CAC	H	CTC	L	93
NC_045512.2	25670	A	G	13261	10017	40	1	1	37	7.53864e-05	13265	0.999939	FALSE	ORF3a:cds-YP_009724391.1	CAC	H	CGC	R	93
NC_045512.2	25670	A	C	13261	10017	40	2	2	31	0.000150773	13265	0.999513	FALSE	ORF3a:cds-YP_009724391.1	CAC	H	CCC	P	93
NC_045512.2	25670	A	-C	13261	10017	40	1	0	20	7.53864e-05	13265	1	FALSE	NA	NA	NA	NA	NA	NA
NC_045512.2	25671	C	T	13508	10293	40	3	2	57	0.000222041	13511	0.124986	FALSE	ORF3a:cds-YP_009724391.1	CAC	H	CAT	H	93
NC_045512.2	25672	C	A	13476	10281	40	2	1	31	0.00014839	13478	0.999513	FALSE	ORF3a:cds-YP_009724391.1	CTT	L	ATT	I	94
NC_045512.2	25672	C	-T	13476	10281	40	9	0	20	0.000667755	13478	1	FALSE	NA	NA	NA	NA	NA	NA
NC_045512.2	25673	T	G	12765	9615	40	5	2	29	0.000390992	12788	1	FALSE	ORF3a:cds-YP_009724391.1	CTT	L	CGT	R	94
NC_045512.2	25673	T	C	12765	9615	40	13	9	39	0.00101658	12788	0.498581	FALSE	ORF3a:cds-YP_009724391.1	CTT	L	CCT	P	94
NC_045512.2	25673	T	A	12765	9615	40	5	5	37	0.000390992	12788	0.975275	FALSE	ORF3a:cds-YP_009724391.1	CTT	L	CAT	H	94
NC_045512.2	25674	T	G	12812	9674	40	1	0	25	7.80153e-05	12818	1	FALSE	ORF3a:cds-YP_009724391.1	CTT	L	CTG	L	94
NC_045512.2	25674	T	C	12812	9674	40	4	2	34	0.000312061	12818	0.98938	FALSE	ORF3a:cds-YP_009724391.1	CTT	L	CTC	L	94
NC_045512.2	25674	T	A	12812	9674	40	1	1	25	7.80153e-05	12818	1	FALSE	ORF3a:cds-YP_009724391.1	CTT	L	CTA	L	94
NC_045512.2	25675	T	G	12739	9506	40	3	3	29	0.000235405	12744	1	FALSE	ORF3a:cds-YP_009724391.1	TTG	L	GTG	V	95
NC_045512.2	25675	T	C	12739	9506	40	1	1	37	7.84683e-05	12744	0.999878	FALSE	ORF3a:cds-YP_009724391.1	TTG	L	CTG	L	95
NC_045512.2	25675	T	A	12739	9506	40	1	1	37	7.84683e-05	12744	0.999878	FALSE	ORF3a:cds-YP_009724391.1	TTG	L	ATG	M	95
NC_045512.2	25677	G	T	12841	9712	40	3	3	33	0.000233499	12848	0.996311	FALSE	ORF3a:cds-YP_009724391.1	TTG	L	TTT	F	95
NC_045512.2	25677	G	A	12841	9712	40	4	3	37	0.000311333	12848	0.989375	FALSE	ORF3a:cds-YP_009724391.1	TTG	L	TTA	L	95
NC_045512.2	25678	C	T	12751	9731	40	13	8	36	0.00101841	12765	0.5	FALSE	ORF3a:cds-YP_009724391.1	CTC	L	TTC	F	96
NC_045512.2	25678	C	A	12751	9731	40	1	1	25	7.83392e-05	12765	1	FALSE	ORF3a:cds-YP_009724391.1	CTC	L	ATC	I	96
NC_045512.2	25679	T	C	12432	9354	40	4	3	34	0.000321647	12436	0.989389	FALSE	ORF3a:cds-YP_009724391.1	CTC	L	CCC	P	96
NC_045512.2	25680	C	T	12109	9063	40	4	3	46	0.000330224	12113	0.1875	FALSE	ORF3a:cds-YP_009724391.1	CTC	L	CTT	L	96
NC_045512.2	25681	G	A	11974	8913	40	4	4	37	0.000333946	11978	0.982457	FALSE	ORF3a:cds-YP_009724391.1	GTT	V	ATT	I	97
NC_045512.2	25682	T	G	11556	8588	39	5	4	29	0.000432489	11561	1	FALSE	ORF3a:cds-YP_009724391.1	GTT	V	GGT	G	97
NC_045512.2	25683	T	G	11792	8729	40	2	1	25	0.000169549	11796	1	FALSE	ORF3a:cds-YP_009724391.1	GTT	V	GTG	V	97
NC_045512.2	25683	T	C	11792	8729	40	2	2	31	0.000169549	11796	0.998294	FALSE	ORF3a:cds-YP_009724391.1	GTT	V	GTC	V	97
NC_045512.2	25684	G	A	11971	8920	40	8	6	44	0.000667835	11979	0.0195195	FALSE	ORF3a:cds-YP_009724391.1	GCT	A	ACT	T	98
NC_045512.2	25685	C	T	11916	8937	40	9	9	33	0.000754717	11925	0.748429	FALSE	ORF3a:cds-YP_009724391.1	GCT	A	GTT	V	98
NC_045512.2	25686	T	C	11781	8973	40	2	2	55	0.000169736	11783	0.250011	FALSE	ORF3a:cds-YP_009724391.1	GCT	A	GCC	A	98
NC_045512.2	25687	G	A	11786	8962	40	26	18	37	0.00220115	11812	0.00999587	TRUE	ORF3a:cds-YP_009724391.1	GCT	A	ACT	T	99
NC_045512.2	25688	C	T	11728	8980	40	13	10	42	0.00110714	11742	0.000912928	TRUE	ORF3a:cds-YP_009724391.1	GCT	A	GTT	V	99
NC_045512.2	25688	C	G	11728	8980	40	1	0	25	8.51644e-05	11742	1	FALSE	ORF3a:cds-YP_009724391.1	GCT	A	GGT	G	99
NC_045512.2	25691	G	T	11534	8793	39	4	3	37	0.0003465	11544	0.982415	FALSE	ORF3a:cds-YP_009724391.1	GGC	G	GTC	V	100
NC_045512.2	25691	G	A	11534	8793	39	6	4	43	0.000519751	11544	0.0624289	FALSE	ORF3a:cds-YP_009724391.1	GGC	G	GAC	D	100
NC_045512.2	25692	C	T	11499	8761	39	12	10	36	0.0010423	11513	0.499916	FALSE	ORF3a:cds-YP_009724391.1	GGC	G	GGT	G	100
NC_045512.2	25692	C	A	11499	8761	39	2	2	31	0.000173717	11513	0.998286	FALSE	ORF3a:cds-YP_009724391.1	GGC	G	GGA	G	100
NC_045512.2	25693	C	T	11336	8632	39	2	1	37	0.000176274	11346	0.998289	FALSE	ORF3a:cds-YP_009724391.1	CTT	L	TTT	F	101
NC_045512.2	25693	C	G	11336	8632	39	1	1	25	8.81368e-05	11346	1	FALSE	ORF3a:cds-YP_009724391.1	CTT	L	GTT	V	101
NC_045512.2	25693	C	A	11336	8632	39	7	4	42	0.000616958	11346	0.0351129	FALSE	ORF3a:cds-YP_009724391.1	CTT	L	ATT	I	101
NC_045512.2	25693	C	-T	11336	8632	39	1	0	20	8.81368e-05	11346	1	FALSE	NA	NA	NA	NA	NA	NA
NC_045512.2	25694	T	G	10985	8305	39	2	0	31	0.000181884	10996	0.99682	FALSE	ORF3a:cds-YP_009724391.1	CTT	L	CGT	R	101
NC_045512.2	25694	T	C	10985	8305	39	5	4	44	0.000454711	10996	0.109215	FALSE	ORF3a:cds-YP_009724391.1	CTT	L	CCT	P	101
NC_045512.2	25694	T	A	10985	8305	39	4	3	40	0.000363769	10996	0.187273	FALSE	ORF3a:cds-YP_009724391.1	CTT	L	CAT	H	101
NC_045512.2	25695	T	G	11097	8394	39	1	0	25	9.00657e-05	11103	1	FALSE	ORF3a:cds-YP_009724391.1	CTT	L	CTG	L	101
NC_045512.2	25695	T	C	11097	8394	39	5	3	44	0.000450329	11103	0.109343	FALSE	ORF3a:cds-YP_009724391.1	CTT	L	CTC	L	101
NC_045512.2	25697	A	T	11269	8616	39	2	0	27	0.000177399	11274	1	FALSE	ORF3a:cds-YP_009724391.1	GAA	E	GTA	V	102
NC_045512.2	25697	A	G	11269	8616	39	2	1	55	0.000177399	11274	0.249945	FALSE	ORF3a:cds-YP_009724391.1	GAA	E	GGA	G	102
NC_045512.2	25697	A	C	11269	8616	39	1	0	74	8.86997e-05	11274	0.499933	FALSE	ORF3a:cds-YP_009724391.1	GAA	E	GCA	A	102
NC_045512.2	25698	A	T	11252	8635	39	2	2	37	0.000177667	11257	0.998294	FALSE	ORF3a:cds-YP_009724391.1	GAA	E	GAT	D	102
NC_045512.2	25698	A	G	11252	8635	39	1	1	37	8.88336e-05	11257	0.999756	FALSE	ORF3a:cds-YP_009724391.1	GAA	E	GAG	E	102
NC_045512.2	25698	A	C	11252	8635	39	2	0	31	0.000177667	11257	0.998294	FALSE	ORF3a:cds-YP_009724391.1	GAA	E	GAC	D	102
NC_045512.2	25699	G	T	11195	8570	39	1	1	37	8.92459e-05	11205	0.999756	FALSE	ORF3a:cds-YP_009724391.1	GCC	A	TCC	S	103
NC_045512.2	25699	G	A	11195	8570	39	9	7	39	0.000803213	11205	0.748374	FALSE	ORF3a:cds-YP_009724391.1	GCC	A	ACC	T	103
NC_045512.2	25700	C	T	11121	8531	39	5	4	49	0.000449317	11128	0.109322	FALSE	ORF3a:cds-YP_009724391.1	GCC	A	GTC	V	103
NC_045512.2	25700	C	A	11121	8531	39	2	2	37	0.000179727	11128	0.998292	FALSE	ORF3a:cds-YP_009724391.1	GCC	A	GAC	D	103
NC_045512.2	25701	C	A	10986	8474	39	3	3	33	0.000273	10989	0.988793	FALSE	ORF3a:cds-YP_009724391.1	GCC	A	GCA	A	103
NC_045512.2	25702	C	A	10899	8442	39	1	1	37	9.17431e-05	10900	0.999513	FALSE	ORF3a:cds-YP_009724391.1	CCT	P	ACT	T	104
NC_045512.2	25703	C	T	10942	8457	39	1	1	25	9.13409e-05	10948	1	FALSE	ORF3a:cds-YP_009724391.1	CCT	P	CTT	L	104
NC_045512.2	25703	C	G	10942	8457	39	1	1	37	9.13409e-05	10948	0.999512	FALSE	ORF3a:cds-YP_009724391.1	CCT	P	CGT	R	104
NC_045512.2	25703	C	A	10942	8457	39	4	4	28	0.000365364	10948	1	FALSE	ORF3a:cds-YP_009724391.1	CCT	P	CAT	H	104
NC_045512.2	25703	C	-T	10942	8457	39	1	0	20	9.13409e-05	10948	1	FALSE	NA	NA	NA	NA	NA	NA
NC_045512.2	25703	C	+T	10942	8457	39	2	0	20	0.000182682	10948	1	FALSE	NA	NA	NA	NA	NA	NA
NC_045512.2	25703	C	+A	10942	8457	39	1	0	20	9.13409e-05	10948	1	FALSE	NA	NA	NA	NA	NA	NA
NC_045512.2	25704	T	G	10507	8193	38	3	1	25	0.00028509	10523	1	FALSE	ORF3a:cds-YP_009724391.1	CCT	P	CCG	P	104
NC_045512.2	25704	T	C	10507	8193	38	11	10	40	0.00104533	10523	0.0031593	TRUE	ORF3a:cds-YP_009724391.1	CCT	P	CCC	P	104
NC_045512.2	25704	T	A	10507	8193	38	2	2	25	0.00019006	10523	1	FALSE	ORF3a:cds-YP_009724391.1	CCT	P	CCA	P	104
NC_045512.2	25705	T	G	10528	8358	38	5	1	39	0.000474608	10535	0.940809	FALSE	ORF3a:cds-YP_009724391.1	TTT	F	GTT	V	105
NC_045512.2	25705	T	C	10528	8358	38	2	2	37	0.000189843	10535	0.996827	FALSE	ORF3a:cds-YP_009724391.1	TTT	F	CTT	L	105
NC_045512.2	25706	T	G	10682	8431	38	7	0	31	0.000654818	10690	0.833944	FALSE	ORF3a:cds-YP_009724391.1	TTT	F	TGT	C	105
NC_045512.2	25706	T	C	10682	8431	38	1	1	25	9.35454e-05	10690	1	FALSE	ORF3a:cds-YP_009724391.1	TTT	F	TCT	S	105
NC_045512.2	25709	T	C	10412	8125	38	1	1	37	9.60061e-05	10416	0.999512	FALSE	ORF3a:cds-YP_009724391.1	CTC	L	CCC	P	106
NC_045512.2	25709	T	A	10412	8125	38	3	3	33	0.000288018	10416	0.98879	FALSE	ORF3a:cds-YP_009724391.1	CTC	L	CAC	H	106
NC_045512.2	25711	T	G	9900	7868	38	1	1	25	0.000100878	9913	1	FALSE	ORF3a:cds-YP_009724391.1	TAT	Y	GAT	D	107
NC_045512.2	25711	T	C	9900	7868	38	12	2	37	0.00121053	9913	0.331727	FALSE	ORF3a:cds-YP_009724391.1	TAT	Y	CAT	H	107
NC_045512.2	25712	A	T	8480	8170	36	2	2	31	0.000235682	8486	0.98926	FALSE	ORF3a:cds-YP_009724391.1	TAT	Y	TTT	F	107
NC_045512.2	25712	A	C	8480	8170	36	4	4	29	0.000471365	8486	1	FALSE	ORF3a:cds-YP_009724391.1	TAT	Y	TCT	S	107
NC_045512.2	25713	T	C	8470	8147	36	1	1	25	0.000118036	8472	1	FALSE	ORF3a:cds-YP_009724391.1	TAT	Y	TAC	Y	107
NC_045512.2	25713	T	A	8470	8147	36	1	1	25	0.000118036	8472	1	FALSE	ORF3a:cds-YP_009724391.1	TAT	Y	TAA	*	107
NC_045512.2	25714	C	A	8608	8308	36	1	1	25	0.000116158	8609	1	FALSE	ORF3a:cds-YP_009724391.1	CTT	L	ATT	I	108
NC_045512.2	25715	T	C	8103	7803	35	1	1	37	0.000123365	8106	0.99805	FALSE	ORF3a:cds-YP_009724391.1	CTT	L	CCT	P	108
NC_045512.2	25715	T	A	8103	7803	35	2	2	25	0.000246731	8106	1	FALSE	ORF3a:cds-YP_009724391.1	CTT	L	CAT	H	108
NC_045512.2	25716	T	G	8279	7987	36	2	1	31	0.000241342	8287	0.98925	FALSE	ORF3a:cds-YP_009724391.1	CTT	L	CTG	L	108
NC_045512.2	25716	T	C	8279	7987	36	4	4	37	0.000482684	8287	0.926987	FALSE	ORF3a:cds-YP_009724391.1	CTT	L	CTC	L	108
NC_045512.2	25716	T	A	8279	7987	36	2	2	37	0.000241342	8287	0.98925	FALSE	ORF3a:cds-YP_009724391.1	CTT	L	CTA	L	108
NC_045512.2	25717	T	C	8248	7962	36	1	1	37	0.000121227	8249	0.998052	FALSE	ORF3a:cds-YP_009724391.1	TAT	Y	CAT	H	109
NC_045512.2	25718	A	G	8016	7763	36	1	1	37	0.000124688	8020	0.998049	FALSE	ORF3a:cds-YP_009724391.1	TAT	Y	TGT	C	109
NC_045512.2	25718	A	C	8016	7763	36	3	3	25	0.000374065	8020	1	FALSE	ORF3a:cds-YP_009724391.1	TAT	Y	TCT	S	109
NC_045512.2	25719	T	G	8163	7996	36	1	1	37	0.000122459	8166	0.99805	FALSE	ORF3a:cds-YP_009724391.1	TAT	Y	TAG	*	109
NC_045512.2	25719	T	C	8163	7996	36	1	0	37	0.000122459	8166	0.99805	FALSE	ORF3a:cds-YP_009724391.1	TAT	Y	TAC	Y	109
NC_045512.2	25719	T	A	8163	7996	36	1	1	37	0.000122459	8166	0.99805	FALSE	ORF3a:cds-YP_009724391.1	TAT	Y	TAA	*	109
NC_045512.2	25720	G	T	8132	7978	36	1	1	25	0.000122941	8134	1	FALSE	ORF3a:cds-YP_009724391.1	GCT	A	TCT	S	110
NC_045512.2	25720	G	A	8132	7978	36	1	1	37	0.000122941	8134	0.998051	FALSE	ORF3a:cds-YP_009724391.1	GCT	A	ACT	T	110
NC_045512.2	25721	C	T	8083	7932	36	6	6	35	0.000741656	8090	0.788127	FALSE	ORF3a:cds-YP_009724391.1	GCT	A	GTT	V	110
NC_045512.2	25721	C	A	8083	7932	36	1	1	25	0.000123609	8090	1	FALSE	ORF3a:cds-YP_009724391.1	GCT	A	GAT	D	110
NC_045512.2	25722	T	C	7442	7299	35	2	2	31	0.000268637	7445	0.980497	FALSE	ORF3a:cds-YP_009724391.1	GCT	A	GCC	A	110
NC_045512.2	25722	T	A	7442	7299	35	1	1	25	0.000134318	7445	1	FALSE	ORF3a:cds-YP_009724391.1	GCT	A	GCA	A	110
NC_045512.2	25723	T	G	7487	7340	36	1	1	37	0.000133529	7489	0.996101	FALSE	ORF3a:cds-YP_009724391.1	TTA	L	GTA	V	111
NC_045512.2	25723	T	C	7487	7340	36	1	1	37	0.000133529	7489	0.996101	FALSE	ORF3a:cds-YP_009724391.1	TTA	L	CTA	L	111
NC_045512.2	25724	T	G	7593	7448	36	1	1	25	0.000131666	7595	1	FALSE	ORF3a:cds-YP_009724391.1	TTA	L	TGA	*	111
NC_045512.2	25724	T	C	7593	7448	36	1	1	37	0.000131666	7595	0.996101	FALSE	ORF3a:cds-YP_009724391.1	TTA	L	TCA	S	111
NC_045512.2	25725	A	G	7551	7402	36	1	1	37	0.000132398	7553	0.996101	FALSE	ORF3a:cds-YP_009724391.1	TTA	L	TTG	L	111
NC_045512.2	25725	A	C	7551	7402	36	1	1	25	0.000132398	7553	1	FALSE	ORF3a:cds-YP_009724391.1	TTA	L	TTC	F	111
NC_045512.2	25728	C	T	7531	7391	36	1	1	25	0.000132749	7533	1	FALSE	ORF3a:cds-YP_009724391.1	GTC	V	GTT	V	112
NC_045512.2	25728	C	A	7531	7391	36	1	1	37	0.000132749	7533	0.996101	FALSE	ORF3a:cds-YP_009724391.1	GTC	V	GTA	V	112
NC_045512.2	25729	T	G	7254	7113	36	1	1	25	0.000137779	7258	1	FALSE	ORF3a:cds-YP_009724391.1	TAC	Y	GAC	D	113
NC_045512.2	25729	T	C	7254	7113	36	2	2	37	0.000275558	7258	0.980488	FALSE	ORF3a:cds-YP_009724391.1	TAC	Y	CAC	H	113
NC_045512.2	25729	T	A	7254	7113	36	1	1	37	0.000137779	7258	0.996097	FALSE	ORF3a:cds-YP_009724391.1	TAC	Y	AAC	N	113
NC_045512.2	25730	A	C	7198	7063	36	1	0	25	0.000138908	7199	1	FALSE	ORF3a:cds-YP_009724391.1	TAC	Y	TCC	S	113
NC_045512.2	25731	C	T	7227	7141	36	1	1	37	0.000138332	7229	0.996101	FALSE	ORF3a:cds-YP_009724391.1	TAC	Y	TAT	Y	113
NC_045512.2	25731	C	A	7227	7141	36	1	1	37	0.000138332	7229	0.996101	FALSE	ORF3a:cds-YP_009724391.1	TAC	Y	TAA	*	113
NC_045512.2	25732	T	G	6985	6899	36	2	2	31	0.000286246	6987	0.964899	FALSE	ORF3a:cds-YP_009724391.1	TTC	F	GTC	V	114
NC_045512.2	25733	T	C	6705	6617	36	1	1	37	0.000149098	6707	0.9922	FALSE	ORF3a:cds-YP_009724391.1	TTC	F	TCC	S	114
NC_045512.2	25733	T	A	6705	6617	36	1	1	37	0.000149098	6707	0.9922	FALSE	ORF3a:cds-YP_009724391.1	TTC	F	TAC	Y	114
NC_045512.2	25734	C	A	6394	6306	36	1	1	37	0.000156372	6395	0.992205	FALSE	ORF3a:cds-YP_009724391.1	TTC	F	TTA	L	114
NC_045512.2	25735	T	G	5852	5764	36	3	3	25	0.000512295	5856	1	FALSE	ORF3a:cds-YP_009724391.1	TTG	L	GTG	V	115
NC_045512.2	25735	T	C	5852	5764	36	1	1	25	0.000170765	5856	1	FALSE	ORF3a:cds-YP_009724391.1	TTG	L	CTG	L	115
NC_045512.2	25736	T	C	5877	5793	36	1	1	37	0.000170126	5878	0.984403	FALSE	ORF3a:cds-YP_009724391.1	TTG	L	TCG	S	115
NC_045512.2	25736	T	-G	5877	5793	36	1	0	20	0.000170126	5878	1	FALSE	NA	NA	NA	NA	NA	NA
NC_045512.2	25737	G	A	5979	5900	36	6	6	37	0.00100251	5985	0.5	FALSE	ORF3a:cds-YP_009724391.1	TTG	L	TTA	L	115
NC_045512.2	25738	C	T	6033	5959	36	4	4	37	0.000662471	6038	0.828227	FALSE	ORF3a:cds-YP_009724391.1	CAG	Q	TAG	*	116
NC_045512.2	25738	C	G	6033	5959	36	1	1	37	0.000165618	6038	0.992188	FALSE	ORF3a:cds-YP_009724391.1	CAG	Q	GAG	E	116
NC_045512.2	25739	A	T	5583	5509	36	1	1	25	0.000178987	5587	1	FALSE	ORF3a:cds-YP_009724391.1	CAG	Q	CTG	L	116
NC_045512.2	25739	A	G	5583	5509	36	3	3	33	0.000536961	5587	0.855557	FALSE	ORF3a:cds-YP_009724391.1	CAG	Q	CGG	R	116
NC_045512.2	25740	G	T	5595	5524	36	2	2	25	0.00035727	5598	1	FALSE	ORF3a:cds-YP_009724391.1	CAG	Q	CAT	H	116
NC_045512.2	25740	G	A	5595	5524	36	1	1	37	0.000178635	5598	0.984388	FALSE	ORF3a:cds-YP_009724391.1	CAG	Q	CAA	Q	116
NC_045512.2	26048	T	G	353	3	36	1	0	25	0.00282486	354	0.938382	FALSE	ORF3a:cds-YP_009724391.1	TTG	L	TGG	W	219
NC_045512.2	26051	G	A	430	3	36	1	0	37	0.00232019	431	0.500581	FALSE	ORF3a:cds-YP_009724391.1	AGT	S	AAT	N	220
NC_045512.2	26060	C	T	0	0	0	505	6	35	1	505	7.2621e-303	TRUE	ORF3a:cds-YP_009724391.1	ACT	T	ATT	I	223
NC_045512.2	26074	G	T	619	17	36	1	0	37	0.0016129	620	0.500404	FALSE	ORF3a:cds-YP_009724391.1	GTT	V	TTT	F	228
NC_045512.2	26076	T	C	618	17	37	1	0	37	0.00161551	619	0.500404	FALSE	ORF3a:cds-YP_009724391.1	GTT	V	GTC	V	228
NC_045512.2	26079	C	A	612	16	36	1	0	37	0.00163132	613	0.500408	FALSE	ORF3a:cds-YP_009724391.1	ACC	T	ACA	T	229
NC_045512.2	26084	T	A	627	15	36	1	0	37	0.00159236	628	0.500398	FALSE	ORF3a:cds-YP_009724391.1	TTC	F	TAC	Y	231
NC_045512.2	26092	A	C	620	23	36	2	0	25	0.00321543	622	0.965458	FALSE	ORF3a:cds-YP_009724391.1	AAT	N	CAT	H	234
NC_045512.2	26097	A	G	651	24	37	1	0	37	0.00153374	652	0.500384	FALSE	ORF3a:cds-YP_009724391.1	AAA	K	AAG	K	235
NC_045512.2	26102	T	C	630	25	37	1	0	37	0.00158479	631	0.500397	FALSE	ORF3a:cds-YP_009724391.1	GTT	V	GCT	A	237
NC_045512.2	26104	G	A	664	25	37	1	0	74	0.00150376	665	0.500376	FALSE	ORF3a:cds-YP_009724391.1	GAT	D	AAT	N	238
NC_045512.2	26105	A	G	639	26	36	1	0	37	0.0015625	640	0.500391	FALSE	ORF3a:cds-YP_009724391.1	GAT	D	GGT	G	238
NC_045512.2	26108	A	G	673	39	37	1	0	37	0.00148368	674	0.500371	FALSE	ORF3a:cds-YP_009724391.1	GAG	E	GGG	G	239
NC_045512.2	26112	T	A	716	58	38	1	0	37	0.0013947	717	0.500349	FALSE	ORF3a:cds-YP_009724391.1	CCT	P	CCA	P	240
NC_045512.2	26120	A	G	732	62	38	1	0	25	0.00136426	733	0.996189	FALSE	ORF3a:cds-YP_009724391.1	CAT	H	CGT	R	243
NC_045512.2	26121	T	G	711	65	38	1	0	25	0.00140449	712	0.996192	FALSE	ORF3a:cds-YP_009724391.1	CAT	H	CAG	Q	243
NC_045512.2	26128	A	G	685	73	38	1	0	37	0.00145773	686	0.500365	FALSE	ORF3a:cds-YP_009724391.1	ATT	I	GTT	V	246
NC_045512.2	26129	T	G	688	77	38	1	0	37	0.00144928	690	0.5	FALSE	ORF3a:cds-YP_009724391.1	ATT	I	AGT	S	246
NC_045512.2	26129	T	A	688	77	38	1	0	25	0.00144928	690	0.992306	FALSE	ORF3a:cds-YP_009724391.1	ATT	I	AAT	N	246
NC_045512.2	26137	A	C	609	90	38	2	2	27	0.00327332	611	0.965469	FALSE	ORF3a:cds-YP_009724391.1	ATC	I	CTC	L	249
NC_045512.2	26162	A	C	554	268	38	1	1	25	0.0018018	555	0.98467	FALSE	ORF3a:cds-YP_009724391.1	AAT	N	ACT	T	257
NC_045512.2	26170	A	C	496	257	37	1	1	25	0.00201207	497	0.969221	FALSE	ORF3a:cds-YP_009724391.1	ATG	M	CTG	L	260
NC_045512.2	26175	A	G	492	316	37	1	0	37	0.0020284	493	0.500508	FALSE	ORF3a:cds-YP_009724391.1	GAA	E	GAG	E	261
NC_045512.2	26177	C	A	534	327	38	1	0	37	0.00186916	535	0.500468	FALSE	ORF3a:cds-YP_009724391.1	CCA	P	CAA	Q	262
NC_045512.2	26182	T	G	547	330	38	1	1	37	0.00182482	548	0.500457	FALSE	ORF3a:cds-YP_009724391.1	TAT	Y	GAT	D	264
NC_045512.2	26184	T	G	569	347	38	1	0	37	0.00175439	570	0.500439	FALSE	ORF3a:cds-YP_009724391.1	TAT	Y	TAG	*	264
NC_045512.2	26192	C	T	610	398	38	1	1	37	0.00163666	611	0.50041	FALSE	ORF3a:cds-YP_009724391.1	CCG	P	CTG	L	267
NC_045512.2	26193	G	T	619	401	38	1	0	25	0.0016129	620	0.992363	FALSE	ORF3a:cds-YP_009724391.1	CCG	P	CCT	P	267
NC_045512.2	26198	C	T	608	398	38	1	0	37	0.00164204	609	0.500411	FALSE	ORF3a:cds-YP_009724391.1	ACG	T	ATG	M	269
NC_045512.2	26201	C	T	654	404	37	1	0	37	0.00152672	655	0.500382	FALSE	ORF3a:cds-YP_009724391.1	ACT	T	ATT	I	270
NC_045512.2	26206	A	C	642	386	37	1	1	25	0.00155521	643	0.992357	FALSE	ORF3a:cds-YP_009724391.1	AGC	S	CGC	R	272
NC_045512.2	26209	G	A	641	397	37	1	1	37	0.00155763	642	0.50039	FALSE	ORF3a:cds-YP_009724391.1	GTG	V	ATG	M	273
NC_045512.2	26211	G	T	617	378	37	1	0	25	0.00161812	618	0.992364	FALSE	ORF3a:cds-YP_009724391.1	GTG	V	GTT	V	273
NC_045512.2	26212	C	T	601	373	37	1	1	37	0.00166113	602	0.500416	FALSE	ORF3a:cds-YP_009724391.1	CCT	P	TCT	S	274
NC_045512.2	26237	A	T	639	393	37	1	1	37	0.0015625	640	0.500391	FALSE	NA	NA	NA	NA	NA	NA
NC_045512.2	26238	C	T	646	410	38	1	0	37	0.0015456	647	0.500387	FALSE	NA	NA	NA	NA	NA	NA
NC_045512.2	26241	A	C	626	393	37	1	1	25	0.0015949	627	0.992361	FALSE	NA	NA	NA	NA	NA	NA
NC_045512.2	26244	T	C	637	374	38	1	0	37	0.0015674	638	0.500392	FALSE	NA	NA	NA	NA	NA	NA
NC_045512.2	26251	T	C	614	374	39	1	1	37	0.00162602	615	0.500407	FALSE	E:cds-YP_009724392.1	TCA	S	CCA	P	3
NC_045512.2	26253	A	G	600	366	38	1	1	37	0.00166389	601	0.500416	FALSE	E:cds-YP_009724392.1	TCA	S	TCG	S	3
NC_045512.2	26264	A	G	635	425	38	1	1	37	0.00157233	636	0.500393	FALSE	E:cds-YP_009724392.1	GAA	E	GGA	G	7
NC_045512.2	26270	C	T	0	0	0	648	456	38	1	648	0	TRUE	E:cds-YP_009724392.1	ACA	T	ATA	I	9
NC_045512.2	26275	A	G	0	0	0	641	441	39	1	641	0	TRUE	E:cds-YP_009724392.1	ACG	T	GCG	A	11
NC_045512.2	26276	C	T	616	418	39	2	1	55	0.00323625	618	0.250202	FALSE	E:cds-YP_009724392.1	ACG	T	ATG	M	11
NC_045512.2	26279	T	C	623	434	39	1	1	37	0.00160256	624	0.500401	FALSE	E:cds-YP_009724392.1	TTA	L	TCA	S	12
NC_045512.2	26288	A	C	637	475	40	1	1	25	0.0015674	638	0.992358	FALSE	E:cds-YP_009724392.1	AAT	N	ACT	T	15
NC_045512.2	26291	G	A	674	532	42	1	1	37	0.00148148	675	0.500371	FALSE	E:cds-YP_009724392.1	AGC	S	AAC	N	16
NC_045512.2	26292	C	T	657	511	43	1	1	37	0.00151976	658	0.50038	FALSE	E:cds-YP_009724392.1	AGC	S	AGT	S	16
NC_045512.2	26300	T	C	661	536	42	1	0	37	0.00151057	662	0.500378	FALSE	E:cds-YP_009724392.1	CTT	L	CCT	P	19
NC_045512.2	26301	T	G	681	560	43	1	0	25	0.00146628	682	0.992347	FALSE	E:cds-YP_009724392.1	CTT	L	CTG	L	19
NC_045512.2	26308	G	T	661	565	42	1	1	37	0.00151057	662	0.500378	FALSE	E:cds-YP_009724392.1	GCT	A	TCT	S	22
NC_045512.2	26313	C	T	656	562	42	1	1	37	0.00152207	657	0.500381	FALSE	E:cds-YP_009724392.1	TTC	F	TTT	F	23
NC_045512.2	26317	G	A	660	566	41	2	2	37	0.00302115	662	0.250189	FALSE	E:cds-YP_009724392.1	GTA	V	ATA	I	25
NC_045512.2	26322	C	A	641	560	40	1	1	37	0.00155763	642	0.50039	FALSE	E:cds-YP_009724392.1	TTC	F	TTA	L	26
NC_045512.2	26324	T	G	623	538	41	1	1	25	0.00160256	624	0.992362	FALSE	E:cds-YP_009724392.1	TTG	L	TGG	W	27
NC_045512.2	26334	A	T	563	501	40	1	1	25	0.00177305	564	0.984665	FALSE	E:cds-YP_009724392.1	ACA	T	ACT	T	30
NC_045512.2	26338	G	A	546	501	39	2	2	37	0.00364964	548	0.250228	FALSE	E:cds-YP_009724392.1	GCC	A	ACC	T	32
NC_045512.2	26347	A	C	465	444	36	1	1	25	0.00214592	466	0.969252	FALSE	E:cds-YP_009724392.1	ACT	T	CCT	P	35
NC_045512.2	26349	T	C	463	441	37	1	1	37	0.00215517	464	0.500539	FALSE	E:cds-YP_009724392.1	ACT	T	ACC	T	35
NC_045512.2	26358	A	C	389	374	37	1	1	25	0.0025641	390	0.938301	FALSE	E:cds-YP_009724392.1	CGA	R	CGC	R	38
NC_045512.2	26366	C	T	320	309	37	1	1	37	0.00311526	321	0.50078	FALSE	E:cds-YP_009724392.1	GCG	A	GTG	V	41
NC_045512.2	26367	G	T	2174	355	36	1	0	37	0.000458926	2179	0.874828	FALSE	E:cds-YP_009724392.1	GCG	A	GCT	A	41
NC_045512.2	26367	G	C	2174	355	36	1	0	25	0.000458926	2179	1	FALSE	E:cds-YP_009724392.1	GCG	A	GCC	A	41
NC_045512.2	26367	G	A	2174	355	36	3	1	37	0.00137678	2179	0.499785	FALSE	E:cds-YP_009724392.1	GCG	A	GCA	A	41
NC_045512.2	26371	T	A	2266	335	36	2	2	31	0.000881834	2268	0.687748	FALSE	E:cds-YP_009724392.1	TGC	C	AGC	S	43
NC_045512.2	26372	G	A	2549	340	36	2	0	37	0.000784006	2551	0.687721	FALSE	E:cds-YP_009724392.1	TGC	C	TAC	Y	43
NC_045512.2	26374	T	G	2562	354	36	7	7	37	0.0027248	2569	0.0897478	FALSE	E:cds-YP_009724392.1	TGC	C	GGC	G	44
NC_045512.2	26375	G	A	3086	369	37	4	0	34	0.0012945	3090	0.500177	FALSE	E:cds-YP_009724392.1	TGC	C	TAC	Y	44
NC_045512.2	26377	A	G	3079	370	37	2	0	31	0.00064914	3081	0.812703	FALSE	E:cds-YP_009724392.1	AAT	N	GAT	D	45
NC_045512.2	26380	A	G	2876	105	37	1	1	37	0.000347584	2877	0.87513	FALSE	E:cds-YP_009724392.1	ATT	I	GTT	V	46
NC_045512.2	26382	T	G	2990	109	36	2	0	25	0.000667334	2997	1	FALSE	E:cds-YP_009724392.1	ATT	I	ATG	M	46
NC_045512.2	26382	T	C	2990	109	36	5	0	34	0.00166834	2997	0.226289	FALSE	E:cds-YP_009724392.1	ATT	I	ATC	I	46
NC_045512.2	26384	T	C	3174	119	37	2	1	49	0.000629723	3176	0.250039	FALSE	E:cds-YP_009724392.1	GTT	V	GCT	A	47
NC_045512.2	26386	A	G	3295	121	37	1	0	37	0.000303398	3296	0.937595	FALSE	E:cds-YP_009724392.1	AAC	N	GAC	D	48
NC_045512.2	26387	A	G	3300	113	37	2	0	37	0.000605694	3302	0.812689	FALSE	E:cds-YP_009724392.1	AAC	N	AGC	S	48
NC_045512.2	26388	C	T	3433	132	37	1	0	37	0.000291206	3434	0.937591	FALSE	E:cds-YP_009724392.1	AAC	N	AAT	N	48
NC_045512.2	26389	G	A	3478	133	37	2	0	37	0.000574713	3480	0.81268	FALSE	E:cds-YP_009724392.1	GTG	V	ATG	M	49
NC_045512.2	26390	T	C	3504	141	37	1	0	37	0.000285307	3505	0.937589	FALSE	E:cds-YP_009724392.1	GTG	V	GCG	A	49
NC_045512.2	26391	G	A	3520	147	37	1	0	37	0.00028401	3521	0.937589	FALSE	E:cds-YP_009724392.1	GTG	V	GTA	V	49
NC_045512.2	26392	A	G	3430	141	37	1	0	37	0.00029146	3431	0.937591	FALSE	E:cds-YP_009724392.1	AGT	S	GGT	G	50
NC_045512.2	26396	T	C	3574	177	37	2	0	55	0.000559128	3577	0.249965	FALSE	E:cds-YP_009724392.1	CTT	L	CCT	P	51
NC_045512.2	26396	T	A	3574	177	37	1	0	37	0.000279564	3577	0.937517	FALSE	E:cds-YP_009724392.1	CTT	L	CAT	H	51
NC_045512.2	26397	T	C	3780	182	37	1	0	37	0.00026448	3781	0.937583	FALSE	E:cds-YP_009724392.1	CTT	L	CTC	L	51
NC_045512.2	26398	G	A	3794	179	37	1	0	37	0.000263505	3795	0.937582	FALSE	E:cds-YP_009724392.1	GTA	V	ATA	I	52
NC_045512.2	26399	T	C	3806	181	37	1	0	62	0.000262674	3807	0.500066	FALSE	E:cds-YP_009724392.1	GTA	V	GCA	A	52
NC_045512.2	26399	T	-A	3806	181	37	1	0	20	0.000262674	3807	1	FALSE	NA	NA	NA	NA	NA	NA
NC_045512.2	26401	A	G	3756	193	37	1	0	37	0.000266099	3758	0.93755	FALSE	E:cds-YP_009724392.1	AAA	K	GAA	E	53
NC_045512.2	26401	A	C	3756	193	37	1	0	25	0.000266099	3758	1	FALSE	E:cds-YP_009724392.1	AAA	K	CAA	Q	53
NC_045512.2	26402	A	G	3729	199	37	1	0	37	0.000268097	3730	0.937584	FALSE	E:cds-YP_009724392.1	AAA	K	AGA	R	53
NC_045512.2	26403	A	G	3741	203	37	1	0	25	0.000267237	3742	1	FALSE	E:cds-YP_009724392.1	AAA	K	AAG	K	53
NC_045512.2	26405	C	A	3815	203	37	2	0	49	0.000523972	3817	0.250033	FALSE	E:cds-YP_009724392.1	CCT	P	CAT	H	54
NC_045512.2	26406	T	C	3857	200	38	1	0	37	0.000259202	3858	0.937581	FALSE	E:cds-YP_009724392.1	CCT	P	CCC	P	54
NC_045512.2	26408	C	-T	3904	204	37	1	0	20	0.000256148	3904	1	FALSE	NA	NA	NA	NA	NA	NA
NC_045512.2	26410	T	G	3789	228	37	3	1	25	0.000791139	3792	1	FALSE	E:cds-YP_009724392.1	TTT	F	GTT	V	56
NC_045512.2	26411	T	C	3868	229	37	2	0	37	0.000516796	3870	0.812662	FALSE	E:cds-YP_009724392.1	TTT	F	TCT	S	56
NC_045512.2	26412	T	G	3947	226	37	2	0	25	0.000506329	3950	1	FALSE	E:cds-YP_009724392.1	TTT	F	TTG	L	56
NC_045512.2	26412	T	C	3947	226	37	1	0	37	0.000253165	3950	0.937516	FALSE	E:cds-YP_009724392.1	TTT	F	TTC	F	56
NC_045512.2	26413	T	C	4003	230	38	1	0	37	0.00024975	4004	0.968809	FALSE	E:cds-YP_009724392.1	TAC	Y	CAC	H	57
NC_045512.2	26415	C	T	4219	228	37	3	1	57	0.000710395	4223	0.124956	FALSE	E:cds-YP_009724392.1	TAC	Y	TAT	Y	57
NC_045512.2	26415	C	A	4219	228	37	1	0	25	0.000236798	4223	1	FALSE	E:cds-YP_009724392.1	TAC	Y	TAA	*	57
NC_045512.2	26416	G	A	4422	241	38	1	0	37	0.000226091	4423	0.968803	FALSE	E:cds-YP_009724392.1	GTT	V	ATT	I	58
NC_045512.2	26417	T	G	4260	247	37	2	0	25	0.000469153	4263	1	FALSE	E:cds-YP_009724392.1	GTT	V	GGT	G	58
NC_045512.2	26417	T	A	4260	247	37	1	0	25	0.000234577	4263	1	FALSE	E:cds-YP_009724392.1	GTT	V	GAT	D	58
NC_045512.2	26418	T	G	4357	247	37	1	0	25	0.00022941	4359	1	FALSE	E:cds-YP_009724392.1	GTT	V	GTG	V	58
NC_045512.2	26418	T	C	4357	247	37	1	0	37	0.00022941	4359	0.968786	FALSE	E:cds-YP_009724392.1	GTT	V	GTC	V	58
NC_045512.2	26420	A	T	4449	247	38	1	0	74	0.000224618	4452	0.499944	FALSE	E:cds-YP_009724392.1	TAC	Y	TTC	F	59
NC_045512.2	26420	A	C	4449	247	38	2	0	27	0.000449236	4452	1	FALSE	E:cds-YP_009724392.1	TAC	Y	TCC	S	59
NC_045512.2	26422	T	G	4455	276	38	1	0	25	0.000224316	4458	1	FALSE	E:cds-YP_009724392.1	TCT	S	GCT	A	60
NC_045512.2	26422	T	C	4455	276	38	1	0	25	0.000224316	4458	1	FALSE	E:cds-YP_009724392.1	TCT	S	CCT	P	60
NC_045512.2	26422	T	A	4455	276	38	1	1	37	0.000224316	4458	0.968768	FALSE	E:cds-YP_009724392.1	TCT	S	ACT	T	60
NC_045512.2	26423	C	A	4450	272	37	2	0	37	0.000449236	4452	0.890757	FALSE	E:cds-YP_009724392.1	TCT	S	TAT	Y	60
NC_045512.2	26424	T	G	4348	277	37	3	0	29	0.000689022	4354	1	FALSE	E:cds-YP_009724392.1	TCT	S	TCG	S	60
NC_045512.2	26424	T	C	4348	277	37	2	0	37	0.000459348	4354	0.890544	FALSE	E:cds-YP_009724392.1	TCT	S	TCC	S	60
NC_045512.2	26424	T	A	4348	277	37	1	0	25	0.000229674	4354	1	FALSE	E:cds-YP_009724392.1	TCT	S	TCA	S	60
NC_045512.2	26425	C	T	4480	272	38	1	0	37	0.000223115	4482	0.968785	FALSE	E:cds-YP_009724392.1	CGT	R	TGT	C	61
NC_045512.2	26425	C	A	4480	272	38	1	0	37	0.000223115	4482	0.968785	FALSE	E:cds-YP_009724392.1	CGT	R	AGT	S	61
NC_045512.2	26426	G	T	4543	273	38	1	0	25	0.000219925	4547	1	FALSE	E:cds-YP_009724392.1	CGT	R	CTT	L	61
NC_045512.2	26426	G	A	4543	273	38	3	0	45	0.000659776	4547	0.124959	FALSE	E:cds-YP_009724392.1	CGT	R	CAT	H	61
NC_045512.2	26427	T	G	4359	283	37	3	0	25	0.000687285	4365	1	FALSE	E:cds-YP_009724392.1	CGT	R	CGG	R	61
NC_045512.2	26427	T	C	4359	283	37	3	0	49	0.000687285	4365	0.124871	FALSE	E:cds-YP_009724392.1	CGT	R	CGC	R	61
NC_045512.2	26428	G	C	4584	283	38	1	0	25	0.000218103	4585	1	FALSE	E:cds-YP_009724392.1	GTT	V	CTT	L	62
NC_045512.2	26429	T	G	4408	279	37	1	0	25	0.000226809	4409	1	FALSE	E:cds-YP_009724392.1	GTT	V	GGT	G	62
NC_045512.2	26430	T	C	4561	284	38	1	0	37	0.000219202	4562	0.968801	FALSE	E:cds-YP_009724392.1	GTT	V	GTC	V	62
NC_045512.2	26430	T	-A	4561	284	38	1	0	20	0.000219202	4562	1	FALSE	NA	NA	NA	NA	NA	NA
NC_045512.2	26432	A	T	4524	293	38	1	0	25	0.000220946	4526	1	FALSE	E:cds-YP_009724392.1	AAA	K	ATA	I	63
NC_045512.2	26432	A	G	4524	293	38	1	0	37	0.000220946	4526	0.968785	FALSE	E:cds-YP_009724392.1	AAA	K	AGA	R	63
NC_045512.2	26434	A	T	4528	316	38	1	0	25	0.000220702	4531	1	FALSE	E:cds-YP_009724392.1	AAT	N	TAT	Y	64
NC_045512.2	26434	A	G	4528	316	38	1	0	25	0.000220702	4531	1	FALSE	E:cds-YP_009724392.1	AAT	N	GAT	D	64
NC_045512.2	26434	A	C	4528	316	38	1	0	25	0.000220702	4531	1	FALSE	E:cds-YP_009724392.1	AAT	N	CAT	H	64
NC_045512.2	26435	A	T	4550	328	38	1	0	25	0.000219732	4551	1	FALSE	E:cds-YP_009724392.1	AAT	N	ATT	I	64
NC_045512.2	26436	T	C	4625	326	38	1	0	62	0.000216123	4627	0.5	FALSE	E:cds-YP_009724392.1	AAT	N	AAC	N	64
NC_045512.2	26436	T	A	4625	326	38	1	0	25	0.000216123	4627	1	FALSE	E:cds-YP_009724392.1	AAT	N	AAA	K	64
NC_045512.2	26438	T	C	4669	350	39	3	0	33	0.000642123	4672	0.773613	FALSE	E:cds-YP_009724392.1	CTG	L	CCG	P	65
NC_045512.2	26439	G	T	4665	367	38	1	0	37	0.000214316	4666	0.9688	FALSE	E:cds-YP_009724392.1	CTG	L	CTT	L	65
NC_045512.2	26441	A	C	4509	368	38	2	1	27	0.000443361	4511	1	FALSE	E:cds-YP_009724392.1	AAT	N	ACT	T	66
NC_045512.2	26442	T	G	4488	380	38	3	0	29	0.000667854	4492	1	FALSE	E:cds-YP_009724392.1	AAT	N	AAG	K	66
NC_045512.2	26442	T	A	4488	380	38	1	0	25	0.000222618	4492	1	FALSE	E:cds-YP_009724392.1	AAT	N	AAA	K	66
NC_045512.2	26444	C	G	4987	390	38	1	0	37	0.000200441	4989	0.968781	FALSE	E:cds-YP_009724392.1	TCT	S	TGT	C	67
NC_045512.2	26444	C	A	4987	390	38	1	0	25	0.000200441	4989	1	FALSE	E:cds-YP_009724392.1	TCT	S	TAT	Y	67
NC_045512.2	26445	T	G	5199	384	38	2	0	25	0.000384394	5203	1	FALSE	E:cds-YP_009724392.1	TCT	S	TCG	S	67
NC_045512.2	26445	T	C	5199	384	38	2	0	31	0.000384394	5203	0.937532	FALSE	E:cds-YP_009724392.1	TCT	S	TCC	S	67
NC_045512.2	26446	T	G	5239	400	38	1	0	25	0.000190803	5241	1	FALSE	E:cds-YP_009724392.1	TCT	S	GCT	A	68
NC_045512.2	26446	T	C	5239	400	38	1	0	37	0.000190803	5241	0.984397	FALSE	E:cds-YP_009724392.1	TCT	S	CCT	P	68
NC_045512.2	26447	C	A	5240	448	38	1	0	25	0.000190803	5241	1	FALSE	E:cds-YP_009724392.1	TCT	S	TAT	Y	68
NC_045512.2	26448	T	C	5410	666	41	1	0	37	0.000184809	5411	0.984405	FALSE	E:cds-YP_009724392.1	TCT	S	TCC	S	68
NC_045512.2	26449	A	G	5407	746	41	2	0	37	0.000369754	5409	0.937591	FALSE	E:cds-YP_009724392.1	AGA	R	GGA	G	69
NC_045512.2	26451	A	G	5418	808	42	3	2	33	0.000553301	5422	0.85556	FALSE	E:cds-YP_009724392.1	AGA	R	AGG	R	69
NC_045512.2	26451	A	C	5418	808	42	1	0	37	0.000184434	5422	0.984379	FALSE	E:cds-YP_009724392.1	AGA	R	AGC	S	69
NC_045512.2	26452	G	T	5446	819	42	1	0	37	0.000183587	5447	0.984405	FALSE	E:cds-YP_009724392.1	GTT	V	TTT	F	70
NC_045512.2	26453	T	G	5218	804	41	1	0	25	0.000191022	5235	1	FALSE	E:cds-YP_009724392.1	GTT	V	GGT	G	70
NC_045512.2	26453	T	C	5218	804	41	15	0	37	0.00286533	5235	0.0205783	FALSE	E:cds-YP_009724392.1	GTT	V	GCT	A	70
NC_045512.2	26453	T	A	5218	804	41	1	0	20	0.000191022	5235	1	FALSE	E:cds-YP_009724392.1	GTT	V	GAT	D	70
NC_045512.2	26455	C	A	4748	920	39	3	0	25	0.000631446	4751	1	FALSE	E:cds-YP_009724392.1	CCT	P	ACT	T	71
NC_045512.2	26456	C	A	4788	1087	40	2	0	31	0.000417537	4790	0.890747	FALSE	E:cds-YP_009724392.1	CCT	P	CAT	H	71
NC_045512.2	26457	T	A	4888	1117	41	1	1	74	0.000204541	4889	0.500051	FALSE	E:cds-YP_009724392.1	CCT	P	CCA	P	71
NC_045512.2	26458	G	A	4914	1135	41	1	1	37	0.000203459	4915	0.968798	FALSE	E:cds-YP_009724392.1	GAT	D	AAT	N	72
NC_045512.2	26459	A	T	4810	1155	41	1	0	25	0.000207771	4813	1	FALSE	E:cds-YP_009724392.1	GAT	D	GTT	V	72
NC_045512.2	26459	A	G	4810	1155	41	2	0	37	0.000415541	4813	0.890698	FALSE	E:cds-YP_009724392.1	GAT	D	GGT	G	72
NC_045512.2	26460	T	G	4784	1171	40	1	0	29	0.000208986	4785	1	FALSE	E:cds-YP_009724392.1	GAT	D	GAG	E	72
NC_045512.2	26461	C	T	4754	1149	39	1	0	37	0.000210305	4755	0.968799	FALSE	E:cds-YP_009724392.1	CTT	L	TTT	F	73
NC_045512.2	26462	T	G	4618	1217	40	2	0	31	0.0004329	4620	0.890752	FALSE	E:cds-YP_009724392.1	CTT	L	CGT	R	73
NC_045512.2	26463	T	C	4720	1219	40	1	0	37	0.00021182	4721	0.9688	FALSE	E:cds-YP_009724392.1	CTT	L	CTC	L	73
NC_045512.2	26467	G	A	4857	1265	40	3	0	45	0.000617284	4860	0.125	FALSE	E:cds-YP_009724392.1	GTC	V	ATC	I	75
NC_045512.2	26469	C	G	4812	1250	39	1	0	37	0.000207727	4814	0.968782	FALSE	E:cds-YP_009724392.1	GTC	V	GTG	V	75
NC_045512.2	26469	C	A	4812	1250	39	1	0	37	0.000207727	4814	0.968782	FALSE	E:cds-YP_009724392.1	GTC	V	GTA	V	75
NC_045512.2	26470	T	C	4914	1299	40	1	0	37	0.000203417	4916	0.968782	FALSE	E:cds-YP_009724392.1	TAA	*	CAA	Q	76
NC_045512.2	26470	T	A	4914	1299	40	1	0	25	0.000203417	4916	1	FALSE	E:cds-YP_009724392.1	TAA	*	AAA	K	76
NC_045512.2	26471	A	G	4734	1325	40	1	1	37	0.000211193	4735	0.968799	FALSE	E:cds-YP_009724392.1	TAA	*	TGA	*	76
NC_045512.2	26472	A	C	4647	1286	39	1	0	25	0.000215146	4648	1	FALSE	E:cds-YP_009724392.1	TAA	*	TAC	Y	76
NC_045512.2	26473	A	T	4396	1296	38	2	0	31	0.000454649	4399	0.890705	FALSE	NA	NA	NA	NA	NA	NA
NC_045512.2	26473	A	C	4396	1296	38	1	1	25	0.000227324	4399	1	FALSE	NA	NA	NA	NA	NA	NA
NC_045512.2	26475	G	C	4368	1301	39	6	0	37	0.00137174	4374	0.377023	FALSE	NA	NA	NA	NA	NA	NA
NC_045512.2	26476	A	T	4239	1343	38	1	0	25	0.000235793	4241	1	FALSE	NA	NA	NA	NA	NA	NA
NC_045512.2	26476	A	G	4239	1343	38	1	0	37	0.000235793	4241	0.968787	FALSE	NA	NA	NA	NA	NA	NA
NC_045512.2	26479	T	G	4250	1405	39	1	1	25	0.000235018	4255	1	FALSE	NA	NA	NA	NA	NA	NA
NC_045512.2	26479	T	C	4250	1405	39	4	2	46	0.000940071	4255	0.0624559	FALSE	NA	NA	NA	NA	NA	NA
NC_045512.2	26481	A	C	4158	1401	38	1	1	25	0.000240442	4159	1	FALSE	NA	NA	NA	NA	NA	NA
NC_045512.2	26483	T	C	4137	1436	38	1	1	37	0.000241663	4138	0.968807	FALSE	NA	NA	NA	NA	NA	NA
NC_045512.2	26484	A	G	3968	1392	37	1	0	25	0.000251826	3971	1	FALSE	NA	NA	NA	NA	NA	NA
NC_045512.2	26484	A	C	3968	1392	37	2	1	25	0.000503651	3971	1	FALSE	NA	NA	NA	NA	NA	NA
NC_045512.2	26485	T	G	4058	1549	37	5	0	29	0.00123062	4063	1	FALSE	NA	NA	NA	NA	NA	NA
NC_045512.2	26486	T	G	4127	1585	38	1	1	29	0.000242248	4128	1	FALSE	NA	NA	NA	NA	NA	NA
NC_045512.2	26487	A	T	4205	1614	38	1	0	25	0.000237699	4207	1	FALSE	NA	NA	NA	NA	NA	NA
NC_045512.2	26487	A	C	4205	1614	38	1	0	20	0.000237699	4207	1	FALSE	NA	NA	NA	NA	NA	NA
NC_045512.2	26488	T	C	4184	1628	38	1	1	37	0.000238949	4185	0.968806	FALSE	NA	NA	NA	NA	NA	NA
NC_045512.2	26490	T	G	4072	1662	37	1	0	25	0.000245519	4073	1	FALSE	NA	NA	NA	NA	NA	NA
NC_045512.2	26491	T	G	4131	1638	37	1	0	25	0.000241955	4133	1	FALSE	NA	NA	NA	NA	NA	NA
NC_045512.2	26491	T	C	4131	1638	37	1	0	37	0.000241955	4133	0.968788	FALSE	NA	NA	NA	NA	NA	NA
NC_045512.2	26492	A	C	4136	1677	38	2	0	25	0.000483325	4138	1	FALSE	NA	NA	NA	NA	NA	NA
NC_045512.2	26494	T	G	4059	1661	37	1	0	25	0.000246245	4061	1	FALSE	NA	NA	NA	NA	NA	NA
NC_045512.2	26494	T	C	4059	1661	37	1	0	37	0.000246245	4061	0.968788	FALSE	NA	NA	NA	NA	NA	NA
NC_045512.2	26495	T	G	4100	1712	37	1	0	25	0.000243843	4101	1	FALSE	NA	NA	NA	NA	NA	NA
NC_045512.2	26496	T	C	4487	2075	39	1	0	37	0.000222816	4488	0.968802	FALSE	NA	NA	NA	NA	NA	NA
NC_045512.2	26500	T	C	4483	2210	38	1	0	37	0.000223015	4484	0.968802	FALSE	NA	NA	NA	NA	NA	NA
NC_045512.2	26501	G	A	4538	2195	38	1	1	37	0.000220313	4539	0.968802	FALSE	NA	NA	NA	NA	NA	NA
NC_045512.2	26502	T	G	4345	2161	37	3	0	29	0.000689814	4349	1	FALSE	NA	NA	NA	NA	NA	NA
NC_045512.2	26502	T	C	4345	2161	37	1	0	37	0.000229938	4349	0.96875	FALSE	NA	NA	NA	NA	NA	NA
NC_045512.2	26503	T	G	4426	2189	38	2	0	25	0.000451671	4428	1	FALSE	NA	NA	NA	NA	NA	NA
NC_045512.2	26504	T	C	4562	2258	38	2	2	37	0.000438212	4564	0.890753	FALSE	NA	NA	NA	NA	NA	NA
NC_045512.2	26506	G	-A	4602	2342	38	1	0	20	0.000217297	4602	1	FALSE	NA	NA	NA	NA	NA	NA
NC_045512.2	26507	A	C	4577	2407	38	1	0	25	0.000218436	4578	1	FALSE	NA	NA	NA	NA	NA	NA
NC_045512.2	26508	A	G	4338	2399	37	1	1	37	0.000230203	4344	0.968714	FALSE	NA	NA	NA	NA	NA	NA
NC_045512.2	26508	A	C	4338	2399	37	5	0	29	0.00115101	4344	1	FALSE	NA	NA	NA	NA	NA	NA
NC_045512.2	26510	T	G	4453	2389	38	4	0	26	0.000896861	4460	1	FALSE	NA	NA	NA	NA	NA	NA
NC_045512.2	26510	T	C	4453	2389	38	2	2	55	0.00044843	4460	0.249748	FALSE	NA	NA	NA	NA	NA	NA
NC_045512.2	26510	T	A	4453	2389	38	1	1	37	0.000224215	4460	0.968697	FALSE	NA	NA	NA	NA	NA	NA
NC_045512.2	26511	T	G	4428	2388	38	4	0	29	0.00090212	4434	1	FALSE	NA	NA	NA	NA	NA	NA
NC_045512.2	26511	T	C	4428	2388	38	1	1	37	0.00022553	4434	0.968715	FALSE	NA	NA	NA	NA	NA	NA
NC_045512.2	26511	T	A	4428	2388	38	1	0	25	0.00022553	4434	1	FALSE	NA	NA	NA	NA	NA	NA
NC_045512.2	26512	T	G	4533	2402	38	1	0	25	0.000220556	4534	1	FALSE	NA	NA	NA	NA	NA	NA
NC_045512.2	26513	A	G	4496	2420	38	1	1	37	0.00022237	4497	0.968802	FALSE	NA	NA	NA	NA	NA	NA
NC_045512.2	26514	A	G	4481	2384	38	1	0	37	0.000223015	4484	0.968767	FALSE	NA	NA	NA	NA	NA	NA
NC_045512.2	26514	A	C	4481	2384	38	2	2	31	0.00044603	4484	0.890703	FALSE	NA	NA	NA	NA	NA	NA
NC_045512.2	26514	A	-T	4481	2384	38	1	0	20	0.000223015	4484	1	FALSE	NA	NA	NA	NA	NA	NA
NC_045512.2	26515	T	A	4451	2412	38	1	1	25	0.000224618	4452	1	FALSE	NA	NA	NA	NA	NA	NA
NC_045512.2	26516	T	G	4302	2439	37	1	1	25	0.000232396	4303	1	FALSE	NA	NA	NA	NA	NA	NA
NC_045512.2	26517	T	C	4251	2388	37	1	0	37	0.000235183	4252	0.968805	FALSE	NA	NA	NA	NA	NA	NA
NC_045512.2	26518	T	G	4226	2359	37	1	1	25	0.000236574	4227	1	FALSE	NA	NA	NA	NA	NA	NA
NC_045512.2	26519	A	C	4229	2397	37	1	1	29	0.000236407	4230	1	FALSE	NA	NA	NA	NA	NA	NA
NC_045512.2	26520	G	T	4234	2449	37	1	0	37	0.000236072	4236	0.968787	FALSE	NA	NA	NA	NA	NA	NA
NC_045512.2	26520	G	A	4234	2449	37	1	1	37	0.000236072	4236	0.968787	FALSE	NA	NA	NA	NA	NA	NA
NC_045512.2	26521	C	T	4302	2499	37	11	6	39	0.00254984	4314	0.0590752	FALSE	NA	NA	NA	NA	NA	NA
NC_045512.2	26521	C	A	4302	2499	37	1	0	37	0.000231803	4314	0.968605	FALSE	NA	NA	NA	NA	NA	NA
NC_045512.2	26522	C	A	4307	2521	37	1	1	37	0.000232126	4308	0.968804	FALSE	NA	NA	NA	NA	NA	NA
NC_045512.2	26523	A	C	4361	2584	37	2	2	31	0.0004584	4363	0.890759	FALSE	M:cds-YP_009724393.1	ATG	M	CTG	L	1
NC_045512.2	26524	T	G	4442	2656	37	1	1	25	0.000225073	4443	1	FALSE	M:cds-YP_009724393.1	ATG	M	AGG	R	1
NC_045512.2	26525	G	T	4514	2703	38	2	2	37	0.00044287	4516	0.890755	FALSE	M:cds-YP_009724393.1	ATG	M	ATT	I	1
NC_045512.2	26526	G	A	4543	2746	38	10	6	35	0.00219635	4553	0.089682	FALSE	M:cds-YP_009724393.1	GCA	A	ACA	T	2
NC_045512.2	26527	C	T	4585	2769	38	7	3	35	0.00152406	4593	0.274291	FALSE	M:cds-YP_009724393.1	GCA	A	GTA	V	2
NC_045512.2	26527	C	G	4585	2769	38	1	1	25	0.000217723	4593	1	FALSE	M:cds-YP_009724393.1	GCA	A	GGA	G	2
NC_045512.2	26528	A	G	4739	2918	38	2	2	37	0.000421852	4741	0.890749	FALSE	M:cds-YP_009724393.1	GCA	A	GCG	A	2
NC_045512.2	26529	G	-A	4756	2919	38	1	0	20	0.000210261	4756	1	FALSE	NA	NA	NA	NA	NA	NA
NC_045512.2	26531	T	G	4318	2439	37	5	5	29	0.0011566	4323	1	FALSE	M:cds-YP_009724393.1	GAT	D	GAG	E	3
NC_045512.2	26532	T	C	4795	2903	38	2	1	55	0.00041684	4798	0.249974	FALSE	M:cds-YP_009724393.1	TCC	S	CCC	P	4
NC_045512.2	26532	T	A	4795	2903	38	1	1	74	0.00020842	4798	0.499948	FALSE	M:cds-YP_009724393.1	TCC	S	ACC	T	4
NC_045512.2	26533	C	A	4821	2942	38	1	0	37	0.000207383	4822	0.968799	FALSE	M:cds-YP_009724393.1	TCC	S	TAC	Y	4
NC_045512.2	26534	C	T	4802	2922	38	1	0	74	0.00020816	4804	0.5	FALSE	M:cds-YP_009724393.1	TCC	S	TCT	S	4
NC_045512.2	26534	C	A	4802	2922	38	1	1	37	0.00020816	4804	0.968783	FALSE	M:cds-YP_009724393.1	TCC	S	TCA	S	4
NC_045512.2	26535	A	C	4700	2765	38	3	3	33	0.000637891	4703	0.773612	FALSE	M:cds-YP_009724393.1	AAC	N	CAC	H	5
NC_045512.2	26536	A	C	4676	2781	38	2	2	37	0.000427533	4678	0.89075	FALSE	M:cds-YP_009724393.1	AAC	N	ACC	T	5
NC_045512.2	26537	C	T	4919	3048	38	5	1	34	0.00101523	4925	0.5	FALSE	M:cds-YP_009724393.1	AAC	N	AAT	N	5
NC_045512.2	26537	C	A	4919	3048	38	1	1	25	0.000203046	4925	1	FALSE	M:cds-YP_009724393.1	AAC	N	AAA	K	5
NC_045512.2	26538	G	T	4880	3010	38	1	0	25	0.000204876	4881	1	FALSE	M:cds-YP_009724393.1	GGT	G	TGT	C	6
NC_045512.2	26540	T	C	5188	2991	38	1	0	37	0.000192715	5189	0.984407	FALSE	M:cds-YP_009724393.1	GGT	G	GGC	G	6
NC_045512.2	26542	C	T	5349	3074	38	1	0	37	0.000186881	5351	0.984397	FALSE	M:cds-YP_009724393.1	ACT	T	ATT	I	7
NC_045512.2	26542	C	A	5349	3074	38	1	1	25	0.000186881	5351	1	FALSE	M:cds-YP_009724393.1	ACT	T	AAT	N	7
NC_045512.2	26543	T	G	5305	2992	38	1	1	37	0.00018843	5307	0.984397	FALSE	M:cds-YP_009724393.1	ACT	T	ACG	T	7
NC_045512.2	26543	T	C	5305	2992	38	1	0	37	0.00018843	5307	0.984397	FALSE	M:cds-YP_009724393.1	ACT	T	ACC	T	7
NC_045512.2	26544	A	C	5149	2967	37	1	0	25	0.000194175	5150	1	FALSE	M:cds-YP_009724393.1	ATT	I	CTT	L	8
NC_045512.2	26545	T	G	4725	2938	36	5	5	32	0.00105686	4731	0.5	FALSE	M:cds-YP_009724393.1	ATT	I	AGT	S	8
NC_045512.2	26545	T	C	4725	2938	36	1	1	37	0.000211372	4731	0.968717	FALSE	M:cds-YP_009724393.1	ATT	I	ACT	T	8
NC_045512.2	26546	T	G	4673	2856	36	4	4	28	0.000855249	4677	1	FALSE	M:cds-YP_009724393.1	ATT	I	ATG	M	8
NC_045512.2	26547	A	C	4644	2791	36	2	2	25	0.000430478	4646	1	FALSE	M:cds-YP_009724393.1	ACC	T	CCC	P	9
NC_045512.2	26548	C	T	4978	3042	37	1	1	37	0.000200844	4979	0.968797	FALSE	M:cds-YP_009724393.1	ACC	T	ATC	I	9
NC_045512.2	26550	G	A	4618	2572	37	4	2	46	0.000865426	4622	0.0624865	FALSE	M:cds-YP_009724393.1	GTT	V	ATT	I	10
NC_045512.2	26551	T	C	4461	2478	37	2	0	37	0.000448129	4463	0.890756	FALSE	M:cds-YP_009724393.1	GTT	V	GCT	A	10
NC_045512.2	26552	T	C	4523	2490	37	1	1	37	0.000221043	4524	0.968802	FALSE	M:cds-YP_009724393.1	GTT	V	GTC	V	10
NC_045512.2	26553	G	A	4480	2528	37	2	1	37	0.000446229	4482	0.890756	FALSE	M:cds-YP_009724393.1	GAA	E	AAA	K	11
NC_045512.2	26556	G	C	4752	2936	37	1	1	37	0.000210393	4753	0.968799	FALSE	M:cds-YP_009724393.1	GAG	E	CAG	Q	12
NC_045512.2	26557	A	G	4581	2766	37	1	1	37	0.000218245	4582	0.968801	FALSE	M:cds-YP_009724393.1	GAG	E	GGG	G	12
NC_045512.2	26558	G	A	4642	2714	38	3	2	37	0.000645856	4645	0.773614	FALSE	M:cds-YP_009724393.1	GAG	E	GAA	E	12
NC_045512.2	26559	C	T	4590	2673	37	4	2	37	0.000870511	4595	0.636778	FALSE	M:cds-YP_009724393.1	CTT	L	TTT	F	13
NC_045512.2	26559	C	A	4590	2673	37	1	1	37	0.000217628	4595	0.968733	FALSE	M:cds-YP_009724393.1	CTT	L	ATT	I	13
NC_045512.2	26560	T	G	4642	2683	38	1	1	25	0.000215378	4643	1	FALSE	M:cds-YP_009724393.1	CTT	L	CGT	R	13
NC_045512.2	26561	T	-A	4669	2739	38	1	0	20	0.000214179	4669	1	FALSE	NA	NA	NA	NA	NA	NA
NC_045512.2	26563	A	C	4578	2766	37	1	1	25	0.000218388	4579	1	FALSE	M:cds-YP_009724393.1	AAA	K	ACA	T	14
NC_045512.2	26565	A	T	4474	2675	37	1	1	25	0.000223464	4475	1	FALSE	M:cds-YP_009724393.1	AAG	K	TAG	*	15
NC_045512.2	26566	A	G	4553	2793	37	4	1	37	0.00087777	4557	0.636899	FALSE	M:cds-YP_009724393.1	AAG	K	AGG	R	15
NC_045512.2	26567	G	A	4320	2729	37	2	1	37	0.000462749	4322	0.890761	FALSE	M:cds-YP_009724393.1	AAG	K	AAA	K	15
NC_045512.2	26568	C	T	4437	2852	37	2	1	31	0.00045045	4440	0.890704	FALSE	M:cds-YP_009724393.1	CTC	L	TTC	F	16
NC_045512.2	26568	C	G	4437	2852	37	1	1	37	0.000225225	4440	0.968768	FALSE	M:cds-YP_009724393.1	CTC	L	GTC	V	16
NC_045512.2	26569	T	G	4478	2862	37	1	1	25	0.000223164	4481	1	FALSE	M:cds-YP_009724393.1	CTC	L	CGC	R	16
NC_045512.2	26569	T	C	4478	2862	37	2	0	31	0.000446329	4481	0.890703	FALSE	M:cds-YP_009724393.1	CTC	L	CCC	P	16
NC_045512.2	26571	C	A	4421	2828	37	1	0	37	0.000226142	4422	0.968803	FALSE	M:cds-YP_009724393.1	CTT	L	ATT	I	17
NC_045512.2	26577	C	G	0	0	0	4551	2846	37	1	4551	0	TRUE	M:cds-YP_009724393.1	CAA	Q	GAA	E	19
NC_045512.2	26578	A	T	4459	2805	36	1	0	25	0.000224165	4461	1	FALSE	M:cds-YP_009724393.1	CAA	Q	CTA	L	19
NC_045512.2	26578	A	G	4459	2805	36	1	0	25	0.000224165	4461	1	FALSE	M:cds-YP_009724393.1	CAA	Q	CGA	R	19
NC_045512.2	26580	T	G	4504	2834	37	1	0	25	0.000221976	4505	1	FALSE	M:cds-YP_009724393.1	TGG	W	GGG	G	20
NC_045512.2	26581	G	T	4539	2872	37	1	1	37	0.000220264	4540	0.968802	FALSE	M:cds-YP_009724393.1	TGG	W	TTG	L	20
NC_045512.2	26584	A	C	4391	2873	36	2	0	31	0.00045527	4393	0.890758	FALSE	M:cds-YP_009724393.1	AAC	N	ACC	T	21
NC_045512.2	26585	C	A	4513	2904	37	1	0	25	0.000221533	4514	1	FALSE	M:cds-YP_009724393.1	AAC	N	AAA	K	21
NC_045512.2	26586	C	G	4322	2743	37	1	1	37	0.000231321	4323	0.968804	FALSE	M:cds-YP_009724393.1	CTA	L	GTA	V	22
NC_045512.2	26587	T	G	4221	2646	36	2	2	31	0.000473037	4228	0.890486	FALSE	M:cds-YP_009724393.1	CTA	L	CGA	R	22
NC_045512.2	26587	T	C	4221	2646	36	5	3	37	0.00118259	4228	0.499854	FALSE	M:cds-YP_009724393.1	CTA	L	CCA	P	22
NC_045512.2	26588	A	C	4338	2723	37	2	0	25	0.000460829	4340	1	FALSE	M:cds-YP_009724393.1	CTA	L	CTC	L	22
NC_045512.2	26591	A	T	4378	2720	37	1	1	37	0.000228258	4381	0.968768	FALSE	M:cds-YP_009724393.1	GTA	V	GTT	V	23
NC_045512.2	26591	A	C	4378	2720	37	2	1	25	0.000456517	4381	1	FALSE	M:cds-YP_009724393.1	GTA	V	GTC	V	23
NC_045512.2	26593	T	G	4274	2693	36	2	1	31	0.000467727	4276	0.890762	FALSE	M:cds-YP_009724393.1	ATA	I	AGA	R	24
NC_045512.2	26594	A	C	4272	2667	36	1	0	25	0.000234028	4273	1	FALSE	M:cds-YP_009724393.1	ATA	I	ATC	I	24
NC_045512.2	26597	T	C	3852	2232	37	1	1	37	0.000259538	3853	0.937581	FALSE	M:cds-YP_009724393.1	GGT	G	GGC	G	25
NC_045512.2	26599	T	C	4230	2626	38	2	1	37	0.00047259	4232	0.890763	FALSE	M:cds-YP_009724393.1	TTC	F	TCC	S	26
NC_045512.2	26603	A	T	4120	2598	38	1	0	37	0.00024266	4121	0.968807	FALSE	M:cds-YP_009724393.1	CTA	L	CTT	L	27
NC_045512.2	26603	A	+T	4120	2598	38	1	0	20	0.00024266	4121	1	FALSE	NA	NA	NA	NA	NA	NA
NC_045512.2	26604	T	G	3915	2408	37	2	2	25	0.000510595	3917	1	FALSE	M:cds-YP_009724393.1	TTC	F	GTC	V	28
NC_045512.2	26605	T	C	4128	2612	38	1	1	37	0.000242189	4129	0.968807	FALSE	M:cds-YP_009724393.1	TTC	F	TCC	S	28
NC_045512.2	26608	T	C	3942	2488	38	1	1	37	0.000253614	3943	0.937579	FALSE	M:cds-YP_009724393.1	CTT	L	CCT	P	29
NC_045512.2	26609	T	C	3953	2483	38	1	1	37	0.000252908	3954	0.937579	FALSE	M:cds-YP_009724393.1	CTT	L	CTC	L	29
NC_045512.2	26610	A	C	3957	2504	38	1	0	37	0.000252653	3958	0.937579	FALSE	M:cds-YP_009724393.1	ACA	T	CCA	P	30
NC_045512.2	26612	A	C	4026	2618	38	1	0	25	0.000248324	4027	1	FALSE	M:cds-YP_009724393.1	ACA	T	ACC	T	30
NC_045512.2	26613	T	G	3933	2616	37	2	0	37	0.000508259	3935	0.812659	FALSE	M:cds-YP_009724393.1	TGG	W	GGG	G	31
NC_045512.2	26614	G	A	3982	2553	38	1	1	25	0.000251067	3983	1	FALSE	M:cds-YP_009724393.1	TGG	W	TAG	*	31
NC_045512.2	26615	G	T	3957	2598	38	1	1	37	0.000252589	3959	0.937547	FALSE	M:cds-YP_009724393.1	TGG	W	TGT	C	31
NC_045512.2	26615	G	A	3957	2598	38	1	0	37	0.000252589	3959	0.937547	FALSE	M:cds-YP_009724393.1	TGG	W	TGA	*	31
NC_045512.2	26616	A	T	3998	2628	38	1	1	25	0.000250063	3999	1	FALSE	M:cds-YP_009724393.1	ATT	I	TTT	F	32
NC_045512.2	26617	T	C	4009	2648	38	1	0	37	0.000249377	4010	0.968808	FALSE	M:cds-YP_009724393.1	ATT	I	ACT	T	32
NC_045512.2	26619	T	C	4051	2679	38	4	2	37	0.000986436	4055	0.636921	FALSE	M:cds-YP_009724393.1	TGT	C	CGT	R	33
NC_045512.2	26620	G	A	4039	2701	38	2	1	37	0.000494927	4041	0.89077	FALSE	M:cds-YP_009724393.1	TGT	C	TAT	Y	33
NC_045512.2	26621	T	C	4221	2918	38	1	0	37	0.000236798	4223	0.968787	FALSE	M:cds-YP_009724393.1	TGT	C	TGC	C	33
NC_045512.2	26621	T	A	4221	2918	38	1	1	37	0.000236798	4223	0.968787	FALSE	M:cds-YP_009724393.1	TGT	C	TGA	*	33
NC_045512.2	26622	C	T	4228	2935	38	1	1	37	0.000236463	4229	0.968805	FALSE	M:cds-YP_009724393.1	CTT	L	TTT	F	34
NC_045512.2	26624	T	C	3919	2621	39	1	0	48	0.000255102	3920	0.500064	FALSE	M:cds-YP_009724393.1	CTT	L	CTC	L	34
NC_045512.2	26626	T	C	5232	2748	38	3	3	33	0.000573066	5235	0.855625	FALSE	M:cds-YP_009724393.1	CTA	L	CCA	P	35
NC_045512.2	26627	A	G	5204	2777	38	2	2	37	0.000384098	5207	0.937563	FALSE	M:cds-YP_009724393.1	CTA	L	CTG	L	35
NC_045512.2	26627	A	C	5204	2777	38	1	0	25	0.000192049	5207	1	FALSE	M:cds-YP_009724393.1	CTA	L	CTC	L	35
NC_045512.2	26628	C	T	5395	2854	38	1	1	37	0.000185288	5397	0.984397	FALSE	M:cds-YP_009724393.1	CAA	Q	TAA	*	36
NC_045512.2	26628	C	A	5395	2854	38	1	1	37	0.000185288	5397	0.984397	FALSE	M:cds-YP_009724393.1	CAA	Q	AAA	K	36
NC_045512.2	26629	A	C	5183	2667	38	1	0	25	0.000192901	5184	1	FALSE	M:cds-YP_009724393.1	CAA	Q	CCA	P	36
NC_045512.2	26630	A	G	5170	2619	38	1	0	37	0.000193349	5172	0.984398	FALSE	M:cds-YP_009724393.1	CAA	Q	CAG	Q	36
NC_045512.2	26630	A	C	5170	2619	38	1	1	25	0.000193349	5172	1	FALSE	M:cds-YP_009724393.1	CAA	Q	CAC	H	36
NC_045512.2	26631	T	G	5184	2714	38	1	0	25	0.000192827	5186	1	FALSE	M:cds-YP_009724393.1	TTT	F	GTT	V	37
NC_045512.2	26631	T	A	5184	2714	38	1	0	37	0.000192827	5186	0.984398	FALSE	M:cds-YP_009724393.1	TTT	F	ATT	I	37
NC_045512.2	26632	T	C	5188	2654	38	2	0	37	0.000385282	5191	0.937563	FALSE	M:cds-YP_009724393.1	TTT	F	TCT	S	37
NC_045512.2	26632	T	A	5188	2654	38	1	0	37	0.000192641	5191	0.984389	FALSE	M:cds-YP_009724393.1	TTT	F	TAT	Y	37
NC_045512.2	26633	T	C	5252	2696	38	1	1	37	0.000190367	5253	0.984406	FALSE	M:cds-YP_009724393.1	TTT	F	TTC	F	37
NC_045512.2	26634	G	T	5382	2718	38	2	1	31	0.000371333	5386	0.93753	FALSE	M:cds-YP_009724393.1	GCC	A	TCC	S	38
NC_045512.2	26634	G	A	5382	2718	38	2	0	31	0.000371333	5386	0.93753	FALSE	M:cds-YP_009724393.1	GCC	A	ACC	T	38
NC_045512.2	26635	C	T	5664	3113	39	5	3	37	0.000881834	5670	0.623101	FALSE	M:cds-YP_009724393.1	GCC	A	GTC	V	38
NC_045512.2	26635	C	A	5664	3113	39	1	0	37	0.000176367	5670	0.984363	FALSE	M:cds-YP_009724393.1	GCC	A	GAC	D	38
NC_045512.2	26636	C	T	5687	3116	39	2	1	37	0.000351432	5691	0.937529	FALSE	M:cds-YP_009724393.1	GCC	A	GCT	A	38
NC_045512.2	26636	C	A	5687	3116	39	2	2	37	0.000351432	5691	0.937529	FALSE	M:cds-YP_009724393.1	GCC	A	GCA	A	38
NC_045512.2	26637	T	G	5527	2945	39	2	2	31	0.000361533	5532	0.9375	FALSE	M:cds-YP_009724393.1	TAT	Y	GAT	D	39
NC_045512.2	26637	T	C	5527	2945	39	3	2	37	0.000542299	5532	0.855498	FALSE	M:cds-YP_009724393.1	TAT	Y	CAT	H	39
NC_045512.2	26638	A	T	5488	2935	39	2	0	37	0.000364299	5490	0.93759	FALSE	M:cds-YP_009724393.1	TAT	Y	TTT	F	39
NC_045512.2	26640	G	A	5437	3148	37	5	2	44	0.00091878	5442	0.0312356	FALSE	M:cds-YP_009724393.1	GCC	A	ACC	T	40
NC_045512.2	26641	C	T	5461	3192	38	5	5	42	0.000914746	5466	0.0312357	FALSE	M:cds-YP_009724393.1	GCC	A	GTC	V	40
NC_045512.2	26642	C	A	5456	3225	38	2	0	37	0.000366435	5458	0.93759	FALSE	M:cds-YP_009724393.1	GCC	A	GCA	A	40
NC_045512.2	26643	A	C	5305	3154	38	1	0	37	0.000188466	5306	0.984406	FALSE	M:cds-YP_009724393.1	AAC	N	CAC	H	41
NC_045512.2	26644	A	G	5285	3158	38	1	0	37	0.000189179	5286	0.984406	FALSE	M:cds-YP_009724393.1	AAC	N	AGC	S	41
NC_045512.2	26646	A	T	5938	3893	39	1	1	29	0.000168265	5943	1	FALSE	M:cds-YP_009724393.1	AGG	R	TGG	W	42
NC_045512.2	26646	A	G	5938	3893	39	3	3	37	0.000504796	5943	0.855496	FALSE	M:cds-YP_009724393.1	AGG	R	GGG	G	42
NC_045512.2	26646	A	C	5938	3893	39	1	1	25	0.000168265	5943	1	FALSE	M:cds-YP_009724393.1	AGG	R	CGG	R	42
NC_045512.2	26647	G	T	6287	3967	39	1	1	37	0.000159008	6289	0.992201	FALSE	M:cds-YP_009724393.1	AGG	R	ATG	M	42
NC_045512.2	26647	G	A	6287	3967	39	1	0	37	0.000159008	6289	0.992201	FALSE	M:cds-YP_009724393.1	AGG	R	AAG	K	42
NC_045512.2	26650	A	G	6174	4068	37	1	1	37	0.000161838	6179	0.992188	FALSE	M:cds-YP_009724393.1	AAT	N	AGT	S	43
NC_045512.2	26650	A	C	6174	4068	37	4	1	28	0.000647354	6179	1	FALSE	M:cds-YP_009724393.1	AAT	N	ACT	T	43
NC_045512.2	26651	T	G	6252	4080	38	2	1	25	0.000319693	6256	1	FALSE	M:cds-YP_009724393.1	AAT	N	AAG	K	43
NC_045512.2	26651	T	C	6252	4080	38	2	2	37	0.000319693	6256	0.96487	FALSE	M:cds-YP_009724393.1	AAT	N	AAC	N	43
NC_045512.2	26652	A	T	6481	4180	38	1	1	37	0.000154202	6485	0.992192	FALSE	M:cds-YP_009724393.1	AGG	R	TGG	W	44
NC_045512.2	26652	A	G	6481	4180	38	3	3	49	0.000462606	6485	0.124971	FALSE	M:cds-YP_009724393.1	AGG	R	GGG	G	44
NC_045512.2	26653	G	T	6501	4069	38	1	1	37	0.000153799	6502	0.992204	FALSE	M:cds-YP_009724393.1	AGG	R	ATG	M	44
NC_045512.2	26654	G	A	6515	4067	38	1	1	37	0.000153468	6516	0.992204	FALSE	M:cds-YP_009724393.1	AGG	R	AGA	R	44
NC_045512.2	26655	T	G	6179	3925	38	4	0	26	0.000646831	6184	1	FALSE	M:cds-YP_009724393.1	TTT	F	GTT	V	45
NC_045512.2	26655	T	A	6179	3925	38	1	0	25	0.000161708	6184	1	FALSE	M:cds-YP_009724393.1	TTT	F	ATT	I	45
NC_045512.2	26656	T	G	6105	3811	38	1	0	25	0.000163773	6106	1	FALSE	M:cds-YP_009724393.1	TTT	F	TGT	C	45
NC_045512.2	26657	T	G	5875	3554	38	1	0	25	0.000170184	5876	1	FALSE	M:cds-YP_009724393.1	TTT	F	TTG	L	45
NC_045512.2	26658	T	C	5923	3550	38	1	1	37	0.000168805	5924	0.984403	FALSE	M:cds-YP_009724393.1	TTG	L	CTG	L	46
NC_045512.2	26661	T	G	5947	3576	38	1	0	25	0.000168124	5948	1	FALSE	M:cds-YP_009724393.1	TAT	Y	GAT	D	47
NC_045512.2	26662	A	T	5946	3557	38	2	2	36	0.000336191	5949	0.937555	FALSE	M:cds-YP_009724393.1	TAT	Y	TTT	F	47
NC_045512.2	26662	A	C	5946	3557	38	1	0	37	0.000168095	5949	0.984387	FALSE	M:cds-YP_009724393.1	TAT	Y	TCT	S	47
NC_045512.2	26664	A	G	5940	3505	38	1	0	37	0.000168294	5942	0.984395	FALSE	M:cds-YP_009724393.1	ATA	I	GTA	V	48
NC_045512.2	26664	A	C	5940	3505	38	1	1	25	0.000168294	5942	1	FALSE	M:cds-YP_009724393.1	ATA	I	CTA	L	48
NC_045512.2	26666	A	G	5940	3439	38	1	1	37	0.000168322	5941	0.984403	FALSE	M:cds-YP_009724393.1	ATA	I	ATG	M	48
NC_045512.2	26669	T	G	5789	3341	37	1	1	25	0.000172652	5792	1	FALSE	M:cds-YP_009724393.1	ATT	I	ATG	M	49
NC_045512.2	26669	T	C	5789	3341	37	2	1	43	0.000345304	5792	0.249978	FALSE	M:cds-YP_009724393.1	ATT	I	ATC	I	49
NC_045512.2	26670	A	G	5671	3177	38	1	1	37	0.000176305	5672	0.984404	FALSE	M:cds-YP_009724393.1	AAG	K	GAG	E	50
NC_045512.2	26671	A	G	5929	3457	38	1	0	37	0.000168634	5930	0.984403	FALSE	M:cds-YP_009724393.1	AAG	K	AGG	R	50
NC_045512.2	26672	G	T	5748	3304	37	2	2	37	0.000347826	5750	0.937586	FALSE	M:cds-YP_009724393.1	AAG	K	AAT	N	50
NC_045512.2	26673	T	G	5812	3375	38	1	1	25	0.000171999	5814	1	FALSE	M:cds-YP_009724393.1	TTA	L	GTA	V	51
NC_045512.2	26673	T	C	5812	3375	38	1	0	37	0.000171999	5814	0.984395	FALSE	M:cds-YP_009724393.1	TTA	L	CTA	L	51
NC_045512.2	26674	T	G	5798	3343	38	1	1	29	0.000172414	5800	1	FALSE	M:cds-YP_009724393.1	TTA	L	TGA	*	51
NC_045512.2	26674	T	C	5798	3343	38	1	0	37	0.000172414	5800	0.984395	FALSE	M:cds-YP_009724393.1	TTA	L	TCA	S	51
NC_045512.2	26676	A	T	5801	3307	38	1	1	37	0.000172295	5804	0.984387	FALSE	M:cds-YP_009724393.1	ATT	I	TTT	F	52
NC_045512.2	26676	A	C	5801	3307	38	2	2	25	0.00034459	5804	1	FALSE	M:cds-YP_009724393.1	ATT	I	CTT	L	52
NC_045512.2	26676	A	-T	5801	3307	38	2	0	20	0.00034459	5804	1	FALSE	NA	NA	NA	NA	NA	NA
NC_045512.2	26678	T	G	5806	3370	37	2	2	31	0.000344353	5808	0.937585	FALSE	M:cds-YP_009724393.1	ATT	I	ATG	M	52
NC_045512.2	26681	C	T	5922	3463	37	1	1	37	0.000168833	5923	0.984403	FALSE	M:cds-YP_009724393.1	TTC	F	TTT	F	53
NC_045512.2	26682	C	T	5942	3559	38	1	0	37	0.000168237	5944	0.984395	FALSE	M:cds-YP_009724393.1	CTC	L	TTC	F	54
NC_045512.2	26682	C	A	5942	3559	38	1	0	25	0.000168237	5944	1	FALSE	M:cds-YP_009724393.1	CTC	L	ATC	I	54
NC_045512.2	26683	T	C	5848	3415	38	1	0	37	0.000170911	5851	0.984387	FALSE	M:cds-YP_009724393.1	CTC	L	CCC	P	54
NC_045512.2	26683	T	A	5848	3415	38	2	2	25	0.000341822	5851	1	FALSE	M:cds-YP_009724393.1	CTC	L	CAC	H	54
NC_045512.2	26685	T	G	5536	3098	37	4	4	26	0.000722022	5540	1	FALSE	M:cds-YP_009724393.1	TGG	W	GGG	G	55
NC_045512.2	26686	G	T	5864	3420	38	1	1	25	0.000170503	5865	1	FALSE	M:cds-YP_009724393.1	TGG	W	TTG	L	55
NC_045512.2	26687	G	A	5905	3513	38	4	0	37	0.000676933	5909	0.74626	FALSE	M:cds-YP_009724393.1	TGG	W	TGA	*	55
NC_045512.2	26688	C	T	5918	3528	38	8	6	41	0.00134998	5926	0.00389966	TRUE	M:cds-YP_009724393.1	CTG	L	TTG	L	56
NC_045512.2	26689	T	C	5875	3481	38	1	0	37	0.000170184	5876	0.984403	FALSE	M:cds-YP_009724393.1	CTG	L	CCG	P	56
NC_045512.2	26690	G	A	6267	3549	38	1	1	37	0.000159541	6268	0.992205	FALSE	M:cds-YP_009724393.1	CTG	L	CTA	L	56
NC_045512.2	26691	T	G	5956	3510	37	2	0	31	0.00033557	5960	0.937528	FALSE	M:cds-YP_009724393.1	TTA	L	GTA	V	57
NC_045512.2	26691	T	C	5956	3510	37	2	2	37	0.00033557	5960	0.937528	FALSE	M:cds-YP_009724393.1	TTA	L	CTA	L	57
NC_045512.2	26692	T	G	5944	3467	37	1	0	20	0.000168209	5945	1	FALSE	M:cds-YP_009724393.1	TTA	L	TGA	*	57
NC_045512.2	26693	A	C	5661	3456	36	3	0	29	0.000529661	5664	1	FALSE	M:cds-YP_009724393.1	TTA	L	TTC	F	57
NC_045512.2	26694	T	C	6070	3374	37	1	1	37	0.000164718	6071	0.992206	FALSE	M:cds-YP_009724393.1	TGG	W	CGG	R	58
NC_045512.2	26695	G	T	6205	3497	38	2	1	31	0.000322217	6207	0.964905	FALSE	M:cds-YP_009724393.1	TGG	W	TTG	L	58
NC_045512.2	26696	G	C	6190	3465	38	1	0	37	0.000161447	6194	0.992192	FALSE	M:cds-YP_009724393.1	TGG	W	TGC	C	58
NC_045512.2	26696	G	A	6190	3465	38	3	1	33	0.00048434	6194	0.910236	FALSE	M:cds-YP_009724393.1	TGG	W	TGA	*	58
NC_045512.2	26696	G	-C	6190	3465	38	1	0	20	0.000161447	6194	1	FALSE	NA	NA	NA	NA	NA	NA
NC_045512.2	26697	C	T	6213	3492	38	3	1	37	0.000482625	6216	0.910235	FALSE	M:cds-YP_009724393.1	CCA	P	TCA	S	59
NC_045512.2	26698	C	A	6205	3485	38	2	1	31	0.000322217	6207	0.964905	FALSE	M:cds-YP_009724393.1	CCA	P	CAA	Q	59
NC_045512.2	26699	A	G	5746	3076	38	1	0	37	0.000173943	5749	0.984387	FALSE	M:cds-YP_009724393.1	CCA	P	CCG	P	59
NC_045512.2	26699	A	C	5746	3076	38	2	0	33	0.000347887	5749	0.937557	FALSE	M:cds-YP_009724393.1	CCA	P	CCC	P	59
NC_045512.2	26700	G	A	5843	3051	38	2	1	37	0.000342173	5845	0.937584	FALSE	M:cds-YP_009724393.1	GTA	V	ATA	I	60
NC_045512.2	26703	A	C	5781	3007	38	1	0	25	0.000172951	5782	1	FALSE	M:cds-YP_009724393.1	ACT	T	CCT	P	61
NC_045512.2	26704	C	A	5788	3020	38	1	1	25	0.000172741	5789	1	FALSE	M:cds-YP_009724393.1	ACT	T	AAT	N	61
NC_045512.2	26705	T	G	5679	2866	38	2	1	37	0.000351927	5683	0.937529	FALSE	M:cds-YP_009724393.1	ACT	T	ACG	T	61
NC_045512.2	26705	T	C	5679	2866	38	2	0	37	0.000351927	5683	0.937529	FALSE	M:cds-YP_009724393.1	ACT	T	ACC	T	61
NC_045512.2	26706	T	G	5693	2932	38	1	0	25	0.000175562	5696	1	FALSE	M:cds-YP_009724393.1	TTA	L	GTA	V	62
NC_045512.2	26706	T	C	5693	2932	38	1	1	62	0.000175562	5696	0.499956	FALSE	M:cds-YP_009724393.1	TTA	L	CTA	L	62
NC_045512.2	26706	T	A	5693	2932	38	1	0	37	0.000175562	5696	0.984387	FALSE	M:cds-YP_009724393.1	TTA	L	ATA	I	62
NC_045512.2	26708	A	C	5732	2982	38	1	0	25	0.000174429	5733	1	FALSE	M:cds-YP_009724393.1	TTA	L	TTC	F	62
NC_045512.2	26709	G	A	1	1	25	5655	2953	38	0.999823	5656	0	TRUE	M:cds-YP_009724393.1	GCT	A	ACT	T	63
NC_045512.2	26711	T	G	5560	2934	38	1	0	37	0.000179791	5562	0.984396	FALSE	M:cds-YP_009724393.1	GCT	A	GCG	A	63
NC_045512.2	26711	T	C	5560	2934	38	1	0	37	0.000179791	5562	0.984396	FALSE	M:cds-YP_009724393.1	GCT	A	GCC	A	63
NC_045512.2	26712	T	G	5448	2828	38	1	0	25	0.000183486	5450	1	FALSE	M:cds-YP_009724393.1	TGT	C	GGT	G	64
NC_045512.2	26712	T	C	5448	2828	38	1	0	37	0.000183486	5450	0.984397	FALSE	M:cds-YP_009724393.1	TGT	C	CGT	R	64
NC_045512.2	26714	T	G	5427	2669	37	2	0	31	0.000368324	5430	0.93756	FALSE	M:cds-YP_009724393.1	TGT	C	TGG	W	64
NC_045512.2	26714	T	A	5427	2669	37	1	0	37	0.000184162	5430	0.984388	FALSE	M:cds-YP_009724393.1	TGT	C	TGA	*	64
NC_045512.2	26715	T	G	5340	2676	37	1	0	25	0.000187196	5342	1	FALSE	M:cds-YP_009724393.1	TTT	F	GTT	V	65
NC_045512.2	26715	T	C	5340	2676	37	1	1	37	0.000187196	5342	0.984397	FALSE	M:cds-YP_009724393.1	TTT	F	CTT	L	65
NC_045512.2	26716	T	C	5213	2879	38	2	0	37	0.000383509	5215	0.937594	FALSE	M:cds-YP_009724393.1	TTT	F	TCT	S	65
NC_045512.2	26719	T	C	5161	2749	38	1	0	37	0.000193723	5162	0.984407	FALSE	M:cds-YP_009724393.1	GTG	V	GCG	A	66
NC_045512.2	26720	G	A	5145	2743	38	3	3	37	0.000582751	5148	0.855628	FALSE	M:cds-YP_009724393.1	GTG	V	GTA	V	66
NC_045512.2	26721	C	T	4902	2831	37	7	6	37	0.00142595	4909	0.274414	FALSE	M:cds-YP_009724393.1	CTT	L	TTT	F	67
NC_045512.2	26721	C	-T	4902	2831	37	1	0	20	0.000203707	4909	1	FALSE	NA	NA	NA	NA	NA	NA
NC_045512.2	26722	T	G	4461	2362	37	1	1	25	0.000224014	4464	1	FALSE	M:cds-YP_009724393.1	CTT	L	CGT	R	67
NC_045512.2	26722	T	C	4461	2362	37	2	0	31	0.000448029	4464	0.890651	FALSE	M:cds-YP_009724393.1	CTT	L	CCT	P	67
NC_045512.2	26723	T	C	4476	2374	37	1	1	37	0.000223364	4477	0.968802	FALSE	M:cds-YP_009724393.1	CTT	L	CTC	L	67
NC_045512.2	26724	G	A	4512	2419	37	2	2	37	0.000443066	4514	0.890755	FALSE	M:cds-YP_009724393.1	GCT	A	ACT	T	68
NC_045512.2	26725	C	T	4506	2423	37	2	0	37	0.000443459	4510	0.890651	FALSE	M:cds-YP_009724393.1	GCT	A	GTT	V	68
NC_045512.2	26725	C	G	4506	2423	37	1	1	37	0.000221729	4510	0.96875	FALSE	M:cds-YP_009724393.1	GCT	A	GGT	G	68
NC_045512.2	26725	C	A	4506	2423	37	1	0	29	0.000221729	4510	1	FALSE	M:cds-YP_009724393.1	GCT	A	GAT	D	68
NC_045512.2	26726	T	C	4554	2445	37	2	1	37	0.000438982	4556	0.890754	FALSE	M:cds-YP_009724393.1	GCT	A	GCC	A	68
NC_045512.2	26727	G	T	2772	543	38	1	0	37	0.00036036	2775	0.875	FALSE	M:cds-YP_009724393.1	GCT	A	TCT	S	69
NC_045512.2	26727	G	A	2772	543	38	2	0	37	0.000720721	2775	0.687568	FALSE	M:cds-YP_009724393.1	GCT	A	ACT	T	69
NC_045512.2	26728	C	T	2702	555	38	4	2	46	0.0014782	2706	0.0624769	FALSE	M:cds-YP_009724393.1	GCT	A	GTT	V	69
NC_045512.2	26732	T	C	2617	570	37	1	0	37	0.000381971	2618	0.875143	FALSE	M:cds-YP_009724393.1	GTT	V	GTC	V	70
NC_045512.2	26733	T	G	2685	584	37	1	1	37	0.000372301	2686	0.87514	FALSE	M:cds-YP_009724393.1	TAC	Y	GAC	D	71
NC_045512.2	26735	C	T	2660	661	37	1	0	37	0.000375799	2661	0.875141	FALSE	M:cds-YP_009724393.1	TAC	Y	TAT	Y	71
NC_045512.2	26736	A	G	2744	767	38	1	0	37	0.000364299	2745	0.875137	FALSE	M:cds-YP_009724393.1	AGA	R	GGA	G	72
NC_045512.2	26739	A	G	2778	758	37	1	0	37	0.000359324	2783	0.874865	FALSE	M:cds-YP_009724393.1	ATA	I	GTA	V	73
NC_045512.2	26739	A	C	2778	758	37	4	0	28	0.0014373	2783	0.999998	FALSE	M:cds-YP_009724393.1	ATA	I	CTA	L	73
NC_045512.2	26742	A	C	2791	729	37	1	1	25	0.000358166	2792	1	FALSE	M:cds-YP_009724393.1	AAT	N	CAT	H	74
NC_045512.2	26743	A	C	2804	737	37	1	0	25	0.000356506	2805	1	FALSE	M:cds-YP_009724393.1	AAT	N	ACT	T	74
NC_045512.2	26747	G	-A	2785	800	38	1	0	20	0.000359066	2785	1	FALSE	NA	NA	NA	NA	NA	NA
NC_045512.2	26748	A	C	2606	785	37	2	2	25	0.000766871	2608	1	FALSE	M:cds-YP_009724393.1	ATC	I	CTC	L	76
NC_045512.2	26749	T	C	2637	943	37	1	1	37	0.000379075	2638	0.875142	FALSE	M:cds-YP_009724393.1	ATC	I	ACC	T	76
NC_045512.2	26751	A	C	2641	932	38	2	2	25	0.000756716	2643	1	FALSE	M:cds-YP_009724393.1	ACC	T	CCC	P	77
NC_045512.2	26753	C	A	2754	1048	38	2	1	31	0.000725689	2756	0.687704	FALSE	M:cds-YP_009724393.1	ACC	T	ACA	T	77
NC_045512.2	26754	G	A	2720	1043	38	2	0	31	0.000734754	2722	0.687707	FALSE	M:cds-YP_009724393.1	GGT	G	AGT	S	78
NC_045512.2	26755	G	A	2753	1033	38	2	0	37	0.000725953	2755	0.687704	FALSE	M:cds-YP_009724393.1	GGT	G	GAT	D	78
NC_045512.2	26761	T	G	2636	958	37	3	3	25	0.00113679	2639	0.999999	FALSE	M:cds-YP_009724393.1	ATT	I	AGT	S	80
NC_045512.2	26763	G	A	2748	1083	38	3	1	37	0.00109051	2751	0.50017	FALSE	M:cds-YP_009724393.1	GCT	A	ACT	T	81
NC_045512.2	26764	C	T	2747	1085	38	1	0	37	0.000363901	2748	0.875136	FALSE	M:cds-YP_009724393.1	GCT	A	GTT	V	81
NC_045512.2	26765	T	C	2706	1040	38	2	0	31	0.000738552	2708	0.687708	FALSE	M:cds-YP_009724393.1	GCT	A	GCC	A	81
NC_045512.2	26766	A	T	2678	1024	38	1	1	25	0.000373134	2680	1	FALSE	M:cds-YP_009724393.1	ATC	I	TTC	F	82
NC_045512.2	26766	A	C	2678	1024	38	1	1	25	0.000373134	2680	1	FALSE	M:cds-YP_009724393.1	ATC	I	CTC	L	82
NC_045512.2	26767	T	C	2710	1044	38	1	1	37	0.000368868	2711	0.875138	FALSE	M:cds-YP_009724393.1	ATC	I	ACC	T	82
NC_045512.2	26768	C	T	2759	1094	38	1	0	37	0.000362319	2760	0.875136	FALSE	M:cds-YP_009724393.1	ATC	I	ATT	I	82
NC_045512.2	26769	G	A	2743	1076	38	1	0	37	0.000364431	2744	0.875137	FALSE	M:cds-YP_009724393.1	GCA	A	ACA	T	83
NC_045512.2	26771	A	T	2757	1085	38	1	1	25	0.000362582	2758	1	FALSE	M:cds-YP_009724393.1	GCA	A	GCT	A	83
NC_045512.2	26773	T	G	2710	1056	38	2	2	31	0.000737463	2712	0.687707	FALSE	M:cds-YP_009724393.1	ATG	M	AGG	R	84
NC_045512.2	26774	G	T	3039	1100	38	1	0	37	0.000328947	3040	0.937603	FALSE	M:cds-YP_009724393.1	ATG	M	ATT	I	84
NC_045512.2	26775	G	A	3054	1133	38	2	1	37	0.00065445	3056	0.812705	FALSE	M:cds-YP_009724393.1	GCT	A	ACT	T	85
NC_045512.2	26776	C	T	2923	1065	37	1	0	37	0.000341997	2924	0.875128	FALSE	M:cds-YP_009724393.1	GCT	A	GTT	V	85
NC_045512.2	26782	T	G	3176	1166	38	1	1	25	0.000314663	3178	1	FALSE	M:cds-YP_009724393.1	CTT	L	CGT	R	87
NC_045512.2	26782	T	A	3176	1166	38	1	1	37	0.000314663	3178	0.937559	FALSE	M:cds-YP_009724393.1	CTT	L	CAT	H	87
NC_045512.2	26783	T	G	3131	1077	38	1	1	29	0.000319183	3133	1	FALSE	M:cds-YP_009724393.1	CTT	L	CTG	L	87
NC_045512.2	26783	T	C	3131	1077	38	1	1	37	0.000319183	3133	0.93756	FALSE	M:cds-YP_009724393.1	CTT	L	CTC	L	87
NC_045512.2	26784	G	A	3180	1123	38	1	0	37	0.000314367	3181	0.937598	FALSE	M:cds-YP_009724393.1	GTA	V	ATA	I	88
NC_045512.2	26785	T	G	3123	1108	38	1	1	29	0.00032	3125	1	FALSE	M:cds-YP_009724393.1	GTA	V	GGA	G	88
NC_045512.2	26785	T	C	3123	1108	38	1	0	37	0.00032	3125	0.93756	FALSE	M:cds-YP_009724393.1	GTA	V	GCA	A	88
NC_045512.2	26786	A	G	3145	1134	38	3	1	37	0.000952986	3148	0.656473	FALSE	M:cds-YP_009724393.1	GTA	V	GTG	V	88
NC_045512.2	26788	G	T	3220	1084	38	1	0	37	0.00031027	3223	0.937519	FALSE	M:cds-YP_009724393.1	GGC	G	GTC	V	89
NC_045512.2	26788	G	A	3220	1084	38	2	0	49	0.00062054	3223	0.249961	FALSE	M:cds-YP_009724393.1	GGC	G	GAC	D	89
NC_045512.2	26790	T	G	3132	1074	38	2	0	25	0.000638162	3134	1	FALSE	M:cds-YP_009724393.1	TTG	L	GTG	V	90
NC_045512.2	26791	T	G	2891	1102	38	1	1	37	0.000345781	2892	0.87513	FALSE	M:cds-YP_009724393.1	TTG	L	TGG	W	90
NC_045512.2	26792	G	A	2958	1150	38	1	0	74	0.000337952	2959	0.500085	FALSE	M:cds-YP_009724393.1	TTG	L	TTA	L	90
NC_045512.2	26796	T	C	2937	1144	38	1	0	37	0.000340368	2938	0.875128	FALSE	M:cds-YP_009724393.1	TGG	W	CGG	R	92
NC_045512.2	26798	G	A	2961	1169	38	1	0	37	0.00033761	2962	0.875127	FALSE	M:cds-YP_009724393.1	TGG	W	TGA	*	92
NC_045512.2	26800	T	C	2956	1184	38	1	0	37	0.000338066	2958	0.875063	FALSE	M:cds-YP_009724393.1	CTC	L	CCC	P	93
NC_045512.2	26800	T	A	2956	1184	38	1	0	37	0.000338066	2958	0.875063	FALSE	M:cds-YP_009724393.1	CTC	L	CAC	H	93
NC_045512.2	26802	A	G	3079	1306	38	3	1	37	0.000973394	3082	0.656478	FALSE	M:cds-YP_009724393.1	AGC	S	GGC	G	94
NC_045512.2	26803	G	A	3078	1296	38	3	2	37	0.00097371	3081	0.656478	FALSE	M:cds-YP_009724393.1	AGC	S	AAC	N	94
NC_045512.2	26804	C	A	3003	1332	38	1	1	37	0.000332889	3004	0.937604	FALSE	M:cds-YP_009724393.1	AGC	S	AGA	R	94
NC_045512.2	26805	T	G	2946	1289	38	1	1	25	0.000339328	2947	1	FALSE	M:cds-YP_009724393.1	TAC	Y	GAC	D	95
NC_045512.2	26808	T	G	3068	1498	37	1	0	37	0.000325733	3070	0.937561	FALSE	M:cds-YP_009724393.1	TTC	F	GTC	V	96
NC_045512.2	26808	T	A	3068	1498	37	1	0	37	0.000325733	3070	0.937561	FALSE	M:cds-YP_009724393.1	TTC	F	ATC	I	96
NC_045512.2	26809	T	C	3228	1618	38	1	1	37	0.000309598	3230	0.937558	FALSE	M:cds-YP_009724393.1	TTC	F	TCC	S	96
NC_045512.2	26809	T	A	3228	1618	38	1	0	29	0.000309598	3230	1	FALSE	M:cds-YP_009724393.1	TTC	F	TAC	Y	96
NC_045512.2	26811	A	C	3220	1633	38	1	0	25	0.000310463	3221	1	FALSE	M:cds-YP_009724393.1	ATT	I	CTT	L	97
NC_045512.2	26812	T	G	3407	1898	39	2	2	25	0.000586682	3409	1	FALSE	M:cds-YP_009724393.1	ATT	I	AGT	S	97
NC_045512.2	26814	G	A	3491	2064	38	10	3	35	0.00285633	3501	0.0460428	FALSE	M:cds-YP_009724393.1	GCT	A	ACT	T	98
NC_045512.2	26815	C	T	3475	2047	38	1	1	37	0.000287687	3476	0.93759	FALSE	M:cds-YP_009724393.1	GCT	A	GTT	V	98
NC_045512.2	26818	C	T	3600	2105	39	1	0	37	0.000277701	3601	0.937587	FALSE	M:cds-YP_009724393.1	TCT	S	TTT	F	99
NC_045512.2	26819	T	G	3598	2079	39	1	1	25	0.000277778	3600	1	FALSE	M:cds-YP_009724393.1	TCT	S	TCG	S	99
NC_045512.2	26819	T	C	3598	2079	39	1	1	37	0.000277778	3600	0.937552	FALSE	M:cds-YP_009724393.1	TCT	S	TCC	S	99
NC_045512.2	26821	T	C	3562	2052	39	1	1	37	0.000280662	3563	0.937588	FALSE	M:cds-YP_009724393.1	TTC	F	TCC	S	100
NC_045512.2	26822	C	T	3616	2122	39	1	1	25	0.000276472	3617	1	FALSE	M:cds-YP_009724393.1	TTC	F	TTT	F	100
NC_045512.2	26823	A	G	3484	2010	38	2	2	31	0.000573723	3486	0.812679	FALSE	M:cds-YP_009724393.1	AGA	R	GGA	G	101
NC_045512.2	26825	A	T	3555	2080	38	1	0	25	0.000281136	3557	1	FALSE	M:cds-YP_009724393.1	AGA	R	AGT	S	101
NC_045512.2	26825	A	G	3555	2080	38	1	1	25	0.000281136	3557	1	FALSE	M:cds-YP_009724393.1	AGA	R	AGG	R	101
NC_045512.2	26827	T	C	3542	2086	38	1	0	37	0.000282247	3543	0.937588	FALSE	M:cds-YP_009724393.1	CTG	L	CCG	P	102
NC_045512.2	26828	G	A	3592	2121	38	2	1	37	0.000556483	3594	0.812674	FALSE	M:cds-YP_009724393.1	CTG	L	CTA	L	102
NC_045512.2	26829	T	G	3456	2067	38	1	0	25	0.000289184	3458	1	FALSE	M:cds-YP_009724393.1	TTT	F	GTT	V	103
NC_045512.2	26829	T	C	3456	2067	38	1	1	37	0.000289184	3458	0.937554	FALSE	M:cds-YP_009724393.1	TTT	F	CTT	L	103
NC_045512.2	26831	T	G	3454	2007	38	1	1	37	0.000289268	3457	0.937518	FALSE	M:cds-YP_009724393.1	TTT	F	TTG	L	103
NC_045512.2	26831	T	C	3454	2007	38	2	1	37	0.000578536	3457	0.81259	FALSE	M:cds-YP_009724393.1	TTT	F	TTC	F	103
NC_045512.2	26832	G	T	3588	2131	38	1	1	37	0.000278474	3591	0.937517	FALSE	M:cds-YP_009724393.1	GCG	A	TCG	S	104
NC_045512.2	26832	G	A	3588	2131	38	2	2	37	0.000556948	3591	0.812587	FALSE	M:cds-YP_009724393.1	GCG	A	ACG	T	104
NC_045512.2	26833	C	T	3527	2115	38	10	4	37	0.00282725	3537	0.0460438	FALSE	M:cds-YP_009724393.1	GCG	A	GTG	V	104
NC_045512.2	26835	C	G	3475	2034	38	1	1	25	0.000287687	3476	1	FALSE	M:cds-YP_009724393.1	CGT	R	GGT	G	105
NC_045512.2	26836	G	A	3461	2022	38	2	1	37	0.000577534	3463	0.812681	FALSE	M:cds-YP_009724393.1	CGT	R	CAT	H	105
NC_045512.2	26837	T	C	3247	1834	38	2	1	37	0.000615574	3249	0.812692	FALSE	M:cds-YP_009724393.1	CGT	R	CGC	R	105
NC_045512.2	26839	C	T	3281	1970	38	4	2	43	0.00121766	3285	0.062481	FALSE	M:cds-YP_009724393.1	ACG	T	ATG	M	106
NC_045512.2	26840	G	A	3246	1952	38	1	0	25	0.000307977	3247	1	FALSE	M:cds-YP_009724393.1	ACG	T	ACA	T	106
NC_045512.2	26841	C	T	3300	1959	38	2	0	37	0.000605694	3302	0.812689	FALSE	M:cds-YP_009724393.1	CGT	R	TGT	C	107
NC_045512.2	26843	T	G	3128	1831	36	4	4	25	0.00127714	3132	1	FALSE	M:cds-YP_009724393.1	CGT	R	CGG	R	107
NC_045512.2	26844	T	G	3319	1984	37	2	1	25	0.000602047	3322	1	FALSE	M:cds-YP_009724393.1	TCC	S	GCC	A	108
NC_045512.2	26844	T	C	3319	1984	37	1	1	37	0.000301023	3322	0.937519	FALSE	M:cds-YP_009724393.1	TCC	S	CCC	P	108
NC_045512.2	26847	A	G	3347	1971	37	1	0	37	0.000298686	3348	0.937593	FALSE	M:cds-YP_009724393.1	ATG	M	GTG	V	109
NC_045512.2	26849	G	A	3342	1956	38	1	1	37	0.000299133	3343	0.937593	FALSE	M:cds-YP_009724393.1	ATG	M	ATA	I	109
NC_045512.2	26850	T	C	3205	1820	38	1	1	37	0.000311915	3206	0.937597	FALSE	M:cds-YP_009724393.1	TGG	W	CGG	R	110
NC_045512.2	26851	G	T	3194	1818	38	1	0	37	0.000312891	3196	0.937559	FALSE	M:cds-YP_009724393.1	TGG	W	TTG	L	110
NC_045512.2	26851	G	A	3194	1818	38	1	1	37	0.000312891	3196	0.937559	FALSE	M:cds-YP_009724393.1	TGG	W	TAG	*	110
NC_045512.2	26852	G	T	3224	1872	38	1	1	37	0.000309981	3226	0.937558	FALSE	M:cds-YP_009724393.1	TGG	W	TGT	C	110
NC_045512.2	26852	G	A	3224	1872	38	1	1	37	0.000309981	3226	0.937558	FALSE	M:cds-YP_009724393.1	TGG	W	TGA	*	110
NC_045512.2	26855	A	T	3286	2016	39	1	0	37	0.000304136	3288	0.937557	FALSE	M:cds-YP_009724393.1	TCA	S	TCT	S	111
NC_045512.2	26855	A	C	3286	2016	39	1	0	25	0.000304136	3288	1	FALSE	M:cds-YP_009724393.1	TCA	S	TCC	S	111
NC_045512.2	26857	T	C	3239	2042	38	1	0	37	0.000308642	3240	0.937596	FALSE	M:cds-YP_009724393.1	TTC	F	TCC	S	112
NC_045512.2	26858	C	T	0	0	0	3305	2079	39	0.999698	3306	0	TRUE	M:cds-YP_009724393.1	TTC	F	TTT	F	112
NC_045512.2	26858	C	A	0	0	0	1	0	37	0.00030248	3306	0.00120992	TRUE	M:cds-YP_009724393.1	TTC	F	TTA	L	112
NC_045512.2	26859	A	G	3320	2096	39	1	1	37	0.000301023	3322	0.937556	FALSE	M:cds-YP_009724393.1	AAT	N	GAT	D	113
NC_045512.2	26859	A	C	3320	2096	39	1	0	22	0.000301023	3322	1	FALSE	M:cds-YP_009724393.1	AAT	N	CAT	H	113
NC_045512.2	26860	A	G	3283	2063	39	1	0	37	0.000304507	3284	0.937595	FALSE	M:cds-YP_009724393.1	AAT	N	AGT	S	113
NC_045512.2	26861	T	C	3269	2054	39	1	1	37	0.00030581	3270	0.937596	FALSE	M:cds-YP_009724393.1	AAT	N	AAC	N	113
NC_045512.2	26862	C	T	3316	2102	39	1	1	37	0.000301477	3317	0.937594	FALSE	M:cds-YP_009724393.1	CCA	P	TCA	S	114
NC_045512.2	26865	G	-A	3286	2100	39	1	0	20	0.000304321	3286	1	FALSE	NA	NA	NA	NA	NA	NA
NC_045512.2	26866	A	G	3281	2096	39	1	0	37	0.000304692	3282	0.937557	FALSE	M:cds-YP_009724393.1	GAA	E	GGA	G	115
NC_045512.2	26867	A	T	3156	2023	39	1	1	25	0.000316656	3158	1	FALSE	M:cds-YP_009724393.1	GAA	E	GAT	D	115
NC_045512.2	26867	A	C	3156	2023	39	1	1	25	0.000316656	3158	1	FALSE	M:cds-YP_009724393.1	GAA	E	GAC	D	115
NC_045512.2	26868	A	C	3220	2062	38	1	1	25	0.000310463	3221	1	FALSE	M:cds-YP_009724393.1	ACT	T	CCT	P	116
NC_045512.2	26870	T	C	3288	2110	39	1	1	37	0.000304044	3289	0.937595	FALSE	M:cds-YP_009724393.1	ACT	T	ACC	T	116
NC_045512.2	26871	A	G	3295	2128	39	1	1	37	0.000303306	3297	0.937557	FALSE	M:cds-YP_009724393.1	AAC	N	GAC	D	117
NC_045512.2	26871	A	C	3295	2128	39	1	0	25	0.000303306	3297	1	FALSE	M:cds-YP_009724393.1	AAC	N	CAC	H	117
NC_045512.2	26872	A	C	3231	2064	39	3	3	30	0.000927644	3234	0.656468	FALSE	M:cds-YP_009724393.1	AAC	N	ACC	T	117
NC_045512.2	26874	A	C	3324	2194	39	1	1	25	0.000300752	3325	1	FALSE	M:cds-YP_009724393.1	ATT	I	CTT	L	118
NC_045512.2	26875	T	A	3033	2132	37	1	0	37	0.000329598	3034	0.937603	FALSE	M:cds-YP_009724393.1	ATT	I	AAT	N	118
NC_045512.2	26878	T	G	3036	2094	38	1	1	25	0.000329272	3037	1	FALSE	M:cds-YP_009724393.1	CTT	L	CGT	R	119
NC_045512.2	26879	T	C	3097	2183	39	1	1	37	0.000322789	3098	0.937601	FALSE	M:cds-YP_009724393.1	CTT	L	CTC	L	119
NC_045512.2	26882	C	A	3057	2312	39	1	1	37	0.000327011	3058	0.937602	FALSE	M:cds-YP_009724393.1	CTC	L	CTA	L	120
NC_045512.2	26883	A	C	2896	2163	38	3	2	29	0.00103484	2899	1	FALSE	M:cds-YP_009724393.1	AAC	N	CAC	H	121
NC_045512.2	26884	A	C	2849	2157	37	2	2	25	0.000701508	2851	1	FALSE	M:cds-YP_009724393.1	AAC	N	ACC	T	121
NC_045512.2	26886	G	T	3088	2386	38	2	0	55	0.000646831	3092	0.249879	FALSE	M:cds-YP_009724393.1	GTG	V	TTG	L	122
NC_045512.2	26886	G	C	3088	2386	38	2	0	37	0.000646831	3092	0.8125	FALSE	M:cds-YP_009724393.1	GTG	V	CTG	L	122
NC_045512.2	26888	G	A	3061	2448	38	2	1	37	0.000652955	3063	0.812704	FALSE	M:cds-YP_009724393.1	GTG	V	GTA	V	122
NC_045512.2	26889	C	T	3109	2515	39	4	4	37	0.00128493	3113	0.500176	FALSE	M:cds-YP_009724393.1	CCA	P	TCA	S	123
NC_045512.2	26890	C	A	3123	2523	39	1	0	25	0.000320102	3124	1	FALSE	M:cds-YP_009724393.1	CCA	P	CAA	Q	123
NC_045512.2	26891	A	G	3051	2453	39	1	1	37	0.000327654	3052	0.937602	FALSE	M:cds-YP_009724393.1	CCA	P	CCG	P	123
NC_045512.2	26896	A	T	3625	3190	40	1	1	25	0.000275558	3629	1	FALSE	M:cds-YP_009724393.1	CAT	H	CTT	L	125
NC_045512.2	26896	A	C	3625	3190	40	3	3	25	0.000826674	3629	1	FALSE	M:cds-YP_009724393.1	CAT	H	CCT	P	125
NC_045512.2	26897	T	C	3654	3218	40	1	1	37	0.000273598	3655	0.937585	FALSE	M:cds-YP_009724393.1	CAT	H	CAC	H	125
NC_045512.2	26899	G	T	3568	3123	37	1	1	37	0.000279642	3576	0.937342	FALSE	M:cds-YP_009724393.1	GGC	G	GTC	V	126
NC_045512.2	26899	G	A	3568	3123	37	7	7	47	0.00195749	3576	0.00778957	TRUE	M:cds-YP_009724393.1	GGC	G	GAC	D	126
NC_045512.2	26900	C	T	3919	3482	41	4	3	37	0.00101963	3923	0.500139	FALSE	M:cds-YP_009724393.1	GGC	G	GGT	G	126
NC_045512.2	26903	T	C	3723	3314	41	1	0	37	0.000268528	3724	0.937584	FALSE	M:cds-YP_009724393.1	ACT	T	ACC	T	127
NC_045512.2	26905	T	G	3646	3244	40	1	1	37	0.000274198	3647	0.937586	FALSE	M:cds-YP_009724393.1	ATT	I	AGT	S	128
NC_045512.2	26906	T	C	3618	3214	40	1	1	37	0.000276243	3620	0.937552	FALSE	M:cds-YP_009724393.1	ATT	I	ATC	I	128
NC_045512.2	26906	T	A	3618	3214	40	1	1	37	0.000276243	3620	0.937552	FALSE	M:cds-YP_009724393.1	ATT	I	ATA	I	128
NC_045512.2	26908	T	G	3120	2733	40	1	1	25	0.000320307	3122	1	FALSE	M:cds-YP_009724393.1	CTG	L	CGG	R	129
NC_045512.2	26908	T	C	3120	2733	40	1	1	37	0.000320307	3122	0.93756	FALSE	M:cds-YP_009724393.1	CTG	L	CCG	P	129
NC_045512.2	26910	A	G	3206	2829	40	2	2	37	0.000623441	3208	0.812695	FALSE	M:cds-YP_009724393.1	ACC	T	GCC	A	130
NC_045512.2	26911	C	T	3361	2985	41	2	2	49	0.000594707	3363	0.250037	FALSE	M:cds-YP_009724393.1	ACC	T	ATC	I	130
NC_045512.2	26912	C	T	3356	2981	41	1	1	37	0.000297885	3357	0.937593	FALSE	M:cds-YP_009724393.1	ACC	T	ACT	T	130
NC_045512.2	26913	A	C	2811	2438	41	1	1	25	0.000355619	2812	1	FALSE	M:cds-YP_009724393.1	AGA	R	CGA	R	131
NC_045512.2	26914	G	T	2832	2464	41	1	1	37	0.000352983	2833	0.875132	FALSE	M:cds-YP_009724393.1	AGA	R	ATA	I	131
NC_045512.2	26915	A	G	2831	2473	41	2	2	31	0.000705965	2833	0.687699	FALSE	M:cds-YP_009724393.1	AGA	R	AGG	R	131
NC_045512.2	26918	G	A	2769	2419	41	1	1	25	0.000361011	2770	1	FALSE	M:cds-YP_009724393.1	CCG	P	CCA	P	132
NC_045512.2	26919	C	T	2641	2336	39	1	1	37	0.000378501	2642	0.875142	FALSE	M:cds-YP_009724393.1	CTT	L	TTT	F	133
NC_045512.2	26920	T	G	2670	2370	40	1	1	25	0.000374392	2671	1	FALSE	M:cds-YP_009724393.1	CTT	L	CGT	R	133
NC_045512.2	26923	T	G	2667	2373	40	2	2	31	0.000749344	2669	0.687711	FALSE	M:cds-YP_009724393.1	CTA	L	CGA	R	134
NC_045512.2	26926	A	G	2726	2439	40	1	1	48	0.000366703	2727	0.500092	FALSE	M:cds-YP_009724393.1	GAA	E	GGA	G	135
NC_045512.2	26927	A	C	2573	2313	38	1	1	37	0.0003885	2574	0.875146	FALSE	M:cds-YP_009724393.1	GAA	E	GAC	D	135
NC_045512.2	26928	A	G	2574	2320	39	1	1	25	0.000388199	2576	1	FALSE	M:cds-YP_009724393.1	AGT	S	GGT	G	136
NC_045512.2	26928	A	C	2574	2320	39	1	1	25	0.000388199	2576	1	FALSE	M:cds-YP_009724393.1	AGT	S	CGT	R	136
NC_045512.2	26930	T	C	2641	2429	39	2	2	31	0.00075643	2644	0.687571	FALSE	M:cds-YP_009724393.1	AGT	S	AGC	S	136
NC_045512.2	26930	T	A	2641	2429	39	1	1	25	0.000378215	2644	1	FALSE	M:cds-YP_009724393.1	AGT	S	AGA	R	136
NC_045512.2	26932	A	G	2645	2434	39	2	2	37	0.000755572	2647	0.687713	FALSE	M:cds-YP_009724393.1	GAA	E	GGA	G	137
NC_045512.2	26933	A	G	2552	2343	38	1	1	37	0.000391696	2553	0.875147	FALSE	M:cds-YP_009724393.1	GAA	E	GAG	E	137
NC_045512.2	26934	C	T	2648	2438	39	2	2	37	0.000754717	2650	0.687712	FALSE	M:cds-YP_009724393.1	CTC	L	TTC	F	138
NC_045512.2	26935	T	C	2570	2364	38	1	1	37	0.000388954	2571	0.875146	FALSE	M:cds-YP_009724393.1	CTC	L	CCC	P	138
NC_045512.2	26936	C	T	2633	2427	39	2	2	37	0.000759013	2635	0.687714	FALSE	M:cds-YP_009724393.1	CTC	L	CTT	L	138
NC_045512.2	26937	G	A	2612	2407	38	1	1	37	0.000382702	2613	0.875144	FALSE	M:cds-YP_009724393.1	GTA	V	ATA	I	139
NC_045512.2	26938	T	C	2552	2360	38	1	0	74	0.000391696	2553	0.500098	FALSE	M:cds-YP_009724393.1	GTA	V	GCA	A	139
NC_045512.2	26940	A	C	2512	2317	37	1	0	22	0.000397931	2513	1	FALSE	M:cds-YP_009724393.1	ATC	I	CTC	L	140
NC_045512.2	26945	A	G	2517	2382	38	2	2	36	0.000793966	2519	0.687723	FALSE	M:cds-YP_009724393.1	GGA	G	GGG	G	141
NC_045512.2	26947	C	T	2517	2400	37	1	1	37	0.000397141	2518	0.875149	FALSE	M:cds-YP_009724393.1	GCT	A	GTT	V	142
NC_045512.2	26948	T	C	2475	2356	37	1	1	37	0.000403877	2476	0.875151	FALSE	M:cds-YP_009724393.1	GCT	A	GCC	A	142
NC_045512.2	26950	T	G	2474	2358	37	1	1	37	0.000403877	2476	0.875076	FALSE	M:cds-YP_009724393.1	GTG	V	GGG	G	143
NC_045512.2	26950	T	C	2474	2358	37	1	1	37	0.000403877	2476	0.875076	FALSE	M:cds-YP_009724393.1	GTG	V	GCG	A	143
NC_045512.2	26953	T	A	2358	2243	37	1	1	25	0.000423908	2359	1	FALSE	M:cds-YP_009724393.1	ATC	I	AAC	N	144
NC_045512.2	26954	C	T	2388	2271	37	1	1	37	0.00041841	2390	0.875079	FALSE	M:cds-YP_009724393.1	ATC	I	ATT	I	144
NC_045512.2	26954	C	A	2388	2271	37	1	1	37	0.00041841	2390	0.875079	FALSE	M:cds-YP_009724393.1	ATC	I	ATA	I	144
NC_045512.2	26957	T	C	2173	2067	37	1	1	25	0.00045977	2175	1	FALSE	M:cds-YP_009724393.1	CTT	L	CTC	L	145
NC_045512.2	26957	T	A	2173	2067	37	1	1	37	0.00045977	2175	0.875086	FALSE	M:cds-YP_009724393.1	CTT	L	CTA	L	145
NC_045512.2	26959	G	A	2145	2039	37	1	1	37	0.000465983	2146	0.875175	FALSE	M:cds-YP_009724393.1	CGT	R	CAT	H	146
NC_045512.2	26962	G	A	2115	2010	37	1	1	37	0.00047259	2116	0.875177	FALSE	M:cds-YP_009724393.1	GGA	G	GAA	E	147
NC_045512.2	26964	C	T	2090	1985	37	2	2	55	0.000956023	2092	0.25006	FALSE	M:cds-YP_009724393.1	CAT	H	TAT	Y	148
NC_045512.2	26965	A	C	2002	1903	37	1	0	29	0.000499251	2003	1	FALSE	M:cds-YP_009724393.1	CAT	H	CCT	P	148
NC_045512.2	26968	T	C	1970	1876	37	1	1	37	0.000507357	1971	0.75019	FALSE	M:cds-YP_009724393.1	CTT	L	CCT	P	149
NC_045512.2	26969	T	C	1975	1884	37	1	1	37	0.000506073	1976	0.75019	FALSE	M:cds-YP_009724393.1	CTT	L	CTC	L	149
NC_045512.2	26972	T	C	1977	1901	37	1	1	37	0.000505561	1978	0.75019	FALSE	M:cds-YP_009724393.1	CGT	R	CGC	R	150
NC_045512.2	26976	G	A	1776	1703	37	6	6	37	0.003367	1782	0.0624078	FALSE	M:cds-YP_009724393.1	GCT	A	ACT	T	152
NC_045512.2	26977	C	T	1788	1716	37	2	2	37	0.00111732	1790	0.50021	FALSE	M:cds-YP_009724393.1	GCT	A	GTT	V	152
NC_045512.2	26981	A	T	1704	1637	37	1	1	37	0.00058548	1708	0.74978	FALSE	M:cds-YP_009724393.1	GGA	G	GGT	G	153
NC_045512.2	26981	A	G	1704	1637	37	3	3	33	0.00175644	1708	0.31239	FALSE	M:cds-YP_009724393.1	GGA	G	GGG	G	153
NC_045512.2	26983	A	T	1626	1566	37	1	1	37	0.000614628	1627	0.750231	FALSE	M:cds-YP_009724393.1	CAC	H	CTC	L	154
NC_045512.2	26985	C	T	1458	1394	37	1	1	25	0.000685401	1459	0.999971	FALSE	M:cds-YP_009724393.1	CAT	H	TAT	Y	155
NC_045512.2	26986	A	G	5257	134	36	3	0	37	0.000570234	5261	0.855562	FALSE	M:cds-YP_009724393.1	CAT	H	CGT	R	155
NC_045512.2	26986	A	C	5257	134	36	1	0	25	0.000190078	5261	1	FALSE	M:cds-YP_009724393.1	CAT	H	CCT	P	155
NC_045512.2	26987	T	G	5749	160	36	1	1	37	0.000173883	5751	0.984395	FALSE	M:cds-YP_009724393.1	CAT	H	CAG	Q	155
NC_045512.2	26987	T	C	5749	160	36	1	0	37	0.000173883	5751	0.984395	FALSE	M:cds-YP_009724393.1	CAT	H	CAC	H	155
NC_045512.2	26987	T	-C	5749	160	36	3	0	20	0.000521648	5751	1	FALSE	NA	NA	NA	NA	NA	NA
NC_045512.2	26988	C	T	6227	182	36	3	0	37	0.000481386	6232	0.910077	FALSE	M:cds-YP_009724393.1	CTA	L	TTA	L	156
NC_045512.2	26988	C	A	6227	182	36	2	0	37	0.000320924	6232	0.9648	FALSE	M:cds-YP_009724393.1	CTA	L	ATA	I	156
NC_045512.2	26989	T	C	6303	181	36	1	0	37	0.000158629	6304	0.992205	FALSE	M:cds-YP_009724393.1	CTA	L	CCA	P	156
NC_045512.2	26990	A	G	6410	188	36	1	0	37	0.000155982	6411	0.992205	FALSE	M:cds-YP_009724393.1	CTA	L	CTG	L	156
NC_045512.2	26993	A	G	6515	200	36	1	0	74	0.000153468	6516	0.500038	FALSE	M:cds-YP_009724393.1	GGA	G	GGG	G	157
NC_045512.2	26994	C	T	6548	203	36	1	0	37	0.000152625	6552	0.992192	FALSE	M:cds-YP_009724393.1	CGC	R	TGC	C	158
NC_045512.2	26994	C	A	6548	203	36	3	2	37	0.000457875	6552	0.910231	FALSE	M:cds-YP_009724393.1	CGC	R	AGC	S	158
NC_045512.2	26995	G	A	6539	203	36	6	0	35	0.00091673	6545	0.612948	FALSE	M:cds-YP_009724393.1	CGC	R	CAC	H	158
NC_045512.2	26996	C	T	6756	204	36	2	0	37	0.000295858	6760	0.964868	FALSE	M:cds-YP_009724393.1	CGC	R	CGT	R	158
NC_045512.2	26996	C	A	6756	204	36	2	0	31	0.000295858	6760	0.964868	FALSE	M:cds-YP_009724393.1	CGC	R	CGA	R	158
NC_045512.2	26997	T	C	6782	209	36	5	0	34	0.000736594	6788	0.725669	FALSE	M:cds-YP_009724393.1	TGT	C	CGT	R	159
NC_045512.2	26997	T	A	6782	209	36	1	0	37	0.000147319	6788	0.992183	FALSE	M:cds-YP_009724393.1	TGT	C	AGT	S	159
NC_045512.2	26998	G	A	6899	227	36	2	0	37	0.000289813	6901	0.964899	FALSE	M:cds-YP_009724393.1	TGT	C	TAT	Y	159
NC_045512.2	26999	T	C	6884	233	37	2	0	37	0.000290444	6886	0.964899	FALSE	M:cds-YP_009724393.1	TGT	C	TGC	C	159
NC_045512.2	27000	G	A	6921	237	37	2	0	37	0.000288892	6923	0.964899	FALSE	M:cds-YP_009724393.1	GAC	D	AAC	N	160
NC_045512.2	27001	A	G	6947	234	37	3	0	37	0.000431655	6950	0.910262	FALSE	M:cds-YP_009724393.1	GAC	D	GGC	G	160
NC_045512.2	27004	T	C	7527	271	37	2	0	31	0.00026564	7529	0.980506	FALSE	M:cds-YP_009724393.1	ATC	I	ACC	T	161
NC_045512.2	27005	C	T	7599	315	37	1	0	37	0.000131579	7600	0.996103	FALSE	M:cds-YP_009724393.1	ATC	I	ATT	I	161
NC_045512.2	27007	A	G	7604	308	37	1	0	37	0.000131492	7605	0.996103	FALSE	M:cds-YP_009724393.1	AAG	K	AGG	R	162
NC_045512.2	27008	G	T	7651	315	36	1	0	37	0.000130685	7652	0.996103	FALSE	M:cds-YP_009724393.1	AAG	K	AAT	N	162
NC_045512.2	27009	G	C	7865	322	37	1	0	37	0.000127129	7866	0.996103	FALSE	M:cds-YP_009724393.1	GAC	D	CAC	H	163
NC_045512.2	27010	A	G	7901	398	37	1	0	25	0.00012655	7902	1	FALSE	M:cds-YP_009724393.1	GAC	D	GGC	G	163
NC_045512.2	27012	C	T	7889	408	37	3	0	37	0.000380035	7894	0.945346	FALSE	M:cds-YP_009724393.1	CTG	L	TTG	L	164
NC_045512.2	27012	C	A	7889	408	37	2	0	31	0.000253357	7894	0.980478	FALSE	M:cds-YP_009724393.1	CTG	L	ATG	M	164
NC_045512.2	27013	T	G	7887	451	37	2	1	31	0.000253485	7890	0.980495	FALSE	M:cds-YP_009724393.1	CTG	L	CGG	R	164
NC_045512.2	27013	T	C	7887	451	37	1	0	74	0.000126743	7890	0.499968	FALSE	M:cds-YP_009724393.1	CTG	L	CCG	P	164
NC_045512.2	27014	G	T	8364	479	38	1	0	37	0.000119489	8369	0.998048	FALSE	M:cds-YP_009724393.1	CTG	L	CTT	L	164
NC_045512.2	27014	G	A	8364	479	38	4	0	34	0.000477954	8369	0.927074	FALSE	M:cds-YP_009724393.1	CTG	L	CTA	L	164
NC_045512.2	27015	C	T	8371	487	37	1	0	37	0.000119446	8372	0.998052	FALSE	M:cds-YP_009724393.1	CCT	P	TCT	S	165
NC_045512.2	27016	C	T	8360	560	38	1	0	37	0.000119589	8362	0.998051	FALSE	M:cds-YP_009724393.1	CCT	P	CTT	L	165
NC_045512.2	27016	C	A	8360	560	38	1	0	37	0.000119589	8362	0.998051	FALSE	M:cds-YP_009724393.1	CCT	P	CAT	H	165
NC_045512.2	27017	T	C	8333	565	38	1	0	37	0.00011999	8334	0.998052	FALSE	M:cds-YP_009724393.1	CCT	P	CCC	P	165
NC_045512.2	27018	A	G	8461	580	38	2	0	37	0.000236323	8463	0.989281	FALSE	M:cds-YP_009724393.1	AAA	K	GAA	E	166
NC_045512.2	27020	A	G	8465	576	38	1	0	37	0.00011812	8466	0.998052	FALSE	M:cds-YP_009724393.1	AAA	K	AAG	K	166
NC_045512.2	27022	A	T	8671	631	38	1	0	25	0.000115274	8675	1	FALSE	M:cds-YP_009724393.1	GAA	E	GTA	V	167
NC_045512.2	27022	A	G	8671	631	38	3	2	49	0.000345821	8675	0.124978	FALSE	M:cds-YP_009724393.1	GAA	E	GGA	G	167
NC_045512.2	27023	A	G	8629	623	38	1	0	37	0.000115861	8631	0.998051	FALSE	M:cds-YP_009724393.1	GAA	E	GAG	E	167
NC_045512.2	27023	A	C	8629	623	38	1	0	25	0.000115861	8631	1	FALSE	M:cds-YP_009724393.1	GAA	E	GAC	D	167
NC_045512.2	27024	A	G	8755	784	39	1	0	37	0.000114207	8756	0.998052	FALSE	M:cds-YP_009724393.1	ATC	I	GTC	V	168
NC_045512.2	27025	T	C	8763	827	39	3	1	45	0.000342231	8766	0.125	FALSE	M:cds-YP_009724393.1	ATC	I	ACC	T	168
NC_045512.2	27026	C	T	8785	834	39	3	0	37	0.000341336	8789	0.967326	FALSE	M:cds-YP_009724393.1	ATC	I	ATT	I	168
NC_045512.2	27026	C	A	8785	834	39	1	1	62	0.000113779	8789	0.499943	FALSE	M:cds-YP_009724393.1	ATC	I	ATA	I	168
NC_045512.2	27027	A	G	8725	823	39	1	0	25	0.000114587	8727	1	FALSE	M:cds-YP_009724393.1	ACT	T	GCT	A	169
NC_045512.2	27027	A	C	8725	823	39	1	0	25	0.000114587	8727	1	FALSE	M:cds-YP_009724393.1	ACT	T	CCT	P	169
NC_045512.2	27028	C	T	8936	860	39	5	0	37	0.000559222	8941	0.866709	FALSE	M:cds-YP_009724393.1	ACT	T	ATT	I	169
NC_045512.2	27029	T	G	8799	937	39	2	1	22	0.000227169	8804	1	FALSE	M:cds-YP_009724393.1	ACT	T	ACG	T	169
NC_045512.2	27029	T	C	8799	937	39	2	0	25	0.000227169	8804	1	FALSE	M:cds-YP_009724393.1	ACT	T	ACC	T	169
NC_045512.2	27029	T	A	8799	937	39	1	1	37	0.000113585	8804	0.998048	FALSE	M:cds-YP_009724393.1	ACT	T	ACA	T	169
NC_045512.2	27030	G	A	9112	976	40	3	1	37	0.000329128	9115	0.980753	FALSE	M:cds-YP_009724393.1	GTT	V	ATT	I	170
NC_045512.2	27031	T	G	9011	915	39	2	1	27	0.000221902	9013	1	FALSE	M:cds-YP_009724393.1	GTT	V	GGT	G	170
NC_045512.2	27032	T	C	9176	979	40	1	0	29	0.000108968	9177	1	FALSE	M:cds-YP_009724393.1	GTT	V	GTC	V	170
NC_045512.2	27033	G	T	9178	994	40	1	0	37	0.000108944	9179	0.999026	FALSE	M:cds-YP_009724393.1	GCT	A	TCT	S	171
NC_045512.2	27034	C	T	9130	1004	40	4	0	37	0.000437876	9135	0.953915	FALSE	M:cds-YP_009724393.1	GCT	A	GTT	V	171
NC_045512.2	27034	C	G	9130	1004	40	1	0	37	0.000109469	9135	0.999024	FALSE	M:cds-YP_009724393.1	GCT	A	GGT	G	171
NC_045512.2	27035	T	G	9154	988	40	1	0	25	0.00010923	9155	1	FALSE	M:cds-YP_009724393.1	GCT	A	GCG	A	171
NC_045512.2	27035	T	-A	9154	988	40	1	0	20	0.00010923	9155	1	FALSE	NA	NA	NA	NA	NA	NA
NC_045512.2	27036	A	G	9143	1004	40	2	1	55	0.000218675	9146	0.249959	FALSE	M:cds-YP_009724393.1	ACA	T	GCA	A	172
NC_045512.2	27036	A	C	9143	1004	40	1	0	25	0.000109337	9146	1	FALSE	M:cds-YP_009724393.1	ACA	T	CCA	P	172
NC_045512.2	27037	C	T	9353	1006	40	6	0	41	0.000641094	9359	0.0156175	FALSE	M:cds-YP_009724393.1	ACA	T	ATA	I	172
NC_045512.2	27038	A	G	9258	1028	40	1	0	37	0.000107991	9260	0.999026	FALSE	M:cds-YP_009724393.1	ACA	T	ACG	T	172
NC_045512.2	27038	A	C	9258	1028	40	1	0	25	0.000107991	9260	1	FALSE	M:cds-YP_009724393.1	ACA	T	ACC	T	172
NC_045512.2	27039	T	C	9334	1079	40	1	0	37	0.000107101	9337	0.999025	FALSE	M:cds-YP_009724393.1	TCA	S	CCA	P	173
NC_045512.2	27039	T	A	9334	1079	40	2	0	22	0.000214202	9337	1	FALSE	M:cds-YP_009724393.1	TCA	S	ACA	T	173
NC_045512.2	27042	C	T	9588	1091	40	2	0	37	0.000208551	9590	0.994155	FALSE	M:cds-YP_009724393.1	CGA	R	TGA	*	174
NC_045512.2	27043	G	A	9538	1099	40	2	1	55	0.000209644	9540	0.250013	FALSE	M:cds-YP_009724393.1	CGA	R	CAA	Q	174
NC_045512.2	27044	A	G	9559	1085	40	1	0	37	0.000104603	9560	0.999026	FALSE	M:cds-YP_009724393.1	CGA	R	CGG	R	174
NC_045512.2	27045	A	T	9556	1203	40	1	0	37	0.000104613	9559	0.999025	FALSE	M:cds-YP_009724393.1	ACG	T	TCG	S	175
NC_045512.2	27045	A	G	9556	1203	40	1	1	37	0.000104613	9559	0.999025	FALSE	M:cds-YP_009724393.1	ACG	T	GCG	A	175
NC_045512.2	27045	A	C	9556	1203	40	1	0	25	0.000104613	9559	1	FALSE	M:cds-YP_009724393.1	ACG	T	CCG	P	175
NC_045512.2	27046	C	T	9603	1268	40	2	0	37	0.000208225	9605	0.994155	FALSE	M:cds-YP_009724393.1	ACG	T	ATG	M	175
NC_045512.2	27047	G	A	9741	1261	41	9	0	35	0.000923077	9750	0.592864	FALSE	M:cds-YP_009724393.1	ACG	T	ACA	T	175
NC_045512.2	27049	T	G	8860	1256	39	10	0	25	0.00112727	8871	1	FALSE	M:cds-YP_009724393.1	CTT	L	CGT	R	176
NC_045512.2	27049	T	C	8860	1256	39	1	1	22	0.000112727	8871	1	FALSE	M:cds-YP_009724393.1	CTT	L	CCT	P	176
NC_045512.2	27050	T	G	8825	1374	39	9	1	27	0.00101868	8835	1	FALSE	M:cds-YP_009724393.1	CTT	L	CTG	L	176
NC_045512.2	27050	T	C	8825	1374	39	1	0	37	0.000113186	8835	0.998043	FALSE	M:cds-YP_009724393.1	CTT	L	CTC	L	176
NC_045512.2	27051	T	G	9577	1380	41	1	0	25	0.000104384	9580	1	FALSE	M:cds-YP_009724393.1	TCT	S	GCT	A	177
NC_045512.2	27051	T	C	9577	1380	41	2	0	49	0.000208768	9580	0.249987	FALSE	M:cds-YP_009724393.1	TCT	S	CCT	P	177
NC_045512.2	27053	T	G	9444	1386	40	5	0	30	0.000529157	9449	0.91033	FALSE	M:cds-YP_009724393.1	TCT	S	TCG	S	177
NC_045512.2	27054	T	G	9579	1382	41	4	1	34	0.000417319	9585	0.953894	FALSE	M:cds-YP_009724393.1	TAT	Y	GAT	D	178
NC_045512.2	27054	T	C	9579	1382	41	2	1	55	0.000208659	9585	0.249909	FALSE	M:cds-YP_009724393.1	TAT	Y	CAT	H	178
NC_045512.2	27055	A	T	9618	1545	42	1	0	37	0.000103939	9621	0.999025	FALSE	M:cds-YP_009724393.1	TAT	Y	TTT	F	178
NC_045512.2	27055	A	C	9618	1545	42	2	0	25	0.000207879	9621	1	FALSE	M:cds-YP_009724393.1	TAT	Y	TCT	S	178
NC_045512.2	27056	T	G	9456	1568	41	2	0	25	0.000211439	9459	1	FALSE	M:cds-YP_009724393.1	TAT	Y	TAG	*	178
NC_045512.2	27056	T	C	9456	1568	41	1	0	37	0.000105719	9459	0.999025	FALSE	M:cds-YP_009724393.1	TAT	Y	TAC	Y	178
NC_045512.2	27057	T	C	9714	1621	42	4	0	36	0.000411565	9719	0.953911	FALSE	M:cds-YP_009724393.1	TAC	Y	CAC	H	179
NC_045512.2	27057	T	A	9714	1621	42	1	0	37	0.000102891	9719	0.999024	FALSE	M:cds-YP_009724393.1	TAC	Y	AAC	N	179
NC_045512.2	27058	A	C	9708	1629	42	1	0	29	0.000102997	9709	1	FALSE	M:cds-YP_009724393.1	TAC	Y	TCC	S	179
NC_045512.2	27060	A	C	9638	1700	41	4	0	26	0.000414852	9642	1	FALSE	M:cds-YP_009724393.1	AAA	K	CAA	Q	180
NC_045512.2	27061	A	G	9486	1713	41	2	1	49	0.000210659	9494	0.249855	FALSE	M:cds-YP_009724393.1	AAA	K	AGA	R	180
NC_045512.2	27061	A	C	9486	1713	41	6	0	27	0.000631978	9494	1	FALSE	M:cds-YP_009724393.1	AAA	K	ACA	T	180
NC_045512.2	27062	A	T	9821	1685	41	2	1	27	0.000203562	9825	1	FALSE	M:cds-YP_009724393.1	AAA	K	AAT	N	180
NC_045512.2	27062	A	C	9821	1685	41	2	0	31	0.000203562	9825	0.994149	FALSE	M:cds-YP_009724393.1	AAA	K	AAC	N	180
NC_045512.2	27063	T	G	9484	1752	41	14	0	27	0.00147399	9498	1	FALSE	M:cds-YP_009724393.1	TTG	L	GTG	V	181
NC_045512.2	27064	T	A	10132	1759	42	3	0	25	0.000296004	10135	1	FALSE	M:cds-YP_009724393.1	TTG	L	TAG	*	181
NC_045512.2	27065	G	T	10251	1777	43	1	0	25	9.75419e-05	10252	1	FALSE	M:cds-YP_009724393.1	TTG	L	TTT	F	181
NC_045512.2	27066	G	C	10150	1770	42	2	1	23	0.000197006	10152	1	FALSE	M:cds-YP_009724393.1	GGA	G	CGA	R	182
NC_045512.2	27067	G	T	10104	1856	42	1	0	25	9.89609e-05	10105	1	FALSE	M:cds-YP_009724393.1	GGA	G	GTA	V	182
NC_045512.2	27068	A	G	10133	1855	42	3	1	49	0.000295975	10136	0.312518	FALSE	M:cds-YP_009724393.1	GGA	G	GGG	G	182
NC_045512.2	27070	C	T	10175	1909	42	12	2	47	0.00117774	10189	0.00170338	TRUE	M:cds-YP_009724393.1	GCT	A	GTT	V	183
NC_045512.2	27070	C	A	10175	1909	42	2	0	33	0.00019629	10189	0.996816	FALSE	M:cds-YP_009724393.1	GCT	A	GAT	D	183
NC_045512.2	27071	T	G	9911	1856	41	2	1	22	0.000201715	9915	1	FALSE	M:cds-YP_009724393.1	GCT	A	GCG	A	183
NC_045512.2	27071	T	C	9911	1856	41	1	1	37	0.000100857	9915	0.999025	FALSE	M:cds-YP_009724393.1	GCT	A	GCC	A	183
NC_045512.2	27071	T	A	9911	1856	41	1	0	25	0.000100857	9915	1	FALSE	M:cds-YP_009724393.1	GCT	A	GCA	A	183
NC_045512.2	27072	T	C	10060	1977	42	1	0	37	9.93739e-05	10063	0.999513	FALSE	M:cds-YP_009724393.1	TCG	S	CCG	P	184
NC_045512.2	27072	T	A	10060	1977	42	2	0	37	0.000198748	10063	0.996833	FALSE	M:cds-YP_009724393.1	TCG	S	ACG	T	184
NC_045512.2	27073	C	T	10169	1989	42	2	0	55	0.000196618	10172	0.249988	FALSE	M:cds-YP_009724393.1	TCG	S	TTG	L	184
NC_045512.2	27073	C	A	10169	1989	42	1	0	29	9.83091e-05	10172	1	FALSE	M:cds-YP_009724393.1	TCG	S	TAG	*	184
NC_045512.2	27074	G	T	10075	1989	42	1	1	25	9.91572e-05	10085	1	FALSE	M:cds-YP_009724393.1	TCG	S	TCT	S	184
NC_045512.2	27074	G	A	10075	1989	42	9	2	43	0.000892414	10085	0.0107269	FALSE	M:cds-YP_009724393.1	TCG	S	TCA	S	184
NC_045512.2	27075	C	T	10129	2418	43	5	2	51	0.000493389	10134	0.0312423	FALSE	M:cds-YP_009724393.1	CAG	Q	TAG	*	185
NC_045512.2	27076	A	T	9947	2415	42	2	0	55	0.000200985	9951	0.249962	FALSE	M:cds-YP_009724393.1	CAG	Q	CTG	L	185
NC_045512.2	27076	A	G	9947	2415	42	1	0	37	0.000100492	9951	0.999025	FALSE	M:cds-YP_009724393.1	CAG	Q	CGG	R	185
NC_045512.2	27076	A	C	9947	2415	42	1	0	37	0.000100492	9951	0.999025	FALSE	M:cds-YP_009724393.1	CAG	Q	CCG	P	185
NC_045512.2	27077	G	T	9960	2725	42	1	1	37	0.000100392	9961	0.999026	FALSE	M:cds-YP_009724393.1	CAG	Q	CAT	H	185
NC_045512.2	27077	G	-C	9960	2725	42	1	0	20	0.000100392	9961	1	FALSE	NA	NA	NA	NA	NA	NA
NC_045512.2	27078	C	T	9941	2707	42	4	0	37	0.000402131	9947	0.953875	FALSE	M:cds-YP_009724393.1	CGT	R	TGT	C	186
NC_045512.2	27078	C	A	9941	2707	42	2	1	49	0.000201066	9947	0.249887	FALSE	M:cds-YP_009724393.1	CGT	R	AGT	S	186
NC_045512.2	27078	C	-G	9941	2707	42	2	0	20	0.000201045	9948	1	FALSE	NA	NA	NA	NA	NA	NA
NC_045512.2	27078	C	+GT	9941	2707	42	1	0	20	0.000100523	9948	1	FALSE	NA	NA	NA	NA	NA	NA
NC_045512.2	27079	G	T	10216	2717	42	2	0	37	0.000195484	10231	0.996811	FALSE	M:cds-YP_009724393.1	CGT	R	CTT	L	186
NC_045512.2	27079	G	A	10216	2717	42	13	3	36	0.00127065	10231	0.338473	FALSE	M:cds-YP_009724393.1	CGT	R	CAT	H	186
NC_045512.2	27081	G	A	10210	2770	42	4	1	34	0.000391619	10214	0.971367	FALSE	M:cds-YP_009724393.1	GTA	V	ATA	I	187
NC_045512.2	27083	A	G	9952	2791	42	3	2	49	0.000301326	9956	0.124981	FALSE	M:cds-YP_009724393.1	GTA	V	GTG	V	187
NC_045512.2	27083	A	C	9952	2791	42	1	0	25	0.000100442	9956	1	FALSE	M:cds-YP_009724393.1	GTA	V	GTC	V	187
NC_045512.2	27084	G	T	10054	2790	42	1	0	25	9.94233e-05	10058	1	FALSE	M:cds-YP_009724393.1	GCA	A	TCA	S	188
NC_045512.2	27084	G	A	10054	2790	42	3	0	37	0.00029827	10058	0.98879	FALSE	M:cds-YP_009724393.1	GCA	A	ACA	T	188
NC_045512.2	27086	A	T	9030	3080	41	1	0	37	0.000110571	9044	0.999019	FALSE	M:cds-YP_009724393.1	GCA	A	GCT	A	188
NC_045512.2	27086	A	C	9030	3080	41	13	0	39	0.00143742	9044	0.261606	FALSE	M:cds-YP_009724393.1	GCA	A	GCC	A	188
NC_045512.2	27087	G	T	7624	3379	39	2	0	31	0.000262192	7628	0.980487	FALSE	M:cds-YP_009724393.1	GGT	G	TGT	C	189
NC_045512.2	27087	G	A	7624	3379	39	2	1	37	0.000262192	7628	0.980487	FALSE	M:cds-YP_009724393.1	GGT	G	AGT	S	189
NC_045512.2	27088	G	T	7669	3467	39	1	0	37	0.000130378	7670	0.996103	FALSE	M:cds-YP_009724393.1	GGT	G	GTT	V	189
NC_045512.2	27089	T	G	7455	3477	39	1	0	25	0.000134102	7457	1	FALSE	M:cds-YP_009724393.1	GGT	G	GGG	G	189
NC_045512.2	27089	T	C	7455	3477	39	1	0	37	0.000134102	7457	0.996101	FALSE	M:cds-YP_009724393.1	GGT	G	GGC	G	189
NC_045512.2	27091	A	G	7552	3502	38	1	0	25	0.000132398	7553	1	FALSE	M:cds-YP_009724393.1	GAC	D	GGC	G	190
NC_045512.2	27092	C	T	7620	3528	38	1	0	37	0.000131216	7621	0.996103	FALSE	M:cds-YP_009724393.1	GAC	D	GAT	D	190
NC_045512.2	27093	T	G	7595	3495	38	1	0	25	0.000131614	7598	1	FALSE	M:cds-YP_009724393.1	TCA	S	GCA	A	191
NC_045512.2	27093	T	C	7595	3495	38	2	0	31	0.000263227	7598	0.980497	FALSE	M:cds-YP_009724393.1	TCA	S	CCA	P	191
NC_045512.2	27094	C	T	7748	3643	39	1	0	74	0.000129049	7749	0.500032	FALSE	M:cds-YP_009724393.1	TCA	S	TTA	L	191
NC_045512.2	27095	A	T	7434	3600	38	1	0	25	0.000134445	7438	1	FALSE	M:cds-YP_009724393.1	TCA	S	TCT	S	191
NC_045512.2	27095	A	G	7434	3600	38	1	1	37	0.000134445	7438	0.996097	FALSE	M:cds-YP_009724393.1	TCA	S	TCG	S	191
NC_045512.2	27095	A	C	7434	3600	38	2	0	25	0.000268889	7438	1	FALSE	M:cds-YP_009724393.1	TCA	S	TCC	S	191
NC_045512.2	27096	G	T	8037	3836	39	3	1	49	0.000373134	8040	0.125	FALSE	M:cds-YP_009724393.1	GGT	G	TGT	C	192
NC_045512.2	27097	G	A	7905	3893	38	1	0	25	0.000126486	7906	1	FALSE	M:cds-YP_009724393.1	GGT	G	GAT	D	192
NC_045512.2	27097	G	-T	7905	3893	38	1	0	20	0.000126486	7906	1	FALSE	NA	NA	NA	NA	NA	NA
NC_045512.2	27098	T	G	7527	3834	38	1	0	25	0.000132784	7531	1	FALSE	M:cds-YP_009724393.1	GGT	G	GGG	G	192
NC_045512.2	27098	T	C	7527	3834	38	2	1	31	0.000265569	7531	0.980478	FALSE	M:cds-YP_009724393.1	GGT	G	GGC	G	192
NC_045512.2	27098	T	A	7527	3834	38	1	1	25	0.000132784	7531	1	FALSE	M:cds-YP_009724393.1	GGT	G	GGA	G	192
NC_045512.2	27099	T	G	7746	3972	38	2	0	27	0.000258131	7748	1	FALSE	M:cds-YP_009724393.1	TTT	F	GTT	V	193
NC_045512.2	27100	T	G	7830	3914	38	3	2	25	0.000382897	7835	1	FALSE	M:cds-YP_009724393.1	TTT	F	TGT	C	193
NC_045512.2	27100	T	C	7830	3914	38	2	0	37	0.000255265	7835	0.980478	FALSE	M:cds-YP_009724393.1	TTT	F	TCT	S	193
NC_045512.2	27101	T	C	7978	4006	39	2	2	74	0.000250595	7981	0.249984	FALSE	M:cds-YP_009724393.1	TTT	F	TTC	F	193
NC_045512.2	27101	T	A	7978	4006	39	1	0	25	0.000125298	7981	1	FALSE	M:cds-YP_009724393.1	TTT	F	TTA	L	193
NC_045512.2	27102	G	T	8142	4018	39	1	0	37	0.00012273	8148	0.998047	FALSE	M:cds-YP_009724393.1	GCT	A	TCT	S	194
NC_045512.2	27102	G	A	8142	4018	39	5	2	37	0.000613648	8148	0.866674	FALSE	M:cds-YP_009724393.1	GCT	A	ACT	T	194
NC_045512.2	27103	C	T	7949	4092	38	16	5	39	0.00200879	7965	0.0464817	FALSE	M:cds-YP_009724393.1	GCT	A	GTT	V	194
NC_045512.2	27104	T	G	8145	4375	38	2	1	37	0.000245459	8148	0.989277	FALSE	M:cds-YP_009724393.1	GCT	A	GCG	A	194
NC_045512.2	27104	T	C	8145	4375	38	1	0	37	0.00012273	8148	0.99805	FALSE	M:cds-YP_009724393.1	GCT	A	GCC	A	194
NC_045512.2	27105	G	A	8190	4459	38	13	6	38	0.00158479	8203	0.191578	FALSE	M:cds-YP_009724393.1	GCA	A	ACA	T	195
NC_045512.2	27106	C	T	8143	4436	38	5	2	37	0.000613497	8150	0.866625	FALSE	M:cds-YP_009724393.1	GCA	A	GTA	V	195
NC_045512.2	27106	C	G	8143	4436	38	1	1	25	0.000122699	8150	1	FALSE	M:cds-YP_009724393.1	GCA	A	GGA	G	195
NC_045512.2	27106	C	A	8143	4436	38	1	0	29	0.000122699	8150	1	FALSE	M:cds-YP_009724393.1	GCA	A	GAA	E	195
NC_045512.2	27107	A	T	8180	4486	38	1	0	37	0.00012222	8182	0.998051	FALSE	M:cds-YP_009724393.1	GCA	A	GCT	A	195
NC_045512.2	27107	A	G	8180	4486	38	1	1	25	0.00012222	8182	1	FALSE	M:cds-YP_009724393.1	GCA	A	GCG	A	195
NC_045512.2	27108	T	G	8107	4474	38	1	0	37	0.000123305	8110	0.99805	FALSE	M:cds-YP_009724393.1	TAC	Y	GAC	D	196
NC_045512.2	27108	T	C	8107	4474	38	2	0	28	0.000246609	8110	1	FALSE	M:cds-YP_009724393.1	TAC	Y	CAC	H	196
NC_045512.2	27109	A	G	8024	4437	38	1	0	37	0.000124595	8026	0.998051	FALSE	M:cds-YP_009724393.1	TAC	Y	TGC	C	196
NC_045512.2	27109	A	C	8024	4437	38	1	0	37	0.000124595	8026	0.998051	FALSE	M:cds-YP_009724393.1	TAC	Y	TCC	S	196
NC_045512.2	27110	C	T	8077	4548	38	4	2	34	0.000494927	8082	0.927077	FALSE	M:cds-YP_009724393.1	TAC	Y	TAT	Y	196
NC_045512.2	27110	C	G	8077	4548	38	1	0	37	0.000123732	8082	0.998048	FALSE	M:cds-YP_009724393.1	TAC	Y	TAG	*	196
NC_045512.2	27111	A	G	7872	4360	38	2	1	37	0.000253936	7876	0.980487	FALSE	M:cds-YP_009724393.1	AGT	S	GGT	G	197
NC_045512.2	27111	A	C	7872	4360	38	2	1	31	0.000253936	7876	0.980487	FALSE	M:cds-YP_009724393.1	AGT	S	CGT	R	197
NC_045512.2	27112	G	C	8043	4511	38	1	0	37	0.000124301	8045	0.998051	FALSE	M:cds-YP_009724393.1	AGT	S	ACT	T	197
NC_045512.2	27112	G	A	8043	4511	38	1	1	25	0.000124301	8045	1	FALSE	M:cds-YP_009724393.1	AGT	S	AAT	N	197
NC_045512.2	27115	G	T	7738	4460	38	1	1	37	0.000129166	7742	0.996097	FALSE	M:cds-YP_009724393.1	CGC	R	CTC	L	198
NC_045512.2	27115	G	A	7738	4460	38	3	2	37	0.000387497	7742	0.945369	FALSE	M:cds-YP_009724393.1	CGC	R	CAC	H	198
NC_045512.2	27117	T	G	8090	4295	37	1	1	25	0.000123533	8095	1	FALSE	M:cds-YP_009724393.1	TAC	Y	GAC	D	199
NC_045512.2	27117	T	C	8090	4295	37	4	2	37	0.000494132	8095	0.927077	FALSE	M:cds-YP_009724393.1	TAC	Y	CAC	H	199
NC_045512.2	27118	A	C	8092	4363	37	1	1	25	0.000123564	8093	1	FALSE	M:cds-YP_009724393.1	TAC	Y	TCC	S	199
NC_045512.2	27119	C	T	8050	4400	37	1	0	37	0.000124208	8051	0.998052	FALSE	M:cds-YP_009724393.1	TAC	Y	TAT	Y	199
NC_045512.2	27120	A	G	8008	4365	37	3	1	37	0.000374438	8012	0.96733	FALSE	M:cds-YP_009724393.1	AGG	R	GGG	G	200
NC_045512.2	27120	A	C	8008	4365	37	1	0	37	0.000124813	8012	0.998049	FALSE	M:cds-YP_009724393.1	AGG	R	CGG	R	200
NC_045512.2	27120	A	+G	8008	4365	37	1	0	20	0.000124813	8012	1	FALSE	NA	NA	NA	NA	NA	NA
NC_045512.2	27121	G	T	8096	4329	37	3	2	37	0.000370416	8099	0.967345	FALSE	M:cds-YP_009724393.1	AGG	R	ATG	M	200
NC_045512.2	27122	G	T	8239	4367	37	1	1	25	0.000121359	8240	1	FALSE	M:cds-YP_009724393.1	AGG	R	AGT	S	200
NC_045512.2	27123	A	T	7848	4292	37	1	0	37	0.000127324	7854	0.996093	FALSE	M:cds-YP_009724393.1	ATT	I	TTT	F	201
NC_045512.2	27123	A	G	7848	4292	37	3	1	33	0.000381971	7854	0.945324	FALSE	M:cds-YP_009724393.1	ATT	I	GTT	V	201
NC_045512.2	27123	A	C	7848	4292	37	2	0	37	0.000254647	7854	0.980469	FALSE	M:cds-YP_009724393.1	ATT	I	CTT	L	201
NC_045512.2	27124	T	A	7825	4216	37	2	0	37	0.000255526	7827	0.980505	FALSE	M:cds-YP_009724393.1	ATT	I	AAT	N	201
NC_045512.2	27125	T	G	7843	4047	37	1	1	25	0.000127486	7844	1	FALSE	M:cds-YP_009724393.1	ATT	I	ATG	M	201
NC_045512.2	27126	G	T	7870	4272	37	2	0	25	0.000253743	7882	1	FALSE	M:cds-YP_009724393.1	GGC	G	TGC	C	202
NC_045512.2	27126	G	A	7870	4272	37	10	5	37	0.00126871	7882	0.314341	FALSE	M:cds-YP_009724393.1	GGC	G	AGC	S	202
NC_045512.2	27127	G	A	8058	4331	37	2	1	37	0.000248139	8060	0.989282	FALSE	M:cds-YP_009724393.1	GGC	G	GAC	D	202
NC_045512.2	27128	C	T	8033	4370	37	8	6	37	0.000994777	8042	0.598239	FALSE	M:cds-YP_009724393.1	GGC	G	GGT	G	202
NC_045512.2	27128	C	A	8033	4370	37	1	0	37	0.000124347	8042	0.998044	FALSE	M:cds-YP_009724393.1	GGC	G	GGA	G	202
NC_045512.2	27129	A	G	7728	4391	37	1	1	37	0.000129349	7731	0.996099	FALSE	M:cds-YP_009724393.1	AAC	N	GAC	D	203
NC_045512.2	27129	A	C	7728	4391	37	2	0	25	0.000258699	7731	1	FALSE	M:cds-YP_009724393.1	AAC	N	CAC	H	203
NC_045512.2	27130	A	T	7646	4208	37	1	1	25	0.00013077	7647	1	FALSE	M:cds-YP_009724393.1	AAC	N	ATC	I	203
NC_045512.2	27131	C	A	7820	4234	37	2	1	31	0.000255689	7822	0.980505	FALSE	M:cds-YP_009724393.1	AAC	N	AAA	K	203
NC_045512.2	27132	T	G	7709	4257	37	2	0	27	0.000259269	7714	1	FALSE	M:cds-YP_009724393.1	TAT	Y	GAT	D	204
NC_045512.2	27132	T	C	7709	4257	37	2	0	37	0.000259269	7714	0.980478	FALSE	M:cds-YP_009724393.1	TAT	Y	CAT	H	204
NC_045512.2	27132	T	A	7709	4257	37	1	0	37	0.000129634	7714	0.996095	FALSE	M:cds-YP_009724393.1	TAT	Y	AAT	N	204
NC_045512.2	27133	A	C	8175	4641	37	1	0	25	0.000122309	8176	1	FALSE	M:cds-YP_009724393.1	TAT	Y	TCT	S	204
NC_045512.2	27134	T	G	8104	4654	37	1	0	25	0.000123335	8108	1	FALSE	M:cds-YP_009724393.1	TAT	Y	TAG	*	204
NC_045512.2	27134	T	C	8104	4654	37	2	0	37	0.00024667	8108	0.989271	FALSE	M:cds-YP_009724393.1	TAT	Y	TAC	Y	204
NC_045512.2	27134	T	A	8104	4654	37	1	1	37	0.000123335	8108	0.998049	FALSE	M:cds-YP_009724393.1	TAT	Y	TAA	*	204
NC_045512.2	27135	A	G	8164	4599	37	1	0	74	0.000122474	8165	0.500031	FALSE	M:cds-YP_009724393.1	AAA	K	GAA	E	205
NC_045512.2	27136	A	T	8106	4523	37	1	1	37	0.000123305	8110	0.998049	FALSE	M:cds-YP_009724393.1	AAA	K	ATA	I	205
NC_045512.2	27136	A	G	8106	4523	37	2	1	37	0.000246609	8110	0.989271	FALSE	M:cds-YP_009724393.1	AAA	K	AGA	R	205
NC_045512.2	27136	A	C	8106	4523	37	1	0	25	0.000123305	8110	1	FALSE	M:cds-YP_009724393.1	AAA	K	ACA	T	205
NC_045512.2	27137	A	C	8089	4346	37	7	7	28	0.000864625	8096	1	FALSE	M:cds-YP_009724393.1	AAA	K	AAC	N	205
NC_045512.2	27138	T	G	8750	5227	37	1	0	25	0.000114273	8751	1	FALSE	M:cds-YP_009724393.1	TTA	L	GTA	V	206
NC_045512.2	27139	T	G	9013	5357	38	2	2	31	0.000221754	9019	0.994144	FALSE	M:cds-YP_009724393.1	TTA	L	TGA	*	206
NC_045512.2	27139	T	C	9013	5357	38	4	3	37	0.000443508	9019	0.953896	FALSE	M:cds-YP_009724393.1	TTA	L	TCA	S	206
NC_045512.2	27140	A	G	8943	5308	38	2	1	37	0.000223514	8948	0.989265	FALSE	M:cds-YP_009724393.1	TTA	L	TTG	L	206
NC_045512.2	27140	A	C	8943	5308	38	3	3	25	0.00033527	8948	1	FALSE	M:cds-YP_009724393.1	TTA	L	TTC	F	206
NC_045512.2	27141	A	C	8717	5169	37	13	12	29	0.00148912	8730	1	FALSE	M:cds-YP_009724393.1	AAC	N	CAC	H	207
NC_045512.2	27142	A	G	8889	5139	38	1	0	37	0.00011236	8900	0.998042	FALSE	M:cds-YP_009724393.1	AAC	N	AGC	S	207
NC_045512.2	27142	A	C	8889	5139	38	10	10	25	0.0011236	8900	1	FALSE	M:cds-YP_009724393.1	AAC	N	ACC	T	207
NC_045512.2	27143	C	T	9343	5777	38	1	1	37	0.000106986	9347	0.999025	FALSE	M:cds-YP_009724393.1	AAC	N	AAT	N	207
NC_045512.2	27143	C	G	9343	5777	38	1	1	37	0.000106986	9347	0.999025	FALSE	M:cds-YP_009724393.1	AAC	N	AAG	K	207
NC_045512.2	27143	C	A	9343	5777	38	2	0	37	0.000213972	9347	0.994149	FALSE	M:cds-YP_009724393.1	AAC	N	AAA	K	207
NC_045512.2	27144	A	G	8890	5167	37	1	0	25	0.000112284	8906	1	FALSE	M:cds-YP_009724393.1	ACA	T	GCA	A	208
NC_045512.2	27144	A	C	8890	5167	37	15	14	28	0.00168426	8906	1	FALSE	M:cds-YP_009724393.1	ACA	T	CCA	P	208
NC_045512.2	27145	C	T	9468	5800	38	2	2	37	0.000211171	9471	0.994152	FALSE	M:cds-YP_009724393.1	ACA	T	ATA	I	208
NC_045512.2	27145	C	A	9468	5800	38	1	0	37	0.000105585	9471	0.999025	FALSE	M:cds-YP_009724393.1	ACA	T	AAA	K	208
NC_045512.2	27146	A	T	8963	5302	38	3	3	37	0.000334485	8969	0.967299	FALSE	M:cds-YP_009724393.1	ACA	T	ACT	T	208
NC_045512.2	27146	A	G	8963	5302	38	1	1	37	0.000111495	8969	0.998047	FALSE	M:cds-YP_009724393.1	ACA	T	ACG	T	208
NC_045512.2	27146	A	C	8963	5302	38	2	1	25	0.00022299	8969	1	FALSE	M:cds-YP_009724393.1	ACA	T	ACC	T	208
NC_045512.2	27147	G	T	9180	5467	37	2	1	25	0.000217794	9183	1	FALSE	M:cds-YP_009724393.1	GAC	D	TAC	Y	209
NC_045512.2	27147	G	A	9180	5467	37	1	1	37	0.000108897	9183	0.999025	FALSE	M:cds-YP_009724393.1	GAC	D	AAC	N	209
NC_045512.2	27148	A	T	9343	5543	38	4	1	37	0.000427762	9351	0.953857	FALSE	M:cds-YP_009724393.1	GAC	D	GTC	V	209
NC_045512.2	27148	A	G	9343	5543	38	1	1	25	0.00010694	9351	1	FALSE	M:cds-YP_009724393.1	GAC	D	GGC	G	209
NC_045512.2	27148	A	C	9343	5543	38	3	3	29	0.000320821	9351	1	FALSE	M:cds-YP_009724393.1	GAC	D	GCC	A	209
NC_045512.2	27149	C	T	9788	5831	38	2	1	37	0.00020429	9790	0.994154	FALSE	M:cds-YP_009724393.1	GAC	D	GAT	D	209
NC_045512.2	27150	C	A	9860	5860	38	1	1	37	0.00010141	9861	0.999026	FALSE	M:cds-YP_009724393.1	CAT	H	AAT	N	210
NC_045512.2	27150	C	-AT	9860	5860	38	1	0	20	0.00010141	9861	1	FALSE	NA	NA	NA	NA	NA	NA
NC_045512.2	27151	A	G	9354	5410	37	1	1	25	0.000106883	9356	1	FALSE	M:cds-YP_009724393.1	CAT	H	CGT	R	210
NC_045512.2	27151	A	C	9354	5410	37	1	1	37	0.000106883	9356	0.999025	FALSE	M:cds-YP_009724393.1	CAT	H	CCT	P	210
NC_045512.2	27152	T	G	8667	4814	36	8	7	28	0.00092219	8675	1	FALSE	M:cds-YP_009724393.1	CAT	H	CAG	Q	210
NC_045512.2	27153	T	C	9572	5520	38	3	1	29	0.000313283	9576	1	FALSE	M:cds-YP_009724393.1	TCC	S	CCC	P	211
NC_045512.2	27153	T	A	9572	5520	38	1	1	37	0.000104428	9576	0.999025	FALSE	M:cds-YP_009724393.1	TCC	S	ACC	T	211
NC_045512.2	27153	T	+CC	9572	5520	38	2	0	20	0.000208855	9576	1	FALSE	NA	NA	NA	NA	NA	NA
NC_045512.2	27154	C	A	9659	5743	38	4	2	25	0.00041395	9663	1	FALSE	M:cds-YP_009724393.1	TCC	S	TAC	Y	211
NC_045512.2	27155	C	T	9919	5779	38	1	0	37	0.000100796	9921	0.999026	FALSE	M:cds-YP_009724393.1	TCC	S	TCT	S	211
NC_045512.2	27155	C	A	9919	5779	38	1	1	37	0.000100796	9921	0.999026	FALSE	M:cds-YP_009724393.1	TCC	S	TCA	S	211
NC_045512.2	27156	A	G	9534	5437	38	2	0	61	0.000209732	9536	0.250013	FALSE	M:cds-YP_009724393.1	AGT	S	GGT	G	212
NC_045512.2	27157	G	T	9496	5387	37	1	1	37	0.000105285	9498	0.999026	FALSE	M:cds-YP_009724393.1	AGT	S	ATT	I	212
NC_045512.2	27157	G	A	9496	5387	37	1	0	37	0.000105285	9498	0.999026	FALSE	M:cds-YP_009724393.1	AGT	S	AAT	N	212
NC_045512.2	27158	T	G	9306	5171	38	3	2	29	0.000322269	9309	1	FALSE	M:cds-YP_009724393.1	AGT	S	AGG	R	212
NC_045512.2	27159	A	G	9574	5443	38	3	1	37	0.000313152	9580	0.980726	FALSE	M:cds-YP_009724393.1	AGC	S	GGC	G	213
NC_045512.2	27159	A	C	9574	5443	38	3	1	29	0.000313152	9580	1	FALSE	M:cds-YP_009724393.1	AGC	S	CGC	R	213
NC_045512.2	27160	G	T	9370	5380	38	1	0	74	0.000106689	9373	0.499973	FALSE	M:cds-YP_009724393.1	AGC	S	ATC	I	213
NC_045512.2	27160	G	A	9370	5380	38	2	0	37	0.000213379	9373	0.994152	FALSE	M:cds-YP_009724393.1	AGC	S	AAC	N	213
NC_045512.2	27161	C	T	9501	5375	38	2	2	37	0.00021046	9503	0.994155	FALSE	M:cds-YP_009724393.1	AGC	S	AGT	S	213
NC_045512.2	27162	A	T	9425	5354	38	1	1	25	0.000106056	9429	1	FALSE	M:cds-YP_009724393.1	AGT	S	TGT	C	214
NC_045512.2	27162	A	G	9425	5354	38	3	2	37	0.000318167	9429	0.980743	FALSE	M:cds-YP_009724393.1	AGT	S	GGT	G	214
NC_045512.2	27163	G	A	9320	5374	38	2	2	37	0.000214546	9322	0.994155	FALSE	M:cds-YP_009724393.1	AGT	S	AAT	N	214
NC_045512.2	27164	T	C	9247	5316	38	2	1	37	0.00021624	9249	0.994155	FALSE	M:cds-YP_009724393.1	AGT	S	AGC	S	214
NC_045512.2	27166	A	G	9228	5301	38	2	1	31	0.000216685	9230	0.994155	FALSE	M:cds-YP_009724393.1	GAC	D	GGC	G	215
NC_045512.2	27167	C	T	9566	5287	38	1	0	37	0.000104515	9568	0.999026	FALSE	M:cds-YP_009724393.1	GAC	D	GAT	D	215
NC_045512.2	27167	C	A	9566	5287	38	1	1	37	0.000104515	9568	0.999026	FALSE	M:cds-YP_009724393.1	GAC	D	GAA	E	215
NC_045512.2	27168	A	G	9669	5289	38	1	1	37	0.000103402	9671	0.999026	FALSE	M:cds-YP_009724393.1	AAT	N	GAT	D	216
NC_045512.2	27168	A	C	9669	5289	38	1	0	25	0.000103402	9671	1	FALSE	M:cds-YP_009724393.1	AAT	N	CAT	H	216
NC_045512.2	27169	A	C	9628	5164	37	1	1	25	0.000103853	9629	1	FALSE	M:cds-YP_009724393.1	AAT	N	ACT	T	216
NC_045512.2	27170	T	C	9389	5271	37	3	3	37	0.000319421	9392	0.980751	FALSE	M:cds-YP_009724393.1	AAT	N	AAC	N	216
NC_045512.2	27171	A	C	10172	6019	38	5	2	28	0.000491304	10177	1	FALSE	M:cds-YP_009724393.1	ATT	I	CTT	L	217
NC_045512.2	27172	T	G	10089	5958	38	7	7	26	0.000693207	10098	1	FALSE	M:cds-YP_009724393.1	ATT	I	AGT	S	217
NC_045512.2	27172	T	C	10089	5958	38	1	1	37	9.90295e-05	10098	0.999511	FALSE	M:cds-YP_009724393.1	ATT	I	ACT	T	217
NC_045512.2	27172	T	A	10089	5958	38	1	0	25	9.90295e-05	10098	1	FALSE	M:cds-YP_009724393.1	ATT	I	AAT	N	217
NC_045512.2	27173	T	G	10579	6383	39	1	1	25	9.45001e-05	10582	1	FALSE	M:cds-YP_009724393.1	ATT	I	ATG	M	217
NC_045512.2	27173	T	C	10579	6383	39	1	0	37	9.45001e-05	10582	0.999513	FALSE	M:cds-YP_009724393.1	ATT	I	ATC	I	217
NC_045512.2	27173	T	A	10579	6383	39	1	1	25	9.45001e-05	10582	1	FALSE	M:cds-YP_009724393.1	ATT	I	ATA	I	217
NC_045512.2	27174	G	T	10391	6370	38	2	1	31	0.0001924	10395	0.996832	FALSE	M:cds-YP_009724393.1	GCT	A	TCT	S	218
NC_045512.2	27174	G	A	10391	6370	38	2	0	37	0.0001924	10395	0.996832	FALSE	M:cds-YP_009724393.1	GCT	A	ACT	T	218
NC_045512.2	27175	C	T	10507	6449	38	6	4	37	0.000570722	10513	0.895065	FALSE	M:cds-YP_009724393.1	GCT	A	GTT	V	218
NC_045512.2	27175	C	-T	10507	6449	38	1	0	20	9.51203e-05	10513	1	FALSE	NA	NA	NA	NA	NA	NA
NC_045512.2	27176	T	G	9867	5900	38	1	0	25	0.000101297	9872	1	FALSE	M:cds-YP_009724393.1	GCT	A	GCG	A	218
NC_045512.2	27176	T	C	9867	5900	38	4	0	37	0.000405186	9872	0.95391	FALSE	M:cds-YP_009724393.1	GCT	A	GCC	A	218
NC_045512.2	27177	T	G	9790	5698	38	4	3	31	0.000408288	9797	0.953875	FALSE	M:cds-YP_009724393.1	TTG	L	GTG	V	219
NC_045512.2	27177	T	C	9790	5698	38	2	2	37	0.000204144	9797	0.994141	FALSE	M:cds-YP_009724393.1	TTG	L	CTG	L	219
NC_045512.2	27177	T	A	9790	5698	38	1	1	37	0.000102072	9797	0.999023	FALSE	M:cds-YP_009724393.1	TTG	L	ATG	M	219
NC_045512.2	27178	T	G	9735	5817	39	2	2	31	0.000205381	9738	0.994152	FALSE	M:cds-YP_009724393.1	TTG	L	TGG	W	219
NC_045512.2	27178	T	C	9735	5817	39	1	1	25	0.00010269	9738	1	FALSE	M:cds-YP_009724393.1	TTG	L	TCG	S	219
NC_045512.2	27179	G	T	9667	5832	38	1	0	37	0.000103402	9671	0.999025	FALSE	M:cds-YP_009724393.1	TTG	L	TTT	F	219
NC_045512.2	27179	G	C	9667	5832	38	1	1	37	0.000103402	9671	0.999025	FALSE	M:cds-YP_009724393.1	TTG	L	TTC	F	219
NC_045512.2	27179	G	A	9667	5832	38	2	2	37	0.000206804	9671	0.994149	FALSE	M:cds-YP_009724393.1	TTG	L	TTA	L	219
NC_045512.2	27180	C	T	9409	5695	37	6	5	35	0.000637281	9415	0.849267	FALSE	M:cds-YP_009724393.1	CTT	L	TTT	F	220
NC_045512.2	27180	C	-T	9409	5695	37	1	0	20	0.000106213	9415	1	FALSE	NA	NA	NA	NA	NA	NA
NC_045512.2	27183	G	A	9661	5897	38	1	0	37	0.000103498	9662	0.999026	FALSE	M:cds-YP_009724393.1	GTA	V	ATA	I	221
NC_045512.2	27184	T	G	9617	5849	38	1	0	29	0.000103972	9618	1	FALSE	M:cds-YP_009724393.1	GTA	V	GGA	G	221
NC_045512.2	27185	A	G	9620	5838	38	2	2	37	0.000207857	9622	0.994155	FALSE	M:cds-YP_009724393.1	GTA	V	GTG	V	221
NC_045512.2	27186	C	T	9713	5904	38	1	1	37	0.000102923	9716	0.999025	FALSE	M:cds-YP_009724393.1	CAG	Q	TAG	*	222
NC_045512.2	27186	C	G	9713	5904	38	2	1	37	0.000205846	9716	0.994152	FALSE	M:cds-YP_009724393.1	CAG	Q	GAG	E	222
NC_045512.2	27188	G	T	9659	5680	38	1	1	25	0.000103498	9662	1	FALSE	M:cds-YP_009724393.1	CAG	Q	CAT	H	222
NC_045512.2	27188	G	A	9659	5680	38	2	1	31	0.000206996	9662	0.994152	FALSE	M:cds-YP_009724393.1	CAG	Q	CAA	Q	222
NC_045512.2	27189	T	G	9577	5590	38	1	1	25	0.000104395	9579	1	FALSE	M:cds-YP_009724393.1	TAA	*	GAA	E	223
NC_045512.2	27189	T	C	9577	5590	38	1	1	37	0.000104395	9579	0.999026	FALSE	M:cds-YP_009724393.1	TAA	*	CAA	Q	223
NC_045512.2	27189	T	-A	9577	5590	38	1	0	20	0.000104395	9579	1	FALSE	NA	NA	NA	NA	NA	NA
NC_045512.2	27190	A	T	9480	5488	38	1	1	37	0.00010543	9485	0.999024	FALSE	M:cds-YP_009724393.1	TAA	*	TTA	L	223
NC_045512.2	27190	A	G	9480	5488	38	2	1	37	0.000210859	9485	0.994143	FALSE	M:cds-YP_009724393.1	TAA	*	TGA	*	223
NC_045512.2	27190	A	C	9480	5488	38	2	2	37	0.000210859	9485	0.994143	FALSE	M:cds-YP_009724393.1	TAA	*	TCA	S	223
NC_045512.2	27191	A	T	9389	5507	38	2	1	31	0.000212925	9393	0.994149	FALSE	M:cds-YP_009724393.1	TAA	*	TAT	Y	223
NC_045512.2	27191	A	C	9389	5507	38	2	1	31	0.000212925	9393	0.994149	FALSE	M:cds-YP_009724393.1	TAA	*	TAC	Y	223
NC_045512.2	27192	G	T	9449	5549	38	1	1	37	0.000105809	9451	0.999026	FALSE	NA	NA	NA	NA	NA	NA
NC_045512.2	27192	G	A	9449	5549	38	1	1	37	0.000105809	9451	0.999026	FALSE	NA	NA	NA	NA	NA	NA
NC_045512.2	27193	T	G	9499	5547	38	1	1	25	0.00010523	9503	1	FALSE	NA	NA	NA	NA	NA	NA
NC_045512.2	27193	T	C	9499	5547	38	2	1	55	0.00021046	9503	0.249961	FALSE	NA	NA	NA	NA	NA	NA
NC_045512.2	27193	T	A	9499	5547	38	1	0	37	0.00010523	9503	0.999025	FALSE	NA	NA	NA	NA	NA	NA
NC_045512.2	27194	G	A	9615	5693	38	2	1	37	0.000207965	9617	0.994155	FALSE	NA	NA	NA	NA	NA	NA
NC_045512.2	27195	A	T	9442	5513	38	1	0	37	0.000105865	9446	0.999025	FALSE	NA	NA	NA	NA	NA	NA
NC_045512.2	27195	A	G	9442	5513	38	1	0	37	0.000105865	9446	0.999025	FALSE	NA	NA	NA	NA	NA	NA
NC_045512.2	27195	A	C	9442	5513	38	2	2	27	0.00021173	9446	1	FALSE	NA	NA	NA	NA	NA	NA
NC_045512.2	27196	C	T	9696	5704	38	4	2	37	0.000412371	9700	0.953929	FALSE	NA	NA	NA	NA	NA	NA
NC_045512.2	27196	C	-A	9696	5704	38	1	0	20	0.000103093	9700	1	FALSE	NA	NA	NA	NA	NA	NA
NC_045512.2	27197	A	G	9160	5359	38	2	1	37	0.000218198	9166	0.994144	FALSE	NA	NA	NA	NA	NA	NA
NC_045512.2	27197	A	C	9160	5359	38	4	0	31	0.000436395	9166	0.953896	FALSE	NA	NA	NA	NA	NA	NA
NC_045512.2	27200	A	G	9182	5361	38	4	3	46	0.000435445	9186	0.0624932	FALSE	NA	NA	NA	NA	NA	NA
NC_045512.2	27201	G	A	9057	5311	38	4	1	43	0.000441452	9061	0.0624931	FALSE	NA	NA	NA	NA	NA	NA
NC_045512.2	27202	A	G	9022	5274	38	2	1	37	0.000221607	9025	0.994153	FALSE	ORF6:cds-YP_009724394.1	ATG	M	GTG	V	1
NC_045512.2	27202	A	C	9022	5274	38	1	0	37	0.000110803	9025	0.999025	FALSE	ORF6:cds-YP_009724394.1	ATG	M	CTG	L	1
NC_045512.2	27203	T	A	9027	5434	38	2	1	25	0.000221508	9029	1	FALSE	ORF6:cds-YP_009724394.1	ATG	M	AAG	K	1
NC_045512.2	27204	G	T	9558	6028	38	2	1	37	0.000209205	9560	0.994155	FALSE	ORF6:cds-YP_009724394.1	ATG	M	ATT	I	1
NC_045512.2	27205	T	C	9246	5773	39	6	4	43	0.000648508	9252	0.0156174	FALSE	ORF6:cds-YP_009724394.1	TTT	F	CTT	L	2
NC_045512.2	27206	T	A	9211	5861	39	1	0	37	0.000108554	9212	0.999026	FALSE	ORF6:cds-YP_009724394.1	TTT	F	TAT	Y	2
NC_045512.2	27207	T	C	9191	5775	39	2	2	49	0.000217557	9193	0.250014	FALSE	ORF6:cds-YP_009724394.1	TTT	F	TTC	F	2
NC_045512.2	27208	C	A	9181	5784	39	1	0	25	0.000108909	9182	1	FALSE	ORF6:cds-YP_009724394.1	CAT	H	AAT	N	3
NC_045512.2	27209	A	G	9093	5745	39	1	0	37	0.000109963	9094	0.999026	FALSE	ORF6:cds-YP_009724394.1	CAT	H	CGT	R	3
NC_045512.2	27210	T	C	9146	5774	39	1	1	37	0.000109325	9147	0.999026	FALSE	ORF6:cds-YP_009724394.1	CAT	H	CAC	H	3
NC_045512.2	27211	C	T	9263	5949	39	2	1	37	0.000215796	9268	0.994146	FALSE	ORF6:cds-YP_009724394.1	CTC	L	TTC	F	4
NC_045512.2	27211	C	A	9263	5949	39	3	2	33	0.000323694	9268	0.980735	FALSE	ORF6:cds-YP_009724394.1	CTC	L	ATC	I	4
NC_045512.2	27212	T	C	9235	5896	39	2	2	31	0.000216521	9237	0.994155	FALSE	ORF6:cds-YP_009724394.1	CTC	L	CCC	P	4
NC_045512.2	27214	G	T	9093	5801	39	1	0	37	0.000109854	9103	0.999022	FALSE	ORF6:cds-YP_009724394.1	GTT	V	TTT	F	5
NC_045512.2	27214	G	A	9093	5801	39	9	6	35	0.000988685	9103	0.592781	FALSE	ORF6:cds-YP_009724394.1	GTT	V	ATT	I	5
NC_045512.2	27215	T	G	8886	5830	38	3	0	25	0.00033742	8891	1	FALSE	ORF6:cds-YP_009724394.1	GTT	V	GGT	G	5
NC_045512.2	27215	T	C	8886	5830	38	2	1	37	0.000224947	8891	0.989265	FALSE	ORF6:cds-YP_009724394.1	GTT	V	GCT	A	5
NC_045512.2	27216	T	G	8913	5854	38	1	1	25	0.000112183	8914	1	FALSE	ORF6:cds-YP_009724394.1	GTT	V	GTG	V	5
NC_045512.2	27218	A	T	8697	5944	38	1	1	37	0.000114956	8699	0.998051	FALSE	ORF6:cds-YP_009724394.1	GAC	D	GTC	V	6
NC_045512.2	27218	A	G	8697	5944	38	1	1	37	0.000114956	8699	0.998051	FALSE	ORF6:cds-YP_009724394.1	GAC	D	GGC	G	6
NC_045512.2	27220	T	G	8647	5943	38	1	0	37	0.000115607	8650	0.99805	FALSE	ORF6:cds-YP_009724394.1	TTT	F	GTT	V	7
NC_045512.2	27220	T	C	8647	5943	38	2	2	37	0.000231214	8650	0.989276	FALSE	ORF6:cds-YP_009724394.1	TTT	F	CTT	L	7
NC_045512.2	27221	T	G	8581	5940	38	2	0	33	0.000232992	8584	0.989276	FALSE	ORF6:cds-YP_009724394.1	TTT	F	TGT	C	7
NC_045512.2	27221	T	C	8581	5940	38	1	0	48	0.000116496	8584	0.499971	FALSE	ORF6:cds-YP_009724394.1	TTT	F	TCT	S	7
NC_045512.2	27222	T	A	8573	5976	38	2	2	37	0.000233236	8575	0.989281	FALSE	ORF6:cds-YP_009724394.1	TTT	F	TTA	L	7
NC_045512.2	27223	C	T	8513	5943	38	1	1	37	0.000117454	8514	0.998052	FALSE	ORF6:cds-YP_009724394.1	CAG	Q	TAG	*	8
NC_045512.2	27224	A	T	8424	5979	38	2	2	37	0.000237107	8435	0.989234	FALSE	ORF6:cds-YP_009724394.1	CAG	Q	CTG	L	8
NC_045512.2	27224	A	G	8424	5979	38	9	6	37	0.00106698	8435	0.499901	FALSE	ORF6:cds-YP_009724394.1	CAG	Q	CGG	R	8
NC_045512.2	27225	G	T	8488	5882	38	1	1	37	0.0001178	8489	0.998052	FALSE	ORF6:cds-YP_009724394.1	CAG	Q	CAT	H	8
NC_045512.2	27227	T	G	7968	5500	37	5	5	29	0.000626959	7975	1	FALSE	ORF6:cds-YP_009724394.1	GTT	V	GGT	G	9
NC_045512.2	27227	T	C	7968	5500	37	2	2	31	0.000250784	7975	0.98046	FALSE	ORF6:cds-YP_009724394.1	GTT	V	GCT	A	9
NC_045512.2	27228	T	C	8068	5571	38	1	1	37	0.000123931	8069	0.998052	FALSE	ORF6:cds-YP_009724394.1	GTT	V	GTC	V	9
NC_045512.2	27229	A	G	7976	5484	37	1	1	37	0.000125329	7979	0.996099	FALSE	ORF6:cds-YP_009724394.1	ACT	T	GCT	A	10
NC_045512.2	27229	A	C	7976	5484	37	2	0	27	0.000250658	7979	1	FALSE	ORF6:cds-YP_009724394.1	ACT	T	CCT	P	10
NC_045512.2	27230	C	A	8135	5614	38	2	2	25	0.000245791	8137	1	FALSE	ORF6:cds-YP_009724394.1	ACT	T	AAT	N	10
NC_045512.2	27231	T	C	9268	5675	38	2	2	37	0.00021575	9270	0.994155	FALSE	ORF6:cds-YP_009724394.1	ACT	T	ACC	T	10
NC_045512.2	27232	A	T	9346	5723	38	1	1	37	0.000106975	9348	0.999026	FALSE	ORF6:cds-YP_009724394.1	ATA	I	TTA	L	11
NC_045512.2	27232	A	C	9346	5723	38	1	0	25	0.000106975	9348	1	FALSE	ORF6:cds-YP_009724394.1	ATA	I	CTA	L	11
NC_045512.2	27233	T	G	9219	5572	38	1	1	25	0.00010846	9220	1	FALSE	ORF6:cds-YP_009724394.1	ATA	I	AGA	R	11
NC_045512.2	27234	A	G	8619	4989	37	1	0	37	0.000116009	8620	0.998052	FALSE	ORF6:cds-YP_009724394.1	ATA	I	ATG	M	11
NC_045512.2	27235	G	T	9107	5535	38	1	0	37	0.000109733	9113	0.999024	FALSE	ORF6:cds-YP_009724394.1	GCA	A	TCA	S	12
NC_045512.2	27235	G	A	9107	5535	38	5	4	37	0.000548667	9113	0.910301	FALSE	ORF6:cds-YP_009724394.1	GCA	A	ACA	T	12
NC_045512.2	27236	C	T	9328	5775	38	2	2	37	0.000214362	9330	0.994155	FALSE	ORF6:cds-YP_009724394.1	GCA	A	GTA	V	12
NC_045512.2	27237	A	T	9546	6103	39	1	0	37	0.000104679	9553	0.999023	FALSE	ORF6:cds-YP_009724394.1	GCA	A	GCT	A	12
NC_045512.2	27237	A	G	9546	6103	39	5	4	44	0.000523396	9553	0.0312255	FALSE	ORF6:cds-YP_009724394.1	GCA	A	GCG	A	12
NC_045512.2	27237	A	C	9546	6103	39	1	0	37	0.000104679	9553	0.999023	FALSE	ORF6:cds-YP_009724394.1	GCA	A	GCC	A	12
NC_045512.2	27238	G	A	9099	5878	39	2	2	37	0.000219756	9101	0.994155	FALSE	ORF6:cds-YP_009724394.1	GAG	E	AAG	K	13
NC_045512.2	27238	G	-A	9099	5878	39	1	0	20	0.000109878	9101	1	FALSE	NA	NA	NA	NA	NA	NA
NC_045512.2	27240	G	T	8278	4985	39	3	3	29	0.000362231	8282	1	FALSE	ORF6:cds-YP_009724394.1	GAG	E	GAT	D	13
NC_045512.2	27240	G	A	8278	4985	39	1	1	37	0.000120744	8282	0.998049	FALSE	ORF6:cds-YP_009724394.1	GAG	E	GAA	E	13
NC_045512.2	27241	A	T	8236	5030	39	2	1	31	0.000242718	8240	0.989271	FALSE	ORF6:cds-YP_009724394.1	ATA	I	TTA	L	14
NC_045512.2	27241	A	G	8236	5030	39	2	1	37	0.000242718	8240	0.989271	FALSE	ORF6:cds-YP_009724394.1	ATA	I	GTA	V	14
NC_045512.2	27242	T	G	8231	5063	39	2	0	25	0.000242895	8234	1	FALSE	ORF6:cds-YP_009724394.1	ATA	I	AGA	R	14
NC_045512.2	27242	T	C	8231	5063	39	1	1	37	0.000121448	8234	0.99805	FALSE	ORF6:cds-YP_009724394.1	ATA	I	ACA	T	14
NC_045512.2	27243	A	G	8092	5067	38	1	1	37	0.000123564	8093	0.998052	FALSE	ORF6:cds-YP_009724394.1	ATA	I	ATG	M	14
NC_045512.2	27244	T	G	8022	4987	38	1	0	25	0.000124642	8023	1	FALSE	ORF6:cds-YP_009724394.1	TTA	L	GTA	V	15
NC_045512.2	27245	T	C	8140	5053	39	1	1	37	0.000122835	8141	0.998052	FALSE	ORF6:cds-YP_009724394.1	TTA	L	TCA	S	15
NC_045512.2	27246	A	T	8150	5046	39	1	1	37	0.000122684	8151	0.998052	FALSE	ORF6:cds-YP_009724394.1	TTA	L	TTT	F	15
NC_045512.2	27247	C	A	8790	5915	40	1	1	25	0.000113753	8791	1	FALSE	ORF6:cds-YP_009724394.1	CTA	L	ATA	I	16
NC_045512.2	27248	T	A	8737	6096	40	1	1	25	0.000114443	8738	1	FALSE	ORF6:cds-YP_009724394.1	CTA	L	CAA	Q	16
NC_045512.2	27250	A	C	8388	5819	39	4	4	28	0.000476644	8392	1	FALSE	ORF6:cds-YP_009724394.1	ATT	I	CTT	L	17
NC_045512.2	27251	T	G	8605	6022	39	1	0	25	0.000116198	8606	1	FALSE	ORF6:cds-YP_009724394.1	ATT	I	AGT	S	17
NC_045512.2	27252	T	C	8623	6051	39	1	1	37	0.000115955	8624	0.998052	FALSE	ORF6:cds-YP_009724394.1	ATT	I	ATC	I	17
NC_045512.2	27253	A	G	8413	5862	39	1	1	25	0.000118793	8418	1	FALSE	ORF6:cds-YP_009724394.1	ATT	I	GTT	V	18
NC_045512.2	27253	A	C	8413	5862	39	4	4	25	0.000475172	8418	1	FALSE	ORF6:cds-YP_009724394.1	ATT	I	CTT	L	18
NC_045512.2	27254	T	G	8387	5875	39	5	3	25	0.000595593	8395	1	FALSE	ORF6:cds-YP_009724394.1	ATT	I	AGT	S	18
NC_045512.2	27254	T	C	8387	5875	39	3	1	45	0.000357356	8395	0.124888	FALSE	ORF6:cds-YP_009724394.1	ATT	I	ACT	T	18
NC_045512.2	27255	T	C	8552	6026	39	1	1	37	0.000116904	8554	0.998051	FALSE	ORF6:cds-YP_009724394.1	ATT	I	ATC	I	18
NC_045512.2	27255	T	A	8552	6026	39	1	1	37	0.000116904	8554	0.998051	FALSE	ORF6:cds-YP_009724394.1	ATT	I	ATA	I	18
NC_045512.2	27256	A	C	8362	5910	39	2	2	37	0.00023912	8364	0.989281	FALSE	ORF6:cds-YP_009724394.1	ATG	M	CTG	L	19
NC_045512.2	27257	T	G	8530	6101	39	1	1	25	0.000117206	8532	1	FALSE	ORF6:cds-YP_009724394.1	ATG	M	AGG	R	19
NC_045512.2	27257	T	C	8530	6101	39	1	1	37	0.000117206	8532	0.998051	FALSE	ORF6:cds-YP_009724394.1	ATG	M	ACG	T	19
NC_045512.2	27258	G	T	8583	6164	39	1	1	37	0.000116387	8592	0.998044	FALSE	ORF6:cds-YP_009724394.1	ATG	M	ATT	I	19
NC_045512.2	27258	G	A	8583	6164	39	8	6	37	0.000931099	8592	0.598236	FALSE	ORF6:cds-YP_009724394.1	ATG	M	ATA	I	19
NC_045512.2	27259	A	T	1	1	37	15	13	38	0.00172911	8675	8.52456e-41	TRUE	ORF6:cds-YP_009724394.1	AGG	R	TGG	W	20
NC_045512.2	27259	A	C	1	1	37	8659	6256	39	0.998156	8675	0	TRUE	ORF6:cds-YP_009724394.1	AGG	R	CGG	R	20
NC_045512.2	27260	G	T	8714	6346	39	2	2	43	0.000229437	8717	0.249986	FALSE	ORF6:cds-YP_009724394.1	AGG	R	ATG	M	20
NC_045512.2	27260	G	A	8714	6346	39	1	1	74	0.000114718	8717	0.499971	FALSE	ORF6:cds-YP_009724394.1	AGG	R	AAG	K	20
NC_045512.2	27261	G	T	8983	6644	40	1	1	25	0.000111297	8985	1	FALSE	ORF6:cds-YP_009724394.1	AGG	R	AGT	S	20
NC_045512.2	27261	G	A	8983	6644	40	1	1	37	0.000111297	8985	0.998051	FALSE	ORF6:cds-YP_009724394.1	AGG	R	AGA	R	20
NC_045512.2	27262	A	G	9040	6739	40	5	3	37	0.000552792	9045	0.910336	FALSE	ORF6:cds-YP_009724394.1	ACT	T	GCT	A	21
NC_045512.2	27264	T	G	9171	6576	39	1	1	29	0.00010898	9176	1	FALSE	ORF6:cds-YP_009724394.1	ACT	T	ACG	T	21
NC_045512.2	27264	T	C	9171	6576	39	2	1	37	0.00021796	9176	0.994146	FALSE	ORF6:cds-YP_009724394.1	ACT	T	ACC	T	21
NC_045512.2	27264	T	A	9171	6576	39	2	1	25	0.00021796	9176	1	FALSE	ORF6:cds-YP_009724394.1	ACT	T	ACA	T	21
NC_045512.2	27265	T	C	9285	6679	39	1	1	37	0.000107677	9287	0.999026	FALSE	ORF6:cds-YP_009724394.1	TTT	F	CTT	L	22
NC_045512.2	27265	T	A	9285	6679	39	1	1	25	0.000107677	9287	1	FALSE	ORF6:cds-YP_009724394.1	TTT	F	ATT	I	22
NC_045512.2	27266	T	A	9930	7431	41	1	0	37	0.000100695	9931	0.999026	FALSE	ORF6:cds-YP_009724394.1	TTT	F	TAT	Y	22
NC_045512.2	27267	T	C	9990	7498	41	6	5	39	0.00060024	9996	0.849259	FALSE	ORF6:cds-YP_009724394.1	TTT	F	TTC	F	22
NC_045512.2	27268	A	T	9776	7573	40	1	1	37	0.00010226	9779	0.999025	FALSE	ORF6:cds-YP_009724394.1	AAA	K	TAA	*	23
NC_045512.2	27268	A	G	9776	7573	40	2	2	37	0.00020452	9779	0.994152	FALSE	ORF6:cds-YP_009724394.1	AAA	K	GAA	E	23
NC_045512.2	27269	A	G	9494	7304	39	1	1	37	0.000105285	9498	0.999025	FALSE	ORF6:cds-YP_009724394.1	AAA	K	AGA	R	23
NC_045512.2	27269	A	C	9494	7304	39	3	3	26	0.000315856	9498	1	FALSE	ORF6:cds-YP_009724394.1	AAA	K	ACA	T	23
NC_045512.2	27270	A	T	9376	7307	39	2	2	37	0.00021322	9380	0.994149	FALSE	ORF6:cds-YP_009724394.1	AAA	K	AAT	N	23
NC_045512.2	27270	A	C	9376	7307	39	2	2	25	0.00021322	9380	1	FALSE	ORF6:cds-YP_009724394.1	AAA	K	AAC	N	23
NC_045512.2	27271	G	T	8899	6836	38	1	1	37	0.00011236	8900	0.998052	FALSE	ORF6:cds-YP_009724394.1	GTT	V	TTT	F	24
NC_045512.2	27271	G	-T	8899	6836	38	1	0	20	0.00011236	8900	1	FALSE	NA	NA	NA	NA	NA	NA
NC_045512.2	27272	T	G	8083	6022	39	1	1	37	0.000123686	8085	0.99805	FALSE	ORF6:cds-YP_009724394.1	GTT	V	GGT	G	24
NC_045512.2	27272	T	C	8083	6022	39	1	1	37	0.000123686	8085	0.99805	FALSE	ORF6:cds-YP_009724394.1	GTT	V	GCT	A	24
NC_045512.2	27273	T	G	8112	6031	39	2	2	25	0.000246427	8116	1	FALSE	ORF6:cds-YP_009724394.1	GTT	V	GTG	V	24
NC_045512.2	27273	T	C	8112	6031	39	2	2	37	0.000246427	8116	0.989271	FALSE	ORF6:cds-YP_009724394.1	GTT	V	GTC	V	24
NC_045512.2	27274	T	C	8296	6227	40	2	2	37	0.000241022	8298	0.989282	FALSE	ORF6:cds-YP_009724394.1	TCC	S	CCC	P	25
NC_045512.2	27275	C	T	8126	6099	39	1	1	37	0.000123047	8127	0.998052	FALSE	ORF6:cds-YP_009724394.1	TCC	S	TTC	F	25
NC_045512.2	27276	C	T	8182	6160	39	3	2	37	0.000366524	8185	0.967344	FALSE	ORF6:cds-YP_009724394.1	TCC	S	TCT	S	25
NC_045512.2	27278	T	G	8023	6062	39	1	1	25	0.000124626	8024	1	FALSE	ORF6:cds-YP_009724394.1	ATT	I	AGT	S	26
NC_045512.2	27279	T	C	8192	6232	39	2	2	37	0.000244081	8194	0.989282	FALSE	ORF6:cds-YP_009724394.1	ATT	I	ATC	I	26
NC_045512.2	27280	T	C	8211	6227	40	2	2	37	0.000243516	8213	0.989282	FALSE	ORF6:cds-YP_009724394.1	TGG	W	CGG	R	27
NC_045512.2	27281	G	T	8011	6083	39	3	3	29	0.000374345	8014	1	FALSE	ORF6:cds-YP_009724394.1	TGG	W	TTG	L	27
NC_045512.2	27282	G	T	8081	6161	39	1	0	20	0.000123716	8083	1	FALSE	ORF6:cds-YP_009724394.1	TGG	W	TGT	C	27
NC_045512.2	27282	G	A	8081	6161	39	1	1	37	0.000123716	8083	0.998051	FALSE	ORF6:cds-YP_009724394.1	TGG	W	TGA	*	27
NC_045512.2	27283	A	T	8172	6255	39	2	1	23	0.000244678	8174	1	FALSE	ORF6:cds-YP_009724394.1	AAT	N	TAT	Y	28
NC_045512.2	27284	A	T	8102	6270	39	1	1	37	0.000123381	8105	0.99805	FALSE	ORF6:cds-YP_009724394.1	AAT	N	ATT	I	28
NC_045512.2	27284	A	G	8102	6270	39	1	1	37	0.000123381	8105	0.99805	FALSE	ORF6:cds-YP_009724394.1	AAT	N	AGT	S	28
NC_045512.2	27284	A	C	8102	6270	39	1	0	25	0.000123381	8105	1	FALSE	ORF6:cds-YP_009724394.1	AAT	N	ACT	T	28
NC_045512.2	27285	T	C	8166	6251	39	1	1	37	0.000122444	8167	0.998052	FALSE	ORF6:cds-YP_009724394.1	AAT	N	AAC	N	28
NC_045512.2	27286	C	G	7934	6004	38	1	1	37	0.000126024	7935	0.996103	FALSE	ORF6:cds-YP_009724394.1	CTT	L	GTT	V	29
NC_045512.2	27287	T	C	8169	6282	39	3	1	37	0.000367107	8172	0.967344	FALSE	ORF6:cds-YP_009724394.1	CTT	L	CCT	P	29
NC_045512.2	27290	A	G	8102	6348	39	1	1	37	0.000123411	8103	0.998052	FALSE	ORF6:cds-YP_009724394.1	GAT	D	GGT	G	30
NC_045512.2	27292	T	C	7985	6273	38	3	2	37	0.000375563	7988	0.94539	FALSE	ORF6:cds-YP_009724394.1	TAC	Y	CAC	H	31
NC_045512.2	27293	A	G	7934	6212	38	1	1	37	0.000126024	7935	0.996103	FALSE	ORF6:cds-YP_009724394.1	TAC	Y	TGC	C	31
NC_045512.2	27294	C	T	7945	6238	38	1	1	25	0.000125849	7946	1	FALSE	ORF6:cds-YP_009724394.1	TAC	Y	TAT	Y	31
NC_045512.2	27295	A	G	7738	6016	38	1	0	37	0.000129182	7741	0.996099	FALSE	ORF6:cds-YP_009724394.1	ATC	I	GTC	V	32
NC_045512.2	27295	A	C	7738	6016	38	2	2	25	0.000258365	7741	1	FALSE	ORF6:cds-YP_009724394.1	ATC	I	CTC	L	32
NC_045512.2	27296	T	G	7909	6089	38	1	0	25	0.000126406	7911	1	FALSE	ORF6:cds-YP_009724394.1	ATC	I	AGC	S	32
NC_045512.2	27296	T	C	7909	6089	38	1	1	37	0.000126406	7911	0.996101	FALSE	ORF6:cds-YP_009724394.1	ATC	I	ACC	T	32
NC_045512.2	27298	A	G	7857	6076	38	1	1	37	0.000127243	7859	0.996101	FALSE	ORF6:cds-YP_009724394.1	ATA	I	GTA	V	33
NC_045512.2	27298	A	C	7857	6076	38	1	0	29	0.000127243	7859	1	FALSE	ORF6:cds-YP_009724394.1	ATA	I	CTA	L	33
NC_045512.2	27299	T	C	7795	6031	38	2	2	37	0.000256509	7797	0.980505	FALSE	ORF6:cds-YP_009724394.1	ATA	I	ACA	T	33
NC_045512.2	27299	T	-A	7795	6031	38	1	0	20	0.000128254	7797	1	FALSE	NA	NA	NA	NA	NA	NA
NC_045512.2	27300	A	G	7813	6029	38	1	1	37	0.000127975	7814	0.996101	FALSE	ORF6:cds-YP_009724394.1	ATA	I	ATG	M	33
NC_045512.2	27301	A	G	7575	5813	37	1	0	25	0.000131978	7577	1	FALSE	ORF6:cds-YP_009724394.1	AAC	N	GAC	D	34
NC_045512.2	27301	A	C	7575	5813	37	1	1	25	0.000131978	7577	1	FALSE	ORF6:cds-YP_009724394.1	AAC	N	CAC	H	34
NC_045512.2	27302	A	G	7462	5749	37	1	1	37	0.000133994	7463	0.996103	FALSE	ORF6:cds-YP_009724394.1	AAC	N	AGC	S	34
NC_045512.2	27304	C	A	7557	5775	38	3	3	37	0.000396825	7560	0.945394	FALSE	ORF6:cds-YP_009724394.1	CTC	L	ATC	I	35
NC_045512.2	27305	T	C	6626	4790	38	4	4	37	0.000603045	6633	0.828094	FALSE	ORF6:cds-YP_009724394.1	CTC	L	CCC	P	35
NC_045512.2	27305	T	A	6626	4790	38	3	3	27	0.000452284	6633	1	FALSE	ORF6:cds-YP_009724394.1	CTC	L	CAC	H	35
NC_045512.2	27306	C	A	6810	4968	38	1	1	37	0.000146821	6811	0.992204	FALSE	ORF6:cds-YP_009724394.1	CTC	L	CTA	L	35
NC_045512.2	27307	A	C	6678	4836	38	1	1	37	0.000149723	6679	0.992204	FALSE	ORF6:cds-YP_009724394.1	ATA	I	CTA	L	36
NC_045512.2	27309	A	C	6767	4951	38	1	0	25	0.000147754	6768	1	FALSE	ORF6:cds-YP_009724394.1	ATA	I	ATC	I	36
NC_045512.2	27310	A	T	6680	4868	38	1	1	37	0.000149678	6681	0.992204	FALSE	ORF6:cds-YP_009724394.1	ATT	I	TTT	F	37
NC_045512.2	27311	T	C	6733	4922	38	1	1	37	0.0001485	6734	0.992204	FALSE	ORF6:cds-YP_009724394.1	ATT	I	ACT	T	37
NC_045512.2	27312	T	C	6591	4779	39	3	2	49	0.00045489	6595	0.124972	FALSE	ORF6:cds-YP_009724394.1	ATT	I	ATC	I	37
NC_045512.2	27312	T	A	6591	4779	39	1	1	37	0.00015163	6595	0.992192	FALSE	ORF6:cds-YP_009724394.1	ATT	I	ATA	I	37
NC_045512.2	27313	A	T	6561	4759	39	1	1	37	0.000152369	6563	0.9922	FALSE	ORF6:cds-YP_009724394.1	AAA	K	TAA	*	38
NC_045512.2	27313	A	G	6561	4759	39	1	0	37	0.000152369	6563	0.9922	FALSE	ORF6:cds-YP_009724394.1	AAA	K	GAA	E	38
NC_045512.2	27314	A	G	6531	4763	39	1	1	37	0.000153092	6532	0.992204	FALSE	ORF6:cds-YP_009724394.1	AAA	K	AGA	R	38
NC_045512.2	27317	A	T	6421	4680	39	2	0	31	0.000311333	6424	0.964886	FALSE	ORF6:cds-YP_009724394.1	AAT	N	ATT	I	39
NC_045512.2	27317	A	G	6421	4680	39	1	0	37	0.000155666	6424	0.992196	FALSE	ORF6:cds-YP_009724394.1	AAT	N	AGT	S	39
NC_045512.2	27317	A	-T	6421	4680	39	1	0	20	0.000155666	6424	1	FALSE	NA	NA	NA	NA	NA	NA
NC_045512.2	27319	T	A	6212	4669	38	1	1	37	0.000160953	6213	0.992205	FALSE	ORF6:cds-YP_009724394.1	TTA	L	ATA	I	40
NC_045512.2	27321	A	G	6228	4660	38	1	1	37	0.000160539	6229	0.992205	FALSE	ORF6:cds-YP_009724394.1	TTA	L	TTG	L	40
NC_045512.2	27323	C	A	6270	4750	38	1	0	25	0.000159464	6271	1	FALSE	ORF6:cds-YP_009724394.1	TCT	S	TAT	Y	41
NC_045512.2	27324	T	G	6164	4615	38	1	1	25	0.000162101	6169	1	FALSE	ORF6:cds-YP_009724394.1	TCT	S	TCG	S	41
NC_045512.2	27324	T	C	6164	4615	38	2	2	31	0.000324202	6169	0.964853	FALSE	ORF6:cds-YP_009724394.1	TCT	S	TCC	S	41
NC_045512.2	27324	T	A	6164	4615	38	2	2	37	0.000324202	6169	0.964853	FALSE	ORF6:cds-YP_009724394.1	TCT	S	TCA	S	41
NC_045512.2	27325	A	C	6191	4636	38	2	1	31	0.000322945	6193	0.964906	FALSE	ORF6:cds-YP_009724394.1	AAG	K	CAG	Q	42
NC_045512.2	27326	A	C	5792	4485	37	3	3	29	0.000517688	5795	1	FALSE	ORF6:cds-YP_009724394.1	AAG	K	ACG	T	42
NC_045512.2	27327	G	C	5950	4626	37	1	1	25	0.000168039	5951	1	FALSE	ORF6:cds-YP_009724394.1	AAG	K	AAC	N	42
NC_045512.2	27328	T	C	6020	4615	38	3	2	37	0.000498091	6023	0.910279	FALSE	ORF6:cds-YP_009724394.1	TCA	S	CCA	P	43
NC_045512.2	27330	A	G	6015	4634	38	1	1	37	0.000166223	6016	0.992206	FALSE	ORF6:cds-YP_009724394.1	TCA	S	TCG	S	43
NC_045512.2	27332	T	C	5678	4756	37	1	1	37	0.000176087	5679	0.984404	FALSE	ORF6:cds-YP_009724394.1	CTA	L	CCA	P	44
NC_045512.2	27334	A	T	5491	4586	36	1	1	25	0.000182017	5494	1	FALSE	ORF6:cds-YP_009724394.1	ACT	T	TCT	S	45
NC_045512.2	27334	A	C	5491	4586	36	2	2	25	0.000364033	5494	1	FALSE	ORF6:cds-YP_009724394.1	ACT	T	CCT	P	45
NC_045512.2	27335	C	T	5720	4841	37	2	2	37	0.000349528	5722	0.937586	FALSE	ORF6:cds-YP_009724394.1	ACT	T	ATT	I	45
NC_045512.2	27337	G	T	4896	4032	37	1	1	25	0.00020404	4901	1	FALSE	ORF6:cds-YP_009724394.1	GAG	E	TAG	*	46
NC_045512.2	27337	G	A	4896	4032	37	4	4	37	0.00081616	4901	0.636775	FALSE	ORF6:cds-YP_009724394.1	GAG	E	AAG	K	46
NC_045512.2	27339	G	T	4566	3629	37	1	1	37	0.000218962	4567	0.968801	FALSE	ORF6:cds-YP_009724394.1	GAG	E	GAT	D	46
NC_045512.2	27340	A	G	4564	3666	37	1	1	37	0.000219058	4565	0.968801	FALSE	ORF6:cds-YP_009724394.1	AAT	N	GAT	D	47
NC_045512.2	27343	A	C	4465	3635	37	1	0	25	0.000223914	4466	1	FALSE	ORF6:cds-YP_009724394.1	AAA	K	CAA	Q	48
NC_045512.2	27350	C	A	1043	345	39	1	0	25	0.000957854	1044	0.999527	FALSE	ORF6:cds-YP_009724394.1	TCT	S	TAT	Y	50
NC_045512.2	27351	T	C	1079	348	39	1	1	37	0.000925926	1080	0.750347	FALSE	ORF6:cds-YP_009724394.1	TCT	S	TCC	S	50
NC_045512.2	27353	A	G	1080	354	39	1	0	37	0.000925069	1081	0.750347	FALSE	ORF6:cds-YP_009724394.1	CAA	Q	CGA	R	51
NC_045512.2	27355	T	A	1057	357	39	1	1	25	0.00094518	1058	0.999527	FALSE	ORF6:cds-YP_009724394.1	TTA	L	ATA	I	52
NC_045512.2	27358	G	A	1131	365	38	1	0	37	0.000883392	1132	0.750331	FALSE	ORF6:cds-YP_009724394.1	GAT	D	AAT	N	53
NC_045512.2	27363	A	T	1189	470	40	1	0	74	0.000840336	1190	0.50021	FALSE	ORF6:cds-YP_009724394.1	GAA	E	GAT	D	54
NC_045512.2	27365	A	T	1068	530	38	1	0	25	0.000935454	1069	0.999527	FALSE	ORF6:cds-YP_009724394.1	GAG	E	GTG	V	55
NC_045512.2	27367	C	T	1094	556	38	2	1	37	0.00182482	1096	0.500342	FALSE	ORF6:cds-YP_009724394.1	CAA	Q	TAA	*	56
NC_045512.2	27370	C	T	1166	603	38	1	1	37	0.000856898	1167	0.750321	FALSE	ORF6:cds-YP_009724394.1	CCA	P	TCA	S	57
NC_045512.2	27372	A	C	1162	589	38	1	1	37	0.000859845	1163	0.750323	FALSE	ORF6:cds-YP_009724394.1	CCA	P	CCC	P	57
NC_045512.2	27373	A	C	1097	522	37	2	2	25	0.00181984	1099	0.996906	FALSE	ORF6:cds-YP_009724394.1	ATG	M	CTG	L	58
NC_045512.2	27379	A	-TT	1210	633	39	1	0	20	0.000826446	1210	0.999883	FALSE	NA	NA	NA	NA	NA	NA
NC_045512.2	27380	T	G	1138	579	38	2	1	31	0.00175439	1140	0.500329	FALSE	ORF6:cds-YP_009724394.1	ATT	I	AGT	S	60
NC_045512.2	27381	T	-G	1201	622	38	1	0	20	0.000832639	1201	0.999883	FALSE	NA	NA	NA	NA	NA	NA
NC_045512.2	27382	G	C	0	0	0	1148	608	38	1	1148	0	TRUE	ORF6:cds-YP_009724394.1	GAT	D	CAT	H	61
NC_045512.2	27383	A	T	0	0	0	1147	602	38	1	1147	0	TRUE	ORF6:cds-YP_009724394.1	GAT	D	GTT	V	61
NC_045512.2	27384	T	C	1	1	37	1150	608	38	0.999131	1151	0	TRUE	ORF6:cds-YP_009724394.1	GAT	D	GAC	D	61
NC_045512.2	27384	T	+C	1	1	37	1	0	20	0.00086881	1151	0.0207338	FALSE	NA	NA	NA	NA	NA	NA
NC_045512.2	27386	A	C	1382	831	39	1	0	29	0.000723066	1383	0.999941	FALSE	ORF6:cds-YP_009724394.1	TAA	*	TCA	S	62
NC_045512.2	27395	T	C	1359	830	39	1	1	37	0.000735294	1360	0.750276	FALSE	ORF7a:cds-YP_009724395.1	ATG	M	ACG	T	1
NC_045512.2	27397	A	G	1297	876	38	1	0	37	0.000770416	1298	0.750289	FALSE	ORF7a:cds-YP_009724395.1	AAA	K	GAA	E	2
NC_045512.2	27401	T	C	1303	880	38	1	0	37	0.000766871	1304	0.750288	FALSE	ORF7a:cds-YP_009724395.1	ATT	I	ACT	T	3
NC_045512.2	27419	T	G	1383	972	39	3	3	37	0.0021645	1386	0.312635	FALSE	ORF7a:cds-YP_009724395.1	CTG	L	CGG	R	9
NC_045512.2	27423	A	G	1413	977	39	1	1	37	0.000707214	1414	0.750265	FALSE	ORF7a:cds-YP_009724395.1	ATA	I	ATG	M	10
NC_045512.2	27424	A	G	1399	965	39	2	2	37	0.00142755	1401	0.500268	FALSE	ORF7a:cds-YP_009724395.1	ACA	T	GCA	A	11
NC_045512.2	27425	C	T	1462	1017	39	1	0	37	0.000683527	1463	0.750256	FALSE	ORF7a:cds-YP_009724395.1	ACA	T	ATA	I	11
NC_045512.2	27427	C	T	1473	1034	39	1	0	37	0.000678426	1474	0.750254	FALSE	ORF7a:cds-YP_009724395.1	CTC	L	TTC	F	12
NC_045512.2	27435	T	G	1362	943	38	1	1	37	0.000733676	1363	0.750275	FALSE	ORF7a:cds-YP_009724395.1	ACT	T	ACG	T	14
NC_045512.2	27436	T	C	1388	974	38	1	1	37	0.000719942	1389	0.75027	FALSE	ORF7a:cds-YP_009724395.1	TGT	C	CGT	R	15
NC_045512.2	27437	G	A	1409	984	38	1	1	25	0.00070922	1410	0.999971	FALSE	ORF7a:cds-YP_009724395.1	TGT	C	TAT	Y	15
NC_045512.2	27442	C	T	1313	952	38	1	1	37	0.000761035	1314	0.750285	FALSE	ORF7a:cds-YP_009724395.1	CTT	L	TTT	F	17
NC_045512.2	27453	C	G	1268	890	38	1	1	37	0.000788022	1269	0.750296	FALSE	ORF7a:cds-YP_009724395.1	TAC	Y	TAG	*	20
NC_045512.2	27454	C	A	1274	897	38	1	0	25	0.000784314	1275	0.999882	FALSE	ORF7a:cds-YP_009724395.1	CAA	Q	AAA	K	21
NC_045512.2	27455	A	C	1229	857	37	1	1	25	0.000813008	1230	0.999882	FALSE	ORF7a:cds-YP_009724395.1	CAA	Q	CCA	P	21
NC_045512.2	27459	G	+C	1259	922	38	1	0	20	0.000794281	1259	0.999883	FALSE	NA	NA	NA	NA	NA	NA
NC_045512.2	27461	G	C	1180	830	38	1	0	37	0.00084674	1181	0.750318	FALSE	ORF7a:cds-YP_009724395.1	TGT	C	TCT	S	23
NC_045512.2	27462	T	A	1151	821	37	1	0	37	0.000868056	1152	0.750326	FALSE	ORF7a:cds-YP_009724395.1	TGT	C	TGA	*	23
NC_045512.2	27464	T	G	1124	802	37	1	0	25	0.000888889	1125	0.999764	FALSE	ORF7a:cds-YP_009724395.1	GTT	V	GGT	G	24
NC_045512.2	27466	A	G	1108	792	37	1	1	37	0.000901713	1109	0.750338	FALSE	ORF7a:cds-YP_009724395.1	AGA	R	GGA	G	25
NC_045512.2	27468	A	G	1083	763	38	1	1	37	0.000922509	1084	0.750346	FALSE	ORF7a:cds-YP_009724395.1	AGA	R	AGG	R	25
NC_045512.2	27470	G	A	1154	859	39	1	1	37	0.000865801	1155	0.750325	FALSE	ORF7a:cds-YP_009724395.1	GGT	G	GAT	D	26
NC_045512.2	27478	G	A	1084	821	39	1	0	74	0.000921659	1085	0.500231	FALSE	ORF7a:cds-YP_009724395.1	GTA	V	ATA	I	29
NC_045512.2	27482	T	A	993	738	40	1	1	74	0.00100604	994	0.500252	FALSE	ORF7a:cds-YP_009724395.1	CTT	L	CAT	H	30
NC_045512.2	27489	A	G	1053	844	40	3	3	37	0.00284091	1056	0.312678	FALSE	ORF7a:cds-YP_009724395.1	AAA	K	AAG	K	32
NC_045512.2	27495	T	G	1088	898	40	1	1	37	0.000918274	1089	0.750345	FALSE	ORF7a:cds-YP_009724395.1	CCT	P	CCG	P	34
NC_045512.2	27497	G	A	1199	1032	42	2	2	49	0.00166528	1201	0.250104	FALSE	ORF7a:cds-YP_009724395.1	TGC	C	TAC	Y	35
NC_045512.2	27499	T	C	1175	1018	41	1	1	37	0.00085034	1176	0.750319	FALSE	ORF7a:cds-YP_009724395.1	TCT	S	CCT	P	36
NC_045512.2	27501	T	G	1139	986	41	1	1	25	0.000877193	1140	0.999764	FALSE	ORF7a:cds-YP_009724395.1	TCT	S	TCG	S	36
NC_045512.2	27503	C	T	1162	1009	42	1	1	37	0.000859845	1163	0.750323	FALSE	ORF7a:cds-YP_009724395.1	TCT	S	TTT	F	37
NC_045512.2	27504	T	C	1150	1002	41	1	1	74	0.00086881	1151	0.500217	FALSE	ORF7a:cds-YP_009724395.1	TCT	S	TCC	S	37
NC_045512.2	27507	A	C	0	0	0	1153	1006	42	1	1153	0	TRUE	ORF7a:cds-YP_009724395.1	GGA	G	GGC	G	38
NC_045512.2	27512	A	T	1051	907	41	1	1	25	0.000949668	1053	0.999524	FALSE	ORF7a:cds-YP_009724395.1	TAC	Y	TTC	F	40
NC_045512.2	27512	A	G	1051	907	41	1	1	25	0.000949668	1053	0.999524	FALSE	ORF7a:cds-YP_009724395.1	TAC	Y	TGC	C	40
NC_045512.2	27518	G	A	1028	886	42	2	2	37	0.00194175	1030	0.500364	FALSE	ORF7a:cds-YP_009724395.1	GGC	G	GAC	D	42
NC_045512.2	27519	C	T	1035	901	42	1	1	37	0.000965251	1036	0.750362	FALSE	ORF7a:cds-YP_009724395.1	GGC	G	GGT	G	42
NC_045512.2	27520	A	C	977	853	41	1	0	37	0.00102249	978	0.500256	FALSE	ORF7a:cds-YP_009724395.1	AAT	N	CAT	H	43
NC_045512.2	27522	T	G	943	821	40	2	2	25	0.00211416	946	0.994254	FALSE	ORF7a:cds-YP_009724395.1	AAT	N	AAG	K	43
NC_045512.2	27522	T	C	943	821	40	1	0	74	0.00105708	946	0.499735	FALSE	ORF7a:cds-YP_009724395.1	AAT	N	AAC	N	43
NC_045512.2	27525	A	C	920	804	41	1	0	37	0.00108578	921	0.500272	FALSE	ORF7a:cds-YP_009724395.1	TCA	S	TCC	S	44
NC_045512.2	27526	C	T	937	824	41	1	1	37	0.0010661	938	0.500267	FALSE	ORF7a:cds-YP_009724395.1	CCA	P	TCA	S	45
NC_045512.2	27530	T	C	893	795	39	1	1	37	0.00111857	894	0.50028	FALSE	ORF7a:cds-YP_009724395.1	TTT	F	TCT	S	46
NC_045512.2	27531	T	A	900	803	39	1	1	37	0.00110988	901	0.500278	FALSE	ORF7a:cds-YP_009724395.1	TTT	F	TTA	L	46
NC_045512.2	27532	C	A	911	823	40	1	0	29	0.00109649	912	0.999053	FALSE	ORF7a:cds-YP_009724395.1	CAT	H	AAT	N	47
NC_045512.2	27536	C	G	887	814	39	1	1	22	0.00112613	888	0.998096	FALSE	ORF7a:cds-YP_009724395.1	CCT	P	CGT	R	48
NC_045512.2	27542	C	T	823	755	39	1	1	37	0.00121359	824	0.500304	FALSE	ORF7a:cds-YP_009724395.1	GCT	A	GTT	V	50
NC_045512.2	27543	T	C	800	735	39	1	1	25	0.00124844	801	0.998101	FALSE	ORF7a:cds-YP_009724395.1	GCT	A	GCC	A	50
NC_045512.2	27554	T	G	724	688	37	1	1	25	0.00137931	725	0.99619	FALSE	ORF7a:cds-YP_009724395.1	TTT	F	TGT	C	54
NC_045512.2	27562	A	G	689	666	37	1	1	37	0.00144928	690	0.500363	FALSE	ORF7a:cds-YP_009724395.1	ACT	T	GCT	A	57
NC_045512.2	27564	T	G	661	639	36	1	1	37	0.00151057	662	0.500378	FALSE	ORF7a:cds-YP_009724395.1	ACT	T	ACG	T	57
NC_045512.2	27566	G	A	669	648	36	1	1	37	0.00149254	670	0.500373	FALSE	ORF7a:cds-YP_009724395.1	TGC	C	TAC	Y	58
NC_045512.2	27574	A	T	467	465	36	1	1	25	0.00213675	468	0.96925	FALSE	ORF7a:cds-YP_009724395.1	ACT	T	TCT	S	61
NC_045512.2	27915	G	T	0	0	0	42	12	38	1	42	1.19125e-24	TRUE	ORF8:cds-YP_009724396.1	GGA	G	TGA	*	8
NC_045512.2	28038	G	T	41	9	39	51	18	39	0.554348	92	3.43322e-20	TRUE	ORF8:cds-YP_009724396.1	GTA	V	TTA	L	49
NC_045512.2	28063	T	C	73	30	38	1	0	37	0.0135135	74	0.503401	FALSE	ORF8:cds-YP_009724396.1	TTA	L	TCA	S	57
NC_045512.2	28081	A	C	71	35	38	1	1	25	0.0138889	72	0.503497	FALSE	ORF8:cds-YP_009724396.1	GAT	D	GCT	A	63
NC_045512.2	28159	A	T	69	65	38	1	1	25	0.0142857	70	0.503597	FALSE	ORF8:cds-YP_009724396.1	AAT	N	ATT	I	89
NC_045512.2	28172	T	G	760	76	35	1	0	25	0.00131406	761	0.996186	FALSE	ORF8:cds-YP_009724396.1	CCT	P	CCG	P	93
NC_045512.2	28173	A	C	1033	75	36	1	0	25	0.000967118	1034	0.999527	FALSE	ORF8:cds-YP_009724396.1	AAA	K	CAA	Q	94
NC_045512.2	28176	T	C	1140	79	35	1	0	37	0.000876424	1141	0.750329	FALSE	ORF8:cds-YP_009724396.1	TTG	L	CTG	L	95
NC_045512.2	28178	G	T	1256	83	36	172	9	37	0.120448	1428	6.84122e-53	TRUE	ORF8:cds-YP_009724396.1	TTG	L	TTT	F	95
NC_045512.2	28183	G	A	4192	102	36	1	0	37	0.000238493	4193	0.968806	FALSE	ORF8:cds-YP_009724396.1	AGT	S	AAT	N	97
NC_045512.2	28184	T	G	3589	108	35	4	0	25	0.00111204	3597	1	FALSE	ORF8:cds-YP_009724396.1	AGT	S	AGG	R	97
NC_045512.2	28184	T	C	3589	108	35	2	0	31	0.000556019	3597	0.812152	FALSE	ORF8:cds-YP_009724396.1	AGT	S	AGC	S	97
NC_045512.2	28184	T	A	3589	108	35	2	0	31	0.000556019	3597	0.812152	FALSE	ORF8:cds-YP_009724396.1	AGT	S	AGA	R	97
NC_045512.2	28185	C	G	3970	98	35	1	0	25	0.000251826	3971	1	FALSE	ORF8:cds-YP_009724396.1	CTT	L	GTT	V	98
NC_045512.2	28186	T	G	4071	105	35	3	0	29	0.000736377	4074	1	FALSE	ORF8:cds-YP_009724396.1	CTT	L	CGT	R	98
NC_045512.2	28187	T	G	4200	103	35	5	0	25	0.00118906	4205	1	FALSE	ORF8:cds-YP_009724396.1	CTT	L	CTG	L	98
NC_045512.2	28188	G	T	4575	105	36	1	0	37	0.000218531	4576	0.968801	FALSE	ORF8:cds-YP_009724396.1	GTA	V	TTA	L	99
NC_045512.2	28190	A	G	4528	106	36	1	1	37	0.000220751	4530	0.968784	FALSE	ORF8:cds-YP_009724396.1	GTA	V	GTG	V	99
NC_045512.2	28190	A	C	4528	106	36	1	0	25	0.000220751	4530	1	FALSE	ORF8:cds-YP_009724396.1	GTA	V	GTC	V	99
NC_045512.2	28194	C	T	4771	72	36	4	0	34	0.000837696	4775	0.636891	FALSE	ORF8:cds-YP_009724396.1	CGT	R	TGT	C	101
NC_045512.2	28195	G	A	4835	71	36	6	0	33	0.00123941	4841	0.377017	FALSE	ORF8:cds-YP_009724396.1	CGT	R	CAT	H	101
NC_045512.2	28196	T	G	4613	73	36	3	0	33	0.000649773	4617	0.773526	FALSE	ORF8:cds-YP_009724396.1	CGT	R	CGG	R	101
NC_045512.2	28196	T	C	4613	73	36	1	0	37	0.000216591	4617	0.96875	FALSE	ORF8:cds-YP_009724396.1	CGT	R	CGC	R	101
NC_045512.2	28197	T	G	4808	99	36	2	1	37	0.000415628	4812	0.890649	FALSE	ORF8:cds-YP_009724396.1	TGT	C	GGT	G	102
NC_045512.2	28197	T	C	4808	99	36	1	1	74	0.000207814	4812	0.499896	FALSE	ORF8:cds-YP_009724396.1	TGT	C	CGT	R	102
NC_045512.2	28197	T	A	4808	99	36	1	0	37	0.000207814	4812	0.96875	FALSE	ORF8:cds-YP_009724396.1	TGT	C	AGT	S	102
NC_045512.2	28198	G	C	4910	118	37	1	0	37	0.000203625	4911	0.968798	FALSE	ORF8:cds-YP_009724396.1	TGT	C	TCT	S	102
NC_045512.2	28199	T	G	4803	118	36	1	0	25	0.000208117	4805	1	FALSE	ORF8:cds-YP_009724396.1	TGT	C	TGG	W	102
NC_045512.2	28199	T	A	4803	118	36	1	0	25	0.000208117	4805	1	FALSE	ORF8:cds-YP_009724396.1	TGT	C	TGA	*	102
NC_045512.2	28202	G	T	4921	118	36	1	0	25	0.000203128	4923	1	FALSE	ORF8:cds-YP_009724396.1	TCG	S	TCT	S	103
NC_045512.2	28202	G	C	4921	118	36	1	0	37	0.000203128	4923	0.968782	FALSE	ORF8:cds-YP_009724396.1	TCG	S	TCC	S	103
NC_045512.2	28203	T	G	4840	119	36	1	0	25	0.000206569	4841	1	FALSE	ORF8:cds-YP_009724396.1	TTC	F	GTC	V	104
NC_045512.2	28204	T	C	4906	120	36	2	0	37	0.000407415	4909	0.890697	FALSE	ORF8:cds-YP_009724396.1	TTC	F	TCC	S	104
NC_045512.2	28204	T	A	4906	120	36	1	0	25	0.000203707	4909	1	FALSE	ORF8:cds-YP_009724396.1	TTC	F	TAC	Y	104
NC_045512.2	28206	T	C	5060	110	37	1	0	37	0.00019755	5062	0.984398	FALSE	ORF8:cds-YP_009724396.1	TAT	Y	CAT	H	105
NC_045512.2	28206	T	A	5060	110	37	1	0	37	0.00019755	5062	0.984398	FALSE	ORF8:cds-YP_009724396.1	TAT	Y	AAT	N	105
NC_045512.2	28209	G	A	5102	120	36	3	0	33	0.000587659	5105	0.855629	FALSE	ORF8:cds-YP_009724396.1	GAA	E	AAA	K	106
NC_045512.2	28210	A	G	5082	142	37	1	0	37	0.000196734	5083	0.984407	FALSE	ORF8:cds-YP_009724396.1	GAA	E	GGA	G	106
NC_045512.2	28211	A	G	5081	146	37	1	0	37	0.000196734	5083	0.984398	FALSE	ORF8:cds-YP_009724396.1	GAA	E	GAG	E	106
NC_045512.2	28211	A	C	5081	146	37	1	0	25	0.000196734	5083	1	FALSE	ORF8:cds-YP_009724396.1	GAA	E	GAC	D	106
NC_045512.2	28212	G	A	5055	149	36	1	0	37	0.000197785	5056	0.984407	FALSE	ORF8:cds-YP_009724396.1	GAC	D	AAC	N	107
NC_045512.2	28213	A	T	5209	151	37	1	0	25	0.000191902	5211	1	FALSE	ORF8:cds-YP_009724396.1	GAC	D	GTC	V	107
NC_045512.2	28213	A	G	5209	151	37	1	0	25	0.000191902	5211	1	FALSE	ORF8:cds-YP_009724396.1	GAC	D	GGC	G	107
NC_045512.2	28214	C	T	5220	153	36	1	0	37	0.000191534	5221	0.984406	FALSE	ORF8:cds-YP_009724396.1	GAC	D	GAT	D	107
NC_045512.2	28214	C	-T	5220	153	36	2	0	20	0.000383068	5221	1	FALSE	NA	NA	NA	NA	NA	NA
NC_045512.2	28215	T	C	5314	161	37	1	0	37	0.000188147	5315	0.984388	FALSE	ORF8:cds-YP_009724396.1	TTT	F	CTT	L	108
NC_045512.2	28217	T	G	5229	168	36	3	0	29	0.000573285	5233	1	FALSE	ORF8:cds-YP_009724396.1	TTT	F	TTG	L	108
NC_045512.2	28217	T	C	5229	168	36	1	0	25	0.000191095	5233	1	FALSE	ORF8:cds-YP_009724396.1	TTT	F	TTC	F	108
NC_045512.2	28218	T	C	5304	171	37	1	0	37	0.000188501	5305	0.984406	FALSE	ORF8:cds-YP_009724396.1	TTA	L	CTA	L	109
NC_045512.2	28219	T	A	5395	170	37	1	0	25	0.000185322	5396	1	FALSE	ORF8:cds-YP_009724396.1	TTA	L	TAA	*	109
NC_045512.2	28220	A	G	5450	210	37	1	0	37	0.000183453	5451	0.984405	FALSE	ORF8:cds-YP_009724396.1	TTA	L	TTG	L	109
NC_045512.2	28221	G	T	5449	252	37	1	0	37	0.000183486	5450	0.984405	FALSE	ORF8:cds-YP_009724396.1	GAG	E	TAG	*	110
NC_045512.2	28222	A	T	5518	348	38	1	0	37	0.000181028	5524	0.984362	FALSE	ORF8:cds-YP_009724396.1	GAG	E	GTG	V	110
NC_045512.2	28222	A	G	5518	348	38	5	3	37	0.000905141	5524	0.623103	FALSE	ORF8:cds-YP_009724396.1	GAG	E	GGG	G	110
NC_045512.2	28223	G	A	5894	362	38	1	0	37	0.000169635	5895	0.984403	FALSE	ORF8:cds-YP_009724396.1	GAG	E	GAA	E	110
NC_045512.2	28226	T	C	6393	389	38	2	0	37	0.000312744	6395	0.964904	FALSE	ORF8:cds-YP_009724396.1	TAT	Y	TAC	Y	111
NC_045512.2	28227	C	A	6484	426	38	1	0	37	0.000154202	6485	0.992204	FALSE	ORF8:cds-YP_009724396.1	CAT	H	AAT	N	112
NC_045512.2	28228	A	G	6545	436	38	3	0	33	0.000458015	6550	0.910194	FALSE	ORF8:cds-YP_009724396.1	CAT	H	CGT	R	112
NC_045512.2	28228	A	C	6545	436	38	2	0	25	0.000305344	6550	1	FALSE	ORF8:cds-YP_009724396.1	CAT	H	CCT	P	112
NC_045512.2	28229	T	C	6477	434	38	1	0	37	0.000154369	6478	0.992204	FALSE	ORF8:cds-YP_009724396.1	CAT	H	CAC	H	112
NC_045512.2	28230	G	T	6510	437	38	2	1	33	0.000307031	6514	0.964869	FALSE	ORF8:cds-YP_009724396.1	GAC	D	TAC	Y	113
NC_045512.2	28230	G	A	6510	437	38	2	0	49	0.000307031	6514	0.249942	FALSE	ORF8:cds-YP_009724396.1	GAC	D	AAC	N	113
NC_045512.2	28232	C	T	6700	452	38	2	0	37	0.000298374	6703	0.964885	FALSE	ORF8:cds-YP_009724396.1	GAC	D	GAT	D	113
NC_045512.2	28232	C	A	6700	452	38	1	0	25	0.000149187	6703	1	FALSE	ORF8:cds-YP_009724396.1	GAC	D	GAA	E	113
NC_045512.2	28233	G	C	6664	459	38	1	0	37	0.00014997	6668	0.992192	FALSE	ORF8:cds-YP_009724396.1	GTT	V	CTT	L	114
NC_045512.2	28233	G	A	6664	459	38	3	0	37	0.00044991	6668	0.91023	FALSE	ORF8:cds-YP_009724396.1	GTT	V	ATT	I	114
NC_045512.2	28235	T	C	6714	464	38	2	1	49	0.000297796	6716	0.250019	FALSE	ORF8:cds-YP_009724396.1	GTT	V	GTC	V	114
NC_045512.2	28236	C	T	6734	463	38	1	0	37	0.000148478	6735	0.992204	FALSE	ORF8:cds-YP_009724396.1	CGT	R	TGT	C	115
NC_045512.2	28237	G	A	6702	462	38	5	0	37	0.00074549	6707	0.725754	FALSE	ORF8:cds-YP_009724396.1	CGT	R	CAT	H	115
NC_045512.2	28239	G	A	6772	512	39	2	1	37	0.000295247	6774	0.9649	FALSE	ORF8:cds-YP_009724396.1	GTT	V	ATT	I	116
NC_045512.2	28240	T	C	6737	518	39	1	0	37	0.000148412	6738	0.992204	FALSE	ORF8:cds-YP_009724396.1	GTT	V	GCT	A	116
NC_045512.2	28242	G	A	7276	528	39	1	0	25	0.000137419	7277	1	FALSE	ORF8:cds-YP_009724396.1	GTT	V	ATT	I	117
NC_045512.2	28243	T	A	7187	521	38	2	0	31	0.000278203	7189	0.980508	FALSE	ORF8:cds-YP_009724396.1	GTT	V	GAT	D	117
NC_045512.2	28245	T	C	7315	546	39	1	0	37	0.000136687	7316	0.996103	FALSE	ORF8:cds-YP_009724396.1	TTA	L	CTA	L	118
NC_045512.2	28246	T	C	7354	554	38	4	0	34	0.000543626	7358	0.88685	FALSE	ORF8:cds-YP_009724396.1	TTA	L	TCA	S	118
NC_045512.2	28247	A	T	7288	561	39	1	1	29	0.000137155	7291	1	FALSE	ORF8:cds-YP_009724396.1	TTA	L	TTT	F	118
NC_045512.2	28247	A	G	7288	561	39	2	0	25	0.000274311	7291	1	FALSE	ORF8:cds-YP_009724396.1	TTA	L	TTG	L	118
NC_045512.2	28250	T	A	7372	564	39	1	0	25	0.00013563	7373	1	FALSE	ORF8:cds-YP_009724396.1	GAT	D	GAA	E	119
NC_045512.2	28251	T	G	7268	574	38	1	1	37	0.000137571	7269	0.996103	FALSE	ORF8:cds-YP_009724396.1	TTC	F	GTC	V	120
NC_045512.2	28252	T	C	7343	575	39	4	1	37	0.000544366	7348	0.886807	FALSE	ORF8:cds-YP_009724396.1	TTC	F	TCC	S	120
NC_045512.2	28252	T	A	7343	575	39	1	0	37	0.000136091	7348	0.996095	FALSE	ORF8:cds-YP_009724396.1	TTC	F	TAC	Y	120
NC_045512.2	28256	C	A	7268	689	39	1	0	37	0.000137571	7269	0.996103	FALSE	ORF8:cds-YP_009724396.1	ATC	I	ATA	I	121
NC_045512.2	28257	T	C	7347	691	39	1	0	25	0.000136091	7348	1	FALSE	ORF8:cds-YP_009724396.1	TAA	*	CAA	Q	122
NC_045512.2	28258	A	C	7371	698	39	2	0	25	0.00027126	7373	1	FALSE	ORF8:cds-YP_009724396.1	TAA	*	TCA	S	122
NC_045512.2	28259	A	C	7374	699	39	1	0	25	0.000135593	7375	1	FALSE	ORF8:cds-YP_009724396.1	TAA	*	TAC	Y	122
NC_045512.2	28260	A	T	7229	790	39	4	0	25	0.000552944	7234	1	FALSE	NA	NA	NA	NA	NA	NA
NC_045512.2	28260	A	G	7229	790	39	1	1	37	0.000138236	7234	0.996095	FALSE	NA	NA	NA	NA	NA	NA
NC_045512.2	28262	G	T	7402	965	40	1	0	29	0.000135007	7407	1	FALSE	NA	NA	NA	NA	NA	NA
NC_045512.2	28262	G	A	7402	965	40	4	1	37	0.00054003	7407	0.886806	FALSE	NA	NA	NA	NA	NA	NA
NC_045512.2	28263	A	T	7416	977	40	1	0	37	0.000134825	7417	0.996103	FALSE	NA	NA	NA	NA	NA	NA
NC_045512.2	28264	A	G	7435	981	40	1	0	37	0.000134445	7438	0.996099	FALSE	NA	NA	NA	NA	NA	NA
NC_045512.2	28264	A	C	7435	981	40	2	0	31	0.000268889	7438	0.980497	FALSE	NA	NA	NA	NA	NA	NA
NC_045512.2	28266	A	C	7467	1200	41	1	0	25	0.000133905	7468	1	FALSE	NA	NA	NA	NA	NA	NA
NC_045512.2	28267	A	G	7552	1215	41	3	3	37	0.000396983	7557	0.945347	FALSE	NA	NA	NA	NA	NA	NA
NC_045512.2	28267	A	C	7552	1215	41	2	0	27	0.000264655	7557	1	FALSE	NA	NA	NA	NA	NA	NA
NC_045512.2	28269	C	+G	7641	1319	41	1	0	20	0.000130873	7641	1	FALSE	NA	NA	NA	NA	NA	NA
NC_045512.2	28270	T	C	7774	1349	42	1	1	74	0.000128617	7775	0.500032	FALSE	NA	NA	NA	NA	NA	NA
NC_045512.2	28271	A	T	4	0	34	7500	1369	41	0.998801	7509	0	TRUE	NA	NA	NA	NA	NA	NA
NC_045512.2	28271	A	G	4	0	34	4	1	26	0.000532694	7509	7.66651e-07	TRUE	NA	NA	NA	NA	NA	NA
NC_045512.2	28271	A	C	4	0	34	1	0	37	0.000133174	7509	0.00531419	TRUE	NA	NA	NA	NA	NA	NA
NC_045512.2	28272	A	G	7729	1371	41	2	2	55	0.000258699	7731	0.250016	FALSE	NA	NA	NA	NA	NA	NA
NC_045512.2	28273	A	T	7550	1352	41	2	1	33	0.000264725	7555	0.980478	FALSE	NA	NA	NA	NA	NA	NA
NC_045512.2	28273	A	G	7550	1352	41	2	0	37	0.000264725	7555	0.980478	FALSE	NA	NA	NA	NA	NA	NA
NC_045512.2	28273	A	C	7550	1352	41	1	1	29	0.000132363	7555	1	FALSE	NA	NA	NA	NA	NA	NA
NC_045512.2	28274	A	T	6999	1357	39	4	0	28	0.000570939	7006	1	FALSE	N:cds-YP_009724397.2	ATG	M	TTG	L	1
NC_045512.2	28274	A	G	6999	1357	39	1	0	37	0.000142735	7006	0.99609	FALSE	N:cds-YP_009724397.2	ATG	M	GTG	V	1
NC_045512.2	28274	A	C	6999	1357	39	2	1	31	0.00028547	7006	0.980459	FALSE	N:cds-YP_009724397.2	ATG	M	CTG	L	1
NC_045512.2	28275	T	G	7228	1398	41	2	0	25	0.000276549	7232	1	FALSE	N:cds-YP_009724397.2	ATG	M	AGG	R	1
NC_045512.2	28275	T	C	7228	1398	41	2	0	31	0.000276549	7232	0.980488	FALSE	N:cds-YP_009724397.2	ATG	M	ACG	T	1
NC_045512.2	28276	G	C	7299	1438	41	1	0	25	0.000136949	7302	1	FALSE	N:cds-YP_009724397.2	ATG	M	ATC	I	1
NC_045512.2	28276	G	A	7299	1438	41	2	0	37	0.000273898	7302	0.980498	FALSE	N:cds-YP_009724397.2	ATG	M	ATA	I	1
NC_045512.2	28277	T	C	7390	1427	41	1	0	25	0.000135281	7392	1	FALSE	N:cds-YP_009724397.2	TCT	S	CCT	P	2
NC_045512.2	28277	T	A	7390	1427	41	1	0	37	0.000135281	7392	0.996101	FALSE	N:cds-YP_009724397.2	TCT	S	ACT	T	2
NC_045512.2	28278	C	A	7214	1445	41	1	0	25	0.0001386	7215	1	FALSE	N:cds-YP_009724397.2	TCT	S	TAT	Y	2
NC_045512.2	28279	T	G	7143	1519	41	2	0	27	0.000279681	7151	1	FALSE	N:cds-YP_009724397.2	TCT	S	TCG	S	2
NC_045512.2	28279	T	C	7143	1519	41	5	0	39	0.000699203	7151	0.806119	FALSE	N:cds-YP_009724397.2	TCT	S	TCC	S	2
NC_045512.2	28279	T	A	7143	1519	41	1	1	37	0.000139841	7151	0.996088	FALSE	N:cds-YP_009724397.2	TCT	S	TCA	S	2
NC_045512.2	28280	G	T	7255	1540	41	1	0	37	0.000137817	7256	0.996103	FALSE	N:cds-YP_009724397.2	GAT	D	TAT	Y	3
NC_045512.2	28281	A	G	7243	1549	41	1	0	37	0.000138045	7244	0.996103	FALSE	N:cds-YP_009724397.2	GAT	D	GGT	G	3
NC_045512.2	28283	A	G	7205	1566	41	2	0	25	0.000277431	7209	1	FALSE	N:cds-YP_009724397.2	AAT	N	GAT	D	4
NC_045512.2	28283	A	C	7205	1566	41	2	0	31	0.000277431	7209	0.980488	FALSE	N:cds-YP_009724397.2	AAT	N	CAT	H	4
NC_045512.2	28284	A	T	5310	1929	39	1	0	37	0.000188147	5315	0.984371	FALSE	N:cds-YP_009724397.2	AAT	N	ATT	I	4
NC_045512.2	28284	A	G	5310	1929	39	3	1	37	0.00056444	5315	0.8555	FALSE	N:cds-YP_009724397.2	AAT	N	AGT	S	4
NC_045512.2	28284	A	C	5310	1929	39	1	1	25	0.000188147	5315	1	FALSE	N:cds-YP_009724397.2	AAT	N	ACT	T	4
NC_045512.2	28285	T	G	5376	1943	39	1	1	25	0.000185943	5378	1	FALSE	N:cds-YP_009724397.2	AAT	N	AAG	K	4
NC_045512.2	28285	T	C	5376	1943	39	1	0	37	0.000185943	5378	0.984397	FALSE	N:cds-YP_009724397.2	AAT	N	AAC	N	4
NC_045512.2	28286	G	T	5235	1971	38	3	2	33	0.000572738	5238	0.855625	FALSE	N:cds-YP_009724397.2	GGA	G	TGA	*	5
NC_045512.2	28287	G	A	5261	1994	38	1	0	37	0.000190042	5262	0.984406	FALSE	N:cds-YP_009724397.2	GGA	G	GAA	E	5
NC_045512.2	28288	A	G	5273	1987	39	3	1	37	0.000568613	5276	0.855624	FALSE	N:cds-YP_009724397.2	GGA	G	GGG	G	5
NC_045512.2	28290	C	T	5534	2036	38	1	0	37	0.000180668	5535	0.984405	FALSE	N:cds-YP_009724397.2	CCC	P	CTC	L	6
NC_045512.2	28291	C	A	5569	2025	38	2	1	37	0.000359002	5571	0.937588	FALSE	N:cds-YP_009724397.2	CCC	P	CCA	P	6
NC_045512.2	28292	C	A	5636	2037	38	1	1	37	0.000177399	5637	0.984404	FALSE	N:cds-YP_009724397.2	CAA	Q	AAA	K	7
NC_045512.2	28292	C	-A	5636	2037	38	2	0	20	0.000354799	5637	1	FALSE	NA	NA	NA	NA	NA	NA
NC_045512.2	28294	A	G	5351	1959	38	3	1	33	0.000560329	5354	0.855622	FALSE	N:cds-YP_009724397.2	CAA	Q	CAG	Q	7
NC_045512.2	28295	A	C	5530	2163	38	1	1	37	0.000180799	5531	0.984405	FALSE	N:cds-YP_009724397.2	AAT	N	CAT	H	8
NC_045512.2	28296	A	T	5500	2251	38	1	0	25	0.000181752	5502	1	FALSE	N:cds-YP_009724397.2	AAT	N	ATT	I	8
NC_045512.2	28296	A	C	5500	2251	38	1	1	37	0.000181752	5502	0.984396	FALSE	N:cds-YP_009724397.2	AAT	N	ACT	T	8
NC_045512.2	28296	A	-T	5500	2251	38	1	0	20	0.000181752	5502	1	FALSE	NA	NA	NA	NA	NA	NA
NC_045512.2	28297	T	C	1	1	37	5790	2505	38	0.999655	5792	0	TRUE	N:cds-YP_009724397.2	AAT	N	AAC	N	8
NC_045512.2	28297	T	A	1	1	37	1	1	25	0.000172652	5792	0.0199222	FALSE	N:cds-YP_009724397.2	AAT	N	AAA	K	8
NC_045512.2	28298	C	A	5727	2465	39	1	0	25	0.000174581	5728	1	FALSE	N:cds-YP_009724397.2	CAG	Q	AAG	K	9
NC_045512.2	28299	A	T	5416	2294	38	1	0	25	0.0001844	5423	1	FALSE	N:cds-YP_009724397.2	CAG	Q	CTG	L	9
NC_045512.2	28299	A	G	5416	2294	38	3	1	37	0.000553199	5423	0.855378	FALSE	N:cds-YP_009724397.2	CAG	Q	CGG	R	9
NC_045512.2	28299	A	C	5416	2294	38	3	2	33	0.000553199	5423	0.855378	FALSE	N:cds-YP_009724397.2	CAG	Q	CCG	P	9
NC_045512.2	28300	G	A	5671	2365	38	3	2	37	0.000528728	5674	0.855613	FALSE	N:cds-YP_009724397.2	CAG	Q	CAA	Q	9
NC_045512.2	28301	C	T	5744	2433	39	5	1	44	0.000869112	5753	0.0311821	FALSE	N:cds-YP_009724397.2	CGA	R	TGA	*	10
NC_045512.2	28301	C	A	5744	2433	39	4	1	31	0.000695289	5753	0.745837	FALSE	N:cds-YP_009724397.2	CGA	R	AGA	R	10
NC_045512.2	28303	A	G	5991	2636	39	1	0	37	0.000166889	5992	0.984402	FALSE	N:cds-YP_009724397.2	CGA	R	CGG	R	10
NC_045512.2	28304	A	C	5784	2476	38	1	0	25	0.000172861	5785	1	FALSE	N:cds-YP_009724397.2	AAT	N	CAT	H	11
NC_045512.2	28305	A	G	5769	2460	38	2	1	37	0.00034626	5776	0.937443	FALSE	N:cds-YP_009724397.2	AAT	N	AGT	S	11
NC_045512.2	28305	A	C	5769	2460	38	5	4	25	0.000865651	5776	1	FALSE	N:cds-YP_009724397.2	AAT	N	ACT	T	11
NC_045512.2	28306	T	G	5828	2560	38	3	3	25	0.000514403	5832	1	FALSE	N:cds-YP_009724397.2	AAT	N	AAG	K	11
NC_045512.2	28306	T	C	5828	2560	38	1	0	25	0.000171468	5832	1	FALSE	N:cds-YP_009724397.2	AAT	N	AAC	N	11
NC_045512.2	28307	G	A	5992	2676	38	9	5	43	0.00149975	6001	0.00194873	TRUE	N:cds-YP_009724397.2	GCA	A	ACA	T	12
NC_045512.2	28308	C	T	6048	2844	39	14	8	36	0.00230947	6062	0.0575524	FALSE	N:cds-YP_009724397.2	GCA	A	GTA	V	12
NC_045512.2	28309	A	G	6019	2828	39	3	3	37	0.000498173	6022	0.910279	FALSE	N:cds-YP_009724397.2	GCA	A	GCG	A	12
NC_045512.2	28311	C	T	2	1	37	6819	3726	40	0.99956	6822	0	TRUE	N:cds-YP_009724397.2	CCC	P	CTC	L	13
NC_045512.2	28311	C	G	2	1	37	1	1	37	0.000146585	6822	0.00307467	TRUE	N:cds-YP_009724397.2	CCC	P	CGC	R	13
NC_045512.2	28312	C	A	7156	3967	40	1	1	25	0.000139723	7157	1	FALSE	N:cds-YP_009724397.2	CCC	P	CCA	P	13
NC_045512.2	28314	G	T	7361	3975	40	1	1	37	0.00013574	7367	0.996093	FALSE	N:cds-YP_009724397.2	CGC	R	CTC	L	14
NC_045512.2	28314	G	A	7361	3975	40	5	2	37	0.000678702	7367	0.806251	FALSE	N:cds-YP_009724397.2	CGC	R	CAC	H	14
NC_045512.2	28315	C	T	7297	4058	40	1	0	37	0.000137024	7298	0.996103	FALSE	N:cds-YP_009724397.2	CGC	R	CGT	R	14
NC_045512.2	28316	A	G	7146	4010	39	1	1	74	0.000139919	7147	0.500035	FALSE	N:cds-YP_009724397.2	ATT	I	GTT	V	15
NC_045512.2	28317	T	G	6917	3953	39	3	3	29	0.000433463	6921	1	FALSE	N:cds-YP_009724397.2	ATT	I	AGT	S	15
NC_045512.2	28317	T	C	6917	3953	39	1	0	74	0.000144488	6921	0.499928	FALSE	N:cds-YP_009724397.2	ATT	I	ACT	T	15
NC_045512.2	28318	T	G	7182	4035	39	3	3	25	0.000417478	7186	1	FALSE	N:cds-YP_009724397.2	ATT	I	ATG	M	15
NC_045512.2	28318	T	C	7182	4035	39	1	0	37	0.000139159	7186	0.996097	FALSE	N:cds-YP_009724397.2	ATT	I	ATC	I	15
NC_045512.2	28319	A	G	7323	4047	39	1	1	37	0.000136537	7324	0.996103	FALSE	N:cds-YP_009724397.2	ACG	T	GCG	A	16
NC_045512.2	28320	C	T	7399	4120	39	8	3	35	0.00108006	7407	0.500106	FALSE	N:cds-YP_009724397.2	ACG	T	ATG	M	16
NC_045512.2	28321	G	C	7335	4018	40	1	0	37	0.000136277	7338	0.996099	FALSE	N:cds-YP_009724397.2	ACG	T	ACC	T	16
NC_045512.2	28321	G	A	7335	4018	40	2	1	37	0.000272554	7338	0.980497	FALSE	N:cds-YP_009724397.2	ACG	T	ACA	T	16
NC_045512.2	28322	T	C	6993	3866	39	2	1	37	0.000285878	6996	0.964883	FALSE	N:cds-YP_009724397.2	TTT	F	CTT	L	17
NC_045512.2	28322	T	A	6993	3866	39	1	1	37	0.000142939	6996	0.992195	FALSE	N:cds-YP_009724397.2	TTT	F	ATT	I	17
NC_045512.2	28323	T	G	6988	3822	39	3	2	24	0.000428878	6995	1	FALSE	N:cds-YP_009724397.2	TTT	F	TGT	C	17
NC_045512.2	28323	T	C	6988	3822	39	4	2	34	0.000571837	6995	0.828096	FALSE	N:cds-YP_009724397.2	TTT	F	TCT	S	17
NC_045512.2	28324	T	C	6964	3920	39	1	0	62	0.000143575	6965	0.500036	FALSE	N:cds-YP_009724397.2	TTT	F	TTC	F	17
NC_045512.2	28325	G	C	6957	3929	39	2	1	37	0.000287398	6959	0.964899	FALSE	N:cds-YP_009724397.2	GGT	G	CGT	R	18
NC_045512.2	28326	G	T	6583	4030	38	2	2	31	0.000303721	6585	0.964902	FALSE	N:cds-YP_009724397.2	GGT	G	GTT	V	18
NC_045512.2	28327	T	A	6536	4057	38	2	1	37	0.000305904	6538	0.964902	FALSE	N:cds-YP_009724397.2	GGT	G	GGA	G	18
NC_045512.2	28328	G	T	6632	4098	39	2	1	31	0.000301477	6634	0.964901	FALSE	N:cds-YP_009724397.2	GGA	G	TGA	*	19
NC_045512.2	28329	G	T	6660	4121	39	1	1	37	0.000150083	6663	0.992196	FALSE	N:cds-YP_009724397.2	GGA	G	GTA	V	19
NC_045512.2	28329	G	A	6660	4121	39	2	1	37	0.000300165	6663	0.964885	FALSE	N:cds-YP_009724397.2	GGA	G	GAA	E	19
NC_045512.2	28330	A	G	6596	4101	38	3	3	37	0.000454614	6599	0.910268	FALSE	N:cds-YP_009724397.2	GGA	G	GGG	G	19
NC_045512.2	28331	C	T	6679	4113	38	2	0	31	0.000299312	6682	0.964885	FALSE	N:cds-YP_009724397.2	CCC	P	TCC	S	20
NC_045512.2	28331	C	G	6679	4113	38	1	1	25	0.000149656	6682	1	FALSE	N:cds-YP_009724397.2	CCC	P	GCC	A	20
NC_045512.2	28333	C	T	6639	4114	38	1	1	37	0.000150557	6642	0.992196	FALSE	N:cds-YP_009724397.2	CCC	P	CCT	P	20
NC_045512.2	28333	C	A	6639	4114	38	2	2	37	0.000301114	6642	0.964885	FALSE	N:cds-YP_009724397.2	CCC	P	CCA	P	20
NC_045512.2	28333	C	-T	6639	4114	38	1	0	20	0.000150557	6642	1	FALSE	NA	NA	NA	NA	NA	NA
NC_045512.2	28334	T	C	6497	4005	38	1	0	37	0.00015387	6499	0.992196	FALSE	N:cds-YP_009724397.2	TCA	S	CCA	P	21
NC_045512.2	28334	T	A	6497	4005	38	1	0	37	0.00015387	6499	0.992196	FALSE	N:cds-YP_009724397.2	TCA	S	ACA	T	21
NC_045512.2	28336	A	G	6700	4275	38	3	2	37	0.000447427	6705	0.910193	FALSE	N:cds-YP_009724397.2	TCA	S	TCG	S	21
NC_045512.2	28336	A	C	6700	4275	38	2	0	27	0.000298285	6705	1	FALSE	N:cds-YP_009724397.2	TCA	S	TCC	S	21
NC_045512.2	28337	G	T	6827	4292	38	1	1	25	0.000146456	6828	1	FALSE	N:cds-YP_009724397.2	GAT	D	TAT	Y	22
NC_045512.2	28338	A	T	6697	4238	38	1	0	25	0.000149231	6701	1	FALSE	N:cds-YP_009724397.2	GAT	D	GTT	V	22
NC_045512.2	28338	A	G	6697	4238	38	2	1	37	0.000298463	6701	0.964868	FALSE	N:cds-YP_009724397.2	GAT	D	GGT	G	22
NC_045512.2	28338	A	C	6697	4238	38	1	1	25	0.000149231	6701	1	FALSE	N:cds-YP_009724397.2	GAT	D	GCT	A	22
NC_045512.2	28339	T	G	6433	4098	38	10	4	29	0.00155207	6443	1	FALSE	N:cds-YP_009724397.2	GAT	D	GAG	E	22
NC_045512.2	28340	T	C	6818	4314	39	1	0	37	0.000146628	6820	0.9922	FALSE	N:cds-YP_009724397.2	TCA	S	CCA	P	23
NC_045512.2	28340	T	A	6818	4314	39	1	0	37	0.000146628	6820	0.9922	FALSE	N:cds-YP_009724397.2	TCA	S	ACA	T	23
NC_045512.2	28341	C	T	6898	4389	39	1	1	37	0.000144949	6899	0.992203	FALSE	N:cds-YP_009724397.2	TCA	S	TTA	L	23
NC_045512.2	28342	A	T	6726	4266	38	1	0	37	0.000148522	6733	0.992179	FALSE	N:cds-YP_009724397.2	TCA	S	TCT	S	23
NC_045512.2	28342	A	G	6726	4266	38	4	3	43	0.000594089	6733	0.062435	FALSE	N:cds-YP_009724397.2	TCA	S	TCG	S	23
NC_045512.2	28342	A	C	6726	4266	38	2	2	31	0.000297044	6733	0.964819	FALSE	N:cds-YP_009724397.2	TCA	S	TCC	S	23
NC_045512.2	28343	A	G	6362	4243	37	1	1	37	0.000157109	6365	0.992196	FALSE	N:cds-YP_009724397.2	ACT	T	GCT	A	24
NC_045512.2	28343	A	C	6362	4243	37	2	2	31	0.000314218	6365	0.964887	FALSE	N:cds-YP_009724397.2	ACT	T	CCT	P	24
NC_045512.2	28344	C	T	6743	4660	38	2	2	37	0.000296516	6745	0.9649	FALSE	N:cds-YP_009724397.2	ACT	T	ATT	I	24
NC_045512.2	28345	T	G	6523	4429	37	2	2	25	0.000306419	6527	1	FALSE	N:cds-YP_009724397.2	ACT	T	ACG	T	24
NC_045512.2	28345	T	C	6523	4429	37	2	1	37	0.000306419	6527	0.964869	FALSE	N:cds-YP_009724397.2	ACT	T	ACC	T	24
NC_045512.2	28346	G	A	6646	4541	38	1	1	37	0.000150444	6647	0.992204	FALSE	N:cds-YP_009724397.2	GGC	G	AGC	S	25
NC_045512.2	28347	G	A	6721	4560	38	13	9	38	0.0019305	6734	0.0834343	FALSE	N:cds-YP_009724397.2	GGC	G	GAC	D	25
NC_045512.2	28348	C	T	6779	4627	38	4	3	37	0.00058971	6783	0.828276	FALSE	N:cds-YP_009724397.2	GGC	G	GGT	G	25
NC_045512.2	28349	A	T	6759	4650	38	1	1	37	0.000147929	6760	0.992204	FALSE	N:cds-YP_009724397.2	AGT	S	TGT	C	26
NC_045512.2	28350	G	T	6777	4658	38	1	1	25	0.000147514	6779	1	FALSE	N:cds-YP_009724397.2	AGT	S	ATT	I	26
NC_045512.2	28350	G	A	6777	4658	38	1	1	37	0.000147514	6779	0.9922	FALSE	N:cds-YP_009724397.2	AGT	S	AAT	N	26
NC_045512.2	28351	T	G	6514	4432	37	2	2	31	0.000306937	6516	0.964902	FALSE	N:cds-YP_009724397.2	AGT	S	AGG	R	26
NC_045512.2	28353	A	T	6624	4597	37	1	1	25	0.000150875	6628	1	FALSE	N:cds-YP_009724397.2	AAC	N	ATC	I	27
NC_045512.2	28353	A	G	6624	4597	37	1	1	37	0.000150875	6628	0.992192	FALSE	N:cds-YP_009724397.2	AAC	N	AGC	S	27
NC_045512.2	28353	A	C	6624	4597	37	2	1	25	0.00030175	6628	1	FALSE	N:cds-YP_009724397.2	AAC	N	ACC	T	27
NC_045512.2	28353	A	-C	6624	4597	37	1	0	20	0.000150875	6628	1	FALSE	NA	NA	NA	NA	NA	NA
NC_045512.2	28354	C	T	6736	4755	38	2	2	37	0.000296824	6738	0.964884	FALSE	N:cds-YP_009724397.2	AAC	N	AAT	N	27
NC_045512.2	28355	C	A	6760	4753	38	1	1	37	0.000147907	6761	0.992204	FALSE	N:cds-YP_009724397.2	CAG	Q	AAG	K	28
NC_045512.2	28356	A	C	6512	4639	37	4	0	25	0.000613874	6516	1	FALSE	N:cds-YP_009724397.2	CAG	Q	CCG	P	28
NC_045512.2	28357	G	T	6592	4562	38	1	1	37	0.000151653	6594	0.9922	FALSE	N:cds-YP_009724397.2	CAG	Q	CAT	H	28
NC_045512.2	28357	G	A	6592	4562	38	1	0	37	0.000151653	6594	0.9922	FALSE	N:cds-YP_009724397.2	CAG	Q	CAA	Q	28
NC_045512.2	28358	A	G	6546	4578	38	2	1	31	0.000305437	6548	0.964902	FALSE	N:cds-YP_009724397.2	AAT	N	GAT	D	29
NC_045512.2	28359	A	T	6324	4436	37	1	1	37	0.000158053	6327	0.992196	FALSE	N:cds-YP_009724397.2	AAT	N	ATT	I	29
NC_045512.2	28359	A	C	6324	4436	37	2	1	31	0.000316106	6327	0.964887	FALSE	N:cds-YP_009724397.2	AAT	N	ACT	T	29
NC_045512.2	28360	T	G	6356	4477	37	1	0	37	0.000157282	6358	0.9922	FALSE	N:cds-YP_009724397.2	AAT	N	AAG	K	29
NC_045512.2	28360	T	A	6356	4477	37	1	0	37	0.000157282	6358	0.9922	FALSE	N:cds-YP_009724397.2	AAT	N	AAA	K	29
NC_045512.2	28360	T	-GGAGAACGCA	6356	4477	37	1	0	20	0.000157282	6358	1	FALSE	NA	NA	NA	NA	NA	NA
NC_045512.2	28360	T	-GGAGAACGC	6356	4477	37	4	0	20	0.000629129	6358	1	FALSE	NA	NA	NA	NA	NA	NA
NC_045512.2	28361	G	C	6419	4418	38	1	0	37	0.000155763	6420	0.992196	FALSE	N:cds-YP_009724397.2	GGA	G	CGA	R	30
NC_045512.2	28361	G	-GAGAACGCA	6419	4418	38	5235	0	20	0.815167	6422	0	TRUE	NA	NA	NA	NA	NA	NA
NC_045512.2	28362	G	-AGAACGCAGT	1166	729	36	2	0	20	0.000309071	6471	0.999783	FALSE	NA	NA	NA	NA	NA	NA
NC_045512.2	28363	A	T	0	0	0	97	93	35	1	97	2.92489e-203	TRUE	N:cds-YP_009724397.2	GGA	G	GGT	G	30
NC_045512.2	28370	A	T	1	0	37	1	1	37	0.00378788	264	0.0021608	TRUE	N:cds-YP_009724397.2	AGT	S	TGT	C	33
NC_045512.2	28370	A	G	1	0	37	262	225	37	0.992424	264	0	TRUE	N:cds-YP_009724397.2	AGT	S	GGT	G	33
NC_045512.2	28371	G	T	6096	4194	38	1	1	37	0.000164015	6097	0.992192	FALSE	N:cds-YP_009724397.2	AGT	S	ATT	I	33
NC_045512.2	28373	G	T	6122	4205	38	1	1	37	0.000163319	6123	0.992205	FALSE	N:cds-YP_009724397.2	GGG	G	TGG	W	34
NC_045512.2	28374	G	+T	6105	4217	38	1	0	20	0.0001638	6105	1	FALSE	NA	NA	NA	NA	NA	NA
NC_045512.2	28375	G	T	6119	4207	38	1	1	37	0.000163372	6121	0.992201	FALSE	N:cds-YP_009724397.2	GGG	G	GGT	G	34
NC_045512.2	28375	G	A	6119	4207	38	1	1	37	0.000163372	6121	0.992201	FALSE	N:cds-YP_009724397.2	GGG	G	GGA	G	34
NC_045512.2	28376	G	T	6129	4225	38	2	1	37	0.000326158	6132	0.964888	FALSE	N:cds-YP_009724397.2	GCG	A	TCG	S	35
NC_045512.2	28376	G	A	6129	4225	38	1	1	37	0.000163079	6132	0.992196	FALSE	N:cds-YP_009724397.2	GCG	A	ACG	T	35
NC_045512.2	28377	C	T	6100	4221	38	4	3	37	0.000655308	6104	0.828293	FALSE	N:cds-YP_009724397.2	GCG	A	GTG	V	35
NC_045512.2	28378	G	A	6127	4210	38	3	2	49	0.000489396	6130	0.125	FALSE	N:cds-YP_009724397.2	GCG	A	GCA	A	35
NC_045512.2	28379	C	T	6160	4264	38	5	3	37	0.00081103	6165	0.725769	FALSE	N:cds-YP_009724397.2	CGA	R	TGA	*	36
NC_045512.2	28380	G	A	6201	4273	38	5	2	42	0.000805672	6206	0.0312374	FALSE	N:cds-YP_009724397.2	CGA	R	CAA	Q	36
NC_045512.2	28381	A	T	6275	4420	38	1	1	29	0.000159312	6277	1	FALSE	N:cds-YP_009724397.2	CGA	R	CGT	R	36
NC_045512.2	28381	A	G	6275	4420	38	1	1	37	0.000159312	6277	0.992201	FALSE	N:cds-YP_009724397.2	CGA	R	CGG	R	36
NC_045512.2	28382	T	C	6168	4358	38	1	1	37	0.000162075	6170	0.992201	FALSE	N:cds-YP_009724397.2	TCA	S	CCA	P	37
NC_045512.2	28382	T	A	6168	4358	38	1	1	25	0.000162075	6170	1	FALSE	N:cds-YP_009724397.2	TCA	S	ACA	T	37
NC_045512.2	28383	C	T	6341	4443	39	4	4	34	0.000630418	6345	0.828287	FALSE	N:cds-YP_009724397.2	TCA	S	TTA	L	37
NC_045512.2	28383	C	-A	6341	4443	39	1	0	20	0.000157604	6345	1	FALSE	NA	NA	NA	NA	NA	NA
NC_045512.2	28385	A	C	6223	4360	38	3	3	25	0.00048185	6226	1	FALSE	N:cds-YP_009724397.2	AAA	K	CAA	Q	38
NC_045512.2	28386	A	T	6440	4643	39	1	1	37	0.000155255	6441	0.992204	FALSE	N:cds-YP_009724397.2	AAA	K	ATA	I	38
NC_045512.2	28387	A	T	6499	4755	38	1	0	29	0.000153846	6500	1	FALSE	N:cds-YP_009724397.2	AAA	K	AAT	N	38
NC_045512.2	28389	A	G	6456	4669	39	1	1	37	0.000154871	6457	0.992204	FALSE	N:cds-YP_009724397.2	CAA	Q	CGA	R	39
NC_045512.2	28389	A	+G	6456	4669	39	1	0	20	0.000154871	6457	1	FALSE	NA	NA	NA	NA	NA	NA
NC_045512.2	28390	A	T	6224	4435	38	1	1	37	0.000160462	6232	0.992174	FALSE	N:cds-YP_009724397.2	CAA	Q	CAT	H	39
NC_045512.2	28390	A	C	6224	4435	38	7	7	28	0.00112323	6232	1	FALSE	N:cds-YP_009724397.2	CAA	Q	CAC	H	39
NC_045512.2	28391	C	T	6609	4844	39	4	2	37	0.000604869	6613	0.82828	FALSE	N:cds-YP_009724397.2	CGT	R	TGT	C	40
NC_045512.2	28392	G	A	6531	4782	39	3	3	37	0.000459137	6534	0.910269	FALSE	N:cds-YP_009724397.2	CGT	R	CAT	H	40
NC_045512.2	28393	T	C	6464	4769	39	1	1	37	0.000154679	6465	0.992204	FALSE	N:cds-YP_009724397.2	CGT	R	CGC	R	40
NC_045512.2	28394	C	T	6538	4782	39	1	0	37	0.000152929	6539	0.992204	FALSE	N:cds-YP_009724397.2	CGG	R	TGG	W	41
NC_045512.2	28395	G	T	6523	4803	39	2	1	31	0.000306466	6526	0.964886	FALSE	N:cds-YP_009724397.2	CGG	R	CTG	L	41
NC_045512.2	28395	G	A	6523	4803	39	1	1	37	0.000153233	6526	0.992196	FALSE	N:cds-YP_009724397.2	CGG	R	CAG	Q	41
NC_045512.2	28396	G	A	6618	4823	39	5	3	44	0.000754945	6623	0.0312382	FALSE	N:cds-YP_009724397.2	CGG	R	CGA	R	41
NC_045512.2	28397	C	T	6614	4834	39	2	0	37	0.000302297	6616	0.964902	FALSE	N:cds-YP_009724397.2	CCC	P	TCC	S	42
NC_045512.2	28400	C	A	6442	5023	38	2	2	37	0.000310366	6444	0.964903	FALSE	N:cds-YP_009724397.2	CAA	Q	AAA	K	43
NC_045512.2	28401	A	G	6447	5066	38	3	2	49	0.000465116	6450	0.125	FALSE	N:cds-YP_009724397.2	CAA	Q	CGA	R	43
NC_045512.2	28402	A	G	6391	4995	38	4	3	37	0.000625489	6395	0.828285	FALSE	N:cds-YP_009724397.2	CAA	Q	CAG	Q	43
NC_045512.2	28404	G	T	6344	4904	38	1	0	22	0.000157604	6345	1	FALSE	N:cds-YP_009724397.2	GGT	G	GTT	V	44
NC_045512.2	28405	T	C	5829	4478	38	1	1	37	0.000171527	5830	0.984403	FALSE	N:cds-YP_009724397.2	GGT	G	GGC	G	44
NC_045512.2	28406	T	G	6075	4757	38	1	1	37	0.000164528	6078	0.992196	FALSE	N:cds-YP_009724397.2	TTA	L	GTA	V	45
NC_045512.2	28406	T	C	6075	4757	38	2	2	37	0.000329056	6078	0.964889	FALSE	N:cds-YP_009724397.2	TTA	L	CTA	L	45
NC_045512.2	28407	T	G	6537	5251	39	1	1	37	0.000152952	6538	0.992204	FALSE	N:cds-YP_009724397.2	TTA	L	TGA	*	45
NC_045512.2	28408	A	G	6554	5275	40	3	3	37	0.000457457	6558	0.910231	FALSE	N:cds-YP_009724397.2	TTA	L	TTG	L	45
NC_045512.2	28408	A	C	6554	5275	40	1	0	37	0.000152486	6558	0.992192	FALSE	N:cds-YP_009724397.2	TTA	L	TTC	F	45
NC_045512.2	28409	C	T	6737	5470	40	2	2	37	0.00029678	6739	0.964901	FALSE	N:cds-YP_009724397.2	CCC	P	TCC	S	46
NC_045512.2	28411	C	T	6783	5496	40	1	1	37	0.000147384	6785	0.9922	FALSE	N:cds-YP_009724397.2	CCC	P	CCT	P	46
NC_045512.2	28411	C	A	6783	5496	40	1	1	25	0.000147384	6785	1	FALSE	N:cds-YP_009724397.2	CCC	P	CCA	P	46
NC_045512.2	28412	A	G	6743	5541	40	4	4	36	0.000592768	6748	0.828216	FALSE	N:cds-YP_009724397.2	AAT	N	GAT	D	47
NC_045512.2	28412	A	C	6743	5541	40	1	1	25	0.000148192	6748	1	FALSE	N:cds-YP_009724397.2	AAT	N	CAT	H	47
NC_045512.2	28413	A	T	6681	5438	39	1	1	37	0.000149589	6685	0.992192	FALSE	N:cds-YP_009724397.2	AAT	N	ATT	I	47
NC_045512.2	28413	A	C	6681	5438	39	3	1	29	0.000448766	6685	1	FALSE	N:cds-YP_009724397.2	AAT	N	ACT	T	47
NC_045512.2	28414	T	C	6706	5483	39	3	3	37	0.000447161	6709	0.910266	FALSE	N:cds-YP_009724397.2	AAT	N	AAC	N	47
NC_045512.2	28415	A	G	6681	5467	39	1	1	37	0.000149611	6684	0.992196	FALSE	N:cds-YP_009724397.2	AAT	N	GAT	D	48
NC_045512.2	28415	A	C	6681	5467	39	2	2	31	0.000299222	6684	0.964885	FALSE	N:cds-YP_009724397.2	AAT	N	CAT	H	48
NC_045512.2	28416	A	T	6423	5192	39	1	1	37	0.000155424	6434	0.992162	FALSE	N:cds-YP_009724397.2	AAT	N	ATT	I	48
NC_045512.2	28416	A	C	6423	5192	39	10	10	31	0.00155424	6434	0.227107	FALSE	N:cds-YP_009724397.2	AAT	N	ACT	T	48
NC_045512.2	28417	T	G	6867	5784	40	5	5	29	0.000727484	6873	1	FALSE	N:cds-YP_009724397.2	AAT	N	AAG	K	48
NC_045512.2	28417	T	C	6867	5784	40	1	1	25	0.000145497	6873	1	FALSE	N:cds-YP_009724397.2	AAT	N	AAC	N	48
NC_045512.2	28418	A	C	6515	5447	40	7	7	26	0.00107329	6522	1	FALSE	N:cds-YP_009724397.2	ACT	T	CCT	P	49
NC_045512.2	28419	C	T	7177	6143	41	1	1	37	0.000139295	7179	0.996101	FALSE	N:cds-YP_009724397.2	ACT	T	ATT	I	49
NC_045512.2	28419	C	A	7177	6143	41	1	1	25	0.000139295	7179	1	FALSE	N:cds-YP_009724397.2	ACT	T	AAT	N	49
NC_045512.2	28420	T	G	5961	4942	42	3	3	29	0.000502849	5966	1	FALSE	N:cds-YP_009724397.2	ACT	T	ACG	T	49
NC_045512.2	28420	T	C	5961	4942	42	2	1	37	0.000335233	5966	0.9375	FALSE	N:cds-YP_009724397.2	ACT	T	ACC	T	49
NC_045512.2	28421	G	T	5962	4950	42	2	2	27	0.000335233	5966	1	FALSE	N:cds-YP_009724397.2	GCG	A	TCG	S	50
NC_045512.2	28421	G	A	5962	4950	42	2	2	37	0.000335233	5966	0.937528	FALSE	N:cds-YP_009724397.2	GCG	A	ACG	T	50
NC_045512.2	28422	C	T	5726	4821	41	7	6	38	0.001221	5733	0.387266	FALSE	N:cds-YP_009724397.2	GCG	A	GTG	V	50
NC_045512.2	28423	G	A	5795	4901	41	1	1	37	0.000172533	5796	0.984403	FALSE	N:cds-YP_009724397.2	GCG	A	GCA	A	50
NC_045512.2	28424	T	G	5609	4863	40	1	0	29	0.000178253	5610	1	FALSE	N:cds-YP_009724397.2	TCT	S	GCT	A	51
NC_045512.2	28426	T	G	5722	5007	40	1	0	29	0.000174703	5724	1	FALSE	N:cds-YP_009724397.2	TCT	S	TCG	S	51
NC_045512.2	28426	T	C	5722	5007	40	1	1	37	0.000174703	5724	0.984395	FALSE	N:cds-YP_009724397.2	TCT	S	TCC	S	51
NC_045512.2	28428	G	T	5769	5044	40	2	1	37	0.00034656	5771	0.937585	FALSE	N:cds-YP_009724397.2	TGG	W	TTG	L	52
NC_045512.2	28429	G	A	5834	5175	40	2	2	37	0.0003427	5836	0.937584	FALSE	N:cds-YP_009724397.2	TGG	W	TGA	*	52
NC_045512.2	28430	T	G	5431	4794	39	1	1	25	0.000184094	5432	1	FALSE	N:cds-YP_009724397.2	TTC	F	GTC	V	53
NC_045512.2	28431	T	G	5696	5062	40	1	0	29	0.0001755	5698	1	FALSE	N:cds-YP_009724397.2	TTC	F	TGC	C	53
NC_045512.2	28431	T	C	5696	5062	40	1	1	37	0.0001755	5698	0.984396	FALSE	N:cds-YP_009724397.2	TTC	F	TCC	S	53
NC_045512.2	28432	C	T	5807	5161	40	1	1	37	0.000172147	5809	0.984395	FALSE	N:cds-YP_009724397.2	TTC	F	TTT	F	53
NC_045512.2	28432	C	G	5807	5161	40	1	1	25	0.000172147	5809	1	FALSE	N:cds-YP_009724397.2	TTC	F	TTG	L	53
NC_045512.2	28433	A	G	5711	5070	40	1	1	37	0.00017507	5712	0.984404	FALSE	N:cds-YP_009724397.2	ACC	T	GCC	A	54
NC_045512.2	28434	C	T	5723	5090	40	5	5	37	0.0008726	5730	0.622993	FALSE	N:cds-YP_009724397.2	ACC	T	ATC	I	54
NC_045512.2	28434	C	A	5723	5090	40	2	2	37	0.00034904	5730	0.937443	FALSE	N:cds-YP_009724397.2	ACC	T	AAC	N	54
NC_045512.2	28435	C	T	5704	5079	40	3	2	49	0.00052567	5707	0.125	FALSE	N:cds-YP_009724397.2	ACC	T	ACT	T	54
NC_045512.2	28436	G	C	5644	5020	39	1	1	37	0.000176835	5655	0.984321	FALSE	N:cds-YP_009724397.2	GCT	A	CCT	P	55
NC_045512.2	28436	G	A	5644	5020	39	10	8	44	0.00176835	5655	0.000972681	TRUE	N:cds-YP_009724397.2	GCT	A	ACT	T	55
NC_045512.2	28437	C	T	5632	5010	40	1	1	37	0.000177494	5634	0.984396	FALSE	N:cds-YP_009724397.2	GCT	A	GTT	V	55
NC_045512.2	28437	C	G	5632	5010	40	1	1	37	0.000177494	5634	0.984396	FALSE	N:cds-YP_009724397.2	GCT	A	GGT	G	55
NC_045512.2	28438	T	C	5556	4936	40	1	1	37	0.000179953	5557	0.984405	FALSE	N:cds-YP_009724397.2	GCT	A	GCC	A	55
NC_045512.2	28440	T	C	5551	4949	40	2	1	37	0.000360166	5553	0.937589	FALSE	N:cds-YP_009724397.2	CTC	L	CCC	P	56
NC_045512.2	28442	A	G	5447	4896	39	2	2	31	0.00036704	5449	0.93759	FALSE	N:cds-YP_009724397.2	ACT	T	GCT	A	57
NC_045512.2	28443	C	T	5559	5007	40	1	1	37	0.000179824	5561	0.984396	FALSE	N:cds-YP_009724397.2	ACT	T	ATT	I	57
NC_045512.2	28443	C	A	5559	5007	40	1	0	37	0.000179824	5561	0.984396	FALSE	N:cds-YP_009724397.2	ACT	T	AAT	N	57
NC_045512.2	28444	T	G	5436	4890	39	1	0	20	0.000183891	5438	1	FALSE	N:cds-YP_009724397.2	ACT	T	ACG	T	57
NC_045512.2	28444	T	C	5436	4890	39	1	1	37	0.000183891	5438	0.984397	FALSE	N:cds-YP_009724397.2	ACT	T	ACC	T	57
NC_045512.2	28444	T	-C	5436	4890	39	1	0	20	0.000183891	5438	1	FALSE	NA	NA	NA	NA	NA	NA
NC_045512.2	28446	A	T	5202	4665	39	1	1	37	0.000192123	5205	0.984389	FALSE	N:cds-YP_009724397.2	CAA	Q	CTA	L	58
NC_045512.2	28446	A	C	5202	4665	39	2	2	31	0.000384246	5205	0.937563	FALSE	N:cds-YP_009724397.2	CAA	Q	CCA	P	58
NC_045512.2	28447	A	G	4583	4105	39	534	480	40	0.104338	5118	7.50685e-168	TRUE	N:cds-YP_009724397.2	CAA	Q	CAG	Q	58
NC_045512.2	28447	A	C	4583	4105	39	1	1	25	0.000195389	5118	1	FALSE	N:cds-YP_009724397.2	CAA	Q	CAC	H	58
NC_045512.2	28448	C	T	5284	4757	40	2	2	37	0.000378358	5286	0.937593	FALSE	N:cds-YP_009724397.2	CAT	H	TAT	Y	59
NC_045512.2	28449	A	C	4902	4380	39	8	8	25	0.00162933	4910	1	FALSE	N:cds-YP_009724397.2	CAT	H	CCT	P	59
NC_045512.2	28451	G	A	4949	4418	39	2	1	37	0.000403959	4951	0.890743	FALSE	N:cds-YP_009724397.2	GGC	G	AGC	S	60
NC_045512.2	28452	G	C	4943	4420	39	1	1	37	0.000201979	4951	0.968687	FALSE	N:cds-YP_009724397.2	GGC	G	GCC	A	60
NC_045512.2	28452	G	A	4943	4420	39	7	5	52	0.00141386	4951	0.00779593	TRUE	N:cds-YP_009724397.2	GGC	G	GAC	D	60
NC_045512.2	28453	C	T	5020	4496	40	5	5	37	0.000995025	5025	0.623231	FALSE	N:cds-YP_009724397.2	GGC	G	GGT	G	60
NC_045512.2	28455	A	C	4772	4261	40	2	2	25	0.000418936	4774	1	FALSE	N:cds-YP_009724397.2	AAG	K	ACG	T	61
NC_045512.2	28456	G	T	4728	4216	39	1	1	37	0.000211461	4729	0.9688	FALSE	N:cds-YP_009724397.2	AAG	K	AAT	N	61
NC_045512.2	28457	G	A	4792	4326	40	3	3	37	0.000625652	4795	0.773609	FALSE	N:cds-YP_009724397.2	GAA	E	AAA	K	62
NC_045512.2	28458	A	G	4777	4316	39	1	1	25	0.000209293	4778	1	FALSE	N:cds-YP_009724397.2	GAA	E	GGA	G	62
NC_045512.2	28459	A	T	4650	4227	39	1	1	37	0.000214869	4654	0.96875	FALSE	N:cds-YP_009724397.2	GAA	E	GAT	D	62
NC_045512.2	28459	A	C	4650	4227	39	3	0	27	0.000644607	4654	1	FALSE	N:cds-YP_009724397.2	GAA	E	GAC	D	62
NC_045512.2	28461	A	C	4604	4170	39	1	0	37	0.000217155	4605	0.968801	FALSE	N:cds-YP_009724397.2	GAC	D	GCC	A	63
NC_045512.2	28462	C	T	4584	4196	39	1	1	37	0.000218055	4586	0.968784	FALSE	N:cds-YP_009724397.2	GAC	D	GAT	D	63
NC_045512.2	28462	C	A	4584	4196	39	1	1	25	0.000218055	4586	1	FALSE	N:cds-YP_009724397.2	GAC	D	GAA	E	63
NC_045512.2	28463	C	A	4580	4201	39	1	1	37	0.000218293	4581	0.968801	FALSE	N:cds-YP_009724397.2	CTT	L	ATT	I	64
NC_045512.2	28463	C	-T	4580	4201	39	1	0	20	0.000218293	4581	1	FALSE	NA	NA	NA	NA	NA	NA
NC_045512.2	28464	T	C	4576	4236	39	1	0	74	0.000218388	4579	0.499891	FALSE	N:cds-YP_009724397.2	CTT	L	CCT	P	64
NC_045512.2	28464	T	A	4576	4236	39	2	2	37	0.000436777	4579	0.890651	FALSE	N:cds-YP_009724397.2	CTT	L	CAT	H	64
NC_045512.2	28465	T	C	4557	4237	38	1	0	36	0.000219346	4559	0.968784	FALSE	N:cds-YP_009724397.2	CTT	L	CTC	L	64
NC_045512.2	28465	T	A	4557	4237	38	1	1	37	0.000219346	4559	0.968784	FALSE	N:cds-YP_009724397.2	CTT	L	CTA	L	64
NC_045512.2	28465	T	+A	4557	4237	38	1	0	20	0.000219346	4559	1	FALSE	NA	NA	NA	NA	NA	NA
NC_045512.2	28466	A	G	4548	4225	38	1	1	37	0.00021978	4550	0.968784	FALSE	N:cds-YP_009724397.2	AAA	K	GAA	E	65
NC_045512.2	28466	A	C	4548	4225	38	1	0	37	0.00021978	4550	0.968784	FALSE	N:cds-YP_009724397.2	AAA	K	CAA	Q	65
NC_045512.2	28467	A	T	4460	4183	38	1	1	25	0.000224165	4461	1	FALSE	N:cds-YP_009724397.2	AAA	K	ATA	I	65
NC_045512.2	28468	A	C	4388	4109	38	1	1	37	0.000227842	4389	0.968803	FALSE	N:cds-YP_009724397.2	AAA	K	AAC	N	65
NC_045512.2	28469	T	G	2977	2699	34	12	12	30	0.00401472	2989	0.00643073	TRUE	N:cds-YP_009724397.2	TTC	F	GTC	V	66
NC_045512.2	28470	T	C	4279	4004	38	3	3	37	0.000700607	4282	0.773629	FALSE	N:cds-YP_009724397.2	TTC	F	TCC	S	66
NC_045512.2	28471	C	T	4104	3851	38	2	1	55	0.000486973	4107	0.24997	FALSE	N:cds-YP_009724397.2	TTC	F	TTT	F	66
NC_045512.2	28471	C	A	4104	3851	38	1	1	37	0.000243487	4107	0.968769	FALSE	N:cds-YP_009724397.2	TTC	F	TTA	L	66
NC_045512.2	28472	C	T	4015	3771	38	1	1	37	0.000249004	4016	0.968808	FALSE	N:cds-YP_009724397.2	CCT	P	TCT	S	67
NC_045512.2	28473	C	A	4028	3780	38	2	2	37	0.000496278	4030	0.89077	FALSE	N:cds-YP_009724397.2	CCT	P	CAT	H	67
NC_045512.2	28474	T	G	3980	3727	38	1	1	37	0.00025113	3982	0.937547	FALSE	N:cds-YP_009724397.2	CCT	P	CCG	P	67
NC_045512.2	28474	T	C	3980	3727	38	1	1	37	0.00025113	3982	0.937547	FALSE	N:cds-YP_009724397.2	CCT	P	CCC	P	67
NC_045512.2	28477	A	G	3972	3727	38	1	1	37	0.000251699	3973	0.937579	FALSE	N:cds-YP_009724397.2	CGA	R	CGG	R	68
NC_045512.2	28479	G	A	3960	3716	38	1	1	37	0.000252461	3961	0.937579	FALSE	N:cds-YP_009724397.2	GGA	G	GAA	E	69
NC_045512.2	28482	A	G	3593	3367	37	1	1	37	0.000278164	3595	0.937552	FALSE	N:cds-YP_009724397.2	CAA	Q	CGA	R	70
NC_045512.2	28482	A	C	3593	3367	37	1	1	25	0.000278164	3595	1	FALSE	N:cds-YP_009724397.2	CAA	Q	CCA	P	70
NC_045512.2	28483	A	G	3554	3336	37	2	2	37	0.000562272	3557	0.812588	FALSE	N:cds-YP_009724397.2	CAA	Q	CAG	Q	70
NC_045512.2	28483	A	C	3554	3336	37	1	1	37	0.000281136	3557	0.937518	FALSE	N:cds-YP_009724397.2	CAA	Q	CAC	H	70
NC_045512.2	28484	G	A	3602	3381	38	1	1	37	0.000277546	3603	0.937587	FALSE	N:cds-YP_009724397.2	GGC	G	AGC	S	71
NC_045512.2	28485	G	A	3554	3335	38	1	1	37	0.000281294	3555	0.937588	FALSE	N:cds-YP_009724397.2	GGC	G	GAC	D	71
NC_045512.2	28486	C	T	3582	3389	38	3	3	37	0.00083682	3585	0.656446	FALSE	N:cds-YP_009724397.2	GGC	G	GGT	G	71
NC_045512.2	28487	G	A	3155	2963	38	2	2	37	0.000633513	3157	0.812698	FALSE	N:cds-YP_009724397.2	GTT	V	ATT	I	72
NC_045512.2	28489	T	C	3143	2958	38	2	2	37	0.00063593	3145	0.812699	FALSE	N:cds-YP_009724397.2	GTT	V	GTC	V	72
NC_045512.2	28490	C	T	3108	2919	37	1	1	37	0.000321647	3109	0.937601	FALSE	N:cds-YP_009724397.2	CCA	P	TCA	S	73
NC_045512.2	28491	C	T	3117	2929	38	1	1	37	0.000320616	3119	0.93756	FALSE	N:cds-YP_009724397.2	CCA	P	CTA	L	73
NC_045512.2	28491	C	A	3117	2929	38	1	1	25	0.000320616	3119	1	FALSE	N:cds-YP_009724397.2	CCA	P	CAA	Q	73
NC_045512.2	28496	A	G	2948	2777	38	1	1	25	0.000338983	2950	1	FALSE	N:cds-YP_009724397.2	AAC	N	GAC	D	75
NC_045512.2	28496	A	C	2948	2777	38	1	0	37	0.000338983	2950	0.875064	FALSE	N:cds-YP_009724397.2	AAC	N	CAC	H	75
NC_045512.2	28497	A	T	2864	2719	37	1	0	37	0.000348918	2866	0.875065	FALSE	N:cds-YP_009724397.2	AAC	N	ATC	I	75
NC_045512.2	28497	A	C	2864	2719	37	1	1	25	0.000348918	2866	1	FALSE	N:cds-YP_009724397.2	AAC	N	ACC	T	75
NC_045512.2	28498	C	T	3994	2840	37	3	0	37	0.000750563	3997	0.656426	FALSE	N:cds-YP_009724397.2	AAC	N	AAT	N	75
NC_045512.2	28500	C	T	4480	2833	37	2	2	37	0.000446229	4482	0.890756	FALSE	N:cds-YP_009724397.2	ACC	T	ATC	I	76
NC_045512.2	28501	C	G	4443	2681	37	1	1	37	0.000225023	4444	0.968803	FALSE	N:cds-YP_009724397.2	ACC	T	ACG	T	76
NC_045512.2	28502	A	G	4334	2568	36	1	1	25	0.000230627	4336	1	FALSE	N:cds-YP_009724397.2	AAT	N	GAT	D	77
NC_045512.2	28502	A	C	4334	2568	36	1	1	25	0.000230627	4336	1	FALSE	N:cds-YP_009724397.2	AAT	N	CAT	H	77
NC_045512.2	28503	A	C	4279	2490	36	6	5	29	0.00140023	4285	1	FALSE	N:cds-YP_009724397.2	AAT	N	ACT	T	77
NC_045512.2	28504	T	C	4574	2594	36	1	0	37	0.000218579	4575	0.968801	FALSE	N:cds-YP_009724397.2	AAT	N	AAC	N	77
NC_045512.2	28505	A	C	4413	2420	36	2	2	25	0.000453001	4415	1	FALSE	N:cds-YP_009724397.2	AGC	S	CGC	R	78
NC_045512.2	28506	G	T	4371	2361	36	1	1	37	0.000228519	4376	0.968732	FALSE	N:cds-YP_009724397.2	AGC	S	ATC	I	78
NC_045512.2	28506	G	C	4371	2361	36	2	2	31	0.000457038	4376	0.890598	FALSE	N:cds-YP_009724397.2	AGC	S	ACC	T	78
NC_045512.2	28506	G	A	4371	2361	36	2	0	37	0.000457038	4376	0.890598	FALSE	N:cds-YP_009724397.2	AGC	S	AAC	N	78
NC_045512.2	28507	C	T	4198	2161	37	4	1	37	0.000951928	4202	0.636914	FALSE	N:cds-YP_009724397.2	AGC	S	AGT	S	78
NC_045512.2	28508	A	T	3621	1607	37	14	0	35	0.00384827	3638	0.00629323	TRUE	N:cds-YP_009724397.2	AGT	S	TGT	C	79
NC_045512.2	28508	A	G	3621	1607	37	3	2	33	0.000824629	3638	0.654634	FALSE	N:cds-YP_009724397.2	AGT	S	GGT	G	79
NC_045512.2	28513	A	G	2285	48	36	1	0	37	0.000437445	2286	0.875164	FALSE	N:cds-YP_009724397.2	CCA	P	CCG	P	80
NC_045512.2	28519	C	T	2384	99	37	1	0	37	0.000419287	2385	0.875157	FALSE	N:cds-YP_009724397.2	GAC	D	GAT	D	82
NC_045512.2	28520	C	-A	2400	99	37	1	0	20	0.000416667	2400	1	FALSE	NA	NA	NA	NA	NA	NA
NC_045512.2	28522	A	T	2388	108	37	1	0	25	0.00041841	2390	1	FALSE	N:cds-YP_009724397.2	CAA	Q	CAT	H	83
NC_045512.2	28522	A	G	2388	108	37	1	0	37	0.00041841	2390	0.875079	FALSE	N:cds-YP_009724397.2	CAA	Q	CAG	Q	83
NC_045512.2	28525	T	C	2440	106	37	1	0	74	0.000409668	2441	0.500102	FALSE	N:cds-YP_009724397.2	ATT	I	ATC	I	84
NC_045512.2	28526	G	T	2681	110	37	1	0	37	0.000372856	2682	0.87514	FALSE	N:cds-YP_009724397.2	GGC	G	TGC	C	85
NC_045512.2	28527	G	A	2689	111	37	3	0	37	0.00111441	2692	0.500174	FALSE	N:cds-YP_009724397.2	GGC	G	GAC	D	85
NC_045512.2	28528	C	T	2668	117	37	1	0	37	0.000374672	2669	0.875141	FALSE	N:cds-YP_009724397.2	GGC	G	GGT	G	85
NC_045512.2	28530	A	C	2648	124	37	3	0	29	0.00113165	2651	0.999999	FALSE	N:cds-YP_009724397.2	TAC	Y	TCC	S	86
NC_045512.2	28533	A	G	3091	128	37	2	0	31	0.000646204	3095	0.8125	FALSE	N:cds-YP_009724397.2	TAC	Y	TGC	C	87
NC_045512.2	28533	A	C	3091	128	37	2	0	25	0.000646204	3095	1	FALSE	N:cds-YP_009724397.2	TAC	Y	TCC	S	87
NC_045512.2	28536	G	A	3295	149	38	2	0	31	0.000606612	3297	0.81269	FALSE	N:cds-YP_009724397.2	CGA	R	CAA	Q	88
NC_045512.2	28542	C	T	3376	174	38	2	0	37	0.000592066	3378	0.812685	FALSE	N:cds-YP_009724397.2	GCT	A	GTT	V	90
NC_045512.2	28543	T	A	3403	173	38	1	0	37	0.000293772	3404	0.937592	FALSE	N:cds-YP_009724397.2	GCT	A	GCA	A	90
NC_045512.2	28544	A	C	3222	341	39	1	0	25	0.00031027	3223	1	FALSE	N:cds-YP_009724397.2	ACC	T	CCC	P	91
NC_045512.2	28547	A	T	3192	362	39	1	0	20	0.000313185	3193	1	FALSE	N:cds-YP_009724397.2	AGA	R	TGA	*	92
NC_045512.2	28548	G	A	3473	365	40	2	0	37	0.00057554	3475	0.81268	FALSE	N:cds-YP_009724397.2	AGA	R	AAA	K	92
NC_045512.2	28550	C	T	3506	365	41	1	0	37	0.000285144	3507	0.937589	FALSE	N:cds-YP_009724397.2	CGA	R	TGA	*	93
NC_045512.2	28553	A	C	3340	381	39	2	0	31	0.000598444	3342	0.812687	FALSE	N:cds-YP_009724397.2	ATT	I	CTT	L	94
NC_045512.2	28554	T	G	3482	379	39	2	0	25	0.000574053	3484	1	FALSE	N:cds-YP_009724397.2	ATT	I	AGT	S	94
NC_045512.2	28555	T	C	3602	381	40	1	1	62	0.000277546	3603	0.500069	FALSE	N:cds-YP_009724397.2	ATT	I	ATC	I	94
NC_045512.2	28558	T	-G	3533	399	40	1	0	20	0.000283046	3533	1	FALSE	NA	NA	NA	NA	NA	NA
NC_045512.2	28559	G	A	3671	399	41	1	0	25	0.000272331	3672	1	FALSE	N:cds-YP_009724397.2	GGT	G	AGT	S	96
NC_045512.2	28560	G	A	3670	398	41	1	0	37	0.000272405	3671	0.937585	FALSE	N:cds-YP_009724397.2	GGT	G	GAT	D	96
NC_045512.2	28564	T	G	3576	402	40	1	0	25	0.000279564	3577	1	FALSE	N:cds-YP_009724397.2	GGT	G	GGG	G	97
NC_045512.2	28566	A	G	3678	401	41	1	0	37	0.000271813	3679	0.937585	FALSE	N:cds-YP_009724397.2	GAC	D	GGC	G	98
NC_045512.2	28567	C	T	3690	441	41	4	2	52	0.00108254	3695	0.0624492	FALSE	N:cds-YP_009724397.2	GAC	D	GAT	D	98
NC_045512.2	28567	C	G	3690	441	41	1	1	29	0.000270636	3695	1	FALSE	N:cds-YP_009724397.2	GAC	D	GAG	E	98
NC_045512.2	28568	G	A	3738	450	41	2	0	37	0.000534759	3740	0.812667	FALSE	N:cds-YP_009724397.2	GGT	G	AGT	S	99
NC_045512.2	28570	T	G	3651	488	42	1	0	25	0.000273673	3654	1	FALSE	N:cds-YP_009724397.2	GGT	G	GGG	G	99
NC_045512.2	28570	T	C	3651	488	42	1	0	37	0.000273673	3654	0.937517	FALSE	N:cds-YP_009724397.2	GGT	G	GGC	G	99
NC_045512.2	28570	T	A	3651	488	42	1	0	37	0.000273673	3654	0.937517	FALSE	N:cds-YP_009724397.2	GGT	G	GGA	G	99
NC_045512.2	28570	T	-A	3651	488	42	14	0	20	0.00383142	3654	0.999568	FALSE	NA	NA	NA	NA	NA	NA
NC_045512.2	28571	A	C	3623	512	42	1	0	25	0.000275938	3624	1	FALSE	N:cds-YP_009724397.2	AAA	K	CAA	Q	100
NC_045512.2	28572	A	C	3691	510	42	1	0	25	0.000270856	3692	1	FALSE	N:cds-YP_009724397.2	AAA	K	ACA	T	100
NC_045512.2	28573	A	T	3652	512	42	1	0	20	0.000273748	3653	1	FALSE	N:cds-YP_009724397.2	AAA	K	AAT	N	100
NC_045512.2	28574	A	G	3645	509	42	1	0	37	0.000274273	3646	0.937586	FALSE	N:cds-YP_009724397.2	ATG	M	GTG	V	101
NC_045512.2	28575	T	G	3728	512	42	2	0	25	0.000536193	3730	1	FALSE	N:cds-YP_009724397.2	ATG	M	AGG	R	101
NC_045512.2	28577	A	G	3736	610	43	2	0	37	0.000535045	3738	0.812667	FALSE	N:cds-YP_009724397.2	AAA	K	GAA	E	102
NC_045512.2	28578	A	G	3721	595	43	2	1	23	0.000536913	3725	1	FALSE	N:cds-YP_009724397.2	AAA	K	AGA	R	102
NC_045512.2	28578	A	C	3721	595	43	2	1	31	0.000536913	3725	0.8125	FALSE	N:cds-YP_009724397.2	AAA	K	ACA	T	102
NC_045512.2	28585	C	T	3874	676	44	2	2	74	0.000515996	3876	0.250032	FALSE	N:cds-YP_009724397.2	CTC	L	CTT	L	104
NC_045512.2	28587	G	A	4081	703	43	1	0	74	0.000244978	4082	0.500061	FALSE	N:cds-YP_009724397.2	AGT	S	AAT	N	105
NC_045512.2	28588	T	A	4031	713	43	1	0	25	0.000248016	4032	1	FALSE	N:cds-YP_009724397.2	AGT	S	AGA	R	105
NC_045512.2	28589	C	T	4028	716	44	2	0	37	0.000496278	4030	0.89077	FALSE	N:cds-YP_009724397.2	CCA	P	TCA	S	106
NC_045512.2	28590	C	A	3968	714	43	1	1	37	0.000251953	3969	0.937579	FALSE	N:cds-YP_009724397.2	CCA	P	CAA	Q	106
NC_045512.2	28591	A	G	3920	720	43	1	0	37	0.000255037	3921	0.93758	FALSE	N:cds-YP_009724397.2	CCA	P	CCG	P	106
NC_045512.2	28592	A	G	3842	721	42	1	0	37	0.000260146	3844	0.937549	FALSE	N:cds-YP_009724397.2	AGA	R	GGA	G	107
NC_045512.2	28592	A	C	3842	721	42	1	0	20	0.000260146	3844	1	FALSE	N:cds-YP_009724397.2	AGA	R	CGA	R	107
NC_045512.2	28594	A	G	3831	946	44	1	0	37	0.000260892	3833	0.937549	FALSE	N:cds-YP_009724397.2	AGA	R	AGG	R	107
NC_045512.2	28594	A	C	3831	946	44	1	1	25	0.000260892	3833	1	FALSE	N:cds-YP_009724397.2	AGA	R	AGC	S	107
NC_045512.2	28598	T	G	3894	1010	44	1	0	25	0.000256608	3897	1	FALSE	N:cds-YP_009724397.2	TAT	Y	GAT	D	109
NC_045512.2	28598	T	C	3894	1010	44	2	2	74	0.000513215	3897	0.249968	FALSE	N:cds-YP_009724397.2	TAT	Y	CAT	H	109
NC_045512.2	28599	A	C	3584	1125	42	1	0	37	0.00027894	3585	0.937587	FALSE	N:cds-YP_009724397.2	TAT	Y	TCT	S	109
NC_045512.2	28601	T	G	3366	1184	41	2	0	29	0.000593648	3369	1	FALSE	N:cds-YP_009724397.2	TTC	F	GTC	V	110
NC_045512.2	28601	T	A	3366	1184	41	1	1	74	0.000296824	3369	0.499926	FALSE	N:cds-YP_009724397.2	TTC	F	ATC	I	110
NC_045512.2	28604	T	G	3539	1293	42	1	1	25	0.000282406	3541	1	FALSE	N:cds-YP_009724397.2	TAC	Y	GAC	D	111
NC_045512.2	28604	T	C	3539	1293	42	1	1	37	0.000282406	3541	0.937553	FALSE	N:cds-YP_009724397.2	TAC	Y	CAC	H	111
NC_045512.2	28605	A	T	3418	1349	41	1	0	37	0.000292483	3419	0.937591	FALSE	N:cds-YP_009724397.2	TAC	Y	TTC	F	111
NC_045512.2	28607	T	G	3357	1284	41	1	1	25	0.000297796	3358	1	FALSE	N:cds-YP_009724397.2	TAC	Y	GAC	D	112
NC_045512.2	28608	A	G	3443	1314	41	2	2	31	0.000580215	3447	0.8125	FALSE	N:cds-YP_009724397.2	TAC	Y	TGC	C	112
NC_045512.2	28608	A	C	3443	1314	41	2	2	25	0.000580215	3447	1	FALSE	N:cds-YP_009724397.2	TAC	Y	TCC	S	112
NC_045512.2	28611	T	C	3584	1424	40	1	0	62	0.00027894	3585	0.50007	FALSE	N:cds-YP_009724397.2	CTA	L	CCA	P	113
NC_045512.2	28612	A	T	3517	1431	39	1	1	37	0.000284172	3519	0.937553	FALSE	N:cds-YP_009724397.2	CTA	L	CTT	L	113
NC_045512.2	28612	A	C	3517	1431	39	1	0	25	0.000284172	3519	1	FALSE	N:cds-YP_009724397.2	CTA	L	CTC	L	113
NC_045512.2	28615	A	G	3570	1426	39	1	1	37	0.000279955	3572	0.937553	FALSE	N:cds-YP_009724397.2	GGA	G	GGG	G	114
NC_045512.2	28615	A	C	3570	1426	39	1	1	25	0.000279955	3572	1	FALSE	N:cds-YP_009724397.2	GGA	G	GGC	G	114
NC_045512.2	28616	A	T	3470	1439	38	1	0	37	0.000287936	3473	0.937518	FALSE	N:cds-YP_009724397.2	ACT	T	TCT	S	115
NC_045512.2	28616	A	G	3470	1439	38	1	1	37	0.000287936	3473	0.937518	FALSE	N:cds-YP_009724397.2	ACT	T	GCT	A	115
NC_045512.2	28616	A	C	3470	1439	38	1	0	25	0.000287936	3473	1	FALSE	N:cds-YP_009724397.2	ACT	T	CCT	P	115
NC_045512.2	28617	C	T	3637	1490	39	4	0	37	0.0010986	3641	0.50015	FALSE	N:cds-YP_009724397.2	ACT	T	ATT	I	115
NC_045512.2	28621	G	A	3603	1430	40	2	1	37	0.000554785	3605	0.812673	FALSE	N:cds-YP_009724397.2	GGG	G	GGA	G	116
NC_045512.2	28622	C	T	3608	1438	40	2	0	37	0.000554017	3610	0.812673	FALSE	N:cds-YP_009724397.2	CCA	P	TCA	S	117
NC_045512.2	28625	G	A	3705	1552	40	1	0	37	0.000269833	3706	0.937584	FALSE	N:cds-YP_009724397.2	GAA	E	AAA	K	118
NC_045512.2	28626	A	C	3648	1495	40	1	1	25	0.000274048	3649	1	FALSE	N:cds-YP_009724397.2	GAA	E	GCA	A	118
NC_045512.2	28627	A	C	3422	1502	38	4	2	29	0.00116754	3426	1	FALSE	N:cds-YP_009724397.2	GAA	E	GAC	D	118
NC_045512.2	28628	G	A	3579	1585	39	1	0	37	0.00027933	3580	0.937587	FALSE	N:cds-YP_009724397.2	GCT	A	ACT	T	119
NC_045512.2	28629	C	T	3579	1598	39	1	1	37	0.00027933	3580	0.937587	FALSE	N:cds-YP_009724397.2	GCT	A	GTT	V	119
NC_045512.2	28630	T	C	3588	1565	39	2	1	37	0.000557103	3590	0.812674	FALSE	N:cds-YP_009724397.2	GCT	A	GCC	A	119
NC_045512.2	28632	G	T	3583	1725	39	1	1	25	0.000279018	3584	1	FALSE	N:cds-YP_009724397.2	GGA	G	GTA	V	120
NC_045512.2	28633	A	G	3529	1721	39	1	1	37	0.000283206	3531	0.937553	FALSE	N:cds-YP_009724397.2	GGA	G	GGG	G	120
NC_045512.2	28633	A	C	3529	1721	39	1	0	37	0.000283206	3531	0.937553	FALSE	N:cds-YP_009724397.2	GGA	G	GGC	G	120
NC_045512.2	28634	C	A	3405	1774	38	1	0	74	0.0002936	3406	0.500073	FALSE	N:cds-YP_009724397.2	CTT	L	ATT	I	121
NC_045512.2	28635	T	G	3262	1657	37	2	2	25	0.000612182	3267	1	FALSE	N:cds-YP_009724397.2	CTT	L	CGT	R	121
NC_045512.2	28635	T	C	3262	1657	37	2	1	37	0.000612182	3267	0.812404	FALSE	N:cds-YP_009724397.2	CTT	L	CCT	P	121
NC_045512.2	28635	T	A	3262	1657	37	1	0	37	0.000306091	3267	0.937443	FALSE	N:cds-YP_009724397.2	CTT	L	CAT	H	121
NC_045512.2	28636	T	G	3986	1798	38	1	1	25	0.000250752	3988	1	FALSE	N:cds-YP_009724397.2	CTT	L	CTG	L	121
NC_045512.2	28636	T	A	3986	1798	38	1	0	25	0.000250752	3988	1	FALSE	N:cds-YP_009724397.2	CTT	L	CTA	L	121
NC_045512.2	28637	C	T	4053	1787	38	1	0	37	0.00024667	4054	0.968808	FALSE	N:cds-YP_009724397.2	CCC	P	TCC	S	122
NC_045512.2	28639	C	A	4034	1778	37	1	0	37	0.000247831	4035	0.968808	FALSE	N:cds-YP_009724397.2	CCC	P	CCA	P	122
NC_045512.2	28640	T	G	3979	1786	37	2	0	25	0.00050226	3982	1	FALSE	N:cds-YP_009724397.2	TAT	Y	GAT	D	123
NC_045512.2	28640	T	C	3979	1786	37	1	0	74	0.00025113	3982	0.499937	FALSE	N:cds-YP_009724397.2	TAT	Y	CAT	H	123
NC_045512.2	28642	T	G	3931	1744	37	1	0	25	0.000254323	3932	1	FALSE	N:cds-YP_009724397.2	TAT	Y	TAG	*	123
NC_045512.2	28643	G	T	4044	1760	37	1	0	37	0.000247219	4045	0.968808	FALSE	N:cds-YP_009724397.2	GGT	G	TGT	C	124
NC_045512.2	28644	G	A	4019	1722	37	2	2	37	0.000497389	4021	0.890771	FALSE	N:cds-YP_009724397.2	GGT	G	GAT	D	124
NC_045512.2	28646	G	A	3860	1561	38	3	3	37	0.000776598	3863	0.656432	FALSE	N:cds-YP_009724397.2	GCT	A	ACT	T	125
NC_045512.2	28647	C	T	3841	1583	38	3	1	37	0.000780437	3844	0.656433	FALSE	N:cds-YP_009724397.2	GCT	A	GTT	V	125
NC_045512.2	28648	T	G	3808	1568	38	1	1	25	0.000262536	3809	1	FALSE	N:cds-YP_009724397.2	GCT	A	GCG	A	125
NC_045512.2	28649	A	G	3743	1578	37	1	1	37	0.000267023	3745	0.93755	FALSE	N:cds-YP_009724397.2	AAC	N	GAC	D	126
NC_045512.2	28649	A	C	3743	1578	37	1	0	37	0.000267023	3745	0.93755	FALSE	N:cds-YP_009724397.2	AAC	N	CAC	H	126
NC_045512.2	28650	A	G	3852	1563	38	1	1	37	0.000259538	3853	0.937581	FALSE	N:cds-YP_009724397.2	AAC	N	AGC	S	126
NC_045512.2	28652	A	C	3867	1585	38	2	0	37	0.000516929	3869	0.812662	FALSE	N:cds-YP_009724397.2	AAA	K	CAA	Q	127
NC_045512.2	28653	A	G	3691	1488	37	1	0	37	0.000270709	3694	0.937517	FALSE	N:cds-YP_009724397.2	AAA	K	AGA	R	127
NC_045512.2	28653	A	C	3691	1488	37	2	1	25	0.000541419	3694	1	FALSE	N:cds-YP_009724397.2	AAA	K	ACA	T	127
NC_045512.2	28654	A	T	3737	1586	37	1	1	37	0.000267451	3739	0.93755	FALSE	N:cds-YP_009724397.2	AAA	K	AAT	N	127
NC_045512.2	28654	A	C	3737	1586	37	1	1	25	0.000267451	3739	1	FALSE	N:cds-YP_009724397.2	AAA	K	AAC	N	127
NC_045512.2	28656	A	G	3783	1665	37	1	1	37	0.000264201	3785	0.93755	FALSE	N:cds-YP_009724397.2	GAC	D	GGC	G	128
NC_045512.2	28656	A	C	3783	1665	37	1	1	25	0.000264201	3785	1	FALSE	N:cds-YP_009724397.2	GAC	D	GCC	A	128
NC_045512.2	28657	C	T	3934	1745	38	2	1	37	0.00050813	3936	0.812659	FALSE	N:cds-YP_009724397.2	GAC	D	GAT	D	128
NC_045512.2	28659	G	A	3904	1691	37	11	4	37	0.00280971	3915	0.0286085	FALSE	N:cds-YP_009724397.2	GGC	G	GAC	D	129
NC_045512.2	28660	C	T	3924	1732	38	2	2	37	0.000509424	3926	0.812659	FALSE	N:cds-YP_009724397.2	GGC	G	GGT	G	129
NC_045512.2	28661	A	T	3794	1715	37	1	1	37	0.000263435	3796	0.937549	FALSE	N:cds-YP_009724397.2	ATC	I	TTC	F	130
NC_045512.2	28661	A	C	3794	1715	37	1	0	37	0.000263435	3796	0.937549	FALSE	N:cds-YP_009724397.2	ATC	I	CTC	L	130
NC_045512.2	28662	T	A	3859	1725	37	1	0	25	0.000259067	3860	1	FALSE	N:cds-YP_009724397.2	ATC	I	AAC	N	130
NC_045512.2	28663	C	T	4031	1751	38	1	0	37	0.000247954	4033	0.968789	FALSE	N:cds-YP_009724397.2	ATC	I	ATT	I	130
NC_045512.2	28663	C	A	4031	1751	38	1	1	37	0.000247954	4033	0.968789	FALSE	N:cds-YP_009724397.2	ATC	I	ATA	I	130
NC_045512.2	28665	T	G	3915	1779	37	3	0	24	0.000765697	3918	1	FALSE	N:cds-YP_009724397.2	ATA	I	AGA	R	131
NC_045512.2	28666	A	T	3994	1782	37	1	1	37	0.000250188	3997	0.937516	FALSE	N:cds-YP_009724397.2	ATA	I	ATT	I	131
NC_045512.2	28666	A	G	3994	1782	37	1	0	25	0.000250188	3997	1	FALSE	N:cds-YP_009724397.2	ATA	I	ATG	M	131
NC_045512.2	28666	A	C	3994	1782	37	1	0	25	0.000250188	3997	1	FALSE	N:cds-YP_009724397.2	ATA	I	ATC	I	131
NC_045512.2	28669	G	T	4067	1694	38	1	0	48	0.000245821	4068	0.500061	FALSE	N:cds-YP_009724397.2	TGG	W	TGT	C	132
NC_045512.2	28670	G	C	4141	1751	38	1	1	62	0.000241429	4142	0.50006	FALSE	N:cds-YP_009724397.2	GTT	V	CTT	L	133
NC_045512.2	28671	T	C	4017	1698	38	1	0	25	0.00024888	4018	1	FALSE	N:cds-YP_009724397.2	GTT	V	GCT	A	133
NC_045512.2	28672	T	A	4182	1826	39	1	1	37	0.000239063	4183	0.968806	FALSE	N:cds-YP_009724397.2	GTT	V	GTA	V	133
NC_045512.2	28673	G	C	4198	1835	39	1	0	37	0.000238039	4201	0.968769	FALSE	N:cds-YP_009724397.2	GCA	A	CCA	P	134
NC_045512.2	28673	G	A	4198	1835	39	2	0	37	0.000476077	4201	0.890709	FALSE	N:cds-YP_009724397.2	GCA	A	ACA	T	134
NC_045512.2	28674	C	T	4189	1839	39	2	1	37	0.000477099	4192	0.890709	FALSE	N:cds-YP_009724397.2	GCA	A	GTA	V	134
NC_045512.2	28674	C	A	4189	1839	39	1	0	25	0.00023855	4192	1	FALSE	N:cds-YP_009724397.2	GCA	A	GAA	E	134
NC_045512.2	28675	A	T	4149	1830	38	2	0	31	0.000481696	4152	0.89071	FALSE	N:cds-YP_009724397.2	GCA	A	GCT	A	134
NC_045512.2	28675	A	G	4149	1830	38	1	1	74	0.000240848	4152	0.49994	FALSE	N:cds-YP_009724397.2	GCA	A	GCG	A	134
NC_045512.2	28676	A	C	4094	1783	38	1	0	37	0.0002442	4095	0.968807	FALSE	N:cds-YP_009724397.2	ACT	T	CCT	P	135
NC_045512.2	28684	A	G	4105	1801	39	2	2	37	0.000486973	4107	0.890768	FALSE	N:cds-YP_009724397.2	GGA	G	GGG	G	137
NC_045512.2	28686	C	T	4211	1784	39	10	6	40	0.00236911	4221	0.000972517	TRUE	N:cds-YP_009724397.2	GCC	A	GTC	V	138
NC_045512.2	28687	C	T	4167	1768	38	2	0	37	0.000479616	4170	0.890709	FALSE	N:cds-YP_009724397.2	GCC	A	GCT	A	138
NC_045512.2	28687	C	A	4167	1768	38	1	0	37	0.000239808	4170	0.968769	FALSE	N:cds-YP_009724397.2	GCC	A	GCA	A	138
NC_045512.2	28688	T	G	3937	1802	38	1	0	37	0.000253614	3943	0.937421	FALSE	N:cds-YP_009724397.2	TTG	L	GTG	V	139
NC_045512.2	28688	T	C	3937	1802	38	3	1	29	0.000760842	3943	1	FALSE	N:cds-YP_009724397.2	TTG	L	CTG	L	139
NC_045512.2	28688	T	A	3937	1802	38	2	2	55	0.000507228	3943	0.249778	FALSE	N:cds-YP_009724397.2	TTG	L	ATG	M	139
NC_045512.2	28689	T	G	3979	1843	38	2	0	25	0.000502134	3983	1	FALSE	N:cds-YP_009724397.2	TTG	L	TGG	W	139
NC_045512.2	28689	T	C	3979	1843	38	2	1	37	0.000502134	3983	0.8125	FALSE	N:cds-YP_009724397.2	TTG	L	TCG	S	139
NC_045512.2	28691	A	G	4132	1966	39	1	0	37	0.000241955	4133	0.968788	FALSE	N:cds-YP_009724397.2	AAT	N	GAT	D	140
NC_045512.2	28692	A	C	4028	1918	38	1	0	25	0.000248201	4029	1	FALSE	N:cds-YP_009724397.2	AAT	N	ACT	T	140
NC_045512.2	28693	T	G	3972	1858	39	1	1	37	0.000251572	3975	0.937516	FALSE	N:cds-YP_009724397.2	AAT	N	AAG	K	140
NC_045512.2	28693	T	C	3972	1858	39	2	2	37	0.000503145	3975	0.812579	FALSE	N:cds-YP_009724397.2	AAT	N	AAC	N	140
NC_045512.2	28695	C	A	3932	1693	39	1	0	37	0.000254259	3933	0.937579	FALSE	N:cds-YP_009724397.2	ACA	T	AAA	K	141
NC_045512.2	28699	A	C	3946	1926	40	1	0	25	0.000253357	3947	1	FALSE	N:cds-YP_009724397.2	CCA	P	CCC	P	142
NC_045512.2	28700	A	T	3972	1894	40	1	1	37	0.000251636	3974	0.937547	FALSE	N:cds-YP_009724397.2	AAA	K	TAA	*	143
NC_045512.2	28700	A	G	3972	1894	40	1	0	25	0.000251636	3974	1	FALSE	N:cds-YP_009724397.2	AAA	K	GAA	E	143
NC_045512.2	28701	A	G	4095	2049	40	1	1	37	0.000244081	4097	0.968788	FALSE	N:cds-YP_009724397.2	AAA	K	AGA	R	143
NC_045512.2	28701	A	C	4095	2049	40	1	1	25	0.000244081	4097	1	FALSE	N:cds-YP_009724397.2	AAA	K	ACA	T	143
NC_045512.2	28702	A	T	4143	2147	41	2	2	37	0.000482393	4146	0.89071	FALSE	N:cds-YP_009724397.2	AAA	K	AAT	N	143
NC_045512.2	28702	A	G	4143	2147	41	1	0	37	0.000241196	4146	0.968769	FALSE	N:cds-YP_009724397.2	AAA	K	AAG	K	143
NC_045512.2	28704	A	T	4051	2106	41	1	1	25	0.00024667	4054	1	FALSE	N:cds-YP_009724397.2	GAT	D	GTT	V	144
NC_045512.2	28704	A	C	4051	2106	41	2	2	33	0.00049334	4054	0.890712	FALSE	N:cds-YP_009724397.2	GAT	D	GCT	A	144
NC_045512.2	28705	T	C	4101	2178	42	1	0	37	0.000243784	4102	0.968807	FALSE	N:cds-YP_009724397.2	GAT	D	GAC	D	144
NC_045512.2	28706	C	T	4334	2443	43	1	1	37	0.000230681	4335	0.968804	FALSE	N:cds-YP_009724397.2	CAC	H	TAC	Y	145
NC_045512.2	28707	A	G	4238	2344	42	3	1	37	0.00070738	4241	0.773631	FALSE	N:cds-YP_009724397.2	CAC	H	CGC	R	145
NC_045512.2	28708	C	T	4346	2449	43	1	0	37	0.000230044	4347	0.968804	FALSE	N:cds-YP_009724397.2	CAC	H	CAT	H	145
NC_045512.2	28709	A	C	4170	2395	42	2	1	31	0.000479386	4172	0.890765	FALSE	N:cds-YP_009724397.2	ATT	I	CTT	L	146
NC_045512.2	28710	T	G	3972	2390	41	1	1	25	0.000251699	3973	1	FALSE	N:cds-YP_009724397.2	ATT	I	AGT	S	146
NC_045512.2	28712	G	T	4071	2468	41	2	2	37	0.000491039	4073	0.890769	FALSE	N:cds-YP_009724397.2	GGC	G	TGC	C	147
NC_045512.2	28713	G	T	4088	2498	41	1	1	48	0.000243962	4099	0.49945	FALSE	N:cds-YP_009724397.2	GGC	G	GTC	V	147
NC_045512.2	28713	G	A	4088	2498	41	10	4	37	0.00243962	4099	0.0895963	FALSE	N:cds-YP_009724397.2	GGC	G	GAC	D	147
NC_045512.2	28714	C	T	4130	2527	42	2	1	37	0.00048391	4133	0.89071	FALSE	N:cds-YP_009724397.2	GGC	G	GGT	G	147
NC_045512.2	28714	C	A	4130	2527	42	1	0	25	0.000241955	4133	1	FALSE	N:cds-YP_009724397.2	GGC	G	GGA	G	147
NC_045512.2	28715	A	G	4038	2472	42	1	1	37	0.000247586	4039	0.968808	FALSE	N:cds-YP_009724397.2	ACC	T	GCC	A	148
NC_045512.2	28716	C	G	4114	2526	42	1	1	25	0.000243013	4115	1	FALSE	N:cds-YP_009724397.2	ACC	T	AGC	S	148
NC_045512.2	28717	C	T	4096	2497	41	1	1	37	0.000244021	4098	0.968788	FALSE	N:cds-YP_009724397.2	ACC	T	ACT	T	148
NC_045512.2	28717	C	A	4096	2497	41	1	1	25	0.000244021	4098	1	FALSE	N:cds-YP_009724397.2	ACC	T	ACA	T	148
NC_045512.2	28718	C	T	4093	2476	42	1	1	37	0.0002442	4095	0.968788	FALSE	N:cds-YP_009724397.2	CGC	R	TGC	C	149
NC_045512.2	28718	C	A	4093	2476	42	1	0	37	0.0002442	4095	0.968788	FALSE	N:cds-YP_009724397.2	CGC	R	AGC	S	149
NC_045512.2	28719	G	A	4234	2646	42	8	4	40	0.0018859	4242	0.00389704	TRUE	N:cds-YP_009724397.2	CGC	R	CAC	H	149
NC_045512.2	28721	A	G	4262	2735	42	1	0	25	0.000234577	4263	1	FALSE	N:cds-YP_009724397.2	AAT	N	GAT	D	150
NC_045512.2	28722	A	C	4134	2673	42	2	0	25	0.000483559	4136	1	FALSE	N:cds-YP_009724397.2	AAT	N	ACT	T	150
NC_045512.2	28723	T	G	4224	2707	42	1	0	25	0.000236686	4225	1	FALSE	N:cds-YP_009724397.2	AAT	N	AAG	K	150
NC_045512.2	28724	C	A	4360	2825	42	1	1	25	0.000229305	4361	1	FALSE	N:cds-YP_009724397.2	CCT	P	ACT	T	151
NC_045512.2	28725	C	T	4356	2836	43	1	1	48	0.000229516	4357	0.500057	FALSE	N:cds-YP_009724397.2	CCT	P	CTT	L	151
NC_045512.2	28726	T	C	4194	2694	43	2	1	37	0.000476644	4196	0.890765	FALSE	N:cds-YP_009724397.2	CCT	P	CCC	P	151
NC_045512.2	28727	G	A	4211	2729	42	5	4	44	0.00118596	4216	0.0312315	FALSE	N:cds-YP_009724397.2	GCT	A	ACT	T	152
NC_045512.2	28734	A	C	3879	2510	41	3	3	26	0.000772798	3882	1	FALSE	N:cds-YP_009724397.2	AAT	N	ACT	T	154
NC_045512.2	28736	G	C	4082	2775	42	1	0	37	0.000244798	4085	0.968769	FALSE	N:cds-YP_009724397.2	GCT	A	CCT	P	155
NC_045512.2	28736	G	A	4082	2775	42	2	1	55	0.000489596	4085	0.249969	FALSE	N:cds-YP_009724397.2	GCT	A	ACT	T	155
NC_045512.2	28737	C	T	3848	2983	40	4	2	46	0.00103842	3852	0.0624838	FALSE	N:cds-YP_009724397.2	GCT	A	GTT	V	155
NC_045512.2	28738	T	C	3791	2943	40	1	0	37	0.000263713	3792	0.937582	FALSE	N:cds-YP_009724397.2	GCT	A	GCC	A	155
NC_045512.2	28739	G	A	3885	3037	40	2	2	55	0.000514536	3887	0.250032	FALSE	N:cds-YP_009724397.2	GCA	A	ACA	T	156
NC_045512.2	28740	C	T	3922	3094	40	4	4	37	0.00101859	3927	0.5	FALSE	N:cds-YP_009724397.2	GCA	A	GTA	V	156
NC_045512.2	28740	C	G	3922	3094	40	1	1	37	0.000254647	3927	0.937452	FALSE	N:cds-YP_009724397.2	GCA	A	GGA	G	156
NC_045512.2	28741	A	T	3895	3072	40	1	1	25	0.000256674	3896	1	FALSE	N:cds-YP_009724397.2	GCA	A	GCT	A	156
NC_045512.2	28742	A	G	3791	2990	39	2	1	31	0.000527009	3795	0.8125	FALSE	N:cds-YP_009724397.2	ATC	I	GTC	V	157
NC_045512.2	28742	A	C	3791	2990	39	2	1	25	0.000527009	3795	1	FALSE	N:cds-YP_009724397.2	ATC	I	CTC	L	157
NC_045512.2	28743	T	C	3850	3036	39	1	0	37	0.000259673	3851	0.937581	FALSE	N:cds-YP_009724397.2	ATC	I	ACC	T	157
NC_045512.2	28744	C	T	3883	3064	40	2	0	55	0.000514801	3885	0.250032	FALSE	N:cds-YP_009724397.2	ATC	I	ATT	I	157
NC_045512.2	28747	G	A	3816	3025	40	6	4	43	0.00156986	3822	0.0156066	FALSE	N:cds-YP_009724397.2	GTG	V	GTA	V	158
NC_045512.2	28751	C	T	4137	3452	41	1	1	37	0.000241663	4138	0.968807	FALSE	N:cds-YP_009724397.2	CAA	Q	TAA	*	160
NC_045512.2	28752	A	C	4036	3356	40	1	1	25	0.000247709	4037	1	FALSE	N:cds-YP_009724397.2	CAA	Q	CCA	P	160
NC_045512.2	28753	A	G	3892	3211	39	1	1	37	0.000256674	3896	0.937484	FALSE	N:cds-YP_009724397.2	CAA	Q	CAG	Q	160
NC_045512.2	28753	A	C	3892	3211	39	3	3	29	0.000770021	3896	1	FALSE	N:cds-YP_009724397.2	CAA	Q	CAC	H	160
NC_045512.2	28754	C	T	4209	3565	41	6	4	43	0.00142349	4215	0.0156083	FALSE	N:cds-YP_009724397.2	CTT	L	TTT	F	161
NC_045512.2	28755	T	G	3364	2710	39	14	14	27	0.00414324	3379	0.998506	FALSE	N:cds-YP_009724397.2	CTT	L	CGT	R	161
NC_045512.2	28755	T	C	3364	2710	39	1	1	37	0.000295946	3379	0.937072	FALSE	N:cds-YP_009724397.2	CTT	L	CCT	P	161
NC_045512.2	28756	T	A	3933	3297	40	2	2	31	0.000508259	3935	0.812659	FALSE	N:cds-YP_009724397.2	CTT	L	CTA	L	161
NC_045512.2	28761	A	G	4075	3543	40	1	0	74	0.000245339	4076	0.500061	FALSE	N:cds-YP_009724397.2	CAA	Q	CGA	R	163
NC_045512.2	28762	A	G	4012	3503	40	1	1	37	0.00024919	4013	0.968808	FALSE	N:cds-YP_009724397.2	CAA	Q	CAG	Q	163
NC_045512.2	28765	A	C	4244	3792	41	1	1	29	0.000235571	4245	1	FALSE	N:cds-YP_009724397.2	GGA	G	GGC	G	164
NC_045512.2	28766	A	C	4203	3801	40	2	0	29	0.000475624	4205	1	FALSE	N:cds-YP_009724397.2	ACA	T	CCA	P	165
NC_045512.2	28767	C	G	4239	3791	41	1	1	37	0.000235793	4241	0.968787	FALSE	N:cds-YP_009724397.2	ACA	T	AGA	R	165
NC_045512.2	28767	C	A	4239	3791	41	1	1	37	0.000235793	4241	0.968787	FALSE	N:cds-YP_009724397.2	ACA	T	AAA	K	165
NC_045512.2	28768	A	T	4150	3709	40	1	0	25	0.000240848	4152	1	FALSE	N:cds-YP_009724397.2	ACA	T	ACT	T	165
NC_045512.2	28768	A	C	4150	3709	40	1	1	29	0.000240848	4152	1	FALSE	N:cds-YP_009724397.2	ACA	T	ACC	T	165
NC_045512.2	28769	A	G	4054	3629	40	1	1	37	0.000246488	4057	0.968769	FALSE	N:cds-YP_009724397.2	ACA	T	GCA	A	166
NC_045512.2	28769	A	C	4054	3629	40	2	2	25	0.000492975	4057	1	FALSE	N:cds-YP_009724397.2	ACA	T	CCA	P	166
NC_045512.2	28771	A	C	3918	3529	39	3	3	26	0.000765111	3921	1	FALSE	N:cds-YP_009724397.2	ACA	T	ACC	T	166
NC_045512.2	28772	T	G	3714	3338	38	1	1	25	0.000269034	3717	1	FALSE	N:cds-YP_009724397.2	TTG	L	GTG	V	167
NC_045512.2	28772	T	C	3714	3338	38	2	2	37	0.000538068	3717	0.812584	FALSE	N:cds-YP_009724397.2	TTG	L	CTG	L	167
NC_045512.2	28773	T	G	3725	3345	39	1	1	25	0.000268312	3727	1	FALSE	N:cds-YP_009724397.2	TTG	L	TGG	W	167
NC_045512.2	28773	T	C	3725	3345	39	1	1	37	0.000268312	3727	0.93755	FALSE	N:cds-YP_009724397.2	TTG	L	TCG	S	167
NC_045512.2	28774	G	A	3876	3506	40	5	5	34	0.00128833	3881	0.363352	FALSE	N:cds-YP_009724397.2	TTG	L	TTA	L	167
NC_045512.2	28775	C	T	3896	3539	40	1	1	37	0.000256542	3898	0.937548	FALSE	N:cds-YP_009724397.2	CCA	P	TCA	S	168
NC_045512.2	28775	C	A	3896	3539	40	1	1	37	0.000256542	3898	0.937548	FALSE	N:cds-YP_009724397.2	CCA	P	ACA	T	168
NC_045512.2	28776	C	-A	3897	3547	40	4	0	20	0.00102643	3897	1	FALSE	NA	NA	NA	NA	NA	NA
NC_045512.2	28779	A	C	3685	3348	38	2	2	25	0.000542446	3687	1	FALSE	N:cds-YP_009724397.2	AAA	K	ACA	T	169
NC_045512.2	28780	A	T	3671	3338	38	2	1	27	0.00054407	3676	1	FALSE	N:cds-YP_009724397.2	AAA	K	AAT	N	169
NC_045512.2	28780	A	G	3671	3338	38	2	2	55	0.00054407	3676	0.24983	FALSE	N:cds-YP_009724397.2	AAA	K	AAG	K	169
NC_045512.2	28780	A	C	3671	3338	38	1	1	20	0.000272035	3676	1	FALSE	N:cds-YP_009724397.2	AAA	K	AAC	N	169
NC_045512.2	28782	G	A	3811	3475	39	1	1	37	0.000262329	3812	0.937582	FALSE	N:cds-YP_009724397.2	GGC	G	GAC	D	170
NC_045512.2	28783	C	T	3659	3325	39	2	2	37	0.000546299	3661	0.812671	FALSE	N:cds-YP_009724397.2	GGC	G	GGT	G	170
NC_045512.2	28784	T	C	3592	3261	39	1	1	37	0.000278319	3593	0.937587	FALSE	N:cds-YP_009724397.2	TTC	F	CTC	L	171
NC_045512.2	28785	T	G	3706	3388	39	1	0	37	0.000269687	3708	0.937551	FALSE	N:cds-YP_009724397.2	TTC	F	TGC	C	171
NC_045512.2	28785	T	C	3706	3388	39	1	1	37	0.000269687	3708	0.937551	FALSE	N:cds-YP_009724397.2	TTC	F	TCC	S	171
NC_045512.2	28786	C	T	3610	3388	38	1	1	37	0.000276932	3611	0.937587	FALSE	N:cds-YP_009724397.2	TTC	F	TTT	F	171
NC_045512.2	28787	T	C	3593	3374	38	1	1	37	0.000278242	3594	0.937587	FALSE	N:cds-YP_009724397.2	TAC	Y	CAC	H	172
NC_045512.2	28789	C	T	3676	3463	38	1	1	37	0.000271961	3677	0.937585	FALSE	N:cds-YP_009724397.2	TAC	Y	TAT	Y	172
NC_045512.2	28790	G	A	3542	3336	38	1	1	37	0.000282247	3543	0.937588	FALSE	N:cds-YP_009724397.2	GCA	A	ACA	T	173
NC_045512.2	28793	G	T	3431	3242	38	1	1	25	0.000291375	3432	1	FALSE	N:cds-YP_009724397.2	GAA	E	TAA	*	174
NC_045512.2	28795	A	T	3392	3217	38	2	1	31	0.000589102	3395	0.812592	FALSE	N:cds-YP_009724397.2	GAA	E	GAT	D	174
NC_045512.2	28795	A	G	3392	3217	38	1	1	37	0.000294551	3395	0.937518	FALSE	N:cds-YP_009724397.2	GAA	E	GAG	E	174
NC_045512.2	28796	G	T	3352	3210	38	1	1	37	0.00029824	3353	0.937593	FALSE	N:cds-YP_009724397.2	GGG	G	TGG	W	175
NC_045512.2	28801	C	T	2990	2858	38	1	1	37	0.000334336	2991	0.875125	FALSE	N:cds-YP_009724397.2	AGC	S	AGT	S	176
NC_045512.2	28802	A	G	2529	2404	38	2	2	37	0.000790202	2531	0.687722	FALSE	N:cds-YP_009724397.2	AGA	R	GGA	G	177
NC_045512.2	28803	G	A	2513	2388	38	1	1	37	0.000397772	2514	0.875149	FALSE	N:cds-YP_009724397.2	AGA	R	AAA	K	177
NC_045512.2	28804	A	G	2455	2333	38	1	1	62	0.000407166	2456	0.500102	FALSE	N:cds-YP_009724397.2	AGA	R	AGG	R	177
NC_045512.2	28807	C	T	2147	2027	38	1	1	37	0.000465549	2148	0.875175	FALSE	N:cds-YP_009724397.2	GGC	G	GGT	G	178
NC_045512.2	28807	C	-G	2147	2027	38	1	0	20	0.000465549	2148	1	FALSE	NA	NA	NA	NA	NA	NA
NC_045512.2	28808	G	T	2138	2020	38	1	0	37	0.000467508	2139	0.875088	FALSE	N:cds-YP_009724397.2	GGC	G	TGC	C	179
NC_045512.2	28809	G	A	2126	2020	38	3	3	37	0.00140911	2129	0.50022	FALSE	N:cds-YP_009724397.2	GGC	G	GAC	D	179
NC_045512.2	28810	C	T	2136	2031	38	3	2	37	0.00140252	2139	0.500219	FALSE	N:cds-YP_009724397.2	GGC	G	GGT	G	179
NC_045512.2	28813	T	C	2109	2009	38	1	1	37	0.000473934	2110	0.875178	FALSE	N:cds-YP_009724397.2	AGT	S	AGC	S	180
NC_045512.2	28816	A	T	2042	1947	37	1	1	37	0.000489237	2044	0.875092	FALSE	N:cds-YP_009724397.2	CAA	Q	CAT	H	181
NC_045512.2	28816	A	G	2042	1947	37	1	1	37	0.000489237	2044	0.875092	FALSE	N:cds-YP_009724397.2	CAA	Q	CAG	Q	181
NC_045512.2	28818	C	T	2060	1998	37	1	1	37	0.000485201	2061	0.875182	FALSE	N:cds-YP_009724397.2	GCC	A	GTC	V	182
NC_045512.2	28820	T	C	1778	1721	37	1	1	37	0.000562114	1779	0.750211	FALSE	N:cds-YP_009724397.2	TCT	S	CCT	P	183
NC_045512.2	28822	T	G	1702	1645	37	1	1	25	0.000587199	1703	0.999996	FALSE	N:cds-YP_009724397.2	TCT	S	TCG	S	183
NC_045512.2	28823	T	A	1709	1657	37	2	2	37	0.00116891	1711	0.500219	FALSE	N:cds-YP_009724397.2	TCT	S	ACT	T	184
NC_045512.2	28827	G	A	1553	1525	37	1	1	37	0.000643501	1554	0.750241	FALSE	N:cds-YP_009724397.2	CGT	R	CAT	H	185
NC_045512.2	28832	T	C	1370	1349	37	1	1	37	0.000728863	1372	0.750091	FALSE	N:cds-YP_009724397.2	TCA	S	CCA	P	187
NC_045512.2	28832	T	A	1370	1349	37	1	1	37	0.000728863	1372	0.750091	FALSE	N:cds-YP_009724397.2	TCA	S	ACA	T	187
NC_045512.2	28833	C	T	1378	1361	37	1	1	37	0.000725163	1379	0.750272	FALSE	N:cds-YP_009724397.2	TCA	S	TTA	L	187
NC_045512.2	28837	A	G	1278	1263	36	1	1	37	0.000781861	1279	0.750293	FALSE	N:cds-YP_009724397.2	TCA	S	TCG	S	188
NC_045512.2	28844	C	T	1155	1144	36	1	1	37	0.000865052	1156	0.750325	FALSE	N:cds-YP_009724397.2	CGC	R	TGC	C	191
NC_045512.2	28845	G	A	1139	1129	36	3	3	37	0.00262697	1142	0.312664	FALSE	N:cds-YP_009724397.2	CGC	R	CAC	H	191
NC_045512.2	29188	A	G	3163	299	36	1	1	37	0.000316056	3164	0.937599	FALSE	N:cds-YP_009724397.2	GCA	A	GCG	A	305
NC_045512.2	29189	C	T	4010	328	36	3	0	37	0.000747384	4014	0.77354	FALSE	N:cds-YP_009724397.2	CAA	Q	TAA	*	306
NC_045512.2	29189	C	A	4010	328	36	1	0	37	0.000249128	4014	0.96875	FALSE	N:cds-YP_009724397.2	CAA	Q	AAA	K	306
NC_045512.2	29190	A	+G	4176	323	36	1	0	20	0.000239464	4176	1	FALSE	NA	NA	NA	NA	NA	NA
NC_045512.2	29191	A	C	4834	316	36	1	1	37	0.000206825	4835	0.968798	FALSE	N:cds-YP_009724397.2	CAA	Q	CAC	H	306
NC_045512.2	29192	T	G	4931	324	36	1	1	37	0.000202716	4933	0.968782	FALSE	N:cds-YP_009724397.2	TTT	F	GTT	V	307
NC_045512.2	29192	T	C	4931	324	36	1	0	37	0.000202716	4933	0.968782	FALSE	N:cds-YP_009724397.2	TTT	F	CTT	L	307
NC_045512.2	29194	T	G	5248	335	36	1	1	25	0.000190476	5250	1	FALSE	N:cds-YP_009724397.2	TTT	F	TTG	L	307
NC_045512.2	29194	T	A	5248	335	36	1	0	37	0.000190476	5250	0.984397	FALSE	N:cds-YP_009724397.2	TTT	F	TTA	L	307
NC_045512.2	29195	G	C	5548	347	36	1	0	37	0.000180115	5552	0.984379	FALSE	N:cds-YP_009724397.2	GCC	A	CCC	P	308
NC_045512.2	29195	G	A	5548	347	36	3	0	37	0.000540346	5552	0.855557	FALSE	N:cds-YP_009724397.2	GCC	A	ACC	T	308
NC_045512.2	29195	G	-C	5548	347	36	2	0	20	0.000360231	5552	1	FALSE	NA	NA	NA	NA	NA	NA
NC_045512.2	29195	G	+C	5548	347	36	1	0	20	0.000180115	5552	1	FALSE	NA	NA	NA	NA	NA	NA
NC_045512.2	29196	C	T	5579	345	36	9	0	35	0.00161002	5590	0.211532	FALSE	N:cds-YP_009724397.2	GCC	A	GTC	V	308
NC_045512.2	29196	C	G	5579	345	36	2	0	37	0.000357782	5590	0.937265	FALSE	N:cds-YP_009724397.2	GCC	A	GGC	G	308
NC_045512.2	29197	C	A	5850	352	36	1	0	25	0.000170911	5851	1	FALSE	N:cds-YP_009724397.2	GCC	A	GCA	A	308
NC_045512.2	29198	C	T	5898	355	36	1	0	37	0.00016952	5899	0.984403	FALSE	N:cds-YP_009724397.2	CCC	P	TCC	S	309
NC_045512.2	29199	C	A	5969	358	36	1	0	37	0.000167504	5970	0.984402	FALSE	N:cds-YP_009724397.2	CCC	P	CAC	H	309
NC_045512.2	29200	C	T	6226	364	36	1	0	37	0.000160539	6229	0.992196	FALSE	N:cds-YP_009724397.2	CCC	P	CCT	P	309
NC_045512.2	29200	C	A	6226	364	36	2	0	25	0.000321079	6229	1	FALSE	N:cds-YP_009724397.2	CCC	P	CCA	P	309
NC_045512.2	29201	A	G	6155	348	36	3	0	37	0.000487092	6159	0.910236	FALSE	N:cds-YP_009724397.2	AGC	S	GGC	G	310
NC_045512.2	29201	A	C	6155	348	36	1	1	25	0.000162364	6159	1	FALSE	N:cds-YP_009724397.2	AGC	S	CGC	R	310
NC_045512.2	29202	G	C	7009	360	36	1	1	25	0.000142653	7010	1	FALSE	N:cds-YP_009724397.2	AGC	S	ACC	T	310
NC_045512.2	29203	C	T	7098	480	37	9	1	41	0.00126263	7128	0.00192368	TRUE	N:cds-YP_009724397.2	AGC	S	AGT	S	310
NC_045512.2	29203	C	G	7098	480	37	2	1	37	0.000280584	7128	0.98023	FALSE	N:cds-YP_009724397.2	AGC	S	AGG	R	310
NC_045512.2	29203	C	A	7098	480	37	19	19	37	0.00266554	7128	0.014278	FALSE	N:cds-YP_009724397.2	AGC	S	AGA	R	310
NC_045512.2	29204	G	T	7459	515	37	3	0	37	0.000401714	7468	0.945254	FALSE	N:cds-YP_009724397.2	GCT	A	TCT	S	311
NC_045512.2	29204	G	A	7459	515	37	6	0	37	0.000803428	7468	0.709388	FALSE	N:cds-YP_009724397.2	GCT	A	ACT	T	311
NC_045512.2	29205	C	T	8143	516	37	3	0	37	0.000368234	8147	0.96733	FALSE	N:cds-YP_009724397.2	GCT	A	GTT	V	311
NC_045512.2	29205	C	A	8143	516	37	1	0	25	0.000122745	8147	1	FALSE	N:cds-YP_009724397.2	GCT	A	GAT	D	311
NC_045512.2	29206	T	G	8051	467	36	4	1	28	0.000496524	8056	1	FALSE	N:cds-YP_009724397.2	GCT	A	GCG	A	311
NC_045512.2	29206	T	C	8051	467	36	1	0	37	0.000124131	8056	0.998048	FALSE	N:cds-YP_009724397.2	GCT	A	GCC	A	311
NC_045512.2	29207	T	C	8681	505	36	1	0	74	0.000115168	8683	0.5	FALSE	N:cds-YP_009724397.2	TCA	S	CCA	P	312
NC_045512.2	29207	T	A	8681	505	36	1	0	37	0.000115168	8683	0.998051	FALSE	N:cds-YP_009724397.2	TCA	S	ACA	T	312
NC_045512.2	29209	A	T	8682	549	36	1	0	25	0.000115115	8687	1	FALSE	N:cds-YP_009724397.2	TCA	S	TCT	S	312
NC_045512.2	29209	A	G	8682	549	36	4	0	37	0.000460458	8687	0.927072	FALSE	N:cds-YP_009724397.2	TCA	S	TCG	S	312
NC_045512.2	29210	G	T	9258	558	37	1	0	37	0.000107968	9262	0.999025	FALSE	N:cds-YP_009724397.2	GCG	A	TCG	S	313
NC_045512.2	29210	G	A	9258	558	37	3	0	37	0.000323904	9262	0.980743	FALSE	N:cds-YP_009724397.2	GCG	A	ACG	T	313
NC_045512.2	29210	G	-CGT	9258	558	37	1	0	20	0.000107968	9262	1	FALSE	NA	NA	NA	NA	NA	NA
NC_045512.2	29211	C	T	9225	558	37	13	2	35	0.00140723	9238	0.261608	FALSE	N:cds-YP_009724397.2	GCG	A	GTG	V	313
NC_045512.2	29212	G	T	9385	559	37	1	0	37	0.000106496	9390	0.999024	FALSE	N:cds-YP_009724397.2	GCG	A	GCT	A	313
NC_045512.2	29212	G	C	9385	559	37	1	1	36	0.000106496	9390	0.999024	FALSE	N:cds-YP_009724397.2	GCG	A	GCC	A	313
NC_045512.2	29212	G	A	9385	559	37	3	0	37	0.000319489	9390	0.980726	FALSE	N:cds-YP_009724397.2	GCG	A	GCA	A	313
NC_045512.2	29213	T	G	8789	544	36	4	0	28	0.0004547	8797	1	FALSE	N:cds-YP_009724397.2	TTC	F	GTC	V	314
NC_045512.2	29213	T	C	8789	544	36	4	0	37	0.0004547	8797	0.926961	FALSE	N:cds-YP_009724397.2	TTC	F	CTC	L	314
NC_045512.2	29214	T	C	9259	552	37	1	0	37	0.000107968	9262	0.999025	FALSE	N:cds-YP_009724397.2	TTC	F	TCC	S	314
NC_045512.2	29214	T	A	9259	552	37	2	0	31	0.000215936	9262	0.994152	FALSE	N:cds-YP_009724397.2	TTC	F	TAC	Y	314
NC_045512.2	29215	C	A	10049	564	37	1	0	25	9.95025e-05	10050	1	FALSE	N:cds-YP_009724397.2	TTC	F	TTA	L	314
NC_045512.2	29216	T	G	9946	563	36	5	0	30	0.000502412	9952	0.910294	FALSE	N:cds-YP_009724397.2	TTC	F	GTC	V	315
NC_045512.2	29216	T	C	9946	563	36	1	0	37	0.000100482	9952	0.999024	FALSE	N:cds-YP_009724397.2	TTC	F	CTC	L	315
NC_045512.2	29217	T	G	10518	565	37	5	1	25	0.000475105	10524	1	FALSE	N:cds-YP_009724397.2	TTC	F	TGC	C	315
NC_045512.2	29217	T	C	10518	565	37	1	0	37	9.50209e-05	10524	0.999512	FALSE	N:cds-YP_009724397.2	TTC	F	TCC	S	315
NC_045512.2	29218	C	T	10712	573	37	4	0	37	0.000373274	10716	0.971365	FALSE	N:cds-YP_009724397.2	TTC	F	TTT	F	315
NC_045512.2	29219	G	A	10794	570	37	3	0	33	0.000277855	10797	0.988794	FALSE	N:cds-YP_009724397.2	GGA	G	AGA	R	316
NC_045512.2	29220	G	T	11450	572	37	1	0	37	8.72981e-05	11455	0.999756	FALSE	N:cds-YP_009724397.2	GGA	G	GTA	V	316
NC_045512.2	29220	G	A	11450	572	37	4	0	37	0.000349192	11455	0.982451	FALSE	N:cds-YP_009724397.2	GGA	G	GAA	E	316
NC_045512.2	29221	A	T	11279	569	37	3	0	33	0.000265769	11288	0.993529	FALSE	N:cds-YP_009724397.2	GGA	G	GGT	G	316
NC_045512.2	29221	A	G	11279	569	37	4	0	34	0.000354359	11288	0.982422	FALSE	N:cds-YP_009724397.2	GGA	G	GGG	G	316
NC_045512.2	29221	A	C	11279	569	37	2	0	25	0.000177179	11288	1	FALSE	N:cds-YP_009724397.2	GGA	G	GGC	G	316
NC_045512.2	29222	A	G	10706	556	35	2	0	31	0.000186585	10719	0.996818	FALSE	N:cds-YP_009724397.2	ATG	M	GTG	V	317
NC_045512.2	29222	A	C	10706	556	35	11	1	27	0.00102622	10719	1	FALSE	N:cds-YP_009724397.2	ATG	M	CTG	L	317
NC_045512.2	29223	T	G	11614	636	37	1	0	37	8.60956e-05	11615	0.999757	FALSE	N:cds-YP_009724397.2	ATG	M	AGG	R	317
NC_045512.2	29224	G	C	12133	644	37	1	0	37	8.23791e-05	12139	0.999878	FALSE	N:cds-YP_009724397.2	ATG	M	ATC	I	317
NC_045512.2	29224	G	A	12133	644	37	5	0	32	0.000411896	12139	0.975518	FALSE	N:cds-YP_009724397.2	ATG	M	ATA	I	317
NC_045512.2	29226	C	T	12154	647	37	7	1	37	0.000575611	12161	0.916576	FALSE	N:cds-YP_009724397.2	TCG	S	TTG	L	318
NC_045512.2	29227	G	T	12141	652	37	1	0	37	8.22842e-05	12153	0.999878	FALSE	N:cds-YP_009724397.2	TCG	S	TCT	S	318
NC_045512.2	29227	G	A	12141	652	37	11	1	34	0.000905126	12153	0.661253	FALSE	N:cds-YP_009724397.2	TCG	S	TCA	S	318
NC_045512.2	29228	C	T	12190	657	37	1	0	37	8.20277e-05	12191	0.999878	FALSE	N:cds-YP_009724397.2	CGC	R	TGC	C	319
NC_045512.2	29229	G	A	12219	656	37	10	0	37	0.000817728	12229	0.738424	FALSE	N:cds-YP_009724397.2	CGC	R	CAC	H	319
NC_045512.2	29230	C	T	12307	663	37	2	0	37	0.000162483	12309	0.999087	FALSE	N:cds-YP_009724397.2	CGC	R	CGT	R	319
NC_045512.2	29231	A	T	12142	659	37	2	1	37	0.00016469	12144	0.999087	FALSE	N:cds-YP_009724397.2	ATT	I	TTT	F	320
NC_045512.2	29233	T	C	12260	659	37	1	1	37	8.15461e-05	12263	0.999878	FALSE	N:cds-YP_009724397.2	ATT	I	ATC	I	320
NC_045512.2	29233	T	A	12260	659	37	2	0	31	0.000163092	12263	0.999087	FALSE	N:cds-YP_009724397.2	ATT	I	ATA	I	320
NC_045512.2	29234	G	T	12806	671	37	1	0	37	7.80579e-05	12811	0.999878	FALSE	N:cds-YP_009724397.2	GGC	G	TGC	C	321
NC_045512.2	29234	G	A	12806	671	37	4	2	37	0.000312232	12811	0.989384	FALSE	N:cds-YP_009724397.2	GGC	G	AGC	S	321
NC_045512.2	29235	G	A	13214	669	37	20	1	37	0.00151126	13234	0.148002	FALSE	N:cds-YP_009724397.2	GGC	G	GAC	D	321
NC_045512.2	29236	C	T	13106	672	37	6	0	35	0.000457561	13113	0.968263	FALSE	N:cds-YP_009724397.2	GGC	G	GGT	G	321
NC_045512.2	29236	C	A	13106	672	37	1	0	25	7.62602e-05	13113	1	FALSE	N:cds-YP_009724397.2	GGC	G	GGA	G	321
NC_045512.2	29237	A	C	12971	671	37	1	0	25	7.70891e-05	12972	1	FALSE	N:cds-YP_009724397.2	ATG	M	CTG	L	322
NC_045512.2	29238	T	G	13023	667	37	1	0	37	7.67636e-05	13027	0.999939	FALSE	N:cds-YP_009724397.2	ATG	M	AGG	R	322
NC_045512.2	29238	T	C	13023	667	37	3	0	37	0.000230291	13027	0.997915	FALSE	N:cds-YP_009724397.2	ATG	M	ACG	T	322
NC_045512.2	29239	G	T	13358	679	37	2	0	37	0.000149701	13360	0.999513	FALSE	N:cds-YP_009724397.2	ATG	M	ATT	I	322
NC_045512.2	29241	A	T	13660	816	37	1	0	37	7.31797e-05	13665	0.999939	FALSE	N:cds-YP_009724397.2	GAA	E	GTA	V	323
NC_045512.2	29241	A	G	13660	816	37	4	0	34	0.000292719	13665	0.99365	FALSE	N:cds-YP_009724397.2	GAA	E	GGA	G	323
NC_045512.2	29242	A	G	13305	827	35	3	0	37	0.00022531	13315	0.997909	FALSE	N:cds-YP_009724397.2	GAA	E	GAG	E	323
NC_045512.2	29242	A	C	13305	827	35	7	0	26	0.000525723	13315	1	FALSE	N:cds-YP_009724397.2	GAA	E	GAC	D	323
NC_045512.2	29243	G	T	15333	837	37	1	0	37	6.52146e-05	15334	0.999985	FALSE	N:cds-YP_009724397.2	GTC	V	TTC	F	324
NC_045512.2	29244	T	G	15078	843	37	2	0	31	0.000132582	15085	0.999863	FALSE	N:cds-YP_009724397.2	GTC	V	GGC	G	324
NC_045512.2	29244	T	C	15078	843	37	3	0	37	0.000198873	15085	0.999345	FALSE	N:cds-YP_009724397.2	GTC	V	GCC	A	324
NC_045512.2	29244	T	A	15078	843	37	2	0	31	0.000132582	15085	0.999863	FALSE	N:cds-YP_009724397.2	GTC	V	GAC	D	324
NC_045512.2	29245	C	T	15400	858	38	2	0	37	0.000129845	15403	0.999863	FALSE	N:cds-YP_009724397.2	GTC	V	GTT	V	324
NC_045512.2	29245	C	A	15400	858	38	1	0	37	6.49224e-05	15403	0.999985	FALSE	N:cds-YP_009724397.2	GTC	V	GTA	V	324
NC_045512.2	29246	A	T	15068	1003	38	1	1	37	6.63482e-05	15072	0.999985	FALSE	N:cds-YP_009724397.2	ACA	T	TCA	S	325
NC_045512.2	29246	A	G	15068	1003	38	1	1	37	6.63482e-05	15072	0.999985	FALSE	N:cds-YP_009724397.2	ACA	T	GCA	A	325
NC_045512.2	29246	A	C	15068	1003	38	2	1	25	0.000132696	15072	1	FALSE	N:cds-YP_009724397.2	ACA	T	CCA	P	325
NC_045512.2	29247	C	T	15468	1038	38	8	0	37	0.000516829	15479	0.95346	FALSE	N:cds-YP_009724397.2	ACA	T	ATA	I	325
NC_045512.2	29247	C	G	15468	1038	38	2	2	37	0.000129207	15479	0.999863	FALSE	N:cds-YP_009724397.2	ACA	T	AGA	R	325
NC_045512.2	29247	C	A	15468	1038	38	1	0	25	6.46037e-05	15479	1	FALSE	N:cds-YP_009724397.2	ACA	T	AAA	K	325
NC_045512.2	29248	A	G	15272	1071	38	2	0	37	0.000130924	15276	0.999863	FALSE	N:cds-YP_009724397.2	ACA	T	ACG	T	325
NC_045512.2	29248	A	C	15272	1071	38	2	0	31	0.000130924	15276	0.999863	FALSE	N:cds-YP_009724397.2	ACA	T	ACC	T	325
NC_045512.2	29249	C	G	16262	1102	38	3	3	33	0.000184445	16265	0.999637	FALSE	N:cds-YP_009724397.2	CCT	P	GCT	A	326
NC_045512.2	29250	C	T	16387	1107	38	3	0	29	0.000183038	16390	1	FALSE	N:cds-YP_009724397.2	CCT	P	CTT	L	326
NC_045512.2	29250	C	-T	16387	1107	38	1	0	20	6.10128e-05	16390	1	FALSE	NA	NA	NA	NA	NA	NA
NC_045512.2	29251	T	G	15914	1085	37	2	1	33	0.000125652	15917	0.999863	FALSE	N:cds-YP_009724397.2	CCT	P	CCG	P	326
NC_045512.2	29251	T	C	15914	1085	37	1	1	50	6.28259e-05	15917	0.499969	FALSE	N:cds-YP_009724397.2	CCT	P	CCC	P	326
NC_045512.2	29252	T	A	16461	1102	38	1	0	37	6.0746e-05	16462	0.999992	FALSE	N:cds-YP_009724397.2	TCG	S	ACG	T	327
NC_045512.2	29253	C	T	16788	1148	38	4	1	37	0.000238209	16792	0.998716	FALSE	N:cds-YP_009724397.2	TCG	S	TTG	L	327
NC_045512.2	29254	G	C	16738	1149	38	1	0	37	5.973e-05	16742	0.999992	FALSE	N:cds-YP_009724397.2	TCG	S	TCC	S	327
NC_045512.2	29254	G	A	16738	1149	38	3	0	37	0.00017919	16742	0.999637	FALSE	N:cds-YP_009724397.2	TCG	S	TCA	S	327
NC_045512.2	29255	G	A	16820	1150	38	1	0	37	5.94495e-05	16821	0.999992	FALSE	N:cds-YP_009724397.2	GGA	G	AGA	R	328
NC_045512.2	29256	G	C	16945	1151	38	2	0	37	0.000118015	16947	0.999928	FALSE	N:cds-YP_009724397.2	GGA	G	GCA	A	328
NC_045512.2	29257	A	T	16598	1158	38	1	0	22	6.02265e-05	16604	1	FALSE	N:cds-YP_009724397.2	GGA	G	GGT	G	328
NC_045512.2	29257	A	G	16598	1158	38	1	0	37	6.02265e-05	16604	0.999992	FALSE	N:cds-YP_009724397.2	GGA	G	GGG	G	328
NC_045512.2	29257	A	C	16598	1158	38	4	0	26	0.000240906	16604	1	FALSE	N:cds-YP_009724397.2	GGA	G	GGC	G	328
NC_045512.2	29258	A	G	14735	1315	36	2	0	37	0.000135474	14763	0.999738	FALSE	N:cds-YP_009724397.2	ACG	T	GCG	A	329
NC_045512.2	29258	A	C	14735	1315	36	26	0	26	0.00176116	14763	1	FALSE	N:cds-YP_009724397.2	ACG	T	CCG	P	329
NC_045512.2	29259	C	T	17033	1335	39	2	1	37	0.000117392	17037	0.999962	FALSE	N:cds-YP_009724397.2	ACG	T	ATG	M	329
NC_045512.2	29259	C	A	17033	1335	39	2	2	37	0.000117392	17037	0.999962	FALSE	N:cds-YP_009724397.2	ACG	T	AAG	K	329
NC_045512.2	29260	G	T	17121	1354	39	1	0	37	5.83635e-05	17134	0.999996	FALSE	N:cds-YP_009724397.2	ACG	T	ACT	T	329
NC_045512.2	29260	G	A	17121	1354	39	12	2	41	0.000700362	17134	0.00170621	TRUE	N:cds-YP_009724397.2	ACG	T	ACA	T	329
NC_045512.2	29261	T	G	17719	1372	38	1	0	25	5.64239e-05	17723	1	FALSE	N:cds-YP_009724397.2	TGG	W	GGG	G	330
NC_045512.2	29261	T	C	17719	1372	38	3	0	33	0.000169272	17723	0.999799	FALSE	N:cds-YP_009724397.2	TGG	W	CGG	R	330
NC_045512.2	29262	G	T	18830	1375	39	3	1	33	0.000159286	18834	0.99989	FALSE	N:cds-YP_009724397.2	TGG	W	TTG	L	330
NC_045512.2	29262	G	A	18830	1375	39	1	0	37	5.30955e-05	18834	0.999998	FALSE	N:cds-YP_009724397.2	TGG	W	TAG	*	330
NC_045512.2	29263	G	T	18840	1411	39	1	0	25	5.30645e-05	18845	1	FALSE	N:cds-YP_009724397.2	TGG	W	TGT	C	330
NC_045512.2	29263	G	A	18840	1411	39	4	0	46	0.000212258	18845	0.187483	FALSE	N:cds-YP_009724397.2	TGG	W	TGA	*	330
NC_045512.2	29264	T	G	18142	1417	38	2	0	27	0.000110199	18149	1	FALSE	N:cds-YP_009724397.2	TTG	L	GTG	V	331
NC_045512.2	29264	T	C	18142	1417	38	5	1	44	0.000275497	18149	0.109343	FALSE	N:cds-YP_009724397.2	TTG	L	CTG	L	331
NC_045512.2	29265	T	G	18704	1419	38	2	1	37	0.000106906	18708	0.99998	FALSE	N:cds-YP_009724397.2	TTG	L	TGG	W	331
NC_045512.2	29265	T	C	18704	1419	38	2	0	37	0.000106906	18708	0.99998	FALSE	N:cds-YP_009724397.2	TTG	L	TCG	S	331
NC_045512.2	29266	G	T	23824	1460	38	2	0	37	8.39349e-05	23828	0.999999	FALSE	N:cds-YP_009724397.2	TTG	L	TTT	F	331
NC_045512.2	29266	G	A	23824	1460	38	2	0	37	8.39349e-05	23828	0.999999	FALSE	N:cds-YP_009724397.2	TTG	L	TTA	L	331
NC_045512.2	29267	A	T	22772	1484	38	2	0	31	8.77963e-05	22780	0.999999	FALSE	N:cds-YP_009724397.2	ACC	T	TCC	S	332
NC_045512.2	29267	A	G	22772	1484	38	6	0	35	0.000263389	22780	0.999545	FALSE	N:cds-YP_009724397.2	ACC	T	GCC	A	332
NC_045512.2	29268	C	T	23563	1510	38	10	1	37	0.000424178	23575	0.993248	FALSE	N:cds-YP_009724397.2	ACC	T	ATC	I	332
NC_045512.2	29268	C	A	23563	1510	38	2	0	37	8.48356e-05	23575	0.999999	FALSE	N:cds-YP_009724397.2	ACC	T	AAC	N	332
NC_045512.2	29269	C	A	24131	1527	38	4	0	46	0.000165734	24135	0.34376	FALSE	N:cds-YP_009724397.2	ACC	T	ACA	T	332
NC_045512.2	29270	T	G	23906	1650	38	3	2	33	0.000125444	23915	0.999995	FALSE	N:cds-YP_009724397.2	TAC	Y	GAC	D	333
NC_045512.2	29270	T	C	23906	1650	38	5	1	44	0.000209074	23915	0.226494	FALSE	N:cds-YP_009724397.2	TAC	Y	CAC	H	333
NC_045512.2	29270	T	A	23906	1650	38	1	0	25	4.18148e-05	23915	1	FALSE	N:cds-YP_009724397.2	TAC	Y	AAC	N	333
NC_045512.2	29271	A	T	25005	1721	38	2	0	37	7.99552e-05	25014	1	FALSE	N:cds-YP_009724397.2	TAC	Y	TTC	F	333
NC_045512.2	29271	A	G	25005	1721	38	3	0	37	0.000119933	25014	0.999998	FALSE	N:cds-YP_009724397.2	TAC	Y	TGC	C	333
NC_045512.2	29271	A	C	25005	1721	38	4	0	28	0.00015991	25014	1	FALSE	N:cds-YP_009724397.2	TAC	Y	TCC	S	333
NC_045512.2	29272	C	T	25979	2213	38	2	0	37	7.69704e-05	25984	1	FALSE	N:cds-YP_009724397.2	TAC	Y	TAT	Y	333
NC_045512.2	29272	C	A	25979	2213	38	3	0	33	0.000115456	25984	0.999998	FALSE	N:cds-YP_009724397.2	TAC	Y	TAA	*	333
NC_045512.2	29273	A	G	25292	2233	38	2	0	37	7.90451e-05	25302	1	FALSE	N:cds-YP_009724397.2	ACA	T	GCA	A	334
NC_045512.2	29273	A	C	25292	2233	38	8	0	25	0.000316181	25302	1	FALSE	N:cds-YP_009724397.2	ACA	T	CCA	P	334
NC_045512.2	29274	C	T	26288	2272	38	14	2	37	0.000532198	26306	0.980781	FALSE	N:cds-YP_009724397.2	ACA	T	ATA	I	334
NC_045512.2	29274	C	A	26288	2272	38	4	0	31	0.000152057	26306	0.999996	FALSE	N:cds-YP_009724397.2	ACA	T	AAA	K	334
NC_045512.2	29275	A	T	25398	2189	38	3	0	33	0.000118031	25417	0.999998	FALSE	N:cds-YP_009724397.2	ACA	T	ACT	T	334
NC_045512.2	29275	A	G	25398	2189	38	7	0	40	0.000275406	25417	0.0897179	FALSE	N:cds-YP_009724397.2	ACA	T	ACG	T	334
NC_045512.2	29275	A	C	25398	2189	38	9	0	31	0.000354094	25417	0.998532	FALSE	N:cds-YP_009724397.2	ACA	T	ACC	T	334
NC_045512.2	29275	A	+G	25398	2189	38	2	0	20	7.86875e-05	25417	1	FALSE	NA	NA	NA	NA	NA	NA
NC_045512.2	29276	G	T	26518	2183	38	1	0	25	3.77045e-05	26522	1	FALSE	N:cds-YP_009724397.2	GGT	G	TGT	C	335
NC_045512.2	29276	G	A	26518	2183	38	3	1	45	0.000113114	26522	0.5	FALSE	N:cds-YP_009724397.2	GGT	G	AGT	S	335
NC_045512.2	29277	G	T	26389	2201	38	1	0	37	3.78845e-05	26396	1	FALSE	N:cds-YP_009724397.2	GGT	G	GTT	V	335
NC_045512.2	29277	G	A	26389	2201	38	6	0	37	0.000227307	26396	0.999944	FALSE	N:cds-YP_009724397.2	GGT	G	GAT	D	335
NC_045512.2	29278	T	G	25786	2199	38	3	0	29	0.000116302	25795	1	FALSE	N:cds-YP_009724397.2	GGT	G	GGG	G	335
NC_045512.2	29278	T	C	25786	2199	38	5	1	44	0.000193836	25795	0.226499	FALSE	N:cds-YP_009724397.2	GGT	G	GGC	G	335
NC_045512.2	29278	T	A	25786	2199	38	1	0	25	3.87672e-05	25795	1	FALSE	N:cds-YP_009724397.2	GGT	G	GGA	G	335
NC_045512.2	29279	G	T	26418	2167	38	2	2	37	7.56344e-05	26443	1	FALSE	N:cds-YP_009724397.2	GCC	A	TCC	S	336
NC_045512.2	29279	G	C	26418	2167	38	2	0	31	7.56344e-05	26443	1	FALSE	N:cds-YP_009724397.2	GCC	A	CCC	P	336
NC_045512.2	29279	G	A	26418	2167	38	21	6	42	0.000794161	26443	3.28775e-05	TRUE	N:cds-YP_009724397.2	GCC	A	ACC	T	336
NC_045512.2	29280	C	T	26272	2079	38	22	3	41	0.000836661	26295	1.78757e-05	TRUE	N:cds-YP_009724397.2	GCC	A	GTC	V	336
NC_045512.2	29280	C	A	26272	2079	38	1	0	37	3.803e-05	26295	1	FALSE	N:cds-YP_009724397.2	GCC	A	GAC	D	336
NC_045512.2	29281	C	T	26359	2172	39	8	1	37	0.000303375	26370	0.999591	FALSE	N:cds-YP_009724397.2	GCC	A	GCT	A	336
NC_045512.2	29281	C	G	26359	2172	39	1	1	29	3.79219e-05	26370	1	FALSE	N:cds-YP_009724397.2	GCC	A	GCG	A	336
NC_045512.2	29281	C	A	26359	2172	39	2	0	37	7.58438e-05	26370	1	FALSE	N:cds-YP_009724397.2	GCC	A	GCA	A	336
NC_045512.2	29282	A	T	25805	2397	38	2	0	37	7.74923e-05	25809	1	FALSE	N:cds-YP_009724397.2	ATC	I	TTC	F	337
NC_045512.2	29282	A	G	25805	2397	38	1	0	37	3.87462e-05	25809	1	FALSE	N:cds-YP_009724397.2	ATC	I	GTC	V	337
NC_045512.2	29282	A	C	25805	2397	38	1	0	25	3.87462e-05	25809	1	FALSE	N:cds-YP_009724397.2	ATC	I	CTC	L	337
NC_045512.2	29282	A	+T	25805	2397	38	1	0	20	3.87462e-05	25809	1	FALSE	NA	NA	NA	NA	NA	NA
NC_045512.2	29283	T	C	26155	2416	39	1	0	37	3.82321e-05	26156	1	FALSE	N:cds-YP_009724397.2	ATC	I	ACC	T	337
NC_045512.2	29284	C	T	26243	2431	39	2	0	37	7.6205e-05	26245	1	FALSE	N:cds-YP_009724397.2	ATC	I	ATT	I	337
NC_045512.2	29285	A	G	25703	2470	39	4	0	37	0.0001556	25707	0.999992	FALSE	N:cds-YP_009724397.2	AAA	K	GAA	E	338
NC_045512.2	29286	A	G	25607	2457	38	3	0	37	0.000117133	25612	0.999998	FALSE	N:cds-YP_009724397.2	AAA	K	AGA	R	338
NC_045512.2	29286	A	C	25607	2457	38	2	0	25	7.80884e-05	25612	1	FALSE	N:cds-YP_009724397.2	AAA	K	ACA	T	338
NC_045512.2	29287	A	C	25422	2465	38	2	2	27	7.86658e-05	25424	1	FALSE	N:cds-YP_009724397.2	AAA	K	AAC	N	338
NC_045512.2	29288	T	G	24752	2532	38	4	1	31	0.000161538	24762	0.999986	FALSE	N:cds-YP_009724397.2	TTG	L	GTG	V	339
NC_045512.2	29288	T	C	24752	2532	38	3	1	37	0.000121153	24762	0.999997	FALSE	N:cds-YP_009724397.2	TTG	L	CTG	L	339
NC_045512.2	29288	T	A	24752	2532	38	3	0	33	0.000121153	24762	0.999997	FALSE	N:cds-YP_009724397.2	TTG	L	ATG	M	339
NC_045512.2	29289	T	G	25193	2534	38	1	1	29	3.96825e-05	25200	1	FALSE	N:cds-YP_009724397.2	TTG	L	TGG	W	339
NC_045512.2	29289	T	C	25193	2534	38	3	1	49	0.000119048	25200	0.499944	FALSE	N:cds-YP_009724397.2	TTG	L	TCG	S	339
NC_045512.2	29289	T	A	25193	2534	38	3	1	33	0.000119048	25200	0.999998	FALSE	N:cds-YP_009724397.2	TTG	L	TAG	*	339
NC_045512.2	29290	G	T	25174	2710	38	2	0	37	7.94313e-05	25179	1	FALSE	N:cds-YP_009724397.2	TTG	L	TTT	F	339
NC_045512.2	29290	G	C	25174	2710	38	1	0	37	3.97156e-05	25179	1	FALSE	N:cds-YP_009724397.2	TTG	L	TTC	F	339
NC_045512.2	29290	G	A	25174	2710	38	2	0	55	7.94313e-05	25179	0.249975	FALSE	N:cds-YP_009724397.2	TTG	L	TTA	L	339
NC_045512.2	29291	G	T	25126	2857	38	3	1	29	0.000119365	25133	1	FALSE	N:cds-YP_009724397.2	GAT	D	TAT	Y	340
NC_045512.2	29291	G	A	25126	2857	38	4	0	37	0.000159153	25133	0.999992	FALSE	N:cds-YP_009724397.2	GAT	D	AAT	N	340
NC_045512.2	29292	A	T	24707	3076	39	2	0	37	8.09291e-05	24713	1	FALSE	N:cds-YP_009724397.2	GAT	D	GTT	V	340
NC_045512.2	29292	A	G	24707	3076	39	4	0	37	0.000161858	24713	0.999986	FALSE	N:cds-YP_009724397.2	GAT	D	GGT	G	340
NC_045512.2	29293	T	C	24698	3095	39	5	0	34	0.00020238	24706	0.999948	FALSE	N:cds-YP_009724397.2	GAT	D	GAC	D	340
NC_045512.2	29293	T	A	24698	3095	39	3	0	29	0.000121428	24706	1	FALSE	N:cds-YP_009724397.2	GAT	D	GAA	E	340
NC_045512.2	29294	G	T	24729	3108	38	1	1	29	4.04285e-05	24735	1	FALSE	N:cds-YP_009724397.2	GAC	D	TAC	Y	341
NC_045512.2	29294	G	C	24729	3108	38	1	0	37	4.04285e-05	24735	1	FALSE	N:cds-YP_009724397.2	GAC	D	CAC	H	341
NC_045512.2	29294	G	A	24729	3108	38	4	1	37	0.000161714	24735	0.999986	FALSE	N:cds-YP_009724397.2	GAC	D	AAC	N	341
NC_045512.2	29295	A	T	26030	3130	38	2	0	31	7.67902e-05	26045	1	FALSE	N:cds-YP_009724397.2	GAC	D	GTC	V	341
NC_045512.2	29295	A	G	26030	3130	38	12	4	34	0.000460741	26045	0.993086	FALSE	N:cds-YP_009724397.2	GAC	D	GGC	G	341
NC_045512.2	29295	A	C	26030	3130	38	1	1	25	3.83951e-05	26045	1	FALSE	N:cds-YP_009724397.2	GAC	D	GCC	A	341
NC_045512.2	29296	C	T	27125	3141	38	6	1	43	0.000221133	27133	0.144501	FALSE	N:cds-YP_009724397.2	GAC	D	GAT	D	341
NC_045512.2	29296	C	G	27125	3141	38	1	0	25	3.68555e-05	27133	1	FALSE	N:cds-YP_009724397.2	GAC	D	GAG	E	341
NC_045512.2	29296	C	A	27125	3141	38	1	1	48	3.68555e-05	27133	0.874965	FALSE	N:cds-YP_009724397.2	GAC	D	GAA	E	341
NC_045512.2	29297	A	G	26009	3211	38	2	1	37	7.6861e-05	26021	1	FALSE	N:cds-YP_009724397.2	AAA	K	GAA	E	342
NC_045512.2	29297	A	C	26009	3211	38	10	0	27	0.000384305	26021	1	FALSE	N:cds-YP_009724397.2	AAA	K	CAA	Q	342
NC_045512.2	29298	A	T	26007	3210	38	1	0	37	3.84231e-05	26026	1	FALSE	N:cds-YP_009724397.2	AAA	K	ATA	I	342
NC_045512.2	29298	A	G	26007	3210	38	8	1	37	0.000307385	26026	0.999589	FALSE	N:cds-YP_009724397.2	AAA	K	AGA	R	342
NC_045512.2	29298	A	C	26007	3210	38	10	0	26	0.000384231	26026	1	FALSE	N:cds-YP_009724397.2	AAA	K	ACA	T	342
NC_045512.2	29299	A	T	21057	2444	38	4	0	46	0.000150111	26647	0.24132	FALSE	N:cds-YP_009724397.2	AAA	K	AAT	N	342
NC_045512.2	29299	A	G	21057	2444	38	5586	746	37	0.20963	26647	0	TRUE	N:cds-YP_009724397.2	AAA	K	AAG	K	342
NC_045512.2	29300	G	T	27074	3458	38	4	0	29	0.00014771	27080	1	FALSE	N:cds-YP_009724397.2	GAT	D	TAT	Y	343
NC_045512.2	29300	G	A	27074	3458	38	2	0	37	7.38552e-05	27080	1	FALSE	N:cds-YP_009724397.2	GAT	D	AAT	N	343
NC_045512.2	29302	T	G	25998	3544	37	6	0	29	0.000230681	26010	1	FALSE	N:cds-YP_009724397.2	GAT	D	GAG	E	343
NC_045512.2	29302	T	C	25998	3544	37	6	1	32	0.000230681	26010	0.999944	FALSE	N:cds-YP_009724397.2	GAT	D	GAC	D	343
NC_045512.2	29303	C	T	26295	3568	38	1	0	37	3.80272e-05	26297	1	FALSE	N:cds-YP_009724397.2	CCA	P	TCA	S	344
NC_045512.2	29303	C	A	26295	3568	38	1	0	37	3.80272e-05	26297	1	FALSE	N:cds-YP_009724397.2	CCA	P	ACA	T	344
NC_045512.2	29304	C	T	26157	3427	38	2	0	37	7.64409e-05	26164	1	FALSE	N:cds-YP_009724397.2	CCA	P	CTA	L	344
NC_045512.2	29304	C	A	26157	3427	38	5	2	37	0.000191102	26164	0.999983	FALSE	N:cds-YP_009724397.2	CCA	P	CAA	Q	344
NC_045512.2	29305	A	T	25516	3514	37	20	0	37	0.000783055	25541	0.814316	FALSE	N:cds-YP_009724397.2	CCA	P	CCT	P	344
NC_045512.2	29305	A	G	25516	3514	37	2	1	37	7.83055e-05	25541	1	FALSE	N:cds-YP_009724397.2	CCA	P	CCG	P	344
NC_045512.2	29305	A	C	25516	3514	37	3	0	37	0.000117458	25541	0.999998	FALSE	N:cds-YP_009724397.2	CCA	P	CCC	P	344
NC_045512.2	29306	A	T	25019	3727	38	4	0	37	0.000159834	25026	0.999992	FALSE	N:cds-YP_009724397.2	AAT	N	TAT	Y	345
NC_045512.2	29306	A	G	25019	3727	38	1	0	37	3.99584e-05	25026	1	FALSE	N:cds-YP_009724397.2	AAT	N	GAT	D	345
NC_045512.2	29306	A	C	25019	3727	38	2	0	25	7.99169e-05	25026	1	FALSE	N:cds-YP_009724397.2	AAT	N	CAT	H	345
NC_045512.2	29307	A	T	25047	3746	38	2	0	37	7.98435e-05	25049	1	FALSE	N:cds-YP_009724397.2	AAT	N	ATT	I	345
NC_045512.2	29308	T	G	24806	3760	37	4	0	25	0.000161206	24813	1	FALSE	N:cds-YP_009724397.2	AAT	N	AAG	K	345
NC_045512.2	29308	T	C	24806	3760	37	1	0	37	4.03015e-05	24813	1	FALSE	N:cds-YP_009724397.2	AAT	N	AAC	N	345
NC_045512.2	29308	T	A	24806	3760	37	2	0	31	8.06029e-05	24813	1	FALSE	N:cds-YP_009724397.2	AAT	N	AAA	K	345
NC_045512.2	29309	T	G	24758	3736	37	1	0	29	4.03763e-05	24767	1	FALSE	N:cds-YP_009724397.2	TTC	F	GTC	V	346
NC_045512.2	29309	T	C	24758	3736	37	8	1	35	0.00032301	24767	0.998952	FALSE	N:cds-YP_009724397.2	TTC	F	CTC	L	346
NC_045512.2	29310	T	C	25178	3724	37	1	0	37	3.97141e-05	25180	1	FALSE	N:cds-YP_009724397.2	TTC	F	TCC	S	346
NC_045512.2	29310	T	A	25178	3724	37	1	0	25	3.97141e-05	25180	1	FALSE	N:cds-YP_009724397.2	TTC	F	TAC	Y	346
NC_045512.2	29311	C	T	25056	3917	38	2	0	37	7.98085e-05	25060	1	FALSE	N:cds-YP_009724397.2	TTC	F	TTT	F	346
NC_045512.2	29311	C	A	25056	3917	38	2	1	37	7.98085e-05	25060	1	FALSE	N:cds-YP_009724397.2	TTC	F	TTA	L	346
NC_045512.2	29312	A	T	24524	3972	37	1	1	37	4.07531e-05	24538	1	FALSE	N:cds-YP_009724397.2	AAA	K	TAA	*	347
NC_045512.2	29312	A	G	24524	3972	37	9	0	34	0.000366778	24538	0.997728	FALSE	N:cds-YP_009724397.2	AAA	K	GAA	E	347
NC_045512.2	29312	A	C	24524	3972	37	4	0	25	0.000163012	24538	1	FALSE	N:cds-YP_009724397.2	AAA	K	CAA	Q	347
NC_045512.2	29313	A	T	24251	3943	37	2	0	31	8.23723e-05	24280	1	FALSE	N:cds-YP_009724397.2	AAA	K	ATA	I	347
NC_045512.2	29313	A	G	24251	3943	37	4	1	37	0.000164745	24280	0.999986	FALSE	N:cds-YP_009724397.2	AAA	K	AGA	R	347
NC_045512.2	29313	A	C	24251	3943	37	23	3	36	0.000947282	24280	0.614349	FALSE	N:cds-YP_009724397.2	AAA	K	ACA	T	347
NC_045512.2	29314	A	T	23746	3956	37	9	0	26	0.000378772	23761	1	FALSE	N:cds-YP_009724397.2	AAA	K	AAT	N	347
NC_045512.2	29314	A	G	23746	3956	37	3	0	37	0.000126257	23761	0.999995	FALSE	N:cds-YP_009724397.2	AAA	K	AAG	K	347
NC_045512.2	29314	A	C	23746	3956	37	3	1	33	0.000126257	23761	0.999995	FALSE	N:cds-YP_009724397.2	AAA	K	AAC	N	347
NC_045512.2	29315	G	A	25476	3942	38	3	1	37	0.000117744	25479	0.999998	FALSE	N:cds-YP_009724397.2	GAT	D	AAT	N	348
NC_045512.2	29316	A	T	24476	4803	37	5	0	27	0.000204232	24482	1	FALSE	N:cds-YP_009724397.2	GAT	D	GTT	V	348
NC_045512.2	29316	A	G	24476	4803	37	1	1	37	4.08463e-05	24482	1	FALSE	N:cds-YP_009724397.2	GAT	D	GGT	G	348
NC_045512.2	29317	T	G	25234	5123	38	1	0	25	3.96197e-05	25240	1	FALSE	N:cds-YP_009724397.2	GAT	D	GAG	E	348
NC_045512.2	29317	T	C	25234	5123	38	4	1	37	0.000158479	25240	0.999992	FALSE	N:cds-YP_009724397.2	GAT	D	GAC	D	348
NC_045512.2	29317	T	A	25234	5123	38	1	1	37	3.96197e-05	25240	1	FALSE	N:cds-YP_009724397.2	GAT	D	GAA	E	348
NC_045512.2	29318	C	T	25353	5196	38	1	0	37	3.94368e-05	25357	1	FALSE	N:cds-YP_009724397.2	CAA	Q	TAA	*	349
NC_045512.2	29318	C	A	25353	5196	38	3	1	25	0.000118311	25357	1	FALSE	N:cds-YP_009724397.2	CAA	Q	AAA	K	349
NC_045512.2	29319	A	T	25040	5117	38	1	1	37	3.99058e-05	25059	1	FALSE	N:cds-YP_009724397.2	CAA	Q	CTA	L	349
NC_045512.2	29319	A	G	25040	5117	38	13	4	45	0.000518776	25059	0.00368432	TRUE	N:cds-YP_009724397.2	CAA	Q	CGA	R	349
NC_045512.2	29319	A	C	25040	5117	38	5	0	29	0.000199529	25059	1	FALSE	N:cds-YP_009724397.2	CAA	Q	CCA	P	349
NC_045512.2	29320	A	T	25185	5095	38	6	1	35	0.000238086	25201	0.999904	FALSE	N:cds-YP_009724397.2	CAA	Q	CAT	H	349
NC_045512.2	29320	A	G	25185	5095	38	6	0	37	0.000238086	25201	0.999904	FALSE	N:cds-YP_009724397.2	CAA	Q	CAG	Q	349
NC_045512.2	29320	A	C	25185	5095	38	4	2	28	0.000158724	25201	1	FALSE	N:cds-YP_009724397.2	CAA	Q	CAC	H	349
NC_045512.2	29321	G	T	24510	5144	38	3	0	33	0.000122359	24518	0.999997	FALSE	N:cds-YP_009724397.2	GTC	V	TTC	F	350
NC_045512.2	29321	G	C	24510	5144	38	2	1	27	8.15727e-05	24518	1	FALSE	N:cds-YP_009724397.2	GTC	V	CTC	L	350
NC_045512.2	29321	G	A	24510	5144	38	3	0	37	0.000122359	24518	0.999997	FALSE	N:cds-YP_009724397.2	GTC	V	ATC	I	350
NC_045512.2	29322	T	C	24856	5307	38	5	0	37	0.000201102	24863	0.999948	FALSE	N:cds-YP_009724397.2	GTC	V	GCC	A	350
NC_045512.2	29322	T	A	24856	5307	38	2	1	31	8.04408e-05	24863	1	FALSE	N:cds-YP_009724397.2	GTC	V	GAC	D	350
NC_045512.2	29323	C	T	24885	5585	38	1	0	37	4.01832e-05	24886	1	FALSE	N:cds-YP_009724397.2	GTC	V	GTT	V	350
NC_045512.2	29324	A	G	24626	5530	38	1	1	37	4.06042e-05	24628	1	FALSE	N:cds-YP_009724397.2	ATT	I	GTT	V	351
NC_045512.2	29324	A	C	24626	5530	38	1	0	25	4.06042e-05	24628	1	FALSE	N:cds-YP_009724397.2	ATT	I	CTT	L	351
NC_045512.2	29324	A	-T	24626	5530	38	3	0	20	0.000121813	24628	1	FALSE	NA	NA	NA	NA	NA	NA
NC_045512.2	29324	A	+T	24626	5530	38	1	0	20	4.06042e-05	24628	1	FALSE	NA	NA	NA	NA	NA	NA
NC_045512.2	29325	T	G	24196	5586	38	5	1	27	0.000206586	24203	1	FALSE	N:cds-YP_009724397.2	ATT	I	AGT	S	351
NC_045512.2	29325	T	C	24196	5586	38	2	0	37	8.26344e-05	24203	1	FALSE	N:cds-YP_009724397.2	ATT	I	ACT	T	351
NC_045512.2	29326	T	G	23963	5660	38	4	0	31	0.000166882	23969	0.999975	FALSE	N:cds-YP_009724397.2	ATT	I	ATG	M	351
NC_045512.2	29326	T	C	23963	5660	38	1	1	37	4.17206e-05	23969	1	FALSE	N:cds-YP_009724397.2	ATT	I	ATC	I	351
NC_045512.2	29326	T	A	23963	5660	38	1	0	37	4.17206e-05	23969	1	FALSE	N:cds-YP_009724397.2	ATT	I	ATA	I	351
NC_045512.2	29327	T	G	24058	5607	38	5	0	30	0.000207745	24068	0.999948	FALSE	N:cds-YP_009724397.2	TTG	L	GTG	V	352
NC_045512.2	29327	T	C	24058	5607	38	2	0	37	8.30979e-05	24068	1	FALSE	N:cds-YP_009724397.2	TTG	L	CTG	L	352
NC_045512.2	29327	T	A	24058	5607	38	3	0	25	0.000124647	24068	1	FALSE	N:cds-YP_009724397.2	TTG	L	ATG	M	352
NC_045512.2	29328	T	G	24710	5701	38	2	1	37	8.09192e-05	24716	1	FALSE	N:cds-YP_009724397.2	TTG	L	TGG	W	352
NC_045512.2	29328	T	C	24710	5701	38	3	1	33	0.000121379	24716	0.999997	FALSE	N:cds-YP_009724397.2	TTG	L	TCG	S	352
NC_045512.2	29328	T	A	24710	5701	38	1	0	37	4.04596e-05	24716	1	FALSE	N:cds-YP_009724397.2	TTG	L	TAG	*	352
NC_045512.2	29329	G	T	24643	5684	38	1	0	37	4.05564e-05	24657	1	FALSE	N:cds-YP_009724397.2	TTG	L	TTT	F	352
NC_045512.2	29329	G	A	24643	5684	38	13	3	36	0.000527234	24657	0.976525	FALSE	N:cds-YP_009724397.2	TTG	L	TTA	L	352
NC_045512.2	29330	C	T	24345	5774	38	29	7	36	0.0011896	24378	0.291309	FALSE	N:cds-YP_009724397.2	CTG	L	TTG	L	353
NC_045512.2	29330	C	A	24345	5774	38	4	0	26	0.000164082	24378	1	FALSE	N:cds-YP_009724397.2	CTG	L	ATG	M	353
NC_045512.2	29331	T	G	24217	5787	38	2	0	25	8.25525e-05	24227	1	FALSE	N:cds-YP_009724397.2	CTG	L	CGG	R	353
NC_045512.2	29331	T	C	24217	5787	38	7	2	40	0.000288934	24227	0.0898031	FALSE	N:cds-YP_009724397.2	CTG	L	CCG	P	353
NC_045512.2	29331	T	A	24217	5787	38	1	0	25	4.12763e-05	24227	1	FALSE	N:cds-YP_009724397.2	CTG	L	CAG	Q	353
NC_045512.2	29332	G	T	25519	5748	38	2	0	31	7.83576e-05	25524	1	FALSE	N:cds-YP_009724397.2	CTG	L	CTT	L	353
NC_045512.2	29332	G	A	25519	5748	38	3	2	37	0.000117536	25524	0.999998	FALSE	N:cds-YP_009724397.2	CTG	L	CTA	L	353
NC_045512.2	29333	A	T	25360	5788	38	2	0	31	7.88426e-05	25367	1	FALSE	N:cds-YP_009724397.2	AAT	N	TAT	Y	354
NC_045512.2	29333	A	G	25360	5788	38	4	0	37	0.000157685	25367	0.999992	FALSE	N:cds-YP_009724397.2	AAT	N	GAT	D	354
NC_045512.2	29333	A	C	25360	5788	38	1	1	37	3.94213e-05	25367	1	FALSE	N:cds-YP_009724397.2	AAT	N	CAT	H	354
NC_045512.2	29334	A	T	25183	5847	38	2	1	31	7.93997e-05	25189	1	FALSE	N:cds-YP_009724397.2	AAT	N	ATT	I	354
NC_045512.2	29334	A	G	25183	5847	38	3	2	33	0.0001191	25189	0.999998	FALSE	N:cds-YP_009724397.2	AAT	N	AGT	S	354
NC_045512.2	29334	A	C	25183	5847	38	1	1	25	3.96999e-05	25189	1	FALSE	N:cds-YP_009724397.2	AAT	N	ACT	T	354
NC_045512.2	29335	T	C	25311	5983	39	1	0	25	3.95054e-05	25313	1	FALSE	N:cds-YP_009724397.2	AAT	N	AAC	N	354
NC_045512.2	29335	T	A	25311	5983	39	1	0	37	3.95054e-05	25313	1	FALSE	N:cds-YP_009724397.2	AAT	N	AAA	K	354
NC_045512.2	29336	A	G	24903	6045	38	2	1	37	8.03019e-05	24906	1	FALSE	N:cds-YP_009724397.2	AAG	K	GAG	E	355
NC_045512.2	29336	A	C	24903	6045	38	1	0	25	4.0151e-05	24906	1	FALSE	N:cds-YP_009724397.2	AAG	K	CAG	Q	355
NC_045512.2	29337	A	T	24940	6063	38	2	1	55	8.01539e-05	24952	0.249905	FALSE	N:cds-YP_009724397.2	AAG	K	ATG	M	355
NC_045512.2	29337	A	G	24940	6063	38	6	1	41	0.000240462	24952	0.144446	FALSE	N:cds-YP_009724397.2	AAG	K	AGG	R	355
NC_045512.2	29337	A	C	24940	6063	38	4	1	43	0.000160308	24952	0.343609	FALSE	N:cds-YP_009724397.2	AAG	K	ACG	T	355
NC_045512.2	29338	G	T	25414	6009	38	2	1	31	7.85916e-05	25448	1	FALSE	N:cds-YP_009724397.2	AAG	K	AAT	N	355
NC_045512.2	29338	G	C	25414	6009	38	1	0	37	3.92958e-05	25448	1	FALSE	N:cds-YP_009724397.2	AAG	K	AAC	N	355
NC_045512.2	29338	G	A	25414	6009	38	31	6	39	0.00121817	25448	0.25199	FALSE	N:cds-YP_009724397.2	AAG	K	AAA	K	355
NC_045512.2	29339	C	T	25262	6103	38	20	2	36	0.000790983	25285	0.814387	FALSE	N:cds-YP_009724397.2	CAT	H	TAT	Y	356
NC_045512.2	29339	C	A	25262	6103	38	3	0	29	0.000118647	25285	1	FALSE	N:cds-YP_009724397.2	CAT	H	AAT	N	356
NC_045512.2	29340	A	C	25474	6217	38	1	0	25	3.92542e-05	25475	1	FALSE	N:cds-YP_009724397.2	CAT	H	CCT	P	356
NC_045512.2	29341	T	G	25150	6068	38	3	0	25	0.000119246	25158	1	FALSE	N:cds-YP_009724397.2	CAT	H	CAG	Q	356
NC_045512.2	29341	T	C	25150	6068	38	4	0	37	0.000158995	25158	0.999992	FALSE	N:cds-YP_009724397.2	CAT	H	CAC	H	356
NC_045512.2	29341	T	A	25150	6068	38	1	0	37	3.97488e-05	25158	1	FALSE	N:cds-YP_009724397.2	CAT	H	CAA	Q	356
NC_045512.2	29342	A	T	25143	6078	38	1	1	25	3.97614e-05	25150	1	FALSE	N:cds-YP_009724397.2	ATT	I	TTT	F	357
NC_045512.2	29342	A	G	25143	6078	38	3	0	37	0.000119284	25150	0.999998	FALSE	N:cds-YP_009724397.2	ATT	I	GTT	V	357
NC_045512.2	29342	A	C	25143	6078	38	3	0	25	0.000119284	25150	1	FALSE	N:cds-YP_009724397.2	ATT	I	CTT	L	357
NC_045512.2	29343	T	G	23857	6233	38	6	0	27	0.000251383	23868	1	FALSE	N:cds-YP_009724397.2	ATT	I	AGT	S	357
NC_045512.2	29343	T	C	23857	6233	38	4	1	31	0.000167588	23868	0.999975	FALSE	N:cds-YP_009724397.2	ATT	I	ACT	T	357
NC_045512.2	29343	T	A	23857	6233	38	1	0	37	4.18971e-05	23868	1	FALSE	N:cds-YP_009724397.2	ATT	I	AAT	N	357
NC_045512.2	29344	T	C	24401	6192	38	3	1	33	0.000122916	24407	0.999997	FALSE	N:cds-YP_009724397.2	ATT	I	ATC	I	357
NC_045512.2	29344	T	A	24401	6192	38	3	0	33	0.000122916	24407	0.999997	FALSE	N:cds-YP_009724397.2	ATT	I	ATA	I	357
NC_045512.2	29345	G	T	24405	6235	38	2	0	37	8.19437e-05	24407	1	FALSE	N:cds-YP_009724397.2	GAC	D	TAC	Y	358
NC_045512.2	29346	A	T	23986	6184	38	5	0	27	0.000208377	23995	1	FALSE	N:cds-YP_009724397.2	GAC	D	GTC	V	358
NC_045512.2	29346	A	G	23986	6184	38	4	0	34	0.000166701	23995	0.999975	FALSE	N:cds-YP_009724397.2	GAC	D	GGC	G	358
NC_045512.2	29347	C	T	24271	6145	38	17	4	39	0.000699905	24289	0.894585	FALSE	N:cds-YP_009724397.2	GAC	D	GAT	D	358
NC_045512.2	29347	C	G	24271	6145	38	1	0	37	4.11709e-05	24289	1	FALSE	N:cds-YP_009724397.2	GAC	D	GAG	E	358
NC_045512.2	29348	G	T	24088	6076	38	4	1	34	0.000165824	24122	0.999986	FALSE	N:cds-YP_009724397.2	GCA	A	TCA	S	359
NC_045512.2	29348	G	A	24088	6076	38	30	9	41	0.00124368	24122	1.21987e-07	TRUE	N:cds-YP_009724397.2	GCA	A	ACA	T	359
NC_045512.2	29349	C	T	24036	6185	38	3	0	37	0.000124782	24042	0.999997	FALSE	N:cds-YP_009724397.2	GCA	A	GTA	V	359
NC_045512.2	29349	C	G	24036	6185	38	1	1	37	4.15939e-05	24042	1	FALSE	N:cds-YP_009724397.2	GCA	A	GGA	G	359
NC_045512.2	29349	C	A	24036	6185	38	2	0	31	8.31878e-05	24042	1	FALSE	N:cds-YP_009724397.2	GCA	A	GAA	E	359
NC_045512.2	29350	A	T	23222	6149	37	3	1	37	0.000129121	23234	0.999995	FALSE	N:cds-YP_009724397.2	GCA	A	GCT	A	359
NC_045512.2	29350	A	G	23222	6149	37	4	3	37	0.000172161	23234	0.999975	FALSE	N:cds-YP_009724397.2	GCA	A	GCG	A	359
NC_045512.2	29350	A	C	23222	6149	37	5	0	27	0.000215202	23234	1	FALSE	N:cds-YP_009724397.2	GCA	A	GCC	A	359
NC_045512.2	29351	T	G	22872	6261	37	23	1	27	0.00100437	22900	1	FALSE	N:cds-YP_009724397.2	TAC	Y	GAC	D	360
NC_045512.2	29351	T	C	22872	6261	37	5	1	34	0.000218341	22900	0.999844	FALSE	N:cds-YP_009724397.2	TAC	Y	CAC	H	360
NC_045512.2	29352	A	T	23809	6362	38	1	0	37	4.19815e-05	23820	1	FALSE	N:cds-YP_009724397.2	TAC	Y	TTC	F	360
NC_045512.2	29352	A	G	23809	6362	38	3	2	45	0.000125945	23820	0.499862	FALSE	N:cds-YP_009724397.2	TAC	Y	TGC	C	360
NC_045512.2	29352	A	C	23809	6362	38	7	1	28	0.000293871	23820	1	FALSE	N:cds-YP_009724397.2	TAC	Y	TCC	S	360
NC_045512.2	29353	C	T	24820	7096	38	3	1	37	0.000120856	24823	0.999997	FALSE	N:cds-YP_009724397.2	TAC	Y	TAT	Y	360
NC_045512.2	29354	A	G	24253	7011	38	3	1	33	0.00012365	24262	0.999997	FALSE	N:cds-YP_009724397.2	AAA	K	GAA	E	361
NC_045512.2	29354	A	C	24253	7011	38	6	1	25	0.0002473	24262	1	FALSE	N:cds-YP_009724397.2	AAA	K	CAA	Q	361
NC_045512.2	29355	A	G	23644	6886	38	3	1	29	0.00012678	23663	1	FALSE	N:cds-YP_009724397.2	AAA	K	AGA	R	361
NC_045512.2	29355	A	C	23644	6886	38	16	4	31	0.000676161	23663	0.900251	FALSE	N:cds-YP_009724397.2	AAA	K	ACA	T	361
NC_045512.2	29356	A	T	23356	6829	37	8	0	29	0.000342261	23374	1	FALSE	N:cds-YP_009724397.2	AAA	K	AAT	N	361
NC_045512.2	29356	A	G	23356	6829	37	1	0	37	4.27826e-05	23374	1	FALSE	N:cds-YP_009724397.2	AAA	K	AAG	K	361
NC_045512.2	29356	A	C	23356	6829	37	9	8	28	0.000385043	23374	1	FALSE	N:cds-YP_009724397.2	AAA	K	AAC	N	361
NC_045512.2	29357	A	T	23599	6798	37	3	0	33	0.000127016	23619	0.999995	FALSE	N:cds-YP_009724397.2	ACA	T	TCA	S	362
NC_045512.2	29357	A	G	23599	6798	37	2	1	37	8.46776e-05	23619	0.999999	FALSE	N:cds-YP_009724397.2	ACA	T	GCA	A	362
NC_045512.2	29357	A	C	23599	6798	37	15	14	26	0.000635082	23619	1	FALSE	N:cds-YP_009724397.2	ACA	T	CCA	P	362
NC_045512.2	29358	C	G	24858	7336	38	1	0	37	4.02269e-05	24859	1	FALSE	N:cds-YP_009724397.2	ACA	T	AGA	R	362
NC_045512.2	29359	A	G	24269	6778	38	3	0	37	0.000123543	24283	0.999997	FALSE	N:cds-YP_009724397.2	ACA	T	ACG	T	362
NC_045512.2	29359	A	C	24269	6778	38	11	7	28	0.000452992	24283	1	FALSE	N:cds-YP_009724397.2	ACA	T	ACC	T	362
NC_045512.2	29360	T	G	22982	5890	37	32	29	29	0.00139028	23017	1	FALSE	N:cds-YP_009724397.2	TTC	F	GTC	V	363
NC_045512.2	29360	T	C	22982	5890	37	3	0	37	0.000130338	23017	0.999995	FALSE	N:cds-YP_009724397.2	TTC	F	CTC	L	363
NC_045512.2	29361	T	G	24595	7562	39	4	3	28	0.000162536	24610	1	FALSE	N:cds-YP_009724397.2	TTC	F	TGC	C	363
NC_045512.2	29361	T	C	24595	7562	39	7	1	31	0.000284437	24610	0.999561	FALSE	N:cds-YP_009724397.2	TTC	F	TCC	S	363
NC_045512.2	29361	T	A	24595	7562	39	4	0	31	0.000162536	24610	0.999986	FALSE	N:cds-YP_009724397.2	TTC	F	TAC	Y	363
NC_045512.2	29361	T	-C	24595	7562	39	2	0	20	8.12678e-05	24610	1	FALSE	NA	NA	NA	NA	NA	NA
NC_045512.2	29362	C	T	24121	7929	39	11	5	41	0.000455826	24132	0.0112196	FALSE	N:cds-YP_009724397.2	TTC	F	TTT	F	363
NC_045512.2	29363	C	G	24082	8095	38	1	1	37	4.15162e-05	24087	1	FALSE	N:cds-YP_009724397.2	CCA	P	GCA	A	364
NC_045512.2	29363	C	A	24082	8095	38	4	1	28	0.000166065	24087	1	FALSE	N:cds-YP_009724397.2	CCA	P	ACA	T	364
NC_045512.2	29364	C	T	25240	8153	39	4	2	39	0.000158453	25244	0.999992	FALSE	N:cds-YP_009724397.2	CCA	P	CTA	L	364
NC_045512.2	29365	A	T	25242	7973	38	1	1	37	3.95946e-05	25256	1	FALSE	N:cds-YP_009724397.2	CCA	P	CCT	P	364
NC_045512.2	29365	A	G	25242	7973	38	7	1	42	0.000277162	25256	0.0897658	FALSE	N:cds-YP_009724397.2	CCA	P	CCG	P	364
NC_045512.2	29365	A	C	25242	7973	38	6	2	31	0.000237567	25256	0.999904	FALSE	N:cds-YP_009724397.2	CCA	P	CCC	P	364
NC_045512.2	29366	C	T	25633	8155	39	2	0	37	7.80153e-05	25636	1	FALSE	N:cds-YP_009724397.2	CCA	P	TCA	S	365
NC_045512.2	29366	C	A	25633	8155	39	1	0	37	3.90076e-05	25636	1	FALSE	N:cds-YP_009724397.2	CCA	P	ACA	T	365
NC_045512.2	29367	C	T	22230	8535	38	1	0	25	4.49802e-05	22232	1	FALSE	N:cds-YP_009724397.2	CCA	P	CTA	L	365
NC_045512.2	29367	C	A	22230	8535	38	1	1	37	4.49802e-05	22232	1	FALSE	N:cds-YP_009724397.2	CCA	P	CAA	Q	365
NC_045512.2	29368	A	T	21505	8170	37	1	1	37	4.64727e-05	21518	1	FALSE	N:cds-YP_009724397.2	CCA	P	CCT	P	365
NC_045512.2	29368	A	G	21505	8170	37	2	1	37	9.29454e-05	21518	0.999997	FALSE	N:cds-YP_009724397.2	CCA	P	CCG	P	365
NC_045512.2	29368	A	C	21505	8170	37	10	3	28	0.000464727	21518	1	FALSE	N:cds-YP_009724397.2	CCA	P	CCC	P	365
NC_045512.2	29369	A	C	21322	7926	37	14	12	28	0.000656168	21336	1	FALSE	N:cds-YP_009724397.2	ACA	T	CCA	P	366
NC_045512.2	29370	C	T	22008	8742	38	2	0	37	9.08678e-05	22010	0.999999	FALSE	N:cds-YP_009724397.2	ACA	T	ATA	I	366
NC_045512.2	29371	A	G	20591	7807	37	4	0	31	0.000194118	20606	0.999861	FALSE	N:cds-YP_009724397.2	ACA	T	ACG	T	366
NC_045512.2	29371	A	C	20591	7807	37	11	8	30	0.000533825	20606	0.964643	FALSE	N:cds-YP_009724397.2	ACA	T	ACC	T	366
NC_045512.2	29372	G	T	19358	8313	36	2	0	25	0.0001033	19361	1	FALSE	N:cds-YP_009724397.2	GAG	E	TAG	*	367
NC_045512.2	29372	G	A	19358	8313	36	1	1	37	5.16502e-05	19361	0.999999	FALSE	N:cds-YP_009724397.2	GAG	E	AAG	K	367
NC_045512.2	29373	A	T	18898	7797	37	1	0	25	5.28877e-05	18908	1	FALSE	N:cds-YP_009724397.2	GAG	E	GTG	V	367
NC_045512.2	29373	A	G	18898	7797	37	6	3	35	0.000317326	18908	0.996699	FALSE	N:cds-YP_009724397.2	GAG	E	GGG	G	367
NC_045512.2	29373	A	C	18898	7797	37	3	3	29	0.000158663	18908	1	FALSE	N:cds-YP_009724397.2	GAG	E	GCG	A	367
NC_045512.2	29374	G	T	19138	7714	36	2	0	25	0.000104411	19155	1	FALSE	N:cds-YP_009724397.2	GAG	E	GAT	D	367
NC_045512.2	29374	G	C	19138	7714	36	1	1	25	5.22057e-05	19155	1	FALSE	N:cds-YP_009724397.2	GAG	E	GAC	D	367
NC_045512.2	29374	G	A	19138	7714	36	14	8	37	0.00073088	19155	0.851932	FALSE	N:cds-YP_009724397.2	GAG	E	GAA	E	367
NC_045512.2	29375	C	T	19379	8050	37	23	11	37	0.0011852	19406	0.321713	FALSE	N:cds-YP_009724397.2	CCT	P	TCT	S	368
NC_045512.2	29375	C	G	19379	8050	37	1	0	25	5.15305e-05	19406	1	FALSE	N:cds-YP_009724397.2	CCT	P	GCT	A	368
NC_045512.2	29375	C	A	19379	8050	37	3	2	33	0.000154591	19406	0.999939	FALSE	N:cds-YP_009724397.2	CCT	P	ACT	T	368
NC_045512.2	29376	C	A	19484	8345	37	2	1	31	0.000102638	19486	0.99999	FALSE	N:cds-YP_009724397.2	CCT	P	CAT	H	368
NC_045512.2	29377	T	G	18844	8418	37	14	0	26	0.000742036	18867	1	FALSE	N:cds-YP_009724397.2	CCT	P	CCG	P	368
NC_045512.2	29377	T	C	18844	8418	37	7	4	34	0.000371018	18867	0.992659	FALSE	N:cds-YP_009724397.2	CCT	P	CCC	P	368
NC_045512.2	29377	T	A	18844	8418	37	2	2	37	0.000106005	18867	0.99998	FALSE	N:cds-YP_009724397.2	CCT	P	CCA	P	368
NC_045512.2	29377	T	-A	18844	8418	37	12	0	20	0.000636031	18867	1	FALSE	NA	NA	NA	NA	NA	NA
NC_045512.2	29377	T	+A	18844	8418	37	2	0	20	0.000106005	18867	1	FALSE	NA	NA	NA	NA	NA	NA
NC_045512.2	29378	A	G	19162	8514	37	1	0	37	5.21676e-05	19169	0.999999	FALSE	N:cds-YP_009724397.2	AAA	K	GAA	E	369
NC_045512.2	29378	A	C	19162	8514	37	6	0	27	0.000313005	19169	1	FALSE	N:cds-YP_009724397.2	AAA	K	CAA	Q	369
NC_045512.2	29379	A	T	19102	8318	37	1	1	25	5.23314e-05	19109	1	FALSE	N:cds-YP_009724397.2	AAA	K	ATA	I	369
NC_045512.2	29379	A	G	19102	8318	37	1	1	37	5.23314e-05	19109	0.999999	FALSE	N:cds-YP_009724397.2	AAA	K	AGA	R	369
NC_045512.2	29379	A	C	19102	8318	37	5	3	29	0.000261657	19109	1	FALSE	N:cds-YP_009724397.2	AAA	K	ACA	T	369
NC_045512.2	29380	A	G	19044	8210	37	1	0	37	5.24934e-05	19050	0.999999	FALSE	N:cds-YP_009724397.2	AAA	K	AAG	K	369
NC_045512.2	29380	A	C	19044	8210	37	5	4	29	0.000262467	19050	1	FALSE	N:cds-YP_009724397.2	AAA	K	AAC	N	369
NC_045512.2	29381	A	T	18546	7775	36	1	1	25	5.38735e-05	18562	1	FALSE	N:cds-YP_009724397.2	AAG	K	TAG	*	370
NC_045512.2	29381	A	G	18546	7775	36	2	0	37	0.000107747	18562	0.99998	FALSE	N:cds-YP_009724397.2	AAG	K	GAG	E	370
NC_045512.2	29381	A	C	18546	7775	36	13	13	26	0.000700356	18562	1	FALSE	N:cds-YP_009724397.2	AAG	K	CAG	Q	370
NC_045512.2	29382	A	T	18719	8280	36	7	0	33	0.000373413	18746	0.992648	FALSE	N:cds-YP_009724397.2	AAG	K	ATG	M	370
NC_045512.2	29382	A	G	18719	8280	36	15	5	38	0.000800171	18746	0.75614	FALSE	N:cds-YP_009724397.2	AAG	K	AGG	R	370
NC_045512.2	29382	A	C	18719	8280	36	5	5	34	0.000266724	18746	0.998693	FALSE	N:cds-YP_009724397.2	AAG	K	ACG	T	370
NC_045512.2	29382	A	+G	18719	8280	36	1	0	20	5.33447e-05	18746	1	FALSE	NA	NA	NA	NA	NA	NA
NC_045512.2	29383	G	T	19112	7863	36	4	2	34	0.000209238	19117	0.999757	FALSE	N:cds-YP_009724397.2	AAG	K	AAT	N	370
NC_045512.2	29383	G	C	19112	7863	36	1	1	25	5.23095e-05	19117	1	FALSE	N:cds-YP_009724397.2	AAG	K	AAC	N	370
NC_045512.2	29384	G	T	19265	8065	37	3	1	45	0.000155666	19272	0.312432	FALSE	N:cds-YP_009724397.2	GAC	D	TAC	Y	371
NC_045512.2	29384	G	C	19265	8065	37	1	0	25	5.18888e-05	19272	1	FALSE	N:cds-YP_009724397.2	GAC	D	CAC	H	371
NC_045512.2	29384	G	A	19265	8065	37	3	1	37	0.000155666	19272	0.99994	FALSE	N:cds-YP_009724397.2	GAC	D	AAC	N	371
NC_045512.2	29385	A	T	19626	8402	37	1	1	37	5.0945e-05	19629	0.999999	FALSE	N:cds-YP_009724397.2	GAC	D	GTC	V	371
NC_045512.2	29385	A	G	19626	8402	37	2	1	37	0.00010189	19629	0.99999	FALSE	N:cds-YP_009724397.2	GAC	D	GGC	G	371
NC_045512.2	29386	C	T	13930	5727	37	5435	2591	37	0.280589	19370	0	TRUE	N:cds-YP_009724397.2	GAC	D	GAT	D	371
NC_045512.2	29386	C	G	13930	5727	37	5	0	32	0.000258131	19370	0.991584	FALSE	N:cds-YP_009724397.2	GAC	D	GAG	E	371
NC_045512.2	29386	C	-A	13930	5727	37	3	0	20	0.000154879	19370	1	FALSE	NA	NA	NA	NA	NA	NA
NC_045512.2	29386	C	+A	13930	5727	37	1	0	20	5.16262e-05	19370	1	FALSE	NA	NA	NA	NA	NA	NA
NC_045512.2	29387	A	G	19315	8369	37	5	0	37	0.000258746	19324	0.999229	FALSE	N:cds-YP_009724397.2	AAA	K	GAA	E	372
NC_045512.2	29387	A	C	19315	8369	37	4	0	28	0.000206996	19324	1	FALSE	N:cds-YP_009724397.2	AAA	K	CAA	Q	372
NC_045512.2	29388	A	G	19258	8230	37	1	0	37	5.19184e-05	19261	0.999999	FALSE	N:cds-YP_009724397.2	AAA	K	AGA	R	372
NC_045512.2	29388	A	C	19258	8230	37	2	1	31	0.000103837	19261	0.99999	FALSE	N:cds-YP_009724397.2	AAA	K	ACA	T	372
NC_045512.2	29389	A	T	19198	8127	37	1	0	25	5.20779e-05	19202	1	FALSE	N:cds-YP_009724397.2	AAA	K	AAT	N	372
NC_045512.2	29389	A	C	19198	8127	37	3	3	29	0.000156234	19202	1	FALSE	N:cds-YP_009724397.2	AAA	K	AAC	N	372
NC_045512.2	29390	A	G	19218	8032	37	1	1	37	5.20264e-05	19221	0.999999	FALSE	N:cds-YP_009724397.2	AAG	K	GAG	E	373
NC_045512.2	29390	A	C	19218	8032	37	2	2	27	0.000104053	19221	1	FALSE	N:cds-YP_009724397.2	AAG	K	CAG	Q	373
NC_045512.2	29391	A	T	18924	8344	37	2	1	31	0.000105647	18931	0.99998	FALSE	N:cds-YP_009724397.2	AAG	K	ATG	M	373
NC_045512.2	29391	A	G	18924	8344	37	5	1	37	0.000264117	18931	0.998703	FALSE	N:cds-YP_009724397.2	AAG	K	AGG	R	373
NC_045512.2	29392	G	T	19355	8085	37	1	0	25	5.16609e-05	19357	1	FALSE	N:cds-YP_009724397.2	AAG	K	AAT	N	373
NC_045512.2	29392	G	A	19355	8085	37	1	1	37	5.16609e-05	19357	0.999999	FALSE	N:cds-YP_009724397.2	AAG	K	AAA	K	373
NC_045512.2	29393	A	T	19479	8158	37	4	2	31	0.000205265	19487	0.999756	FALSE	N:cds-YP_009724397.2	AAG	K	TAG	*	374
NC_045512.2	29393	A	G	19479	8158	37	2	2	37	0.000102633	19487	0.99999	FALSE	N:cds-YP_009724397.2	AAG	K	GAG	E	374
NC_045512.2	29393	A	C	19479	8158	37	2	2	31	0.000102633	19487	0.99999	FALSE	N:cds-YP_009724397.2	AAG	K	CAG	Q	374
NC_045512.2	29394	A	T	19425	7915	37	1	1	37	5.14536e-05	19435	0.999999	FALSE	N:cds-YP_009724397.2	AAG	K	ATG	M	374
NC_045512.2	29394	A	G	19425	7915	37	5	0	37	0.000257268	19435	0.999229	FALSE	N:cds-YP_009724397.2	AAG	K	AGG	R	374
NC_045512.2	29394	A	C	19425	7915	37	4	2	25	0.000205814	19435	1	FALSE	N:cds-YP_009724397.2	AAG	K	ACG	T	374
NC_045512.2	29395	G	T	18389	7985	37	1	0	37	5.43774e-05	18390	0.999998	FALSE	N:cds-YP_009724397.2	AAG	K	AAT	N	374
NC_045512.2	29395	G	-A	18389	7985	37	2	0	20	0.000108755	18390	1	FALSE	NA	NA	NA	NA	NA	NA
NC_045512.2	29396	A	T	16781	7836	36	2	0	31	0.000119083	16795	0.999927	FALSE	N:cds-YP_009724397.2	AAG	K	TAG	*	375
NC_045512.2	29396	A	G	16781	7836	36	5	0	42	0.000297708	16795	0.109215	FALSE	N:cds-YP_009724397.2	AAG	K	GAG	E	375
NC_045512.2	29396	A	C	16781	7836	36	7	7	26	0.000416791	16795	1	FALSE	N:cds-YP_009724397.2	AAG	K	CAG	Q	375
NC_045512.2	29397	A	T	16788	7931	36	4	4	37	0.000237925	16812	0.998705	FALSE	N:cds-YP_009724397.2	AAG	K	ATG	M	375
NC_045512.2	29397	A	G	16788	7931	36	6	3	33	0.000356888	16812	0.991513	FALSE	N:cds-YP_009724397.2	AAG	K	AGG	R	375
NC_045512.2	29397	A	C	16788	7931	36	14	14	29	0.000832739	16812	1	FALSE	N:cds-YP_009724397.2	AAG	K	ACG	T	375
NC_045512.2	29398	G	C	17131	8294	36	3	2	25	0.00017507	17136	1	FALSE	N:cds-YP_009724397.2	AAG	K	AAC	N	375
NC_045512.2	29398	G	A	17131	8294	36	2	1	31	0.000116713	17136	0.999962	FALSE	N:cds-YP_009724397.2	AAG	K	AAA	K	375
NC_045512.2	29399	G	T	17598	8791	36	2	0	25	0.000113598	17606	1	FALSE	N:cds-YP_009724397.2	GCT	A	TCT	S	376
NC_045512.2	29399	G	C	17598	8791	36	2	1	25	0.000113598	17606	1	FALSE	N:cds-YP_009724397.2	GCT	A	CCT	P	376
NC_045512.2	29399	G	A	17598	8791	36	4	3	34	0.000227195	17606	0.999256	FALSE	N:cds-YP_009724397.2	GCT	A	ACT	T	376
NC_045512.2	29400	C	T	17892	9111	37	18	7	39	0.00100491	17912	0.499934	FALSE	N:cds-YP_009724397.2	GCT	A	GTT	V	376
NC_045512.2	29400	C	A	17892	9111	37	2	0	27	0.000111657	17912	1	FALSE	N:cds-YP_009724397.2	GCT	A	GAT	D	376
NC_045512.2	29401	T	C	17275	8671	37	4	1	46	0.000231481	17280	0.187482	FALSE	N:cds-YP_009724397.2	GCT	A	GCC	A	376
NC_045512.2	29401	T	A	17275	8671	37	1	1	37	5.78704e-05	17280	0.999996	FALSE	N:cds-YP_009724397.2	GCT	A	GCA	A	376
NC_045512.2	29402	G	A	17564	8804	37	6	2	35	0.000341491	17570	0.994703	FALSE	N:cds-YP_009724397.2	GAT	D	AAT	N	377
NC_045512.2	29403	A	T	17612	9017	37	3	0	25	0.000170251	17621	1	FALSE	N:cds-YP_009724397.2	GAT	D	GTT	V	377
NC_045512.2	29403	A	G	17612	9017	37	6	2	37	0.000340503	17621	0.994697	FALSE	N:cds-YP_009724397.2	GAT	D	GGT	G	377
NC_045512.2	29404	T	C	17691	8929	37	2	0	37	0.000113033	17694	0.999962	FALSE	N:cds-YP_009724397.2	GAT	D	GAC	D	377
NC_045512.2	29404	T	A	17691	8929	37	1	0	37	5.65163e-05	17694	0.999996	FALSE	N:cds-YP_009724397.2	GAT	D	GAA	E	377
NC_045512.2	29405	G	T	17780	9039	37	1	1	37	5.62335e-05	17783	0.999996	FALSE	N:cds-YP_009724397.2	GAA	E	TAA	*	378
NC_045512.2	29405	G	A	17780	9039	37	2	0	37	0.000112467	17783	0.999962	FALSE	N:cds-YP_009724397.2	GAA	E	AAA	K	378
NC_045512.2	29406	A	T	17787	9081	37	1	1	37	5.6205e-05	17792	0.999996	FALSE	N:cds-YP_009724397.2	GAA	E	GTA	V	378
NC_045512.2	29406	A	G	17787	9081	37	4	3	37	0.00022482	17792	0.999257	FALSE	N:cds-YP_009724397.2	GAA	E	GGA	G	378
NC_045512.2	29407	A	G	17431	8736	37	4	4	37	0.000229397	17437	0.999257	FALSE	N:cds-YP_009724397.2	GAA	E	GAG	E	378
NC_045512.2	29407	A	C	17431	8736	37	2	1	25	0.000114699	17437	1	FALSE	N:cds-YP_009724397.2	GAA	E	GAC	D	378
NC_045512.2	29408	A	T	18286	8889	37	1	0	37	5.46747e-05	18290	0.999998	FALSE	N:cds-YP_009724397.2	ACT	T	TCT	S	379
NC_045512.2	29408	A	G	18286	8889	37	2	2	37	0.000109349	18290	0.99998	FALSE	N:cds-YP_009724397.2	ACT	T	GCT	A	379
NC_045512.2	29408	A	C	18286	8889	37	1	1	25	5.46747e-05	18290	1	FALSE	N:cds-YP_009724397.2	ACT	T	CCT	P	379
NC_045512.2	29409	C	A	20122	10804	38	1	0	25	4.96944e-05	20123	1	FALSE	N:cds-YP_009724397.2	ACT	T	AAT	N	379
NC_045512.2	29410	T	G	20061	10597	38	1	1	37	4.98058e-05	20078	1	FALSE	N:cds-YP_009724397.2	ACT	T	ACG	T	379
NC_045512.2	29410	T	C	20061	10597	38	12	9	36	0.000597669	20078	0.944916	FALSE	N:cds-YP_009724397.2	ACT	T	ACC	T	379
NC_045512.2	29410	T	A	20061	10597	38	4	1	34	0.000199223	20078	0.999861	FALSE	N:cds-YP_009724397.2	ACT	T	ACA	T	379
NC_045512.2	29411	C	T	20366	10901	38	6	6	41	0.000294522	20372	0.144523	FALSE	N:cds-YP_009724397.2	CAA	Q	TAA	*	380
NC_045512.2	29412	A	T	19851	10464	38	1	1	25	5.03398e-05	19865	1	FALSE	N:cds-YP_009724397.2	CAA	Q	CTA	L	380
NC_045512.2	29412	A	G	19851	10464	38	8	4	38	0.000402718	19865	0.990425	FALSE	N:cds-YP_009724397.2	CAA	Q	CGA	R	380
NC_045512.2	29412	A	C	19851	10464	38	5	4	24	0.000251699	19865	1	FALSE	N:cds-YP_009724397.2	CAA	Q	CCA	P	380
NC_045512.2	29413	A	T	19706	10225	37	2	1	37	0.000101446	19715	0.99999	FALSE	N:cds-YP_009724397.2	CAA	Q	CAT	H	380
NC_045512.2	29413	A	G	19706	10225	37	2	0	31	0.000101446	19715	0.99999	FALSE	N:cds-YP_009724397.2	CAA	Q	CAG	Q	380
NC_045512.2	29413	A	C	19706	10225	37	5	5	29	0.000253614	19715	1	FALSE	N:cds-YP_009724397.2	CAA	Q	CAC	H	380
NC_045512.2	29414	G	T	19653	10621	37	1	0	37	5.08751e-05	19656	0.999999	FALSE	N:cds-YP_009724397.2	GCC	A	TCC	S	381
NC_045512.2	29414	G	A	19653	10621	37	2	1	37	0.00010175	19656	0.99999	FALSE	N:cds-YP_009724397.2	GCC	A	ACC	T	381
NC_045512.2	29415	C	T	20422	10938	38	21	9	35	0.00102725	20443	0.500063	FALSE	N:cds-YP_009724397.2	GCC	A	GTC	V	381
NC_045512.2	29416	C	A	20027	11179	38	1	1	25	4.99301e-05	20028	1	FALSE	N:cds-YP_009724397.2	GCC	A	GCA	A	381
NC_045512.2	29416	C	-T	20027	11179	38	2	0	20	9.98602e-05	20028	1	FALSE	NA	NA	NA	NA	NA	NA
NC_045512.2	29417	T	G	18340	9606	37	3	3	29	0.000163532	18345	1	FALSE	N:cds-YP_009724397.2	TTA	L	GTA	V	382
NC_045512.2	29417	T	C	18340	9606	37	2	0	31	0.000109022	18345	0.99998	FALSE	N:cds-YP_009724397.2	TTA	L	CTA	L	382
NC_045512.2	29418	T	G	18492	9757	38	1	0	25	5.40657e-05	18496	1	FALSE	N:cds-YP_009724397.2	TTA	L	TGA	*	382
NC_045512.2	29418	T	C	18492	9757	38	3	2	37	0.000162197	18496	0.99989	FALSE	N:cds-YP_009724397.2	TTA	L	TCA	S	382
NC_045512.2	29419	A	G	19473	10624	38	3	2	33	0.000154028	19477	0.99994	FALSE	N:cds-YP_009724397.2	TTA	L	TTG	L	382
NC_045512.2	29419	A	C	19473	10624	38	1	0	25	5.13426e-05	19477	1	FALSE	N:cds-YP_009724397.2	TTA	L	TTC	F	382
NC_045512.2	29420	C	T	19521	10705	38	1	1	37	5.1219e-05	19524	0.999999	FALSE	N:cds-YP_009724397.2	CCG	P	TCG	S	383
NC_045512.2	29420	C	G	19521	10705	38	2	2	37	0.000102438	19524	0.99999	FALSE	N:cds-YP_009724397.2	CCG	P	GCG	A	383
NC_045512.2	29421	C	T	19448	10693	38	1	1	37	5.13901e-05	19459	0.999999	FALSE	N:cds-YP_009724397.2	CCG	P	CTG	L	383
NC_045512.2	29421	C	A	19448	10693	38	10	6	36	0.000513901	19459	0.969334	FALSE	N:cds-YP_009724397.2	CCG	P	CAG	Q	383
NC_045512.2	29422	G	C	19286	10551	38	1	1	37	5.17625e-05	19319	0.999999	FALSE	N:cds-YP_009724397.2	CCG	P	CCC	P	383
NC_045512.2	29422	G	A	19286	10551	38	32	19	38	0.0016564	19319	0.0458503	FALSE	N:cds-YP_009724397.2	CCG	P	CCA	P	383
NC_045512.2	29423	C	T	19398	10596	38	1	1	37	5.1549e-05	19399	0.999999	FALSE	N:cds-YP_009724397.2	CAG	Q	TAG	*	384
NC_045512.2	29424	A	T	18797	10149	38	2	2	37	0.000106332	18809	0.99998	FALSE	N:cds-YP_009724397.2	CAG	Q	CTG	L	384
NC_045512.2	29424	A	G	18797	10149	38	7	7	35	0.000372162	18809	0.992689	FALSE	N:cds-YP_009724397.2	CAG	Q	CGG	R	384
NC_045512.2	29424	A	C	18797	10149	38	3	3	29	0.000159498	18809	1	FALSE	N:cds-YP_009724397.2	CAG	Q	CCG	P	384
NC_045512.2	29425	G	T	19573	11159	39	1	0	25	5.10882e-05	19574	1	FALSE	N:cds-YP_009724397.2	CAG	Q	CAT	H	384
NC_045512.2	29425	G	-A	19573	11159	39	1	0	20	5.10882e-05	19574	1	FALSE	NA	NA	NA	NA	NA	NA
NC_045512.2	29426	A	T	19832	11306	39	2	0	37	0.000100801	19841	0.99999	FALSE	N:cds-YP_009724397.2	AGA	R	TGA	*	385
NC_045512.2	29426	A	G	19832	11306	39	5	4	34	0.000252003	19841	0.999229	FALSE	N:cds-YP_009724397.2	AGA	R	GGA	G	385
NC_045512.2	29426	A	C	19832	11306	39	2	2	31	0.000100801	19841	0.99999	FALSE	N:cds-YP_009724397.2	AGA	R	CGA	R	385
NC_045512.2	29427	G	T	19680	11128	39	1	1	25	5.08078e-05	19682	1	FALSE	N:cds-YP_009724397.2	AGA	R	ATA	I	385
NC_045512.2	29427	G	C	19680	11128	39	1	0	25	5.08078e-05	19682	1	FALSE	N:cds-YP_009724397.2	AGA	R	ACA	T	385
NC_045512.2	29428	A	G	19838	11203	39	1	0	37	5.04058e-05	19839	0.999999	FALSE	N:cds-YP_009724397.2	AGA	R	AGG	R	385
NC_045512.2	29429	C	T	19980	11352	39	3	2	49	0.000150105	19986	0.312453	FALSE	N:cds-YP_009724397.2	CAG	Q	TAG	*	386
NC_045512.2	29429	C	A	19980	11352	39	3	1	33	0.000150105	19986	0.99994	FALSE	N:cds-YP_009724397.2	CAG	Q	AAG	K	386
NC_045512.2	29430	A	G	20642	12328	40	3	3	37	0.000145285	20649	0.999967	FALSE	N:cds-YP_009724397.2	CAG	Q	CGG	R	386
NC_045512.2	29430	A	C	20642	12328	40	4	0	31	0.000193714	20649	0.999862	FALSE	N:cds-YP_009724397.2	CAG	Q	CCG	P	386
NC_045512.2	29430	A	+G	20642	12328	40	1	0	20	4.84285e-05	20649	1	FALSE	NA	NA	NA	NA	NA	NA
NC_045512.2	29431	G	T	20589	12223	39	1	1	37	4.85578e-05	20594	1	FALSE	N:cds-YP_009724397.2	CAG	Q	CAT	H	386
NC_045512.2	29431	G	C	20589	12223	39	2	0	31	9.71157e-05	20594	0.999995	FALSE	N:cds-YP_009724397.2	CAG	Q	CAC	H	386
NC_045512.2	29431	G	A	20589	12223	39	2	2	55	9.71157e-05	20594	0.24997	FALSE	N:cds-YP_009724397.2	CAG	Q	CAA	Q	386
NC_045512.2	29432	A	T	20451	12103	39	3	2	33	0.00014662	20461	0.999967	FALSE	N:cds-YP_009724397.2	AAG	K	TAG	*	387
NC_045512.2	29432	A	G	20451	12103	39	6	4	49	0.000293241	20461	0.144459	FALSE	N:cds-YP_009724397.2	AAG	K	GAG	E	387
NC_045512.2	29432	A	C	20451	12103	39	1	0	37	4.88735e-05	20461	1	FALSE	N:cds-YP_009724397.2	AAG	K	CAG	Q	387
NC_045512.2	29433	A	T	19688	12095	39	2	0	31	0.000101559	19693	0.99999	FALSE	N:cds-YP_009724397.2	AAG	K	ATG	M	387
NC_045512.2	29433	A	G	19688	12095	39	2	2	37	0.000101559	19693	0.99999	FALSE	N:cds-YP_009724397.2	AAG	K	AGG	R	387
NC_045512.2	29433	A	C	19688	12095	39	1	1	25	5.07795e-05	19693	1	FALSE	N:cds-YP_009724397.2	AAG	K	ACG	T	387
NC_045512.2	29434	G	T	19699	12239	38	3	1	27	0.000152253	19704	1	FALSE	N:cds-YP_009724397.2	AAG	K	AAT	N	387
NC_045512.2	29434	G	A	19699	12239	38	2	1	37	0.000101502	19704	0.99999	FALSE	N:cds-YP_009724397.2	AAG	K	AAA	K	387
NC_045512.2	29435	A	T	28153	21732	41	2	1	23	7.10278e-05	28158	1	FALSE	N:cds-YP_009724397.2	AAA	K	TAA	*	388
NC_045512.2	29435	A	G	28153	21732	41	1	1	37	3.55139e-05	28158	1	FALSE	N:cds-YP_009724397.2	AAA	K	GAA	E	388
NC_045512.2	29435	A	C	28153	21732	41	2	2	33	7.10278e-05	28158	1	FALSE	N:cds-YP_009724397.2	AAA	K	CAA	Q	388
NC_045512.2	29436	A	T	27893	21610	41	2	2	31	7.16332e-05	27920	1	FALSE	N:cds-YP_009724397.2	AAA	K	ATA	I	388
NC_045512.2	29436	A	G	27893	21610	41	10	9	40	0.000358166	27920	0.0192309	FALSE	N:cds-YP_009724397.2	AAA	K	AGA	R	388
NC_045512.2	29436	A	C	27893	21610	41	15	14	29	0.000537249	27920	1	FALSE	N:cds-YP_009724397.2	AAA	K	ACA	T	388
NC_045512.2	29437	A	G	28226	22090	41	2	2	37	7.0819e-05	28241	1	FALSE	N:cds-YP_009724397.2	AAA	K	AAG	K	388
NC_045512.2	29437	A	C	28226	22090	41	13	12	29	0.000460324	28241	1	FALSE	N:cds-YP_009724397.2	AAA	K	AAC	N	388
NC_045512.2	29438	C	T	30086	23993	42	2	2	55	6.64673e-05	30090	0.249988	FALSE	N:cds-YP_009724397.2	CAG	Q	TAG	*	389
NC_045512.2	29438	C	A	30086	23993	42	2	0	55	6.64673e-05	30090	0.249988	FALSE	N:cds-YP_009724397.2	CAG	Q	AAG	K	389
NC_045512.2	29439	A	G	27800	22082	40	9	7	35	0.000323334	27835	0.9994	FALSE	N:cds-YP_009724397.2	CAG	Q	CGG	R	389
NC_045512.2	29439	A	C	27800	22082	40	26	25	27	0.000934076	27835	1	FALSE	N:cds-YP_009724397.2	CAG	Q	CCG	P	389
NC_045512.2	29440	G	T	28150	22474	40	2	1	25	7.09471e-05	28190	1	FALSE	N:cds-YP_009724397.2	CAG	Q	CAT	H	389
NC_045512.2	29440	G	A	28150	22474	40	38	32	39	0.001348	28190	0.133734	FALSE	N:cds-YP_009724397.2	CAG	Q	CAA	Q	389
NC_045512.2	29441	C	T	30439	25039	41	17	16	45	0.000558109	30460	0.00128553	TRUE	N:cds-YP_009724397.2	CAA	Q	TAA	*	390
NC_045512.2	29441	C	G	30439	25039	41	2	2	37	6.56599e-05	30460	1	FALSE	N:cds-YP_009724397.2	CAA	Q	GAA	E	390
NC_045512.2	29441	C	A	30439	25039	41	2	1	55	6.56599e-05	30460	0.249848	FALSE	N:cds-YP_009724397.2	CAA	Q	AAA	K	390
NC_045512.2	29442	A	T	30459	25170	41	2	2	37	6.56448e-05	30467	1	FALSE	N:cds-YP_009724397.2	CAA	Q	CTA	L	390
NC_045512.2	29442	A	G	30459	25170	41	4	3	42	0.00013129	30467	0.499946	FALSE	N:cds-YP_009724397.2	CAA	Q	CGA	R	390
NC_045512.2	29442	A	C	30459	25170	41	2	0	27	6.56448e-05	30467	1	FALSE	N:cds-YP_009724397.2	CAA	Q	CCA	P	390
NC_045512.2	29443	A	G	30544	25396	41	4	4	37	0.000130916	30554	1	FALSE	N:cds-YP_009724397.2	CAA	Q	CAG	Q	390
NC_045512.2	29443	A	C	30544	25396	41	6	3	26	0.000196374	30554	1	FALSE	N:cds-YP_009724397.2	CAA	Q	CAC	H	390
NC_045512.2	29444	A	T	29481	24274	41	2	2	37	6.77828e-05	29506	1	FALSE	N:cds-YP_009724397.2	ACT	T	TCT	S	391
NC_045512.2	29444	A	G	29481	24274	41	10	9	33	0.000338914	29506	0.999467	FALSE	N:cds-YP_009724397.2	ACT	T	GCT	A	391
NC_045512.2	29444	A	C	29481	24274	41	13	13	28	0.000440588	29506	1	FALSE	N:cds-YP_009724397.2	ACT	T	CCT	P	391
NC_045512.2	29445	C	T	32101	27088	42	9	8	42	0.000280287	32110	0.0729868	FALSE	N:cds-YP_009724397.2	ACT	T	ATT	I	391
NC_045512.2	29446	T	G	31239	26385	41	7	6	35	0.000223842	31272	0.999988	FALSE	N:cds-YP_009724397.2	ACT	T	ACG	T	391
NC_045512.2	29446	T	C	31239	26385	41	17	13	39	0.000543617	31272	0.985317	FALSE	N:cds-YP_009724397.2	ACT	T	ACC	T	391
NC_045512.2	29446	T	A	31239	26385	41	9	5	41	0.000287797	31272	0.0728011	FALSE	N:cds-YP_009724397.2	ACT	T	ACA	T	391
NC_045512.2	29447	G	T	31567	26698	41	4	3	31	0.000126666	31579	1	FALSE	N:cds-YP_009724397.2	GTG	V	TTG	L	392
NC_045512.2	29447	G	A	31567	26698	41	8	7	35	0.000253333	31579	0.999965	FALSE	N:cds-YP_009724397.2	GTG	V	ATG	M	392
NC_045512.2	29448	T	G	31511	26663	42	3	3	45	9.51777e-05	31520	0.656183	FALSE	N:cds-YP_009724397.2	GTG	V	GGG	G	392
NC_045512.2	29448	T	C	31511	26663	42	5	5	44	0.000158629	31520	0.363221	FALSE	N:cds-YP_009724397.2	GTG	V	GCG	A	392
NC_045512.2	29448	T	A	31511	26663	42	1	0	20	3.17259e-05	31520	1	FALSE	N:cds-YP_009724397.2	GTG	V	GAG	E	392
NC_045512.2	29449	G	T	31845	27025	42	1	1	37	3.14001e-05	31847	1	FALSE	N:cds-YP_009724397.2	GTG	V	GTT	V	392
NC_045512.2	29449	G	A	31845	27025	42	1	1	37	3.14001e-05	31847	1	FALSE	N:cds-YP_009724397.2	GTG	V	GTA	V	392
NC_045512.2	29450	A	G	32306	27778	42	16	15	41	0.000495019	32322	0.00221024	TRUE	N:cds-YP_009724397.2	ACT	T	GCT	A	393
NC_045512.2	29451	C	T	32845	28852	41	4	4	34	0.000121766	32850	1	FALSE	N:cds-YP_009724397.2	ACT	T	ATT	I	393
NC_045512.2	29451	C	A	32845	28852	41	1	1	37	3.04414e-05	32850	1	FALSE	N:cds-YP_009724397.2	ACT	T	AAT	N	393
NC_045512.2	29452	T	G	32006	28086	41	1	0	29	3.12334e-05	32017	1	FALSE	N:cds-YP_009724397.2	ACT	T	ACG	T	393
NC_045512.2	29452	T	C	32006	28086	41	4	2	46	0.000124934	32017	0.499897	FALSE	N:cds-YP_009724397.2	ACT	T	ACC	T	393
NC_045512.2	29452	T	A	32006	28086	41	6	5	35	0.0001874	32017	0.999998	FALSE	N:cds-YP_009724397.2	ACT	T	ACA	T	393
NC_045512.2	29452	T	-CTTCTTC	32006	28086	41	1	0	20	3.12334e-05	32017	1	FALSE	NA	NA	NA	NA	NA	NA
NC_045512.2	29453	C	A	32560	28670	41	4	4	34	0.000122835	32564	1	FALSE	N:cds-YP_009724397.2	CTT	L	ATT	I	394
NC_045512.2	29453	C	-T	32560	28670	41	1	0	20	3.07078e-05	32565	1	FALSE	NA	NA	NA	NA	NA	NA
NC_045512.2	29454	T	G	31242	27447	41	4	4	32	0.000127971	31257	1	FALSE	N:cds-YP_009724397.2	CTT	L	CGT	R	394
NC_045512.2	29454	T	C	31242	27447	41	9	7	46	0.000287936	31257	0.0729246	FALSE	N:cds-YP_009724397.2	CTT	L	CCT	P	394
NC_045512.2	29454	T	A	31242	27447	41	2	2	37	6.39857e-05	31257	1	FALSE	N:cds-YP_009724397.2	CTT	L	CAT	H	394
NC_045512.2	29455	T	C	31248	27444	40	4	2	43	0.000127984	31254	0.499965	FALSE	N:cds-YP_009724397.2	CTT	L	CTC	L	394
NC_045512.2	29455	T	A	31248	27444	40	2	2	31	6.39918e-05	31254	1	FALSE	N:cds-YP_009724397.2	CTT	L	CTA	L	394
NC_045512.2	29456	C	T	31649	27886	41	4	4	46	0.00012637	31653	0.5	FALSE	N:cds-YP_009724397.2	CTT	L	TTT	F	395
NC_045512.2	29457	T	G	30449	26737	40	11	11	25	0.000361011	30470	1	FALSE	N:cds-YP_009724397.2	CTT	L	CGT	R	395
NC_045512.2	29457	T	C	30449	26737	40	9	5	48	0.000295372	30470	0.0728831	FALSE	N:cds-YP_009724397.2	CTT	L	CCT	P	395
NC_045512.2	29457	T	A	30449	26737	40	1	1	37	3.28192e-05	30470	1	FALSE	N:cds-YP_009724397.2	CTT	L	CAT	H	395
NC_045512.2	29458	T	G	31721	28066	41	1	0	20	3.15169e-05	31729	1	FALSE	N:cds-YP_009724397.2	CTT	L	CTG	L	395
NC_045512.2	29458	T	C	31721	28066	41	7	5	47	0.000220618	31729	0.171843	FALSE	N:cds-YP_009724397.2	CTT	L	CTC	L	395
NC_045512.2	29459	C	T	31421	27824	41	2	2	37	6.36456e-05	31424	1	FALSE	N:cds-YP_009724397.2	CCT	P	TCT	S	396
NC_045512.2	29459	C	A	31421	27824	41	1	1	37	3.18228e-05	31424	1	FALSE	N:cds-YP_009724397.2	CCT	P	ACT	T	396
NC_045512.2	29460	C	T	30812	27274	41	2	1	31	6.49056e-05	30814	1	FALSE	N:cds-YP_009724397.2	CCT	P	CTT	L	396
NC_045512.2	29460	C	-T	30812	27274	41	1	0	20	3.24528e-05	30814	1	FALSE	NA	NA	NA	NA	NA	NA
NC_045512.2	29461	T	C	29989	26435	41	4	4	37	0.000133356	29995	0.999999	FALSE	N:cds-YP_009724397.2	CCT	P	CCC	P	396
NC_045512.2	29461	T	A	29989	26435	41	2	2	31	6.66778e-05	29995	1	FALSE	N:cds-YP_009724397.2	CCT	P	CCA	P	396
NC_045512.2	29461	T	-GCTGCA	29989	26435	41	1	0	20	3.33378e-05	29996	1	FALSE	NA	NA	NA	NA	NA	NA
NC_045512.2	29461	T	-G	29989	26435	41	4	0	20	0.000133351	29996	1	FALSE	NA	NA	NA	NA	NA	NA
NC_045512.2	29462	G	T	30344	26833	41	6	6	33	0.000197583	30367	0.999994	FALSE	N:cds-YP_009724397.2	GCT	A	TCT	S	397
NC_045512.2	29462	G	C	30344	26833	41	1	1	37	3.29305e-05	30367	1	FALSE	N:cds-YP_009724397.2	GCT	A	CCT	P	397
NC_045512.2	29462	G	A	30344	26833	41	16	15	38	0.000526888	30367	0.987035	FALSE	N:cds-YP_009724397.2	GCT	A	ACT	T	397
NC_045512.2	29463	C	T	30368	27091	41	6	4	37	0.000197518	30377	0.999994	FALSE	N:cds-YP_009724397.2	GCT	A	GTT	V	397
NC_045512.2	29463	C	G	30368	27091	41	1	1	37	3.29196e-05	30377	1	FALSE	N:cds-YP_009724397.2	GCT	A	GGT	G	397
NC_045512.2	29463	C	A	30368	27091	41	2	2	49	6.58393e-05	30377	0.812438	FALSE	N:cds-YP_009724397.2	GCT	A	GAT	D	397
NC_045512.2	29464	T	G	30205	26976	41	1	1	25	3.3094e-05	30217	1	FALSE	N:cds-YP_009724397.2	GCT	A	GCG	A	397
NC_045512.2	29464	T	C	30205	26976	41	10	6	37	0.00033094	30217	0.999661	FALSE	N:cds-YP_009724397.2	GCT	A	GCC	A	397
NC_045512.2	29464	T	A	30205	26976	41	1	1	25	3.3094e-05	30217	1	FALSE	N:cds-YP_009724397.2	GCT	A	GCA	A	397
NC_045512.2	29465	G	T	29656	27170	39	2	2	25	6.73605e-05	29691	1	FALSE	N:cds-YP_009724397.2	GCA	A	TCA	S	398
NC_045512.2	29465	G	C	29656	27170	39	1	1	37	3.36802e-05	29691	1	FALSE	N:cds-YP_009724397.2	GCA	A	CCA	P	398
NC_045512.2	29465	G	A	29656	27170	39	32	31	38	0.00107777	29691	0.398872	FALSE	N:cds-YP_009724397.2	GCA	A	ACA	T	398
NC_045512.2	29466	C	T	29881	27427	39	17	13	45	0.0005686	29898	0.000363655	TRUE	N:cds-YP_009724397.2	GCA	A	GTA	V	398
NC_045512.2	29467	A	T	29963	27555	39	3	3	29	0.000100063	29981	1	FALSE	N:cds-YP_009724397.2	GCA	A	GCT	A	398
NC_045512.2	29467	A	G	29963	27555	39	13	13	34	0.000433608	29981	0.996046	FALSE	N:cds-YP_009724397.2	GCA	A	GCG	A	398
NC_045512.2	29467	A	C	29963	27555	39	2	0	31	6.67089e-05	29981	1	FALSE	N:cds-YP_009724397.2	GCA	A	GCC	A	398
NC_045512.2	29468	G	T	29740	27458	39	3	3	23	0.000100851	29747	1	FALSE	N:cds-YP_009724397.2	GAT	D	TAT	Y	399
NC_045512.2	29468	G	A	29740	27458	39	4	4	49	0.000134467	29747	0.343711	FALSE	N:cds-YP_009724397.2	GAT	D	AAT	N	399
NC_045512.2	29469	A	G	29382	27112	39	2	2	31	6.80619e-05	29385	1	FALSE	N:cds-YP_009724397.2	GAT	D	GGT	G	399
NC_045512.2	29469	A	C	29382	27112	39	1	1	37	3.4031e-05	29385	1	FALSE	N:cds-YP_009724397.2	GAT	D	GCT	A	399
NC_045512.2	29470	T	G	29010	26769	38	1	1	25	3.44697e-05	29011	1	FALSE	N:cds-YP_009724397.2	GAT	D	GAG	E	399
NC_045512.2	29471	T	G	28942	26700	38	4	4	28	0.00013816	28952	1	FALSE	N:cds-YP_009724397.2	TTG	L	GTG	V	400
NC_045512.2	29471	T	C	28942	26700	38	5	5	34	0.0001727	28952	0.999995	FALSE	N:cds-YP_009724397.2	TTG	L	CTG	L	400
NC_045512.2	29471	T	A	28942	26700	38	1	0	37	3.45399e-05	28952	1	FALSE	N:cds-YP_009724397.2	TTG	L	ATG	M	400
NC_045512.2	29471	T	+TGGA	28942	26700	38	1	0	20	3.45399e-05	28952	1	FALSE	NA	NA	NA	NA	NA	NA
NC_045512.2	29472	T	G	29025	26780	39	2	2	31	6.88919e-05	29031	1	FALSE	N:cds-YP_009724397.2	TTG	L	TGG	W	400
NC_045512.2	29472	T	C	29025	26780	39	3	1	49	0.000103338	29031	0.499968	FALSE	N:cds-YP_009724397.2	TTG	L	TCG	S	400
NC_045512.2	29472	T	A	29025	26780	39	1	1	37	3.44459e-05	29031	1	FALSE	N:cds-YP_009724397.2	TTG	L	TAG	*	400
NC_045512.2	29472	T	-G	29025	26780	39	1	0	20	3.44459e-05	29031	1	FALSE	NA	NA	NA	NA	NA	NA
NC_045512.2	29473	G	T	28957	26723	38	5	5	39	0.00017264	28962	0.999995	FALSE	N:cds-YP_009724397.2	TTG	L	TTT	F	400
NC_045512.2	29474	G	T	29158	26975	39	1	1	25	3.42841e-05	29168	1	FALSE	N:cds-YP_009724397.2	GAT	D	TAT	Y	401
NC_045512.2	29474	G	A	29158	26975	39	9	9	38	0.000308557	29168	0.999765	FALSE	N:cds-YP_009724397.2	GAT	D	AAT	N	401
NC_045512.2	29475	A	T	29152	27184	38	1	1	25	3.42877e-05	29165	1	FALSE	N:cds-YP_009724397.2	GAT	D	GTT	V	401
NC_045512.2	29475	A	G	29152	27184	38	11	11	37	0.000377164	29165	0.998893	FALSE	N:cds-YP_009724397.2	GAT	D	GGT	G	401
NC_045512.2	29475	A	C	29152	27184	38	1	1	25	3.42877e-05	29165	1	FALSE	N:cds-YP_009724397.2	GAT	D	GCT	A	401
NC_045512.2	29476	T	G	28956	26991	38	3	3	25	0.000103577	28964	1	FALSE	N:cds-YP_009724397.2	GAT	D	GAG	E	401
NC_045512.2	29476	T	C	28956	26991	38	4	4	34	0.000138102	28964	0.999999	FALSE	N:cds-YP_009724397.2	GAT	D	GAC	D	401
NC_045512.2	29476	T	A	28956	26991	38	1	1	37	3.45256e-05	28964	1	FALSE	N:cds-YP_009724397.2	GAT	D	GAA	E	401
NC_045512.2	29477	G	T	28824	26873	38	4	4	31	0.00013872	28835	0.999999	FALSE	N:cds-YP_009724397.2	GAT	D	TAT	Y	402
NC_045512.2	29477	G	A	28824	26873	38	7	6	42	0.000242761	28835	0.0898011	FALSE	N:cds-YP_009724397.2	GAT	D	AAT	N	402
NC_045512.2	29478	A	T	28711	26781	38	3	2	33	0.000104435	28726	1	FALSE	N:cds-YP_009724397.2	GAT	D	GTT	V	402
NC_045512.2	29478	A	G	28711	26781	38	12	11	47	0.00041774	28726	0.00646219	TRUE	N:cds-YP_009724397.2	GAT	D	GGT	G	402
NC_045512.2	29479	T	G	28064	26143	38	5	5	34	0.000178113	28072	0.999995	FALSE	N:cds-YP_009724397.2	GAT	D	GAG	E	402
NC_045512.2	29479	T	C	28064	26143	38	3	2	45	0.000106868	28072	0.499933	FALSE	N:cds-YP_009724397.2	GAT	D	GAC	D	402
NC_045512.2	29480	T	C	28360	26463	38	4	4	46	0.000141019	28365	0.343742	FALSE	N:cds-YP_009724397.2	TTC	F	CTC	L	403
NC_045512.2	29480	T	A	28360	26463	38	1	1	37	3.52547e-05	28365	1	FALSE	N:cds-YP_009724397.2	TTC	F	ATC	I	403
NC_045512.2	29481	T	C	28361	26434	38	4	4	33	0.000141009	28367	0.999999	FALSE	N:cds-YP_009724397.2	TTC	F	TCC	S	403
NC_045512.2	29481	T	A	28361	26434	38	2	2	37	7.05045e-05	28367	1	FALSE	N:cds-YP_009724397.2	TTC	F	TAC	Y	403
NC_045512.2	29482	C	T	28675	26764	38	2	2	37	6.97374e-05	28679	1	FALSE	N:cds-YP_009724397.2	TTC	F	TTT	F	403
NC_045512.2	29482	C	G	28675	26764	38	1	1	25	3.48687e-05	28679	1	FALSE	N:cds-YP_009724397.2	TTC	F	TTG	L	403
NC_045512.2	29482	C	A	28675	26764	38	1	1	37	3.48687e-05	28679	1	FALSE	N:cds-YP_009724397.2	TTC	F	TTA	L	403
NC_045512.2	29483	T	G	28678	26827	39	1	1	37	3.48602e-05	28686	1	FALSE	N:cds-YP_009724397.2	TCC	S	GCC	A	404
NC_045512.2	29483	T	C	28678	26827	39	6	6	35	0.000209161	28686	0.999981	FALSE	N:cds-YP_009724397.2	TCC	S	CCC	P	404
NC_045512.2	29483	T	A	28678	26827	39	1	1	37	3.48602e-05	28686	1	FALSE	N:cds-YP_009724397.2	TCC	S	ACC	T	404
NC_045512.2	29484	C	T	28491	26808	38	1	1	37	3.50963e-05	28493	1	FALSE	N:cds-YP_009724397.2	TCC	S	TTC	F	404
NC_045512.2	29484	C	A	28491	26808	38	1	1	37	3.50963e-05	28493	1	FALSE	N:cds-YP_009724397.2	TCC	S	TAC	Y	404
NC_045512.2	29485	C	A	28622	26947	38	2	1	33	6.98714e-05	28624	1	FALSE	N:cds-YP_009724397.2	TCC	S	TCA	S	404
NC_045512.2	29486	A	T	28531	26944	38	1	1	37	3.50447e-05	28535	1	FALSE	N:cds-YP_009724397.2	AAA	K	TAA	*	405
NC_045512.2	29486	A	G	28531	26944	38	3	3	37	0.000105134	28535	1	FALSE	N:cds-YP_009724397.2	AAA	K	GAA	E	405
NC_045512.2	29487	A	C	28290	26680	38	1	1	37	3.53469e-05	28291	1	FALSE	N:cds-YP_009724397.2	AAA	K	ACA	T	405
NC_045512.2	29488	A	T	28448	26824	38	1	1	37	3.51469e-05	28452	1	FALSE	N:cds-YP_009724397.2	AAA	K	AAT	N	405
NC_045512.2	29488	A	G	28448	26824	38	2	2	31	7.02938e-05	28452	1	FALSE	N:cds-YP_009724397.2	AAA	K	AAG	K	405
NC_045512.2	29488	A	C	28448	26824	38	1	1	37	3.51469e-05	28452	1	FALSE	N:cds-YP_009724397.2	AAA	K	AAC	N	405
NC_045512.2	29489	C	T	28525	26878	38	2	1	37	7.0109e-05	28527	1	FALSE	N:cds-YP_009724397.2	CAA	Q	TAA	*	406
NC_045512.2	29490	A	G	28209	26573	38	1	1	37	3.54472e-05	28211	1	FALSE	N:cds-YP_009724397.2	CAA	Q	CGA	R	406
NC_045512.2	29490	A	C	28209	26573	38	1	0	25	3.54472e-05	28211	1	FALSE	N:cds-YP_009724397.2	CAA	Q	CCA	P	406
NC_045512.2	29491	A	G	32971	25592	37	2	2	37	6.0641e-05	32981	1	FALSE	N:cds-YP_009724397.2	CAA	Q	CAG	Q	406
NC_045512.2	29491	A	C	32971	25592	37	8	3	28	0.000242564	32981	1	FALSE	N:cds-YP_009724397.2	CAA	Q	CAC	H	406
NC_045512.2	29492	T	G	33247	25767	37	11	9	28	0.000330728	33260	1	FALSE	N:cds-YP_009724397.2	TTG	L	GTG	V	407
NC_045512.2	29492	T	C	33247	25767	37	2	2	37	6.01323e-05	33260	1	FALSE	N:cds-YP_009724397.2	TTG	L	CTG	L	407
NC_045512.2	29493	T	G	33657	26217	37	1	1	37	2.97044e-05	33665	1	FALSE	N:cds-YP_009724397.2	TTG	L	TGG	W	407
NC_045512.2	29493	T	C	33657	26217	37	4	4	37	0.000118818	33665	1	FALSE	N:cds-YP_009724397.2	TTG	L	TCG	S	407
NC_045512.2	29493	T	A	33657	26217	37	3	3	33	8.91133e-05	33665	1	FALSE	N:cds-YP_009724397.2	TTG	L	TAG	*	407
NC_045512.2	29494	G	T	34010	26298	37	1	0	48	2.93893e-05	34026	0.937454	FALSE	N:cds-YP_009724397.2	TTG	L	TTT	F	407
NC_045512.2	29494	G	C	34010	26298	37	2	2	31	5.87786e-05	34026	1	FALSE	N:cds-YP_009724397.2	TTG	L	TTC	F	407
NC_045512.2	29494	G	A	34010	26298	37	13	9	37	0.000382061	34026	0.999457	FALSE	N:cds-YP_009724397.2	TTG	L	TTA	L	407
NC_045512.2	29495	C	T	34691	26691	37	27	21	37	0.000777695	34718	0.847294	FALSE	N:cds-YP_009724397.2	CAA	Q	TAA	*	408
NC_045512.2	29496	A	T	34843	26767	37	3	3	45	8.60733e-05	34854	0.656163	FALSE	N:cds-YP_009724397.2	CAA	Q	CTA	L	408
NC_045512.2	29496	A	G	34843	26767	37	8	5	37	0.000229529	34854	0.999992	FALSE	N:cds-YP_009724397.2	CAA	Q	CGA	R	408
NC_045512.2	29497	A	T	34461	26259	37	2	2	31	5.80181e-05	34472	1	FALSE	N:cds-YP_009724397.2	CAA	Q	CAT	H	408
NC_045512.2	29497	A	G	34461	26259	37	6	5	37	0.000174054	34472	0.999999	FALSE	N:cds-YP_009724397.2	CAA	Q	CAG	Q	408
NC_045512.2	29497	A	C	34461	26259	37	3	2	25	8.70272e-05	34472	1	FALSE	N:cds-YP_009724397.2	CAA	Q	CAC	H	408
NC_045512.2	29498	C	T	34879	26383	37	6	4	37	0.000171984	34887	0.999999	FALSE	N:cds-YP_009724397.2	CAA	Q	TAA	*	409
NC_045512.2	29498	C	A	34879	26383	37	2	1	25	5.73279e-05	34887	1	FALSE	N:cds-YP_009724397.2	CAA	Q	AAA	K	409
NC_045512.2	29499	A	G	33673	25155	37	3	2	37	8.90736e-05	33680	1	FALSE	N:cds-YP_009724397.2	CAA	Q	CGA	R	409
NC_045512.2	29499	A	C	33673	25155	37	4	4	25	0.000118765	33680	1	FALSE	N:cds-YP_009724397.2	CAA	Q	CCA	P	409
NC_045512.2	29500	A	T	33032	24165	37	1	1	37	3.02462e-05	33062	1	FALSE	N:cds-YP_009724397.2	CAA	Q	CAT	H	409
NC_045512.2	29500	A	G	33032	24165	37	19	18	37	0.000574678	33062	0.981746	FALSE	N:cds-YP_009724397.2	CAA	Q	CAG	Q	409
NC_045512.2	29500	A	C	33032	24165	37	10	9	29	0.000302462	33062	1	FALSE	N:cds-YP_009724397.2	CAA	Q	CAC	H	409
NC_045512.2	29501	T	G	40225	25465	37	6	5	27	0.000149098	40242	1	FALSE	N:cds-YP_009724397.2	TCC	S	GCC	A	410
NC_045512.2	29501	T	C	40225	25465	37	8	4	35	0.000198797	40242	1	FALSE	N:cds-YP_009724397.2	TCC	S	CCC	P	410
NC_045512.2	29501	T	A	40225	25465	37	3	1	49	7.4549e-05	40242	0.773315	FALSE	N:cds-YP_009724397.2	TCC	S	ACC	T	410
NC_045512.2	29502	C	T	41459	26058	37	4	4	37	9.64576e-05	41469	1	FALSE	N:cds-YP_009724397.2	TCC	S	TTC	F	410
NC_045512.2	29502	C	G	41459	26058	37	3	2	37	7.23432e-05	41469	1	FALSE	N:cds-YP_009724397.2	TCC	S	TGC	C	410
NC_045512.2	29502	C	A	41459	26058	37	3	3	33	7.23432e-05	41469	1	FALSE	N:cds-YP_009724397.2	TCC	S	TAC	Y	410
NC_045512.2	29503	C	T	41836	26079	37	2	1	37	4.78023e-05	41839	1	FALSE	N:cds-YP_009724397.2	TCC	S	TCT	S	410
NC_045512.2	29503	C	A	41836	26079	37	1	1	37	2.39011e-05	41839	1	FALSE	N:cds-YP_009724397.2	TCC	S	TCA	S	410
NC_045512.2	29504	A	G	39165	23351	36	6	6	35	0.000153034	39207	1	FALSE	N:cds-YP_009724397.2	ATG	M	GTG	V	411
NC_045512.2	29504	A	C	39165	23351	36	36	36	27	0.000918203	39207	1	FALSE	N:cds-YP_009724397.2	ATG	M	CTG	L	411
NC_045512.2	29505	T	G	40716	24957	37	8	8	28	0.000196372	40739	1	FALSE	N:cds-YP_009724397.2	ATG	M	AGG	R	411
NC_045512.2	29505	T	C	40716	24957	37	14	7	37	0.000343651	40739	0.999913	FALSE	N:cds-YP_009724397.2	ATG	M	ACG	T	411
NC_045512.2	29505	T	A	40716	24957	37	1	0	37	2.45465e-05	40739	1	FALSE	N:cds-YP_009724397.2	ATG	M	AAG	K	411
NC_045512.2	29506	G	T	41972	25532	37	2	1	31	4.76463e-05	41976	1	FALSE	N:cds-YP_009724397.2	ATG	M	ATT	I	411
NC_045512.2	29506	G	C	41972	25532	37	1	0	37	2.38231e-05	41976	1	FALSE	N:cds-YP_009724397.2	ATG	M	ATC	I	411
NC_045512.2	29506	G	A	41972	25532	37	1	1	37	2.38231e-05	41976	1	FALSE	N:cds-YP_009724397.2	ATG	M	ATA	I	411
NC_045512.2	29507	A	T	41549	25327	37	4	2	37	9.62348e-05	41565	1	FALSE	N:cds-YP_009724397.2	AGC	S	TGC	C	412
NC_045512.2	29507	A	G	41549	25327	37	10	8	35	0.000240587	41565	0.999998	FALSE	N:cds-YP_009724397.2	AGC	S	GGC	G	412
NC_045512.2	29507	A	C	41549	25327	37	2	2	31	4.81174e-05	41565	1	FALSE	N:cds-YP_009724397.2	AGC	S	CGC	R	412
NC_045512.2	29508	G	T	41554	25198	37	6	4	39	0.000144335	41570	1	FALSE	N:cds-YP_009724397.2	AGC	S	ATC	I	412
NC_045512.2	29508	G	A	41554	25198	37	10	4	35	0.000240558	41570	0.999998	FALSE	N:cds-YP_009724397.2	AGC	S	AAC	N	412
NC_045512.2	29509	C	T	42675	26667	37	26	15	35	0.000608857	42703	0.980804	FALSE	N:cds-YP_009724397.2	AGC	S	AGT	S	412
NC_045512.2	29509	C	G	42675	26667	37	1	1	25	2.34176e-05	42703	1	FALSE	N:cds-YP_009724397.2	AGC	S	AGG	R	412
NC_045512.2	29509	C	A	42675	26667	37	1	0	37	2.34176e-05	42703	1	FALSE	N:cds-YP_009724397.2	AGC	S	AGA	R	412
NC_045512.2	29510	A	T	3	3	37	2	2	37	4.92841e-05	40581	1.04341e-05	TRUE	N:cds-YP_009724397.2	AGT	S	TGT	C	413
NC_045512.2	29510	A	G	3	3	37	3	3	33	7.39262e-05	40581	2.2104e-08	TRUE	N:cds-YP_009724397.2	AGT	S	GGT	G	413
NC_045512.2	29510	A	C	3	3	37	40573	24520	37	0.999803	40581	0	TRUE	N:cds-YP_009724397.2	AGT	S	CGT	R	413
NC_045512.2	29511	G	T	42226	24500	37	2	2	31	4.73294e-05	42257	1	FALSE	N:cds-YP_009724397.2	AGT	S	ATT	I	413
NC_045512.2	29511	G	A	42226	24500	37	29	14	36	0.000686277	42257	0.952098	FALSE	N:cds-YP_009724397.2	AGT	S	AAT	N	413
NC_045512.2	29512	T	G	41760	24326	37	1	0	25	2.39435e-05	41765	1	FALSE	N:cds-YP_009724397.2	AGT	S	AGG	R	413
NC_045512.2	29512	T	C	41760	24326	37	3	2	37	7.18305e-05	41765	1	FALSE	N:cds-YP_009724397.2	AGT	S	AGC	S	413
NC_045512.2	29512	T	A	41760	24326	37	1	0	37	2.39435e-05	41765	1	FALSE	N:cds-YP_009724397.2	AGT	S	AGA	R	413
NC_045512.2	29513	G	A	42297	24401	37	82	49	36	0.00193492	42379	0.000206036	TRUE	N:cds-YP_009724397.2	GCT	A	ACT	T	414
NC_045512.2	29514	C	T	41257	24725	36	82	43	36	0.00198331	41345	0.000136037	TRUE	N:cds-YP_009724397.2	GCT	A	GTT	V	414
NC_045512.2	29514	C	G	41257	24725	36	3	3	33	7.25602e-05	41345	1	FALSE	N:cds-YP_009724397.2	GCT	A	GGT	G	414
NC_045512.2	29514	C	A	41257	24725	36	3	2	29	7.25602e-05	41345	1	FALSE	N:cds-YP_009724397.2	GCT	A	GAT	D	414
NC_045512.2	29515	T	G	41395	24637	37	8	2	31	0.000193157	41417	1	FALSE	N:cds-YP_009724397.2	GCT	A	GCG	A	414
NC_045512.2	29515	T	C	41395	24637	37	10	5	35	0.000241447	41417	0.999998	FALSE	N:cds-YP_009724397.2	GCT	A	GCC	A	414
NC_045512.2	29515	T	A	41395	24637	37	4	3	34	9.65787e-05	41417	1	FALSE	N:cds-YP_009724397.2	GCT	A	GCA	A	414
NC_045512.2	29516	G	T	43603	24633	37	1	0	25	2.29284e-05	43614	1	FALSE	N:cds-YP_009724397.2	GAC	D	TAC	Y	415
NC_045512.2	29516	G	C	43603	24633	37	3	2	33	6.87853e-05	43614	1	FALSE	N:cds-YP_009724397.2	GAC	D	CAC	H	415
NC_045512.2	29516	G	A	43603	24633	37	7	5	37	0.000160499	43614	1	FALSE	N:cds-YP_009724397.2	GAC	D	AAC	N	415
NC_045512.2	29517	A	T	33412	24476	35	17	0	27	0.000508434	33436	1	FALSE	N:cds-YP_009724397.2	GAC	D	GTC	V	415
NC_045512.2	29517	A	G	33412	24476	35	5	3	44	0.000149539	33436	0.362979	FALSE	N:cds-YP_009724397.2	GAC	D	GGC	G	415
NC_045512.2	29517	A	C	33412	24476	35	2	0	25	5.98158e-05	33436	1	FALSE	N:cds-YP_009724397.2	GAC	D	GCC	A	415
NC_045512.2	29518	C	T	41900	24272	36	2	1	37	4.77224e-05	41909	1	FALSE	N:cds-YP_009724397.2	GAC	D	GAT	D	415
NC_045512.2	29518	C	G	41900	24272	36	4	0	29	9.54449e-05	41909	1	FALSE	N:cds-YP_009724397.2	GAC	D	GAG	E	415
NC_045512.2	29518	C	A	41900	24272	36	3	3	33	7.15837e-05	41909	1	FALSE	N:cds-YP_009724397.2	GAC	D	GAA	E	415
NC_045512.2	29519	T	G	43342	23978	37	1	0	20	2.30627e-05	43360	1	FALSE	N:cds-YP_009724397.2	TCA	S	GCA	A	416
NC_045512.2	29519	T	C	43342	23978	37	14	9	36	0.000322878	43360	0.999977	FALSE	N:cds-YP_009724397.2	TCA	S	CCA	P	416
NC_045512.2	29519	T	A	43342	23978	37	3	2	33	6.91882e-05	43360	1	FALSE	N:cds-YP_009724397.2	TCA	S	ACA	T	416
NC_045512.2	29520	C	T	43480	23475	37	2	1	31	4.59929e-05	43485	1	FALSE	N:cds-YP_009724397.2	TCA	S	TTA	L	416
NC_045512.2	29520	C	G	43480	23475	37	1	0	37	2.29964e-05	43485	1	FALSE	N:cds-YP_009724397.2	TCA	S	TGA	*	416
NC_045512.2	29520	C	A	43480	23475	37	2	2	37	4.59929e-05	43485	1	FALSE	N:cds-YP_009724397.2	TCA	S	TAA	*	416
NC_045512.2	29521	A	T	41988	23353	36	3	0	29	7.14201e-05	42005	1	FALSE	N:cds-YP_009724397.2	TCA	S	TCT	S	416
NC_045512.2	29521	A	G	41988	23353	36	11	4	37	0.000261874	42005	0.999997	FALSE	N:cds-YP_009724397.2	TCA	S	TCG	S	416
NC_045512.2	29521	A	C	41988	23353	36	3	2	29	7.14201e-05	42005	1	FALSE	N:cds-YP_009724397.2	TCA	S	TCC	S	416
NC_045512.2	29522	A	T	42994	22801	36	2	2	25	4.65019e-05	43009	1	FALSE	N:cds-YP_009724397.2	ACT	T	TCT	S	417
NC_045512.2	29522	A	G	42994	22801	36	5	1	39	0.000116255	43009	1	FALSE	N:cds-YP_009724397.2	ACT	T	GCT	A	417
NC_045512.2	29522	A	C	42994	22801	36	8	3	25	0.000186008	43009	1	FALSE	N:cds-YP_009724397.2	ACT	T	CCT	P	417
NC_045512.2	29523	C	T	45539	23445	37	2	1	37	4.39126e-05	45545	1	FALSE	N:cds-YP_009724397.2	ACT	T	ATT	I	417
NC_045512.2	29523	C	G	45539	23445	37	3	1	37	6.58689e-05	45545	1	FALSE	N:cds-YP_009724397.2	ACT	T	AGT	S	417
NC_045512.2	29523	C	A	45539	23445	37	1	1	37	2.19563e-05	45545	1	FALSE	N:cds-YP_009724397.2	ACT	T	AAT	N	417
NC_045512.2	29524	T	G	44673	22768	36	1	0	25	2.23749e-05	44693	1	FALSE	N:cds-YP_009724397.2	ACT	T	ACG	T	417
NC_045512.2	29524	T	C	44673	22768	36	17	8	37	0.000380373	44693	0.999868	FALSE	N:cds-YP_009724397.2	ACT	T	ACC	T	417
NC_045512.2	29524	T	A	44673	22768	36	2	1	25	4.47497e-05	44693	1	FALSE	N:cds-YP_009724397.2	ACT	T	ACA	T	417
NC_045512.2	29525	C	T	45848	23352	37	1	0	37	2.18103e-05	45850	1	FALSE	N:cds-YP_009724397.2	CAG	Q	TAG	*	418
NC_045512.2	29525	C	A	45848	23352	37	1	0	37	2.18103e-05	45850	1	FALSE	N:cds-YP_009724397.2	CAG	Q	AAG	K	418
NC_045512.2	29525	C	-A	45848	23352	37	1	0	20	2.18103e-05	45850	1	FALSE	NA	NA	NA	NA	NA	NA
NC_045512.2	29526	A	T	42589	21266	36	10	2	35	0.000234489	42646	0.999999	FALSE	N:cds-YP_009724397.2	CAG	Q	CTG	L	418
NC_045512.2	29526	A	G	42589	21266	36	31	12	37	0.000726915	42646	0.919846	FALSE	N:cds-YP_009724397.2	CAG	Q	CGG	R	418
NC_045512.2	29526	A	C	42589	21266	36	16	14	27	0.000375182	42646	1	FALSE	N:cds-YP_009724397.2	CAG	Q	CCG	P	418
NC_045512.2	29527	G	T	50492	21356	37	9	3	37	0.0001782	50505	1	FALSE	N:cds-YP_009724397.2	CAG	Q	CAT	H	418
NC_045512.2	29527	G	C	50492	21356	37	1	1	25	1.98e-05	50505	1	FALSE	N:cds-YP_009724397.2	CAG	Q	CAC	H	418
NC_045512.2	29527	G	A	50492	21356	37	3	2	37	5.94001e-05	50505	1	FALSE	N:cds-YP_009724397.2	CAG	Q	CAA	Q	418
NC_045512.2	29528	G	T	51399	21864	37	6	6	35	0.000116595	51460	1	FALSE	N:cds-YP_009724397.2	GCC	A	TCC	S	419
NC_045512.2	29528	G	C	51399	21864	37	4	4	37	7.77303e-05	51460	1	FALSE	N:cds-YP_009724397.2	GCC	A	CCC	P	419
NC_045512.2	29528	G	A	51399	21864	37	51	16	37	0.000991061	51460	0.539072	FALSE	N:cds-YP_009724397.2	GCC	A	ACC	T	419
NC_045512.2	29529	C	T	50672	22197	37	20	9	38	0.00039447	50701	0.999917	FALSE	N:cds-YP_009724397.2	GCC	A	GTC	V	419
NC_045512.2	29529	C	G	50672	22197	37	1	0	37	1.97235e-05	50701	1	FALSE	N:cds-YP_009724397.2	GCC	A	GGC	G	419
NC_045512.2	29529	C	A	50672	22197	37	8	3	35	0.000157788	50701	1	FALSE	N:cds-YP_009724397.2	GCC	A	GAC	D	419
NC_045512.2	29530	C	T	43642	14648	37	7433	7362	36	0.145468	51097	0	TRUE	N:cds-YP_009724397.2	GCC	A	GCT	A	419
NC_045512.2	29530	C	G	43642	14648	37	1	0	25	1.95706e-05	51097	1	FALSE	N:cds-YP_009724397.2	GCC	A	GCG	A	419
NC_045512.2	29530	C	A	43642	14648	37	21	6	36	0.000410983	51097	0.998872	FALSE	N:cds-YP_009724397.2	GCC	A	GCA	A	419
NC_045512.2	29531	T	G	49862	20581	37	1	0	37	2.00477e-05	49881	1	FALSE	N:cds-YP_009724397.2	TAA	*	GAA	E	420
NC_045512.2	29531	T	C	49862	20581	37	14	3	39	0.000280668	49881	0.999998	FALSE	N:cds-YP_009724397.2	TAA	*	CAA	Q	420
NC_045512.2	29531	T	A	49862	20581	37	4	1	37	8.01909e-05	49881	1	FALSE	N:cds-YP_009724397.2	TAA	*	AAA	K	420
NC_045512.2	29532	A	T	50157	20698	37	1	1	37	1.99342e-05	50165	1	FALSE	N:cds-YP_009724397.2	TAA	*	TTA	L	420
NC_045512.2	29532	A	G	50157	20698	37	6	4	37	0.000119605	50165	1	FALSE	N:cds-YP_009724397.2	TAA	*	TGA	*	420
NC_045512.2	29532	A	C	50157	20698	37	1	0	29	1.99342e-05	50165	1	FALSE	N:cds-YP_009724397.2	TAA	*	TCA	S	420
NC_045512.2	29533	A	T	49356	19452	36	2	1	37	4.0508e-05	49373	1	FALSE	N:cds-YP_009724397.2	TAA	*	TAT	Y	420
NC_045512.2	29533	A	G	49356	19452	36	9	2	35	0.000182286	49373	1	FALSE	N:cds-YP_009724397.2	TAA	*	TAG	*	420
NC_045512.2	29533	A	C	49356	19452	36	6	6	31	0.000121524	49373	1	FALSE	N:cds-YP_009724397.2	TAA	*	TAC	Y	420
NC_045512.2	29534	A	G	47004	16994	36	4	1	37	8.50286e-05	47043	1	FALSE	NA	NA	NA	NA	NA	NA
NC_045512.2	29534	A	C	47004	16994	36	35	35	28	0.000744	47043	1	FALSE	NA	NA	NA	NA	NA	NA
NC_045512.2	29535	C	T	32593	1766	37	3	0	49	9.20302e-05	32598	0.656243	FALSE	NA	NA	NA	NA	NA	NA
NC_045512.2	29535	C	A	32593	1766	37	2	0	31	6.13535e-05	32598	1	FALSE	NA	NA	NA	NA	NA	NA
NC_045512.2	29536	T	G	32796	1710	37	1	0	25	3.04841e-05	32804	1	FALSE	NA	NA	NA	NA	NA	NA
NC_045512.2	29536	T	C	32796	1710	37	3	0	37	9.14523e-05	32804	1	FALSE	NA	NA	NA	NA	NA	NA
NC_045512.2	29536	T	A	32796	1710	37	4	0	28	0.000121936	32804	1	FALSE	NA	NA	NA	NA	NA	NA
NC_045512.2	29537	C	T	33902	1976	38	2	0	37	5.89727e-05	33914	1	FALSE	NA	NA	NA	NA	NA	NA
NC_045512.2	29537	C	G	33902	1976	38	4	1	37	0.000117945	33914	1	FALSE	NA	NA	NA	NA	NA	NA
NC_045512.2	29537	C	A	33902	1976	38	6	0	33	0.000176918	33914	0.999999	FALSE	NA	NA	NA	NA	NA	NA
NC_045512.2	29538	A	T	33947	1897	37	1	0	25	2.94507e-05	33955	1	FALSE	NA	NA	NA	NA	NA	NA
NC_045512.2	29538	A	G	33947	1897	37	4	0	37	0.000117803	33955	1	FALSE	NA	NA	NA	NA	NA	NA
NC_045512.2	29538	A	C	33947	1897	37	3	1	33	8.83522e-05	33955	1	FALSE	NA	NA	NA	NA	NA	NA
NC_045512.2	29539	T	G	34218	1940	37	2	0	37	5.84266e-05	34231	1	FALSE	NA	NA	NA	NA	NA	NA
NC_045512.2	29539	T	C	34218	1940	37	8	1	33	0.000233706	34231	0.999992	FALSE	NA	NA	NA	NA	NA	NA
NC_045512.2	29539	T	A	34218	1940	37	3	0	29	8.76399e-05	34231	1	FALSE	NA	NA	NA	NA	NA	NA
NC_045512.2	29540	G	T	34397	2171	38	2	0	31	5.80939e-05	34427	1	FALSE	NA	NA	NA	NA	NA	NA
NC_045512.2	29540	G	A	34397	2171	38	28	0	37	0.000813315	34427	0.813001	FALSE	NA	NA	NA	NA	NA	NA
NC_045512.2	29541	C	T	34392	2214	38	71	2	37	0.00206	34466	0.000193172	TRUE	NA	NA	NA	NA	NA	NA
NC_045512.2	29541	C	G	34392	2214	38	1	1	37	2.90141e-05	34466	1	FALSE	NA	NA	NA	NA	NA	NA
NC_045512.2	29541	C	A	34392	2214	38	2	0	37	5.80282e-05	34466	1	FALSE	NA	NA	NA	NA	NA	NA
NC_045512.2	29542	A	T	34477	2582	38	3	0	49	8.69616e-05	34498	0.656026	FALSE	NA	NA	NA	NA	NA	NA
NC_045512.2	29542	A	G	34477	2582	38	11	3	39	0.000318859	34498	0.999877	FALSE	NA	NA	NA	NA	NA	NA
NC_045512.2	29542	A	C	34477	2582	38	7	0	30	0.00020291	34498	0.999998	FALSE	NA	NA	NA	NA	NA	NA
NC_045512.2	29543	G	T	35500	2619	38	2	0	25	5.63301e-05	35505	1	FALSE	NA	NA	NA	NA	NA	NA
NC_045512.2	29543	G	A	35500	2619	38	3	0	37	8.44951e-05	35505	1	FALSE	NA	NA	NA	NA	NA	NA
NC_045512.2	29543	G	-A	35500	2619	38	3	0	20	8.44951e-05	35505	1	FALSE	NA	NA	NA	NA	NA	NA
NC_045512.2	29544	A	T	35968	2617	38	2	0	31	5.55973e-05	35973	1	FALSE	NA	NA	NA	NA	NA	NA
NC_045512.2	29544	A	G	35968	2617	38	3	0	29	8.33959e-05	35973	1	FALSE	NA	NA	NA	NA	NA	NA
NC_045512.2	29545	C	T	36557	2627	38	6	0	37	0.000164091	36565	1	FALSE	NA	NA	NA	NA	NA	NA
NC_045512.2	29545	C	A	36557	2627	38	2	0	37	5.46971e-05	36565	1	FALSE	NA	NA	NA	NA	NA	NA
NC_045512.2	29546	C	T	36428	2703	38	2	0	37	5.48908e-05	36436	1	FALSE	NA	NA	NA	NA	NA	NA
NC_045512.2	29546	C	G	36428	2703	38	2	2	37	5.48908e-05	36436	1	FALSE	NA	NA	NA	NA	NA	NA
NC_045512.2	29546	C	A	36428	2703	38	4	0	34	0.000109782	36436	1	FALSE	NA	NA	NA	NA	NA	NA
NC_045512.2	29546	C	+G	36428	2703	38	1	0	20	2.74454e-05	36436	1	FALSE	NA	NA	NA	NA	NA	NA
NC_045512.2	29547	A	T	39876	2997	38	2	0	37	5.01354e-05	39892	1	FALSE	NA	NA	NA	NA	NA	NA
NC_045512.2	29547	A	G	39876	2997	38	11	1	39	0.000275745	39892	0.999988	FALSE	NA	NA	NA	NA	NA	NA
NC_045512.2	29547	A	C	39876	2997	38	3	0	25	7.5203e-05	39892	1	FALSE	NA	NA	NA	NA	NA	NA
NC_045512.2	29548	C	T	41328	3083	39	8	1	37	0.000193527	41338	1	FALSE	NA	NA	NA	NA	NA	NA
NC_045512.2	29548	C	A	41328	3083	39	2	0	37	4.83816e-05	41338	1	FALSE	NA	NA	NA	NA	NA	NA
NC_045512.2	29549	A	T	41422	2984	38	2	0	37	4.82695e-05	41434	1	FALSE	NA	NA	NA	NA	NA	NA
NC_045512.2	29549	A	G	41422	2984	38	9	2	38	0.000217213	41434	0.999999	FALSE	NA	NA	NA	NA	NA	NA
NC_045512.2	29549	A	C	41422	2984	38	1	1	37	2.41348e-05	41434	1	FALSE	NA	NA	NA	NA	NA	NA
NC_045512.2	29550	C	T	41704	3168	39	8	2	44	0.000191782	41714	0.193819	FALSE	NA	NA	NA	NA	NA	NA
NC_045512.2	29550	C	G	41704	3168	39	2	0	37	4.79455e-05	41714	1	FALSE	NA	NA	NA	NA	NA	NA
NC_045512.2	29550	C	-A	41704	3168	39	2	0	20	4.79455e-05	41714	1	FALSE	NA	NA	NA	NA	NA	NA
NC_045512.2	29551	A	G	40676	3045	38	10	1	35	0.000245736	40694	0.999997	FALSE	NA	NA	NA	NA	NA	NA
NC_045512.2	29551	A	C	40676	3045	38	8	4	27	0.000196589	40694	1	FALSE	NA	NA	NA	NA	NA	NA
NC_045512.2	29551	A	+G	40676	3045	38	2	0	20	4.91449e-05	40696	1	FALSE	NA	NA	NA	NA	NA	NA
NC_045512.2	29552	A	T	42020	3228	38	2	0	37	4.75726e-05	42041	1	FALSE	NA	NA	NA	NA	NA	NA
NC_045512.2	29552	A	G	42020	3228	38	8	2	41	0.00019029	42041	0.193692	FALSE	NA	NA	NA	NA	NA	NA
NC_045512.2	29552	A	C	42020	3228	38	11	7	30	0.000261649	42041	0.999997	FALSE	NA	NA	NA	NA	NA	NA
NC_045512.2	29553	G	T	42354	3388	38	5	1	42	0.000118022	42365	0.499927	FALSE	NA	NA	NA	NA	NA	NA
NC_045512.2	29553	G	C	42354	3388	38	1	0	37	2.36044e-05	42365	1	FALSE	NA	NA	NA	NA	NA	NA
NC_045512.2	29553	G	A	42354	3388	38	5	1	42	0.000118022	42365	0.499927	FALSE	NA	NA	NA	NA	NA	NA
NC_045512.2	29554	G	T	43892	3513	38	6	1	34	0.000136553	43939	1	FALSE	NA	NA	NA	NA	NA	NA
NC_045512.2	29554	G	C	43892	3513	38	1	0	37	2.27588e-05	43939	1	FALSE	NA	NA	NA	NA	NA	NA
NC_045512.2	29554	G	A	43892	3513	38	40	7	38	0.000910353	43939	0.669407	FALSE	NA	NA	NA	NA	NA	NA
NC_045512.2	29555	C	T	44274	3625	39	39	6	40	0.000880004	44318	1.54116e-08	TRUE	NA	NA	NA	NA	NA	NA
NC_045512.2	29555	C	G	44274	3625	39	2	0	37	4.51284e-05	44318	1	FALSE	NA	NA	NA	NA	NA	NA
NC_045512.2	29555	C	A	44274	3625	39	3	0	30	6.76926e-05	44318	1	FALSE	NA	NA	NA	NA	NA	NA
NC_045512.2	29556	A	T	43471	3728	38	1	0	37	2.29954e-05	43487	1	FALSE	NA	NA	NA	NA	NA	NA
NC_045512.2	29556	A	G	43471	3728	38	10	1	43	0.000229954	43487	0.08973	FALSE	NA	NA	NA	NA	NA	NA
NC_045512.2	29556	A	C	43471	3728	38	5	1	29	0.000114977	43487	1	FALSE	NA	NA	NA	NA	NA	NA
NC_045512.2	29557	G	T	44523	3726	39	1	0	37	2.24593e-05	44525	1	FALSE	NA	NA	NA	NA	NA	NA
NC_045512.2	29557	G	A	44523	3726	39	1	0	25	2.24593e-05	44525	1	FALSE	NA	NA	NA	NA	NA	NA
NC_045512.2	29558	A	T	42921	3721	38	6	0	31	0.00013973	42940	1	FALSE	ORF10:cds-YP_009725255.1	ATG	M	TTG	L	1
NC_045512.2	29558	A	G	42921	3721	38	10	1	40	0.000232883	42940	0.089708	FALSE	ORF10:cds-YP_009725255.1	ATG	M	GTG	V	1
NC_045512.2	29558	A	C	42921	3721	38	3	1	29	6.98649e-05	42940	1	FALSE	ORF10:cds-YP_009725255.1	ATG	M	CTG	L	1
NC_045512.2	29559	T	G	42721	3866	38	11	3	26	0.000257358	42742	1	FALSE	ORF10:cds-YP_009725255.1	ATG	M	AGG	R	1
NC_045512.2	29559	T	C	42721	3866	38	9	0	38	0.000210566	42742	1	FALSE	ORF10:cds-YP_009725255.1	ATG	M	ACG	T	1
NC_045512.2	29559	T	A	42721	3866	38	1	0	37	2.33962e-05	42742	1	FALSE	ORF10:cds-YP_009725255.1	ATG	M	AAG	K	1
NC_045512.2	29559	T	-G	42721	3866	38	1	0	20	2.33962e-05	42742	1	FALSE	NA	NA	NA	NA	NA	NA
NC_045512.2	29560	G	T	45046	3876	39	4	0	31	8.87843e-05	45053	1	FALSE	ORF10:cds-YP_009725255.1	ATG	M	ATT	I	1
NC_045512.2	29560	G	A	45046	3876	39	3	0	37	6.65882e-05	45053	1	FALSE	ORF10:cds-YP_009725255.1	ATG	M	ATA	I	1
NC_045512.2	29561	G	T	45241	3941	39	6	0	33	0.000132597	45250	1	FALSE	ORF10:cds-YP_009725255.1	GGC	G	TGC	C	2
NC_045512.2	29561	G	C	45241	3941	39	1	0	37	2.20994e-05	45250	1	FALSE	ORF10:cds-YP_009725255.1	GGC	G	CGC	R	2
NC_045512.2	29561	G	A	45241	3941	39	2	0	37	4.41989e-05	45250	1	FALSE	ORF10:cds-YP_009725255.1	GGC	G	AGC	S	2
NC_045512.2	29562	G	T	45325	3945	39	1	0	37	2.20507e-05	45350	1	FALSE	ORF10:cds-YP_009725255.1	GGC	G	GTC	V	2
NC_045512.2	29562	G	C	45325	3945	39	1	0	37	2.20507e-05	45350	1	FALSE	ORF10:cds-YP_009725255.1	GGC	G	GCC	A	2
NC_045512.2	29562	G	A	45325	3945	39	23	1	37	0.000507166	45350	0.997556	FALSE	ORF10:cds-YP_009725255.1	GGC	G	GAC	D	2
NC_045512.2	29563	C	T	44733	3830	38	13	1	39	0.000290529	44746	0.999993	FALSE	ORF10:cds-YP_009725255.1	GGC	G	GGT	G	2
NC_045512.2	29564	T	G	44466	3973	39	5	0	25	0.000112385	44490	1	FALSE	ORF10:cds-YP_009725255.1	TAT	Y	GAT	D	3
NC_045512.2	29564	T	C	44466	3973	39	16	4	41	0.000359631	44490	0.00589859	TRUE	ORF10:cds-YP_009725255.1	TAT	Y	CAT	H	3
NC_045512.2	29564	T	A	44466	3973	39	3	1	37	6.74309e-05	44490	1	FALSE	ORF10:cds-YP_009725255.1	TAT	Y	AAT	N	3
NC_045512.2	29565	A	T	49102	4035	38	2	0	37	4.07083e-05	49130	1	FALSE	ORF10:cds-YP_009725255.1	TAT	Y	TTT	F	3
NC_045512.2	29565	A	G	49102	4035	38	11	4	37	0.000223896	49130	1	FALSE	ORF10:cds-YP_009725255.1	TAT	Y	TGT	C	3
NC_045512.2	29565	A	C	49102	4035	38	15	0	27	0.000305312	49130	1	FALSE	ORF10:cds-YP_009725255.1	TAT	Y	TCT	S	3
NC_045512.2	29566	T	G	51399	4277	39	4	0	25	7.78119e-05	51406	1	FALSE	ORF10:cds-YP_009725255.1	TAT	Y	TAG	*	3
NC_045512.2	29566	T	C	51399	4277	39	1	0	25	1.9453e-05	51406	1	FALSE	ORF10:cds-YP_009725255.1	TAT	Y	TAC	Y	3
NC_045512.2	29566	T	A	51399	4277	39	2	0	25	3.8906e-05	51406	1	FALSE	ORF10:cds-YP_009725255.1	TAT	Y	TAA	*	3
NC_045512.2	29567	A	T	52400	4401	39	4	1	43	7.63155e-05	52414	0.746019	FALSE	ORF10:cds-YP_009725255.1	ATA	I	TTA	L	4
NC_045512.2	29567	A	G	52400	4401	39	4	0	52	7.63155e-05	52414	0.062475	FALSE	ORF10:cds-YP_009725255.1	ATA	I	GTA	V	4
NC_045512.2	29567	A	C	52400	4401	39	6	0	29	0.000114473	52414	1	FALSE	ORF10:cds-YP_009725255.1	ATA	I	CTA	L	4
NC_045512.2	29568	T	C	52828	4395	39	4	0	34	7.57117e-05	52832	1	FALSE	ORF10:cds-YP_009725255.1	ATA	I	ACA	T	4
NC_045512.2	29568	T	-A	52828	4395	39	2	0	20	3.78558e-05	52832	1	FALSE	NA	NA	NA	NA	NA	NA
NC_045512.2	29569	A	G	52011	4411	39	4	0	37	7.68876e-05	52024	1	FALSE	ORF10:cds-YP_009725255.1	ATA	I	ATG	M	4
NC_045512.2	29569	A	C	52011	4411	39	9	0	30	0.000172997	52024	1	FALSE	ORF10:cds-YP_009725255.1	ATA	I	ATC	I	4
NC_045512.2	29570	A	G	51475	4288	38	2	0	25	3.88448e-05	51487	1	FALSE	ORF10:cds-YP_009725255.1	AAC	N	GAC	D	5
NC_045512.2	29570	A	C	51475	4288	38	10	2	26	0.000194224	51487	1	FALSE	ORF10:cds-YP_009725255.1	AAC	N	CAC	H	5
NC_045512.2	29571	A	T	50775	4274	38	6	0	24	0.000118147	50784	1	FALSE	ORF10:cds-YP_009725255.1	AAC	N	ATC	I	5
NC_045512.2	29571	A	G	50775	4274	38	2	0	25	3.93825e-05	50784	1	FALSE	ORF10:cds-YP_009725255.1	AAC	N	AGC	S	5
NC_045512.2	29571	A	C	50775	4274	38	1	1	29	1.96912e-05	50784	1	FALSE	ORF10:cds-YP_009725255.1	AAC	N	ACC	T	5
NC_045512.2	29572	C	T	52926	4487	39	9	1	39	0.000170004	52940	1	FALSE	ORF10:cds-YP_009725255.1	AAC	N	AAT	N	5
NC_045512.2	29572	C	A	52926	4487	39	5	0	34	9.44465e-05	52940	1	FALSE	ORF10:cds-YP_009725255.1	AAC	N	AAA	K	5
NC_045512.2	29573	G	T	53049	4464	39	3	0	28	5.6527e-05	53072	1	FALSE	ORF10:cds-YP_009725255.1	GTT	V	TTT	F	6
NC_045512.2	29573	G	A	53049	4464	39	20	0	35	0.000376847	53072	0.999975	FALSE	ORF10:cds-YP_009725255.1	GTT	V	ATT	I	6
NC_045512.2	29573	G	-T	53049	4464	39	3	0	20	5.6527e-05	53072	1	FALSE	NA	NA	NA	NA	NA	NA
NC_045512.2	29574	T	G	51731	4323	38	4	1	28	7.73096e-05	51740	1	FALSE	ORF10:cds-YP_009725255.1	GTT	V	GGT	G	6
NC_045512.2	29574	T	C	51731	4323	38	4	0	34	7.73096e-05	51740	1	FALSE	ORF10:cds-YP_009725255.1	GTT	V	GCT	A	6
NC_045512.2	29574	T	A	51731	4323	38	1	0	37	1.93274e-05	51740	1	FALSE	ORF10:cds-YP_009725255.1	GTT	V	GAT	D	6
NC_045512.2	29575	T	G	51475	4389	38	9	0	25	0.000174784	51492	1	FALSE	ORF10:cds-YP_009725255.1	GTT	V	GTG	V	6
NC_045512.2	29575	T	C	51475	4389	38	5	1	39	9.71025e-05	51492	1	FALSE	ORF10:cds-YP_009725255.1	GTT	V	GTC	V	6
NC_045512.2	29575	T	A	51475	4389	38	3	1	45	5.82615e-05	51492	0.855395	FALSE	ORF10:cds-YP_009725255.1	GTT	V	GTA	V	6
NC_045512.2	29576	T	G	52004	4418	38	3	1	29	5.76723e-05	52018	1	FALSE	ORF10:cds-YP_009725255.1	TTC	F	GTC	V	7
NC_045512.2	29576	T	C	52004	4418	38	9	1	32	0.000173017	52018	1	FALSE	ORF10:cds-YP_009725255.1	TTC	F	CTC	L	7
NC_045512.2	29576	T	A	52004	4418	38	2	0	55	3.84482e-05	52018	0.249945	FALSE	ORF10:cds-YP_009725255.1	TTC	F	ATC	I	7
NC_045512.2	29577	T	C	53007	4535	39	3	1	29	5.6591e-05	53012	1	FALSE	ORF10:cds-YP_009725255.1	TTC	F	TCC	S	7
NC_045512.2	29577	T	A	53007	4535	39	2	0	31	3.77273e-05	53012	1	FALSE	ORF10:cds-YP_009725255.1	TTC	F	TAC	Y	7
NC_045512.2	29578	C	T	52417	4623	39	16	0	37	0.000305116	52439	0.999998	FALSE	ORF10:cds-YP_009725255.1	TTC	F	TTT	F	7
NC_045512.2	29578	C	A	52417	4623	39	6	0	33	0.000114419	52439	1	FALSE	ORF10:cds-YP_009725255.1	TTC	F	TTA	L	7
NC_045512.2	29579	G	C	52382	4631	39	2	0	37	3.81556e-05	52417	1	FALSE	ORF10:cds-YP_009725255.1	GCT	A	CCT	P	8
NC_045512.2	29579	G	A	52382	4631	39	33	2	37	0.000629567	52417	0.985301	FALSE	ORF10:cds-YP_009725255.1	GCT	A	ACT	T	8
NC_045512.2	29580	C	T	51679	4753	38	10	1	37	0.000193446	51694	1	FALSE	ORF10:cds-YP_009725255.1	GCT	A	GTT	V	8
NC_045512.2	29580	C	A	51679	4753	38	5	1	30	9.6723e-05	51694	1	FALSE	ORF10:cds-YP_009725255.1	GCT	A	GAT	D	8
NC_045512.2	29580	C	-T	51679	4753	38	31	0	20	0.000599683	51694	1	FALSE	NA	NA	NA	NA	NA	NA
NC_045512.2	29580	C	+T	51679	4753	38	1	0	20	1.93446e-05	51694	1	FALSE	NA	NA	NA	NA	NA	NA
NC_045512.2	29581	T	G	51296	4783	38	5	0	29	9.74089e-05	51330	1	FALSE	ORF10:cds-YP_009725255.1	GCT	A	GCG	A	8
NC_045512.2	29581	T	C	51296	4783	38	17	0	36	0.00033119	51330	0.999993	FALSE	ORF10:cds-YP_009725255.1	GCT	A	GCC	A	8
NC_045512.2	29581	T	A	51296	4783	38	12	1	46	0.000233781	51330	0.071423	FALSE	ORF10:cds-YP_009725255.1	GCT	A	GCA	A	8
NC_045512.2	29582	T	C	51540	4893	39	7	1	37	0.00013579	51550	1	FALSE	ORF10:cds-YP_009725255.1	TTT	F	CTT	L	9
NC_045512.2	29582	T	A	51540	4893	39	3	0	33	5.81959e-05	51550	1	FALSE	ORF10:cds-YP_009725255.1	TTT	F	ATT	I	9
NC_045512.2	29583	T	G	50574	5035	38	3	0	29	5.93085e-05	50583	1	FALSE	ORF10:cds-YP_009725255.1	TTT	F	TGT	C	9
NC_045512.2	29583	T	C	50574	5035	38	6	1	43	0.000118617	50583	0.499973	FALSE	ORF10:cds-YP_009725255.1	TTT	F	TCT	S	9
NC_045512.2	29584	T	C	51540	5104	39	11	0	34	0.00021336	51556	1	FALSE	ORF10:cds-YP_009725255.1	TTT	F	TTC	F	9
NC_045512.2	29584	T	A	51540	5104	39	5	1	34	9.69819e-05	51556	1	FALSE	ORF10:cds-YP_009725255.1	TTT	F	TTA	L	9
NC_045512.2	29585	C	T	51024	5082	38	7	0	35	0.000137166	51033	1	FALSE	ORF10:cds-YP_009725255.1	CCG	P	TCG	S	10
NC_045512.2	29585	C	A	51024	5082	38	2	0	25	3.91903e-05	51033	1	FALSE	ORF10:cds-YP_009725255.1	CCG	P	ACG	T	10
NC_045512.2	29586	C	T	51486	6742	40	6	1	43	0.000116518	51494	0.499987	FALSE	ORF10:cds-YP_009725255.1	CCG	P	CTG	L	10
NC_045512.2	29586	C	A	51486	6742	40	2	1	37	3.88395e-05	51494	1	FALSE	ORF10:cds-YP_009725255.1	CCG	P	CAG	Q	10
NC_045512.2	29587	G	T	52230	6973	40	2	1	28	3.82599e-05	52274	1	FALSE	ORF10:cds-YP_009725255.1	CCG	P	CCT	P	10
NC_045512.2	29587	G	A	52230	6973	40	42	6	42	0.000803459	52274	1.22069e-08	TRUE	ORF10:cds-YP_009725255.1	CCG	P	CCA	P	10
NC_045512.2	29587	G	-T	52230	6973	40	10	0	20	0.0001913	52274	1	FALSE	NA	NA	NA	NA	NA	NA
NC_045512.2	29588	T	G	49760	6972	39	20	0	28	0.000401744	49783	1	FALSE	ORF10:cds-YP_009725255.1	TTT	F	GTT	V	11
NC_045512.2	29588	T	C	49760	6972	39	2	0	37	4.01744e-05	49783	1	FALSE	ORF10:cds-YP_009725255.1	TTT	F	CTT	L	11
NC_045512.2	29588	T	A	49760	6972	39	1	1	29	2.00872e-05	49783	1	FALSE	ORF10:cds-YP_009725255.1	TTT	F	ATT	I	11
NC_045512.2	29589	T	G	50472	7028	39	12	1	25	0.000237671	50490	1	FALSE	ORF10:cds-YP_009725255.1	TTT	F	TGT	C	11
NC_045512.2	29589	T	C	50472	7028	39	3	0	37	5.94177e-05	50490	1	FALSE	ORF10:cds-YP_009725255.1	TTT	F	TCT	S	11
NC_045512.2	29589	T	A	50472	7028	39	3	0	37	5.94177e-05	50490	1	FALSE	ORF10:cds-YP_009725255.1	TTT	F	TAT	Y	11
NC_045512.2	29590	T	C	50186	7428	39	3	2	40	5.97717e-05	50191	0.855472	FALSE	ORF10:cds-YP_009725255.1	TTT	F	TTC	F	11
NC_045512.2	29590	T	A	50186	7428	39	2	0	25	3.98478e-05	50191	1	FALSE	ORF10:cds-YP_009725255.1	TTT	F	TTA	L	11
NC_045512.2	29591	A	T	50635	7529	39	1	0	25	1.97465e-05	50642	1	FALSE	ORF10:cds-YP_009725255.1	ACG	T	TCG	S	12
NC_045512.2	29591	A	G	50635	7529	39	2	0	25	3.94929e-05	50642	1	FALSE	ORF10:cds-YP_009725255.1	ACG	T	GCG	A	12
NC_045512.2	29591	A	C	50635	7529	39	4	0	35	7.89858e-05	50642	1	FALSE	ORF10:cds-YP_009725255.1	ACG	T	CCG	P	12
NC_045512.2	29592	C	T	50284	7495	39	23	4	39	0.000457166	50310	0.999545	FALSE	ORF10:cds-YP_009725255.1	ACG	T	ATG	M	12
NC_045512.2	29592	C	A	50284	7495	39	3	0	27	5.96303e-05	50310	1	FALSE	ORF10:cds-YP_009725255.1	ACG	T	AAG	K	12
NC_045512.2	29593	G	T	50664	7489	39	4	0	32	7.89297e-05	50678	1	FALSE	ORF10:cds-YP_009725255.1	ACG	T	ACT	T	12
NC_045512.2	29593	G	A	50664	7489	39	10	1	39	0.000197324	50678	1	FALSE	ORF10:cds-YP_009725255.1	ACG	T	ACA	T	12
NC_045512.2	29594	A	T	50836	7633	39	3	1	25	5.90017e-05	50846	1	FALSE	ORF10:cds-YP_009725255.1	ATA	I	TTA	L	13
NC_045512.2	29594	A	G	50836	7633	39	5	1	34	9.83362e-05	50846	1	FALSE	ORF10:cds-YP_009725255.1	ATA	I	GTA	V	13
NC_045512.2	29594	A	C	50836	7633	39	2	0	31	3.93345e-05	50846	1	FALSE	ORF10:cds-YP_009725255.1	ATA	I	CTA	L	13
NC_045512.2	29595	T	G	49661	7684	39	28	0	29	0.000563448	49694	1	FALSE	ORF10:cds-YP_009725255.1	ATA	I	AGA	R	13
NC_045512.2	29595	T	C	49661	7684	39	3	2	49	6.03695e-05	49694	0.773206	FALSE	ORF10:cds-YP_009725255.1	ATA	I	ACA	T	13
NC_045512.2	29595	T	A	49661	7684	39	2	0	31	4.02463e-05	49694	1	FALSE	ORF10:cds-YP_009725255.1	ATA	I	AAA	K	13
NC_045512.2	29596	A	T	52581	9517	40	1	1	29	1.90107e-05	52602	1	FALSE	ORF10:cds-YP_009725255.1	ATA	I	ATT	I	13
NC_045512.2	29596	A	G	52581	9517	40	4	1	43	7.60427e-05	52602	0.745953	FALSE	ORF10:cds-YP_009725255.1	ATA	I	ATG	M	13
NC_045512.2	29596	A	C	52581	9517	40	16	1	26	0.000304171	52602	1	FALSE	ORF10:cds-YP_009725255.1	ATA	I	ATC	I	13
NC_045512.2	29597	T	G	53394	9765	40	12	5	29	0.000224652	53416	1	FALSE	ORF10:cds-YP_009725255.1	TAT	Y	GAT	D	14
NC_045512.2	29597	T	C	53394	9765	40	9	1	37	0.000168489	53416	1	FALSE	ORF10:cds-YP_009725255.1	TAT	Y	CAT	H	14
NC_045512.2	29597	T	A	53394	9765	40	1	0	25	1.8721e-05	53416	1	FALSE	ORF10:cds-YP_009725255.1	TAT	Y	AAT	N	14
NC_045512.2	29598	A	T	54528	10747	40	1	1	25	1.83328e-05	54547	1	FALSE	ORF10:cds-YP_009725255.1	TAT	Y	TTT	F	14
NC_045512.2	29598	A	G	54528	10747	40	9	3	43	0.000164995	54547	0.211869	FALSE	ORF10:cds-YP_009725255.1	TAT	Y	TGT	C	14
NC_045512.2	29598	A	C	54528	10747	40	9	0	26	0.000164995	54547	1	FALSE	ORF10:cds-YP_009725255.1	TAT	Y	TCT	S	14
NC_045512.2	29598	A	-T	54528	10747	40	2	0	20	3.66656e-05	54547	1	FALSE	NA	NA	NA	NA	NA	NA
NC_045512.2	29599	T	G	54799	10837	41	9	4	28	0.00016418	54818	1	FALSE	ORF10:cds-YP_009725255.1	TAT	Y	TAG	*	14
NC_045512.2	29599	T	C	54799	10837	41	7	3	45	0.000127695	54818	0.38704	FALSE	ORF10:cds-YP_009725255.1	TAT	Y	TAC	Y	14
NC_045512.2	29599	T	A	54799	10837	41	3	1	29	5.47265e-05	54818	1	FALSE	ORF10:cds-YP_009725255.1	TAT	Y	TAA	*	14
NC_045512.2	29600	A	T	55207	10904	41	1	0	37	1.81077e-05	55225	1	FALSE	ORF10:cds-YP_009725255.1	AGT	S	TGT	C	15
NC_045512.2	29600	A	G	55207	10904	41	10	2	37	0.000181077	55225	1	FALSE	ORF10:cds-YP_009725255.1	AGT	S	GGT	G	15
NC_045512.2	29600	A	C	55207	10904	41	7	1	31	0.000126754	55225	1	FALSE	ORF10:cds-YP_009725255.1	AGT	S	CGT	R	15
NC_045512.2	29601	G	T	59902	11354	40	2	1	37	3.33868e-05	59904	1	FALSE	ORF10:cds-YP_009725255.1	AGT	S	ATT	I	15
NC_045512.2	29602	T	G	55745	12278	39	4	1	25	7.1736e-05	55760	1	FALSE	ORF10:cds-YP_009725255.1	AGT	S	AGG	R	15
NC_045512.2	29602	T	C	55745	12278	39	7	2	44	0.000125538	55760	0.387116	FALSE	ORF10:cds-YP_009725255.1	AGT	S	AGC	S	15
NC_045512.2	29602	T	A	55745	12278	39	4	1	39	7.1736e-05	55760	1	FALSE	ORF10:cds-YP_009725255.1	AGT	S	AGA	R	15
NC_045512.2	29603	C	T	57366	13932	40	2	1	37	3.48608e-05	57371	1	FALSE	ORF10:cds-YP_009725255.1	CTA	L	TTA	L	16
NC_045512.2	29603	C	A	57366	13932	40	3	0	33	5.22912e-05	57371	1	FALSE	ORF10:cds-YP_009725255.1	CTA	L	ATA	I	16
NC_045512.2	29604	T	G	58433	14758	40	3	3	26	5.13277e-05	58448	1	FALSE	ORF10:cds-YP_009725255.1	CTA	L	CGA	R	16
NC_045512.2	29604	T	C	58433	14758	40	10	3	32	0.000171092	58448	1	FALSE	ORF10:cds-YP_009725255.1	CTA	L	CCA	P	16
NC_045512.2	29604	T	A	58433	14758	40	2	0	37	3.42185e-05	58448	1	FALSE	ORF10:cds-YP_009725255.1	CTA	L	CAA	Q	16
NC_045512.2	29604	T	-A	58433	14758	40	1	0	20	1.71092e-05	58448	1	FALSE	NA	NA	NA	NA	NA	NA
NC_045512.2	29605	A	G	58023	14847	40	4	1	37	6.89251e-05	58034	1	FALSE	ORF10:cds-YP_009725255.1	CTA	L	CTG	L	16
NC_045512.2	29605	A	C	58023	14847	40	7	1	27	0.000120619	58034	1	FALSE	ORF10:cds-YP_009725255.1	CTA	L	CTC	L	16
NC_045512.2	29606	C	T	59688	14999	40	25	9	40	0.00041862	59720	0.000162027	TRUE	ORF10:cds-YP_009725255.1	CTC	L	TTC	F	17
NC_045512.2	29606	C	G	59688	14999	40	5	2	37	8.3724e-05	59720	1	FALSE	ORF10:cds-YP_009725255.1	CTC	L	GTC	V	17
NC_045512.2	29606	C	A	59688	14999	40	2	1	31	3.34896e-05	59720	1	FALSE	ORF10:cds-YP_009725255.1	CTC	L	ATC	I	17
NC_045512.2	29607	T	G	59594	14958	40	3	1	27	5.03288e-05	59608	1	FALSE	ORF10:cds-YP_009725255.1	CTC	L	CGC	R	17
NC_045512.2	29607	T	C	59594	14958	40	10	3	36	0.000167763	59608	1	FALSE	ORF10:cds-YP_009725255.1	CTC	L	CCC	P	17
NC_045512.2	29607	T	A	59594	14958	40	1	0	25	1.67763e-05	59608	1	FALSE	ORF10:cds-YP_009725255.1	CTC	L	CAC	H	17
NC_045512.2	29608	C	T	60680	14888	40	4	2	37	6.59098e-05	60689	1	FALSE	ORF10:cds-YP_009725255.1	CTC	L	CTT	L	17
NC_045512.2	29608	C	A	60680	14888	40	5	2	32	8.23873e-05	60689	1	FALSE	ORF10:cds-YP_009725255.1	CTC	L	CTA	L	17
NC_045512.2	29609	T	G	59370	14967	40	15	5	27	0.000252555	59393	1	FALSE	ORF10:cds-YP_009725255.1	TTG	L	GTG	V	18
NC_045512.2	29609	T	C	59370	14967	40	5	2	37	8.4185e-05	59393	1	FALSE	ORF10:cds-YP_009725255.1	TTG	L	CTG	L	18
NC_045512.2	29609	T	A	59370	14967	40	3	0	33	5.0511e-05	59393	1	FALSE	ORF10:cds-YP_009725255.1	TTG	L	ATG	M	18
NC_045512.2	29610	T	G	59256	14555	40	8	0	25	0.000134966	59274	1	FALSE	ORF10:cds-YP_009725255.1	TTG	L	TGG	W	18
NC_045512.2	29610	T	C	59256	14555	40	4	0	34	6.74832e-05	59274	1	FALSE	ORF10:cds-YP_009725255.1	TTG	L	TCG	S	18
NC_045512.2	29610	T	A	59256	14555	40	6	1	33	0.000101225	59274	1	FALSE	ORF10:cds-YP_009725255.1	TTG	L	TAG	*	18
NC_045512.2	29611	G	T	60219	14520	40	2	0	31	3.32082e-05	60226	1	FALSE	ORF10:cds-YP_009725255.1	TTG	L	TTT	F	18
NC_045512.2	29611	G	A	60219	14520	40	5	0	47	8.30206e-05	60226	0.725586	FALSE	ORF10:cds-YP_009725255.1	TTG	L	TTA	L	18
NC_045512.2	29612	T	G	59474	14676	40	1	1	25	1.68104e-05	59487	1	FALSE	ORF10:cds-YP_009725255.1	TGC	C	GGC	G	19
NC_045512.2	29612	T	C	59474	14676	40	5	0	42	8.4052e-05	59487	0.62298	FALSE	ORF10:cds-YP_009725255.1	TGC	C	CGC	R	19
NC_045512.2	29612	T	A	59474	14676	40	7	0	26	0.000117673	59487	1	FALSE	ORF10:cds-YP_009725255.1	TGC	C	AGC	S	19
NC_045512.2	29613	G	T	59225	14801	40	6	2	33	0.000101228	59272	1	FALSE	ORF10:cds-YP_009725255.1	TGC	C	TTC	F	19
NC_045512.2	29613	G	C	59225	14801	40	1	0	25	1.68714e-05	59272	1	FALSE	ORF10:cds-YP_009725255.1	TGC	C	TCC	S	19
NC_045512.2	29613	G	A	59225	14801	40	40	7	41	0.000674855	59272	3.91232e-08	TRUE	ORF10:cds-YP_009725255.1	TGC	C	TAC	Y	19
NC_045512.2	29614	C	T	59129	15001	40	62	17	41	0.00104712	59210	6.94168e-14	TRUE	ORF10:cds-YP_009725255.1	TGC	C	TGT	C	19
NC_045512.2	29614	C	G	59129	15001	40	2	0	37	3.37781e-05	59210	1	FALSE	ORF10:cds-YP_009725255.1	TGC	C	TGG	W	19
NC_045512.2	29614	C	A	59129	15001	40	17	4	44	0.000287114	59210	0.00838869	TRUE	ORF10:cds-YP_009725255.1	TGC	C	TGA	*	19
NC_045512.2	29615	A	T	59005	14865	40	1	0	25	1.69443e-05	59017	1	FALSE	ORF10:cds-YP_009725255.1	AGA	R	TGA	*	20
NC_045512.2	29615	A	G	59005	14865	40	9	3	37	0.000152498	59017	1	FALSE	ORF10:cds-YP_009725255.1	AGA	R	GGA	G	20
NC_045512.2	29615	A	C	59005	14865	40	2	0	37	3.38885e-05	59017	1	FALSE	ORF10:cds-YP_009725255.1	AGA	R	CGA	R	20
NC_045512.2	29616	G	T	59305	14864	40	5	1	28	8.42971e-05	59314	1	FALSE	ORF10:cds-YP_009725255.1	AGA	R	ATA	I	20
NC_045512.2	29616	G	C	59305	14864	40	1	0	37	1.68594e-05	59314	1	FALSE	ORF10:cds-YP_009725255.1	AGA	R	ACA	T	20
NC_045512.2	29616	G	A	59305	14864	40	3	0	37	5.05783e-05	59314	1	FALSE	ORF10:cds-YP_009725255.1	AGA	R	AAA	K	20
NC_045512.2	29617	A	T	58917	14923	40	1	1	74	1.69707e-05	58925	0.499975	FALSE	ORF10:cds-YP_009725255.1	AGA	R	AGT	S	20
NC_045512.2	29617	A	G	58917	14923	40	4	1	43	6.78829e-05	58925	0.746077	FALSE	ORF10:cds-YP_009725255.1	AGA	R	AGG	R	20
NC_045512.2	29617	A	C	58917	14923	40	3	1	29	5.09122e-05	58925	1	FALSE	ORF10:cds-YP_009725255.1	AGA	R	AGC	S	20
NC_045512.2	29618	A	T	57108	14728	39	1	0	37	1.75039e-05	57130	1	FALSE	ORF10:cds-YP_009725255.1	ATG	M	TTG	L	21
NC_045512.2	29618	A	G	57108	14728	39	7	4	35	0.000122528	57130	1	FALSE	ORF10:cds-YP_009725255.1	ATG	M	GTG	V	21
NC_045512.2	29618	A	C	57108	14728	39	14	5	28	0.000245055	57130	1	FALSE	ORF10:cds-YP_009725255.1	ATG	M	CTG	L	21
NC_045512.2	29619	T	G	58479	15117	40	3	3	29	5.12733e-05	58510	1	FALSE	ORF10:cds-YP_009725255.1	ATG	M	AGG	R	21
NC_045512.2	29619	T	C	58479	15117	40	25	8	47	0.000427277	58510	0.000162046	TRUE	ORF10:cds-YP_009725255.1	ATG	M	ACG	T	21
NC_045512.2	29619	T	A	58479	15117	40	3	2	29	5.12733e-05	58510	1	FALSE	ORF10:cds-YP_009725255.1	ATG	M	AAG	K	21
NC_045512.2	29620	G	T	58571	15150	40	11	1	34	0.000187707	58602	1	FALSE	ORF10:cds-YP_009725255.1	ATG	M	ATT	I	21
NC_045512.2	29620	G	A	58571	15150	40	20	8	42	0.000341285	58602	0.00203407	TRUE	ORF10:cds-YP_009725255.1	ATG	M	ATA	I	21
NC_045512.2	29620	G	-A	58571	15150	40	1	0	20	1.70643e-05	58602	1	FALSE	NA	NA	NA	NA	NA	NA
NC_045512.2	29621	A	T	58514	15291	40	4	1	37	6.83387e-05	58532	1	FALSE	ORF10:cds-YP_009725255.1	AAT	N	TAT	Y	22
NC_045512.2	29621	A	G	58514	15291	40	13	2	37	0.000222101	58532	1	FALSE	ORF10:cds-YP_009725255.1	AAT	N	GAT	D	22
NC_045512.2	29621	A	C	58514	15291	40	1	0	37	1.70847e-05	58532	1	FALSE	ORF10:cds-YP_009725255.1	AAT	N	CAT	H	22
NC_045512.2	29622	A	T	57152	15325	40	5	2	29	8.74432e-05	57180	1	FALSE	ORF10:cds-YP_009725255.1	AAT	N	ATT	I	22
NC_045512.2	29622	A	G	57152	15325	40	10	3	34	0.000174886	57180	1	FALSE	ORF10:cds-YP_009725255.1	AAT	N	AGT	S	22
NC_045512.2	29622	A	C	57152	15325	40	13	1	27	0.000227352	57180	1	FALSE	ORF10:cds-YP_009725255.1	AAT	N	ACT	T	22
NC_045512.2	29623	T	G	54871	15386	39	10	1	27	0.000182173	54893	1	FALSE	ORF10:cds-YP_009725255.1	AAT	N	AAG	K	22
NC_045512.2	29623	T	C	54871	15386	39	8	4	36	0.000145738	54893	1	FALSE	ORF10:cds-YP_009725255.1	AAT	N	AAC	N	22
NC_045512.2	29623	T	A	54871	15386	39	4	1	31	7.2869e-05	54893	1	FALSE	ORF10:cds-YP_009725255.1	AAT	N	AAA	K	22
NC_045512.2	29624	T	G	56509	15917	40	4	1	25	7.07789e-05	56514	1	FALSE	ORF10:cds-YP_009725255.1	TCT	S	GCT	A	23
NC_045512.2	29624	T	C	56509	15917	40	1	0	37	1.76947e-05	56514	1	FALSE	ORF10:cds-YP_009725255.1	TCT	S	CCT	P	23
NC_045512.2	29625	C	T	42172	11764	40	14272	3876	39	0.25283	56449	0	TRUE	ORF10:cds-YP_009725255.1	TCT	S	TTT	F	23
NC_045512.2	29625	C	G	42172	11764	40	3	2	31	5.31453e-05	56449	1	FALSE	ORF10:cds-YP_009725255.1	TCT	S	TGT	C	23
NC_045512.2	29625	C	A	42172	11764	40	2	2	31	3.54302e-05	56449	1	FALSE	ORF10:cds-YP_009725255.1	TCT	S	TAT	Y	23
NC_045512.2	29626	T	C	57259	15763	40	2	1	29	3.49247e-05	57266	1	FALSE	ORF10:cds-YP_009725255.1	TCT	S	TCC	S	23
NC_045512.2	29626	T	A	57259	15763	40	5	1	31	8.73118e-05	57266	1	FALSE	ORF10:cds-YP_009725255.1	TCT	S	TCA	S	23
NC_045512.2	29627	C	T	56608	15686	40	13	7	38	0.000229508	56643	1	FALSE	ORF10:cds-YP_009725255.1	CGT	R	TGT	C	24
NC_045512.2	29627	C	G	56608	15686	40	19	0	37	0.000335434	56643	0.999996	FALSE	ORF10:cds-YP_009725255.1	CGT	R	GGT	G	24
NC_045512.2	29627	C	A	56608	15686	40	3	1	33	5.29633e-05	56643	1	FALSE	ORF10:cds-YP_009725255.1	CGT	R	AGT	S	24
NC_045512.2	29628	G	T	51860	16613	39	7	4	31	0.00013494	51875	1	FALSE	ORF10:cds-YP_009725255.1	CGT	R	CTT	L	24
NC_045512.2	29628	G	A	51860	16613	39	8	3	40	0.000154217	51875	0.290443	FALSE	ORF10:cds-YP_009725255.1	CGT	R	CAT	H	24
NC_045512.2	29629	T	G	52984	16720	38	2	2	25	3.77415e-05	52992	1	FALSE	ORF10:cds-YP_009725255.1	CGT	R	CGG	R	24
NC_045512.2	29629	T	C	52984	16720	38	4	2	43	7.54831e-05	52992	0.746075	FALSE	ORF10:cds-YP_009725255.1	CGT	R	CGC	R	24
NC_045512.2	29629	T	A	52984	16720	38	2	0	23	3.77415e-05	52992	1	FALSE	ORF10:cds-YP_009725255.1	CGT	R	CGA	R	24
NC_045512.2	29630	A	T	53134	16661	39	1	1	37	1.88179e-05	53141	1	FALSE	ORF10:cds-YP_009725255.1	AAC	N	TAC	Y	25
NC_045512.2	29630	A	G	53134	16661	39	5	0	37	9.40893e-05	53141	1	FALSE	ORF10:cds-YP_009725255.1	AAC	N	GAC	D	25
NC_045512.2	29630	A	C	53134	16661	39	1	0	25	1.88179e-05	53141	1	FALSE	ORF10:cds-YP_009725255.1	AAC	N	CAC	H	25
NC_045512.2	29631	A	T	52801	16555	39	2	1	37	3.7873e-05	52808	1	FALSE	ORF10:cds-YP_009725255.1	AAC	N	ATC	I	25
NC_045512.2	29631	A	G	52801	16555	39	2	1	55	3.7873e-05	52808	0.249979	FALSE	ORF10:cds-YP_009725255.1	AAC	N	AGC	S	25
NC_045512.2	29631	A	C	52801	16555	39	3	1	29	5.68096e-05	52808	1	FALSE	ORF10:cds-YP_009725255.1	AAC	N	ACC	T	25
NC_045512.2	29632	C	T	53562	16983	39	3	0	37	5.60025e-05	53569	1	FALSE	ORF10:cds-YP_009725255.1	AAC	N	AAT	N	25
NC_045512.2	29632	C	G	53562	16983	39	1	0	25	1.86675e-05	53569	1	FALSE	ORF10:cds-YP_009725255.1	AAC	N	AAG	K	25
NC_045512.2	29632	C	A	53562	16983	39	3	0	29	5.60025e-05	53569	1	FALSE	ORF10:cds-YP_009725255.1	AAC	N	AAA	K	25
NC_045512.2	29633	T	G	53923	17085	39	6	6	31	0.000111226	53944	1	FALSE	ORF10:cds-YP_009725255.1	TAC	Y	GAC	D	26
NC_045512.2	29633	T	C	53923	17085	39	11	2	43	0.000203915	53944	0.104979	FALSE	ORF10:cds-YP_009725255.1	TAC	Y	CAC	H	26
NC_045512.2	29633	T	A	53923	17085	39	4	1	32	7.4151e-05	53944	1	FALSE	ORF10:cds-YP_009725255.1	TAC	Y	AAC	N	26
NC_045512.2	29634	A	T	54380	16959	39	1	0	37	1.8384e-05	54395	1	FALSE	ORF10:cds-YP_009725255.1	TAC	Y	TTC	F	26
NC_045512.2	29634	A	G	54380	16959	39	9	3	35	0.000165456	54395	1	FALSE	ORF10:cds-YP_009725255.1	TAC	Y	TGC	C	26
NC_045512.2	29634	A	C	54380	16959	39	5	1	32	9.19202e-05	54395	1	FALSE	ORF10:cds-YP_009725255.1	TAC	Y	TCC	S	26
NC_045512.2	29635	C	T	55207	17466	39	3	3	31	5.4335e-05	55213	1	FALSE	ORF10:cds-YP_009725255.1	TAC	Y	TAT	Y	26
NC_045512.2	29635	C	G	55207	17466	39	2	0	37	3.62234e-05	55213	1	FALSE	ORF10:cds-YP_009725255.1	TAC	Y	TAG	*	26
NC_045512.2	29635	C	A	55207	17466	39	1	0	25	1.81117e-05	55213	1	FALSE	ORF10:cds-YP_009725255.1	TAC	Y	TAA	*	26
NC_045512.2	29636	A	G	54908	17749	39	4	1	37	7.28425e-05	54913	1	FALSE	ORF10:cds-YP_009725255.1	ATA	I	GTA	V	27
NC_045512.2	29636	A	C	54908	17749	39	1	0	29	1.82106e-05	54913	1	FALSE	ORF10:cds-YP_009725255.1	ATA	I	CTA	L	27
NC_045512.2	29637	T	G	54093	17058	38	6	6	31	0.000110893	54106	1	FALSE	ORF10:cds-YP_009725255.1	ATA	I	AGA	R	27
NC_045512.2	29637	T	C	54093	17058	38	3	1	37	5.54467e-05	54106	1	FALSE	ORF10:cds-YP_009725255.1	ATA	I	ACA	T	27
NC_045512.2	29637	T	A	54093	17058	38	4	0	36	7.3929e-05	54106	1	FALSE	ORF10:cds-YP_009725255.1	ATA	I	AAA	K	27
NC_045512.2	29638	A	T	54195	18187	39	2	0	31	3.68902e-05	54215	1	FALSE	ORF10:cds-YP_009725255.1	ATA	I	ATT	I	27
NC_045512.2	29638	A	G	54195	18187	39	14	8	36	0.000258231	54215	1	FALSE	ORF10:cds-YP_009725255.1	ATA	I	ATG	M	27
NC_045512.2	29638	A	C	54195	18187	39	4	4	31	7.37803e-05	54215	1	FALSE	ORF10:cds-YP_009725255.1	ATA	I	ATC	I	27
NC_045512.2	29639	G	T	54302	18000	38	6	2	31	0.000110418	54339	1	FALSE	ORF10:cds-YP_009725255.1	GCA	A	TCA	S	28
NC_045512.2	29639	G	A	54302	18000	38	31	12	38	0.000570493	54339	0.99559	FALSE	ORF10:cds-YP_009725255.1	GCA	A	ACA	T	28
NC_045512.2	29640	C	T	55384	18616	39	13	5	36	0.000234644	55403	1	FALSE	ORF10:cds-YP_009725255.1	GCA	A	GTA	V	28
NC_045512.2	29640	C	G	55384	18616	39	1	1	25	1.80496e-05	55403	1	FALSE	ORF10:cds-YP_009725255.1	GCA	A	GGA	G	28
NC_045512.2	29640	C	A	55384	18616	39	5	1	29	9.02478e-05	55403	1	FALSE	ORF10:cds-YP_009725255.1	GCA	A	GAA	E	28
NC_045512.2	29641	A	T	54602	17842	38	1	0	25	1.83127e-05	54607	1	FALSE	ORF10:cds-YP_009725255.1	GCA	A	GCT	A	28
NC_045512.2	29641	A	G	54602	17842	38	2	1	37	3.66253e-05	54607	1	FALSE	ORF10:cds-YP_009725255.1	GCA	A	GCG	A	28
NC_045512.2	29641	A	C	54602	17842	38	2	2	25	3.66253e-05	54607	1	FALSE	ORF10:cds-YP_009725255.1	GCA	A	GCC	A	28
NC_045512.2	29642	C	T	55340	18202	39	3	0	37	5.4178e-05	55373	1	FALSE	ORF10:cds-YP_009725255.1	CAA	Q	TAA	*	29
NC_045512.2	29642	C	A	55340	18202	39	30	11	37	0.00054178	55373	0.997751	FALSE	ORF10:cds-YP_009725255.1	CAA	Q	AAA	K	29
NC_045512.2	29643	A	T	54989	18962	39	3	1	33	5.45286e-05	55017	1	FALSE	ORF10:cds-YP_009725255.1	CAA	Q	CTA	L	29
NC_045512.2	29643	A	G	54989	18962	39	16	8	38	0.000290819	55017	0.999999	FALSE	ORF10:cds-YP_009725255.1	CAA	Q	CGA	R	29
NC_045512.2	29643	A	C	54989	18962	39	9	1	32	0.000163586	55017	1	FALSE	ORF10:cds-YP_009725255.1	CAA	Q	CCA	P	29
NC_045512.2	29643	A	+G	54989	18962	39	1	0	20	1.81762e-05	55017	1	FALSE	NA	NA	NA	NA	NA	NA
NC_045512.2	29644	A	T	54807	19013	39	4	2	34	7.29514e-05	54831	1	FALSE	ORF10:cds-YP_009725255.1	CAA	Q	CAT	H	29
NC_045512.2	29644	A	G	54807	19013	39	13	8	37	0.000237092	54831	1	FALSE	ORF10:cds-YP_009725255.1	CAA	Q	CAG	Q	29
NC_045512.2	29644	A	C	54807	19013	39	7	2	26	0.000127665	54831	1	FALSE	ORF10:cds-YP_009725255.1	CAA	Q	CAC	H	29
NC_045512.2	29645	G	T	55102	19128	39	2	1	37	3.62924e-05	55108	1	FALSE	ORF10:cds-YP_009725255.1	GTA	V	TTA	L	30
NC_045512.2	29645	G	A	55102	19128	39	4	1	43	7.25847e-05	55108	0.746094	FALSE	ORF10:cds-YP_009725255.1	GTA	V	ATA	I	30
NC_045512.2	29646	T	G	55148	19502	39	5	2	27	9.06503e-05	55157	1	FALSE	ORF10:cds-YP_009725255.1	GTA	V	GGA	G	30
NC_045512.2	29646	T	C	55148	19502	39	4	1	37	7.25203e-05	55157	1	FALSE	ORF10:cds-YP_009725255.1	GTA	V	GCA	A	30
NC_045512.2	29647	A	T	54212	19346	39	1	1	37	1.84366e-05	54240	1	FALSE	ORF10:cds-YP_009725255.1	GTA	V	GTT	V	30
NC_045512.2	29647	A	G	54212	19346	39	13	5	35	0.000239676	54240	1	FALSE	ORF10:cds-YP_009725255.1	GTA	V	GTG	V	30
NC_045512.2	29647	A	C	54212	19346	39	14	0	31	0.000258112	54240	1	FALSE	ORF10:cds-YP_009725255.1	GTA	V	GTC	V	30
NC_045512.2	29648	G	T	53113	21255	39	8	1	32	0.000150594	53123	1	FALSE	ORF10:cds-YP_009725255.1	GAT	D	TAT	Y	31
NC_045512.2	29648	G	C	53113	21255	39	1	0	25	1.88242e-05	53123	1	FALSE	ORF10:cds-YP_009725255.1	GAT	D	CAT	H	31
NC_045512.2	29648	G	A	53113	21255	39	1	1	37	1.88242e-05	53123	1	FALSE	ORF10:cds-YP_009725255.1	GAT	D	AAT	N	31
NC_045512.2	29649	A	T	52649	21564	39	10	2	35	0.000189854	52672	1	FALSE	ORF10:cds-YP_009725255.1	GAT	D	GTT	V	31
NC_045512.2	29649	A	G	52649	21564	39	11	5	41	0.00020884	52672	0.104963	FALSE	ORF10:cds-YP_009725255.1	GAT	D	GGT	G	31
NC_045512.2	29649	A	C	52649	21564	39	2	0	31	3.79708e-05	52672	1	FALSE	ORF10:cds-YP_009725255.1	GAT	D	GCT	A	31
NC_045512.2	29650	T	G	52015	21673	38	16	0	28	0.000307468	52038	1	FALSE	ORF10:cds-YP_009725255.1	GAT	D	GAG	E	31
NC_045512.2	29650	T	C	52015	21673	38	5	2	34	9.60836e-05	52038	1	FALSE	ORF10:cds-YP_009725255.1	GAT	D	GAC	D	31
NC_045512.2	29650	T	A	52015	21673	38	2	1	25	3.84335e-05	52038	1	FALSE	ORF10:cds-YP_009725255.1	GAT	D	GAA	E	31
NC_045512.2	29651	G	T	53266	21431	39	8	4	29	0.000150142	53283	1	FALSE	ORF10:cds-YP_009725255.1	GTA	V	TTA	L	32
NC_045512.2	29651	G	C	53266	21431	39	3	0	33	5.63031e-05	53283	1	FALSE	ORF10:cds-YP_009725255.1	GTA	V	CTA	L	32
NC_045512.2	29651	G	A	53266	21431	39	6	3	35	0.000112606	53283	1	FALSE	ORF10:cds-YP_009725255.1	GTA	V	ATA	I	32
NC_045512.2	29652	T	G	52611	21609	39	5	1	25	9.50101e-05	52626	1	FALSE	ORF10:cds-YP_009725255.1	GTA	V	GGA	G	32
NC_045512.2	29652	T	C	52611	21609	39	8	5	36	0.000152016	52626	1	FALSE	ORF10:cds-YP_009725255.1	GTA	V	GCA	A	32
NC_045512.2	29652	T	A	52611	21609	39	2	0	37	3.8004e-05	52626	1	FALSE	ORF10:cds-YP_009725255.1	GTA	V	GAA	E	32
NC_045512.2	29653	A	T	55304	27646	40	3	1	37	5.42152e-05	55335	1	FALSE	ORF10:cds-YP_009725255.1	GTA	V	GTT	V	32
NC_045512.2	29653	A	G	55304	27646	40	13	6	44	0.000234933	55335	0.0480475	FALSE	ORF10:cds-YP_009725255.1	GTA	V	GTG	V	32
NC_045512.2	29653	A	C	55304	27646	40	15	0	26	0.000271076	55335	1	FALSE	ORF10:cds-YP_009725255.1	GTA	V	GTC	V	32
NC_045512.2	29654	G	T	56500	27613	40	6	5	31	0.000106178	56509	1	FALSE	ORF10:cds-YP_009725255.1	GTT	V	TTT	F	33
NC_045512.2	29654	G	A	56500	27613	40	3	2	49	5.30889e-05	56509	0.855448	FALSE	ORF10:cds-YP_009725255.1	GTT	V	ATT	I	33
NC_045512.2	29655	T	G	55475	27922	40	13	0	25	0.000234251	55496	1	FALSE	ORF10:cds-YP_009725255.1	GTT	V	GGT	G	33
NC_045512.2	29655	T	C	55475	27922	40	8	3	35	0.000144155	55496	1	FALSE	ORF10:cds-YP_009725255.1	GTT	V	GCT	A	33
NC_045512.2	29656	T	G	56012	27973	40	5	1	25	8.92475e-05	56024	1	FALSE	ORF10:cds-YP_009725255.1	GTT	V	GTG	V	33
NC_045512.2	29656	T	C	56012	27973	40	4	3	37	7.1398e-05	56024	1	FALSE	ORF10:cds-YP_009725255.1	GTT	V	GTC	V	33
NC_045512.2	29656	T	A	56012	27973	40	3	1	33	5.35485e-05	56024	1	FALSE	ORF10:cds-YP_009725255.1	GTT	V	GTA	V	33
NC_045512.2	29656	T	-A	56012	27973	40	1	0	20	1.78495e-05	56024	1	FALSE	NA	NA	NA	NA	NA	NA
NC_045512.2	29657	A	T	55880	27745	40	3	1	25	5.36769e-05	55890	1	FALSE	ORF10:cds-YP_009725255.1	AAC	N	TAC	Y	34
NC_045512.2	29657	A	G	55880	27745	40	3	0	37	5.36769e-05	55890	1	FALSE	ORF10:cds-YP_009725255.1	AAC	N	GAC	D	34
NC_045512.2	29657	A	C	55880	27745	40	4	0	27	7.15692e-05	55890	1	FALSE	ORF10:cds-YP_009725255.1	AAC	N	CAC	H	34
NC_045512.2	29658	A	T	55964	27672	40	1	1	25	1.78658e-05	55973	1	FALSE	ORF10:cds-YP_009725255.1	AAC	N	ATC	I	34
NC_045512.2	29658	A	G	55964	27672	40	8	5	46	0.000142926	55973	0.290516	FALSE	ORF10:cds-YP_009725255.1	AAC	N	AGC	S	34
NC_045512.2	29659	C	T	55395	27705	40	4	1	46	7.21983e-05	55403	0.746076	FALSE	ORF10:cds-YP_009725255.1	AAC	N	AAT	N	34
NC_045512.2	29659	C	A	55395	27705	40	4	3	28	7.21983e-05	55403	1	FALSE	ORF10:cds-YP_009725255.1	AAC	N	AAA	K	34
NC_045512.2	29660	T	G	55464	27621	40	5	0	25	9.01274e-05	55477	1	FALSE	ORF10:cds-YP_009725255.1	TTT	F	GTT	V	35
NC_045512.2	29660	T	C	55464	27621	40	4	1	37	7.2102e-05	55477	1	FALSE	ORF10:cds-YP_009725255.1	TTT	F	CTT	L	35
NC_045512.2	29660	T	A	55464	27621	40	4	2	34	7.2102e-05	55477	1	FALSE	ORF10:cds-YP_009725255.1	TTT	F	ATT	I	35
NC_045512.2	29661	T	G	54874	27307	40	3	0	25	5.46617e-05	54883	1	FALSE	ORF10:cds-YP_009725255.1	TTT	F	TGT	C	35
NC_045512.2	29661	T	C	54874	27307	40	5	2	36	9.11029e-05	54883	1	FALSE	ORF10:cds-YP_009725255.1	TTT	F	TCT	S	35
NC_045512.2	29661	T	A	54874	27307	40	1	0	25	1.82206e-05	54883	1	FALSE	ORF10:cds-YP_009725255.1	TTT	F	TAT	Y	35
NC_045512.2	29662	T	G	55194	27417	40	3	3	29	5.4334e-05	55214	1	FALSE	ORF10:cds-YP_009725255.1	TTT	F	TTG	L	35
NC_045512.2	29662	T	C	55194	27417	40	14	9	36	0.000253559	55214	1	FALSE	ORF10:cds-YP_009725255.1	TTT	F	TTC	F	35
NC_045512.2	29662	T	A	55194	27417	40	3	2	57	5.4334e-05	55214	0.124942	FALSE	ORF10:cds-YP_009725255.1	TTT	F	TTA	L	35
NC_045512.2	29663	A	T	54722	27426	40	4	2	31	7.307e-05	54742	1	FALSE	ORF10:cds-YP_009725255.1	AAT	N	TAT	Y	36
NC_045512.2	29663	A	G	54722	27426	40	7	5	37	0.000127873	54742	1	FALSE	ORF10:cds-YP_009725255.1	AAT	N	GAT	D	36
NC_045512.2	29663	A	C	54722	27426	40	9	1	25	0.000164408	54742	1	FALSE	ORF10:cds-YP_009725255.1	AAT	N	CAT	H	36
NC_045512.2	29664	A	T	53280	26595	39	4	0	37	7.50286e-05	53313	1	FALSE	ORF10:cds-YP_009725255.1	AAT	N	ATT	I	36
NC_045512.2	29664	A	G	53280	26595	39	4	1	37	7.50286e-05	53313	1	FALSE	ORF10:cds-YP_009725255.1	AAT	N	AGT	S	36
NC_045512.2	29664	A	C	53280	26595	39	25	24	26	0.000468929	53313	1	FALSE	ORF10:cds-YP_009725255.1	AAT	N	ACT	T	36
NC_045512.2	29665	T	C	54765	27657	40	10	4	43	0.000182555	54778	0.150845	FALSE	ORF10:cds-YP_009725255.1	AAT	N	AAC	N	36
NC_045512.2	29665	T	A	54765	27657	40	3	3	33	5.47665e-05	54778	1	FALSE	ORF10:cds-YP_009725255.1	AAT	N	AAA	K	36
NC_045512.2	29666	C	T	50913	29429	39	1	1	37	1.9639e-05	50919	1	FALSE	ORF10:cds-YP_009725255.1	CTC	L	TTC	F	37
NC_045512.2	29666	C	G	50913	29429	39	1	1	37	1.9639e-05	50919	1	FALSE	ORF10:cds-YP_009725255.1	CTC	L	GTC	V	37
NC_045512.2	29666	C	A	50913	29429	39	4	0	34	7.85561e-05	50919	1	FALSE	ORF10:cds-YP_009725255.1	CTC	L	ATC	I	37
NC_045512.2	29667	T	G	50070	28375	39	2	2	31	3.99233e-05	50096	1	FALSE	ORF10:cds-YP_009725255.1	CTC	L	CGC	R	37
NC_045512.2	29667	T	C	50070	28375	39	18	9	36	0.00035931	50096	0.999978	FALSE	ORF10:cds-YP_009725255.1	CTC	L	CCC	P	37
NC_045512.2	29667	T	A	50070	28375	39	6	3	31	0.00011977	50096	1	FALSE	ORF10:cds-YP_009725255.1	CTC	L	CAC	H	37
NC_045512.2	29668	C	T	51262	29830	39	1	0	37	1.95053e-05	51268	1	FALSE	ORF10:cds-YP_009725255.1	CTC	L	CTT	L	37
NC_045512.2	29668	C	A	51262	29830	39	5	4	37	9.75267e-05	51268	1	FALSE	ORF10:cds-YP_009725255.1	CTC	L	CTA	L	37
NC_045512.2	29669	A	G	50346	28990	39	6	2	37	0.000119133	50364	1	FALSE	ORF10:cds-YP_009725255.1	ACA	T	GCA	A	38
NC_045512.2	29669	A	C	50346	28990	39	12	11	28	0.000238265	50364	1	FALSE	ORF10:cds-YP_009725255.1	ACA	T	CCA	P	38
NC_045512.2	29670	C	T	51502	30206	39	7	6	52	0.000135888	51513	0.00780932	TRUE	ORF10:cds-YP_009725255.1	ACA	T	ATA	I	38
NC_045512.2	29670	C	G	51502	30206	39	1	1	37	1.94126e-05	51513	1	FALSE	ORF10:cds-YP_009725255.1	ACA	T	AGA	R	38
NC_045512.2	29670	C	A	51502	30206	39	3	1	25	5.82377e-05	51513	1	FALSE	ORF10:cds-YP_009725255.1	ACA	T	AAA	K	38
NC_045512.2	29671	A	T	50401	29323	39	1	0	37	1.9833e-05	50421	1	FALSE	ORF10:cds-YP_009725255.1	ACA	T	ACT	T	38
NC_045512.2	29671	A	G	50401	29323	39	4	4	34	7.9332e-05	50421	1	FALSE	ORF10:cds-YP_009725255.1	ACA	T	ACG	T	38
NC_045512.2	29671	A	C	50401	29323	39	15	9	28	0.000297495	50421	1	FALSE	ORF10:cds-YP_009725255.1	ACA	T	ACC	T	38
NC_045512.2	29671	A	+G	50401	29323	39	2	0	20	3.9666e-05	50421	1	FALSE	NA	NA	NA	NA	NA	NA
NC_045512.2	29672	T	G	51711	31125	39	20	16	27	0.000386571	51737	1	FALSE	ORF10:cds-YP_009725255.1	TAG	*	GAG	E	39
NC_045512.2	29672	T	C	51711	31125	39	6	5	33	0.000115971	51737	1	FALSE	ORF10:cds-YP_009725255.1	TAG	*	CAG	Q	39
NC_045512.2	29673	A	G	51887	31611	39	6	3	30	0.000115605	51901	1	FALSE	ORF10:cds-YP_009725255.1	TAG	*	TGG	W	39
NC_045512.2	29673	A	C	51887	31611	39	8	6	27	0.00015414	51901	1	FALSE	ORF10:cds-YP_009725255.1	TAG	*	TCG	S	39
NC_045512.2	29674	G	T	52166	31623	39	4	4	28	7.65902e-05	52226	1	FALSE	ORF10:cds-YP_009725255.1	TAG	*	TAT	Y	39
NC_045512.2	29674	G	C	52166	31623	39	3	2	45	5.74427e-05	52226	0.855126	FALSE	ORF10:cds-YP_009725255.1	TAG	*	TAC	Y	39
NC_045512.2	29674	G	A	52166	31623	39	53	24	39	0.00101482	52226	0.499764	FALSE	ORF10:cds-YP_009725255.1	TAG	*	TAA	*	39
NC_045512.2	29675	C	T	52975	32401	39	17	11	38	0.000320755	53000	0.999997	FALSE	NA	NA	NA	NA	NA	NA
NC_045512.2	29675	C	G	52975	32401	39	1	1	25	1.88679e-05	53000	1	FALSE	NA	NA	NA	NA	NA	NA
NC_045512.2	29675	C	A	52975	32401	39	7	3	40	0.000132075	53000	0.386984	FALSE	NA	NA	NA	NA	NA	NA
NC_045512.2	29676	A	T	52799	32288	39	2	1	42	3.78723e-05	52809	0.937484	FALSE	NA	NA	NA	NA	NA	NA
NC_045512.2	29676	A	G	52799	32288	39	5	4	51	9.46808e-05	52809	0.0312411	FALSE	NA	NA	NA	NA	NA	NA
NC_045512.2	29676	A	C	52799	32288	39	3	0	30	5.68085e-05	52809	1	FALSE	NA	NA	NA	NA	NA	NA
NC_045512.2	29677	A	G	52069	31951	39	18	15	38	0.00034547	52103	0.99999	FALSE	NA	NA	NA	NA	NA	NA
NC_045512.2	29677	A	C	52069	31951	39	16	9	28	0.000307084	52103	1	FALSE	NA	NA	NA	NA	NA	NA
NC_045512.2	29678	T	G	54008	32197	39	4	0	31	7.40412e-05	54024	1	FALSE	NA	NA	NA	NA	NA	NA
NC_045512.2	29678	T	C	54008	32197	39	5	5	39	9.25515e-05	54024	1	FALSE	NA	NA	NA	NA	NA	NA
NC_045512.2	29678	T	A	54008	32197	39	7	7	30	0.000129572	54024	1	FALSE	NA	NA	NA	NA	NA	NA
NC_045512.2	29679	C	A	54721	32797	39	3	2	37	5.48206e-05	54724	1	FALSE	NA	NA	NA	NA	NA	NA
NC_045512.2	29680	T	G	54261	32282	39	3	1	25	5.5269e-05	54280	1	FALSE	NA	NA	NA	NA	NA	NA
NC_045512.2	29680	T	C	54261	32282	39	4	3	52	7.3692e-05	54280	0.0624643	FALSE	NA	NA	NA	NA	NA	NA
NC_045512.2	29680	T	A	54261	32282	39	12	9	29	0.000221076	54280	1	FALSE	NA	NA	NA	NA	NA	NA
NC_045512.2	29681	T	G	54215	32496	39	6	1	27	0.000110632	54234	1	FALSE	NA	NA	NA	NA	NA	NA
NC_045512.2	29681	T	C	54215	32496	39	5	2	42	9.21931e-05	54234	0.622905	FALSE	NA	NA	NA	NA	NA	NA
NC_045512.2	29681	T	A	54215	32496	39	8	5	35	0.000147509	54234	1	FALSE	NA	NA	NA	NA	NA	NA
NC_045512.2	29682	T	G	60296	39203	41	9	8	29	0.000149222	60313	1	FALSE	NA	NA	NA	NA	NA	NA
NC_045512.2	29682	T	C	60296	39203	41	7	4	42	0.000116061	60313	0.499891	FALSE	NA	NA	NA	NA	NA	NA
NC_045512.2	29682	T	A	60296	39203	41	1	1	25	1.65802e-05	60313	1	FALSE	NA	NA	NA	NA	NA	NA
NC_045512.2	29683	A	T	60040	39303	41	12	7	40	0.000199774	60068	0.118818	FALSE	NA	NA	NA	NA	NA	NA
NC_045512.2	29683	A	G	60040	39303	41	8	7	35	0.000133182	60068	1	FALSE	NA	NA	NA	NA	NA	NA
NC_045512.2	29683	A	C	60040	39303	41	8	5	28	0.000133182	60068	1	FALSE	NA	NA	NA	NA	NA	NA
NC_045512.2	29684	A	T	58543	38168	40	6	2	27	0.000102393	58598	1	FALSE	NA	NA	NA	NA	NA	NA
NC_045512.2	29684	A	G	58543	38168	40	10	8	33	0.000170654	58598	1	FALSE	NA	NA	NA	NA	NA	NA
NC_045512.2	29684	A	C	58543	38168	40	39	38	29	0.000665552	58598	1	FALSE	NA	NA	NA	NA	NA	NA
NC_045512.2	29685	T	G	60168	39544	41	7	3	26	0.000116314	60182	1	FALSE	NA	NA	NA	NA	NA	NA
NC_045512.2	29685	T	C	60168	39544	41	3	1	28	4.98488e-05	60182	1	FALSE	NA	NA	NA	NA	NA	NA
NC_045512.2	29685	T	A	60168	39544	41	4	4	31	6.64651e-05	60182	1	FALSE	NA	NA	NA	NA	NA	NA
NC_045512.2	29686	C	T	61466	40967	41	18	13	38	0.000292731	61490	1	FALSE	NA	NA	NA	NA	NA	NA
NC_045512.2	29686	C	A	61466	40967	41	6	2	29	9.75768e-05	61490	1	FALSE	NA	NA	NA	NA	NA	NA
NC_045512.2	29687	A	T	56109	35780	41	3	2	29	5.34074e-05	56172	1	FALSE	NA	NA	NA	NA	NA	NA
NC_045512.2	29687	A	G	56109	35780	41	22	12	39	0.000391654	56172	0.999972	FALSE	NA	NA	NA	NA	NA	NA
NC_045512.2	29687	A	C	56109	35780	41	38	33	27	0.000676494	56172	1	FALSE	NA	NA	NA	NA	NA	NA
NC_045512.2	29687	A	-GT	56109	35780	41	2	0	20	3.56049e-05	56172	1	FALSE	NA	NA	NA	NA	NA	NA
NC_045512.2	29688	G	T	58933	37235	41	6	5	35	0.000101752	58967	1	FALSE	NA	NA	NA	NA	NA	NA
NC_045512.2	29688	G	A	58933	37235	41	28	18	41	0.000474842	58967	3.29759e-05	TRUE	NA	NA	NA	NA	NA	NA
NC_045512.2	29689	T	G	58030	36810	41	19	17	28	0.000327231	58063	1	FALSE	NA	NA	NA	NA	NA	NA
NC_045512.2	29689	T	C	58030	36810	41	7	4	37	0.000120559	58063	1	FALSE	NA	NA	NA	NA	NA	NA
NC_045512.2	29689	T	A	58030	36810	41	7	4	38	0.000120559	58063	1	FALSE	NA	NA	NA	NA	NA	NA
NC_045512.2	29690	G	T	60382	38174	41	8	7	27	0.00013245	60400	1	FALSE	NA	NA	NA	NA	NA	NA
NC_045512.2	29690	G	A	60382	38174	41	10	6	34	0.000165563	60400	1	FALSE	NA	NA	NA	NA	NA	NA
NC_045512.2	29691	T	G	59507	38441	41	16	3	30	0.000268749	59535	1	FALSE	NA	NA	NA	NA	NA	NA
NC_045512.2	29691	T	C	59507	38441	41	7	5	54	0.000117578	59535	0.00780194	TRUE	NA	NA	NA	NA	NA	NA
NC_045512.2	29691	T	A	59507	38441	41	5	2	34	8.39842e-05	59535	1	FALSE	NA	NA	NA	NA	NA	NA
NC_045512.2	29692	G	T	60454	38782	41	2	2	31	3.30786e-05	60462	1	FALSE	NA	NA	NA	NA	NA	NA
NC_045512.2	29692	G	C	60454	38782	41	1	1	37	1.65393e-05	60462	1	FALSE	NA	NA	NA	NA	NA	NA
NC_045512.2	29692	G	A	60454	38782	41	5	4	47	8.26966e-05	60462	0.725577	FALSE	NA	NA	NA	NA	NA	NA
NC_045512.2	29692	G	-T	60454	38782	41	1	0	20	1.65393e-05	60462	1	FALSE	NA	NA	NA	NA	NA	NA
NC_045512.2	29693	T	G	60127	38917	41	9	4	27	0.000149626	60150	1	FALSE	NA	NA	NA	NA	NA	NA
NC_045512.2	29693	T	C	60127	38917	41	11	8	40	0.000182876	60150	0.166041	FALSE	NA	NA	NA	NA	NA	NA
NC_045512.2	29693	T	A	60127	38917	41	3	0	24	4.98753e-05	60150	1	FALSE	NA	NA	NA	NA	NA	NA
NC_045512.2	29693	T	-A	60127	38917	41	1	0	20	1.66251e-05	60150	1	FALSE	NA	NA	NA	NA	NA	NA
NC_045512.2	29694	A	T	60036	38844	41	1	1	37	1.66531e-05	60049	1	FALSE	NA	NA	NA	NA	NA	NA
NC_045512.2	29694	A	G	60036	38844	41	8	5	40	0.000133225	60049	0.395197	FALSE	NA	NA	NA	NA	NA	NA
NC_045512.2	29694	A	C	60036	38844	41	4	3	29	6.66123e-05	60049	1	FALSE	NA	NA	NA	NA	NA	NA
NC_045512.2	29695	A	T	58828	38268	40	2	2	25	3.39807e-05	58857	1	FALSE	NA	NA	NA	NA	NA	NA
NC_045512.2	29695	A	G	58828	38268	40	14	10	37	0.000237865	58857	1	FALSE	NA	NA	NA	NA	NA	NA
NC_045512.2	29695	A	C	58828	38268	40	13	7	28	0.000220874	58857	1	FALSE	NA	NA	NA	NA	NA	NA
NC_045512.2	29696	C	T	60385	39933	40	3	2	49	4.96689e-05	60400	0.91012	FALSE	NA	NA	NA	NA	NA	NA
NC_045512.2	29696	C	G	60385	39933	40	2	1	25	3.31126e-05	60400	1	FALSE	NA	NA	NA	NA	NA	NA
NC_045512.2	29696	C	A	60385	39933	40	10	8	40	0.000165563	60400	0.227194	FALSE	NA	NA	NA	NA	NA	NA
NC_045512.2	29697	A	T	56647	37321	40	3	3	29	5.29474e-05	56660	1	FALSE	NA	NA	NA	NA	NA	NA
NC_045512.2	29697	A	G	56647	37321	40	2	1	37	3.52983e-05	56660	1	FALSE	NA	NA	NA	NA	NA	NA
NC_045512.2	29697	A	C	56647	37321	40	8	1	31	0.000141193	56660	1	FALSE	NA	NA	NA	NA	NA	NA
NC_045512.2	29697	A	-T	56647	37321	40	9	0	20	0.000158842	56660	1	FALSE	NA	NA	NA	NA	NA	NA
NC_045512.2	29698	T	G	54343	36252	40	26	0	27	0.000478099	54382	1	FALSE	NA	NA	NA	NA	NA	NA
NC_045512.2	29698	T	C	54343	36252	40	11	8	43	0.000202273	54382	0.104797	FALSE	NA	NA	NA	NA	NA	NA
NC_045512.2	29698	T	A	54343	36252	40	2	2	37	3.67769e-05	54382	1	FALSE	NA	NA	NA	NA	NA	NA
NC_045512.2	29699	T	G	53550	34365	40	12	8	28	0.000224006	53570	1	FALSE	NA	NA	NA	NA	NA	NA
NC_045512.2	29699	T	C	53550	34365	40	6	5	34	0.000112003	53570	1	FALSE	NA	NA	NA	NA	NA	NA
NC_045512.2	29699	T	A	53550	34365	40	2	1	31	3.73343e-05	53570	1	FALSE	NA	NA	NA	NA	NA	NA
NC_045512.2	29700	A	T	54384	35186	41	3	3	25	5.51359e-05	54411	1	FALSE	NA	NA	NA	NA	NA	NA
NC_045512.2	29700	A	G	54384	35186	41	20	12	42	0.000367573	54411	0.00203488	TRUE	NA	NA	NA	NA	NA	NA
NC_045512.2	29700	A	C	54384	35186	41	4	0	28	7.35145e-05	54411	1	FALSE	NA	NA	NA	NA	NA	NA
NC_045512.2	29700	A	-G	54384	35186	41	1	0	20	1.83786e-05	54411	1	FALSE	NA	NA	NA	NA	NA	NA
NC_045512.2	29701	G	T	54122	35474	40	3	3	29	5.54232e-05	54129	1	FALSE	NA	NA	NA	NA	NA	NA
NC_045512.2	29701	G	C	54122	35474	40	2	1	25	3.69488e-05	54129	1	FALSE	NA	NA	NA	NA	NA	NA
NC_045512.2	29701	G	A	54122	35474	40	2	2	25	3.69488e-05	54129	1	FALSE	NA	NA	NA	NA	NA	NA
NC_045512.2	29702	G	T	51012	36269	39	3	1	33	5.88051e-05	51016	1	FALSE	NA	NA	NA	NA	NA	NA
NC_045512.2	29702	G	A	51012	36269	39	1	1	37	1.96017e-05	51016	1	FALSE	NA	NA	NA	NA	NA	NA
NC_045512.2	29703	G	T	50703	35869	39	5	3	29	9.8594e-05	50713	1	FALSE	NA	NA	NA	NA	NA	NA
NC_045512.2	29703	G	C	50703	35869	39	1	1	37	1.97188e-05	50713	1	FALSE	NA	NA	NA	NA	NA	NA
NC_045512.2	29703	G	A	50703	35869	39	4	3	35	7.88752e-05	50713	1	FALSE	NA	NA	NA	NA	NA	NA
NC_045512.2	29704	A	T	47407	33039	39	2	0	31	4.21638e-05	47434	1	FALSE	NA	NA	NA	NA	NA	NA
NC_045512.2	29704	A	G	47407	33039	39	18	12	49	0.000379475	47434	0.00216696	TRUE	NA	NA	NA	NA	NA	NA
NC_045512.2	29704	A	C	47407	33039	39	7	2	26	0.000147573	47434	1	FALSE	NA	NA	NA	NA	NA	NA
NC_045512.2	29705	G	T	47343	32743	39	13	10	35	0.000274441	47369	0.999998	FALSE	NA	NA	NA	NA	NA	NA
NC_045512.2	29705	G	C	47343	32743	39	1	1	25	2.11109e-05	47369	1	FALSE	NA	NA	NA	NA	NA	NA
NC_045512.2	29705	G	A	47343	32743	39	12	8	38	0.00025333	47369	0.999999	FALSE	NA	NA	NA	NA	NA	NA
NC_045512.2	29706	G	T	48121	33791	39	5	2	34	0.000103892	48127	1	FALSE	NA	NA	NA	NA	NA	NA
NC_045512.2	29706	G	A	48121	33791	39	1	0	37	2.07784e-05	48127	1	FALSE	NA	NA	NA	NA	NA	NA
NC_045512.2	29707	A	T	46883	34165	39	2	2	55	4.26494e-05	46894	0.249955	FALSE	NA	NA	NA	NA	NA	NA
NC_045512.2	29707	A	G	46883	34165	39	9	6	38	0.000191922	46894	1	FALSE	NA	NA	NA	NA	NA	NA
NC_045512.2	29708	C	T	46617	33963	38	5	5	37	0.000107241	46624	1	FALSE	NA	NA	NA	NA	NA	NA
NC_045512.2	29708	C	A	46617	33963	38	2	2	31	4.28964e-05	46624	1	FALSE	NA	NA	NA	NA	NA	NA
NC_045512.2	29709	T	G	45599	33488	38	10	3	28	0.000219183	45624	1	FALSE	NA	NA	NA	NA	NA	NA
NC_045512.2	29709	T	C	45599	33488	38	10	5	41	0.000219183	45624	0.0896723	FALSE	NA	NA	NA	NA	NA	NA
NC_045512.2	29709	T	A	45599	33488	38	5	5	30	0.000109591	45624	1	FALSE	NA	NA	NA	NA	NA	NA
NC_045512.2	29710	T	G	50267	38617	39	3	1	26	5.96493e-05	50294	1	FALSE	NA	NA	NA	NA	NA	NA
NC_045512.2	29710	T	C	50267	38617	39	16	14	41	0.000318129	50294	0.0132787	FALSE	NA	NA	NA	NA	NA	NA
NC_045512.2	29710	T	A	50267	38617	39	8	6	30	0.000159065	50294	1	FALSE	NA	NA	NA	NA	NA	NA
NC_045512.2	29711	G	A	52421	40739	39	2	1	55	3.81512e-05	52423	0.250002	FALSE	NA	NA	NA	NA	NA	NA
NC_045512.2	29712	A	T	52779	41209	39	1	1	37	1.89437e-05	52788	1	FALSE	NA	NA	NA	NA	NA	NA
NC_045512.2	29712	A	G	52779	41209	39	7	3	40	0.000132606	52788	0.387188	FALSE	NA	NA	NA	NA	NA	NA
NC_045512.2	29712	A	C	52779	41209	39	1	1	37	1.89437e-05	52788	1	FALSE	NA	NA	NA	NA	NA	NA
NC_045512.2	29713	A	T	52007	40434	39	4	4	34	7.68891e-05	52023	1	FALSE	NA	NA	NA	NA	NA	NA
NC_045512.2	29713	A	G	52007	40434	39	8	7	38	0.000153778	52023	1	FALSE	NA	NA	NA	NA	NA	NA
NC_045512.2	29713	A	C	52007	40434	39	4	3	29	7.68891e-05	52023	1	FALSE	NA	NA	NA	NA	NA	NA
NC_045512.2	29714	A	T	52154	40710	39	2	1	37	3.83399e-05	52165	1	FALSE	NA	NA	NA	NA	NA	NA
NC_045512.2	29714	A	G	52154	40710	39	8	6	37	0.00015336	52165	1	FALSE	NA	NA	NA	NA	NA	NA
NC_045512.2	29714	A	C	52154	40710	39	1	0	25	1.91699e-05	52165	1	FALSE	NA	NA	NA	NA	NA	NA
NC_045512.2	29715	G	T	52274	40828	39	6	4	35	0.000114764	52281	1	FALSE	NA	NA	NA	NA	NA	NA
NC_045512.2	29715	G	A	52274	40828	39	1	0	37	1.91274e-05	52281	1	FALSE	NA	NA	NA	NA	NA	NA
NC_045512.2	29716	A	T	52052	40910	39	2	1	33	3.84143e-05	52064	1	FALSE	NA	NA	NA	NA	NA	NA
NC_045512.2	29716	A	G	52052	40910	39	8	6	41	0.000153657	52064	0.290479	FALSE	NA	NA	NA	NA	NA	NA
NC_045512.2	29716	A	C	52052	40910	39	2	1	37	3.84143e-05	52064	1	FALSE	NA	NA	NA	NA	NA	NA
NC_045512.2	29717	G	T	51367	40604	39	5	3	37	9.72687e-05	51404	1	FALSE	NA	NA	NA	NA	NA	NA
NC_045512.2	29717	G	A	51367	40604	39	32	23	38	0.00062252	51404	0.986252	FALSE	NA	NA	NA	NA	NA	NA
NC_045512.2	29718	C	T	51318	40630	39	97	80	38	0.00188643	51420	9.59556e-05	TRUE	NA	NA	NA	NA	NA	NA
NC_045512.2	29718	C	A	51318	40630	39	5	3	32	9.72384e-05	51420	1	FALSE	NA	NA	NA	NA	NA	NA
NC_045512.2	29719	C	T	51748	40990	39	2	2	55	3.86444e-05	51754	0.249983	FALSE	NA	NA	NA	NA	NA	NA
NC_045512.2	29719	C	G	51748	40990	39	1	1	37	1.93222e-05	51754	1	FALSE	NA	NA	NA	NA	NA	NA
NC_045512.2	29719	C	A	51748	40990	39	3	2	37	5.79665e-05	51754	1	FALSE	NA	NA	NA	NA	NA	NA
NC_045512.2	29719	C	-A	51748	40990	39	1	0	20	1.93222e-05	51754	1	FALSE	NA	NA	NA	NA	NA	NA
NC_045512.2	29720	A	T	51507	40727	39	6	3	37	0.000116469	51516	1	FALSE	NA	NA	NA	NA	NA	NA
NC_045512.2	29720	A	G	51507	40727	39	2	1	37	3.88229e-05	51516	1	FALSE	NA	NA	NA	NA	NA	NA
NC_045512.2	29720	A	C	51507	40727	39	1	0	25	1.94114e-05	51516	1	FALSE	NA	NA	NA	NA	NA	NA
NC_045512.2	29721	C	T	51316	40665	39	1	1	37	1.94852e-05	51321	1	FALSE	NA	NA	NA	NA	NA	NA
NC_045512.2	29721	C	A	51316	40665	39	4	3	35	7.79408e-05	51321	1	FALSE	NA	NA	NA	NA	NA	NA
NC_045512.2	29722	C	T	51431	40914	39	3	2	37	5.83249e-05	51436	1	FALSE	NA	NA	NA	NA	NA	NA
NC_045512.2	29722	C	G	51431	40914	39	1	0	25	1.94416e-05	51436	1	FALSE	NA	NA	NA	NA	NA	NA
NC_045512.2	29722	C	A	51431	40914	39	1	1	37	1.94416e-05	51436	1	FALSE	NA	NA	NA	NA	NA	NA
NC_045512.2	29723	A	T	51430	40846	39	1	1	37	1.9442e-05	51435	1	FALSE	NA	NA	NA	NA	NA	NA
NC_045512.2	29723	A	G	51430	40846	39	3	2	49	5.8326e-05	51435	0.855466	FALSE	NA	NA	NA	NA	NA	NA
NC_045512.2	29723	A	C	51430	40846	39	1	1	25	1.9442e-05	51435	1	FALSE	NA	NA	NA	NA	NA	NA
NC_045512.2	29724	C	T	51452	40815	39	6	3	39	0.0001166	51458	1	FALSE	NA	NA	NA	NA	NA	NA
NC_045512.2	29725	A	G	51193	40591	39	2	1	37	3.90656e-05	51196	1	FALSE	NA	NA	NA	NA	NA	NA
NC_045512.2	29725	A	C	51193	40591	39	1	0	37	1.95328e-05	51196	1	FALSE	NA	NA	NA	NA	NA	NA
NC_045512.2	29725	A	-T	51193	40591	39	9	0	20	0.000175795	51196	1	FALSE	NA	NA	NA	NA	NA	NA
NC_045512.2	29726	T	G	49626	39430	38	4	2	28	8.05834e-05	49638	1	FALSE	NA	NA	NA	NA	NA	NA
NC_045512.2	29726	T	C	49626	39430	38	3	2	49	6.04376e-05	49638	0.773314	FALSE	NA	NA	NA	NA	NA	NA
NC_045512.2	29726	T	A	49626	39430	38	5	3	26	0.000100729	49638	1	FALSE	NA	NA	NA	NA	NA	NA
NC_045512.2	29727	T	G	50146	39800	39	4	4	31	7.97512e-05	50156	1	FALSE	NA	NA	NA	NA	NA	NA
NC_045512.2	29727	T	C	50146	39800	39	2	2	37	3.98756e-05	50156	1	FALSE	NA	NA	NA	NA	NA	NA
NC_045512.2	29727	T	A	50146	39800	39	4	1	32	7.97512e-05	50156	1	FALSE	NA	NA	NA	NA	NA	NA
NC_045512.2	29728	T	G	50031	39784	39	8	8	26	0.000159856	50045	1	FALSE	NA	NA	NA	NA	NA	NA
NC_045512.2	29728	T	C	50031	39784	39	4	4	34	7.99281e-05	50045	1	FALSE	NA	NA	NA	NA	NA	NA
NC_045512.2	29728	T	A	50031	39784	39	2	1	37	3.9964e-05	50045	1	FALSE	NA	NA	NA	NA	NA	NA
NC_045512.2	29729	T	G	50435	40160	39	1	1	25	1.98255e-05	50440	1	FALSE	NA	NA	NA	NA	NA	NA
NC_045512.2	29729	T	C	50435	40160	39	4	4	34	7.93021e-05	50440	1	FALSE	NA	NA	NA	NA	NA	NA
NC_045512.2	29730	C	T	50529	40992	39	3	2	37	5.93683e-05	50532	1	FALSE	NA	NA	NA	NA	NA	NA
NC_045512.2	29731	A	G	48406	38846	38	4	4	37	8.26088e-05	48421	1	FALSE	NA	NA	NA	NA	NA	NA
NC_045512.2	29731	A	C	48406	38846	38	11	11	26	0.000227174	48421	1	FALSE	NA	NA	NA	NA	NA	NA
NC_045512.2	29731	A	-CCGAGGCCACGCGGAGTACGATCGAG	48406	38846	38	3	0	20	6.19566e-05	48421	1	FALSE	NA	NA	NA	NA	NA	NA
NC_045512.2	29732	C	T	50136	40752	39	1	1	37	1.9945e-05	50138	1	FALSE	NA	NA	NA	NA	NA	NA
NC_045512.2	29732	C	G	50136	40752	39	1	1	37	1.9945e-05	50138	1	FALSE	NA	NA	NA	NA	NA	NA
NC_045512.2	29732	C	-CGAGGCCACGCGGAGTACGATCGAGT	50136	40752	39	35	0	20	0.000698045	50140	1	FALSE	NA	NA	NA	NA	NA	NA
NC_045512.2	29733	C	-GAGGCCACGCGGAGTACGATCGAGTG	49200	40557	38	30748	0	20	0.624896	49205	0	TRUE	NA	NA	NA	NA	NA	NA
NC_045512.2	29734	G	T	6	5	31	1711	95	37	0.994767	1720	0	TRUE	NA	NA	NA	NA	NA	NA
NC_045512.2	29734	G	C	6	5	31	3	0	37	0.00174419	1720	9.85718e-08	TRUE	NA	NA	NA	NA	NA	NA
NC_045512.2	29734	G	-AGGCCACGCGGAGTACGATCGAGTGT	6	5	31	6	0	20	0.000181176	33117	9.3032e-10	TRUE	NA	NA	NA	NA	NA	NA
NC_045512.2	29736	G	C	0	0	0	1	1	37	1	1	0.00101704	TRUE	NA	NA	NA	NA	NA	NA
NC_045512.2	29759	G	T	0	0	0	1	1	37	0.166667	6	0.00101704	TRUE	NA	NA	NA	NA	NA	NA
NC_045512.2	29759	G	C	0	0	0	2	1	31	0.333333	6	1.06665e-06	TRUE	NA	NA	NA	NA	NA	NA
NC_045512.2	29759	G	A	0	0	0	3	2	29	0.5	6	1.01292e-06	TRUE	NA	NA	NA	NA	NA	NA
NC_045512.2	29760	T	C	31431	26336	37	3	3	37	9.54381e-05	31434	1	FALSE	NA	NA	NA	NA	NA	NA
NC_045512.2	29761	A	T	31923	26820	37	6	5	31	0.000187864	31938	0.999996	FALSE	NA	NA	NA	NA	NA	NA
NC_045512.2	29761	A	G	31923	26820	37	7	6	35	0.000219175	31938	0.999988	FALSE	NA	NA	NA	NA	NA	NA
NC_045512.2	29761	A	C	31923	26820	37	2	0	25	6.26213e-05	31938	1	FALSE	NA	NA	NA	NA	NA	NA
NC_045512.2	29762	C	T	31976	26798	37	3	1	37	9.38028e-05	31982	1	FALSE	NA	NA	NA	NA	NA	NA
NC_045512.2	29762	C	A	31976	26798	37	3	3	37	9.38028e-05	31982	1	FALSE	NA	NA	NA	NA	NA	NA
NC_045512.2	29763	A	G	31064	25953	37	7	7	37	0.000225254	31076	0.999988	FALSE	NA	NA	NA	NA	NA	NA
NC_045512.2	29763	A	C	31064	25953	37	5	4	29	0.000160896	31076	1	FALSE	NA	NA	NA	NA	NA	NA
NC_045512.2	29764	G	A	31438	26308	37	7	6	40	0.000222611	31445	0.171868	FALSE	NA	NA	NA	NA	NA	NA
NC_045512.2	29765	T	G	31243	26202	37	5	3	25	0.00015998	31254	1	FALSE	NA	NA	NA	NA	NA	NA
NC_045512.2	29765	T	C	31243	26202	37	5	4	32	0.00015998	31254	0.999999	FALSE	NA	NA	NA	NA	NA	NA
NC_045512.2	29765	T	A	31243	26202	37	1	1	25	3.19959e-05	31254	1	FALSE	NA	NA	NA	NA	NA	NA
NC_045512.2	29766	G	T	31594	26451	37	1	1	25	3.16486e-05	31597	1	FALSE	NA	NA	NA	NA	NA	NA
NC_045512.2	29766	G	A	31594	26451	37	2	2	37	6.32971e-05	31597	1	FALSE	NA	NA	NA	NA	NA	NA
NC_045512.2	29767	A	T	31964	26843	37	1	1	37	3.12793e-05	31970	1	FALSE	NA	NA	NA	NA	NA	NA
NC_045512.2	29767	A	G	31964	26843	37	5	3	37	0.000156397	31970	0.999999	FALSE	NA	NA	NA	NA	NA	NA
NC_045512.2	29768	A	T	31813	26833	37	2	2	31	6.28476e-05	31823	1	FALSE	NA	NA	NA	NA	NA	NA
NC_045512.2	29768	A	G	31813	26833	37	6	6	35	0.000188543	31823	0.999996	FALSE	NA	NA	NA	NA	NA	NA
NC_045512.2	29768	A	C	31813	26833	37	2	0	25	6.28476e-05	31823	1	FALSE	NA	NA	NA	NA	NA	NA
NC_045512.2	29769	C	T	31743	26649	37	16	13	37	0.000503699	31765	0.990696	FALSE	NA	NA	NA	NA	NA	NA
NC_045512.2	29769	C	A	31743	26649	37	6	4	33	0.000188887	31765	0.999996	FALSE	NA	NA	NA	NA	NA	NA
NC_045512.2	29770	A	T	31030	25952	37	1	1	25	3.22175e-05	31039	1	FALSE	NA	NA	NA	NA	NA	NA
NC_045512.2	29770	A	G	31030	25952	37	2	2	31	6.44351e-05	31039	1	FALSE	NA	NA	NA	NA	NA	NA
NC_045512.2	29770	A	C	31030	25952	37	6	3	27	0.000193305	31039	1	FALSE	NA	NA	NA	NA	NA	NA
NC_045512.2	29771	A	T	30696	25706	37	3	2	33	9.76817e-05	30712	1	FALSE	NA	NA	NA	NA	NA	NA
NC_045512.2	29771	A	G	30696	25706	37	3	2	33	9.76817e-05	30712	1	FALSE	NA	NA	NA	NA	NA	NA
NC_045512.2	29771	A	C	30696	25706	37	10	10	27	0.000325606	30712	1	FALSE	NA	NA	NA	NA	NA	NA
NC_045512.2	29772	T	G	32031	27033	37	4	1	25	0.00012486	32036	1	FALSE	NA	NA	NA	NA	NA	NA
NC_045512.2	29772	T	C	32031	27033	37	1	0	37	3.12149e-05	32036	1	FALSE	NA	NA	NA	NA	NA	NA
NC_045512.2	29773	G	T	31898	26822	37	2	2	31	6.26881e-05	31904	1	FALSE	NA	NA	NA	NA	NA	NA
NC_045512.2	29773	G	A	31898	26822	37	4	3	37	0.000125376	31904	1	FALSE	NA	NA	NA	NA	NA	NA
NC_045512.2	29774	C	T	23820	20035	37	7917	6728	37	0.249433	31740	0	TRUE	NA	NA	NA	NA	NA	NA
NC_045512.2	29774	C	A	23820	20035	37	3	1	29	9.4518e-05	31740	1	FALSE	NA	NA	NA	NA	NA	NA
NC_045512.2	29774	C	-T	23820	20035	37	1	0	20	3.1506e-05	31740	1	FALSE	NA	NA	NA	NA	NA	NA
NC_045512.2	29775	T	G	31363	26359	37	3	1	33	9.56358e-05	31369	1	FALSE	NA	NA	NA	NA	NA	NA
NC_045512.2	29775	T	C	31363	26359	37	2	1	37	6.37572e-05	31369	1	FALSE	NA	NA	NA	NA	NA	NA
NC_045512.2	29775	T	A	31363	26359	37	1	1	37	3.18786e-05	31369	1	FALSE	NA	NA	NA	NA	NA	NA
NC_045512.2	29776	A	G	31795	26817	37	2	2	31	6.28911e-05	31801	1	FALSE	NA	NA	NA	NA	NA	NA
NC_045512.2	29776	A	C	31795	26817	37	4	0	29	0.000125782	31801	1	FALSE	NA	NA	NA	NA	NA	NA
NC_045512.2	29777	G	T	31840	26748	37	4	3	37	0.000125604	31846	1	FALSE	NA	NA	NA	NA	NA	NA
NC_045512.2	29777	G	A	31840	26748	37	2	2	29	6.28022e-05	31846	1	FALSE	NA	NA	NA	NA	NA	NA
NC_045512.2	29778	G	T	31432	26394	37	2	1	31	6.36233e-05	31435	1	FALSE	NA	NA	NA	NA	NA	NA
NC_045512.2	29778	G	A	31432	26394	37	1	0	37	3.18117e-05	31435	1	FALSE	NA	NA	NA	NA	NA	NA
NC_045512.2	29779	G	A	31908	26831	37	1	1	37	3.13391e-05	31909	1	FALSE	NA	NA	NA	NA	NA	NA
NC_045512.2	29780	A	T	31977	26938	37	1	1	25	3.12666e-05	31983	1	FALSE	NA	NA	NA	NA	NA	NA
NC_045512.2	29780	A	G	31977	26938	37	3	3	33	9.37998e-05	31983	1	FALSE	NA	NA	NA	NA	NA	NA
NC_045512.2	29780	A	C	31977	26938	37	2	0	25	6.25332e-05	31983	1	FALSE	NA	NA	NA	NA	NA	NA
NC_045512.2	29781	G	T	31879	26782	37	1	1	37	3.13666e-05	31881	1	FALSE	NA	NA	NA	NA	NA	NA
NC_045512.2	29781	G	C	31879	26782	37	1	1	37	3.13666e-05	31881	1	FALSE	NA	NA	NA	NA	NA	NA
NC_045512.2	29782	A	T	31840	26898	37	2	1	49	6.27924e-05	31851	0.812431	FALSE	NA	NA	NA	NA	NA	NA
NC_045512.2	29782	A	G	31840	26898	37	8	8	35	0.00025117	31851	0.999965	FALSE	NA	NA	NA	NA	NA	NA
NC_045512.2	29782	A	C	31840	26898	37	1	0	37	3.13962e-05	31851	1	FALSE	NA	NA	NA	NA	NA	NA
NC_045512.2	29783	G	T	31700	26631	37	2	2	31	6.29921e-05	31750	1	FALSE	NA	NA	NA	NA	NA	NA
NC_045512.2	29783	G	C	31700	26631	37	1	0	37	3.14961e-05	31750	1	FALSE	NA	NA	NA	NA	NA	NA
NC_045512.2	29783	G	A	31700	26631	37	47	42	36	0.00148031	31750	0.0442674	FALSE	NA	NA	NA	NA	NA	NA
NC_045512.2	29784	C	T	31864	26856	37	39	35	37	0.00122238	31905	0.201315	FALSE	NA	NA	NA	NA	NA	NA
NC_045512.2	29784	C	A	31864	26856	37	2	2	31	6.26861e-05	31905	1	FALSE	NA	NA	NA	NA	NA	NA
NC_045512.2	29785	T	G	31593	26602	37	3	3	29	9.49247e-05	31604	1	FALSE	NA	NA	NA	NA	NA	NA
NC_045512.2	29785	T	C	31593	26602	37	7	7	31	0.000221491	31604	0.999988	FALSE	NA	NA	NA	NA	NA	NA
NC_045512.2	29785	T	A	31593	26602	37	1	1	25	3.16416e-05	31604	1	FALSE	NA	NA	NA	NA	NA	NA
NC_045512.2	29786	G	T	31869	26815	37	2	1	31	6.27294e-05	31883	1	FALSE	NA	NA	NA	NA	NA	NA
NC_045512.2	29786	G	A	31869	26815	37	12	11	37	0.000376376	31883	0.999046	FALSE	NA	NA	NA	NA	NA	NA
NC_045512.2	29787	C	T	31453	26444	37	21	20	36	0.000667196	31475	0.936905	FALSE	NA	NA	NA	NA	NA	NA
NC_045512.2	29787	C	A	31453	26444	37	1	1	37	3.17712e-05	31475	1	FALSE	NA	NA	NA	NA	NA	NA
NC_045512.2	29788	C	T	31529	26564	37	5	3	34	0.000158549	31536	0.999999	FALSE	NA	NA	NA	NA	NA	NA
NC_045512.2	29788	C	A	31529	26564	37	2	2	37	6.34196e-05	31536	1	FALSE	NA	NA	NA	NA	NA	NA
NC_045512.2	29789	T	G	31090	26120	37	1	1	25	3.21533e-05	31101	1	FALSE	NA	NA	NA	NA	NA	NA
NC_045512.2	29789	T	C	31090	26120	37	4	4	34	0.000128613	31101	1	FALSE	NA	NA	NA	NA	NA	NA
NC_045512.2	29789	T	A	31090	26120	37	6	5	37	0.00019292	31101	0.999996	FALSE	NA	NA	NA	NA	NA	NA
NC_045512.2	29790	A	T	30954	26011	37	2	2	31	6.45995e-05	30960	1	FALSE	NA	NA	NA	NA	NA	NA
NC_045512.2	29790	A	G	30954	26011	37	3	3	37	9.68992e-05	30960	1	FALSE	NA	NA	NA	NA	NA	NA
NC_045512.2	29790	A	C	30954	26011	37	1	0	25	3.22997e-05	30960	1	FALSE	NA	NA	NA	NA	NA	NA
NC_045512.2	29791	T	G	30895	25955	37	2	2	31	6.47228e-05	30901	1	FALSE	NA	NA	NA	NA	NA	NA
NC_045512.2	29791	T	C	30895	25955	37	3	3	37	9.70842e-05	30901	1	FALSE	NA	NA	NA	NA	NA	NA
NC_045512.2	29791	T	A	30895	25955	37	1	0	37	3.23614e-05	30901	1	FALSE	NA	NA	NA	NA	NA	NA
NC_045512.2	29792	A	G	30004	25102	37	3	3	37	9.99534e-05	30014	1	FALSE	NA	NA	NA	NA	NA	NA
NC_045512.2	29792	A	C	30004	25102	37	7	6	30	0.000233224	30014	0.999979	FALSE	NA	NA	NA	NA	NA	NA
NC_045512.2	29793	T	G	30537	25590	37	2	2	37	6.54857e-05	30541	1	FALSE	NA	NA	NA	NA	NA	NA
NC_045512.2	29793	T	C	30537	25590	37	2	2	37	6.54857e-05	30541	1	FALSE	NA	NA	NA	NA	NA	NA
NC_045512.2	29794	G	T	30229	25310	37	1	1	25	3.30775e-05	30232	1	FALSE	NA	NA	NA	NA	NA	NA
NC_045512.2	29794	G	A	30229	25310	37	2	2	37	6.61551e-05	30232	1	FALSE	NA	NA	NA	NA	NA	NA
NC_045512.2	29795	G	T	29083	24242	37	1	0	25	3.43784e-05	29088	1	FALSE	NA	NA	NA	NA	NA	NA
NC_045512.2	29795	G	C	29083	24242	37	1	1	37	3.43784e-05	29088	1	FALSE	NA	NA	NA	NA	NA	NA
NC_045512.2	29795	G	A	29083	24242	37	3	3	37	0.000103135	29088	1	FALSE	NA	NA	NA	NA	NA	NA
NC_045512.2	29796	A	T	28954	24093	37	6	6	35	0.000207104	28971	0.999981	FALSE	NA	NA	NA	NA	NA	NA
NC_045512.2	29796	A	G	28954	24093	37	11	9	34	0.00037969	28971	0.998313	FALSE	NA	NA	NA	NA	NA	NA
NC_045512.2	29797	A	T	28356	23611	37	1	1	37	3.52522e-05	28367	1	FALSE	NA	NA	NA	NA	NA	NA
NC_045512.2	29797	A	G	28356	23611	37	7	6	33	0.000246766	28367	0.999942	FALSE	NA	NA	NA	NA	NA	NA
NC_045512.2	29797	A	C	28356	23611	37	3	0	29	0.000105757	28367	1	FALSE	NA	NA	NA	NA	NA	NA
NC_045512.2	29798	G	T	27783	22978	37	3	2	33	0.000107956	27789	1	FALSE	NA	NA	NA	NA	NA	NA
NC_045512.2	29798	G	A	27783	22978	37	3	2	37	0.000107956	27789	1	FALSE	NA	NA	NA	NA	NA	NA
NC_045512.2	29799	A	T	25521	20951	37	1	1	37	3.91819e-05	25522	1	FALSE	NA	NA	NA	NA	NA	NA
NC_045512.2	29800	G	T	25407	20757	37	1	0	37	3.93468e-05	25415	1	FALSE	NA	NA	NA	NA	NA	NA
NC_045512.2	29800	G	A	25407	20757	37	7	6	37	0.000275428	25415	0.999733	FALSE	NA	NA	NA	NA	NA	NA
NC_045512.2	29801	C	T	25740	21143	37	21	19	36	0.000815186	25761	0.769445	FALSE	NA	NA	NA	NA	NA	NA
NC_045512.2	29802	C	T	25635	21119	37	1	1	37	3.9e-05	25641	1	FALSE	NA	NA	NA	NA	NA	NA
NC_045512.2	29802	C	A	25635	21119	37	5	4	37	0.000195	25641	0.99997	FALSE	NA	NA	NA	NA	NA	NA
NC_045512.2	29803	C	T	25515	21030	37	3	3	37	0.000117527	25526	0.999998	FALSE	NA	NA	NA	NA	NA	NA
NC_045512.2	29803	C	A	25515	21030	37	8	6	37	0.000313406	25526	0.999342	FALSE	NA	NA	NA	NA	NA	NA
NC_045512.2	29803	C	-T	25515	21030	37	1	0	20	3.91757e-05	25526	1	FALSE	NA	NA	NA	NA	NA	NA
NC_045512.2	29804	T	G	24047	19874	37	4	1	28	0.000166203	24067	1	FALSE	NA	NA	NA	NA	NA	NA
NC_045512.2	29804	T	C	24047	19874	37	13	0	37	0.000540159	24067	0.976477	FALSE	NA	NA	NA	NA	NA	NA
NC_045512.2	29804	T	A	24047	19874	37	3	0	37	0.000124652	24067	0.999997	FALSE	NA	NA	NA	NA	NA	NA
NC_045512.2	29804	T	-A	24047	19874	37	1	0	20	4.15489e-05	24068	1	FALSE	NA	NA	NA	NA	NA	NA
NC_045512.2	29805	A	T	22903	20192	36	2	2	25	8.72829e-05	22914	1	FALSE	NA	NA	NA	NA	NA	NA
NC_045512.2	29805	A	G	22903	20192	36	3	3	37	0.000130924	22914	0.99999	FALSE	NA	NA	NA	NA	NA	NA
NC_045512.2	29805	A	C	22903	20192	36	6	0	31	0.000261849	22914	0.999545	FALSE	NA	NA	NA	NA	NA	NA
NC_045512.2	29806	A	T	22392	19662	36	3	2	33	0.000133941	22398	0.99999	FALSE	NA	NA	NA	NA	NA	NA
NC_045512.2	29806	A	G	22392	19662	36	1	1	37	4.46468e-05	22398	1	FALSE	NA	NA	NA	NA	NA	NA
NC_045512.2	29806	A	C	22392	19662	36	2	1	25	8.92937e-05	22398	1	FALSE	NA	NA	NA	NA	NA	NA
NC_045512.2	29807	T	G	22145	19476	37	5	1	27	0.000225723	22151	1	FALSE	NA	NA	NA	NA	NA	NA
NC_045512.2	29807	T	C	22145	19476	37	1	1	25	4.51447e-05	22151	1	FALSE	NA	NA	NA	NA	NA	NA
NC_045512.2	29808	G	A	20848	17960	37	13	13	37	0.000623172	20861	0.918726	FALSE	NA	NA	NA	NA	NA	NA
NC_045512.2	29809	T	G	12855	10181	37	2	0	31	0.000155557	12857	0.999087	FALSE	NA	NA	NA	NA	NA	NA
NC_045512.2	29810	G	T	12921	10142	37	1	1	37	7.73754e-05	12924	0.999878	FALSE	NA	NA	NA	NA	NA	NA
NC_045512.2	29810	G	A	12921	10142	37	2	1	37	0.000154751	12924	0.999087	FALSE	NA	NA	NA	NA	NA	NA
NC_045512.2	29811	T	C	13006	10240	37	2	1	37	0.000153752	13008	0.999513	FALSE	NA	NA	NA	NA	NA	NA
NC_045512.2	29812	A	G	12749	10093	37	2	1	37	0.00015685	12751	0.999087	FALSE	NA	NA	NA	NA	NA	NA
NC_045512.2	29813	A	G	12723	10127	37	2	2	37	0.000157159	12726	0.999087	FALSE	NA	NA	NA	NA	NA	NA
NC_045512.2	29813	A	C	12723	10127	37	1	0	25	7.85793e-05	12726	1	FALSE	NA	NA	NA	NA	NA	NA
NC_045512.2	29814	A	G	12607	10024	37	3	3	37	0.000237888	12611	0.996316	FALSE	NA	NA	NA	NA	NA	NA
NC_045512.2	29814	A	C	12607	10024	37	1	0	25	7.92959e-05	12611	1	FALSE	NA	NA	NA	NA	NA	NA
NC_045512.2	29815	A	T	11560	9858	37	2	1	37	0.000172965	11563	0.998295	FALSE	NA	NA	NA	NA	NA	NA
NC_045512.2	29815	A	G	11560	9858	37	1	1	37	8.64827e-05	11563	0.999756	FALSE	NA	NA	NA	NA	NA	NA
NC_045512.2	29816	T	G	11319	9692	37	2	0	25	0.000176647	11322	1	FALSE	NA	NA	NA	NA	NA	NA
NC_045512.2	29816	T	A	11319	9692	37	1	1	37	8.83236e-05	11322	0.999756	FALSE	NA	NA	NA	NA	NA	NA
NC_045512.2	29817	T	G	10494	9298	37	1	0	37	9.52562e-05	10498	0.999512	FALSE	NA	NA	NA	NA	NA	NA
NC_045512.2	29817	T	C	10494	9298	37	3	3	37	0.000285769	10498	0.988789	FALSE	NA	NA	NA	NA	NA	NA
NC_045512.2	29818	A	G	10497	9326	37	2	0	37	0.000190494	10499	0.996835	FALSE	NA	NA	NA	NA	NA	NA
NC_045512.2	29819	A	T	10249	9090	36	1	1	37	9.75134e-05	10255	0.999512	FALSE	NA	NA	NA	NA	NA	NA
NC_045512.2	29819	A	C	10249	9090	36	5	4	27	0.000487567	10255	1	FALSE	NA	NA	NA	NA	NA	NA
NC_045512.2	29819	A	-T	10249	9090	36	1	0	20	9.75134e-05	10255	1	FALSE	NA	NA	NA	NA	NA	NA
NC_045512.2	29820	T	G	10326	9245	36	3	0	37	0.000290388	10331	0.98878	FALSE	NA	NA	NA	NA	NA	NA
NC_045512.2	29820	T	C	10326	9245	36	2	2	37	0.000193592	10331	0.996829	FALSE	NA	NA	NA	NA	NA	NA
NC_045512.2	29821	T	G	10248	9216	36	1	0	37	9.7561e-05	10250	0.999513	FALSE	NA	NA	NA	NA	NA	NA
NC_045512.2	29821	T	C	10248	9216	36	1	1	37	9.7561e-05	10250	0.999513	FALSE	NA	NA	NA	NA	NA	NA
NC_045512.2	29822	T	C	9629	9273	36	1	1	25	0.000103842	9630	1	FALSE	NA	NA	NA	NA	NA	NA
NC_045512.2	29824	A	G	9642	9404	36	1	1	37	0.000103702	9643	0.999026	FALSE	NA	NA	NA	NA	NA	NA
NC_045512.2	29825	G	A	9562	9333	36	1	1	25	0.00010457	9563	1	FALSE	NA	NA	NA	NA	NA	NA
NC_045512.2	29826	T	G	9416	9188	36	2	2	31	0.000212269	9422	0.994143	FALSE	NA	NA	NA	NA	NA	NA
NC_045512.2	29826	T	C	9416	9188	36	2	2	37	0.000212269	9422	0.994143	FALSE	NA	NA	NA	NA	NA	NA
NC_045512.2	29826	T	A	9416	9188	36	2	2	37	0.000212269	9422	0.994143	FALSE	NA	NA	NA	NA	NA	NA
NC_045512.2	29829	T	G	8246	8072	35	2	2	25	0.000242454	8249	1	FALSE	NA	NA	NA	NA	NA	NA
NC_045512.2	29829	T	C	8246	8072	35	1	1	37	0.000121227	8249	0.99805	FALSE	NA	NA	NA	NA	NA	NA
NC_045512.2	29830	G	T	8731	8564	36	1	1	25	0.000114443	8738	1	FALSE	NA	NA	NA	NA	NA	NA
NC_045512.2	29830	G	A	8731	8564	36	6	6	33	0.000686656	8738	0.788119	FALSE	NA	NA	NA	NA	NA	NA
NC_045512.2	29831	C	T	8994	8833	36	1	1	37	0.000111161	8996	0.998051	FALSE	NA	NA	NA	NA	NA	NA
NC_045512.2	29831	C	A	8994	8833	36	1	1	37	0.000111161	8996	0.998051	FALSE	NA	NA	NA	NA	NA	NA
NC_045512.2	29832	T	C	7133	7045	34	4	3	37	0.000560381	7138	0.886809	FALSE	NA	NA	NA	NA	NA	NA
NC_045512.2	29832	T	A	7133	7045	34	1	1	37	0.000140095	7138	0.996095	FALSE	NA	NA	NA	NA	NA	NA
NC_045512.2	29833	A	C	7980	7919	35	1	1	25	0.000125298	7981	1	FALSE	NA	NA	NA	NA	NA	NA
NC_045512.2	29834	T	C	6853	6831	35	1	1	37	0.0001459	6854	0.992203	FALSE	NA	NA	NA	NA	NA	NA
NC_045512.2	29835	C	T	8099	8090	36	1	1	37	0.000123457	8100	0.998052	FALSE	NA	NA	NA	NA	NA	NA
NC_045512.2	29836	C	T	7882	7873	36	1	1	37	0.000126791	7887	0.996095	FALSE	NA	NA	NA	NA	NA	NA
NC_045512.2	29836	C	A	7882	7873	36	4	4	37	0.000507164	7887	0.886801	FALSE	NA	NA	NA	NA	NA	NA
